data/zism_data/00007_03_D.txt
ncols         224
nrows         224
[rows 180 to 209 of 224, columns 67 to 133 of 224]
1372.9 1372.952 1372.884 1372.817 1372.749 1372.623 1372.302 1371.982 1371.661 1371.34 1370.792 1370.143 1369.494 1368.845 1368.209 1367.637 1367.066 1366.494 1365.922 1365.245 1364.505 1363.764 1363.023 1362.285 1361.568 1360.852 1360.136 1359.419 1358.717 1358.025 1357.333 1356.641 1355.946 1354.993 1354.041 1353.089 1352.137 1351.432 1350.997 1350.562 1350.127 1349.692 1349.528 1349.381 1349.234 1349.087 1349.0 1349.0 1349.0 1349.0 1349.0 1349.0 1349.0 1349.0 1349.0 1349.0 1349.0 1349.0 1349.0 1349.0 1349.0 1349.0 1349.0 1349.0 1349.0 1349.0 1349.0
1373.51 1373.573 1373.516 1373.459 1373.402 1373.273 1372.904 1372.535 1372.165 1371.796 1371.217 1370.547 1369.877 1369.206 1368.542 1367.911 1367.28 1366.649 1366.018 1365.312 1364.561 1363.809 1363.057 1362.308 1361.581 1360.854 1360.127 1359.4 1358.686 1357.984 1357.281 1356.578 1355.872 1354.925 1353.979 1353.032 1352.085 1351.388 1350.964 1350.54 1350.115 1349.691 1349.528 1349.381 1349.234 1349.087 1349.0 1349.0 1349.0 1349.0 1349.0 1349.0 1349.0 1349.0 1349.0 1349.0 1349.0 1349.0 1349.0 1349.0 1349.0 1349.0 1349.0 1349.0 1349.0 1349.0 1349.0
1374.12 1374.193 1374.147 1374.101 1374.056 1373.923 1373.505 1373.088 1372.67 1372.252 1371.643 1370.951 1370.259 1369.567 1368.876 1368.185 1367.495 1366.805 1366.114 1365.379 1364.617 1363.854 1363.092 1362.332 1361.594 1360.856 1360.118 1359.38 1358.656 1357.942 1357.229 1356.516 1355.799 1354.857 1353.916 1352.974 1352.033 1351.344 1350.931 1350.517 1350.104 1349.691 1349.528 1349.381 1349.234 1349.087 1349.0 1349.0 1349.0 1349.0 1349.0 1349.0 1349.0 1349.0 1349.0 1349.0 1349.0 1349.0 1349.0 1349.0 1349.0 1349.0 1349.0 1349.0 1349.0 1349.0 1349.0
1374.73 1374.814 1374.779 1374.744 1374.709 1374.573 1374.107 1373.641 1373.174 1372.708 1372.069 1371.356 1370.642 1369.928 1369.209 1368.459 1367.71 1366.96 1366.21 1365.446 1364.673 1363.899 1363.126 1362.355 1361.607 1360.858 1360.109 1359.36 1358.625 1357.901 1357.177 1356.453 1355.725 1354.789 1353.853 1352.917 1351.981 1351.3 1350.898 1350.495 1350.093 1349.69 1349.528 1349.381 1349.234 1349.087 1349.0 1349.0 1349.0 1349.0 1349.0 1349.0 1349.0 1349.0 1349.0 1349.0 1349.0 1349.0 1349.0 1349.0 1349.0 1349.0 1349.0 1349.0 1349.0 1349.0 1349.0
1375.34 1375.435 1375.41 1375.385 1375.361 1375.222 1374.707 1374.192 1373.677 1373.162 1372.494 1371.759 1371.024 1370.289 1369.542 1368.733 1367.923 1367.114 1366.305 1365.511 1364.727 1363.943 1363.159 1362.377 1361.617 1360.857 1360.096 1359.336 1358.59 1357.855 1357.12 1356.385 1355.648 1354.718 1353.788 1352.857 1351.927 1351.255 1350.863 1350.472 1350.081 1349.689 1349.528 1349.381 1349.234 1349.087 1349.0 1349.0 1349.0 1349.0 1349.0 1349.0 1349.0 1349.0 1349.0 1349.0 1349.0 1349.0 1349.0 1349.0 1349.0 1349.0 1349.0 1349.0 1349.0 1349.0 1349.0
1375.972 1376.063 1376.028 1375.992 1375.957 1375.799 1375.235 1374.672 1374.108 1373.544 1372.85 1372.099 1371.348 1370.596 1369.825 1368.951 1368.077 1367.203 1366.329 1365.498 1364.692 1363.886 1363.081 1362.274 1361.454 1360.635 1359.815 1358.995 1358.222 1357.488 1356.753 1356.018 1355.281 1354.394 1353.507 1352.62 1351.733 1351.101 1350.748 1350.394 1350.041 1349.687 1349.528 1349.381 1349.234 1349.087 1349.0 1349.0 1349.0 1349.0 1349.0 1349.0 1349.0 1349.0 1349.0 1349.0 1349.0 1349.0 1349.0 1349.0 1349.0 1349.0 1349.0 1349.0 1349.0 1349.0 1349.0
1376.604 1376.692 1376.646 1376.599 1376.553 1376.376 1375.763 1375.151 1374.539 1373.927 1373.206 1372.439 1371.671 1370.904 1370.109 1369.17 1368.231 1367.293 1366.354 1365.484 1364.657 1363.83 1363.003 1362.171 1361.292 1360.413 1359.534 1358.655 1357.855 1357.12 1356.385 1355.651 1354.914 1354.071 1353.227 1352.383 1351.539 1350.948 1350.632 1350.317 1350.001 1349.685 1349.528 1349.381 1349.234 1349.087 1349.0 1349.0 1349.0 1349.0 1349.0 1349.0 1349.0 1349.0 1349.0 1349.0 1349.0 1349.0 1349.0 1349.0 1349.0 1349.0 1349.0 1349.0 1349.0 1349.0 1349.0
1377.236 1377.32 1377.263 1377.206 1377.149 1376.952 1376.291 1375.63 1374.97 1374.309 1373.563 1372.779 1371.995 1371.211 1370.393 1369.389 1368.385 1367.382 1366.378 1365.471 1364.622 1363.773 1362.924 1362.068 1361.129 1360.191 1359.252 1358.314 1357.488 1356.753 1356.018 1355.283 1354.547 1353.747 1352.946 1352.146 1351.345 1350.795 1350.517 1350.239 1349.961 1349.683 1349.528 1349.381 1349.234 1349.087 1349.0 1349.0 1349.0 1349.0 1349.0 1349.0 1349.0 1349.0 1349.0 1349.0 1349.0 1349.0 1349.0 1349.0 1349.0 1349.0 1349.0 1349.0 1349.0 1349.0 1349.0
1377.867 1377.949 1377.881 1377.813 1377.745 1377.529 1376.819 1376.11 1375.4 1374.691 1373.919 1373.119 1372.319 1371.519 1370.676 1369.608 1368.539 1367.471 1366.403 1365.458 1364.587 1363.717 1362.846 1361.964 1360.967 1359.969 1358.971 1357.973 1357.12 1356.385 1355.651 1354.916 1354.181 1353.423 1352.666 1351.909 1351.151 1350.641 1350.401 1350.161 1349.921 1349.681 1349.528 1349.381 1349.234 1349.087 1349.0 1349.0 1349.0 1349.0 1349.0 1349.0 1349.0 1349.0 1349.0 1349.0 1349.0 1349.0 1349.0 1349.0 1349.0 1349.0 1349.0 1349.0 1349.0 1349.0 1349.0
1378.232 1378.312 1378.239 1378.165 1378.092 1377.863 1377.12 1376.378 1375.635 1374.893 1374.104 1373.296 1372.488 1371.679 1370.824 1369.722 1368.62 1367.518 1366.415 1365.451 1364.569 1363.687 1362.805 1361.911 1360.882 1359.853 1358.824 1357.795 1356.916 1356.158 1355.4 1354.642 1353.884 1353.165 1352.446 1351.726 1351.007 1350.53 1350.317 1350.104 1349.892 1349.679 1349.528 1349.381 1349.234 1349.087 1349.0 1349.0 1349.0 1349.0 1349.0 1349.0 1349.0 1349.0 1349.0 1349.0 1349.0 1349.0 1349.0 1349.0 1349.0 1349.0 1349.0 1349.0 1349.0 1349.0 1349.0
1378.304 1378.386 1378.312 1378.239 1378.165 1377.933 1377.174 1376.415 1375.656 1374.898 1374.104 1373.296 1372.488 1371.679 1370.824 1369.722 1368.62 1367.518 1366.415 1365.451 1364.569 1363.687 1362.805 1361.911 1360.882 1359.853 1358.824 1357.795 1356.889 1356.082 1355.276 1354.469 1353.664 1352.977 1352.29 1351.603 1350.917 1350.464 1350.268 1350.071 1349.875 1349.678 1349.528 1349.381 1349.234 1349.087 1349.0 1349.0 1349.0 1349.0 1349.0 1349.0 1349.0 1349.0 1349.0 1349.0 1349.0 1349.0 1349.0 1349.0 1349.0 1349.0 1349.0 1349.0 1349.0 1349.0 1349.0
1378.376 1378.459 1378.386 1378.312 1378.239 1378.002 1377.227 1376.453 1375.678 1374.903 1374.104 1373.296 1372.488 1371.679 1370.824 1369.722 1368.62 1367.518 1366.415 1365.451 1364.569 1363.687 1362.805 1361.911 1360.882 1359.853 1358.824 1357.795 1356.862 1356.007 1355.152 1354.297 1353.444 1352.79 1352.135 1351.481 1350.826 1350.398 1350.218 1350.038 1349.857 1349.677 1349.528 1349.381 1349.234 1349.087 1349.0 1349.0 1349.0 1349.0 1349.0 1349.0 1349.0 1349.0 1349.0 1349.0 1349.0 1349.0 1349.0 1349.0 1349.0 1349.0 1349.0 1349.0 1349.0 1349.0 1349.0
1378.448 1378.533 1378.459 1378.386 1378.312 1378.072 1377.281 1376.49 1375.699 1374.908 1374.104 1373.296 1372.488 1371.679 1370.824 1369.722 1368.62 1367.518 1366.415 1365.451 1364.569 1363.687 1362.805 1361.911 1360.882 1359.853 1358.824 1357.795 1356.835 1355.932 1355.028 1354.124 1353.224 1352.602 1351.98 1351.358 1350.736 1350.333 1350.168 1350.004 1349.84 1349.676 1349.528 1349.381 1349.234 1349.087 1349.0 1349.0 1349.0 1349.0 1349.0 1349.0 1349.0 1349.0 1349.0 1349.0 1349.0 1349.0 1349.0 1349.0 1349.0 1349.0 1349.0 1349.0 1349.0 1349.0 1349.0
1378.521 1378.606 1378.533 1378.459 1378.386 1378.142 1377.335 1376.527 1375.72 1374.912 1374.104 1373.296 1372.488 1371.679 1370.824 1369.722 1368.62 1367.518 1366.415 1365.451 1364.569 1363.687 1362.805 1361.911 1360.882 1359.853 1358.824 1357.795 1356.809 1355.856 1354.904 1353.951 1353.004 1352.415 1351.825 1351.235 1350.645 1350.267 1350.119 1349.971 1349.823 1349.675 1349.528 1349.381 1349.234 1349.087 1349.0 1349.0 1349.0 1349.0 1349.0 1349.0 1349.0 1349.0 1349.0 1349.0 1349.0 1349.0 1349.0 1349.0 1349.0 1349.0 1349.0 1349.0 1349.0 1349.0 1349.0
1377.955 1378.037 1377.969 1377.901 1377.832 1377.605 1376.853 1376.1 1375.348 1374.596 1373.819 1373.031 1372.243 1371.455 1370.624 1369.567 1368.511 1367.454 1366.398 1365.451 1364.569 1363.687 1362.805 1361.912 1360.898 1359.885 1358.871 1357.858 1356.902 1355.992 1355.083 1354.173 1353.268 1352.65 1352.031 1351.413 1350.794 1350.389 1350.217 1350.045 1349.872 1349.7 1349.547 1349.394 1349.242 1349.09 1349.0 1349.0 1349.0 1349.0 1349.0 1349.0 1349.0 1349.0 1349.0 1349.0 1349.0 1349.0 1349.0 1349.0 1349.0 1349.0 1349.0 1349.0 1349.0 1349.0 1349.0
1377.35 1377.429 1377.366 1377.303 1377.24 1377.031 1376.338 1375.645 1374.952 1374.259 1373.515 1372.749 1371.982 1371.216 1370.411 1369.403 1368.395 1367.388 1366.38 1365.451 1364.569 1363.687 1362.805 1361.913 1360.916 1359.919 1358.921 1357.924 1357.002 1356.141 1355.28 1354.419 1353.561 1352.911 1352.26 1351.609 1350.958 1350.523 1350.324 1350.125 1349.925 1349.726 1349.566 1349.408 1349.251 1349.094 1349.0 1349.0 1349.0 1349.0 1349.0 1349.0 1349.0 1349.0 1349.0 1349.0 1349.0 1349.0 1349.0 1349.0 1349.0 1349.0 1349.0 1349.0 1349.0 1349.0 1349.0
1376.745 1376.821 1376.763 1376.706 1376.648 1376.457 1375.823 1375.19 1374.556 1373.923 1373.212 1372.467 1371.722 1370.977 1370.198 1369.239 1368.28 1367.321 1366.361 1365.451 1364.569 1363.687 1362.805 1361.915 1360.934 1359.953 1358.971 1357.99 1357.102 1356.29 1355.478 1354.665 1353.855 1353.172 1352.489 1351.805 1351.122 1350.657 1350.431 1350.205 1349.978 1349.752 1349.585 1349.422 1349.26 1349.097 1349.0 1349.0 1349.0 1349.0 1349.0 1349.0 1349.0 1349.0 1349.0 1349.0 1349.0 1349.0 1349.0 1349.0 1349.0 1349.0 1349.0 1349.0 1349.0 1349.0 1349.0
1376.14 1376.213 1376.161 1376.108 1376.056 1375.883 1375.309 1374.734 1374.16 1373.586 1372.908 1372.185 1371.462 1370.739 1369.986 1369.075 1368.164 1367.254 1366.343 1365.451 1364.569 1363.687 1362.805 1361.916 1360.951 1359.986 1359.021 1358.057 1357.202 1356.439 1355.675 1354.911 1354.148 1353.433 1352.717 1352.002 1351.286 1350.792 1350.538 1350.285 1350.031 1349.778 1349.605 1349.436 1349.268 1349.1 1349.0 1349.0 1349.0 1349.0 1349.0 1349.0 1349.0 1349.0 1349.0 1349.0 1349.0 1349.0 1349.0 1349.0 1349.0 1349.0 1349.0 1349.0 1349.0 1349.0 1349.0
1375.553 1375.621 1375.57 1375.519 1375.467 1375.304 1374.767 1374.23 1373.694 1373.157 1372.512 1371.819 1371.126 1370.433 1369.712 1368.844 1367.975 1367.106 1366.238 1365.369 1364.501 1363.632 1362.763 1361.89 1360.96 1360.031 1359.102 1358.173 1357.359 1356.637 1355.915 1355.194 1354.472 1353.717 1352.963 1352.208 1351.453 1350.927 1350.648 1350.37 1350.092 1349.814 1349.632 1349.456 1349.28 1349.104 1349.0 1349.0 1349.0 1349.0 1349.0 1349.0 1349.0 1349.0 1349.0 1349.0 1349.0 1349.0 1349.0 1349.0 1349.0 1349.0 1349.0 1349.0 1349.0 1349.0 1349.0
1374.991 1375.053 1374.997 1374.94 1374.884 1374.717 1374.186 1373.655 1373.123 1372.592 1371.978 1371.329 1370.679 1370.029 1369.35 1368.514 1367.678 1366.841 1366.005 1365.169 1364.333 1363.497 1362.66 1361.822 1360.957 1360.093 1359.229 1358.365 1357.597 1356.908 1356.218 1355.529 1354.838 1354.035 1353.232 1352.429 1351.626 1351.063 1350.763 1350.464 1350.164 1349.864 1349.671 1349.484 1349.297 1349.111 1349.0 1349.0 1349.0 1349.0 1349.0 1349.0 1349.0 1349.0 1349.0 1349.0 1349.0 1349.0 1349.0 1349.0 1349.0 1349.0 1349.0 1349.0 1349.0 1349.0 1349.0
1374.429 1374.486 1374.424 1374.362 1374.3 1374.13 1373.605 1373.079 1372.553 1372.027 1371.445 1370.839 1370.232 1369.626 1368.988 1368.184 1367.38 1366.576 1365.773 1364.969 1364.165 1363.361 1362.557 1361.754 1360.954 1360.155 1359.356 1358.556 1357.835 1357.178 1356.521 1355.865 1355.205 1354.353 1353.501 1352.65 1351.798 1351.2 1350.879 1350.557 1350.236 1349.914 1349.71 1349.512 1349.315 1349.117 1349.0 1349.0 1349.0 1349.0 1349.0 1349.0 1349.0 1349.0 1349.0 1349.0 1349.0 1349.0 1349.0 1349.0 1349.0 1349.0 1349.0 1349.0 1349.0 1349.0 1349.0
1373.867 1373.918 1373.851 1373.784 1373.716 1373.544 1373.023 1372.503 1371.982 1371.462 1370.912 1370.349 1369.785 1369.222 1368.626 1367.854 1367.083 1366.311 1365.54 1364.768 1363.997 1363.226 1362.454 1361.686 1360.951 1360.217 1359.482 1358.747 1358.073 1357.449 1356.825 1356.2 1355.572 1354.671 1353.771 1352.871 1351.97 1351.337 1350.994 1350.651 1350.307 1349.964 1349.748 1349.54 1349.332 1349.124 1349.0 1349.0 1349.0 1349.0 1349.0 1349.0 1349.0 1349.0 1349.0 1349.0 1349.0 1349.0 1349.0 1349.0 1349.0 1349.0 1349.0 1349.0 1349.0 1349.0 1349.0
1373.304 1373.351 1373.278 1373.205 1373.133 1372.957 1372.442 1371.927 1371.412 1370.897 1370.378 1369.858 1369.338 1368.818 1368.263 1367.524 1366.785 1366.046 1365.307 1364.568 1363.829 1363.09 1362.351 1361.618 1360.948 1360.278 1359.609 1358.939 1358.312 1357.72 1357.128 1356.536 1355.938 1354.989 1354.041 1353.092 1352.143 1351.473 1351.109 1350.744 1350.379 1350.015 1349.787 1349.568 1349.349 1349.13 1349.0 1349.0 1349.0 1349.0 1349.0 1349.0 1349.0 1349.0 1349.0 1349.0 1349.0 1349.0 1349.0 1349.0 1349.0 1349.0 1349.0 1349.0 1349.0 1349.0 1349.0
1372.764 1372.834 1372.793 1372.752 1372.712 1372.561 1372.047 1371.533 1371.018 1370.504 1369.989 1369.475 1368.961 1368.446 1367.897 1367.162 1366.427 1365.692 1364.957 1364.24 1363.534 1362.827 1362.12 1361.418 1360.756 1360.095 1359.433 1358.772 1358.136 1357.52 1356.904 1356.288 1355.667 1354.754 1353.841 1352.928 1352.015 1351.372 1351.024 1350.675 1350.326 1349.978 1349.759 1349.547 1349.336 1349.125 1349.0 1349.0 1349.0 1349.0 1349.0 1349.0 1349.0 1349.0 1349.0 1349.0 1349.0 1349.0 1349.0 1349.0 1349.0 1349.0 1349.0 1349.0 1349.0 1349.0 1349.0
1372.226 1372.324 1372.321 1372.318 1372.315 1372.194 1371.679 1371.165 1370.651 1370.136 1369.622 1369.108 1368.593 1368.079 1367.529 1366.794 1366.06 1365.325 1364.59 1363.893 1363.219 1362.544 1361.87 1361.197 1360.536 1359.874 1359.213 1358.552 1357.897 1357.249 1356.601 1355.952 1355.301 1354.436 1353.572 1352.707 1351.843 1351.236 1350.909 1350.581 1350.254 1349.927 1349.72 1349.52 1349.319 1349.119 1349.0 1349.0 1349.0 1349.0 1349.0 1349.0 1349.0 1349.0 1349.0 1349.0 1349.0 1349.0 1349.0 1349.0 1349.0 1349.0 1349.0 1349.0 1349.0 1349.0 1349.0
1371.688 1371.814 1371.849 1371.884 1371.919 1371.826 1371.312 1370.798 1370.283 1369.769 1369.255 1368.74 1368.226 1367.711 1367.162 1366.427 1365.692 1364.957 1364.223 1363.546 1362.904 1362.262 1361.62 1360.977 1360.315 1359.654 1358.993 1358.331 1357.659 1356.978 1356.297 1355.617 1354.934 1354.118 1353.302 1352.486 1351.671 1351.099 1350.793 1350.488 1350.183 1349.877 1349.681 1349.491 1349.302 1349.113 1349.0 1349.0 1349.0 1349.0 1349.0 1349.0 1349.0 1349.0 1349.0 1349.0 1349.0 1349.0 1349.0 1349.0 1349.0 1349.0 1349.0 1349.0 1349.0 1349.0 1349.0
1371.151 1371.304 1371.377 1371.45 1371.522 1371.459 1370.945 1370.43 1369.916 1369.402 1368.887 1368.373 1367.858 1367.344 1366.794 1366.06 1365.325 1364.59 1363.855 1363.198 1362.589 1361.98 1361.37 1360.756 1360.095 1359.433 1358.772 1358.111 1357.421 1356.708 1355.994 1355.281 1354.567 1353.8 1353.033 1352.266 1351.498 1350.962 1350.678 1350.395 1350.111 1349.827 1349.642 1349.464 1349.285 1349.106 1349.0 1349.0 1349.0 1349.0 1349.0 1349.0 1349.0 1349.0 1349.0 1349.0 1349.0 1349.0 1349.0 1349.0 1349.0 1349.0 1349.0 1349.0 1349.0 1349.0 1349.0
1370.655 1370.816 1370.901 1370.986 1371.072 1371.022 1370.524 1370.026 1369.527 1369.029 1368.52 1368.005 1367.491 1366.977 1366.428 1365.698 1364.969 1364.24 1363.51 1362.869 1362.281 1361.693 1361.105 1360.511 1359.844 1359.177 1358.51 1357.844 1357.14 1356.405 1355.67 1354.935 1354.2 1353.48 1352.76 1352.039 1351.319 1350.819 1350.561 1350.302 1350.043 1349.785 1349.61 1349.44 1349.271 1349.101 1349.0 1349.0 1349.0 1349.0 1349.0 1349.0 1349.0 1349.0 1349.0 1349.0 1349.0 1349.0 1349.0 1349.0 1349.0 1349.0 1349.0 1349.0 1349.0 1349.0 1349.0
1370.241 1370.37 1370.418 1370.465 1370.513 1370.445 1369.996 1369.546 1369.097 1368.647 1368.152 1367.638 1367.124 1366.609 1366.063 1365.35 1364.637 1363.923 1363.21 1362.575 1361.987 1361.399 1360.812 1360.215 1359.532 1358.849 1358.167 1357.484 1356.772 1356.037 1355.302 1354.568 1353.834 1353.156 1352.479 1351.802 1351.125 1350.663 1350.437 1350.211 1349.984 1349.758 1349.59 1349.426 1349.262 1349.098 1349.0 1349.0 1349.0 1349.0 1349.0 1349.0 1349.0 1349.0 1349.0 1349.0 1349.0 1349.0 1349.0 1349.0 1349.0 1349.0 1349.0 1349.0 1349.0 1349.0 1349.0
1369.827 1369.925 1369.935 1369.944 1369.954 1369.869 1369.468 1369.067 1368.666 1368.265 1367.785 1367.271 1366.756 1366.242 1365.698 1365.001 1364.304 1363.607 1362.91 1362.281 1361.693 1361.105 1360.518 1359.92 1359.221 1358.522 1357.823 1357.123 1356.405 1355.67 1354.935 1354.2 1353.467 1352.833 1352.199 1351.565 1350.931 1350.507 1350.313 1350.12 1349.926 1349.732 1349.571 1349.412 1349.253 1349.094 1349.0 1349.0 1349.0 1349.0 1349.0 1349.0 1349.0 1349.0 1349.0 1349.0 1349.0 1349.0 1349.0 1349.0 1349.0 1349.0 1349.0 1349.0 1349.0 1349.0 1349.0
