data/zism_data/00009_03_D.txt
ncols         224
nrows         224
[rows 196 to 223 of 224, columns 63 to 125 of 224]
3746.658 3749.748 3752.839 3756.181 3759.921 3763.66 3767.4 3771.139 3774.008 3776.747 3779.486 3782.224 3783.776 3783.147 3782.519 3781.89 3781.261 3778.801 3775.977 3773.154 3770.33 3767.174 3763.301 3759.427 3755.554 3751.68 3746.728 3741.503 3736.278 3731.053 3725.703 3720.029 3714.355 3708.681 3703.008 3699.255 3696.099 3692.944 3689.789 3686.716 3683.897 3681.079 3678.26 3675.441 3672.54 3669.607 3666.674 3663.741 3660.742 3657.491 3654.239 3650.988 3647.736 3645.599 3643.96 3642.321 3640.682 3638.787 3635.664 3632.542 3629.419 3626.296 3625.303
3747.373 3750.762 3754.151 3757.825 3761.95 3766.074 3770.198 3774.323 3777.666 3780.893 3784.12 3787.346 3789.239 3788.681 3788.122 3787.564 3787.006 3784.259 3781.077 3777.896 3774.715 3771.204 3766.984 3762.763 3758.543 3754.322 3749.01 3743.422 3737.834 3732.246 3726.524 3720.46 3714.396 3708.332 3702.268 3698.414 3695.248 3692.082 3688.916 3685.807 3682.874 3679.941 3677.009 3674.076 3671.124 3668.164 3665.204 3662.244 3659.195 3655.808 3652.421 3649.034 3645.647 3643.187 3641.141 3639.096 3637.05 3634.765 3631.334 3627.902 3624.47 3621.039 3619.885
3747.625 3751.288 3754.95 3758.874 3763.207 3767.541 3771.874 3776.207 3779.855 3783.4 3786.945 3790.491 3792.651 3792.266 3791.882 3791.498 3791.113 3788.305 3785.017 3781.729 3778.44 3774.783 3770.33 3765.877 3761.424 3756.971 3751.348 3745.429 3739.511 3733.593 3727.554 3721.208 3714.861 3708.514 3702.168 3698.232 3695.046 3691.86 3688.675 3685.55 3682.614 3679.677 3676.741 3673.804 3670.831 3667.844 3664.857 3661.87 3658.771 3655.244 3651.717 3648.19 3644.663 3641.855 3639.37 3636.885 3634.4 3631.704 3627.996 3624.288 3620.581 3616.873 3615.545
3747.198 3751.099 3755.0 3759.051 3763.335 3767.62 3771.905 3776.189 3779.891 3783.507 3787.123 3790.739 3793.059 3793.0 3792.941 3792.882 3792.823 3790.286 3787.258 3784.23 3781.202 3777.702 3773.184 3768.666 3764.147 3759.629 3753.768 3747.568 3741.368 3735.167 3728.891 3722.42 3715.948 3709.477 3703.006 3699.015 3695.797 3692.579 3689.361 3686.25 3683.471 3680.691 3677.912 3675.133 3672.183 3669.169 3666.155 3663.141 3659.989 3656.316 3652.643 3648.969 3645.296 3642.106 3639.133 3636.16 3633.187 3630.048 3626.113 3622.177 3618.242 3614.306 3612.783
3746.771 3750.911 3755.051 3759.228 3763.463 3767.699 3771.935 3776.171 3779.928 3783.615 3787.301 3790.987 3793.468 3793.734 3794.0 3794.266 3794.532 3792.267 3789.499 3786.731 3783.963 3780.62 3776.037 3771.454 3766.871 3762.288 3756.188 3749.706 3743.224 3736.742 3730.228 3723.632 3717.036 3710.44 3703.844 3699.799 3696.548 3693.297 3690.047 3686.95 3684.328 3681.706 3679.084 3676.462 3673.535 3670.494 3667.453 3664.412 3661.208 3657.388 3653.569 3649.749 3645.929 3642.357 3638.896 3635.435 3631.974 3628.392 3624.229 3620.066 3615.903 3611.74 3610.02
3746.344 3750.722 3755.101 3759.405 3763.592 3767.779 3771.966 3776.153 3779.965 3783.722 3787.479 3791.235 3793.876 3794.468 3795.059 3795.651 3796.242 3794.247 3791.74 3789.232 3786.724 3783.539 3778.891 3774.243 3769.594 3764.946 3758.608 3751.844 3745.08 3738.316 3731.565 3724.844 3718.123 3711.402 3704.681 3700.582 3697.299 3694.016 3690.732 3687.649 3685.185 3682.72 3680.255 3677.79 3674.887 3671.819 3668.75 3665.682 3662.427 3658.46 3654.494 3650.529 3646.562 3642.608 3638.659 3634.71 3630.762 3626.737 3622.345 3617.955 3613.564 3609.173 3607.258
3745.917 3750.534 3755.151 3759.582 3763.72 3767.858 3771.996 3776.134 3780.002 3783.829 3787.656 3791.484 3794.285 3795.202 3796.118 3797.035 3797.952 3796.228 3793.98 3791.733 3789.486 3786.458 3781.744 3777.031 3772.318 3767.604 3761.029 3753.983 3746.937 3739.891 3732.901 3726.056 3719.21 3712.365 3705.519 3701.365 3698.05 3694.734 3691.418 3688.349 3686.042 3683.734 3681.427 3679.119 3676.239 3673.144 3670.048 3666.953 3663.645 3659.533 3655.42 3651.308 3647.196 3642.859 3638.422 3633.986 3629.549 3625.081 3620.462 3615.844 3611.225 3606.606 3604.496
3744.055 3748.661 3753.266 3757.668 3761.748 3765.828 3769.907 3773.988 3777.765 3781.498 3785.231 3788.963 3791.768 3792.869 3793.969 3795.07 3796.171 3794.49 3792.257 3790.025 3787.793 3784.823 3780.261 3775.7 3771.139 3766.577 3760.417 3753.852 3747.288 3740.724 3734.177 3727.674 3721.17 3714.667 3708.163 3704.012 3700.593 3697.174 3693.755 3690.635 3688.438 3686.24 3684.042 3681.845 3679.006 3675.926 3672.846 3669.766 3666.453 3662.255 3658.058 3653.86 3649.663 3645.171 3640.548 3635.925 3631.302 3626.651 3621.861 3617.071 3612.281 3607.492 3605.109
3741.978 3746.535 3751.092 3755.44 3759.46 3763.481 3767.501 3771.521 3775.188 3778.801 3782.415 3786.028 3788.813 3790.076 3791.339 3792.603 3793.866 3792.194 3789.94 3787.686 3785.432 3782.506 3778.128 3773.751 3769.374 3764.997 3759.35 3753.382 3747.414 3741.446 3735.444 3729.353 3723.261 3717.169 3711.078 3706.938 3703.405 3699.872 3696.339 3693.158 3691.064 3688.969 3686.875 3684.781 3681.986 3678.927 3675.869 3672.811 3669.499 3665.225 3660.952 3656.678 3652.405 3647.793 3643.029 3638.265 3633.501 3628.704 3623.752 3618.8 3613.847 3608.895 3606.229
3739.901 3744.409 3748.917 3753.213 3757.173 3761.134 3765.094 3769.055 3772.61 3776.104 3779.598 3783.093 3785.857 3787.283 3788.709 3790.135 3791.561 3789.898 3787.622 3785.346 3783.071 3780.188 3775.995 3771.802 3767.609 3763.417 3758.283 3752.911 3747.54 3742.168 3736.711 3731.031 3725.352 3719.672 3713.993 3709.864 3706.217 3702.57 3698.924 3695.682 3693.69 3691.699 3689.708 3687.716 3684.965 3681.928 3678.892 3675.855 3672.544 3668.195 3663.846 3659.497 3655.147 3650.414 3645.509 3640.604 3635.699 3630.758 3625.643 3620.528 3615.413 3610.298 3607.349
3737.824 3742.283 3746.743 3750.985 3754.886 3758.787 3762.688 3766.589 3770.032 3773.407 3776.782 3780.157 3782.902 3784.491 3786.079 3787.668 3789.256 3787.602 3785.304 3783.007 3780.709 3777.87 3773.862 3769.854 3765.845 3761.836 3757.216 3752.441 3747.666 3742.891 3737.977 3732.71 3727.443 3722.175 3716.908 3712.79 3709.029 3705.269 3701.508 3698.206 3696.317 3694.428 3692.54 3690.652 3687.945 3684.929 3681.915 3678.9 3675.59 3671.165 3666.74 3662.315 3657.889 3653.036 3647.99 3642.944 3637.898 3632.812 3627.534 3622.257 3616.979 3611.701 3608.469
3735.128 3739.547 3743.967 3748.185 3752.085 3755.987 3759.888 3763.789 3767.177 3770.488 3773.8 3777.112 3779.862 3781.58 3783.299 3785.018 3786.736 3785.14 3782.885 3780.632 3778.377 3775.614 3771.752 3767.89 3764.028 3760.166 3755.97 3751.69 3747.41 3743.13 3738.683 3733.808 3728.933 3724.058 3719.182 3715.167 3711.419 3707.671 3703.924 3700.648 3698.83 3697.012 3695.194 3693.375 3690.73 3687.773 3684.815 3681.858 3678.58 3674.08 3669.581 3665.082 3660.582 3655.598 3650.397 3645.196 3639.994 3634.761 3629.377 3623.993 3618.609 3613.224 3609.729
3731.192 3735.589 3739.987 3744.238 3748.259 3752.279 3756.299 3760.319 3763.765 3767.126 3770.486 3773.847 3776.651 3778.435 3780.219 3782.002 3783.786 3782.345 3780.264 3778.184 3776.103 3773.481 3769.689 3765.898 3762.106 3758.314 3754.367 3750.38 3746.392 3742.405 3738.268 3733.745 3729.222 3724.699 3720.177 3716.448 3712.965 3709.483 3706.001 3702.927 3701.115 3699.302 3697.489 3695.677 3693.127 3690.3 3687.473 3684.646 3681.455 3676.885 3672.316 3667.746 3663.176 3658.043 3652.657 3647.271 3641.886 3636.501 3631.123 3625.744 3620.365 3614.986 3611.269
3727.256 3731.632 3736.008 3740.292 3744.431 3748.571 3752.71 3756.85 3760.354 3763.763 3767.173 3770.582 3773.441 3775.29 3777.138 3778.987 3780.836 3779.55 3777.643 3775.736 3773.829 3771.348 3767.627 3763.906 3760.184 3756.463 3752.763 3749.069 3745.375 3741.68 3737.852 3733.682 3729.511 3725.341 3721.171 3717.728 3714.511 3711.295 3708.078 3705.206 3703.399 3701.592 3699.785 3697.978 3695.524 3692.827 3690.13 3687.433 3684.331 3679.691 3675.05 3670.41 3665.77 3660.487 3654.917 3649.348 3643.778 3638.242 3632.868 3627.495 3622.121 3616.748 3612.809
3723.319 3727.674 3732.028 3736.345 3740.604 3744.863 3749.122 3753.381 3756.943 3760.401 3763.859 3767.317 3770.23 3772.144 3774.058 3775.972 3777.885 3776.755 3775.022 3773.288 3771.555 3769.214 3765.564 3761.913 3758.262 3754.612 3751.16 3747.758 3744.357 3740.955 3737.437 3733.619 3729.801 3725.983 3722.165 3719.008 3716.057 3713.106 3710.156 3707.486 3705.684 3703.882 3702.081 3700.279 3697.921 3695.354 3692.788 3690.221 3687.207 3682.496 3677.785 3673.074 3668.364 3662.932 3657.178 3651.424 3645.669 3639.982 3634.614 3629.246 3623.878 3618.51 3614.349
3719.383 3723.716 3728.049 3732.399 3736.777 3741.155 3745.533 3749.912 3753.531 3757.038 3760.545 3764.052 3767.02 3768.999 3770.978 3772.957 3774.935 3773.961 3772.401 3770.841 3769.281 3767.081 3763.501 3759.921 3756.341 3752.76 3749.557 3746.448 3743.339 3740.23 3737.021 3733.556 3730.09 3726.625 3723.159 3720.289 3717.604 3714.918 3712.233 3709.765 3707.969 3706.172 3704.376 3702.58 3700.318 3697.882 3695.445 3693.008 3690.083 3685.301 3680.52 3675.739 3670.957 3665.377 3659.438 3653.5 3647.561 3641.722 3636.359 3630.997 3625.634 3620.271 3615.889
3717.156 3721.411 3725.666 3729.974 3734.368 3738.762 3743.156 3747.549 3751.138 3754.607 3758.077 3761.546 3764.449 3766.311 3768.173 3770.036 3771.898 3770.995 3769.544 3768.092 3766.641 3764.563 3761.131 3757.699 3754.267 3750.835 3747.702 3744.644 3741.585 3738.527 3735.411 3732.147 3728.883 3725.618 3722.354 3719.688 3717.208 3714.728 3712.247 3709.955 3708.242 3706.529 3704.815 3703.102 3700.861 3698.42 3695.98 3693.539 3690.626 3685.921 3681.217 3676.512 3671.807 3666.367 3660.599 3654.83 3649.062 3643.383 3638.134 3632.885 3627.635 3622.386 3617.839
3715.364 3719.526 3723.689 3727.937 3732.32 3736.703 3741.086 3745.469 3749.004 3752.414 3755.823 3759.233 3762.04 3763.74 3765.439 3767.139 3768.839 3767.986 3766.626 3765.267 3763.908 3761.946 3758.682 3755.418 3752.155 3748.891 3745.782 3742.713 3739.645 3736.576 3733.498 3730.396 3727.294 3724.192 3721.091 3718.608 3716.317 3714.027 3711.737 3709.613 3708.002 3706.392 3704.782 3703.172 3700.931 3698.453 3695.974 3693.496 3690.577 3685.986 3681.395 3676.804 3672.213 3666.988 3661.48 3655.971 3650.463 3645.024 3639.916 3634.807 3629.699 3624.591 3619.894
3713.572 3717.642 3721.712 3725.9 3730.272 3734.644 3739.016 3743.388 3746.871 3750.22 3753.571 3756.92 3759.631 3761.168 3762.705 3764.242 3765.78 3764.977 3763.709 3762.442 3761.176 3759.33 3756.234 3753.138 3750.042 3746.946 3743.863 3740.783 3737.704 3734.624 3731.584 3728.645 3725.706 3722.766 3719.827 3717.528 3715.427 3713.326 3711.226 3709.27 3707.763 3706.256 3704.749 3703.242 3701.001 3698.485 3695.969 3693.452 3690.527 3686.05 3681.573 3677.095 3672.618 3667.609 3662.361 3657.113 3651.865 3646.665 3641.698 3636.73 3631.763 3626.796 3621.948
3711.779 3715.758 3719.736 3723.863 3728.224 3732.585 3736.947 3741.308 3744.737 3748.027 3751.317 3754.608 3757.222 3758.597 3759.971 3761.346 3762.72 3761.967 3760.792 3759.617 3758.443 3756.713 3753.785 3750.857 3747.93 3745.002 3741.944 3738.854 3735.763 3732.672 3729.67 3726.893 3724.117 3721.341 3718.564 3716.448 3714.537 3712.626 3710.715 3708.928 3707.524 3706.12 3704.716 3703.312 3701.072 3698.517 3695.963 3693.409 3690.477 3686.114 3681.75 3677.387 3673.024 3668.229 3663.241 3658.254 3653.266 3648.306 3643.479 3638.653 3633.827 3629.0 3624.003
3710.664 3714.523 3718.383 3722.402 3726.673 3730.944 3735.216 3739.487 3742.8 3745.972 3749.143 3752.314 3754.792 3755.995 3757.198 3758.402 3759.605 3758.895 3757.805 3756.715 3755.625 3754.004 3751.234 3748.465 3745.695 3742.925 3739.895 3736.799 3733.704 3730.608 3727.633 3724.967 3722.301 3719.634 3716.968 3714.994 3713.234 3711.475 3709.716 3708.053 3706.69 3705.326 3703.963 3702.6 3700.344 3697.753 3695.163 3692.572 3689.641 3685.423 3681.205 3676.987 3672.768 3668.193 3663.458 3658.724 3653.989 3649.258 3644.546 3639.834 3635.122 3630.409 3625.325
3711.468 3715.132 3718.796 3722.574 3726.531 3730.487 3734.444 3738.401 3741.424 3744.307 3747.191 3750.075 3752.298 3753.306 3754.314 3755.322 3756.331 3755.642 3754.617 3753.593 3752.568 3751.032 3748.393 3745.753 3743.114 3740.474 3737.479 3734.394 3731.309 3728.224 3725.246 3722.542 3719.838 3717.134 3714.43 3712.479 3710.763 3709.047 3707.332 3705.668 3704.17 3702.671 3701.172 3699.673 3697.357 3694.734 3692.11 3689.487 3686.579 3682.594 3678.609 3674.624 3670.639 3666.297 3661.795 3657.294 3652.792 3648.261 3643.586 3638.912 3634.238 3629.564 3624.57
3712.271 3715.74 3719.209 3722.746 3726.388 3730.03 3733.672 3737.315 3740.047 3742.643 3745.24 3747.836 3749.804 3750.617 3751.43 3752.243 3753.056 3752.39 3751.43 3750.471 3749.511 3748.061 3745.551 3743.042 3740.532 3738.023 3735.063 3731.989 3728.915 3725.841 3722.86 3720.118 3717.376 3714.634 3711.892 3709.965 3708.292 3706.62 3704.947 3703.284 3701.65 3700.015 3698.381 3696.746 3694.37 3691.714 3689.058 3686.402 3683.517 3679.765 3676.013 3672.261 3668.509 3664.4 3660.132 3655.864 3651.595 3647.263 3642.627 3637.99 3633.354 3628.718 3623.816
3713.075 3716.349 3719.623 3722.917 3726.245 3729.573 3732.901 3736.229 3738.67 3740.979 3743.288 3745.598 3747.311 3747.928 3748.546 3749.164 3749.782 3749.137 3748.243 3747.348 3746.454 3745.089 3742.71 3740.331 3737.951 3735.572 3732.647 3729.583 3726.52 3723.457 3720.473 3717.693 3714.913 3712.133 3709.353 3707.451 3705.822 3704.192 3702.563 3700.899 3699.13 3697.36 3695.59 3693.82 3691.382 3688.694 3686.005 3683.317 3680.455 3676.936 3673.417 3669.898 3666.38 3662.504 3658.469 3654.433 3650.398 3646.265 3641.667 3637.069 3632.47 3627.872 3623.061
3713.879 3716.957 3720.036 3723.089 3726.103 3729.116 3732.129 3735.143 3737.293 3739.315 3741.337 3743.359 3744.817 3745.24 3745.662 3746.085 3746.508 3745.885 3745.056 3744.226 3743.396 3742.118 3739.868 3737.619 3735.37 3733.121 3730.23 3727.178 3724.125 3721.073 3718.086 3715.269 3712.451 3709.633 3706.815 3704.937 3703.351 3701.765 3700.179 3698.515 3696.609 3694.704 3692.799 3690.893 3688.395 3685.674 3682.953 3680.232 3677.393 3674.107 3670.822 3667.536 3664.25 3660.607 3656.805 3653.003 3649.201 3645.268 3640.707 3636.147 3631.586 3627.026 3622.306
3714.509 3717.33 3720.15 3722.938 3725.672 3728.406 3731.14 3733.875 3735.793 3737.591 3739.388 3741.186 3742.442 3742.705 3742.968 3743.231 3743.493 3742.84 3742.005 3741.169 3740.334 3739.082 3736.927 3734.773 3732.618 3730.464 3727.676 3724.729 3721.782 3718.834 3715.915 3713.067 3710.219 3707.371 3704.523 3702.494 3700.72 3698.945 3697.171 3695.334 3693.305 3691.276 3689.247 3687.218 3684.751 3682.119 3679.487 3676.855 3674.101 3670.879 3667.657 3664.436 3661.214 3657.709 3654.077 3650.445 3646.813 3643.053 3638.68 3634.307 3629.934 3625.561 3621.073
3715.074 3717.613 3720.151 3722.663 3725.131 3727.6 3730.069 3732.537 3734.247 3735.844 3737.441 3739.038 3740.113 3740.229 3740.345 3740.462 3740.578 3739.873 3739.006 3738.138 3737.27 3736.021 3733.948 3731.875 3729.802 3727.729 3725.07 3722.264 3719.457 3716.651 3713.825 3710.95 3708.075 3705.2 3702.325 3700.078 3698.028 3695.977 3693.926 3691.851 3689.703 3687.554 3685.406 3683.258 3680.856 3678.36 3675.864 3673.368 3670.72 3667.499 3664.277 3661.055 3657.834 3654.43 3650.944 3647.458 3643.973 3640.376 3636.247 3632.118 3627.989 3623.86 3619.659
3715.639 3717.896 3720.152 3722.388 3724.591 3726.794 3728.997 3731.2 3732.7 3734.097 3735.493 3736.889 3737.783 3737.753 3737.723 3737.693 3737.663 3736.907 3736.007 3735.106 3734.206 3732.96 3730.969 3728.977 3726.985 3724.993 3722.464 3719.798 3717.133 3714.467 3711.736 3708.833 3705.931 3703.029 3700.127 3697.663 3695.336 3693.009 3690.681 3688.368 3686.101 3683.833 3681.565 3679.297 3676.962 3674.602 3672.241 3669.88 3667.34 3664.118 3660.897 3657.675 3654.453 3651.151 3647.811 3644.472 3641.133 3637.699 3633.814 3629.929 3626.044 3622.159 3618.245
