data/zism_data/00004_04_D.txt
ncols         224
nrows         224
[rows 0 to 28 of 224, columns 65 to 129 of 224]
1200.0 1200.0 1200.0 1200.0 1200.147 1200.298 1200.45 1200.601 1201.144 1202.159 1203.174 1204.189 1205.204 1206.461 1207.735 1209.009 1210.283 1211.546 1212.793 1214.04 1215.287 1216.535 1217.647 1218.745 1219.843 1220.941 1222.031 1223.109 1224.187 1225.265 1226.343 1226.822 1227.205 1227.589 1227.972 1228.298 1228.514 1228.73 1228.946 1229.162 1229.284 1229.387 1229.489 1229.592 1229.686 1229.763 1229.84 1229.917 1229.995 1230.507 1231.135 1231.763 1232.391 1233.16 1234.307 1235.453 1236.599 1237.745 1238.955 1240.186 1241.417 1242.647 1243.94 1245.43 1246.92
1200.0 1200.0 1200.0 1200.0 1200.22 1200.447 1200.674 1200.901 1201.515 1202.595 1203.675 1204.755 1205.835 1207.071 1208.318 1209.565 1210.812 1212.088 1213.405 1214.723 1216.04 1217.358 1218.507 1219.637 1220.767 1221.897 1223.03 1224.168 1225.305 1226.443 1227.58 1228.137 1228.601 1229.066 1229.53 1229.946 1230.271 1230.595 1230.919 1231.243 1231.335 1231.378 1231.421 1231.464 1231.472 1231.404 1231.335 1231.266 1231.197 1231.607 1232.143 1232.679 1233.215 1233.903 1234.995 1236.087 1237.179 1238.271 1239.431 1240.613 1241.795 1242.978 1244.252 1245.823 1247.394
1200.0 1200.0 1200.0 1200.0 1200.294 1200.597 1200.899 1201.202 1201.886 1203.031 1204.176 1205.32 1206.465 1207.68 1208.9 1210.12 1211.34 1212.63 1214.018 1215.406 1216.793 1218.181 1219.366 1220.529 1221.691 1222.854 1224.03 1225.227 1226.424 1227.62 1228.817 1229.452 1229.998 1230.543 1231.089 1231.595 1232.028 1232.46 1232.892 1233.325 1233.386 1233.369 1233.353 1233.336 1233.259 1233.044 1232.829 1232.614 1232.399 1232.706 1233.15 1233.594 1234.038 1234.645 1235.683 1236.721 1237.759 1238.797 1239.907 1241.041 1242.174 1243.308 1244.564 1246.217 1247.869
1200.0 1200.0 1200.0 1200.0 1200.358 1200.727 1201.095 1201.464 1202.197 1203.37 1204.543 1205.717 1206.89 1208.097 1209.307 1210.517 1211.727 1213.027 1214.454 1215.88 1217.307 1218.733 1219.971 1221.188 1222.405 1223.622 1224.863 1226.143 1227.424 1228.705 1229.985 1230.695 1231.314 1231.934 1232.553 1233.134 1233.643 1234.152 1234.661 1235.17 1235.209 1235.15 1235.091 1235.032 1234.89 1234.561 1234.232 1233.902 1233.573 1233.787 1234.144 1234.501 1234.858 1235.391 1236.389 1237.388 1238.387 1239.385 1240.466 1241.572 1242.679 1243.786 1245.053 1246.834 1248.616
1200.0 1200.0 1200.0 1200.0 1200.411 1200.833 1201.256 1201.678 1202.434 1203.591 1204.748 1205.905 1207.062 1208.278 1209.499 1210.72 1211.94 1213.247 1214.673 1216.1 1217.526 1218.953 1220.264 1221.561 1222.859 1224.157 1225.492 1226.886 1228.28 1229.674 1231.068 1231.85 1232.534 1233.218 1233.902 1234.539 1235.086 1235.633 1236.179 1236.726 1236.754 1236.673 1236.593 1236.512 1236.331 1235.927 1235.522 1235.117 1234.712 1234.846 1235.122 1235.398 1235.674 1236.142 1237.119 1238.096 1239.073 1240.05 1241.125 1242.231 1243.338 1244.445 1245.757 1247.728 1249.699
1200.0 1200.0 1200.0 1200.0 1200.463 1200.94 1201.416 1201.893 1202.671 1203.811 1204.952 1206.093 1207.234 1208.459 1209.691 1210.922 1212.154 1213.467 1214.893 1216.32 1217.746 1219.172 1220.556 1221.935 1223.314 1224.693 1226.121 1227.629 1229.136 1230.644 1232.152 1233.004 1233.754 1234.503 1235.252 1235.944 1236.528 1237.113 1237.698 1238.282 1238.298 1238.196 1238.094 1237.992 1237.773 1237.292 1236.812 1236.332 1235.851 1235.905 1236.1 1236.295 1236.49 1236.893 1237.848 1238.803 1239.759 1240.714 1241.784 1242.891 1243.997 1245.104 1246.461 1248.621 1250.781
1200.0 1200.0 1200.0 1200.0 1200.516 1201.046 1201.577 1202.108 1202.907 1204.032 1205.156 1206.281 1207.406 1208.64 1209.883 1211.125 1212.367 1213.687 1215.113 1216.539 1217.966 1219.392 1220.849 1222.309 1223.769 1225.229 1226.75 1228.372 1229.993 1231.614 1233.235 1234.159 1234.973 1235.787 1236.601 1237.349 1237.971 1238.593 1239.216 1239.838 1239.843 1239.719 1239.596 1239.472 1239.214 1238.658 1238.102 1237.546 1236.99 1236.964 1237.078 1237.192 1237.306 1237.644 1238.578 1239.511 1240.445 1241.379 1242.443 1243.55 1244.656 1245.763 1247.165 1249.514 1251.864
1200.0 1200.0 1200.0 1200.0 1200.568 1201.153 1201.737 1202.322 1203.144 1204.253 1205.361 1206.469 1207.578 1208.821 1210.074 1211.328 1212.581 1213.906 1215.333 1216.759 1218.185 1219.612 1221.141 1222.682 1224.224 1225.765 1227.38 1229.114 1230.849 1232.583 1234.318 1235.314 1236.193 1237.071 1237.95 1238.753 1239.414 1240.074 1240.734 1241.394 1241.388 1241.242 1241.097 1240.952 1240.656 1240.024 1239.392 1238.761 1238.129 1238.023 1238.056 1238.089 1238.122 1238.395 1239.307 1240.219 1241.131 1242.043 1243.102 1244.209 1245.316 1246.422 1247.869 1250.408 1252.946
1200.0 1200.0 1200.0 1200.0 1200.488 1200.991 1201.494 1201.997 1202.74 1203.774 1204.808 1205.842 1206.876 1208.089 1209.314 1210.539 1211.764 1213.107 1214.616 1216.125 1217.634 1219.143 1220.793 1222.459 1224.125 1225.791 1227.523 1229.361 1231.199 1233.038 1234.876 1236.005 1237.021 1238.038 1239.054 1239.954 1240.633 1241.311 1241.99 1242.668 1242.639 1242.463 1242.286 1242.109 1241.783 1241.125 1240.466 1239.807 1239.148 1238.98 1238.942 1238.903 1238.865 1239.068 1239.915 1240.762 1241.608 1242.455 1243.597 1244.835 1246.073 1247.311 1248.891 1251.57 1254.249
1200.0 1200.0 1200.0 1200.0 1200.394 1200.799 1201.205 1201.611 1202.264 1203.217 1204.17 1205.122 1206.075 1207.252 1208.445 1209.638 1210.83 1212.193 1213.794 1215.395 1216.996 1218.597 1220.373 1222.168 1223.964 1225.76 1227.611 1229.552 1231.493 1233.434 1235.375 1236.644 1237.806 1238.968 1240.131 1241.132 1241.826 1242.521 1243.216 1243.911 1243.858 1243.649 1243.44 1243.23 1242.875 1242.195 1241.515 1240.834 1240.154 1239.926 1239.817 1239.708 1239.599 1239.732 1240.509 1241.286 1242.062 1242.839 1244.074 1245.458 1246.841 1248.225 1249.948 1252.763 1255.577
1200.0 1200.0 1200.0 1200.0 1200.299 1200.608 1200.916 1201.224 1201.788 1202.66 1203.531 1204.403 1205.275 1206.416 1207.577 1208.737 1209.897 1211.28 1212.972 1214.665 1216.358 1218.05 1219.952 1221.878 1223.803 1225.728 1227.699 1229.742 1231.786 1233.83 1235.873 1237.282 1238.591 1239.899 1241.207 1242.309 1243.02 1243.731 1244.442 1245.153 1245.076 1244.835 1244.593 1244.352 1243.968 1243.265 1242.563 1241.861 1241.159 1240.871 1240.692 1240.513 1240.334 1240.397 1241.103 1241.809 1242.516 1243.222 1244.55 1246.08 1247.61 1249.139 1251.006 1253.955 1256.904
1200.0 1200.0 1200.0 1200.0 1200.205 1200.416 1200.627 1200.838 1201.312 1202.102 1202.893 1203.684 1204.474 1205.58 1206.708 1207.836 1208.964 1210.366 1212.15 1213.935 1215.719 1217.504 1219.532 1221.587 1223.642 1225.697 1227.787 1229.933 1232.079 1234.226 1236.372 1237.921 1239.375 1240.829 1242.284 1243.487 1244.214 1244.941 1245.668 1246.396 1246.295 1246.021 1245.747 1245.473 1245.06 1244.336 1243.612 1242.888 1242.165 1241.817 1241.567 1241.318 1241.069 1241.061 1241.697 1242.333 1242.969 1243.606 1245.027 1246.702 1248.378 1250.053 1252.063 1255.148 1258.232
1200.0 1200.0 1200.0 1200.0 1200.132 1200.269 1200.405 1200.541 1200.929 1201.62 1202.31 1203.001 1203.692 1204.758 1205.849 1206.941 1208.033 1209.458 1211.35 1213.241 1215.132 1217.024 1219.181 1221.367 1223.554 1225.741 1227.955 1230.216 1232.476 1234.736 1236.997 1238.64 1240.186 1241.731 1243.277 1244.535 1245.248 1245.962 1246.675 1247.389 1247.272 1246.983 1246.693 1246.404 1245.979 1245.253 1244.526 1243.8 1243.073 1242.697 1242.413 1242.129 1241.845 1241.808 1242.427 1243.045 1243.663 1244.282 1245.805 1247.621 1249.436 1251.252 1253.384 1256.53 1259.676
1200.0 1200.0 1200.0 1200.0 1200.101 1200.205 1200.309 1200.412 1200.721 1201.277 1201.832 1202.388 1202.944 1203.96 1205.009 1206.057 1207.106 1208.562 1210.589 1212.615 1214.642 1216.669 1218.96 1221.282 1223.604 1225.926 1228.275 1230.671 1233.066 1235.462 1237.857 1239.51 1241.045 1242.579 1244.114 1245.341 1245.984 1246.627 1247.27 1247.913 1247.798 1247.525 1247.252 1246.979 1246.575 1245.881 1245.187 1244.493 1243.799 1243.455 1243.204 1242.952 1242.701 1242.709 1243.409 1244.108 1244.808 1245.507 1247.148 1249.094 1251.039 1252.985 1255.197 1258.268 1261.338
1200.0 1200.0 1200.0 1200.0 1200.069 1200.141 1200.212 1200.284 1200.513 1200.934 1201.354 1201.775 1202.196 1203.163 1204.168 1205.173 1206.179 1207.666 1209.828 1211.99 1214.151 1216.313 1218.74 1221.197 1223.654 1226.111 1228.595 1231.126 1233.657 1236.187 1238.718 1240.379 1241.903 1243.427 1244.951 1246.147 1246.72 1247.293 1247.865 1248.438 1248.325 1248.068 1247.81 1247.553 1247.171 1246.51 1245.848 1245.186 1244.524 1244.213 1243.994 1243.775 1243.556 1243.61 1244.391 1245.172 1245.952 1246.733 1248.491 1250.566 1252.642 1254.717 1257.01 1260.005 1263.0
1200.0 1200.0 1200.0 1200.0 1200.038 1200.077 1200.116 1200.155 1200.306 1200.591 1200.877 1201.162 1201.448 1202.366 1203.328 1204.29 1205.251 1206.77 1209.067 1211.364 1213.661 1215.958 1218.52 1221.112 1223.704 1226.296 1228.916 1231.581 1234.247 1236.913 1239.578 1241.249 1242.762 1244.275 1245.789 1246.953 1247.455 1247.958 1248.461 1248.963 1248.851 1248.61 1248.369 1248.128 1247.767 1247.138 1246.509 1245.879 1245.25 1244.971 1244.785 1244.598 1244.412 1244.512 1245.373 1246.235 1247.097 1247.958 1249.834 1252.039 1254.244 1256.449 1258.824 1261.743 1264.662
1200.0 1200.0 1200.0 1200.0 1200.006 1200.013 1200.02 1200.026 1200.098 1200.248 1200.399 1200.549 1200.699 1201.568 1202.487 1203.406 1204.324 1205.875 1208.307 1210.738 1213.17 1215.602 1218.299 1221.026 1223.753 1226.48 1229.236 1232.036 1234.837 1237.638 1240.439 1242.119 1243.621 1245.123 1246.626 1247.759 1248.191 1248.623 1249.056 1249.488 1249.377 1249.152 1248.928 1248.703 1248.363 1247.766 1247.17 1246.573 1245.976 1245.729 1245.575 1245.421 1245.267 1245.413 1246.355 1247.298 1248.241 1249.183 1251.178 1253.512 1255.847 1258.182 1260.637 1263.481 1266.324
1200.0 1200.0 1200.0 1200.0 1200.0 1200.0 1200.0 1200.0 1200.054 1200.172 1200.291 1200.41 1200.528 1201.379 1202.28 1203.182 1204.083 1205.633 1208.088 1210.543 1212.998 1215.453 1218.196 1220.972 1223.748 1226.524 1229.343 1232.232 1235.12 1238.009 1240.897 1242.583 1244.079 1245.575 1247.071 1248.174 1248.532 1248.889 1249.247 1249.605 1249.484 1249.262 1249.041 1248.82 1248.496 1247.945 1247.393 1246.842 1246.29 1246.123 1246.057 1245.992 1245.926 1246.125 1247.028 1247.932 1248.835 1249.738 1251.524 1253.596 1255.669 1257.741 1259.967 1262.688 1265.408
1200.0 1200.0 1200.0 1200.0 1200.0 1200.0 1200.0 1200.0 1200.051 1200.165 1200.278 1200.391 1200.504 1201.344 1202.235 1203.125 1204.016 1205.557 1208.007 1210.456 1212.906 1215.356 1218.123 1220.926 1223.729 1226.532 1229.396 1232.36 1235.325 1238.289 1241.253 1242.945 1244.435 1245.926 1247.416 1248.49 1248.772 1249.054 1249.336 1249.618 1249.484 1249.262 1249.041 1248.82 1248.511 1248.008 1247.505 1247.003 1246.5 1246.424 1246.461 1246.498 1246.535 1246.79 1247.623 1248.455 1249.288 1250.121 1251.617 1253.327 1255.037 1256.748 1258.666 1261.251 1263.836
1200.0 1200.0 1200.0 1200.0 1200.0 1200.0 1200.0 1200.0 1200.049 1200.157 1200.265 1200.372 1200.48 1201.31 1202.19 1203.069 1203.949 1205.482 1207.926 1210.37 1212.814 1215.258 1218.05 1220.88 1223.71 1226.54 1229.45 1232.489 1235.529 1238.569 1241.609 1243.307 1244.792 1246.277 1247.762 1248.805 1249.012 1249.218 1249.425 1249.631 1249.484 1249.262 1249.041 1248.82 1248.526 1248.072 1247.618 1247.164 1246.709 1246.725 1246.865 1247.005 1247.144 1247.454 1248.217 1248.979 1249.742 1250.505 1251.71 1253.058 1254.406 1255.754 1257.364 1259.814 1262.265
1200.0 1200.0 1200.0 1200.0 1200.0 1200.0 1200.0 1200.0 1200.046 1200.149 1200.251 1200.354 1200.456 1201.276 1202.144 1203.013 1203.882 1205.406 1207.845 1210.284 1212.723 1215.161 1217.976 1220.833 1223.69 1226.547 1229.503 1232.618 1235.734 1238.849 1241.965 1243.668 1245.148 1246.627 1248.107 1249.121 1249.252 1249.383 1249.513 1249.644 1249.484 1249.262 1249.041 1248.82 1248.541 1248.136 1247.73 1247.325 1246.919 1247.026 1247.269 1247.511 1247.753 1248.119 1248.811 1249.503 1250.196 1250.888 1251.802 1252.788 1253.775 1254.761 1256.062 1258.377 1260.693
1200.0 1200.0 1200.0 1200.0 1200.0 1200.0 1200.0 1200.0 1200.048 1200.153 1200.258 1200.363 1200.468 1201.258 1202.096 1202.935 1203.773 1205.254 1207.633 1210.011 1212.39 1214.769 1217.593 1220.466 1223.339 1226.213 1229.208 1232.4 1235.593 1238.785 1241.978 1243.722 1245.238 1246.754 1248.269 1249.284 1249.35 1249.416 1249.481 1249.547 1249.359 1249.118 1248.876 1248.635 1248.353 1247.98 1247.607 1247.234 1246.861 1247.042 1247.368 1247.694 1248.021 1248.423 1249.028 1249.633 1250.238 1250.843 1251.446 1252.048 1252.651 1253.254 1254.244 1256.477 1258.71
1200.0 1200.0 1200.0 1200.0 1200.0 1200.0 1200.0 1200.0 1200.06 1200.192 1200.324 1200.456 1200.588 1201.295 1202.041 1202.787 1203.533 1204.866 1207.018 1209.17 1211.322 1213.473 1216.259 1219.117 1221.974 1224.831 1227.847 1231.12 1234.394 1237.668 1240.941 1242.837 1244.515 1246.192 1247.87 1248.98 1249.013 1249.046 1249.08 1249.113 1248.852 1248.53 1248.208 1247.885 1247.542 1247.153 1246.764 1246.375 1245.986 1246.184 1246.537 1246.891 1247.244 1247.628 1248.092 1248.557 1249.021 1249.485 1249.715 1249.869 1250.024 1250.178 1250.845 1253.159 1255.474
1200.0 1200.0 1200.0 1200.0 1200.0 1200.0 1200.0 1200.0 1200.072 1200.231 1200.39 1200.549 1200.708 1201.331 1201.985 1202.639 1203.294 1204.478 1206.403 1208.328 1210.253 1212.178 1214.926 1217.767 1220.608 1223.449 1226.486 1229.841 1233.195 1236.55 1239.905 1241.951 1243.791 1245.631 1247.471 1248.676 1248.676 1248.677 1248.678 1248.679 1248.346 1247.942 1247.539 1247.135 1246.731 1246.326 1245.921 1245.515 1245.11 1245.327 1245.707 1246.087 1246.468 1246.833 1247.156 1247.48 1247.804 1248.128 1247.985 1247.69 1247.396 1247.101 1247.446 1249.841 1252.237
1200.0 1200.0 1200.0 1200.0 1200.0 1200.0 1200.0 1200.0 1200.084 1200.27 1200.457 1200.643 1200.829 1201.367 1201.929 1202.492 1203.054 1204.091 1205.788 1207.486 1209.184 1210.882 1213.593 1216.418 1219.243 1222.068 1225.125 1228.561 1231.997 1235.432 1238.868 1241.066 1243.068 1245.07 1247.072 1248.371 1248.34 1248.308 1248.277 1248.245 1247.839 1247.355 1246.87 1246.386 1245.921 1245.499 1245.078 1244.656 1244.234 1244.469 1244.876 1245.284 1245.691 1246.037 1246.221 1246.404 1246.587 1246.771 1246.254 1245.511 1244.768 1244.025 1244.047 1246.523 1249.0
1200.0 1200.0 1200.0 1200.0 1200.0 1200.0 1200.0 1200.0 1200.097 1200.31 1200.523 1200.736 1200.949 1201.403 1201.874 1202.344 1202.815 1203.703 1205.174 1206.645 1208.116 1209.587 1212.26 1215.069 1217.877 1220.686 1223.765 1227.281 1230.798 1234.315 1237.831 1240.18 1242.344 1244.508 1246.672 1248.067 1248.003 1247.939 1247.875 1247.811 1247.333 1246.767 1246.201 1245.636 1245.11 1244.672 1244.234 1243.797 1243.359 1243.611 1244.046 1244.48 1244.915 1245.242 1245.285 1245.328 1245.37 1245.413 1244.524 1243.332 1242.141 1240.949 1240.648 1243.205 1245.763
1200.0 1200.0 1200.0 1200.0 1200.0 1200.0 1200.0 1200.0 1200.085 1200.272 1200.46 1200.647 1200.835 1201.198 1201.573 1201.948 1202.323 1203.118 1204.502 1205.885 1207.268 1208.651 1211.335 1214.165 1216.995 1219.824 1222.897 1226.363 1229.829 1233.296 1236.762 1239.104 1241.269 1243.433 1245.598 1247.006 1246.981 1246.956 1246.932 1246.907 1246.367 1245.721 1245.074 1244.427 1243.823 1243.313 1242.802 1242.292 1241.782 1241.975 1242.354 1242.732 1243.111 1243.339 1243.166 1242.993 1242.82 1242.647 1241.622 1240.32 1239.018 1237.717 1237.369 1240.087 1242.804
1200.0 1200.0 1200.0 1200.0 1200.0 1200.0 1200.0 1200.0 1200.063 1200.202 1200.341 1200.479 1200.618 1200.887 1201.165 1201.443 1201.72 1202.448 1203.804 1205.16 1206.516 1207.872 1210.587 1213.455 1216.323 1219.191 1222.245 1225.604 1228.962 1232.32 1235.678 1237.945 1240.039 1242.133 1244.228 1245.614 1245.66 1245.705 1245.75 1245.796 1245.202 1244.474 1243.746 1243.018 1242.328 1241.72 1241.113 1240.505 1239.897 1239.998 1240.285 1240.572 1240.858 1240.952 1240.53 1240.109 1239.687 1239.266 1238.208 1236.944 1235.68 1234.416 1234.144 1237.056 1239.968
1200.0 1200.0 1200.0 1200.0 1200.0 1200.0 1200.0 1200.0 1200.041 1200.131 1200.221 1200.312 1200.402 1200.576 1200.757 1200.937 1201.118 1201.777 1203.106 1204.435 1205.764 1207.093 1209.84 1212.746 1215.651 1218.557 1221.594 1224.844 1228.094 1231.344 1234.594 1236.786 1238.81 1240.833 1242.857 1244.222 1244.338 1244.454 1244.569 1244.685 1244.036 1243.227 1242.418 1241.609 1240.833 1240.128 1239.423 1238.718 1238.013 1238.021 1238.216 1238.411 1238.606 1238.564 1237.894 1237.224 1236.554 1235.884 1234.793 1233.567 1232.341 1231.115 1230.918 1234.025 1237.131
