data/zism_data/00000_01_D.txt
ncols         224
nrows         224
[rows 29 to 57 of 224, columns 64 to 127 of 224]
4687.916 4688.365 4688.815 4689.242 4689.609 4689.975 4690.341 4690.708 4691.005 4691.278 4691.55 4691.822 4692.085 4692.305 4692.525 4692.745 4692.964 4693.047 4693.047 4693.047 4693.047 4693.053 4693.137 4693.221 4693.304 4693.388 4693.428 4693.428 4693.428 4693.428 4693.428 4693.526 4693.627 4693.729 4693.83 4693.956 4694.117 4694.277 4694.438 4694.598 4694.773 4694.951 4695.129 4695.307 4695.441 4695.483 4695.525 4695.567 4695.609 4695.683 4695.767 4695.851 4695.935 4696.021 4696.115 4696.208 4696.303 4696.397 4696.456 4696.498 4696.54 4696.582 4696.619 4696.619
4687.24 4687.722 4688.204 4688.655 4689.021 4689.387 4689.753 4690.12 4690.453 4690.773 4691.094 4691.415 4691.718 4691.938 4692.157 4692.377 4692.597 4692.68 4692.68 4692.68 4692.68 4692.688 4692.804 4692.92 4693.036 4693.152 4693.208 4693.208 4693.208 4693.208 4693.208 4693.316 4693.428 4693.541 4693.652 4693.787 4693.953 4694.119 4694.285 4694.45 4694.612 4694.774 4694.936 4695.098 4695.226 4695.284 4695.342 4695.4 4695.458 4695.561 4695.677 4695.793 4695.909 4696.01 4696.056 4696.101 4696.147 4696.192 4696.247 4696.304 4696.362 4696.42 4696.472 4696.472
4686.582 4687.094 4687.607 4688.08 4688.446 4688.812 4689.178 4689.544 4689.911 4690.277 4690.643 4691.01 4691.351 4691.57 4691.79 4692.01 4692.229 4692.313 4692.315 4692.316 4692.318 4692.33 4692.477 4692.624 4692.77 4692.917 4692.988 4692.989 4692.99 4692.992 4692.993 4693.111 4693.233 4693.355 4693.478 4693.62 4693.791 4693.961 4694.132 4694.303 4694.453 4694.6 4694.746 4694.893 4695.016 4695.089 4695.163 4695.236 4695.31 4695.438 4695.583 4695.729 4695.874 4695.988 4695.989 4695.991 4695.993 4695.995 4696.044 4696.118 4696.191 4696.265 4696.329 4696.329
4686.214 4686.727 4687.24 4687.712 4688.078 4688.444 4688.811 4689.177 4689.543 4689.91 4690.276 4690.642 4690.983 4691.203 4691.422 4691.642 4691.862 4691.962 4691.991 4692.02 4692.048 4692.085 4692.237 4692.39 4692.542 4692.694 4692.779 4692.801 4692.824 4692.847 4692.87 4692.989 4693.111 4693.233 4693.355 4693.496 4693.661 4693.826 4693.991 4694.156 4694.31 4694.462 4694.615 4694.767 4694.894 4694.967 4695.041 4695.114 4695.187 4695.299 4695.422 4695.546 4695.67 4695.774 4695.809 4695.842 4695.876 4695.911 4695.971 4696.044 4696.118 4696.191 4696.256 4696.256
4685.847 4686.359 4686.873 4687.345 4687.711 4688.077 4688.443 4688.81 4689.176 4689.542 4689.908 4690.274 4690.615 4690.835 4691.055 4691.275 4691.495 4691.612 4691.667 4691.723 4691.778 4691.841 4691.999 4692.156 4692.313 4692.471 4692.569 4692.614 4692.658 4692.702 4692.747 4692.867 4692.989 4693.111 4693.233 4693.371 4693.531 4693.69 4693.85 4694.01 4694.168 4694.326 4694.483 4694.641 4694.771 4694.845 4694.918 4694.991 4695.064 4695.16 4695.262 4695.364 4695.466 4695.561 4695.627 4695.694 4695.76 4695.827 4695.897 4695.971 4696.044 4696.117 4696.182 4696.182
4685.479 4685.992 4686.505 4686.978 4687.344 4687.71 4688.076 4688.442 4688.809 4689.175 4689.541 4689.907 4690.248 4690.468 4690.688 4690.907 4691.127 4691.261 4691.343 4691.426 4691.508 4691.596 4691.759 4691.922 4692.085 4692.248 4692.36 4692.426 4692.492 4692.558 4692.624 4692.744 4692.866 4692.988 4693.11 4693.246 4693.4 4693.555 4693.709 4693.864 4694.025 4694.188 4694.352 4694.515 4694.649 4694.722 4694.795 4694.869 4694.942 4695.021 4695.102 4695.182 4695.263 4695.347 4695.446 4695.545 4695.644 4695.742 4695.824 4695.897 4695.971 4696.044 4696.109 4696.109
4685.112 4685.625 4686.138 4686.61 4686.976 4687.342 4687.708 4688.075 4688.441 4688.807 4689.173 4689.54 4689.88 4690.1 4690.32 4690.54 4690.759 4690.91 4691.02 4691.129 4691.238 4691.352 4691.52 4691.688 4691.856 4692.025 4692.151 4692.238 4692.326 4692.413 4692.5 4692.622 4692.744 4692.866 4692.988 4693.121 4693.271 4693.419 4693.568 4693.717 4693.883 4694.052 4694.22 4694.388 4694.526 4694.6 4694.673 4694.746 4694.819 4694.882 4694.941 4695.0 4695.059 4695.134 4695.265 4695.396 4695.527 4695.658 4695.75 4695.824 4695.897 4695.97 4696.035 4696.035
4684.906 4685.401 4685.897 4686.357 4686.724 4687.09 4687.456 4687.822 4688.188 4688.555 4688.921 4689.287 4689.628 4689.848 4690.067 4690.287 4690.507 4690.663 4690.779 4690.896 4691.012 4691.132 4691.3 4691.468 4691.637 4691.805 4691.943 4692.055 4692.167 4692.278 4692.39 4692.506 4692.623 4692.739 4692.856 4692.985 4693.131 4693.278 4693.424 4693.571 4693.736 4693.904 4694.072 4694.24 4694.378 4694.452 4694.525 4694.598 4694.671 4694.741 4694.81 4694.878 4694.946 4695.028 4695.158 4695.288 4695.417 4695.547 4695.639 4695.712 4695.785 4695.858 4695.925 4695.942
4684.847 4685.31 4685.774 4686.21 4686.577 4686.943 4687.309 4687.676 4688.042 4688.408 4688.774 4689.141 4689.481 4689.701 4689.92 4690.14 4690.36 4690.509 4690.615 4690.72 4690.826 4690.936 4691.099 4691.261 4691.424 4691.587 4691.737 4691.875 4692.014 4692.153 4692.291 4692.398 4692.504 4692.609 4692.715 4692.838 4692.984 4693.131 4693.277 4693.424 4693.584 4693.747 4693.91 4694.073 4694.207 4694.28 4694.354 4694.427 4694.5 4694.599 4694.705 4694.811 4694.917 4695.021 4695.119 4695.216 4695.313 4695.411 4695.492 4695.565 4695.638 4695.711 4695.782 4695.831
4684.788 4685.219 4685.65 4686.063 4686.43 4686.796 4687.163 4687.529 4687.895 4688.261 4688.627 4688.994 4689.334 4689.554 4689.774 4689.994 4690.213 4690.355 4690.45 4690.545 4690.64 4690.74 4690.897 4691.054 4691.211 4691.369 4691.53 4691.696 4691.861 4692.027 4692.192 4692.29 4692.384 4692.479 4692.574 4692.691 4692.837 4692.984 4693.13 4693.277 4693.433 4693.59 4693.748 4693.905 4694.035 4694.108 4694.182 4694.255 4694.329 4694.456 4694.6 4694.744 4694.887 4695.014 4695.079 4695.144 4695.209 4695.274 4695.345 4695.418 4695.491 4695.565 4695.639 4695.72
4684.729 4685.127 4685.526 4685.917 4686.283 4686.649 4687.016 4687.382 4687.748 4688.114 4688.48 4688.847 4689.188 4689.407 4689.627 4689.847 4690.066 4690.202 4690.286 4690.37 4690.454 4690.543 4690.695 4690.847 4690.999 4691.151 4691.324 4691.517 4691.709 4691.901 4692.094 4692.181 4692.265 4692.35 4692.434 4692.544 4692.69 4692.837 4692.983 4693.13 4693.281 4693.433 4693.585 4693.737 4693.864 4693.937 4694.01 4694.083 4694.157 4694.313 4694.495 4694.676 4694.858 4695.007 4695.04 4695.073 4695.105 4695.138 4695.198 4695.271 4695.344 4695.418 4695.496 4695.609
4684.669 4685.036 4685.403 4685.77 4686.136 4686.502 4686.869 4687.235 4687.601 4687.967 4688.333 4688.7 4689.041 4689.26 4689.48 4689.7 4689.919 4690.048 4690.122 4690.195 4690.268 4690.347 4690.494 4690.64 4690.787 4690.933 4691.118 4691.337 4691.556 4691.776 4691.995 4692.073 4692.146 4692.22 4692.293 4692.397 4692.543 4692.69 4692.836 4692.983 4693.129 4693.276 4693.423 4693.569 4693.692 4693.766 4693.839 4693.912 4693.985 4694.171 4694.39 4694.609 4694.829 4695.0 4695.0 4695.001 4695.001 4695.002 4695.051 4695.125 4695.198 4695.271 4695.353 4695.499
4684.813 4685.18 4685.546 4685.912 4686.278 4686.645 4687.011 4687.377 4687.744 4688.11 4688.476 4688.842 4689.183 4689.403 4689.623 4689.842 4690.062 4690.184 4690.247 4690.309 4690.372 4690.441 4690.599 4690.755 4690.913 4691.07 4691.243 4691.431 4691.619 4691.807 4691.995 4692.066 4692.134 4692.202 4692.27 4692.373 4692.525 4692.677 4692.829 4692.98 4693.1 4693.214 4693.329 4693.444 4693.555 4693.66 4693.766 4693.871 4693.976 4694.132 4694.304 4694.476 4694.648 4694.793 4694.841 4694.889 4694.937 4694.984 4695.038 4695.096 4695.153 4695.21 4695.276 4695.407
4684.96 4685.327 4685.693 4686.059 4686.426 4686.792 4687.158 4687.524 4687.891 4688.257 4688.623 4688.989 4689.33 4689.55 4689.77 4689.989 4690.209 4690.324 4690.376 4690.428 4690.48 4690.54 4690.708 4690.876 4691.043 4691.211 4691.373 4691.529 4691.684 4691.84 4691.996 4692.061 4692.124 4692.186 4692.249 4692.351 4692.508 4692.665 4692.822 4692.979 4693.072 4693.154 4693.236 4693.319 4693.418 4693.556 4693.693 4693.831 4693.968 4694.095 4694.218 4694.342 4694.466 4694.583 4694.679 4694.775 4694.872 4694.968 4695.027 4695.069 4695.11 4695.151 4695.201 4695.315
4685.107 4685.474 4685.84 4686.207 4686.573 4686.939 4687.305 4687.671 4688.038 4688.404 4688.77 4689.136 4689.477 4689.697 4689.917 4690.136 4690.356 4690.464 4690.505 4690.546 4690.588 4690.639 4690.817 4690.996 4691.175 4691.353 4691.503 4691.626 4691.75 4691.873 4691.997 4692.056 4692.113 4692.17 4692.227 4692.329 4692.491 4692.654 4692.816 4692.979 4693.043 4693.094 4693.144 4693.194 4693.282 4693.452 4693.621 4693.791 4693.96 4694.058 4694.133 4694.208 4694.283 4694.374 4694.518 4694.663 4694.807 4694.952 4695.017 4695.042 4695.067 4695.092 4695.125 4695.224
4685.254 4685.621 4685.987 4686.354 4686.72 4687.086 4687.452 4687.818 4688.185 4688.551 4688.917 4689.283 4689.624 4689.844 4690.063 4690.283 4690.503 4690.604 4690.635 4690.666 4690.696 4690.738 4690.927 4691.116 4691.306 4691.495 4691.633 4691.724 4691.815 4691.906 4691.998 4692.05 4692.102 4692.154 4692.206 4692.306 4692.474 4692.642 4692.81 4692.978 4693.016 4693.033 4693.051 4693.069 4693.146 4693.347 4693.549 4693.751 4693.953 4694.021 4694.047 4694.074 4694.101 4694.164 4694.356 4694.549 4694.743 4694.936 4695.006 4695.015 4695.024 4695.033 4695.05 4695.132
4685.624 4685.985 4686.347 4686.704 4687.051 4687.398 4687.745 4688.092 4688.449 4688.811 4689.172 4689.533 4689.869 4690.081 4690.293 4690.506 4690.719 4690.814 4690.838 4690.863 4690.887 4690.923 4691.104 4691.285 4691.465 4691.646 4691.767 4691.833 4691.899 4691.965 4692.031 4692.09 4692.148 4692.207 4692.265 4692.364 4692.518 4692.672 4692.826 4692.98 4693.004 4693.009 4693.014 4693.019 4693.09 4693.306 4693.521 4693.735 4693.95 4694.0 4694.0 4694.0 4694.0 4694.048 4694.268 4694.487 4694.707 4694.927 4695.0 4695.0 4695.0 4695.0 4695.008 4695.074
4686.266 4686.616 4686.967 4687.305 4687.608 4687.912 4688.216 4688.52 4688.857 4689.208 4689.559 4689.91 4690.233 4690.43 4690.626 4690.822 4691.019 4691.108 4691.132 4691.157 4691.181 4691.215 4691.363 4691.512 4691.66 4691.809 4691.906 4691.956 4692.005 4692.055 4692.105 4692.184 4692.264 4692.344 4692.424 4692.52 4692.636 4692.752 4692.869 4692.985 4693.014 4693.029 4693.045 4693.061 4693.136 4693.34 4693.544 4693.749 4693.953 4694.0 4694.0 4694.0 4694.0 4694.048 4694.268 4694.487 4694.707 4694.927 4695.0 4695.0 4695.0 4695.0 4695.006 4695.056
4686.907 4687.247 4687.587 4687.905 4688.166 4688.427 4688.688 4688.948 4689.266 4689.606 4689.946 4690.286 4690.598 4690.778 4690.958 4691.139 4691.319 4691.402 4691.426 4691.451 4691.475 4691.506 4691.623 4691.739 4691.855 4691.971 4692.044 4692.078 4692.112 4692.146 4692.179 4692.279 4692.38 4692.482 4692.583 4692.675 4692.754 4692.833 4692.911 4692.99 4693.023 4693.049 4693.076 4693.102 4693.182 4693.375 4693.568 4693.762 4693.955 4694.0 4694.0 4694.0 4694.0 4694.048 4694.268 4694.487 4694.707 4694.927 4695.0 4695.0 4695.0 4695.0 4695.004 4695.038
4687.549 4687.878 4688.207 4688.506 4688.723 4688.941 4689.159 4689.376 4689.675 4690.004 4690.333 4690.662 4690.962 4691.126 4691.291 4691.455 4691.619 4691.696 4691.72 4691.745 4691.769 4691.798 4691.882 4691.966 4692.05 4692.133 4692.183 4692.2 4692.218 4692.235 4692.253 4692.373 4692.496 4692.619 4692.742 4692.831 4692.872 4692.913 4692.954 4692.995 4693.032 4693.069 4693.106 4693.144 4693.227 4693.41 4693.592 4693.775 4693.958 4694.0 4694.0 4694.0 4694.0 4694.048 4694.268 4694.487 4694.707 4694.927 4695.0 4695.0 4695.0 4695.0 4695.002 4695.02
4688.19 4688.509 4688.827 4689.106 4689.281 4689.455 4689.63 4689.804 4690.083 4690.402 4690.72 4691.039 4691.327 4691.475 4691.623 4691.771 4691.919 4691.99 4692.014 4692.039 4692.063 4692.089 4692.141 4692.193 4692.245 4692.296 4692.321 4692.323 4692.324 4692.326 4692.327 4692.467 4692.612 4692.757 4692.901 4692.986 4692.99 4692.993 4692.996 4693.0 4693.042 4693.089 4693.137 4693.185 4693.273 4693.444 4693.616 4693.788 4693.96 4694.0 4694.0 4694.0 4694.0 4694.048 4694.268 4694.487 4694.707 4694.927 4695.0 4695.0 4695.0 4695.0 4695.0 4695.001
4688.734 4689.061 4689.389 4689.671 4689.837 4690.003 4690.169 4690.335 4690.586 4690.869 4691.152 4691.435 4691.689 4691.806 4691.923 4692.04 4692.157 4692.213 4692.233 4692.252 4692.272 4692.293 4692.332 4692.371 4692.41 4692.449 4692.468 4692.468 4692.468 4692.468 4692.468 4692.581 4692.698 4692.815 4692.932 4693.019 4693.063 4693.107 4693.151 4693.195 4693.235 4693.274 4693.313 4693.352 4693.422 4693.559 4693.695 4693.832 4693.968 4694.034 4694.078 4694.123 4694.167 4694.239 4694.415 4694.59 4694.766 4694.941 4695.0 4695.0 4695.0 4695.0 4695.005 4695.049
4689.268 4689.606 4689.944 4690.233 4690.394 4690.554 4690.715 4690.875 4691.098 4691.343 4691.588 4691.833 4692.051 4692.136 4692.22 4692.305 4692.39 4692.431 4692.445 4692.459 4692.473 4692.488 4692.517 4692.544 4692.573 4692.601 4692.615 4692.615 4692.615 4692.615 4692.615 4692.697 4692.782 4692.866 4692.951 4693.039 4693.132 4693.224 4693.317 4693.41 4693.446 4693.475 4693.503 4693.531 4693.582 4693.681 4693.779 4693.878 4693.977 4694.071 4694.164 4694.256 4694.349 4694.449 4694.577 4694.704 4694.831 4694.958 4695.0 4695.0 4695.0 4695.0 4695.011 4695.104
4689.802 4690.151 4690.5 4690.795 4690.95 4691.105 4691.261 4691.416 4691.609 4691.817 4692.024 4692.232 4692.413 4692.465 4692.518 4692.57 4692.623 4692.647 4692.656 4692.665 4692.674 4692.683 4692.701 4692.718 4692.736 4692.753 4692.762 4692.762 4692.762 4692.762 4692.762 4692.813 4692.865 4692.917 4692.97 4693.059 4693.2 4693.341 4693.482 4693.624 4693.657 4693.675 4693.692 4693.71 4693.741 4693.802 4693.863 4693.925 4693.986 4694.108 4694.25 4694.391 4694.532 4694.659 4694.738 4694.816 4694.895 4694.974 4695.0 4695.0 4695.0 4695.0 4695.017 4695.158
4690.336 4690.695 4691.055 4691.357 4691.507 4691.657 4691.807 4691.957 4692.121 4692.291 4692.46 4692.631 4692.774 4692.794 4692.815 4692.835 4692.855 4692.865 4692.868 4692.872 4692.875 4692.878 4692.885 4692.892 4692.898 4692.905 4692.908 4692.908 4692.908 4692.908 4692.908 4692.928 4692.948 4692.968 4692.988 4693.08 4693.269 4693.459 4693.648 4693.838 4693.869 4693.875 4693.882 4693.889 4693.9 4693.924 4693.948 4693.971 4693.995 4694.146 4694.335 4694.525 4694.714 4694.869 4694.899 4694.93 4694.96 4694.99 4695.0 4695.0 4695.0 4695.0 4695.022 4695.211
4690.923 4691.277 4691.631 4691.926 4692.062 4692.198 4692.335 4692.471 4692.609 4692.748 4692.886 4693.024 4693.14 4693.146 4693.152 4693.158 4693.164 4693.162 4693.156 4693.15 4693.144 4693.139 4693.139 4693.139 4693.139 4693.139 4693.139 4693.139 4693.139 4693.139 4693.139 4693.139 4693.139 4693.139 4693.139 4693.223 4693.425 4693.626 4693.828 4694.029 4694.055 4694.055 4694.055 4694.055 4694.056 4694.058 4694.06 4694.062 4694.064 4694.223 4694.428 4694.634 4694.839 4695.0 4695.0 4695.0 4695.0 4695.0 4695.009 4695.023 4695.038 4695.052 4695.088 4695.294
4691.599 4691.921 4692.243 4692.506 4692.616 4692.725 4692.834 4692.944 4693.059 4693.176 4693.292 4693.409 4693.51 4693.532 4693.554 4693.576 4693.599 4693.593 4693.571 4693.549 4693.526 4693.506 4693.506 4693.506 4693.506 4693.506 4693.506 4693.506 4693.506 4693.506 4693.506 4693.506 4693.506 4693.506 4693.506 4693.57 4693.723 4693.876 4694.029 4694.182 4694.202 4694.202 4694.202 4694.202 4694.205 4694.212 4694.22 4694.227 4694.234 4694.365 4694.533 4694.701 4694.869 4695.0 4695.0 4695.0 4695.0 4695.0 4695.035 4695.086 4695.138 4695.19 4695.255 4695.423
4692.275 4692.564 4692.854 4693.086 4693.169 4693.251 4693.334 4693.417 4693.509 4693.604 4693.699 4693.794 4693.88 4693.918 4693.957 4693.995 4694.034 4694.024 4693.986 4693.947 4693.909 4693.873 4693.873 4693.873 4693.873 4693.873 4693.873 4693.873 4693.873 4693.873 4693.873 4693.873 4693.873 4693.873 4693.873 4693.917 4694.022 4694.126 4694.231 4694.335 4694.349 4694.349 4694.349 4694.349 4694.354 4694.366 4694.379 4694.392 4694.405 4694.507 4694.638 4694.768 4694.898 4695.0 4695.0 4695.0 4695.0 4695.0 4695.06 4695.149 4695.239 4695.329 4695.423 4695.553
4692.951 4693.208 4693.465 4693.667 4693.723 4693.778 4693.834 4693.89 4693.958 4694.032 4694.106 4694.18 4694.25 4694.305 4694.359 4694.414 4694.468 4694.455 4694.4 4694.346 4694.291 4694.241 4694.241 4694.241 4694.241 4694.241 4694.241 4694.241 4694.241 4694.241 4694.241 4694.241 4694.241 4694.241 4694.241 4694.264 4694.32 4694.376 4694.433 4694.489 4694.496 4694.496 4694.496 4694.496 4694.502 4694.52 4694.539 4694.557 4694.575 4694.65 4694.743 4694.835 4694.928 4695.0 4695.0 4695.0 4695.0 4695.0 4695.085 4695.212 4695.339 4695.466 4695.59 4695.682
