data/zism_data/00005_01_D.txt
ncols         224
nrows         224
[rows 28 to 55 of 224, columns 126 to 188 of 224]
2091.767 2093.317 2094.867 2096.417 2097.967 2098.782 2099.031 2099.281 2099.531 2099.777 2099.826 2099.875 2099.925 2099.974 2100.0 2100.0 2100.0 2100.0 2100.0 2100.0 2100.0 2100.0 2100.0 2099.973 2099.9 2099.826 2099.752 2099.678 2098.229 2096.459 2094.69 2092.921 2089.858 2083.129 2076.401 2069.672 2062.944 2055.719 2048.292 2040.864 2033.437 2026.252 2020.343 2014.435 2008.526 2002.618 1995.068 1986.464 1977.86 1969.255 1960.653 1952.081 1943.509 1934.937 1926.365 1923.707 1926.793 1929.879 1932.965 1936.05 1944.298 1952.78 1961.261
2086.966 2089.264 2091.562 2093.86 2096.158 2097.447 2097.958 2098.469 2098.981 2099.486 2099.6 2099.713 2099.826 2099.939 2100.0 2100.0 2100.0 2100.0 2100.0 2100.0 2100.0 2100.0 2100.0 2099.938 2099.769 2099.599 2099.429 2099.259 2097.262 2094.841 2092.419 2089.998 2086.357 2079.26 2072.163 2065.066 2057.968 2050.519 2042.926 2035.333 2027.74 2020.421 2014.544 2008.668 2002.792 1996.915 1989.196 1980.293 1971.389 1962.486 1953.627 1945.499 1937.37 1929.242 1921.114 1919.229 1923.41 1927.592 1931.773 1935.954 1945.266 1954.811 1964.356
2082.165 2085.211 2088.258 2091.304 2094.35 2096.111 2096.885 2097.658 2098.431 2099.195 2099.373 2099.55 2099.728 2099.905 2100.0 2100.0 2100.0 2100.0 2100.0 2100.0 2100.0 2100.0 2100.0 2099.904 2099.637 2099.371 2099.105 2098.839 2096.295 2093.222 2090.149 2087.076 2082.857 2075.391 2067.925 2060.459 2052.993 2045.319 2037.561 2029.802 2022.043 2014.59 2008.746 2002.901 1997.057 1991.212 1983.324 1974.121 1964.918 1955.716 1946.601 1938.916 1931.231 1923.547 1915.862 1914.751 1920.028 1925.305 1930.581 1935.858 1946.234 1956.843 1967.452
2077.364 2081.158 2084.953 2088.747 2092.541 2094.776 2095.811 2096.846 2097.881 2098.905 2099.146 2099.387 2099.629 2099.871 2100.0 2100.0 2100.0 2100.0 2100.0 2100.0 2100.0 2100.0 2100.0 2099.869 2099.507 2099.144 2098.782 2098.42 2095.328 2091.603 2087.878 2084.153 2079.356 2071.522 2063.687 2055.853 2048.018 2040.12 2032.195 2024.271 2016.347 2008.759 2002.947 1997.135 1991.322 1985.51 1977.452 1967.95 1958.448 1948.946 1939.575 1932.334 1925.092 1917.851 1910.61 1910.274 1916.646 1923.018 1929.39 1935.762 1947.203 1958.875 1970.547
2071.834 2076.281 2080.729 2085.176 2089.624 2092.331 2093.698 2095.065 2096.433 2097.786 2098.198 2098.61 2099.022 2099.434 2099.67 2099.701 2099.733 2099.764 2099.796 2099.748 2099.692 2099.636 2099.58 2099.343 2098.785 2098.228 2097.67 2097.113 2093.461 2089.09 2084.72 2080.349 2074.992 2066.841 2058.689 2050.537 2042.385 2034.302 2026.245 2018.189 2010.133 2002.436 1996.633 1990.829 1985.026 1979.222 1971.093 1961.469 1951.845 1942.22 1932.77 1926.134 1919.498 1912.862 1906.227 1906.677 1914.012 1921.347 1928.682 1936.016 1948.351 1960.914 1973.476
2063.33 2068.044 2072.759 2077.474 2082.188 2085.362 2087.349 2089.336 2091.323 2093.297 2094.312 2095.328 2096.344 2097.36 2097.993 2098.185 2098.377 2098.569 2098.761 2098.468 2098.129 2097.79 2097.451 2096.816 2095.66 2094.504 2093.348 2092.193 2087.925 2082.934 2077.944 2072.954 2067.111 2058.852 2050.593 2042.335 2034.076 2025.965 2017.914 2009.863 2001.813 1994.106 1988.217 1982.328 1976.439 1970.551 1962.752 1953.726 1944.701 1935.675 1926.861 1921.492 1916.122 1910.753 1905.384 1906.673 1914.429 1922.186 1929.943 1937.7 1950.232 1962.982 1975.731
2054.826 2059.808 2064.79 2069.771 2074.753 2078.393 2081.0 2083.607 2086.214 2088.807 2090.427 2092.046 2093.666 2095.285 2096.317 2096.669 2097.021 2097.374 2097.726 2097.188 2096.566 2095.944 2095.322 2094.289 2092.535 2090.781 2089.026 2087.272 2082.388 2076.778 2071.168 2065.558 2059.229 2050.863 2042.498 2034.132 2025.767 2017.628 2009.583 2001.537 1993.492 1985.777 1979.802 1973.828 1967.853 1961.879 1954.411 1945.984 1937.557 1929.129 1920.953 1916.85 1912.747 1908.644 1904.541 1906.668 1914.847 1923.026 1931.205 1939.384 1952.113 1965.05 1977.986
2046.322 2051.571 2056.82 2062.069 2067.318 2071.424 2074.651 2077.878 2081.105 2084.317 2086.541 2088.764 2090.987 2093.211 2094.641 2095.153 2095.666 2096.178 2096.69 2095.908 2095.003 2094.097 2093.192 2091.762 2089.409 2087.057 2084.704 2082.351 2076.852 2070.622 2064.391 2058.161 2051.346 2042.874 2034.402 2025.929 2017.457 2009.292 2001.251 1993.211 1985.171 1977.447 1971.387 1965.327 1959.267 1953.207 1946.07 1938.241 1930.412 1922.584 1915.044 1912.208 1909.371 1906.535 1903.698 1906.663 1915.264 1923.865 1932.466 1941.067 1953.994 1967.118 1980.241
2037.818 2043.334 2048.85 2054.366 2059.883 2064.455 2068.302 2072.149 2075.996 2079.828 2082.655 2085.482 2088.309 2091.136 2092.964 2093.637 2094.31 2094.982 2095.655 2094.628 2093.44 2092.251 2091.063 2089.235 2086.284 2083.333 2080.382 2077.431 2071.315 2064.465 2057.615 2050.766 2043.465 2034.885 2026.306 2017.727 2009.148 2000.955 1992.92 1984.885 1976.85 1969.117 1962.971 1956.826 1950.681 1944.535 1937.729 1930.499 1923.269 1916.038 1909.136 1907.566 1905.995 1904.425 1902.855 1906.658 1915.682 1924.705 1933.728 1942.751 1955.875 1969.186 1982.496
2030.813 2036.096 2041.38 2046.663 2051.947 2056.583 2060.721 2064.859 2068.997 2073.121 2076.354 2079.587 2082.821 2086.053 2088.155 2088.948 2089.74 2090.533 2091.326 2090.128 2088.74 2087.352 2085.964 2083.857 2080.485 2077.114 2073.741 2070.37 2064.154 2057.278 2050.402 2043.526 2036.297 2028.071 2019.844 2011.618 2003.391 1995.321 1987.315 1979.309 1971.303 1963.558 1957.19 1950.822 1944.453 1938.085 1931.638 1925.14 1918.642 1912.144 1905.986 1905.343 1904.701 1904.058 1903.416 1908.052 1917.816 1927.58 1937.344 1947.108 1959.917 1972.864 1985.812
2024.696 2029.451 2034.205 2038.96 2043.714 2048.175 2052.409 2056.643 2060.877 2065.101 2068.622 2072.144 2075.666 2079.187 2081.488 2082.377 2083.266 2084.155 2085.044 2083.717 2082.18 2080.642 2079.104 2076.788 2073.101 2069.414 2065.727 2062.04 2056.029 2049.479 2042.929 2036.379 2029.554 2021.953 2014.352 2006.75 1999.149 1991.291 1983.327 1975.364 1967.401 1959.643 1952.97 1946.297 1939.624 1932.951 1926.879 1921.194 1915.508 1909.823 1904.472 1904.556 1904.64 1904.724 1904.808 1910.274 1920.968 1931.662 1942.356 1953.049 1965.239 1977.497 1989.756
2018.58 2022.805 2027.031 2031.256 2035.482 2039.766 2044.097 2048.427 2052.757 2057.08 2060.89 2064.7 2068.511 2072.321 2074.821 2075.806 2076.791 2077.776 2078.761 2077.307 2075.619 2073.932 2072.245 2069.719 2065.717 2061.714 2057.712 2053.709 2047.904 2041.68 2035.455 2029.231 2022.811 2015.835 2008.859 2001.883 1994.907 1987.26 1979.339 1971.419 1963.498 1955.728 1948.751 1941.773 1934.795 1927.818 1922.121 1917.248 1912.375 1907.501 1902.958 1903.768 1904.579 1905.39 1906.201 1912.497 1924.12 1935.744 1947.367 1958.991 1970.562 1982.131 1993.7
2012.463 2016.16 2019.856 2023.553 2027.249 2031.358 2035.785 2040.211 2044.638 2049.059 2053.158 2057.257 2061.356 2065.454 2068.154 2069.235 2070.316 2071.398 2072.479 2070.896 2069.059 2067.222 2065.386 2062.65 2058.332 2054.015 2049.697 2045.379 2039.779 2033.88 2027.982 2022.084 2016.068 2009.717 2003.366 1997.015 1990.664 1983.229 1975.351 1967.474 1959.596 1951.813 1944.531 1937.249 1929.967 1922.684 1917.363 1913.302 1909.241 1905.18 1901.443 1902.981 1904.519 1906.056 1907.594 1914.719 1927.273 1939.826 1952.379 1964.932 1975.885 1986.764 1997.644
2006.618 2009.771 2012.925 2016.079 2019.233 2023.144 2027.637 2032.13 2036.623 2041.114 2045.466 2049.818 2054.17 2058.522 2061.393 2062.553 2063.713 2064.873 2066.032 2064.342 2062.38 2060.418 2058.457 2055.535 2050.924 2046.313 2041.702 2037.091 2031.706 2026.142 2020.577 2015.012 2009.402 2003.661 1997.92 1992.179 1986.438 1979.219 1971.396 1963.573 1955.751 1947.972 1940.42 1932.868 1925.316 1917.764 1912.812 1909.531 1906.25 1902.968 1900.007 1902.237 1904.467 1906.697 1908.927 1916.837 1930.264 1943.692 1957.12 1970.547 1980.884 1991.08 2001.276
2005.143 2007.533 2009.923 2012.312 2014.702 2018.048 2022.129 2026.211 2030.292 2034.373 2038.41 2042.447 2046.484 2050.521 2053.126 2054.078 2055.029 2055.98 2056.932 2055.472 2053.783 2052.094 2050.405 2047.68 2043.133 2038.586 2034.04 2029.493 2024.489 2019.378 2014.267 2009.157 2003.977 1998.599 1993.221 1987.844 1982.466 1975.534 1967.968 1960.402 1952.836 1945.319 1938.062 1930.804 1923.546 1916.288 1911.607 1908.582 1905.557 1902.532 1899.82 1902.189 1904.558 1906.927 1909.296 1917.264 1930.67 1944.076 1957.482 1970.888 1980.662 1990.27 1999.878
2003.669 2005.294 2006.92 2008.545 2010.171 2012.952 2016.622 2020.292 2023.963 2027.633 2031.355 2035.076 2038.798 2042.519 2044.86 2045.603 2046.346 2047.089 2047.832 2046.603 2045.186 2043.769 2042.352 2039.825 2035.342 2030.859 2026.377 2021.894 2017.271 2012.614 2007.958 2003.302 1998.552 1993.537 1988.523 1983.509 1978.495 1971.85 1964.541 1957.231 1949.922 1942.667 1935.703 1928.739 1921.775 1914.811 1910.401 1907.633 1904.864 1902.096 1899.634 1902.142 1904.65 1907.157 1909.665 1917.69 1931.075 1944.46 1957.845 1971.23 1980.44 1989.461 1998.481
2002.194 2003.056 2003.917 2004.779 2005.64 2007.856 2011.115 2014.374 2017.632 2020.893 2024.3 2027.706 2031.112 2034.518 2036.593 2037.127 2037.662 2038.197 2038.731 2037.733 2036.589 2035.444 2034.3 2031.97 2027.551 2023.133 2018.714 2014.296 2010.053 2005.85 2001.648 1997.446 1993.127 1988.476 1983.825 1979.174 1974.523 1968.166 1961.113 1954.06 1947.007 1940.015 1933.345 1926.675 1920.005 1913.334 1909.195 1906.684 1904.172 1901.66 1899.447 1902.094 1904.741 1907.388 1910.034 1918.117 1931.481 1944.844 1958.208 1971.571 1980.218 1988.651 1997.084
2000.719 2000.817 2000.914 2001.012 2001.109 2002.761 2005.608 2008.455 2011.302 2014.153 2017.244 2020.335 2023.426 2026.517 2028.326 2028.652 2028.978 2029.305 2029.631 2028.863 2027.992 2027.12 2026.248 2024.115 2019.76 2015.406 2011.051 2006.697 2002.835 1999.087 1995.339 1991.591 1987.702 1983.414 1979.127 1974.839 1970.551 1964.482 1957.685 1950.889 1944.092 1937.363 1930.986 1924.61 1918.234 1911.858 1907.99 1905.734 1903.479 1901.224 1899.261 1902.047 1904.832 1907.618 1910.404 1918.544 1931.886 1945.228 1958.57 1971.912 1979.996 1987.841 1995.686
2000.302 1999.834 1999.366 1998.898 1998.43 1999.54 2001.863 2004.187 2006.51 2008.838 2011.465 2014.091 2016.718 2019.345 2020.813 2020.941 2021.07 2021.198 2021.326 2020.559 2019.706 2018.854 2018.001 2015.903 2011.612 2007.322 2003.032 1998.741 1995.237 1991.914 1988.591 1985.269 1981.796 1977.898 1974.0 1970.102 1966.204 1960.426 1953.88 1947.335 1940.79 1934.329 1928.317 1922.306 1916.294 1910.282 1906.735 1904.773 1902.811 1900.848 1899.159 1901.906 1904.653 1907.4 1910.147 1918.029 1930.901 1943.772 1956.643 1969.514 1977.176 1984.6 1992.025
2000.99 2000.164 1999.338 1998.512 1997.686 1998.278 1999.96 2001.642 2003.324 2005.011 2007.018 2009.025 2011.032 2013.039 2014.088 2014.029 2013.97 2013.912 2013.853 2012.845 2011.746 2010.648 2009.549 2007.318 2003.092 1998.865 1994.639 1990.413 1987.241 1984.314 1981.387 1978.46 1975.388 1971.907 1968.425 1964.944 1961.463 1955.98 1949.68 1943.381 1937.081 1930.897 1925.324 1919.75 1914.177 1908.603 1905.429 1903.798 1902.167 1900.536 1899.146 1901.669 1904.191 1906.714 1909.236 1916.531 1928.462 1940.393 1952.324 1964.254 1971.64 1978.818 1985.997
2001.678 2000.494 1999.31 1998.126 1996.942 1997.016 1998.057 1999.098 2000.138 2001.184 2002.572 2003.959 2005.346 2006.733 2007.363 2007.117 2006.871 2006.626 2006.38 2005.131 2003.787 2002.443 2001.098 1998.733 1994.571 1990.409 1986.247 1982.085 1979.246 1976.714 1974.182 1971.651 1968.98 1965.916 1962.851 1959.786 1956.722 1951.535 1945.481 1939.427 1933.373 1927.466 1922.33 1917.195 1912.059 1906.924 1904.123 1902.823 1901.524 1900.224 1899.133 1901.431 1903.729 1906.027 1908.326 1915.033 1926.023 1937.014 1948.004 1958.994 1966.104 1973.036 1979.969
2002.366 2000.824 1999.282 1997.74 1996.198 1995.754 1996.153 1996.553 1996.953 1997.358 1998.125 1998.892 1999.66 2000.427 2000.638 2000.205 1999.772 1999.34 1998.907 1997.417 1995.827 1994.237 1992.647 1990.148 1986.051 1981.953 1977.855 1973.757 1971.251 1969.115 1966.978 1964.842 1962.572 1959.924 1957.277 1954.629 1951.981 1947.089 1941.281 1935.473 1929.665 1924.034 1919.337 1914.639 1909.942 1905.245 1902.817 1901.849 1900.88 1899.912 1899.12 1901.194 1903.268 1905.341 1907.415 1913.535 1923.585 1933.635 1943.684 1953.734 1960.568 1967.255 1973.942
2003.054 2001.154 1999.254 1997.354 1995.454 1994.491 1994.25 1994.008 1993.767 1993.531 1993.679 1993.826 1993.974 1994.121 1993.913 1993.293 1992.673 1992.053 1991.434 1989.704 1987.868 1986.032 1984.196 1981.564 1977.53 1973.496 1969.462 1965.429 1963.256 1961.515 1959.774 1958.033 1956.164 1953.933 1951.702 1949.471 1947.24 1942.644 1937.081 1931.519 1925.957 1920.603 1916.343 1912.084 1907.825 1903.566 1901.511 1900.874 1900.237 1899.6 1899.107 1900.956 1902.806 1904.655 1906.504 1912.036 1921.146 1930.255 1939.365 1948.474 1955.032 1961.473 1967.914
2003.43 2001.374 1999.317 1997.26 1995.204 1994.036 1993.551 1993.067 1992.582 1992.1 1991.839 1991.578 1991.317 1991.056 1990.453 1989.455 1988.456 1987.458 1986.459 1984.153 1981.723 1979.292 1976.861 1973.77 1969.515 1965.26 1961.006 1956.751 1954.65 1953.049 1951.448 1949.847 1948.18 1946.327 1944.473 1942.62 1940.766 1936.747 1931.843 1926.939 1922.036 1917.331 1913.672 1910.013 1906.354 1902.695 1900.955 1900.448 1899.94 1899.433 1899.048 1900.653 1902.259 1903.864 1905.469 1910.229 1918.054 1925.879 1933.704 1941.529 1947.438 1953.26 1959.082
2003.779 2001.583 1999.388 1997.192 1994.997 1993.65 1992.957 1992.264 1991.571 1990.879 1990.228 1989.577 1988.926 1988.274 1987.279 1985.885 1984.491 1983.097 1981.703 1978.792 1975.736 1972.68 1969.624 1966.045 1961.545 1957.044 1952.544 1948.043 1945.991 1944.508 1943.024 1941.541 1940.058 1938.579 1937.099 1935.62 1934.141 1930.723 1926.514 1922.305 1918.096 1914.073 1911.028 1907.984 1904.94 1901.896 1900.464 1900.069 1899.674 1899.279 1898.985 1900.345 1901.704 1903.063 1904.423 1908.395 1914.906 1921.416 1927.927 1934.437 1939.665 1944.835 1950.005
2004.128 2001.793 1999.459 1997.124 1994.79 1993.265 1992.364 1991.462 1990.561 1989.657 1988.616 1987.575 1986.534 1985.493 1984.104 1982.315 1980.526 1978.736 1976.947 1973.431 1969.749 1966.068 1962.387 1958.32 1953.574 1948.828 1944.081 1939.335 1937.332 1935.966 1934.6 1933.234 1931.937 1930.831 1929.726 1928.62 1927.515 1924.699 1921.185 1917.671 1914.156 1910.815 1908.385 1905.955 1903.526 1901.096 1899.973 1899.69 1899.407 1899.124 1898.922 1900.036 1901.15 1902.263 1903.377 1906.561 1911.757 1916.953 1922.149 1927.345 1931.892 1936.411 1940.929
2004.476 2002.003 1999.529 1997.056 1994.583 1992.88 1991.77 1990.66 1989.55 1988.436 1987.005 1985.573 1984.142 1982.711 1980.93 1978.745 1976.56 1974.376 1972.191 1968.069 1963.763 1959.456 1955.15 1950.595 1945.603 1940.611 1935.619 1930.627 1928.673 1927.425 1926.177 1924.928 1923.815 1923.083 1922.352 1921.621 1920.89 1918.675 1915.856 1913.036 1910.217 1907.557 1905.742 1903.927 1902.111 1900.296 1899.482 1899.311 1899.141 1898.97 1898.86 1899.727 1900.595 1901.463 1902.331 1904.727 1908.609 1912.49 1916.371 1920.253 1924.12 1927.986 1931.852
2004.555 2002.042 1999.529 1997.016 1994.503 1992.728 1991.522 1990.317 1989.111 1987.899 1986.31 1984.721 1983.131 1981.542 1979.553 1977.102 1974.651 1972.2 1969.749 1964.974 1959.977 1954.98 1949.983 1944.841 1939.444 1934.047 1928.65 1923.253 1921.335 1920.224 1919.114 1918.004 1917.064 1916.608 1916.151 1915.695 1915.239 1913.553 1911.367 1909.18 1906.993 1904.944 1903.62 1902.295 1900.971 1899.647 1899.067 1898.965 1898.864 1898.762 1898.706 1899.37 1900.036 1900.701 1901.365 1903.12 1905.932 1908.744 1911.556 1914.368 1917.558 1920.765 1923.971
