data/zism_data/00004_03_D.txt
ncols         224
nrows         224
[rows 140 to 167 of 224, columns 63 to 125 of 224]
1203.234 1203.421 1203.608 1203.653 1203.476 1203.3 1203.123 1202.946 1203.38 1203.905 1204.429 1204.954 1206.18 1208.694 1211.209 1213.723 1216.238 1218.993 1221.797 1224.6 1227.403 1230.032 1232.282 1234.533 1236.784 1239.035 1241.079 1243.071 1245.063 1247.055 1248.879 1250.271 1251.662 1253.054 1254.446 1254.776 1254.775 1254.774 1254.773 1254.372 1252.738 1251.104 1249.47 1247.835 1245.259 1242.329 1239.399 1236.469 1233.42 1229.923 1226.426 1222.929 1219.432 1216.395 1213.563 1210.731 1207.899 1205.374 1204.317 1203.259 1202.202 1201.145 1200.667
1202.603 1202.779 1202.955 1203.002 1202.847 1202.692 1202.537 1202.382 1202.734 1203.161 1203.589 1204.016 1205.2 1207.774 1210.348 1212.922 1215.495 1218.482 1221.55 1224.618 1227.686 1230.55 1232.974 1235.398 1237.822 1240.245 1242.324 1244.316 1246.308 1248.301 1250.121 1251.502 1252.883 1254.264 1255.645 1255.931 1255.876 1255.821 1255.766 1255.237 1253.246 1251.255 1249.265 1247.274 1244.655 1241.801 1238.946 1236.092 1233.163 1229.952 1226.741 1223.531 1220.32 1217.423 1214.667 1211.911 1209.155 1206.647 1205.325 1204.003 1202.681 1201.359 1200.771
1201.972 1202.137 1202.302 1202.352 1202.218 1202.085 1201.951 1201.818 1202.088 1202.418 1202.748 1203.078 1204.22 1206.853 1209.487 1212.12 1214.753 1217.97 1221.303 1224.636 1227.969 1231.069 1233.666 1236.262 1238.859 1241.456 1243.57 1245.562 1247.554 1249.546 1251.363 1252.733 1254.104 1255.474 1256.844 1257.086 1256.977 1256.868 1256.759 1256.102 1253.755 1251.407 1249.059 1246.712 1244.051 1241.272 1238.493 1235.714 1232.905 1229.981 1227.057 1224.132 1221.208 1218.452 1215.772 1213.091 1210.411 1207.919 1206.332 1204.746 1203.159 1201.572 1200.876
1201.341 1201.496 1201.65 1201.701 1201.589 1201.477 1201.365 1201.253 1201.442 1201.674 1201.907 1202.14 1203.24 1205.932 1208.625 1211.318 1214.011 1217.459 1221.057 1224.654 1228.252 1231.588 1234.357 1237.127 1239.896 1242.666 1244.815 1246.807 1248.799 1250.791 1252.605 1253.965 1255.324 1256.683 1258.043 1258.241 1258.078 1257.915 1257.752 1256.967 1254.263 1251.559 1248.854 1246.15 1243.447 1240.743 1238.04 1235.337 1232.647 1230.01 1227.372 1224.734 1222.096 1219.481 1216.876 1214.271 1211.667 1209.192 1207.34 1205.489 1203.637 1201.786 1200.98
1200.87 1201.005 1201.14 1201.188 1201.098 1201.007 1200.917 1200.827 1201.017 1201.248 1201.479 1201.71 1202.826 1205.568 1208.311 1211.053 1213.795 1217.322 1221.006 1224.689 1228.372 1231.791 1234.638 1237.484 1240.331 1243.178 1245.357 1247.367 1249.378 1251.388 1253.242 1254.697 1256.151 1257.606 1259.06 1259.366 1259.313 1259.261 1259.209 1258.443 1255.472 1252.5 1249.529 1246.557 1243.775 1241.064 1238.353 1235.642 1232.983 1230.519 1228.056 1225.593 1223.129 1220.561 1217.947 1215.332 1212.717 1210.199 1208.141 1206.084 1204.027 1201.969 1201.077
1200.661 1200.764 1200.867 1200.903 1200.835 1200.766 1200.698 1200.629 1200.958 1201.346 1201.734 1202.121 1203.351 1206.125 1208.9 1211.674 1214.448 1217.806 1221.278 1224.751 1228.223 1231.472 1234.238 1237.004 1239.769 1242.535 1244.737 1246.796 1248.855 1250.914 1252.879 1254.603 1256.328 1258.053 1259.777 1260.44 1260.771 1261.103 1261.434 1260.929 1257.839 1254.748 1251.658 1248.568 1245.647 1242.79 1239.933 1237.076 1234.299 1231.825 1229.351 1226.876 1224.402 1221.727 1218.961 1216.194 1213.428 1210.766 1208.601 1206.435 1204.27 1202.104 1201.16
1200.453 1200.523 1200.594 1200.619 1200.572 1200.525 1200.478 1200.431 1200.899 1201.443 1201.988 1202.533 1203.875 1206.682 1209.489 1212.296 1215.102 1218.289 1221.551 1224.813 1228.074 1231.153 1233.838 1236.523 1239.208 1241.892 1244.116 1246.224 1248.332 1250.439 1252.515 1254.51 1256.505 1258.5 1260.495 1261.514 1262.229 1262.944 1263.659 1263.414 1260.205 1256.996 1253.787 1250.578 1247.519 1244.516 1241.513 1238.51 1235.615 1233.13 1230.645 1228.16 1225.675 1222.892 1219.974 1217.057 1214.14 1211.333 1209.06 1206.786 1204.513 1202.24 1201.244
1200.245 1200.283 1200.321 1200.334 1200.309 1200.283 1200.258 1200.233 1200.84 1201.541 1202.243 1202.944 1204.399 1207.238 1210.078 1212.917 1215.756 1218.772 1221.823 1224.874 1227.925 1230.835 1233.438 1236.042 1238.646 1241.249 1243.496 1245.652 1247.808 1249.965 1252.151 1254.417 1256.682 1258.947 1261.212 1262.587 1263.686 1264.785 1265.884 1265.9 1262.572 1259.244 1255.916 1252.588 1249.39 1246.242 1243.093 1239.944 1236.932 1234.436 1231.94 1229.444 1226.948 1224.057 1220.988 1217.92 1214.851 1211.901 1209.519 1207.138 1204.756 1202.374 1201.327
1200.036 1200.042 1200.047 1200.049 1200.046 1200.042 1200.038 1200.034 1200.781 1201.639 1202.497 1203.355 1204.923 1207.795 1210.667 1213.538 1216.41 1219.256 1222.096 1224.936 1227.776 1230.516 1233.039 1235.561 1238.084 1240.606 1242.875 1245.08 1247.285 1249.49 1251.788 1254.323 1256.858 1259.394 1261.929 1263.661 1265.144 1266.627 1268.109 1268.386 1264.939 1261.492 1258.045 1254.598 1251.262 1247.967 1244.673 1241.378 1238.248 1235.741 1233.234 1230.728 1228.221 1225.222 1222.002 1218.782 1215.562 1212.468 1209.979 1207.489 1204.999 1202.509 1201.411
1200.0 1200.0 1200.0 1200.014 1200.05 1200.085 1200.121 1200.157 1201.014 1201.993 1202.972 1203.951 1205.558 1208.32 1211.081 1213.842 1216.604 1219.281 1221.942 1224.602 1227.263 1229.829 1232.19 1234.551 1236.913 1239.274 1241.417 1243.505 1245.594 1247.682 1249.88 1252.36 1254.839 1257.319 1259.799 1261.501 1262.961 1264.421 1265.881 1266.255 1263.274 1260.293 1257.312 1254.331 1251.321 1248.3 1245.279 1242.258 1239.339 1236.808 1234.278 1231.747 1229.216 1226.24 1223.066 1219.891 1216.716 1213.659 1211.168 1208.678 1206.187 1203.697 1202.551
1200.0 1200.0 1200.0 1200.031 1200.11 1200.189 1200.268 1200.346 1201.308 1202.4 1203.493 1204.586 1206.217 1208.838 1211.458 1214.079 1216.7 1219.21 1221.698 1224.186 1226.673 1229.065 1231.247 1233.43 1235.613 1237.796 1239.782 1241.719 1243.656 1245.594 1247.648 1250.003 1252.359 1254.714 1257.069 1258.659 1260.011 1261.363 1262.715 1263.151 1260.76 1258.368 1255.976 1253.584 1250.998 1248.339 1245.68 1243.021 1240.384 1237.826 1235.268 1232.71 1230.152 1227.228 1224.14 1221.051 1217.963 1214.981 1212.512 1210.043 1207.574 1205.105 1203.914
1200.0 1200.0 1200.0 1200.047 1200.17 1200.292 1200.414 1200.536 1201.602 1202.808 1204.014 1205.22 1206.875 1209.356 1211.836 1214.316 1216.797 1219.139 1221.454 1223.769 1226.083 1228.3 1230.305 1232.309 1234.313 1236.318 1238.148 1239.934 1241.719 1243.505 1245.416 1247.647 1249.878 1252.109 1254.34 1255.818 1257.062 1258.306 1259.55 1260.048 1258.245 1256.443 1254.64 1252.837 1250.675 1248.378 1246.081 1243.785 1241.428 1238.843 1236.258 1233.673 1231.088 1228.215 1225.214 1222.212 1219.21 1216.304 1213.856 1211.409 1208.961 1206.514 1205.277
1200.0 1200.0 1200.0 1200.064 1200.23 1200.395 1200.561 1200.726 1201.896 1203.216 1204.535 1205.855 1207.534 1209.874 1212.214 1214.553 1216.893 1219.068 1221.21 1223.352 1225.494 1227.536 1229.362 1231.188 1233.014 1234.84 1236.513 1238.148 1239.782 1241.416 1243.183 1245.29 1247.397 1249.503 1251.61 1252.976 1254.112 1255.248 1256.384 1256.945 1255.731 1254.517 1253.303 1252.09 1250.352 1248.417 1246.483 1244.548 1242.472 1239.86 1237.248 1234.636 1232.025 1229.203 1226.288 1223.372 1220.457 1217.626 1215.2 1212.774 1210.348 1207.923 1206.64
1200.0 1200.0 1200.0 1200.086 1200.308 1200.53 1200.752 1200.974 1202.205 1203.586 1204.967 1206.348 1208.012 1210.197 1212.381 1214.566 1216.75 1218.761 1220.737 1222.714 1224.69 1226.557 1228.189 1229.82 1231.452 1233.083 1234.536 1235.943 1237.35 1238.757 1240.322 1242.293 1244.263 1246.234 1248.204 1249.49 1250.562 1251.635 1252.707 1253.346 1252.649 1251.951 1251.254 1250.556 1249.238 1247.686 1246.134 1244.582 1242.821 1240.266 1237.71 1235.154 1232.599 1229.881 1227.091 1224.301 1221.51 1218.793 1216.424 1214.056 1211.688 1209.319 1208.004
1200.0 1200.0 1200.0 1200.122 1200.436 1200.75 1201.064 1201.378 1202.555 1203.86 1205.165 1206.471 1208.017 1210.007 1211.997 1213.987 1215.976 1217.833 1219.664 1221.494 1223.325 1225.017 1226.411 1227.804 1229.198 1230.592 1231.655 1232.636 1233.616 1234.596 1235.807 1237.61 1239.413 1241.216 1243.019 1244.306 1245.433 1246.559 1247.685 1248.445 1248.072 1247.698 1247.325 1246.951 1246.04 1244.926 1243.812 1242.698 1241.34 1239.06 1236.781 1234.5 1232.221 1229.745 1227.182 1224.618 1222.055 1219.551 1217.334 1215.117 1212.9 1210.683 1209.367
1200.0 1200.0 1200.0 1200.158 1200.563 1200.969 1201.375 1201.781 1202.904 1204.133 1205.363 1206.593 1208.022 1209.817 1211.612 1213.408 1215.203 1216.906 1218.59 1220.275 1221.96 1223.477 1224.633 1225.789 1226.945 1228.1 1228.775 1229.329 1229.882 1230.435 1231.292 1232.928 1234.563 1236.198 1237.834 1239.122 1240.303 1241.483 1242.664 1243.543 1243.494 1243.445 1243.396 1243.347 1242.842 1242.166 1241.489 1240.813 1239.86 1237.855 1235.851 1233.847 1231.842 1229.609 1227.272 1224.936 1222.6 1220.31 1218.244 1216.178 1214.113 1212.047 1210.73
1200.0 1200.0 1200.0 1200.193 1200.691 1201.189 1201.686 1202.184 1203.253 1204.407 1205.561 1206.715 1208.026 1209.627 1211.228 1212.829 1214.429 1215.978 1217.517 1219.056 1220.594 1221.937 1222.855 1223.773 1224.691 1225.609 1225.895 1226.021 1226.148 1226.274 1226.777 1228.245 1229.713 1231.181 1232.649 1233.939 1235.173 1236.408 1237.642 1238.642 1238.917 1239.192 1239.467 1239.742 1239.644 1239.406 1239.167 1238.928 1238.379 1236.65 1234.922 1233.193 1231.464 1229.472 1227.363 1225.254 1223.144 1221.069 1219.154 1217.24 1215.325 1213.411 1212.093
1200.0 1200.0 1200.0 1200.229 1200.819 1201.408 1201.998 1202.587 1203.602 1204.681 1205.759 1206.837 1208.031 1209.437 1210.844 1212.25 1213.656 1215.051 1216.444 1217.837 1219.229 1220.397 1221.077 1221.757 1222.438 1223.118 1223.015 1222.714 1222.414 1222.114 1222.262 1223.563 1224.863 1226.163 1227.464 1228.755 1230.044 1231.332 1232.621 1233.741 1234.34 1234.939 1235.538 1236.138 1236.446 1236.646 1236.845 1237.044 1236.898 1235.445 1233.992 1232.539 1231.086 1229.336 1227.454 1225.571 1223.689 1221.827 1220.064 1218.301 1216.538 1214.774 1213.456
1200.0 1200.0 1200.0 1200.201 1200.718 1201.235 1201.752 1202.269 1203.191 1204.174 1205.157 1206.141 1207.219 1208.474 1209.729 1210.984 1212.238 1213.522 1214.812 1216.102 1217.392 1218.445 1218.985 1219.526 1220.066 1220.607 1220.238 1219.64 1219.042 1218.443 1218.302 1219.333 1220.364 1221.395 1222.426 1223.677 1224.996 1226.315 1227.634 1228.853 1229.761 1230.669 1231.577 1232.484 1233.133 1233.684 1234.234 1234.785 1234.979 1233.821 1232.663 1231.505 1230.348 1228.835 1227.164 1225.493 1223.822 1222.159 1220.536 1218.912 1217.288 1215.665 1214.38
1200.0 1200.0 1200.0 1200.148 1200.53 1200.912 1201.294 1201.676 1202.491 1203.372 1204.252 1205.133 1206.097 1207.217 1208.337 1209.456 1210.576 1211.766 1212.969 1214.172 1215.376 1216.337 1216.775 1217.213 1217.65 1218.088 1217.5 1216.653 1215.807 1214.96 1214.553 1215.276 1215.999 1216.722 1217.445 1218.639 1219.98 1221.321 1222.661 1223.97 1225.181 1226.391 1227.602 1228.813 1229.775 1230.645 1231.515 1232.384 1232.894 1232.039 1231.183 1230.328 1229.473 1228.196 1226.73 1225.264 1223.799 1222.329 1220.84 1219.352 1217.863 1216.375 1215.136
1200.0 1200.0 1200.0 1200.096 1200.343 1200.589 1200.836 1201.083 1201.792 1202.569 1203.347 1204.125 1204.975 1205.96 1206.945 1207.929 1208.914 1210.009 1211.126 1212.243 1213.36 1214.229 1214.564 1214.899 1215.234 1215.569 1214.762 1213.667 1212.572 1211.476 1210.804 1211.219 1211.634 1212.049 1212.464 1213.602 1214.964 1216.326 1217.689 1219.088 1220.601 1222.114 1223.627 1225.141 1226.418 1227.606 1228.795 1229.983 1230.808 1230.256 1229.703 1229.15 1228.598 1227.556 1226.296 1225.036 1223.775 1222.499 1221.145 1219.792 1218.439 1217.085 1215.893
1200.0 1200.0 1200.0 1200.043 1200.155 1200.267 1200.378 1200.49 1201.092 1201.767 1202.442 1203.117 1203.854 1204.703 1205.552 1206.402 1207.251 1208.252 1209.282 1210.313 1211.344 1212.121 1212.354 1212.586 1212.818 1213.051 1212.024 1210.68 1209.336 1207.992 1207.056 1207.162 1207.269 1207.376 1207.483 1208.564 1209.948 1211.332 1212.716 1214.205 1216.021 1217.837 1219.653 1221.469 1223.06 1224.568 1226.075 1227.582 1228.723 1228.473 1228.223 1227.973 1227.723 1226.917 1225.862 1224.807 1223.752 1222.669 1221.45 1220.232 1219.014 1217.795 1216.65
1200.0 1200.0 1200.0 1200.0 1200.0 1200.0 1200.0 1200.0 1200.495 1201.064 1201.632 1202.201 1202.821 1203.535 1204.249 1204.964 1205.678 1206.579 1207.516 1208.454 1209.391 1210.075 1210.213 1210.35 1210.487 1210.624 1209.449 1207.943 1206.437 1204.931 1203.807 1203.665 1203.524 1203.382 1203.24 1204.249 1205.617 1206.985 1208.353 1209.889 1211.943 1213.998 1216.053 1218.107 1219.955 1221.724 1223.494 1225.264 1226.669 1226.693 1226.716 1226.74 1226.763 1226.163 1225.283 1224.404 1223.524 1222.606 1221.505 1220.404 1219.303 1218.202 1217.103
1200.0 1200.0 1200.0 1200.0 1200.0 1200.0 1200.0 1200.0 1200.387 1200.831 1201.275 1201.72 1202.212 1202.791 1203.37 1203.949 1204.528 1205.303 1206.116 1206.929 1207.743 1208.323 1208.401 1208.479 1208.556 1208.634 1207.646 1206.388 1205.13 1203.873 1202.937 1202.828 1202.719 1202.609 1202.5 1203.368 1204.542 1205.715 1206.889 1208.262 1210.251 1212.241 1214.231 1216.22 1218.046 1219.811 1221.575 1223.339 1224.769 1224.927 1225.086 1225.245 1225.403 1224.867 1224.02 1223.172 1222.325 1221.44 1220.371 1219.302 1218.234 1217.165 1216.109
1200.0 1200.0 1200.0 1200.0 1200.0 1200.0 1200.0 1200.0 1200.279 1200.599 1200.919 1201.239 1201.602 1202.047 1202.491 1202.935 1203.379 1204.027 1204.716 1205.405 1206.094 1206.571 1206.589 1206.607 1206.625 1206.644 1205.842 1204.833 1203.824 1202.815 1202.068 1201.99 1201.913 1201.836 1201.759 1202.487 1203.466 1204.445 1205.424 1206.634 1208.559 1210.484 1212.409 1214.334 1216.138 1217.897 1219.656 1221.415 1222.868 1223.162 1223.455 1223.749 1224.043 1223.571 1222.756 1221.941 1221.126 1220.273 1219.237 1218.201 1217.165 1216.128 1215.115
1200.0 1200.0 1200.0 1200.0 1200.0 1200.0 1200.0 1200.0 1200.17 1200.366 1200.562 1200.758 1200.993 1201.302 1201.611 1201.92 1202.229 1202.751 1203.316 1203.881 1204.445 1204.818 1204.777 1204.736 1204.695 1204.654 1204.038 1203.278 1202.518 1201.757 1201.198 1201.153 1201.108 1201.064 1201.019 1201.607 1202.391 1203.175 1203.96 1205.007 1206.867 1208.727 1210.587 1212.447 1214.229 1215.983 1217.737 1219.49 1220.967 1221.396 1221.825 1222.254 1222.682 1222.275 1221.492 1220.71 1219.927 1219.107 1218.103 1217.099 1216.096 1215.092 1214.122
1200.0 1200.0 1200.0 1200.0 1200.0 1200.0 1200.0 1200.0 1200.062 1200.134 1200.205 1200.276 1200.384 1200.558 1200.732 1200.906 1201.079 1201.476 1201.916 1202.356 1202.797 1203.066 1202.965 1202.865 1202.764 1202.663 1202.235 1201.723 1201.211 1200.699 1200.328 1200.316 1200.303 1200.291 1200.279 1200.726 1201.316 1201.905 1202.495 1203.38 1205.175 1206.97 1208.765 1210.56 1212.321 1214.069 1215.817 1217.566 1219.067 1219.63 1220.194 1220.758 1221.322 1220.979 1220.229 1219.479 1218.729 1217.94 1216.969 1215.998 1215.026 1214.055 1213.128
1200.0 1200.0 1200.0 1200.0 1200.0 1200.0 1200.0 1200.0 1200.018 1200.04 1200.061 1200.082 1200.133 1200.239 1200.346 1200.452 1200.558 1200.859 1201.198 1201.538 1201.878 1202.076 1201.97 1201.864 1201.758 1201.651 1201.342 1200.981 1200.62 1200.26 1200.0 1200.0 1200.0 1200.0 1200.0 1200.353 1200.815 1201.278 1201.74 1202.502 1204.185 1205.868 1207.551 1209.234 1210.941 1212.657 1214.373 1216.088 1217.565 1218.136 1218.707 1219.278 1219.849 1219.491 1218.716 1217.941 1217.166 1216.363 1215.42 1214.478 1213.536 1212.594 1211.719
