data/zism_data/00001_04_D.txt
ncols         224
nrows         224
[rows 196 to 223 of 224, columns 126 to 188 of 224]
4416.708 4409.957 4403.206 4396.456 4389.85 4388.105 4386.36 4384.615 4382.871 4384.718 4390.484 4396.25 4402.015 4407.781 4420.98 4434.761 4448.542 4462.322 4474.763 4484.99 4495.216 4505.442 4515.669 4523.429 4530.67 4537.911 4545.151 4551.648 4556.188 4560.728 4565.267 4569.807 4569.355 4567.007 4564.659 4562.312 4559.192 4552.406 4545.621 4538.836 4532.05 4524.394 4516.21 4508.027 4499.843 4491.539 4481.695 4471.85 4462.006 4452.162 4441.357 4429.673 4417.989 4406.305 4394.621 4383.34 4372.071 4360.802 4349.533 4339.398 4330.828 4322.258 4313.688
4420.211 4412.503 4404.796 4397.089 4389.539 4387.237 4384.936 4382.634 4380.333 4381.238 4385.643 4390.046 4394.45 4398.854 4410.727 4423.184 4435.64 4448.097 4460.069 4471.241 4482.413 4493.585 4504.757 4512.923 4520.456 4527.988 4535.521 4542.183 4546.555 4550.927 4555.299 4559.671 4559.714 4558.112 4556.51 4554.908 4552.503 4546.285 4540.067 4533.849 4527.631 4520.259 4512.189 4504.119 4496.049 4487.86 4478.145 4468.43 4458.715 4449.0 4438.541 4427.397 4416.253 4405.109 4393.966 4382.837 4371.708 4360.58 4349.451 4339.398 4330.828 4322.258 4313.688
4423.714 4415.05 4406.387 4397.723 4389.227 4386.369 4383.511 4380.653 4377.795 4377.759 4380.801 4383.843 4386.885 4389.927 4400.473 4411.606 4422.738 4433.871 4445.375 4457.493 4469.61 4481.728 4493.846 4502.417 4510.242 4518.066 4525.891 4532.718 4536.923 4541.127 4545.332 4549.536 4550.073 4549.217 4548.36 4547.504 4545.814 4540.164 4534.513 4528.863 4523.212 4516.125 4508.168 4500.211 4492.255 4484.18 4474.595 4465.01 4455.425 4445.84 4435.724 4425.121 4414.518 4403.914 4393.311 4382.334 4371.346 4360.358 4349.37 4339.398 4330.828 4322.258 4313.688
4427.217 4417.597 4407.977 4398.356 4388.916 4385.501 4382.086 4378.672 4375.257 4374.279 4375.959 4377.64 4379.32 4381.0 4390.22 4400.028 4409.837 4419.646 4430.68 4443.744 4456.808 4469.871 4482.935 4491.911 4500.027 4508.144 4516.26 4523.253 4527.29 4531.327 4535.364 4539.401 4540.433 4540.322 4540.211 4540.1 4539.125 4534.042 4528.959 4523.876 4518.793 4511.99 4504.147 4496.304 4488.46 4480.5 4471.045 4461.59 4452.135 4442.679 4432.907 4422.844 4412.781 4402.719 4392.656 4381.831 4370.983 4360.136 4349.289 4339.398 4330.828 4322.258 4313.688
4431.547 4421.309 4411.071 4400.833 4390.766 4386.42 4382.074 4377.728 4373.382 4371.424 4372.071 4372.718 4373.365 4374.011 4382.17 4390.917 4399.663 4408.41 4418.841 4432.06 4445.279 4458.498 4471.717 4480.703 4488.798 4496.893 4504.988 4511.969 4516.018 4520.067 4524.116 4528.166 4529.625 4530.101 4530.577 4531.053 4530.662 4526.151 4521.641 4517.131 4512.621 4506.104 4498.374 4490.645 4482.915 4475.075 4465.821 4456.567 4447.313 4438.06 4428.521 4418.722 4408.922 4399.123 4389.323 4378.737 4368.127 4357.518 4346.909 4337.337 4329.198 4321.06 4312.92
4435.921 4425.083 4414.245 4403.408 4392.73 4387.433 4382.136 4376.839 4371.542 4368.602 4368.233 4367.864 4367.495 4367.125 4374.238 4381.937 4389.634 4397.333 4407.153 4420.486 4433.818 4447.15 4460.483 4469.458 4477.515 4485.572 4493.629 4500.589 4504.66 4508.73 4512.801 4516.872 4518.756 4519.811 4520.865 4521.919 4522.105 4518.167 4514.23 4510.292 4506.355 4500.125 4492.509 4484.893 4477.276 4469.557 4460.508 4451.459 4442.411 4433.362 4424.052 4414.501 4404.95 4395.399 4385.849 4375.506 4365.14 4354.773 4344.407 4335.167 4327.482 4319.797 4312.112
4440.295 4428.857 4417.419 4405.982 4394.694 4388.446 4382.198 4375.951 4369.703 4365.78 4364.395 4363.01 4361.624 4360.239 4366.306 4372.956 4379.605 4386.255 4395.465 4408.912 4422.357 4435.803 4449.249 4458.212 4466.232 4474.251 4482.271 4489.208 4493.301 4497.393 4501.485 4505.578 4507.887 4509.52 4511.152 4512.785 4513.548 4510.183 4506.819 4503.454 4500.089 4494.146 4486.643 4479.141 4471.638 4464.038 4455.195 4446.352 4437.509 4428.666 4419.583 4410.28 4400.979 4391.676 4382.374 4372.274 4362.151 4352.028 4341.905 4332.998 4325.766 4318.535 4311.304
4444.669 4432.631 4420.594 4408.556 4396.659 4389.46 4382.261 4375.062 4367.862 4362.958 4360.557 4358.155 4355.754 4353.353 4358.374 4363.976 4369.577 4375.178 4383.778 4397.337 4410.896 4424.456 4438.015 4446.967 4454.949 4462.93 4470.912 4477.828 4481.942 4486.056 4490.17 4494.284 4497.019 4499.229 4501.439 4503.65 4504.991 4502.199 4499.407 4496.616 4493.824 4488.167 4480.778 4473.389 4466.0 4458.52 4449.882 4441.244 4432.606 4423.968 4415.114 4406.06 4397.006 4387.953 4378.899 4369.043 4359.163 4349.283 4339.403 4330.828 4324.05 4317.273 4310.496
4449.969 4437.499 4425.029 4412.56 4400.211 4391.91 4383.607 4375.306 4367.004 4360.947 4357.338 4353.729 4350.121 4346.512 4350.389 4354.851 4359.313 4363.775 4371.489 4384.584 4397.678 4410.772 4423.867 4432.76 4440.77 4448.778 4456.788 4463.823 4468.297 4472.771 4477.244 4481.718 4484.658 4487.015 4489.373 4491.73 4493.285 4491.031 4488.777 4486.523 4484.27 4479.133 4472.254 4465.375 4458.496 4451.512 4443.182 4434.852 4426.522 4418.192 4409.59 4400.739 4391.887 4383.035 4374.184 4364.678 4355.153 4345.629 4336.104 4327.989 4321.82 4315.651 4309.481
4456.487 4443.807 4431.126 4418.446 4405.854 4396.25 4386.646 4377.042 4367.438 4360.003 4354.935 4349.867 4344.799 4339.731 4342.334 4345.538 4348.74 4351.943 4358.41 4370.278 4382.146 4394.013 4405.881 4414.654 4422.777 4430.899 4439.022 4446.361 4451.641 4456.919 4462.198 4467.477 4470.333 4472.27 4474.205 4476.141 4477.434 4475.671 4473.91 4472.147 4470.385 4466.078 4460.231 4454.384 4448.537 4442.542 4434.656 4426.769 4418.882 4410.996 4402.679 4393.968 4385.257 4376.545 4367.834 4358.821 4349.799 4340.777 4331.754 4324.272 4318.914 4313.555 4308.196
4463.005 4450.114 4437.223 4424.332 4411.498 4400.592 4389.685 4378.778 4367.872 4359.06 4352.532 4346.005 4339.478 4332.951 4334.28 4336.224 4338.167 4340.111 4345.332 4355.972 4366.613 4377.253 4387.895 4396.549 4404.785 4413.021 4421.257 4428.9 4434.984 4441.068 4447.152 4453.237 4456.009 4457.523 4459.038 4460.552 4461.582 4460.312 4459.042 4457.771 4456.501 4453.022 4448.208 4443.393 4438.578 4433.573 4426.129 4418.686 4411.243 4403.799 4395.768 4387.197 4378.626 4370.056 4361.485 4352.964 4344.444 4335.925 4327.405 4320.555 4316.007 4311.459 4306.911
4469.523 4456.421 4443.32 4430.218 4417.142 4404.933 4392.724 4380.515 4368.305 4358.116 4350.129 4342.143 4334.157 4326.17 4326.226 4326.91 4327.594 4328.279 4332.252 4341.667 4351.081 4360.494 4369.908 4378.443 4386.792 4395.142 4403.492 4411.439 4418.328 4425.217 4432.106 4438.996 4441.685 4442.778 4443.871 4444.963 4445.73 4444.952 4444.174 4443.395 4442.617 4439.966 4436.184 4432.401 4428.619 4424.604 4417.603 4410.603 4403.603 4396.602 4388.856 4380.426 4371.996 4363.565 4355.136 4347.106 4339.089 4331.073 4323.056 4316.837 4313.1 4309.363 4305.625
4476.042 4462.729 4449.417 4436.104 4422.785 4409.274 4395.762 4382.251 4368.739 4357.172 4347.726 4338.281 4328.835 4319.389 4318.171 4317.597 4317.021 4316.447 4319.173 4327.361 4335.548 4343.735 4351.922 4360.337 4368.8 4377.263 4385.726 4393.978 4401.672 4409.366 4417.061 4424.755 4427.361 4428.032 4428.703 4429.374 4429.879 4429.592 4429.306 4429.019 4428.732 4426.911 4424.161 4421.41 4418.66 4415.634 4409.077 4402.52 4395.963 4389.405 4381.945 4373.655 4365.365 4357.076 4348.786 4341.249 4333.735 4326.221 4318.706 4313.12 4310.193 4307.267 4304.34
4476.073 4463.453 4450.833 4438.213 4425.551 4411.483 4397.415 4383.347 4369.278 4357.117 4347.037 4336.957 4326.876 4316.796 4315.23 4314.329 4313.428 4312.527 4314.395 4320.842 4327.289 4333.736 4340.183 4347.255 4354.459 4361.663 4368.867 4375.976 4382.836 4389.697 4396.557 4403.418 4405.674 4406.18 4406.687 4407.193 4407.655 4407.904 4408.154 4408.404 4408.653 4407.84 4406.384 4404.927 4403.471 4401.67 4395.462 4389.254 4383.047 4376.839 4369.953 4362.446 4354.939 4347.432 4339.925 4333.618 4327.346 4321.075 4314.804 4310.21 4307.932 4305.653 4303.374
4475.491 4463.649 4451.808 4439.966 4428.045 4413.491 4398.936 4384.382 4369.827 4357.146 4346.509 4335.872 4325.235 4314.599 4312.771 4311.633 4310.494 4309.355 4310.401 4315.06 4319.718 4324.376 4329.035 4334.648 4340.463 4346.278 4352.093 4357.923 4363.795 4369.666 4375.538 4381.409 4383.291 4383.657 4384.023 4384.389 4384.829 4385.619 4386.409 4387.199 4387.989 4388.201 4388.063 4387.925 4387.788 4387.234 4381.367 4375.5 4369.632 4363.765 4357.482 4350.818 4344.154 4337.49 4330.826 4325.818 4320.86 4315.902 4310.944 4307.378 4305.731 4304.084 4302.438
4474.91 4463.846 4452.782 4441.719 4430.54 4415.499 4400.458 4385.417 4370.375 4357.175 4345.981 4334.788 4323.595 4312.401 4310.313 4308.937 4307.56 4306.184 4306.407 4309.277 4312.146 4315.016 4317.886 4322.041 4326.467 4330.893 4335.319 4339.87 4344.753 4349.636 4354.518 4359.401 4360.909 4361.134 4361.359 4361.585 4362.002 4363.333 4364.664 4365.994 4367.325 4368.562 4369.743 4370.923 4372.104 4372.799 4367.271 4361.745 4356.218 4350.691 4345.011 4339.189 4333.369 4327.548 4321.727 4318.019 4314.374 4310.729 4307.084 4304.545 4303.53 4302.516 4301.502
4474.328 4464.042 4453.757 4443.472 4433.034 4417.507 4401.979 4386.452 4370.925 4357.204 4345.454 4333.704 4321.954 4310.203 4307.854 4306.241 4304.626 4303.012 4302.414 4303.495 4304.576 4305.656 4306.737 4309.434 4312.471 4315.508 4318.545 4321.818 4325.711 4329.605 4333.499 4337.393 4338.526 4338.611 4338.696 4338.781 4339.176 4341.047 4342.918 4344.79 4346.66 4348.923 4351.422 4353.921 4356.42 4358.363 4353.176 4347.99 4342.804 4337.617 4332.54 4327.562 4322.584 4317.606 4312.628 4310.22 4307.888 4305.556 4303.224 4301.712 4301.33 4300.948 4300.566
4468.875 4459.359 4449.844 4440.328 4430.644 4415.319 4399.994 4384.668 4369.343 4355.735 4343.999 4332.263 4320.527 4308.792 4306.323 4304.578 4302.833 4301.087 4300.0 4300.0 4300.0 4300.0 4300.0 4301.656 4303.662 4305.667 4307.672 4309.953 4312.96 4315.968 4318.975 4321.982 4322.811 4322.811 4322.811 4322.811 4323.165 4325.202 4327.239 4329.276 4331.313 4333.983 4337.036 4340.088 4343.14 4345.639 4341.049 4336.46 4331.871 4327.281 4322.942 4318.833 4314.724 4310.615 4306.506 4305.024 4303.621 4302.217 4300.813 4300.048 4300.164 4300.279 4300.395
4455.985 4447.226 4438.466 4429.708 4420.794 4406.723 4392.651 4378.58 4364.508 4351.978 4341.128 4330.279 4319.43 4308.58 4306.205 4304.493 4302.78 4301.067 4300.0 4300.0 4300.0 4300.0 4300.0 4301.254 4302.773 4304.292 4305.811 4307.539 4309.816 4312.094 4314.372 4316.65 4317.277 4317.277 4317.277 4317.277 4317.561 4319.193 4320.825 4322.457 4324.088 4326.221 4328.658 4331.094 4333.53 4335.529 4331.928 4328.328 4324.728 4321.127 4317.735 4314.534 4311.333 4308.131 4304.93 4303.805 4302.742 4301.679 4300.616 4300.171 4300.579 4300.986 4301.393
4443.095 4435.092 4427.089 4419.087 4410.944 4398.127 4385.309 4372.491 4359.673 4348.221 4338.257 4328.294 4318.332 4308.368 4306.088 4304.407 4302.727 4301.047 4300.0 4300.0 4300.0 4300.0 4300.0 4300.853 4301.885 4302.917 4303.95 4305.124 4306.672 4308.221 4309.769 4311.317 4311.744 4311.744 4311.744 4311.744 4311.957 4313.184 4314.41 4315.637 4316.863 4318.459 4320.28 4322.1 4323.92 4325.419 4322.808 4320.196 4317.584 4314.973 4312.527 4310.234 4307.941 4305.648 4303.354 4302.586 4301.864 4301.142 4300.419 4300.294 4300.993 4301.692 4302.391
4430.204 4422.958 4415.712 4408.466 4401.094 4389.531 4377.966 4366.402 4354.838 4344.464 4335.387 4326.31 4317.233 4308.156 4305.97 4304.322 4302.675 4301.027 4300.0 4300.0 4300.0 4300.0 4300.0 4300.451 4300.997 4301.543 4302.089 4302.709 4303.528 4304.347 4305.166 4305.985 4306.21 4306.21 4306.21 4306.21 4306.353 4307.174 4307.996 4308.816 4309.638 4310.698 4311.902 4313.106 4314.31 4315.31 4313.687 4312.064 4310.441 4308.819 4307.32 4305.935 4304.55 4303.164 4301.779 4301.368 4300.986 4300.604 4300.222 4300.417 4301.407 4302.398 4303.389
4417.313 4410.824 4404.334 4397.845 4391.245 4380.935 4370.624 4360.314 4350.003 4340.707 4332.516 4324.326 4316.135 4307.944 4305.853 4304.237 4302.622 4301.007 4300.0 4300.0 4300.0 4300.0 4300.0 4300.049 4300.108 4300.168 4300.228 4300.295 4300.385 4300.474 4300.563 4300.652 4300.677 4300.677 4300.677 4300.677 4300.749 4301.165 4301.581 4301.997 4302.413 4302.936 4303.524 4304.112 4304.7 4305.2 4304.566 4303.932 4303.299 4302.665 4302.113 4301.635 4301.158 4300.681 4300.203 4300.149 4300.107 4300.066 4300.024 4300.539 4301.822 4303.104 4304.387
4409.954 4403.969 4397.985 4392.001 4385.924 4376.769 4367.612 4358.456 4349.3 4341.086 4333.9 4326.715 4319.529 4312.344 4310.364 4308.79 4307.217 4305.643 4304.673 4304.702 4304.73 4304.759 4304.787 4304.792 4304.792 4304.792 4304.792 4304.784 4304.756 4304.728 4304.699 4304.67 4304.381 4303.992 4303.603 4303.214 4302.856 4302.649 4302.441 4302.233 4302.026 4302.131 4302.426 4302.72 4303.015 4303.257 4302.83 4302.402 4301.975 4301.547 4301.189 4300.894 4300.599 4300.304 4300.009 4300.0 4300.0 4300.0 4300.0 4300.713 4302.412 4304.109 4305.807
4403.364 4397.85 4392.336 4386.822 4381.235 4373.22 4365.204 4357.188 4349.172 4342.042 4335.877 4329.713 4323.549 4317.385 4315.52 4313.989 4312.459 4310.929 4309.998 4310.059 4310.12 4310.181 4310.242 4310.252 4310.252 4310.252 4310.252 4310.235 4310.174 4310.114 4310.053 4309.992 4309.372 4308.54 4307.708 4306.876 4306.039 4305.177 4304.315 4303.454 4302.592 4302.296 4302.342 4302.388 4302.434 4302.453 4302.123 4301.792 4301.462 4301.132 4300.862 4300.648 4300.435 4300.22 4300.006 4300.0 4300.0 4300.0 4300.0 4300.895 4303.025 4305.156 4307.286
4396.775 4391.731 4386.688 4381.644 4376.546 4369.671 4362.795 4355.92 4349.044 4342.998 4337.854 4332.712 4327.569 4322.427 4320.675 4319.188 4317.701 4316.214 4315.323 4315.416 4315.509 4315.603 4315.696 4315.712 4315.712 4315.712 4315.712 4315.687 4315.593 4315.5 4315.407 4315.313 4314.363 4313.088 4311.813 4310.538 4309.221 4307.705 4306.189 4304.674 4303.158 4302.46 4302.258 4302.055 4301.853 4301.648 4301.415 4301.182 4300.949 4300.717 4300.536 4300.403 4300.27 4300.137 4300.004 4300.0 4300.0 4300.0 4300.0 4301.077 4303.64 4306.202 4308.764
4390.186 4385.612 4381.039 4376.465 4371.857 4366.122 4360.387 4354.652 4348.917 4343.953 4339.832 4335.711 4331.59 4327.468 4325.831 4324.387 4322.943 4321.5 4320.647 4320.773 4320.899 4321.024 4321.15 4321.172 4321.172 4321.172 4321.172 4321.137 4321.012 4320.886 4320.76 4320.635 4319.355 4317.636 4315.918 4314.199 4312.403 4310.233 4308.063 4305.894 4303.724 4302.625 4302.174 4301.723 4301.271 4300.843 4300.708 4300.572 4300.437 4300.301 4300.209 4300.157 4300.105 4300.053 4300.001 4300.0 4300.0 4300.0 4300.0 4301.259 4304.253 4307.248 4310.243
4385.678 4381.519 4377.358 4373.199 4369.026 4364.431 4359.836 4355.241 4350.646 4346.762 4343.652 4340.543 4337.434 4334.324 4333.161 4332.149 4331.137 4330.125 4329.583 4329.817 4330.051 4330.285 4330.519 4330.497 4330.421 4330.345 4330.27 4330.152 4329.924 4329.696 4329.467 4329.239 4327.444 4325.053 4322.662 4320.271 4317.785 4314.849 4311.913 4308.977 4306.04 4304.409 4303.567 4302.726 4301.884 4301.088 4300.881 4300.673 4300.466 4300.258 4300.141 4300.106 4300.071 4300.036 4300.001 4300.0 4300.0 4300.0 4300.0 4301.388 4304.691 4307.994 4311.296
4384.876 4381.03 4377.184 4373.337 4369.502 4366.047 4362.592 4359.138 4355.683 4352.869 4350.754 4348.639 4346.524 4344.409 4344.36 4344.472 4344.584 4344.697 4344.947 4345.424 4345.901 4346.378 4346.855 4346.702 4346.415 4346.128 4345.842 4345.509 4345.054 4344.599 4344.144 4343.688 4341.047 4337.576 4334.104 4330.632 4327.085 4323.182 4319.278 4315.375 4311.471 4309.074 4307.589 4306.104 4304.62 4303.201 4302.62 4302.04 4301.46 4300.879 4300.533 4300.4 4300.269 4300.136 4300.004 4300.0 4300.0 4300.0 4300.0 4301.424 4304.813 4308.203 4311.592
