data/zism_data/00009_01_D.txt
ncols         224
nrows         224
[rows 56 to 83 of 224, columns 0 to 63 of 224]
3595.366 3595.254 3595.141 3594.954 3594.724 3594.495 3594.265 3594.032 3593.768 3593.505 3593.241 3592.978 3592.783 3592.633 3592.483 3592.333 3592.183 3592.038 3591.893 3591.748 3591.603 3591.572 3591.628 3591.684 3591.74 3591.8 3591.934 3592.067 3592.201 3592.334 3592.468 3592.602 3592.735 3592.868 3593.003 3593.225 3593.446 3593.667 3593.888 3594.134 3594.403 3594.672 3594.942 3595.211 3595.386 3595.56 3595.733 3595.906 3596.095 3596.301 3596.507 3596.713 3596.919 3597.165 3597.413 3597.662 3597.91 3598.142 3598.352 3598.561 3598.771 3598.98 3599.261 3599.549
3595.821 3595.692 3595.563 3595.395 3595.203 3595.011 3594.82 3594.614 3594.301 3593.989 3593.677 3593.364 3593.137 3592.965 3592.794 3592.622 3592.455 3592.331 3592.208 3592.084 3591.961 3591.912 3591.919 3591.926 3591.934 3591.947 3592.064 3592.181 3592.298 3592.416 3592.533 3592.65 3592.767 3592.885 3593.003 3593.225 3593.446 3593.667 3593.888 3594.128 3594.387 3594.645 3594.904 3595.162 3595.348 3595.532 3595.717 3595.901 3596.083 3596.261 3596.44 3596.619 3596.798 3597.063 3597.333 3597.603 3597.873 3598.12 3598.335 3598.55 3598.765 3598.98 3599.202 3599.425
3596.276 3596.131 3595.986 3595.835 3595.682 3595.528 3595.375 3595.196 3594.834 3594.473 3594.112 3593.751 3593.491 3593.298 3593.105 3592.911 3592.726 3592.624 3592.522 3592.421 3592.319 3592.251 3592.21 3592.168 3592.127 3592.093 3592.194 3592.295 3592.396 3592.497 3592.598 3592.699 3592.8 3592.9 3593.003 3593.225 3593.446 3593.667 3593.888 3594.123 3594.371 3594.618 3594.866 3595.114 3595.31 3595.505 3595.7 3595.895 3596.07 3596.222 3596.374 3596.525 3596.677 3596.961 3597.253 3597.544 3597.836 3598.097 3598.318 3598.538 3598.759 3598.979 3599.143 3599.301
3596.722 3596.547 3596.372 3596.188 3596.0 3595.811 3595.623 3595.417 3595.089 3594.761 3594.433 3594.105 3593.846 3593.631 3593.416 3593.201 3592.997 3592.917 3592.837 3592.757 3592.677 3592.596 3592.515 3592.434 3592.353 3592.28 3592.36 3592.44 3592.52 3592.601 3592.702 3592.824 3592.945 3593.066 3593.188 3593.396 3593.604 3593.811 3594.019 3594.237 3594.464 3594.692 3594.92 3595.147 3595.336 3595.523 3595.711 3595.899 3596.074 3596.235 3596.397 3596.558 3596.719 3596.994 3597.275 3597.557 3597.838 3598.094 3598.315 3598.537 3598.758 3598.979 3599.134 3599.281
3597.166 3596.958 3596.751 3596.524 3596.287 3596.05 3595.812 3595.57 3595.291 3595.012 3594.733 3594.453 3594.2 3593.963 3593.727 3593.49 3593.269 3593.21 3593.152 3593.093 3593.035 3592.942 3592.823 3592.704 3592.585 3592.475 3592.533 3592.592 3592.65 3592.708 3592.815 3592.963 3593.111 3593.26 3593.408 3593.6 3593.791 3593.983 3594.174 3594.373 3594.579 3594.785 3594.991 3595.197 3595.374 3595.551 3595.728 3595.905 3596.082 3596.259 3596.437 3596.614 3596.792 3597.052 3597.317 3597.582 3597.847 3598.094 3598.315 3598.537 3598.758 3598.979 3599.134 3599.281
3597.61 3597.37 3597.13 3596.86 3596.574 3596.288 3596.002 3595.723 3595.492 3595.262 3595.032 3594.802 3594.554 3594.296 3594.038 3593.779 3593.54 3593.503 3593.467 3593.43 3593.393 3593.288 3593.131 3592.974 3592.817 3592.67 3592.706 3592.743 3592.78 3592.817 3592.927 3593.103 3593.278 3593.453 3593.629 3593.804 3593.979 3594.154 3594.329 3594.509 3594.693 3594.878 3595.062 3595.246 3595.413 3595.579 3595.745 3595.91 3596.089 3596.283 3596.477 3596.67 3596.864 3597.11 3597.359 3597.608 3597.857 3598.094 3598.315 3598.537 3598.758 3598.979 3599.134 3599.281
3598.054 3597.781 3597.509 3597.197 3596.862 3596.527 3596.192 3595.875 3595.694 3595.513 3595.331 3595.15 3594.909 3594.629 3594.349 3594.068 3593.811 3593.796 3593.781 3593.766 3593.751 3593.634 3593.439 3593.244 3593.049 3592.865 3592.88 3592.895 3592.91 3592.925 3593.04 3593.242 3593.445 3593.647 3593.849 3594.008 3594.167 3594.325 3594.484 3594.645 3594.808 3594.97 3595.133 3595.296 3595.451 3595.606 3595.761 3595.916 3596.097 3596.307 3596.517 3596.727 3596.937 3597.168 3597.401 3597.634 3597.866 3598.094 3598.315 3598.537 3598.758 3598.979 3599.134 3599.281
3598.451 3598.166 3597.881 3597.542 3597.173 3596.804 3596.436 3596.092 3595.933 3595.774 3595.615 3595.456 3595.22 3594.933 3594.646 3594.359 3594.096 3594.084 3594.073 3594.061 3594.05 3593.92 3593.7 3593.48 3593.261 3593.052 3593.052 3593.052 3593.052 3593.052 3593.169 3593.389 3593.608 3593.828 3594.047 3594.196 3594.345 3594.494 3594.644 3594.793 3594.942 3595.091 3595.241 3595.39 3595.549 3595.708 3595.867 3596.026 3596.208 3596.418 3596.628 3596.838 3597.048 3597.256 3597.464 3597.672 3597.88 3598.094 3598.315 3598.537 3598.758 3598.979 3599.128 3599.269
3598.742 3598.489 3598.237 3597.91 3597.541 3597.172 3596.803 3596.455 3596.258 3596.061 3595.864 3595.667 3595.432 3595.172 3594.912 3594.653 3594.411 3594.362 3594.312 3594.262 3594.213 3594.07 3593.856 3593.641 3593.427 3593.224 3593.224 3593.224 3593.224 3593.224 3593.338 3593.552 3593.766 3593.98 3594.194 3594.348 3594.503 3594.658 3594.812 3594.967 3595.122 3595.276 3595.431 3595.586 3595.782 3595.979 3596.176 3596.373 3596.558 3596.73 3596.902 3597.074 3597.246 3597.411 3597.576 3597.74 3597.905 3598.094 3598.315 3598.537 3598.758 3598.979 3599.108 3599.227
3599.033 3598.813 3598.592 3598.277 3597.908 3597.539 3597.17 3596.818 3596.583 3596.348 3596.113 3595.878 3595.644 3595.412 3595.179 3594.946 3594.726 3594.639 3594.551 3594.464 3594.376 3594.22 3594.011 3593.802 3593.594 3593.395 3593.395 3593.395 3593.395 3593.395 3593.506 3593.715 3593.924 3594.133 3594.341 3594.501 3594.661 3594.821 3594.981 3595.141 3595.301 3595.461 3595.621 3595.781 3596.015 3596.25 3596.485 3596.72 3596.908 3597.042 3597.176 3597.31 3597.444 3597.566 3597.687 3597.809 3597.93 3598.094 3598.315 3598.537 3598.758 3598.979 3599.088 3599.186
3599.323 3599.136 3598.948 3598.645 3598.276 3597.907 3597.538 3597.181 3596.908 3596.635 3596.362 3596.089 3595.857 3595.651 3595.446 3595.24 3595.041 3594.916 3594.791 3594.665 3594.54 3594.37 3594.167 3593.963 3593.76 3593.567 3593.567 3593.567 3593.567 3593.567 3593.675 3593.878 3594.082 3594.285 3594.488 3594.653 3594.819 3594.984 3595.15 3595.315 3595.481 3595.646 3595.812 3595.977 3596.248 3596.521 3596.794 3597.067 3597.258 3597.354 3597.45 3597.546 3597.642 3597.721 3597.799 3597.877 3597.955 3598.094 3598.315 3598.537 3598.758 3598.979 3599.069 3599.145
3599.614 3599.459 3599.304 3599.012 3598.643 3598.274 3597.905 3597.543 3597.232 3596.922 3596.611 3596.3 3596.069 3595.89 3595.712 3595.533 3595.356 3595.193 3595.03 3594.866 3594.703 3594.52 3594.322 3594.124 3593.926 3593.738 3593.738 3593.738 3593.738 3593.738 3593.844 3594.042 3594.239 3594.437 3594.635 3594.806 3594.977 3595.148 3595.319 3595.49 3595.66 3595.831 3596.002 3596.173 3596.481 3596.792 3597.103 3597.414 3597.608 3597.666 3597.724 3597.782 3597.84 3597.876 3597.911 3597.945 3597.98 3598.094 3598.315 3598.537 3598.758 3598.979 3599.049 3599.103
3599.817 3599.636 3599.455 3599.161 3598.805 3598.449 3598.092 3597.742 3597.439 3597.136 3596.833 3596.53 3596.299 3596.114 3595.929 3595.745 3595.561 3595.385 3595.208 3595.032 3594.855 3594.679 3594.504 3594.328 3594.152 3593.985 3593.989 3593.993 3593.998 3594.002 3594.095 3594.267 3594.438 3594.61 3594.782 3594.958 3595.135 3595.311 3595.487 3595.672 3595.865 3596.058 3596.251 3596.444 3596.736 3597.031 3597.326 3597.62 3597.798 3597.839 3597.88 3597.921 3597.962 3597.991 3598.02 3598.049 3598.078 3598.179 3598.38 3598.58 3598.781 3598.981 3599.037 3599.078
3599.992 3599.768 3599.544 3599.245 3598.905 3598.565 3598.225 3597.892 3597.611 3597.329 3597.048 3596.767 3596.534 3596.333 3596.132 3595.931 3595.732 3595.55 3595.368 3595.187 3595.005 3594.842 3594.693 3594.544 3594.396 3594.255 3594.264 3594.274 3594.283 3594.293 3594.372 3594.511 3594.65 3594.789 3594.929 3595.111 3595.292 3595.474 3595.656 3595.857 3596.077 3596.297 3596.517 3596.737 3596.999 3597.261 3597.523 3597.785 3597.94 3597.97 3598.0 3598.031 3598.061 3598.094 3598.129 3598.163 3598.197 3598.29 3598.464 3598.637 3598.81 3598.984 3599.027 3599.057
3600.168 3599.901 3599.633 3599.329 3599.005 3598.682 3598.358 3598.042 3597.782 3597.522 3597.263 3597.003 3596.769 3596.552 3596.335 3596.117 3595.903 3595.716 3595.529 3595.341 3595.154 3595.004 3594.883 3594.761 3594.639 3594.524 3594.539 3594.554 3594.569 3594.584 3594.648 3594.755 3594.862 3594.968 3595.076 3595.263 3595.45 3595.638 3595.825 3596.042 3596.289 3596.536 3596.783 3597.031 3597.26 3597.49 3597.72 3597.95 3598.082 3598.102 3598.121 3598.14 3598.159 3598.198 3598.237 3598.277 3598.316 3598.401 3598.547 3598.694 3598.84 3598.986 3599.017 3599.037
3600.344 3600.033 3599.722 3599.413 3599.106 3598.798 3598.49 3598.191 3597.953 3597.716 3597.478 3597.24 3597.004 3596.771 3596.537 3596.304 3596.074 3595.881 3595.689 3595.496 3595.304 3595.167 3595.072 3594.978 3594.883 3594.794 3594.814 3594.835 3594.855 3594.876 3594.925 3594.999 3595.073 3595.147 3595.223 3595.416 3595.608 3595.801 3595.993 3596.227 3596.501 3596.775 3597.05 3597.324 3597.523 3597.72 3597.917 3598.114 3598.224 3598.233 3598.241 3598.25 3598.258 3598.301 3598.346 3598.391 3598.436 3598.512 3598.631 3598.75 3598.87 3598.989 3599.008 3599.016
3600.535 3600.167 3599.799 3599.475 3599.176 3598.877 3598.579 3598.291 3598.081 3597.871 3597.661 3597.451 3597.22 3596.975 3596.73 3596.486 3596.245 3596.047 3595.849 3595.651 3595.453 3595.323 3595.246 3595.168 3595.091 3595.019 3595.05 3595.08 3595.111 3595.142 3595.181 3595.228 3595.275 3595.322 3595.371 3595.576 3595.781 3595.987 3596.193 3596.439 3596.726 3597.014 3597.302 3597.589 3597.763 3597.934 3598.104 3598.275 3598.368 3598.368 3598.368 3598.368 3598.368 3598.412 3598.458 3598.505 3598.552 3598.618 3598.711 3598.805 3598.898 3598.991 3599.0 3599.0
3600.779 3600.307 3599.836 3599.465 3599.15 3598.834 3598.52 3598.223 3598.062 3597.901 3597.74 3597.578 3597.37 3597.131 3596.891 3596.652 3596.416 3596.212 3596.009 3595.806 3595.602 3595.461 3595.367 3595.273 3595.18 3595.094 3595.151 3595.209 3595.267 3595.325 3595.372 3595.407 3595.443 3595.479 3595.518 3595.761 3596.005 3596.248 3596.492 3596.741 3596.996 3597.251 3597.506 3597.761 3597.929 3598.094 3598.26 3598.425 3598.514 3598.514 3598.514 3598.514 3598.514 3598.548 3598.584 3598.62 3598.656 3598.707 3598.778 3598.85 3598.922 3598.993 3599.0 3599.0
3601.021 3600.447 3599.873 3599.454 3599.123 3598.792 3598.46 3598.156 3598.043 3597.931 3597.818 3597.706 3597.52 3597.286 3597.052 3596.819 3596.587 3596.378 3596.169 3595.96 3595.751 3595.599 3595.489 3595.379 3595.269 3595.168 3595.253 3595.339 3595.424 3595.509 3595.562 3595.587 3595.612 3595.637 3595.666 3595.947 3596.228 3596.51 3596.791 3597.043 3597.266 3597.489 3597.711 3597.934 3598.095 3598.255 3598.415 3598.575 3598.661 3598.661 3598.661 3598.661 3598.661 3598.685 3598.71 3598.735 3598.76 3598.795 3598.845 3598.896 3598.945 3598.995 3599.0 3599.0
3601.265 3600.587 3599.91 3599.444 3599.096 3598.749 3598.401 3598.088 3598.024 3597.961 3597.897 3597.833 3597.67 3597.442 3597.213 3596.985 3596.758 3596.544 3596.329 3596.115 3595.901 3595.737 3595.61 3595.484 3595.358 3595.243 3595.355 3595.468 3595.58 3595.692 3595.752 3595.766 3595.78 3595.794 3595.813 3596.132 3596.452 3596.771 3597.09 3597.345 3597.536 3597.726 3597.916 3598.106 3598.261 3598.416 3598.57 3598.725 3598.808 3598.808 3598.808 3598.808 3598.808 3598.822 3598.836 3598.85 3598.864 3598.884 3598.913 3598.941 3598.969 3598.997 3599.0 3599.0
3601.508 3600.728 3599.947 3599.434 3599.07 3598.706 3598.342 3598.021 3598.006 3597.991 3597.976 3597.961 3597.821 3597.598 3597.375 3597.152 3596.929 3596.709 3596.49 3596.27 3596.05 3595.874 3595.732 3595.589 3595.447 3595.318 3595.458 3595.597 3595.736 3595.875 3595.942 3595.945 3595.949 3595.952 3595.96 3596.318 3596.675 3597.032 3597.39 3597.648 3597.805 3597.963 3598.12 3598.278 3598.427 3598.576 3598.726 3598.875 3598.955 3598.955 3598.955 3598.955 3598.955 3598.958 3598.962 3598.965 3598.968 3598.973 3598.979 3598.986 3598.993 3598.999 3599.0 3599.0
3602.317 3601.309 3600.302 3599.686 3599.291 3598.896 3598.5 3598.149 3598.115 3598.081 3598.047 3598.013 3597.875 3597.669 3597.463 3597.257 3597.05 3596.836 3596.622 3596.408 3596.195 3596.018 3595.871 3595.723 3595.576 3595.442 3595.575 3595.707 3595.84 3595.972 3596.048 3596.074 3596.101 3596.127 3596.158 3596.505 3596.851 3597.197 3597.543 3597.797 3597.956 3598.115 3598.273 3598.432 3598.58 3598.728 3598.875 3599.023 3599.102 3599.102 3599.102 3599.102 3599.102 3599.081 3599.058 3599.036 3599.013 3599.0 3599.0 3599.0 3599.0 3599.0 3599.0 3599.0
3603.374 3602.085 3600.795 3600.054 3599.62 3599.187 3598.754 3598.364 3598.281 3598.198 3598.115 3598.033 3597.888 3597.704 3597.519 3597.335 3597.149 3596.946 3596.743 3596.54 3596.337 3596.165 3596.018 3595.87 3595.723 3595.588 3595.699 3595.81 3595.92 3596.031 3596.117 3596.182 3596.246 3596.31 3596.378 3596.692 3597.006 3597.32 3597.633 3597.878 3598.053 3598.229 3598.404 3598.579 3598.727 3598.875 3599.022 3599.169 3599.249 3599.249 3599.249 3599.249 3599.249 3599.197 3599.142 3599.087 3599.032 3599.0 3599.0 3599.0 3599.0 3599.0 3599.0 3599.0
3604.431 3602.86 3601.288 3600.421 3599.95 3599.479 3599.008 3598.578 3598.447 3598.315 3598.184 3598.052 3597.902 3597.739 3597.576 3597.413 3597.248 3597.055 3596.863 3596.671 3596.479 3596.312 3596.165 3596.017 3595.87 3595.734 3595.823 3595.912 3596.001 3596.09 3596.187 3596.289 3596.391 3596.493 3596.598 3596.879 3597.161 3597.442 3597.723 3597.96 3598.151 3598.343 3598.534 3598.725 3598.874 3599.021 3599.169 3599.316 3599.396 3599.396 3599.396 3599.396 3599.396 3599.313 3599.226 3599.138 3599.051 3599.0 3599.0 3599.0 3599.0 3599.0 3599.0 3599.0
3605.489 3603.635 3601.782 3600.789 3600.28 3599.771 3599.261 3598.793 3598.612 3598.432 3598.252 3598.071 3597.915 3597.773 3597.632 3597.491 3597.346 3597.165 3596.984 3596.802 3596.621 3596.459 3596.312 3596.164 3596.017 3595.88 3595.947 3596.015 3596.082 3596.149 3596.256 3596.396 3596.536 3596.677 3596.818 3597.067 3597.316 3597.564 3597.813 3598.041 3598.249 3598.457 3598.664 3598.872 3599.021 3599.168 3599.316 3599.463 3599.543 3599.543 3599.543 3599.543 3599.543 3599.43 3599.31 3599.189 3599.069 3599.0 3599.0 3599.0 3599.0 3599.0 3599.0 3599.0
3606.581 3604.485 3602.389 3601.265 3600.687 3600.109 3599.531 3598.996 3598.774 3598.552 3598.33 3598.107 3597.945 3597.822 3597.699 3597.576 3597.449 3597.275 3597.101 3596.927 3596.753 3596.597 3596.455 3596.313 3596.17 3596.038 3596.085 3596.132 3596.18 3596.227 3596.342 3596.516 3596.69 3596.864 3597.038 3597.257 3597.476 3597.695 3597.913 3598.131 3598.347 3598.563 3598.779 3598.995 3599.147 3599.297 3599.447 3599.597 3599.678 3599.678 3599.678 3599.678 3599.678 3599.542 3599.397 3599.252 3599.107 3599.021 3599.016 3599.011 3599.006 3599.0 3599.0 3599.0
3607.858 3605.73 3603.602 3602.316 3601.505 3600.694 3599.883 3599.143 3598.915 3598.687 3598.46 3598.232 3598.068 3597.945 3597.822 3597.699 3597.57 3597.386 3597.201 3597.016 3596.832 3596.689 3596.58 3596.47 3596.36 3596.257 3596.294 3596.331 3596.367 3596.404 3596.519 3596.704 3596.889 3597.073 3597.259 3597.461 3597.663 3597.866 3598.068 3598.261 3598.445 3598.629 3598.813 3598.996 3599.163 3599.329 3599.496 3599.662 3599.752 3599.752 3599.752 3599.752 3599.752 3599.63 3599.502 3599.373 3599.244 3599.154 3599.117 3599.079 3599.041 3599.003 3599.0 3599.0
3609.135 3606.974 3604.813 3603.367 3602.323 3601.279 3600.234 3599.289 3599.056 3598.823 3598.59 3598.357 3598.19 3598.067 3597.944 3597.821 3597.692 3597.496 3597.301 3597.105 3596.91 3596.781 3596.704 3596.627 3596.55 3596.477 3596.503 3596.529 3596.555 3596.58 3596.697 3596.892 3597.088 3597.283 3597.479 3597.665 3597.851 3598.037 3598.223 3598.392 3598.543 3598.695 3598.846 3598.997 3599.179 3599.361 3599.544 3599.727 3599.825 3599.825 3599.825 3599.825 3599.825 3599.719 3599.607 3599.494 3599.382 3599.287 3599.217 3599.147 3599.077 3599.007 3599.0 3599.0
