data/zism_data/00006_04_D.txt
ncols         224
nrows         224
[rows 56 to 83 of 224, columns 0 to 62 of 224]
518.903 506.5186 494.1346 481.7502 470.9959 460.2903 449.5851 438.8795 430.4428 424.8702 419.2975 413.7247 408.1522 409.3588 411.2112 413.0636 414.9159 417.6066 421.6419 425.677 429.7122 433.7475 443.0456 453.236 463.4264 473.6165 482.5423 488.8545 495.1666 501.4786 507.7908 509.9767 511.1123 512.2479 513.3835 510.0844 494.6783 479.2722 463.8662 448.4606 437.9363 429.1351 420.3342 411.5329 405.3066 408.7583 412.2101 415.662 419.1138 428.2739 440.1064 451.9388 463.7709 474.8029 481.3752 487.9473 494.5195 501.0918 503.6277 503.723 503.8183 503.9137 503.9615
511.3397 499.4823 487.6253 475.7679 465.2117 454.6943 444.1773 433.6599 426.0105 421.9813 417.952 413.9226 409.8934 412.5795 415.9053 419.2311 422.5568 426.5021 431.4408 436.3793 441.318 446.2567 454.1545 462.5541 470.9538 479.3531 486.504 491.0739 495.6438 500.2135 504.7834 505.4327 505.0841 504.7355 504.3869 500.3071 486.0412 471.7752 457.5092 443.2437 434.249 427.1148 419.9808 412.8465 408.3574 413.8095 419.2618 424.7141 430.1664 439.587 450.8655 462.1441 473.4222 483.7399 488.7043 493.6685 498.6329 503.5974 505.266 504.9418 504.6177 504.2936 503.9438
503.7765 492.4461 481.1161 469.7856 459.4275 449.0983 438.7695 428.4403 421.5782 419.0923 416.6064 414.1205 411.6346 415.8003 420.5995 425.3987 430.1978 435.3975 441.2397 447.0816 452.9238 458.7659 465.2635 471.8723 478.4812 485.0898 490.4657 493.2933 496.1209 498.9484 501.776 500.8887 499.056 497.2231 495.3903 490.5299 477.404 464.2781 451.1523 438.0268 430.5616 425.0944 419.6274 414.1602 411.4081 418.8607 426.3135 433.7663 441.2191 450.9001 461.6247 472.3493 483.0735 492.6768 496.0334 499.3898 502.7464 506.1029 506.9042 506.1607 505.4171 504.6735 503.9261
496.2133 485.4099 474.6068 463.8034 453.6432 443.5023 433.3617 423.2208 417.1459 416.2034 415.2609 414.3184 413.3759 419.021 425.2936 431.5663 437.8387 444.293 451.0386 457.784 464.5296 471.2752 476.3724 481.1905 486.0086 490.8265 494.4274 495.5127 496.598 497.6833 498.7686 496.3447 493.0278 489.7107 486.3937 480.7527 468.7669 456.7811 444.7953 432.8099 426.8743 423.0741 419.274 415.4738 414.4589 423.9118 433.3651 442.8184 452.2717 462.2133 472.3839 482.5545 492.7248 501.6138 503.3625 505.1111 506.8598 508.6084 508.5425 507.3795 506.2165 505.0535 503.9084
488.6501 478.3737 468.0976 457.8212 447.859 437.9063 427.9539 418.0012 412.7136 413.3145 413.9153 414.5162 415.1171 422.2417 429.9878 437.7339 445.4796 453.1884 460.8375 468.4863 476.1353 483.7844 487.4814 490.5087 493.5359 496.5631 498.3891 497.7321 497.0751 496.4182 495.7612 491.8008 486.9996 482.1983 477.3971 470.9754 460.1298 449.2841 438.4384 427.593 423.187 421.0538 418.9207 416.7874 417.5096 428.963 440.4168 451.8705 463.3243 473.5264 483.1431 492.7597 502.3761 510.5508 510.6916 510.8324 510.9732 511.114 510.1808 508.5984 507.0159 505.4334 503.8906
481.3971 470.9656 460.5345 450.1031 441.2531 432.4503 423.6478 414.845 410.5689 412.0066 413.4443 414.882 416.3197 423.6842 431.6133 439.5424 447.4712 455.2874 462.9223 470.557 478.192 485.8269 489.0311 491.4845 493.9378 496.3911 497.6445 496.4179 495.1912 493.9646 492.738 488.7656 484.0945 479.4233 474.752 468.9325 459.9776 451.0227 442.0678 433.1132 430.3419 429.7531 429.1643 428.5754 430.4687 441.69 452.9118 464.1336 475.3553 484.4778 492.6181 500.7585 508.8985 515.6799 514.8899 514.0999 513.31 512.52 511.0267 509.1082 507.1897 505.2711 503.422
474.1738 463.5219 452.8704 442.2184 434.5682 427.0077 419.4474 411.8868 408.6438 410.8504 413.0572 415.2639 417.4706 424.956 432.9442 440.9325 448.9205 456.7338 464.2666 471.7991 479.3319 486.8647 489.6632 491.6595 493.6557 495.6519 496.4482 494.7644 493.0807 491.397 489.7133 485.8753 481.4892 477.103 472.7167 467.632 460.64 453.6479 446.6559 439.6641 438.5376 439.4814 440.4252 441.369 444.3789 455.154 465.9294 476.7048 487.4803 495.3945 501.9699 508.5453 515.1205 520.4434 518.7876 517.132 515.4762 513.8205 511.7965 509.55 507.3034 505.0568 502.91
466.9506 456.0782 445.2062 434.3337 427.8834 421.5651 415.2469 408.9286 406.7186 409.6943 412.67 415.6458 418.6215 426.2278 434.2752 442.3226 450.3697 458.1802 465.6109 473.0412 480.4718 487.9024 490.2953 491.8344 493.3736 494.9127 495.2518 493.111 490.9702 488.8294 486.6885 482.985 478.8839 474.7827 470.6815 466.3316 461.3024 456.2732 451.244 446.215 446.7334 449.2097 451.6861 454.1624 458.2891 468.6179 478.947 489.2761 499.6052 506.3112 511.3217 516.3322 521.3425 525.2069 522.6854 520.1639 517.6425 515.1209 512.5663 509.9918 507.4171 504.8425 502.398
459.7274 448.6345 437.542 426.4491 421.1985 416.1225 411.0465 405.9705 404.7935 408.5381 412.2829 416.0277 419.7723 427.4996 435.6061 443.7127 451.819 459.6267 466.9551 474.2833 481.6118 488.9402 490.9274 492.0094 493.0914 494.1734 494.0555 491.4576 488.8596 486.2617 483.6638 480.0948 476.2787 472.4624 468.6462 465.0311 461.9648 458.8985 455.8321 452.7659 454.9291 458.9381 462.947 466.9559 472.1993 482.0818 491.9646 501.8474 511.7302 517.228 520.6735 524.1191 527.5646 529.9704 526.5831 523.196 519.8087 516.4214 513.3361 510.4335 507.5309 504.6282 501.8861
453.0328 442.0435 431.0546 420.0653 415.9088 411.9562 408.0038 404.0513 403.7604 408.0913 412.4223 416.7533 421.0842 428.808 436.8551 444.9021 452.9488 460.6987 467.9721 475.2452 482.5186 489.7919 491.5785 492.4351 493.2918 494.1484 493.8138 491.0168 488.2199 485.4231 482.6262 479.4032 476.0718 472.7404 469.4088 466.644 465.4256 464.2073 462.9889 461.7706 465.2688 470.4316 475.5944 480.7572 486.7806 496.0377 505.2952 514.5526 523.8101 528.1401 530.1639 532.1877 534.2115 535.2358 530.6906 526.1456 521.6005 517.0554 513.3306 510.1018 506.8729 503.6441 500.61
447.3183 437.0335 426.7491 416.4643 413.2055 410.1565 407.1076 404.0586 404.3812 408.9595 413.5379 418.1163 422.6945 430.1846 437.9519 445.7193 453.4864 461.0764 468.3821 475.6875 482.9931 490.2987 492.2647 493.3257 494.3867 495.4477 495.342 492.8247 490.3075 487.7903 485.273 482.7884 480.3121 477.8357 475.3593 473.6586 474.0752 474.4918 474.9083 475.3249 479.5835 485.1981 490.8125 496.4272 502.6061 510.906 519.2062 527.5063 535.8065 539.0436 539.9112 540.7787 541.6463 541.4316 535.1871 528.9427 522.6982 516.4536 511.8873 508.3359 504.7843 501.2328 497.917
441.6039 432.0236 422.4436 412.8634 410.5023 408.3568 406.2114 404.0659 405.002 409.8277 414.6534 419.4792 424.3049 431.5611 439.0488 446.5365 454.024 461.4542 468.7921 476.1297 483.4676 490.8055 492.9509 494.2163 495.4817 496.747 496.8702 494.6326 492.395 490.1574 487.9198 486.1735 484.5523 482.9311 481.3098 480.6732 482.7248 484.7762 486.8278 488.8792 493.8982 499.9645 506.0307 512.097 518.4317 525.7743 533.1171 540.46 547.8029 549.9473 549.6585 549.3698 549.0811 547.6274 539.6835 531.7397 523.7958 515.8518 510.4441 506.5699 502.6957 498.8214 495.224
435.8894 427.0136 418.1382 409.2624 407.7991 406.5572 405.3152 404.0733 405.6228 410.6958 415.769 420.8422 425.9152 432.9376 440.1457 447.3538 454.5616 461.8319 469.2021 476.572 483.9422 491.3123 493.6371 495.1069 496.5766 498.0464 498.3984 496.4405 494.4825 492.5246 490.5667 489.5587 488.7926 488.0264 487.2603 487.6879 491.3743 495.0607 498.7472 502.4335 508.2129 514.731 521.2489 527.767 534.2573 540.6426 547.0281 553.4137 559.7993 560.8508 559.4058 557.9608 556.5159 553.8233 544.1799 534.5369 524.8934 515.2501 509.0009 504.804 500.6071 496.4101 492.531
430.1749 422.0037 413.8327 405.6614 405.0959 404.7575 404.419 404.0806 406.2436 411.564 416.8846 422.2051 427.5255 434.3141 441.2426 448.171 455.0992 462.2096 469.6121 477.0143 484.4167 491.8191 494.3233 495.9975 497.6716 499.3457 499.9266 498.2483 496.57 494.8918 493.2134 492.9438 493.0328 493.1218 493.2107 494.7025 500.0239 505.3452 510.6666 515.9878 522.5276 529.4974 536.467 543.4369 550.0828 555.5109 560.9391 566.3674 571.7957 571.7545 569.1531 566.5518 563.9506 560.0191 548.6763 537.3339 525.9911 514.6483 507.5576 503.0381 498.5184 493.9987 489.838
424.6536 417.7887 410.9241 404.0593 403.7791 403.6955 403.6119 403.5283 405.7892 411.0093 416.2296 421.45 426.6701 433.4617 440.403 447.3443 454.2854 461.452 468.9799 476.5077 484.0356 491.5636 494.5869 496.847 499.107 501.3669 502.5818 501.6368 500.6917 499.7466 498.8015 499.4771 500.5653 501.6534 502.7416 505.1426 511.128 517.1133 523.0987 529.0839 535.3788 541.783 548.1869 554.591 560.6005 565.1265 569.6526 574.1788 578.705 578.1112 575.121 572.1309 569.1407 564.6797 552.0234 539.3675 526.7111 514.0548 505.8428 500.3181 494.7932 489.2683 484.1937
419.184 413.7872 408.3906 402.9938 402.8345 402.8315 402.8286 402.8257 405.046 410.0725 415.0993 420.126 425.1525 432.0108 439.0435 446.0762 453.1087 460.3895 468.068 475.7462 483.4248 491.1033 494.7371 497.6855 500.6339 503.5822 505.5398 505.4497 505.3596 505.2696 505.1795 506.8559 508.9819 511.1079 513.2339 516.5027 522.8914 529.2801 535.6688 542.0573 547.8373 553.4025 558.9676 564.5328 569.6932 573.332 576.9708 580.6096 584.2484 583.2473 580.0743 576.9012 573.7283 568.9281 555.0618 541.196 527.3298 513.4636 504.055 497.3418 490.6284 483.9151 477.7569
413.7143 409.7856 405.857 401.9283 401.8899 401.9676 402.0453 402.123 404.3028 409.1358 413.9689 418.802 423.6349 430.5598 437.684 444.8081 451.932 459.3269 467.156 474.9849 482.814 490.6431 494.8872 498.524 502.1607 505.7973 508.4977 509.2626 510.0276 510.7925 511.5575 514.2347 517.3985 520.5624 523.7264 527.8629 534.6549 541.4468 548.2388 555.0306 560.2958 565.0222 569.7484 574.4747 578.786 581.5374 584.2889 587.0404 589.7919 588.3833 585.0275 581.6716 578.3159 573.1765 558.1003 543.0247 527.9485 512.8723 502.2671 494.3656 486.4637 478.5619 471.3201
408.2447 405.784 403.3235 400.8628 400.9453 401.1037 401.2621 401.4204 403.5596 408.199 412.8385 417.478 422.1174 429.1089 436.3245 443.54 450.7554 458.2644 466.2441 474.2235 482.2032 490.1828 495.0374 499.3625 503.6876 508.0125 511.4555 513.0756 514.6955 516.3155 517.9354 521.6135 525.8151 530.017 534.2188 539.223 546.4183 553.6136 560.8089 568.004 572.7543 576.6418 580.5291 584.4165 587.8787 589.7429 591.6071 593.4712 595.3354 593.5193 589.9807 586.442 582.9034 577.4249 561.1389 544.8533 528.5671 512.281 500.4793 491.3893 482.299 473.2086 464.8833
403.8137 402.5546 401.2956 400.0365 400.2038 400.4136 400.6235 400.8333 402.8764 407.2333 411.5904 415.9475 420.3044 427.2693 434.4826 441.696 448.909 456.4702 464.5895 472.7086 480.8279 488.9472 494.4626 499.5368 504.6111 509.6852 513.9362 516.4854 519.0347 521.5838 524.1331 528.7367 533.8631 538.9896 544.1162 549.8231 557.1151 564.4071 571.699 578.9908 583.1733 586.2583 589.3433 592.4283 595.0848 596.131 597.1772 598.2234 599.2697 596.9996 593.177 589.3545 585.5321 579.6818 562.5338 545.3863 528.2383 511.0902 498.2693 488.0651 477.8605 467.6559 458.3221
402.9341 401.9654 400.9968 400.0281 400.1568 400.3182 400.4797 400.6411 402.3981 406.1689 409.9398 413.7107 417.4815 424.1008 430.9915 437.8821 444.7726 452.1743 460.3958 468.617 476.8384 485.0599 491.4086 497.4401 503.4716 509.5029 514.7847 518.517 522.2493 525.9815 529.7138 534.9861 540.6503 546.3147 551.979 557.8243 564.1645 570.5046 576.8447 583.1846 586.618 589.0255 591.4329 593.8403 595.8397 596.3051 596.7704 597.2359 597.7013 594.8174 590.3658 585.9141 581.4625 575.1287 558.3087 541.4893 524.6693 507.8492 494.6157 483.5511 472.4861 461.4211 451.3358
402.0545 401.3762 400.6979 400.0197 400.1098 400.2228 400.3359 400.4489 401.9198 405.1044 408.2892 411.4739 414.6586 420.9323 427.5003 434.0683 440.6361 447.8784 456.202 464.5254 472.849 481.1727 488.3546 495.3434 502.3321 509.3206 515.6333 520.5487 525.4641 530.3793 535.2946 541.2357 547.4376 553.6397 559.8419 565.8256 571.2138 576.6021 581.9904 587.3784 590.0627 591.7926 593.5225 595.2523 596.5944 596.4791 596.3637 596.2484 596.133 592.6354 587.5545 582.4736 577.3929 570.5756 554.0836 537.5922 521.1002 504.6082 490.9621 479.0371 467.1116 455.1862 444.3494
401.1749 400.787 400.3991 400.0112 400.0628 400.1274 400.1921 400.2567 401.4415 404.04 406.6385 409.2371 411.8356 417.7638 424.0092 430.2545 436.4997 443.5825 452.0083 460.4338 468.8596 477.2854 485.3007 493.2466 501.1927 509.1384 516.4819 522.5803 528.6788 534.777 540.8754 547.4852 554.2248 560.9647 567.7047 573.8268 578.2632 582.6996 587.136 591.5723 593.5074 594.5598 595.6121 596.6644 597.3492 596.6531 595.9569 595.2608 594.5646 590.4533 584.7432 579.0332 573.3233 566.0225 549.8585 533.6951 517.5312 501.3672 487.3085 474.5231 461.7372 448.9513 437.3631
400.2953 400.1978 400.1003 400.0028 400.0158 400.032 400.0483 400.0645 400.9632 402.9755 404.9879 407.0003 409.0127 414.5953 420.518 426.4407 432.3633 439.2865 447.8145 456.3422 464.8702 473.3982 482.2467 491.1499 500.0532 508.9561 517.3305 524.612 531.8934 539.1747 546.4562 553.7346 561.0121 568.2897 575.5674 581.8279 585.3126 588.7971 592.2817 595.7661 596.9521 597.3269 597.7017 598.0764 598.104 596.8271 595.5502 594.2732 592.9963 588.2712 581.9319 575.5927 569.2537 561.4694 545.6334 529.798 513.9622 498.1262 483.6549 470.0091 456.3628 442.7165 430.3767
400.0 400.0 400.0 400.0 400.0 400.0 400.0 400.0 400.7252 402.3657 404.0063 405.6468 407.2873 412.2592 417.5485 422.8378 428.1269 434.5305 442.7213 450.9117 459.1025 467.2932 476.7984 486.5267 496.2551 505.9831 515.2609 523.6076 531.9543 540.3007 548.6475 556.4027 564.0072 571.6119 579.2167 585.5743 588.5286 591.4827 594.437 597.3911 598.1966 598.2438 598.2911 598.3383 598.0099 596.2701 594.5303 592.7904 591.0505 585.5424 578.2703 570.9982 563.7264 555.1853 539.5739 523.9629 508.3514 492.74 478.4381 464.9284 451.4183 437.9082 425.7914
400.0 400.0 400.0 400.0 400.0 400.0 400.0 400.0 400.6087 401.9857 403.3627 404.7398 406.1168 410.344 414.8427 419.3414 423.84 429.5419 437.1733 444.8044 452.4359 460.0673 470.1398 480.6264 491.113 501.5993 511.7161 521.0685 530.4208 539.7729 549.1253 557.2604 565.0854 572.9106 580.7359 587.1699 589.8068 592.4437 595.0806 597.7173 598.3289 598.2255 598.1222 598.0189 597.4868 595.3436 593.2004 591.0572 588.914 582.5374 574.1789 565.8204 557.4622 548.0262 532.5869 517.1481 501.7087 486.2693 472.4311 459.5614 446.6913 433.8212 422.4197
400.0 400.0 400.0 400.0 400.0 400.0 400.0 400.0 400.4922 401.6057 402.7192 403.8327 404.9462 408.4287 412.1369 415.8451 419.5531 424.5533 431.6253 438.6971 445.7692 452.8413 463.4811 474.726 485.971 497.2155 508.1713 518.5294 528.8874 539.2451 549.6031 558.1181 566.1636 574.2094 582.2551 588.7655 591.085 593.4046 595.7242 598.0437 598.4611 598.2072 597.9533 597.6993 596.9636 594.4172 591.8706 589.324 586.7775 579.5322 570.0874 560.6426 551.1981 540.8672 525.5999 510.3332 495.0659 479.7986 466.4241 454.1944 441.9642 429.7341 419.0481
400.0 400.0 400.0 400.0 400.0 400.0 400.0 400.0 400.3757 401.2257 402.0757 402.9257 403.7757 406.5135 409.4311 412.3487 415.2663 419.5646 426.0773 432.5898 439.1026 445.6153 456.8225 468.8257 480.8289 492.8318 504.6265 515.9902 527.3539 538.7173 550.0811 558.9758 567.2418 575.5081 583.7744 590.361 592.3633 594.3655 596.3678 598.37 598.5934 598.1889 597.7844 597.3799 596.4405 593.4907 590.5408 587.5908 584.6409 576.5272 565.9959 555.4647 544.9339 533.7082 518.613 503.5183 488.4232 473.328 460.4171 448.8274 437.2372 425.647 415.6765
400.0 400.0 400.0 400.0 400.0144 400.0292 400.0441 400.0589 400.392 401.1269 401.8617 402.5966 403.3314 405.3976 407.5907 409.7837 411.9767 415.5474 421.3277 427.1078 432.8881 438.6684 450.2566 462.8296 475.4027 487.9753 500.4615 512.7682 525.075 537.3813 549.688 558.9911 567.5293 576.0677 584.6062 591.3345 593.1223 594.91 596.6977 598.4854 598.5837 598.0858 597.5879 597.09 595.9954 592.6588 589.322 585.9852 582.6484 573.6879 562.0945 550.5011 538.9081 526.8018 511.8381 496.8748 481.9111 466.9473 454.5239 443.6367 432.7492 421.8616 412.6614
