data/zism_data/00013_02_D.txt
ncols         224
nrows         224
[rows 196 to 223 of 224, columns 126 to 188 of 224]
1400.0 1400.0 1400.0 1400.0 1400.014 1400.498 1400.982 1401.465 1401.949 1402.875 1404.282 1405.689 1407.096 1408.503 1409.894 1411.284 1412.674 1414.064 1415.415 1416.703 1417.99 1419.278 1420.566 1421.879 1423.197 1424.516 1425.834 1427.169 1428.548 1429.926 1431.304 1432.682 1434.081 1435.488 1436.895 1438.302 1439.715 1441.151 1442.587 1444.023 1445.459 1447.608 1450.189 1452.77 1455.351 1458.023 1461.853 1465.683 1469.512 1473.342 1476.969 1480.409 1483.848 1487.288 1490.728 1493.03 1495.298 1497.566 1499.834 1501.679 1502.942 1504.204 1505.467
1400.0 1400.0 1400.0 1400.0 1400.014 1400.509 1401.003 1401.498 1401.992 1402.934 1404.362 1405.791 1407.219 1408.648 1409.991 1411.327 1412.663 1414.0 1415.301 1416.546 1417.791 1419.036 1420.28 1421.586 1422.904 1424.223 1425.541 1426.885 1428.296 1429.706 1431.116 1432.527 1433.95 1435.379 1436.807 1438.236 1439.668 1441.115 1442.561 1444.008 1445.455 1447.655 1450.311 1452.968 1455.624 1458.378 1462.39 1466.402 1470.415 1474.427 1478.099 1481.458 1484.818 1488.177 1491.536 1493.758 1495.945 1498.133 1500.32 1502.15 1503.488 1504.826 1506.163
1400.0 1400.0 1400.0 1400.0 1400.015 1400.52 1401.025 1401.53 1402.036 1402.993 1404.443 1405.893 1407.343 1408.793 1410.088 1411.37 1412.653 1413.935 1415.188 1416.389 1417.591 1418.793 1419.995 1421.293 1422.611 1423.93 1425.248 1426.601 1428.044 1429.486 1430.929 1432.371 1433.819 1435.269 1436.719 1438.169 1439.621 1441.078 1442.536 1443.993 1445.451 1447.702 1450.433 1453.165 1455.896 1458.733 1462.928 1467.122 1471.317 1475.512 1479.229 1482.508 1485.786 1489.066 1492.344 1494.485 1496.592 1498.699 1500.806 1502.621 1504.034 1505.447 1506.859
1400.0 1400.0 1400.0 1400.0 1400.015 1400.528 1401.04 1401.553 1402.066 1403.034 1404.499 1405.964 1407.429 1408.894 1410.169 1411.429 1412.688 1413.948 1415.181 1416.367 1417.554 1418.741 1419.927 1421.211 1422.515 1423.818 1425.122 1426.468 1427.923 1429.378 1430.833 1432.288 1433.747 1435.207 1436.667 1438.127 1439.588 1441.053 1442.518 1443.983 1445.448 1447.718 1450.476 1453.233 1455.99 1458.857 1463.12 1467.382 1471.645 1475.908 1479.634 1482.869 1486.103 1489.338 1492.572 1494.716 1496.827 1498.939 1501.05 1502.899 1504.387 1505.875 1507.363
1400.0 1400.0 1400.0 1400.0 1400.015 1400.528 1401.04 1401.553 1402.066 1403.034 1404.499 1405.964 1407.429 1408.894 1410.213 1411.522 1412.83 1414.138 1415.419 1416.654 1417.889 1419.124 1420.359 1421.61 1422.866 1424.121 1425.377 1426.678 1428.101 1429.524 1430.947 1432.37 1433.809 1435.253 1436.697 1438.141 1439.588 1441.053 1442.518 1443.983 1445.448 1447.665 1450.336 1453.008 1455.679 1458.452 1462.522 1466.591 1470.661 1474.731 1478.384 1481.656 1484.928 1488.2 1491.472 1493.81 1496.12 1498.43 1500.74 1502.736 1504.298 1505.861 1507.424
1400.0 1400.0 1400.0 1400.0 1400.015 1400.528 1401.04 1401.553 1402.066 1403.034 1404.499 1405.964 1407.429 1408.894 1410.258 1411.615 1412.971 1414.328 1415.657 1416.94 1418.223 1419.506 1420.79 1422.01 1423.217 1424.424 1425.632 1426.889 1428.28 1429.671 1431.062 1432.453 1433.87 1435.298 1436.726 1438.154 1439.588 1441.053 1442.518 1443.983 1445.448 1447.611 1450.197 1452.783 1455.368 1458.047 1461.924 1465.801 1469.677 1473.553 1477.134 1480.444 1483.753 1487.063 1490.372 1492.904 1495.412 1497.921 1500.429 1502.572 1504.21 1505.848 1507.486
1400.0 1400.0 1400.0 1400.0 1400.015 1400.528 1401.04 1401.553 1402.066 1403.034 1404.499 1405.964 1407.429 1408.894 1410.303 1411.708 1413.113 1414.517 1415.895 1417.226 1418.558 1419.889 1421.221 1422.41 1423.568 1424.727 1425.886 1427.1 1428.459 1429.817 1431.176 1432.535 1433.932 1435.344 1436.755 1438.167 1439.588 1441.053 1442.518 1443.983 1445.448 1447.558 1450.058 1452.557 1455.057 1457.643 1461.326 1465.01 1468.693 1472.376 1475.884 1479.231 1482.578 1485.925 1489.272 1491.998 1494.705 1497.412 1500.119 1502.408 1504.121 1505.834 1507.547
1400.0 1400.0 1400.0 1400.0 1400.015 1400.528 1401.04 1401.553 1402.066 1403.034 1404.499 1405.964 1407.429 1408.894 1410.348 1411.801 1413.254 1414.707 1416.133 1417.512 1418.892 1420.272 1421.652 1422.809 1423.92 1425.03 1426.141 1427.311 1428.638 1429.964 1431.29 1432.617 1433.993 1435.389 1436.785 1438.18 1439.588 1441.053 1442.518 1443.983 1445.448 1447.504 1449.918 1452.332 1454.746 1457.238 1460.728 1464.219 1467.709 1471.199 1474.634 1478.019 1481.403 1484.788 1488.173 1491.092 1493.997 1496.903 1499.808 1502.244 1504.033 1505.821 1507.609
1400.0 1400.0 1400.0 1400.0 1400.015 1400.523 1401.032 1401.541 1402.049 1403.012 1404.469 1405.925 1407.382 1408.839 1410.27 1411.698 1413.127 1414.556 1415.957 1417.312 1418.667 1420.023 1421.378 1422.551 1423.686 1424.822 1425.957 1427.152 1428.507 1429.862 1431.217 1432.572 1433.933 1435.296 1436.66 1438.023 1439.396 1440.817 1442.237 1443.658 1445.078 1447.022 1449.281 1451.54 1453.8 1456.131 1459.388 1462.645 1465.901 1469.158 1472.438 1475.738 1479.039 1482.34 1485.641 1488.723 1491.799 1494.875 1497.95 1500.571 1502.564 1504.556 1506.549
1400.0 1400.0 1400.0 1400.0 1400.015 1400.518 1401.021 1401.525 1402.028 1402.982 1404.428 1405.874 1407.321 1408.767 1410.152 1411.532 1412.912 1414.293 1415.645 1416.953 1418.26 1419.567 1420.874 1422.078 1423.262 1424.445 1425.629 1426.873 1428.276 1429.679 1431.082 1432.485 1433.832 1435.158 1436.484 1437.81 1439.142 1440.503 1441.865 1443.226 1444.588 1446.398 1448.481 1450.563 1452.646 1454.795 1457.805 1460.815 1463.824 1466.834 1469.931 1473.109 1476.286 1479.464 1482.641 1485.876 1489.113 1492.35 1495.586 1498.404 1500.643 1502.883 1505.123
1400.0 1400.0 1400.0 1400.0 1400.014 1400.512 1401.01 1401.508 1402.006 1402.953 1404.388 1405.823 1407.259 1408.694 1410.034 1411.366 1412.698 1414.03 1415.334 1416.593 1417.852 1419.11 1420.369 1421.606 1422.837 1424.069 1425.301 1426.593 1428.044 1429.496 1430.947 1432.399 1433.732 1435.02 1436.308 1437.597 1438.887 1440.19 1441.492 1442.795 1444.097 1445.775 1447.681 1449.586 1451.491 1453.459 1456.222 1458.985 1461.748 1464.511 1467.426 1470.48 1473.534 1476.588 1479.642 1483.03 1486.427 1489.825 1493.222 1496.237 1498.723 1501.21 1503.696
1400.0 1400.0 1400.0 1400.0 1400.014 1400.507 1401.0 1401.492 1401.985 1402.923 1404.348 1405.772 1407.197 1408.622 1409.916 1411.199 1412.483 1413.767 1415.023 1416.234 1417.444 1418.654 1419.865 1421.133 1422.413 1423.693 1424.973 1426.313 1427.813 1429.313 1430.812 1432.312 1433.631 1434.882 1436.133 1437.384 1438.633 1439.876 1441.12 1442.363 1443.607 1445.152 1446.881 1448.609 1450.337 1452.122 1454.639 1457.155 1459.671 1462.187 1464.919 1467.85 1470.781 1473.712 1476.642 1480.183 1483.741 1487.3 1490.858 1494.07 1496.803 1499.536 1502.269
1400.0 1400.0 1400.0 1400.0 1400.014 1400.49 1400.966 1401.443 1401.919 1402.838 1404.24 1405.642 1407.044 1408.446 1409.706 1410.954 1412.203 1413.451 1414.677 1415.865 1417.054 1418.242 1419.43 1420.726 1422.045 1423.363 1424.682 1426.06 1427.595 1429.13 1430.664 1432.199 1433.505 1434.724 1435.942 1437.161 1438.375 1439.567 1440.759 1441.951 1443.143 1444.562 1446.117 1447.673 1449.228 1450.835 1453.104 1455.372 1457.64 1459.909 1462.46 1465.27 1468.081 1470.891 1473.702 1477.4 1481.125 1484.85 1488.575 1491.984 1494.956 1497.929 1500.901
1400.0 1400.0 1400.0 1400.0 1400.012 1400.429 1400.847 1401.264 1401.681 1402.536 1403.869 1405.201 1406.533 1407.865 1409.135 1410.399 1411.664 1412.929 1414.195 1415.464 1416.732 1418.001 1419.27 1420.58 1421.898 1423.217 1424.535 1425.909 1427.428 1428.946 1430.465 1431.984 1433.278 1434.486 1435.693 1436.901 1438.103 1439.273 1440.444 1441.614 1442.785 1444.099 1445.498 1446.898 1448.298 1449.743 1451.759 1453.775 1455.791 1457.807 1460.182 1462.885 1465.589 1468.292 1470.995 1474.873 1478.785 1482.698 1486.611 1490.216 1493.398 1496.579 1499.761
1400.0 1400.0 1400.0 1400.0 1400.01 1400.369 1400.727 1401.085 1401.444 1402.234 1403.497 1404.759 1406.022 1407.284 1408.564 1409.844 1411.125 1412.406 1413.712 1415.062 1416.411 1417.76 1419.109 1420.433 1421.752 1423.07 1424.389 1425.758 1427.26 1428.763 1430.266 1431.769 1433.05 1434.247 1435.444 1436.642 1437.83 1438.979 1440.129 1441.278 1442.427 1443.635 1444.88 1446.124 1447.368 1448.65 1450.414 1452.178 1453.942 1455.706 1457.904 1460.5 1463.096 1465.692 1468.288 1472.345 1476.445 1480.546 1484.646 1488.449 1491.84 1495.23 1498.621
1400.0 1400.0 1400.0 1400.0 1400.009 1400.308 1400.607 1400.906 1401.206 1401.932 1403.125 1404.318 1405.511 1406.703 1407.993 1409.289 1410.586 1411.883 1413.23 1414.66 1416.089 1417.519 1418.949 1420.287 1421.605 1422.924 1424.242 1425.607 1427.094 1428.58 1430.067 1431.554 1432.823 1434.009 1435.195 1436.382 1437.558 1438.686 1439.813 1440.941 1442.069 1443.172 1444.261 1445.349 1446.438 1447.558 1449.069 1450.581 1452.093 1453.605 1455.626 1458.115 1460.604 1463.092 1465.581 1469.817 1474.105 1478.394 1482.682 1486.681 1490.281 1493.881 1497.481
1400.0 1400.0 1400.0 1400.0 1400.007 1400.247 1400.488 1400.728 1400.968 1401.63 1402.754 1403.876 1404.999 1406.122 1407.422 1408.734 1410.047 1411.36 1412.747 1414.258 1415.768 1417.278 1418.788 1420.14 1421.459 1422.777 1424.096 1425.456 1426.927 1428.397 1429.868 1431.338 1432.595 1433.771 1434.947 1436.122 1437.286 1438.392 1439.498 1440.604 1441.711 1442.709 1443.642 1444.575 1445.508 1446.465 1447.725 1448.984 1450.244 1451.504 1453.348 1455.73 1458.111 1460.492 1462.874 1467.289 1471.765 1476.241 1480.718 1484.913 1488.723 1492.532 1496.341
1400.0 1400.0 1400.0 1400.0 1400.006 1400.215 1400.425 1400.634 1400.843 1401.468 1402.545 1403.623 1404.701 1405.779 1407.099 1408.439 1409.778 1411.118 1412.528 1414.056 1415.583 1417.111 1418.639 1420.011 1421.35 1422.69 1424.029 1425.391 1426.81 1428.23 1429.649 1431.069 1432.304 1433.469 1434.634 1435.799 1436.952 1438.051 1439.15 1440.248 1441.347 1442.313 1443.199 1444.085 1444.971 1445.872 1446.964 1448.055 1449.146 1450.238 1451.906 1454.103 1456.3 1458.497 1460.694 1465.154 1469.682 1474.209 1478.737 1483.0 1486.9 1490.799 1494.699
1400.0 1400.0 1400.0 1400.0 1400.006 1400.199 1400.392 1400.585 1400.778 1401.379 1402.425 1403.47 1404.516 1405.561 1406.909 1408.281 1409.653 1411.024 1412.449 1413.96 1415.472 1416.983 1418.495 1419.891 1421.263 1422.634 1424.006 1425.372 1426.721 1428.071 1429.421 1430.771 1431.979 1433.133 1434.287 1435.441 1436.586 1437.685 1438.783 1439.882 1440.981 1441.954 1442.85 1443.747 1444.644 1445.546 1446.514 1447.482 1448.45 1449.418 1450.91 1452.881 1454.853 1456.825 1458.796 1463.229 1467.735 1472.241 1476.747 1481.009 1484.936 1488.862 1492.789
1400.0 1400.0 1400.0 1400.0 1400.005 1400.182 1400.359 1400.536 1400.713 1401.29 1402.304 1403.317 1404.33 1405.344 1406.719 1408.123 1409.527 1410.931 1412.369 1413.865 1415.36 1416.856 1418.351 1419.771 1421.175 1422.579 1423.983 1425.352 1426.632 1427.912 1429.192 1430.472 1431.654 1432.797 1433.941 1435.084 1436.22 1437.318 1438.417 1439.516 1440.615 1441.594 1442.502 1443.409 1444.317 1445.219 1446.064 1446.909 1447.753 1448.598 1449.913 1451.66 1453.406 1455.152 1456.898 1461.304 1465.788 1470.273 1474.757 1479.018 1482.972 1486.925 1490.878
1400.0 1400.0 1400.0 1400.0 1400.005 1400.166 1400.327 1400.488 1400.648 1401.202 1402.183 1403.164 1404.145 1405.126 1406.529 1407.965 1409.401 1410.838 1412.29 1413.769 1415.249 1416.728 1418.208 1419.651 1421.087 1422.523 1423.959 1425.333 1426.544 1427.754 1428.964 1430.174 1431.328 1432.461 1433.594 1434.727 1435.853 1436.952 1438.051 1439.15 1440.248 1441.235 1442.153 1443.071 1443.989 1444.893 1445.614 1446.336 1447.057 1447.778 1448.917 1450.438 1451.958 1453.479 1455.0 1459.378 1463.841 1468.304 1472.768 1477.028 1481.008 1484.988 1488.968
1400.0 1400.0 1400.0 1400.0 1400.004 1400.149 1400.294 1400.439 1400.584 1401.115 1402.069 1403.023 1403.977 1404.931 1406.359 1407.824 1409.289 1410.754 1412.219 1413.684 1415.149 1416.614 1418.078 1419.543 1421.008 1422.473 1423.938 1425.316 1426.464 1427.611 1428.759 1429.906 1431.036 1432.159 1433.282 1434.406 1435.524 1436.621 1437.718 1438.815 1439.913 1440.902 1441.828 1442.753 1443.678 1444.58 1445.19 1445.801 1446.411 1447.021 1447.993 1449.294 1450.596 1451.897 1453.199 1457.493 1461.876 1466.26 1470.643 1474.86 1478.847 1482.833 1486.82
1400.0 1400.0 1400.0 1400.0 1400.004 1400.132 1400.261 1400.39 1400.519 1401.05 1402.02 1402.99 1403.96 1404.93 1406.359 1407.824 1409.289 1410.754 1412.219 1413.684 1415.149 1416.614 1418.078 1419.543 1421.008 1422.473 1423.938 1425.316 1426.464 1427.611 1428.759 1429.906 1431.036 1432.159 1433.282 1434.406 1435.521 1436.602 1437.683 1438.764 1439.845 1440.813 1441.711 1442.609 1443.507 1444.385 1444.995 1445.605 1446.216 1446.826 1447.71 1448.846 1449.981 1451.116 1452.252 1455.963 1459.75 1463.538 1467.326 1471.125 1474.94 1478.755 1482.57
1400.0 1400.0 1400.0 1400.0 1400.003 1400.116 1400.229 1400.341 1400.454 1400.984 1401.97 1402.956 1403.943 1404.929 1406.359 1407.824 1409.289 1410.754 1412.219 1413.684 1415.149 1416.614 1418.078 1419.543 1421.008 1422.473 1423.938 1425.316 1426.464 1427.611 1428.759 1429.906 1431.036 1432.159 1433.282 1434.406 1435.518 1436.583 1437.648 1438.713 1439.778 1440.723 1441.594 1442.465 1443.337 1444.189 1444.8 1445.41 1446.021 1446.631 1447.428 1448.397 1449.366 1450.335 1451.304 1454.432 1457.624 1460.817 1464.009 1467.391 1471.034 1474.677 1478.321
1400.0 1400.0 1400.0 1400.0 1400.003 1400.099 1400.196 1400.292 1400.389 1400.919 1401.921 1402.923 1403.925 1404.927 1406.359 1407.824 1409.289 1410.754 1412.219 1413.684 1415.149 1416.614 1418.078 1419.543 1421.008 1422.473 1423.938 1425.316 1426.464 1427.611 1428.759 1429.906 1431.036 1432.159 1433.282 1434.406 1435.516 1436.564 1437.613 1438.662 1439.711 1440.633 1441.477 1442.322 1443.166 1443.994 1444.604 1445.215 1445.825 1446.436 1447.146 1447.949 1448.752 1449.554 1450.357 1452.902 1455.498 1458.095 1460.692 1463.656 1467.128 1470.599 1474.071
1400.0 1400.0 1400.0 1400.0 1400.002 1400.083 1400.163 1400.244 1400.324 1400.853 1401.871 1402.89 1403.908 1404.926 1406.359 1407.824 1409.289 1410.754 1412.219 1413.684 1415.149 1416.614 1418.078 1419.543 1421.008 1422.473 1423.938 1425.316 1426.464 1427.611 1428.759 1429.906 1431.036 1432.159 1433.282 1434.406 1435.513 1436.546 1437.578 1438.611 1439.644 1440.543 1441.36 1442.178 1442.996 1443.799 1444.409 1445.02 1445.63 1446.24 1446.864 1447.5 1448.137 1448.773 1449.409 1451.371 1453.372 1455.373 1457.374 1459.921 1463.221 1466.521 1469.821
1400.0 1400.0 1400.0 1400.0 1400.002 1400.075 1400.149 1400.222 1400.295 1400.824 1401.849 1402.875 1403.9 1404.926 1406.359 1407.824 1409.289 1410.754 1412.219 1413.684 1415.149 1416.614 1418.078 1419.543 1421.008 1422.473 1423.938 1425.327 1426.513 1427.698 1428.885 1430.071 1431.215 1432.344 1433.473 1434.602 1435.715 1436.749 1437.784 1438.818 1439.852 1440.739 1441.536 1442.332 1443.129 1443.913 1444.529 1445.146 1445.762 1446.378 1446.954 1447.492 1448.03 1448.568 1449.105 1450.601 1452.124 1453.648 1455.172 1457.279 1460.192 1463.105 1466.017
1400.0 1400.0 1400.0 1400.0 1400.002 1400.075 1400.149 1400.222 1400.295 1400.824 1401.849 1402.875 1403.9 1404.926 1406.359 1407.824 1409.289 1410.754 1412.219 1413.684 1415.149 1416.614 1418.078 1419.543 1421.008 1422.473 1423.938 1425.346 1426.602 1427.857 1429.113 1430.369 1431.54 1432.68 1433.82 1434.96 1436.084 1437.134 1438.185 1439.235 1440.286 1441.168 1441.949 1442.73 1443.51 1444.28 1444.907 1445.534 1446.161 1446.788 1447.346 1447.841 1448.336 1448.831 1449.326 1450.45 1451.593 1452.736 1453.879 1455.529 1457.878 1460.227 1462.577
