data/zism_data/00015_02_D.txt
ncols         224
nrows         224
[rows 28 to 55 of 224, columns 0 to 62 of 224]
3999.429 3999.711 3999.993 4000.192 4000.294 4000.397 4000.5 4000.602 4000.594 4000.576 4000.559 4000.542 4000.529 4000.523 4000.517 4000.511 4000.505 4000.437 4000.357 4000.278 4000.198 4000.134 4000.102 4000.07 4000.039 4000.007 4000.0 4000.0 4000.0 4000.0 3999.988 3999.941 3999.893 3999.845 3999.798 3999.56 3999.244 3998.928 3998.612 3998.287 3997.916 3997.544 3997.173 3996.801 3996.546 3996.357 3996.167 3995.978 3995.813 3995.861 3995.909 3995.957 3996.006 3996.089 3996.198 3996.308 3996.418 3996.521 3996.4 3996.278 3996.156 3996.034 3995.779
3999.243 3999.579 3999.915 4000.123 4000.182 4000.241 4000.301 4000.36 4000.339 4000.311 4000.282 4000.255 4000.246 4000.267 4000.288 4000.309 4000.33 4000.288 4000.236 4000.183 4000.131 4000.088 4000.067 4000.046 4000.026 4000.005 4000.0 4000.0 4000.0 4000.0 3999.992 3999.961 3999.929 3999.898 3999.866 3999.656 3999.373 3999.089 3998.806 3998.499 3998.079 3997.659 3997.239 3996.819 3996.47 3996.162 3995.854 3995.546 3995.263 3995.203 3995.143 3995.083 3995.024 3995.03 3995.085 3995.141 3995.197 3995.245 3995.031 3994.818 3994.604 3994.391 3994.081
3999.057 3999.447 3999.837 4000.054 4000.07 4000.086 4000.102 4000.118 4000.084 4000.045 4000.006 3999.967 3999.962 4000.01 4000.059 4000.106 4000.155 4000.14 4000.114 4000.089 4000.063 4000.043 4000.033 4000.022 4000.012 4000.002 4000.0 4000.0 4000.0 4000.0 3999.996 3999.981 3999.966 3999.95 3999.935 3999.752 3999.501 3999.251 3999.0 3998.711 3998.242 3997.774 3997.305 3996.836 3996.395 3995.968 3995.541 3995.114 3994.713 3994.545 3994.377 3994.21 3994.042 3993.97 3993.972 3993.974 3993.976 3993.969 3993.663 3993.358 3993.052 3992.747 3992.382
3998.882 3999.323 3999.764 3999.987 3999.959 3999.931 3999.903 3999.875 3999.824 3999.771 3999.718 3999.665 3999.663 3999.74 3999.817 3999.895 3999.972 3999.986 3999.99 3999.994 3999.998 4000.0 4000.0 4000.0 4000.0 4000.0 4000.0 4000.0 4000.0 4000.0 4000.0 4000.0 4000.0 4000.0 4000.0 3999.844 3999.623 3999.403 3999.182 3998.911 3998.396 3997.882 3997.367 3996.853 3996.32 3995.775 3995.231 3994.687 3994.17 3993.892 3993.614 3993.335 3993.057 3992.904 3992.847 3992.79 3992.734 3992.667 3992.27 3991.873 3991.475 3991.078 3990.656
3998.882 3999.323 3999.764 3999.959 3999.872 3999.785 3999.698 3999.61 3999.49 3999.366 3999.243 3999.12 3999.1 3999.242 3999.384 3999.526 3999.668 3999.748 3999.816 3999.885 3999.953 4000.0 4000.0 4000.0 4000.0 4000.0 4000.0 4000.0 4000.0 4000.0 4000.0 4000.0 4000.0 4000.0 4000.0 3999.844 3999.623 3999.403 3999.182 3998.911 3998.396 3997.882 3997.367 3996.853 3996.261 3995.625 3994.989 3994.353 3993.738 3993.309 3992.879 3992.45 3992.021 3991.725 3991.534 3991.342 3991.15 3990.95 3990.461 3989.972 3989.482 3988.993 3988.469
3998.882 3999.323 3999.764 3999.932 3999.785 3999.638 3999.492 3999.345 3999.155 3998.961 3998.768 3998.575 3998.538 3998.745 3998.951 3999.158 3999.365 3999.509 3999.642 3999.776 3999.909 4000.0 4000.0 4000.0 4000.0 4000.0 4000.0 4000.0 4000.0 4000.0 4000.0 4000.0 4000.0 4000.0 4000.0 3999.844 3999.623 3999.403 3999.182 3998.911 3998.396 3997.882 3997.367 3996.853 3996.203 3995.475 3994.747 3994.019 3993.306 3992.726 3992.145 3991.565 3990.984 3990.547 3990.22 3989.893 3989.567 3989.232 3988.652 3988.071 3987.49 3986.909 3986.282
3998.882 3999.323 3999.764 3999.904 3999.698 3999.492 3999.286 3999.08 3998.82 3998.557 3998.293 3998.03 3997.975 3998.247 3998.519 3998.79 3999.062 3999.271 3999.469 3999.667 3999.865 4000.0 4000.0 4000.0 4000.0 4000.0 4000.0 4000.0 4000.0 4000.0 4000.0 4000.0 4000.0 4000.0 4000.0 3999.844 3999.623 3999.403 3999.182 3998.911 3998.396 3997.882 3997.367 3996.853 3996.144 3995.324 3994.505 3993.685 3992.875 3992.143 3991.411 3990.679 3989.948 3989.368 3988.907 3988.445 3987.983 3987.515 3986.843 3986.17 3985.497 3984.825 3984.095
3998.882 3999.323 3999.764 3999.877 3999.611 3999.346 3999.08 3998.815 3998.486 3998.152 3997.818 3997.484 3997.413 3997.749 3998.085 3998.422 3998.758 3999.032 3999.295 3999.558 3999.821 4000.0 4000.0 4000.0 4000.0 4000.0 4000.0 4000.0 4000.0 4000.0 4000.0 4000.0 4000.0 4000.0 4000.0 3999.844 3999.623 3999.403 3999.182 3998.911 3998.396 3997.882 3997.367 3996.853 3996.086 3995.174 3994.263 3993.351 3992.443 3991.56 3990.677 3989.794 3988.911 3988.19 3987.593 3986.996 3986.399 3985.798 3985.033 3984.269 3983.505 3982.74 3981.908
3998.989 3999.388 3999.786 3999.843 3999.504 3999.165 3998.826 3998.487 3997.999 3997.499 3996.999 3996.499 3996.349 3996.741 3997.134 3997.527 3997.919 3998.334 3998.752 3999.17 3999.588 3999.881 3999.909 3999.938 3999.966 3999.994 4000.0 4000.0 4000.0 4000.0 3999.999 3999.993 3999.987 3999.982 3999.976 3999.81 3999.578 3999.346 3999.115 3998.834 3998.32 3997.805 3997.291 3996.776 3995.99 3995.049 3994.107 3993.166 3992.225 3991.281 3990.337 3989.393 3988.449 3987.65 3986.964 3986.277 3985.59 3984.897 3984.002 3983.106 3982.21 3981.315 3980.354
3999.194 3999.512 3999.83 3999.803 3999.377 3998.952 3998.526 3998.101 3997.371 3996.618 3995.864 3995.11 3994.824 3995.266 3995.707 3996.148 3996.59 3997.214 3997.87 3998.525 3999.181 3999.654 3999.736 3999.818 3999.9 3999.982 4000.0 4000.0 4000.0 4000.0 3999.996 3999.979 3999.963 3999.947 3999.93 3999.746 3999.492 3999.239 3998.986 3998.687 3998.173 3997.658 3997.144 3996.629 3995.86 3994.946 3994.032 3993.117 3992.202 3991.28 3990.358 3989.435 3988.513 3987.696 3986.961 3986.226 3985.49 3984.746 3983.683 3982.619 3981.556 3980.493 3979.378
3999.4 3999.636 3999.873 3999.763 3999.251 3998.739 3998.227 3997.715 3996.744 3995.737 3994.729 3993.722 3993.3 3993.79 3994.28 3994.77 3995.26 3996.095 3996.988 3997.881 3998.774 3999.426 3999.562 3999.698 3999.834 3999.97 4000.0 4000.0 4000.0 4000.0 3999.993 3999.966 3999.939 3999.912 3999.884 3999.681 3999.406 3999.131 3998.856 3998.54 3998.026 3997.511 3996.997 3996.482 3995.73 3994.843 3993.956 3993.069 3992.18 3991.279 3990.378 3989.478 3988.577 3987.742 3986.958 3986.175 3985.391 3984.594 3983.363 3982.133 3980.902 3979.672 3978.403
3999.605 3999.761 3999.917 3999.723 3999.124 3998.526 3997.928 3997.33 3996.116 3994.855 3993.594 3992.333 3991.776 3992.315 3992.853 3993.392 3993.93 3994.975 3996.106 3997.237 3998.367 3999.198 3999.388 3999.578 3999.769 3999.959 4000.0 4000.0 4000.0 4000.0 3999.991 3999.953 3999.915 3999.876 3999.839 3999.617 3999.32 3999.024 3998.727 3998.393 3997.879 3997.364 3996.85 3996.335 3995.601 3994.74 3993.88 3993.02 3992.158 3991.279 3990.399 3989.52 3988.641 3987.788 3986.956 3986.123 3985.291 3984.442 3983.044 3981.646 3980.249 3978.851 3977.427
3999.811 3999.885 3999.96 3999.683 3998.998 3998.313 3997.629 3996.944 3995.489 3993.974 3992.459 3990.945 3990.252 3990.839 3991.426 3992.013 3992.601 3993.856 3995.224 3996.592 3997.96 3998.97 3999.214 3999.459 3999.703 3999.947 4000.0 4000.0 4000.0 4000.0 3999.988 3999.939 3999.89 3999.842 3999.793 3999.553 3999.234 3998.916 3998.598 3998.246 3997.731 3997.217 3996.703 3996.188 3995.471 3994.638 3993.804 3992.971 3992.135 3991.278 3990.42 3989.563 3988.705 3987.834 3986.953 3986.072 3985.191 3984.29 3982.725 3981.16 3979.594 3978.029 3976.452
3999.243 3999.284 3999.326 3998.912 3997.97 3997.029 3996.088 3995.146 3993.551 3991.905 3990.259 3988.612 3987.855 3988.48 3989.105 3989.73 3990.355 3991.819 3993.425 3995.031 3996.636 3997.88 3998.348 3998.816 3999.285 3999.753 3999.776 3999.675 3999.574 3999.473 3999.377 3999.296 3999.215 3999.134 3999.053 3998.796 3998.467 3998.138 3997.809 3997.451 3996.958 3996.465 3995.972 3995.479 3994.888 3994.241 3993.594 3992.948 3992.301 3991.651 3991.001 3990.352 3989.702 3988.951 3988.123 3987.294 3986.466 3985.612 3983.9 3982.189 3980.478 3978.766 3976.985
3998.664 3998.673 3998.682 3998.13 3996.93 3995.729 3994.529 3993.328 3991.594 3989.818 3988.042 3986.266 3985.445 3986.108 3986.771 3987.433 3988.096 3989.769 3991.612 3993.456 3995.299 3996.776 3997.471 3998.167 3998.862 3999.557 3999.549 3999.345 3999.141 3998.938 3998.756 3998.643 3998.53 3998.416 3998.303 3998.029 3997.689 3997.349 3997.009 3996.646 3996.175 3995.703 3995.232 3994.76 3994.298 3993.84 3993.383 3992.925 3992.469 3992.03 3991.591 3991.152 3990.713 3990.084 3989.309 3988.535 3987.76 3986.954 3985.097 3983.24 3981.383 3979.526 3977.541
3998.084 3998.061 3998.038 3997.349 3995.889 3994.429 3992.969 3991.51 3989.637 3987.731 3985.826 3983.92 3983.034 3983.735 3984.436 3985.136 3985.837 3987.718 3989.799 3991.88 3993.961 3995.673 3996.595 3997.517 3998.439 3999.361 3999.322 3999.015 3998.709 3998.403 3998.136 3997.99 3997.844 3997.699 3997.553 3997.262 3996.911 3996.561 3996.21 3995.842 3995.392 3994.942 3994.492 3994.042 3993.708 3993.439 3993.171 3992.902 3992.638 3992.409 3992.181 3991.952 3991.723 3991.217 3990.496 3989.776 3989.055 3988.297 3986.294 3984.292 3982.289 3980.286 3978.096
3997.505 3997.45 3997.394 3996.567 3994.848 3993.129 3991.41 3989.692 3987.679 3985.645 3983.609 3981.574 3980.625 3981.363 3982.101 3982.84 3983.578 3985.668 3987.987 3990.305 3992.624 3994.57 3995.718 3996.867 3998.016 3999.165 3999.094 3998.685 3998.277 3997.868 3997.516 3997.338 3997.159 3996.981 3996.803 3996.495 3996.133 3995.772 3995.41 3995.037 3994.609 3994.181 3993.752 3993.324 3993.118 3993.039 3992.959 3992.879 3992.806 3992.788 3992.77 3992.752 3992.734 3992.349 3991.683 3991.016 3990.35 3989.64 3987.492 3985.343 3983.194 3981.045 3978.651
3994.572 3994.644 3994.716 3993.913 3992.097 3990.282 3988.467 3986.651 3984.638 3982.609 3980.58 3978.551 3977.629 3978.43 3979.23 3980.031 3980.832 3983.09 3985.595 3988.101 3990.606 3992.755 3994.142 3995.53 3996.918 3998.305 3998.245 3997.782 3997.319 3996.856 3996.448 3996.205 3995.963 3995.721 3995.479 3995.189 3994.88 3994.571 3994.262 3993.95 3993.626 3993.302 3992.977 3992.653 3992.61 3992.727 3992.844 3992.96 3993.081 3993.242 3993.403 3993.564 3993.725 3993.451 3992.841 3992.23 3991.62 3990.961 3988.662 3986.362 3984.063 3981.763 3979.153
3988.754 3989.15 3989.546 3988.964 3987.251 3985.538 3983.825 3982.112 3980.267 3978.411 3976.554 3974.698 3973.918 3974.81 3975.702 3976.595 3977.487 3979.865 3982.494 3985.124 3987.753 3990.068 3991.709 3993.351 3994.992 3996.634 3996.632 3996.175 3995.717 3995.26 3994.83 3994.485 3994.141 3993.796 3993.451 3993.224 3993.044 3992.865 3992.685 3992.516 3992.397 3992.278 3992.159 3992.04 3992.202 3992.524 3992.846 3993.168 3993.488 3993.789 3994.09 3994.392 3994.693 3994.513 3993.962 3993.411 3992.861 3992.255 3989.799 3987.343 3984.887 3982.431 3979.589
3982.935 3983.655 3984.375 3984.015 3982.404 3980.794 3979.184 3977.573 3975.895 3974.212 3972.529 3970.846 3970.206 3971.19 3972.174 3973.158 3974.143 3976.64 3979.394 3982.147 3984.901 3987.381 3989.276 3991.171 3993.067 3994.962 3995.02 3994.568 3994.116 3993.664 3993.213 3992.765 3992.318 3991.871 3991.424 3991.258 3991.208 3991.158 3991.108 3991.082 3991.168 3991.254 3991.341 3991.427 3991.794 3992.321 3992.848 3993.375 3993.894 3994.335 3994.777 3995.219 3995.661 3995.575 3995.084 3994.593 3994.101 3993.549 3990.936 3988.323 3985.711 3983.098 3980.025
3977.117 3978.161 3979.205 3979.065 3977.558 3976.05 3974.542 3973.034 3971.524 3970.014 3968.503 3966.993 3966.494 3967.57 3968.646 3969.722 3970.798 3973.415 3976.293 3979.171 3982.049 3984.694 3986.843 3988.992 3991.141 3993.29 3993.407 3992.961 3992.514 3992.067 3991.595 3991.045 3990.495 3989.946 3989.396 3989.293 3989.373 3989.452 3989.532 3989.648 3989.939 3990.231 3990.522 3990.813 3991.386 3992.118 3992.851 3993.583 3994.3 3994.882 3995.464 3996.046 3996.629 3996.638 3996.206 3995.774 3995.342 3994.842 3992.073 3989.304 3986.534 3983.765 3980.462
3971.298 3972.667 3974.034 3974.116 3972.711 3971.306 3969.901 3968.496 3967.153 3965.815 3964.478 3963.14 3962.783 3963.95 3965.118 3966.286 3967.453 3970.19 3973.192 3976.194 3979.196 3982.007 3984.41 3986.813 3989.216 3991.618 3991.795 3991.354 3990.912 3990.471 3989.978 3989.325 3988.673 3988.021 3987.368 3987.327 3987.537 3987.746 3987.955 3988.214 3988.711 3989.207 3989.704 3990.2 3990.978 3991.915 3992.853 3993.79 3994.706 3995.428 3996.151 3996.874 3997.596 3997.7 3997.327 3996.955 3996.582 3996.136 3993.21 3990.284 3987.358 3984.433 3980.898
3961.223 3962.9 3964.578 3965.175 3964.523 3963.871 3963.219 3962.568 3961.742 3960.902 3960.063 3959.223 3959.296 3960.787 3962.278 3963.77 3965.261 3968.045 3971.048 3974.051 3977.054 3979.818 3982.07 3984.322 3986.574 3988.827 3989.01 3988.618 3988.227 3987.835 3987.407 3986.869 3986.331 3985.793 3985.255 3985.385 3985.788 3986.191 3986.594 3987.062 3987.837 3988.613 3989.388 3990.164 3991.114 3992.163 3993.212 3994.261 3995.273 3995.964 3996.654 3997.345 3998.035 3998.083 3997.637 3997.191 3996.744 3996.224 3993.21 3990.197 3987.184 3984.17 3980.573
3950.743 3952.728 3954.713 3955.853 3956.017 3956.181 3956.344 3956.508 3956.232 3955.921 3955.611 3955.301 3955.831 3957.667 3959.504 3961.341 3963.177 3966.002 3968.995 3971.987 3974.979 3977.675 3979.739 3981.802 3983.865 3985.928 3986.113 3985.775 3985.438 3985.1 3984.746 3984.343 3983.94 3983.537 3983.134 3983.445 3984.048 3984.65 3985.253 3985.936 3986.997 3988.059 3989.121 3990.183 3991.302 3992.453 3993.605 3994.757 3995.856 3996.498 3997.14 3997.782 3998.424 3998.402 3997.869 3997.336 3996.804 3996.197 3993.103 3990.008 3986.914 3983.819 3980.176
3940.262 3942.555 3944.848 3946.531 3947.51 3948.49 3949.469 3950.448 3950.721 3950.94 3951.159 3951.378 3952.365 3954.547 3956.73 3958.912 3961.094 3963.96 3966.941 3969.923 3972.904 3975.533 3977.407 3979.281 3981.156 3983.03 3983.216 3982.932 3982.648 3982.365 3982.085 3981.817 3981.549 3981.281 3981.013 3981.505 3982.307 3983.11 3983.912 3984.81 3986.157 3987.506 3988.854 3990.201 3991.49 3992.744 3993.998 3995.252 3996.439 3997.033 3997.626 3998.219 3998.813 3998.72 3998.101 3997.482 3996.863 3996.17 3992.995 3989.819 3986.644 3983.469 3979.779
3929.782 3932.383 3934.983 3937.21 3939.004 3940.799 3942.593 3944.388 3945.211 3945.959 3946.707 3947.455 3948.9 3951.427 3953.956 3956.483 3959.011 3961.918 3964.888 3967.859 3970.83 3973.391 3975.076 3976.761 3978.447 3980.132 3980.319 3980.089 3979.86 3979.63 3979.424 3979.291 3979.158 3979.025 3978.892 3979.565 3980.567 3981.569 3982.572 3983.684 3985.318 3986.952 3988.586 3990.22 3991.677 3993.034 3994.391 3995.748 3997.022 3997.567 3998.112 3998.656 3999.201 3999.039 3998.333 3997.628 3996.923 3996.143 3992.887 3989.631 3986.374 3983.118 3979.381
3921.499 3924.148 3926.798 3929.34 3931.756 3934.173 3936.589 3939.006 3940.349 3941.607 3942.866 3944.125 3945.977 3948.75 3951.524 3954.298 3957.072 3959.948 3962.84 3965.733 3968.625 3971.085 3972.62 3974.155 3975.69 3977.225 3977.436 3977.279 3977.121 3976.964 3976.856 3976.896 3976.937 3976.977 3977.018 3977.882 3979.082 3980.282 3981.482 3982.794 3984.644 3986.493 3988.342 3990.191 3991.775 3993.208 3994.641 3996.074 3997.407 3997.861 3998.314 3998.767 3999.22 3998.954 3998.134 3997.313 3996.493 3995.6 3992.269 3988.937 3985.606 3982.275 3978.515
3916.848 3919.12 3921.392 3923.871 3926.59 3929.309 3932.028 3934.747 3936.557 3938.296 3940.036 3941.775 3943.951 3946.806 3949.66 3952.515 3955.37 3958.096 3960.799 3963.503 3966.207 3968.51 3969.959 3971.408 3972.856 3974.305 3974.577 3974.522 3974.468 3974.413 3974.44 3974.718 3974.997 3975.275 3975.553 3976.624 3978.018 3979.412 3980.807 3982.297 3984.243 3986.19 3988.136 3990.082 3991.722 3993.187 3994.653 3996.118 3997.464 3997.756 3998.047 3998.338 3998.63 3998.201 3997.219 3996.236 3995.254 3994.202 3990.806 3987.41 3984.013 3980.617 3976.873
