data/zism_data/00017_02_D.txt
ncols         224
nrows         224
[rows 145 to 173 of 224, columns 64 to 127 of 224]
202.3227 202.4521 202.5816 202.6631 202.7424 202.8217 202.901 202.9519 202.9636 202.9753 202.987 202.9986 203.0 203.0 203.0 203.0 203.0 203.0 203.0 203.0 203.0 203.0 203.0 203.0 203.0 203.0 203.0 203.0 203.0 203.0 203.0 203.0 203.0 203.0 203.0 203.0 203.0 203.0 203.0 202.853 202.6326 202.4121 202.1917 202.0 202.0 202.0 202.0 202.0 202.0 202.0 202.0 202.0 201.9872 201.7668 201.5463 201.3259 201.1054 201.0 201.0 201.0 201.0 201.0 201.0 201.0
202.2423 202.3395 202.4367 202.5271 202.6171 202.7072 202.7973 202.8634 202.8966 202.9298 202.963 202.9962 203.0 203.0 203.0 203.0 203.0 203.0 203.0 203.0 203.0 203.0 203.0 203.0 203.0 203.0 203.0 203.0 203.0 203.0 203.0 203.0 203.0 203.0 203.0 203.0 203.0 203.0 203.0 202.853 202.6326 202.4121 202.1917 202.0 202.0 202.0 202.0 202.0 202.0 202.0 202.0 202.0 201.9872 201.7668 201.5463 201.3259 201.1054 201.0 201.0 201.0 201.0 201.0 201.0 201.0
202.1619 202.2269 202.2918 202.3911 202.4919 202.5927 202.6936 202.775 202.8297 202.8843 202.939 202.9937 203.0 203.0 203.0 203.0 203.0 203.0 203.0 203.0 203.0 203.0 203.0 203.0 203.0 203.0 203.0 203.0 203.0 203.0 203.0 203.0 203.0 203.0 203.0 203.0 203.0 203.0 203.0 202.853 202.6326 202.4121 202.1917 202.0 202.0 202.0 202.0 202.0 202.0 202.0 202.0 202.0 201.9872 201.7668 201.5463 201.3259 201.1054 201.0 201.0 201.0 201.0 201.0 201.0 201.0
202.0815 202.1142 202.147 202.2551 202.3667 202.4782 202.5898 202.6865 202.7627 202.8388 202.915 202.9912 203.0 203.0 203.0 203.0 203.0 203.0 203.0 203.0 203.0 203.0 203.0 203.0 203.0 203.0 203.0 203.0 203.0 203.0 203.0 203.0 203.0 203.0 203.0 203.0 203.0 203.0 203.0 202.853 202.6326 202.4121 202.1917 202.0 202.0 202.0 202.0 202.0 202.0 202.0 202.0 202.0 201.9872 201.7668 201.5463 201.3259 201.1054 201.0 201.0 201.0 201.0 201.0 201.0 201.0
202.0012 202.0016 202.0021 202.1191 202.2414 202.3638 202.4861 202.598 202.6957 202.7934 202.891 202.9887 203.0 203.0 203.0 203.0 203.0 203.0 203.0 203.0 203.0 203.0 203.0 203.0 203.0 203.0 203.0 203.0 203.0 203.0 203.0 203.0 203.0 203.0 203.0 203.0 203.0 203.0 203.0 202.853 202.6326 202.4121 202.1917 202.0 202.0 202.0 202.0 202.0 202.0 202.0 202.0 202.0 201.9872 201.7668 201.5463 201.3259 201.1054 201.0 201.0 201.0 201.0 201.0 201.0 201.0
202.0 202.0 202.0 202.0918 202.1878 202.2838 202.3798 202.4811 202.5896 202.6982 202.8068 202.9153 202.942 202.9579 202.9737 202.9896 203.0 203.0 203.0 203.0 203.0 203.0 203.0 203.0 203.0 203.0 203.0 203.0 203.0 203.0 203.0 203.0 203.0 203.0 202.9903 202.9427 202.895 202.8473 202.7997 202.6686 202.4958 202.323 202.1503 202.0 202.0 202.0 202.0 202.0 202.0 202.0 202.0 202.0 201.9872 201.7668 201.5463 201.3259 201.1054 201.0 201.0 201.0 201.0 201.0 201.0 201.0
202.0 202.0 202.0 202.0661 202.1352 202.2044 202.2735 202.3637 202.483 202.6023 202.7216 202.8409 202.8831 202.9151 202.9471 202.9791 203.0 203.0 203.0 203.0 203.0 203.0 203.0 203.0 203.0 203.0 203.0 203.0 203.0 203.0 203.0 203.0 203.0 203.0 202.9805 202.8845 202.7885 202.6924 202.5964 202.4814 202.357 202.2326 202.1082 202.0 202.0 202.0 202.0 202.0 202.0 202.0 202.0 202.0 201.9872 201.7668 201.5463 201.3259 201.1054 201.0 201.0 201.0 201.0 201.0 201.0 201.0
202.0 202.0 202.0 202.0404 202.0827 202.1249 202.1672 202.2463 202.3764 202.5064 202.6365 202.7666 202.8242 202.8723 202.9205 202.9686 203.0 203.0 203.0 203.0 203.0 203.0 203.0 203.0 203.0 203.0 203.0 203.0 203.0 203.0 203.0 203.0 203.0 203.0 202.9707 202.8263 202.6819 202.5375 202.3931 202.2943 202.2182 202.1422 202.0661 202.0 202.0 202.0 202.0 202.0 202.0 202.0 202.0 202.0 201.9872 201.7668 201.5463 201.3259 201.1054 201.0 201.0 201.0 201.0 201.0 201.0 201.0
202.0 202.0 202.0 202.0147 202.0301 202.0455 202.0609 202.129 202.2698 202.4106 202.5514 202.6922 202.7653 202.8296 202.8938 202.9581 203.0 203.0 203.0 203.0 203.0 203.0 203.0 203.0 203.0 203.0 203.0 203.0 203.0 203.0 203.0 203.0 203.0 203.0 202.9609 202.7681 202.5754 202.3826 202.1898 202.1071 202.0795 202.0518 202.0241 202.0 202.0 202.0 202.0 202.0 202.0 202.0 202.0 202.0 201.9872 201.7668 201.5463 201.3259 201.1054 201.0 201.0 201.0 201.0 201.0 201.0 201.0
202.0 202.0 202.0 202.0 202.0 202.0 202.0 202.056 202.1891 202.3223 202.4555 202.5887 202.6752 202.7555 202.8359 202.9163 202.9711 202.978 202.9849 202.9918 202.9987 203.0 203.0 203.0 203.0 203.0 203.0 203.0 203.0 203.0 202.9949 202.988 202.9811 202.9742 202.9254 202.7119 202.4983 202.2847 202.0712 202.0 202.0 202.0 202.0 202.0 202.0 202.0 202.0 202.0 202.0 202.0 202.0 202.0 201.9872 201.7668 201.5463 201.3259 201.1054 201.0 201.0 201.0 201.0 201.0 201.0 201.0
202.0 202.0 202.0 202.0 202.0 202.0 202.0 202.0424 202.1434 202.2443 202.3452 202.4461 202.5432 202.6397 202.7362 202.8327 202.9036 202.9266 202.9496 202.9727 202.9957 203.0 203.0 203.0 203.0 203.0 203.0 203.0 203.0 203.0 202.983 202.96 202.937 202.914 202.8555 202.6581 202.4607 202.2632 202.0658 202.0 202.0 202.0 202.0 202.0 202.0 202.0 202.0 202.0 202.0 202.0 202.0 202.0 201.9872 201.7668 201.5463 201.3259 201.1054 201.0 201.0 201.0 201.0 201.0 201.0 201.0
202.0 202.0 202.0 202.0 202.0 202.0 202.0 202.0289 202.0976 202.1662 202.2349 202.3036 202.4111 202.5238 202.6364 202.749 202.8361 202.8752 202.9144 202.9535 202.9926 203.0 203.0 203.0 203.0 203.0 203.0 203.0 203.0 203.0 202.9711 202.9319 202.8928 202.8537 202.7857 202.6044 202.4231 202.2417 202.0604 202.0 202.0 202.0 202.0 202.0 202.0 202.0 202.0 202.0 202.0 202.0 202.0 202.0 201.9872 201.7668 201.5463 201.3259 201.1054 201.0 201.0 201.0 201.0 201.0 201.0 201.0
202.0 202.0 202.0 202.0 202.0 202.0 202.0 202.0153 202.0518 202.0882 202.1247 202.1611 202.2791 202.4079 202.5366 202.6654 202.7686 202.8238 202.8791 202.9343 202.9896 203.0 203.0 203.0 203.0 203.0 203.0 203.0 203.0 203.0 202.9592 202.9039 202.8486 202.7934 202.7158 202.5506 202.3854 202.2203 202.0551 202.0 202.0 202.0 202.0 202.0 202.0 202.0 202.0 202.0 202.0 202.0 202.0 202.0 201.9872 201.7668 201.5463 201.3259 201.1054 201.0 201.0 201.0 201.0 201.0 201.0 201.0
202.0 202.0 202.0 202.0 202.0 202.0 202.0 202.0018 202.006 202.0102 202.0144 202.0186 202.1471 202.292 202.4369 202.5817 202.701 202.7724 202.8438 202.9152 202.9866 203.0 203.0 203.0 203.0 203.0 203.0 203.0 203.0 203.0 202.9472 202.8759 202.8045 202.7331 202.646 202.4969 202.3478 202.1988 202.0497 202.0 202.0 202.0 202.0 202.0 202.0 202.0 202.0 202.0 202.0 202.0 202.0 202.0 201.9872 201.7668 201.5463 201.3259 201.1054 201.0 201.0 201.0 201.0 201.0 201.0 201.0
202.0 202.0 202.0 202.0 202.0 202.0 202.0 202.0 202.0 202.0 202.0 202.0 202.1051 202.2241 202.343 202.4619 202.5683 202.6511 202.7339 202.8168 202.8996 202.9304 202.9491 202.9678 202.9865 202.9949 202.9762 202.9575 202.9388 202.9201 202.854 202.7712 202.6883 202.6055 202.5154 202.3964 202.2775 202.1586 202.0396 202.0 202.0 202.0 202.0 202.0 202.0 202.0 202.0 202.0 202.0 202.0 202.0 202.0 201.9872 201.7668 201.5463 201.3259 201.1054 201.0 201.0 201.0 201.0 201.0 201.0 201.0
202.0 202.0 202.0 202.0 202.0 202.0 202.0 202.0 202.0 202.0 202.0 202.0 202.0766 202.1633 202.25 202.3367 202.4258 202.5193 202.6129 202.7065 202.8001 202.8503 202.8905 202.9307 202.9709 202.9889 202.9487 202.9086 202.8684 202.8282 202.7485 202.655 202.5614 202.4678 202.3756 202.289 202.2023 202.1156 202.0289 202.0 202.0 202.0 202.0 202.0 202.0 202.0 202.0 202.0 202.0 202.0 202.0 202.0 201.9872 201.7668 201.5463 201.3259 201.1054 201.0 201.0 201.0 201.0 201.0 201.0 201.0
202.0 202.0 202.0 202.0 202.0 202.0 202.0 202.0 202.0 202.0 202.0 202.0 202.0481 202.1026 202.157 202.2115 202.2832 202.3876 202.4919 202.5962 202.7005 202.7703 202.8319 202.8936 202.9553 202.983 202.9213 202.8596 202.798 202.7363 202.6431 202.5388 202.4344 202.3301 202.2359 202.1815 202.127 202.0726 202.0181 202.0 202.0 202.0 202.0 202.0 202.0 202.0 202.0 202.0 202.0 202.0 202.0 202.0 201.9872 201.7668 201.5463 201.3259 201.1054 201.0 201.0 201.0 201.0 201.0 201.0 201.0
202.0 202.0 202.0 202.0 202.0 202.0 202.0 202.0 202.0 202.0 202.0 202.0 202.0196 202.0418 202.064 202.0862 202.1407 202.2558 202.3709 202.4859 202.601 202.6902 202.7734 202.8566 202.9397 202.9771 202.8939 202.8107 202.7276 202.6444 202.5376 202.4226 202.3075 202.1924 202.0962 202.074 202.0518 202.0296 202.0074 202.0 202.0 202.0 202.0 202.0 202.0 202.0 202.0 202.0 202.0 202.0 202.0 202.0 201.9872 201.7668 201.5463 201.3259 201.1054 201.0 201.0 201.0 201.0 201.0 201.0 201.0
202.0 202.0 202.0 202.0 202.0 202.0 202.0 202.0 202.0 202.0 202.0 202.0 202.0 202.0 202.0 202.0 202.0397 202.1538 202.2679 202.382 202.4961 202.5998 202.7011 202.8025 202.9038 202.9493 202.848 202.7467 202.6453 202.544 202.4333 202.3192 202.205 202.091 202.0 202.0 202.0 202.0 202.0 202.0 202.0 202.0 202.0 202.0 202.0 202.0 202.0 202.0 202.0 202.0 202.0 202.0 201.9872 201.7668 201.5463 201.3259 201.1054 201.0 201.0 201.0 201.0 201.0 201.0 201.0
202.0 202.0 202.0 202.0 202.0 202.0 202.0 202.0 202.0 202.0 202.0 202.0 202.0 202.0 202.0 202.0 202.0303 202.1176 202.2048 202.292 202.3793 202.4867 202.5987 202.7108 202.8229 202.8732 202.7611 202.6491 202.537 202.4249 202.3312 202.244 202.1568 202.0695 202.0 202.0 202.0 202.0 202.0 202.0 202.0 202.0 202.0 202.0 202.0 202.0 202.0 202.0 202.0 202.0 202.0 202.0 201.9872 201.7668 201.5463 201.3259 201.1054 201.0 201.0 201.0 201.0 201.0 201.0 201.0
202.0 202.0 202.0 202.0 202.0 202.0 202.0 202.0 202.0 202.0 202.0 202.0 202.0 202.0 202.0 202.0 202.021 202.0814 202.1417 202.2021 202.2624 202.3735 202.4963 202.6191 202.7419 202.7971 202.6743 202.5515 202.4287 202.3058 202.2292 202.1688 202.1085 202.0481 202.0 202.0 202.0 202.0 202.0 202.0 202.0 202.0 202.0 202.0 202.0 202.0 202.0 202.0 202.0 202.0 202.0 202.0 201.9872 201.7668 201.5463 201.3259 201.1054 201.0 201.0 201.0 201.0 201.0 201.0 201.0
202.0 202.0 202.0 202.0 202.0 202.0 202.0 202.0 202.0 202.0 202.0 202.0 202.0 202.0 202.0 202.0 202.0116 202.0451 202.0786 202.1121 202.1456 202.2603 202.3939 202.5275 202.661 202.721 202.5874 202.4539 202.3203 202.1868 202.1272 202.0937 202.0602 202.0267 202.0 202.0 202.0 202.0 202.0 202.0 202.0 202.0 202.0 202.0 202.0 202.0 202.0 202.0 202.0 202.0 202.0 202.0 201.9872 201.7668 201.5463 201.3259 201.1054 201.0 201.0 201.0 201.0 201.0 201.0 201.0
202.0 202.0 202.0 202.0 202.0 202.0 202.0 202.0 202.0 202.0 202.0 202.0 202.0 202.0 202.0 202.0 202.0023 202.0089 202.0155 202.0222 202.0288 202.1472 202.2915 202.4358 202.5801 202.6449 202.5006 202.3563 202.212 202.0677 202.0251 202.0185 202.0119 202.0053 202.0 202.0 202.0 202.0 202.0 202.0 202.0 202.0 202.0 202.0 202.0 202.0 202.0 202.0 202.0 202.0 202.0 202.0 201.9872 201.7668 201.5463 201.3259 201.1054 201.0 201.0 201.0 201.0 201.0 201.0 201.0
201.9255 201.962 201.9984 202.0 202.0 202.0 202.0 202.0 202.0 202.0 202.0 202.0 202.0 202.0 202.0 202.0 202.0 202.0 202.0 202.0 202.0 202.0995 202.2222 202.3449 202.4675 202.5226 202.4 202.2773 202.1546 202.032 202.0 202.0 202.0 202.0 202.0 202.0 202.0 202.0 202.0 202.0 202.0 202.0 202.0 202.0 202.0 202.0 202.0 202.0 201.9783 201.9419 201.9054 201.869 201.824 201.64 201.456 201.272 201.088 201.0 201.0 201.0 201.0 201.0 201.0 201.0
201.8267 201.9115 201.9963 202.0 202.0 202.0 202.0 202.0 202.0 202.0 202.0 202.0 202.0 202.0 202.0 202.0 202.0 202.0 202.0 202.0 202.0 202.0734 202.1638 202.2542 202.3446 202.3853 202.2948 202.2044 202.114 202.0236 202.0 202.0 202.0 202.0 202.0 202.0 202.0 202.0 202.0 202.0 202.0 202.0 202.0 202.0 202.0 202.0 202.0 202.0 201.9496 201.8648 201.78 201.6952 201.6074 201.4718 201.3361 201.2005 201.0649 201.0 201.0 201.0 201.0 201.0 201.0 201.0
201.7278 201.861 201.9942 202.0 202.0 202.0 202.0 202.0 202.0 202.0 202.0 202.0 202.0 202.0 202.0 202.0 202.0 202.0 202.0 202.0 202.0 202.0472 202.1054 202.1636 202.2217 202.2479 202.1897 202.1315 202.0733 202.0152 202.0 202.0 202.0 202.0 202.0 202.0 202.0 202.0 202.0 202.0 202.0 202.0 202.0 202.0 202.0 202.0 202.0 202.0 201.9209 201.7877 201.6545 201.5213 201.3908 201.3035 201.2163 201.129 201.0417 201.0 201.0 201.0 201.0 201.0 201.0 201.0
201.629 201.8106 201.9921 202.0 202.0 202.0 202.0 202.0 202.0 202.0 202.0 202.0 202.0 202.0 202.0 202.0 202.0 202.0 202.0 202.0 202.0 202.021 202.047 202.0729 202.0988 202.1105 202.0846 202.0586 202.0327 202.0068 202.0 202.0 202.0 202.0 202.0 202.0 202.0 202.0 202.0 202.0 202.0 202.0 202.0 202.0 202.0 202.0 202.0 202.0 201.8921 201.7106 201.529 201.3475 201.1742 201.1353 201.0964 201.0575 201.0186 201.0 201.0 201.0 201.0 201.0 201.0 201.0
201.5495 201.77 201.9904 202.0 202.0 202.0 202.0 202.0 202.0 202.0 202.0 202.0 202.0 202.0 202.0 202.0 202.0 202.0 202.0 202.0 202.0 202.0 202.0 202.0 202.0 202.0 202.0 202.0 202.0 202.0 202.0 202.0 202.0 202.0 202.0 202.0 202.0 202.0 202.0 202.0 202.0 202.0 202.0 202.0 202.0 202.0 202.0 202.0 201.869 201.6486 201.4281 201.2077 201.0 201.0 201.0 201.0 201.0 201.0 201.0 201.0 201.0 201.0 201.0 201.0
201.5495 201.77 201.9904 202.0 202.0 202.0 202.0 202.0 202.0 202.0 202.0 202.0 202.0 202.0 202.0 202.0 202.0 202.0 202.0 202.0 202.0 202.0 202.0 202.0 202.0 202.0 202.0 202.0 202.0 202.0 202.0 202.0 202.0 202.0 202.0 202.0 202.0 202.0 202.0 202.0 202.0 202.0 202.0 202.0 202.0 202.0 202.0 202.0 201.869 201.6486 201.4281 201.2077 201.0 201.0 201.0 201.0 201.0 201.0 201.0 201.0 201.0 201.0 201.0 201.0
