data/zism_data/00016_01_D.txt
ncols         224
nrows         224
[rows 28 to 55 of 224, columns 63 to 125 of 224]
1256.173 1252.564 1248.955 1245.347 1241.738 1239.685 1238.102 1236.518 1234.935 1234.083 1235.653 1237.224 1238.794 1240.365 1242.446 1244.75 1247.055 1249.359 1250.886 1248.314 1245.741 1243.168 1240.596 1237.055 1232.93 1228.805 1224.679 1220.759 1218.986 1217.214 1215.442 1213.67 1213.319 1214.129 1214.939 1215.748 1216.521 1214.75 1212.98 1211.21 1209.439 1205.735 1199.921 1194.107 1188.293 1182.479 1167.417 1151.786 1136.155 1120.524 1106.269 1094.027 1081.785 1069.544 1057.302 1051.235 1046.094 1040.953 1035.812 1037.33 1052.164 1066.998 1081.832
1250.635 1246.249 1241.863 1237.477 1233.091 1230.302 1227.995 1225.688 1223.381 1221.915 1223.234 1224.552 1225.87 1227.189 1229.484 1232.207 1234.929 1237.652 1239.637 1237.735 1235.832 1233.93 1232.027 1228.97 1225.214 1221.459 1217.703 1214.186 1213.17 1212.153 1211.137 1210.12 1210.269 1211.368 1212.467 1213.566 1214.628 1213.136 1211.645 1210.153 1208.662 1205.464 1200.406 1195.348 1190.29 1185.232 1170.239 1154.635 1139.03 1123.426 1108.93 1096.056 1083.182 1070.307 1057.433 1050.37 1044.178 1037.987 1031.795 1032.257 1046.024 1059.791 1073.559
1245.098 1239.934 1234.771 1229.608 1224.445 1220.919 1217.889 1214.858 1211.828 1209.747 1210.813 1211.88 1212.947 1214.013 1216.523 1219.663 1222.804 1225.945 1228.389 1227.156 1225.923 1224.691 1223.458 1220.884 1217.498 1214.113 1210.727 1207.613 1207.353 1207.092 1206.832 1206.571 1207.219 1208.607 1209.996 1211.385 1212.735 1211.523 1210.31 1209.097 1207.884 1205.193 1200.891 1196.589 1192.286 1187.984 1173.06 1157.483 1141.906 1126.328 1111.591 1098.084 1084.578 1071.071 1057.564 1049.505 1042.263 1035.021 1027.778 1027.184 1039.884 1052.585 1065.286
1239.56 1233.62 1227.679 1221.738 1215.798 1211.537 1207.782 1204.028 1200.274 1197.579 1198.394 1199.208 1200.023 1200.837 1203.561 1207.12 1210.679 1214.238 1217.14 1216.577 1216.015 1215.452 1214.89 1212.798 1209.782 1206.767 1203.751 1201.041 1201.536 1202.031 1202.526 1203.022 1204.168 1205.846 1207.525 1209.203 1210.843 1209.909 1208.974 1208.04 1207.106 1204.923 1201.376 1197.83 1194.283 1190.737 1175.882 1160.332 1144.781 1129.23 1114.253 1100.113 1085.974 1071.835 1057.696 1048.64 1040.347 1032.054 1023.761 1022.111 1033.745 1045.378 1057.012
1234.572 1228.037 1221.502 1214.966 1208.431 1203.454 1198.948 1194.442 1189.935 1186.569 1186.978 1187.388 1187.797 1188.207 1191.04 1194.933 1198.827 1202.721 1205.998 1206.025 1206.052 1206.079 1206.107 1204.426 1201.712 1198.999 1196.285 1193.922 1195.229 1196.536 1197.843 1199.15 1200.876 1202.944 1205.012 1207.08 1209.108 1208.425 1207.742 1207.059 1206.376 1204.64 1201.754 1198.869 1195.983 1193.097 1178.469 1163.119 1147.768 1132.418 1117.299 1102.518 1087.738 1072.958 1058.178 1048.185 1038.911 1029.638 1020.364 1017.663 1028.109 1038.554 1049.0
1231.821 1225.436 1219.051 1212.666 1206.281 1200.672 1195.297 1189.922 1184.547 1180.275 1179.655 1179.036 1178.416 1177.796 1180.312 1184.201 1188.089 1191.977 1195.292 1195.582 1195.871 1196.161 1196.451 1194.886 1192.199 1189.513 1186.826 1184.577 1186.924 1189.271 1191.618 1193.966 1196.599 1199.465 1202.332 1205.198 1208.016 1207.472 1206.929 1206.385 1205.842 1204.309 1201.697 1199.084 1196.472 1193.86 1180.101 1165.656 1151.212 1136.767 1121.912 1106.456 1091.001 1075.545 1060.09 1049.403 1039.432 1029.462 1019.491 1015.764 1024.527 1033.289 1042.052
1229.07 1222.835 1216.6 1210.365 1204.13 1197.889 1191.646 1185.403 1179.16 1173.982 1172.333 1170.684 1169.035 1167.386 1169.585 1173.468 1177.351 1181.234 1184.585 1185.138 1185.691 1186.243 1186.796 1185.346 1182.686 1180.026 1177.366 1175.232 1178.62 1182.007 1185.394 1188.781 1192.321 1195.987 1199.652 1203.317 1206.923 1206.519 1206.115 1205.711 1205.307 1203.978 1201.639 1199.3 1196.961 1194.622 1181.733 1168.194 1154.655 1141.116 1126.526 1110.395 1094.264 1078.133 1062.002 1050.621 1039.953 1029.286 1018.618 1013.866 1020.945 1028.024 1035.104
1226.319 1220.234 1214.15 1208.065 1201.98 1195.106 1187.995 1180.883 1173.771 1167.688 1165.01 1162.331 1159.653 1156.975 1158.857 1162.735 1166.612 1170.49 1173.879 1174.694 1175.509 1176.325 1177.14 1175.806 1173.173 1170.54 1167.907 1165.888 1170.315 1174.742 1179.169 1183.596 1188.044 1192.508 1196.972 1201.436 1205.831 1205.566 1205.302 1205.037 1204.772 1203.646 1201.581 1199.515 1197.45 1195.384 1183.364 1170.731 1158.099 1145.466 1131.14 1114.333 1097.527 1080.72 1063.914 1051.839 1040.474 1029.11 1017.745 1011.967 1017.363 1022.759 1028.155
1223.569 1217.634 1211.699 1205.764 1199.83 1192.324 1184.344 1176.364 1168.384 1161.394 1157.687 1153.979 1150.272 1146.564 1148.13 1152.002 1155.874 1159.746 1163.173 1164.251 1165.328 1166.406 1167.484 1166.266 1163.66 1161.054 1158.447 1156.543 1162.01 1167.477 1172.945 1178.412 1183.766 1189.029 1194.292 1199.554 1204.739 1204.613 1204.488 1204.363 1204.237 1203.315 1201.523 1199.731 1197.939 1196.147 1184.996 1173.269 1161.542 1149.815 1135.753 1118.271 1100.789 1083.307 1065.826 1053.057 1040.995 1028.934 1016.872 1010.068 1013.781 1017.494 1021.207
1221.159 1215.694 1210.229 1204.764 1199.299 1191.895 1183.904 1175.914 1167.924 1160.603 1155.499 1150.396 1145.292 1140.189 1140.67 1143.595 1146.519 1149.444 1152.062 1153.066 1154.07 1155.074 1156.078 1154.91 1152.428 1149.946 1147.464 1145.747 1152.059 1158.371 1164.683 1170.995 1177.428 1183.961 1190.493 1197.025 1203.464 1203.522 1203.58 1203.637 1203.695 1202.946 1201.316 1199.687 1198.057 1196.427 1185.755 1174.527 1163.299 1152.071 1138.168 1120.347 1102.526 1084.705 1066.885 1053.755 1041.33 1028.905 1016.479 1009.019 1011.49 1013.96 1016.431
1218.953 1214.147 1209.341 1204.536 1199.73 1192.861 1185.369 1177.878 1170.386 1163.073 1156.357 1149.64 1142.923 1136.206 1135.148 1136.566 1137.984 1139.403 1140.711 1141.442 1142.172 1142.903 1143.634 1142.476 1140.176 1137.877 1135.577 1134.09 1141.131 1148.172 1155.213 1162.254 1169.868 1177.95 1186.031 1194.113 1202.081 1202.348 1202.615 1202.881 1203.148 1202.554 1201.021 1199.488 1197.955 1196.422 1185.998 1175.027 1164.056 1153.085 1139.278 1121.318 1103.358 1085.398 1067.438 1054.146 1041.554 1028.963 1016.371 1008.473 1009.963 1011.452 1012.942
1216.746 1212.6 1208.453 1204.307 1200.161 1193.828 1186.834 1179.841 1172.848 1165.544 1157.214 1148.884 1140.553 1132.223 1129.626 1129.538 1129.45 1129.362 1129.36 1129.818 1130.275 1130.732 1131.19 1130.042 1127.925 1125.807 1123.69 1122.432 1130.203 1137.973 1145.743 1153.513 1162.308 1171.939 1181.569 1191.2 1200.698 1201.174 1201.65 1202.126 1202.602 1202.163 1200.726 1199.289 1197.853 1196.416 1186.24 1175.527 1164.813 1154.1 1140.389 1122.289 1104.19 1086.09 1067.991 1054.536 1041.778 1029.021 1016.263 1007.927 1008.436 1008.944 1009.453
1214.539 1211.052 1207.566 1204.079 1200.592 1194.794 1188.3 1181.805 1175.31 1168.015 1158.072 1148.128 1138.184 1128.24 1124.104 1122.51 1120.915 1119.321 1118.01 1118.194 1118.377 1118.561 1118.745 1117.609 1115.673 1113.738 1111.803 1110.775 1119.275 1127.774 1136.273 1144.772 1154.748 1165.928 1177.107 1188.287 1199.315 1200.0 1200.685 1201.37 1202.055 1201.771 1200.431 1199.091 1197.751 1196.41 1186.483 1176.026 1165.57 1155.114 1141.5 1123.261 1105.022 1086.783 1068.544 1054.927 1042.003 1029.079 1016.155 1007.381 1006.909 1006.437 1005.964
1212.132 1209.252 1206.373 1203.493 1200.613 1195.329 1189.32 1183.31 1177.301 1170.039 1158.631 1147.222 1135.814 1124.405 1118.806 1115.749 1112.691 1109.634 1107.04 1106.892 1106.743 1106.595 1106.447 1105.306 1103.566 1101.825 1100.085 1099.294 1108.467 1117.64 1126.813 1135.986 1147.065 1159.698 1172.33 1184.963 1197.426 1198.374 1199.322 1200.269 1201.217 1201.119 1199.879 1198.639 1197.399 1196.159 1186.445 1176.209 1165.973 1155.737 1142.222 1123.907 1105.591 1087.276 1068.96 1055.209 1042.142 1029.076 1016.01 1006.826 1005.406 1003.986 1002.567
1206.492 1203.376 1200.26 1197.145 1194.029 1188.901 1183.165 1177.429 1171.693 1164.857 1154.382 1143.906 1133.43 1122.954 1117.109 1113.291 1109.472 1105.653 1102.215 1100.786 1099.357 1097.927 1096.498 1095.122 1093.778 1092.434 1091.091 1090.643 1099.601 1108.56 1117.519 1126.478 1137.404 1149.934 1162.465 1174.996 1187.375 1189.454 1191.533 1193.612 1195.691 1196.259 1195.18 1194.101 1193.022 1191.943 1181.884 1171.273 1160.662 1150.051 1136.692 1119.309 1101.926 1084.543 1067.16 1053.741 1040.915 1028.09 1015.265 1006.108 1004.286 1002.465 1000.643
1200.852 1197.5 1194.149 1190.797 1187.446 1182.472 1177.01 1171.547 1166.084 1159.676 1150.132 1140.589 1131.046 1121.503 1115.412 1110.833 1106.253 1101.673 1097.391 1094.68 1091.97 1089.259 1086.549 1084.937 1083.99 1083.043 1082.096 1081.992 1090.736 1099.48 1108.225 1116.969 1127.743 1140.172 1152.6 1165.029 1177.325 1180.535 1183.745 1186.954 1190.164 1191.4 1190.482 1189.563 1188.645 1187.727 1177.324 1166.338 1155.352 1144.365 1131.162 1114.711 1098.261 1081.811 1065.361 1052.272 1039.688 1027.105 1014.521 1005.39 1003.167 1000.943 998.7195
1195.211 1191.624 1188.037 1184.449 1180.862 1176.044 1170.855 1165.666 1160.476 1154.494 1145.883 1137.273 1128.662 1120.052 1113.716 1108.375 1103.033 1097.692 1092.566 1088.575 1084.583 1080.591 1076.6 1074.753 1074.202 1073.652 1073.101 1073.341 1081.87 1090.4 1098.93 1107.46 1118.081 1130.409 1142.736 1155.063 1167.274 1171.615 1175.956 1180.297 1184.638 1186.54 1185.783 1185.026 1184.268 1183.511 1172.764 1161.402 1150.041 1138.679 1125.631 1110.114 1094.596 1079.079 1063.561 1050.804 1038.462 1026.119 1013.776 1004.673 1002.047 999.4214 996.7958
1189.571 1185.748 1181.925 1178.101 1174.278 1169.616 1164.7 1159.784 1154.868 1149.312 1141.634 1133.956 1126.278 1118.601 1112.019 1105.917 1099.814 1093.712 1087.742 1082.469 1077.196 1071.923 1066.651 1064.568 1064.414 1064.26 1064.107 1064.689 1073.005 1081.32 1089.636 1097.951 1108.42 1120.646 1132.871 1145.096 1157.224 1162.695 1168.167 1173.639 1179.111 1181.681 1181.084 1180.488 1179.891 1179.294 1168.203 1156.467 1144.73 1132.993 1120.101 1105.516 1090.931 1076.346 1061.761 1049.336 1037.235 1025.133 1013.032 1003.955 1000.927 997.8997 994.8721
1180.54 1176.515 1172.49 1168.465 1164.44 1159.735 1154.825 1149.916 1145.006 1139.709 1133.132 1126.555 1119.977 1113.4 1107.003 1100.685 1094.366 1088.048 1081.752 1075.57 1069.388 1063.207 1057.025 1054.748 1054.831 1054.914 1054.997 1055.777 1063.878 1071.979 1080.08 1088.181 1098.295 1110.052 1121.808 1133.565 1145.24 1151.365 1157.491 1163.617 1169.743 1172.786 1172.466 1172.145 1171.825 1171.504 1160.646 1149.14 1137.633 1126.127 1113.788 1100.23 1086.673 1073.115 1059.557 1047.649 1035.988 1024.327 1012.666 1003.74 1000.284 996.8282 993.3723
1167.966 1163.775 1159.583 1155.392 1151.201 1146.248 1141.064 1135.881 1130.698 1125.487 1120.186 1114.884 1109.583 1104.282 1098.519 1092.555 1086.59 1080.626 1074.544 1067.842 1061.14 1054.439 1047.737 1045.307 1045.46 1045.612 1045.765 1046.59 1054.477 1062.364 1070.25 1078.137 1087.685 1098.589 1109.494 1120.398 1131.235 1137.516 1143.797 1150.079 1156.36 1159.674 1159.75 1159.826 1159.903 1159.979 1149.957 1139.314 1128.67 1118.027 1106.658 1094.226 1081.794 1069.362 1056.93 1045.732 1034.72 1023.708 1012.695 1004.05 1000.139 996.227 992.3154
1155.392 1151.035 1146.677 1142.32 1137.962 1132.761 1127.304 1121.847 1116.391 1111.266 1107.24 1103.215 1099.189 1095.163 1090.035 1084.425 1078.814 1073.203 1067.336 1060.114 1052.893 1045.671 1038.45 1035.867 1036.089 1036.312 1036.534 1037.404 1045.076 1052.749 1060.421 1068.093 1077.076 1087.127 1097.179 1107.231 1117.231 1123.667 1130.104 1136.541 1142.978 1146.562 1147.035 1147.508 1147.981 1148.454 1139.268 1129.488 1119.708 1109.927 1099.528 1088.221 1076.915 1065.609 1054.302 1043.816 1033.452 1023.089 1012.725 1004.36 999.993 995.6258 991.2586
1142.818 1138.295 1133.771 1129.247 1124.724 1119.274 1113.544 1107.814 1102.084 1097.045 1094.295 1091.545 1088.795 1086.045 1081.552 1076.295 1071.038 1065.781 1060.128 1052.387 1044.645 1036.903 1029.162 1026.427 1026.719 1027.011 1027.303 1028.218 1035.676 1043.134 1050.591 1058.049 1066.466 1075.666 1084.865 1094.065 1103.226 1109.818 1116.411 1123.003 1129.595 1133.451 1134.32 1135.19 1136.06 1136.929 1128.579 1119.662 1110.745 1101.828 1092.398 1082.217 1072.036 1061.856 1051.675 1041.899 1032.184 1022.47 1012.755 1004.67 999.8475 995.0246 990.2018
1130.244 1125.555 1120.865 1116.175 1111.485 1105.786 1099.783 1093.78 1087.776 1082.823 1081.349 1079.875 1078.401 1076.927 1073.068 1068.165 1063.262 1058.359 1052.92 1044.659 1036.397 1028.136 1019.874 1016.987 1017.348 1017.71 1018.072 1019.032 1026.275 1033.518 1040.762 1048.005 1055.856 1064.204 1072.551 1080.898 1089.222 1095.97 1102.717 1109.465 1116.213 1120.339 1121.605 1122.872 1124.138 1125.405 1117.891 1109.836 1101.782 1093.728 1085.268 1076.213 1067.158 1058.103 1049.048 1039.983 1030.917 1021.85 1012.784 1004.98 999.702 994.4235 989.145
1113.066 1108.585 1104.104 1099.622 1095.141 1089.667 1083.893 1078.119 1072.345 1067.656 1066.561 1065.465 1064.37 1063.274 1060.129 1056.088 1052.047 1048.005 1043.49 1036.473 1029.456 1022.44 1015.423 1012.944 1013.208 1013.471 1013.735 1014.532 1020.925 1027.318 1033.71 1040.103 1047.269 1055.064 1062.86 1070.656 1078.432 1084.866 1091.301 1097.736 1104.171 1108.222 1109.673 1111.124 1112.575 1114.026 1107.155 1099.772 1092.388 1085.005 1077.232 1068.888 1060.545 1052.201 1043.858 1035.853 1027.899 1019.945 1011.99 1004.853 999.351 993.8486 988.3462
1095.486 1091.246 1087.006 1082.766 1078.526 1073.317 1067.817 1062.316 1056.816 1052.406 1051.611 1050.816 1050.02 1049.225 1046.802 1043.666 1040.531 1037.396 1033.865 1028.247 1022.63 1017.012 1011.395 1009.372 1009.523 1009.675 1009.826 1010.441 1015.928 1021.415 1026.902 1032.389 1038.858 1046.128 1053.398 1060.669 1067.922 1074.003 1080.084 1086.165 1092.246 1096.192 1097.809 1099.427 1101.044 1102.661 1096.416 1089.686 1082.956 1076.227 1069.117 1061.448 1053.781 1046.113 1038.444 1031.53 1024.728 1017.926 1011.125 1004.688 998.9822 993.2761 987.5699
1077.905 1073.907 1069.908 1065.909 1061.91 1056.968 1051.741 1046.514 1041.286 1037.157 1036.661 1036.166 1035.671 1035.176 1033.474 1031.245 1029.016 1026.786 1024.24 1020.021 1015.803 1011.584 1007.366 1005.8 1005.839 1005.878 1005.917 1006.35 1010.931 1015.512 1020.093 1024.674 1030.447 1037.192 1043.937 1050.682 1057.412 1063.139 1068.866 1074.594 1080.321 1084.162 1085.946 1087.729 1089.512 1091.296 1085.676 1079.6 1073.525 1067.449 1061.001 1054.009 1047.016 1040.024 1033.031 1027.207 1021.557 1015.908 1010.259 1004.523 998.6133 992.7035 986.7937
1060.325 1056.568 1052.81 1049.052 1045.295 1040.619 1035.665 1030.711 1025.757 1021.907 1021.712 1021.517 1021.322 1021.127 1020.147 1018.823 1017.5 1016.177 1014.615 1011.795 1008.976 1006.156 1003.337 1002.229 1002.155 1002.081 1002.007 1002.259 1005.934 1009.609 1013.284 1016.959 1022.036 1028.255 1034.475 1040.695 1046.902 1052.276 1057.649 1063.023 1068.396 1072.132 1074.082 1076.031 1077.981 1079.931 1074.936 1069.515 1064.093 1058.672 1052.886 1046.569 1040.252 1033.935 1027.617 1022.883 1018.387 1013.89 1009.394 1004.358 998.2445 992.131 986.0174
1045.401 1042.046 1038.691 1035.337 1031.982 1027.783 1023.33 1018.877 1014.424 1011.003 1011.003 1011.003 1011.003 1011.003 1010.529 1009.846 1009.164 1008.482 1007.625 1005.848 1004.071 1002.293 1000.516 999.7399 999.5684 999.397 999.2256 999.3184 1002.185 1005.052 1007.918 1010.785 1015.113 1020.633 1026.152 1031.672 1037.184 1042.161 1047.137 1052.114 1057.09 1060.625 1062.587 1064.548 1066.51 1068.472 1064.009 1059.152 1054.294 1049.436 1044.186 1038.362 1032.538 1026.714 1020.89 1016.881 1013.145 1009.408 1005.672 1001.152 995.0656 988.9793 982.8931
