data/zism_data/00016_03_D.txt
ncols         224
nrows         224
[rows 140 to 167 of 224, columns 0 to 62 of 224]
863.9211 856.7773 849.6335 842.4897 837.3782 837.6149 837.8514 838.0881 838.3247 842.9779 849.1899 855.402 861.614 868.7523 879.5296 890.3069 901.0844 911.8617 924.4846 938.0303 951.576 965.1218 978.5714 991.3814 1004.191 1017.002 1029.812 1042.71 1055.67 1068.63 1081.589 1094.381 1104.441 1114.501 1124.561 1134.621 1141.303 1144.887 1148.471 1152.055 1155.639 1149.409 1143.034 1136.659 1130.284 1120.488 1106.5 1092.511 1078.522 1064.533 1060.279 1056.951 1053.623 1050.296 1051.001 1058.376 1065.75 1073.125 1080.5 1079.341 1076.563 1073.786 1071.009
861.6221 853.8029 845.9836 838.1644 832.5089 832.5472 832.5854 832.6237 832.662 837.5012 844.0349 850.5685 857.1022 864.4686 875.1065 885.7445 896.3825 907.0205 919.7149 933.4375 947.1601 960.8827 974.4995 987.4113 1000.323 1013.235 1026.147 1039.237 1052.449 1065.66 1078.872 1091.859 1101.201 1110.543 1119.884 1129.226 1135.43 1138.757 1142.083 1145.41 1148.737 1143.242 1137.618 1131.993 1126.369 1116.669 1101.973 1087.276 1072.58 1057.884 1052.779 1048.589 1044.398 1040.207 1040.627 1048.672 1056.716 1064.761 1072.806 1071.907 1069.312 1066.717 1064.122
859.2245 850.7679 842.3114 833.8548 827.6835 827.5263 827.369 827.2118 827.0545 832.0672 838.9045 845.7419 852.5792 860.1736 870.7422 881.311 891.8796 902.4484 915.2742 929.2286 943.183 957.1375 970.9733 984.0187 997.0641 1010.11 1023.155 1036.404 1049.791 1063.178 1076.566 1089.676 1098.274 1106.872 1115.47 1124.069 1129.778 1132.839 1135.9 1138.961 1142.022 1137.245 1132.353 1127.461 1122.569 1112.982 1097.637 1082.293 1066.948 1051.604 1045.653 1040.597 1035.541 1030.485 1030.578 1039.188 1047.798 1056.409 1065.019 1064.356 1061.935 1059.514 1057.092
855.4258 846.8727 838.3197 829.7666 823.4826 823.1699 822.8572 822.5445 822.2318 827.2396 834.1252 841.0108 847.8964 855.7175 867.2134 878.7095 890.2055 901.7015 915.5119 930.4794 945.447 960.4145 975.2075 988.8372 1002.467 1016.097 1029.727 1042.674 1055.156 1067.637 1080.119 1092.311 1099.805 1107.299 1114.793 1122.287 1127.266 1129.942 1132.617 1135.292 1137.967 1133.655 1129.24 1124.825 1120.41 1111.174 1096.028 1080.882 1065.736 1050.59 1043.834 1037.877 1031.92 1025.964 1025.148 1032.837 1040.525 1048.213 1055.901 1055.137 1052.769 1050.401 1048.034
851.6271 842.9775 834.3279 825.6784 819.2817 818.8135 818.3454 817.8773 817.4091 822.412 829.3458 836.2797 843.2136 851.2613 863.6846 876.1079 888.5313 900.9547 915.7496 931.7303 947.7109 963.6915 979.4417 993.6557 1007.87 1022.084 1036.298 1048.944 1060.52 1072.095 1083.671 1094.946 1101.336 1107.725 1114.115 1120.505 1124.755 1127.044 1129.333 1131.622 1133.911 1130.064 1126.126 1122.188 1118.251 1109.366 1094.419 1079.471 1064.523 1049.576 1042.015 1035.157 1028.3 1021.443 1019.719 1026.485 1033.251 1040.017 1046.784 1045.917 1043.603 1041.289 1038.975
847.8284 839.0823 830.3362 821.5902 815.0808 814.4572 813.8336 813.21 812.5864 817.5844 824.5665 831.5486 838.5308 846.8051 860.1557 873.5064 886.8572 900.2079 915.9873 932.9811 949.9749 966.9686 983.6758 998.4742 1013.273 1028.071 1042.869 1055.214 1065.884 1076.554 1087.224 1097.581 1102.867 1108.152 1113.438 1118.723 1122.244 1124.147 1126.05 1127.953 1129.856 1126.473 1123.013 1119.552 1116.091 1107.559 1092.809 1078.06 1063.311 1048.561 1040.195 1032.438 1024.68 1016.922 1014.289 1020.133 1025.978 1031.822 1037.666 1036.698 1034.437 1032.177 1029.916
844.0296 835.187 826.3445 817.502 810.8798 810.1008 809.3217 808.5427 807.7636 812.7567 819.7871 826.8175 833.8478 842.3488 856.6268 870.9049 885.183 899.4611 916.225 934.2319 952.2388 970.2457 987.9101 1003.293 1018.676 1034.058 1049.441 1061.485 1071.249 1081.012 1090.776 1100.216 1104.397 1108.579 1112.76 1116.941 1119.732 1121.25 1122.767 1124.284 1125.801 1122.883 1119.899 1116.915 1113.932 1105.751 1091.2 1076.649 1062.098 1047.547 1038.376 1029.718 1021.059 1012.4 1008.859 1013.781 1018.704 1023.626 1028.548 1027.478 1025.271 1023.064 1020.857
841.0918 832.2619 823.4319 814.602 807.9821 807.178 806.3738 805.5697 804.7656 809.6089 816.4454 823.2819 830.1183 838.6319 853.7335 868.8351 883.9368 899.0385 916.7098 935.666 954.6221 973.5782 992.077 1007.528 1022.979 1038.43 1053.88 1065.569 1074.687 1083.806 1092.924 1101.711 1105.107 1108.504 1111.9 1115.296 1117.543 1118.735 1119.927 1121.12 1122.312 1119.657 1116.946 1114.234 1111.523 1103.753 1089.78 1075.808 1061.836 1047.864 1038.025 1028.58 1019.136 1009.691 1005.132 1008.653 1012.174 1015.696 1019.217 1017.609 1015.027 1012.445 1009.864
839.0276 830.321 821.6144 812.9077 806.4067 805.7098 805.0129 804.316 803.6191 808.1654 814.5624 820.9593 827.3562 835.6651 851.4849 867.3049 883.1249 898.9449 917.4454 937.286 957.1266 976.9673 996.1757 1011.171 1026.166 1041.161 1056.156 1067.434 1076.172 1084.91 1093.648 1102.049 1104.984 1107.92 1110.855 1113.79 1115.679 1116.609 1117.538 1118.468 1119.398 1116.803 1114.156 1111.508 1108.861 1101.56 1088.552 1075.545 1062.538 1049.531 1039.164 1029.049 1018.934 1008.819 1003.132 1004.766 1006.401 1008.035 1009.67 1007.08 1003.689 1000.298 996.9068
836.9635 828.3801 819.7968 811.2135 804.8313 804.2416 803.6519 803.0623 802.4726 806.722 812.6793 818.6367 824.594 832.6982 849.2365 865.7747 882.313 898.8514 918.1809 938.906 959.6312 980.3563 1000.274 1014.814 1029.354 1043.893 1058.433 1069.299 1077.656 1086.013 1094.371 1102.387 1104.862 1107.336 1109.81 1112.284 1113.816 1114.483 1115.15 1115.817 1116.484 1113.948 1111.365 1108.782 1106.2 1099.367 1087.325 1075.282 1063.24 1051.197 1040.303 1029.518 1018.733 1007.948 1001.132 1000.879 1000.627 1000.375 1000.122 996.5511 992.3506 988.1502 983.9498
834.8993 826.4393 817.9792 809.5192 803.2559 802.7734 802.291 801.8085 801.326 805.2786 810.7963 816.3141 821.8318 829.7314 846.9879 864.2446 881.5012 898.7578 918.9164 940.526 962.1357 983.7453 1004.373 1018.457 1032.541 1046.625 1060.709 1071.164 1079.141 1087.117 1095.094 1102.725 1104.739 1106.752 1108.765 1110.778 1111.952 1112.356 1112.761 1113.165 1113.569 1111.093 1108.575 1106.057 1103.538 1097.174 1086.097 1075.019 1063.942 1052.864 1041.442 1029.987 1018.532 1007.077 999.1317 996.9924 994.8531 992.7139 990.5746 986.0223 981.0125 976.0026 970.9927
832.8351 824.4984 816.1617 807.825 801.6805 801.3053 800.9301 800.5548 800.1796 803.8351 808.9133 813.9915 819.0696 826.7646 844.7394 862.7144 880.6893 898.6642 919.6519 942.1461 964.6401 987.1343 1008.472 1022.1 1035.728 1049.357 1062.985 1073.029 1080.625 1088.221 1095.818 1103.063 1104.616 1106.168 1107.72 1109.272 1110.089 1110.23 1110.372 1110.514 1110.655 1108.239 1105.785 1103.331 1100.876 1094.982 1084.869 1074.756 1064.644 1054.531 1042.581 1030.456 1018.33 1006.205 997.1317 993.1055 989.0793 985.0532 981.027 975.4936 969.6743 963.855 958.0356
840.1483 830.3795 820.6107 810.8419 803.5347 802.7051 801.8755 801.046 800.2164 803.2706 807.6955 812.1204 816.5453 823.4963 840.3707 857.2452 874.1197 890.9943 911.4793 933.7697 956.06 978.3503 999.5199 1013.219 1026.919 1040.618 1054.317 1064.914 1073.392 1081.87 1090.347 1098.441 1100.293 1102.144 1103.996 1105.847 1106.62 1106.405 1106.189 1105.974 1105.759 1103.023 1100.251 1097.479 1094.706 1088.927 1079.461 1069.995 1060.529 1051.063 1039.188 1027.084 1014.979 1002.875 993.0411 986.9641 980.8871 974.8101 968.733 962.5849 956.4232 950.2615 944.0999
848.1998 836.8765 825.5531 814.2298 805.6588 804.3307 803.0026 801.6746 800.3464 802.7753 806.5301 810.2849 814.0397 820.2042 835.835 851.4659 867.0969 882.7278 902.6053 924.6062 946.6071 968.6079 989.5405 1003.352 1017.164 1030.976 1044.788 1056.014 1065.472 1074.931 1084.39 1093.428 1095.639 1097.85 1100.061 1102.271 1103.026 1102.446 1101.866 1101.286 1100.706 1097.622 1094.501 1091.38 1088.26 1082.568 1073.724 1064.879 1056.035 1047.191 1035.439 1023.409 1011.38 999.3503 988.7861 980.6453 972.5045 964.3637 956.223 949.489 943.0217 936.5546 930.0873
856.2512 843.3734 830.4955 817.6177 807.783 805.9564 804.1298 802.3031 800.4765 802.28 805.3647 808.4495 811.5341 816.9122 831.2994 845.6867 860.074 874.4614 893.7314 915.4427 937.1542 958.8655 979.5611 993.4856 1007.41 1021.335 1035.259 1047.113 1057.553 1067.992 1078.432 1088.416 1090.986 1093.555 1096.125 1098.695 1099.432 1098.487 1097.542 1096.598 1095.653 1092.221 1088.751 1085.282 1081.813 1076.208 1067.986 1059.764 1051.542 1043.319 1031.689 1019.735 1007.781 995.8261 984.531 974.3265 964.1219 953.9174 943.7129 936.3931 929.6203 922.8475 916.0747
864.3027 849.8704 835.438 821.0056 809.9071 807.582 805.2568 802.9317 800.6066 801.7847 804.1993 806.614 809.0286 813.6201 826.7637 839.9075 853.0512 866.1949 884.8574 906.2793 927.7012 949.1232 969.5817 983.6188 997.6559 1011.693 1025.73 1038.213 1049.633 1061.054 1072.475 1083.403 1086.332 1089.261 1092.19 1095.119 1095.837 1094.528 1093.219 1091.91 1090.601 1086.819 1083.002 1079.184 1075.367 1069.849 1062.249 1054.649 1047.048 1039.448 1027.94 1016.061 1004.181 992.3019 980.2759 968.0076 955.7394 943.4711 931.2028 923.2972 916.2188 909.1405 902.0621
874.5574 858.9597 843.3619 827.7642 815.514 812.073 808.632 805.191 801.75 802.0865 803.7563 805.426 807.0958 810.8183 822.6052 834.3922 846.1791 857.9662 875.8007 896.6589 917.5172 938.3755 958.3658 972.5711 986.7764 1000.982 1015.187 1028.174 1040.328 1052.482 1064.637 1076.277 1079.573 1082.869 1086.165 1089.461 1090.231 1088.686 1087.141 1085.596 1084.05 1080.123 1076.16 1072.197 1068.234 1062.961 1056.082 1049.203 1042.324 1035.445 1024.228 1012.599 1000.969 989.3387 976.9124 963.1689 949.4255 935.682 921.9385 913.3765 905.7971 898.2177 890.6382
888.7687 872.7047 856.6406 840.5765 827.3758 821.7102 816.0446 810.3791 804.7136 803.8199 804.6104 805.401 806.1915 808.8968 819.1238 829.3509 839.5781 849.8052 866.4157 886.218 906.0203 925.8225 944.9296 959.4028 973.8762 988.3495 1002.823 1016.09 1028.534 1040.978 1053.422 1065.357 1069.033 1072.71 1076.386 1080.063 1081.012 1079.462 1077.911 1076.361 1074.81 1071.099 1067.356 1063.613 1059.87 1055.122 1049.144 1043.166 1037.187 1031.209 1020.584 1009.517 998.4501 987.3831 975.1499 960.9883 946.8268 932.6652 918.5036 909.1585 900.7267 892.295 883.8633
902.9804 886.45 869.9194 853.389 839.2377 831.3475 823.4573 815.5673 807.6771 805.5532 805.4646 805.3759 805.2873 806.9752 815.6424 824.3096 832.9768 841.644 857.0306 875.7768 894.5231 913.2693 931.493 946.2344 960.9757 975.717 990.4584 1004.006 1016.74 1029.473 1042.206 1054.437 1058.494 1062.551 1066.608 1070.665 1071.793 1070.237 1068.682 1067.126 1065.57 1062.075 1058.552 1055.029 1051.505 1047.284 1042.206 1037.128 1032.05 1026.972 1016.94 1006.436 995.9315 985.4273 973.3875 958.8077 944.228 929.6483 915.0686 904.9404 895.6564 886.3723 877.0883
917.1918 900.195 883.1981 866.2012 851.0994 840.9847 830.87 820.7553 810.6406 807.2866 806.3187 805.3509 804.3831 805.0537 812.161 819.2683 826.3757 833.483 847.6456 865.3358 883.0261 900.7163 918.0567 933.066 948.0754 963.0848 978.0941 991.923 1004.946 1017.968 1030.991 1043.516 1047.954 1052.391 1056.829 1061.267 1062.575 1061.013 1059.452 1057.891 1056.33 1053.052 1049.748 1046.444 1043.141 1039.445 1035.268 1031.09 1026.913 1022.736 1013.295 1003.354 993.413 983.4717 971.625 956.6272 941.6293 926.6315 911.6337 900.7224 890.5861 880.4497 870.3134
931.4033 913.94 896.4767 879.0135 862.9612 850.6219 838.2826 825.9434 813.6041 809.02 807.1729 805.3259 803.4789 803.1322 808.6796 814.2271 819.7745 825.322 838.2606 854.8948 871.5291 888.1633 904.6204 919.8978 935.1752 950.4526 965.7299 979.8396 993.1518 1006.464 1019.776 1032.596 1037.414 1042.232 1047.051 1051.869 1053.356 1051.789 1050.223 1048.656 1047.09 1044.028 1040.944 1037.86 1034.777 1031.606 1028.329 1025.053 1021.776 1018.499 1009.651 1000.273 990.8944 981.516 969.8625 954.4466 939.0306 923.6147 908.1988 896.5044 885.5157 874.5271 863.5385
942.2126 925.7831 909.3536 892.9242 877.283 863.7164 850.1499 836.5834 823.0168 816.7162 812.98 809.2437 805.5075 803.3693 807.509 811.6487 815.7884 819.9281 831.3413 846.3913 861.4413 876.4913 891.5363 906.5492 921.5621 936.575 951.588 965.4133 978.4276 991.4417 1004.456 1016.977 1021.483 1025.989 1030.494 1035.0 1036.734 1035.927 1035.12 1034.313 1033.506 1031.051 1028.571 1026.092 1023.613 1021.043 1018.362 1015.682 1013.001 1010.321 1002.278 993.7245 985.1711 976.6176 965.6757 950.784 935.8923 921.0005 906.1088 893.7887 881.9562 870.1237 858.2911
952.1085 937.1155 922.1227 907.1298 892.2654 877.7394 863.2133 848.6874 834.1614 826.0135 820.1169 814.2203 808.3237 804.1861 806.9589 809.7316 812.5044 815.2772 825.084 838.408 851.7318 865.0557 878.5467 893.1522 907.7576 922.3632 936.9686 950.3578 962.9164 975.475 988.0336 1000.096 1004.104 1008.111 1012.118 1016.126 1018.124 1018.282 1018.44 1018.598 1018.756 1017.012 1015.24 1013.469 1011.697 1009.748 1007.582 1005.416 1003.25 1001.084 993.9036 986.2454 978.5872 970.9289 960.8378 946.7234 932.6089 918.4944 904.38 891.4764 878.8022 866.1281 853.454
962.0043 948.448 934.8917 921.3354 907.2479 891.7623 876.2768 860.7914 845.3058 835.3109 827.2539 819.1969 811.1399 805.0029 806.4088 807.8146 809.2205 810.6263 818.8268 830.4246 842.0224 853.6202 865.5571 879.7551 893.9532 908.1512 922.3493 935.3024 947.4054 959.5082 971.6112 983.216 986.7247 990.2335 993.7422 997.2509 999.5148 1000.638 1001.761 1002.883 1004.006 1002.974 1001.909 1000.845 999.7809 998.4529 996.8016 995.1503 993.499 991.8477 985.5292 978.7662 972.0032 965.2402 956.0 942.6628 929.3256 915.9884 902.6512 889.1641 875.6483 862.1326 848.6169
971.9003 959.7806 947.6609 935.5413 922.2306 905.7855 889.3405 872.8956 856.4506 844.6085 834.3911 824.1736 813.9561 805.8197 805.8586 805.8975 805.9364 805.9753 812.5694 822.4411 832.3128 842.1845 852.5673 866.3579 880.1485 893.9391 907.7297 920.2468 931.894 943.5413 955.1886 966.3352 969.3454 972.3556 975.3658 978.376 980.9049 982.9927 985.0805 987.1683 989.2562 988.9349 988.5782 988.2216 987.8649 987.1577 986.021 984.8843 983.7476 982.6109 977.1546 971.2869 965.4192 959.5515 951.162 938.6021 926.0422 913.4822 900.9224 886.8517 872.4944 858.1371 843.7797
980.6851 969.7813 958.8776 947.9739 935.3961 918.413 901.4298 884.4468 867.4637 854.0155 841.8149 829.6143 817.4137 807.4299 806.1547 804.8796 803.6044 802.3292 807.3283 815.4645 823.6008 831.7371 840.5172 853.5904 866.6636 879.7369 892.8102 904.658 915.6689 926.6797 937.6906 948.2115 950.7701 953.3287 955.8873 958.4459 961.2464 964.2686 967.2908 970.313 973.3353 973.7087 974.0432 974.3776 974.712 974.582 973.8824 973.1828 972.4832 971.7836 967.1945 962.235 957.2755 952.3159 944.8561 933.2612 921.6664 910.0715 898.4767 884.109 869.2153 854.3216 839.4279
985.5073 975.0324 964.5576 954.0826 942.0813 926.063 910.0448 894.0267 878.0084 863.8135 850.262 836.7105 823.1591 811.8701 809.4692 807.0684 804.6676 802.2667 805.7114 812.0787 818.446 824.8134 831.8176 843.0682 854.3188 865.5694 876.8199 887.1669 896.8967 906.6263 916.3561 925.6537 927.9282 930.2027 932.4772 934.7516 937.847 941.6948 945.5425 949.3903 953.238 954.2468 955.2137 956.1807 957.1476 957.4382 956.8994 956.3606 955.8218 955.2831 951.5792 947.5739 943.5685 939.5632 933.3141 923.3542 913.3942 903.4343 893.4743 879.8314 865.4898 851.1482 836.8066
990.3296 980.2836 970.2375 960.1914 948.7665 933.7131 918.6598 903.6065 888.5532 873.6114 858.7091 843.8068 828.9044 816.3102 812.7838 809.2573 805.7308 802.2043 804.0944 808.6928 813.2913 817.8897 823.118 832.546 841.9739 851.4019 860.8298 869.6758 878.1245 886.573 895.0217 903.0959 905.0863 907.0767 909.0671 911.0574 914.4476 919.1208 923.7942 928.4675 933.1408 934.7849 936.3843 937.9838 939.5833 940.2944 939.9164 939.5385 939.1605 938.7825 935.9638 932.9127 929.8616 926.8105 921.7722 913.4471 905.1221 896.797 888.472 875.5538 861.7643 847.9749 834.1854
