data/zism_data/00012_01_D.txt
ncols         224
nrows         224
[rows 140 to 167 of 224, columns 63 to 125 of 224]
1346.958 1346.995 1347.167 1347.339 1347.512 1347.684 1347.871 1348.067 1348.262 1348.458 1348.651 1348.821 1348.99 1349.159 1349.328 1349.512 1349.711 1349.909 1350.108 1350.306 1350.589 1350.878 1351.167 1351.456 1351.603 1351.503 1351.404 1351.305 1351.206 1350.976 1350.714 1350.452 1350.189 1349.937 1349.722 1349.506 1349.29 1349.074 1349.092 1349.232 1349.372 1349.511 1349.668 1349.997 1350.327 1350.656 1350.985 1351.417 1351.945 1352.473 1353.001 1353.529 1354.04 1354.551 1355.062 1355.572 1355.998 1356.283 1356.569 1356.855 1357.141 1357.017 1356.799
1346.738 1346.777 1346.96 1347.143 1347.326 1347.509 1347.703 1347.904 1348.105 1348.306 1348.504 1348.668 1348.832 1348.995 1349.159 1349.352 1349.572 1349.792 1350.011 1350.231 1350.501 1350.773 1351.046 1351.319 1351.452 1351.342 1351.232 1351.122 1351.012 1350.802 1350.566 1350.331 1350.095 1349.868 1349.668 1349.468 1349.268 1349.068 1349.071 1349.178 1349.286 1349.394 1349.516 1349.786 1350.056 1350.327 1350.597 1350.981 1351.472 1351.962 1352.453 1352.943 1353.453 1353.963 1354.474 1354.985 1355.398 1355.651 1355.905 1356.158 1356.412 1356.283 1356.064
1346.518 1346.559 1346.752 1346.946 1347.14 1347.333 1347.535 1347.741 1347.948 1348.154 1348.357 1348.515 1348.674 1348.832 1348.991 1349.191 1349.432 1349.674 1349.915 1350.157 1350.412 1350.669 1350.925 1351.182 1351.301 1351.18 1351.059 1350.939 1350.818 1350.627 1350.418 1350.21 1350.001 1349.798 1349.614 1349.43 1349.247 1349.063 1349.05 1349.125 1349.201 1349.276 1349.364 1349.575 1349.786 1349.998 1350.209 1350.546 1350.998 1351.451 1351.904 1352.357 1352.865 1353.375 1353.886 1354.397 1354.798 1355.019 1355.24 1355.462 1355.683 1355.548 1355.329
1346.297 1346.34 1346.545 1346.749 1346.954 1347.158 1347.367 1347.579 1347.79 1348.002 1348.209 1348.362 1348.516 1348.669 1348.822 1349.03 1349.293 1349.556 1349.819 1350.082 1350.324 1350.564 1350.805 1351.045 1351.15 1351.019 1350.887 1350.756 1350.624 1350.453 1350.271 1350.089 1349.907 1349.728 1349.56 1349.393 1349.225 1349.057 1349.028 1349.072 1349.115 1349.159 1349.211 1349.364 1349.516 1349.669 1349.821 1350.11 1350.525 1350.94 1351.356 1351.771 1352.277 1352.788 1353.298 1353.809 1354.198 1354.387 1354.576 1354.765 1354.954 1354.813 1354.594
1346.077 1346.122 1346.337 1346.552 1346.768 1346.983 1347.199 1347.416 1347.633 1347.85 1348.062 1348.21 1348.357 1348.505 1348.653 1348.87 1349.154 1349.438 1349.723 1350.007 1350.235 1350.46 1350.684 1350.909 1350.999 1350.857 1350.715 1350.573 1350.43 1350.278 1350.123 1349.968 1349.812 1349.658 1349.506 1349.355 1349.203 1349.052 1349.007 1349.019 1349.03 1349.041 1349.059 1349.153 1349.246 1349.34 1349.433 1349.674 1350.052 1350.43 1350.807 1351.185 1351.689 1352.2 1352.71 1353.221 1353.597 1353.755 1353.912 1354.069 1354.226 1354.078 1353.859
1345.904 1345.946 1346.144 1346.342 1346.54 1346.738 1346.956 1347.185 1347.414 1347.644 1347.869 1348.047 1348.224 1348.401 1348.579 1348.803 1349.074 1349.345 1349.616 1349.886 1350.099 1350.307 1350.516 1350.724 1350.811 1350.686 1350.561 1350.436 1350.311 1350.167 1350.017 1349.868 1349.718 1349.573 1349.441 1349.309 1349.177 1349.045 1349.0 1349.0 1349.0 1349.0 1349.005 1349.068 1349.13 1349.193 1349.255 1349.453 1349.776 1350.098 1350.421 1350.744 1351.205 1351.674 1352.143 1352.611 1352.953 1353.089 1353.224 1353.36 1353.495 1353.36 1353.163
1345.757 1345.792 1345.958 1346.124 1346.289 1346.455 1346.672 1346.917 1347.163 1347.408 1347.652 1347.878 1348.104 1348.329 1348.555 1348.787 1349.026 1349.264 1349.503 1349.741 1349.937 1350.129 1350.321 1350.514 1350.602 1350.509 1350.416 1350.324 1350.231 1350.089 1349.934 1349.779 1349.625 1349.48 1349.369 1349.259 1349.148 1349.038 1349.0 1349.0 1349.0 1349.0 1349.004 1349.05 1349.097 1349.143 1349.19 1349.346 1349.604 1349.863 1350.121 1350.38 1350.777 1351.181 1351.585 1351.99 1352.286 1352.405 1352.525 1352.644 1352.763 1352.652 1352.486
1345.61 1345.639 1345.772 1345.906 1346.039 1346.173 1346.388 1346.65 1346.911 1347.173 1347.435 1347.709 1347.983 1348.257 1348.531 1348.771 1348.977 1349.184 1349.39 1349.597 1349.775 1349.951 1350.127 1350.303 1350.393 1350.333 1350.272 1350.211 1350.151 1350.011 1349.851 1349.691 1349.531 1349.387 1349.298 1349.209 1349.12 1349.031 1349.0 1349.0 1349.0 1349.0 1349.003 1349.033 1349.063 1349.094 1349.124 1349.239 1349.433 1349.627 1349.822 1350.016 1350.348 1350.688 1351.028 1351.368 1351.619 1351.722 1351.825 1351.928 1352.032 1351.943 1351.809
1345.463 1345.485 1345.586 1345.688 1345.789 1345.89 1346.105 1346.382 1346.66 1346.938 1347.218 1347.541 1347.863 1348.185 1348.507 1348.755 1348.929 1349.103 1349.277 1349.452 1349.613 1349.773 1349.933 1350.093 1350.184 1350.156 1350.128 1350.099 1350.071 1349.933 1349.768 1349.602 1349.437 1349.294 1349.226 1349.158 1349.091 1349.023 1349.0 1349.0 1349.0 1349.0 1349.001 1349.016 1349.03 1349.044 1349.058 1349.132 1349.262 1349.392 1349.522 1349.651 1349.92 1350.196 1350.471 1350.747 1350.951 1351.038 1351.125 1351.213 1351.3 1351.234 1351.133
1345.296 1345.313 1345.392 1345.47 1345.549 1345.627 1345.843 1346.135 1346.428 1346.72 1347.018 1347.383 1347.748 1348.112 1348.477 1348.732 1348.878 1349.023 1349.169 1349.315 1349.458 1349.6 1349.742 1349.884 1349.974 1349.974 1349.974 1349.974 1349.974 1349.842 1349.676 1349.509 1349.343 1349.203 1349.154 1349.105 1349.057 1349.008 1348.989 1348.985 1348.982 1348.978 1348.975 1348.976 1348.977 1348.978 1348.979 1349.018 1349.092 1349.165 1349.239 1349.313 1349.521 1349.736 1349.951 1350.166 1350.326 1350.397 1350.469 1350.54 1350.611 1350.567 1350.495
1344.969 1345.005 1345.132 1345.258 1345.385 1345.512 1345.749 1346.046 1346.344 1346.642 1346.945 1347.309 1347.674 1348.039 1348.404 1348.658 1348.804 1348.95 1349.096 1349.242 1349.354 1349.464 1349.574 1349.684 1349.754 1349.754 1349.754 1349.754 1349.754 1349.647 1349.513 1349.379 1349.244 1349.129 1349.081 1349.032 1348.983 1348.935 1348.894 1348.859 1348.823 1348.787 1348.755 1348.767 1348.779 1348.791 1348.803 1348.85 1348.928 1349.007 1349.086 1349.165 1349.343 1349.526 1349.709 1349.892 1350.026 1350.081 1350.136 1350.191 1350.246 1350.212 1350.157
1344.642 1344.697 1344.872 1345.047 1345.222 1345.397 1345.654 1345.957 1346.26 1346.563 1346.871 1347.236 1347.601 1347.965 1348.33 1348.585 1348.731 1348.876 1349.022 1349.168 1349.25 1349.328 1349.406 1349.484 1349.534 1349.534 1349.534 1349.534 1349.534 1349.452 1349.35 1349.248 1349.146 1349.056 1349.007 1348.958 1348.91 1348.861 1348.8 1348.732 1348.664 1348.596 1348.536 1348.558 1348.581 1348.604 1348.626 1348.681 1348.765 1348.849 1348.934 1349.018 1349.165 1349.316 1349.467 1349.618 1349.726 1349.765 1349.804 1349.843 1349.882 1349.858 1349.819
1344.315 1344.388 1344.612 1344.835 1345.058 1345.281 1345.559 1345.868 1346.177 1346.485 1346.798 1347.162 1347.527 1347.892 1348.257 1348.511 1348.657 1348.803 1348.949 1349.095 1349.147 1349.193 1349.238 1349.284 1349.313 1349.313 1349.313 1349.313 1349.313 1349.257 1349.187 1349.117 1349.047 1348.982 1348.934 1348.885 1348.836 1348.788 1348.705 1348.605 1348.505 1348.405 1348.316 1348.349 1348.383 1348.416 1348.45 1348.512 1348.602 1348.692 1348.781 1348.871 1348.988 1349.107 1349.225 1349.344 1349.426 1349.449 1349.472 1349.495 1349.518 1349.503 1349.48
1343.988 1344.08 1344.352 1344.623 1344.895 1345.166 1345.465 1345.779 1346.093 1346.406 1346.724 1347.089 1347.454 1347.818 1348.183 1348.438 1348.584 1348.729 1348.875 1349.021 1349.043 1349.057 1349.071 1349.084 1349.093 1349.093 1349.093 1349.093 1349.093 1349.063 1349.025 1348.987 1348.949 1348.909 1348.86 1348.812 1348.763 1348.714 1348.611 1348.478 1348.346 1348.213 1348.097 1348.141 1348.185 1348.229 1348.273 1348.344 1348.438 1348.534 1348.629 1348.724 1348.81 1348.897 1348.983 1349.07 1349.126 1349.133 1349.14 1349.146 1349.153 1349.149 1349.142
1343.72 1343.837 1344.129 1344.421 1344.712 1345.004 1345.316 1345.638 1345.96 1346.283 1346.606 1346.943 1347.28 1347.616 1347.953 1348.203 1348.368 1348.532 1348.697 1348.861 1348.872 1348.872 1348.872 1348.872 1348.872 1348.872 1348.872 1348.872 1348.872 1348.855 1348.834 1348.813 1348.792 1348.766 1348.723 1348.681 1348.638 1348.596 1348.498 1348.371 1348.243 1348.116 1348.004 1348.046 1348.089 1348.131 1348.173 1348.238 1348.323 1348.407 1348.492 1348.577 1348.642 1348.705 1348.769 1348.833 1348.883 1348.911 1348.939 1348.967 1348.995 1349.0 1349.0
1343.494 1343.641 1343.933 1344.225 1344.516 1344.808 1345.127 1345.46 1345.793 1346.126 1346.456 1346.744 1347.033 1347.321 1347.61 1347.852 1348.049 1348.245 1348.442 1348.639 1348.652 1348.652 1348.652 1348.652 1348.652 1348.652 1348.652 1348.652 1348.652 1348.639 1348.623 1348.607 1348.592 1348.572 1348.541 1348.509 1348.477 1348.445 1348.372 1348.277 1348.182 1348.087 1348.003 1348.034 1348.066 1348.098 1348.13 1348.178 1348.241 1348.304 1348.368 1348.431 1348.48 1348.527 1348.575 1348.622 1348.681 1348.757 1348.833 1348.909 1348.986 1349.0 1349.0
1343.269 1343.445 1343.737 1344.029 1344.321 1344.612 1344.938 1345.281 1345.625 1345.969 1346.305 1346.545 1346.786 1347.026 1347.266 1347.501 1347.73 1347.959 1348.187 1348.416 1348.431 1348.431 1348.431 1348.431 1348.431 1348.431 1348.431 1348.431 1348.431 1348.423 1348.412 1348.402 1348.391 1348.379 1348.358 1348.337 1348.316 1348.295 1348.246 1348.183 1348.12 1348.057 1348.002 1348.023 1348.044 1348.065 1348.086 1348.118 1348.16 1348.201 1348.243 1348.285 1348.317 1348.349 1348.38 1348.412 1348.479 1348.603 1348.727 1348.852 1348.976 1349.0 1349.0
1343.043 1343.249 1343.541 1343.833 1344.125 1344.416 1344.748 1345.103 1345.457 1345.812 1346.155 1346.347 1346.539 1346.731 1346.923 1347.15 1347.411 1347.672 1347.933 1348.194 1348.211 1348.211 1348.211 1348.211 1348.211 1348.211 1348.211 1348.211 1348.211 1348.207 1348.202 1348.197 1348.191 1348.185 1348.175 1348.165 1348.154 1348.144 1348.12 1348.09 1348.059 1348.028 1348.001 1348.011 1348.021 1348.032 1348.042 1348.057 1348.078 1348.099 1348.119 1348.14 1348.155 1348.171 1348.186 1348.201 1348.276 1348.449 1348.622 1348.795 1348.967 1349.0 1349.0
1342.817 1343.05 1343.341 1343.632 1343.922 1344.213 1344.552 1344.916 1345.281 1345.646 1345.995 1346.141 1346.288 1346.435 1346.581 1346.801 1347.092 1347.383 1347.674 1347.965 1347.984 1347.984 1347.984 1347.984 1347.984 1347.985 1347.986 1347.987 1347.988 1347.989 1347.99 1347.99 1347.991 1347.991 1347.991 1347.991 1347.991 1347.99 1347.99 1347.99 1347.99 1347.99 1347.99 1347.991 1347.991 1347.991 1347.991 1347.992 1347.992 1347.993 1347.993 1347.994 1347.995 1347.996 1347.998 1347.999 1348.082 1348.299 1348.516 1348.733 1348.949 1348.99 1348.99
1342.568 1342.776 1343.045 1343.315 1343.584 1343.854 1344.184 1344.549 1344.914 1345.278 1345.629 1345.791 1345.954 1346.117 1346.279 1346.499 1346.774 1347.049 1347.324 1347.599 1347.617 1347.617 1347.617 1347.617 1347.625 1347.647 1347.67 1347.692 1347.714 1347.732 1347.749 1347.766 1347.783 1347.794 1347.789 1347.783 1347.777 1347.772 1347.77 1347.77 1347.77 1347.77 1347.771 1347.776 1347.782 1347.787 1347.793 1347.801 1347.813 1347.824 1347.835 1347.846 1347.879 1347.912 1347.946 1347.979 1348.064 1348.232 1348.401 1348.569 1348.738 1348.77 1348.77
1342.32 1342.502 1342.75 1342.998 1343.246 1343.494 1343.817 1344.182 1344.546 1344.911 1345.262 1345.441 1345.62 1345.799 1345.977 1346.197 1346.455 1346.714 1346.973 1347.232 1347.249 1347.249 1347.249 1347.249 1347.265 1347.309 1347.353 1347.397 1347.44 1347.476 1347.508 1347.541 1347.574 1347.597 1347.586 1347.575 1347.564 1347.553 1347.55 1347.55 1347.55 1347.55 1347.551 1347.561 1347.572 1347.583 1347.594 1347.611 1347.633 1347.655 1347.677 1347.699 1347.762 1347.828 1347.894 1347.959 1348.046 1348.166 1348.286 1348.406 1348.527 1348.55 1348.55
1342.072 1342.228 1342.454 1342.681 1342.907 1343.134 1343.449 1343.814 1344.179 1344.544 1344.896 1345.091 1345.286 1345.481 1345.675 1345.894 1346.137 1346.38 1346.623 1346.866 1346.882 1346.882 1346.882 1346.882 1346.906 1346.971 1347.036 1347.101 1347.167 1347.219 1347.268 1347.317 1347.366 1347.4 1347.384 1347.367 1347.351 1347.335 1347.329 1347.329 1347.329 1347.329 1347.33 1347.347 1347.363 1347.379 1347.396 1347.421 1347.453 1347.486 1347.518 1347.551 1347.646 1347.744 1347.841 1347.939 1348.027 1348.099 1348.171 1348.243 1348.315 1348.329 1348.329
1341.823 1341.954 1342.159 1342.364 1342.569 1342.774 1343.082 1343.447 1343.812 1344.176 1344.53 1344.741 1344.952 1345.163 1345.374 1345.592 1345.819 1346.046 1346.273 1346.5 1346.514 1346.514 1346.514 1346.514 1346.546 1346.633 1346.719 1346.806 1346.893 1346.962 1347.027 1347.092 1347.157 1347.203 1347.181 1347.159 1347.138 1347.116 1347.109 1347.109 1347.109 1347.109 1347.11 1347.132 1347.154 1347.176 1347.197 1347.23 1347.273 1347.317 1347.36 1347.404 1347.529 1347.659 1347.789 1347.919 1348.009 1348.033 1348.057 1348.08 1348.104 1348.109 1348.109
1341.535 1341.66 1341.868 1342.077 1342.285 1342.493 1342.789 1343.135 1343.481 1343.827 1344.164 1344.399 1344.635 1344.87 1345.105 1345.325 1345.53 1345.735 1345.941 1346.146 1346.18 1346.202 1346.223 1346.245 1346.29 1346.377 1346.463 1346.55 1346.636 1346.712 1346.785 1346.857 1346.93 1346.982 1346.96 1346.939 1346.917 1346.896 1346.888 1346.888 1346.888 1346.888 1346.892 1346.932 1346.973 1347.014 1347.054 1347.099 1347.148 1347.196 1347.245 1347.294 1347.419 1347.549 1347.678 1347.808 1347.895 1347.914 1347.933 1347.953 1347.972 1347.979 1347.985
1341.208 1341.348 1341.583 1341.817 1342.052 1342.287 1342.569 1342.877 1343.186 1343.494 1343.799 1344.066 1344.334 1344.601 1344.868 1345.091 1345.269 1345.448 1345.626 1345.805 1345.877 1345.942 1346.006 1346.071 1346.135 1346.2 1346.265 1346.33 1346.395 1346.467 1346.54 1346.613 1346.685 1346.738 1346.722 1346.706 1346.69 1346.673 1346.668 1346.668 1346.668 1346.668 1346.674 1346.747 1346.82 1346.892 1346.965 1347.026 1347.074 1347.123 1347.172 1347.22 1347.315 1347.412 1347.51 1347.607 1347.689 1347.746 1347.802 1347.859 1347.915 1347.939 1347.955
1340.882 1341.035 1341.297 1341.558 1341.82 1342.082 1342.349 1342.62 1342.891 1343.161 1343.434 1343.734 1344.033 1344.333 1344.632 1344.857 1345.009 1345.16 1345.312 1345.464 1345.574 1345.682 1345.789 1345.897 1345.981 1346.024 1346.068 1346.111 1346.155 1346.222 1346.295 1346.368 1346.441 1346.495 1346.484 1346.473 1346.462 1346.451 1346.447 1346.447 1346.447 1346.447 1346.456 1346.561 1346.666 1346.771 1346.876 1346.952 1347.001 1347.049 1347.098 1347.147 1347.211 1347.276 1347.342 1347.407 1347.483 1347.577 1347.671 1347.765 1347.859 1347.899 1347.926
1340.555 1340.722 1341.011 1341.299 1341.588 1341.876 1342.129 1342.362 1342.595 1342.829 1343.069 1343.401 1343.732 1344.064 1344.396 1344.623 1344.748 1344.873 1344.998 1345.122 1345.271 1345.422 1345.572 1345.722 1345.826 1345.848 1345.87 1345.892 1345.914 1345.977 1346.05 1346.123 1346.196 1346.251 1346.245 1346.24 1346.234 1346.229 1346.227 1346.227 1346.227 1346.227 1346.239 1346.376 1346.513 1346.65 1346.787 1346.879 1346.927 1346.976 1347.025 1347.073 1347.107 1347.14 1347.173 1347.206 1347.277 1347.408 1347.54 1347.672 1347.803 1347.859 1347.896
1340.228 1340.409 1340.725 1341.04 1341.355 1341.671 1341.909 1342.105 1342.3 1342.496 1342.704 1343.068 1343.432 1343.795 1344.159 1344.389 1344.487 1344.585 1344.683 1344.781 1344.968 1345.161 1345.355 1345.548 1345.671 1345.672 1345.672 1345.673 1345.674 1345.732 1345.805 1345.878 1345.951 1346.007 1346.007 1346.007 1346.007 1346.006 1346.006 1346.006 1346.006 1346.006 1346.021 1346.19 1346.36 1346.529 1346.698 1346.805 1346.854 1346.902 1346.951 1347.0 1347.003 1347.004 1347.005 1347.006 1347.071 1347.24 1347.409 1347.578 1347.747 1347.818 1347.867
