data/zism_data/00019_03_D.txt
ncols         224
nrows         224
[rows 0 to 28 of 224, columns 65 to 129 of 224]
1314.282 1313.471 1312.66 1311.849 1311.125 1310.45 1309.775 1309.1 1308.436 1307.917 1307.398 1306.879 1306.359 1305.89 1305.471 1305.052 1304.633 1304.214 1303.957 1303.71 1303.464 1303.218 1302.977 1302.745 1302.512 1302.28 1302.047 1302.0 1302.0 1302.0 1302.0 1301.954 1301.748 1301.543 1301.338 1301.133 1301.053 1301.04 1301.026 1301.012 1301.0 1301.0 1301.0 1301.0 1301.0 1301.0 1301.0 1301.0 1301.0 1301.0 1300.923 1300.841 1300.76 1300.678 1300.575 1300.438 1300.301 1300.163 1300.026 1300.0 1300.0 1300.0 1300.0 1300.0 1300.0
1313.954 1313.175 1312.396 1311.617 1310.891 1310.195 1309.498 1308.802 1308.12 1307.633 1307.146 1306.659 1306.172 1305.73 1305.332 1304.934 1304.537 1304.139 1303.893 1303.658 1303.422 1303.187 1302.955 1302.728 1302.501 1302.273 1302.046 1302.0 1302.0 1302.0 1302.0 1301.952 1301.742 1301.531 1301.32 1301.11 1301.032 1301.024 1301.016 1301.008 1301.0 1301.0 1301.0 1301.0 1301.0 1301.0 1301.0 1301.0 1301.0 1301.0 1300.953 1300.904 1300.854 1300.805 1300.71 1300.541 1300.371 1300.202 1300.032 1300.0 1300.0 1300.0 1300.0 1300.0 1300.0
1313.626 1312.879 1312.132 1311.385 1310.657 1309.939 1309.221 1308.503 1307.804 1307.349 1306.894 1306.439 1305.984 1305.569 1305.193 1304.817 1304.44 1304.064 1303.83 1303.605 1303.38 1303.156 1302.932 1302.71 1302.489 1302.267 1302.045 1302.0 1302.0 1302.0 1302.0 1301.951 1301.735 1301.519 1301.303 1301.087 1301.011 1301.008 1301.005 1301.003 1301.0 1301.0 1301.0 1301.0 1301.0 1301.0 1301.0 1301.0 1301.0 1301.0 1300.984 1300.966 1300.949 1300.932 1300.845 1300.643 1300.442 1300.24 1300.038 1300.0 1300.0 1300.0 1300.0 1300.0 1300.0
1313.313 1312.573 1311.833 1311.094 1310.355 1309.615 1308.876 1308.136 1307.417 1306.952 1306.487 1306.022 1305.557 1305.153 1304.811 1304.469 1304.126 1303.784 1303.571 1303.367 1303.163 1302.959 1302.755 1302.551 1302.347 1302.143 1301.939 1301.898 1301.898 1301.898 1301.898 1301.853 1301.657 1301.46 1301.264 1301.067 1301.0 1301.0 1301.0 1301.0 1301.0 1301.0 1301.0 1301.0 1301.0 1301.0 1301.0 1301.0 1301.0 1301.0 1300.995 1300.99 1300.985 1300.98 1300.896 1300.682 1300.468 1300.255 1300.041 1300.0 1300.0 1300.0 1300.0 1300.0 1300.0
1313.017 1312.256 1311.495 1310.734 1309.974 1309.213 1308.452 1307.691 1306.947 1306.423 1305.899 1305.375 1304.851 1304.443 1304.149 1303.855 1303.561 1303.266 1303.087 1302.915 1302.743 1302.571 1302.4 1302.228 1302.056 1301.884 1301.712 1301.677 1301.677 1301.677 1301.677 1301.644 1301.495 1301.347 1301.199 1301.051 1301.0 1301.0 1301.0 1301.0 1301.0 1301.0 1301.0 1301.0 1301.0 1301.0 1301.0 1301.0 1301.0 1301.0 1300.985 1300.969 1300.954 1300.938 1300.851 1300.648 1300.445 1300.242 1300.039 1300.0 1300.0 1300.0 1300.0 1300.0 1300.0
1312.722 1311.939 1311.157 1310.375 1309.592 1308.81 1308.028 1307.245 1306.478 1305.895 1305.312 1304.729 1304.146 1303.732 1303.487 1303.241 1302.995 1302.749 1302.602 1302.463 1302.323 1302.183 1302.044 1301.904 1301.765 1301.625 1301.485 1301.457 1301.457 1301.457 1301.457 1301.434 1301.334 1301.234 1301.134 1301.034 1301.0 1301.0 1301.0 1301.0 1301.0 1301.0 1301.0 1301.0 1301.0 1301.0 1301.0 1301.0 1301.0 1301.0 1300.975 1300.948 1300.922 1300.896 1300.806 1300.614 1300.421 1300.229 1300.036 1300.0 1300.0 1300.0 1300.0 1300.0 1300.0
1312.426 1311.622 1310.819 1310.015 1309.211 1308.407 1307.604 1306.8 1306.008 1305.366 1304.724 1304.082 1303.44 1303.022 1302.824 1302.627 1302.429 1302.231 1302.118 1302.01 1301.903 1301.796 1301.688 1301.581 1301.473 1301.366 1301.258 1301.236 1301.236 1301.236 1301.236 1301.225 1301.173 1301.121 1301.069 1301.018 1301.0 1301.0 1301.0 1301.0 1301.0 1301.0 1301.0 1301.0 1301.0 1301.0 1301.0 1301.0 1301.0 1301.0 1300.965 1300.928 1300.891 1300.853 1300.761 1300.58 1300.398 1300.216 1300.035 1300.0 1300.0 1300.0 1300.0 1300.0 1300.0
1312.131 1311.306 1310.48 1309.655 1308.83 1308.005 1307.18 1306.354 1305.538 1304.837 1304.136 1303.435 1302.734 1302.311 1302.162 1302.013 1301.863 1301.714 1301.634 1301.558 1301.483 1301.408 1301.333 1301.257 1301.182 1301.107 1301.031 1301.016 1301.016 1301.016 1301.016 1301.015 1301.012 1301.008 1301.005 1301.001 1301.0 1301.0 1301.0 1301.0 1301.0 1301.0 1301.0 1301.0 1301.0 1301.0 1301.0 1301.0 1301.0 1301.0 1300.955 1300.907 1300.859 1300.811 1300.716 1300.545 1300.375 1300.203 1300.032 1300.0 1300.0 1300.0 1300.0 1300.0 1300.0
1312.09 1311.228 1310.367 1309.505 1308.625 1307.733 1306.842 1305.95 1305.073 1304.378 1303.683 1302.987 1302.292 1301.879 1301.743 1301.607 1301.471 1301.335 1301.272 1301.214 1301.156 1301.098 1301.043 1300.995 1300.947 1300.899 1300.851 1300.857 1300.877 1300.897 1300.917 1300.934 1300.944 1300.954 1300.964 1300.974 1300.981 1300.985 1300.99 1300.995 1300.999 1300.984 1300.969 1300.954 1300.939 1300.922 1300.902 1300.882 1300.862 1300.842 1300.795 1300.746 1300.698 1300.649 1300.567 1300.432 1300.297 1300.161 1300.026 1300.0 1300.0 1300.0 1300.0 1300.0 1300.0
1312.069 1311.17 1310.271 1309.372 1308.433 1307.472 1306.51 1305.549 1304.609 1303.924 1303.24 1302.555 1301.87 1301.468 1301.342 1301.217 1301.092 1300.967 1300.919 1300.877 1300.835 1300.793 1300.759 1300.738 1300.716 1300.695 1300.674 1300.702 1300.744 1300.785 1300.826 1300.863 1300.884 1300.904 1300.925 1300.946 1300.96 1300.97 1300.98 1300.991 1300.997 1300.966 1300.935 1300.904 1300.873 1300.837 1300.796 1300.754 1300.713 1300.672 1300.623 1300.575 1300.526 1300.478 1300.41 1300.312 1300.214 1300.116 1300.019 1300.0 1300.0 1300.0 1300.0 1300.0 1300.0
1312.048 1311.111 1310.175 1309.238 1308.241 1307.21 1306.179 1305.149 1304.144 1303.47 1302.796 1302.123 1301.449 1301.057 1300.942 1300.828 1300.713 1300.599 1300.567 1300.541 1300.515 1300.489 1300.475 1300.48 1300.486 1300.491 1300.497 1300.548 1300.611 1300.673 1300.736 1300.792 1300.823 1300.855 1300.886 1300.917 1300.939 1300.954 1300.97 1300.986 1300.996 1300.949 1300.902 1300.855 1300.807 1300.752 1300.69 1300.627 1300.564 1300.501 1300.452 1300.403 1300.355 1300.306 1300.253 1300.193 1300.132 1300.072 1300.011 1300.0 1300.0 1300.0 1300.0 1300.0 1300.0
1312.027 1311.053 1310.079 1309.104 1308.049 1306.949 1305.848 1304.748 1303.679 1303.016 1302.353 1301.69 1301.027 1300.646 1300.542 1300.438 1300.334 1300.23 1300.214 1300.205 1300.195 1300.185 1300.191 1300.223 1300.255 1300.288 1300.32 1300.394 1300.478 1300.562 1300.646 1300.721 1300.763 1300.805 1300.847 1300.889 1300.918 1300.939 1300.96 1300.981 1300.995 1300.931 1300.868 1300.805 1300.742 1300.668 1300.583 1300.499 1300.415 1300.331 1300.28 1300.232 1300.183 1300.135 1300.096 1300.073 1300.05 1300.027 1300.004 1300.0 1300.0 1300.0 1300.0 1300.0 1300.0
1311.876 1310.851 1309.827 1308.803 1307.705 1306.566 1305.428 1304.289 1303.188 1302.57 1301.951 1301.332 1300.713 1300.361 1300.272 1300.184 1300.095 1300.006 1300.0 1300.0 1300.0 1300.0 1300.016 1300.061 1300.105 1300.15 1300.194 1300.274 1300.363 1300.451 1300.54 1300.619 1300.664 1300.708 1300.753 1300.797 1300.827 1300.849 1300.871 1300.893 1300.908 1300.841 1300.775 1300.708 1300.641 1300.563 1300.474 1300.385 1300.296 1300.208 1300.161 1300.116 1300.072 1300.028 1300.0 1300.0 1300.0 1300.0 1300.0 1300.0 1300.0 1300.0 1300.0 1300.0 1300.0
1311.522 1310.428 1309.334 1308.24 1307.124 1305.996 1304.868 1303.74 1302.656 1302.134 1301.612 1301.09 1300.567 1300.274 1300.207 1300.139 1300.072 1300.004 1300.0 1300.0 1300.0 1300.0 1300.012 1300.046 1300.08 1300.113 1300.147 1300.208 1300.275 1300.343 1300.41 1300.47 1300.504 1300.537 1300.571 1300.605 1300.627 1300.644 1300.661 1300.678 1300.689 1300.638 1300.588 1300.537 1300.487 1300.427 1300.36 1300.292 1300.225 1300.157 1300.122 1300.088 1300.055 1300.021 1300.0 1300.0 1300.0 1300.0 1300.0 1300.0 1300.0 1300.0 1300.0 1300.0 1300.0
1311.168 1310.004 1308.841 1307.677 1306.543 1305.426 1304.309 1303.192 1302.125 1301.699 1301.273 1300.847 1300.422 1300.187 1300.141 1300.095 1300.049 1300.003 1300.0 1300.0 1300.0 1300.0 1300.008 1300.031 1300.054 1300.077 1300.1 1300.142 1300.188 1300.234 1300.28 1300.32 1300.343 1300.366 1300.389 1300.412 1300.428 1300.439 1300.451 1300.462 1300.47 1300.435 1300.401 1300.366 1300.332 1300.291 1300.245 1300.199 1300.153 1300.107 1300.083 1300.06 1300.037 1300.014 1300.0 1300.0 1300.0 1300.0 1300.0 1300.0 1300.0 1300.0 1300.0 1300.0 1300.0
1310.814 1309.581 1308.347 1307.114 1305.962 1304.856 1303.749 1302.643 1301.593 1301.264 1300.934 1300.605 1300.276 1300.1 1300.075 1300.051 1300.026 1300.002 1300.0 1300.0 1300.0 1300.0 1300.005 1300.017 1300.029 1300.041 1300.054 1300.076 1300.1 1300.125 1300.149 1300.171 1300.183 1300.196 1300.208 1300.22 1300.228 1300.234 1300.241 1300.247 1300.251 1300.232 1300.214 1300.196 1300.177 1300.156 1300.131 1300.106 1300.082 1300.057 1300.044 1300.032 1300.02 1300.008 1300.0 1300.0 1300.0 1300.0 1300.0 1300.0 1300.0 1300.0 1300.0 1300.0 1300.0
1310.46 1309.157 1307.854 1306.551 1305.381 1304.286 1303.19 1302.094 1301.061 1300.828 1300.595 1300.363 1300.13 1300.013 1300.01 1300.006 1300.003 1300.0 1300.0 1300.0 1300.0 1300.0 1300.001 1300.002 1300.004 1300.005 1300.007 1300.01 1300.013 1300.016 1300.019 1300.022 1300.023 1300.025 1300.026 1300.028 1300.029 1300.03 1300.031 1300.031 1300.032 1300.029 1300.027 1300.025 1300.022 1300.02 1300.017 1300.013 1300.01 1300.007 1300.006 1300.004 1300.003 1300.001 1300.0 1300.0 1300.0 1300.0 1300.0 1300.0 1300.0 1300.0 1300.0 1300.0 1300.0
1310.156 1308.825 1307.494 1306.162 1305.01 1303.956 1302.903 1301.85 1300.86 1300.669 1300.478 1300.286 1300.095 1300.0 1300.0 1300.0 1300.0 1300.0 1300.0 1300.0 1300.0 1300.0 1300.0 1300.0 1300.0 1300.0 1300.0 1300.0 1300.0 1300.0 1300.0 1300.0 1300.0 1300.0 1300.0 1300.0 1300.0 1300.0 1300.0 1300.0 1300.0 1300.0 1300.0 1300.0 1300.0 1300.0 1300.0 1300.0 1300.0 1300.0 1300.0 1300.0 1300.0 1300.0 1300.0 1300.0 1300.0 1300.0 1300.0 1300.0 1300.0 1300.0 1300.0 1300.0 1300.0
1309.861 1308.508 1307.155 1305.802 1304.673 1303.668 1302.664 1301.659 1300.716 1300.557 1300.397 1300.238 1300.079 1300.0 1300.0 1300.0 1300.0 1300.0 1300.0 1300.0 1300.0 1300.0 1300.0 1300.0 1300.0 1300.0 1300.0 1300.0 1300.0 1300.0 1300.0 1300.0 1300.0 1300.0 1300.0 1300.0 1300.0 1300.0 1300.0 1300.0 1300.0 1300.0 1300.0 1300.0 1300.0 1300.0 1300.0 1300.0 1300.0 1300.0 1300.0 1300.0 1300.0 1300.0 1300.0 1300.0 1300.0 1300.0 1300.0 1300.0 1300.0 1300.0 1300.0 1300.0 1300.0
1309.566 1308.191 1306.817 1305.443 1304.337 1303.38 1302.424 1301.467 1300.571 1300.444 1300.317 1300.19 1300.063 1300.0 1300.0 1300.0 1300.0 1300.0 1300.0 1300.0 1300.0 1300.0 1300.0 1300.0 1300.0 1300.0 1300.0 1300.0 1300.0 1300.0 1300.0 1300.0 1300.0 1300.0 1300.0 1300.0 1300.0 1300.0 1300.0 1300.0 1300.0 1300.0 1300.0 1300.0 1300.0 1300.0 1300.0 1300.0 1300.0 1300.0 1300.0 1300.0 1300.0 1300.0 1300.0 1300.0 1300.0 1300.0 1300.0 1300.0 1300.0 1300.0 1300.0 1300.0 1300.0
1309.27 1307.874 1306.479 1305.083 1304.0 1303.092 1302.184 1301.275 1300.427 1300.332 1300.237 1300.142 1300.047 1300.0 1300.0 1300.0 1300.0 1300.0 1300.0 1300.0 1300.0 1300.0 1300.0 1300.0 1300.0 1300.0 1300.0 1300.0 1300.0 1300.0 1300.0 1300.0 1300.0 1300.0 1300.0 1300.0 1300.0 1300.0 1300.0 1300.0 1300.0 1300.0 1300.0 1300.0 1300.0 1300.0 1300.0 1300.0 1300.0 1300.0 1300.0 1300.0 1300.0 1300.0 1300.0 1300.0 1300.0 1300.0 1300.0 1300.0 1300.0 1300.0 1300.0 1300.0 1300.0
1308.979 1307.54 1306.1 1304.661 1303.607 1302.767 1301.928 1301.088 1300.305 1300.237 1300.169 1300.101 1300.034 1300.0 1300.0 1300.0 1300.0 1300.0 1300.0 1300.0 1300.0 1300.0 1300.0 1300.0 1300.0 1300.0 1300.0 1300.0 1300.0 1300.0 1300.0 1300.0 1300.0 1300.0 1300.0 1300.0 1300.0 1300.0 1300.0 1300.0 1300.0 1300.0 1300.0 1300.0 1300.0 1300.0 1300.0 1300.0 1300.0 1300.0 1300.0 1300.0 1300.0 1300.0 1300.0 1300.0 1300.0 1300.0 1300.0 1300.0 1300.0 1300.0 1300.0 1300.0 1300.0
1308.697 1307.167 1305.636 1304.105 1303.091 1302.364 1301.637 1300.91 1300.233 1300.181 1300.129 1300.077 1300.026 1300.0 1300.0 1300.0 1300.0 1300.0 1300.0 1300.0 1300.0 1300.0 1300.0 1300.0 1300.0 1300.0 1300.0 1300.0 1300.0 1300.0 1300.0 1300.0 1300.0 1300.0 1300.0 1300.0 1300.0 1300.0 1300.0 1300.0 1300.0 1300.0 1300.0 1300.0 1300.0 1300.0 1300.0 1300.0 1300.0 1300.0 1300.0 1300.0 1300.0 1300.0 1300.0 1300.0 1300.0 1300.0 1300.0 1300.0 1300.0 1300.0 1300.0 1300.0 1300.0
1308.415 1306.794 1305.172 1303.55 1302.576 1301.961 1301.347 1300.732 1300.16 1300.125 1300.089 1300.053 1300.018 1300.0 1300.0 1300.0 1300.0 1300.0 1300.0 1300.0 1300.0 1300.0 1300.0 1300.0 1300.0 1300.0 1300.0 1300.0 1300.0 1300.0 1300.0 1300.0 1300.0 1300.0 1300.0 1300.0 1300.0 1300.0 1300.0 1300.0 1300.0 1300.0 1300.0 1300.0 1300.0 1300.0 1300.0 1300.0 1300.0 1300.0 1300.0 1300.0 1300.0 1300.0 1300.0 1300.0 1300.0 1300.0 1300.0 1300.0 1300.0 1300.0 1300.0 1300.0 1300.0
1308.133 1306.421 1304.708 1302.995 1302.06 1301.558 1301.056 1300.555 1300.088 1300.068 1300.049 1300.029 1300.01 1300.0 1300.0 1300.0 1300.0 1300.0 1300.0 1300.0 1300.0 1300.0 1300.0 1300.0 1300.0 1300.0 1300.0 1300.0 1300.0 1300.0 1300.0 1300.0 1300.0 1300.0 1300.0 1300.0 1300.0 1300.0 1300.0 1300.0 1300.0 1300.0 1300.0 1300.0 1300.0 1300.0 1300.0 1300.0 1300.0 1300.0 1300.0 1300.0 1300.0 1300.0 1300.0 1300.0 1300.0 1300.0 1300.0 1300.0 1300.0 1300.0 1300.0 1300.0 1300.0
1307.851 1306.047 1304.244 1302.44 1301.544 1301.155 1300.766 1300.377 1300.016 1300.012 1300.009 1300.005 1300.002 1300.0 1300.0 1300.0 1300.0 1300.0 1300.0 1300.0 1300.0 1300.0 1300.0 1300.0 1300.0 1300.0 1300.0 1300.0 1300.0 1300.0 1300.0 1300.0 1300.0 1300.0 1300.0 1300.0 1300.0 1300.0 1300.0 1300.0 1300.0 1300.0 1300.0 1300.0 1300.0 1300.0 1300.0 1300.0 1300.0 1300.0 1300.0 1300.0 1300.0 1300.0 1300.0 1300.0 1300.0 1300.0 1300.0 1300.0 1300.0 1300.0 1300.0 1300.0 1300.0
1307.422 1305.673 1303.925 1302.177 1301.333 1300.994 1300.654 1300.315 1300.0 1300.0 1300.0 1300.0 1300.0 1300.0 1300.0 1300.0 1300.0 1300.0 1300.0 1300.0 1300.0 1300.0 1300.0 1300.0 1300.0 1300.0 1300.0 1300.0 1300.0 1300.0 1300.0 1300.0 1300.0 1300.0 1300.0 1300.0 1300.0 1300.0 1300.0 1300.0 1300.0 1300.0 1300.0 1300.0 1300.0 1300.0 1300.0 1300.0 1300.0 1300.0 1300.0 1300.0 1300.0 1300.0 1300.0 1300.0 1300.0 1300.0 1300.0 1300.0 1300.0 1300.0 1300.0 1300.0 1300.0
1306.951 1305.299 1303.647 1301.995 1301.207 1300.9 1300.592 1300.285 1300.0 1300.0 1300.0 1300.0 1300.0 1300.0 1300.0 1300.0 1300.0 1300.0 1300.0 1300.0 1300.0 1300.0 1300.0 1300.0 1300.0 1300.0 1300.0 1300.0 1300.0 1300.0 1300.0 1300.0 1300.0 1300.0 1300.0 1300.0 1300.0 1300.0 1300.0 1300.0 1300.0 1300.0 1300.0 1300.0 1300.0 1300.0 1300.0 1300.0 1300.0 1300.0 1300.0 1300.0 1300.0 1300.0 1300.0 1300.0 1300.0 1300.0 1300.0 1300.0 1300.0 1300.0 1300.0 1300.0 1300.0
1306.48 1304.925 1303.369 1301.814 1301.081 1300.806 1300.53 1300.255 1300.0 1300.0 1300.0 1300.0 1300.0 1300.0 1300.0 1300.0 1300.0 1300.0 1300.0 1300.0 1300.0 1300.0 1300.0 1300.0 1300.0 1300.0 1300.0 1300.0 1300.0 1300.0 1300.0 1300.0 1300.0 1300.0 1300.0 1300.0 1300.0 1300.0 1300.0 1300.0 1300.0 1300.0 1300.0 1300.0 1300.0 1300.0 1300.0 1300.0 1300.0 1300.0 1300.0 1300.0 1300.0 1300.0 1300.0 1300.0 1300.0 1300.0 1300.0 1300.0 1300.0 1300.0 1300.0 1300.0 1300.0
