data/zism_data/00017_04_D.txt
ncols         224
nrows         224
[rows 93 to 123 of 224, columns 0 to 68 of 224]
208.4069 212.6103 216.8138 223.8532 234.1721 244.4906 254.8095 265.128 274.7307 284.2771 293.8239 303.3703 308.9332 308.2994 307.6656 307.0318 306.398 296.9994 286.1155 275.2313 264.3474 253.5531 242.9513 232.3492 221.7474 211.1452 207.3154 205.3665 203.4176 201.4688 200.0 200.0 200.0 200.0 200.0 200.0 200.0 200.0 200.0 200.0 200.0 200.0 200.0 200.0 200.0 200.0 200.0 200.0 200.0 200.0 200.0 200.0 200.0 200.0 200.0 200.0 200.0 200.0 200.0 200.0 200.0 200.0 200.0 200.0 200.0 200.0 200.0 200.0 200.0
206.4508 209.6762 212.9017 219.3767 229.6096 239.8422 250.0751 260.3077 272.0923 283.9978 295.9037 307.8091 315.5315 316.7462 317.9609 319.1757 320.3904 310.7497 299.2694 287.7886 276.3083 264.4394 251.7419 239.0439 226.3464 213.6485 209.0098 206.6094 204.2092 201.8089 200.0 200.0 200.0 200.0 200.0 200.0 200.0 200.0 200.0 200.0 200.0 200.0 200.0 200.0 200.0 200.0 200.0 200.0 200.0 200.0 200.0 200.0 200.0 200.0 200.0 200.0 200.0 200.0 200.0 200.0 200.0 200.0 200.0 200.0 200.0 200.0 200.0 200.0 200.0
205.5882 208.3822 211.1764 218.0044 229.4972 240.9895 252.4823 263.9746 277.2664 290.6982 304.1305 317.5623 326.2213 327.4551 328.689 329.923 331.1569 320.8903 308.6747 296.4586 284.243 271.5256 257.7374 243.9488 230.1606 216.372 211.087 208.1638 205.2406 202.3175 200.1828 200.4604 200.7379 201.0155 201.2931 201.5826 201.8769 202.1713 202.4657 202.6665 202.4225 202.1786 201.9347 201.6908 201.3772 201.0239 200.6707 200.3174 200.0 200.0 200.0 200.0 200.0 200.0 200.0 200.0 200.0 200.0 200.0 200.0 200.0 200.0 200.0 200.0 200.0 200.0 200.0 200.0 200.0
205.0293 207.5439 210.0586 217.4944 230.6208 243.7468 256.8733 269.9992 284.6107 299.3376 314.065 328.792 338.0479 338.7927 339.5376 340.2825 341.0274 330.0282 317.0388 304.0489 291.0594 277.5562 262.9565 248.3564 233.7569 219.1567 213.2706 209.8046 206.3387 202.8728 200.4165 201.0487 201.6809 202.3131 202.9453 203.6048 204.2753 204.9458 205.6164 206.0737 205.5181 204.9625 204.4069 203.8513 203.1369 202.3323 201.5277 200.723 200.0 200.0 200.0 200.0 200.0 200.0 200.0 200.0 200.0 200.0 200.0 200.0 200.0 200.0 200.0 200.0 200.0 200.0 200.0 200.0 200.0
204.4704 206.7056 208.9408 216.9844 231.7445 246.5041 261.2642 276.0238 291.9548 307.9768 323.9994 340.0214 349.8742 350.1301 350.386 350.6418 350.8977 339.166 325.4027 311.639 297.8758 283.5867 268.1756 252.7641 237.353 221.9415 215.4541 211.4454 207.4367 203.4281 200.6501 201.637 202.6239 203.6107 204.5976 205.6269 206.6736 207.7203 208.767 209.4808 208.6136 207.7463 206.8791 206.0118 204.8967 203.6406 202.3846 201.1286 200.0 200.0 200.0 200.0 200.0 200.0 200.0 200.0 200.0 200.0 200.0 200.0 200.0 200.0 200.0 200.0 200.0 200.0 200.0 200.0 200.0
203.9115 205.8672 207.823 216.4744 232.8681 249.2613 265.6551 282.0483 299.299 316.6161 333.9337 351.2508 361.7006 361.4675 361.2343 361.0012 360.768 348.3038 333.7667 319.2292 304.6921 289.6172 273.3947 257.1717 240.9492 224.7262 217.6377 213.0862 208.5348 203.9834 200.8837 202.2253 203.5668 204.9083 206.2498 207.6491 209.072 210.4948 211.9176 212.888 211.709 210.5301 209.3512 208.1723 206.6564 204.949 203.2416 201.5342 200.0 200.0 200.0 200.0 200.0 200.0 200.0 200.0 200.0 200.0 200.0 200.0 200.0 200.0 200.0 200.0 200.0 200.0 200.0 200.0 200.0
203.4082 205.1122 206.8163 215.807 233.2236 250.6396 268.0562 285.4722 303.7351 322.0636 340.3927 358.7212 369.7516 369.4291 369.1065 368.7839 368.4614 355.5052 340.408 325.3102 310.213 294.5532 277.6931 260.8325 243.9724 227.1117 219.6375 214.7702 209.903 205.0358 201.859 203.8533 205.8478 207.8421 209.8365 211.7479 213.6254 215.5028 217.3803 218.63 216.8979 215.1659 213.4339 211.7018 209.5176 207.0762 204.635 202.1936 200.0 200.0 200.0 200.0 200.0 200.0 200.0 200.0 200.0 200.0 200.0 200.0 200.0 200.0 200.0 200.0 200.0 200.0 200.0 200.0 200.0
203.0965 204.6447 206.1929 214.5966 230.9276 247.258 263.5891 279.9195 298.1337 316.4944 334.8557 353.2165 364.7712 365.7384 366.7056 367.6729 368.64 356.0224 341.1026 326.1822 311.2624 295.7114 278.8137 261.9154 245.0178 228.1195 221.003 216.6032 212.2035 207.8039 205.3939 209.0703 212.7468 216.4232 220.0997 223.0138 225.6168 228.2197 230.8226 232.4305 229.3119 226.1934 223.0748 219.9563 216.18 212.0297 207.8795 203.7292 200.0 200.0 200.0 200.0 200.0 200.0 200.0 200.0 200.0 200.0 200.0 200.0 200.0 200.0 200.0 200.0 200.0 200.0 200.0 200.0 200.0
202.7848 204.1771 205.5695 213.3862 228.6316 243.8765 259.1219 274.3669 292.5323 310.9252 329.3188 347.7118 359.7909 362.0478 364.3047 366.5618 368.8187 356.5397 341.7972 327.0542 312.3117 296.8696 279.9343 262.9984 246.0631 229.1273 222.3685 218.4362 214.5041 210.572 208.9288 214.2872 219.6458 225.0043 230.3629 234.2797 237.6082 240.9365 244.265 246.2311 241.7259 237.2209 232.7158 228.2108 222.8424 216.9831 211.124 205.2647 200.0 200.0 200.0 200.0 200.0 200.0 200.0 200.0 200.0 200.0 200.0 200.0 200.0 200.0 200.0 200.0 200.0 200.0 200.0 200.0 200.0
202.4731 203.7095 204.9461 212.1758 226.3356 240.4949 254.6547 268.8141 286.9308 305.3559 323.7818 342.2069 354.8104 358.3571 361.9038 365.4507 368.9973 357.0569 342.4918 327.9262 313.3611 298.0278 281.0549 264.0814 247.1085 230.135 223.734 220.2693 216.8047 213.3401 212.4637 219.5042 226.545 233.5855 240.6263 245.5458 249.5998 253.6536 257.7076 260.0318 254.1402 248.2487 242.357 236.4655 229.5049 221.9366 214.3686 206.8003 200.0 200.0 200.0 200.0 200.0 200.0 200.0 200.0 200.0 200.0 200.0 200.0 200.0 200.0 200.0 200.0 200.0 200.0 200.0 200.0 200.0
202.1613 203.242 204.3227 210.9653 224.0396 237.1134 250.1876 263.2614 281.3293 299.7867 318.2448 336.7022 349.83 354.6665 359.503 364.3396 369.176 357.5742 343.1865 328.7982 314.4105 299.1859 282.1754 265.1644 248.1539 231.1428 225.0995 222.1023 219.1053 216.1082 215.9986 224.7212 233.444 242.1666 250.8895 256.8118 261.5912 266.3705 271.15 273.8324 266.5541 259.2762 251.998 244.72 236.1673 226.8901 217.6131 208.3359 200.0 200.0 200.0 200.0 200.0 200.0 200.0 200.0 200.0 200.0 200.0 200.0 200.0 200.0 200.0 200.0 200.0 200.0 200.0 200.0 200.0
201.8383 202.6843 203.5303 209.1965 220.4365 231.676 242.916 254.1555 271.2797 288.863 306.4469 324.0302 337.0858 343.0973 349.1088 355.1205 361.132 351.1479 338.4529 325.7574 313.0624 299.3354 283.405 267.4741 251.5437 235.6128 230.0916 227.4617 224.8318 222.202 222.4401 231.4511 240.4624 249.4734 258.4846 264.011 268.1151 272.2191 276.3232 278.2578 269.8868 261.5162 253.1453 244.7746 235.874 226.672 217.4703 208.2683 200.0 200.0 200.0 200.0 200.0 200.0 200.0 200.0 200.0 199.9991 199.9668 199.9346 199.9023 199.8701 199.8537 199.8537 199.8537 199.8537 199.8537 199.8537 199.8537
201.5096 202.0815 202.6535 207.1484 216.1797 225.2106 234.2419 243.2729 259.0058 275.2618 291.5183 307.7743 320.4593 327.5885 334.7177 341.8472 348.9765 341.2498 331.0052 320.7603 310.5157 298.9804 284.6891 270.3972 256.1058 241.814 236.8973 234.5844 232.2715 229.9587 230.3352 238.9377 247.5405 256.1431 264.7459 269.1769 271.9053 274.6336 277.362 277.9955 268.6788 259.3624 250.0457 240.7293 232.1028 223.8682 215.6338 207.3991 200.0 200.0 200.0 200.0 200.0 200.0 200.0 200.0 200.0 199.9977 199.9171 199.8364 199.7558 199.6752 199.6343 199.6343 199.6343 199.6343 199.6343 199.6343 199.6343
201.1808 201.4787 201.7766 205.1003 211.923 218.7454 225.568 232.3904 246.7321 261.6608 276.59 291.5186 303.8331 312.08 320.327 328.5742 336.8211 331.3517 323.5576 315.7631 307.969 298.6255 285.9731 273.3203 260.6679 248.0151 243.7027 241.7069 239.7111 237.7153 238.2301 246.4242 254.6186 262.8127 271.007 274.3427 275.6954 277.048 278.4007 277.7334 267.4709 257.2087 246.9462 236.684 228.3317 221.0644 213.7973 206.5299 200.0 200.0 200.0 200.0 200.0 200.0 200.0 200.0 200.0 199.9963 199.8673 199.7383 199.6093 199.4804 199.4149 199.4149 199.4149 199.4149 199.4149 199.4149 199.4149
200.8521 200.8759 200.8998 203.0523 207.6663 212.2801 216.8941 221.508 234.4585 248.0598 261.6616 275.263 287.2069 296.5715 305.9362 315.3011 324.6658 321.4537 316.11 310.766 305.4222 298.2705 287.2571 276.2433 265.2299 254.2162 250.5082 248.8294 247.1507 245.4719 246.125 253.9107 261.6966 269.4823 277.2682 279.5085 279.4855 279.4624 279.4394 277.4712 266.2629 255.0549 243.8466 232.6387 224.5606 218.2606 211.9608 205.6608 200.0 200.0 200.0 200.0 200.0 200.0 200.0 200.0 200.0 199.9949 199.8175 199.6402 199.4628 199.2855 199.1956 199.1956 199.1956 199.1956 199.1956 199.1956 199.1956
200.9041 200.5727 200.2413 201.2571 203.8306 206.4041 208.9777 211.5512 223.1698 235.4946 247.8199 260.1448 271.7187 282.1234 292.528 302.9331 313.3377 312.2359 309.1837 306.1313 303.0791 297.9651 288.447 278.9286 269.4105 259.8921 256.644 255.1374 253.6308 252.1243 252.7925 260.1131 267.4339 274.7545 282.0753 283.2665 281.956 280.6454 279.3349 276.179 264.2574 252.3362 240.4146 228.4933 220.7758 215.4466 210.1176 204.7884 200.0 200.0 200.0 200.0 200.0 199.999 199.9973 199.9955 199.9938 199.9857 199.767 199.5483 199.3296 199.1109 199.0 199.0 199.0 199.0 199.0 199.0 199.0
204.0787 202.7263 201.3738 201.5356 203.4481 205.3607 207.2732 209.1857 219.9589 231.4239 242.8894 254.3544 265.5626 276.3704 287.1781 297.9862 308.7939 308.596 306.5325 304.469 302.4056 298.0663 288.8652 279.6639 270.4629 261.2616 257.2875 254.7652 252.243 249.7208 249.3946 255.7855 262.1766 268.5675 274.9586 275.4796 273.6048 271.73 269.8552 266.4407 255.712 244.9838 234.2552 223.5269 216.879 212.5494 208.2199 203.8903 200.0 200.0 200.0 200.0 200.0 199.9899 199.972 199.9541 199.9363 199.913 199.7105 199.5079 199.3053 199.1028 199.0 199.0 199.0 199.0 199.0 199.0 199.0
207.2532 204.8798 202.5063 201.814 203.0656 204.3172 205.5688 206.8203 216.7481 227.3533 237.9589 248.5642 259.4067 270.6175 281.8282 293.0394 304.2501 304.9561 303.8814 302.8067 301.7321 298.1674 289.2834 280.3992 271.5153 262.631 257.931 254.3931 250.8553 247.3174 245.9967 251.4579 256.9193 262.3806 267.842 267.6929 265.2538 262.8147 260.3756 256.7025 247.1668 237.6315 228.0959 218.5605 212.9822 209.6522 206.3222 202.9922 200.0 200.0 200.0 200.0 200.0 199.9808 199.9468 199.9128 199.8788 199.8404 199.6539 199.4675 199.281 199.0946 199.0 199.0 199.0 199.0 199.0 199.0 199.0
210.4277 207.0333 203.6388 202.0925 202.6831 203.2737 203.8643 204.4549 213.5372 223.2827 233.0284 242.7739 253.2508 264.8646 276.4784 288.0925 299.7063 301.3162 301.2303 301.1445 301.0586 298.2685 289.7016 281.1345 272.5676 264.0005 258.5746 254.021 249.4675 244.914 242.5988 247.1304 251.6621 256.1937 260.7254 259.9061 256.9027 253.8995 250.8961 246.9643 238.6216 230.2792 221.9366 213.5942 209.0855 206.755 204.4245 202.094 200.0 200.0 200.0 200.0 200.0 199.9717 199.9216 199.8714 199.8213 199.7677 199.5974 199.4271 199.2567 199.0864 199.0 199.0 199.0 199.0 199.0 199.0 199.0
213.6022 209.1869 204.7713 202.371 202.3006 202.2302 202.1599 202.0895 210.3263 219.212 228.0979 236.9835 247.0948 259.1116 271.1284 283.1456 295.1624 297.6763 298.5792 299.4821 300.3851 298.3696 290.1198 281.8698 273.62 265.3699 259.2181 253.6488 248.0797 242.5106 239.2009 242.8028 246.4048 250.0067 253.6087 252.1192 248.5516 244.984 241.4164 237.2259 230.0762 222.9268 215.7772 208.6277 205.1887 203.8577 202.5268 201.1959 200.0 200.0 200.0 200.0 200.0 199.9626 199.8963 199.8301 199.7638 199.6951 199.5408 199.3866 199.2324 199.0782 199.0 199.0 199.0 199.0 199.0 199.0 199.0
218.6245 212.8566 207.0886 203.677 202.99 202.3031 201.616 200.9291 208.6312 216.9884 225.346 233.7033 243.4097 255.214 267.0182 278.8229 290.6272 292.9763 293.7227 294.4691 295.2154 293.1453 285.0587 276.9719 268.8853 260.7984 254.5635 248.8427 243.1222 237.4016 233.8405 236.8857 239.9309 242.976 246.0212 244.4236 240.931 237.4385 233.9458 230.0377 224.1551 218.2726 212.39 206.5076 204.1064 203.6833 203.2603 202.8371 202.4687 202.5841 202.6995 202.815 202.9304 202.7868 202.444 202.1012 201.7584 201.4102 200.8844 200.3586 199.8328 199.307 199.0359 199.027 199.0181 199.0093 199.0004 199.0 199.0
225.1541 217.7633 210.3723 205.8213 204.5539 203.2865 202.0191 200.7517 208.1725 216.2718 224.3714 232.4707 241.7404 252.8299 263.9194 275.0093 286.0988 287.4116 287.067 286.7224 286.3778 283.5767 275.5277 267.4785 259.4295 251.3803 245.5868 240.4195 235.2525 230.0854 226.8793 229.6718 232.4644 235.257 238.0496 236.8024 233.9063 231.0103 228.1142 224.9297 220.3745 215.8195 211.2643 206.7093 205.3203 205.7302 206.1401 206.55 206.9513 207.2763 207.6013 207.9263 208.2513 207.9225 207.0906 206.2587 205.4269 204.5839 203.3702 202.1565 200.9428 199.7291 199.1011 199.0761 199.0511 199.0261 199.0011 199.0 199.0
231.6838 222.6701 213.656 207.9656 206.1177 204.27 202.4221 200.5743 207.7138 215.5551 223.3967 231.2381 240.0711 250.4458 260.8206 271.1957 281.5704 281.8467 280.4112 278.9756 277.5402 274.0079 265.9966 257.9849 249.9736 241.962 236.6099 231.9962 227.3827 222.7691 219.918 222.4579 224.9979 227.5378 230.0778 229.1811 226.8815 224.5821 222.2825 219.8216 216.5939 213.3663 210.1386 206.911 206.5341 207.7771 209.02 210.2629 211.4339 211.9686 212.5032 213.0378 213.5724 213.0582 211.7373 210.4163 209.0954 207.7576 205.856 203.9544 202.0528 200.1512 199.1663 199.1252 199.084 199.0429 199.0018 199.0 199.0
238.2134 227.5768 216.9397 210.1098 207.6816 205.2534 202.8251 200.397 207.2551 214.8384 222.4221 230.0054 238.4017 248.0617 257.7217 267.3821 277.0421 276.2819 273.7555 271.229 268.7026 264.4392 256.4655 248.4916 240.5179 232.5439 227.6331 223.573 219.513 215.453 212.9567 215.244 217.5314 219.8188 222.1062 221.5598 219.8568 218.1539 216.4509 214.7137 212.8134 210.9132 209.0129 207.1127 207.748 209.8239 211.8998 213.9757 215.9165 216.6607 217.4049 218.1491 218.8933 218.1938 216.3839 214.5739 212.7639 210.9313 208.3418 205.7523 203.1628 200.5733 199.2315 199.1742 199.117 199.0597 199.0025 199.0 199.0
244.743 232.4834 220.2234 212.2541 209.2454 206.2368 203.2282 200.2196 206.7964 214.1218 221.4474 228.7728 236.7324 245.6777 254.6229 263.5685 272.5137 270.7171 267.0998 263.4824 259.8651 254.8706 246.9345 238.9982 231.0621 223.1258 218.6564 215.1498 211.6433 208.1368 205.9955 208.0302 210.065 212.0998 214.1346 213.9386 212.8322 211.7258 210.6193 209.6057 209.0329 208.4601 207.8872 207.3144 208.9618 211.8708 214.7796 217.6886 220.3991 221.3529 222.3067 223.2605 224.2143 223.3295 221.0305 218.7314 216.4324 214.1049 210.8276 207.5502 204.2727 200.9953 199.2967 199.2233 199.1499 199.0766 199.0032 199.0 199.0
241.276 230.333 219.3896 212.1392 209.1584 206.1776 203.1968 200.216 205.8627 212.1833 218.5041 224.8247 231.6341 239.2031 246.7721 254.3414 261.9105 259.7069 255.847 251.987 248.127 243.5032 237.2478 230.9923 224.737 218.4815 215.3158 213.0082 210.7008 208.3933 207.1643 209.2346 211.3049 213.3752 215.4455 216.0472 216.0494 216.0516 216.0538 216.2017 217.0416 217.8815 218.7213 219.5612 222.0951 225.5916 229.088 232.5845 235.7955 236.4787 237.1619 237.8451 238.5283 236.758 233.1004 229.4427 225.7851 222.088 217.0718 212.0556 207.0393 202.0231 199.4345 199.345 199.2555 199.166 199.0765 199.0573 199.0413
237.7359 228.131 218.5258 212.0079 209.0593 206.1108 203.1622 200.2137 204.9257 210.236 215.5465 220.8569 226.5108 232.6988 238.8868 245.075 251.263 248.6572 244.5608 240.4644 236.368 232.1228 227.5602 222.9975 218.4348 213.8721 212.0164 210.9126 209.8088 208.705 208.3925 210.5004 212.6084 214.7163 216.8243 218.2268 219.3414 220.4559 221.5705 222.8831 225.1363 227.3894 229.6426 231.8957 235.3152 239.3974 243.4795 247.5617 251.2713 251.6804 252.0895 252.4987 252.9078 250.2468 245.2243 240.2017 235.1792 230.106 223.3434 216.5808 209.8179 203.0553 199.5728 199.4672 199.3616 199.2559 199.1503 199.115 199.0829
234.1959 225.9291 217.6619 211.8765 208.9602 206.0439 203.1276 200.2113 203.9886 208.2887 212.5889 216.889 221.3876 226.1945 231.0015 235.8086 240.6156 237.6074 233.2747 228.9417 224.609 220.7425 217.8726 215.0026 212.1327 209.2627 208.717 208.8169 208.9169 209.0168 209.6207 211.7662 213.9118 216.0574 218.203 220.4063 222.6333 224.8602 227.0872 229.5645 233.231 236.8974 240.5639 244.2303 248.5352 253.2032 257.8711 262.539 266.747 266.8821 267.0172 267.1522 267.2873 263.7356 257.3482 250.9606 244.5732 238.1241 229.615 221.1059 212.5965 204.0875 199.7111 199.5894 199.4676 199.3459 199.2242 199.1727 199.1245
230.6559 223.7271 216.7981 211.7452 208.8611 205.9771 203.093 200.209 203.0515 206.3413 209.6313 212.9211 216.2643 219.6902 223.1161 226.5422 229.9681 226.5576 221.9885 217.4191 212.85 209.3622 208.185 207.0077 205.8305 204.6533 205.4176 206.7213 208.0249 209.3285 210.8489 213.0321 215.2153 217.3985 219.5817 222.5859 225.9253 229.2646 232.6039 236.2459 241.3257 246.4053 251.4852 256.5648 261.7553 267.0091 272.2626 277.5163 282.2228 282.0838 281.9448 281.8058 281.6667 277.2244 269.4721 261.7196 253.9673 246.1421 235.8866 225.6311 215.3752 205.1196 199.8494 199.7115 199.5737 199.4358 199.298 199.2304 199.166
226.1541 220.5331 214.9119 210.6814 208.0585 205.4357 202.8129 200.1901 202.2943 204.7678 207.2413 209.7148 212.1706 214.5986 217.0267 219.4548 221.8828 218.7768 214.7329 210.6888 206.6449 203.9965 204.3298 204.6631 204.9964 205.3297 207.4065 209.9677 212.5287 215.0898 217.7456 220.6907 223.6359 226.581 229.5262 233.1612 237.0779 240.9945 244.9113 249.1349 254.8173 260.4995 266.1819 271.8642 276.9091 281.5919 286.2747 290.9576 295.067 294.0978 293.1287 292.1595 291.1903 285.7476 276.864 267.9801 259.0966 250.1476 239.0218 227.8959 216.7697 205.6438 199.9276 199.7806 199.6337 199.4867 199.3397 199.263 199.1896
220.4025 216.0496 211.6967 208.4053 206.3414 204.2775 202.2135 200.1496 201.7709 203.6802 205.5894 207.4987 209.4154 211.3437 213.272 215.2003 217.1286 215.246 212.7174 210.1888 207.6602 206.4502 208.057 209.6639 211.2707 212.8776 216.27 220.1585 224.0469 227.9353 232.0111 236.6597 241.3084 245.9569 250.6057 254.6505 258.449 262.2474 266.0459 270.0934 275.3244 280.5553 285.7863 291.0172 294.5758 297.1844 299.793 302.4016 304.4896 301.9674 299.4453 296.923 294.4008 287.8151 278.104 268.3925 258.6814 248.9367 238.0795 227.2223 216.3647 205.5075 199.9276 199.7806 199.6337 199.4867 199.3397 199.263 199.1896
