data/zism_data/00018_04_D.txt
ncols         224
nrows         224
[rows 28 to 55 of 224, columns 0 to 62 of 224]
829.8071 839.4395 849.0723 857.157 863.3447 869.532 875.7197 881.907 882.0808 881.5755 881.0703 880.565 880.6107 881.6893 882.7679 883.8466 884.9253 886.2914 887.7308 889.17 890.6094 891.9407 892.9415 893.9423 894.9431 895.9438 896.6174 897.1479 897.6783 898.2088 898.6468 898.539 898.4313 898.3235 898.2157 898.0397 897.8172 897.5947 897.3721 897.1678 897.3642 897.5606 897.757 897.9534 898.2639 898.6917 899.1195 899.5474 899.9752 900.0 900.0 900.0 900.0 900.0 900.0 900.0 900.0 900.0 900.0 900.0 900.0 900.0 899.8366
831.0304 840.4321 849.8342 857.3459 862.5409 867.7357 872.9307 878.1255 878.0057 877.2858 876.566 875.8461 875.8059 877.0402 878.2744 879.5087 880.7429 882.3929 884.1488 885.9047 887.6606 889.3018 890.5923 891.8829 893.1734 894.4639 895.4571 896.3202 897.1833 898.0464 898.7906 898.8331 898.8755 898.918 898.9605 898.8933 898.7513 898.6092 898.4672 898.3323 898.3571 898.3818 898.4065 898.4312 898.6122 898.9542 899.2962 899.6382 899.9802 900.0 900.0 900.0 900.0 900.0 900.0 900.0 900.0 900.0 900.0 900.0 900.0 900.0 899.8942
831.7179 840.7466 849.7757 856.6461 860.871 865.0958 869.3207 873.5455 873.2176 872.3756 871.5337 870.6917 870.6225 872.0023 873.382 874.7618 876.1415 878.0839 880.1696 882.2552 884.3409 886.3147 887.9463 889.5778 891.2094 892.8409 894.1802 895.3915 896.6028 897.8141 898.8752 899.05 899.2249 899.3997 899.5745 899.6061 899.5399 899.4736 899.4073 899.339 899.2239 899.1088 898.9937 898.8786 898.948 899.2072 899.4665 899.7257 899.985 900.0 900.0 900.0 900.0 900.0 900.0 900.0 900.0 900.0 900.0 900.0 900.0 900.0 899.9429
829.244 837.0603 844.8769 850.7036 854.0915 857.4792 860.8672 864.2549 864.223 863.8049 863.3868 862.9687 863.2057 864.6713 866.1369 867.6025 869.0681 871.3528 873.8463 876.3397 878.8332 881.2728 883.5483 885.8237 888.0991 890.3745 892.2156 893.8669 895.5181 897.1694 898.6106 898.8122 899.0139 899.2155 899.4171 899.4883 899.4703 899.4524 899.4344 899.4143 899.3475 899.2807 899.2139 899.1471 899.2092 899.4041 899.599 899.7938 899.9887 900.0 900.0 900.0 900.0 900.0 900.0 900.0 900.0 900.0 900.0 900.0 900.0 900.0 899.9398
826.7701 833.374 839.978 844.7609 847.3118 849.8625 852.4135 854.9642 855.2282 855.2339 855.2397 855.2455 855.7889 857.3403 858.8917 860.4431 861.9945 864.6218 867.523 870.4241 873.3254 876.231 879.1502 882.0694 884.9887 887.9079 890.251 892.3423 894.4335 896.5247 898.3459 898.5743 898.8028 899.0313 899.2598 899.3705 899.4008 899.4312 899.4615 899.4897 899.4711 899.4526 899.4341 899.4156 899.4705 899.601 899.7314 899.8619 899.9924 900.0 900.0 900.0 900.0 900.0 900.0 900.0 900.0 900.0 900.0 900.0 900.0 900.0 899.9367
824.2963 829.6876 835.079 838.8182 840.532 842.2458 843.9598 845.6736 846.2335 846.6631 847.0927 847.5223 848.3719 850.0092 851.6464 853.2837 854.9209 857.8906 861.1996 864.5085 867.8175 871.189 874.7522 878.3152 881.8783 885.4413 888.2865 890.8177 893.3488 895.8799 898.0812 898.3365 898.5918 898.847 899.1024 899.2527 899.3313 899.4099 899.4885 899.565 899.5948 899.6246 899.6544 899.6841 899.7318 899.7979 899.864 899.9301 899.9962 900.0 900.0 900.0 900.0 900.0 900.0 900.0 900.0 900.0 900.0 900.0 900.0 900.0 899.9336
821.8224 826.0012 830.1802 832.8755 833.7523 834.6292 835.506 836.3829 837.2387 838.0922 838.9457 839.7991 840.9551 842.6782 844.4012 846.1243 847.8474 851.1595 854.8763 858.593 862.3097 866.1471 870.3541 874.561 878.7679 882.9748 886.3219 889.293 892.264 895.2352 897.8165 898.0986 898.3807 898.6628 898.9449 899.1348 899.2618 899.3887 899.5156 899.6404 899.7184 899.7964 899.8745 899.9526 899.993 899.9948 899.9965 899.9982 899.9999 900.0 900.0 900.0 900.0 900.0 900.0 900.0 900.0 900.0 900.0 900.0 900.0 900.0 899.9305
818.4293 821.6251 824.821 826.7737 827.2025 827.6312 828.0601 828.4888 829.4452 830.4611 831.477 832.4929 833.7702 835.5377 837.3052 839.0727 840.8401 844.4456 848.5192 852.5926 856.6661 860.9263 865.758 870.5895 875.4213 880.2528 884.1205 887.5667 891.0127 894.4589 897.4479 897.741 898.0339 898.327 898.6199 898.8543 899.0486 899.243 899.4373 899.6289 899.7617 899.8944 900.0271 900.1599 900.2167 900.1955 900.1743 900.153 900.1318 900.1035 900.0748 900.0461 900.0175 900.0 900.0 900.0 900.0 900.0 900.0 900.0 900.0 900.0 899.9385
814.4083 816.7778 819.1475 820.5632 820.8095 821.0559 821.3022 821.5486 822.472 823.4718 824.4716 825.4714 826.7438 828.5275 830.311 832.0946 833.8781 837.7435 842.139 846.5343 850.9298 855.5833 861.0267 866.4699 871.9133 877.3565 881.7574 885.7026 889.6476 893.5927 897.0084 897.3015 897.5944 897.8875 898.1805 898.4626 898.7374 899.0123 899.287 899.5582 899.75 899.9417 900.1335 900.3253 900.4147 900.3988 900.3829 900.3671 900.3513 900.2778 900.2008 900.1238 900.0469 900.0 900.0 900.0 900.0 900.0 900.0 900.0 900.0 900.0 899.954
810.3873 811.9306 813.474 814.3527 814.4166 814.4805 814.5444 814.6084 815.4988 816.4825 817.4662 818.45 819.7175 821.5172 823.3168 825.1165 826.9161 831.0414 835.7588 840.4761 845.1935 850.2402 856.2953 862.3502 868.4053 874.4601 879.3943 883.8385 888.2824 892.7265 896.5689 896.8619 897.155 897.4479 897.741 898.071 898.4263 898.7816 899.1368 899.4875 899.7383 899.9891 900.2399 900.4906 900.6127 900.6022 900.5917 900.5812 900.5707 900.452 900.3268 900.2015 900.0762 900.0 900.0 900.0 900.0 900.0 900.0 900.0 900.0 900.0 899.9695
806.3663 807.0834 807.8005 808.1422 808.0237 807.9052 807.7867 807.6682 808.5256 809.4932 810.4608 811.4285 812.6911 814.5069 816.3226 818.1384 819.9542 824.3393 829.3786 834.4178 839.4572 844.8973 851.564 858.2305 864.8973 871.5638 877.0313 881.9744 886.9173 891.8604 896.1294 896.4224 896.7155 897.0085 897.3015 897.6793 898.1151 898.5508 898.9866 899.4169 899.7267 900.0364 900.3463 900.656 900.8106 900.8055 900.8004 900.7952 900.7901 900.6263 900.4528 900.2792 900.1057 900.0 900.0 900.0 900.0 900.0 900.0 900.0 900.0 900.0 899.9851
802.4961 802.4236 802.351 802.1807 801.8905 801.6003 801.3101 801.0199 801.8379 802.7811 803.7242 804.6673 805.9142 807.7307 809.5471 811.3636 813.1801 817.7906 823.1127 828.4346 833.7567 839.5559 846.8152 854.0742 861.3335 868.5925 874.5842 880.0217 885.4589 890.8963 895.5901 895.8978 896.2056 896.5132 896.821 897.2562 897.7785 898.3008 898.8232 899.3389 899.7115 900.084 900.4565 900.8291 901.0175 901.0163 901.0151 901.014 901.0128 900.8198 900.615 900.4102 900.2054 900.0834 900.0905 900.0974 900.1044 900.1115 900.1035 900.0928 900.082 900.0714 900.0608
801.9423 801.8859 801.8294 801.6969 801.4711 801.2452 801.0194 800.7936 801.4301 802.1641 802.8979 803.6318 804.6247 806.1031 807.5816 809.0601 810.5385 814.6187 819.3613 824.1037 828.8463 834.2511 841.6821 849.1128 856.5438 863.9745 870.2909 876.12 881.9489 887.7779 892.8557 893.5014 894.1471 894.7928 895.4386 896.1417 896.884 897.6263 898.3686 899.1011 899.6185 900.1359 900.6533 901.1707 901.4193 901.3914 901.3633 901.3353 901.3074 901.4363 901.5748 901.7134 901.852 902.0021 902.17 902.338 902.506 902.6739 902.4842 902.2267 901.9691 901.7115 901.4589
801.3885 801.3481 801.3078 801.2131 801.0516 800.8902 800.7288 800.5673 801.0223 801.547 802.0717 802.5963 803.3351 804.4756 805.616 806.7565 807.8969 811.4466 815.6097 819.7727 823.9358 828.9462 836.5488 844.1512 851.754 859.3564 865.9975 872.2182 878.4388 884.6595 890.1211 891.1049 892.0886 893.0724 894.0562 895.0272 895.9894 896.9517 897.914 898.8632 899.5255 900.1877 900.85 901.5123 901.8212 901.7664 901.7115 901.6567 901.6019 902.0528 902.5347 903.0167 903.4987 903.9208 904.2497 904.5786 904.9075 905.2365 904.8649 904.3605 903.8562 903.3518 902.857
800.8347 800.8105 800.7862 800.7292 800.6322 800.5352 800.4381 800.3411 800.6146 800.93 801.2454 801.5608 802.0456 802.848 803.6505 804.4529 805.2553 808.2745 811.8582 815.4417 819.0253 823.6413 831.4156 839.1898 846.9641 854.7382 861.704 868.3165 874.9286 881.5411 887.3866 888.7084 890.0302 891.352 892.6738 893.9126 895.0949 896.2772 897.4594 898.6254 899.4325 900.2396 901.0468 901.8539 902.2231 902.1414 902.0598 901.9781 901.8965 902.6693 903.4946 904.32 905.1454 905.8395 906.3293 906.8192 907.3091 907.799 907.2456 906.4944 905.7433 904.9921 904.2551
800.2809 800.2728 800.2646 800.2454 800.2128 800.1801 800.1475 800.1148 800.2068 800.313 800.4191 800.5253 800.756 801.2205 801.6849 802.1493 802.6137 805.1024 808.1066 811.1107 814.1148 818.3364 826.2824 834.2282 842.1743 850.1201 857.4106 864.4147 871.4186 878.4227 884.652 886.3119 887.9717 889.6315 891.2913 892.7981 894.2004 895.6026 897.0049 898.3875 899.3395 900.2915 901.2435 902.1955 902.6249 902.5164 902.408 902.2995 902.191 903.2858 904.4545 905.6233 906.7921 907.7582 908.409 909.0598 909.7106 910.3615 909.6263 908.6284 907.6303 906.6324 905.6532
802.5862 802.5439 802.5016 802.3192 801.9649 801.6107 801.2564 800.9022 800.7023 800.5199 800.3375 800.155 800.127 800.3882 800.6494 800.9107 801.1719 803.303 805.91 808.5171 811.1241 815.1149 823.3384 831.5616 839.7852 848.0084 855.459 862.5719 869.6845 876.7974 883.137 884.9155 886.6938 888.4723 890.2507 891.9346 893.5543 895.1738 896.7935 898.4011 899.7465 901.0918 902.4372 903.7825 904.5742 904.7957 905.0173 905.239 905.4606 907.005 908.6308 910.2567 911.8825 912.9984 913.3211 913.6438 913.9666 914.2892 912.9832 911.3683 909.7533 908.1384 906.6566
807.8348 807.7067 807.5785 807.0258 805.9526 804.8794 803.8062 802.733 802.1276 801.575 801.0223 800.4697 800.1778 800.3747 800.5715 800.7684 800.9653 802.9164 805.3143 807.712 810.1099 814.0381 822.6479 831.2574 839.8672 848.4768 855.9182 862.8486 869.7788 876.7092 882.8773 884.5485 886.2195 887.8906 889.5617 891.3297 893.1639 894.9981 896.8323 898.6735 900.668 902.6625 904.6571 906.6516 908.1162 909.0353 909.9544 910.8735 911.7926 913.9183 916.1182 918.3181 920.518 921.658 921.1491 920.6402 920.1313 919.6224 917.3449 914.7321 912.1191 909.5063 907.2536
813.0833 812.8693 812.6554 811.7324 809.9402 808.1481 806.3559 804.5638 803.5529 802.63 801.7072 800.7844 800.2286 800.3611 800.4937 800.6261 800.7586 802.53 804.7185 806.907 809.0956 812.9612 821.9574 830.9532 839.9494 848.9453 856.3772 863.1252 869.873 876.6211 882.6176 884.1814 885.7452 887.309 888.8728 890.7247 892.7736 894.8224 896.8712 898.9459 901.5896 904.2333 906.877 909.5207 911.6583 913.2749 914.8914 916.5081 918.1246 920.8315 923.6055 926.3796 929.1536 930.3175 928.9771 927.6366 926.2961 924.9556 921.7067 918.0959 914.485 910.8743 907.8506
818.3318 818.032 817.7322 816.439 813.9279 811.4168 808.9057 806.3947 804.9781 803.6851 802.3921 801.0991 800.2795 800.3476 800.4157 800.4838 800.5519 802.1434 804.1227 806.102 808.0814 811.8845 821.2669 830.649 840.0315 849.4136 856.8363 863.4019 869.9673 876.5329 882.3579 883.8144 885.2709 886.7274 888.1838 890.1198 892.3832 894.6467 896.9101 899.2183 902.5112 905.804 909.097 912.3898 915.2004 917.5145 919.8285 922.1426 924.4567 927.7448 931.0929 934.441 937.7891 938.9771 936.805 934.6329 932.4608 930.2888 926.0684 921.4597 916.8508 912.2422 908.4476
823.5804 823.1948 822.8091 821.1456 817.9155 814.6855 811.4554 808.2255 806.4034 804.7401 803.077 801.4138 800.3304 800.3341 800.3378 800.3416 800.3453 801.7569 803.527 805.297 807.0671 810.8077 820.5764 830.3448 840.1136 849.8821 857.2954 863.6786 870.0616 876.4448 882.0982 883.4474 884.7966 886.1458 887.4949 889.5148 891.9929 894.4709 896.949 899.4907 903.4328 907.3748 911.3169 915.2589 918.7425 921.754 924.7656 927.7772 930.7886 934.6581 938.5802 942.5025 946.4246 947.6366 944.633 941.6293 938.6256 935.6219 930.4301 924.8235 919.2167 913.61 909.0446
836.5859 836.0942 835.6025 833.3282 828.8687 824.4092 819.9497 815.4903 812.5024 809.6804 806.8586 804.0367 802.344 802.7686 803.1931 803.6177 804.0422 806.3756 809.1949 812.0142 814.8336 819.2858 828.7333 838.1804 847.6279 857.075 863.8137 869.3675 874.9211 880.4749 885.3583 886.2867 887.2152 888.1437 889.0722 890.9018 893.3468 895.7917 898.2368 900.801 905.9888 911.1763 916.3641 921.5516 926.1602 930.1725 934.1848 938.1971 942.2094 945.3826 948.504 951.6255 954.747 955.0889 951.1071 947.1252 943.1433 939.1615 933.0939 926.6308 920.1675 913.7045 908.5565
850.069 849.47 848.8709 845.9711 840.2506 834.5304 828.8099 823.0897 818.889 814.8599 810.8308 806.8016 804.4785 805.3537 806.2289 807.1041 807.9794 811.3023 815.2485 819.1945 823.1406 828.3521 837.4347 846.517 855.5995 864.6819 870.7048 875.3895 880.0739 884.7585 888.835 889.3234 889.812 890.3005 890.789 892.4113 894.808 897.2048 899.6015 902.1752 908.6453 915.1152 921.5853 928.0551 933.8165 938.8482 943.8799 948.9117 953.9434 956.3418 958.5779 960.8141 963.0503 962.467 957.498 952.529 947.5598 942.5908 935.6531 928.3423 921.0313 913.7205 908.0016
863.552 862.8457 862.1394 858.614 851.6326 844.6515 837.6701 830.689 825.2758 820.0393 814.8031 809.5667 806.6129 807.9388 809.2647 810.5906 811.9166 816.229 821.3019 826.3747 831.4476 837.4183 846.136 854.8535 863.5712 872.2887 877.596 881.4114 885.2267 889.0422 892.3116 892.3602 892.4087 892.4572 892.5057 893.9208 896.2693 898.6177 900.9662 903.5495 911.3019 919.054 926.8065 934.5586 941.4728 947.5239 953.575 959.6263 965.6775 967.301 968.6519 970.0027 971.3536 969.8451 963.8889 957.9327 951.9763 946.0201 938.2124 930.0539 921.8951 913.7365 907.4468
877.035 876.2214 875.4078 871.2568 863.0146 854.7726 846.5303 838.2883 831.6624 825.2188 818.7753 812.3317 808.7473 810.5239 812.3005 814.0771 815.8537 821.1558 827.3555 833.5549 839.7546 846.4846 854.8375 863.1901 871.5429 879.8956 884.4872 887.4334 890.3796 893.3258 895.7883 895.3969 895.0054 894.614 894.2225 895.4304 897.7306 900.0307 902.3309 904.9238 913.9585 922.9929 932.0276 941.0621 949.129 956.1996 963.2702 970.341 977.4116 978.2601 978.7257 979.1913 979.6569 977.2232 970.2798 963.3364 956.3928 949.4493 940.7717 931.7654 922.7589 913.7526 906.8918
883.1804 881.9299 880.6793 876.0137 867.1613 858.3093 849.457 840.605 833.9493 827.5413 821.1335 814.7256 811.471 814.1287 816.7863 819.444 822.1017 828.0907 834.9279 841.765 848.6022 855.6074 863.1273 870.6469 878.1667 885.6863 889.5176 891.7353 893.9529 896.1707 897.9793 897.3746 896.77 896.1653 895.5607 896.5934 898.7446 900.8956 903.0468 905.5139 914.9365 924.3589 933.7816 943.2039 951.7217 959.3078 966.8939 974.4803 982.0665 982.3997 982.2865 982.1733 982.0602 979.0727 971.6144 964.1563 956.6978 949.2395 940.3725 931.2386 922.1044 912.9706 906.0662
877.9114 875.7113 873.511 868.5032 860.0533 851.6036 843.1537 834.7041 829.8586 825.4198 820.9811 816.5424 815.1113 819.3196 823.5277 827.736 831.9442 838.1495 844.8633 851.577 858.2908 864.8184 870.7769 876.7351 882.6935 888.6519 891.6534 893.3614 895.0694 896.7774 898.1704 897.7053 897.2401 896.775 896.3098 897.2175 899.0627 900.908 902.7532 904.8842 913.3035 921.7226 930.1419 938.5609 946.4376 953.7554 961.0733 968.3914 975.7092 975.9308 975.7158 975.5007 975.2855 972.3221 965.0839 957.8456 950.6071 943.3689 935.3713 927.23 919.0884 910.9472 904.8192
872.6425 869.4927 866.3428 860.9927 852.9452 844.8979 836.8505 828.8032 825.7679 823.2982 820.8287 818.3591 818.7515 824.5104 830.2692 836.0281 841.7867 848.2083 854.7988 861.389 867.9794 874.0293 878.4264 882.8234 887.2205 891.6174 893.7892 894.9875 896.1858 897.3841 898.3615 898.0359 897.7102 897.3846 897.0589 897.8415 899.3809 900.9203 902.4598 904.2546 911.6706 919.0863 926.5023 933.918 941.1535 948.2031 955.2526 962.3024 969.352 969.462 969.145 968.8279 968.5109 965.5715 958.5532 951.535 944.5165 937.4982 930.3701 923.2214 916.0724 908.9238 903.5723
