data/zism_data/00010_03_D.txt
ncols         224
nrows         224
[rows 140 to 167 of 224, columns 126 to 188 of 224]
4885.811 4902.714 4920.95 4939.185 4957.42 4975.655 4993.762 5011.787 5029.811 5047.835 5065.767 5082.622 5099.477 5116.331 5133.186 5146.224 5156.149 5166.074 5175.999 5185.712 5185.882 5186.052 5186.223 5186.393 5178.122 5161.16 5144.199 5127.237 5110.276 5091.176 5071.996 5052.816 5033.636 5018.983 5010.216 5001.449 4992.682 4983.915 4978.393 4973.208 4968.023 4962.838 4957.245 4950.976 4944.707 4938.438 4932.169 4926.189 4920.261 4914.333 4908.405 4903.83 4902.144 4900.459 4898.774 4897.088 4896.153 4895.417 4894.681 4893.945 4893.162 4892.244 4891.326
4886.342 4902.91 4920.967 4939.024 4957.082 4975.139 4992.93 5010.55 5028.17 5045.791 5063.35 5080.205 5097.059 5113.914 5130.768 5144.077 5154.493 5164.908 5175.324 5185.539 5186.739 5187.939 5189.139 5190.338 5183.314 5167.825 5152.335 5136.846 5121.356 5102.596 5083.712 5064.828 5045.945 5030.869 5020.743 5010.618 5000.492 4990.366 4984.301 4978.658 4973.015 4967.373 4961.319 4954.586 4947.854 4941.121 4934.388 4928.054 4921.792 4915.53 4909.267 4904.425 4902.616 4900.806 4898.997 4897.188 4896.227 4895.49 4894.754 4894.018 4893.232 4892.304 4891.375
4886.873 4903.105 4920.984 4938.864 4956.743 4974.623 4992.098 5009.314 5026.53 5043.746 5060.933 5077.787 5094.642 5111.497 5128.351 5141.93 5152.836 5163.742 5174.648 5185.366 5187.596 5189.825 5192.054 5194.284 5188.507 5174.489 5160.472 5146.454 5132.436 5114.015 5095.427 5076.84 5058.253 5042.754 5031.271 5019.786 5008.302 4996.818 4990.209 4984.108 4978.007 4971.906 4965.393 4958.196 4951.0 4943.803 4936.607 4929.919 4923.323 4916.726 4910.13 4905.02 4903.087 4901.154 4899.221 4897.287 4896.3 4895.563 4894.828 4894.092 4893.303 4892.363 4891.424
4887.404 4903.3 4921.002 4938.703 4956.404 4974.106 4991.266 5008.078 5024.889 5041.7 5058.516 5075.37 5092.225 5109.08 5125.934 5139.783 5151.18 5162.577 5173.973 5185.193 5188.452 5191.711 5194.97 5198.229 5193.701 5181.154 5168.608 5156.063 5143.516 5125.434 5107.143 5088.853 5070.562 5054.64 5041.797 5028.955 5016.112 5003.27 4996.118 4989.559 4983.0 4976.44 4969.466 4961.806 4954.146 4946.486 4938.826 4931.785 4924.854 4917.923 4910.992 4905.615 4903.558 4901.501 4899.444 4897.387 4896.373 4895.637 4894.901 4894.165 4893.373 4892.423 4891.473
4888.352 4903.741 4921.045 4938.35 4955.654 4972.958 4989.578 5005.757 5021.937 5038.117 5054.34 5071.069 5087.798 5104.526 5121.255 5135.243 5146.994 5158.745 5170.497 5182.084 5186.306 5190.527 5194.749 5198.971 5195.849 5185.166 5174.484 5163.802 5153.12 5135.804 5118.238 5100.672 5083.107 5067.185 5053.397 5039.611 5025.824 5012.038 5004.214 4997.012 4989.81 4982.607 4975.083 4967.026 4958.97 4950.913 4942.856 4935.394 4928.038 4920.681 4913.325 4907.531 4905.076 4902.62 4900.165 4897.709 4896.608 4895.869 4895.128 4894.388 4893.599 4892.668 4891.738
4889.987 4904.589 4921.133 4937.677 4954.221 4970.765 4986.474 5001.646 5016.817 5031.988 5047.257 5063.652 5080.046 5096.441 5112.835 5126.744 5138.625 5150.505 5162.386 5174.119 5179.192 5184.266 5189.339 5194.412 5192.96 5184.79 5176.62 5168.45 5160.28 5144.437 5128.306 5112.174 5096.042 5080.818 5066.772 5052.727 5038.681 5024.636 5015.929 5007.778 4999.626 4991.476 4983.252 4974.91 4966.567 4958.225 4949.883 4941.888 4933.955 4926.021 4918.088 4911.63 4908.323 4905.015 4901.708 4898.401 4897.113 4896.362 4895.611 4894.86 4894.081 4893.221 4892.36
4891.623 4905.436 4921.22 4937.004 4952.788 4968.572 4983.37 4997.533 5011.697 5025.86 5040.175 5056.235 5072.295 5088.355 5104.416 5118.246 5130.255 5142.266 5154.275 5166.153 5172.079 5178.003 5183.929 5189.854 5190.072 5184.414 5178.756 5173.099 5167.44 5153.071 5138.373 5123.676 5108.979 5094.452 5080.147 5065.843 5051.539 5037.234 5027.644 5018.544 5009.443 5000.344 4991.421 4982.793 4974.166 4965.537 4956.909 4948.381 4939.871 4931.361 4922.851 4915.729 4911.57 4907.411 4903.251 4899.092 4897.617 4896.855 4896.094 4895.332 4894.563 4893.773 4892.982
4893.258 4906.284 4921.308 4936.332 4951.355 4966.379 4980.266 4993.421 5006.576 5019.731 5033.092 5048.818 5064.544 5080.27 5095.996 5109.747 5121.886 5134.026 5146.165 5158.188 5164.965 5171.742 5178.519 5185.295 5187.183 5184.038 5180.892 5177.747 5174.601 5161.705 5148.441 5135.177 5121.914 5108.085 5093.522 5078.959 5064.396 5049.833 5039.358 5029.31 5019.261 5009.211 4999.59 4990.677 4981.763 4972.849 4963.936 4954.875 4945.788 4936.702 4927.615 4919.828 4914.817 4909.806 4904.795 4899.784 4898.121 4897.349 4896.576 4895.804 4895.045 4894.325 4893.605
4894.894 4907.131 4921.395 4935.659 4949.922 4964.186 4977.162 4989.309 5001.456 5013.603 5026.009 5041.401 5056.793 5072.185 5087.576 5101.248 5113.517 5125.786 5138.055 5150.223 5157.852 5165.48 5173.108 5180.737 5184.295 5183.662 5183.028 5182.395 5181.762 5170.338 5158.508 5146.679 5134.85 5121.719 5106.897 5092.075 5077.253 5062.431 5051.073 5040.075 5029.078 5018.08 5007.76 4998.56 4989.361 4980.161 4970.962 4961.369 4951.705 4942.042 4932.378 4923.926 4918.064 4912.201 4906.338 4900.476 4898.625 4897.842 4897.059 4896.276 4895.527 4894.877 4894.228
4895.023 4906.782 4920.384 4933.985 4947.586 4961.188 4973.527 4985.053 4996.58 5008.106 5019.858 5034.203 5048.547 5062.892 5077.237 5090.429 5102.68 5114.932 5127.183 5139.344 5147.469 5155.593 5163.717 5171.841 5176.24 5176.806 5177.371 5177.936 5178.501 5168.125 5157.338 5146.551 5135.764 5123.692 5109.952 5096.212 5082.472 5068.732 5057.439 5046.401 5035.363 5024.325 5013.773 5004.025 4994.277 4984.529 4974.781 4965.031 4955.28 4945.53 4935.779 4927.154 4920.934 4914.714 4908.494 4902.274 4900.28 4899.411 4898.541 4897.671 4896.877 4896.297 4895.717
4894.836 4906.181 4919.141 4932.101 4945.061 4958.021 4969.78 4980.768 4991.755 5002.742 5013.902 5027.05 5040.198 5053.346 5066.494 5079.122 5091.324 5103.527 5115.729 5127.853 5136.397 5144.942 5153.487 5162.032 5167.099 5168.586 5170.073 5171.56 5173.047 5163.63 5153.802 5143.975 5134.147 5123.211 5110.835 5098.458 5086.083 5073.707 5062.679 5051.792 5040.905 5030.018 5019.333 5008.98 4998.629 4988.277 4977.925 4968.097 4958.362 4948.628 4938.894 4930.199 4923.726 4917.252 4910.779 4904.305 4902.177 4901.205 4900.233 4899.261 4898.409 4897.899 4897.39
4894.649 4905.58 4917.898 4930.217 4942.535 4954.854 4966.033 4976.482 4986.93 4997.378 5007.947 5019.898 5031.849 5043.8 5055.751 5067.814 5079.968 5092.123 5104.277 5116.361 5125.327 5134.292 5143.257 5152.223 5157.957 5160.366 5162.775 5165.185 5167.593 5159.134 5150.266 5141.398 5132.53 5122.73 5111.718 5100.706 5089.693 5078.681 5067.919 5057.183 5046.446 5035.71 5024.892 5013.936 5002.98 4992.025 4981.069 4971.163 4961.444 4951.726 4942.008 4933.244 4926.517 4919.79 4913.063 4906.336 4904.074 4903.0 4901.925 4900.851 4899.941 4899.501 4899.062
4894.462 4904.979 4916.656 4928.333 4940.009 4951.686 4962.287 4972.196 4982.105 4992.015 5001.991 5012.746 5023.5 5034.254 5045.008 5056.506 5068.612 5080.718 5092.823 5104.87 5114.256 5123.642 5133.027 5142.413 5148.815 5152.146 5155.478 5158.808 5162.139 5154.638 5146.73 5138.822 5130.914 5122.249 5112.601 5102.952 5093.304 5083.656 5073.159 5062.574 5051.988 5041.403 5030.451 5018.892 5007.332 4995.772 4984.213 4974.229 4964.526 4954.824 4945.122 4936.288 4929.308 4922.328 4915.348 4908.368 4905.971 4904.794 4903.617 4902.44 4901.474 4901.104 4900.734
4893.99 4904.088 4915.072 4926.055 4937.038 4948.021 4958.009 4967.357 4976.705 4986.053 4995.427 5005.103 5014.779 5024.455 5034.131 5044.969 5056.754 5068.54 5080.325 5092.067 5101.866 5111.665 5121.464 5131.263 5138.28 5142.434 5146.587 5150.74 5154.894 5148.277 5141.256 5134.235 5127.213 5119.58 5111.15 5102.72 5094.291 5085.861 5075.72 5065.402 5055.083 5044.765 5033.876 5022.043 5010.211 4998.379 4986.547 4976.696 4967.2 4957.704 4948.208 4939.544 4932.658 4925.772 4918.886 4912.0 4909.603 4908.401 4907.198 4905.996 4905.025 4904.707 4904.39
4892.768 4902.436 4912.589 4922.742 4932.895 4943.048 4952.333 4961.062 4969.79 4978.517 4987.26 4996.17 5005.081 5013.992 5022.902 5032.826 5043.576 5054.327 5065.077 5075.815 5086.008 5096.2 5106.393 5116.585 5124.078 5128.792 5133.506 5138.22 5142.935 5137.009 5130.683 5124.357 5118.031 5111.153 5103.559 5095.965 5088.371 5080.777 5071.232 5061.485 5051.738 5041.991 5031.684 5020.45 5009.217 4997.983 4986.749 4977.587 4968.798 4960.008 4951.218 4943.357 4937.479 4931.601 4925.723 4919.845 4917.801 4916.776 4915.752 4914.728 4913.889 4913.577 4913.265
4891.545 4900.784 4910.106 4919.429 4928.751 4938.074 4946.658 4954.766 4962.874 4970.982 4979.093 4987.238 4995.383 5003.528 5011.673 5020.683 5030.398 5040.114 5049.829 5059.563 5070.149 5080.735 5091.321 5101.907 5109.875 5115.15 5120.425 5125.7 5130.975 5125.74 5120.109 5114.479 5108.848 5102.727 5095.969 5089.21 5082.451 5075.693 5066.745 5057.569 5048.394 5039.218 5029.493 5018.857 5008.222 4997.586 4986.951 4978.479 4970.396 4962.313 4954.229 4947.17 4942.3 4937.43 4932.56 4927.69 4925.999 4925.152 4924.306 4923.459 4922.753 4922.447 4922.14
4890.323 4899.131 4907.624 4916.116 4924.608 4933.101 4940.982 4948.47 4955.958 4963.446 4970.926 4978.305 4985.685 4993.064 5000.444 5008.54 5017.22 5025.9 5034.581 5043.311 5054.291 5065.27 5076.249 5087.229 5095.673 5101.509 5107.344 5113.18 5119.015 5114.471 5109.536 5104.601 5099.666 5094.301 5088.378 5082.455 5076.532 5070.608 5062.257 5053.653 5045.049 5036.445 5027.301 5017.264 5007.227 4997.19 4987.153 4979.371 4971.994 4964.617 4957.239 4950.983 4947.121 4943.259 4939.397 4935.536 4934.196 4933.528 4932.859 4932.19 4931.618 4931.317 4931.016
4889.101 4897.479 4905.141 4912.803 4920.465 4928.127 4935.307 4942.175 4949.043 4955.911 4962.759 4969.373 4975.987 4982.601 4989.215 4996.397 5004.042 5011.688 5019.333 5027.059 5038.432 5049.805 5061.177 5072.55 5081.471 5087.867 5094.263 5100.66 5107.056 5103.202 5098.962 5094.723 5090.483 5085.875 5080.787 5075.7 5070.612 5065.524 5057.77 5049.737 5041.704 5033.671 5025.109 5015.67 5006.232 4996.793 4987.355 4980.263 4973.592 4966.921 4960.25 4954.796 4951.942 4949.088 4946.235 4943.381 4942.394 4941.903 4941.413 4940.922 4940.482 4940.187 4939.891
4886.438 4894.273 4901.39 4908.507 4915.625 4922.742 4929.559 4936.182 4942.805 4949.428 4956.036 4962.466 4968.897 4975.328 4981.758 4988.72 4996.116 5003.511 5010.906 5018.383 5029.548 5040.713 5051.878 5063.043 5071.744 5077.907 5084.071 5090.235 5096.399 5092.589 5088.404 5084.22 5080.035 5075.697 5071.16 5066.623 5062.085 5057.548 5050.872 5043.973 5037.075 5030.176 5022.742 5014.421 5006.101 4997.78 4989.459 4983.56 4978.095 4972.63 4967.166 4962.802 4960.793 4958.783 4956.773 4954.764 4953.894 4953.328 4952.761 4952.194 4951.622 4951.035 4950.448
4883.228 4890.477 4897.158 4903.838 4910.519 4917.2 4923.783 4930.304 4936.824 4943.345 4949.862 4956.33 4962.798 4969.267 4975.735 4982.741 4990.185 4997.628 5005.072 5012.587 5023.315 5034.044 5044.772 5055.5 5063.716 5069.347 5074.977 5080.607 5086.237 5082.226 5077.853 5073.479 5069.105 5064.853 5060.758 5056.663 5052.568 5048.473 5043.059 5037.508 5031.957 5026.406 5020.308 5013.302 5006.297 4999.292 4992.287 4987.771 4983.703 4979.634 4975.565 4972.403 4971.175 4969.947 4968.719 4967.491 4966.649 4965.91 4965.171 4964.432 4963.627 4962.635 4961.644
4880.018 4886.682 4892.926 4899.169 4905.413 4911.657 4918.007 4924.426 4930.844 4937.262 4943.688 4950.194 4956.7 4963.206 4969.712 4976.761 4984.253 4991.746 4999.238 5006.791 5017.083 5027.375 5037.666 5047.958 5055.689 5060.786 5065.882 5070.979 5076.075 5071.863 5067.301 5062.739 5058.176 5054.01 5050.356 5046.704 5043.05 5039.397 5035.246 5031.043 5026.84 5022.637 5017.874 5012.184 5006.494 5000.804 4995.114 4991.983 4989.311 4986.638 4983.965 4982.002 4981.557 4981.11 4980.664 4980.218 4979.404 4978.493 4977.581 4976.669 4975.631 4974.235 4972.839
4876.808 4882.886 4888.693 4894.5 4900.308 4906.115 4912.231 4918.548 4924.864 4931.18 4937.514 4944.058 4950.601 4957.145 4963.689 4970.782 4978.322 4985.863 4993.404 5000.995 5010.85 5020.705 5030.56 5040.415 5047.662 5052.225 5056.788 5061.351 5065.913 5061.5 5056.749 5051.998 5047.247 5043.166 5039.955 5036.744 5033.533 5030.322 5027.433 5024.578 5021.722 5018.867 5015.439 5011.065 5006.69 5002.316 4997.942 4996.194 4994.918 4993.642 4992.365 4991.603 4991.938 4992.274 4992.609 4992.945 4992.159 4991.075 4989.991 4988.907 4987.636 4985.835 4984.036
4873.398 4878.97 4884.391 4889.812 4895.233 4900.654 4906.551 4912.753 4918.956 4925.158 4931.393 4938.008 4944.624 4951.239 4957.854 4965.032 4972.669 4980.306 4987.943 4995.62 5005.058 5014.496 5023.934 5033.372 5040.132 5044.136 5048.14 5052.143 5056.147 5051.581 5046.691 5041.802 5036.914 5032.94 5030.156 5027.372 5024.588 5021.804 5020.06 5018.424 5016.788 5015.151 5013.015 5010.05 5007.084 5004.119 5001.154 5000.895 5001.121 5001.346 5001.572 5002.077 5003.177 5004.278 5005.378 5006.479 5005.63 5004.262 5002.895 5001.528 4999.89 4997.483 4995.077
4869.042 4874.481 4879.757 4885.033 4890.308 4895.584 4901.322 4907.357 4913.392 4919.427 4925.527 4932.374 4939.221 4946.068 4952.916 4960.375 4968.336 4976.297 4984.257 4992.243 5001.357 5010.472 5019.586 5028.701 5034.963 5038.287 5041.611 5044.936 5048.26 5043.768 5038.981 5034.195 5029.408 5025.647 5023.219 5020.791 5018.363 5015.935 5014.776 5013.749 5012.722 5011.695 5010.637 5009.526 5008.416 5007.306 5006.195 5007.918 5010.149 5012.381 5014.612 5016.701 5018.486 5020.271 5022.057 5023.842 5022.498 5020.322 5018.146 5015.97 5013.326 5009.356 5005.387
4864.685 4869.993 4875.123 4880.253 4885.383 4890.513 4896.092 4901.96 4907.829 4913.696 4919.661 4926.74 4933.819 4940.898 4947.977 4955.719 4964.003 4972.288 4980.571 4988.866 4997.658 5006.449 5015.24 5024.031 5029.793 5032.438 5035.083 5037.729 5040.374 5035.955 5031.271 5026.587 5021.903 5018.354 5016.282 5014.21 5012.138 5010.065 5009.492 5009.074 5008.657 5008.239 5008.259 5009.003 5009.748 5010.492 5011.236 5014.941 5019.178 5023.415 5027.652 5031.326 5033.795 5036.265 5038.735 5041.205 5039.366 5036.381 5033.397 5030.412 5026.763 5021.229 5015.697
4860.328 4865.504 4870.489 4875.474 4880.458 4885.442 4890.863 4896.564 4902.265 4907.966 4913.795 4921.105 4928.417 4935.727 4943.038 4951.063 4959.67 4968.278 4976.885 4985.49 4993.958 5002.425 5010.893 5019.36 5024.624 5026.59 5028.556 5030.521 5032.487 5028.143 5023.561 5018.979 5014.398 5011.062 5009.346 5007.629 5005.913 5004.196 5004.208 5004.399 5004.591 5004.783 5005.881 5008.48 5011.079 5013.678 5016.277 5021.965 5028.207 5034.45 5040.692 5045.95 5049.104 5052.259 5055.413 5058.568 5056.234 5052.441 5048.648 5044.854 5040.199 5033.103 5026.006
4855.971 4861.016 4865.855 4870.694 4875.533 4880.372 4885.633 4891.167 4896.701 4902.235 4907.929 4915.471 4923.014 4930.557 4938.099 4946.406 4955.337 4964.269 4973.199 4982.113 4990.257 4998.401 5006.545 5014.689 5019.455 5020.741 5022.027 5023.314 5024.601 5020.33 5015.851 5011.372 5006.893 5003.77 5002.409 5001.048 4999.688 4998.327 4998.924 4999.725 5000.526 5001.327 5003.504 5007.958 5012.411 5016.864 5021.317 5028.988 5037.236 5045.484 5053.732 5060.574 5064.413 5068.252 5072.092 5075.931 5073.103 5068.5 5063.898 5059.296 5053.636 5044.976 5036.316
4852.611 4857.879 4862.774 4867.669 4872.564 4877.459 4882.678 4888.105 4893.532 4898.959 4904.562 4912.185 4919.808 4927.431 4935.054 4943.454 4952.487 4961.52 4970.552 4979.559 4987.41 4995.261 5003.112 5010.963 5015.443 5016.453 5017.463 5018.474 5019.484 5015.458 5011.243 5007.027 5002.812 4999.868 4998.578 4997.287 4995.997 4994.706 4995.454 4996.414 4997.374 4998.333 5001.033 5006.608 5012.184 5017.76 5023.335 5032.087 5041.411 5050.733 5060.056 5067.72 5071.841 5075.961 5080.082 5084.203 5081.223 5076.353 5071.483 5066.613 5060.545 5051.081 5041.617
