data/zism_data/00024_04_D.txt
ncols         224
nrows         224
[rows 0 to 27 of 224, columns 63 to 125 of 224]
1278.079 1274.812 1271.633 1268.455 1265.276 1261.834 1255.838 1249.841 1243.845 1237.849 1238.785 1246.465 1254.145 1261.825 1269.505 1275.838 1282.054 1288.27 1294.486 1298.729 1299.027 1299.326 1299.625 1299.924 1299.963 1299.913 1299.863 1299.813 1299.774 1299.791 1299.807 1299.824 1299.84 1299.867 1299.9 1299.933 1299.966 1300.0 1294.201 1288.325 1282.449 1276.573 1269.21 1259.62 1250.029 1240.439 1230.848 1225.872 1221.954 1218.035 1214.117 1210.779 1209.419 1208.058 1206.698 1205.338 1204.313 1203.476 1202.639 1201.802 1200.998 1200.778 1200.558
1283.198 1280.808 1278.547 1276.287 1274.026 1271.503 1266.441 1261.378 1256.316 1251.253 1251.832 1257.898 1263.963 1270.029 1276.094 1281.08 1285.972 1290.864 1295.756 1299.088 1299.302 1299.517 1299.731 1299.946 1299.927 1299.83 1299.733 1299.635 1299.559 1299.591 1299.624 1299.656 1299.689 1299.74 1299.804 1299.869 1299.934 1299.999 1294.826 1289.583 1284.34 1279.097 1272.401 1263.528 1254.655 1245.782 1236.909 1231.715 1227.364 1223.013 1218.662 1214.9 1213.144 1211.388 1209.632 1207.876 1206.479 1205.283 1204.087 1202.892 1201.739 1201.356 1200.972
1288.317 1286.804 1285.462 1284.119 1282.777 1281.173 1277.044 1272.916 1268.787 1264.658 1264.879 1269.33 1273.781 1278.233 1282.684 1286.322 1289.89 1293.458 1297.026 1299.447 1299.577 1299.707 1299.837 1299.967 1299.892 1299.747 1299.602 1299.457 1299.344 1299.392 1299.44 1299.488 1299.537 1299.613 1299.709 1299.806 1299.902 1299.999 1295.451 1290.841 1286.231 1281.621 1275.592 1267.437 1259.281 1251.125 1242.97 1237.557 1232.774 1227.99 1223.207 1219.02 1216.869 1214.717 1212.566 1210.414 1208.645 1207.09 1205.536 1203.981 1202.481 1201.933 1201.386
1293.436 1292.801 1292.376 1291.952 1291.527 1290.843 1287.648 1284.453 1281.258 1278.063 1277.926 1280.763 1283.6 1286.437 1289.274 1291.564 1293.808 1296.052 1298.295 1299.806 1299.851 1299.897 1299.943 1299.988 1299.856 1299.664 1299.472 1299.279 1299.128 1299.192 1299.256 1299.321 1299.385 1299.486 1299.614 1299.742 1299.87 1299.998 1296.075 1292.099 1288.122 1284.145 1278.783 1271.345 1263.907 1256.469 1249.031 1243.4 1238.184 1232.968 1227.752 1223.141 1220.594 1218.047 1215.499 1212.952 1210.811 1208.897 1206.984 1205.071 1203.222 1202.511 1201.801
1296.587 1296.444 1296.509 1296.575 1296.64 1296.473 1294.052 1291.631 1289.211 1286.79 1286.492 1288.259 1290.025 1291.791 1293.558 1294.963 1296.337 1297.711 1299.084 1300.0 1300.0 1300.0 1300.0 1300.0 1299.794 1299.518 1299.242 1298.966 1298.747 1298.829 1298.912 1298.994 1299.077 1299.223 1299.416 1299.61 1299.804 1299.997 1296.478 1292.91 1289.341 1285.773 1280.83 1273.826 1266.823 1259.819 1252.816 1247.021 1241.502 1235.984 1230.466 1225.573 1222.811 1220.05 1217.288 1214.526 1212.196 1210.108 1208.02 1205.931 1203.909 1203.047 1202.184
1297.413 1297.304 1297.354 1297.403 1297.453 1297.326 1295.491 1293.656 1291.821 1289.986 1289.76 1291.099 1292.438 1293.777 1295.116 1296.182 1297.223 1298.265 1299.306 1300.0 1300.0 1300.0 1300.0 1300.0 1299.699 1299.297 1298.894 1298.491 1298.17 1298.273 1298.377 1298.48 1298.583 1298.799 1299.099 1299.398 1299.697 1299.996 1296.619 1293.193 1289.767 1286.341 1281.523 1274.62 1267.717 1260.813 1253.91 1248.014 1242.348 1236.682 1231.016 1226.009 1223.247 1220.485 1217.724 1214.962 1212.659 1210.613 1208.567 1206.521 1204.531 1203.531 1202.532
1298.239 1298.164 1298.198 1298.232 1298.266 1298.179 1296.93 1295.681 1294.431 1293.182 1293.028 1293.94 1294.851 1295.763 1296.675 1297.4 1298.109 1298.818 1299.527 1300.0 1300.0 1300.0 1300.0 1300.0 1299.605 1299.075 1298.546 1298.017 1297.592 1297.717 1297.842 1297.966 1298.091 1298.376 1298.781 1299.185 1299.59 1299.995 1296.759 1293.476 1290.192 1286.909 1282.217 1275.414 1268.611 1261.808 1255.005 1249.007 1243.193 1237.379 1231.565 1226.444 1223.683 1220.921 1218.159 1215.398 1213.121 1211.117 1209.114 1207.11 1205.152 1204.016 1202.879
1299.064 1299.025 1299.043 1299.061 1299.079 1299.033 1298.369 1297.705 1297.042 1296.378 1296.296 1296.78 1297.265 1297.749 1298.233 1298.619 1298.995 1299.372 1299.749 1300.0 1300.0 1300.0 1300.0 1300.0 1299.51 1298.854 1298.198 1297.542 1297.015 1297.161 1297.306 1297.452 1297.598 1297.952 1298.463 1298.973 1299.483 1299.993 1296.9 1293.759 1290.618 1287.477 1282.91 1276.207 1269.505 1262.802 1256.099 1250.0 1244.038 1238.077 1232.115 1226.88 1224.118 1221.357 1218.595 1215.833 1213.584 1211.622 1209.661 1207.699 1205.774 1204.5 1203.227
1299.89 1299.885 1299.887 1299.889 1299.891 1299.886 1299.808 1299.73 1299.652 1299.574 1299.564 1299.621 1299.678 1299.735 1299.792 1299.837 1299.882 1299.926 1299.97 1300.0 1300.0 1300.0 1300.0 1300.0 1299.416 1298.633 1297.851 1297.068 1296.438 1296.604 1296.771 1296.938 1297.105 1297.529 1298.145 1298.76 1299.376 1299.992 1297.041 1294.042 1291.043 1288.045 1283.604 1277.001 1270.399 1263.796 1257.194 1250.993 1244.883 1238.774 1232.665 1227.316 1224.554 1221.792 1219.031 1216.269 1214.047 1212.127 1210.208 1208.288 1206.396 1204.985 1203.574
1299.688 1299.689 1299.726 1299.763 1299.799 1299.836 1299.872 1299.909 1299.945 1299.982 1299.995 1299.986 1299.977 1299.968 1299.959 1299.945 1299.932 1299.918 1299.904 1299.903 1299.926 1299.948 1299.971 1299.994 1299.126 1297.957 1296.787 1295.617 1294.604 1294.407 1294.211 1294.015 1293.819 1294.361 1295.453 1296.544 1297.636 1298.727 1295.968 1293.158 1290.347 1287.536 1283.104 1276.24 1269.377 1262.514 1255.65 1249.102 1242.625 1236.149 1229.673 1224.11 1221.659 1219.208 1216.758 1214.307 1212.358 1210.691 1209.024 1207.357 1205.712 1204.452 1203.192
1299.328 1299.331 1299.41 1299.488 1299.567 1299.646 1299.725 1299.804 1299.882 1299.961 1299.99 1299.97 1299.951 1299.931 1299.911 1299.882 1299.853 1299.823 1299.794 1299.791 1299.84 1299.889 1299.938 1299.988 1298.807 1297.21 1295.613 1294.016 1292.576 1291.957 1291.339 1290.721 1290.103 1290.771 1292.395 1294.02 1295.644 1297.268 1294.709 1292.093 1289.478 1286.863 1282.421 1275.241 1268.061 1260.881 1253.701 1246.767 1239.89 1233.012 1226.135 1220.344 1218.252 1216.16 1214.068 1211.976 1210.338 1208.956 1207.574 1206.192 1204.827 1203.762 1202.698
1298.968 1298.972 1299.093 1299.214 1299.335 1299.456 1299.577 1299.698 1299.819 1299.94 1299.985 1299.954 1299.924 1299.894 1299.864 1299.819 1299.774 1299.729 1299.683 1299.678 1299.754 1299.83 1299.905 1299.981 1298.488 1296.464 1294.439 1292.415 1290.548 1289.508 1288.467 1287.427 1286.386 1287.18 1289.338 1291.495 1293.652 1295.809 1293.449 1291.029 1288.609 1286.189 1281.737 1274.241 1266.744 1259.248 1251.751 1244.432 1237.154 1229.876 1222.598 1216.577 1214.844 1213.111 1211.378 1209.645 1208.319 1207.221 1206.124 1205.027 1203.942 1203.073 1202.203
1298.607 1298.614 1298.777 1298.94 1299.104 1299.267 1299.43 1299.593 1299.756 1299.92 1299.979 1299.938 1299.898 1299.857 1299.816 1299.756 1299.695 1299.634 1299.573 1299.566 1299.668 1299.77 1299.872 1299.974 1298.169 1295.717 1293.265 1290.813 1288.52 1287.058 1285.595 1284.133 1282.67 1283.59 1286.28 1288.97 1291.66 1294.35 1292.19 1289.965 1287.74 1285.515 1281.054 1273.241 1265.428 1257.615 1249.801 1242.097 1234.418 1226.739 1219.06 1212.811 1211.437 1210.062 1208.688 1207.313 1206.299 1205.487 1204.674 1203.862 1203.057 1202.383 1201.708
1297.962 1297.94 1298.13 1298.321 1298.512 1298.712 1298.999 1299.285 1299.572 1299.859 1299.959 1299.879 1299.798 1299.718 1299.638 1299.48 1299.316 1299.152 1298.988 1298.939 1299.118 1299.297 1299.476 1299.655 1297.566 1294.709 1291.852 1288.994 1286.273 1284.262 1282.251 1280.24 1278.23 1279.029 1281.917 1284.805 1287.693 1290.581 1288.617 1286.589 1284.561 1282.532 1278.157 1270.266 1262.374 1254.482 1246.59 1238.839 1231.12 1223.401 1215.682 1209.477 1208.429 1207.381 1206.334 1205.286 1204.545 1203.975 1203.406 1202.837 1202.271 1201.77 1201.269
1296.567 1296.432 1296.613 1296.793 1296.973 1297.195 1297.819 1298.444 1299.068 1299.692 1299.9 1299.704 1299.508 1299.311 1299.115 1298.642 1298.146 1297.649 1297.153 1296.952 1297.343 1297.733 1298.123 1298.513 1296.217 1293.012 1289.806 1286.601 1283.445 1280.554 1277.662 1274.77 1271.879 1271.909 1274.111 1276.313 1278.515 1280.717 1278.942 1277.115 1275.287 1273.459 1269.424 1262.081 1254.738 1247.395 1240.051 1233.145 1226.339 1219.532 1212.726 1207.281 1206.476 1205.672 1204.867 1204.062 1203.492 1203.055 1202.617 1202.18 1201.745 1201.36 1200.975
1295.171 1294.925 1295.094 1295.264 1295.434 1295.678 1296.64 1297.602 1298.564 1299.526 1299.842 1299.529 1299.217 1298.904 1298.592 1297.804 1296.975 1296.146 1295.318 1294.966 1295.567 1296.168 1296.769 1297.371 1294.868 1291.315 1287.761 1284.207 1280.618 1276.845 1273.073 1269.3 1265.527 1264.788 1266.304 1267.821 1269.337 1270.853 1269.267 1267.64 1266.013 1264.385 1260.69 1253.896 1247.101 1240.307 1233.512 1227.451 1221.557 1215.664 1209.77 1205.086 1204.524 1203.962 1203.399 1202.837 1202.439 1202.134 1201.828 1201.522 1201.219 1200.95 1200.681
1293.775 1293.417 1293.577 1293.736 1293.895 1294.161 1295.461 1296.76 1298.06 1299.359 1299.783 1299.354 1298.926 1298.497 1298.068 1296.966 1295.805 1294.643 1293.482 1292.979 1293.792 1294.604 1295.416 1296.228 1293.519 1289.618 1285.716 1281.814 1277.791 1273.137 1268.484 1263.83 1259.176 1257.668 1258.498 1259.329 1260.159 1260.99 1259.593 1258.166 1256.739 1255.312 1251.957 1245.711 1239.465 1233.219 1226.974 1221.757 1216.776 1211.795 1206.814 1202.891 1202.571 1202.252 1201.932 1201.613 1201.386 1201.213 1201.039 1200.865 1200.693 1200.54 1200.387
1292.38 1291.91 1292.058 1292.207 1292.356 1292.644 1294.281 1295.918 1297.556 1299.193 1299.724 1299.179 1298.635 1298.09 1297.545 1296.128 1294.634 1293.141 1291.647 1290.993 1292.016 1293.039 1294.063 1295.086 1292.17 1287.92 1283.67 1279.42 1274.964 1269.429 1263.894 1258.359 1252.825 1250.547 1250.692 1250.837 1250.981 1251.126 1249.917 1248.691 1247.465 1246.238 1243.223 1237.526 1231.829 1226.132 1220.435 1216.063 1211.995 1207.926 1203.858 1200.695 1200.619 1200.542 1200.465 1200.388 1200.333 1200.292 1200.25 1200.208 1200.167 1200.13 1200.093
1288.047 1286.952 1286.539 1286.126 1285.712 1285.59 1288.29 1290.989 1293.688 1296.388 1297.493 1297.049 1296.604 1296.16 1295.716 1293.353 1290.824 1288.296 1285.767 1284.407 1285.381 1286.356 1287.331 1288.306 1285.632 1281.722 1277.812 1273.902 1269.682 1263.836 1257.989 1252.143 1246.297 1243.51 1242.997 1242.485 1241.972 1241.46 1240.462 1239.458 1238.454 1237.45 1234.938 1230.168 1225.398 1220.628 1215.859 1212.314 1209.05 1205.787 1202.523 1200.0 1200.0 1200.0 1200.0 1200.0 1200.014 1200.036 1200.057 1200.079 1200.108 1200.281 1200.454
1282.353 1280.395 1279.164 1277.933 1276.702 1275.969 1280.067 1284.164 1288.262 1292.359 1294.256 1294.012 1293.768 1293.524 1293.28 1289.681 1285.791 1281.901 1278.011 1275.688 1276.494 1277.299 1278.105 1278.911 1276.688 1273.437 1270.187 1266.936 1263.262 1257.368 1251.474 1245.58 1239.687 1236.51 1235.354 1234.198 1233.042 1231.886 1231.109 1230.337 1229.565 1228.792 1226.862 1223.194 1219.527 1215.86 1212.193 1209.467 1206.958 1204.449 1201.94 1200.0 1200.0 1200.0 1200.0 1200.0 1200.034 1200.087 1200.141 1200.194 1200.267 1200.693 1201.12
1276.659 1273.838 1271.789 1269.74 1267.691 1266.349 1271.844 1277.34 1282.835 1288.331 1291.018 1290.975 1290.931 1290.888 1290.844 1286.008 1280.757 1275.506 1270.255 1266.969 1267.606 1268.243 1268.88 1269.517 1267.743 1265.152 1262.561 1259.97 1256.842 1250.901 1244.959 1239.018 1233.077 1229.511 1227.711 1225.911 1224.111 1222.312 1221.755 1221.215 1220.676 1220.135 1218.785 1216.221 1213.656 1211.091 1208.527 1206.621 1204.866 1203.111 1201.357 1200.0 1200.0 1200.0 1200.0 1200.0 1200.054 1200.139 1200.224 1200.309 1200.426 1201.105 1201.785
1270.965 1267.28 1264.414 1261.547 1258.681 1256.728 1263.621 1270.515 1277.408 1284.302 1287.781 1287.938 1288.094 1288.251 1288.408 1282.336 1275.724 1269.112 1262.5 1258.249 1258.718 1259.186 1259.654 1260.123 1258.799 1256.867 1254.935 1253.004 1250.422 1244.433 1238.444 1232.455 1226.467 1222.511 1220.068 1217.625 1215.181 1212.738 1212.402 1212.094 1211.786 1211.479 1210.709 1209.247 1207.785 1206.323 1204.861 1203.774 1202.774 1201.774 1200.773 1200.0 1200.0 1200.0 1200.0 1200.0 1200.075 1200.191 1200.308 1200.424 1200.585 1201.517 1202.45
1264.886 1260.437 1256.849 1253.261 1249.674 1247.183 1255.311 1263.439 1271.568 1279.696 1283.891 1284.261 1284.631 1285.001 1285.371 1278.188 1270.351 1262.513 1254.676 1249.551 1249.845 1250.14 1250.435 1250.73 1249.847 1248.566 1247.285 1246.003 1243.973 1238.018 1232.063 1226.107 1220.152 1215.9 1212.915 1209.93 1206.945 1203.96 1203.827 1203.732 1203.637 1203.542 1203.305 1202.855 1202.406 1201.956 1201.506 1201.177 1200.876 1200.574 1200.273 1200.04 1200.041 1200.041 1200.041 1200.042 1200.179 1200.393 1200.607 1200.821 1201.092 1202.38 1203.668
1254.984 1250.749 1247.398 1244.048 1240.698 1238.386 1246.129 1253.873 1261.616 1269.359 1273.536 1274.243 1274.951 1275.659 1276.366 1269.322 1261.606 1253.889 1246.173 1241.055 1241.128 1241.202 1241.275 1241.348 1240.827 1240.105 1239.383 1238.661 1237.235 1232.118 1227.002 1221.886 1216.769 1213.145 1210.629 1208.114 1205.598 1203.082 1202.977 1202.903 1202.829 1202.755 1202.577 1202.244 1201.91 1201.576 1201.243 1201.055 1200.902 1200.748 1200.594 1200.477 1200.483 1200.488 1200.494 1200.5 1201.119 1202.082 1203.045 1204.008 1205.062 1207.716 1210.37
1245.083 1241.061 1237.948 1234.835 1231.723 1229.59 1236.948 1244.306 1251.664 1259.022 1263.18 1264.225 1265.271 1266.316 1267.362 1260.456 1252.861 1245.266 1237.671 1232.56 1232.412 1232.263 1232.115 1231.966 1231.807 1231.644 1231.481 1231.319 1230.496 1226.219 1221.942 1217.664 1213.387 1210.389 1208.343 1206.297 1204.251 1202.205 1202.126 1202.073 1202.021 1201.968 1201.849 1201.632 1201.414 1201.197 1200.979 1200.934 1200.928 1200.922 1200.916 1200.914 1200.925 1200.936 1200.947 1200.958 1202.058 1203.77 1205.483 1207.195 1209.031 1213.052 1217.073
1235.182 1231.374 1228.498 1225.623 1222.747 1220.794 1227.767 1234.74 1241.713 1248.686 1252.825 1254.208 1255.591 1256.974 1258.357 1251.589 1244.116 1236.642 1229.169 1224.065 1223.695 1223.325 1222.954 1222.584 1222.787 1223.183 1223.58 1223.976 1223.758 1220.32 1216.881 1213.443 1210.004 1207.633 1206.057 1204.48 1202.904 1201.328 1201.276 1201.244 1201.212 1201.181 1201.121 1201.02 1200.918 1200.817 1200.715 1200.812 1200.954 1201.095 1201.237 1201.35 1201.367 1201.383 1201.399 1201.416 1202.997 1205.459 1207.921 1210.382 1213.0 1218.388 1223.775
1225.28 1221.686 1219.048 1216.41 1213.772 1211.998 1218.585 1225.173 1231.761 1238.349 1242.469 1244.19 1245.91 1247.631 1249.352 1242.723 1235.371 1228.019 1220.666 1215.569 1214.978 1214.386 1213.794 1213.203 1213.767 1214.723 1215.678 1216.634 1217.02 1214.42 1211.821 1209.221 1206.621 1204.878 1203.771 1202.664 1201.557 1200.45 1200.425 1200.415 1200.404 1200.394 1200.393 1200.408 1200.422 1200.437 1200.452 1200.69 1200.979 1201.269 1201.559 1201.787 1201.809 1201.83 1201.852 1201.874 1203.937 1207.148 1210.358 1213.569 1216.97 1223.723 1230.477
1218.138 1215.008 1212.762 1210.517 1208.272 1206.778 1212.548 1218.318 1224.088 1229.858 1233.597 1235.36 1237.123 1238.886 1240.649 1234.686 1228.054 1221.422 1214.789 1210.156 1209.514 1208.872 1208.23 1207.588 1208.248 1209.349 1210.45 1211.551 1212.164 1210.221 1208.278 1206.336 1204.393 1203.119 1202.341 1201.564 1200.787 1200.01 1200.016 1200.031 1200.047 1200.063 1200.193 1200.496 1200.798 1201.1 1201.402 1202.114 1202.921 1203.727 1204.534 1205.108 1204.893 1204.677 1204.461 1204.245 1206.811 1210.94 1215.068 1219.197 1223.505 1230.979 1238.453
