data/zism_data/00023_02_D.txt
ncols         224
nrows         224
[rows 28 to 55 of 224, columns 126 to 188 of 224]
1160.731 1153.103 1145.474 1137.846 1130.73 1124.243 1117.757 1111.27 1104.784 1103.225 1102.135 1101.046 1099.956 1101.386 1106.983 1112.58 1118.177 1123.774 1140.849 1160.102 1179.354 1198.607 1217.345 1234.907 1252.47 1270.032 1287.595 1293.708 1296.366 1299.024 1301.681 1305.821 1314.873 1323.924 1332.975 1342.026 1351.866 1362.051 1372.236 1382.422 1391.3 1393.288 1395.276 1397.263 1399.251 1399.969 1399.92 1399.871 1399.821 1399.729 1399.18 1398.631 1398.082 1397.533 1397.354 1397.477 1397.6 1397.724 1397.852 1398.327 1398.802 1399.277 1399.752
1152.256 1145.7 1139.143 1132.587 1126.466 1120.88 1115.294 1109.708 1104.122 1102.744 1101.767 1100.79 1099.813 1101.319 1106.932 1112.545 1118.158 1123.771 1140.849 1160.102 1179.354 1198.607 1217.345 1234.907 1252.47 1270.032 1287.595 1293.721 1296.395 1299.068 1301.742 1305.92 1315.084 1324.248 1333.412 1342.575 1352.401 1362.517 1372.632 1382.748 1391.558 1393.487 1395.416 1397.344 1399.273 1399.929 1399.816 1399.702 1399.588 1399.402 1398.457 1397.511 1396.565 1395.62 1395.351 1395.635 1395.919 1396.203 1396.495 1397.27 1398.045 1398.82 1399.596
1143.781 1138.296 1132.812 1127.327 1122.202 1117.516 1112.831 1108.145 1103.46 1102.263 1101.399 1100.534 1099.67 1101.253 1106.881 1112.511 1118.14 1123.769 1140.849 1160.102 1179.354 1198.607 1217.345 1234.907 1252.47 1270.032 1287.595 1293.733 1296.423 1299.113 1301.802 1306.019 1315.296 1324.572 1333.848 1343.125 1352.936 1362.982 1373.028 1383.074 1391.816 1393.686 1395.556 1397.426 1399.295 1399.889 1399.711 1399.533 1399.355 1399.076 1397.734 1396.391 1395.049 1393.707 1393.349 1393.794 1394.238 1394.683 1395.137 1396.213 1397.288 1398.364 1399.439
1135.305 1130.893 1126.48 1122.068 1117.938 1114.153 1110.368 1106.583 1102.798 1101.782 1101.031 1100.279 1099.527 1101.186 1106.831 1112.476 1118.121 1123.766 1140.849 1160.102 1179.354 1198.607 1217.345 1234.907 1252.47 1270.032 1287.595 1293.746 1296.451 1299.157 1301.863 1306.118 1315.507 1324.896 1334.285 1343.674 1353.471 1363.448 1373.424 1383.4 1392.074 1393.885 1395.696 1397.507 1399.318 1399.849 1399.607 1399.365 1399.122 1398.75 1397.011 1395.272 1393.533 1391.794 1391.346 1391.952 1392.557 1393.163 1393.78 1395.156 1396.531 1397.907 1399.282
1127.228 1123.83 1120.431 1117.033 1113.845 1110.915 1107.985 1105.055 1102.125 1101.293 1100.66 1100.027 1099.394 1101.132 1106.79 1112.448 1118.106 1123.764 1140.849 1160.102 1179.354 1198.607 1217.345 1234.907 1252.47 1270.032 1287.595 1293.751 1296.463 1299.175 1301.888 1306.153 1315.563 1324.972 1334.382 1343.791 1353.543 1363.444 1373.345 1383.246 1391.858 1393.669 1395.48 1397.291 1399.102 1399.514 1399.081 1398.648 1398.214 1397.626 1395.417 1393.207 1390.998 1388.788 1388.31 1389.244 1390.179 1391.113 1392.06 1393.816 1395.572 1397.328 1399.084
1120.772 1118.151 1115.529 1112.908 1110.449 1108.19 1105.93 1103.67 1101.411 1100.768 1100.28 1099.792 1099.304 1101.132 1106.79 1112.448 1118.106 1123.764 1140.849 1160.102 1179.354 1198.607 1217.345 1234.907 1252.47 1270.032 1287.595 1293.726 1296.406 1299.086 1301.766 1305.925 1314.981 1324.036 1333.092 1342.148 1351.725 1361.53 1371.334 1381.139 1389.708 1391.76 1393.812 1395.865 1397.917 1397.979 1396.838 1395.697 1394.556 1393.255 1390.274 1387.292 1384.311 1381.329 1381.062 1383.01 1384.957 1386.905 1388.86 1391.323 1393.787 1396.251 1398.715
1114.316 1112.472 1110.628 1108.784 1107.054 1105.465 1103.875 1102.285 1100.696 1100.244 1099.901 1099.557 1099.214 1101.132 1106.79 1112.448 1118.106 1123.764 1140.849 1160.102 1179.354 1198.607 1217.345 1234.907 1252.47 1270.032 1287.595 1293.701 1296.349 1298.997 1301.645 1305.697 1314.399 1323.101 1331.803 1340.505 1349.907 1359.615 1369.323 1379.032 1387.558 1389.851 1392.145 1394.438 1396.732 1396.444 1394.595 1392.747 1390.898 1388.884 1385.131 1381.377 1377.624 1373.87 1373.814 1376.775 1379.736 1382.696 1385.66 1388.832 1392.003 1395.174 1398.345
1107.859 1106.793 1105.726 1104.66 1103.659 1102.74 1101.82 1100.9 1099.981 1099.72 1099.521 1099.322 1099.124 1101.132 1106.79 1112.448 1118.106 1123.764 1140.849 1160.102 1179.354 1198.607 1217.345 1234.907 1252.47 1270.032 1287.595 1293.677 1296.292 1298.908 1301.524 1305.469 1313.817 1322.165 1330.514 1338.862 1348.089 1357.701 1367.312 1376.924 1385.408 1387.942 1390.477 1393.012 1395.547 1394.909 1392.352 1389.796 1387.24 1384.513 1379.987 1375.462 1370.936 1366.411 1366.566 1370.54 1374.514 1378.488 1382.461 1386.339 1390.218 1394.097 1397.976
1101.403 1101.114 1100.825 1100.535 1100.264 1100.014 1099.765 1099.516 1099.266 1099.195 1099.141 1099.087 1099.034 1101.132 1106.79 1112.448 1118.106 1123.764 1140.849 1160.102 1179.354 1198.607 1217.345 1234.907 1252.47 1270.032 1287.595 1293.652 1296.235 1298.819 1301.403 1305.241 1313.236 1321.23 1329.224 1337.219 1346.271 1355.786 1365.301 1374.817 1383.258 1386.034 1388.809 1391.585 1394.361 1393.373 1390.11 1386.846 1383.582 1380.141 1374.844 1369.547 1364.25 1358.952 1359.319 1364.306 1369.293 1374.28 1379.261 1383.847 1388.434 1393.021 1397.607
1100.091 1099.836 1099.58 1099.324 1099.165 1099.125 1099.084 1099.044 1099.004 1099.0 1099.0 1099.0 1099.0 1101.132 1106.79 1112.448 1118.106 1123.764 1140.849 1160.102 1179.354 1198.607 1217.345 1234.907 1252.47 1270.032 1287.595 1293.588 1296.089 1298.59 1301.092 1304.728 1312.126 1319.525 1326.923 1334.321 1342.942 1352.099 1361.255 1370.411 1378.551 1381.333 1384.115 1386.896 1389.678 1388.228 1384.219 1380.211 1376.203 1372.08 1366.762 1361.443 1356.124 1350.805 1351.827 1358.023 1364.218 1370.413 1376.594 1381.77 1386.947 1392.123 1397.299
1101.83 1101.167 1100.503 1099.84 1099.428 1099.323 1099.219 1099.114 1099.009 1099.0 1099.0 1099.0 1099.0 1101.132 1106.79 1112.448 1118.106 1123.764 1140.849 1160.102 1179.354 1198.607 1217.345 1234.907 1252.47 1270.032 1287.595 1293.502 1295.89 1298.279 1300.667 1304.046 1310.705 1317.363 1324.022 1330.68 1338.718 1347.36 1356.001 1364.643 1372.329 1374.977 1377.624 1380.272 1382.92 1380.941 1376.167 1371.391 1366.617 1361.831 1356.936 1352.041 1347.145 1342.25 1344.192 1351.711 1359.23 1366.75 1374.243 1379.939 1385.635 1391.332 1397.028
1103.568 1102.497 1101.427 1100.356 1099.691 1099.522 1099.353 1099.184 1099.015 1099.0 1099.0 1099.0 1099.0 1101.132 1106.79 1112.448 1118.106 1123.764 1140.849 1160.102 1179.354 1198.607 1217.345 1234.907 1252.47 1270.032 1287.595 1293.415 1295.691 1297.967 1300.243 1303.364 1309.283 1315.201 1321.12 1327.039 1334.494 1342.621 1350.748 1358.875 1366.107 1368.621 1371.134 1373.648 1376.161 1373.655 1368.114 1362.572 1357.031 1351.582 1347.11 1342.638 1338.167 1333.695 1336.556 1345.399 1354.243 1363.086 1371.891 1378.108 1384.324 1390.54 1396.757
1105.306 1103.828 1102.35 1100.873 1099.954 1099.72 1099.487 1099.254 1099.02 1099.0 1099.0 1099.0 1099.0 1101.132 1106.79 1112.448 1118.106 1123.764 1140.849 1160.102 1179.354 1198.607 1217.345 1234.907 1252.47 1270.032 1287.595 1293.329 1295.492 1297.656 1299.819 1302.682 1307.861 1313.04 1318.219 1323.398 1330.269 1337.882 1345.494 1353.107 1359.885 1362.264 1364.644 1367.024 1369.403 1366.369 1360.061 1353.752 1347.444 1341.333 1337.285 1333.236 1329.188 1325.14 1328.92 1339.088 1349.255 1359.422 1369.54 1376.276 1383.013 1389.749 1396.485
1107.441 1105.5 1103.559 1101.618 1100.396 1100.054 1099.713 1099.371 1099.03 1099.0 1098.999 1098.999 1098.999 1101.131 1106.789 1112.447 1118.105 1123.764 1140.849 1160.102 1179.354 1198.607 1217.345 1234.907 1252.47 1270.032 1287.595 1293.236 1295.279 1297.322 1299.364 1301.959 1306.382 1310.805 1315.228 1319.651 1325.922 1333.003 1340.083 1347.164 1353.471 1355.698 1357.925 1360.152 1362.379 1358.86 1351.866 1344.872 1337.878 1331.184 1327.634 1324.084 1320.534 1316.984 1321.701 1333.161 1344.622 1356.082 1367.481 1374.672 1381.864 1389.056 1396.248
1115.972 1112.669 1109.367 1106.064 1103.726 1102.569 1101.413 1100.257 1099.101 1098.995 1098.989 1098.984 1098.978 1101.108 1106.772 1112.436 1118.099 1123.763 1140.849 1160.102 1179.354 1198.607 1217.345 1234.907 1252.47 1270.032 1287.595 1293.043 1294.833 1296.624 1298.415 1300.58 1303.984 1307.389 1310.793 1314.198 1319.596 1325.867 1332.138 1338.41 1343.964 1345.741 1347.518 1349.295 1351.072 1347.767 1341.39 1335.012 1328.635 1322.651 1320.806 1318.961 1317.115 1315.27 1321.189 1333.443 1345.697 1357.95 1370.123 1376.73 1383.338 1389.945 1396.553
1124.502 1119.838 1115.174 1110.51 1107.056 1105.085 1103.114 1101.143 1099.171 1098.99 1098.979 1098.968 1098.957 1101.086 1106.755 1112.424 1118.093 1123.762 1140.849 1160.102 1179.354 1198.607 1217.345 1234.907 1252.47 1270.032 1287.595 1292.849 1294.388 1295.927 1297.466 1299.201 1301.587 1303.973 1306.359 1308.745 1313.27 1318.732 1324.194 1329.656 1334.458 1335.785 1337.111 1338.438 1339.764 1336.674 1330.913 1325.152 1319.391 1314.119 1313.978 1313.837 1313.697 1313.556 1320.678 1333.725 1346.772 1359.819 1372.765 1378.788 1384.811 1390.834 1396.858
1133.033 1127.007 1120.982 1114.956 1110.386 1107.6 1104.814 1102.028 1099.242 1098.985 1098.969 1098.952 1098.936 1101.064 1106.738 1112.413 1118.087 1123.761 1140.849 1160.102 1179.354 1198.607 1217.345 1234.907 1252.47 1270.032 1287.595 1292.656 1293.943 1295.229 1296.516 1297.822 1299.189 1300.557 1301.924 1303.292 1306.944 1311.597 1316.249 1320.901 1324.952 1325.828 1326.704 1327.581 1328.457 1325.581 1320.437 1315.292 1310.147 1305.586 1307.15 1308.714 1310.278 1311.842 1320.167 1334.007 1347.848 1361.688 1375.407 1380.846 1386.285 1391.723 1397.162
1141.563 1134.176 1126.789 1119.402 1113.716 1110.115 1106.515 1102.914 1099.313 1098.98 1098.958 1098.937 1098.915 1101.042 1106.721 1112.401 1118.081 1123.76 1140.849 1160.102 1179.354 1198.607 1217.345 1234.907 1252.47 1270.032 1287.595 1292.462 1293.497 1294.532 1295.567 1296.443 1296.792 1297.141 1297.49 1297.839 1300.618 1304.461 1308.304 1312.147 1315.445 1315.871 1316.297 1316.723 1317.149 1314.488 1309.96 1305.432 1300.904 1297.054 1300.322 1303.591 1306.859 1310.128 1319.655 1334.289 1348.923 1363.557 1378.049 1382.903 1387.758 1392.613 1397.467
1148.599 1140.288 1131.977 1123.666 1117.1 1112.671 1108.242 1103.814 1099.385 1098.973 1098.943 1098.913 1098.884 1101.008 1106.696 1112.384 1118.071 1123.759 1140.849 1160.102 1179.354 1198.607 1217.345 1234.907 1252.47 1270.032 1287.595 1292.168 1292.82 1293.472 1294.124 1294.376 1293.302 1292.229 1291.156 1290.083 1291.629 1294.322 1297.015 1299.707 1302.056 1302.593 1303.13 1303.667 1304.203 1302.272 1298.848 1295.423 1292.0 1289.288 1294.054 1298.82 1303.586 1308.352 1318.903 1334.172 1349.443 1364.712 1379.825 1384.287 1388.749 1393.21 1397.672
1154.073 1145.296 1136.518 1127.741 1120.539 1115.269 1109.999 1104.729 1099.458 1098.963 1098.923 1098.882 1098.842 1100.964 1106.662 1112.361 1118.059 1123.758 1140.849 1160.102 1179.354 1198.607 1217.345 1234.907 1252.47 1270.032 1287.595 1291.769 1291.901 1292.032 1292.164 1291.589 1288.672 1285.755 1282.837 1279.92 1279.857 1281.044 1282.23 1283.416 1284.61 1285.844 1287.077 1288.311 1289.544 1288.881 1287.071 1285.26 1283.45 1282.323 1288.37 1294.417 1300.465 1306.512 1317.898 1333.64 1349.381 1365.123 1380.698 1384.967 1389.235 1393.504 1397.773
1159.547 1150.303 1141.059 1131.816 1123.979 1117.867 1111.755 1105.643 1099.532 1098.953 1098.902 1098.851 1098.8 1100.919 1106.628 1112.338 1118.047 1123.756 1140.849 1160.102 1179.354 1198.607 1217.345 1234.907 1252.47 1270.032 1287.595 1291.369 1290.981 1290.593 1290.205 1288.803 1284.042 1279.28 1274.519 1269.758 1268.086 1267.766 1267.446 1267.126 1267.164 1269.095 1271.025 1272.956 1274.886 1275.491 1275.294 1275.097 1274.9 1275.358 1282.686 1290.015 1297.344 1304.672 1316.894 1333.107 1349.32 1365.533 1381.571 1385.646 1389.722 1393.798 1397.874
1165.021 1155.311 1145.6 1135.891 1127.419 1120.465 1113.512 1106.558 1099.605 1098.943 1098.882 1098.82 1098.758 1100.875 1106.594 1112.314 1118.034 1123.754 1140.849 1160.102 1179.354 1198.607 1217.345 1234.907 1252.47 1270.032 1287.595 1290.97 1290.062 1289.154 1288.246 1286.017 1279.411 1272.806 1266.2 1259.595 1256.314 1254.488 1252.661 1250.835 1249.719 1252.346 1254.973 1257.601 1260.228 1262.101 1263.517 1264.934 1266.351 1268.393 1277.003 1285.612 1294.222 1302.832 1315.889 1332.574 1349.259 1365.944 1382.443 1386.326 1390.209 1394.091 1397.974
1170.494 1160.318 1150.141 1139.965 1130.859 1123.063 1115.268 1107.473 1099.678 1098.934 1098.861 1098.788 1098.716 1100.83 1106.561 1112.291 1118.022 1123.752 1140.849 1160.102 1179.354 1198.607 1217.345 1234.907 1252.47 1270.032 1287.595 1290.57 1289.142 1287.715 1286.287 1283.231 1274.781 1266.332 1257.882 1249.433 1244.543 1241.21 1237.877 1234.544 1232.273 1235.597 1238.921 1242.245 1245.57 1248.711 1251.741 1254.771 1257.801 1261.428 1271.319 1281.21 1291.101 1300.992 1314.884 1332.041 1349.198 1366.354 1383.316 1387.006 1390.695 1394.385 1398.075
1163.638 1154.849 1146.06 1137.271 1129.133 1121.793 1114.453 1107.113 1099.773 1099.004 1098.862 1098.719 1098.577 1100.662 1106.433 1112.204 1117.975 1123.746 1140.849 1160.102 1179.354 1198.607 1217.345 1234.907 1252.47 1270.032 1287.595 1290.224 1288.345 1286.466 1284.587 1280.923 1271.344 1261.766 1252.187 1242.609 1237.353 1233.988 1230.623 1227.258 1224.966 1228.337 1231.707 1235.077 1238.448 1242.329 1246.519 1250.709 1254.899 1259.57 1269.283 1278.995 1288.708 1298.421 1311.931 1328.539 1345.147 1361.754 1378.192 1383.015 1387.838 1392.661 1397.484
1155.706 1148.466 1141.226 1133.986 1126.957 1120.185 1113.413 1106.641 1099.869 1099.082 1098.864 1098.646 1098.429 1100.484 1106.298 1112.112 1117.925 1123.739 1140.849 1160.102 1179.354 1198.607 1217.345 1234.907 1252.47 1270.032 1287.595 1289.882 1287.558 1285.235 1282.911 1278.658 1268.012 1257.367 1246.721 1236.076 1230.562 1227.294 1224.025 1220.757 1218.545 1221.905 1225.264 1228.624 1231.983 1236.559 1241.869 1247.18 1252.49 1258.157 1267.564 1276.971 1286.379 1295.786 1308.807 1324.777 1340.747 1356.717 1372.544 1378.616 1384.688 1390.76 1396.832
1147.773 1142.083 1136.392 1130.701 1124.78 1118.577 1112.373 1106.169 1099.966 1099.159 1098.866 1098.574 1098.281 1100.306 1106.162 1112.019 1117.875 1123.732 1140.849 1160.102 1179.354 1198.607 1217.345 1234.907 1252.47 1270.032 1287.595 1289.541 1286.772 1284.003 1281.234 1276.392 1264.68 1252.968 1241.255 1229.543 1223.772 1220.6 1217.428 1214.256 1212.124 1215.473 1218.821 1222.17 1225.519 1230.789 1237.22 1243.651 1250.081 1256.745 1265.846 1274.948 1284.049 1293.151 1305.684 1321.016 1336.348 1351.68 1366.896 1374.217 1381.538 1388.859 1396.18
1139.841 1135.699 1131.558 1127.416 1122.604 1116.968 1111.333 1105.697 1100.062 1099.236 1098.869 1098.501 1098.133 1100.127 1106.027 1111.926 1117.826 1123.725 1140.849 1160.102 1179.354 1198.607 1217.345 1234.907 1252.47 1270.032 1287.595 1289.199 1285.985 1282.772 1279.558 1274.126 1261.347 1248.568 1235.789 1223.011 1216.982 1213.906 1210.831 1207.756 1205.703 1209.041 1212.379 1215.717 1219.055 1225.019 1232.57 1240.121 1247.672 1255.332 1264.128 1272.924 1281.72 1290.516 1302.56 1317.254 1331.949 1346.643 1361.248 1369.818 1378.388 1386.958 1395.529
1132.347 1129.386 1126.426 1123.465 1119.596 1114.614 1109.631 1104.648 1099.666 1098.878 1098.49 1098.101 1097.713 1099.724 1105.704 1111.684 1117.664 1123.645 1140.794 1160.062 1179.329 1198.597 1217.345 1234.907 1252.47 1270.032 1287.595 1289.072 1285.693 1282.315 1278.936 1273.238 1259.856 1246.474 1233.092 1219.71 1213.393 1210.166 1206.939 1203.712 1201.545 1204.964 1208.384 1211.803 1215.223 1221.84 1230.392 1238.943 1247.495 1256.035 1264.46 1272.884 1281.309 1289.734 1301.209 1315.173 1329.138 1343.102 1357.001 1366.465 1375.929 1385.393 1394.858
