data/zism_data/00020_04_D.txt
ncols         224
nrows         224
[rows 56 to 83 of 224, columns 63 to 125 of 224]
2000.257 2000.323 2000.389 2000.455 2000.396 2000.292 2000.188 2000.084 2000.0 2000.0 2000.0 2000.0 2000.0 2000.0 2000.0 2000.0 2000.0 2000.0 2000.0 2000.0 2000.0 2000.0 2002.189 2006.272 2010.355 2014.438 2018.521 2026.866 2035.273 2043.681 2052.088 2059.796 2066.595 2073.393 2080.192 2086.99 2087.688 2087.587 2087.485 2087.383 2086.265 2083.112 2079.96 2076.808 2073.655 2070.118 2066.475 2062.831 2059.188 2055.512 2051.732 2047.951 2044.171 2040.39 2036.284 2032.026 2027.768 2023.51 2019.154 2014.142 2009.13 2004.118 1999.106
2000.548 2000.689 2000.83 2000.971 2000.844 2000.622 2000.401 2000.18 2000.0 2000.0 2000.0 2000.0 2000.0 2000.0 2000.0 2000.0 2000.0 2000.0 2000.0 2000.0 2000.0 2000.0 2002.178 2006.24 2010.301 2014.363 2018.425 2026.506 2034.646 2042.786 2050.926 2058.26 2064.546 2070.831 2077.117 2083.402 2084.159 2084.191 2084.223 2084.255 2083.307 2080.4 2077.494 2074.587 2071.681 2068.214 2064.592 2060.97 2057.348 2053.696 2049.948 2046.199 2042.451 2038.702 2034.712 2030.609 2026.506 2022.403 2018.209 2013.411 2008.613 2003.815 1999.016
2000.839 2001.055 2001.271 2001.486 2001.292 2000.953 2000.614 2000.275 2000.0 2000.0 2000.0 2000.0 2000.0 2000.0 2000.0 2000.0 2000.0 2000.0 2000.0 2000.0 2000.0 2000.0 2002.167 2006.207 2010.247 2014.287 2018.328 2026.145 2034.018 2041.891 2049.764 2056.724 2062.496 2068.269 2074.042 2079.814 2080.63 2080.795 2080.96 2081.126 2080.349 2077.688 2075.028 2072.367 2069.706 2066.31 2062.709 2059.108 2055.508 2051.88 2048.164 2044.447 2040.731 2037.014 2033.14 2029.192 2025.243 2021.295 2017.264 2012.68 2008.095 2003.511 1998.927
2001.13 2001.421 2001.711 2002.002 2001.74 2001.283 2000.827 2000.37 2000.0 2000.0 2000.0 2000.0 2000.0 2000.0 2000.0 2000.0 2000.0 2000.0 2000.0 2000.0 2000.0 2000.0 2002.155 2006.174 2010.193 2014.212 2018.231 2025.784 2033.39 2040.996 2048.602 2055.188 2060.447 2065.707 2070.966 2076.226 2077.1 2077.399 2077.698 2077.997 2077.392 2074.977 2072.562 2070.147 2067.732 2064.406 2060.826 2057.247 2053.667 2050.063 2046.379 2042.695 2039.01 2035.326 2031.568 2027.774 2023.981 2020.188 2016.319 2011.949 2007.578 2003.208 1998.837
2001.741 2002.076 2002.411 2002.746 2002.407 2001.829 2001.252 2000.675 2000.198 2000.156 2000.114 2000.072 2000.03 2000.013 2000.01 2000.006 2000.003 2000.0 2000.0 2000.0 2000.0 2000.0 2002.091 2005.989 2009.888 2013.786 2017.685 2024.924 2032.212 2039.501 2046.789 2053.018 2057.868 2062.719 2067.569 2072.42 2073.451 2073.98 2074.51 2075.04 2074.678 2072.531 2070.383 2068.236 2066.088 2062.842 2059.291 2055.74 2052.188 2048.606 2044.922 2041.238 2037.554 2033.869 2030.149 2026.412 2022.675 2018.938 2015.134 2010.886 2006.639 2002.391 1998.144
2003.051 2003.365 2003.678 2003.992 2003.552 2002.847 2002.141 2001.435 2000.83 2000.654 2000.479 2000.303 2000.127 2000.055 2000.041 2000.027 2000.013 2000.0 2000.0 2000.0 2000.0 2000.0 2001.91 2005.472 2009.034 2012.596 2016.158 2022.971 2029.832 2036.693 2043.553 2049.461 2054.13 2058.799 2063.468 2068.137 2069.539 2070.512 2071.486 2072.459 2072.497 2070.665 2068.833 2067.001 2065.169 2062.025 2058.516 2055.008 2051.499 2047.933 2044.18 2040.426 2036.673 2032.919 2029.067 2025.17 2021.272 2017.375 2013.422 2009.1 2004.777 2000.455 1996.133
2004.361 2004.653 2004.945 2005.238 2004.698 2003.864 2003.03 2002.196 2001.461 2001.152 2000.843 2000.534 2000.224 2000.097 2000.072 2000.047 2000.023 2000.0 2000.0 2000.0 2000.0 2000.0 2001.729 2004.955 2008.18 2011.405 2014.631 2021.018 2027.451 2033.885 2040.318 2045.905 2050.392 2054.88 2059.367 2063.854 2065.627 2067.044 2068.461 2069.877 2070.317 2068.8 2067.283 2065.766 2064.249 2061.207 2057.741 2054.275 2050.81 2047.261 2043.438 2039.615 2035.792 2031.968 2027.985 2023.928 2019.87 2015.812 2011.71 2007.313 2002.916 1998.519 1994.122
2005.67 2005.941 2006.212 2006.483 2005.843 2004.881 2003.919 2002.957 2002.092 2001.65 2001.207 2000.764 2000.322 2000.139 2000.103 2000.068 2000.032 2000.0 2000.0 2000.0 2000.0 2000.0 2001.549 2004.438 2007.326 2010.215 2013.104 2019.064 2025.07 2031.076 2037.082 2042.349 2046.654 2050.96 2055.266 2059.571 2061.715 2063.575 2065.436 2067.296 2068.136 2066.934 2065.733 2064.531 2063.33 2060.389 2056.967 2053.543 2050.12 2046.588 2042.696 2038.803 2034.911 2031.018 2026.904 2022.685 2018.467 2014.249 2009.998 2005.526 2001.054 1996.583 1992.111
2006.98 2007.23 2007.479 2007.729 2006.988 2005.898 2004.807 2003.717 2002.724 2002.147 2001.571 2000.995 2000.419 2000.18 2000.134 2000.088 2000.042 2000.0 2000.0 2000.0 2000.0 2000.0 2001.369 2003.921 2006.473 2009.025 2011.577 2017.111 2022.69 2028.268 2033.847 2038.793 2042.917 2047.041 2051.164 2055.288 2057.803 2060.107 2062.411 2064.715 2065.955 2065.069 2064.183 2063.296 2062.41 2059.572 2056.192 2052.811 2049.431 2045.916 2041.954 2037.991 2034.03 2030.067 2025.822 2021.443 2017.065 2012.687 2008.286 2003.74 1999.193 1994.646 1990.099
2008.7 2008.797 2008.894 2008.991 2008.171 2007.028 2005.885 2004.742 2003.678 2002.952 2002.226 2001.501 2000.775 2000.44 2000.328 2000.215 2000.103 2000.0 2000.0 2000.0 2000.0 2000.0 2001.158 2003.318 2005.478 2007.637 2009.797 2015.046 2020.34 2025.634 2030.928 2035.83 2040.222 2044.614 2049.005 2053.397 2056.328 2059.068 2061.807 2064.546 2066.148 2065.474 2064.799 2064.125 2063.45 2060.536 2056.999 2053.463 2049.926 2046.216 2041.93 2037.644 2033.358 2029.071 2024.583 2020.001 2015.418 2010.836 2006.242 2001.573 1996.904 1992.234 1987.565
2010.561 2010.46 2010.359 2010.258 2009.367 2008.198 2007.028 2005.858 2004.743 2003.862 2002.982 2002.101 2001.22 2000.775 2000.577 2000.379 2000.181 2000.0 2000.0 2000.0 2000.0 2000.0 2000.938 2002.686 2004.434 2006.182 2007.93 2012.942 2018.001 2023.06 2028.119 2033.071 2037.885 2042.699 2047.513 2052.327 2055.689 2058.862 2062.034 2065.206 2067.155 2066.657 2066.159 2065.661 2065.163 2062.111 2058.35 2054.589 2050.828 2046.85 2042.152 2037.455 2032.757 2028.06 2023.291 2018.49 2013.688 2008.887 2004.084 1999.276 1994.468 1989.66 1984.851
2012.421 2012.123 2011.824 2011.526 2010.564 2009.367 2008.171 2006.974 2005.808 2004.772 2003.737 2002.701 2001.665 2001.109 2000.826 2000.542 2000.259 2000.0 2000.0 2000.0 2000.0 2000.0 2000.717 2002.054 2003.39 2004.727 2006.064 2010.838 2015.661 2020.485 2025.309 2030.313 2035.549 2040.785 2046.021 2051.257 2055.051 2058.656 2062.261 2065.866 2068.162 2067.84 2067.519 2067.197 2066.875 2063.686 2059.701 2055.715 2051.73 2047.484 2042.375 2037.266 2032.157 2027.048 2021.999 2016.978 2011.958 2006.937 2001.926 1996.979 1992.032 1987.085 1982.138
2014.282 2013.786 2013.289 2012.793 2011.76 2010.536 2009.313 2008.09 2006.873 2005.682 2004.492 2003.301 2002.11 2001.444 2001.075 2000.706 2000.337 2000.0 2000.0 2000.0 2000.0 2000.0 2000.496 2001.422 2002.347 2003.272 2004.198 2008.733 2013.322 2017.911 2022.5 2027.554 2033.212 2038.87 2044.528 2050.187 2054.412 2058.45 2062.488 2066.526 2069.169 2069.024 2068.878 2068.733 2068.588 2065.261 2061.052 2056.842 2052.632 2048.118 2042.598 2037.077 2031.557 2026.036 2020.707 2015.467 2010.228 2004.988 1999.768 1994.682 1989.596 1984.51 1979.424
2016.082 2015.397 2014.713 2014.028 2012.906 2011.629 2010.352 2009.075 2007.787 2006.455 2005.122 2003.79 2002.457 2001.698 2001.264 2000.83 2000.396 2000.0 2000.0 2000.0 2000.0 2000.0 2000.303 2000.869 2001.434 2001.999 2002.565 2006.849 2011.188 2015.526 2019.865 2024.962 2031.045 2037.129 2043.212 2049.295 2053.975 2058.471 2062.967 2067.463 2070.48 2070.541 2070.602 2070.663 2070.724 2067.285 2062.874 2058.463 2054.052 2049.285 2043.335 2037.385 2031.436 2025.486 2019.894 2014.469 2009.043 2003.618 1998.23 1993.091 1987.951 1982.811 1977.671
2017.598 2016.769 2015.94 2015.112 2013.817 2012.359 2010.9 2009.441 2007.991 2006.578 2005.166 2003.753 2002.34 2001.572 2001.171 2000.769 2000.367 2000.0 2000.0 2000.0 2000.0 2000.0 2000.24 2000.688 2001.136 2001.584 2002.031 2005.998 2010.016 2014.034 2018.052 2023.159 2029.68 2036.202 2042.723 2049.244 2054.485 2059.558 2064.631 2069.704 2073.222 2073.63 2074.039 2074.447 2074.855 2071.421 2066.919 2062.417 2057.916 2052.959 2046.497 2040.034 2033.571 2027.109 2021.335 2015.883 2010.431 2004.979 1999.613 1994.821 1990.028 1985.236 1980.443
2019.114 2018.141 2017.168 2016.195 2014.729 2013.088 2011.448 2009.807 2008.195 2006.702 2005.209 2003.716 2002.224 2001.447 2001.077 2000.707 2000.338 2000.0 2000.0 2000.0 2000.0 2000.0 2000.177 2000.507 2000.838 2001.168 2001.498 2005.147 2008.844 2012.542 2016.24 2021.355 2028.315 2035.274 2042.234 2049.193 2054.995 2060.645 2066.295 2071.946 2075.964 2076.72 2077.475 2078.231 2078.986 2075.557 2070.964 2066.372 2061.779 2056.634 2049.658 2042.683 2035.707 2028.731 2022.776 2017.297 2011.818 2006.34 2000.996 1996.551 1992.106 1987.661 1983.216
2020.63 2019.513 2018.396 2017.278 2015.64 2013.818 2011.996 2010.174 2008.399 2006.826 2005.253 2003.68 2002.107 2001.321 2000.984 2000.646 2000.308 2000.0 2000.0 2000.0 2000.0 2000.0 2000.114 2000.327 2000.54 2000.752 2000.965 2004.296 2007.673 2011.05 2014.427 2019.552 2026.949 2034.347 2041.745 2049.142 2055.505 2061.732 2067.96 2074.187 2078.706 2079.809 2080.912 2082.015 2083.118 2079.692 2075.009 2070.326 2065.642 2060.309 2052.82 2045.331 2037.843 2030.354 2024.216 2018.711 2013.206 2007.701 2002.379 1998.281 1994.183 1990.086 1985.988
2022.146 2020.885 2019.623 2018.361 2016.551 2014.547 2012.544 2010.54 2008.602 2006.949 2005.296 2003.643 2001.99 2001.196 2000.89 2000.585 2000.279 2000.0 2000.0 2000.0 2000.0 2000.0 2000.051 2000.146 2000.241 2000.337 2000.432 2003.445 2006.501 2009.558 2012.614 2017.749 2025.584 2033.42 2041.256 2049.092 2056.015 2062.82 2069.624 2076.428 2081.448 2082.898 2084.349 2085.799 2087.249 2083.828 2079.054 2074.28 2069.506 2063.983 2055.981 2047.98 2039.978 2031.977 2025.657 2020.125 2014.593 2009.061 2003.762 2000.011 1996.261 1992.51 1988.76
2022.947 2021.49 2020.032 2018.574 2016.615 2014.478 2012.341 2010.204 2008.168 2006.568 2004.967 2003.366 2001.766 2001.024 2000.77 2000.516 2000.261 2000.034 2000.086 2000.138 2000.189 2000.241 2000.331 2000.455 2000.578 2000.701 2000.824 2003.736 2006.689 2009.641 2012.594 2017.677 2025.53 2033.383 2041.236 2049.09 2056.102 2063.004 2069.907 2076.809 2082.016 2083.833 2085.65 2087.467 2089.284 2086.338 2082.069 2077.799 2073.53 2068.444 2060.655 2052.865 2045.076 2037.286 2031.107 2025.681 2020.255 2014.829 2009.62 2005.854 2002.088 1998.323 1994.557
2023.283 2021.596 2019.908 2018.221 2016.126 2013.888 2011.649 2009.411 2007.319 2005.857 2004.396 2002.934 2001.473 2000.822 2000.632 2000.442 2000.252 2000.09 2000.227 2000.365 2000.502 2000.639 2000.835 2001.081 2001.327 2001.573 2001.82 2004.77 2007.76 2010.75 2013.74 2018.733 2026.329 2033.926 2041.523 2049.119 2055.913 2062.602 2069.29 2075.979 2081.17 2083.366 2085.563 2087.759 2089.956 2087.79 2084.413 2081.036 2077.659 2073.417 2066.312 2059.207 2052.101 2044.995 2039.165 2033.931 2028.698 2023.464 2018.389 2014.372 2010.356 2006.339 2002.322
2023.619 2021.702 2019.785 2017.867 2015.638 2013.298 2010.958 2008.618 2006.47 2005.147 2003.824 2002.502 2001.179 2000.619 2000.494 2000.368 2000.242 2000.146 2000.369 2000.592 2000.814 2001.037 2001.339 2001.708 2002.077 2002.446 2002.815 2005.804 2008.831 2011.859 2014.886 2019.789 2027.129 2034.469 2041.809 2049.149 2055.724 2062.199 2068.674 2075.149 2080.324 2082.9 2085.475 2088.051 2090.627 2089.242 2086.758 2084.273 2081.788 2078.391 2071.969 2065.548 2059.126 2052.704 2047.223 2042.182 2037.141 2032.099 2027.159 2022.891 2018.623 2014.355 2010.087
2023.955 2021.808 2019.661 2017.514 2015.149 2012.708 2010.266 2007.825 2005.62 2004.437 2003.253 2002.069 2000.885 2000.417 2000.355 2000.294 2000.232 2000.202 2000.51 2000.819 2001.127 2001.435 2001.842 2002.334 2002.826 2003.318 2003.81 2006.837 2009.902 2012.967 2016.032 2020.844 2027.928 2035.011 2042.095 2049.179 2055.535 2061.796 2068.058 2074.319 2079.478 2082.433 2085.388 2088.343 2091.298 2090.694 2089.102 2087.51 2085.917 2083.364 2077.626 2071.889 2066.151 2060.414 2055.281 2050.432 2045.583 2040.735 2035.929 2031.41 2026.891 2022.371 2017.852
2024.274 2021.893 2019.513 2017.132 2014.635 2012.097 2009.558 2007.02 2004.764 2003.722 2002.681 2001.639 2000.598 2000.224 2000.229 2000.234 2000.24 2000.279 2000.677 2001.075 2001.473 2001.871 2002.388 2003.008 2003.627 2004.247 2004.866 2007.932 2011.034 2014.136 2017.238 2021.954 2028.768 2035.582 2042.396 2049.21 2055.342 2061.383 2067.425 2073.467 2078.602 2081.923 2085.244 2088.565 2091.886 2092.051 2091.34 2090.628 2089.917 2088.202 2083.165 2078.127 2073.09 2068.052 2063.283 2058.638 2053.994 2049.35 2044.688 2039.912 2035.136 2030.361 2025.585
2024.138 2021.426 2018.714 2016.003 2013.439 2010.927 2008.416 2005.904 2003.713 2002.901 2002.089 2001.278 2000.466 2000.267 2000.417 2000.566 2000.716 2000.905 2001.506 2002.107 2002.708 2003.309 2004.055 2004.925 2005.796 2006.667 2007.537 2010.633 2013.762 2016.891 2020.019 2024.483 2030.682 2036.882 2043.082 2049.281 2055.02 2060.699 2066.377 2072.056 2076.952 2080.284 2083.616 2086.947 2090.279 2090.898 2090.764 2090.629 2090.495 2089.485 2085.575 2081.665 2077.755 2073.845 2069.792 2065.671 2061.55 2057.429 2053.171 2047.994 2042.818 2037.641 2032.465
2024.003 2020.959 2017.916 2014.873 2012.243 2009.758 2007.273 2004.788 2002.662 2002.08 2001.498 2000.916 2000.334 2000.311 2000.604 2000.898 2001.192 2001.53 2002.334 2003.138 2003.943 2004.747 2005.721 2006.843 2007.965 2009.087 2010.209 2013.334 2016.49 2019.645 2022.8 2027.012 2032.597 2038.182 2043.767 2049.353 2054.699 2060.014 2065.33 2070.645 2075.302 2078.645 2081.987 2085.329 2088.672 2089.745 2090.188 2090.63 2091.073 2090.768 2087.985 2085.203 2082.42 2079.638 2076.301 2072.703 2069.106 2065.509 2061.654 2056.077 2050.499 2044.922 2039.345
2023.867 2020.493 2017.118 2013.744 2011.047 2008.589 2006.13 2003.672 2001.611 2001.259 2000.907 2000.554 2000.202 2000.354 2000.792 2001.23 2001.668 2002.156 2003.163 2004.17 2005.177 2006.185 2007.388 2008.761 2010.134 2011.507 2012.88 2016.036 2019.218 2022.4 2025.582 2029.541 2034.512 2039.483 2044.453 2049.424 2054.378 2059.33 2064.281 2069.233 2073.652 2077.005 2080.358 2083.711 2087.065 2088.592 2089.612 2090.631 2091.651 2092.051 2090.396 2088.741 2087.086 2085.431 2082.809 2079.736 2076.663 2073.589 2070.137 2064.159 2058.181 2052.203 2046.225
2023.731 2020.026 2016.32 2012.615 2009.851 2007.419 2004.988 2002.556 2000.56 2000.438 2000.315 2000.193 2000.07 2000.397 2000.98 2001.562 2002.144 2002.781 2003.992 2005.202 2006.412 2007.622 2009.055 2010.679 2012.303 2013.927 2015.551 2018.737 2021.946 2025.154 2028.363 2032.071 2036.427 2040.783 2045.139 2049.495 2054.056 2058.645 2063.234 2067.822 2072.002 2075.366 2078.73 2082.094 2085.458 2087.438 2089.035 2090.632 2092.229 2093.333 2092.806 2092.278 2091.751 2091.223 2089.318 2086.768 2084.219 2081.669 2078.62 2072.241 2065.862 2059.483 2053.104
2023.412 2019.435 2015.458 2011.481 2008.747 2006.452 2004.157 2001.863 2000.01 2000.065 2000.12 2000.175 2000.23 2000.712 2001.436 2002.16 2002.884 2003.661 2004.995 2006.328 2007.662 2008.995 2010.549 2012.295 2014.04 2015.786 2017.531 2020.647 2023.782 2026.918 2030.053 2033.543 2037.491 2041.44 2045.389 2049.338 2053.712 2058.142 2062.572 2067.001 2071.109 2074.574 2078.038 2081.502 2084.967 2087.22 2089.137 2091.054 2092.971 2094.466 2094.567 2094.668 2094.769 2094.869 2093.484 2091.403 2089.322 2087.241 2084.618 2078.385 2072.152 2065.92 2059.687
