data/zism_data/00022_01_D.txt
ncols         224
nrows         224
[rows 140 to 167 of 224, columns 0 to 62 of 224]
1570.317 1571.038 1571.758 1572.478 1573.202 1573.937 1574.672 1575.407 1576.142 1576.876 1577.611 1578.346 1579.081 1579.829 1580.63 1581.431 1582.232 1583.033 1583.746 1584.415 1585.083 1585.752 1586.455 1587.386 1588.317 1589.248 1590.179 1590.911 1591.509 1592.107 1592.704 1593.309 1594.021 1594.734 1595.448 1596.16 1596.743 1597.206 1597.669 1598.132 1598.595 1599.203 1599.813 1600.423 1601.033 1601.781 1602.697 1603.614 1604.53 1605.447 1606.211 1606.96 1607.71 1608.459 1609.144 1609.72 1610.296 1610.872 1611.448 1611.8 1612.109 1612.417 1612.726
1570.263 1570.998 1571.733 1572.468 1573.207 1573.96 1574.713 1575.465 1576.218 1576.964 1577.708 1578.452 1579.195 1579.95 1580.75 1581.549 1582.349 1583.148 1583.861 1584.532 1585.202 1585.872 1586.576 1587.505 1588.433 1589.361 1590.29 1591.027 1591.632 1592.238 1592.844 1593.457 1594.192 1594.927 1595.661 1596.396 1597.012 1597.519 1598.026 1598.534 1599.041 1599.731 1600.425 1601.118 1601.812 1602.631 1603.604 1604.577 1605.55 1606.524 1607.307 1608.072 1608.837 1609.603 1610.324 1610.973 1611.622 1612.27 1612.919 1613.358 1613.758 1614.157 1614.557
1570.263 1570.998 1571.733 1572.468 1573.216 1574.001 1574.786 1575.572 1576.357 1577.123 1577.883 1578.643 1579.403 1580.168 1580.951 1581.734 1582.517 1583.301 1584.019 1584.706 1585.392 1586.079 1586.791 1587.67 1588.55 1589.43 1590.31 1591.046 1591.684 1592.322 1592.96 1593.604 1594.339 1595.074 1595.809 1596.544 1597.199 1597.782 1598.365 1598.948 1599.53 1600.323 1601.12 1601.916 1602.712 1603.602 1604.608 1605.614 1606.619 1607.625 1608.421 1609.197 1609.973 1610.749 1611.485 1612.156 1612.826 1613.496 1614.167 1614.696 1615.198 1615.7 1616.203
1570.263 1570.998 1571.733 1572.468 1573.225 1574.043 1574.86 1575.678 1576.495 1577.282 1578.059 1578.835 1579.611 1580.385 1581.152 1581.919 1582.686 1583.453 1584.177 1584.88 1585.583 1586.286 1587.005 1587.836 1588.667 1589.498 1590.329 1591.065 1591.736 1592.406 1593.077 1593.751 1594.486 1595.221 1595.956 1596.691 1597.386 1598.044 1598.703 1599.361 1600.02 1600.915 1601.814 1602.713 1603.612 1604.574 1605.612 1606.65 1607.688 1608.726 1609.535 1610.322 1611.108 1611.895 1612.646 1613.339 1614.031 1614.723 1615.415 1616.033 1616.639 1617.244 1617.849
1570.263 1570.998 1571.733 1572.468 1573.234 1574.084 1574.934 1575.784 1576.634 1577.442 1578.234 1579.027 1579.819 1580.603 1581.354 1582.104 1582.855 1583.606 1584.335 1585.054 1585.773 1586.492 1587.219 1588.002 1588.784 1589.567 1590.349 1591.084 1591.787 1592.491 1593.194 1593.899 1594.633 1595.368 1596.103 1596.838 1597.573 1598.307 1599.041 1599.775 1600.509 1601.507 1602.509 1603.511 1604.512 1605.545 1606.615 1607.686 1608.756 1609.827 1610.648 1611.446 1612.244 1613.042 1613.808 1614.521 1615.235 1615.949 1616.662 1617.371 1618.079 1618.787 1619.494
1570.261 1570.997 1571.732 1572.467 1573.243 1574.125 1575.006 1575.888 1576.77 1577.598 1578.408 1579.218 1580.027 1580.822 1581.557 1582.292 1583.028 1583.763 1584.498 1585.233 1585.968 1586.702 1587.437 1588.171 1588.906 1589.64 1590.374 1591.108 1591.843 1592.577 1593.311 1594.046 1594.78 1595.514 1596.248 1596.982 1597.755 1598.564 1599.373 1600.181 1600.99 1602.09 1603.194 1604.298 1605.402 1606.505 1607.607 1608.709 1609.812 1610.914 1611.749 1612.559 1613.369 1614.179 1614.962 1615.698 1616.434 1617.17 1617.907 1618.704 1619.514 1620.323 1621.133
1570.181 1570.938 1571.695 1572.452 1573.243 1574.125 1575.006 1575.888 1576.77 1577.642 1578.511 1579.38 1580.25 1581.096 1581.853 1582.61 1583.367 1584.124 1584.866 1585.601 1586.336 1587.07 1587.802 1588.509 1589.216 1589.923 1590.63 1591.341 1592.053 1592.766 1593.479 1594.191 1594.893 1595.594 1596.296 1596.998 1597.764 1598.589 1599.413 1600.238 1601.063 1602.243 1603.428 1604.613 1605.798 1606.946 1608.049 1609.151 1610.253 1611.355 1612.265 1613.156 1614.047 1614.938 1615.796 1616.597 1617.398 1618.199 1619.0 1619.854 1620.718 1621.581 1622.445
1570.1 1570.879 1571.657 1572.436 1573.243 1574.125 1575.006 1575.888 1576.77 1577.686 1578.615 1579.543 1580.472 1581.37 1582.149 1582.927 1583.706 1584.484 1585.234 1585.969 1586.703 1587.438 1588.166 1588.846 1589.526 1590.207 1590.887 1591.573 1592.264 1592.955 1593.647 1594.336 1595.006 1595.675 1596.344 1597.013 1597.772 1598.613 1599.454 1600.296 1601.137 1602.397 1603.663 1604.929 1606.195 1607.388 1608.49 1609.593 1610.695 1611.797 1612.781 1613.753 1614.725 1615.698 1616.63 1617.496 1618.362 1619.228 1620.094 1621.003 1621.921 1622.839 1623.756
1570.02 1570.82 1571.62 1572.42 1573.243 1574.125 1575.006 1575.888 1576.77 1577.73 1578.718 1579.706 1580.694 1581.644 1582.445 1583.245 1584.045 1584.845 1585.602 1586.337 1587.072 1587.806 1588.531 1589.184 1589.837 1590.49 1591.143 1591.806 1592.475 1593.145 1593.814 1594.482 1595.119 1595.755 1596.392 1597.029 1597.781 1598.638 1599.495 1600.353 1601.21 1602.55 1603.898 1605.245 1606.592 1607.83 1608.932 1610.034 1611.136 1612.239 1613.296 1614.35 1615.403 1616.457 1617.464 1618.395 1619.326 1620.257 1621.188 1622.153 1623.125 1624.096 1625.068
1569.939 1570.761 1571.583 1572.404 1573.243 1574.125 1575.006 1575.888 1576.77 1577.774 1578.822 1579.869 1580.917 1581.919 1582.74 1583.562 1584.384 1585.206 1585.97 1586.705 1587.44 1588.174 1588.895 1589.521 1590.147 1590.773 1591.399 1592.038 1592.686 1593.334 1593.982 1594.627 1595.231 1595.836 1596.44 1597.044 1597.789 1598.663 1599.536 1600.41 1601.283 1602.704 1604.132 1605.561 1606.989 1608.271 1609.373 1610.476 1611.578 1612.68 1613.812 1614.946 1616.081 1617.216 1618.298 1619.294 1620.289 1621.285 1622.281 1623.302 1624.328 1625.354 1626.38
1569.934 1570.796 1571.658 1572.52 1573.39 1574.28 1575.17 1576.059 1576.949 1577.968 1579.032 1580.097 1581.161 1582.181 1583.027 1583.874 1584.72 1585.566 1586.341 1587.082 1587.822 1588.562 1589.286 1589.907 1590.527 1591.147 1591.768 1592.376 1592.975 1593.575 1594.174 1594.772 1595.347 1595.922 1596.496 1597.071 1597.799 1598.667 1599.535 1600.404 1601.272 1602.704 1604.145 1605.585 1607.025 1608.319 1609.432 1610.544 1611.657 1612.77 1613.977 1615.193 1616.408 1617.624 1618.783 1619.849 1620.915 1621.981 1623.048 1624.172 1625.308 1626.444 1627.58
1570.007 1570.928 1571.85 1572.772 1573.689 1574.595 1575.501 1576.407 1577.313 1578.316 1579.353 1580.391 1581.428 1582.432 1583.305 1584.179 1585.052 1585.925 1586.717 1587.468 1588.219 1588.97 1589.706 1590.342 1590.979 1591.615 1592.252 1592.821 1593.345 1593.869 1594.393 1594.918 1595.466 1596.013 1596.561 1597.108 1597.809 1598.65 1599.492 1600.333 1601.175 1602.548 1603.928 1605.309 1606.69 1607.96 1609.095 1610.229 1611.364 1612.499 1613.781 1615.078 1616.375 1617.672 1618.91 1620.052 1621.193 1622.335 1623.477 1624.755 1626.058 1627.362 1628.665
1570.08 1571.061 1572.042 1573.023 1573.988 1574.91 1575.832 1576.755 1577.677 1578.664 1579.674 1580.685 1581.695 1582.683 1583.583 1584.484 1585.384 1586.284 1587.092 1587.854 1588.615 1589.377 1590.125 1590.778 1591.43 1592.083 1592.736 1593.267 1593.715 1594.163 1594.611 1595.064 1595.584 1596.105 1596.625 1597.146 1597.819 1598.634 1599.448 1600.262 1601.077 1602.391 1603.712 1605.034 1606.355 1607.602 1608.758 1609.914 1611.071 1612.227 1613.585 1614.963 1616.341 1617.719 1619.037 1620.254 1621.472 1622.689 1623.907 1625.337 1626.809 1628.28 1629.751
1570.152 1571.193 1572.234 1573.274 1574.287 1575.225 1576.164 1577.102 1578.041 1579.012 1579.995 1580.979 1581.962 1582.934 1583.861 1584.788 1585.716 1586.643 1587.467 1588.24 1589.012 1589.785 1590.544 1591.213 1591.882 1592.551 1593.22 1593.713 1594.085 1594.458 1594.83 1595.209 1595.703 1596.196 1596.69 1597.183 1597.83 1598.617 1599.404 1600.192 1600.979 1602.234 1603.496 1604.758 1606.02 1607.244 1608.422 1609.599 1610.777 1611.955 1613.39 1614.849 1616.308 1617.767 1619.163 1620.457 1621.75 1623.043 1624.336 1625.92 1627.559 1629.198 1630.837
1570.225 1571.325 1572.425 1573.526 1574.586 1575.54 1576.495 1577.45 1578.404 1579.36 1580.316 1581.273 1582.229 1583.185 1584.139 1585.093 1586.048 1587.002 1587.842 1588.626 1589.409 1590.193 1590.963 1591.649 1592.334 1593.019 1593.704 1594.158 1594.455 1594.752 1595.049 1595.355 1595.821 1596.288 1596.754 1597.221 1597.84 1598.6 1599.361 1600.121 1600.881 1602.077 1603.28 1604.482 1605.684 1606.885 1608.085 1609.284 1610.484 1611.683 1613.194 1614.734 1616.274 1617.814 1619.29 1620.659 1622.028 1623.397 1624.766 1626.503 1628.309 1630.116 1631.922
1570.795 1571.898 1573.0 1574.102 1575.16 1576.099 1577.039 1577.979 1578.918 1579.881 1580.852 1581.823 1582.794 1583.761 1584.717 1585.672 1586.627 1587.582 1588.416 1589.19 1589.963 1590.737 1591.5 1592.196 1592.892 1593.589 1594.285 1594.742 1595.036 1595.33 1595.624 1595.924 1596.322 1596.719 1597.117 1597.514 1598.057 1598.733 1599.409 1600.085 1600.761 1601.825 1602.895 1603.965 1605.035 1606.203 1607.492 1608.781 1610.07 1611.358 1612.922 1614.512 1616.102 1617.692 1619.208 1620.6 1621.993 1623.385 1624.778 1626.594 1628.49 1630.386 1632.282
1571.384 1572.486 1573.589 1574.691 1575.744 1576.667 1577.591 1578.514 1579.438 1580.408 1581.395 1582.382 1583.369 1584.35 1585.305 1586.261 1587.216 1588.171 1588.998 1589.761 1590.523 1591.286 1592.041 1592.748 1593.455 1594.162 1594.869 1595.331 1595.625 1595.919 1596.213 1596.509 1596.836 1597.163 1597.491 1597.818 1598.282 1598.871 1599.461 1600.05 1600.639 1601.569 1602.504 1603.438 1604.373 1605.508 1606.889 1608.27 1609.651 1611.031 1612.648 1614.286 1615.925 1617.564 1619.118 1620.532 1621.946 1623.36 1624.775 1626.667 1628.649 1630.632 1632.614
1571.973 1573.075 1574.177 1575.28 1576.328 1577.235 1578.143 1579.05 1579.957 1580.935 1581.939 1582.942 1583.945 1584.939 1585.894 1586.849 1587.805 1588.76 1589.58 1590.331 1591.083 1591.835 1592.582 1593.3 1594.018 1594.736 1595.454 1595.92 1596.214 1596.508 1596.802 1597.093 1597.35 1597.607 1597.864 1598.121 1598.507 1599.01 1599.512 1600.015 1600.518 1601.313 1602.113 1602.912 1603.712 1604.814 1606.286 1607.759 1609.232 1610.705 1612.373 1614.061 1615.748 1617.435 1619.028 1620.464 1621.9 1623.335 1624.771 1626.739 1628.808 1630.877 1632.946
1572.562 1573.664 1574.766 1575.869 1576.913 1577.803 1578.694 1579.585 1580.476 1581.462 1582.482 1583.502 1584.521 1585.528 1586.483 1587.438 1588.393 1589.349 1590.161 1590.902 1591.643 1592.384 1593.123 1593.852 1594.581 1595.309 1596.038 1596.509 1596.802 1597.096 1597.39 1597.678 1597.865 1598.052 1598.238 1598.425 1598.731 1599.148 1599.564 1599.98 1600.397 1601.057 1601.722 1602.386 1603.05 1604.119 1605.684 1607.248 1608.813 1610.378 1612.099 1613.835 1615.571 1617.307 1618.938 1620.395 1621.853 1623.31 1624.768 1626.812 1628.968 1631.123 1633.279
1573.013 1574.144 1575.274 1576.405 1577.473 1578.376 1579.279 1580.182 1581.084 1582.086 1583.121 1584.157 1585.193 1586.211 1587.159 1588.107 1589.056 1590.004 1590.81 1591.545 1592.28 1593.014 1593.746 1594.46 1595.174 1595.887 1596.601 1597.057 1597.337 1597.617 1597.896 1598.169 1598.323 1598.477 1598.631 1598.785 1599.049 1599.414 1599.779 1600.144 1600.509 1601.11 1601.714 1602.319 1602.923 1603.969 1605.555 1607.141 1608.727 1610.313 1612.037 1613.775 1615.513 1617.25 1618.887 1620.357 1621.826 1623.296 1624.766 1626.813 1628.971 1631.128 1633.286
1573.287 1574.482 1575.678 1576.873 1578.001 1578.953 1579.905 1580.856 1581.808 1582.834 1583.886 1584.938 1585.99 1587.017 1587.949 1588.881 1589.813 1590.745 1591.546 1592.281 1593.016 1593.75 1594.476 1595.141 1595.806 1596.471 1597.136 1597.553 1597.8 1598.048 1598.295 1598.538 1598.708 1598.878 1599.049 1599.219 1599.488 1599.848 1600.207 1600.567 1600.927 1601.565 1602.207 1602.849 1603.491 1604.526 1606.042 1607.557 1609.073 1610.589 1612.253 1613.931 1615.609 1617.287 1618.887 1620.357 1621.826 1623.296 1624.766 1626.723 1628.772 1630.821 1632.87
1573.56 1574.821 1576.081 1577.341 1578.53 1579.53 1580.53 1581.531 1582.531 1583.582 1584.65 1585.718 1586.786 1587.824 1588.739 1589.655 1590.571 1591.487 1592.282 1593.017 1593.751 1594.486 1595.206 1595.822 1596.438 1597.055 1597.671 1598.049 1598.264 1598.479 1598.693 1598.907 1599.093 1599.28 1599.466 1599.653 1599.927 1600.281 1600.635 1600.989 1601.344 1602.019 1602.699 1603.379 1604.059 1605.083 1606.528 1607.974 1609.419 1610.865 1612.469 1614.087 1615.706 1617.324 1618.887 1620.357 1621.826 1623.296 1624.766 1626.632 1628.573 1630.514 1632.455
1573.834 1575.159 1576.484 1577.809 1579.058 1580.107 1581.156 1582.205 1583.254 1584.329 1585.414 1586.499 1587.583 1588.63 1589.529 1590.429 1591.328 1592.228 1593.018 1593.753 1594.488 1595.222 1595.935 1596.503 1597.071 1597.638 1598.206 1598.545 1598.727 1598.91 1599.092 1599.276 1599.478 1599.681 1599.884 1600.087 1600.365 1600.714 1601.063 1601.412 1601.761 1602.473 1603.191 1603.909 1604.627 1605.64 1607.015 1608.391 1609.766 1611.141 1612.684 1614.243 1615.802 1617.362 1618.887 1620.357 1621.826 1623.296 1624.766 1626.541 1628.374 1630.207 1632.04
1574.107 1575.497 1576.887 1578.277 1579.587 1580.685 1581.782 1582.88 1583.978 1585.078 1586.178 1587.279 1588.38 1589.436 1590.32 1591.203 1592.086 1592.969 1593.754 1594.489 1595.224 1595.958 1596.665 1597.184 1597.703 1598.222 1598.741 1599.041 1599.191 1599.341 1599.491 1599.645 1599.864 1600.083 1600.301 1600.52 1600.804 1601.148 1601.491 1601.834 1602.178 1602.928 1603.683 1604.439 1605.195 1606.197 1607.502 1608.807 1610.112 1611.417 1612.9 1614.399 1615.899 1617.399 1618.887 1620.357 1621.826 1623.296 1624.766 1626.45 1628.175 1629.9 1631.624
1574.588 1575.969 1577.351 1578.732 1580.052 1581.208 1582.364 1583.52 1584.676 1585.796 1586.903 1588.01 1589.117 1590.179 1591.061 1591.942 1592.824 1593.706 1594.477 1595.192 1595.907 1596.622 1597.304 1597.759 1598.215 1598.671 1599.126 1599.401 1599.553 1599.705 1599.857 1600.014 1600.249 1600.484 1600.719 1600.954 1601.246 1601.589 1601.931 1602.274 1602.617 1603.313 1604.013 1604.714 1605.414 1606.337 1607.532 1608.728 1609.923 1611.118 1612.573 1614.052 1615.532 1617.011 1618.487 1619.957 1621.426 1622.896 1624.366 1625.934 1627.521 1629.109 1630.696
1575.09 1576.455 1577.82 1579.186 1580.51 1581.725 1582.941 1584.156 1585.372 1586.512 1587.624 1588.737 1589.849 1590.915 1591.797 1592.678 1593.56 1594.442 1595.198 1595.892 1596.586 1597.279 1597.933 1598.324 1598.715 1599.105 1599.496 1599.748 1599.905 1600.063 1600.22 1600.383 1600.634 1600.885 1601.137 1601.388 1601.687 1602.03 1602.373 1602.716 1603.059 1603.69 1604.326 1604.961 1605.597 1606.433 1607.515 1608.597 1609.678 1610.76 1612.19 1613.653 1615.117 1616.58 1618.045 1619.515 1620.985 1622.454 1623.924 1625.374 1626.821 1628.268 1629.714
1575.592 1576.941 1578.29 1579.639 1580.968 1582.243 1583.518 1584.793 1586.068 1587.227 1588.345 1589.463 1590.581 1591.651 1592.533 1593.415 1594.296 1595.178 1595.92 1596.592 1597.264 1597.936 1598.563 1598.889 1599.214 1599.54 1599.866 1600.095 1600.257 1600.42 1600.583 1600.752 1601.019 1601.287 1601.554 1601.822 1602.129 1602.472 1602.815 1603.157 1603.5 1604.068 1604.639 1605.209 1605.78 1606.529 1607.498 1608.466 1609.434 1610.402 1611.807 1613.254 1614.701 1616.148 1617.604 1619.073 1620.543 1622.013 1623.482 1624.815 1626.12 1627.427 1628.733
1576.094 1577.427 1578.76 1580.092 1581.426 1582.76 1584.095 1585.429 1586.764 1587.943 1589.066 1590.189 1591.313 1592.387 1593.269 1594.151 1595.032 1595.914 1596.642 1597.292 1597.942 1598.593 1599.192 1599.453 1599.714 1599.975 1600.236 1600.441 1600.609 1600.778 1600.946 1601.12 1601.404 1601.688 1601.972 1602.256 1602.57 1602.913 1603.256 1603.599 1603.942 1604.445 1604.951 1605.457 1605.963 1606.625 1607.48 1608.335 1609.189 1610.044 1611.425 1612.855 1614.286 1615.717 1617.162 1618.632 1620.101 1621.571 1623.041 1624.255 1625.42 1626.585 1627.751
