data/zism_data/00024_01_D.txt
ncols         224
nrows         224
[rows 56 to 83 of 224, columns 126 to 188 of 224]
1306.292 1307.692 1309.092 1310.492 1311.892 1312.816 1313.657 1314.498 1315.339 1316.437 1318.393 1320.349 1322.306 1324.262 1328.851 1335.12 1341.39 1347.659 1353.929 1353.497 1352.998 1352.5 1352.001 1350.619 1347.73 1344.841 1341.952 1339.063 1334.99 1330.521 1326.053 1321.584 1317.349 1314.675 1312.002 1309.328 1306.655 1304.898 1304.024 1303.151 1302.277 1301.403 1301.498 1301.715 1301.931 1302.147 1302.198 1301.801 1301.403 1301.006 1300.608 1300.424 1300.356 1300.288 1300.22 1300.165 1300.57 1300.976 1301.381 1301.786 1301.989 1301.898 1301.808
1305.774 1306.896 1308.019 1309.141 1310.263 1310.567 1310.727 1310.887 1311.047 1311.41 1312.45 1313.49 1314.529 1315.569 1319.874 1326.264 1332.654 1339.044 1345.434 1345.874 1346.256 1346.637 1347.019 1346.477 1344.363 1342.25 1340.136 1338.022 1334.634 1330.82 1327.006 1323.192 1319.494 1316.575 1313.655 1310.736 1307.816 1305.688 1304.322 1302.956 1301.59 1300.223 1300.083 1300.095 1300.107 1300.119 1300.072 1299.869 1299.665 1299.461 1299.257 1299.301 1299.479 1299.657 1299.836 1300.023 1300.522 1301.022 1301.521 1302.021 1302.277 1302.181 1302.085
1305.018 1305.986 1306.954 1307.922 1308.89 1309.02 1309.002 1308.984 1308.966 1309.151 1310.014 1310.877 1311.74 1312.603 1316.516 1322.375 1328.234 1334.094 1339.953 1340.845 1341.687 1342.529 1343.371 1343.279 1341.595 1339.911 1338.228 1336.544 1333.606 1330.25 1326.893 1323.537 1320.244 1317.379 1314.514 1311.649 1308.784 1306.588 1305.035 1303.483 1301.93 1300.377 1300.126 1300.037 1299.949 1299.86 1299.754 1299.601 1299.448 1299.295 1299.142 1299.248 1299.495 1299.742 1299.988 1300.246 1300.864 1301.482 1302.101 1302.719 1303.03 1302.894 1302.759
1304.247 1305.068 1305.89 1306.711 1307.533 1307.515 1307.351 1307.187 1307.022 1307.064 1307.796 1308.528 1309.26 1309.992 1313.505 1318.794 1324.082 1329.37 1334.659 1335.975 1337.252 1338.529 1339.806 1340.139 1338.863 1337.588 1336.313 1335.038 1332.536 1329.625 1326.714 1323.802 1320.907 1318.115 1315.324 1312.532 1309.741 1307.495 1305.774 1304.054 1302.334 1300.613 1300.26 1300.077 1299.894 1299.711 1299.547 1299.436 1299.325 1299.214 1299.103 1299.261 1299.566 1299.87 1300.174 1300.491 1301.23 1301.969 1302.708 1303.447 1303.811 1303.634 1303.456
1303.476 1304.151 1304.825 1305.5 1306.175 1306.011 1305.7 1305.389 1305.078 1304.977 1305.578 1306.179 1306.78 1307.381 1310.495 1315.212 1319.93 1324.647 1329.365 1331.106 1332.818 1334.529 1336.241 1336.999 1336.132 1335.265 1334.399 1333.532 1331.467 1329.0 1326.534 1324.068 1321.57 1318.851 1316.133 1313.415 1310.697 1308.401 1306.514 1304.626 1302.738 1300.85 1300.394 1300.117 1299.839 1299.562 1299.341 1299.272 1299.203 1299.133 1299.064 1299.275 1299.637 1299.999 1300.36 1300.736 1301.596 1302.455 1303.315 1304.174 1304.593 1304.373 1304.154
1302.705 1303.233 1303.761 1304.29 1304.818 1304.507 1304.049 1303.592 1303.134 1302.89 1303.36 1303.83 1304.3 1304.77 1307.484 1311.631 1315.777 1319.924 1324.071 1326.237 1328.383 1330.529 1332.676 1333.859 1333.401 1332.943 1332.485 1332.027 1330.397 1328.376 1326.355 1324.334 1322.233 1319.588 1316.943 1314.298 1311.653 1309.308 1307.253 1305.197 1303.142 1301.086 1300.528 1300.156 1299.785 1299.413 1299.134 1299.107 1299.08 1299.052 1299.025 1299.288 1299.707 1300.127 1300.546 1300.982 1301.962 1302.942 1303.922 1304.901 1305.374 1305.113 1304.852
1301.914 1302.325 1302.736 1303.147 1303.557 1303.179 1302.663 1302.146 1301.63 1301.336 1301.785 1302.234 1302.683 1303.132 1305.564 1309.26 1312.957 1316.654 1320.351 1322.74 1325.115 1327.491 1329.867 1331.304 1331.143 1330.981 1330.82 1330.659 1329.333 1327.618 1325.903 1324.188 1322.363 1319.799 1317.234 1314.67 1312.106 1309.757 1307.614 1305.471 1303.329 1301.187 1300.559 1300.121 1299.683 1299.244 1298.927 1298.938 1298.949 1298.96 1298.971 1299.277 1299.743 1300.209 1300.675 1301.161 1302.298 1303.435 1304.572 1305.709 1306.266 1305.983 1305.699
1301.086 1301.434 1301.782 1302.13 1302.478 1302.18 1301.768 1301.356 1300.945 1300.774 1301.406 1302.038 1302.671 1303.303 1305.668 1309.14 1312.611 1316.083 1319.554 1321.791 1324.014 1326.238 1328.462 1329.837 1329.764 1329.692 1329.62 1329.548 1328.279 1326.611 1324.943 1323.276 1321.504 1319.034 1316.564 1314.094 1311.624 1309.353 1307.273 1305.194 1303.114 1301.034 1300.4 1299.946 1299.492 1299.038 1298.717 1298.76 1298.802 1298.845 1298.887 1299.221 1299.714 1300.206 1300.698 1301.216 1302.578 1303.94 1305.302 1306.664 1307.361 1307.094 1306.826
1300.258 1300.543 1300.828 1301.113 1301.398 1301.18 1300.873 1300.566 1300.259 1300.211 1301.026 1301.842 1302.658 1303.473 1305.773 1309.019 1312.265 1315.512 1318.758 1320.842 1322.914 1324.986 1327.058 1328.369 1328.386 1328.403 1328.42 1328.437 1327.226 1325.605 1323.984 1322.364 1320.645 1318.269 1315.894 1313.518 1311.142 1308.949 1306.933 1304.916 1302.899 1300.882 1300.241 1299.771 1299.301 1298.832 1298.508 1298.582 1298.656 1298.73 1298.803 1299.166 1299.684 1300.203 1300.721 1301.27 1302.858 1304.445 1306.032 1307.62 1308.456 1308.205 1307.953
1299.43 1299.652 1299.874 1300.097 1300.319 1300.18 1299.978 1299.776 1299.573 1299.648 1300.647 1301.646 1302.645 1303.644 1305.877 1308.898 1311.92 1314.941 1317.962 1319.893 1321.813 1323.733 1325.653 1326.902 1327.008 1327.114 1327.22 1327.325 1326.172 1324.599 1323.025 1321.451 1319.786 1317.505 1315.223 1312.942 1310.66 1308.546 1306.592 1304.638 1302.684 1300.73 1300.082 1299.596 1299.111 1298.625 1298.299 1298.404 1298.509 1298.615 1298.72 1299.11 1299.655 1300.2 1300.744 1301.325 1303.138 1304.95 1306.763 1308.576 1309.552 1309.316 1309.08
1298.602 1298.761 1298.92 1299.08 1299.239 1299.18 1299.083 1298.985 1298.888 1299.085 1300.268 1301.45 1302.632 1303.814 1305.982 1308.778 1311.574 1314.37 1317.166 1318.944 1320.712 1322.48 1324.249 1325.435 1325.63 1325.824 1326.019 1326.214 1325.119 1323.592 1322.066 1320.539 1318.927 1316.74 1314.553 1312.366 1310.179 1308.142 1306.251 1304.36 1302.469 1300.578 1299.923 1299.422 1298.92 1298.419 1298.089 1298.226 1298.363 1298.5 1298.636 1299.055 1299.625 1300.196 1300.767 1301.38 1303.418 1305.456 1307.493 1309.531 1310.647 1310.427 1310.206
1297.839 1297.92 1298.001 1298.082 1298.162 1298.187 1298.202 1298.218 1298.233 1298.52 1299.715 1300.91 1302.104 1303.299 1305.332 1307.898 1310.465 1313.032 1315.599 1317.354 1319.101 1320.849 1322.596 1323.771 1323.972 1324.172 1324.373 1324.573 1323.532 1322.077 1320.621 1319.166 1317.639 1315.634 1313.628 1311.623 1309.617 1307.706 1305.886 1304.065 1302.245 1300.425 1299.795 1299.314 1298.833 1298.352 1298.054 1298.254 1298.453 1298.653 1298.853 1299.481 1300.34 1301.199 1302.059 1302.959 1305.274 1307.589 1309.903 1312.218 1313.4 1312.941 1312.483
1297.098 1297.095 1297.092 1297.089 1297.086 1297.196 1297.327 1297.457 1297.588 1297.954 1299.107 1300.26 1301.412 1302.565 1304.441 1306.777 1309.113 1311.45 1313.786 1315.56 1317.328 1319.097 1320.865 1322.045 1322.225 1322.405 1322.584 1322.764 1321.776 1320.4 1319.023 1317.646 1316.214 1314.418 1312.622 1310.826 1309.03 1307.259 1305.512 1303.766 1302.019 1300.272 1299.678 1299.228 1298.779 1298.329 1298.073 1298.347 1298.62 1298.893 1299.166 1300.061 1301.292 1302.523 1303.754 1305.025 1307.633 1310.24 1312.848 1315.456 1316.681 1315.903 1315.125
1296.357 1296.27 1296.183 1296.096 1296.009 1296.205 1296.451 1296.697 1296.943 1297.388 1298.499 1299.61 1300.721 1301.832 1303.55 1305.656 1307.762 1309.868 1311.974 1313.766 1315.555 1317.344 1319.134 1320.32 1320.478 1320.637 1320.796 1320.954 1320.021 1318.722 1317.424 1316.125 1314.79 1313.203 1311.617 1310.03 1308.444 1306.813 1305.139 1303.465 1301.792 1300.118 1299.561 1299.142 1298.724 1298.306 1298.093 1298.44 1298.786 1299.133 1299.479 1300.641 1302.244 1303.847 1305.45 1307.09 1309.991 1312.892 1315.793 1318.695 1319.963 1318.865 1317.767
1295.616 1295.445 1295.274 1295.104 1294.933 1295.215 1295.575 1295.936 1296.297 1296.821 1297.891 1298.96 1300.029 1301.098 1302.659 1304.534 1306.41 1308.285 1310.161 1311.972 1313.782 1315.592 1317.402 1318.594 1318.732 1318.869 1319.007 1319.145 1318.265 1317.045 1315.825 1314.605 1313.365 1311.988 1310.611 1309.234 1307.857 1306.366 1304.766 1303.166 1301.565 1299.965 1299.444 1299.057 1298.67 1298.283 1298.113 1298.533 1298.953 1299.372 1299.792 1301.221 1303.196 1305.171 1307.145 1309.155 1312.35 1315.544 1318.739 1321.933 1323.244 1321.827 1320.41
1294.916 1294.663 1294.41 1294.157 1293.905 1294.256 1294.713 1295.17 1295.626 1296.213 1297.231 1298.25 1299.268 1300.287 1301.69 1303.34 1304.989 1306.638 1308.288 1310.094 1311.901 1313.709 1315.517 1316.701 1316.825 1316.949 1317.073 1317.196 1316.394 1315.282 1314.171 1313.059 1311.939 1310.764 1309.589 1308.413 1307.238 1305.885 1304.36 1302.836 1301.312 1299.787 1299.297 1298.937 1298.576 1298.215 1298.109 1298.695 1299.281 1299.866 1300.452 1302.232 1304.659 1307.086 1309.513 1311.968 1315.38 1318.792 1322.203 1325.615 1326.876 1325.021 1323.166
1294.421 1294.095 1293.769 1293.443 1293.117 1293.457 1293.914 1294.371 1294.828 1295.392 1296.317 1297.241 1298.165 1299.089 1300.331 1301.776 1303.222 1304.667 1306.112 1307.797 1309.484 1311.171 1312.858 1313.974 1314.119 1314.264 1314.409 1314.553 1313.948 1313.094 1312.239 1311.384 1310.508 1309.495 1308.482 1307.469 1306.456 1305.228 1303.793 1302.357 1300.922 1299.487 1299.007 1298.646 1298.286 1297.925 1297.988 1299.202 1300.416 1301.63 1302.844 1305.4 1308.68 1311.961 1315.242 1318.522 1321.771 1325.021 1328.27 1331.519 1332.263 1329.376 1326.489
1293.927 1293.527 1293.128 1292.729 1292.329 1292.659 1293.115 1293.572 1294.029 1294.572 1295.402 1296.232 1297.062 1297.892 1298.973 1300.213 1301.454 1302.695 1303.936 1305.499 1307.066 1308.633 1310.199 1311.248 1311.413 1311.579 1311.745 1311.91 1311.503 1310.905 1310.307 1309.708 1309.077 1308.227 1307.376 1306.525 1305.675 1304.572 1303.225 1301.879 1300.533 1299.187 1298.717 1298.356 1297.995 1297.635 1297.867 1299.709 1301.552 1303.395 1305.237 1308.567 1312.702 1316.836 1320.971 1325.075 1328.162 1331.249 1334.336 1337.423 1337.649 1333.73 1329.811
1293.432 1292.96 1292.487 1292.015 1291.542 1291.86 1292.317 1292.774 1293.231 1293.752 1294.487 1295.223 1295.959 1296.694 1297.614 1298.65 1299.687 1300.723 1301.76 1303.202 1304.648 1306.094 1307.541 1308.521 1308.708 1308.894 1309.081 1309.267 1309.058 1308.716 1308.375 1308.033 1307.646 1306.958 1306.27 1305.582 1304.893 1303.915 1302.658 1301.401 1300.144 1298.886 1298.426 1298.066 1297.705 1297.344 1297.745 1300.216 1302.688 1305.159 1307.63 1311.734 1316.723 1321.711 1326.699 1331.629 1334.553 1337.478 1340.403 1343.327 1343.036 1338.085 1333.134
1292.938 1292.392 1291.846 1291.3 1290.754 1291.061 1291.518 1291.975 1292.432 1292.932 1293.573 1294.214 1294.855 1295.497 1296.255 1297.087 1297.919 1298.752 1299.584 1300.905 1302.231 1303.556 1304.882 1305.794 1306.002 1306.209 1306.417 1306.624 1306.613 1306.528 1306.443 1306.358 1306.215 1305.69 1305.164 1304.638 1304.112 1303.259 1302.091 1300.922 1299.754 1298.586 1298.136 1297.775 1297.414 1297.054 1297.624 1300.724 1303.823 1306.923 1310.023 1314.902 1320.744 1326.586 1332.428 1338.182 1340.944 1343.707 1346.469 1349.231 1348.422 1342.44 1336.457
1292.761 1292.166 1291.571 1290.976 1290.38 1290.57 1290.897 1291.225 1291.552 1291.923 1292.44 1292.957 1293.474 1293.991 1294.591 1295.243 1295.895 1296.547 1297.199 1298.31 1299.425 1300.54 1301.654 1302.434 1302.641 1302.849 1303.056 1303.263 1303.48 1303.7 1303.92 1304.14 1304.297 1304.032 1303.768 1303.504 1303.24 1302.515 1301.345 1300.176 1299.006 1297.837 1297.394 1297.043 1296.691 1296.339 1297.144 1301.092 1305.04 1308.988 1312.936 1318.642 1325.298 1331.955 1338.612 1345.144 1347.464 1349.784 1352.104 1354.424 1352.809 1345.493 1338.178
1292.819 1292.192 1291.566 1290.939 1290.313 1290.306 1290.408 1290.51 1290.613 1290.777 1291.147 1291.517 1291.887 1292.258 1292.701 1293.191 1293.68 1294.17 1294.66 1295.494 1296.331 1297.169 1298.006 1298.605 1298.796 1298.988 1299.18 1299.371 1299.839 1300.4 1300.96 1301.52 1302.017 1302.088 1302.159 1302.23 1302.301 1301.706 1300.468 1299.23 1297.993 1296.755 1296.319 1295.983 1295.647 1295.312 1296.4 1301.359 1306.318 1311.276 1316.235 1322.805 1330.248 1337.69 1345.132 1352.41 1354.08 1355.75 1357.421 1359.091 1356.456 1347.586 1338.715
1292.877 1292.219 1291.561 1290.903 1290.245 1290.042 1289.919 1289.796 1289.673 1289.63 1289.853 1290.077 1290.301 1290.524 1290.811 1291.139 1291.466 1291.793 1292.121 1292.678 1293.238 1293.798 1294.358 1294.776 1294.951 1295.127 1295.303 1295.479 1296.199 1297.099 1298.0 1298.901 1299.737 1300.144 1300.55 1300.956 1301.362 1300.897 1299.591 1298.285 1296.979 1295.674 1295.244 1294.924 1294.604 1294.284 1295.656 1301.625 1307.595 1313.564 1319.534 1326.969 1335.197 1343.425 1351.653 1359.675 1360.696 1361.717 1362.738 1363.759 1360.104 1349.678 1339.251
1292.935 1292.245 1291.556 1290.866 1290.177 1289.778 1289.429 1289.081 1288.733 1288.483 1288.56 1288.637 1288.714 1288.791 1288.921 1289.086 1289.251 1289.417 1289.582 1289.863 1290.145 1290.427 1290.709 1290.947 1291.107 1291.267 1291.427 1291.588 1292.558 1293.799 1295.041 1296.282 1297.458 1298.199 1298.941 1299.682 1300.424 1300.088 1298.714 1297.34 1295.966 1294.593 1294.169 1293.865 1293.56 1293.256 1294.911 1301.891 1308.872 1315.852 1322.832 1331.132 1340.146 1349.159 1358.173 1366.939 1367.311 1367.682 1368.054 1368.426 1363.752 1351.77 1339.788
1292.993 1292.272 1291.551 1290.83 1290.109 1289.513 1288.94 1288.367 1287.793 1287.336 1287.266 1287.197 1287.127 1287.057 1287.032 1287.034 1287.037 1287.04 1287.042 1287.047 1287.052 1287.056 1287.061 1287.117 1287.262 1287.406 1287.551 1287.696 1288.918 1290.499 1292.081 1293.662 1295.178 1296.255 1297.332 1298.408 1299.485 1299.278 1297.837 1296.395 1294.953 1293.511 1293.094 1292.806 1292.517 1292.228 1294.167 1302.158 1310.149 1318.14 1326.131 1335.296 1345.095 1354.894 1364.693 1374.204 1373.927 1373.649 1373.371 1373.093 1367.4 1353.862 1340.325
1293.671 1292.872 1292.073 1291.275 1290.476 1289.673 1288.869 1288.066 1287.262 1286.573 1286.269 1285.965 1285.661 1285.358 1285.161 1285.032 1284.903 1284.774 1284.646 1284.323 1283.999 1283.674 1283.35 1283.052 1282.8 1282.548 1282.295 1282.043 1283.027 1284.424 1285.821 1287.217 1288.627 1290.127 1291.626 1293.125 1294.625 1294.73 1293.493 1292.256 1291.019 1289.782 1289.837 1290.053 1290.27 1290.486 1292.882 1301.205 1309.527 1317.849 1326.171 1335.5 1345.375 1355.249 1365.123 1374.7 1374.174 1373.649 1373.123 1372.597 1366.682 1352.959 1339.235
1294.36 1293.483 1292.605 1291.728 1290.851 1289.84 1288.806 1287.772 1286.737 1285.817 1285.278 1284.738 1284.198 1283.659 1283.29 1283.03 1282.771 1282.511 1282.251 1281.601 1280.947 1280.292 1279.638 1278.983 1278.327 1277.672 1277.016 1276.361 1277.099 1278.302 1279.505 1280.708 1282.004 1283.927 1285.851 1287.774 1289.698 1290.118 1289.091 1288.063 1287.036 1286.009 1286.543 1287.273 1288.002 1288.731 1291.589 1300.231 1308.872 1317.514 1326.156 1335.638 1345.575 1355.512 1365.449 1375.08 1374.314 1373.547 1372.78 1372.014 1365.889 1352.004 1338.119
1295.049 1294.093 1293.137 1292.181 1291.225 1290.007 1288.742 1287.478 1286.213 1285.061 1284.286 1283.511 1282.735 1281.96 1281.419 1281.029 1280.638 1280.248 1279.857 1278.879 1277.894 1276.91 1275.926 1274.914 1273.855 1272.796 1271.737 1270.678 1271.17 1272.179 1273.188 1274.198 1275.38 1277.728 1280.076 1282.423 1284.771 1285.506 1284.688 1283.871 1283.053 1282.235 1283.249 1284.492 1285.734 1286.977 1290.296 1299.257 1308.218 1317.179 1326.14 1335.776 1345.776 1355.776 1365.775 1375.46 1374.453 1373.445 1372.438 1371.431 1365.097 1351.05 1337.002
