data/zism_data/00027_03_D.txt
ncols         224
nrows         224
[rows 28 to 55 of 224, columns 63 to 125 of 224]
1704.169 1704.762 1705.355 1705.948 1706.96 1708.307 1709.653 1710.999 1712.346 1713.877 1715.434 1716.992 1718.549 1720.107 1721.665 1723.224 1724.783 1726.341 1727.781 1729.108 1730.435 1731.762 1733.089 1734.476 1735.875 1737.273 1738.672 1740.069 1741.461 1742.852 1744.244 1745.635 1747.082 1748.588 1750.095 1751.601 1753.108 1754.824 1756.594 1758.363 1760.133 1761.875 1763.402 1764.929 1766.456 1767.983 1769.587 1771.291 1772.995 1774.699 1776.403 1778.06 1779.702 1781.345 1782.987 1784.613 1786.037 1787.462 1788.886 1790.311 1791.756 1793.232 1794.709
1704.044 1704.695 1705.346 1705.996 1707.06 1708.454 1709.848 1711.241 1712.635 1714.038 1715.444 1716.849 1718.254 1719.679 1721.185 1722.691 1724.197 1725.703 1727.125 1728.468 1729.811 1731.154 1732.497 1733.9 1735.314 1736.728 1738.142 1739.563 1741.017 1742.472 1743.927 1745.381 1746.85 1748.336 1749.822 1751.307 1752.793 1754.521 1756.312 1758.103 1759.893 1761.666 1763.304 1764.941 1766.578 1768.216 1769.946 1771.797 1773.648 1775.499 1777.349 1779.063 1780.731 1782.4 1784.068 1785.719 1787.143 1788.568 1789.992 1791.417 1792.849 1794.294 1795.739
1703.819 1704.482 1705.145 1705.808 1706.885 1708.294 1709.702 1711.109 1712.518 1713.839 1715.149 1716.458 1717.768 1719.106 1720.563 1722.021 1723.478 1724.935 1726.348 1727.717 1729.087 1730.456 1731.826 1733.26 1734.706 1736.153 1737.599 1739.053 1740.549 1742.045 1743.54 1745.036 1746.511 1747.963 1749.414 1750.866 1752.318 1754.059 1755.874 1757.69 1759.505 1761.311 1763.046 1764.781 1766.516 1768.251 1770.091 1772.069 1774.047 1776.024 1778.002 1779.781 1781.496 1783.211 1784.926 1786.62 1788.056 1789.491 1790.926 1792.362 1793.808 1795.271 1796.734
1703.409 1703.999 1704.588 1705.177 1706.196 1707.557 1708.917 1710.278 1711.639 1712.964 1714.284 1715.604 1716.924 1718.262 1719.678 1721.093 1722.508 1723.924 1725.34 1726.757 1728.174 1729.59 1731.007 1732.502 1734.011 1735.521 1737.03 1738.537 1740.033 1741.529 1743.024 1744.52 1745.967 1747.361 1748.755 1750.149 1751.543 1753.298 1755.145 1756.991 1758.838 1760.681 1762.489 1764.297 1766.106 1767.914 1769.835 1771.902 1773.969 1776.036 1778.103 1779.968 1781.767 1783.566 1785.365 1787.139 1788.605 1790.072 1791.539 1793.006 1794.515 1796.088 1797.661
1702.999 1703.515 1704.031 1704.547 1705.506 1706.82 1708.133 1709.447 1710.76 1712.088 1713.419 1714.749 1716.08 1717.419 1718.792 1720.165 1721.539 1722.912 1724.332 1725.796 1727.26 1728.724 1730.189 1731.743 1733.316 1734.888 1736.461 1738.021 1739.517 1741.012 1742.508 1744.004 1745.424 1746.76 1748.096 1749.433 1750.769 1752.536 1754.415 1756.293 1758.171 1760.05 1761.932 1763.814 1765.696 1767.578 1769.579 1771.735 1773.892 1776.048 1778.204 1780.154 1782.037 1783.92 1785.803 1787.657 1789.155 1790.654 1792.152 1793.651 1795.222 1796.905 1798.589
1702.589 1703.031 1703.473 1703.916 1704.816 1706.083 1707.349 1708.615 1709.881 1711.213 1712.554 1713.895 1715.236 1716.575 1717.906 1719.238 1720.569 1721.9 1723.324 1724.836 1726.347 1727.859 1729.37 1730.985 1732.62 1734.256 1735.891 1737.505 1739.001 1740.496 1741.992 1743.488 1744.88 1746.159 1747.437 1748.716 1749.994 1751.775 1753.685 1755.595 1757.505 1759.42 1761.375 1763.331 1765.286 1767.241 1769.323 1771.568 1773.814 1776.06 1778.305 1780.34 1782.307 1784.274 1786.241 1788.175 1789.705 1791.235 1792.765 1794.295 1795.929 1797.723 1799.516
1702.178 1702.547 1702.916 1703.285 1704.126 1705.345 1706.564 1707.783 1709.002 1710.337 1711.689 1713.04 1714.392 1715.731 1717.021 1718.31 1719.599 1720.888 1722.317 1723.875 1725.434 1726.993 1728.551 1730.227 1731.925 1733.624 1735.322 1736.989 1738.485 1739.98 1741.476 1742.972 1744.337 1745.557 1746.778 1747.999 1749.22 1751.014 1752.955 1754.896 1756.838 1758.789 1760.818 1762.847 1764.876 1766.905 1769.067 1771.402 1773.736 1776.071 1778.406 1780.527 1782.578 1784.629 1786.68 1788.694 1790.255 1791.817 1793.378 1794.939 1796.636 1798.54 1800.444
1701.722 1702.013 1702.304 1702.595 1703.361 1704.507 1705.653 1706.798 1707.944 1709.272 1710.625 1711.978 1713.332 1714.676 1715.984 1717.292 1718.6 1719.908 1721.356 1722.936 1724.516 1726.096 1727.676 1729.397 1731.145 1732.894 1734.642 1736.365 1737.952 1739.539 1741.126 1742.712 1744.139 1745.389 1746.639 1747.888 1749.138 1750.939 1752.881 1754.824 1756.766 1758.719 1760.752 1762.785 1764.818 1766.851 1769.022 1771.373 1773.723 1776.073 1778.424 1780.559 1782.625 1784.69 1786.756 1788.784 1790.351 1791.918 1793.485 1795.052 1796.815 1798.882 1800.948
1701.256 1701.468 1701.681 1701.893 1702.58 1703.647 1704.714 1705.781 1706.848 1708.166 1709.519 1710.873 1712.226 1713.577 1714.916 1716.255 1717.595 1718.935 1720.406 1722.002 1723.597 1725.193 1726.789 1728.552 1730.347 1732.143 1733.939 1735.719 1737.416 1739.113 1740.81 1742.507 1744.014 1745.311 1746.608 1747.905 1749.202 1751.008 1752.946 1754.883 1756.82 1758.767 1760.79 1762.812 1764.835 1766.857 1769.022 1771.373 1773.723 1776.073 1778.424 1780.559 1782.625 1784.69 1786.756 1788.784 1790.351 1791.918 1793.485 1795.052 1796.884 1799.123 1801.363
1700.79 1700.924 1701.057 1701.191 1701.799 1702.788 1703.776 1704.764 1705.752 1707.06 1708.414 1709.767 1711.12 1712.477 1713.848 1715.219 1716.59 1717.961 1719.456 1721.067 1722.679 1724.29 1725.902 1727.706 1729.549 1731.392 1733.235 1735.073 1736.88 1738.687 1740.495 1742.302 1743.889 1745.233 1746.578 1747.922 1749.266 1751.078 1753.01 1754.942 1756.874 1758.815 1760.827 1762.839 1764.851 1766.863 1769.022 1771.373 1773.723 1776.073 1778.424 1780.559 1782.625 1784.69 1786.756 1788.784 1790.351 1791.918 1793.485 1795.052 1796.952 1799.365 1801.777
1700.324 1700.379 1700.434 1700.489 1701.019 1701.928 1702.837 1703.747 1704.656 1705.955 1707.308 1708.661 1710.014 1711.377 1712.78 1714.182 1715.585 1716.987 1718.506 1720.133 1721.76 1723.387 1725.014 1726.861 1728.752 1730.642 1732.532 1734.427 1736.344 1738.262 1740.179 1742.097 1743.764 1745.156 1746.547 1747.939 1749.33 1751.147 1753.074 1755.001 1756.928 1758.863 1760.865 1762.866 1764.868 1766.869 1769.022 1771.373 1773.723 1776.073 1778.424 1780.559 1782.625 1784.69 1786.756 1788.784 1790.351 1791.918 1793.485 1795.052 1797.021 1799.606 1802.192
1700.0 1700.0 1700.0 1700.0 1700.447 1701.25 1702.054 1702.857 1703.661 1704.918 1706.239 1707.561 1708.882 1710.228 1711.673 1713.118 1714.563 1716.008 1717.571 1719.245 1720.918 1722.591 1724.264 1726.161 1728.102 1730.042 1731.983 1733.934 1735.937 1737.941 1739.945 1741.949 1743.703 1745.182 1746.661 1748.139 1749.618 1751.445 1753.362 1755.278 1757.195 1759.119 1761.099 1763.079 1765.059 1767.038 1769.169 1771.495 1773.822 1776.148 1778.474 1780.597 1782.653 1784.709 1786.765 1788.784 1790.351 1791.918 1793.485 1795.052 1797.068 1799.775 1802.481
1700.0 1700.0 1700.0 1700.0 1700.353 1700.989 1701.624 1702.26 1702.896 1704.04 1705.256 1706.472 1707.689 1708.963 1710.477 1711.99 1713.504 1715.017 1716.672 1718.461 1720.25 1722.039 1723.828 1725.792 1727.79 1729.788 1731.787 1733.791 1735.826 1737.862 1739.897 1741.932 1743.788 1745.445 1747.102 1748.76 1750.417 1752.264 1754.159 1756.055 1757.951 1759.851 1761.783 1763.716 1765.649 1767.581 1769.651 1771.898 1774.146 1776.394 1778.641 1780.72 1782.745 1784.769 1786.794 1788.784 1790.351 1791.918 1793.485 1795.052 1797.068 1799.775 1802.481
1700.0 1700.0 1700.0 1700.0 1700.26 1700.727 1701.195 1701.662 1702.13 1703.161 1704.273 1705.384 1706.495 1707.699 1709.281 1710.862 1712.444 1714.026 1715.774 1717.678 1719.582 1721.487 1723.391 1725.422 1727.478 1729.534 1731.591 1733.649 1735.715 1737.782 1739.849 1741.916 1743.873 1745.708 1747.544 1749.38 1751.216 1753.083 1754.957 1756.832 1758.707 1760.583 1762.468 1764.353 1766.239 1768.124 1770.133 1772.301 1774.47 1776.639 1778.808 1780.844 1782.837 1784.83 1786.823 1788.784 1790.351 1791.918 1793.485 1795.052 1797.068 1799.775 1802.481
1700.0 1700.0 1700.0 1700.0 1700.167 1700.466 1700.766 1701.065 1701.365 1702.283 1703.29 1704.296 1705.302 1706.435 1708.084 1709.734 1711.384 1713.034 1714.875 1716.895 1718.915 1720.934 1722.954 1725.052 1727.167 1729.281 1731.394 1733.506 1735.604 1737.703 1739.801 1741.899 1743.958 1745.972 1747.986 1750.0 1752.015 1753.901 1755.755 1757.609 1759.462 1761.314 1763.152 1764.99 1766.828 1768.667 1770.614 1772.704 1774.794 1776.885 1778.975 1780.968 1782.929 1784.891 1786.852 1788.784 1790.351 1791.918 1793.485 1795.052 1797.068 1799.775 1802.481
1700.0 1700.0 1700.0 1700.0 1700.073 1700.205 1700.336 1700.468 1700.599 1701.405 1702.306 1703.208 1704.109 1705.17 1706.888 1708.607 1710.325 1712.043 1713.976 1716.112 1718.247 1720.382 1722.517 1724.683 1726.855 1729.026 1731.198 1733.363 1735.493 1737.623 1739.753 1741.883 1744.042 1746.235 1748.428 1750.621 1752.813 1754.72 1756.553 1758.385 1760.218 1762.046 1763.837 1765.628 1767.418 1769.209 1771.096 1773.107 1775.119 1777.13 1779.141 1781.091 1783.021 1784.951 1786.881 1788.784 1790.351 1791.918 1793.485 1795.052 1797.068 1799.775 1802.481
1700.376 1700.384 1700.392 1700.4 1700.454 1700.545 1700.636 1700.727 1700.818 1701.541 1702.354 1703.167 1703.979 1704.969 1706.686 1708.402 1710.119 1711.835 1713.781 1715.941 1718.102 1720.262 1722.422 1724.603 1726.787 1728.971 1731.156 1733.332 1735.469 1737.606 1739.742 1741.879 1744.071 1746.323 1748.575 1750.827 1753.079 1755.037 1756.918 1758.8 1760.681 1762.56 1764.414 1766.269 1768.123 1769.978 1771.882 1773.852 1775.821 1777.791 1779.761 1781.646 1783.503 1785.36 1787.218 1789.051 1790.585 1792.119 1793.653 1795.187 1797.183 1799.89 1802.596
1700.855 1700.874 1700.893 1700.912 1700.968 1701.053 1701.139 1701.224 1701.31 1701.959 1702.688 1703.416 1704.145 1705.063 1706.759 1708.454 1710.15 1711.846 1713.781 1715.941 1718.102 1720.262 1722.422 1724.603 1726.787 1728.971 1731.156 1733.332 1735.469 1737.606 1739.742 1741.879 1744.083 1746.361 1748.64 1750.918 1753.197 1755.214 1757.164 1759.113 1761.063 1763.013 1764.962 1766.911 1768.86 1770.809 1772.753 1774.691 1776.629 1778.568 1780.505 1782.319 1784.093 1785.866 1787.639 1789.392 1790.884 1792.376 1793.868 1795.36 1797.331 1800.037 1802.744
1701.335 1701.365 1701.394 1701.423 1701.481 1701.561 1701.641 1701.722 1701.802 1702.377 1703.022 1703.666 1704.311 1705.157 1706.832 1708.507 1710.181 1711.856 1713.781 1715.941 1718.102 1720.262 1722.422 1724.603 1726.787 1728.971 1731.156 1733.332 1735.469 1737.606 1739.742 1741.879 1744.096 1746.4 1748.705 1751.01 1753.314 1755.391 1757.409 1759.427 1761.445 1763.466 1765.51 1767.553 1769.597 1771.64 1773.624 1775.531 1777.437 1779.344 1781.25 1782.993 1784.682 1786.372 1788.061 1789.733 1791.183 1792.633 1794.083 1795.533 1797.478 1800.185 1802.891
1701.815 1701.855 1701.895 1701.934 1701.994 1702.069 1702.144 1702.219 1702.294 1702.795 1703.355 1703.916 1704.477 1705.252 1706.905 1708.559 1710.212 1711.866 1713.781 1715.941 1718.102 1720.262 1722.422 1724.603 1726.787 1728.971 1731.156 1733.332 1735.469 1737.606 1739.742 1741.879 1744.108 1746.439 1748.77 1751.101 1753.432 1755.568 1757.654 1759.741 1761.827 1763.919 1766.057 1768.196 1770.333 1772.472 1774.495 1776.37 1778.245 1780.12 1781.995 1783.667 1785.272 1786.878 1788.483 1790.073 1791.481 1792.89 1794.297 1795.705 1797.626 1800.332 1803.039
1702.536 1702.589 1702.642 1702.695 1702.774 1702.874 1702.974 1703.074 1703.174 1703.608 1704.091 1704.573 1705.055 1705.755 1707.352 1708.949 1710.546 1712.143 1714.015 1716.146 1718.276 1720.406 1722.536 1724.699 1726.868 1729.038 1731.207 1733.37 1735.498 1737.626 1739.755 1741.883 1744.117 1746.468 1748.818 1751.168 1753.519 1755.699 1757.836 1759.973 1762.109 1764.255 1766.471 1768.688 1770.904 1773.12 1775.185 1777.053 1778.921 1780.789 1782.657 1784.291 1785.848 1787.405 1788.961 1790.505 1791.885 1793.265 1794.644 1796.024 1797.934 1800.656 1803.379
1703.938 1704.012 1704.086 1704.16 1704.309 1704.52 1704.73 1704.94 1705.15 1705.544 1705.963 1706.382 1706.801 1707.42 1708.859 1710.299 1711.738 1713.178 1714.914 1716.929 1718.943 1720.958 1722.973 1725.069 1727.18 1729.292 1731.403 1733.512 1735.609 1737.706 1739.803 1741.9 1744.117 1746.468 1748.818 1751.168 1753.519 1755.699 1757.836 1759.973 1762.109 1764.259 1766.507 1768.754 1771.002 1773.249 1775.359 1777.291 1779.222 1781.153 1783.084 1784.772 1786.382 1787.991 1789.601 1791.194 1792.584 1793.974 1795.365 1796.755 1798.696 1801.482 1804.267
1705.34 1705.435 1705.53 1705.625 1705.845 1706.166 1706.486 1706.807 1707.127 1707.479 1707.835 1708.191 1708.547 1709.085 1710.367 1711.649 1712.931 1714.213 1715.813 1717.712 1719.611 1721.51 1723.41 1725.438 1727.492 1729.546 1731.599 1733.655 1735.72 1737.786 1739.851 1741.916 1744.117 1746.468 1748.818 1751.168 1753.519 1755.699 1757.836 1759.973 1762.109 1764.263 1766.542 1768.821 1771.1 1773.379 1775.534 1777.528 1779.523 1781.517 1783.511 1785.254 1786.916 1788.578 1790.24 1791.883 1793.283 1794.684 1796.085 1797.485 1799.458 1802.307 1805.155
1706.742 1706.858 1706.974 1707.09 1707.381 1707.811 1708.242 1708.673 1709.104 1709.414 1709.707 1710.0 1710.293 1710.749 1711.874 1712.998 1714.123 1715.247 1716.712 1718.495 1720.279 1722.063 1723.847 1725.808 1727.803 1729.799 1731.795 1733.797 1735.831 1737.865 1739.899 1741.933 1744.117 1746.468 1748.818 1751.168 1753.519 1755.699 1757.836 1759.973 1762.109 1764.266 1766.577 1768.887 1771.198 1773.509 1775.709 1777.766 1779.823 1781.881 1783.938 1785.736 1787.451 1789.165 1790.88 1792.572 1793.983 1795.394 1796.805 1798.216 1800.22 1803.132 1806.043
1708.144 1708.281 1708.418 1708.555 1708.916 1709.457 1709.998 1710.539 1711.08 1711.349 1711.579 1711.809 1712.039 1712.414 1713.381 1714.348 1715.315 1716.282 1717.61 1719.279 1720.947 1722.615 1724.283 1726.177 1728.115 1730.053 1731.992 1733.94 1735.942 1737.945 1739.947 1741.949 1744.117 1746.468 1748.818 1751.168 1753.519 1755.699 1757.836 1759.973 1762.109 1764.27 1766.612 1768.954 1771.296 1773.638 1775.884 1778.004 1780.124 1782.245 1784.365 1786.218 1787.985 1789.752 1791.519 1793.26 1794.682 1796.104 1797.525 1798.947 1800.982 1803.957 1806.932
1709.425 1709.618 1709.811 1710.004 1710.419 1711.013 1711.606 1712.199 1712.792 1713.09 1713.346 1713.603 1713.859 1714.24 1715.135 1716.03 1716.925 1717.82 1719.078 1720.677 1722.276 1723.876 1725.475 1727.29 1729.147 1731.004 1732.861 1734.74 1736.734 1738.728 1740.722 1742.717 1744.849 1747.133 1749.417 1751.702 1753.986 1756.107 1758.185 1760.264 1762.343 1764.448 1766.76 1769.071 1771.382 1773.694 1775.929 1778.066 1780.203 1782.339 1784.476 1786.344 1788.125 1789.905 1791.686 1793.442 1794.889 1796.337 1797.785 1799.233 1801.286 1804.27 1807.254
1710.665 1710.926 1711.187 1711.448 1711.911 1712.536 1713.161 1713.785 1714.41 1714.762 1715.076 1715.391 1715.705 1716.124 1716.977 1717.83 1718.683 1719.536 1720.746 1722.293 1723.84 1725.387 1726.934 1728.665 1730.433 1732.201 1733.969 1735.772 1737.766 1739.76 1741.754 1743.749 1745.838 1748.033 1750.229 1752.424 1754.619 1756.658 1758.658 1760.658 1762.658 1764.688 1766.947 1769.206 1771.465 1773.724 1775.929 1778.066 1780.203 1782.339 1784.476 1786.344 1788.125 1789.905 1791.686 1793.444 1794.923 1796.403 1797.882 1799.361 1801.43 1804.403 1807.376
1711.904 1712.233 1712.563 1712.892 1713.403 1714.059 1714.715 1715.371 1716.027 1716.435 1716.807 1717.178 1717.55 1718.008 1718.819 1719.63 1720.441 1721.251 1722.415 1723.909 1725.403 1726.898 1728.392 1730.04 1731.719 1733.397 1735.076 1736.804 1738.798 1740.792 1742.786 1744.781 1746.828 1748.934 1751.04 1753.145 1755.251 1757.21 1759.131 1761.052 1762.973 1764.927 1767.134 1769.34 1771.547 1773.753 1775.929 1778.066 1780.203 1782.339 1784.476 1786.344 1788.125 1789.905 1791.686 1793.446 1794.957 1796.468 1797.979 1799.489 1801.573 1804.536 1807.498
