data/zism_data/00028_04_D.txt
ncols         224
nrows         224
[rows 60 to 89 of 224, columns 0 to 68 of 224]
500.7793 501.3432 501.9072 502.0476 501.6984 501.3491 500.9998 500.6506 498.8849 497.0086 495.1323 493.256 490.3407 485.8095 481.2782 476.7468 472.2156 462.5901 452.1016 441.6127 431.1242 422.1768 416.523 410.869 405.2152 399.5612 399.7533 401.5692 403.385 405.2009 408.5858 416.7701 424.9547 433.1389 441.3235 450.5269 460.1467 469.7661 479.3858 487.8814 491.0393 494.1971 497.3549 500.5127 504.1745 508.1229 512.0711 516.0194 519.5952 519.8714 520.1476 520.4239 520.7001 512.7114 498.3654 484.019 469.6731 455.3165 440.6205 425.9246 411.2281 396.5321 382.4897 369.1211 355.752 342.3833 329.0143 328.3326 328.2275
497.92 498.5973 499.2746 499.6511 499.6798 499.7086 499.7373 499.766 498.3232 496.7655 495.2077 493.65 490.9223 486.3748 481.8274 477.2798 472.7324 462.2597 450.7831 439.306 427.8294 418.4724 413.6447 408.8168 403.9891 399.1613 400.078 402.5904 405.1028 407.6151 411.6767 420.4765 429.2766 438.0764 446.8766 455.3267 463.6343 471.9416 480.2492 487.5934 490.3625 493.1314 495.9005 498.6695 502.7896 507.6775 512.5653 517.4532 522.0178 523.7195 525.4212 527.123 528.8246 521.3245 506.7464 492.1678 477.5898 462.9653 446.8061 430.6468 414.4869 398.3276 383.1811 369.0782 354.9748 340.8718 326.7684 327.8935 329.7106
495.4062 495.8084 496.2106 496.5829 496.9204 497.2579 497.5954 497.933 496.9586 495.8817 494.8048 493.7279 491.1918 486.3861 481.5804 476.7744 471.9687 461.0596 449.1163 437.1726 425.2293 415.8179 411.8163 407.8146 403.813 399.8113 401.7567 405.3541 408.9514 412.5487 417.455 426.3649 435.2751 444.1849 453.0951 460.5074 467.3087 474.1097 480.911 486.8484 488.6833 490.5181 492.3529 494.1877 498.392 503.9428 509.4934 515.0442 520.3862 523.8806 527.3749 530.8693 534.3636 528.2665 514.7919 501.3169 487.8423 474.2615 457.1445 440.0274 422.9098 405.7928 389.847 375.1082 360.369 345.6302 330.8909 332.8293 335.5257
493.2481 492.9754 492.7027 492.8232 493.3983 493.9734 494.5485 495.1236 494.7674 494.3384 493.9095 493.4805 491.1402 485.8269 480.5136 475.2002 469.8869 458.9642 447.0911 435.2176 423.3445 414.2443 411.0688 407.8932 404.7178 401.5422 404.8293 409.9115 414.9937 420.0758 426.0 434.4995 442.9994 451.4989 459.9987 466.0804 471.1754 476.2702 481.3653 485.6331 485.9722 486.3114 486.6506 486.9897 490.8932 496.822 502.7506 508.6794 514.5812 520.2463 525.9111 531.5762 537.241 533.4886 522.4922 511.4955 500.4992 489.3123 471.7579 454.2035 436.6485 419.0941 402.6631 387.3898 372.116 356.8427 341.5688 343.2981 345.8001
491.09 490.1423 489.1947 489.0634 489.8762 490.6888 491.5016 492.3142 492.5762 492.7952 493.0142 493.2331 491.0886 485.2677 479.4469 473.6259 467.8051 456.8688 445.0659 433.2626 421.4597 412.6707 410.3214 407.9719 405.6225 403.2731 407.9018 414.4689 421.0359 427.6028 434.545 442.6342 450.7236 458.8128 466.9022 471.6533 475.0421 478.4308 481.8195 484.4177 483.2612 482.1048 480.9483 479.7918 483.3943 489.7011 496.0077 502.3145 508.7762 516.6119 524.4473 532.283 540.1185 538.7106 530.1926 521.6743 513.1562 504.3631 486.3714 468.3796 450.3872 432.3954 415.4792 399.6714 383.863 368.0551 352.2468 353.7669 356.0746
488.9319 487.3093 485.6867 485.3037 486.354 487.4043 488.4546 489.5049 490.3851 491.2519 492.1188 492.9857 491.0369 484.7086 478.3802 472.0516 465.7232 454.7734 443.0407 431.3076 419.5749 411.0972 409.5739 408.0506 406.5273 405.004 410.9743 419.0263 427.0781 435.1299 443.09 450.7688 458.4479 466.1267 473.8058 477.2263 478.9088 480.5912 482.2738 483.2024 480.5502 477.8981 475.2459 472.5938 475.8955 482.5803 489.2649 495.9497 502.9712 512.9775 522.9835 532.9899 542.9959 543.9326 537.8928 531.8529 525.8132 519.4139 500.9848 482.5557 464.1259 445.6968 428.2953 411.9529 395.61 379.2676 362.9247 364.2357 366.349
486.7738 484.4763 482.1788 481.5441 482.832 484.1198 485.4077 486.6956 488.1939 489.7087 491.2235 492.7383 490.9853 484.1494 477.3135 470.4773 463.6414 452.6781 441.0156 429.3527 417.6902 409.5236 408.8264 408.1292 407.4321 406.7349 414.0468 423.5837 433.1202 442.6568 451.6349 458.9033 466.172 473.4405 480.7092 482.7991 482.7754 482.7517 482.728 481.9871 477.8392 473.6916 469.5437 465.396 468.3968 475.4596 482.5222 489.585 497.1663 509.3432 521.5198 533.6967 545.8733 549.1545 545.593 542.0314 538.47 534.4645 515.598 496.7315 477.8644 458.9979 441.1112 424.2343 407.3568 390.4799 373.6024 374.7043 376.6233
481.24 477.8802 474.5204 473.6034 475.5112 477.4189 479.3266 481.2343 483.9008 486.6264 489.3522 492.0779 491.2473 484.8852 478.523 472.1606 465.7985 454.6282 442.6433 430.6581 418.6732 410.3183 409.7191 409.1198 408.5206 407.9213 415.8467 426.1403 436.4335 446.7268 456.0009 462.1565 468.3123 474.468 480.6238 481.4362 480.0677 478.6992 477.3307 475.3742 470.6241 465.8742 461.1242 456.3743 458.9599 465.7137 472.4672 479.221 486.5778 499.2778 511.9775 524.6776 537.3772 542.1116 540.7188 539.3257 537.9329 536.0633 518.2367 500.4101 482.5828 464.7562 447.5128 430.8709 414.2284 397.5865 380.9441 381.0551 381.9274
475.5528 471.1131 466.6732 465.4727 468.0177 470.5625 473.1075 475.6524 479.512 483.4742 487.4365 491.3987 491.5237 485.6799 479.8361 473.992 468.1482 456.7622 444.4372 432.1117 419.7867 411.2207 410.6863 410.1519 409.6174 409.083 417.5888 428.606 439.6228 450.6396 460.177 465.1878 470.1988 475.2097 480.2206 479.7579 477.0611 474.3643 471.6674 468.5159 463.2043 457.8928 452.5811 447.2696 449.4348 455.8484 462.2617 468.6753 475.7718 488.9201 502.0679 515.2162 528.3641 534.5112 535.2728 536.0344 536.796 537.0505 520.331 503.6114 486.8912 470.1716 453.6228 437.2509 420.8784 404.5064 388.134 387.2185 387.0055
469.8656 464.3459 458.8261 457.342 460.5242 463.7062 466.8884 470.0705 475.1232 480.3219 485.5208 490.7195 491.8 486.4745 481.1491 475.8234 470.4979 458.8961 446.231 433.5653 420.9001 412.1231 411.6535 411.1839 410.7143 410.2447 419.3308 431.0717 442.812 454.5524 464.3531 468.2191 472.0853 475.9513 479.8175 478.0797 474.0544 470.0294 466.0042 461.6577 455.7844 449.9113 444.038 438.1649 439.9097 445.983 452.0562 458.1295 464.9658 478.5623 492.1584 505.7549 519.351 526.9107 529.8268 532.743 535.6591 538.0378 522.4252 506.8127 491.1996 475.587 459.7328 443.6308 427.5283 411.4264 395.3239 393.382 392.0836
464.1783 457.5787 450.9789 449.2112 453.0307 456.8499 460.6693 464.4886 470.7345 477.1697 483.6051 490.0403 492.0764 487.2692 482.4621 477.6548 472.8477 461.0302 448.0248 435.019 422.0136 413.0255 412.6208 412.216 411.8112 411.4064 421.0729 433.5373 446.0013 458.4652 468.5292 471.2504 473.9718 476.693 479.4143 476.4014 471.0478 465.6944 460.3409 454.7994 448.3645 441.9298 435.4949 429.0603 430.3846 436.1177 441.8506 447.5838 454.1598 468.2046 482.2488 496.2935 510.3378 519.3103 524.3809 529.4515 534.5221 539.0251 524.5195 510.014 495.5079 481.0024 465.8427 450.0108 434.1783 418.3463 402.5138 399.5455 397.1618
458.7407 451.3403 443.9397 442.1286 446.7804 451.432 456.0838 460.7354 467.8812 475.2216 482.5622 489.9026 492.5175 487.7816 483.0458 478.3098 473.5739 461.6602 448.5303 435.3999 422.2699 413.2329 412.9406 412.6482 412.3559 412.0635 422.1077 435.0233 447.9385 460.8537 471.101 473.1858 475.2707 477.3555 479.4404 475.7123 469.6114 463.5106 457.4097 451.1564 444.178 437.2 430.2216 423.2436 423.8574 428.785 433.7126 438.6402 444.4673 458.2635 472.0593 485.8555 499.6513 509.2871 515.7224 522.1578 528.5931 534.4637 521.4214 508.3792 495.3364 482.2942 468.1999 453.0237 437.847 422.6707 407.494 403.5747 400.1669
453.6472 445.8311 438.0147 436.4915 442.2449 447.998 453.7514 459.5046 467.1458 474.9343 482.7231 490.5116 493.1858 487.9046 482.6235 477.3421 472.0609 460.2159 447.2588 434.3011 421.344 412.4814 412.3673 412.2531 412.139 412.0248 422.1668 435.1581 448.1489 461.1397 471.4598 473.6095 475.7592 477.9088 480.0586 476.3876 470.3407 464.2939 458.247 451.9482 444.4515 436.9551 429.4584 421.962 421.4652 424.9457 428.4261 431.9066 436.3106 448.8974 461.4836 474.0704 486.6566 495.9222 502.6328 509.3436 516.0542 522.2488 511.1613 500.0737 488.9857 477.8981 465.3807 451.3924 437.4035 423.4151 409.4263 404.66 400.3127
448.5538 440.322 432.0898 430.8545 437.7094 444.5641 451.419 458.2737 466.4105 474.6471 482.8839 491.1205 493.8542 488.0276 482.2011 476.3745 470.5479 458.7716 445.9872 433.2024 420.418 411.73 411.794 411.858 411.9221 411.9861 422.226 435.2928 448.3592 461.4256 471.8187 474.0332 476.2477 478.4622 480.6767 477.0629 471.0699 465.0773 459.0844 452.74 444.7249 436.7102 428.6952 420.6804 419.073 421.1064 423.1396 425.1729 428.154 439.5312 450.908 462.2852 473.662 482.5573 489.5432 496.5294 503.5153 510.034 500.9011 491.7682 482.6349 473.5021 462.5616 449.761 436.9601 424.1595 411.3586 405.7453 400.4585
443.4604 434.8128 426.1648 425.2175 433.174 441.1302 449.0866 457.0428 465.6751 474.3598 483.0448 491.7296 494.5225 488.1507 481.7788 475.4068 469.0349 457.3273 444.7157 432.1037 419.4921 410.9786 411.2208 411.463 411.7051 411.9474 422.2852 435.4276 448.5695 461.7115 472.1776 474.4568 476.7362 479.0155 481.2948 477.7382 471.7993 465.8606 459.9217 453.5318 444.9984 436.4653 427.9319 419.3988 416.6808 417.267 417.8531 418.4393 419.9973 430.165 440.3323 450.5 460.6674 469.1924 476.4536 483.7151 490.9764 497.8191 490.6409 483.4627 476.2842 469.106 459.7424 448.1297 436.5166 424.9039 413.2909 406.8306 400.6042
438.367 429.3036 420.2399 419.5804 428.6385 437.6962 446.7542 455.812 464.9397 474.0725 483.2057 492.3385 495.1909 488.2737 481.3565 474.4391 467.5219 455.883 443.4442 431.0049 418.5662 410.2271 410.6475 411.0679 411.4883 411.9086 422.3443 435.5623 448.7799 461.9975 472.5364 474.8805 477.2247 479.5688 481.913 478.4134 472.5286 466.6439 460.759 454.3236 445.2719 436.2204 427.1687 418.1173 414.2887 413.4276 412.5667 411.7056 411.8406 420.7988 429.7567 438.7148 447.6727 455.8275 463.3641 470.9009 478.4375 485.6042 480.3807 475.1572 469.9335 464.71 456.9232 446.4984 436.0732 425.6483 415.2231 407.9159 400.7501
437.1343 428.1564 419.1781 418.4045 427.1177 435.8306 444.5438 453.2567 462.5493 471.8869 481.2247 490.5623 493.3314 485.8832 478.435 470.9865 463.5383 452.3253 440.4746 428.6234 416.7727 408.9322 409.6596 410.387 411.1144 411.8419 422.3512 435.578 448.8043 462.0306 472.7227 475.6615 478.6003 481.5391 484.478 481.8671 476.9909 472.1149 467.2387 461.8835 454.2514 446.6196 438.9875 431.3557 427.3379 425.3734 423.4089 421.4444 420.2134 425.4799 430.7462 436.0126 441.2789 447.0049 453.084 459.1635 465.2427 471.0254 466.8734 462.7214 458.5693 454.4174 447.5878 438.0024 428.4166 418.8311 409.2454 401.7974 394.4462
436.4079 427.5812 418.7541 417.8138 425.9924 434.1707 442.3494 450.5278 459.9419 469.4522 478.9629 488.4732 491.1405 483.1631 475.1858 467.2081 459.2308 448.4905 437.2823 426.0737 414.8655 407.5659 408.6173 409.6687 410.7201 411.7715 422.3512 435.578 448.8043 462.0306 472.8864 476.4893 480.0923 483.6953 487.2983 485.6852 481.9429 478.2007 474.4584 470.3309 464.3727 458.4147 452.4564 446.4984 442.4121 439.3892 436.3664 433.3434 430.754 432.0032 433.2523 434.5016 435.7507 438.7778 443.1725 447.5672 451.9618 456.1364 452.9402 449.744 446.5477 443.3515 437.3979 428.6061 419.8141 411.0223 402.2303 394.7341 387.2965
435.6815 427.006 418.3301 417.2229 424.867 432.5109 440.155 447.7988 457.3345 467.0176 476.701 486.3842 488.9495 480.443 471.9365 463.4297 454.9232 444.6556 434.09 423.524 412.9583 406.1997 407.575 408.9504 410.3257 411.701 422.3512 435.578 448.8043 462.0306 473.05 477.3171 481.5843 485.8514 490.1186 489.5032 486.8948 484.2865 481.6782 478.7784 474.494 470.2097 465.9253 461.6411 457.4863 453.405 449.3238 445.2425 441.2945 438.5265 435.7585 432.9905 430.2225 430.5508 433.2609 435.9709 438.681 441.2475 439.007 436.7666 434.526 432.2856 427.2079 419.2098 411.2115 403.2135 395.2151 387.6708 380.1469
434.9551 426.4308 417.9061 416.6321 423.7417 430.851 437.9606 445.0699 454.7271 464.5829 474.4392 484.2951 486.7585 477.7229 468.6873 459.6513 450.6156 440.8208 430.8977 420.9742 411.0511 404.8335 406.5327 408.2321 409.9313 411.6306 422.3512 435.578 448.8043 462.0306 473.2136 478.1449 483.0763 488.0075 492.939 493.3212 491.8467 490.3723 488.8979 487.2259 484.6153 482.0048 479.3942 476.7838 472.5605 467.4208 462.2813 457.1415 451.8351 445.0498 438.2647 431.4794 424.6944 422.3239 423.3493 424.3747 425.4001 426.3586 425.0739 423.7892 422.5044 421.2197 417.0179 409.8136 402.609 395.4046 388.2 380.6076 372.9972
436.6028 428.2409 419.8787 418.0468 423.7653 429.4836 435.2021 440.9204 450.1824 459.7209 469.2597 478.7982 481.1062 472.1668 463.2274 454.2877 445.3483 436.3256 427.2892 418.2525 409.2161 403.689 405.6596 407.6303 409.6009 411.5716 422.2615 435.3737 448.4855 461.5973 472.8344 478.3359 483.8376 489.3391 494.8408 496.3016 496.1132 495.9247 495.7363 495.4543 494.7279 494.0016 493.2752 492.5489 488.7179 483.1227 477.5277 471.9325 465.8783 455.7556 445.6333 435.5106 425.3883 420.3916 419.338 418.2844 417.2308 416.174 415.0111 413.8482 412.6853 411.5224 407.5542 400.6985 393.8424 386.9867 380.1307 372.6971 365.237
442.7019 434.5237 426.3451 423.2217 425.9432 428.6645 431.386 434.1073 442.0052 450.3072 458.6095 466.9115 468.9633 461.2928 453.6223 445.9515 438.281 430.592 422.9002 415.2082 407.5164 402.9603 405.1037 407.2472 409.3906 411.5341 422.0038 434.7866 447.569 460.3513 471.4374 477.3331 483.229 489.1247 495.0206 497.7115 499.0944 500.4773 501.8602 503.2725 504.8249 506.3773 507.9297 509.482 506.9071 501.9869 497.0669 492.1467 486.4897 474.3043 462.1193 449.9338 437.7488 430.2621 426.3898 422.5175 418.6452 414.8096 412.2049 409.6002 406.9954 404.3907 399.4517 392.11 384.768 377.4262 370.0843 363.1977 356.3316
448.801 440.8064 432.8115 428.3967 428.1211 427.8454 427.5698 427.2942 433.8279 440.8934 447.9592 455.0247 456.8204 450.4188 444.0172 437.6154 431.2138 424.8585 418.5113 412.1638 405.8167 402.2316 404.5478 406.864 409.1802 411.4965 421.746 434.1994 446.6524 459.1054 470.0404 476.3303 482.6203 488.9102 495.2003 499.1213 502.0756 505.0298 507.9841 511.0908 514.9219 518.7529 522.584 526.415 525.0962 520.851 516.606 512.3609 507.1012 492.853 478.6053 464.357 450.1093 440.1325 433.4417 426.7505 420.0597 413.4453 409.3988 405.3522 401.3056 397.2591 391.3492 383.5215 375.6935 367.8658 360.0378 353.6983 347.4261
454.9001 447.0891 439.2779 433.5717 430.299 427.0264 423.7536 420.481 425.6506 431.4797 437.3089 443.1379 444.6776 439.5448 434.4121 429.2792 424.1465 419.1249 414.1223 409.1195 404.1169 401.5029 403.9919 406.4809 408.9699 411.459 421.4882 433.6122 445.7359 457.8595 468.6433 475.3274 482.0117 488.6958 495.3801 500.5312 505.0569 509.5823 514.108 518.909 525.0189 531.1285 537.2385 543.3481 543.2853 539.7152 536.1452 532.5751 527.7126 511.4017 495.0912 478.7802 462.4698 450.003 440.4935 430.9836 421.4742 412.081 406.5926 401.1043 395.6157 390.1274 383.2466 374.933 366.619 358.3054 349.9914 344.1989 338.5207
460.9992 453.3719 445.7443 438.7466 432.4769 426.2073 419.9375 413.6679 417.4734 422.0659 426.6586 431.2512 432.5347 428.6708 424.807 420.9431 417.0793 413.3913 409.7333 406.0752 402.4172 400.7742 403.4359 406.0978 408.7595 411.4214 421.2304 433.0251 444.8193 456.6136 467.2463 474.3246 481.4031 488.4813 495.5598 501.9411 508.0381 514.1349 520.2319 526.7272 535.1158 543.5042 551.8929 560.2813 561.4745 558.5793 555.6843 552.7892 548.3242 529.9504 511.5772 493.2034 474.8303 459.8734 447.5453 435.2167 422.8886 410.7166 403.7864 396.8563 389.9259 382.9957 375.1441 366.3445 357.5446 348.7449 339.945 334.6995 329.6153
465.7494 458.1084 450.4672 442.7736 435.0188 427.2643 419.5096 411.7551 414.1841 417.4088 420.6335 423.8582 424.6564 421.6801 418.7039 415.7276 412.7513 409.9745 407.2316 404.4886 401.7456 400.8425 403.8698 406.8973 409.9247 412.9521 422.6 434.0872 445.574 457.0609 467.1778 473.1033 479.029 484.9544 490.8801 496.9601 503.1034 509.2464 515.3897 522.0459 531.14 540.2337 549.3278 558.4214 560.6863 559.071 557.4557 555.8404 552.6155 535.1328 517.6506 500.1678 482.6855 467.6524 454.504 441.3552 428.2069 415.1947 406.7571 398.3195 389.8815 381.4439 372.3744 362.655 352.9353 343.2159 333.4962 328.7159 324.16
470.1863 462.486 454.7854 446.5341 437.6454 428.7569 419.8682 410.9798 412.0296 413.8559 415.6822 417.5084 417.7681 415.5909 413.4138 411.2365 409.0594 407.0955 405.1679 403.2403 401.3127 401.0958 404.5336 407.9714 411.4091 414.847 424.3474 435.5323 446.7167 457.9012 467.4178 471.8313 476.245 480.6586 485.0723 490.4955 496.331 502.1663 508.0017 514.4629 523.8971 533.3309 542.7651 552.199 555.4927 555.2975 555.1024 554.9072 553.1183 537.2122 521.3066 505.4005 489.4949 474.9459 461.4412 447.9361 434.4314 421.0291 411.0688 401.1085 391.1478 381.1875 370.8427 360.1029 349.3627 338.6229 327.8827 323.5487 319.5056
474.6233 466.8636 459.1035 450.2945 440.2719 430.2495 420.2269 410.2046 409.8751 410.3029 410.7308 411.1586 410.8798 409.5017 408.1236 406.7455 405.3673 404.2166 403.1043 401.9921 400.8799 401.3492 405.1973 409.0455 412.8936 416.7418 426.0948 436.9773 447.8594 458.7415 467.6577 470.5594 473.4611 476.3627 479.2644 484.0308 489.5585 495.0861 500.6138 506.8798 516.6542 526.4282 536.2025 545.9765 550.299 551.524 552.749 553.9739 553.6211 539.2916 524.9627 510.6332 496.3043 482.2393 468.3784 454.5169 440.6559 426.8635 415.3804 403.8974 392.414 380.931 369.311 357.5507 345.79 334.0298 322.2691 318.3814 314.8513
479.0602 471.2411 463.4217 454.055 442.8984 431.7422 420.5855 409.4294 407.7206 406.75 405.7794 404.8089 403.9915 403.4125 402.8334 402.2544 401.6754 401.3376 401.0407 400.7438 400.447 401.6025 405.861 410.1196 414.378 418.6366 427.8422 438.4224 449.0021 459.5819 467.8977 469.2874 470.6772 472.0668 473.4566 477.5662 482.7861 488.0059 493.2258 499.2968 509.4113 519.5254 529.6399 539.754 545.1053 547.7505 550.3956 553.0407 554.1238 541.3711 528.6187 515.866 503.1136 489.5328 475.3155 461.0977 446.8805 432.6978 419.6921 406.6864 393.6803 380.6746 367.7793 354.9986 342.2174 329.4367 316.6555 313.2141 310.197
482.5835 474.8551 467.1265 457.4598 445.5514 433.6434 421.735 409.827 406.9431 404.7645 402.5858 400.4071 399.0739 399.0561 399.0383 399.0204 399.0026 399.3467 399.7522 400.1577 400.5632 402.4342 407.4361 412.4381 417.4399 422.4419 431.3864 441.4262 451.4658 461.5053 468.9803 468.6098 468.2392 467.8687 467.4981 470.6224 475.1732 479.724 484.2748 489.8023 499.97 510.1374 520.3051 530.4724 536.4148 539.9567 543.4985 547.0405 549.0837 537.8527 526.6219 515.3908 504.1601 491.2714 477.1081 462.9444 448.7811 434.6275 420.8143 407.0011 393.1874 379.3742 365.8712 352.6885 339.5054 326.3227 313.1396 309.9495 307.2133
