data/zism_data/00026_02_D.txt
ncols         224
nrows         224
[rows 112 to 139 of 224, columns 0 to 62 of 224]
1520.464 1514.238 1506.981 1499.723 1492.466 1485.209 1480.148 1475.284 1470.419 1465.555 1463.725 1468.019 1472.314 1476.608 1480.903 1490.369 1501.61 1512.851 1524.093 1535.375 1546.88 1558.386 1569.891 1581.397 1589.118 1593.992 1598.867 1603.741 1608.616 1611.36 1614.069 1616.778 1619.487 1622.381 1625.554 1628.727 1631.9 1635.073 1638.338 1641.624 1644.911 1648.197 1651.642 1655.642 1659.642 1663.642 1667.642 1671.615 1675.572 1679.529 1683.486 1687.374 1689.932 1692.491 1695.05 1697.609 1698.32 1696.883 1695.447 1694.01 1692.574 1689.558 1686.318
1523.709 1517.303 1510.017 1502.73 1495.444 1488.158 1483.328 1478.718 1474.107 1469.496 1467.571 1471.067 1474.563 1478.058 1481.554 1490.401 1501.086 1511.77 1522.454 1533.257 1544.693 1556.13 1567.567 1579.004 1586.935 1592.228 1597.522 1602.816 1608.109 1611.133 1614.119 1617.105 1620.091 1623.205 1626.511 1629.818 1633.125 1636.432 1639.708 1642.977 1646.246 1649.515 1652.946 1656.943 1660.94 1664.937 1668.933 1672.904 1676.86 1680.815 1684.771 1688.648 1691.016 1693.384 1695.752 1698.12 1698.871 1697.742 1696.613 1695.484 1694.356 1691.818 1689.08
1526.38 1519.704 1512.37 1505.035 1497.701 1490.366 1485.734 1481.342 1476.95 1472.558 1470.628 1473.664 1476.701 1479.737 1482.774 1490.796 1500.53 1510.263 1519.997 1529.934 1540.96 1551.985 1563.011 1574.037 1582.184 1588.167 1594.149 1600.131 1606.114 1609.459 1612.76 1616.061 1619.362 1622.725 1626.181 1629.638 1633.094 1636.55 1639.998 1643.443 1646.888 1650.333 1653.901 1657.898 1661.895 1665.892 1669.889 1673.832 1677.745 1681.658 1685.57 1689.4 1691.635 1693.87 1696.104 1698.339 1699.112 1698.186 1697.26 1696.334 1695.408 1693.26 1690.939
1529.05 1522.105 1514.722 1507.34 1499.957 1492.575 1488.139 1483.966 1479.793 1475.621 1473.684 1476.262 1478.839 1481.416 1483.993 1491.19 1499.974 1508.757 1517.54 1526.612 1537.226 1547.841 1558.455 1569.07 1577.433 1584.105 1590.776 1597.448 1604.119 1607.785 1611.401 1615.017 1618.633 1622.246 1625.851 1629.457 1633.063 1636.669 1640.287 1643.909 1647.53 1651.152 1654.857 1658.854 1662.85 1666.847 1670.844 1674.76 1678.63 1682.5 1686.37 1690.153 1692.254 1694.355 1696.456 1698.557 1699.352 1698.63 1697.906 1697.184 1696.461 1694.703 1692.798
1531.721 1524.505 1517.075 1509.644 1502.214 1494.783 1490.545 1486.591 1482.637 1478.683 1476.741 1478.859 1480.977 1483.095 1485.213 1491.585 1499.418 1507.25 1515.083 1523.289 1533.492 1543.696 1553.899 1564.102 1572.683 1580.043 1587.403 1594.763 1602.124 1606.11 1610.042 1613.973 1617.905 1621.766 1625.521 1629.277 1633.032 1636.788 1640.577 1644.375 1648.172 1651.97 1655.812 1659.809 1663.806 1667.802 1671.799 1675.688 1679.516 1683.343 1687.17 1690.906 1692.873 1694.841 1696.809 1698.776 1699.593 1699.073 1698.553 1698.033 1697.513 1696.145 1694.657
1534.392 1526.906 1519.427 1511.949 1504.47 1496.991 1492.95 1489.215 1485.48 1481.745 1479.798 1481.456 1483.115 1484.774 1486.432 1491.98 1498.862 1505.744 1512.626 1519.967 1529.759 1539.551 1549.343 1559.135 1567.932 1575.981 1584.031 1592.079 1600.129 1604.437 1608.683 1612.929 1617.176 1621.287 1625.191 1629.096 1633.001 1636.906 1640.867 1644.841 1648.815 1652.788 1656.767 1660.764 1664.761 1668.758 1672.755 1676.616 1680.401 1684.186 1687.97 1691.659 1693.493 1695.327 1697.161 1698.995 1699.834 1699.517 1699.2 1698.883 1698.566 1697.588 1696.516
1541.145 1533.583 1525.666 1517.749 1509.832 1501.916 1497.379 1493.143 1488.907 1484.671 1482.23 1483.411 1484.592 1485.773 1486.954 1491.675 1497.611 1503.547 1509.484 1515.94 1525.177 1534.414 1543.651 1552.888 1561.704 1570.205 1578.707 1587.208 1595.709 1600.407 1605.043 1609.679 1614.315 1618.631 1622.463 1626.294 1630.126 1633.957 1637.987 1642.063 1646.138 1650.214 1654.351 1658.701 1663.05 1667.4 1671.75 1675.911 1679.964 1684.017 1688.07 1692.01 1693.771 1695.532 1697.292 1699.053 1699.878 1699.616 1699.353 1699.09 1698.827 1698.03 1697.156
1548.51 1540.901 1532.487 1524.074 1515.66 1507.247 1502.111 1497.266 1492.421 1487.577 1484.57 1485.27 1485.97 1486.67 1487.371 1491.265 1496.256 1501.248 1506.239 1511.808 1520.468 1529.128 1537.788 1546.448 1555.255 1564.173 1573.091 1582.008 1590.926 1596.025 1601.061 1606.098 1611.134 1615.65 1619.374 1623.099 1626.824 1630.548 1634.631 1638.798 1642.964 1647.131 1651.429 1656.184 1660.94 1665.695 1670.451 1674.96 1679.328 1683.696 1688.064 1692.3 1693.997 1695.694 1697.391 1699.088 1699.893 1699.662 1699.432 1699.201 1698.97 1698.322 1697.614
1555.876 1548.219 1539.309 1530.398 1521.489 1512.579 1506.843 1501.389 1495.936 1490.482 1486.909 1487.128 1487.348 1487.568 1487.787 1490.855 1494.901 1498.947 1502.994 1507.676 1515.759 1523.842 1531.925 1540.009 1548.806 1558.14 1567.474 1576.808 1586.143 1591.642 1597.079 1602.516 1607.953 1612.668 1616.286 1619.903 1623.521 1627.139 1631.275 1635.533 1639.79 1644.047 1648.506 1653.668 1658.829 1663.99 1669.152 1674.009 1678.692 1683.375 1688.058 1692.591 1694.224 1695.857 1697.49 1699.122 1699.908 1699.709 1699.511 1699.312 1699.113 1698.614 1698.071
1563.241 1555.536 1546.13 1536.723 1527.317 1517.91 1511.574 1505.512 1499.45 1493.388 1489.248 1488.987 1488.726 1488.465 1488.204 1490.446 1493.547 1496.647 1499.748 1503.543 1511.05 1518.556 1526.063 1533.57 1542.357 1552.107 1561.858 1571.609 1581.36 1587.26 1593.097 1598.935 1604.772 1609.686 1613.197 1616.708 1620.219 1623.73 1627.92 1632.268 1636.616 1640.964 1645.584 1651.151 1656.719 1662.286 1667.853 1673.058 1678.057 1683.055 1688.053 1692.882 1694.451 1696.019 1697.588 1699.157 1699.923 1699.756 1699.589 1699.423 1699.256 1698.905 1698.529
1570.103 1562.614 1553.06 1543.505 1533.951 1524.397 1517.433 1510.699 1503.966 1497.233 1492.443 1491.575 1490.707 1489.839 1488.972 1490.463 1492.765 1495.066 1497.368 1500.37 1507.114 1513.859 1520.604 1527.349 1535.865 1545.713 1555.562 1565.41 1575.259 1581.62 1587.924 1594.227 1600.531 1605.745 1609.304 1612.864 1616.423 1619.982 1624.201 1628.573 1632.946 1637.319 1642.03 1647.918 1653.806 1659.693 1665.581 1671.141 1676.513 1681.885 1687.257 1692.446 1694.111 1695.776 1697.44 1699.105 1699.938 1699.803 1699.668 1699.534 1699.399 1699.152 1698.889
1575.96 1569.211 1560.207 1551.203 1542.198 1533.194 1525.544 1518.016 1510.486 1502.958 1497.351 1495.623 1493.896 1492.168 1490.44 1491.335 1493.129 1494.923 1496.718 1499.114 1504.726 1510.339 1515.951 1521.564 1529.286 1538.595 1547.905 1557.214 1566.524 1573.464 1580.366 1587.267 1594.169 1599.886 1603.803 1607.72 1611.637 1615.554 1619.754 1624.02 1628.286 1632.553 1637.214 1643.251 1649.288 1655.325 1661.363 1667.289 1673.153 1679.016 1684.879 1690.556 1692.637 1694.719 1696.8 1698.881 1699.953 1699.85 1699.747 1699.645 1699.542 1699.308 1699.056
1581.817 1575.808 1567.354 1558.9 1550.445 1541.991 1533.656 1525.331 1517.006 1508.682 1502.258 1499.671 1497.084 1494.496 1491.909 1492.206 1493.493 1494.78 1496.068 1497.858 1502.338 1506.819 1511.299 1515.78 1522.708 1531.478 1540.248 1549.018 1557.788 1565.308 1572.808 1580.308 1587.807 1594.027 1598.302 1602.577 1606.852 1611.126 1615.308 1619.467 1623.626 1627.786 1632.398 1638.584 1644.771 1650.958 1657.144 1663.438 1669.792 1676.147 1682.502 1688.666 1691.164 1693.662 1696.16 1698.657 1699.967 1699.897 1699.826 1699.756 1699.685 1699.465 1699.223
1587.674 1582.406 1574.501 1566.597 1558.693 1550.789 1541.767 1532.647 1523.527 1514.407 1507.166 1503.719 1500.272 1496.825 1493.378 1493.078 1493.858 1494.637 1495.417 1496.602 1499.95 1503.298 1506.647 1509.995 1516.13 1524.36 1532.591 1540.822 1549.052 1557.152 1565.25 1573.348 1581.446 1588.168 1592.801 1597.433 1602.066 1606.698 1610.861 1614.914 1618.966 1623.019 1627.581 1633.917 1640.254 1646.589 1652.926 1659.586 1666.432 1673.278 1680.124 1686.776 1689.69 1692.605 1695.519 1698.434 1699.982 1699.944 1699.905 1699.867 1699.828 1699.621 1699.39
1593.531 1589.003 1581.648 1574.294 1566.94 1559.586 1549.879 1539.963 1530.047 1520.131 1512.074 1507.767 1503.46 1499.154 1494.847 1493.949 1494.222 1494.494 1494.767 1495.346 1497.562 1499.778 1501.994 1504.211 1509.552 1517.243 1524.934 1532.625 1540.317 1548.997 1557.692 1566.388 1575.084 1582.309 1587.3 1592.29 1597.28 1602.271 1606.415 1610.361 1614.307 1618.252 1622.765 1629.251 1635.736 1642.222 1648.708 1655.735 1663.072 1670.41 1677.747 1684.886 1688.217 1691.548 1694.879 1698.21 1699.997 1699.99 1699.984 1699.978 1699.971 1699.777 1699.557
1596.149 1592.301 1585.808 1579.314 1572.821 1566.327 1556.292 1545.943 1535.593 1525.243 1516.616 1511.467 1506.318 1501.168 1496.019 1494.75 1494.813 1494.876 1494.939 1495.263 1496.977 1498.691 1500.405 1502.119 1506.64 1513.273 1519.906 1526.538 1533.171 1541.886 1550.635 1559.384 1568.133 1575.74 1581.612 1587.484 1593.355 1599.227 1603.956 1608.416 1612.877 1617.337 1622.317 1629.105 1635.894 1642.682 1649.471 1656.62 1663.976 1671.332 1678.688 1685.835 1688.957 1692.079 1695.2 1698.322 1700.0 1700.0 1700.0 1700.0 1700.0 1699.843 1699.663
1597.943 1594.76 1589.206 1583.653 1578.099 1572.545 1562.274 1551.582 1540.89 1530.199 1521.066 1515.078 1509.09 1503.102 1497.115 1495.532 1495.462 1495.392 1495.321 1495.478 1496.85 1498.223 1499.595 1500.967 1504.662 1510.104 1515.546 1520.988 1526.43 1535.041 1543.705 1552.369 1561.032 1568.991 1575.877 1582.763 1589.65 1596.536 1602.002 1607.136 1612.269 1617.402 1622.981 1630.111 1637.241 1644.371 1651.502 1658.711 1665.966 1673.22 1680.475 1687.507 1690.26 1693.014 1695.767 1698.52 1700.0 1700.0 1700.0 1700.0 1700.0 1699.885 1699.753
1599.737 1597.219 1592.605 1587.991 1583.377 1578.764 1568.255 1557.222 1546.188 1535.155 1525.515 1518.689 1511.863 1505.037 1498.211 1496.315 1496.111 1495.907 1495.703 1495.694 1496.724 1497.755 1498.785 1499.816 1502.684 1506.935 1511.186 1515.437 1519.689 1528.197 1536.775 1545.353 1553.931 1562.241 1570.142 1578.043 1585.944 1593.845 1600.049 1605.855 1611.661 1617.467 1623.645 1631.117 1638.589 1646.061 1653.533 1660.802 1667.955 1675.108 1682.261 1689.179 1691.564 1693.949 1696.333 1698.718 1700.0 1700.0 1700.0 1700.0 1700.0 1699.927 1699.843
1601.53 1599.678 1596.004 1592.33 1588.656 1584.982 1574.236 1562.861 1551.485 1540.11 1529.965 1522.3 1514.636 1506.971 1499.307 1497.097 1496.76 1496.422 1496.085 1495.909 1496.598 1497.287 1497.975 1498.664 1500.706 1503.766 1506.827 1509.887 1512.948 1521.352 1529.845 1538.338 1546.83 1555.491 1564.407 1573.322 1582.238 1591.154 1598.096 1604.575 1611.053 1617.533 1624.309 1632.123 1639.937 1647.75 1655.564 1662.893 1669.945 1676.996 1684.048 1690.851 1692.867 1694.884 1696.9 1698.916 1700.0 1700.0 1700.0 1700.0 1700.0 1699.969 1699.933
1603.046 1601.703 1598.756 1595.808 1592.861 1589.914 1578.981 1567.339 1555.695 1544.052 1533.505 1525.171 1516.837 1508.502 1500.168 1497.719 1497.29 1496.861 1496.432 1496.138 1496.567 1496.996 1497.425 1497.854 1499.316 1501.555 1503.793 1506.032 1508.271 1516.686 1525.203 1533.721 1542.238 1551.23 1560.941 1570.653 1580.365 1590.076 1597.613 1604.639 1611.665 1618.692 1625.933 1633.923 1641.913 1649.902 1657.892 1665.153 1671.997 1678.842 1685.686 1692.276 1693.978 1695.681 1697.383 1699.085 1700.0 1700.0 1700.0 1700.0 1700.0 1700.0 1700.0
1603.773 1602.5 1599.675 1596.851 1594.026 1591.202 1580.226 1568.524 1556.822 1545.12 1534.47 1525.944 1517.417 1508.891 1500.364 1497.886 1497.483 1497.081 1496.679 1496.403 1496.806 1497.208 1497.61 1498.013 1499.591 1502.054 1504.517 1506.98 1509.443 1518.193 1527.047 1535.901 1544.754 1554.019 1563.906 1573.794 1583.682 1593.57 1601.296 1608.514 1615.733 1622.952 1630.277 1637.973 1645.669 1653.364 1661.061 1667.892 1674.229 1680.566 1686.903 1693.003 1694.545 1696.087 1697.629 1699.171 1700.0 1700.0 1700.0 1700.0 1700.0 1700.0 1700.0
1604.5 1603.297 1600.595 1597.893 1595.192 1592.49 1581.47 1569.709 1557.949 1546.188 1535.436 1526.717 1517.998 1509.279 1500.56 1498.053 1497.677 1497.301 1496.926 1496.668 1497.044 1497.42 1497.795 1498.171 1499.866 1502.553 1505.24 1507.928 1510.615 1519.7 1528.89 1538.08 1547.27 1556.808 1566.872 1576.936 1587.0 1597.064 1604.979 1612.39 1619.8 1627.211 1634.62 1642.023 1649.425 1656.827 1664.229 1670.631 1676.461 1682.29 1688.12 1693.73 1695.112 1696.494 1697.875 1699.257 1700.0 1700.0 1700.0 1700.0 1700.0 1700.0 1700.0
1605.226 1604.094 1601.515 1598.936 1596.357 1593.778 1582.714 1570.895 1559.075 1547.256 1536.401 1527.489 1518.578 1509.667 1500.756 1498.219 1497.87 1497.522 1497.173 1496.934 1497.283 1497.632 1497.981 1498.33 1500.141 1503.052 1505.964 1508.875 1511.787 1521.207 1530.733 1540.26 1549.786 1559.596 1569.837 1580.077 1590.317 1600.557 1608.662 1616.265 1623.868 1631.471 1638.964 1646.072 1653.181 1660.289 1667.398 1673.37 1678.692 1684.015 1689.337 1694.457 1695.678 1696.9 1698.122 1699.343 1700.0 1700.0 1700.0 1700.0 1700.0 1700.0 1700.0
1605.953 1604.891 1602.434 1599.978 1597.522 1595.066 1583.958 1572.081 1560.202 1548.324 1537.366 1528.262 1519.159 1510.056 1500.953 1498.386 1498.064 1497.742 1497.42 1497.199 1497.521 1497.844 1498.166 1498.488 1500.416 1503.552 1506.688 1509.823 1512.959 1522.713 1532.576 1542.439 1552.302 1562.385 1572.802 1583.218 1593.635 1604.051 1612.345 1620.14 1627.935 1635.731 1643.307 1650.122 1656.937 1663.752 1670.567 1676.109 1680.924 1685.739 1690.554 1695.184 1696.245 1697.307 1698.368 1699.429 1700.0 1700.0 1700.0 1700.0 1700.0 1700.0 1700.0
1606.93 1605.939 1603.684 1601.428 1599.172 1596.916 1586.201 1574.732 1563.263 1551.795 1540.908 1531.194 1521.481 1511.767 1502.054 1499.225 1498.759 1498.293 1497.828 1497.5 1497.907 1498.315 1498.723 1499.131 1501.601 1505.623 1509.645 1513.666 1517.688 1527.647 1537.703 1547.759 1557.816 1567.779 1577.602 1587.424 1597.247 1607.07 1614.952 1622.378 1629.805 1637.231 1644.442 1650.901 1657.36 1663.819 1670.279 1675.551 1680.145 1684.739 1689.333 1693.765 1695.069 1696.372 1697.676 1698.98 1699.713 1699.782 1699.852 1699.922 1699.991 1700.0 1700.0
1608.001 1607.084 1605.058 1603.031 1601.005 1598.979 1588.822 1577.941 1567.059 1556.178 1545.429 1534.947 1524.464 1513.982 1503.5 1500.319 1499.645 1498.971 1498.297 1497.814 1498.35 1498.886 1499.422 1499.958 1503.132 1508.291 1513.45 1518.609 1523.769 1533.882 1544.077 1554.273 1564.468 1574.163 1583.099 1592.036 1600.972 1609.908 1617.15 1623.994 1630.839 1637.683 1644.357 1650.437 1656.517 1662.597 1668.678 1673.741 1678.223 1682.705 1687.187 1691.531 1693.23 1694.929 1696.628 1698.327 1699.316 1699.482 1699.648 1699.814 1699.979 1700.0 1700.0
1609.072 1608.229 1606.432 1604.635 1602.839 1601.042 1591.443 1581.149 1570.855 1560.562 1549.951 1538.699 1527.448 1516.197 1504.945 1501.413 1500.531 1499.649 1498.766 1498.128 1498.792 1499.456 1500.12 1500.784 1504.663 1510.959 1517.256 1523.553 1529.849 1540.118 1550.452 1560.786 1571.12 1580.547 1588.597 1596.647 1604.697 1612.746 1619.348 1625.611 1631.873 1638.135 1644.272 1649.974 1655.675 1661.375 1667.077 1671.931 1676.3 1680.67 1685.04 1689.297 1691.391 1693.485 1695.579 1697.673 1698.92 1699.182 1699.444 1699.706 1699.967 1700.0 1700.0
1610.143 1609.374 1607.807 1606.239 1604.672 1603.105 1594.064 1584.358 1574.651 1564.945 1554.472 1542.452 1530.432 1518.411 1506.391 1502.508 1501.417 1500.326 1499.236 1498.442 1499.234 1500.027 1500.819 1501.611 1506.194 1513.628 1521.062 1528.496 1535.93 1546.353 1556.826 1567.299 1577.772 1586.931 1594.094 1601.258 1608.421 1615.584 1621.547 1627.227 1632.907 1638.588 1644.188 1649.51 1654.832 1660.154 1665.476 1670.12 1674.378 1678.636 1682.893 1687.064 1689.553 1692.042 1694.531 1697.02 1698.523 1698.881 1699.24 1699.597 1699.955 1700.0 1700.0
