data/zism_data/00028_03_D.txt
ncols         224
nrows         224
[rows 0 to 28 of 224, columns 130 to 194 of 224]
300.0 300.0 300.0 300.0 300.0 300.0 300.0 300.0 300.0 300.0 300.0 300.0 300.0 300.0 300.0 300.0 300.0 300.0 300.0 300.2487 302.3938 304.539 306.6841 308.8293 313.2414 319.2971 325.3529 331.4086 337.2571 338.5475 339.8379 341.1283 342.4186 340.3656 335.0647 329.7638 324.4629 319.162 315.1911 311.26 307.3289 303.3977 301.0631 300.8039 300.5447 300.2855 300.0263 300.0 300.0 300.0 300.0 300.0 300.0 300.0 300.0 300.0 300.0 300.0 300.0 300.0 300.0857 300.3812 300.6767 300.9723 301.2678
300.0 300.0 300.0 300.0 300.0 300.0 300.0 300.0 300.0 300.0 300.0 300.0 300.0 300.0 300.0 300.0 300.0 300.0 300.0 300.2637 302.5385 304.8132 307.0879 309.3626 314.2143 320.9342 327.6541 334.3741 340.879 342.6554 344.4317 346.2081 347.9845 345.982 340.3085 334.635 328.9615 323.288 318.5513 313.8426 309.1339 304.4251 301.5947 301.2058 300.817 300.4283 300.0395 300.0 300.0 300.0 300.0 300.0 300.0 300.0 300.0 300.0 300.0 300.0 300.0 300.0 300.0575 300.2558 300.4541 300.6525 300.8508
300.0 300.0 300.0 300.0 300.0 300.0 300.0 300.0 300.0 300.0 300.0 300.0 300.0 300.0 300.0 300.0 300.0 300.0 300.0 300.2787 302.6831 305.0874 307.4917 309.896 315.1872 322.5714 329.9555 337.3396 344.501 346.7634 349.0258 351.2881 353.5505 351.5985 345.5524 339.5063 333.4602 327.4141 321.9116 316.4252 310.9389 305.4525 302.1262 301.6078 301.0894 300.571 300.0526 300.0 300.0 300.0 300.0 300.0 300.0 300.0 300.0 300.0 300.0 300.0 300.0 300.0 300.0293 300.1304 300.2315 300.3327 300.4338
300.0 300.0 300.0 300.0 300.0 300.0 300.0 300.0 300.0 300.0 300.0 300.0 300.0 300.0 300.0 300.0 300.0 300.0 300.0 300.2749 302.6461 305.0172 307.3883 309.7595 315.429 323.4898 331.5506 339.6115 347.4513 350.43 353.4087 356.3875 359.3662 357.7191 351.5784 345.4377 339.297 333.1563 326.8254 320.4889 314.1524 307.8159 303.8384 302.9274 302.0165 301.1056 300.1947 300.082 300.0594 300.0369 300.0144 300.0 300.0 300.0 300.0 300.0 300.0 300.0 300.0 300.0 300.0128 300.0567 300.1007 300.1447 300.1887
300.0 300.0 300.0 300.0 300.0 300.0 300.0 300.0 300.0 300.0 300.0 300.0 300.0 300.0 300.0 300.0 300.0 300.0 300.0 300.2492 302.399 304.5488 306.6985 308.8483 314.8254 323.5774 332.3294 341.0814 349.625 353.5864 357.5479 361.5094 365.4709 364.4231 358.5092 352.5952 346.6813 340.7674 333.5361 326.2654 318.9948 311.7241 306.9157 305.3082 303.7008 302.0933 300.4858 300.2588 300.1877 300.1165 300.0454 300.0 300.0 300.0 300.0 300.0 300.0 300.0 300.0 300.0 300.0096 300.0428 300.076 300.1092 300.1423
300.0 300.0 300.0 300.0 300.0 300.0 300.0 300.0 300.0 300.0 300.0 300.0 300.0 300.0 300.0 300.0 300.0 300.0 300.0 300.2236 302.1519 304.0803 306.0087 307.9371 314.2219 323.665 333.1081 342.5512 351.7986 356.7428 361.687 366.6311 371.5753 371.1269 365.4397 359.7526 354.0654 348.3782 340.2465 332.0417 323.8369 315.6322 309.993 307.689 305.385 303.081 300.7769 300.4356 300.3159 300.1961 300.0764 300.0 300.0 300.0 300.0 300.0 300.0 300.0 300.0 300.0 300.0065 300.0289 300.0512 300.0736 300.096
300.0 300.0 300.0 300.0 300.0 300.0 300.0 300.0 300.0 300.0 300.0 300.0 300.0 300.0 300.0 300.0 300.0 300.0 300.0 300.1979 301.9049 303.6119 305.3189 307.0259 313.6183 323.7525 333.8868 344.0211 353.9724 359.8992 365.8261 371.7531 377.68 377.8308 372.3705 366.9101 361.4497 355.9893 346.9571 337.8182 328.6793 319.5403 313.0703 310.0698 307.0692 304.0687 301.0681 300.6124 300.4441 300.2757 300.1074 300.0 300.0 300.0 300.0 300.0 300.0 300.0 300.0 300.0 300.0034 300.015 300.0265 300.0381 300.0497
300.0 300.0 300.0 300.0 300.0 300.0 300.0 300.0 300.0 300.0 300.0 300.0 300.0 300.0 300.0 300.0 300.0 300.0 300.0 300.1722 301.6579 303.1435 304.6291 306.1147 313.0147 323.8401 334.6655 345.4909 356.146 363.0556 369.9652 376.8748 383.7845 384.5345 379.301 374.0674 368.8338 363.6002 353.6674 343.5945 333.5214 323.4484 316.1476 312.4505 308.7534 305.0563 301.3592 300.7892 300.5723 300.3553 300.1383 300.0 300.0 300.0 300.0 300.0 300.0 300.0 300.0 300.0 300.0002 300.001 300.0018 300.0026 300.0034
300.0 300.0 300.0 300.0 300.0 300.0 300.0 300.0 300.0 300.0 300.0 300.0 300.0 300.0 300.0 300.0 300.0 300.0 300.0 300.1797 301.7294 303.2791 304.8288 306.3785 313.4448 324.5106 335.5764 346.6422 357.537 364.6679 371.799 378.9302 386.0613 387.2337 382.6175 378.0014 373.3852 368.769 358.6863 348.4405 338.1946 327.9487 320.1776 315.6237 311.0699 306.5159 301.962 301.5134 301.5283 301.5432 301.5581 301.5132 301.3629 301.2126 301.0624 300.9121 300.7247 300.5294 300.334 300.1387 300.0 300.0 300.0 300.0 300.0
300.0 300.0 300.0 300.0 300.0 300.0 300.0 300.0 300.0 300.0 300.0 300.0 300.0 300.0 300.0 300.0 300.0 300.0 300.0 300.1897 301.8258 303.4619 305.0979 306.734 313.9556 325.2266 336.4976 347.7686 358.8667 366.1596 373.4527 380.7458 388.0389 389.6198 385.6516 381.6834 377.7151 373.7469 363.5729 353.2137 342.8544 332.4951 324.282 318.8588 313.4356 308.0124 302.5891 302.2803 302.549 302.8176 303.0863 303.1445 302.8322 302.52 302.2078 301.8955 301.5059 301.1 300.6941 300.2882 300.0 300.0 300.0 300.0 300.0
300.0 300.0 300.0 300.0 300.0 300.0 300.0 300.0 300.0 300.0 300.0 300.0 300.0 300.0 300.0 300.0 300.0 300.0 300.0 300.1997 301.9222 303.6447 305.3671 307.0896 314.4664 325.9426 337.4189 348.8951 360.1964 367.6514 375.1065 382.5616 390.0167 392.006 388.6858 385.3655 382.0452 378.725 368.4596 357.987 347.5144 337.0417 328.3865 322.0939 315.8015 309.5089 303.2162 303.0472 303.5697 304.0921 304.6146 304.7759 304.3017 303.8274 303.3532 302.8789 302.2872 301.6707 301.0543 300.4378 300.0 300.0 300.0 300.0 300.0
300.0 300.0 300.0 300.0 300.0 300.0 300.0 300.0 300.0 300.0 300.0 300.0 300.0 300.0 300.0 300.0 300.0 300.0 300.0 300.2097 302.0186 303.8274 305.6363 307.4451 314.9772 326.6586 338.3401 350.0215 361.5261 369.1431 376.7602 384.3772 391.9943 394.3922 391.7198 389.0475 386.3752 383.7028 373.3462 362.7602 352.1742 341.5882 332.4909 325.329 318.1672 311.0052 303.8434 303.8142 304.5904 305.3666 306.1428 306.4072 305.771 305.1348 304.4986 303.8623 303.0685 302.2414 301.4144 300.5873 300.0 300.0 300.0 300.0 300.0
300.0 300.0 300.0 300.0 300.0 300.0 300.0 300.0 300.0 300.0 300.0 300.0 300.0 300.0 300.0 300.0703 300.1781 300.2858 300.3936 300.7574 303.0731 305.3889 307.7046 310.0204 317.6774 329.2069 340.7364 352.2659 363.6099 370.8733 378.1367 385.4002 392.6637 395.0091 392.5769 390.1448 387.7126 385.2804 374.7878 364.0546 353.3214 342.5882 333.3899 326.1869 318.984 311.7811 304.5781 305.145 306.5891 308.0333 309.4774 310.0816 309.2073 308.333 307.4587 306.5844 305.2924 303.9124 302.5325 301.1526 300.1615 300.1235 300.0854 300.0474 300.0094
300.0 300.0 300.0 300.0 300.0 300.0 300.0 300.0 300.0 300.0 300.0 300.0 300.0 300.0 300.0 300.2499 300.6331 301.0163 301.3994 302.1413 305.618 309.0947 312.5714 316.0481 323.783 334.6051 345.4272 356.2493 366.8664 372.9742 379.0822 385.1901 391.298 392.8741 390.0477 387.2214 384.3951 381.5687 370.8707 359.9377 349.0047 338.0717 329.3028 323.3471 317.3916 311.4359 305.4802 307.3527 310.1091 312.8654 315.6218 316.9336 315.7029 314.4722 313.2415 312.0108 309.7602 307.2949 304.8296 302.3643 300.5743 300.4391 300.3038 300.1686 300.0333
300.0 300.0 300.0 300.0 300.0 300.0 300.0 300.0 300.0 300.0 300.0 300.0 300.0 300.0 300.0 300.4295 301.0881 301.7467 302.4053 303.5252 308.1628 312.8005 317.4381 322.0757 329.8885 340.0033 350.118 360.2327 370.123 375.0752 380.0276 384.9799 389.9323 390.739 387.5185 384.298 381.0775 377.857 366.9536 355.8208 344.688 333.5552 325.2157 320.5074 315.7991 311.0907 306.3824 309.5605 313.6291 317.6976 321.7662 323.7856 322.1985 320.6114 319.0243 317.4372 314.228 310.6773 307.1266 303.576 300.9871 300.7547 300.5222 300.2897 300.0573
300.0 300.0 300.0 300.0 300.0 300.0 300.0 300.0 300.0 300.0 300.0 300.0 300.0 300.0 300.0 300.6091 301.5431 302.4771 303.4112 304.9091 310.7078 316.5064 322.305 328.1036 335.9943 345.4016 354.8089 364.2163 373.3796 377.1763 380.973 384.7697 388.5665 388.6039 384.9892 381.3745 377.7598 374.1452 363.0363 351.7037 340.3712 329.0386 321.1285 317.6675 314.2065 310.7455 307.2845 311.7683 317.1491 322.53 327.9108 330.6379 328.6943 326.7508 324.8073 322.8638 318.696 314.0599 309.4238 304.7878 301.3999 301.0703 300.7406 300.4109 300.0812
300.0 300.0 300.0 300.0 300.0 300.0 300.0 300.0 300.0 300.0 300.0 300.0 300.0 300.0 300.0 300.7887 301.9982 303.2076 304.417 306.2931 313.2526 320.2122 327.1718 334.1313 342.0998 350.7998 359.4997 368.1997 376.6362 379.2773 381.9185 384.5596 387.2008 386.4688 382.46 378.4511 374.4423 370.4335 359.1192 347.5868 336.0545 324.5221 317.0414 314.8277 312.614 310.4004 308.1867 313.9761 320.6691 327.3621 334.0551 337.4899 335.1899 332.89 330.5901 328.2902 323.1638 317.4423 311.7209 305.9995 301.8127 301.3858 300.959 300.5321 300.1052
300.0 300.0 300.0 300.0 300.0 300.0 300.0 300.0 300.0 300.0 300.0 300.0 300.0 300.0 300.0 301.4652 303.7118 305.9585 308.2051 311.1236 319.1656 327.2076 335.2496 343.2916 350.9088 358.218 365.5273 372.8366 379.8677 380.7808 381.6939 382.607 383.5201 381.7203 377.285 372.8496 368.4143 363.979 353.4357 342.7101 331.9845 321.2589 314.7805 313.8233 312.8661 311.909 310.9518 317.8403 325.6146 333.389 341.1633 345.319 343.106 340.8929 338.6798 336.4667 330.0469 322.7415 315.4362 308.1309 302.7549 302.1061 301.4574 300.8086 300.1599
300.0 300.0 300.0 300.0 300.0 300.0 300.0 300.0 300.0 300.0 300.0 300.0 300.0 300.0 300.0 302.2258 305.6388 309.0517 312.4647 316.5382 325.6493 334.7603 343.8714 352.9824 360.1756 365.9784 371.7813 377.584 383.0948 382.183 381.271 380.3591 379.4472 376.529 371.6617 366.7945 361.9272 357.0599 347.4531 337.7048 327.9565 318.2082 312.8292 313.13 313.4309 313.7318 314.0326 321.9851 330.8016 339.6181 348.4346 353.3135 351.2624 349.2113 347.1602 345.1091 337.3392 328.3654 319.3917 310.418 303.7868 302.895 302.0033 301.1115 300.2197
300.0 300.0 300.0 300.0 300.0 300.0 300.0 300.0 300.0 300.0 300.0 300.0 300.0 300.0 300.0 302.9865 307.5658 312.1451 316.7244 321.953 332.1332 342.3133 352.4935 362.6736 369.4428 373.7391 378.0354 382.3317 386.3221 383.5852 380.8482 378.1112 375.3742 371.3375 366.0383 360.739 355.4398 350.1406 341.4703 332.6993 323.9284 315.1575 310.8778 312.4368 313.9957 315.5546 317.1135 326.1301 335.9888 345.8474 355.7061 361.3083 359.4192 357.53 355.6409 353.7518 344.6318 333.9895 323.3473 312.7053 304.8187 303.684 302.5492 301.4144 300.2796
300.0 300.0 300.0 300.0 300.0 300.0 300.0 300.0 300.0 300.0 300.0 300.0 300.0 300.0 300.0 303.7471 309.4927 315.2383 320.9839 327.3676 338.6169 349.8661 361.1153 372.3645 378.7097 381.4995 384.2893 387.0792 389.5493 384.9873 380.4253 375.8633 371.3013 366.1462 360.415 354.6839 348.9527 343.2215 335.4877 327.6941 319.9004 312.1068 308.9265 311.7435 314.5604 317.3774 320.1943 330.275 341.1758 352.0765 362.9773 369.3028 367.5756 365.8484 364.1213 362.3942 351.9241 339.6135 327.3028 314.9924 305.8506 304.4728 303.095 301.7173 300.3394
300.0 300.0 300.0 300.0 300.0 300.0 300.0 300.0 300.0 300.0 300.0165 300.1043 300.1921 300.2799 300.3677 304.8027 311.5563 318.3098 325.0634 332.3953 344.1368 355.8784 367.62 379.3616 385.1582 386.6447 388.1311 389.6176 390.7798 384.8095 378.839 372.8685 366.8981 360.891 354.8484 348.8058 342.7632 336.7205 329.9216 323.1002 316.2787 309.4573 307.1227 310.6211 314.1193 317.6176 321.116 331.6019 342.8769 354.1518 365.4268 372.1263 370.7728 369.4194 368.066 366.7126 355.6204 342.478 329.3356 316.1934 306.4219 304.9096 303.3973 301.8849 300.3726
300.0 300.0 300.0 300.0 300.0 300.0 300.0 300.0 300.0 300.0 300.0684 300.4316 300.7948 301.158 301.5211 306.4885 313.9117 321.3348 328.7579 336.5959 347.5978 358.5996 369.6015 380.6034 385.5851 386.2022 386.8194 387.4365 387.7447 381.2559 374.7671 368.2783 361.7894 355.4995 349.4029 343.3062 337.2096 331.113 325.2458 319.3855 313.5252 307.6649 305.6341 308.5817 311.5293 314.4769 317.4245 326.9085 337.1305 347.3525 357.5746 363.9019 363.3746 362.8474 362.3201 361.7928 351.6338 339.447 327.2603 315.0738 306.0092 304.5941 303.1789 301.7638 300.3487
300.0 300.0 300.0 300.0 300.0 300.0 300.0 300.0 300.0 300.0 300.1203 300.7589 301.3974 302.0359 302.6745 308.1744 316.267 324.3597 332.4524 340.7966 351.0587 361.3209 371.583 381.8452 386.012 385.7598 385.5076 385.2554 384.7095 377.7024 370.6952 363.688 356.6808 350.108 343.9574 337.8067 331.6561 325.5055 320.57 315.6708 310.7716 305.8724 304.1455 306.5424 308.9392 311.3361 313.733 322.215 331.3841 340.5533 349.7224 355.6776 355.9765 356.2753 356.5742 356.873 347.6471 336.4161 325.185 313.9542 305.5964 304.2785 302.9606 301.6426 300.3247
300.0 300.0 300.0 300.0 300.0 300.0 300.0 300.0 300.0 300.0 300.1722 301.0861 302.0 302.914 303.8279 309.8602 318.6224 327.3846 336.1469 344.9972 354.5197 364.0421 373.5645 383.0869 386.4389 385.3174 384.1959 383.0743 381.6743 374.1489 366.6233 359.0977 351.5721 344.7166 338.5119 332.3073 326.1026 319.8979 315.8942 311.9561 308.018 304.08 302.6568 304.503 306.3492 308.1953 310.0415 317.5216 325.6378 333.7539 341.8701 347.4533 348.5783 349.7032 350.8282 351.9532 343.6605 333.3851 323.1098 312.8346 305.1837 303.963 302.7422 301.5215 300.3008
300.0 300.0 300.0 300.0 300.0 300.0 300.0 300.0 300.0 300.0 300.2241 301.4134 302.6027 303.792 304.9813 311.546 320.9778 330.4096 339.8413 349.1979 357.9806 366.7633 375.546 384.3287 386.8658 384.875 382.8841 380.8932 378.6391 370.5953 362.5514 354.5074 346.4635 339.3251 333.0664 326.8077 320.549 314.2904 311.2183 308.2414 305.2645 302.2875 301.1682 302.4637 303.7591 305.0546 306.3501 312.8282 319.8914 326.9547 334.0179 339.2289 341.1801 343.1312 345.0823 347.0334 339.6739 330.3542 321.0345 311.715 304.7709 303.6474 302.5239 301.4003 300.2768
300.0406 300.0 300.0 300.0 300.0 300.0 300.0 300.0 300.0 300.0 300.2258 301.4243 302.6227 303.8212 305.0196 311.3683 320.4638 329.5594 338.655 347.6324 355.7092 363.7859 371.8627 379.9394 381.8939 379.4098 376.9256 374.4415 371.7213 363.8099 355.8984 347.9869 340.0754 333.35 327.7768 322.2037 316.6305 311.0574 308.6226 306.2814 303.9402 301.5991 300.6989 301.6718 302.6447 303.6176 304.5905 309.8846 315.6667 321.4487 327.2307 331.5934 333.4579 335.3224 337.187 339.0515 332.9796 325.2368 317.4941 309.7515 303.9813 303.0437 302.1061 301.1685 300.231
300.0925 300.0 300.0 300.0 300.0 300.0 300.0 300.0 300.0 300.0 300.2136 301.3473 302.4809 303.6146 304.7482 310.6729 319.1528 327.6328 336.1128 344.4652 351.8454 359.2256 366.6058 373.9859 375.4222 372.5493 369.6764 366.8034 363.725 356.1268 348.5285 340.9302 333.3319 327.2127 322.5305 317.8484 313.1662 308.484 306.6046 304.8088 303.0131 301.2173 300.5127 301.2264 301.9401 302.6538 303.3675 307.4272 311.8646 316.302 320.7394 324.1214 325.6458 327.1702 328.6945 330.2189 325.5331 319.5399 313.5468 307.5537 303.0869 302.36 301.633 300.906 300.1791
300.1444 300.0 300.0 300.0 300.0 300.0 300.0 300.0 300.0 300.0 300.2014 301.2702 302.3391 303.408 304.4768 309.9775 317.8418 325.7062 333.5706 341.2981 347.9817 354.6653 361.3488 368.0324 368.9506 365.6888 362.4271 359.1653 355.7286 348.4437 341.1586 333.8735 326.5884 321.0755 317.2843 313.4931 309.7018 305.9106 304.5866 303.3363 302.0859 300.8356 300.3265 300.781 301.2355 301.6901 302.1446 304.9697 308.0625 311.1553 314.248 316.6494 317.8336 319.0179 320.2021 321.3864 318.0867 313.843 309.5994 305.3558 302.1925 301.6762 301.1599 300.6435 300.1272
