data/zism_data/00036_02_D.txt
ncols         224
nrows         224
[rows 56 to 83 of 224, columns 126 to 188 of 224]
803.7615 801.2468 798.7322 796.2175 793.7009 791.1223 788.5435 785.9648 783.3861 780.8069 778.2269 775.647 773.0672 770.4872 767.0857 763.6198 760.154 756.6881 752.9573 748.7878 744.6185 740.4492 736.2798 732.0367 727.778 723.5193 719.2606 715.6087 713.5534 711.4982 709.443 707.3878 706.6887 706.5051 706.3215 706.1378 705.9861 705.9861 705.9861 705.9861 705.9861 706.8217 708.1625 709.5032 710.8441 712.2039 713.8087 715.4135 717.0182 718.623 720.4182 722.3878 724.3573 726.327 728.2965 731.1287 733.9865 736.8442 739.7021 742.1949 744.1841 746.1733 748.1625
799.7776 797.489 795.2004 792.9118 790.6205 788.241 785.8614 783.4819 781.1023 778.663 776.1584 773.6539 771.1494 768.6448 765.3635 762.0214 758.6794 755.3373 751.7039 747.5883 743.4728 739.3573 735.2417 731.2081 727.1915 723.1751 719.1586 715.8259 714.2928 712.7596 711.2265 709.6933 709.2161 709.1401 709.0641 708.9882 708.9254 708.9254 708.9254 708.9254 708.9254 709.9588 711.6172 713.2755 714.9338 716.6163 718.6087 720.601 722.5933 724.5856 726.5857 728.593 730.6002 732.6075 734.6147 737.4584 740.327 743.1956 746.0643 748.4659 750.2238 751.9815 753.7393
795.7936 793.731 791.6685 789.606 787.54 785.3596 783.1792 780.9988 778.8184 776.519 774.0898 771.6606 769.2314 766.8022 763.6412 760.4229 757.2048 753.9865 750.4504 746.3887 742.327 738.2653 734.2036 730.3794 726.605 722.8309 719.0565 716.0432 715.0321 714.0211 713.0101 711.999 711.7435 711.7752 711.8069 711.8386 711.8647 711.8647 711.8647 711.8647 711.8647 713.096 715.072 717.0479 719.0237 721.0289 723.4088 725.7886 728.1685 730.5484 732.7535 734.7985 736.8433 738.8883 740.9332 743.7885 746.6678 749.5471 752.4266 754.7372 756.2636 757.7899 759.3162
794.5225 792.4643 790.4061 788.348 786.2864 784.1152 781.9439 779.7727 777.6014 775.2996 772.8552 770.4109 767.9666 765.5222 762.4497 759.3281 756.2065 753.0849 749.7368 746.0139 742.2911 738.5683 734.8454 731.4484 728.1199 724.7915 721.463 718.97 718.6756 718.3812 718.0868 717.7924 717.9467 718.2715 718.5963 718.9211 719.1942 719.2213 719.2485 719.2756 719.3028 720.4603 722.3013 724.1423 725.9834 727.8754 730.4212 732.9669 735.5125 738.0583 740.2254 742.0457 743.8658 745.686 747.5062 750.2204 752.9612 755.702 758.4429 760.6216 762.0251 763.4285 764.832
793.7659 791.6699 789.5741 787.4783 785.3794 783.1812 780.983 778.7849 776.5866 774.2553 771.7786 769.3021 766.8254 764.3488 761.3589 758.3287 755.2987 752.2686 749.1255 745.7955 742.4657 739.1358 735.8058 732.8774 730.0333 727.1893 724.3452 722.4108 722.8699 723.3291 723.7882 724.2474 724.8471 725.5003 726.1534 726.8066 727.3566 727.416 727.4754 727.5349 727.5943 728.6265 730.2468 731.8671 733.4875 735.1838 737.8534 740.5228 743.1923 745.8618 747.945 749.4907 751.0364 752.5821 754.1277 756.6719 759.2459 761.8198 764.3939 766.4329 767.7341 769.0352 770.3364
793.0092 790.8756 788.7421 786.6086 784.4723 782.2473 780.0221 777.7971 775.572 773.2111 770.7021 768.1933 765.6844 763.1754 760.268 757.3293 754.3908 751.4522 748.5143 745.5772 742.6403 739.7033 736.7663 734.3063 731.9467 729.587 727.2274 725.8515 727.0642 728.2769 729.4895 730.7022 731.7473 732.7289 733.7103 734.6918 735.5186 735.6104 735.7021 735.7938 735.8855 736.7923 738.192 739.5917 740.9913 742.4919 745.2853 748.0786 750.8718 753.6652 755.6643 756.9355 758.2067 759.4778 760.749 763.1233 765.5304 767.9374 770.3446 772.244 773.4429 774.6417 775.8406
792.2525 790.0812 787.91 785.7388 783.5652 781.3132 779.0612 776.8093 774.5572 772.1669 769.6256 767.0845 764.5433 762.002 759.1771 756.33 753.483 750.6358 747.903 745.3589 742.8148 740.2708 737.7267 735.7352 733.86 731.9849 730.1097 729.2923 731.2585 733.2247 735.191 737.1572 738.6478 739.9576 741.2675 742.5773 743.681 743.805 743.929 744.053 744.1771 744.9585 746.1375 747.3165 748.4954 749.8004 752.7175 755.6345 758.5516 761.4688 763.3839 764.3806 765.3772 766.3739 767.3705 769.5748 771.8151 774.0553 776.2956 778.0552 779.1519 780.2484 781.3451
792.1563 789.9294 787.7025 785.4756 783.2469 780.9631 778.6793 776.3955 774.1116 771.7003 769.1496 766.5991 764.0485 761.4979 758.736 755.9574 753.1789 750.4003 747.8398 745.6394 743.4392 741.239 739.0386 737.4895 736.0774 734.6653 733.2532 732.9312 735.4773 738.0234 740.5695 743.1157 745.0323 746.7098 748.3873 750.0648 751.4917 751.7283 751.9648 752.2014 752.438 753.1335 754.1066 755.0797 756.0527 757.1625 760.0233 762.8839 765.7446 768.6053 770.3776 771.1522 771.9268 772.7014 773.476 775.4641 777.4883 779.5125 781.5368 783.0972 784.0179 784.9385 785.8591
793.5698 791.2459 788.9222 786.5984 784.2745 781.9476 779.6207 777.2938 774.9669 772.5536 770.0461 767.5386 765.0311 762.5236 759.7797 757.0173 754.2549 751.4925 749.0292 747.0603 745.0915 743.1227 741.1539 739.9873 738.9897 737.9921 736.9944 737.023 739.7522 742.4813 745.2103 747.9395 750.2381 752.3731 754.5081 756.6431 758.4994 759.032 759.5646 760.0972 760.6299 761.3296 762.1304 762.9313 763.7321 764.6482 767.0406 769.433 771.8254 774.2178 775.7128 776.3852 777.0575 777.7299 778.4022 780.0685 781.7644 783.4603 785.1563 786.3816 786.9578 787.5339 788.1101
794.9833 792.5626 790.1419 787.7213 785.302 782.9321 780.5621 778.1921 775.8221 773.407 770.9426 768.4781 766.0137 763.5492 760.8234 758.0771 755.331 752.5847 750.2187 748.4813 746.7439 745.0065 743.2692 742.4852 741.902 741.3189 740.7357 741.115 744.0272 746.9393 749.8514 752.7635 755.444 758.0366 760.6291 763.2217 765.5074 766.3361 767.1647 767.9933 768.822 769.5259 770.1545 770.7831 771.4117 772.1342 774.0583 775.9824 777.9065 779.8306 781.0483 781.6183 782.1884 782.7585 783.3286 784.6731 786.0406 787.4083 788.7759 789.6661 789.8977 790.1294 790.3611
796.3968 793.8792 791.3616 788.8441 786.3295 783.9165 781.5034 779.0905 776.6774 774.2604 771.839 769.4176 766.9963 764.5748 761.8671 759.137 756.407 753.6769 751.4081 749.9022 748.3962 746.8903 745.3843 744.9831 744.8143 744.6456 744.4769 745.2069 748.3021 751.3972 754.4922 757.5875 760.6498 763.6999 766.7499 769.8 772.5151 773.6398 774.7645 775.8892 777.0139 777.722 778.1783 778.6347 779.0911 779.6198 781.0757 782.5315 783.9874 785.4432 786.3835 786.8514 787.3192 787.787 788.2548 789.2775 790.3168 791.356 792.3953 792.9504 792.8376 792.7248 792.612
797.8103 795.1957 792.5814 789.9669 787.357 784.9009 782.4448 779.9888 777.5327 775.1138 772.7355 770.3572 767.9789 765.6005 762.9109 760.197 757.4831 754.7691 752.5976 751.3231 750.0486 748.7742 747.4996 747.481 747.7267 747.9725 748.2182 749.2989 752.5771 755.8552 759.1333 762.4115 765.8558 769.3634 772.8709 776.3785 779.5231 780.9438 782.3646 783.7852 785.206 785.9184 786.2025 786.4866 786.7707 787.1057 788.0933 789.0809 790.0684 791.056 791.719 792.0845 792.4501 792.8156 793.1812 793.8821 794.593 795.304 796.015 796.2349 795.7776 795.3203 794.863
800.5173 797.6034 794.6895 791.7756 788.8723 786.3278 783.7831 781.2385 778.6938 776.1901 773.7308 771.2715 768.8122 766.3528 763.7645 761.1658 758.5673 755.9688 753.9688 752.9589 751.9489 750.9389 749.929 750.1484 750.6266 751.1049 751.5831 752.8213 756.0593 759.2971 762.5349 765.7729 769.271 772.8682 776.4652 780.0624 783.3015 784.8405 786.3795 787.9184 789.4574 790.174 790.3934 790.6127 790.832 791.0938 791.8984 792.7029 793.5075 794.3121 794.9011 795.2925 795.684 796.0754 796.4668 796.8256 797.1834 797.5413 797.899 797.7035 796.7446 795.7858 794.8268
803.6151 800.3405 797.0659 793.7914 790.535 787.8882 785.2412 782.5944 779.9474 777.3337 774.7559 772.1782 769.6005 767.0228 764.5605 762.1073 759.6541 757.2009 755.395 754.6595 753.9241 753.1886 752.4531 752.867 753.5229 754.1788 754.8347 756.1719 759.3022 762.4324 765.5626 768.6929 772.1458 775.7214 779.2969 782.8725 786.105 787.7087 789.3122 790.9158 792.5193 793.2402 793.4272 793.6143 793.8013 794.0261 794.7338 795.4415 796.1492 796.8568 797.4332 797.8892 798.3453 798.8013 799.2573 799.2678 799.265 799.2622 799.2594 798.624 797.1161 795.6082 794.1003
806.7126 803.0774 799.4423 795.8072 792.1976 789.4485 786.6993 783.9502 781.201 778.4772 775.7811 773.085 770.3889 767.6927 765.3567 763.0488 760.7409 758.433 756.821 756.3601 755.8991 755.4382 754.9772 755.5856 756.4191 757.2526 758.0861 759.5223 762.545 765.5676 768.5901 771.6127 775.0204 778.5745 782.1285 785.6826 788.9086 790.5767 792.2449 793.913 795.5812 796.3062 796.461 796.6158 796.7705 796.9583 797.5692 798.1799 798.7907 799.4015 799.9653 800.4859 801.0065 801.5271 802.0477 801.71 801.3465 800.9831 800.6197 799.5445 797.4875 795.4307 793.3738
809.8104 805.8145 801.8187 797.823 793.8603 791.0089 788.1574 785.306 782.4546 779.6208 776.8062 773.9917 771.1772 768.3626 766.1528 763.9902 761.8277 759.6651 758.2472 758.0607 757.8743 757.6879 757.5014 758.3043 759.3154 760.3265 761.3376 762.8729 765.788 768.7028 771.6177 774.5327 777.8951 781.4277 784.9601 788.4927 791.7122 793.4449 795.1777 796.9104 798.6432 799.3724 799.4949 799.6173 799.7398 799.8906 800.4045 800.9185 801.4324 801.9463 802.4974 803.0826 803.6678 804.2531 804.8383 804.1521 803.4281 802.704 801.98 800.465 797.8591 795.2532 792.6472
812.6154 808.2539 803.8925 799.5312 795.2116 792.2967 789.3816 786.4667 783.5516 780.6549 777.7781 774.9013 772.0245 769.1477 767.0786 765.0726 763.0666 761.0605 759.829 759.8784 759.9278 759.9772 760.0266 760.9903 762.1466 763.3029 764.4592 766.0742 768.8965 771.7188 774.541 777.3633 780.6556 784.1267 787.5977 791.0688 794.244 796.0139 797.7837 799.5535 801.3235 802.0271 802.0861 802.1451 802.204 802.2892 802.71 803.1308 803.5516 803.9724 804.4918 805.1016 805.7115 806.3214 806.9312 805.892 804.8036 803.7152 802.6268 800.6987 797.6124 794.5261 791.4398
814.4514 809.7077 804.9642 800.2207 795.5319 792.6816 789.8311 786.9808 784.1303 781.3265 778.5735 775.8205 773.0676 770.3145 768.4341 766.6218 764.8096 762.9974 761.9272 762.0842 762.2412 762.3983 762.5553 763.5689 764.7629 765.9568 767.1508 768.7813 771.5605 774.3397 777.1188 779.8981 783.0381 786.3155 789.5927 792.87 795.8757 797.5918 799.3079 801.0239 802.7399 803.3193 803.2114 803.1036 802.9957 802.9203 803.2603 803.6003 803.9404 804.2804 804.705 805.2073 805.7095 806.2117 806.7139 805.3057 803.8405 802.3754 800.9102 798.6573 795.318 791.9788 788.6395
816.2874 811.1615 806.0359 800.9102 795.8522 793.0665 790.2806 787.4948 784.7089 781.9981 779.3688 776.7396 774.1105 771.4812 769.7896 768.171 766.5526 764.9341 764.0252 764.2899 764.5546 764.8192 765.0839 766.1473 767.379 768.6107 769.8423 771.4882 774.2244 776.9605 779.6966 782.4328 785.4206 788.5042 791.5876 794.6711 797.5074 799.1697 800.8319 802.4941 804.1564 804.6115 804.3368 804.062 803.7873 803.5513 803.8105 804.0698 804.3292 804.5884 804.9183 805.3129 805.7075 806.102 806.4965 804.7194 802.8774 801.0355 799.1935 796.616 793.0237 789.4315 785.8392
818.1234 812.6154 807.1075 801.5997 796.1725 793.4514 790.7301 788.0089 785.2877 782.6697 780.1642 777.6588 775.1534 772.648 771.145 769.7203 768.2956 766.8708 766.1233 766.4957 766.868 767.2403 767.6126 768.7259 769.9952 771.2646 772.5339 774.1953 776.8884 779.5814 782.2745 784.9676 787.8032 790.6929 793.5826 796.4724 799.1392 800.7477 802.356 803.9644 805.5729 805.9037 805.4621 805.0205 804.5789 804.1823 804.3608 804.5394 804.718 804.8965 805.1316 805.4185 805.7054 805.9923 806.2792 804.1331 801.9144 799.6957 797.4769 794.5746 790.7293 786.8842 783.0388
819.9593 814.0692 808.1792 802.2892 796.4928 793.8362 791.1796 788.5229 785.8663 783.3412 780.9595 778.578 776.1964 773.8148 772.5004 771.2695 770.0386 768.8076 768.2214 768.7014 769.1813 769.6613 770.1412 771.3044 772.6114 773.9184 775.2254 776.9022 779.5523 782.2023 784.8522 787.5023 790.1856 792.8816 795.5775 798.2735 800.7709 802.3256 803.8801 805.4347 806.9893 807.1959 806.5875 805.979 805.3705 804.8132 804.9111 805.0089 805.1068 805.2046 805.3449 805.5242 805.7034 805.8826 806.0619 803.5468 800.9513 798.3558 795.7603 792.5333 788.435 784.3369 780.2386
820.6866 814.7064 808.7263 802.7463 796.8661 794.3416 791.8169 789.2923 786.7676 784.4189 782.2622 780.1055 777.9488 775.792 774.5869 773.4561 772.3253 771.1945 770.6563 771.0978 771.5394 771.981 772.4227 773.5762 774.8798 776.1832 777.4868 779.1295 781.6654 784.2012 786.737 789.2728 791.928 794.6287 797.3293 800.03 802.5447 804.1766 805.8083 807.4401 809.072 809.2177 808.4648 807.712 806.9592 806.2456 806.0342 805.8229 805.6116 805.4003 805.2624 805.1917 805.121 805.0504 804.9797 802.3969 799.7392 797.0815 794.4236 791.1534 787.038 782.9228 778.8074
820.9289 814.9863 809.0439 803.1016 797.2628 794.8997 792.5364 790.1733 787.8101 785.6744 783.7868 781.8992 780.0117 778.124 776.9933 775.9218 774.8502 773.7786 773.2386 773.578 773.9173 774.2567 774.5959 775.714 776.996 778.2779 779.5599 781.1471 783.5376 785.9281 788.3185 790.709 793.3906 796.1827 798.9749 801.767 804.3807 806.1472 807.9135 809.6799 811.4462 811.5588 810.6714 809.784 808.8966 808.0286 807.4081 806.7878 806.1674 805.547 805.0505 804.6677 804.2848 803.9019 803.5191 801.0004 798.418 795.8357 793.2532 790.0628 786.0336 782.0045 777.9752
821.1712 815.2663 809.3616 803.4569 797.6594 795.4577 793.256 791.0543 788.8526 786.9299 785.3113 783.6929 782.0744 780.4559 779.3997 778.3873 777.3749 776.3625 775.821 776.058 776.2951 776.5322 776.7692 777.8516 779.1121 780.3725 781.633 783.1646 785.4097 787.6549 789.9 792.1453 794.853 797.7367 800.6203 803.504 806.2167 808.1177 810.0186 811.9194 813.8204 813.8998 812.8779 811.856 810.8339 809.8115 808.782 807.7526 806.7231 805.6936 804.8387 804.1436 803.4486 802.7535 802.0585 799.6039 797.0969 794.5899 792.0828 788.9723 785.0292 781.0862 777.1431
821.4135 815.5463 809.6793 803.8123 798.056 796.0157 793.9755 791.9354 789.8951 788.1853 786.8359 785.4866 784.1373 782.7879 781.806 780.8528 779.8997 778.9465 778.4033 778.5381 778.6729 778.8077 778.9425 779.9894 781.2283 782.4672 783.7061 785.1821 787.282 789.3818 791.4816 793.5815 796.3156 799.2907 802.2658 805.241 808.0527 810.0883 812.1237 814.1592 816.1947 816.241 815.0844 813.9279 812.7714 811.5944 810.1559 808.7173 807.2788 805.8403 804.6268 803.6195 802.6123 801.6051 800.5978 798.2074 795.7758 793.3441 790.9124 787.8817 784.0247 780.1679 776.3109
822.0009 816.1808 810.3609 804.541 798.8339 796.9123 794.9907 793.069 791.1473 789.6134 788.5023 787.3911 786.28 785.1689 784.2505 783.347 782.4437 781.5403 780.9863 781.0103 781.0342 781.0582 781.0822 782.0877 783.2999 784.5121 785.7244 787.1559 789.1645 791.173 793.1815 795.1901 797.9617 801.0233 804.0847 807.1462 810.0433 812.1593 814.2753 816.3912 818.5072 818.4936 817.1922 815.8908 814.5894 813.2495 811.4156 809.5817 807.7479 805.9139 804.3521 803.0396 801.7271 800.4145 799.1019 796.7642 794.3959 792.0275 789.6591 786.7141 782.9732 779.2325 775.4916
824.4086 818.6854 812.9623 807.2393 801.6232 799.5939 797.5646 795.5353 793.506 791.9519 790.9161 789.8804 788.8446 787.8088 786.8959 785.9924 785.0891 784.1857 783.5729 783.4407 783.3086 783.1765 783.0443 783.9783 785.1367 786.2951 787.4535 788.8994 791.1017 793.304 795.5063 797.7087 800.5765 803.6973 806.8179 809.9387 812.8491 814.7606 816.6719 818.5834 820.4949 820.28 818.7795 817.279 815.7784 814.2303 812.0735 809.9167 807.7599 805.603 803.7463 802.1646 800.5829 799.0013 797.4196 795.074 792.7057 790.3374 787.969 785.1393 781.673 778.2067 774.7404
826.8162 821.1898 815.5637 809.9375 804.4124 802.2755 800.1384 798.0015 795.8646 794.2903 793.3299 792.3695 791.4091 790.4487 789.5412 788.6378 787.7344 786.831 786.1594 785.8712 785.5829 785.2947 785.0065 785.8688 786.9734 788.0779 789.1826 790.6428 793.0389 795.435 797.8311 800.2272 803.1912 806.3712 809.5511 812.731 815.6547 817.3617 819.0686 820.7755 822.4824 822.0664 820.3667 818.6671 816.9674 815.2112 812.7314 810.2516 807.7719 805.2921 803.1405 801.2897 799.439 797.5881 795.7374 793.384 791.0157 788.6473 786.279 783.5646 780.3727 777.181 773.9893
