data/zism_data/00031_01_D.txt
ncols         224
nrows         224
[rows 168 to 195 of 224, columns 63 to 125 of 224]
4775.761 4775.505 4777.11 4778.715 4780.32 4781.924 4784.215 4786.889 4789.562 4792.234 4795.213 4802.065 4808.917 4815.77 4822.622 4831.421 4842.14 4852.859 4863.577 4874.296 4887.219 4900.298 4913.377 4926.456 4940.795 4957.33 4973.865 4990.4 5006.935 5021.851 5036.351 5050.852 5065.352 5077.065 5079.249 5081.432 5083.616 5085.799 5083.94 5079.971 5076.001 5072.031 5067.496 5057.059 5046.623 5036.187 5025.75 5014.987 5003.92 4992.853 4981.786 4970.719 4961.386 4952.146 4942.907 4933.667 4926.879 4924.096 4921.313 4918.53 4915.748 4924.681 4936.358
4777.148 4777.048 4778.653 4780.258 4781.863 4783.468 4785.741 4788.388 4791.034 4793.68 4796.638 4803.561 4810.482 4817.404 4824.326 4832.969 4843.307 4853.645 4863.983 4874.321 4887.099 4900.049 4913.0 4925.949 4940.033 4956.091 4972.149 4988.207 5004.265 5019.667 5034.902 5050.137 5065.371 5077.601 5079.554 5081.507 5083.46 5085.413 5082.714 5077.587 5072.459 5067.332 5061.686 5050.644 5039.603 5028.561 5017.519 5006.397 4995.201 4984.005 4972.809 4961.613 4952.727 4943.964 4935.202 4926.44 4920.114 4917.771 4915.427 4913.084 4910.741 4919.214 4930.222
4778.535 4778.591 4780.196 4781.801 4783.406 4785.011 4787.267 4789.887 4792.506 4795.125 4798.064 4805.056 4812.047 4819.039 4826.031 4834.516 4844.474 4854.431 4864.389 4874.346 4886.979 4899.8 4912.622 4925.443 4939.271 4954.852 4970.433 4986.014 5001.594 5017.484 5033.453 5049.422 5065.391 5078.136 5079.859 5081.582 5083.304 5085.026 5081.488 5075.203 5068.917 5062.632 5055.876 5044.229 5032.582 5020.934 5009.286 4997.806 4986.481 4975.157 4963.833 4952.508 4944.067 4935.782 4927.497 4919.212 4913.349 4911.445 4909.542 4907.638 4905.734 4913.748 4924.085
4779.921 4780.134 4781.739 4783.344 4784.949 4786.554 4788.793 4791.386 4793.979 4796.571 4799.49 4806.551 4813.612 4820.674 4827.735 4836.063 4845.641 4855.217 4864.794 4874.371 4886.859 4899.552 4912.244 4924.937 4938.51 4953.613 4968.717 4983.82 4998.924 5015.3 5032.004 5048.707 5065.41 5078.672 5080.164 5081.656 5083.148 5084.64 5080.262 5072.819 5065.375 5057.932 5050.067 5037.814 5025.561 5013.307 5001.054 4989.215 4977.762 4966.309 4954.856 4943.403 4935.409 4927.601 4919.792 4911.984 4906.584 4905.12 4903.656 4902.191 4900.727 4908.282 4917.949
4781.303 4781.608 4783.185 4784.762 4786.338 4787.915 4790.177 4792.819 4795.462 4798.105 4801.07 4808.124 4815.178 4822.232 4829.286 4837.461 4846.742 4856.022 4865.302 4874.582 4886.921 4899.477 4912.031 4924.586 4937.881 4952.466 4967.05 4981.635 4996.22 5012.642 5029.537 5046.432 5063.326 5076.653 5077.779 5078.906 5080.032 5081.159 5076.161 5067.965 5059.77 5051.574 5043.017 5030.706 5018.395 5006.083 4993.772 4981.949 4970.579 4959.209 4947.839 4936.47 4928.968 4921.674 4914.38 4907.087 4902.11 4900.919 4899.729 4898.54 4897.349 4904.128 4912.773
4782.678 4782.99 4784.503 4786.015 4787.528 4789.041 4791.375 4794.168 4796.961 4799.754 4802.85 4809.797 4816.744 4823.69 4830.638 4838.665 4847.758 4856.85 4865.943 4875.035 4887.222 4899.627 4912.032 4924.437 4937.427 4951.438 4965.449 4979.46 4993.471 5009.367 5025.747 5042.127 5058.507 5071.313 5071.898 5072.483 5073.069 5073.654 5068.322 5059.901 5051.48 5043.06 5034.355 5022.698 5011.041 4999.383 4987.726 4976.403 4965.393 4954.382 4943.372 4932.361 4925.412 4918.681 4911.95 4905.219 4900.613 4899.482 4898.351 4897.22 4896.089 4901.68 4908.846
4784.053 4784.373 4785.821 4787.269 4788.717 4790.166 4792.574 4795.517 4798.46 4801.403 4804.63 4811.47 4818.31 4825.149 4831.989 4839.869 4848.774 4857.679 4866.583 4875.488 4887.523 4899.778 4912.032 4924.287 4936.973 4950.41 4963.847 4977.285 4990.722 5006.091 5021.957 5037.823 5053.688 5065.974 5066.018 5066.061 5066.105 5066.148 5060.483 5051.837 5043.191 5034.545 5025.692 5014.689 5003.686 4992.682 4981.679 4970.858 4960.207 4949.555 4938.904 4928.252 4921.855 4915.687 4909.519 4903.351 4899.117 4898.045 4896.973 4895.901 4894.829 4899.232 4904.919
4785.428 4785.755 4787.139 4788.523 4789.907 4791.291 4793.772 4796.866 4799.958 4803.052 4806.41 4813.143 4819.875 4826.608 4833.34 4841.072 4849.79 4858.507 4867.225 4875.942 4887.824 4899.928 4912.033 4924.137 4936.519 4949.382 4962.246 4975.11 4987.974 5002.816 5018.167 5033.518 5048.869 5060.634 5060.137 5059.639 5059.141 5058.644 5052.645 5043.773 5034.902 5026.031 5017.03 5006.681 4996.332 4985.982 4975.632 4965.313 4955.021 4944.728 4934.436 4924.144 4918.299 4912.694 4907.088 4901.483 4897.621 4896.608 4895.595 4894.582 4893.568 4896.785 4900.992
4786.803 4787.138 4788.458 4789.777 4791.097 4792.416 4794.971 4798.214 4801.458 4804.701 4808.19 4814.816 4821.441 4828.066 4834.691 4842.276 4850.806 4859.335 4867.865 4876.395 4888.125 4900.079 4912.033 4923.988 4936.064 4948.354 4960.645 4972.935 4985.225 4999.541 5014.377 5029.214 5044.05 5055.294 5054.255 5053.216 5052.177 5051.138 5044.806 5035.709 5026.613 5017.517 5008.368 4998.672 4988.977 4979.281 4969.585 4959.767 4949.834 4939.901 4929.968 4920.035 4914.743 4909.7 4904.658 4899.616 4896.125 4895.17 4894.216 4893.262 4892.308 4894.336 4897.064
4787.933 4788.277 4789.634 4790.99 4792.347 4793.703 4796.479 4800.046 4803.612 4807.179 4810.978 4817.727 4824.477 4831.226 4837.975 4845.606 4854.108 4862.609 4871.11 4879.611 4890.964 4902.518 4914.072 4925.626 4937.25 4948.995 4960.74 4972.486 4984.231 4997.432 5011.007 5024.583 5038.158 5048.47 5047.622 5046.773 5045.924 5045.076 5039.098 5030.441 5021.785 5013.128 5004.417 4995.149 4985.882 4976.614 4967.346 4958.034 4948.682 4939.329 4929.977 4920.625 4915.311 4910.215 4905.119 4900.023 4896.392 4895.154 4893.917 4892.68 4891.442 4892.777 4894.714
4789.035 4789.39 4790.795 4792.199 4793.604 4795.009 4798.022 4801.932 4805.842 4809.751 4813.879 4820.778 4827.678 4834.577 4841.477 4849.177 4857.668 4866.158 4874.648 4883.139 4894.091 4905.216 4916.341 4927.466 4938.62 4949.823 4961.027 4972.231 4983.435 4995.456 5007.685 5019.915 5032.145 5041.477 5040.902 5040.327 5039.752 5039.177 5033.631 5025.489 5017.347 5009.205 5000.999 4992.133 4983.267 4974.401 4965.535 4956.731 4947.985 4939.238 4930.491 4921.745 4916.345 4911.126 4905.907 4900.688 4896.857 4895.298 4893.74 4892.181 4890.622 4891.317 4892.542
4790.137 4790.502 4791.956 4793.408 4794.861 4796.314 4799.565 4803.818 4808.071 4812.323 4816.78 4823.83 4830.879 4837.929 4844.979 4852.748 4861.228 4869.708 4878.187 4886.667 4897.217 4907.914 4918.609 4929.306 4939.99 4950.652 4961.314 4971.977 4982.64 4993.479 5004.363 5015.247 5026.131 5034.485 5034.183 5033.881 5033.58 5033.278 5028.164 5020.536 5012.909 5005.281 4997.581 4989.117 4980.653 4972.189 4963.725 4955.429 4947.288 4939.146 4931.006 4922.865 4917.379 4912.037 4906.694 4901.352 4897.323 4895.442 4893.562 4891.682 4889.801 4889.858 4890.369
4791.24 4791.615 4793.116 4794.617 4796.119 4797.62 4801.108 4805.704 4810.3 4814.896 4819.682 4826.881 4834.081 4841.28 4848.48 4856.319 4864.788 4873.257 4881.726 4890.194 4900.344 4910.611 4920.878 4931.146 4941.36 4951.48 4961.602 4971.723 4981.844 4991.501 5001.041 5010.579 5020.118 5027.492 5027.463 5027.435 5027.407 5027.378 5022.696 5015.583 5008.471 5001.358 4994.162 4986.1 4978.039 4969.977 4961.915 4954.126 4946.591 4939.055 4931.52 4923.985 4918.414 4912.948 4907.482 4902.016 4897.789 4895.586 4893.384 4891.182 4888.98 4888.398 4888.197
4792.27 4792.649 4794.204 4795.759 4797.314 4798.87 4802.627 4807.61 4812.594 4817.578 4822.73 4830.033 4837.336 4844.64 4851.943 4859.767 4868.104 4876.442 4884.78 4893.118 4902.916 4912.816 4922.717 4932.618 4942.446 4952.148 4961.85 4971.552 4981.254 4989.998 4998.497 5006.995 5015.493 5022.105 5022.269 5022.432 5022.596 5022.759 5018.506 5011.947 5005.388 4998.828 4992.177 4984.565 4976.954 4969.343 4961.732 4954.374 4947.252 4940.131 4933.009 4925.887 4920.187 4914.563 4908.938 4903.314 4898.836 4896.23 4893.625 4891.02 4888.415 4887.245 4886.412
4793.172 4793.544 4795.164 4796.783 4798.403 4800.022 4804.103 4809.552 4815.002 4820.452 4826.039 4833.363 4840.688 4848.012 4855.337 4862.999 4870.994 4878.988 4886.983 4894.978 4904.513 4914.156 4923.799 4933.442 4943.033 4952.531 4962.029 4971.528 4981.026 4989.328 4997.322 5005.316 5013.311 5019.544 5019.756 5019.967 5020.179 5020.391 5016.563 5010.625 5004.688 4998.75 4992.714 4985.639 4978.563 4971.488 4964.413 4957.353 4950.306 4943.259 4936.212 4929.166 4923.26 4917.417 4911.572 4905.729 4900.906 4897.754 4894.602 4891.45 4888.298 4886.629 4885.308
4794.076 4794.439 4796.124 4797.807 4799.491 4801.175 4805.578 4811.494 4817.41 4823.326 4829.347 4836.693 4844.039 4851.385 4858.731 4866.231 4873.882 4881.534 4889.186 4896.837 4906.109 4915.496 4924.881 4934.268 4943.62 4952.915 4962.209 4971.504 4980.798 4988.657 4996.148 5003.638 5011.128 5016.983 5017.243 5017.503 5017.763 5018.023 5014.62 5009.304 5003.989 4998.673 4993.25 4986.711 4980.172 4973.633 4967.094 4960.331 4953.359 4946.387 4939.416 4932.444 4926.334 4920.271 4914.207 4908.143 4902.977 4899.278 4895.579 4891.88 4888.181 4886.014 4884.205
4794.979 4795.335 4797.083 4798.832 4800.58 4802.328 4807.053 4813.436 4819.818 4826.201 4832.655 4840.023 4847.39 4854.758 4862.125 4869.463 4876.771 4884.08 4891.388 4898.697 4907.706 4916.834 4925.963 4935.092 4944.207 4953.298 4962.389 4971.479 4980.57 4987.987 4994.974 5001.96 5008.947 5014.422 5014.73 5015.039 5015.347 5015.655 5012.677 5007.983 5003.29 4998.596 4993.787 4987.784 4981.781 4975.778 4969.775 4963.309 4956.412 4949.516 4942.619 4935.722 4929.408 4923.124 4916.841 4910.557 4905.047 4900.802 4896.556 4892.31 4888.064 4885.398 4883.101
4795.881 4796.23 4798.043 4799.855 4801.668 4803.481 4808.528 4815.377 4822.227 4829.075 4835.964 4843.353 4850.742 4858.13 4865.519 4872.695 4879.66 4886.625 4893.591 4900.557 4909.303 4918.174 4927.045 4935.917 4944.794 4953.681 4962.568 4971.456 4980.342 4987.316 4993.799 5000.282 5006.765 5011.861 5012.217 5012.574 5012.93 5013.287 5010.734 5006.662 5002.59 4998.518 4994.324 4988.857 4983.39 4977.923 4972.456 4966.287 4959.465 4952.644 4945.822 4939.001 4932.481 4925.978 4919.475 4912.972 4907.118 4902.325 4897.533 4892.74 4887.948 4884.782 4881.998
4796.878 4797.162 4799.114 4801.066 4803.019 4804.971 4810.132 4817.08 4824.027 4830.975 4837.952 4845.296 4852.64 4859.983 4867.327 4874.353 4881.063 4887.774 4894.485 4901.196 4909.822 4918.582 4927.342 4936.103 4944.89 4953.724 4962.558 4971.392 4980.226 4986.975 4993.188 4999.401 5005.615 5010.498 5010.832 5011.166 5011.5 5011.833 5009.562 5005.93 5002.299 4998.667 4994.907 4989.803 4984.699 4979.595 4974.492 4968.604 4961.985 4955.367 4948.749 4942.131 4935.569 4929.01 4922.45 4915.891 4909.835 4904.603 4899.37 4894.137 4888.904 4885.108 4881.65
4797.894 4798.101 4800.209 4802.316 4804.424 4806.532 4811.762 4818.731 4825.701 4832.67 4839.662 4846.947 4854.232 4861.517 4868.802 4875.679 4882.154 4888.629 4895.104 4901.579 4910.114 4918.794 4927.474 4936.153 4944.882 4953.694 4962.507 4971.319 4980.132 4986.702 4992.695 4998.689 5004.683 5009.388 5009.684 5009.98 5010.276 5010.572 5008.552 5005.323 5002.093 4998.864 4995.499 4990.722 4985.945 4981.168 4976.392 4970.78 4964.393 4958.005 4951.618 4945.23 4938.659 4932.079 4925.498 4918.917 4912.689 4907.039 4901.387 4895.736 4890.085 4885.633 4881.462
4798.91 4799.041 4801.303 4803.566 4805.83 4808.093 4813.393 4820.383 4827.374 4834.364 4841.372 4848.598 4855.824 4863.05 4870.276 4877.005 4883.244 4889.483 4895.723 4901.962 4910.406 4919.006 4927.605 4936.205 4944.874 4953.665 4962.456 4971.247 4980.038 4986.429 4992.203 4997.977 5003.751 5008.277 5008.536 5008.794 5009.053 5009.312 5007.543 5004.715 5001.888 4999.06 4996.091 4991.641 4987.191 4982.741 4978.292 4972.957 4966.8 4960.643 4954.486 4948.329 4941.75 4935.147 4928.545 4921.943 4915.543 4909.474 4903.405 4897.336 4891.267 4886.158 4881.273
4799.926 4799.979 4802.398 4804.816 4807.235 4809.653 4815.022 4822.035 4829.047 4836.059 4843.083 4850.25 4857.417 4864.583 4871.75 4878.332 4884.335 4890.338 4896.341 4902.345 4910.698 4919.218 4927.737 4936.256 4944.866 4953.636 4962.405 4971.175 4979.945 4986.156 4991.71 4997.265 5002.819 5007.166 5007.387 5007.608 5007.83 5008.051 5006.533 5004.108 5001.682 4999.257 4996.683 4992.56 4988.437 4984.314 4980.191 4975.134 4969.208 4963.281 4957.354 4951.428 4944.84 4938.216 4931.593 4924.969 4918.397 4911.91 4905.423 4898.936 4892.448 4886.683 4881.085
4801.522 4801.445 4803.957 4806.469 4808.98 4811.492 4816.838 4823.761 4830.684 4837.607 4844.542 4851.612 4858.683 4865.754 4872.824 4879.28 4885.13 4890.98 4896.83 4902.68 4911.026 4919.549 4928.072 4936.594 4945.189 4953.911 4962.633 4971.355 4980.077 4986.083 4991.393 4996.703 5002.012 5006.163 5006.35 5006.536 5006.723 5006.91 5005.609 5003.531 5001.453 4999.375 4997.145 4993.321 4989.497 4985.673 4981.85 4976.997 4971.187 4965.377 4959.568 4953.759 4947.193 4940.587 4933.981 4927.375 4920.683 4913.853 4907.021 4900.191 4893.36 4886.97 4880.684
4804.54 4804.201 4806.653 4809.106 4811.559 4814.012 4819.105 4825.669 4832.234 4838.798 4845.385 4852.268 4859.151 4866.035 4872.917 4879.305 4885.203 4891.101 4896.999 4902.897 4911.442 4920.174 4928.906 4937.637 4946.324 4954.933 4963.542 4972.152 4980.761 4986.502 4991.506 4996.51 5001.514 5005.422 5005.582 5005.742 5005.902 5006.062 5004.892 5003.029 5001.166 4999.302 4997.287 4993.694 4990.101 4986.507 4982.914 4978.089 4972.119 4966.148 4960.178 4954.208 4947.741 4941.247 4934.754 4928.26 4921.578 4914.586 4907.594 4900.603 4893.611 4886.678 4879.759
4807.557 4806.956 4809.35 4811.744 4814.138 4816.531 4821.373 4827.578 4833.783 4839.988 4846.229 4852.924 4859.62 4866.315 4873.011 4879.329 4885.275 4891.222 4897.168 4903.114 4911.858 4920.799 4929.74 4938.68 4947.459 4955.956 4964.452 4972.949 4981.445 4986.92 4991.619 4996.317 5001.016 5004.681 5004.814 5004.947 5005.081 5005.213 5004.176 5002.527 5000.878 4999.229 4997.43 4994.067 4990.705 4987.342 4983.979 4979.181 4973.05 4966.919 4960.788 4954.657 4948.289 4941.908 4935.526 4929.146 4922.472 4915.319 4908.167 4901.015 4893.862 4886.386 4878.834
4810.574 4809.711 4812.046 4814.381 4816.716 4819.051 4823.641 4829.487 4835.333 4841.178 4847.072 4853.581 4860.088 4866.596 4873.104 4879.353 4885.348 4891.342 4897.337 4903.332 4912.274 4921.424 4930.573 4939.723 4948.593 4956.978 4965.361 4973.746 4982.13 4987.338 4991.731 4996.124 5000.517 5003.94 5004.046 5004.153 5004.259 5004.365 5003.459 5002.025 5000.59 4999.156 4997.573 4994.44 4991.308 4988.176 4985.043 4980.274 4973.982 4967.69 4961.398 4955.106 4948.836 4942.568 4936.299 4930.031 4923.366 4916.053 4908.74 4901.426 4894.113 4886.094 4877.91
4813.591 4812.466 4814.742 4817.019 4819.294 4821.57 4825.909 4831.396 4836.882 4842.369 4847.916 4854.236 4860.557 4866.877 4873.197 4879.377 4885.42 4891.463 4897.506 4903.549 4912.689 4922.049 4931.407 4940.766 4949.728 4958.0 4966.271 4974.542 4982.814 4987.756 4991.844 4995.931 5000.019 5003.199 5003.279 5003.358 5003.438 5003.518 5002.743 5001.523 5000.303 4999.083 4997.716 4994.814 4991.912 4989.01 4986.108 4981.366 4974.914 4968.46 4962.008 4955.555 4949.384 4943.228 4937.072 4930.917 4924.26 4916.786 4909.312 4901.838 4894.364 4885.802 4876.985
4818.005 4816.733 4818.68 4820.626 4822.573 4824.519 4828.561 4833.769 4838.977 4844.186 4849.458 4855.542 4861.626 4867.71 4873.794 4879.89 4885.997 4892.104 4898.211 4904.319 4913.886 4923.696 4933.506 4943.316 4952.474 4960.496 4968.517 4976.539 4984.56 4988.951 4992.41 4995.869 4999.327 5001.938 5001.647 5001.356 5001.065 5000.775 4999.651 4998.092 4996.533 4994.974 4993.28 4990.185 4987.089 4983.993 4980.898 4976.164 4969.905 4963.647 4957.389 4951.131 4944.973 4938.821 4932.668 4926.516 4919.818 4912.228 4904.637 4897.047 4889.457 4880.946 4872.219
