data/zism_data/00036_04_D.txt
ncols         224
nrows         224
[rows 28 to 55 of 224, columns 128 to 191 of 224]
773.1297 771.4003 769.7283 769.9799 770.2315 770.483 770.7346 771.8524 773.915 775.9777 778.0403 780.103 781.5185 782.8835 784.2486 785.6136 786.7458 787.4931 788.2404 788.9875 789.7348 790.6073 791.5062 792.405 793.304 794.1817 795.0041 795.8264 796.6487 797.4711 797.9955 798.4067 798.8179 799.229 799.5844 799.6742 799.764 799.8539 799.9438 800.0129 800.0695 800.1262 800.1828 800.2542 800.5139 800.7737 801.0334 801.2932 802.0289 803.2009 804.3729 805.5449 806.7168 809.13 811.5801 814.0303 816.4805 818.8663 821.1635 823.4607 825.7579 828.055 829.7283 831.3079
772.3301 770.3478 768.4244 768.4768 768.5292 768.5816 768.634 769.6247 771.639 773.6531 775.6673 777.6815 779.1335 780.5416 781.9497 783.3578 784.6082 785.5977 786.5871 787.5765 788.566 789.5517 790.5367 791.5217 792.5067 793.4558 794.3104 795.165 796.0197 796.8743 797.4193 797.8467 798.274 798.7013 799.0756 799.1978 799.3199 799.442 799.5642 799.6254 799.6497 799.6741 799.6984 799.7351 799.9303 800.1254 800.3206 800.5158 801.2206 802.3926 803.5646 804.7366 805.9085 808.6144 811.3659 814.1174 816.8691 819.5111 822.0021 824.493 826.984 829.4749 831.3466 833.1254
771.4592 769.2172 767.0355 766.8728 766.7101 766.5475 766.3849 767.2567 769.2569 771.2571 773.2573 775.2576 776.799 778.3045 779.8101 781.3156 782.7199 783.9569 785.1938 786.4308 787.6678 788.7743 789.8533 790.9324 792.0115 793.0303 793.8907 794.7512 795.6115 796.4719 797.0148 797.4371 797.8594 798.2817 798.6545 798.7931 798.9316 799.0702 799.2087 799.2675 799.2781 799.2887 799.2993 799.3207 799.4791 799.6375 799.796 799.9544 800.6693 801.8943 803.1193 804.3444 805.5694 808.5257 811.5336 814.5414 817.5494 820.4147 823.0836 825.7524 828.4212 831.09 833.1384 835.0938
770.3697 767.8479 765.3867 764.9603 764.5339 764.1075 763.6812 764.4591 766.5508 768.6426 770.7343 772.826 774.6187 776.3879 778.1572 779.9265 781.5945 783.0953 784.596 786.0967 787.5974 788.8476 790.0451 791.2426 792.4401 793.524 794.309 795.0941 795.8791 796.6642 797.1356 797.4879 797.8402 798.1925 798.502 798.6082 798.7145 798.8207 798.9269 799.0004 799.0541 799.1077 799.1614 799.2262 799.433 799.64 799.8468 800.0537 800.9041 802.3444 803.7847 805.2251 806.6654 809.7429 812.8692 815.9955 819.1219 822.1102 824.9082 827.7061 830.5042 833.3021 835.4611 837.524
769.2803 766.4785 763.738 763.0479 762.3577 761.6675 760.9774 761.6615 763.8448 766.028 768.2112 770.3945 772.4384 774.4714 776.5044 778.5374 780.4692 782.2337 783.9981 785.7626 787.527 788.921 790.2369 791.5527 792.8687 794.0176 794.7273 795.437 796.1467 796.8564 797.2564 797.5387 797.821 798.1033 798.3494 798.4233 798.4973 798.5712 798.6452 798.7333 798.8301 798.9268 799.0235 799.1317 799.387 799.6424 799.8977 800.153 801.1389 802.7946 804.4501 806.1058 807.7614 810.9601 814.2048 817.4495 820.6943 823.8056 826.7328 829.6599 832.5872 835.5143 837.7836 839.9543
768.1908 765.1092 762.0892 761.1353 760.1815 759.2276 758.2737 758.864 761.1387 763.4135 765.6882 767.963 770.2581 772.5549 774.8516 777.1484 779.3439 781.3721 783.4003 785.4285 787.4567 788.9943 790.4286 791.8629 793.2972 794.5112 795.1456 795.7799 796.4142 797.0486 797.3771 797.5895 797.8018 798.0142 798.1968 798.2385 798.2801 798.3218 798.3634 798.4662 798.606 798.7458 798.8856 799.0372 799.341 799.6448 799.9485 800.2523 801.3737 803.2447 805.1155 806.9865 808.8574 812.1774 815.5405 818.9036 822.2668 825.501 828.5574 831.6137 834.6701 837.7264 840.1063 842.3845
767.1014 763.7399 760.4404 759.2228 758.0052 756.7876 755.5699 756.0664 758.4327 760.7989 763.1651 765.5314 768.0778 770.6383 773.1987 775.7593 778.2186 780.5106 782.8024 785.0944 787.3864 789.0676 790.6204 792.173 793.7258 795.0048 795.5638 796.1229 796.6818 797.2408 797.4979 797.6403 797.7827 797.925 798.0443 798.0536 798.0629 798.0723 798.0817 798.1992 798.382 798.5648 798.7477 798.9427 799.295 799.6472 799.9995 800.3516 801.6085 803.6948 805.7809 807.8672 809.9534 813.3946 816.8761 820.3577 823.8393 827.1964 830.382 833.5674 836.7531 839.9385 842.4288 844.8148
765.9034 762.22 758.6017 757.1662 755.7307 754.2952 752.8597 753.3008 755.7892 758.2775 760.7658 763.2542 766.2845 769.3572 772.4298 775.5026 778.3732 780.9099 783.4464 785.9829 788.5195 790.199 791.6982 793.1973 794.6965 795.9233 796.4337 796.9441 797.4545 797.9649 798.1468 798.2039 798.261 798.3181 798.3573 798.3115 798.2656 798.2197 798.1738 798.2592 798.424 798.5887 798.7535 798.9378 799.3729 799.8079 800.243 800.678 802.053 804.2896 806.5261 808.7626 810.9991 814.5448 818.1295 821.7141 825.2988 828.7845 832.1337 835.4827 838.8319 842.181 844.8593 847.437
764.6613 760.6389 756.6854 755.0508 753.4161 751.7815 750.1469 750.5484 753.1713 755.7942 758.4171 761.04 764.6492 768.3355 772.0217 775.708 779.0503 781.8237 784.5971 787.3705 790.1439 791.7624 793.1377 794.513 795.8884 797.0151 797.4879 797.9606 798.4333 798.906 799.0113 798.9769 798.9424 798.9081 798.8604 798.75 798.6395 798.5291 798.4186 798.4528 798.5745 798.6962 798.8179 798.9693 799.5013 800.0332 800.5651 801.0971 802.5829 804.9433 807.3036 809.6639 812.0242 815.6676 819.3491 823.0306 826.7123 830.3287 833.8555 837.3822 840.909 844.4357 847.3338 850.1376
763.4191 759.0576 754.7691 752.9354 751.1015 749.2678 747.4339 747.796 750.5535 753.3109 756.0682 758.8257 763.0138 767.3137 771.6135 775.9135 779.7274 782.7377 785.7479 788.7581 791.7683 793.3257 794.5773 795.8287 797.0803 798.107 798.5421 798.9771 799.4121 799.8472 799.8757 799.7498 799.6239 799.498 799.3636 799.1885 799.0135 798.8384 798.6634 798.6464 798.7251 798.8037 798.8823 799.0008 799.6296 800.2585 800.8873 801.5162 803.1129 805.5971 808.0812 810.5653 813.0494 816.7904 820.5688 824.3472 828.1258 831.873 835.5775 839.2817 842.9862 846.6905 849.8083 852.8381
762.177 757.4763 752.8528 750.8199 748.7869 746.754 744.721 745.0435 747.9355 750.8275 753.7195 756.6116 761.3785 766.292 771.2054 776.119 780.4044 783.6516 786.8986 790.1456 793.3928 794.889 796.0168 797.1445 798.2723 799.1989 799.5963 799.9936 800.3909 800.7883 800.7402 800.5228 800.3054 800.088 799.8667 799.6271 799.3875 799.1478 798.9082 798.84 798.8756 798.9112 798.9468 799.0323 799.7581 800.4838 801.2095 801.9352 803.6429 806.2509 808.8587 811.4667 814.0746 817.9133 821.7885 825.6638 829.5392 833.4173 837.2994 841.1813 845.0634 848.9453 852.2829 855.5388
760.8281 755.8014 750.8558 748.6293 746.4028 744.1763 741.9498 742.2253 745.2304 748.2354 751.2404 754.2455 759.5238 764.9798 770.4356 775.8917 780.6174 784.136 787.6545 791.173 794.6917 796.17 797.2189 798.2678 799.3167 800.1801 800.5557 800.9313 801.3069 801.6825 801.5845 801.3064 801.0284 800.7504 800.467 800.1581 799.8492 799.5403 799.2314 799.1051 799.0892 799.0732 799.0574 799.0994 799.8837 800.6678 801.4521 802.2363 804.0449 806.7925 809.5401 812.2878 815.0353 818.9885 822.9775 826.9666 830.9557 834.9653 839.0035 843.0415 847.0797 851.1177 854.647 858.0999
758.9719 753.6816 748.475 746.0817 743.6883 741.2949 738.9016 739.0952 742.1111 745.1268 748.1426 751.1585 756.6272 762.2878 767.9481 773.6087 778.6263 782.5809 786.5353 790.4898 794.4444 796.1097 797.2932 798.4766 799.66 800.6358 801.0652 801.4946 801.9241 802.3535 802.3327 802.1408 801.9489 801.757 801.5289 801.1284 800.728 800.3276 799.9272 799.7094 799.602 799.4946 799.3871 799.3354 799.9958 800.6563 801.3167 801.9771 803.8387 806.8018 809.7646 812.7276 815.6904 819.838 824.0208 828.2036 832.3865 836.5311 840.6231 844.7149 848.8069 852.8987 856.4866 859.9987
757.1158 751.5617 746.0942 743.5341 740.9738 738.4136 735.8533 735.9651 738.9918 742.0182 745.0448 748.0714 753.7307 759.5958 765.4606 771.3257 776.6351 781.0256 785.4161 789.8065 794.1971 796.0494 797.3674 798.6854 800.0034 801.0916 801.5748 802.058 802.5413 803.0245 803.0809 802.9752 802.8694 802.7636 802.5906 802.0988 801.6069 801.115 800.623 800.3137 800.1148 799.9159 799.717 799.5714 800.108 800.6447 801.1812 801.7179 803.6327 806.811 809.9891 813.1674 816.3456 820.6875 825.0641 829.4406 833.8173 838.0969 842.2427 846.3883 850.5341 854.6797 858.3261 861.8974
755.2598 749.4419 743.7134 740.9864 738.2593 735.5323 732.8051 732.835 735.8724 738.9097 741.947 744.9844 750.8341 756.9037 762.9731 769.0428 774.6439 779.4705 784.2969 789.1233 793.9498 795.9891 797.4417 798.8942 800.3468 801.5472 802.0844 802.6214 803.1584 803.6956 803.8292 803.8095 803.7899 803.7702 803.6525 803.0691 802.4857 801.9023 801.3188 800.9181 800.6276 800.3372 800.0468 799.8074 800.2202 800.633 801.0458 801.4587 803.4266 806.8201 810.2136 813.6072 817.0007 821.537 826.1074 830.6777 835.2482 839.6626 843.8622 848.0617 852.2614 856.4608 860.1656 863.7962
753.4037 747.3221 741.3326 738.4388 735.5448 732.6509 729.757 729.7049 732.7531 735.8011 738.8492 741.8973 747.9376 754.2117 760.4857 766.7599 772.6526 777.9152 783.1776 788.44 793.7026 795.9288 797.516 799.1031 800.6902 802.003 802.5939 803.1848 803.7756 804.3666 804.5775 804.6439 804.7103 804.7768 804.7143 804.0394 803.3645 802.6896 802.0147 801.5224 801.1404 800.7585 800.3766 800.0433 800.3324 800.6214 800.9104 801.1995 803.2205 806.8293 810.4381 814.047 817.6558 822.3865 827.1506 831.9147 836.679 841.2284 845.4818 849.7351 853.9886 858.2419 862.0052 865.6949
749.927 743.8254 737.8137 734.8216 731.8294 728.8373 725.8451 725.6912 728.6334 731.5755 734.5176 737.4598 743.5898 749.9689 756.3479 762.7271 768.8599 774.5859 780.3118 786.0376 791.7637 794.4539 796.5051 798.5562 800.6074 802.2883 802.9948 803.7013 804.4078 805.1143 805.4269 805.5897 805.7526 805.9155 805.9507 805.38 804.8092 804.2385 803.6677 803.1384 802.634 802.1297 801.6254 801.1634 801.2428 801.3223 801.4017 801.4811 803.4623 807.1869 810.9114 814.6361 818.3606 823.2329 828.1392 833.0456 837.9521 842.6024 846.8994 851.1962 855.4932 859.79 863.6374 867.4172
745.5296 739.5464 733.6479 730.5966 727.5452 724.494 721.4425 721.1753 723.9453 726.7152 729.4851 732.2551 738.4174 744.845 751.2725 757.7001 764.0436 770.2487 776.4536 782.6584 788.8635 792.175 794.8776 797.58 800.2824 802.4767 803.334 804.1912 805.0483 805.9056 806.3337 806.5989 806.8641 807.1292 807.2864 806.9309 806.5754 806.22 805.8645 805.3291 804.6848 804.0406 803.3963 802.7858 802.6069 802.4279 802.249 802.07 803.9586 807.7424 811.5261 815.31 819.0937 824.0775 829.0969 834.1163 839.1358 843.8674 848.202 852.5366 856.8712 861.2057 865.1517 869.0391
741.1322 735.2674 729.4822 726.3717 723.2611 720.1506 717.04 716.6595 719.2572 721.8549 724.4525 727.0503 733.2451 739.7212 746.197 752.673 759.2273 765.9114 772.5953 779.2792 785.9634 789.8962 793.25 796.6037 799.9575 802.6652 803.6732 804.681 805.689 806.6969 807.2407 807.6081 807.9755 808.3429 808.6221 808.4819 808.3417 808.2015 808.0613 807.5198 806.7357 805.9515 805.1672 804.4082 803.9709 803.5336 803.0963 802.659 804.4548 808.2979 812.1408 815.9839 819.8268 824.9221 830.0544 835.1869 840.3195 845.1324 849.5048 853.877 858.2493 862.6215 866.666 870.661
736.7348 730.9883 725.3165 722.1467 718.9769 715.8073 712.6374 712.1437 714.5692 716.9946 719.42 721.8455 728.0728 734.5973 741.1215 747.6461 754.4109 761.5742 768.7371 775.9001 783.0633 787.6174 791.6225 795.6274 799.6325 802.8536 804.0123 805.171 806.3295 807.4882 808.1476 808.6172 809.087 809.5566 809.9577 810.0328 810.108 810.1831 810.2582 809.7106 808.7864 807.8623 806.9382 806.0306 805.3349 804.6392 803.9436 803.2479 804.9511 808.8533 812.7555 816.6578 820.5599 825.7666 831.0121 836.2575 841.5032 846.3975 850.8075 855.2173 859.6274 864.0372 868.1802 872.283
732.2669 726.681 721.165 717.9977 714.8304 711.6632 708.4959 707.9146 710.1542 712.3937 714.6332 716.8728 723.1123 729.6645 736.2164 742.7686 749.712 757.3029 764.8936 772.4843 780.0751 785.2336 789.8801 794.5265 799.173 802.9064 804.237 805.5676 806.8983 808.2289 809.0145 809.593 810.1715 810.7501 811.2793 811.5746 811.87 812.1653 812.4606 811.9252 810.8873 809.8494 808.8115 807.7809 806.8427 805.9045 804.9663 804.0281 805.6242 809.5436 813.463 817.3824 821.3017 826.59 831.919 837.248 842.5772 847.535 851.9811 856.4271 860.8731 865.319 869.5574 873.7646
727.175 722.122 717.1393 714.5211 711.9028 709.2846 706.6663 706.2247 708.1575 710.0902 712.0229 713.9557 720.0283 726.4243 732.8202 739.2163 746.0522 753.6162 761.18 768.7437 776.3077 781.9194 787.1204 792.3212 797.5221 801.7565 803.4478 805.139 806.8302 808.5215 809.5273 810.2727 811.0181 811.7634 812.4764 813.0355 813.5945 814.1536 814.7127 814.3504 813.4309 812.5115 811.592 810.6638 809.6233 808.5828 807.5424 806.502 807.8638 811.428 814.9921 818.5563 822.1203 827.2258 832.3772 837.5286 842.6802 847.5441 852.0117 856.4791 860.9468 865.4142 869.7209 874.0034
722.0833 717.563 713.1136 711.0445 708.9752 706.906 704.8367 704.5348 706.1608 707.7867 709.4127 711.0387 716.9442 723.1841 729.424 735.6639 742.3925 749.9296 757.4664 765.0032 772.5403 778.6053 784.3607 790.1158 795.8712 800.6066 802.6584 804.7103 806.7621 808.8141 810.0401 810.9523 811.8646 812.7769 813.6735 814.4963 815.3192 816.1419 816.9648 816.7756 815.9745 815.1735 814.3725 813.5467 812.4039 811.2612 810.1185 808.9758 810.1034 813.3123 816.5212 819.7301 822.9389 827.8617 832.8354 837.8092 842.7831 847.5532 852.0423 856.5313 861.0204 865.5094 869.8845 874.2423
716.9915 713.0041 709.0881 707.5679 706.0477 704.5275 703.0072 702.845 704.1642 705.4833 706.8025 708.1217 713.8602 719.944 726.0278 732.1116 738.7328 746.243 753.7529 761.2628 768.7729 775.2913 781.601 787.9105 794.2202 799.4567 801.8692 804.2817 806.6941 809.1067 810.5529 811.632 812.7111 813.7902 814.8705 815.9572 817.0436 818.1302 819.2168 819.2008 818.5181 817.8356 817.1529 816.4296 815.1845 813.9396 812.6946 811.4495 812.343 815.1967 818.0502 820.9039 823.7575 828.4975 833.2936 838.0898 842.8861 847.5622 852.0729 856.5834 861.0941 865.6046 870.048 874.4811
711.8997 708.4451 705.0624 704.0912 703.1201 702.1489 701.1776 701.1551 702.1675 703.1799 704.1922 705.2046 710.7761 716.7039 722.6315 728.5593 735.073 742.5563 750.0393 757.5223 765.0056 771.9771 778.8412 785.7051 792.5693 798.3068 801.0799 803.853 806.6261 809.3992 811.0657 812.3117 813.5576 814.8036 816.0677 817.418 818.7682 820.1185 821.4688 821.626 821.0618 820.4976 819.9334 819.3124 817.9651 816.6179 815.2707 813.9234 814.5825 817.081 819.5793 822.0778 824.5761 829.1334 833.7519 838.3704 842.9891 847.5712 852.1035 856.6355 861.1677 865.6997 870.2115 874.72
708.5588 705.704 702.9134 702.2752 701.637 700.9988 700.3607 700.4757 701.4125 702.3493 703.2861 704.2228 709.6384 715.4041 721.1695 726.9351 733.3044 740.6725 748.0403 755.4082 762.7764 769.8868 776.9433 783.9996 791.0561 797.0138 800.0807 803.1475 806.2142 809.2811 811.2551 812.814 814.3729 815.9317 817.4958 819.0856 820.6753 822.265 823.8547 824.1967 823.7844 823.3721 822.9597 822.483 821.1826 819.8821 818.5817 817.2812 817.7726 819.9067 822.0406 824.1747 826.3087 830.5707 834.8959 839.2213 843.5467 847.9373 852.418 856.8985 861.3792 865.8598 870.3721 874.8891
706.5648 704.3613 702.2079 701.7366 701.2653 700.7939 700.3226 700.5736 701.6127 702.6517 703.6907 704.7298 709.998 715.5968 721.1954 726.7941 732.9905 740.1756 747.3605 754.5453 761.7304 768.7379 775.7083 782.6785 789.6489 795.6108 798.92 802.2289 805.5379 808.847 811.1959 813.1799 815.164 817.1481 819.1019 820.9123 822.7227 824.533 826.3434 826.8793 826.6445 826.4099 826.1751 825.8749 824.7359 823.5969 822.4579 821.319 821.6938 823.4565 825.2191 826.9818 828.7444 832.6245 836.5676 840.5108 844.4541 848.5779 852.9509 857.3238 861.6969 866.0698 870.5306 875.0046
704.5707 703.0185 701.5024 701.1979 700.8934 700.589 700.2845 700.6715 701.8129 702.9542 704.0955 705.2368 710.3576 715.7896 721.2213 726.6532 732.6766 739.6786 746.6805 753.6824 760.6845 767.5891 774.4733 781.3574 788.2416 794.2079 797.7592 801.3104 804.8616 808.4129 811.1366 813.5459 815.9551 818.3644 820.7079 822.739 824.77 826.801 828.8321 829.5618 829.5048 829.4476 829.3906 829.2668 828.2892 827.3118 826.3343 825.3568 825.6151 827.0063 828.3976 829.7889 831.1801 834.6783 838.2393 841.8004 845.3615 849.2184 853.4839 857.7491 862.0145 866.2798 870.6891 875.12
