data/zism_data/00034_02_D.txt
ncols         224
nrows         224
[rows 196 to 223 of 224, columns 126 to 188 of 224]
1726.54 1734.666 1742.792 1750.918 1756.263 1758.201 1760.139 1762.076 1764.014 1759.057 1753.443 1747.829 1742.216 1734.128 1721.948 1709.768 1697.589 1685.409 1671.691 1657.682 1643.673 1629.663 1621.195 1625.39 1629.585 1633.78 1637.975 1647.026 1657.544 1668.062 1678.579 1688.695 1697.48 1706.264 1715.049 1723.833 1728.402 1731.127 1733.852 1736.576 1738.168 1733.785 1729.402 1725.019 1720.637 1715.74 1710.532 1705.325 1700.117 1694.969 1690.436 1685.903 1681.37 1676.837 1671.91 1666.662 1661.414 1656.166 1650.927 1646.388 1641.848 1637.308 1632.769
1726.021 1733.695 1741.369 1749.042 1754.045 1755.773 1757.5 1759.228 1760.955 1756.255 1750.943 1745.631 1740.319 1732.403 1720.18 1707.957 1695.734 1683.511 1669.343 1654.807 1640.27 1625.733 1616.698 1620.236 1623.775 1627.313 1630.851 1639.643 1650.021 1660.398 1670.776 1680.857 1689.953 1699.05 1708.147 1717.243 1722.121 1725.152 1728.184 1731.215 1733.162 1729.387 1725.613 1721.838 1718.064 1713.745 1709.097 1704.449 1699.802 1695.21 1691.204 1687.199 1683.193 1679.188 1674.86 1670.268 1665.677 1661.085 1656.491 1651.709 1646.927 1642.145 1637.363
1725.502 1732.724 1739.946 1747.167 1751.826 1753.344 1754.862 1756.38 1757.897 1753.454 1748.443 1743.432 1738.422 1730.677 1718.411 1706.145 1693.88 1681.613 1666.995 1651.931 1636.867 1621.803 1612.201 1615.082 1617.964 1620.846 1623.727 1632.259 1642.497 1652.735 1662.973 1673.018 1682.427 1691.836 1701.245 1710.653 1715.839 1719.178 1722.516 1725.854 1728.156 1724.99 1721.823 1718.657 1715.49 1711.75 1707.662 1703.574 1699.486 1695.451 1691.973 1688.495 1685.017 1681.539 1677.81 1673.875 1669.94 1666.005 1662.054 1657.03 1652.006 1646.982 1641.958
1726.379 1733.321 1740.262 1747.204 1751.542 1752.689 1753.837 1754.984 1756.131 1751.615 1746.561 1741.505 1736.45 1728.616 1716.184 1703.752 1691.32 1678.888 1664.15 1648.974 1633.799 1618.623 1608.74 1610.954 1613.167 1615.381 1617.595 1625.716 1635.62 1645.525 1655.429 1665.312 1675.125 1684.938 1694.751 1704.563 1710.091 1713.745 1717.398 1721.052 1723.707 1721.098 1718.489 1715.88 1713.271 1709.95 1706.199 1702.448 1698.697 1694.963 1691.407 1687.85 1684.293 1680.737 1677.089 1673.367 1669.645 1665.923 1662.183 1657.224 1652.266 1647.308 1642.349
1730.446 1737.5 1744.555 1751.609 1755.679 1756.089 1756.499 1756.909 1757.318 1751.977 1746.088 1740.198 1734.309 1725.786 1712.908 1700.029 1687.15 1674.272 1660.168 1645.832 1631.496 1617.16 1607.65 1609.169 1610.688 1612.208 1613.727 1621.092 1630.221 1639.35 1648.48 1657.91 1668.337 1678.763 1689.189 1699.616 1705.562 1709.55 1713.537 1717.524 1720.53 1718.362 1716.194 1714.027 1711.859 1708.598 1704.674 1700.751 1696.828 1692.809 1687.789 1682.768 1677.748 1672.727 1667.98 1663.456 1658.932 1654.408 1649.888 1645.7 1641.511 1637.322 1633.134
1734.513 1741.68 1748.848 1756.016 1759.816 1759.488 1759.161 1758.833 1758.506 1752.338 1745.615 1738.891 1732.167 1722.956 1709.631 1696.306 1682.98 1669.655 1656.186 1642.69 1629.194 1615.697 1606.56 1607.385 1608.209 1609.034 1609.859 1616.467 1624.822 1633.176 1641.531 1650.508 1661.548 1672.588 1683.628 1694.668 1701.033 1705.354 1709.675 1713.996 1717.353 1715.626 1713.9 1712.174 1710.448 1707.245 1703.15 1699.054 1694.959 1690.656 1684.171 1677.686 1671.201 1664.717 1658.87 1653.544 1648.218 1642.892 1637.594 1634.175 1630.755 1627.337 1623.917
1738.58 1745.86 1753.141 1760.421 1763.953 1762.888 1761.823 1760.758 1759.693 1752.7 1745.142 1737.584 1730.026 1720.126 1706.355 1692.582 1678.811 1665.038 1652.204 1639.547 1626.891 1614.234 1605.469 1605.6 1605.73 1605.861 1605.991 1611.843 1619.423 1627.002 1634.582 1643.106 1654.759 1666.413 1678.066 1689.72 1696.504 1701.159 1705.813 1710.468 1714.176 1712.891 1711.606 1710.321 1709.036 1705.892 1701.625 1697.357 1693.09 1688.502 1680.553 1672.604 1664.656 1656.707 1649.761 1643.633 1637.505 1631.377 1625.299 1622.65 1620.0 1617.351 1614.702
1742.646 1750.04 1757.434 1764.827 1768.089 1766.287 1764.485 1762.683 1760.881 1753.061 1744.669 1736.277 1727.885 1717.297 1703.078 1688.859 1674.641 1660.422 1648.222 1636.405 1624.588 1612.771 1604.379 1603.815 1603.251 1602.687 1602.124 1607.219 1614.024 1620.828 1627.632 1635.703 1647.971 1660.237 1672.505 1684.772 1691.975 1696.964 1701.952 1706.94 1710.999 1710.155 1709.312 1708.468 1707.625 1704.54 1700.1 1695.66 1691.22 1686.348 1676.935 1667.522 1658.109 1648.697 1640.651 1633.721 1626.791 1619.861 1613.005 1611.125 1609.245 1607.365 1605.486
1743.626 1751.754 1759.881 1768.008 1771.452 1769.156 1766.86 1764.564 1762.268 1753.288 1743.672 1734.056 1724.44 1712.926 1698.273 1683.619 1668.966 1654.313 1642.968 1632.25 1621.532 1610.814 1603.355 1603.342 1603.329 1603.316 1603.303 1609.047 1616.528 1624.01 1631.491 1639.884 1651.297 1662.709 1674.121 1685.533 1692.046 1696.415 1700.783 1705.152 1708.727 1708.118 1707.509 1706.9 1706.291 1703.615 1699.688 1695.761 1691.835 1687.397 1677.595 1667.794 1657.991 1648.19 1639.396 1631.425 1623.453 1615.482 1607.59 1605.081 1602.571 1600.062 1597.552
1743.597 1752.661 1761.725 1770.789 1774.562 1771.852 1769.141 1766.431 1763.72 1753.471 1742.504 1731.536 1720.57 1708.051 1692.967 1677.883 1662.8 1647.716 1637.297 1627.764 1618.23 1608.696 1602.352 1603.297 1604.243 1605.188 1606.133 1612.984 1621.617 1630.25 1638.884 1647.852 1657.929 1668.007 1678.084 1688.162 1693.62 1697.058 1700.495 1703.933 1706.752 1706.31 1705.867 1705.425 1704.983 1702.829 1699.64 1696.45 1693.261 1689.494 1679.654 1669.815 1659.975 1650.135 1640.708 1631.617 1622.526 1613.436 1604.424 1600.828 1597.231 1593.635 1590.038
1743.568 1753.568 1763.569 1773.569 1777.672 1774.547 1771.422 1768.297 1765.172 1753.653 1741.335 1729.017 1716.699 1703.176 1687.662 1672.148 1656.633 1641.119 1631.627 1623.278 1614.928 1606.579 1601.35 1603.253 1605.157 1607.06 1608.963 1616.921 1626.706 1636.491 1646.276 1655.819 1664.562 1673.304 1682.047 1690.79 1695.194 1697.701 1700.207 1702.713 1704.776 1704.501 1704.226 1703.95 1703.675 1702.043 1699.591 1697.14 1694.688 1691.59 1681.713 1671.836 1661.958 1652.081 1642.02 1631.81 1621.599 1611.389 1601.259 1596.575 1591.891 1587.208 1582.524
1743.539 1754.476 1765.413 1776.349 1780.782 1777.243 1773.703 1770.164 1766.625 1753.836 1740.167 1726.498 1712.829 1698.302 1682.357 1666.412 1650.467 1634.522 1625.957 1618.791 1611.626 1604.461 1600.347 1603.209 1606.07 1608.932 1611.793 1620.858 1631.795 1642.731 1653.668 1663.787 1671.195 1678.602 1686.01 1693.418 1696.769 1698.344 1699.919 1701.494 1702.801 1702.692 1702.584 1702.475 1702.367 1701.257 1699.543 1697.829 1696.114 1693.687 1683.772 1673.857 1663.942 1654.027 1643.332 1632.003 1620.673 1609.343 1598.094 1592.323 1586.551 1580.78 1575.009
1742.583 1754.219 1765.855 1777.492 1782.139 1778.219 1774.299 1770.379 1766.459 1752.578 1737.749 1722.92 1708.091 1692.739 1676.522 1660.304 1644.087 1627.87 1620.277 1614.32 1608.363 1602.405 1599.443 1603.326 1607.209 1611.092 1614.975 1624.978 1636.829 1648.679 1660.53 1671.06 1677.216 1683.372 1689.528 1695.684 1698.004 1698.644 1699.285 1699.926 1700.436 1700.257 1700.078 1699.9 1699.721 1699.119 1698.259 1697.4 1696.541 1694.921 1685.313 1675.704 1666.095 1656.487 1645.429 1633.189 1620.949 1608.71 1596.548 1589.719 1582.889 1576.059 1569.229
1737.984 1749.389 1760.794 1772.199 1776.607 1772.44 1768.272 1764.104 1759.937 1745.661 1730.423 1715.185 1699.947 1684.471 1668.604 1652.737 1636.87 1621.002 1614.56 1609.905 1605.251 1600.596 1598.926 1604.079 1609.233 1614.386 1619.54 1629.821 1641.65 1653.479 1665.308 1675.606 1680.837 1686.067 1691.297 1696.528 1697.906 1697.6 1697.293 1696.986 1696.54 1695.361 1694.181 1693.001 1691.821 1691.663 1692.123 1692.582 1693.042 1692.77 1684.819 1676.868 1668.917 1660.967 1650.606 1638.281 1625.955 1613.629 1601.369 1593.592 1585.815 1578.038 1570.26
1733.385 1744.559 1755.732 1766.906 1771.076 1766.66 1762.245 1757.83 1753.415 1738.744 1723.097 1707.449 1691.802 1676.204 1660.687 1645.169 1629.652 1614.134 1608.843 1605.49 1602.138 1598.786 1598.409 1604.833 1611.257 1617.68 1624.104 1634.663 1646.471 1658.278 1670.086 1680.153 1684.458 1688.762 1693.067 1697.371 1697.809 1696.555 1695.301 1694.047 1692.645 1690.464 1688.283 1686.102 1683.921 1684.208 1685.986 1687.764 1689.542 1690.619 1684.326 1678.033 1671.74 1665.447 1655.784 1643.373 1630.96 1618.549 1606.19 1597.466 1588.741 1580.016 1571.292
1728.787 1739.729 1750.671 1761.613 1765.544 1760.881 1756.218 1751.556 1746.893 1731.827 1715.771 1699.714 1683.658 1667.937 1652.769 1637.601 1622.434 1607.266 1603.125 1601.076 1599.026 1596.977 1597.892 1605.586 1613.28 1620.974 1628.668 1639.505 1651.291 1663.077 1674.863 1684.699 1688.078 1691.457 1694.836 1698.215 1697.712 1695.51 1693.309 1691.107 1688.749 1685.567 1682.385 1679.203 1676.022 1676.752 1679.849 1682.946 1686.043 1688.468 1683.833 1679.198 1674.562 1669.927 1660.962 1648.464 1635.966 1623.468 1611.011 1601.339 1591.667 1581.995 1572.323
1724.188 1734.898 1745.609 1756.32 1760.012 1755.102 1750.191 1745.281 1740.371 1724.91 1708.445 1691.979 1675.514 1659.669 1644.851 1630.033 1615.216 1600.398 1597.408 1596.661 1595.914 1595.167 1597.375 1606.34 1615.304 1624.268 1633.233 1644.348 1656.112 1667.876 1679.641 1689.246 1691.699 1694.152 1696.605 1699.058 1697.614 1694.465 1691.317 1688.168 1684.854 1680.671 1676.488 1672.305 1668.121 1669.297 1673.713 1678.128 1682.544 1686.316 1683.339 1680.362 1677.385 1674.408 1666.14 1653.556 1640.971 1628.387 1615.831 1605.212 1594.593 1583.974 1573.355
1719.083 1728.548 1738.013 1747.477 1750.402 1745.311 1740.22 1735.129 1730.037 1714.806 1698.609 1682.412 1666.215 1650.603 1635.96 1621.316 1606.673 1592.03 1590.289 1590.995 1591.702 1592.408 1596.08 1606.528 1616.977 1627.426 1637.875 1648.956 1660.229 1671.501 1682.774 1691.87 1693.759 1695.648 1697.536 1699.425 1697.085 1692.894 1688.703 1684.512 1680.064 1674.266 1668.467 1662.669 1656.87 1657.951 1663.19 1668.429 1673.668 1678.342 1677.075 1675.809 1674.542 1673.275 1666.221 1654.446 1642.671 1630.896 1619.136 1608.462 1597.786 1587.112 1576.437
1713.708 1721.386 1729.064 1736.742 1738.617 1733.381 1728.144 1722.907 1717.671 1703.002 1687.435 1671.867 1656.3 1641.111 1626.549 1611.986 1597.423 1582.86 1582.422 1584.663 1586.903 1589.143 1594.369 1606.416 1618.463 1630.511 1642.558 1653.44 1663.97 1674.499 1685.029 1693.469 1694.986 1696.503 1698.021 1699.538 1696.324 1691.041 1685.757 1680.473 1674.798 1667.056 1659.315 1651.573 1643.832 1644.529 1650.328 1656.127 1661.926 1667.261 1667.733 1668.205 1668.677 1669.149 1663.585 1653.096 1642.607 1632.118 1621.633 1611.378 1601.123 1590.868 1580.613
1708.334 1714.224 1720.115 1726.006 1726.832 1721.45 1716.068 1710.687 1705.305 1691.198 1676.261 1661.323 1646.386 1631.62 1617.138 1602.656 1588.174 1573.692 1574.556 1578.33 1582.104 1585.879 1592.657 1606.303 1619.95 1633.595 1647.242 1657.923 1667.71 1677.497 1687.284 1695.067 1696.213 1697.359 1698.505 1699.651 1695.564 1689.188 1682.812 1676.435 1669.531 1659.847 1650.162 1640.478 1630.794 1631.107 1637.466 1643.825 1650.183 1656.181 1658.392 1660.602 1662.813 1665.023 1660.948 1651.746 1642.543 1633.341 1624.129 1614.294 1604.459 1594.624 1584.788
1702.959 1707.063 1711.167 1715.27 1715.047 1709.52 1703.993 1698.465 1692.938 1679.394 1665.086 1650.778 1636.471 1622.128 1607.727 1593.325 1578.924 1564.523 1566.689 1571.997 1577.305 1582.614 1590.946 1606.191 1621.436 1636.68 1651.925 1662.407 1671.451 1680.495 1689.539 1696.666 1697.44 1698.215 1698.99 1699.764 1694.804 1687.335 1679.866 1672.397 1664.265 1652.637 1641.01 1629.382 1617.755 1617.685 1624.603 1631.522 1638.44 1645.101 1649.05 1652.999 1656.948 1660.897 1658.312 1650.396 1642.48 1634.564 1626.626 1617.211 1607.795 1598.38 1588.964
1697.335 1699.766 1702.197 1704.628 1703.408 1697.713 1692.018 1686.323 1680.628 1667.61 1653.895 1640.179 1626.463 1612.533 1598.248 1583.963 1569.678 1555.393 1558.833 1565.634 1572.435 1579.236 1589.072 1605.845 1622.618 1639.391 1656.164 1666.486 1674.862 1683.236 1691.612 1698.142 1698.565 1698.987 1699.41 1699.832 1694.057 1685.571 1677.086 1668.599 1659.326 1645.896 1632.466 1619.037 1605.607 1605.049 1612.272 1619.496 1626.72 1633.8 1639.366 1644.932 1650.499 1656.066 1654.939 1648.353 1641.766 1635.179 1628.558 1619.59 1610.622 1601.655 1592.687
1689.504 1691.273 1693.042 1694.812 1693.063 1687.002 1680.941 1674.88 1668.819 1656.004 1642.547 1629.09 1615.633 1602.026 1588.171 1574.317 1560.463 1546.608 1551.066 1558.998 1566.929 1574.861 1585.758 1603.435 1621.113 1638.79 1656.467 1666.987 1675.346 1683.704 1692.064 1698.54 1698.779 1699.018 1699.258 1699.497 1693.427 1684.597 1675.766 1666.936 1657.284 1643.3 1629.316 1615.332 1601.348 1599.366 1604.642 1609.917 1615.193 1620.541 1626.651 1632.761 1638.871 1644.981 1645.041 1640.166 1635.291 1630.416 1625.492 1617.218 1608.945 1600.672 1592.398
1681.673 1682.78 1683.887 1684.995 1682.717 1676.29 1669.862 1663.435 1657.009 1644.398 1631.2 1618.0 1604.802 1591.518 1578.094 1564.67 1551.247 1537.823 1543.3 1552.362 1561.423 1570.485 1582.444 1601.025 1619.607 1638.188 1656.77 1667.487 1675.83 1684.173 1692.516 1698.937 1698.993 1699.049 1699.106 1699.162 1692.797 1683.622 1674.447 1665.272 1655.242 1640.704 1626.166 1611.627 1597.089 1593.684 1597.011 1600.338 1603.665 1607.281 1613.935 1620.589 1627.242 1633.896 1635.143 1631.98 1628.816 1625.653 1622.425 1614.846 1607.267 1599.688 1592.109
1673.843 1674.288 1674.733 1675.178 1672.371 1665.578 1658.785 1651.992 1645.199 1632.793 1619.852 1606.911 1593.971 1581.01 1568.017 1555.024 1542.031 1529.037 1535.533 1545.726 1555.917 1566.11 1579.13 1598.615 1618.102 1637.587 1657.073 1667.987 1676.314 1684.641 1692.967 1699.334 1699.207 1699.08 1698.954 1698.827 1692.167 1682.647 1673.128 1663.608 1653.201 1638.108 1623.015 1607.922 1592.83 1588.001 1589.38 1590.759 1592.137 1594.022 1601.219 1608.417 1615.614 1622.812 1625.246 1623.794 1622.342 1620.89 1619.359 1612.474 1605.589 1598.705 1591.82
1666.012 1665.795 1665.578 1665.361 1662.025 1654.866 1647.707 1640.548 1633.389 1621.187 1608.505 1595.822 1583.14 1570.503 1557.94 1545.377 1532.815 1520.252 1527.767 1539.089 1550.411 1561.734 1575.816 1596.206 1616.596 1636.986 1657.376 1668.488 1676.798 1685.109 1693.419 1699.731 1699.421 1699.111 1698.802 1698.492 1691.536 1681.672 1671.809 1661.945 1651.159 1635.512 1619.865 1604.217 1588.57 1582.319 1581.749 1581.179 1580.609 1580.763 1588.504 1596.244 1603.986 1611.727 1615.348 1615.607 1615.867 1616.126 1616.292 1610.102 1603.912 1597.721 1591.531
1656.467 1655.719 1654.97 1654.222 1650.535 1643.247 1635.959 1628.671 1621.383 1609.563 1597.311 1585.059 1572.807 1560.926 1549.656 1538.387 1527.117 1515.848 1524.548 1537.037 1549.525 1562.013 1576.911 1597.315 1617.721 1638.126 1658.531 1669.483 1677.582 1685.681 1693.779 1699.878 1699.349 1698.821 1698.293 1697.765 1690.511 1680.314 1670.118 1659.921 1648.851 1633.171 1617.491 1601.811 1586.131 1578.689 1576.227 1573.765 1571.303 1569.705 1577.178 1584.65 1592.123 1599.595 1603.901 1605.623 1607.345 1609.067 1610.685 1605.18 1599.675 1594.17 1588.665
1645.525 1644.351 1643.177 1642.003 1638.111 1630.888 1623.665 1616.441 1609.218 1597.924 1586.243 1574.562 1562.881 1552.107 1542.834 1533.562 1524.289 1515.016 1525.04 1538.723 1552.406 1566.09 1581.602 1601.296 1620.991 1640.686 1660.381 1670.883 1678.61 1686.337 1694.065 1699.82 1699.044 1698.269 1697.493 1696.717 1689.163 1678.644 1668.124 1657.605 1646.325 1631.038 1615.752 1600.464 1585.178 1576.732 1572.424 1568.116 1563.808 1560.444 1566.985 1573.526 1580.067 1586.609 1591.19 1594.171 1597.153 1600.135 1603.003 1598.177 1593.35 1588.523 1583.696
