data/zism_data/00037_04_D.txt
ncols         224
nrows         224
[rows 84 to 111 of 224, columns 126 to 188 of 224]
898.0244 899.3885 902.0827 904.7769 907.4712 910.1654 912.54 914.7898 917.0397 919.2896 920.4163 917.0905 913.7648 910.439 907.1131 900.4579 892.2607 884.0635 875.8664 866.7791 853.2017 839.6248 826.0479 812.4709 799.6289 787.187 774.7447 762.3028 750.4542 742.5941 734.7339 726.8737 719.0136 720.202 727.139 734.0761 741.0131 748.8033 764.8641 780.9254 796.9861 813.0468 828.2666 842.8663 857.466 872.0662 886.3122 894.767 903.2219 911.6767 920.1315 926.9987 932.5104 938.0222 943.534 949.0182 953.2482 957.4783 961.7085 965.9386 966.5026 963.4529 960.4032
893.09 895.2415 899.2154 903.1893 907.1632 911.1371 914.7825 918.2996 921.817 925.3341 927.4682 924.1197 920.7711 917.4225 914.0739 907.6267 899.7444 891.8622 883.9799 875.1415 861.4796 847.8182 834.1568 820.4954 806.8589 793.236 779.6126 765.9897 752.9802 744.0947 735.2092 726.3237 717.4382 717.4233 723.0439 728.6646 734.2852 740.8184 756.1973 771.5768 786.9557 802.3347 817.485 832.4669 847.4488 862.4312 877.0877 886.4182 895.7488 905.0793 914.4099 921.6188 927.0169 932.415 937.813 943.1784 947.0571 950.9358 954.8146 958.6933 959.1779 956.3167 953.4556
887.5306 890.6115 896.0275 901.4435 906.8596 912.2756 917.285 922.1359 926.9869 931.8378 934.9933 931.4279 927.8625 924.2971 920.7315 914.412 906.8171 899.2222 891.6273 883.0412 869.4552 855.8697 842.2842 828.6987 814.3448 799.5725 784.7997 770.0274 755.8946 746.0604 736.2261 726.3919 716.5577 715.2392 719.3309 723.4227 727.5145 732.572 746.9913 761.4111 775.8305 790.2498 805.2581 820.7008 836.1435 851.5867 866.7428 877.2064 887.67 898.1337 908.5973 916.287 921.6093 926.9314 932.2536 937.534 940.9193 944.3047 947.6901 951.0755 951.4625 948.8942 946.3259
881.9711 885.9816 892.8397 899.6978 906.5559 913.414 919.7876 925.9722 932.157 938.3416 942.5184 938.7361 934.9539 931.1716 927.3892 921.1974 913.8898 906.5822 899.2747 890.9409 877.4308 863.9213 850.4117 836.902 821.8307 805.9091 789.9868 774.0652 758.809 748.026 737.243 726.4601 715.6771 713.0551 715.618 718.1808 720.7437 724.3256 737.7853 751.2455 764.7053 778.165 793.0312 808.9347 824.8382 840.7422 856.3978 867.9946 879.5913 891.188 902.7848 910.9553 916.2015 921.4478 926.6941 931.8896 934.7816 937.6736 940.5657 943.4576 943.7473 941.4717 939.196
876.4117 881.3516 889.6519 897.952 906.2523 914.5524 922.2902 929.8085 937.327 944.8453 950.0436 946.0444 942.0452 938.0461 934.0468 927.9828 920.9625 913.9423 906.922 898.8406 885.4064 871.9728 858.5391 845.1054 829.3166 812.2456 795.174 778.103 761.7234 749.9917 738.2599 726.5283 714.7966 710.871 711.905 712.939 713.973 716.0792 728.5793 741.0799 753.58 766.0801 780.8043 797.1686 813.5329 829.8978 846.0529 858.7828 871.5126 884.2424 896.9722 905.6235 910.7939 915.9643 921.1346 926.2452 928.6439 931.0425 933.4412 935.8398 936.0319 934.0491 932.0663
871.5223 877.6987 887.6066 897.5146 907.4226 917.3306 926.1814 934.6199 943.0587 951.4971 957.3604 953.0145 948.6685 944.3226 939.9766 933.8268 926.8416 919.8563 912.8711 904.817 891.3706 877.9247 864.4789 851.033 834.6273 816.6099 798.5919 780.5745 763.2963 750.9861 738.6758 726.3657 714.0555 709.2057 709.096 708.9863 708.8766 709.8865 721.7495 733.6129 745.4758 757.3388 771.9727 788.65 805.3274 822.0053 838.482 851.6731 864.8643 878.0554 891.2465 900.0113 904.9982 909.9852 914.9722 919.8949 921.9032 923.9115 925.9199 927.9282 928.0401 926.2828 924.5256
868.3962 876.6165 888.5682 900.52 912.4718 924.4236 933.727 941.9974 950.2681 958.5386 964.1289 959.0945 954.06 949.0256 943.991 937.1935 929.5794 921.9653 914.3512 905.7319 892.0416 878.3517 864.6619 850.9721 834.2135 815.7841 797.3541 778.9247 761.3391 749.4246 737.5101 725.5957 713.6812 708.9057 708.6659 708.4261 708.1863 709.098 721.1724 733.2473 745.3217 757.3961 772.076 788.6776 805.279 821.881 838.211 850.0956 861.9802 873.8647 885.7493 893.6608 898.1816 902.7023 907.223 911.687 913.576 915.465 917.3541 919.2431 919.3204 917.612 915.9036
865.2701 875.5343 889.5298 903.5255 917.5211 931.5166 941.2725 949.3749 957.4776 965.58 970.8974 965.1744 959.4515 953.7286 948.0054 940.5601 932.3172 924.0742 915.8313 906.6468 892.7125 878.7787 864.8449 850.9111 833.7997 814.9584 796.1163 777.2749 759.3818 747.8631 736.3444 724.8257 713.307 708.6057 708.2358 707.8658 707.4959 708.3095 720.5954 732.8817 745.1675 757.4534 772.1794 788.705 805.2306 821.7568 837.94 848.518 859.096 869.674 880.2521 887.3104 891.3649 895.4194 899.4739 903.479 905.2488 907.0186 908.7884 910.5581 910.6008 908.9412 907.2815
862.144 874.4521 890.4915 906.5309 922.5703 938.6097 948.8181 956.7524 964.6871 972.6214 977.6659 971.2545 964.843 958.4315 952.0198 943.9268 935.055 926.1832 917.3114 907.5617 893.3834 879.2057 865.028 850.8502 833.386 814.1326 794.8785 775.6251 757.4246 746.3016 735.1786 724.0557 712.9328 708.3057 707.8056 707.3056 706.8056 707.521 720.0184 732.5161 745.0134 757.5107 772.2828 788.7325 805.1823 821.6325 837.669 846.9404 856.2119 865.4833 874.7548 880.96 884.5482 888.1364 891.7247 895.2711 896.9216 898.5721 900.2227 901.8731 901.8812 900.2703 898.6594
859.0179 873.3699 891.4531 909.5363 927.6195 945.7027 956.3637 964.13 971.8965 979.6628 984.4344 977.3345 970.2345 963.1345 956.0342 947.2935 937.7928 928.2922 918.7915 908.4766 894.0544 879.6327 865.2109 850.7892 832.9723 813.3068 793.6407 773.9753 755.4673 744.7401 734.0129 723.2858 712.5585 708.0056 707.3755 706.7454 706.1152 706.7325 719.4413 732.1505 744.8593 757.5681 772.3862 788.76 805.1339 821.5082 837.398 845.3629 853.3278 861.2927 869.2576 874.6096 877.7315 880.8535 883.9755 887.0632 888.5944 890.1256 891.6569 893.1881 893.1616 891.5995 890.0374
858.0009 874.0184 893.5804 913.1425 932.7045 952.2665 962.6306 969.4073 976.1843 982.961 986.811 979.0585 971.306 963.5536 955.8008 946.347 936.1053 925.8636 915.6218 904.607 889.6924 874.7782 859.8641 844.95 827.1078 807.6714 788.2344 768.7982 750.6431 741.1011 731.5591 722.0171 712.4751 708.6927 708.5696 708.4465 708.3234 709.4347 722.5112 735.5881 748.6646 761.7411 775.7584 790.4695 805.1805 819.8922 834.112 840.2894 846.4669 852.6443 858.8217 863.3326 866.4211 869.5096 872.5981 875.6588 877.4554 879.2521 881.0488 882.8455 883.0115 881.5704 880.1292
857.7284 875.2775 896.119 916.9605 937.802 958.6435 968.4461 973.9434 979.4408 984.938 987.6374 979.2452 970.853 962.4608 954.0684 943.8785 932.8561 921.8336 910.8112 899.049 883.5541 868.0599 852.5657 837.0715 819.3196 800.3387 781.3572 762.3762 744.8073 736.729 728.6508 720.5724 712.4942 709.7281 710.3369 710.9457 711.5545 713.3688 726.8682 740.368 753.8673 767.3666 780.2841 792.7725 805.2609 817.7496 829.762 833.9823 838.2025 842.4228 846.6431 850.3171 853.525 856.7328 859.9406 863.1266 865.3244 867.5222 869.7201 871.9179 872.3569 871.0621 869.7673
857.4559 876.5367 898.6577 920.7787 942.8997 965.0206 974.2617 978.4794 982.6973 986.9151 988.4638 979.4319 970.4 961.368 952.3358 941.4099 929.6068 917.8036 906.0005 893.4907 877.4158 861.3415 845.2672 829.1928 811.5314 793.0059 774.4797 755.9542 738.9713 732.3568 725.7423 719.1279 712.5134 710.7635 712.1042 713.4449 714.7856 717.3029 731.2252 745.1478 759.0701 772.9922 784.8099 795.0755 805.3411 815.6071 825.4119 827.675 829.938 832.2011 834.4642 837.3015 840.6285 843.9557 847.2828 850.5941 853.1931 855.7921 858.3912 860.9902 861.702 860.5536 859.4052
857.1833 877.796 901.1964 924.5968 947.9973 971.3977 980.0773 983.0156 985.9539 988.8922 989.2902 979.6186 969.9469 960.2752 950.6032 938.9412 926.3574 913.7736 901.1899 887.9326 871.2775 854.6231 837.9686 821.3141 803.7431 785.673 767.6024 749.5322 733.1353 727.9846 722.8339 717.6832 712.5325 711.7989 713.8715 715.9442 718.0168 721.2371 735.5822 749.9277 764.2728 778.6179 789.3358 797.3786 805.4214 813.4645 821.0619 821.3677 821.6736 821.9795 822.2853 824.2858 827.7322 831.1786 834.6249 838.0617 841.0619 844.0621 847.0623 850.0625 851.0472 850.0452 849.0432
856.8649 878.7003 903.0997 927.4991 951.8985 976.2979 984.509 986.4065 988.304 990.2015 989.6274 979.2555 968.8835 958.5117 948.1393 935.7409 922.404 909.067 895.73 881.7613 864.6053 847.45 830.2946 813.1392 795.8347 778.4488 761.0623 743.6765 728.063 724.3641 720.665 716.9661 713.267 713.5739 716.4258 719.2776 722.1295 726.0623 740.4738 754.8859 769.2974 783.709 793.2789 799.2783 805.2776 811.2772 816.8483 815.4104 813.9725 812.5345 811.0966 812.2493 815.6125 818.9758 822.3391 825.7004 828.9742 832.248 835.5219 838.7956 839.9666 839.0647 838.1628
856.3665 878.2104 902.5068 926.8032 951.0996 975.396 983.5042 985.2986 987.0931 988.8876 988.0422 976.7324 965.4225 954.1127 942.8025 929.6662 915.6841 901.702 887.7199 873.1813 855.8356 838.4905 821.1454 803.8003 787.4538 771.6511 755.8478 740.045 725.9915 723.6967 721.4018 719.1069 716.812 718.2546 722.0715 725.8884 729.7053 734.3882 747.466 760.5443 773.6221 786.6999 794.9331 799.5933 804.2536 808.914 813.1711 810.8278 808.4844 806.1411 803.7978 804.0596 806.5446 809.0296 811.5145 814.0117 817.0577 820.1038 823.15 826.196 827.213 826.2298 825.2466
855.868 877.7206 901.9139 926.1074 950.3007 974.4941 982.4992 984.1907 985.8821 987.5736 986.4572 974.2094 961.9616 949.7138 937.4656 923.5916 908.9643 894.337 879.7098 864.6014 847.0659 829.5311 811.9962 794.4613 779.073 764.8533 750.6332 736.4136 723.92 723.0293 722.1385 721.2478 720.3571 722.9352 727.7172 732.4991 737.2811 742.7141 754.4581 766.2026 777.9468 789.6909 796.5872 799.9084 803.2296 806.5508 809.4938 806.2451 802.9964 799.7476 796.4989 795.87 797.4767 799.0833 800.69 802.3228 805.1412 807.9596 810.7781 813.5964 814.4594 813.3949 812.3304
855.3694 877.2307 901.321 925.4114 949.5018 973.5922 981.4943 983.0828 984.6713 986.2597 984.872 971.6863 958.5006 945.3149 932.1287 917.5168 902.2444 886.972 871.6996 856.0215 838.2962 820.5716 802.847 785.1223 770.6921 758.0556 745.4186 732.7821 721.8485 722.3619 722.8753 723.3887 723.902 727.616 733.3629 739.1099 744.8569 751.0399 761.4503 771.861 782.2714 792.6818 798.2413 800.2234 802.2056 804.1877 805.8166 801.6625 797.5083 793.3542 789.2001 787.6803 788.4087 789.1371 789.8655 790.634 793.2247 795.8154 798.4062 800.9968 801.7058 800.56 799.4142
854.871 876.7408 900.7282 924.7156 948.7029 972.6903 980.4894 981.9749 983.4603 984.9457 983.2869 969.1633 955.0396 940.916 926.7919 911.4421 895.5246 879.607 863.6895 847.4415 829.5266 811.6121 793.6978 775.7834 762.3113 751.2579 740.2041 729.1507 719.777 721.6945 723.6121 725.5295 727.4471 732.2966 739.0086 745.7206 752.4327 759.3658 768.4424 777.5194 786.5961 795.6727 799.8955 800.5385 801.1815 801.8246 802.1393 797.0798 792.0203 786.9608 781.9012 779.4907 779.3408 779.1909 779.041 778.9453 781.3082 783.6712 786.0343 788.3973 788.9523 787.7251 786.4979
851.8909 873.415 896.8404 920.2657 943.6911 967.1165 975.0582 976.9611 978.864 980.7669 979.4563 965.4067 951.3572 937.3076 923.2576 907.6584 891.3414 875.0245 858.7076 842.1147 824.1292 806.1443 788.1595 770.1746 757.2393 747.0533 736.867 726.681 718.1217 720.4964 722.8711 725.2458 727.6205 733.3129 741.1129 748.9128 756.7127 764.533 772.5507 780.5685 788.5862 796.6039 799.7438 799.2863 798.8288 798.3713 797.6072 791.8229 786.0388 780.2545 774.4703 771.3419 770.48 769.618 768.7562 767.9576 770.0351 772.1125 774.1901 776.2676 776.618 775.2662 773.9144
847.6699 868.6712 891.3051 913.9389 936.5728 959.2066 967.4138 969.9943 972.575 975.1555 974.503 961.0335 947.5641 934.0946 920.6247 905.0201 888.4267 871.8333 855.2399 838.4144 820.4181 802.4224 784.4266 766.4309 753.8218 744.1454 734.4687 724.7924 716.6745 719.0329 721.3913 723.7497 726.1081 732.4971 741.4464 750.3956 759.3448 768.1208 775.2168 782.3131 789.4091 796.5051 798.6891 797.2504 795.8116 794.3729 792.6475 786.229 779.8105 773.392 766.9734 763.2136 761.7228 760.232 758.7412 757.3206 759.0837 760.8467 762.6098 764.3728 764.4935 762.9952 761.4971
843.4489 863.9274 885.7698 907.6121 929.4544 951.2968 959.7693 963.0276 966.2859 969.5442 969.5497 956.6603 943.7709 930.8816 917.9918 902.3818 885.512 868.642 851.7722 834.7142 816.707 798.7004 780.6938 762.6873 750.4042 741.2375 732.0704 722.9036 715.2273 717.5694 719.9115 722.2536 724.5958 731.6812 741.7798 751.8784 761.977 771.7086 777.883 784.0576 790.232 796.4064 797.6344 795.2145 792.7945 790.3745 787.6879 780.635 773.5822 766.5294 759.4766 755.0853 752.9656 750.8459 748.7263 746.6836 748.1322 749.5808 751.0295 752.4781 752.369 750.7244 749.0798
839.2279 859.1837 880.2344 901.2853 922.3361 943.3869 952.125 956.0609 959.9969 963.9329 964.5963 952.287 939.9778 927.6685 915.3588 899.7436 882.5972 865.4508 848.3044 831.0139 812.9958 794.9785 776.961 758.9436 746.9867 738.3295 729.6721 721.0149 713.78 716.1059 718.4317 720.7576 723.0834 730.8654 742.1133 753.3613 764.6092 775.2964 780.5492 785.8021 791.0549 796.3077 796.5797 793.1785 789.7773 786.3761 782.7281 775.041 767.3539 759.6668 751.9797 746.957 744.2085 741.46 738.7114 736.0466 737.1808 738.3149 739.4492 740.5833 740.2444 738.4534 736.6625
834.3647 853.7678 874.0901 894.4123 914.7346 935.0568 944.0933 948.728 953.363 957.9979 959.3381 947.6182 935.8982 924.1782 912.4578 896.8585 879.4625 862.0665 844.6705 827.1884 809.272 791.3561 773.4403 755.5245 743.8743 735.6355 727.3964 719.1577 712.2903 714.6415 716.9929 719.3441 721.6954 730.1101 742.3765 754.643 766.9094 778.4327 782.7518 787.071 791.3901 795.7092 795.03 790.6646 786.2991 781.9335 777.3435 769.0765 760.8095 752.5425 744.2755 738.663 735.316 731.9689 728.6219 725.3649 726.1882 727.0114 727.8347 728.658 728.1028 726.1888 724.2748
825.2205 843.8721 863.8853 883.8986 903.9118 923.925 933.4793 938.9545 944.4298 949.905 952.0474 940.978 929.9086 918.8392 907.7694 892.3278 874.8613 857.3948 839.9283 822.5284 805.4631 788.3984 771.3338 754.2692 742.7962 734.3676 725.9388 717.5102 710.517 713.1719 715.8267 718.4816 721.1365 729.7587 742.1715 754.5844 766.9972 778.5583 781.8636 785.1689 788.4742 791.7795 790.1801 784.9634 779.7468 774.5301 769.1254 760.6415 752.1577 743.6738 735.1899 729.264 725.5212 721.7784 718.0356 714.3851 714.921 715.457 715.993 716.5289 715.8474 713.9659 712.0845
816.0762 833.9764 853.6806 873.3848 893.089 912.7932 922.8654 929.1808 935.4965 941.8121 944.7566 934.3378 923.9189 913.5002 903.081 887.7972 870.2602 852.7232 835.1863 817.8683 801.6542 785.4407 769.2273 753.0138 741.718 733.0997 724.4811 715.8628 708.7437 711.7021 714.6606 717.6191 720.5775 729.4072 741.9664 754.5257 767.0849 778.684 780.9753 783.2669 785.5583 787.8497 785.3301 779.2623 773.1946 767.1266 760.9073 752.2065 743.5059 734.8051 726.1044 719.8651 715.7264 711.5878 707.4493 703.4053 703.6539 703.9025 704.1512 704.3998 703.592 701.7431 699.8942
806.9321 824.0809 843.476 862.8712 882.2664 901.6616 912.2516 919.4074 926.5635 933.7193 937.4659 927.6977 917.9294 908.1613 898.3926 883.2666 865.6591 848.0517 830.4442 813.2083 797.8454 782.4831 767.1208 751.7585 740.6399 731.8318 723.0234 714.2153 706.9704 710.2324 713.4945 716.7565 720.0186 729.0558 741.7614 754.467 767.1727 778.8096 780.0872 781.3649 782.6425 783.9201 780.4803 773.5613 766.6425 759.7233 752.6893 743.7717 734.8541 725.9366 717.019 710.4662 705.9318 701.3975 696.8631 692.4257 692.387 692.3483 692.3096 692.2709 691.3369 689.5205 687.7041
797.7878 814.1851 833.2713 852.3574 871.4436 890.5298 901.6376 909.6338 917.6302 925.6264 930.1752 921.0575 911.9399 902.8222 893.7043 878.736 861.058 843.3801 825.7021 808.5482 794.0365 779.5254 765.0143 750.5031 739.5618 730.5639 721.5657 712.5679 705.1971 708.7628 712.3284 715.894 719.4597 728.7043 741.5563 754.4084 767.2604 778.9352 779.199 779.4628 779.7266 779.9904 775.6304 767.8603 760.0902 752.3198 744.4713 735.3368 726.2023 717.0679 707.9334 701.0672 696.1371 691.2069 686.2768 681.446 681.1199 680.7939 680.4678 680.1418 679.0815 677.2977 675.5138
