data/zism_data/00035_02_D.txt
ncols         224
nrows         224
[rows 112 to 139 of 224, columns 0 to 63 of 224]
1400.005 1400.0 1400.0 1400.0 1400.0 1400.0 1400.0 1400.0 1400.0 1400.0 1400.0 1400.0 1400.0 1400.0 1400.43 1402.728 1405.026 1407.324 1409.623 1413.246 1417.525 1421.804 1426.083 1430.02 1432.033 1434.047 1436.06 1438.074 1440.807 1443.956 1447.105 1450.254 1453.699 1459.413 1465.127 1470.841 1476.555 1486.577 1499.506 1512.435 1525.364 1538.541 1554.605 1570.67 1586.735 1602.799 1615.115 1624.499 1633.882 1643.266 1652.283 1653.179 1654.076 1654.973 1655.87 1652.687 1645.814 1638.941 1632.068 1625.18 1616.224 1607.269 1598.313 1589.357
1400.008 1400.0 1400.0 1400.0 1400.0 1400.0 1400.0 1400.0 1400.0 1400.0 1400.0 1400.0 1400.0 1400.0 1400.333 1402.114 1403.894 1405.675 1407.456 1410.45 1414.044 1417.639 1421.233 1424.524 1426.106 1427.688 1429.27 1430.853 1433.113 1435.766 1438.42 1441.073 1444.06 1449.618 1455.176 1460.734 1466.292 1476.457 1489.73 1503.005 1516.278 1529.83 1546.623 1563.415 1580.208 1597.0 1609.557 1618.8 1628.043 1637.286 1646.179 1647.297 1648.415 1649.533 1650.651 1647.83 1641.447 1635.065 1628.683 1622.283 1613.419 1604.554 1595.69 1586.826
1400.011 1400.0 1400.0 1400.0 1400.0 1400.0 1400.0 1400.0 1400.0 1400.0 1400.0 1400.0 1400.0 1400.0 1400.236 1401.499 1402.763 1404.026 1405.289 1407.654 1410.563 1413.473 1416.383 1419.027 1420.178 1421.329 1422.48 1423.631 1425.419 1427.577 1429.734 1431.891 1434.422 1439.823 1445.225 1450.626 1456.028 1466.336 1479.955 1493.574 1507.193 1521.12 1538.64 1556.16 1573.68 1591.201 1603.998 1613.101 1622.204 1631.307 1640.075 1641.414 1642.753 1644.092 1645.431 1642.973 1637.081 1631.189 1625.297 1619.385 1610.613 1601.84 1593.067 1584.295
1400.021 1400.0 1400.0 1400.0 1400.0 1400.0 1400.0 1400.0 1400.0 1400.0 1400.0 1400.0 1400.0 1400.0 1400.156 1400.989 1401.822 1402.655 1403.488 1405.28 1407.548 1409.815 1412.083 1414.126 1414.913 1415.699 1416.486 1417.273 1418.631 1420.32 1422.009 1423.698 1425.8 1431.076 1436.351 1441.627 1446.903 1457.274 1471.083 1484.893 1498.703 1512.843 1530.83 1548.817 1566.805 1584.792 1597.835 1607.011 1616.186 1625.362 1634.204 1635.673 1637.141 1638.609 1640.077 1637.813 1632.175 1626.537 1620.898 1615.237 1606.497 1597.756 1589.016 1580.275
1400.052 1400.0 1400.0 1400.0 1400.0 1400.0 1400.0 1400.0 1400.0 1400.0 1400.0 1400.0 1400.0 1400.0 1400.12 1400.758 1401.397 1402.036 1402.675 1404.05 1405.789 1407.528 1409.267 1410.835 1411.438 1412.042 1412.645 1413.248 1414.29 1415.585 1416.881 1418.177 1419.925 1425.158 1430.39 1435.623 1440.855 1451.074 1464.657 1478.241 1491.824 1505.736 1523.487 1541.237 1558.987 1576.737 1590.039 1599.861 1609.684 1619.506 1628.963 1630.313 1631.662 1633.012 1634.361 1631.837 1625.811 1619.784 1613.758 1607.711 1598.841 1589.971 1581.101 1572.231
1400.083 1400.0 1400.0 1400.0 1400.0 1400.0 1400.0 1400.0 1400.0 1400.0 1400.0 1400.0 1400.0 1400.0 1400.083 1400.528 1400.973 1401.418 1401.862 1402.82 1404.031 1405.241 1406.452 1407.544 1407.964 1408.384 1408.804 1409.224 1409.949 1410.851 1411.753 1412.655 1414.051 1419.24 1424.429 1429.619 1434.808 1444.875 1458.231 1471.588 1484.945 1498.63 1516.143 1533.656 1551.169 1568.682 1582.243 1592.712 1603.182 1613.651 1623.721 1624.952 1626.183 1627.414 1628.645 1625.861 1619.447 1613.032 1606.617 1600.184 1591.184 1582.185 1573.186 1564.186
1400.113 1400.0 1400.0 1400.0 1400.0 1400.0 1400.0 1400.0 1400.0 1400.0 1400.0 1400.0 1400.0 1400.0 1400.047 1400.298 1400.548 1400.799 1401.05 1401.589 1402.272 1402.955 1403.637 1404.252 1404.489 1404.726 1404.963 1405.2 1405.608 1406.117 1406.625 1407.134 1408.176 1413.322 1418.469 1423.615 1428.761 1438.675 1451.805 1464.936 1478.066 1491.524 1508.8 1526.076 1543.351 1560.627 1574.447 1585.563 1596.679 1607.795 1618.48 1619.592 1620.705 1621.817 1622.929 1619.885 1613.082 1606.28 1599.477 1592.657 1583.528 1574.4 1565.271 1556.142
1400.144 1400.0 1400.0 1400.0 1400.0 1400.0 1400.0 1400.0 1400.0 1400.0 1400.0 1400.0 1400.0 1400.0 1400.011 1400.067 1400.124 1400.181 1400.237 1400.359 1400.513 1400.668 1400.822 1400.961 1401.015 1401.068 1401.122 1401.175 1401.267 1401.382 1401.497 1401.612 1402.301 1407.405 1412.508 1417.611 1422.714 1432.475 1445.379 1458.283 1471.187 1484.418 1501.457 1518.495 1535.534 1552.572 1566.651 1578.414 1590.177 1601.94 1613.238 1614.232 1615.226 1616.22 1617.214 1613.909 1606.718 1599.527 1592.336 1585.13 1575.872 1566.614 1557.356 1548.098
1400.503 1400.26 1400.191 1400.122 1400.053 1400.005 1400.028 1400.051 1400.074 1400.097 1400.2 1400.338 1400.475 1400.613 1400.716 1400.67 1400.624 1400.578 1400.532 1400.451 1400.352 1400.252 1400.153 1400.067 1400.051 1400.036 1400.021 1400.006 1400.0 1400.0 1400.0 1400.0 1400.541 1405.243 1409.944 1414.645 1419.346 1428.708 1441.213 1453.719 1466.225 1479.063 1495.769 1512.475 1529.181 1545.887 1559.797 1571.52 1583.243 1594.966 1606.217 1607.004 1607.792 1608.579 1609.367 1605.854 1598.455 1591.055 1583.655 1576.242 1567.004 1557.765 1548.526 1539.288
1400.997 1400.626 1400.46 1400.295 1400.129 1400.012 1400.068 1400.123 1400.178 1400.233 1400.483 1400.815 1401.146 1401.478 1401.727 1401.616 1401.505 1401.395 1401.285 1401.088 1400.848 1400.609 1400.37 1400.161 1400.124 1400.087 1400.05 1400.014 1400.0 1400.0 1400.0 1400.0 1400.478 1404.629 1408.781 1412.932 1417.084 1425.943 1437.98 1450.017 1462.054 1474.43 1490.764 1507.099 1523.432 1539.766 1553.332 1564.731 1576.131 1587.53 1598.461 1599.006 1599.551 1600.096 1600.641 1596.943 1589.408 1581.874 1574.339 1566.793 1557.635 1548.477 1539.32 1530.162
1401.491 1400.992 1400.73 1400.467 1400.204 1400.02 1400.107 1400.195 1400.282 1400.37 1400.766 1401.292 1401.817 1402.343 1402.737 1402.562 1402.387 1402.212 1402.037 1401.725 1401.345 1400.966 1400.586 1400.255 1400.197 1400.138 1400.08 1400.021 1400.0 1400.0 1400.0 1400.0 1400.415 1404.016 1407.618 1411.219 1414.821 1423.179 1434.747 1446.315 1457.882 1469.798 1485.76 1501.722 1517.684 1533.646 1546.867 1557.943 1569.019 1580.095 1590.706 1591.008 1591.31 1591.613 1591.915 1588.031 1580.362 1572.692 1565.023 1557.344 1548.267 1539.19 1530.113 1521.036
1401.986 1401.359 1400.999 1400.639 1400.28 1400.027 1400.147 1400.267 1400.386 1400.506 1401.049 1401.769 1402.488 1403.208 1403.748 1403.508 1403.268 1403.029 1402.789 1402.362 1401.842 1401.322 1400.802 1400.349 1400.269 1400.189 1400.109 1400.029 1400.0 1400.0 1400.0 1400.0 1400.351 1403.403 1406.455 1409.507 1412.558 1420.415 1431.514 1442.613 1453.711 1465.165 1480.755 1496.345 1511.935 1527.526 1540.401 1551.154 1561.907 1572.659 1582.95 1583.01 1583.07 1583.129 1583.189 1579.119 1571.315 1563.511 1555.707 1547.894 1538.898 1529.902 1520.906 1511.91
1403.646 1402.93 1402.502 1402.073 1401.645 1401.342 1401.475 1401.608 1401.742 1401.875 1402.527 1403.396 1404.265 1405.134 1405.775 1405.428 1405.081 1404.734 1404.387 1403.793 1403.077 1402.362 1401.646 1401.006 1400.795 1400.584 1400.374 1400.163 1400.073 1400.054 1400.036 1400.017 1400.29 1402.806 1405.322 1407.838 1410.354 1417.68 1428.25 1438.821 1449.392 1460.327 1475.505 1490.684 1505.863 1521.042 1533.538 1543.936 1554.333 1564.731 1574.672 1574.479 1574.287 1574.095 1573.902 1569.652 1561.732 1553.812 1545.892 1537.966 1529.128 1520.291 1511.454 1502.616
1412.128 1411.551 1411.22 1410.888 1410.557 1410.307 1410.344 1410.38 1410.417 1410.453 1410.996 1411.752 1412.507 1413.263 1413.746 1413.043 1412.34 1411.637 1410.934 1409.873 1408.634 1407.396 1406.157 1404.957 1403.976 1402.994 1402.012 1401.03 1400.576 1400.428 1400.279 1400.131 1400.237 1402.301 1404.364 1406.427 1408.491 1415.112 1424.809 1434.507 1444.204 1454.285 1468.822 1483.359 1497.896 1512.433 1524.346 1534.204 1544.063 1553.922 1563.333 1562.833 1562.334 1561.834 1561.335 1556.935 1549.01 1541.085 1533.159 1525.232 1517.009 1508.786 1500.564 1492.341
1420.61 1420.172 1419.938 1419.703 1419.469 1419.273 1419.212 1419.152 1419.091 1419.03 1419.465 1420.108 1420.75 1421.392 1421.717 1420.658 1419.599 1418.541 1417.482 1415.953 1414.192 1412.43 1410.669 1408.908 1407.156 1405.403 1403.65 1401.897 1401.079 1400.801 1400.523 1400.246 1400.185 1401.796 1403.406 1405.017 1406.627 1412.545 1421.369 1430.193 1439.017 1448.242 1462.138 1476.034 1489.929 1503.825 1515.153 1524.473 1533.792 1543.112 1551.994 1551.188 1550.38 1549.574 1548.767 1544.219 1536.288 1528.357 1520.427 1512.498 1504.89 1497.282 1489.674 1482.065
1429.091 1428.793 1428.656 1428.518 1428.381 1428.239 1428.081 1427.923 1427.766 1427.608 1427.935 1428.464 1428.993 1429.522 1429.688 1428.273 1426.859 1425.444 1424.03 1422.033 1419.749 1417.464 1415.18 1412.859 1410.336 1407.812 1405.289 1402.765 1401.581 1401.174 1400.767 1400.36 1400.133 1401.291 1402.448 1403.606 1404.764 1409.978 1417.928 1425.879 1433.83 1442.2 1455.454 1468.708 1481.962 1495.217 1505.961 1514.741 1523.522 1532.302 1540.656 1539.542 1538.427 1537.313 1536.199 1531.502 1523.566 1515.63 1507.694 1499.765 1492.771 1485.777 1478.784 1471.79
1437.573 1437.414 1437.373 1437.333 1437.293 1437.205 1436.95 1436.695 1436.44 1436.186 1436.404 1436.82 1437.235 1437.651 1437.658 1435.888 1434.118 1432.348 1430.577 1428.113 1425.306 1422.499 1419.691 1416.81 1413.516 1410.221 1406.927 1403.632 1402.084 1401.547 1401.011 1400.475 1400.081 1400.786 1401.491 1402.196 1402.9 1407.41 1414.488 1421.565 1428.642 1436.158 1448.77 1461.383 1473.996 1486.608 1496.768 1505.01 1513.251 1521.493 1529.317 1527.896 1526.474 1525.052 1523.631 1518.785 1510.844 1502.903 1494.961 1487.031 1480.652 1474.273 1467.894 1461.515
1449.068 1450.172 1451.494 1452.816 1454.139 1455.018 1454.354 1453.691 1453.028 1452.364 1451.65 1450.913 1450.177 1449.441 1448.41 1446.095 1443.78 1441.465 1439.15 1436.354 1433.319 1430.285 1427.251 1424.018 1419.666 1415.314 1410.962 1406.61 1404.359 1403.325 1402.291 1401.256 1400.384 1400.759 1401.134 1401.509 1401.884 1405.581 1411.521 1417.46 1423.4 1429.792 1441.445 1453.098 1464.751 1476.404 1485.977 1493.922 1501.866 1509.811 1517.333 1515.472 1513.611 1511.75 1509.889 1504.856 1496.957 1489.057 1481.158 1473.275 1467.737 1462.199 1456.661 1451.123
1462.71 1465.878 1469.465 1473.051 1476.637 1479.135 1477.841 1476.547 1475.253 1473.959 1471.724 1469.096 1466.467 1463.839 1461.142 1458.148 1455.154 1452.16 1449.166 1446.134 1443.083 1440.033 1436.983 1433.545 1427.932 1422.318 1416.705 1411.092 1407.896 1406.102 1404.308 1402.514 1400.941 1401.073 1401.205 1401.338 1401.47 1404.278 1408.891 1413.505 1418.118 1423.195 1433.662 1444.129 1454.597 1465.064 1474.046 1481.867 1489.688 1497.509 1504.888 1502.494 1500.099 1497.704 1495.31 1490.064 1482.24 1474.416 1466.591 1458.791 1454.256 1449.72 1445.185 1440.65
1476.352 1481.585 1487.436 1493.286 1499.136 1503.253 1501.328 1499.403 1497.478 1495.553 1491.798 1487.278 1482.758 1478.237 1473.875 1470.202 1466.528 1462.855 1459.182 1455.914 1452.847 1449.781 1446.714 1443.072 1436.197 1429.323 1422.448 1415.573 1411.434 1408.879 1406.325 1403.771 1401.498 1401.387 1401.277 1401.167 1401.056 1402.974 1406.262 1409.549 1412.836 1416.598 1425.879 1435.161 1444.442 1453.723 1462.116 1469.812 1477.509 1485.206 1492.444 1489.516 1486.587 1483.659 1480.731 1475.271 1467.522 1459.774 1452.025 1444.307 1440.774 1437.241 1433.709 1430.176
1489.994 1497.291 1505.406 1513.521 1521.635 1527.37 1524.815 1522.259 1519.703 1517.148 1511.873 1505.46 1499.048 1492.635 1486.608 1482.255 1477.902 1473.55 1469.197 1465.694 1462.611 1459.528 1456.446 1452.599 1444.463 1436.327 1428.191 1420.054 1414.971 1411.656 1408.342 1405.028 1402.054 1401.701 1401.348 1400.995 1400.642 1401.671 1403.632 1405.594 1407.555 1410.001 1418.097 1426.192 1434.287 1442.383 1450.185 1457.758 1465.33 1472.903 1480.0 1476.538 1473.076 1469.614 1466.152 1460.478 1452.805 1445.132 1437.458 1429.822 1427.292 1424.762 1422.232 1419.703
1503.434 1512.767 1523.116 1533.465 1543.814 1551.151 1547.998 1544.846 1541.693 1538.54 1531.797 1523.552 1515.307 1507.061 1499.418 1494.393 1489.369 1484.344 1479.319 1475.573 1472.46 1469.346 1466.233 1462.174 1452.797 1443.421 1434.045 1424.669 1418.645 1414.564 1410.483 1406.402 1402.72 1402.11 1401.499 1400.889 1400.278 1400.422 1401.076 1401.73 1402.384 1403.532 1410.442 1417.351 1424.261 1431.17 1438.376 1445.812 1453.248 1460.684 1467.627 1463.65 1459.672 1455.695 1451.717 1445.849 1438.272 1430.695 1423.118 1415.584 1414.042 1412.499 1410.956 1409.413
1507.845 1517.957 1529.195 1540.433 1551.671 1559.901 1557.648 1555.396 1553.143 1550.891 1544.998 1537.583 1530.168 1522.753 1515.718 1510.332 1504.945 1499.559 1494.173 1489.861 1486.079 1482.297 1478.516 1473.846 1464.19 1454.533 1444.877 1435.22 1428.425 1423.287 1418.149 1413.012 1408.288 1406.745 1405.201 1403.658 1402.115 1401.604 1401.788 1401.973 1402.158 1402.781 1408.51 1414.239 1419.968 1425.697 1431.988 1438.718 1445.448 1452.177 1458.458 1454.783 1451.107 1447.432 1443.756 1438.564 1432.0 1425.436 1418.873 1412.347 1411.101 1409.855 1408.608 1407.362
1512.257 1523.146 1535.274 1547.401 1559.529 1568.65 1567.298 1565.946 1564.593 1563.241 1558.2 1551.615 1545.03 1538.445 1532.017 1526.27 1520.522 1514.775 1509.028 1504.148 1499.698 1495.248 1490.798 1485.519 1475.582 1465.645 1455.709 1445.771 1438.204 1432.01 1425.816 1419.621 1413.855 1411.379 1408.904 1406.428 1403.952 1402.785 1402.501 1402.216 1401.932 1402.03 1406.579 1411.127 1415.675 1420.224 1425.6 1431.624 1437.647 1443.671 1449.289 1445.916 1442.542 1439.168 1435.795 1431.278 1425.728 1420.177 1414.627 1409.11 1408.16 1407.211 1406.261 1405.311
1516.668 1528.335 1541.353 1554.37 1567.387 1577.4 1576.948 1576.496 1576.044 1575.592 1571.401 1565.646 1559.892 1554.137 1548.316 1542.208 1536.099 1529.991 1523.882 1518.436 1513.317 1508.199 1503.08 1497.192 1486.974 1476.757 1466.54 1456.323 1447.984 1440.733 1433.482 1426.231 1419.423 1416.014 1412.606 1409.198 1405.789 1403.966 1403.213 1402.46 1401.706 1401.279 1404.647 1408.015 1411.382 1414.75 1419.212 1424.53 1429.847 1435.165 1440.12 1437.049 1433.977 1430.905 1427.833 1423.992 1419.455 1414.919 1410.382 1405.873 1405.22 1404.566 1403.913 1403.26
1521.08 1533.524 1547.431 1561.338 1575.244 1586.149 1586.598 1587.046 1587.494 1587.942 1584.602 1579.678 1574.754 1569.829 1564.615 1558.146 1551.676 1545.206 1538.737 1532.724 1526.937 1521.15 1515.363 1508.864 1498.367 1487.869 1477.372 1466.874 1457.763 1449.456 1441.148 1432.841 1424.99 1420.649 1416.308 1411.967 1407.626 1405.148 1403.925 1402.703 1401.481 1400.528 1402.715 1404.902 1407.09 1409.277 1412.824 1417.436 1422.047 1426.659 1430.951 1428.182 1425.411 1422.642 1419.872 1416.706 1413.183 1409.66 1406.136 1402.636 1402.279 1401.922 1401.565 1401.208
1525.394 1538.102 1552.209 1566.316 1580.423 1591.609 1592.618 1593.626 1594.635 1595.644 1593.062 1588.978 1584.893 1580.809 1576.318 1570.063 1563.807 1557.551 1551.295 1544.989 1538.657 1532.326 1525.995 1518.967 1508.025 1497.084 1486.142 1475.201 1465.352 1456.137 1446.922 1437.706 1428.974 1423.956 1418.938 1413.919 1408.901 1405.97 1404.448 1402.925 1401.402 1400.111 1401.514 1402.917 1404.32 1405.724 1408.502 1412.355 1416.208 1420.061 1423.645 1421.256 1418.868 1416.479 1414.09 1411.562 1408.909 1406.255 1403.602 1400.966 1400.767 1400.567 1400.368 1400.169
1529.595 1541.962 1555.46 1568.958 1582.455 1593.204 1594.374 1595.545 1596.715 1597.886 1595.952 1592.719 1589.487 1586.254 1582.623 1577.256 1571.89 1566.524 1561.157 1554.879 1548.148 1541.418 1534.687 1527.224 1515.647 1504.07 1492.492 1480.914 1470.368 1460.42 1450.471 1440.523 1431.098 1425.703 1420.307 1414.912 1409.516 1406.372 1404.747 1403.122 1401.496 1400.086 1401.171 1402.256 1403.341 1404.426 1406.605 1409.639 1412.672 1415.706 1418.526 1416.612 1414.698 1412.783 1410.869 1408.935 1406.982 1405.029 1403.076 1401.136 1400.932 1400.727 1400.522 1400.318
