data/zism_data/00042_01_D.txt
ncols         224
nrows         224
[rows 168 to 195 of 224, columns 0 to 62 of 224]
1277.964 1277.26 1276.556 1275.852 1275.043 1273.956 1272.869 1271.782 1270.695 1269.608 1268.52 1267.432 1266.345 1265.442 1265.268 1265.094 1264.92 1264.746 1264.954 1265.352 1265.751 1266.15 1266.84 1269.468 1272.097 1274.725 1277.354 1280.887 1285.037 1289.188 1293.338 1297.327 1298.687 1300.047 1301.406 1302.766 1304.112 1305.445 1306.779 1308.112 1309.446 1310.38 1311.309 1312.237 1313.166 1314.09 1315.009 1315.927 1316.846 1317.765 1318.268 1318.732 1319.196 1319.66 1319.569 1318.559 1317.549 1316.54 1315.53 1314.228 1312.87 1311.512 1310.155
1279.357 1278.384 1277.411 1276.438 1275.396 1274.175 1272.953 1271.732 1270.511 1269.257 1267.991 1266.726 1265.461 1264.335 1263.757 1263.179 1262.602 1262.024 1261.932 1262.083 1262.234 1262.385 1262.869 1265.567 1268.266 1270.964 1273.663 1277.694 1282.636 1287.578 1292.52 1297.255 1298.625 1299.995 1301.366 1302.736 1303.905 1304.888 1305.872 1306.856 1307.839 1308.392 1308.938 1309.485 1310.031 1310.75 1311.679 1312.609 1313.538 1314.468 1315.164 1315.838 1316.511 1317.185 1317.239 1316.267 1315.295 1314.323 1313.351 1312.118 1310.836 1309.553 1308.271
1280.75 1279.508 1278.266 1277.023 1275.75 1274.394 1273.038 1271.682 1270.326 1268.906 1267.463 1266.02 1264.577 1263.228 1262.246 1261.265 1260.283 1259.302 1258.91 1258.814 1258.717 1258.621 1258.898 1261.667 1264.435 1267.204 1269.972 1274.502 1280.235 1285.968 1291.701 1297.182 1298.563 1299.944 1301.326 1302.707 1303.698 1304.332 1304.965 1305.599 1306.233 1306.404 1306.568 1306.733 1306.897 1307.41 1308.35 1309.29 1310.231 1311.171 1312.059 1312.943 1313.827 1314.71 1314.909 1313.975 1313.041 1312.106 1311.172 1310.009 1308.802 1307.594 1306.387
1282.143 1280.632 1279.12 1277.609 1276.103 1274.613 1273.122 1271.632 1270.141 1268.555 1266.934 1265.314 1263.693 1262.12 1260.735 1259.35 1257.965 1256.58 1255.889 1255.545 1255.201 1254.857 1254.928 1257.766 1260.604 1263.443 1266.281 1271.31 1277.834 1284.358 1290.883 1297.109 1298.501 1299.893 1301.285 1302.677 1303.491 1303.775 1304.059 1304.343 1304.626 1304.416 1304.198 1303.98 1303.762 1304.07 1305.021 1305.972 1306.923 1307.874 1308.955 1310.049 1311.142 1312.236 1312.579 1311.683 1310.786 1309.89 1308.993 1307.899 1306.767 1305.636 1304.504
1282.989 1281.303 1279.618 1277.932 1276.285 1274.739 1273.193 1271.646 1270.1 1268.457 1266.78 1265.103 1263.426 1261.775 1260.225 1258.675 1257.126 1255.576 1254.796 1254.401 1254.006 1253.611 1253.677 1256.818 1259.959 1263.1 1266.241 1271.405 1277.951 1284.496 1291.042 1297.281 1298.536 1299.791 1301.047 1302.302 1302.916 1302.942 1302.967 1302.993 1303.019 1302.754 1302.485 1302.216 1301.947 1302.189 1303.059 1303.929 1304.799 1305.67 1306.627 1307.593 1308.559 1309.525 1309.781 1308.864 1307.946 1307.028 1306.11 1305.175 1304.237 1303.298 1302.36
1283.483 1281.685 1279.886 1278.088 1276.357 1274.805 1273.254 1271.702 1270.15 1268.522 1266.866 1265.211 1263.555 1261.919 1260.359 1258.798 1257.238 1255.677 1254.944 1254.624 1254.305 1253.985 1254.176 1257.769 1261.362 1264.955 1268.548 1273.614 1279.686 1285.758 1291.83 1297.609 1298.633 1299.657 1300.681 1301.705 1302.104 1301.93 1301.757 1301.584 1301.41 1301.302 1301.194 1301.086 1300.979 1301.247 1301.978 1302.708 1303.438 1304.168 1304.799 1305.421 1306.042 1306.664 1306.683 1305.706 1304.729 1303.752 1302.775 1302.056 1301.387 1300.718 1300.048
1283.977 1282.066 1280.154 1278.243 1276.429 1274.872 1273.315 1271.757 1270.2 1268.586 1266.952 1265.318 1263.685 1262.063 1260.492 1258.921 1257.35 1255.779 1255.092 1254.848 1254.603 1254.359 1254.674 1258.719 1262.765 1266.81 1270.855 1275.823 1281.422 1287.02 1292.618 1297.938 1298.73 1299.522 1300.315 1301.107 1301.292 1300.919 1300.547 1300.174 1299.802 1299.849 1299.903 1299.957 1300.011 1300.306 1300.896 1301.486 1302.076 1302.666 1302.971 1303.248 1303.525 1303.802 1303.584 1302.548 1301.512 1300.475 1299.439 1298.938 1298.537 1298.137 1297.737
1284.472 1282.447 1280.422 1278.398 1276.501 1274.938 1273.376 1271.813 1270.25 1268.651 1267.039 1265.426 1263.814 1262.208 1260.626 1259.044 1257.462 1255.88 1255.24 1255.071 1254.902 1254.733 1255.172 1259.67 1264.167 1268.665 1273.162 1278.032 1283.157 1288.281 1293.406 1298.266 1298.827 1299.388 1299.949 1300.51 1300.48 1299.908 1299.336 1298.765 1298.193 1298.397 1298.612 1298.828 1299.043 1299.364 1299.814 1300.264 1300.714 1301.165 1301.142 1301.075 1301.008 1300.94 1300.485 1299.39 1298.295 1297.199 1296.104 1295.819 1295.688 1295.557 1295.426
1284.948 1282.82 1280.692 1278.565 1276.591 1275.023 1273.456 1271.888 1270.321 1268.738 1267.15 1265.563 1263.975 1262.388 1260.805 1259.223 1257.64 1256.057 1255.475 1255.395 1255.314 1255.233 1255.805 1260.727 1265.649 1270.571 1275.493 1280.249 1284.891 1289.533 1294.175 1298.567 1298.894 1299.221 1299.548 1299.875 1299.632 1298.865 1298.097 1297.33 1296.563 1296.922 1297.297 1297.672 1298.047 1298.393 1298.703 1299.012 1299.321 1299.631 1299.279 1298.864 1298.449 1298.034 1297.348 1296.213 1295.079 1293.944 1292.81 1292.756 1292.908 1293.059 1293.211
1285.138 1283.064 1280.99 1278.916 1276.982 1275.414 1273.846 1272.279 1270.711 1269.184 1267.672 1266.16 1264.647 1263.153 1261.732 1260.311 1258.889 1257.468 1257.138 1257.353 1257.568 1257.783 1258.61 1263.51 1268.411 1273.311 1278.212 1282.588 1286.606 1290.624 1294.641 1298.429 1298.482 1298.534 1298.587 1298.639 1298.194 1297.292 1296.391 1295.489 1294.587 1295.077 1295.587 1296.096 1296.606 1296.956 1297.109 1297.262 1297.416 1297.569 1296.84 1296.026 1295.213 1294.4 1293.575 1292.731 1291.887 1291.044 1290.2 1290.614 1291.266 1291.918 1292.57
1285.329 1283.308 1281.288 1279.268 1277.372 1275.805 1274.237 1272.669 1271.102 1269.631 1268.194 1266.757 1265.32 1263.918 1262.659 1261.399 1260.139 1258.879 1258.8 1259.311 1259.823 1260.334 1261.415 1266.294 1271.173 1276.052 1280.931 1284.927 1288.321 1291.714 1295.108 1298.291 1298.069 1297.847 1297.625 1297.403 1296.756 1295.72 1294.684 1293.648 1292.612 1293.232 1293.876 1294.52 1295.165 1295.518 1295.515 1295.513 1295.51 1295.507 1294.4 1293.189 1291.977 1290.766 1289.802 1289.249 1288.696 1288.143 1287.59 1288.471 1289.623 1290.776 1291.929
1285.519 1283.552 1281.586 1279.62 1277.763 1276.195 1274.628 1273.06 1271.493 1270.077 1268.715 1267.354 1265.992 1264.684 1263.585 1262.487 1261.389 1260.29 1260.463 1261.27 1262.077 1262.884 1264.22 1269.077 1273.935 1278.792 1283.65 1287.266 1290.036 1292.805 1295.574 1298.153 1297.657 1297.16 1296.664 1296.167 1295.319 1294.148 1292.977 1291.807 1290.636 1291.386 1292.165 1292.944 1293.723 1294.081 1293.922 1293.763 1293.604 1293.445 1291.961 1290.352 1288.742 1287.132 1286.03 1285.767 1285.505 1285.242 1284.98 1286.328 1287.981 1289.634 1291.287
1285.709 1283.796 1281.884 1279.971 1278.154 1276.586 1275.018 1273.451 1271.883 1270.523 1269.237 1267.951 1266.664 1265.449 1264.512 1263.575 1262.638 1261.702 1262.125 1263.228 1264.331 1265.435 1267.025 1271.861 1276.697 1281.533 1286.369 1289.606 1291.75 1293.895 1296.04 1298.016 1297.244 1296.473 1295.702 1294.931 1293.881 1292.576 1291.271 1289.965 1288.66 1289.541 1290.455 1291.368 1292.282 1292.643 1292.328 1292.013 1291.698 1291.383 1289.522 1287.514 1285.506 1283.498 1282.257 1282.285 1282.313 1282.342 1282.37 1284.185 1286.339 1288.492 1290.646
1285.803 1283.964 1282.124 1280.284 1278.525 1276.976 1275.428 1273.879 1272.331 1271.016 1269.783 1268.55 1267.317 1266.177 1265.398 1264.62 1263.842 1263.064 1263.659 1264.941 1266.223 1267.505 1269.217 1273.791 1278.365 1282.939 1287.513 1290.412 1292.167 1293.923 1295.678 1297.276 1296.323 1295.37 1294.418 1293.465 1292.271 1290.856 1289.44 1288.025 1286.61 1287.382 1288.188 1288.993 1289.798 1289.989 1289.428 1288.866 1288.305 1287.744 1285.667 1283.447 1281.226 1279.005 1277.83 1278.383 1278.937 1279.491 1280.044 1282.414 1285.129 1287.843 1290.558
1285.804 1284.056 1282.308 1280.56 1278.877 1277.366 1275.855 1274.344 1272.834 1271.552 1270.352 1269.151 1267.951 1266.867 1266.245 1265.623 1265.001 1264.379 1265.07 1266.416 1267.763 1269.109 1270.812 1274.891 1278.97 1283.049 1287.128 1289.73 1291.324 1292.918 1294.511 1295.952 1294.908 1293.864 1292.82 1291.775 1290.493 1288.991 1287.49 1285.988 1284.487 1284.919 1285.379 1285.84 1286.301 1286.152 1285.257 1284.362 1283.467 1282.573 1280.438 1278.184 1275.931 1273.678 1272.766 1274.074 1275.381 1276.688 1277.995 1281.006 1284.339 1287.673 1291.006
1285.805 1284.149 1282.492 1280.835 1279.229 1277.756 1276.283 1274.81 1273.337 1272.089 1270.921 1269.752 1268.584 1267.558 1267.092 1266.626 1266.161 1265.695 1266.48 1267.891 1269.302 1270.714 1272.408 1275.992 1279.576 1283.159 1286.743 1289.048 1290.481 1291.913 1293.345 1294.628 1293.493 1292.357 1291.221 1290.086 1288.714 1287.126 1285.539 1283.951 1282.364 1282.455 1282.571 1282.687 1282.803 1282.315 1281.087 1279.858 1278.629 1277.401 1275.207 1272.922 1270.636 1268.351 1267.703 1269.764 1271.825 1273.886 1275.946 1279.597 1283.55 1287.502 1291.454
1285.806 1284.241 1282.676 1281.111 1279.581 1278.146 1276.71 1275.275 1273.839 1272.625 1271.489 1270.354 1269.218 1268.249 1267.939 1267.63 1267.32 1267.01 1267.891 1269.366 1270.842 1272.318 1274.004 1277.092 1280.181 1283.27 1286.358 1288.367 1289.637 1290.908 1292.179 1293.305 1292.078 1290.85 1289.623 1288.396 1286.936 1285.262 1283.588 1281.915 1280.241 1279.991 1279.763 1279.535 1279.306 1278.479 1276.916 1275.354 1273.792 1272.229 1269.977 1267.66 1265.342 1263.024 1262.64 1265.454 1268.269 1271.083 1273.897 1278.189 1282.76 1287.331 1291.903
1285.807 1284.334 1282.86 1281.386 1279.934 1278.536 1277.138 1275.74 1274.342 1273.162 1272.058 1270.955 1269.851 1268.94 1268.786 1268.633 1268.479 1268.325 1269.301 1270.841 1272.381 1273.922 1275.599 1278.193 1280.786 1283.38 1285.973 1287.685 1288.794 1289.903 1291.012 1291.981 1290.662 1289.344 1288.025 1286.706 1285.157 1283.397 1281.638 1279.878 1278.118 1277.528 1276.955 1276.382 1275.809 1274.642 1272.746 1270.85 1268.954 1267.058 1264.747 1262.397 1260.047 1257.697 1257.577 1261.145 1264.713 1268.281 1271.848 1276.78 1281.97 1287.161 1292.351
1284.543 1283.156 1281.768 1280.381 1279.038 1277.812 1276.586 1275.359 1274.133 1273.109 1272.156 1271.203 1270.25 1269.479 1269.425 1269.371 1269.317 1269.262 1270.225 1271.696 1273.167 1274.638 1276.222 1278.557 1280.892 1283.227 1285.562 1287.054 1287.971 1288.888 1289.805 1290.593 1289.28 1287.968 1286.656 1285.343 1283.774 1281.969 1280.164 1278.36 1276.555 1275.64 1274.738 1273.836 1272.934 1271.577 1269.661 1267.745 1265.83 1263.914 1262.061 1260.214 1258.367 1256.52 1256.901 1260.965 1265.029 1269.093 1273.157 1277.987 1282.962 1287.937 1292.913
1283.221 1281.92 1280.619 1279.318 1278.086 1277.037 1275.989 1274.94 1273.891 1273.029 1272.232 1271.435 1270.638 1270.012 1270.054 1270.097 1270.14 1270.182 1271.127 1272.523 1273.918 1275.314 1276.8 1278.887 1280.975 1283.062 1285.15 1286.427 1287.15 1287.873 1288.596 1289.202 1287.9 1286.598 1285.297 1283.995 1282.409 1280.561 1278.713 1276.865 1275.017 1273.778 1272.548 1271.318 1270.087 1268.547 1266.626 1264.704 1262.783 1260.862 1259.491 1258.171 1256.852 1255.532 1256.424 1260.973 1265.521 1270.069 1274.618 1279.312 1284.035 1288.757 1293.479
1281.899 1280.684 1279.469 1278.254 1277.134 1276.263 1275.392 1274.521 1273.65 1272.949 1272.308 1271.667 1271.027 1270.544 1270.684 1270.823 1270.963 1271.102 1272.029 1273.349 1274.67 1275.99 1277.378 1279.218 1281.058 1282.898 1284.738 1285.799 1286.328 1286.857 1287.387 1287.811 1286.52 1285.229 1283.938 1282.647 1281.043 1279.152 1277.261 1275.37 1273.48 1271.916 1270.358 1268.799 1267.24 1265.517 1263.59 1261.664 1259.737 1257.811 1256.92 1256.128 1255.336 1254.544 1255.947 1260.98 1266.013 1271.046 1276.079 1280.638 1285.107 1289.577 1294.046
1280.578 1279.448 1278.32 1277.191 1276.182 1275.488 1274.795 1274.101 1273.408 1272.869 1272.384 1271.9 1271.415 1271.077 1271.313 1271.549 1271.786 1272.022 1272.931 1274.176 1275.421 1276.666 1277.956 1279.548 1281.141 1282.733 1284.325 1285.171 1285.506 1285.842 1286.177 1286.419 1285.139 1283.859 1282.579 1281.299 1279.678 1277.744 1275.81 1273.876 1271.942 1270.054 1268.167 1266.281 1264.394 1262.487 1260.555 1258.623 1256.691 1254.759 1254.35 1254.085 1253.821 1253.557 1255.471 1260.988 1266.505 1272.022 1277.54 1281.963 1286.18 1290.396 1294.612
1279.072 1278.06 1277.048 1276.036 1275.158 1274.636 1274.114 1273.591 1273.069 1272.706 1272.399 1272.093 1271.786 1271.605 1271.921 1272.237 1272.553 1272.869 1273.739 1274.887 1276.035 1277.182 1278.359 1279.73 1281.101 1282.472 1283.843 1284.507 1284.688 1284.869 1285.05 1285.148 1283.896 1282.645 1281.393 1280.141 1278.546 1276.637 1274.727 1272.818 1270.909 1268.917 1266.925 1264.933 1262.94 1261.015 1259.172 1257.328 1255.485 1253.642 1253.612 1253.755 1253.898 1254.041 1256.313 1262.107 1267.901 1273.695 1279.49 1283.658 1287.519 1291.38 1295.241
1277.299 1276.448 1275.598 1274.747 1274.031 1273.67 1273.309 1272.948 1272.587 1272.422 1272.325 1272.228 1272.131 1272.129 1272.499 1272.868 1273.238 1273.607 1274.41 1275.428 1276.447 1277.466 1278.506 1279.694 1280.882 1282.07 1283.258 1283.79 1283.874 1283.958 1284.043 1284.053 1282.855 1281.657 1280.459 1279.26 1277.756 1275.97 1274.185 1272.4 1270.614 1268.842 1267.07 1265.298 1263.527 1261.824 1260.207 1258.59 1256.973 1255.355 1255.557 1255.931 1256.305 1256.68 1259.086 1264.853 1270.621 1276.388 1282.155 1285.895 1289.249 1292.604 1295.959
1275.526 1274.836 1274.147 1273.458 1272.903 1272.704 1272.505 1272.305 1272.106 1272.137 1272.25 1272.364 1272.477 1272.653 1273.076 1273.5 1273.923 1274.346 1275.081 1275.97 1276.859 1277.749 1278.653 1279.658 1280.663 1281.668 1282.673 1283.073 1283.061 1283.048 1283.035 1282.957 1281.813 1280.669 1279.524 1278.38 1276.966 1275.304 1273.643 1271.981 1270.319 1268.767 1267.215 1265.664 1264.113 1262.634 1261.243 1259.852 1258.461 1257.069 1257.502 1258.107 1258.713 1259.319 1261.859 1267.6 1273.34 1279.081 1284.821 1288.131 1290.979 1293.828 1296.677
1273.752 1273.224 1272.697 1272.169 1271.776 1271.738 1271.7 1271.662 1271.624 1271.853 1272.176 1272.499 1272.822 1273.177 1273.654 1274.131 1274.608 1275.085 1275.751 1276.512 1277.272 1278.032 1278.8 1279.622 1280.444 1281.266 1282.088 1282.356 1282.247 1282.137 1282.028 1281.861 1280.771 1279.681 1278.59 1277.5 1276.176 1274.638 1273.1 1271.562 1270.024 1268.691 1267.361 1266.03 1264.7 1263.444 1262.279 1261.113 1259.948 1258.783 1259.446 1260.284 1261.121 1261.958 1264.633 1270.346 1276.06 1281.773 1287.487 1290.367 1292.71 1295.052 1297.395
1271.979 1271.612 1271.246 1270.88 1270.648 1270.772 1270.895 1271.019 1271.143 1271.569 1272.102 1272.635 1273.168 1273.7 1274.231 1274.762 1275.293 1275.824 1276.422 1277.053 1277.684 1278.315 1278.948 1279.586 1280.225 1280.864 1281.503 1281.64 1281.433 1281.227 1281.02 1280.766 1279.729 1278.693 1277.656 1276.62 1275.386 1273.972 1272.558 1271.144 1269.73 1268.616 1267.506 1266.396 1265.286 1264.253 1263.314 1262.375 1261.436 1260.497 1261.391 1262.46 1263.529 1264.597 1267.406 1273.093 1278.779 1284.466 1290.152 1292.603 1294.44 1296.277 1298.114
1270.251 1270.18 1270.108 1270.037 1270.075 1270.401 1270.728 1271.054 1271.381 1271.927 1272.55 1273.173 1273.796 1274.404 1274.952 1275.5 1276.048 1276.596 1277.147 1277.7 1278.253 1278.805 1279.345 1279.801 1280.257 1280.713 1281.168 1281.165 1280.848 1280.531 1280.214 1279.863 1278.958 1278.054 1277.149 1276.245 1275.221 1274.087 1272.953 1271.819 1270.685 1269.806 1268.931 1268.056 1267.181 1266.386 1265.692 1264.997 1264.303 1263.608 1264.781 1266.132 1267.483 1268.833 1271.596 1276.694 1281.792 1286.891 1291.989 1294.017 1295.463 1296.909 1298.355
