data/zism_data/00040_03_D.txt
ncols         224
nrows         224
[rows 168 to 195 of 224, columns 63 to 125 of 224]
1331.566 1328.195 1325.122 1322.05 1318.977 1315.974 1313.167 1310.361 1307.555 1304.749 1303.197 1302.087 1300.978 1299.868 1299.0 1299.0 1299.0 1299.0 1299.0 1298.893 1298.74 1298.587 1298.434 1298.318 1298.377 1298.436 1298.496 1298.555 1298.722 1298.946 1299.17 1299.394 1299.59 1299.608 1299.625 1299.641 1299.658 1299.342 1298.812 1298.282 1297.751 1297.259 1297.159 1297.06 1296.961 1296.862 1298.633 1301.842 1305.051 1308.26 1311.613 1318.121 1324.63 1331.138 1337.647 1341.446 1342.76 1344.074 1345.388 1346.703 1340.28 1333.858 1327.435
1340.747 1336.658 1332.729 1328.8 1324.87 1321.028 1317.43 1313.832 1310.234 1306.636 1304.603 1303.122 1301.64 1300.159 1299.0 1299.0 1299.0 1299.0 1299.0 1298.863 1298.667 1298.471 1298.275 1298.116 1298.138 1298.16 1298.181 1298.203 1298.325 1298.5 1298.676 1298.851 1299.005 1299.011 1299.017 1299.023 1299.029 1298.686 1298.118 1297.55 1296.982 1296.456 1296.373 1296.29 1296.207 1296.124 1297.835 1300.926 1304.016 1307.107 1310.323 1316.304 1322.285 1328.266 1334.246 1337.528 1338.336 1339.144 1339.952 1340.76 1334.063 1327.366 1320.668
1350.529 1346.109 1341.715 1337.322 1332.928 1328.591 1324.414 1320.236 1316.058 1311.881 1309.278 1307.232 1305.185 1303.138 1301.451 1301.056 1300.662 1300.267 1299.873 1299.531 1299.211 1298.892 1298.573 1298.296 1298.221 1298.146 1298.07 1297.995 1298.032 1298.13 1298.227 1298.324 1298.404 1298.368 1298.331 1298.295 1298.258 1297.871 1297.259 1296.646 1296.033 1295.466 1295.367 1295.268 1295.169 1295.07 1296.658 1299.544 1302.429 1305.315 1308.309 1313.696 1319.083 1324.47 1329.856 1332.614 1332.961 1333.308 1333.656 1334.003 1326.851 1319.699 1312.547
1361.129 1356.904 1352.581 1348.257 1343.934 1339.572 1335.104 1330.636 1326.167 1321.699 1318.407 1315.531 1312.655 1309.779 1307.239 1305.913 1304.587 1303.26 1301.934 1301.147 1300.597 1300.046 1299.495 1298.996 1298.743 1298.49 1298.237 1297.984 1297.882 1297.861 1297.84 1297.818 1297.784 1297.661 1297.539 1297.416 1297.293 1296.84 1296.173 1295.507 1294.841 1294.218 1294.06 1293.902 1293.744 1293.586 1294.966 1297.528 1300.09 1302.653 1305.308 1310.011 1314.714 1319.416 1324.119 1326.341 1326.29 1326.239 1326.188 1326.136 1318.284 1310.432 1302.579
1371.729 1367.699 1363.446 1359.193 1354.939 1350.554 1345.794 1341.035 1336.276 1331.517 1327.536 1323.83 1320.125 1316.419 1313.028 1310.77 1308.512 1306.254 1303.995 1302.764 1301.982 1301.199 1300.417 1299.696 1299.265 1298.834 1298.403 1297.973 1297.732 1297.592 1297.452 1297.313 1297.164 1296.955 1296.746 1296.537 1296.329 1295.808 1295.088 1294.368 1293.648 1292.971 1292.754 1292.536 1292.319 1292.102 1293.273 1295.512 1297.751 1299.991 1302.307 1306.326 1310.345 1314.363 1318.382 1320.069 1319.619 1319.169 1318.719 1318.27 1309.717 1301.165 1292.612
1382.33 1378.495 1374.311 1370.128 1365.944 1361.535 1356.485 1351.435 1346.385 1341.334 1336.665 1332.13 1327.595 1323.059 1318.817 1315.627 1312.437 1309.247 1306.057 1304.381 1303.367 1302.353 1301.339 1300.396 1299.787 1299.178 1298.57 1297.961 1297.581 1297.323 1297.065 1296.807 1296.544 1296.249 1295.954 1295.659 1295.364 1294.777 1294.003 1293.229 1292.455 1291.724 1291.447 1291.171 1290.894 1290.618 1291.58 1293.496 1295.412 1297.329 1299.306 1302.641 1305.976 1309.31 1312.645 1313.797 1312.948 1312.1 1311.251 1310.403 1301.15 1291.898 1282.645
1392.93 1389.29 1385.177 1381.063 1376.95 1372.516 1367.175 1361.834 1356.493 1351.152 1345.794 1340.429 1335.064 1329.7 1324.605 1320.484 1316.362 1312.24 1308.118 1305.997 1304.752 1303.506 1302.261 1301.095 1300.309 1299.523 1298.736 1297.95 1297.431 1297.054 1296.678 1296.301 1295.924 1295.542 1295.161 1294.78 1294.399 1293.746 1292.918 1292.09 1291.262 1290.477 1290.141 1289.805 1289.469 1289.133 1289.888 1291.481 1293.073 1294.667 1296.305 1298.956 1301.606 1304.257 1306.907 1307.525 1306.277 1305.03 1303.783 1302.536 1292.583 1282.63 1272.678
1400.334 1397.451 1394.062 1390.673 1387.284 1383.445 1378.333 1373.221 1368.108 1362.996 1357.492 1351.85 1346.208 1340.566 1335.089 1330.207 1325.325 1320.443 1315.561 1312.773 1310.902 1309.031 1307.159 1305.387 1304.089 1302.791 1301.493 1300.195 1299.291 1298.596 1297.901 1297.206 1296.521 1295.896 1295.27 1294.645 1294.02 1293.143 1292.103 1291.064 1290.024 1289.034 1288.57 1288.105 1287.641 1287.176 1287.652 1288.852 1290.052 1291.253 1292.491 1294.583 1296.675 1298.766 1300.858 1300.944 1299.192 1297.44 1295.687 1293.935 1284.159 1274.382 1264.606
1407.224 1405.188 1402.629 1400.069 1397.509 1394.365 1389.566 1384.766 1379.966 1375.166 1369.604 1363.774 1357.943 1352.112 1346.329 1340.714 1335.1 1329.485 1323.87 1320.38 1317.819 1315.258 1312.697 1310.258 1308.394 1306.53 1304.667 1302.803 1301.474 1300.429 1299.384 1298.339 1297.314 1296.419 1295.525 1294.63 1293.736 1292.609 1291.332 1290.056 1288.779 1287.561 1286.956 1286.351 1285.747 1285.142 1285.329 1286.125 1286.921 1287.718 1288.547 1290.1 1291.653 1293.206 1294.759 1294.315 1292.04 1289.765 1287.49 1285.215 1275.757 1266.298 1256.84
1414.114 1412.925 1411.195 1409.465 1407.735 1405.286 1400.798 1396.311 1391.823 1387.336 1381.717 1375.697 1369.678 1363.659 1357.568 1351.221 1344.874 1338.527 1332.18 1327.987 1324.736 1321.486 1318.236 1315.128 1312.699 1310.27 1307.84 1305.411 1303.656 1302.261 1300.866 1299.471 1298.107 1296.943 1295.779 1294.615 1293.452 1292.075 1290.561 1289.048 1287.534 1286.087 1285.343 1284.598 1283.853 1283.108 1283.006 1283.398 1283.79 1284.183 1284.602 1285.616 1286.63 1287.645 1288.659 1287.685 1284.887 1282.09 1279.293 1276.495 1267.355 1258.214 1249.073
1421.004 1420.662 1419.762 1418.861 1417.961 1416.206 1412.031 1407.856 1403.681 1399.506 1393.829 1387.621 1381.413 1375.205 1368.808 1361.728 1354.649 1347.569 1340.489 1335.594 1331.654 1327.714 1323.774 1319.999 1317.004 1314.009 1311.014 1308.019 1305.839 1304.094 1302.349 1300.604 1298.9 1297.467 1296.033 1294.6 1293.167 1291.541 1289.79 1288.04 1286.289 1284.614 1283.729 1282.844 1281.959 1281.075 1280.683 1280.671 1280.659 1280.648 1280.657 1281.133 1281.608 1282.084 1282.56 1281.055 1277.735 1274.415 1271.095 1267.776 1258.953 1250.13 1241.307
1427.057 1427.773 1427.963 1428.153 1428.343 1427.521 1423.829 1420.137 1416.445 1412.754 1407.037 1400.605 1394.173 1387.741 1380.995 1373.117 1365.239 1357.36 1349.482 1343.926 1339.387 1334.848 1330.309 1325.943 1322.397 1318.851 1315.305 1311.759 1309.161 1307.069 1304.977 1302.885 1300.833 1299.042 1297.251 1295.46 1293.668 1291.745 1289.736 1287.728 1285.719 1283.791 1282.708 1281.625 1280.542 1279.46 1278.718 1278.24 1277.761 1277.282 1276.821 1276.743 1276.666 1276.589 1276.511 1274.5 1270.718 1266.935 1263.152 1259.37 1251.005 1242.64 1234.275
1431.151 1433.416 1435.308 1437.2 1439.092 1439.758 1436.95 1434.141 1431.333 1428.525 1422.811 1416.072 1409.333 1402.595 1395.401 1386.569 1377.738 1368.906 1360.074 1353.959 1349.032 1344.105 1339.178 1334.401 1330.339 1326.276 1322.213 1318.15 1315.151 1312.719 1310.288 1307.857 1305.435 1303.078 1300.722 1298.365 1296.009 1293.677 1291.361 1289.046 1286.73 1284.493 1283.076 1281.659 1280.242 1278.825 1277.592 1276.499 1275.406 1274.314 1273.24 1272.575 1271.911 1271.246 1270.581 1268.121 1264.015 1259.909 1255.804 1251.698 1244.119 1236.541 1228.962
1435.245 1439.058 1442.653 1446.247 1449.841 1451.995 1450.07 1448.145 1446.22 1444.295 1438.585 1431.54 1424.494 1417.448 1409.807 1400.022 1390.237 1380.451 1370.666 1363.991 1358.676 1353.362 1348.047 1342.86 1338.28 1333.7 1329.12 1324.54 1321.14 1318.369 1315.599 1312.828 1310.037 1307.115 1304.193 1301.271 1298.349 1295.609 1292.986 1290.364 1287.741 1285.194 1283.444 1281.693 1279.942 1278.191 1276.465 1274.759 1273.052 1271.345 1269.658 1268.407 1267.155 1265.903 1264.652 1261.742 1257.313 1252.884 1248.455 1244.026 1237.234 1230.442 1223.65
1439.34 1444.701 1449.998 1455.294 1460.59 1464.233 1463.191 1462.15 1461.108 1460.066 1454.36 1447.007 1439.654 1432.301 1424.213 1413.474 1402.736 1391.997 1381.258 1374.023 1368.321 1362.618 1356.916 1351.319 1346.222 1341.125 1336.027 1330.93 1327.129 1324.019 1320.909 1317.799 1314.64 1311.152 1307.665 1304.177 1300.689 1297.541 1294.612 1291.682 1288.752 1285.896 1283.811 1281.727 1279.642 1277.557 1275.339 1273.018 1270.698 1268.377 1266.077 1264.238 1262.399 1260.561 1258.722 1255.363 1250.611 1245.859 1241.106 1236.354 1230.348 1224.343 1218.337
1443.434 1450.344 1457.343 1464.341 1471.339 1476.471 1476.312 1476.154 1475.995 1475.837 1470.134 1462.474 1454.814 1447.155 1438.618 1426.927 1415.235 1403.543 1391.851 1384.056 1377.965 1371.875 1365.785 1359.778 1354.163 1348.549 1342.935 1337.321 1333.119 1329.669 1326.22 1322.77 1319.242 1315.189 1311.136 1307.083 1303.03 1299.473 1296.237 1293.0 1289.763 1286.598 1284.179 1281.76 1279.342 1276.923 1274.213 1271.278 1268.343 1265.408 1262.496 1260.07 1257.644 1255.218 1252.792 1248.984 1243.908 1238.833 1233.758 1228.682 1223.463 1218.244 1213.024
1440.657 1448.803 1457.134 1465.465 1473.797 1480.148 1480.888 1481.629 1482.37 1483.111 1478.179 1471.244 1464.31 1457.376 1449.41 1437.734 1426.058 1414.381 1402.705 1394.628 1388.126 1381.624 1375.123 1368.716 1362.759 1356.802 1350.846 1344.889 1340.406 1336.709 1333.011 1329.314 1325.523 1321.107 1316.691 1312.274 1307.858 1303.925 1300.301 1296.678 1293.055 1289.493 1286.57 1283.646 1280.723 1277.799 1274.653 1271.334 1268.016 1264.697 1261.41 1258.814 1256.218 1253.622 1251.026 1247.395 1242.814 1238.233 1233.653 1229.072 1224.734 1220.397 1216.059
1435.432 1444.702 1454.234 1463.766 1473.299 1480.774 1482.419 1484.065 1485.71 1487.356 1483.468 1477.627 1471.786 1465.945 1458.914 1447.599 1436.283 1424.968 1413.652 1405.393 1398.471 1391.549 1384.627 1377.824 1371.588 1365.351 1359.114 1352.878 1348.157 1344.244 1340.331 1336.418 1332.402 1327.695 1322.988 1318.281 1313.573 1309.274 1305.236 1301.198 1297.16 1293.17 1289.681 1286.192 1282.703 1279.214 1275.651 1272.031 1268.411 1264.791 1261.214 1258.597 1255.979 1253.362 1250.744 1247.513 1243.718 1239.924 1236.13 1232.336 1228.914 1225.492 1222.07
1430.207 1440.601 1451.334 1462.067 1472.801 1481.399 1483.95 1486.5 1489.051 1491.601 1488.758 1484.01 1479.263 1474.515 1468.418 1457.464 1446.509 1435.554 1424.599 1416.158 1408.816 1401.474 1394.132 1386.933 1380.416 1373.9 1367.383 1360.866 1355.907 1351.779 1347.651 1343.522 1339.281 1334.283 1329.285 1324.287 1319.289 1314.623 1310.17 1305.718 1301.265 1296.847 1292.793 1288.738 1284.684 1280.629 1276.65 1272.728 1268.806 1264.885 1261.019 1258.38 1255.74 1253.101 1250.462 1247.63 1244.623 1241.615 1238.607 1235.599 1233.093 1230.586 1228.08
1424.982 1436.499 1448.434 1460.368 1472.303 1482.025 1485.481 1488.936 1492.391 1495.847 1494.047 1490.393 1486.739 1483.085 1477.922 1467.328 1456.735 1446.141 1435.547 1426.923 1419.161 1411.398 1403.636 1396.042 1389.245 1382.448 1375.651 1368.854 1363.658 1359.314 1354.97 1350.626 1346.16 1340.871 1335.582 1330.293 1325.004 1319.972 1315.105 1310.237 1305.37 1300.524 1295.904 1291.284 1286.664 1282.044 1277.648 1273.425 1269.202 1264.978 1260.823 1258.162 1255.501 1252.841 1250.18 1247.748 1245.527 1243.306 1241.084 1238.863 1237.272 1235.681 1234.09
1419.354 1431.888 1444.863 1457.839 1470.814 1481.513 1485.762 1490.01 1494.259 1498.508 1497.613 1494.902 1492.192 1489.481 1485.166 1475.073 1464.981 1454.888 1444.796 1436.158 1428.157 1420.156 1412.155 1404.339 1397.401 1390.464 1383.527 1376.59 1371.235 1366.724 1362.213 1357.702 1353.061 1347.555 1342.049 1336.543 1331.037 1325.753 1320.613 1315.472 1310.331 1305.183 1299.946 1294.709 1289.473 1284.236 1279.389 1274.842 1270.294 1265.746 1261.284 1258.692 1256.1 1253.509 1250.917 1248.96 1247.584 1246.209 1244.833 1243.458 1242.789 1242.12 1241.452
1411.833 1424.878 1438.138 1451.399 1464.66 1475.64 1480.158 1484.676 1489.195 1493.713 1493.063 1490.589 1488.116 1485.642 1481.765 1472.836 1463.907 1454.978 1446.05 1438.193 1430.806 1423.419 1416.032 1408.813 1402.393 1395.973 1389.552 1383.132 1377.996 1373.544 1369.092 1364.641 1360.068 1354.691 1349.315 1343.938 1338.561 1333.567 1328.82 1324.073 1319.325 1314.461 1308.368 1302.275 1296.182 1290.089 1284.626 1279.647 1274.669 1269.69 1264.837 1262.741 1260.645 1258.549 1256.453 1255.32 1255.07 1254.82 1254.57 1254.321 1254.605 1254.89 1255.175
1404.313 1417.867 1431.413 1444.959 1458.506 1469.767 1474.555 1479.342 1484.13 1488.917 1488.513 1486.276 1484.04 1481.803 1478.364 1470.599 1462.834 1455.068 1447.303 1440.228 1433.455 1426.682 1419.909 1413.287 1407.384 1401.481 1395.578 1389.675 1384.757 1380.364 1375.972 1371.579 1367.075 1361.828 1356.58 1351.333 1346.085 1341.382 1337.027 1332.673 1328.319 1323.74 1316.79 1309.84 1302.891 1295.942 1289.863 1284.453 1279.044 1273.634 1268.39 1266.79 1265.189 1263.589 1261.988 1261.68 1262.556 1263.432 1264.308 1265.184 1266.422 1267.66 1268.898
1396.792 1410.857 1424.688 1438.52 1452.352 1463.895 1468.951 1474.008 1479.065 1484.122 1483.963 1481.963 1479.964 1477.964 1474.964 1468.362 1461.76 1455.158 1448.556 1442.263 1436.104 1429.945 1423.786 1417.761 1412.375 1406.989 1401.603 1396.217 1391.518 1387.185 1382.851 1378.518 1374.083 1368.964 1363.846 1358.728 1353.61 1349.196 1345.235 1341.274 1337.313 1333.018 1325.212 1317.406 1309.6 1301.794 1295.099 1289.259 1283.418 1277.578 1271.944 1270.839 1269.734 1268.629 1267.523 1268.039 1270.041 1272.043 1274.045 1276.047 1278.238 1280.43 1282.622
1389.271 1403.846 1417.963 1432.08 1446.198 1458.022 1463.348 1468.674 1474.0 1479.326 1479.413 1477.65 1475.888 1474.125 1471.563 1466.125 1460.687 1455.248 1449.81 1444.297 1438.752 1433.208 1427.663 1422.235 1417.366 1412.497 1407.629 1402.76 1398.279 1394.005 1389.731 1385.457 1381.09 1376.101 1371.112 1366.123 1361.134 1357.01 1353.442 1349.875 1346.307 1342.296 1333.634 1324.972 1316.309 1307.647 1300.336 1294.065 1287.793 1281.522 1275.497 1274.887 1274.278 1273.668 1273.059 1274.399 1277.527 1280.654 1283.782 1286.91 1290.055 1293.2 1296.345
1381.866 1396.59 1410.679 1424.768 1438.857 1450.554 1455.472 1460.391 1465.309 1470.228 1470.002 1467.962 1465.921 1463.88 1461.415 1457.424 1453.433 1449.443 1445.452 1440.993 1436.33 1431.666 1427.003 1422.413 1418.173 1413.934 1409.695 1405.455 1401.471 1397.623 1393.775 1389.926 1385.999 1381.546 1377.092 1372.639 1368.185 1364.601 1361.575 1358.549 1355.523 1351.992 1343.157 1334.322 1325.487 1316.651 1308.809 1301.73 1294.652 1287.573 1280.772 1280.084 1279.395 1278.706 1278.018 1279.706 1283.573 1287.44 1291.307 1295.174 1299.246 1303.318 1307.39
1374.534 1389.18 1403.043 1416.905 1430.768 1442.08 1446.163 1450.247 1454.331 1458.414 1457.525 1454.881 1452.237 1449.593 1447.009 1444.645 1442.281 1439.917 1437.553 1434.32 1430.707 1427.094 1423.48 1419.88 1416.341 1412.801 1409.262 1405.723 1402.411 1399.22 1396.029 1392.838 1389.585 1385.924 1382.262 1378.6 1374.938 1372.051 1369.66 1367.27 1364.88 1361.952 1353.375 1344.798 1336.221 1327.645 1319.324 1311.201 1303.077 1294.954 1287.134 1286.004 1284.874 1283.743 1282.613 1284.348 1288.711 1293.073 1297.436 1301.798 1306.781 1311.763 1316.745
1367.202 1381.769 1395.406 1409.042 1422.679 1433.606 1436.854 1440.103 1443.352 1446.601 1445.048 1441.801 1438.553 1435.306 1432.604 1431.866 1431.129 1430.391 1429.654 1427.647 1425.084 1422.521 1419.958 1417.347 1414.508 1411.669 1408.83 1405.991 1403.351 1400.817 1398.283 1395.749 1393.171 1390.301 1387.431 1384.562 1381.692 1379.5 1377.746 1375.991 1374.236 1371.911 1363.593 1355.275 1346.956 1338.638 1329.84 1320.671 1311.503 1302.334 1293.496 1291.924 1290.352 1288.78 1287.208 1288.991 1293.849 1298.707 1303.565 1308.423 1314.316 1320.208 1326.101
