data/zism_data/00046_03_D.txt
ncols         224
nrows         224
[rows 84 to 111 of 224, columns 126 to 188 of 224]
1844.281 1839.507 1834.768 1830.139 1825.511 1820.882 1816.254 1812.359 1808.821 1805.284 1801.747 1798.278 1795.403 1792.529 1789.654 1786.78 1783.695 1780.426 1777.157 1773.888 1770.619 1767.784 1764.966 1762.148 1759.33 1756.151 1752.417 1748.683 1744.949 1741.216 1736.429 1731.418 1726.408 1721.397 1716.663 1712.737 1708.81 1704.884 1700.957 1702.643 1706.896 1711.148 1715.401 1720.451 1731.525 1742.6 1753.675 1764.75 1773.305 1779.777 1786.249 1792.721 1799.193 1800.204 1801.093 1801.981 1802.87 1803.174 1802.632 1802.09 1801.548 1801.007 1799.488
1835.006 1830.265 1825.547 1820.901 1816.254 1811.607 1806.961 1803.005 1799.388 1795.771 1792.153 1788.621 1785.841 1783.062 1780.282 1777.502 1774.539 1771.416 1768.293 1765.17 1762.047 1759.451 1756.875 1754.298 1751.722 1748.7 1744.995 1741.289 1737.584 1733.878 1729.258 1724.443 1719.628 1714.813 1710.416 1707.24 1704.063 1700.887 1697.71 1700.275 1705.466 1710.656 1715.847 1721.785 1733.374 1744.963 1756.552 1768.141 1777.123 1783.949 1790.776 1797.602 1804.429 1806.167 1807.792 1809.416 1811.041 1811.936 1811.775 1811.613 1811.452 1811.291 1810.121
1826.478 1821.523 1816.614 1811.855 1807.096 1802.336 1797.577 1793.411 1789.536 1785.661 1781.786 1778.038 1775.403 1772.768 1770.133 1767.498 1764.706 1761.776 1758.847 1755.917 1752.987 1750.714 1748.465 1746.216 1743.967 1741.114 1737.334 1733.553 1729.772 1725.992 1721.402 1716.641 1711.88 1707.119 1702.988 1700.698 1698.407 1696.116 1693.826 1697.243 1703.271 1709.3 1715.328 1722.098 1734.476 1746.855 1759.233 1771.611 1781.209 1788.508 1795.807 1803.106 1810.405 1812.726 1814.936 1817.146 1819.355 1820.671 1820.692 1820.713 1820.735 1820.756 1819.475
1817.95 1812.78 1807.681 1802.809 1797.937 1793.065 1788.193 1783.818 1779.685 1775.552 1771.419 1767.454 1764.964 1762.474 1759.984 1757.494 1754.873 1752.137 1749.4 1746.664 1743.927 1741.976 1740.055 1738.134 1736.212 1733.528 1729.673 1725.817 1721.961 1718.105 1713.547 1708.839 1704.132 1699.424 1695.56 1694.156 1692.751 1691.346 1689.941 1694.211 1701.077 1707.943 1714.809 1722.411 1735.579 1748.746 1761.914 1775.081 1785.295 1793.066 1800.838 1808.609 1816.38 1819.285 1822.08 1824.875 1827.67 1829.406 1829.609 1829.813 1830.017 1830.221 1828.83
1809.422 1804.037 1798.749 1793.764 1788.779 1783.794 1778.809 1774.223 1769.833 1765.442 1761.052 1756.87 1754.525 1752.18 1749.835 1747.49 1745.04 1742.497 1739.954 1737.41 1734.867 1733.239 1731.645 1730.051 1728.458 1725.942 1722.011 1718.08 1714.149 1710.218 1705.691 1701.037 1696.383 1691.73 1688.132 1687.613 1687.094 1686.576 1686.057 1691.18 1698.883 1706.587 1714.29 1722.724 1736.681 1750.638 1764.595 1778.552 1789.381 1797.625 1805.869 1814.113 1822.356 1825.843 1829.224 1832.604 1835.984 1838.141 1838.527 1838.914 1839.3 1839.687 1838.185
1800.894 1795.295 1789.816 1784.718 1779.621 1774.523 1769.425 1764.63 1759.981 1755.333 1750.685 1746.286 1744.087 1741.887 1739.687 1737.487 1735.207 1732.857 1730.507 1728.157 1725.807 1724.502 1723.235 1721.969 1720.703 1718.357 1714.35 1710.344 1706.338 1702.332 1697.836 1693.235 1688.635 1684.035 1680.704 1681.071 1681.438 1681.805 1682.172 1688.148 1696.689 1705.23 1713.771 1723.037 1737.783 1752.529 1767.276 1782.021 1793.467 1802.183 1810.899 1819.616 1828.332 1832.402 1836.367 1840.333 1844.298 1846.875 1847.445 1848.014 1848.583 1849.152 1847.54
1794.132 1787.981 1782.038 1776.748 1771.459 1766.17 1760.88 1756.051 1751.446 1746.842 1742.237 1737.892 1735.832 1733.772 1731.713 1729.653 1727.604 1725.566 1723.528 1721.49 1719.452 1717.95 1716.468 1714.985 1713.503 1710.924 1706.66 1702.396 1698.132 1693.867 1689.26 1684.58 1679.901 1675.221 1671.981 1672.937 1673.894 1674.85 1675.807 1682.315 1691.363 1700.411 1709.458 1719.283 1734.986 1750.69 1766.393 1782.097 1794.574 1804.386 1814.197 1824.009 1833.821 1838.453 1842.969 1847.485 1852.001 1854.974 1855.716 1856.458 1857.2 1857.941 1856.213
1787.522 1780.791 1774.36 1768.872 1763.384 1757.896 1752.408 1747.56 1743.025 1738.49 1733.956 1729.688 1727.768 1725.847 1723.927 1722.006 1720.195 1718.479 1716.763 1715.048 1713.332 1711.588 1709.842 1708.097 1706.351 1703.505 1698.967 1694.429 1689.891 1685.353 1680.623 1675.852 1671.081 1666.309 1663.146 1664.666 1666.186 1667.707 1669.227 1676.24 1685.765 1695.291 1704.816 1715.177 1731.852 1748.527 1765.202 1781.878 1795.424 1806.385 1817.345 1828.306 1839.266 1844.459 1849.523 1854.587 1859.651 1863.018 1863.932 1864.845 1865.759 1866.672 1864.827
1780.912 1773.602 1766.682 1760.996 1755.309 1749.622 1743.935 1739.069 1734.604 1730.139 1725.674 1721.484 1719.703 1717.922 1716.141 1714.36 1712.786 1711.392 1709.999 1708.605 1707.211 1705.225 1703.217 1701.208 1699.2 1696.086 1691.275 1686.463 1681.651 1676.839 1671.985 1667.123 1662.261 1657.398 1654.31 1656.394 1658.479 1660.563 1662.647 1670.164 1680.168 1690.171 1700.174 1711.07 1728.717 1746.365 1764.012 1781.659 1796.274 1808.384 1820.493 1832.603 1844.712 1850.466 1856.077 1861.689 1867.3 1871.062 1872.147 1873.232 1874.318 1875.403 1873.442
1774.302 1766.412 1759.005 1753.119 1747.234 1741.348 1735.463 1730.578 1726.183 1721.788 1717.393 1713.279 1711.638 1709.997 1708.355 1706.714 1705.377 1704.305 1703.234 1702.162 1701.091 1698.863 1696.591 1694.32 1692.048 1688.667 1683.582 1678.496 1673.41 1668.325 1663.348 1658.394 1653.44 1648.487 1645.475 1648.123 1650.771 1653.419 1656.067 1664.089 1674.57 1685.051 1695.532 1706.964 1725.583 1744.202 1762.821 1781.44 1797.124 1810.382 1823.641 1836.9 1850.158 1856.473 1862.632 1868.791 1874.95 1879.105 1880.362 1881.62 1882.877 1884.134 1882.056
1769.961 1761.937 1754.498 1748.906 1743.313 1737.721 1732.128 1727.439 1723.191 1718.944 1714.696 1710.697 1708.887 1707.077 1705.266 1703.456 1702.025 1700.927 1699.829 1698.73 1697.632 1695.227 1692.772 1690.317 1687.863 1684.237 1678.813 1673.388 1667.963 1662.539 1657.197 1651.872 1646.548 1641.224 1637.999 1640.896 1643.792 1646.689 1649.585 1657.921 1668.746 1679.571 1690.395 1702.21 1721.513 1740.816 1760.119 1779.421 1795.969 1810.24 1824.511 1838.782 1853.053 1859.956 1866.695 1873.433 1880.171 1884.862 1886.591 1888.321 1890.05 1891.78 1890.004
1769.151 1761.685 1754.924 1750.39 1745.855 1741.32 1736.786 1732.624 1728.645 1724.666 1720.686 1716.862 1714.402 1711.942 1709.482 1707.022 1704.984 1703.317 1701.65 1699.983 1698.316 1695.833 1693.319 1690.805 1688.291 1684.456 1678.591 1672.726 1666.862 1660.997 1654.913 1648.784 1642.654 1636.524 1632.638 1635.293 1637.948 1640.603 1643.258 1651.61 1662.569 1673.528 1684.487 1696.448 1715.987 1735.526 1755.065 1774.604 1791.697 1806.768 1821.839 1836.91 1851.981 1859.516 1866.882 1874.249 1881.615 1887.061 1889.73 1892.4 1895.068 1897.738 1896.914
1768.34 1761.432 1755.351 1751.874 1748.397 1744.92 1741.443 1737.809 1734.098 1730.387 1726.677 1723.027 1719.918 1716.808 1713.698 1710.588 1707.944 1705.708 1703.471 1701.235 1698.999 1696.438 1693.865 1691.292 1688.719 1684.675 1678.37 1672.065 1665.76 1659.455 1652.63 1645.695 1638.76 1631.824 1627.278 1629.691 1632.104 1634.518 1636.931 1645.3 1656.393 1667.486 1678.579 1690.686 1710.461 1730.236 1750.012 1769.787 1787.425 1803.296 1819.167 1835.038 1850.909 1859.076 1867.07 1875.065 1883.059 1889.261 1892.87 1896.478 1900.087 1903.695 1903.825
1767.53 1761.18 1755.777 1753.358 1750.939 1748.52 1746.1 1742.994 1739.552 1736.109 1732.667 1729.192 1725.433 1721.673 1717.914 1714.155 1710.904 1708.098 1705.293 1702.487 1699.682 1697.043 1694.411 1691.779 1689.147 1684.894 1678.149 1671.403 1664.658 1657.913 1650.347 1642.606 1634.866 1627.125 1621.917 1624.089 1626.26 1628.432 1630.604 1638.989 1650.216 1661.443 1672.67 1684.923 1704.935 1724.947 1744.958 1764.97 1783.152 1799.823 1816.494 1833.165 1849.836 1858.635 1867.258 1875.88 1884.503 1891.46 1896.008 1900.557 1905.105 1909.653 1910.736
1766.719 1760.928 1756.204 1754.842 1753.481 1752.119 1750.758 1748.179 1745.005 1741.831 1738.657 1735.357 1730.948 1726.539 1722.13 1717.721 1713.863 1710.489 1707.114 1703.74 1700.365 1697.649 1694.958 1692.267 1689.576 1685.113 1677.927 1670.742 1663.556 1656.371 1648.063 1639.517 1630.971 1622.426 1616.556 1618.486 1620.416 1622.346 1624.276 1632.678 1644.039 1655.401 1666.762 1679.161 1699.409 1719.657 1739.905 1760.153 1778.88 1796.351 1813.822 1831.293 1848.764 1858.195 1867.445 1876.696 1885.947 1893.66 1899.147 1904.635 1910.123 1915.611 1917.647
1770.496 1765.578 1761.744 1761.329 1760.915 1760.5 1760.085 1758.551 1756.469 1754.388 1752.307 1750.022 1745.949 1741.877 1737.804 1733.732 1729.459 1725.011 1720.562 1716.114 1711.666 1708.742 1705.876 1703.01 1700.144 1695.357 1687.615 1679.873 1672.132 1664.39 1655.374 1646.088 1636.802 1627.515 1620.638 1620.785 1620.932 1621.079 1621.225 1628.308 1638.563 1648.818 1659.072 1670.453 1690.344 1710.236 1730.127 1750.018 1769.025 1787.301 1805.576 1823.852 1842.127 1852.435 1862.564 1872.693 1882.822 1891.561 1898.289 1905.017 1911.746 1918.474 1922.176
1775.005 1771.01 1768.102 1768.615 1769.129 1769.643 1770.157 1769.751 1768.893 1768.036 1767.179 1766.044 1762.465 1758.887 1755.308 1751.73 1747.073 1741.47 1735.867 1730.264 1724.661 1721.51 1718.45 1715.391 1712.332 1707.201 1698.885 1690.569 1682.252 1673.936 1664.218 1654.201 1644.184 1634.168 1626.229 1624.346 1622.463 1620.58 1618.698 1624.247 1633.198 1642.148 1651.098 1661.273 1680.714 1700.154 1719.595 1739.035 1758.279 1777.359 1796.44 1815.522 1834.602 1845.825 1856.873 1867.92 1878.967 1888.775 1896.792 1904.809 1912.826 1920.843 1926.325
1779.513 1776.442 1774.458 1775.901 1777.344 1778.787 1780.23 1780.95 1781.317 1781.684 1782.051 1782.066 1778.981 1775.896 1772.812 1769.727 1764.686 1757.929 1751.172 1744.414 1737.657 1734.277 1731.024 1727.772 1724.519 1719.045 1710.154 1701.264 1692.373 1683.482 1673.061 1662.314 1651.567 1640.82 1631.819 1627.907 1623.994 1620.082 1616.17 1620.187 1627.833 1635.478 1643.124 1652.094 1671.084 1690.073 1709.063 1728.052 1747.532 1767.418 1787.305 1807.191 1827.078 1839.216 1851.181 1863.147 1875.112 1885.99 1895.296 1904.601 1913.907 1923.212 1930.474
1784.022 1781.875 1780.816 1783.187 1785.559 1787.931 1790.302 1792.15 1793.741 1795.332 1796.924 1798.088 1795.497 1792.906 1790.316 1787.725 1782.299 1774.387 1766.476 1758.564 1750.653 1747.044 1743.598 1740.153 1736.707 1730.889 1721.424 1711.959 1702.493 1693.028 1681.904 1670.427 1658.95 1647.473 1637.409 1631.467 1625.526 1619.583 1613.642 1616.127 1622.468 1628.809 1635.15 1642.915 1661.453 1679.992 1698.53 1717.069 1736.786 1757.478 1778.169 1798.861 1819.553 1832.607 1845.49 1858.374 1871.257 1883.205 1893.799 1904.393 1914.987 1925.581 1934.623
1791.902 1790.742 1790.583 1793.577 1796.572 1799.567 1802.561 1805.184 1807.625 1810.067 1812.508 1814.465 1812.17 1809.875 1807.579 1805.284 1799.517 1790.707 1781.897 1773.087 1764.277 1760.367 1756.642 1752.917 1749.192 1743.117 1733.43 1723.743 1714.056 1704.369 1692.578 1680.341 1668.103 1655.865 1644.729 1636.806 1628.883 1620.96 1613.037 1613.999 1619.026 1624.054 1629.081 1635.612 1653.521 1671.429 1689.338 1707.246 1726.88 1747.94 1769.0 1790.061 1811.122 1824.922 1838.561 1852.2 1865.838 1878.55 1889.921 1901.292 1912.663 1924.034 1934.288
1806.522 1806.479 1807.17 1810.175 1813.181 1816.186 1819.191 1821.886 1824.43 1826.973 1829.516 1831.555 1829.157 1826.76 1824.363 1821.965 1815.945 1806.748 1797.552 1788.355 1779.159 1774.8 1770.624 1766.448 1762.272 1756.114 1746.91 1737.707 1728.503 1719.299 1706.915 1693.856 1680.797 1667.738 1655.509 1645.701 1635.893 1626.085 1616.278 1615.735 1619.431 1623.126 1626.822 1632.062 1648.983 1665.903 1682.824 1699.744 1718.655 1739.21 1759.766 1780.322 1800.878 1815.088 1829.156 1843.224 1857.292 1870.157 1881.281 1892.405 1903.528 1914.652 1924.984
1821.142 1822.216 1823.758 1826.774 1829.79 1832.806 1835.822 1838.589 1841.234 1843.88 1846.525 1848.645 1846.145 1843.646 1841.146 1838.647 1832.373 1822.79 1813.207 1803.623 1794.04 1789.232 1784.605 1779.979 1775.352 1769.111 1760.391 1751.67 1742.95 1734.229 1721.252 1707.372 1693.491 1679.61 1666.288 1654.596 1642.903 1631.211 1619.519 1617.471 1619.835 1622.199 1624.563 1628.512 1644.445 1660.377 1676.31 1692.242 1710.429 1730.48 1750.531 1770.583 1790.634 1805.253 1819.75 1834.248 1848.745 1861.763 1872.64 1883.517 1894.394 1905.271 1915.68
1835.762 1837.953 1840.345 1843.372 1846.398 1849.425 1852.452 1855.291 1858.038 1860.786 1863.533 1865.734 1863.132 1860.531 1857.93 1855.328 1848.8 1838.831 1828.861 1818.891 1808.922 1803.665 1798.587 1793.509 1788.431 1782.108 1773.871 1765.634 1757.396 1749.159 1735.589 1720.887 1706.185 1691.483 1677.068 1663.491 1649.914 1636.337 1622.76 1619.207 1620.24 1621.272 1622.305 1624.962 1639.907 1654.852 1669.796 1684.74 1702.204 1721.75 1741.297 1760.843 1780.39 1795.418 1810.345 1825.272 1840.199 1853.37 1864.0 1874.63 1885.26 1895.89 1906.377
1850.382 1853.69 1856.932 1859.97 1863.007 1866.045 1869.082 1871.993 1874.843 1877.692 1880.541 1882.823 1880.12 1877.416 1874.713 1872.009 1865.228 1854.872 1844.516 1834.159 1823.803 1818.098 1812.569 1807.04 1801.511 1795.105 1787.351 1779.597 1771.843 1764.089 1749.926 1734.402 1718.879 1703.355 1687.847 1672.385 1656.924 1641.462 1626.001 1620.943 1620.644 1620.345 1620.046 1621.412 1635.369 1649.326 1663.282 1677.239 1693.979 1713.021 1732.062 1751.104 1770.146 1785.583 1800.94 1816.296 1831.653 1844.977 1855.36 1865.743 1876.126 1886.509 1897.073
1867.284 1870.792 1873.933 1875.915 1877.896 1879.878 1881.859 1883.477 1884.917 1886.357 1887.797 1888.692 1884.807 1880.922 1877.037 1873.152 1865.903 1855.704 1845.505 1835.306 1825.108 1819.748 1814.571 1809.394 1804.218 1798.358 1791.45 1784.542 1777.634 1770.726 1756.365 1740.422 1724.479 1708.535 1692.47 1676.052 1659.635 1643.217 1626.799 1620.735 1619.407 1618.079 1616.751 1617.146 1630.568 1643.99 1657.412 1670.834 1687.127 1705.794 1724.46 1743.127 1761.793 1777.077 1792.284 1807.492 1822.699 1835.869 1846.091 1856.314 1866.536 1876.759 1886.675
1884.74 1888.227 1891.035 1891.701 1892.367 1893.033 1893.699 1893.691 1893.354 1893.017 1892.679 1891.832 1886.503 1881.173 1875.844 1870.515 1862.745 1852.836 1842.927 1833.019 1823.11 1818.288 1813.659 1809.03 1804.401 1799.242 1793.268 1787.294 1781.32 1775.346 1760.884 1744.618 1728.352 1712.087 1695.595 1678.448 1661.3 1644.152 1627.004 1620.055 1617.771 1615.487 1613.204 1612.705 1625.703 1638.701 1651.699 1664.697 1680.61 1698.933 1717.255 1735.579 1753.901 1768.894 1783.811 1798.729 1813.646 1826.588 1836.671 1846.753 1856.836 1866.919 1876.01
1902.196 1905.662 1908.136 1907.487 1906.838 1906.188 1905.539 1903.906 1901.791 1899.677 1897.562 1894.972 1888.198 1881.425 1874.651 1867.878 1859.588 1849.969 1840.35 1830.731 1821.112 1816.829 1812.747 1808.666 1804.584 1800.125 1795.086 1790.046 1785.006 1779.967 1765.402 1748.814 1732.226 1715.639 1698.721 1680.843 1662.965 1645.087 1627.209 1619.375 1616.135 1612.896 1609.656 1608.264 1620.838 1633.412 1645.985 1658.559 1674.092 1692.071 1710.051 1728.03 1746.009 1760.71 1775.338 1789.966 1804.593 1817.306 1827.249 1837.193 1847.136 1857.079 1865.346
1919.652 1923.096 1925.238 1923.273 1921.308 1919.343 1917.379 1914.12 1910.228 1906.337 1902.445 1898.111 1889.894 1881.676 1873.458 1865.24 1856.43 1847.101 1837.772 1828.443 1819.114 1815.369 1811.835 1808.302 1804.768 1801.009 1796.903 1792.798 1788.692 1784.587 1769.92 1753.01 1736.1 1719.19 1701.846 1683.238 1664.63 1646.021 1627.413 1618.694 1614.499 1610.304 1606.109 1603.823 1615.973 1628.122 1640.272 1652.422 1667.575 1685.21 1702.846 1720.482 1738.117 1752.527 1766.865 1781.203 1795.54 1808.025 1817.828 1827.632 1837.436 1847.239 1854.682
