data/zism_data/00040_02_D.txt
ncols         224
nrows         224
[rows 196 to 223 of 224, columns 63 to 125 of 224]
811.8356 816.1307 820.4258 824.2141 825.5948 826.9756 828.3563 829.7371 831.7285 834.0453 836.3622 838.6791 841.4032 846.8423 852.2813 857.7204 863.1594 870.7156 879.6329 888.5501 897.4677 906.449 916.1028 925.7567 935.4105 945.0643 953.7095 961.5787 969.448 977.3172 985.0928 990.8073 996.5217 1002.236 1007.951 1012.658 1016.442 1020.226 1024.01 1027.794 1022.82 1017.846 1012.873 1007.899 999.1046 986.1426 973.1801 960.2181 947.2561 941.8292 936.7447 931.6602 926.5757 925.6799 930.2294 934.7789 939.3284 943.8779 943.4688 942.5873 941.7059 940.8245 937.2982
816.051 821.5302 827.0095 831.8346 833.5523 835.2701 836.9878 838.7056 840.8289 843.1685 845.5081 847.8477 850.4536 854.8351 859.2166 863.5981 867.9796 874.3349 881.9591 889.5833 897.2078 905.0499 915.181 925.312 935.443 945.574 954.7817 963.2794 971.7769 980.2745 988.6754 994.9473 1001.219 1007.491 1013.763 1019.006 1023.306 1027.606 1031.906 1036.206 1031.307 1026.408 1021.509 1016.61 1007.73 994.5047 981.2793 968.0543 954.8293 948.9383 943.3806 937.8229 932.2651 931.1149 935.6943 940.2737 944.8531 949.4326 949.2005 948.5101 947.8196 947.1293 943.7344
825.0872 831.6869 838.2866 844.0625 845.9257 847.7889 849.652 851.5153 853.3976 855.2901 857.1826 859.0751 861.1104 864.0967 867.0831 870.0695 873.056 878.403 885.2676 892.1323 898.9973 906.1502 916.3297 926.5092 936.6887 946.8682 956.2614 965.0499 973.8383 982.6268 991.3424 998.4547 1005.567 1012.679 1019.792 1025.687 1030.466 1035.245 1040.025 1044.804 1040.007 1035.211 1030.414 1025.618 1016.852 1003.757 990.6603 977.5646 964.4689 958.2487 952.3408 946.433 940.5251 939.1324 943.6096 948.0866 952.5637 957.0408 956.9326 956.3876 955.8426 955.2976 952.0313
834.1234 841.8435 849.5636 856.2904 858.299 860.3076 862.3163 864.325 865.9663 867.4117 868.8572 870.3027 871.7672 873.3584 874.9497 876.541 878.1323 882.4711 888.5762 894.6813 900.7867 907.2504 917.4784 927.7064 937.9343 948.1623 957.741 966.8204 975.8997 984.9791 994.0094 1001.962 1009.915 1017.867 1025.82 1032.367 1037.626 1042.884 1048.143 1053.402 1048.708 1044.013 1039.319 1034.625 1025.975 1013.008 1000.041 987.075 974.1086 967.559 961.301 955.0431 948.7851 947.15 951.5248 955.8995 960.2742 964.649 964.6647 964.2651 963.8655 963.466 960.3283
843.1597 852.0002 860.8406 868.5183 870.6724 872.8264 874.9805 877.1346 878.535 879.5334 880.5318 881.5302 882.424 882.6201 882.8162 883.0124 883.2086 886.5391 891.8848 897.2304 902.5762 908.3507 918.6271 928.9036 939.18 949.4564 959.2206 968.5909 977.9611 987.3314 996.6765 1005.469 1014.262 1023.055 1031.848 1039.047 1044.785 1050.523 1056.261 1062.0 1057.408 1052.816 1048.224 1043.632 1035.097 1022.26 1009.423 996.5854 983.7482 976.8694 970.2613 963.6532 957.0451 955.1676 959.44 963.7124 967.9848 972.2572 972.3968 972.1426 971.8885 971.6344 968.6252
852.1959 862.1568 872.1177 880.7462 883.0457 885.3452 887.6447 889.9443 891.1036 891.655 892.2064 892.7577 893.0807 891.8818 890.6828 889.4838 888.2849 890.6072 895.1933 899.7794 904.3657 909.4509 919.7758 930.1008 940.4257 950.7506 960.7003 970.3614 980.0225 989.6836 999.3435 1008.977 1018.61 1028.243 1037.877 1045.728 1051.945 1058.162 1064.38 1070.597 1066.108 1061.619 1057.129 1052.64 1044.22 1031.512 1018.804 1006.096 993.3878 986.1797 979.2215 972.2633 965.3051 963.1852 967.3553 971.5253 975.6954 979.8654 980.1288 980.0201 979.9115 979.8028 976.9222
859.9808 869.8997 879.8186 888.4194 890.7593 893.0991 895.439 897.7789 898.9266 899.4385 899.9504 900.4623 900.7153 899.2422 897.7692 896.2961 894.823 896.6921 900.7098 904.7275 908.7454 913.2632 923.0316 932.7999 942.5683 952.3366 961.8812 971.2535 980.6259 989.9982 999.4042 1009.55 1019.695 1029.841 1039.986 1048.484 1055.47 1062.457 1069.443 1076.43 1072.33 1068.229 1064.129 1060.028 1051.817 1039.12 1026.423 1013.727 1001.031 994.1917 987.619 981.0464 974.4737 972.5868 976.7914 980.9961 985.2007 989.4054 989.1387 988.4462 987.7537 987.0611 983.9275
866.9006 875.9739 885.0471 892.9438 895.2513 897.5588 899.8664 902.174 903.4685 904.2228 904.9771 905.7313 906.2604 905.2883 904.3162 903.3441 902.3719 904.1714 907.7529 911.3343 914.9158 918.9506 927.744 936.5375 945.3309 954.1244 962.8554 971.5383 980.2212 988.9041 997.663 1008.094 1018.525 1028.956 1039.387 1048.527 1056.483 1064.439 1072.395 1080.351 1076.838 1073.324 1069.811 1066.298 1058.359 1045.593 1032.826 1020.059 1007.293 1001.306 995.6276 989.949 984.2704 982.9451 987.2791 991.613 995.9469 1000.281 999.032 997.2514 995.4708 993.6902 990.0398
873.8204 882.048 890.2756 897.4681 899.7433 902.0186 904.2938 906.5691 908.0104 909.0071 910.0037 911.0004 911.8056 911.3344 910.8632 910.392 909.9208 911.6508 914.7959 917.941 921.0863 924.6379 932.4565 940.275 948.0936 955.9122 963.8297 971.8231 979.8165 987.81 995.9218 1006.638 1017.355 1028.071 1038.788 1048.57 1057.495 1066.421 1075.347 1084.272 1081.346 1078.42 1075.493 1072.567 1064.901 1052.065 1039.228 1026.391 1013.555 1008.421 1003.636 998.8517 994.0672 993.3035 997.7667 1002.23 1006.693 1011.156 1008.925 1006.057 1003.188 1000.319 996.1521
880.7403 888.1222 895.5042 901.9924 904.2354 906.4783 908.7212 910.9642 912.5524 913.7914 915.0304 916.2694 917.3507 917.3804 917.4102 917.4399 917.4697 919.1301 921.839 924.5478 927.2568 930.3252 937.1689 944.0126 950.8563 957.7 964.8039 972.1079 979.4119 986.7159 994.1806 1005.182 1016.184 1027.187 1038.188 1048.613 1058.508 1068.403 1078.298 1088.193 1085.854 1083.515 1081.176 1078.837 1071.444 1058.537 1045.63 1032.724 1019.817 1015.535 1011.645 1007.754 1003.864 1003.662 1008.254 1012.847 1017.439 1022.032 1018.819 1014.862 1010.905 1006.949 1002.264
887.4194 893.982 900.5446 906.3527 908.5773 910.8019 913.0266 915.2513 916.9963 918.4855 919.9748 921.4641 922.8293 923.3673 923.9054 924.4434 924.9815 926.5853 928.8745 931.1635 933.4526 936.0538 941.931 947.8081 953.6852 959.5624 965.8506 972.4549 979.0592 985.6636 992.4699 1003.723 1014.976 1026.229 1037.482 1048.527 1059.38 1070.233 1081.087 1091.94 1090.195 1088.45 1086.705 1084.96 1077.862 1064.927 1051.99 1039.054 1026.118 1022.712 1019.739 1016.766 1013.793 1014.15 1018.836 1023.523 1028.209 1032.895 1028.681 1023.618 1018.555 1013.492 1008.286
886.0982 892.7147 899.3311 905.2615 907.9332 910.6048 913.2765 915.9482 918.1825 920.1834 922.1843 924.1852 926.0938 927.3859 928.678 929.9702 931.2623 933.2399 935.6583 938.0766 940.495 943.1542 948.3419 953.5297 958.7174 963.9052 969.306 974.8707 980.4355 986.0003 991.7737 1002.138 1012.502 1022.867 1033.231 1044.154 1055.589 1067.024 1078.459 1089.894 1088.973 1088.052 1087.131 1086.21 1080.174 1068.558 1056.941 1045.325 1033.708 1031.972 1030.685 1029.398 1028.11 1028.95 1032.553 1036.157 1039.761 1043.365 1037.497 1030.726 1023.956 1017.186 1011.273
884.777 891.4473 898.1176 904.1702 907.2889 910.4077 913.5264 916.6453 919.3687 921.8813 924.3939 926.9064 929.3582 931.4044 933.4506 935.4968 937.543 939.8945 942.442 944.9896 947.5373 950.2546 954.7529 959.2512 963.7495 968.2478 972.7614 977.2866 981.8118 986.337 991.0775 1000.553 1010.029 1019.505 1028.98 1039.782 1051.798 1063.815 1075.832 1087.848 1087.751 1087.655 1087.558 1087.461 1082.486 1072.189 1061.892 1051.595 1041.298 1041.232 1041.631 1042.029 1042.428 1043.75 1046.271 1048.792 1051.313 1053.834 1046.313 1037.835 1029.358 1020.88 1014.261
883.4558 890.18 896.9041 903.079 906.6448 910.2106 913.7763 917.3422 920.5549 923.5791 926.6034 929.6276 932.6227 935.423 938.2233 941.0236 943.8239 946.549 949.2258 951.9027 954.5797 957.3549 961.1638 964.9727 968.7816 972.5905 976.2167 979.7024 983.1881 986.6738 990.3812 998.9681 1007.555 1016.142 1024.729 1035.409 1048.007 1060.606 1073.204 1085.802 1086.53 1087.257 1087.984 1088.711 1084.797 1075.82 1066.843 1057.866 1048.889 1050.492 1052.577 1054.661 1056.746 1058.549 1059.988 1061.427 1062.865 1064.304 1055.13 1044.944 1034.759 1024.574 1017.248
882.1346 888.9127 895.6906 901.9877 906.0005 910.0134 914.0262 918.0392 921.741 925.277 928.8129 932.3488 935.8872 939.4415 942.9959 946.5503 950.1046 953.2036 956.0096 958.8157 961.6219 964.4553 967.5748 970.6943 973.8138 976.9332 979.6721 982.1182 984.5644 987.0105 989.6849 997.3831 1005.081 1012.78 1020.478 1031.036 1044.216 1057.396 1070.577 1083.757 1085.308 1086.859 1088.41 1089.962 1087.109 1079.451 1071.794 1064.136 1056.479 1059.752 1063.523 1067.293 1071.063 1073.349 1073.705 1074.061 1074.417 1074.773 1063.946 1052.053 1040.16 1028.268 1020.236
880.8447 887.3997 893.9548 900.1174 904.4163 908.7151 913.014 917.313 921.4496 925.4998 929.5499 933.6001 937.6859 942.0095 946.333 950.6566 954.9802 958.6533 961.9083 965.1632 968.4183 971.637 974.4746 977.3123 980.15 982.9877 985.0279 986.4545 987.8812 989.3079 990.969 997.7885 1004.608 1011.428 1018.247 1028.466 1041.8 1055.134 1068.468 1081.802 1084.406 1087.011 1089.615 1092.219 1090.726 1084.763 1078.8 1072.838 1066.875 1070.908 1075.395 1079.883 1084.37 1086.429 1085.33 1084.231 1083.132 1082.032 1070.163 1057.267 1044.372 1031.476 1023.31
879.5903 885.6068 891.6231 897.3586 901.7598 906.161 910.5622 914.9636 919.473 924.0403 928.6075 933.1747 937.8128 942.9228 948.0328 953.1428 958.2529 962.7288 966.7972 970.8655 974.934 978.9113 981.9321 984.9529 987.9738 990.9946 992.5511 992.9813 993.4114 993.8416 994.5118 1000.464 1006.416 1012.369 1018.321 1027.95 1040.95 1053.951 1066.951 1079.951 1083.869 1087.788 1091.707 1095.625 1095.833 1091.993 1088.152 1084.312 1080.471 1084.225 1088.325 1092.425 1096.525 1097.547 1094.568 1091.589 1088.609 1085.63 1073.415 1060.32 1047.225 1034.131 1026.482
878.336 883.8137 889.2914 894.5998 899.1033 903.6069 908.1104 912.6141 917.4964 922.5807 927.6651 932.7495 937.9397 943.8362 949.7326 955.6291 961.5255 966.8043 971.6861 976.5678 981.4497 986.1855 989.3895 992.5935 995.7975 999.0015 1000.074 999.508 998.9417 998.3752 998.0546 1003.14 1008.225 1013.31 1018.395 1027.435 1040.101 1052.767 1065.433 1078.1 1083.333 1088.566 1093.799 1099.032 1100.94 1099.222 1097.504 1095.786 1094.067 1097.543 1101.255 1104.967 1108.679 1108.664 1103.805 1098.946 1094.087 1089.228 1076.668 1063.373 1050.079 1036.785 1029.654
877.0817 882.0208 886.9598 891.8409 896.4468 901.0527 905.6586 910.2646 915.5198 921.1212 926.7227 932.3241 938.0666 944.7495 951.4324 958.1153 964.7982 970.8799 976.575 982.2701 987.9654 993.4598 996.8469 1000.234 1003.621 1007.008 1007.598 1006.035 1004.472 1002.909 1001.597 1005.815 1010.033 1014.251 1018.468 1026.92 1039.252 1051.584 1063.916 1076.249 1082.796 1089.343 1095.891 1102.438 1106.047 1106.451 1106.855 1107.26 1107.664 1110.861 1114.185 1117.509 1120.833 1119.782 1113.043 1106.304 1099.565 1092.826 1079.92 1066.426 1052.933 1039.44 1032.825
875.8274 880.2278 884.6282 889.0821 893.7903 898.4985 903.2068 907.9152 913.5432 919.6617 925.7802 931.8987 938.1935 945.6628 953.1322 960.6016 968.0709 974.9554 981.4639 987.9724 994.4811 1000.734 1004.304 1007.875 1011.445 1015.015 1015.121 1012.561 1010.002 1007.443 1005.14 1008.491 1011.841 1015.192 1018.542 1026.405 1038.403 1050.401 1062.399 1074.397 1082.259 1090.121 1097.982 1105.844 1111.154 1113.681 1116.207 1118.733 1121.26 1124.178 1127.115 1130.051 1132.987 1130.899 1122.281 1113.662 1105.043 1096.424 1083.173 1069.479 1055.787 1042.094 1035.997
877.8494 881.5114 885.1732 888.9018 892.947 896.9921 901.0372 905.0825 910.5532 916.7842 923.0151 929.2461 935.7431 944.0135 952.2839 960.5543 968.8246 976.6898 984.2943 991.8989 999.5038 1006.864 1011.656 1016.447 1021.239 1026.031 1026.598 1023.915 1021.231 1018.548 1016.092 1018.624 1021.156 1023.688 1026.22 1033.077 1043.898 1054.718 1065.539 1076.36 1084.736 1093.113 1101.489 1109.865 1116.219 1120.365 1124.512 1128.658 1132.805 1135.012 1137.132 1139.251 1141.371 1138.263 1128.359 1118.455 1108.551 1098.647 1086.415 1073.961 1061.507 1049.054 1044.071
880.215 883.1174 886.0198 888.9918 892.2936 895.5955 898.8973 902.1992 907.4571 913.7581 920.059 926.36 933.0226 942.0955 951.1684 960.2413 969.3143 978.1786 986.909 995.6393 1004.37 1012.873 1018.996 1025.118 1031.24 1037.362 1038.489 1035.774 1033.058 1030.343 1027.82 1029.539 1031.257 1032.976 1034.695 1040.502 1050.057 1059.612 1069.167 1078.723 1087.53 1096.337 1105.144 1113.951 1121.279 1126.993 1132.707 1138.421 1144.135 1145.586 1146.844 1148.102 1149.359 1145.233 1134.106 1122.979 1111.853 1100.726 1089.657 1078.592 1067.528 1056.464 1052.658
882.5805 884.7234 886.8665 889.0817 891.6403 894.1988 896.7573 899.316 904.361 910.7319 917.1029 923.4739 930.302 940.1775 950.053 959.9285 969.804 979.6676 989.5236 999.3796 1009.236 1018.883 1026.336 1033.788 1041.241 1048.693 1050.38 1047.633 1044.885 1042.137 1039.548 1040.453 1041.359 1042.264 1043.17 1047.928 1056.217 1064.506 1072.796 1081.085 1090.323 1099.561 1108.799 1118.037 1126.34 1133.621 1140.902 1148.184 1155.465 1156.16 1156.556 1156.952 1157.348 1152.202 1139.853 1127.504 1115.155 1102.805 1092.898 1083.224 1073.549 1063.875 1061.246
884.946 886.3295 887.7131 889.1717 890.9869 892.8021 894.6174 896.4327 901.2648 907.7058 914.1468 920.5878 927.5815 938.2595 948.9375 959.6155 970.2936 981.1565 992.1382 1003.12 1014.102 1024.893 1033.676 1042.458 1051.241 1060.024 1062.272 1059.492 1056.712 1053.932 1051.276 1051.368 1051.46 1051.552 1051.644 1055.353 1062.377 1069.4 1076.424 1083.448 1093.116 1102.786 1112.454 1122.123 1131.4 1140.249 1149.098 1157.946 1166.795 1166.734 1166.268 1165.802 1165.336 1159.172 1145.6 1132.028 1118.456 1104.884 1096.14 1087.855 1079.57 1071.286 1069.833
887.7481 888.5458 889.3436 890.2068 891.3803 892.5539 893.7275 894.9011 899.4713 905.853 912.2347 918.6163 925.632 936.8742 948.1164 959.3586 970.6008 982.1953 994.0164 1005.837 1017.659 1029.308 1039.151 1048.995 1058.838 1068.682 1071.614 1069.231 1066.847 1064.464 1062.164 1061.703 1061.242 1060.781 1060.321 1063.086 1068.809 1074.532 1080.254 1085.977 1095.441 1104.906 1114.37 1123.834 1133.645 1143.836 1154.027 1164.217 1174.408 1174.131 1173.378 1172.625 1171.872 1165.195 1150.816 1136.437 1122.058 1107.679 1100.263 1093.51 1086.758 1080.005 1079.712
891.3861 891.9307 892.4753 893.0516 893.7781 894.5046 895.2311 895.9576 900.1722 906.2468 912.3215 918.3962 925.1589 936.5089 947.8588 959.2087 970.5586 982.3724 994.4843 1006.596 1018.709 1030.671 1041.058 1051.446 1061.833 1072.22 1076.078 1074.911 1073.745 1072.578 1071.441 1070.926 1070.411 1069.897 1069.382 1071.408 1075.763 1080.117 1084.472 1088.827 1096.869 1104.911 1112.953 1120.995 1130.5 1141.601 1152.703 1163.803 1174.904 1175.445 1175.505 1175.565 1175.625 1169.403 1155.014 1140.624 1126.234 1111.845 1106.075 1101.127 1096.179 1091.23 1092.063
895.0242 895.3156 895.6071 895.8964 896.1758 896.4553 896.7347 897.0142 900.873 906.6407 912.4083 918.176 924.6859 936.1435 947.6012 959.0588 970.5165 982.5494 994.9522 1007.355 1019.758 1032.033 1042.965 1053.896 1064.828 1075.759 1080.541 1080.592 1080.643 1080.693 1080.718 1080.149 1079.58 1079.012 1078.443 1079.73 1082.716 1085.703 1088.69 1091.676 1098.297 1104.917 1111.537 1118.157 1127.356 1139.367 1151.378 1163.39 1175.401 1176.758 1177.632 1178.506 1179.379 1173.612 1159.212 1144.811 1130.411 1116.01 1111.888 1108.744 1105.6 1102.456 1104.414
898.6622 898.7004 898.7388 898.7412 898.5736 898.406 898.2384 898.0707 901.5739 907.0345 912.4952 917.9559 924.2128 935.7782 947.3436 958.9089 970.4743 982.7264 995.4202 1008.114 1020.808 1033.396 1044.871 1056.347 1067.822 1079.298 1085.004 1086.272 1087.54 1088.808 1089.995 1089.372 1088.75 1088.127 1087.505 1088.052 1089.67 1091.289 1092.907 1094.526 1099.724 1104.922 1110.121 1115.319 1124.211 1137.132 1150.054 1162.976 1175.897 1178.072 1179.759 1181.446 1183.133 1177.821 1163.41 1148.998 1134.587 1120.176 1117.7 1116.36 1115.021 1113.681 1116.765
