data/zism_data/00040_04_D.txt
ncols         224
nrows         224
[rows 140 to 167 of 224, columns 0 to 62 of 224]
1182.925 1189.744 1196.562 1202.448 1207.316 1212.183 1217.051 1221.918 1226.422 1230.91 1235.397 1239.885 1245.244 1251.736 1258.228 1264.72 1271.212 1275.956 1280.534 1285.112 1289.69 1292.054 1290.973 1289.893 1288.813 1287.732 1284.086 1280.054 1276.023 1271.992 1267.317 1261.437 1255.557 1249.677 1243.797 1237.021 1230.056 1223.091 1216.127 1208.61 1199.832 1191.054 1182.276 1173.498 1163.803 1153.853 1143.903 1133.953 1124.59 1116.886 1109.182 1101.478 1093.774 1087.423 1081.549 1075.676 1069.802 1063.679 1056.658 1049.638 1042.618 1035.597 1029.73
1179.766 1185.297 1190.829 1195.674 1199.772 1203.869 1207.967 1212.064 1216.571 1221.096 1225.621 1230.146 1236.18 1244.174 1252.169 1260.164 1268.158 1273.855 1279.332 1284.81 1290.287 1293.39 1292.8 1292.21 1291.619 1291.029 1287.292 1283.083 1278.874 1274.665 1269.674 1263.218 1256.761 1250.305 1243.849 1236.461 1228.876 1221.292 1213.708 1205.69 1196.68 1187.671 1178.661 1169.651 1159.8 1149.716 1139.632 1129.547 1120.167 1112.781 1105.395 1098.009 1090.623 1084.346 1078.462 1072.577 1066.693 1060.512 1053.266 1046.019 1038.772 1031.526 1025.654
1176.607 1180.851 1185.095 1188.901 1192.228 1195.555 1198.882 1202.209 1206.719 1211.281 1215.844 1220.407 1227.115 1236.613 1246.11 1255.608 1265.105 1271.754 1278.131 1284.508 1290.884 1294.727 1294.627 1294.526 1294.426 1294.326 1290.499 1286.112 1281.725 1277.338 1272.031 1264.998 1257.965 1250.933 1243.9 1235.9 1227.697 1219.493 1211.289 1202.77 1193.529 1184.287 1175.046 1165.805 1155.798 1145.579 1135.36 1125.141 1115.744 1108.676 1101.608 1094.539 1087.471 1081.27 1075.375 1069.479 1063.584 1057.345 1049.873 1042.4 1034.927 1027.454 1021.577
1178.828 1182.295 1185.761 1188.813 1191.413 1194.013 1196.613 1199.213 1203.369 1207.597 1211.825 1216.053 1222.644 1232.307 1241.97 1251.633 1261.296 1268.346 1275.147 1281.948 1288.748 1293.02 1293.359 1293.697 1294.036 1294.375 1290.334 1285.637 1280.939 1276.242 1270.614 1263.24 1255.867 1248.494 1241.12 1232.9 1224.501 1216.102 1207.703 1199.035 1189.751 1180.467 1171.182 1161.898 1151.998 1141.927 1131.856 1121.786 1112.669 1106.257 1099.845 1093.433 1087.021 1081.401 1076.061 1070.721 1065.38 1059.68 1052.684 1045.687 1038.691 1031.695 1026.146
1182.431 1185.251 1188.071 1190.443 1192.327 1194.21 1196.094 1197.977 1201.691 1205.488 1209.284 1213.081 1219.351 1228.837 1238.322 1247.808 1257.293 1264.603 1271.705 1278.808 1285.91 1290.532 1291.296 1292.06 1292.824 1293.589 1289.304 1284.262 1279.219 1274.177 1268.227 1260.573 1252.92 1245.267 1237.613 1229.273 1220.788 1212.303 1203.818 1195.091 1185.813 1176.534 1167.255 1157.976 1148.25 1138.4 1128.55 1118.7 1109.94 1104.272 1098.603 1092.935 1087.266 1082.357 1077.717 1073.077 1068.437 1063.427 1057.088 1050.749 1044.41 1038.071 1032.935
1186.033 1188.207 1190.381 1192.073 1193.24 1194.408 1195.575 1196.742 1200.012 1203.378 1206.744 1210.11 1216.059 1225.367 1234.675 1243.982 1253.29 1260.86 1268.264 1275.668 1283.072 1288.044 1289.234 1290.423 1291.613 1292.802 1288.273 1282.886 1277.5 1272.113 1265.84 1257.906 1249.973 1242.04 1234.106 1225.646 1217.075 1208.504 1199.932 1191.147 1181.874 1172.6 1163.327 1154.053 1144.501 1134.872 1125.243 1115.614 1107.212 1102.286 1097.361 1092.436 1087.51 1083.313 1079.373 1075.433 1071.493 1067.175 1061.493 1055.81 1050.128 1044.446 1039.724
1189.636 1191.163 1192.691 1193.703 1194.154 1194.605 1195.056 1195.506 1198.333 1201.269 1204.203 1207.139 1212.767 1221.897 1231.027 1240.157 1249.287 1257.117 1264.822 1272.528 1280.234 1285.556 1287.171 1288.786 1290.401 1292.016 1287.243 1281.511 1275.78 1270.048 1263.453 1255.24 1247.026 1238.813 1230.599 1222.019 1213.362 1204.704 1196.047 1187.204 1177.935 1168.667 1159.399 1150.131 1140.753 1131.344 1121.936 1112.528 1104.483 1100.301 1096.119 1091.937 1087.755 1084.269 1081.029 1077.79 1074.55 1070.922 1065.897 1060.872 1055.847 1050.822 1046.514
1192.88 1193.924 1194.967 1195.45 1195.32 1195.19 1195.061 1194.931 1197.266 1199.714 1202.161 1204.609 1209.782 1218.499 1227.216 1235.933 1244.65 1252.62 1260.52 1268.418 1276.318 1281.896 1283.865 1285.834 1287.803 1289.772 1284.851 1278.897 1272.942 1266.988 1260.239 1251.998 1243.757 1235.516 1227.276 1218.793 1210.26 1201.726 1193.193 1184.479 1175.352 1166.225 1157.098 1147.971 1138.788 1129.589 1120.39 1111.191 1103.481 1099.99 1096.498 1093.006 1089.515 1086.716 1084.161 1081.607 1079.052 1076.114 1071.793 1067.473 1063.153 1058.833 1055.072
1194.95 1196.042 1197.134 1197.578 1197.313 1197.049 1196.784 1196.52 1198.206 1199.98 1201.754 1203.528 1207.806 1215.337 1222.869 1230.401 1237.933 1245.653 1253.391 1261.128 1268.865 1274.392 1276.479 1278.567 1280.654 1282.741 1277.991 1272.214 1266.438 1260.661 1254.307 1246.869 1239.43 1231.992 1224.554 1216.883 1209.163 1201.443 1193.723 1185.753 1177.214 1168.674 1160.134 1151.594 1142.674 1133.647 1124.62 1115.594 1108.146 1105.172 1102.198 1099.223 1096.249 1094.054 1092.135 1090.216 1088.297 1086.044 1082.585 1079.127 1075.669 1072.211 1069.435
1197.02 1198.161 1199.301 1199.705 1199.306 1198.907 1198.508 1198.109 1199.145 1200.245 1201.346 1202.447 1205.829 1212.176 1218.523 1224.87 1231.216 1238.685 1246.261 1253.837 1261.413 1266.888 1269.094 1271.299 1273.505 1275.711 1271.131 1265.532 1259.933 1254.334 1248.375 1241.739 1235.104 1228.468 1221.833 1214.973 1208.066 1201.16 1194.253 1187.028 1179.076 1171.123 1163.17 1155.218 1146.559 1137.705 1128.851 1119.997 1112.812 1110.354 1107.897 1105.44 1102.982 1101.393 1100.109 1098.826 1097.542 1095.974 1093.377 1090.781 1088.184 1085.588 1083.798
1199.09 1200.279 1201.468 1201.833 1201.299 1200.766 1200.232 1199.698 1200.084 1200.511 1200.939 1201.366 1203.852 1209.014 1214.176 1219.338 1224.5 1231.718 1239.132 1246.547 1253.961 1259.383 1261.708 1264.032 1266.357 1268.681 1264.271 1258.85 1253.429 1248.008 1242.443 1236.61 1230.777 1224.944 1219.111 1213.063 1206.97 1200.877 1194.783 1188.303 1180.937 1173.572 1166.207 1158.841 1150.445 1141.763 1133.082 1124.4 1117.477 1115.537 1113.596 1111.656 1109.716 1108.731 1108.083 1107.436 1106.788 1105.904 1104.169 1102.435 1100.7 1098.965 1098.161
1201.16 1202.397 1203.635 1203.961 1203.292 1202.624 1201.956 1201.287 1201.023 1200.777 1200.531 1200.286 1201.876 1205.852 1209.829 1213.806 1217.783 1224.751 1232.003 1239.256 1246.509 1251.879 1254.322 1256.765 1259.208 1261.651 1257.41 1252.167 1246.924 1241.681 1236.512 1231.481 1226.451 1221.42 1216.39 1211.153 1205.873 1200.593 1195.313 1189.578 1182.799 1176.021 1169.243 1162.464 1154.331 1145.822 1137.312 1128.803 1122.142 1120.719 1119.296 1117.873 1116.45 1116.07 1116.057 1116.045 1116.033 1115.834 1114.961 1114.088 1113.216 1112.343 1112.523
1202.724 1204.444 1206.164 1206.9 1206.564 1206.227 1205.891 1205.555 1204.682 1203.784 1202.887 1201.989 1202.831 1205.934 1209.037 1212.14 1215.243 1221.307 1227.653 1233.999 1240.344 1245.027 1247.122 1249.217 1251.312 1253.406 1249.514 1244.723 1239.933 1235.142 1230.623 1226.612 1222.601 1218.59 1214.579 1210.207 1205.758 1201.31 1196.861 1191.952 1185.989 1180.025 1174.062 1168.099 1160.507 1152.463 1144.419 1136.375 1130.153 1129.095 1128.037 1126.979 1125.921 1125.938 1126.333 1126.729 1127.124 1127.339 1126.901 1126.463 1126.026 1125.588 1126.649
1204.041 1206.455 1208.87 1210.237 1210.461 1210.684 1210.908 1211.132 1209.67 1208.132 1206.594 1205.055 1205.221 1207.602 1209.983 1212.364 1214.745 1219.586 1224.661 1229.736 1234.81 1238.494 1240.012 1241.531 1243.049 1244.568 1241.11 1236.907 1232.704 1228.5 1224.755 1221.87 1218.985 1216.1 1213.214 1209.732 1206.124 1202.516 1198.907 1194.864 1189.827 1184.79 1179.754 1174.717 1167.802 1160.367 1152.932 1145.496 1139.8 1139.033 1138.266 1137.499 1136.732 1137.043 1137.735 1138.427 1139.119 1139.614 1139.403 1139.191 1138.979 1138.768 1140.659
1205.357 1208.467 1211.576 1213.574 1214.358 1215.141 1215.925 1216.709 1214.659 1212.479 1210.3 1208.121 1207.61 1209.27 1210.929 1212.589 1214.248 1217.865 1221.669 1225.473 1229.276 1231.96 1232.902 1233.844 1234.787 1235.729 1232.707 1229.091 1225.474 1221.858 1218.888 1217.128 1215.369 1213.609 1211.85 1209.257 1206.489 1203.721 1200.953 1197.776 1193.666 1189.556 1185.445 1181.335 1175.098 1168.271 1161.445 1154.618 1149.448 1148.972 1148.495 1148.019 1147.543 1148.149 1149.137 1150.125 1151.113 1151.89 1151.904 1151.919 1151.933 1151.948 1154.668
1206.674 1210.478 1214.283 1216.91 1218.254 1219.599 1220.943 1222.287 1219.647 1216.827 1214.007 1211.187 1210.0 1210.938 1211.875 1212.813 1213.751 1216.145 1218.677 1221.21 1223.742 1225.427 1225.793 1226.159 1226.524 1226.89 1224.304 1221.275 1218.245 1215.216 1213.02 1212.386 1211.752 1211.119 1210.485 1208.782 1206.854 1204.927 1202.999 1200.689 1197.505 1194.321 1191.137 1187.953 1182.394 1176.176 1169.958 1163.739 1159.095 1158.91 1158.724 1158.539 1158.354 1159.254 1160.539 1161.823 1163.107 1164.165 1164.406 1164.646 1164.887 1165.128 1168.678
1208.684 1213.122 1217.559 1220.794 1222.714 1224.635 1226.556 1228.477 1225.375 1222.045 1218.716 1215.386 1213.601 1213.824 1214.047 1214.27 1214.493 1215.583 1216.757 1217.931 1219.104 1219.693 1219.372 1219.051 1218.731 1218.41 1216.223 1213.756 1211.289 1208.822 1207.354 1207.757 1208.16 1208.564 1208.967 1208.085 1206.932 1205.779 1204.626 1203.117 1200.794 1198.471 1196.148 1193.825 1188.977 1183.427 1177.878 1172.328 1168.264 1168.404 1168.545 1168.686 1168.827 1170.032 1171.612 1173.192 1174.771 1176.12 1176.638 1177.156 1177.674 1178.192 1182.53
1216.333 1220.905 1225.478 1229.122 1231.754 1234.385 1237.017 1239.649 1237.114 1234.345 1231.575 1228.805 1227.051 1226.617 1226.183 1225.749 1225.315 1224.455 1223.555 1222.655 1221.755 1220.462 1218.557 1216.653 1214.749 1212.844 1210.765 1208.659 1206.552 1204.447 1203.324 1204.045 1204.766 1205.487 1206.209 1205.582 1204.671 1203.761 1202.85 1201.61 1199.615 1197.621 1195.626 1193.632 1189.761 1185.37 1180.979 1176.587 1173.538 1174.293 1175.048 1175.803 1176.558 1178.138 1180.008 1181.879 1183.75 1185.477 1186.684 1187.891 1189.098 1190.305 1195.105
1223.981 1228.689 1233.396 1237.45 1240.793 1244.136 1247.479 1250.821 1248.853 1246.644 1244.434 1242.225 1240.502 1239.411 1238.319 1237.228 1236.136 1233.327 1230.353 1227.379 1224.405 1221.23 1217.742 1214.255 1210.767 1207.279 1205.306 1203.561 1201.816 1200.071 1199.294 1200.333 1201.372 1202.411 1203.45 1203.079 1202.41 1201.742 1201.074 1200.102 1198.436 1196.77 1195.104 1193.439 1190.546 1187.313 1184.079 1180.846 1178.813 1180.182 1181.551 1182.92 1184.289 1186.244 1188.405 1190.567 1192.729 1194.833 1196.729 1198.626 1200.522 1202.419 1207.68
1231.63 1236.472 1241.314 1245.779 1249.833 1253.886 1257.94 1261.994 1260.592 1258.943 1257.294 1255.645 1253.952 1252.204 1250.455 1248.707 1246.958 1242.198 1237.151 1232.103 1227.056 1221.999 1216.927 1211.856 1206.785 1201.713 1199.848 1198.464 1197.079 1195.695 1195.264 1196.621 1197.978 1199.334 1200.691 1200.575 1200.15 1199.724 1199.298 1198.595 1197.257 1195.92 1194.583 1193.245 1191.33 1189.255 1187.18 1185.104 1184.088 1186.071 1188.054 1190.037 1192.02 1194.35 1196.802 1199.255 1201.707 1204.189 1206.775 1209.361 1211.947 1214.533 1220.254
1239.279 1244.255 1249.232 1254.107 1258.872 1263.637 1268.401 1273.166 1272.331 1271.242 1270.153 1269.064 1267.403 1264.997 1262.592 1260.186 1257.781 1251.07 1243.948 1236.827 1229.706 1222.768 1216.113 1209.458 1202.802 1196.147 1194.39 1193.366 1192.343 1191.319 1191.234 1192.909 1194.583 1196.258 1197.933 1198.072 1197.889 1197.705 1197.522 1197.087 1196.079 1195.07 1194.061 1193.052 1192.115 1191.198 1190.28 1189.363 1189.363 1191.959 1194.557 1197.154 1199.751 1202.456 1205.199 1207.942 1210.686 1213.545 1216.82 1220.096 1223.371 1226.646 1232.829
1247.79 1252.433 1257.075 1261.786 1266.572 1271.357 1276.143 1280.929 1280.453 1279.739 1279.024 1278.309 1276.685 1273.879 1271.073 1268.267 1265.461 1257.481 1249.008 1240.536 1232.064 1223.875 1216.125 1208.376 1200.627 1192.878 1190.829 1189.636 1188.443 1187.25 1187.013 1188.569 1190.125 1191.68 1193.236 1193.653 1193.83 1194.007 1194.184 1194.134 1193.566 1192.998 1192.43 1191.861 1191.836 1191.962 1192.088 1192.213 1193.135 1196.314 1199.493 1202.672 1205.85 1209.064 1212.29 1215.516 1218.741 1222.12 1226.046 1229.973 1233.899 1237.826 1243.975
1257.015 1260.936 1264.856 1268.928 1273.164 1277.4 1281.636 1285.873 1285.585 1285.091 1284.597 1284.103 1282.522 1279.527 1276.533 1273.538 1270.543 1261.859 1252.632 1243.406 1234.179 1225.261 1216.822 1208.384 1199.945 1191.506 1188.839 1187.037 1185.235 1183.433 1182.632 1183.709 1184.785 1185.862 1186.938 1187.65 1188.285 1188.919 1189.554 1189.985 1189.95 1189.915 1189.881 1189.846 1190.678 1191.752 1192.826 1193.9 1195.667 1199.401 1203.134 1206.868 1210.601 1214.433 1218.3 1222.167 1226.034 1230.048 1234.594 1239.14 1243.686 1248.232 1253.941
1266.24 1269.438 1272.637 1276.069 1279.756 1283.443 1287.13 1290.817 1290.716 1290.443 1290.17 1289.897 1288.359 1285.176 1281.992 1278.809 1275.626 1266.236 1256.256 1246.275 1236.295 1226.648 1217.519 1208.391 1199.263 1190.135 1186.848 1184.437 1182.027 1179.616 1178.252 1178.849 1179.446 1180.043 1180.64 1181.647 1182.739 1183.832 1184.925 1185.836 1186.335 1186.833 1187.332 1187.83 1189.521 1191.542 1193.564 1195.586 1198.199 1202.487 1206.776 1211.064 1215.352 1219.803 1224.311 1228.818 1233.326 1237.977 1243.143 1248.308 1253.474 1258.639 1263.906
1275.464 1277.941 1280.418 1283.211 1286.348 1289.486 1292.623 1295.761 1295.847 1295.795 1295.743 1295.691 1294.196 1290.824 1287.452 1284.08 1280.708 1270.614 1259.879 1249.145 1238.41 1228.034 1218.216 1208.399 1198.581 1188.763 1184.857 1181.838 1178.819 1175.799 1173.871 1173.989 1174.107 1174.224 1174.342 1175.643 1177.194 1178.744 1180.295 1181.688 1182.719 1183.751 1184.783 1185.814 1188.363 1191.333 1194.302 1197.272 1200.73 1205.574 1210.417 1215.26 1220.103 1225.172 1230.321 1235.47 1240.619 1245.906 1251.691 1257.476 1263.261 1269.046 1273.872
1284.689 1286.444 1288.199 1290.352 1292.94 1295.529 1298.117 1300.705 1300.979 1301.147 1301.316 1301.485 1300.032 1296.472 1292.912 1289.351 1285.791 1274.992 1263.503 1252.014 1240.525 1229.421 1218.913 1208.406 1197.899 1187.392 1182.866 1179.238 1175.61 1171.982 1169.491 1169.129 1168.767 1168.406 1168.044 1169.64 1171.649 1173.657 1175.665 1177.539 1179.104 1180.669 1182.234 1183.799 1187.205 1191.123 1195.041 1198.958 1203.262 1208.66 1214.058 1219.456 1224.854 1230.542 1236.332 1242.121 1247.911 1253.835 1260.239 1266.644 1273.048 1279.452 1283.838
1290.627 1291.422 1292.216 1293.606 1295.644 1297.683 1299.722 1301.76 1301.917 1301.988 1302.059 1302.13 1300.721 1297.386 1294.051 1290.716 1287.381 1276.374 1264.635 1252.896 1241.157 1229.708 1218.708 1207.707 1196.707 1185.707 1180.422 1175.994 1171.566 1167.139 1163.957 1163.11 1162.264 1161.418 1160.571 1162.426 1164.85 1167.274 1169.698 1172.045 1174.217 1176.39 1178.562 1180.735 1184.766 1189.313 1193.86 1198.408 1203.244 1208.9 1214.555 1220.211 1225.866 1231.726 1237.658 1243.59 1249.522 1255.611 1262.263 1268.915 1275.567 1282.219 1286.18
1296.517 1296.347 1296.177 1296.801 1298.291 1299.78 1301.269 1302.758 1302.793 1302.762 1302.731 1302.7 1301.333 1298.23 1295.126 1292.023 1288.92 1277.711 1265.73 1253.749 1241.768 1229.979 1218.488 1206.998 1195.508 1184.017 1177.97 1172.74 1167.51 1162.28 1158.405 1157.074 1155.743 1154.412 1153.081 1155.195 1158.033 1160.871 1163.71 1166.531 1169.312 1172.093 1174.874 1177.656 1182.308 1187.48 1192.652 1197.824 1203.188 1209.097 1215.006 1220.914 1226.823 1232.849 1238.915 1244.982 1251.048 1257.295 1264.19 1271.084 1277.979 1284.873 1288.409
