data/zism_data/00049_04_D.txt
ncols         224
nrows         224
[rows 0 to 29 of 224, columns 0 to 67 of 224]
1338.276 1338.34 1338.405 1338.478 1338.56 1338.642 1338.725 1338.807 1338.851 1338.893 1338.934 1338.975 1339.004 1339.015 1339.026 1339.036 1339.047 1339.193 1339.361 1339.53 1339.698 1339.857 1339.995 1340.133 1340.271 1340.409 1340.529 1340.644 1340.759 1340.873 1340.97 1341.011 1341.052 1341.093 1341.135 1341.231 1341.351 1341.47 1341.59 1341.696 1341.737 1341.778 1341.819 1341.86 1341.893 1341.92 1341.948 1341.975 1342.002 1342.024 1342.045 1342.067 1342.088 1342.216 1342.426 1342.635 1342.845 1343.054 1343.222 1343.391 1343.559 1343.728 1343.871 1343.987 1344.104 1344.22 1344.337 1344.491
1338.414 1338.51 1338.607 1338.682 1338.733 1338.783 1338.833 1338.883 1338.91 1338.935 1338.96 1338.985 1339.006 1339.022 1339.039 1339.055 1339.071 1339.227 1339.406 1339.585 1339.764 1339.941 1340.111 1340.281 1340.452 1340.622 1340.736 1340.835 1340.933 1341.032 1341.112 1341.137 1341.162 1341.188 1341.213 1341.312 1341.443 1341.573 1341.703 1341.815 1341.84 1341.865 1341.89 1341.915 1341.935 1341.952 1341.968 1341.985 1342.003 1342.036 1342.068 1342.1 1342.132 1342.262 1342.466 1342.671 1342.875 1343.078 1343.258 1343.437 1343.616 1343.795 1343.954 1344.093 1344.231 1344.369 1344.507 1344.631
1338.551 1338.681 1338.81 1338.887 1338.905 1338.923 1338.941 1338.958 1338.968 1338.977 1338.986 1338.995 1339.008 1339.03 1339.052 1339.073 1339.094 1339.26 1339.45 1339.64 1339.83 1340.024 1340.227 1340.43 1340.632 1340.835 1340.943 1341.026 1341.108 1341.191 1341.255 1341.264 1341.273 1341.282 1341.29 1341.393 1341.534 1341.675 1341.816 1341.934 1341.943 1341.952 1341.961 1341.97 1341.977 1341.983 1341.989 1341.995 1342.004 1342.047 1342.091 1342.134 1342.177 1342.308 1342.507 1342.706 1342.905 1343.103 1343.293 1343.483 1343.673 1343.863 1344.038 1344.198 1344.357 1344.517 1344.677 1344.771
1338.664 1338.797 1338.929 1339.0 1339.0 1339.0 1339.0 1339.0 1339.0 1339.0 1339.0 1339.0 1339.017 1339.061 1339.105 1339.149 1339.193 1339.35 1339.526 1339.703 1339.88 1340.075 1340.31 1340.545 1340.78 1341.015 1341.123 1341.197 1341.27 1341.344 1341.399 1341.399 1341.399 1341.399 1341.399 1341.493 1341.626 1341.758 1341.891 1342.0 1342.0 1342.0 1342.0 1342.0 1342.0 1342.0 1342.0 1342.0 1342.006 1342.065 1342.123 1342.182 1342.241 1342.382 1342.588 1342.794 1342.999 1343.205 1343.403 1343.601 1343.8 1343.998 1344.182 1344.351 1344.52 1344.689 1344.858 1344.936
1338.746 1338.846 1338.946 1339.0 1339.0 1339.0 1339.0 1339.0 1339.0 1339.0 1339.0 1339.0 1339.034 1339.121 1339.208 1339.295 1339.382 1339.508 1339.642 1339.776 1339.909 1340.085 1340.352 1340.62 1340.887 1341.154 1341.27 1341.343 1341.417 1341.49 1341.546 1341.546 1341.546 1341.546 1341.546 1341.617 1341.717 1341.817 1341.917 1342.0 1342.0 1342.0 1342.0 1342.0 1342.0 1342.0 1342.0 1342.0 1342.008 1342.088 1342.169 1342.249 1342.329 1342.492 1342.719 1342.947 1343.174 1343.4 1343.604 1343.808 1344.011 1344.215 1344.399 1344.563 1344.726 1344.89 1345.054 1345.131
1338.828 1338.896 1338.964 1339.0 1339.0 1339.0 1339.0 1339.0 1339.0 1339.0 1339.0 1339.0 1339.051 1339.181 1339.311 1339.441 1339.571 1339.667 1339.757 1339.848 1339.938 1340.095 1340.395 1340.695 1340.994 1341.294 1341.416 1341.49 1341.563 1341.637 1341.692 1341.692 1341.692 1341.692 1341.692 1341.74 1341.808 1341.876 1341.944 1342.0 1342.0 1342.0 1342.0 1342.0 1342.0 1342.0 1342.0 1342.0 1342.01 1342.112 1342.214 1342.315 1342.417 1342.602 1342.851 1343.099 1343.348 1343.596 1343.805 1344.014 1344.223 1344.432 1344.616 1344.774 1344.933 1345.091 1345.249 1345.326
1338.91 1338.945 1338.981 1339.0 1339.0 1339.0 1339.0 1339.0 1339.0 1339.0 1339.0 1339.0 1339.068 1339.241 1339.414 1339.587 1339.76 1339.825 1339.873 1339.92 1339.968 1340.106 1340.438 1340.77 1341.101 1341.433 1341.563 1341.636 1341.71 1341.783 1341.839 1341.839 1341.839 1341.839 1341.839 1341.864 1341.9 1341.935 1341.971 1342.0 1342.0 1342.0 1342.0 1342.0 1342.0 1342.0 1342.0 1342.0 1342.012 1342.136 1342.259 1342.382 1342.505 1342.712 1342.982 1343.252 1343.522 1343.791 1344.006 1344.22 1344.435 1344.649 1344.833 1344.986 1345.139 1345.292 1345.445 1345.522
1338.992 1338.995 1338.998 1339.0 1339.0 1339.0 1339.0 1339.0 1339.0 1339.0 1339.0 1339.0 1339.085 1339.301 1339.517 1339.733 1339.949 1339.984 1339.988 1339.993 1339.997 1340.116 1340.48 1340.844 1341.208 1341.573 1341.709 1341.783 1341.856 1341.93 1341.985 1341.985 1341.985 1341.985 1341.985 1341.987 1341.991 1341.994 1341.997 1342.0 1342.0 1342.0 1342.0 1342.0 1342.0 1342.0 1342.0 1342.0 1342.015 1342.159 1342.304 1342.449 1342.594 1342.822 1343.113 1343.405 1343.697 1343.987 1344.206 1344.426 1344.646 1344.866 1345.05 1345.198 1345.345 1345.493 1345.64 1345.717
1339.132 1339.132 1339.132 1339.132 1339.132 1339.132 1339.132 1339.132 1339.145 1339.16 1339.174 1339.189 1339.271 1339.457 1339.644 1339.83 1340.017 1340.073 1340.107 1340.141 1340.174 1340.304 1340.637 1340.971 1341.304 1341.638 1341.76 1341.824 1341.888 1341.952 1342.0 1342.0 1342.0 1342.0 1342.0 1342.0 1342.0 1342.0 1342.0 1342.0 1342.0 1342.0 1342.0 1342.0 1342.0 1342.0 1342.0 1342.0 1342.018 1342.194 1342.37 1342.546 1342.722 1342.973 1343.281 1343.589 1343.898 1344.205 1344.454 1344.704 1344.953 1345.203 1345.387 1345.505 1345.623 1345.741 1345.859 1345.921
1339.278 1339.278 1339.278 1339.278 1339.278 1339.278 1339.278 1339.278 1339.307 1339.337 1339.368 1339.399 1339.475 1339.624 1339.773 1339.922 1340.071 1340.154 1340.225 1340.297 1340.369 1340.512 1340.807 1341.103 1341.399 1341.695 1341.801 1341.854 1341.907 1341.96 1342.0 1342.0 1342.0 1342.0 1342.0 1342.0 1342.0 1342.0 1342.0 1342.0 1342.0 1342.0 1342.0 1342.0 1342.0 1342.0 1342.0 1342.0 1342.021 1342.229 1342.438 1342.646 1342.854 1343.128 1343.453 1343.777 1344.102 1344.425 1344.707 1344.989 1345.271 1345.552 1345.738 1345.823 1345.909 1345.995 1346.08 1346.125
1339.425 1339.425 1339.425 1339.425 1339.425 1339.425 1339.425 1339.425 1339.468 1339.515 1339.562 1339.608 1339.68 1339.792 1339.903 1340.014 1340.125 1340.235 1340.344 1340.453 1340.563 1340.719 1340.977 1341.236 1341.494 1341.752 1341.841 1341.884 1341.926 1341.968 1342.0 1342.0 1342.0 1342.0 1342.0 1342.0 1342.0 1342.0 1342.0 1342.0 1342.0 1342.0 1342.0 1342.0 1342.0 1342.0 1342.0 1342.0 1342.024 1342.265 1342.505 1342.746 1342.987 1343.284 1343.625 1343.965 1344.306 1344.646 1344.96 1345.274 1345.588 1345.902 1346.088 1346.141 1346.195 1346.248 1346.301 1346.329
1339.571 1339.571 1339.571 1339.571 1339.571 1339.571 1339.571 1339.571 1339.63 1339.693 1339.755 1339.818 1339.885 1339.959 1340.033 1340.106 1340.18 1340.316 1340.463 1340.61 1340.757 1340.927 1341.148 1341.368 1341.589 1341.809 1341.882 1341.913 1341.945 1341.976 1342.0 1342.0 1342.0 1342.0 1342.0 1342.0 1342.0 1342.0 1342.0 1342.0 1342.0 1342.0 1342.0 1342.0 1342.0 1342.0 1342.0 1342.0 1342.028 1342.301 1342.573 1342.846 1343.119 1343.439 1343.796 1344.153 1344.51 1344.867 1345.213 1345.559 1345.906 1346.252 1346.438 1346.459 1346.48 1346.501 1346.522 1346.533
1339.692 1339.692 1339.692 1339.692 1339.692 1339.692 1339.692 1339.692 1339.755 1339.823 1339.891 1339.959 1340.024 1340.086 1340.149 1340.211 1340.273 1340.432 1340.607 1340.782 1340.957 1341.134 1341.315 1341.496 1341.677 1341.858 1341.915 1341.938 1341.96 1341.983 1342.0 1342.0 1342.0 1342.0 1342.0 1342.0 1342.0 1342.0 1342.0 1342.001 1342.007 1342.012 1342.018 1342.023 1342.026 1342.026 1342.026 1342.026 1342.057 1342.368 1342.678 1342.989 1343.3 1343.652 1344.037 1344.421 1344.805 1345.188 1345.527 1345.867 1346.206 1346.545 1346.721 1346.729 1346.736 1346.744 1346.751 1346.744
1339.765 1339.765 1339.765 1339.765 1339.765 1339.765 1339.765 1339.765 1339.813 1339.865 1339.917 1339.969 1340.039 1340.139 1340.239 1340.338 1340.438 1340.612 1340.798 1340.984 1341.17 1341.34 1341.478 1341.616 1341.754 1341.892 1341.935 1341.953 1341.97 1341.987 1342.0 1342.0 1342.0 1342.0 1342.0 1342.0 1342.0 1342.0 1342.0 1342.004 1342.026 1342.047 1342.069 1342.091 1342.099 1342.099 1342.099 1342.099 1342.135 1342.494 1342.854 1343.213 1343.572 1343.973 1344.406 1344.838 1345.271 1345.699 1345.957 1346.216 1346.474 1346.733 1346.878 1346.907 1346.936 1346.965 1346.995 1346.968
1339.839 1339.839 1339.839 1339.839 1339.839 1339.839 1339.839 1339.839 1339.872 1339.907 1339.943 1339.978 1340.054 1340.191 1340.329 1340.466 1340.604 1340.792 1340.989 1341.185 1341.382 1341.546 1341.641 1341.736 1341.831 1341.926 1341.955 1341.967 1341.979 1341.991 1342.0 1342.0 1342.0 1342.0 1342.0 1342.0 1342.0 1342.0 1342.0 1342.007 1342.045 1342.082 1342.12 1342.158 1342.172 1342.172 1342.172 1342.172 1342.213 1342.621 1343.029 1343.436 1343.844 1344.293 1344.774 1345.255 1345.737 1346.209 1346.387 1346.565 1346.743 1346.92 1347.036 1347.086 1347.137 1347.187 1347.238 1347.192
1339.912 1339.912 1339.912 1339.912 1339.912 1339.912 1339.912 1339.912 1339.93 1339.949 1339.969 1339.988 1340.068 1340.244 1340.419 1340.594 1340.769 1340.972 1341.179 1341.387 1341.594 1341.752 1341.804 1341.856 1341.908 1341.959 1341.976 1341.982 1341.989 1341.995 1342.0 1342.0 1342.0 1342.0 1342.0 1342.0 1342.0 1342.0 1342.0 1342.009 1342.063 1342.118 1342.172 1342.226 1342.245 1342.245 1342.245 1342.245 1342.292 1342.748 1343.204 1343.66 1344.116 1344.614 1345.143 1345.673 1346.202 1346.719 1346.817 1346.914 1347.011 1347.108 1347.193 1347.265 1347.337 1347.409 1347.481 1347.415
1339.985 1339.985 1339.985 1339.985 1339.985 1339.985 1339.985 1339.985 1339.988 1339.991 1339.995 1339.998 1340.083 1340.296 1340.509 1340.722 1340.934 1341.152 1341.37 1341.589 1341.807 1341.958 1341.967 1341.976 1341.984 1341.993 1341.996 1341.997 1341.998 1341.999 1342.0 1342.0 1342.0 1342.0 1342.0 1342.0 1342.0 1342.0 1342.0 1342.012 1342.082 1342.153 1342.223 1342.293 1342.318 1342.318 1342.318 1342.318 1342.37 1342.874 1343.379 1343.883 1344.388 1344.934 1345.512 1346.09 1346.668 1347.23 1347.246 1347.263 1347.279 1347.295 1347.35 1347.443 1347.537 1347.63 1347.724 1347.639
1340.098 1340.059 1340.021 1340.018 1340.057 1340.095 1340.134 1340.172 1340.175 1340.175 1340.175 1340.175 1340.246 1340.428 1340.61 1340.792 1340.974 1341.188 1341.409 1341.629 1341.85 1342.0 1342.0 1342.0 1342.0 1342.0 1342.0 1342.0 1342.0 1342.0 1342.0 1342.0 1342.0 1342.0 1342.0 1342.0 1342.0 1342.0 1342.0 1342.017 1342.116 1342.216 1342.315 1342.414 1342.475 1342.513 1342.552 1342.591 1342.677 1343.192 1343.706 1344.221 1344.735 1345.269 1345.818 1346.368 1346.917 1347.45 1347.45 1347.45 1347.45 1347.45 1347.49 1347.571 1347.651 1347.732 1347.813 1347.739
1340.221 1340.134 1340.047 1340.04 1340.127 1340.214 1340.302 1340.389 1340.395 1340.395 1340.395 1340.395 1340.447 1340.58 1340.714 1340.847 1340.981 1341.188 1341.409 1341.629 1341.85 1342.0 1342.0 1342.0 1342.0 1342.0 1342.0 1342.0 1342.0 1342.0 1342.0 1342.0 1342.0 1342.0 1342.0 1342.0 1342.0 1342.0 1342.0 1342.023 1342.154 1342.286 1342.417 1342.549 1342.652 1342.739 1342.826 1342.913 1343.044 1343.558 1344.072 1344.587 1345.101 1345.608 1346.109 1346.609 1347.11 1347.597 1347.597 1347.597 1347.597 1347.597 1347.626 1347.685 1347.744 1347.804 1347.863 1347.809
1340.344 1340.208 1340.073 1340.063 1340.198 1340.334 1340.469 1340.605 1340.615 1340.615 1340.615 1340.615 1340.648 1340.733 1340.818 1340.903 1340.988 1341.188 1341.409 1341.629 1341.85 1342.0 1342.0 1342.0 1342.0 1342.0 1342.0 1342.0 1342.0 1342.0 1342.0 1342.0 1342.0 1342.0 1342.0 1342.0 1342.0 1342.0 1342.0 1342.028 1342.192 1342.356 1342.52 1342.684 1342.829 1342.965 1343.1 1343.236 1343.41 1343.924 1344.439 1344.953 1345.467 1345.947 1346.399 1346.851 1347.304 1347.743 1347.743 1347.743 1347.743 1347.743 1347.762 1347.799 1347.837 1347.875 1347.913 1347.878
1340.467 1340.283 1340.099 1340.085 1340.269 1340.453 1340.637 1340.821 1340.834 1340.834 1340.834 1340.834 1340.849 1340.885 1340.922 1340.958 1340.995 1341.188 1341.409 1341.629 1341.85 1342.0 1342.0 1342.0 1342.0 1342.0 1342.0 1342.0 1342.0 1342.0 1342.0 1342.0 1342.0 1342.0 1342.0 1342.0 1342.0 1342.0 1342.0 1342.034 1342.23 1342.426 1342.622 1342.819 1343.007 1343.191 1343.375 1343.559 1343.776 1344.291 1344.805 1345.319 1345.834 1346.286 1346.689 1347.093 1347.497 1347.89 1347.89 1347.89 1347.89 1347.89 1347.898 1347.914 1347.93 1347.946 1347.963 1347.948
1340.583 1340.375 1340.166 1340.151 1340.359 1340.568 1340.776 1340.985 1341.0 1341.0 1341.0 1341.0 1341.0 1341.0 1341.0 1341.0 1341.0 1341.182 1341.394 1341.607 1341.819 1341.966 1341.974 1341.982 1341.99 1341.998 1342.0 1342.0 1342.0 1342.0 1342.0 1342.0 1342.0 1342.0 1342.0 1342.006 1342.014 1342.022 1342.03 1342.073 1342.289 1342.504 1342.719 1342.934 1343.156 1343.382 1343.608 1343.833 1344.088 1344.598 1345.109 1345.619 1346.129 1346.551 1346.904 1347.256 1347.609 1347.952 1347.963 1347.973 1347.984 1347.995 1348.0 1348.0 1348.0 1348.0 1348.0 1348.0
1340.68 1340.52 1340.36 1340.348 1340.508 1340.668 1340.828 1340.988 1341.0 1341.0 1341.0 1341.0 1341.0 1341.0 1341.0 1341.0 1341.0 1341.154 1341.334 1341.515 1341.695 1341.83 1341.87 1341.911 1341.951 1341.991 1342.0 1342.0 1342.0 1342.0 1342.0 1342.0 1342.0 1342.0 1342.0 1342.029 1342.069 1342.109 1342.149 1342.216 1342.41 1342.604 1342.797 1342.991 1343.219 1343.466 1343.713 1343.96 1344.233 1344.727 1345.221 1345.715 1346.21 1346.591 1346.884 1347.178 1347.471 1347.758 1347.812 1347.865 1347.919 1347.973 1348.0 1348.0 1348.0 1348.0 1348.0 1348.0
1340.777 1340.665 1340.553 1340.545 1340.657 1340.769 1340.88 1340.992 1341.0 1341.0 1341.0 1341.0 1341.0 1341.0 1341.0 1341.0 1341.0 1341.126 1341.274 1341.422 1341.57 1341.694 1341.767 1341.839 1341.912 1341.984 1342.0 1342.0 1342.0 1342.0 1342.0 1342.0 1342.0 1342.0 1342.0 1342.052 1342.124 1342.197 1342.269 1342.359 1342.531 1342.703 1342.875 1343.047 1343.281 1343.55 1343.819 1344.088 1344.378 1344.856 1345.334 1345.812 1346.29 1346.63 1346.865 1347.099 1347.334 1347.564 1347.661 1347.757 1347.854 1347.951 1348.0 1348.0 1348.0 1348.0 1348.0 1348.0
1340.874 1340.81 1340.747 1340.743 1340.806 1340.869 1340.932 1340.995 1341.0 1341.0 1341.0 1341.0 1341.0 1341.0 1341.0 1341.0 1341.0 1341.099 1341.214 1341.33 1341.446 1341.558 1341.663 1341.768 1341.872 1341.977 1342.0 1342.0 1342.0 1342.0 1342.0 1342.0 1342.0 1342.0 1342.0 1342.074 1342.179 1342.284 1342.389 1342.502 1342.652 1342.803 1342.953 1343.104 1343.344 1343.634 1343.924 1344.215 1344.522 1344.984 1345.446 1345.908 1346.37 1346.67 1346.845 1347.021 1347.196 1347.37 1347.51 1347.65 1347.789 1347.929 1348.0 1348.0 1348.0 1348.0 1348.0 1348.0
1340.97 1340.956 1340.941 1340.94 1340.955 1340.969 1340.984 1340.999 1341.0 1341.0 1341.0 1341.0 1341.0 1341.0 1341.0 1341.0 1341.0 1341.071 1341.155 1341.238 1341.321 1341.422 1341.559 1341.696 1341.833 1341.97 1342.0 1342.0 1342.0 1342.0 1342.0 1342.0 1342.0 1342.0 1342.0 1342.097 1342.234 1342.372 1342.509 1342.645 1342.774 1342.903 1343.032 1343.161 1343.406 1343.718 1344.03 1344.342 1344.667 1345.113 1345.559 1346.005 1346.45 1346.71 1346.826 1346.942 1347.058 1347.176 1347.359 1347.542 1347.724 1347.907 1348.0 1348.0 1348.0 1348.0 1348.0 1348.0
1341.07 1341.063 1341.055 1341.051 1341.051 1341.051 1341.051 1341.051 1341.051 1341.051 1341.051 1341.051 1341.051 1341.051 1341.051 1341.051 1341.051 1341.104 1341.167 1341.229 1341.291 1341.373 1341.498 1341.622 1341.747 1341.871 1341.916 1341.938 1341.961 1341.983 1342.0 1342.0 1342.0 1342.0 1342.0 1342.126 1342.303 1342.479 1342.656 1342.826 1342.964 1343.101 1343.239 1343.376 1343.608 1343.892 1344.177 1344.462 1344.759 1345.166 1345.573 1345.98 1346.388 1346.626 1346.736 1346.845 1346.954 1347.065 1347.239 1347.412 1347.586 1347.759 1347.854 1347.87 1347.884 1347.899 1347.914 1347.933
1341.171 1341.152 1341.134 1341.124 1341.124 1341.124 1341.124 1341.124 1341.124 1341.124 1341.124 1341.124 1341.124 1341.124 1341.124 1341.124 1341.124 1341.164 1341.21 1341.256 1341.302 1341.363 1341.455 1341.547 1341.639 1341.732 1341.794 1341.849 1341.904 1341.959 1342.0 1342.0 1342.0 1342.0 1342.0 1342.156 1342.376 1342.596 1342.816 1343.026 1343.185 1343.344 1343.503 1343.661 1343.87 1344.106 1344.342 1344.579 1344.827 1345.186 1345.545 1345.904 1346.262 1346.489 1346.614 1346.74 1346.865 1346.991 1347.132 1347.273 1347.415 1347.556 1347.645 1347.682 1347.718 1347.755 1347.791 1347.837
1341.271 1341.242 1341.213 1341.198 1341.198 1341.198 1341.198 1341.198 1341.198 1341.198 1341.198 1341.198 1341.198 1341.198 1341.198 1341.198 1341.198 1341.223 1341.253 1341.283 1341.313 1341.352 1341.412 1341.472 1341.532 1341.592 1341.673 1341.76 1341.847 1341.934 1342.0 1342.0 1342.0 1342.0 1342.0 1342.187 1342.45 1342.713 1342.976 1343.225 1343.405 1343.586 1343.766 1343.947 1344.132 1344.32 1344.508 1344.695 1344.896 1345.206 1345.516 1345.827 1346.137 1346.352 1346.493 1346.635 1346.776 1346.917 1347.026 1347.135 1347.244 1347.352 1347.436 1347.494 1347.552 1347.61 1347.668 1347.74
1341.372 1341.332 1341.292 1341.271 1341.271 1341.271 1341.271 1341.271 1341.271 1341.271 1341.271 1341.271 1341.271 1341.271 1341.271 1341.271 1341.271 1341.283 1341.296 1341.31 1341.324 1341.342 1341.37 1341.397 1341.425 1341.453 1341.552 1341.671 1341.791 1341.91 1342.0 1342.0 1342.0 1342.0 1342.0 1342.217 1342.524 1342.83 1343.136 1343.424 1343.626 1343.828 1344.03 1344.232 1344.394 1344.533 1344.673 1344.812 1344.964 1345.226 1345.488 1345.75 1346.011 1346.214 1346.372 1346.53 1346.687 1346.843 1346.919 1346.996 1347.072 1347.149 1347.227 1347.307 1347.386 1347.466 1347.545 1347.644
