data/zism_data/00043_02_D.txt
ncols         224
nrows         224
[rows 84 to 111 of 224, columns 126 to 188 of 224]
4298.446 4296.452 4294.458 4292.463 4291.116 4290.561 4290.006 4289.452 4288.897 4290.06 4291.387 4292.714 4294.041 4296.542 4300.982 4305.422 4309.863 4314.304 4321.181 4328.521 4335.86 4343.2 4349.874 4355.027 4360.18 4365.332 4370.485 4369.107 4365.757 4362.408 4359.058 4354.56 4346.259 4337.958 4329.656 4321.355 4312.107 4302.446 4292.785 4283.123 4273.112 4261.257 4249.403 4237.548 4225.693 4217.068 4210.397 4203.725 4197.054 4190.664 4187.234 4183.805 4180.375 4176.946 4173.691 4170.58 4167.469 4164.357 4161.305 4162.29 4163.274 4164.259 4165.244
4299.411 4296.979 4294.548 4292.116 4290.421 4289.629 4288.836 4288.044 4287.252 4287.872 4288.626 4289.381 4290.136 4291.936 4295.463 4298.992 4302.52 4306.047 4313.637 4321.998 4330.358 4338.718 4346.582 4353.311 4360.041 4366.77 4373.5 4372.798 4369.854 4366.909 4363.964 4359.74 4351.276 4342.813 4334.35 4325.887 4316.534 4306.791 4297.049 4287.306 4277.15 4264.815 4252.48 4240.145 4227.81 4218.775 4211.736 4204.697 4197.658 4190.922 4187.369 4183.815 4180.261 4176.708 4173.163 4169.625 4166.086 4162.549 4159.074 4159.913 4160.752 4161.591 4162.429
4301.561 4298.453 4295.345 4292.237 4290.034 4288.94 4287.846 4286.752 4285.658 4286.089 4286.665 4287.241 4287.817 4289.45 4292.833 4296.216 4299.598 4302.981 4311.185 4320.303 4329.421 4338.54 4347.165 4354.664 4362.163 4369.661 4377.16 4376.979 4374.479 4371.98 4369.48 4365.631 4357.309 4348.986 4340.664 4332.341 4323.101 4313.459 4303.817 4294.176 4284.078 4271.575 4259.072 4246.569 4234.066 4224.434 4216.537 4208.639 4200.742 4193.184 4189.189 4185.195 4181.201 4177.207 4173.288 4169.432 4165.575 4161.718 4157.922 4158.295 4158.669 4159.042 4159.416
4304.426 4300.497 4296.568 4292.64 4289.832 4288.398 4286.964 4285.53 4284.096 4284.551 4285.187 4285.822 4286.457 4288.248 4291.949 4295.65 4299.351 4303.053 4311.811 4321.529 4331.247 4340.964 4350.092 4357.871 4365.651 4373.43 4381.209 4381.454 4379.425 4377.395 4375.365 4371.952 4363.953 4355.955 4347.956 4339.958 4330.963 4321.532 4312.101 4302.669 4292.752 4280.271 4267.79 4255.308 4242.827 4232.482 4223.43 4214.376 4205.324 4196.656 4192.03 4187.404 4182.778 4178.152 4173.81 4169.699 4165.589 4161.478 4157.423 4157.138 4156.852 4156.566 4156.281
4307.291 4302.542 4297.792 4293.043 4289.63 4287.856 4286.082 4284.307 4282.533 4283.013 4283.708 4284.403 4285.097 4287.045 4291.065 4295.084 4299.104 4303.124 4312.437 4322.754 4333.071 4343.389 4353.019 4361.079 4369.139 4377.199 4385.259 4385.93 4384.37 4382.81 4381.25 4378.272 4370.598 4362.924 4355.249 4347.575 4338.825 4329.604 4320.384 4311.163 4301.426 4288.967 4276.507 4264.047 4251.588 4240.531 4230.323 4220.114 4209.906 4200.128 4194.87 4189.613 4184.355 4179.097 4174.331 4169.967 4165.603 4161.238 4156.924 4155.979 4155.035 4154.091 4153.146
4310.156 4304.586 4299.016 4293.446 4289.429 4287.314 4285.2 4283.085 4280.971 4281.475 4282.229 4282.983 4283.738 4285.842 4290.181 4294.519 4298.857 4303.196 4313.063 4323.98 4334.896 4345.813 4355.946 4364.286 4372.627 4380.968 4389.309 4390.406 4389.315 4388.225 4387.135 4384.593 4377.243 4369.893 4362.542 4355.191 4346.687 4337.677 4328.667 4319.657 4310.101 4297.662 4285.225 4272.786 4260.349 4248.58 4237.216 4225.852 4214.488 4203.6 4197.71 4191.821 4185.932 4180.042 4174.853 4170.235 4165.617 4160.999 4156.424 4154.821 4153.218 4151.615 4150.012
4313.107 4306.713 4300.318 4293.924 4289.292 4286.822 4284.352 4281.882 4279.412 4279.904 4280.679 4281.455 4282.229 4284.465 4289.116 4293.768 4298.419 4303.07 4313.478 4324.978 4336.477 4347.977 4358.596 4367.206 4375.816 4384.426 4393.036 4394.535 4393.887 4393.239 4392.592 4390.469 4383.461 4376.453 4369.445 4362.437 4354.191 4345.403 4336.615 4327.828 4318.471 4306.112 4293.754 4281.395 4269.037 4256.622 4244.175 4231.727 4219.279 4207.345 4200.798 4194.252 4187.705 4181.159 4175.523 4170.63 4165.738 4160.846 4155.991 4153.696 4151.401 4149.106 4146.812
4316.958 4309.7 4302.442 4295.184 4289.843 4286.854 4283.866 4280.877 4277.889 4277.987 4278.378 4278.77 4279.162 4281.254 4286.159 4291.064 4295.969 4300.875 4311.667 4323.578 4335.487 4347.397 4358.347 4367.102 4375.858 4384.613 4393.369 4395.022 4394.531 4394.04 4393.549 4391.671 4385.197 4378.724 4372.25 4365.776 4357.934 4349.491 4341.049 4332.607 4323.65 4311.977 4300.305 4288.631 4276.959 4264.598 4251.821 4239.043 4226.267 4213.951 4206.481 4199.011 4191.542 4184.072 4177.75 4172.367 4166.983 4161.599 4156.245 4152.914 4149.582 4146.25 4142.919
4320.81 4312.688 4304.565 4296.443 4290.394 4286.887 4283.38 4279.874 4276.367 4276.069 4276.078 4276.086 4276.094 4278.043 4283.202 4288.361 4293.52 4298.679 4309.857 4322.177 4334.498 4346.818 4358.097 4366.999 4375.9 4384.801 4393.703 4395.51 4395.175 4394.841 4394.506 4392.873 4386.933 4380.994 4375.055 4369.116 4361.677 4353.58 4345.483 4337.387 4328.83 4317.842 4306.855 4295.868 4284.881 4272.573 4259.467 4246.36 4233.254 4220.557 4212.164 4203.771 4195.378 4186.985 4179.979 4174.103 4168.228 4162.353 4156.5 4152.131 4147.763 4143.395 4139.027
4324.661 4315.675 4306.689 4297.703 4290.945 4286.92 4282.895 4278.869 4274.844 4274.151 4273.776 4273.401 4273.026 4274.832 4280.245 4285.657 4291.07 4296.482 4308.046 4320.777 4333.508 4346.238 4357.848 4366.895 4375.942 4384.989 4394.037 4395.998 4395.82 4395.642 4395.464 4394.074 4388.669 4383.265 4377.861 4372.456 4365.419 4357.668 4349.918 4342.167 4334.009 4323.708 4313.407 4303.105 4292.804 4280.549 4267.113 4253.677 4240.241 4227.164 4217.847 4208.531 4199.214 4189.898 4182.206 4175.84 4169.473 4163.107 4156.754 4151.349 4145.944 4140.539 4135.134
4328.513 4318.663 4308.812 4298.962 4291.496 4286.953 4282.409 4277.865 4273.322 4272.234 4271.476 4270.717 4269.959 4271.621 4277.288 4282.954 4288.62 4294.287 4306.236 4319.377 4332.518 4345.659 4357.598 4366.791 4375.984 4385.177 4394.37 4396.485 4396.464 4396.443 4396.421 4395.276 4390.406 4385.536 4380.666 4375.796 4369.163 4361.757 4354.352 4346.946 4339.189 4329.573 4319.958 4310.342 4300.726 4288.524 4274.759 4260.994 4247.229 4233.77 4223.53 4213.291 4203.051 4192.811 4184.434 4177.576 4170.718 4163.86 4157.009 4150.567 4144.125 4137.684 4131.241
4329.785 4319.657 4309.528 4299.4 4291.612 4286.693 4281.773 4276.854 4271.935 4270.255 4268.885 4267.514 4266.143 4267.372 4272.899 4278.427 4283.955 4289.482 4301.564 4314.89 4328.215 4341.541 4353.765 4363.472 4373.18 4382.887 4392.595 4395.13 4395.5 4395.871 4396.241 4395.474 4390.939 4386.404 4381.87 4377.335 4370.988 4363.848 4356.708 4349.568 4342.083 4332.778 4323.474 4314.169 4304.865 4292.827 4279.137 4265.446 4251.756 4238.326 4227.633 4216.94 4206.247 4195.554 4186.724 4179.413 4172.103 4164.792 4157.484 4150.33 4143.175 4136.021 4128.866
4328.953 4319.024 4309.096 4299.167 4291.373 4286.195 4281.016 4275.837 4270.659 4268.228 4266.058 4263.888 4261.718 4262.275 4267.344 4272.413 4277.481 4282.55 4294.559 4307.884 4321.209 4334.535 4347.007 4357.53 4368.053 4378.576 4389.099 4392.271 4393.225 4394.178 4395.131 4394.852 4390.49 4386.128 4381.767 4377.405 4371.25 4364.31 4357.369 4350.429 4343.113 4333.813 4324.514 4315.215 4305.916 4294.132 4280.847 4267.562 4254.277 4241.211 4230.447 4219.684 4208.921 4198.157 4189.063 4181.332 4173.6 4165.869 4158.139 4150.536 4142.933 4135.331 4127.728
4328.121 4318.393 4308.664 4298.935 4291.134 4285.696 4280.259 4274.821 4269.383 4266.199 4263.23 4260.261 4257.292 4257.179 4261.789 4266.398 4271.008 4275.617 4287.553 4300.879 4314.204 4327.53 4340.25 4351.588 4362.926 4374.265 4385.603 4389.412 4390.949 4392.485 4394.022 4394.23 4390.042 4385.853 4381.664 4377.475 4371.511 4364.771 4358.03 4351.29 4344.142 4334.848 4325.555 4316.261 4306.967 4295.438 4282.558 4269.678 4256.798 4244.095 4233.262 4222.428 4211.595 4200.761 4191.404 4183.251 4175.098 4166.945 4158.793 4150.743 4142.692 4134.641 4126.59
4327.289 4317.76 4308.231 4298.703 4290.895 4285.198 4279.501 4273.804 4268.107 4264.171 4260.403 4256.635 4252.867 4252.083 4256.233 4260.384 4264.534 4268.685 4280.547 4293.873 4307.198 4320.524 4333.493 4345.646 4357.8 4369.953 4382.107 4386.553 4388.673 4390.792 4392.913 4393.609 4389.593 4385.577 4381.561 4377.545 4371.773 4365.232 4358.691 4352.15 4345.172 4335.883 4326.595 4317.307 4308.019 4296.744 4284.269 4271.793 4259.318 4246.979 4236.076 4225.172 4214.268 4203.365 4193.744 4185.17 4176.596 4168.021 4159.449 4150.95 4142.45 4133.951 4125.452
4326.452 4317.127 4307.802 4298.477 4290.666 4284.711 4278.755 4272.8 4266.845 4262.157 4257.59 4253.023 4248.456 4246.998 4250.681 4254.364 4258.048 4261.731 4273.524 4286.856 4300.187 4313.518 4326.735 4339.691 4352.648 4365.604 4378.561 4383.638 4386.336 4389.035 4391.733 4392.915 4389.07 4385.226 4381.381 4377.538 4371.961 4365.626 4359.292 4352.957 4346.154 4336.881 4327.609 4318.336 4309.064 4298.049 4285.982 4273.914 4261.847 4249.875 4238.914 4227.953 4216.992 4206.031 4196.152 4187.158 4178.164 4169.169 4160.175 4151.224 4142.272 4133.321 4124.369
4325.241 4316.402 4307.563 4298.724 4291.093 4284.943 4278.793 4272.644 4266.495 4261.08 4255.735 4250.391 4245.046 4242.717 4245.374 4248.032 4250.689 4253.347 4265.312 4279.043 4292.774 4306.505 4319.983 4332.885 4345.788 4358.69 4371.592 4376.873 4379.852 4382.831 4385.811 4387.231 4383.49 4379.748 4376.006 4372.265 4367.163 4361.465 4355.768 4350.07 4343.917 4335.363 4326.809 4318.254 4309.7 4299.322 4287.843 4276.364 4264.885 4253.522 4243.376 4233.23 4223.084 4212.939 4203.225 4193.863 4184.501 4175.14 4165.773 4156.088 4146.402 4136.716 4127.03
4324.029 4315.677 4307.323 4298.971 4291.52 4285.176 4278.832 4272.488 4266.144 4260.002 4253.88 4247.758 4241.636 4238.436 4240.067 4241.699 4243.331 4244.962 4257.1 4271.23 4285.36 4299.491 4313.231 4326.079 4338.928 4351.775 4364.624 4370.107 4373.368 4376.627 4379.888 4381.548 4377.909 4374.27 4370.63 4366.992 4362.364 4357.304 4352.244 4347.183 4341.681 4333.844 4326.008 4318.171 4310.335 4300.595 4289.705 4278.814 4267.924 4257.169 4247.839 4238.508 4229.178 4219.848 4210.297 4200.569 4190.84 4181.111 4171.372 4160.952 4150.532 4140.112 4129.691
4322.818 4314.952 4307.084 4299.217 4291.947 4285.409 4278.87 4272.332 4265.794 4258.925 4252.026 4245.126 4238.226 4234.155 4234.76 4235.366 4235.972 4236.578 4248.888 4263.417 4277.947 4292.478 4306.479 4319.273 4332.067 4344.862 4357.656 4363.343 4366.883 4370.424 4373.965 4375.865 4372.328 4368.792 4365.255 4361.719 4357.565 4353.143 4348.719 4344.296 4339.443 4332.325 4325.207 4318.089 4310.971 4301.868 4291.567 4281.265 4270.963 4260.816 4252.301 4243.786 4235.271 4226.756 4217.37 4207.274 4197.178 4187.082 4176.971 4165.816 4154.662 4143.507 4132.352
4321.607 4314.227 4306.845 4299.464 4292.374 4285.642 4278.909 4272.176 4265.443 4257.848 4250.171 4242.494 4234.816 4229.874 4229.453 4229.033 4228.613 4228.193 4240.675 4255.605 4270.534 4285.464 4299.727 4312.467 4325.207 4337.947 4350.688 4356.577 4360.399 4364.221 4368.042 4370.181 4366.748 4363.313 4359.879 4356.446 4352.767 4348.981 4345.195 4341.409 4337.207 4330.807 4324.406 4318.006 4311.606 4303.142 4293.428 4283.715 4274.002 4264.463 4256.764 4249.064 4241.364 4233.664 4224.442 4213.979 4203.516 4193.053 4182.569 4170.68 4158.791 4146.902 4135.013
4323.33 4316.381 4309.431 4302.482 4295.497 4288.469 4281.441 4274.414 4267.386 4259.147 4250.793 4242.439 4234.085 4228.3 4226.763 4225.227 4223.69 4222.154 4233.789 4247.923 4262.056 4276.189 4289.866 4302.498 4315.13 4327.762 4340.394 4346.527 4350.7 4354.872 4359.044 4361.572 4358.653 4355.735 4352.817 4349.899 4346.997 4344.101 4341.206 4338.31 4335.018 4329.638 4324.258 4318.878 4313.499 4305.947 4297.084 4288.22 4279.356 4270.649 4263.589 4256.529 4249.468 4242.408 4233.383 4222.754 4212.125 4201.496 4190.834 4177.932 4165.03 4152.128 4139.226
4328.253 4321.676 4315.099 4308.522 4301.561 4294.128 4286.695 4279.263 4271.83 4263.038 4254.117 4245.196 4236.275 4229.679 4226.928 4224.176 4221.425 4218.674 4228.35 4240.382 4252.415 4264.448 4276.612 4289.077 4301.542 4314.006 4326.471 4332.894 4337.492 4342.091 4346.689 4349.769 4347.818 4345.866 4343.915 4341.963 4340.166 4338.437 4336.707 4334.978 4332.881 4328.852 4324.822 4320.792 4316.762 4310.426 4302.696 4294.966 4287.237 4279.604 4272.992 4266.38 4259.768 4253.156 4244.361 4233.787 4223.211 4212.637 4202.009 4187.79 4173.569 4159.35 4145.13
4333.176 4326.972 4320.768 4314.563 4307.625 4299.787 4291.949 4284.111 4276.273 4266.929 4257.441 4247.953 4238.465 4231.058 4227.092 4223.125 4219.16 4215.193 4222.91 4232.843 4242.775 4252.708 4263.359 4275.657 4287.954 4300.251 4312.549 4319.26 4324.286 4329.311 4334.336 4337.967 4336.982 4335.998 4335.012 4334.027 4333.336 4332.772 4332.209 4331.646 4330.746 4328.065 4325.385 4322.705 4320.025 4314.904 4308.309 4301.713 4295.117 4288.559 4282.395 4276.231 4270.067 4263.903 4255.339 4244.819 4234.298 4223.777 4213.184 4197.646 4182.109 4166.572 4151.034
4338.099 4332.267 4326.436 4320.604 4313.688 4305.446 4297.203 4288.96 4280.718 4270.82 4260.766 4250.71 4240.656 4232.437 4227.256 4222.075 4216.895 4211.713 4217.471 4225.303 4233.135 4240.967 4250.106 4262.236 4274.367 4286.497 4298.626 4305.627 4311.079 4316.53 4321.982 4326.165 4326.147 4326.128 4326.11 4326.091 4326.505 4327.108 4327.711 4328.314 4328.609 4327.279 4325.949 4324.618 4323.288 4319.383 4313.921 4308.459 4302.997 4297.513 4291.797 4286.082 4280.366 4274.65 4266.318 4255.851 4245.384 4234.917 4224.358 4207.503 4190.648 4173.793 4156.938
4343.022 4337.563 4332.104 4326.645 4319.752 4311.105 4302.457 4293.809 4285.162 4274.711 4264.09 4253.468 4242.846 4233.816 4227.421 4221.025 4214.629 4208.233 4212.031 4217.763 4223.494 4229.226 4236.854 4248.816 4260.779 4272.741 4284.704 4291.993 4297.871 4303.75 4309.628 4314.363 4315.311 4316.259 4317.207 4318.155 4319.675 4321.444 4323.213 4324.982 4326.473 4326.493 4326.512 4326.532 4326.551 4323.861 4319.534 4315.206 4310.877 4306.468 4301.2 4295.933 4290.665 4285.397 4277.296 4266.884 4256.471 4246.058 4235.532 4217.36 4199.188 4181.016 4162.843
4350.288 4345.12 4339.952 4334.784 4327.943 4319.054 4310.164 4301.273 4292.384 4281.487 4270.401 4259.313 4248.227 4238.551 4231.21 4223.869 4216.527 4209.186 4211.316 4215.242 4219.167 4223.094 4228.936 4239.159 4249.383 4259.606 4269.83 4277.157 4283.609 4290.062 4296.514 4302.037 4304.48 4306.924 4309.368 4311.812 4314.615 4317.576 4320.537 4323.499 4326.174 4327.345 4328.517 4329.688 4330.859 4328.885 4325.009 4321.133 4317.258 4313.261 4307.994 4302.727 4297.46 4292.193 4283.99 4273.393 4262.794 4252.197 4241.483 4222.95 4204.416 4185.883 4167.349
4357.698 4352.816 4347.935 4343.053 4336.266 4327.144 4318.021 4308.899 4299.777 4288.441 4276.896 4265.35 4253.804 4243.492 4235.222 4226.952 4218.682 4210.412 4210.891 4213.03 4215.168 4217.307 4221.347 4229.734 4238.122 4246.509 4254.897 4262.246 4269.281 4276.317 4283.353 4289.677 4293.649 4297.622 4301.594 4305.566 4309.665 4313.819 4317.974 4322.128 4325.988 4328.299 4330.609 4332.92 4335.23 4333.942 4330.477 4327.011 4323.546 4319.922 4314.628 4309.333 4304.04 4298.746 4290.42 4279.623 4268.825 4258.027 4247.113 4228.277 4209.441 4190.605 4171.769
4365.108 4360.513 4355.917 4351.321 4344.587 4335.233 4325.878 4316.524 4307.17 4295.395 4283.391 4271.385 4259.38 4248.433 4239.234 4230.036 4220.837 4211.638 4210.467 4210.818 4211.168 4211.52 4213.758 4220.309 4226.861 4233.413 4239.964 4247.335 4254.954 4262.573 4270.191 4277.319 4282.819 4288.319 4293.82 4299.32 4304.714 4310.062 4315.41 4320.757 4325.803 4329.252 4332.703 4336.152 4339.602 4338.999 4335.944 4332.889 4329.834 4326.582 4321.261 4315.94 4310.619 4305.298 4296.851 4285.854 4274.855 4263.858 4252.743 4233.604 4214.465 4195.327 4176.188
