data/zism_data/00049_03_D.txt
ncols         224
nrows         224
[rows 168 to 195 of 224, columns 65 to 129 of 224]
1339.331 1339.289 1339.248 1339.198 1339.145 1339.093 1339.04 1339.038 1339.2 1339.363 1339.525 1339.688 1339.906 1340.147 1340.389 1340.63 1340.859 1341.022 1341.184 1341.347 1341.51 1341.643 1341.759 1341.874 1341.989 1342.11 1342.289 1342.467 1342.646 1342.824 1342.985 1343.132 1343.279 1343.426 1343.573 1343.667 1343.762 1343.856 1343.951 1344.0 1344.0 1344.0 1344.0 1344.0 1344.0 1344.0 1344.0 1344.0 1343.974 1343.911 1343.848 1343.785 1343.722 1343.769 1343.832 1343.895 1343.958 1344.0 1344.0 1344.0 1344.0 1344.0 1344.0 1344.0 1344.0
1339.502 1339.449 1339.396 1339.319 1339.234 1339.15 1339.065 1339.054 1339.286 1339.519 1339.752 1339.984 1340.2 1340.41 1340.619 1340.828 1341.029 1341.186 1341.344 1341.501 1341.658 1341.796 1341.922 1342.049 1342.175 1342.305 1342.472 1342.64 1342.808 1342.976 1343.132 1343.279 1343.426 1343.573 1343.719 1343.781 1343.843 1343.905 1343.968 1344.0 1344.0 1344.0 1344.0 1344.0 1344.0 1344.0 1344.0 1344.0 1343.983 1343.942 1343.9 1343.859 1343.817 1343.848 1343.889 1343.931 1343.972 1344.0 1344.0 1344.0 1344.0 1344.0 1344.0 1344.0 1344.0
1339.672 1339.609 1339.546 1339.441 1339.324 1339.207 1339.09 1339.07 1339.373 1339.675 1339.978 1340.28 1340.495 1340.672 1340.849 1341.026 1341.199 1341.351 1341.503 1341.655 1341.807 1341.949 1342.086 1342.223 1342.36 1342.499 1342.656 1342.813 1342.97 1343.127 1343.278 1343.425 1343.572 1343.719 1343.865 1343.895 1343.924 1343.954 1343.984 1344.0 1344.0 1344.0 1344.0 1344.0 1344.0 1344.0 1344.0 1344.0 1343.992 1343.972 1343.952 1343.932 1343.912 1343.927 1343.947 1343.967 1343.987 1344.0 1344.0 1344.0 1344.0 1344.0 1344.0 1344.0 1344.0
1339.844 1339.773 1339.703 1339.579 1339.439 1339.3 1339.16 1339.137 1339.499 1339.862 1340.224 1340.586 1340.798 1340.943 1341.088 1341.233 1341.378 1341.522 1341.667 1341.812 1341.956 1342.101 1342.247 1342.393 1342.539 1342.685 1342.832 1342.979 1343.127 1343.274 1343.421 1343.566 1343.711 1343.857 1344.0 1344.003 1344.006 1344.009 1344.013 1344.014 1344.014 1344.014 1344.014 1344.014 1344.011 1344.008 1344.005 1344.002 1344.0 1344.0 1344.0 1344.0 1344.0 1344.0 1344.0 1344.0 1344.0 1344.0 1344.0 1344.0 1344.0 1344.0 1344.0 1344.0 1344.0
1340.028 1339.995 1339.962 1339.926 1339.889 1339.851 1339.814 1339.853 1340.146 1340.438 1340.73 1341.023 1341.194 1341.312 1341.43 1341.548 1341.666 1341.778 1341.89 1342.002 1342.115 1342.238 1342.368 1342.497 1342.627 1342.758 1342.911 1343.064 1343.217 1343.37 1343.506 1343.63 1343.754 1343.878 1344.001 1344.047 1344.093 1344.139 1344.185 1344.209 1344.209 1344.209 1344.209 1344.209 1344.166 1344.12 1344.074 1344.027 1344.0 1344.0 1344.0 1344.0 1344.0 1344.0 1344.0 1344.0 1344.0 1344.0 1344.0 1344.0 1344.0 1344.0 1344.0 1344.0 1344.0
1340.213 1340.218 1340.222 1340.273 1340.338 1340.403 1340.468 1340.57 1340.792 1341.014 1341.237 1341.459 1341.59 1341.682 1341.773 1341.864 1341.953 1342.033 1342.113 1342.193 1342.273 1342.374 1342.488 1342.601 1342.715 1342.832 1342.99 1343.148 1343.307 1343.465 1343.592 1343.694 1343.797 1343.899 1344.001 1344.091 1344.18 1344.269 1344.358 1344.405 1344.405 1344.405 1344.405 1344.405 1344.321 1344.232 1344.142 1344.053 1344.0 1344.0 1344.0 1344.0 1344.0 1344.0 1344.0 1344.0 1344.0 1344.0 1344.0 1344.0 1344.0 1344.0 1344.0 1344.0 1344.0
1340.397 1340.44 1340.482 1340.62 1340.788 1340.955 1341.122 1341.286 1341.438 1341.591 1341.743 1341.896 1341.987 1342.051 1342.115 1342.179 1342.241 1342.289 1342.337 1342.384 1342.432 1342.511 1342.608 1342.705 1342.803 1342.906 1343.069 1343.233 1343.396 1343.56 1343.678 1343.759 1343.839 1343.92 1344.002 1344.134 1344.266 1344.399 1344.531 1344.6 1344.6 1344.6 1344.6 1344.6 1344.476 1344.343 1344.211 1344.079 1344.0 1344.0 1344.0 1344.0 1344.0 1344.0 1344.0 1344.0 1344.0 1344.0 1344.0 1344.0 1344.0 1344.0 1344.0 1344.0 1344.0
1340.582 1340.662 1340.742 1340.967 1341.237 1341.506 1341.776 1342.002 1342.084 1342.167 1342.25 1342.332 1342.383 1342.42 1342.458 1342.495 1342.529 1342.544 1342.56 1342.575 1342.591 1342.647 1342.728 1342.81 1342.891 1342.98 1343.149 1343.317 1343.486 1343.655 1343.764 1343.823 1343.882 1343.942 1344.003 1344.178 1344.353 1344.529 1344.704 1344.796 1344.796 1344.796 1344.796 1344.796 1344.63 1344.455 1344.28 1344.104 1344.0 1344.0 1344.0 1344.0 1344.0 1344.0 1344.0 1344.0 1344.0 1344.0 1344.0 1344.0 1344.0 1344.0 1344.0 1344.0 1344.0
1340.804 1340.917 1341.029 1341.303 1341.627 1341.951 1342.276 1342.536 1342.585 1342.634 1342.683 1342.732 1342.762 1342.783 1342.805 1342.827 1342.844 1342.839 1342.833 1342.827 1342.822 1342.86 1342.925 1342.99 1343.055 1343.128 1343.283 1343.437 1343.592 1343.746 1343.843 1343.892 1343.941 1343.99 1344.041 1344.231 1344.422 1344.612 1344.802 1344.902 1344.902 1344.902 1344.902 1344.902 1344.738 1344.565 1344.391 1344.218 1344.108 1344.091 1344.074 1344.057 1344.04 1344.038 1344.038 1344.038 1344.038 1344.035 1344.027 1344.019 1344.01 1344.002 1344.0 1344.0 1344.0
1341.062 1341.201 1341.34 1341.629 1341.964 1342.299 1342.633 1342.902 1342.951 1343.0 1343.049 1343.098 1343.124 1343.141 1343.157 1343.173 1343.184 1343.168 1343.151 1343.135 1343.119 1343.143 1343.192 1343.241 1343.29 1343.345 1343.467 1343.59 1343.712 1343.834 1343.916 1343.965 1344.014 1344.063 1344.114 1344.294 1344.473 1344.653 1344.832 1344.926 1344.926 1344.926 1344.926 1344.926 1344.803 1344.673 1344.542 1344.412 1344.314 1344.265 1344.216 1344.167 1344.118 1344.111 1344.111 1344.111 1344.111 1344.103 1344.079 1344.054 1344.03 1344.005 1344.0 1344.0 1344.0
1341.319 1341.485 1341.651 1341.955 1342.3 1342.646 1342.991 1343.268 1343.317 1343.366 1343.415 1343.464 1343.487 1343.498 1343.509 1343.52 1343.524 1343.497 1343.47 1343.443 1343.416 1343.426 1343.459 1343.491 1343.524 1343.562 1343.652 1343.742 1343.832 1343.922 1343.989 1344.038 1344.087 1344.136 1344.187 1344.356 1344.525 1344.694 1344.862 1344.95 1344.95 1344.95 1344.95 1344.95 1344.868 1344.781 1344.693 1344.606 1344.521 1344.44 1344.358 1344.277 1344.195 1344.185 1344.185 1344.185 1344.185 1344.171 1344.13 1344.09 1344.049 1344.008 1344.0 1344.0 1344.0
1341.577 1341.769 1341.962 1342.281 1342.637 1342.993 1343.349 1343.635 1343.683 1343.733 1343.781 1343.83 1343.849 1343.855 1343.86 1343.866 1343.865 1343.827 1343.789 1343.751 1343.713 1343.709 1343.725 1343.742 1343.759 1343.779 1343.837 1343.894 1343.952 1344.01 1344.063 1344.112 1344.161 1344.21 1344.26 1344.418 1344.576 1344.734 1344.892 1344.975 1344.975 1344.975 1344.975 1344.975 1344.933 1344.889 1344.844 1344.8 1344.728 1344.614 1344.5 1344.387 1344.273 1344.258 1344.258 1344.258 1344.258 1344.239 1344.182 1344.125 1344.068 1344.012 1344.0 1344.0 1344.0
1341.834 1342.054 1342.273 1342.606 1342.973 1343.34 1343.707 1344.001 1344.05 1344.099 1344.148 1344.197 1344.212 1344.212 1344.212 1344.212 1344.205 1344.156 1344.107 1344.059 1344.01 1343.992 1343.992 1343.993 1343.993 1343.996 1344.021 1344.047 1344.072 1344.098 1344.136 1344.185 1344.234 1344.283 1344.333 1344.481 1344.628 1344.775 1344.922 1344.999 1344.999 1344.999 1344.999 1344.999 1344.998 1344.997 1344.996 1344.994 1344.934 1344.788 1344.642 1344.496 1344.35 1344.331 1344.331 1344.331 1344.331 1344.307 1344.234 1344.161 1344.088 1344.015 1344.0 1344.0 1344.0
1341.984 1342.204 1342.424 1342.734 1343.07 1343.406 1343.742 1344.016 1344.086 1344.156 1344.226 1344.296 1344.328 1344.344 1344.359 1344.375 1344.382 1344.344 1344.305 1344.266 1344.228 1344.213 1344.213 1344.213 1344.213 1344.215 1344.234 1344.254 1344.273 1344.292 1344.322 1344.36 1344.399 1344.438 1344.477 1344.593 1344.708 1344.824 1344.94 1345.0 1345.0 1345.0 1345.0 1345.0 1345.0 1345.0 1345.0 1345.0 1344.953 1344.838 1344.722 1344.606 1344.491 1344.476 1344.476 1344.476 1344.476 1344.456 1344.399 1344.341 1344.283 1344.225 1344.213 1344.213 1344.213
1342.13 1342.351 1342.571 1342.855 1343.159 1343.463 1343.767 1344.021 1344.113 1344.204 1344.296 1344.387 1344.437 1344.469 1344.5 1344.532 1344.555 1344.527 1344.499 1344.471 1344.444 1344.433 1344.433 1344.433 1344.433 1344.434 1344.448 1344.462 1344.476 1344.49 1344.511 1344.539 1344.567 1344.595 1344.623 1344.707 1344.79 1344.873 1344.957 1345.0 1345.0 1345.0 1345.0 1345.0 1345.0 1345.0 1345.0 1345.0 1344.966 1344.883 1344.8 1344.716 1344.633 1344.622 1344.622 1344.622 1344.622 1344.608 1344.567 1344.525 1344.483 1344.442 1344.433 1344.433 1344.433
1342.277 1342.497 1342.718 1342.977 1343.249 1343.52 1343.792 1344.026 1344.139 1344.252 1344.365 1344.478 1344.546 1344.594 1344.642 1344.69 1344.727 1344.71 1344.693 1344.676 1344.659 1344.653 1344.653 1344.653 1344.653 1344.654 1344.662 1344.671 1344.679 1344.688 1344.701 1344.718 1344.735 1344.752 1344.769 1344.82 1344.871 1344.922 1344.973 1345.0 1345.0 1345.0 1345.0 1345.0 1345.0 1345.0 1345.0 1345.0 1344.979 1344.928 1344.877 1344.826 1344.775 1344.769 1344.769 1344.769 1344.769 1344.76 1344.735 1344.709 1344.684 1344.658 1344.653 1344.653 1344.653
1342.423 1342.644 1342.864 1343.099 1343.338 1343.577 1343.816 1344.031 1344.166 1344.3 1344.435 1344.569 1344.655 1344.719 1344.783 1344.847 1344.9 1344.894 1344.887 1344.881 1344.875 1344.873 1344.873 1344.873 1344.873 1344.873 1344.876 1344.879 1344.882 1344.885 1344.89 1344.896 1344.903 1344.909 1344.915 1344.934 1344.953 1344.972 1344.99 1345.0 1345.0 1345.0 1345.0 1345.0 1345.0 1345.0 1345.0 1345.0 1344.992 1344.974 1344.955 1344.936 1344.917 1344.915 1344.915 1344.915 1344.915 1344.912 1344.903 1344.893 1344.884 1344.875 1344.873 1344.873 1344.873
1342.59 1342.806 1343.022 1343.229 1343.434 1343.638 1343.843 1344.036 1344.189 1344.343 1344.497 1344.651 1344.744 1344.811 1344.877 1344.944 1345.0 1345.0 1345.0 1345.0 1345.0 1345.0 1345.0 1345.0 1345.0 1345.0 1345.0 1345.0 1345.0 1345.0 1345.0 1345.0 1345.0 1345.0 1345.0 1345.0 1345.0 1345.0 1345.0 1345.0 1345.0 1345.0 1345.0 1345.0 1345.0 1345.0 1345.0 1345.0 1345.0 1345.0 1345.0 1345.0 1345.0 1345.0 1345.0 1345.0 1345.0 1345.0 1345.0 1345.0 1345.0 1345.0 1345.0 1345.0 1345.0
1342.785 1342.99 1343.195 1343.371 1343.538 1343.705 1343.872 1344.039 1344.209 1344.379 1344.549 1344.719 1344.806 1344.856 1344.907 1344.958 1345.0 1345.0 1345.0 1345.0 1345.0 1345.0 1345.0 1345.0 1345.0 1345.0 1345.0 1345.0 1345.0 1345.0 1345.0 1345.0 1345.0 1345.0 1345.0 1345.0 1345.0 1345.0 1345.0 1345.0 1345.0 1345.0 1345.0 1345.0 1345.0 1345.0 1345.0 1345.0 1345.0 1345.0 1345.0 1345.0 1345.0 1345.0 1345.0 1345.0 1345.0 1345.0 1345.0 1345.0 1345.0 1345.0 1345.0 1345.0 1345.0
1342.98 1343.174 1343.369 1343.513 1343.642 1343.771 1343.901 1344.043 1344.229 1344.415 1344.601 1344.787 1344.868 1344.902 1344.937 1344.971 1345.0 1345.0 1345.0 1345.0 1345.0 1345.0 1345.0 1345.0 1345.0 1345.0 1345.0 1345.0 1345.0 1345.0 1345.0 1345.0 1345.0 1345.0 1345.0 1345.0 1345.0 1345.0 1345.0 1345.0 1345.0 1345.0 1345.0 1345.0 1345.0 1345.0 1345.0 1345.0 1345.0 1345.0 1345.0 1345.0 1345.0 1345.0 1345.0 1345.0 1345.0 1345.0 1345.0 1345.0 1345.0 1345.0 1345.0 1345.0 1345.0
1343.175 1343.358 1343.542 1343.655 1343.746 1343.838 1343.93 1344.047 1344.249 1344.451 1344.653 1344.856 1344.93 1344.948 1344.966 1344.985 1345.0 1345.0 1345.0 1345.0 1345.0 1345.0 1345.0 1345.0 1345.0 1345.0 1345.0 1345.0 1345.0 1345.0 1345.0 1345.0 1345.0 1345.0 1345.0 1345.0 1345.0 1345.0 1345.0 1345.0 1345.0 1345.0 1345.0 1345.0 1345.0 1345.0 1345.0 1345.0 1345.0 1345.0 1345.0 1345.0 1345.0 1345.0 1345.0 1345.0 1345.0 1345.0 1345.0 1345.0 1345.0 1345.0 1345.0 1345.0 1345.0
1343.37 1343.542 1343.715 1343.797 1343.851 1343.905 1343.959 1344.051 1344.269 1344.487 1344.706 1344.924 1344.992 1344.994 1344.996 1344.998 1345.0 1345.0 1345.0 1345.0 1345.0 1345.0 1345.0 1345.0 1345.0 1345.0 1345.0 1345.0 1345.0 1345.0 1345.0 1345.0 1345.0 1345.0 1345.0 1345.0 1345.0 1345.0 1345.0 1345.0 1345.0 1345.0 1345.0 1345.0 1345.0 1345.0 1345.0 1345.0 1345.0 1345.0 1345.0 1345.0 1345.0 1345.0 1345.0 1345.0 1345.0 1345.0 1345.0 1345.0 1345.0 1345.0 1345.0 1345.0 1345.0
1343.617 1343.775 1343.932 1344.006 1344.055 1344.104 1344.153 1344.232 1344.411 1344.589 1344.767 1344.946 1345.0 1345.0 1345.0 1345.0 1345.0 1345.0 1345.0 1345.0 1345.0 1345.0 1345.0 1345.0 1345.0 1345.0 1345.0 1345.0 1345.0 1345.0 1345.0 1345.0 1345.0 1345.0 1345.0 1345.0 1345.0 1345.0 1345.0 1345.0 1345.0 1345.0 1345.0 1345.0 1345.0 1345.0 1345.0 1345.0 1345.0 1345.0 1345.0 1345.0 1345.0 1345.0 1345.0 1345.0 1345.0 1345.0 1345.0 1345.0 1345.0 1345.0 1345.0 1345.0 1345.0
1343.873 1344.015 1344.156 1344.226 1344.275 1344.324 1344.373 1344.441 1344.571 1344.701 1344.831 1344.96 1345.0 1345.0 1345.0 1345.0 1345.0 1345.0 1345.0 1345.0 1345.0 1345.0 1345.0 1345.0 1345.0 1345.0 1345.0 1345.0 1345.0 1345.0 1345.0 1345.0 1345.0 1345.0 1345.0 1345.0 1345.0 1345.0 1345.0 1345.0 1345.0 1345.0 1345.0 1345.0 1345.0 1345.0 1345.0 1345.0 1345.0 1345.0 1345.0 1345.0 1345.0 1345.0 1345.0 1345.0 1345.0 1345.0 1345.0 1345.0 1345.0 1345.0 1345.0 1345.0 1345.0
1344.129 1344.254 1344.379 1344.446 1344.495 1344.544 1344.593 1344.649 1344.731 1344.812 1344.894 1344.975 1345.0 1345.0 1345.0 1345.0 1345.0 1345.0 1345.0 1345.0 1345.0 1345.0 1345.0 1345.0 1345.0 1345.0 1345.0 1345.0 1345.0 1345.0 1345.0 1345.0 1345.0 1345.0 1345.0 1345.0 1345.0 1345.0 1345.0 1345.0 1345.0 1345.0 1345.0 1345.0 1345.0 1345.0 1345.0 1345.0 1345.0 1345.0 1345.0 1345.0 1345.0 1345.0 1345.0 1345.0 1345.0 1345.0 1345.0 1345.0 1345.0 1345.0 1345.0 1345.0 1345.0
1344.385 1344.494 1344.603 1344.666 1344.715 1344.764 1344.813 1344.858 1344.891 1344.924 1344.957 1344.99 1345.0 1345.0 1345.0 1345.0 1345.0 1345.0 1345.0 1345.0 1345.0 1345.0 1345.0 1345.0 1345.0 1345.0 1345.0 1345.0 1345.0 1345.0 1345.0 1345.0 1345.0 1345.0 1345.0 1345.0 1345.0 1345.0 1345.0 1345.0 1345.0 1345.0 1345.0 1345.0 1345.0 1345.0 1345.0 1345.0 1345.0 1345.0 1345.0 1345.0 1345.0 1345.0 1345.0 1345.0 1345.0 1345.0 1345.0 1345.0 1345.0 1345.0 1345.0 1345.0 1345.0
1344.59 1344.681 1344.772 1344.828 1344.874 1344.919 1344.965 1345.0 1345.0 1345.0 1345.0 1345.0 1345.011 1345.026 1345.042 1345.057 1345.068 1345.052 1345.037 1345.021 1345.006 1345.0 1345.0 1345.0 1345.0 1345.0 1345.0 1345.0 1345.0 1345.0 1345.0 1345.0 1345.0 1345.0 1345.0 1345.0 1345.0 1345.0 1345.0 1345.0 1345.0 1345.0 1345.0 1345.0 1345.0 1345.0 1345.0 1345.0 1345.0 1345.0 1345.0 1345.0 1345.0 1345.0 1345.0 1345.0 1345.0 1345.0 1345.0 1345.0 1345.0 1345.0 1345.0 1345.0 1345.0
1344.687 1344.756 1344.826 1344.869 1344.904 1344.938 1344.973 1345.0 1345.0 1345.0 1345.0 1345.0 1345.044 1345.108 1345.172 1345.236 1345.28 1345.216 1345.152 1345.088 1345.024 1345.0 1345.0 1345.0 1345.0 1345.0 1345.0 1345.0 1345.0 1345.0 1345.0 1345.0 1345.0 1345.0 1345.0 1345.0 1345.0 1345.0 1345.0 1345.0 1345.0 1345.0 1345.0 1345.0 1345.0 1345.0 1345.0 1345.0 1345.0 1345.0 1345.0 1345.0 1345.0 1345.0 1345.0 1345.0 1345.0 1345.0 1345.0 1345.0 1345.0 1345.0 1345.0 1345.0 1345.0
