data/zism_data/00047_03_D.txt
ncols         224
nrows         224
[rows 0 to 27 of 224, columns 126 to 188 of 224]
4804.638 4804.494 4804.321 4804.148 4803.976 4803.887 4804.038 4804.189 4804.34 4804.491 4805.083 4805.842 4806.602 4807.362 4807.892 4807.431 4806.97 4806.509 4806.048 4805.337 4804.493 4803.649 4802.805 4801.977 4801.272 4800.568 4799.864 4799.16 4798.446 4797.724 4797.003 4796.281 4795.579 4795.287 4794.996 4794.704 4794.412 4793.922 4793.24 4792.557 4791.874 4791.191 4788.714 4786.184 4783.653 4781.123 4777.318 4771.856 4766.395 4760.934 4755.473 4748.098 4740.508 4732.917 4725.327 4717.468 4709.139 4700.809 4692.479 4684.149 4675.137 4665.981 4656.826
4809.124 4808.907 4808.648 4808.389 4808.13 4807.914 4807.822 4807.73 4807.638 4807.545 4807.805 4808.197 4808.59 4808.982 4809.194 4808.625 4808.056 4807.487 4806.918 4806.079 4805.094 4804.109 4803.125 4802.149 4801.24 4800.33 4799.42 4798.511 4797.523 4796.478 4795.432 4794.387 4793.368 4792.931 4792.493 4792.056 4791.619 4790.958 4790.081 4789.204 4788.327 4787.45 4784.285 4781.053 4777.82 4774.588 4770.285 4764.592 4758.898 4753.205 4747.511 4740.72 4733.804 4726.889 4719.973 4712.896 4705.532 4698.168 4690.805 4683.442 4674.732 4665.739 4656.745
4813.609 4813.321 4812.976 4812.63 4812.284 4811.941 4811.606 4811.271 4810.936 4810.601 4810.527 4810.552 4810.578 4810.603 4810.496 4809.819 4809.143 4808.466 4807.789 4806.82 4805.695 4804.57 4803.445 4802.321 4801.207 4800.092 4798.977 4797.862 4796.6 4795.231 4793.862 4792.492 4791.157 4790.574 4789.991 4789.408 4788.825 4787.994 4786.922 4785.851 4784.779 4783.708 4779.856 4775.921 4771.987 4768.053 4763.252 4757.327 4751.401 4745.476 4739.55 4733.341 4727.101 4720.86 4714.62 4708.322 4701.925 4695.529 4689.132 4682.735 4674.327 4665.496 4656.664
4817.96 4817.524 4817.0 4816.475 4815.95 4815.422 4814.884 4814.346 4813.808 4813.27 4812.929 4812.662 4812.396 4812.129 4811.768 4811.003 4810.239 4809.474 4808.709 4807.632 4806.39 4805.147 4803.904 4802.636 4801.176 4799.716 4798.256 4796.796 4795.026 4793.033 4791.039 4789.045 4787.1 4786.221 4785.341 4784.462 4783.583 4782.473 4781.14 4779.806 4778.473 4777.139 4772.803 4768.376 4763.951 4759.524 4754.541 4748.831 4743.121 4737.412 4731.702 4726.158 4720.632 4715.107 4709.581 4704.025 4698.417 4692.81 4687.201 4681.593 4673.512 4664.91 4656.309
4822.156 4821.485 4820.674 4819.863 4819.052 4818.272 4817.577 4816.882 4816.188 4815.493 4814.96 4814.488 4814.017 4813.544 4813.005 4812.176 4811.346 4810.517 4809.687 4808.528 4807.193 4805.859 4804.524 4803.116 4801.148 4799.181 4797.213 4795.246 4792.699 4789.733 4786.768 4783.802 4780.906 4779.558 4778.208 4776.859 4775.511 4773.997 4772.323 4770.649 4768.976 4767.302 4762.715 4758.04 4753.366 4748.691 4743.886 4738.911 4733.936 4728.96 4723.985 4719.2 4714.436 4709.671 4704.907 4700.048 4695.023 4689.999 4684.974 4679.949 4672.223 4663.929 4655.635
4826.351 4825.445 4824.348 4823.251 4822.154 4821.121 4820.27 4819.419 4818.567 4817.716 4816.991 4816.314 4815.637 4814.96 4814.242 4813.348 4812.454 4811.559 4810.665 4809.423 4807.997 4806.571 4805.144 4803.596 4801.121 4798.646 4796.17 4793.695 4790.372 4786.435 4782.497 4778.559 4774.713 4772.895 4771.076 4769.257 4767.438 4765.521 4763.507 4761.493 4759.479 4757.465 4752.627 4747.704 4742.781 4737.858 4733.232 4728.991 4724.75 4720.509 4716.269 4712.242 4708.239 4704.236 4700.233 4696.071 4691.629 4687.188 4682.746 4678.304 4670.934 4662.948 4654.962
4830.546 4829.405 4828.022 4826.639 4825.256 4823.971 4822.963 4821.955 4820.947 4819.939 4819.023 4818.141 4817.258 4816.376 4815.479 4814.521 4813.561 4812.602 4811.643 4810.319 4808.801 4807.283 4805.764 4804.076 4801.093 4798.111 4795.128 4792.145 4788.045 4783.135 4778.226 4773.316 4768.521 4766.232 4763.943 4761.655 4759.366 4757.044 4754.69 4752.336 4749.982 4747.628 4742.539 4737.368 4732.196 4727.025 4722.578 4719.071 4715.564 4712.058 4708.552 4705.283 4702.042 4698.8 4695.559 4692.094 4688.235 4684.376 4680.518 4676.66 4669.646 4661.967 4654.289
4834.741 4833.366 4831.696 4830.027 4828.358 4826.82 4825.656 4824.492 4823.327 4822.163 4821.054 4819.967 4818.879 4817.792 4816.716 4815.692 4814.668 4813.645 4812.621 4811.214 4809.604 4807.994 4806.384 4804.556 4801.066 4797.576 4794.085 4790.595 4785.718 4779.836 4773.955 4768.073 4762.327 4759.569 4756.811 4754.053 4751.294 4748.569 4745.875 4743.18 4740.486 4737.792 4732.451 4727.031 4721.612 4716.192 4711.923 4709.151 4706.379 4703.607 4700.835 4698.325 4695.845 4693.365 4690.885 4688.117 4684.841 4681.566 4678.291 4675.015 4668.356 4660.986 4653.615
4837.527 4836.047 4834.281 4832.516 4830.751 4829.116 4827.85 4826.584 4825.318 4824.053 4822.829 4821.622 4820.414 4819.207 4817.995 4816.766 4815.537 4814.308 4813.079 4811.415 4809.517 4807.62 4805.723 4803.572 4799.489 4795.406 4791.323 4787.24 4781.812 4775.409 4769.006 4762.604 4756.34 4753.137 4749.934 4746.731 4743.528 4740.604 4737.95 4735.296 4732.642 4729.988 4725.385 4720.724 4716.063 4711.401 4707.678 4705.174 4702.671 4700.167 4697.664 4695.204 4692.749 4690.294 4687.839 4685.075 4681.767 4678.458 4675.15 4671.842 4665.535 4658.598 4651.66
4840.203 4838.627 4836.781 4834.935 4833.089 4831.369 4830.006 4828.643 4827.279 4825.917 4824.584 4823.263 4821.942 4820.622 4819.277 4817.832 4816.387 4814.942 4813.497 4811.56 4809.36 4807.161 4804.961 4802.474 4797.792 4793.109 4788.427 4783.744 4777.783 4770.894 4764.005 4757.116 4750.369 4746.723 4743.077 4739.431 4735.786 4732.678 4730.095 4727.511 4724.928 4722.344 4718.556 4714.731 4710.907 4707.083 4703.933 4701.662 4699.391 4697.119 4694.848 4692.382 4689.895 4687.408 4684.92 4682.106 4678.717 4675.328 4671.938 4668.549 4662.594 4656.1 4649.604
4842.879 4841.208 4839.281 4837.354 4835.427 4833.622 4832.161 4830.701 4829.241 4827.78 4826.339 4824.905 4823.47 4822.036 4820.559 4818.898 4817.237 4815.576 4813.915 4811.706 4809.204 4806.702 4804.2 4801.375 4796.094 4790.812 4785.53 4780.249 4773.753 4766.378 4759.004 4751.629 4744.397 4740.309 4736.22 4732.131 4728.042 4724.753 4722.24 4719.727 4717.213 4714.7 4711.726 4708.739 4705.751 4702.764 4700.188 4698.149 4696.11 4694.071 4692.032 4689.561 4687.041 4684.521 4682.002 4679.138 4675.667 4672.197 4668.727 4665.256 4659.653 4653.601 4647.549
4845.555 4843.789 4841.781 4839.773 4837.765 4835.874 4834.316 4832.759 4831.202 4829.644 4828.094 4826.546 4824.999 4823.451 4821.841 4819.964 4818.087 4816.21 4814.333 4811.852 4809.047 4806.243 4803.438 4800.277 4794.396 4788.515 4782.634 4776.753 4769.724 4761.863 4754.002 4746.142 4738.426 4733.895 4729.363 4724.832 4720.3 4716.828 4714.385 4711.942 4709.499 4707.056 4704.896 4702.746 4700.596 4698.445 4696.444 4694.637 4692.83 4691.023 4689.216 4686.74 4684.188 4681.635 4679.083 4676.169 4672.618 4669.066 4665.515 4661.964 4656.712 4651.103 4645.494
4847.635 4845.776 4843.7 4841.623 4839.547 4837.583 4835.942 4834.3 4832.658 4831.016 4829.374 4827.731 4826.09 4824.448 4822.728 4820.673 4818.618 4816.563 4814.508 4811.748 4808.611 4805.475 4802.339 4798.822 4792.403 4785.983 4779.564 4773.145 4765.731 4757.596 4749.46 4741.325 4733.341 4728.686 4724.03 4719.375 4714.72 4711.281 4709.025 4706.768 4704.511 4702.255 4700.626 4699.017 4697.408 4695.798 4694.165 4692.499 4690.833 4689.167 4687.502 4685.017 4682.438 4679.86 4677.282 4674.329 4670.715 4667.102 4663.489 4659.875 4654.913 4649.666 4644.419
4848.789 4846.84 4844.715 4842.589 4840.464 4838.449 4836.742 4835.035 4833.328 4831.621 4829.915 4828.208 4826.501 4824.794 4823.0 4820.826 4818.652 4816.478 4814.304 4811.256 4807.742 4804.228 4800.713 4796.811 4789.949 4783.087 4776.225 4769.363 4761.794 4753.713 4745.631 4737.55 4729.634 4725.351 4721.069 4716.786 4712.503 4709.435 4707.545 4705.656 4703.766 4701.876 4700.338 4698.81 4697.281 4695.752 4694.165 4692.499 4690.833 4689.167 4687.502 4685.002 4682.407 4679.813 4677.219 4674.243 4670.598 4666.952 4663.307 4659.661 4654.889 4649.879 4644.87
4849.943 4847.903 4845.729 4843.556 4841.382 4839.313 4837.542 4835.77 4833.999 4832.227 4830.456 4828.684 4826.912 4825.141 4823.271 4820.979 4818.686 4816.393 4814.101 4810.765 4806.873 4802.98 4799.088 4794.8 4787.496 4780.191 4772.886 4765.582 4757.857 4749.83 4741.803 4733.775 4725.927 4722.017 4718.107 4714.197 4710.287 4707.588 4706.065 4704.543 4703.021 4701.499 4700.049 4698.602 4697.154 4695.707 4694.165 4692.499 4690.833 4689.167 4687.502 4684.987 4682.376 4679.766 4677.155 4674.158 4670.48 4666.802 4663.124 4659.446 4654.864 4650.093 4645.321
4851.097 4848.967 4846.745 4844.522 4842.3 4840.178 4838.342 4836.505 4834.669 4832.833 4830.996 4829.16 4827.324 4825.487 4823.542 4821.131 4818.72 4816.309 4813.897 4810.273 4806.003 4801.733 4797.463 4792.79 4785.042 4777.294 4769.547 4761.799 4753.921 4745.947 4737.974 4730.0 4722.22 4718.683 4715.145 4711.608 4708.07 4705.741 4704.586 4703.431 4702.276 4701.121 4699.76 4698.394 4697.027 4695.661 4694.165 4692.499 4690.833 4689.167 4687.502 4684.973 4682.346 4679.719 4677.092 4674.073 4670.362 4666.652 4662.941 4659.231 4654.84 4650.306 4645.772
4852.25 4850.03 4847.759 4845.488 4843.218 4841.043 4839.142 4837.241 4835.339 4833.438 4831.537 4829.636 4827.735 4825.834 4823.814 4821.284 4818.754 4816.224 4813.693 4809.782 4805.134 4800.486 4795.837 4790.779 4782.588 4774.398 4766.208 4758.018 4749.984 4742.065 4734.146 4726.226 4718.513 4715.349 4712.184 4709.019 4705.854 4703.895 4703.106 4702.318 4701.531 4700.743 4699.472 4698.186 4696.901 4695.615 4694.165 4692.499 4690.833 4689.167 4687.502 4684.958 4682.315 4679.672 4677.029 4673.988 4670.245 4666.502 4662.759 4659.016 4654.816 4650.52 4646.223
4850.952 4848.731 4846.523 4844.314 4842.105 4839.989 4838.134 4836.279 4834.423 4832.568 4830.633 4828.667 4826.701 4824.735 4822.68 4820.238 4817.797 4815.356 4812.915 4809.062 4804.456 4799.85 4795.244 4790.236 4782.167 4774.097 4766.027 4757.957 4750.49 4743.46 4736.431 4729.401 4722.569 4720.072 4717.575 4715.078 4712.582 4710.88 4709.951 4709.022 4708.094 4707.165 4705.22 4703.245 4701.269 4699.293 4697.367 4695.502 4693.638 4691.774 4689.91 4687.269 4684.541 4681.812 4679.083 4676.061 4672.521 4668.982 4665.442 4661.902 4657.88 4653.756 4649.633
4849.237 4847.033 4844.905 4842.777 4840.649 4838.61 4836.819 4835.029 4833.239 4831.448 4829.484 4827.453 4825.422 4823.392 4821.307 4818.99 4816.673 4814.356 4812.039 4808.303 4803.811 4799.318 4794.825 4789.943 4782.089 4774.235 4766.381 4758.528 4751.75 4745.751 4739.753 4733.754 4727.939 4726.161 4724.382 4722.604 4720.825 4719.362 4718.207 4717.051 4715.896 4714.74 4711.992 4709.195 4706.399 4703.603 4701.111 4699.015 4696.918 4694.822 4692.726 4689.974 4687.148 4684.323 4681.497 4678.5 4675.204 4671.907 4668.61 4665.313 4661.468 4657.506 4653.544
4847.523 4845.333 4843.287 4841.24 4839.193 4837.23 4835.505 4833.779 4832.054 4830.328 4828.334 4826.239 4824.144 4822.048 4819.934 4817.741 4815.548 4813.355 4811.163 4807.544 4803.165 4798.786 4794.407 4789.65 4782.012 4774.374 4766.736 4759.098 4753.009 4748.042 4743.075 4738.107 4733.311 4732.25 4731.189 4730.129 4729.069 4727.845 4726.463 4725.081 4723.698 4722.316 4718.764 4715.146 4711.53 4707.913 4704.856 4702.527 4700.199 4697.87 4695.542 4692.679 4689.756 4686.833 4683.911 4680.94 4677.886 4674.833 4671.779 4668.725 4665.055 4661.255 4657.456
4845.809 4843.634 4841.669 4839.703 4837.737 4835.851 4834.19 4832.53 4830.869 4829.208 4827.186 4825.025 4822.865 4820.705 4818.562 4816.493 4814.424 4812.355 4810.287 4806.785 4802.52 4798.254 4793.988 4789.356 4781.935 4774.513 4767.091 4759.669 4754.268 4750.332 4746.396 4742.461 4738.681 4738.339 4737.997 4737.655 4737.313 4736.328 4734.718 4733.109 4731.5 4729.891 4725.535 4721.098 4716.66 4712.222 4708.601 4706.04 4703.479 4700.918 4698.358 4695.384 4692.364 4689.344 4686.324 4683.38 4680.569 4677.758 4674.947 4672.136 4668.643 4665.005 4661.368
4843.708 4841.586 4839.735 4837.883 4836.031 4834.244 4832.643 4831.042 4829.441 4827.839 4825.83 4823.665 4821.5 4819.335 4817.205 4815.22 4813.236 4811.252 4809.269 4805.894 4801.778 4797.662 4793.545 4789.093 4782.076 4775.06 4768.043 4761.027 4756.392 4753.484 4750.576 4747.668 4744.9 4745.193 4745.486 4745.78 4746.073 4745.375 4743.712 4742.05 4740.389 4738.727 4733.867 4728.911 4723.956 4719.0 4714.916 4711.965 4709.014 4706.062 4703.111 4699.904 4696.667 4693.432 4690.196 4687.131 4684.369 4681.606 4678.844 4676.082 4672.669 4669.119 4665.57
4840.783 4838.793 4837.125 4835.457 4833.789 4832.15 4830.598 4829.045 4827.493 4825.94 4824.034 4821.993 4819.953 4817.912 4815.882 4813.898 4811.914 4809.93 4807.946 4804.719 4800.83 4796.94 4793.051 4788.893 4782.686 4776.479 4770.273 4764.066 4760.364 4758.477 4756.589 4754.702 4752.93 4753.682 4754.434 4755.187 4755.938 4755.628 4754.285 4752.941 4751.598 4750.254 4745.529 4740.703 4735.877 4731.052 4726.724 4723.043 4719.363 4715.683 4712.003 4708.3 4704.594 4700.888 4697.182 4693.685 4690.556 4687.426 4684.296 4681.167 4677.632 4674.012 4670.393
4837.858 4836.0 4834.516 4833.031 4831.546 4830.057 4828.553 4827.048 4825.544 4824.041 4822.238 4820.321 4818.405 4816.488 4814.559 4812.575 4810.591 4808.607 4806.623 4803.544 4799.882 4796.219 4792.556 4788.693 4783.296 4777.899 4772.503 4767.106 4764.336 4763.469 4762.602 4761.735 4760.959 4762.17 4763.382 4764.593 4765.804 4765.881 4764.856 4763.832 4762.807 4761.782 4757.192 4752.496 4747.799 4743.103 4738.532 4734.123 4729.713 4725.304 4720.895 4716.695 4712.52 4708.344 4704.169 4700.239 4696.742 4693.246 4689.749 4686.252 4682.596 4678.906 4675.216
4834.933 4833.208 4831.906 4830.605 4829.304 4827.963 4826.507 4825.052 4823.597 4822.141 4820.442 4818.649 4816.857 4815.065 4813.236 4811.252 4809.269 4807.284 4805.3 4802.37 4798.934 4795.498 4792.062 4788.493 4783.906 4779.319 4774.733 4770.146 4768.308 4768.461 4768.615 4768.769 4768.989 4770.659 4772.329 4774.0 4775.67 4776.134 4775.428 4774.722 4774.016 4773.31 4768.854 4764.288 4759.721 4755.155 4750.339 4745.201 4740.063 4734.925 4729.787 4725.091 4720.446 4715.801 4711.155 4706.793 4702.929 4699.065 4695.201 4691.337 4687.559 4683.799 4680.039
4832.008 4830.415 4829.297 4828.179 4827.062 4825.869 4824.462 4823.055 4821.648 4820.242 4818.646 4816.978 4815.31 4813.641 4811.914 4809.93 4807.946 4805.961 4803.978 4801.195 4797.986 4794.776 4791.567 4788.292 4784.516 4780.739 4776.962 4773.186 4772.279 4773.454 4774.628 4775.802 4777.019 4779.147 4781.277 4783.406 4785.535 4786.388 4786.0 4785.612 4785.225 4784.837 4780.518 4776.08 4771.643 4767.206 4762.147 4756.28 4750.413 4744.546 4738.679 4733.487 4728.372 4723.257 4718.142 4713.347 4709.116 4704.885 4700.654 4696.422 4692.522 4688.692 4684.862
4828.758 4827.337 4826.408 4825.478 4824.548 4823.525 4822.239 4820.953 4819.667 4818.38 4816.962 4815.494 4814.026 4812.559 4811.018 4809.16 4807.303 4805.446 4803.588 4800.995 4798.008 4795.021 4792.035 4789.013 4785.721 4782.429 4779.137 4775.845 4775.374 4776.947 4778.521 4780.095 4781.706 4784.142 4786.578 4789.014 4791.45 4792.763 4792.986 4793.208 4793.431 4793.653 4789.658 4785.536 4781.415 4777.293 4772.356 4766.36 4760.364 4754.368 4748.372 4742.974 4737.642 4732.311 4726.979 4721.868 4717.143 4712.417 4707.692 4702.967 4698.714 4694.56 4690.406
4825.417 4824.182 4823.441 4822.7 4821.959 4821.113 4819.967 4818.821 4817.675 4816.529 4815.31 4814.063 4812.817 4811.571 4810.24 4808.544 4806.849 4805.154 4803.458 4801.065 4798.3 4795.535 4792.77 4789.99 4787.092 4784.194 4781.296 4778.398 4778.224 4780.024 4781.825 4783.625 4785.465 4788.166 4790.866 4793.567 4796.267 4798.062 4798.975 4799.889 4800.802 4801.716 4798.097 4794.342 4790.588 4786.833 4782.121 4776.163 4770.205 4764.247 4758.288 4752.762 4747.285 4741.808 4736.331 4730.935 4725.68 4720.426 4715.172 4709.917 4705.247 4700.698 4696.15
