data/zism_data/00048_04_D.txt
ncols         224
nrows         224
[rows 196 to 223 of 224, columns 63 to 125 of 224]
1351.76 1352.544 1353.329 1354.113 1355.171 1356.325 1357.48 1358.634 1359.823 1361.162 1362.502 1363.842 1365.181 1366.417 1367.592 1368.768 1369.944 1371.135 1372.486 1373.836 1375.186 1376.536 1377.894 1379.258 1380.622 1381.986 1383.35 1384.528 1385.704 1386.88 1388.056 1389.167 1390.192 1391.218 1392.243 1393.269 1394.097 1394.898 1395.7 1396.502 1397.142 1397.459 1397.777 1398.094 1398.411 1398.519 1398.568 1398.616 1398.665 1398.703 1398.703 1398.703 1398.703 1398.703 1398.724 1398.756 1398.788 1398.819 1398.855 1398.919 1398.982 1399.045 1399.109
1352.203 1353.047 1353.891 1354.735 1355.748 1356.822 1357.895 1358.969 1360.081 1361.362 1362.642 1363.922 1365.203 1366.386 1367.513 1368.641 1369.768 1370.916 1372.277 1373.638 1374.999 1376.36 1377.691 1378.995 1380.3 1381.605 1382.91 1384.04 1385.167 1386.295 1387.422 1388.505 1389.531 1390.556 1391.582 1392.607 1393.478 1394.328 1395.178 1396.028 1396.701 1397.018 1397.336 1397.653 1397.971 1398.078 1398.127 1398.176 1398.224 1398.262 1398.262 1398.262 1398.262 1398.262 1398.291 1398.333 1398.376 1398.418 1398.466 1398.551 1398.636 1398.721 1398.806
1352.689 1353.555 1354.42 1355.286 1356.265 1357.284 1358.303 1359.322 1360.379 1361.598 1362.817 1364.036 1365.255 1366.385 1367.464 1368.543 1369.622 1370.725 1372.088 1373.451 1374.814 1376.177 1377.482 1378.736 1379.991 1381.245 1382.499 1383.6 1384.699 1385.798 1386.896 1387.963 1388.989 1390.014 1391.04 1392.065 1392.95 1393.816 1394.681 1395.547 1396.217 1396.492 1396.768 1397.044 1397.32 1397.41 1397.448 1397.486 1397.523 1397.553 1397.553 1397.553 1397.553 1397.553 1397.592 1397.649 1397.707 1397.765 1397.831 1397.96 1398.088 1398.216 1398.344
1353.235 1354.068 1354.902 1355.736 1356.694 1357.697 1358.7 1359.703 1360.734 1361.889 1363.043 1364.197 1365.352 1366.427 1367.458 1368.488 1369.519 1370.578 1371.93 1373.282 1374.634 1375.986 1377.266 1378.483 1379.699 1380.916 1382.133 1383.233 1384.332 1385.43 1386.529 1387.596 1388.621 1389.647 1390.672 1391.698 1392.554 1393.387 1394.221 1395.054 1395.668 1395.842 1396.015 1396.189 1396.363 1396.409 1396.42 1396.431 1396.442 1396.45 1396.45 1396.45 1396.45 1396.45 1396.504 1396.583 1396.662 1396.742 1396.837 1397.041 1397.244 1397.448 1397.651
1353.781 1354.582 1355.384 1356.185 1357.123 1358.11 1359.097 1360.083 1361.089 1362.179 1363.269 1364.359 1365.449 1366.47 1367.452 1368.434 1369.416 1370.43 1371.771 1373.113 1374.454 1375.795 1377.05 1378.229 1379.408 1380.587 1381.766 1382.865 1383.964 1385.063 1386.162 1387.229 1388.254 1389.28 1390.305 1391.331 1392.158 1392.959 1393.76 1394.562 1395.12 1395.191 1395.262 1395.334 1395.405 1395.408 1395.392 1395.376 1395.36 1395.348 1395.348 1395.348 1395.348 1395.348 1395.417 1395.517 1395.618 1395.719 1395.843 1396.121 1396.4 1396.679 1396.958
1354.327 1355.096 1355.865 1356.634 1357.552 1358.523 1359.493 1360.464 1361.445 1362.47 1363.495 1364.52 1365.545 1366.512 1367.446 1368.38 1369.313 1370.282 1371.612 1372.943 1374.274 1375.604 1376.834 1377.975 1379.116 1380.257 1381.399 1382.498 1383.597 1384.696 1385.794 1386.861 1387.887 1388.912 1389.938 1390.963 1391.762 1392.531 1393.3 1394.069 1394.571 1394.54 1394.509 1394.479 1394.448 1394.407 1394.365 1394.322 1394.279 1394.246 1394.246 1394.246 1394.246 1394.246 1394.329 1394.451 1394.573 1394.696 1394.848 1395.202 1395.557 1395.911 1396.265
1354.874 1355.61 1356.347 1357.084 1357.981 1358.936 1359.89 1360.844 1361.8 1362.76 1363.721 1364.682 1365.642 1366.555 1367.44 1368.325 1369.211 1370.134 1371.454 1372.774 1374.094 1375.414 1376.617 1377.721 1378.825 1379.928 1381.032 1382.131 1383.229 1384.328 1385.427 1386.494 1387.519 1388.545 1389.57 1390.596 1391.366 1392.103 1392.839 1393.576 1394.023 1393.89 1393.756 1393.623 1393.49 1393.407 1393.337 1393.267 1393.197 1393.144 1393.144 1393.144 1393.144 1393.144 1393.242 1393.385 1393.529 1393.673 1393.854 1394.283 1394.713 1395.143 1395.572
1355.294 1356.05 1356.806 1357.562 1358.432 1359.342 1360.252 1361.162 1362.084 1363.055 1364.026 1364.997 1365.968 1366.88 1367.759 1368.638 1369.517 1370.428 1371.676 1372.925 1374.173 1375.421 1376.589 1377.688 1378.787 1379.885 1380.984 1382.037 1383.089 1384.141 1385.192 1386.21 1387.184 1388.158 1389.133 1390.107 1390.83 1391.52 1392.21 1392.901 1393.303 1393.128 1392.954 1392.779 1392.605 1392.476 1392.361 1392.246 1392.13 1392.042 1392.042 1392.042 1392.042 1392.042 1392.129 1392.256 1392.384 1392.512 1392.67 1393.03 1393.39 1393.75 1394.11
1355.697 1356.479 1357.262 1358.045 1358.886 1359.748 1360.609 1361.471 1362.358 1363.35 1364.342 1365.335 1366.327 1367.247 1368.126 1369.005 1369.884 1370.788 1371.956 1373.123 1374.291 1375.459 1376.589 1377.688 1378.787 1379.885 1380.984 1381.984 1382.982 1383.98 1384.978 1385.94 1386.855 1387.769 1388.684 1389.599 1390.273 1390.914 1391.556 1392.198 1392.557 1392.35 1392.144 1391.937 1391.73 1391.557 1391.393 1391.229 1391.065 1390.939 1390.939 1390.939 1390.939 1390.939 1391.012 1391.118 1391.224 1391.33 1391.458 1391.726 1391.995 1392.263 1392.531
1356.099 1356.908 1357.718 1358.528 1359.34 1360.153 1360.967 1361.78 1362.631 1363.645 1364.659 1365.673 1366.687 1367.615 1368.494 1369.373 1370.252 1371.149 1372.235 1373.322 1374.409 1375.496 1376.589 1377.688 1378.787 1379.885 1380.984 1381.931 1382.875 1383.819 1384.763 1385.669 1386.525 1387.38 1388.236 1389.092 1389.715 1390.309 1390.902 1391.496 1391.812 1391.573 1391.333 1391.094 1390.855 1390.637 1390.425 1390.212 1390.0 1389.837 1389.837 1389.837 1389.837 1389.837 1389.895 1389.98 1390.064 1390.149 1390.246 1390.423 1390.6 1390.776 1390.953
1356.501 1357.337 1358.174 1359.011 1359.794 1360.559 1361.324 1362.089 1362.905 1363.94 1364.975 1366.011 1367.047 1367.982 1368.861 1369.74 1370.619 1371.509 1372.515 1373.521 1374.527 1375.533 1376.589 1377.688 1378.787 1379.885 1380.984 1381.878 1382.768 1383.658 1384.549 1385.398 1386.195 1386.991 1387.788 1388.584 1389.158 1389.703 1390.248 1390.793 1391.066 1390.795 1390.523 1390.252 1389.98 1389.717 1389.457 1389.196 1388.935 1388.735 1388.735 1388.735 1388.735 1388.735 1388.778 1388.841 1388.904 1388.968 1389.034 1389.119 1389.204 1389.29 1389.375
1356.88 1357.725 1358.571 1359.417 1360.181 1360.917 1361.653 1362.39 1363.183 1364.222 1365.261 1366.3 1367.339 1368.276 1369.155 1370.034 1370.913 1371.797 1372.737 1373.677 1374.616 1375.556 1376.571 1377.65 1378.729 1379.807 1380.886 1381.735 1382.581 1383.427 1384.272 1385.074 1385.818 1386.563 1387.307 1388.051 1388.567 1389.053 1389.539 1390.024 1390.253 1389.967 1389.681 1389.396 1389.11 1388.807 1388.5 1388.193 1387.885 1387.648 1387.645 1387.641 1387.637 1387.634 1387.661 1387.703 1387.744 1387.786 1387.821 1387.813 1387.806 1387.798 1387.79
1357.213 1358.031 1358.85 1359.669 1360.434 1361.181 1361.928 1362.675 1363.471 1364.477 1365.484 1366.491 1367.498 1368.423 1369.302 1370.181 1371.06 1371.941 1372.843 1373.745 1374.647 1375.549 1376.514 1377.534 1378.554 1379.573 1380.593 1381.415 1382.234 1383.052 1383.871 1384.641 1385.348 1386.054 1386.761 1387.468 1387.908 1388.313 1388.718 1389.123 1389.305 1389.041 1388.776 1388.512 1388.248 1387.916 1387.566 1387.215 1386.865 1386.592 1386.578 1386.564 1386.549 1386.535 1386.544 1386.564 1386.584 1386.604 1386.608 1386.504 1386.399 1386.294 1386.189
1357.545 1358.337 1359.129 1359.921 1360.687 1361.445 1362.202 1362.96 1363.759 1364.733 1365.708 1366.682 1367.656 1368.57 1369.449 1370.328 1371.207 1372.085 1372.949 1373.813 1374.678 1375.542 1376.458 1377.419 1378.379 1379.34 1380.3 1381.094 1381.886 1382.678 1383.47 1384.208 1384.877 1385.546 1386.215 1386.884 1387.248 1387.573 1387.897 1388.221 1388.357 1388.114 1387.871 1387.629 1387.386 1387.025 1386.632 1386.238 1385.845 1385.537 1385.511 1385.486 1385.461 1385.436 1385.427 1385.426 1385.424 1385.423 1385.395 1385.194 1384.992 1384.79 1384.589
1357.878 1358.643 1359.408 1360.172 1360.94 1361.708 1362.477 1363.245 1364.046 1364.989 1365.931 1366.873 1367.815 1368.717 1369.596 1370.475 1371.354 1372.228 1373.055 1373.882 1374.708 1375.535 1376.402 1377.303 1378.204 1379.106 1380.007 1380.774 1381.539 1382.304 1383.068 1383.775 1384.407 1385.038 1385.669 1386.301 1386.589 1386.833 1387.076 1387.32 1387.409 1387.187 1386.966 1386.745 1386.524 1386.134 1385.698 1385.261 1384.824 1384.481 1384.445 1384.409 1384.373 1384.337 1384.31 1384.287 1384.264 1384.241 1384.182 1383.884 1383.585 1383.287 1382.988
1358.211 1358.949 1359.687 1360.424 1361.193 1361.972 1362.751 1363.53 1364.334 1365.244 1366.154 1367.064 1367.974 1368.864 1369.743 1370.622 1371.501 1372.372 1373.161 1373.95 1374.739 1375.528 1376.346 1377.188 1378.03 1378.872 1379.714 1380.453 1381.191 1381.929 1382.667 1383.343 1383.936 1384.53 1385.123 1385.717 1385.93 1386.093 1386.256 1386.418 1386.461 1386.261 1386.061 1385.861 1385.662 1385.243 1384.763 1384.284 1383.804 1383.425 1383.378 1383.332 1383.285 1383.238 1383.193 1383.149 1383.104 1383.06 1382.97 1382.574 1382.179 1381.783 1381.388
1358.521 1359.215 1359.909 1360.603 1361.384 1362.195 1363.006 1363.818 1364.641 1365.514 1366.387 1367.261 1368.134 1368.995 1369.848 1370.701 1371.554 1372.401 1373.173 1373.946 1374.719 1375.492 1376.286 1377.099 1377.912 1378.725 1379.538 1380.233 1380.927 1381.621 1382.315 1382.945 1383.492 1384.04 1384.587 1385.135 1385.305 1385.426 1385.546 1385.667 1385.677 1385.464 1385.252 1385.039 1384.827 1384.375 1383.857 1383.338 1382.82 1382.406 1382.34 1382.274 1382.208 1382.142 1382.05 1381.945 1381.841 1381.736 1381.585 1381.127 1380.67 1380.212 1379.754
1358.826 1359.472 1360.117 1360.762 1361.558 1362.407 1363.256 1364.105 1364.952 1365.788 1366.623 1367.459 1368.295 1369.121 1369.942 1370.763 1371.584 1372.4 1373.161 1373.924 1374.686 1375.448 1376.225 1377.017 1377.808 1378.6 1379.391 1380.039 1380.684 1381.329 1381.975 1382.557 1383.056 1383.554 1384.053 1384.552 1384.688 1384.777 1384.865 1384.954 1384.935 1384.701 1384.467 1384.233 1383.999 1383.513 1382.957 1382.401 1381.844 1381.397 1381.31 1381.222 1381.135 1381.047 1380.9 1380.726 1380.551 1380.376 1380.158 1379.646 1379.134 1378.622 1378.111
1359.131 1359.728 1360.325 1360.922 1361.733 1362.62 1363.507 1364.393 1365.263 1366.061 1366.859 1367.657 1368.455 1369.247 1370.036 1370.825 1371.613 1372.399 1373.15 1373.901 1374.652 1375.404 1376.165 1376.935 1377.705 1378.474 1379.244 1379.844 1380.441 1381.038 1381.635 1382.168 1382.619 1383.069 1383.52 1383.97 1384.072 1384.128 1384.184 1384.24 1384.193 1383.937 1383.682 1383.426 1383.171 1382.65 1382.057 1381.463 1380.869 1380.388 1380.279 1380.17 1380.061 1379.952 1379.75 1379.506 1379.261 1379.017 1378.73 1378.165 1377.599 1377.033 1376.468
1359.436 1359.984 1360.533 1361.082 1361.908 1362.832 1363.757 1364.681 1365.575 1366.335 1367.095 1367.856 1368.616 1369.374 1370.13 1370.886 1371.643 1372.398 1373.138 1373.879 1374.619 1375.359 1376.104 1376.853 1377.601 1378.349 1379.098 1379.649 1380.198 1380.746 1381.295 1381.78 1382.182 1382.584 1382.986 1383.388 1383.456 1383.479 1383.503 1383.527 1383.451 1383.174 1382.897 1382.62 1382.343 1381.788 1381.157 1380.525 1379.894 1379.379 1379.248 1379.117 1378.987 1378.856 1378.6 1378.286 1377.971 1377.657 1377.303 1376.683 1376.064 1375.444 1374.825
1359.672 1360.193 1360.714 1361.236 1362.069 1363.013 1363.957 1364.901 1365.805 1366.537 1367.27 1368.002 1368.735 1369.467 1370.2 1370.932 1371.664 1372.396 1373.119 1373.841 1374.564 1375.287 1376.009 1376.73 1377.451 1378.172 1378.894 1379.404 1379.911 1380.418 1380.925 1381.369 1381.731 1382.093 1382.455 1382.818 1382.849 1382.838 1382.827 1382.816 1382.709 1382.412 1382.115 1381.818 1381.521 1380.943 1380.288 1379.633 1378.978 1378.439 1378.284 1378.129 1377.974 1377.819 1377.506 1377.119 1376.732 1376.344 1375.923 1375.272 1374.621 1373.97 1373.319
1359.714 1360.267 1360.821 1361.374 1362.192 1363.104 1364.015 1364.927 1365.805 1366.537 1367.27 1368.002 1368.735 1369.467 1370.2 1370.932 1371.664 1372.393 1373.078 1373.763 1374.448 1375.133 1375.814 1376.492 1377.171 1377.849 1378.527 1379.015 1379.501 1379.986 1380.472 1380.897 1381.243 1381.589 1381.935 1382.281 1382.273 1382.218 1382.164 1382.11 1381.969 1381.656 1381.342 1381.029 1380.716 1380.148 1379.509 1378.87 1378.231 1377.697 1377.51 1377.322 1377.135 1376.948 1376.569 1376.101 1375.633 1375.165 1374.678 1374.059 1373.441 1372.822 1372.203
1359.755 1360.341 1360.927 1361.513 1362.315 1363.195 1364.074 1364.953 1365.805 1366.537 1367.27 1368.002 1368.735 1369.467 1370.2 1370.932 1371.664 1372.39 1373.037 1373.684 1374.332 1374.979 1375.62 1376.255 1376.89 1377.525 1378.16 1378.627 1379.091 1379.555 1380.019 1380.425 1380.754 1381.084 1381.414 1381.744 1381.696 1381.598 1381.501 1381.404 1381.229 1380.899 1380.57 1380.24 1379.911 1379.352 1378.729 1378.106 1377.484 1376.954 1376.735 1376.515 1376.296 1376.076 1375.633 1375.084 1374.535 1373.986 1373.433 1372.846 1372.26 1371.674 1371.088
1359.797 1360.415 1361.033 1361.651 1362.438 1363.285 1364.132 1364.979 1365.805 1366.537 1367.27 1368.002 1368.735 1369.467 1370.2 1370.932 1371.664 1372.386 1372.996 1373.606 1374.215 1374.825 1375.425 1376.017 1376.609 1377.201 1377.793 1378.238 1378.681 1379.123 1379.566 1379.952 1380.266 1380.579 1380.893 1381.207 1381.119 1380.978 1380.838 1380.698 1380.489 1380.143 1379.797 1379.452 1379.106 1378.556 1377.95 1377.343 1376.736 1376.212 1375.96 1375.708 1375.457 1375.205 1374.696 1374.066 1373.437 1372.807 1372.188 1371.634 1371.08 1370.526 1369.972
1359.839 1360.489 1361.139 1361.79 1362.562 1363.376 1364.191 1365.006 1365.805 1366.537 1367.27 1368.002 1368.735 1369.467 1370.2 1370.932 1371.664 1372.383 1372.955 1373.527 1374.099 1374.671 1375.231 1375.78 1376.329 1376.878 1377.427 1377.849 1378.271 1378.691 1379.112 1379.48 1379.777 1380.075 1380.372 1380.67 1380.542 1380.358 1380.175 1379.991 1379.749 1379.387 1379.025 1378.663 1378.301 1377.761 1377.17 1376.58 1375.989 1375.47 1375.186 1374.902 1374.618 1374.333 1373.759 1373.049 1372.339 1371.628 1370.943 1370.421 1369.899 1369.378 1368.856
1360.025 1360.696 1361.367 1362.038 1362.782 1363.553 1364.324 1365.094 1365.856 1366.577 1367.297 1368.018 1368.739 1369.447 1370.148 1370.85 1371.551 1372.241 1372.814 1373.388 1373.961 1374.534 1375.074 1375.583 1376.093 1376.603 1377.113 1377.51 1377.906 1378.301 1378.697 1379.031 1379.285 1379.539 1379.793 1380.047 1379.893 1379.686 1379.479 1379.272 1379.003 1378.609 1378.216 1377.823 1377.429 1376.906 1376.347 1375.789 1375.23 1374.73 1374.426 1374.121 1373.816 1373.511 1372.918 1372.189 1371.461 1370.732 1370.027 1369.475 1368.923 1368.372 1367.82
1360.266 1360.953 1361.641 1362.328 1363.041 1363.763 1364.485 1365.207 1365.926 1366.631 1367.335 1368.04 1368.745 1369.42 1370.078 1370.736 1371.394 1372.047 1372.636 1373.225 1373.815 1374.404 1374.931 1375.403 1375.875 1376.347 1376.82 1377.19 1377.558 1377.927 1378.296 1378.591 1378.791 1378.991 1379.192 1379.392 1379.218 1378.995 1378.771 1378.548 1378.256 1377.824 1377.393 1376.962 1376.531 1376.029 1375.508 1374.987 1374.466 1373.992 1373.671 1373.35 1373.029 1372.708 1372.113 1371.39 1370.667 1369.944 1369.236 1368.63 1368.025 1367.419 1366.814
1360.508 1361.211 1361.914 1362.617 1363.299 1363.973 1364.646 1365.32 1365.997 1366.685 1367.374 1368.062 1368.75 1369.392 1370.007 1370.623 1371.238 1371.852 1372.458 1373.063 1373.669 1374.274 1374.788 1375.223 1375.657 1376.092 1376.526 1376.869 1377.211 1377.553 1377.895 1378.151 1378.298 1378.444 1378.59 1378.737 1378.542 1378.303 1378.063 1377.824 1377.508 1377.039 1376.57 1376.102 1375.633 1375.152 1374.669 1374.186 1373.702 1373.253 1372.916 1372.579 1372.242 1371.905 1371.309 1370.591 1369.873 1369.155 1368.445 1367.786 1367.126 1366.467 1365.807
