data/zism_data/00053_01_D.txt
ncols         224
nrows         224
[rows 84 to 111 of 224, columns 126 to 188 of 224]
4403.283 4404.093 4404.581 4405.069 4405.557 4406.045 4405.093 4403.215 4401.336 4399.458 4397.491 4394.506 4391.52 4388.535 4385.549 4381.127 4375.531 4369.936 4364.341 4358.738 4352.81 4346.882 4340.955 4335.026 4330.254 4326.673 4323.091 4319.509 4315.928 4313.463 4311.041 4308.618 4306.195 4304.363 4303.297 4302.231 4301.166 4300.101 4300.0 4300.0 4300.0 4300.0 4300.0 4300.0 4300.0 4300.0 4300.0 4300.002 4300.005 4300.008 4300.011 4300.237 4300.941 4301.645 4302.349 4303.052 4304.906 4307.065 4309.225 4311.384 4313.714 4316.528 4319.341
4405.45 4406.323 4406.939 4407.555 4408.17 4408.786 4408.047 4406.438 4404.828 4403.219 4401.511 4398.662 4395.813 4392.965 4390.116 4385.88 4380.512 4375.143 4369.775 4364.397 4358.61 4352.823 4347.036 4341.249 4336.5 4332.818 4329.137 4325.455 4321.774 4318.9 4316.057 4313.213 4310.37 4308.084 4306.525 4304.965 4303.406 4301.846 4301.454 4301.184 4300.914 4300.644 4300.44 4300.345 4300.25 4300.155 4300.06 4300.037 4300.027 4300.017 4300.007 4300.186 4300.768 4301.35 4301.931 4302.513 4304.199 4306.177 4308.156 4310.135 4312.357 4315.269 4318.18
4407.543 4408.485 4409.234 4409.982 4410.731 4411.479 4410.958 4409.62 4408.282 4406.943 4405.495 4402.774 4400.053 4397.332 4394.611 4390.564 4385.435 4380.306 4375.177 4370.037 4364.41 4358.782 4353.154 4347.527 4342.819 4339.058 4335.296 4331.535 4327.774 4324.498 4321.239 4317.981 4314.723 4311.981 4309.911 4307.841 4305.771 4303.701 4303.0 4302.443 4301.886 4301.329 4300.908 4300.711 4300.516 4300.319 4300.124 4300.076 4300.055 4300.035 4300.014 4300.15 4300.62 4301.09 4301.561 4302.031 4303.542 4305.329 4307.116 4308.903 4311.009 4314.016 4317.023
4409.637 4410.647 4411.529 4412.41 4413.292 4414.173 4413.869 4412.802 4411.735 4410.668 4409.479 4406.886 4404.292 4401.699 4399.106 4395.248 4390.358 4385.469 4380.579 4375.677 4370.208 4364.741 4359.272 4353.805 4349.138 4345.297 4341.456 4337.615 4333.774 4330.095 4326.422 4322.749 4319.076 4315.878 4313.297 4310.716 4308.136 4305.555 4304.547 4303.703 4302.858 4302.014 4301.375 4301.078 4300.781 4300.484 4300.187 4300.115 4300.084 4300.053 4300.021 4300.114 4300.473 4300.832 4301.19 4301.548 4302.884 4304.48 4306.076 4307.672 4309.661 4312.764 4315.867
4411.73 4412.809 4413.824 4414.838 4415.853 4416.867 4416.78 4415.984 4415.188 4414.393 4413.464 4410.998 4408.532 4406.067 4403.601 4399.932 4395.282 4390.631 4385.981 4381.316 4376.008 4370.699 4365.391 4360.083 4355.458 4351.537 4347.616 4343.695 4339.774 4335.693 4331.605 4327.517 4323.429 4319.775 4316.684 4313.592 4310.501 4307.41 4306.093 4304.962 4303.83 4302.698 4301.843 4301.445 4301.047 4300.648 4300.25 4300.154 4300.112 4300.07 4300.028 4300.079 4300.326 4300.572 4300.819 4301.066 4302.228 4303.632 4305.036 4306.44 4308.313 4311.512 4314.71
4413.561 4414.757 4415.898 4417.039 4418.179 4419.319 4419.454 4418.941 4418.429 4417.917 4417.257 4414.9 4412.543 4410.186 4407.829 4404.334 4399.913 4395.491 4391.07 4386.633 4381.508 4376.384 4371.259 4366.135 4361.549 4357.517 4353.485 4349.453 4345.421 4341.053 4336.672 4332.292 4327.911 4323.914 4320.414 4316.915 4313.416 4309.917 4308.269 4306.813 4305.358 4303.903 4302.771 4302.177 4301.582 4300.987 4300.392 4300.258 4300.207 4300.156 4300.105 4300.125 4300.295 4300.465 4300.635 4300.805 4301.793 4303.0 4304.206 4305.412 4307.135 4310.323 4313.511
4414.853 4416.266 4417.518 4418.771 4420.022 4421.275 4421.641 4421.437 4421.233 4421.029 4420.659 4418.371 4416.083 4413.795 4411.507 4408.158 4403.944 4399.729 4395.516 4391.287 4386.396 4381.506 4376.615 4371.725 4367.17 4362.963 4358.756 4354.548 4350.341 4345.926 4341.502 4337.079 4332.656 4328.549 4324.853 4321.157 4317.461 4313.765 4311.737 4309.883 4308.029 4306.174 4304.646 4303.658 4302.669 4301.681 4300.692 4300.494 4300.438 4300.382 4300.326 4300.34 4300.505 4300.669 4300.834 4300.999 4301.818 4302.812 4303.805 4304.798 4306.304 4309.264 4312.223
4416.144 4417.774 4419.139 4420.502 4421.866 4423.23 4423.828 4423.932 4424.037 4424.141 4424.061 4421.842 4419.623 4417.404 4415.185 4411.981 4407.975 4403.968 4399.961 4395.94 4391.284 4386.627 4381.971 4377.314 4372.792 4368.41 4364.027 4359.644 4355.261 4350.798 4346.332 4341.866 4337.401 4333.184 4329.292 4325.398 4321.506 4317.613 4315.206 4312.953 4310.699 4308.446 4306.521 4305.139 4303.757 4302.375 4300.993 4300.731 4300.669 4300.608 4300.546 4300.555 4300.715 4300.874 4301.033 4301.193 4301.843 4302.624 4303.404 4304.185 4305.474 4308.205 4310.936
4417.436 4419.283 4420.759 4422.234 4423.71 4425.186 4426.014 4426.427 4426.84 4427.253 4427.462 4425.313 4423.163 4421.013 4418.863 4415.805 4412.006 4408.207 4404.407 4400.594 4396.171 4391.749 4387.327 4382.904 4378.415 4373.856 4369.298 4364.739 4360.181 4355.67 4351.162 4346.654 4342.146 4337.819 4333.73 4329.64 4325.551 4321.461 4318.674 4316.022 4313.37 4310.718 4308.396 4306.621 4304.845 4303.069 4301.294 4300.967 4300.9 4300.833 4300.767 4300.771 4300.924 4301.079 4301.232 4301.386 4301.867 4302.435 4303.003 4303.571 4304.644 4307.146 4309.647
4418.727 4420.792 4422.379 4423.966 4425.554 4427.141 4428.201 4428.922 4429.644 4430.366 4430.864 4428.783 4426.703 4424.622 4422.542 4419.628 4416.037 4412.445 4408.853 4405.248 4401.059 4396.871 4392.682 4388.494 4384.037 4379.302 4374.568 4369.834 4365.101 4360.543 4355.992 4351.441 4346.891 4342.455 4338.168 4333.882 4329.596 4325.31 4322.143 4319.091 4316.041 4312.99 4310.271 4308.102 4305.933 4303.764 4301.595 4301.204 4301.131 4301.059 4300.987 4300.985 4301.134 4301.283 4301.432 4301.58 4301.892 4302.247 4302.603 4302.958 4303.813 4306.086 4308.36
4419.218 4421.477 4423.312 4425.148 4426.983 4428.819 4430.16 4431.182 4432.205 4433.227 4434.029 4432.283 4430.538 4428.792 4427.046 4424.446 4421.149 4417.852 4414.555 4411.237 4407.009 4402.781 4398.553 4394.325 4389.741 4384.79 4379.838 4374.887 4369.936 4365.315 4360.707 4356.098 4351.489 4346.979 4342.599 4338.219 4333.838 4329.458 4326.0 4322.637 4319.275 4315.913 4312.866 4310.341 4307.816 4305.292 4302.767 4302.144 4301.861 4301.578 4301.296 4301.154 4301.313 4301.471 4301.629 4301.788 4302.066 4302.375 4302.685 4302.995 4303.733 4305.687 4307.64
4419.389 4421.832 4423.97 4426.109 4428.248 4430.386 4432.027 4433.347 4434.667 4435.988 4437.099 4435.794 4434.49 4433.186 4431.882 4429.662 4426.694 4423.727 4420.759 4417.761 4413.384 4409.008 4404.631 4400.254 4395.479 4390.293 4385.108 4379.923 4374.738 4370.047 4365.374 4360.702 4356.029 4351.46 4347.027 4342.593 4338.16 4333.726 4330.012 4326.373 4322.734 4319.095 4315.748 4312.883 4310.018 4307.153 4304.288 4303.365 4302.79 4302.214 4301.639 4301.303 4301.478 4301.652 4301.827 4302.001 4302.299 4302.63 4302.961 4303.292 4303.954 4305.551 4307.148
4419.56 4422.187 4424.628 4427.07 4429.512 4431.954 4433.894 4435.512 4437.13 4438.749 4440.168 4439.306 4438.443 4437.581 4436.718 4434.877 4432.24 4429.602 4426.964 4424.286 4419.76 4415.234 4410.708 4406.182 4401.216 4395.797 4390.378 4384.958 4379.54 4374.778 4370.042 4365.306 4360.569 4355.941 4351.455 4346.968 4342.481 4337.994 4334.025 4330.109 4326.194 4322.278 4318.631 4315.425 4312.22 4309.015 4305.809 4304.586 4303.718 4302.851 4301.983 4301.453 4301.644 4301.834 4302.024 4302.215 4302.533 4302.885 4303.237 4303.589 4304.173 4305.415 4306.655
4419.731 4422.541 4425.286 4428.031 4430.776 4433.521 4435.762 4437.677 4439.593 4441.509 4443.239 4442.817 4442.396 4441.975 4441.553 4440.093 4437.785 4435.477 4433.169 4430.81 4426.135 4421.46 4416.785 4412.11 4406.954 4401.3 4395.647 4389.994 4384.341 4379.51 4374.71 4369.91 4365.11 4360.422 4355.882 4351.342 4346.802 4342.262 4338.038 4333.846 4329.653 4325.461 4321.513 4317.967 4314.422 4310.876 4307.33 4305.807 4304.647 4303.487 4302.327 4301.603 4301.809 4302.015 4302.222 4302.428 4302.767 4303.14 4303.514 4303.887 4304.394 4305.278 4306.163
4419.92 4422.935 4425.984 4429.033 4432.081 4435.13 4437.667 4439.877 4442.086 4444.296 4446.332 4446.361 4446.39 4446.419 4446.448 4445.367 4443.379 4441.392 4439.405 4437.355 4432.528 4427.702 4422.875 4418.048 4412.708 4406.839 4400.971 4395.103 4389.234 4384.32 4379.442 4374.563 4369.685 4364.93 4360.335 4355.741 4351.147 4346.553 4342.095 4337.651 4333.207 4328.763 4324.537 4320.67 4316.804 4312.937 4309.07 4307.23 4305.755 4304.279 4302.803 4301.859 4302.05 4302.242 4302.433 4302.624 4302.972 4303.361 4303.75 4304.14 4304.576 4305.146 4305.715
4420.265 4423.676 4427.033 4430.391 4433.748 4437.104 4439.918 4442.383 4444.848 4447.313 4449.625 4450.187 4450.748 4451.309 4451.87 4451.159 4449.411 4447.663 4445.915 4444.096 4439.088 4434.08 4429.073 4424.065 4418.609 4412.693 4406.777 4400.861 4394.945 4389.829 4384.743 4379.657 4374.571 4369.671 4365.013 4360.355 4355.697 4351.039 4346.546 4342.07 4337.594 4333.119 4328.816 4324.801 4320.785 4316.77 4312.754 4310.45 4308.453 4306.456 4304.459 4303.066 4302.965 4302.864 4302.763 4302.661 4302.922 4303.28 4303.637 4303.995 4304.421 4305.044 4305.667
4420.611 4424.417 4428.083 4431.749 4435.414 4439.08 4442.169 4444.889 4447.609 4450.329 4452.919 4454.012 4455.105 4456.198 4457.291 4456.951 4455.442 4453.934 4452.425 4450.836 4445.647 4440.459 4435.271 4430.082 4424.511 4418.547 4412.583 4406.619 4400.655 4395.337 4390.044 4384.75 4379.458 4374.413 4369.69 4364.969 4360.247 4355.525 4350.997 4346.489 4341.981 4337.474 4333.096 4328.931 4324.767 4320.602 4316.438 4313.669 4311.151 4308.633 4306.115 4304.274 4303.88 4303.486 4303.093 4302.699 4302.873 4303.199 4303.524 4303.85 4304.267 4304.942 4305.619
4420.956 4425.158 4429.132 4433.106 4437.08 4441.054 4444.42 4447.396 4450.371 4453.346 4456.213 4457.838 4459.463 4461.087 4462.712 4462.743 4461.474 4460.204 4458.935 4457.576 4452.207 4446.837 4441.468 4436.099 4430.413 4424.401 4418.389 4412.377 4406.365 4400.846 4395.345 4389.844 4384.344 4379.154 4374.368 4369.583 4364.796 4360.011 4355.448 4350.909 4346.369 4341.83 4337.375 4333.062 4328.748 4324.435 4320.121 4316.888 4313.849 4310.81 4307.77 4305.481 4304.795 4304.109 4303.422 4302.736 4302.824 4303.117 4303.411 4303.705 4304.112 4304.841 4305.57
4421.301 4425.899 4430.182 4434.464 4438.747 4443.029 4446.671 4449.901 4453.132 4456.362 4459.507 4461.664 4463.82 4465.977 4468.134 4468.535 4467.505 4466.475 4465.445 4464.316 4458.766 4453.216 4447.666 4442.116 4436.314 4430.254 4424.194 4418.135 4412.075 4406.354 4400.646 4394.938 4389.23 4383.895 4379.045 4374.196 4369.347 4364.497 4359.899 4355.328 4350.756 4346.185 4341.654 4337.192 4332.729 4328.267 4323.805 4320.107 4316.547 4312.986 4309.426 4306.688 4305.71 4304.731 4303.752 4302.773 4302.774 4303.036 4303.298 4303.56 4303.957 4304.739 4305.522
4421.999 4426.922 4431.43 4435.938 4440.446 4444.954 4448.851 4452.354 4455.858 4459.362 4462.79 4465.327 4467.865 4470.403 4472.941 4473.625 4472.798 4471.971 4471.144 4470.215 4464.702 4459.189 4453.676 4448.163 4442.356 4436.245 4430.135 4424.025 4417.914 4412.067 4406.229 4400.392 4394.554 4389.082 4384.086 4379.089 4374.093 4369.097 4364.452 4359.843 4355.234 4350.625 4346.042 4341.501 4336.96 4332.419 4327.878 4323.876 4319.971 4316.065 4312.161 4309.089 4307.8 4306.511 4305.221 4303.932 4303.815 4304.012 4304.208 4304.403 4304.755 4305.549 4306.344
4423.065 4428.242 4432.888 4437.535 4442.181 4446.827 4450.956 4454.752 4458.548 4462.345 4466.059 4468.82 4471.581 4474.342 4477.104 4477.979 4477.317 4476.655 4475.992 4475.23 4469.983 4464.736 4459.489 4454.242 4448.543 4442.38 4436.217 4430.053 4423.89 4417.994 4412.108 4406.223 4400.338 4394.737 4389.507 4384.276 4379.046 4373.815 4369.11 4364.458 4359.807 4355.156 4350.544 4345.998 4341.452 4336.905 4332.358 4328.221 4324.156 4320.091 4316.026 4312.742 4311.123 4309.503 4307.884 4306.265 4306.0 4306.095 4306.189 4306.285 4306.554 4307.316 4308.078
4424.132 4429.562 4434.346 4439.131 4443.915 4448.7 4453.061 4457.149 4461.238 4465.327 4469.328 4472.313 4475.297 4478.282 4481.267 4482.333 4481.836 4481.338 4480.841 4480.246 4475.265 4470.284 4465.303 4460.321 4454.731 4448.515 4442.298 4436.082 4429.865 4423.921 4417.988 4412.055 4406.122 4400.392 4394.927 4389.463 4383.999 4378.534 4373.768 4369.074 4364.38 4359.687 4355.047 4350.495 4345.943 4341.391 4336.839 4332.565 4328.341 4324.117 4319.893 4316.394 4314.445 4312.496 4310.547 4308.599 4308.184 4308.178 4308.172 4308.166 4308.352 4309.082 4309.812
4425.199 4430.881 4435.804 4440.727 4445.649 4450.572 4455.166 4459.547 4463.928 4468.31 4472.598 4475.806 4479.014 4482.222 4485.43 4486.688 4486.355 4486.022 4485.689 4485.261 4480.546 4475.831 4471.116 4466.401 4460.919 4454.65 4448.38 4442.11 4435.84 4429.849 4423.867 4417.886 4411.905 4406.047 4400.348 4394.65 4388.951 4383.253 4378.426 4373.69 4368.954 4364.217 4359.549 4354.992 4350.435 4345.877 4341.32 4336.91 4332.526 4328.143 4323.759 4320.046 4317.768 4315.489 4313.21 4310.932 4310.368 4310.261 4310.154 4310.047 4310.15 4310.848 4311.546
4426.266 4432.201 4437.262 4442.323 4447.384 4452.445 4457.271 4461.944 4466.618 4471.292 4475.867 4479.298 4482.73 4486.161 4489.592 4491.042 4490.874 4490.706 4490.538 4490.277 4485.828 4481.378 4476.929 4472.48 4467.107 4460.785 4454.461 4448.139 4441.815 4435.776 4429.747 4423.718 4417.688 4411.702 4405.769 4399.836 4393.904 4387.972 4383.084 4378.306 4373.527 4368.748 4364.051 4359.488 4354.926 4350.364 4345.801 4341.255 4336.712 4332.168 4327.625 4323.699 4321.09 4318.482 4315.874 4313.265 4312.553 4312.344 4312.136 4311.928 4311.948 4312.614 4313.281
4424.942 4430.913 4436.457 4442.0 4447.543 4453.087 4458.393 4463.545 4468.698 4473.851 4478.847 4482.041 4485.235 4488.429 4491.623 4492.992 4492.873 4492.753 4492.634 4492.433 4488.547 4484.662 4480.776 4476.891 4471.948 4465.916 4459.884 4453.852 4447.82 4441.759 4435.696 4429.633 4423.57 4417.5 4411.422 4405.344 4399.266 4393.188 4388.097 4383.108 4378.119 4373.13 4368.295 4363.713 4359.131 4354.55 4349.968 4345.438 4340.916 4336.395 4331.874 4327.962 4325.354 4322.747 4320.139 4317.531 4316.717 4316.38 4316.042 4315.706 4315.546 4315.893 4316.238
4423.276 4429.252 4435.327 4441.403 4447.478 4453.554 4459.375 4465.033 4470.69 4476.348 4481.785 4484.676 4487.567 4490.458 4493.349 4494.6 4494.512 4494.424 4494.337 4494.18 4490.901 4487.622 4484.343 4481.063 4476.596 4470.904 4465.212 4459.521 4453.83 4447.75 4441.654 4435.56 4429.465 4423.319 4417.108 4410.897 4404.687 4398.476 4393.16 4387.937 4382.714 4377.491 4372.502 4367.899 4363.296 4358.693 4354.09 4349.597 4345.123 4340.65 4336.176 4332.313 4329.753 4327.193 4324.633 4322.073 4321.164 4320.694 4320.224 4319.754 4319.402 4319.387 4319.371
4421.611 4427.591 4434.198 4440.805 4447.413 4454.02 4460.356 4466.52 4472.683 4478.846 4484.724 4487.312 4489.899 4492.487 4495.075 4496.207 4496.151 4496.096 4496.04 4495.928 4493.255 4490.582 4487.909 4485.236 4481.243 4475.892 4470.541 4465.19 4459.839 4453.74 4447.613 4441.486 4435.36 4429.139 4422.794 4416.451 4410.107 4403.763 4398.223 4392.766 4387.309 4381.852 4376.709 4372.084 4367.46 4362.836 4358.212 4353.756 4349.331 4344.905 4340.479 4336.664 4334.152 4331.64 4329.127 4326.616 4325.611 4325.008 4324.405 4323.802 4323.258 4322.881 4322.503
4419.946 4425.93 4433.069 4440.208 4447.347 4454.486 4461.338 4468.007 4474.675 4481.343 4487.662 4489.947 4492.231 4494.516 4496.8 4497.814 4497.79 4497.767 4497.743 4497.675 4495.608 4493.542 4491.475 4489.408 4485.891 4480.88 4475.869 4470.859 4465.848 4459.731 4453.572 4447.414 4441.255 4434.958 4428.481 4422.004 4415.527 4409.05 4403.285 4397.595 4391.904 4386.213 4380.916 4376.271 4371.625 4366.979 4362.334 4357.916 4353.538 4349.16 4344.782 4341.014 4338.55 4336.086 4333.622 4331.158 4330.059 4329.323 4328.586 4327.851 4327.114 4326.375 4325.636
