data/zism_data/00054_03_D.txt
ncols         224
nrows         224
[rows 84 to 111 of 224, columns 0 to 62 of 224]
1124.974 1135.218 1145.463 1155.707 1165.951 1174.448 1181.842 1189.236 1196.63 1203.888 1208.179 1212.471 1216.762 1221.053 1224.825 1228.021 1231.218 1234.415 1237.611 1240.56 1243.484 1246.407 1249.33 1252.125 1254.665 1257.206 1259.746 1262.286 1263.521 1264.357 1265.194 1266.03 1266.085 1262.952 1259.82 1256.688 1253.555 1247.459 1239.604 1231.75 1223.896 1215.875 1205.173 1194.471 1183.77 1173.068 1163.432 1154.909 1146.386 1137.863 1129.341 1122.104 1114.979 1107.854 1100.729 1093.822 1087.317 1080.812 1074.307 1067.802 1066.187 1065.942 1065.698
1121.906 1132.182 1142.458 1152.735 1163.011 1171.684 1179.345 1187.006 1194.667 1202.18 1206.449 1210.719 1214.989 1219.259 1222.903 1225.854 1228.805 1231.756 1234.707 1237.42 1240.109 1242.797 1245.486 1248.079 1250.486 1252.893 1255.3 1257.706 1258.689 1259.237 1259.785 1260.334 1260.146 1256.96 1253.775 1250.589 1247.403 1241.216 1233.25 1225.283 1217.317 1209.156 1197.85 1186.545 1175.24 1163.935 1154.199 1146.104 1138.008 1129.913 1121.817 1115.567 1109.478 1103.389 1097.3 1091.72 1087.083 1082.447 1077.811 1073.174 1073.323 1074.814 1076.305
1118.838 1129.146 1139.454 1149.763 1160.071 1168.92 1176.848 1184.776 1192.704 1200.471 1204.719 1208.968 1213.216 1217.465 1220.981 1223.687 1226.392 1229.097 1231.803 1234.28 1236.734 1239.187 1241.641 1244.034 1246.307 1248.58 1250.853 1253.127 1253.857 1254.117 1254.377 1254.637 1254.207 1250.968 1247.729 1244.49 1241.251 1234.974 1226.895 1218.817 1210.738 1202.436 1190.527 1178.619 1166.71 1154.802 1144.967 1137.298 1129.63 1121.962 1114.293 1109.03 1103.977 1098.923 1093.87 1089.618 1086.85 1084.082 1081.315 1078.547 1080.461 1083.687 1086.913
1115.821 1126.028 1136.235 1146.442 1156.649 1165.647 1173.882 1182.116 1190.351 1198.413 1202.682 1206.951 1211.22 1215.489 1218.898 1221.355 1223.812 1226.268 1228.725 1230.971 1233.194 1235.418 1237.641 1239.846 1242.014 1244.182 1246.35 1248.518 1249.04 1249.061 1249.081 1249.102 1248.465 1245.15 1241.835 1238.52 1235.205 1228.824 1220.624 1212.425 1204.225 1195.784 1183.434 1171.085 1158.736 1146.387 1136.55 1129.337 1122.124 1114.911 1107.698 1103.405 1099.367 1095.329 1091.291 1088.334 1087.384 1086.433 1085.482 1084.532 1088.123 1092.988 1097.853
1113.035 1122.542 1132.05 1141.557 1151.065 1160.09 1168.811 1177.531 1186.252 1194.787 1199.264 1203.741 1208.219 1212.696 1216.09 1218.286 1220.481 1222.676 1224.871 1226.904 1228.919 1230.934 1232.95 1235.023 1237.213 1239.402 1241.591 1243.781 1244.292 1244.291 1244.29 1244.289 1243.6 1240.109 1236.618 1233.126 1229.635 1223.088 1214.729 1206.369 1198.009 1189.434 1177.373 1165.312 1153.251 1141.19 1131.785 1125.154 1118.523 1111.891 1105.26 1101.864 1098.749 1095.635 1092.52 1090.719 1091.354 1091.989 1092.624 1093.259 1098.14 1104.212 1110.283
1110.248 1119.056 1127.865 1136.673 1145.481 1154.533 1163.74 1172.946 1182.153 1191.161 1195.847 1200.532 1205.218 1209.903 1213.283 1215.217 1217.15 1219.084 1221.018 1222.837 1224.644 1226.451 1228.258 1230.2 1232.411 1234.622 1236.833 1239.043 1239.543 1239.521 1239.498 1239.476 1238.735 1235.068 1231.401 1227.733 1224.066 1217.353 1208.833 1200.313 1191.793 1183.084 1171.311 1159.539 1147.766 1135.994 1127.02 1120.971 1114.922 1108.872 1102.823 1100.322 1098.132 1095.941 1093.75 1093.104 1095.325 1097.546 1099.766 1101.986 1108.157 1115.435 1122.713
1107.462 1115.57 1123.679 1131.788 1139.897 1148.977 1158.669 1168.361 1178.054 1187.536 1192.429 1197.323 1202.217 1207.11 1210.475 1212.148 1213.82 1215.492 1217.164 1218.77 1220.369 1221.967 1223.566 1225.378 1227.61 1229.842 1232.074 1234.306 1234.794 1234.75 1234.707 1234.663 1233.87 1230.027 1226.183 1222.34 1218.496 1211.617 1202.937 1194.257 1185.577 1176.734 1165.249 1153.765 1142.281 1130.797 1122.255 1116.788 1111.321 1105.853 1100.386 1098.781 1097.514 1096.247 1094.979 1095.49 1099.296 1103.102 1106.908 1110.714 1118.174 1126.658 1135.143
1104.675 1112.084 1119.494 1126.903 1134.313 1143.42 1153.598 1163.776 1173.954 1183.91 1189.012 1194.114 1199.216 1204.318 1207.668 1209.078 1210.489 1211.9 1213.31 1214.703 1216.093 1217.484 1218.874 1220.555 1222.808 1225.062 1227.315 1229.569 1230.045 1229.98 1229.915 1229.85 1229.006 1224.986 1220.966 1216.947 1212.927 1205.881 1197.041 1188.201 1179.361 1170.384 1159.188 1147.992 1136.796 1125.6 1117.49 1112.605 1107.719 1102.834 1097.949 1097.24 1096.896 1096.553 1096.209 1097.875 1103.266 1108.658 1114.05 1119.441 1128.191 1137.882 1147.573
1104.399 1110.516 1116.633 1122.75 1128.867 1137.317 1147.241 1157.164 1167.087 1176.809 1182.129 1187.449 1192.769 1198.089 1201.644 1203.241 1204.839 1206.438 1208.035 1209.591 1211.142 1212.693 1214.244 1216.085 1218.501 1220.917 1223.332 1225.748 1226.295 1226.272 1226.249 1226.227 1225.442 1221.551 1217.66 1213.769 1209.878 1203.226 1194.936 1186.646 1178.356 1169.95 1159.655 1149.361 1139.067 1128.772 1121.003 1115.872 1110.741 1105.609 1100.478 1099.764 1099.435 1099.107 1098.779 1100.801 1107.182 1113.562 1119.943 1126.324 1135.685 1145.883 1156.08
1105.611 1110.084 1114.557 1119.029 1123.502 1130.891 1140.12 1149.349 1158.579 1167.647 1173.191 1178.735 1184.28 1189.824 1193.711 1195.763 1197.815 1199.867 1201.918 1203.86 1205.79 1207.72 1209.65 1211.826 1214.487 1217.148 1219.809 1222.47 1223.136 1223.193 1223.251 1223.308 1222.648 1219.067 1215.486 1211.905 1208.323 1202.396 1195.078 1187.76 1180.442 1173.024 1163.995 1154.966 1145.937 1136.908 1129.425 1123.557 1117.688 1111.82 1105.952 1104.698 1103.846 1102.995 1102.143 1104.048 1111.064 1118.08 1125.096 1132.113 1141.684 1151.972 1162.26
1106.824 1109.652 1112.48 1115.309 1118.137 1124.464 1133.0 1141.535 1150.07 1158.484 1164.253 1170.022 1175.79 1181.559 1185.779 1188.285 1190.79 1193.296 1195.801 1198.129 1200.438 1202.747 1205.056 1207.566 1210.473 1213.38 1216.286 1219.193 1219.977 1220.115 1220.252 1220.39 1219.855 1216.584 1213.312 1210.041 1206.769 1201.567 1195.22 1188.874 1182.527 1176.098 1168.334 1160.571 1152.807 1145.043 1137.846 1131.241 1124.636 1118.032 1111.427 1109.632 1108.257 1106.883 1105.508 1107.296 1114.947 1122.598 1130.25 1137.901 1147.682 1158.061 1168.44
1108.036 1109.22 1110.404 1111.588 1112.772 1118.038 1125.879 1133.721 1141.562 1149.322 1155.315 1161.308 1167.301 1173.293 1177.847 1180.806 1183.765 1186.725 1189.684 1192.398 1195.086 1197.774 1200.462 1203.306 1206.459 1209.611 1212.763 1215.915 1216.818 1217.036 1217.254 1217.471 1217.062 1214.1 1211.138 1208.176 1205.214 1200.738 1195.363 1189.988 1184.613 1179.172 1172.674 1166.175 1159.677 1153.178 1146.268 1138.926 1131.584 1124.243 1116.901 1114.566 1112.668 1110.771 1108.873 1110.543 1118.83 1127.116 1135.403 1143.69 1153.681 1164.151 1174.62
1109.694 1109.236 1108.777 1108.319 1107.861 1112.021 1119.095 1126.17 1133.244 1140.278 1146.428 1152.578 1158.728 1164.878 1169.744 1173.188 1176.633 1180.077 1183.521 1186.667 1189.783 1192.898 1196.013 1199.22 1202.609 1205.999 1209.388 1212.777 1213.795 1214.089 1214.384 1214.678 1214.395 1211.755 1209.115 1206.475 1203.835 1200.082 1195.669 1191.256 1186.843 1182.38 1177.126 1171.871 1166.617 1161.362 1154.778 1146.806 1138.834 1130.861 1122.889 1120.052 1117.662 1115.273 1112.884 1114.41 1123.195 1131.981 1140.766 1149.551 1159.629 1170.07 1180.51
1117.01 1114.934 1112.858 1110.782 1108.706 1111.203 1116.585 1121.967 1127.349 1132.734 1138.19 1143.646 1149.101 1154.557 1159.477 1163.802 1168.127 1172.452 1176.778 1180.945 1185.096 1189.247 1193.398 1197.336 1200.853 1204.371 1207.888 1211.406 1212.481 1212.813 1213.145 1213.477 1213.318 1211.159 1209.0 1206.84 1204.681 1201.633 1198.058 1194.483 1190.908 1187.292 1183.009 1178.726 1174.443 1170.16 1164.423 1157.166 1149.909 1142.652 1135.395 1132.537 1130.062 1127.588 1125.113 1126.15 1133.696 1141.243 1148.789 1156.336 1164.934 1173.826 1182.718
1124.327 1120.633 1116.939 1113.245 1109.551 1110.385 1114.074 1117.764 1121.453 1125.189 1129.951 1134.713 1139.475 1144.237 1149.209 1154.416 1159.622 1164.828 1170.034 1175.223 1180.409 1185.596 1190.782 1195.452 1199.097 1202.743 1206.388 1210.034 1211.168 1211.538 1211.907 1212.276 1212.242 1210.563 1208.884 1207.205 1205.527 1203.184 1200.447 1197.71 1194.974 1192.203 1188.892 1185.581 1182.27 1178.958 1174.068 1167.526 1160.985 1154.443 1147.902 1145.022 1142.462 1139.902 1137.342 1137.889 1144.197 1150.505 1156.813 1163.121 1170.238 1177.582 1184.926
1131.643 1126.331 1121.02 1115.708 1110.397 1109.566 1111.563 1113.56 1115.557 1117.645 1121.713 1125.781 1129.849 1133.916 1138.942 1145.029 1151.116 1157.203 1163.29 1169.5 1175.722 1181.945 1188.167 1193.568 1197.341 1201.115 1204.888 1208.662 1209.855 1210.262 1210.669 1211.075 1211.166 1209.967 1208.769 1207.571 1206.372 1204.734 1202.836 1200.938 1199.039 1197.115 1194.775 1192.436 1190.096 1187.757 1183.712 1177.886 1172.06 1166.234 1160.408 1157.507 1154.862 1152.216 1149.571 1149.629 1154.698 1159.767 1164.837 1169.906 1175.542 1181.338 1187.134
1138.959 1132.03 1125.101 1118.172 1111.242 1108.748 1109.053 1109.357 1109.662 1110.101 1113.475 1116.848 1120.222 1123.596 1128.675 1135.643 1142.611 1149.579 1156.547 1163.777 1171.036 1178.294 1185.552 1191.683 1195.585 1199.487 1203.389 1207.29 1208.542 1208.986 1209.43 1209.874 1210.089 1209.371 1208.654 1207.936 1207.218 1206.285 1205.225 1204.165 1203.104 1202.026 1200.658 1199.291 1197.923 1196.555 1193.357 1188.246 1183.135 1178.025 1172.914 1169.992 1167.261 1164.531 1161.8 1161.368 1165.199 1169.029 1172.86 1176.691 1180.847 1185.094 1189.342
1147.836 1140.083 1132.33 1124.578 1116.825 1113.115 1111.957 1110.799 1109.641 1108.635 1110.963 1113.292 1115.62 1117.948 1122.658 1130.006 1137.354 1144.703 1152.051 1159.977 1167.964 1175.951 1183.937 1190.567 1194.511 1198.455 1202.399 1206.343 1207.674 1208.208 1208.742 1209.276 1209.636 1209.288 1208.94 1208.592 1208.244 1207.791 1207.276 1206.76 1206.245 1205.72 1205.047 1204.375 1203.702 1203.029 1200.616 1196.384 1192.152 1187.92 1183.688 1181.172 1178.807 1176.442 1174.077 1173.515 1176.298 1179.081 1181.864 1184.647 1187.505 1190.384 1193.263
1158.164 1150.325 1142.487 1134.649 1126.811 1122.302 1119.895 1117.487 1115.08 1112.819 1113.776 1114.732 1115.688 1116.645 1120.593 1127.856 1135.119 1142.381 1149.644 1157.963 1166.393 1174.823 1183.253 1190.164 1194.071 1197.978 1201.884 1205.791 1207.219 1207.892 1208.565 1209.238 1209.762 1209.681 1209.6 1209.519 1209.438 1209.255 1209.012 1208.769 1208.526 1208.283 1208.048 1207.813 1207.578 1207.343 1205.657 1202.455 1199.254 1196.052 1192.85 1191.14 1189.559 1187.979 1186.398 1186.042 1187.954 1189.867 1191.78 1193.693 1195.422 1197.1 1198.777
1168.491 1160.567 1152.644 1144.72 1136.796 1131.489 1127.832 1124.176 1120.519 1117.004 1116.588 1116.173 1115.757 1115.341 1118.528 1125.705 1132.883 1140.06 1147.237 1155.949 1164.822 1173.695 1182.568 1189.761 1193.63 1197.5 1201.369 1205.239 1206.765 1207.576 1208.388 1209.199 1209.888 1210.073 1210.259 1210.445 1210.631 1210.719 1210.748 1210.777 1210.806 1210.845 1211.048 1211.251 1211.453 1211.656 1210.698 1208.527 1206.355 1204.184 1202.013 1201.107 1200.311 1199.515 1198.719 1198.568 1199.61 1200.653 1201.696 1202.738 1203.339 1203.815 1204.292
1178.818 1170.809 1162.8 1154.791 1146.782 1140.676 1135.77 1130.864 1125.958 1121.188 1119.401 1117.613 1115.825 1114.038 1116.463 1123.555 1130.647 1137.738 1144.83 1153.935 1163.251 1172.567 1181.884 1189.358 1193.19 1197.022 1200.854 1204.686 1206.31 1207.26 1208.211 1209.161 1210.013 1210.466 1210.919 1211.372 1211.825 1212.182 1212.484 1212.785 1213.087 1213.408 1214.048 1214.689 1215.329 1215.97 1215.739 1214.598 1213.457 1212.316 1211.176 1211.074 1211.063 1211.052 1211.041 1211.094 1211.267 1211.439 1211.611 1211.784 1211.256 1210.531 1209.807
1189.146 1181.051 1172.957 1164.863 1156.768 1149.863 1143.707 1137.552 1131.397 1125.373 1122.213 1119.054 1115.894 1112.734 1114.398 1121.404 1128.411 1135.417 1142.423 1151.921 1161.681 1171.44 1181.199 1188.955 1192.75 1196.545 1200.339 1204.134 1205.855 1206.944 1208.034 1209.123 1210.139 1210.859 1211.579 1212.298 1213.018 1213.646 1214.22 1214.794 1215.367 1215.97 1217.049 1218.127 1219.205 1220.283 1220.78 1220.67 1220.559 1220.449 1220.338 1221.041 1221.815 1222.588 1223.362 1223.62 1222.923 1222.225 1221.527 1220.83 1219.173 1217.247 1215.321
1197.426 1190.13 1182.835 1175.54 1168.245 1161.552 1155.238 1148.924 1142.61 1136.411 1132.739 1129.066 1125.393 1121.72 1122.332 1127.689 1133.047 1138.404 1143.761 1152.498 1161.589 1170.68 1179.771 1187.165 1191.2 1195.235 1199.27 1203.305 1205.189 1206.417 1207.645 1208.873 1210.023 1210.855 1211.688 1212.52 1213.353 1214.184 1215.014 1215.845 1216.675 1217.53 1218.784 1220.038 1221.292 1222.545 1223.409 1223.866 1224.323 1224.78 1225.237 1226.522 1227.88 1229.238 1230.596 1231.394 1231.153 1230.912 1230.672 1230.431 1229.137 1227.548 1225.959
1205.627 1199.165 1192.703 1186.241 1179.778 1173.335 1166.904 1160.472 1154.041 1147.709 1143.556 1139.403 1135.25 1131.096 1130.645 1134.294 1137.943 1141.591 1145.24 1153.172 1161.554 1169.935 1178.316 1185.322 1189.608 1193.894 1198.18 1202.466 1204.515 1205.882 1207.248 1208.615 1209.898 1210.837 1211.776 1212.715 1213.654 1214.686 1215.773 1216.86 1217.946 1219.052 1220.472 1221.891 1223.31 1224.729 1225.947 1226.954 1227.96 1228.967 1229.974 1231.834 1233.769 1235.703 1237.637 1238.988 1239.254 1239.52 1239.787 1240.053 1239.179 1237.985 1236.791
1213.829 1208.2 1202.571 1196.941 1191.312 1185.119 1178.57 1172.021 1165.472 1159.007 1154.373 1149.74 1145.106 1140.472 1138.958 1140.898 1142.839 1144.779 1146.72 1153.847 1161.518 1169.189 1176.861 1183.479 1188.016 1192.553 1197.09 1201.627 1203.841 1205.346 1206.852 1208.357 1209.772 1210.818 1211.864 1212.91 1213.956 1215.189 1216.532 1217.875 1219.218 1220.575 1222.159 1223.744 1225.329 1226.913 1228.484 1230.041 1231.598 1233.154 1234.711 1237.146 1239.657 1242.168 1244.679 1246.581 1247.354 1248.128 1248.902 1249.675 1249.22 1248.422 1247.623
1222.031 1217.235 1212.438 1207.642 1202.845 1196.902 1190.236 1183.569 1176.903 1170.305 1165.191 1160.076 1154.962 1149.848 1147.271 1147.503 1147.735 1147.967 1148.199 1154.522 1161.483 1168.444 1175.405 1181.636 1186.424 1191.212 1196.0 1200.788 1203.166 1204.811 1206.455 1208.1 1209.647 1210.8 1211.953 1213.105 1214.258 1215.691 1217.29 1218.889 1220.489 1222.097 1223.847 1225.597 1227.347 1229.098 1231.022 1233.129 1235.235 1237.342 1239.448 1242.457 1245.545 1248.632 1251.72 1254.174 1255.455 1256.736 1258.016 1259.297 1259.262 1258.858 1258.455
1229.816 1225.532 1221.247 1216.963 1212.678 1206.945 1200.299 1193.653 1187.006 1180.416 1175.046 1169.676 1164.307 1158.937 1155.559 1154.388 1153.218 1152.047 1150.876 1156.322 1162.462 1168.602 1174.741 1180.441 1185.27 1190.1 1194.929 1199.758 1202.218 1203.955 1205.692 1207.43 1209.067 1210.293 1211.52 1212.747 1213.974 1215.521 1217.259 1218.996 1220.734 1222.483 1224.412 1226.34 1228.269 1230.198 1232.473 1235.11 1237.747 1240.383 1243.02 1246.576 1250.212 1253.848 1257.483 1260.484 1262.307 1264.13 1265.952 1267.775 1268.173 1268.17 1268.168
1236.997 1232.761 1228.524 1224.288 1220.051 1214.471 1208.044 1201.617 1195.189 1188.811 1183.511 1178.21 1172.91 1167.609 1163.813 1161.681 1159.549 1157.417 1155.285 1159.751 1164.908 1170.066 1175.223 1180.182 1184.75 1189.318 1193.885 1198.453 1200.872 1202.636 1204.4 1206.164 1207.828 1209.081 1210.335 1211.588 1212.841 1214.379 1216.084 1217.79 1219.495 1221.226 1223.352 1225.478 1227.605 1229.731 1232.353 1235.491 1238.63 1241.769 1244.907 1248.97 1253.113 1257.256 1261.399 1264.937 1267.352 1269.767 1272.183 1274.598 1275.447 1275.855 1276.264
