data/zism_data/00052_02_D.txt
ncols         224
nrows         224
[rows 112 to 139 of 224, columns 0 to 63 of 224]
1168.651 1168.722 1168.601 1168.481 1168.361 1168.388 1169.283 1170.177 1171.072 1171.966 1173.172 1174.606 1176.04 1177.473 1178.908 1180.453 1181.998 1183.543 1185.088 1186.99 1189.35 1191.709 1194.069 1196.429 1199.403 1202.471 1205.538 1208.605 1211.628 1214.546 1217.463 1220.381 1223.299 1226.479 1229.755 1233.031 1236.308 1239.385 1241.425 1243.464 1245.504 1247.543 1248.25 1248.034 1247.819 1247.604 1247.392 1247.328 1247.265 1247.201 1247.138 1247.08 1247.029 1246.978 1246.927 1246.876 1244.281 1241.35 1238.419 1235.487 1231.435 1224.932 1218.428 1211.925
1169.89 1169.913 1169.714 1169.516 1169.318 1169.268 1170.08 1170.892 1171.705 1172.517 1173.627 1174.957 1176.286 1177.616 1178.946 1180.335 1181.725 1183.114 1184.504 1186.289 1188.582 1190.875 1193.168 1195.461 1198.399 1201.434 1204.47 1207.506 1210.508 1213.43 1216.352 1219.275 1222.197 1225.365 1228.624 1231.882 1235.141 1238.209 1240.282 1242.356 1244.429 1246.502 1247.119 1246.729 1246.34 1245.95 1245.566 1245.43 1245.294 1245.158 1245.022 1244.95 1244.957 1244.963 1244.969 1244.976 1242.619 1239.949 1237.279 1234.609 1230.941 1225.088 1219.235 1213.383
1170.85 1170.776 1170.449 1170.122 1169.796 1169.612 1170.269 1170.926 1171.583 1172.24 1173.204 1174.394 1175.584 1176.775 1177.965 1179.183 1180.401 1181.618 1182.836 1184.48 1186.672 1188.863 1191.054 1193.245 1196.109 1199.075 1202.041 1205.007 1207.964 1210.897 1213.83 1216.763 1219.696 1222.823 1226.023 1229.223 1232.423 1235.453 1237.602 1239.75 1241.898 1244.046 1244.551 1243.92 1243.289 1242.659 1242.035 1241.744 1241.452 1241.161 1240.869 1240.72 1240.742 1240.765 1240.787 1240.81 1238.677 1236.259 1233.841 1231.424 1228.197 1223.202 1218.207 1213.212
1171.81 1171.639 1171.184 1170.728 1170.273 1169.957 1170.458 1170.96 1171.461 1171.963 1172.781 1173.832 1174.882 1175.933 1176.984 1178.03 1179.077 1180.123 1181.169 1182.672 1184.761 1186.851 1188.94 1191.029 1193.82 1196.716 1199.612 1202.509 1205.419 1208.363 1211.307 1214.251 1217.194 1220.282 1223.423 1226.563 1229.704 1232.698 1234.921 1237.144 1239.367 1241.591 1241.984 1241.112 1240.24 1239.367 1238.505 1238.057 1237.611 1237.164 1236.717 1236.49 1236.528 1236.567 1236.605 1236.644 1234.736 1232.57 1230.404 1228.238 1225.453 1221.316 1217.179 1213.042
1172.77 1172.502 1171.918 1171.334 1170.75 1170.302 1170.648 1170.994 1171.34 1171.686 1172.358 1173.269 1174.18 1175.092 1176.003 1176.878 1177.752 1178.627 1179.502 1180.864 1182.851 1184.839 1186.826 1188.814 1191.53 1194.357 1197.183 1200.01 1202.875 1205.83 1208.784 1211.739 1214.693 1217.74 1220.822 1223.904 1226.986 1229.942 1232.24 1234.538 1236.837 1239.135 1239.416 1238.303 1237.189 1236.076 1234.974 1234.371 1233.769 1233.167 1232.564 1232.259 1232.314 1232.369 1232.423 1232.478 1230.794 1228.88 1226.966 1225.052 1222.71 1219.43 1216.151 1212.871
1173.729 1173.366 1172.653 1171.94 1171.227 1170.647 1170.837 1171.028 1171.218 1171.408 1171.934 1172.706 1173.478 1174.25 1175.022 1175.725 1176.428 1177.131 1177.835 1179.056 1180.941 1182.827 1184.713 1186.598 1189.241 1191.998 1194.755 1197.512 1200.331 1203.296 1206.261 1209.226 1212.192 1215.199 1218.222 1221.245 1224.267 1227.186 1229.559 1231.933 1234.306 1236.679 1236.849 1235.494 1234.139 1232.785 1231.443 1230.685 1229.927 1229.17 1228.412 1228.029 1228.1 1228.171 1228.241 1228.312 1226.853 1225.191 1223.529 1221.866 1219.966 1217.544 1215.122 1212.7
1174.567 1174.045 1173.185 1172.325 1171.465 1170.728 1170.707 1170.686 1170.665 1170.644 1170.957 1171.515 1172.073 1172.631 1173.189 1173.767 1174.346 1174.924 1175.502 1176.576 1178.285 1179.994 1181.703 1183.413 1186.032 1188.789 1191.547 1194.304 1197.12 1200.072 1203.025 1205.977 1208.93 1211.819 1214.685 1217.551 1220.417 1223.171 1225.335 1227.499 1229.663 1231.827 1231.886 1230.491 1229.095 1227.7 1226.314 1225.335 1224.357 1223.378 1222.4 1221.89 1221.949 1222.008 1222.067 1222.126 1221.131 1219.996 1218.86 1217.725 1216.374 1214.549 1212.723 1210.898
1175.385 1174.697 1173.687 1172.677 1171.667 1170.769 1170.528 1170.288 1170.047 1169.806 1169.896 1170.229 1170.562 1170.895 1171.229 1171.689 1172.15 1172.61 1173.07 1173.995 1175.517 1177.039 1178.56 1180.082 1182.686 1185.454 1188.222 1190.99 1193.808 1196.745 1199.681 1202.618 1205.554 1208.314 1211.008 1213.703 1216.397 1218.966 1220.878 1222.791 1224.703 1226.615 1226.565 1225.159 1223.753 1222.347 1220.945 1219.736 1218.527 1217.318 1216.109 1215.466 1215.509 1215.552 1215.595 1215.637 1215.142 1214.575 1214.008 1213.441 1212.654 1211.387 1210.119 1208.851
1176.204 1175.349 1174.189 1173.029 1171.868 1170.81 1170.35 1169.889 1169.429 1168.969 1168.836 1168.943 1169.051 1169.159 1169.268 1169.611 1169.953 1170.296 1170.638 1171.415 1172.749 1174.083 1175.417 1176.751 1179.34 1182.118 1184.897 1187.676 1190.497 1193.417 1196.338 1199.258 1202.178 1204.809 1207.332 1209.854 1212.377 1214.762 1216.422 1218.082 1219.742 1221.402 1221.243 1219.827 1218.41 1216.993 1215.576 1214.136 1212.696 1211.257 1209.817 1209.041 1209.068 1209.095 1209.122 1209.148 1209.153 1209.154 1209.155 1209.157 1208.935 1208.224 1207.514 1206.804
1177.023 1176.001 1174.691 1173.38 1172.07 1170.852 1170.172 1169.491 1168.811 1168.131 1167.775 1167.658 1167.54 1167.423 1167.308 1167.533 1167.757 1167.982 1168.206 1168.834 1169.981 1171.127 1172.273 1173.42 1175.993 1178.783 1181.572 1184.362 1187.185 1190.09 1192.994 1195.898 1198.802 1201.303 1203.655 1206.006 1208.358 1210.558 1211.966 1213.374 1214.782 1216.19 1215.922 1214.494 1213.067 1211.639 1210.207 1208.536 1206.866 1205.196 1203.526 1202.617 1202.628 1202.638 1202.649 1202.66 1203.164 1203.734 1204.303 1204.873 1205.215 1205.063 1204.91 1204.757
1177.574 1176.362 1174.894 1173.427 1171.959 1170.579 1169.705 1168.832 1167.959 1167.086 1166.539 1166.233 1165.926 1165.619 1165.315 1165.423 1165.532 1165.64 1165.749 1166.203 1167.101 1167.999 1168.897 1169.795 1172.289 1175.025 1177.761 1180.496 1183.283 1186.189 1189.095 1192.001 1194.908 1197.331 1199.575 1201.819 1204.063 1206.133 1207.287 1208.442 1209.596 1210.75 1210.351 1208.877 1207.403 1205.929 1204.448 1202.667 1200.886 1199.106 1197.325 1196.35 1196.35 1196.35 1196.35 1196.35 1197.164 1198.085 1199.007 1199.928 1200.686 1201.088 1201.489 1201.89
1177.591 1176.141 1174.502 1172.863 1171.224 1169.676 1168.664 1167.651 1166.639 1165.626 1164.953 1164.528 1164.103 1163.678 1163.257 1163.252 1163.248 1163.244 1163.24 1163.469 1163.997 1164.525 1165.053 1165.581 1167.869 1170.422 1172.976 1175.529 1178.2 1181.143 1184.087 1187.03 1189.974 1192.423 1194.688 1196.954 1199.22 1201.266 1202.163 1203.06 1203.957 1204.854 1204.28 1202.688 1201.096 1199.504 1197.911 1196.259 1194.606 1192.954 1191.302 1190.397 1190.397 1190.397 1190.397 1190.397 1191.14 1191.982 1192.823 1193.664 1194.538 1195.486 1196.434 1197.382
1177.607 1175.92 1174.11 1172.299 1170.489 1168.774 1167.622 1166.47 1165.318 1164.167 1163.366 1162.823 1162.281 1161.738 1161.198 1161.082 1160.965 1160.848 1160.731 1160.735 1160.893 1161.052 1161.21 1161.368 1163.448 1165.82 1168.191 1170.562 1173.116 1176.097 1179.078 1182.059 1185.041 1187.515 1189.802 1192.089 1194.377 1196.399 1197.039 1197.679 1198.319 1198.958 1198.209 1196.499 1194.789 1193.079 1191.374 1189.85 1188.327 1186.803 1185.28 1184.445 1184.445 1184.445 1184.445 1184.445 1185.117 1185.878 1186.639 1187.4 1188.391 1189.885 1191.38 1192.874
1177.624 1175.7 1173.718 1171.736 1169.753 1167.872 1166.581 1165.29 1163.998 1162.707 1161.779 1161.119 1160.458 1159.797 1159.14 1158.911 1158.681 1158.452 1158.223 1158.001 1157.789 1157.578 1157.366 1157.155 1159.028 1161.217 1163.406 1165.595 1168.032 1171.051 1174.07 1177.088 1180.107 1182.607 1184.916 1187.224 1189.533 1191.532 1191.915 1192.297 1192.68 1193.062 1192.138 1190.31 1188.482 1186.655 1184.836 1183.442 1182.047 1180.652 1179.257 1178.493 1178.493 1178.493 1178.493 1178.493 1179.094 1179.774 1180.455 1181.135 1182.242 1184.284 1186.325 1188.367
1177.64 1175.479 1173.325 1171.172 1169.018 1166.97 1165.539 1164.109 1162.678 1161.247 1160.193 1159.414 1158.636 1157.857 1157.082 1156.74 1156.398 1156.056 1155.714 1155.267 1154.686 1154.104 1153.523 1152.941 1154.608 1156.615 1158.621 1160.628 1162.949 1166.005 1169.061 1172.117 1175.174 1177.7 1180.03 1182.36 1184.69 1186.666 1186.791 1186.916 1187.041 1187.166 1186.067 1184.121 1182.176 1180.23 1178.299 1177.033 1175.767 1174.501 1173.234 1172.541 1172.541 1172.541 1172.541 1172.541 1173.071 1173.671 1174.271 1174.871 1176.095 1178.683 1181.271 1183.859
1177.597 1175.161 1172.755 1170.349 1167.942 1165.663 1164.127 1162.591 1161.055 1159.519 1158.399 1157.584 1156.768 1155.953 1155.14 1154.686 1154.231 1153.777 1153.323 1152.746 1152.012 1151.279 1150.545 1149.812 1151.159 1152.821 1154.483 1156.146 1158.131 1160.875 1163.618 1166.361 1169.105 1171.474 1173.706 1175.938 1178.17 1180.065 1180.202 1180.339 1180.477 1180.614 1179.498 1177.515 1175.533 1173.55 1171.585 1170.409 1169.233 1168.057 1166.881 1166.237 1166.237 1166.237 1166.237 1166.237 1166.708 1167.24 1167.772 1168.305 1169.534 1172.289 1175.044 1177.798
1177.538 1174.819 1172.139 1169.459 1166.779 1164.253 1162.62 1160.988 1159.355 1157.723 1156.553 1155.721 1154.89 1154.058 1153.229 1152.662 1152.095 1151.528 1150.961 1150.279 1149.449 1148.619 1147.789 1146.959 1147.958 1149.234 1150.51 1151.787 1153.381 1155.723 1158.064 1160.405 1162.747 1164.914 1167.017 1169.12 1171.224 1173.024 1173.241 1173.459 1173.676 1173.894 1172.801 1170.803 1168.804 1166.806 1164.827 1163.731 1162.636 1161.54 1160.444 1159.844 1159.844 1159.844 1159.844 1159.844 1160.258 1160.726 1161.194 1161.662 1162.869 1165.694 1168.518 1171.342
1177.48 1174.476 1171.523 1168.57 1165.617 1162.842 1161.113 1159.385 1157.656 1155.927 1154.706 1153.859 1153.011 1152.164 1151.318 1150.638 1149.958 1149.279 1148.599 1147.811 1146.885 1145.959 1145.032 1144.106 1144.757 1145.647 1146.537 1147.427 1148.632 1150.571 1152.51 1154.449 1156.389 1158.354 1160.328 1162.303 1164.277 1165.982 1166.28 1166.578 1166.876 1167.174 1166.104 1164.09 1162.075 1160.061 1158.068 1157.053 1156.038 1155.022 1154.007 1153.451 1153.451 1153.451 1153.451 1153.451 1153.808 1154.212 1154.615 1155.019 1156.204 1159.098 1161.992 1164.886
1177.422 1174.134 1170.907 1167.681 1164.454 1161.432 1159.607 1157.781 1155.956 1154.131 1152.86 1151.996 1151.133 1150.269 1149.406 1148.614 1147.822 1147.03 1146.237 1145.344 1144.321 1143.298 1142.276 1141.253 1141.556 1142.06 1142.564 1143.068 1143.882 1145.419 1146.956 1148.494 1150.031 1151.793 1153.639 1155.485 1157.331 1158.941 1159.319 1159.698 1160.076 1160.454 1159.408 1157.377 1155.347 1153.316 1151.309 1150.375 1149.44 1148.505 1147.57 1147.058 1147.058 1147.058 1147.058 1147.058 1147.358 1147.697 1148.037 1148.376 1149.539 1152.503 1155.466 1158.43
1176.639 1173.157 1169.772 1166.387 1163.002 1159.844 1158.017 1156.19 1154.364 1152.537 1151.263 1150.394 1149.526 1148.657 1147.789 1146.878 1145.968 1145.058 1144.147 1143.135 1141.992 1140.849 1139.705 1138.562 1138.532 1138.669 1138.807 1138.945 1139.374 1140.484 1141.594 1142.704 1143.814 1145.274 1146.864 1148.454 1150.044 1151.461 1151.974 1152.487 1153.001 1153.514 1152.599 1150.696 1148.793 1146.891 1145.01 1144.114 1143.217 1142.321 1141.424 1140.939 1140.952 1140.964 1140.977 1140.99 1141.323 1141.699 1142.074 1142.45 1143.649 1146.647 1149.646 1152.644
1173.805 1170.386 1167.167 1163.948 1160.729 1157.752 1156.193 1154.635 1153.076 1151.517 1150.372 1149.53 1148.689 1147.847 1147.004 1145.96 1144.915 1143.871 1142.827 1141.657 1140.326 1138.995 1137.664 1136.334 1136.008 1135.835 1135.662 1135.489 1135.55 1136.162 1136.773 1137.385 1137.997 1138.872 1139.846 1140.819 1141.793 1142.739 1143.542 1144.344 1145.147 1145.95 1145.47 1144.103 1142.736 1141.37 1140.011 1139.035 1138.058 1137.081 1136.104 1135.597 1135.658 1135.719 1135.78 1135.84 1136.464 1137.161 1137.858 1138.555 1139.955 1142.889 1145.823 1148.757
1170.971 1167.615 1164.562 1161.509 1158.456 1155.66 1154.37 1153.079 1151.788 1150.497 1149.481 1148.666 1147.851 1147.037 1146.219 1145.041 1143.862 1142.684 1141.506 1140.178 1138.66 1137.142 1135.623 1134.105 1133.485 1133.001 1132.517 1132.032 1131.727 1131.84 1131.953 1132.066 1132.179 1132.47 1132.827 1133.184 1133.541 1134.016 1135.109 1136.201 1137.293 1138.385 1138.341 1137.51 1136.679 1135.849 1135.013 1133.956 1132.899 1131.841 1130.784 1130.255 1130.364 1130.473 1130.582 1130.691 1131.604 1132.623 1133.642 1134.661 1136.26 1139.13 1142.0 1144.87
1168.138 1164.843 1161.957 1159.07 1156.183 1153.568 1152.546 1151.523 1150.5 1149.478 1148.59 1147.802 1147.014 1146.226 1145.434 1144.122 1142.81 1141.497 1140.185 1138.7 1136.994 1135.288 1133.582 1131.876 1130.961 1130.166 1129.371 1128.576 1127.904 1127.518 1127.133 1126.747 1126.362 1126.068 1125.809 1125.55 1125.29 1125.294 1126.676 1128.058 1129.439 1130.821 1131.212 1130.917 1130.622 1130.328 1130.015 1128.877 1127.74 1126.602 1125.464 1124.913 1125.07 1125.227 1125.385 1125.542 1126.744 1128.085 1129.426 1130.766 1132.566 1135.372 1138.177 1140.983
1165.304 1162.072 1159.351 1156.631 1153.91 1151.477 1150.722 1149.967 1149.213 1148.458 1147.699 1146.938 1146.177 1145.416 1144.65 1143.203 1141.757 1140.31 1138.864 1137.222 1135.328 1133.435 1131.541 1129.647 1128.438 1127.332 1126.226 1125.12 1124.08 1123.197 1122.313 1121.429 1120.545 1119.667 1118.791 1117.915 1117.039 1116.572 1118.243 1119.914 1121.586 1123.257 1124.083 1124.324 1124.565 1124.807 1125.016 1123.798 1122.58 1121.362 1120.144 1119.57 1119.776 1119.982 1120.187 1120.393 1121.885 1123.547 1125.209 1126.871 1128.872 1131.613 1134.354 1137.095
1162.509 1159.637 1157.354 1155.072 1152.789 1150.752 1150.145 1149.537 1148.93 1148.323 1147.634 1146.884 1146.134 1145.384 1144.628 1143.079 1141.53 1139.98 1138.431 1136.707 1134.757 1132.808 1130.859 1128.91 1127.551 1126.282 1125.013 1123.744 1122.489 1121.27 1120.051 1118.831 1117.612 1116.437 1115.279 1114.121 1112.962 1112.252 1113.887 1115.521 1117.156 1118.79 1119.679 1120.052 1120.426 1120.799 1121.138 1119.921 1118.704 1117.487 1116.27 1115.788 1116.193 1116.598 1117.004 1117.409 1119.116 1120.995 1122.874 1124.752 1126.895 1129.615 1132.334 1135.054
1159.729 1157.33 1155.589 1153.848 1152.107 1150.546 1150.041 1149.536 1149.03 1148.525 1147.882 1147.137 1146.393 1145.648 1144.897 1143.257 1141.616 1139.976 1138.335 1136.557 1134.603 1132.648 1130.694 1128.739 1127.287 1125.91 1124.534 1123.157 1121.746 1120.253 1118.76 1117.268 1115.775 1114.413 1113.099 1111.786 1110.472 1109.606 1111.079 1112.553 1114.026 1115.5 1116.31 1116.662 1117.014 1117.366 1117.685 1116.5 1115.315 1114.131 1112.946 1112.597 1113.26 1113.922 1114.585 1115.248 1117.141 1119.197 1121.253 1123.308 1125.571 1128.285 1130.999 1133.713
1156.95 1155.023 1153.823 1152.624 1151.424 1150.34 1149.937 1149.534 1149.13 1148.727 1148.13 1147.391 1146.651 1145.912 1145.166 1143.434 1141.703 1139.971 1138.24 1136.408 1134.448 1132.488 1130.528 1128.568 1127.022 1125.538 1124.055 1122.571 1121.003 1119.237 1117.47 1115.704 1113.938 1112.389 1110.92 1109.451 1107.981 1106.959 1108.272 1109.584 1110.897 1112.21 1112.942 1113.272 1113.603 1113.933 1114.232 1113.079 1111.927 1110.774 1109.621 1109.407 1110.327 1111.247 1112.167 1113.087 1115.166 1117.399 1119.632 1121.864 1124.246 1126.955 1129.664 1132.373
1154.17 1152.716 1152.057 1151.399 1150.741 1150.135 1149.833 1149.532 1149.23 1148.929 1148.378 1147.644 1146.91 1146.176 1145.435 1143.612 1141.789 1139.966 1138.144 1136.259 1134.293 1132.328 1130.363 1128.398 1126.758 1125.167 1123.576 1121.985 1120.26 1118.22 1116.181 1114.141 1112.101 1110.365 1108.74 1107.116 1105.491 1104.312 1105.464 1106.616 1107.768 1108.92 1109.573 1109.882 1110.192 1110.501 1110.779 1109.658 1108.538 1107.417 1106.297 1106.217 1107.394 1108.571 1109.748 1110.926 1113.191 1115.601 1118.011 1120.42 1122.922 1125.625 1128.329 1131.032
