data/zism_data/00055_01_D.txt
ncols         224
nrows         224
[rows 28 to 55 of 224, columns 63 to 125 of 224]
1904.299 1902.819 1901.869 1900.919 1899.969 1899.019 1898.491 1898.197 1897.903 1897.61 1897.319 1897.062 1896.805 1896.548 1896.291 1896.016 1895.723 1895.429 1895.136 1894.843 1894.68 1894.526 1894.372 1894.218 1893.997 1893.659 1893.322 1892.985 1892.648 1892.312 1891.976 1891.64 1891.305 1890.963 1890.604 1890.245 1889.885 1889.526 1888.103 1886.125 1884.148 1882.17 1879.991 1875.717 1871.443 1867.168 1862.894 1858.152 1852.975 1847.798 1842.621 1837.444 1835.939 1834.632 1833.325 1832.017 1831.981 1834.022 1836.063 1838.104 1840.145 1841.128 1841.863
1902.237 1901.152 1900.517 1899.883 1899.248 1898.613 1898.225 1897.974 1897.723 1897.473 1897.224 1897.004 1896.785 1896.565 1896.346 1896.105 1895.844 1895.583 1895.322 1895.061 1894.815 1894.57 1894.325 1894.08 1893.774 1893.362 1892.95 1892.538 1892.126 1891.69 1891.247 1890.804 1890.362 1889.847 1889.087 1888.327 1887.567 1886.807 1885.001 1882.649 1880.297 1877.945 1875.365 1870.407 1865.449 1860.49 1855.532 1850.286 1844.773 1839.259 1833.745 1828.232 1826.847 1825.684 1824.521 1823.358 1823.423 1825.496 1827.569 1829.642 1831.716 1832.159 1832.22
1900.175 1899.485 1899.166 1898.846 1898.527 1898.208 1897.96 1897.752 1897.543 1897.335 1897.129 1896.947 1896.765 1896.583 1896.4 1896.195 1895.966 1895.736 1895.507 1895.278 1894.95 1894.614 1894.278 1893.942 1893.551 1893.065 1892.578 1892.091 1891.604 1891.067 1890.518 1889.968 1889.419 1888.731 1887.57 1886.409 1885.248 1884.087 1881.898 1879.172 1876.446 1873.72 1870.739 1865.097 1859.455 1853.812 1848.17 1842.42 1836.57 1830.72 1824.87 1819.019 1817.754 1816.735 1815.716 1814.698 1814.865 1816.97 1819.075 1821.18 1823.285 1823.189 1822.577
1899.924 1899.144 1898.881 1898.619 1898.356 1898.094 1897.894 1897.728 1897.563 1897.397 1897.234 1897.089 1896.944 1896.799 1896.655 1896.489 1896.303 1896.117 1895.931 1895.745 1895.422 1895.09 1894.758 1894.426 1894.041 1893.563 1893.085 1892.607 1892.13 1891.585 1891.023 1890.461 1889.9 1889.244 1888.269 1887.293 1886.317 1885.341 1883.539 1881.306 1879.072 1876.838 1874.271 1868.229 1862.186 1856.144 1850.102 1843.853 1837.411 1830.969 1824.528 1818.086 1816.288 1814.74 1813.193 1811.645 1811.28 1812.85 1814.419 1815.989 1817.558 1817.286 1816.583
1900.52 1899.423 1899.097 1898.77 1898.443 1898.117 1897.921 1897.799 1897.676 1897.553 1897.432 1897.324 1897.217 1897.11 1897.002 1896.88 1896.742 1896.604 1896.466 1896.328 1896.053 1895.769 1895.485 1895.202 1894.865 1894.435 1894.005 1893.575 1893.145 1892.636 1892.106 1891.577 1891.047 1890.52 1890.004 1889.488 1888.972 1888.455 1887.401 1886.065 1884.729 1883.393 1881.621 1875.312 1869.002 1862.693 1856.383 1849.637 1842.485 1835.333 1828.181 1821.028 1818.393 1816.001 1813.609 1811.216 1810.024 1810.792 1811.56 1812.328 1813.096 1812.819 1812.298
1901.116 1899.703 1899.312 1898.921 1898.531 1898.14 1897.949 1897.869 1897.789 1897.709 1897.63 1897.56 1897.49 1897.42 1897.35 1897.27 1897.18 1897.09 1897.0 1896.91 1896.684 1896.448 1896.213 1895.977 1895.688 1895.306 1894.924 1894.543 1894.161 1893.687 1893.189 1892.692 1892.194 1891.796 1891.739 1891.683 1891.626 1891.569 1891.262 1890.824 1890.385 1889.947 1888.971 1882.395 1875.818 1869.242 1862.665 1855.422 1847.559 1839.696 1831.833 1823.97 1820.497 1817.261 1814.025 1810.788 1808.767 1808.734 1808.7 1808.667 1808.633 1808.352 1808.012
1901.713 1899.982 1899.527 1899.073 1898.618 1898.163 1897.976 1897.939 1897.902 1897.865 1897.828 1897.795 1897.763 1897.73 1897.698 1897.661 1897.619 1897.577 1897.535 1897.493 1897.315 1897.127 1896.94 1896.752 1896.511 1896.177 1895.844 1895.51 1895.177 1894.738 1894.272 1893.807 1893.341 1893.072 1893.475 1893.878 1894.28 1894.683 1895.123 1895.583 1896.042 1896.502 1896.322 1889.478 1882.634 1875.79 1868.947 1861.206 1852.633 1844.059 1835.486 1826.912 1822.602 1818.521 1814.44 1810.36 1807.511 1806.676 1805.841 1805.006 1804.171 1803.885 1803.727
1902.67 1900.591 1900.034 1899.476 1898.919 1898.362 1898.188 1898.227 1898.266 1898.305 1898.35 1898.478 1898.605 1898.733 1898.86 1898.946 1898.991 1899.035 1899.08 1899.125 1899.093 1899.057 1899.02 1898.984 1898.885 1898.676 1898.467 1898.258 1898.049 1897.667 1897.239 1896.812 1896.385 1896.235 1897.036 1897.836 1898.636 1899.436 1900.532 1901.782 1903.032 1904.282 1904.798 1897.67 1890.543 1883.415 1876.287 1868.09 1858.9 1849.709 1840.518 1831.327 1826.291 1821.479 1816.667 1811.855 1808.218 1806.503 1804.788 1803.073 1801.357 1800.887 1800.708
1906.031 1903.396 1902.481 1901.566 1900.65 1899.735 1899.625 1899.963 1900.301 1900.64 1901.034 1902.139 1903.245 1904.35 1905.455 1906.199 1906.585 1906.972 1907.358 1907.745 1908.52 1909.322 1910.125 1910.927 1911.592 1912.019 1912.446 1912.873 1913.3 1913.112 1912.765 1912.417 1912.07 1911.979 1912.763 1913.548 1914.332 1915.116 1916.256 1917.58 1918.905 1920.23 1920.78 1913.256 1905.734 1898.21 1890.687 1882.303 1873.117 1863.932 1854.746 1845.561 1840.546 1835.755 1830.964 1826.173 1822.016 1818.896 1815.775 1812.655 1809.534 1807.685 1806.132
1909.392 1906.201 1904.928 1903.655 1902.381 1901.108 1901.062 1901.7 1902.337 1902.974 1903.718 1905.801 1907.884 1909.967 1912.051 1913.451 1914.18 1914.908 1915.637 1916.365 1917.947 1919.588 1921.229 1922.871 1924.301 1925.364 1926.427 1927.49 1928.552 1928.557 1928.29 1928.023 1927.756 1927.724 1928.492 1929.26 1930.028 1930.797 1931.98 1933.379 1934.779 1936.178 1936.762 1928.843 1920.925 1913.006 1905.088 1896.516 1887.336 1878.156 1868.975 1859.795 1854.8 1850.031 1845.261 1840.492 1835.815 1831.289 1826.763 1822.238 1817.712 1814.483 1811.557
1912.753 1909.006 1907.375 1905.744 1904.113 1902.481 1902.5 1903.436 1904.373 1905.309 1906.401 1909.462 1912.523 1915.584 1918.646 1920.704 1921.775 1922.845 1923.915 1924.986 1927.373 1929.854 1932.334 1934.814 1937.009 1938.708 1940.406 1942.105 1943.804 1944.002 1943.816 1943.629 1943.442 1943.468 1944.22 1944.972 1945.724 1946.477 1947.703 1949.178 1950.652 1952.126 1952.744 1944.43 1936.116 1927.802 1919.488 1910.728 1901.553 1892.379 1883.204 1874.029 1869.055 1864.306 1859.558 1854.81 1849.613 1843.682 1837.751 1831.82 1825.889 1821.28 1816.982
1916.114 1911.812 1909.822 1907.833 1905.844 1903.855 1903.937 1905.173 1906.409 1907.645 1909.085 1913.124 1917.163 1921.202 1925.241 1927.957 1929.369 1930.782 1932.194 1933.607 1936.8 1940.119 1943.438 1946.757 1949.717 1952.052 1954.386 1956.721 1959.056 1959.448 1959.341 1959.235 1959.128 1959.212 1959.948 1960.685 1961.421 1962.157 1963.427 1964.977 1966.526 1968.075 1968.726 1960.017 1951.307 1942.598 1933.889 1924.941 1915.772 1906.602 1897.432 1888.263 1883.309 1878.583 1873.856 1869.129 1863.411 1856.075 1848.739 1841.403 1834.066 1828.078 1822.406
1920.701 1916.135 1914.073 1912.011 1909.948 1907.886 1908.228 1909.909 1911.589 1913.27 1915.2 1920.301 1925.401 1930.502 1935.602 1939.361 1941.797 1944.233 1946.668 1949.104 1952.848 1956.684 1960.52 1964.355 1967.752 1970.385 1973.018 1975.651 1978.284 1978.771 1978.707 1978.644 1978.58 1978.626 1979.049 1979.472 1979.895 1980.318 1981.198 1982.317 1983.436 1984.555 1984.796 1975.89 1966.984 1958.077 1949.171 1940.136 1930.981 1921.826 1912.671 1903.516 1898.533 1893.775 1889.017 1884.259 1878.157 1869.858 1861.56 1853.261 1844.962 1837.719 1830.724
1926.178 1921.56 1919.631 1917.702 1915.774 1913.845 1914.588 1916.819 1919.05 1921.281 1923.804 1930.027 1936.249 1942.472 1948.695 1953.775 1957.728 1961.682 1965.635 1969.589 1973.697 1977.816 1981.935 1986.054 1989.65 1992.336 1995.022 1997.709 2000.395 2000.906 2000.859 2000.811 2000.763 2000.703 2000.596 2000.49 2000.384 2000.278 2000.453 2000.776 2001.099 2001.422 2000.932 1991.972 1983.012 1974.052 1965.093 1956.043 1946.909 1937.776 1928.642 1919.509 1914.461 1909.633 1904.806 1899.978 1893.59 1884.65 1875.71 1866.77 1857.83 1849.422 1841.139
1931.654 1926.984 1925.189 1923.394 1921.599 1919.804 1920.948 1923.73 1926.511 1929.293 1932.407 1939.752 1947.097 1954.442 1961.787 1968.188 1973.659 1979.13 1984.601 1990.073 1994.545 1998.947 2003.349 2007.751 2011.547 2014.287 2017.026 2019.766 2022.506 2023.041 2023.009 2022.978 2022.946 2022.778 2022.143 2021.507 2020.872 2020.237 2019.708 2019.235 2018.761 2018.288 2017.066 2008.053 1999.04 1990.027 1981.014 1971.949 1962.837 1953.725 1944.613 1935.5 1930.388 1925.491 1920.594 1915.697 1909.022 1899.441 1889.86 1880.278 1870.697 1861.124 1851.553
1937.13 1932.409 1930.747 1929.086 1927.424 1925.762 1927.308 1930.64 1933.972 1937.304 1941.01 1949.478 1957.945 1966.412 1974.879 1982.602 1989.59 1996.579 2003.568 2010.556 2015.393 2020.078 2024.764 2029.449 2033.444 2036.237 2039.03 2041.823 2044.617 2045.175 2045.16 2045.144 2045.129 2044.853 2043.689 2042.525 2041.36 2040.196 2038.963 2037.693 2036.423 2035.154 2033.201 2024.135 2015.068 2006.001 1996.935 1987.856 1978.765 1969.674 1960.583 1951.492 1946.315 1941.349 1936.382 1931.416 1924.454 1914.232 1904.009 1893.787 1883.565 1872.827 1861.967
1942.555 1937.792 1936.277 1934.763 1933.248 1931.734 1933.682 1937.558 1941.434 1945.31 1949.602 1959.187 1968.772 1978.357 1987.942 1996.984 2005.492 2014.001 2022.509 2031.017 2036.21 2041.169 2046.129 2051.088 2055.272 2058.106 2060.94 2063.774 2066.608 2067.184 2067.179 2067.175 2067.171 2066.783 2065.083 2063.383 2061.682 2059.982 2058.047 2055.989 2053.931 2051.872 2049.198 2040.098 2030.999 2021.899 2012.8 2003.715 1994.644 1985.572 1976.501 1967.43 1962.167 1957.109 1952.05 1946.992 1939.734 1928.881 1918.028 1907.175 1896.322 1884.427 1872.287
1946.269 1941.8 1940.878 1939.957 1939.035 1938.114 1940.49 1944.703 1948.915 1953.128 1957.803 1968.349 1978.896 1989.443 1999.989 2010.309 2020.404 2030.499 2040.594 2050.689 2055.956 2060.883 2065.811 2070.738 2074.761 2077.21 2079.66 2082.109 2084.558 2084.941 2084.792 2084.644 2084.495 2083.822 2081.352 2078.882 2076.413 2073.943 2071.396 2068.809 2066.222 2063.635 2060.535 2052.093 2043.65 2035.208 2026.766 2017.975 2008.862 1999.748 1990.634 1981.52 1975.463 1969.572 1963.68 1957.788 1949.908 1938.777 1927.646 1916.515 1905.384 1892.592 1879.41
1949.982 1945.807 1945.479 1945.151 1944.822 1944.494 1947.298 1951.848 1956.397 1960.946 1966.004 1977.512 1989.021 2000.529 2012.037 2023.633 2035.316 2046.998 2058.68 2070.362 2075.703 2080.598 2085.494 2090.389 2094.251 2096.316 2098.38 2100.445 2102.509 2102.698 2102.406 2102.113 2101.82 2100.861 2097.622 2094.383 2091.144 2087.905 2084.746 2081.63 2078.514 2075.398 2071.873 2064.088 2056.303 2048.518 2040.733 2032.237 2023.08 2013.923 2004.766 1995.61 1988.76 1982.035 1975.31 1968.584 1960.081 1948.672 1937.264 1925.855 1914.446 1900.757 1886.533
1953.696 1949.815 1950.08 1950.344 1950.609 1950.874 1954.107 1958.993 1963.878 1968.764 1974.204 1986.674 1999.145 2011.615 2024.085 2036.958 2050.227 2063.496 2076.765 2090.033 2095.449 2100.313 2105.176 2110.039 2113.741 2115.42 2117.1 2118.78 2120.46 2120.455 2120.018 2119.581 2119.145 2117.899 2113.891 2109.882 2105.874 2101.865 2098.096 2094.45 2090.805 2087.16 2083.21 2076.082 2068.954 2061.826 2054.699 2046.497 2037.298 2028.099 2018.899 2009.7 2002.057 1994.498 1986.939 1979.38 1970.254 1958.568 1946.881 1935.195 1923.508 1908.922 1893.656
1957.41 1953.823 1954.681 1955.538 1956.396 1957.254 1960.915 1966.138 1971.36 1976.583 1982.405 1995.837 2009.269 2022.701 2036.133 2050.283 2065.139 2079.995 2094.85 2109.706 2115.196 2120.027 2124.859 2129.69 2133.231 2134.526 2135.821 2137.116 2138.411 2138.213 2137.632 2137.051 2136.469 2134.938 2130.161 2125.383 2120.605 2115.827 2111.446 2107.271 2103.097 2098.923 2094.548 2088.077 2081.607 2075.136 2068.665 2060.759 2051.516 2042.274 2033.032 2023.79 2015.354 2006.961 1998.569 1990.177 1980.428 1968.464 1956.499 1944.535 1932.57 1917.087 1900.78
1960.854 1957.662 1958.927 1960.191 1961.455 1962.72 1967.038 1973.057 1979.076 1985.095 1991.714 2005.942 2020.17 2034.398 2048.625 2063.4 2078.714 2094.027 2109.34 2124.653 2130.315 2135.298 2140.282 2145.265 2148.909 2150.223 2151.537 2152.851 2154.166 2153.743 2152.874 2152.006 2151.137 2149.304 2144.173 2139.042 2133.912 2128.781 2124.015 2119.439 2114.864 2110.289 2105.536 2098.933 2092.33 2085.727 2079.124 2071.11 2061.784 2052.458 2043.132 2033.806 2024.866 2015.947 2007.027 1998.108 1987.87 1975.477 1963.084 1950.691 1938.298 1922.067 1904.938
1964.004 1961.319 1962.786 1964.254 1965.721 1967.188 1972.414 1979.731 1987.049 1994.366 2002.233 2017.075 2031.918 2046.76 2061.603 2076.292 2090.831 2105.369 2119.908 2134.446 2140.386 2145.723 2151.059 2156.395 2160.43 2162.204 2163.978 2165.751 2167.525 2166.843 2165.531 2164.219 2162.907 2160.754 2155.724 2150.695 2145.666 2140.637 2135.734 2130.896 2126.059 2121.222 2116.143 2108.546 2100.949 2093.352 2085.755 2077.196 2067.742 2058.288 2048.834 2039.38 2030.251 2021.139 2012.027 2002.915 1992.333 1979.347 1966.361 1953.374 1940.388 1923.573 1905.861
1967.154 1964.975 1966.646 1968.316 1969.987 1971.657 1977.789 1986.405 1995.021 2003.636 2012.752 2028.209 2043.666 2059.123 2074.58 2089.184 2102.948 2116.711 2130.475 2144.239 2150.458 2156.146 2161.835 2167.523 2171.951 2174.184 2176.417 2178.651 2180.884 2179.943 2178.188 2176.432 2174.676 2172.203 2167.275 2162.347 2157.42 2152.492 2147.452 2142.353 2137.253 2132.154 2126.75 2118.159 2109.568 2100.977 2092.387 2083.282 2073.7 2064.118 2054.535 2044.953 2035.635 2026.331 2017.027 2007.723 1996.796 1983.216 1969.637 1956.058 1942.479 1925.079 1906.784
1970.304 1968.632 1970.505 1972.379 1974.252 1976.126 1983.164 1993.078 2002.992 2012.907 2023.271 2039.342 2055.413 2071.485 2087.556 2102.075 2115.064 2128.053 2141.042 2154.031 2160.529 2166.57 2172.611 2178.653 2183.472 2186.164 2188.857 2191.55 2194.243 2193.043 2190.844 2188.645 2186.446 2183.652 2178.826 2174.0 2169.174 2164.347 2159.17 2153.809 2148.448 2143.087 2137.356 2127.772 2118.187 2108.603 2099.018 2089.368 2079.658 2069.948 2060.237 2050.527 2041.019 2031.523 2022.026 2012.53 2001.258 1987.086 1972.913 1958.741 1944.569 1926.585 1907.708
1973.454 1972.288 1974.365 1976.441 1978.518 1980.594 1988.539 1999.752 2010.965 2022.177 2033.79 2050.476 2067.162 2083.848 2100.534 2114.968 2127.182 2139.396 2151.61 2163.824 2170.6 2176.994 2183.388 2189.782 2194.993 2198.145 2201.297 2204.45 2207.602 2206.144 2203.501 2200.858 2198.216 2195.102 2190.377 2185.653 2180.928 2176.203 2170.888 2165.266 2159.643 2154.02 2147.963 2137.385 2126.807 2116.228 2105.65 2095.455 2085.616 2075.778 2065.939 2056.1 2046.403 2036.715 2027.026 2017.337 2005.721 1990.956 1976.19 1961.425 1946.659 1928.091 1908.631
1976.287 1975.461 1977.914 1980.367 1982.82 1985.273 1993.531 2005.021 2016.511 2028.001 2039.837 2056.057 2072.277 2088.497 2104.717 2119.266 2132.167 2145.069 2157.97 2170.872 2178.448 2185.651 2192.854 2200.056 2205.744 2208.795 2211.847 2214.899 2217.951 2216.32 2213.487 2210.653 2207.82 2204.555 2199.813 2195.071 2190.328 2185.586 2180.032 2174.053 2168.074 2162.095 2155.613 2143.882 2132.151 2120.42 2108.689 2097.711 2087.432 2077.152 2066.873 2056.594 2046.321 2036.048 2025.775 2015.502 2003.312 1987.988 1972.664 1957.341 1942.017 1925.087 1907.781
1979.095 1978.596 1981.439 1984.282 1987.125 1989.968 1998.493 2010.181 2021.868 2033.556 2045.535 2061.205 2076.874 2092.544 2108.214 2122.893 2136.596 2150.299 2164.002 2177.705 2186.123 2194.17 2202.217 2210.264 2216.435 2219.342 2222.25 2225.157 2228.065 2226.269 2223.264 2220.26 2217.256 2213.852 2209.083 2204.314 2199.545 2194.777 2188.974 2182.632 2176.29 2169.948 2163.031 2150.135 2137.24 2124.344 2111.448 2099.667 2088.923 2078.179 2067.435 2056.691 2045.811 2034.924 2024.036 2013.149 2000.366 1984.487 1968.607 1952.728 1936.848 1921.731 1906.792
