data/zism_data/00050_02_D.txt
ncols         224
nrows         224
[rows 196 to 223 of 224, columns 63 to 125 of 224]
1709.381 1705.661 1704.369 1703.077 1701.786 1700.494 1700.755 1701.215 1701.675 1702.135 1702.687 1703.451 1704.215 1704.978 1705.742 1706.579 1707.445 1708.311 1709.177 1709.956 1710.194 1710.431 1710.669 1710.906 1710.695 1710.125 1709.556 1708.986 1708.416 1707.596 1706.769 1705.942 1705.115 1704.409 1703.891 1703.373 1702.855 1702.337 1702.035 1701.784 1701.533 1701.283 1701.079 1701.04 1701.0 1700.961 1700.921 1700.805 1700.647 1700.489 1700.33 1700.179 1700.139 1700.1 1700.06 1700.021 1700.0 1700.0 1700.0 1700.0 1700.0 1700.0 1700.0
1713.334 1709.002 1707.034 1705.067 1703.099 1701.131 1701.142 1701.405 1701.668 1701.931 1702.364 1703.186 1704.008 1704.83 1705.652 1706.583 1707.555 1708.528 1709.5 1710.424 1711.045 1711.666 1712.286 1712.907 1713.269 1713.423 1713.577 1713.731 1713.885 1713.385 1712.867 1712.349 1711.83 1711.032 1709.795 1708.558 1707.322 1706.085 1705.318 1704.663 1704.008 1703.353 1702.821 1702.718 1702.615 1702.511 1702.408 1702.105 1701.691 1701.277 1700.863 1700.468 1700.365 1700.261 1700.158 1700.054 1700.0 1700.0 1700.0 1700.0 1700.0 1700.0 1700.0
1717.286 1712.344 1709.7 1707.056 1704.413 1701.769 1701.528 1701.594 1701.66 1701.726 1702.04 1702.921 1703.801 1704.682 1705.563 1706.587 1707.666 1708.745 1709.823 1710.892 1711.896 1712.9 1713.904 1714.908 1715.842 1716.72 1717.598 1718.476 1719.354 1719.174 1718.964 1718.755 1718.545 1717.655 1715.699 1713.744 1711.789 1709.834 1708.602 1707.542 1706.482 1705.423 1704.563 1704.396 1704.229 1704.061 1703.894 1703.404 1702.735 1702.066 1701.397 1700.757 1700.59 1700.422 1700.255 1700.088 1700.0 1700.0 1700.0 1700.0 1700.0 1700.0 1700.0
1721.239 1715.685 1712.366 1709.046 1705.726 1702.406 1701.915 1701.784 1701.653 1701.522 1701.716 1702.655 1703.595 1704.534 1705.473 1706.59 1707.776 1708.961 1710.146 1711.36 1712.747 1714.134 1715.521 1716.909 1718.415 1720.017 1721.619 1723.221 1724.823 1724.963 1725.062 1725.161 1725.26 1724.278 1721.604 1718.93 1716.256 1713.583 1711.885 1710.421 1708.957 1707.493 1706.305 1706.074 1705.843 1705.612 1705.38 1704.704 1703.779 1702.854 1701.93 1701.046 1700.815 1700.583 1700.352 1700.121 1700.0 1700.0 1700.0 1700.0 1700.0 1700.0 1700.0
1725.326 1719.185 1715.194 1711.203 1707.211 1703.22 1702.451 1702.093 1701.735 1701.377 1701.426 1702.404 1703.382 1704.359 1705.337 1706.537 1707.823 1709.109 1710.394 1711.749 1713.534 1715.318 1717.103 1718.887 1720.982 1723.323 1725.665 1728.007 1730.349 1730.859 1731.318 1731.778 1732.237 1731.221 1727.9 1724.578 1721.256 1717.934 1715.794 1713.935 1712.076 1710.217 1708.704 1708.384 1708.065 1707.745 1707.425 1706.514 1705.275 1704.035 1702.795 1701.608 1701.261 1700.914 1700.567 1700.22 1700.034 1700.026 1700.017 1700.009 1700.001 1700.0 1700.0
1731.364 1724.974 1720.376 1715.778 1711.18 1706.582 1705.159 1704.141 1703.123 1702.105 1701.618 1702.346 1703.073 1703.801 1704.529 1705.667 1706.963 1708.259 1709.556 1711.003 1713.389 1715.775 1718.161 1720.547 1723.447 1726.758 1730.068 1733.379 1736.689 1738.303 1739.87 1741.436 1743.003 1742.807 1739.858 1736.909 1733.96 1731.011 1728.74 1726.631 1724.522 1722.413 1720.606 1719.839 1719.072 1718.305 1717.538 1715.712 1713.296 1710.88 1708.463 1706.118 1704.903 1703.689 1702.474 1701.259 1700.558 1700.422 1700.286 1700.151 1700.015 1700.0 1700.0
1737.401 1730.763 1725.558 1720.354 1715.149 1709.944 1707.867 1706.189 1704.511 1702.833 1701.81 1702.288 1702.765 1703.243 1703.72 1704.796 1706.103 1707.41 1708.717 1710.257 1713.245 1716.232 1719.22 1722.207 1725.913 1730.192 1734.471 1738.75 1743.03 1745.747 1748.421 1751.095 1753.769 1754.394 1751.817 1749.24 1746.664 1744.087 1741.686 1739.327 1736.968 1734.609 1732.507 1731.293 1730.079 1728.865 1727.65 1724.909 1721.317 1717.724 1714.132 1710.628 1708.546 1706.464 1704.381 1702.299 1701.083 1700.819 1700.556 1700.292 1700.028 1700.0 1700.0
1743.438 1736.552 1730.741 1724.929 1719.117 1713.306 1710.575 1708.237 1705.899 1703.561 1702.003 1702.23 1702.457 1702.685 1702.912 1703.926 1705.243 1706.561 1707.879 1709.511 1713.1 1716.689 1720.278 1723.867 1728.378 1733.626 1738.874 1744.122 1749.37 1753.191 1756.972 1760.753 1764.534 1765.98 1763.776 1761.572 1759.368 1757.164 1754.632 1752.023 1749.414 1746.804 1744.408 1742.747 1741.086 1739.424 1737.763 1734.107 1729.338 1724.569 1719.8 1715.139 1712.189 1709.239 1706.289 1703.339 1701.608 1701.216 1700.825 1700.433 1700.042 1700.0 1700.0
1749.476 1742.341 1735.923 1729.504 1723.086 1716.667 1713.282 1710.284 1707.286 1704.288 1702.195 1702.172 1702.149 1702.126 1702.104 1703.055 1704.384 1705.712 1707.04 1708.765 1712.955 1717.146 1721.337 1725.527 1730.844 1737.061 1743.277 1749.494 1755.711 1760.635 1765.523 1770.411 1775.3 1777.566 1775.734 1773.903 1772.072 1770.24 1767.579 1764.719 1761.86 1759.0 1756.309 1754.201 1752.093 1749.984 1747.876 1743.305 1737.359 1731.414 1725.469 1719.649 1715.831 1712.014 1708.196 1704.379 1702.132 1701.613 1701.094 1700.574 1700.055 1700.0 1700.0
1754.389 1747.293 1740.628 1733.964 1727.299 1720.635 1716.716 1713.148 1709.579 1706.011 1703.399 1702.976 1702.554 1702.132 1701.71 1702.505 1703.771 1705.036 1706.302 1708.006 1712.437 1716.868 1721.3 1725.731 1731.617 1738.667 1745.717 1752.767 1759.817 1765.413 1770.969 1776.525 1782.08 1784.938 1783.58 1782.221 1780.863 1779.505 1777.118 1774.486 1771.854 1769.221 1766.667 1764.38 1762.093 1759.806 1757.519 1752.554 1746.094 1739.635 1733.175 1726.807 1721.9 1716.992 1712.084 1707.176 1704.147 1703.183 1702.218 1701.254 1700.289 1700.201 1700.217
1758.222 1751.438 1744.875 1738.312 1731.749 1725.185 1720.848 1716.795 1712.742 1708.689 1705.575 1704.61 1703.645 1702.68 1701.715 1702.263 1703.395 1704.528 1705.66 1707.235 1711.56 1715.885 1720.209 1724.534 1730.764 1738.516 1746.269 1754.021 1761.774 1767.627 1773.428 1779.229 1785.029 1788.258 1787.47 1786.681 1785.892 1785.103 1783.38 1781.435 1779.489 1777.544 1775.54 1773.333 1771.126 1768.919 1766.712 1761.853 1755.516 1749.179 1742.842 1736.512 1730.3 1724.088 1717.876 1711.665 1707.595 1705.88 1704.165 1702.45 1700.735 1700.595 1700.644
1762.055 1755.584 1749.122 1742.66 1736.197 1729.735 1724.98 1720.443 1715.906 1711.368 1707.752 1706.244 1704.736 1703.228 1701.72 1702.02 1703.02 1704.019 1705.019 1706.464 1710.682 1714.901 1719.119 1723.337 1729.91 1738.365 1746.821 1755.276 1763.731 1769.841 1775.887 1781.932 1787.978 1791.578 1791.359 1791.14 1790.921 1790.701 1789.643 1788.384 1787.125 1785.866 1784.412 1782.285 1780.158 1778.031 1775.904 1771.152 1764.938 1758.723 1752.508 1746.216 1738.7 1731.185 1723.669 1716.153 1711.043 1708.577 1706.112 1703.646 1701.181 1700.99 1701.07
1765.887 1759.729 1753.368 1747.007 1740.646 1734.285 1729.112 1724.09 1719.069 1714.047 1709.929 1707.878 1705.827 1703.776 1701.724 1701.778 1702.644 1703.511 1704.377 1705.693 1709.805 1713.917 1718.029 1722.141 1729.057 1738.214 1747.372 1756.53 1765.688 1772.055 1778.346 1784.636 1790.926 1794.899 1795.249 1795.599 1795.95 1796.3 1795.905 1795.333 1794.761 1794.189 1793.285 1791.238 1789.19 1787.143 1785.096 1780.452 1774.359 1768.267 1762.175 1755.921 1747.101 1738.281 1729.461 1720.641 1714.491 1711.275 1708.058 1704.842 1701.626 1701.384 1701.496
1769.72 1763.875 1757.615 1751.355 1745.095 1738.836 1733.244 1727.738 1722.232 1716.726 1712.105 1709.511 1706.917 1704.323 1701.729 1701.536 1702.269 1703.002 1703.736 1704.922 1708.928 1712.933 1716.938 1720.944 1728.203 1738.063 1747.924 1757.784 1767.645 1774.27 1780.805 1787.34 1793.875 1798.219 1799.139 1800.059 1800.979 1801.898 1802.168 1802.282 1802.397 1802.511 1802.158 1800.19 1798.223 1796.255 1794.288 1789.751 1783.781 1777.811 1771.842 1765.626 1755.502 1745.378 1735.253 1725.129 1717.938 1713.972 1710.005 1706.039 1702.072 1701.779 1701.923
1770.675 1764.901 1758.646 1752.39 1746.135 1739.88 1734.242 1728.684 1723.125 1717.567 1712.902 1710.284 1707.666 1705.047 1702.428 1702.308 1703.152 1703.996 1704.841 1706.054 1709.567 1713.08 1716.592 1720.105 1726.7 1735.758 1744.817 1753.875 1762.934 1770.473 1777.97 1785.466 1792.963 1797.99 1799.16 1800.329 1801.498 1802.667 1803.034 1803.21 1803.386 1803.562 1803.339 1801.736 1800.133 1798.53 1796.927 1793.101 1788.036 1782.972 1777.907 1772.573 1762.959 1753.345 1743.732 1734.118 1726.609 1721.414 1716.219 1711.024 1705.83 1705.62 1706.005
1771.494 1765.779 1759.524 1753.268 1747.013 1740.758 1735.092 1729.502 1723.911 1718.321 1713.634 1711.016 1708.397 1705.779 1703.16 1703.128 1704.095 1705.061 1706.028 1707.276 1710.278 1713.28 1716.281 1719.283 1725.166 1733.351 1741.537 1749.723 1757.908 1766.392 1774.884 1783.376 1791.868 1797.594 1798.997 1800.401 1801.804 1803.208 1803.646 1803.854 1804.062 1804.269 1804.155 1802.93 1801.705 1800.48 1799.255 1796.17 1792.047 1787.925 1783.802 1779.39 1770.372 1761.354 1752.337 1743.319 1735.527 1729.081 1722.635 1716.189 1709.744 1709.625 1710.259
1772.313 1766.657 1760.402 1754.147 1747.891 1741.636 1735.942 1730.32 1724.697 1719.075 1714.366 1711.748 1709.129 1706.511 1703.892 1703.948 1705.037 1706.126 1707.215 1708.499 1710.989 1713.48 1715.97 1718.461 1723.632 1730.944 1738.257 1745.57 1752.882 1762.311 1771.798 1781.286 1790.773 1797.197 1798.835 1800.473 1802.11 1803.748 1804.257 1804.497 1804.737 1804.976 1804.972 1804.125 1803.278 1802.431 1801.583 1799.238 1796.058 1792.877 1789.697 1786.206 1777.785 1769.363 1760.942 1752.521 1744.444 1736.748 1729.051 1721.354 1713.658 1713.63 1714.514
1773.132 1767.535 1761.28 1755.025 1748.769 1742.514 1736.792 1731.138 1725.483 1719.829 1715.098 1712.479 1709.861 1707.242 1704.624 1704.768 1705.98 1707.191 1708.403 1709.721 1711.7 1713.68 1715.659 1717.639 1722.097 1728.537 1734.977 1741.417 1747.856 1758.23 1768.713 1779.196 1789.678 1796.801 1798.673 1800.545 1802.416 1804.288 1804.868 1805.14 1805.412 1805.683 1805.789 1805.32 1804.85 1804.381 1803.912 1802.307 1800.069 1797.83 1795.592 1793.023 1785.198 1777.372 1769.547 1761.722 1753.362 1744.414 1735.467 1726.519 1717.572 1717.634 1718.769
1773.649 1768.097 1761.852 1755.607 1749.363 1743.118 1737.41 1731.771 1726.131 1720.492 1715.76 1713.103 1710.446 1707.789 1705.132 1705.319 1706.604 1707.889 1709.174 1710.515 1712.205 1713.895 1715.585 1717.275 1721.205 1726.925 1732.645 1738.365 1744.085 1754.917 1765.89 1776.864 1787.838 1795.426 1797.726 1800.026 1802.326 1804.625 1805.343 1805.683 1806.023 1806.363 1806.579 1806.371 1806.162 1805.954 1805.746 1804.637 1803.026 1801.414 1799.803 1797.865 1790.73 1783.594 1776.458 1769.323 1761.129 1751.771 1742.414 1733.056 1723.699 1723.781 1724.987
1773.714 1768.182 1761.964 1755.746 1749.528 1743.31 1737.681 1732.127 1726.572 1721.018 1716.316 1713.563 1710.811 1708.058 1705.305 1705.465 1706.75 1708.035 1709.32 1710.667 1712.4 1714.132 1715.865 1717.597 1721.274 1726.504 1731.735 1736.965 1742.195 1752.755 1763.463 1774.17 1784.878 1792.585 1795.603 1798.621 1801.64 1804.658 1805.612 1806.075 1806.537 1806.999 1807.33 1807.207 1807.084 1806.96 1806.837 1805.858 1804.401 1802.944 1801.487 1799.744 1793.438 1787.133 1780.828 1774.523 1767.169 1758.664 1750.158 1741.652 1733.146 1733.143 1734.152
1773.779 1768.268 1762.077 1755.885 1749.694 1743.502 1737.951 1732.482 1727.013 1721.544 1716.872 1714.024 1711.175 1708.327 1705.478 1705.611 1706.896 1708.182 1709.467 1710.819 1712.594 1714.37 1716.145 1717.92 1721.343 1726.084 1730.824 1735.565 1740.306 1750.593 1761.035 1771.476 1781.917 1789.743 1793.479 1797.216 1800.953 1804.69 1805.882 1806.467 1807.052 1807.636 1808.081 1808.043 1808.005 1807.967 1807.929 1807.079 1805.777 1804.474 1803.172 1801.622 1796.148 1790.673 1785.198 1779.723 1773.21 1765.556 1757.902 1750.247 1742.593 1742.505 1743.317
1773.843 1768.354 1762.189 1756.024 1749.859 1743.694 1738.222 1732.838 1727.454 1722.071 1717.428 1714.484 1711.54 1708.596 1705.651 1705.758 1707.043 1708.328 1709.613 1710.972 1712.789 1714.607 1716.425 1718.243 1721.413 1725.663 1729.914 1734.165 1738.416 1748.432 1758.607 1768.782 1778.957 1786.901 1791.356 1795.812 1800.267 1804.723 1806.152 1806.859 1807.566 1808.273 1808.832 1808.879 1808.926 1808.973 1809.02 1808.3 1807.152 1806.004 1804.856 1803.501 1798.857 1794.212 1789.568 1784.923 1779.251 1772.448 1765.646 1758.843 1752.041 1751.867 1752.482
1773.908 1768.439 1762.301 1756.163 1750.025 1743.886 1738.493 1733.194 1727.895 1722.597 1717.985 1714.945 1711.905 1708.865 1705.824 1705.904 1707.189 1708.474 1709.759 1711.124 1712.984 1714.844 1716.705 1718.565 1721.482 1725.243 1729.004 1732.766 1736.527 1746.27 1756.179 1766.088 1775.997 1784.059 1789.233 1794.407 1799.581 1804.755 1806.421 1807.251 1808.08 1808.91 1809.583 1809.715 1809.848 1809.98 1810.112 1809.521 1808.528 1807.534 1806.54 1805.38 1801.566 1797.752 1793.938 1790.124 1785.292 1779.341 1773.39 1767.439 1761.488 1761.229 1761.647
1774.355 1769.038 1763.097 1757.157 1751.216 1745.275 1740.008 1734.825 1729.643 1724.461 1719.815 1716.396 1712.977 1709.558 1706.138 1705.824 1706.708 1707.593 1708.478 1709.458 1711.033 1712.607 1714.182 1715.756 1718.229 1721.419 1724.61 1727.801 1730.991 1740.946 1751.088 1761.23 1771.372 1779.969 1786.149 1792.33 1798.51 1804.691 1806.624 1807.545 1808.465 1809.386 1810.159 1810.426 1810.693 1810.96 1811.227 1810.694 1809.716 1808.737 1807.758 1806.633 1803.186 1799.739 1796.292 1792.845 1788.796 1784.083 1779.371 1774.658 1769.946 1769.896 1770.401
1774.873 1769.731 1764.019 1758.307 1752.596 1746.884 1741.75 1736.691 1731.631 1726.572 1721.88 1718.029 1714.179 1710.328 1706.478 1705.702 1706.112 1706.523 1706.934 1707.459 1708.687 1709.916 1711.144 1712.373 1714.366 1716.971 1719.576 1722.182 1724.786 1735.041 1745.508 1755.975 1766.442 1775.65 1782.889 1790.129 1797.369 1804.609 1806.815 1807.821 1808.826 1809.832 1810.704 1811.115 1811.525 1811.936 1812.347 1811.859 1810.869 1809.88 1808.89 1807.772 1804.607 1801.442 1798.278 1795.113 1791.834 1788.431 1785.028 1781.625 1778.222 1778.435 1779.078
1775.391 1770.424 1764.941 1759.458 1753.975 1748.492 1743.494 1738.556 1733.619 1728.682 1723.944 1719.662 1715.381 1711.099 1706.818 1705.579 1705.517 1705.454 1705.391 1705.459 1706.342 1707.224 1708.107 1708.99 1710.504 1712.523 1714.543 1716.562 1718.582 1729.137 1739.928 1750.72 1761.512 1771.33 1779.63 1787.929 1796.228 1804.527 1807.006 1808.097 1809.187 1810.278 1811.249 1811.803 1812.357 1812.912 1813.466 1813.022 1812.022 1811.022 1810.022 1808.911 1806.028 1803.145 1800.263 1797.38 1794.873 1792.78 1790.686 1788.593 1786.499 1786.975 1787.756
1775.908 1771.117 1765.863 1760.609 1755.355 1750.101 1745.236 1740.422 1735.607 1730.792 1726.008 1721.296 1716.583 1711.87 1707.157 1705.457 1704.921 1704.384 1703.848 1703.46 1703.996 1704.533 1705.07 1705.606 1706.642 1708.076 1709.51 1710.944 1712.378 1723.233 1734.349 1745.465 1756.581 1767.012 1776.37 1785.728 1795.087 1804.445 1807.196 1808.372 1809.548 1810.724 1811.793 1812.491 1813.189 1813.887 1814.585 1814.187 1813.176 1812.165 1811.154 1810.049 1807.449 1804.848 1802.248 1799.647 1797.912 1797.128 1796.344 1795.559 1794.775 1795.514 1796.434
1776.332 1771.688 1766.629 1761.57 1756.51 1751.451 1746.69 1741.967 1737.244 1732.521 1727.714 1722.719 1717.723 1712.727 1707.732 1705.671 1704.744 1703.817 1702.89 1702.127 1702.379 1702.632 1702.884 1703.136 1703.776 1704.725 1705.673 1706.622 1707.571 1718.538 1729.783 1741.028 1752.273 1763.114 1773.323 1783.532 1793.741 1803.95 1807.003 1808.349 1809.695 1811.041 1812.276 1813.129 1813.982 1814.834 1815.687 1815.392 1814.457 1813.522 1812.587 1811.572 1809.286 1807.0 1804.714 1802.428 1801.356 1801.619 1801.882 1802.145 1802.407 1803.373 1804.422
