data/zism_data/00058_01_D.txt
ncols         224
nrows         224
[rows 84 to 111 of 224, columns 64 to 127 of 224]
1412.002 1412.368 1412.735 1413.04 1413.187 1413.333 1413.48 1413.626 1413.879 1414.172 1414.465 1414.758 1415.038 1415.258 1415.478 1415.698 1415.917 1416.18 1416.468 1416.757 1417.045 1417.334 1417.627 1417.92 1418.213 1418.506 1418.74 1418.921 1419.102 1419.283 1419.464 1419.664 1419.864 1420.064 1420.265 1420.528 1420.88 1421.231 1421.582 1421.934 1422.366 1422.81 1423.254 1423.698 1424.117 1424.483 1424.849 1425.216 1425.582 1425.869 1426.132 1426.395 1426.658 1426.918 1427.168 1427.418 1427.667 1427.917 1428.098 1428.244 1428.391 1428.537 1428.693 1428.917
1411.993 1412.356 1412.72 1413.025 1413.174 1413.324 1413.473 1413.622 1413.874 1414.166 1414.457 1414.749 1415.028 1415.249 1415.47 1415.691 1415.911 1416.162 1416.429 1416.697 1416.965 1417.235 1417.527 1417.819 1418.111 1418.403 1418.633 1418.804 1418.975 1419.146 1419.318 1419.512 1419.707 1419.902 1420.097 1420.365 1420.733 1421.101 1421.469 1421.837 1422.289 1422.754 1423.219 1423.683 1424.117 1424.483 1424.849 1425.216 1425.582 1425.893 1426.187 1426.481 1426.775 1427.053 1427.271 1427.49 1427.709 1427.927 1428.099 1428.246 1428.394 1428.542 1428.7 1428.945
1411.86 1412.192 1412.524 1412.816 1413.003 1413.189 1413.376 1413.563 1413.81 1414.08 1414.35 1414.62 1414.884 1415.121 1415.358 1415.595 1415.832 1416.082 1416.339 1416.596 1416.853 1417.112 1417.393 1417.675 1417.956 1418.238 1418.464 1418.641 1418.818 1418.994 1419.171 1419.36 1419.55 1419.74 1419.929 1420.205 1420.6 1420.995 1421.39 1421.785 1422.25 1422.725 1423.201 1423.676 1424.117 1424.483 1424.849 1425.216 1425.582 1425.905 1426.215 1426.526 1426.836 1427.123 1427.325 1427.528 1427.73 1427.932 1428.109 1428.273 1428.437 1428.6 1428.775 1429.031
1411.729 1412.028 1412.328 1412.606 1412.831 1413.055 1413.279 1413.504 1413.746 1413.994 1414.243 1414.491 1414.74 1414.994 1415.247 1415.5 1415.753 1416.002 1416.248 1416.494 1416.741 1416.989 1417.26 1417.53 1417.801 1418.072 1418.296 1418.478 1418.66 1418.842 1419.024 1419.209 1419.393 1419.577 1419.761 1420.045 1420.467 1420.889 1421.311 1421.733 1422.21 1422.697 1423.183 1423.669 1424.117 1424.483 1424.849 1425.216 1425.582 1425.917 1426.244 1426.57 1426.896 1427.192 1427.379 1427.565 1427.751 1427.938 1428.12 1428.3 1428.48 1428.66 1428.849 1429.116
1411.596 1411.864 1412.131 1412.397 1412.659 1412.921 1413.183 1413.445 1413.681 1413.908 1414.135 1414.362 1414.597 1414.866 1415.135 1415.404 1415.673 1415.922 1416.157 1416.393 1416.629 1416.866 1417.126 1417.386 1417.646 1417.906 1418.128 1418.316 1418.503 1418.69 1418.878 1419.057 1419.236 1419.415 1419.594 1419.886 1420.334 1420.783 1421.232 1421.68 1422.171 1422.668 1423.165 1423.661 1424.117 1424.483 1424.849 1425.216 1425.582 1425.93 1426.272 1426.615 1426.957 1427.262 1427.432 1427.603 1427.773 1427.943 1428.131 1428.327 1428.523 1428.719 1428.924 1429.201
1411.464 1411.7 1411.935 1412.188 1412.487 1412.786 1413.086 1413.385 1413.617 1413.822 1414.028 1414.234 1414.453 1414.738 1415.024 1415.309 1415.594 1415.842 1416.067 1416.292 1416.516 1416.743 1416.992 1417.242 1417.491 1417.74 1417.96 1418.153 1418.346 1418.538 1418.731 1418.905 1419.079 1419.252 1419.426 1419.726 1420.202 1420.677 1421.152 1421.628 1422.131 1422.639 1423.147 1423.654 1424.117 1424.483 1424.849 1425.216 1425.582 1425.942 1426.301 1426.659 1427.018 1427.332 1427.486 1427.64 1427.794 1427.949 1428.141 1428.353 1428.565 1428.777 1428.998 1429.286
1411.355 1411.592 1411.829 1412.082 1412.38 1412.678 1412.975 1413.273 1413.505 1413.711 1413.918 1414.125 1414.344 1414.629 1414.914 1415.198 1415.483 1415.722 1415.933 1416.145 1416.356 1416.57 1416.82 1417.07 1417.319 1417.569 1417.792 1417.99 1418.188 1418.386 1418.584 1418.753 1418.922 1419.09 1419.258 1419.565 1420.065 1420.564 1421.064 1421.563 1422.082 1422.603 1423.124 1423.645 1424.117 1424.483 1424.849 1425.216 1425.582 1425.948 1426.314 1426.68 1427.047 1427.371 1427.542 1427.714 1427.886 1428.057 1428.255 1428.467 1428.678 1428.89 1429.109 1429.385
1411.268 1411.536 1411.805 1412.072 1412.332 1412.592 1412.852 1413.113 1413.35 1413.578 1413.806 1414.033 1414.269 1414.537 1414.806 1415.074 1415.343 1415.565 1415.761 1415.956 1416.151 1416.351 1416.612 1416.872 1417.133 1417.393 1417.624 1417.827 1418.031 1418.234 1418.438 1418.602 1418.765 1418.927 1419.09 1419.403 1419.924 1420.445 1420.966 1421.487 1422.022 1422.56 1423.097 1423.634 1424.117 1424.483 1424.849 1425.216 1425.582 1425.948 1426.314 1426.68 1427.047 1427.381 1427.601 1427.821 1428.041 1428.261 1428.465 1428.66 1428.855 1429.05 1429.251 1429.495
1411.18 1411.481 1411.782 1412.061 1412.284 1412.507 1412.729 1412.952 1413.194 1413.444 1413.693 1413.943 1414.193 1414.445 1414.697 1414.95 1415.202 1415.409 1415.588 1415.767 1415.946 1416.132 1416.403 1416.675 1416.946 1417.217 1417.456 1417.665 1417.873 1418.082 1418.291 1418.45 1418.607 1418.765 1418.922 1419.241 1419.784 1420.326 1420.869 1421.411 1421.963 1422.516 1423.07 1423.623 1424.117 1424.483 1424.849 1425.216 1425.582 1425.948 1426.314 1426.68 1427.047 1427.392 1427.66 1427.928 1428.196 1428.465 1428.674 1428.853 1429.032 1429.211 1429.394 1429.606
1411.092 1411.425 1411.759 1412.051 1412.236 1412.421 1412.606 1412.792 1413.039 1413.31 1413.581 1413.852 1414.116 1414.353 1414.589 1414.825 1415.062 1415.252 1415.415 1415.578 1415.742 1415.913 1416.195 1416.477 1416.759 1417.041 1417.288 1417.502 1417.716 1417.93 1418.145 1418.298 1418.45 1418.602 1418.755 1419.08 1419.643 1420.207 1420.771 1421.335 1421.904 1422.473 1423.043 1423.612 1424.117 1424.483 1424.849 1425.216 1425.582 1425.948 1426.314 1426.68 1427.047 1427.402 1427.719 1428.035 1428.352 1428.668 1428.883 1429.046 1429.209 1429.372 1429.537 1429.716
1411.005 1411.37 1411.735 1412.041 1412.188 1412.336 1412.483 1412.631 1412.884 1413.176 1413.468 1413.761 1414.04 1414.261 1414.481 1414.701 1414.921 1415.096 1415.243 1415.39 1415.537 1415.694 1415.987 1416.28 1416.572 1416.865 1417.12 1417.339 1417.559 1417.778 1417.998 1418.147 1418.293 1418.44 1418.587 1418.918 1419.503 1420.088 1420.674 1421.259 1421.844 1422.43 1423.016 1423.601 1424.117 1424.483 1424.849 1425.216 1425.582 1425.948 1426.314 1426.68 1427.047 1427.413 1427.777 1428.142 1428.507 1428.872 1429.092 1429.239 1429.386 1429.533 1429.68 1429.827
1410.817 1411.173 1411.529 1411.831 1411.993 1412.156 1412.318 1412.48 1412.729 1413.012 1413.294 1413.577 1413.848 1414.062 1414.277 1414.491 1414.706 1414.881 1415.033 1415.185 1415.336 1415.497 1415.769 1416.041 1416.313 1416.585 1416.838 1417.074 1417.309 1417.544 1417.78 1417.964 1418.147 1418.33 1418.513 1418.861 1419.437 1420.012 1420.588 1421.163 1421.766 1422.373 1422.98 1423.587 1424.127 1424.524 1424.922 1425.319 1425.717 1426.102 1426.484 1426.866 1427.248 1427.623 1427.974 1428.324 1428.675 1429.025 1429.243 1429.395 1429.547 1429.699 1429.85 1430.002
1410.627 1410.972 1411.317 1411.616 1411.794 1411.972 1412.151 1412.329 1412.575 1412.847 1413.119 1413.39 1413.651 1413.861 1414.07 1414.279 1414.488 1414.665 1414.822 1414.979 1415.136 1415.3 1415.551 1415.801 1416.052 1416.303 1416.554 1416.805 1417.057 1417.308 1417.56 1417.781 1418.002 1418.222 1418.443 1418.808 1419.373 1419.938 1420.502 1421.067 1421.687 1422.315 1422.944 1423.572 1424.137 1424.567 1424.996 1425.426 1425.856 1426.261 1426.659 1427.057 1427.455 1427.839 1428.174 1428.508 1428.843 1429.177 1429.393 1429.551 1429.708 1429.865 1430.022 1430.179
1410.436 1410.771 1411.105 1411.401 1411.595 1411.789 1411.984 1412.178 1412.421 1412.682 1412.943 1413.204 1413.455 1413.659 1413.863 1414.067 1414.27 1414.448 1414.611 1414.773 1414.936 1415.103 1415.332 1415.562 1415.791 1416.02 1416.269 1416.537 1416.804 1417.072 1417.339 1417.598 1417.856 1418.114 1418.372 1418.755 1419.309 1419.863 1420.417 1420.971 1421.608 1422.258 1422.908 1423.557 1424.147 1424.609 1425.071 1425.533 1425.995 1426.42 1426.834 1427.248 1427.662 1428.055 1428.374 1428.692 1429.011 1429.329 1429.543 1429.706 1429.868 1430.031 1430.193 1430.356
1410.246 1410.569 1410.893 1411.185 1411.396 1411.606 1411.817 1412.027 1412.266 1412.517 1412.767 1413.017 1413.259 1413.457 1413.656 1413.854 1414.053 1414.232 1414.4 1414.568 1414.735 1414.906 1415.114 1415.322 1415.529 1415.737 1415.985 1416.268 1416.552 1416.836 1417.119 1417.414 1417.71 1418.006 1418.301 1418.701 1419.245 1419.788 1420.331 1420.875 1421.529 1422.2 1422.872 1423.543 1424.158 1424.652 1425.146 1425.64 1426.134 1426.579 1427.009 1427.439 1427.869 1428.272 1428.574 1428.876 1429.179 1429.481 1429.694 1429.861 1430.029 1430.197 1430.365 1430.533
1410.043 1410.349 1410.655 1410.939 1411.163 1411.387 1411.611 1411.836 1412.074 1412.318 1412.563 1412.807 1413.043 1413.24 1413.438 1413.636 1413.833 1414.016 1414.189 1414.362 1414.535 1414.71 1414.905 1415.101 1415.296 1415.491 1415.733 1416.017 1416.301 1416.585 1416.869 1417.189 1417.511 1417.833 1418.155 1418.569 1419.108 1419.647 1420.187 1420.726 1421.409 1422.113 1422.817 1423.521 1424.171 1424.706 1425.241 1425.777 1426.312 1426.763 1427.189 1427.615 1428.041 1428.438 1428.728 1429.019 1429.31 1429.6 1429.813 1429.986 1430.159 1430.332 1430.506 1430.686
1409.823 1410.102 1410.381 1410.649 1410.884 1411.119 1411.354 1411.589 1411.83 1412.074 1412.318 1412.563 1412.8 1413.003 1413.206 1413.408 1413.611 1413.799 1413.978 1414.156 1414.335 1414.515 1414.71 1414.905 1415.101 1415.296 1415.526 1415.789 1416.051 1416.314 1416.576 1416.907 1417.24 1417.572 1417.905 1418.327 1418.871 1419.416 1419.961 1420.506 1421.231 1421.983 1422.735 1423.488 1424.188 1424.777 1425.366 1425.955 1426.544 1426.983 1427.376 1427.77 1428.164 1428.534 1428.819 1429.105 1429.39 1429.676 1429.89 1430.068 1430.247 1430.425 1430.607 1430.808
1409.603 1409.855 1410.108 1410.359 1410.604 1410.85 1411.096 1411.341 1411.586 1411.83 1412.074 1412.318 1412.556 1412.765 1412.973 1413.181 1413.39 1413.583 1413.767 1413.951 1414.135 1414.319 1414.515 1414.71 1414.905 1415.1 1415.32 1415.561 1415.802 1416.043 1416.284 1416.624 1416.968 1417.311 1417.654 1418.085 1418.635 1419.185 1419.735 1420.285 1421.053 1421.854 1422.654 1423.455 1424.205 1424.848 1425.49 1426.133 1426.775 1427.202 1427.564 1427.925 1428.287 1428.63 1428.911 1429.191 1429.471 1429.751 1429.967 1430.15 1430.334 1430.518 1430.707 1430.93
1409.383 1409.609 1409.834 1410.068 1410.325 1410.581 1410.838 1411.094 1411.342 1411.586 1411.83 1412.074 1412.313 1412.527 1412.74 1412.954 1413.168 1413.366 1413.556 1413.745 1413.934 1414.124 1414.319 1414.515 1414.71 1414.905 1415.113 1415.333 1415.552 1415.772 1415.991 1416.342 1416.696 1417.05 1417.404 1417.843 1418.398 1418.954 1419.509 1420.065 1420.875 1421.724 1422.573 1423.422 1424.222 1424.918 1425.615 1426.311 1427.007 1427.421 1427.751 1428.08 1428.41 1428.727 1429.002 1429.276 1429.551 1429.826 1430.043 1430.233 1430.422 1430.611 1430.807 1431.051
1409.163 1409.362 1409.561 1409.778 1410.046 1410.313 1410.58 1410.847 1411.098 1411.342 1411.586 1411.83 1412.07 1412.289 1412.508 1412.727 1412.946 1413.15 1413.345 1413.539 1413.734 1413.929 1414.124 1414.319 1414.515 1414.71 1414.907 1415.105 1415.303 1415.501 1415.699 1416.059 1416.424 1416.789 1417.154 1417.601 1418.162 1418.723 1419.283 1419.844 1420.698 1421.595 1422.492 1423.389 1424.239 1424.989 1425.739 1426.489 1427.239 1427.641 1427.938 1428.235 1428.532 1428.823 1429.093 1429.362 1429.631 1429.901 1430.12 1430.315 1430.51 1430.704 1430.907 1431.173
1409.032 1409.219 1409.404 1409.611 1409.87 1410.129 1410.388 1410.648 1410.903 1411.156 1411.41 1411.663 1411.908 1412.114 1412.32 1412.526 1412.731 1412.934 1413.134 1413.333 1413.534 1413.735 1413.948 1414.162 1414.376 1414.59 1414.79 1414.976 1415.162 1415.348 1415.534 1415.895 1416.261 1416.627 1416.994 1417.414 1417.911 1418.407 1418.903 1419.399 1420.294 1421.249 1422.204 1423.159 1424.053 1424.819 1425.586 1426.352 1427.118 1427.499 1427.764 1428.029 1428.294 1428.573 1428.902 1429.232 1429.561 1429.89 1430.152 1430.38 1430.608 1430.836 1431.069 1431.342
1408.915 1409.09 1409.266 1409.461 1409.71 1409.958 1410.207 1410.455 1410.715 1410.979 1411.244 1411.508 1411.759 1411.949 1412.138 1412.328 1412.518 1412.717 1412.922 1413.128 1413.333 1413.541 1413.776 1414.012 1414.247 1414.483 1414.687 1414.862 1415.037 1415.212 1415.388 1415.748 1416.115 1416.481 1416.847 1417.236 1417.658 1418.079 1418.5 1418.921 1419.857 1420.871 1421.885 1422.899 1423.837 1424.614 1425.391 1426.168 1426.945 1427.304 1427.536 1427.769 1428.002 1428.271 1428.67 1429.069 1429.468 1429.867 1430.177 1430.443 1430.708 1430.974 1431.241 1431.519
1408.798 1408.963 1409.127 1409.312 1409.55 1409.787 1410.025 1410.263 1410.528 1410.803 1411.078 1411.352 1411.61 1411.783 1411.957 1412.13 1412.304 1412.501 1412.711 1412.922 1413.133 1413.347 1413.604 1413.861 1414.118 1414.375 1414.583 1414.748 1414.912 1415.077 1415.241 1415.602 1415.968 1416.334 1416.701 1417.058 1417.404 1417.75 1418.096 1418.442 1419.42 1420.493 1421.566 1422.639 1423.621 1424.408 1425.196 1425.984 1426.771 1427.108 1427.309 1427.509 1427.71 1427.969 1428.438 1428.906 1429.375 1429.844 1430.202 1430.505 1430.808 1431.111 1431.412 1431.696
1408.681 1408.834 1408.988 1409.162 1409.389 1409.616 1409.844 1410.071 1410.34 1410.626 1410.911 1411.197 1411.46 1411.618 1411.775 1411.933 1412.09 1412.284 1412.5 1412.717 1412.933 1413.153 1413.432 1413.71 1413.988 1414.267 1414.48 1414.634 1414.788 1414.942 1415.095 1415.455 1415.822 1416.188 1416.554 1416.88 1417.151 1417.422 1417.693 1417.964 1418.983 1420.115 1421.247 1422.379 1423.404 1424.203 1425.001 1425.8 1426.598 1426.912 1427.081 1427.249 1427.418 1427.667 1428.205 1428.744 1429.282 1429.821 1430.227 1430.568 1430.908 1431.249 1431.584 1431.873
1408.568 1408.727 1408.885 1409.059 1409.274 1409.488 1409.703 1409.918 1410.189 1410.482 1410.775 1411.068 1411.336 1411.488 1411.64 1411.791 1411.943 1412.135 1412.351 1412.568 1412.784 1413.005 1413.297 1413.588 1413.879 1414.171 1414.389 1414.541 1414.692 1414.844 1414.996 1415.366 1415.742 1416.119 1416.495 1416.815 1417.057 1417.299 1417.541 1417.783 1418.805 1419.945 1421.084 1422.224 1423.249 1424.029 1424.809 1425.589 1426.369 1426.674 1426.836 1426.998 1427.16 1427.414 1428.0 1428.586 1429.172 1429.758 1430.204 1430.581 1430.957 1431.334 1431.701 1431.999
1408.466 1408.662 1408.858 1409.055 1409.253 1409.452 1409.65 1409.849 1410.116 1410.409 1410.702 1410.995 1411.266 1411.434 1411.601 1411.769 1411.937 1412.128 1412.334 1412.539 1412.745 1412.956 1413.242 1413.528 1413.814 1414.1 1414.324 1414.492 1414.66 1414.827 1414.995 1415.397 1415.806 1416.214 1416.623 1416.991 1417.303 1417.614 1417.926 1418.238 1419.181 1420.218 1421.256 1422.293 1423.223 1423.923 1424.622 1425.322 1426.021 1426.345 1426.555 1426.766 1426.976 1427.267 1427.854 1428.439 1429.026 1429.611 1430.079 1430.488 1430.897 1431.305 1431.703 1432.017
1408.364 1408.597 1408.831 1409.05 1409.233 1409.415 1409.598 1409.78 1410.042 1410.335 1410.628 1410.921 1411.195 1411.379 1411.563 1411.747 1411.931 1412.121 1412.316 1412.511 1412.706 1412.907 1413.188 1413.468 1413.749 1414.029 1414.259 1414.443 1414.627 1414.811 1414.995 1415.428 1415.869 1416.31 1416.751 1417.167 1417.548 1417.93 1418.311 1418.693 1419.556 1420.491 1421.427 1422.363 1423.197 1423.817 1424.436 1425.055 1425.674 1426.016 1426.274 1426.533 1426.791 1427.121 1427.707 1428.293 1428.879 1429.465 1429.954 1430.395 1430.836 1431.277 1431.705 1432.035
1408.261 1408.532 1408.803 1409.046 1409.212 1409.379 1409.545 1409.711 1409.969 1410.262 1410.555 1410.848 1411.125 1411.325 1411.525 1411.725 1411.925 1412.115 1412.299 1412.483 1412.667 1412.858 1413.133 1413.408 1413.683 1413.959 1414.194 1414.394 1414.594 1414.794 1414.994 1415.459 1415.932 1416.406 1416.879 1417.343 1417.794 1418.245 1418.696 1419.147 1419.931 1420.765 1421.599 1422.432 1423.172 1423.71 1424.249 1424.788 1425.326 1425.687 1425.994 1426.3 1426.607 1426.975 1427.561 1428.146 1428.733 1429.318 1429.829 1430.302 1430.775 1431.249 1431.707 1432.053
