data/zism_data/00057_03_D.txt
ncols         224
nrows         224
[rows 174 to 202 of 224, columns 130 to 194 of 224]
3400.0 3401.012 3402.803 3404.594 3406.384 3408.192 3411.195 3414.197 3417.2 3420.202 3422.971 3425.471 3427.971 3430.471 3432.971 3435.159 3437.317 3439.476 3441.634 3443.572 3445.12 3446.668 3448.216 3449.765 3451.364 3452.976 3454.587 3456.198 3457.75 3459.133 3460.516 3461.898 3463.281 3464.632 3465.97 3467.308 3468.646 3469.82 3470.132 3470.443 3470.755 3471.066 3471.051 3470.826 3470.601 3470.376 3470.121 3469.364 3468.608 3467.852 3467.095 3466.069 3464.78 3463.491 3462.202 3460.913 3459.964 3459.031 3458.098 3457.165 3456.038 3454.626 3453.214 3451.802 3450.391
3400.099 3401.25 3403.268 3405.286 3407.305 3409.339 3412.491 3415.642 3418.793 3421.944 3424.813 3427.354 3429.895 3432.436 3434.977 3437.159 3439.307 3441.455 3443.604 3445.524 3447.044 3448.564 3450.084 3451.604 3453.192 3454.797 3456.401 3458.006 3459.52 3460.781 3462.041 3463.301 3464.561 3465.878 3467.219 3468.559 3469.899 3471.101 3471.575 3472.05 3472.525 3472.999 3473.08 3472.906 3472.733 3472.56 3472.347 3471.49 3470.632 3469.775 3468.917 3467.829 3466.515 3465.202 3463.889 3462.575 3461.706 3460.857 3460.009 3459.16 3458.112 3456.773 3455.435 3454.096 3452.757
3401.233 3402.605 3404.812 3407.019 3409.226 3411.446 3414.614 3417.781 3420.948 3424.116 3427.003 3429.565 3432.128 3434.69 3437.253 3439.432 3441.575 3443.718 3445.86 3447.803 3449.393 3450.983 3452.573 3454.163 3455.699 3457.222 3458.746 3460.27 3461.697 3462.849 3464.002 3465.155 3466.307 3467.57 3468.878 3470.186 3471.494 3472.688 3473.287 3473.885 3474.484 3475.082 3475.194 3474.994 3474.794 3474.594 3474.354 3473.464 3472.574 3471.685 3470.795 3469.72 3468.466 3467.212 3465.958 3464.704 3463.899 3463.115 3462.331 3461.546 3460.557 3459.266 3457.976 3456.686 3455.396
3402.368 3403.961 3406.356 3408.751 3411.146 3413.553 3416.737 3419.92 3423.104 3426.287 3429.193 3431.777 3434.361 3436.945 3439.529 3441.705 3443.843 3445.98 3448.117 3450.082 3451.742 3453.402 3455.062 3456.721 3458.205 3459.648 3461.091 3462.534 3463.873 3464.918 3465.963 3467.008 3468.053 3469.262 3470.537 3471.813 3473.088 3474.276 3474.998 3475.72 3476.442 3477.165 3477.309 3477.082 3476.855 3476.628 3476.36 3475.438 3474.516 3473.594 3472.672 3471.612 3470.417 3469.222 3468.027 3466.833 3466.092 3465.372 3464.653 3463.933 3463.001 3461.76 3460.518 3459.276 3458.034
3403.502 3405.317 3407.9 3410.484 3413.067 3415.66 3418.86 3422.059 3425.259 3428.459 3431.383 3433.989 3436.594 3439.2 3441.805 3443.979 3446.111 3448.242 3450.375 3452.361 3454.091 3455.821 3457.55 3459.28 3460.712 3462.074 3463.436 3464.798 3466.05 3466.987 3467.924 3468.862 3469.799 3470.954 3472.197 3473.44 3474.683 3475.863 3476.709 3477.555 3478.401 3479.247 3479.424 3479.17 3478.916 3478.662 3478.367 3477.413 3476.458 3475.504 3474.55 3473.504 3472.368 3471.232 3470.097 3468.961 3468.285 3467.63 3466.975 3466.32 3465.446 3464.253 3463.059 3461.866 3460.672
3404.637 3406.672 3409.444 3412.216 3414.988 3417.767 3420.983 3424.198 3427.414 3430.63 3433.573 3436.2 3438.827 3441.454 3444.082 3446.252 3448.378 3450.505 3452.631 3454.64 3456.439 3458.239 3460.039 3461.839 3463.218 3464.5 3465.781 3467.063 3468.226 3469.056 3469.885 3470.715 3471.545 3472.645 3473.856 3475.067 3476.278 3477.451 3478.421 3479.39 3480.36 3481.33 3481.539 3481.258 3480.977 3480.696 3480.374 3479.387 3478.401 3477.414 3476.427 3475.396 3474.319 3473.242 3472.166 3471.09 3470.478 3469.887 3469.297 3468.706 3467.891 3466.746 3465.601 3464.456 3463.311
3406.188 3408.495 3411.494 3414.493 3417.492 3420.494 3423.744 3426.994 3430.244 3433.493 3436.422 3438.979 3441.535 3444.092 3446.649 3448.778 3450.867 3452.956 3455.044 3457.036 3458.859 3460.681 3462.503 3464.326 3465.68 3466.925 3468.17 3469.415 3470.526 3471.257 3471.988 3472.719 3473.45 3474.478 3475.627 3476.776 3477.925 3479.059 3480.111 3481.163 3482.215 3483.267 3483.5 3483.207 3482.914 3482.621 3482.288 3481.292 3480.297 3479.302 3478.307 3477.303 3476.292 3475.281 3474.27 3473.258 3472.7 3472.162 3471.624 3471.086 3470.316 3469.204 3468.093 3466.982 3465.87
3408.08 3410.698 3413.956 3417.213 3420.47 3423.728 3427.026 3430.324 3433.623 3436.921 3439.808 3442.219 3444.631 3447.042 3449.454 3451.511 3453.536 3455.56 3457.583 3459.529 3461.335 3463.141 3464.948 3466.754 3468.105 3469.35 3470.595 3471.84 3472.927 3473.567 3474.206 3474.845 3475.485 3476.425 3477.488 3478.551 3479.614 3480.683 3481.783 3482.884 3483.984 3485.085 3485.337 3485.044 3484.751 3484.458 3484.125 3483.141 3482.156 3481.172 3480.188 3479.225 3478.284 3477.342 3476.401 3475.46 3474.945 3474.451 3473.956 3473.461 3472.725 3471.635 3470.545 3469.456 3468.366
3409.971 3412.902 3416.418 3419.933 3423.449 3426.962 3430.309 3433.655 3437.002 3440.349 3443.194 3445.46 3447.727 3449.993 3452.259 3454.245 3456.204 3458.164 3460.123 3462.021 3463.811 3465.601 3467.392 3469.182 3470.53 3471.775 3473.02 3474.265 3475.328 3475.876 3476.424 3476.972 3477.52 3478.372 3479.349 3480.326 3481.303 3482.307 3483.456 3484.605 3485.754 3486.903 3487.174 3486.881 3486.588 3486.295 3485.963 3484.989 3484.016 3483.042 3482.068 3481.146 3480.275 3479.404 3478.532 3477.661 3477.191 3476.739 3476.288 3475.836 3475.134 3474.066 3472.997 3471.929 3470.861
3411.862 3415.105 3418.879 3422.653 3426.427 3430.196 3433.591 3436.986 3440.381 3443.776 3446.58 3448.701 3450.822 3452.943 3455.064 3456.978 3458.873 3460.768 3462.663 3464.514 3466.288 3468.062 3469.835 3471.61 3472.954 3474.199 3475.445 3476.69 3477.729 3478.186 3478.642 3479.098 3479.555 3480.32 3481.21 3482.101 3482.992 3483.931 3485.129 3486.326 3487.524 3488.721 3489.011 3488.718 3488.425 3488.132 3487.801 3486.838 3485.875 3484.912 3483.949 3483.068 3482.267 3481.465 3480.664 3479.862 3479.437 3479.028 3478.619 3478.211 3477.543 3476.496 3475.45 3474.403 3473.356
3413.782 3417.335 3421.365 3425.394 3429.423 3433.444 3436.886 3440.327 3443.769 3447.21 3449.973 3451.95 3453.927 3455.904 3457.881 3459.724 3461.555 3463.385 3465.216 3467.019 3468.775 3470.531 3472.287 3474.043 3475.384 3476.628 3477.872 3479.116 3480.13 3480.494 3480.859 3481.223 3481.587 3482.265 3483.07 3483.875 3484.68 3485.555 3486.8 3488.044 3489.288 3490.532 3490.842 3490.55 3490.258 3489.966 3489.635 3488.684 3487.733 3486.782 3485.831 3484.99 3484.258 3483.526 3482.793 3482.061 3481.68 3481.314 3480.949 3480.584 3479.952 3478.928 3477.904 3476.88 3475.855
3417.623 3421.336 3425.425 3429.514 3433.602 3437.68 3441.03 3444.38 3447.73 3451.08 3453.779 3455.723 3457.668 3459.613 3461.558 3463.349 3465.126 3466.902 3468.679 3470.397 3472.013 3473.63 3475.246 3476.862 3478.11 3479.274 3480.437 3481.6 3482.52 3482.75 3482.979 3483.209 3483.439 3484.047 3484.809 3485.571 3486.333 3487.162 3488.341 3489.521 3490.701 3491.88 3492.207 3491.985 3491.763 3491.541 3491.281 3490.405 3489.529 3488.653 3487.778 3486.974 3486.242 3485.51 3484.777 3484.045 3483.741 3483.457 3483.172 3482.888 3482.343 3481.415 3480.488 3479.561 3478.634
3421.465 3425.338 3429.486 3433.634 3437.781 3441.917 3445.175 3448.433 3451.692 3454.95 3457.584 3459.497 3461.41 3463.323 3465.235 3466.974 3468.697 3470.42 3472.142 3473.776 3475.252 3476.728 3478.204 3479.68 3480.837 3481.92 3483.002 3484.085 3484.91 3485.005 3485.1 3485.195 3485.29 3485.829 3486.548 3487.267 3487.986 3488.768 3489.883 3490.998 3492.113 3493.228 3493.572 3493.42 3493.268 3493.116 3492.926 3492.126 3491.325 3490.525 3489.724 3488.958 3488.226 3487.493 3486.761 3486.029 3485.802 3485.598 3485.395 3485.191 3484.733 3483.903 3483.073 3482.242 3481.412
3425.307 3429.339 3433.546 3437.753 3441.96 3446.152 3449.319 3452.486 3455.653 3458.82 3461.391 3463.271 3465.151 3467.031 3468.912 3470.599 3472.268 3473.937 3475.606 3477.154 3478.49 3479.827 3481.163 3482.499 3483.564 3484.566 3485.568 3486.569 3487.3 3487.26 3487.221 3487.181 3487.142 3487.611 3488.286 3488.962 3489.638 3490.374 3491.425 3492.475 3493.526 3494.576 3494.937 3494.855 3494.773 3494.691 3494.572 3493.847 3493.122 3492.396 3491.671 3490.942 3490.21 3489.478 3488.745 3488.012 3487.863 3487.74 3487.617 3487.495 3487.124 3486.391 3485.657 3484.924 3484.19
3429.148 3433.341 3437.607 3441.873 3446.139 3450.388 3453.464 3456.539 3459.615 3462.69 3465.197 3467.045 3468.893 3470.741 3472.589 3474.224 3475.839 3477.454 3479.069 3480.533 3481.729 3482.925 3484.122 3485.318 3486.291 3487.212 3488.133 3489.054 3489.689 3489.515 3489.341 3489.167 3488.993 3489.392 3490.025 3490.658 3491.291 3491.98 3492.966 3493.952 3494.938 3495.924 3496.302 3496.291 3496.278 3496.266 3496.217 3495.567 3494.918 3494.268 3493.618 3492.926 3492.194 3491.461 3490.729 3489.997 3489.924 3489.882 3489.84 3489.798 3489.515 3488.878 3488.241 3487.605 3486.969
3433.152 3437.388 3441.608 3445.828 3450.048 3454.251 3457.294 3460.337 3463.38 3466.423 3468.912 3470.758 3472.605 3474.451 3476.298 3477.814 3479.298 3480.782 3482.266 3483.59 3484.634 3485.677 3486.721 3487.764 3488.641 3489.478 3490.316 3491.154 3491.702 3491.429 3491.157 3490.885 3490.612 3490.941 3491.515 3492.09 3492.664 3493.291 3494.191 3495.092 3495.993 3496.894 3497.269 3497.306 3497.343 3497.381 3497.383 3496.816 3496.25 3495.683 3495.116 3494.499 3493.834 3493.168 3492.502 3491.837 3491.808 3491.808 3491.808 3491.808 3491.579 3491.013 3490.448 3489.882 3489.317
3437.334 3441.485 3445.544 3449.602 3453.661 3457.705 3460.781 3463.856 3466.931 3470.007 3472.527 3474.406 3476.285 3478.164 3480.043 3481.365 3482.634 3483.902 3485.171 3486.298 3487.174 3488.051 3488.927 3489.804 3490.579 3491.331 3492.083 3492.834 3493.303 3492.971 3492.64 3492.308 3491.976 3492.235 3492.734 3493.233 3493.732 3494.278 3495.071 3495.864 3496.657 3497.45 3497.8 3497.864 3497.928 3497.992 3498.025 3497.55 3497.075 3496.599 3496.124 3495.624 3495.098 3494.572 3494.047 3493.521 3493.498 3493.498 3493.498 3493.498 3493.286 3492.764 3492.242 3491.719 3491.197
3441.516 3445.583 3449.48 3453.377 3457.274 3461.159 3464.267 3467.375 3470.483 3473.59 3476.143 3478.054 3479.966 3481.877 3483.788 3484.916 3485.969 3487.023 3488.076 3489.005 3489.715 3490.425 3491.134 3491.844 3492.518 3493.183 3493.849 3494.514 3494.904 3494.513 3494.123 3493.732 3493.341 3493.528 3493.952 3494.376 3494.799 3495.265 3495.95 3496.636 3497.321 3498.007 3498.33 3498.421 3498.512 3498.604 3498.667 3498.283 3497.9 3497.516 3497.133 3496.748 3496.362 3495.977 3495.591 3495.205 3495.188 3495.188 3495.188 3495.188 3494.994 3494.515 3494.035 3493.556 3493.077
3445.698 3449.68 3453.416 3457.151 3460.887 3464.614 3467.754 3470.894 3474.034 3477.174 3479.759 3481.703 3483.646 3485.59 3487.533 3488.467 3489.305 3490.144 3490.982 3491.713 3492.256 3492.798 3493.341 3493.884 3494.457 3495.036 3495.615 3496.195 3496.506 3496.055 3495.605 3495.155 3494.705 3494.822 3495.17 3495.519 3495.867 3496.252 3496.83 3497.407 3497.985 3498.563 3498.861 3498.979 3499.097 3499.215 3499.309 3499.017 3498.725 3498.433 3498.141 3497.872 3497.626 3497.381 3497.135 3496.889 3496.879 3496.879 3496.879 3496.879 3496.702 3496.265 3495.829 3495.393 3494.957
3449.879 3453.778 3457.352 3460.926 3464.5 3468.068 3471.24 3474.413 3477.585 3480.758 3483.375 3485.351 3487.326 3489.302 3491.278 3492.018 3492.641 3493.264 3493.887 3494.42 3494.796 3495.172 3495.548 3495.924 3496.395 3496.889 3497.382 3497.875 3498.107 3497.598 3497.088 3496.579 3496.07 3496.116 3496.389 3496.662 3496.935 3497.239 3497.709 3498.179 3498.65 3499.12 3499.392 3499.537 3499.682 3499.827 3499.951 3499.751 3499.55 3499.35 3499.149 3498.996 3498.891 3498.785 3498.679 3498.573 3498.569 3498.569 3498.569 3498.569 3498.409 3498.016 3497.623 3497.23 3496.837
3452.251 3456.146 3459.807 3463.468 3467.129 3470.784 3473.999 3477.214 3480.428 3483.643 3486.186 3487.95 3489.715 3491.479 3493.244 3493.839 3494.323 3494.806 3495.29 3495.703 3495.994 3496.284 3496.574 3496.864 3497.233 3497.62 3498.007 3498.394 3498.554 3498.072 3497.589 3497.107 3496.625 3496.657 3496.901 3497.144 3497.387 3497.657 3498.071 3498.484 3498.897 3499.31 3499.542 3499.659 3499.775 3499.891 3499.991 3499.836 3499.681 3499.527 3499.372 3499.256 3499.179 3499.102 3499.024 3498.947 3498.944 3498.944 3498.944 3498.944 3498.818 3498.509 3498.199 3497.889 3497.58
3454.511 3458.408 3462.172 3465.935 3469.698 3473.454 3476.712 3479.97 3483.228 3486.486 3488.946 3490.485 3492.023 3493.562 3495.101 3495.553 3495.902 3496.251 3496.6 3496.899 3497.108 3497.318 3497.527 3497.737 3498.003 3498.282 3498.561 3498.841 3498.929 3498.479 3498.03 3497.58 3497.129 3497.153 3497.369 3497.585 3497.802 3498.041 3498.4 3498.76 3499.119 3499.478 3499.67 3499.754 3499.837 3499.921 3499.993 3499.882 3499.77 3499.658 3499.547 3499.463 3499.407 3499.352 3499.296 3499.24 3499.238 3499.238 3499.238 3499.238 3499.147 3498.923 3498.7 3498.477 3498.253
3456.772 3460.671 3464.536 3468.402 3472.267 3476.125 3479.426 3482.727 3486.028 3489.328 3491.707 3493.02 3494.332 3495.645 3496.957 3497.267 3497.482 3497.696 3497.911 3498.094 3498.223 3498.352 3498.48 3498.609 3498.773 3498.944 3499.116 3499.288 3499.305 3498.888 3498.47 3498.052 3497.635 3497.648 3497.837 3498.027 3498.216 3498.424 3498.729 3499.035 3499.341 3499.646 3499.797 3499.849 3499.9 3499.951 3499.996 3499.927 3499.859 3499.79 3499.721 3499.67 3499.636 3499.602 3499.567 3499.533 3499.531 3499.531 3499.531 3499.531 3499.476 3499.338 3499.201 3499.064 3498.927
3459.033 3462.933 3466.901 3470.868 3474.836 3478.795 3482.139 3485.483 3488.827 3492.171 3494.468 3495.554 3496.641 3497.728 3498.814 3498.981 3499.062 3499.141 3499.221 3499.29 3499.338 3499.386 3499.434 3499.482 3499.542 3499.606 3499.67 3499.734 3499.681 3499.296 3498.91 3498.525 3498.14 3498.143 3498.306 3498.468 3498.631 3498.807 3499.059 3499.311 3499.563 3499.814 3499.924 3499.944 3499.963 3499.982 3499.999 3499.973 3499.947 3499.922 3499.896 3499.877 3499.864 3499.852 3499.839 3499.826 3499.825 3499.825 3499.825 3499.825 3499.805 3499.753 3499.702 3499.651 3499.6
3460.866 3464.742 3468.749 3472.755 3476.762 3480.759 3484.087 3487.415 3490.743 3494.071 3496.278 3497.189 3498.099 3499.01 3499.921 3500.0 3500.0 3500.0 3500.0 3500.0 3500.0 3500.0 3500.0 3500.0 3500.0 3500.0 3500.0 3500.0 3499.909 3499.56 3499.212 3498.863 3498.514 3498.505 3498.634 3498.763 3498.892 3499.035 3499.255 3499.475 3499.694 3499.914 3500.0 3500.0 3500.0 3500.0 3500.0 3500.0 3500.0 3500.0 3500.0 3500.0 3500.0 3500.0 3500.0 3500.0 3500.0 3500.0 3500.0 3500.0 3500.0 3500.0 3500.0 3500.0 3500.0
3462.075 3465.887 3469.84 3473.793 3477.746 3481.688 3484.914 3488.14 3491.365 3494.591 3496.696 3497.504 3498.313 3499.121 3499.93 3500.0 3500.0 3500.0 3500.0 3500.0 3500.0 3500.0 3500.0 3500.0 3500.0 3500.0 3500.0 3500.0 3499.92 3499.615 3499.309 3499.003 3498.698 3498.67 3498.756 3498.842 3498.928 3499.035 3499.255 3499.475 3499.694 3499.914 3500.0 3500.0 3500.0 3500.0 3500.0 3500.0 3500.0 3500.0 3500.0 3500.0 3500.0 3500.0 3500.0 3500.0 3500.0 3500.0 3500.0 3500.0 3500.0 3500.0 3500.0 3500.0 3500.0
3463.283 3467.032 3470.931 3474.83 3478.729 3482.617 3485.741 3488.865 3491.988 3495.112 3497.114 3497.82 3498.526 3499.232 3499.938 3500.0 3500.0 3500.0 3500.0 3500.0 3500.0 3500.0 3500.0 3500.0 3500.0 3500.0 3500.0 3500.0 3499.931 3499.669 3499.406 3499.144 3498.881 3498.835 3498.878 3498.921 3498.964 3499.035 3499.255 3499.475 3499.694 3499.914 3500.0 3500.0 3500.0 3500.0 3500.0 3500.0 3500.0 3500.0 3500.0 3500.0 3500.0 3500.0 3500.0 3500.0 3500.0 3500.0 3500.0 3500.0 3500.0 3500.0 3500.0 3500.0 3500.0
3464.491 3468.177 3472.023 3475.868 3479.713 3483.547 3486.568 3489.589 3492.61 3495.632 3497.532 3498.136 3498.74 3499.344 3499.948 3500.0 3500.0 3500.0 3500.0 3500.0 3500.0 3500.0 3500.0 3500.0 3500.0 3500.0 3500.0 3500.0 3499.943 3499.723 3499.503 3499.284 3499.064 3499.0 3499.0 3499.0 3499.0 3499.035 3499.255 3499.475 3499.694 3499.914 3500.0 3500.0 3500.0 3500.0 3500.0 3500.0 3500.0 3500.0 3500.0 3500.0 3500.0 3500.0 3500.0 3500.0 3500.0 3500.0 3500.0 3500.0 3500.0 3500.0 3500.0 3500.0 3500.0
3465.7 3469.323 3473.114 3476.906 3480.697 3484.476 3487.395 3490.314 3493.233 3496.152 3497.95 3498.451 3498.953 3499.455 3499.956 3500.0 3500.0 3500.0 3500.0 3500.0 3500.0 3500.0 3500.0 3500.0 3500.0 3500.0 3500.0 3500.0 3499.954 3499.777 3499.601 3499.424 3499.248 3499.166 3499.123 3499.08 3499.036 3499.035 3499.255 3499.475 3499.694 3499.914 3500.0 3500.0 3500.0 3500.0 3500.0 3500.0 3500.0 3500.0 3500.0 3500.0 3500.0 3500.0 3500.0 3500.0 3500.0 3500.0 3500.0 3500.0 3500.0 3500.0 3500.0 3500.0 3500.0
