data/zism_data/00058_02_D.txt
ncols         224
nrows         224
[rows 196 to 223 of 224, columns 63 to 125 of 224]
1514.538 1515.211 1515.883 1516.556 1517.16 1517.74 1518.319 1518.899 1519.496 1520.169 1520.842 1521.515 1522.187 1522.954 1523.774 1524.594 1525.415 1526.228 1526.973 1527.718 1528.464 1529.209 1530.127 1531.196 1532.265 1533.334 1534.403 1535.375 1536.345 1537.315 1538.285 1539.014 1539.43 1539.846 1540.262 1540.678 1540.726 1540.726 1540.726 1540.726 1540.726 1540.726 1540.726 1540.726 1540.726 1540.726 1540.726 1540.726 1540.726 1540.708 1540.627 1540.547 1540.466 1540.386 1540.15 1539.842 1539.534 1539.226 1538.87 1538.198 1537.526 1536.854 1536.183
1513.959 1514.6 1515.24 1515.881 1516.445 1516.981 1517.518 1518.055 1518.611 1519.252 1519.892 1520.533 1521.173 1521.925 1522.74 1523.555 1524.37 1525.173 1525.859 1526.545 1527.231 1527.917 1528.8 1529.853 1530.906 1531.958 1533.011 1533.94 1534.868 1535.795 1536.722 1537.376 1537.674 1537.972 1538.27 1538.567 1538.602 1538.602 1538.602 1538.602 1538.602 1538.602 1538.602 1538.602 1538.602 1538.602 1538.602 1538.602 1538.602 1538.601 1538.595 1538.59 1538.585 1538.579 1538.452 1538.267 1538.082 1537.897 1537.657 1537.044 1536.431 1535.818 1535.206
1513.381 1513.989 1514.597 1515.206 1515.729 1516.223 1516.717 1517.211 1517.726 1518.334 1518.943 1519.551 1520.16 1520.896 1521.706 1522.515 1523.325 1524.118 1524.745 1525.372 1525.999 1526.626 1527.473 1528.51 1529.546 1530.583 1531.62 1532.506 1533.391 1534.275 1535.159 1535.738 1535.917 1536.097 1536.277 1536.457 1536.478 1536.478 1536.478 1536.478 1536.478 1536.478 1536.478 1536.478 1536.478 1536.478 1536.478 1536.478 1536.478 1536.494 1536.563 1536.633 1536.703 1536.773 1536.754 1536.692 1536.631 1536.569 1536.444 1535.89 1535.336 1534.782 1534.228
1512.728 1513.304 1513.88 1514.456 1514.952 1515.419 1515.886 1516.353 1516.842 1517.423 1518.004 1518.585 1519.166 1519.878 1520.664 1521.45 1522.236 1523.006 1523.602 1524.198 1524.793 1525.389 1526.197 1527.188 1528.179 1529.171 1530.162 1530.986 1531.808 1532.63 1533.452 1533.956 1534.047 1534.138 1534.229 1534.32 1534.331 1534.331 1534.331 1534.331 1534.331 1534.331 1534.331 1534.331 1534.331 1534.331 1534.331 1534.331 1534.331 1534.368 1534.526 1534.684 1534.842 1535.0 1535.086 1535.138 1535.19 1535.242 1535.227 1534.763 1534.3 1533.836 1533.372
1511.905 1512.449 1512.993 1513.537 1514.032 1514.51 1514.988 1515.466 1515.96 1516.525 1517.09 1517.655 1518.22 1518.885 1519.607 1520.328 1521.05 1521.764 1522.392 1523.02 1523.648 1524.276 1525.038 1525.916 1526.795 1527.673 1528.552 1529.269 1529.984 1530.698 1531.413 1531.847 1531.917 1531.986 1532.056 1532.125 1532.134 1532.134 1532.134 1532.134 1532.134 1532.134 1532.134 1532.134 1532.134 1532.134 1532.134 1532.134 1532.134 1532.198 1532.474 1532.75 1533.026 1533.302 1533.488 1533.631 1533.774 1533.918 1534.003 1533.7 1533.397 1533.094 1532.792
1511.082 1511.594 1512.105 1512.617 1513.112 1513.601 1514.089 1514.578 1515.078 1515.627 1516.176 1516.725 1517.274 1517.892 1518.549 1519.206 1519.864 1520.521 1521.181 1521.842 1522.502 1523.162 1523.879 1524.645 1525.41 1526.176 1526.942 1527.552 1528.159 1528.766 1529.374 1529.738 1529.786 1529.834 1529.882 1529.931 1529.936 1529.936 1529.936 1529.936 1529.936 1529.936 1529.936 1529.936 1529.936 1529.936 1529.936 1529.936 1529.936 1530.028 1530.422 1530.816 1531.21 1531.604 1531.889 1532.124 1532.359 1532.593 1532.779 1532.637 1532.495 1532.353 1532.211
1510.259 1510.739 1511.218 1511.698 1512.192 1512.692 1513.191 1513.69 1514.196 1514.729 1515.261 1515.794 1516.327 1516.898 1517.491 1518.084 1518.677 1519.279 1519.971 1520.664 1521.356 1522.048 1522.72 1523.373 1524.026 1524.679 1525.332 1525.835 1526.334 1526.834 1527.334 1527.629 1527.656 1527.682 1527.709 1527.736 1527.739 1527.739 1527.739 1527.739 1527.739 1527.739 1527.739 1527.739 1527.739 1527.739 1527.739 1527.739 1527.739 1527.858 1528.37 1528.882 1529.394 1529.906 1530.291 1530.617 1530.943 1531.269 1531.554 1531.574 1531.593 1531.612 1531.631
1509.436 1509.884 1510.331 1510.778 1511.272 1511.782 1512.292 1512.802 1513.314 1513.831 1514.347 1514.864 1515.381 1515.905 1516.434 1516.962 1517.491 1518.036 1518.761 1519.485 1520.21 1520.935 1521.561 1522.101 1522.641 1523.182 1523.723 1524.117 1524.51 1524.903 1525.295 1525.52 1525.525 1525.53 1525.536 1525.541 1525.541 1525.541 1525.541 1525.541 1525.541 1525.541 1525.541 1525.541 1525.541 1525.541 1525.541 1525.541 1525.541 1525.688 1526.318 1526.948 1527.578 1528.208 1528.693 1529.11 1529.527 1529.944 1530.33 1530.51 1530.69 1530.87 1531.051
1508.556 1508.983 1509.41 1509.838 1510.31 1510.799 1511.287 1511.776 1512.264 1512.753 1513.241 1513.729 1514.218 1514.699 1515.175 1515.651 1516.128 1516.624 1517.332 1518.041 1518.749 1519.457 1520.021 1520.462 1520.901 1521.341 1521.781 1522.089 1522.395 1522.7 1523.006 1523.178 1523.178 1523.178 1523.178 1523.178 1523.178 1523.178 1523.178 1523.178 1523.178 1523.178 1523.178 1523.178 1523.178 1523.226 1523.286 1523.347 1523.408 1523.626 1524.366 1525.106 1525.846 1526.586 1527.185 1527.718 1528.25 1528.783 1529.294 1529.668 1530.041 1530.414 1530.788
1507.656 1508.067 1508.478 1508.89 1509.334 1509.79 1510.247 1510.703 1511.159 1511.615 1512.072 1512.528 1512.984 1513.423 1513.851 1514.279 1514.707 1515.156 1515.833 1516.509 1517.185 1517.861 1518.358 1518.702 1519.045 1519.388 1519.732 1519.959 1520.184 1520.409 1520.634 1520.761 1520.761 1520.761 1520.761 1520.761 1520.761 1520.761 1520.761 1520.761 1520.761 1520.761 1520.761 1520.761 1520.761 1520.872 1521.013 1521.154 1521.295 1521.6 1522.447 1523.295 1524.142 1524.99 1525.707 1526.362 1527.018 1527.674 1528.32 1528.897 1529.474 1530.052 1530.629
1506.756 1507.151 1507.546 1507.942 1508.358 1508.782 1509.206 1509.63 1510.055 1510.479 1510.903 1511.327 1511.751 1512.147 1512.526 1512.906 1513.286 1513.689 1514.333 1514.976 1515.62 1516.264 1516.695 1516.942 1517.189 1517.436 1517.682 1517.828 1517.973 1518.118 1518.262 1518.344 1518.344 1518.344 1518.344 1518.344 1518.344 1518.344 1518.344 1518.344 1518.344 1518.344 1518.344 1518.344 1518.344 1518.518 1518.739 1518.961 1519.182 1519.574 1520.529 1521.483 1522.438 1523.393 1524.228 1525.007 1525.787 1526.566 1527.345 1528.126 1528.908 1529.689 1530.47
1505.856 1506.235 1506.615 1506.994 1507.382 1507.774 1508.166 1508.558 1508.95 1509.342 1509.734 1510.125 1510.517 1510.871 1511.202 1511.534 1511.865 1512.221 1512.833 1513.444 1514.056 1514.668 1515.032 1515.182 1515.332 1515.483 1515.633 1515.698 1515.762 1515.827 1515.891 1515.927 1515.927 1515.927 1515.927 1515.927 1515.927 1515.927 1515.927 1515.927 1515.927 1515.927 1515.927 1515.927 1515.927 1516.163 1516.465 1516.767 1517.07 1517.548 1518.61 1519.672 1520.734 1521.796 1522.75 1523.652 1524.555 1525.458 1526.371 1527.356 1528.341 1529.326 1530.311
1504.967 1505.327 1505.687 1506.046 1506.399 1506.749 1507.099 1507.449 1507.801 1508.165 1508.529 1508.893 1509.257 1509.571 1509.855 1510.139 1510.423 1510.732 1511.296 1511.861 1512.425 1512.989 1513.288 1513.358 1513.428 1513.498 1513.568 1513.569 1513.569 1513.569 1513.569 1513.569 1513.569 1513.569 1513.569 1513.569 1513.569 1513.569 1513.569 1513.569 1513.57 1513.574 1513.577 1513.58 1513.583 1513.886 1514.272 1514.658 1515.044 1515.614 1516.794 1517.974 1519.154 1520.334 1521.424 1522.471 1523.517 1524.564 1525.627 1526.801 1527.975 1529.148 1530.322
1504.12 1504.448 1504.775 1505.103 1505.387 1505.657 1505.926 1506.195 1506.481 1506.834 1507.187 1507.541 1507.894 1508.176 1508.417 1508.659 1508.9 1509.16 1509.617 1510.074 1510.531 1510.988 1511.229 1511.282 1511.336 1511.39 1511.444 1511.445 1511.445 1511.445 1511.445 1511.445 1511.445 1511.445 1511.445 1511.445 1511.445 1511.445 1511.445 1511.445 1511.451 1511.471 1511.49 1511.51 1511.529 1511.911 1512.393 1512.875 1513.358 1514.039 1515.381 1516.722 1518.063 1519.404 1520.698 1521.97 1523.242 1524.515 1525.791 1527.093 1528.396 1529.698 1531.0
1503.273 1503.568 1503.863 1504.159 1504.375 1504.564 1504.753 1504.942 1505.16 1505.503 1505.845 1506.188 1506.531 1506.781 1506.98 1507.178 1507.376 1507.588 1507.938 1508.287 1508.637 1508.986 1509.169 1509.207 1509.245 1509.282 1509.32 1509.321 1509.321 1509.321 1509.321 1509.321 1509.321 1509.321 1509.321 1509.321 1509.321 1509.321 1509.321 1509.321 1509.332 1509.368 1509.403 1509.439 1509.474 1509.935 1510.514 1511.093 1511.672 1512.465 1513.967 1515.469 1516.972 1518.474 1519.973 1521.47 1522.968 1524.465 1525.954 1527.385 1528.816 1530.248 1531.679
1502.425 1502.688 1502.952 1503.215 1503.364 1503.472 1503.581 1503.689 1503.84 1504.171 1504.503 1504.835 1505.167 1505.386 1505.542 1505.698 1505.853 1506.016 1506.258 1506.501 1506.743 1506.985 1507.109 1507.131 1507.153 1507.174 1507.196 1507.196 1507.196 1507.196 1507.196 1507.196 1507.196 1507.196 1507.196 1507.196 1507.196 1507.196 1507.196 1507.196 1507.214 1507.265 1507.317 1507.368 1507.42 1507.96 1508.635 1509.311 1509.986 1510.891 1512.554 1514.217 1515.88 1517.543 1519.247 1520.97 1522.693 1524.416 1526.117 1527.677 1529.237 1530.797 1532.357
1501.578 1501.809 1502.04 1502.271 1502.352 1502.38 1502.408 1502.436 1502.519 1502.84 1503.161 1503.482 1503.804 1503.992 1504.104 1504.217 1504.329 1504.444 1504.579 1504.714 1504.849 1504.984 1505.05 1505.055 1505.061 1505.066 1505.072 1505.072 1505.072 1505.072 1505.072 1505.072 1505.072 1505.072 1505.072 1505.072 1505.072 1505.072 1505.072 1505.072 1505.095 1505.162 1505.23 1505.297 1505.365 1505.984 1506.756 1507.529 1508.301 1509.317 1511.141 1512.965 1514.789 1516.613 1518.522 1520.47 1522.418 1524.366 1526.28 1527.969 1529.658 1531.347 1533.036
1500.922 1501.121 1501.319 1501.518 1501.57 1501.57 1501.57 1501.57 1501.621 1501.893 1502.165 1502.437 1502.709 1502.861 1502.944 1503.028 1503.112 1503.195 1503.279 1503.363 1503.446 1503.53 1503.569 1503.569 1503.569 1503.569 1503.569 1503.569 1503.569 1503.569 1503.569 1503.569 1503.569 1503.569 1503.569 1503.569 1503.569 1503.569 1503.569 1503.569 1503.607 1503.723 1503.838 1503.953 1504.068 1504.79 1505.679 1506.569 1507.459 1508.596 1510.553 1512.51 1514.467 1516.424 1518.445 1520.496 1522.547 1524.598 1526.612 1528.381 1530.15 1531.918 1533.687
1500.368 1500.534 1500.701 1500.867 1500.911 1500.911 1500.911 1500.911 1500.949 1501.151 1501.353 1501.555 1501.758 1501.87 1501.933 1501.995 1502.057 1502.119 1502.181 1502.244 1502.306 1502.368 1502.397 1502.397 1502.397 1502.397 1502.397 1502.397 1502.397 1502.397 1502.397 1502.397 1502.397 1502.397 1502.397 1502.397 1502.397 1502.397 1502.397 1502.397 1502.457 1502.636 1502.816 1502.996 1503.175 1504.011 1505.03 1506.048 1507.067 1508.33 1510.405 1512.481 1514.556 1516.631 1518.715 1520.804 1522.892 1524.981 1527.035 1528.857 1530.679 1532.501 1534.323
1499.813 1499.948 1500.082 1500.217 1500.252 1500.252 1500.252 1500.252 1500.276 1500.409 1500.541 1500.674 1500.806 1500.88 1500.921 1500.962 1501.002 1501.043 1501.084 1501.125 1501.165 1501.206 1501.225 1501.225 1501.225 1501.225 1501.225 1501.225 1501.225 1501.225 1501.225 1501.225 1501.225 1501.225 1501.225 1501.225 1501.225 1501.225 1501.225 1501.225 1501.306 1501.55 1501.794 1502.038 1502.282 1503.233 1504.38 1505.528 1506.675 1508.065 1510.258 1512.451 1514.644 1516.837 1518.985 1521.111 1523.237 1525.363 1527.457 1529.332 1531.208 1533.084 1534.96
1499.259 1499.361 1499.464 1499.566 1499.592 1499.592 1499.592 1499.592 1499.604 1499.667 1499.729 1499.792 1499.855 1499.89 1499.909 1499.928 1499.948 1499.967 1499.986 1500.005 1500.025 1500.044 1500.053 1500.053 1500.053 1500.053 1500.053 1500.053 1500.053 1500.053 1500.053 1500.053 1500.053 1500.053 1500.053 1500.053 1500.053 1500.053 1500.053 1500.053 1500.156 1500.464 1500.773 1501.081 1501.389 1502.455 1503.731 1505.007 1506.283 1507.799 1510.11 1512.422 1514.733 1517.044 1519.255 1521.418 1523.582 1525.745 1527.879 1529.808 1531.738 1533.667 1535.597
1498.724 1498.797 1498.87 1498.944 1498.963 1498.963 1498.963 1498.963 1498.963 1498.965 1498.968 1498.97 1498.972 1498.974 1498.975 1498.977 1498.979 1498.98 1498.981 1498.982 1498.984 1498.985 1498.986 1498.989 1498.991 1498.993 1498.995 1498.996 1498.997 1498.998 1498.999 1499.001 1499.005 1499.008 1499.011 1499.015 1499.02 1499.025 1499.031 1499.036 1499.166 1499.546 1499.926 1500.306 1500.686 1501.863 1503.262 1504.661 1506.059 1507.692 1510.101 1512.51 1514.92 1517.329 1519.592 1521.788 1523.984 1526.18 1528.347 1530.325 1532.302 1534.28 1536.258
1498.358 1498.431 1498.504 1498.578 1498.597 1498.597 1498.597 1498.597 1498.601 1498.625 1498.648 1498.672 1498.696 1498.715 1498.733 1498.751 1498.769 1498.786 1498.798 1498.81 1498.821 1498.833 1498.851 1498.875 1498.899 1498.922 1498.946 1498.958 1498.97 1498.981 1498.993 1499.015 1499.051 1499.086 1499.122 1499.157 1499.214 1499.273 1499.332 1499.391 1499.602 1500.116 1500.63 1501.143 1501.657 1502.918 1504.387 1505.856 1507.324 1508.992 1511.321 1513.649 1515.978 1518.307 1520.534 1522.713 1524.893 1527.073 1529.226 1531.204 1533.181 1535.159 1537.137
1497.992 1498.065 1498.138 1498.211 1498.23 1498.23 1498.23 1498.23 1498.239 1498.284 1498.329 1498.374 1498.419 1498.457 1498.491 1498.525 1498.559 1498.591 1498.614 1498.637 1498.659 1498.682 1498.716 1498.761 1498.807 1498.852 1498.897 1498.92 1498.942 1498.965 1498.987 1499.029 1499.097 1499.165 1499.232 1499.3 1499.407 1499.52 1499.633 1499.746 1500.037 1500.685 1501.333 1501.981 1502.629 1503.974 1505.512 1507.051 1508.589 1510.292 1512.54 1514.788 1517.036 1519.284 1521.475 1523.639 1525.802 1527.966 1530.105 1532.083 1534.06 1536.038 1538.016
1497.625 1497.698 1497.772 1497.845 1497.864 1497.864 1497.864 1497.864 1497.877 1497.943 1498.01 1498.076 1498.143 1498.199 1498.249 1498.299 1498.349 1498.397 1498.43 1498.464 1498.497 1498.53 1498.581 1498.648 1498.714 1498.781 1498.848 1498.881 1498.915 1498.948 1498.981 1499.043 1499.143 1499.243 1499.343 1499.443 1499.601 1499.768 1499.934 1500.101 1500.472 1501.255 1502.037 1502.819 1503.601 1505.03 1506.638 1508.246 1509.854 1511.592 1513.759 1515.927 1518.095 1520.262 1522.416 1524.564 1526.711 1528.859 1530.984 1532.962 1534.939 1536.917 1538.895
1497.259 1497.332 1497.406 1497.479 1497.498 1497.498 1497.498 1497.498 1497.515 1497.603 1497.691 1497.779 1497.867 1497.941 1498.007 1498.073 1498.139 1498.203 1498.247 1498.291 1498.335 1498.379 1498.446 1498.534 1498.622 1498.71 1498.798 1498.843 1498.887 1498.931 1498.975 1499.057 1499.189 1499.321 1499.453 1499.585 1499.795 1500.015 1500.235 1500.455 1500.908 1501.824 1502.74 1503.657 1504.573 1506.085 1507.763 1509.441 1511.119 1512.891 1514.979 1517.066 1519.153 1521.24 1523.357 1525.489 1527.62 1529.751 1531.863 1533.841 1535.818 1537.796 1539.774
1496.893 1496.966 1497.039 1497.113 1497.138 1497.147 1497.156 1497.165 1497.192 1497.295 1497.399 1497.502 1497.606 1497.694 1497.773 1497.852 1497.931 1498.009 1498.073 1498.136 1498.2 1498.264 1498.35 1498.457 1498.563 1498.67 1498.776 1498.846 1498.916 1498.985 1499.055 1499.183 1499.389 1499.595 1499.8 1500.006 1500.282 1500.568 1500.853 1501.139 1501.668 1502.686 1503.704 1504.722 1505.74 1507.276 1508.956 1510.635 1512.315 1514.07 1516.073 1518.077 1520.081 1522.084 1524.152 1526.25 1528.347 1530.445 1532.526 1534.498 1536.47 1538.441 1540.413
1496.526 1496.6 1496.673 1496.746 1496.784 1496.809 1496.834 1496.859 1496.901 1497.015 1497.129 1497.243 1497.358 1497.457 1497.546 1497.636 1497.726 1497.816 1497.906 1497.997 1498.087 1498.178 1498.286 1498.408 1498.531 1498.653 1498.776 1498.883 1498.99 1499.098 1499.205 1499.401 1499.714 1500.027 1500.34 1500.653 1501.008 1501.368 1501.729 1502.09 1502.695 1503.788 1504.881 1505.974 1507.067 1508.577 1510.203 1511.829 1513.455 1515.149 1517.066 1518.984 1520.902 1522.82 1524.827 1526.877 1528.926 1530.975 1533.013 1534.974 1536.935 1538.896 1540.857
