data/zism_data/00057_02_D.txt
ncols         224
nrows         224
[rows 56 to 83 of 224, columns 63 to 125 of 224]
2916.408 2918.626 2920.844 2923.063 2919.585 2914.097 2908.608 2903.12 2897.06 2888.536 2880.013 2871.489 2862.965 2856.03 2849.996 2843.962 2837.929 2832.067 2828.002 2823.938 2819.874 2815.81 2812.66 2810.302 2807.943 2805.584 2803.226 2802.397 2801.591 2800.785 2799.979 2799.554 2799.624 2799.694 2799.763 2799.833 2799.893 2799.951 2800.009 2800.067 2800.296 2800.865 2801.435 2802.004 2802.574 2803.743 2805.08 2806.417 2807.753 2809.189 2810.955 2812.72 2814.486 2816.252 2819.35 2823.072 2826.794 2830.516 2834.684 2841.82 2848.956 2856.092 2863.228
2924.74 2927.153 2929.565 2931.977 2928.999 2924.119 2919.239 2914.359 2908.852 2900.646 2892.44 2884.234 2876.028 2868.76 2862.027 2855.294 2848.561 2841.973 2836.908 2831.843 2826.777 2821.712 2817.665 2814.499 2811.333 2808.167 2805.001 2803.827 2802.682 2801.537 2800.392 2799.761 2799.798 2799.835 2799.873 2799.91 2799.942 2799.974 2800.005 2800.036 2800.159 2800.465 2800.77 2801.076 2801.382 2802.01 2802.728 2803.445 2804.163 2804.958 2806.007 2807.057 2808.107 2809.156 2811.407 2814.219 2817.032 2819.845 2823.171 2829.919 2836.668 2843.416 2850.165
2933.073 2935.679 2938.285 2940.891 2938.413 2934.142 2929.869 2925.598 2920.644 2912.756 2904.867 2896.979 2889.09 2881.492 2874.059 2866.626 2859.194 2851.879 2845.813 2839.747 2833.68 2827.614 2822.67 2818.697 2814.723 2810.75 2806.776 2805.256 2803.772 2802.288 2800.804 2799.967 2799.972 2799.977 2799.982 2799.988 2799.992 2799.996 2800.001 2800.005 2800.022 2800.064 2800.106 2800.148 2800.19 2800.276 2800.375 2800.474 2800.572 2800.726 2801.059 2801.393 2801.727 2802.061 2803.464 2805.367 2807.27 2809.173 2811.657 2818.018 2824.379 2830.74 2837.101
2940.992 2943.407 2945.823 2948.238 2945.782 2941.607 2937.432 2933.257 2928.479 2921.102 2913.726 2906.349 2898.973 2891.775 2884.679 2877.582 2870.486 2863.486 2857.504 2851.523 2845.541 2839.56 2834.586 2830.483 2826.381 2822.279 2818.177 2815.291 2812.423 2809.554 2806.686 2804.781 2804.13 2803.479 2802.827 2802.176 2801.86 2801.589 2801.317 2801.046 2800.801 2800.611 2800.421 2800.231 2800.041 2800.0 2800.0 2800.0 2800.0 2800.042 2800.22 2800.4 2800.579 2800.758 2801.79 2803.222 2804.655 2806.087 2808.031 2813.384 2818.738 2824.091 2829.445
2948.833 2950.984 2953.136 2955.287 2952.763 2948.588 2944.413 2940.238 2935.563 2928.736 2921.908 2915.081 2908.253 2901.594 2895.031 2888.467 2881.903 2875.415 2869.724 2864.033 2858.342 2852.651 2847.812 2843.71 2839.608 2835.506 2831.403 2826.958 2822.507 2818.056 2813.606 2810.47 2809.043 2807.617 2806.19 2804.764 2804.073 2803.479 2802.884 2802.29 2801.755 2801.339 2800.923 2800.507 2800.09 2800.0 2800.0 2800.0 2800.0 2800.03 2800.161 2800.292 2800.422 2800.553 2801.306 2802.351 2803.395 2804.44 2805.9 2810.128 2814.357 2818.586 2822.814
2956.674 2958.561 2960.449 2962.337 2959.743 2955.568 2951.393 2947.218 2942.647 2936.368 2930.09 2923.812 2917.533 2911.413 2905.382 2899.351 2893.321 2887.344 2881.944 2876.544 2871.143 2865.743 2861.039 2856.936 2852.834 2848.732 2844.629 2838.625 2832.592 2826.558 2820.525 2816.158 2813.957 2811.755 2809.553 2807.352 2806.286 2805.368 2804.451 2803.534 2802.708 2802.066 2801.424 2800.782 2800.14 2800.0 2800.0 2800.0 2800.0 2800.019 2800.101 2800.183 2800.265 2800.348 2800.822 2801.479 2802.136 2802.793 2803.769 2806.873 2809.977 2813.081 2816.184
2964.514 2966.138 2967.762 2969.386 2966.724 2962.549 2958.374 2954.199 2949.731 2944.002 2938.272 2932.543 2926.814 2921.232 2915.734 2910.236 2904.738 2899.274 2894.164 2889.054 2883.945 2878.835 2874.265 2870.163 2866.061 2861.958 2857.856 2850.292 2842.676 2835.061 2827.445 2821.846 2818.87 2815.893 2812.917 2809.94 2808.498 2807.258 2806.018 2804.778 2803.661 2802.793 2801.925 2801.057 2800.189 2800.0 2800.0 2800.0 2800.0 2800.008 2800.042 2800.075 2800.109 2800.143 2800.337 2800.607 2800.876 2801.146 2801.638 2803.617 2805.596 2807.575 2809.554
2971.771 2973.119 2974.466 2975.813 2973.179 2969.14 2965.101 2961.062 2956.796 2951.553 2946.311 2941.068 2935.826 2930.628 2925.457 2920.285 2915.114 2909.979 2905.236 2900.492 2895.748 2891.004 2886.662 2882.666 2878.67 2874.674 2870.678 2862.239 2853.734 2845.229 2836.724 2830.352 2826.753 2823.153 2819.554 2815.955 2813.95 2812.154 2810.358 2808.562 2806.868 2805.377 2803.887 2802.396 2800.906 2800.492 2800.377 2800.262 2800.148 2800.057 2800.043 2800.031 2800.017 2800.004 2800.0 2800.0 2800.0 2800.0 2800.146 2801.262 2802.378 2803.494 2804.61
2977.695 2978.736 2979.776 2980.816 2978.433 2974.84 2971.248 2967.656 2963.817 2958.919 2954.021 2949.123 2944.225 2939.06 2933.743 2928.426 2923.11 2917.889 2913.684 2909.478 2905.273 2901.067 2897.162 2893.516 2889.87 2886.224 2882.578 2874.828 2867.017 2859.207 2851.396 2845.297 2841.423 2837.549 2833.676 2829.802 2826.803 2823.92 2821.037 2818.154 2815.225 2812.206 2809.187 2806.168 2803.148 2802.108 2801.616 2801.125 2800.633 2800.243 2800.187 2800.13 2800.074 2800.018 2800.0 2800.0 2800.0 2800.0 2800.111 2800.964 2801.816 2802.668 2803.521
2983.619 2984.353 2985.087 2985.82 2983.687 2980.541 2977.395 2974.25 2970.839 2966.285 2961.732 2957.178 2952.625 2947.492 2942.03 2936.567 2931.105 2925.799 2922.132 2918.465 2914.797 2911.13 2907.662 2904.366 2901.07 2897.774 2894.478 2887.417 2880.301 2873.184 2866.068 2860.242 2856.094 2851.946 2847.797 2843.649 2839.658 2835.687 2831.717 2827.746 2823.583 2819.035 2814.487 2809.939 2805.392 2803.723 2802.855 2801.987 2801.119 2800.429 2800.329 2800.23 2800.131 2800.032 2800.0 2800.0 2800.0 2800.0 2800.077 2800.666 2801.254 2801.843 2802.431
2989.543 2989.97 2990.397 2990.824 2988.94 2986.241 2983.542 2980.844 2977.86 2973.651 2969.442 2965.233 2961.024 2955.923 2950.316 2944.708 2939.101 2933.709 2930.58 2927.451 2924.322 2921.193 2918.162 2915.216 2912.27 2909.323 2906.377 2900.006 2893.584 2887.162 2880.74 2875.187 2870.764 2866.341 2861.919 2857.496 2852.511 2847.454 2842.396 2837.338 2831.94 2825.864 2819.788 2813.711 2807.635 2805.339 2804.094 2802.849 2801.604 2800.615 2800.472 2800.33 2800.188 2800.045 2800.0 2800.0 2800.0 2800.0 2800.042 2800.367 2800.692 2801.017 2801.342
2995.467 2995.587 2995.707 2995.827 2994.194 2991.942 2989.69 2987.438 2984.882 2981.017 2977.153 2973.288 2969.424 2964.355 2958.603 2952.85 2947.097 2941.619 2939.028 2936.438 2933.847 2931.256 2928.662 2926.066 2923.47 2920.874 2918.277 2912.595 2906.868 2901.14 2895.412 2890.133 2885.435 2880.738 2876.041 2871.343 2865.366 2859.221 2853.075 2846.93 2840.298 2832.693 2825.088 2817.483 2809.878 2806.955 2805.333 2803.711 2802.09 2800.801 2800.615 2800.43 2800.245 2800.059 2800.0 2800.0 2800.0 2800.0 2800.008 2800.069 2800.13 2800.191 2800.253
2997.917 2997.895 2997.874 2997.853 2996.509 2994.7 2992.89 2991.081 2988.983 2985.64 2982.298 2978.956 2975.614 2970.91 2965.434 2959.958 2954.481 2949.257 2946.688 2944.119 2941.55 2938.98 2936.302 2933.531 2930.76 2927.988 2925.217 2919.899 2914.543 2909.187 2903.831 2898.88 2894.453 2890.027 2885.601 2881.175 2875.361 2869.365 2863.368 2857.372 2850.612 2842.326 2834.04 2825.754 2817.468 2813.536 2810.814 2808.092 2805.37 2803.137 2802.529 2801.92 2801.311 2800.702 2800.432 2800.32 2800.209 2800.097 2800.0 2800.0 2800.0 2800.0 2800.0
2999.317 2999.204 2999.092 2998.979 2997.938 2996.57 2995.201 2993.833 2992.202 2989.436 2986.669 2983.903 2981.136 2976.899 2971.827 2966.754 2961.681 2956.814 2954.111 2951.407 2948.703 2945.999 2943.08 2939.975 2936.87 2933.765 2930.659 2925.607 2920.525 2915.444 2910.363 2905.756 2901.766 2897.775 2893.785 2889.795 2884.493 2879.019 2873.545 2868.071 2861.517 2852.806 2844.094 2835.383 2826.672 2821.616 2817.575 2813.534 2809.493 2806.124 2804.976 2803.829 2802.682 2801.535 2800.994 2800.737 2800.48 2800.223 2800.0 2800.0 2800.0 2800.0 2800.0
3000.718 3000.513 3000.309 3000.104 2999.366 2998.439 2997.512 2996.586 2995.421 2993.23 2991.04 2988.85 2986.659 2982.888 2978.219 2973.55 2968.881 2964.371 2961.533 2958.694 2955.856 2953.018 2949.857 2946.418 2942.979 2939.541 2936.102 2931.315 2926.508 2921.701 2916.894 2912.632 2909.078 2905.523 2901.969 2898.415 2893.625 2888.673 2883.721 2878.769 2872.422 2863.285 2854.149 2845.012 2835.875 2829.695 2824.336 2818.976 2813.617 2809.109 2807.424 2805.739 2804.053 2802.368 2801.557 2801.154 2800.752 2800.35 2800.0 2800.0 2800.0 2800.0 2800.0
3002.118 3001.823 3001.527 3001.231 3000.795 3000.309 2999.824 2999.338 2998.64 2997.026 2995.411 2993.797 2992.182 2988.877 2984.612 2980.346 2976.081 2971.928 2968.955 2965.982 2963.009 2960.036 2956.634 2952.862 2949.089 2945.317 2941.544 2937.023 2932.49 2927.958 2923.426 2919.508 2916.39 2913.272 2910.153 2907.035 2902.757 2898.327 2893.897 2889.468 2883.327 2873.765 2864.203 2854.642 2845.08 2837.775 2831.097 2824.419 2817.741 2812.095 2809.872 2807.648 2805.425 2803.201 2802.119 2801.571 2801.024 2800.476 2800.0 2800.0 2800.0 2800.0 2800.0
3003.304 3002.93 3002.556 3002.183 3001.969 3001.811 3001.653 3001.496 3001.155 3000.027 2998.898 2997.77 2996.641 2993.799 2989.984 2986.168 2982.353 2978.598 2975.484 2972.371 2969.257 2966.143 2962.524 2958.468 2954.411 2950.355 2946.298 2941.967 2937.632 2933.297 2928.962 2925.274 2922.428 2919.582 2916.737 2913.891 2910.004 2905.982 2901.959 2897.937 2892.028 2882.35 2872.671 2862.992 2853.314 2845.254 2837.645 2830.034 2822.425 2815.952 2813.246 2810.541 2807.835 2805.129 2803.766 2803.03 2802.295 2801.56 2800.906 2800.796 2800.686 2800.576 2800.467
3003.777 3003.371 3002.965 3002.559 3002.3 3002.094 3001.888 3001.682 3001.337 3000.397 2999.457 2998.517 2997.577 2995.188 2991.975 2988.763 2985.55 2982.332 2979.057 2975.781 2972.506 2969.231 2965.473 2961.299 2957.124 2952.949 2948.774 2944.383 2939.989 2935.594 2931.199 2927.361 2924.247 2921.132 2918.017 2914.902 2911.008 2907.012 2903.017 2899.021 2893.432 2884.658 2875.883 2867.109 2858.334 2850.745 2843.485 2836.225 2828.965 2822.693 2819.691 2816.689 2813.688 2810.686 2809.004 2807.94 2806.877 2805.813 2804.812 2804.229 2803.645 2803.062 2802.478
3004.249 3003.811 3003.373 3002.934 3002.632 3002.377 3002.123 3001.868 3001.52 3000.768 3000.017 2999.265 2998.513 2996.577 2993.967 2991.357 2988.747 2986.065 2982.629 2979.192 2975.755 2972.318 2968.422 2964.129 2959.836 2955.543 2951.25 2946.798 2942.345 2937.891 2933.438 2929.449 2926.065 2922.681 2919.297 2915.913 2912.012 2908.043 2904.074 2900.105 2894.836 2886.966 2879.095 2871.225 2863.355 2856.236 2849.326 2842.416 2835.506 2829.433 2826.135 2822.837 2819.54 2816.242 2814.242 2812.85 2811.458 2810.066 2808.718 2807.661 2806.604 2805.547 2804.49
3004.722 3004.251 3003.781 3003.31 3002.963 3002.66 3002.357 3002.054 3001.702 3001.139 3000.576 3000.013 2999.449 2997.966 2995.958 2993.951 2991.944 2989.799 2986.201 2982.603 2979.004 2975.406 2971.372 2966.96 2962.549 2958.137 2953.725 2949.214 2944.701 2940.188 2935.676 2931.536 2927.883 2924.23 2920.577 2916.924 2913.015 2909.073 2905.132 2901.19 2896.24 2889.274 2882.308 2875.342 2868.376 2861.727 2855.167 2848.607 2842.046 2836.174 2832.58 2828.986 2825.392 2821.798 2819.481 2817.76 2816.04 2814.32 2812.624 2811.094 2809.563 2808.032 2806.501
3005.195 3004.692 3004.189 3003.686 3003.295 3002.943 3002.592 3002.24 3001.885 3001.51 3001.135 3000.76 3000.385 2999.354 2997.95 2996.546 2995.142 2993.532 2989.773 2986.013 2982.253 2978.494 2974.321 2969.791 2965.261 2960.731 2956.201 2951.629 2947.057 2942.485 2937.913 2933.624 2929.702 2925.779 2921.857 2917.935 2914.019 2910.104 2906.189 2902.274 2897.643 2891.582 2885.52 2879.458 2873.396 2867.218 2861.008 2854.797 2848.587 2842.914 2839.024 2835.134 2831.244 2827.354 2824.719 2822.67 2820.622 2818.573 2816.53 2814.526 2812.521 2810.517 2808.513
3005.32 3004.766 3004.212 3003.658 3003.223 3002.831 3002.438 3002.046 3001.657 3001.283 3000.91 3000.536 3000.163 2999.237 2997.997 2996.758 2995.518 2994.064 2990.356 2986.649 2982.941 2979.233 2975.103 2970.608 2966.114 2961.619 2957.124 2952.553 2947.982 2943.411 2938.839 2934.51 2930.494 2926.479 2922.464 2918.448 2914.562 2910.693 2906.823 2902.954 2898.587 2893.223 2887.86 2882.496 2877.133 2871.559 2865.927 2860.294 2854.662 2849.446 2845.608 2841.771 2837.933 2834.095 2831.449 2829.36 2827.272 2825.183 2823.036 2820.498 2817.96 2815.422 2812.884
3005.292 3004.679 3004.066 3003.453 3002.975 3002.545 3002.115 3001.685 3001.25 3000.795 3000.341 2999.887 2999.432 2998.46 2997.194 2995.927 2994.661 2993.195 2989.633 2986.07 2982.508 2978.945 2974.938 2970.545 2966.152 2961.76 2957.367 2952.825 2948.281 2943.736 2939.192 2934.87 2930.839 2926.807 2922.776 2918.744 2914.904 2911.088 2907.273 2903.457 2899.328 2894.573 2889.818 2885.063 2880.307 2875.397 2870.443 2865.489 2860.535 2855.887 2852.254 2848.621 2844.987 2841.354 2838.832 2836.829 2834.827 2832.824 2830.679 2827.581 2824.484 2821.386 2818.288
3005.265 3004.592 3003.92 3003.248 3002.727 3002.259 3001.791 3001.323 3000.843 3000.308 2999.772 2999.238 2998.702 2997.684 2996.39 2995.097 2993.804 2992.326 2988.909 2985.492 2982.074 2978.657 2974.772 2970.482 2966.191 2961.901 2957.611 2953.096 2948.579 2944.061 2939.544 2935.23 2931.183 2927.135 2923.088 2919.04 2915.245 2911.484 2907.722 2903.96 2900.07 2895.923 2891.776 2887.629 2883.482 2879.234 2874.958 2870.683 2866.407 2862.327 2858.899 2855.47 2852.042 2848.613 2846.214 2844.298 2842.382 2840.465 2838.322 2834.664 2831.007 2827.349 2823.692
3005.237 3004.506 3003.774 3003.043 3002.478 3001.973 3001.467 3000.962 3000.436 2999.82 2999.204 2998.588 2997.972 2996.907 2995.587 2994.267 2992.947 2991.457 2988.185 2984.913 2981.641 2978.37 2974.606 2970.418 2966.23 2962.042 2957.854 2953.368 2948.877 2944.387 2939.896 2935.591 2931.527 2927.463 2923.4 2919.336 2915.587 2911.879 2908.171 2904.463 2900.812 2897.273 2893.734 2890.196 2886.656 2883.072 2879.474 2875.877 2872.279 2868.768 2865.544 2862.32 2859.096 2855.872 2853.597 2851.767 2849.937 2848.107 2845.965 2841.748 2837.53 2833.313 2829.096
3005.132 3004.347 3003.562 3002.778 3002.171 3001.627 3001.083 3000.539 2999.965 2999.264 2998.563 2997.863 2997.162 2996.036 2994.668 2993.3 2991.932 2990.412 2987.291 2984.17 2981.048 2977.927 2974.301 2970.237 2966.174 2962.11 2958.047 2953.62 2949.188 2944.756 2940.324 2936.065 2932.031 2927.996 2923.962 2919.927 2916.228 2912.573 2908.918 2905.264 2901.829 2898.836 2895.843 2892.85 2889.856 2886.882 2883.912 2880.942 2877.972 2874.992 2871.98 2868.968 2865.957 2862.945 2860.798 2859.055 2857.313 2855.57 2853.443 2848.75 2844.057 2839.364 2834.671
3004.614 3003.808 3003.002 3002.195 3001.551 3000.964 3000.377 2999.79 2999.161 2998.353 2997.544 2996.736 2995.927 2994.662 2993.138 2991.615 2990.091 2988.443 2985.5 2982.556 2979.613 2976.669 2973.255 2969.434 2965.612 2961.791 2957.97 2953.769 2949.563 2945.357 2941.152 2937.137 2933.372 2929.606 2925.841 2922.076 2918.451 2914.845 2911.238 2907.632 2904.302 2901.524 2898.746 2895.968 2893.19 2890.544 2887.935 2885.325 2882.716 2880.072 2877.313 2874.554 2871.795 2869.037 2867.036 2865.39 2863.745 2862.099 2860.052 2855.327 2850.602 2845.876 2841.151
3004.097 3003.269 3002.441 3001.613 3000.931 3000.301 2999.671 2999.041 2998.357 2997.441 2996.525 2995.608 2994.692 2993.289 2991.609 2989.929 2988.25 2986.475 2983.709 2980.943 2978.177 2975.411 2972.209 2968.63 2965.051 2961.472 2957.893 2953.919 2949.939 2945.959 2941.979 2938.209 2934.713 2931.217 2927.721 2924.225 2920.674 2917.116 2913.558 2910.0 2906.773 2904.211 2901.648 2899.086 2896.523 2894.206 2891.958 2889.709 2887.46 2885.152 2882.646 2880.14 2877.634 2875.128 2873.274 2871.726 2870.177 2868.628 2866.661 2861.904 2857.146 2852.388 2847.631
