data/zism_data/00052_04_D.txt
ncols         224
nrows         224
[rows 168 to 195 of 224, columns 64 to 127 of 224]
1211.342 1212.276 1213.255 1214.234 1215.212 1216.553 1219.596 1222.639 1225.682 1228.725 1231.112 1233.071 1235.03 1236.99 1238.93 1240.365 1241.8 1243.235 1244.67 1245.578 1245.883 1246.189 1246.495 1246.801 1243.933 1240.703 1237.474 1234.244 1230.642 1226.276 1221.911 1217.545 1213.18 1208.369 1203.417 1198.464 1193.512 1189.584 1190.027 1190.47 1190.912 1191.355 1192.57 1194.256 1195.943 1197.629 1198.996 1194.433 1189.87 1185.308 1180.745 1175.887 1170.711 1165.535 1160.359 1155.183 1153.785 1152.75 1151.715 1150.68 1150.036 1150.14 1150.244 1150.348
1207.364 1208.136 1208.948 1209.761 1210.573 1211.751 1214.649 1217.548 1220.446 1223.344 1225.528 1227.246 1228.964 1230.682 1232.374 1233.358 1234.343 1235.328 1236.313 1236.92 1237.097 1237.274 1237.451 1237.629 1234.81 1231.65 1228.49 1225.331 1221.703 1217.117 1212.532 1207.947 1203.362 1198.355 1193.215 1188.075 1182.936 1178.995 1180.172 1181.349 1182.526 1183.704 1185.842 1188.568 1191.295 1194.021 1196.417 1192.669 1188.921 1185.173 1181.425 1176.974 1171.766 1166.557 1161.349 1156.141 1154.55 1153.306 1152.062 1150.817 1150.052 1150.205 1150.357 1150.51
1203.387 1203.995 1204.641 1205.287 1205.934 1206.949 1209.703 1212.456 1215.21 1217.964 1219.944 1221.421 1222.898 1224.375 1225.817 1226.352 1226.886 1227.42 1227.955 1228.262 1228.311 1228.359 1228.408 1228.456 1225.687 1222.597 1219.507 1216.417 1212.763 1207.958 1203.153 1198.348 1193.543 1188.341 1183.014 1177.686 1172.359 1168.405 1170.317 1172.229 1174.14 1176.052 1179.114 1182.881 1186.647 1190.414 1193.838 1190.904 1187.971 1185.038 1182.105 1178.06 1172.82 1167.58 1162.34 1157.1 1155.314 1153.861 1152.408 1150.955 1150.069 1150.27 1150.47 1150.671
1200.713 1201.194 1201.711 1202.228 1202.745 1203.59 1205.986 1208.381 1210.776 1213.171 1214.843 1216.046 1217.248 1218.45 1219.617 1219.841 1220.066 1220.29 1220.515 1220.622 1220.595 1220.568 1220.542 1220.515 1217.821 1214.824 1211.828 1208.831 1205.229 1200.391 1195.553 1190.716 1185.878 1180.959 1176.016 1171.072 1166.128 1162.528 1164.667 1166.805 1168.943 1171.081 1174.425 1178.507 1182.588 1186.67 1190.42 1188.021 1185.622 1183.223 1180.824 1177.176 1172.184 1167.192 1162.201 1157.209 1155.432 1153.963 1152.494 1151.026 1150.211 1150.647 1151.083 1151.519
1198.827 1199.204 1199.613 1200.023 1200.433 1201.104 1203.012 1204.919 1206.826 1208.734 1210.035 1210.943 1211.85 1212.758 1213.632 1213.631 1213.631 1213.63 1213.629 1213.596 1213.527 1213.457 1213.388 1213.318 1210.716 1207.827 1204.937 1202.047 1198.544 1193.786 1189.029 1184.272 1179.515 1175.169 1170.954 1166.739 1162.525 1159.5 1161.558 1163.616 1165.674 1167.732 1170.969 1174.927 1178.885 1182.843 1186.495 1184.46 1182.426 1180.391 1178.357 1175.099 1170.526 1165.952 1161.378 1156.805 1155.157 1153.79 1152.424 1151.057 1150.428 1151.213 1151.997 1152.781
1196.941 1197.213 1197.516 1197.818 1198.12 1198.619 1200.038 1201.458 1202.877 1204.297 1205.227 1205.84 1206.453 1207.065 1207.647 1207.421 1207.196 1206.97 1206.744 1206.571 1206.458 1206.346 1206.234 1206.121 1203.611 1200.829 1198.046 1195.264 1191.859 1187.182 1182.505 1177.828 1173.151 1169.378 1165.893 1162.407 1158.921 1156.472 1158.45 1160.427 1162.405 1164.382 1167.512 1171.347 1175.181 1179.016 1182.57 1180.9 1179.23 1177.56 1175.89 1173.022 1168.867 1164.712 1160.556 1156.401 1154.882 1153.618 1152.353 1151.088 1150.646 1151.779 1152.911 1154.044
1195.055 1195.223 1195.418 1195.613 1195.808 1196.133 1197.064 1197.996 1198.928 1199.859 1200.419 1200.737 1201.055 1201.373 1201.662 1201.212 1200.76 1200.309 1199.859 1199.546 1199.39 1199.235 1199.079 1198.924 1196.506 1193.831 1191.156 1188.48 1185.174 1180.577 1175.981 1171.384 1166.788 1163.588 1160.831 1158.074 1155.318 1153.444 1155.341 1157.238 1159.135 1161.032 1164.055 1167.767 1171.478 1175.19 1178.645 1177.339 1176.034 1174.729 1173.423 1170.946 1167.209 1163.471 1159.734 1155.997 1154.608 1153.445 1152.282 1151.119 1150.863 1152.344 1153.826 1155.307
1193.177 1193.249 1193.345 1193.441 1193.537 1193.699 1194.173 1194.647 1195.121 1195.596 1195.802 1195.834 1195.867 1195.899 1195.906 1195.229 1194.553 1193.877 1193.201 1192.739 1192.522 1192.304 1192.087 1191.87 1189.544 1186.978 1184.412 1181.846 1178.656 1174.188 1169.72 1165.252 1160.784 1158.149 1156.096 1154.043 1151.99 1150.668 1152.463 1154.258 1156.053 1157.848 1160.744 1164.313 1167.881 1171.45 1174.787 1173.831 1172.876 1171.92 1170.964 1168.866 1165.54 1162.214 1158.887 1155.561 1154.315 1153.268 1152.221 1151.175 1151.113 1152.938 1154.763 1156.588
1191.387 1191.449 1191.529 1191.609 1191.688 1191.813 1192.148 1192.483 1192.817 1193.152 1193.19 1193.035 1192.88 1192.724 1192.542 1191.641 1190.739 1189.838 1188.937 1188.232 1187.752 1187.272 1186.792 1186.312 1184.08 1181.648 1179.216 1176.784 1173.891 1170.056 1166.22 1162.385 1158.549 1156.401 1154.787 1153.174 1151.561 1150.532 1152.0 1153.469 1154.937 1156.405 1158.96 1162.18 1165.401 1168.621 1171.638 1170.875 1170.112 1169.349 1168.586 1166.751 1163.762 1160.774 1157.785 1154.797 1153.824 1153.046 1152.267 1151.489 1151.704 1153.824 1155.944 1158.064
1189.596 1189.649 1189.713 1189.777 1189.84 1189.927 1190.123 1190.318 1190.513 1190.709 1190.578 1190.235 1189.892 1189.549 1189.178 1188.052 1186.925 1185.799 1184.672 1183.725 1182.982 1182.24 1181.497 1180.754 1178.615 1176.318 1174.02 1171.722 1169.127 1165.924 1162.721 1159.518 1156.315 1154.652 1153.479 1152.305 1151.131 1150.396 1151.538 1152.679 1153.82 1154.962 1157.177 1160.048 1162.92 1165.792 1168.488 1167.918 1167.348 1166.778 1166.208 1164.636 1161.985 1159.334 1156.683 1154.032 1153.334 1152.824 1152.313 1151.802 1152.295 1154.71 1157.125 1159.539
1187.805 1187.849 1187.897 1187.944 1187.992 1188.041 1188.097 1188.153 1188.209 1188.265 1187.966 1187.436 1186.905 1186.375 1185.814 1184.463 1183.111 1181.759 1180.408 1179.218 1178.213 1177.207 1176.202 1175.197 1173.151 1170.987 1168.823 1166.66 1164.362 1161.792 1159.222 1156.651 1154.081 1152.904 1152.17 1151.436 1150.701 1150.261 1151.075 1151.89 1152.704 1153.518 1155.393 1157.916 1160.439 1162.963 1165.338 1164.961 1164.584 1164.207 1163.83 1162.52 1160.207 1157.894 1155.581 1153.268 1152.844 1152.601 1152.359 1152.116 1152.886 1155.596 1158.305 1161.015
1186.014 1186.049 1186.081 1186.112 1186.144 1186.155 1186.072 1185.989 1185.905 1185.822 1185.354 1184.636 1183.918 1183.2 1182.45 1180.874 1179.297 1177.72 1176.143 1174.711 1173.443 1172.175 1170.907 1169.639 1167.687 1165.657 1163.627 1161.597 1159.598 1157.66 1155.722 1153.784 1151.847 1151.156 1150.861 1150.567 1150.272 1150.125 1150.613 1151.1 1151.588 1152.075 1153.609 1155.784 1157.959 1160.134 1162.188 1162.004 1161.82 1161.636 1161.452 1160.405 1158.43 1156.454 1154.479 1152.503 1152.354 1152.379 1152.405 1152.43 1153.477 1156.482 1159.486 1162.49
1184.047 1184.111 1184.177 1184.242 1184.308 1184.32 1184.076 1183.833 1183.59 1183.346 1182.732 1181.876 1181.021 1180.165 1179.278 1177.556 1175.834 1174.112 1172.389 1170.804 1169.373 1167.943 1166.513 1165.082 1163.383 1161.652 1159.922 1158.191 1156.552 1155.099 1153.646 1152.193 1150.74 1150.326 1150.24 1150.155 1150.069 1150.057 1150.356 1150.655 1150.954 1151.253 1152.511 1154.355 1156.199 1158.043 1159.789 1159.713 1159.636 1159.559 1159.483 1158.633 1156.951 1155.269 1153.587 1151.905 1152.02 1152.307 1152.595 1152.883 1154.19 1157.451 1160.712 1163.973
1181.935 1182.06 1182.201 1182.342 1182.483 1182.525 1182.105 1181.685 1181.264 1180.844 1180.102 1179.15 1178.198 1177.245 1176.262 1174.46 1172.657 1170.855 1169.052 1167.386 1165.875 1164.364 1162.854 1161.343 1160.025 1158.729 1157.432 1156.136 1154.908 1153.82 1152.731 1151.643 1150.555 1150.244 1150.18 1150.116 1150.052 1150.042 1150.267 1150.491 1150.715 1150.939 1151.972 1153.5 1155.027 1156.555 1158.003 1157.964 1157.925 1157.886 1157.847 1157.14 1155.715 1154.291 1152.866 1151.441 1151.814 1152.359 1152.904 1153.448 1155.002 1158.488 1161.974 1165.46
1179.823 1180.01 1180.225 1180.441 1180.657 1180.73 1180.133 1179.536 1178.939 1178.342 1177.471 1176.423 1175.374 1174.326 1173.247 1171.364 1169.481 1167.598 1165.715 1163.968 1162.377 1160.786 1159.195 1157.604 1156.667 1155.805 1154.943 1154.081 1153.264 1152.54 1151.817 1151.093 1150.369 1150.162 1150.12 1150.077 1150.035 1150.028 1150.177 1150.326 1150.475 1150.624 1151.433 1152.644 1153.856 1155.067 1156.217 1156.215 1156.214 1156.212 1156.211 1155.647 1154.48 1153.313 1152.145 1150.978 1151.608 1152.41 1153.212 1154.014 1155.814 1159.526 1163.237 1166.948
1177.711 1177.959 1178.25 1178.541 1178.831 1178.936 1178.162 1177.388 1176.614 1175.84 1174.841 1173.696 1172.551 1171.406 1170.231 1168.268 1166.304 1164.341 1162.377 1160.55 1158.879 1157.207 1155.536 1153.864 1153.309 1152.881 1152.453 1152.026 1151.62 1151.261 1150.902 1150.542 1150.183 1150.081 1150.059 1150.038 1150.017 1150.014 1150.088 1150.162 1150.236 1150.31 1150.893 1151.789 1152.684 1153.579 1154.431 1154.467 1154.503 1154.539 1154.575 1154.155 1153.245 1152.334 1151.424 1150.514 1151.401 1152.461 1153.521 1154.58 1156.627 1160.563 1164.499 1168.435
1175.608 1175.917 1176.282 1176.647 1177.012 1177.148 1176.201 1175.255 1174.309 1173.362 1172.238 1170.998 1169.759 1168.519 1167.25 1165.209 1163.168 1161.127 1159.087 1157.184 1155.439 1153.694 1151.949 1150.204 1150.027 1150.029 1150.031 1150.033 1150.033 1150.027 1150.022 1150.016 1150.01 1150.008 1150.006 1150.004 1150.002 1150.0 1150.0 1150.0 1150.0 1150.0 1150.361 1150.943 1151.525 1152.106 1152.662 1152.735 1152.808 1152.881 1152.954 1152.676 1152.021 1151.367 1150.712 1150.057 1151.198 1152.511 1153.825 1155.138 1157.427 1161.584 1165.742 1169.9
1174.138 1174.463 1174.85 1175.236 1175.623 1175.8 1174.993 1174.187 1173.38 1172.573 1171.516 1170.298 1169.08 1167.861 1166.618 1164.705 1162.793 1160.881 1158.969 1157.32 1155.972 1154.624 1153.275 1151.927 1151.911 1152.047 1152.183 1152.319 1152.284 1151.897 1151.511 1151.125 1150.739 1150.539 1150.397 1150.256 1150.115 1150.0 1150.0 1150.0 1150.0 1150.0 1150.285 1150.743 1151.202 1151.66 1152.099 1152.166 1152.234 1152.301 1152.369 1152.15 1151.624 1151.098 1150.572 1150.046 1151.198 1152.511 1153.825 1155.138 1157.416 1161.541 1165.667 1169.792
1172.669 1173.01 1173.418 1173.826 1174.234 1174.453 1173.786 1173.118 1172.45 1171.783 1170.795 1169.598 1168.401 1167.204 1165.985 1164.202 1162.419 1160.635 1158.852 1157.457 1156.505 1155.553 1154.602 1153.65 1153.795 1154.065 1154.335 1154.605 1154.535 1153.768 1153.001 1152.234 1151.468 1151.07 1150.789 1150.508 1150.227 1150.0 1150.0 1150.0 1150.0 1150.0 1150.208 1150.543 1150.878 1151.214 1151.535 1151.597 1151.659 1151.721 1151.784 1151.624 1151.227 1150.83 1150.432 1150.035 1151.198 1152.511 1153.825 1155.138 1157.405 1161.498 1165.591 1169.684
1171.199 1171.556 1171.985 1172.415 1172.844 1173.106 1172.578 1172.049 1171.521 1170.993 1170.073 1168.897 1167.722 1166.546 1165.353 1163.699 1162.044 1160.389 1158.734 1157.593 1157.038 1156.483 1155.928 1155.373 1155.679 1156.083 1156.487 1156.891 1156.786 1155.638 1154.491 1153.344 1152.196 1151.601 1151.181 1150.76 1150.34 1150.0 1150.0 1150.0 1150.0 1150.0 1150.131 1150.343 1150.555 1150.767 1150.971 1151.028 1151.085 1151.142 1151.198 1151.098 1150.83 1150.561 1150.292 1150.024 1151.198 1152.511 1153.825 1155.138 1157.394 1161.455 1165.516 1169.577
1169.729 1170.102 1170.553 1171.004 1171.455 1171.759 1171.37 1170.981 1170.592 1170.203 1169.351 1168.197 1167.043 1165.889 1164.721 1163.195 1161.669 1160.143 1158.617 1157.729 1157.571 1157.413 1157.255 1157.096 1157.563 1158.101 1158.639 1159.177 1159.036 1157.509 1155.981 1154.453 1152.925 1152.132 1151.572 1151.013 1150.453 1150.0 1150.0 1150.0 1150.0 1150.0 1150.055 1150.144 1150.232 1150.321 1150.408 1150.459 1150.51 1150.562 1150.613 1150.573 1150.432 1150.292 1150.152 1150.012 1151.198 1152.511 1153.825 1155.138 1157.383 1161.411 1165.44 1169.469
1168.272 1168.737 1169.296 1169.856 1170.415 1170.851 1170.701 1170.552 1170.402 1170.253 1169.629 1168.696 1167.764 1166.831 1165.893 1164.805 1163.718 1162.631 1161.544 1161.125 1161.468 1161.812 1162.155 1162.499 1162.934 1163.381 1163.827 1164.274 1163.839 1161.602 1159.365 1157.129 1154.892 1153.63 1152.677 1151.724 1150.772 1150.0 1150.0 1150.0 1150.0 1150.0 1150.014 1150.035 1150.057 1150.079 1150.102 1150.145 1150.189 1150.232 1150.276 1150.267 1150.201 1150.136 1150.071 1150.006 1151.187 1152.487 1153.787 1155.088 1157.294 1161.234 1165.174 1169.115
1166.828 1167.468 1168.231 1168.994 1169.758 1170.422 1170.621 1170.82 1171.019 1171.218 1170.997 1170.504 1170.011 1169.518 1169.032 1168.722 1168.412 1168.102 1167.792 1168.075 1169.035 1169.995 1170.955 1171.915 1172.11 1172.219 1172.328 1172.437 1171.424 1168.121 1164.817 1161.514 1158.21 1156.183 1154.56 1152.937 1151.315 1150.0 1150.0 1150.0 1150.0 1150.0 1150.01 1150.027 1150.043 1150.059 1150.077 1150.109 1150.142 1150.175 1150.208 1150.201 1150.152 1150.103 1150.053 1150.004 1151.162 1152.436 1153.709 1154.983 1157.12 1160.91 1164.7 1168.49
1165.384 1166.199 1167.166 1168.133 1169.1 1169.993 1170.54 1171.088 1171.635 1172.182 1172.366 1172.312 1172.259 1172.205 1172.171 1172.638 1173.105 1173.573 1174.04 1175.025 1176.602 1178.178 1179.754 1181.331 1181.286 1181.057 1180.828 1180.599 1179.01 1174.64 1170.27 1165.899 1161.529 1158.736 1156.443 1154.15 1151.858 1150.0 1150.0 1150.0 1150.0 1150.0 1150.007 1150.018 1150.029 1150.04 1150.052 1150.074 1150.096 1150.118 1150.14 1150.135 1150.102 1150.069 1150.036 1150.003 1151.138 1152.384 1153.631 1154.878 1156.946 1160.586 1164.226 1167.866
1163.94 1164.93 1166.101 1167.271 1168.442 1169.564 1170.46 1171.356 1172.252 1173.147 1173.734 1174.12 1174.506 1174.892 1175.31 1176.554 1177.799 1179.044 1180.288 1181.976 1184.168 1186.361 1188.554 1190.747 1190.462 1189.896 1189.329 1188.762 1186.596 1181.159 1175.722 1170.285 1164.847 1161.289 1158.326 1155.363 1152.4 1150.0 1150.0 1150.0 1150.0 1150.0 1150.004 1150.009 1150.015 1150.021 1150.026 1150.038 1150.049 1150.061 1150.072 1150.07 1150.052 1150.036 1150.019 1150.001 1151.113 1152.333 1153.553 1154.773 1156.772 1160.262 1163.752 1167.242
1162.496 1163.661 1165.035 1166.41 1167.784 1169.135 1170.38 1171.624 1172.868 1174.112 1175.103 1175.928 1176.754 1177.58 1178.449 1180.471 1182.493 1184.515 1186.536 1188.926 1191.735 1194.545 1197.354 1200.163 1199.638 1198.734 1197.829 1196.925 1194.181 1187.677 1181.174 1174.67 1168.166 1163.842 1160.209 1156.576 1152.943 1150.0 1150.0 1150.0 1150.0 1150.0 1150.0 1150.0 1150.001 1150.001 1150.001 1150.002 1150.003 1150.003 1150.004 1150.004 1150.003 1150.002 1150.001 1150.0 1151.089 1152.282 1153.475 1154.668 1156.598 1159.938 1163.278 1166.618
1160.761 1162.028 1163.52 1165.013 1166.505 1168.012 1169.589 1171.167 1172.744 1174.322 1175.848 1177.34 1178.832 1180.325 1181.858 1184.481 1187.103 1189.726 1192.348 1195.188 1198.275 1201.363 1204.45 1207.537 1206.801 1205.63 1204.458 1203.287 1200.199 1193.194 1186.189 1179.184 1172.179 1167.191 1162.843 1158.494 1154.146 1150.597 1150.461 1150.324 1150.188 1150.052 1150.0 1150.0 1150.0 1150.0 1150.0 1150.0 1150.0 1150.0 1150.0 1150.0 1150.0 1150.0 1150.0 1150.0 1150.931 1151.95 1152.97 1153.99 1155.758 1158.958 1162.158 1165.358
1159.009 1160.373 1161.978 1163.582 1165.187 1166.845 1168.755 1170.665 1172.575 1174.485 1176.554 1178.727 1180.9 1183.073 1185.284 1188.497 1191.709 1194.921 1198.133 1201.407 1204.752 1208.097 1211.441 1214.786 1213.84 1212.406 1210.972 1209.538 1206.121 1198.649 1191.178 1183.706 1176.235 1170.589 1165.522 1160.456 1155.389 1151.231 1150.95 1150.669 1150.388 1150.107 1150.0 1150.0 1150.0 1150.0 1150.0 1150.0 1150.0 1150.0 1150.0 1150.0 1150.0 1150.0 1150.0 1150.0 1150.764 1151.602 1152.44 1153.277 1154.877 1157.938 1160.999 1164.059
