data/zism_data/00051_01_D.txt
ncols         224
nrows         224
[rows 28 to 55 of 224, columns 63 to 125 of 224]
3641.696 3641.696 3641.696 3641.331 3640.389 3639.447 3638.505 3637.563 3636.251 3634.883 3633.515 3632.147 3630.766 3629.358 3627.95 3626.542 3625.135 3622.531 3619.69 3616.849 3614.008 3611.479 3609.624 3607.768 3605.913 3604.057 3602.15 3600.229 3598.308 3596.386 3594.658 3593.424 3592.19 3590.956 3589.722 3588.466 3587.204 3585.942 3584.68 3583.478 3582.462 3581.447 3580.43 3579.415 3578.425 3577.446 3576.467 3575.487 3574.472 3573.321 3572.169 3571.017 3569.866 3568.139 3566.156 3564.172 3562.188 3560.209 3558.249 3556.289 3554.328 3552.368 3550.585
3647.824 3647.824 3647.824 3647.542 3646.815 3646.089 3645.363 3644.636 3643.557 3642.426 3641.295 3640.164 3638.797 3636.997 3635.196 3633.395 3631.595 3628.885 3625.996 3623.107 3620.218 3617.468 3615.021 3612.573 3610.126 3607.678 3605.187 3602.685 3600.182 3597.68 3595.514 3594.21 3592.906 3591.602 3590.297 3589.091 3587.915 3586.739 3585.563 3584.456 3583.558 3582.661 3581.763 3580.865 3579.959 3579.05 3578.141 3577.231 3576.279 3575.165 3574.052 3572.938 3571.824 3570.116 3568.144 3566.171 3564.198 3562.201 3560.09 3557.979 3555.868 3553.758 3551.739
3653.952 3653.952 3653.952 3653.753 3653.242 3652.731 3652.219 3651.708 3650.864 3649.97 3649.075 3648.181 3646.829 3644.635 3642.442 3640.249 3638.055 3635.24 3632.302 3629.365 3626.427 3623.457 3620.417 3617.378 3614.338 3611.299 3608.224 3605.141 3602.057 3598.974 3596.37 3594.996 3593.622 3592.247 3590.873 3589.716 3588.626 3587.536 3586.447 3585.433 3584.654 3583.875 3583.095 3582.316 3581.493 3580.654 3579.815 3578.975 3578.086 3577.01 3575.934 3574.858 3573.782 3572.094 3570.131 3568.169 3566.207 3564.193 3561.932 3559.67 3557.409 3555.147 3552.893
3660.079 3660.079 3660.079 3659.964 3659.668 3659.373 3659.077 3658.781 3658.17 3657.513 3656.855 3656.198 3654.861 3652.274 3649.688 3647.102 3644.515 3641.595 3638.609 3635.623 3632.636 3629.446 3625.814 3622.183 3618.551 3614.92 3611.261 3607.597 3603.932 3600.267 3597.225 3595.781 3594.337 3592.893 3591.449 3590.341 3589.337 3588.334 3587.33 3586.41 3585.75 3585.089 3584.428 3583.767 3583.028 3582.258 3581.489 3580.719 3579.894 3578.855 3577.817 3576.778 3575.74 3574.071 3572.119 3570.168 3568.216 3566.185 3563.773 3561.361 3558.949 3556.537 3554.047
3666.078 3666.078 3666.078 3666.032 3665.914 3665.796 3665.679 3665.561 3665.135 3664.662 3664.189 3663.717 3662.377 3659.444 3656.512 3653.579 3650.646 3647.581 3644.489 3641.397 3638.305 3634.862 3630.662 3626.462 3622.261 3618.061 3613.886 3609.718 3605.549 3601.38 3597.963 3596.474 3594.984 3593.495 3592.005 3590.954 3590.04 3589.125 3588.211 3587.389 3586.853 3586.317 3585.781 3585.245 3584.588 3583.885 3583.183 3582.48 3581.717 3580.726 3579.735 3578.743 3577.752 3576.105 3574.165 3572.224 3570.283 3568.237 3565.687 3563.137 3560.587 3558.037 3555.325
3671.549 3671.549 3671.549 3671.514 3671.423 3671.332 3671.241 3671.151 3670.704 3670.205 3669.705 3669.206 3667.793 3664.705 3661.616 3658.527 3655.439 3652.064 3648.633 3645.202 3641.771 3637.947 3633.273 3628.599 3623.925 3619.251 3614.83 3610.473 3606.116 3601.759 3598.222 3596.786 3595.35 3593.914 3592.479 3591.518 3590.706 3589.894 3589.082 3588.374 3587.989 3587.604 3587.219 3586.833 3586.257 3585.608 3584.959 3584.31 3583.608 3582.703 3581.797 3580.892 3579.987 3578.374 3576.444 3574.514 3572.584 3570.532 3567.896 3565.26 3562.624 3559.987 3557.105
3677.021 3677.021 3677.021 3676.996 3676.932 3676.868 3676.804 3676.74 3676.274 3675.747 3675.221 3674.695 3673.21 3669.965 3666.72 3663.476 3660.231 3656.548 3652.777 3649.007 3645.237 3641.031 3635.883 3630.736 3625.588 3620.441 3615.774 3611.229 3606.683 3602.138 3598.48 3597.098 3595.716 3594.334 3592.952 3592.083 3591.373 3590.663 3589.953 3589.36 3589.125 3588.89 3588.656 3588.421 3587.925 3587.33 3586.735 3586.14 3585.498 3584.679 3583.86 3583.041 3582.222 3580.643 3578.724 3576.805 3574.886 3572.828 3570.105 3567.383 3564.661 3561.938 3558.885
3682.492 3682.492 3682.492 3682.478 3682.441 3682.404 3682.367 3682.33 3681.844 3681.29 3680.737 3680.184 3678.627 3675.226 3671.825 3668.424 3665.023 3661.031 3656.922 3652.813 3648.703 3644.115 3638.494 3632.873 3627.252 3621.631 3616.718 3611.984 3607.25 3602.517 3598.739 3597.41 3596.082 3594.754 3593.426 3592.647 3592.04 3591.432 3590.824 3590.345 3590.261 3590.177 3590.093 3590.01 3589.594 3589.052 3588.511 3587.97 3587.389 3586.656 3585.923 3585.19 3584.457 3582.912 3581.004 3579.095 3577.187 3575.123 3572.315 3569.506 3566.698 3563.889 3560.665
3687.964 3687.964 3687.964 3687.96 3687.95 3687.94 3687.93 3687.92 3687.413 3686.833 3686.253 3685.673 3684.043 3680.486 3676.929 3673.372 3669.815 3665.514 3661.066 3656.618 3652.169 3647.2 3641.105 3635.01 3628.915 3622.82 3617.662 3612.74 3607.818 3602.896 3598.997 3597.722 3596.448 3595.174 3593.899 3593.211 3592.706 3592.201 3591.696 3591.33 3591.397 3591.464 3591.531 3591.598 3591.262 3590.774 3590.287 3589.8 3589.279 3588.632 3587.986 3587.339 3586.692 3585.181 3583.283 3581.386 3579.488 3577.418 3574.524 3571.629 3568.735 3565.84 3562.446
3691.374 3691.374 3691.374 3691.374 3691.374 3691.374 3691.374 3691.374 3690.905 3690.365 3689.825 3689.286 3687.748 3684.376 3681.004 3677.633 3674.261 3669.631 3664.753 3659.874 3654.995 3649.506 3642.698 3635.889 3629.081 3622.272 3617.073 3612.281 3607.488 3602.695 3598.926 3597.783 3596.64 3595.497 3594.354 3593.776 3593.373 3592.97 3592.567 3592.313 3592.52 3592.728 3592.935 3593.143 3592.943 3592.591 3592.239 3591.886 3591.478 3590.856 3590.234 3589.613 3588.991 3587.454 3585.506 3583.558 3581.611 3579.478 3576.457 3573.435 3570.414 3567.393 3563.853
3693.563 3693.563 3693.563 3693.563 3693.563 3693.563 3693.563 3693.563 3693.163 3692.704 3692.246 3691.787 3690.438 3687.453 3684.469 3681.485 3678.5 3673.531 3668.168 3662.805 3657.442 3651.35 3643.686 3636.022 3628.358 3620.694 3615.576 3611.101 3606.625 3602.15 3598.659 3597.694 3596.729 3595.764 3594.799 3594.34 3594.039 3593.739 3593.438 3593.294 3593.636 3593.978 3594.32 3594.662 3594.632 3594.463 3594.294 3594.124 3593.858 3593.226 3592.594 3591.961 3591.329 3589.729 3587.695 3585.661 3583.627 3581.397 3578.225 3575.053 3571.881 3568.709 3565.04
3695.751 3695.751 3695.751 3695.751 3695.751 3695.751 3695.751 3695.751 3695.422 3695.044 3694.666 3694.288 3693.127 3690.531 3687.934 3685.337 3682.74 3677.431 3671.583 3665.736 3659.888 3653.195 3644.675 3636.155 3627.635 3619.115 3614.079 3609.921 3605.763 3601.605 3598.393 3597.605 3596.818 3596.03 3595.243 3594.904 3594.706 3594.507 3594.309 3594.275 3594.752 3595.228 3595.705 3596.181 3596.322 3596.335 3596.349 3596.363 3596.239 3595.596 3594.953 3594.31 3593.667 3592.003 3589.884 3587.764 3585.644 3583.316 3579.994 3576.671 3573.348 3570.025 3566.227
3697.939 3697.939 3697.939 3697.939 3697.939 3697.939 3697.939 3697.939 3697.681 3697.383 3697.086 3696.789 3695.817 3693.608 3691.398 3689.189 3686.98 3681.33 3674.998 3668.667 3662.335 3655.039 3645.664 3636.288 3626.913 3617.537 3612.582 3608.741 3604.901 3601.061 3598.127 3597.517 3596.907 3596.297 3595.687 3595.469 3595.372 3595.276 3595.18 3595.257 3595.868 3596.479 3597.09 3597.701 3598.011 3598.207 3598.404 3598.601 3598.62 3597.966 3597.312 3596.658 3596.004 3594.278 3592.073 3589.866 3587.66 3585.236 3581.762 3578.289 3574.815 3571.342 3567.414
3700.0 3700.0 3700.0 3700.0 3700.0 3700.0 3700.0 3700.0 3699.81 3699.591 3699.373 3699.154 3698.366 3696.531 3694.695 3692.86 3691.025 3685.045 3678.243 3671.442 3664.64 3656.766 3646.575 3636.384 3626.193 3616.002 3611.131 3607.602 3604.072 3600.543 3597.883 3597.449 3597.015 3596.581 3596.147 3596.059 3596.078 3596.098 3596.117 3596.315 3597.061 3597.807 3598.553 3599.3 3599.773 3600.144 3600.515 3600.885 3601.039 3600.368 3599.698 3599.027 3598.356 3596.565 3594.272 3591.979 3589.686 3587.165 3583.548 3579.931 3576.315 3572.698 3568.651
3700.0 3700.0 3700.0 3700.0 3700.0 3700.0 3700.0 3700.0 3699.852 3699.682 3699.512 3699.342 3698.64 3696.96 3695.281 3693.602 3691.923 3685.776 3678.743 3671.71 3664.677 3656.592 3646.234 3635.876 3625.518 3615.16 3610.423 3607.104 3603.784 3600.465 3597.998 3597.715 3597.431 3597.148 3596.865 3597.067 3597.42 3597.773 3598.127 3598.612 3599.503 3600.395 3601.286 3602.178 3602.714 3603.117 3603.521 3603.924 3604.079 3603.296 3602.512 3601.728 3600.945 3599.048 3596.653 3594.257 3591.862 3589.252 3585.614 3581.976 3578.338 3574.699 3570.694
3700.0 3700.0 3700.0 3700.0 3700.0 3700.0 3700.0 3700.0 3699.894 3699.772 3699.651 3699.529 3698.914 3697.39 3695.867 3694.344 3692.821 3686.507 3679.242 3671.978 3664.714 3656.417 3645.892 3635.368 3624.843 3614.318 3609.715 3606.606 3603.497 3600.387 3598.113 3597.98 3597.848 3597.716 3597.583 3598.075 3598.762 3599.449 3600.136 3600.908 3601.945 3602.982 3604.019 3605.056 3605.656 3606.091 3606.527 3606.962 3607.119 3606.223 3605.326 3604.429 3603.533 3601.531 3599.033 3596.535 3594.038 3591.34 3587.68 3584.02 3580.361 3576.701 3572.737
3700.0 3700.0 3700.0 3700.0 3700.0 3700.0 3700.0 3700.0 3699.936 3699.863 3699.79 3699.717 3699.188 3697.82 3696.453 3695.086 3693.719 3687.238 3679.742 3672.246 3664.75 3656.243 3645.551 3634.86 3624.168 3613.476 3609.007 3606.108 3603.208 3600.309 3598.228 3598.247 3598.265 3598.283 3598.301 3599.084 3600.104 3601.125 3602.145 3603.205 3604.387 3605.57 3606.752 3607.934 3608.597 3609.065 3609.532 3610.0 3610.16 3609.15 3608.14 3607.131 3606.121 3604.013 3601.413 3598.813 3596.213 3593.427 3589.746 3586.064 3582.383 3578.702 3574.781
3700.0 3700.0 3700.0 3700.0 3700.0 3700.0 3700.0 3700.0 3699.979 3699.954 3699.929 3699.904 3699.461 3698.25 3697.039 3695.828 3694.617 3687.968 3680.241 3672.514 3664.787 3656.068 3645.21 3634.352 3623.493 3612.635 3608.3 3605.61 3602.921 3600.231 3598.344 3598.512 3598.681 3598.85 3599.019 3600.092 3601.446 3602.801 3604.155 3605.502 3606.83 3608.157 3609.485 3610.812 3611.538 3612.038 3612.538 3613.038 3613.2 3612.077 3610.955 3609.832 3608.709 3606.496 3603.793 3601.091 3598.389 3595.514 3591.812 3588.109 3584.406 3580.703 3576.824
3700.0 3700.0 3700.0 3700.0 3700.0 3700.0 3700.0 3700.0 3700.0 3700.0 3700.0 3700.0 3699.559 3698.306 3697.054 3695.802 3694.549 3687.496 3679.292 3671.089 3662.886 3653.899 3643.221 3632.543 3621.865 3611.188 3607.162 3604.814 3602.466 3600.118 3598.53 3598.892 3599.254 3599.615 3599.977 3601.368 3603.08 3604.791 3606.503 3608.147 3609.583 3611.019 3612.455 3613.891 3614.597 3615.03 3615.462 3615.894 3615.984 3614.775 3613.565 3612.356 3611.146 3608.903 3606.196 3603.489 3600.782 3597.916 3594.289 3590.662 3587.035 3583.408 3579.57
3700.0 3700.0 3700.0 3700.0 3700.0 3700.0 3700.0 3700.0 3700.0 3700.0 3700.0 3700.0 3699.471 3697.971 3696.471 3694.972 3693.472 3685.767 3676.831 3667.896 3658.96 3649.645 3639.511 3629.377 3619.243 3609.108 3605.575 3603.706 3601.837 3599.968 3598.791 3599.39 3599.988 3600.587 3601.186 3602.924 3605.018 3607.112 3609.205 3611.155 3612.661 3614.167 3615.673 3617.179 3617.78 3618.04 3618.3 3618.56 3618.501 3617.232 3615.964 3614.695 3613.427 3611.231 3608.621 3606.011 3603.401 3600.646 3597.197 3593.748 3590.298 3586.849 3583.051
3700.0 3700.0 3700.0 3700.0 3700.0 3700.0 3700.0 3700.0 3700.0 3700.0 3700.0 3700.0 3699.384 3697.636 3695.889 3694.142 3692.394 3684.037 3674.37 3664.702 3655.035 3645.391 3635.801 3626.21 3616.62 3607.029 3603.988 3602.597 3601.208 3599.818 3599.052 3599.887 3600.723 3601.558 3602.394 3604.48 3606.956 3609.432 3611.908 3614.164 3615.74 3617.315 3618.891 3620.467 3620.962 3621.05 3621.137 3621.225 3621.018 3619.69 3618.362 3617.034 3615.706 3613.56 3611.047 3608.533 3606.02 3603.376 3600.104 3596.833 3593.561 3590.29 3586.531
3700.0 3700.0 3700.0 3700.0 3700.0 3700.0 3700.0 3700.0 3700.0 3700.0 3700.0 3700.0 3699.297 3697.302 3695.307 3693.312 3691.317 3682.308 3671.908 3661.509 3651.109 3641.138 3632.091 3623.044 3613.997 3604.95 3602.4 3601.489 3600.578 3599.667 3599.313 3600.385 3601.458 3602.53 3603.602 3606.036 3608.894 3611.752 3614.61 3617.172 3618.818 3620.464 3622.109 3623.755 3624.144 3624.059 3623.975 3623.89 3623.534 3622.147 3620.76 3619.373 3617.986 3615.888 3613.472 3611.056 3608.639 3606.106 3603.012 3599.918 3596.824 3593.73 3590.012
3700.0 3700.0 3700.0 3700.0 3700.0 3700.0 3700.0 3700.0 3700.0 3700.0 3700.0 3700.0 3699.209 3696.967 3694.724 3692.482 3690.239 3680.578 3669.447 3658.315 3647.184 3636.884 3628.381 3619.877 3611.374 3602.871 3600.813 3600.381 3599.949 3599.517 3599.574 3600.883 3602.192 3603.501 3604.81 3607.592 3610.832 3614.073 3617.313 3620.18 3621.896 3623.612 3625.328 3627.043 3627.326 3627.069 3626.813 3626.556 3626.051 3624.605 3623.158 3621.712 3620.266 3618.217 3615.897 3613.578 3611.258 3608.836 3605.919 3603.003 3600.087 3597.17 3593.492
3700.0 3700.0 3700.0 3699.96 3699.856 3699.752 3699.648 3699.544 3698.884 3698.141 3697.399 3696.656 3695.104 3692.064 3689.025 3685.985 3682.946 3673.472 3662.722 3651.972 3641.222 3631.544 3624.178 3616.813 3609.447 3602.081 3600.418 3600.192 3599.967 3599.742 3600.069 3601.813 3603.557 3605.301 3607.045 3610.154 3613.687 3617.22 3620.753 3623.831 3625.503 3627.175 3628.847 3630.519 3630.582 3630.039 3629.496 3628.953 3628.214 3626.728 3625.242 3623.757 3622.271 3620.229 3617.937 3615.645 3613.353 3610.954 3608.042 3605.13 3602.218 3599.306 3595.621
3700.0 3700.0 3700.0 3699.916 3699.699 3699.482 3699.265 3699.048 3697.67 3696.121 3694.571 3693.021 3690.648 3686.764 3682.879 3678.994 3675.11 3665.896 3655.625 3645.354 3635.084 3626.109 3619.933 3613.757 3607.58 3601.404 3600.126 3600.084 3600.042 3600.0 3600.585 3602.781 3604.977 3607.173 3609.369 3612.803 3616.621 3620.44 3624.258 3627.538 3629.156 3630.775 3632.393 3634.011 3633.844 3633.005 3632.166 3631.327 3630.346 3628.822 3627.299 3625.776 3624.252 3622.213 3619.943 3617.673 3615.402 3613.019 3610.096 3607.174 3604.251 3601.328 3597.633
3700.0 3700.0 3700.0 3699.872 3699.542 3699.212 3698.882 3698.552 3696.457 3694.1 3691.743 3689.386 3686.192 3681.463 3676.733 3672.003 3667.274 3658.32 3648.528 3638.737 3628.945 3620.674 3615.687 3610.7 3605.713 3600.727 3599.834 3599.975 3600.116 3600.257 3601.101 3603.749 3606.397 3609.046 3611.694 3615.452 3619.556 3623.659 3627.763 3631.245 3632.81 3634.374 3635.938 3637.503 3637.106 3635.971 3634.836 3633.701 3632.478 3630.917 3629.356 3627.795 3626.234 3624.198 3621.949 3619.7 3617.451 3615.084 3612.151 3609.217 3606.283 3603.35 3599.644
3700.0 3700.0 3700.0 3699.828 3699.385 3698.942 3698.499 3698.056 3695.244 3692.079 3688.915 3685.75 3681.736 3676.162 3670.587 3665.012 3659.438 3650.744 3641.431 3632.119 3622.806 3615.239 3611.442 3607.644 3603.847 3600.049 3599.543 3599.867 3600.19 3600.514 3601.617 3604.717 3607.818 3610.918 3614.018 3618.101 3622.49 3626.879 3631.268 3634.953 3636.463 3637.974 3639.484 3640.995 3640.368 3638.937 3637.506 3636.075 3634.609 3633.011 3631.412 3629.814 3628.215 3626.182 3623.955 3621.728 3619.5 3617.149 3614.205 3611.26 3608.316 3605.372 3601.655
3697.542 3697.071 3696.6 3696.039 3695.337 3694.636 3693.935 3693.234 3689.848 3686.063 3682.278 3678.492 3673.977 3668.119 3662.261 3656.404 3650.546 3642.575 3634.185 3625.794 3617.404 3610.782 3607.978 3605.173 3602.369 3599.565 3599.489 3600.101 3600.714 3601.326 3602.77 3606.347 3609.924 3613.501 3617.078 3621.457 3626.086 3630.715 3635.344 3639.162 3640.477 3641.792 3643.108 3644.423 3643.507 3641.752 3639.997 3638.242 3636.485 3634.725 3632.964 3631.203 3629.442 3627.341 3625.086 3622.831 3620.576 3618.205 3615.276 3612.348 3609.419 3606.49 3602.779
