data/zism_data/00068_03_D.txt
ncols         224
nrows         224
[rows 112 to 139 of 224, columns 0 to 62 of 224]
1338.702 1340.449 1342.196 1343.942 1345.703 1347.501 1349.299 1351.096 1352.894 1353.87 1354.555 1355.24 1355.925 1356.211 1354.928 1353.644 1352.361 1351.077 1349.729 1348.347 1346.965 1345.584 1344.415 1344.664 1344.913 1345.162 1345.411 1345.126 1344.478 1343.83 1343.182 1342.526 1341.756 1340.986 1340.215 1339.445 1338.519 1337.451 1336.383 1335.315 1334.247 1333.762 1333.285 1332.809 1332.333 1332.939 1334.872 1336.806 1338.739 1340.673 1342.52 1344.36 1346.199 1348.038 1349.313 1349.654 1349.996 1350.337 1350.678 1350.732 1350.732 1350.732 1350.732
1341.886 1343.769 1345.651 1347.533 1349.401 1351.231 1353.062 1354.892 1356.722 1357.826 1358.674 1359.522 1360.37 1360.779 1359.463 1358.147 1356.831 1355.515 1354.188 1352.855 1351.522 1350.189 1349.036 1349.079 1349.122 1349.165 1349.208 1348.834 1348.175 1347.516 1346.856 1346.186 1345.323 1344.46 1343.598 1342.735 1341.782 1340.747 1339.711 1338.676 1337.64 1337.065 1336.496 1335.928 1335.359 1335.715 1337.204 1338.693 1340.182 1341.67 1343.311 1344.966 1346.621 1348.276 1349.444 1349.807 1350.17 1350.533 1350.896 1350.954 1350.954 1350.954 1350.954
1344.769 1346.847 1348.925 1351.002 1353.005 1354.807 1356.61 1358.413 1360.215 1361.376 1362.309 1363.242 1364.175 1364.658 1363.37 1362.081 1360.793 1359.505 1358.273 1357.071 1355.868 1354.666 1353.615 1353.581 1353.547 1353.512 1353.478 1352.99 1352.191 1351.392 1350.594 1349.788 1348.872 1347.956 1347.04 1346.124 1345.113 1344.016 1342.918 1341.821 1340.724 1340.073 1339.43 1338.786 1338.143 1338.321 1339.507 1340.693 1341.879 1343.065 1344.46 1345.875 1347.29 1348.704 1349.715 1350.057 1350.398 1350.74 1351.082 1351.187 1351.247 1351.307 1351.367
1347.572 1349.861 1352.151 1354.44 1356.583 1358.343 1360.102 1361.861 1363.621 1364.818 1365.816 1366.814 1367.813 1368.356 1367.111 1365.866 1364.621 1363.376 1362.26 1361.209 1360.159 1359.108 1358.184 1358.106 1358.029 1357.951 1357.873 1357.264 1356.292 1355.32 1354.348 1353.376 1352.417 1351.457 1350.498 1349.538 1348.462 1347.278 1346.094 1344.909 1343.725 1343.004 1342.29 1341.576 1340.862 1340.882 1341.802 1342.723 1343.643 1344.563 1345.703 1346.863 1348.023 1349.183 1350.022 1350.332 1350.641 1350.95 1351.259 1351.423 1351.559 1351.695 1351.831
1350.375 1352.876 1355.376 1357.877 1360.162 1361.878 1363.594 1365.31 1367.026 1368.259 1369.323 1370.386 1371.45 1372.053 1370.852 1369.65 1368.449 1367.247 1366.247 1365.348 1364.449 1363.55 1362.753 1362.632 1362.511 1362.39 1362.269 1361.539 1360.393 1359.247 1358.102 1356.964 1355.962 1354.959 1353.956 1352.953 1351.81 1350.54 1349.269 1347.998 1346.727 1345.935 1345.151 1344.366 1343.581 1343.443 1344.098 1344.753 1345.407 1346.062 1346.945 1347.851 1348.756 1349.661 1350.33 1350.607 1350.883 1351.16 1351.437 1351.659 1351.87 1352.082 1352.294
1353.178 1355.89 1358.602 1361.315 1363.74 1365.413 1367.086 1368.758 1370.431 1371.701 1372.83 1373.958 1375.087 1375.751 1374.593 1373.435 1372.276 1371.118 1370.234 1369.487 1368.74 1367.993 1367.321 1367.157 1366.993 1366.828 1366.664 1365.813 1364.494 1363.175 1361.856 1360.552 1359.506 1358.46 1357.414 1356.368 1355.159 1353.801 1352.444 1351.086 1349.729 1348.866 1348.011 1347.156 1346.301 1346.005 1346.394 1346.783 1347.172 1347.561 1348.188 1348.839 1349.49 1350.14 1350.637 1350.881 1351.126 1351.37 1351.614 1351.895 1352.182 1352.47 1352.758
1355.586 1358.511 1361.436 1364.361 1366.947 1368.64 1370.333 1372.026 1373.719 1375.019 1376.182 1377.344 1378.507 1379.218 1378.156 1377.095 1376.033 1374.972 1374.209 1373.596 1372.983 1372.37 1371.807 1371.581 1371.356 1371.13 1370.905 1369.954 1368.509 1367.064 1365.619 1364.194 1363.106 1362.018 1360.93 1359.842 1358.559 1357.097 1355.634 1354.172 1352.71 1351.764 1350.825 1349.886 1348.947 1348.499 1348.654 1348.808 1348.963 1349.117 1349.49 1349.885 1350.279 1350.673 1350.989 1351.176 1351.362 1351.548 1351.735 1352.025 1352.336 1352.646 1352.956
1356.942 1360.084 1363.226 1366.368 1369.163 1371.046 1372.929 1374.811 1376.694 1378.008 1379.122 1380.235 1381.349 1382.07 1381.247 1380.424 1379.601 1378.778 1378.153 1377.626 1377.1 1376.573 1376.072 1375.738 1375.404 1375.07 1374.736 1373.742 1372.297 1370.851 1369.406 1367.98 1366.854 1365.728 1364.601 1363.475 1362.095 1360.481 1358.867 1357.253 1355.639 1354.573 1353.515 1352.456 1351.398 1350.817 1350.819 1350.822 1350.825 1350.827 1350.95 1351.084 1351.218 1351.352 1351.459 1351.52 1351.582 1351.644 1351.705 1351.876 1352.067 1352.258 1352.449
1358.298 1361.657 1365.016 1368.375 1371.38 1373.452 1375.525 1377.597 1379.67 1380.997 1382.062 1383.127 1384.192 1384.922 1384.337 1383.753 1383.168 1382.584 1382.096 1381.656 1381.217 1380.777 1380.337 1379.895 1379.452 1379.01 1378.567 1377.529 1376.084 1374.639 1373.194 1371.765 1370.601 1369.437 1368.273 1367.109 1365.631 1363.865 1362.099 1360.333 1358.568 1357.382 1356.204 1355.027 1353.849 1353.134 1352.985 1352.836 1352.687 1352.537 1352.409 1352.283 1352.157 1352.031 1351.928 1351.865 1351.802 1351.739 1351.676 1351.726 1351.798 1351.87 1351.942
1359.655 1363.231 1366.806 1370.382 1373.596 1375.858 1378.12 1380.383 1382.645 1383.986 1385.002 1386.018 1387.034 1387.774 1387.428 1387.082 1386.736 1386.39 1386.04 1385.687 1385.334 1384.981 1384.602 1384.051 1383.5 1382.95 1382.399 1381.316 1379.871 1378.426 1376.981 1375.55 1374.348 1373.146 1371.944 1370.742 1369.167 1367.249 1365.332 1363.414 1361.497 1360.191 1358.894 1357.597 1356.301 1355.451 1355.15 1354.849 1354.548 1354.248 1353.869 1353.482 1353.096 1352.709 1352.398 1352.21 1352.022 1351.834 1351.647 1351.577 1351.529 1351.482 1351.434
1361.011 1364.804 1368.597 1372.389 1375.813 1378.265 1380.716 1383.168 1385.62 1386.975 1387.942 1388.909 1389.877 1390.626 1390.518 1390.411 1390.304 1390.196 1389.983 1389.717 1389.451 1389.185 1388.867 1388.208 1387.549 1386.889 1386.23 1385.104 1383.659 1382.214 1380.768 1379.335 1378.095 1376.855 1375.615 1374.375 1372.703 1370.633 1368.564 1366.495 1364.425 1363.0 1361.584 1360.168 1358.752 1357.769 1357.316 1356.863 1356.41 1355.958 1355.328 1354.681 1354.034 1353.388 1352.867 1352.555 1352.242 1351.93 1351.617 1351.427 1351.261 1351.094 1350.927
1360.835 1364.787 1368.739 1372.691 1376.311 1379.055 1381.799 1384.543 1387.287 1388.746 1389.75 1390.754 1391.759 1392.561 1392.569 1392.578 1392.586 1392.594 1392.437 1392.196 1391.955 1391.714 1391.426 1390.818 1390.209 1389.601 1388.993 1387.951 1386.613 1385.274 1383.935 1382.594 1381.21 1379.825 1378.441 1377.057 1375.261 1373.089 1370.917 1368.745 1366.573 1365.113 1363.664 1362.215 1360.766 1359.701 1359.109 1358.517 1357.925 1357.332 1356.55 1355.75 1354.949 1354.149 1353.473 1353.003 1352.533 1352.063 1351.593 1351.34 1351.128 1350.915 1350.703
1360.162 1364.256 1368.349 1372.442 1376.253 1379.322 1382.392 1385.461 1388.531 1390.122 1391.191 1392.261 1393.33 1394.2 1394.284 1394.368 1394.452 1394.537 1394.408 1394.172 1393.937 1393.702 1393.431 1392.926 1392.421 1391.916 1391.411 1390.494 1389.297 1388.099 1386.901 1385.682 1384.119 1382.556 1380.992 1379.429 1377.503 1375.244 1372.986 1370.727 1368.468 1367.002 1365.547 1364.092 1362.638 1361.51 1360.782 1360.054 1359.326 1358.598 1357.695 1356.776 1355.856 1354.936 1354.123 1353.485 1352.847 1352.209 1351.571 1351.272 1351.038 1350.804 1350.57
1359.49 1363.724 1367.958 1372.192 1376.195 1379.59 1382.984 1386.379 1389.774 1391.498 1392.632 1393.767 1394.901 1395.838 1395.998 1396.158 1396.319 1396.479 1396.379 1396.149 1395.919 1395.689 1395.436 1395.034 1394.632 1394.23 1393.828 1393.037 1391.981 1390.924 1389.867 1388.771 1387.028 1385.286 1383.544 1381.802 1379.745 1377.399 1375.054 1372.708 1370.363 1368.89 1367.43 1365.97 1364.51 1363.318 1362.454 1361.591 1360.728 1359.864 1358.841 1357.802 1356.763 1355.724 1354.773 1353.967 1353.161 1352.354 1351.548 1351.205 1350.949 1350.694 1350.438
1358.817 1363.192 1367.567 1371.942 1376.137 1379.857 1383.577 1387.297 1391.017 1392.874 1394.073 1395.273 1396.473 1397.477 1397.713 1397.949 1398.185 1398.421 1398.35 1398.125 1397.901 1397.676 1397.442 1397.143 1396.844 1396.545 1396.246 1395.58 1394.665 1393.749 1392.833 1391.859 1389.938 1388.017 1386.096 1384.175 1381.987 1379.555 1377.122 1374.69 1372.258 1370.778 1369.313 1367.847 1366.382 1365.126 1364.127 1363.128 1362.129 1361.13 1359.986 1358.828 1357.67 1356.511 1355.422 1354.448 1353.474 1352.5 1351.526 1351.138 1350.86 1350.583 1350.305
1357.304 1361.776 1366.248 1370.72 1375.053 1379.018 1382.984 1386.949 1390.915 1392.89 1394.162 1395.434 1396.707 1397.787 1398.115 1398.442 1398.769 1399.097 1399.106 1398.957 1398.807 1398.657 1398.5 1398.291 1398.082 1397.873 1397.664 1397.116 1396.336 1395.556 1394.776 1393.924 1391.9 1389.876 1387.852 1385.828 1383.587 1381.148 1378.709 1376.27 1373.831 1372.368 1370.921 1369.473 1368.025 1366.729 1365.619 1364.509 1363.399 1362.289 1361.034 1359.766 1358.497 1357.229 1356.013 1354.885 1353.757 1352.629 1351.501 1351.077 1350.785 1350.494 1350.203
1353.088 1357.516 1361.945 1366.374 1370.672 1374.627 1378.582 1382.536 1386.491 1388.535 1389.905 1391.275 1392.645 1393.832 1394.3 1394.768 1395.237 1395.705 1395.96 1396.109 1396.257 1396.406 1396.514 1396.354 1396.194 1396.034 1395.874 1395.416 1394.756 1394.095 1393.434 1392.703 1390.819 1388.936 1387.053 1385.17 1383.127 1380.937 1378.748 1376.558 1374.368 1373.0 1371.645 1370.289 1368.933 1367.673 1366.531 1365.389 1364.246 1363.104 1361.772 1360.422 1359.072 1357.722 1356.415 1355.179 1353.942 1352.706 1351.469 1351.037 1350.756 1350.476 1350.195
1348.871 1353.257 1357.642 1362.028 1366.292 1370.235 1374.179 1378.123 1382.067 1384.18 1385.648 1387.115 1388.583 1389.876 1390.486 1391.095 1391.704 1392.313 1392.814 1393.261 1393.708 1394.155 1394.528 1394.417 1394.306 1394.195 1394.083 1393.716 1393.175 1392.634 1392.092 1391.481 1389.739 1387.997 1386.255 1384.513 1382.667 1380.727 1378.786 1376.846 1374.905 1373.632 1372.369 1371.105 1369.842 1368.618 1367.443 1366.268 1365.093 1363.918 1362.509 1361.078 1359.647 1358.216 1356.817 1355.472 1354.127 1352.782 1351.438 1350.997 1350.727 1350.457 1350.188
1344.656 1348.998 1353.34 1357.682 1361.911 1365.844 1369.777 1373.71 1377.643 1379.826 1381.391 1382.956 1384.521 1385.921 1386.671 1387.421 1388.172 1388.922 1389.669 1390.413 1391.158 1391.903 1392.543 1392.48 1392.418 1392.355 1392.293 1392.017 1391.594 1391.172 1390.75 1390.26 1388.658 1387.057 1385.456 1383.855 1382.207 1380.516 1378.825 1377.134 1375.443 1374.264 1373.093 1371.921 1370.75 1369.563 1368.355 1367.147 1365.94 1364.732 1363.246 1361.734 1360.222 1358.709 1357.219 1355.766 1354.312 1352.859 1351.406 1350.957 1350.698 1350.439 1350.18
1340.44 1344.738 1349.037 1353.336 1357.531 1361.453 1365.375 1369.297 1373.219 1375.471 1377.134 1378.797 1380.459 1381.965 1382.857 1383.748 1384.639 1385.53 1386.523 1387.566 1388.609 1389.652 1390.557 1390.543 1390.53 1390.516 1390.502 1390.317 1390.014 1389.711 1389.408 1389.038 1387.578 1386.118 1384.657 1383.197 1381.747 1380.305 1378.864 1377.422 1375.98 1374.896 1373.817 1372.738 1371.658 1370.507 1369.267 1368.027 1366.787 1365.547 1363.984 1362.39 1360.796 1359.202 1357.621 1356.059 1354.497 1352.936 1351.374 1350.916 1350.668 1350.421 1350.172
1335.467 1339.75 1344.032 1348.315 1352.455 1356.218 1359.981 1363.744 1367.507 1369.683 1371.299 1372.915 1374.531 1376.024 1377.032 1378.041 1379.05 1380.059 1381.237 1382.5 1383.764 1385.027 1386.129 1386.161 1386.192 1386.223 1386.254 1386.22 1386.142 1386.064 1385.985 1385.846 1384.718 1383.59 1382.462 1381.334 1380.182 1379.01 1377.837 1376.664 1375.491 1374.521 1373.553 1372.586 1371.618 1370.565 1369.405 1368.246 1367.086 1365.927 1364.421 1362.882 1361.344 1359.805 1358.248 1356.66 1355.072 1353.483 1351.895 1351.515 1351.363 1351.212 1351.061
1330.2 1334.477 1338.754 1343.031 1347.107 1350.654 1354.2 1357.746 1361.292 1363.335 1364.848 1366.361 1367.874 1369.307 1370.424 1371.542 1372.659 1373.776 1375.117 1376.57 1378.023 1379.476 1380.749 1380.824 1380.898 1380.973 1381.047 1381.189 1381.376 1381.564 1381.751 1381.886 1381.164 1380.443 1379.721 1379.0 1378.187 1377.291 1376.394 1375.498 1374.602 1373.753 1372.905 1372.057 1371.208 1370.276 1369.242 1368.207 1367.172 1366.137 1364.741 1363.311 1361.881 1360.451 1358.963 1357.38 1355.798 1354.215 1352.632 1352.362 1352.341 1352.319 1352.298
1324.932 1329.204 1333.476 1337.748 1341.76 1345.089 1348.419 1351.748 1355.077 1356.988 1358.398 1359.808 1361.218 1362.591 1363.816 1365.042 1366.267 1367.493 1368.997 1370.64 1372.282 1373.925 1375.369 1375.487 1375.605 1375.723 1375.841 1376.158 1376.611 1377.064 1377.517 1377.925 1377.61 1377.295 1376.98 1376.666 1376.192 1375.572 1374.952 1374.332 1373.713 1372.985 1372.256 1371.527 1370.798 1369.988 1369.078 1368.168 1367.258 1366.348 1365.062 1363.74 1362.418 1361.097 1359.678 1358.101 1356.524 1354.946 1353.369 1353.209 1353.318 1353.427 1353.536
1319.665 1323.932 1328.198 1332.464 1336.413 1339.525 1342.638 1345.75 1348.863 1350.641 1351.948 1353.255 1354.562 1355.874 1357.208 1358.542 1359.876 1361.21 1362.877 1364.709 1366.542 1368.374 1369.989 1370.15 1370.311 1370.473 1370.634 1371.126 1371.845 1372.564 1373.282 1373.965 1374.056 1374.148 1374.24 1374.331 1374.196 1373.853 1373.51 1373.166 1372.823 1372.217 1371.608 1370.998 1370.388 1369.7 1368.914 1368.129 1367.344 1366.558 1365.382 1364.169 1362.955 1361.742 1360.394 1358.822 1357.25 1355.678 1354.106 1354.056 1354.295 1354.534 1354.773
1314.776 1319.002 1323.228 1327.454 1331.324 1334.26 1337.196 1340.132 1343.068 1344.765 1346.023 1347.282 1348.54 1349.828 1351.227 1352.627 1354.027 1355.427 1357.201 1359.162 1361.123 1363.084 1364.816 1365.016 1365.217 1365.417 1365.617 1366.272 1367.236 1368.201 1369.166 1370.101 1370.568 1371.035 1371.501 1371.968 1372.147 1372.063 1371.979 1371.894 1371.81 1371.354 1370.892 1370.43 1369.968 1369.431 1368.802 1368.173 1367.544 1366.915 1365.853 1364.75 1363.648 1362.545 1361.274 1359.724 1358.173 1356.623 1355.073 1355.134 1355.501 1355.868 1356.235
1311.384 1315.431 1319.478 1323.526 1327.262 1330.182 1333.102 1336.021 1338.941 1340.757 1342.184 1343.61 1345.037 1346.437 1347.734 1349.031 1350.328 1351.625 1353.289 1355.136 1356.983 1358.831 1360.466 1360.688 1360.91 1361.132 1361.354 1362.117 1363.25 1364.382 1365.515 1366.624 1367.34 1368.056 1368.772 1369.488 1369.885 1369.991 1370.096 1370.202 1370.307 1370.11 1369.908 1369.706 1369.505 1369.238 1368.891 1368.543 1368.196 1367.849 1366.921 1365.938 1364.954 1363.971 1362.807 1361.343 1359.88 1358.416 1356.953 1357.128 1357.615 1358.101 1358.587
1307.993 1311.861 1315.729 1319.597 1323.2 1326.103 1329.007 1331.91 1334.814 1336.75 1338.344 1339.939 1341.534 1343.047 1344.241 1345.435 1346.629 1347.823 1349.376 1351.11 1352.843 1354.577 1356.116 1356.359 1356.603 1356.847 1357.09 1357.962 1359.263 1360.564 1361.865 1363.146 1364.111 1365.077 1366.042 1367.007 1367.623 1367.918 1368.214 1368.509 1368.804 1368.866 1368.925 1368.983 1369.042 1369.045 1368.979 1368.914 1368.849 1368.784 1367.989 1367.125 1366.261 1365.397 1364.339 1362.963 1361.586 1360.209 1358.833 1359.122 1359.728 1360.333 1360.939
1304.601 1308.291 1311.98 1315.669 1319.137 1322.025 1324.912 1327.799 1330.686 1332.742 1334.505 1336.268 1338.031 1339.657 1340.748 1341.839 1342.93 1344.021 1345.464 1347.083 1348.703 1350.323 1351.766 1352.031 1352.296 1352.562 1352.827 1353.807 1355.276 1356.745 1358.214 1359.668 1360.883 1362.098 1363.313 1364.527 1365.361 1365.846 1366.331 1366.816 1367.301 1367.622 1367.941 1368.26 1368.579 1368.852 1369.068 1369.285 1369.502 1369.718 1369.057 1368.312 1367.567 1366.823 1365.872 1364.582 1363.292 1362.002 1360.713 1361.116 1361.841 1362.566 1363.29
