data/zism_data/00068_02_D.txt
ncols         224
nrows         224
[rows 112 to 139 of 224, columns 128 to 191 of 224]
1250.0 1250.0 1250.0 1250.0 1250.0 1250.0 1250.0 1250.0 1250.0 1250.0 1250.0 1250.0 1250.0 1250.0 1250.0 1250.0 1250.0 1250.0 1250.0 1250.0 1250.0 1250.0 1250.0 1250.0 1250.0 1250.0 1250.0 1250.0 1250.0 1250.172 1250.912 1251.651 1252.391 1253.131 1255.918 1259.6 1263.282 1266.964 1270.621 1274.145 1277.668 1281.191 1284.715 1287.575 1290.034 1292.493 1294.952 1297.428 1300.078 1302.729 1305.379 1308.03 1310.581 1313.05 1315.52 1317.989 1320.462 1323.171 1325.881 1328.59 1331.3 1333.926 1336.463 1338.999
1250.0 1250.0 1250.0 1250.0 1250.0 1250.0 1250.0 1250.0 1250.0 1250.0 1250.0 1250.0 1250.0 1250.0 1250.0 1250.0 1250.0 1250.0 1250.0 1250.0 1250.0 1250.0 1250.0 1250.0 1250.0 1250.0 1250.0 1250.0 1250.0 1250.187 1250.992 1251.797 1252.602 1253.407 1256.176 1259.803 1263.431 1267.059 1270.65 1274.049 1277.448 1280.847 1284.245 1287.038 1289.465 1291.891 1294.318 1296.77 1299.485 1302.201 1304.916 1307.632 1310.266 1312.833 1315.4 1317.967 1320.537 1323.361 1326.184 1329.007 1331.831 1334.561 1337.189 1339.818
1250.0 1250.0 1250.0 1250.0 1250.0 1250.0 1250.0 1250.0 1250.0 1250.0 1250.0 1250.0 1250.0 1250.0 1250.0 1250.0 1250.0 1250.0 1250.0 1250.0 1250.0 1250.0 1250.0 1250.0 1250.0 1250.0 1250.0 1250.0 1250.0 1250.202 1251.072 1251.942 1252.812 1253.682 1256.433 1260.007 1263.58 1267.154 1270.68 1273.954 1277.228 1280.502 1283.776 1286.502 1288.896 1291.29 1293.684 1296.111 1298.892 1301.672 1304.453 1307.234 1309.95 1312.615 1315.28 1317.944 1320.613 1323.55 1326.487 1329.424 1332.361 1335.195 1337.916 1340.636
1250.0 1250.0 1250.0 1250.0 1250.0 1250.0 1250.0 1250.0 1250.0 1250.0 1250.0 1250.0 1250.0 1250.0 1250.0 1250.0 1250.0 1250.0 1250.0 1250.0 1250.0 1250.0 1250.0 1250.0 1250.0 1250.0 1250.0 1250.0 1250.0 1250.217 1251.152 1252.087 1253.022 1253.958 1256.69 1260.21 1263.729 1267.249 1270.709 1273.858 1277.008 1280.157 1283.306 1285.965 1288.326 1290.688 1293.049 1295.453 1298.299 1301.144 1303.99 1306.835 1309.635 1312.397 1315.16 1317.922 1320.688 1323.739 1326.79 1329.841 1332.892 1335.829 1338.642 1341.455
1250.176 1250.161 1250.153 1250.153 1250.153 1250.153 1250.153 1250.153 1250.153 1250.153 1250.153 1250.153 1250.153 1250.153 1250.153 1250.153 1250.153 1250.153 1250.153 1250.153 1250.157 1250.172 1250.187 1250.202 1250.217 1250.324 1250.459 1250.594 1250.729 1251.076 1252.129 1253.182 1254.234 1255.287 1258.002 1261.445 1264.888 1268.33 1271.715 1274.796 1277.877 1280.958 1284.039 1286.686 1289.071 1291.456 1293.841 1296.262 1299.053 1301.844 1304.635 1307.425 1310.194 1312.946 1315.697 1318.448 1321.203 1324.237 1327.271 1330.305 1333.339 1336.262 1339.066 1341.87
1250.431 1250.394 1250.374 1250.374 1250.374 1250.374 1250.374 1250.374 1250.374 1250.374 1250.374 1250.374 1250.374 1250.374 1250.374 1250.374 1250.374 1250.374 1250.374 1250.374 1250.385 1250.422 1250.459 1250.495 1250.532 1250.794 1251.124 1251.454 1251.784 1252.314 1253.508 1254.701 1255.895 1257.089 1259.786 1263.142 1266.498 1269.854 1273.16 1276.197 1279.234 1282.272 1285.309 1287.971 1290.405 1292.839 1295.272 1297.728 1300.41 1303.093 1305.775 1308.458 1311.145 1313.837 1316.528 1319.22 1321.915 1324.873 1327.831 1330.789 1333.747 1336.605 1339.355 1342.105
1250.686 1250.628 1250.596 1250.596 1250.596 1250.596 1250.596 1250.596 1250.596 1250.596 1250.596 1250.596 1250.596 1250.596 1250.596 1250.596 1250.596 1250.596 1250.596 1250.596 1250.613 1250.672 1250.73 1250.788 1250.847 1251.264 1251.789 1252.314 1252.839 1253.552 1254.886 1256.221 1257.556 1258.89 1261.57 1264.84 1268.109 1271.378 1274.604 1277.598 1280.592 1283.586 1286.58 1289.255 1291.738 1294.221 1296.703 1299.194 1301.768 1304.342 1306.916 1309.49 1312.096 1314.728 1317.36 1319.992 1322.627 1325.51 1328.392 1331.274 1334.156 1336.948 1339.644 1342.339
1250.941 1250.861 1250.817 1250.817 1250.817 1250.817 1250.817 1250.817 1250.817 1250.817 1250.817 1250.817 1250.817 1250.817 1250.817 1250.817 1250.817 1250.817 1250.817 1250.817 1250.841 1250.921 1251.001 1251.081 1251.161 1251.733 1252.454 1253.174 1253.894 1254.79 1256.265 1257.741 1259.216 1260.692 1263.354 1266.537 1269.719 1272.902 1276.048 1278.998 1281.949 1284.9 1287.85 1290.54 1293.071 1295.603 1298.134 1300.66 1303.126 1305.591 1308.057 1310.523 1313.047 1315.619 1318.192 1320.764 1323.34 1326.146 1328.952 1331.758 1334.564 1337.291 1339.933 1342.574
1251.619 1251.491 1251.42 1251.42 1251.42 1251.42 1251.42 1251.42 1251.42 1251.42 1251.42 1251.42 1251.42 1251.42 1251.42 1251.42 1251.42 1251.42 1251.42 1251.42 1251.453 1251.558 1251.663 1251.769 1251.874 1252.591 1253.493 1254.394 1255.296 1256.354 1257.93 1259.506 1261.082 1262.658 1265.268 1268.33 1271.392 1274.454 1277.492 1280.399 1283.306 1286.214 1289.121 1291.833 1294.428 1297.022 1299.616 1302.193 1304.585 1306.977 1309.369 1311.76 1314.218 1316.728 1319.239 1321.75 1324.263 1326.955 1329.647 1332.339 1335.031 1337.659 1340.218 1342.777
1254.323 1254.021 1253.855 1253.855 1253.855 1253.855 1253.855 1253.855 1253.855 1253.855 1253.855 1253.855 1253.855 1253.855 1253.855 1253.855 1253.855 1253.855 1253.855 1253.855 1253.9 1254.049 1254.198 1254.347 1254.496 1255.31 1256.325 1257.341 1258.356 1259.48 1260.964 1262.448 1263.932 1265.416 1267.802 1270.582 1273.362 1276.142 1278.936 1281.8 1284.664 1287.528 1290.392 1293.169 1295.893 1298.618 1301.342 1304.046 1306.53 1309.014 1311.498 1313.982 1316.442 1318.882 1321.322 1323.762 1326.202 1328.596 1330.989 1333.383 1335.777 1338.146 1340.488 1342.83
1257.026 1256.551 1256.29 1256.29 1256.29 1256.29 1256.29 1256.29 1256.29 1256.29 1256.29 1256.29 1256.29 1256.29 1256.29 1256.29 1256.29 1256.29 1256.29 1256.29 1256.348 1256.54 1256.733 1256.925 1257.117 1258.029 1259.158 1260.287 1261.417 1262.607 1263.998 1265.39 1266.782 1268.174 1270.335 1272.834 1275.332 1277.83 1280.38 1283.2 1286.021 1288.842 1291.662 1294.504 1297.359 1300.213 1303.068 1305.898 1308.474 1311.05 1313.627 1316.203 1318.665 1321.035 1323.405 1325.775 1328.141 1330.236 1332.331 1334.427 1336.522 1338.632 1340.757 1342.883
1259.73 1259.082 1258.725 1258.725 1258.725 1258.725 1258.725 1258.725 1258.725 1258.725 1258.725 1258.725 1258.725 1258.725 1258.725 1258.725 1258.725 1258.725 1258.725 1258.725 1258.796 1259.032 1259.267 1259.503 1259.739 1260.748 1261.991 1263.234 1264.477 1265.733 1267.033 1268.333 1269.632 1270.932 1272.869 1275.086 1277.302 1279.518 1281.824 1284.601 1287.378 1290.156 1292.933 1295.839 1298.824 1301.809 1304.793 1307.751 1310.419 1313.087 1315.756 1318.424 1320.889 1323.188 1325.488 1327.787 1330.079 1331.876 1333.674 1335.471 1337.268 1339.119 1341.027 1342.935
1262.434 1261.612 1261.159 1261.159 1261.159 1261.159 1261.159 1261.159 1261.159 1261.159 1261.159 1261.159 1261.159 1261.159 1261.159 1261.159 1261.159 1261.159 1261.159 1261.159 1261.244 1261.523 1261.802 1262.081 1262.36 1263.467 1264.824 1266.181 1267.537 1268.86 1270.067 1271.275 1272.482 1273.69 1275.403 1277.337 1279.272 1281.206 1283.268 1286.002 1288.736 1291.47 1294.203 1297.175 1300.29 1303.404 1306.519 1309.603 1312.364 1315.124 1317.885 1320.645 1323.113 1325.342 1327.57 1329.799 1332.018 1333.517 1335.016 1336.515 1338.014 1339.605 1341.297 1342.988
1266.45 1265.522 1265.004 1264.99 1264.976 1264.962 1264.948 1264.966 1264.987 1265.008 1265.03 1265.043 1265.043 1265.043 1265.043 1265.043 1265.043 1265.043 1265.043 1265.043 1265.12 1265.371 1265.622 1265.873 1266.125 1267.174 1268.464 1269.753 1271.043 1272.272 1273.298 1274.325 1275.352 1276.378 1277.808 1279.414 1281.021 1282.627 1284.39 1286.981 1289.573 1292.164 1294.755 1297.731 1300.941 1304.15 1307.359 1310.547 1313.51 1316.473 1319.436 1322.398 1324.986 1327.269 1329.552 1331.834 1334.103 1335.421 1336.739 1338.057 1339.375 1340.737 1342.148 1343.559
1271.158 1270.16 1269.594 1269.558 1269.522 1269.486 1269.45 1269.496 1269.55 1269.604 1269.657 1269.691 1269.691 1269.691 1269.691 1269.691 1269.691 1269.691 1269.691 1269.691 1269.748 1269.934 1270.12 1270.307 1270.493 1271.402 1272.529 1273.656 1274.783 1275.834 1276.633 1277.432 1278.231 1279.03 1280.145 1281.399 1282.653 1283.907 1285.343 1287.739 1290.135 1292.531 1294.927 1297.877 1301.162 1304.448 1307.733 1311.013 1314.236 1317.458 1320.682 1323.904 1326.675 1329.077 1331.479 1333.881 1336.265 1337.464 1338.663 1339.862 1341.06 1342.21 1343.306 1344.403
1275.866 1274.797 1274.183 1274.125 1274.068 1274.01 1273.952 1274.026 1274.113 1274.199 1274.285 1274.339 1274.339 1274.339 1274.339 1274.339 1274.339 1274.339 1274.339 1274.339 1274.376 1274.497 1274.618 1274.74 1274.861 1275.63 1276.594 1277.559 1278.523 1279.396 1279.968 1280.539 1281.11 1281.681 1282.482 1283.384 1284.285 1285.187 1286.296 1288.496 1290.697 1292.898 1295.099 1298.023 1301.384 1304.745 1308.106 1311.478 1314.961 1318.444 1321.927 1325.411 1328.364 1330.885 1333.406 1335.927 1338.428 1339.507 1340.587 1341.666 1342.746 1343.683 1344.465 1345.247
1280.574 1279.435 1278.772 1278.693 1278.613 1278.534 1278.455 1278.557 1278.675 1278.794 1278.913 1278.987 1278.987 1278.987 1278.987 1278.987 1278.987 1278.987 1278.987 1278.987 1279.004 1279.06 1279.117 1279.173 1279.229 1279.858 1280.66 1281.461 1282.263 1282.959 1283.302 1283.646 1283.989 1284.333 1284.819 1285.369 1285.918 1286.467 1287.248 1289.254 1291.259 1293.265 1295.271 1298.168 1301.605 1305.042 1308.48 1311.943 1315.687 1319.43 1323.173 1326.917 1330.053 1332.693 1335.333 1337.974 1340.59 1341.55 1342.51 1343.471 1344.431 1345.156 1345.623 1346.09
1285.215 1283.988 1283.261 1283.148 1283.034 1282.921 1282.807 1282.958 1283.134 1283.31 1283.485 1283.596 1283.598 1283.6 1283.603 1283.605 1283.6 1283.593 1283.586 1283.58 1283.578 1283.588 1283.599 1283.609 1283.62 1284.115 1284.756 1285.397 1286.039 1286.557 1286.667 1286.777 1286.886 1286.996 1287.188 1287.415 1287.642 1287.869 1288.351 1290.179 1292.006 1293.834 1295.661 1298.518 1301.997 1305.476 1308.955 1312.476 1316.44 1320.404 1324.369 1328.333 1331.633 1334.39 1337.148 1339.905 1342.635 1343.498 1344.36 1345.223 1346.085 1346.623 1346.806 1346.99
1289.428 1288.006 1287.12 1286.893 1286.666 1286.438 1286.211 1286.545 1286.932 1287.319 1287.707 1287.955 1287.974 1287.992 1288.01 1288.029 1287.985 1287.93 1287.874 1287.819 1287.807 1287.893 1287.979 1288.065 1288.152 1288.552 1289.047 1289.542 1290.037 1290.38 1290.218 1290.057 1289.896 1289.735 1289.753 1289.85 1289.947 1290.044 1290.406 1292.163 1293.92 1295.677 1297.434 1300.156 1303.461 1306.767 1310.072 1313.433 1317.37 1321.307 1325.244 1329.181 1332.526 1335.386 1338.247 1341.107 1343.939 1344.84 1345.74 1346.64 1347.541 1348.054 1348.145 1348.237
1293.641 1292.024 1290.98 1290.638 1290.297 1289.956 1289.615 1290.132 1290.73 1291.329 1291.928 1292.314 1292.349 1292.384 1292.418 1292.453 1292.371 1292.267 1292.162 1292.058 1292.035 1292.197 1292.359 1292.522 1292.684 1292.989 1293.338 1293.686 1294.035 1294.202 1293.77 1293.338 1292.906 1292.473 1292.319 1292.286 1292.253 1292.22 1292.461 1294.147 1295.834 1297.52 1299.207 1301.794 1304.926 1308.058 1311.19 1314.389 1318.299 1322.209 1326.12 1330.03 1333.419 1336.382 1339.345 1342.309 1345.243 1346.182 1347.12 1348.058 1348.997 1349.486 1349.485 1349.484
1297.854 1296.041 1294.839 1294.384 1293.928 1293.473 1293.018 1293.719 1294.529 1295.339 1296.149 1296.673 1296.724 1296.775 1296.826 1296.877 1296.757 1296.604 1296.451 1296.297 1296.264 1296.502 1296.74 1296.978 1297.216 1297.426 1297.629 1297.831 1298.033 1298.025 1297.322 1296.619 1295.915 1295.212 1294.884 1294.721 1294.558 1294.395 1294.515 1296.131 1297.747 1299.363 1300.979 1303.432 1306.39 1309.349 1312.307 1315.346 1319.229 1323.112 1326.995 1330.878 1334.311 1337.378 1340.444 1343.511 1346.547 1347.523 1348.5 1349.476 1350.452 1350.917 1350.824 1350.731
1302.067 1300.059 1298.698 1298.129 1297.56 1296.991 1296.422 1297.305 1298.327 1299.349 1300.37 1301.032 1301.099 1301.167 1301.234 1301.301 1301.142 1300.941 1300.739 1300.537 1300.492 1300.806 1301.12 1301.434 1301.748 1301.864 1301.919 1301.975 1302.031 1301.848 1300.874 1299.899 1298.925 1297.95 1297.45 1297.156 1296.863 1296.57 1296.57 1298.115 1299.661 1301.206 1302.752 1305.07 1307.855 1310.64 1313.425 1316.303 1320.159 1324.015 1327.87 1331.726 1335.204 1338.374 1341.543 1344.713 1347.851 1348.865 1349.88 1350.894 1351.908 1352.349 1352.163 1351.978
1306.334 1304.174 1302.68 1302.001 1301.321 1300.642 1299.962 1300.873 1301.935 1302.997 1304.059 1304.745 1304.808 1304.871 1304.935 1304.998 1304.781 1304.51 1304.239 1303.969 1303.922 1304.389 1304.856 1305.323 1305.79 1305.976 1306.077 1306.177 1306.278 1306.133 1305.172 1304.212 1303.251 1302.291 1301.828 1301.582 1301.337 1301.091 1301.114 1302.556 1303.997 1305.439 1306.88 1308.923 1311.33 1313.737 1316.144 1318.652 1322.223 1325.793 1329.364 1332.934 1336.258 1339.379 1342.501 1345.622 1348.714 1349.814 1350.913 1352.012 1353.111 1353.623 1353.493 1353.363
1310.634 1308.35 1306.739 1305.951 1305.163 1304.375 1303.587 1304.429 1305.426 1306.423 1307.42 1308.059 1308.106 1308.153 1308.2 1308.247 1307.959 1307.607 1307.255 1306.903 1306.861 1307.528 1308.196 1308.864 1309.531 1309.888 1310.152 1310.415 1310.678 1310.702 1309.931 1309.161 1308.39 1307.619 1307.323 1307.235 1307.146 1307.058 1307.194 1308.51 1309.827 1311.144 1312.461 1314.143 1316.046 1317.948 1319.851 1321.86 1324.986 1328.112 1331.238 1334.364 1337.41 1340.39 1343.371 1346.351 1349.306 1350.519 1351.732 1352.945 1354.159 1354.799 1354.816 1354.832
1314.935 1312.526 1310.797 1309.901 1309.004 1308.108 1307.212 1307.985 1308.917 1309.848 1310.78 1311.373 1311.403 1311.434 1311.465 1311.496 1311.137 1310.703 1310.27 1309.837 1309.799 1310.667 1311.536 1312.404 1313.272 1313.801 1314.227 1314.652 1315.078 1315.271 1314.69 1314.109 1313.528 1312.948 1312.819 1312.887 1312.956 1313.025 1313.273 1314.465 1315.657 1316.849 1318.041 1319.362 1320.76 1322.159 1323.557 1325.068 1327.749 1330.43 1333.112 1335.793 1338.562 1341.401 1344.241 1347.08 1349.898 1351.225 1352.552 1353.879 1355.206 1355.976 1356.139 1356.302
1319.235 1316.702 1314.855 1313.85 1312.846 1311.841 1310.836 1311.54 1312.407 1313.274 1314.141 1314.687 1314.701 1314.716 1314.73 1314.745 1314.315 1313.8 1313.285 1312.771 1312.738 1313.807 1314.875 1315.944 1317.013 1317.713 1318.301 1318.89 1319.479 1319.84 1319.449 1319.058 1318.667 1318.276 1318.314 1318.54 1318.766 1318.992 1319.352 1320.419 1321.487 1322.554 1323.622 1324.581 1325.476 1326.37 1327.264 1328.275 1330.512 1332.749 1334.986 1337.222 1339.714 1342.412 1345.111 1347.81 1350.49 1351.931 1353.372 1354.812 1356.253 1357.153 1357.462 1357.771
1323.547 1320.917 1318.969 1317.856 1316.744 1315.632 1314.52 1315.133 1315.91 1316.688 1317.465 1317.945 1317.935 1317.926 1317.916 1317.906 1317.408 1316.816 1316.225 1315.634 1315.605 1316.862 1318.118 1319.374 1320.63 1321.504 1322.262 1323.019 1323.777 1324.315 1324.123 1323.932 1323.74 1323.549 1323.758 1324.143 1324.528 1324.913 1325.385 1326.32 1327.255 1328.191 1329.126 1329.729 1330.132 1330.534 1330.937 1331.462 1333.266 1335.071 1336.876 1338.681 1340.9 1343.457 1346.014 1348.572 1351.114 1352.662 1354.209 1355.757 1357.304 1358.328 1358.782 1359.235
1327.969 1325.484 1323.573 1322.363 1321.153 1319.944 1318.734 1319.056 1319.525 1319.993 1320.461 1320.712 1320.605 1320.497 1320.39 1320.282 1319.741 1319.117 1318.494 1317.87 1317.84 1319.167 1320.494 1321.82 1323.147 1324.212 1325.197 1326.183 1327.168 1327.947 1328.043 1328.139 1328.235 1328.331 1328.748 1329.307 1329.865 1330.423 1331.01 1331.744 1332.479 1333.213 1333.948 1334.239 1334.262 1334.285 1334.308 1334.459 1335.944 1337.429 1338.914 1340.399 1342.393 1344.804 1347.215 1349.626 1352.025 1353.615 1355.206 1356.797 1358.388 1359.495 1360.073 1360.651
