data/zism_data/00066_01_D.txt
ncols         224
nrows         224
[rows 56 to 83 of 224, columns 0 to 63 of 224]
4418.166 4413.679 4409.192 4404.706 4401.305 4400.764 4400.223 4399.682 4399.141 4399.0 4399.0 4399.0 4399.0 4399.0 4399.0 4399.0 4399.0 4399.0 4399.0 4399.0 4399.0 4399.0 4399.083 4399.724 4400.364 4401.005 4401.645 4402.897 4404.566 4406.235 4407.905 4409.57 4411.166 4412.761 4414.357 4415.953 4416.82 4417.02 4417.219 4417.418 4417.618 4417.075 4416.521 4415.966 4415.412 4414.348 4412.659 4410.97 4409.281 4407.592 4406.084 4404.593 4403.103 4401.612 4400.636 4400.511 4400.386 4400.261 4400.136 4400.96 4401.963 4402.966 4403.97 4406.213
4414.017 4410.395 4406.771 4403.149 4400.431 4400.095 4399.759 4399.423 4399.087 4399.0 4399.0 4399.0 4399.0 4399.0 4399.0 4399.0 4399.0 4399.0 4399.0 4399.0 4399.0 4399.0 4399.103 4399.889 4400.675 4401.461 4402.247 4403.645 4405.46 4407.275 4409.09 4410.901 4412.643 4414.384 4416.125 4417.867 4418.88 4419.225 4419.57 4419.916 4420.261 4419.582 4418.887 4418.192 4417.498 4416.259 4414.354 4412.449 4410.544 4408.64 4406.935 4405.25 4403.565 4401.88 4400.774 4400.628 4400.481 4400.335 4400.189 4401.286 4402.618 4403.951 4405.284 4407.917
4409.869 4407.11 4404.351 4401.592 4399.557 4399.426 4399.295 4399.165 4399.034 4399.0 4399.0 4399.0 4399.0 4399.0 4399.0 4399.0 4399.0 4399.0 4399.0 4399.0 4399.0 4399.0 4399.122 4400.054 4400.985 4401.917 4402.85 4404.393 4406.354 4408.314 4410.275 4412.232 4414.119 4416.007 4417.894 4419.781 4420.94 4421.431 4421.922 4422.413 4422.904 4422.088 4421.253 4420.418 4419.583 4418.171 4416.05 4413.929 4411.808 4409.687 4407.787 4405.907 4404.027 4402.148 4400.913 4400.745 4400.577 4400.409 4400.241 4401.611 4403.273 4404.936 4406.598 4409.622
4407.857 4405.576 4403.295 4401.015 4399.34 4399.26 4399.181 4399.101 4399.021 4399.0 4399.0 4399.0 4399.0 4399.0 4399.0 4399.0 4399.0 4399.0 4399.045 4399.113 4399.182 4399.25 4399.463 4400.645 4401.827 4403.01 4404.192 4405.923 4408.03 4410.137 4412.243 4414.341 4416.297 4418.253 4420.209 4422.165 4423.411 4424.007 4424.603 4425.199 4425.795 4424.905 4423.993 4423.082 4422.17 4420.681 4418.485 4416.289 4414.092 4411.896 4409.828 4407.772 4405.716 4403.661 4402.312 4402.131 4401.951 4401.77 4401.589 4403.372 4405.527 4407.682 4409.836 4413.225
4406.25 4404.375 4402.499 4400.623 4399.248 4399.19 4399.132 4399.073 4399.015 4399.0 4399.0 4399.0 4399.0 4399.0 4399.0 4399.0 4399.0 4399.0 4399.1 4399.249 4399.397 4399.547 4399.866 4401.318 4402.77 4404.222 4405.674 4407.602 4409.854 4412.107 4414.359 4416.598 4418.608 4420.618 4422.627 4424.637 4425.96 4426.653 4427.347 4428.04 4428.733 4427.781 4426.804 4425.828 4424.851 4423.305 4421.06 4418.815 4416.57 4414.325 4412.095 4409.867 4407.638 4405.41 4403.949 4403.757 4403.566 4403.375 4403.184 4405.405 4408.083 4410.762 4413.44 4417.188
4404.644 4403.173 4401.703 4400.232 4399.156 4399.12 4399.083 4399.046 4399.01 4399.0 4399.0 4399.0 4399.0 4399.0 4399.0 4399.0 4399.0 4399.0 4399.153 4399.383 4399.614 4399.844 4400.269 4401.991 4403.713 4405.435 4407.157 4409.281 4411.679 4414.078 4416.476 4418.854 4420.918 4422.982 4425.046 4427.11 4428.509 4429.3 4430.09 4430.881 4431.671 4430.656 4429.615 4428.574 4427.532 4425.928 4423.635 4421.341 4419.048 4416.754 4414.362 4411.961 4409.56 4407.158 4405.586 4405.384 4405.182 4404.979 4404.777 4407.437 4410.64 4413.842 4417.044 4421.151
4403.037 4401.972 4400.906 4399.84 4399.064 4399.049 4399.034 4399.019 4399.004 4399.0 4399.0 4399.0 4399.0 4399.0 4399.0 4399.0 4399.0 4399.0 4399.208 4399.519 4399.83 4400.141 4400.671 4402.663 4404.655 4406.647 4408.64 4410.96 4413.504 4416.048 4418.592 4421.111 4423.229 4425.347 4427.465 4429.583 4431.059 4431.946 4432.834 4433.722 4434.609 4433.532 4432.426 4431.319 4430.213 4428.552 4426.21 4423.868 4421.526 4419.184 4416.63 4414.056 4411.481 4408.907 4407.223 4407.01 4406.797 4406.584 4406.372 4409.47 4413.196 4416.922 4420.648 4425.115
4401.742 4401.006 4400.27 4399.534 4399.0 4399.0 4399.0 4399.0 4399.0 4399.0 4399.0 4399.0 4399.0 4399.0 4399.0 4399.0 4399.0 4399.0 4399.268 4399.67 4400.072 4400.474 4401.119 4403.384 4405.65 4407.915 4410.181 4412.687 4415.356 4418.027 4420.697 4423.338 4425.506 4427.675 4429.843 4432.012 4433.558 4434.533 4435.508 4436.483 4437.458 4436.341 4435.193 4434.044 4432.896 4431.211 4428.866 4426.522 4424.177 4421.833 4419.158 4416.452 4413.747 4411.041 4409.297 4409.146 4408.995 4408.843 4408.692 4412.141 4416.272 4420.404 4424.535 4429.268
4401.159 4400.579 4400.0 4399.42 4399.0 4399.0 4399.0 4399.0 4399.0 4399.0 4399.0 4399.0 4399.0 4399.0 4399.0 4399.0 4399.0 4399.0 4399.344 4399.859 4400.375 4400.89 4401.67 4404.216 4406.762 4409.308 4411.854 4414.522 4417.273 4420.025 4422.776 4425.496 4427.708 4429.919 4432.131 4434.343 4435.943 4436.983 4438.022 4439.063 4440.102 4438.997 4437.859 4436.722 4435.585 4433.951 4431.709 4429.467 4427.225 4424.983 4422.283 4419.54 4416.796 4414.052 4412.371 4412.446 4412.522 4412.597 4412.673 4416.271 4420.538 4424.804 4429.071 4433.854
4400.576 4400.152 4399.729 4399.307 4399.0 4399.0 4399.0 4399.0 4399.0 4399.0 4399.0 4399.0 4399.0 4399.0 4399.0 4399.0 4399.0 4399.0 4399.419 4400.048 4400.677 4401.305 4402.221 4405.048 4407.875 4410.702 4413.528 4416.358 4419.19 4422.023 4424.855 4427.654 4429.909 4432.164 4434.418 4436.673 4438.328 4439.433 4440.538 4441.642 4442.747 4441.652 4440.526 4439.4 4438.273 4436.692 4434.552 4432.413 4430.273 4428.134 4425.408 4422.627 4419.846 4417.064 4415.444 4415.747 4416.049 4416.351 4416.653 4420.401 4424.803 4429.205 4433.606 4438.44
4399.992 4399.726 4399.459 4399.193 4399.0 4399.0 4399.0 4399.0 4399.0 4399.0 4399.0 4399.0 4399.0 4399.0 4399.0 4399.0 4399.0 4399.0 4399.495 4400.237 4400.979 4401.721 4402.772 4405.879 4408.987 4412.095 4415.203 4418.194 4421.108 4424.021 4426.934 4429.812 4432.11 4434.408 4436.706 4439.004 4440.713 4441.883 4443.052 4444.222 4445.391 4444.309 4443.193 4442.077 4440.962 4439.432 4437.396 4435.358 4433.322 4431.285 4428.534 4425.714 4422.895 4420.076 4418.518 4419.047 4419.576 4420.105 4420.634 4424.532 4429.068 4433.605 4438.142 4443.027
4399.409 4399.299 4399.189 4399.08 4399.0 4399.0 4399.0 4399.0 4399.0 4399.0 4399.0 4399.0 4399.0 4399.0 4399.0 4399.0 4399.0 4399.0 4399.57 4400.426 4401.281 4402.137 4403.323 4406.711 4410.1 4413.488 4416.876 4420.031 4423.025 4426.019 4429.013 4431.969 4434.311 4436.652 4438.994 4441.335 4443.099 4444.333 4445.567 4446.801 4448.035 4446.964 4445.86 4444.755 4443.65 4442.173 4440.238 4438.304 4436.37 4434.436 4431.659 4428.802 4425.945 4423.087 4421.592 4422.348 4423.104 4423.859 4424.615 4428.662 4433.334 4438.005 4442.677 4447.614
4399.281 4399.215 4399.15 4399.085 4399.042 4399.059 4399.075 4399.092 4399.108 4399.101 4399.084 4399.067 4399.051 4399.036 4399.028 4399.02 4399.011 4399.003 4399.588 4400.47 4401.352 4402.233 4403.459 4406.979 4410.499 4414.019 4417.539 4420.849 4424.015 4427.181 4430.348 4433.472 4435.915 4438.357 4440.8 4443.243 4445.145 4446.552 4447.958 4449.365 4450.772 4449.776 4448.744 4447.712 4446.681 4445.263 4443.374 4441.484 4439.594 4437.704 4434.98 4432.176 4429.373 4426.569 4425.078 4425.758 4426.438 4427.118 4427.797 4431.789 4436.409 4441.029 4445.649 4450.523
4399.29 4399.235 4399.181 4399.126 4399.097 4399.135 4399.173 4399.211 4399.25 4399.231 4399.193 4399.155 4399.117 4399.083 4399.063 4399.044 4399.025 4399.006 4399.588 4400.47 4401.352 4402.233 4403.47 4407.077 4410.683 4414.289 4417.896 4421.359 4424.726 4428.092 4431.458 4434.777 4437.339 4439.9 4442.461 4445.023 4447.089 4448.701 4450.313 4451.925 4453.537 4452.634 4451.694 4450.754 4449.814 4448.459 4446.597 4444.734 4442.871 4441.008 4438.361 4435.638 4432.916 4430.193 4428.689 4429.202 4429.714 4430.227 4430.739 4434.613 4439.125 4443.637 4448.149 4452.927
4399.298 4399.254 4399.211 4399.167 4399.152 4399.212 4399.271 4399.332 4399.391 4399.362 4399.303 4399.243 4399.183 4399.129 4399.1 4399.07 4399.04 4399.01 4399.588 4400.47 4401.352 4402.233 4403.481 4407.174 4410.867 4414.56 4418.252 4421.87 4425.436 4429.002 4432.568 4436.083 4438.763 4441.443 4444.123 4446.803 4449.033 4450.85 4452.667 4454.484 4456.302 4455.492 4454.644 4453.796 4452.948 4451.656 4449.82 4447.984 4446.148 4444.313 4441.741 4439.1 4436.458 4433.816 4432.3 4432.645 4432.99 4433.335 4433.68 4437.437 4441.841 4446.245 4450.649 4455.331
4399.307 4399.274 4399.241 4399.208 4399.207 4399.288 4399.37 4399.451 4399.532 4399.494 4399.412 4399.331 4399.25 4399.176 4399.136 4399.095 4399.054 4399.014 4399.588 4400.47 4401.352 4402.233 4403.493 4407.272 4411.051 4414.83 4418.609 4422.38 4426.146 4429.912 4433.678 4437.388 4440.187 4442.985 4445.785 4448.583 4450.977 4453.0 4455.022 4457.044 4459.066 4458.35 4457.594 4456.837 4456.081 4454.852 4453.043 4451.234 4449.426 4447.617 4445.122 4442.561 4440.0 4437.44 4435.911 4436.089 4436.267 4436.444 4436.622 4440.261 4444.557 4448.853 4453.149 4457.734
4399.356 4399.341 4399.327 4399.312 4399.334 4399.452 4399.57 4399.688 4399.806 4399.764 4399.665 4399.565 4399.466 4399.375 4399.314 4399.254 4399.194 4399.134 4399.712 4400.61 4401.508 4402.407 4403.687 4407.515 4411.343 4415.17 4418.999 4422.887 4426.818 4430.749 4434.679 4438.552 4441.498 4444.443 4447.388 4450.333 4452.902 4455.126 4457.35 4459.573 4461.797 4461.203 4460.567 4459.931 4459.295 4458.142 4456.354 4454.566 4452.778 4450.99 4448.582 4446.115 4443.648 4441.181 4439.65 4439.669 4439.688 4439.708 4439.726 4443.188 4447.302 4451.416 4455.53 4459.954
4399.538 4399.566 4399.595 4399.624 4399.701 4399.905 4400.11 4400.314 4400.519 4400.495 4400.39 4400.285 4400.181 4400.075 4399.966 4399.857 4399.749 4399.64 4400.249 4401.217 4402.186 4403.154 4404.485 4408.238 4411.99 4415.742 4419.495 4423.382 4427.361 4431.34 4435.319 4439.252 4442.435 4445.618 4448.801 4451.983 4454.765 4457.177 4459.59 4462.003 4464.416 4464.037 4463.617 4463.197 4462.777 4461.743 4459.955 4458.167 4456.379 4454.591 4452.306 4449.974 4447.642 4445.31 4443.815 4443.704 4443.594 4443.483 4443.373 4446.454 4450.142 4453.83 4457.517 4461.563
4399.72 4399.792 4399.864 4399.936 4400.068 4400.358 4400.649 4400.94 4401.231 4401.225 4401.115 4401.005 4400.896 4400.776 4400.618 4400.461 4400.303 4400.146 4400.786 4401.824 4402.863 4403.901 4405.284 4408.96 4412.637 4416.314 4419.991 4423.876 4427.904 4431.932 4435.959 4439.952 4443.372 4446.792 4450.213 4453.633 4456.627 4459.229 4461.83 4464.432 4467.034 4466.871 4466.667 4466.463 4466.259 4465.344 4463.556 4461.768 4459.98 4458.192 4456.03 4453.833 4451.636 4449.439 4447.979 4447.739 4447.499 4447.258 4447.018 4449.721 4452.982 4456.243 4459.504 4463.173
4399.902 4400.017 4400.132 4400.247 4400.435 4400.812 4401.189 4401.566 4401.943 4401.956 4401.841 4401.726 4401.61 4401.477 4401.27 4401.064 4400.858 4400.652 4401.322 4402.431 4403.54 4404.648 4406.083 4409.684 4413.285 4416.886 4420.487 4424.37 4428.447 4432.523 4436.599 4440.651 4444.31 4447.967 4451.625 4455.284 4458.489 4461.28 4464.071 4466.861 4469.652 4469.705 4469.717 4469.729 4469.741 4468.945 4467.157 4465.369 4463.581 4461.792 4459.754 4457.692 4455.63 4453.568 4452.144 4451.774 4451.404 4451.034 4450.665 4452.988 4455.822 4458.656 4461.491 4464.783
4400.084 4400.242 4400.4 4400.559 4400.801 4401.265 4401.728 4402.192 4402.655 4402.687 4402.566 4402.446 4402.325 4402.177 4401.922 4401.667 4401.413 4401.158 4401.859 4403.038 4404.217 4405.396 4406.881 4410.406 4413.932 4417.458 4420.983 4424.865 4428.99 4433.114 4437.239 4441.351 4445.247 4449.143 4453.038 4456.934 4460.352 4463.331 4466.311 4469.291 4472.271 4472.539 4472.767 4472.995 4473.223 4472.545 4470.758 4468.97 4467.182 4465.394 4463.479 4461.551 4459.624 4457.697 4456.308 4455.809 4455.309 4454.81 4454.31 4456.254 4458.662 4461.07 4463.478 4466.392
4400.354 4400.6 4400.847 4401.093 4401.433 4402.017 4402.6 4403.184 4403.768 4403.869 4403.799 4403.729 4403.659 4403.564 4403.37 4403.175 4402.981 4402.787 4403.58 4404.866 4406.153 4407.439 4409.002 4412.407 4415.812 4419.217 4422.622 4426.387 4430.399 4434.412 4438.423 4442.431 4446.365 4450.299 4454.233 4458.167 4461.702 4464.871 4468.04 4471.208 4474.377 4474.935 4475.455 4475.974 4476.493 4476.013 4474.308 4472.602 4470.897 4469.191 4467.338 4465.471 4463.604 4461.736 4460.371 4459.836 4459.301 4458.766 4458.23 4459.833 4461.84 4463.848 4465.855 4468.414
4400.662 4401.016 4401.371 4401.725 4402.18 4402.899 4403.618 4404.336 4405.055 4405.247 4405.253 4405.259 4405.264 4405.251 4405.165 4405.079 4404.992 4404.906 4405.818 4407.229 4408.64 4410.05 4411.703 4414.967 4418.232 4421.496 4424.761 4428.36 4432.189 4436.017 4439.846 4443.677 4447.563 4451.448 4455.334 4459.22 4462.83 4466.188 4469.545 4472.903 4476.26 4477.14 4477.983 4478.827 4479.67 4479.422 4477.835 4476.249 4474.662 4473.076 4471.257 4469.417 4467.577 4465.736 4464.39 4463.86 4463.331 4462.801 4462.271 4463.547 4465.166 4466.785 4468.403 4470.616
4400.97 4401.432 4401.895 4402.357 4402.928 4403.781 4404.635 4405.489 4406.343 4406.625 4406.707 4406.788 4406.87 4406.939 4406.96 4406.982 4407.004 4407.025 4408.056 4409.591 4411.126 4412.661 4414.403 4417.527 4420.651 4423.775 4426.9 4430.333 4433.978 4437.623 4441.268 4444.924 4448.761 4452.598 4456.435 4460.271 4463.957 4467.503 4471.05 4474.597 4478.144 4479.345 4480.513 4481.68 4482.847 4482.831 4481.363 4479.895 4478.427 4476.959 4475.176 4473.363 4471.55 4469.736 4468.409 4467.885 4467.36 4466.836 4466.312 4467.262 4468.492 4469.722 4470.952 4472.819
4401.278 4401.848 4402.419 4402.989 4403.675 4404.664 4405.653 4406.642 4407.63 4408.004 4408.161 4408.318 4408.475 4408.626 4408.756 4408.886 4409.015 4409.145 4410.294 4411.954 4413.613 4415.272 4417.104 4420.087 4423.071 4426.055 4429.039 4432.306 4435.768 4439.229 4442.69 4446.17 4449.958 4453.747 4457.535 4461.323 4465.084 4468.82 4472.556 4476.291 4480.027 4481.551 4483.042 4484.533 4486.024 4486.24 4484.891 4483.542 4482.193 4480.844 4479.096 4477.309 4475.523 4473.737 4472.428 4471.909 4471.39 4470.871 4470.352 4470.977 4471.818 4472.659 4473.5 4475.021
4401.754 4402.408 4403.063 4403.717 4404.494 4405.593 4406.691 4407.79 4408.889 4409.354 4409.594 4409.834 4410.074 4410.319 4410.584 4410.85 4411.115 4411.38 4412.649 4414.421 4416.192 4417.963 4419.877 4422.737 4425.598 4428.458 4431.319 4434.44 4437.741 4441.041 4444.341 4447.666 4451.389 4455.112 4458.835 4462.559 4466.363 4470.242 4474.121 4478.0 4481.879 4483.681 4485.453 4487.224 4488.996 4489.426 4488.213 4487.0 4485.787 4484.574 4482.887 4481.156 4479.424 4477.692 4476.411 4475.873 4475.335 4474.797 4474.26 4474.556 4475.01 4475.464 4475.918 4477.095
4403.115 4403.726 4404.337 4404.949 4405.688 4406.765 4407.843 4408.92 4409.997 4410.547 4410.912 4411.276 4411.641 4412.042 4412.588 4413.134 4413.68 4414.226 4415.621 4417.441 4419.261 4421.081 4423.032 4425.86 4428.688 4431.517 4434.345 4437.428 4440.685 4443.941 4447.198 4450.473 4454.045 4457.618 4461.19 4464.762 4468.444 4472.226 4476.007 4479.789 4483.571 4485.419 4487.239 4489.059 4490.879 4491.438 4490.452 4489.466 4488.48 4487.494 4486.009 4484.477 4482.945 4481.413 4480.201 4479.518 4478.834 4478.151 4477.467 4477.422 4477.499 4477.575 4477.651 4478.494
4404.476 4405.044 4405.612 4406.18 4406.882 4407.938 4408.994 4410.049 4411.105 4411.741 4412.23 4412.718 4413.207 4413.764 4414.591 4415.418 4416.245 4417.071 4418.593 4420.461 4422.33 4424.198 4426.188 4428.983 4431.779 4434.575 4437.371 4440.415 4443.628 4446.842 4450.056 4453.281 4456.702 4460.124 4463.544 4466.965 4470.524 4474.208 4477.893 4481.578 4485.262 4487.157 4489.026 4490.895 4492.763 4493.451 4492.691 4491.932 4491.172 4490.413 4489.131 4487.798 4486.466 4485.134 4483.992 4483.163 4482.333 4481.504 4480.675 4480.289 4479.987 4479.685 4479.383 4479.893
