data/zism_data/00065_01_D.txt
ncols         224
nrows         224
[rows 116 to 144 of 224, columns 66 to 131 of 224]
427.5202 420.7551 416.6648 412.5745 408.4841 404.3938 402.9916 402.6109 402.2302 401.8495 401.4989 401.2913 401.0837 400.8761 400.6685 400.5094 400.3797 400.25 400.1203 400.0 400.0 400.0 400.0 400.0 400.0 400.0 400.0 400.0 400.0 399.8111 399.6165 399.422 399.2274 399.1147 399.1147 399.1147 399.1147 399.1147 399.2838 399.4784 399.6729 399.8675 400.0 400.0 400.0 400.0 400.0 400.0 400.0 400.0 400.0 400.0 400.0 400.0 400.0 400.0 400.0 400.0 400.0 400.0 400.0 400.0 400.0 400.0 400.0 399.8239
420.0823 413.1643 410.074 406.9837 403.8934 400.8032 400.1056 400.3171 400.5287 400.7403 400.9032 400.8346 400.766 400.6974 400.6288 400.5161 400.3766 400.2371 400.0976 399.9687 399.9756 399.9827 399.9897 399.9966 400.0 400.0 400.0 400.0 400.0 399.7866 399.5669 399.3471 399.1274 399.0 399.0 399.0 399.0 399.0 399.1911 399.4108 399.6306 399.8503 400.0 400.0 400.0 400.0 400.0 400.0 400.0 400.0 400.0 400.0 400.0 400.0 400.0 400.0 400.0 400.0 400.0 400.0 400.0 400.0 400.0 400.0 400.0 399.797
418.9361 411.7746 408.958 406.1414 403.3247 400.5081 399.8586 400.0326 400.2066 400.3806 400.5162 400.4691 400.422 400.3749 400.3278 400.2431 400.1358 400.0285 399.9212 399.8245 399.8637 399.9029 399.9421 399.9813 400.0 400.0 400.0 400.0 400.0 399.7866 399.5669 399.3471 399.1274 399.0 399.0 399.0 399.0 399.0 399.1911 399.4108 399.6306 399.8503 400.0 400.0 400.0 400.0 400.0 400.0 400.0 400.0 400.0 400.0 400.0 400.0 400.0 400.0 400.0 400.0 400.0 400.0 400.0 400.0 400.0 400.0 400.0 399.8152
417.79 410.385 407.842 405.299 402.756 400.213 399.6116 399.7481 399.8846 400.021 400.1293 400.1036 400.078 400.0523 400.0267 399.9702 399.8951 399.8199 399.7448 399.6803 399.7517 399.8231 399.8945 399.9659 400.0 400.0 400.0 400.0 400.0 399.7866 399.5669 399.3471 399.1274 399.0 399.0 399.0 399.0 399.0 399.1911 399.4108 399.6306 399.8503 400.0 400.0 400.0 400.0 400.0 400.0 400.0 400.0 400.0 400.0 400.0 400.0 400.0 400.0 400.0 400.0 400.0 400.0 400.0 400.0 400.0 400.0 400.0 399.8333
416.6438 408.9953 406.726 404.4566 402.1873 399.9179 399.3647 399.4636 399.5625 399.6614 399.7424 399.7382 399.734 399.7298 399.7256 399.6973 399.6543 399.6114 399.5685 399.5362 399.6397 399.7433 399.8469 399.9505 400.0 400.0 400.0 400.0 400.0 399.7866 399.5669 399.3471 399.1274 399.0 399.0 399.0 399.0 399.0 399.1911 399.4108 399.6306 399.8503 400.0 400.0 400.0 400.0 400.0 400.0 400.0 400.0 400.0 400.0 400.0 400.0 400.0 400.0 400.0 400.0 400.0 400.0 400.0 400.0 400.0 400.0 400.0 399.8515
415.4976 407.6057 405.61 403.6143 401.6185 399.6228 399.1177 399.1791 399.2404 399.3018 399.3554 399.3727 399.39 399.4073 399.4245 399.4243 399.4136 399.4029 399.3921 399.392 399.5278 399.6635 399.7993 399.9351 400.0 400.0 400.0 400.0 400.0 399.7866 399.5669 399.3471 399.1274 399.0 399.0 399.0 399.0 399.0 399.1911 399.4108 399.6306 399.8503 400.0 400.0 400.0 400.0 400.0 400.0 400.0 400.0 400.0 400.0 400.0 400.0 400.0 400.0 400.0 400.0 400.0 400.0 400.0 400.0 400.0 400.0 400.0 399.8698
418.1856 410.2858 408.0915 405.8972 403.703 401.5087 400.647 400.2916 399.9363 399.5809 399.2922 399.3202 399.3482 399.3762 399.4042 399.6577 400.0476 400.4375 400.8274 401.2173 401.607 401.9967 402.3865 402.7762 402.7816 402.4346 402.0876 401.7407 401.3937 400.8959 400.3936 399.8912 399.3889 399.0887 399.0672 399.0457 399.0243 399.0028 399.1724 399.3707 399.569 399.7673 399.9092 399.9306 399.9521 399.9736 399.995 400.0 400.0 400.0 400.0 399.9977 399.9869 399.9762 399.9655 399.9547 399.9297 399.8975 399.8653 399.8331 399.8063 399.8206 399.8349 399.8492 399.8636 399.7759
422.7906 415.0005 412.3716 409.7428 407.1139 404.4851 403.0644 402.1027 401.1411 400.1794 399.3908 399.4241 399.4575 399.4908 399.5242 400.1442 401.119 402.0937 403.0684 404.0271 404.7817 405.5363 406.2909 407.0454 406.9538 406.0864 405.219 404.3516 403.4842 402.5597 401.6335 400.7073 399.7811 399.2216 399.168 399.1143 399.0607 399.007 399.1444 399.3105 399.4766 399.6427 399.7729 399.8266 399.8802 399.9339 399.9875 400.0 400.0 400.0 400.0 399.9942 399.9673 399.9405 399.9137 399.8869 399.8243 399.7438 399.6633 399.5828 399.5158 399.5516 399.5874 399.6231 399.6589 399.6261
427.3958 419.7154 416.6519 413.5885 410.525 407.4615 405.4818 403.9138 402.3459 400.7779 399.4894 399.5281 399.5668 399.6055 399.6443 400.6308 402.1903 403.7499 405.3094 406.8371 407.9565 409.076 410.1954 411.3148 411.1261 409.7383 408.3504 406.9626 405.5748 404.2236 402.8735 401.5234 400.1733 399.3546 399.2687 399.1829 399.097 399.0112 399.1164 399.2503 399.3842 399.5181 399.6367 399.7225 399.8084 399.8943 399.9801 400.0 400.0 400.0 400.0 399.9907 399.9478 399.9048 399.8619 399.819 399.7188 399.5901 399.4613 399.3325 399.2253 399.2825 399.3398 399.397 399.4542 399.4762
432.0008 424.4301 420.932 417.434 413.9359 410.4379 407.8991 405.7249 403.5507 401.3764 399.588 399.632 399.6761 399.7202 399.7643 401.1173 403.2617 405.406 407.5504 409.647 411.1313 412.6155 414.0998 415.5841 415.2983 413.39 411.4818 409.5735 407.6653 405.8874 404.1135 402.3395 400.5656 399.4875 399.3695 399.2515 399.1335 399.0154 399.0884 399.1902 399.2918 399.3936 399.5005 399.6185 399.7365 399.8546 399.9726 400.0 400.0 400.0 400.0 399.9872 399.9282 399.8691 399.8101 399.7511 399.6134 399.4363 399.2593 399.0822 398.9348 399.0135 399.0922 399.1709 399.2496 399.3264
437.3505 429.9623 425.9457 421.9291 417.9125 413.8959 410.7069 407.8325 404.9581 402.0836 399.7232 399.8044 399.8855 399.9667 400.0479 401.8541 404.7034 407.5526 410.4018 413.1802 415.0511 416.922 418.7929 420.6638 420.2638 417.7822 415.3007 412.8191 410.3376 408.0385 405.7449 403.4513 401.1577 399.7516 399.5696 399.3876 399.2057 399.0237 399.0637 399.1369 399.2102 399.2834 399.38 399.5265 399.673 399.8195 399.966 400.0 400.0 400.0 400.0 399.9841 399.9108 399.8376 399.7643 399.6911 399.514 399.2849 399.0558 398.8267 398.6313 398.6929 398.7545 398.8161 398.8777 398.9894
448.3791 441.7294 436.5538 431.3783 426.2028 421.0272 416.4927 412.2018 407.9109 403.62 400.1379 400.4981 400.8582 401.2184 401.5786 404.4998 408.9694 413.4389 417.9086 422.2299 424.6534 427.077 429.5005 431.924 431.2789 427.8208 424.3628 420.9048 417.4467 413.9054 410.3617 406.8179 403.2741 401.0147 400.527 400.0392 399.5514 399.0636 399.0637 399.1369 399.2102 399.2834 399.38 399.5265 399.673 399.8195 399.966 400.0 400.0 400.0 400.0 399.9841 399.9108 399.8376 399.7643 399.6911 399.4603 399.1508 398.8412 398.5316 398.229 397.9794 397.7298 397.4802 397.2306 397.2252
459.4073 453.496 447.1616 440.8271 434.4927 428.1583 422.2783 416.5709 410.8636 405.1563 400.5526 401.1918 401.8309 402.4701 403.1093 407.1453 413.2352 419.3251 425.415 431.2794 434.2555 437.2316 440.2077 443.1839 442.2935 437.859 433.4246 428.9901 424.5556 419.7722 414.9783 410.1844 405.3905 402.2779 401.4843 400.6907 399.8971 399.1035 399.0637 399.1369 399.2102 399.2834 399.38 399.5265 399.673 399.8195 399.966 400.0 400.0 400.0 400.0 399.9841 399.9108 399.8376 399.7643 399.6911 399.4066 399.0166 398.6266 398.2365 397.8267 397.2659 396.7051 396.1443 395.5835 395.461
470.436 465.263 457.7697 450.2763 442.783 435.2896 428.064 420.9402 413.8164 406.6926 400.9673 401.8855 402.8036 403.7218 404.64 409.7909 417.5013 425.2114 432.9218 440.3291 443.8578 447.3866 450.9153 454.4441 453.3086 447.8976 442.4867 437.0758 431.6648 425.6391 419.5951 413.551 407.507 403.5411 402.4417 401.3423 400.2428 399.1434 399.0637 399.1369 399.2102 399.2834 399.38 399.5265 399.673 399.8195 399.966 400.0 400.0 400.0 400.0 399.9841 399.9108 399.8376 399.7643 399.6911 399.353 398.8825 398.412 397.9414 397.4244 396.5524 395.6804 394.8084 393.9364 393.6968
481.4642 477.0296 468.3774 459.7252 451.0729 442.4207 433.8495 425.3093 416.7692 408.2289 401.382 402.5792 403.7763 404.9735 406.1706 412.4365 421.7671 431.0976 440.4282 449.3785 453.4599 457.5412 461.6226 465.704 464.3233 457.9359 451.5485 445.1612 438.7737 431.5059 424.2117 416.9175 409.6234 404.8043 403.399 401.9938 400.5886 399.1833 399.0637 399.1369 399.2102 399.2834 399.38 399.5265 399.673 399.8195 399.966 400.0 400.0 400.0 400.0 399.9841 399.9108 399.8376 399.7643 399.6911 399.2993 398.7484 398.1974 397.6464 397.0221 395.8389 394.6557 393.4725 392.2893 391.9326
480.1641 476.1631 467.5832 459.0033 450.4233 441.8434 433.2349 424.6156 415.9964 407.377 400.5766 402.4167 404.2567 406.0968 407.9368 415.0352 425.313 435.5905 445.8683 455.7165 460.0654 464.4143 468.7633 473.1122 471.8342 465.3983 458.9623 452.5265 446.0905 438.0078 429.876 421.7441 413.6122 408.0133 405.908 403.8026 401.6973 399.592 399.3152 399.3126 399.31 399.3075 399.3544 399.5069 399.6595 399.812 399.9646 400.0 400.0 400.0 400.0 399.9854 399.9182 399.851 399.7838 399.7167 399.2814 398.662 398.0427 397.4233 396.68 394.9915 393.3031 391.6146 389.9261 389.0988
469.3808 465.5789 458.0183 450.4578 442.8973 435.3368 427.6971 420.0274 412.3578 404.6881 398.8328 401.5956 404.3584 407.1213 409.8841 417.5977 428.3047 439.0115 449.7185 459.9683 464.3655 468.7628 473.16 477.5572 476.6494 470.8788 465.1081 459.3375 453.5669 444.9981 436.3458 427.6935 419.0412 412.7189 409.6102 406.5016 403.393 400.2844 399.7601 399.6234 399.4867 399.35 399.309 399.4723 399.6356 399.7988 399.9621 400.0 400.0 400.0 400.0 399.9877 399.9313 399.8748 399.8184 399.7619 399.2909 398.6125 397.9341 397.2558 396.3844 394.0414 391.6983 389.3553 387.0123 385.4424
458.5972 454.9943 448.4532 441.9121 435.371 428.8299 422.1591 415.4391 408.7192 401.9992 397.0888 400.7745 404.4601 408.1458 411.8315 420.1603 431.2966 442.4326 453.5688 464.2203 468.6658 473.1114 477.5569 482.0024 481.4648 476.3594 471.2541 466.1488 461.0434 451.9886 442.8159 433.6431 424.4704 417.4246 413.3127 409.2007 405.0888 400.9768 400.205 399.9342 399.6633 399.3925 399.2635 399.4376 399.6116 399.7856 399.9597 400.0 400.0 400.0 400.0 399.9901 399.9443 399.8986 399.8529 399.8072 399.3004 398.563 397.8256 397.0882 396.0887 393.0911 390.0935 387.0959 384.0983 381.7859
447.8139 444.4101 438.8884 433.3667 427.8449 422.3232 416.6213 410.851 405.0807 399.3103 395.3449 399.9534 404.5619 409.1703 413.7788 422.7228 434.2883 445.8536 457.4191 468.4721 472.966 477.4598 481.9536 486.4474 486.28 481.8399 477.3998 472.9598 468.5197 458.9789 449.2857 439.5925 429.8993 422.1302 417.015 411.8997 406.7845 401.6692 400.6499 400.2449 399.84 399.4351 399.2181 399.4029 399.5876 399.7724 399.9572 400.0 400.0 400.0 400.0 399.9924 399.9574 399.9224 399.8874 399.8524 399.3098 398.5134 397.717 396.9206 395.7931 392.1409 388.4887 384.8365 381.1844 378.1295
436.9681 433.7633 429.26 424.7567 420.2534 415.7501 411.0194 406.2023 401.3853 396.5682 393.549 399.0701 404.5911 410.1121 415.6331 425.1797 437.1602 449.1406 461.1212 472.5635 477.1158 481.6679 486.2202 490.7724 490.9836 487.2156 483.4476 479.6797 475.9117 465.8977 455.6972 445.4968 435.2963 426.8142 420.7023 414.5904 408.4787 402.3668 401.0972 400.554 400.0108 399.4677 399.1596 399.3539 399.5483 399.7426 399.9369 399.9843 399.9872 399.9901 399.9931 399.9903 399.967 399.9437 399.9203 399.897 399.3198 398.4656 397.6115 396.7573 395.5034 391.2022 386.9009 382.5997 378.2985 374.5025
421.8674 418.8619 415.3083 411.7547 408.2011 404.6475 401.0492 397.434 393.8189 390.2037 388.2147 393.9503 399.6859 405.4216 411.1572 420.4436 431.8769 443.31 454.7433 465.732 471.0301 476.3281 481.6261 486.9241 488.0855 485.455 482.8245 480.194 477.5634 467.9576 458.1434 448.3293 438.5151 430.0292 423.3754 416.7216 410.0679 403.4141 401.7099 400.7483 399.7866 398.8249 398.2096 398.3341 398.4587 398.5833 398.7078 398.8956 399.1024 399.3093 399.5161 399.6892 399.741 399.7928 399.8446 399.8964 399.3621 398.5348 397.7074 396.88 395.6182 391.0433 386.4684 381.8935 377.3187 372.8761
406.7672 403.9611 401.3571 398.7531 396.1492 393.5452 391.0794 388.666 386.2527 383.8394 382.8805 388.8308 394.781 400.7313 406.6815 415.7077 426.5937 437.4796 448.3656 458.9008 464.9446 470.9884 477.0322 483.076 485.1875 483.6944 482.2013 480.7083 479.2151 470.0173 460.5895 451.1617 441.7338 433.2441 426.0484 418.8527 411.6571 404.4614 402.3226 400.9425 399.5623 398.1822 397.2595 397.3143 397.3691 397.424 397.4788 397.807 398.2177 398.6284 399.0392 399.3882 399.5151 399.642 399.7689 399.8958 399.4044 398.6039 397.8033 397.0028 395.733 390.8844 386.0359 381.1874 376.3389 371.2497
391.6666 389.0597 387.4054 385.7511 384.0969 382.4426 381.1092 379.8978 378.6863 377.4748 377.5462 383.711 389.8759 396.0408 402.2056 410.9716 421.3104 431.6489 441.9877 452.0692 458.8589 465.6485 472.4381 479.2278 482.2894 481.9338 481.5782 481.2225 480.8669 472.0772 463.0357 453.9942 444.9526 436.4591 428.7215 420.9839 413.2463 405.5087 402.9354 401.1367 399.338 397.5394 396.3094 396.2945 396.2796 396.2646 396.2497 396.7183 397.3329 397.9475 398.5622 399.0871 399.2891 399.4911 399.6931 399.8951 399.4467 398.673 397.8993 397.1256 395.8477 390.7256 385.6034 380.4812 375.3591 369.6233
376.5664 374.1588 373.4542 372.7496 372.045 371.3404 371.1394 371.1298 371.1201 371.1105 372.212 378.5915 384.9709 391.3504 397.7299 406.2357 416.0272 425.8185 435.61 445.238 452.7734 460.3088 467.8443 475.3797 479.3914 480.1732 480.955 481.7368 482.5186 474.137 465.4818 456.8266 448.1714 439.674 431.3945 423.1149 414.8355 406.556 403.5481 401.3309 399.1138 396.8966 395.3594 395.2747 395.19 395.1053 395.0206 395.6297 396.4482 397.2667 398.0852 398.786 399.0631 399.3403 399.6174 399.8945 399.489 398.7421 397.9953 397.2484 395.9625 390.5667 385.1709 379.7751 374.3794 367.9969
364.5621 361.916 361.6585 361.4009 361.1434 360.8859 361.3363 362.0557 362.7752 363.4946 365.2098 371.6546 378.0994 384.5442 390.989 399.2915 408.7173 418.143 427.5689 436.8893 444.8594 452.8297 460.7998 468.7701 473.5378 475.3699 477.2021 479.0342 480.8664 473.0812 465.0089 456.9366 448.8643 440.6706 432.3094 423.9483 415.5873 407.2262 403.729 400.9615 398.194 395.4265 393.4374 393.1112 392.7851 392.459 392.1328 392.9381 394.0849 395.2317 396.3785 397.3997 397.9684 398.5371 399.1058 399.6745 399.4455 398.8175 398.1895 397.5616 396.3799 390.9767 385.5735 380.1703 374.7672 367.927
356.1383 352.7477 352.356 351.9643 351.5726 351.181 351.7266 352.6285 353.5304 354.4322 356.2794 362.6169 368.9544 375.2919 381.6294 389.7945 399.0648 408.3349 417.6051 426.7866 434.8319 442.8773 450.9226 458.9679 464.267 467.0488 469.8306 472.6123 475.3941 468.4231 461.161 453.8988 446.6367 439.1021 431.1916 423.2812 415.3708 407.4604 403.4109 399.9405 396.4702 392.9998 390.3917 389.6256 388.8595 388.0934 387.3273 388.3932 390.0121 391.6311 393.2501 394.7585 395.8691 396.9797 398.0903 399.2009 399.3027 398.9001 398.4974 398.0948 397.1472 392.0445 386.9417 381.839 376.7363 369.6567
347.7142 343.5791 343.0532 342.5274 342.0016 341.4757 342.1167 343.201 344.2852 345.3695 347.3487 353.5789 359.8091 366.0393 372.2695 380.2972 389.4119 398.5264 407.6411 416.6837 424.8041 432.9245 441.045 449.1654 454.9959 458.7274 462.4588 466.1902 469.9216 463.7649 457.3129 450.861 444.409 437.5335 430.0737 422.614 415.1543 407.6946 403.0927 398.9195 394.7462 390.573 387.3459 386.1398 384.9337 383.7277 382.5216 383.8481 385.9393 388.0304 390.1215 392.1173 393.7698 395.4223 397.0748 398.7273 399.1599 398.9826 398.8054 398.6281 397.9146 393.1123 388.31 383.5077 378.7055 371.3866
339.2903 334.4107 333.7508 333.0908 332.4308 331.7708 332.507 333.7737 335.0404 336.3071 338.4184 344.5412 350.6641 356.787 362.9099 370.8002 379.7593 388.7182 397.6773 406.581 414.7766 422.9721 431.1677 439.3633 445.7252 450.4063 455.0873 459.7683 464.4494 459.1068 453.465 447.8232 442.1814 435.965 428.9559 421.9468 414.9378 407.9288 402.7745 397.8984 393.0224 388.1463 384.3002 382.6541 381.0081 379.3621 377.7161 379.3033 381.8665 384.4298 386.9931 389.4762 391.6706 393.8649 396.0593 398.2536 399.0172 399.0652 399.1133 399.1613 398.6819 394.18 389.6782 385.1764 380.6746 373.1164
330.8665 325.2424 324.4483 323.6542 322.86 322.0659 322.8974 324.3465 325.7956 327.2447 329.488 335.5036 341.5191 347.5347 353.5503 361.3033 370.1068 378.9101 387.7135 396.4784 404.7491 413.0198 421.2904 429.5611 436.4544 442.0851 447.7158 453.3464 458.9771 454.4488 449.6171 444.7855 439.9538 434.3965 427.838 421.2796 414.7213 408.1629 402.4563 396.8774 391.2985 385.7197 381.2545 379.1685 377.0825 374.9965 372.9106 374.7584 377.7938 380.8292 383.8647 386.8351 389.5713 392.3076 395.0438 397.78 398.8744 399.1478 399.4212 399.6946 399.4492 395.2478 391.0464 386.845 382.6437 374.8462
