data/zism_data/00067_04_D.txt
ncols         224
nrows         224
[rows 140 to 167 of 224, columns 126 to 188 of 224]
1419.614 1429.056 1438.499 1447.941 1457.389 1467.022 1476.656 1486.289 1495.923 1505.838 1516.059 1526.28 1536.502 1546.723 1553.69 1560.402 1567.114 1573.827 1577.805 1577.263 1576.721 1576.178 1575.636 1570.502 1564.401 1558.3 1552.198 1546.685 1542.716 1538.747 1534.779 1530.81 1529.425 1529.022 1528.619 1528.216 1528.304 1530.72 1533.136 1535.552 1537.968 1537.836 1536.164 1534.491 1532.819 1530.885 1525.602 1520.32 1515.038 1509.755 1502.514 1493.475 1484.437 1475.399 1466.36 1459.276 1452.25 1445.224 1438.198 1432.911 1430.02 1427.13 1424.239
1417.955 1427.902 1437.848 1447.793 1457.739 1467.661 1477.584 1487.506 1497.428 1507.745 1518.491 1529.238 1539.984 1550.73 1557.808 1564.6 1571.391 1578.182 1582.276 1581.909 1581.542 1581.174 1580.807 1575.87 1569.97 1564.071 1558.171 1552.723 1548.461 1544.2 1539.939 1535.678 1533.541 1532.211 1530.882 1529.552 1528.693 1530.065 1531.437 1532.809 1534.181 1533.502 1531.584 1529.665 1527.747 1525.605 1520.608 1515.61 1510.612 1505.614 1498.644 1489.865 1481.087 1472.308 1463.53 1456.138 1448.788 1441.438 1434.088 1428.523 1425.421 1422.319 1419.217
1414.569 1425.207 1435.845 1446.482 1457.109 1467.366 1477.624 1487.881 1498.139 1508.889 1520.176 1531.462 1542.749 1554.036 1561.158 1567.955 1574.751 1581.548 1585.739 1585.62 1585.501 1585.383 1585.264 1580.647 1575.082 1569.518 1563.953 1558.654 1554.052 1549.451 1544.849 1540.247 1537.41 1535.243 1533.075 1530.908 1529.171 1529.479 1529.786 1530.094 1530.401 1529.264 1527.254 1525.244 1523.233 1521.054 1516.71 1512.366 1508.022 1503.678 1497.179 1488.703 1480.227 1471.751 1463.275 1455.509 1447.765 1440.02 1432.275 1426.316 1422.82 1419.323 1415.827
1411.183 1422.513 1433.842 1445.171 1456.479 1467.072 1477.665 1488.257 1498.849 1510.032 1521.86 1533.687 1545.514 1557.341 1564.507 1571.309 1578.111 1584.914 1589.201 1589.331 1589.461 1589.591 1589.721 1585.424 1580.194 1574.965 1569.736 1564.585 1559.643 1554.701 1549.759 1544.817 1541.279 1538.274 1535.269 1532.264 1529.65 1528.893 1528.136 1527.379 1526.622 1525.026 1522.924 1520.822 1518.72 1516.503 1512.813 1509.123 1505.432 1501.742 1495.713 1487.54 1479.367 1471.194 1463.021 1454.88 1446.741 1438.602 1430.463 1424.109 1420.218 1416.327 1412.436
1407.797 1419.818 1431.839 1443.86 1455.85 1466.777 1477.705 1488.632 1499.56 1511.176 1523.544 1535.911 1548.279 1560.647 1567.857 1574.664 1581.472 1588.279 1592.664 1593.043 1593.421 1593.8 1594.178 1590.201 1585.307 1580.412 1575.518 1570.517 1565.234 1559.952 1554.669 1549.386 1545.147 1541.305 1537.463 1533.62 1530.129 1528.307 1526.485 1524.664 1522.842 1520.788 1518.594 1516.4 1514.206 1511.951 1508.915 1505.879 1502.843 1499.807 1494.248 1486.378 1478.507 1470.636 1462.766 1454.252 1445.718 1437.185 1428.651 1421.903 1417.617 1413.332 1409.046
1403.701 1416.404 1429.107 1441.81 1454.472 1465.754 1477.036 1488.318 1499.601 1511.63 1524.475 1537.319 1550.164 1563.009 1570.333 1577.226 1584.12 1591.013 1595.534 1596.13 1596.727 1597.324 1597.921 1594.208 1589.588 1584.968 1580.348 1575.441 1569.781 1564.122 1558.462 1552.802 1547.832 1543.123 1538.414 1533.706 1529.338 1526.587 1523.837 1521.086 1518.336 1516.019 1513.963 1511.908 1509.853 1507.774 1505.39 1503.006 1500.622 1498.238 1493.188 1485.696 1478.203 1470.71 1463.217 1454.444 1445.632 1436.82 1428.008 1420.937 1416.267 1411.597 1406.926
1396.026 1409.361 1422.696 1436.031 1449.321 1461.057 1472.793 1484.529 1496.266 1508.607 1521.608 1534.609 1547.61 1560.612 1568.404 1575.789 1583.174 1590.559 1595.411 1596.072 1596.734 1597.395 1598.057 1594.329 1589.676 1585.024 1580.371 1575.286 1569.065 1562.843 1556.621 1550.4 1544.542 1538.823 1533.103 1527.384 1522.139 1519.145 1516.152 1513.158 1510.164 1508.567 1507.814 1507.062 1506.309 1505.484 1503.743 1502.002 1500.261 1498.521 1494.173 1487.437 1480.701 1473.965 1467.229 1458.776 1450.272 1441.768 1433.264 1426.231 1421.226 1416.221 1411.215
1388.35 1402.318 1416.286 1430.253 1444.169 1456.359 1468.55 1480.74 1492.93 1505.583 1518.741 1531.899 1545.057 1558.215 1566.474 1574.351 1582.228 1590.105 1595.287 1596.014 1596.74 1597.467 1598.193 1594.449 1589.764 1585.08 1580.395 1575.132 1568.348 1561.564 1554.781 1547.997 1541.252 1534.522 1527.792 1521.063 1514.94 1511.703 1508.467 1505.23 1501.993 1501.116 1501.665 1502.215 1502.765 1503.195 1502.097 1500.999 1499.901 1498.803 1495.158 1489.179 1483.199 1477.219 1471.24 1463.108 1454.912 1446.717 1438.521 1431.525 1426.185 1420.844 1415.504
1380.675 1395.275 1409.875 1424.475 1439.018 1451.662 1464.306 1476.95 1489.595 1502.559 1515.874 1529.189 1542.503 1555.818 1564.545 1572.914 1581.282 1589.651 1595.164 1595.956 1596.747 1597.538 1598.33 1594.57 1589.853 1585.135 1580.418 1574.977 1567.631 1560.286 1552.94 1545.594 1537.962 1530.222 1522.482 1514.741 1507.742 1504.262 1500.782 1497.302 1493.822 1493.664 1495.516 1497.368 1499.22 1500.905 1500.45 1499.995 1499.541 1499.086 1496.143 1490.92 1485.697 1480.474 1475.251 1467.441 1459.553 1451.665 1443.777 1436.819 1431.144 1425.469 1419.793
1373.0 1388.232 1403.464 1418.696 1433.867 1446.965 1460.063 1473.161 1486.259 1499.536 1513.007 1526.478 1539.95 1553.421 1562.616 1571.476 1580.336 1589.197 1595.041 1595.897 1596.754 1597.61 1598.466 1594.691 1589.941 1585.192 1580.442 1574.822 1566.914 1559.007 1551.099 1543.191 1534.672 1525.921 1517.171 1508.42 1500.543 1496.82 1493.097 1489.374 1485.65 1486.213 1489.367 1492.521 1495.676 1498.615 1498.803 1498.992 1499.18 1499.369 1497.128 1492.662 1488.195 1483.729 1479.262 1471.773 1464.193 1456.614 1449.034 1442.113 1436.103 1430.093 1424.082
1372.863 1388.053 1403.241 1418.43 1433.578 1447.333 1461.088 1474.843 1488.598 1502.197 1515.626 1529.054 1542.483 1555.911 1564.66 1573.043 1581.426 1589.809 1595.187 1595.597 1596.008 1596.418 1596.828 1592.703 1587.623 1582.544 1577.464 1571.516 1563.28 1555.045 1546.809 1538.574 1529.096 1519.145 1509.195 1499.244 1490.454 1487.173 1483.893 1480.612 1477.332 1478.956 1483.545 1488.135 1492.725 1497.025 1497.626 1498.226 1498.827 1499.427 1497.651 1493.696 1489.742 1485.787 1481.832 1474.697 1467.467 1460.238 1453.008 1446.24 1440.107 1433.975 1427.843
1376.831 1391.609 1406.388 1421.166 1435.937 1450.459 1464.982 1479.504 1494.026 1507.953 1521.231 1534.508 1547.785 1561.063 1568.868 1576.245 1583.623 1591.001 1595.48 1595.166 1594.852 1594.538 1594.224 1589.567 1583.995 1578.424 1572.852 1566.492 1558.057 1549.622 1541.186 1532.751 1522.274 1511.021 1499.768 1488.515 1478.79 1476.326 1473.862 1471.397 1468.933 1471.804 1477.901 1483.999 1490.096 1495.816 1496.703 1497.59 1498.477 1499.364 1497.922 1494.346 1490.769 1487.193 1483.616 1476.854 1469.998 1463.141 1456.284 1449.73 1443.592 1437.455 1431.317
1380.798 1395.166 1409.534 1423.901 1438.296 1453.585 1468.875 1484.165 1499.455 1513.71 1526.836 1539.962 1553.087 1566.214 1573.075 1579.448 1585.82 1592.193 1595.773 1594.735 1593.696 1592.658 1591.62 1586.431 1580.367 1574.304 1568.241 1561.469 1552.834 1544.199 1535.564 1526.928 1515.452 1502.897 1490.341 1477.786 1467.127 1465.479 1463.831 1462.182 1460.534 1464.652 1472.258 1479.863 1487.468 1494.607 1495.781 1496.954 1498.127 1499.301 1498.193 1494.995 1491.797 1488.599 1485.401 1479.012 1472.528 1466.044 1459.56 1453.22 1447.077 1440.934 1434.791
1384.766 1398.723 1412.68 1426.636 1440.654 1456.711 1472.769 1488.826 1504.883 1519.466 1532.441 1545.415 1558.39 1571.365 1577.283 1582.65 1588.018 1593.385 1596.066 1594.303 1592.541 1590.778 1589.016 1583.294 1576.739 1570.184 1563.629 1556.446 1547.611 1538.776 1529.941 1521.105 1508.63 1494.772 1480.915 1467.057 1455.464 1454.632 1453.8 1452.967 1452.135 1457.501 1466.614 1475.727 1484.84 1493.398 1494.858 1496.318 1497.778 1499.238 1498.465 1495.645 1492.825 1490.005 1487.185 1481.17 1475.059 1468.948 1462.836 1456.71 1450.561 1444.413 1438.265
1390.25 1403.842 1417.433 1431.025 1444.705 1461.335 1477.965 1494.595 1511.225 1525.942 1538.573 1551.203 1563.832 1576.463 1581.41 1585.756 1590.103 1594.45 1596.219 1593.724 1591.23 1588.736 1586.241 1579.996 1572.961 1565.926 1558.891 1551.291 1542.204 1533.117 1524.03 1514.943 1501.589 1486.613 1471.638 1456.662 1444.299 1444.347 1444.394 1444.442 1444.489 1451.027 1461.49 1471.953 1482.416 1492.245 1493.977 1495.709 1497.44 1499.172 1498.705 1496.223 1493.741 1491.259 1488.777 1483.094 1477.316 1471.538 1465.76 1459.824 1453.671 1447.518 1441.365
1405.93 1419.463 1432.995 1446.527 1460.128 1476.023 1491.918 1507.813 1523.708 1537.256 1548.243 1559.23 1570.218 1581.205 1584.99 1588.213 1591.436 1594.658 1595.432 1592.154 1588.876 1585.598 1582.32 1575.608 1568.173 1560.738 1553.303 1545.248 1535.561 1525.875 1516.188 1506.501 1493.072 1478.22 1463.369 1448.518 1436.485 1437.84 1439.196 1440.551 1441.906 1449.116 1459.865 1470.614 1481.363 1491.471 1493.376 1495.28 1497.185 1499.089 1498.739 1496.322 1493.904 1491.487 1489.07 1483.452 1477.739 1472.026 1466.313 1460.415 1454.261 1448.109 1441.956
1421.61 1435.083 1448.556 1462.028 1475.55 1490.71 1505.871 1521.031 1536.191 1548.57 1557.914 1567.258 1576.603 1585.947 1588.571 1590.67 1592.768 1594.867 1594.645 1590.583 1586.521 1582.46 1578.398 1571.22 1563.385 1555.55 1547.715 1539.206 1528.919 1518.632 1508.346 1498.059 1484.555 1469.827 1455.1 1440.373 1428.671 1431.334 1433.997 1436.66 1439.323 1447.204 1458.239 1469.275 1480.31 1490.697 1492.774 1494.852 1496.929 1499.006 1498.773 1496.42 1494.068 1491.715 1489.363 1483.81 1478.162 1472.514 1466.865 1461.005 1454.852 1448.699 1442.546
1437.29 1450.704 1464.117 1477.53 1490.973 1505.398 1519.824 1534.249 1548.674 1559.883 1567.585 1575.286 1582.988 1590.689 1592.152 1593.126 1594.101 1595.076 1593.857 1589.012 1584.167 1579.322 1574.477 1566.832 1558.597 1550.362 1542.128 1533.163 1522.276 1511.39 1500.503 1489.616 1476.037 1461.434 1446.832 1432.229 1420.856 1424.827 1428.798 1432.769 1436.74 1445.292 1456.614 1467.936 1479.258 1489.922 1492.173 1494.423 1496.673 1498.924 1498.807 1496.519 1494.231 1491.944 1489.656 1484.168 1478.585 1473.001 1467.418 1461.595 1455.442 1449.289 1443.136
1452.97 1466.325 1479.678 1493.032 1506.396 1520.086 1533.777 1547.467 1561.157 1571.197 1577.256 1583.314 1589.373 1595.432 1595.732 1595.583 1595.434 1595.284 1593.07 1587.442 1581.813 1576.184 1570.555 1562.444 1553.809 1545.174 1536.54 1527.12 1515.633 1504.147 1492.661 1481.174 1467.52 1453.041 1438.563 1424.084 1413.042 1418.321 1423.6 1428.878 1434.157 1443.38 1454.989 1466.597 1478.205 1489.148 1491.571 1493.994 1496.418 1498.841 1498.84 1496.618 1494.395 1492.172 1489.95 1484.526 1479.008 1473.489 1467.97 1462.185 1456.032 1449.879 1443.726
1465.484 1478.194 1490.904 1503.613 1516.322 1528.986 1541.65 1554.315 1566.979 1576.034 1581.15 1586.266 1591.383 1596.499 1595.796 1594.638 1593.481 1592.323 1589.244 1582.987 1576.73 1570.473 1564.216 1555.602 1546.491 1537.381 1528.27 1518.227 1505.731 1493.235 1480.739 1468.243 1455.134 1441.791 1428.448 1415.105 1405.261 1412.036 1418.81 1425.585 1432.36 1442.148 1453.759 1465.369 1476.98 1487.939 1490.562 1493.184 1495.807 1498.43 1498.467 1496.134 1493.801 1491.468 1489.135 1483.762 1478.298 1472.835 1467.371 1461.666 1455.629 1449.591 1443.554
1475.987 1487.681 1499.374 1511.068 1522.755 1534.208 1545.662 1557.116 1568.57 1576.755 1581.374 1585.993 1590.612 1595.232 1593.625 1591.533 1589.44 1587.348 1583.486 1576.7 1569.913 1563.127 1556.34 1547.201 1537.566 1527.931 1518.296 1507.524 1493.758 1479.992 1466.226 1452.46 1440.289 1428.724 1417.159 1405.594 1397.5 1405.891 1414.281 1422.672 1431.063 1441.349 1452.781 1464.213 1475.645 1486.455 1489.293 1492.132 1494.971 1497.81 1497.835 1495.28 1492.726 1490.171 1487.617 1482.284 1476.869 1471.454 1466.039 1460.442 1454.594 1448.746 1442.898
1486.489 1497.167 1507.844 1518.522 1529.188 1539.431 1549.674 1559.917 1570.161 1577.476 1581.598 1585.72 1589.842 1593.964 1591.455 1588.427 1585.4 1582.373 1577.729 1570.413 1563.097 1555.781 1548.464 1538.8 1528.641 1518.482 1508.323 1496.821 1481.785 1466.749 1451.713 1436.677 1425.445 1415.658 1405.871 1396.084 1389.739 1399.746 1409.752 1419.759 1429.765 1440.549 1451.803 1463.057 1474.311 1484.97 1488.025 1491.08 1494.135 1497.19 1497.203 1494.427 1491.651 1488.875 1486.098 1480.807 1475.441 1470.074 1464.708 1459.218 1453.559 1447.9 1442.241
1496.991 1506.653 1516.315 1525.977 1535.62 1544.653 1553.686 1562.719 1571.752 1578.198 1581.823 1585.447 1589.072 1592.697 1589.284 1585.322 1581.36 1577.397 1571.972 1564.126 1556.28 1548.434 1540.588 1530.399 1519.715 1509.032 1498.349 1486.118 1469.812 1453.506 1437.2 1420.894 1410.601 1402.591 1394.582 1386.573 1381.978 1393.601 1405.223 1416.845 1428.468 1439.749 1450.825 1461.9 1472.976 1483.486 1486.757 1490.028 1493.299 1496.57 1496.571 1493.573 1490.576 1487.578 1484.58 1479.329 1474.012 1468.694 1463.376 1457.994 1452.524 1447.055 1441.585
1506.559 1515.201 1523.842 1532.483 1541.102 1548.965 1556.829 1564.692 1572.555 1578.17 1581.334 1584.497 1587.661 1590.824 1586.535 1581.664 1576.792 1571.921 1565.751 1557.436 1549.12 1540.804 1532.488 1521.807 1510.628 1499.449 1488.27 1475.366 1457.925 1440.484 1423.042 1405.601 1396.34 1390.187 1384.034 1377.881 1375.075 1388.167 1401.259 1414.35 1427.442 1439.144 1450.006 1460.868 1471.731 1482.056 1485.506 1488.957 1492.407 1495.858 1495.83 1492.615 1489.399 1486.183 1482.967 1477.751 1472.474 1467.198 1461.922 1456.64 1451.349 1446.058 1440.767
1507.074 1514.651 1522.227 1529.804 1537.366 1544.457 1551.547 1558.637 1565.728 1570.885 1573.936 1576.985 1580.035 1583.085 1578.176 1572.646 1567.115 1561.584 1555.045 1546.837 1538.629 1530.421 1522.214 1511.368 1499.967 1488.567 1477.166 1464.148 1446.874 1429.601 1412.327 1395.053 1387.733 1384.196 1380.659 1377.122 1376.485 1389.626 1402.766 1415.906 1429.047 1440.423 1450.735 1461.046 1471.357 1481.157 1484.43 1487.702 1490.974 1494.246 1494.037 1490.638 1487.238 1483.839 1480.439 1475.191 1469.888 1464.585 1459.281 1454.018 1448.808 1443.598 1438.388
1507.588 1514.1 1520.612 1527.124 1533.63 1539.948 1546.265 1552.583 1558.9 1563.601 1566.537 1569.474 1572.41 1575.346 1569.818 1563.628 1557.438 1551.247 1544.338 1536.238 1528.138 1520.039 1511.939 1500.929 1489.307 1477.685 1466.062 1452.93 1435.824 1418.718 1401.611 1384.505 1379.127 1378.206 1377.284 1376.363 1377.896 1391.085 1404.274 1417.462 1430.651 1441.703 1451.463 1461.223 1470.983 1480.259 1483.353 1486.447 1489.541 1492.634 1492.245 1488.661 1485.078 1481.495 1477.912 1472.632 1467.302 1461.971 1456.641 1451.396 1446.267 1441.138 1436.009
1508.102 1513.549 1518.997 1524.444 1529.894 1535.439 1540.984 1546.528 1552.073 1556.316 1559.139 1561.961 1564.784 1567.607 1561.459 1554.609 1547.76 1540.91 1533.631 1525.639 1517.647 1509.656 1501.664 1490.49 1478.646 1466.803 1454.958 1441.712 1424.773 1407.834 1390.896 1373.957 1370.52 1372.215 1373.909 1375.604 1379.306 1392.544 1405.781 1419.018 1432.256 1442.983 1452.191 1461.4 1470.608 1479.361 1482.276 1485.192 1488.107 1491.023 1490.452 1486.685 1482.918 1479.151 1475.384 1470.072 1464.715 1459.358 1454.0 1448.773 1443.726 1438.678 1433.63
1508.616 1512.999 1517.382 1521.764 1526.158 1530.93 1535.702 1540.473 1545.245 1549.031 1551.74 1554.45 1557.159 1559.869 1553.1 1545.591 1538.083 1530.574 1522.924 1515.04 1507.157 1499.273 1491.39 1480.052 1467.986 1455.921 1443.855 1430.494 1413.722 1396.951 1380.18 1363.409 1361.914 1366.224 1370.535 1374.845 1380.716 1394.003 1407.289 1420.575 1433.861 1444.262 1452.92 1461.577 1470.234 1478.462 1481.2 1483.937 1486.674 1489.411 1488.659 1484.708 1480.757 1476.807 1472.856 1467.513 1462.129 1456.744 1451.36 1446.151 1441.185 1436.218 1431.251
