data/zism_data/00068_04_D.txt
ncols         224
nrows         224
[rows 168 to 195 of 224, columns 0 to 62 of 224]
1426.203 1428.42 1430.638 1433.051 1435.69 1438.329 1440.968 1443.607 1444.971 1446.235 1447.499 1448.763 1449.521 1449.489 1449.458 1449.426 1449.395 1448.844 1448.206 1447.568 1446.93 1446.058 1444.687 1443.315 1441.944 1440.572 1439.645 1438.841 1438.037 1437.234 1436.206 1434.494 1432.781 1431.069 1429.357 1427.859 1426.449 1425.038 1423.628 1421.946 1418.972 1415.999 1413.025 1410.051 1408.043 1406.583 1405.123 1403.663 1402.325 1402.069 1401.813 1401.557 1401.3 1401.312 1401.53 1401.747 1401.965 1402.173 1402.067 1401.961 1401.855 1401.749 1401.596
1423.597 1425.581 1427.566 1429.848 1432.477 1435.105 1437.733 1440.362 1442.223 1444.023 1445.824 1447.625 1448.787 1448.957 1449.126 1449.295 1449.464 1449.086 1448.616 1448.146 1447.676 1447.014 1445.941 1444.867 1443.794 1442.721 1441.964 1441.296 1440.628 1439.96 1439.088 1437.592 1436.097 1434.601 1433.106 1431.744 1430.437 1429.129 1427.822 1426.215 1423.181 1420.148 1417.115 1414.082 1411.899 1410.201 1408.502 1406.804 1405.232 1404.786 1404.34 1403.895 1403.449 1403.231 1403.188 1403.146 1403.103 1403.053 1402.763 1402.472 1402.182 1401.891 1401.6
1420.991 1422.742 1424.493 1426.646 1429.264 1431.881 1434.499 1437.116 1439.474 1441.812 1444.149 1446.487 1448.054 1448.424 1448.794 1449.163 1449.533 1449.328 1449.026 1448.725 1448.423 1447.97 1447.195 1446.419 1445.644 1444.869 1444.284 1443.751 1443.218 1442.686 1441.969 1440.691 1439.412 1438.134 1436.855 1435.629 1434.425 1433.22 1432.016 1430.483 1427.391 1424.298 1421.205 1418.112 1415.756 1413.819 1411.882 1409.945 1408.14 1407.504 1406.868 1406.233 1405.597 1405.149 1404.847 1404.544 1404.241 1403.933 1403.458 1402.984 1402.509 1402.034 1401.604
1418.386 1419.903 1421.421 1423.444 1426.051 1428.657 1431.264 1433.871 1436.726 1439.6 1442.474 1445.349 1447.321 1447.892 1448.462 1449.032 1449.602 1449.571 1449.437 1449.303 1449.169 1448.926 1448.449 1447.972 1447.495 1447.018 1446.603 1446.206 1445.809 1445.412 1444.851 1443.789 1442.727 1441.666 1440.604 1439.514 1438.413 1437.312 1436.21 1434.752 1431.6 1428.447 1425.295 1422.142 1419.613 1417.437 1415.261 1413.086 1411.047 1410.222 1409.396 1408.571 1407.745 1407.068 1406.505 1405.942 1405.379 1404.813 1404.154 1403.495 1402.836 1402.177 1401.608
1415.708 1416.995 1418.281 1420.171 1422.757 1425.342 1427.928 1430.514 1433.86 1437.264 1440.669 1444.074 1446.456 1447.248 1448.039 1448.831 1449.622 1449.766 1449.8 1449.833 1449.867 1449.829 1449.635 1449.442 1449.248 1449.055 1448.803 1448.536 1448.268 1448.001 1447.589 1446.737 1445.884 1445.032 1444.18 1443.218 1442.212 1441.205 1440.199 1438.812 1435.617 1432.422 1429.228 1426.033 1423.345 1420.944 1418.544 1416.143 1413.884 1412.87 1411.856 1410.843 1409.829 1408.927 1408.109 1407.292 1406.475 1405.657 1404.818 1403.98 1403.141 1402.303 1401.6
1411.85 1412.941 1414.033 1415.732 1418.134 1420.535 1422.937 1425.338 1429.068 1432.901 1436.734 1440.567 1443.428 1444.778 1446.128 1447.478 1448.828 1449.192 1449.388 1449.585 1449.781 1449.867 1449.717 1449.567 1449.417 1449.267 1449.05 1448.815 1448.58 1448.345 1447.979 1447.214 1446.448 1445.683 1444.917 1443.953 1442.909 1441.865 1440.82 1439.444 1436.494 1433.543 1430.592 1427.641 1425.042 1422.641 1420.241 1417.84 1415.564 1414.388 1413.212 1412.035 1410.859 1409.797 1408.822 1407.848 1406.873 1405.9 1404.964 1404.028 1403.092 1402.156 1401.4
1407.992 1408.888 1409.785 1411.294 1413.511 1415.728 1417.945 1420.162 1424.276 1428.537 1432.799 1437.06 1440.401 1442.309 1444.217 1446.125 1448.034 1448.617 1448.977 1449.336 1449.695 1449.906 1449.799 1449.692 1449.585 1449.479 1449.297 1449.094 1448.892 1448.689 1448.37 1447.691 1447.012 1446.333 1445.654 1444.689 1443.607 1442.524 1441.442 1440.077 1437.37 1434.664 1431.957 1429.25 1426.739 1424.338 1421.938 1419.537 1417.245 1415.906 1414.567 1413.228 1411.889 1410.667 1409.535 1408.403 1407.272 1406.143 1405.109 1404.076 1403.042 1402.008 1401.201
1404.134 1404.835 1405.537 1406.855 1408.888 1410.921 1412.954 1414.987 1419.484 1424.174 1428.863 1433.553 1437.373 1439.84 1442.306 1444.773 1447.24 1448.043 1448.565 1449.087 1449.609 1449.944 1449.88 1449.817 1449.754 1449.691 1449.544 1449.374 1449.204 1449.034 1448.76 1448.168 1447.576 1446.984 1446.392 1445.424 1444.304 1443.184 1442.063 1440.71 1438.247 1435.784 1433.321 1430.859 1428.436 1426.035 1423.635 1421.234 1418.925 1417.423 1415.922 1414.42 1412.919 1411.537 1410.248 1408.959 1407.67 1406.386 1405.255 1404.124 1402.992 1401.861 1401.002
1400.276 1400.782 1401.288 1402.417 1404.266 1406.114 1407.963 1409.811 1414.692 1419.81 1424.928 1430.046 1434.345 1437.37 1440.395 1443.42 1446.445 1447.469 1448.154 1448.838 1449.522 1449.982 1449.962 1449.942 1449.922 1449.902 1449.791 1449.653 1449.516 1449.378 1449.15 1448.645 1448.139 1447.634 1447.129 1446.16 1445.002 1443.843 1442.685 1441.342 1439.124 1436.905 1434.686 1432.467 1430.132 1427.732 1425.332 1422.931 1420.605 1418.941 1417.277 1415.613 1413.949 1412.408 1410.961 1409.515 1408.069 1406.629 1405.4 1404.172 1402.943 1401.714 1400.802
1395.668 1396.202 1396.735 1397.924 1399.872 1401.82 1403.768 1405.716 1410.825 1416.181 1421.538 1426.894 1431.508 1434.969 1438.429 1441.89 1445.351 1446.582 1447.434 1448.287 1449.14 1449.707 1449.663 1449.62 1449.576 1449.532 1449.355 1449.142 1448.929 1448.716 1448.437 1447.957 1447.477 1446.997 1446.517 1445.58 1444.457 1443.334 1442.211 1440.939 1438.962 1436.984 1435.006 1433.028 1430.824 1428.491 1426.158 1423.824 1421.549 1419.78 1418.012 1416.244 1414.475 1412.802 1411.201 1409.601 1408.0 1406.411 1405.184 1403.957 1402.73 1401.503 1400.638
1390.421 1391.171 1391.921 1393.385 1395.675 1397.964 1400.254 1402.543 1407.748 1413.18 1418.612 1424.044 1428.834 1432.625 1436.417 1440.208 1443.999 1445.426 1446.453 1447.479 1448.506 1449.165 1449.04 1448.915 1448.789 1448.664 1448.339 1447.957 1447.576 1447.195 1446.783 1446.276 1445.768 1445.261 1444.754 1443.879 1442.854 1441.828 1440.802 1439.653 1437.914 1436.174 1434.435 1432.696 1430.658 1428.449 1426.241 1424.032 1421.863 1420.04 1418.218 1416.395 1414.573 1412.79 1411.037 1409.285 1407.533 1405.798 1404.658 1403.518 1402.378 1401.238 1400.505
1385.174 1386.141 1387.108 1388.847 1391.478 1394.109 1396.74 1399.371 1404.67 1410.178 1415.686 1421.194 1426.16 1430.282 1434.404 1438.526 1442.648 1444.271 1445.471 1446.671 1447.871 1448.623 1448.416 1448.209 1448.003 1447.797 1447.322 1446.772 1446.223 1445.674 1445.128 1444.594 1444.06 1443.526 1442.991 1442.178 1441.25 1440.322 1439.394 1438.366 1436.866 1435.365 1433.864 1432.364 1430.491 1428.407 1426.324 1424.24 1422.177 1420.3 1418.424 1416.547 1414.67 1412.778 1410.874 1408.969 1407.065 1405.186 1404.132 1403.079 1402.026 1400.972 1400.372
1379.926 1381.11 1382.294 1384.308 1387.28 1390.253 1393.225 1396.198 1401.593 1407.177 1412.76 1418.344 1423.486 1427.938 1432.391 1436.844 1441.296 1443.116 1444.49 1445.863 1447.236 1448.08 1447.792 1447.505 1447.217 1446.929 1446.305 1445.588 1444.87 1444.153 1443.474 1442.912 1442.351 1441.79 1441.229 1440.476 1439.646 1438.816 1437.985 1437.08 1435.818 1434.556 1433.293 1432.031 1430.325 1428.366 1426.407 1424.448 1422.491 1420.56 1418.629 1416.698 1414.767 1412.766 1410.71 1408.654 1406.598 1404.573 1403.607 1402.64 1401.674 1400.707 1400.239
1374.681 1376.084 1377.487 1379.779 1383.099 1386.418 1389.738 1393.058 1398.546 1404.204 1409.862 1415.52 1420.83 1425.599 1430.369 1435.139 1439.908 1441.919 1443.462 1445.005 1446.548 1447.48 1447.108 1446.735 1446.363 1445.99 1445.22 1444.34 1443.46 1442.58 1441.774 1441.191 1440.609 1440.026 1439.444 1438.756 1438.026 1437.296 1436.566 1435.786 1434.765 1433.744 1432.723 1431.702 1430.164 1428.333 1426.502 1424.67 1422.824 1420.843 1418.861 1416.88 1414.898 1412.791 1410.588 1408.385 1406.181 1404.016 1403.134 1402.252 1401.37 1400.488 1400.148
1369.545 1371.256 1372.968 1375.705 1379.627 1383.548 1387.47 1391.391 1396.908 1402.549 1408.191 1413.833 1419.012 1423.473 1427.933 1432.394 1436.854 1438.811 1440.343 1441.875 1443.407 1444.258 1443.652 1443.047 1442.441 1441.835 1441.079 1440.28 1439.481 1438.683 1437.999 1437.666 1437.332 1436.999 1436.666 1436.209 1435.701 1435.194 1434.686 1434.151 1433.488 1432.825 1432.161 1431.498 1430.263 1428.703 1427.143 1425.583 1423.992 1422.13 1420.268 1418.405 1416.543 1414.519 1412.37 1410.221 1408.072 1405.959 1405.066 1404.173 1403.28 1402.387 1401.989
1364.408 1366.429 1368.45 1371.631 1376.154 1380.678 1385.201 1389.724 1395.27 1400.895 1406.52 1412.146 1417.194 1421.346 1425.497 1429.649 1433.8 1435.703 1437.224 1438.745 1440.267 1441.035 1440.197 1439.358 1438.519 1437.681 1436.937 1436.22 1435.502 1434.785 1434.224 1434.14 1434.056 1433.972 1433.889 1433.662 1433.376 1433.091 1432.805 1432.516 1432.211 1431.906 1431.6 1431.295 1430.362 1429.073 1427.784 1426.495 1425.16 1423.417 1421.674 1419.931 1418.188 1416.246 1414.151 1412.057 1409.962 1407.901 1406.998 1406.094 1405.19 1404.287 1403.829
1359.271 1361.601 1363.931 1367.557 1372.682 1377.807 1382.933 1388.058 1393.632 1399.24 1404.85 1410.458 1415.376 1419.219 1423.061 1426.904 1430.746 1432.595 1434.105 1435.616 1437.126 1437.813 1436.741 1435.67 1434.598 1433.526 1432.795 1432.159 1431.523 1430.887 1430.448 1430.614 1430.78 1430.945 1431.111 1431.114 1431.051 1430.988 1430.925 1430.882 1430.934 1430.987 1431.039 1431.091 1430.461 1429.443 1428.425 1427.407 1426.328 1424.704 1423.081 1421.457 1419.833 1417.974 1415.933 1413.893 1411.852 1409.844 1408.929 1408.015 1407.1 1406.186 1405.669
1354.135 1356.773 1359.412 1363.483 1369.21 1374.937 1380.664 1386.391 1391.993 1397.586 1403.179 1408.771 1413.558 1417.092 1420.625 1424.159 1427.693 1429.487 1430.986 1432.486 1433.986 1434.591 1433.286 1431.981 1430.676 1429.371 1428.653 1428.099 1427.544 1426.989 1426.673 1427.088 1427.504 1427.919 1428.334 1428.567 1428.726 1428.885 1429.044 1429.247 1429.657 1430.068 1430.478 1430.888 1430.56 1429.813 1429.067 1428.32 1427.496 1425.991 1424.487 1422.983 1421.478 1419.702 1417.715 1415.729 1413.742 1411.786 1410.861 1409.936 1409.01 1408.085 1407.509
1350.526 1353.364 1356.203 1360.532 1366.585 1372.638 1378.691 1384.744 1390.317 1395.853 1401.388 1406.924 1411.529 1414.688 1417.847 1421.006 1424.165 1425.796 1427.167 1428.538 1429.909 1430.367 1428.873 1427.378 1425.884 1424.39 1423.81 1423.484 1423.158 1422.832 1422.777 1423.554 1424.33 1425.106 1425.883 1426.456 1426.947 1427.438 1427.928 1428.459 1429.184 1429.908 1430.632 1431.357 1431.307 1430.818 1430.328 1429.839 1429.262 1427.909 1426.557 1425.205 1423.852 1422.195 1420.304 1418.413 1416.522 1414.657 1413.696 1412.736 1411.775 1410.814 1410.09
1348.423 1351.354 1354.285 1358.688 1364.796 1370.903 1377.01 1383.117 1388.604 1394.041 1399.479 1404.917 1409.292 1412.011 1414.731 1417.451 1420.171 1421.529 1422.656 1423.784 1424.911 1425.156 1423.515 1421.874 1420.234 1418.593 1418.274 1418.322 1418.37 1418.418 1418.762 1420.01 1421.258 1422.506 1423.754 1424.776 1425.706 1426.636 1427.565 1428.506 1429.502 1430.497 1431.493 1432.488 1432.692 1432.447 1432.201 1431.956 1431.617 1430.449 1429.281 1428.113 1426.945 1425.444 1423.689 1421.933 1420.177 1418.443 1417.422 1416.402 1415.381 1414.361 1413.401
1346.32 1349.343 1352.366 1356.844 1363.006 1369.167 1375.329 1381.49 1386.89 1392.23 1397.571 1402.911 1407.054 1409.335 1411.615 1413.896 1416.177 1417.263 1418.146 1419.029 1419.913 1419.945 1418.157 1416.37 1414.583 1412.796 1412.738 1413.16 1413.582 1414.005 1414.746 1416.466 1418.186 1419.906 1421.625 1423.096 1424.465 1425.834 1427.203 1428.554 1429.82 1431.087 1432.353 1433.62 1434.078 1434.076 1434.074 1434.073 1433.972 1432.988 1432.004 1431.021 1430.037 1428.694 1427.073 1425.453 1423.833 1422.228 1421.148 1420.068 1418.988 1417.908 1416.712
1344.217 1347.332 1350.448 1355.001 1361.216 1367.432 1373.647 1379.863 1385.176 1390.419 1395.662 1400.904 1404.816 1406.658 1408.499 1410.341 1412.183 1412.996 1413.636 1414.275 1414.914 1414.733 1412.8 1410.866 1408.933 1406.999 1407.202 1407.998 1408.795 1409.591 1410.731 1412.922 1415.114 1417.305 1419.497 1421.416 1423.224 1425.032 1426.84 1428.601 1430.138 1431.676 1433.214 1434.751 1435.463 1435.705 1435.948 1436.19 1436.327 1435.527 1434.728 1433.929 1433.129 1431.943 1430.458 1428.973 1427.489 1426.014 1424.874 1423.735 1422.595 1421.455 1420.023
1342.114 1345.322 1348.529 1353.157 1359.427 1365.696 1371.966 1378.236 1383.463 1388.608 1393.753 1398.898 1402.579 1403.981 1405.384 1406.786 1408.188 1408.73 1409.125 1409.521 1409.916 1409.522 1407.442 1405.362 1403.283 1401.203 1401.666 1402.837 1404.007 1405.177 1406.716 1409.379 1412.042 1414.705 1417.368 1419.736 1421.983 1424.23 1426.477 1428.648 1430.457 1432.265 1434.074 1435.883 1436.848 1437.334 1437.821 1438.307 1438.682 1438.067 1437.452 1436.837 1436.222 1435.192 1433.843 1432.494 1431.144 1429.8 1428.6 1427.401 1426.202 1425.002 1423.335
1340.839 1344.261 1347.684 1352.269 1358.197 1364.126 1370.054 1375.983 1380.886 1385.709 1390.533 1395.356 1398.756 1399.944 1401.132 1402.319 1403.507 1403.914 1404.188 1404.463 1404.737 1404.354 1402.566 1400.777 1398.989 1397.201 1398.034 1399.594 1401.155 1402.715 1404.639 1407.672 1410.705 1413.738 1416.771 1419.551 1422.226 1424.902 1427.578 1430.148 1432.223 1434.297 1436.372 1438.446 1439.605 1440.245 1440.884 1441.524 1442.05 1441.571 1441.092 1440.614 1440.135 1439.223 1437.977 1436.731 1435.486 1434.235 1432.832 1431.429 1430.026 1428.622 1426.622
1339.576 1343.215 1346.854 1351.395 1356.976 1362.558 1368.139 1373.721 1378.297 1382.795 1387.293 1391.791 1394.911 1395.887 1396.863 1397.84 1398.816 1399.09 1399.245 1399.4 1399.555 1399.186 1397.696 1396.206 1394.716 1393.226 1394.429 1396.38 1398.331 1400.281 1402.59 1405.992 1409.394 1412.795 1416.197 1419.388 1422.491 1425.595 1428.699 1431.67 1434.01 1436.35 1438.69 1441.03 1442.383 1443.174 1443.965 1444.757 1445.433 1445.09 1444.746 1444.403 1444.06 1443.265 1442.122 1440.98 1439.837 1438.681 1437.072 1435.462 1433.853 1432.244 1429.909
1338.313 1342.169 1346.025 1350.52 1355.755 1360.99 1366.224 1371.459 1375.708 1379.881 1384.054 1388.226 1391.065 1391.83 1392.595 1393.36 1394.125 1394.266 1394.302 1394.338 1394.374 1394.018 1392.826 1391.635 1390.443 1389.251 1390.824 1393.165 1395.506 1397.848 1400.541 1404.311 1408.082 1411.853 1415.623 1419.224 1422.757 1426.289 1429.821 1433.192 1435.798 1438.403 1441.009 1443.615 1445.16 1446.103 1447.047 1447.99 1448.816 1448.608 1448.401 1448.193 1447.985 1447.307 1446.268 1445.228 1444.188 1443.126 1441.311 1439.496 1437.68 1435.865 1433.196
1337.049 1341.122 1345.196 1349.646 1354.534 1359.422 1364.309 1369.197 1373.12 1376.967 1380.814 1384.661 1387.22 1387.773 1388.327 1388.88 1389.434 1389.442 1389.359 1389.275 1389.192 1388.85 1387.957 1387.063 1386.17 1385.276 1387.219 1389.951 1392.682 1395.414 1398.492 1402.631 1406.771 1410.91 1415.049 1419.061 1423.022 1426.982 1430.943 1434.714 1437.585 1440.457 1443.328 1446.199 1447.938 1449.033 1450.128 1451.222 1452.199 1452.127 1452.055 1451.983 1451.91 1451.35 1450.413 1449.476 1448.54 1447.572 1445.55 1443.529 1441.508 1439.486 1436.483
1336.102 1340.308 1344.514 1348.912 1353.531 1358.151 1362.77 1367.389 1371.01 1374.552 1378.094 1381.636 1383.897 1384.162 1384.428 1384.694 1384.96 1384.789 1384.543 1384.297 1384.051 1383.759 1383.366 1382.973 1382.581 1382.188 1384.562 1387.704 1390.846 1393.988 1397.458 1401.931 1406.403 1410.875 1415.348 1419.701 1424.006 1428.312 1432.617 1436.75 1440.07 1443.389 1446.709 1450.028 1452.091 1453.439 1454.787 1456.135 1457.344 1457.321 1457.299 1457.276 1457.253 1456.604 1455.474 1454.344 1453.214 1452.042 1449.495 1446.949 1444.402 1441.855 1438.292
