data/zism_data/00077_03_D.txt
ncols         224
nrows         224
[rows 0 to 28 of 224, columns 66 to 131 of 224]
1354.841 1355.018 1355.082 1355.147 1355.212 1355.276 1355.43 1355.617 1355.805 1355.992 1356.18 1356.367 1356.554 1356.742 1356.929 1357.105 1357.273 1357.441 1357.609 1357.774 1357.901 1358.028 1358.155 1358.282 1358.469 1358.71 1358.951 1359.193 1359.434 1359.602 1359.768 1359.934 1360.1 1360.27 1360.447 1360.624 1360.8 1360.977 1361.163 1361.35 1361.538 1361.725 1361.863 1361.896 1361.928 1361.96 1361.993 1362.185 1362.427 1362.668 1362.909 1363.141 1363.339 1363.537 1363.736 1363.934 1364.043 1364.108 1364.172 1364.237 1364.319 1364.537 1364.755 1364.972 1365.19 1365.373
1354.841 1355.027 1355.124 1355.22 1355.317 1355.414 1355.565 1355.736 1355.908 1356.079 1356.25 1356.422 1356.593 1356.764 1356.935 1357.111 1357.29 1357.469 1357.648 1357.825 1357.979 1358.133 1358.287 1358.441 1358.646 1358.898 1359.15 1359.402 1359.654 1359.796 1359.935 1360.074 1360.213 1360.359 1360.514 1360.669 1360.825 1360.98 1361.149 1361.32 1361.492 1361.663 1361.795 1361.844 1361.892 1361.94 1361.989 1362.194 1362.446 1362.698 1362.95 1363.188 1363.375 1363.563 1363.75 1363.938 1364.065 1364.161 1364.258 1364.355 1364.462 1364.642 1364.822 1365.002 1365.182 1365.352
1354.841 1355.036 1355.165 1355.294 1355.423 1355.552 1355.7 1355.855 1356.011 1356.166 1356.321 1356.476 1356.631 1356.786 1356.942 1357.118 1357.308 1357.497 1357.687 1357.876 1358.057 1358.238 1358.418 1358.599 1358.823 1359.086 1359.349 1359.611 1359.874 1359.991 1360.103 1360.215 1360.327 1360.448 1360.582 1360.715 1360.849 1360.983 1361.135 1361.29 1361.445 1361.6 1361.727 1361.791 1361.856 1361.92 1361.985 1362.202 1362.465 1362.728 1362.99 1363.234 1363.411 1363.588 1363.764 1363.941 1364.086 1364.215 1364.344 1364.474 1364.604 1364.747 1364.889 1365.031 1365.174 1365.33
1354.812 1355.002 1355.134 1355.265 1355.397 1355.528 1355.683 1355.847 1356.011 1356.175 1356.342 1356.524 1356.705 1356.886 1357.068 1357.252 1357.437 1357.623 1357.808 1357.993 1358.181 1358.369 1358.557 1358.745 1358.968 1359.224 1359.48 1359.736 1359.993 1360.1 1360.202 1360.305 1360.408 1360.516 1360.633 1360.751 1360.868 1360.985 1361.134 1361.288 1361.442 1361.596 1361.727 1361.807 1361.888 1361.969 1362.049 1362.265 1362.521 1362.777 1363.033 1363.272 1363.448 1363.624 1363.8 1363.975 1364.135 1364.286 1364.438 1364.589 1364.738 1364.868 1364.998 1365.127 1365.257 1365.411
1354.75 1354.92 1355.019 1355.118 1355.217 1355.317 1355.49 1355.692 1355.893 1356.095 1356.306 1356.563 1356.82 1357.077 1357.333 1357.532 1357.696 1357.86 1358.024 1358.188 1358.36 1358.532 1358.703 1358.875 1359.077 1359.306 1359.535 1359.764 1359.993 1360.11 1360.224 1360.337 1360.45 1360.561 1360.667 1360.773 1360.88 1360.986 1361.148 1361.318 1361.488 1361.658 1361.805 1361.902 1361.999 1362.096 1362.193 1362.391 1362.62 1362.85 1363.079 1363.299 1363.485 1363.672 1363.859 1364.045 1364.216 1364.378 1364.54 1364.702 1364.863 1365.009 1365.154 1365.3 1365.446 1365.61
1354.689 1354.837 1354.904 1354.971 1355.038 1355.105 1355.297 1355.536 1355.776 1356.015 1356.271 1356.603 1356.935 1357.267 1357.599 1357.813 1357.955 1358.097 1358.24 1358.383 1358.538 1358.694 1358.85 1359.005 1359.185 1359.387 1359.59 1359.792 1359.994 1360.121 1360.245 1360.369 1360.493 1360.605 1360.701 1360.796 1360.892 1360.988 1361.162 1361.348 1361.535 1361.721 1361.884 1361.997 1362.11 1362.223 1362.336 1362.517 1362.72 1362.922 1363.124 1363.326 1363.523 1363.72 1363.918 1364.115 1364.296 1364.469 1364.642 1364.815 1364.987 1365.149 1365.311 1365.473 1365.635 1365.809
1354.627 1354.755 1354.79 1354.824 1354.859 1354.894 1355.104 1355.381 1355.658 1355.935 1356.235 1356.642 1357.05 1357.457 1357.865 1358.093 1358.214 1358.335 1358.456 1358.578 1358.717 1358.857 1358.996 1359.135 1359.294 1359.469 1359.644 1359.82 1359.995 1360.131 1360.266 1360.401 1360.536 1360.65 1360.734 1360.819 1360.904 1360.989 1361.176 1361.378 1361.581 1361.783 1361.962 1362.092 1362.221 1362.35 1362.479 1362.644 1362.819 1362.995 1363.17 1363.352 1363.561 1363.769 1363.977 1364.185 1364.377 1364.561 1364.745 1364.928 1365.111 1365.29 1365.468 1365.646 1365.824 1366.008
1354.565 1354.673 1354.675 1354.677 1354.68 1354.682 1354.911 1355.225 1355.54 1355.855 1356.199 1356.682 1357.164 1357.647 1358.13 1358.374 1358.473 1358.572 1358.672 1358.772 1358.896 1359.019 1359.142 1359.266 1359.402 1359.55 1359.699 1359.847 1359.996 1360.141 1360.287 1360.433 1360.579 1360.694 1360.768 1360.842 1360.916 1360.99 1361.19 1361.409 1361.627 1361.846 1362.041 1362.186 1362.332 1362.477 1362.622 1362.77 1362.918 1363.067 1363.215 1363.379 1363.598 1363.817 1364.036 1364.255 1364.458 1364.652 1364.847 1365.041 1365.236 1365.43 1365.624 1365.818 1366.012 1366.207
1354.446 1354.53 1354.53 1354.53 1354.53 1354.53 1354.768 1355.095 1355.422 1355.75 1356.114 1356.652 1357.19 1357.729 1358.267 1358.518 1358.596 1358.673 1358.751 1358.833 1358.976 1359.118 1359.26 1359.402 1359.531 1359.647 1359.764 1359.88 1359.997 1360.142 1360.289 1360.435 1360.582 1360.697 1360.771 1360.844 1360.917 1360.99 1361.191 1361.411 1361.631 1361.85 1362.047 1362.193 1362.34 1362.486 1362.633 1362.802 1362.979 1363.155 1363.332 1363.517 1363.737 1363.957 1364.177 1364.396 1364.623 1364.853 1365.084 1365.314 1365.537 1365.708 1365.878 1366.048 1366.219 1366.381
1354.322 1354.383 1354.383 1354.383 1354.383 1354.383 1354.629 1354.967 1355.305 1355.643 1356.025 1356.617 1357.209 1357.801 1358.393 1358.652 1358.708 1358.764 1358.82 1358.884 1359.048 1359.211 1359.375 1359.538 1359.661 1359.745 1359.829 1359.913 1359.998 1360.142 1360.289 1360.435 1360.582 1360.697 1360.771 1360.844 1360.917 1360.99 1361.191 1361.411 1361.631 1361.85 1362.047 1362.193 1362.34 1362.486 1362.633 1362.827 1363.036 1363.245 1363.453 1363.664 1363.884 1364.104 1364.324 1364.543 1364.795 1365.063 1365.331 1365.599 1365.853 1365.996 1366.14 1366.283 1366.426 1366.552
1354.199 1354.236 1354.236 1354.236 1354.236 1354.236 1354.489 1354.838 1355.187 1355.536 1355.937 1356.583 1357.228 1357.874 1358.52 1358.785 1358.82 1358.854 1358.889 1358.935 1359.12 1359.305 1359.49 1359.675 1359.791 1359.843 1359.895 1359.947 1359.999 1360.142 1360.289 1360.435 1360.582 1360.697 1360.771 1360.844 1360.917 1360.99 1361.191 1361.411 1361.631 1361.85 1362.047 1362.193 1362.34 1362.486 1362.633 1362.852 1363.093 1363.334 1363.575 1363.811 1364.031 1364.251 1364.471 1364.69 1364.967 1365.273 1365.579 1365.884 1366.168 1366.284 1366.401 1366.518 1366.634 1366.724
1354.075 1354.089 1354.089 1354.089 1354.089 1354.089 1354.35 1354.71 1355.07 1355.429 1355.848 1356.548 1357.247 1357.947 1358.647 1358.919 1358.932 1358.945 1358.958 1358.985 1359.192 1359.398 1359.605 1359.812 1359.921 1359.94 1359.96 1359.98 1359.999 1360.142 1360.289 1360.435 1360.582 1360.697 1360.771 1360.844 1360.917 1360.99 1361.191 1361.411 1361.631 1361.85 1362.047 1362.193 1362.34 1362.486 1362.633 1362.877 1363.15 1363.423 1363.697 1363.958 1364.178 1364.398 1364.618 1364.837 1365.139 1365.483 1365.826 1366.169 1366.483 1366.573 1366.662 1366.752 1366.842 1366.896
1353.952 1353.946 1353.959 1353.971 1353.984 1353.996 1354.261 1354.621 1354.981 1355.341 1355.761 1356.468 1357.175 1357.883 1358.59 1358.873 1358.901 1358.928 1358.955 1358.996 1359.203 1359.41 1359.617 1359.824 1359.932 1359.949 1359.966 1359.983 1360.0 1360.13 1360.264 1360.398 1360.531 1360.642 1360.719 1360.797 1360.874 1360.952 1361.144 1361.353 1361.562 1361.771 1361.969 1362.143 1362.317 1362.491 1362.665 1362.938 1363.242 1363.545 1363.849 1364.137 1364.369 1364.602 1364.834 1365.066 1365.38 1365.733 1366.087 1366.44 1366.761 1366.835 1366.908 1366.981 1367.054 1367.086
1353.828 1353.808 1353.853 1353.898 1353.943 1353.988 1354.249 1354.593 1354.937 1355.281 1355.676 1356.319 1356.961 1357.604 1358.247 1358.549 1358.647 1358.744 1358.842 1358.944 1359.119 1359.294 1359.469 1359.644 1359.759 1359.818 1359.878 1359.938 1359.998 1360.099 1360.2 1360.302 1360.403 1360.499 1360.588 1360.676 1360.764 1360.852 1361.022 1361.204 1361.387 1361.569 1361.771 1362.015 1362.259 1362.503 1362.746 1363.057 1363.387 1363.718 1364.048 1364.364 1364.629 1364.894 1365.158 1365.423 1365.725 1366.047 1366.368 1366.689 1366.982 1367.055 1367.128 1367.202 1367.275 1367.307
1353.704 1353.67 1353.747 1353.824 1353.901 1353.979 1354.237 1354.565 1354.893 1355.22 1355.592 1356.17 1356.748 1357.326 1357.904 1358.226 1358.393 1358.56 1358.728 1358.893 1359.036 1359.178 1359.321 1359.463 1359.585 1359.688 1359.791 1359.894 1359.997 1360.067 1360.136 1360.206 1360.275 1360.357 1360.456 1360.555 1360.654 1360.753 1360.901 1361.056 1361.212 1361.367 1361.573 1361.887 1362.201 1362.514 1362.828 1363.175 1363.533 1363.89 1364.247 1364.592 1364.889 1365.186 1365.483 1365.78 1366.071 1366.36 1366.649 1366.938 1367.202 1367.276 1367.349 1367.422 1367.495 1367.527
1353.581 1353.532 1353.641 1353.751 1353.86 1353.97 1354.226 1354.537 1354.849 1355.16 1355.507 1356.02 1356.534 1357.047 1357.56 1357.902 1358.139 1358.376 1358.614 1358.842 1358.952 1359.062 1359.172 1359.283 1359.412 1359.558 1359.704 1359.85 1359.996 1360.036 1360.073 1360.11 1360.147 1360.214 1360.324 1360.434 1360.544 1360.653 1360.779 1360.908 1361.036 1361.165 1361.375 1361.759 1362.142 1362.526 1362.91 1363.294 1363.678 1364.063 1364.447 1364.819 1365.148 1365.478 1365.807 1366.136 1366.417 1366.674 1366.931 1367.187 1367.423 1367.496 1367.569 1367.643 1367.716 1367.748
1353.457 1353.394 1353.535 1353.677 1353.819 1353.961 1354.214 1354.509 1354.805 1355.1 1355.422 1355.871 1356.32 1356.769 1357.217 1357.578 1357.885 1358.193 1358.5 1358.79 1358.868 1358.946 1359.024 1359.102 1359.238 1359.427 1359.616 1359.805 1359.995 1360.005 1360.009 1360.014 1360.019 1360.072 1360.193 1360.313 1360.433 1360.554 1360.658 1360.76 1360.861 1360.963 1361.177 1361.63 1362.084 1362.538 1362.992 1363.413 1363.824 1364.235 1364.646 1365.047 1365.408 1365.77 1366.131 1366.493 1366.763 1366.988 1367.212 1367.436 1367.643 1367.717 1367.79 1367.863 1367.936 1367.968
1353.357 1353.313 1353.469 1353.625 1353.781 1353.936 1354.195 1354.492 1354.79 1355.088 1355.407 1355.833 1356.259 1356.684 1357.11 1357.454 1357.748 1358.043 1358.337 1358.617 1358.713 1358.81 1358.906 1359.002 1359.136 1359.303 1359.471 1359.639 1359.807 1359.829 1359.848 1359.866 1359.885 1359.943 1360.056 1360.168 1360.281 1360.394 1360.51 1360.626 1360.742 1360.858 1361.089 1361.567 1362.045 1362.523 1363.0 1363.508 1364.024 1364.54 1365.057 1365.533 1365.867 1366.201 1366.536 1366.87 1367.118 1367.324 1367.53 1367.736 1367.925 1367.984 1368.044 1368.103 1368.163 1368.188
1353.26 1353.243 1353.409 1353.576 1353.742 1353.909 1354.174 1354.477 1354.78 1355.083 1355.405 1355.814 1356.224 1356.633 1357.043 1357.364 1357.631 1357.899 1358.166 1358.423 1358.546 1358.67 1358.793 1358.916 1359.045 1359.181 1359.316 1359.452 1359.587 1359.63 1359.67 1359.71 1359.75 1359.816 1359.918 1360.02 1360.122 1360.224 1360.357 1360.495 1360.632 1360.77 1361.021 1361.515 1362.009 1362.503 1362.996 1363.599 1364.233 1364.868 1365.503 1366.064 1366.36 1366.657 1366.953 1367.25 1367.475 1367.665 1367.854 1368.044 1368.217 1368.26 1368.304 1368.347 1368.39 1368.409
1353.163 1353.172 1353.35 1353.527 1353.704 1353.881 1354.154 1354.462 1354.77 1355.079 1355.402 1355.795 1356.188 1356.582 1356.975 1357.273 1357.514 1357.755 1357.995 1358.229 1358.379 1358.529 1358.679 1358.83 1358.955 1359.058 1359.161 1359.265 1359.368 1359.43 1359.492 1359.553 1359.615 1359.689 1359.78 1359.871 1359.963 1360.054 1360.204 1360.364 1360.523 1360.682 1360.953 1361.463 1361.973 1362.483 1362.993 1363.69 1364.443 1365.196 1365.949 1366.595 1366.853 1367.112 1367.371 1367.629 1367.831 1368.005 1368.179 1368.352 1368.509 1368.536 1368.563 1368.59 1368.618 1368.629
1353.066 1353.102 1353.29 1353.478 1353.666 1353.854 1354.133 1354.447 1354.76 1355.074 1355.399 1355.776 1356.153 1356.531 1356.908 1357.183 1357.397 1357.61 1357.824 1358.035 1358.212 1358.389 1358.566 1358.743 1358.865 1358.936 1359.006 1359.077 1359.148 1359.231 1359.314 1359.397 1359.48 1359.562 1359.642 1359.723 1359.803 1359.884 1360.052 1360.232 1360.413 1360.594 1360.885 1361.411 1361.937 1362.463 1362.989 1363.781 1364.652 1365.524 1366.395 1367.125 1367.346 1367.567 1367.788 1368.009 1368.188 1368.346 1368.503 1368.661 1368.801 1368.812 1368.823 1368.834 1368.845 1368.85
1353.0 1353.053 1353.245 1353.437 1353.629 1353.82 1354.106 1354.427 1354.747 1355.068 1355.394 1355.745 1356.096 1356.447 1356.797 1357.052 1357.25 1357.447 1357.644 1357.841 1358.038 1358.235 1358.432 1358.629 1358.755 1358.816 1358.877 1358.937 1358.998 1359.088 1359.179 1359.27 1359.361 1359.442 1359.51 1359.578 1359.646 1359.714 1359.868 1360.034 1360.2 1360.366 1360.653 1361.199 1361.745 1362.29 1362.836 1363.71 1364.683 1365.656 1366.628 1367.434 1367.636 1367.838 1368.04 1368.242 1368.407 1368.554 1368.701 1368.847 1368.977 1368.982 1368.987 1368.993 1368.998 1369.0
1353.0 1353.05 1353.231 1353.412 1353.593 1353.774 1354.065 1354.396 1354.728 1355.059 1355.386 1355.688 1355.991 1356.293 1356.595 1356.835 1357.038 1357.24 1357.443 1357.645 1357.848 1358.05 1358.252 1358.455 1358.603 1358.702 1358.8 1358.899 1358.997 1359.067 1359.137 1359.206 1359.275 1359.337 1359.389 1359.441 1359.493 1359.545 1359.617 1359.691 1359.766 1359.841 1360.074 1360.647 1361.219 1361.792 1362.364 1363.294 1364.332 1365.369 1366.406 1367.267 1367.491 1367.714 1367.938 1368.162 1368.334 1368.481 1368.627 1368.774 1368.906 1368.927 1368.948 1368.969 1368.991 1369.0
1353.0 1353.047 1353.217 1353.388 1353.558 1353.728 1354.023 1354.366 1354.708 1355.051 1355.378 1355.631 1355.885 1356.139 1356.393 1356.618 1356.826 1357.034 1357.242 1357.45 1357.657 1357.865 1358.073 1358.281 1358.451 1358.588 1358.724 1358.86 1358.996 1359.046 1359.094 1359.142 1359.19 1359.232 1359.268 1359.304 1359.34 1359.375 1359.366 1359.349 1359.332 1359.315 1359.495 1360.094 1360.694 1361.293 1361.893 1362.878 1363.98 1365.082 1366.184 1367.1 1367.345 1367.591 1367.836 1368.081 1368.261 1368.407 1368.554 1368.7 1368.834 1368.871 1368.909 1368.946 1368.984 1369.0
1353.0 1353.044 1353.203 1353.363 1353.523 1353.682 1353.982 1354.335 1354.688 1355.042 1355.369 1355.575 1355.78 1355.985 1356.191 1356.401 1356.614 1356.828 1357.041 1357.254 1357.467 1357.68 1357.894 1358.107 1358.299 1358.473 1358.647 1358.821 1358.995 1359.025 1359.052 1359.078 1359.104 1359.128 1359.147 1359.167 1359.187 1359.206 1359.115 1359.006 1358.898 1358.789 1358.915 1359.542 1360.168 1360.795 1361.421 1362.463 1363.629 1364.796 1365.962 1366.933 1367.2 1367.467 1367.734 1368.0 1368.187 1368.334 1368.48 1368.627 1368.762 1368.816 1368.87 1368.923 1368.977 1369.0
1353.0 1353.041 1353.19 1353.339 1353.487 1353.636 1353.941 1354.305 1354.669 1355.033 1355.361 1355.518 1355.675 1355.832 1355.989 1356.184 1356.403 1356.621 1356.84 1357.058 1357.277 1357.496 1357.714 1357.933 1358.148 1358.359 1358.571 1358.782 1358.994 1359.005 1359.009 1359.014 1359.019 1359.023 1359.026 1359.03 1359.033 1359.037 1358.864 1358.664 1358.464 1358.264 1358.336 1358.99 1359.643 1360.296 1360.95 1362.047 1363.278 1364.509 1365.74 1366.767 1367.055 1367.343 1367.632 1367.92 1368.114 1368.26 1368.407 1368.553 1368.691 1368.76 1368.83 1368.9 1368.97 1369.0
1353.0 1353.044 1353.203 1353.362 1353.521 1353.68 1353.971 1354.312 1354.653 1354.994 1355.304 1355.463 1355.622 1355.781 1355.94 1356.132 1356.343 1356.554 1356.766 1356.978 1357.206 1357.435 1357.663 1357.891 1358.095 1358.277 1358.458 1358.64 1358.822 1358.84 1358.852 1358.865 1358.878 1358.883 1358.879 1358.875 1358.871 1358.866 1358.7 1358.51 1358.32 1358.13 1358.193 1358.797 1359.402 1360.006 1360.61 1361.642 1362.803 1363.964 1365.125 1366.106 1366.437 1366.768 1367.099 1367.43 1367.646 1367.805 1367.964 1368.123 1368.277 1368.388 1368.499 1368.61 1368.722 1368.784
1353.0 1353.048 1353.224 1353.399 1353.574 1353.749 1354.021 1354.33 1354.639 1354.947 1355.233 1355.408 1355.583 1355.759 1355.934 1356.125 1356.326 1356.526 1356.727 1356.93 1357.169 1357.408 1357.647 1357.886 1358.07 1358.203 1358.336 1358.47 1358.603 1358.635 1358.664 1358.693 1358.721 1358.734 1358.724 1358.715 1358.705 1358.696 1358.562 1358.409 1358.256 1358.104 1358.17 1358.705 1359.239 1359.774 1360.308 1361.241 1362.295 1363.348 1364.401 1365.308 1365.688 1366.067 1366.446 1366.826 1367.069 1367.244 1367.419 1367.595 1367.768 1367.928 1368.087 1368.247 1368.407 1368.509
1353.0 1353.053 1353.244 1353.436 1353.627 1353.818 1354.071 1354.348 1354.624 1354.901 1355.162 1355.354 1355.545 1355.736 1355.928 1356.118 1356.308 1356.498 1356.688 1356.882 1357.131 1357.381 1357.631 1357.881 1358.044 1358.129 1358.214 1358.299 1358.384 1358.43 1358.475 1358.52 1358.565 1358.585 1358.57 1358.555 1358.54 1358.525 1358.423 1358.308 1358.193 1358.078 1358.148 1358.613 1359.077 1359.542 1360.006 1360.84 1361.786 1362.732 1363.677 1364.51 1364.938 1365.366 1365.794 1366.222 1366.492 1366.683 1366.875 1367.066 1367.259 1367.468 1367.676 1367.884 1368.092 1368.233
