data/zism_data/00070_01_D.txt
ncols         224
nrows         224
[rows 56 to 83 of 224, columns 126 to 188 of 224]
798.1479 793.3433 788.5388 783.7342 778.9297 770.8186 760.164 749.5094 738.8548 728.2331 719.8494 711.4656 703.0818 694.6983 688.9802 686.3445 683.7087 681.073 678.4373 679.4933 680.9009 682.3085 683.7161 685.8254 689.1699 692.5143 695.8588 699.2033 705.1378 711.6734 718.209 724.7446 732.5699 744.0492 755.5285 767.0078 778.4871 784.5905 788.4996 792.4087 796.3177 799.6176 799.7047 799.7917 799.8788 799.9659 800.0 800.0 800.0 800.0 799.9922 799.8582 799.7241 799.5901 799.4561 798.2934 796.1315 793.9697 791.8079 789.6461 782.5093 775.1464 767.7835
792.8386 787.0098 781.1811 775.3524 769.5237 760.9271 750.2011 739.4752 728.7493 718.0679 710.4122 702.7564 695.1007 687.4451 682.4705 680.5961 678.7217 676.8474 674.973 676.3632 678.0643 679.7654 681.4665 683.8219 687.3289 690.8358 694.3428 697.8498 704.4951 711.869 719.2428 726.6166 735.1246 746.8463 758.5681 770.2897 782.0115 787.686 790.8923 794.0986 797.3048 800.0 800.0 800.0 800.0 800.0 800.0 800.0 800.0 800.0 799.9898 799.8135 799.6371 799.4609 799.2845 797.9283 795.426 792.9236 790.4211 787.9188 780.4136 772.681 764.9484
785.3 778.5093 771.7187 764.928 758.1375 749.4707 739.3609 729.2511 719.1412 709.0807 702.3707 695.6606 688.9506 682.2407 677.9662 676.508 675.0497 673.5915 672.1332 673.9099 675.9948 678.0795 680.1643 682.8819 686.7131 690.5443 694.3755 698.2067 705.707 714.059 722.4111 730.7629 739.86 751.0684 762.2767 773.485 784.6932 789.8237 792.4734 795.123 797.7727 800.0 800.0 800.0 800.0 800.0 800.0 800.0 800.0 800.0 799.9857 799.7391 799.4926 799.246 798.9995 797.3318 794.2836 791.2354 788.1871 785.139 777.3516 769.3488 761.3459
777.7615 770.0089 762.2563 754.5037 746.7512 738.0144 728.5207 719.0269 709.5332 700.0935 694.3292 688.5649 682.8005 677.0363 673.462 672.4199 671.3777 670.3356 669.2935 671.4567 673.9252 676.3937 678.8622 681.9419 686.0974 690.2527 694.4082 698.5637 706.9189 716.2491 725.5793 734.9093 744.5955 755.2904 765.9853 776.6802 787.3751 791.9614 794.0545 796.1476 798.2406 800.0 800.0 800.0 800.0 800.0 800.0 800.0 800.0 800.0 799.9816 799.6649 799.348 799.0313 798.7144 796.7352 793.1412 789.5471 785.9531 782.3591 774.2896 766.0165 757.7434
770.2228 761.5082 752.7936 744.0789 735.3644 726.5577 717.6801 708.8024 699.9248 691.106 686.2875 681.4689 676.6503 671.8318 668.9576 668.3316 667.7056 667.0796 666.4536 669.0034 671.8556 674.7078 677.5599 681.0018 685.4815 689.9612 694.4409 698.9207 708.1309 718.4393 728.7476 739.0558 749.3311 759.5126 769.694 779.8755 790.057 794.0992 795.6357 797.1721 798.7085 800.0 800.0 800.0 800.0 800.0 800.0 800.0 800.0 800.0 799.9775 799.5905 799.2034 798.8164 798.4293 796.1387 791.9988 787.8589 783.719 779.5792 771.2274 762.6841 754.1409
762.6843 753.0077 743.3311 733.6546 723.9781 715.1014 706.8398 698.5783 690.3168 682.1188 678.246 674.3731 670.5002 666.6274 664.4533 664.2435 664.0336 663.8237 663.6138 666.5501 669.786 673.0219 676.2578 680.0618 684.8658 689.6697 694.4736 699.2776 709.3428 720.6293 731.9158 743.2022 754.0665 763.7346 773.4027 783.0707 792.7388 796.2369 797.2167 798.1966 799.1764 800.0 800.0 800.0 800.0 800.0 800.0 800.0 800.0 800.0 799.9735 799.5162 799.0589 798.6016 798.1443 795.5421 790.8564 786.1707 781.485 776.7993 768.1653 759.3519 750.5384
752.0359 742.2645 732.4931 722.7216 712.9504 704.4027 696.7964 689.1902 681.5839 674.0412 670.8152 667.5892 664.3633 661.1373 659.6167 660.0679 660.5191 660.9703 661.4215 664.9579 668.7882 672.6185 676.4487 680.8912 686.4113 691.9314 697.4515 702.9716 713.4288 725.0322 736.6356 748.2388 759.0768 767.7465 776.4162 785.0858 793.7555 796.8508 797.6708 798.4907 799.3107 800.0 800.0 800.0 800.0 800.0 800.0 800.0 800.0 800.0 799.9612 799.2916 798.6219 797.9523 797.2827 794.3636 789.2595 784.1553 779.0511 773.947 765.0926 756.0677 747.0428
741.0668 731.29 721.5131 711.7363 701.9596 693.7822 686.8353 679.8884 672.9414 666.0574 663.4474 660.8375 658.2276 655.6177 654.7458 655.8834 657.0209 658.1584 659.296 663.4547 667.901 672.3474 676.7937 681.9032 688.1798 694.4565 700.7332 707.0098 717.8114 729.6633 741.5153 753.3671 764.1155 771.7367 779.3579 786.9792 794.6004 797.3074 798.0085 798.7095 799.4106 800.0 800.0 800.0 800.0 800.0 800.0 800.0 800.0 800.0 799.9481 799.0515 798.1548 797.2582 796.3616 793.1252 787.6157 782.1061 776.5966 771.0872 762.0187 752.7885 743.5582
730.0977 720.3154 710.5331 700.7509 690.9688 683.1617 676.8741 670.5865 664.2989 658.0735 656.0797 654.0858 652.092 650.0982 649.8749 651.6988 653.5227 655.3466 657.1705 661.9514 667.0138 672.0762 677.1386 682.9151 689.9484 696.9816 704.0148 711.048 722.1939 734.2945 746.3951 758.4955 769.1541 775.7269 782.2997 788.8725 795.4453 797.7639 798.3462 798.9284 799.5106 800.0 800.0 800.0 800.0 800.0 800.0 800.0 800.0 800.0 799.9349 798.8113 797.6877 796.5641 795.4406 791.8867 785.9718 780.057 774.1422 768.2274 758.9449 749.5093 740.0737
719.1285 709.3408 699.5532 689.7654 679.978 672.5412 666.9129 661.2846 655.6564 650.0897 648.7119 647.3341 645.9564 644.5786 645.004 647.5142 650.0245 652.5347 655.045 660.4481 666.1266 671.8051 677.4836 683.9271 691.7169 699.5067 707.2965 715.0863 726.5765 738.9257 751.2749 763.6238 774.1927 779.7171 785.2415 790.7659 796.2902 798.2205 798.6839 799.1472 799.6105 800.0 800.0 800.0 800.0 800.0 800.0 800.0 800.0 800.0 799.9217 798.5712 797.2206 795.8701 794.5195 790.6482 784.328 778.0079 771.6877 765.3676 755.8711 746.2301 736.5891
708.4059 698.7639 689.122 679.4801 669.8383 662.7617 657.6584 652.5551 647.4517 642.4102 641.5709 640.7315 639.8921 639.0527 640.1367 643.4446 646.7526 650.0605 653.3684 659.434 665.7623 672.0905 678.4186 685.5566 694.1198 702.683 711.2462 719.8094 731.4017 743.6972 755.9927 768.2879 778.5797 783.1942 787.8087 792.4232 797.0377 798.6422 799.0181 799.394 799.77 800.083 800.0641 800.0452 800.0263 800.0074 799.9847 799.9595 799.9343 799.9091 799.7882 798.112 796.4358 794.7596 793.0834 788.8097 782.0128 775.2159 768.4191 761.6223 752.1616 742.5798 732.998
698.0722 688.814 679.5557 670.2975 661.0394 654.3068 649.5169 644.7271 639.9371 635.2106 634.7873 634.3641 633.9408 633.5175 635.2758 639.5565 643.8371 648.1178 652.3984 659.1901 666.2209 673.2517 680.2824 688.1581 697.5212 706.8842 716.2472 725.6102 736.9233 748.6892 760.4551 772.2208 781.9406 785.8634 789.7861 793.7089 797.6317 799.0088 799.3469 799.685 800.0231 800.2966 800.229 800.1615 800.0939 800.0264 799.9452 799.8552 799.7651 799.675 799.4652 797.308 795.1509 792.9937 790.8365 786.0271 778.6412 771.2552 763.8693 756.4835 747.452 738.3458 729.2396
687.7385 678.864 669.9894 661.1149 652.2405 645.8519 641.3754 636.899 632.4225 628.0109 628.0038 627.9966 627.9894 627.9823 630.4148 635.6682 640.9217 646.1751 651.4285 658.9462 666.6796 674.413 682.1462 690.7597 700.9225 711.0853 721.2482 731.4109 742.445 753.6812 764.9175 776.1536 785.3015 788.5325 791.7635 794.9946 798.2256 799.3754 799.6757 799.976 800.2762 800.5101 800.394 800.2778 800.1616 800.0455 799.9057 799.7508 799.5959 799.441 799.1422 796.504 793.866 791.2278 788.5897 783.2444 775.2695 767.2944 759.3195 751.3446 742.7424 734.1118 725.4811
677.4048 668.914 660.4232 651.9324 643.4417 637.397 633.2339 629.071 624.908 620.8113 621.2202 621.6292 622.0381 622.4471 625.5538 631.78 638.0062 644.2324 650.4586 658.7024 667.1382 675.5742 684.0099 693.3613 704.3239 715.2865 726.2491 737.2117 747.9666 758.6733 769.3799 780.0864 788.6624 791.2017 793.741 796.2803 798.8196 799.742 800.0045 800.2669 800.5294 800.7238 800.5589 800.3941 800.2293 800.0645 799.8662 799.6465 799.4268 799.207 798.8192 795.7001 792.581 789.4619 786.3428 780.4618 771.8978 763.3337 754.7697 746.2057 738.0328 729.8778 721.7227
667.0712 658.9641 650.8569 642.7498 634.6428 628.9421 625.0925 621.243 617.3934 613.6116 614.4366 615.2617 616.0868 616.9118 620.6929 627.8918 635.0908 642.2897 649.4886 658.4585 667.5969 676.7354 685.8737 695.9628 707.7253 719.4877 731.2501 743.0125 753.4882 763.6653 773.8423 784.0192 792.0233 793.8709 795.7184 797.566 799.4135 800.1086 800.3332 800.5579 800.7825 800.9373 800.7239 800.5104 800.297 800.0835 799.8268 799.5422 799.2576 798.973 798.4962 794.8961 791.2961 787.696 784.096 777.6792 768.5261 759.3729 750.2198 741.0668 733.3232 725.6438 717.9643
657.2811 649.9999 642.7187 635.4374 628.1563 623.2844 620.2657 617.2471 614.2285 611.278 612.9614 614.6447 616.3281 618.0114 622.4617 630.1112 637.7607 645.4103 653.0598 662.5471 672.2093 681.8715 691.5336 701.9448 713.6744 725.404 737.1336 748.8632 758.5898 767.8514 777.1131 786.3746 793.6199 795.1521 796.6843 798.2164 799.7486 800.3187 800.4961 800.6735 800.8509 800.965 800.7452 800.5255 800.3057 800.086 799.6699 799.1276 798.5852 798.0428 797.2979 793.2592 789.2206 785.1819 781.1432 774.6601 765.8023 756.9445 748.0868 739.2291 732.3628 725.587 718.8111
647.572 641.1824 634.7929 628.4033 622.0139 618.0428 615.9321 613.8214 611.7106 609.6683 612.2758 614.8832 617.4907 620.0981 625.2168 633.2393 641.2617 649.2841 657.3065 667.2801 677.4395 687.599 697.7582 708.4297 720.0026 731.5755 743.1484 754.7212 763.6288 771.9177 780.2066 788.4954 794.954 796.2268 797.4996 798.7723 800.0451 800.5054 800.6342 800.763 800.8918 800.965 800.7452 800.5255 800.3057 800.086 799.4955 798.6667 797.838 797.0092 795.9694 791.4984 787.0274 782.5564 778.0854 771.6058 763.1749 754.7441 746.3133 737.8826 731.9601 726.1516 720.3431
637.8625 632.3646 626.8668 621.369 615.8713 612.8011 611.5983 610.3955 609.1927 608.0586 611.5901 615.1217 618.6533 622.1848 627.972 636.3674 644.7627 653.158 661.5533 672.0134 682.67 693.3266 703.9831 714.9149 726.3311 737.7472 749.1633 760.5795 768.668 775.9841 783.3002 790.6163 796.2882 797.3016 798.3149 799.3282 800.3416 800.6923 800.7724 800.8525 800.9326 800.965 800.7452 800.5255 800.3057 800.086 799.3212 798.206 797.0908 795.9756 794.6408 789.7375 784.8342 779.9308 775.0275 768.5514 760.5475 752.5436 744.5397 736.5359 731.5573 726.7162 721.8751
628.1533 623.5472 618.941 614.3349 609.7289 607.5595 607.2646 606.9698 606.6749 606.4489 610.9045 615.3602 619.8159 624.2715 630.7272 639.4954 648.2636 657.0318 665.8 676.7465 687.9003 699.0541 710.2077 721.3998 732.6592 743.9186 755.1781 766.4376 773.7071 780.0504 786.3938 792.737 797.6223 798.3763 799.1302 799.8842 800.6381 800.879 800.9105 800.942 800.9735 800.965 800.7452 800.5255 800.3057 800.086 799.1469 797.7452 796.3436 794.942 793.3123 787.9767 782.641 777.3054 771.9697 765.4971 757.9202 750.3431 742.7662 735.1893 731.1546 727.2808 723.4071
620.264 616.5439 612.8237 609.1036 605.3835 604.1481 604.824 605.4999 606.1758 606.9199 612.2997 617.6794 623.0592 628.4389 635.5259 644.587 653.6481 662.7092 671.7703 683.0118 694.4608 705.9099 717.3588 728.5954 739.4581 750.3207 761.1834 772.0461 778.4854 783.8979 789.3104 794.7228 798.8589 799.3782 799.8975 800.4168 800.9362 801.0718 801.0508 801.0299 801.009 800.952 800.7056 800.4592 800.2128 799.9664 798.8448 797.1605 795.4763 793.7921 791.8851 786.3591 780.8331 775.307 769.7809 763.4833 756.4362 749.389 742.3419 735.2948 732.1555 729.1938 726.2322
615.7173 612.8727 610.0281 607.1834 604.3388 604.098 605.8602 607.6224 609.3846 611.2126 617.5165 623.8203 630.1242 636.428 644.0782 653.2852 662.4922 671.6993 680.9063 692.0913 703.4647 714.8381 726.2114 737.0963 747.1213 757.1463 767.1713 777.1964 782.7849 787.3435 791.9021 796.4606 799.9162 800.2464 800.5766 800.9067 801.2369 801.2755 801.1951 801.1147 801.0343 800.9154 800.5933 800.2712 799.9492 799.6271 798.3081 796.3482 794.3884 792.4285 790.2767 785.0046 779.7326 774.4605 769.1885 763.3806 757.0522 750.7238 744.3954 738.0671 735.7345 733.5835 731.4325
611.1707 609.2015 607.2324 605.2632 603.2941 604.048 606.8964 609.7449 612.5933 615.5053 622.7333 629.9612 637.1892 644.4171 652.6306 661.9835 671.3364 680.6893 690.0423 701.1709 712.4686 723.7664 735.064 745.5971 754.7845 763.9719 773.1592 782.3467 787.0844 790.7891 794.4938 798.1985 800.9736 801.1146 801.2556 801.3967 801.5377 801.4792 801.3394 801.1995 801.0597 800.8788 800.481 800.0833 799.6855 799.2878 797.7714 795.5359 793.3005 791.065 788.6682 783.6502 778.6321 773.6141 768.596 763.2779 757.6683 752.0587 746.449 740.8395 739.3135 737.9731 736.6328
606.624 605.5303 604.4367 603.3431 602.2495 603.9979 607.9326 611.8674 615.8021 619.798 627.9501 636.1022 644.2542 652.4062 661.1829 670.6817 680.1805 689.6794 699.1782 710.2505 721.4726 732.6946 743.9166 754.098 762.4477 770.7974 779.1472 787.4969 791.3838 794.2347 797.0855 799.9363 802.0309 801.9828 801.9347 801.8865 801.8384 801.6829 801.4836 801.2844 801.0851 800.8421 800.3687 799.8953 799.4219 798.9485 797.2347 794.7236 792.2125 789.7014 787.0598 782.2957 777.5317 772.7676 768.0035 763.1752 758.2843 753.3935 748.5026 743.6119 742.8925 742.3628 741.8331
602.0771 601.859 601.6409 601.4228 601.2047 603.9478 608.9689 613.9899 619.011 624.0908 633.1671 642.2433 651.3195 660.3956 669.7354 679.3802 689.025 698.6697 708.3145 719.3304 730.4768 741.6232 752.7695 762.5991 770.1112 777.6232 785.1353 792.6474 795.6834 797.6804 799.6773 801.6743 803.0884 802.8511 802.6138 802.3765 802.1392 801.8867 801.6279 801.3692 801.1105 800.8055 800.2564 799.7073 799.1583 798.6092 796.6981 793.9113 791.1246 788.3379 785.4513 780.9412 776.4312 771.9211 767.4111 763.0724 758.9004 754.7283 750.5563 746.3843 746.4716 746.7526 747.0336
601.3401 601.9299 602.5196 603.1093 603.699 607.4073 613.5146 619.6219 625.7292 631.8838 641.2482 650.6126 659.977 669.3412 678.803 688.3771 697.9514 707.5256 717.0998 727.5421 738.0672 748.5922 759.1171 768.2813 775.0505 781.8196 788.5888 795.358 797.9161 799.4966 801.0771 802.6577 803.7406 803.4133 803.0861 802.7589 802.4317 802.0853 801.731 801.3768 801.0225 800.6064 799.8644 799.1225 798.3805 797.6385 795.5802 792.6757 789.7712 786.8667 783.8834 779.6183 775.3532 771.0881 766.8231 762.9835 759.5573 756.131 752.7048 749.2786 749.9063 750.7183 751.5303
601.3585 602.7426 604.1268 605.5109 606.895 611.5627 618.7562 625.9498 633.1433 640.3707 649.8972 659.4238 668.9503 678.4766 687.9727 697.4333 706.894 716.3548 725.8155 735.5818 745.3773 755.1728 764.9681 773.4047 779.4498 785.4948 791.5398 797.5848 799.7389 800.9898 802.2407 803.4916 804.3125 803.915 803.5175 803.1201 802.7226 802.2829 801.8259 801.369 800.9121 800.3752 799.4171 798.4589 797.5008 796.5427 794.3471 791.3561 788.3652 785.3743 782.3236 778.3017 774.2797 770.2578 766.2359 762.8972 760.2222 757.5471 754.8721 752.1971 753.3123 754.5999 755.8875
601.3768 603.5554 605.7339 607.9125 610.091 615.718 623.9978 632.2776 640.5574 648.8576 658.5463 668.2349 677.9235 687.612 697.1423 706.4895 715.8367 725.184 734.5313 743.6216 752.6875 761.7534 770.8191 778.5281 783.849 789.1699 794.4908 799.8116 801.5618 802.483 803.4042 804.3254 804.8844 804.4166 803.9489 803.4812 803.0135 802.4805 801.9209 801.3613 800.8016 800.144 798.9697 797.7954 796.6211 795.4468 793.114 790.0366 786.9592 783.8818 780.7637 776.985 773.2063 769.4276 765.6488 762.8109 760.8871 758.9632 757.0394 755.1155 756.7183 758.4814 760.2446
601.3951 604.368 607.3411 610.314 613.287 619.8734 629.2394 638.6054 647.9714 657.3445 667.1953 677.046 686.8968 696.7474 706.312 715.5457 724.7795 734.0132 743.2469 751.6613 759.9976 768.3339 776.6701 783.6516 788.2483 792.845 797.4418 802.0385 803.3846 803.9762 804.5678 805.1594 805.4562 804.9183 804.3803 803.8423 803.3044 802.6781 802.0158 801.3535 800.6912 799.9128 798.5224 797.1319 795.7414 794.3509 791.881 788.717 785.5532 782.3893 779.2039 775.6683 772.1328 768.5972 765.0616 762.7247 761.552 760.3793 759.2067 758.034 760.1244 762.363 764.6017
