data/zism_data/00073_02_D.txt
ncols         224
nrows         224
[rows 56 to 83 of 224, columns 63 to 125 of 224]
1245.517 1246.417 1247.317 1248.217 1248.678 1248.984 1249.29 1249.595 1249.85 1249.884 1249.919 1249.953 1249.988 1249.978 1249.944 1249.909 1249.875 1249.841 1249.817 1249.792 1249.768 1249.744 1249.69 1249.61 1249.531 1249.452 1249.372 1246.785 1244.161 1241.537 1238.913 1235.562 1231.266 1226.97 1222.674 1218.377 1217.275 1216.59 1215.906 1215.222 1215.557 1217.929 1220.301 1222.673 1225.046 1227.361 1229.661 1231.962 1234.262 1236.394 1237.971 1239.548 1241.125 1242.702 1243.943 1245.026 1246.109 1247.192 1248.141 1248.197 1248.252 1248.308 1248.363
1245.931 1246.756 1247.582 1248.407 1248.828 1249.108 1249.387 1249.666 1249.897 1249.92 1249.944 1249.968 1249.991 1249.985 1249.961 1249.938 1249.914 1249.89 1249.866 1249.841 1249.817 1249.792 1249.707 1249.569 1249.431 1249.292 1249.154 1246.772 1244.356 1241.94 1239.525 1236.473 1232.593 1228.714 1224.835 1220.955 1220.028 1219.489 1218.949 1218.409 1218.817 1221.119 1223.422 1225.725 1228.027 1230.232 1232.409 1234.586 1236.764 1238.75 1240.102 1241.455 1242.807 1244.16 1245.198 1246.089 1246.979 1247.87 1248.641 1248.611 1248.581 1248.551 1248.521
1246.345 1247.096 1247.846 1248.597 1248.979 1249.231 1249.484 1249.736 1249.943 1249.956 1249.969 1249.982 1249.995 1249.992 1249.979 1249.966 1249.953 1249.939 1249.914 1249.89 1249.865 1249.841 1249.724 1249.527 1249.33 1249.133 1248.936 1246.758 1244.551 1242.344 1240.136 1237.383 1233.921 1230.458 1226.996 1223.533 1222.782 1222.387 1221.991 1221.595 1222.076 1224.309 1226.543 1228.776 1231.009 1233.102 1235.157 1237.211 1239.266 1241.105 1242.233 1243.361 1244.489 1245.618 1246.453 1247.151 1247.85 1248.548 1249.14 1249.025 1248.909 1248.794 1248.678
1246.76 1247.435 1248.111 1248.786 1249.13 1249.355 1249.581 1249.806 1249.99 1249.992 1249.995 1249.997 1249.999 1249.999 1249.996 1249.994 1249.991 1249.987 1249.963 1249.938 1249.914 1249.89 1249.741 1249.485 1249.23 1248.974 1248.718 1246.745 1244.746 1242.747 1240.748 1238.294 1235.248 1232.203 1229.157 1226.111 1225.536 1225.285 1225.033 1224.782 1225.336 1227.5 1229.663 1231.827 1233.991 1235.973 1237.904 1239.836 1241.767 1243.46 1244.364 1245.268 1246.171 1247.075 1247.708 1248.214 1248.72 1249.226 1249.64 1249.439 1249.238 1249.037 1248.836
1246.883 1247.567 1248.251 1248.935 1249.258 1249.453 1249.647 1249.842 1250.0 1250.0 1250.0 1250.0 1250.0 1249.984 1249.959 1249.934 1249.909 1249.88 1249.81 1249.739 1249.669 1249.599 1249.406 1249.109 1248.811 1248.513 1248.215 1246.368 1244.498 1242.629 1240.759 1238.545 1235.882 1233.22 1230.558 1227.895 1227.536 1227.479 1227.422 1227.365 1228.03 1230.137 1232.244 1234.35 1236.457 1238.259 1239.975 1241.692 1243.409 1244.898 1245.631 1246.365 1247.098 1247.832 1248.328 1248.712 1249.097 1249.481 1249.79 1249.596 1249.401 1249.206 1249.011
1246.924 1247.64 1248.357 1249.073 1249.38 1249.543 1249.705 1249.868 1250.0 1250.0 1250.0 1250.0 1250.0 1249.964 1249.906 1249.849 1249.792 1249.729 1249.6 1249.471 1249.342 1249.213 1248.973 1248.638 1248.302 1247.967 1247.632 1245.89 1244.127 1242.364 1240.601 1238.61 1236.322 1234.033 1231.745 1229.457 1229.325 1229.477 1229.628 1229.78 1230.565 1232.619 1234.672 1236.725 1238.779 1240.381 1241.857 1243.333 1244.809 1246.078 1246.656 1247.235 1247.813 1248.392 1248.769 1249.052 1249.335 1249.618 1249.843 1249.681 1249.518 1249.355 1249.193
1246.965 1247.714 1248.462 1249.21 1249.502 1249.633 1249.763 1249.894 1250.0 1250.0 1250.0 1250.0 1250.0 1249.943 1249.854 1249.765 1249.676 1249.578 1249.39 1249.202 1249.014 1248.826 1248.539 1248.167 1247.794 1247.422 1247.049 1245.412 1243.756 1242.099 1240.443 1238.675 1236.761 1234.847 1232.933 1231.018 1231.115 1231.474 1231.834 1232.194 1233.101 1235.101 1237.101 1239.101 1241.101 1242.502 1243.738 1244.974 1246.21 1247.257 1247.681 1248.105 1248.528 1248.952 1249.21 1249.392 1249.574 1249.755 1249.896 1249.765 1249.635 1249.504 1249.374
1247.007 1247.787 1248.568 1249.348 1249.624 1249.723 1249.822 1249.92 1250.0 1250.0 1250.0 1250.0 1250.0 1249.923 1249.802 1249.68 1249.559 1249.427 1249.18 1248.934 1248.687 1248.44 1248.106 1247.696 1247.286 1246.876 1246.466 1244.933 1243.384 1241.835 1240.286 1238.741 1237.2 1235.66 1234.12 1232.58 1232.904 1233.472 1234.04 1234.608 1235.636 1237.583 1239.529 1241.476 1243.422 1244.624 1245.62 1246.615 1247.61 1248.437 1248.706 1248.974 1249.243 1249.512 1249.652 1249.732 1249.812 1249.892 1249.949 1249.85 1249.752 1249.653 1249.555
1247.039 1247.845 1248.651 1249.456 1249.719 1249.79 1249.861 1249.932 1249.983 1249.948 1249.913 1249.878 1249.843 1249.703 1249.505 1249.307 1249.108 1248.901 1248.608 1248.315 1248.022 1247.729 1247.366 1246.941 1246.516 1246.091 1245.666 1244.277 1242.873 1241.469 1240.065 1238.764 1237.595 1236.427 1235.259 1234.09 1234.624 1235.382 1236.139 1236.897 1238.019 1239.871 1241.724 1243.576 1245.429 1246.439 1247.215 1247.992 1248.768 1249.397 1249.536 1249.676 1249.816 1249.955 1250.0 1250.0 1250.0 1250.0 1249.991 1249.921 1249.851 1249.781 1249.711
1247.039 1247.845 1248.651 1249.456 1249.711 1249.771 1249.832 1249.892 1249.903 1249.703 1249.502 1249.301 1249.1 1248.744 1248.3 1247.856 1247.411 1246.98 1246.687 1246.394 1246.101 1245.808 1245.482 1245.126 1244.771 1244.416 1244.061 1242.956 1241.841 1240.726 1239.61 1238.63 1237.825 1237.02 1236.215 1235.41 1236.09 1236.965 1237.84 1238.715 1239.834 1241.44 1243.047 1244.654 1246.26 1247.108 1247.746 1248.383 1249.021 1249.535 1249.643 1249.75 1249.858 1249.966 1250.0 1250.0 1250.0 1250.0 1249.993 1249.939 1249.885 1249.832 1249.778
1247.039 1247.845 1248.651 1249.456 1249.703 1249.753 1249.802 1249.852 1249.823 1249.457 1249.091 1248.724 1248.358 1247.785 1247.095 1246.405 1245.715 1245.059 1244.766 1244.473 1244.18 1243.887 1243.598 1243.312 1243.026 1242.74 1242.455 1241.636 1240.809 1239.982 1239.155 1238.496 1238.054 1237.613 1237.171 1236.73 1237.556 1238.548 1239.541 1240.533 1241.648 1243.009 1244.37 1245.731 1247.092 1247.778 1248.276 1248.775 1249.273 1249.674 1249.749 1249.825 1249.9 1249.976 1250.0 1250.0 1250.0 1250.0 1249.995 1249.957 1249.919 1249.882 1249.844
1247.039 1247.845 1248.651 1249.456 1249.695 1249.734 1249.773 1249.812 1249.744 1249.212 1248.68 1248.148 1247.616 1246.826 1245.89 1244.954 1244.018 1243.138 1242.845 1242.552 1242.259 1241.966 1241.714 1241.498 1241.282 1241.065 1240.849 1240.315 1239.777 1239.239 1238.7 1238.362 1238.284 1238.206 1238.127 1238.049 1239.021 1240.131 1241.241 1242.352 1243.463 1244.578 1245.693 1246.808 1247.923 1248.447 1248.807 1249.166 1249.526 1249.812 1249.856 1249.899 1249.943 1249.986 1250.0 1250.0 1250.0 1250.0 1249.997 1249.975 1249.954 1249.932 1249.91
1247.039 1247.845 1248.651 1249.456 1249.688 1249.716 1249.744 1249.772 1249.664 1248.966 1248.268 1247.571 1246.873 1245.867 1244.685 1243.503 1242.322 1241.217 1240.924 1240.631 1240.338 1240.045 1239.831 1239.684 1239.537 1239.39 1239.243 1238.995 1238.745 1238.495 1238.245 1238.228 1238.513 1238.799 1239.084 1239.369 1240.487 1241.715 1242.942 1244.17 1245.278 1246.147 1247.016 1247.886 1248.755 1249.116 1249.337 1249.558 1249.778 1249.95 1249.962 1249.973 1249.985 1249.996 1250.0 1250.0 1250.0 1250.0 1249.999 1249.994 1249.988 1249.982 1249.976
1247.039 1247.845 1248.651 1249.456 1249.654 1249.637 1249.621 1249.604 1249.401 1248.397 1247.393 1246.389 1245.385 1244.109 1242.678 1241.247 1239.816 1238.493 1238.307 1238.12 1237.933 1237.747 1237.641 1237.605 1237.568 1237.532 1237.496 1237.55 1237.606 1237.662 1237.718 1238.007 1238.597 1239.187 1239.777 1240.367 1241.543 1242.795 1244.048 1245.3 1246.369 1247.072 1247.774 1248.476 1249.179 1249.447 1249.593 1249.74 1249.887 1250.0 1250.0 1250.0 1250.0 1250.0 1250.0 1250.0 1250.0 1250.0 1249.999 1249.988 1249.978 1249.968 1249.958
1247.039 1247.845 1248.651 1249.456 1249.607 1249.526 1249.445 1249.364 1249.037 1247.648 1246.259 1244.871 1243.482 1241.906 1240.224 1238.542 1236.86 1235.322 1235.301 1235.28 1235.259 1235.238 1235.281 1235.378 1235.475 1235.573 1235.67 1236.037 1236.409 1236.78 1237.151 1237.736 1238.599 1239.461 1240.324 1241.187 1242.37 1243.596 1244.822 1246.048 1247.058 1247.637 1248.217 1248.796 1249.376 1249.587 1249.697 1249.806 1249.916 1250.0 1250.0 1250.0 1250.0 1250.0 1250.0 1250.0 1250.0 1250.0 1249.997 1249.97 1249.944 1249.918 1249.891
1247.039 1247.845 1248.651 1249.456 1249.559 1249.414 1249.269 1249.124 1248.672 1246.899 1245.126 1243.352 1241.579 1239.703 1237.77 1235.837 1233.904 1232.151 1232.296 1232.44 1232.585 1232.73 1232.921 1233.152 1233.383 1233.613 1233.844 1234.524 1235.211 1235.897 1236.584 1237.465 1238.601 1239.736 1240.871 1242.006 1243.198 1244.397 1245.596 1246.795 1247.746 1248.203 1248.66 1249.116 1249.573 1249.728 1249.8 1249.873 1249.945 1250.0 1250.0 1250.0 1250.0 1250.0 1250.0 1250.0 1250.0 1250.0 1249.995 1249.952 1249.91 1249.867 1249.825
1247.039 1247.845 1248.651 1249.456 1249.512 1249.303 1249.094 1248.885 1248.308 1246.15 1243.992 1241.834 1239.675 1237.5 1235.316 1233.132 1230.947 1228.98 1229.29 1229.601 1229.911 1230.221 1230.561 1230.925 1231.29 1231.654 1232.019 1233.011 1234.013 1235.015 1236.016 1237.195 1238.603 1240.01 1241.418 1242.826 1244.025 1245.198 1246.37 1247.542 1248.435 1248.769 1249.102 1249.436 1249.77 1249.869 1249.904 1249.939 1249.973 1250.0 1250.0 1250.0 1250.0 1250.0 1250.0 1250.0 1250.0 1250.0 1249.992 1249.934 1249.876 1249.817 1249.759
1247.003 1247.805 1248.607 1249.409 1249.409 1249.124 1248.84 1248.556 1247.846 1245.301 1242.756 1240.211 1237.667 1235.205 1232.792 1230.378 1227.964 1225.802 1226.287 1226.772 1227.256 1227.741 1228.238 1228.747 1229.255 1229.764 1230.273 1231.568 1232.876 1234.183 1235.49 1236.953 1238.617 1240.281 1241.946 1243.61 1244.816 1245.961 1247.107 1248.252 1249.088 1249.304 1249.521 1249.737 1249.953 1250.0 1250.0 1250.0 1250.0 1250.0 1250.0 1250.0 1250.0 1250.0 1249.998 1249.994 1249.991 1249.987 1249.974 1249.901 1249.828 1249.755 1249.681
1246.503 1247.257 1248.011 1248.765 1248.594 1248.096 1247.598 1247.1 1246.139 1243.183 1240.227 1237.27 1234.314 1231.734 1229.369 1227.003 1224.638 1222.544 1223.312 1224.08 1224.848 1225.616 1226.393 1227.18 1227.966 1228.753 1229.539 1231.018 1232.507 1233.996 1235.485 1237.073 1238.791 1240.509 1242.226 1243.944 1245.132 1246.251 1247.37 1248.489 1249.291 1249.459 1249.627 1249.795 1249.964 1250.0 1250.0 1250.0 1250.0 1250.0 1250.0 1250.0 1250.0 1250.0 1249.965 1249.913 1249.862 1249.81 1249.756 1249.682 1249.609 1249.536 1249.463
1246.003 1246.709 1247.415 1248.121 1247.78 1247.068 1246.356 1245.645 1244.432 1241.065 1237.697 1234.329 1230.961 1228.263 1225.946 1223.628 1221.311 1219.286 1220.337 1221.388 1222.439 1223.49 1224.548 1225.613 1226.677 1227.741 1228.806 1230.467 1232.138 1233.809 1235.479 1237.194 1238.965 1240.736 1242.507 1244.278 1245.449 1246.541 1247.633 1248.726 1249.494 1249.614 1249.734 1249.854 1249.974 1250.0 1250.0 1250.0 1250.0 1250.0 1250.0 1250.0 1250.0 1250.0 1249.932 1249.832 1249.733 1249.633 1249.537 1249.464 1249.39 1249.317 1249.244
1245.504 1246.161 1246.819 1247.477 1246.965 1246.04 1245.114 1244.189 1242.725 1238.946 1235.167 1231.388 1227.609 1224.792 1222.523 1220.254 1217.984 1216.028 1217.362 1218.697 1220.031 1221.365 1222.703 1224.046 1225.388 1226.73 1228.072 1229.917 1231.769 1233.622 1235.474 1237.314 1239.139 1240.963 1242.788 1244.613 1245.766 1246.831 1247.897 1248.962 1249.697 1249.768 1249.84 1249.912 1249.984 1250.0 1250.0 1250.0 1250.0 1250.0 1250.0 1250.0 1250.0 1250.0 1249.899 1249.752 1249.604 1249.456 1249.318 1249.245 1249.171 1249.098 1249.025
1245.004 1245.614 1246.224 1246.833 1246.151 1245.011 1243.872 1242.733 1241.019 1236.828 1232.638 1228.447 1224.256 1221.322 1219.1 1216.879 1214.658 1212.77 1214.387 1216.005 1217.622 1219.24 1220.859 1222.479 1224.099 1225.719 1227.339 1229.367 1231.401 1233.435 1235.469 1237.435 1239.313 1241.191 1243.069 1244.947 1246.083 1247.121 1248.16 1249.199 1249.899 1249.923 1249.947 1249.971 1249.995 1250.0 1250.0 1250.0 1250.0 1250.0 1250.0 1250.0 1250.0 1250.0 1249.867 1249.671 1249.475 1249.279 1249.099 1249.026 1248.953 1248.879 1248.806
1243.746 1244.176 1244.606 1245.036 1244.108 1242.702 1241.295 1239.888 1237.931 1233.603 1229.276 1224.948 1220.621 1217.852 1215.97 1214.087 1212.204 1210.65 1212.543 1214.435 1216.328 1218.22 1220.116 1222.014 1223.912 1225.809 1227.707 1229.841 1231.979 1234.117 1236.254 1238.251 1240.064 1241.877 1243.69 1245.503 1246.546 1247.488 1248.43 1249.372 1250.0 1250.0 1250.0 1250.0 1250.0 1249.996 1249.99 1249.985 1249.98 1249.971 1249.952 1249.933 1249.915 1249.896 1249.735 1249.507 1249.279 1249.051 1248.84 1248.74 1248.64 1248.539 1248.439
1241.742 1241.862 1241.982 1242.102 1240.856 1239.129 1237.401 1235.674 1233.482 1229.288 1225.094 1220.9 1216.706 1214.385 1213.127 1211.87 1210.612 1209.652 1211.812 1213.972 1216.131 1218.291 1220.459 1222.635 1224.811 1226.987 1229.162 1231.327 1233.491 1235.655 1237.82 1239.752 1241.384 1243.015 1244.646 1246.278 1247.153 1247.93 1248.706 1249.482 1250.0 1250.0 1250.0 1250.0 1250.0 1249.987 1249.971 1249.955 1249.939 1249.914 1249.858 1249.801 1249.745 1249.689 1249.505 1249.261 1249.017 1248.773 1248.541 1248.388 1248.234 1248.08 1247.927
1239.737 1239.547 1239.357 1239.167 1237.604 1235.556 1233.508 1231.46 1229.033 1224.972 1220.912 1216.852 1212.791 1210.917 1210.285 1209.652 1209.02 1208.654 1211.081 1213.508 1215.935 1218.362 1220.803 1223.256 1225.71 1228.164 1230.617 1232.812 1235.003 1237.194 1239.385 1241.254 1242.704 1244.153 1245.603 1247.053 1247.761 1248.371 1248.982 1249.593 1250.0 1250.0 1250.0 1250.0 1250.0 1249.979 1249.952 1249.926 1249.899 1249.856 1249.763 1249.669 1249.576 1249.482 1249.275 1249.015 1248.755 1248.495 1248.242 1248.035 1247.828 1247.621 1247.414
1237.732 1237.233 1236.733 1236.233 1234.352 1231.983 1229.614 1227.246 1224.584 1220.657 1216.73 1212.803 1208.877 1207.449 1207.442 1207.435 1207.428 1207.656 1210.35 1213.044 1215.738 1218.432 1221.146 1223.878 1226.609 1229.341 1232.072 1234.297 1236.515 1238.733 1240.951 1242.755 1244.024 1245.292 1246.559 1247.828 1248.368 1248.813 1249.258 1249.703 1250.0 1250.0 1250.0 1250.0 1250.0 1249.971 1249.933 1249.896 1249.858 1249.799 1249.668 1249.537 1249.406 1249.275 1249.045 1248.769 1248.494 1248.218 1247.944 1247.683 1247.423 1247.162 1246.902
1235.728 1234.918 1234.108 1233.298 1231.099 1228.41 1225.721 1223.032 1220.134 1216.341 1212.548 1208.755 1204.962 1203.981 1204.6 1205.218 1205.836 1206.658 1209.619 1212.58 1215.542 1218.503 1221.49 1224.499 1227.509 1230.518 1233.527 1235.783 1238.027 1240.272 1242.516 1244.257 1245.344 1246.43 1247.516 1248.602 1248.975 1249.255 1249.534 1249.814 1250.0 1250.0 1250.0 1250.0 1250.0 1249.962 1249.914 1249.866 1249.818 1249.742 1249.573 1249.405 1249.237 1249.068 1248.816 1248.524 1248.232 1247.94 1247.645 1247.331 1247.017 1246.703 1246.389
1233.67 1232.616 1231.561 1230.506 1228.294 1225.674 1223.053 1220.433 1217.709 1214.538 1211.368 1208.198 1205.027 1204.525 1205.539 1206.552 1207.566 1208.755 1211.784 1214.812 1217.841 1220.87 1223.786 1226.604 1229.422 1232.239 1235.057 1237.149 1239.231 1241.312 1243.394 1244.996 1245.976 1246.955 1247.935 1248.914 1249.217 1249.43 1249.644 1249.858 1250.0 1250.0 1250.0 1250.0 1250.0 1249.934 1249.851 1249.767 1249.683 1249.577 1249.396 1249.215 1249.034 1248.853 1248.576 1248.253 1247.93 1247.607 1247.285 1246.967 1246.65 1246.332 1246.015
