data/zism_data/00070_02_D.txt
ncols         224
nrows         224
[rows 28 to 55 of 224, columns 63 to 125 of 224]
900.0 900.0 900.0 900.0 900.0 900.0 900.0 900.0 900.0 900.0 900.0 900.0 900.0 900.0 900.0 900.0 900.0 899.9513 899.3914 898.8316 898.2717 897.7119 896.6851 895.2548 893.8243 892.3939 890.9635 889.2889 887.6107 885.9325 884.2543 882.7861 881.5908 880.3954 879.2001 878.0048 875.4039 872.6187 869.8334 867.0482 864.5703 862.7073 860.8443 858.9814 857.1183 855.037 852.8951 850.7531 848.6112 846.259 843.2106 840.1622 837.1139 834.0654 832.0623 830.5483 829.0343 827.5204 825.8666 823.2815 820.6963 818.1111 815.5259
900.0 900.0 900.0 900.0 900.0 900.0 900.0 900.0 900.0 900.0 900.0 900.0 900.0 900.0 900.0 900.0 900.0 899.9367 899.2094 898.4819 897.7545 897.0271 895.7228 893.9195 892.1161 890.3129 888.5095 886.5792 884.647 882.7148 880.7827 879.0909 877.7119 876.3328 874.9537 873.5746 870.9094 868.0756 865.2416 862.4078 859.9047 858.0634 856.222 854.3807 852.5392 850.433 848.2533 846.0734 843.8937 841.4849 838.3176 835.1503 831.9831 828.8157 826.6274 824.8972 823.1671 821.437 819.5776 816.8574 814.1371 811.4169 808.6965
900.0 900.0 900.0 900.0 899.9915 899.98 899.9685 899.957 899.9362 899.8759 899.8154 899.755 899.6946 899.5809 899.4371 899.2932 899.1494 898.936 897.9921 897.0483 896.1044 895.1606 893.6022 891.5123 889.4224 887.3326 885.2427 883.1146 880.986 878.8572 876.7286 874.8472 873.2873 871.7274 870.1674 868.6075 865.9547 863.1584 860.3622 857.566 855.0856 853.2372 851.3886 849.5402 847.6916 845.5993 843.4392 841.2791 839.119 836.6971 833.4081 830.119 826.83 823.541 821.1763 819.2444 817.3125 815.3806 813.3503 810.6647 807.979 805.2934 802.6077
900.0 900.0 900.0 900.0 899.9755 899.9424 899.9092 899.8762 899.8165 899.6426 899.4687 899.2948 899.1209 898.7938 898.3798 897.9657 897.5516 897.069 895.8657 894.6625 893.4592 892.256 890.4642 888.1636 885.863 883.5624 881.2617 878.9868 876.7122 874.4376 872.1631 870.1216 868.3834 866.6451 864.9069 863.1685 860.5953 857.9127 855.2299 852.5472 850.1317 848.2508 846.3698 844.4889 842.608 840.5635 838.4738 836.3839 834.2941 831.8973 828.484 825.0706 821.6573 818.244 815.7109 813.5898 811.4687 809.3477 807.1769 804.675 802.1731 799.6712 797.1693
900.0 900.0 900.0 900.0 899.9595 899.9048 899.85 899.7953 899.6967 899.4094 899.1219 898.8346 898.5472 898.0067 897.3224 896.6382 895.9539 895.2019 893.7393 892.2767 890.814 889.3513 887.3263 884.8149 882.3035 879.7922 877.2808 874.8589 872.4385 870.0179 867.5975 865.3961 863.4795 861.5629 859.6462 857.7296 855.2361 852.6669 850.0976 847.5284 845.1777 843.2644 841.351 839.4377 837.5243 835.5278 833.5083 831.4886 829.4691 827.0975 823.5599 820.0222 816.4846 812.947 810.2454 807.9352 805.6249 803.3148 801.0034 798.6853 796.3671 794.049 791.7308
900.0 900.0 900.0 900.0 899.9435 899.8672 899.7908 899.7145 899.577 899.1761 898.7753 898.3744 897.9735 897.2196 896.2651 895.3106 894.3562 893.3349 891.6129 889.8909 888.1688 886.4467 884.1884 881.4662 878.7441 876.022 873.2998 870.7311 868.1648 865.5983 863.032 860.6705 858.5756 856.4806 854.3857 852.2907 849.8768 847.4211 844.9653 842.5096 840.2238 838.278 836.3322 834.3864 832.4406 830.4921 828.5428 826.5934 824.6442 822.2977 818.6358 814.9738 811.312 807.65 804.78 802.2805 799.7812 797.2819 794.83 792.6956 790.5612 788.4268 786.2924
899.9997 899.9995 899.9992 899.999 899.9241 899.8229 899.7216 899.6204 899.4406 898.9222 898.4037 897.8854 897.367 896.3991 895.176 893.9527 892.7295 891.4407 889.4634 887.4862 885.5089 883.5317 881.0434 878.1133 875.183 872.2529 869.3227 866.6061 863.8928 861.1793 858.4659 855.9447 853.6734 851.402 849.1307 846.8593 844.5228 842.1778 839.8327 837.4877 835.2643 833.2844 831.3044 829.3246 827.3446 825.4443 823.5661 821.6879 819.8097 817.49 813.7081 809.9261 806.1442 802.3622 799.3276 796.6428 793.958 791.2733 788.6839 786.7311 784.7784 782.8256 780.8728
899.9788 899.9623 899.9459 899.9294 899.6666 899.3167 898.9669 898.617 898.1611 897.2482 896.3353 895.4224 894.5095 893.2918 891.9011 890.5103 889.1196 887.6806 885.7358 883.791 881.8461 879.9013 877.4164 874.4647 871.5129 868.5612 865.6093 862.6741 859.7391 856.8041 853.8691 851.2038 848.8893 846.5746 844.2601 841.9455 839.5323 837.1063 834.6801 832.254 829.9261 827.7949 825.6636 823.5324 821.4012 819.5695 817.821 816.0724 814.324 812.144 808.5351 804.926 801.3171 797.708 794.7764 792.1618 789.5473 786.9328 784.4095 782.4946 780.5796 778.6647 776.7497
899.9579 899.9252 899.8925 899.8599 899.4091 898.8106 898.2122 897.6137 896.8817 895.5743 894.2669 892.9595 891.652 890.1846 888.6264 887.0681 885.5098 883.9207 882.0083 880.0959 878.1835 876.2711 873.7897 870.8163 867.8428 864.8695 861.896 858.7421 855.5856 852.429 849.2725 846.4631 844.1053 841.7475 839.3897 837.0319 834.542 832.0349 829.5276 827.0204 824.5881 822.3056 820.023 817.7405 815.4579 813.6949 812.0761 810.4573 808.8384 806.7982 803.3622 799.9261 796.4901 793.0539 790.2253 787.681 785.1367 782.5925 780.1352 778.2581 776.381 774.5039 772.6267
899.937 899.8881 899.8392 899.7903 899.1515 898.3044 897.4574 896.6104 895.6022 893.9004 892.1985 890.4965 888.7946 887.0775 885.3516 883.6258 881.9 880.1608 878.2808 876.4008 874.5208 872.6409 870.1629 867.1679 864.1729 861.1779 858.1827 854.8102 851.4321 848.0539 844.6758 841.7224 839.3214 836.9203 834.5193 832.1182 829.5517 826.9635 824.3752 821.787 819.2501 816.8163 814.3824 811.9486 809.5146 807.8203 806.3312 804.842 803.353 801.4525 798.1893 794.9261 791.6631 788.3998 785.6743 783.2002 780.7262 778.2522 775.8609 774.0217 772.1823 770.3431 768.5038
899.916 899.851 899.7858 899.7208 898.894 897.7983 896.7027 895.6071 894.3228 892.2264 890.1301 888.0336 885.9372 883.9703 882.0769 880.1835 878.2902 876.4008 874.5533 872.7057 870.8582 869.0106 866.5361 863.5195 860.5028 857.4862 854.4695 850.8783 847.2786 843.6788 840.0792 836.9817 834.5375 832.0931 829.6489 827.2045 824.5614 821.8921 819.2227 816.5535 813.9122 811.327 808.7418 806.1567 803.5714 801.9456 800.5862 799.2268 797.8674 796.1066 793.0165 789.9262 786.8361 783.7458 781.1232 778.7194 776.3156 773.9119 771.5866 769.7852 767.9837 766.1823 764.3808
899.6241 899.4462 899.2683 899.0905 897.9791 896.5383 895.0975 893.6567 892.0432 889.6865 887.3297 884.9729 882.6161 880.5113 878.5497 876.5881 874.6265 872.6726 870.8012 868.9297 867.0582 865.1868 862.6795 859.6226 856.5654 853.5084 850.4514 846.6755 842.8892 839.1027 835.3163 832.0782 829.5532 827.0281 824.5031 821.9779 819.3106 816.6247 813.9387 811.2527 808.5919 805.9814 803.371 800.7606 798.1501 796.5553 795.2424 793.9296 792.6168 790.9362 788.0377 785.1392 782.2407 779.3422 776.8176 774.4679 772.1183 769.7687 767.4871 765.6591 763.8311 762.0031 760.175
899.0571 898.6685 898.2798 897.8912 896.3973 894.5134 892.6294 890.7454 888.749 886.2679 883.7869 881.3057 878.8247 876.6955 874.7664 872.8371 870.908 868.9767 867.0242 865.0717 863.1191 861.1666 858.5898 855.4734 852.3569 849.2404 846.1239 842.1981 838.2604 834.3226 830.3849 827.0096 824.3657 821.7217 819.0778 816.4337 813.7957 811.1583 808.5209 805.8836 803.2894 800.7817 798.274 795.7662 793.2585 791.6563 790.3057 788.955 787.6042 785.9435 783.2558 780.568 777.8803 775.1925 772.7609 770.4491 768.1373 765.8256 763.5648 761.645 759.7251 757.8052 755.8853
898.4901 897.8907 897.2913 896.6919 894.8155 892.4884 890.1612 887.8341 885.4545 882.8492 880.2439 877.6385 875.0331 872.8796 870.9828 869.0861 867.1893 865.2806 863.247 861.2134 859.1798 857.1462 854.5 851.3242 848.1481 844.9723 841.7963 837.7205 833.6315 829.5424 825.4534 821.9409 819.178 816.4151 813.6523 810.8893 808.2805 805.6918 803.103 800.5144 797.9868 795.5818 793.1768 790.7717 788.3666 786.7571 785.3687 783.9801 782.5916 780.9507 778.4738 775.9967 773.5198 771.0428 768.7041 766.4301 764.1562 761.8823 759.6425 757.6307 755.619 753.6072 751.5955
897.9232 897.113 896.3028 895.4927 893.2337 890.4634 887.6931 884.9229 882.1603 879.4307 876.701 873.9713 871.2417 869.0638 867.1995 865.3351 863.4708 861.5846 859.47 857.3553 855.2406 853.126 850.4103 847.175 843.9396 840.7042 837.4688 833.243 829.0027 824.7623 820.522 816.8722 813.9905 811.1087 808.227 805.3452 802.7655 800.2255 797.6854 795.1453 792.6844 790.3821 788.0797 785.7773 783.4749 781.8582 780.4319 779.0055 777.5792 775.9581 773.6919 771.4256 769.1594 766.8932 764.6475 762.4113 760.1752 757.9391 755.7202 753.6166 751.513 749.4094 747.3057
897.3562 896.3353 895.3143 894.2934 891.6519 888.4385 885.2251 882.0117 878.866 876.0121 873.1582 870.3042 867.4503 865.248 863.4161 861.5842 859.7523 857.8886 855.6929 853.4973 851.3015 849.1058 846.3206 843.0259 839.731 836.4362 833.1414 828.7656 824.374 819.9822 815.5906 811.8036 808.803 805.8023 802.8017 799.801 797.2505 794.7592 792.2676 789.7762 787.382 785.1824 782.9826 780.783 778.5833 776.9592 775.4951 774.0309 772.5667 770.9654 768.91 766.8545 764.7991 762.7435 760.5908 758.3925 756.1942 753.996 751.798 749.6025 747.407 745.2115 743.016
895.4276 893.9051 892.3826 890.86 887.979 884.6187 881.2581 877.8977 874.6401 871.8258 869.0115 866.1972 863.3829 861.1448 859.2343 857.3237 855.4133 853.4759 851.2573 849.0387 846.82 844.6014 841.7964 838.4846 835.1725 831.8606 828.5486 824.1277 819.6905 815.2532 810.816 807.0182 804.0521 801.0858 798.1196 795.1534 792.6827 790.2769 787.8711 785.4653 783.099 780.8116 778.5242 776.2369 773.9495 772.1692 770.5297 768.8903 767.2508 765.5477 763.6343 761.7209 759.8074 757.894 755.8447 753.7318 751.619 749.5061 747.3891 745.2445 743.0999 740.9553 738.8107
893.469 891.4385 889.408 887.3774 884.26 880.7592 877.2581 873.7572 870.3937 867.6227 864.8516 862.0805 859.3094 857.0353 855.0438 853.0521 851.0605 849.0473 846.8071 844.5668 842.3265 840.0864 837.2627 833.9346 830.6063 827.2782 823.95 819.4862 815.0058 810.5252 806.0448 802.2391 799.3107 796.3823 793.454 790.5256 788.1357 785.8164 783.497 781.1777 778.8384 776.4592 774.0799 771.7007 769.3214 767.3816 765.5638 763.746 761.9282 760.1207 758.3478 756.5748 754.8019 753.029 751.0834 749.057 747.0306 745.0042 742.9694 740.8789 738.7883 736.6978 734.6072
891.5104 888.9719 886.4333 883.8948 880.541 876.8996 873.2581 869.6167 866.1473 863.4195 860.6917 857.9638 855.236 852.9258 850.8532 848.7805 846.7079 844.6187 842.3569 840.095 837.8331 835.5713 832.7289 829.3846 826.0401 822.6958 819.3514 814.8448 810.3211 805.7973 801.2737 797.46 794.5695 791.6788 788.7883 785.8978 783.5887 781.3558 779.123 776.8901 774.5778 772.1068 769.6356 767.1645 764.6934 762.594 760.5978 758.6017 756.6055 754.6937 753.0613 751.4288 749.7964 748.164 746.3221 744.3821 742.4423 740.5023 738.5497 736.5133 734.4767 732.4402 730.4037
889.5518 886.5052 883.4587 880.4122 876.822 873.0401 869.2581 865.4762 861.9009 859.2163 856.5317 853.8471 851.1625 848.8163 846.6627 844.5089 842.3552 840.1901 837.9067 835.6232 833.3397 831.0563 828.1951 824.8346 821.4739 818.1134 814.7527 810.2033 805.6364 801.0694 796.5025 792.6808 789.8281 786.9753 784.1227 781.2699 779.0417 776.8953 774.7489 772.6025 770.3173 767.7543 765.1913 762.6283 760.0653 757.8064 755.6319 753.4574 751.2829 749.2667 747.7748 746.2828 744.791 743.299 741.5609 739.7073 737.8539 736.0004 734.1301 732.1476 730.1652 728.1827 726.2002
886.8801 883.44 879.9999 876.5599 872.7871 868.897 865.0068 861.1167 857.4581 854.7968 852.1356 849.4742 846.813 844.4156 842.1685 839.9211 837.674 835.4264 833.1761 830.9258 828.6754 826.425 823.5826 820.2282 816.8738 813.5194 810.1649 805.6662 801.1506 796.6349 792.1193 788.3398 785.5175 782.6951 779.8728 777.0504 774.8472 772.725 770.6029 768.4808 766.1694 763.4798 760.79 758.1003 755.4106 753.0333 750.7427 748.452 746.1614 744.0597 742.5839 741.108 739.6323 738.1564 736.4891 734.732 732.975 731.218 729.4495 727.6057 725.7618 723.9181 722.0742
883.3729 879.6735 875.974 872.2745 868.3821 864.4218 860.4614 856.501 852.7853 850.1241 847.4628 844.8015 842.1403 839.674 837.3187 834.9634 832.6081 830.2703 828.1172 825.9642 823.8111 821.658 818.8781 815.5562 812.2341 808.9122 805.5901 801.2516 796.8982 792.5446 788.1912 784.5127 781.712 778.9112 776.1105 773.3097 771.066 768.8953 766.7244 764.5537 762.1541 759.2969 756.4396 753.5824 750.7252 748.2775 745.9437 743.6098 741.2759 739.111 737.5054 735.8999 734.2944 732.6889 731.0538 729.4048 727.7559 726.1069 724.4636 722.8575 721.2515 719.6454 718.0394
879.8658 875.907 871.9481 867.9893 863.9772 859.9467 855.9159 851.8853 848.1126 845.4514 842.7902 840.1288 837.4676 834.9324 832.4691 830.0056 827.5422 825.1141 823.0584 821.0026 818.9468 816.891 814.1736 810.8841 807.5944 804.3049 801.0153 796.837 792.6457 788.4543 784.2629 780.6855 777.9064 775.1273 772.3482 769.569 767.2848 765.0654 762.846 760.6266 758.1387 755.114 752.0892 749.0645 746.0397 743.5218 741.1447 738.7676 736.3905 734.1622 732.4271 730.6918 728.9566 727.2214 725.6185 724.0776 722.5368 720.9959 719.4775 718.1093 716.741 715.3728 714.0045
876.3587 872.1405 867.9221 863.7039 859.5723 855.4714 851.3705 847.2697 843.4399 840.7787 838.1174 835.4561 832.7949 830.1908 827.6193 825.0477 822.4763 819.9581 817.9996 816.0411 814.0825 812.124 809.4691 806.212 802.9548 799.6977 796.4405 792.4225 788.3932 784.364 780.3347 776.8583 774.1009 771.3433 768.5859 765.8284 763.5036 761.2356 758.9675 756.6995 754.1234 750.9312 747.7388 744.5465 741.3541 738.7661 736.3458 733.9254 731.5051 729.2135 727.3486 725.4836 723.6188 721.7538 720.1833 718.7505 717.3177 715.8849 714.4916 713.3611 712.2306 711.1002 709.9697
872.8516 868.374 863.8962 859.4186 855.1674 850.9963 846.825 842.6539 838.7672 836.106 833.4447 830.7834 828.1221 825.4492 822.7696 820.09 817.4104 814.8019 812.9407 811.0795 809.2182 807.357 804.7646 801.5399 798.3151 795.0905 791.8657 788.0079 784.1408 780.2736 776.4066 773.0312 770.2953 767.5594 764.8236 762.0876 759.7224 757.4058 755.0891 752.7725 750.108 746.7482 743.3884 740.0286 736.6686 734.0103 731.5468 729.0832 726.6196 724.2648 722.2702 720.2755 718.2809 716.2863 714.748 713.4233 712.0986 710.7739 709.5056 708.6129 707.7202 706.8275 705.9348
868.2526 863.7652 859.2776 854.7901 850.4995 846.2785 842.0574 837.8364 833.8813 831.0724 828.2634 825.4544 822.6455 819.9312 817.2709 814.6105 811.9502 809.3735 807.6758 805.9781 804.2803 802.5826 800.0997 796.938 793.7762 790.6146 787.4528 783.7808 780.1013 776.4216 772.7422 769.4225 766.5707 763.7189 760.8671 758.0153 755.5756 753.19 750.8043 748.4186 745.6642 742.1726 738.6808 735.1891 731.6974 728.9566 726.4244 723.8921 721.3598 718.9268 716.8229 714.7189 712.6151 710.511 709.0671 707.9319 706.7968 705.6617 704.5719 703.7846 702.9973 702.21 701.4226
863.5869 859.1048 854.6226 850.1405 845.8153 841.5457 837.2759 833.0063 828.9822 826.0165 823.0509 820.0851 817.1195 814.3657 811.7324 809.0991 806.4658 803.9283 802.3981 800.8679 799.3376 797.8075 795.4371 792.3403 789.2433 786.1465 783.0495 779.5649 776.0746 772.5841 769.0938 765.8269 762.8509 759.8748 756.8987 753.9226 751.4064 748.9505 746.4945 744.0386 741.1942 737.5728 733.9514 730.33 726.7085 723.8845 721.282 718.6794 716.077 713.5649 711.353 709.1409 706.9289 704.7169 703.3709 702.4303 701.4897 700.5492 699.6413 698.9512 698.2612 697.5712 696.8811
858.9211 854.4445 849.9677 845.4911 841.1313 836.813 832.4946 828.1764 824.0833 820.9609 817.8386 814.7161 811.5938 808.8004 806.1941 803.5878 800.9815 798.4833 797.1206 795.7579 794.3953 793.0326 790.7747 787.7427 784.7106 781.6786 778.6465 775.3492 772.048 768.7467 765.4455 762.2315 759.1312 756.0308 752.9304 749.83 747.2373 744.7111 742.1849 739.6588 736.7242 732.9732 729.222 725.4709 721.7198 718.8126 716.1399 713.467 710.7943 708.2032 705.8832 703.563 701.243 698.9228 697.6749 696.9289 696.1829 695.4368 694.7108 694.118 693.5253 692.9325 692.3397
