data/zism_data/00076_03_D.txt
ncols         224
nrows         224
[rows 168 to 195 of 224, columns 63 to 125 of 224]
1200.0 1200.0 1200.0 1200.0 1200.0 1200.0 1200.0 1200.0 1200.0 1200.0 1200.0 1200.0 1200.0 1200.0 1200.0 1200.0 1200.0 1200.0 1199.965 1199.744 1199.524 1199.303 1199.083 1198.69 1198.193 1197.697 1197.2 1196.776 1197.122 1197.468 1197.814 1198.16 1198.52 1198.891 1199.263 1199.634 1200.0 1200.0 1200.0 1200.0 1200.0 1199.985 1199.953 1199.921 1199.888 1199.856 1199.794 1199.73 1199.666 1199.602 1199.59 1199.654 1199.718 1199.782 1199.846 1199.882 1199.914 1199.947 1199.979 1200.0 1200.0 1200.0 1200.0
1200.0 1200.0 1200.0 1200.0 1200.0 1200.0 1200.0 1200.0 1200.0 1200.0 1200.0 1200.0 1200.0 1200.0 1200.0 1200.0 1200.0 1200.0 1199.965 1199.744 1199.524 1199.303 1199.083 1198.587 1197.923 1197.26 1196.597 1196.029 1196.466 1196.904 1197.341 1197.778 1198.22 1198.667 1199.113 1199.56 1200.0 1200.0 1200.0 1200.0 1200.0 1199.979 1199.937 1199.894 1199.851 1199.808 1199.725 1199.64 1199.554 1199.469 1199.452 1199.538 1199.624 1199.709 1199.795 1199.843 1199.886 1199.929 1199.971 1200.0 1200.0 1200.0 1200.0
1200.0 1200.0 1200.0 1200.0 1200.0 1200.0 1200.0 1200.0 1200.0 1200.0 1200.0 1200.0 1200.0 1200.0 1200.0 1200.0 1200.0 1200.0 1199.96 1199.713 1199.465 1199.217 1198.97 1198.314 1197.411 1196.509 1195.606 1194.822 1195.275 1195.729 1196.182 1196.636 1197.201 1197.857 1198.512 1199.168 1199.815 1199.847 1199.879 1199.91 1199.942 1199.916 1199.826 1199.736 1199.646 1199.556 1199.474 1199.391 1199.309 1199.227 1199.231 1199.361 1199.491 1199.621 1199.75 1199.812 1199.863 1199.915 1199.966 1200.0 1200.0 1200.0 1200.0
1200.0 1200.0 1200.0 1200.0 1200.0 1200.0 1200.0 1200.0 1200.0 1200.0 1200.0 1200.0 1200.0 1200.0 1200.0 1200.0 1200.0 1200.0 1199.95 1199.638 1199.326 1199.014 1198.702 1197.811 1196.57 1195.329 1194.089 1192.988 1193.355 1193.723 1194.09 1194.458 1195.2 1196.248 1197.296 1198.344 1199.378 1199.484 1199.592 1199.698 1199.806 1199.772 1199.586 1199.399 1199.212 1199.026 1198.973 1198.929 1198.884 1198.84 1198.896 1199.101 1199.306 1199.511 1199.716 1199.792 1199.849 1199.906 1199.962 1200.0 1200.0 1200.0 1200.0
1200.0 1200.0 1200.0 1200.0 1200.0 1200.0 1200.0 1200.0 1200.0 1200.0 1200.0 1200.0 1200.0 1200.0 1200.0 1200.0 1200.0 1200.0 1199.94 1199.563 1199.187 1198.81 1198.434 1197.308 1195.729 1194.15 1192.571 1191.154 1191.435 1191.717 1191.999 1192.28 1193.2 1194.64 1196.079 1197.519 1198.94 1199.122 1199.305 1199.487 1199.669 1199.628 1199.345 1199.062 1198.779 1198.496 1198.473 1198.466 1198.459 1198.452 1198.562 1198.842 1199.122 1199.402 1199.682 1199.773 1199.835 1199.897 1199.959 1200.0 1200.0 1200.0 1200.0
1200.0 1200.0 1200.0 1200.0 1200.0 1200.0 1200.0 1200.0 1200.0 1200.0 1200.0 1200.0 1200.0 1200.0 1200.0 1200.0 1200.0 1200.0 1199.93 1199.489 1199.048 1198.607 1198.166 1196.805 1194.887 1192.97 1191.053 1189.319 1189.515 1189.711 1189.907 1190.103 1191.199 1193.031 1194.863 1196.694 1198.503 1198.76 1199.018 1199.275 1199.532 1199.485 1199.105 1198.725 1198.345 1197.965 1197.972 1198.003 1198.034 1198.064 1198.227 1198.582 1198.937 1199.293 1199.648 1199.753 1199.82 1199.888 1199.955 1200.0 1200.0 1200.0 1200.0
1200.0 1200.0 1200.0 1200.0 1200.0 1200.0 1200.0 1200.0 1200.0 1200.0 1200.0 1200.0 1200.0 1200.0 1200.0 1200.0 1200.0 1200.0 1199.919 1199.414 1198.909 1198.403 1197.898 1196.302 1194.046 1191.791 1189.535 1187.485 1187.595 1187.705 1187.815 1187.925 1189.199 1191.422 1193.646 1195.87 1198.066 1198.398 1198.731 1199.063 1199.396 1199.341 1198.865 1198.388 1197.912 1197.435 1197.472 1197.54 1197.608 1197.677 1197.892 1198.323 1198.753 1199.183 1199.614 1199.733 1199.806 1199.879 1199.952 1200.0 1200.0 1200.0 1200.0
1200.0 1200.0 1200.0 1200.0 1200.0 1200.0 1200.0 1200.0 1200.0 1200.0 1200.0 1200.0 1200.0 1200.0 1200.0 1200.0 1200.0 1200.0 1199.907 1199.323 1198.739 1198.156 1197.572 1195.747 1193.172 1190.597 1188.021 1185.643 1185.334 1185.025 1184.716 1184.407 1185.706 1188.317 1190.928 1193.539 1196.117 1196.493 1196.868 1197.243 1197.619 1197.485 1196.796 1196.108 1195.419 1194.73 1195.243 1195.83 1196.417 1197.003 1197.559 1198.069 1198.58 1199.09 1199.6 1199.731 1199.804 1199.878 1199.951 1200.0 1200.0 1200.0 1200.0
1200.0 1200.0 1200.0 1200.0 1200.0 1200.0 1200.0 1200.0 1200.0 1200.0 1200.0 1200.0 1200.0 1200.0 1200.0 1200.0 1200.0 1200.0 1199.894 1199.23 1198.566 1197.901 1197.237 1195.184 1192.292 1189.4 1186.508 1183.8 1183.018 1182.237 1181.456 1180.674 1181.974 1184.971 1187.969 1190.966 1193.926 1194.339 1194.752 1195.165 1195.578 1195.353 1194.433 1193.514 1192.594 1191.675 1192.736 1193.918 1195.101 1196.284 1197.226 1197.817 1198.408 1198.999 1199.59 1199.731 1199.804 1199.878 1199.951 1200.0 1200.0 1200.0 1200.0
1200.0 1200.0 1200.0 1200.0 1200.0 1200.0 1200.0 1200.0 1200.0 1200.0 1200.0 1200.0 1200.0 1200.0 1200.0 1200.0 1200.0 1200.0 1199.881 1199.136 1198.392 1197.647 1196.902 1194.622 1191.413 1188.204 1184.995 1181.957 1180.703 1179.449 1178.195 1176.941 1178.241 1181.625 1185.009 1188.393 1191.734 1192.185 1192.635 1193.086 1193.536 1193.221 1192.071 1190.92 1189.77 1188.619 1190.228 1192.007 1193.786 1195.564 1196.894 1197.565 1198.236 1198.908 1199.579 1199.731 1199.804 1199.878 1199.951 1200.0 1200.0 1200.0 1200.0
1200.0 1200.0 1200.0 1200.0 1200.0 1200.0 1200.0 1200.0 1200.0 1200.0 1200.0 1200.0 1200.0 1200.0 1200.0 1200.0 1200.0 1200.0 1199.868 1199.043 1198.218 1197.392 1196.567 1194.059 1190.533 1187.008 1183.482 1180.113 1178.387 1176.66 1174.934 1173.207 1174.508 1178.279 1182.05 1185.82 1189.543 1190.031 1190.519 1191.007 1191.495 1191.089 1189.708 1188.327 1186.945 1185.564 1187.721 1190.096 1192.47 1194.845 1196.561 1197.313 1198.065 1198.817 1199.569 1199.731 1199.804 1199.878 1199.951 1200.0 1200.0 1200.0 1200.0
1199.939 1199.953 1199.968 1199.982 1199.997 1200.0 1200.0 1200.0 1200.0 1200.0 1200.0 1200.0 1200.0 1200.0 1199.992 1199.981 1199.97 1199.958 1199.798 1198.85 1197.903 1196.955 1196.007 1193.247 1189.39 1185.533 1181.676 1177.958 1175.697 1173.435 1171.173 1168.912 1170.023 1173.886 1177.75 1181.613 1185.427 1185.932 1186.437 1186.941 1187.446 1187.008 1185.54 1184.072 1182.605 1181.137 1184.038 1187.208 1190.378 1193.548 1195.812 1196.751 1197.689 1198.628 1199.566 1199.748 1199.817 1199.885 1199.954 1200.0 1200.0 1200.0 1200.0
1199.734 1199.797 1199.86 1199.923 1199.985 1200.0 1200.0 1200.0 1200.0 1200.0 1200.0 1200.0 1200.0 1200.0 1199.966 1199.917 1199.868 1199.82 1199.592 1198.424 1197.257 1196.089 1194.921 1191.85 1187.628 1183.406 1179.185 1175.074 1172.13 1169.187 1166.243 1163.3 1163.777 1167.044 1170.311 1173.578 1176.805 1177.277 1177.75 1178.222 1178.695 1178.36 1177.145 1175.93 1174.715 1173.499 1177.604 1182.035 1186.467 1190.898 1194.089 1195.462 1196.836 1198.209 1199.582 1199.807 1199.86 1199.912 1199.965 1200.0 1200.0 1200.0 1200.0
1199.53 1199.641 1199.752 1199.863 1199.974 1200.0 1200.0 1200.0 1200.0 1200.0 1200.0 1200.0 1200.0 1200.0 1199.94 1199.854 1199.767 1199.681 1199.387 1197.999 1196.611 1195.223 1193.835 1190.453 1185.867 1181.28 1176.693 1172.189 1168.564 1164.938 1161.313 1157.688 1157.53 1160.201 1162.872 1165.543 1168.182 1168.623 1169.063 1169.503 1169.944 1169.713 1168.75 1167.787 1166.824 1165.862 1171.169 1176.862 1182.556 1188.249 1192.366 1194.174 1195.982 1197.791 1199.599 1199.866 1199.903 1199.939 1199.976 1200.0 1200.0 1200.0 1200.0
1199.325 1199.485 1199.644 1199.804 1199.963 1200.0 1200.0 1200.0 1200.0 1200.0 1200.0 1200.0 1200.0 1200.0 1199.914 1199.79 1199.666 1199.542 1199.181 1197.573 1195.965 1194.357 1192.749 1189.057 1184.105 1179.153 1174.201 1169.305 1164.998 1160.69 1156.383 1152.075 1151.283 1153.358 1155.434 1157.509 1159.56 1159.968 1160.376 1160.784 1161.193 1161.066 1160.355 1159.645 1158.934 1158.224 1164.734 1171.689 1178.645 1185.6 1190.643 1192.886 1195.129 1197.372 1199.615 1199.925 1199.946 1199.966 1199.986 1200.0 1200.0 1200.0 1200.0
1199.121 1199.328 1199.536 1199.744 1199.952 1200.0 1200.0 1200.0 1200.0 1200.0 1200.0 1200.0 1200.0 1200.0 1199.888 1199.726 1199.564 1199.403 1198.975 1197.147 1195.319 1193.491 1191.663 1187.66 1182.343 1177.026 1171.709 1166.42 1161.431 1156.442 1151.453 1146.463 1145.036 1146.516 1147.995 1149.474 1150.938 1151.314 1151.69 1152.065 1152.441 1152.418 1151.96 1151.502 1151.044 1150.586 1158.3 1166.517 1174.733 1182.95 1188.919 1191.597 1194.275 1196.953 1199.631 1199.984 1199.989 1199.993 1199.997 1200.0 1200.0 1200.0 1200.0
1199.05 1199.275 1199.499 1199.724 1199.948 1200.0 1200.0 1200.0 1200.0 1200.0 1200.0 1200.0 1200.0 1200.0 1199.853 1199.642 1199.431 1199.22 1198.743 1196.86 1194.978 1193.096 1191.214 1187.169 1181.815 1176.461 1171.108 1165.727 1160.068 1154.409 1148.75 1143.09 1140.729 1141.058 1141.387 1141.717 1142.045 1142.333 1142.622 1142.91 1143.198 1143.392 1143.483 1143.575 1143.666 1143.757 1152.385 1161.539 1170.693 1179.847 1186.574 1189.746 1192.918 1196.091 1199.263 1199.739 1199.81 1199.881 1199.953 1200.0 1200.0 1200.0 1200.0
1199.027 1199.257 1199.487 1199.717 1199.947 1200.0 1200.0 1200.0 1200.0 1200.0 1200.0 1200.0 1200.0 1200.0 1199.816 1199.551 1199.286 1199.022 1198.5 1196.623 1194.746 1192.87 1190.993 1187.0 1181.727 1176.453 1171.18 1165.816 1159.491 1153.165 1146.84 1140.515 1137.113 1136.094 1135.076 1134.057 1133.056 1133.237 1133.418 1133.599 1133.78 1134.231 1134.977 1135.724 1136.47 1137.216 1146.656 1156.632 1166.607 1176.583 1184.006 1187.694 1191.382 1195.07 1198.757 1199.384 1199.552 1199.72 1199.888 1200.0 1200.0 1200.0 1200.0
1199.005 1199.24 1199.475 1199.71 1199.945 1200.0 1200.0 1200.0 1200.0 1200.0 1200.0 1200.0 1200.0 1200.0 1199.778 1199.46 1199.142 1198.823 1198.257 1196.386 1194.514 1192.643 1190.772 1186.831 1181.638 1176.445 1171.253 1165.904 1158.913 1151.922 1144.931 1137.94 1133.496 1131.13 1128.764 1126.398 1124.068 1124.141 1124.215 1124.288 1124.362 1125.07 1126.471 1127.873 1129.274 1130.675 1140.927 1151.724 1162.521 1173.318 1181.439 1185.642 1189.845 1194.048 1198.252 1199.03 1199.295 1199.559 1199.824 1200.0 1200.0 1200.0 1200.0
1198.982 1199.223 1199.463 1199.704 1199.944 1200.0 1200.0 1200.0 1200.0 1200.0 1200.0 1200.0 1200.0 1200.0 1199.741 1199.369 1198.997 1198.625 1198.014 1196.148 1194.282 1192.417 1190.551 1186.662 1181.55 1176.438 1171.325 1165.992 1158.335 1150.679 1143.022 1135.365 1129.88 1126.167 1122.453 1118.739 1115.079 1115.045 1115.011 1114.977 1114.943 1115.909 1117.965 1120.022 1122.078 1124.134 1135.198 1146.817 1158.435 1170.053 1178.872 1183.59 1188.309 1193.027 1197.746 1198.676 1199.037 1199.398 1199.759 1200.0 1200.0 1200.0 1200.0
1198.955 1199.202 1199.449 1199.696 1199.943 1200.0 1200.0 1200.0 1200.0 1200.0 1200.0 1200.0 1200.0 1200.0 1199.716 1199.307 1198.898 1198.489 1197.858 1196.06 1194.261 1192.463 1190.664 1186.928 1182.02 1177.111 1172.203 1167.011 1158.847 1150.682 1142.518 1134.353 1127.897 1122.834 1117.771 1112.708 1107.715 1107.521 1107.327 1107.133 1106.939 1108.082 1110.683 1113.285 1115.886 1118.487 1130.077 1142.219 1154.362 1166.504 1175.842 1181.073 1186.305 1191.536 1196.767 1197.909 1198.437 1198.966 1199.494 1199.858 1199.892 1199.925 1199.959
1198.91 1199.167 1199.425 1199.683 1199.94 1200.0 1200.0 1200.0 1200.0 1200.0 1200.0 1200.0 1200.0 1200.0 1199.745 1199.38 1199.014 1198.648 1198.111 1196.672 1195.233 1193.794 1192.355 1189.243 1185.119 1180.994 1176.87 1172.414 1164.486 1156.558 1148.63 1140.701 1133.603 1127.182 1120.76 1114.339 1108.001 1107.399 1106.797 1106.195 1105.593 1106.536 1109.164 1111.792 1114.421 1117.049 1127.815 1139.083 1150.35 1161.617 1170.638 1176.369 1182.099 1187.829 1193.56 1195.201 1196.229 1197.257 1198.284 1199.045 1199.272 1199.5 1199.727
1198.865 1199.133 1199.401 1199.669 1199.938 1200.0 1200.0 1200.0 1200.0 1200.0 1200.0 1200.0 1200.0 1200.0 1199.775 1199.452 1199.129 1198.806 1198.363 1197.284 1196.205 1195.126 1194.047 1191.558 1188.218 1184.877 1181.536 1177.818 1170.125 1162.433 1154.741 1147.049 1139.309 1131.529 1123.749 1115.969 1108.288 1107.278 1106.268 1105.258 1104.248 1104.99 1107.645 1110.3 1112.955 1115.61 1125.554 1135.946 1146.338 1156.731 1165.434 1171.663 1177.893 1184.123 1190.353 1192.493 1194.021 1195.548 1197.075 1198.233 1198.653 1199.074 1199.494
1198.819 1199.098 1199.377 1199.656 1199.935 1200.0 1200.0 1200.0 1200.0 1200.0 1200.0 1200.0 1200.0 1200.0 1199.805 1199.525 1199.245 1198.965 1198.615 1197.896 1197.176 1196.457 1195.738 1193.873 1191.317 1188.76 1186.203 1183.22 1175.765 1168.309 1160.853 1153.397 1145.015 1135.877 1126.739 1117.6 1108.574 1107.156 1105.738 1104.32 1102.902 1103.444 1106.126 1108.808 1111.49 1114.172 1123.292 1132.81 1142.327 1151.844 1160.229 1166.958 1173.688 1180.417 1187.146 1189.786 1191.812 1193.839 1195.865 1197.421 1198.034 1198.648 1199.262
1198.774 1199.063 1199.353 1199.643 1199.933 1200.0 1200.0 1200.0 1200.0 1200.0 1200.0 1200.0 1200.0 1200.0 1199.835 1199.598 1199.361 1199.124 1198.867 1198.508 1198.148 1197.788 1197.429 1196.188 1194.416 1192.643 1190.87 1188.624 1181.404 1174.184 1166.965 1159.745 1150.721 1140.224 1129.728 1119.231 1108.86 1107.034 1105.208 1103.382 1101.556 1101.898 1104.607 1107.316 1110.024 1112.733 1121.031 1129.673 1138.315 1146.957 1155.025 1162.254 1169.482 1176.71 1183.939 1187.078 1189.604 1192.13 1194.655 1196.608 1197.415 1198.222 1199.029
1192.866 1194.22 1195.574 1196.928 1198.282 1198.834 1199.143 1199.453 1199.762 1200.0 1200.0 1200.0 1200.0 1200.0 1199.867 1199.676 1199.486 1199.295 1199.104 1198.913 1198.722 1198.531 1198.341 1197.468 1196.183 1194.897 1193.612 1191.868 1185.306 1178.744 1172.182 1165.62 1156.667 1145.764 1134.86 1123.957 1113.171 1110.427 1107.682 1104.938 1102.194 1101.835 1104.08 1106.325 1108.57 1110.815 1118.144 1125.786 1133.427 1141.069 1148.561 1155.835 1163.108 1170.381 1177.655 1181.163 1184.105 1187.048 1189.991 1192.219 1193.015 1193.811 1194.607
1183.26 1186.343 1189.426 1192.509 1195.592 1196.932 1197.746 1198.561 1199.375 1200.0 1200.0 1200.0 1200.0 1200.0 1199.901 1199.758 1199.616 1199.473 1199.331 1199.188 1199.046 1198.903 1198.761 1198.094 1197.109 1196.124 1195.14 1193.751 1188.112 1182.474 1176.835 1171.197 1162.765 1152.055 1141.345 1130.635 1120.022 1116.037 1112.052 1108.068 1104.083 1102.708 1104.18 1105.651 1107.123 1108.595 1114.862 1121.425 1127.987 1134.55 1141.303 1148.334 1155.366 1162.398 1169.43 1173.224 1176.532 1179.84 1183.148 1185.572 1186.228 1186.885 1187.541
1173.655 1178.466 1183.278 1188.09 1192.902 1195.031 1196.349 1197.668 1198.987 1200.0 1200.0 1200.0 1200.0 1200.0 1199.934 1199.84 1199.746 1199.652 1199.558 1199.464 1199.369 1199.275 1199.181 1198.719 1198.035 1197.352 1196.668 1195.633 1190.918 1186.203 1181.489 1176.774 1168.863 1158.346 1147.829 1137.312 1126.872 1121.647 1116.422 1111.197 1105.972 1103.58 1104.279 1104.977 1105.676 1106.374 1111.58 1117.064 1122.547 1128.03 1134.044 1140.834 1147.624 1154.415 1161.205 1165.285 1168.958 1172.631 1176.304 1178.925 1179.442 1179.959 1180.476
