data/zism_data/00074_01_D.txt
ncols         224
nrows         224
[rows 87 to 115 of 224, columns 0 to 65 of 224]
2002.048 2002.181 2002.3 2002.42 2002.539 2002.61 2002.614 2002.617 2002.621 2002.625 2002.583 2002.534 2002.486 2002.438 2002.25 2001.816 2001.382 2000.949 2000.515 2000.362 2000.266 2000.169 2000.073 2000.006 2000.005 2000.004 2000.003 2000.002 2000.079 2000.179 2000.279 2000.379 2000.851 2002.46 2004.069 2005.679 2007.288 2010.181 2013.58 2016.979 2020.378 2023.826 2027.484 2031.142 2034.801 2038.459 2041.667 2044.643 2047.619 2050.594 2053.458 2055.577 2057.696 2059.814 2061.932 2063.776 2065.437 2067.098 2068.759 2070.44 2072.387 2074.334 2076.281 2078.229 2079.877 2081.274
2003.206 2003.481 2003.742 2004.004 2004.265 2004.429 2004.459 2004.489 2004.518 2004.548 2004.463 2004.365 2004.266 2004.168 2003.896 2003.321 2002.745 2002.17 2001.595 2001.297 2001.056 2000.814 2000.572 2000.377 2000.287 2000.198 2000.109 2000.02 2000.061 2000.139 2000.217 2000.296 2000.69 2002.052 2003.414 2004.776 2006.138 2008.877 2012.158 2015.44 2018.721 2022.052 2025.593 2029.135 2032.677 2036.218 2039.398 2042.391 2045.385 2048.378 2051.282 2053.59 2055.898 2058.206 2060.514 2062.592 2064.518 2066.444 2068.37 2070.301 2072.298 2074.295 2076.293 2078.29 2079.938 2081.292
2004.419 2004.844 2005.256 2005.668 2006.081 2006.346 2006.408 2006.47 2006.532 2006.594 2006.465 2006.312 2006.16 2006.007 2005.649 2004.928 2004.207 2003.486 2002.766 2002.314 2001.916 2001.518 2001.12 2000.786 2000.6 2000.414 2000.228 2000.042 2000.044 2000.101 2000.158 2000.214 2000.53 2001.639 2002.748 2003.856 2004.965 2007.551 2010.72 2013.888 2017.057 2020.272 2023.69 2027.107 2030.525 2033.943 2037.098 2040.119 2043.139 2046.159 2049.115 2051.638 2054.161 2056.685 2059.208 2061.541 2063.747 2065.953 2068.159 2070.352 2072.387 2074.422 2076.457 2078.492 2080.131 2081.436
2005.632 2006.207 2006.77 2007.333 2007.896 2008.262 2008.356 2008.451 2008.545 2008.639 2008.466 2008.259 2008.053 2007.847 2007.401 2006.535 2005.669 2004.803 2003.936 2003.33 2002.776 2002.222 2001.668 2001.196 2000.913 2000.63 2000.347 2000.064 2000.027 2000.063 2000.098 2000.133 2000.37 2001.226 2002.081 2002.937 2003.792 2006.226 2009.281 2012.337 2015.392 2018.492 2021.786 2025.08 2028.374 2031.667 2034.799 2037.846 2040.893 2043.94 2046.947 2049.686 2052.425 2055.164 2057.903 2060.49 2062.976 2065.462 2067.948 2070.404 2072.477 2074.549 2076.622 2078.695 2080.324 2081.581
2006.844 2007.57 2008.284 2008.997 2009.711 2010.178 2010.305 2010.432 2010.558 2010.685 2010.467 2010.207 2009.947 2009.686 2009.154 2008.142 2007.13 2006.119 2005.107 2004.347 2003.636 2002.926 2002.215 2001.605 2001.225 2000.845 2000.465 2000.085 2000.011 2000.024 2000.038 2000.052 2000.21 2000.813 2001.415 2002.017 2002.62 2004.901 2007.843 2010.785 2013.727 2016.712 2019.882 2023.052 2026.222 2029.392 2032.499 2035.573 2038.647 2041.721 2044.78 2047.734 2050.688 2053.643 2056.597 2059.438 2062.204 2064.971 2067.737 2070.455 2072.566 2074.676 2076.787 2078.897 2080.517 2081.726
2008.167 2009.021 2009.866 2010.711 2011.556 2012.121 2012.299 2012.478 2012.657 2012.835 2012.596 2012.305 2012.015 2011.724 2011.151 2010.081 2009.01 2007.94 2006.869 2006.019 2005.214 2004.408 2003.602 2002.88 2002.348 2001.816 2001.284 2000.752 2000.561 2000.468 2000.376 2000.283 2000.302 2000.661 2001.02 2001.379 2001.738 2003.818 2006.577 2009.335 2012.094 2014.929 2018.097 2021.265 2024.433 2027.601 2030.784 2033.975 2037.167 2040.358 2043.547 2046.715 2049.883 2053.05 2056.218 2059.279 2062.268 2065.257 2068.246 2071.176 2073.335 2075.495 2077.655 2079.815 2081.405 2082.516
2009.68 2010.625 2011.567 2012.509 2013.451 2014.109 2014.373 2014.638 2014.903 2015.168 2014.947 2014.668 2014.388 2014.108 2013.575 2012.596 2011.617 2010.638 2009.659 2008.833 2008.039 2007.244 2006.449 2005.658 2004.879 2004.099 2003.319 2002.539 2002.096 2001.751 2001.405 2001.06 2000.832 2000.965 2001.098 2001.23 2001.363 2003.159 2005.61 2008.062 2010.513 2013.139 2016.517 2019.895 2023.273 2026.651 2030.087 2033.553 2037.019 2040.485 2043.94 2047.318 2050.696 2054.074 2057.452 2060.67 2063.783 2066.897 2070.01 2073.059 2075.289 2077.519 2079.749 2081.979 2083.501 2084.428
2011.194 2012.23 2013.269 2014.307 2015.346 2016.096 2016.447 2016.798 2017.149 2017.5 2017.299 2017.03 2016.761 2016.492 2015.999 2015.112 2014.224 2013.337 2012.449 2011.648 2010.864 2010.08 2009.295 2008.437 2007.41 2006.382 2005.354 2004.327 2003.632 2003.033 2002.434 2001.836 2001.362 2001.268 2001.175 2001.081 2000.988 2002.5 2004.644 2006.788 2008.933 2011.349 2014.937 2018.525 2022.113 2025.701 2029.39 2033.131 2036.872 2040.612 2044.333 2047.921 2051.509 2055.097 2058.685 2062.062 2065.299 2068.536 2071.773 2074.942 2077.242 2079.542 2081.842 2084.142 2085.597 2086.341
2012.707 2013.834 2014.97 2016.106 2017.242 2018.084 2018.521 2018.958 2019.396 2019.833 2019.65 2019.392 2019.134 2018.876 2018.423 2017.627 2016.831 2016.035 2015.239 2014.462 2013.689 2012.915 2012.142 2011.216 2009.941 2008.665 2007.39 2006.115 2005.168 2004.316 2003.464 2002.612 2001.891 2001.572 2001.252 2000.932 2000.613 2001.84 2003.678 2005.515 2007.352 2009.559 2013.357 2017.155 2020.953 2024.751 2028.693 2032.708 2036.724 2040.74 2044.727 2048.525 2052.323 2056.121 2059.919 2063.454 2066.815 2070.176 2073.537 2076.826 2079.196 2081.566 2083.936 2086.306 2087.693 2088.254
2014.221 2015.439 2016.672 2017.904 2019.137 2020.072 2020.595 2021.119 2021.642 2022.165 2022.002 2021.754 2021.507 2021.26 2020.847 2020.142 2019.438 2018.734 2018.029 2017.276 2016.514 2015.751 2014.989 2013.995 2012.472 2010.948 2009.425 2007.902 2006.703 2005.598 2004.493 2003.388 2002.421 2001.875 2001.329 2000.783 2000.238 2001.181 2002.711 2004.242 2005.772 2007.769 2011.777 2015.785 2019.793 2023.802 2027.996 2032.286 2036.576 2040.867 2045.12 2049.128 2053.136 2057.144 2061.152 2064.846 2068.331 2071.815 2075.3 2078.709 2081.149 2083.589 2086.029 2088.469 2089.789 2090.167
2015.934 2017.158 2018.401 2019.643 2020.885 2021.869 2022.496 2023.123 2023.75 2024.377 2024.262 2024.056 2023.85 2023.644 2023.282 2022.648 2022.013 2021.379 2020.744 2020.103 2019.46 2018.817 2018.175 2017.247 2015.668 2014.089 2012.51 2010.932 2009.649 2008.452 2007.256 2006.059 2004.986 2004.293 2003.599 2002.906 2002.212 2002.988 2004.342 2005.696 2007.05 2008.922 2013.022 2017.122 2021.223 2025.323 2029.626 2034.034 2038.442 2042.85 2047.216 2051.308 2055.4 2059.491 2063.583 2067.284 2070.727 2074.17 2077.613 2080.975 2083.306 2085.637 2087.969 2090.3 2091.508 2091.773
2017.694 2018.904 2020.136 2021.368 2022.599 2023.622 2024.357 2025.092 2025.826 2026.561 2026.501 2026.343 2026.185 2026.028 2025.721 2025.151 2024.581 2024.011 2023.441 2022.932 2022.434 2021.937 2021.44 2020.61 2019.021 2017.431 2015.841 2014.252 2012.925 2011.674 2010.424 2009.173 2008.028 2007.205 2006.382 2005.56 2004.737 2005.371 2006.58 2007.789 2008.998 2010.763 2014.928 2019.093 2023.259 2027.424 2031.802 2036.291 2040.779 2045.268 2049.712 2053.857 2058.003 2062.148 2066.293 2069.968 2073.33 2076.692 2080.054 2083.33 2085.511 2087.691 2089.871 2092.052 2093.138 2093.306
2019.453 2020.65 2021.871 2023.092 2024.313 2025.375 2026.218 2027.06 2027.903 2028.745 2028.739 2028.63 2028.521 2028.412 2028.159 2027.654 2027.149 2026.644 2026.138 2025.761 2025.409 2025.057 2024.705 2023.974 2022.373 2020.773 2019.172 2017.572 2016.201 2014.896 2013.592 2012.288 2011.07 2010.118 2009.166 2008.214 2007.262 2007.755 2008.819 2009.882 2010.945 2012.605 2016.835 2021.064 2025.294 2029.524 2033.978 2038.547 2043.116 2047.686 2052.207 2056.406 2060.606 2064.805 2069.004 2072.651 2075.933 2079.214 2082.495 2085.686 2087.715 2089.745 2091.774 2093.804 2094.769 2094.84
2021.213 2022.397 2023.607 2024.817 2026.027 2027.128 2028.078 2029.028 2029.979 2030.929 2030.978 2030.917 2030.857 2030.796 2030.598 2030.157 2029.717 2029.276 2028.835 2028.59 2028.383 2028.177 2027.971 2027.337 2025.725 2024.114 2022.503 2020.892 2019.477 2018.119 2016.76 2015.402 2014.112 2013.031 2011.949 2010.868 2009.786 2010.139 2011.057 2011.975 2012.893 2014.447 2018.741 2023.036 2027.33 2031.624 2036.153 2040.803 2045.454 2050.104 2054.702 2058.955 2063.209 2067.462 2071.715 2075.335 2078.536 2081.736 2084.937 2088.041 2089.92 2091.799 2093.677 2095.556 2096.399 2096.374
2022.978 2024.143 2025.335 2026.528 2027.72 2028.855 2029.91 2030.965 2032.02 2033.076 2033.181 2033.17 2033.159 2033.148 2033.01 2032.648 2032.286 2031.923 2031.561 2031.448 2031.384 2031.32 2031.257 2030.726 2029.127 2027.529 2025.93 2024.331 2022.917 2021.556 2020.194 2018.833 2017.524 2016.376 2015.227 2014.078 2012.93 2013.162 2013.938 2014.715 2015.492 2016.938 2021.273 2025.607 2029.941 2034.275 2038.855 2043.561 2048.267 2052.973 2057.621 2061.875 2066.13 2070.385 2074.64 2078.17 2081.221 2084.272 2087.323 2090.275 2091.963 2093.651 2095.339 2097.027 2097.743 2097.642
2024.757 2025.888 2027.042 2028.197 2029.352 2030.506 2031.658 2032.81 2033.962 2035.114 2035.278 2035.321 2035.364 2035.407 2035.346 2035.103 2034.859 2034.615 2034.371 2034.39 2034.461 2034.532 2034.603 2034.19 2032.672 2031.154 2029.637 2028.119 2026.835 2025.619 2024.404 2023.188 2022.016 2020.981 2019.945 2018.91 2017.874 2018.046 2018.693 2019.34 2019.988 2021.323 2025.625 2029.927 2034.229 2038.531 2043.089 2047.779 2052.469 2057.159 2061.772 2065.876 2069.98 2074.084 2078.188 2081.448 2084.149 2086.85 2089.551 2092.156 2093.537 2094.917 2096.299 2097.679 2098.249 2098.137
2026.535 2027.633 2028.75 2029.867 2030.984 2032.156 2033.406 2034.655 2035.904 2037.153 2037.375 2037.472 2037.569 2037.666 2037.682 2037.557 2037.432 2037.307 2037.181 2037.332 2037.537 2037.743 2037.948 2037.654 2036.217 2034.78 2033.343 2031.906 2030.754 2029.683 2028.613 2027.542 2026.508 2025.586 2024.663 2023.741 2022.818 2022.929 2023.447 2023.965 2024.483 2025.708 2029.978 2034.247 2038.517 2042.786 2047.323 2051.997 2056.67 2061.344 2065.924 2069.877 2073.831 2077.784 2081.737 2084.726 2087.077 2089.427 2091.778 2094.036 2095.11 2096.184 2097.258 2098.332 2098.756 2098.633
2028.314 2029.378 2030.457 2031.536 2032.616 2033.807 2035.153 2036.499 2037.845 2039.191 2039.472 2039.623 2039.774 2039.925 2040.018 2040.011 2040.005 2039.998 2039.991 2040.274 2040.614 2040.954 2041.294 2041.118 2039.762 2038.406 2037.05 2035.694 2034.672 2033.747 2032.822 2031.897 2031.0 2030.191 2029.382 2028.572 2027.763 2027.813 2028.202 2028.591 2028.979 2030.093 2034.33 2038.568 2042.805 2047.042 2051.557 2056.214 2060.872 2065.53 2070.076 2073.878 2077.681 2081.483 2085.285 2088.004 2090.005 2092.005 2094.006 2095.917 2096.684 2097.45 2098.217 2098.984 2099.262 2099.129
2030.093 2031.123 2032.164 2033.206 2034.248 2035.458 2036.901 2038.344 2039.787 2041.23 2041.569 2041.774 2041.979 2042.183 2042.354 2042.466 2042.578 2042.689 2042.801 2043.216 2043.691 2044.165 2044.64 2044.583 2043.307 2042.032 2040.756 2039.481 2038.59 2037.811 2037.031 2036.251 2035.492 2034.796 2034.1 2033.404 2032.708 2032.697 2032.956 2033.216 2033.475 2034.478 2038.683 2042.888 2047.093 2051.298 2055.791 2060.432 2065.074 2069.715 2074.228 2077.879 2081.531 2085.182 2088.834 2091.282 2092.932 2094.583 2096.233 2097.797 2098.257 2098.717 2099.177 2099.637 2099.769 2099.625
2031.718 2032.764 2033.821 2034.878 2035.934 2037.177 2038.675 2040.174 2041.672 2043.17 2043.591 2043.879 2044.168 2044.457 2044.714 2044.914 2045.114 2045.314 2045.514 2046.083 2046.727 2047.37 2048.014 2048.106 2046.938 2045.77 2044.602 2043.433 2042.668 2042.018 2041.369 2040.72 2040.059 2039.363 2038.667 2037.97 2037.274 2037.23 2037.443 2037.656 2037.87 2038.827 2042.988 2047.149 2051.311 2055.472 2059.892 2064.446 2068.999 2073.553 2077.945 2081.257 2084.569 2087.881 2091.193 2093.32 2094.662 2096.003 2097.345 2098.612 2098.924 2099.235 2099.546 2099.858 2099.932 2099.808
2033.276 2034.361 2035.455 2036.55 2037.645 2038.925 2040.461 2041.997 2043.533 2045.069 2045.58 2045.966 2046.351 2046.737 2047.083 2047.358 2047.634 2047.909 2048.185 2048.919 2049.746 2050.573 2051.399 2051.655 2050.605 2049.556 2048.506 2047.456 2046.813 2046.288 2045.763 2045.237 2044.658 2043.913 2043.168 2042.423 2041.678 2041.613 2041.816 2042.018 2042.221 2043.16 2047.273 2051.385 2055.498 2059.611 2063.936 2068.372 2072.807 2077.242 2081.476 2084.368 2087.26 2090.152 2093.043 2094.828 2095.879 2096.93 2097.981 2098.972 2099.203 2099.434 2099.664 2099.895 2099.95 2099.858
2034.835 2035.958 2037.09 2038.222 2039.355 2040.672 2042.246 2043.82 2045.394 2046.968 2047.569 2048.052 2048.534 2049.017 2049.452 2049.803 2050.154 2050.504 2050.855 2051.755 2052.765 2053.775 2054.785 2055.204 2054.273 2053.341 2052.41 2051.479 2050.959 2050.557 2050.156 2049.754 2049.257 2048.463 2047.67 2046.876 2046.083 2045.996 2046.188 2046.38 2046.572 2047.493 2051.557 2055.621 2059.686 2063.75 2067.981 2072.298 2076.614 2080.931 2085.007 2087.479 2089.951 2092.422 2094.894 2096.336 2097.096 2097.856 2098.616 2099.333 2099.482 2099.632 2099.782 2099.932 2099.968 2099.907
2036.393 2037.555 2038.725 2039.895 2041.065 2042.42 2044.032 2045.643 2047.255 2048.866 2049.558 2050.138 2050.717 2051.297 2051.821 2052.247 2052.674 2053.1 2053.526 2054.591 2055.784 2056.977 2058.17 2058.753 2057.94 2057.127 2056.314 2055.502 2055.104 2054.827 2054.549 2054.272 2053.855 2053.013 2052.171 2051.33 2050.488 2050.38 2050.561 2050.741 2050.922 2051.826 2055.842 2059.858 2063.874 2067.889 2072.025 2076.224 2080.422 2084.62 2088.538 2090.59 2092.642 2094.693 2096.745 2097.845 2098.314 2098.783 2099.252 2099.692 2099.761 2099.831 2099.899 2099.969 2099.985 2099.957
2037.899 2039.099 2040.306 2041.514 2042.722 2044.111 2045.751 2047.39 2049.03 2050.67 2051.455 2052.135 2052.816 2053.496 2054.116 2054.631 2055.145 2055.659 2056.174 2057.394 2058.756 2060.118 2061.48 2062.225 2061.561 2060.896 2060.232 2059.568 2059.287 2059.117 2058.947 2058.776 2058.426 2057.522 2056.618 2055.715 2054.811 2054.672 2054.834 2054.997 2055.159 2056.032 2059.971 2063.909 2067.847 2071.786 2075.806 2079.868 2083.931 2087.993 2091.742 2093.399 2095.057 2096.714 2098.372 2099.161 2099.374 2099.588 2099.802 2100.0 2100.0 2100.0 2100.0 2100.0 2100.0 2100.0
2039.093 2040.33 2041.575 2042.82 2044.066 2045.466 2047.078 2048.691 2050.304 2051.917 2052.809 2053.614 2054.418 2055.222 2055.98 2056.656 2057.332 2058.008 2058.684 2060.003 2061.451 2062.899 2064.347 2065.251 2064.91 2064.569 2064.228 2063.886 2063.686 2063.527 2063.367 2063.208 2062.831 2061.787 2060.743 2059.7 2058.656 2058.431 2058.529 2058.626 2058.724 2059.499 2063.189 2066.88 2070.57 2074.26 2078.04 2081.865 2085.691 2089.516 2093.027 2094.442 2095.857 2097.273 2098.688 2099.351 2099.516 2099.681 2099.847 2100.0 2100.0 2100.0 2100.0 2100.0 2100.0 2100.0
2040.287 2041.561 2042.844 2044.127 2045.41 2046.82 2048.406 2049.992 2051.578 2053.164 2054.164 2055.092 2056.02 2056.948 2057.844 2058.681 2059.519 2060.356 2061.194 2062.612 2064.146 2065.68 2067.215 2068.277 2068.259 2068.241 2068.223 2068.205 2068.085 2067.937 2067.788 2067.64 2067.236 2066.052 2064.869 2063.685 2062.501 2062.19 2062.223 2062.256 2062.289 2062.965 2066.407 2069.85 2073.293 2076.736 2080.274 2083.863 2087.451 2091.04 2094.313 2095.486 2096.658 2097.831 2099.004 2099.542 2099.658 2099.775 2099.892 2100.0 2100.0 2100.0 2100.0 2100.0 2100.0 2100.0
2041.481 2042.792 2044.113 2045.434 2046.754 2048.175 2049.734 2051.293 2052.852 2054.411 2055.519 2056.571 2057.623 2058.675 2059.708 2060.707 2061.706 2062.705 2063.704 2065.221 2066.841 2068.462 2070.082 2071.302 2071.608 2071.913 2072.218 2072.523 2072.485 2072.347 2072.209 2072.072 2071.642 2070.318 2068.994 2067.67 2066.346 2065.95 2065.918 2065.886 2065.855 2066.431 2069.626 2072.821 2076.016 2079.211 2082.509 2085.86 2089.212 2092.563 2095.599 2096.529 2097.459 2098.39 2099.32 2099.732 2099.8 2099.868 2099.937 2100.0 2100.0 2100.0 2100.0 2100.0 2100.0 2100.0
2042.676 2044.023 2045.382 2046.74 2048.099 2049.53 2051.062 2052.594 2054.126 2055.658 2056.873 2058.049 2059.225 2060.401 2061.572 2062.732 2063.893 2065.053 2066.214 2067.83 2069.536 2071.243 2072.95 2074.328 2074.957 2075.585 2076.213 2076.842 2076.885 2076.757 2076.63 2076.503 2076.047 2074.583 2073.119 2071.656 2070.192 2069.709 2069.613 2069.516 2069.42 2069.897 2072.844 2075.792 2078.739 2081.686 2084.743 2087.858 2090.972 2094.087 2096.885 2097.573 2098.26 2098.948 2099.636 2099.922 2099.942 2099.962 2099.982 2100.0 2100.0 2100.0 2100.0 2100.0 2100.0 2100.0
2043.913 2045.307 2046.712 2048.118 2049.524 2050.975 2052.49 2054.005 2055.52 2057.034 2058.321 2059.579 2060.837 2062.096 2063.358 2064.626 2065.894 2067.162 2068.43 2070.128 2071.911 2073.694 2075.478 2076.986 2077.868 2078.75 2079.631 2080.512 2080.665 2080.606 2080.547 2080.488 2080.073 2078.568 2077.063 2075.557 2074.052 2073.482 2073.279 2073.077 2072.875 2073.217 2075.903 2078.59 2081.277 2083.963 2086.723 2089.521 2092.319 2095.117 2097.62 2098.161 2098.702 2099.243 2099.784 2100.0 2100.0 2100.0 2100.0 2100.0 2100.0 2100.0 2100.0 2100.0 2100.0 2100.0
