data/zism_data/00079_03_D.txt
ncols         224
nrows         224
[rows 145 to 173 of 224, columns 134 to 200 of 224]
1453.011 1452.855 1452.725 1452.608 1452.492 1452.375 1452.264 1452.205 1452.146 1452.086 1452.027 1452.0 1452.0 1452.0 1452.0 1452.0 1451.871 1451.741 1451.611 1451.48 1451.393 1451.363 1451.334 1451.304 1451.274 1451.271 1451.271 1451.271 1451.271 1451.271 1451.271 1451.271 1451.271 1451.271 1451.271 1451.271 1451.271 1451.271 1451.271 1451.271 1451.271 1451.271 1451.271 1451.271 1451.271 1451.271 1451.271 1451.273 1451.302 1451.332 1451.362 1451.392 1451.474 1451.604 1451.734 1451.865 1451.995 1452.0 1452.0 1452.0 1452.0 1452.0 1452.0 1452.0 1452.0 1452.0 1452.059
1453.092 1452.93 1452.809 1452.709 1452.608 1452.508 1452.408 1452.317 1452.225 1452.133 1452.042 1452.0 1452.0 1452.0 1452.0 1452.0 1451.919 1451.837 1451.755 1451.673 1451.607 1451.561 1451.515 1451.469 1451.423 1451.417 1451.417 1451.417 1451.417 1451.417 1451.417 1451.417 1451.417 1451.417 1451.417 1451.417 1451.417 1451.417 1451.417 1451.417 1451.417 1451.417 1451.417 1451.417 1451.417 1451.417 1451.417 1451.421 1451.467 1451.513 1451.558 1451.604 1451.669 1451.751 1451.833 1451.915 1451.997 1452.0 1452.0 1452.0 1452.0 1452.0 1452.0 1452.0 1452.0 1452.0 1452.091
1453.173 1453.006 1452.893 1452.809 1452.724 1452.64 1452.552 1452.428 1452.304 1452.18 1452.057 1452.0 1452.0 1452.0 1452.0 1452.0 1451.967 1451.933 1451.9 1451.866 1451.82 1451.758 1451.696 1451.634 1451.573 1451.564 1451.564 1451.564 1451.564 1451.564 1451.564 1451.564 1451.564 1451.564 1451.564 1451.564 1451.564 1451.564 1451.564 1451.564 1451.564 1451.564 1451.564 1451.564 1451.564 1451.564 1451.564 1451.569 1451.631 1451.693 1451.755 1451.817 1451.864 1451.898 1451.932 1451.965 1451.999 1452.0 1452.0 1452.0 1452.0 1452.0 1452.0 1452.0 1452.0 1452.0 1452.122
1453.281 1453.121 1453.016 1452.938 1452.859 1452.781 1452.696 1452.548 1452.401 1452.253 1452.105 1452.033 1452.025 1452.016 1452.008 1452.0 1452.0 1452.0 1452.0 1452.0 1451.971 1451.903 1451.834 1451.766 1451.698 1451.689 1451.689 1451.689 1451.689 1451.689 1451.689 1451.689 1451.689 1451.689 1451.689 1451.689 1451.689 1451.689 1451.689 1451.689 1451.689 1451.689 1451.689 1451.689 1451.689 1451.689 1451.689 1451.694 1451.763 1451.831 1451.899 1451.967 1452.0 1452.0 1452.0 1452.0 1452.0 1452.005 1452.01 1452.015 1452.019 1452.025 1452.032 1452.038 1452.045 1452.051 1452.19
1453.451 1453.329 1453.225 1453.131 1453.037 1452.943 1452.843 1452.69 1452.536 1452.383 1452.23 1452.141 1452.106 1452.071 1452.036 1452.0 1452.0 1452.0 1452.0 1452.0 1451.978 1451.926 1451.874 1451.821 1451.769 1451.762 1451.762 1451.762 1451.762 1451.762 1451.762 1451.762 1451.762 1451.762 1451.762 1451.762 1451.762 1451.762 1451.762 1451.762 1451.762 1451.762 1451.762 1451.762 1451.762 1451.762 1451.762 1451.767 1451.819 1451.871 1451.923 1451.975 1452.0 1452.0 1452.0 1452.0 1452.0 1452.02 1452.041 1452.062 1452.083 1452.107 1452.135 1452.163 1452.191 1452.219 1452.339
1453.621 1453.537 1453.435 1453.325 1453.215 1453.104 1452.989 1452.831 1452.672 1452.513 1452.355 1452.249 1452.187 1452.125 1452.063 1452.001 1452.0 1452.0 1452.0 1452.0 1451.985 1451.949 1451.913 1451.877 1451.841 1451.836 1451.836 1451.836 1451.836 1451.836 1451.836 1451.836 1451.836 1451.836 1451.836 1451.836 1451.836 1451.836 1451.836 1451.836 1451.836 1451.836 1451.836 1451.836 1451.836 1451.836 1451.836 1451.839 1451.875 1451.911 1451.947 1451.983 1452.0 1452.0 1452.0 1452.0 1452.0 1452.036 1452.073 1452.11 1452.147 1452.189 1452.239 1452.289 1452.338 1452.388 1452.487
1453.791 1453.744 1453.645 1453.519 1453.392 1453.266 1453.136 1452.972 1452.808 1452.644 1452.48 1452.356 1452.268 1452.179 1452.09 1452.001 1452.0 1452.0 1452.0 1452.0 1451.991 1451.972 1451.952 1451.932 1451.912 1451.909 1451.909 1451.909 1451.909 1451.909 1451.909 1451.909 1451.909 1451.909 1451.909 1451.909 1451.909 1451.909 1451.909 1451.909 1451.909 1451.909 1451.909 1451.909 1451.909 1451.909 1451.909 1451.911 1451.931 1451.951 1451.971 1451.99 1452.0 1452.0 1452.0 1452.0 1452.0 1452.051 1452.105 1452.158 1452.211 1452.272 1452.343 1452.414 1452.485 1452.556 1452.636
1453.961 1453.952 1453.855 1453.712 1453.57 1453.427 1453.282 1453.113 1452.943 1452.774 1452.604 1452.464 1452.349 1452.233 1452.117 1452.002 1452.0 1452.0 1452.0 1452.0 1451.998 1451.995 1451.991 1451.987 1451.983 1451.983 1451.983 1451.983 1451.983 1451.983 1451.983 1451.983 1451.983 1451.983 1451.983 1451.983 1451.983 1451.983 1451.983 1451.983 1451.983 1451.983 1451.983 1451.983 1451.983 1451.983 1451.983 1451.983 1451.987 1451.991 1451.995 1451.998 1452.0 1452.0 1452.0 1452.0 1452.0 1452.067 1452.136 1452.206 1452.275 1452.354 1452.446 1452.539 1452.631 1452.724 1452.785
1454.04 1454.052 1453.968 1453.834 1453.7 1453.567 1453.429 1453.263 1453.096 1452.93 1452.763 1452.619 1452.493 1452.367 1452.241 1452.115 1452.089 1452.064 1452.039 1452.014 1452.0 1452.0 1452.0 1452.0 1452.0 1452.0 1452.0 1452.0 1452.0 1452.0 1452.0 1452.0 1452.0 1452.0 1452.0 1452.0 1452.0 1452.0 1452.0 1452.0 1452.0 1452.0 1452.0 1452.0 1452.0 1452.0 1452.0 1452.0 1452.0 1452.0 1452.0 1452.0 1452.019 1452.057 1452.094 1452.131 1452.168 1452.228 1452.289 1452.349 1452.41 1452.479 1452.56 1452.641 1452.722 1452.803 1452.85
1454.092 1454.12 1454.052 1453.935 1453.817 1453.699 1453.577 1453.416 1453.255 1453.093 1452.932 1452.787 1452.656 1452.525 1452.393 1452.262 1452.204 1452.147 1452.09 1452.033 1452.0 1452.0 1452.0 1452.0 1452.0 1452.0 1452.0 1452.0 1452.0 1452.0 1452.0 1452.0 1452.0 1452.0 1452.0 1452.0 1452.0 1452.0 1452.0 1452.0 1452.0 1452.0 1452.0 1452.0 1452.0 1452.0 1452.0 1452.0 1452.0 1452.0 1452.0 1452.0 1452.045 1452.13 1452.216 1452.301 1452.387 1452.433 1452.477 1452.522 1452.567 1452.617 1452.677 1452.736 1452.796 1452.855 1452.89
1454.144 1454.188 1454.136 1454.035 1453.933 1453.832 1453.724 1453.569 1453.413 1453.257 1453.101 1452.956 1452.819 1452.682 1452.546 1452.409 1452.319 1452.23 1452.14 1452.051 1452.0 1452.0 1452.0 1452.0 1452.0 1452.0 1452.0 1452.0 1452.0 1452.0 1452.0 1452.0 1452.0 1452.0 1452.0 1452.0 1452.0 1452.0 1452.0 1452.0 1452.0 1452.0 1452.0 1452.0 1452.0 1452.0 1452.0 1452.0 1452.0 1452.0 1452.0 1452.0 1452.07 1452.204 1452.338 1452.471 1452.605 1452.638 1452.666 1452.695 1452.723 1452.756 1452.794 1452.832 1452.87 1452.908 1452.93
1454.195 1454.256 1454.221 1454.135 1454.049 1453.964 1453.872 1453.721 1453.571 1453.421 1453.27 1453.124 1452.982 1452.84 1452.698 1452.556 1452.434 1452.313 1452.191 1452.07 1452.0 1452.0 1452.0 1452.0 1452.0 1452.0 1452.0 1452.0 1452.0 1452.0 1452.0 1452.0 1452.0 1452.0 1452.0 1452.0 1452.0 1452.0 1452.0 1452.0 1452.0 1452.0 1452.0 1452.0 1452.0 1452.0 1452.0 1452.0 1452.0 1452.0 1452.0 1452.0 1452.095 1452.277 1452.46 1452.642 1452.824 1452.843 1452.855 1452.867 1452.88 1452.894 1452.91 1452.927 1452.943 1452.96 1452.969
1454.271 1454.343 1454.314 1454.234 1454.153 1454.072 1453.986 1453.844 1453.703 1453.562 1453.421 1453.276 1453.128 1452.981 1452.833 1452.686 1452.547 1452.408 1452.269 1452.131 1452.051 1452.051 1452.051 1452.051 1452.051 1452.051 1452.051 1452.051 1452.051 1452.051 1452.051 1452.051 1452.051 1452.051 1452.051 1452.051 1452.051 1452.051 1452.051 1452.051 1452.051 1452.051 1452.051 1452.051 1452.051 1452.051 1452.051 1452.051 1452.051 1452.051 1452.051 1452.051 1452.16 1452.368 1452.576 1452.784 1452.992 1453.0 1453.0 1453.0 1453.0 1453.0 1453.0 1453.0 1453.0 1453.0 1453.006
1454.425 1454.492 1454.44 1454.327 1454.214 1454.101 1453.988 1453.868 1453.748 1453.629 1453.509 1453.371 1453.218 1453.065 1452.912 1452.759 1452.652 1452.546 1452.439 1452.333 1452.272 1452.272 1452.272 1452.272 1452.272 1452.272 1452.272 1452.272 1452.272 1452.272 1452.272 1452.272 1452.272 1452.272 1452.272 1452.272 1452.272 1452.272 1452.272 1452.272 1452.272 1452.272 1452.272 1452.272 1452.272 1452.272 1452.272 1452.272 1452.272 1452.272 1452.272 1452.272 1452.355 1452.515 1452.675 1452.834 1452.994 1453.0 1453.0 1453.0 1453.0 1453.0 1453.0 1453.0 1453.0 1453.0 1453.034
1454.579 1454.641 1454.566 1454.421 1454.276 1454.13 1453.99 1453.892 1453.793 1453.695 1453.597 1453.466 1453.308 1453.15 1452.991 1452.833 1452.757 1452.683 1452.609 1452.535 1452.492 1452.492 1452.492 1452.492 1452.492 1452.492 1452.492 1452.492 1452.492 1452.492 1452.492 1452.492 1452.492 1452.492 1452.492 1452.492 1452.492 1452.492 1452.492 1452.492 1452.492 1452.492 1452.492 1452.492 1452.492 1452.492 1452.492 1452.492 1452.492 1452.492 1452.492 1452.492 1452.55 1452.662 1452.773 1452.885 1452.996 1453.0 1453.0 1453.0 1453.0 1453.0 1453.0 1453.0 1453.0 1453.0 1453.061
1454.734 1454.789 1454.691 1454.514 1454.337 1454.159 1453.992 1453.915 1453.839 1453.762 1453.685 1453.561 1453.397 1453.234 1453.07 1452.906 1452.863 1452.821 1452.779 1452.737 1452.712 1452.712 1452.712 1452.712 1452.712 1452.712 1452.712 1452.712 1452.712 1452.712 1452.712 1452.712 1452.712 1452.712 1452.712 1452.712 1452.712 1452.712 1452.712 1452.712 1452.712 1452.712 1452.712 1452.712 1452.712 1452.712 1452.712 1452.712 1452.712 1452.712 1452.712 1452.712 1452.745 1452.808 1452.872 1452.935 1452.998 1453.0 1453.0 1453.0 1453.0 1453.0 1453.0 1453.0 1453.0 1453.0 1453.088
1454.888 1454.938 1454.817 1454.608 1454.398 1454.188 1453.994 1453.939 1453.884 1453.828 1453.773 1453.656 1453.487 1453.318 1453.149 1452.98 1452.968 1452.958 1452.948 1452.938 1452.933 1452.933 1452.933 1452.933 1452.933 1452.933 1452.933 1452.933 1452.933 1452.933 1452.933 1452.933 1452.933 1452.933 1452.933 1452.933 1452.933 1452.933 1452.933 1452.933 1452.933 1452.933 1452.933 1452.933 1452.933 1452.933 1452.933 1452.933 1452.933 1452.933 1452.933 1452.933 1452.941 1452.955 1452.97 1452.985 1453.0 1453.0 1453.0 1453.0 1453.0 1453.0 1453.0 1453.0 1453.0 1453.0 1453.116
1454.945 1454.986 1454.863 1454.655 1454.446 1454.238 1454.046 1453.993 1453.941 1453.888 1453.836 1453.729 1453.577 1453.425 1453.273 1453.121 1453.094 1453.067 1453.041 1453.015 1453.0 1453.0 1453.0 1453.0 1453.0 1453.0 1453.0 1453.0 1453.0 1453.0 1453.0 1453.0 1453.0 1453.0 1453.0 1453.0 1453.0 1453.0 1453.0 1453.0 1453.0 1453.0 1453.0 1453.0 1453.0 1453.0 1453.0 1453.0 1453.0 1453.0 1453.0 1453.0 1453.002 1453.006 1453.009 1453.013 1453.017 1453.024 1453.032 1453.039 1453.047 1453.057 1453.072 1453.087 1453.102 1453.117 1453.231
1454.959 1454.99 1454.873 1454.681 1454.489 1454.297 1454.119 1454.061 1454.003 1453.945 1453.887 1453.793 1453.668 1453.543 1453.418 1453.293 1453.228 1453.164 1453.1 1453.036 1453.0 1453.0 1453.0 1453.0 1453.0 1453.0 1453.0 1453.0 1453.0 1453.0 1453.0 1453.0 1453.0 1453.0 1453.0 1453.0 1453.0 1453.0 1453.0 1453.0 1453.0 1453.0 1453.0 1453.0 1453.0 1453.0 1453.0 1453.0 1453.0 1453.0 1453.0 1453.0 1453.005 1453.014 1453.023 1453.032 1453.041 1453.059 1453.077 1453.096 1453.114 1453.139 1453.176 1453.212 1453.249 1453.285 1453.384
1454.974 1454.993 1454.884 1454.708 1454.532 1454.356 1454.192 1454.128 1454.065 1454.002 1453.939 1453.856 1453.758 1453.66 1453.562 1453.464 1453.362 1453.261 1453.159 1453.058 1453.0 1453.0 1453.0 1453.0 1453.0 1453.0 1453.0 1453.0 1453.0 1453.0 1453.0 1453.0 1453.0 1453.0 1453.0 1453.0 1453.0 1453.0 1453.0 1453.0 1453.0 1453.0 1453.0 1453.0 1453.0 1453.0 1453.0 1453.0 1453.0 1453.0 1453.0 1453.0 1453.008 1453.022 1453.036 1453.051 1453.065 1453.094 1453.123 1453.152 1453.181 1453.222 1453.28 1453.338 1453.396 1453.453 1453.537
1454.988 1454.997 1454.895 1454.735 1454.575 1454.415 1454.265 1454.196 1454.127 1454.059 1453.99 1453.92 1453.849 1453.777 1453.706 1453.635 1453.497 1453.358 1453.219 1453.08 1453.0 1453.0 1453.0 1453.0 1453.0 1453.0 1453.0 1453.0 1453.0 1453.0 1453.0 1453.0 1453.0 1453.0 1453.0 1453.0 1453.0 1453.0 1453.0 1453.0 1453.0 1453.0 1453.0 1453.0 1453.0 1453.0 1453.0 1453.0 1453.0 1453.0 1453.0 1453.0 1453.01 1453.03 1453.05 1453.07 1453.09 1453.129 1453.169 1453.208 1453.248 1453.304 1453.383 1453.463 1453.542 1453.622 1453.69
1455.0 1455.0 1454.907 1454.766 1454.625 1454.484 1454.35 1454.279 1454.208 1454.138 1454.067 1454.005 1453.951 1453.896 1453.841 1453.786 1453.623 1453.459 1453.294 1453.129 1453.034 1453.031 1453.029 1453.026 1453.024 1453.026 1453.028 1453.031 1453.033 1453.035 1453.035 1453.035 1453.035 1453.035 1453.035 1453.035 1453.035 1453.035 1453.035 1453.035 1453.035 1453.035 1453.035 1453.035 1453.035 1453.035 1453.035 1453.035 1453.035 1453.035 1453.035 1453.035 1453.047 1453.071 1453.094 1453.118 1453.141 1453.188 1453.235 1453.282 1453.329 1453.395 1453.489 1453.583 1453.677 1453.771 1453.826
1455.0 1455.0 1454.928 1454.819 1454.71 1454.602 1454.498 1454.444 1454.389 1454.335 1454.28 1454.205 1454.113 1454.021 1453.928 1453.836 1453.709 1453.582 1453.455 1453.328 1453.248 1453.229 1453.21 1453.192 1453.173 1453.187 1453.205 1453.224 1453.243 1453.256 1453.256 1453.256 1453.256 1453.256 1453.256 1453.256 1453.256 1453.256 1453.256 1453.256 1453.256 1453.256 1453.256 1453.256 1453.256 1453.256 1453.256 1453.256 1453.256 1453.256 1453.256 1453.256 1453.265 1453.283 1453.301 1453.319 1453.338 1453.373 1453.41 1453.446 1453.482 1453.533 1453.606 1453.678 1453.751 1453.824 1453.865
1455.0 1455.0 1454.949 1454.873 1454.796 1454.72 1454.647 1454.609 1454.57 1454.532 1454.494 1454.405 1454.275 1454.145 1454.016 1453.885 1453.796 1453.706 1453.617 1453.527 1453.461 1453.426 1453.391 1453.357 1453.322 1453.348 1453.382 1453.417 1453.452 1453.476 1453.476 1453.476 1453.476 1453.476 1453.476 1453.476 1453.476 1453.476 1453.476 1453.476 1453.476 1453.476 1453.476 1453.476 1453.476 1453.476 1453.476 1453.476 1453.476 1453.476 1453.476 1453.476 1453.483 1453.495 1453.508 1453.521 1453.534 1453.559 1453.584 1453.61 1453.635 1453.671 1453.723 1453.774 1453.825 1453.876 1453.905
1455.0 1455.0 1454.971 1454.926 1454.882 1454.838 1454.795 1454.773 1454.751 1454.729 1454.707 1454.605 1454.438 1454.27 1454.103 1453.935 1453.881 1453.83 1453.778 1453.726 1453.675 1453.624 1453.573 1453.522 1453.471 1453.509 1453.56 1453.61 1453.661 1453.697 1453.697 1453.697 1453.697 1453.697 1453.697 1453.697 1453.697 1453.697 1453.697 1453.697 1453.697 1453.697 1453.697 1453.697 1453.697 1453.697 1453.697 1453.697 1453.697 1453.697 1453.697 1453.697 1453.7 1453.708 1453.715 1453.723 1453.73 1453.745 1453.759 1453.774 1453.789 1453.81 1453.839 1453.869 1453.898 1453.928 1453.945
1455.0 1455.0 1454.992 1454.98 1454.968 1454.956 1454.944 1454.938 1454.932 1454.926 1454.92 1454.805 1454.6 1454.395 1454.19 1453.984 1453.968 1453.953 1453.939 1453.925 1453.888 1453.821 1453.754 1453.687 1453.62 1453.67 1453.737 1453.804 1453.871 1453.917 1453.917 1453.917 1453.917 1453.917 1453.917 1453.917 1453.917 1453.917 1453.917 1453.917 1453.917 1453.917 1453.917 1453.917 1453.917 1453.917 1453.917 1453.917 1453.917 1453.917 1453.917 1453.917 1453.918 1453.92 1453.922 1453.924 1453.926 1453.93 1453.934 1453.938 1453.942 1453.948 1453.956 1453.964 1453.972 1453.98 1453.985
1455.0 1455.0 1455.0 1455.0 1455.0 1455.0 1455.0 1455.0 1455.0 1455.0 1455.0 1454.881 1454.661 1454.442 1454.223 1454.003 1454.0 1454.0 1454.0 1454.0 1453.973 1453.91 1453.847 1453.784 1453.721 1453.767 1453.83 1453.893 1453.957 1454.0 1454.0 1454.0 1454.0 1454.0 1454.0 1454.0 1454.0 1454.0 1454.0 1454.0 1454.0 1454.0 1454.0 1454.0 1454.0 1454.0 1454.0 1454.0 1454.0 1454.0 1454.0 1454.0 1454.0 1454.0 1454.0 1454.0 1454.0 1454.0 1454.0 1454.0 1454.0 1454.0 1454.0 1454.0 1454.0 1454.0 1454.006
1455.0 1455.0 1455.0 1455.0 1455.0 1455.0 1455.0 1455.0 1455.0 1455.0 1455.0 1454.881 1454.661 1454.442 1454.223 1454.003 1454.0 1454.0 1454.0 1454.0 1453.98 1453.933 1453.886 1453.839 1453.792 1453.827 1453.874 1453.921 1453.968 1454.0 1454.0 1454.0 1454.0 1454.0 1454.0 1454.0 1454.0 1454.0 1454.0 1454.0 1454.0 1454.0 1454.0 1454.0 1454.0 1454.0 1454.0 1454.0 1454.0 1454.0 1454.0 1454.0 1454.0 1454.0 1454.0 1454.0 1454.0 1454.0 1454.0 1454.0 1454.0 1454.0 1454.0 1454.0 1454.0 1454.0 1454.015
1455.0 1455.0 1455.0 1455.0 1455.0 1455.0 1455.0 1455.0 1455.0 1455.0 1455.0 1454.881 1454.661 1454.442 1454.223 1454.003 1454.0 1454.0 1454.0 1454.0 1453.987 1453.956 1453.925 1453.894 1453.863 1453.886 1453.917 1453.948 1453.979 1454.0 1454.0 1454.0 1454.0 1454.0 1454.0 1454.0 1454.0 1454.0 1454.0 1454.0 1454.0 1454.0 1454.0 1454.0 1454.0 1454.0 1454.0 1454.0 1454.0 1454.0 1454.0 1454.0 1454.0 1454.0 1454.0 1454.0 1454.0 1454.0 1454.0 1454.0 1454.0 1454.0 1454.0 1454.0 1454.0 1454.0 1454.024
