data/zism_data/00078_02_D.txt
ncols         224
nrows         224
[rows 28 to 55 of 224, columns 0 to 62 of 224]
4578.723 4571.443 4564.163 4556.905 4549.673 4542.441 4535.209 4527.978 4520.698 4513.416 4506.132 4498.85 4491.253 4483.17 4475.087 4467.003 4458.92 4451.479 4444.147 4436.814 4429.482 4423.7 4421.229 4418.759 4416.288 4413.817 4413.222 4413.147 4413.072 4412.997 4412.854 4412.505 4412.156 4411.807 4411.457 4410.166 4408.49 4406.814 4405.138 4403.584 4402.608 4401.632 4400.656 4399.681 4399.172 4398.93 4398.687 4398.444 4398.21 4398.052 4397.895 4397.736 4397.578 4398.014 4398.907 4399.8 4400.693 4401.682 4405.874 4410.065 4414.257 4418.449 4422.932
4579.012 4571.291 4563.569 4555.875 4548.213 4540.55 4532.888 4525.226 4518.094 4511.005 4503.916 4496.827 4489.572 4482.06 4474.547 4467.034 4459.521 4452.807 4446.229 4439.649 4433.071 4427.869 4425.608 4423.347 4421.086 4418.826 4418.301 4418.258 4418.216 4418.173 4418.022 4417.538 4417.054 4416.57 4416.086 4414.324 4412.04 4409.756 4407.472 4405.351 4404.003 4402.656 4401.309 4399.962 4399.285 4398.988 4398.692 4398.395 4398.11 4397.925 4397.74 4397.555 4397.37 4397.648 4398.283 4398.917 4399.552 4400.271 4403.828 4407.385 4410.941 4414.498 4418.455
4579.301 4571.139 4562.976 4554.846 4546.752 4538.659 4530.566 4522.473 4515.491 4508.595 4501.7 4494.805 4487.891 4480.949 4474.006 4467.064 4460.122 4454.135 4448.31 4442.485 4436.66 4432.038 4429.987 4427.936 4425.885 4423.834 4423.38 4423.37 4423.36 4423.35 4423.189 4422.571 4421.953 4421.334 4420.716 4418.482 4415.59 4412.698 4409.806 4407.117 4405.398 4403.68 4401.961 4400.243 4399.397 4399.046 4398.696 4398.346 4398.01 4397.798 4397.586 4397.374 4397.162 4397.283 4397.659 4398.035 4398.412 4398.861 4401.783 4404.705 4407.626 4410.547 4413.977
4577.225 4568.76 4560.295 4551.955 4543.757 4535.56 4527.362 4519.165 4512.463 4505.879 4499.295 4492.71 4486.24 4479.945 4473.65 4467.356 4461.061 4455.966 4451.074 4446.182 4441.29 4437.458 4435.888 4434.318 4432.749 4431.179 4430.837 4430.837 4430.837 4430.837 4430.632 4429.798 4428.965 4428.131 4427.297 4424.643 4421.245 4417.847 4414.449 4411.277 4409.176 4407.075 4404.974 4402.873 4401.646 4400.916 4400.185 4399.455 4398.76 4398.386 4398.011 4397.637 4397.263 4397.193 4397.359 4397.524 4397.69 4397.918 4400.23 4402.542 4404.854 4407.166 4410.024
4574.041 4565.339 4556.638 4548.193 4540.043 4531.895 4523.746 4515.597 4509.238 4503.02 4496.801 4490.583 4484.603 4478.992 4473.38 4467.77 4462.159 4458.032 4454.158 4450.283 4446.409 4443.463 4442.501 4441.54 4440.579 4439.617 4439.408 4439.408 4439.408 4439.408 4439.14 4438.054 4436.967 4435.88 4434.793 4431.741 4427.885 4424.03 4420.174 4416.557 4414.068 4411.58 4409.091 4406.603 4404.896 4403.632 4402.369 4401.105 4399.909 4399.309 4398.708 4398.108 4397.507 4397.233 4397.21 4397.188 4397.165 4397.192 4398.907 4400.622 4402.336 4404.05 4406.317
4570.857 4561.919 4552.98 4544.431 4536.33 4528.229 4520.129 4512.028 4506.013 4500.161 4494.308 4488.456 4482.965 4478.038 4473.111 4468.183 4463.256 4460.099 4457.241 4454.384 4451.527 4449.468 4449.115 4448.761 4448.408 4448.055 4447.978 4447.978 4447.978 4447.978 4447.648 4446.308 4444.969 4443.629 4442.289 4438.838 4434.525 4430.212 4425.899 4421.836 4418.96 4416.084 4413.208 4410.333 4408.145 4406.349 4404.552 4402.756 4401.058 4400.231 4399.405 4398.579 4397.752 4397.273 4397.062 4396.851 4396.64 4396.467 4397.584 4398.701 4399.818 4400.935 4402.609
4567.673 4558.498 4549.323 4540.668 4532.616 4524.564 4516.512 4508.46 4502.788 4497.301 4491.815 4486.329 4481.329 4477.084 4472.841 4468.597 4464.353 4462.165 4460.325 4458.485 4456.645 4455.473 4455.728 4455.983 4456.238 4456.493 4456.548 4456.548 4456.548 4456.548 4456.156 4454.563 4452.97 4451.378 4449.785 4445.936 4441.165 4436.395 4431.625 4427.116 4423.853 4420.589 4417.325 4414.062 4411.394 4409.065 4406.736 4404.407 4402.207 4401.155 4400.102 4399.049 4397.997 4397.313 4396.914 4396.514 4396.115 4395.742 4396.262 4396.781 4397.3 4397.82 4398.902
4564.219 4554.811 4545.402 4536.682 4528.758 4520.833 4512.909 4504.985 4499.692 4494.604 4489.517 4484.43 4479.938 4476.375 4472.811 4469.247 4465.684 4464.403 4463.509 4462.616 4461.722 4461.371 4462.178 4462.985 4463.792 4464.599 4464.778 4464.783 4464.788 4464.793 4464.354 4462.557 4460.759 4458.962 4457.165 4452.983 4447.829 4442.674 4437.519 4432.632 4429.017 4425.402 4421.788 4418.173 4415.04 4412.18 4409.32 4406.46 4403.758 4402.451 4401.145 4399.837 4398.531 4397.612 4396.991 4396.37 4395.749 4395.145 4395.099 4395.052 4395.006 4394.959 4395.474
4558.965 4549.347 4539.728 4531.2 4523.933 4516.665 4509.397 4502.129 4497.458 4492.99 4488.521 4484.053 4480.195 4477.288 4474.381 4471.474 4468.567 4467.787 4467.367 4466.947 4466.527 4466.555 4467.54 4468.524 4469.509 4470.493 4470.741 4470.783 4470.826 4470.868 4470.487 4468.808 4467.129 4465.45 4463.771 4459.697 4454.644 4449.592 4444.539 4439.718 4435.996 4432.273 4428.551 4424.829 4421.327 4417.95 4414.574 4411.197 4407.986 4406.237 4404.489 4402.741 4400.993 4399.633 4398.571 4397.508 4396.446 4395.403 4395.001 4394.6 4394.198 4393.796 4393.911
4553.711 4543.883 4534.054 4525.718 4519.107 4512.496 4505.885 4499.274 4495.225 4491.375 4487.525 4483.676 4480.452 4478.202 4475.951 4473.701 4471.45 4471.17 4471.224 4471.278 4471.332 4471.739 4472.901 4474.063 4475.226 4476.388 4476.703 4476.784 4476.864 4476.944 4476.62 4475.06 4473.499 4471.939 4470.378 4466.411 4461.46 4456.51 4451.56 4446.804 4442.974 4439.145 4435.314 4431.485 4427.614 4423.721 4419.828 4415.934 4412.214 4410.024 4407.835 4405.646 4403.456 4401.654 4400.15 4398.647 4397.144 4395.662 4394.905 4394.148 4393.391 4392.634 4392.348
4548.457 4538.418 4528.38 4520.236 4514.282 4508.328 4502.373 4496.419 4492.991 4489.76 4486.53 4483.299 4480.709 4479.115 4477.521 4475.927 4474.333 4474.554 4475.081 4475.609 4476.136 4476.923 4478.263 4479.603 4480.942 4482.282 4482.666 4482.784 4482.901 4483.019 4482.753 4481.311 4479.869 4478.427 4476.985 4473.124 4468.276 4463.428 4458.58 4453.89 4449.953 4446.015 4442.078 4438.14 4433.901 4429.491 4425.081 4420.671 4416.441 4413.811 4411.18 4408.549 4405.918 4403.675 4401.73 4399.786 4397.841 4395.92 4394.808 4393.696 4392.583 4391.471 4390.785
4543.203 4532.955 4522.706 4514.754 4509.456 4504.159 4498.861 4493.563 4490.757 4488.146 4485.534 4482.923 4480.966 4480.029 4479.092 4478.154 4477.217 4477.938 4478.938 4479.94 4480.941 4482.107 4483.624 4485.142 4486.659 4488.177 4488.628 4488.784 4488.939 4489.095 4488.886 4487.563 4486.239 4484.915 4483.592 4479.838 4475.092 4470.346 4465.601 4460.977 4456.931 4452.886 4448.841 4444.796 4440.189 4435.262 4430.335 4425.408 4420.669 4417.597 4414.525 4411.453 4408.381 4405.696 4403.31 4400.924 4398.538 4396.178 4394.711 4393.243 4391.776 4390.309 4389.222
4538.265 4528.263 4518.26 4510.743 4506.098 4501.455 4496.81 4492.167 4489.805 4487.622 4485.439 4483.256 4481.753 4481.307 4480.861 4480.415 4479.969 4481.032 4482.351 4483.669 4484.988 4486.417 4488.077 4489.738 4491.398 4493.06 4493.699 4494.054 4494.41 4494.765 4494.752 4493.612 4492.473 4491.333 4490.193 4486.663 4482.157 4477.651 4473.145 4468.697 4464.529 4460.36 4456.192 4452.023 4447.167 4441.92 4436.673 4431.426 4426.373 4423.034 4419.696 4416.357 4413.018 4409.901 4406.955 4404.009 4401.063 4398.145 4396.172 4394.2 4392.228 4390.255 4388.682
4533.557 4524.13 4514.704 4507.797 4503.804 4499.812 4495.819 4491.826 4489.782 4487.89 4485.997 4484.105 4482.924 4482.849 4482.774 4482.7 4482.625 4483.917 4485.44 4486.964 4488.487 4490.092 4491.872 4493.65 4495.43 4497.209 4498.123 4498.795 4499.468 4500.142 4500.425 4499.517 4498.608 4497.701 4496.792 4493.57 4489.403 4485.236 4481.068 4476.878 4472.575 4468.272 4463.969 4459.666 4454.648 4449.223 4443.799 4438.374 4433.147 4429.668 4426.189 4422.71 4419.232 4415.689 4412.097 4408.505 4404.913 4401.35 4398.764 4396.178 4393.592 4391.006 4388.882
4528.849 4519.998 4511.147 4504.852 4501.51 4498.169 4494.827 4491.486 4489.758 4488.157 4486.555 4484.954 4484.095 4484.392 4484.688 4484.985 4485.282 4486.802 4488.53 4490.258 4491.986 4493.768 4495.666 4497.563 4499.46 4501.358 4502.546 4503.537 4504.527 4505.518 4506.098 4505.421 4504.744 4504.067 4503.391 4500.476 4496.648 4492.82 4488.992 4485.058 4480.621 4476.183 4471.746 4467.308 4462.128 4456.526 4450.923 4445.321 4439.92 4436.302 4432.683 4429.064 4425.446 4421.477 4417.239 4413.001 4408.763 4404.555 4401.355 4398.156 4394.956 4391.756 4389.083
4524.141 4515.866 4507.591 4501.906 4499.216 4496.526 4493.836 4491.146 4489.735 4488.424 4487.113 4485.802 4485.266 4485.934 4486.602 4487.27 4487.938 4489.687 4491.62 4493.552 4495.484 4497.444 4499.459 4501.476 4503.492 4505.508 4506.97 4508.278 4509.586 4510.894 4511.771 4511.325 4510.88 4510.435 4509.989 4507.383 4503.894 4500.405 4496.916 4493.239 4488.667 4484.095 4479.522 4474.951 4469.608 4463.828 4458.048 4452.269 4446.694 4442.935 4439.177 4435.418 4431.66 4427.265 4422.381 4417.497 4412.613 4407.76 4403.947 4400.134 4396.32 4392.507 4389.284
4519.475 4511.786 4504.098 4499.024 4496.975 4494.925 4492.875 4490.825 4489.726 4488.701 4487.676 4486.651 4486.431 4487.462 4488.492 4489.523 4490.554 4492.531 4494.668 4496.806 4498.943 4501.083 4503.227 4505.372 4507.517 4509.661 4511.396 4513.016 4514.636 4516.256 4517.423 4517.204 4516.985 4516.766 4516.546 4514.243 4511.088 4507.934 4504.78 4501.357 4496.658 4491.959 4487.261 4482.563 4477.069 4471.123 4465.178 4459.232 4453.494 4449.592 4445.69 4441.788 4437.886 4433.071 4427.554 4422.038 4416.521 4411.037 4406.614 4402.192 4397.77 4393.348 4389.576
4516.22 4509.468 4502.716 4498.27 4496.489 4494.708 4492.928 4491.147 4490.192 4489.302 4488.412 4487.522 4487.411 4488.511 4489.612 4490.713 4491.813 4493.984 4496.337 4498.69 4501.042 4503.48 4506.098 4508.716 4511.335 4513.953 4515.892 4517.641 4519.39 4521.14 4522.415 4522.239 4522.063 4521.886 4521.71 4519.549 4516.578 4513.606 4510.635 4507.388 4502.829 4498.27 4493.711 4489.153 4483.861 4478.152 4472.443 4466.735 4461.183 4457.017 4452.851 4448.685 4444.52 4439.483 4433.779 4428.074 4422.369 4416.688 4411.813 4406.939 4402.065 4397.19 4392.916
4512.966 4507.15 4501.335 4497.516 4496.004 4494.493 4492.981 4491.47 4490.659 4489.903 4489.148 4488.392 4488.39 4489.561 4490.731 4491.902 4493.073 4495.438 4498.006 4500.574 4503.142 4505.877 4508.969 4512.061 4515.153 4518.245 4520.388 4522.266 4524.145 4526.023 4527.407 4527.273 4527.14 4527.007 4526.874 4524.855 4522.067 4519.279 4516.49 4513.418 4509.0 4504.581 4500.162 4495.743 4490.653 4485.181 4479.709 4474.238 4468.872 4464.442 4460.013 4455.583 4451.153 4445.896 4440.003 4434.11 4428.216 4422.339 4417.013 4411.687 4406.36 4401.033 4396.256
4509.711 4504.833 4499.954 4496.762 4495.519 4494.277 4493.034 4491.792 4491.126 4490.505 4489.884 4489.263 4489.37 4490.61 4491.851 4493.092 4494.333 4496.892 4499.675 4502.458 4505.242 4508.274 4511.84 4515.406 4518.971 4522.537 4524.883 4526.891 4528.899 4530.907 4532.398 4532.308 4532.218 4532.128 4532.038 4530.162 4527.556 4524.951 4522.346 4519.449 4515.17 4510.892 4506.612 4502.334 4497.445 4492.21 4486.976 4481.74 4476.561 4471.867 4467.174 4462.48 4457.787 4452.309 4446.228 4440.146 4434.064 4427.991 4422.212 4416.434 4410.655 4404.876 4399.597
4506.457 4502.515 4498.573 4496.007 4495.034 4494.061 4493.087 4492.114 4491.592 4491.106 4490.62 4490.133 4490.35 4491.66 4492.971 4494.281 4495.592 4498.346 4501.344 4504.343 4507.342 4510.672 4514.711 4518.75 4522.79 4526.829 4529.379 4531.517 4533.654 4535.791 4537.39 4537.343 4537.296 4537.249 4537.202 4535.468 4533.045 4530.623 4528.201 4525.48 4521.341 4517.202 4513.063 4508.924 4504.238 4499.24 4494.242 4489.243 4484.25 4479.292 4474.335 4469.378 4464.421 4458.722 4452.452 4446.182 4439.912 4433.643 4427.412 4421.181 4414.95 4408.719 4402.937
4504.068 4500.883 4497.697 4495.624 4494.837 4494.051 4493.264 4492.478 4492.087 4491.727 4491.368 4491.008 4491.373 4492.864 4494.355 4495.846 4497.337 4500.403 4503.735 4507.067 4510.4 4514.048 4518.37 4522.693 4527.015 4531.337 4534.024 4536.257 4538.49 4540.723 4542.4 4542.378 4542.356 4542.334 4542.312 4540.643 4538.3 4535.958 4533.616 4530.979 4526.947 4522.915 4518.882 4514.85 4510.372 4505.642 4500.912 4496.181 4491.419 4486.378 4481.338 4476.297 4471.257 4465.441 4459.029 4452.617 4446.205 4439.785 4433.112 4426.439 4419.767 4413.094 4406.84
4502.625 4499.999 4497.372 4495.644 4494.955 4494.265 4493.575 4492.886 4492.612 4492.371 4492.129 4491.888 4492.442 4494.235 4496.028 4497.821 4499.613 4503.118 4506.914 4510.708 4514.504 4518.491 4522.889 4527.287 4531.685 4536.082 4538.832 4541.124 4543.416 4545.708 4547.431 4547.415 4547.398 4547.381 4547.365 4545.674 4543.299 4540.924 4538.55 4535.899 4531.937 4527.974 4524.012 4520.049 4515.79 4511.36 4506.932 4502.502 4498.023 4493.095 4488.168 4483.24 4478.313 4472.494 4465.991 4459.487 4452.983 4446.462 4439.359 4432.256 4425.152 4418.049 4411.356
4501.18 4499.114 4497.048 4495.665 4495.072 4494.479 4493.886 4493.293 4493.137 4493.014 4492.891 4492.768 4493.513 4495.607 4497.701 4499.795 4501.889 4505.833 4510.092 4514.35 4518.608 4522.935 4527.408 4531.881 4536.354 4540.827 4543.639 4545.99 4548.342 4550.693 4552.462 4552.451 4552.439 4552.428 4552.417 4550.705 4548.298 4545.891 4543.484 4540.819 4536.926 4533.034 4529.141 4525.249 4521.207 4517.079 4512.951 4508.824 4504.626 4499.812 4494.998 4490.183 4485.368 4479.547 4472.952 4466.357 4459.762 4453.14 4445.606 4438.072 4430.538 4423.004 4415.873
4499.736 4498.23 4496.723 4495.685 4495.189 4494.693 4494.198 4493.702 4493.662 4493.657 4493.652 4493.648 4494.583 4496.978 4499.374 4501.769 4504.165 4508.549 4513.27 4517.991 4522.711 4527.378 4531.926 4536.475 4541.023 4545.572 4548.447 4550.857 4553.267 4555.678 4557.493 4557.487 4557.481 4557.475 4557.47 4555.736 4553.296 4550.857 4548.418 4545.738 4541.916 4538.093 4534.271 4530.448 4526.624 4522.797 4518.971 4515.145 4511.23 4506.528 4501.827 4497.125 4492.424 4486.6 4479.914 4473.227 4466.541 4459.817 4451.853 4443.888 4435.923 4427.959 4420.389
4498.292 4497.345 4496.398 4495.706 4495.307 4494.908 4494.509 4494.11 4494.187 4494.3 4494.414 4494.528 4495.653 4498.35 4501.047 4503.744 4506.44 4511.264 4516.448 4521.632 4526.815 4531.821 4536.445 4541.069 4545.692 4550.316 4553.254 4555.724 4558.193 4560.663 4562.523 4562.523 4562.523 4562.522 4562.522 4560.767 4558.295 4555.824 4553.353 4550.658 4546.906 4543.153 4539.4 4535.648 4532.041 4528.516 4524.991 4521.466 4517.834 4513.245 4508.657 4504.068 4499.479 4493.653 4486.875 4480.098 4473.319 4466.495 4458.1 4449.704 4441.309 4432.914 4424.906
4498.0 4497.203 4496.407 4495.835 4495.523 4495.211 4494.898 4494.586 4494.724 4494.896 4495.068 4495.241 4496.539 4499.587 4502.635 4505.684 4508.732 4513.98 4519.603 4525.224 4530.846 4536.204 4540.998 4545.792 4550.586 4555.38 4558.351 4560.814 4563.278 4565.742 4567.599 4567.599 4567.599 4567.599 4567.599 4565.849 4563.385 4560.921 4558.458 4555.763 4551.97 4548.178 4544.385 4540.593 4537.059 4533.67 4530.282 4526.894 4523.395 4518.909 4514.424 4509.938 4505.453 4499.764 4493.149 4486.534 4479.919 4473.251 4464.82 4456.389 4447.957 4439.526 4431.329
4497.797 4497.119 4496.441 4495.973 4495.747 4495.521 4495.294 4495.069 4495.262 4495.488 4495.714 4495.941 4497.41 4500.814 4504.217 4507.621 4511.024 4516.697 4522.755 4528.813 4534.871 4540.583 4545.554 4550.526 4555.498 4560.469 4563.47 4565.923 4568.376 4570.829 4572.678 4572.678 4572.678 4572.678 4572.678 4570.936 4568.482 4566.029 4563.576 4560.882 4557.041 4553.2 4549.359 4545.519 4542.045 4538.781 4535.517 4532.252 4528.875 4524.491 4520.108 4515.725 4511.342 4505.801 4499.369 4492.937 4486.505 4480.015 4471.578 4463.142 4454.705 4446.268 4437.9
