data/zism_data/00075_01_D.txt
ncols         224
nrows         224
[rows 140 to 167 of 224, columns 128 to 191 of 224]
1796.713 1795.351 1791.006 1786.661 1782.316 1777.971 1773.08 1767.852 1762.624 1757.396 1752.547 1751.08 1749.614 1748.147 1746.681 1745.647 1744.922 1744.198 1743.474 1742.744 1741.937 1741.131 1740.324 1739.518 1738.788 1738.12 1737.453 1736.786 1736.126 1735.686 1735.247 1734.807 1734.367 1734.038 1733.813 1733.589 1733.365 1733.14 1733.358 1733.58 1733.801 1734.022 1734.388 1734.912 1735.437 1735.961 1736.486 1737.424 1738.38 1739.336 1740.292 1741.266 1742.263 1743.26 1744.256 1745.253 1746.752 1748.294 1749.835 1751.377 1752.377 1752.574 1752.77 1752.967
1796.437 1795.063 1790.761 1786.46 1782.158 1777.857 1773.016 1767.842 1762.668 1757.494 1752.699 1751.281 1749.863 1748.446 1747.028 1746.056 1745.401 1744.747 1744.093 1743.431 1742.652 1741.873 1741.093 1740.314 1739.587 1738.904 1738.22 1737.537 1736.861 1736.438 1736.014 1735.591 1735.168 1734.838 1734.597 1734.356 1734.116 1733.875 1734.093 1734.314 1734.536 1734.757 1735.143 1735.711 1736.279 1736.847 1737.415 1738.339 1739.279 1740.218 1741.158 1742.211 1743.408 1744.606 1745.804 1747.001 1749.199 1751.484 1753.768 1756.053 1757.601 1758.058 1758.515 1758.972
1796.162 1794.775 1790.517 1786.259 1782.0 1777.742 1772.951 1767.832 1762.712 1757.592 1752.85 1751.482 1750.113 1748.744 1747.375 1746.464 1745.88 1745.297 1744.713 1744.119 1743.367 1742.614 1741.862 1741.11 1740.386 1739.687 1738.987 1738.288 1737.596 1737.189 1736.782 1736.375 1735.968 1735.638 1735.381 1735.124 1734.867 1734.61 1734.828 1735.049 1735.271 1735.492 1735.898 1736.51 1737.121 1737.733 1738.344 1739.254 1740.177 1741.101 1742.025 1743.156 1744.554 1745.953 1747.351 1748.749 1751.647 1754.674 1757.702 1760.729 1762.825 1763.542 1764.26 1764.977
1795.887 1794.487 1790.272 1786.057 1781.843 1777.628 1772.887 1767.821 1762.756 1757.691 1753.002 1751.682 1750.362 1749.042 1747.722 1746.873 1746.359 1745.846 1745.333 1744.806 1744.081 1743.356 1742.631 1741.906 1741.186 1740.47 1739.754 1739.038 1738.332 1737.941 1737.55 1737.159 1736.768 1736.438 1736.165 1735.891 1735.618 1735.345 1735.563 1735.784 1736.005 1736.227 1736.654 1737.309 1737.963 1738.618 1739.273 1740.169 1741.076 1741.984 1742.891 1744.102 1745.7 1747.299 1748.898 1750.496 1754.095 1757.865 1761.635 1765.405 1768.049 1769.027 1770.004 1770.981
1795.612 1794.199 1790.027 1785.856 1781.685 1777.513 1772.822 1767.811 1762.8 1757.789 1753.154 1751.883 1750.612 1749.341 1748.069 1747.281 1746.838 1746.396 1745.953 1745.494 1744.796 1744.098 1743.4 1742.702 1741.985 1741.253 1740.521 1739.789 1739.067 1738.693 1738.318 1737.943 1737.569 1737.238 1736.948 1736.659 1736.369 1736.08 1736.297 1736.519 1736.74 1736.962 1737.409 1738.107 1738.806 1739.504 1740.202 1741.084 1741.975 1742.866 1743.757 1745.047 1746.846 1748.646 1750.445 1752.244 1756.542 1761.055 1765.568 1770.08 1773.274 1774.511 1775.749 1776.986
1794.719 1793.322 1789.445 1785.568 1781.691 1777.814 1773.418 1768.701 1763.985 1759.268 1754.902 1753.666 1752.429 1751.192 1749.956 1749.087 1748.482 1747.876 1747.271 1746.654 1745.873 1745.093 1744.312 1743.532 1742.788 1742.075 1741.362 1740.649 1739.946 1739.577 1739.208 1738.839 1738.47 1738.144 1737.86 1737.575 1737.291 1737.006 1737.182 1737.361 1737.54 1737.719 1738.134 1738.812 1739.49 1740.168 1740.846 1741.705 1742.573 1743.441 1744.308 1745.615 1747.484 1749.354 1751.223 1753.092 1757.897 1762.954 1768.012 1773.069 1776.703 1778.225 1779.748 1781.27
1793.498 1792.131 1788.683 1785.234 1781.785 1778.337 1774.365 1770.072 1765.778 1761.484 1757.501 1756.292 1755.082 1753.873 1752.663 1751.638 1750.746 1749.853 1748.96 1748.065 1747.144 1746.222 1745.301 1744.379 1743.593 1742.917 1742.242 1741.567 1740.901 1740.532 1740.163 1739.794 1739.425 1739.108 1738.84 1738.572 1738.303 1738.035 1738.146 1738.26 1738.374 1738.488 1738.844 1739.467 1740.091 1740.714 1741.338 1742.169 1743.01 1743.85 1744.691 1745.983 1747.852 1749.721 1751.59 1753.459 1758.669 1764.165 1769.662 1775.158 1779.174 1780.995 1782.816 1784.636
1792.277 1790.941 1787.92 1784.9 1781.88 1778.859 1775.313 1771.442 1767.571 1763.7 1760.1 1758.918 1757.735 1756.553 1755.371 1754.19 1753.01 1751.829 1750.649 1749.477 1748.414 1747.352 1746.289 1745.227 1744.397 1743.76 1743.123 1742.486 1741.856 1741.487 1741.119 1740.75 1740.381 1740.072 1739.82 1739.568 1739.316 1739.064 1739.11 1739.159 1739.208 1739.257 1739.553 1740.122 1740.691 1741.261 1741.83 1742.633 1743.447 1744.26 1745.073 1746.35 1748.219 1750.088 1751.958 1753.827 1759.441 1765.376 1771.312 1777.248 1781.646 1783.764 1785.883 1788.002
1791.056 1789.75 1787.158 1784.566 1781.974 1779.382 1776.26 1772.812 1769.364 1765.916 1762.699 1761.544 1760.389 1759.234 1758.078 1756.741 1755.274 1753.806 1752.339 1750.888 1749.685 1748.481 1747.278 1746.075 1745.202 1744.602 1744.003 1743.404 1742.812 1742.443 1742.074 1741.705 1741.336 1741.035 1740.799 1740.564 1740.328 1740.092 1740.074 1740.058 1740.042 1740.026 1740.262 1740.777 1741.292 1741.807 1742.322 1743.097 1743.883 1744.67 1745.456 1746.718 1748.587 1750.456 1752.325 1754.194 1760.212 1766.587 1772.962 1779.337 1784.117 1786.534 1788.951 1791.368
1790.078 1788.834 1786.689 1784.543 1782.398 1780.252 1777.57 1774.558 1771.545 1768.533 1765.707 1764.548 1763.389 1762.23 1761.071 1759.546 1757.76 1755.973 1754.186 1752.426 1751.054 1749.683 1748.312 1746.94 1746.005 1745.431 1744.857 1744.284 1743.716 1743.354 1742.993 1742.632 1742.271 1741.984 1741.768 1741.552 1741.337 1741.121 1741.039 1740.957 1740.876 1740.795 1740.968 1741.423 1741.879 1742.334 1742.789 1743.529 1744.281 1745.033 1745.786 1747.018 1748.864 1750.71 1752.556 1754.401 1760.76 1767.507 1774.254 1781.0 1786.123 1788.839 1791.555 1794.271
1790.951 1790.017 1788.457 1786.897 1785.337 1783.777 1781.647 1779.166 1776.684 1774.203 1771.831 1770.434 1769.036 1767.639 1766.241 1764.288 1761.938 1759.587 1757.236 1754.925 1753.179 1751.434 1749.688 1747.943 1746.799 1746.155 1745.511 1744.866 1744.232 1743.936 1743.64 1743.343 1743.047 1742.817 1742.65 1742.483 1742.316 1742.149 1742.003 1741.856 1741.71 1741.564 1741.654 1742.006 1742.359 1742.711 1743.063 1743.715 1744.381 1745.046 1745.712 1746.807 1748.453 1750.098 1751.743 1753.388 1759.602 1766.207 1772.813 1779.419 1784.58 1787.599 1790.619 1793.638
1791.824 1791.199 1790.225 1789.25 1788.276 1787.301 1785.723 1783.773 1781.823 1779.873 1777.955 1776.319 1774.683 1773.047 1771.411 1769.03 1766.115 1763.201 1760.286 1757.423 1755.304 1753.184 1751.065 1748.945 1747.594 1746.879 1746.164 1745.449 1744.748 1744.517 1744.286 1744.055 1743.823 1743.65 1743.532 1743.414 1743.296 1743.178 1742.967 1742.755 1742.544 1742.333 1742.34 1742.589 1742.839 1743.088 1743.337 1743.902 1744.481 1745.059 1745.638 1746.597 1748.042 1749.486 1750.931 1752.376 1758.443 1764.908 1771.373 1777.838 1783.036 1786.36 1789.683 1793.006
1792.697 1792.381 1791.992 1791.603 1791.214 1790.825 1789.799 1788.381 1786.962 1785.544 1784.079 1782.204 1780.33 1778.455 1776.581 1773.772 1770.293 1766.815 1763.336 1759.922 1757.428 1754.935 1752.441 1749.947 1748.388 1747.603 1746.817 1746.032 1745.265 1745.098 1744.932 1744.766 1744.6 1744.483 1744.414 1744.345 1744.275 1744.206 1743.931 1743.655 1743.378 1743.102 1743.026 1743.172 1743.318 1743.465 1743.611 1744.088 1744.58 1745.072 1745.564 1746.386 1747.631 1748.875 1750.119 1751.363 1757.285 1763.608 1769.932 1776.256 1781.493 1785.12 1788.747 1792.373
1793.569 1793.564 1793.76 1793.957 1794.153 1794.35 1793.876 1792.989 1792.101 1791.214 1790.203 1788.09 1785.977 1783.864 1781.751 1778.513 1774.471 1770.429 1766.387 1762.421 1759.553 1756.685 1753.817 1750.95 1749.182 1748.326 1747.471 1746.615 1745.781 1745.68 1745.579 1745.478 1745.376 1745.316 1745.296 1745.275 1745.255 1745.234 1744.895 1744.554 1744.212 1743.87 1743.712 1743.755 1743.798 1743.842 1743.885 1744.275 1744.68 1745.085 1745.491 1746.176 1747.219 1748.263 1749.306 1750.35 1756.126 1762.309 1768.492 1774.675 1779.95 1783.88 1787.811 1791.741
1794.585 1794.736 1795.138 1795.54 1795.942 1796.344 1796.131 1795.539 1794.947 1794.356 1793.609 1791.477 1789.346 1787.214 1785.082 1781.686 1777.385 1773.084 1768.783 1764.553 1761.355 1758.157 1754.959 1751.762 1749.816 1748.909 1748.002 1747.094 1746.213 1746.198 1746.184 1746.17 1746.156 1746.138 1746.116 1746.094 1746.072 1746.05 1745.665 1745.277 1744.89 1744.502 1744.28 1744.243 1744.205 1744.167 1744.129 1744.463 1744.813 1745.163 1745.513 1746.101 1746.994 1747.887 1748.781 1749.674 1754.944 1760.589 1766.235 1771.881 1776.863 1780.862 1784.86 1788.858
1795.705 1795.903 1796.234 1796.565 1796.897 1797.228 1797.065 1796.598 1796.131 1795.664 1795.044 1793.053 1791.062 1789.072 1787.081 1783.722 1779.383 1775.043 1770.704 1766.42 1762.924 1759.428 1755.932 1752.436 1750.334 1749.389 1748.444 1747.499 1746.583 1746.672 1746.761 1746.85 1746.939 1746.952 1746.892 1746.832 1746.772 1746.712 1746.294 1745.874 1745.454 1745.033 1744.764 1744.661 1744.558 1744.455 1744.353 1744.652 1744.97 1745.287 1745.605 1746.125 1746.904 1747.683 1748.463 1749.242 1753.744 1758.566 1763.387 1768.209 1772.658 1776.553 1780.448 1784.343
1796.824 1797.069 1797.33 1797.59 1797.851 1798.112 1798.0 1797.657 1797.315 1796.973 1796.479 1794.629 1792.779 1790.929 1789.08 1785.757 1781.38 1777.003 1772.626 1768.286 1764.492 1760.698 1756.904 1753.11 1750.853 1749.869 1748.886 1747.903 1746.953 1747.145 1747.337 1747.529 1747.721 1747.765 1747.667 1747.569 1747.471 1747.373 1746.923 1746.47 1746.018 1745.565 1745.247 1745.079 1744.912 1744.744 1744.576 1744.841 1745.126 1745.411 1745.696 1746.148 1746.814 1747.479 1748.145 1748.81 1752.544 1756.542 1760.54 1764.537 1768.452 1772.245 1776.037 1779.829
1797.944 1798.235 1798.425 1798.616 1798.806 1798.996 1798.934 1798.717 1798.499 1798.281 1797.913 1796.205 1794.496 1792.787 1791.078 1787.793 1783.378 1778.963 1774.547 1770.153 1766.061 1761.969 1757.876 1753.784 1751.371 1750.349 1749.328 1748.307 1747.324 1747.619 1747.914 1748.209 1748.504 1748.578 1748.443 1748.307 1748.171 1748.035 1747.552 1747.067 1746.582 1746.096 1745.731 1745.498 1745.265 1745.032 1744.799 1745.031 1745.283 1745.536 1745.788 1746.172 1746.723 1747.275 1747.827 1748.378 1751.344 1754.518 1757.692 1760.865 1764.247 1767.936 1771.625 1775.314
1799.02 1799.353 1799.475 1799.597 1799.719 1799.841 1799.827 1799.728 1799.629 1799.53 1799.283 1797.71 1796.136 1794.563 1792.99 1789.743 1785.297 1780.851 1776.406 1771.965 1767.593 1763.221 1758.849 1754.477 1751.924 1750.88 1749.835 1748.79 1747.787 1748.181 1748.576 1748.97 1749.364 1749.463 1749.279 1749.094 1748.91 1748.726 1748.203 1747.678 1747.153 1746.628 1746.212 1745.916 1745.62 1745.325 1745.029 1745.225 1745.444 1745.663 1745.882 1746.198 1746.639 1747.079 1747.519 1747.959 1750.173 1752.539 1754.905 1757.272 1760.124 1763.695 1767.267 1770.838
1799.135 1799.424 1799.524 1799.624 1799.725 1799.825 1799.796 1799.686 1799.576 1799.466 1799.211 1797.654 1796.097 1794.54 1792.983 1789.819 1785.503 1781.188 1776.872 1772.561 1768.319 1764.078 1759.836 1755.594 1753.26 1752.508 1751.756 1751.004 1750.286 1750.702 1751.118 1751.534 1751.95 1751.916 1751.449 1750.983 1750.517 1750.05 1749.332 1748.612 1747.892 1747.172 1746.645 1746.333 1746.021 1745.709 1745.397 1745.541 1745.706 1745.871 1746.035 1746.295 1746.675 1747.056 1747.436 1747.817 1749.621 1751.549 1753.476 1755.403 1757.816 1760.948 1764.081 1767.213
1799.251 1799.494 1799.573 1799.652 1799.73 1799.809 1799.764 1799.644 1799.523 1799.403 1799.139 1797.599 1796.058 1794.517 1792.976 1789.894 1785.709 1781.524 1777.338 1773.157 1769.046 1764.934 1760.822 1756.71 1754.596 1754.137 1753.677 1753.218 1752.785 1753.222 1753.66 1754.098 1754.536 1754.368 1753.62 1752.871 1752.123 1751.375 1750.461 1749.546 1748.63 1747.715 1747.078 1746.75 1746.422 1746.093 1745.765 1745.857 1745.967 1746.078 1746.188 1746.391 1746.712 1747.033 1747.353 1747.674 1749.07 1750.558 1752.046 1753.534 1755.508 1758.201 1760.895 1763.588
1799.367 1799.565 1799.622 1799.679 1799.736 1799.793 1799.733 1799.602 1799.47 1799.339 1799.067 1797.543 1796.018 1794.494 1792.97 1789.97 1785.915 1781.86 1777.804 1773.754 1769.772 1765.79 1761.809 1757.827 1755.932 1755.765 1755.599 1755.432 1755.284 1755.743 1756.203 1756.662 1757.122 1756.82 1755.79 1754.76 1753.73 1752.7 1751.59 1750.479 1749.369 1748.258 1747.511 1747.167 1746.822 1746.478 1746.133 1746.172 1746.228 1746.285 1746.341 1746.487 1746.749 1747.01 1747.271 1747.532 1748.519 1749.568 1750.617 1751.666 1753.2 1755.454 1757.708 1759.962
1799.482 1799.635 1799.671 1799.706 1799.741 1799.776 1799.702 1799.56 1799.417 1799.275 1798.995 1797.487 1795.979 1794.471 1792.963 1790.046 1786.121 1782.196 1778.27 1774.35 1770.498 1766.647 1762.795 1758.944 1757.267 1757.394 1757.52 1757.646 1757.782 1758.264 1758.745 1759.226 1759.707 1759.272 1757.96 1756.648 1755.336 1754.024 1752.719 1751.413 1750.107 1748.802 1747.945 1747.584 1747.223 1746.862 1746.501 1746.488 1746.49 1746.492 1746.494 1746.584 1746.785 1746.987 1747.188 1747.39 1747.967 1748.577 1749.187 1749.797 1750.892 1752.707 1754.522 1756.337
1799.479 1799.596 1799.626 1799.656 1799.687 1799.717 1799.606 1799.409 1799.212 1799.015 1798.68 1797.108 1795.536 1793.965 1792.393 1789.614 1785.97 1782.326 1778.682 1775.053 1771.64 1768.226 1764.813 1761.4 1760.128 1760.633 1761.137 1761.641 1762.138 1762.385 1762.632 1762.879 1763.126 1762.349 1760.59 1758.831 1757.072 1755.313 1753.786 1752.26 1750.735 1749.209 1748.24 1747.888 1747.536 1747.183 1746.831 1746.795 1746.773 1746.751 1746.729 1746.784 1746.937 1747.09 1747.243 1747.396 1747.745 1748.111 1748.477 1748.843 1749.65 1751.111 1752.572 1754.033
1799.36 1799.451 1799.492 1799.533 1799.574 1799.615 1799.448 1799.153 1798.859 1798.564 1798.126 1796.414 1794.701 1792.989 1791.276 1788.688 1785.472 1782.256 1779.041 1775.86 1773.184 1770.508 1767.832 1765.156 1764.471 1765.436 1766.401 1767.366 1768.297 1768.061 1767.826 1767.59 1767.355 1766.031 1763.665 1761.299 1758.933 1756.567 1754.793 1753.023 1751.254 1749.484 1748.403 1748.083 1747.763 1747.443 1747.123 1747.094 1747.078 1747.061 1747.045 1747.086 1747.201 1747.316 1747.431 1747.546 1747.842 1748.154 1748.465 1748.777 1749.443 1750.633 1751.823 1753.013
1799.241 1799.305 1799.357 1799.409 1799.461 1799.512 1799.29 1798.897 1798.505 1798.113 1797.573 1795.72 1793.866 1792.013 1790.159 1787.761 1784.974 1782.187 1779.399 1776.667 1774.728 1772.79 1770.851 1768.912 1768.813 1770.239 1771.665 1773.091 1774.455 1773.737 1773.02 1772.302 1771.584 1769.714 1766.74 1763.767 1760.794 1757.82 1755.8 1753.786 1751.773 1749.759 1748.565 1748.278 1747.991 1747.703 1747.416 1747.393 1747.382 1747.371 1747.36 1747.388 1747.465 1747.542 1747.619 1747.696 1747.939 1748.197 1748.454 1748.712 1749.236 1750.155 1751.073 1751.992
1799.122 1799.16 1799.222 1799.285 1799.348 1799.41 1799.131 1798.641 1798.151 1797.662 1797.02 1795.026 1793.031 1791.037 1789.042 1786.835 1784.476 1782.117 1779.758 1777.474 1776.273 1775.071 1773.87 1772.669 1773.156 1775.042 1776.929 1778.816 1780.614 1779.414 1778.213 1777.013 1775.812 1773.396 1769.815 1766.235 1762.654 1759.074 1756.807 1754.549 1752.292 1750.034 1748.728 1748.473 1748.218 1747.963 1747.708 1747.692 1747.687 1747.681 1747.675 1747.689 1747.729 1747.768 1747.807 1747.846 1748.036 1748.239 1748.443 1748.646 1749.028 1749.676 1750.324 1750.972
1799.003 1799.014 1799.088 1799.161 1799.235 1799.308 1798.973 1798.385 1797.798 1797.211 1796.467 1794.332 1792.196 1790.061 1787.925 1785.909 1783.978 1782.048 1780.117 1778.281 1777.817 1777.353 1776.889 1776.425 1777.498 1779.846 1782.193 1784.541 1786.773 1785.09 1783.407 1781.724 1780.041 1777.078 1772.891 1768.703 1764.515 1760.327 1757.814 1755.312 1752.811 1750.309 1748.89 1748.668 1748.446 1748.223 1748.001 1747.991 1747.991 1747.991 1747.991 1747.991 1747.992 1747.993 1747.995 1747.996 1748.133 1748.282 1748.431 1748.58 1748.821 1749.198 1749.575 1749.952
