data/zism_data/00078_03_D.txt
ncols         224
nrows         224
[rows 0 to 27 of 224, columns 126 to 188 of 224]
4554.708 4546.031 4537.442 4528.853 4520.264 4511.951 4504.421 4496.892 4489.362 4481.833 4473.674 4465.276 4456.878 4448.481 4440.143 4432.06 4423.977 4415.894 4407.812 4403.404 4400.956 4398.509 4396.061 4393.813 4393.083 4392.354 4391.625 4390.896 4391.045 4391.832 4392.619 4393.405 4394.382 4399.543 4404.706 4409.868 4415.03 4422.48 4432.153 4441.826 4451.499 4461.172 4469.093 4476.962 4484.832 4492.701 4499.017 4503.314 4507.611 4511.908 4516.205 4517.212 4517.848 4518.484 4519.12 4519.028 4517.659 4516.289 4514.918 4513.548 4513.162 4512.981 4512.802
4555.135 4546.767 4538.549 4530.331 4522.113 4514.003 4506.199 4498.395 4490.591 4482.787 4474.412 4465.821 4457.229 4448.638 4440.143 4432.06 4423.977 4415.894 4407.812 4403.428 4401.019 4398.609 4396.199 4393.997 4393.381 4392.765 4392.148 4391.532 4391.801 4392.711 4393.622 4394.532 4395.665 4401.693 4407.722 4413.75 4419.779 4427.842 4437.881 4447.919 4457.958 4467.997 4475.517 4482.96 4490.405 4497.849 4503.772 4507.72 4511.667 4515.614 4519.561 4520.576 4521.261 4521.945 4522.629 4522.631 4521.433 4520.235 4519.038 4517.84 4517.692 4517.765 4517.838
4555.563 4547.502 4539.656 4531.809 4523.963 4516.056 4507.977 4499.898 4491.82 4483.742 4475.151 4466.366 4457.581 4448.795 4440.143 4432.06 4423.977 4415.894 4407.812 4403.453 4401.081 4398.708 4396.336 4394.181 4393.678 4393.175 4392.671 4392.168 4392.556 4393.59 4394.625 4395.658 4396.947 4403.842 4410.738 4417.633 4424.528 4433.204 4443.608 4454.013 4464.418 4474.823 4481.94 4488.959 4495.978 4502.997 4508.528 4512.125 4515.723 4519.32 4522.917 4523.94 4524.673 4525.406 4526.138 4526.234 4525.208 4524.183 4523.157 4522.131 4522.222 4522.548 4522.875
4557.064 4549.037 4541.242 4533.448 4525.654 4517.721 4509.397 4501.073 4492.749 4484.425 4475.626 4466.647 4457.668 4448.689 4439.882 4431.814 4423.746 4415.677 4407.609 4403.326 4401.062 4398.797 4396.533 4394.482 4394.063 4393.644 4393.225 4392.806 4393.365 4394.634 4395.903 4397.172 4398.721 4406.417 4414.114 4421.81 4429.507 4438.608 4449.074 4459.541 4470.007 4480.473 4487.285 4493.987 4500.689 4507.392 4512.685 4516.145 4519.605 4523.065 4526.526 4527.557 4528.314 4529.071 4529.828 4529.972 4529.039 4528.106 4527.173 4526.239 4526.543 4527.108 4527.672
4559.881 4551.55 4543.417 4535.283 4527.149 4518.912 4510.377 4501.844 4493.31 4484.775 4475.779 4466.606 4457.434 4448.261 4439.302 4431.266 4423.23 4415.194 4407.158 4403.013 4400.942 4398.872 4396.801 4394.927 4394.557 4394.186 4393.815 4393.445 4394.24 4395.88 4397.521 4399.161 4401.096 4409.514 4417.932 4426.35 4434.767 4444.066 4454.22 4464.374 4474.528 4484.682 4491.307 4497.826 4504.346 4510.865 4516.108 4519.692 4523.276 4526.86 4530.444 4531.483 4532.235 4532.986 4533.738 4533.877 4532.938 4532.0 4531.061 4530.123 4530.608 4531.393 4532.178
4562.698 4554.063 4545.59 4537.118 4528.646 4520.102 4511.358 4502.614 4493.87 4485.126 4475.932 4466.565 4457.199 4447.832 4438.722 4430.719 4422.715 4414.711 4406.708 4402.7 4400.823 4398.946 4397.069 4395.373 4395.05 4394.728 4394.406 4394.083 4395.114 4397.126 4399.138 4401.15 4403.472 4412.61 4421.75 4430.889 4440.027 4449.523 4459.365 4469.207 4479.048 4488.891 4495.329 4501.665 4508.001 4514.338 4519.531 4523.239 4526.947 4530.655 4534.363 4535.409 4536.155 4536.901 4537.647 4537.781 4536.837 4535.894 4534.95 4534.006 4534.672 4535.678 4536.684
4565.516 4556.576 4547.765 4538.953 4530.142 4521.292 4512.339 4503.385 4494.431 4485.477 4476.084 4466.524 4456.963 4447.403 4438.143 4430.171 4422.2 4414.228 4406.257 4402.386 4400.704 4399.021 4397.337 4395.818 4395.544 4395.27 4394.996 4394.723 4395.989 4398.372 4400.755 4403.139 4405.847 4415.707 4425.567 4435.428 4445.288 4454.98 4464.51 4474.04 4483.569 4493.099 4499.351 4505.504 4511.657 4517.811 4522.955 4526.786 4530.618 4534.45 4538.281 4539.335 4540.076 4540.817 4541.558 4541.686 4540.737 4539.788 4538.838 4537.889 4538.737 4539.964 4541.19
4568.333 4559.089 4549.938 4540.788 4531.637 4522.483 4513.319 4504.156 4494.992 4485.828 4476.237 4466.483 4456.729 4446.975 4437.563 4429.624 4421.684 4413.745 4405.806 4402.073 4400.584 4399.095 4397.605 4396.263 4396.038 4395.812 4395.587 4395.361 4396.863 4399.618 4402.373 4405.127 4408.222 4418.804 4429.385 4439.967 4450.548 4460.438 4469.655 4478.873 4488.09 4497.308 4503.372 4509.343 4515.313 4521.284 4526.378 4530.333 4534.289 4538.244 4542.199 4543.262 4543.997 4544.732 4545.468 4545.591 4544.636 4543.682 4542.727 4541.772 4542.802 4544.249 4545.696
4571.597 4562.137 4552.769 4543.4 4534.031 4524.601 4514.995 4505.389 4495.783 4486.177 4476.292 4466.301 4456.31 4446.318 4436.722 4428.83 4420.938 4413.045 4405.153 4401.572 4400.291 4399.01 4397.729 4396.594 4396.566 4396.54 4396.513 4396.486 4398.343 4401.565 4404.788 4408.011 4411.553 4422.125 4432.698 4443.271 4453.843 4463.741 4472.985 4482.229 4491.473 4500.717 4507.055 4513.307 4519.559 4525.811 4531.082 4535.079 4539.076 4543.073 4547.069 4547.909 4548.393 4548.876 4549.359 4549.344 4548.452 4547.56 4546.667 4545.775 4546.926 4548.507 4550.087
4574.911 4565.246 4555.673 4546.1 4536.526 4526.822 4516.748 4506.674 4496.6 4486.526 4476.336 4466.103 4455.869 4445.636 4435.853 4428.008 4420.165 4412.321 4404.477 4401.05 4399.979 4398.908 4397.836 4396.912 4397.1 4397.288 4397.477 4397.665 4399.89 4403.592 4407.293 4410.996 4414.992 4425.473 4435.954 4446.435 4456.916 4466.802 4476.11 4485.418 4494.727 4504.036 4510.7 4517.286 4523.871 4530.457 4535.931 4539.959 4543.989 4548.018 4552.047 4552.639 4552.842 4553.046 4553.25 4553.081 4552.259 4551.437 4550.614 4549.792 4551.057 4552.762 4554.466
4578.226 4568.355 4558.577 4548.799 4539.021 4529.044 4518.501 4507.959 4497.417 4486.875 4476.38 4465.905 4455.429 4444.953 4434.982 4427.187 4419.392 4411.596 4403.801 4400.527 4399.667 4398.805 4397.944 4397.229 4397.633 4398.037 4398.44 4398.844 4401.438 4405.618 4409.799 4413.98 4418.431 4428.82 4439.209 4449.599 4459.988 4469.862 4479.235 4488.608 4497.981 4507.354 4514.345 4521.264 4528.183 4535.102 4540.779 4544.84 4548.902 4552.963 4557.025 4557.368 4557.292 4557.215 4557.139 4556.818 4556.065 4555.313 4554.561 4553.808 4555.188 4557.016 4558.845
4581.54 4571.464 4561.481 4551.499 4541.517 4531.266 4520.255 4509.245 4498.234 4487.223 4476.425 4465.707 4454.989 4444.271 4434.113 4426.366 4418.619 4410.872 4403.125 4400.005 4399.354 4398.703 4398.051 4397.547 4398.166 4398.785 4399.404 4400.023 4402.985 4407.645 4412.305 4416.964 4421.87 4432.167 4442.465 4452.763 4463.061 4472.922 4482.36 4491.798 4501.235 4510.673 4517.989 4525.242 4532.495 4539.748 4545.627 4549.721 4553.815 4557.909 4562.003 4562.098 4561.742 4561.385 4561.029 4560.555 4559.872 4559.189 4558.507 4557.825 4559.319 4561.271 4563.224
4584.738 4574.423 4564.208 4553.993 4543.778 4533.251 4521.841 4510.432 4499.022 4487.612 4476.677 4465.923 4455.169 4444.415 4434.244 4426.584 4418.925 4411.266 4403.606 4400.534 4399.907 4399.28 4398.654 4398.212 4399.183 4400.154 4401.125 4402.096 4405.524 4410.734 4415.945 4421.155 4426.585 4436.872 4447.159 4457.446 4467.733 4477.632 4487.155 4496.678 4506.201 4515.724 4523.143 4530.499 4537.855 4545.212 4551.097 4555.07 4559.042 4563.015 4566.987 4566.829 4566.204 4565.579 4564.954 4564.33 4563.708 4563.086 4562.465 4561.843 4563.419 4565.458 4567.496
4587.718 4577.101 4566.601 4556.1 4545.6 4534.792 4523.113 4511.435 4499.756 4488.077 4477.322 4466.917 4456.513 4446.109 4436.252 4428.754 4421.256 4413.758 4406.261 4403.034 4402.084 4401.134 4400.185 4399.528 4401.107 4402.687 4404.266 4405.845 4409.925 4415.819 4421.712 4427.606 4433.697 4444.124 4454.55 4464.977 4475.404 4485.435 4495.082 4504.728 4514.375 4524.021 4531.125 4538.153 4545.182 4552.209 4557.731 4561.295 4564.858 4568.422 4571.985 4571.563 4570.69 4569.818 4568.945 4568.179 4567.601 4567.021 4566.443 4565.864 4567.461 4569.516 4571.57
4590.697 4579.779 4568.993 4558.208 4547.422 4536.333 4524.386 4512.438 4500.49 4488.542 4477.966 4467.912 4457.857 4447.802 4438.26 4430.924 4423.587 4416.251 4408.915 4405.533 4404.26 4402.988 4401.715 4400.844 4403.031 4405.219 4407.406 4409.593 4414.326 4420.903 4427.48 4434.057 4440.808 4451.374 4461.941 4472.508 4483.075 4493.237 4503.008 4512.778 4522.549 4532.319 4539.108 4545.808 4552.507 4559.207 4564.365 4567.52 4570.674 4573.829 4576.983 4576.297 4575.177 4574.057 4572.937 4572.028 4571.492 4570.957 4570.421 4569.885 4571.502 4573.574 4575.645
4593.677 4582.457 4571.386 4560.315 4549.245 4537.875 4525.658 4513.44 4501.224 4489.006 4478.61 4468.905 4459.201 4449.496 4440.268 4433.093 4425.918 4418.744 4411.569 4408.033 4406.437 4404.841 4403.246 4402.159 4404.955 4407.751 4410.546 4413.342 4418.726 4425.987 4433.248 4440.508 4447.919 4458.625 4469.332 4480.039 4490.746 4501.04 4510.935 4520.829 4530.723 4540.617 4547.09 4553.462 4559.833 4566.205 4571.0 4573.745 4576.49 4579.236 4581.981 4581.031 4579.663 4578.295 4576.928 4575.877 4575.384 4574.892 4574.399 4573.906 4575.544 4577.632 4579.719
4596.657 4585.135 4573.779 4562.423 4551.067 4539.416 4526.93 4514.443 4501.958 4489.471 4479.254 4469.899 4460.545 4451.19 4442.276 4435.263 4428.25 4421.236 4414.223 4410.532 4408.613 4406.695 4404.776 4403.475 4406.879 4410.283 4413.687 4417.091 4423.127 4431.071 4439.015 4446.959 4455.03 4465.876 4476.723 4487.57 4498.417 4508.843 4518.861 4528.878 4538.896 4548.915 4555.073 4561.116 4567.159 4573.202 4577.633 4579.97 4582.306 4584.643 4586.979 4585.765 4584.149 4582.534 4580.919 4579.726 4579.276 4578.827 4578.377 4577.927 4579.586 4581.689 4583.793
4597.436 4585.807 4574.358 4562.91 4551.462 4539.788 4527.475 4515.161 4502.848 4490.534 4480.727 4471.873 4463.018 4454.163 4445.703 4438.941 4432.179 4425.417 4418.655 4415.026 4413.068 4411.109 4409.151 4407.839 4411.457 4415.074 4418.692 4422.309 4428.523 4436.619 4444.714 4452.81 4461.049 4472.452 4483.855 4495.258 4506.661 4517.448 4527.637 4537.826 4548.015 4558.204 4563.798 4569.255 4574.712 4580.17 4584.04 4585.848 4587.655 4589.462 4591.27 4589.872 4588.111 4586.352 4584.591 4583.314 4582.886 4582.458 4582.03 4581.602 4583.431 4585.734 4588.038
4597.656 4585.968 4574.476 4562.985 4551.494 4539.862 4527.834 4515.806 4503.778 4491.75 4482.411 4474.095 4465.778 4457.462 4449.49 4443.003 4436.516 4430.028 4423.541 4420.028 4418.102 4416.176 4414.25 4412.98 4416.71 4420.441 4424.171 4427.902 4434.172 4442.284 4450.396 4458.508 4466.792 4478.856 4490.921 4502.986 4515.051 4526.257 4536.629 4547.001 4557.373 4567.745 4572.712 4577.519 4582.324 4587.13 4590.389 4591.637 4592.884 4594.132 4595.379 4593.818 4591.94 4590.062 4588.183 4586.836 4586.424 4586.012 4585.6 4585.188 4587.224 4589.776 4592.327
4597.875 4586.129 4574.594 4563.06 4551.525 4539.937 4528.194 4516.451 4504.708 4492.965 4484.095 4476.317 4468.539 4460.761 4453.277 4447.064 4440.852 4434.639 4428.426 4425.03 4423.136 4421.243 4419.349 4418.121 4421.964 4425.808 4429.651 4433.495 4439.822 4447.95 4456.078 4464.206 4472.534 4485.261 4497.987 4510.714 4523.441 4535.066 4545.622 4556.176 4566.731 4577.287 4581.626 4585.781 4589.936 4594.091 4596.738 4597.426 4598.114 4598.802 4599.489 4597.765 4595.768 4593.771 4591.774 4590.357 4589.962 4589.566 4589.17 4588.774 4591.018 4593.817 4596.616
4598.094 4586.29 4574.712 4563.135 4551.558 4540.011 4528.554 4517.096 4505.638 4494.181 4485.779 4478.54 4471.3 4464.06 4457.065 4451.126 4445.188 4439.25 4433.312 4430.032 4428.171 4426.31 4424.448 4423.261 4427.218 4431.174 4435.131 4439.087 4445.472 4453.616 4461.76 4469.904 4478.276 4491.665 4505.054 4518.443 4531.832 4543.876 4554.614 4565.352 4576.09 4586.828 4590.542 4594.045 4597.548 4601.052 4603.087 4603.215 4603.343 4603.472 4603.6 4601.712 4599.596 4597.481 4595.366 4593.879 4593.5 4593.12 4592.741 4592.361 4594.812 4597.858 4600.905
4598.093 4586.292 4574.714 4563.136 4551.558 4540.075 4528.86 4517.645 4506.43 4495.215 4487.223 4480.455 4473.687 4466.919 4460.362 4454.716 4449.069 4443.423 4437.776 4434.708 4433.014 4431.32 4429.626 4428.599 4432.656 4436.714 4440.772 4444.83 4451.344 4459.64 4467.935 4476.231 4484.775 4498.792 4512.808 4526.824 4540.841 4553.163 4563.84 4574.517 4585.194 4595.872 4598.966 4601.834 4604.702 4607.57 4609.003 4608.572 4608.14 4607.708 4607.276 4605.236 4603.014 4600.792 4598.571 4597.074 4596.854 4596.634 4596.414 4596.193 4598.847 4602.105 4605.363
4597.414 4585.809 4574.36 4562.911 4551.462 4540.104 4529.002 4517.9 4506.799 4495.697 4487.931 4481.432 4474.933 4468.434 4462.161 4456.859 4451.557 4446.254 4440.953 4438.383 4437.27 4436.158 4435.045 4434.539 4438.662 4442.784 4446.906 4451.028 4457.898 4466.758 4475.619 4484.48 4493.588 4508.126 4522.665 4537.203 4551.742 4563.912 4573.781 4583.651 4593.521 4603.39 4605.892 4608.173 4610.455 4612.736 4613.594 4612.603 4611.611 4610.62 4609.628 4607.468 4605.177 4602.885 4600.593 4599.268 4599.646 4600.023 4600.4 4600.777 4603.619 4606.979 4610.34
4596.735 4585.326 4574.006 4562.687 4551.367 4540.133 4529.145 4518.156 4507.167 4496.179 4488.638 4482.409 4476.179 4469.949 4463.959 4459.001 4454.044 4449.086 4444.129 4442.058 4441.527 4440.996 4440.464 4440.48 4444.667 4448.854 4453.041 4457.228 4464.452 4473.877 4483.303 4492.729 4502.4 4517.461 4532.521 4547.582 4562.643 4574.661 4583.723 4592.785 4601.847 4610.91 4612.818 4614.513 4616.207 4617.902 4618.186 4616.634 4615.083 4613.532 4611.98 4609.701 4607.339 4604.977 4602.615 4601.462 4602.437 4603.412 4604.387 4605.361 4608.392 4611.854 4615.317
4596.056 4584.843 4573.652 4562.462 4551.271 4540.163 4529.287 4518.412 4507.536 4496.66 4489.346 4483.386 4477.425 4471.464 4465.758 4461.145 4456.531 4451.918 4447.305 4445.733 4445.783 4445.833 4445.883 4446.42 4450.672 4454.923 4459.175 4463.427 4471.005 4480.997 4490.988 4500.979 4511.213 4526.795 4542.378 4557.961 4573.544 4585.41 4593.664 4601.919 4610.174 4618.429 4619.744 4620.852 4621.96 4623.068 4622.776 4620.666 4618.554 4616.443 4614.332 4611.933 4609.501 4607.07 4604.638 4603.657 4605.229 4606.801 4608.373 4609.945 4613.164 4616.729 4620.294
4595.377 4584.36 4573.299 4562.237 4551.176 4540.192 4529.43 4518.667 4507.904 4497.142 4490.054 4484.362 4478.671 4472.979 4467.556 4463.288 4459.019 4454.75 4450.481 4449.409 4450.04 4450.671 4451.303 4452.361 4456.677 4460.993 4465.31 4469.625 4477.559 4488.115 4498.672 4509.228 4520.025 4536.13 4552.235 4568.34 4584.445 4596.158 4603.605 4611.053 4618.5 4625.948 4626.67 4627.191 4627.712 4628.234 4627.367 4624.697 4622.026 4619.355 4616.684 4614.166 4611.664 4609.162 4606.66 4605.851 4608.021 4610.19 4612.36 4614.529 4617.937 4621.604 4625.271
4594.92 4584.045 4573.068 4562.091 4551.114 4540.22 4529.563 4518.906 4508.249 4497.591 4490.736 4485.325 4479.914 4474.503 4469.384 4465.523 4461.663 4457.802 4453.941 4453.226 4454.188 4455.149 4456.111 4457.504 4462.185 4466.865 4471.545 4476.225 4484.846 4496.323 4507.8 4519.277 4530.935 4546.562 4562.189 4577.816 4593.444 4604.617 4611.462 4618.308 4625.154 4632.0 4632.437 4632.682 4632.928 4633.173 4632.017 4629.037 4626.057 4623.078 4620.098 4617.733 4615.439 4613.145 4610.85 4610.279 4612.743 4615.207 4617.67 4620.134 4623.556 4627.18 4630.804
4594.559 4583.804 4572.891 4561.979 4551.066 4540.247 4529.692 4519.137 4508.582 4498.027 4491.406 4486.281 4481.155 4476.029 4471.224 4467.799 4464.375 4460.95 4457.525 4457.105 4458.288 4459.47 4460.653 4462.298 4467.474 4472.649 4477.825 4483.0 4492.453 4505.006 4517.56 4530.113 4542.761 4557.473 4572.186 4586.897 4601.61 4612.073 4618.407 4624.742 4631.076 4637.411 4637.697 4637.802 4637.908 4638.014 4636.691 4633.512 4630.333 4627.154 4623.976 4621.886 4619.92 4617.954 4615.988 4615.685 4618.31 4620.935 4623.561 4626.186 4629.547 4633.063 4636.579
