data/zism_data/00071_03_D.txt
ncols         224
nrows         224
[rows 174 to 202 of 224, columns 0 to 63 of 224]
449.8651 441.0035 432.1419 423.2803 415.8155 412.0264 408.2372 404.4482 400.659 399.568 399.4292 399.2904 399.1516 399.0217 398.9268 398.8318 398.7368 398.6419 398.3246 397.8961 397.4677 397.0392 396.5244 395.4336 394.3428 393.252 392.1613 387.5751 380.6018 373.6286 366.6553 359.5991 351.1951 342.7911 334.3871 325.9831 319.852 315.8042 311.7563 307.7086 303.6607 302.8441 302.0749 301.3058 300.5367 300.1363 300.1879 300.2395 300.2911 300.3427 301.504 302.7709 304.0379 305.3048 306.8616 308.8976 310.9337 312.9698 315.0058 313.7757 311.9262 310.0767 308.2271 306.7778
443.0746 435.194 427.3134 419.4327 412.8721 409.7852 406.6983 403.6114 400.5244 399.6919 399.6549 399.618 399.5811 399.54 399.4825 399.4251 399.3676 399.3102 398.9054 398.3268 397.7483 397.1697 396.4237 394.561 392.6983 390.8357 388.973 383.5862 375.7928 367.9995 360.206 352.4108 344.5857 336.7607 328.9356 321.1105 315.6925 312.481 309.2694 306.0578 302.8462 302.2213 301.6344 301.0475 300.4606 300.3123 300.7016 301.0909 301.4802 301.8695 303.8188 305.9166 308.0144 310.1122 312.201 314.2745 316.3481 318.4217 320.4952 319.3973 317.6978 315.9984 314.299 312.9704
436.2841 429.3845 422.4848 415.5851 409.9287 407.544 405.1593 402.7746 400.3899 399.8158 399.8807 399.9456 400.0105 400.0582 400.0383 400.0184 399.9985 399.9785 399.4861 398.7575 398.0289 397.3002 396.323 393.6884 391.0538 388.4193 385.7847 379.5974 370.9838 362.3703 353.7567 345.2224 337.9763 330.7302 323.484 316.2379 311.5331 309.1577 306.7824 304.407 302.0317 301.5985 301.1938 300.7892 300.3846 300.4883 301.2153 301.9424 302.6694 303.3964 306.1336 309.0623 311.991 314.9197 317.5403 319.6514 321.7625 323.8736 325.9847 325.0189 323.4695 321.9202 320.3708 319.163
429.4936 423.5749 417.6562 411.7375 406.9853 405.3028 403.6203 401.9378 400.2553 399.9397 400.1064 400.2732 400.44 400.5765 400.5941 400.6117 400.6293 400.6469 400.0669 399.1882 398.3095 397.4307 396.2223 392.8158 389.4093 386.0029 382.5964 375.6085 366.1747 356.7411 347.3074 338.0341 331.3669 324.6997 318.0325 311.3653 307.3736 305.8345 304.2954 302.7563 301.2171 300.9756 300.7533 300.5309 300.3085 300.6643 301.7291 302.7938 303.8585 304.9232 308.4485 312.208 315.9676 319.7271 322.8797 325.0283 327.1769 329.3255 331.4742 330.6405 329.2413 327.842 326.4428 325.3557
422.7032 417.7654 412.8277 407.8899 404.0419 403.0616 402.0814 401.1011 400.1208 400.0636 400.3322 400.6008 400.8694 401.0947 401.1498 401.205 401.2601 401.3152 400.6477 399.6189 398.5901 397.5612 396.1216 391.9432 387.7649 383.5865 379.4081 371.6196 361.3658 351.112 340.8581 330.8457 324.7575 318.6692 312.5809 306.4927 303.2142 302.5113 301.8084 301.1055 300.4026 300.3528 300.3127 300.2726 300.2324 300.8404 302.2428 303.6452 305.0477 306.4501 310.7633 315.3537 319.9441 324.5345 328.219 330.4052 332.5913 334.7774 336.9636 336.2621 335.0129 333.7638 332.5146 331.5482
417.8325 413.8073 409.782 405.7568 402.7408 402.3805 402.0203 401.66 401.2998 401.4574 401.7977 402.138 402.4784 402.7412 402.6997 402.6581 402.6165 402.575 401.777 400.6008 399.4247 398.2485 396.6122 391.9084 387.2046 382.5008 377.797 369.4935 358.7318 347.9701 337.2083 326.7396 321.0331 315.3265 309.62 303.9135 301.0481 300.787 300.5259 300.2649 300.0038 300.1967 300.3964 300.596 300.7956 301.8375 303.9117 305.9861 308.0603 310.1346 315.1324 320.4084 325.6846 330.9608 335.0516 337.1821 339.3127 341.4432 343.5737 343.0356 341.9913 340.9471 339.9028 339.0969
414.7993 411.6211 408.4428 405.2646 403.0114 403.1926 403.3738 403.555 403.7361 404.0667 404.4499 404.8331 405.2163 405.4677 405.201 404.9343 404.6676 404.4009 403.4314 402.1104 400.7895 399.4686 397.6687 392.6754 387.6822 382.6889 377.6956 369.1505 358.1796 347.2089 336.238 325.5835 320.07 314.5564 309.0429 303.5294 300.7898 300.5931 300.3963 300.1996 300.0028 300.4873 300.9818 301.4762 301.9707 303.6205 306.6865 309.7525 312.8185 315.8845 321.4677 327.2906 333.1135 338.9364 343.3135 345.2993 347.2851 349.2709 351.2567 350.9117 350.1248 349.3378 348.5509 347.9435
411.7662 409.435 407.1037 404.7724 403.2821 404.0047 404.7273 405.4499 406.1725 406.6759 407.102 407.5281 407.9543 408.1941 407.7022 407.2104 406.7186 406.2267 405.0857 403.62 402.1544 400.6887 398.7252 393.4425 388.1597 382.877 377.5942 368.8073 357.6274 346.4476 335.2677 324.4275 319.1069 313.7864 308.4658 303.1453 300.5316 300.3992 300.2668 300.1343 300.0019 300.7779 301.5671 302.3564 303.1457 305.4034 309.4611 313.5188 317.5765 321.6342 327.8029 334.1726 340.5423 346.912 351.5753 353.4164 355.2574 357.0985 358.9395 358.7878 358.2582 357.7285 357.1989 356.7902
408.7332 407.2488 405.7646 404.2802 403.5527 404.8167 406.0808 407.3448 408.6088 409.2852 409.7542 410.2232 410.6922 410.9205 410.2036 409.4865 408.7696 408.0526 406.74 405.1296 403.5192 401.9088 399.7817 394.2095 388.6373 383.0651 377.4928 368.4643 357.0753 345.6864 334.2975 323.2715 318.1439 313.0163 307.8887 302.7611 300.2733 300.2052 300.1371 300.0691 300.001 301.0684 302.1525 303.2367 304.3208 307.1864 312.2358 317.2852 322.3346 327.384 334.1382 341.0547 347.9712 354.8877 359.8371 361.5335 363.2298 364.9261 366.6224 366.6639 366.3916 366.1193 365.8469 365.6367
405.7 405.0627 404.4254 403.7881 403.8234 405.6288 407.4343 409.2397 411.0452 411.8945 412.4064 412.9182 413.4301 413.647 412.7048 411.7627 410.8206 409.8785 408.3943 406.6392 404.8841 403.129 400.8382 394.9765 389.1148 383.2531 377.3914 368.1212 356.5231 344.9252 333.3271 322.1154 317.1808 312.2462 307.3116 302.377 300.0151 300.0113 300.0076 300.0038 300.0001 301.359 302.7379 304.1169 305.4958 308.9694 315.0105 321.0516 327.0927 333.1339 340.4735 347.9367 355.4001 362.8633 368.099 369.6506 371.2022 372.7538 374.3054 374.5401 374.5251 374.51 374.495 374.4834
412.3898 411.9685 411.5473 411.126 411.2529 412.8224 414.3919 415.9615 417.531 417.9475 417.9572 417.9668 417.9764 417.6929 416.2581 414.8234 413.3886 411.9538 410.0474 407.9053 405.7631 403.621 400.9573 394.8162 388.6751 382.534 376.3929 367.062 355.5528 344.0435 332.5343 321.4149 316.633 311.851 307.069 302.287 300.0474 300.1383 300.2291 300.32 300.4108 302.788 305.1987 307.6094 310.0201 314.3691 321.0941 327.819 334.5439 341.2689 348.3883 355.5453 362.7023 369.8593 374.8439 376.2357 377.6273 379.0191 380.4108 380.6241 380.614 380.6039 380.5938 380.5576
419.6827 419.4383 419.1939 418.9495 419.1264 420.4118 421.6972 422.9826 424.268 424.2142 423.6877 423.1613 422.6349 421.8208 419.8767 417.9327 415.9886 414.0446 411.7004 409.1563 406.6121 404.0679 401.0182 394.5984 388.1785 381.7587 375.3388 365.9585 354.5564 343.1544 331.7524 320.7428 316.1109 311.479 306.8471 302.2152 300.0977 300.2851 300.4724 300.6598 300.8472 304.2875 307.7758 311.264 314.7522 319.9932 327.3829 334.7725 342.1622 349.5518 356.4011 363.1989 369.9968 376.7947 381.4948 382.7257 383.9566 385.1875 386.4184 386.5971 386.5763 386.5555 386.5347 386.46
426.9755 426.908 426.8405 426.773 426.9998 428.0011 429.0023 430.0037 431.0049 430.4808 429.4183 428.3558 427.2933 425.9486 423.4953 421.042 418.5887 416.1354 413.3535 410.4072 407.461 404.5147 401.0791 394.3805 387.6819 380.9833 374.2847 364.855 353.5601 342.2654 330.9705 320.0706 315.5888 311.107 306.6252 302.1434 300.1481 300.4319 300.7158 300.9996 301.2835 305.7871 310.3528 314.9185 319.4842 325.6172 333.6716 341.726 349.7803 357.8347 364.4139 370.8525 377.2912 383.7299 388.1457 389.2157 390.2858 391.3559 392.4259 392.57 392.5385 392.507 392.4754 392.3623
434.2683 434.3777 434.4871 434.5964 434.8732 435.5904 436.3076 437.0247 437.7419 436.7474 435.1489 433.5503 431.9517 430.0764 427.1139 424.1513 421.1887 418.2262 415.0064 411.6582 408.3099 404.9616 401.14 394.1627 387.1853 380.2079 373.2306 363.7515 352.5638 341.3763 330.1886 319.3984 315.0667 310.735 306.4034 302.0717 300.1984 300.5788 300.9591 301.3394 301.7198 307.2867 312.9299 318.5731 324.2162 331.2413 339.9604 348.6794 357.3985 366.1176 372.4266 378.5061 384.5856 390.6652 394.7965 395.7057 396.615 397.5243 398.4335 398.5429 398.5007 398.4584 398.4162 398.2646
442.8436 442.9702 443.0969 443.2235 443.3873 443.6487 443.9102 444.1716 444.433 442.9338 440.8132 438.6925 436.5718 434.1786 430.7148 427.251 423.7872 420.3233 416.5607 412.6488 408.7368 404.8248 400.4601 393.0763 385.6924 378.3086 370.9248 361.4192 350.4644 339.5098 328.5551 318.0059 314.0458 310.0857 306.1256 302.1655 300.7202 301.5802 302.4402 303.3001 304.1601 310.6758 317.2748 323.8737 330.4726 338.086 346.943 355.8 364.6569 373.5139 379.3831 384.9677 390.5524 396.1371 399.9174 400.7138 401.5101 402.3064 403.1028 403.16 403.0771 402.9942 402.9113 402.6913
453.5814 453.4561 453.3307 453.2054 452.9815 452.4978 452.0142 451.5305 451.0469 448.9848 446.3656 443.7464 441.1273 438.2377 434.2861 430.3345 426.3828 422.4312 417.9485 413.2003 408.4521 403.7039 398.5309 390.5253 382.5197 374.514 366.5084 357.0148 346.505 335.9953 325.4855 315.3986 312.1836 308.9686 305.7536 302.5386 302.037 304.0226 306.0083 307.994 309.9796 317.2513 324.6007 331.9501 339.2994 346.989 355.0955 363.202 371.3085 379.415 384.5582 389.4192 394.2802 399.1412 402.4585 403.2227 403.9868 404.751 405.5152 405.4907 405.3167 405.1426 404.9686 404.6297
464.3191 463.9419 463.5646 463.1874 462.5757 461.3469 460.1182 458.8894 457.6607 455.0357 451.9181 448.8004 445.6827 442.2968 437.8574 433.418 428.9785 424.5391 419.3363 413.7519 408.1675 402.5831 396.6018 387.9743 379.3469 370.7195 362.092 352.6105 342.5456 332.4808 322.4159 312.7913 310.3214 307.8515 305.3816 302.9117 303.3538 306.4651 309.5764 312.6878 315.7991 323.8267 331.9265 340.0264 348.1262 355.8919 363.248 370.604 377.96 385.3161 389.7333 393.8706 398.008 402.1454 404.9995 405.7315 406.4636 407.1956 407.9276 407.8214 407.5562 407.291 407.0258 406.5681
475.057 474.4278 473.7986 473.1694 472.17 470.1961 468.2222 466.2484 464.2745 461.0868 457.4706 453.8543 450.2381 446.3559 441.4287 436.5015 431.5742 426.647 420.7242 414.3035 407.8828 401.4622 394.6726 385.4234 376.1741 366.9249 357.6756 348.2061 338.5861 328.9662 319.3463 310.184 308.4592 306.7344 305.0096 303.2849 304.6706 308.9076 313.1446 317.3817 321.6187 330.4022 339.2525 348.1028 356.9531 364.7949 371.4005 378.0061 384.6117 391.2172 394.9085 398.3221 401.7358 405.1495 407.5406 408.2404 408.9403 409.6401 410.34 410.152 409.7957 409.4395 409.0832 408.5066
485.7948 484.9136 484.0325 483.1514 481.7642 479.0452 476.3262 473.6073 470.8883 467.1377 463.023 458.9083 454.7935 450.415 445.0 439.585 434.1699 428.7549 422.1119 414.855 407.5981 400.3413 392.7435 382.8724 373.0013 363.1303 353.2592 343.8018 334.6267 325.4518 316.2767 307.5768 306.597 305.6173 304.6377 303.658 305.9873 311.35 316.7128 322.0755 327.4382 336.9776 346.5784 356.1792 365.7799 373.6979 379.553 385.4081 391.2632 397.1183 400.0836 402.7736 405.4636 408.1537 410.0817 410.7493 411.417 412.0847 412.7523 412.4827 412.0353 411.5879 411.1404 410.445
490.0143 489.2212 488.4282 487.6351 486.2713 483.4055 480.5397 477.6739 474.8081 470.568 465.8428 461.1176 456.3925 451.4633 445.7327 440.002 434.2713 428.5406 421.5449 413.9166 406.2883 398.66 390.703 380.5544 370.4059 360.2574 350.1088 340.8031 332.073 323.3429 314.6128 306.3857 306.3318 306.278 306.2242 306.1704 309.7321 316.6078 323.4836 330.3594 337.2353 346.2085 355.2126 364.2167 373.2207 380.4207 385.4091 390.3975 395.386 400.3744 402.9611 405.3192 407.6772 410.0352 411.7636 412.4508 413.138 413.8251 414.5123 414.1583 413.6068 413.0554 412.5039 411.6846
492.6339 492.0124 491.3908 490.7693 489.5298 486.664 483.7982 480.9324 478.0666 473.355 467.9919 462.6288 457.2657 451.7726 445.7686 439.7645 433.7604 427.7563 420.4979 412.6123 404.7267 396.8411 388.6352 378.2937 367.9521 357.6106 347.269 338.1494 329.8642 321.5791 313.2939 305.5421 306.4586 307.3751 308.2916 309.208 314.0727 322.5567 331.0407 339.5247 348.0087 356.0914 364.1681 372.2448 380.3214 386.6085 390.7016 394.7948 398.888 402.9812 405.2747 407.3969 409.5191 411.6412 413.2348 413.9541 414.6735 415.3928 416.1121 415.6731 415.0144 414.3557 413.6971 412.7526
495.2534 494.8035 494.3535 493.9035 492.7883 489.9225 487.0567 484.1909 481.3251 476.142 470.141 464.14 458.139 452.0819 445.8045 439.527 433.2496 426.9721 419.451 411.3081 403.1652 395.0222 386.5674 376.0329 365.4984 354.9639 344.4294 335.4958 327.6555 319.8153 311.9751 304.6987 306.5854 308.4721 310.3589 312.2456 318.4134 328.5056 338.5977 348.6899 358.7821 365.9741 373.1234 380.2728 387.4221 392.7962 395.9941 399.1921 402.39 405.588 407.5883 409.4746 411.3609 413.2472 414.7059 415.4574 416.2089 416.9604 417.7119 417.1879 416.422 415.6561 414.8902 413.8206
497.873 497.5946 497.3161 497.0377 496.0468 493.181 490.3152 487.4494 484.5836 478.929 472.2901 465.6512 459.0123 452.3912 445.8404 439.2896 432.7387 426.1879 418.4041 410.0038 401.6036 393.2034 384.4997 373.7722 363.0446 352.3171 341.5896 332.8421 325.4468 318.0515 310.6562 303.8552 306.7122 309.5692 312.4262 315.2832 322.754 334.4544 346.1548 357.8552 369.5555 375.8569 382.0789 388.3008 394.5227 398.9839 401.2866 403.5893 405.8921 408.1948 409.902 411.5524 413.2028 414.8532 416.1771 416.9607 417.7444 418.528 419.3117 418.7027 417.8296 416.9565 416.0834 414.8886
499.6855 499.4659 499.2463 499.0267 498.0584 495.12 492.1815 489.2431 486.3047 480.28 473.1659 466.0519 458.9379 451.8915 445.1111 438.3307 431.5503 424.7699 416.7289 408.0575 399.3862 390.7149 381.7567 370.885 360.0133 349.1417 338.27 329.84 323.0774 316.3149 309.5523 303.4031 307.2216 311.0401 314.8586 318.6771 327.2026 340.0428 352.8831 365.7234 378.5637 384.0947 389.5182 394.9418 400.3653 404.0824 405.7078 407.3331 408.9585 410.5839 412.0671 413.5367 415.0064 416.476 417.6951 418.4996 419.3042 420.1087 420.9133 420.2543 419.3179 418.3814 417.4449 416.1672
498.8495 498.319 497.7885 497.258 495.9788 492.7295 489.4801 486.2308 482.9814 476.9192 469.8641 462.809 455.754 448.7372 441.8711 435.0049 428.1387 421.2725 412.9921 404.0045 395.0169 386.0293 376.7981 365.9425 355.0869 344.2314 333.3758 325.6945 320.1809 314.6674 309.1538 304.2354 308.9866 313.7378 318.4891 323.2403 332.0049 344.4485 356.8921 369.3356 381.7792 386.9347 391.983 397.0313 402.0796 405.6069 407.2698 408.9327 410.5956 412.2585 413.745 415.2146 416.6843 418.1539 419.3669 420.1553 420.9438 421.7323 422.5208 421.9268 421.0708 420.2147 419.3586 418.1369
498.0135 497.1721 496.3307 495.4893 493.8992 490.3389 486.7786 483.2184 479.6581 473.5583 466.5623 459.5662 452.5701 445.5829 438.631 431.6791 424.7271 417.7752 409.2553 399.9514 390.6475 381.3437 371.8396 361.0001 350.1606 339.3211 328.4816 321.549 317.2844 313.0199 308.7554 305.0676 310.7516 316.4355 322.1195 327.8035 336.8072 348.8541 360.901 372.9479 384.9948 389.7747 394.4478 399.1208 403.7939 407.1314 408.8318 410.5323 412.2327 413.9331 415.4228 416.8925 418.3621 419.8318 421.0387 421.8111 422.5835 423.3558 424.1282 423.5994 422.8237 422.048 421.2723 420.1066
497.1776 496.0252 494.8729 493.7206 491.8195 487.9483 484.0771 480.206 476.3348 470.1975 463.2604 456.3233 449.3862 442.4286 435.391 428.3532 421.3155 414.2778 405.5184 395.8983 386.2781 376.658 366.881 356.0576 345.2342 334.4107 323.5873 317.4034 314.3879 311.3724 308.3569 305.8998 312.5165 319.1333 325.75 332.3668 341.6096 353.2598 364.91 376.5602 388.2104 392.6147 396.9126 401.2104 405.5082 408.6559 410.3939 412.1318 413.8698 415.6077 417.1007 418.5703 420.04 421.5096 422.7105 423.4668 424.2231 424.9794 425.7357 425.2719 424.5766 423.8813 423.1861 422.0762
496.3416 494.8784 493.4151 491.9518 489.7399 485.5578 481.3757 477.1936 473.0115 466.8367 459.9586 453.0804 446.2023 439.2744 432.1509 425.0274 417.9039 410.7804 401.7816 391.8452 381.9088 371.9724 361.9224 351.1151 340.3078 329.5005 318.6931 313.2579 311.4914 309.7249 307.9585 306.732 314.2815 321.831 329.3805 336.93 346.4119 357.6654 368.9189 380.1724 391.4259 395.4547 399.3773 403.2999 407.2225 410.1804 411.9559 413.7314 415.5069 417.2823 418.7786 420.2482 421.7179 423.1875 424.3823 425.1225 425.8628 426.603 427.3432 426.9444 426.3295 425.7147 425.0998 424.0459
490.3402 488.2313 486.1224 484.0135 481.3639 477.291 473.2181 469.1453 465.0724 459.3566 453.0608 446.765 440.4693 434.0799 427.3229 420.5658 413.8088 407.0517 397.9666 387.7174 377.4683 367.2192 356.95 346.5469 336.1437 325.7406 315.3375 310.8253 310.3363 309.8473 309.3583 309.3693 317.5062 325.643 333.7798 341.9166 351.3257 361.9013 372.4768 383.0524 393.6279 397.4631 401.1992 404.9353 408.6713 411.5578 413.4028 415.2479 417.0929 418.938 420.4532 421.9371 423.421 424.9049 426.1133 426.8659 427.6185 428.3712 429.1238 428.7526 428.1683 427.584 426.9998 425.9768
