data/zism_data/00072_04_D.txt
ncols         224
nrows         224
[rows 168 to 195 of 224, columns 126 to 188 of 224]
4398.175 4398.857 4399.54 4399.717 4399.746 4399.775 4399.804 4399.788 4399.596 4399.405 4399.214 4399.023 4399.137 4399.426 4399.716 4400.005 4400.31 4400.837 4401.364 4401.891 4402.417 4403.059 4403.817 4404.576 4405.334 4406.092 4407.317 4408.58 4409.841 4411.104 4412.649 4414.703 4416.757 4418.811 4420.865 4423.488 4426.265 4429.041 4431.817 4434.42 4436.403 4438.386 4440.369 4442.353 4445.457 4449.165 4452.874 4456.583 4460.177 4462.457 4464.737 4467.018 4469.298 4470.822 4471.623 4472.423 4473.224 4474.024 4470.821 4467.369 4463.917 4460.466 4456.079
4394.417 4395.753 4397.09 4397.556 4397.767 4397.978 4398.189 4398.334 4398.224 4398.113 4398.002 4397.892 4398.12 4398.543 4398.967 4399.39 4399.825 4400.427 4401.029 4401.631 4402.233 4403.002 4403.943 4404.884 4405.824 4406.765 4408.232 4409.741 4411.249 4412.758 4414.584 4416.981 4419.378 4421.775 4424.172 4427.189 4430.373 4433.557 4436.741 4439.782 4442.312 4444.841 4447.371 4449.901 4453.413 4457.454 4461.495 4465.536 4469.404 4471.287 4473.171 4475.054 4476.938 4477.991 4478.25 4478.51 4478.769 4479.028 4475.465 4471.665 4467.865 4464.065 4459.235
4390.658 4392.649 4394.639 4395.394 4395.788 4396.181 4396.574 4396.881 4396.851 4396.82 4396.79 4396.76 4397.103 4397.66 4398.218 4398.775 4399.34 4400.017 4400.694 4401.371 4402.048 4402.946 4404.069 4405.192 4406.314 4407.438 4409.146 4410.901 4412.657 4414.412 4416.519 4419.259 4422.0 4424.74 4427.48 4430.891 4434.482 4438.073 4441.665 4445.143 4448.22 4451.296 4454.373 4457.449 4461.369 4465.742 4470.115 4474.489 4478.63 4480.117 4481.604 4483.091 4484.578 4485.161 4484.878 4484.596 4484.314 4484.032 4480.109 4475.96 4471.812 4467.664 4462.392
4384.626 4387.017 4389.407 4390.339 4390.845 4391.35 4391.855 4392.275 4392.362 4392.449 4392.536 4392.623 4393.212 4394.091 4394.97 4395.848 4396.725 4397.574 4398.422 4399.271 4400.12 4401.157 4402.385 4403.614 4404.842 4406.07 4407.904 4409.785 4411.667 4413.548 4415.797 4418.707 4421.616 4424.526 4427.436 4431.019 4434.784 4438.548 4442.313 4446.081 4449.858 4453.635 4457.412 4461.189 4465.583 4470.309 4475.034 4479.76 4484.203 4485.403 4486.604 4487.804 4489.004 4489.222 4488.499 4487.775 4487.052 4486.328 4482.184 4477.827 4473.47 4469.114 4463.629
4377.218 4379.855 4382.493 4383.535 4384.11 4384.685 4385.26 4385.764 4385.99 4386.216 4386.443 4386.669 4387.585 4388.898 4390.21 4391.523 4392.821 4393.9 4394.979 4396.059 4397.138 4398.32 4399.608 4400.895 4402.182 4403.469 4405.357 4407.292 4409.227 4411.162 4413.469 4416.443 4419.417 4422.391 4425.364 4428.987 4432.784 4436.581 4440.377 4444.344 4448.915 4453.485 4458.055 4462.625 4467.534 4472.625 4477.715 4482.805 4487.565 4488.546 4489.527 4490.507 4491.488 4491.403 4490.299 4489.195 4488.091 4486.987 4482.705 4478.225 4473.745 4469.265 4463.707
4369.811 4372.695 4375.579 4376.73 4377.375 4378.02 4378.665 4379.252 4379.618 4379.984 4380.349 4380.715 4381.958 4383.705 4385.452 4387.198 4388.917 4390.227 4391.536 4392.846 4394.156 4395.484 4396.83 4398.176 4399.522 4400.869 4402.811 4404.799 4406.788 4408.776 4411.141 4414.179 4417.217 4420.255 4423.293 4426.955 4430.784 4434.613 4438.442 4442.607 4447.971 4453.335 4458.699 4464.063 4469.485 4474.94 4480.395 4485.85 4490.928 4491.689 4492.45 4493.21 4493.971 4493.585 4492.1 4490.616 4489.131 4487.646 4483.225 4478.622 4474.019 4469.416 4463.785
4362.404 4365.534 4368.665 4369.926 4370.64 4371.355 4372.069 4372.741 4373.246 4373.751 4374.256 4374.761 4376.33 4378.511 4380.692 4382.874 4385.013 4386.553 4388.093 4389.634 4391.174 4392.647 4394.052 4395.458 4396.863 4398.268 4400.264 4402.306 4404.348 4406.391 4408.812 4411.915 4415.017 4418.12 4421.222 4424.922 4428.784 4432.645 4436.506 4440.871 4447.027 4453.185 4459.342 4465.499 4471.437 4477.256 4483.076 4488.895 4494.291 4494.832 4495.373 4495.914 4496.455 4495.766 4493.901 4492.036 4490.17 4488.305 4483.746 4479.02 4474.293 4469.566 4463.862
4354.934 4358.273 4361.612 4362.96 4363.726 4364.492 4365.258 4366.002 4366.66 4367.318 4367.976 4368.633 4370.515 4373.099 4375.683 4378.267 4380.797 4382.555 4384.313 4386.07 4387.828 4389.451 4390.938 4392.425 4393.913 4395.399 4397.431 4399.506 4401.581 4403.656 4406.122 4409.29 4412.457 4415.625 4418.793 4422.505 4426.363 4430.221 4434.079 4438.593 4445.451 4452.308 4459.166 4466.022 4472.485 4478.735 4484.984 4491.234 4497.013 4497.398 4497.784 4498.17 4498.555 4497.608 4495.386 4493.164 4490.942 4488.72 4484.038 4479.204 4474.37 4469.535 4463.789
4346.815 4349.961 4353.107 4354.304 4354.931 4355.557 4356.184 4356.877 4357.83 4358.783 4359.735 4360.688 4362.724 4365.383 4368.042 4370.702 4373.307 4375.145 4376.983 4378.821 4380.66 4382.483 4384.292 4386.101 4387.909 4389.718 4391.599 4393.486 4395.374 4397.261 4399.633 4402.876 4406.119 4409.361 4412.604 4416.036 4419.519 4423.002 4426.485 4430.646 4437.224 4443.803 4450.381 4456.959 4464.052 4471.422 4478.792 4486.162 4493.013 4493.919 4494.824 4495.73 4496.635 4495.888 4493.559 4491.229 4488.9 4486.571 4481.933 4477.152 4472.372 4467.591 4462.134
4338.697 4341.649 4344.603 4345.648 4346.135 4346.622 4347.109 4347.752 4349.0 4350.247 4351.495 4352.742 4354.934 4357.668 4360.402 4363.136 4365.817 4367.735 4369.654 4371.573 4373.491 4375.515 4377.646 4379.776 4381.906 4384.036 4385.767 4387.467 4389.167 4390.866 4393.145 4396.462 4399.78 4403.098 4406.416 4409.568 4412.675 4415.783 4418.891 4422.697 4428.997 4435.297 4441.597 4447.896 4455.619 4464.109 4472.6 4481.09 4489.013 4490.439 4491.864 4493.29 4494.716 4494.168 4491.731 4489.295 4486.858 4484.422 4479.828 4475.101 4470.374 4465.647 4460.479
4330.578 4333.338 4336.098 4336.992 4337.339 4337.688 4338.035 4338.627 4340.169 4341.712 4343.254 4344.796 4347.144 4349.953 4352.762 4355.571 4358.327 4360.326 4362.325 4364.324 4366.323 4368.547 4370.999 4373.451 4375.903 4378.354 4379.935 4381.447 4382.959 4384.471 4386.656 4390.049 4393.442 4396.834 4400.228 4403.1 4405.832 4408.564 4411.296 4414.749 4420.77 4426.791 4432.812 4438.833 4447.186 4456.797 4466.408 4476.018 4485.014 4486.959 4488.905 4490.85 4492.796 4492.448 4489.904 4487.36 4484.816 4482.272 4477.723 4473.05 4468.376 4463.703 4458.824
4322.459 4325.026 4327.593 4328.335 4328.544 4328.752 4328.961 4329.502 4331.339 4333.177 4335.014 4336.851 4339.353 4342.237 4345.122 4348.006 4350.837 4352.917 4354.996 4357.076 4359.155 4361.579 4364.353 4367.126 4369.899 4372.673 4374.103 4375.428 4376.752 4378.077 4380.167 4383.635 4387.104 4390.571 4394.039 4396.631 4398.988 4401.345 4403.703 4406.801 4412.543 4418.286 4424.028 4429.77 4438.753 4449.484 4460.215 4470.946 4481.014 4483.479 4485.945 4488.41 4490.876 4490.727 4488.076 4485.425 4482.774 4480.123 4475.618 4470.999 4466.378 4461.758 4457.168
4313.067 4315.698 4318.329 4319.096 4319.319 4319.542 4319.764 4320.372 4322.477 4324.583 4326.688 4328.793 4331.417 4334.338 4337.259 4340.18 4343.053 4345.251 4347.45 4349.648 4351.846 4354.344 4357.147 4359.95 4362.753 4365.556 4366.836 4367.997 4369.157 4370.317 4372.322 4375.841 4379.36 4382.879 4386.399 4389.041 4391.448 4393.855 4396.262 4399.33 4404.755 4410.18 4415.605 4421.03 4429.988 4440.85 4451.713 4462.575 4472.823 4476.027 4479.231 4482.435 4485.639 4486.122 4484.001 4481.881 4479.761 4477.64 4473.778 4469.808 4465.838 4461.868 4457.928
4302.636 4305.541 4308.445 4309.382 4309.744 4310.106 4310.468 4311.237 4313.589 4315.941 4318.293 4320.645 4323.362 4326.288 4329.214 4332.141 4335.029 4337.377 4339.726 4342.074 4344.422 4346.893 4349.486 4352.08 4354.674 4357.268 4358.398 4359.415 4360.43 4361.446 4363.368 4366.92 4370.471 4374.022 4377.574 4380.536 4383.34 4386.144 4388.947 4392.249 4397.325 4402.402 4407.479 4412.555 4420.952 4431.139 4441.326 4451.513 4461.213 4465.333 4469.454 4473.575 4477.695 4479.164 4478.094 4477.024 4475.954 4474.884 4472.154 4469.32 4466.486 4463.653 4460.658
4292.206 4295.383 4298.561 4299.668 4300.169 4300.67 4301.172 4302.102 4304.701 4307.299 4309.898 4312.497 4315.307 4318.238 4321.17 4324.102 4327.005 4329.503 4332.001 4334.5 4336.999 4339.44 4341.825 4344.21 4346.595 4348.979 4349.961 4350.832 4351.703 4352.574 4354.415 4357.999 4361.582 4365.166 4368.75 4372.031 4375.231 4378.432 4381.632 4385.167 4389.895 4394.624 4399.352 4404.08 4411.916 4421.427 4430.939 4440.451 4449.603 4454.64 4459.677 4464.715 4469.752 4472.206 4472.187 4472.167 4472.148 4472.128 4470.529 4468.832 4467.135 4465.438 4463.388
4281.775 4285.226 4288.677 4289.954 4290.594 4291.235 4291.876 4292.967 4295.813 4298.658 4301.503 4304.348 4307.251 4310.188 4313.125 4316.063 4318.98 4321.629 4324.278 4326.926 4329.575 4331.989 4334.164 4336.34 4338.516 4340.691 4341.523 4342.25 4342.976 4343.702 4345.462 4349.078 4352.693 4356.309 4359.925 4363.526 4367.123 4370.72 4374.317 4378.085 4382.465 4386.845 4391.225 4395.605 4402.879 4411.716 4420.552 4429.388 4437.993 4443.947 4449.901 4455.854 4461.809 4465.248 4466.279 4467.31 4468.341 4469.373 4468.905 4468.344 4467.784 4467.223 4466.118
4271.333 4275.054 4278.774 4280.223 4281.007 4281.791 4282.575 4283.83 4286.922 4290.015 4293.106 4296.199 4299.199 4302.146 4305.093 4308.04 4310.978 4313.774 4316.571 4319.368 4322.165 4324.55 4326.517 4328.485 4330.452 4332.42 4333.104 4333.688 4334.271 4334.854 4336.533 4340.18 4343.827 4347.474 4351.121 4355.042 4359.037 4363.031 4367.026 4371.031 4375.073 4379.115 4383.156 4387.198 4393.916 4402.077 4410.238 4418.399 4426.455 4433.313 4440.169 4447.027 4453.884 4458.302 4460.384 4462.466 4464.549 4466.631 4467.295 4467.871 4468.447 4469.023 4468.862
4260.177 4263.902 4267.628 4269.385 4270.565 4271.746 4272.927 4274.553 4277.913 4281.273 4284.633 4287.993 4291.302 4294.582 4297.861 4301.141 4304.39 4307.214 4310.037 4312.861 4315.685 4318.009 4319.826 4321.644 4323.461 4325.278 4325.932 4326.494 4327.055 4327.617 4329.269 4332.878 4336.488 4340.097 4343.707 4347.992 4352.458 4356.925 4361.392 4365.842 4370.238 4374.633 4379.029 4383.424 4389.844 4397.357 4404.869 4412.382 4419.841 4426.693 4433.545 4440.397 4447.249 4452.211 4455.366 4458.521 4461.675 4464.829 4466.656 4468.401 4470.146 4471.891 4472.617
4249.02 4252.751 4256.482 4258.547 4260.124 4261.701 4263.279 4265.275 4268.903 4272.532 4276.16 4279.788 4283.406 4287.018 4290.629 4294.241 4297.803 4300.653 4303.503 4306.354 4309.205 4311.468 4313.135 4314.802 4316.47 4318.137 4318.759 4319.3 4319.84 4320.381 4322.005 4325.577 4329.149 4332.721 4336.293 4340.942 4345.88 4350.818 4355.757 4360.654 4365.403 4370.152 4374.901 4379.65 4385.773 4392.637 4399.501 4406.365 4413.227 4420.074 4426.92 4433.767 4440.614 4446.122 4450.348 4454.575 4458.801 4463.027 4466.018 4468.931 4471.844 4474.758 4476.371
4237.863 4241.6 4245.336 4247.708 4249.683 4251.657 4253.631 4255.998 4259.894 4263.79 4267.687 4271.583 4275.509 4279.453 4283.397 4287.341 4291.215 4294.093 4296.97 4299.847 4302.724 4304.927 4306.444 4307.961 4309.478 4310.996 4311.587 4312.106 4312.625 4313.144 4314.742 4318.276 4321.81 4325.345 4328.879 4333.892 4339.302 4344.712 4350.122 4355.465 4360.568 4365.671 4370.774 4375.877 4381.702 4387.917 4394.133 4400.348 4406.613 4413.455 4420.296 4427.137 4433.979 4440.031 4445.33 4450.628 4455.927 4461.226 4465.379 4469.461 4473.543 4477.625 4480.125
4226.706 4230.448 4234.189 4236.871 4239.241 4241.612 4243.983 4246.72 4250.884 4255.049 4259.213 4263.377 4267.613 4271.889 4276.166 4280.442 4284.628 4287.532 4290.436 4293.34 4296.244 4298.385 4299.752 4301.12 4302.487 4303.854 4304.415 4304.913 4305.41 4305.908 4307.478 4310.975 4314.471 4317.968 4321.465 4326.842 4332.724 4338.605 4344.487 4350.276 4355.733 4361.189 4366.646 4372.103 4377.631 4383.198 4388.764 4394.331 4400.0 4406.835 4413.671 4420.507 4427.343 4433.941 4440.312 4446.683 4453.053 4459.424 4464.74 4469.991 4475.242 4480.492 4483.88
4218.614 4221.979 4225.344 4228.074 4230.619 4233.163 4235.708 4238.64 4243.082 4247.525 4251.967 4256.41 4260.886 4265.382 4269.878 4274.374 4278.773 4281.799 4284.825 4287.851 4290.876 4293.076 4294.436 4295.797 4297.157 4298.518 4299.113 4299.648 4300.183 4300.718 4302.279 4305.682 4309.085 4312.488 4315.891 4321.43 4327.542 4333.655 4339.767 4345.772 4351.396 4357.02 4362.643 4368.266 4373.615 4378.814 4384.015 4389.214 4394.538 4401.282 4408.025 4414.768 4421.512 4428.508 4435.746 4442.983 4450.221 4457.458 4463.679 4469.837 4475.995 4482.153 4486.255
4213.865 4216.437 4219.008 4221.505 4223.979 4226.454 4228.929 4231.865 4236.597 4241.329 4246.061 4250.793 4255.437 4260.029 4264.621 4269.214 4273.718 4276.969 4280.22 4283.471 4286.721 4289.108 4290.619 4292.13 4293.641 4295.151 4295.852 4296.489 4297.125 4297.763 4299.333 4302.581 4305.828 4309.076 4312.323 4317.804 4323.884 4329.964 4336.044 4342.017 4347.603 4353.188 4358.774 4364.36 4369.657 4374.798 4379.939 4385.08 4390.334 4396.89 4403.446 4410.002 4416.558 4423.791 4431.671 4439.553 4447.434 4455.314 4462.158 4468.938 4475.718 4482.497 4487.125
4209.115 4210.894 4212.672 4214.936 4217.341 4219.746 4222.15 4225.09 4230.112 4235.133 4240.155 4245.176 4249.986 4254.675 4259.364 4264.053 4268.663 4272.139 4275.615 4279.091 4282.566 4285.142 4286.802 4288.463 4290.124 4291.785 4292.591 4293.33 4294.068 4294.807 4296.387 4299.479 4302.571 4305.663 4308.755 4314.178 4320.226 4326.274 4332.322 4338.261 4343.809 4349.358 4354.906 4360.455 4365.7 4370.782 4375.864 4380.946 4386.131 4392.499 4398.867 4405.235 4411.604 4419.074 4427.598 4436.122 4444.646 4453.17 4460.637 4468.039 4475.44 4482.842 4487.996
4204.366 4205.352 4206.336 4208.366 4210.702 4213.037 4215.372 4218.315 4223.626 4228.938 4234.249 4239.56 4244.537 4249.322 4254.107 4258.893 4263.607 4267.309 4271.009 4274.71 4278.412 4281.175 4282.985 4284.796 4286.607 4288.418 4289.33 4290.17 4291.01 4291.851 4293.441 4296.378 4299.314 4302.251 4305.188 4310.552 4316.568 4322.583 4328.6 4334.505 4340.016 4345.527 4351.038 4356.548 4361.743 4366.766 4371.789 4376.812 4381.928 4388.108 4394.289 4400.469 4406.65 4414.356 4423.524 4432.691 4441.859 4451.026 4459.116 4467.14 4475.163 4483.186 4488.867
4199.617 4199.809 4200.001 4201.797 4204.063 4206.328 4208.594 4211.541 4217.141 4222.742 4228.342 4233.942 4239.087 4243.969 4248.851 4253.732 4258.552 4262.478 4266.404 4270.331 4274.257 4277.208 4279.168 4281.129 4283.09 4285.051 4286.068 4287.01 4287.953 4288.895 4290.495 4293.276 4296.058 4298.839 4301.62 4306.926 4312.91 4318.894 4324.877 4330.749 4336.223 4341.696 4347.169 4352.643 4357.785 4362.749 4367.713 4372.677 4377.724 4383.717 4389.71 4395.703 4401.696 4409.639 4419.45 4429.261 4439.072 4448.882 4457.595 4466.24 4474.885 4483.53 4489.737
4200.265 4200.411 4200.557 4202.16 4204.188 4206.218 4208.247 4210.958 4216.323 4221.688 4227.052 4232.417 4237.318 4241.953 4246.588 4251.224 4255.808 4259.677 4263.545 4267.414 4271.283 4274.227 4276.231 4278.236 4280.241 4282.246 4283.454 4284.6 4285.745 4286.89 4288.61 4291.362 4294.114 4296.866 4299.618 4304.685 4310.374 4316.063 4321.752 4327.401 4332.908 4338.415 4343.921 4349.427 4354.638 4359.69 4364.741 4369.793 4374.909 4380.759 4386.61 4392.46 4398.312 4406.001 4415.45 4424.899 4434.348 4443.797 4452.809 4461.792 4470.777 4479.761 4486.438
4201.245 4201.39 4201.536 4202.948 4204.731 4206.514 4208.296 4210.756 4215.853 4220.95 4226.046 4231.143 4235.776 4240.144 4244.51 4248.877 4253.207 4257.0 4260.794 4264.588 4268.381 4271.306 4273.348 4275.391 4277.433 4279.476 4280.88 4282.234 4283.589 4284.943 4286.79 4289.52 4292.25 4294.981 4297.712 4302.529 4307.908 4313.286 4318.664 4324.078 4329.622 4335.167 4340.71 4346.254 4351.541 4356.689 4361.837 4366.985 4372.179 4377.89 4383.601 4389.313 4395.024 4402.429 4411.454 4420.48 4429.505 4438.531 4447.821 4457.126 4466.432 4475.738 4482.882
