data/zism_data/00070_04_D.txt
ncols         224
nrows         224
[rows 56 to 83 of 224, columns 128 to 191 of 224]
729.3813 735.222 741.0493 746.4202 751.7913 757.1622 762.5333 766.9306 770.2659 773.6011 776.9363 780.2716 783.326 786.3586 789.3911 792.4236 795.3658 798.1588 800.9517 803.7447 806.5377 809.3856 812.2452 815.1046 817.9642 820.5832 822.5695 824.5556 826.5417 828.528 830.9072 833.4359 835.9644 838.493 840.0153 836.7579 833.5006 830.2433 826.9858 821.2205 813.9383 806.6563 799.3741 791.9563 782.7982 773.6405 764.4827 755.3247 747.8018 741.7773 735.7531 729.7287 723.7045 717.9166 712.1359 706.3553 700.5744 694.6538 688.54 682.4263 676.3124 670.1988 663.1062 655.8671
735.7082 741.4084 747.0983 752.4368 757.7755 763.114 768.4526 772.7916 776.0405 779.2892 782.538 785.7868 789.0755 792.3675 795.6593 798.9513 802.0816 804.9449 807.8081 810.6713 813.5345 816.5152 819.5207 822.5261 825.5316 828.2623 830.2701 832.2779 834.2856 836.2935 838.5807 840.9743 843.3677 845.7612 847.2293 844.3015 841.3739 838.4462 835.5185 830.204 823.446 816.6883 809.9303 802.9615 793.29 783.6188 773.9477 764.2762 756.2428 749.7103 743.1781 736.6456 730.1134 724.1901 718.2852 712.3802 706.4751 700.2712 693.6547 687.0385 680.422 673.8058 666.4738 659.0347
742.035 747.5946 753.1472 758.4532 763.7595 769.0656 774.3718 778.6525 781.8149 784.9772 788.1395 791.3018 794.8249 798.3763 801.9275 805.4789 808.7973 811.7308 814.6643 817.5977 820.5313 823.6447 826.7961 829.9474 833.0988 835.9412 837.9706 840.0001 842.0294 844.0589 846.2542 848.5126 850.7709 853.0294 854.4431 851.845 849.2471 846.649 844.051 839.1874 832.9536 826.72 820.4863 813.9664 803.7816 793.597 783.4125 773.2276 764.6836 757.6431 750.6029 743.5625 736.5223 730.4635 724.4343 718.4051 712.3757 705.8885 698.7694 691.6506 684.5315 677.4127 669.8412 662.2022
748.3656 753.7848 759.2 764.4752 769.7506 775.0259 780.3013 784.5264 787.6061 790.6857 793.7653 796.8449 800.6022 804.4125 808.2227 812.0331 815.5381 818.5386 821.5389 824.5392 827.5397 830.7853 834.0827 837.3799 840.6773 843.6321 845.6859 847.7396 849.7933 851.847 853.9489 856.0692 858.1893 860.3095 861.6664 859.3975 857.1287 854.8598 852.5909 848.1786 842.4702 836.7619 831.0535 824.9839 814.2889 803.5944 792.8999 782.205 773.1497 765.5969 758.0443 750.4914 742.9388 736.7446 730.5911 724.4377 718.284 711.5159 703.8997 696.2838 688.6677 681.0518 673.2413 665.402
755.2335 760.5122 765.7964 771.2608 776.7253 782.1898 787.6543 792.1875 795.7049 799.2222 802.7396 806.257 810.2314 814.2418 818.2519 822.2622 825.7432 828.3491 830.955 833.5608 836.1667 839.4688 842.9175 846.366 849.8148 852.9879 855.4361 857.8843 860.3325 862.7808 864.584 866.1422 867.7003 869.2585 870.1962 868.1866 866.1772 864.1678 862.1583 858.2648 853.2318 848.199 843.1661 837.72 826.9818 816.2441 805.5063 794.7682 785.1086 776.437 767.7657 759.0942 750.423 744.0809 737.8085 731.5361 725.2635 718.5378 711.1865 703.8354 696.4841 689.1329 681.1409 673.053
762.1013 767.2395 772.3928 778.0463 783.7 789.3535 795.0072 799.8484 803.8036 807.7587 811.7137 815.6689 819.8605 824.0708 828.2809 832.4911 835.9481 838.1595 840.3708 842.5822 844.7936 848.152 851.7521 855.352 858.952 862.3434 865.1862 868.0289 870.8715 873.7143 875.2189 876.215 877.2111 878.2072 878.7258 876.9756 875.2256 873.4756 871.7255 868.3507 863.9933 859.636 855.2786 850.4559 839.6745 828.8935 818.1125 807.3311 797.0673 787.277 777.4871 767.6968 757.907 751.417 745.0258 738.6345 732.243 725.5597 718.4731 711.3868 704.3003 697.2141 689.0403 680.7038
768.9691 773.9668 778.9891 784.8317 790.6746 796.5173 802.3602 807.5094 811.9023 816.2951 820.6879 825.0808 829.4896 833.8998 838.3099 842.7202 846.153 847.9699 849.7868 851.6036 853.4205 856.8353 860.5867 864.3379 868.0892 871.6989 874.9362 878.1734 881.4106 884.6478 885.8538 886.2878 886.7219 887.156 887.2554 885.7647 884.274 882.7834 881.2928 878.4366 874.7548 871.0729 867.3911 863.1917 852.3671 841.5429 830.7187 819.8941 809.0259 798.117 787.2084 776.2995 765.3909 758.7531 752.243 745.7328 739.2225 732.5815 725.7598 718.9383 712.1166 705.2951 696.9398 688.3546
775.837 780.6942 785.5856 791.6174 797.6494 803.6812 809.7132 815.1705 820.0012 824.8317 829.6622 834.4929 839.1189 843.7291 848.3391 852.9493 856.3581 857.7805 859.2028 860.6252 862.0475 865.5187 869.4214 873.324 877.2267 881.0546 884.6864 888.3181 891.9498 895.5815 896.4888 896.3609 896.2329 896.1049 895.7851 894.5538 893.3226 892.0914 890.8602 888.5228 885.5164 882.5101 879.5037 875.9278 865.06 854.1926 843.3251 832.4573 820.9848 808.9572 796.9299 784.9023 772.8751 766.0894 759.4603 752.8314 746.2021 739.6035 733.0466 726.4899 719.933 713.3763 704.8393 696.0056
784.0695 788.9606 793.8885 800.0433 806.1984 812.3533 818.5083 824.1797 829.3239 834.4679 839.6119 844.7561 849.73 854.6909 859.6516 864.6124 868.2485 869.6941 871.1396 872.5852 874.0308 877.5699 881.5499 885.5297 889.5097 893.4804 897.4274 901.3743 905.3211 909.2681 909.9143 909.3063 908.6982 908.0901 907.3605 906.0529 904.7452 903.4377 902.1301 899.8323 896.9357 894.0391 891.1425 887.6869 877.0746 866.4626 855.8508 845.2385 833.499 820.7255 807.9523 795.1788 782.4057 775.2878 768.339 761.3901 754.4411 747.7128 741.2885 734.8644 728.4402 722.0161 713.3676 704.3857
793.7266 798.8339 803.9733 810.1822 816.3913 822.6002 828.8093 834.5967 839.9247 845.2524 850.5802 855.9081 861.3666 866.8354 872.304 877.7729 881.8986 883.8036 885.7086 887.6135 889.5184 893.1374 897.1174 901.0972 905.0772 909.1119 913.2913 917.4705 921.6497 925.8291 926.2534 925.2509 924.2483 923.2457 922.1159 920.3813 918.6468 916.9123 915.1777 912.4194 909.0417 905.6642 902.2866 898.426 888.3812 878.3367 868.2922 858.2474 846.5933 833.463 820.3332 807.203 794.0732 786.4307 778.9523 771.4738 763.9952 756.9576 750.5279 744.0984 737.6688 731.2393 722.5525 713.5274
803.3839 808.7074 814.0582 820.3212 826.5844 832.8473 839.1104 845.014 850.5257 856.0372 861.5487 867.0604 873.0033 878.9802 884.9568 890.9336 895.5491 897.9134 900.2777 902.642 905.0063 908.7052 912.6852 916.665 920.645 924.7437 929.1554 933.567 937.9786 942.3904 942.5928 941.1957 939.7986 938.4016 936.8716 934.7101 932.5486 930.3871 928.2256 925.0067 921.148 917.2896 913.431 909.1654 899.688 890.211 880.7339 871.2566 859.6877 846.2007 832.7143 819.2274 805.7409 797.5738 789.5657 781.5577 773.5494 766.2026 759.7675 753.3326 746.8975 740.4626 731.7375 722.6692
813.0411 818.5807 824.143 830.46 836.7772 843.0942 849.4114 855.431 861.1265 866.8217 872.517 878.2124 884.6398 891.1246 897.6093 904.0941 909.1992 912.0229 914.8466 917.6702 920.494 924.2727 928.2527 932.2325 936.2125 940.3752 945.0193 949.6633 954.3073 958.9514 958.9319 957.1403 955.3488 953.5571 951.627 949.0385 946.4501 943.8618 941.2733 937.5937 933.2542 928.9147 924.5751 919.9045 910.9946 902.0851 893.1755 884.2656 872.782 858.9384 845.0952 831.2515 817.4084 808.7167 800.179 791.6414 783.1035 775.4473 769.0068 762.5666 756.126 749.6858 740.9224 731.8108
822.6982 828.454 834.2278 840.5988 846.9701 853.3411 859.7123 865.848 871.7272 877.6063 883.4852 889.3644 896.2764 903.2692 910.2618 917.2546 922.8494 926.1325 929.4155 932.6985 935.9816 939.8402 943.8202 947.8 951.78 956.0067 960.8832 965.7595 970.6359 975.5123 975.271 973.0849 970.8989 968.7127 966.3824 963.367 960.3517 957.3364 954.321 950.1808 945.3602 940.5399 935.7193 930.6437 922.3013 913.9591 905.6169 897.2745 885.8762 871.6759 857.4761 843.2758 829.0759 819.8596 810.7924 801.7251 792.6576 784.6921 778.2462 771.8005 765.3547 758.9089 750.1072 740.9525
834.4213 840.157 845.9123 852.3163 858.7206 865.1248 871.5291 878.1037 884.8648 891.6256 898.3864 905.1475 911.9518 918.7598 925.5676 932.3755 937.7711 940.8312 943.8912 946.9513 950.0114 953.1245 956.2489 959.3732 962.4976 965.8127 969.6304 973.4481 977.2656 981.0833 980.759 978.8607 976.9625 975.0641 973.0005 970.1513 967.3022 964.453 961.6038 957.4194 952.4276 947.4359 942.444 937.256 929.5545 921.8533 914.152 906.4506 896.027 883.1077 870.1887 857.2693 844.3504 834.5295 824.8015 815.0735 805.3451 796.6127 789.2533 781.8942 774.5349 767.1757 758.199 748.98
846.2053 851.914 857.644 864.0805 870.5172 876.9537 883.3904 890.4137 898.0773 905.7405 913.4039 921.0674 927.7467 934.3493 940.9517 947.5543 952.7302 955.5472 958.364 961.1808 963.9977 966.3409 968.5844 970.8278 973.0712 975.446 978.1667 980.8873 983.6078 986.3286 985.9254 984.3351 982.7449 981.1546 979.3774 976.7119 974.0465 971.3811 968.7156 964.4995 959.3455 954.1917 949.0377 943.7459 936.6875 929.6293 922.5712 915.5128 906.0905 894.5005 882.911 871.3211 859.7316 849.3038 838.9111 828.5184 818.1252 808.6123 800.3126 792.0131 783.7134 775.414 766.2582 756.9744
857.9893 863.671 869.3757 875.8446 882.3138 888.7827 895.2518 902.7236 911.2897 919.8555 928.4213 936.9874 943.5416 949.9388 956.3359 962.7331 967.6894 970.2631 972.8367 975.4104 977.9841 979.5573 980.9198 982.2823 983.6449 985.0793 986.7029 988.3265 989.9501 991.5737 991.0917 989.8094 988.5273 987.2451 985.7543 983.2725 980.7908 978.3092 975.8275 971.5795 966.2634 960.9475 955.6314 950.2358 943.8205 937.4055 930.9904 924.5751 916.1539 905.8934 895.6333 885.3729 875.1127 864.0781 853.0206 841.9633 830.9055 820.6119 811.3719 802.1321 792.892 783.6522 774.3174 764.9687
869.7735 875.4282 881.1076 887.6089 894.1105 900.6119 907.1135 915.0338 924.5024 933.9707 943.439 952.9077 959.3367 965.5286 971.7203 977.9121 982.6488 984.9793 987.3098 989.6402 991.9707 992.7739 993.2555 993.7371 994.2188 994.7128 995.2393 995.7659 996.2924 996.819 996.2581 995.2839 994.3098 993.3356 992.1312 989.8333 987.5353 985.2374 982.9394 978.6597 973.1815 967.7034 962.2252 956.7258 950.9537 945.1816 939.4097 933.6375 926.2175 917.2865 908.3558 899.4248 890.4941 878.8525 867.1304 855.4083 843.6859 832.6118 822.4313 812.2512 802.0707 791.8906 782.3768 772.9632
882.2684 887.9425 893.642 900.1832 906.7245 913.2657 919.807 927.6865 937.0265 946.3661 955.7057 965.0456 970.8705 976.421 981.9713 987.5219 991.7109 993.6488 995.5867 997.5245 999.4623 999.767 999.7278 999.6886 999.6494 999.5651 999.3621 999.159 998.9559 998.7529 997.9481 996.9145 995.881 994.8474 993.5859 991.2414 988.897 986.5526 984.2081 980.08 974.8732 969.6665 964.4597 959.2562 954.0929 948.9297 943.7665 938.6031 931.9775 924.011 916.0447 908.0782 900.112 888.4095 876.5958 864.7822 852.9681 841.5961 830.8329 820.0701 809.3069 798.5441 788.9169 779.4606
895.6207 901.3705 907.1449 913.7347 920.3246 926.9144 933.5044 940.7529 948.7201 956.6871 964.654 972.6212 977.264 981.6472 986.0303 990.4135 993.6593 995.0243 996.3893 997.7543 999.1193 999.2529 999.1273 999.0016 998.8759 998.6501 998.1606 997.6711 997.1816 996.6922 995.4443 993.9081 992.372 990.8359 989.1028 986.4341 983.7654 981.0967 978.428 974.6728 970.2604 965.8481 961.4357 957.0102 952.4143 947.8185 943.2228 938.6269 932.5461 925.1038 917.6618 910.2195 902.7775 891.6727 880.4589 869.245 858.0308 846.9429 836.0284 825.1143 814.1998 803.2856 793.6247 784.1521
908.9731 914.7986 920.6479 927.2864 933.925 940.5634 947.2021 953.8194 960.4139 967.0082 973.6025 980.197 983.6576 986.8735 990.0893 993.3052 995.6077 996.3998 997.192 997.9841 998.7762 998.7388 998.5267 998.3145 998.1024 997.735 996.9591 996.1832 995.4073 994.6315 992.9405 990.9017 988.863 986.8243 984.6196 981.6266 978.6337 975.6408 972.6478 969.2655 965.6475 962.0297 958.4117 954.7641 950.7357 946.7074 942.6791 938.6506 933.1147 926.1967 919.2789 912.3608 905.4431 894.9359 884.3219 873.7079 863.0936 852.2899 841.224 830.1586 819.0927 808.0273 798.3325 788.8437
922.3254 928.2266 934.1508 940.8378 947.5251 954.2122 960.8995 966.8857 972.1075 977.3292 982.5508 987.7726 990.0511 992.0997 994.1482 996.1968 997.556 997.7753 997.9946 998.2139 998.4332 998.2247 997.9261 997.6275 997.3289 996.82 995.7577 994.6954 993.6331 992.5708 990.4368 987.8954 985.3541 982.8127 980.1366 976.8193 973.5021 970.185 966.8677 963.8583 961.0347 958.2113 955.3878 952.5181 949.0571 945.5963 942.1354 938.6744 933.6834 927.2896 920.896 914.5021 908.1086 898.199 888.1849 878.1708 868.1563 857.6367 846.4196 835.2028 823.9856 812.7688 803.0402 793.5352
935.6777 941.6546 947.6536 954.3893 961.1252 967.861 974.5969 979.952 983.8011 987.6501 991.4991 995.3482 996.4445 997.3259 998.2072 999.0884 999.5044 999.1508 998.7973 998.4437 998.0901 997.7106 997.3255 996.9404 996.5554 995.905 994.5563 993.2075 991.8588 990.5101 987.933 984.8891 981.8452 978.8013 975.6535 972.012 968.3706 964.7292 961.0877 958.451 956.4219 954.3929 952.3638 950.272 947.3785 944.485 941.5916 938.6981 934.252 928.3824 922.513 916.6434 910.774 901.4622 892.0479 882.6336 873.219 862.9835 851.6151 840.2469 828.8785 817.5104 807.7479 798.2267
943.5844 947.9538 952.3715 958.3976 964.4241 970.4503 976.4766 981.1556 984.3649 987.5741 990.7833 993.9926 994.8036 995.4274 996.0512 996.675 996.8898 996.4284 995.967 995.5056 995.0441 994.5786 994.1121 993.6456 993.1791 992.4006 990.8008 989.2011 987.6014 986.0016 983.1047 979.7148 976.3251 972.9352 969.4488 965.5032 961.5578 957.6124 953.6668 950.9949 949.0931 947.1912 945.2894 943.34 940.7814 938.2229 935.6644 933.1058 928.9221 923.2481 917.5744 911.9005 906.2268 897.6454 888.9776 880.3097 871.6415 862.2149 851.7413 841.2682 830.7946 820.3215 810.9429 801.729
951.1141 953.7596 956.4812 961.7454 967.0097 972.2739 977.5383 981.5378 984.1581 986.7782 989.3983 992.0186 992.6065 993.0357 993.4649 993.8942 993.9592 993.4222 992.8851 992.348 991.8109 991.2652 990.7177 990.1702 989.6226 988.7169 986.8685 985.0202 983.1719 981.3235 978.1154 974.3904 970.6656 966.9406 963.1248 958.8766 954.6285 950.3804 946.1322 943.3968 941.576 939.7552 937.9344 936.0833 933.8436 931.604 929.3644 927.1247 923.1836 917.6826 912.1819 906.6809 901.1802 893.3384 885.4271 877.5159 869.6042 861.0228 851.5167 842.0109 832.5048 822.999 814.0333 805.149
958.6436 959.5653 960.5908 965.093 969.5953 974.0975 978.5999 981.9202 983.9513 985.9824 988.0134 990.0446 990.4094 990.644 990.8787 991.1134 991.0287 990.416 989.8033 989.1906 988.5778 987.952 987.3233 986.6948 986.0661 985.0332 982.9362 980.8394 978.7424 976.6454 973.1261 969.066 965.0062 960.9461 956.8009 952.25 947.6993 943.1486 938.5977 935.7988 934.0591 932.3194 930.5797 928.8268 926.906 924.9852 923.0645 921.1436 917.4453 912.1172 906.7894 901.4614 896.1335 889.0316 881.8768 874.722 867.5671 859.8308 851.2921 842.7536 834.2148 825.6764 817.1235 808.5689
966.1732 965.371 964.7004 968.4406 972.1809 975.9211 979.6614 982.3024 983.7445 985.1865 986.6285 988.0706 988.2122 988.2524 988.2925 988.3326 988.0982 987.4098 986.7214 986.033 985.3446 984.6387 983.929 983.2194 982.5096 981.3495 979.004 976.6585 974.313 971.9675 968.1368 963.7417 959.3468 954.9517 950.477 945.6235 940.7701 935.9168 931.0633 928.2008 926.5421 924.8835 923.2248 921.5703 919.9683 918.3664 916.7645 915.1625 911.7069 906.5518 901.3969 896.2419 891.087 884.7246 878.3264 871.9283 865.5298 858.6387 851.0674 843.4963 835.9249 828.3538 820.2139 811.9889
968.3024 966.189 964.2252 967.2778 970.3305 973.3831 976.4357 978.5442 979.6226 980.701 981.7795 982.858 982.9372 982.9384 982.9395 982.9407 982.7343 982.1844 981.6346 981.0847 980.5349 979.8774 979.1971 978.5169 977.8366 976.671 974.2279 971.7849 969.3419 966.8989 962.8787 958.259 953.6395 949.0198 944.3179 939.2249 934.1321 929.0392 923.9462 921.0145 919.3895 917.7646 916.1396 914.5334 913.1669 911.8004 910.4339 909.0674 905.8298 900.877 895.9244 890.9716 886.0189 880.2438 874.4444 868.645 862.8453 856.6425 849.8829 843.1235 836.364 829.6046 821.9709 814.2064
962.8896 960.0413 957.3469 959.8159 962.2849 964.7538 967.2228 969.0035 970.0333 971.0631 972.0929 973.1227 973.3638 973.5433 973.7228 973.9023 973.972 973.8599 973.7478 973.6357 973.5236 973.094 972.5975 972.101 971.6045 970.6033 968.2737 965.9442 963.6146 961.285 957.2452 952.5553 947.8655 943.1755 938.3893 933.145 927.9009 922.6567 917.4124 914.4034 912.746 911.0887 909.4313 907.8036 906.556 905.3084 904.0608 902.8131 899.7593 895.0497 890.3403 885.6307 880.9212 875.5204 870.0993 864.6782 859.2568 853.523 847.358 841.1931 835.028 828.8631 821.8661 814.7448
