data/zism_data/00075_03_D.txt
ncols         224
nrows         224
[rows 0 to 27 of 224, columns 63 to 125 of 224]
1779.396 1782.678 1785.96 1788.79 1790.909 1793.028 1795.146 1797.266 1797.579 1797.625 1797.671 1797.716 1797.552 1797.002 1796.453 1795.903 1795.354 1795.484 1795.748 1796.013 1796.278 1796.676 1797.362 1798.048 1798.735 1799.421 1799.627 1799.711 1799.796 1799.88 1799.837 1799.465 1799.092 1798.72 1798.348 1797.564 1796.652 1795.74 1794.828 1793.98 1793.328 1792.675 1792.023 1791.37 1791.799 1792.635 1793.471 1794.307 1795.167 1796.118 1797.069 1798.02 1798.971 1799.355 1799.485 1799.615 1799.745 1799.862 1799.914 1799.966 1800.018 1800.07 1800.199
1777.643 1780.93 1784.217 1787.152 1789.531 1791.91 1794.289 1796.668 1797.068 1797.173 1797.278 1797.383 1797.204 1796.503 1795.802 1795.1 1794.399 1794.522 1794.808 1795.095 1795.381 1795.84 1796.673 1797.506 1798.338 1799.171 1799.411 1799.501 1799.591 1799.681 1799.606 1799.109 1798.612 1798.115 1797.618 1796.635 1795.501 1794.367 1793.233 1792.206 1791.51 1790.814 1790.119 1789.423 1789.974 1790.994 1792.014 1793.035 1794.076 1795.195 1796.314 1797.433 1798.552 1799.033 1799.228 1799.423 1799.618 1799.787 1799.828 1799.869 1799.911 1799.952 1800.084
1775.89 1779.182 1782.475 1785.514 1788.153 1790.793 1793.432 1796.071 1796.557 1796.721 1796.886 1797.051 1796.857 1796.004 1795.151 1794.297 1793.444 1793.56 1793.868 1794.177 1794.484 1795.005 1795.984 1796.963 1797.942 1798.921 1799.194 1799.29 1799.385 1799.481 1799.375 1798.753 1798.132 1797.51 1796.888 1795.706 1794.35 1792.993 1791.637 1790.432 1789.693 1788.953 1788.214 1787.475 1788.148 1789.353 1790.557 1791.762 1792.984 1794.271 1795.558 1796.845 1798.132 1798.71 1798.97 1799.231 1799.491 1799.711 1799.742 1799.772 1799.803 1799.833 1799.969
1773.75 1776.935 1780.12 1783.233 1786.233 1789.234 1792.234 1795.234 1795.829 1796.066 1796.303 1796.54 1796.339 1795.334 1794.329 1793.324 1792.319 1792.506 1792.929 1793.351 1793.774 1794.402 1795.472 1796.542 1797.612 1798.682 1798.884 1798.867 1798.849 1798.832 1798.583 1797.738 1796.894 1796.049 1795.205 1793.85 1792.337 1790.824 1789.31 1788.007 1787.353 1786.699 1786.044 1785.39 1786.193 1787.544 1788.896 1790.247 1791.62 1793.075 1794.53 1795.985 1797.44 1798.131 1798.479 1798.827 1799.174 1799.471 1799.524 1799.576 1799.628 1799.68 1799.829
1771.165 1774.111 1777.057 1780.21 1783.687 1787.164 1790.642 1794.119 1794.851 1795.175 1795.499 1795.822 1795.624 1794.467 1793.311 1792.154 1790.997 1791.344 1791.989 1792.634 1793.279 1794.068 1795.165 1796.262 1797.359 1798.456 1798.464 1798.198 1797.931 1797.664 1797.141 1795.961 1794.78 1793.599 1792.419 1790.922 1789.328 1787.733 1786.139 1784.831 1784.41 1783.989 1783.568 1783.146 1784.088 1785.542 1786.996 1788.451 1789.94 1791.563 1793.187 1794.81 1796.433 1797.254 1797.716 1798.177 1798.639 1799.041 1799.153 1799.264 1799.376 1799.488 1799.661
1768.579 1771.286 1773.994 1777.186 1781.141 1785.095 1789.05 1793.004 1793.873 1794.284 1794.694 1795.105 1794.909 1793.601 1792.292 1790.984 1789.675 1790.182 1791.05 1791.917 1792.785 1793.733 1794.858 1795.982 1797.106 1798.23 1798.045 1797.529 1797.013 1796.497 1795.7 1794.183 1792.666 1791.15 1789.633 1787.995 1786.319 1784.643 1782.967 1781.655 1781.467 1781.279 1781.091 1780.903 1781.983 1783.54 1785.097 1786.654 1788.26 1790.052 1791.843 1793.634 1795.426 1796.377 1796.953 1797.529 1798.104 1798.61 1798.782 1798.953 1799.125 1799.296 1799.493
1765.993 1768.462 1770.931 1774.163 1778.594 1783.026 1787.457 1791.889 1792.896 1793.393 1793.89 1794.387 1794.194 1792.734 1791.274 1789.813 1788.353 1789.021 1790.11 1791.2 1792.29 1793.399 1794.55 1795.702 1796.853 1798.005 1797.625 1796.86 1796.094 1795.329 1794.258 1792.405 1790.552 1788.7 1786.847 1785.067 1783.309 1781.552 1779.795 1778.479 1778.524 1778.569 1778.614 1778.659 1779.878 1781.538 1783.198 1784.858 1786.581 1788.54 1790.5 1792.459 1794.418 1795.501 1796.19 1796.88 1797.569 1798.179 1798.411 1798.642 1798.873 1799.104 1799.325
1763.407 1765.638 1767.869 1771.14 1776.048 1780.957 1785.865 1790.774 1791.918 1792.502 1793.086 1793.67 1793.48 1791.867 1790.255 1788.643 1787.031 1787.859 1789.171 1790.483 1791.795 1793.065 1794.243 1795.422 1796.6 1797.779 1797.206 1796.191 1795.176 1794.161 1792.817 1790.628 1788.439 1786.25 1784.061 1782.139 1780.3 1778.462 1776.623 1775.302 1775.581 1775.859 1776.137 1776.415 1777.773 1779.536 1781.299 1783.062 1784.901 1787.029 1789.156 1791.284 1793.411 1794.624 1795.427 1796.231 1797.034 1797.749 1798.04 1798.33 1798.621 1798.912 1799.157
1760.903 1762.76 1764.616 1767.55 1772.182 1776.813 1781.445 1786.076 1787.365 1788.156 1788.947 1789.739 1789.856 1788.736 1787.616 1786.495 1785.375 1786.604 1788.3 1789.995 1791.69 1793.205 1794.33 1795.455 1796.58 1797.705 1796.906 1795.622 1794.338 1793.053 1791.421 1788.896 1786.37 1783.845 1781.32 1779.226 1777.266 1775.306 1773.345 1772.051 1772.814 1773.577 1774.34 1775.102 1776.85 1778.967 1781.085 1783.203 1785.319 1787.428 1789.537 1791.647 1793.756 1794.956 1795.747 1796.538 1797.33 1798.038 1798.349 1798.659 1798.969 1799.279 1799.544
1758.406 1759.877 1761.349 1763.917 1768.212 1772.508 1776.803 1781.098 1782.532 1783.54 1784.549 1785.557 1786.006 1785.428 1784.85 1784.271 1783.693 1785.343 1787.434 1789.524 1791.615 1793.382 1794.447 1795.513 1796.578 1797.644 1796.616 1795.061 1793.505 1791.95 1790.028 1787.167 1784.306 1781.444 1778.583 1776.314 1774.229 1772.144 1770.059 1768.794 1770.061 1771.328 1772.595 1773.862 1776.019 1778.511 1781.003 1783.495 1785.9 1787.977 1790.054 1792.13 1794.207 1795.381 1796.151 1796.921 1797.691 1798.384 1798.71 1799.037 1799.363 1799.69 1799.975
1755.908 1756.995 1758.081 1760.284 1764.243 1768.202 1772.161 1776.12 1777.699 1778.925 1780.15 1781.375 1782.155 1782.119 1782.083 1782.047 1782.011 1784.081 1786.568 1789.054 1791.541 1793.559 1794.565 1795.57 1796.576 1797.582 1796.326 1794.5 1792.673 1790.847 1788.636 1785.438 1782.241 1779.043 1775.846 1773.402 1771.192 1768.983 1766.773 1765.537 1767.309 1769.08 1770.851 1772.622 1775.189 1778.055 1780.921 1783.786 1786.481 1788.525 1790.57 1792.614 1794.658 1795.807 1796.556 1797.304 1798.052 1798.73 1799.073 1799.415 1799.758 1800.101 1800.406
1753.411 1754.113 1754.814 1756.651 1760.274 1763.896 1767.52 1771.142 1772.867 1774.309 1775.751 1777.193 1778.305 1778.811 1779.317 1779.823 1780.33 1782.819 1785.701 1788.584 1791.466 1793.736 1794.682 1795.628 1796.574 1797.521 1796.036 1793.939 1791.841 1789.744 1787.243 1783.71 1780.176 1776.642 1773.109 1770.49 1768.156 1765.822 1763.487 1762.281 1764.556 1766.831 1769.107 1771.382 1774.359 1777.598 1780.838 1784.078 1787.062 1789.074 1791.086 1793.097 1795.109 1796.233 1796.96 1797.686 1798.413 1799.076 1799.435 1799.793 1800.152 1800.511 1800.836
1751.6 1752.021 1752.442 1753.935 1757.118 1760.301 1763.484 1766.667 1768.368 1769.849 1771.329 1772.81 1774.115 1775.098 1776.08 1777.063 1778.045 1780.85 1784.016 1787.181 1790.347 1792.785 1793.653 1794.52 1795.388 1796.255 1794.656 1792.433 1790.211 1787.989 1785.351 1781.649 1777.947 1774.245 1770.543 1767.841 1765.45 1763.059 1760.668 1759.517 1762.199 1764.881 1767.563 1770.245 1773.611 1777.233 1780.856 1784.478 1787.761 1789.753 1791.745 1793.737 1795.729 1796.817 1797.501 1798.184 1798.868 1799.497 1799.868 1800.239 1800.61 1800.981 1801.341
1750.859 1751.16 1751.461 1752.648 1755.229 1757.811 1760.392 1762.973 1764.388 1765.63 1766.873 1768.115 1769.397 1770.754 1772.11 1773.467 1774.824 1777.781 1781.055 1784.329 1787.603 1790.081 1790.84 1791.599 1792.359 1793.118 1791.578 1789.459 1787.34 1785.22 1782.683 1779.073 1775.463 1771.853 1768.243 1765.6 1763.258 1760.916 1758.573 1757.522 1760.459 1763.396 1766.333 1769.27 1772.992 1777.01 1781.029 1785.047 1788.642 1790.635 1792.626 1794.619 1796.611 1797.646 1798.254 1798.862 1799.469 1800.037 1800.413 1800.79 1801.166 1801.543 1801.961
1750.117 1750.299 1750.481 1751.361 1753.341 1755.32 1757.3 1759.279 1760.409 1761.412 1762.416 1763.419 1764.679 1766.41 1768.141 1769.872 1771.602 1774.712 1778.094 1781.477 1784.859 1787.377 1788.028 1788.679 1789.329 1789.98 1788.501 1786.485 1784.468 1782.452 1780.015 1776.497 1772.979 1769.461 1765.943 1763.359 1761.066 1758.772 1756.479 1755.527 1758.719 1761.91 1765.102 1768.294 1772.374 1776.787 1781.202 1785.615 1789.524 1791.516 1793.508 1795.5 1797.492 1798.476 1799.008 1799.539 1800.071 1800.577 1800.959 1801.34 1801.722 1802.104 1802.581
1749.375 1749.438 1749.501 1750.074 1751.452 1752.83 1754.207 1755.585 1756.429 1757.194 1757.959 1758.724 1759.961 1762.066 1764.171 1766.276 1768.381 1771.642 1775.133 1778.624 1782.115 1784.673 1785.215 1785.758 1786.3 1786.842 1785.423 1783.51 1781.597 1779.684 1777.346 1773.92 1770.495 1767.069 1763.644 1761.119 1758.874 1756.629 1754.385 1753.532 1756.979 1760.425 1763.871 1767.318 1771.755 1776.565 1781.374 1786.184 1790.406 1792.398 1794.39 1796.382 1798.374 1799.305 1799.761 1800.217 1800.673 1801.117 1801.504 1801.891 1802.278 1802.666 1803.201
1748.634 1748.577 1748.521 1748.787 1749.563 1750.339 1751.115 1751.891 1752.45 1752.976 1753.502 1754.029 1755.244 1757.722 1760.201 1762.68 1765.159 1768.573 1772.173 1775.772 1779.372 1781.969 1782.403 1782.837 1783.271 1783.704 1782.346 1780.536 1778.726 1776.915 1774.678 1771.344 1768.011 1764.677 1761.344 1758.878 1756.682 1754.486 1752.29 1751.537 1755.238 1758.939 1762.641 1766.342 1771.136 1776.342 1781.547 1786.753 1791.288 1793.28 1795.272 1797.264 1799.256 1800.135 1800.514 1800.894 1801.274 1801.656 1802.049 1802.442 1802.834 1803.227 1803.822
1748.05 1747.99 1747.93 1748.127 1748.727 1749.328 1749.928 1750.529 1750.991 1751.431 1751.872 1752.313 1753.367 1755.548 1757.729 1759.91 1762.09 1765.051 1768.165 1771.28 1774.394 1776.639 1777.006 1777.373 1777.74 1778.107 1777.073 1775.686 1774.299 1772.911 1771.11 1768.249 1765.388 1762.527 1759.666 1757.484 1755.513 1753.542 1751.571 1750.926 1754.377 1757.828 1761.278 1764.729 1769.372 1774.463 1779.555 1784.646 1789.155 1791.453 1793.751 1796.049 1798.347 1799.427 1799.963 1800.499 1801.035 1801.548 1801.95 1802.353 1802.756 1803.159 1803.768
1747.493 1747.449 1747.406 1747.572 1748.07 1748.568 1749.065 1749.563 1749.959 1750.34 1750.721 1751.103 1751.973 1753.742 1755.51 1757.279 1759.048 1761.451 1763.98 1766.509 1769.038 1770.864 1771.172 1771.479 1771.786 1772.094 1771.429 1770.519 1769.608 1768.698 1767.391 1765.067 1762.742 1760.418 1758.093 1756.233 1754.517 1752.801 1751.084 1750.55 1753.665 1756.779 1759.894 1763.008 1767.414 1772.304 1777.195 1782.086 1786.51 1789.166 1791.822 1794.478 1797.134 1798.46 1799.191 1799.922 1800.653 1801.329 1801.743 1802.156 1802.57 1802.984 1803.6
1746.936 1746.909 1746.881 1747.018 1747.413 1747.807 1748.202 1748.596 1748.927 1749.249 1749.57 1749.892 1750.578 1751.935 1753.292 1754.649 1756.005 1757.852 1759.795 1761.739 1763.682 1765.089 1765.337 1765.584 1765.832 1766.08 1765.784 1765.351 1764.918 1764.484 1763.671 1761.884 1760.096 1758.308 1756.521 1754.982 1753.521 1752.059 1750.598 1750.174 1752.952 1755.731 1758.509 1761.288 1765.455 1770.145 1774.836 1779.526 1783.866 1786.88 1789.893 1792.907 1795.921 1797.493 1798.419 1799.345 1800.271 1801.11 1801.535 1801.959 1802.384 1802.808 1803.432
1746.379 1746.368 1746.357 1746.464 1746.755 1747.047 1747.338 1747.63 1747.895 1748.157 1748.419 1748.681 1749.184 1750.129 1751.073 1752.018 1752.963 1754.252 1755.61 1756.968 1758.326 1759.314 1759.502 1759.69 1759.878 1760.067 1760.14 1760.183 1760.227 1760.271 1759.952 1758.701 1757.45 1756.199 1754.948 1753.731 1752.525 1751.318 1750.112 1749.798 1752.24 1754.682 1757.125 1759.567 1763.497 1767.986 1772.476 1776.966 1781.222 1784.594 1787.965 1791.336 1794.708 1796.525 1797.646 1798.768 1799.889 1800.892 1801.327 1801.763 1802.198 1802.633 1803.264
1745.849 1745.856 1745.863 1745.956 1746.184 1746.412 1746.641 1746.869 1747.088 1747.306 1747.524 1747.742 1748.11 1748.753 1749.396 1750.039 1750.683 1751.538 1752.435 1753.331 1754.228 1754.888 1755.036 1755.183 1755.331 1755.478 1755.789 1756.14 1756.492 1756.844 1756.866 1756.042 1755.219 1754.396 1753.573 1752.639 1751.67 1750.701 1749.732 1749.512 1751.606 1753.7 1755.795 1757.889 1761.519 1765.726 1769.934 1774.142 1778.228 1781.854 1785.479 1789.105 1792.73 1794.807 1796.189 1797.571 1798.953 1800.186 1800.707 1801.227 1801.748 1802.268 1802.929
1745.376 1745.405 1745.433 1745.548 1745.798 1746.048 1746.298 1746.548 1746.76 1746.967 1747.174 1747.381 1747.719 1748.297 1748.876 1749.454 1750.032 1750.713 1751.415 1752.117 1752.819 1753.345 1753.492 1753.64 1753.788 1753.935 1754.202 1754.5 1754.797 1755.094 1755.132 1754.504 1753.876 1753.249 1752.621 1751.885 1751.117 1750.349 1749.58 1749.421 1751.141 1752.861 1754.581 1756.301 1759.498 1763.25 1767.002 1770.755 1774.487 1778.145 1781.803 1785.462 1789.12 1791.483 1793.266 1795.05 1796.833 1798.44 1799.205 1799.969 1800.734 1801.498 1802.236
1744.903 1744.953 1745.004 1745.14 1745.412 1745.683 1745.955 1746.226 1746.432 1746.629 1746.825 1747.021 1747.329 1747.842 1748.355 1748.868 1749.382 1749.889 1750.396 1750.902 1751.409 1751.802 1751.949 1752.097 1752.245 1752.392 1752.616 1752.859 1753.102 1753.345 1753.399 1752.966 1752.533 1752.101 1751.668 1751.132 1750.564 1749.997 1749.429 1749.329 1750.675 1752.021 1753.367 1754.713 1757.477 1760.773 1764.07 1767.367 1770.746 1774.437 1778.128 1781.818 1785.509 1788.159 1790.344 1792.528 1794.713 1796.694 1797.703 1798.711 1799.72 1800.728 1801.543
1744.43 1744.502 1744.574 1744.732 1745.025 1745.319 1745.612 1745.905 1746.104 1746.29 1746.475 1746.661 1746.938 1747.387 1747.835 1748.283 1748.731 1749.065 1749.376 1749.688 1749.999 1750.259 1750.406 1750.554 1750.701 1750.849 1751.03 1751.219 1751.407 1751.596 1751.666 1751.428 1751.19 1750.953 1750.715 1750.379 1750.012 1749.645 1749.277 1749.238 1750.21 1751.181 1752.153 1753.125 1755.455 1758.297 1761.139 1763.98 1767.005 1770.729 1774.452 1778.175 1781.898 1784.836 1787.422 1790.007 1792.593 1794.948 1796.201 1797.453 1798.706 1799.958 1800.85
1743.957 1744.051 1744.144 1744.324 1744.639 1744.954 1745.269 1745.584 1745.777 1745.951 1746.126 1746.3 1746.548 1746.931 1747.314 1747.697 1748.08 1748.241 1748.357 1748.473 1748.589 1748.715 1748.863 1749.011 1749.158 1749.306 1749.443 1749.578 1749.713 1749.847 1749.932 1749.89 1749.848 1749.805 1749.763 1749.625 1749.459 1749.292 1749.126 1749.146 1749.744 1750.342 1750.939 1751.537 1753.434 1755.821 1758.207 1760.593 1763.265 1767.02 1770.776 1774.532 1778.287 1781.512 1784.499 1787.486 1790.473 1793.203 1794.699 1796.195 1797.692 1799.188 1800.157
1743.476 1743.587 1743.698 1743.887 1744.198 1744.509 1744.821 1745.132 1745.34 1745.534 1745.727 1745.921 1746.167 1746.51 1746.854 1747.197 1747.541 1747.691 1747.803 1747.915 1748.027 1748.154 1748.314 1748.475 1748.635 1748.795 1748.922 1749.041 1749.16 1749.278 1749.366 1749.375 1749.383 1749.392 1749.4 1749.325 1749.223 1749.121 1749.019 1749.053 1749.506 1749.959 1750.412 1750.865 1752.419 1754.388 1756.357 1758.326 1760.605 1764.062 1767.52 1770.977 1774.434 1777.735 1780.966 1784.198 1787.429 1790.419 1792.257 1794.095 1795.933 1797.771 1798.89
1742.993 1743.12 1743.247 1743.442 1743.742 1744.043 1744.343 1744.643 1744.874 1745.095 1745.315 1745.536 1745.788 1746.099 1746.41 1746.721 1747.032 1747.217 1747.378 1747.539 1747.699 1747.865 1748.042 1748.218 1748.395 1748.571 1748.698 1748.811 1748.924 1749.037 1749.124 1749.144 1749.163 1749.182 1749.202 1749.149 1749.075 1749.0 1748.925 1748.96 1749.331 1749.703 1750.074 1750.446 1751.682 1753.245 1754.807 1756.37 1758.246 1761.313 1764.38 1767.446 1770.513 1773.832 1777.264 1780.696 1784.127 1787.348 1789.554 1791.761 1793.967 1796.174 1797.463
