data/zism_data/00081_01_D.txt
ncols         224
nrows         224
[rows 29 to 57 of 224, columns 0 to 65 of 224]
1050.0 1050.0 1050.0 1050.0 1050.0 1050.0 1050.0 1050.0 1050.0 1050.0 1050.0 1050.0 1050.0 1050.0 1050.0 1050.0 1050.0 1050.0 1050.0 1050.0 1050.0 1050.0 1050.0 1050.0 1050.0 1050.0 1050.0 1050.0 1050.0 1050.0 1050.0 1050.0 1050.0 1050.0 1050.0 1050.0 1050.071 1050.208 1050.344 1050.48 1050.617 1050.764 1050.911 1051.057 1051.204 1051.366 1051.544 1051.722 1051.901 1052.079 1052.168 1052.249 1052.329 1052.409 1052.54 1052.753 1052.966 1053.18 1053.393 1053.812 1054.271 1054.729 1055.188 1055.803 1056.776 1057.748
1050.0 1050.0 1050.0 1050.0 1050.0 1050.0 1050.0 1050.0 1050.0 1050.0 1050.0 1050.0 1050.0 1050.0 1050.0 1050.0 1050.0 1050.0 1050.0 1050.0 1050.0 1050.0 1050.0 1050.0 1050.0 1050.0 1050.0 1050.0 1050.0 1050.0 1050.0 1050.0 1050.0 1050.0 1050.0 1050.0 1050.054 1050.158 1050.262 1050.366 1050.47 1050.617 1050.764 1050.911 1051.057 1051.211 1051.374 1051.536 1051.698 1051.86 1051.898 1051.925 1051.951 1051.978 1052.052 1052.206 1052.36 1052.514 1052.668 1053.091 1053.566 1054.04 1054.515 1055.158 1056.185 1057.212
1050.0 1050.0 1050.0 1050.0 1050.0 1050.0 1050.0 1050.0 1050.0 1050.0 1050.0 1050.0 1050.0 1050.0 1050.0 1050.0 1050.0 1050.0 1050.0 1050.0 1050.0 1050.0 1050.0 1050.0 1050.0 1050.0 1050.0 1050.0 1050.0 1050.0 1050.0 1050.0 1050.0 1050.0 1050.0 1050.0 1050.038 1050.11 1050.183 1050.255 1050.328 1050.472 1050.617 1050.762 1050.907 1051.052 1051.198 1051.343 1051.488 1051.633 1051.623 1051.599 1051.575 1051.551 1051.572 1051.669 1051.766 1051.862 1051.959 1052.394 1052.892 1053.391 1053.89 1054.568 1055.656 1056.745
1050.0 1050.0 1050.0 1050.0 1050.0 1050.0 1050.0 1050.0 1050.0 1050.0 1050.0 1050.0 1050.0 1050.0 1050.0 1050.0 1050.0 1050.0 1050.0 1050.0 1050.0 1050.0 1050.0 1050.0 1050.0 1050.0 1050.0 1050.0 1050.0 1050.0 1050.0 1050.0 1050.0 1050.0 1050.0 1050.0 1050.029 1050.086 1050.142 1050.198 1050.255 1050.367 1050.479 1050.592 1050.705 1050.817 1050.93 1051.043 1051.155 1051.268 1051.261 1051.242 1051.223 1051.204 1051.221 1051.296 1051.371 1051.446 1051.522 1052.08 1052.73 1053.379 1054.029 1054.868 1056.14 1057.412
1050.0 1050.0 1050.0 1050.0 1050.0 1050.0 1050.0 1050.0 1050.0 1050.0 1050.0 1050.0 1050.0 1050.0 1050.0 1050.0 1050.0 1050.0 1050.0 1050.0 1050.0 1050.0 1050.0 1050.0 1050.0 1050.0 1050.0 1050.0 1050.0 1050.0 1050.0 1050.0 1050.0 1050.0 1050.0 1050.0 1050.021 1050.061 1050.101 1050.141 1050.182 1050.261 1050.342 1050.422 1050.502 1050.582 1050.663 1050.743 1050.823 1050.904 1050.898 1050.885 1050.872 1050.858 1050.87 1050.924 1050.977 1051.031 1051.084 1051.766 1052.567 1053.368 1054.169 1055.169 1056.625 1058.08
1050.0 1050.0 1050.0 1050.0 1050.0 1050.0 1050.0 1050.0 1050.0 1050.0 1050.0 1050.0 1050.0 1050.0 1050.0 1050.0 1050.0 1050.0 1050.0 1050.0 1050.0 1050.0 1050.0 1050.0 1050.0 1050.0 1050.0 1050.0 1050.0 1050.0 1050.0 1050.0 1050.0 1050.0 1050.0 1050.0 1050.012 1050.036 1050.06 1050.084 1050.108 1050.156 1050.204 1050.252 1050.3 1050.347 1050.395 1050.443 1050.491 1050.539 1050.536 1050.528 1050.52 1050.512 1050.519 1050.551 1050.583 1050.615 1050.647 1051.452 1052.404 1053.357 1054.309 1055.47 1057.109 1058.748
1050.0 1050.0 1050.0 1050.0 1050.0 1050.0 1050.0 1050.0 1050.0 1050.0 1050.0 1050.0 1050.0 1050.0 1050.0 1050.0 1050.0 1050.0 1050.0 1050.0 1050.0 1050.0 1050.0 1050.0 1050.0 1050.0 1050.0 1050.0 1050.0 1050.0 1050.0 1050.0 1050.0 1050.0 1050.0 1050.0 1050.004 1050.012 1050.02 1050.027 1050.035 1050.05 1050.066 1050.081 1050.097 1050.112 1050.128 1050.143 1050.159 1050.174 1050.173 1050.171 1050.168 1050.166 1050.168 1050.178 1050.189 1050.199 1050.209 1051.138 1052.242 1053.345 1054.448 1055.771 1057.594 1059.416
1050.0 1050.0 1050.0 1050.0 1050.0 1050.0 1050.0 1050.0 1050.0 1050.0 1050.0 1050.0 1050.0 1050.0 1050.0 1050.0 1050.0 1050.0 1050.0 1050.0 1050.0 1050.0 1050.0 1050.0 1050.0 1050.0 1050.0 1050.0 1050.0 1050.0 1050.0 1050.0 1050.0 1050.0 1050.0 1050.0 1050.0 1050.0 1050.0 1050.0 1050.0 1050.017 1050.034 1050.05 1050.067 1050.072 1050.06 1050.049 1050.038 1050.026 1050.031 1050.036 1050.042 1050.048 1050.091 1050.198 1050.306 1050.413 1050.52 1051.61 1052.887 1054.164 1055.442 1056.905 1058.796 1060.687
1050.0 1050.0 1050.0 1050.0 1050.0 1050.0 1050.0 1050.0 1050.0 1050.0 1050.0 1050.0 1050.0 1050.0 1050.0 1050.0 1050.0 1050.0 1050.0 1050.0 1050.0 1050.0 1050.0 1050.0 1050.0 1050.0 1050.0 1050.0 1050.0 1050.0 1050.0 1050.0 1050.0 1050.0 1050.0 1050.0 1050.0 1050.0 1050.0 1050.0 1050.0 1050.049 1050.098 1050.147 1050.197 1050.209 1050.176 1050.143 1050.11 1050.077 1050.09 1050.106 1050.122 1050.139 1050.267 1050.579 1050.891 1051.203 1051.516 1052.802 1054.274 1055.745 1057.217 1058.804 1060.658 1062.511
1050.0 1050.0 1050.0 1050.0 1050.0 1050.0 1050.0 1050.0 1050.0 1050.0 1050.0 1050.0 1050.0 1050.0 1050.0 1050.0 1050.0 1050.0 1050.0 1050.0 1050.0 1050.0 1050.0 1050.0 1050.0 1050.0 1050.0 1050.0 1050.0 1050.0 1050.0 1050.0 1050.0 1050.0 1050.0 1050.0 1050.0 1050.0 1050.0 1050.0 1050.0 1050.081 1050.162 1050.244 1050.326 1050.346 1050.292 1050.237 1050.183 1050.128 1050.148 1050.176 1050.203 1050.23 1050.442 1050.959 1051.477 1051.994 1052.512 1053.995 1055.66 1057.326 1058.992 1060.703 1062.519 1064.334
1050.0 1050.0 1050.0 1050.0 1050.0 1050.0 1050.0 1050.0 1050.0 1050.0 1050.0 1050.0 1050.0 1050.0 1050.0 1050.0 1050.0 1050.0 1050.0 1050.0 1050.0 1050.0 1050.0 1050.0 1050.0 1050.0 1050.0 1050.0 1050.0 1050.0 1050.0 1050.0 1050.0 1050.0 1050.0 1050.0 1050.0 1050.0 1050.0 1050.0 1050.0 1050.112 1050.227 1050.341 1050.455 1050.483 1050.407 1050.331 1050.255 1050.179 1050.207 1050.245 1050.283 1050.321 1050.617 1051.34 1052.063 1052.785 1053.508 1055.187 1057.047 1058.907 1060.767 1062.603 1064.38 1066.157
1050.0 1050.0 1050.0 1050.0 1050.0 1050.0 1050.0 1050.0 1050.0 1050.0 1050.0 1050.0 1050.0 1050.0 1050.0 1050.0 1050.0 1050.0 1050.0 1050.0 1050.0 1050.0 1050.0 1050.0 1050.0 1050.0 1050.0 1050.0 1050.0 1050.0 1050.0 1050.0 1050.0 1050.0 1050.0 1050.0 1050.0 1050.0 1050.0 1050.0 1050.0 1050.144 1050.291 1050.437 1050.584 1050.621 1050.523 1050.425 1050.328 1050.23 1050.266 1050.315 1050.364 1050.413 1050.793 1051.72 1052.648 1053.576 1054.504 1056.379 1058.433 1060.488 1062.543 1064.501 1066.241 1067.981
1050.0 1050.0 1050.0 1050.0 1050.0 1050.0 1050.0 1050.0 1050.0 1050.0 1050.0 1050.0 1050.0 1050.0 1050.0 1050.0 1050.0 1050.0 1050.0 1050.0 1050.0 1050.0 1050.0 1050.0 1050.0 1050.0 1050.0 1050.0 1050.0 1050.0 1050.0 1050.0 1050.0 1050.0 1050.0 1050.0 1050.006 1050.016 1050.027 1050.037 1050.048 1050.246 1050.446 1050.646 1050.846 1050.931 1050.876 1050.821 1050.765 1050.71 1050.857 1051.023 1051.189 1051.355 1051.893 1053.048 1054.202 1055.356 1056.51 1058.451 1060.54 1062.629 1064.719 1066.689 1068.385 1070.082
1050.0 1050.0 1050.0 1050.0 1050.0 1050.0 1050.0 1050.0 1050.0 1050.0 1050.0 1050.0 1050.0 1050.0 1050.0 1050.0 1050.0 1050.0 1050.0 1050.0 1050.0 1050.0 1050.0 1050.0 1050.0 1050.0 1050.0 1050.0 1050.0 1050.0 1050.0 1050.0 1050.0 1050.0 1050.0 1050.0 1050.011 1050.033 1050.054 1050.076 1050.097 1050.348 1050.602 1050.856 1051.11 1051.245 1051.233 1051.22 1051.208 1051.196 1051.455 1051.74 1052.025 1052.31 1053.008 1054.389 1055.77 1057.151 1058.532 1060.535 1062.657 1064.779 1066.901 1068.88 1070.533 1072.187
1050.0 1050.0 1050.0 1050.0 1050.0 1050.0 1050.0 1050.0 1050.0 1050.0 1050.0 1050.0 1050.0 1050.0 1050.0 1050.0 1050.0 1050.0 1050.0 1050.0 1050.0 1050.0 1050.0 1050.0 1050.0 1050.0 1050.0 1050.0 1050.0 1050.0 1050.0 1050.0 1050.0 1050.0 1050.0 1050.0 1050.017 1050.049 1050.081 1050.114 1050.146 1050.45 1050.758 1051.066 1051.375 1051.558 1051.589 1051.62 1051.651 1051.682 1052.053 1052.457 1052.861 1053.264 1054.122 1055.73 1057.337 1058.945 1060.553 1062.62 1064.774 1066.928 1069.083 1071.071 1072.682 1074.292
1050.0 1050.0 1050.0 1050.0 1050.0 1050.0 1050.0 1050.0 1050.0 1050.0 1050.0 1050.0 1050.0 1050.0 1050.0 1050.0 1050.0 1050.0 1050.0 1050.0 1050.0 1050.0 1050.0 1050.0 1050.0 1050.0 1050.0 1050.0 1050.0 1050.0 1050.0 1050.0 1050.0 1050.0 1050.0 1050.0 1050.022 1050.066 1050.109 1050.152 1050.195 1050.552 1050.914 1051.276 1051.639 1051.871 1051.946 1052.02 1052.094 1052.168 1052.652 1053.174 1053.697 1054.219 1055.236 1057.071 1058.905 1060.74 1062.574 1064.705 1066.891 1069.078 1071.265 1073.263 1074.83 1076.397
1050.0 1050.0 1050.0 1050.0 1050.0 1050.0 1050.0 1050.0 1050.0 1050.0 1050.0 1050.0 1050.0 1050.0 1050.0 1050.0 1050.0 1050.0 1050.0 1050.0 1050.0 1050.0 1050.0 1050.0 1050.0 1050.0 1050.0 1050.0 1050.0 1050.0 1050.0 1050.0 1050.0 1050.0 1050.0 1050.0 1050.023 1050.067 1050.111 1050.156 1050.2 1050.613 1051.031 1051.45 1051.869 1052.188 1052.385 1052.583 1052.78 1052.978 1053.611 1054.286 1054.962 1055.637 1056.8 1058.769 1060.738 1062.707 1064.677 1066.819 1068.994 1071.17 1073.345 1075.321 1076.843 1078.364
1050.0 1050.0 1050.0 1050.0 1050.0 1050.0 1050.0 1050.0 1050.0 1050.0 1050.0 1050.0 1050.0 1050.0 1050.0 1050.0 1050.0 1050.0 1050.0 1050.0 1050.0 1050.0 1050.0 1050.0 1050.0 1050.0 1050.0 1050.0 1050.0 1050.0 1050.0 1050.0 1050.0 1050.0 1050.0 1050.0 1050.017 1050.051 1050.084 1050.117 1050.151 1050.622 1051.1 1051.578 1052.056 1052.508 1052.927 1053.345 1053.764 1054.183 1055.013 1055.883 1056.753 1057.622 1058.914 1060.905 1062.896 1064.887 1066.878 1068.969 1071.079 1073.19 1075.301 1077.217 1078.69 1080.162
1050.0 1050.0 1050.0 1050.0 1050.0 1050.0 1050.0 1050.0 1050.0 1050.0 1050.0 1050.0 1050.0 1050.0 1050.0 1050.0 1050.0 1050.0 1050.0 1050.0 1050.0 1050.0 1050.0 1050.0 1050.0 1050.0 1050.0 1050.0 1050.0 1050.0 1050.0 1050.0 1050.0 1050.0 1050.0 1050.0 1050.012 1050.034 1050.057 1050.079 1050.102 1050.632 1051.169 1051.707 1052.244 1052.828 1053.468 1054.108 1054.748 1055.388 1056.416 1057.48 1058.544 1059.608 1061.029 1063.041 1065.054 1067.066 1069.079 1071.119 1073.165 1075.21 1077.256 1079.113 1080.537 1081.961
1050.0 1050.0 1050.0 1050.0 1050.0 1050.0 1050.0 1050.0 1050.0 1050.0 1050.0 1050.0 1050.0 1050.0 1050.0 1050.0 1050.0 1050.0 1050.0 1050.0 1050.0 1050.0 1050.0 1050.0 1050.0 1050.0 1050.0 1050.0 1050.0 1050.0 1050.0 1050.0 1050.0 1050.0 1050.0 1050.0 1050.006 1050.018 1050.03 1050.041 1050.053 1050.641 1051.238 1051.835 1052.432 1053.147 1054.009 1054.871 1055.732 1056.594 1057.818 1059.076 1060.335 1061.593 1063.144 1065.178 1067.212 1069.246 1071.28 1073.269 1075.25 1077.231 1079.212 1081.008 1082.384 1083.76
1050.0 1050.0 1050.0 1050.0 1050.0 1050.0 1050.0 1050.0 1050.0 1050.0 1050.0 1050.0 1050.0 1050.0 1050.0 1050.0 1050.0 1050.0 1050.0 1050.0 1050.0 1050.0 1050.0 1050.0 1050.0 1050.0 1050.0 1050.0 1050.0 1050.0 1050.0 1050.0 1050.0 1050.0 1050.0 1050.0 1050.0 1050.001 1050.002 1050.003 1050.004 1050.651 1051.307 1051.963 1052.62 1053.467 1054.55 1055.633 1056.716 1057.799 1059.22 1060.673 1062.125 1063.578 1065.258 1067.314 1069.369 1071.425 1073.481 1075.419 1077.335 1079.251 1081.167 1082.904 1084.231 1085.558
1050.0 1050.0 1050.0 1050.0 1050.0 1050.0 1050.0 1050.0 1050.0 1050.04 1050.094 1050.149 1050.203 1050.247 1050.252 1050.257 1050.262 1050.267 1050.285 1050.309 1050.334 1050.359 1050.377 1050.352 1050.328 1050.303 1050.278 1050.233 1050.174 1050.115 1050.056 1050.0 1050.0 1050.0 1050.0 1050.0 1050.003 1050.007 1050.012 1050.017 1050.022 1050.567 1051.12 1051.673 1052.226 1053.065 1054.256 1055.447 1056.638 1057.829 1059.482 1061.178 1062.875 1064.571 1066.441 1068.597 1070.753 1072.909 1075.065 1077.019 1078.934 1080.85 1082.765 1084.505 1085.842 1087.18
1050.0 1050.0 1050.0 1050.0 1050.0 1050.0 1050.0 1050.0 1050.0 1050.084 1050.198 1050.311 1050.425 1050.518 1050.528 1050.538 1050.548 1050.559 1050.597 1050.648 1050.7 1050.752 1050.79 1050.738 1050.687 1050.635 1050.583 1050.489 1050.365 1050.241 1050.117 1050.0 1050.0 1050.0 1050.0 1050.0 1050.005 1050.016 1050.026 1050.036 1050.047 1050.475 1050.909 1051.343 1051.777 1052.595 1053.883 1055.171 1056.459 1057.747 1059.635 1061.58 1063.525 1065.47 1067.535 1069.799 1072.063 1074.327 1076.591 1078.567 1080.488 1082.408 1084.329 1086.077 1087.431 1088.785
1050.0 1050.0 1050.0 1050.0 1050.0 1050.0 1050.0 1050.0 1050.0 1050.128 1050.301 1050.474 1050.647 1050.788 1050.804 1050.82 1050.835 1050.851 1050.909 1050.987 1051.066 1051.145 1051.203 1051.124 1051.045 1050.967 1050.888 1050.744 1050.555 1050.367 1050.178 1050.0 1050.0 1050.0 1050.0 1050.0 1050.008 1050.024 1050.04 1050.055 1050.071 1050.382 1050.697 1051.013 1051.328 1052.124 1053.509 1054.895 1056.28 1057.665 1059.788 1061.982 1064.175 1066.368 1068.629 1071.001 1073.373 1075.745 1078.117 1080.114 1082.041 1083.967 1085.893 1087.65 1089.02 1090.39
1050.0 1050.0 1050.0 1050.0 1050.0 1050.0 1050.0 1050.0 1050.0 1050.172 1050.404 1050.637 1050.869 1051.059 1051.08 1051.101 1051.122 1051.143 1051.221 1051.326 1051.432 1051.537 1051.616 1051.51 1051.404 1051.299 1051.193 1050.999 1050.746 1050.492 1050.239 1050.0 1050.0 1050.0 1050.0 1050.0 1050.011 1050.032 1050.053 1050.074 1050.095 1050.29 1050.486 1050.682 1050.879 1051.653 1053.136 1054.618 1056.101 1057.583 1059.942 1062.383 1064.825 1067.267 1069.723 1072.203 1074.683 1077.163 1079.643 1081.662 1083.594 1085.525 1087.457 1089.223 1090.609 1091.995
1050.008 1050.005 1050.004 1050.001 1050.0 1050.0 1050.0 1050.0 1050.0 1050.193 1050.454 1050.716 1050.977 1051.203 1051.291 1051.378 1051.466 1051.553 1051.661 1051.78 1051.898 1052.017 1052.098 1051.928 1051.759 1051.59 1051.42 1051.175 1050.877 1050.579 1050.281 1050.0 1050.0 1050.0 1050.0 1050.0 1050.012 1050.034 1050.057 1050.079 1050.102 1050.213 1050.325 1050.437 1050.55 1051.271 1052.739 1054.206 1055.674 1057.142 1059.683 1062.326 1064.97 1067.613 1070.258 1072.907 1075.556 1078.206 1080.855 1082.943 1084.925 1086.906 1088.888 1090.678 1092.03 1093.381
1050.028 1050.02 1050.013 1050.005 1050.0 1050.0 1050.0 1050.0 1050.0 1050.177 1050.417 1050.657 1050.896 1051.139 1051.394 1051.649 1051.904 1052.159 1052.316 1052.423 1052.531 1052.638 1052.694 1052.4 1052.107 1051.813 1051.52 1051.217 1050.908 1050.6 1050.291 1050.0 1050.0 1050.0 1050.0 1050.0 1050.009 1050.026 1050.043 1050.06 1050.077 1050.161 1050.247 1050.332 1050.417 1051.034 1052.302 1053.57 1054.838 1056.106 1058.743 1061.511 1064.278 1067.046 1069.87 1072.789 1075.708 1078.627 1081.546 1083.782 1085.888 1087.994 1090.1 1091.94 1093.173 1094.405
1050.048 1050.035 1050.022 1050.009 1050.0 1050.0 1050.0 1050.0 1050.0 1050.161 1050.379 1050.597 1050.816 1051.075 1051.497 1051.92 1052.342 1052.764 1052.97 1053.067 1053.163 1053.26 1053.29 1052.872 1052.455 1052.037 1051.619 1051.26 1050.94 1050.621 1050.301 1050.0 1050.0 1050.0 1050.0 1050.0 1050.006 1050.018 1050.029 1050.041 1050.053 1050.11 1050.169 1050.227 1050.285 1050.797 1051.866 1052.934 1054.002 1055.07 1057.803 1060.695 1063.587 1066.478 1069.482 1072.671 1075.86 1079.049 1082.238 1084.621 1086.851 1089.082 1091.312 1093.202 1094.316 1095.43
1050.068 1050.05 1050.031 1050.013 1050.0 1050.0 1050.0 1050.0 1050.0 1050.145 1050.342 1050.538 1050.735 1051.011 1051.601 1052.191 1052.78 1053.37 1053.624 1053.71 1053.796 1053.882 1053.886 1053.344 1052.802 1052.26 1051.719 1051.302 1050.972 1050.642 1050.311 1050.0 1050.0 1050.0 1050.0 1050.0 1050.003 1050.01 1050.016 1050.022 1050.028 1050.059 1050.091 1050.122 1050.153 1050.561 1051.429 1052.297 1053.166 1054.034 1056.864 1059.879 1062.895 1065.911 1069.094 1072.553 1076.012 1079.471 1082.93 1085.46 1087.815 1090.169 1092.524 1094.464 1095.459 1096.454
