data/zism_data/00089_01_D.txt
ncols         224
nrows         224
[rows 112 to 139 of 224, columns 63 to 125 of 224]
1656.85 1664.238 1668.306 1672.375 1676.443 1680.511 1684.488 1688.409 1692.331 1696.253 1700.175 1704.461 1708.782 1713.102 1717.422 1720.532 1719.001 1717.47 1715.938 1714.407 1711.077 1705.938 1700.798 1695.658 1690.519 1690.806 1692.534 1694.262 1695.99 1697.859 1701.323 1704.786 1708.249 1711.712 1710.836 1702.681 1694.526 1686.37 1678.215 1668.675 1658.438 1648.2 1637.963 1627.726 1627.304 1627.327 1627.349 1627.371 1648.37 1642.204 1636.039 1629.874 1623.709 1621.024 1619.884 1618.745 1617.605 1617.405 1623.144 1628.883 1634.621 1640.36 1644.673
1647.367 1655.34 1659.852 1664.365 1668.877 1673.389 1677.891 1682.386 1686.881 1691.376 1695.871 1700.352 1704.833 1709.313 1713.794 1716.897 1714.72 1712.543 1710.367 1708.19 1704.345 1698.824 1693.302 1687.78 1682.259 1683.082 1685.589 1688.097 1690.605 1693.172 1696.408 1699.644 1702.88 1706.116 1705.057 1696.793 1688.53 1680.266 1672.002 1662.371 1652.051 1641.731 1631.411 1621.091 1620.468 1620.284 1620.1 1619.916 1638.802 1633.182 1627.561 1621.94 1616.32 1614.039 1613.24 1612.442 1611.644 1611.708 1617.217 1622.727 1628.236 1633.745 1637.757
1637.883 1646.442 1651.398 1656.355 1661.311 1666.268 1671.294 1676.362 1681.43 1686.499 1691.567 1696.244 1700.884 1705.525 1710.165 1713.262 1710.439 1707.617 1704.795 1701.973 1697.614 1691.71 1685.806 1679.902 1673.998 1675.357 1678.645 1681.932 1685.22 1688.485 1691.493 1694.502 1697.511 1700.52 1699.278 1690.906 1682.533 1674.161 1665.789 1656.066 1645.664 1635.261 1624.859 1614.457 1613.632 1613.242 1612.851 1612.46 1629.235 1624.159 1619.083 1614.006 1608.93 1607.053 1606.597 1606.14 1605.684 1606.011 1611.291 1616.571 1621.85 1627.13 1630.841
1625.758 1634.976 1640.773 1646.571 1652.368 1658.166 1663.646 1668.935 1674.224 1679.512 1684.801 1689.535 1694.218 1698.901 1703.584 1706.483 1702.545 1698.607 1694.669 1690.73 1686.071 1680.687 1675.302 1669.918 1664.534 1666.835 1671.177 1675.518 1679.86 1684.098 1687.163 1690.229 1693.295 1696.36 1695.022 1686.297 1677.571 1668.845 1660.119 1650.735 1641.019 1631.304 1621.588 1611.872 1611.316 1611.175 1611.033 1610.892 1624.053 1619.339 1614.625 1609.911 1605.196 1603.38 1602.849 1602.319 1601.789 1601.956 1606.525 1611.094 1615.663 1620.232 1623.432
1613.491 1623.371 1630.031 1636.691 1643.351 1650.011 1655.941 1661.432 1666.922 1672.412 1677.902 1682.686 1687.406 1692.125 1696.844 1699.536 1694.456 1689.376 1684.297 1679.217 1674.269 1669.453 1664.636 1659.82 1655.004 1658.269 1663.68 1669.091 1674.501 1679.726 1682.864 1686.002 1689.14 1692.278 1690.849 1681.756 1672.664 1663.571 1654.479 1645.456 1636.469 1627.481 1618.494 1609.506 1609.244 1609.376 1609.508 1609.64 1619.107 1614.745 1610.383 1606.021 1601.659 1599.884 1599.258 1598.632 1598.005 1597.989 1601.821 1605.653 1609.486 1613.318 1615.995
1601.224 1611.766 1619.289 1626.811 1634.334 1641.856 1648.237 1653.928 1659.62 1665.312 1671.003 1675.838 1680.593 1685.349 1690.104 1692.588 1686.367 1680.146 1673.925 1667.704 1662.467 1658.219 1653.97 1649.722 1645.474 1649.703 1656.183 1662.663 1669.143 1675.355 1678.566 1681.776 1684.986 1688.196 1686.675 1677.216 1667.757 1658.298 1648.839 1640.177 1631.918 1623.659 1615.4 1607.14 1607.171 1607.577 1607.983 1608.389 1614.161 1610.151 1606.142 1602.132 1598.122 1596.389 1595.667 1594.944 1594.222 1594.022 1597.117 1600.213 1603.309 1606.405 1608.559
1588.957 1600.162 1608.547 1616.932 1625.317 1633.702 1640.533 1646.426 1652.319 1658.212 1664.105 1668.989 1673.781 1678.572 1683.364 1685.641 1678.278 1670.916 1663.553 1656.191 1650.665 1646.985 1643.305 1639.625 1635.945 1641.138 1648.687 1656.235 1663.784 1670.984 1674.267 1677.549 1680.832 1684.115 1682.502 1672.676 1662.85 1653.024 1643.198 1634.899 1627.368 1619.837 1612.306 1604.774 1605.099 1605.778 1606.458 1607.138 1609.215 1605.557 1601.9 1598.243 1594.585 1592.894 1592.075 1591.257 1590.439 1590.055 1592.414 1594.773 1597.132 1599.492 1601.123
1576.339 1587.543 1596.653 1605.763 1614.873 1623.984 1631.407 1637.813 1644.22 1650.626 1657.032 1661.656 1666.115 1670.574 1675.033 1676.926 1668.985 1661.044 1653.103 1645.162 1639.691 1636.705 1633.718 1630.732 1627.745 1633.543 1641.673 1649.803 1657.932 1665.673 1669.046 1672.418 1675.791 1679.163 1677.651 1667.945 1658.239 1648.532 1638.826 1631.001 1624.124 1617.246 1610.369 1603.492 1603.967 1604.776 1605.584 1606.392 1605.444 1601.964 1598.485 1595.006 1591.526 1589.759 1588.751 1587.743 1586.736 1586.083 1587.669 1589.255 1590.841 1592.428 1593.506
1563.147 1573.265 1582.876 1592.487 1602.098 1611.709 1619.959 1627.388 1634.817 1642.246 1649.675 1653.53 1657.054 1660.578 1664.103 1665.325 1657.725 1650.124 1642.524 1634.924 1630.072 1627.984 1625.896 1623.809 1621.721 1627.536 1635.449 1643.361 1651.274 1658.825 1662.317 1665.808 1669.299 1672.791 1671.695 1662.903 1654.11 1645.318 1636.526 1629.361 1623.016 1616.67 1610.325 1603.979 1604.374 1605.074 1605.774 1606.474 1603.594 1600.007 1596.421 1592.835 1589.249 1587.212 1585.863 1584.514 1583.164 1582.102 1582.856 1583.61 1584.363 1585.117 1585.592
1549.955 1558.987 1569.099 1579.211 1589.323 1599.435 1608.512 1616.963 1625.415 1633.866 1642.317 1645.403 1647.993 1650.582 1653.172 1653.724 1646.464 1639.205 1631.945 1624.686 1620.453 1619.264 1618.075 1616.885 1615.696 1621.528 1629.224 1636.92 1644.616 1651.978 1655.588 1659.198 1662.808 1666.418 1665.738 1657.86 1649.982 1642.104 1634.226 1627.721 1621.907 1616.094 1610.28 1604.467 1604.781 1605.372 1605.964 1606.555 1601.743 1598.05 1594.358 1590.665 1586.972 1584.665 1582.975 1581.284 1579.593 1578.122 1578.043 1577.964 1577.885 1577.806 1577.678
1536.764 1544.709 1555.322 1565.935 1576.548 1587.161 1597.064 1606.538 1616.012 1625.486 1634.96 1637.277 1638.932 1640.586 1642.241 1642.122 1635.203 1628.285 1621.366 1614.448 1610.834 1610.543 1610.253 1609.962 1609.672 1615.521 1623.0 1630.479 1637.958 1645.13 1648.859 1652.588 1656.317 1660.046 1659.781 1652.818 1645.854 1638.89 1631.926 1626.081 1620.799 1615.518 1610.236 1604.954 1605.188 1605.671 1606.154 1606.637 1599.893 1596.093 1592.294 1588.494 1584.695 1582.119 1580.086 1578.054 1576.021 1574.142 1573.23 1572.319 1571.407 1570.495 1569.764
1523.572 1530.432 1541.546 1552.659 1563.773 1574.887 1585.616 1596.113 1606.609 1617.106 1627.603 1629.151 1629.871 1630.591 1631.311 1630.521 1623.943 1617.365 1610.787 1604.209 1601.214 1601.823 1602.431 1603.039 1603.647 1609.513 1616.776 1624.038 1631.3 1638.283 1642.13 1645.978 1649.826 1653.673 1653.825 1647.775 1641.725 1635.676 1629.626 1624.441 1619.691 1614.942 1610.192 1605.442 1605.595 1605.969 1606.344 1606.719 1598.043 1594.136 1590.23 1586.324 1582.417 1579.572 1577.198 1574.824 1572.45 1570.162 1568.418 1566.673 1564.929 1563.185 1561.85
1517.332 1523.09 1533.165 1543.24 1553.315 1563.39 1574.269 1585.633 1596.998 1608.362 1619.727 1621.458 1622.297 1623.137 1623.977 1623.405 1617.423 1611.441 1605.46 1599.478 1597.046 1598.185 1599.324 1600.462 1601.601 1607.318 1614.25 1621.182 1628.115 1634.796 1638.662 1642.528 1646.394 1650.26 1650.83 1645.87 1640.91 1635.951 1630.991 1626.641 1622.599 1618.557 1614.515 1610.473 1610.116 1609.926 1609.736 1609.547 1598.78 1594.715 1590.65 1586.585 1582.52 1579.393 1576.681 1573.97 1571.259 1568.59 1566.19 1563.791 1561.391 1558.991 1556.892
1512.722 1517.373 1526.048 1534.724 1543.399 1552.075 1562.946 1575.141 1587.338 1599.533 1611.729 1613.866 1615.073 1616.279 1617.485 1617.34 1612.014 1606.688 1601.362 1596.037 1594.155 1595.738 1597.321 1598.904 1600.486 1606.015 1612.591 1619.167 1625.743 1632.096 1635.957 1639.818 1643.679 1647.54 1648.529 1644.7 1640.871 1637.043 1633.214 1629.741 1626.448 1623.155 1619.862 1616.568 1615.602 1614.74 1613.879 1613.018 1600.124 1595.888 1591.652 1587.417 1583.181 1579.768 1576.72 1573.673 1570.625 1567.582 1564.569 1561.555 1558.542 1555.528 1552.626
1508.111 1511.656 1518.932 1526.208 1533.483 1540.759 1551.622 1564.65 1577.677 1590.704 1603.732 1606.275 1607.848 1609.421 1610.994 1611.275 1606.605 1601.935 1597.265 1592.595 1591.264 1593.291 1595.318 1597.345 1599.372 1604.712 1610.932 1617.151 1623.371 1629.397 1633.252 1637.108 1640.964 1644.819 1646.228 1643.53 1640.832 1638.135 1635.437 1632.841 1630.297 1627.753 1625.208 1622.664 1621.087 1619.555 1618.022 1616.489 1601.467 1597.061 1592.654 1588.248 1583.841 1580.143 1576.759 1573.375 1569.991 1566.574 1562.947 1559.32 1555.693 1552.065 1548.36
1503.5 1505.939 1511.815 1517.691 1523.568 1529.444 1540.299 1554.158 1568.017 1581.875 1595.734 1598.683 1600.623 1602.563 1604.502 1605.21 1601.196 1597.182 1593.168 1589.154 1588.373 1590.844 1593.315 1595.786 1598.257 1603.409 1609.272 1615.135 1620.999 1626.697 1630.548 1634.398 1638.249 1642.099 1643.927 1642.36 1640.793 1639.227 1637.66 1635.941 1634.146 1632.35 1630.555 1628.759 1626.573 1624.369 1622.165 1619.96 1602.811 1598.234 1593.656 1589.079 1584.502 1580.518 1576.798 1573.078 1569.358 1565.566 1561.325 1557.084 1552.843 1548.602 1544.094
1500.015 1501.529 1506.134 1510.739 1515.344 1519.949 1530.568 1544.817 1559.066 1573.314 1587.563 1590.963 1593.359 1595.755 1598.15 1599.354 1595.99 1592.625 1589.261 1585.897 1585.717 1588.739 1591.761 1594.783 1597.806 1602.871 1608.479 1614.086 1619.694 1625.161 1629.047 1632.934 1636.82 1640.706 1642.956 1642.461 1641.966 1641.471 1640.975 1640.064 1638.943 1637.821 1636.7 1635.578 1632.867 1630.084 1627.3 1624.517 1604.831 1600.118 1595.404 1590.691 1585.977 1581.768 1577.782 1573.797 1569.811 1565.724 1560.999 1556.274 1551.549 1546.824 1541.688
1500.077 1501.241 1504.978 1508.716 1512.453 1516.19 1525.858 1539.105 1552.352 1565.599 1578.845 1582.836 1585.971 1589.105 1592.239 1594.159 1591.425 1588.691 1585.956 1583.222 1583.801 1587.711 1591.622 1595.533 1599.443 1604.744 1610.413 1616.083 1621.753 1627.29 1631.342 1635.393 1639.445 1643.496 1646.18 1646.568 1646.956 1647.344 1647.732 1647.408 1646.725 1646.043 1645.361 1644.678 1641.709 1638.636 1635.564 1632.491 1608.983 1604.243 1599.502 1594.762 1590.022 1585.775 1581.747 1577.718 1573.69 1569.556 1564.756 1559.957 1555.157 1550.357 1545.143
1500.139 1500.953 1503.823 1506.692 1509.562 1512.432 1521.148 1533.393 1545.638 1557.883 1570.128 1574.71 1578.583 1582.455 1586.328 1588.964 1586.86 1584.756 1582.651 1580.547 1581.885 1586.684 1591.483 1596.282 1601.081 1606.617 1612.348 1618.08 1623.811 1629.419 1633.636 1637.853 1642.07 1646.286 1649.403 1650.674 1651.945 1653.217 1654.488 1654.751 1654.508 1654.265 1654.021 1653.778 1650.551 1647.189 1643.827 1640.466 1613.134 1608.367 1603.601 1598.834 1594.067 1589.782 1585.711 1581.64 1577.569 1573.388 1568.513 1563.639 1558.764 1553.89 1548.598
1500.201 1500.665 1502.667 1504.669 1506.671 1508.673 1516.438 1527.681 1538.924 1550.167 1561.41 1566.583 1571.194 1575.806 1580.417 1583.769 1582.295 1580.821 1579.347 1577.872 1579.969 1585.656 1591.343 1597.031 1602.718 1608.489 1614.283 1620.076 1625.87 1631.548 1635.93 1640.312 1644.694 1649.076 1652.627 1654.781 1656.935 1659.089 1661.244 1662.095 1662.291 1662.486 1662.682 1662.878 1659.393 1655.742 1652.091 1648.44 1617.286 1612.492 1607.699 1602.905 1598.112 1593.789 1589.675 1585.561 1581.448 1577.22 1572.271 1567.321 1562.372 1557.423 1552.053
1500.263 1500.377 1501.511 1502.646 1503.78 1504.915 1511.729 1521.969 1532.211 1542.451 1552.692 1558.456 1563.806 1569.156 1574.506 1578.574 1577.73 1576.886 1576.042 1575.198 1578.053 1584.628 1591.204 1597.78 1604.355 1610.362 1616.218 1622.073 1627.929 1633.677 1638.224 1642.772 1647.319 1651.867 1655.85 1658.887 1661.925 1664.962 1668.0 1669.439 1670.074 1670.708 1671.343 1671.977 1668.235 1664.295 1660.355 1656.415 1621.437 1616.617 1611.797 1606.977 1602.156 1597.796 1593.639 1589.483 1585.326 1581.052 1576.028 1571.004 1565.98 1560.956 1555.508
1501.172 1500.65 1501.281 1501.912 1502.543 1503.174 1508.984 1517.917 1526.851 1535.785 1544.719 1550.166 1555.29 1560.414 1565.539 1569.621 1569.708 1569.796 1569.884 1569.971 1573.809 1581.419 1589.028 1596.638 1604.248 1610.644 1616.717 1622.791 1628.864 1634.832 1639.614 1644.396 1649.178 1653.96 1658.297 1661.888 1665.479 1669.071 1672.662 1674.482 1675.41 1676.337 1677.265 1678.193 1674.661 1670.928 1667.194 1663.461 1628.962 1624.283 1619.605 1614.927 1610.248 1605.998 1601.939 1597.88 1593.82 1589.606 1584.414 1579.222 1574.031 1568.839 1563.282
1502.494 1501.199 1501.505 1501.81 1502.116 1502.422 1507.2 1514.677 1522.155 1529.632 1537.109 1541.795 1546.222 1550.649 1555.076 1558.829 1559.996 1561.163 1562.33 1563.496 1568.427 1577.141 1585.856 1594.572 1603.286 1610.147 1616.515 1622.883 1629.25 1635.511 1640.561 1645.612 1650.662 1655.713 1660.365 1664.348 1668.332 1672.316 1676.299 1678.398 1679.548 1680.698 1681.848 1682.998 1679.906 1676.622 1673.338 1670.053 1638.136 1633.682 1629.228 1624.773 1620.319 1616.253 1612.359 1608.465 1604.571 1600.471 1595.065 1589.66 1584.255 1578.849 1573.169
1503.816 1501.747 1501.728 1501.708 1501.688 1501.669 1505.416 1511.437 1517.458 1523.479 1529.5 1533.424 1537.154 1540.884 1544.614 1548.037 1550.283 1552.529 1554.776 1557.022 1563.044 1572.864 1582.685 1592.505 1602.325 1609.65 1616.312 1622.974 1629.637 1636.189 1641.508 1646.827 1652.146 1657.465 1662.432 1666.808 1671.185 1675.561 1679.937 1682.315 1683.687 1685.059 1686.431 1687.803 1685.151 1682.316 1679.481 1676.646 1647.311 1643.081 1638.85 1634.62 1630.39 1626.508 1622.779 1619.051 1615.322 1611.335 1605.717 1600.098 1594.479 1588.86 1583.057
1505.139 1502.296 1501.951 1501.606 1501.261 1500.916 1503.633 1508.197 1512.761 1517.326 1521.89 1525.053 1528.085 1531.118 1534.151 1537.245 1540.57 1543.896 1547.222 1550.547 1557.662 1568.587 1579.513 1590.438 1601.364 1609.153 1616.11 1623.066 1630.023 1636.868 1642.455 1648.043 1653.63 1659.218 1664.5 1669.269 1674.037 1678.806 1683.575 1686.232 1687.826 1689.42 1691.014 1692.608 1690.395 1688.009 1685.624 1683.238 1656.485 1652.479 1648.473 1644.467 1640.461 1636.762 1633.199 1629.636 1626.073 1622.2 1616.368 1610.536 1604.703 1598.871 1592.944
1506.646 1503.039 1502.349 1501.659 1500.969 1500.28 1502.003 1505.183 1508.362 1511.542 1514.722 1517.145 1519.498 1521.851 1524.204 1526.957 1531.244 1535.53 1539.816 1544.102 1552.225 1564.208 1576.19 1588.172 1600.154 1608.402 1615.659 1622.916 1630.173 1637.313 1643.139 1648.966 1654.793 1660.619 1666.189 1671.327 1676.465 1681.603 1686.741 1689.672 1691.492 1693.311 1695.131 1696.951 1695.167 1693.219 1691.272 1689.325 1665.332 1661.612 1657.892 1654.172 1650.451 1646.985 1643.631 1640.277 1636.923 1633.208 1627.209 1621.21 1615.211 1609.212 1603.16
1509.783 1505.494 1504.288 1503.081 1501.875 1500.668 1501.727 1504.153 1506.578 1509.004 1511.43 1513.307 1515.133 1516.959 1518.786 1521.104 1525.308 1529.511 1533.715 1537.919 1546.315 1558.927 1571.539 1584.151 1596.764 1605.422 1613.03 1620.638 1628.246 1635.706 1641.512 1647.318 1653.124 1658.93 1664.548 1669.851 1675.155 1680.458 1685.761 1688.92 1690.998 1693.076 1695.154 1697.232 1695.785 1694.178 1692.572 1690.965 1671.3 1668.407 1665.515 1662.622 1659.729 1656.927 1654.166 1651.404 1648.643 1645.473 1639.719 1633.966 1628.212 1622.459 1616.268
1512.92 1507.949 1506.226 1504.503 1502.78 1501.057 1501.452 1503.123 1504.795 1506.466 1508.138 1509.469 1510.768 1512.068 1513.368 1515.251 1519.372 1523.493 1527.614 1531.735 1540.404 1553.646 1566.888 1580.131 1593.373 1602.441 1610.4 1618.359 1626.318 1634.1 1639.885 1645.67 1651.455 1657.241 1662.908 1668.376 1673.845 1679.313 1684.782 1688.167 1690.504 1692.84 1695.176 1697.512 1696.403 1695.137 1693.871 1692.605 1677.269 1675.203 1673.138 1671.072 1669.007 1666.87 1664.701 1662.532 1660.363 1657.737 1652.229 1646.722 1641.214 1635.706 1629.376
