data/zism_data/00085_02_D.txt
ncols         224
nrows         224
[rows 60 to 89 of 224, columns 136 to 203 of 224]
1494.587 1494.61 1494.644 1494.725 1494.806 1494.887 1494.968 1495.0 1495.0 1495.0 1495.0 1495.0 1495.0 1495.0 1495.0 1495.0 1495.0 1495.0 1495.0 1495.0 1495.0 1495.0 1495.0 1495.0 1495.0 1495.0 1495.0 1495.0 1495.0 1495.0 1495.026 1495.064 1495.102 1495.14 1495.179 1495.23 1495.281 1495.331 1495.382 1495.461 1495.568 1495.674 1495.781 1495.887 1495.916 1495.939 1495.962 1495.985 1496.0 1496.0 1496.0 1496.0 1496.0 1496.0 1496.0 1496.0 1496.0 1496.0 1496.0 1496.0 1496.0 1496.0 1496.0 1496.0 1496.0 1496.0 1496.0 1496.0
1494.777 1494.789 1494.808 1494.851 1494.895 1494.939 1494.983 1495.0 1495.0 1495.0 1495.0 1495.0 1495.0 1495.0 1495.0 1495.0 1495.0 1495.0 1495.0 1495.0 1495.0 1495.0 1495.0 1495.0 1495.0 1495.0 1495.0 1495.0 1495.0 1495.0 1495.037 1495.091 1495.145 1495.199 1495.255 1495.327 1495.399 1495.47 1495.542 1495.618 1495.698 1495.778 1495.858 1495.938 1495.954 1495.967 1495.979 1495.992 1496.0 1496.0 1496.0 1496.0 1496.0 1496.0 1496.0 1496.0 1496.0 1496.0 1496.0 1496.0 1496.0 1496.0 1496.0 1496.0 1496.0 1496.0 1496.0 1496.0
1494.967 1494.969 1494.972 1494.978 1494.984 1494.991 1494.997 1495.0 1495.0 1495.0 1495.0 1495.0 1495.0 1495.0 1495.0 1495.0 1495.0 1495.0 1495.0 1495.0 1495.0 1495.0 1495.0 1495.0 1495.0 1495.0 1495.0 1495.0 1495.0 1495.0 1495.048 1495.118 1495.188 1495.258 1495.33 1495.423 1495.517 1495.61 1495.703 1495.776 1495.829 1495.882 1495.935 1495.988 1495.993 1495.995 1495.997 1495.999 1496.0 1496.0 1496.0 1496.0 1496.0 1496.0 1496.0 1496.0 1496.0 1496.0 1496.0 1496.0 1496.0 1496.0 1496.0 1496.0 1496.0 1496.0 1496.0 1496.0
1495.0 1495.0 1495.0 1495.0 1495.0 1495.0 1495.0 1495.0 1495.0 1495.0 1495.0 1495.0 1495.0 1495.0 1495.0 1495.0 1495.0 1495.0 1495.0 1495.0 1495.0 1495.0 1495.0 1495.0 1495.0 1495.011 1495.05 1495.09 1495.13 1495.169 1495.222 1495.282 1495.341 1495.401 1495.463 1495.542 1495.621 1495.701 1495.78 1495.839 1495.878 1495.918 1495.958 1495.997 1496.0 1496.0 1496.0 1496.0 1496.0 1496.0 1496.0 1496.0 1496.0 1496.0 1496.0 1496.0 1496.0 1496.0 1496.0 1496.0 1496.0 1496.0 1496.0 1496.0 1496.0 1496.0 1496.0 1496.0
1495.0 1495.0 1495.0 1495.0 1495.0 1495.0 1495.0 1495.0 1495.0 1495.0 1495.0 1495.0 1495.0 1495.0 1495.0 1495.0 1495.0 1495.0 1495.0 1495.0 1495.0 1495.0 1495.0 1495.0 1495.0 1495.024 1495.111 1495.199 1495.286 1495.374 1495.431 1495.475 1495.518 1495.562 1495.607 1495.665 1495.723 1495.781 1495.839 1495.882 1495.911 1495.94 1495.969 1495.998 1496.0 1496.0 1496.0 1496.0 1496.0 1496.0 1496.0 1496.0 1496.0 1496.0 1496.0 1496.0 1496.0 1496.0 1496.0 1496.0 1496.0 1496.0 1496.0 1496.0 1496.0 1496.0 1496.0 1496.0
1495.0 1495.0 1495.0 1495.0 1495.0 1495.0 1495.0 1495.0 1495.0 1495.0 1495.0 1495.0 1495.0 1495.0 1495.0 1495.0 1495.0 1495.0 1495.0 1495.0 1495.0 1495.0 1495.0 1495.0 1495.0 1495.037 1495.172 1495.307 1495.443 1495.578 1495.64 1495.667 1495.695 1495.723 1495.751 1495.788 1495.825 1495.861 1495.898 1495.925 1495.944 1495.962 1495.98 1495.999 1496.0 1496.0 1496.0 1496.0 1496.0 1496.0 1496.0 1496.0 1496.0 1496.0 1496.0 1496.0 1496.0 1496.0 1496.0 1496.0 1496.0 1496.0 1496.0 1496.0 1496.0 1496.0 1496.0 1496.0
1495.0 1495.0 1495.0 1495.0 1495.0 1495.0 1495.0 1495.0 1495.0 1495.0 1495.0 1495.0 1495.0 1495.0 1495.0 1495.0 1495.0 1495.0 1495.0 1495.0 1495.0 1495.0 1495.0 1495.0 1495.0 1495.05 1495.233 1495.416 1495.6 1495.783 1495.849 1495.86 1495.872 1495.883 1495.895 1495.911 1495.926 1495.942 1495.957 1495.969 1495.976 1495.984 1495.992 1496.0 1496.0 1496.0 1496.0 1496.0 1496.0 1496.0 1496.0 1496.0 1496.0 1496.0 1496.0 1496.0 1496.0 1496.0 1496.0 1496.0 1496.0 1496.0 1496.0 1496.0 1496.0 1496.0 1496.0 1496.0
1495.0 1495.0 1495.0 1495.0 1495.0 1495.0 1495.0 1495.0 1495.0 1495.0 1495.0 1495.0 1495.01 1495.021 1495.031 1495.041 1495.048 1495.051 1495.054 1495.057 1495.06 1495.061 1495.061 1495.061 1495.061 1495.116 1495.321 1495.526 1495.731 1495.936 1496.0 1496.0 1496.0 1496.0 1496.0 1496.0 1496.0 1496.0 1496.0 1496.0 1496.0 1496.0 1496.0 1496.0 1496.0 1496.0 1496.0 1496.0 1496.0 1496.0 1496.0 1496.0 1496.0 1496.0 1496.0 1496.0 1496.0 1496.0 1496.0 1496.0 1496.0 1496.0 1496.005 1496.014 1496.023 1496.032 1496.04 1496.045
1495.0 1495.0 1495.0 1495.0 1495.0 1495.0 1495.0 1495.0 1495.0 1495.0 1495.0 1495.001 1495.049 1495.096 1495.144 1495.191 1495.224 1495.238 1495.251 1495.265 1495.278 1495.28 1495.28 1495.28 1495.28 1495.323 1495.48 1495.637 1495.794 1495.951 1496.0 1496.0 1496.0 1496.0 1496.0 1496.0 1496.0 1496.0 1496.0 1496.0 1496.0 1496.0 1496.0 1496.0 1496.0 1496.0 1496.0 1496.0 1496.0 1496.0 1496.0 1496.0 1496.0 1496.0 1496.0 1496.0 1496.0 1496.0 1496.0 1496.0 1496.0 1496.0 1496.024 1496.065 1496.106 1496.147 1496.187 1496.208
1495.0 1495.0 1495.0 1495.0 1495.0 1495.0 1495.0 1495.0 1495.0 1495.0 1495.0 1495.002 1495.087 1495.172 1495.256 1495.341 1495.4 1495.424 1495.448 1495.472 1495.496 1495.5 1495.5 1495.5 1495.5 1495.529 1495.639 1495.748 1495.857 1495.966 1496.0 1496.0 1496.0 1496.0 1496.0 1496.0 1496.0 1496.0 1496.0 1496.0 1496.0 1496.0 1496.0 1496.0 1496.0 1496.0 1496.0 1496.0 1496.0 1496.0 1496.0 1496.0 1496.0 1496.0 1496.0 1496.0 1496.0 1496.0 1496.0 1496.0 1496.0 1496.0 1496.044 1496.116 1496.189 1496.262 1496.334 1496.37
1495.0 1495.0 1495.0 1495.0 1495.0 1495.0 1495.0 1495.0 1495.0 1495.0 1495.0 1495.003 1495.125 1495.247 1495.369 1495.491 1495.575 1495.61 1495.645 1495.68 1495.715 1495.72 1495.72 1495.72 1495.72 1495.736 1495.797 1495.859 1495.92 1495.981 1496.0 1496.0 1496.0 1496.0 1496.0 1496.0 1496.0 1496.0 1496.0 1496.0 1496.0 1496.0 1496.0 1496.0 1496.0 1496.0 1496.0 1496.0 1496.0 1496.0 1496.0 1496.0 1496.0 1496.0 1496.0 1496.0 1496.0 1496.0 1496.0 1496.0 1496.0 1496.0 1496.063 1496.167 1496.272 1496.377 1496.481 1496.533
1495.0 1495.0 1495.0 1495.0 1495.0 1495.0 1495.0 1495.0 1495.0 1495.0 1495.0 1495.004 1495.163 1495.322 1495.482 1495.641 1495.751 1495.796 1495.842 1495.887 1495.933 1495.939 1495.939 1495.939 1495.939 1495.943 1495.956 1495.969 1495.983 1495.996 1496.0 1496.0 1496.0 1496.0 1496.0 1496.0 1496.0 1496.0 1496.0 1496.0 1496.0 1496.0 1496.0 1496.0 1496.0 1496.0 1496.0 1496.0 1496.0 1496.0 1496.0 1496.0 1496.0 1496.0 1496.0 1496.0 1496.0 1496.0 1496.0 1496.0 1496.0 1496.0 1496.082 1496.218 1496.355 1496.492 1496.627 1496.696
1495.032 1495.044 1495.053 1495.053 1495.053 1495.053 1495.053 1495.062 1495.078 1495.093 1495.109 1495.127 1495.277 1495.428 1495.578 1495.729 1495.831 1495.872 1495.913 1495.953 1495.994 1496.0 1496.0 1496.0 1496.0 1496.0 1496.0 1496.0 1496.0 1496.0 1496.0 1496.0 1496.0 1496.0 1496.0 1496.0 1496.0 1496.0 1496.0 1496.0 1496.0 1496.0 1496.0 1496.0 1496.0 1496.0 1496.0 1496.0 1496.004 1496.016 1496.027 1496.039 1496.05 1496.059 1496.067 1496.074 1496.082 1496.091 1496.107 1496.122 1496.138 1496.153 1496.232 1496.355 1496.477 1496.599 1496.721 1496.782
1495.076 1495.104 1495.126 1495.126 1495.126 1495.126 1495.126 1495.149 1495.185 1495.222 1495.259 1495.297 1495.421 1495.545 1495.669 1495.792 1495.875 1495.905 1495.935 1495.965 1495.996 1496.0 1496.0 1496.0 1496.0 1496.0 1496.0 1496.0 1496.0 1496.0 1496.0 1496.0 1496.0 1496.0 1496.0 1496.0 1496.0 1496.0 1496.0 1496.0 1496.0 1496.0 1496.0 1496.0 1496.0 1496.0 1496.0 1496.0 1496.01 1496.037 1496.065 1496.092 1496.12 1496.14 1496.159 1496.177 1496.196 1496.217 1496.254 1496.291 1496.328 1496.364 1496.433 1496.523 1496.614 1496.704 1496.794 1496.839
1495.121 1495.164 1495.2 1495.2 1495.2 1495.2 1495.2 1495.235 1495.293 1495.351 1495.409 1495.468 1495.565 1495.662 1495.759 1495.856 1495.919 1495.939 1495.958 1495.978 1495.997 1496.0 1496.0 1496.0 1496.0 1496.0 1496.0 1496.0 1496.0 1496.0 1496.0 1496.0 1496.0 1496.0 1496.0 1496.0 1496.0 1496.0 1496.0 1496.0 1496.0 1496.0 1496.0 1496.0 1496.0 1496.0 1496.0 1496.0 1496.015 1496.059 1496.102 1496.146 1496.189 1496.222 1496.251 1496.28 1496.309 1496.343 1496.401 1496.459 1496.517 1496.575 1496.634 1496.692 1496.75 1496.809 1496.867 1496.896
1495.165 1495.225 1495.273 1495.273 1495.273 1495.273 1495.273 1495.321 1495.4 1495.48 1495.559 1495.638 1495.709 1495.779 1495.85 1495.92 1495.964 1495.972 1495.981 1495.99 1495.999 1496.0 1496.0 1496.0 1496.0 1496.0 1496.0 1496.0 1496.0 1496.0 1496.0 1496.0 1496.0 1496.0 1496.0 1496.0 1496.0 1496.0 1496.0 1496.0 1496.0 1496.0 1496.0 1496.0 1496.0 1496.0 1496.0 1496.0 1496.021 1496.08 1496.14 1496.199 1496.259 1496.303 1496.343 1496.383 1496.422 1496.469 1496.549 1496.628 1496.707 1496.787 1496.834 1496.861 1496.887 1496.913 1496.94 1496.953
1495.232 1495.302 1495.359 1495.359 1495.359 1495.359 1495.359 1495.415 1495.509 1495.602 1495.695 1495.787 1495.834 1495.88 1495.927 1495.974 1496.0 1496.0 1496.0 1496.0 1496.0 1496.0 1496.0 1496.0 1496.0 1496.0 1496.0 1496.0 1496.0 1496.0 1496.0 1496.0 1496.0 1496.0 1496.0 1496.0 1496.0 1496.0 1496.0 1496.001 1496.004 1496.007 1496.01 1496.013 1496.018 1496.023 1496.029 1496.035 1496.063 1496.133 1496.203 1496.273 1496.343 1496.395 1496.441 1496.488 1496.534 1496.59 1496.683 1496.776 1496.869 1496.963 1497.0 1497.0 1497.0 1497.0 1497.0 1497.0
1495.408 1495.462 1495.505 1495.505 1495.505 1495.505 1495.505 1495.549 1495.621 1495.693 1495.765 1495.836 1495.872 1495.908 1495.944 1495.98 1496.0 1496.0 1496.0 1496.0 1496.0 1496.0 1496.0 1496.0 1496.0 1496.0 1496.0 1496.0 1496.0 1496.0 1496.0 1496.0 1496.0 1496.0 1496.0 1496.0 1496.0 1496.0 1496.0 1496.01 1496.028 1496.047 1496.066 1496.085 1496.121 1496.159 1496.196 1496.234 1496.277 1496.331 1496.385 1496.439 1496.493 1496.533 1496.569 1496.605 1496.641 1496.683 1496.755 1496.827 1496.899 1496.971 1497.0 1497.0 1497.0 1497.0 1497.0 1497.0
1495.583 1495.621 1495.652 1495.652 1495.652 1495.652 1495.652 1495.682 1495.733 1495.784 1495.834 1495.884 1495.91 1495.935 1495.96 1495.986 1496.0 1496.0 1496.0 1496.0 1496.0 1496.0 1496.0 1496.0 1496.0 1496.0 1496.0 1496.0 1496.0 1496.0 1496.0 1496.0 1496.0 1496.0 1496.0 1496.0 1496.0 1496.0 1496.0 1496.018 1496.053 1496.088 1496.122 1496.157 1496.224 1496.294 1496.363 1496.433 1496.491 1496.529 1496.567 1496.605 1496.643 1496.671 1496.697 1496.722 1496.747 1496.777 1496.828 1496.878 1496.929 1496.98 1497.0 1497.0 1497.0 1497.0 1497.0 1497.0
1495.758 1495.781 1495.798 1495.798 1495.798 1495.798 1495.798 1495.816 1495.845 1495.875 1495.904 1495.933 1495.948 1495.962 1495.977 1495.992 1496.0 1496.0 1496.0 1496.0 1496.0 1496.0 1496.0 1496.0 1496.0 1496.0 1496.0 1496.0 1496.0 1496.0 1496.0 1496.0 1496.0 1496.0 1496.0 1496.0 1496.0 1496.0 1496.0 1496.026 1496.077 1496.128 1496.178 1496.229 1496.327 1496.429 1496.53 1496.632 1496.705 1496.727 1496.749 1496.771 1496.793 1496.81 1496.824 1496.839 1496.854 1496.871 1496.9 1496.93 1496.959 1496.988 1497.0 1497.0 1497.0 1497.0 1497.0 1497.0
1495.934 1495.94 1495.945 1495.945 1495.945 1495.945 1495.945 1495.95 1495.958 1495.966 1495.974 1495.982 1495.986 1495.99 1495.994 1495.998 1496.0 1496.0 1496.0 1496.0 1496.0 1496.0 1496.0 1496.0 1496.0 1496.0 1496.0 1496.0 1496.0 1496.0 1496.0 1496.0 1496.0 1496.0 1496.0 1496.0 1496.0 1496.0 1496.0 1496.035 1496.101 1496.168 1496.235 1496.301 1496.43 1496.564 1496.697 1496.831 1496.919 1496.925 1496.931 1496.937 1496.943 1496.948 1496.952 1496.956 1496.96 1496.965 1496.973 1496.981 1496.989 1496.997 1497.0 1497.0 1497.0 1497.0 1497.0 1497.0
1496.0 1496.0 1496.0 1496.0 1496.0 1496.0 1496.0 1496.0 1496.0 1496.0 1496.0 1496.0 1496.0 1496.0 1496.0 1496.0 1496.0 1496.0 1496.0 1496.0 1496.0 1496.011 1496.025 1496.038 1496.051 1496.063 1496.069 1496.076 1496.083 1496.089 1496.091 1496.091 1496.091 1496.091 1496.092 1496.099 1496.105 1496.112 1496.119 1496.156 1496.222 1496.288 1496.354 1496.42 1496.542 1496.667 1496.793 1496.918 1497.0 1497.0 1497.0 1497.0 1497.0 1497.0 1497.0 1497.0 1497.0 1497.0 1497.0 1497.0 1497.0 1497.0 1497.0 1497.0 1497.0 1497.0 1497.0 1497.0
1496.0 1496.0 1496.0 1496.0 1496.0 1496.0 1496.0 1496.0 1496.0 1496.0 1496.0 1496.0 1496.0 1496.0 1496.0 1496.0 1496.0 1496.0 1496.0 1496.0 1496.0 1496.03 1496.064 1496.099 1496.133 1496.163 1496.181 1496.198 1496.215 1496.232 1496.238 1496.238 1496.238 1496.238 1496.24 1496.257 1496.274 1496.291 1496.309 1496.346 1496.401 1496.457 1496.512 1496.568 1496.659 1496.752 1496.846 1496.939 1497.0 1497.0 1497.0 1497.0 1497.0 1497.0 1497.0 1497.0 1497.0 1497.0 1497.0 1497.0 1497.0 1497.0 1497.0 1497.0 1497.0 1497.0 1497.0 1497.0
1496.0 1496.0 1496.0 1496.0 1496.0 1496.0 1496.0 1496.0 1496.0 1496.0 1496.0 1496.0 1496.0 1496.0 1496.0 1496.0 1496.0 1496.0 1496.0 1496.0 1496.0 1496.048 1496.104 1496.16 1496.215 1496.264 1496.292 1496.32 1496.348 1496.375 1496.384 1496.384 1496.384 1496.384 1496.387 1496.415 1496.443 1496.471 1496.499 1496.536 1496.58 1496.625 1496.67 1496.715 1496.775 1496.837 1496.898 1496.96 1497.0 1497.0 1497.0 1497.0 1497.0 1497.0 1497.0 1497.0 1497.0 1497.0 1497.0 1497.0 1497.0 1497.0 1497.0 1497.0 1497.0 1497.0 1497.0 1497.0
1496.0 1496.0 1496.0 1496.0 1496.0 1496.0 1496.0 1496.0 1496.0 1496.0 1496.0 1496.0 1496.0 1496.0 1496.0 1496.0 1496.0 1496.0 1496.0 1496.0 1496.0 1496.066 1496.143 1496.22 1496.297 1496.364 1496.403 1496.441 1496.48 1496.519 1496.531 1496.531 1496.531 1496.531 1496.535 1496.573 1496.612 1496.651 1496.689 1496.725 1496.76 1496.794 1496.828 1496.862 1496.892 1496.922 1496.951 1496.981 1497.0 1497.0 1497.0 1497.0 1497.0 1497.0 1497.0 1497.0 1497.0 1497.0 1497.0 1497.0 1497.0 1497.0 1497.0 1497.0 1497.0 1497.0 1497.0 1497.0
1496.0 1496.0 1496.0 1496.0 1496.0 1496.0 1496.0 1496.0 1496.0 1496.0 1496.0 1496.0 1496.0 1496.001 1496.001 1496.002 1496.003 1496.006 1496.009 1496.012 1496.016 1496.097 1496.193 1496.288 1496.384 1496.466 1496.514 1496.562 1496.609 1496.657 1496.672 1496.672 1496.672 1496.672 1496.677 1496.724 1496.772 1496.82 1496.868 1496.903 1496.927 1496.951 1496.975 1496.998 1497.0 1497.0 1497.0 1497.0 1497.0 1497.0 1497.0 1497.0 1497.0 1497.0 1497.0 1497.0 1497.0 1497.0 1497.0 1497.0 1497.0 1497.0 1497.0 1497.0 1497.0 1497.0 1497.0 1497.0
1496.0 1496.0 1496.0 1496.0 1496.0 1496.0 1496.0 1496.0 1496.0 1496.0 1496.0 1496.0 1496.006 1496.012 1496.017 1496.023 1496.046 1496.092 1496.138 1496.183 1496.229 1496.299 1496.373 1496.447 1496.521 1496.585 1496.622 1496.659 1496.697 1496.734 1496.745 1496.745 1496.745 1496.745 1496.749 1496.786 1496.823 1496.86 1496.897 1496.925 1496.943 1496.962 1496.98 1496.999 1497.0 1497.0 1497.0 1497.0 1497.0 1497.0 1497.0 1497.0 1497.0 1497.0 1497.0 1497.0 1497.0 1497.0 1497.0 1497.0 1497.0 1497.0 1497.0 1497.0 1497.0 1497.0 1497.0 1497.0
1496.0 1496.0 1496.0 1496.0 1496.0 1496.0 1496.0 1496.0 1496.0 1496.0 1496.0 1496.0 1496.011 1496.022 1496.033 1496.044 1496.089 1496.178 1496.266 1496.354 1496.443 1496.5 1496.553 1496.606 1496.659 1496.705 1496.731 1496.757 1496.784 1496.81 1496.818 1496.818 1496.818 1496.818 1496.821 1496.848 1496.874 1496.9 1496.927 1496.946 1496.96 1496.973 1496.986 1496.999 1497.0 1497.0 1497.0 1497.0 1497.0 1497.0 1497.0 1497.0 1497.0 1497.0 1497.0 1497.0 1497.0 1497.0 1497.0 1497.0 1497.0 1497.0 1497.0 1497.0 1497.0 1497.0 1497.0 1497.0
1496.0 1496.0 1496.0 1496.0 1496.0 1496.0 1496.0 1496.0 1496.0 1496.0 1496.0 1496.0 1496.017 1496.033 1496.049 1496.066 1496.132 1496.263 1496.394 1496.525 1496.656 1496.702 1496.734 1496.765 1496.797 1496.824 1496.839 1496.855 1496.871 1496.887 1496.892 1496.892 1496.892 1496.892 1496.893 1496.909 1496.925 1496.941 1496.956 1496.968 1496.976 1496.984 1496.992 1497.0 1497.0 1497.0 1497.0 1497.0 1497.0 1497.0 1497.0 1497.0 1497.0 1497.0 1497.0 1497.0 1497.0 1497.0 1497.0 1497.0 1497.0 1497.0 1497.0 1497.0 1497.0 1497.0 1497.0 1497.0
1496.0 1496.0 1496.0 1496.0 1496.0 1496.0 1496.0 1496.0 1496.0 1496.0 1496.0 1496.0 1496.022 1496.044 1496.066 1496.087 1496.175 1496.349 1496.522 1496.696 1496.87 1496.904 1496.914 1496.924 1496.934 1496.943 1496.948 1496.953 1496.958 1496.963 1496.965 1496.965 1496.965 1496.965 1496.965 1496.971 1496.976 1496.981 1496.986 1496.99 1496.992 1496.995 1496.997 1497.0 1497.0 1497.0 1497.0 1497.0 1497.0 1497.0 1497.0 1497.0 1497.0 1497.0 1497.0 1497.0 1497.0 1497.0 1497.0 1497.0 1497.0 1497.0 1497.0 1497.0 1497.0 1497.0 1497.0 1497.0
