data/zism_data/00089_03_D.txt
ncols         224
nrows         224
[rows 28 to 55 of 224, columns 63 to 125 of 224]
1400.53 1402.551 1410.234 1417.917 1425.599 1433.282 1445.928 1461.57 1477.212 1492.854 1508.495 1524.656 1540.866 1557.075 1573.284 1588.311 1598.808 1609.304 1619.8 1630.296 1637.309 1640.82 1644.33 1647.84 1651.351 1652.473 1652.962 1653.451 1653.939 1654.372 1654.177 1653.982 1653.787 1653.592 1655.137 1659.601 1664.066 1668.53 1672.995 1684.211 1698.826 1713.442 1728.057 1742.673 1752.036 1761.162 1770.289 1779.415 1780.73 1768.635 1756.541 1744.446 1732.351 1723.733 1716.659 1709.584 1702.51 1696.902 1700.561 1704.219 1707.878 1711.537 1716.66
1400.406 1402.592 1410.399 1418.206 1426.012 1433.819 1447.092 1463.663 1480.235 1496.806 1513.377 1530.042 1546.717 1563.391 1580.065 1595.473 1606.032 1616.59 1627.148 1637.706 1645.172 1649.53 1653.887 1658.245 1662.602 1664.445 1665.62 1666.796 1667.972 1669.059 1669.158 1669.258 1669.357 1669.456 1670.573 1673.395 1676.217 1679.039 1681.861 1691.496 1704.563 1717.629 1730.695 1743.761 1752.811 1761.678 1770.547 1779.414 1776.481 1764.311 1752.142 1739.972 1727.803 1718.537 1710.56 1702.584 1694.607 1688.088 1690.769 1693.451 1696.133 1698.815 1703.027
1400.282 1402.633 1410.564 1418.495 1426.425 1434.356 1448.255 1465.756 1483.257 1500.758 1518.259 1535.429 1552.568 1569.707 1586.845 1602.635 1613.256 1623.876 1634.496 1645.116 1653.036 1658.24 1663.444 1668.649 1673.853 1676.417 1678.279 1680.142 1682.004 1683.746 1684.14 1684.534 1684.927 1685.321 1686.008 1687.188 1688.368 1689.548 1690.727 1698.782 1710.299 1721.816 1733.333 1744.849 1753.585 1762.195 1770.804 1779.414 1772.231 1759.987 1747.743 1735.498 1723.254 1713.341 1704.462 1695.583 1686.705 1679.273 1680.978 1682.683 1684.388 1686.094 1689.393
1400.158 1402.675 1410.729 1418.784 1426.838 1434.893 1449.419 1467.849 1486.28 1504.711 1523.141 1540.815 1558.419 1576.022 1593.626 1609.797 1620.479 1631.161 1641.844 1652.526 1660.899 1666.95 1673.001 1679.053 1685.104 1688.388 1690.938 1693.487 1696.036 1698.433 1699.121 1699.809 1700.498 1701.186 1701.444 1700.981 1700.519 1700.056 1699.593 1706.068 1716.035 1726.003 1735.97 1745.938 1754.359 1762.711 1771.062 1779.413 1767.981 1755.662 1743.344 1731.025 1718.706 1708.144 1698.364 1688.583 1678.803 1670.458 1671.187 1671.915 1672.644 1673.372 1675.76
1400.034 1402.716 1410.894 1419.073 1427.251 1435.43 1450.582 1469.942 1489.303 1508.663 1528.023 1546.201 1564.269 1582.338 1600.406 1616.959 1627.703 1638.447 1649.191 1659.935 1668.762 1675.66 1682.559 1689.457 1696.355 1700.36 1703.596 1706.832 1710.068 1713.12 1714.103 1715.085 1716.068 1717.05 1716.88 1714.775 1712.67 1710.564 1708.459 1713.353 1721.771 1730.19 1738.608 1747.026 1755.133 1763.227 1771.32 1779.413 1763.732 1751.338 1738.944 1726.551 1714.157 1702.948 1692.266 1681.583 1670.901 1661.644 1661.396 1661.147 1660.899 1660.651 1662.127
1401.226 1404.133 1412.409 1420.685 1428.961 1437.237 1452.328 1471.533 1490.737 1509.941 1529.145 1547.48 1565.734 1583.989 1602.243 1619.049 1630.303 1641.558 1652.813 1664.067 1673.461 1680.984 1688.507 1696.03 1703.553 1708.276 1712.256 1716.235 1720.215 1723.985 1725.409 1726.833 1728.257 1729.681 1729.663 1727.228 1724.792 1722.357 1719.921 1723.824 1730.92 1738.015 1745.11 1752.205 1759.222 1766.235 1773.248 1780.261 1757.119 1744.569 1732.018 1719.468 1706.918 1695.201 1683.854 1672.507 1661.16 1651.247 1650.392 1649.537 1648.682 1647.827 1648.988
1402.905 1406.058 1414.422 1422.786 1431.15 1439.514 1454.291 1472.937 1491.584 1510.23 1528.876 1547.24 1565.576 1583.913 1602.25 1619.262 1631.193 1643.124 1655.055 1666.986 1676.99 1685.055 1693.12 1701.186 1709.251 1714.692 1719.436 1724.18 1728.924 1733.437 1735.356 1737.276 1739.195 1741.115 1741.466 1739.186 1736.905 1734.625 1732.344 1735.474 1741.33 1747.186 1753.041 1758.897 1764.536 1770.165 1775.794 1781.423 1749.632 1736.895 1724.157 1711.42 1698.683 1686.51 1674.586 1662.663 1650.74 1640.265 1638.94 1637.615 1636.291 1634.966 1636.032
1404.585 1407.984 1416.436 1424.888 1433.339 1441.791 1456.253 1474.341 1492.43 1510.519 1528.607 1546.999 1565.419 1583.838 1602.258 1619.475 1632.083 1644.69 1657.298 1669.905 1680.519 1689.126 1697.734 1706.342 1714.949 1721.108 1726.616 1732.124 1737.632 1742.888 1745.303 1747.719 1750.134 1752.549 1753.269 1751.143 1749.018 1746.892 1744.766 1747.125 1751.741 1756.357 1760.973 1765.589 1769.85 1774.095 1778.34 1782.585 1742.144 1729.22 1716.297 1703.373 1690.449 1677.819 1665.319 1652.819 1640.319 1629.282 1627.488 1625.693 1623.899 1622.105 1623.077
1406.264 1409.91 1418.45 1426.989 1435.529 1444.068 1458.215 1475.746 1493.277 1510.808 1528.338 1546.758 1565.261 1583.763 1602.265 1619.688 1632.972 1646.256 1659.54 1672.825 1684.047 1693.197 1702.347 1711.497 1720.647 1727.523 1733.796 1740.069 1746.341 1752.339 1755.25 1758.161 1761.073 1763.984 1765.072 1763.101 1761.13 1759.16 1757.189 1758.775 1762.151 1765.528 1768.905 1772.281 1775.165 1778.026 1780.887 1783.747 1734.657 1721.546 1708.436 1695.325 1682.214 1669.127 1656.051 1642.975 1629.898 1618.3 1616.036 1613.772 1611.507 1609.243 1610.121
1409.151 1413.073 1421.542 1430.012 1438.482 1446.951 1460.521 1477.168 1493.815 1510.462 1527.109 1545.453 1563.954 1582.455 1600.957 1618.545 1632.637 1646.729 1660.821 1674.913 1686.852 1696.627 1706.402 1716.178 1725.953 1733.515 1740.49 1747.465 1754.439 1761.114 1764.424 1767.734 1771.044 1774.354 1775.756 1773.958 1772.16 1770.361 1768.563 1769.453 1771.698 1773.942 1776.186 1778.43 1779.998 1781.535 1783.073 1784.61 1727.701 1714.372 1701.044 1687.716 1674.387 1660.858 1647.24 1633.621 1620.003 1607.88 1605.204 1602.529 1599.853 1597.178 1598.064
1418.347 1422.697 1430.273 1437.849 1445.426 1453.002 1464.622 1478.681 1492.741 1506.8 1520.86 1538.583 1556.645 1574.707 1592.77 1610.319 1625.904 1641.488 1657.072 1672.656 1685.872 1696.706 1707.54 1718.374 1729.208 1737.29 1744.642 1751.994 1759.346 1766.358 1769.559 1772.761 1775.962 1779.164 1780.597 1779.062 1777.527 1775.992 1774.457 1775.054 1776.725 1778.396 1780.067 1781.738 1782.317 1782.848 1783.378 1783.908 1723.521 1709.814 1696.107 1682.4 1668.692 1654.795 1640.814 1626.832 1612.851 1600.4 1597.618 1594.836 1592.053 1589.271 1590.708
1427.544 1432.321 1439.004 1445.687 1452.37 1459.053 1468.723 1480.194 1491.667 1503.139 1514.611 1531.713 1549.336 1566.959 1584.583 1602.093 1619.17 1636.247 1653.323 1670.4 1684.892 1696.785 1708.678 1720.571 1732.463 1741.066 1748.794 1756.523 1764.252 1771.601 1774.694 1777.787 1780.88 1783.974 1785.437 1784.165 1782.893 1781.622 1780.35 1780.654 1781.752 1782.85 1783.947 1785.045 1784.637 1784.16 1783.683 1783.206 1719.342 1705.256 1691.17 1677.083 1662.997 1648.732 1634.388 1620.044 1605.699 1592.92 1590.031 1587.142 1584.253 1581.364 1583.352
1436.741 1441.946 1447.735 1453.525 1459.314 1465.104 1472.823 1481.708 1490.592 1499.477 1508.361 1524.843 1542.027 1559.211 1576.396 1593.867 1612.436 1631.005 1649.575 1668.144 1683.912 1696.864 1709.815 1722.767 1735.719 1744.841 1752.947 1761.052 1769.158 1776.845 1779.829 1782.814 1785.799 1788.783 1790.277 1789.269 1788.26 1787.252 1786.244 1786.255 1786.779 1787.304 1787.828 1788.353 1786.956 1785.472 1783.988 1782.504 1715.163 1700.698 1686.233 1671.767 1657.302 1642.669 1627.962 1613.255 1598.547 1585.441 1582.445 1579.449 1576.453 1573.458 1575.995
1445.938 1451.57 1456.466 1461.362 1466.258 1471.154 1476.924 1483.221 1489.518 1495.815 1502.112 1517.973 1534.718 1551.463 1568.209 1585.64 1605.702 1625.764 1645.826 1665.888 1682.932 1696.943 1710.953 1724.963 1738.974 1748.616 1757.099 1765.582 1774.064 1782.088 1784.964 1787.841 1790.717 1793.593 1795.117 1794.372 1793.627 1792.882 1792.138 1791.856 1791.807 1791.758 1791.709 1791.66 1789.275 1786.784 1784.293 1781.802 1710.984 1696.14 1681.295 1666.451 1651.607 1636.606 1621.536 1606.466 1591.396 1577.961 1574.858 1571.756 1568.653 1565.551 1568.639
1457.986 1464.186 1468.494 1472.802 1477.11 1481.418 1485.768 1490.143 1494.518 1498.893 1503.268 1517.566 1532.782 1547.999 1563.215 1579.569 1600.284 1620.999 1641.713 1662.428 1680.055 1694.578 1709.1 1723.623 1738.145 1747.87 1756.32 1764.771 1773.222 1781.215 1784.081 1786.946 1789.812 1792.677 1794.128 1793.207 1792.286 1791.365 1790.444 1789.882 1789.501 1789.12 1788.739 1788.358 1785.518 1782.567 1779.615 1776.664 1706.713 1691.645 1676.576 1661.508 1646.439 1631.42 1616.422 1601.424 1586.427 1573.005 1569.537 1566.069 1562.601 1559.133 1562.58
1472.004 1478.87 1482.801 1486.732 1490.663 1494.594 1497.89 1500.803 1503.717 1506.63 1509.544 1521.629 1534.562 1547.496 1560.43 1574.988 1595.776 1616.563 1637.349 1658.136 1675.867 1690.524 1705.18 1719.837 1734.494 1743.998 1752.133 1760.269 1768.404 1776.113 1779.036 1781.958 1784.88 1787.802 1789.11 1787.708 1786.307 1784.906 1783.504 1782.671 1782.125 1781.579 1781.033 1780.487 1777.561 1774.527 1771.493 1768.459 1702.38 1687.194 1672.008 1656.822 1641.636 1626.84 1612.215 1597.591 1582.967 1569.794 1565.781 1561.769 1557.756 1553.744 1557.419
1486.023 1493.553 1497.107 1500.661 1504.215 1507.769 1510.012 1511.464 1512.916 1514.367 1515.819 1525.691 1536.342 1546.993 1557.644 1570.407 1591.267 1612.126 1632.985 1653.845 1671.678 1686.469 1701.26 1716.052 1730.843 1740.126 1747.946 1755.767 1763.587 1771.012 1773.991 1776.97 1779.949 1782.928 1784.092 1782.21 1780.328 1778.446 1776.564 1775.461 1774.75 1774.038 1773.327 1772.615 1769.603 1766.486 1763.37 1760.253 1698.047 1682.744 1667.44 1652.137 1636.833 1622.259 1608.009 1593.758 1579.508 1566.582 1562.025 1557.469 1552.912 1548.355 1552.258
1500.042 1508.237 1511.414 1514.591 1517.768 1520.945 1522.134 1522.124 1522.114 1522.104 1522.095 1529.754 1538.122 1546.49 1554.859 1565.827 1586.758 1607.69 1628.621 1649.553 1667.49 1682.415 1697.34 1712.266 1727.191 1736.253 1743.759 1751.264 1758.77 1765.91 1768.946 1771.982 1775.017 1778.053 1779.073 1776.711 1774.349 1771.987 1769.625 1768.251 1767.374 1766.497 1765.621 1764.744 1761.646 1758.446 1755.247 1752.048 1693.714 1678.293 1662.872 1647.451 1632.031 1617.679 1603.802 1589.925 1576.049 1563.371 1558.27 1553.168 1548.067 1542.966 1547.096
1514.052 1522.904 1525.727 1528.549 1531.372 1534.195 1534.353 1532.904 1531.455 1530.006 1528.557 1534.013 1540.108 1546.203 1552.297 1561.468 1582.428 1603.388 1624.348 1645.308 1663.321 1678.37 1693.419 1708.469 1723.518 1732.356 1739.546 1746.735 1753.925 1760.778 1763.854 1766.93 1770.005 1773.081 1773.95 1771.116 1768.281 1765.447 1762.613 1760.968 1759.923 1758.877 1757.832 1756.787 1753.599 1750.314 1747.029 1743.744 1689.281 1673.743 1658.204 1642.666 1627.127 1612.999 1599.496 1585.994 1572.491 1560.066 1554.446 1548.826 1543.207 1537.587 1541.956
1527.663 1536.838 1540.322 1543.806 1547.289 1550.773 1550.907 1549.018 1547.13 1545.242 1543.354 1547.066 1551.297 1555.527 1559.758 1567.05 1586.079 1605.108 1624.136 1643.164 1660.036 1674.739 1689.442 1704.145 1718.848 1727.333 1734.166 1740.999 1747.832 1754.3 1756.663 1759.026 1761.389 1763.752 1764.134 1761.191 1758.249 1755.306 1752.363 1750.466 1749.095 1747.724 1746.354 1744.983 1741.568 1738.061 1734.554 1731.047 1680.421 1664.749 1649.077 1633.405 1617.733 1603.845 1590.748 1577.651 1564.554 1552.567 1547.587 1542.608 1537.629 1532.65 1537.752
1541.274 1550.773 1554.917 1559.062 1563.207 1567.352 1567.46 1565.133 1562.806 1560.479 1558.152 1560.12 1562.486 1564.852 1567.218 1572.633 1589.73 1606.827 1623.924 1641.02 1656.751 1671.108 1685.465 1699.822 1714.179 1722.309 1728.786 1735.263 1741.74 1747.822 1749.472 1751.123 1752.773 1754.424 1754.318 1751.267 1748.216 1745.165 1742.113 1739.963 1738.267 1736.571 1734.875 1733.179 1729.538 1725.809 1722.079 1718.35 1671.561 1655.756 1639.95 1624.145 1608.339 1594.691 1581.999 1569.308 1556.617 1545.067 1540.729 1536.39 1532.051 1527.712 1533.548
1554.885 1564.707 1569.512 1574.318 1579.124 1583.93 1584.013 1581.247 1578.481 1575.715 1572.949 1573.174 1573.675 1574.177 1574.679 1578.215 1593.38 1608.546 1623.711 1638.877 1653.466 1667.477 1681.488 1695.499 1709.51 1717.286 1723.406 1729.527 1735.647 1741.344 1742.282 1743.219 1744.157 1745.095 1744.502 1741.343 1738.183 1735.023 1731.864 1729.461 1727.44 1725.418 1723.396 1721.375 1717.507 1713.556 1709.605 1705.654 1662.701 1646.762 1630.823 1614.885 1598.946 1585.537 1573.251 1560.966 1548.68 1537.568 1533.87 1530.172 1526.473 1522.775 1529.344
1568.497 1578.641 1584.108 1589.575 1595.042 1600.508 1600.567 1597.362 1594.156 1590.951 1587.746 1586.227 1584.865 1583.502 1582.139 1583.797 1597.031 1610.265 1623.499 1636.733 1650.181 1663.846 1677.511 1691.176 1704.841 1712.263 1718.027 1723.791 1729.555 1734.866 1735.091 1735.316 1735.541 1735.766 1734.687 1731.419 1728.15 1724.882 1721.614 1718.959 1716.612 1714.265 1711.918 1709.571 1705.477 1701.304 1697.13 1692.957 1653.841 1637.769 1621.696 1605.624 1589.552 1576.383 1564.503 1552.623 1540.743 1530.069 1527.011 1523.953 1520.895 1517.838 1525.141
1581.698 1592.0 1597.89 1603.78 1609.669 1615.559 1615.73 1612.45 1609.171 1605.891 1602.611 1599.964 1597.375 1594.786 1592.197 1592.516 1603.977 1615.438 1626.9 1638.361 1650.521 1663.384 1676.247 1689.11 1701.973 1708.509 1713.365 1718.222 1723.078 1727.474 1726.701 1725.928 1725.155 1724.382 1722.587 1719.078 1715.568 1712.058 1708.548 1705.622 1702.989 1700.357 1697.724 1695.092 1691.128 1687.104 1683.08 1679.057 1641.252 1625.452 1609.652 1593.852 1578.052 1565.579 1554.583 1543.587 1532.591 1522.813 1520.729 1518.645 1516.561 1514.477 1522.477
1594.405 1604.665 1610.689 1616.713 1622.737 1628.761 1629.211 1626.298 1623.385 1620.472 1617.559 1614.527 1611.484 1608.44 1605.397 1605.028 1614.909 1624.79 1634.671 1644.552 1655.245 1666.755 1678.264 1689.774 1701.284 1706.292 1709.573 1712.854 1716.135 1718.974 1716.859 1714.743 1712.628 1710.512 1707.725 1703.813 1699.9 1695.987 1692.075 1688.855 1685.985 1683.115 1680.245 1677.375 1673.974 1670.55 1667.125 1663.7 1624.153 1609.116 1594.079 1579.043 1564.006 1552.78 1543.247 1533.713 1524.18 1515.852 1515.145 1514.438 1513.732 1513.025 1521.676
1607.111 1617.33 1623.488 1629.646 1635.805 1641.963 1642.692 1640.146 1637.6 1635.054 1632.507 1629.09 1625.592 1622.094 1618.596 1617.54 1625.84 1634.141 1642.442 1650.742 1659.969 1670.125 1680.282 1690.438 1700.595 1704.074 1705.78 1707.486 1709.192 1710.475 1707.017 1703.559 1700.1 1696.642 1692.864 1688.548 1684.233 1679.917 1675.601 1672.089 1668.981 1665.874 1662.766 1659.659 1656.821 1653.995 1651.17 1648.344 1607.053 1592.78 1578.506 1564.233 1549.959 1539.981 1531.91 1523.839 1515.768 1508.891 1509.562 1510.232 1510.902 1511.572 1520.875
1619.818 1629.995 1636.288 1642.58 1648.872 1655.165 1656.174 1653.994 1651.815 1649.635 1647.456 1643.653 1639.701 1635.748 1631.796 1630.052 1636.772 1643.493 1650.213 1656.933 1664.692 1673.496 1682.299 1691.103 1699.906 1701.857 1701.987 1702.118 1702.249 1701.976 1697.175 1692.374 1687.573 1682.772 1678.001 1673.283 1668.565 1663.846 1659.128 1655.323 1651.977 1648.632 1645.287 1641.942 1639.667 1637.44 1635.214 1632.987 1589.953 1576.443 1562.933 1549.423 1535.913 1527.182 1520.573 1513.965 1507.356 1501.93 1503.978 1506.025 1508.072 1510.12 1520.074
1632.525 1642.66 1649.087 1655.514 1661.94 1668.367 1669.655 1667.842 1666.029 1664.216 1662.404 1658.216 1653.809 1649.403 1644.996 1642.564 1647.704 1652.844 1657.984 1663.124 1669.416 1676.866 1684.317 1691.767 1699.217 1699.639 1698.195 1696.75 1695.306 1693.477 1687.333 1681.189 1675.046 1668.902 1663.14 1658.018 1652.897 1647.776 1642.654 1638.556 1634.974 1631.391 1627.808 1624.225 1622.513 1620.886 1619.258 1617.631 1572.854 1560.107 1547.36 1534.613 1521.866 1514.383 1509.237 1504.09 1498.944 1494.969 1498.394 1501.818 1505.243 1508.667 1519.273
