data/zism_data/00084_01_D.txt
ncols         224
nrows         224
[rows 56 to 83 of 224, columns 64 to 127 of 224]
1306.16 1304.816 1303.471 1302.458 1302.319 1302.179 1302.04 1301.901 1305.533 1310.597 1315.662 1320.726 1326.2 1333.621 1341.042 1348.464 1355.885 1362.328 1368.181 1374.033 1379.886 1385.832 1392.976 1400.12 1407.263 1414.407 1419.53 1422.802 1426.073 1429.344 1432.615 1427.951 1423.05 1418.148 1413.247 1408.012 1402.316 1396.621 1390.925 1385.23 1384.131 1383.721 1383.312 1382.902 1382.817 1383.422 1384.028 1384.633 1385.239 1386.731 1388.49 1390.249 1392.009 1393.659 1394.917 1396.174 1397.432 1398.69 1399.24 1399.435 1399.631 1399.827 1400.0 1400.0
1302.495 1301.903 1301.31 1301.077 1301.792 1302.507 1303.222 1303.937 1308.658 1314.902 1321.145 1327.389 1333.943 1341.974 1350.005 1358.037 1366.068 1372.685 1378.448 1384.211 1389.974 1395.804 1402.481 1409.158 1415.835 1422.512 1427.113 1429.81 1432.506 1435.203 1437.9 1433.072 1428.02 1422.968 1417.916 1412.674 1407.172 1401.67 1396.167 1390.665 1389.616 1389.235 1388.854 1388.473 1388.26 1388.403 1388.547 1388.69 1388.833 1389.9 1391.245 1392.589 1393.934 1395.202 1396.191 1397.18 1398.17 1399.159 1399.564 1399.676 1399.788 1399.901 1400.0 1400.0
1302.222 1301.942 1301.662 1301.972 1303.833 1305.694 1307.555 1309.416 1315.256 1322.608 1329.96 1337.312 1344.689 1352.184 1359.68 1367.175 1374.671 1380.799 1386.1 1391.402 1396.703 1402.078 1408.389 1414.7 1421.011 1427.323 1431.798 1434.59 1437.382 1440.174 1442.966 1438.018 1432.839 1427.659 1422.48 1417.182 1411.723 1406.263 1400.803 1395.343 1394.438 1394.216 1393.994 1393.772 1393.516 1393.188 1392.859 1392.531 1392.202 1392.755 1393.575 1394.395 1395.214 1396.035 1396.86 1397.685 1398.51 1399.335 1399.667 1399.753 1399.838 1399.924 1400.0 1400.0
1301.949 1301.982 1302.015 1302.867 1305.874 1308.88 1311.887 1314.894 1321.853 1330.314 1338.774 1347.235 1355.435 1362.394 1369.354 1376.314 1383.273 1388.912 1393.752 1398.592 1403.432 1408.352 1414.297 1420.242 1426.188 1432.133 1436.483 1439.37 1442.258 1445.146 1448.033 1442.964 1437.657 1432.35 1427.044 1421.69 1416.273 1410.855 1405.438 1400.021 1399.259 1399.197 1399.134 1399.071 1398.773 1397.973 1397.172 1396.371 1395.57 1395.611 1395.905 1396.2 1396.494 1396.868 1397.529 1398.189 1398.85 1399.51 1399.77 1399.829 1399.888 1399.948 1400.0 1400.0
1301.675 1302.021 1302.368 1303.762 1307.914 1312.067 1316.219 1320.372 1328.45 1338.019 1347.589 1357.158 1366.181 1372.604 1379.028 1385.452 1391.876 1397.025 1401.404 1405.782 1410.161 1414.626 1420.205 1425.785 1431.364 1436.943 1441.167 1444.151 1447.134 1450.117 1453.1 1447.91 1442.476 1437.042 1431.608 1426.198 1420.823 1415.448 1410.073 1404.698 1404.081 1404.177 1404.274 1404.37 1404.03 1402.757 1401.485 1400.212 1398.939 1398.467 1398.236 1398.005 1397.774 1397.702 1398.198 1398.694 1399.19 1399.686 1399.873 1399.906 1399.938 1399.971 1400.0 1400.0
1301.402 1302.061 1302.72 1304.657 1309.955 1315.254 1320.552 1325.85 1335.047 1345.725 1356.403 1367.081 1376.926 1382.814 1388.703 1394.591 1400.479 1405.138 1409.055 1412.972 1416.889 1420.9 1426.114 1431.327 1436.54 1441.753 1445.852 1448.931 1452.01 1455.088 1458.167 1452.856 1447.295 1441.733 1436.172 1430.706 1425.374 1420.041 1414.709 1409.376 1408.903 1409.158 1409.414 1409.67 1409.287 1407.542 1405.797 1404.052 1402.307 1401.322 1400.566 1399.81 1399.054 1398.535 1398.866 1399.198 1399.53 1399.861 1399.976 1399.982 1399.988 1399.995 1400.0 1400.0
1303.228 1304.813 1306.398 1309.352 1315.905 1322.459 1329.013 1335.566 1344.518 1354.38 1364.242 1374.104 1383.127 1388.162 1393.198 1398.233 1403.269 1407.426 1411.052 1414.678 1418.304 1422.068 1427.598 1433.127 1438.656 1444.185 1448.802 1452.581 1456.36 1460.139 1463.918 1458.969 1453.759 1448.55 1443.34 1438.025 1432.564 1427.104 1421.643 1416.182 1415.513 1415.562 1415.611 1415.661 1414.96 1412.658 1410.355 1408.053 1405.751 1404.167 1402.801 1401.435 1400.069 1399.047 1399.267 1399.487 1399.707 1399.927 1400.0 1400.0 1400.0 1400.0 1400.0 1400.0
1305.696 1308.396 1311.095 1315.211 1323.053 1330.896 1338.738 1346.581 1354.868 1363.325 1371.781 1380.238 1387.934 1392.02 1396.106 1400.192 1404.278 1407.929 1411.316 1414.704 1418.091 1421.672 1427.726 1433.781 1439.835 1445.889 1451.219 1455.884 1460.549 1465.214 1469.879 1465.44 1460.729 1456.018 1451.307 1446.205 1440.564 1434.923 1429.282 1423.641 1422.671 1422.402 1422.133 1421.864 1420.76 1417.875 1414.989 1412.103 1409.217 1407.01 1405.007 1403.004 1401.001 1399.461 1399.585 1399.71 1399.834 1399.958 1400.0 1400.0 1400.0 1400.0 1400.0 1400.0
1308.165 1311.978 1315.792 1321.069 1330.201 1339.332 1348.464 1357.595 1365.219 1372.27 1379.321 1386.372 1392.742 1395.878 1399.015 1402.151 1405.288 1408.432 1411.581 1414.729 1417.878 1421.275 1427.855 1434.434 1441.014 1447.593 1453.636 1459.187 1464.738 1470.289 1475.84 1471.91 1467.698 1463.486 1459.273 1454.385 1448.563 1442.742 1436.92 1431.099 1429.829 1429.242 1428.654 1428.067 1426.561 1423.092 1419.622 1416.153 1412.684 1409.852 1407.213 1404.573 1401.934 1399.875 1399.904 1399.932 1399.961 1399.99 1400.0 1400.0 1400.0 1400.0 1400.0 1400.0
1310.634 1315.561 1320.489 1326.928 1337.349 1347.769 1358.19 1368.61 1375.57 1381.215 1386.861 1392.506 1397.549 1399.736 1401.923 1404.11 1406.297 1408.935 1411.845 1414.755 1417.665 1420.879 1427.983 1435.088 1442.193 1449.297 1456.053 1462.49 1468.927 1475.364 1481.801 1478.381 1474.667 1470.954 1467.24 1462.565 1456.563 1450.561 1444.559 1438.557 1436.987 1436.082 1435.176 1434.27 1432.361 1428.309 1424.256 1420.203 1416.15 1412.694 1409.418 1406.143 1402.867 1400.288 1400.222 1400.155 1400.089 1400.022 1400.0 1400.0 1400.0 1400.0 1400.0 1400.0
1313.217 1319.257 1325.296 1332.807 1344.19 1355.572 1366.954 1378.337 1384.586 1388.884 1393.182 1397.48 1401.265 1402.613 1403.961 1405.309 1406.656 1408.835 1411.516 1414.197 1416.877 1419.915 1427.518 1435.121 1442.724 1450.327 1457.778 1465.089 1472.401 1479.712 1487.024 1484.171 1481.014 1477.858 1474.701 1470.302 1464.189 1458.076 1451.963 1445.85 1443.943 1442.666 1441.389 1440.113 1437.771 1433.155 1428.539 1423.922 1419.306 1415.278 1411.428 1407.578 1403.727 1400.679 1400.521 1400.362 1400.204 1400.045 1399.979 1399.961 1399.942 1399.923 1399.904 1399.89
1316.391 1323.534 1330.677 1338.788 1349.449 1360.11 1370.771 1381.432 1386.725 1389.979 1393.232 1396.485 1399.36 1400.437 1401.514 1402.591 1403.669 1405.633 1408.133 1410.634 1413.134 1416.031 1423.994 1431.958 1439.922 1447.885 1455.935 1464.063 1472.192 1480.32 1488.448 1486.453 1484.156 1481.859 1479.562 1475.764 1469.895 1464.025 1458.156 1452.287 1449.854 1447.935 1446.017 1444.099 1441.173 1436.095 1431.017 1425.939 1420.861 1416.531 1412.426 1408.321 1404.216 1400.953 1400.72 1400.487 1400.254 1400.021 1399.853 1399.718 1399.582 1399.446 1399.315 1399.216
1319.564 1327.81 1336.057 1344.769 1354.709 1364.648 1374.588 1384.528 1388.865 1391.073 1393.281 1395.49 1397.454 1398.261 1399.067 1399.874 1400.681 1402.431 1404.751 1407.071 1409.391 1412.146 1420.471 1428.795 1437.119 1445.444 1454.092 1463.037 1471.983 1480.928 1489.873 1488.736 1487.298 1485.861 1484.423 1481.225 1475.6 1469.975 1464.35 1458.725 1455.765 1453.204 1450.644 1448.084 1444.574 1439.035 1433.495 1427.956 1422.417 1417.784 1413.424 1409.065 1404.705 1401.227 1400.919 1400.612 1400.305 1399.998 1399.727 1399.475 1399.223 1398.97 1398.726 1398.542
1322.738 1332.087 1341.437 1350.75 1359.969 1369.187 1378.405 1387.623 1391.004 1392.168 1393.331 1394.494 1395.548 1396.084 1396.621 1397.157 1397.693 1399.229 1401.368 1403.508 1405.648 1408.262 1416.947 1425.632 1434.317 1443.002 1452.249 1462.011 1471.774 1481.536 1491.298 1491.019 1490.441 1489.862 1489.283 1486.686 1481.305 1475.924 1470.543 1465.162 1461.676 1458.474 1455.272 1452.07 1447.975 1441.974 1435.974 1429.973 1423.972 1419.036 1414.422 1409.808 1405.194 1401.5 1401.119 1400.737 1400.356 1399.974 1399.601 1399.232 1398.863 1398.494 1398.137 1397.868
1325.911 1336.364 1346.817 1356.731 1365.228 1373.725 1382.222 1390.719 1393.144 1393.262 1393.38 1393.499 1393.643 1393.908 1394.174 1394.44 1394.705 1396.026 1397.986 1399.945 1401.905 1404.377 1413.423 1422.469 1431.515 1440.56 1450.406 1460.985 1471.564 1482.144 1492.723 1493.302 1493.583 1493.864 1494.144 1492.148 1487.011 1481.874 1476.737 1471.599 1467.587 1463.743 1459.899 1456.055 1451.376 1444.914 1438.452 1431.99 1425.527 1420.289 1415.421 1410.552 1405.683 1401.774 1401.318 1400.862 1400.407 1399.951 1399.475 1398.989 1398.504 1398.018 1397.548 1397.194
1326.463 1337.042 1347.622 1357.437 1365.242 1373.047 1380.853 1388.658 1390.772 1390.724 1390.677 1390.629 1390.676 1391.172 1391.669 1392.166 1392.663 1394.314 1396.664 1399.013 1401.362 1404.215 1413.527 1422.838 1432.15 1441.461 1451.485 1462.163 1472.84 1483.518 1494.195 1495.442 1496.407 1497.372 1498.336 1496.888 1492.111 1487.333 1482.556 1477.779 1473.4 1469.08 1464.761 1460.441 1455.284 1448.336 1441.389 1434.441 1427.494 1421.92 1416.761 1411.602 1406.443 1402.271 1401.652 1401.033 1400.414 1399.795 1398.997 1398.109 1397.222 1396.334 1395.466 1394.743
1324.953 1334.89 1344.828 1353.994 1361.131 1368.268 1375.404 1382.541 1384.852 1385.329 1385.807 1386.284 1386.874 1387.997 1389.12 1390.242 1391.365 1393.775 1396.962 1400.149 1403.336 1406.981 1416.484 1425.986 1435.488 1444.991 1454.863 1465.073 1475.284 1485.495 1495.706 1497.469 1498.98 1500.492 1502.003 1501.061 1496.734 1492.408 1488.082 1483.755 1479.135 1474.471 1469.806 1465.142 1459.589 1452.138 1444.686 1437.235 1429.783 1423.848 1418.371 1412.894 1407.417 1402.945 1402.092 1401.24 1400.387 1399.535 1398.242 1396.728 1395.215 1393.701 1392.211 1390.893
1323.443 1332.738 1342.034 1350.551 1357.019 1363.488 1369.956 1376.424 1378.932 1379.934 1380.937 1381.939 1383.072 1384.821 1386.57 1388.318 1390.067 1393.235 1397.26 1401.286 1405.311 1409.747 1419.44 1429.134 1438.827 1448.52 1458.24 1467.984 1477.728 1487.472 1497.216 1499.496 1501.554 1503.612 1505.669 1505.233 1501.358 1497.482 1493.607 1489.731 1484.87 1479.861 1474.852 1469.843 1463.894 1455.939 1447.984 1440.028 1432.073 1425.776 1419.981 1414.185 1408.39 1403.618 1402.532 1401.446 1400.36 1399.275 1397.486 1395.347 1393.208 1391.068 1388.955 1387.044
1321.932 1330.586 1339.24 1347.108 1352.908 1358.708 1364.508 1370.307 1373.012 1374.539 1376.067 1377.595 1379.27 1381.645 1384.02 1386.394 1388.769 1392.695 1397.559 1402.422 1407.286 1412.513 1422.397 1432.281 1442.166 1452.05 1461.618 1470.895 1480.172 1489.449 1498.726 1501.524 1504.128 1506.732 1509.336 1509.406 1505.982 1502.557 1499.133 1495.708 1490.606 1485.252 1479.898 1474.544 1468.2 1459.74 1451.281 1442.822 1434.363 1427.705 1421.591 1415.477 1409.363 1404.292 1402.972 1401.653 1400.334 1399.014 1396.731 1393.966 1391.2 1388.435 1385.7 1383.194
1320.422 1328.434 1336.446 1343.665 1348.796 1353.928 1359.059 1364.191 1367.091 1369.144 1371.197 1373.25 1375.468 1378.469 1381.469 1384.47 1387.471 1392.155 1397.857 1403.558 1409.26 1415.279 1425.354 1435.429 1445.505 1455.58 1464.995 1473.806 1482.616 1491.426 1500.236 1503.551 1506.701 1509.852 1513.002 1513.579 1510.605 1507.632 1504.658 1501.684 1496.341 1490.642 1484.943 1479.245 1472.505 1463.542 1454.578 1445.615 1436.652 1429.633 1423.201 1416.769 1410.337 1404.965 1403.412 1401.86 1400.307 1398.754 1395.976 1392.584 1389.193 1385.802 1382.444 1379.345
1316.82 1323.449 1330.078 1336.217 1341.066 1345.915 1350.764 1355.612 1359.916 1364.011 1368.107 1372.202 1376.26 1380.135 1384.011 1387.886 1391.762 1396.795 1402.527 1408.26 1413.993 1419.991 1429.395 1438.798 1448.202 1457.605 1466.522 1474.992 1483.463 1491.933 1500.403 1504.066 1507.585 1511.104 1514.623 1515.571 1512.972 1510.373 1507.774 1505.175 1500.265 1495.009 1489.752 1484.495 1478.203 1469.7 1461.198 1452.695 1444.192 1437.0 1430.204 1423.408 1416.612 1410.806 1408.563 1406.32 1404.077 1401.834 1398.307 1394.137 1389.968 1385.798 1381.633 1377.497
1313.123 1318.336 1323.548 1328.588 1333.172 1337.756 1342.339 1346.923 1352.683 1358.89 1365.096 1371.303 1377.258 1382.02 1386.781 1391.543 1396.304 1401.667 1407.395 1413.122 1418.849 1424.792 1433.484 1442.177 1450.87 1459.562 1467.965 1476.101 1484.237 1492.373 1500.509 1504.513 1508.393 1512.272 1516.152 1517.465 1515.238 1513.01 1510.782 1508.555 1504.108 1499.329 1494.549 1489.77 1483.964 1475.965 1467.966 1459.968 1451.969 1444.613 1437.451 1430.289 1423.126 1416.879 1413.925 1410.972 1408.018 1405.064 1400.776 1395.822 1390.867 1385.913 1380.931 1375.74
1309.427 1313.223 1317.019 1320.959 1325.278 1329.597 1333.915 1338.234 1345.45 1353.768 1362.086 1370.404 1378.257 1383.904 1389.552 1395.199 1400.846 1406.54 1412.262 1417.984 1423.706 1429.592 1437.574 1445.556 1453.538 1461.52 1469.408 1477.21 1485.012 1492.814 1500.616 1504.959 1509.2 1513.441 1517.681 1519.359 1517.503 1515.646 1513.79 1511.934 1507.951 1503.649 1499.347 1495.045 1489.725 1482.23 1474.735 1467.24 1459.745 1452.225 1444.697 1437.169 1429.641 1422.953 1419.288 1415.623 1411.959 1408.294 1403.246 1397.507 1391.767 1386.028 1380.229 1373.983
1305.73 1308.11 1310.49 1313.331 1317.384 1321.438 1325.491 1329.544 1338.218 1348.647 1359.076 1369.504 1379.256 1385.789 1392.322 1398.856 1405.389 1411.413 1417.13 1422.846 1428.563 1434.392 1441.664 1448.935 1456.206 1463.477 1470.851 1478.318 1485.786 1493.254 1500.722 1505.406 1510.007 1514.609 1519.21 1521.253 1519.768 1518.283 1516.798 1515.313 1511.794 1507.969 1504.145 1500.32 1495.486 1488.495 1481.504 1474.513 1467.522 1459.837 1451.943 1444.049 1436.155 1429.026 1424.651 1420.275 1415.9 1411.524 1405.716 1399.192 1392.667 1386.142 1379.528 1372.226
1303.253 1304.697 1306.142 1308.348 1312.561 1316.773 1320.986 1325.199 1334.957 1346.823 1358.689 1370.555 1381.564 1388.502 1395.441 1402.379 1409.318 1415.4 1420.965 1426.53 1432.095 1437.736 1444.363 1450.989 1457.615 1464.241 1471.053 1478.037 1485.02 1492.003 1498.987 1503.701 1508.348 1512.994 1517.641 1519.973 1519.112 1518.252 1517.392 1516.531 1513.594 1510.344 1507.095 1503.845 1499.601 1493.23 1486.859 1480.489 1474.118 1466.427 1458.338 1450.249 1442.16 1434.752 1429.797 1424.842 1419.888 1414.933 1408.597 1401.571 1394.545 1387.519 1380.373 1372.31
1303.001 1304.387 1305.773 1308.195 1313.341 1318.487 1323.633 1328.78 1338.945 1351.018 1363.091 1375.164 1386.261 1392.728 1399.194 1405.66 1412.127 1417.77 1422.916 1428.062 1433.208 1438.423 1444.524 1450.625 1456.725 1462.826 1468.992 1475.217 1481.442 1487.666 1493.891 1498.068 1502.185 1506.301 1510.417 1512.898 1513.125 1513.353 1513.58 1513.807 1511.666 1509.17 1506.673 1504.177 1500.711 1495.173 1489.635 1484.097 1478.56 1471.152 1463.179 1455.207 1447.234 1439.844 1434.55 1429.255 1423.961 1418.667 1412.229 1405.218 1398.208 1391.198 1384.04 1375.754
1302.75 1304.078 1305.405 1308.042 1314.121 1320.201 1326.281 1332.36 1342.933 1355.213 1367.492 1379.772 1390.959 1396.953 1402.947 1408.941 1414.936 1420.14 1424.867 1429.594 1434.32 1439.109 1444.685 1450.26 1455.836 1461.412 1466.931 1472.397 1477.863 1483.329 1488.796 1492.436 1496.022 1499.607 1503.193 1505.824 1507.138 1508.453 1509.767 1511.082 1509.738 1507.995 1506.252 1504.509 1501.822 1497.116 1492.411 1487.706 1483.001 1475.876 1468.02 1460.165 1452.309 1444.936 1439.302 1433.668 1428.035 1422.401 1415.86 1408.866 1401.871 1394.877 1387.707 1379.199
1302.499 1303.768 1305.037 1307.888 1314.902 1321.915 1328.928 1335.941 1346.921 1359.408 1371.894 1384.381 1395.656 1401.179 1406.701 1412.223 1417.745 1422.51 1426.818 1431.126 1435.433 1439.795 1444.846 1449.896 1454.947 1459.998 1464.869 1469.577 1474.285 1478.992 1483.7 1486.803 1489.858 1492.914 1495.969 1498.75 1501.151 1503.553 1505.955 1508.357 1507.81 1506.82 1505.831 1504.841 1502.932 1499.06 1495.188 1491.315 1487.443 1480.601 1472.862 1465.123 1457.384 1450.028 1444.055 1438.082 1432.108 1426.135 1419.492 1412.513 1405.535 1398.557 1391.375 1382.644
