data/zism_data/00084_04_D.txt
ncols         224
nrows         224
[rows 196 to 223 of 224, columns 128 to 191 of 224]
1300.352 1300.173 1299.941 1297.899 1295.858 1293.817 1291.775 1284.923 1272.823 1260.723 1248.624 1236.524 1228.381 1220.548 1212.715 1204.881 1202.091 1207.64 1213.189 1218.738 1224.288 1234.556 1245.818 1257.081 1268.343 1277.926 1283.089 1288.252 1293.415 1298.578 1296.609 1291.93 1287.251 1282.573 1276.308 1262.514 1248.721 1234.927 1221.133 1217.023 1218.77 1220.516 1222.262 1224.788 1237.301 1249.813 1262.325 1274.838 1281.154 1281.789 1282.424 1283.059 1283.694 1270.144 1256.172 1242.199 1228.226 1218.268 1213.845 1209.422 1205.0 1200.577 1203.162 1206.798
1300.433 1300.213 1299.944 1298.028 1296.112 1294.196 1292.28 1285.608 1273.747 1261.886 1250.026 1238.165 1229.757 1221.618 1213.48 1205.342 1202.622 1208.864 1215.105 1221.347 1227.588 1237.782 1248.809 1259.835 1270.862 1280.131 1284.779 1289.426 1294.073 1298.72 1296.342 1291.294 1286.246 1281.198 1274.666 1261.087 1247.509 1233.931 1220.353 1217.065 1220.0 1222.934 1225.869 1229.522 1242.368 1255.213 1268.059 1280.905 1286.87 1286.529 1286.189 1285.848 1285.507 1271.656 1257.401 1243.147 1228.893 1218.728 1214.203 1209.679 1205.155 1200.63 1203.786 1208.093
1300.433 1300.213 1299.942 1297.941 1295.94 1293.939 1291.938 1285.242 1273.423 1261.605 1249.787 1237.968 1230.001 1222.335 1214.669 1207.003 1205.019 1212.433 1219.847 1227.26 1234.674 1244.428 1254.675 1264.921 1275.168 1283.646 1287.472 1291.297 1295.122 1298.947 1295.988 1290.452 1284.916 1279.38 1272.595 1259.882 1247.168 1234.455 1221.741 1219.129 1222.626 1226.123 1229.62 1233.655 1244.581 1255.506 1266.432 1277.358 1281.948 1280.732 1279.516 1278.3 1277.084 1264.438 1251.452 1238.465 1225.479 1216.323 1212.451 1208.579 1204.707 1200.835 1204.444 1209.176
1300.433 1300.213 1299.94 1297.854 1295.768 1293.682 1291.596 1284.876 1273.1 1261.324 1249.548 1237.772 1230.246 1223.052 1215.858 1208.664 1207.416 1216.002 1224.588 1233.174 1241.76 1251.074 1260.541 1270.008 1279.475 1287.161 1290.164 1293.167 1296.17 1299.173 1295.635 1289.61 1283.586 1277.562 1270.525 1258.676 1246.827 1234.978 1223.129 1221.194 1225.253 1229.312 1233.371 1237.789 1246.794 1255.8 1264.805 1273.81 1277.026 1274.935 1272.843 1270.752 1268.661 1257.221 1245.502 1233.783 1222.064 1213.917 1210.698 1207.478 1204.259 1201.039 1205.103 1210.259
1300.433 1300.213 1299.937 1297.766 1295.596 1293.425 1291.254 1284.51 1272.776 1261.043 1249.31 1237.576 1230.491 1223.769 1217.047 1210.325 1209.813 1219.572 1229.33 1239.088 1248.846 1257.72 1266.407 1275.094 1283.781 1290.677 1292.857 1295.038 1297.219 1299.4 1295.281 1288.769 1282.257 1275.745 1268.455 1257.47 1246.486 1235.502 1224.517 1223.258 1227.88 1232.501 1237.122 1241.922 1249.008 1256.093 1263.178 1270.263 1272.104 1269.138 1266.171 1263.204 1260.238 1250.003 1239.552 1229.101 1218.65 1211.512 1208.945 1206.378 1203.811 1201.244 1205.762 1211.342
1300.433 1300.213 1299.935 1297.679 1295.424 1293.168 1290.912 1284.144 1272.453 1260.762 1249.071 1237.38 1230.736 1224.486 1218.236 1211.986 1212.21 1223.141 1234.071 1245.001 1255.932 1264.365 1272.273 1280.18 1288.088 1294.192 1295.55 1296.909 1298.267 1299.626 1294.927 1287.927 1280.927 1273.927 1266.384 1256.264 1246.145 1236.025 1225.905 1225.323 1230.506 1235.69 1240.874 1246.056 1251.221 1256.386 1261.551 1266.716 1267.182 1263.34 1259.498 1255.656 1251.815 1242.786 1233.602 1224.419 1215.235 1209.107 1207.192 1205.278 1203.363 1201.448 1206.42 1212.425
1300.361 1300.139 1299.845 1297.161 1294.476 1291.792 1289.108 1282.163 1270.568 1258.973 1247.379 1235.784 1230.019 1224.71 1219.401 1214.092 1215.228 1227.025 1238.821 1250.616 1262.413 1270.207 1277.158 1284.11 1291.061 1296.316 1297.105 1297.894 1298.683 1299.473 1294.585 1287.539 1280.494 1273.449 1266.052 1256.981 1247.911 1238.841 1229.77 1229.457 1234.439 1239.421 1244.403 1249.243 1252.275 1255.307 1258.339 1261.371 1260.545 1256.183 1251.821 1247.458 1243.096 1235.452 1227.71 1219.967 1212.225 1207.202 1205.932 1204.661 1203.39 1202.119 1207.732 1214.377
1300.227 1299.999 1299.679 1296.268 1292.857 1289.446 1286.036 1278.779 1267.328 1255.876 1244.425 1232.973 1228.469 1224.507 1220.545 1216.584 1218.786 1231.181 1243.577 1255.972 1268.368 1275.35 1281.193 1287.036 1292.878 1297.233 1297.672 1298.111 1298.55 1298.99 1294.251 1287.546 1280.84 1274.134 1267.228 1259.367 1251.506 1243.645 1235.784 1235.388 1239.505 1243.622 1247.74 1251.61 1252.324 1253.038 1253.752 1254.465 1252.42 1247.846 1243.271 1238.697 1234.123 1228.017 1221.866 1215.715 1209.564 1205.732 1205.098 1204.463 1203.829 1203.195 1209.61 1217.083
1300.092 1299.859 1299.513 1295.375 1291.238 1287.1 1282.963 1275.396 1264.087 1252.779 1241.471 1230.163 1226.918 1224.304 1221.69 1219.075 1222.343 1235.338 1248.333 1261.328 1274.323 1280.494 1285.228 1289.962 1294.696 1298.151 1298.24 1298.329 1298.418 1298.507 1293.918 1287.552 1281.186 1274.819 1268.404 1261.752 1255.101 1248.45 1241.798 1241.319 1244.571 1247.824 1251.077 1253.977 1252.373 1250.768 1249.164 1247.56 1244.295 1239.508 1234.722 1229.935 1225.149 1220.582 1216.023 1211.463 1206.903 1204.261 1204.263 1204.266 1204.268 1204.271 1211.489 1219.789
1299.958 1299.719 1299.347 1294.483 1289.618 1284.754 1279.89 1272.012 1260.847 1249.682 1238.517 1227.352 1225.368 1224.101 1222.834 1221.567 1225.9 1239.495 1253.089 1266.683 1280.278 1285.637 1289.262 1292.888 1296.513 1299.068 1298.807 1298.546 1298.285 1298.024 1293.585 1287.558 1281.531 1275.504 1269.579 1264.137 1258.696 1253.254 1247.812 1247.25 1249.638 1252.025 1254.413 1256.344 1252.421 1248.499 1244.577 1240.654 1236.17 1231.171 1226.172 1221.173 1216.175 1213.147 1210.179 1207.211 1204.243 1202.791 1203.429 1204.068 1204.707 1205.346 1213.367 1222.494
1299.824 1299.58 1299.181 1293.59 1287.999 1282.408 1276.817 1268.629 1257.607 1246.585 1235.563 1224.542 1223.818 1223.898 1223.979 1224.059 1229.457 1243.652 1257.845 1272.039 1286.233 1290.781 1293.297 1295.814 1298.33 1299.986 1299.374 1298.763 1298.152 1297.541 1293.251 1287.564 1281.877 1276.189 1270.755 1266.523 1262.291 1258.058 1253.826 1253.181 1254.704 1256.227 1257.75 1258.711 1252.47 1246.23 1239.989 1233.748 1228.045 1222.834 1217.623 1212.412 1207.201 1205.713 1204.336 1202.959 1201.582 1201.32 1202.595 1203.871 1205.146 1206.422 1215.245 1225.2
1298.9 1298.571 1298.073 1291.884 1285.695 1279.506 1273.317 1264.93 1254.146 1243.361 1232.577 1221.792 1222.459 1224.02 1225.581 1227.143 1233.27 1246.951 1260.631 1274.311 1287.992 1292.176 1294.36 1296.545 1298.729 1300.079 1299.231 1298.384 1297.536 1296.689 1292.677 1287.463 1282.249 1277.034 1272.182 1269.051 1265.919 1262.787 1259.656 1259.388 1260.853 1262.318 1263.783 1264.643 1257.761 1250.88 1243.998 1237.116 1230.676 1224.639 1218.602 1212.566 1206.529 1205.112 1203.832 1202.553 1201.273 1201.161 1202.657 1204.153 1205.65 1207.146 1216.516 1227.066
1297.919 1297.5 1296.898 1290.12 1283.342 1276.564 1269.786 1261.209 1250.668 1240.128 1229.588 1219.047 1221.114 1224.166 1227.217 1230.269 1237.102 1250.188 1263.274 1276.36 1289.447 1293.3 1295.208 1297.117 1299.026 1300.113 1299.037 1297.961 1296.886 1295.81 1292.085 1287.354 1282.622 1277.891 1273.627 1271.588 1269.55 1267.511 1265.472 1265.616 1267.081 1268.546 1270.011 1270.833 1263.432 1256.03 1248.629 1241.227 1234.084 1227.177 1220.271 1213.364 1206.458 1205.005 1203.715 1202.425 1201.135 1201.096 1202.783 1204.471 1206.158 1207.846 1217.743 1228.871
1296.938 1296.429 1295.722 1288.355 1280.989 1273.622 1266.255 1257.488 1247.191 1236.895 1226.598 1216.302 1219.769 1224.311 1228.853 1233.396 1240.933 1253.426 1265.918 1278.41 1290.902 1294.423 1296.056 1297.689 1299.322 1300.146 1298.843 1297.539 1296.235 1294.932 1291.494 1287.245 1282.996 1278.747 1275.073 1274.126 1273.18 1272.234 1271.288 1271.844 1273.309 1274.774 1276.239 1277.024 1269.102 1261.181 1253.26 1245.338 1237.493 1229.716 1221.939 1214.163 1206.386 1204.898 1203.597 1202.297 1200.996 1201.031 1202.91 1204.788 1206.667 1208.545 1218.97 1230.676
1295.957 1295.358 1294.546 1286.591 1278.635 1270.68 1262.725 1253.766 1243.714 1233.661 1223.609 1213.557 1218.424 1224.457 1230.489 1236.522 1244.765 1256.663 1268.561 1280.459 1292.357 1295.547 1296.905 1298.261 1299.619 1300.18 1298.648 1297.116 1295.585 1294.053 1290.902 1287.136 1283.37 1279.603 1276.518 1276.664 1276.811 1276.957 1277.104 1278.072 1279.537 1281.002 1282.467 1283.214 1274.772 1266.332 1257.891 1249.449 1240.901 1232.255 1223.608 1214.961 1206.315 1204.791 1203.48 1202.169 1200.857 1200.967 1203.036 1205.105 1207.175 1209.244 1220.197 1232.481
1294.419 1293.637 1292.636 1284.277 1275.918 1267.559 1259.2 1250.24 1240.622 1231.004 1221.386 1211.768 1217.74 1224.929 1232.118 1239.308 1248.07 1259.433 1270.797 1282.16 1293.524 1296.459 1297.621 1298.783 1299.944 1300.322 1298.637 1296.953 1295.268 1293.583 1290.751 1287.484 1284.216 1280.948 1278.406 1279.307 1280.209 1281.111 1282.013 1283.198 1284.554 1285.911 1287.267 1287.908 1279.391 1270.875 1262.358 1253.841 1244.805 1235.292 1225.779 1216.266 1206.753 1205.095 1203.672 1202.248 1200.825 1201.04 1203.516 1205.991 1208.466 1210.942 1222.316 1235.025
1291.747 1290.594 1289.231 1280.846 1272.461 1264.075 1255.69 1247.109 1238.313 1229.517 1220.722 1211.926 1218.4 1226.067 1233.733 1241.4 1250.304 1261.253 1272.203 1283.153 1294.102 1296.94 1298.07 1299.2 1300.329 1300.684 1298.999 1297.315 1295.63 1293.945 1291.498 1288.76 1286.023 1283.286 1281.193 1282.164 1283.135 1284.106 1285.076 1286.083 1287.11 1288.138 1289.165 1289.561 1281.872 1274.183 1266.494 1258.804 1249.715 1239.343 1228.971 1218.598 1208.226 1206.234 1204.493 1202.751 1201.01 1201.395 1204.714 1208.032 1211.351 1214.67 1226.251 1239.071
1289.075 1287.551 1285.827 1277.415 1269.003 1260.592 1252.18 1243.978 1236.004 1228.031 1220.057 1212.084 1219.06 1227.204 1235.348 1243.492 1252.537 1263.074 1273.609 1284.145 1294.681 1297.421 1298.519 1299.617 1300.714 1301.046 1299.361 1297.677 1295.992 1294.307 1292.244 1290.037 1287.831 1285.624 1283.981 1285.021 1286.061 1287.1 1288.14 1288.967 1289.666 1290.365 1291.064 1291.214 1284.353 1277.491 1270.629 1263.767 1254.626 1243.394 1232.163 1220.931 1209.699 1207.374 1205.314 1203.254 1201.194 1201.749 1205.911 1210.073 1214.236 1218.398 1230.186 1243.118
1286.403 1284.508 1282.422 1273.984 1265.546 1257.108 1248.669 1240.846 1233.695 1226.544 1219.393 1212.242 1219.72 1228.342 1236.963 1245.584 1254.771 1264.894 1275.016 1285.138 1295.26 1297.901 1298.967 1300.033 1301.1 1301.408 1299.724 1298.039 1296.354 1294.669 1292.991 1291.314 1289.638 1287.961 1286.769 1287.878 1288.987 1290.095 1291.204 1291.852 1292.222 1292.592 1292.962 1292.868 1286.833 1280.799 1274.765 1268.73 1259.536 1247.445 1235.354 1223.263 1211.172 1208.513 1206.135 1203.757 1201.379 1202.104 1207.109 1212.115 1217.12 1222.126 1234.121 1247.164
1283.732 1281.465 1279.018 1270.553 1262.088 1253.624 1245.159 1237.715 1231.386 1225.057 1218.729 1212.399 1220.38 1229.479 1238.578 1247.677 1257.005 1266.714 1276.422 1286.13 1295.839 1298.382 1299.416 1300.45 1301.485 1301.77 1300.086 1298.401 1296.716 1295.031 1293.737 1292.591 1291.445 1290.299 1289.557 1290.735 1291.912 1293.09 1294.268 1294.737 1294.778 1294.819 1294.86 1294.521 1289.314 1284.107 1278.901 1273.694 1264.447 1251.496 1238.546 1225.596 1212.646 1209.652 1206.956 1204.259 1201.563 1202.458 1208.307 1214.156 1220.005 1225.854 1238.056 1251.21
1283.336 1280.798 1278.076 1269.196 1260.315 1251.434 1242.553 1235.494 1230.423 1225.352 1220.281 1215.21 1223.618 1233.078 1242.539 1251.999 1261.248 1270.145 1279.043 1287.94 1296.838 1299.268 1300.336 1301.404 1302.472 1302.822 1301.284 1299.745 1298.207 1296.669 1295.498 1294.466 1293.434 1292.402 1291.7 1292.565 1293.43 1294.294 1295.159 1295.414 1295.3 1295.185 1295.071 1294.586 1289.35 1284.115 1278.88 1273.645 1264.377 1251.411 1238.446 1225.48 1212.515 1209.549 1206.882 1204.214 1201.546 1202.659 1208.985 1215.311 1221.637 1227.963 1240.133 1253.179
1283.796 1281.025 1278.06 1268.617 1259.174 1249.731 1240.288 1233.616 1229.966 1226.317 1222.668 1219.018 1227.824 1237.603 1247.381 1257.16 1266.245 1274.182 1282.12 1290.057 1297.995 1300.306 1301.432 1302.558 1303.685 1304.133 1302.796 1301.459 1300.123 1298.786 1297.64 1296.565 1295.491 1294.417 1293.6 1294.009 1294.417 1294.826 1295.235 1295.261 1295.057 1294.852 1294.648 1294.053 1288.468 1282.883 1277.297 1271.712 1262.434 1249.771 1237.108 1224.445 1211.782 1208.979 1206.471 1203.963 1201.454 1202.801 1209.467 1216.132 1222.798 1229.463 1241.511 1254.367
1284.256 1281.251 1278.044 1268.038 1258.033 1248.028 1238.022 1231.737 1229.509 1227.281 1225.054 1222.826 1232.03 1242.127 1252.224 1262.321 1271.242 1278.22 1285.197 1292.174 1299.152 1301.344 1302.528 1303.713 1304.898 1305.444 1304.308 1303.173 1302.038 1300.903 1299.782 1298.665 1297.548 1296.431 1295.5 1295.453 1295.405 1295.358 1295.31 1295.108 1294.814 1294.519 1294.224 1293.521 1287.585 1281.65 1275.715 1269.779 1260.492 1248.131 1235.771 1223.41 1211.049 1208.41 1206.061 1203.711 1201.362 1202.944 1209.949 1216.954 1223.959 1230.964 1242.89 1255.555
1284.716 1281.478 1278.027 1267.46 1256.892 1246.325 1235.757 1229.858 1229.052 1228.246 1227.44 1226.634 1236.236 1246.651 1257.066 1267.482 1276.24 1282.257 1288.274 1294.291 1300.308 1302.382 1303.625 1304.868 1306.111 1306.754 1305.821 1304.887 1303.954 1303.021 1301.923 1300.764 1299.605 1298.446 1297.401 1296.897 1296.393 1295.889 1295.385 1294.956 1294.571 1294.186 1293.801 1292.989 1286.703 1280.417 1274.132 1267.846 1258.549 1246.491 1234.433 1222.374 1210.316 1207.84 1205.65 1203.46 1201.27 1203.087 1210.431 1217.776 1225.12 1232.464 1244.269 1256.743
1285.553 1282.104 1278.437 1267.464 1256.49 1245.517 1234.543 1229.055 1229.55 1230.045 1230.539 1231.034 1240.883 1251.463 1262.042 1272.622 1281.131 1286.217 1291.303 1296.389 1301.475 1303.444 1304.756 1306.069 1307.381 1308.123 1307.361 1306.598 1305.836 1305.074 1303.959 1302.71 1301.461 1300.212 1299.019 1298.093 1297.166 1296.24 1295.313 1294.662 1294.177 1293.692 1293.207 1292.267 1285.499 1278.732 1271.964 1265.196 1255.897 1244.277 1232.657 1221.038 1209.418 1207.143 1205.148 1203.152 1201.157 1203.194 1210.794 1218.394 1225.994 1233.593 1245.27 1257.559
1289.05 1285.554 1281.861 1271.588 1261.315 1251.042 1240.768 1235.858 1236.798 1237.739 1238.679 1239.619 1248.644 1258.301 1267.958 1277.614 1285.275 1289.634 1293.993 1298.353 1302.712 1304.677 1306.138 1307.599 1309.06 1309.897 1309.093 1308.288 1307.484 1306.679 1305.245 1303.572 1301.898 1300.225 1298.649 1297.537 1296.425 1295.313 1294.201 1293.374 1292.719 1292.064 1291.41 1290.209 1282.025 1273.841 1265.657 1257.473 1248.227 1238.008 1227.789 1217.569 1207.35 1205.549 1203.999 1202.449 1200.899 1203.051 1210.312 1217.572 1224.833 1232.093 1243.601 1255.746
1292.548 1289.004 1285.285 1275.712 1266.139 1256.566 1246.993 1242.661 1244.047 1245.433 1246.819 1248.205 1256.406 1265.14 1273.873 1282.607 1289.418 1293.051 1296.683 1300.316 1303.949 1305.91 1307.52 1309.129 1310.739 1311.672 1310.825 1309.978 1309.131 1308.284 1306.531 1304.433 1302.335 1300.238 1298.279 1296.981 1295.683 1294.386 1293.088 1292.085 1291.26 1290.436 1289.612 1288.151 1278.551 1268.951 1259.351 1249.75 1240.558 1231.739 1222.92 1214.101 1205.282 1203.954 1202.849 1201.745 1200.64 1202.909 1209.83 1216.75 1223.672 1230.592 1241.932 1253.933
1296.046 1292.454 1288.709 1279.836 1270.963 1262.09 1253.217 1249.464 1251.296 1253.127 1254.958 1256.79 1264.167 1271.978 1279.789 1287.599 1293.562 1296.468 1299.374 1302.279 1305.185 1307.143 1308.901 1310.659 1312.417 1313.447 1312.557 1311.668 1310.778 1309.889 1307.816 1305.294 1302.772 1300.25 1297.909 1296.425 1294.942 1293.458 1291.975 1290.796 1289.802 1288.808 1287.814 1286.094 1275.077 1264.06 1253.044 1242.027 1232.888 1225.469 1218.051 1210.632 1203.214 1202.359 1201.7 1201.041 1200.382 1202.766 1209.348 1215.929 1222.51 1229.092 1240.262 1252.121
