data/zism_data/00087_04_D.txt
ncols         224
nrows         224
[rows 112 to 139 of 224, columns 0 to 63 of 224]
1570.282 1563.286 1556.29 1548.351 1539.321 1530.291 1521.261 1512.231 1509.662 1507.599 1505.535 1503.471 1503.392 1506.402 1509.412 1512.422 1515.432 1520.611 1526.157 1531.703 1537.248 1542.834 1548.505 1554.176 1559.847 1565.518 1567.463 1568.373 1569.283 1570.193 1570.254 1567.715 1565.176 1562.637 1560.098 1558.229 1556.633 1555.037 1553.442 1551.837 1550.188 1548.539 1546.89 1545.241 1542.679 1539.597 1536.516 1533.435 1530.368 1527.423 1524.479 1521.534 1518.59 1515.847 1513.259 1510.671 1508.084 1505.537 1504.367 1503.196 1502.026 1500.855 1500.125 1499.847
1574.309 1567.776 1561.243 1553.275 1543.647 1534.02 1524.392 1514.765 1511.539 1508.813 1506.087 1503.361 1502.627 1504.991 1507.355 1509.719 1512.083 1516.754 1521.815 1526.877 1531.938 1537.144 1542.659 1548.174 1553.688 1559.203 1561.375 1562.62 1563.863 1565.107 1565.48 1563.189 1560.897 1558.606 1556.315 1554.731 1553.437 1552.143 1550.849 1549.523 1548.052 1546.581 1545.109 1543.638 1541.357 1538.615 1535.872 1533.13 1530.387 1527.631 1524.875 1522.118 1519.362 1516.723 1514.173 1511.623 1509.073 1506.557 1505.198 1503.84 1502.481 1501.122 1500.277 1499.961
1578.336 1572.266 1566.195 1558.198 1547.973 1537.749 1527.524 1517.299 1513.415 1510.027 1506.639 1503.251 1501.861 1503.579 1505.298 1507.016 1508.734 1512.897 1517.474 1522.051 1526.628 1531.454 1536.813 1542.172 1547.53 1552.889 1555.288 1556.866 1558.444 1560.021 1560.707 1558.663 1556.619 1554.575 1552.531 1551.234 1550.241 1549.248 1548.255 1547.21 1545.917 1544.623 1543.329 1542.036 1540.035 1537.632 1535.229 1532.826 1530.406 1527.838 1525.271 1522.703 1520.135 1517.599 1515.086 1512.574 1510.062 1507.577 1506.03 1504.483 1502.936 1501.388 1500.429 1500.076
1582.362 1576.755 1571.148 1563.122 1552.299 1541.477 1530.655 1519.833 1515.292 1511.242 1507.191 1503.141 1501.096 1502.168 1503.24 1504.313 1505.385 1509.04 1513.133 1517.225 1521.318 1525.764 1530.967 1536.17 1541.372 1546.575 1549.201 1551.113 1553.024 1554.935 1555.933 1554.137 1552.341 1550.545 1548.749 1547.737 1547.045 1546.354 1545.663 1544.897 1543.781 1542.665 1541.549 1540.433 1538.713 1536.649 1534.585 1532.521 1530.425 1528.046 1525.666 1523.287 1520.908 1518.474 1516.0 1513.525 1511.05 1508.597 1506.862 1505.126 1503.391 1501.655 1500.582 1500.191
1586.389 1581.245 1576.1 1568.046 1556.626 1545.206 1533.786 1522.366 1517.168 1512.456 1507.744 1503.032 1500.33 1500.757 1501.183 1501.609 1502.036 1505.183 1508.791 1512.399 1516.008 1520.074 1525.121 1530.167 1535.214 1540.26 1543.114 1545.359 1547.604 1549.849 1551.16 1549.611 1548.063 1546.514 1544.965 1544.24 1543.85 1543.46 1543.07 1542.584 1541.646 1540.707 1539.769 1538.83 1537.391 1535.666 1533.941 1532.216 1530.444 1528.253 1526.062 1523.871 1521.68 1519.35 1516.913 1514.476 1512.039 1509.617 1507.693 1505.769 1503.845 1501.922 1500.734 1500.305
1587.517 1582.543 1577.568 1569.618 1558.227 1546.837 1535.447 1524.056 1518.542 1513.487 1508.432 1503.376 1500.347 1500.468 1500.59 1500.711 1500.833 1503.427 1506.441 1509.455 1512.469 1515.967 1520.502 1525.037 1529.572 1534.106 1536.958 1539.343 1541.727 1544.112 1545.617 1544.433 1543.25 1542.066 1540.882 1540.437 1540.294 1540.15 1540.006 1539.768 1539.076 1538.385 1537.694 1537.003 1535.715 1534.087 1532.459 1530.832 1529.156 1527.054 1524.953 1522.851 1520.75 1518.548 1516.27 1513.992 1511.713 1509.447 1507.576 1505.706 1503.836 1501.965 1500.798 1500.353
1587.289 1582.347 1577.404 1569.621 1558.553 1547.486 1536.419 1525.351 1519.681 1514.432 1509.183 1503.934 1500.73 1500.706 1500.682 1500.658 1500.634 1502.655 1505.023 1507.391 1509.759 1512.601 1516.458 1520.314 1524.171 1528.028 1530.77 1533.203 1535.636 1538.069 1539.714 1538.95 1538.186 1537.422 1536.659 1536.492 1536.569 1536.646 1536.723 1536.715 1536.304 1535.893 1535.482 1535.07 1533.873 1532.229 1530.586 1528.942 1527.256 1525.197 1523.139 1521.08 1519.022 1516.961 1514.898 1512.835 1510.772 1508.719 1507.016 1505.312 1503.609 1501.905 1500.819 1500.369
1587.061 1582.151 1577.24 1569.624 1558.88 1548.135 1537.391 1526.646 1520.819 1515.377 1509.934 1504.491 1501.112 1500.943 1500.774 1500.605 1500.435 1501.883 1503.605 1505.327 1507.049 1509.235 1512.414 1515.592 1518.77 1521.949 1524.582 1527.063 1529.544 1532.026 1533.811 1533.467 1533.123 1532.779 1532.435 1532.547 1532.844 1533.142 1533.44 1533.663 1533.532 1533.4 1533.269 1533.138 1532.032 1530.372 1528.712 1527.052 1525.356 1523.34 1521.325 1519.309 1517.294 1515.373 1513.526 1511.678 1509.83 1507.991 1506.455 1504.918 1503.382 1501.845 1500.841 1500.386
1586.832 1581.954 1577.076 1569.628 1559.206 1548.785 1538.363 1527.942 1521.958 1516.322 1510.685 1505.049 1501.495 1501.18 1500.866 1500.551 1500.237 1501.111 1502.187 1503.263 1504.339 1505.869 1508.37 1510.87 1513.37 1515.87 1518.393 1520.923 1523.453 1525.983 1527.908 1527.984 1528.06 1528.135 1528.211 1528.601 1529.12 1529.638 1530.157 1530.611 1530.76 1530.908 1531.057 1531.205 1530.19 1528.514 1526.838 1525.162 1523.456 1521.483 1519.511 1517.538 1515.566 1513.786 1512.153 1510.521 1508.889 1507.264 1505.894 1504.524 1503.154 1501.785 1500.863 1500.402
1586.67 1581.862 1577.055 1569.808 1559.741 1549.674 1539.607 1529.54 1523.384 1517.533 1511.683 1505.832 1502.076 1501.577 1501.079 1500.58 1500.082 1500.435 1500.932 1501.43 1501.927 1502.858 1504.715 1506.571 1508.427 1510.284 1512.653 1515.166 1517.678 1520.19 1522.197 1522.657 1523.116 1523.576 1524.036 1524.695 1525.436 1526.177 1526.917 1527.599 1528.005 1528.411 1528.817 1529.223 1528.295 1526.609 1524.923 1523.238 1521.527 1519.601 1517.676 1515.75 1513.824 1512.182 1510.76 1509.337 1507.914 1506.498 1505.296 1504.094 1502.891 1501.689 1500.853 1500.395
1586.95 1582.465 1577.98 1571.169 1561.667 1552.165 1542.663 1533.161 1526.722 1520.521 1514.321 1508.12 1503.978 1503.039 1502.099 1501.159 1500.219 1500.398 1500.766 1501.134 1501.503 1502.213 1503.655 1505.097 1506.539 1507.981 1509.903 1511.958 1514.012 1516.067 1517.765 1518.37 1518.975 1519.58 1520.185 1521.051 1522.023 1522.995 1523.967 1524.859 1525.373 1525.886 1526.4 1526.914 1526.045 1524.392 1522.738 1521.084 1519.41 1517.554 1515.698 1513.843 1511.987 1510.473 1509.223 1507.972 1506.722 1505.478 1504.448 1503.418 1502.388 1501.358 1500.636 1500.231
1587.229 1583.068 1578.906 1572.53 1563.593 1554.656 1545.719 1536.783 1530.059 1523.509 1516.959 1510.409 1505.881 1504.5 1503.119 1501.737 1500.356 1500.36 1500.6 1500.839 1501.078 1501.569 1502.596 1503.624 1504.651 1505.679 1507.152 1508.749 1510.347 1511.944 1513.332 1514.083 1514.833 1515.584 1516.334 1517.406 1518.61 1519.813 1521.017 1522.119 1522.74 1523.361 1523.983 1524.604 1523.795 1522.174 1520.553 1518.931 1517.293 1515.507 1513.721 1511.935 1510.15 1508.764 1507.685 1506.607 1505.529 1504.457 1503.599 1502.742 1501.884 1501.026 1500.418 1500.067
1587.509 1583.67 1579.831 1573.89 1565.519 1557.147 1548.776 1540.404 1533.397 1526.497 1519.597 1512.697 1507.784 1505.961 1504.139 1502.316 1500.493 1500.323 1500.433 1500.543 1500.653 1500.924 1501.537 1502.15 1502.763 1503.376 1504.401 1505.541 1506.681 1507.82 1508.9 1509.796 1510.692 1511.588 1512.484 1513.762 1515.197 1516.632 1518.067 1519.379 1520.108 1520.837 1521.565 1522.294 1521.545 1519.956 1518.367 1516.778 1515.176 1513.46 1511.744 1510.028 1508.312 1507.054 1506.148 1505.242 1504.336 1503.437 1502.751 1502.066 1501.38 1500.694 1500.2 1499.904
1587.789 1584.273 1580.757 1575.251 1567.445 1559.638 1551.832 1544.026 1536.735 1529.485 1522.235 1514.985 1509.686 1507.422 1505.158 1502.895 1500.631 1500.286 1500.267 1500.248 1500.229 1500.279 1500.478 1500.676 1500.875 1501.073 1501.651 1502.333 1503.015 1503.697 1504.468 1505.509 1506.55 1507.591 1508.633 1510.118 1511.784 1513.45 1515.116 1516.638 1517.475 1518.312 1519.148 1519.985 1519.295 1517.738 1516.182 1514.625 1513.059 1511.413 1509.767 1508.121 1506.475 1505.345 1504.611 1503.877 1503.143 1502.416 1501.903 1501.39 1500.876 1500.363 1499.983 1499.74
1589.151 1586.117 1583.083 1578.163 1571.062 1563.962 1556.861 1549.76 1542.303 1534.819 1527.334 1519.85 1514.066 1510.927 1507.788 1504.649 1501.51 1500.856 1500.624 1500.391 1500.158 1500.004 1500.016 1500.028 1500.04 1500.052 1500.374 1500.783 1501.192 1501.601 1502.155 1503.154 1504.154 1505.153 1506.152 1507.654 1509.362 1511.069 1512.776 1514.344 1515.244 1516.145 1517.045 1517.946 1517.33 1515.852 1514.374 1512.897 1511.41 1509.84 1508.27 1506.7 1505.131 1504.095 1503.472 1502.848 1502.224 1501.607 1501.222 1500.837 1500.453 1500.068 1499.778 1499.585
1591.298 1588.862 1586.425 1582.2 1575.907 1569.613 1563.32 1557.026 1549.489 1541.854 1534.218 1526.583 1520.242 1515.913 1511.585 1507.256 1502.928 1501.867 1501.36 1500.853 1500.345 1499.997 1499.987 1499.978 1499.968 1499.959 1500.167 1500.436 1500.705 1500.974 1501.379 1502.2 1503.022 1503.844 1504.665 1506.047 1507.658 1509.268 1510.879 1512.371 1513.304 1514.237 1515.17 1516.103 1515.57 1514.206 1512.841 1511.477 1510.099 1508.61 1507.121 1505.632 1504.143 1503.18 1502.62 1502.061 1501.502 1500.95 1500.662 1500.375 1500.087 1499.799 1499.582 1499.438
1593.445 1591.606 1589.767 1586.237 1580.751 1575.265 1569.779 1564.293 1556.674 1548.888 1541.102 1533.316 1526.418 1520.9 1515.382 1509.863 1504.345 1502.877 1502.096 1501.314 1500.532 1499.99 1499.959 1499.928 1499.897 1499.866 1499.96 1500.089 1500.218 1500.347 1500.603 1501.246 1501.891 1502.535 1503.179 1504.44 1505.954 1507.467 1508.981 1510.399 1511.364 1512.329 1513.295 1514.26 1513.811 1512.56 1511.308 1510.057 1508.789 1507.381 1505.973 1504.564 1503.156 1502.264 1501.769 1501.275 1500.78 1500.294 1500.103 1499.912 1499.721 1499.53 1499.386 1499.291
1595.592 1594.351 1593.109 1590.274 1585.595 1580.917 1576.238 1571.559 1563.859 1555.922 1547.986 1540.049 1532.594 1525.886 1519.178 1512.471 1505.763 1503.888 1502.832 1501.776 1500.719 1499.983 1499.931 1499.878 1499.826 1499.773 1499.753 1499.742 1499.731 1499.72 1499.826 1500.293 1500.759 1501.225 1501.692 1502.833 1504.25 1505.667 1507.083 1508.427 1509.425 1510.422 1511.419 1512.417 1512.052 1510.914 1509.775 1508.636 1507.479 1506.151 1504.824 1503.496 1502.169 1501.348 1500.918 1500.488 1500.058 1499.637 1499.543 1499.449 1499.355 1499.261 1499.19 1499.143
1597.692 1597.035 1596.378 1594.229 1590.354 1586.48 1582.605 1578.731 1570.975 1562.916 1554.856 1546.797 1538.809 1530.932 1523.054 1515.176 1507.299 1504.999 1503.645 1502.291 1500.937 1499.99 1499.914 1499.837 1499.76 1499.683 1499.552 1499.405 1499.258 1499.111 1499.072 1499.364 1499.657 1499.949 1500.242 1501.262 1502.579 1503.896 1505.213 1506.479 1507.506 1508.532 1509.559 1510.586 1510.305 1509.281 1508.257 1507.233 1506.187 1504.942 1503.698 1502.453 1501.209 1500.46 1500.093 1499.725 1499.357 1499.0 1499.0 1499.0 1499.0 1499.0 1499.0 1499.0
1598.203 1597.691 1597.179 1595.43 1592.249 1589.069 1585.889 1582.709 1575.762 1568.521 1561.28 1554.039 1546.349 1537.96 1529.571 1521.182 1512.793 1509.495 1507.059 1504.623 1502.187 1500.467 1500.277 1500.088 1499.898 1499.708 1499.552 1499.405 1499.258 1499.111 1499.059 1499.297 1499.536 1499.774 1500.013 1500.88 1502.003 1503.126 1504.25 1505.343 1506.294 1507.245 1508.197 1509.148 1508.946 1508.089 1507.232 1506.375 1505.495 1504.418 1503.34 1502.263 1501.185 1500.503 1500.125 1499.746 1499.368 1499.0 1499.0 1499.0 1499.0 1499.0 1499.0 1499.0
1598.713 1598.346 1597.98 1596.631 1594.145 1591.659 1589.173 1586.687 1580.55 1574.127 1567.704 1561.281 1553.889 1544.989 1536.089 1527.188 1518.288 1513.99 1510.472 1506.954 1503.437 1500.944 1500.641 1500.338 1500.035 1499.733 1499.552 1499.405 1499.258 1499.111 1499.046 1499.23 1499.415 1499.6 1499.784 1500.498 1501.427 1502.357 1503.287 1504.207 1505.083 1505.958 1506.834 1507.71 1507.587 1506.897 1506.207 1505.517 1504.804 1503.894 1502.983 1502.072 1501.162 1500.546 1500.156 1499.767 1499.378 1499.0 1499.0 1499.0 1499.0 1499.0 1499.0 1499.0
1599.223 1599.002 1598.781 1597.832 1596.04 1594.249 1592.457 1590.666 1585.337 1579.733 1574.128 1568.523 1561.429 1552.017 1542.606 1533.194 1523.783 1518.485 1513.886 1509.286 1504.686 1501.42 1501.005 1500.589 1500.173 1499.757 1499.552 1499.405 1499.258 1499.111 1499.032 1499.163 1499.294 1499.425 1499.556 1500.116 1500.852 1501.588 1502.323 1503.071 1503.871 1504.672 1505.472 1506.273 1506.229 1505.706 1505.182 1504.659 1504.113 1503.369 1502.626 1501.882 1501.138 1500.589 1500.188 1499.788 1499.388 1499.0 1499.0 1499.0 1499.0 1499.0 1499.0 1499.0
1599.734 1599.658 1599.582 1599.033 1597.936 1596.839 1595.741 1594.644 1590.125 1585.338 1580.552 1575.765 1568.969 1559.046 1549.123 1539.2 1529.277 1522.981 1517.299 1511.617 1505.936 1501.897 1501.368 1500.839 1500.311 1499.782 1499.552 1499.405 1499.258 1499.111 1499.019 1499.096 1499.173 1499.25 1499.327 1499.734 1500.276 1500.818 1501.36 1501.934 1502.659 1503.385 1504.11 1504.835 1504.87 1504.514 1504.157 1503.801 1503.422 1502.845 1502.268 1501.691 1501.114 1500.631 1500.22 1499.81 1499.399 1499.0 1499.0 1499.0 1499.0 1499.0 1499.0 1499.0
1599.326 1599.357 1599.388 1599.145 1598.585 1598.025 1597.466 1596.906 1593.146 1589.136 1585.127 1581.117 1574.771 1564.789 1554.808 1544.827 1534.846 1527.711 1521.058 1514.405 1507.752 1502.973 1502.198 1501.422 1500.646 1499.87 1499.599 1499.467 1499.336 1499.204 1499.111 1499.134 1499.157 1499.181 1499.204 1499.483 1499.868 1500.252 1500.636 1501.055 1501.638 1502.221 1502.804 1503.386 1503.439 1503.19 1502.941 1502.692 1502.426 1502.0 1501.575 1501.149 1500.724 1500.343 1499.996 1499.649 1499.302 1498.965 1498.973 1498.981 1498.988 1498.996 1499.0 1499.0
1597.917 1598.013 1598.108 1598.069 1597.876 1597.682 1597.488 1597.294 1594.24 1590.962 1587.685 1584.407 1578.677 1569.132 1559.587 1550.041 1540.496 1532.697 1525.194 1517.69 1510.187 1504.704 1503.535 1502.366 1501.198 1500.029 1499.697 1499.598 1499.499 1499.4 1499.317 1499.287 1499.256 1499.226 1499.195 1499.375 1499.641 1499.907 1500.172 1500.456 1500.824 1501.191 1501.559 1501.926 1501.928 1501.722 1501.517 1501.311 1501.096 1500.806 1500.515 1500.224 1499.933 1499.692 1499.491 1499.289 1499.088 1498.892 1498.916 1498.94 1498.964 1498.988 1499.0 1499.0
1596.508 1596.668 1596.828 1596.994 1597.166 1597.339 1597.511 1597.683 1595.334 1592.788 1590.243 1587.697 1582.583 1573.474 1564.365 1555.255 1546.146 1537.683 1529.329 1520.976 1512.622 1506.434 1504.872 1503.311 1501.749 1500.188 1499.796 1499.729 1499.662 1499.595 1499.524 1499.439 1499.355 1499.271 1499.186 1499.266 1499.414 1499.561 1499.709 1499.857 1500.009 1500.161 1500.314 1500.466 1500.417 1500.255 1500.092 1499.929 1499.767 1499.611 1499.454 1499.298 1499.142 1499.042 1498.986 1498.929 1498.873 1498.82 1498.86 1498.9 1498.94 1498.98 1499.0 1499.0
1595.099 1595.324 1595.548 1595.919 1596.457 1596.995 1597.533 1598.072 1596.428 1594.615 1592.801 1590.987 1586.489 1577.816 1569.143 1560.469 1551.796 1542.669 1533.465 1524.261 1515.057 1508.164 1506.21 1504.255 1502.301 1500.346 1499.894 1499.86 1499.825 1499.79 1499.73 1499.592 1499.454 1499.316 1499.177 1499.158 1499.187 1499.216 1499.245 1499.258 1499.195 1499.132 1499.069 1499.006 1498.907 1498.787 1498.667 1498.548 1498.438 1498.416 1498.394 1498.373 1498.351 1498.392 1498.481 1498.57 1498.659 1498.747 1498.803 1498.859 1498.915 1498.972 1499.0 1499.0
1593.69 1593.979 1594.269 1594.843 1595.747 1596.652 1597.556 1598.46 1597.522 1596.44 1595.359 1594.277 1590.395 1582.158 1573.921 1565.683 1557.446 1547.655 1537.601 1527.546 1517.492 1509.894 1507.547 1505.2 1502.852 1500.505 1499.993 1499.99 1499.988 1499.986 1499.937 1499.745 1499.553 1499.361 1499.169 1499.049 1498.96 1498.871 1498.781 1498.659 1498.381 1498.102 1497.824 1497.546 1497.396 1497.319 1497.243 1497.166 1497.109 1497.222 1497.334 1497.447 1497.56 1497.741 1497.976 1498.21 1498.444 1498.674 1498.746 1498.819 1498.891 1498.963 1499.0 1499.0
