data/zism_data/00089_02_D.txt
ncols         224
nrows         224
[rows 196 to 223 of 224, columns 0 to 62 of 224]
1410.577 1402.688 1395.041 1387.457 1379.872 1372.288 1364.704 1357.123 1349.542 1341.96 1334.379 1331.771 1331.45 1331.129 1330.808 1331.202 1336.412 1341.624 1346.835 1352.046 1353.402 1351.889 1350.376 1348.863 1347.471 1352.867 1358.263 1363.659 1369.055 1375.995 1384.737 1393.479 1402.221 1410.963 1418.024 1424.911 1431.797 1438.684 1444.773 1449.379 1453.986 1458.592 1463.199 1463.566 1462.835 1462.104 1461.373 1458.781 1450.24 1441.7 1433.159 1424.619 1419.175 1415.172 1411.169 1407.166 1404.34 1409.63 1414.92 1420.21 1425.5 1436.979 1453.111
1418.261 1410.116 1401.888 1393.64 1385.392 1377.144 1368.707 1359.671 1350.634 1341.598 1332.562 1328.641 1327.072 1325.502 1323.933 1323.169 1327.834 1332.498 1337.162 1341.827 1343.001 1341.579 1340.156 1338.734 1337.436 1343.134 1348.832 1354.53 1360.228 1367.539 1376.731 1385.923 1395.115 1404.307 1411.512 1418.511 1425.51 1432.509 1438.53 1442.737 1446.944 1451.151 1455.358 1455.437 1454.447 1453.457 1452.467 1449.81 1441.825 1433.84 1425.856 1417.871 1413.425 1410.625 1407.824 1405.024 1403.415 1410.015 1416.616 1423.216 1429.817 1442.068 1458.568
1426.929 1418.714 1410.107 1401.4 1392.693 1383.986 1374.91 1364.673 1354.436 1344.199 1333.962 1328.748 1325.844 1322.941 1320.037 1317.978 1321.606 1325.235 1328.864 1332.493 1333.339 1332.114 1330.889 1329.664 1328.557 1334.068 1339.579 1345.09 1350.602 1357.955 1367.456 1376.958 1386.46 1395.961 1403.51 1410.856 1418.202 1425.547 1431.679 1435.554 1439.43 1443.306 1447.182 1447.067 1445.916 1444.766 1443.616 1441.049 1433.956 1426.862 1419.769 1412.676 1409.42 1407.949 1406.477 1405.006 1404.737 1412.752 1420.767 1428.782 1436.797 1449.725 1466.348
1435.596 1427.312 1418.325 1409.159 1399.993 1390.827 1381.113 1369.675 1358.237 1346.799 1335.361 1328.855 1324.617 1320.38 1316.142 1312.786 1315.379 1317.973 1320.566 1323.16 1323.677 1322.65 1321.622 1320.594 1319.678 1325.002 1330.327 1335.651 1340.976 1348.371 1358.182 1367.994 1377.805 1387.616 1395.508 1403.201 1410.893 1418.586 1424.827 1428.372 1431.917 1435.462 1439.007 1438.696 1437.386 1436.075 1434.765 1432.289 1426.087 1419.885 1413.683 1407.481 1405.415 1405.273 1405.131 1404.989 1406.059 1415.488 1424.918 1434.347 1443.776 1457.382 1474.127
1444.263 1435.909 1426.543 1416.918 1407.293 1397.668 1387.317 1374.678 1362.039 1349.4 1336.761 1328.963 1323.39 1317.818 1312.246 1307.594 1309.152 1310.71 1312.268 1313.826 1314.015 1313.185 1312.355 1311.525 1310.799 1315.937 1321.074 1326.212 1331.349 1338.788 1348.908 1359.029 1369.15 1379.27 1387.506 1395.546 1403.585 1411.625 1417.976 1421.19 1424.404 1427.618 1430.832 1430.326 1428.855 1427.385 1425.914 1423.528 1418.218 1412.907 1407.597 1402.286 1401.41 1402.597 1403.784 1404.971 1407.381 1418.225 1429.069 1439.912 1450.756 1465.039 1481.907
1452.541 1444.139 1434.489 1424.521 1414.552 1404.584 1393.735 1380.114 1366.492 1352.87 1339.248 1330.191 1323.234 1316.276 1309.318 1303.332 1303.895 1304.459 1305.023 1305.587 1305.461 1304.821 1304.182 1303.542 1302.999 1307.851 1312.704 1317.556 1322.409 1329.745 1339.978 1350.21 1360.443 1370.675 1379.158 1387.458 1395.758 1404.058 1410.464 1413.352 1416.239 1419.126 1422.014 1421.36 1419.788 1418.216 1416.644 1414.412 1410.069 1405.725 1401.382 1397.038 1397.409 1399.974 1402.538 1405.102 1408.887 1421.089 1433.29 1445.492 1457.693 1472.569 1489.454
1458.244 1449.932 1440.636 1431.09 1421.543 1411.996 1401.579 1388.416 1375.253 1362.09 1348.928 1338.834 1330.152 1321.471 1312.789 1305.208 1305.052 1304.895 1304.738 1304.581 1304.23 1303.735 1303.239 1302.744 1302.326 1306.244 1310.163 1314.081 1318.0 1324.281 1333.318 1342.355 1351.392 1360.429 1368.518 1376.509 1384.5 1392.49 1398.59 1401.179 1403.767 1406.356 1408.944 1408.458 1407.174 1405.891 1404.607 1402.944 1400.068 1397.193 1394.317 1391.441 1393.437 1397.699 1401.96 1406.222 1411.614 1424.797 1437.981 1451.164 1464.348 1479.258 1495.465
1463.946 1455.725 1446.784 1437.659 1428.534 1419.409 1409.422 1396.718 1384.014 1371.311 1358.607 1347.477 1337.071 1326.666 1316.26 1307.085 1306.208 1305.33 1304.453 1303.576 1303.0 1302.649 1302.297 1301.946 1301.653 1304.637 1307.622 1310.606 1313.591 1318.817 1326.659 1334.5 1342.341 1350.183 1357.879 1365.56 1373.241 1380.922 1386.717 1389.006 1391.296 1393.585 1395.875 1395.556 1394.56 1393.565 1392.57 1391.476 1390.068 1388.66 1387.252 1385.845 1389.465 1395.423 1401.382 1407.341 1414.34 1428.505 1442.671 1456.837 1471.002 1485.947 1501.477
1469.648 1461.518 1452.932 1444.228 1435.525 1426.821 1417.265 1405.02 1392.776 1380.531 1368.286 1356.12 1343.99 1331.861 1319.731 1308.961 1307.364 1305.766 1304.168 1302.57 1301.769 1301.562 1301.355 1301.148 1300.98 1303.03 1305.081 1307.131 1309.182 1313.354 1319.999 1326.645 1333.291 1339.937 1347.24 1354.611 1361.983 1369.354 1374.843 1376.833 1378.824 1380.815 1382.806 1382.654 1381.947 1381.24 1380.532 1380.008 1380.068 1380.128 1380.188 1380.248 1385.492 1393.148 1400.805 1408.461 1417.066 1432.214 1447.362 1462.509 1477.657 1492.636 1507.488
1475.351 1467.312 1459.079 1450.797 1442.516 1434.234 1425.108 1413.323 1401.537 1389.751 1377.965 1364.763 1350.909 1337.056 1323.202 1310.838 1308.52 1306.201 1303.883 1301.564 1300.539 1300.476 1300.413 1300.35 1300.307 1301.423 1302.54 1303.656 1304.773 1307.89 1313.34 1318.79 1324.24 1329.69 1336.601 1343.662 1350.724 1357.786 1362.969 1364.661 1366.353 1368.044 1369.736 1369.752 1369.333 1368.914 1368.495 1368.54 1370.068 1371.595 1373.123 1374.651 1381.52 1390.873 1400.227 1409.58 1419.792 1435.922 1452.052 1468.182 1484.312 1499.325 1513.499
1479.97 1472.081 1463.976 1455.816 1447.656 1439.496 1430.543 1419.09 1407.638 1396.185 1384.732 1371.196 1356.701 1342.206 1327.711 1314.747 1312.101 1309.455 1306.809 1304.163 1302.979 1302.883 1302.787 1302.691 1302.6 1302.804 1303.007 1303.21 1303.413 1305.472 1309.693 1313.915 1318.137 1322.358 1328.389 1334.607 1340.825 1347.044 1351.568 1352.946 1354.324 1355.702 1357.08 1357.217 1357.032 1356.847 1356.663 1357.16 1359.838 1362.515 1365.193 1367.87 1376.146 1387.026 1397.906 1408.786 1420.397 1437.053 1453.709 1470.365 1487.021 1501.906 1515.459
1483.744 1476.053 1467.899 1459.627 1451.355 1443.083 1434.101 1422.884 1411.666 1400.448 1389.23 1375.906 1361.614 1347.322 1333.03 1320.24 1317.572 1314.905 1312.238 1309.57 1308.279 1308.013 1307.746 1307.479 1307.205 1306.511 1305.818 1305.125 1304.431 1305.428 1308.395 1311.362 1314.33 1317.297 1322.068 1327.027 1331.986 1336.944 1340.536 1341.588 1342.641 1343.693 1344.745 1344.968 1344.975 1344.983 1344.99 1345.849 1349.429 1353.008 1356.588 1360.167 1369.68 1381.953 1394.226 1406.499 1419.349 1436.175 1453.002 1469.829 1486.656 1501.285 1514.262
1487.519 1480.025 1471.822 1463.438 1455.054 1446.67 1437.659 1426.677 1415.693 1404.711 1393.728 1380.617 1366.528 1352.438 1338.349 1325.733 1323.044 1320.355 1317.667 1314.978 1313.58 1313.142 1312.705 1312.267 1311.809 1310.219 1308.629 1307.039 1305.449 1305.384 1307.097 1308.81 1310.523 1312.235 1315.748 1319.447 1323.146 1326.845 1329.504 1330.231 1330.957 1331.684 1332.411 1332.719 1332.919 1333.118 1333.318 1334.538 1339.02 1343.501 1347.983 1352.464 1363.214 1376.88 1390.547 1404.213 1418.301 1435.298 1452.296 1469.293 1486.291 1500.664 1513.064
1491.294 1483.998 1475.745 1467.249 1458.753 1450.256 1441.218 1430.47 1419.722 1408.974 1398.225 1385.328 1371.441 1357.555 1343.668 1331.226 1328.516 1325.806 1323.095 1320.385 1318.88 1318.272 1317.664 1317.055 1316.414 1313.927 1311.44 1308.953 1306.467 1305.34 1305.798 1306.257 1306.715 1307.174 1309.427 1311.866 1314.306 1316.745 1318.471 1318.873 1319.274 1319.675 1320.076 1320.47 1320.861 1321.253 1321.645 1323.226 1328.61 1333.994 1339.378 1344.761 1356.748 1371.807 1386.867 1401.926 1417.252 1434.42 1451.589 1468.757 1485.926 1500.043 1511.867
1495.068 1487.97 1479.668 1471.06 1462.452 1453.843 1444.776 1434.263 1423.749 1413.236 1402.723 1390.038 1376.354 1362.671 1348.987 1336.718 1333.987 1331.256 1328.524 1325.793 1324.181 1323.401 1322.622 1321.843 1321.018 1317.635 1314.251 1310.868 1307.484 1305.296 1304.5 1303.704 1302.908 1302.113 1303.106 1304.286 1305.466 1306.646 1307.439 1307.515 1307.59 1307.666 1307.741 1308.221 1308.805 1309.389 1309.973 1311.915 1318.201 1324.487 1330.772 1337.058 1350.283 1366.735 1383.187 1399.639 1416.204 1433.543 1450.882 1468.221 1485.561 1499.422 1510.67
1496.417 1489.145 1480.714 1471.989 1463.263 1454.537 1445.483 1435.396 1425.308 1415.22 1405.133 1394.074 1382.57 1371.066 1359.562 1349.259 1347.057 1344.855 1342.654 1340.452 1338.962 1338.001 1337.041 1336.08 1335.052 1330.22 1325.389 1320.558 1315.727 1312.02 1309.626 1307.232 1304.837 1302.443 1302.889 1303.63 1304.372 1305.113 1305.61 1305.651 1305.693 1305.734 1305.775 1306.148 1306.606 1307.064 1307.522 1309.409 1315.86 1322.311 1328.762 1335.214 1348.465 1364.88 1381.294 1397.709 1414.162 1430.883 1447.604 1464.324 1481.044 1494.696 1506.04
1497.747 1490.299 1481.74 1472.896 1464.053 1455.21 1446.17 1436.509 1426.848 1417.188 1407.527 1398.106 1388.795 1379.485 1370.174 1361.851 1360.183 1358.515 1356.847 1355.179 1353.812 1352.67 1351.528 1350.386 1349.154 1342.871 1336.588 1330.305 1324.022 1318.795 1314.799 1310.804 1306.808 1302.812 1302.716 1303.025 1303.334 1303.644 1303.848 1303.857 1303.866 1303.876 1303.885 1304.149 1304.479 1304.809 1305.139 1306.966 1313.578 1320.189 1326.801 1333.412 1346.681 1363.048 1379.415 1395.781 1412.114 1428.21 1444.306 1460.402 1476.498 1489.939 1501.384
1499.078 1491.453 1482.765 1473.804 1464.843 1455.883 1446.856 1437.623 1428.389 1419.155 1409.922 1402.138 1395.021 1387.904 1380.787 1374.443 1373.308 1372.174 1371.04 1369.906 1368.663 1367.339 1366.016 1364.692 1363.257 1355.522 1347.787 1340.052 1332.317 1325.57 1319.973 1314.376 1308.779 1303.182 1302.543 1302.42 1302.297 1302.174 1302.086 1302.063 1302.04 1302.018 1301.995 1302.151 1302.353 1302.555 1302.757 1304.524 1311.296 1318.067 1324.839 1331.61 1344.898 1361.216 1377.535 1393.854 1410.065 1425.536 1441.008 1456.48 1471.951 1485.182 1496.729
1500.408 1492.608 1483.79 1474.711 1465.633 1456.555 1447.543 1438.736 1429.929 1421.123 1412.316 1406.169 1401.246 1396.323 1391.399 1387.035 1386.434 1385.834 1385.233 1384.633 1383.514 1382.009 1380.504 1378.999 1377.359 1368.172 1358.986 1349.799 1340.613 1332.344 1325.146 1317.948 1310.75 1303.552 1302.371 1301.815 1301.26 1300.704 1300.324 1300.269 1300.214 1300.16 1300.105 1300.152 1300.226 1300.3 1300.374 1302.082 1309.014 1315.945 1322.877 1329.809 1343.114 1359.385 1375.656 1391.926 1408.016 1422.863 1437.71 1452.557 1467.404 1480.426 1492.073
1501.19 1493.344 1484.47 1475.333 1466.197 1457.06 1448.156 1439.984 1431.812 1423.64 1415.468 1410.738 1407.59 1404.443 1401.295 1398.525 1398.295 1398.066 1397.836 1397.607 1396.562 1394.909 1393.256 1391.604 1389.809 1380.011 1370.213 1360.415 1350.617 1341.4 1332.858 1324.316 1315.774 1307.233 1305.13 1303.697 1302.264 1300.831 1299.83 1299.633 1299.436 1299.238 1299.041 1299.0 1299.0 1299.0 1299.0 1300.635 1307.494 1314.353 1321.212 1328.071 1341.006 1356.767 1372.529 1388.291 1403.869 1418.182 1432.495 1446.807 1461.12 1474.054 1485.95
1501.224 1493.512 1484.682 1475.566 1466.451 1457.335 1448.668 1441.415 1434.161 1426.907 1419.653 1416.039 1414.097 1412.156 1410.214 1408.514 1408.434 1408.354 1408.274 1408.194 1407.154 1405.4 1403.646 1401.892 1400.007 1390.743 1381.479 1372.214 1362.95 1353.562 1344.027 1334.492 1324.958 1315.423 1311.883 1308.967 1306.05 1303.133 1301.065 1300.574 1300.083 1299.592 1299.101 1299.0 1299.0 1299.0 1299.0 1300.542 1307.011 1313.481 1319.95 1326.419 1338.455 1353.079 1367.704 1382.329 1396.862 1410.764 1424.666 1438.568 1452.47 1465.483 1477.828
1501.258 1493.679 1484.893 1475.799 1466.705 1457.611 1449.181 1442.846 1436.51 1430.174 1423.839 1421.339 1420.604 1419.869 1419.134 1418.503 1418.572 1418.642 1418.711 1418.781 1417.747 1415.891 1414.036 1412.18 1410.205 1401.474 1392.744 1384.014 1375.283 1365.724 1355.196 1344.669 1334.142 1323.614 1318.637 1314.236 1309.835 1305.435 1302.3 1301.515 1300.731 1299.946 1299.161 1299.0 1299.0 1299.0 1299.0 1300.449 1306.529 1312.608 1318.688 1324.768 1335.904 1349.391 1362.879 1376.367 1389.855 1403.346 1416.837 1430.328 1443.819 1456.912 1469.705
1501.292 1493.846 1485.105 1476.032 1466.959 1457.887 1449.694 1444.277 1438.859 1433.441 1428.024 1426.64 1427.111 1427.582 1428.053 1428.492 1428.711 1428.93 1429.149 1429.368 1428.339 1426.382 1424.425 1422.469 1420.403 1412.206 1404.01 1395.813 1387.616 1377.885 1366.365 1354.845 1343.325 1331.805 1325.39 1319.505 1313.621 1307.737 1303.534 1302.456 1301.378 1300.3 1299.222 1299.0 1299.0 1299.0 1299.0 1300.356 1306.046 1311.736 1317.426 1323.117 1333.353 1345.703 1358.055 1370.406 1382.849 1395.929 1409.009 1422.089 1435.169 1448.341 1461.582
1501.326 1494.014 1485.316 1476.265 1467.214 1458.162 1450.207 1445.708 1441.208 1436.708 1432.209 1431.94 1433.618 1435.295 1436.972 1438.481 1438.849 1439.218 1439.586 1439.954 1438.932 1436.873 1434.815 1432.757 1430.601 1422.938 1415.275 1407.612 1399.949 1390.047 1377.535 1365.022 1352.509 1339.996 1332.143 1324.775 1317.407 1310.039 1304.769 1303.397 1302.026 1300.654 1299.282 1299.0 1299.0 1299.0 1299.0 1300.263 1305.564 1310.864 1316.165 1321.465 1330.802 1342.016 1353.23 1364.444 1375.842 1388.511 1401.18 1413.849 1426.518 1439.77 1453.46
1503.556 1497.02 1489.078 1480.778 1472.477 1464.176 1456.941 1453.063 1449.185 1445.307 1441.429 1441.387 1443.108 1444.83 1446.551 1448.079 1448.305 1448.531 1448.758 1448.984 1447.709 1445.317 1442.925 1440.532 1438.053 1430.669 1423.284 1415.9 1408.516 1398.96 1386.872 1374.784 1362.696 1350.608 1341.781 1333.294 1324.807 1316.319 1309.953 1307.526 1305.1 1302.673 1300.247 1299.617 1299.453 1299.289 1299.125 1300.118 1304.81 1309.502 1314.194 1318.886 1328.066 1339.333 1350.6 1361.866 1373.378 1386.58 1399.782 1412.983 1426.185 1439.541 1453.014
1506.161 1500.512 1493.448 1486.022 1478.597 1471.172 1464.738 1461.432 1458.125 1454.818 1451.511 1451.543 1453.109 1454.676 1456.243 1457.611 1457.645 1457.679 1457.713 1457.747 1456.176 1453.41 1450.644 1447.879 1445.036 1437.887 1430.737 1423.588 1416.438 1407.317 1395.896 1384.475 1373.054 1361.634 1351.913 1342.368 1332.824 1323.28 1315.812 1312.201 1308.589 1304.978 1301.366 1300.34 1299.984 1299.628 1299.271 1299.964 1304.01 1308.057 1312.103 1316.149 1325.298 1336.821 1348.344 1359.868 1371.691 1385.586 1399.482 1413.377 1427.273 1440.738 1453.88
1508.767 1504.004 1497.817 1491.267 1484.717 1478.167 1472.536 1469.8 1467.064 1464.329 1461.593 1461.698 1463.11 1464.522 1465.934 1467.143 1466.985 1466.826 1466.668 1466.51 1464.643 1461.503 1458.364 1455.224 1452.019 1445.104 1438.19 1431.275 1424.361 1415.674 1404.92 1394.166 1383.413 1372.659 1362.044 1351.443 1340.842 1330.241 1321.671 1316.875 1312.078 1307.282 1302.486 1301.063 1300.515 1299.966 1299.418 1299.81 1303.211 1306.611 1310.011 1313.412 1322.531 1334.31 1346.089 1357.869 1370.004 1384.593 1399.183 1413.772 1428.361 1441.935 1454.746
1511.373 1507.495 1502.186 1496.511 1490.837 1485.162 1480.333 1478.168 1476.004 1473.839 1471.675 1471.854 1473.111 1474.368 1475.625 1476.674 1476.324 1475.974 1475.623 1475.273 1473.109 1469.597 1466.083 1462.57 1459.002 1452.322 1445.643 1438.963 1432.283 1424.031 1413.944 1403.858 1393.771 1383.685 1372.175 1360.517 1348.859 1337.201 1327.53 1321.549 1315.568 1309.586 1303.605 1301.786 1301.045 1300.305 1299.564 1299.656 1302.411 1305.166 1307.92 1310.675 1319.763 1331.799 1343.834 1355.87 1368.317 1383.6 1398.883 1414.166 1429.449 1443.132 1455.612
