data/zism_data/00082_03_D.txt
ncols         224
nrows         224
[rows 186 to 216 of 224, columns 0 to 70 of 224]
1600.945 1600.96 1600.975 1600.989 1601.061 1601.281 1601.502 1601.722 1601.943 1602.022 1602.051 1602.08 1602.11 1602.154 1602.257 1602.36 1602.463 1602.566 1602.6 1602.6 1602.6 1602.6 1602.59 1602.511 1602.433 1602.355 1602.276 1602.274 1602.323 1602.372 1602.421 1602.467 1602.467 1602.467 1602.467 1602.467 1602.52 1602.623 1602.726 1602.829 1602.932 1603.073 1603.215 1603.357 1603.5 1603.626 1603.734 1603.842 1603.949 1604.057 1604.094 1604.123 1604.152 1604.182 1604.174 1604.106 1604.037 1603.968 1603.9 1604.033 1604.204 1604.376 1604.547 1604.667 1604.667 1604.667 1604.667 1604.667 1604.667 1604.667 1604.667
1600.925 1600.945 1600.965 1600.985 1601.061 1601.281 1601.502 1601.722 1601.943 1602.03 1602.07 1602.11 1602.15 1602.21 1602.351 1602.491 1602.632 1602.772 1602.819 1602.819 1602.819 1602.819 1602.808 1602.719 1602.629 1602.54 1602.451 1602.46 1602.536 1602.612 1602.688 1602.759 1602.759 1602.759 1602.759 1602.759 1602.804 1602.891 1602.978 1603.064 1603.151 1603.308 1603.467 1603.625 1603.783 1603.904 1603.979 1604.055 1604.131 1604.206 1604.249 1604.29 1604.33 1604.37 1604.373 1604.315 1604.257 1604.199 1604.142 1604.299 1604.497 1604.696 1604.894 1605.032 1605.032 1605.032 1605.032 1605.032 1605.032 1605.032 1605.032
1600.902 1600.928 1600.954 1600.981 1601.061 1601.281 1601.502 1601.722 1601.943 1602.039 1602.092 1602.144 1602.197 1602.274 1602.444 1602.615 1602.785 1602.956 1603.017 1603.022 1603.028 1603.033 1603.026 1602.932 1602.838 1602.743 1602.649 1602.667 1602.761 1602.855 1602.95 1603.038 1603.038 1603.038 1603.038 1603.038 1603.075 1603.146 1603.217 1603.287 1603.358 1603.532 1603.709 1603.885 1604.061 1604.182 1604.234 1604.287 1604.34 1604.393 1604.44 1604.487 1604.535 1604.582 1604.593 1604.546 1604.499 1604.452 1604.405 1604.583 1604.803 1605.023 1605.244 1605.397 1605.397 1605.397 1605.397 1605.397 1605.397 1605.397 1605.397
1600.862 1600.899 1600.936 1600.973 1601.061 1601.281 1601.502 1601.722 1601.943 1602.055 1602.129 1602.203 1602.278 1602.37 1602.535 1602.7 1602.866 1603.031 1603.111 1603.149 1603.187 1603.225 1603.248 1603.175 1603.103 1603.03 1602.957 1602.971 1603.044 1603.116 1603.189 1603.258 1603.258 1603.258 1603.258 1603.258 1603.286 1603.341 1603.395 1603.45 1603.504 1603.705 1603.908 1604.111 1604.314 1604.459 1604.533 1604.608 1604.682 1604.756 1604.796 1604.832 1604.869 1604.905 1604.914 1604.878 1604.841 1604.805 1604.768 1604.948 1605.168 1605.389 1605.609 1605.763 1605.763 1605.763 1605.763 1605.763 1605.763 1605.763 1605.763
1600.822 1600.87 1600.917 1600.965 1601.061 1601.281 1601.502 1601.722 1601.943 1602.071 1602.167 1602.262 1602.358 1602.467 1602.626 1602.786 1602.946 1603.106 1603.206 1603.276 1603.346 1603.416 1603.47 1603.419 1603.368 1603.316 1603.265 1603.275 1603.326 1603.377 1603.428 1603.477 1603.477 1603.477 1603.477 1603.477 1603.497 1603.535 1603.574 1603.612 1603.651 1603.878 1604.108 1604.337 1604.567 1604.737 1604.833 1604.928 1605.024 1605.12 1605.151 1605.177 1605.203 1605.228 1605.235 1605.209 1605.183 1605.158 1605.132 1605.313 1605.534 1605.754 1605.975 1606.128 1606.128 1606.128 1606.128 1606.128 1606.128 1606.128 1606.128
1600.782 1600.84 1600.899 1600.958 1601.061 1601.281 1601.502 1601.722 1601.943 1602.087 1602.204 1602.321 1602.438 1602.563 1602.717 1602.872 1603.026 1603.18 1603.3 1603.402 1603.505 1603.607 1603.692 1603.662 1603.633 1603.603 1603.573 1603.579 1603.608 1603.638 1603.668 1603.696 1603.696 1603.696 1603.696 1603.696 1603.708 1603.73 1603.752 1603.775 1603.797 1604.05 1604.307 1604.564 1604.82 1605.014 1605.132 1605.249 1605.366 1605.483 1605.507 1605.522 1605.537 1605.552 1605.555 1605.54 1605.526 1605.511 1605.496 1605.679 1605.899 1606.12 1606.34 1606.493 1606.493 1606.493 1606.493 1606.493 1606.493 1606.493 1606.493
1600.742 1600.811 1600.88 1600.95 1601.061 1601.281 1601.502 1601.722 1601.943 1602.103 1602.241 1602.38 1602.519 1602.659 1602.808 1602.957 1603.106 1603.255 1603.395 1603.529 1603.664 1603.798 1603.914 1603.906 1603.897 1603.889 1603.881 1603.882 1603.891 1603.899 1603.907 1603.915 1603.915 1603.915 1603.915 1603.915 1603.918 1603.925 1603.931 1603.937 1603.943 1604.223 1604.506 1604.79 1605.073 1605.292 1605.431 1605.569 1605.708 1605.847 1605.862 1605.867 1605.871 1605.875 1605.876 1605.872 1605.868 1605.864 1605.859 1606.044 1606.264 1606.485 1606.705 1606.859 1606.859 1606.859 1606.859 1606.859 1606.859 1606.859 1606.859
1600.642 1600.722 1600.802 1600.882 1601.005 1601.238 1601.472 1601.705 1601.939 1602.116 1602.273 1602.43 1602.587 1602.745 1602.908 1603.072 1603.235 1603.398 1603.546 1603.687 1603.827 1603.968 1604.09 1604.09 1604.09 1604.09 1604.09 1604.095 1604.105 1604.115 1604.125 1604.135 1604.155 1604.175 1604.195 1604.215 1604.224 1604.224 1604.224 1604.224 1604.224 1604.491 1604.762 1605.033 1605.304 1605.52 1605.671 1605.821 1605.971 1606.121 1606.152 1606.172 1606.192 1606.212 1606.224 1606.224 1606.224 1606.224 1606.224 1606.384 1606.575 1606.766 1606.957 1607.099 1607.128 1607.158 1607.188 1607.217 1607.224 1607.224 1607.224
1600.505 1600.595 1600.686 1600.777 1600.913 1601.168 1601.423 1601.678 1601.933 1602.128 1602.301 1602.474 1602.647 1602.823 1603.013 1603.204 1603.394 1603.584 1603.734 1603.864 1603.993 1604.123 1604.236 1604.236 1604.236 1604.236 1604.236 1604.251 1604.277 1604.303 1604.329 1604.357 1604.409 1604.461 1604.513 1604.564 1604.589 1604.589 1604.589 1604.589 1604.589 1604.819 1605.052 1605.286 1605.519 1605.718 1605.873 1606.029 1606.184 1606.34 1606.401 1606.453 1606.505 1606.557 1606.589 1606.589 1606.589 1606.589 1606.589 1606.709 1606.852 1606.994 1607.137 1607.26 1607.337 1607.415 1607.493 1607.571 1607.589 1607.589 1607.589
1600.367 1600.469 1600.57 1600.672 1600.822 1601.098 1601.375 1601.651 1601.928 1602.14 1602.329 1602.518 1602.707 1602.902 1603.119 1603.336 1603.553 1603.77 1603.922 1604.041 1604.16 1604.278 1604.382 1604.382 1604.382 1604.382 1604.382 1604.407 1604.449 1604.491 1604.533 1604.578 1604.662 1604.746 1604.83 1604.914 1604.955 1604.955 1604.955 1604.955 1604.955 1605.148 1605.343 1605.539 1605.735 1605.915 1606.076 1606.237 1606.398 1606.559 1606.65 1606.734 1606.818 1606.902 1606.955 1606.955 1606.955 1606.955 1606.955 1607.034 1607.128 1607.222 1607.316 1607.42 1607.547 1607.673 1607.799 1607.925 1607.955 1607.955 1607.955
1600.23 1600.342 1600.454 1600.567 1600.73 1601.028 1601.326 1601.624 1601.922 1602.152 1602.357 1602.562 1602.767 1602.98 1603.224 1603.468 1603.712 1603.956 1604.109 1604.218 1604.326 1604.434 1604.528 1604.528 1604.528 1604.528 1604.528 1604.563 1604.621 1604.679 1604.737 1604.799 1604.915 1605.032 1605.148 1605.264 1605.32 1605.32 1605.32 1605.32 1605.32 1605.476 1605.634 1605.792 1605.95 1606.112 1606.278 1606.445 1606.611 1606.778 1606.898 1607.015 1607.131 1607.248 1607.32 1607.32 1607.32 1607.32 1607.32 1607.359 1607.404 1607.45 1607.496 1607.581 1607.756 1607.93 1608.105 1608.28 1608.32 1608.32 1608.32
1600.104 1600.227 1600.35 1600.473 1600.649 1600.966 1601.283 1601.6 1601.917 1602.163 1602.384 1602.605 1602.826 1603.057 1603.326 1603.595 1603.865 1604.134 1604.29 1604.389 1604.488 1604.588 1604.674 1604.676 1604.678 1604.679 1604.681 1604.725 1604.799 1604.872 1604.946 1605.023 1605.17 1605.317 1605.464 1605.611 1605.682 1605.683 1605.684 1605.685 1605.685 1605.805 1605.927 1606.048 1606.17 1606.314 1606.486 1606.657 1606.828 1607.0 1607.15 1607.297 1607.445 1607.592 1607.684 1607.685 1607.685 1607.685 1607.685 1607.685 1607.685 1607.685 1607.685 1607.753 1607.973 1608.193 1608.414 1608.634 1608.685 1608.685 1608.685
1600.185 1600.319 1600.453 1600.587 1600.763 1601.054 1601.344 1601.634 1601.924 1602.171 1602.403 1602.635 1602.866 1603.105 1603.369 1603.632 1603.896 1604.16 1604.332 1604.458 1604.584 1604.711 1604.825 1604.859 1604.892 1604.926 1604.96 1605.018 1605.091 1605.165 1605.238 1605.316 1605.463 1605.61 1605.757 1605.904 1605.983 1606.0 1606.017 1606.034 1606.05 1606.155 1606.26 1606.366 1606.471 1606.606 1606.778 1606.949 1607.121 1607.292 1607.452 1607.61 1607.768 1607.927 1608.027 1608.033 1608.039 1608.044 1608.05 1608.051 1608.051 1608.051 1608.051 1608.118 1608.338 1608.559 1608.779 1609.0 1609.051 1609.051 1609.051
1600.267 1600.412 1600.556 1600.701 1600.878 1601.141 1601.405 1601.668 1601.931 1602.179 1602.422 1602.664 1602.907 1603.152 1603.411 1603.669 1603.928 1604.186 1604.374 1604.527 1604.68 1604.833 1604.975 1605.041 1605.107 1605.173 1605.239 1605.31 1605.383 1605.457 1605.53 1605.608 1605.755 1605.902 1606.049 1606.196 1606.283 1606.316 1606.349 1606.382 1606.416 1606.504 1606.594 1606.683 1606.772 1606.899 1607.07 1607.242 1607.413 1607.584 1607.754 1607.923 1608.092 1608.261 1608.37 1608.381 1608.392 1608.403 1608.414 1608.416 1608.416 1608.416 1608.416 1608.483 1608.703 1608.924 1609.144 1609.365 1609.416 1609.416 1609.416
1600.349 1600.504 1600.659 1600.815 1600.992 1601.229 1601.465 1601.702 1601.938 1602.187 1602.44 1602.694 1602.947 1603.2 1603.453 1603.706 1603.959 1604.212 1604.416 1604.596 1604.776 1604.956 1605.125 1605.224 1605.322 1605.42 1605.519 1605.602 1605.676 1605.749 1605.823 1605.9 1606.047 1606.194 1606.341 1606.488 1606.584 1606.633 1606.682 1606.731 1606.781 1606.854 1606.927 1607.0 1607.073 1607.191 1607.362 1607.534 1607.705 1607.877 1608.056 1608.235 1608.415 1608.595 1608.713 1608.73 1608.746 1608.762 1608.779 1608.781 1608.781 1608.781 1608.781 1608.848 1609.069 1609.289 1609.51 1609.73 1609.781 1609.781 1609.781
1600.431 1600.597 1600.763 1600.929 1601.107 1601.316 1601.526 1601.736 1601.945 1602.195 1602.459 1602.723 1602.987 1603.248 1603.495 1603.743 1603.991 1604.238 1604.459 1604.665 1604.872 1605.079 1605.276 1605.406 1605.537 1605.667 1605.798 1605.894 1605.968 1606.041 1606.115 1606.193 1606.339 1606.486 1606.633 1606.78 1606.885 1606.95 1607.015 1607.08 1607.146 1607.203 1607.26 1607.318 1607.375 1607.483 1607.655 1607.826 1607.998 1608.169 1608.358 1608.548 1608.739 1608.929 1609.056 1609.078 1609.1 1609.121 1609.143 1609.147 1609.147 1609.147 1609.147 1609.214 1609.434 1609.655 1609.875 1610.095 1610.147 1610.147 1610.147
1600.607 1600.768 1600.929 1601.09 1601.261 1601.46 1601.658 1601.857 1602.055 1602.297 1602.553 1602.809 1603.066 1603.317 1603.552 1603.786 1604.021 1604.255 1604.491 1604.727 1604.963 1605.199 1605.424 1605.571 1605.718 1605.865 1606.012 1606.12 1606.201 1606.282 1606.364 1606.449 1606.596 1606.743 1606.89 1607.037 1607.15 1607.231 1607.312 1607.394 1607.475 1607.527 1607.579 1607.63 1607.682 1607.79 1607.966 1608.143 1608.32 1608.497 1608.672 1608.847 1609.022 1609.197 1609.323 1609.368 1609.414 1609.459 1609.505 1609.512 1609.512 1609.512 1609.512 1609.577 1609.789 1610.002 1610.214 1610.427 1610.482 1610.49 1610.498
1600.882 1601.021 1601.161 1601.3 1601.457 1601.661 1601.865 1602.069 1602.273 1602.496 1602.725 1602.955 1603.184 1603.411 1603.623 1603.836 1604.049 1604.262 1604.512 1604.781 1605.049 1605.318 1605.57 1605.717 1605.864 1606.011 1606.158 1606.276 1606.373 1606.47 1606.568 1606.668 1606.815 1606.962 1607.109 1607.256 1607.377 1607.475 1607.572 1607.67 1607.767 1607.825 1607.882 1607.939 1607.996 1608.111 1608.299 1608.486 1608.674 1608.861 1608.998 1609.13 1609.262 1609.394 1609.509 1609.598 1609.686 1609.775 1609.863 1609.877 1609.877 1609.877 1609.877 1609.937 1610.134 1610.33 1610.526 1610.723 1610.787 1610.811 1610.835
1601.157 1601.275 1601.393 1601.511 1601.654 1601.863 1602.072 1602.282 1602.491 1602.695 1602.898 1603.101 1603.303 1603.504 1603.695 1603.886 1604.078 1604.269 1604.534 1604.834 1605.135 1605.436 1605.716 1605.863 1606.01 1606.157 1606.304 1606.431 1606.545 1606.658 1606.772 1606.887 1607.034 1607.181 1607.328 1607.475 1607.605 1607.718 1607.832 1607.946 1608.059 1608.122 1608.185 1608.247 1608.309 1608.433 1608.631 1608.829 1609.027 1609.225 1609.324 1609.413 1609.502 1609.591 1609.696 1609.828 1609.959 1610.09 1610.222 1610.243 1610.243 1610.243 1610.243 1610.297 1610.478 1610.658 1610.839 1611.019 1611.092 1611.132 1611.172
1601.431 1601.528 1601.625 1601.721 1601.85 1602.065 1602.279 1602.494 1602.709 1602.895 1603.071 1603.246 1603.422 1603.597 1603.767 1603.937 1604.107 1604.277 1604.555 1604.888 1605.221 1605.554 1605.862 1606.009 1606.156 1606.303 1606.45 1606.587 1606.717 1606.846 1606.976 1607.107 1607.254 1607.401 1607.547 1607.694 1607.833 1607.962 1608.092 1608.222 1608.351 1608.42 1608.488 1608.555 1608.623 1608.754 1608.963 1609.172 1609.381 1609.59 1609.65 1609.696 1609.742 1609.788 1609.883 1610.057 1610.231 1610.406 1610.58 1610.608 1610.608 1610.608 1610.608 1610.658 1610.822 1610.986 1611.151 1611.315 1611.396 1611.452 1611.509
1601.706 1601.781 1601.856 1601.931 1602.046 1602.266 1602.486 1602.707 1602.927 1603.094 1603.243 1603.392 1603.541 1603.69 1603.838 1603.987 1604.135 1604.284 1604.577 1604.942 1605.307 1605.672 1606.009 1606.156 1606.302 1606.449 1606.596 1606.743 1606.888 1607.034 1607.18 1607.326 1607.473 1607.62 1607.767 1607.914 1608.06 1608.206 1608.352 1608.497 1608.643 1608.717 1608.791 1608.864 1608.937 1609.076 1609.295 1609.515 1609.735 1609.954 1609.976 1609.979 1609.982 1609.986 1610.069 1610.287 1610.504 1610.721 1610.939 1610.973 1610.973 1610.973 1610.973 1611.018 1611.167 1611.315 1611.463 1611.611 1611.701 1611.773 1611.845
1601.892 1601.976 1602.059 1602.143 1602.26 1602.465 1602.671 1602.876 1603.082 1603.248 1603.4 1603.552 1603.704 1603.856 1604.008 1604.159 1604.311 1604.463 1604.732 1605.06 1605.387 1605.715 1606.024 1606.206 1606.387 1606.569 1606.751 1606.915 1607.067 1607.219 1607.371 1607.522 1607.659 1607.796 1607.933 1608.07 1608.22 1608.382 1608.544 1608.706 1608.868 1608.942 1609.016 1609.089 1609.163 1609.296 1609.501 1609.707 1609.912 1610.118 1610.167 1610.202 1610.237 1610.272 1610.369 1610.57 1610.77 1610.971 1611.171 1611.228 1611.258 1611.288 1611.318 1611.383 1611.53 1611.677 1611.824 1611.971 1612.062 1612.135 1612.209
1602.072 1602.166 1602.26 1602.354 1602.475 1602.664 1602.853 1603.043 1603.232 1603.398 1603.555 1603.713 1603.87 1604.027 1604.184 1604.342 1604.499 1604.656 1604.899 1605.183 1605.468 1605.752 1606.029 1606.248 1606.467 1606.687 1606.906 1607.089 1607.246 1607.403 1607.561 1607.716 1607.842 1607.969 1608.095 1608.221 1608.375 1608.552 1608.731 1608.909 1609.087 1609.161 1609.235 1609.308 1609.382 1609.507 1609.697 1609.886 1610.076 1610.265 1610.348 1610.42 1610.493 1610.565 1610.678 1610.857 1611.036 1611.215 1611.394 1611.475 1611.537 1611.599 1611.661 1611.749 1611.896 1612.043 1612.19 1612.337 1612.427 1612.501 1612.574
1602.251 1602.356 1602.461 1602.566 1602.689 1602.863 1603.036 1603.209 1603.383 1603.548 1603.711 1603.873 1604.036 1604.199 1604.361 1604.524 1604.687 1604.849 1605.065 1605.306 1605.548 1605.79 1606.034 1606.291 1606.547 1606.804 1607.061 1607.262 1607.425 1607.588 1607.75 1607.91 1608.026 1608.141 1608.257 1608.373 1608.529 1608.723 1608.917 1609.111 1609.306 1609.381 1609.454 1609.528 1609.601 1609.719 1609.893 1610.066 1610.239 1610.413 1610.528 1610.638 1610.748 1610.858 1610.986 1611.144 1611.301 1611.459 1611.616 1611.721 1611.815 1611.909 1612.004 1612.114 1612.261 1612.408 1612.555 1612.702 1612.792 1612.866 1612.939
1602.43 1602.546 1602.661 1602.777 1602.904 1603.061 1603.219 1603.376 1603.533 1603.698 1603.866 1604.034 1604.202 1604.37 1604.538 1604.706 1604.874 1605.042 1605.231 1605.43 1605.628 1605.827 1606.038 1606.333 1606.628 1606.922 1607.217 1607.436 1607.604 1607.772 1607.94 1608.104 1608.209 1608.314 1608.419 1608.524 1608.684 1608.894 1609.104 1609.314 1609.525 1609.6 1609.673 1609.747 1609.82 1609.931 1610.089 1610.246 1610.403 1610.56 1610.709 1610.856 1611.004 1611.151 1611.295 1611.431 1611.567 1611.703 1611.839 1611.967 1612.094 1612.22 1612.347 1612.479 1612.626 1612.773 1612.92 1613.067 1613.158 1613.231 1613.305
1602.588 1602.711 1602.833 1602.956 1603.085 1603.234 1603.383 1603.532 1603.681 1603.848 1604.022 1604.195 1604.368 1604.542 1604.715 1604.889 1605.062 1605.235 1605.409 1605.582 1605.756 1605.929 1606.12 1606.427 1606.733 1607.04 1607.347 1607.574 1607.748 1607.921 1608.094 1608.264 1608.378 1608.492 1608.605 1608.719 1608.886 1609.103 1609.319 1609.536 1609.752 1609.832 1609.909 1609.987 1610.064 1610.167 1610.303 1610.438 1610.573 1610.708 1610.887 1611.071 1611.254 1611.437 1611.599 1611.725 1611.852 1611.978 1612.104 1612.25 1612.399 1612.547 1612.696 1612.844 1612.987 1613.13 1613.273 1613.416 1613.508 1613.586 1613.663
1602.71 1602.833 1602.955 1603.078 1603.209 1603.363 1603.517 1603.672 1603.826 1603.998 1604.177 1604.356 1604.535 1604.713 1604.892 1605.071 1605.25 1605.429 1605.607 1605.786 1605.965 1606.144 1606.335 1606.609 1606.884 1607.158 1607.433 1607.65 1607.829 1608.008 1608.187 1608.364 1608.521 1608.677 1608.834 1608.991 1609.173 1609.379 1609.585 1609.79 1609.996 1610.086 1610.174 1610.262 1610.35 1610.445 1610.548 1610.651 1610.754 1610.857 1611.063 1611.278 1611.494 1611.709 1611.895 1612.032 1612.169 1612.306 1612.444 1612.595 1612.749 1612.904 1613.058 1613.206 1613.338 1613.47 1613.603 1613.735 1613.833 1613.921 1614.01
1602.832 1602.954 1603.077 1603.199 1603.332 1603.492 1603.651 1603.811 1603.971 1604.148 1604.333 1604.517 1604.701 1604.885 1605.069 1605.253 1605.438 1605.622 1605.806 1605.99 1606.174 1606.358 1606.55 1606.792 1607.035 1607.277 1607.519 1607.727 1607.911 1608.095 1608.279 1608.464 1608.664 1608.863 1609.063 1609.262 1609.46 1609.655 1609.85 1610.045 1610.24 1610.34 1610.439 1610.538 1610.637 1610.723 1610.794 1610.865 1610.935 1611.006 1611.238 1611.486 1611.734 1611.981 1612.191 1612.339 1612.487 1612.635 1612.783 1612.941 1613.1 1613.26 1613.42 1613.568 1613.689 1613.811 1613.932 1614.054 1614.158 1614.257 1614.356
1602.954 1603.076 1603.199 1603.321 1603.455 1603.62 1603.785 1603.95 1604.115 1604.298 1604.488 1604.677 1604.867 1605.057 1605.246 1605.436 1605.625 1605.815 1606.004 1606.194 1606.383 1606.573 1606.765 1606.975 1607.185 1607.395 1607.605 1607.803 1607.992 1608.182 1608.371 1608.564 1608.807 1609.049 1609.292 1609.534 1609.746 1609.931 1610.115 1610.299 1610.484 1610.594 1610.704 1610.813 1610.923 1611.001 1611.039 1611.078 1611.116 1611.155 1611.414 1611.694 1611.974 1612.254 1612.488 1612.646 1612.805 1612.964 1613.122 1613.286 1613.451 1613.616 1613.781 1613.93 1614.041 1614.151 1614.262 1614.373 1614.483 1614.593 1614.702
1603.075 1603.198 1603.32 1603.443 1603.578 1603.749 1603.919 1604.09 1604.26 1604.448 1604.643 1604.838 1605.033 1605.228 1605.423 1605.618 1605.813 1606.008 1606.203 1606.397 1606.592 1606.787 1606.98 1607.158 1607.336 1607.513 1607.691 1607.879 1608.074 1608.269 1608.464 1608.664 1608.949 1609.235 1609.52 1609.806 1610.033 1610.207 1610.38 1610.554 1610.727 1610.848 1610.969 1611.089 1611.209 1611.279 1611.285 1611.291 1611.298 1611.304 1611.589 1611.901 1612.214 1612.526 1612.784 1612.953 1613.123 1613.292 1613.461 1613.632 1613.802 1613.972 1614.143 1614.292 1614.392 1614.492 1614.592 1614.692 1614.808 1614.928 1615.048
1603.044 1603.171 1603.298 1603.425 1603.563 1603.73 1603.897 1604.064 1604.231 1604.423 1604.623 1604.823 1605.023 1605.226 1605.44 1605.653 1605.866 1606.079 1606.275 1606.462 1606.65 1606.837 1607.027 1607.233 1607.439 1607.645 1607.851 1608.046 1608.233 1608.42 1608.608 1608.802 1609.109 1609.416 1609.722 1610.029 1610.263 1610.43 1610.598 1610.765 1610.932 1611.059 1611.186 1611.313 1611.439 1611.521 1611.547 1611.573 1611.599 1611.624 1611.89 1612.178 1612.466 1612.755 1612.997 1613.164 1613.332 1613.499 1613.666 1613.865 1614.071 1614.277 1614.483 1614.651 1614.732 1614.813 1614.893 1614.974 1615.1 1615.24 1615.38
