data/zism_data/00082_02_D.txt
ncols         224
nrows         224
[rows 140 to 167 of 224, columns 126 to 188 of 224]
1566.99 1566.798 1566.606 1566.414 1566.179 1565.89 1565.602 1565.313 1565.025 1564.799 1564.578 1564.358 1564.137 1563.889 1563.595 1563.301 1563.008 1562.714 1562.543 1562.396 1562.249 1562.102 1561.912 1561.624 1561.336 1561.048 1560.76 1560.549 1560.363 1560.176 1559.99 1559.805 1559.624 1559.443 1559.262 1559.081 1558.899 1558.716 1558.534 1558.351 1558.168 1557.985 1557.803 1557.62 1557.437 1557.254 1557.072 1556.889 1556.706 1556.523 1556.339 1556.154 1555.969 1555.784 1555.625 1555.485 1555.346 1555.206 1555.067 1554.95 1554.833 1554.717 1554.6
1567.085 1566.914 1566.743 1566.573 1566.332 1566.006 1565.68 1565.354 1565.028 1564.799 1564.578 1564.358 1564.137 1563.889 1563.595 1563.301 1563.008 1562.714 1562.543 1562.396 1562.249 1562.102 1561.922 1561.666 1561.41 1561.154 1560.898 1560.683 1560.481 1560.278 1560.075 1559.881 1559.717 1559.552 1559.387 1559.222 1559.049 1558.871 1558.694 1558.517 1558.339 1558.162 1557.985 1557.807 1557.63 1557.453 1557.275 1557.098 1556.92 1556.742 1556.552 1556.362 1556.172 1555.982 1555.805 1555.638 1555.472 1555.306 1555.14 1555.056 1554.971 1554.887 1554.802
1567.179 1567.03 1566.881 1566.731 1566.486 1566.122 1565.759 1565.395 1565.032 1564.799 1564.578 1564.358 1564.137 1563.889 1563.595 1563.301 1563.008 1562.714 1562.543 1562.396 1562.249 1562.102 1561.932 1561.708 1561.484 1561.261 1561.037 1560.817 1560.598 1560.379 1560.161 1559.958 1559.809 1559.661 1559.512 1559.364 1559.199 1559.027 1558.855 1558.683 1558.511 1558.339 1558.167 1557.995 1557.823 1557.651 1557.479 1557.307 1557.135 1556.961 1556.765 1556.57 1556.374 1556.179 1555.985 1555.792 1555.598 1555.405 1555.214 1555.162 1555.109 1555.057 1555.005
1567.188 1567.042 1566.895 1566.748 1566.502 1566.134 1565.767 1565.399 1565.032 1564.799 1564.578 1564.358 1564.137 1563.895 1563.615 1563.336 1563.056 1562.777 1562.597 1562.435 1562.274 1562.112 1561.937 1561.731 1561.525 1561.319 1561.113 1560.907 1560.701 1560.495 1560.289 1560.097 1559.95 1559.803 1559.656 1559.509 1559.349 1559.182 1559.015 1558.849 1558.682 1558.515 1558.349 1558.182 1558.016 1557.849 1557.682 1557.516 1557.349 1557.179 1556.979 1556.778 1556.577 1556.376 1556.175 1555.975 1555.774 1555.573 1555.374 1555.291 1555.209 1555.126 1555.043
1567.188 1567.042 1566.895 1566.748 1566.502 1566.134 1565.767 1565.399 1565.032 1564.799 1564.578 1564.358 1564.137 1563.901 1563.637 1563.374 1563.111 1562.847 1562.656 1562.479 1562.301 1562.124 1561.942 1561.752 1561.562 1561.373 1561.183 1560.993 1560.803 1560.613 1560.423 1560.243 1560.096 1559.949 1559.802 1559.655 1559.498 1559.337 1559.176 1559.015 1558.853 1558.692 1558.531 1558.37 1558.208 1558.047 1557.886 1557.724 1557.563 1557.398 1557.192 1556.986 1556.78 1556.573 1556.367 1556.161 1555.955 1555.749 1555.544 1555.424 1555.303 1555.183 1555.063
1567.188 1567.042 1566.895 1566.748 1566.502 1566.134 1565.767 1565.399 1565.032 1564.799 1564.578 1564.358 1564.137 1563.907 1563.66 1563.412 1563.165 1562.918 1562.716 1562.522 1562.328 1562.135 1561.947 1561.773 1561.599 1561.426 1561.252 1561.078 1560.904 1560.731 1560.557 1560.389 1560.242 1560.095 1559.948 1559.802 1559.648 1559.492 1559.337 1559.181 1559.025 1558.869 1558.713 1558.557 1558.401 1558.245 1558.089 1557.933 1557.778 1557.617 1557.405 1557.194 1556.982 1556.771 1556.559 1556.348 1556.136 1555.925 1555.714 1555.556 1555.398 1555.24 1555.082
1567.188 1567.042 1566.895 1566.748 1566.502 1566.134 1565.767 1565.399 1565.032 1564.799 1564.578 1564.358 1564.137 1563.913 1563.682 1563.451 1563.219 1562.988 1562.775 1562.565 1562.356 1562.146 1561.952 1561.794 1561.637 1561.479 1561.321 1561.164 1561.006 1560.848 1560.691 1560.536 1560.389 1560.242 1560.095 1559.948 1559.798 1559.648 1559.497 1559.347 1559.196 1559.046 1558.895 1558.745 1558.594 1558.443 1558.293 1558.142 1557.992 1557.836 1557.619 1557.402 1557.185 1556.968 1556.751 1556.534 1556.317 1556.1 1555.884 1555.688 1555.493 1555.297 1555.102
1567.188 1567.042 1566.895 1566.748 1566.506 1566.15 1565.793 1565.437 1565.08 1564.849 1564.631 1564.412 1564.193 1563.975 1563.756 1563.538 1563.319 1563.1 1562.882 1562.663 1562.444 1562.226 1562.028 1561.88 1561.731 1561.582 1561.433 1561.284 1561.136 1560.987 1560.838 1560.689 1560.541 1560.392 1560.243 1560.094 1559.947 1559.8 1559.653 1559.506 1559.359 1559.214 1559.069 1558.924 1558.779 1558.631 1558.483 1558.334 1558.185 1558.03 1557.811 1557.593 1557.374 1557.156 1556.937 1556.718 1556.5 1556.281 1556.062 1555.844 1555.625 1555.406 1555.188
1567.188 1567.042 1566.895 1566.748 1566.521 1566.197 1565.872 1565.548 1565.223 1565.0 1564.787 1564.574 1564.361 1564.147 1563.934 1563.721 1563.508 1563.294 1563.081 1562.868 1562.654 1562.441 1562.246 1562.092 1561.938 1561.783 1561.629 1561.475 1561.321 1561.167 1561.013 1560.859 1560.705 1560.55 1560.396 1560.242 1560.093 1559.946 1559.799 1559.652 1559.506 1559.366 1559.227 1559.087 1558.947 1558.798 1558.644 1558.49 1558.336 1558.177 1557.963 1557.75 1557.537 1557.324 1557.11 1556.897 1556.684 1556.47 1556.257 1556.044 1555.831 1555.617 1555.404
1567.188 1567.042 1566.895 1566.748 1566.536 1566.243 1565.951 1565.659 1565.367 1565.151 1564.944 1564.736 1564.528 1564.32 1564.112 1563.904 1563.696 1563.488 1563.28 1563.073 1562.865 1562.657 1562.464 1562.304 1562.144 1561.985 1561.825 1561.666 1561.506 1561.347 1561.187 1561.028 1560.868 1560.709 1560.549 1560.39 1560.239 1560.092 1559.945 1559.798 1559.653 1559.519 1559.384 1559.25 1559.116 1558.966 1558.806 1558.646 1558.487 1558.323 1558.115 1557.907 1557.7 1557.492 1557.284 1557.076 1556.868 1556.66 1556.452 1556.244 1556.036 1555.828 1555.62
1567.188 1567.042 1566.895 1566.748 1566.55 1566.29 1566.03 1565.77 1565.51 1565.303 1565.1 1564.897 1564.695 1564.492 1564.29 1564.087 1563.885 1563.682 1563.48 1563.277 1563.075 1562.872 1562.681 1562.516 1562.351 1562.186 1562.021 1561.857 1561.692 1561.527 1561.362 1561.197 1561.032 1560.867 1560.703 1560.538 1560.385 1560.238 1560.091 1559.944 1559.8 1559.671 1559.542 1559.413 1559.284 1559.133 1558.968 1558.803 1558.638 1558.47 1558.267 1558.065 1557.862 1557.66 1557.457 1557.255 1557.052 1556.85 1556.647 1556.444 1556.242 1556.039 1555.837
1567.188 1567.042 1566.895 1566.748 1566.564 1566.337 1566.109 1565.881 1565.653 1565.454 1565.256 1565.059 1564.862 1564.665 1564.468 1564.271 1564.073 1563.876 1563.679 1563.482 1563.285 1563.088 1562.899 1562.728 1562.558 1562.388 1562.218 1562.047 1561.877 1561.707 1561.537 1561.366 1561.196 1561.026 1560.856 1560.686 1560.531 1560.384 1560.237 1560.09 1559.947 1559.823 1559.7 1559.576 1559.453 1559.3 1559.13 1558.959 1558.789 1558.617 1558.419 1558.222 1558.025 1557.828 1557.631 1557.433 1557.236 1557.039 1556.842 1556.645 1556.448 1556.25 1556.053
1567.289 1567.13 1566.97 1566.811 1566.63 1566.422 1566.214 1566.006 1565.798 1565.605 1565.413 1565.221 1565.029 1564.837 1564.646 1564.454 1564.262 1564.07 1563.878 1563.687 1563.495 1563.303 1563.116 1562.941 1562.765 1562.589 1562.414 1562.238 1562.063 1561.887 1561.711 1561.536 1561.36 1561.184 1561.009 1560.833 1560.675 1560.524 1560.372 1560.221 1560.075 1559.952 1559.83 1559.707 1559.585 1559.434 1559.267 1559.1 1558.932 1558.763 1558.571 1558.38 1558.188 1557.996 1557.804 1557.612 1557.421 1557.229 1557.037 1556.845 1556.653 1556.461 1556.27
1567.42 1567.244 1567.068 1566.893 1566.71 1566.518 1566.326 1566.134 1565.943 1565.756 1565.569 1565.383 1565.196 1565.01 1564.823 1564.637 1564.451 1564.264 1564.078 1563.891 1563.705 1563.519 1563.334 1563.153 1562.972 1562.791 1562.61 1562.429 1562.248 1562.067 1561.886 1561.705 1561.524 1561.343 1561.162 1560.981 1560.817 1560.661 1560.504 1560.348 1560.197 1560.074 1559.952 1559.829 1559.707 1559.56 1559.398 1559.236 1559.074 1558.91 1558.723 1558.537 1558.35 1558.164 1557.978 1557.791 1557.605 1557.418 1557.232 1557.045 1556.859 1556.672 1556.486
1567.55 1567.358 1567.167 1566.975 1566.79 1566.615 1566.439 1566.263 1566.087 1565.907 1565.726 1565.545 1565.364 1565.182 1565.001 1564.82 1564.639 1564.458 1564.277 1564.096 1563.915 1563.734 1563.551 1563.365 1563.179 1562.992 1562.806 1562.62 1562.433 1562.247 1562.06 1561.874 1561.688 1561.501 1561.315 1561.129 1560.959 1560.797 1560.636 1560.474 1560.318 1560.196 1560.073 1559.951 1559.828 1559.685 1559.528 1559.371 1559.215 1559.056 1558.875 1558.694 1558.513 1558.332 1558.151 1557.97 1557.789 1557.608 1557.427 1557.246 1557.065 1556.884 1556.703
1567.68 1567.472 1567.265 1567.057 1566.871 1566.711 1566.551 1566.392 1566.232 1566.058 1565.882 1565.706 1565.531 1565.355 1565.179 1565.004 1564.828 1564.652 1564.477 1564.301 1564.125 1563.949 1563.769 1563.577 1563.385 1563.194 1563.002 1562.81 1562.619 1562.427 1562.235 1562.043 1561.852 1561.66 1561.468 1561.276 1561.102 1560.935 1560.767 1560.6 1560.44 1560.318 1560.195 1560.073 1559.95 1559.81 1559.659 1559.507 1559.356 1559.203 1559.027 1558.851 1558.676 1558.5 1558.324 1558.149 1557.973 1557.797 1557.622 1557.446 1557.27 1557.095 1556.919
1567.802 1567.585 1567.368 1567.151 1566.965 1566.818 1566.671 1566.524 1566.377 1566.209 1566.038 1565.868 1565.698 1565.527 1565.357 1565.187 1565.016 1564.846 1564.676 1564.506 1564.335 1564.165 1563.986 1563.789 1563.592 1563.395 1563.198 1563.001 1562.804 1562.607 1562.41 1562.213 1562.016 1561.818 1561.621 1561.424 1561.246 1561.075 1560.905 1560.735 1560.572 1560.448 1560.325 1560.201 1560.078 1559.939 1559.792 1559.645 1559.498 1559.349 1559.179 1559.009 1558.839 1558.668 1558.498 1558.328 1558.157 1557.987 1557.817 1557.646 1557.476 1557.306 1557.135
1567.891 1567.69 1567.489 1567.288 1567.111 1566.964 1566.817 1566.67 1566.523 1566.36 1566.195 1566.03 1565.865 1565.7 1565.535 1565.37 1565.205 1565.04 1564.875 1564.71 1564.545 1564.38 1564.204 1564.001 1563.799 1563.597 1563.394 1563.192 1562.989 1562.787 1562.584 1562.382 1562.179 1561.977 1561.774 1561.572 1561.396 1561.231 1561.066 1560.901 1560.742 1560.613 1560.484 1560.355 1560.226 1560.085 1559.938 1559.792 1559.645 1559.496 1559.331 1559.166 1559.001 1558.836 1558.671 1558.506 1558.341 1558.177 1558.012 1557.847 1557.682 1557.517 1557.352
1567.979 1567.795 1567.61 1567.425 1567.257 1567.11 1566.963 1566.816 1566.669 1566.511 1566.351 1566.192 1566.032 1565.872 1565.713 1565.553 1565.394 1565.234 1565.075 1564.915 1564.755 1564.596 1564.422 1564.214 1564.006 1563.798 1563.59 1563.382 1563.175 1562.967 1562.759 1562.551 1562.343 1562.135 1561.928 1561.72 1561.546 1561.386 1561.226 1561.067 1560.911 1560.777 1560.642 1560.508 1560.374 1560.232 1560.085 1559.938 1559.791 1559.643 1559.483 1559.323 1559.164 1559.004 1558.845 1558.685 1558.526 1558.366 1558.206 1558.047 1557.887 1557.728 1557.568
1568.068 1567.9 1567.731 1567.562 1567.403 1567.256 1567.109 1566.962 1566.815 1566.662 1566.508 1566.353 1566.199 1566.045 1565.891 1565.737 1565.582 1565.428 1565.274 1565.12 1564.966 1564.811 1564.639 1564.426 1564.213 1564.0 1563.786 1563.573 1563.36 1563.147 1562.933 1562.72 1562.507 1562.294 1562.081 1561.868 1561.695 1561.541 1561.387 1561.233 1561.081 1560.941 1560.801 1560.662 1560.522 1560.378 1560.231 1560.084 1559.937 1559.789 1559.635 1559.481 1559.327 1559.172 1559.018 1558.864 1558.71 1558.556 1558.401 1558.247 1558.093 1557.939 1557.784
1568.157 1568.005 1567.852 1567.7 1567.55 1567.402 1567.255 1567.109 1566.962 1566.813 1566.664 1566.515 1566.366 1566.217 1566.069 1565.92 1565.771 1565.622 1565.473 1565.324 1565.176 1565.027 1564.857 1564.638 1564.42 1564.201 1563.982 1563.764 1563.545 1563.327 1563.108 1562.89 1562.671 1562.452 1562.234 1562.015 1561.845 1561.696 1561.547 1561.399 1561.25 1561.105 1560.96 1560.815 1560.67 1560.524 1560.377 1560.23 1560.083 1559.936 1559.787 1559.638 1559.489 1559.34 1559.192 1559.043 1558.894 1558.745 1558.596 1558.448 1558.299 1558.15 1558.001
1568.312 1568.161 1568.011 1567.86 1567.71 1567.559 1567.409 1567.259 1567.108 1566.961 1566.814 1566.667 1566.52 1566.374 1566.231 1566.087 1565.944 1565.8 1565.651 1565.5 1565.35 1565.2 1565.029 1564.812 1564.595 1564.378 1564.161 1563.944 1563.727 1563.51 1563.293 1563.076 1562.859 1562.642 1562.425 1562.208 1562.038 1561.887 1561.737 1561.586 1561.436 1561.285 1561.135 1560.985 1560.834 1560.684 1560.533 1560.383 1560.232 1560.082 1559.928 1559.774 1559.62 1559.466 1559.312 1559.158 1559.004 1558.85 1558.696 1558.542 1558.388 1558.234 1558.08
1568.501 1568.345 1568.19 1568.034 1567.878 1567.722 1567.566 1567.411 1567.255 1567.107 1566.96 1566.813 1566.666 1566.522 1566.384 1566.246 1566.108 1565.97 1565.817 1565.661 1565.505 1565.349 1565.177 1564.965 1564.754 1564.542 1564.33 1564.119 1563.907 1563.696 1563.484 1563.272 1563.061 1562.849 1562.638 1562.426 1562.253 1562.097 1561.942 1561.786 1561.63 1561.474 1561.318 1561.162 1561.007 1560.851 1560.695 1560.539 1560.383 1560.227 1560.062 1559.897 1559.733 1559.568 1559.403 1559.239 1559.074 1558.909 1558.745 1558.58 1558.415 1558.251 1558.086
1568.691 1568.53 1568.368 1568.207 1568.046 1567.885 1567.724 1567.563 1567.401 1567.253 1567.106 1566.959 1566.812 1566.671 1566.538 1566.405 1566.272 1566.14 1565.983 1565.822 1565.661 1565.499 1565.324 1565.118 1564.912 1564.706 1564.5 1564.293 1564.087 1563.881 1563.675 1563.469 1563.262 1563.056 1562.85 1562.644 1562.469 1562.307 1562.146 1561.985 1561.824 1561.663 1561.501 1561.34 1561.179 1561.018 1560.857 1560.696 1560.534 1560.372 1560.197 1560.021 1559.846 1559.67 1559.495 1559.319 1559.144 1558.969 1558.793 1558.618 1558.442 1558.267 1558.092
1568.88 1568.714 1568.547 1568.381 1568.214 1568.047 1567.881 1567.714 1567.548 1567.399 1567.252 1567.105 1566.958 1566.819 1566.691 1566.564 1566.437 1566.309 1566.149 1565.982 1565.816 1565.649 1565.472 1565.271 1565.071 1564.87 1564.669 1564.468 1564.267 1564.066 1563.865 1563.665 1563.464 1563.263 1563.062 1562.861 1562.684 1562.518 1562.351 1562.184 1562.018 1561.851 1561.685 1561.518 1561.352 1561.185 1561.019 1560.852 1560.685 1560.517 1560.331 1560.145 1559.959 1559.773 1559.586 1559.4 1559.214 1559.028 1558.842 1558.656 1558.469 1558.283 1558.097
1569.07 1568.898 1568.726 1568.554 1568.382 1568.21 1568.038 1567.866 1567.694 1567.545 1567.397 1567.25 1567.103 1566.964 1566.842 1566.72 1566.597 1566.475 1566.311 1566.14 1565.969 1565.798 1565.62 1565.425 1565.229 1565.034 1564.838 1564.642 1564.446 1564.25 1564.054 1563.858 1563.66 1563.462 1563.264 1563.067 1562.887 1562.716 1562.544 1562.373 1562.201 1562.03 1561.858 1561.687 1561.516 1561.344 1561.173 1561.001 1560.83 1560.656 1560.46 1560.264 1560.068 1559.872 1559.676 1559.48 1559.284 1559.088 1558.892 1558.697 1558.501 1558.305 1558.109
1569.259 1569.082 1568.905 1568.728 1568.55 1568.373 1568.196 1568.018 1567.841 1567.686 1567.533 1567.38 1567.228 1567.086 1566.964 1566.841 1566.719 1566.596 1566.438 1566.272 1566.106 1565.941 1565.768 1565.578 1565.388 1565.197 1565.007 1564.813 1564.617 1564.421 1564.225 1564.023 1563.804 1563.585 1563.365 1563.146 1562.96 1562.789 1562.617 1562.446 1562.274 1562.103 1561.931 1561.76 1561.589 1561.417 1561.246 1561.074 1560.903 1560.729 1560.533 1560.337 1560.141 1559.945 1559.749 1559.553 1559.357 1559.161 1558.966 1558.77 1558.574 1558.378 1558.182
1569.449 1569.266 1569.084 1568.901 1568.718 1568.536 1568.353 1568.17 1567.988 1567.827 1567.669 1567.511 1567.353 1567.208 1567.086 1566.963 1566.841 1566.718 1566.564 1566.404 1566.244 1566.083 1565.916 1565.731 1565.546 1565.361 1565.177 1564.983 1564.787 1564.591 1564.395 1564.189 1563.948 1563.707 1563.467 1563.226 1563.033 1562.862 1562.69 1562.519 1562.347 1562.176 1562.005 1561.833 1561.662 1561.49 1561.319 1561.147 1560.976 1560.802 1560.606 1560.41 1560.214 1560.018 1559.822 1559.626 1559.431 1559.234 1559.039 1558.843 1558.647 1558.451 1558.255
