data/zism_data/00087_03_D.txt
ncols         224
nrows         224
[rows 112 to 139 of 224, columns 63 to 125 of 224]
1040.003 1048.959 1057.915 1066.87 1075.826 1083.784 1091.439 1099.095 1106.751 1113.596 1117.758 1121.92 1126.081 1130.243 1135.368 1140.915 1146.461 1152.008 1157.407 1162.034 1166.66 1171.286 1175.912 1178.633 1180.203 1181.772 1183.341 1184.942 1186.875 1188.808 1190.742 1192.675 1194.426 1196.028 1197.63 1199.233 1200.91 1207.685 1214.46 1221.235 1228.01 1237.0 1248.406 1259.811 1271.217 1282.623 1291.9 1301.045 1310.191 1319.336 1327.709 1334.95 1342.191 1349.432 1356.673 1361.574 1366.123 1370.673 1375.222 1379.464 1383.092 1386.72 1390.348
1026.71 1035.31 1043.911 1052.512 1061.112 1068.789 1076.186 1083.583 1090.981 1097.503 1101.126 1104.75 1108.373 1111.997 1116.917 1122.404 1127.891 1133.379 1138.794 1143.829 1148.865 1153.9 1158.935 1162.209 1164.419 1166.629 1168.839 1171.116 1174.099 1177.082 1180.065 1183.048 1185.759 1188.249 1190.74 1193.23 1195.798 1203.693 1211.588 1219.482 1227.377 1237.388 1249.709 1262.03 1274.351 1286.672 1296.139 1305.429 1314.72 1324.011 1332.411 1339.507 1346.603 1353.698 1360.794 1365.1 1368.987 1372.875 1376.762 1380.391 1383.502 1386.613 1389.724
1013.417 1021.662 1029.908 1038.153 1046.399 1053.794 1060.933 1068.072 1075.211 1081.41 1084.495 1087.581 1090.666 1093.751 1098.466 1103.894 1109.322 1114.75 1120.181 1125.625 1131.07 1136.514 1141.958 1145.786 1148.636 1151.486 1154.337 1157.29 1161.322 1165.355 1169.387 1173.42 1177.092 1180.471 1183.849 1187.227 1190.687 1199.701 1208.715 1217.73 1226.744 1237.777 1251.013 1264.249 1277.485 1290.721 1300.377 1309.813 1319.25 1328.686 1337.113 1344.064 1351.014 1357.965 1364.915 1368.626 1371.852 1375.077 1378.302 1381.317 1383.911 1386.506 1389.1
1000.124 1008.014 1015.904 1023.794 1031.685 1038.799 1045.68 1052.56 1059.441 1065.317 1067.864 1070.411 1072.958 1075.505 1080.015 1085.384 1090.752 1096.121 1101.567 1107.421 1113.274 1119.128 1124.981 1129.362 1132.853 1136.344 1139.834 1143.464 1148.546 1153.628 1158.71 1163.792 1168.425 1172.692 1176.958 1181.224 1185.576 1195.709 1205.843 1215.977 1226.111 1238.166 1252.317 1266.468 1280.619 1294.77 1304.616 1314.198 1323.779 1333.361 1341.815 1348.621 1355.426 1362.231 1369.036 1372.153 1374.716 1377.279 1379.842 1382.244 1384.321 1386.399 1388.476
986.8307 994.3657 1001.901 1009.436 1016.971 1023.804 1030.427 1037.049 1043.671 1049.224 1051.232 1053.241 1055.25 1057.259 1061.564 1066.873 1072.183 1077.492 1082.954 1089.217 1095.479 1101.742 1108.004 1112.938 1117.07 1121.201 1125.332 1129.638 1135.769 1141.901 1148.033 1154.165 1159.758 1164.913 1170.067 1175.222 1180.465 1191.718 1202.971 1214.225 1225.478 1238.555 1253.621 1268.687 1283.753 1298.819 1308.855 1318.582 1328.309 1338.035 1346.518 1353.177 1359.837 1366.497 1373.157 1375.679 1377.58 1379.481 1381.382 1383.17 1384.731 1386.292 1387.853
972.9803 980.3507 987.7211 995.0914 1002.462 1009.18 1015.702 1022.223 1028.745 1034.27 1036.496 1038.722 1040.948 1043.173 1047.702 1053.238 1058.775 1064.311 1070.061 1076.938 1083.815 1090.692 1097.569 1103.278 1108.281 1113.283 1118.286 1123.483 1130.712 1137.941 1145.17 1152.399 1159.108 1165.392 1171.677 1177.961 1184.325 1196.086 1207.847 1219.607 1231.368 1244.703 1259.757 1274.81 1289.864 1304.917 1314.969 1324.713 1334.456 1344.2 1352.526 1358.777 1365.027 1371.278 1377.528 1379.581 1381.003 1382.426 1383.848 1385.235 1386.55 1387.866 1389.181
958.8691 966.1641 973.4591 980.7542 988.0491 994.7294 1001.224 1007.719 1014.213 1019.85 1022.647 1025.443 1028.239 1031.036 1035.989 1041.886 1047.783 1053.68 1059.846 1067.434 1075.021 1082.609 1090.196 1096.783 1102.766 1108.748 1114.73 1120.919 1129.267 1137.616 1145.964 1154.313 1162.21 1169.738 1177.266 1184.794 1192.386 1204.367 1216.349 1228.33 1240.311 1253.548 1268.155 1282.762 1297.368 1311.975 1321.96 1331.661 1341.362 1351.062 1359.147 1364.864 1370.582 1376.3 1382.017 1383.658 1384.688 1385.717 1386.747 1387.832 1389.029 1390.226 1391.423
944.7579 951.9775 959.1971 966.4168 973.6365 980.2786 986.7463 993.214 999.6818 1005.43 1008.797 1012.164 1015.531 1018.898 1024.276 1030.533 1036.791 1043.049 1049.631 1057.929 1066.227 1074.525 1082.823 1090.288 1097.25 1104.213 1111.175 1118.355 1127.823 1137.291 1146.759 1156.227 1165.312 1174.083 1182.854 1191.626 1200.447 1212.649 1224.851 1237.053 1249.255 1262.393 1276.553 1290.713 1304.873 1319.033 1328.952 1338.609 1348.267 1357.925 1365.767 1370.952 1376.137 1381.321 1386.506 1387.736 1388.373 1389.009 1389.646 1390.43 1391.508 1392.587 1393.666
930.6466 937.7909 944.9352 952.0795 959.2238 965.8278 972.2686 978.7094 985.1502 991.0106 994.948 998.8854 1002.823 1006.76 1012.563 1019.181 1025.799 1032.417 1039.417 1048.425 1057.433 1066.442 1075.45 1083.794 1091.735 1099.677 1107.619 1115.791 1126.379 1136.966 1147.554 1158.142 1168.414 1178.428 1188.443 1198.458 1208.507 1220.93 1233.353 1245.775 1258.198 1271.238 1284.951 1298.664 1312.378 1326.091 1335.943 1345.557 1355.172 1364.787 1372.387 1377.039 1381.691 1386.343 1390.995 1391.814 1392.057 1392.301 1392.545 1393.027 1393.987 1394.948 1395.908
916.8821 923.9391 930.9962 938.0532 945.1101 951.7514 958.2672 964.7828 971.2985 977.3744 981.9933 986.6122 991.2312 995.8501 1002.14 1009.161 1016.182 1023.203 1030.644 1040.297 1049.951 1059.604 1069.258 1078.438 1087.331 1096.224 1105.118 1114.246 1125.842 1137.439 1149.035 1160.631 1171.936 1183.002 1194.068 1205.135 1216.222 1228.76 1241.298 1253.837 1266.375 1279.277 1292.577 1305.877 1319.178 1332.478 1342.271 1351.848 1361.425 1371.002 1378.372 1382.508 1386.645 1390.781 1394.918 1395.362 1395.253 1395.144 1395.035 1395.271 1396.197 1397.123 1398.049
905.4293 912.3194 919.2095 926.0997 932.9899 940.1712 947.4405 954.7096 961.9789 968.9631 975.0029 981.0428 987.0827 993.1226 1000.32 1008.025 1015.73 1023.434 1031.483 1041.346 1051.21 1061.073 1070.937 1080.672 1090.329 1099.987 1109.645 1119.494 1131.36 1143.225 1155.091 1166.956 1178.257 1189.097 1199.938 1210.778 1221.634 1233.585 1245.537 1257.488 1269.44 1281.946 1295.058 1308.17 1321.281 1334.393 1344.175 1353.752 1363.329 1372.907 1380.114 1383.853 1387.591 1391.329 1395.067 1395.385 1395.19 1394.995 1394.799 1395.153 1396.607 1398.061 1399.514
893.9766 900.6999 907.4232 914.1465 920.8698 928.5912 936.614 944.6367 952.6594 960.5519 968.0127 975.4735 982.9343 990.3951 998.501 1006.889 1015.277 1023.665 1032.322 1042.395 1052.469 1062.542 1072.615 1082.906 1093.328 1103.75 1114.172 1124.743 1136.877 1149.012 1161.146 1173.281 1184.578 1195.192 1205.807 1216.421 1227.046 1238.41 1249.775 1261.14 1272.505 1284.615 1297.538 1310.462 1323.385 1336.308 1346.08 1355.657 1365.234 1374.811 1381.857 1385.197 1388.537 1391.877 1395.217 1395.408 1395.126 1394.845 1394.564 1395.036 1397.017 1398.998 1400.979
882.5237 889.0801 895.6366 902.1931 908.7495 917.011 925.7874 934.5635 943.3398 952.1406 961.0223 969.9041 978.7859 987.6677 996.6815 1005.753 1014.825 1023.896 1033.161 1043.445 1053.728 1064.011 1074.294 1085.14 1096.326 1107.513 1118.699 1129.991 1142.395 1154.798 1167.202 1179.606 1190.899 1201.287 1211.676 1222.064 1232.458 1243.235 1254.014 1264.792 1275.57 1287.284 1300.019 1312.754 1325.489 1338.224 1347.984 1357.561 1367.138 1376.715 1383.6 1386.542 1389.483 1392.425 1395.367 1395.431 1395.063 1394.696 1394.328 1394.919 1397.428 1399.936 1402.445
871.0709 877.4604 883.85 890.2396 896.6292 905.4308 914.9606 924.4903 934.0201 943.7292 954.0319 964.3347 974.6375 984.9402 994.862 1004.617 1014.372 1024.128 1034.0 1044.494 1054.987 1065.48 1075.973 1087.374 1099.325 1111.275 1123.226 1135.239 1147.912 1160.585 1173.258 1185.93 1197.22 1207.383 1217.545 1227.707 1237.869 1248.061 1258.252 1268.443 1278.635 1289.952 1302.499 1315.046 1327.592 1340.139 1349.888 1359.466 1369.043 1378.62 1385.343 1387.886 1390.429 1392.973 1395.516 1395.453 1395.0 1394.546 1394.092 1394.802 1397.838 1400.874 1403.91
861.6271 868.4988 875.3705 882.2422 889.114 898.5799 908.829 919.0778 929.3268 939.8781 951.4302 962.9823 974.5344 986.0865 996.8771 1007.335 1017.792 1028.25 1038.758 1049.536 1060.314 1071.092 1081.87 1093.538 1105.744 1117.95 1130.157 1142.366 1154.609 1166.852 1179.095 1191.338 1202.115 1211.695 1221.275 1230.855 1240.437 1250.107 1259.777 1269.448 1279.118 1289.975 1302.127 1314.28 1326.432 1338.584 1348.246 1357.755 1367.263 1376.772 1383.445 1385.968 1388.491 1391.013 1393.536 1393.493 1393.066 1392.638 1392.211 1393.076 1396.527 1399.978 1403.43
853.6398 861.4643 869.2887 877.1132 884.9376 895.1577 906.1011 917.0443 927.9877 939.3331 952.0102 964.6873 977.3644 990.0414 1001.672 1012.846 1024.019 1035.193 1046.357 1057.474 1068.591 1079.708 1090.825 1102.55 1114.644 1126.737 1138.83 1150.855 1162.161 1173.468 1184.774 1196.08 1205.974 1214.714 1223.455 1232.196 1240.943 1250.139 1259.336 1268.532 1277.729 1288.079 1299.688 1311.297 1322.905 1334.514 1344.033 1353.423 1362.813 1372.203 1378.909 1381.685 1384.46 1387.236 1390.011 1390.095 1389.776 1389.456 1389.136 1390.184 1393.969 1397.754 1401.539
845.6526 854.4297 863.2069 871.984 880.7611 891.7355 903.3733 915.0109 926.6486 938.7882 952.5903 966.3923 980.1943 993.9964 1006.468 1018.357 1030.246 1042.135 1053.956 1065.412 1076.868 1088.324 1099.78 1111.563 1123.543 1135.523 1147.503 1159.344 1169.713 1180.083 1190.453 1200.823 1209.833 1217.734 1225.635 1233.536 1241.449 1250.172 1258.895 1267.617 1276.34 1286.183 1297.248 1308.313 1319.378 1330.443 1339.819 1349.091 1358.363 1367.634 1374.373 1377.401 1380.43 1383.458 1386.487 1386.697 1386.485 1386.273 1386.061 1387.292 1391.411 1395.529 1399.648
837.6655 847.3953 857.1251 866.8549 876.5847 888.3134 900.6455 912.9774 925.3094 938.2432 953.1703 968.0973 983.0244 997.9514 1011.263 1023.868 1036.473 1049.078 1061.554 1073.35 1085.145 1096.94 1108.735 1120.575 1132.443 1144.31 1156.177 1167.832 1177.266 1186.699 1196.132 1205.565 1213.692 1220.754 1227.815 1234.876 1241.955 1250.204 1258.453 1266.702 1274.952 1284.287 1294.809 1305.33 1315.852 1326.373 1335.606 1344.759 1353.912 1363.066 1369.836 1373.118 1376.399 1379.681 1382.962 1383.299 1383.195 1383.09 1382.986 1384.4 1388.853 1393.305 1397.757
829.8078 840.4788 851.1497 861.8207 872.4916 884.9565 897.9628 910.9689 923.9752 937.6817 953.7078 969.7339 985.7599 1001.786 1015.919 1029.224 1042.529 1055.833 1068.95 1081.075 1093.2 1105.325 1117.449 1129.344 1141.099 1152.854 1164.609 1176.082 1184.585 1193.089 1201.593 1210.097 1217.35 1223.584 1229.818 1236.052 1242.309 1250.096 1257.883 1265.671 1273.458 1282.299 1292.288 1302.278 1312.268 1322.257 1331.345 1340.378 1349.41 1358.443 1365.244 1368.776 1372.308 1375.841 1379.373 1379.848 1379.864 1379.88 1379.896 1381.499 1386.275 1391.052 1395.828
826.2897 837.515 848.7404 859.9658 871.1911 883.7844 896.7908 909.7968 922.8032 936.5634 952.8209 969.0784 985.3359 1001.594 1015.906 1029.366 1042.827 1056.288 1069.538 1081.673 1093.809 1105.944 1118.08 1129.931 1141.611 1153.291 1164.971 1176.314 1184.124 1191.933 1199.742 1207.552 1214.265 1220.085 1225.904 1231.724 1237.571 1245.294 1253.016 1260.739 1268.462 1277.205 1287.06 1296.915 1306.77 1316.625 1325.518 1334.351 1343.184 1352.018 1358.772 1362.482 1366.192 1369.902 1373.612 1374.592 1375.162 1375.733 1376.303 1378.278 1383.059 1387.841 1392.623
822.7716 834.5513 846.3311 858.1108 869.8906 882.6124 895.6188 908.6248 921.6312 935.445 951.934 968.423 984.9119 1001.401 1015.892 1029.509 1043.126 1056.743 1070.125 1082.272 1094.418 1106.564 1118.711 1130.519 1142.124 1153.728 1165.333 1176.547 1183.662 1190.777 1197.892 1205.007 1211.18 1216.585 1221.991 1227.396 1232.833 1240.491 1248.15 1255.808 1263.466 1272.111 1281.831 1291.552 1301.272 1310.993 1319.69 1328.324 1336.958 1345.593 1352.301 1356.188 1360.076 1363.963 1367.851 1369.336 1370.461 1371.586 1372.711 1375.056 1379.844 1384.631 1389.418
819.2534 831.5876 843.9217 856.2559 868.59 881.4404 894.4467 907.4528 920.4591 934.3267 951.0471 967.7675 984.4879 1001.208 1015.878 1029.651 1043.425 1057.198 1070.713 1082.87 1095.027 1107.184 1119.341 1131.107 1142.636 1154.165 1165.694 1176.779 1183.2 1189.621 1196.042 1202.462 1208.095 1213.086 1218.077 1223.067 1228.096 1235.689 1243.283 1250.876 1258.47 1267.016 1276.602 1286.188 1295.774 1305.36 1313.862 1322.297 1330.732 1339.167 1345.829 1349.894 1353.959 1358.025 1362.09 1364.08 1365.76 1367.439 1369.118 1371.835 1376.628 1381.421 1386.213
815.7353 828.6238 841.5124 854.4009 867.2894 880.2684 893.2747 906.2808 919.2871 933.2083 950.1602 967.112 984.0639 1001.016 1015.865 1029.794 1043.723 1057.652 1071.301 1083.469 1095.636 1107.804 1119.972 1131.695 1143.149 1154.602 1166.056 1177.012 1182.738 1188.465 1194.191 1199.917 1205.01 1209.587 1214.163 1218.739 1223.358 1230.887 1238.416 1245.945 1253.474 1261.922 1271.374 1280.825 1290.276 1299.728 1308.034 1316.27 1324.506 1332.742 1339.358 1343.6 1347.843 1352.086 1356.329 1358.825 1361.058 1363.292 1365.526 1368.614 1373.412 1378.21 1383.008
810.6079 823.9427 837.2775 850.6124 863.9471 876.9802 889.9221 902.8638 915.8058 929.6739 946.6101 963.5463 980.4825 997.4187 1012.357 1026.422 1040.487 1054.551 1068.29 1080.309 1092.328 1104.347 1116.366 1128.011 1139.431 1150.85 1162.27 1173.165 1178.555 1183.945 1189.335 1194.725 1199.519 1203.828 1208.136 1212.444 1216.799 1224.284 1231.769 1239.254 1246.739 1255.197 1264.717 1274.238 1283.758 1293.278 1301.542 1309.728 1317.914 1326.1 1332.735 1337.099 1341.462 1345.826 1350.19 1353.15 1355.899 1358.649 1361.398 1364.825 1369.605 1374.385 1379.165
803.725 817.3881 831.0513 844.7144 858.3775 871.3833 884.1907 896.9979 909.8052 923.5038 940.1548 956.8057 973.4566 990.1075 1005.038 1019.216 1033.393 1047.571 1061.353 1073.049 1084.745 1096.441 1108.137 1119.668 1131.098 1142.529 1153.959 1164.869 1170.312 1175.756 1181.2 1186.644 1191.403 1195.604 1199.804 1204.005 1208.253 1215.716 1223.18 1230.643 1238.107 1246.693 1256.504 1266.315 1276.126 1285.937 1294.323 1302.622 1310.922 1319.221 1325.947 1330.37 1334.793 1339.216 1343.639 1347.018 1350.242 1353.465 1356.688 1360.416 1365.153 1369.89 1374.627
796.8421 810.8335 824.825 838.8164 852.8079 865.7864 878.4592 891.1318 903.8046 917.3337 933.6994 950.0651 966.4307 982.7964 997.7186 1012.009 1026.3 1040.591 1054.416 1065.789 1077.163 1088.536 1099.909 1111.324 1122.766 1134.207 1145.648 1156.572 1162.07 1167.567 1173.065 1178.562 1183.286 1187.379 1191.473 1195.566 1199.707 1207.149 1214.591 1222.033 1229.475 1238.189 1248.29 1258.392 1268.494 1278.595 1287.105 1295.517 1303.929 1312.342 1319.159 1323.641 1328.123 1332.605 1337.088 1340.887 1344.584 1348.28 1351.977 1356.006 1360.7 1365.395 1370.089
789.9592 804.2789 818.5987 832.9185 847.2382 860.1895 872.7278 885.2658 897.8041 911.1637 927.2441 943.3245 959.4048 975.4852 990.3992 1004.803 1019.207 1033.61 1047.48 1058.53 1069.58 1080.63 1091.68 1102.981 1114.433 1125.885 1137.337 1148.275 1153.827 1159.378 1164.929 1170.481 1175.17 1179.155 1183.141 1187.126 1191.161 1198.582 1206.002 1213.423 1220.843 1229.685 1240.077 1250.469 1260.861 1271.253 1279.887 1288.412 1296.937 1305.462 1312.371 1316.912 1321.454 1325.995 1330.537 1334.755 1338.926 1343.096 1347.267 1351.597 1356.248 1360.899 1365.55
783.0762 797.7243 812.3724 827.0204 841.6685 854.5927 866.9963 879.3998 891.8035 904.9936 920.7888 936.5839 952.379 968.1741 983.0799 997.5967 1012.113 1026.63 1040.543 1051.27 1061.997 1072.725 1083.452 1094.637 1106.1 1117.563 1129.026 1139.979 1145.584 1151.189 1156.794 1162.4 1167.053 1170.931 1174.809 1178.687 1182.616 1190.015 1197.413 1204.812 1212.211 1221.181 1231.863 1242.546 1253.229 1263.912 1272.669 1281.307 1289.945 1298.583 1305.583 1310.184 1314.784 1319.385 1323.986 1328.624 1333.268 1337.912 1342.556 1347.188 1351.796 1356.404 1361.012
