data/zism_data/00089_04_D.txt
ncols         224
nrows         224
[rows 140 to 167 of 224, columns 0 to 62 of 224]
1309.318 1292.555 1278.244 1264.56 1250.875 1237.19 1225.695 1221.1 1216.505 1211.911 1207.316 1204.276 1201.953 1199.629 1197.305 1194.937 1192.275 1189.613 1186.951 1184.289 1181.516 1178.66 1175.804 1172.948 1170.097 1167.533 1164.97 1162.406 1159.843 1158.49 1158.549 1158.608 1158.667 1158.727 1161.332 1164.202 1167.072 1169.942 1172.744 1175.42 1178.096 1180.772 1183.448 1185.742 1187.936 1190.131 1192.326 1194.69 1197.594 1200.497 1203.401 1206.304 1210.69 1215.765 1220.841 1225.916 1230.991 1236.061 1241.131 1246.201 1251.271 1257.509 1264.623
1316.65 1299.411 1284.805 1270.869 1256.934 1242.998 1231.18 1226.035 1220.891 1215.746 1210.601 1207.089 1204.328 1201.566 1198.804 1196.036 1193.225 1190.413 1187.602 1184.791 1181.81 1178.703 1175.596 1172.489 1169.39 1166.714 1164.039 1161.363 1158.687 1157.272 1157.326 1157.379 1157.433 1157.487 1160.324 1163.45 1166.576 1169.703 1172.774 1175.744 1178.713 1181.682 1184.652 1187.116 1189.45 1191.784 1194.117 1196.704 1200.098 1203.493 1206.888 1210.282 1215.589 1221.785 1227.981 1234.178 1240.327 1246.155 1251.983 1257.811 1263.639 1269.794 1276.193
1324.289 1306.716 1291.827 1277.624 1263.42 1249.216 1237.062 1231.369 1225.675 1219.982 1214.288 1210.293 1207.079 1203.865 1200.651 1197.463 1194.455 1191.448 1188.44 1185.432 1182.222 1178.863 1175.503 1172.144 1168.794 1165.999 1163.203 1160.408 1157.613 1156.118 1156.14 1156.162 1156.185 1156.207 1159.276 1162.661 1166.047 1169.432 1172.779 1176.055 1179.33 1182.605 1185.88 1188.541 1191.042 1193.543 1196.044 1198.88 1202.783 1206.686 1210.589 1214.493 1220.691 1227.958 1235.225 1242.491 1249.666 1256.212 1262.757 1269.302 1275.848 1281.911 1287.613
1336.304 1320.386 1305.425 1290.709 1275.993 1261.277 1248.604 1242.372 1236.139 1229.906 1223.674 1219.055 1215.18 1211.304 1207.428 1203.552 1199.68 1195.807 1191.935 1188.062 1184.325 1180.688 1177.051 1173.414 1169.787 1166.762 1163.738 1160.713 1157.688 1155.882 1155.499 1155.115 1154.732 1154.348 1157.654 1161.344 1165.034 1168.724 1172.437 1176.193 1179.948 1183.704 1187.459 1190.677 1193.754 1196.832 1199.909 1203.364 1208.026 1212.687 1217.348 1222.009 1228.689 1236.307 1243.927 1251.545 1259.046 1265.73 1272.414 1279.098 1285.782 1291.646 1296.894
1348.319 1334.056 1319.023 1303.795 1288.567 1273.338 1260.147 1253.375 1246.603 1239.831 1233.059 1227.818 1223.28 1218.743 1214.205 1209.641 1204.904 1200.167 1195.43 1190.693 1186.427 1182.513 1178.598 1174.683 1170.78 1167.526 1164.271 1161.017 1157.763 1155.646 1154.857 1154.068 1153.279 1152.49 1156.033 1160.027 1164.021 1168.016 1172.094 1176.33 1180.566 1184.802 1189.038 1192.812 1196.466 1200.12 1203.774 1207.849 1213.268 1218.687 1224.106 1229.525 1236.686 1244.657 1252.628 1260.6 1268.425 1275.248 1282.071 1288.894 1295.717 1301.381 1306.176
1360.335 1347.725 1332.621 1316.881 1301.14 1285.399 1271.689 1264.378 1257.067 1249.756 1242.445 1236.581 1231.381 1226.182 1220.982 1215.73 1210.129 1204.527 1198.925 1193.323 1188.529 1184.337 1180.145 1175.953 1171.773 1168.289 1164.805 1161.321 1157.838 1155.41 1154.216 1153.021 1151.826 1150.631 1154.412 1158.711 1163.009 1167.307 1171.752 1176.468 1181.185 1185.901 1190.617 1194.948 1199.178 1203.409 1207.639 1212.334 1218.511 1224.688 1230.865 1237.042 1244.683 1253.007 1261.33 1269.654 1277.805 1284.766 1291.728 1298.69 1305.651 1311.117 1315.457
1372.35 1361.396 1346.22 1329.967 1313.714 1297.46 1283.231 1275.381 1267.531 1259.681 1251.831 1245.343 1239.482 1233.621 1227.759 1221.82 1215.353 1208.887 1202.42 1195.953 1190.632 1186.162 1181.692 1177.223 1172.766 1169.053 1165.339 1161.626 1157.912 1155.175 1153.574 1151.974 1150.373 1148.773 1152.791 1157.394 1161.996 1166.599 1171.409 1176.606 1181.803 1187.0 1192.196 1197.083 1201.891 1206.697 1211.504 1216.818 1223.753 1230.688 1237.623 1244.558 1252.681 1261.357 1270.032 1278.708 1287.184 1294.285 1301.385 1308.485 1315.586 1320.852 1324.739
1381.357 1372.009 1357.491 1341.653 1325.814 1309.976 1295.941 1287.589 1279.237 1270.885 1262.533 1255.428 1248.897 1242.366 1235.835 1229.202 1221.881 1214.56 1207.24 1199.919 1193.957 1189.006 1184.054 1179.103 1174.165 1169.957 1165.749 1161.541 1157.333 1154.135 1152.113 1150.091 1148.069 1146.047 1150.351 1155.314 1160.276 1165.239 1170.517 1176.382 1182.248 1188.113 1193.978 1199.532 1205.006 1210.479 1215.952 1221.92 1229.467 1237.014 1244.561 1252.109 1260.607 1269.547 1278.488 1287.428 1296.128 1303.163 1310.198 1317.233 1324.268 1329.43 1333.184
1387.312 1379.522 1366.401 1351.918 1337.436 1322.953 1309.835 1301.019 1292.203 1283.386 1274.57 1266.855 1259.646 1252.437 1245.228 1237.895 1229.731 1221.567 1213.403 1205.24 1198.523 1192.883 1187.243 1181.603 1175.975 1171.004 1166.033 1161.062 1156.091 1152.279 1149.819 1147.36 1144.9 1142.44 1147.081 1152.46 1157.839 1163.217 1169.067 1175.792 1182.516 1189.241 1195.965 1202.298 1208.53 1214.761 1220.992 1227.648 1235.659 1243.671 1251.682 1259.694 1268.46 1277.576 1286.693 1295.81 1304.628 1311.391 1318.154 1324.917 1331.68 1336.835 1340.781
1393.266 1387.036 1375.311 1362.184 1349.057 1335.93 1323.73 1314.449 1305.168 1295.888 1286.607 1278.281 1270.394 1262.507 1254.62 1246.589 1237.582 1228.574 1219.567 1210.56 1203.089 1196.76 1190.432 1184.104 1177.786 1172.051 1166.317 1160.583 1154.848 1150.424 1147.526 1144.629 1141.731 1138.834 1143.811 1149.606 1155.401 1161.196 1167.617 1175.201 1182.785 1190.369 1197.953 1205.064 1212.054 1219.043 1226.032 1233.376 1241.852 1250.327 1258.803 1267.279 1276.313 1285.605 1294.898 1304.191 1313.129 1319.62 1326.11 1332.601 1339.092 1344.24 1348.378
1399.221 1394.548 1384.221 1372.45 1360.679 1348.907 1337.624 1327.879 1318.134 1308.389 1298.644 1289.708 1281.143 1272.578 1264.013 1255.282 1245.432 1235.581 1225.731 1215.88 1207.654 1200.638 1193.621 1186.604 1179.596 1173.098 1166.601 1160.103 1153.605 1148.568 1145.233 1141.898 1138.563 1135.228 1140.54 1146.752 1152.963 1159.174 1166.167 1174.61 1183.053 1191.497 1199.94 1207.83 1215.578 1223.325 1231.072 1239.103 1248.044 1256.984 1265.924 1274.864 1284.165 1293.634 1303.103 1312.572 1321.629 1327.848 1334.067 1340.285 1346.504 1351.644 1355.974
1405.175 1402.062 1393.131 1382.715 1372.3 1361.885 1351.519 1341.309 1331.1 1320.891 1310.681 1301.134 1291.891 1282.649 1273.406 1263.976 1253.282 1242.588 1231.895 1221.201 1212.22 1204.515 1196.809 1189.104 1181.406 1174.146 1166.885 1159.624 1152.363 1146.712 1142.94 1139.167 1135.394 1131.622 1137.27 1143.898 1150.525 1157.153 1164.717 1174.02 1183.322 1192.625 1201.927 1210.596 1219.102 1227.607 1236.112 1244.831 1254.236 1263.64 1273.045 1282.45 1292.018 1301.663 1311.308 1320.953 1330.13 1336.076 1342.023 1347.969 1353.915 1359.049 1363.571
1406.133 1403.504 1396.118 1387.519 1378.919 1370.32 1361.519 1352.082 1342.645 1333.208 1323.772 1313.464 1302.757 1292.05 1281.343 1270.562 1259.287 1248.012 1236.737 1225.463 1215.485 1206.472 1197.46 1188.448 1179.456 1171.645 1163.833 1156.022 1148.21 1142.208 1138.314 1134.42 1130.527 1126.633 1131.737 1137.777 1143.816 1149.856 1157.235 1167.099 1176.964 1186.83 1196.695 1206.36 1215.975 1225.589 1235.204 1244.873 1254.717 1264.561 1274.405 1284.25 1294.568 1305.106 1315.645 1326.184 1336.242 1342.99 1349.738 1356.486 1363.233 1369.03 1374.11
1406.696 1404.468 1398.64 1391.892 1385.145 1378.397 1371.212 1362.645 1354.078 1345.511 1336.945 1325.866 1313.632 1301.399 1289.165 1276.983 1265.147 1253.312 1241.476 1229.641 1218.647 1208.279 1197.911 1187.542 1177.21 1168.865 1160.519 1152.174 1143.829 1137.495 1133.505 1129.515 1125.525 1121.535 1126.026 1131.399 1136.771 1142.144 1149.277 1159.681 1170.085 1180.49 1190.894 1201.573 1212.325 1223.076 1233.827 1244.466 1254.748 1265.03 1275.312 1285.594 1296.699 1308.188 1319.677 1331.166 1342.166 1349.8 1357.434 1365.068 1372.701 1379.213 1384.881
1407.26 1405.432 1401.161 1396.265 1391.37 1386.475 1380.905 1373.208 1365.511 1357.814 1350.118 1338.267 1324.507 1310.747 1296.987 1283.403 1271.007 1258.611 1246.215 1233.819 1221.809 1210.085 1198.361 1186.637 1174.963 1166.084 1157.205 1148.327 1139.448 1132.781 1128.696 1124.61 1120.524 1116.438 1120.315 1125.021 1129.726 1134.431 1141.32 1152.263 1163.206 1174.149 1185.092 1196.786 1208.674 1220.562 1232.45 1244.06 1254.78 1265.499 1276.219 1286.938 1298.831 1311.27 1323.709 1336.148 1348.09 1356.61 1365.13 1373.65 1382.169 1389.396 1395.651
1407.824 1406.396 1403.682 1400.639 1397.595 1394.552 1390.598 1383.771 1376.944 1370.117 1363.291 1350.669 1335.382 1320.095 1304.809 1289.823 1276.867 1263.91 1250.954 1237.998 1224.971 1211.891 1198.812 1185.732 1172.717 1163.304 1153.891 1144.479 1135.066 1128.068 1123.886 1119.704 1115.522 1111.341 1114.605 1118.643 1122.681 1126.719 1133.362 1144.845 1156.327 1167.809 1179.291 1191.999 1205.024 1218.049 1231.074 1243.654 1254.811 1265.968 1277.125 1288.283 1300.963 1314.352 1327.741 1341.13 1354.014 1363.42 1372.826 1382.231 1391.637 1399.58 1406.422
1408.055 1406.929 1405.31 1403.565 1401.82 1400.075 1397.278 1391.161 1385.043 1378.926 1372.809 1359.452 1342.764 1326.077 1309.39 1293.086 1279.369 1265.652 1251.935 1238.218 1224.37 1210.425 1196.481 1182.536 1168.668 1159.086 1149.504 1139.922 1130.341 1123.347 1119.37 1115.394 1111.417 1107.441 1110.101 1113.451 1116.801 1120.151 1126.379 1137.951 1149.524 1161.097 1172.669 1186.153 1200.132 1214.11 1228.089 1241.549 1253.352 1265.155 1276.958 1288.761 1302.413 1316.926 1331.438 1345.951 1359.95 1370.41 1380.87 1391.33 1401.79 1410.439 1417.727
1407.689 1406.685 1405.333 1403.893 1402.452 1401.012 1398.546 1392.851 1387.156 1381.46 1375.765 1361.735 1343.874 1326.012 1308.151 1290.68 1275.842 1261.004 1246.166 1231.328 1217.011 1203.083 1189.154 1175.225 1161.381 1152.285 1143.189 1134.093 1124.997 1118.609 1115.38 1112.151 1108.922 1105.693 1107.766 1110.39 1113.014 1115.638 1121.143 1132.001 1142.858 1153.716 1164.573 1178.405 1193.009 1207.612 1222.215 1236.393 1249.216 1262.038 1274.861 1287.683 1302.639 1318.588 1334.536 1350.484 1365.909 1377.725 1389.541 1401.356 1413.172 1422.513 1429.992
1407.322 1406.441 1405.357 1404.22 1403.084 1401.948 1399.815 1394.541 1389.268 1383.994 1378.72 1364.019 1344.984 1325.948 1306.912 1288.274 1272.315 1256.356 1240.397 1224.438 1209.652 1195.74 1181.827 1167.914 1154.095 1145.484 1136.874 1128.264 1119.653 1113.872 1111.39 1108.908 1106.426 1103.945 1105.43 1107.328 1109.226 1111.125 1115.908 1126.05 1136.193 1146.335 1156.477 1170.658 1185.886 1201.113 1216.341 1231.238 1245.08 1258.922 1272.764 1286.606 1302.865 1320.249 1337.634 1355.018 1371.868 1385.04 1398.211 1411.383 1424.554 1434.586 1442.258
1406.956 1406.197 1405.38 1404.548 1403.716 1402.884 1401.084 1396.232 1391.38 1386.528 1381.675 1366.303 1346.093 1325.883 1305.673 1285.867 1268.788 1251.708 1234.628 1217.548 1202.294 1188.397 1174.5 1160.604 1146.808 1138.683 1130.559 1122.434 1114.31 1109.135 1107.4 1105.666 1103.931 1102.196 1103.095 1104.267 1105.439 1106.611 1110.673 1120.1 1129.527 1138.954 1148.381 1162.911 1178.763 1194.615 1210.467 1226.083 1240.944 1255.806 1270.667 1285.528 1303.091 1321.911 1340.731 1359.551 1377.828 1392.354 1406.882 1421.409 1435.936 1446.66 1454.524
1406.589 1405.953 1405.404 1404.876 1404.348 1403.82 1402.353 1397.922 1393.492 1389.061 1384.631 1368.587 1347.203 1325.818 1304.434 1283.461 1265.261 1247.06 1228.859 1210.659 1194.935 1181.054 1167.174 1153.293 1139.522 1131.883 1124.244 1116.605 1108.966 1104.398 1103.41 1102.423 1101.436 1100.448 1100.76 1101.206 1101.652 1102.098 1105.438 1114.149 1122.861 1131.573 1140.285 1155.163 1171.64 1188.116 1204.593 1220.927 1236.808 1252.689 1268.57 1284.451 1303.317 1323.573 1343.829 1364.085 1383.786 1399.669 1415.552 1431.435 1447.318 1458.733 1466.789
1405.891 1405.399 1404.963 1404.542 1404.12 1403.699 1402.347 1398.06 1393.774 1389.487 1385.201 1368.709 1346.605 1324.501 1302.397 1280.7 1261.744 1242.789 1223.833 1204.878 1189.063 1175.586 1162.108 1148.631 1135.265 1128.183 1121.102 1114.02 1106.938 1102.809 1102.123 1101.437 1100.751 1100.065 1100.219 1100.462 1100.704 1100.946 1104.126 1112.762 1121.398 1130.035 1138.671 1154.34 1171.833 1189.325 1206.817 1224.004 1240.214 1256.424 1272.634 1288.845 1308.265 1329.178 1350.091 1371.004 1391.316 1407.486 1423.656 1439.826 1455.995 1467.495 1475.482
1405.103 1404.76 1404.398 1404.03 1403.662 1403.294 1401.999 1397.782 1393.565 1389.347 1385.13 1368.251 1345.549 1322.848 1300.146 1277.843 1258.231 1238.619 1219.007 1199.395 1183.591 1170.62 1157.65 1144.68 1131.822 1125.317 1118.812 1112.307 1105.801 1102.066 1101.562 1101.057 1100.552 1100.047 1100.161 1100.339 1100.518 1100.696 1103.868 1112.6 1121.332 1130.065 1138.797 1155.376 1173.989 1192.603 1211.216 1229.291 1245.645 1261.999 1278.353 1294.708 1314.479 1335.841 1357.203 1378.564 1399.268 1415.438 1431.607 1447.777 1463.947 1475.367 1483.216
1404.315 1404.122 1403.832 1403.518 1403.203 1402.888 1401.651 1397.503 1393.355 1389.208 1385.06 1367.793 1344.494 1321.194 1297.894 1274.986 1254.718 1234.449 1214.181 1193.912 1178.119 1165.655 1153.192 1140.728 1128.379 1122.451 1116.522 1110.593 1104.664 1101.323 1101.0 1100.677 1100.354 1100.03 1100.103 1100.217 1100.332 1100.446 1103.61 1112.438 1121.266 1130.095 1138.923 1156.412 1176.146 1195.88 1215.614 1234.577 1251.076 1267.574 1284.073 1300.571 1320.694 1342.504 1364.314 1386.124 1407.219 1423.389 1439.559 1455.729 1471.898 1483.239 1490.949
1403.527 1403.484 1403.267 1403.005 1402.744 1402.483 1401.303 1397.224 1393.146 1389.068 1384.989 1367.335 1343.438 1319.54 1295.643 1272.129 1251.204 1230.279 1209.354 1188.429 1172.646 1160.69 1148.734 1136.777 1124.936 1119.584 1114.232 1108.879 1103.527 1100.58 1100.439 1100.297 1100.155 1100.013 1100.045 1100.095 1100.145 1100.195 1103.351 1112.276 1121.2 1130.125 1139.049 1157.448 1178.303 1199.158 1220.013 1239.864 1256.507 1273.149 1289.792 1306.434 1326.91 1349.168 1371.426 1393.684 1415.171 1431.341 1447.511 1463.68 1479.85 1491.112 1498.683
1401.736 1402.167 1402.118 1401.946 1401.775 1401.603 1400.482 1396.369 1392.256 1388.143 1384.03 1366.264 1342.219 1318.173 1294.128 1270.439 1249.15 1227.86 1206.571 1185.282 1169.543 1157.935 1146.326 1134.718 1123.224 1118.156 1113.088 1108.02 1102.952 1100.201 1100.152 1100.103 1100.054 1100.005 1100.032 1100.067 1100.102 1100.137 1103.357 1112.494 1121.63 1130.766 1139.902 1159.182 1181.092 1203.001 1224.91 1245.603 1262.41 1279.216 1296.022 1312.829 1333.364 1355.633 1377.903 1400.172 1421.642 1437.601 1453.561 1469.52 1485.48 1496.616 1504.125
1396.366 1398.431 1398.888 1398.935 1398.982 1399.03 1397.977 1393.459 1388.94 1384.421 1379.903 1363.007 1340.419 1317.83 1295.242 1272.909 1252.298 1231.687 1211.075 1190.464 1174.889 1163.062 1151.234 1139.407 1127.685 1121.859 1116.033 1110.207 1104.381 1101.119 1100.845 1100.572 1100.299 1100.026 1100.177 1100.372 1100.567 1100.762 1104.305 1114.066 1123.827 1133.587 1143.348 1163.405 1186.131 1208.857 1231.583 1252.954 1269.995 1287.037 1304.078 1321.119 1340.672 1361.394 1382.116 1402.837 1422.834 1437.832 1452.831 1467.83 1482.828 1493.674 1501.397
1390.997 1394.694 1395.658 1395.924 1396.19 1396.456 1395.472 1390.548 1385.624 1380.699 1375.775 1359.749 1338.618 1317.487 1296.356 1275.38 1255.447 1235.513 1215.579 1195.646 1180.234 1168.188 1156.143 1144.097 1132.146 1125.562 1118.979 1112.395 1105.811 1102.037 1101.539 1101.042 1100.544 1100.047 1100.322 1100.677 1101.032 1101.388 1105.254 1115.639 1126.024 1136.409 1146.794 1167.628 1191.171 1214.713 1238.256 1260.305 1277.581 1294.857 1312.133 1329.41 1347.981 1367.154 1386.328 1405.502 1424.025 1438.063 1452.101 1466.139 1480.177 1490.732 1498.668
