data/zism_data/00085_04_D.txt
ncols         224
nrows         224
[rows 174 to 202 of 224, columns 128 to 191 of 224]
1525.512 1525.532 1525.76 1525.987 1526.215 1526.443 1526.575 1526.68 1526.784 1526.888 1526.997 1527.127 1527.256 1527.386 1527.516 1527.611 1527.684 1527.756 1527.829 1527.902 1527.982 1528.062 1528.142 1528.222 1528.295 1528.361 1528.426 1528.492 1528.557 1528.483 1528.385 1528.287 1528.188 1528.11 1528.085 1528.06 1528.036 1528.011 1528.036 1528.085 1528.133 1528.182 1528.238 1528.368 1528.498 1528.627 1528.757 1528.882 1529.004 1529.125 1529.246 1529.367 1529.526 1529.688 1529.85 1530.012 1530.117 1530.117 1530.117 1530.117 1530.117 1530.117 1530.117 1530.117
1525.648 1525.693 1525.964 1526.234 1526.505 1526.775 1526.901 1526.984 1527.067 1527.149 1527.243 1527.384 1527.524 1527.664 1527.805 1527.904 1527.977 1528.049 1528.122 1528.195 1528.253 1528.312 1528.37 1528.429 1528.5 1528.587 1528.674 1528.76 1528.847 1528.749 1528.619 1528.488 1528.358 1528.252 1528.211 1528.171 1528.13 1528.089 1528.109 1528.158 1528.206 1528.255 1528.313 1528.453 1528.593 1528.734 1528.874 1529.004 1529.126 1529.247 1529.368 1529.489 1529.653 1529.82 1529.988 1530.155 1530.263 1530.263 1530.263 1530.263 1530.263 1530.263 1530.263 1530.263
1526.09 1526.141 1526.398 1526.656 1526.913 1527.171 1527.279 1527.344 1527.408 1527.472 1527.549 1527.678 1527.806 1527.935 1528.064 1528.154 1528.218 1528.282 1528.347 1528.411 1528.479 1528.547 1528.615 1528.683 1528.748 1528.809 1528.87 1528.93 1528.991 1528.89 1528.761 1528.633 1528.504 1528.398 1528.355 1528.312 1528.269 1528.226 1528.242 1528.285 1528.328 1528.371 1528.426 1528.579 1528.733 1528.887 1529.041 1529.175 1529.29 1529.406 1529.521 1529.637 1529.801 1529.968 1530.135 1530.301 1530.41 1530.41 1530.41 1530.41 1530.41 1530.41 1530.41 1530.41
1526.812 1526.851 1527.044 1527.238 1527.431 1527.625 1527.706 1527.755 1527.803 1527.851 1527.909 1528.006 1528.103 1528.199 1528.296 1528.364 1528.412 1528.461 1528.509 1528.559 1528.664 1528.769 1528.874 1528.979 1529.035 1529.026 1529.018 1529.01 1529.001 1528.917 1528.821 1528.724 1528.627 1528.548 1528.515 1528.483 1528.451 1528.418 1528.43 1528.463 1528.495 1528.527 1528.574 1528.743 1528.913 1529.083 1529.253 1529.389 1529.494 1529.599 1529.704 1529.809 1529.967 1530.128 1530.29 1530.451 1530.556 1530.556 1530.556 1530.556 1530.556 1530.556 1530.556 1530.556
1527.535 1527.56 1527.69 1527.82 1527.949 1528.079 1528.133 1528.166 1528.198 1528.231 1528.269 1528.334 1528.399 1528.464 1528.529 1528.574 1528.606 1528.639 1528.671 1528.706 1528.848 1528.991 1529.133 1529.276 1529.322 1529.244 1529.167 1529.089 1529.011 1528.945 1528.88 1528.815 1528.75 1528.697 1528.675 1528.654 1528.632 1528.61 1528.619 1528.64 1528.662 1528.683 1528.722 1528.907 1529.093 1529.279 1529.465 1529.603 1529.697 1529.792 1529.886 1529.98 1530.133 1530.289 1530.445 1530.601 1530.703 1530.703 1530.703 1530.703 1530.703 1530.703 1530.703 1530.703
1528.257 1528.27 1528.336 1528.401 1528.467 1528.533 1528.561 1528.577 1528.593 1528.61 1528.629 1528.662 1528.695 1528.728 1528.761 1528.784 1528.8 1528.817 1528.833 1528.853 1529.033 1529.213 1529.393 1529.572 1529.609 1529.462 1529.315 1529.168 1529.021 1528.972 1528.939 1528.906 1528.873 1528.846 1528.835 1528.824 1528.813 1528.802 1528.807 1528.818 1528.828 1528.839 1528.87 1529.072 1529.273 1529.475 1529.677 1529.817 1529.901 1529.985 1530.068 1530.152 1530.298 1530.449 1530.6 1530.751 1530.849 1530.849 1530.849 1530.849 1530.849 1530.849 1530.849 1530.849
1528.979 1528.979 1528.981 1528.983 1528.985 1528.987 1528.988 1528.988 1528.989 1528.989 1528.99 1528.99 1528.991 1528.992 1528.993 1528.994 1528.994 1528.995 1528.995 1529.0 1529.218 1529.435 1529.652 1529.869 1529.896 1529.68 1529.464 1529.248 1529.031 1528.999 1528.998 1528.997 1528.996 1528.996 1528.995 1528.995 1528.995 1528.994 1528.995 1528.995 1528.995 1528.995 1529.018 1529.236 1529.453 1529.671 1529.889 1530.031 1530.104 1530.178 1530.251 1530.324 1530.464 1530.61 1530.756 1530.901 1530.996 1530.996 1530.996 1530.996 1530.996 1530.996 1530.996 1530.996
1530.138 1530.094 1529.969 1529.845 1529.721 1529.597 1529.525 1529.468 1529.411 1529.354 1529.304 1529.284 1529.263 1529.242 1529.222 1529.226 1529.247 1529.267 1529.288 1529.312 1529.484 1529.655 1529.827 1529.998 1530.011 1529.818 1529.626 1529.434 1529.241 1529.2 1529.185 1529.169 1529.154 1529.146 1529.162 1529.177 1529.193 1529.208 1529.235 1529.266 1529.297 1529.328 1529.373 1529.545 1529.716 1529.888 1530.06 1530.175 1530.237 1530.299 1530.362 1530.424 1530.545 1530.669 1530.794 1530.919 1531.015 1531.056 1531.097 1531.139 1531.18 1531.194 1531.199 1531.204
1531.31 1531.22 1530.968 1530.716 1530.464 1530.212 1530.066 1529.95 1529.835 1529.719 1529.618 1529.576 1529.534 1529.492 1529.45 1529.459 1529.501 1529.543 1529.585 1529.628 1529.752 1529.876 1529.999 1530.123 1530.12 1529.954 1529.789 1529.623 1529.457 1529.406 1529.375 1529.343 1529.312 1529.297 1529.329 1529.36 1529.392 1529.423 1529.476 1529.539 1529.602 1529.665 1529.734 1529.858 1529.982 1530.105 1530.229 1530.316 1530.367 1530.419 1530.471 1530.522 1530.623 1530.726 1530.829 1530.933 1531.029 1531.113 1531.197 1531.281 1531.365 1531.393 1531.404 1531.414
1532.482 1532.346 1531.966 1531.587 1531.207 1530.827 1530.606 1530.432 1530.258 1530.084 1529.931 1529.868 1529.804 1529.741 1529.678 1529.691 1529.755 1529.818 1529.881 1529.945 1530.02 1530.096 1530.172 1530.248 1530.229 1530.09 1529.951 1529.812 1529.673 1529.612 1529.565 1529.517 1529.47 1529.448 1529.495 1529.543 1529.59 1529.638 1529.718 1529.813 1529.908 1530.003 1530.096 1530.172 1530.247 1530.323 1530.399 1530.457 1530.498 1530.539 1530.58 1530.621 1530.7 1530.782 1530.865 1530.947 1531.044 1531.171 1531.298 1531.424 1531.551 1531.593 1531.608 1531.624
1533.654 1533.472 1532.965 1532.457 1531.95 1531.442 1531.147 1530.914 1530.682 1530.449 1530.244 1530.16 1530.075 1529.991 1529.906 1529.924 1530.008 1530.093 1530.178 1530.261 1530.289 1530.317 1530.344 1530.372 1530.339 1530.226 1530.114 1530.001 1529.889 1529.818 1529.755 1529.692 1529.628 1529.599 1529.662 1529.726 1529.789 1529.853 1529.96 1530.087 1530.214 1530.34 1530.457 1530.485 1530.513 1530.541 1530.568 1530.598 1530.628 1530.658 1530.689 1530.719 1530.778 1530.839 1530.9 1530.96 1531.059 1531.229 1531.398 1531.567 1531.736 1531.792 1531.813 1531.834
1534.429 1534.225 1533.663 1533.102 1532.54 1531.979 1531.638 1531.363 1531.087 1530.811 1530.568 1530.459 1530.351 1530.243 1530.135 1530.148 1530.241 1530.333 1530.426 1530.516 1530.519 1530.521 1530.523 1530.525 1530.488 1530.4 1530.312 1530.224 1530.136 1530.071 1530.009 1529.948 1529.886 1529.863 1529.942 1530.021 1530.101 1530.18 1530.284 1530.398 1530.512 1530.626 1530.728 1530.728 1530.728 1530.728 1530.728 1530.74 1530.762 1530.784 1530.806 1530.828 1530.883 1530.94 1530.998 1531.055 1531.154 1531.33 1531.506 1531.682 1531.858 1531.916 1531.938 1531.96
1534.655 1534.462 1533.948 1533.434 1532.921 1532.407 1532.061 1531.764 1531.467 1531.171 1530.904 1530.77 1530.635 1530.5 1530.365 1530.362 1530.443 1530.525 1530.607 1530.687 1530.695 1530.703 1530.71 1530.718 1530.693 1530.626 1530.559 1530.493 1530.426 1530.386 1530.351 1530.317 1530.282 1530.282 1530.377 1530.473 1530.568 1530.664 1530.721 1530.76 1530.8 1530.839 1530.875 1530.875 1530.875 1530.875 1530.875 1530.883 1530.9 1530.917 1530.933 1530.95 1531.025 1531.104 1531.182 1531.261 1531.359 1531.492 1531.626 1531.759 1531.892 1531.936 1531.953 1531.97
1534.882 1534.699 1534.233 1533.767 1533.302 1532.836 1532.484 1532.166 1531.848 1531.53 1531.241 1531.08 1530.918 1530.757 1530.595 1530.575 1530.646 1530.717 1530.788 1530.858 1530.871 1530.884 1530.897 1530.91 1530.897 1530.852 1530.807 1530.761 1530.716 1530.702 1530.694 1530.686 1530.677 1530.701 1530.813 1530.924 1531.036 1531.147 1531.158 1531.123 1531.088 1531.053 1531.021 1531.021 1531.021 1531.021 1531.021 1531.027 1531.038 1531.05 1531.061 1531.073 1531.167 1531.267 1531.367 1531.467 1531.564 1531.654 1531.745 1531.836 1531.927 1531.957 1531.968 1531.979
1535.108 1534.936 1534.518 1534.1 1533.682 1533.264 1532.907 1532.568 1532.228 1531.889 1531.578 1531.39 1531.202 1531.014 1530.826 1530.788 1530.849 1530.909 1530.97 1531.029 1531.048 1531.066 1531.084 1531.102 1531.102 1531.078 1531.054 1531.03 1531.006 1531.018 1531.036 1531.055 1531.073 1531.121 1531.248 1531.375 1531.503 1531.63 1531.595 1531.485 1531.376 1531.266 1531.168 1531.168 1531.168 1531.168 1531.168 1531.171 1531.177 1531.183 1531.189 1531.195 1531.309 1531.43 1531.551 1531.673 1531.768 1531.817 1531.865 1531.913 1531.961 1531.977 1531.983 1531.989
1535.335 1535.172 1534.803 1534.433 1534.063 1533.693 1533.33 1532.969 1532.609 1532.248 1531.915 1531.7 1531.485 1531.271 1531.056 1531.002 1531.051 1531.101 1531.151 1531.2 1531.224 1531.248 1531.271 1531.295 1531.307 1531.304 1531.301 1531.298 1531.296 1531.334 1531.379 1531.424 1531.469 1531.54 1531.683 1531.827 1531.97 1532.114 1532.032 1531.848 1531.664 1531.48 1531.314 1531.314 1531.314 1531.314 1531.314 1531.315 1531.315 1531.316 1531.317 1531.317 1531.451 1531.593 1531.736 1531.879 1531.973 1531.979 1531.984 1531.99 1531.995 1531.997 1531.998 1531.999
1535.486 1535.331 1534.967 1534.604 1534.24 1533.876 1533.545 1533.223 1532.901 1532.579 1532.272 1532.026 1531.78 1531.534 1531.288 1531.215 1531.254 1531.293 1531.332 1531.371 1531.391 1531.411 1531.43 1531.45 1531.479 1531.521 1531.562 1531.604 1531.646 1531.721 1531.802 1531.883 1531.964 1532.051 1532.154 1532.258 1532.362 1532.466 1532.371 1532.187 1532.002 1531.818 1531.65 1531.636 1531.623 1531.609 1531.595 1531.595 1531.609 1531.623 1531.637 1531.651 1531.762 1531.879 1531.997 1532.115 1532.181 1532.154 1532.126 1532.098 1532.07 1532.053 1532.039 1532.025
1535.626 1535.477 1535.114 1534.75 1534.386 1534.023 1533.729 1533.455 1533.181 1532.907 1532.632 1532.354 1532.076 1531.798 1531.52 1531.428 1531.457 1531.485 1531.514 1531.542 1531.556 1531.571 1531.585 1531.599 1531.646 1531.736 1531.826 1531.915 1532.005 1532.119 1532.237 1532.355 1532.474 1532.575 1532.631 1532.687 1532.742 1532.798 1532.696 1532.522 1532.348 1532.174 1532.015 1531.985 1531.955 1531.925 1531.896 1531.897 1531.927 1531.956 1531.986 1532.016 1532.098 1532.184 1532.27 1532.355 1532.39 1532.33 1532.27 1532.211 1532.151 1532.114 1532.084 1532.054
1535.765 1535.624 1535.26 1534.896 1534.533 1534.169 1533.912 1533.686 1533.46 1533.234 1532.992 1532.682 1532.372 1532.063 1531.753 1531.641 1531.659 1531.677 1531.695 1531.713 1531.722 1531.731 1531.74 1531.749 1531.814 1531.952 1532.089 1532.227 1532.364 1532.517 1532.672 1532.828 1532.984 1533.099 1533.107 1533.115 1533.123 1533.13 1533.021 1532.858 1532.694 1532.531 1532.38 1532.334 1532.288 1532.242 1532.196 1532.198 1532.244 1532.29 1532.335 1532.381 1532.434 1532.488 1532.542 1532.596 1532.598 1532.507 1532.415 1532.323 1532.232 1532.175 1532.129 1532.083
1535.905 1535.77 1535.407 1535.043 1534.679 1534.316 1534.096 1533.918 1533.74 1533.562 1533.352 1533.01 1532.669 1532.327 1531.985 1531.855 1531.862 1531.869 1531.876 1531.884 1531.887 1531.891 1531.895 1531.898 1531.981 1532.167 1532.352 1532.538 1532.724 1532.915 1533.108 1533.301 1533.493 1533.623 1533.583 1533.543 1533.503 1533.463 1533.346 1533.193 1533.04 1532.888 1532.744 1532.682 1532.62 1532.559 1532.497 1532.499 1532.561 1532.623 1532.685 1532.746 1532.771 1532.793 1532.814 1532.836 1532.807 1532.683 1532.56 1532.436 1532.312 1532.236 1532.174 1532.112
1536.0 1535.875 1535.527 1535.179 1534.831 1534.482 1534.287 1534.136 1533.986 1533.835 1533.645 1533.287 1532.928 1532.57 1532.211 1532.07 1532.07 1532.07 1532.07 1532.07 1532.07 1532.07 1532.07 1532.07 1532.163 1532.376 1532.589 1532.802 1533.016 1533.224 1533.432 1533.64 1533.848 1533.982 1533.914 1533.846 1533.779 1533.711 1533.587 1533.436 1533.286 1533.135 1532.993 1532.925 1532.858 1532.79 1532.723 1532.725 1532.793 1532.86 1532.928 1532.996 1533.0 1533.0 1533.0 1533.0 1532.948 1532.799 1532.65 1532.501 1532.353 1532.265 1532.195 1532.126
1536.0 1535.893 1535.592 1535.292 1534.991 1534.691 1534.494 1534.328 1534.161 1533.995 1533.795 1533.452 1533.11 1532.767 1532.425 1532.29 1532.29 1532.29 1532.29 1532.29 1532.29 1532.29 1532.29 1532.29 1532.376 1532.573 1532.77 1532.967 1533.164 1533.344 1533.52 1533.696 1533.872 1533.986 1533.934 1533.883 1533.831 1533.779 1533.649 1533.483 1533.316 1533.15 1532.995 1532.943 1532.891 1532.84 1532.788 1532.79 1532.842 1532.893 1532.945 1532.997 1533.0 1533.0 1533.0 1533.0 1532.944 1532.785 1532.625 1532.466 1532.306 1532.224 1532.165 1532.107
1536.0 1535.91 1535.657 1535.405 1535.152 1534.9 1534.702 1534.519 1534.337 1534.154 1533.944 1533.618 1533.291 1532.965 1532.638 1532.51 1532.51 1532.51 1532.51 1532.51 1532.51 1532.51 1532.51 1532.51 1532.589 1532.77 1532.951 1533.132 1533.313 1533.463 1533.607 1533.751 1533.895 1533.99 1533.955 1533.919 1533.883 1533.848 1533.711 1533.529 1533.346 1533.164 1532.996 1532.961 1532.925 1532.889 1532.854 1532.855 1532.891 1532.926 1532.962 1532.998 1533.0 1533.0 1533.0 1533.0 1532.94 1532.77 1532.6 1532.43 1532.26 1532.183 1532.135 1532.087
1536.0 1535.927 1535.722 1535.518 1535.313 1535.109 1534.909 1534.711 1534.512 1534.314 1534.094 1533.783 1533.473 1533.162 1532.852 1532.729 1532.729 1532.729 1532.729 1532.729 1532.729 1532.729 1532.729 1532.729 1532.802 1532.967 1533.132 1533.297 1533.462 1533.582 1533.694 1533.806 1533.918 1533.995 1533.975 1533.955 1533.936 1533.916 1533.774 1533.575 1533.377 1533.178 1532.998 1532.978 1532.959 1532.939 1532.919 1532.92 1532.94 1532.959 1532.979 1532.999 1533.0 1533.0 1533.0 1533.0 1532.937 1532.756 1532.575 1532.394 1532.214 1532.143 1532.105 1532.068
1536.0 1535.944 1535.787 1535.631 1535.474 1535.318 1535.116 1534.902 1534.688 1534.473 1534.243 1533.949 1533.654 1533.36 1533.065 1532.949 1532.949 1532.949 1532.949 1532.949 1532.949 1532.949 1532.949 1532.949 1533.014 1533.163 1533.313 1533.462 1533.611 1533.701 1533.781 1533.861 1533.942 1533.999 1533.995 1533.992 1533.988 1533.984 1533.836 1533.621 1533.407 1533.193 1533.0 1532.996 1532.992 1532.989 1532.985 1532.985 1532.989 1532.992 1532.996 1533.0 1533.0 1533.0 1533.0 1533.0 1532.933 1532.741 1532.55 1532.359 1532.167 1532.102 1532.075 1532.049
1536.048 1536.003 1535.853 1535.704 1535.554 1535.405 1535.208 1534.998 1534.788 1534.578 1534.357 1534.087 1533.816 1533.546 1533.275 1533.154 1533.129 1533.105 1533.08 1533.056 1533.065 1533.073 1533.081 1533.089 1533.154 1533.291 1533.428 1533.566 1533.703 1533.781 1533.85 1533.919 1533.987 1534.035 1534.027 1534.019 1534.011 1534.003 1533.876 1533.694 1533.513 1533.332 1533.167 1533.151 1533.134 1533.118 1533.102 1533.083 1533.063 1533.042 1533.022 1533.001 1532.989 1532.976 1532.964 1532.952 1532.879 1532.693 1532.507 1532.321 1532.136 1532.061 1532.021 1531.98
1536.111 1536.074 1535.919 1535.764 1535.61 1535.455 1535.266 1535.066 1534.867 1534.667 1534.46 1534.216 1533.972 1533.728 1533.485 1533.354 1533.298 1533.241 1533.185 1533.13 1533.149 1533.168 1533.186 1533.205 1533.271 1533.398 1533.525 1533.651 1533.778 1533.85 1533.914 1533.977 1534.04 1534.081 1534.062 1534.044 1534.025 1534.006 1533.908 1533.775 1533.642 1533.508 1533.385 1533.347 1533.309 1533.272 1533.234 1533.191 1533.144 1533.097 1533.05 1533.003 1532.974 1532.945 1532.917 1532.889 1532.809 1532.634 1532.459 1532.284 1532.109 1532.021 1531.959 1531.897
1536.174 1536.146 1535.985 1535.825 1535.665 1535.505 1535.323 1535.134 1534.945 1534.756 1534.562 1534.345 1534.128 1533.911 1533.694 1533.555 1533.466 1533.378 1533.289 1533.203 1533.233 1533.262 1533.292 1533.321 1533.389 1533.505 1533.621 1533.737 1533.853 1533.919 1533.977 1534.035 1534.093 1534.127 1534.098 1534.068 1534.039 1534.009 1533.941 1533.856 1533.771 1533.685 1533.602 1533.543 1533.484 1533.425 1533.366 1533.3 1533.226 1533.152 1533.079 1533.005 1532.959 1532.914 1532.87 1532.826 1532.74 1532.575 1532.411 1532.246 1532.082 1531.98 1531.896 1531.813
1536.237 1536.217 1536.051 1535.886 1535.72 1535.555 1535.38 1535.202 1535.024 1534.845 1534.665 1534.475 1534.284 1534.094 1533.903 1533.755 1533.635 1533.514 1533.394 1533.277 1533.317 1533.357 1533.397 1533.438 1533.506 1533.611 1533.717 1533.822 1533.927 1533.988 1534.04 1534.093 1534.146 1534.173 1534.133 1534.093 1534.053 1534.013 1533.974 1533.937 1533.899 1533.862 1533.82 1533.74 1533.659 1533.579 1533.499 1533.408 1533.308 1533.207 1533.107 1533.007 1532.944 1532.884 1532.823 1532.763 1532.67 1532.516 1532.363 1532.209 1532.055 1531.939 1531.834 1531.73
