data/zism_data/00083_04_D.txt
ncols         224
nrows         224
[rows 116 to 144 of 224, columns 130 to 194 of 224]
1299.068 1299.051 1299.035 1299.018 1299.001 1299.0 1299.0 1299.0 1299.0 1299.0 1299.0 1299.0 1299.0 1299.0 1299.0 1299.0 1299.0 1299.0 1299.0 1299.0 1299.0 1299.0 1299.0 1299.0 1299.0 1299.0 1299.0 1299.0 1299.0 1299.0 1299.0 1299.0 1299.0 1299.0 1299.0 1299.0 1299.023 1299.17 1299.317 1299.464 1299.611 1299.713 1299.786 1299.859 1299.933 1300.0 1300.0 1300.0 1300.0 1300.0 1300.0 1300.0 1300.0 1300.0 1300.0 1300.0 1300.0 1300.0 1300.0 1300.0 1300.0 1300.0 1300.0 1300.0 1303.672
1299.046 1299.035 1299.023 1299.012 1299.001 1299.0 1299.0 1299.0 1299.0 1299.0 1299.0 1299.0 1299.0 1299.0 1299.0 1299.0 1299.0 1299.0 1299.0 1299.0 1299.0 1299.0 1299.0 1299.0 1299.0 1299.0 1299.0 1299.0 1299.0 1299.0 1299.0 1299.0 1299.0 1299.0 1299.0 1299.0 1299.023 1299.17 1299.317 1299.464 1299.611 1299.713 1299.786 1299.859 1299.933 1300.0 1300.0 1300.0 1300.0 1300.0 1300.0 1300.0 1300.0 1300.0 1300.0 1300.0 1300.0 1300.0 1300.0 1300.0 1300.0 1300.0 1300.0 1300.0 1303.596
1299.024 1299.018 1299.012 1299.006 1299.0 1299.0 1299.0 1299.0 1299.0 1299.0 1299.0 1299.0 1299.0 1299.0 1299.0 1299.0 1299.0 1299.0 1299.0 1299.0 1299.0 1299.0 1299.0 1299.0 1299.0 1299.0 1299.0 1299.0 1299.0 1299.0 1299.0 1299.0 1299.0 1299.0 1299.0 1299.0 1299.023 1299.17 1299.317 1299.464 1299.611 1299.713 1299.786 1299.859 1299.933 1300.0 1300.0 1300.0 1300.0 1300.0 1300.0 1300.0 1300.0 1300.0 1300.0 1300.0 1300.0 1300.0 1300.0 1300.0 1300.0 1300.0 1300.0 1300.0 1303.521
1299.002 1299.001 1299.001 1299.0 1299.0 1299.0 1299.0 1299.0 1299.0 1299.0 1299.0 1299.0 1299.0 1299.0 1299.0 1299.0 1299.0 1299.0 1299.0 1299.0 1299.0 1299.0 1299.0 1299.0 1299.0 1299.0 1299.0 1299.0 1299.0 1299.0 1299.0 1299.0 1299.0 1299.0 1299.0 1299.0 1299.023 1299.17 1299.317 1299.464 1299.611 1299.713 1299.786 1299.859 1299.933 1300.0 1300.0 1300.0 1300.0 1300.0 1300.0 1300.0 1300.0 1300.0 1300.0 1300.0 1300.0 1300.0 1300.0 1300.0 1300.0 1300.0 1300.0 1300.0 1303.445
1299.0 1299.0 1299.0 1299.0 1299.0 1299.0 1299.0 1299.0 1299.0 1299.0 1299.0 1299.0 1299.0 1299.0 1299.0 1299.0 1299.0 1299.0 1299.0 1299.0 1299.0 1299.0 1299.0 1299.0 1299.0 1299.0 1299.0 1299.0 1299.0 1299.0 1299.0 1299.0 1299.0 1299.0 1299.0 1299.0 1299.026 1299.187 1299.349 1299.511 1299.672 1299.77 1299.829 1299.888 1299.946 1300.0 1300.0 1300.0 1300.0 1300.0 1300.0 1300.0 1300.0 1300.0 1300.0 1300.015 1300.03 1300.044 1300.059 1300.144 1300.305 1300.467 1300.628 1300.789 1304.117
1299.0 1299.0 1299.0 1299.0 1299.0 1299.0 1299.0 1299.0 1299.0 1299.0 1299.0 1299.0 1299.0 1299.0 1299.0 1299.0 1299.0 1299.0 1299.0 1299.0 1299.0 1299.0 1299.0 1299.0 1299.0 1299.0 1299.0 1299.0 1299.0 1299.0 1299.0 1299.0 1299.0 1299.0 1299.0 1299.0 1299.028 1299.206 1299.384 1299.562 1299.739 1299.833 1299.876 1299.918 1299.961 1300.0 1300.0 1300.0 1300.0 1300.0 1300.0 1300.0 1300.0 1300.0 1300.0 1300.031 1300.062 1300.093 1300.123 1300.301 1300.64 1300.978 1301.316 1301.655 1304.861
1299.0 1299.0 1299.0 1299.0 1299.0 1299.0 1299.0 1299.0 1299.0 1299.0 1299.0 1299.0 1299.0 1299.0 1299.0 1299.0 1299.0 1299.0 1299.0 1299.0 1299.0 1299.0 1299.0 1299.0 1299.0 1299.0 1299.0 1299.0 1299.0 1299.0 1299.0 1299.0 1299.0 1299.0 1299.0 1299.0 1299.031 1299.225 1299.418 1299.612 1299.806 1299.896 1299.922 1299.949 1299.976 1300.0 1300.0 1300.0 1300.0 1300.0 1300.0 1300.0 1300.0 1300.0 1300.001 1300.047 1300.094 1300.141 1300.188 1300.459 1300.974 1301.489 1302.004 1302.52 1305.605
1299.0 1299.0 1299.0 1299.0 1299.0 1299.0 1299.0 1299.0 1299.0 1299.0 1299.0 1299.0 1299.0 1299.0 1299.0 1299.0 1299.0 1299.0 1299.0 1299.0 1299.0 1299.0 1299.0 1299.0 1299.0 1299.0 1299.0 1299.0 1299.0 1299.0 1299.0 1299.0 1299.0 1299.0 1299.0 1299.0 1299.033 1299.243 1299.453 1299.663 1299.873 1299.959 1299.969 1299.98 1299.99 1300.0 1300.0 1300.0 1300.0 1300.0 1300.0 1300.0 1300.0 1300.0 1300.001 1300.064 1300.127 1300.19 1300.253 1300.616 1301.308 1302.001 1302.693 1303.385 1306.349
1299.0 1299.0 1299.0 1299.0 1299.0 1299.0 1299.0 1299.0 1299.0 1299.0 1299.0 1299.0 1299.0 1299.0 1299.0 1299.0 1299.0 1299.0 1299.0 1299.0 1299.0 1299.0 1299.0 1299.0 1299.0 1299.0 1299.0 1299.001 1299.005 1299.008 1299.012 1299.016 1299.026 1299.038 1299.051 1299.064 1299.108 1299.312 1299.515 1299.719 1299.923 1300.009 1300.024 1300.039 1300.053 1300.07 1300.105 1300.14 1300.175 1300.21 1300.237 1300.26 1300.281 1300.304 1300.327 1300.424 1300.521 1300.619 1300.716 1301.177 1302.033 1302.889 1303.745 1304.601 1307.418
1299.0 1299.0 1299.0 1299.0 1299.0 1299.0 1299.0 1299.0 1299.0 1299.0 1299.0 1299.0 1299.0 1299.0 1299.0 1299.0 1299.0 1299.0 1299.0 1299.0 1299.0 1299.0 1299.0 1299.0 1299.0 1299.0 1299.0 1299.003 1299.018 1299.032 1299.047 1299.061 1299.1 1299.151 1299.201 1299.252 1299.319 1299.474 1299.63 1299.786 1299.941 1300.036 1300.094 1300.151 1300.209 1300.273 1300.41 1300.547 1300.684 1300.82 1300.929 1301.016 1301.102 1301.189 1301.276 1301.443 1301.61 1301.777 1301.944 1302.508 1303.503 1304.499 1305.494 1306.49 1309.107
1299.0 1299.0 1299.0 1299.0 1299.0 1299.0 1299.0 1299.0 1299.0 1299.0 1299.0 1299.0 1299.0 1299.0 1299.0 1299.0 1299.0 1299.0 1299.0 1299.0 1299.0 1299.0 1299.0 1299.0 1299.0 1299.0 1299.0 1299.006 1299.031 1299.056 1299.081 1299.106 1299.175 1299.263 1299.351 1299.439 1299.53 1299.637 1299.745 1299.852 1299.959 1300.063 1300.163 1300.264 1300.364 1300.477 1300.715 1300.954 1301.193 1301.431 1301.621 1301.772 1301.923 1302.074 1302.226 1302.462 1302.699 1302.936 1303.173 1303.839 1304.974 1306.109 1307.243 1308.378 1310.797
1299.0 1299.0 1299.0 1299.0 1299.0 1299.0 1299.0 1299.0 1299.0 1299.0 1299.0 1299.0 1299.0 1299.0 1299.0 1299.0 1299.0 1299.0 1299.0 1299.0 1299.0 1299.0 1299.0 1299.0 1299.0 1299.0 1299.0 1299.008 1299.044 1299.08 1299.116 1299.152 1299.25 1299.375 1299.501 1299.626 1299.741 1299.8 1299.859 1299.919 1299.978 1300.089 1300.233 1300.376 1300.519 1300.68 1301.021 1301.361 1301.701 1302.042 1302.313 1302.528 1302.744 1302.958 1303.175 1303.481 1303.788 1304.094 1304.401 1305.17 1306.444 1307.719 1308.993 1310.267 1312.487
1299.0 1299.0 1299.0 1299.0 1299.0 1299.0 1299.0 1299.0 1299.0 1299.0 1299.0 1299.0 1299.0 1299.0 1299.0 1299.0 1299.0 1299.0 1299.0 1299.0 1299.0 1299.0 1299.0 1299.0 1299.0 1299.0 1299.0 1299.011 1299.057 1299.104 1299.15 1299.197 1299.325 1299.488 1299.651 1299.813 1299.952 1299.963 1299.974 1299.985 1299.996 1300.116 1300.302 1300.489 1300.675 1300.883 1301.326 1301.768 1302.21 1302.653 1303.005 1303.285 1303.564 1303.844 1304.124 1304.5 1304.877 1305.253 1305.629 1306.501 1307.915 1309.328 1310.742 1312.156 1314.177
1299.0 1299.0 1299.0 1299.0 1299.0 1299.0 1299.0 1299.0 1299.0 1299.0 1299.0 1299.0 1299.0 1299.0 1299.0 1299.0 1299.0 1299.0 1299.0 1299.0 1299.0 1299.0 1299.0 1299.006 1299.015 1299.023 1299.031 1299.055 1299.129 1299.203 1299.276 1299.35 1299.486 1299.649 1299.813 1299.976 1300.128 1300.224 1300.319 1300.414 1300.51 1300.712 1300.978 1301.245 1301.511 1301.799 1302.31 1302.821 1303.332 1303.843 1304.287 1304.676 1305.066 1305.455 1305.844 1306.219 1306.595 1306.97 1307.345 1308.189 1309.542 1310.896 1312.25 1313.604 1315.442
1299.0 1299.0 1299.0 1299.0 1299.0 1299.0 1299.0 1299.0 1299.0 1299.0 1299.0 1299.0 1299.0 1299.0 1299.0 1299.0 1299.0 1299.0 1299.0 1299.0 1299.0 1299.0 1299.0 1299.015 1299.034 1299.053 1299.072 1299.111 1299.217 1299.323 1299.429 1299.535 1299.673 1299.826 1299.978 1300.131 1300.294 1300.512 1300.731 1300.95 1301.168 1301.474 1301.831 1302.189 1302.546 1302.922 1303.492 1304.062 1304.632 1305.202 1305.741 1306.253 1306.766 1307.279 1307.789 1308.143 1308.497 1308.851 1309.204 1309.98 1311.216 1312.452 1313.688 1314.924 1316.583
1299.0 1299.0 1299.0 1299.0 1299.0 1299.0 1299.0 1299.0 1299.0 1299.0 1299.0 1299.0 1299.0 1299.0 1299.0 1299.0 1299.0 1299.0 1299.0 1299.0 1299.0 1299.0 1299.0 1299.023 1299.053 1299.082 1299.112 1299.167 1299.305 1299.443 1299.582 1299.72 1299.86 1300.002 1300.144 1300.286 1300.459 1300.801 1301.143 1301.485 1301.827 1302.236 1302.684 1303.133 1303.582 1304.046 1304.675 1305.304 1305.933 1306.562 1307.195 1307.831 1308.467 1309.102 1309.734 1310.066 1310.399 1310.731 1311.064 1311.772 1312.89 1314.008 1315.126 1316.244 1317.725
1299.0 1299.0 1299.0 1299.0 1299.0 1299.0 1299.0 1299.0 1299.0 1299.0 1299.0 1299.0 1299.0 1299.0 1299.0 1299.0 1299.0 1299.0 1299.0 1299.0 1299.0 1299.0 1299.0 1299.031 1299.072 1299.112 1299.152 1299.223 1299.393 1299.564 1299.734 1299.904 1300.047 1300.178 1300.309 1300.44 1300.625 1301.09 1301.555 1302.021 1302.486 1302.998 1303.537 1304.077 1304.617 1305.17 1305.858 1306.546 1307.234 1307.921 1308.649 1309.408 1310.167 1310.926 1311.679 1311.99 1312.301 1312.612 1312.923 1313.563 1314.563 1315.564 1316.564 1317.564 1318.866
1299.0 1299.0 1299.0 1299.0 1299.0 1299.0 1299.0 1299.0 1299.0 1299.0 1299.0 1299.0 1299.0 1299.0 1299.0 1299.0 1299.0 1299.0 1299.003 1299.013 1299.023 1299.033 1299.042 1299.086 1299.139 1299.192 1299.246 1299.334 1299.538 1299.741 1299.945 1300.149 1300.303 1300.437 1300.57 1300.704 1300.908 1301.485 1302.063 1302.641 1303.218 1303.823 1304.444 1305.065 1305.686 1306.317 1307.052 1307.787 1308.522 1309.257 1310.065 1310.933 1311.801 1312.67 1313.53 1313.854 1314.177 1314.5 1314.824 1315.415 1316.297 1317.179 1318.061 1318.943 1320.093
1299.0 1299.0 1299.0 1299.0 1299.0 1299.0 1299.0 1299.0 1299.0 1299.0 1299.0 1299.0 1299.0 1299.0 1299.0 1299.0 1299.0 1299.0 1299.018 1299.076 1299.134 1299.192 1299.25 1299.321 1299.396 1299.471 1299.545 1299.659 1299.9 1300.141 1300.382 1300.623 1300.827 1301.014 1301.201 1301.388 1301.648 1302.296 1302.943 1303.59 1304.238 1304.895 1305.559 1306.223 1306.887 1307.557 1308.292 1309.027 1309.762 1310.497 1311.335 1312.256 1313.178 1314.1 1315.015 1315.484 1315.952 1316.42 1316.888 1317.498 1318.262 1319.027 1319.791 1320.555 1321.652
1299.0 1299.0 1299.0 1299.0 1299.0 1299.0 1299.0 1299.0 1299.0 1299.0 1299.0 1299.0 1299.0 1299.0 1299.0 1299.0 1299.0 1299.0 1299.032 1299.139 1299.245 1299.351 1299.458 1299.556 1299.653 1299.749 1299.845 1299.984 1300.262 1300.541 1300.82 1301.098 1301.35 1301.591 1301.832 1302.073 1302.389 1303.106 1303.823 1304.54 1305.257 1305.968 1306.675 1307.381 1308.088 1308.798 1309.532 1310.267 1311.002 1311.737 1312.604 1313.58 1314.555 1315.531 1316.501 1317.114 1317.727 1318.34 1318.953 1319.582 1320.228 1320.874 1321.521 1322.167 1323.212
1299.0 1299.0 1299.0 1299.0 1299.0 1299.0 1299.0 1299.0 1299.0 1299.0 1299.0 1299.0 1299.0 1299.0 1299.0 1299.0 1299.0 1299.0 1299.047 1299.202 1299.356 1299.511 1299.665 1299.792 1299.909 1300.027 1300.145 1300.309 1300.625 1300.941 1301.257 1301.573 1301.874 1302.168 1302.463 1302.757 1303.13 1303.916 1304.703 1305.49 1306.276 1307.04 1307.79 1308.54 1309.289 1310.038 1310.773 1311.507 1312.242 1312.977 1313.874 1314.903 1315.932 1316.961 1317.986 1318.744 1319.502 1320.259 1321.017 1321.665 1322.193 1322.722 1323.25 1323.779 1324.771
1299.0 1299.0 1299.0 1299.0 1299.0 1299.0 1299.0 1299.0 1299.0 1299.0 1299.0 1299.0 1299.0 1299.0 1299.0 1299.0 1299.0 1299.0 1299.062 1299.265 1299.467 1299.67 1299.873 1300.027 1300.166 1300.305 1300.444 1300.633 1300.987 1301.341 1301.694 1302.048 1302.398 1302.746 1303.094 1303.441 1303.87 1304.727 1305.583 1306.439 1307.296 1308.112 1308.905 1309.698 1310.49 1311.278 1312.013 1312.748 1313.482 1314.217 1315.144 1316.226 1317.309 1318.392 1319.472 1320.374 1321.277 1322.179 1323.081 1323.749 1324.159 1324.57 1324.98 1325.391 1326.331
1299.0 1299.0 1299.0 1299.0 1299.0 1299.0 1299.0 1299.0 1299.0 1299.008 1299.028 1299.049 1299.069 1299.089 1299.124 1299.162 1299.199 1299.236 1299.334 1299.568 1299.802 1300.036 1300.27 1300.461 1300.638 1300.816 1300.994 1301.22 1301.608 1301.995 1302.383 1302.771 1303.166 1303.564 1303.962 1304.36 1304.835 1305.717 1306.599 1307.481 1308.363 1309.199 1310.007 1310.815 1311.624 1312.427 1313.182 1313.938 1314.693 1315.448 1316.415 1317.555 1318.695 1319.834 1320.972 1321.968 1322.964 1323.96 1324.956 1325.668 1326.069 1326.471 1326.872 1327.274 1328.168
1299.0 1299.0 1299.0 1299.0 1299.0 1299.0 1299.0 1299.0 1299.0 1299.02 1299.072 1299.125 1299.178 1299.23 1299.32 1299.416 1299.512 1299.609 1299.754 1300.009 1300.265 1300.52 1300.776 1301.008 1301.234 1301.46 1301.686 1301.957 1302.377 1302.797 1303.217 1303.637 1304.075 1304.521 1304.968 1305.414 1305.93 1306.812 1307.693 1308.575 1309.457 1310.293 1311.101 1311.91 1312.718 1313.524 1314.312 1315.099 1315.886 1316.674 1317.688 1318.886 1320.085 1321.284 1322.48 1323.541 1324.601 1325.662 1326.722 1327.493 1327.948 1328.403 1328.858 1329.313 1330.165
1299.0 1299.0 1299.0 1299.0 1299.0 1299.0 1299.0 1299.0 1299.0 1299.032 1299.117 1299.201 1299.286 1299.371 1299.515 1299.67 1299.826 1299.981 1300.174 1300.451 1300.728 1301.004 1301.281 1301.556 1301.83 1302.104 1302.378 1302.694 1303.146 1303.598 1304.05 1304.502 1304.984 1305.479 1305.973 1306.468 1307.024 1307.906 1308.788 1309.669 1310.551 1311.387 1312.195 1313.004 1313.812 1314.621 1315.441 1316.26 1317.08 1317.9 1318.96 1320.218 1321.476 1322.733 1323.989 1325.114 1326.239 1327.363 1328.488 1329.318 1329.827 1330.336 1330.844 1331.353 1332.162
1299.0 1299.0 1299.0 1299.0 1299.0 1299.0 1299.0 1299.0 1299.0 1299.044 1299.161 1299.278 1299.395 1299.512 1299.711 1299.925 1300.139 1300.354 1300.594 1300.892 1301.19 1301.489 1301.787 1302.104 1302.426 1302.749 1303.071 1303.431 1303.915 1304.399 1304.884 1305.368 1305.893 1306.436 1306.979 1307.521 1308.118 1309.0 1309.882 1310.764 1311.646 1312.481 1313.29 1314.098 1314.906 1315.718 1316.57 1317.422 1318.274 1319.125 1320.233 1321.55 1322.866 1324.183 1325.498 1326.687 1327.876 1329.065 1330.254 1331.143 1331.706 1332.268 1332.83 1333.392 1334.16
1299.0 1299.0 1299.001 1299.001 1299.002 1299.004 1299.007 1299.01 1299.013 1299.07 1299.219 1299.368 1299.517 1299.665 1299.918 1300.19 1300.462 1300.735 1301.022 1301.343 1301.664 1301.986 1302.307 1302.663 1303.031 1303.398 1303.766 1304.167 1304.683 1305.198 1305.714 1306.229 1306.796 1307.385 1307.974 1308.563 1309.198 1310.08 1310.962 1311.844 1312.725 1313.561 1314.369 1315.176 1315.984 1316.798 1317.685 1318.572 1319.458 1320.345 1321.499 1322.871 1324.243 1325.615 1326.985 1328.235 1329.484 1330.733 1331.982 1332.93 1333.55 1334.169 1334.788 1335.408 1336.145
1299.003 1299.008 1299.014 1299.02 1299.025 1299.068 1299.113 1299.159 1299.205 1299.299 1299.475 1299.651 1299.826 1300.002 1300.294 1300.609 1300.925 1301.24 1301.57 1301.934 1302.298 1302.662 1303.026 1303.393 1303.76 1304.128 1304.495 1304.901 1305.432 1305.964 1306.495 1307.027 1307.609 1308.214 1308.819 1309.424 1310.073 1310.955 1311.837 1312.719 1313.601 1314.43 1315.226 1316.023 1316.82 1317.631 1318.593 1319.555 1320.517 1321.479 1322.669 1324.047 1325.424 1326.801 1328.177 1329.426 1330.675 1331.924 1333.174 1334.173 1334.9 1335.626 1336.353 1337.079 1337.954
1299.005 1299.016 1299.027 1299.038 1299.049 1299.131 1299.22 1299.308 1299.397 1299.528 1299.731 1299.933 1300.135 1300.338 1300.671 1301.029 1301.387 1301.745 1302.118 1302.525 1302.932 1303.339 1303.746 1304.122 1304.49 1304.857 1305.225 1305.634 1306.182 1306.729 1307.277 1307.824 1308.423 1309.044 1309.665 1310.286 1310.949 1311.831 1312.713 1313.594 1314.476 1315.298 1316.084 1316.871 1317.657 1318.465 1319.501 1320.538 1321.575 1322.612 1323.839 1325.222 1326.605 1327.988 1329.368 1330.618 1331.867 1333.116 1334.365 1335.416 1336.25 1337.083 1337.917 1338.751 1339.763
