data/zism_data/00088_02_D.txt
ncols         224
nrows         224
[rows 112 to 139 of 224, columns 0 to 63 of 224]
1308.395 1305.785 1303.175 1304.791 1311.588 1318.384 1325.18 1331.976 1342.095 1352.589 1363.083 1373.578 1381.874 1386.049 1390.224 1394.399 1398.574 1399.522 1399.649 1399.777 1399.904 1399.676 1398.363 1397.049 1395.736 1394.422 1389.092 1382.005 1374.918 1367.831 1360.205 1349.395 1338.586 1327.776 1316.967 1310.499 1306.996 1303.492 1299.989 1296.67 1297.405 1298.141 1298.877 1299.612 1299.242 1297.733 1296.224 1294.715 1293.206 1288.968 1284.562 1280.156 1275.75 1269.535 1260.51 1251.484 1242.458 1233.432 1226.608 1220.202 1213.796 1207.391 1202.738 1202.379
1312.857 1309.595 1306.332 1307.49 1314.07 1320.649 1327.228 1333.807 1343.633 1353.827 1364.02 1374.213 1382.257 1386.27 1390.284 1394.297 1398.31 1399.01 1398.866 1398.722 1398.578 1397.979 1395.99 1394.0 1392.01 1390.021 1383.997 1376.208 1368.419 1360.63 1352.398 1341.552 1330.706 1319.861 1309.015 1302.609 1299.235 1295.861 1292.486 1289.281 1289.781 1290.282 1290.783 1291.284 1290.808 1289.326 1287.845 1286.363 1284.881 1281.054 1277.082 1273.11 1269.138 1263.427 1255.012 1246.597 1238.182 1229.767 1223.634 1217.935 1212.235 1206.536 1202.381 1202.012
1320.737 1316.834 1312.93 1313.56 1319.746 1325.932 1332.119 1338.305 1347.468 1356.967 1366.465 1375.964 1383.416 1387.031 1390.647 1394.262 1397.877 1397.925 1397.065 1396.205 1395.345 1393.903 1390.681 1387.459 1384.236 1381.014 1374.656 1366.926 1359.197 1351.467 1343.397 1333.321 1323.245 1313.169 1303.093 1296.814 1293.128 1289.441 1285.755 1282.197 1281.465 1280.733 1280.002 1279.27 1278.089 1276.446 1274.803 1273.16 1271.517 1268.435 1265.265 1262.095 1258.925 1254.134 1246.823 1239.511 1232.199 1224.888 1219.718 1214.955 1210.192 1205.43 1201.956 1201.641
1328.617 1324.073 1319.529 1319.63 1325.423 1331.216 1337.01 1342.803 1351.302 1360.106 1368.911 1377.715 1384.576 1387.793 1391.01 1394.226 1397.443 1396.84 1395.264 1393.688 1392.113 1389.828 1385.373 1380.918 1376.463 1372.008 1365.316 1357.646 1349.975 1342.304 1334.397 1325.09 1315.784 1306.478 1297.172 1291.02 1287.021 1283.022 1279.024 1275.113 1273.149 1271.185 1269.221 1267.256 1265.371 1263.566 1261.761 1259.957 1258.152 1255.817 1253.449 1251.081 1248.713 1244.842 1238.634 1232.426 1226.217 1220.009 1215.803 1211.976 1208.15 1204.323 1201.53 1201.269
1336.497 1331.313 1326.128 1325.699 1331.1 1336.5 1341.9 1347.301 1355.136 1363.246 1371.356 1379.466 1385.736 1388.554 1391.373 1394.191 1397.01 1395.755 1393.463 1391.172 1388.88 1385.752 1380.064 1374.377 1368.689 1363.001 1355.976 1348.364 1340.753 1333.142 1325.396 1316.86 1308.323 1299.786 1291.25 1285.225 1280.914 1276.603 1272.292 1268.03 1264.833 1261.636 1258.439 1255.242 1252.652 1250.686 1248.72 1246.753 1244.787 1243.198 1241.632 1240.066 1238.5 1235.55 1230.445 1225.34 1220.235 1215.13 1211.887 1208.997 1206.107 1203.217 1201.105 1200.898
1344.377 1338.552 1332.727 1331.769 1336.776 1341.784 1346.791 1351.799 1358.97 1366.386 1373.801 1381.217 1386.895 1389.315 1391.736 1394.156 1396.576 1394.67 1391.662 1388.655 1385.648 1381.676 1374.756 1367.836 1360.915 1353.995 1346.636 1339.083 1331.531 1323.979 1316.396 1308.629 1300.862 1293.095 1285.329 1279.43 1274.807 1270.184 1265.561 1260.946 1256.517 1252.087 1247.658 1243.229 1239.933 1237.806 1235.678 1233.551 1231.423 1230.58 1229.816 1229.052 1228.288 1226.257 1222.256 1218.254 1214.253 1210.251 1207.971 1206.018 1204.065 1202.111 1200.68 1200.526
1353.349 1347.984 1342.618 1341.652 1346.079 1350.507 1354.934 1359.361 1365.484 1371.798 1378.112 1384.426 1389.103 1390.708 1392.313 1393.919 1395.524 1392.655 1388.646 1384.637 1380.628 1375.682 1367.865 1360.05 1352.234 1344.418 1337.279 1330.437 1323.595 1316.752 1309.886 1302.874 1295.863 1288.852 1281.841 1276.13 1271.307 1266.484 1261.661 1256.823 1251.653 1246.482 1241.312 1236.141 1232.476 1230.36 1228.244 1226.128 1224.012 1223.387 1222.854 1222.322 1221.789 1220.244 1217.126 1214.008 1210.89 1207.772 1206.03 1204.55 1203.07 1201.59 1200.505 1200.386
1362.485 1357.744 1353.002 1352.107 1355.926 1359.745 1363.564 1367.384 1372.4 1377.551 1382.703 1387.854 1391.467 1392.195 1392.923 1393.651 1394.379 1390.5 1385.447 1380.394 1375.341 1369.399 1360.738 1352.077 1343.416 1334.755 1327.921 1321.886 1315.851 1309.816 1303.749 1297.491 1291.234 1284.976 1278.718 1273.204 1268.198 1263.193 1258.187 1253.145 1247.307 1241.469 1235.631 1229.793 1225.807 1223.729 1221.651 1219.573 1217.495 1217.009 1216.622 1216.234 1215.846 1214.723 1212.455 1210.188 1207.92 1205.652 1204.386 1203.309 1202.233 1201.156 1200.367 1200.281
1371.621 1367.504 1363.387 1362.562 1365.773 1368.984 1372.195 1375.406 1379.316 1383.305 1387.293 1391.282 1393.832 1393.682 1393.533 1393.384 1393.235 1388.345 1382.247 1376.15 1370.053 1363.116 1353.61 1344.104 1334.598 1325.092 1318.563 1313.335 1308.107 1302.88 1297.612 1292.108 1286.604 1281.1 1275.596 1270.279 1265.09 1259.901 1254.712 1249.466 1242.96 1236.455 1229.95 1223.444 1219.139 1217.099 1215.058 1213.018 1210.977 1210.631 1210.388 1210.146 1209.904 1209.202 1207.785 1206.367 1204.95 1203.533 1202.741 1202.068 1201.396 1200.723 1200.229 1200.176
1380.756 1377.264 1373.771 1373.017 1375.62 1378.223 1380.826 1383.428 1386.232 1389.058 1391.884 1394.71 1396.196 1395.17 1394.143 1393.117 1392.09 1386.19 1379.048 1371.907 1364.766 1356.834 1346.483 1336.132 1325.781 1315.43 1309.204 1304.784 1300.364 1295.944 1291.476 1286.725 1281.974 1277.224 1272.473 1267.353 1261.981 1256.609 1251.237 1245.787 1238.614 1231.442 1224.269 1217.096 1212.471 1210.468 1208.465 1206.463 1204.46 1204.252 1204.155 1204.058 1203.962 1203.681 1203.114 1202.547 1201.98 1201.413 1201.096 1200.827 1200.558 1200.289 1200.092 1200.07
1387.75 1384.877 1382.003 1381.34 1383.387 1385.433 1387.48 1389.527 1391.455 1393.37 1395.284 1397.199 1397.901 1396.329 1394.757 1393.185 1391.613 1385.017 1377.142 1369.267 1361.392 1352.756 1341.793 1330.83 1319.867 1308.905 1302.856 1298.958 1295.06 1291.162 1287.23 1283.1 1278.97 1274.84 1270.71 1265.934 1260.717 1255.499 1250.281 1244.969 1237.564 1230.16 1222.756 1215.352 1210.63 1208.671 1206.711 1204.751 1202.792 1202.527 1202.368 1202.208 1202.048 1201.84 1201.557 1201.273 1200.99 1200.707 1200.548 1200.414 1200.279 1200.145 1200.053 1200.065
1390.461 1388.196 1385.93 1385.399 1386.994 1388.588 1390.183 1391.777 1393.292 1394.797 1396.303 1397.809 1398.285 1396.831 1395.378 1393.924 1392.471 1385.809 1377.82 1369.833 1361.844 1353.088 1341.979 1330.871 1319.763 1308.655 1302.529 1298.582 1294.635 1290.689 1286.767 1282.992 1279.218 1275.443 1271.669 1267.529 1263.14 1258.752 1254.363 1249.871 1243.107 1236.344 1229.58 1222.816 1218.446 1216.54 1214.634 1212.728 1210.823 1210.11 1209.472 1208.833 1208.194 1207.362 1206.228 1205.094 1203.96 1202.826 1202.193 1201.655 1201.116 1200.578 1200.211 1200.261
1393.172 1391.514 1389.857 1389.458 1390.6 1391.743 1392.885 1394.028 1395.129 1396.225 1397.322 1398.418 1398.669 1397.334 1395.999 1394.664 1393.328 1386.6 1378.499 1370.398 1362.297 1353.419 1342.166 1330.912 1319.659 1308.405 1302.201 1298.206 1294.211 1290.216 1286.304 1282.885 1279.465 1276.046 1272.626 1269.124 1265.564 1262.004 1258.444 1254.773 1248.65 1242.527 1236.403 1230.28 1226.262 1224.41 1222.557 1220.705 1218.853 1217.693 1216.575 1215.457 1214.339 1212.883 1210.898 1208.914 1206.93 1204.946 1203.838 1202.896 1201.954 1201.012 1200.368 1200.456
1395.882 1394.833 1393.784 1393.517 1394.207 1394.897 1395.588 1396.278 1396.966 1397.653 1398.341 1399.028 1399.053 1397.836 1396.62 1395.403 1394.186 1387.392 1379.178 1370.964 1362.75 1353.751 1342.352 1330.953 1319.554 1308.156 1301.873 1297.83 1293.786 1289.743 1285.841 1282.777 1279.713 1276.649 1273.585 1270.719 1267.988 1265.257 1262.526 1259.676 1254.193 1248.71 1243.227 1237.745 1234.077 1232.279 1230.481 1228.683 1226.884 1225.276 1223.679 1222.082 1220.485 1218.404 1215.569 1212.735 1209.9 1207.065 1205.482 1204.137 1202.791 1201.446 1200.526 1200.652
1398.593 1398.152 1397.711 1397.575 1397.814 1398.052 1398.29 1398.528 1398.803 1399.081 1399.359 1399.638 1399.437 1398.339 1397.241 1396.142 1395.044 1388.184 1379.856 1371.529 1363.202 1354.083 1342.538 1330.994 1319.45 1307.906 1301.546 1297.454 1293.362 1289.27 1285.378 1282.669 1279.96 1277.251 1274.542 1272.313 1270.411 1268.509 1266.607 1264.578 1259.735 1254.893 1250.051 1245.209 1241.893 1240.148 1238.404 1236.66 1234.915 1232.858 1230.782 1228.706 1226.631 1223.925 1220.24 1216.555 1212.87 1209.185 1207.127 1205.378 1203.628 1201.879 1200.684 1200.848
1399.293 1399.032 1398.77 1398.68 1398.801 1398.922 1399.043 1399.163 1399.313 1399.465 1399.618 1399.77 1399.47 1398.323 1397.176 1396.029 1394.881 1387.996 1379.65 1371.305 1362.959 1353.865 1342.479 1331.095 1319.71 1308.325 1302.096 1298.123 1294.15 1290.177 1286.472 1284.35 1282.228 1280.106 1277.984 1276.414 1275.221 1274.028 1272.834 1271.521 1267.555 1263.589 1259.624 1255.658 1252.836 1251.193 1249.55 1247.906 1246.263 1243.704 1241.089 1238.474 1235.859 1232.457 1227.831 1223.206 1218.58 1213.955 1211.065 1208.504 1205.944 1203.383 1201.561 1201.547
1399.482 1399.291 1399.099 1399.033 1399.122 1399.21 1399.299 1399.387 1399.485 1399.583 1399.682 1399.781 1399.414 1398.175 1396.937 1395.698 1394.459 1387.56 1379.219 1370.879 1362.538 1353.506 1342.358 1331.21 1320.062 1308.914 1302.87 1299.058 1295.246 1291.435 1287.962 1286.486 1285.009 1283.533 1282.057 1281.152 1280.637 1280.122 1279.608 1278.983 1275.954 1272.925 1269.896 1266.866 1264.576 1263.045 1261.515 1259.984 1258.454 1255.38 1252.21 1249.041 1245.871 1241.755 1236.166 1230.577 1224.988 1219.399 1215.586 1212.111 1208.635 1205.16 1202.621 1202.376
1399.671 1399.55 1399.428 1399.386 1399.442 1399.499 1399.555 1399.611 1399.657 1399.702 1399.746 1399.791 1399.358 1398.027 1396.697 1395.367 1394.037 1387.123 1378.788 1370.453 1362.118 1353.148 1342.237 1331.326 1320.414 1309.503 1303.643 1299.993 1296.343 1292.693 1289.452 1288.621 1287.791 1286.961 1286.13 1285.891 1286.054 1286.217 1286.381 1286.446 1284.353 1282.261 1280.168 1278.075 1276.315 1274.898 1273.481 1272.063 1270.646 1267.056 1263.332 1259.608 1255.884 1251.053 1244.501 1237.948 1231.396 1224.844 1220.108 1215.718 1211.327 1206.937 1203.681 1203.204
1399.86 1399.809 1399.757 1399.739 1399.763 1399.787 1399.811 1399.835 1399.829 1399.82 1399.811 1399.802 1399.301 1397.88 1396.458 1395.036 1393.614 1386.687 1378.357 1370.027 1361.697 1352.79 1342.116 1331.442 1320.767 1310.093 1304.417 1300.928 1297.44 1293.951 1290.941 1290.757 1290.573 1290.388 1290.204 1290.629 1291.471 1292.312 1293.154 1293.909 1292.752 1291.596 1290.44 1289.284 1288.055 1286.75 1285.446 1284.142 1282.838 1278.732 1274.453 1270.175 1265.897 1260.351 1252.835 1245.32 1237.804 1230.288 1224.63 1219.324 1214.019 1208.713 1204.74 1204.032
1399.864 1399.872 1399.88 1399.896 1399.922 1399.947 1399.972 1399.997 1399.943 1399.881 1399.818 1399.755 1399.161 1397.572 1395.983 1394.394 1392.805 1385.969 1377.798 1369.627 1361.456 1352.775 1342.533 1332.293 1322.051 1311.811 1306.3 1302.859 1299.418 1295.977 1293.093 1293.491 1293.89 1294.288 1294.686 1295.605 1296.879 1298.153 1299.427 1300.626 1300.159 1299.692 1299.225 1298.759 1297.893 1296.616 1295.339 1294.062 1292.785 1288.314 1283.647 1278.98 1274.313 1268.248 1260.009 1251.77 1243.531 1235.291 1228.839 1222.725 1216.611 1210.497 1205.871 1204.891
1399.34 1399.381 1399.422 1399.499 1399.621 1399.743 1399.865 1399.988 1399.895 1399.778 1399.662 1399.545 1398.783 1396.812 1394.841 1392.87 1390.898 1384.457 1376.878 1369.299 1361.719 1353.729 1344.478 1335.228 1325.977 1316.726 1311.326 1307.611 1303.896 1300.18 1297.119 1297.921 1298.723 1299.525 1300.327 1301.253 1302.264 1303.274 1304.284 1305.23 1304.753 1304.275 1303.797 1303.32 1302.343 1300.85 1299.358 1297.866 1296.374 1291.967 1287.38 1282.794 1278.208 1272.175 1263.893 1255.61 1247.328 1239.046 1232.161 1225.541 1218.921 1212.302 1207.204 1205.836
1398.817 1398.89 1398.963 1399.102 1399.321 1399.54 1399.759 1399.978 1399.847 1399.676 1399.506 1399.335 1398.405 1396.052 1393.699 1391.345 1388.992 1382.945 1375.958 1368.971 1361.984 1354.683 1346.423 1338.163 1329.902 1321.642 1316.353 1312.363 1308.373 1304.383 1301.146 1302.352 1303.557 1304.763 1305.969 1306.902 1307.648 1308.395 1309.142 1309.834 1309.346 1308.858 1308.37 1307.881 1306.792 1305.085 1303.377 1301.67 1299.962 1295.619 1291.113 1286.608 1282.102 1276.102 1267.776 1259.451 1251.126 1242.8 1235.483 1228.358 1221.232 1214.106 1208.537 1206.782
1398.294 1398.399 1398.504 1398.704 1399.02 1399.336 1399.652 1399.968 1399.798 1399.574 1399.35 1399.125 1398.027 1395.292 1392.556 1389.821 1387.085 1381.433 1375.038 1368.643 1362.248 1355.637 1348.367 1341.098 1333.828 1326.558 1321.379 1317.114 1312.85 1308.586 1305.172 1306.782 1308.391 1310.0 1311.61 1312.55 1313.033 1313.516 1313.999 1314.439 1313.94 1313.441 1312.942 1312.443 1311.242 1309.319 1307.396 1305.474 1303.551 1299.271 1294.846 1290.421 1285.996 1280.028 1271.66 1263.292 1254.923 1246.555 1238.805 1231.174 1223.542 1215.911 1209.87 1207.727
1397.77 1397.908 1398.046 1398.307 1398.72 1399.132 1399.545 1399.958 1399.75 1399.472 1399.194 1398.915 1397.65 1394.532 1391.414 1388.297 1385.179 1379.921 1374.118 1368.315 1362.512 1356.591 1350.312 1344.032 1337.753 1331.474 1326.405 1321.866 1317.327 1312.788 1309.199 1311.212 1313.225 1315.238 1317.251 1318.198 1318.417 1318.637 1318.856 1319.043 1318.533 1318.024 1317.514 1317.004 1315.692 1313.554 1311.416 1309.278 1307.14 1302.923 1298.579 1294.235 1289.891 1283.955 1275.544 1267.132 1258.721 1250.309 1242.128 1233.99 1225.853 1217.715 1211.203 1208.672
1393.265 1393.91 1394.556 1395.386 1396.442 1397.497 1398.553 1399.609 1399.544 1399.352 1399.161 1398.969 1397.848 1394.984 1392.12 1389.256 1386.391 1381.825 1376.824 1371.824 1366.823 1361.707 1356.234 1350.762 1345.29 1339.818 1334.793 1329.964 1325.135 1320.306 1316.409 1318.015 1319.62 1321.226 1322.831 1323.384 1323.219 1323.053 1322.888 1322.7 1322.024 1321.347 1320.67 1319.994 1318.512 1316.202 1313.891 1311.581 1309.27 1304.947 1300.501 1296.054 1291.607 1285.61 1277.203 1268.795 1260.387 1251.979 1243.603 1235.232 1226.862 1218.491 1211.766 1209.07
1387.245 1388.58 1389.915 1391.506 1393.412 1395.318 1397.225 1399.131 1399.278 1399.226 1399.174 1399.123 1398.265 1395.896 1393.527 1391.158 1388.789 1385.027 1380.909 1376.791 1372.673 1368.404 1363.669 1358.934 1354.199 1349.464 1344.458 1339.333 1334.208 1329.083 1324.829 1325.719 1326.609 1327.498 1328.388 1328.395 1327.798 1327.202 1326.606 1325.997 1325.094 1324.192 1323.289 1322.386 1320.713 1318.247 1315.78 1313.313 1310.847 1306.353 1301.734 1297.115 1292.496 1286.403 1278.016 1269.63 1261.244 1252.858 1244.376 1235.876 1227.377 1218.877 1212.036 1209.26
1381.226 1383.25 1385.273 1387.626 1390.383 1393.139 1395.896 1398.652 1399.011 1399.1 1399.188 1399.276 1398.682 1396.808 1394.935 1393.061 1391.187 1388.229 1384.994 1381.759 1378.524 1375.101 1371.103 1367.106 1363.108 1359.111 1354.123 1348.702 1343.281 1337.86 1333.25 1333.423 1333.597 1333.771 1333.945 1333.405 1332.378 1331.352 1330.325 1329.294 1328.165 1327.036 1325.908 1324.779 1322.914 1320.292 1317.669 1315.046 1312.424 1307.758 1302.967 1298.176 1293.385 1287.195 1278.83 1270.466 1262.101 1253.736 1245.149 1236.521 1227.891 1219.263 1212.307 1209.45
1375.207 1377.919 1380.632 1383.746 1387.353 1390.96 1394.567 1398.174 1398.745 1398.974 1399.202 1399.43 1399.099 1397.721 1396.342 1394.964 1393.585 1391.431 1389.078 1386.726 1384.374 1381.798 1378.538 1375.278 1372.018 1368.758 1363.788 1358.071 1352.354 1346.637 1341.67 1341.128 1340.586 1340.043 1339.501 1338.415 1336.958 1335.501 1334.043 1332.591 1331.236 1329.881 1328.526 1327.172 1325.115 1322.336 1319.558 1316.779 1314.0 1309.163 1304.2 1299.236 1294.273 1287.987 1279.644 1271.301 1262.958 1254.615 1245.922 1237.165 1228.406 1219.648 1212.577 1209.64
