data/zism_data/00086_02_D.txt
ncols         224
nrows         224
[rows 168 to 195 of 224, columns 0 to 62 of 224]
446.7478 448.2548 456.5269 464.799 473.071 481.3431 489.0606 496.5541 504.0475 511.541 518.9698 526.1176 533.2654 540.4132 547.561 543.7693 534.3888 525.0083 515.6277 505.3304 489.2422 473.154 457.0658 440.9776 431.7353 426.8424 421.9493 417.0564 412.6721 413.6691 414.6661 415.6632 416.6602 420.3427 426.1252 431.9078 437.6904 443.7157 456.2475 468.7792 481.311 493.8427 508.1473 524.1499 540.1525 556.1551 572.1577 573.5549 574.7388 575.9228 577.1067 572.032 559.6227 547.2134 534.8036 522.3943 515.398 508.7764 502.1548 495.5333 484.8578 468.3505 451.8432
452.5114 455.0579 462.4142 469.7705 477.1268 484.4831 490.9203 496.9863 503.0522 509.1181 515.0518 520.4112 525.7705 531.1299 536.4893 532.6312 524.064 515.4969 506.9299 497.552 483.0529 468.5539 454.0548 439.5558 431.6028 427.8089 424.0148 420.2209 416.862 418.1068 419.3516 420.5964 421.8412 425.2395 430.3218 435.404 440.4863 445.8054 457.4698 469.1342 480.7987 492.4632 505.873 520.9543 536.0358 551.1172 566.1985 568.0392 569.6863 571.3336 572.9807 568.2701 556.1086 543.9471 531.7851 519.6236 513.2933 507.3667 501.44 495.5134 486.2861 472.3106 458.3352
458.2751 461.8613 468.3018 474.7422 481.1827 487.6232 492.7801 497.4185 502.0568 506.6951 511.1337 514.7046 518.2754 521.8462 525.4171 521.4926 513.739 505.9854 498.2317 489.7733 476.8635 463.9536 451.0438 438.1339 431.4704 428.7754 426.0804 423.3853 421.0519 422.5446 424.0372 425.5299 427.0225 430.1365 434.5184 438.9004 443.2823 447.895 458.6921 469.4893 480.2864 491.0835 503.5985 517.7587 531.9189 546.079 560.2393 562.5232 564.6337 566.7441 568.8546 564.5081 552.5944 540.6807 528.7665 516.8528 511.1886 505.9569 500.7252 495.4935 487.7144 476.271 464.8275
464.0388 468.6647 474.1893 479.714 485.2386 490.7633 494.6399 497.8506 501.0614 504.2721 507.2156 508.998 510.7802 512.5626 514.3448 510.354 503.4139 496.4737 489.5335 481.9947 470.674 459.3533 448.0327 436.712 431.338 429.7419 428.1459 426.5499 425.2419 426.9824 428.7228 430.4633 432.2038 435.0335 438.7151 442.3967 446.0783 449.9847 459.9145 469.8443 479.7741 489.7039 501.324 514.563 527.8019 541.041 554.2799 557.0073 559.581 562.1548 564.7285 560.7461 549.0802 537.4143 525.748 514.0821 509.0838 504.5471 500.0103 495.4736 489.1428 480.2313 471.3198
469.8343 475.1927 479.7879 484.3831 488.9782 493.5734 496.3016 498.2756 500.2496 502.2235 503.8809 504.1625 504.444 504.7256 505.0071 500.9908 494.7787 488.5666 482.3545 475.6721 466.0197 456.3672 446.7147 437.0623 432.8665 432.1375 431.4086 430.6797 430.1726 432.0133 433.854 435.6947 437.5354 439.9789 442.8938 445.8087 448.7236 451.8563 460.825 469.7937 478.7625 487.7311 498.319 510.4576 522.5963 534.7349 546.8736 549.8401 552.6727 555.5053 558.3379 554.7727 543.7098 532.6469 521.5835 510.5206 506.3355 502.6265 498.9174 495.2084 490.3455 483.8224 477.2995
475.7613 480.5899 484.1992 487.8085 491.4178 495.0272 497.1494 498.6709 500.1924 501.7138 502.9439 502.9076 502.8713 502.8351 502.7988 498.9245 493.0895 487.2545 481.4196 475.3352 467.6759 460.0167 452.3574 444.6981 441.224 440.4089 439.5938 438.7786 438.1491 439.4834 440.8177 442.152 443.4863 445.1241 446.9994 448.8746 450.7498 452.8317 460.4537 468.0756 475.6976 483.3195 492.3102 502.6118 512.9135 523.2151 533.5167 535.8834 538.1342 540.385 542.6358 539.7067 530.707 521.7072 512.7072 503.7076 500.9408 498.6055 496.2702 493.9349 490.6201 485.8964 481.1727
481.6883 485.987 488.6105 491.234 493.8575 496.481 497.9973 499.0662 500.1351 501.2041 502.0069 501.6527 501.2986 500.9445 500.5904 496.8583 491.4004 485.9425 480.4846 474.9983 469.3322 463.6661 458.0001 452.334 449.5815 448.6802 447.7789 446.8776 446.1256 446.9535 447.7814 448.6093 449.4372 450.2694 451.1049 451.9404 452.7759 453.8071 460.0823 466.3575 472.6327 478.9079 486.3014 494.766 503.2307 511.6953 520.1599 521.9267 523.5957 525.2647 526.9337 524.6406 517.7041 510.7677 503.831 496.8945 495.5461 494.5846 493.623 492.6614 490.8949 487.9704 485.0459
487.6151 491.384 493.0217 494.6593 496.297 497.9347 498.845 499.4615 500.0779 500.6944 501.0699 500.3979 499.726 499.0541 498.3821 494.7921 489.7113 484.6305 479.5497 474.6613 470.9884 467.3155 463.6425 459.9696 457.9388 456.9513 455.9637 454.9763 454.1018 454.4233 454.7449 455.0664 455.3879 455.4145 455.2103 455.0062 454.802 454.7825 459.711 464.6394 469.5679 474.4964 480.2928 486.9205 493.5482 500.1758 506.8035 507.9705 509.0577 510.1449 511.2321 509.575 504.7018 499.8285 494.955 490.0817 490.1516 490.5637 490.9758 491.3879 491.1696 490.0443 488.919
493.5421 496.7811 497.433 498.0848 498.7366 499.3885 499.6928 499.8568 500.0207 500.1847 500.1328 499.1431 498.1533 497.1635 496.1738 492.7259 488.0222 483.3185 478.6148 474.3244 472.6447 470.9649 469.2852 467.6055 466.2963 465.2226 464.1489 463.0752 462.0783 461.8934 461.7086 461.5237 461.3389 460.5597 459.3159 458.072 456.8282 455.7579 459.3396 462.9213 466.503 470.0847 474.284 479.0746 483.8653 488.656 493.4467 494.0138 494.5192 495.0247 495.5301 494.509 491.6989 488.8889 486.0787 483.2686 484.757 486.5428 488.3286 490.1144 491.4442 492.1183 492.7923
499.2273 501.7774 501.4571 501.1368 500.8166 500.4963 500.3405 500.2513 500.1619 500.0726 499.8197 498.8556 497.8915 496.9275 495.9634 492.8875 488.7326 484.5778 480.4229 476.7281 475.9389 475.1496 474.3604 473.5711 472.6687 471.6943 470.7199 469.7455 468.8173 468.3768 467.9363 467.4958 467.0554 465.7696 463.8226 461.8757 459.9288 458.1158 459.8904 461.6651 463.4397 465.2143 467.5859 470.5293 473.4727 476.416 479.3594 480.3795 481.3715 482.3634 483.3554 483.7129 483.3268 482.9407 482.5545 482.1684 484.8189 487.6796 490.5402 493.4009 495.3504 495.9893 496.6281
504.7749 506.5456 505.2611 503.9766 502.6921 501.4076 500.8746 500.6452 500.4158 500.1865 499.861 499.1178 498.3746 497.6313 496.8882 494.3147 490.8063 487.2979 483.7896 480.6889 480.1636 479.6383 479.113 478.5877 477.913 477.1433 476.3736 475.6039 474.8529 474.2993 473.7457 473.1921 472.6385 471.0159 468.5572 466.0985 463.6399 461.2591 460.9652 460.6713 460.3773 460.0834 460.4965 461.5868 462.677 463.7673 464.8575 466.9287 469.0143 471.0998 473.1853 475.3432 477.5859 479.8285 482.0713 484.3139 487.981 491.7467 495.5123 499.278 501.3196 500.8811 500.4426
510.3228 511.3141 509.0653 506.8165 504.5677 502.3189 501.4086 501.0392 500.6698 500.3003 499.9023 499.3799 498.8576 498.3353 497.8129 495.7421 492.8801 490.0182 487.1563 484.6497 484.3884 484.1271 483.8658 483.6044 483.1574 482.5924 482.0275 481.4625 480.8887 480.222 479.5553 478.8885 478.2218 476.2624 473.2919 470.3215 467.351 464.4025 462.0399 459.6774 457.3149 454.9524 453.4069 452.644 451.881 451.1181 450.3552 453.4776 456.6567 459.8358 463.0149 466.9732 471.8448 476.7163 481.588 486.4595 491.1432 495.8139 500.4846 505.1553 507.289 505.7731 504.2572
515.8707 516.0825 512.8694 509.6563 506.4432 503.2302 501.9427 501.4332 500.9237 500.4142 499.9436 499.6421 499.3407 499.0392 498.7377 497.1694 494.9539 492.7384 490.5229 488.6106 488.6133 488.6159 488.6185 488.6212 488.4019 488.0416 487.6813 487.3211 486.9246 486.1447 485.3649 484.585 483.8051 481.5089 478.0266 474.5444 471.0622 467.5459 463.1147 458.6836 454.2524 449.8213 446.3172 443.7011 441.0851 438.469 435.8529 440.0264 444.2991 448.5717 452.8445 458.6032 466.1036 473.604 481.1047 488.6051 494.3055 499.8812 505.4569 511.0327 513.2584 510.6651 508.0718
521.7629 521.1777 516.9449 512.7122 508.4795 504.2467 502.552 501.8827 501.2134 500.5441 499.982 499.8854 499.7889 499.6924 499.5959 498.5072 496.9115 495.3158 493.7202 492.3757 492.6178 492.8599 493.102 493.3441 493.3365 493.1702 493.0039 492.8376 492.6105 491.7398 490.8692 489.9985 489.1278 486.5508 482.6393 478.7277 474.8162 470.8159 464.4364 458.0569 451.6775 445.298 439.9298 435.5302 431.1305 426.7309 422.3313 427.5374 432.8839 438.2303 443.5768 451.104 461.1868 471.2696 481.3528 491.4356 498.0576 504.44 510.8224 517.2048 519.4411 515.7128 511.9846
531.6346 530.0473 524.1553 518.2634 512.3713 506.4794 504.0309 502.9738 501.9166 500.8594 499.986 499.911 499.8361 499.7611 499.6862 498.8115 497.5283 496.2451 494.9619 493.8812 494.0802 494.2792 494.4782 494.6773 494.6957 494.5995 494.5032 494.4069 494.2582 493.5546 492.8509 492.1472 491.4436 489.2331 485.8441 482.4551 479.0661 475.5494 468.6097 461.6699 454.7302 447.7905 441.6474 436.2673 430.8872 425.5071 420.127 426.1526 432.3449 438.5371 444.7294 453.6555 465.7854 477.9153 490.0457 502.1756 508.6227 514.6765 520.7303 526.7841 528.0886 522.5611 517.0336
541.5062 538.917 531.3658 523.8145 516.2632 508.712 505.5099 504.0648 502.6198 501.1747 499.99 499.9366 499.8832 499.8298 499.7764 499.1158 498.1451 497.1743 496.2035 495.3867 495.5427 495.6986 495.8545 496.0104 496.055 496.0287 496.0025 495.9763 495.9059 495.3693 494.8327 494.296 493.7594 491.9153 489.0489 486.1825 483.316 480.2829 472.7829 465.2829 457.7829 450.283 443.365 437.0044 430.6438 424.2833 417.9227 424.7678 431.8059 438.8439 445.882 456.2069 470.3839 484.561 498.7385 512.9156 519.1879 524.913 530.6382 536.3634 536.7362 529.4094 522.0826
551.3774 547.7864 538.5759 529.3655 520.155 510.9446 506.9887 505.1558 503.3229 501.4901 499.994 499.9622 499.9303 499.8985 499.8666 499.4201 498.7618 498.1035 497.4452 496.8922 497.0051 497.1179 497.2307 497.3435 497.4142 497.4579 497.5017 497.5455 497.5536 497.184 496.8143 496.4447 496.075 494.5975 492.2536 489.9097 487.5658 485.0163 476.956 468.8958 460.8356 452.7753 445.0825 437.7415 430.4005 423.0595 415.7185 423.3831 431.2669 439.1507 447.0345 458.7583 474.9824 491.2065 507.4311 523.6552 529.7526 535.1492 540.5458 545.9423 545.3834 536.2574 527.1313
561.2491 556.6561 545.7864 534.9166 524.0469 513.1772 508.4677 506.2469 504.0261 501.8054 499.9981 499.9878 499.9774 499.9672 499.9568 499.7245 499.3786 499.0327 498.6869 498.3978 498.4675 498.5372 498.607 498.6767 498.7734 498.8872 499.001 499.1149 499.2014 498.9987 498.7961 498.5934 498.3908 497.2798 495.4584 493.6371 491.8157 489.7498 481.1293 472.5088 463.8883 455.2678 446.8 438.4786 430.1571 421.8357 413.5142 421.9983 430.7279 439.4575 448.187 461.3098 479.5809 497.8521 516.124 534.3951 540.3177 545.3857 550.4537 555.5216 554.031 543.1057 532.1803
567.3634 562.182 550.3023 538.4227 526.543 514.6634 509.475 506.99 504.5051 502.0201 500.0 500.0 500.0 500.0 500.0 499.8849 499.7109 499.537 499.363 499.2188 499.2623 499.3058 499.3493 499.3928 499.4894 499.6199 499.7503 499.8808 499.9892 499.8636 499.738 499.6124 499.4868 498.5325 496.9302 495.3278 493.7254 491.8715 483.2753 474.6792 466.083 457.4869 448.9739 440.5404 432.107 423.6736 415.2401 424.6199 434.2599 443.8998 453.5398 467.6653 487.0477 506.43 525.8129 545.1953 549.7285 553.234 556.7396 560.2451 557.473 545.6702 533.8675
570.0339 564.6431 552.3486 540.0542 527.7597 515.4653 510.0501 507.4143 504.7785 502.1428 500.0 500.0 500.0 500.0 500.0 499.9134 499.7825 499.6517 499.5208 499.4124 499.4451 499.4778 499.5105 499.5432 499.6159 499.7141 499.8122 499.9103 499.9887 499.8577 499.7267 499.5958 499.4648 498.4749 496.8133 495.1516 493.49 491.5991 483.5632 475.5273 467.4914 459.4555 451.566 443.8168 436.0675 428.3183 420.569 430.9143 441.524 452.1336 462.7432 477.5085 497.144 516.7795 536.4157 556.0513 558.0817 558.8937 559.7056 560.5176 556.1432 544.3082 532.4732
572.7045 567.1042 554.395 541.6857 528.9764 516.2672 510.6252 507.8386 505.052 502.2654 500.0 500.0 500.0 500.0 500.0 499.9419 499.8542 499.7664 499.6786 499.6059 499.6278 499.6498 499.6717 499.6937 499.7424 499.8082 499.8741 499.9399 499.9882 499.8519 499.7155 499.5792 499.4428 498.4173 496.6964 494.9755 493.2546 491.3267 483.8511 476.3754 468.8998 461.4242 454.1582 447.0931 440.028 432.963 425.8979 437.2087 448.7881 460.3673 471.9467 487.3517 507.2404 527.1292 547.0186 566.9072 566.4349 564.5533 562.6717 560.7901 554.8135 542.9462 531.0789
575.3749 569.5653 556.4412 543.3172 530.1931 517.0691 511.2003 508.2629 505.3254 502.388 500.0 500.0 500.0 500.0 500.0 499.9704 499.9258 499.8811 499.8365 499.7994 499.8106 499.8218 499.8329 499.8441 499.8689 499.9024 499.9359 499.9694 499.9878 499.846 499.7043 499.5625 499.4208 498.3596 496.5795 494.7994 493.0192 491.0544 484.1389 477.2235 470.3081 463.3927 456.7503 450.3694 443.9884 437.6075 431.2265 443.5029 456.0519 468.6008 481.1497 497.1946 517.3365 537.4784 557.621 577.7628 574.7878 570.2127 565.6376 561.0626 553.4839 541.5842 529.6846
578.0454 572.0264 558.4875 544.9487 531.4099 517.871 511.7754 508.6872 505.5989 502.5106 500.0 500.0 500.0 500.0 500.0 499.999 499.9974 499.9958 499.9943 499.993 499.9934 499.9938 499.9942 499.9945 499.9954 499.9966 499.9978 499.9989 499.9873 499.8401 499.693 499.5459 499.3988 498.302 496.4626 494.6232 492.7838 490.782 484.4268 478.0717 471.7165 465.3613 459.3425 453.6457 447.9489 442.2522 436.5554 449.7973 463.3159 476.8346 490.3531 507.0378 527.4329 547.8279 568.2238 588.6188 583.1409 575.8723 568.6037 561.3351 552.1542 540.2222 528.2903
577.766 571.9012 558.9288 545.9564 532.984 520.0116 513.7831 510.2792 506.7753 503.2714 500.3996 500.275 500.1504 500.0258 499.9012 499.8487 499.8332 499.8176 499.802 499.7907 499.8062 499.8218 499.8374 499.853 499.8273 499.7754 499.7234 499.6715 499.6091 499.4359 499.2626 499.0893 498.916 498.0251 496.5729 495.1208 493.6686 492.078 486.7763 481.4746 476.1729 470.8712 465.6668 460.5555 455.4443 450.333 445.2218 457.4731 469.9781 482.4831 494.9881 510.1811 528.5242 546.8672 565.211 583.5541 577.2548 569.25 561.2452 553.2404 544.3358 534.1367 523.9377
577.3757 571.6788 559.3098 546.9407 534.5716 522.2025 515.8445 511.915 507.9856 504.0561 500.8142 500.5603 500.3064 500.0525 499.7986 499.6918 499.66 499.6283 499.5966 499.5735 499.6052 499.637 499.6687 499.7004 499.6481 499.5423 499.4365 499.3307 499.2168 499.0166 498.8163 498.6161 498.4159 497.7399 496.6917 495.6436 494.5955 493.4329 489.2032 484.9734 480.7438 476.5141 472.1313 467.6018 463.0723 458.5428 454.0134 465.2006 476.6175 488.0343 499.4512 513.0723 529.2769 545.4814 561.6865 577.891 570.8336 562.1662 553.4988 544.8314 536.2736 527.8738 519.474
576.9854 571.4564 559.6907 547.9249 536.1592 524.3935 517.9059 513.551 509.1959 504.8409 501.2288 500.8456 500.4624 500.0793 499.6961 499.5348 499.4869 499.439 499.3911 499.3563 499.4042 499.4521 499.5 499.5479 499.4689 499.3092 499.1496 498.9899 498.8244 498.5973 498.3701 498.143 497.9158 497.4547 496.8106 496.1664 495.5223 494.7878 491.6301 488.4724 485.3148 482.1571 478.5959 474.6482 470.7006 466.7529 462.8052 472.9284 483.257 493.5857 503.9144 515.9637 530.0296 544.0955 558.1618 572.2277 564.4121 555.0821 545.7521 536.422 528.2112 521.6107 515.0101
576.595 571.2339 560.0716 548.9092 537.7468 526.5845 519.9675 515.1868 510.4063 505.6256 501.6434 501.1309 500.6185 500.106 499.5935 499.3778 499.3138 499.2497 499.1857 499.1391 499.2032 499.2672 499.3313 499.3954 499.2897 499.0762 498.8626 498.6491 498.4321 498.178 497.9239 497.6698 497.4157 497.1695 496.9294 496.6893 496.4492 496.1428 494.0571 491.9714 489.8858 487.8001 485.0605 481.6947 478.3288 474.963 471.5971 480.6561 489.8966 499.1371 508.3776 518.8551 530.7823 542.7095 554.6371 566.5644 557.9907 547.998 538.0054 528.0127 520.1489 515.3476 510.5463
576.7919 571.7186 561.1376 550.5568 539.9759 529.395 522.6624 517.4847 512.3069 507.1292 502.7754 502.0024 501.2295 500.4566 499.6837 499.3606 499.2672 499.1739 499.0806 499.0092 499.0763 499.1434 499.2105 499.2776 499.0813 498.7178 498.3542 497.9906 497.6315 497.3199 497.0082 496.6966 496.385 496.3267 496.4666 496.6065 496.7464 496.8299 495.4008 493.9718 492.5428 491.1138 488.967 486.1327 483.2983 480.464 477.6296 485.5785 493.685 501.7914 509.8978 518.8422 528.7685 538.6949 548.6215 558.5479 550.1654 540.5157 530.866 521.2163 514.0444 510.4368 506.8292
