data/zism_data/00084_02_D.txt
ncols         224
nrows         224
[rows 0 to 27 of 224, columns 0 to 63 of 224]
1362.355 1354.333 1346.311 1338.771 1331.82 1324.87 1317.919 1310.969 1315.822 1322.007 1328.192 1334.378 1341.138 1348.977 1356.816 1364.655 1372.494 1372.179 1369.788 1367.397 1365.005 1361.988 1357.056 1352.123 1347.19 1342.258 1345.364 1351.987 1358.61 1365.233 1371.764 1377.752 1383.74 1389.729 1395.717 1397.335 1395.969 1394.602 1393.235 1391.831 1389.592 1387.352 1385.113 1382.874 1379.729 1375.653 1371.577 1367.5 1363.424 1355.861 1348.083 1340.305 1332.527 1326.133 1321.892 1317.651 1313.409 1309.168 1308.107 1307.65 1307.193 1306.736 1306.186 1305.408
1361.919 1354.105 1346.291 1339.031 1332.449 1325.867 1319.285 1312.704 1318.526 1325.75 1332.974 1340.197 1347.642 1355.502 1363.361 1371.221 1379.081 1378.795 1376.435 1374.075 1371.715 1368.719 1363.776 1358.833 1353.89 1348.947 1351.508 1357.352 1363.196 1369.041 1374.794 1380.015 1385.234 1390.455 1395.675 1397.252 1396.343 1395.433 1394.523 1393.59 1392.145 1390.7 1389.255 1387.81 1385.188 1381.356 1377.524 1373.692 1369.859 1362.076 1354.049 1346.021 1337.995 1331.24 1326.464 1321.688 1316.911 1312.135 1310.719 1309.94 1309.161 1308.382 1307.557 1306.618
1361.484 1353.878 1346.271 1339.291 1333.077 1326.864 1320.651 1314.438 1321.231 1329.493 1337.755 1346.016 1354.146 1362.026 1369.907 1377.787 1385.668 1385.411 1383.082 1380.753 1378.424 1375.449 1370.495 1365.542 1360.589 1355.635 1357.652 1362.717 1367.783 1372.848 1377.825 1382.277 1386.729 1391.18 1395.632 1397.169 1396.716 1396.264 1395.811 1395.349 1394.698 1394.047 1393.397 1392.746 1390.648 1387.059 1383.471 1379.883 1376.295 1368.29 1360.014 1351.738 1343.462 1336.346 1331.035 1325.724 1320.413 1315.103 1313.331 1312.23 1311.129 1310.028 1308.927 1307.828
1360.925 1353.796 1346.667 1340.434 1335.298 1330.161 1325.025 1319.889 1327.019 1335.534 1344.049 1352.564 1360.564 1367.601 1374.636 1381.673 1388.708 1388.581 1386.63 1384.68 1382.729 1380.093 1375.363 1370.633 1365.903 1361.173 1362.7 1366.965 1371.23 1375.495 1379.701 1383.556 1387.411 1391.266 1395.121 1396.551 1396.325 1396.099 1395.873 1395.645 1395.379 1395.114 1394.849 1394.583 1392.878 1389.691 1386.503 1383.316 1380.129 1372.326 1364.238 1356.151 1348.064 1340.978 1335.45 1329.922 1324.394 1318.867 1316.707 1315.185 1313.664 1312.143 1310.681 1309.366
1360.313 1353.776 1347.239 1341.95 1338.189 1334.429 1330.668 1326.907 1334.107 1342.544 1350.981 1359.419 1366.948 1372.774 1378.6 1384.427 1390.253 1390.298 1388.872 1387.445 1386.019 1383.858 1379.45 1375.042 1370.633 1366.225 1367.287 1370.742 1374.197 1377.652 1381.089 1384.42 1387.751 1391.082 1394.412 1395.707 1395.61 1395.514 1395.418 1395.323 1395.271 1395.218 1395.166 1395.113 1393.746 1391.026 1388.306 1385.586 1382.866 1375.442 1367.728 1360.015 1352.301 1345.41 1339.8 1334.189 1328.578 1322.967 1320.405 1318.422 1316.438 1314.455 1312.596 1311.042
1359.701 1353.756 1347.811 1343.466 1341.081 1338.696 1336.311 1333.926 1341.195 1349.555 1357.914 1366.273 1373.331 1377.948 1382.564 1387.181 1391.798 1392.016 1391.114 1390.211 1389.309 1387.623 1383.536 1379.45 1375.364 1371.277 1371.874 1374.519 1377.164 1379.809 1382.478 1385.284 1388.091 1390.897 1393.704 1394.863 1394.896 1394.929 1394.963 1395.002 1395.162 1395.322 1395.483 1395.643 1394.614 1392.361 1390.108 1387.855 1385.603 1378.558 1371.218 1363.878 1356.539 1349.843 1344.149 1338.455 1332.761 1327.067 1324.104 1321.658 1319.213 1316.768 1314.511 1312.718
1359.09 1353.736 1348.383 1344.982 1343.972 1342.963 1341.954 1340.944 1348.283 1356.565 1364.846 1373.128 1379.714 1383.121 1386.528 1389.936 1393.343 1393.733 1393.355 1392.977 1392.599 1391.387 1387.623 1383.858 1380.094 1376.329 1376.46 1378.296 1380.131 1381.966 1383.866 1386.149 1388.431 1390.713 1392.995 1394.018 1394.182 1394.345 1394.508 1394.68 1395.053 1395.427 1395.8 1396.173 1395.482 1393.697 1391.911 1390.125 1388.339 1381.674 1374.708 1367.742 1360.776 1354.275 1348.498 1342.721 1336.944 1331.167 1327.802 1324.895 1321.987 1319.08 1316.427 1314.395
1391.151 1390.262 1389.374 1389.295 1390.209 1391.124 1392.038 1392.952 1393.883 1394.816 1395.749 1396.682 1397.247 1397.123 1396.999 1396.875 1396.751 1395.136 1393.143 1391.15 1389.156 1387.569 1387.225 1386.88 1386.536 1386.192 1387.416 1389.327 1391.238 1393.149 1394.885 1395.592 1396.299 1397.006 1397.713 1397.847 1397.589 1397.331 1397.073 1396.837 1397.082 1397.327 1397.573 1397.818 1398.0 1398.118 1398.236 1398.354 1398.471 1398.154 1397.81 1397.466 1397.122 1395.858 1393.164 1390.469 1387.775 1385.08 1379.237 1372.798 1366.358 1359.918 1353.012 1344.965
1391.029 1389.838 1388.647 1388.297 1388.978 1389.659 1390.339 1391.02 1392.042 1393.103 1394.163 1395.223 1395.862 1395.712 1395.561 1395.41 1395.259 1393.433 1391.179 1388.926 1386.672 1385.003 1385.12 1385.238 1385.355 1385.472 1386.977 1389.09 1391.202 1393.314 1395.212 1395.845 1396.478 1397.11 1397.743 1397.853 1397.606 1397.358 1397.111 1396.883 1397.08 1397.278 1397.475 1397.673 1397.865 1398.052 1398.239 1398.425 1398.612 1398.389 1398.14 1397.892 1397.643 1396.587 1394.275 1391.962 1389.649 1387.336 1381.929 1375.935 1369.941 1363.947 1357.375 1349.385
1390.907 1389.414 1387.92 1387.299 1387.747 1388.194 1388.641 1389.089 1390.201 1391.389 1392.577 1393.764 1394.477 1394.3 1394.123 1393.945 1393.768 1391.729 1389.215 1386.702 1384.189 1382.437 1383.016 1383.595 1384.173 1384.752 1386.538 1388.852 1391.166 1393.48 1395.539 1396.098 1396.656 1397.215 1397.773 1397.859 1397.623 1397.386 1397.149 1396.929 1397.079 1397.229 1397.378 1397.528 1397.73 1397.986 1398.242 1398.497 1398.753 1398.624 1398.471 1398.318 1398.165 1397.316 1395.385 1393.454 1391.524 1389.593 1384.621 1379.073 1373.524 1367.976 1361.736 1353.806
1390.785 1388.989 1387.194 1386.301 1386.515 1386.729 1386.943 1387.157 1388.36 1389.675 1390.99 1392.305 1393.092 1392.888 1392.684 1392.481 1392.277 1390.025 1387.252 1384.479 1381.705 1379.872 1380.912 1381.952 1382.992 1384.032 1386.099 1388.614 1391.13 1393.645 1395.867 1396.351 1396.835 1397.319 1397.803 1397.866 1397.64 1397.413 1397.187 1396.975 1397.077 1397.179 1397.281 1397.383 1397.595 1397.92 1398.245 1398.569 1398.894 1398.859 1398.801 1398.743 1398.686 1398.045 1396.496 1394.947 1393.398 1391.849 1387.313 1382.21 1377.107 1372.004 1366.098 1358.226
1391.007 1389.052 1387.098 1385.92 1385.694 1385.468 1385.242 1385.016 1385.897 1386.904 1387.91 1388.916 1389.461 1389.14 1388.819 1388.498 1388.177 1385.993 1383.335 1380.677 1378.019 1376.444 1378.184 1379.924 1381.663 1383.403 1385.807 1388.5 1391.194 1393.888 1396.249 1396.647 1397.044 1397.441 1397.839 1397.878 1397.673 1397.468 1397.263 1397.07 1397.146 1397.221 1397.297 1397.372 1397.582 1397.932 1398.281 1398.63 1398.98 1399.0 1399.0 1399.0 1399.0 1398.526 1397.315 1396.104 1394.893 1393.682 1389.717 1385.23 1380.744 1376.257 1370.867 1363.263
1391.751 1389.855 1387.959 1386.474 1385.495 1384.516 1383.537 1382.558 1382.491 1382.526 1382.562 1382.597 1382.42 1381.845 1381.269 1380.694 1380.118 1378.428 1376.454 1374.48 1372.506 1371.709 1374.509 1377.31 1380.111 1382.911 1385.737 1388.574 1391.411 1394.249 1396.717 1397.008 1397.299 1397.591 1397.882 1397.9 1397.732 1397.564 1397.397 1397.24 1397.32 1397.401 1397.482 1397.562 1397.754 1398.061 1398.368 1398.675 1398.982 1399.0 1399.0 1399.0 1399.0 1398.632 1397.691 1396.751 1395.81 1394.87 1391.684 1388.073 1384.461 1380.849 1376.251 1369.237
1392.495 1390.657 1388.819 1387.029 1385.297 1383.564 1381.832 1380.1 1379.084 1378.149 1377.214 1376.278 1375.38 1374.55 1373.72 1372.89 1372.059 1370.863 1369.573 1368.284 1366.994 1366.974 1370.835 1374.696 1378.558 1382.419 1385.668 1388.648 1391.629 1394.609 1397.184 1397.369 1397.555 1397.74 1397.925 1397.922 1397.792 1397.661 1397.53 1397.409 1397.495 1397.581 1397.667 1397.753 1397.927 1398.191 1398.456 1398.72 1398.985 1399.0 1399.0 1399.0 1399.0 1398.738 1398.068 1397.398 1396.728 1396.058 1393.651 1390.915 1388.178 1385.442 1381.636 1375.21
1393.24 1391.46 1389.68 1387.584 1385.098 1382.613 1380.127 1377.642 1375.677 1373.771 1371.865 1369.96 1368.339 1367.255 1366.17 1365.085 1364.0 1363.298 1362.693 1362.087 1361.482 1362.238 1367.161 1372.083 1377.005 1381.927 1385.598 1388.722 1391.846 1394.969 1397.652 1397.731 1397.81 1397.889 1397.968 1397.944 1397.851 1397.757 1397.664 1397.578 1397.669 1397.76 1397.852 1397.943 1398.099 1398.321 1398.543 1398.765 1398.987 1399.0 1399.0 1399.0 1399.0 1398.844 1398.444 1398.045 1397.645 1397.246 1395.618 1393.757 1391.896 1390.034 1387.021 1381.184
1393.984 1392.263 1390.541 1388.138 1384.9 1381.661 1378.422 1375.184 1372.27 1369.394 1366.517 1363.641 1361.299 1359.96 1358.62 1357.281 1355.942 1355.733 1355.812 1355.89 1355.969 1357.503 1363.486 1369.469 1375.452 1381.435 1385.529 1388.796 1392.063 1395.33 1398.119 1398.092 1398.065 1398.038 1398.011 1397.966 1397.91 1397.854 1397.797 1397.747 1397.844 1397.94 1398.037 1398.134 1398.271 1398.451 1398.63 1398.81 1398.99 1399.0 1399.0 1399.0 1399.0 1398.95 1398.821 1398.692 1398.563 1398.434 1397.585 1396.599 1395.613 1394.627 1392.406 1387.157
1394.972 1393.469 1391.966 1389.565 1386.061 1382.558 1379.055 1375.552 1371.399 1367.172 1362.946 1358.719 1355.246 1353.184 1351.123 1349.061 1346.999 1346.978 1347.475 1347.973 1348.471 1350.411 1356.764 1363.117 1369.471 1375.823 1380.449 1384.318 1388.188 1392.057 1395.449 1396.028 1396.607 1397.186 1397.765 1397.984 1397.956 1397.928 1397.9 1397.878 1397.984 1398.09 1398.197 1398.303 1398.395 1398.473 1398.551 1398.63 1398.708 1398.681 1398.647 1398.613 1398.579 1398.588 1398.662 1398.736 1398.811 1398.885 1398.336 1397.669 1397.003 1396.336 1394.574 1390.129
1396.023 1394.78 1393.537 1391.217 1387.575 1383.934 1380.293 1376.652 1371.184 1365.509 1359.835 1354.16 1349.449 1346.544 1343.638 1340.733 1337.828 1337.914 1338.762 1339.61 1340.458 1342.709 1349.253 1355.797 1362.341 1368.885 1374.071 1378.661 1383.252 1387.843 1391.967 1393.336 1394.706 1396.075 1397.444 1397.999 1397.998 1397.997 1397.995 1397.999 1398.116 1398.233 1398.349 1398.466 1398.506 1398.468 1398.429 1398.391 1398.353 1398.279 1398.202 1398.126 1398.05 1398.105 1398.365 1398.625 1398.885 1399.145 1398.773 1398.281 1397.79 1397.298 1395.91 1392.324
1397.074 1396.091 1395.108 1392.869 1389.089 1385.31 1381.531 1377.752 1370.969 1363.846 1356.724 1349.601 1343.652 1339.903 1336.154 1332.406 1328.657 1328.851 1330.049 1331.247 1332.445 1335.007 1341.742 1348.477 1355.212 1361.947 1367.692 1373.005 1378.317 1383.629 1388.485 1390.644 1392.804 1394.964 1397.124 1398.015 1398.04 1398.066 1398.091 1398.121 1398.248 1398.375 1398.503 1398.63 1398.618 1398.463 1398.308 1398.152 1397.997 1397.876 1397.758 1397.639 1397.521 1397.623 1398.068 1398.514 1398.959 1399.405 1399.21 1398.893 1398.577 1398.26 1397.245 1394.519
1398.125 1397.402 1396.679 1394.521 1390.604 1386.687 1382.77 1378.853 1370.754 1362.183 1353.612 1345.041 1337.854 1333.262 1328.67 1324.078 1319.486 1319.788 1321.336 1322.884 1324.432 1327.305 1334.231 1341.157 1348.083 1355.009 1361.314 1367.348 1373.382 1379.416 1385.002 1387.953 1390.903 1393.853 1396.803 1398.031 1398.083 1398.134 1398.186 1398.242 1398.38 1398.518 1398.656 1398.793 1398.729 1398.458 1398.186 1397.914 1397.642 1397.474 1397.313 1397.152 1396.991 1397.14 1397.771 1398.403 1399.034 1399.665 1399.647 1399.505 1399.364 1399.222 1398.58 1396.714
1399.005 1398.507 1398.01 1395.963 1392.016 1388.07 1384.124 1380.177 1371.1 1361.444 1351.787 1342.13 1333.941 1328.502 1323.064 1317.625 1312.186 1312.387 1314.023 1315.659 1317.296 1320.216 1327.066 1333.916 1340.766 1347.616 1354.261 1360.816 1367.371 1373.927 1380.098 1384.0 1387.903 1391.806 1395.709 1397.427 1397.653 1397.878 1398.104 1398.326 1398.472 1398.619 1398.765 1398.912 1398.77 1398.33 1397.891 1397.452 1397.012 1396.79 1396.582 1396.373 1396.165 1396.374 1397.232 1398.091 1398.949 1399.808 1399.955 1399.967 1399.979 1399.991 1399.674 1398.551
1399.164 1398.746 1398.328 1396.518 1393.001 1389.485 1385.968 1382.451 1373.818 1364.607 1355.396 1346.185 1337.987 1331.689 1325.391 1319.093 1312.795 1312.01 1312.627 1313.245 1313.863 1315.72 1321.365 1327.011 1332.657 1338.303 1344.356 1350.588 1356.82 1363.051 1369.183 1374.725 1380.267 1385.809 1391.351 1394.207 1395.228 1396.249 1397.27 1398.253 1398.4 1398.546 1398.693 1398.839 1398.509 1397.688 1396.866 1396.045 1395.224 1394.915 1394.637 1394.36 1394.082 1394.407 1395.669 1396.93 1398.192 1399.454 1399.719 1399.794 1399.87 1399.946 1399.748 1398.88
1399.323 1398.985 1398.646 1397.073 1393.986 1390.899 1387.812 1384.725 1376.536 1367.77 1359.005 1350.239 1342.033 1334.876 1327.719 1320.561 1313.404 1311.632 1311.232 1310.831 1310.43 1311.223 1315.665 1320.106 1324.548 1328.99 1334.452 1340.36 1346.268 1352.176 1358.268 1365.449 1372.63 1379.812 1386.992 1390.986 1392.803 1394.62 1396.437 1398.181 1398.328 1398.474 1398.62 1398.767 1398.248 1397.045 1395.842 1394.639 1393.436 1393.039 1392.693 1392.346 1392.0 1392.441 1394.105 1395.77 1397.435 1399.1 1399.483 1399.622 1399.761 1399.901 1399.822 1399.208
1399.482 1399.224 1398.965 1397.628 1394.971 1392.313 1389.656 1386.999 1379.253 1370.933 1362.614 1354.294 1346.08 1338.063 1330.046 1322.029 1314.013 1311.255 1309.836 1308.417 1306.998 1306.726 1309.964 1313.202 1316.439 1319.677 1324.547 1330.132 1335.716 1341.301 1347.354 1356.174 1364.994 1373.814 1382.634 1387.766 1390.378 1392.991 1395.603 1398.109 1398.255 1398.401 1398.548 1398.695 1397.988 1396.403 1394.818 1393.232 1391.647 1391.164 1390.749 1390.333 1389.918 1390.474 1392.542 1394.61 1396.678 1398.746 1399.246 1399.449 1399.653 1399.856 1399.896 1399.536
1399.641 1399.462 1399.283 1398.183 1395.956 1393.728 1391.5 1389.272 1381.971 1374.097 1366.223 1358.348 1350.126 1341.25 1332.374 1323.497 1314.622 1310.878 1308.44 1306.003 1303.565 1302.229 1304.263 1306.297 1308.33 1310.364 1314.643 1319.903 1325.164 1330.425 1336.439 1346.899 1357.357 1367.817 1378.276 1384.545 1387.953 1391.361 1394.77 1398.036 1398.183 1398.329 1398.476 1398.622 1397.727 1395.76 1393.793 1391.826 1389.859 1389.289 1388.804 1388.32 1387.835 1388.508 1390.979 1393.45 1395.921 1398.392 1399.01 1399.277 1399.544 1399.811 1399.97 1399.865
1399.738 1399.607 1399.476 1398.585 1396.762 1394.939 1393.116 1391.293 1384.93 1378.053 1371.177 1364.301 1356.693 1347.713 1338.733 1329.753 1320.773 1316.05 1312.41 1308.77 1305.13 1302.605 1303.494 1304.383 1305.272 1306.161 1309.558 1314.052 1318.546 1323.04 1328.391 1338.804 1349.216 1359.629 1370.041 1376.764 1380.968 1385.172 1389.376 1393.42 1393.931 1394.443 1394.955 1395.467 1394.596 1392.304 1390.011 1387.718 1385.425 1385.015 1384.721 1384.427 1384.132 1385.162 1388.252 1391.341 1394.431 1397.521 1398.365 1398.782 1399.2 1399.618 1399.882 1399.77
1399.791 1399.687 1399.583 1398.88 1397.444 1396.008 1394.572 1393.137 1388.056 1382.565 1377.073 1371.581 1365.024 1356.468 1347.913 1339.357 1330.801 1325.103 1320.131 1315.16 1310.188 1306.389 1306.175 1305.96 1305.746 1305.531 1307.843 1311.26 1314.677 1318.094 1322.348 1331.535 1340.722 1349.91 1359.097 1365.795 1370.795 1375.795 1380.794 1385.625 1386.758 1387.89 1389.023 1390.155 1389.458 1386.879 1384.3 1381.721 1379.142 1379.065 1379.142 1379.219 1379.296 1380.853 1384.711 1388.57 1392.429 1396.288 1397.433 1398.063 1398.693 1399.323 1399.682 1399.379
1399.844 1399.766 1399.689 1399.175 1398.126 1397.077 1396.029 1394.98 1391.183 1387.076 1382.969 1378.861 1373.354 1365.223 1357.092 1348.96 1340.829 1334.156 1327.853 1321.55 1315.247 1310.172 1308.855 1307.537 1306.219 1304.902 1306.129 1308.469 1310.809 1313.149 1316.304 1324.266 1332.228 1340.19 1348.152 1354.826 1360.622 1366.417 1372.212 1377.832 1379.585 1381.338 1383.091 1384.844 1384.321 1381.455 1378.589 1375.724 1372.858 1373.114 1373.563 1374.011 1374.459 1376.543 1381.171 1385.799 1390.427 1395.055 1396.501 1397.343 1398.185 1399.027 1399.482 1398.988
