data/zism_data/00091_01_D.txt
ncols         224
nrows         224
[rows 168 to 195 of 224, columns 63 to 125 of 224]
3456.649 3450.264 3443.88 3437.495 3431.11 3424.198 3417.127 3410.057 3402.986 3395.54 3386.849 3378.157 3369.466 3360.775 3351.763 3342.61 3333.457 3324.305 3315.128 3305.827 3296.525 3287.224 3277.923 3267.209 3255.642 3244.074 3232.507 3221.525 3216.687 3211.849 3207.011 3202.174 3200.0 3200.0 3200.0 3200.0 3200.039 3202.746 3205.453 3208.159 3210.866 3220.529 3237.779 3255.03 3272.281 3289.531 3311.748 3334.27 3356.792 3379.314 3399.067 3414.766 3430.464 3446.163 3461.862 3474.859 3487.452 3500.044 3512.637 3526.239 3541.86 3557.48 3573.101
3456.774 3450.476 3444.177 3437.879 3431.58 3424.705 3417.656 3410.607 3403.558 3396.101 3387.291 3378.481 3369.67 3360.86 3351.782 3342.586 3333.39 3324.194 3314.932 3305.322 3295.712 3286.103 3276.493 3265.734 3254.281 3242.827 3231.373 3220.514 3215.904 3211.293 3206.682 3202.072 3200.0 3200.0 3200.0 3200.0 3200.036 3202.515 3204.995 3207.475 3209.954 3219.102 3235.526 3251.949 3268.372 3284.795 3307.422 3330.431 3353.44 3376.448 3396.357 3411.726 3427.094 3442.463 3457.832 3470.396 3482.54 3494.684 3506.827 3520.298 3536.421 3552.545 3568.669
3456.898 3450.687 3444.475 3438.263 3432.051 3425.213 3418.185 3411.158 3404.131 3396.662 3387.733 3378.804 3369.875 3360.946 3351.801 3342.561 3333.322 3324.083 3314.735 3304.817 3294.899 3284.981 3275.064 3264.259 3252.919 3241.579 3230.239 3219.503 3215.12 3210.736 3206.353 3201.969 3200.0 3200.0 3200.0 3200.0 3200.033 3202.285 3204.537 3206.79 3209.042 3217.676 3233.272 3248.868 3264.463 3280.059 3303.097 3326.592 3350.088 3373.583 3393.647 3408.686 3423.725 3438.764 3453.803 3465.934 3477.628 3489.323 3501.018 3514.356 3530.983 3547.61 3564.237
3457.023 3450.897 3444.772 3438.647 3432.521 3425.72 3418.714 3411.708 3404.703 3397.223 3388.175 3379.127 3370.079 3361.031 3351.82 3342.537 3333.255 3323.972 3314.539 3304.313 3294.087 3283.86 3273.634 3262.785 3251.558 3240.331 3229.105 3218.493 3214.336 3210.18 3206.024 3201.867 3200.0 3200.0 3200.0 3200.0 3200.029 3202.055 3204.08 3206.105 3208.13 3216.25 3231.019 3245.787 3260.555 3275.323 3298.771 3322.753 3346.736 3370.718 3390.937 3405.646 3420.355 3435.064 3449.773 3461.471 3472.717 3483.962 3495.208 3508.415 3525.545 3542.675 3559.804
3457.147 3451.109 3445.07 3439.031 3432.992 3426.227 3419.243 3412.259 3405.275 3397.785 3388.618 3379.45 3370.283 3361.116 3351.839 3342.513 3333.187 3323.861 3314.343 3303.808 3293.274 3282.739 3272.205 3261.31 3250.197 3239.083 3227.97 3217.482 3213.553 3209.624 3205.695 3201.765 3200.0 3200.0 3200.0 3200.0 3200.026 3201.824 3203.622 3205.42 3207.219 3214.824 3228.765 3242.706 3256.646 3270.587 3294.446 3318.915 3343.384 3367.853 3388.227 3402.606 3416.985 3431.365 3445.744 3457.008 3467.805 3478.602 3489.399 3502.474 3520.107 3537.74 3555.372
3457.166 3451.141 3445.115 3439.089 3433.064 3426.304 3419.323 3412.343 3405.362 3397.87 3388.685 3379.5 3370.314 3361.129 3351.8 3342.408 3333.016 3323.624 3313.947 3302.764 3291.583 3280.4 3269.219 3258.19 3247.255 3236.32 3225.384 3215.104 3211.71 3208.315 3204.92 3201.525 3200.0 3200.0 3200.0 3200.0 3200.026 3201.789 3203.553 3205.316 3207.08 3214.561 3228.28 3241.998 3255.717 3269.435 3292.677 3316.505 3340.332 3364.16 3384.102 3398.353 3412.604 3426.854 3441.105 3452.126 3462.662 3473.198 3483.734 3496.417 3513.392 3530.368 3547.343
3457.166 3451.141 3445.115 3439.089 3433.064 3426.304 3419.323 3412.343 3405.362 3397.87 3388.685 3379.5 3370.314 3361.129 3351.751 3342.289 3332.826 3323.364 3313.515 3301.624 3289.734 3277.843 3265.953 3254.775 3244.029 3233.283 3222.537 3212.482 3209.676 3206.871 3204.066 3201.26 3200.0 3200.0 3200.0 3200.0 3200.026 3201.789 3203.553 3205.316 3207.08 3214.507 3228.112 3241.717 3255.322 3268.927 3291.367 3314.351 3337.335 3360.319 3379.722 3393.881 3408.04 3422.199 3436.358 3447.169 3457.478 3467.787 3478.096 3490.338 3506.449 3522.559 3538.669
3457.166 3451.141 3445.115 3439.089 3433.064 3426.304 3419.323 3412.343 3405.362 3397.87 3388.685 3379.5 3370.314 3361.129 3351.702 3342.169 3332.637 3323.104 3313.083 3300.484 3287.885 3275.286 3262.687 3251.36 3240.804 3230.247 3219.69 3209.859 3207.643 3205.427 3203.211 3200.996 3200.0 3200.0 3200.0 3200.0 3200.026 3201.789 3203.553 3205.316 3207.08 3214.452 3227.944 3241.435 3254.927 3268.418 3290.057 3312.197 3334.338 3356.478 3375.342 3389.409 3403.476 3417.543 3431.611 3442.212 3452.294 3462.375 3472.457 3484.26 3499.505 3514.75 3529.995
3457.166 3451.141 3445.115 3439.089 3433.064 3426.304 3419.323 3412.343 3405.362 3397.87 3388.685 3379.5 3370.314 3361.129 3351.653 3342.05 3332.447 3322.844 3312.651 3299.343 3286.036 3272.728 3259.421 3247.946 3237.578 3227.211 3216.843 3207.236 3205.609 3203.983 3202.357 3200.731 3200.0 3200.0 3200.0 3200.0 3200.026 3201.789 3203.553 3205.316 3207.08 3214.398 3227.776 3241.154 3254.531 3267.909 3288.747 3310.043 3331.34 3352.637 3370.962 3384.938 3398.913 3412.888 3426.863 3437.255 3447.11 3456.964 3466.819 3478.182 3492.561 3506.941 3521.32
3457.166 3451.141 3445.115 3439.089 3433.064 3426.304 3419.323 3412.343 3405.362 3397.87 3388.685 3379.5 3370.314 3361.129 3351.614 3341.954 3332.295 3322.635 3312.308 3298.459 3284.611 3270.762 3256.913 3245.338 3235.137 3224.937 3214.736 3205.319 3204.123 3202.928 3201.732 3200.537 3200.0 3200.0 3200.0 3200.0 3200.026 3201.789 3203.553 3205.316 3207.08 3214.349 3227.623 3240.898 3254.173 3267.447 3287.572 3308.118 3328.664 3349.21 3367.059 3380.959 3394.86 3408.76 3422.661 3432.837 3442.454 3452.071 3461.688 3472.602 3486.109 3499.616 3513.124
3457.166 3451.141 3445.115 3439.089 3433.064 3426.304 3419.323 3412.343 3405.362 3397.87 3388.685 3379.5 3370.314 3361.129 3351.595 3341.909 3332.222 3322.536 3312.156 3298.124 3284.091 3270.058 3256.026 3244.456 3234.374 3224.292 3214.211 3204.91 3203.806 3202.703 3201.599 3200.496 3200.0 3200.0 3200.0 3200.0 3200.026 3201.789 3203.553 3205.316 3207.08 3214.31 3227.503 3240.697 3253.89 3267.084 3286.684 3306.678 3326.673 3346.667 3364.173 3378.036 3391.898 3405.761 3419.624 3429.569 3438.926 3448.284 3457.641 3468.086 3480.707 3493.327 3505.948
3457.166 3451.141 3445.115 3439.089 3433.064 3426.304 3419.323 3412.343 3405.362 3397.87 3388.685 3379.5 3370.314 3361.129 3351.576 3341.863 3332.149 3322.436 3312.004 3297.788 3283.571 3269.355 3255.138 3243.573 3233.61 3223.647 3213.685 3204.5 3203.489 3202.478 3201.466 3200.454 3200.0 3200.0 3200.0 3200.0 3200.026 3201.789 3203.553 3205.316 3207.08 3214.271 3227.384 3240.496 3253.608 3266.72 3285.796 3305.239 3324.682 3344.125 3361.287 3375.112 3388.937 3402.762 3416.587 3426.301 3435.399 3444.497 3453.594 3463.571 3475.304 3487.038 3498.771
3457.166 3451.141 3445.115 3439.089 3433.064 3426.304 3419.323 3412.343 3405.362 3397.87 3388.685 3379.5 3370.314 3361.129 3351.557 3341.817 3332.076 3322.336 3311.852 3297.452 3283.052 3268.651 3254.251 3242.69 3232.846 3223.003 3213.159 3204.092 3203.172 3202.252 3201.333 3200.413 3200.0 3200.0 3200.0 3200.0 3200.026 3201.789 3203.553 3205.316 3207.08 3214.232 3227.263 3240.295 3253.326 3266.357 3284.908 3303.8 3322.691 3341.582 3358.402 3372.189 3385.975 3399.762 3413.55 3423.033 3431.871 3440.709 3449.548 3459.055 3469.902 3480.748 3491.595
3457.166 3451.141 3445.115 3439.089 3433.064 3426.304 3419.323 3412.343 3405.362 3397.87 3388.685 3379.5 3370.314 3361.129 3351.539 3341.771 3332.003 3322.236 3311.7 3297.116 3282.532 3267.948 3253.364 3241.808 3232.083 3222.358 3212.634 3203.682 3202.855 3202.027 3201.199 3200.372 3200.0 3200.0 3200.0 3200.0 3200.026 3201.789 3203.553 3205.316 3207.08 3214.193 3227.144 3240.094 3253.044 3265.994 3284.021 3302.36 3320.7 3339.039 3355.516 3369.265 3383.014 3396.763 3410.512 3419.765 3428.344 3436.923 3445.501 3454.54 3464.5 3474.459 3484.419
3456.949 3450.975 3445.0 3439.026 3433.052 3426.304 3419.323 3412.343 3405.362 3397.858 3388.622 3379.385 3370.149 3360.912 3351.07 3340.964 3330.857 3320.751 3309.865 3294.871 3279.876 3264.881 3249.887 3238.6 3229.553 3220.507 3211.461 3203.14 3202.435 3201.729 3201.023 3200.317 3200.0 3200.0 3200.0 3200.0 3200.029 3202.036 3204.043 3206.05 3208.057 3215.253 3228.109 3240.965 3253.822 3266.678 3284.276 3302.167 3320.057 3337.947 3353.982 3367.301 3380.618 3393.937 3407.255 3416.416 3424.953 3433.49 3442.026 3450.915 3460.509 3470.103 3479.697
3456.675 3450.765 3444.856 3438.946 3433.037 3426.304 3419.323 3412.343 3405.362 3397.843 3388.542 3379.24 3369.939 3360.637 3350.482 3339.954 3329.426 3318.897 3307.582 3292.117 3276.652 3261.187 3245.722 3234.773 3226.554 3218.335 3210.117 3202.563 3201.987 3201.411 3200.835 3200.259 3200.0 3200.0 3200.0 3200.0 3200.034 3202.349 3204.664 3206.979 3209.295 3216.605 3229.364 3242.123 3254.881 3267.64 3284.836 3302.304 3319.772 3337.241 3352.808 3365.591 3378.374 3391.156 3403.939 3413.044 3421.597 3430.15 3438.703 3447.528 3456.894 3466.261 3475.627
3456.4 3450.555 3444.711 3438.866 3433.022 3426.304 3419.323 3412.343 3405.362 3397.828 3388.462 3379.095 3369.729 3360.363 3349.895 3338.945 3327.994 3317.044 3305.299 3289.364 3273.428 3257.492 3241.557 3230.946 3223.555 3216.164 3208.772 3201.985 3201.539 3201.093 3200.647 3200.2 3200.0 3200.0 3200.0 3200.0 3200.038 3202.662 3205.285 3207.909 3210.532 3217.957 3230.618 3243.28 3255.941 3268.603 3285.395 3302.442 3319.488 3336.535 3351.634 3363.881 3376.129 3388.376 3400.624 3409.673 3418.242 3426.811 3435.381 3444.14 3453.28 3462.419 3471.558
3456.125 3450.346 3444.566 3438.786 3433.007 3426.304 3419.323 3412.343 3405.362 3397.813 3388.382 3378.951 3369.52 3360.088 3349.307 3337.935 3326.563 3315.191 3303.016 3286.61 3270.204 3253.798 3237.392 3227.119 3220.556 3213.992 3207.428 3201.408 3201.091 3200.775 3200.458 3200.142 3200.0 3200.0 3200.0 3200.0 3200.042 3202.974 3205.906 3208.838 3211.77 3219.309 3231.873 3244.437 3257.001 3269.565 3285.954 3302.579 3319.204 3335.829 3350.46 3362.172 3373.884 3385.596 3397.308 3406.301 3414.887 3423.472 3432.058 3440.752 3449.665 3458.577 3467.489
3455.315 3449.586 3443.857 3438.129 3432.4 3425.664 3418.624 3411.584 3404.544 3396.937 3387.455 3377.973 3368.491 3359.009 3347.943 3336.182 3324.422 3312.662 3300.119 3283.444 3266.769 3250.094 3233.419 3223.538 3217.763 3211.989 3206.215 3200.924 3200.717 3200.509 3200.301 3200.093 3200.021 3200.059 3200.097 3200.135 3200.222 3203.613 3207.004 3210.395 3213.786 3221.47 3233.837 3246.203 3258.57 3270.937 3286.734 3302.742 3318.75 3334.758 3348.824 3360.046 3371.267 3382.489 3393.711 3402.66 3411.269 3419.878 3428.487 3437.153 3445.934 3454.715 3463.497
3452.988 3447.27 3441.552 3435.834 3430.115 3423.208 3415.94 3408.673 3401.406 3393.623 3384.13 3374.637 3365.144 3355.652 3344.378 3332.326 3320.274 3308.222 3295.481 3279.109 3262.737 3246.365 3229.993 3220.65 3215.557 3210.465 3205.372 3200.708 3200.549 3200.39 3200.23 3200.072 3200.101 3200.285 3200.47 3200.654 3200.897 3205.175 3209.453 3213.731 3218.009 3225.926 3237.811 3249.696 3261.581 3273.467 3288.135 3302.976 3317.816 3332.656 3345.88 3356.74 3367.599 3378.458 3389.318 3398.258 3406.91 3415.562 3424.214 3432.956 3441.878 3450.799 3459.721
3450.66 3444.953 3439.246 3433.539 3427.832 3420.751 3413.257 3405.763 3398.269 3390.308 3380.805 3371.301 3361.797 3352.294 3340.814 3328.47 3316.126 3303.782 3290.844 3274.774 3258.705 3242.636 3226.567 3217.763 3213.352 3208.94 3204.529 3200.491 3200.381 3200.271 3200.16 3200.05 3200.182 3200.512 3200.842 3201.172 3201.573 3206.738 3211.902 3217.067 3222.232 3230.381 3241.785 3253.189 3264.593 3275.997 3289.537 3303.209 3316.881 3330.553 3342.937 3353.434 3363.93 3374.427 3384.924 3393.855 3402.55 3411.246 3419.941 3428.759 3437.821 3446.883 3455.945
3448.333 3442.637 3436.94 3431.244 3425.547 3418.295 3410.574 3402.853 3395.131 3386.994 3377.479 3367.965 3358.45 3348.936 3337.25 3324.614 3311.978 3299.341 3286.206 3270.44 3254.673 3238.907 3223.141 3214.875 3211.146 3207.416 3203.686 3200.275 3200.213 3200.151 3200.089 3200.028 3200.262 3200.739 3201.215 3201.691 3202.248 3208.3 3214.352 3220.404 3226.456 3234.837 3245.76 3256.682 3267.605 3278.527 3290.939 3303.443 3315.947 3328.45 3339.993 3350.127 3360.262 3370.396 3380.531 3389.452 3398.19 3406.929 3415.668 3424.561 3433.764 3442.967 3452.17
3446.006 3440.32 3434.635 3428.949 3423.263 3415.839 3407.891 3399.942 3391.993 3383.679 3374.154 3364.629 3355.104 3345.578 3333.686 3320.757 3307.829 3294.901 3281.568 3266.105 3250.642 3235.178 3219.715 3211.988 3208.94 3205.891 3202.843 3200.058 3200.045 3200.032 3200.019 3200.006 3200.343 3200.965 3201.587 3202.209 3202.923 3209.862 3216.801 3223.74 3230.679 3239.293 3249.734 3260.175 3270.616 3281.058 3292.341 3303.677 3315.012 3326.348 3337.049 3346.821 3356.593 3366.365 3376.138 3385.049 3393.831 3402.613 3411.395 3420.364 3429.707 3439.051 3448.394
3444.258 3438.539 3432.821 3427.103 3421.384 3413.848 3405.763 3397.679 3389.594 3381.177 3371.656 3362.136 3352.616 3343.095 3331.263 3318.419 3305.574 3292.73 3279.505 3264.273 3249.042 3233.81 3218.578 3211.075 3208.244 3205.414 3202.584 3200.002 3200.026 3200.05 3200.073 3200.097 3200.648 3201.631 3202.613 3203.594 3204.666 3211.843 3219.02 3226.196 3233.373 3241.913 3251.94 3261.968 3271.995 3282.022 3292.673 3303.363 3314.053 3324.742 3334.908 3344.306 3353.704 3363.102 3372.5 3381.035 3389.441 3397.846 3406.252 3414.947 3424.222 3433.496 3442.77
3442.722 3436.955 3431.188 3425.421 3419.654 3412.027 3403.84 3395.653 3387.465 3378.971 3369.461 3359.952 3350.443 3340.933 3329.258 3316.636 3304.013 3291.391 3278.385 3263.358 3248.332 3233.306 3218.28 3210.884 3208.103 3205.321 3202.54 3200.005 3200.061 3200.117 3200.174 3200.23 3201.037 3202.457 3203.877 3205.297 3206.801 3213.977 3221.154 3228.331 3235.508 3243.861 3253.499 3263.137 3272.775 3282.412 3292.613 3302.849 3313.084 3323.32 3333.062 3342.081 3351.101 3360.12 3369.139 3377.164 3385.04 3392.916 3400.791 3409.084 3418.212 3427.341 3436.469
3441.186 3435.37 3429.554 3423.739 3417.923 3410.207 3401.916 3393.626 3385.336 3376.765 3367.267 3357.768 3348.27 3338.771 3327.253 3314.853 3302.452 3290.051 3277.264 3262.444 3247.623 3232.802 3217.981 3210.694 3207.961 3205.228 3202.495 3200.008 3200.096 3200.185 3200.274 3200.362 3201.426 3203.284 3205.142 3207.0 3208.935 3216.112 3223.288 3230.465 3237.642 3245.809 3255.058 3264.306 3273.554 3282.803 3292.553 3302.334 3312.116 3321.897 3331.215 3339.856 3348.497 3357.138 3365.779 3373.293 3380.639 3387.984 3395.33 3403.221 3412.203 3421.186 3430.168
3439.65 3433.786 3427.921 3422.057 3416.193 3408.386 3399.993 3391.6 3383.207 3374.56 3365.072 3355.584 3346.097 3336.609 3325.249 3313.07 3300.891 3288.712 3276.144 3261.529 3246.914 3232.298 3217.683 3210.503 3207.819 3205.135 3202.451 3200.01 3200.132 3200.253 3200.374 3200.495 3201.814 3204.11 3206.406 3208.702 3211.069 3218.246 3225.423 3232.599 3239.776 3247.758 3256.616 3265.475 3274.334 3283.193 3292.493 3301.82 3311.147 3320.474 3329.369 3337.631 3345.894 3354.156 3362.418 3369.422 3376.238 3383.053 3389.869 3397.358 3406.194 3415.031 3423.867
3437.928 3432.043 3426.157 3420.271 3414.386 3406.53 3398.079 3389.628 3381.178 3372.475 3362.94 3353.405 3343.87 3334.335 3323.103 3311.128 3299.153 3287.178 3274.824 3260.47 3246.116 3231.762 3217.409 3210.352 3207.706 3205.061 3202.415 3200.016 3200.196 3200.375 3200.555 3200.735 3202.333 3205.087 3207.841 3210.595 3213.413 3220.597 3227.782 3234.966 3242.15 3249.944 3258.403 3266.862 3275.32 3283.779 3292.634 3301.513 3310.392 3319.271 3327.741 3335.612 3343.482 3351.353 3359.223 3365.781 3372.141 3378.501 3384.861 3391.961 3400.54 3409.12 3417.699
