data/zism_data/00093_04_D.txt
ncols         224
nrows         224
[rows 140 to 167 of 224, columns 63 to 125 of 224]
3766.612 3766.387 3762.031 3756.257 3750.484 3744.71 3738.661 3731.313 3723.966 3716.618 3709.271 3703.278 3698.168 3693.058 3687.948 3682.801 3676.671 3670.542 3664.412 3658.282 3652.241 3646.302 3640.363 3634.424 3628.485 3629.098 3630.457 3631.815 3633.174 3635.178 3638.5 3641.821 3645.143 3648.465 3649.917 3650.775 3651.634 3652.492 3653.222 3653.401 3653.58 3653.759 3653.938 3654.881 3656.291 3657.702 3659.112 3660.467 3660.79 3661.112 3661.435 3661.758 3659.441 3654.286 3649.131 3643.976 3638.821 3630.266 3621.386 3612.505 3603.624 3598.134 3599.135
3757.2 3757.078 3753.386 3748.47 3743.554 3738.638 3733.438 3726.9 3720.362 3713.824 3707.286 3702.135 3697.888 3693.642 3689.395 3685.119 3680.083 3675.047 3670.01 3664.974 3659.985 3655.048 3650.111 3645.174 3640.238 3640.919 3642.241 3643.562 3644.883 3646.766 3649.799 3652.831 3655.863 3658.896 3660.054 3660.618 3661.181 3661.745 3662.224 3662.338 3662.453 3662.567 3662.682 3663.414 3664.525 3665.635 3666.745 3667.813 3668.087 3668.362 3668.636 3668.91 3666.799 3662.121 3657.443 3652.765 3648.087 3638.845 3629.166 3619.487 3609.807 3603.514 3603.706
3747.789 3747.769 3744.742 3740.683 3736.625 3732.567 3728.216 3722.487 3716.759 3711.03 3705.301 3700.993 3697.609 3694.225 3690.841 3687.437 3683.494 3679.552 3675.609 3671.666 3667.728 3663.793 3659.859 3655.925 3651.99 3652.741 3654.025 3655.308 3656.592 3658.355 3661.098 3663.841 3666.583 3669.326 3670.191 3670.46 3670.729 3670.998 3671.225 3671.276 3671.326 3671.376 3671.427 3671.948 3672.758 3673.568 3674.378 3675.158 3675.385 3675.611 3675.837 3676.063 3674.157 3669.956 3665.755 3661.554 3657.353 3647.425 3636.946 3626.468 3615.99 3608.895 3608.277
3738.378 3738.459 3736.097 3732.896 3729.696 3726.495 3722.993 3718.074 3713.155 3708.236 3703.316 3699.85 3697.329 3694.808 3692.288 3689.755 3686.906 3684.057 3681.208 3678.358 3675.471 3672.539 3669.607 3666.675 3663.743 3664.563 3665.809 3667.055 3668.301 3669.944 3672.397 3674.85 3677.304 3679.757 3680.329 3680.302 3680.277 3680.251 3680.227 3680.213 3680.199 3680.185 3680.171 3680.482 3680.992 3681.501 3682.011 3682.504 3682.682 3682.86 3683.038 3683.216 3681.514 3677.791 3674.067 3670.343 3666.619 3656.004 3644.727 3633.45 3622.173 3614.275 3612.848
3731.312 3731.513 3730.169 3728.295 3726.42 3724.546 3722.406 3719.017 3715.628 3712.24 3708.851 3706.338 3704.397 3702.455 3700.514 3698.546 3695.894 3693.242 3690.589 3687.937 3685.317 3682.735 3680.152 3677.569 3674.986 3675.484 3676.332 3677.18 3678.028 3679.215 3681.095 3682.975 3684.855 3686.736 3687.031 3686.822 3686.614 3686.406 3686.219 3686.117 3686.017 3685.916 3685.815 3685.976 3686.299 3686.621 3686.943 3687.255 3687.367 3687.478 3687.59 3687.702 3686.217 3683.015 3679.814 3676.612 3673.411 3663.037 3651.975 3640.913 3629.852 3621.89 3619.865
3724.691 3725.015 3724.756 3724.297 3723.838 3723.379 3722.698 3720.977 3719.255 3717.533 3715.811 3714.274 3712.858 3711.442 3710.025 3708.565 3705.94 3703.314 3700.689 3698.063 3695.563 3693.206 3690.848 3688.49 3686.133 3686.234 3686.616 3686.998 3687.38 3688.048 3689.301 3690.553 3691.806 3693.059 3693.081 3692.712 3692.343 3691.974 3691.639 3691.447 3691.255 3691.063 3690.871 3690.895 3691.051 3691.207 3691.363 3691.513 3691.555 3691.597 3691.639 3691.681 3690.416 3687.745 3685.074 3682.404 3679.733 3669.777 3659.123 3648.468 3637.814 3629.929 3627.346
3718.07 3718.517 3719.344 3720.3 3721.255 3722.211 3722.99 3722.936 3722.881 3722.826 3722.771 3722.21 3721.319 3720.428 3719.537 3718.584 3715.986 3713.387 3710.788 3708.19 3705.809 3703.677 3701.544 3699.411 3697.279 3696.985 3696.9 3696.816 3696.731 3696.88 3697.506 3698.131 3698.757 3699.383 3699.131 3698.602 3698.072 3697.542 3697.059 3696.776 3696.493 3696.21 3695.927 3695.813 3695.803 3695.793 3695.783 3695.772 3695.744 3695.716 3695.689 3695.661 3694.615 3692.475 3690.335 3688.195 3686.055 3676.518 3666.271 3656.023 3645.776 3637.968 3634.828
3711.449 3712.02 3713.931 3716.302 3718.673 3721.044 3723.282 3724.895 3726.507 3728.119 3729.732 3730.146 3729.78 3729.415 3729.049 3728.603 3726.031 3723.46 3720.888 3718.316 3716.055 3714.147 3712.24 3710.333 3708.425 3707.736 3707.185 3706.634 3706.083 3705.712 3705.711 3705.709 3705.708 3705.706 3705.182 3704.491 3703.801 3703.11 3702.48 3702.105 3701.731 3701.357 3700.982 3700.731 3700.555 3700.378 3700.202 3700.03 3699.933 3699.835 3699.738 3699.641 3698.815 3697.205 3695.596 3693.986 3692.377 3683.258 3673.418 3663.578 3653.739 3646.006 3642.309
3706.711 3707.645 3710.612 3714.278 3717.944 3721.609 3725.162 3728.184 3731.205 3734.227 3737.248 3738.439 3738.439 3738.439 3738.439 3738.341 3735.646 3732.951 3730.256 3727.561 3725.248 3723.372 3721.495 3719.619 3717.743 3716.698 3715.747 3714.796 3713.846 3713.035 3712.509 3711.983 3711.458 3710.932 3710.154 3709.296 3708.438 3707.58 3706.796 3706.325 3705.855 3705.385 3704.914 3704.54 3704.223 3703.907 3703.591 3703.282 3703.115 3702.948 3702.781 3702.614 3701.952 3700.757 3699.563 3698.368 3697.173 3688.778 3679.691 3670.605 3661.519 3654.127 3649.979
3706.277 3708.122 3712.081 3716.765 3721.449 3726.133 3730.67 3734.511 3738.353 3742.195 3746.037 3747.551 3747.551 3747.551 3747.551 3747.436 3744.274 3741.113 3737.951 3734.79 3732.036 3729.747 3727.458 3725.169 3722.88 3721.571 3720.374 3719.177 3717.979 3716.908 3716.093 3715.277 3714.462 3713.647 3712.661 3711.621 3710.581 3709.541 3708.588 3708.01 3707.433 3706.855 3706.278 3705.813 3705.416 3705.019 3704.622 3704.234 3703.997 3703.76 3703.524 3703.287 3702.661 3701.616 3700.572 3699.527 3698.483 3691.509 3683.967 3676.424 3668.882 3662.434 3658.083
3705.843 3708.6 3713.55 3719.252 3724.955 3730.657 3736.178 3740.84 3745.501 3750.163 3754.825 3756.663 3756.663 3756.663 3756.663 3756.531 3752.903 3749.275 3745.647 3742.019 3738.824 3736.122 3733.42 3730.719 3728.017 3726.444 3725.0 3723.557 3722.113 3720.781 3719.676 3718.571 3717.467 3716.362 3715.168 3713.946 3712.723 3711.501 3710.38 3709.696 3709.011 3708.326 3707.641 3707.085 3706.608 3706.131 3705.654 3705.186 3704.879 3704.573 3704.266 3703.96 3703.37 3702.476 3701.581 3700.687 3699.792 3694.241 3688.242 3682.243 3676.244 3670.741 3666.187
3705.41 3709.077 3715.019 3721.74 3728.46 3735.182 3741.686 3747.168 3752.65 3758.132 3763.614 3765.775 3765.775 3765.775 3765.775 3765.625 3761.531 3757.437 3753.343 3749.249 3745.612 3742.498 3739.383 3736.268 3733.154 3731.318 3729.627 3727.937 3726.247 3724.654 3723.26 3721.865 3720.471 3719.077 3717.675 3716.27 3714.865 3713.461 3712.173 3711.381 3710.588 3709.796 3709.004 3708.358 3707.801 3707.243 3706.686 3706.137 3705.761 3705.385 3705.009 3704.633 3704.079 3703.335 3702.591 3701.846 3701.102 3696.972 3692.517 3688.062 3683.607 3679.048 3674.29
3704.976 3709.555 3716.487 3724.227 3731.966 3739.706 3747.193 3753.496 3759.798 3766.1 3772.402 3774.886 3774.886 3774.886 3774.887 3774.72 3770.16 3765.599 3761.039 3756.478 3752.4 3748.873 3745.345 3741.818 3738.291 3736.191 3734.254 3732.317 3730.38 3728.527 3726.843 3725.159 3723.476 3721.792 3720.182 3718.595 3717.008 3715.421 3713.965 3713.065 3712.166 3711.267 3710.368 3709.631 3708.993 3708.355 3707.717 3707.089 3706.643 3706.197 3705.751 3705.306 3704.788 3704.194 3703.6 3703.006 3702.412 3699.704 3696.792 3693.881 3690.97 3687.355 3682.393
3703.965 3709.945 3717.886 3726.5 3735.114 3743.728 3751.953 3758.346 3764.74 3771.134 3777.527 3779.992 3779.902 3779.811 3779.721 3779.464 3774.824 3770.184 3765.544 3760.905 3756.672 3752.905 3749.138 3745.371 3741.604 3739.199 3736.95 3734.7 3732.451 3730.314 3728.407 3726.5 3724.592 3722.685 3721.027 3719.447 3717.867 3716.287 3714.828 3713.883 3712.939 3711.994 3711.049 3710.266 3709.58 3708.895 3708.209 3707.534 3707.052 3706.569 3706.087 3705.604 3705.074 3704.495 3703.915 3703.335 3702.755 3700.457 3697.995 3695.532 3693.069 3689.604 3684.221
3702.779 3710.309 3719.264 3728.709 3738.154 3747.598 3756.486 3762.751 3769.016 3775.281 3781.546 3783.889 3783.681 3783.472 3783.264 3782.895 3778.292 3773.69 3769.088 3764.485 3760.186 3756.231 3752.276 3748.321 3744.366 3741.644 3739.063 3736.481 3733.899 3731.472 3729.361 3727.25 3725.139 3723.028 3721.369 3719.854 3718.338 3716.823 3715.411 3714.439 3713.468 3712.496 3711.525 3710.708 3709.985 3709.262 3708.539 3707.827 3707.318 3706.808 3706.299 3705.789 3705.233 3704.626 3704.02 3703.413 3702.806 3700.614 3698.269 3695.924 3693.58 3690.025 3684.154
3701.594 3710.673 3720.642 3730.918 3741.194 3751.469 3761.02 3767.156 3773.292 3779.428 3785.565 3787.786 3787.459 3787.133 3786.806 3786.325 3781.76 3777.196 3772.631 3768.066 3763.698 3759.556 3755.414 3751.271 3747.129 3744.089 3741.175 3738.261 3735.347 3732.63 3730.315 3728.0 3725.686 3723.371 3721.712 3720.261 3718.81 3717.359 3715.993 3714.995 3713.997 3712.999 3712.0 3711.15 3710.389 3709.629 3708.868 3708.12 3707.583 3707.047 3706.511 3705.975 3705.392 3704.758 3704.125 3703.491 3702.858 3700.77 3698.544 3696.317 3694.09 3690.446 3684.086
3700.408 3711.036 3722.021 3733.127 3744.233 3755.34 3765.553 3771.561 3777.568 3783.576 3789.583 3791.682 3791.238 3790.794 3790.349 3789.756 3785.229 3780.701 3776.174 3771.647 3767.211 3762.881 3758.551 3754.221 3749.891 3746.534 3743.288 3740.041 3736.795 3733.787 3731.269 3728.751 3726.232 3723.714 3722.055 3720.668 3719.281 3717.895 3716.576 3715.551 3714.526 3713.501 3712.476 3711.592 3710.794 3709.996 3709.198 3708.412 3707.849 3707.286 3706.723 3706.16 3705.55 3704.89 3704.229 3703.569 3702.909 3700.927 3698.818 3696.709 3694.601 3690.866 3684.019
3698.793 3710.738 3722.473 3734.135 3745.798 3757.46 3768.128 3774.112 3780.095 3786.078 3792.062 3794.151 3793.707 3793.263 3792.818 3792.227 3787.742 3783.257 3778.772 3774.288 3769.782 3765.253 3760.724 3756.195 3751.667 3748.006 3744.445 3740.884 3737.322 3734.055 3731.39 3728.726 3726.061 3723.396 3721.785 3720.509 3719.232 3717.956 3716.727 3715.701 3714.675 3713.649 3712.624 3711.724 3710.903 3710.081 3709.259 3708.45 3707.87 3707.29 3706.71 3706.13 3705.488 3704.778 3704.069 3703.359 3702.65 3700.595 3698.412 3696.228 3694.045 3690.104 3682.801
3695.755 3708.247 3719.858 3731.167 3742.475 3753.784 3764.216 3770.521 3776.826 3783.131 3789.437 3791.89 3791.837 3791.784 3791.731 3791.519 3787.093 3782.667 3778.241 3773.815 3769.231 3764.466 3759.701 3754.937 3750.172 3746.257 3742.438 3738.619 3734.801 3731.375 3728.753 3726.131 3723.509 3720.887 3719.486 3718.472 3717.458 3716.445 3715.445 3714.505 3713.565 3712.625 3711.685 3710.831 3710.031 3709.231 3708.43 3707.642 3707.078 3706.515 3705.951 3705.387 3704.694 3703.861 3703.028 3702.195 3701.362 3698.646 3695.75 3692.854 3689.957 3685.427 3677.77
3692.717 3705.756 3717.243 3728.198 3739.153 3750.108 3760.305 3766.931 3773.558 3780.185 3786.811 3789.628 3789.967 3790.305 3790.644 3790.811 3786.444 3782.077 3777.71 3773.343 3768.68 3763.679 3758.679 3753.678 3748.677 3744.507 3740.431 3736.355 3732.279 3728.695 3726.115 3723.537 3720.958 3718.378 3717.187 3716.436 3715.685 3714.934 3714.163 3713.309 3712.454 3711.6 3710.746 3709.938 3709.159 3708.381 3707.602 3706.835 3706.287 3705.739 3705.192 3704.644 3703.899 3702.943 3701.987 3701.031 3700.075 3696.698 3693.088 3689.479 3685.87 3680.75 3672.739
3689.679 3703.264 3714.628 3725.229 3735.83 3746.432 3756.393 3763.341 3770.29 3777.238 3784.186 3787.367 3788.097 3788.827 3789.556 3790.102 3785.794 3781.486 3777.178 3772.871 3768.129 3762.893 3757.656 3752.419 3747.183 3742.757 3738.424 3734.091 3729.757 3726.014 3723.478 3720.942 3718.406 3715.87 3714.888 3714.399 3713.911 3713.423 3712.881 3712.113 3711.344 3710.575 3709.807 3709.045 3708.288 3707.531 3706.773 3706.027 3705.496 3704.964 3704.432 3703.901 3703.105 3702.026 3700.946 3699.867 3698.787 3694.749 3690.427 3686.104 3681.782 3676.073 3667.708
3686.641 3700.773 3712.013 3722.26 3732.508 3742.755 3752.481 3759.751 3767.021 3774.291 3781.561 3785.106 3786.227 3787.348 3788.469 3789.394 3785.145 3780.896 3776.647 3772.398 3767.578 3762.105 3756.633 3751.161 3745.688 3741.008 3736.417 3731.826 3727.236 3723.334 3720.841 3718.348 3715.854 3713.361 3712.589 3712.363 3712.137 3711.912 3711.599 3710.916 3710.234 3709.551 3708.868 3708.152 3707.417 3706.68 3705.944 3705.22 3704.704 3704.189 3703.673 3703.157 3702.311 3701.108 3699.906 3698.703 3697.5 3692.8 3687.765 3682.73 3677.694 3671.395 3662.676
3683.832 3697.731 3708.629 3718.497 3728.364 3738.232 3747.658 3755.007 3762.356 3769.705 3777.054 3780.8 3782.2 3783.601 3785.002 3786.2 3782.074 3777.947 3773.821 3769.694 3764.947 3759.493 3754.038 3748.583 3743.129 3738.339 3733.625 3728.912 3724.198 3720.247 3717.857 3715.466 3713.075 3710.685 3709.995 3709.845 3709.696 3709.546 3709.313 3708.724 3708.134 3707.545 3706.955 3706.33 3705.682 3705.035 3704.387 3703.744 3703.178 3702.611 3702.044 3701.478 3700.481 3699.021 3697.56 3696.1 3694.64 3689.491 3683.989 3678.487 3672.985 3666.373 3657.636
3681.123 3694.449 3704.908 3714.385 3723.861 3733.337 3742.436 3749.758 3757.081 3764.403 3771.725 3775.6 3777.231 3778.862 3780.493 3781.919 3777.943 3773.967 3769.99 3766.013 3761.407 3756.081 3750.755 3745.429 3740.103 3735.269 3730.491 3725.713 3720.935 3716.983 3714.721 3712.459 3710.197 3707.935 3707.272 3707.117 3706.962 3706.807 3706.588 3706.095 3705.602 3705.109 3704.616 3704.101 3703.571 3703.042 3702.512 3701.977 3701.33 3700.683 3700.036 3699.389 3698.198 3696.421 3694.644 3692.868 3691.091 3685.588 3679.726 3673.865 3668.004 3661.2 3652.591
3678.414 3691.166 3701.188 3710.273 3719.358 3728.443 3737.214 3744.51 3751.805 3759.101 3766.396 3770.4 3772.261 3774.123 3775.985 3777.639 3773.812 3769.986 3766.159 3762.333 3757.866 3752.669 3747.471 3742.274 3737.077 3732.198 3727.356 3722.513 3717.671 3713.719 3711.585 3709.452 3707.318 3705.185 3704.549 3704.389 3704.229 3704.068 3703.863 3703.467 3703.07 3702.674 3702.277 3701.871 3701.46 3701.048 3700.636 3700.209 3699.481 3698.754 3698.027 3697.299 3695.914 3693.821 3691.729 3689.635 3687.543 3681.684 3675.463 3669.243 3663.022 3656.027 3647.547
3675.704 3687.883 3697.467 3706.161 3714.854 3723.548 3731.992 3739.261 3746.53 3753.798 3761.067 3765.2 3767.292 3769.384 3771.476 3773.358 3769.681 3766.005 3762.329 3758.652 3754.326 3749.257 3744.188 3739.12 3734.051 3729.128 3724.221 3719.314 3714.407 3710.454 3708.449 3706.445 3704.44 3702.435 3701.826 3701.661 3701.495 3701.329 3701.138 3700.838 3700.538 3700.238 3699.938 3699.642 3699.348 3699.055 3698.761 3698.441 3697.633 3696.826 3696.018 3695.21 3693.631 3691.222 3688.813 3686.403 3683.994 3677.78 3671.2 3664.621 3658.041 3650.854 3642.502
3672.785 3684.434 3693.664 3702.064 3710.465 3718.865 3727.053 3734.238 3741.422 3748.607 3755.792 3759.997 3762.263 3764.529 3766.795 3768.851 3765.344 3761.836 3758.329 3754.821 3750.655 3745.737 3740.819 3735.901 3730.984 3726.059 3721.133 3716.207 3711.281 3707.331 3705.375 3703.418 3701.462 3699.505 3698.832 3698.566 3698.301 3698.034 3697.774 3697.534 3697.295 3697.055 3696.816 3696.61 3696.424 3696.238 3696.052 3695.832 3694.987 3694.141 3693.296 3692.45 3690.735 3688.084 3685.433 3682.782 3680.131 3673.667 3666.836 3660.006 3653.176 3645.871 3637.658
3668.76 3680.103 3689.422 3698.048 3706.674 3715.3 3723.605 3730.404 3737.203 3744.001 3750.8 3754.778 3756.921 3759.064 3761.207 3763.154 3759.914 3756.675 3753.435 3750.196 3746.298 3741.648 3736.998 3732.348 3727.698 3722.998 3718.292 3713.586 3708.88 3704.954 3702.623 3700.291 3697.959 3695.628 3694.408 3693.542 3692.676 3691.81 3691.038 3690.67 3690.302 3689.934 3689.566 3689.344 3689.211 3689.079 3688.947 3688.788 3688.13 3687.472 3686.814 3686.156 3684.61 3682.109 3679.608 3677.107 3674.606 3668.449 3661.94 3655.432 3648.923 3641.894 3633.868
