data/zism_data/00090_01_D.txt
ncols         224
nrows         224
[rows 196 to 223 of 224, columns 0 to 62 of 224]
3796.626 3793.431 3790.236 3787.041 3781.781 3771.09 3760.399 3749.708 3739.017 3730.751 3723.341 3715.931 3708.521 3702.581 3702.416 3702.251 3702.086 3701.921 3702.978 3704.647 3706.316 3707.985 3709.287 3708.151 3707.015 3705.879 3704.743 3703.456 3702.067 3700.677 3699.287 3698.001 3698.405 3698.81 3699.214 3699.618 3701.649 3705.172 3708.694 3712.217 3715.739 3721.371 3727.034 3732.697 3738.36 3744.036 3749.728 3755.419 3761.111 3766.802 3771.595 3776.303 3781.01 3785.718 3789.173 3790.557 3791.941 3793.325 3794.709 3790.45 3785.12 3779.79 3774.46
3795.997 3792.418 3788.839 3785.261 3779.887 3769.79 3759.693 3749.596 3739.499 3731.424 3724.062 3716.701 3709.339 3703.499 3703.63 3703.762 3703.894 3704.026 3705.417 3707.437 3709.456 3711.476 3713.031 3711.484 3709.938 3708.391 3706.845 3705.186 3703.451 3701.715 3699.98 3698.375 3698.898 3699.421 3699.945 3700.468 3702.722 3706.563 3710.404 3714.245 3718.086 3723.643 3729.225 3734.807 3740.389 3745.991 3751.618 3757.245 3762.871 3768.498 3772.995 3777.384 3781.772 3786.161 3789.221 3790.081 3790.941 3791.802 3792.662 3787.842 3781.946 3776.049 3770.152
3795.367 3791.405 3787.443 3783.481 3777.993 3768.49 3758.987 3749.484 3739.98 3732.096 3724.783 3717.471 3710.158 3704.416 3704.845 3705.274 3705.703 3706.132 3707.855 3710.226 3712.597 3714.967 3716.773 3714.817 3712.86 3710.903 3708.947 3706.916 3704.835 3702.754 3700.673 3698.75 3699.392 3700.033 3700.675 3701.317 3703.794 3707.954 3712.114 3716.273 3720.433 3725.914 3731.416 3736.917 3742.418 3747.946 3753.508 3759.07 3764.632 3770.194 3774.394 3778.464 3782.535 3786.605 3789.268 3789.605 3789.941 3790.278 3790.614 3785.235 3778.771 3772.307 3765.844
3794.984 3790.778 3786.573 3782.367 3776.841 3767.84 3758.839 3749.839 3740.838 3733.178 3725.991 3718.804 3711.618 3706.046 3706.817 3707.589 3708.361 3709.133 3711.115 3713.703 3716.291 3718.878 3720.812 3718.384 3715.956 3713.528 3711.099 3708.658 3706.208 3703.758 3701.308 3699.042 3699.762 3700.483 3701.204 3701.925 3704.554 3708.934 3713.313 3717.693 3722.073 3727.573 3733.089 3738.605 3744.122 3749.677 3755.28 3760.882 3766.485 3772.088 3776.0 3779.75 3783.501 3787.251 3789.484 3789.207 3788.929 3788.651 3788.373 3782.449 3775.454 3768.458 3761.463
3795.488 3791.542 3787.595 3783.649 3778.358 3769.53 3760.702 3751.874 3743.046 3735.731 3728.949 3722.167 3715.385 3710.239 3711.519 3712.798 3714.077 3715.356 3717.332 3719.655 3721.978 3724.302 3725.915 3722.795 3719.676 3716.557 3713.437 3710.446 3707.542 3704.639 3701.735 3699.038 3699.694 3700.35 3701.006 3701.662 3704.19 3708.435 3712.679 3716.924 3721.168 3727.023 3732.901 3738.779 3744.657 3750.601 3756.625 3762.649 3768.673 3774.697 3778.349 3781.776 3785.202 3788.629 3790.306 3789.089 3787.871 3786.654 3785.437 3779.022 3771.622 3764.221 3756.821
3795.992 3792.305 3788.618 3784.931 3779.875 3771.22 3762.565 3753.91 3745.255 3738.283 3731.906 3725.53 3719.153 3714.433 3716.219 3718.006 3719.793 3721.58 3723.548 3725.607 3727.666 3729.724 3731.017 3727.207 3723.396 3719.586 3715.775 3712.234 3708.877 3705.52 3702.163 3699.034 3699.625 3700.217 3700.808 3701.399 3703.826 3707.935 3712.045 3716.155 3720.264 3726.473 3732.713 3738.953 3745.193 3751.525 3757.97 3764.415 3770.86 3777.305 3780.699 3783.801 3786.904 3790.007 3791.128 3788.971 3786.814 3784.657 3782.5 3775.596 3767.79 3759.985 3752.179
3796.497 3793.069 3789.641 3786.213 3781.393 3772.91 3764.428 3755.946 3747.463 3740.836 3734.865 3728.893 3722.921 3718.626 3720.921 3723.215 3725.51 3727.804 3729.765 3731.559 3733.353 3735.147 3736.12 3731.618 3727.117 3722.615 3718.113 3714.022 3710.211 3706.401 3702.59 3699.031 3699.557 3700.083 3700.61 3701.136 3703.461 3707.436 3711.411 3715.385 3719.36 3725.923 3732.525 3739.127 3745.729 3752.449 3759.315 3766.182 3773.048 3779.914 3783.048 3785.827 3788.606 3791.385 3791.949 3788.853 3785.757 3782.66 3779.564 3772.169 3763.958 3755.748 3747.538
3797.001 3793.832 3790.663 3787.494 3782.91 3774.6 3766.291 3757.981 3749.671 3743.389 3737.822 3732.255 3726.688 3722.82 3725.622 3728.424 3731.226 3734.028 3735.981 3737.511 3739.04 3740.57 3741.222 3736.03 3730.837 3725.644 3720.451 3715.81 3711.546 3707.281 3703.017 3699.027 3699.488 3699.95 3700.411 3700.873 3703.097 3706.937 3710.776 3714.616 3718.456 3725.374 3732.337 3739.301 3746.264 3753.373 3760.66 3767.948 3775.235 3782.523 3785.398 3787.853 3790.307 3792.762 3792.771 3788.735 3784.699 3780.663 3776.627 3768.742 3760.127 3751.512 3742.896
3797.487 3794.636 3791.785 3788.934 3784.704 3776.847 3768.99 3761.133 3753.275 3747.546 3742.568 3737.59 3732.612 3729.271 3732.36 3735.449 3738.538 3741.626 3743.482 3744.721 3745.96 3747.2 3747.491 3741.468 3735.444 3729.42 3723.396 3718.077 3713.237 3708.398 3703.559 3699.022 3699.396 3699.771 3700.146 3700.521 3702.542 3706.074 3709.606 3713.138 3716.669 3723.86 3731.104 3738.349 3745.593 3753.011 3760.642 3768.274 3775.905 3783.537 3786.374 3788.755 3791.136 3793.517 3793.339 3788.93 3784.521 3780.112 3775.703 3767.718 3759.054 3750.391 3741.727
3797.963 3795.458 3792.952 3790.447 3786.629 3779.354 3772.08 3764.806 3757.532 3752.454 3748.151 3743.848 3739.545 3736.779 3740.051 3743.324 3746.596 3749.869 3751.584 3752.521 3753.458 3754.394 3754.306 3747.386 3740.466 3733.546 3726.626 3720.567 3715.096 3709.625 3704.154 3699.016 3699.294 3699.571 3699.849 3700.126 3701.899 3705.042 3708.185 3711.328 3714.47 3721.895 3729.382 3736.87 3744.357 3752.047 3759.986 3767.926 3775.865 3783.804 3786.708 3789.132 3791.556 3793.98 3793.788 3789.271 3784.754 3780.237 3775.72 3767.818 3759.273 3750.728 3742.183
3798.439 3796.28 3794.12 3791.96 3788.553 3781.862 3775.171 3768.48 3761.789 3757.362 3753.734 3750.106 3746.478 3744.287 3747.743 3751.199 3754.655 3758.111 3759.686 3760.321 3760.955 3761.589 3761.121 3753.305 3745.489 3737.672 3729.856 3723.058 3716.955 3710.852 3704.749 3699.01 3699.191 3699.371 3699.551 3699.732 3701.255 3704.009 3706.763 3709.518 3712.272 3719.93 3727.66 3735.39 3743.121 3751.083 3759.33 3767.577 3775.824 3784.071 3787.041 3789.508 3791.975 3794.443 3794.237 3789.612 3784.987 3780.362 3775.737 3767.917 3759.491 3751.065 3742.639
3798.916 3797.102 3795.288 3793.473 3790.477 3784.369 3778.261 3772.153 3766.046 3762.27 3759.316 3756.363 3753.41 3751.795 3755.434 3759.074 3762.714 3766.353 3767.788 3768.12 3768.452 3768.784 3767.936 3759.224 3750.511 3741.798 3733.085 3725.548 3718.813 3712.079 3705.344 3699.005 3699.088 3699.171 3699.254 3699.337 3700.611 3702.977 3705.342 3707.708 3710.073 3717.965 3725.938 3733.911 3741.885 3750.119 3758.674 3767.229 3775.783 3784.338 3787.374 3789.885 3792.395 3794.906 3794.687 3789.954 3785.22 3780.488 3775.755 3768.017 3759.71 3751.403 3743.096
3799.293 3797.76 3796.226 3794.693 3792.064 3786.554 3781.045 3775.535 3770.025 3766.893 3764.6 3762.307 3760.014 3758.954 3762.737 3766.521 3770.304 3774.087 3775.38 3775.428 3775.475 3775.523 3774.323 3764.806 3755.29 3745.773 3736.256 3728.049 3720.737 3713.425 3706.112 3699.221 3699.177 3699.132 3699.087 3699.043 3700.065 3702.066 3704.067 3706.068 3708.069 3716.095 3724.209 3732.324 3740.438 3748.866 3757.677 3766.488 3775.298 3784.109 3787.251 3789.854 3792.456 3795.058 3794.884 3790.119 3785.354 3780.589 3775.823 3768.253 3760.15 3752.047 3743.943
3799.088 3797.451 3795.815 3794.179 3791.665 3786.841 3782.017 3777.193 3772.369 3769.839 3768.118 3766.398 3764.677 3764.054 3767.746 3771.438 3775.129 3778.821 3779.964 3779.833 3779.703 3779.573 3778.184 3768.408 3758.632 3748.856 3739.08 3730.614 3723.042 3715.471 3707.899 3700.746 3700.394 3700.042 3699.689 3699.337 3700.097 3701.876 3703.656 3705.435 3707.215 3714.785 3722.441 3730.096 3737.752 3745.905 3754.667 3763.429 3772.192 3780.954 3784.437 3787.417 3790.397 3793.377 3793.595 3789.246 3784.897 3780.547 3776.198 3769.288 3761.892 3754.497 3747.101
3798.882 3797.143 3795.404 3793.666 3791.266 3787.128 3782.99 3778.852 3774.713 3772.785 3771.637 3770.489 3769.34 3769.155 3772.755 3776.355 3779.954 3783.554 3784.548 3784.24 3783.931 3783.622 3782.045 3772.01 3761.974 3751.939 3741.904 3733.179 3725.348 3717.518 3709.687 3702.272 3701.612 3700.951 3700.291 3699.631 3700.128 3701.686 3703.244 3704.802 3706.361 3713.476 3720.672 3727.869 3735.065 3742.944 3751.657 3760.371 3769.084 3777.798 3781.622 3784.98 3788.338 3791.696 3792.307 3788.373 3784.44 3780.506 3776.573 3770.324 3763.635 3756.947 3750.259
3798.676 3796.835 3794.993 3793.152 3790.867 3787.415 3783.962 3780.51 3777.057 3775.731 3775.155 3774.579 3774.003 3774.256 3777.764 3781.272 3784.78 3788.288 3789.132 3788.645 3788.158 3787.671 3785.905 3775.611 3765.317 3755.022 3744.728 3735.744 3727.654 3719.564 3711.474 3703.797 3702.829 3701.861 3700.893 3699.925 3700.16 3701.496 3702.833 3704.17 3705.507 3712.166 3718.904 3725.641 3732.379 3739.982 3748.647 3757.313 3765.978 3774.643 3778.807 3782.543 3786.28 3790.016 3791.018 3787.501 3783.983 3780.465 3776.947 3771.359 3765.378 3759.397 3753.416
3798.47 3796.526 3794.583 3792.639 3790.468 3787.701 3784.935 3782.168 3779.401 3778.677 3778.673 3778.67 3778.666 3779.356 3782.772 3786.189 3789.605 3793.021 3793.716 3793.051 3792.386 3791.721 3789.766 3779.212 3768.659 3758.105 3747.552 3738.309 3729.959 3721.61 3713.261 3705.322 3704.046 3702.771 3701.495 3700.219 3700.191 3701.306 3702.422 3703.537 3704.653 3710.856 3717.135 3723.414 3729.692 3737.021 3745.638 3754.254 3762.871 3771.487 3775.993 3780.107 3784.221 3788.335 3789.73 3786.628 3783.526 3780.424 3777.322 3772.395 3767.121 3761.847 3756.574
3798.469 3796.656 3794.843 3793.03 3791.096 3788.848 3786.599 3784.351 3782.102 3781.654 3781.842 3782.029 3782.217 3782.972 3785.958 3788.944 3791.929 3794.915 3795.267 3794.302 3793.337 3792.373 3790.215 3780.105 3769.996 3759.887 3749.778 3740.847 3732.722 3724.597 3716.472 3708.734 3707.289 3705.843 3704.398 3702.952 3702.815 3703.876 3704.938 3706.0 3707.061 3712.754 3718.514 3724.275 3730.035 3736.844 3744.939 3753.033 3761.128 3769.223 3773.848 3778.143 3782.438 3786.732 3788.516 3786.145 3783.774 3781.404 3779.033 3774.678 3769.948 3765.217 3760.487
3798.599 3797.066 3795.534 3794.002 3792.385 3790.547 3788.709 3786.87 3785.032 3784.651 3784.785 3784.918 3785.052 3785.633 3787.971 3790.309 3792.646 3794.984 3794.868 3793.525 3792.183 3790.84 3788.47 3779.257 3770.044 3760.831 3751.618 3743.369 3735.779 3728.188 3720.598 3713.359 3711.832 3710.306 3708.779 3707.253 3707.105 3708.22 3709.336 3710.452 3711.567 3716.712 3721.917 3727.121 3732.325 3738.457 3745.726 3752.994 3760.262 3767.531 3772.134 3776.482 3780.831 3785.18 3787.349 3785.912 3784.476 3783.039 3781.603 3777.765 3773.472 3769.178 3764.885
3798.729 3797.477 3796.226 3794.974 3793.674 3792.246 3790.818 3789.39 3787.962 3787.649 3787.728 3787.808 3787.887 3788.294 3789.984 3791.674 3793.363 3795.053 3794.469 3792.749 3791.028 3789.307 3786.726 3778.409 3770.092 3761.776 3753.459 3745.892 3738.836 3731.78 3724.724 3717.983 3716.376 3714.769 3713.161 3711.554 3711.395 3712.565 3713.734 3714.904 3716.073 3720.671 3725.319 3729.968 3734.616 3740.07 3746.512 3752.955 3759.397 3765.839 3770.419 3774.822 3779.225 3783.628 3786.182 3785.68 3785.177 3784.675 3784.173 3780.852 3776.996 3773.14 3769.284
3798.859 3797.888 3796.917 3795.946 3794.963 3793.945 3792.927 3791.91 3790.893 3790.646 3790.672 3790.697 3790.723 3790.955 3791.997 3793.038 3794.08 3795.122 3794.07 3791.971 3789.873 3787.774 3784.981 3777.561 3770.14 3762.72 3755.3 3748.414 3741.892 3735.371 3728.849 3722.608 3720.92 3719.231 3717.543 3715.854 3715.685 3716.909 3718.132 3719.356 3720.58 3724.63 3728.722 3732.814 3736.906 3741.683 3747.299 3752.915 3758.531 3764.147 3768.705 3773.162 3777.619 3782.075 3785.016 3785.447 3785.879 3786.311 3786.743 3783.938 3780.52 3777.101 3773.682
3798.883 3798.211 3797.54 3796.868 3796.209 3795.583 3794.957 3794.331 3793.705 3793.523 3793.497 3793.472 3793.446 3793.511 3793.933 3794.354 3794.776 3795.198 3793.694 3791.226 3788.759 3786.292 3783.291 3776.739 3770.187 3763.635 3757.083 3750.872 3744.895 3738.917 3732.94 3727.21 3725.502 3723.794 3722.086 3720.378 3720.221 3721.487 3722.752 3724.018 3725.283 3728.772 3732.294 3735.816 3739.337 3743.446 3748.272 3753.099 3757.926 3762.752 3767.278 3771.774 3776.27 3780.767 3784.06 3785.364 3786.667 3787.971 3789.275 3786.974 3783.99 3781.007 3778.023
3797.553 3797.416 3797.279 3797.142 3796.912 3796.437 3795.962 3795.488 3795.013 3794.858 3794.816 3794.774 3794.733 3794.731 3794.888 3795.045 3795.203 3795.36 3793.602 3790.886 3788.17 3785.454 3782.304 3776.26 3770.215 3764.171 3758.126 3752.516 3747.203 3741.889 3736.576 3731.516 3730.575 3729.634 3728.692 3727.751 3727.902 3729.054 3730.206 3731.358 3732.51 3735.258 3738.029 3740.801 3743.572 3747.123 3751.632 3756.14 3760.648 3765.156 3769.52 3773.871 3778.221 3782.572 3785.803 3787.182 3788.562 3789.941 3791.32 3789.368 3786.783 3784.199 3781.615
3796.223 3796.621 3797.018 3797.416 3797.615 3797.291 3796.968 3796.644 3796.321 3796.194 3796.135 3796.077 3796.019 3795.951 3795.844 3795.736 3795.629 3795.521 3793.51 3790.545 3787.581 3784.617 3781.317 3775.78 3770.243 3764.706 3759.169 3754.16 3749.511 3744.862 3740.212 3735.823 3735.648 3735.474 3735.299 3735.125 3735.583 3736.622 3737.66 3738.699 3739.738 3741.744 3743.765 3745.786 3747.806 3750.801 3754.991 3759.181 3763.37 3767.56 3771.763 3775.968 3780.173 3784.377 3787.546 3789.001 3790.456 3791.911 3793.365 3791.761 3789.576 3787.392 3785.207
3794.894 3795.826 3796.758 3797.69 3798.318 3798.146 3797.973 3797.801 3797.629 3797.529 3797.454 3797.38 3797.306 3797.171 3796.799 3796.427 3796.055 3795.683 3793.417 3790.205 3786.992 3783.78 3780.33 3775.301 3770.271 3765.242 3760.212 3755.804 3751.819 3747.834 3743.849 3740.129 3740.721 3741.313 3741.906 3742.498 3743.264 3744.189 3745.115 3746.04 3746.965 3748.23 3749.5 3750.771 3752.041 3754.479 3758.35 3762.221 3766.092 3769.963 3774.006 3778.065 3782.124 3786.183 3789.289 3790.82 3792.35 3793.881 3795.411 3794.155 3792.369 3790.584 3788.799
3793.564 3795.03 3796.497 3797.964 3799.021 3799.0 3798.979 3798.958 3798.936 3798.864 3798.773 3798.683 3798.593 3798.391 3797.755 3797.118 3796.481 3795.845 3793.325 3789.864 3786.403 3782.942 3779.343 3774.821 3770.299 3765.778 3761.256 3757.448 3754.127 3750.806 3747.485 3744.436 3745.794 3747.154 3748.512 3749.872 3750.945 3751.757 3752.569 3753.381 3754.193 3754.717 3755.236 3755.756 3756.275 3758.157 3761.71 3765.262 3768.815 3772.367 3776.249 3780.162 3784.075 3787.988 3791.032 3792.638 3794.244 3795.85 3797.457 3796.548 3795.162 3793.777 3792.391
3789.719 3792.004 3794.289 3796.574 3798.309 3798.595 3798.882 3799.168 3799.455 3799.478 3799.409 3799.34 3799.271 3799.075 3798.379 3797.684 3796.988 3796.293 3793.779 3790.356 3786.934 3783.511 3779.99 3775.82 3771.649 3767.479 3763.308 3759.934 3757.103 3754.273 3751.443 3748.886 3750.78 3752.674 3754.568 3756.463 3757.808 3758.652 3759.495 3760.338 3761.182 3761.077 3760.959 3760.841 3760.723 3762.101 3765.311 3768.522 3771.733 3774.943 3778.604 3782.308 3786.011 3789.715 3792.588 3794.088 3795.587 3797.086 3798.585 3797.935 3796.876 3795.818 3794.76
3783.699 3787.048 3790.397 3793.746 3796.373 3797.103 3797.832 3798.561 3799.29 3799.469 3799.454 3799.439 3799.424 3799.295 3798.718 3798.141 3797.565 3796.988 3794.705 3791.568 3788.431 3785.295 3782.052 3778.097 3774.142 3770.188 3766.233 3763.149 3760.658 3758.168 3755.678 3753.461 3755.69 3757.919 3760.148 3762.377 3763.965 3764.965 3765.965 3766.964 3767.964 3767.33 3766.672 3766.014 3765.356 3766.274 3769.123 3771.971 3774.82 3777.669 3781.057 3784.496 3787.935 3791.374 3793.983 3795.218 3796.452 3797.687 3798.921 3798.451 3797.657 3796.864 3796.07
