data/zism_data/00100_02_D.txt
ncols         224
nrows         224
[rows 56 to 83 of 224, columns 0 to 62 of 224]
4590.37 4594.369 4598.367 4601.898 4604.889 4607.88 4610.871 4613.862 4615.382 4616.788 4618.194 4619.6 4619.837 4618.256 4616.676 4615.096 4613.516 4607.067 4599.794 4592.521 4585.247 4576.779 4565.757 4554.735 4543.713 4532.691 4523.381 4514.546 4505.711 4496.876 4488.309 4480.561 4472.813 4465.064 4457.316 4449.303 4441.182 4433.062 4424.94 4417.271 4411.744 4406.217 4400.689 4395.163 4392.233 4390.779 4389.325 4387.871 4387.073 4392.08 4397.086 4402.093 4407.1 4413.441 4420.81 4428.178 4435.546 4442.967 4452.146 4461.325 4470.505 4479.684 4488.597
4597.13 4600.687 4604.244 4607.314 4609.82 4612.327 4614.833 4617.339 4618.386 4619.318 4620.25 4621.182 4621.028 4619.184 4617.339 4615.495 4613.651 4607.809 4601.29 4594.77 4588.25 4580.415 4569.77 4559.125 4548.48 4537.835 4528.013 4518.418 4508.825 4499.231 4489.959 4481.672 4473.386 4465.1 4456.813 4448.296 4439.685 4431.075 4422.464 4414.375 4408.768 4403.16 4397.552 4391.945 4388.989 4387.541 4386.092 4384.644 4383.817 4388.501 4393.185 4397.868 4402.552 4408.559 4415.582 4422.606 4429.63 4436.703 4445.403 4454.103 4462.803 4471.503 4479.871
4602.626 4605.888 4609.15 4611.951 4614.218 4616.485 4618.753 4621.02 4621.743 4622.346 4622.948 4623.551 4623.128 4621.112 4619.095 4617.079 4615.062 4609.711 4603.794 4597.878 4591.962 4584.657 4574.385 4564.112 4553.84 4543.567 4533.424 4523.317 4513.209 4503.103 4493.314 4484.504 4475.693 4466.882 4458.072 4449.011 4439.847 4430.684 4421.521 4412.917 4406.973 4401.029 4395.085 4389.141 4385.952 4384.329 4382.705 4381.081 4380.055 4384.318 4388.582 4392.845 4397.108 4402.727 4409.388 4416.049 4422.71 4429.418 4437.688 4445.958 4454.228 4462.498 4470.405
4606.035 4609.243 4612.451 4615.3 4617.734 4620.168 4622.603 4625.037 4625.687 4626.198 4626.709 4627.22 4626.733 4624.695 4622.657 4620.619 4618.581 4613.531 4607.97 4602.409 4596.848 4589.901 4579.995 4570.088 4560.183 4550.276 4540.128 4529.913 4519.698 4509.483 4499.491 4490.18 4480.868 4471.557 4462.246 4452.573 4442.753 4432.933 4423.113 4413.835 4407.132 4400.429 4393.726 4387.023 4383.257 4381.16 4379.063 4376.965 4375.454 4379.136 4382.818 4386.5 4390.183 4395.327 4401.595 4407.863 4414.131 4420.447 4428.367 4436.287 4444.207 4452.127 4459.717
4609.443 4612.597 4615.751 4618.649 4621.25 4623.852 4626.453 4629.053 4629.631 4630.05 4630.47 4630.889 4630.338 4628.279 4626.219 4624.16 4622.1 4617.35 4612.145 4606.938 4601.733 4595.145 4585.605 4576.064 4566.524 4556.984 4546.832 4536.509 4526.186 4515.864 4505.667 4495.855 4486.043 4476.231 4466.419 4456.136 4445.659 4435.182 4424.705 4414.752 4407.291 4399.829 4392.367 4384.905 4380.563 4377.991 4375.42 4372.85 4370.854 4373.955 4377.056 4380.156 4383.257 4387.926 4393.801 4399.677 4405.552 4411.477 4419.047 4426.617 4434.187 4441.757 4449.028
4612.851 4615.952 4619.052 4621.999 4624.767 4627.534 4630.302 4633.07 4633.575 4633.903 4634.23 4634.559 4633.943 4631.862 4629.781 4627.7 4625.619 4621.17 4616.319 4611.469 4606.618 4600.389 4591.215 4582.041 4572.867 4563.692 4553.535 4543.104 4532.674 4522.244 4511.843 4501.531 4491.218 4480.906 4470.593 4459.698 4448.564 4437.431 4426.297 4415.67 4407.45 4399.229 4391.008 4382.788 4377.868 4374.823 4371.778 4368.733 4366.253 4368.773 4371.292 4373.812 4376.332 4380.526 4386.008 4391.491 4396.973 4402.506 4409.726 4416.946 4424.167 4431.386 4438.34
4616.26 4619.306 4622.353 4625.348 4628.283 4631.217 4634.152 4637.087 4637.519 4637.755 4637.991 4638.228 4637.549 4635.446 4633.343 4631.241 4629.138 4624.99 4620.494 4615.999 4611.504 4605.633 4596.825 4588.017 4579.209 4570.401 4560.239 4549.701 4539.163 4528.625 4518.019 4507.207 4496.393 4485.58 4474.767 4463.26 4451.47 4439.68 4427.89 4416.588 4407.608 4398.629 4389.649 4380.669 4375.173 4371.654 4368.136 4364.618 4361.653 4363.591 4365.529 4367.467 4369.406 4373.125 4378.214 4383.304 4388.394 4393.535 4400.405 4407.275 4414.146 4421.016 4427.651
4618.29 4621.722 4625.155 4628.437 4631.543 4634.649 4637.755 4640.861 4641.439 4641.819 4642.2 4642.581 4642.007 4639.949 4637.892 4635.834 4633.777 4629.806 4625.51 4621.214 4616.919 4611.277 4602.759 4594.241 4585.724 4577.206 4567.183 4556.742 4546.301 4535.86 4525.172 4513.729 4502.287 4490.844 4479.401 4467.091 4454.426 4441.762 4429.097 4416.967 4407.375 4397.783 4388.191 4378.6 4372.335 4367.96 4363.586 4359.212 4355.42 4356.791 4358.161 4359.531 4360.901 4364.205 4368.994 4373.784 4378.574 4383.414 4389.921 4396.428 4402.936 4409.442 4415.788
4620.029 4623.941 4627.853 4631.471 4634.749 4638.027 4641.306 4644.584 4645.354 4645.929 4646.503 4647.077 4646.645 4644.646 4642.648 4640.65 4638.652 4634.832 4630.703 4626.574 4622.445 4617.004 4608.761 4600.518 4592.275 4584.032 4574.178 4563.876 4553.576 4543.274 4532.53 4520.431 4508.332 4496.233 4484.133 4470.979 4457.394 4443.809 4430.224 4417.232 4407.059 4396.886 4386.712 4376.54 4369.467 4364.156 4358.845 4353.534 4348.844 4349.649 4350.454 4351.259 4352.064 4354.963 4359.473 4363.983 4368.494 4373.051 4379.192 4385.333 4391.474 4397.615 4403.677
4621.768 4626.159 4630.55 4634.505 4637.956 4641.406 4644.857 4648.307 4649.27 4650.038 4650.806 4651.574 4651.283 4649.343 4647.404 4645.465 4643.526 4639.857 4635.896 4631.934 4627.972 4622.732 4614.763 4606.794 4598.826 4590.857 4581.172 4571.011 4560.85 4550.689 4539.888 4527.133 4514.376 4501.621 4488.865 4474.867 4460.361 4445.856 4431.35 4417.497 4406.743 4395.988 4385.234 4374.479 4366.599 4360.352 4354.104 4347.857 4342.268 4342.507 4342.747 4342.987 4343.227 4345.723 4349.953 4354.183 4358.413 4362.688 4368.463 4374.238 4380.013 4385.788 4391.566
4623.508 4628.378 4633.248 4637.54 4641.162 4644.785 4648.408 4652.03 4653.185 4654.147 4655.109 4656.071 4655.92 4654.041 4652.161 4650.281 4648.401 4644.883 4641.088 4637.293 4633.498 4628.46 4620.766 4613.071 4605.377 4597.683 4588.167 4578.146 4568.125 4558.104 4547.247 4533.834 4520.422 4507.009 4493.597 4478.755 4463.329 4447.903 4432.477 4417.762 4406.426 4395.091 4383.755 4372.419 4363.731 4356.547 4349.363 4342.179 4335.691 4335.366 4335.041 4334.715 4334.39 4336.481 4340.432 4344.382 4348.333 4352.325 4357.734 4363.143 4368.552 4373.961 4379.456
4624.102 4629.622 4635.141 4639.927 4643.866 4647.805 4651.744 4655.683 4657.065 4658.247 4659.429 4660.611 4660.618 4658.794 4656.97 4655.146 4653.323 4649.799 4645.987 4642.175 4638.363 4633.354 4625.786 4618.217 4610.65 4603.082 4593.685 4583.779 4573.875 4563.97 4553.079 4539.173 4525.267 4511.36 4497.454 4481.936 4465.758 4449.581 4433.403 4417.988 4406.194 4394.4 4382.606 4370.813 4361.396 4353.33 4345.265 4337.199 4329.863 4328.995 4328.127 4327.259 4326.391 4328.044 4331.638 4335.231 4338.824 4342.458 4347.458 4352.458 4357.458 4362.458 4367.655
4621.684 4628.301 4634.918 4640.616 4645.249 4649.882 4654.515 4659.148 4660.851 4662.323 4663.796 4665.269 4665.471 4663.696 4661.92 4660.146 4658.37 4654.425 4650.113 4645.8 4641.487 4636.053 4628.221 4620.389 4612.558 4604.726 4595.314 4585.462 4575.611 4565.76 4554.894 4540.923 4526.953 4512.982 4499.011 4483.256 4466.771 4450.288 4433.803 4418.111 4406.183 4394.254 4382.326 4370.397 4360.462 4351.659 4342.855 4334.052 4326.005 4324.652 4323.3 4321.947 4320.595 4321.721 4324.755 4327.789 4330.822 4333.897 4338.375 4342.853 4347.331 4351.809 4356.672
4619.265 4626.98 4634.696 4641.304 4646.631 4651.959 4657.287 4662.614 4664.636 4666.399 4668.163 4669.927 4670.324 4668.598 4666.871 4665.144 4663.417 4659.051 4654.238 4649.425 4644.612 4638.752 4630.657 4622.561 4614.466 4606.37 4596.943 4587.146 4577.348 4567.551 4556.709 4542.674 4528.639 4514.604 4500.568 4484.576 4467.785 4450.994 4434.203 4418.235 4406.171 4394.108 4382.045 4369.982 4359.528 4349.987 4340.447 4330.906 4322.147 4320.31 4318.473 4316.636 4314.799 4315.398 4317.873 4320.346 4322.82 4325.337 4329.292 4333.249 4337.204 4341.16 4345.689
4616.847 4625.66 4634.473 4641.992 4648.014 4654.036 4660.058 4666.08 4668.421 4670.476 4672.53 4674.584 4675.178 4673.499 4671.821 4670.143 4668.464 4663.677 4658.364 4653.05 4647.736 4641.451 4633.092 4624.733 4616.374 4608.015 4598.572 4588.829 4579.085 4569.342 4558.524 4544.425 4530.325 4516.225 4502.125 4485.896 4468.798 4451.701 4434.603 4418.358 4406.16 4393.962 4381.765 4369.567 4358.594 4348.315 4338.038 4327.76 4318.289 4315.967 4313.646 4311.325 4309.003 4309.076 4310.99 4312.904 4314.818 4316.776 4320.21 4323.644 4327.078 4330.511 4334.707
4614.428 4624.339 4634.25 4642.68 4649.396 4656.112 4662.829 4669.545 4672.207 4674.552 4676.896 4679.242 4680.031 4678.401 4676.771 4675.142 4673.512 4668.304 4662.489 4656.675 4650.861 4644.151 4635.528 4626.905 4618.282 4609.659 4600.201 4590.512 4580.822 4571.132 4560.34 4546.176 4532.011 4517.847 4503.682 4487.217 4469.812 4452.408 4435.003 4418.481 4406.148 4393.816 4381.484 4369.152 4357.66 4346.644 4335.629 4324.613 4314.431 4311.625 4308.819 4306.013 4303.208 4302.753 4304.107 4305.461 4306.816 4308.215 4311.127 4314.039 4316.95 4319.862 4323.724
4611.326 4622.046 4632.767 4641.978 4649.443 4656.909 4664.374 4671.839 4674.807 4677.422 4680.039 4682.655 4683.564 4681.819 4680.074 4678.328 4676.583 4670.857 4664.457 4658.056 4651.655 4644.436 4635.467 4626.498 4617.53 4608.561 4599.049 4589.386 4579.723 4570.06 4559.367 4545.529 4531.689 4517.851 4504.011 4487.918 4470.905 4453.892 4436.878 4420.643 4408.098 4395.553 4383.008 4370.464 4358.618 4347.169 4335.721 4324.272 4313.671 4310.58 4307.489 4304.397 4301.306 4300.438 4301.279 4302.12 4302.961 4303.842 4306.033 4308.223 4310.414 4312.604 4315.797
4607.964 4619.384 4630.805 4640.748 4648.983 4657.218 4665.453 4673.688 4676.956 4679.835 4682.715 4685.595 4686.596 4684.672 4682.75 4680.827 4678.904 4672.623 4665.603 4658.583 4651.564 4643.802 4634.457 4625.112 4615.767 4606.421 4596.84 4587.192 4577.546 4567.899 4557.335 4543.97 4530.604 4517.24 4503.874 4488.385 4472.028 4455.672 4439.315 4423.58 4410.792 4398.005 4385.218 4372.432 4360.296 4348.529 4336.764 4324.997 4314.09 4310.789 4307.487 4304.186 4300.884 4299.645 4299.991 4300.337 4300.683 4301.06 4302.454 4303.848 4305.242 4306.636 4309.032
4604.602 4616.722 4628.842 4639.518 4648.522 4657.527 4666.532 4675.536 4679.104 4682.248 4685.392 4688.535 4689.627 4687.526 4685.426 4683.325 4681.225 4674.389 4666.75 4659.111 4651.473 4643.169 4633.448 4623.725 4614.003 4604.281 4594.63 4585.0 4575.369 4565.738 4555.304 4542.412 4529.52 4516.628 4503.737 4488.851 4473.151 4457.451 4441.751 4426.516 4413.487 4400.458 4387.428 4374.399 4361.973 4349.889 4337.806 4325.722 4314.508 4310.997 4307.485 4303.974 4300.463 4298.852 4298.703 4298.554 4298.405 4298.278 4298.875 4299.473 4300.07 4300.667 4302.267
4601.24 4614.06 4626.88 4638.288 4648.062 4657.836 4667.611 4677.385 4681.254 4684.661 4688.068 4691.476 4692.658 4690.38 4688.102 4685.824 4683.545 4676.154 4667.897 4659.639 4651.381 4642.537 4632.438 4622.339 4612.24 4602.141 4592.421 4582.806 4573.192 4563.577 4553.271 4540.854 4528.436 4516.018 4503.599 4489.317 4474.274 4459.231 4444.188 4429.453 4416.181 4402.91 4389.638 4376.367 4363.651 4351.25 4338.849 4326.447 4314.926 4311.205 4307.484 4303.763 4300.042 4298.06 4297.415 4296.771 4296.127 4295.496 4295.296 4295.097 4294.898 4294.698 4295.501
4596.792 4610.144 4623.496 4635.519 4646.006 4656.493 4666.98 4677.467 4681.698 4685.44 4689.183 4692.925 4694.25 4691.813 4689.377 4686.941 4684.505 4676.652 4667.881 4659.11 4650.339 4641.053 4630.664 4620.275 4609.887 4599.498 4589.771 4580.228 4570.685 4561.141 4551.019 4539.126 4527.233 4515.34 4503.447 4489.827 4475.501 4461.176 4446.85 4432.678 4419.238 4405.799 4392.359 4378.919 4366.033 4353.46 4340.888 4328.314 4316.613 4312.632 4308.65 4304.668 4300.687 4298.265 4297.044 4295.824 4294.603 4293.39 4292.427 4291.465 4290.503 4289.541 4289.573
4587.182 4600.27 4613.358 4625.444 4636.373 4647.301 4658.229 4669.158 4674.045 4678.46 4682.875 4687.29 4688.999 4686.498 4683.998 4681.497 4678.996 4671.125 4662.343 4653.561 4644.78 4635.525 4625.26 4614.996 4604.731 4594.466 4585.027 4575.817 4566.607 4557.398 4547.717 4536.594 4525.47 4514.347 4503.224 4490.542 4477.222 4463.903 4450.584 4437.276 4424.019 4410.763 4397.506 4384.25 4371.762 4359.711 4347.661 4335.61 4324.327 4319.845 4315.362 4310.88 4306.398 4303.214 4301.03 4298.846 4296.662 4294.495 4292.93 4291.365 4289.8 4288.235 4287.619
4577.571 4590.396 4603.221 4615.37 4626.74 4638.11 4649.479 4660.849 4666.392 4671.48 4676.568 4681.656 4683.749 4681.184 4678.618 4676.053 4673.487 4665.598 4656.805 4648.013 4639.22 4629.998 4619.857 4609.716 4599.575 4589.434 4580.283 4571.407 4562.531 4553.655 4544.415 4534.062 4523.708 4513.354 4503.001 4491.256 4478.944 4466.631 4454.318 4441.874 4428.8 4415.727 4402.652 4389.579 4377.491 4365.962 4354.434 4342.905 4332.041 4327.058 4322.075 4317.092 4312.109 4308.163 4305.016 4301.868 4298.72 4295.601 4293.433 4291.265 4289.098 4286.93 4285.666
4567.961 4580.522 4593.083 4605.296 4617.107 4628.918 4640.729 4652.54 4658.739 4664.5 4670.261 4676.021 4678.499 4675.869 4673.239 4670.609 4667.979 4660.07 4651.268 4642.464 4633.661 4624.471 4614.454 4604.436 4594.419 4584.402 4575.539 4566.997 4558.454 4549.912 4541.113 4531.529 4521.945 4512.362 4502.778 4491.971 4480.665 4469.359 4458.053 4446.471 4433.581 4420.69 4407.799 4394.909 4383.22 4372.213 4361.207 4350.2 4339.754 4334.27 4328.787 4323.303 4317.82 4313.112 4309.001 4304.89 4300.779 4296.707 4293.936 4291.166 4288.395 4285.624 4283.712
4558.351 4570.648 4582.945 4595.221 4607.474 4619.726 4631.979 4644.231 4651.086 4657.52 4663.953 4670.386 4673.248 4670.554 4667.859 4665.165 4662.47 4654.543 4645.729 4636.915 4628.102 4618.943 4609.05 4599.156 4589.263 4579.37 4570.795 4562.586 4554.377 4546.169 4537.811 4528.997 4520.183 4511.369 4502.555 4492.686 4482.386 4472.087 4461.787 4451.069 4438.361 4425.654 4412.946 4400.238 4388.949 4378.464 4367.98 4357.495 4347.467 4341.483 4335.5 4329.515 4323.531 4318.061 4312.987 4307.912 4302.838 4297.813 4294.439 4291.065 4287.692 4284.318 4281.758
4548.377 4560.176 4571.975 4583.722 4595.41 4607.097 4618.785 4630.472 4636.849 4642.812 4648.774 4654.736 4657.304 4654.592 4651.88 4649.168 4646.456 4638.956 4630.645 4622.333 4614.021 4605.534 4596.67 4587.806 4578.942 4570.078 4562.652 4555.626 4548.6 4541.574 4534.348 4526.511 4518.675 4510.838 4503.002 4493.979 4484.471 4474.963 4465.456 4455.492 4443.363 4431.234 4419.105 4406.977 4396.216 4386.234 4376.251 4366.269 4356.679 4350.567 4344.455 4338.342 4332.23 4326.194 4320.216 4314.239 4308.261 4302.328 4297.879 4293.43 4288.98 4284.531 4280.969
4538.185 4549.343 4560.501 4571.36 4581.875 4592.388 4602.902 4613.417 4618.63 4623.43 4628.23 4633.03 4634.894 4632.193 4629.492 4626.791 4624.089 4617.286 4609.787 4602.288 4594.79 4587.358 4580.071 4572.785 4565.498 4558.211 4552.455 4547.124 4541.793 4536.462 4530.786 4524.053 4517.32 4510.587 4503.854 4495.621 4486.775 4477.93 4469.084 4459.81 4448.499 4437.188 4425.877 4414.566 4404.416 4394.922 4385.43 4375.938 4366.797 4360.782 4354.767 4348.751 4342.736 4336.252 4329.408 4322.564 4315.72 4308.905 4303.094 4297.283 4291.472 4285.661 4280.883
4527.992 4538.509 4549.027 4558.999 4568.34 4577.68 4587.021 4596.362 4600.412 4604.049 4607.687 4611.324 4612.485 4609.794 4607.104 4604.413 4601.723 4595.616 4588.93 4582.244 4575.558 4569.183 4563.473 4557.764 4552.054 4546.344 4542.258 4538.622 4534.987 4531.352 4527.225 4521.595 4515.965 4510.336 4504.706 4497.263 4489.079 4480.896 4472.712 4464.127 4453.634 4443.142 4432.649 4422.156 4412.614 4403.611 4394.608 4385.605 4376.916 4370.997 4365.079 4359.16 4353.242 4346.31 4338.599 4330.889 4323.178 4315.482 4308.31 4301.137 4293.964 4286.792 4280.798
