data/zism_data/00108_03_D.txt
ncols         224
nrows         224
[rows 28 to 55 of 224, columns 126 to 188 of 224]
3762.921 3763.339 3763.938 3765.106 3766.274 3767.443 3768.611 3769.783 3770.958 3772.132 3773.306 3774.539 3776.281 3778.024 3779.766 3781.508 3783.023 3784.337 3785.651 3786.966 3788.28 3789.743 3791.212 3792.68 3794.149 3795.302 3795.969 3796.636 3797.303 3797.97 3797.432 3796.637 3795.843 3795.048 3794.351 3793.937 3793.522 3793.108 3792.694 3793.077 3793.826 3794.574 3795.322 3796.216 3798.204 3800.193 3802.182 3804.17 3807.135 3810.908 3814.68 3818.453 3822.225 3826.84 3831.474 3836.107 3840.741 3845.264 3849.627 3853.99 3858.354 3862.717 3866.74
3760.061 3760.559 3761.242 3762.507 3763.772 3765.037 3766.301 3767.531 3768.742 3769.954 3771.166 3772.443 3774.287 3776.131 3777.976 3779.82 3781.307 3782.482 3783.657 3784.832 3786.007 3787.233 3788.46 3789.688 3790.915 3791.865 3792.387 3792.909 3793.432 3793.954 3793.696 3793.271 3792.846 3792.422 3792.078 3791.969 3791.86 3791.752 3791.643 3792.115 3792.853 3793.59 3794.328 3795.182 3796.925 3798.667 3800.409 3802.151 3805.034 3808.86 3812.686 3816.512 3820.338 3825.095 3829.874 3834.652 3839.431 3844.077 3848.531 3852.985 3857.439 3861.894 3866.12
3757.211 3757.788 3758.553 3759.917 3761.281 3762.645 3764.009 3765.298 3766.55 3767.802 3769.054 3770.374 3772.285 3774.197 3776.109 3778.021 3779.493 3780.58 3781.667 3782.754 3783.841 3784.883 3785.924 3786.964 3788.004 3788.793 3789.196 3789.599 3790.002 3790.404 3790.377 3790.259 3790.141 3790.023 3789.978 3790.144 3790.311 3790.477 3790.644 3791.207 3791.953 3792.698 3793.443 3794.282 3795.825 3797.368 3798.911 3800.454 3803.278 3807.16 3811.042 3814.924 3818.807 3823.695 3828.607 3833.518 3838.429 3843.192 3847.738 3852.285 3856.832 3861.378 3865.777
3754.394 3755.04 3755.885 3757.356 3758.827 3760.298 3761.769 3763.125 3764.426 3765.726 3767.027 3768.385 3770.26 3772.134 3774.008 3775.882 3777.374 3778.531 3779.688 3780.845 3782.001 3783.025 3784.044 3785.063 3786.082 3786.841 3787.201 3787.561 3787.921 3788.281 3788.339 3788.334 3788.328 3788.323 3788.408 3788.756 3789.105 3789.454 3789.802 3790.468 3791.277 3792.087 3792.896 3793.786 3795.275 3796.765 3798.254 3799.743 3802.578 3806.525 3810.471 3814.418 3818.364 3823.349 3828.357 3833.365 3838.372 3843.231 3847.874 3852.517 3857.161 3861.804 3866.276
3751.577 3752.293 3753.217 3754.795 3756.373 3757.951 3759.53 3760.954 3762.302 3763.651 3764.999 3766.398 3768.234 3770.071 3771.908 3773.744 3775.256 3776.482 3777.709 3778.935 3780.162 3781.168 3782.165 3783.163 3784.16 3784.889 3785.206 3785.523 3785.84 3786.157 3786.301 3786.408 3786.515 3786.622 3786.838 3787.369 3787.9 3788.431 3788.962 3789.728 3790.602 3791.476 3792.35 3793.289 3794.725 3796.161 3797.597 3799.033 3801.878 3805.889 3809.9 3813.911 3817.922 3823.002 3828.107 3833.211 3838.315 3843.271 3848.01 3852.75 3857.49 3862.229 3866.776
3748.76 3749.546 3750.548 3752.233 3753.919 3755.604 3757.29 3758.781 3760.178 3761.575 3762.972 3764.41 3766.209 3768.008 3769.807 3771.606 3773.137 3774.434 3775.73 3777.026 3778.322 3779.31 3780.286 3781.262 3782.238 3782.938 3783.212 3783.486 3783.76 3784.034 3784.263 3784.483 3784.702 3784.922 3785.268 3785.981 3786.694 3787.407 3788.121 3788.988 3789.927 3790.865 3791.803 3792.793 3794.176 3795.558 3796.94 3798.322 3801.179 3805.254 3809.329 3813.405 3817.48 3822.656 3827.857 3833.057 3838.258 3843.31 3848.146 3852.982 3857.818 3862.655 3867.275
3745.943 3746.798 3747.879 3749.672 3751.465 3753.257 3755.05 3756.609 3758.054 3759.5 3760.944 3762.422 3764.184 3765.945 3767.707 3769.468 3771.019 3772.385 3773.751 3775.117 3776.483 3777.452 3778.407 3779.361 3780.316 3780.986 3781.217 3781.448 3781.679 3781.91 3782.225 3782.557 3782.889 3783.221 3783.697 3784.593 3785.489 3786.384 3787.28 3788.249 3789.251 3790.254 3791.256 3792.297 3793.626 3794.954 3796.283 3797.612 3800.479 3804.619 3808.758 3812.898 3817.037 3822.309 3827.606 3832.904 3838.201 3843.349 3848.282 3853.215 3858.147 3863.08 3867.774
3743.52 3744.448 3745.59 3747.402 3749.214 3751.027 3752.839 3754.481 3756.039 3757.597 3759.155 3760.73 3762.454 3764.178 3765.902 3767.626 3769.162 3770.533 3771.904 3773.274 3774.645 3775.551 3776.438 3777.325 3778.213 3778.844 3779.082 3779.32 3779.558 3779.796 3780.229 3780.704 3781.179 3781.655 3782.274 3783.314 3784.354 3785.393 3786.433 3787.528 3788.648 3789.769 3790.889 3792.052 3793.54 3795.029 3796.517 3798.005 3801.024 3805.307 3809.591 3813.875 3818.159 3823.365 3828.591 3833.817 3839.043 3844.136 3849.036 3853.936 3858.835 3863.735 3868.297
3741.257 3742.26 3743.455 3745.251 3747.047 3748.844 3750.64 3752.37 3754.067 3755.765 3757.462 3759.158 3760.845 3762.531 3764.218 3765.905 3767.411 3768.761 3770.11 3771.46 3772.809 3773.631 3774.432 3775.234 3776.036 3776.626 3776.891 3777.155 3777.42 3777.685 3778.251 3778.882 3779.512 3780.143 3780.911 3782.079 3783.248 3784.416 3785.584 3786.815 3788.075 3789.335 3790.594 3791.909 3793.644 3795.379 3797.114 3798.849 3802.076 3806.536 3810.997 3815.458 3819.919 3824.992 3830.079 3835.166 3840.252 3845.228 3850.042 3854.856 3859.67 3864.484 3868.829
3738.993 3740.072 3741.32 3743.1 3744.88 3746.661 3748.441 3750.259 3752.096 3753.932 3755.769 3757.587 3759.236 3760.885 3762.534 3764.183 3765.661 3766.989 3768.317 3769.645 3770.973 3771.711 3772.427 3773.143 3773.859 3774.407 3774.699 3774.99 3775.282 3775.573 3776.273 3777.059 3777.845 3778.631 3779.547 3780.844 3782.142 3783.439 3784.736 3786.103 3787.502 3788.901 3790.3 3791.767 3793.748 3795.729 3797.711 3799.692 3803.128 3807.765 3812.403 3817.041 3821.678 3826.619 3831.567 3836.514 3841.461 3846.319 3851.048 3855.776 3860.504 3865.232 3869.362
3736.73 3737.884 3739.185 3740.949 3742.713 3744.478 3746.242 3748.148 3750.124 3752.1 3754.076 3756.015 3757.627 3759.238 3760.85 3762.461 3763.91 3765.217 3766.523 3767.83 3769.136 3769.791 3770.421 3771.052 3771.682 3772.189 3772.507 3772.825 3773.144 3773.462 3774.294 3775.236 3776.177 3777.119 3778.184 3779.61 3781.036 3782.461 3783.887 3785.39 3786.928 3788.467 3790.005 3791.624 3793.852 3796.08 3798.308 3800.536 3804.18 3808.995 3813.809 3818.624 3823.438 3828.246 3833.054 3837.863 3842.671 3847.411 3852.053 3856.696 3861.338 3865.981 3869.894
3734.525 3735.77 3737.134 3738.878 3740.621 3742.365 3744.108 3746.079 3748.161 3750.242 3752.324 3754.357 3755.955 3757.553 3759.152 3760.75 3762.179 3763.459 3764.74 3766.02 3767.3 3767.873 3768.418 3768.963 3769.509 3769.979 3770.334 3770.689 3771.045 3771.4 3772.363 3773.454 3774.545 3775.637 3776.842 3778.38 3779.917 3781.455 3782.992 3784.615 3786.277 3787.939 3789.601 3791.353 3793.784 3796.216 3798.648 3801.08 3804.88 3809.812 3814.743 3819.675 3824.607 3829.291 3833.969 3838.647 3843.325 3847.953 3852.51 3857.067 3861.623 3866.18 3869.878
3732.591 3734.002 3735.483 3737.183 3738.884 3740.584 3742.285 3744.206 3746.234 3748.262 3750.291 3752.285 3753.985 3755.686 3757.385 3759.086 3760.536 3761.769 3763.001 3764.233 3765.465 3765.958 3766.423 3766.888 3767.353 3767.808 3768.249 3768.69 3769.132 3769.573 3770.652 3771.866 3773.081 3774.296 3775.601 3777.171 3778.741 3780.31 3781.88 3783.546 3785.256 3786.967 3788.677 3790.471 3792.903 3795.334 3797.766 3800.198 3803.907 3808.673 3813.438 3818.204 3822.97 3827.566 3832.158 3836.75 3841.343 3845.885 3850.356 3854.827 3859.298 3863.769 3867.255
3730.658 3732.235 3733.832 3735.489 3737.147 3738.804 3740.462 3742.333 3744.307 3746.282 3748.257 3750.214 3752.016 3753.818 3755.62 3757.422 3758.894 3760.078 3761.262 3762.446 3763.63 3764.043 3764.428 3764.813 3765.197 3765.638 3766.165 3766.691 3767.218 3767.745 3768.941 3770.279 3771.617 3772.955 3774.36 3775.962 3777.564 3779.166 3780.768 3782.477 3784.235 3785.994 3787.752 3789.589 3792.021 3794.453 3796.884 3799.316 3802.935 3807.534 3812.133 3816.733 3821.332 3825.841 3830.347 3834.854 3839.36 3843.817 3848.202 3852.587 3856.972 3861.358 3864.632
3728.725 3730.468 3732.18 3733.795 3735.41 3737.024 3738.639 3740.459 3742.381 3744.302 3746.223 3748.142 3750.046 3751.95 3753.854 3755.757 3757.252 3758.388 3759.523 3760.659 3761.795 3762.129 3762.433 3762.737 3763.041 3763.467 3764.08 3764.692 3765.305 3765.917 3767.23 3768.691 3770.153 3771.614 3773.119 3774.753 3776.387 3778.021 3779.656 3781.408 3783.215 3785.021 3786.828 3788.708 3791.139 3793.571 3796.003 3798.434 3801.962 3806.395 3810.828 3815.261 3819.695 3824.116 3828.536 3832.957 3837.378 3841.749 3846.049 3850.348 3854.647 3858.947 3862.009
3726.791 3728.701 3730.529 3732.101 3733.672 3735.244 3736.816 3738.586 3740.454 3742.322 3744.189 3746.071 3748.076 3750.082 3752.088 3754.093 3755.61 3756.697 3757.785 3758.872 3759.959 3760.215 3760.438 3760.662 3760.885 3761.296 3761.995 3762.693 3763.392 3764.09 3765.519 3767.104 3768.688 3770.273 3771.878 3773.544 3775.211 3776.877 3778.543 3780.339 3782.194 3784.049 3785.903 3787.826 3790.257 3792.689 3795.121 3797.552 3800.989 3805.256 3809.523 3813.79 3818.057 3822.391 3826.726 3831.061 3835.396 3839.681 3843.895 3848.108 3852.322 3856.535 3859.386
3724.766 3726.725 3728.609 3730.254 3731.899 3733.544 3735.189 3736.934 3738.727 3740.521 3742.314 3744.129 3746.13 3748.132 3750.134 3752.135 3753.647 3754.731 3755.815 3756.898 3757.982 3758.222 3758.43 3758.638 3758.847 3759.297 3760.118 3760.94 3761.762 3762.584 3764.094 3765.751 3767.407 3769.064 3770.731 3772.429 3774.128 3775.826 3777.524 3779.338 3781.203 3783.069 3784.934 3786.859 3789.236 3791.614 3793.99 3796.367 3799.641 3803.657 3807.672 3811.688 3815.703 3819.86 3824.021 3828.181 3832.341 3836.484 3840.602 3844.719 3848.837 3852.954 3855.724
3722.687 3724.631 3726.536 3728.32 3730.105 3731.889 3733.674 3735.407 3737.114 3738.822 3740.53 3742.26 3744.198 3746.135 3748.072 3750.01 3751.503 3752.608 3753.713 3754.819 3755.924 3756.185 3756.415 3756.645 3756.874 3757.394 3758.361 3759.327 3760.294 3761.26 3762.831 3764.531 3766.23 3767.93 3769.637 3771.367 3773.098 3774.829 3776.559 3778.375 3780.23 3782.084 3783.939 3785.845 3788.136 3790.427 3792.719 3795.01 3798.081 3801.796 3805.511 3809.227 3812.942 3816.872 3820.807 3824.742 3828.678 3832.646 3836.662 3840.677 3844.693 3848.709 3851.471
3720.609 3722.536 3724.463 3726.387 3728.311 3730.234 3732.158 3733.879 3735.501 3737.123 3738.745 3740.392 3742.265 3744.138 3746.011 3747.884 3749.359 3750.486 3751.612 3752.739 3753.865 3754.148 3754.399 3754.651 3754.902 3755.492 3756.603 3757.714 3758.825 3759.937 3761.568 3763.311 3765.053 3766.795 3768.543 3770.306 3772.068 3773.831 3775.594 3777.412 3779.256 3781.1 3782.945 3784.831 3787.036 3789.242 3791.447 3793.653 3796.52 3799.935 3803.35 3806.765 3810.18 3813.884 3817.594 3821.304 3825.014 3828.808 3832.721 3836.635 3840.549 3844.463 3847.218
3718.531 3720.442 3722.39 3724.453 3726.516 3728.58 3730.643 3732.352 3733.888 3735.424 3736.96 3738.524 3740.333 3742.141 3743.95 3745.759 3747.215 3748.363 3749.511 3750.659 3751.807 3752.111 3752.384 3752.656 3752.929 3753.589 3754.845 3756.101 3757.357 3758.613 3760.305 3762.091 3763.876 3765.661 3767.449 3769.244 3771.039 3772.833 3774.628 3776.45 3778.283 3780.116 3781.95 3783.816 3785.936 3788.056 3790.176 3792.295 3794.96 3798.074 3801.189 3804.304 3807.419 3810.896 3814.381 3817.866 3821.351 3824.969 3828.781 3832.594 3836.406 3840.218 3842.965
3716.496 3718.386 3720.347 3722.533 3724.718 3726.903 3729.088 3730.792 3732.26 3733.727 3735.195 3736.691 3738.434 3740.177 3741.92 3743.663 3745.097 3746.26 3747.423 3748.586 3749.749 3750.094 3750.407 3750.72 3751.034 3751.772 3753.163 3754.553 3755.943 3757.333 3759.081 3760.905 3762.729 3764.553 3766.376 3768.2 3770.024 3771.848 3773.672 3775.493 3777.313 3779.134 3780.954 3782.8 3784.832 3786.865 3788.898 3790.931 3793.397 3796.222 3799.047 3801.872 3804.697 3807.944 3811.201 3814.458 3817.714 3821.151 3824.849 3828.548 3832.246 3835.944 3838.677
3714.846 3716.671 3718.576 3720.729 3722.882 3725.035 3727.188 3728.939 3730.492 3732.046 3733.599 3735.165 3736.833 3738.501 3740.169 3741.837 3743.213 3744.333 3745.453 3746.573 3747.693 3748.242 3748.771 3749.299 3749.826 3750.711 3752.145 3753.578 3755.011 3756.444 3758.199 3760.023 3761.847 3763.671 3765.495 3767.318 3769.142 3770.966 3772.79 3774.589 3776.377 3778.166 3779.954 3781.76 3783.696 3785.632 3787.569 3789.505 3791.819 3794.446 3797.073 3799.699 3802.326 3805.317 3808.316 3811.315 3814.314 3817.51 3820.988 3824.466 3827.945 3831.423 3834.085
3713.195 3714.957 3716.805 3718.926 3721.047 3723.167 3725.288 3727.086 3728.725 3730.364 3732.004 3733.638 3735.231 3736.824 3738.417 3740.01 3741.329 3742.406 3743.483 3744.56 3745.637 3746.392 3747.134 3747.876 3748.619 3749.65 3751.126 3752.603 3754.079 3755.555 3757.318 3759.142 3760.965 3762.789 3764.613 3766.437 3768.26 3770.084 3771.908 3773.685 3775.441 3777.198 3778.954 3780.719 3782.559 3784.399 3786.239 3788.079 3790.241 3792.669 3795.097 3797.526 3799.954 3802.689 3805.431 3808.173 3810.915 3813.868 3817.127 3820.385 3823.644 3826.903 3829.493
3711.545 3713.242 3715.033 3717.122 3719.211 3721.3 3723.388 3725.233 3726.958 3728.683 3730.408 3732.112 3733.63 3735.148 3736.666 3738.184 3739.444 3740.478 3741.512 3742.547 3743.581 3744.541 3745.498 3746.454 3747.411 3748.59 3750.109 3751.628 3753.147 3754.666 3756.436 3758.26 3760.083 3761.907 3763.731 3765.555 3767.379 3769.202 3771.026 3772.781 3774.505 3776.229 3777.953 3779.679 3781.423 3783.166 3784.91 3786.653 3788.663 3790.893 3793.123 3795.353 3797.583 3800.062 3802.546 3805.031 3807.515 3810.227 3813.265 3816.304 3819.343 3822.382 3824.901
3709.894 3711.527 3713.262 3715.319 3717.375 3719.432 3721.489 3723.38 3725.191 3727.001 3728.812 3730.586 3732.029 3733.471 3734.915 3736.357 3737.56 3738.551 3739.542 3740.534 3741.525 3742.69 3743.861 3745.032 3746.204 3747.529 3749.091 3750.653 3752.214 3753.776 3755.554 3757.378 3759.202 3761.026 3762.849 3764.673 3766.497 3768.321 3770.145 3771.878 3773.569 3775.261 3776.953 3778.639 3780.286 3781.933 3783.58 3785.227 3787.084 3789.116 3791.147 3793.179 3795.211 3797.434 3799.661 3801.889 3804.116 3806.585 3809.404 3812.223 3815.042 3817.861 3820.31
3708.527 3710.147 3711.862 3713.878 3715.893 3717.908 3719.924 3721.802 3723.614 3725.426 3727.238 3729.006 3730.392 3731.778 3733.164 3734.55 3735.719 3736.698 3737.677 3738.655 3739.634 3740.923 3742.224 3743.525 3744.826 3746.251 3747.868 3749.485 3751.102 3752.719 3754.529 3756.38 3758.231 3760.082 3761.914 3763.693 3765.471 3767.25 3769.028 3770.718 3772.369 3774.019 3775.67 3777.315 3778.92 3780.525 3782.13 3783.735 3785.498 3787.392 3789.285 3791.179 3793.073 3795.13 3797.191 3799.252 3801.313 3803.577 3806.134 3808.691 3811.248 3813.804 3816.091
3707.378 3709.024 3710.749 3712.716 3714.683 3716.65 3718.617 3720.437 3722.184 3723.931 3725.679 3727.385 3728.728 3730.071 3731.414 3732.758 3733.912 3734.902 3735.891 3736.881 3737.87 3739.222 3740.587 3741.952 3743.317 3744.807 3746.488 3748.169 3749.851 3751.532 3753.393 3755.292 3757.191 3759.091 3760.939 3762.636 3764.334 3766.032 3767.73 3769.363 3770.965 3772.567 3774.169 3775.772 3777.377 3778.982 3780.587 3782.192 3783.905 3785.708 3787.51 3789.313 3791.116 3793.077 3795.041 3797.006 3798.97 3801.056 3803.318 3805.58 3807.842 3810.104 3812.158
3706.228 3707.902 3709.635 3711.553 3713.472 3715.391 3717.31 3719.071 3720.754 3722.437 3724.12 3725.764 3727.064 3728.365 3729.665 3730.965 3732.105 3733.106 3734.106 3735.106 3736.106 3737.52 3738.95 3740.379 3741.809 3743.363 3745.108 3746.854 3748.599 3750.345 3752.257 3754.205 3756.152 3758.1 3759.963 3761.58 3763.198 3764.815 3766.433 3768.007 3769.561 3771.115 3772.669 3774.229 3775.834 3777.439 3779.044 3780.649 3782.312 3784.023 3785.735 3787.447 3789.158 3791.023 3792.891 3794.759 3796.627 3798.535 3800.502 3802.47 3804.437 3806.404 3808.227
