data/zism_data/00109_02_D.txt
ncols         224
nrows         224
[rows 29 to 57 of 224, columns 0 to 64 of 224]
1137.094 1136.113 1135.132 1134.076 1132.931 1131.787 1130.642 1129.498 1128.352 1127.207 1126.061 1124.916 1123.842 1122.879 1121.916 1120.953 1119.99 1118.58 1117.096 1115.611 1114.127 1112.607 1111.01 1109.413 1107.816 1106.22 1105.008 1103.904 1102.8 1101.695 1100.816 1100.626 1100.436 1100.245 1100.055 1100.621 1101.495 1102.37 1103.244 1104.529 1107.762 1110.995 1114.229 1117.462 1120.663 1123.847 1127.03 1130.213 1133.063 1132.965 1132.866 1132.767 1132.669 1131.738 1130.168 1128.598 1127.028 1125.469 1124.284 1123.098 1121.913 1120.728 1119.317 1117.673 1116.03
1133.745 1133.006 1132.268 1131.433 1130.488 1129.543 1128.597 1127.652 1126.586 1125.51 1124.435 1123.359 1122.345 1121.425 1120.505 1119.585 1118.665 1117.303 1115.867 1114.431 1112.995 1111.527 1109.989 1108.452 1106.914 1105.376 1104.266 1103.275 1102.284 1101.293 1100.516 1100.396 1100.275 1100.155 1100.035 1100.77 1101.854 1102.939 1104.023 1105.546 1109.151 1112.755 1116.36 1119.965 1123.455 1126.88 1130.306 1133.731 1136.803 1136.742 1136.681 1136.62 1136.559 1135.615 1133.991 1132.367 1130.743 1129.13 1127.896 1126.663 1125.429 1124.195 1122.632 1120.731 1118.829
1130.087 1129.502 1128.918 1128.288 1127.604 1126.92 1126.236 1125.552 1124.54 1123.501 1122.463 1121.424 1120.46 1119.613 1118.765 1117.917 1117.07 1115.763 1114.379 1112.995 1111.611 1110.211 1108.777 1107.343 1105.908 1104.474 1103.509 1102.675 1101.841 1101.007 1100.365 1100.315 1100.265 1100.215 1100.164 1101.29 1102.896 1104.502 1106.108 1108.117 1112.042 1115.967 1119.891 1123.816 1127.474 1130.98 1134.487 1137.993 1141.125 1140.94 1140.756 1140.571 1140.386 1139.356 1137.674 1135.993 1134.311 1132.637 1131.212 1129.787 1128.362 1126.937 1125.133 1122.94 1120.747
1126.284 1125.813 1125.342 1124.907 1124.513 1124.12 1123.727 1123.334 1122.362 1121.345 1120.328 1119.311 1118.394 1117.633 1116.871 1116.109 1115.348 1114.1 1112.77 1111.44 1110.11 1108.786 1107.475 1106.165 1104.854 1103.544 1102.745 1102.088 1101.432 1100.775 1100.285 1100.305 1100.324 1100.344 1100.364 1101.984 1104.257 1106.531 1108.804 1111.416 1115.637 1119.857 1124.078 1128.299 1132.068 1135.579 1139.091 1142.603 1145.719 1145.336 1144.952 1144.568 1144.184 1143.033 1141.293 1139.552 1137.812 1136.073 1134.389 1132.705 1131.022 1129.338 1127.253 1124.753 1122.253
1122.482 1122.124 1121.765 1121.526 1121.423 1121.321 1121.218 1121.116 1120.185 1119.189 1118.194 1117.198 1116.328 1115.653 1114.977 1114.302 1113.626 1112.437 1111.161 1109.885 1108.608 1107.36 1106.174 1104.987 1103.8 1102.614 1101.981 1101.502 1101.023 1100.544 1100.205 1100.294 1100.384 1100.474 1100.563 1102.677 1105.618 1108.559 1111.5 1114.715 1119.231 1123.748 1128.265 1132.782 1136.661 1140.178 1143.695 1147.213 1150.314 1149.731 1149.148 1148.565 1147.982 1146.711 1144.911 1143.111 1141.312 1139.508 1137.566 1135.624 1133.682 1131.74 1129.372 1126.565 1123.759
1118.679 1118.434 1118.189 1118.145 1118.333 1118.521 1118.709 1118.897 1118.007 1117.033 1116.059 1115.085 1114.262 1113.673 1113.083 1112.494 1111.905 1110.774 1109.552 1108.329 1107.107 1105.935 1104.872 1103.809 1102.746 1101.683 1101.216 1100.915 1100.614 1100.312 1100.124 1100.284 1100.443 1100.603 1100.763 1103.371 1106.979 1110.588 1114.196 1118.013 1122.826 1127.639 1132.452 1137.265 1141.255 1144.777 1148.3 1151.822 1154.908 1154.126 1153.344 1152.562 1151.78 1150.389 1148.53 1146.671 1144.812 1142.943 1140.742 1138.542 1136.342 1134.142 1131.491 1128.378 1125.265
1115.075 1114.909 1114.742 1114.856 1115.293 1115.73 1116.168 1116.605 1115.767 1114.829 1113.892 1112.954 1112.187 1111.686 1111.185 1110.684 1110.183 1109.124 1107.97 1106.816 1105.662 1104.579 1103.646 1102.714 1101.782 1100.85 1100.536 1100.393 1100.25 1100.108 1100.066 1100.335 1100.604 1100.873 1101.142 1104.3 1108.637 1112.975 1117.312 1121.776 1126.841 1131.907 1136.972 1142.037 1146.084 1149.551 1153.019 1156.486 1159.502 1158.515 1157.528 1156.541 1155.554 1154.029 1152.09 1150.151 1148.211 1146.256 1143.784 1141.313 1138.84 1136.369 1133.427 1130.001 1126.575
1112.796 1112.479 1112.162 1112.182 1112.592 1113.003 1113.413 1113.824 1113.109 1112.305 1111.502 1110.699 1110.054 1109.655 1109.257 1108.858 1108.459 1107.557 1106.57 1105.583 1104.596 1103.683 1102.929 1102.174 1101.42 1100.665 1100.415 1100.304 1100.194 1100.083 1100.158 1100.798 1101.438 1102.078 1102.719 1106.795 1112.273 1117.752 1123.23 1128.63 1133.658 1138.685 1143.713 1148.741 1152.482 1155.492 1158.502 1161.512 1164.092 1162.863 1161.634 1160.405 1159.176 1157.42 1155.26 1153.1 1150.94 1148.761 1145.928 1143.096 1140.263 1137.43 1134.133 1130.358 1126.582
1110.517 1110.049 1109.581 1109.508 1109.892 1110.275 1110.659 1111.042 1110.45 1109.781 1109.113 1108.444 1107.921 1107.625 1107.328 1107.032 1106.735 1105.991 1105.171 1104.35 1103.53 1102.787 1102.211 1101.634 1101.057 1100.48 1100.293 1100.215 1100.137 1100.059 1100.249 1101.261 1102.273 1103.284 1104.296 1109.29 1115.909 1122.529 1129.148 1135.484 1140.474 1145.464 1150.454 1155.444 1158.88 1161.432 1163.985 1166.537 1168.682 1167.21 1165.739 1164.268 1162.797 1160.811 1158.431 1156.05 1153.669 1151.265 1148.072 1144.879 1141.685 1138.492 1134.84 1130.714 1126.589
1108.238 1107.619 1107.001 1106.834 1107.191 1107.548 1107.904 1108.261 1107.792 1107.257 1106.723 1106.189 1105.788 1105.594 1105.4 1105.206 1105.011 1104.424 1103.771 1103.118 1102.464 1101.892 1101.493 1101.093 1100.694 1100.295 1100.172 1100.126 1100.08 1100.035 1100.341 1101.724 1103.107 1104.49 1105.873 1111.785 1119.545 1127.306 1135.067 1142.339 1147.291 1152.243 1157.196 1162.148 1165.278 1167.373 1169.468 1171.563 1173.272 1171.558 1169.845 1168.131 1166.418 1164.202 1161.601 1159.0 1156.398 1153.769 1150.215 1146.662 1143.108 1139.554 1135.546 1131.071 1126.595
1105.959 1105.19 1104.42 1104.16 1104.49 1104.82 1105.15 1105.479 1105.133 1104.733 1104.334 1103.934 1103.655 1103.563 1103.471 1103.379 1103.287 1102.858 1102.371 1101.885 1101.398 1100.996 1100.775 1100.553 1100.331 1100.11 1100.051 1100.037 1100.024 1100.01 1100.432 1102.187 1103.941 1105.696 1107.45 1114.28 1123.182 1132.083 1140.985 1149.193 1154.108 1159.022 1163.937 1168.851 1171.676 1173.314 1174.951 1176.589 1177.862 1175.906 1173.95 1171.995 1170.039 1167.594 1164.771 1161.949 1159.127 1156.274 1152.359 1148.445 1144.53 1140.616 1136.253 1131.428 1126.602
1104.797 1103.933 1103.069 1102.726 1102.985 1103.245 1103.504 1103.763 1103.504 1103.205 1102.906 1102.606 1102.407 1102.365 1102.322 1102.279 1102.236 1101.919 1101.556 1101.193 1100.829 1100.55 1100.45 1100.349 1100.249 1100.149 1100.157 1100.194 1100.232 1100.269 1100.782 1102.748 1104.715 1106.682 1108.649 1116.186 1125.998 1135.81 1145.622 1154.59 1159.555 1164.519 1169.483 1174.448 1177.054 1178.322 1179.589 1180.857 1181.793 1179.798 1177.803 1175.808 1173.813 1171.266 1168.295 1165.324 1162.353 1159.346 1155.124 1150.902 1146.68 1142.458 1137.88 1132.936 1127.992
1104.445 1103.528 1102.61 1102.19 1102.347 1102.504 1102.661 1102.818 1102.622 1102.398 1102.174 1101.95 1101.801 1101.769 1101.737 1101.705 1101.673 1101.436 1101.164 1100.892 1100.62 1100.429 1100.41 1100.39 1100.371 1100.351 1100.427 1100.529 1100.631 1100.733 1101.318 1103.382 1105.446 1107.509 1109.573 1117.666 1128.221 1138.775 1149.33 1158.932 1164.009 1169.087 1174.164 1179.241 1181.693 1182.654 1183.615 1184.575 1185.247 1183.359 1181.472 1179.584 1177.697 1175.142 1172.075 1169.007 1165.939 1162.83 1158.339 1153.848 1149.356 1144.865 1140.175 1135.279 1130.383
1104.094 1103.122 1102.15 1101.655 1101.709 1101.764 1101.818 1101.873 1101.739 1101.591 1101.442 1101.294 1101.195 1101.174 1101.152 1101.131 1101.11 1100.953 1100.772 1100.592 1100.412 1100.308 1100.37 1100.431 1100.492 1100.554 1100.697 1100.864 1101.031 1101.197 1101.855 1104.016 1106.176 1108.336 1110.497 1119.146 1130.443 1141.741 1153.038 1163.273 1168.464 1173.654 1178.845 1184.035 1186.332 1186.986 1187.64 1188.294 1188.7 1186.921 1185.141 1183.361 1181.581 1179.019 1175.854 1172.689 1169.524 1166.313 1161.553 1156.793 1152.033 1147.273 1142.469 1137.622 1132.775
1103.742 1102.716 1101.691 1101.119 1101.071 1101.023 1100.976 1100.928 1100.857 1100.784 1100.71 1100.637 1100.589 1100.578 1100.568 1100.557 1100.547 1100.469 1100.38 1100.292 1100.203 1100.188 1100.33 1100.472 1100.614 1100.756 1100.968 1101.199 1101.43 1101.661 1102.392 1104.649 1106.906 1109.164 1111.421 1120.626 1132.666 1144.706 1156.746 1167.615 1172.918 1178.222 1183.525 1188.828 1190.971 1191.318 1191.665 1192.012 1192.154 1190.482 1188.81 1187.138 1185.466 1182.895 1179.633 1176.372 1173.11 1169.797 1164.768 1159.739 1154.709 1149.68 1144.764 1139.965 1135.166
1103.38 1102.308 1101.237 1100.595 1100.449 1100.303 1100.157 1100.011 1100.0 1100.0 1100.0 1100.0 1100.0 1100.0 1100.0 1100.0 1100.0 1100.001 1100.003 1100.004 1100.005 1100.082 1100.321 1100.559 1100.797 1101.035 1101.332 1101.644 1101.956 1102.268 1103.08 1105.419 1107.758 1110.098 1112.437 1122.158 1134.893 1147.628 1160.363 1171.824 1177.235 1182.646 1188.058 1193.469 1195.464 1195.52 1195.576 1195.632 1195.523 1193.96 1192.398 1190.835 1189.272 1186.697 1183.342 1179.988 1176.633 1173.223 1167.936 1162.65 1157.363 1152.077 1147.056 1142.308 1137.56
1102.673 1101.823 1100.972 1100.463 1100.349 1100.236 1100.122 1100.008 1100.0 1100.0 1100.0 1100.0 1100.0 1100.0 1100.0 1100.0 1100.0 1100.043 1100.092 1100.142 1100.192 1100.498 1101.35 1102.201 1103.053 1103.905 1104.828 1105.769 1106.711 1107.653 1108.836 1110.755 1112.675 1114.594 1116.514 1125.464 1137.284 1149.104 1160.924 1171.616 1176.952 1182.287 1187.623 1192.959 1195.075 1195.362 1195.649 1195.936 1196.053 1194.657 1193.261 1191.865 1190.469 1187.991 1184.679 1181.368 1178.056 1174.692 1169.551 1164.41 1159.268 1154.127 1149.249 1144.641 1140.033
1101.967 1101.337 1100.707 1100.332 1100.25 1100.169 1100.087 1100.006 1100.0 1100.0 1100.0 1100.0 1100.0 1100.0 1100.0 1100.0 1100.0 1100.084 1100.182 1100.281 1100.379 1100.913 1102.379 1103.844 1105.309 1106.775 1108.324 1109.895 1111.467 1113.039 1114.593 1116.092 1117.592 1119.091 1120.591 1128.77 1139.675 1150.579 1161.484 1171.407 1176.668 1181.928 1187.188 1192.449 1194.685 1195.204 1195.723 1196.241 1196.582 1195.353 1194.124 1192.895 1191.666 1189.284 1186.016 1182.748 1179.479 1176.161 1171.165 1166.169 1161.173 1156.178 1151.442 1146.974 1142.506
1101.261 1100.852 1100.442 1100.2 1100.151 1100.102 1100.053 1100.004 1100.0 1100.0 1100.0 1100.0 1100.0 1100.0 1100.0 1100.0 1100.0 1100.125 1100.272 1100.419 1100.566 1101.328 1103.407 1105.487 1107.566 1109.645 1111.82 1114.021 1116.222 1118.424 1120.349 1121.429 1122.508 1123.588 1124.668 1132.075 1142.065 1152.055 1162.045 1171.199 1176.384 1181.569 1186.754 1191.939 1194.296 1195.046 1195.796 1196.546 1197.112 1196.05 1194.988 1193.925 1192.863 1190.578 1187.353 1184.128 1180.902 1177.63 1172.78 1167.929 1163.078 1158.228 1153.635 1149.307 1144.979
1100.555 1100.366 1100.178 1100.069 1100.052 1100.035 1100.018 1100.001 1100.0 1100.0 1100.0 1100.0 1100.0 1100.0 1100.0 1100.0 1100.0 1100.167 1100.362 1100.557 1100.752 1101.744 1104.437 1107.129 1109.822 1112.515 1115.316 1118.147 1120.978 1123.809 1126.105 1126.765 1127.425 1128.085 1128.745 1135.381 1144.456 1153.531 1162.605 1170.991 1176.1 1181.21 1186.319 1191.429 1193.906 1194.888 1195.869 1196.851 1197.642 1196.746 1195.851 1194.956 1194.06 1191.872 1188.69 1185.508 1182.326 1179.099 1174.394 1169.689 1164.984 1160.279 1155.828 1151.64 1147.452
1100.187 1100.132 1100.076 1100.056 1100.077 1100.097 1100.118 1100.139 1100.15 1100.16 1100.17 1100.181 1100.179 1100.158 1100.138 1100.117 1100.096 1100.35 1100.65 1100.951 1101.251 1102.538 1105.935 1109.331 1112.727 1116.124 1119.667 1123.252 1126.836 1130.421 1133.29 1133.973 1134.656 1135.339 1136.022 1141.835 1149.743 1157.65 1165.558 1172.896 1177.532 1182.167 1186.802 1191.437 1193.646 1194.475 1195.304 1196.134 1196.785 1195.853 1194.921 1193.989 1193.057 1190.921 1187.859 1184.797 1181.735 1178.632 1174.144 1169.656 1165.169 1160.681 1156.447 1152.473 1148.5
1100.189 1100.172 1100.154 1100.174 1100.238 1100.301 1100.365 1100.428 1100.463 1100.495 1100.526 1100.558 1100.553 1100.489 1100.425 1100.362 1100.298 1100.688 1101.155 1101.622 1102.089 1103.746 1107.945 1112.143 1116.341 1120.54 1124.953 1129.425 1133.898 1138.37 1142.034 1143.223 1144.411 1145.6 1146.789 1151.725 1158.19 1164.655 1171.12 1177.109 1180.834 1184.56 1188.286 1192.011 1193.526 1193.785 1194.044 1194.302 1194.414 1193.224 1192.034 1190.844 1189.654 1187.521 1184.664 1181.806 1178.949 1176.052 1171.861 1167.669 1163.477 1159.286 1155.347 1151.67 1147.993
1100.192 1100.212 1100.231 1100.292 1100.398 1100.505 1100.612 1100.718 1100.776 1100.829 1100.882 1100.936 1100.926 1100.82 1100.713 1100.606 1100.5 1101.026 1101.66 1102.294 1102.928 1104.954 1109.954 1114.955 1119.955 1124.955 1130.238 1135.598 1140.959 1146.319 1150.777 1152.472 1154.167 1155.861 1157.556 1161.614 1166.637 1171.659 1176.682 1181.321 1184.137 1186.953 1189.769 1192.585 1193.406 1193.095 1192.783 1192.471 1192.044 1190.596 1189.147 1187.699 1186.25 1184.121 1181.468 1178.815 1176.162 1173.473 1169.577 1165.682 1161.786 1157.89 1154.248 1150.867 1147.485
1100.194 1100.251 1100.309 1100.409 1100.559 1100.709 1100.858 1101.008 1101.089 1101.163 1101.238 1101.313 1101.3 1101.15 1101.001 1100.851 1100.701 1101.364 1102.165 1102.966 1103.766 1106.162 1111.964 1117.767 1123.569 1129.371 1135.523 1141.772 1148.02 1154.269 1159.52 1161.721 1163.922 1166.122 1168.323 1171.503 1175.083 1178.663 1182.244 1185.533 1187.439 1189.346 1191.252 1193.158 1193.287 1192.404 1191.522 1190.64 1189.674 1187.967 1186.26 1184.553 1182.847 1180.721 1178.272 1175.824 1173.375 1170.894 1167.294 1163.694 1160.095 1156.495 1153.149 1150.063 1146.978
1100.196 1100.291 1100.386 1100.527 1100.72 1100.912 1101.105 1101.298 1101.401 1101.498 1101.594 1101.691 1101.674 1101.481 1101.288 1101.095 1100.903 1101.702 1102.67 1103.637 1104.605 1107.37 1113.974 1120.579 1127.183 1133.787 1140.808 1147.945 1155.082 1162.218 1168.264 1170.97 1173.677 1176.384 1179.09 1181.393 1183.53 1185.668 1187.806 1189.745 1190.742 1191.739 1192.735 1193.732 1193.167 1191.714 1190.262 1188.809 1187.304 1185.339 1183.374 1181.408 1179.443 1177.32 1175.077 1172.833 1170.589 1168.314 1165.011 1161.707 1158.403 1155.1 1152.049 1149.26 1146.471
1101.025 1101.368 1101.71 1102.052 1102.393 1102.733 1103.074 1103.415 1103.405 1103.369 1103.332 1103.295 1103.168 1102.903 1102.637 1102.371 1102.105 1102.99 1104.069 1105.149 1106.229 1109.088 1115.75 1122.413 1129.075 1135.738 1142.896 1150.192 1157.488 1164.784 1171.031 1174.069 1177.107 1180.144 1183.182 1185.177 1186.746 1188.314 1189.883 1191.223 1191.475 1191.727 1191.979 1192.231 1191.181 1189.393 1187.604 1185.815 1183.999 1181.94 1179.882 1177.823 1175.764 1173.648 1171.489 1169.33 1167.171 1164.983 1161.81 1158.638 1155.465 1152.293 1149.359 1146.671 1143.983
1101.919 1102.525 1103.131 1103.687 1104.184 1104.681 1105.177 1105.674 1105.541 1105.359 1105.177 1104.995 1104.75 1104.409 1104.068 1103.727 1103.386 1104.351 1105.539 1106.726 1107.913 1110.846 1117.509 1124.171 1130.833 1137.496 1144.734 1152.132 1159.531 1166.929 1173.331 1176.687 1180.042 1183.397 1186.753 1188.484 1189.552 1190.62 1191.689 1192.488 1192.007 1191.527 1191.047 1190.567 1189.05 1186.944 1184.837 1182.731 1180.622 1178.482 1176.342 1174.203 1172.063 1169.955 1167.871 1165.787 1163.704 1161.592 1158.538 1155.484 1152.43 1149.376 1146.545 1143.943 1141.341
1102.813 1103.683 1104.553 1105.322 1105.975 1106.628 1107.281 1107.934 1107.677 1107.35 1107.022 1106.695 1106.333 1105.916 1105.499 1105.083 1104.666 1105.713 1107.008 1108.303 1109.598 1112.604 1119.267 1125.929 1132.591 1139.254 1146.572 1154.073 1161.573 1169.074 1175.631 1179.304 1182.977 1186.65 1190.323 1191.791 1192.359 1192.926 1193.494 1193.752 1192.54 1191.328 1190.115 1188.903 1186.918 1184.495 1182.071 1179.647 1177.244 1175.023 1172.803 1170.583 1168.362 1166.262 1164.253 1162.245 1160.237 1158.201 1155.266 1152.33 1149.395 1146.459 1143.731 1141.215 1138.699
1103.706 1104.84 1105.974 1106.957 1107.766 1108.575 1109.384 1110.193 1109.813 1109.34 1108.868 1108.395 1107.915 1107.423 1106.931 1106.439 1105.947 1107.075 1108.478 1109.88 1111.283 1114.362 1121.025 1127.687 1134.349 1141.012 1148.41 1156.013 1163.616 1171.219 1177.932 1181.922 1185.913 1189.903 1193.894 1195.098 1195.165 1195.232 1195.299 1195.016 1193.072 1191.128 1189.184 1187.239 1184.787 1182.045 1179.304 1176.563 1173.866 1171.565 1169.264 1166.963 1164.662 1162.568 1160.635 1158.702 1156.769 1154.811 1151.994 1149.177 1146.359 1143.542 1140.916 1138.487 1136.057
