data/zism_data/00101_02_D.txt
ncols         224
nrows         224
[rows 196 to 223 of 224, columns 0 to 62 of 224]
1293.118 1280.657 1268.195 1261.444 1261.293 1261.143 1260.992 1260.842 1270.349 1280.61 1290.872 1301.133 1309.264 1314.081 1318.898 1323.716 1328.533 1323.296 1316.356 1309.415 1302.474 1294.144 1282.848 1271.551 1260.254 1248.957 1240.536 1232.914 1225.292 1217.67 1212.452 1214.589 1216.726 1218.863 1221.0 1233.254 1249.639 1266.023 1282.407 1298.664 1314.315 1329.966 1345.617 1361.267 1374.813 1387.164 1399.515 1411.866 1424.177 1436.138 1448.098 1460.059 1472.02 1481.142 1488.081 1495.021 1501.959 1508.819 1513.01 1517.2 1521.391 1525.582 1531.107
1279.971 1267.9 1255.829 1250.208 1252.042 1253.876 1255.711 1257.545 1267.028 1277.108 1287.188 1297.268 1304.387 1306.901 1309.414 1311.928 1314.441 1308.508 1301.143 1293.779 1286.414 1278.164 1268.023 1257.882 1247.741 1237.599 1230.603 1224.48 1218.357 1212.234 1208.533 1212.238 1215.943 1219.649 1223.354 1236.316 1253.057 1269.797 1286.537 1303.013 1318.234 1333.455 1348.676 1363.896 1377.344 1389.785 1402.226 1414.667 1427.056 1438.993 1450.93 1462.868 1474.805 1483.776 1490.465 1497.154 1503.843 1510.47 1515.022 1519.575 1524.127 1528.68 1534.481
1268.37 1256.76 1245.15 1240.665 1244.419 1248.172 1251.926 1255.679 1264.734 1274.203 1283.672 1293.141 1298.898 1298.882 1298.865 1298.848 1298.831 1292.421 1284.928 1277.435 1269.942 1262.161 1253.768 1245.374 1236.98 1228.587 1223.12 1218.466 1213.812 1209.158 1206.833 1211.631 1216.43 1221.229 1226.028 1239.094 1255.534 1271.974 1288.414 1304.566 1319.347 1334.128 1348.91 1363.691 1377.0 1389.473 1401.946 1414.419 1426.817 1438.556 1450.295 1462.034 1473.772 1482.56 1489.078 1495.595 1502.112 1508.59 1513.732 1518.874 1524.017 1529.159 1535.47
1256.769 1245.62 1234.471 1231.124 1236.796 1242.469 1248.141 1253.814 1262.441 1271.298 1280.157 1289.014 1293.409 1290.863 1288.316 1285.769 1283.222 1276.335 1268.714 1261.091 1253.469 1246.159 1239.513 1232.867 1226.221 1219.575 1215.637 1212.452 1209.266 1206.081 1205.132 1211.025 1216.917 1222.809 1228.702 1241.871 1258.012 1274.151 1290.291 1306.118 1320.46 1334.802 1349.144 1363.485 1376.656 1389.161 1401.666 1414.171 1426.578 1438.119 1449.659 1461.2 1472.74 1481.345 1487.69 1494.036 1500.382 1506.71 1512.442 1518.174 1523.906 1529.638 1536.459
1245.168 1234.48 1223.792 1221.582 1229.173 1236.765 1244.356 1251.948 1260.147 1268.394 1276.641 1284.888 1287.921 1282.844 1277.767 1272.69 1267.613 1260.249 1252.499 1244.748 1236.997 1230.156 1225.258 1220.359 1215.461 1210.563 1208.154 1206.438 1204.721 1203.005 1203.432 1210.418 1217.404 1224.39 1231.376 1244.649 1260.489 1276.328 1292.168 1307.671 1321.573 1335.475 1349.378 1363.28 1376.311 1388.849 1401.386 1413.923 1426.339 1437.682 1449.023 1460.366 1471.708 1480.129 1486.303 1492.478 1498.652 1504.831 1511.152 1517.474 1523.795 1530.117 1537.449
1234.269 1224.189 1214.108 1212.916 1222.0 1231.085 1240.169 1249.254 1256.92 1264.475 1272.031 1279.586 1281.381 1274.217 1267.053 1259.889 1252.725 1245.114 1237.427 1229.74 1222.053 1215.789 1212.568 1209.347 1206.126 1202.905 1202.013 1201.767 1201.522 1201.277 1203.048 1210.984 1218.921 1226.857 1234.794 1247.972 1263.29 1278.607 1293.925 1308.899 1322.241 1335.582 1348.924 1362.265 1375.079 1387.594 1400.108 1412.623 1424.99 1436.055 1447.12 1458.185 1469.25 1477.49 1483.556 1489.624 1495.69 1501.781 1508.66 1515.538 1522.417 1529.296 1537.097
1228.01 1219.506 1211.002 1210.04 1217.801 1225.561 1233.322 1241.082 1247.519 1253.852 1260.185 1266.518 1267.899 1261.577 1255.254 1248.932 1242.609 1236.261 1229.909 1223.556 1217.204 1212.236 1210.227 1208.217 1206.207 1204.198 1204.735 1205.98 1207.225 1208.471 1211.366 1219.307 1227.249 1235.191 1243.133 1254.9 1268.229 1281.558 1294.887 1307.981 1319.961 1331.941 1343.921 1355.901 1367.976 1380.104 1392.233 1404.361 1416.301 1426.567 1436.833 1447.1 1457.365 1465.437 1471.82 1478.204 1484.587 1490.994 1498.216 1505.438 1512.66 1519.881 1527.878
1221.752 1214.823 1207.895 1207.165 1213.601 1220.038 1226.474 1232.911 1238.118 1243.229 1248.34 1253.45 1254.417 1248.936 1243.455 1237.974 1232.493 1227.408 1222.391 1217.373 1212.355 1208.683 1207.885 1207.087 1206.289 1205.491 1207.458 1210.193 1212.928 1215.664 1219.683 1227.63 1235.578 1243.525 1251.472 1261.829 1273.169 1284.509 1295.849 1307.063 1317.682 1328.3 1338.919 1349.537 1360.872 1372.615 1384.358 1396.1 1407.612 1417.079 1426.547 1436.014 1445.482 1453.385 1460.084 1466.784 1473.483 1480.208 1487.772 1495.337 1502.902 1510.467 1518.659
1215.493 1210.141 1204.789 1204.289 1209.402 1214.514 1219.627 1224.739 1228.717 1232.605 1236.494 1240.383 1240.934 1236.295 1231.656 1227.016 1222.377 1218.555 1214.873 1211.19 1207.507 1205.13 1205.543 1205.957 1206.37 1206.784 1210.181 1214.406 1218.631 1222.857 1228.001 1235.953 1243.906 1251.859 1259.812 1268.757 1278.109 1287.459 1296.811 1306.145 1315.403 1324.659 1333.917 1343.173 1353.769 1365.126 1376.482 1387.839 1398.923 1407.592 1416.26 1424.929 1433.598 1441.332 1448.348 1455.364 1462.379 1469.421 1477.329 1485.237 1493.145 1501.053 1509.439
1209.235 1205.458 1201.682 1201.414 1205.203 1208.991 1212.78 1216.568 1219.316 1221.982 1224.648 1227.315 1227.452 1223.654 1219.856 1216.059 1212.261 1209.703 1207.354 1205.006 1202.658 1201.577 1203.202 1204.827 1206.452 1208.077 1212.903 1218.619 1224.334 1230.05 1236.318 1244.276 1252.234 1260.193 1268.151 1275.686 1283.048 1290.41 1297.773 1305.228 1313.123 1321.018 1328.914 1336.809 1346.666 1357.636 1368.607 1379.578 1390.234 1398.104 1405.974 1413.844 1421.714 1429.28 1436.612 1443.944 1451.276 1458.635 1466.885 1475.136 1483.388 1491.639 1500.22
1204.848 1202.217 1199.586 1199.51 1202.391 1205.271 1208.151 1211.031 1213.016 1214.93 1216.844 1218.758 1218.759 1215.785 1212.811 1209.837 1206.862 1205.14 1203.629 1202.119 1200.608 1200.384 1202.907 1205.43 1207.953 1210.477 1216.712 1223.978 1231.244 1238.51 1245.979 1254.069 1262.159 1270.249 1278.339 1285.238 1291.651 1298.064 1304.477 1310.956 1317.753 1324.548 1331.345 1338.141 1346.98 1356.98 1366.98 1376.981 1386.675 1393.655 1400.636 1407.617 1414.598 1421.796 1429.161 1436.526 1443.891 1451.293 1459.911 1468.529 1477.147 1485.765 1494.427
1201.92 1200.098 1198.276 1198.364 1200.66 1202.956 1205.252 1207.548 1209.132 1210.66 1212.188 1213.716 1213.799 1211.635 1209.47 1207.305 1205.14 1203.92 1202.86 1201.799 1200.739 1201.03 1204.207 1207.385 1210.562 1213.739 1221.366 1230.23 1239.093 1247.957 1256.687 1265.007 1273.328 1281.648 1289.969 1296.835 1303.109 1309.382 1315.656 1321.865 1327.766 1333.666 1339.567 1345.468 1353.074 1361.648 1370.222 1378.797 1387.112 1393.134 1399.155 1405.176 1411.197 1417.872 1425.049 1432.227 1439.404 1446.635 1455.639 1464.643 1473.647 1482.651 1491.303
1198.992 1197.979 1196.967 1197.218 1198.929 1200.641 1202.353 1204.064 1205.248 1206.39 1207.532 1208.675 1208.839 1207.484 1206.129 1204.773 1203.418 1202.7 1202.09 1201.48 1200.87 1201.676 1205.508 1209.339 1213.17 1217.001 1226.021 1236.482 1246.943 1257.404 1267.394 1275.945 1284.496 1293.047 1301.598 1308.433 1314.567 1320.701 1326.835 1332.773 1337.779 1342.784 1347.79 1352.796 1359.167 1366.316 1373.465 1380.613 1387.55 1392.612 1397.673 1402.735 1407.797 1413.948 1420.938 1427.928 1434.918 1441.977 1451.367 1460.757 1470.148 1479.538 1488.179
1196.063 1195.86 1195.657 1196.071 1197.199 1198.326 1199.453 1200.581 1201.364 1202.12 1202.876 1203.633 1203.879 1203.333 1202.787 1202.242 1201.696 1201.48 1201.32 1201.161 1201.001 1202.323 1206.808 1211.293 1215.778 1220.264 1230.676 1242.734 1254.793 1266.851 1278.102 1286.883 1295.665 1304.446 1313.228 1320.03 1326.025 1332.02 1338.015 1343.682 1347.792 1351.903 1356.013 1360.123 1365.262 1370.984 1376.707 1382.43 1387.988 1392.09 1396.192 1400.294 1404.396 1410.024 1416.826 1423.629 1430.431 1437.32 1447.096 1456.872 1466.648 1476.424 1485.054
1193.135 1193.741 1194.348 1194.925 1195.468 1196.011 1196.554 1197.097 1197.48 1197.85 1198.221 1198.591 1198.919 1199.183 1199.446 1199.71 1199.974 1200.26 1200.551 1200.842 1201.132 1202.969 1208.108 1213.247 1218.387 1223.526 1235.33 1248.986 1262.642 1276.298 1288.81 1297.821 1306.833 1315.845 1324.858 1331.628 1337.483 1343.339 1349.194 1354.59 1357.805 1361.021 1364.236 1367.451 1371.356 1375.652 1379.949 1384.246 1388.426 1391.568 1394.71 1397.853 1400.995 1406.1 1412.715 1419.33 1425.944 1432.662 1442.824 1452.986 1463.148 1473.31 1481.93
1193.052 1193.803 1194.554 1195.285 1195.994 1196.703 1197.413 1198.122 1199.24 1200.389 1201.539 1202.689 1203.677 1204.415 1205.153 1205.89 1206.628 1207.177 1207.695 1208.212 1208.73 1210.692 1215.74 1220.788 1225.837 1230.885 1241.954 1254.696 1267.437 1280.178 1292.117 1301.599 1311.081 1320.563 1330.045 1337.578 1344.316 1351.053 1357.791 1363.988 1367.617 1371.246 1374.875 1378.504 1382.182 1385.889 1389.595 1393.302 1396.957 1400.162 1403.366 1406.571 1409.776 1414.88 1421.445 1428.011 1434.576 1441.22 1450.485 1459.751 1469.016 1478.282 1485.945
1192.991 1193.881 1194.771 1195.656 1196.537 1197.418 1198.299 1199.179 1201.04 1202.978 1204.916 1206.854 1208.506 1209.716 1210.925 1212.135 1213.344 1214.154 1214.897 1215.639 1216.382 1218.467 1223.418 1228.37 1233.322 1238.274 1248.592 1260.401 1272.209 1284.018 1295.37 1305.323 1315.277 1325.231 1335.184 1343.486 1351.114 1358.742 1366.369 1373.375 1377.428 1381.48 1385.533 1389.585 1393.044 1396.166 1399.288 1402.41 1405.548 1408.822 1412.096 1415.371 1418.645 1423.752 1430.269 1436.787 1443.304 1449.875 1458.234 1466.594 1474.953 1483.313 1490.012
1192.929 1193.958 1194.988 1196.028 1197.08 1198.132 1199.184 1200.237 1202.841 1205.567 1208.293 1211.018 1213.335 1215.016 1216.698 1218.379 1220.06 1221.131 1222.099 1223.066 1224.034 1226.241 1231.097 1235.952 1240.807 1245.662 1255.23 1266.106 1276.982 1287.858 1298.623 1309.048 1319.474 1329.899 1340.324 1349.395 1357.912 1366.43 1374.948 1382.762 1387.238 1391.714 1396.19 1400.666 1403.906 1406.444 1408.981 1411.519 1414.139 1417.483 1420.827 1424.171 1427.515 1432.625 1439.094 1445.563 1452.032 1458.529 1465.983 1473.437 1480.891 1488.344 1494.079
1192.867 1194.036 1195.205 1196.399 1197.623 1198.847 1200.07 1201.294 1204.642 1208.156 1211.67 1215.183 1218.164 1220.317 1222.47 1224.623 1226.776 1228.108 1229.301 1230.494 1231.686 1234.016 1238.775 1243.534 1248.292 1253.051 1261.867 1271.811 1281.754 1291.698 1301.876 1312.773 1323.67 1334.567 1345.464 1355.303 1364.711 1374.118 1383.526 1392.149 1397.049 1401.948 1406.847 1411.747 1414.768 1416.721 1418.675 1420.628 1422.73 1426.143 1429.557 1432.971 1436.384 1441.498 1447.918 1454.339 1460.76 1467.184 1473.732 1480.28 1486.828 1493.375 1498.146
1194.88 1196.649 1198.418 1200.215 1202.047 1203.877 1205.708 1207.539 1211.692 1216.025 1220.359 1224.692 1228.382 1231.07 1233.758 1236.446 1239.134 1240.667 1242.003 1243.339 1244.675 1246.933 1251.16 1255.386 1259.613 1263.839 1271.229 1279.498 1287.766 1296.035 1304.914 1315.661 1326.408 1337.155 1347.902 1358.289 1368.53 1378.77 1389.011 1398.431 1403.956 1409.481 1415.006 1420.531 1423.737 1425.626 1427.515 1429.404 1431.453 1434.925 1438.397 1441.869 1445.341 1450.265 1456.306 1462.348 1468.389 1474.417 1480.023 1485.628 1491.234 1496.839 1500.775
1199.718 1202.715 1205.711 1208.724 1211.756 1214.787 1217.819 1220.851 1225.891 1231.087 1236.284 1241.48 1245.939 1249.249 1252.558 1255.868 1259.178 1260.828 1262.197 1263.565 1264.933 1266.854 1269.955 1273.056 1276.156 1279.257 1284.301 1289.884 1295.467 1301.05 1307.659 1317.409 1327.159 1336.909 1346.659 1357.294 1368.291 1379.287 1390.283 1400.485 1406.91 1413.335 1419.761 1426.186 1430.129 1432.661 1435.193 1437.725 1440.357 1443.872 1447.387 1450.902 1454.417 1458.89 1464.1 1469.31 1474.521 1479.714 1484.328 1488.941 1493.555 1498.169 1501.443
1204.557 1208.78 1213.004 1217.232 1221.465 1225.697 1229.93 1234.162 1240.089 1246.149 1252.209 1258.268 1263.495 1267.427 1271.359 1275.291 1279.222 1280.99 1282.39 1283.791 1285.192 1286.775 1288.75 1290.725 1292.7 1294.675 1297.372 1300.27 1303.167 1306.064 1310.405 1319.157 1327.91 1336.663 1345.416 1356.299 1368.051 1379.803 1391.556 1402.538 1409.864 1417.19 1424.516 1431.842 1436.521 1439.697 1442.872 1446.047 1449.261 1452.819 1456.377 1459.935 1463.492 1467.515 1471.894 1476.273 1480.653 1485.01 1488.632 1492.255 1495.877 1499.499 1502.111
1209.395 1214.846 1220.298 1225.74 1231.174 1236.607 1242.04 1247.473 1254.288 1261.211 1268.134 1275.057 1281.052 1285.606 1290.159 1294.713 1299.266 1301.151 1302.584 1304.017 1305.45 1306.696 1307.546 1308.395 1309.244 1310.093 1310.444 1310.656 1310.867 1311.079 1313.15 1320.906 1328.661 1336.417 1344.173 1355.303 1367.812 1380.32 1392.828 1404.592 1412.818 1421.044 1429.271 1437.497 1442.913 1446.732 1450.55 1454.369 1458.166 1461.766 1465.367 1468.968 1472.568 1476.139 1479.688 1483.236 1486.785 1490.307 1492.937 1495.568 1498.198 1500.829 1502.78
1214.233 1220.912 1227.591 1234.249 1240.883 1247.517 1254.151 1260.785 1268.487 1276.273 1284.059 1291.845 1298.609 1303.784 1308.96 1314.135 1319.31 1321.313 1322.778 1324.243 1325.708 1326.617 1326.341 1326.064 1325.788 1325.511 1323.515 1321.042 1318.568 1316.094 1315.895 1322.654 1329.413 1336.171 1342.93 1354.308 1367.573 1380.836 1394.101 1406.645 1415.772 1424.899 1434.026 1443.153 1449.305 1453.767 1458.229 1462.691 1467.07 1470.713 1474.357 1478.0 1481.644 1484.764 1487.482 1490.199 1492.917 1495.603 1497.242 1498.881 1500.52 1502.159 1503.448
1218.435 1226.003 1233.571 1240.914 1247.998 1255.082 1262.166 1269.25 1276.804 1284.396 1291.987 1299.579 1306.644 1312.889 1319.135 1325.381 1331.626 1334.203 1336.158 1338.113 1340.068 1341.155 1340.389 1339.623 1338.857 1338.091 1335.331 1332.017 1328.702 1325.388 1324.229 1329.66 1335.093 1340.525 1345.957 1356.551 1369.253 1381.954 1394.655 1406.93 1417.177 1427.424 1437.672 1447.919 1454.645 1459.37 1464.095 1468.821 1473.384 1476.517 1479.649 1482.782 1485.914 1488.498 1490.659 1492.821 1494.982 1497.114 1498.265 1499.416 1500.567 1501.717 1502.711
1222.529 1230.927 1239.326 1247.264 1254.67 1262.075 1269.481 1276.886 1284.116 1291.332 1298.549 1305.765 1313.05 1320.443 1327.836 1335.229 1342.622 1345.851 1348.374 1350.897 1353.42 1354.773 1353.627 1352.48 1351.334 1350.187 1346.933 1343.093 1339.253 1335.414 1333.517 1337.566 1341.615 1345.664 1349.714 1359.347 1371.261 1383.174 1395.088 1406.912 1418.318 1429.723 1441.128 1452.533 1459.805 1464.729 1469.652 1474.576 1479.256 1481.783 1484.31 1486.837 1489.363 1491.396 1493.048 1494.7 1496.352 1497.978 1498.727 1499.475 1500.224 1500.973 1501.733
1226.622 1235.852 1245.081 1253.614 1261.341 1269.068 1276.796 1284.523 1291.428 1298.269 1305.11 1311.951 1319.457 1327.997 1336.537 1345.077 1353.617 1357.498 1360.589 1363.681 1366.772 1368.391 1366.864 1365.336 1363.809 1362.282 1358.534 1354.169 1349.804 1345.439 1342.806 1345.472 1348.138 1350.804 1353.47 1362.144 1373.269 1384.394 1395.52 1406.895 1419.458 1432.021 1444.584 1457.147 1464.965 1470.087 1475.209 1480.331 1485.128 1487.049 1488.97 1490.891 1492.812 1494.293 1495.436 1496.579 1497.722 1498.842 1499.188 1499.535 1499.882 1500.229 1500.756
1230.716 1240.776 1250.836 1259.964 1268.013 1276.061 1284.11 1292.159 1298.74 1305.205 1311.671 1318.137 1325.864 1335.551 1345.238 1354.925 1364.612 1369.145 1372.805 1376.464 1380.124 1382.008 1380.101 1378.193 1376.285 1374.377 1370.135 1365.245 1360.354 1355.464 1352.095 1353.378 1354.661 1355.944 1357.227 1364.94 1375.277 1385.614 1395.952 1406.878 1420.599 1434.319 1448.041 1461.761 1470.125 1475.446 1480.766 1486.086 1491.0 1492.315 1493.63 1494.946 1496.261 1497.191 1497.824 1498.458 1499.092 1499.706 1499.65 1499.595 1499.54 1499.484 1499.779
