data/zism_data/00105_01_D.txt
ncols         224
nrows         224
[rows 28 to 55 of 224, columns 126 to 188 of 224]
524.1971 528.3743 532.5514 536.7285 540.9055 544.7336 548.2932 551.8528 555.4124 558.9623 561.8508 564.7393 567.6277 570.5162 572.9731 574.9311 576.8891 578.847 580.805 579.6849 578.2715 576.8583 575.445 573.3323 569.9886 566.645 563.3013 559.9577 556.1497 552.2339 548.3181 544.4024 540.1886 535.1303 530.0721 525.0138 519.9555 514.1521 508.0445 501.9369 495.8294 489.7071 483.5066 477.3062 471.1058 464.9054 458.2108 451.1987 444.1866 437.1744 430.3353 426.3068 422.2783 418.2498 414.2213 412.1176 411.884 411.6503 411.4166 411.1829 410.1198 409.019 407.9181
526.122 530.4229 534.7238 539.0247 543.3255 547.2834 550.9776 554.6718 558.3659 562.0511 565.128 568.2049 571.2817 574.3586 576.989 579.103 581.217 583.3311 585.4451 584.7317 583.749 582.7662 581.7836 580.0234 576.8951 573.7667 570.6384 567.51 563.6508 559.622 555.5932 551.5645 547.2025 541.8967 536.5908 531.285 525.9791 519.8631 513.4164 506.9698 500.5232 494.0549 487.4723 480.8898 474.3072 467.7247 460.9068 453.9377 446.9687 439.9996 433.2241 429.5939 425.9637 422.3335 418.7032 416.6594 416.1566 415.6538 415.151 414.6482 413.2645 411.8407 410.4169
528.0469 532.4716 536.8963 541.321 545.7455 549.8334 553.6621 557.4908 561.3196 565.1401 568.4054 571.6707 574.9359 578.2011 581.0049 583.275 585.5451 587.8152 590.0853 589.7786 589.2265 588.6744 588.1223 586.7148 583.8018 580.8887 577.9756 575.0626 571.1522 567.0104 562.8686 558.7268 554.2167 548.6633 543.1098 537.5563 532.0029 525.5743 518.7886 512.0028 505.2171 498.4028 491.4381 484.4734 477.5088 470.5441 463.6029 456.6769 449.7509 442.8248 436.1131 432.8811 429.6492 426.4173 423.1854 421.2013 420.4294 419.6575 418.8855 418.1136 416.4093 414.6625 412.9157
529.9311 534.4717 539.0124 543.5531 548.0937 552.3052 556.2635 560.2217 564.1801 568.1309 571.5799 575.0289 578.4778 581.9268 584.8921 587.2983 589.7046 592.1108 594.517 594.5959 594.4532 594.3104 594.1677 593.105 590.4232 587.7413 585.0594 582.3776 578.4492 574.2315 570.0138 565.7961 561.1716 555.3942 549.6169 543.8395 538.0622 531.3273 524.2015 517.0757 509.95 502.7916 495.461 488.1304 480.7998 473.4692 466.4251 459.5652 452.7054 445.8455 439.2188 436.3789 433.539 430.6992 427.8593 425.9197 424.8546 423.7896 422.7245 421.6595 419.6078 417.5113 415.4147
531.1545 535.6844 540.2144 544.7443 549.2741 553.5083 557.515 561.5217 565.5284 569.5287 573.0853 576.6419 580.1985 583.7551 586.6908 588.9086 591.1265 593.3444 595.5622 595.6837 595.6055 595.5273 595.4492 594.6052 592.4131 590.2211 588.0291 585.837 582.429 578.7388 575.0485 571.3583 567.1657 561.5499 555.934 550.3181 544.7023 537.7618 530.2808 522.7997 515.3188 507.8455 500.4126 492.9797 485.5469 478.114 471.2986 464.8801 458.4616 452.0431 445.849 443.2998 440.7506 438.2014 435.6522 433.509 431.7604 430.0118 428.2632 426.5146 423.6815 420.7991 417.9167
532.3779 536.8971 541.4162 545.9354 550.4545 554.7114 558.7665 562.8217 566.8768 570.9263 574.5906 578.2549 581.9191 585.5833 588.4894 590.5189 592.5484 594.5778 596.6073 596.7714 596.7578 596.7443 596.7307 596.1053 594.4031 592.7008 590.9986 589.2963 586.4087 583.2459 580.0831 576.9203 573.1597 567.7053 562.2509 556.7964 551.342 544.1962 536.3599 528.5236 520.6874 512.8992 505.3641 497.8289 490.2939 482.7587 476.1719 470.1948 464.2177 458.2405 452.479 450.2204 447.9619 445.7033 443.4447 441.0981 438.6659 436.2338 433.8016 431.3694 427.755 424.0868 420.4186
533.6013 538.1097 542.6181 547.1265 551.6348 555.9144 560.018 564.1216 568.2252 572.324 576.0959 579.8679 583.6398 587.4116 590.2881 592.1292 593.9703 595.8113 597.6524 597.8591 597.9102 597.9612 598.0121 597.6054 596.393 595.1805 593.9681 592.7556 590.3884 587.753 585.1176 582.4823 579.1537 573.8607 568.5677 563.2748 557.9819 550.6305 542.439 534.2475 526.0561 517.9529 510.3155 502.6782 495.0408 487.4034 481.0453 475.5095 469.9737 464.4379 459.109 457.1411 455.1731 453.2052 451.2373 448.6871 445.5714 442.4557 439.34 436.2244 431.8286 427.3746 422.9206
534.8248 539.3224 543.82 548.3176 552.8152 557.1175 561.2695 565.4216 569.5737 573.7217 577.6013 581.4809 585.3604 589.2399 592.0867 593.7394 595.3922 597.0449 598.6976 598.9468 599.0625 599.1781 599.2937 599.1056 598.383 597.6603 596.9377 596.2151 594.3682 592.2603 590.1523 588.0445 585.1478 580.0164 574.8849 569.7534 564.6219 557.0651 548.5183 539.9715 531.4249 523.0068 515.2672 507.5275 499.7879 492.0483 485.9188 480.8243 475.7299 470.6355 465.7392 464.0619 462.3846 460.7074 459.0301 456.2765 452.4772 448.6779 444.8787 441.0794 435.9023 430.6624 425.4225
537.2834 541.6214 545.9594 550.2975 554.6354 558.7624 562.727 566.6916 570.6562 574.6183 578.4117 582.2051 585.9986 589.7919 592.5573 594.134 595.7106 597.2873 598.864 599.1707 599.3565 599.5424 599.7281 599.6992 599.2923 598.8853 598.4784 598.0715 596.6392 594.9689 593.2986 591.6283 589.1199 584.237 579.3541 574.4711 569.5881 561.8849 553.0307 544.1764 535.3223 526.6329 518.8135 510.9941 503.1747 495.3553 489.5179 484.9547 480.3915 475.8283 471.4509 470.0924 468.7339 467.3753 466.0168 463.1674 458.87 454.5725 450.275 445.9776 439.7746 433.4849 427.1952
540.8745 544.9164 548.9584 553.0004 557.0422 560.8123 564.3732 567.9341 571.4949 575.0554 578.5851 582.1147 585.6444 589.1741 591.8105 593.414 595.0176 596.6212 598.2247 598.6026 598.8638 599.125 599.3862 599.4618 599.211 598.9601 598.7094 598.4585 597.344 596.0289 594.7139 593.3989 591.2387 586.6841 582.1295 577.575 573.0203 565.225 556.1069 546.9889 537.871 528.9506 521.0719 513.1933 505.3147 497.4361 491.9491 487.9995 484.05 480.1004 476.3211 475.307 474.293 473.2789 472.2649 469.4188 464.793 460.1671 455.5413 450.9156 443.4626 435.881 428.2995
544.4653 548.2113 551.9572 555.7032 559.449 562.8622 566.0193 569.1766 572.3337 575.4925 578.7584 582.0244 585.2903 588.5562 591.0637 592.6941 594.3246 595.955 597.5855 598.0345 598.3711 598.7076 599.0442 599.2244 599.1297 599.035 598.9402 598.8455 598.0487 597.0889 596.1292 595.1694 593.3574 589.1312 584.9049 580.6786 576.4524 568.5649 559.1831 549.8013 540.4197 531.2681 523.3303 515.3924 507.4546 499.5168 494.3801 491.0442 487.7083 484.3723 481.191 480.5215 479.8519 479.1824 478.5128 475.6699 470.7158 465.7616 460.8075 455.8534 447.1504 438.277 429.4037
548.0564 551.5063 554.9562 558.4061 561.8559 564.9121 567.6656 570.4191 573.1725 575.9296 578.9318 581.934 584.9362 587.9383 590.3168 591.9741 593.6315 595.2889 596.9463 597.4665 597.8784 598.2903 598.7021 598.9871 599.0485 599.1098 599.1712 599.2326 598.7535 598.149 597.5444 596.9399 595.4763 591.5783 587.6804 583.7825 579.8846 571.905 562.2594 552.6138 542.9684 533.5856 525.5886 517.5916 509.5946 501.5976 496.8113 494.089 491.3667 488.6445 486.0612 485.7361 485.4111 485.086 484.761 481.9212 476.6388 471.3563 466.0738 460.7914 450.8384 440.6732 430.5079
551.6473 554.8011 557.955 561.1088 564.2626 566.962 569.3118 571.6615 574.0113 576.3667 579.1051 581.8436 584.582 587.3204 589.5699 591.2542 592.9385 594.6228 596.3071 596.8984 597.3857 597.8729 598.3602 598.7497 598.9672 599.1846 599.4022 599.6196 599.4583 599.209 598.9597 598.7104 597.595 594.0254 590.4558 586.8862 583.3167 575.2449 565.3356 555.4263 545.5171 535.9032 527.8469 519.7907 511.7345 503.6783 499.2423 497.1337 495.0251 492.9164 490.9312 490.9506 490.97 490.9894 491.0089 488.1724 482.5616 476.9507 471.3399 465.7292 454.5263 443.0692 431.6121
557.3539 559.9305 562.5072 565.0839 567.6605 569.8718 571.8019 573.7321 575.6623 577.5983 579.9297 582.2612 584.5927 586.9241 588.9188 590.5239 592.129 593.7341 595.3392 595.9585 596.484 597.0095 597.5349 597.9439 598.1477 598.3516 598.5554 598.7592 598.5521 598.2496 597.9471 597.6447 596.3901 592.4381 588.486 584.534 580.582 572.4005 562.4926 552.5848 542.6771 533.1835 525.8743 518.5652 511.256 503.9468 500.1154 498.5195 496.9237 495.3279 493.8192 493.727 493.6347 493.5424 493.4501 490.5212 484.8367 479.1521 473.4676 467.7831 456.0822 444.1078 432.1333
563.0914 565.0867 567.0822 569.0776 571.0729 572.7941 574.3045 575.8148 577.3252 578.8415 580.7639 582.6863 584.6088 586.5311 588.269 589.7933 591.3177 592.8421 594.3665 595.0132 595.5764 596.1395 596.7026 597.1298 597.3174 597.5051 597.6928 597.8805 597.6223 597.2606 596.8989 596.5372 595.1365 590.7915 586.4465 582.1016 577.7567 569.465 559.5626 549.6602 539.7579 530.3898 523.8395 517.2893 510.739 504.1887 500.9654 499.8809 498.7964 497.7119 496.6781 496.4674 496.2567 496.046 495.8353 492.8125 487.058 481.3035 475.549 469.7946 457.6067 445.1263 432.6459
568.829 570.2431 571.6572 573.0714 574.4854 575.7166 576.8071 577.8976 578.9882 580.0848 581.5981 583.1115 584.6248 586.1381 587.6191 589.0628 590.5064 591.9501 593.3937 594.0678 594.6686 595.2695 595.8703 596.3156 596.4871 596.6587 596.8302 597.0018 596.6924 596.2715 595.8506 595.4297 593.8828 589.1448 584.407 579.6691 574.9312 566.5296 556.6326 546.7355 536.8386 527.5961 521.8047 516.0134 510.222 504.4306 501.8155 501.2423 500.6692 500.096 499.537 499.2079 498.8788 498.5497 498.2205 495.1039 489.2794 483.455 477.6305 471.8062 459.1313 446.1449 433.1586
574.5665 575.3993 576.2321 577.0649 577.8978 578.639 579.3096 579.9803 580.6511 581.3281 582.4323 583.5366 584.6409 585.7451 586.9694 588.3323 589.6952 591.0581 592.421 593.1225 593.761 594.3995 595.038 595.5015 595.6569 595.8123 595.9677 596.123 595.7626 595.2825 594.8024 594.3223 592.6291 587.4983 582.3675 577.2367 572.1059 563.5942 553.7026 543.8109 533.9194 524.8024 519.7699 514.7374 509.705 504.6725 502.6656 502.6037 502.5419 502.48 502.3958 501.9483 501.5008 501.0532 500.6057 497.3952 491.5008 485.6064 479.7119 473.8176 460.6558 447.1635 433.6713
579.4959 579.895 580.294 580.6931 581.092 581.4429 581.7567 582.0704 582.3841 582.7044 583.4722 584.2399 585.0077 585.7755 586.7661 588.0144 589.2627 590.511 591.7593 592.4565 593.1013 593.746 594.3907 594.8314 594.9125 594.9938 595.075 595.1561 594.6003 593.8965 593.1928 592.4891 590.5974 585.3397 580.082 574.8242 569.5665 561.3481 551.9214 542.4946 533.068 524.4203 519.8807 515.3411 510.8016 506.262 504.5002 504.524 504.5479 504.5718 504.5539 503.8574 503.1608 502.4643 501.7677 498.3856 492.3946 486.4036 480.4126 474.4217 461.2413 447.7339 434.2267
583.4345 583.5806 583.7266 583.8727 584.0188 584.1014 584.1353 584.1691 584.203 584.2439 584.7641 585.2842 585.8044 586.3246 587.11 588.2023 589.2945 590.3868 591.479 592.1332 592.7456 593.358 593.9705 594.3378 594.2737 594.2095 594.1454 594.0813 593.153 592.024 590.8951 589.7662 587.6121 582.5536 577.495 572.4365 567.3779 559.9473 551.5485 543.1498 534.7512 526.9943 522.6215 518.2488 513.876 509.5033 507.5414 507.1293 506.7172 506.3051 505.8528 504.7472 503.6416 502.536 501.4305 497.7812 491.661 485.5409 479.4207 473.3006 460.6757 447.7551 434.8344
587.3732 587.2663 587.1594 587.0525 586.9456 586.7601 586.514 586.268 586.022 585.7834 586.056 586.3286 586.6012 586.8737 587.454 588.3902 589.3264 590.2625 591.1986 591.8098 592.3899 592.97 593.5502 593.8442 593.6348 593.4254 593.2159 593.0064 591.7056 590.1515 588.5973 587.0432 584.6268 579.7674 574.908 570.0485 565.1891 558.5463 551.1757 543.805 536.4344 529.5683 525.3624 521.1565 516.9506 512.7448 510.5828 509.7347 508.8866 508.0385 507.1518 505.6371 504.1225 502.6078 501.0931 497.1768 490.9275 484.6781 478.4287 472.1795 460.1101 447.7762 435.4423
591.3118 590.9519 590.592 590.2322 589.8723 589.4186 588.8927 588.3668 587.8409 587.3229 587.348 587.3729 587.3979 587.4229 587.798 588.5781 589.3582 590.1382 590.9183 591.4863 592.0342 592.582 593.1299 593.3507 592.9959 592.6411 592.2863 591.9316 590.2583 588.2789 586.2996 584.3203 581.6416 576.9813 572.321 567.6608 563.0004 557.1454 550.8028 544.4601 538.1176 532.1422 528.1032 524.0641 520.0251 515.9861 513.624 512.34 511.0559 509.7718 508.4507 506.527 504.6033 502.6796 500.7559 496.5724 490.1939 483.8154 477.4368 471.0584 459.5446 447.7973 436.05
595.2504 594.6375 594.0247 593.4119 592.7991 592.0771 591.2714 590.4656 589.6598 588.8624 588.6398 588.4172 588.1946 587.972 588.142 588.766 589.39 590.014 590.6379 591.1629 591.6785 592.194 592.7096 592.8572 592.3571 591.8569 591.3568 590.8567 588.811 586.4064 584.0019 581.5974 578.6564 574.1953 569.7341 565.2729 560.8118 555.7446 550.4299 545.1154 539.8008 534.7162 530.844 526.9718 523.0996 519.2274 516.6652 514.9452 513.2252 511.5052 509.7496 507.4169 505.0841 502.7513 500.4186 495.9681 489.4604 482.9526 476.4449 469.9373 458.979 447.8184 436.6578
595.0847 594.6956 594.3065 593.9174 593.5283 592.8176 591.8597 590.9018 589.9439 588.9962 588.7422 588.4882 588.2343 587.9803 588.1682 588.8671 589.566 590.2648 590.9637 591.5689 592.1652 592.7615 593.3578 593.5701 593.1064 592.6429 592.1793 591.7157 589.6907 587.3032 584.9158 582.5283 579.639 575.3279 571.0168 566.7057 562.3945 557.5041 552.3772 547.2503 542.1235 537.1833 533.2273 529.2714 525.3154 521.3594 518.4452 516.2007 513.9562 511.7117 509.4472 506.8577 504.2682 501.6787 499.0892 494.6087 488.2913 481.9738 475.6563 469.339 459.3169 449.1264 438.9359
594.5281 594.4081 594.2881 594.1681 594.0481 593.3754 592.2775 591.1797 590.0818 588.996 588.7313 588.4666 588.2018 587.9371 588.1642 588.9599 589.7557 590.5515 591.3472 592.0444 592.7322 593.42 594.1077 594.3979 593.9881 593.5784 593.1686 592.7588 590.792 588.4637 586.1355 583.8073 580.9996 576.8339 572.6681 568.5023 564.3365 559.5646 554.5454 549.5262 544.507 539.6401 535.5765 531.5129 527.4493 523.3857 520.105 517.3276 514.5502 511.7728 508.9923 506.1606 503.3289 500.4971 497.6654 493.1775 487.0807 480.9839 474.8872 468.7905 459.7408 450.5568 441.3729
593.9714 594.1205 594.2697 594.4188 594.568 593.9332 592.6954 591.4575 590.2197 588.9958 588.7203 588.4448 588.1694 587.8939 588.1601 589.0527 589.9454 590.838 591.7307 592.5198 593.2991 594.0784 594.8577 595.2257 594.8698 594.5139 594.1579 593.8019 591.8934 589.6243 587.3552 585.0862 582.3603 578.3398 574.3194 570.299 566.2785 561.6252 556.7137 551.8021 546.8906 542.097 537.9258 533.7545 529.5833 525.412 521.7648 518.4545 515.1442 511.8339 508.5374 505.4634 502.3895 499.3155 496.2415 491.7462 485.8701 479.9941 474.118 468.242 460.1647 451.9873 443.81
593.4148 593.8331 594.2513 594.6696 595.0878 594.4909 593.1132 591.7354 590.3576 588.9956 588.7094 588.4232 588.1369 587.8506 588.1561 589.1456 590.1351 591.1246 592.1142 592.9953 593.8661 594.7369 595.6077 596.0535 595.7514 595.4493 595.1472 594.8451 592.9947 590.7848 588.575 586.3652 583.7209 579.8458 575.9707 572.0956 568.2205 563.6858 558.8818 554.0779 549.2741 544.5539 540.275 535.996 531.7171 527.4382 523.4245 519.5814 515.7382 511.895 508.0824 504.7663 501.4501 498.1339 494.8177 490.315 484.6596 479.0042 473.3488 467.6935 460.5886 453.4178 446.247
591.9071 592.5114 593.1155 593.7198 594.324 593.769 592.3222 590.8755 589.4287 588.0012 587.8786 587.756 587.6334 587.5109 587.9791 589.1304 590.2817 591.433 592.5843 593.5223 594.44 595.3577 596.2754 596.778 596.55 596.322 596.0939 595.866 594.1664 592.1253 590.0842 588.0431 585.5657 581.8522 578.1386 574.425 570.7115 566.218 561.4061 556.5943 551.7825 547.0326 542.6096 538.1865 533.7634 529.3403 525.0199 520.7656 516.5112 512.2568 508.0553 504.7119 501.3685 498.0251 494.6817 490.3382 485.0231 479.7081 474.393 469.0781 462.8809 456.6437 450.4064
588.8266 589.4792 590.1319 590.7845 591.4372 590.9307 589.5323 588.134 586.7357 585.3624 585.692 586.0215 586.3511 586.6806 587.5161 588.9365 590.3569 591.7773 593.1978 594.1346 595.0253 595.9161 596.8069 597.3313 597.2109 597.0906 596.9702 596.8499 595.4546 593.7633 592.072 590.3807 588.2111 584.6859 581.1608 577.6356 574.1104 569.5301 564.5191 559.5081 554.4971 549.5473 544.9197 540.2921 535.6645 531.0369 526.5087 522.0444 517.5801 513.1159 508.7357 505.7206 502.7055 499.6905 496.6754 492.7667 487.9898 483.213 478.4362 473.6594 468.263 462.8385 457.414
