data/zism_data/00106_04_D.txt
ncols         224
nrows         224
[rows 196 to 223 of 224, columns 0 to 62 of 224]
939.1807 942.3542 945.7941 949.2339 952.6736 955.1759 954.4118 953.6477 952.8836 952.1196 946.4977 938.8435 931.1893 923.5352 915.627 906.6165 897.6059 888.5953 879.5847 876.4973 876.3397 876.1821 876.0245 876.5064 880.5817 884.657 888.7324 892.8078 899.2538 907.0737 914.8936 922.7135 930.5277 938.2988 946.0695 953.8403 961.611 966.6921 969.9584 973.2249 976.4912 979.4927 979.4131 979.3334 979.2538 979.1741 976.9063 972.9274 968.9485 964.9697 961.0053 957.363 953.7206 950.0784 946.4362 943.6818 941.7302 939.7786 937.827 935.8787 934.3889 932.899 931.4091
930.9421 933.7108 936.8904 940.07 943.2495 945.3984 943.9567 942.515 941.0731 939.6313 934.4212 927.6345 920.8478 914.061 907.3094 900.7114 894.1133 887.5153 880.9173 879.7781 881.3392 882.9002 884.4612 886.5963 891.9565 897.3167 902.6769 908.0374 914.8964 922.6241 930.3519 938.0796 945.7786 953.2568 960.7348 968.2128 975.6909 980.5083 983.5307 986.5532 989.5756 992.3344 992.027 991.7197 991.4123 991.1049 988.0861 982.9471 977.808 972.6689 967.5052 961.7974 956.0893 950.3814 944.6735 939.3696 934.4307 929.4919 924.5529 919.6331 917.3192 915.0052 912.6913
923.8999 926.1794 928.9229 931.6661 934.4095 936.1508 934.4009 932.6511 930.9012 929.1513 924.5596 918.7789 912.9982 907.2176 901.6845 897.2285 892.7724 888.3163 883.8602 884.5857 887.8742 891.1627 894.451 898.1646 904.2662 910.368 916.4697 922.5717 929.4063 936.6656 943.9249 951.1843 958.3854 965.1398 971.8938 978.6479 985.4019 989.6927 992.3215 994.9504 997.5792 999.9556 999.3941 998.8326 998.2711 997.7097 993.8567 987.4298 981.0029 974.576 968.09 960.2923 952.4943 944.6967 936.8989 929.3284 921.9634 914.5984 907.2331 899.8992 896.8492 893.7992 890.7492
918.6094 920.2764 922.3259 924.3752 926.4246 927.6787 926.162 924.6453 923.1285 921.6118 917.9412 913.3696 908.7979 904.2263 900.0026 897.2923 894.5819 891.8716 889.1612 891.6287 896.6577 901.6863 906.7151 911.8977 917.9452 923.9927 930.0402 936.0879 942.2573 948.4974 954.7375 960.9777 967.1209 972.5198 977.9185 983.3171 988.7159 992.0948 994.111 996.1272 998.1434 999.9324 999.0781 998.2239 997.3697 996.5154 991.7065 983.8049 975.9034 968.0019 960.0131 950.0901 940.1669 930.2439 920.3209 910.8986 901.9288 892.959 883.989 875.0574 871.4003 867.743 864.0859
913.319 914.3735 915.7289 917.0844 918.4398 919.2067 917.9231 916.6395 915.3558 914.0723 911.3228 907.9602 904.5975 901.2349 898.3207 897.3561 896.3915 895.4268 894.4622 898.6718 905.441 912.21 918.9791 925.6309 931.6241 937.6174 943.6107 949.6042 955.1085 960.3293 965.5502 970.771 975.8563 979.8998 983.9431 987.9865 992.0298 994.4968 995.9004 997.304 998.7075 999.9092 998.7622 997.6152 996.4682 995.3212 989.5562 980.1801 970.8039 961.4277 951.9362 939.888 927.8394 915.7911 903.7429 892.4687 881.8942 871.3196 860.7448 850.2158 845.9514 841.687 837.4225
908.0285 908.4705 909.132 909.7935 910.455 910.7346 909.6841 908.6337 907.5832 906.5327 904.7045 902.5508 900.3972 898.2435 896.6389 897.4199 898.201 898.9821 899.7632 905.7148 914.2244 922.7338 931.243 939.364 945.3031 951.2421 957.1812 963.1205 967.9595 972.1611 976.3627 980.5644 984.5918 987.2798 989.9678 992.6558 995.3437 996.8989 997.6898 998.4808 999.2717 999.886 998.4463 997.0065 995.5668 994.127 987.406 976.5552 965.7043 954.8536 943.8594 929.6859 915.5119 901.3384 887.1649 874.0388 861.8596 849.6803 837.5006 825.374 820.5024 815.6308 810.7592
902.738 902.5675 902.535 902.5026 902.4701 902.2626 901.4453 900.6279 899.8105 898.9932 898.0861 897.1415 896.1968 895.2522 894.9569 897.4837 900.0106 902.5374 905.0641 912.7579 923.0079 933.2574 943.507 953.0972 958.9821 964.8669 970.7517 976.6367 980.8106 983.993 987.1754 990.3577 993.3272 994.6599 995.9924 997.3251 998.6577 999.301 999.4792 999.6575 999.8358 999.8629 998.1304 996.3978 994.6653 992.9327 985.2557 972.9303 960.6049 948.2794 935.7825 919.4837 903.1844 886.8857 870.587 855.6089 841.825 828.041 814.2565 800.5323 795.0535 789.5746 784.0958
901.0974 900.7522 900.483 900.2139 899.9448 899.6169 899.0846 898.5522 898.0198 897.4874 897.3705 897.4274 897.4843 897.5413 898.2941 902.0716 905.8491 909.6265 913.404 921.181 930.9366 940.692 950.4473 959.5669 965.1147 970.6624 976.2102 981.7581 985.4227 987.996 990.5693 993.1426 995.5251 996.4406 997.356 998.2714 999.1868 999.42 999.1932 998.9662 998.7393 998.3276 995.7649 993.2022 990.6395 988.0768 979.4937 966.2028 952.9119 939.6209 926.1565 908.8452 891.5332 874.2219 856.9105 841.317 827.2766 813.2361 799.1952 785.2164 779.7243 774.2323 768.7402
900.0043 899.5499 899.1127 898.6755 898.2384 897.8453 897.6057 897.366 897.1263 896.8867 897.5403 898.5677 899.595 900.6223 902.3842 907.3381 912.292 917.2458 922.1998 929.8111 938.7373 947.6631 956.589 964.9471 970.1154 975.2837 980.4519 985.6204 988.7991 990.8248 992.8506 994.8763 996.7424 997.3814 998.0203 998.6592 999.2982 999.1967 998.5957 997.9948 997.3937 996.5654 993.092 989.6185 986.145 982.6716 973.1898 959.0098 944.8298 930.6498 916.2981 898.1411 879.9833 861.8262 843.6691 827.6456 813.5509 799.4563 785.3612 771.329 765.9129 760.4968 755.0806
898.9111 898.3477 897.7424 897.1372 896.532 896.0735 896.1266 896.1797 896.2329 896.286 897.7101 899.7079 901.7057 903.7034 906.4743 912.6046 918.7349 924.8652 930.9955 938.4413 946.538 954.6343 962.7307 970.3274 975.1161 979.9049 984.6937 989.4826 992.1754 993.6536 995.1318 996.61 997.9598 998.3223 998.6847 999.0471 999.4095 998.9733 997.9983 997.0232 996.0482 994.8033 990.4191 986.0348 981.6506 977.2663 966.8859 951.8168 936.7477 921.6786 906.4397 887.4369 868.4334 849.4306 830.4278 813.9742 799.8253 785.6765 771.5272 757.4418 752.1016 746.7613 741.4211
897.8179 897.1454 896.3721 895.5989 894.8256 894.3019 894.6477 894.9936 895.3394 895.6853 897.88 900.8481 903.8163 906.7845 910.5644 917.8711 925.1779 932.4846 939.7913 947.0714 954.3386 961.6055 968.8724 975.7076 980.1169 984.5262 988.9354 993.3448 995.5518 996.4824 997.4131 998.3437 999.1771 999.2631 999.3491 999.435 999.5209 998.75 997.4009 996.0517 994.7026 993.0411 987.7462 982.4511 977.1561 971.8611 960.582 944.6238 928.6656 912.7074 896.5813 876.7327 856.8835 837.035 817.1864 800.3027 786.0997 771.8967 757.6931 743.5545 738.2902 733.0258 727.7615
896.6957 895.9476 895.0894 894.2312 893.3729 892.8953 893.7435 894.5918 895.44 896.2883 899.4581 903.5991 907.7401 911.881 916.7321 924.6677 932.6033 940.5389 948.4745 955.1901 961.3025 967.4147 973.5268 979.3301 983.3978 987.4655 991.5332 995.6011 997.5008 998.1441 998.7874 999.4307 999.9708 999.717 999.4633 999.2095 998.9557 997.6874 995.7347 993.7819 991.8292 989.5377 983.3048 977.0719 970.839 964.6061 952.812 936.6695 920.5269 904.3844 888.061 867.7282 847.3947 827.0618 806.7289 789.565 775.2662 760.9674 746.6681 732.4379 727.6669 722.8959 718.1249
895.5153 894.7587 893.9818 893.2048 892.428 892.2191 893.9889 895.7588 897.5287 899.2986 903.8525 909.5712 915.2899 921.0086 927.055 934.5244 941.9937 949.4631 956.9324 962.2858 966.5928 970.8996 975.2064 979.437 983.239 987.0411 990.8431 994.6453 996.5951 997.4716 998.348 999.2244 999.9171 999.1971 998.4771 997.7571 997.037 994.9464 991.9311 988.9156 985.9003 982.5518 975.3267 968.1017 960.8766 953.6516 942.1096 927.1924 912.2751 897.3578 882.2171 862.1227 842.0278 821.9335 801.8392 784.6946 770.2169 755.7391 741.2609 726.8627 723.4199 719.9772 716.5345
894.3349 893.5697 892.8741 892.1785 891.483 891.5428 894.2343 896.9258 899.6174 902.309 908.2471 915.5435 922.8398 930.1362 937.3779 944.381 951.3842 958.3872 965.3903 969.3816 971.8831 974.3846 976.886 979.5438 983.0802 986.6166 990.153 993.6895 995.6895 996.799 997.9086 999.0181 999.8635 998.6772 997.4909 996.3046 995.1184 992.2054 988.1274 984.0493 979.9714 975.5658 967.3486 959.1314 950.9142 942.6971 931.4073 917.7152 904.0232 890.3312 876.3731 856.5173 836.6609 816.8052 796.9494 779.8241 765.1675 750.5109 735.8538 721.2875 719.173 717.0585 714.944
893.1545 892.3808 891.7665 891.1522 890.538 890.8665 894.4797 898.0928 901.7061 905.3193 912.6416 921.5156 930.3896 939.2637 947.7009 954.2377 960.7745 967.3114 973.8483 976.4774 977.1735 977.8695 978.5656 979.6506 982.9214 986.1921 989.4628 992.7337 994.7838 996.1265 997.4692 998.8118 999.8098 998.1572 996.5048 994.8522 993.1998 989.4644 984.3239 979.183 974.0424 968.5798 959.3705 950.1612 940.9518 931.7426 920.7049 908.2381 895.7713 883.3045 870.5291 850.9119 831.2941 811.6768 792.0596 774.9537 760.1182 745.2826 730.4465 715.7122 714.926 714.1398 713.3536
891.9741 891.1918 890.6589 890.1259 889.593 890.1902 894.725 899.2598 903.7948 908.3296 917.0361 927.4878 937.9395 948.3912 958.0237 964.0943 970.1649 976.2355 982.3062 983.573 982.4637 981.3544 980.2452 979.7575 982.7626 985.7676 988.7727 991.7779 993.8781 995.4539 997.0297 998.6055 999.7562 997.6373 995.5186 993.3998 991.2811 986.7234 980.5203 974.3168 968.1136 961.5939 951.3925 941.191 930.9896 920.7881 910.0026 898.7611 887.5195 876.278 864.6852 845.3066 825.9272 806.5486 787.1699 770.0833 755.0688 740.0544 725.0394 710.1371 710.6791 711.2211 711.7631
888.9517 889.2015 889.9081 890.6146 891.3212 893.2075 899.2041 905.2007 911.1976 917.1942 926.1584 936.3641 946.5698 956.7755 966.0262 971.1249 976.2237 981.3224 986.4212 987.2023 985.8477 984.4932 983.1385 982.3372 984.6445 986.9518 989.259 991.5663 992.7209 993.2075 993.6941 994.1806 994.2759 991.3624 988.449 985.5356 982.6221 977.8762 971.8939 965.9113 959.929 953.7418 945.1713 936.6009 928.0305 919.46 909.8693 899.4813 889.0934 878.7054 867.9243 848.4255 828.926 809.4272 789.9284 773.0811 758.6311 744.181 729.7305 715.3934 716.6198 717.8461 719.0726
885.4604 887.0072 889.2481 891.489 893.7298 897.1649 904.7609 912.3568 919.9531 927.549 936.4842 945.9796 955.4751 964.9705 973.438 977.4362 981.4344 985.4326 989.4308 989.9493 988.7465 987.5437 986.3409 985.5464 987.0458 988.5453 990.0447 991.5443 991.4998 990.5604 989.6212 988.6818 987.4142 983.6224 979.8307 976.0391 972.2474 967.4746 962.0399 956.6049 951.1702 945.6692 939.3975 933.1257 926.854 920.5822 912.4263 902.7974 893.1684 883.5394 873.4754 853.7652 834.0543 814.3441 794.6338 778.0819 764.3854 750.689 736.9921 723.4069 725.1537 726.9006 728.6474
881.9691 884.8129 888.5881 892.3633 896.1384 901.1223 910.3176 919.5129 928.7085 937.9038 946.81 955.5952 964.3804 973.1656 980.8498 983.7474 986.6451 989.5428 992.4404 992.6962 991.6453 990.5943 989.5433 988.7556 989.4473 990.1389 990.8305 991.5222 990.2786 987.9134 985.5482 983.183 980.5527 975.8825 971.2126 966.5426 961.8727 957.073 952.1859 947.2985 942.4114 937.5966 933.6235 929.6505 925.6775 921.7045 914.9833 906.1134 897.2434 888.3734 879.0266 859.1049 839.1825 819.2609 799.3392 783.0826 770.1398 757.1969 744.2536 731.4203 733.6876 735.955 738.2223
878.4778 882.6186 887.9282 893.2376 898.547 905.0797 915.8744 926.669 937.464 948.2586 957.1357 965.2108 973.2857 981.3607 988.2616 990.0587 991.8558 993.653 995.45 995.4432 994.544 993.6448 992.7457 991.9648 991.8486 991.7324 991.6163 991.5001 989.0573 985.2663 981.4753 977.6843 973.691 968.1426 962.5944 957.0461 951.4979 946.6714 942.3318 937.9921 933.6526 929.5239 927.8497 926.1754 924.501 922.8268 917.5403 909.4294 901.3184 893.2075 884.5776 864.4446 844.3108 824.1777 804.0446 788.0834 775.8942 763.7049 751.5152 739.4338 742.2216 745.0093 747.7971
875.567 881.1487 888.0648 894.9806 901.8964 909.9295 921.8553 933.7812 945.7074 957.6332 966.2615 973.5103 980.7591 988.0079 994.0722 994.988 995.9037 996.8195 997.7354 997.4769 996.6376 995.7983 994.959 994.1058 993.1748 992.2437 991.3126 990.3815 986.781 981.6334 976.4858 971.3383 966.1121 960.2808 954.4497 948.6186 942.7875 938.4358 935.0823 931.7286 928.3751 925.3012 925.4815 925.6618 925.8422 926.0225 921.6489 913.7143 905.7797 897.845 889.3771 869.0878 848.7977 828.5083 808.2189 792.7249 781.5664 770.408 759.2491 748.1954 751.5942 754.9929 758.3917
874.3009 881.7312 890.4581 899.1846 907.9111 917.3076 929.0383 940.7689 952.5 964.2307 971.9872 978.0812 984.1752 990.2693 995.3461 996.0017 996.6573 997.3129 997.9684 997.4896 996.4498 995.4099 994.37 993.2205 991.4545 989.6885 987.9225 986.1565 981.5151 975.2074 968.8997 962.5919 956.5007 952.0735 947.6465 943.2195 938.7926 936.3371 935.2117 934.0864 932.9611 931.9863 932.7629 933.5396 934.3162 935.0928 930.1536 920.7443 911.335 901.9258 892.047 871.7576 851.4675 831.1782 810.8888 796.3486 787.0062 777.6639 768.3212 759.0768 763.343 767.6092 771.8754
873.0348 882.3138 892.8514 903.3886 913.9258 924.6857 936.2211 947.7567 959.2925 970.828 977.7128 982.6521 987.5914 992.5306 996.6201 997.0154 997.4108 997.8062 998.2015 997.5024 996.2619 995.0215 993.781 992.335 989.7342 987.1333 984.5324 981.9315 976.2493 968.7814 961.3135 953.8456 946.8893 943.8663 940.8434 937.8206 934.7977 934.2384 935.3412 936.4442 937.547 938.6713 940.0443 941.4172 942.7902 944.1631 938.6581 927.7742 916.8904 906.0066 894.7169 874.4275 854.1374 833.848 813.5586 799.9722 792.4459 784.9197 777.3932 769.9582 775.0918 780.2253 785.3589
871.7687 882.8963 895.2447 907.5927 919.9406 932.0638 943.4041 954.7444 966.0851 977.4254 983.4385 987.223 991.0076 994.7921 997.894 998.0292 998.1643 998.2994 998.4346 997.5152 996.0741 994.6331 993.192 991.4496 988.0139 984.5781 981.1423 977.7064 970.9834 962.3553 953.7272 945.0992 937.2779 935.6591 934.0403 932.4216 930.8028 932.1397 935.4708 938.8019 942.133 945.3563 947.3256 949.2949 951.2642 953.2335 947.1627 934.8043 922.4458 910.0874 897.3867 877.0973 856.8073 836.5178 816.2285 803.5958 797.8857 792.1756 786.4653 780.8396 786.8406 792.8416 798.8426
870.5026 883.4788 897.638 911.7966 925.9553 939.4419 950.587 961.7322 972.8777 984.0228 989.1642 991.7939 994.4237 997.0535 999.168 999.0429 998.9178 998.7927 998.6677 997.528 995.8863 994.2446 992.603 990.5642 986.2935 982.0229 977.7522 973.4814 965.7175 955.9293 946.1411 936.3528 927.6664 927.4518 927.2372 927.0225 926.8079 930.041 935.6003 941.1597 946.719 952.0414 954.607 957.1727 959.7383 962.304 955.6673 941.8343 928.0012 914.1682 900.0566 879.7672 859.4771 839.1877 818.8983 807.2194 803.3255 799.4315 795.5375 791.7211 798.5895 805.4579 812.3263
868.5153 881.7125 895.95 910.1869 924.4238 938.0188 949.3773 960.7358 972.0947 983.4532 988.6633 991.3011 993.939 996.5769 998.5891 997.8816 997.1741 996.4667 995.7592 993.9088 991.4929 989.0771 986.6614 984.0517 980.3525 976.6534 972.9543 969.255 962.6029 954.2394 945.876 937.5126 930.2234 931.193 932.1625 933.132 934.1016 937.8497 943.4725 949.0956 954.7184 959.9836 961.087 962.1904 963.2938 964.3972 956.2825 940.9592 925.6357 910.3124 894.8301 875.8254 856.82 837.8152 818.8105 808.648 806.4799 804.3118 802.1436 800.0417 807.0625 814.0834 821.1042
866.254 879.0537 892.711 906.3679 920.0247 933.2512 944.9783 956.7055 968.433 980.1602 985.7963 988.8842 991.972 995.0598 997.306 995.8937 994.4814 993.0692 991.657 988.9095 985.5015 982.0936 978.6857 975.4008 972.8077 970.2145 967.6213 965.0281 960.3057 954.3495 948.3932 942.4369 937.4044 939.4745 941.5447 943.6148 945.6849 949.4232 954.287 959.1511 964.0149 968.4035 967.2625 966.1213 964.9803 963.8392 953.8998 937.08 920.2603 903.4406 886.6031 869.3712 852.1387 834.9068 817.6749 809.2425 808.7659 808.2892 807.8126 807.3892 814.2908 821.1924 828.0939
863.9927 876.3948 889.472 902.5488 915.6255 928.4835 940.5793 952.6752 964.7714 976.8672 982.9293 986.4671 990.0049 993.5428 996.0229 993.9058 991.7888 989.6718 987.5547 983.9102 979.51 975.11 970.71 966.7499 965.2628 963.7756 962.2885 960.8013 958.0086 954.4595 950.9103 947.3611 944.5854 947.7562 950.9269 954.0975 957.2682 960.9967 965.1016 969.2065 973.3114 976.8234 973.4379 970.0523 966.6667 963.2812 951.517 933.2009 914.8849 896.5688 878.376 862.917 847.4574 831.9983 816.5392 809.837 811.0519 812.2667 813.4817 814.7366 821.519 828.3013 835.0837
