data/zism_data/00103_04_D.txt
ncols         224
nrows         224
[rows 168 to 195 of 224, columns 0 to 62 of 224]
761.4186 761.1702 760.8466 760.5229 760.1993 759.6656 758.3997 757.1339 755.8679 754.602 753.3657 752.1417 750.9177 749.6937 748.3691 746.6079 744.8467 743.0856 741.3245 740.4158 739.929 739.4421 738.9553 738.6797 739.5913 740.5029 741.4146 742.3262 743.7941 745.5844 747.3746 749.1649 750.6098 749.4003 748.1907 746.9813 745.7717 743.0553 739.3221 735.5888 731.8557 728.1079 724.1902 720.2726 716.3549 712.4373 710.1994 709.2755 708.3515 707.4276 706.7743 712.1222 717.4703 722.8183 728.1662 734.6029 742.0239 749.4448 756.866 764.2666 768.8514 773.4362 778.0211
758.6967 758.3463 757.9526 757.5591 757.1655 756.5305 755.0547 753.579 752.1031 750.6273 749.1849 747.7563 746.3278 744.8993 743.3833 741.4875 739.5919 737.6961 735.8004 734.9301 734.567 734.204 733.8409 733.6647 734.5387 735.4126 736.2866 737.1606 738.6862 740.5895 742.4927 744.396 745.9435 744.7554 743.5674 742.3795 741.1915 738.5576 734.9482 731.3387 727.7294 724.1147 720.4393 716.7639 713.0884 709.413 707.369 706.6011 705.8333 705.0654 704.554 709.7297 714.9056 720.0813 725.257 731.643 739.1232 746.6033 754.0838 761.5425 766.0466 770.5507 775.0547
756.7237 756.1555 755.587 755.0185 754.4501 753.6371 751.9724 750.3077 748.6429 746.9783 745.3433 743.7207 742.0981 740.4755 738.7701 736.7049 734.6396 732.5744 730.5092 729.579 729.2104 728.8417 728.4731 728.3034 729.2515 730.1997 731.1479 732.0961 733.6917 735.6625 737.6334 739.6042 741.2184 740.0904 738.9623 737.8344 736.7064 734.2374 730.8637 727.4899 724.1162 720.7441 717.3913 714.0385 710.6856 707.3328 705.5121 704.8898 704.2676 703.6453 703.2637 708.2182 713.1729 718.1274 723.082 729.2379 736.4801 743.7223 750.9647 758.1858 762.4973 766.8087 771.1202
755.1546 754.3061 753.5062 752.7063 751.9064 750.8741 749.0317 747.1895 745.347 743.5048 741.6846 739.8736 738.0626 736.2517 734.3579 732.1042 729.8506 727.597 725.3434 724.3005 723.8565 723.4125 722.9685 722.7552 723.838 724.9207 726.0034 727.0861 728.7584 730.7723 732.7862 734.8 736.4616 735.4143 734.3671 733.3198 732.2725 730.0129 726.9352 723.8574 720.7797 717.7092 714.7224 711.7355 708.7487 705.7618 704.1803 703.698 703.2156 702.7333 702.4749 707.1818 711.8889 716.5959 721.3028 727.1321 733.976 740.8198 747.664 754.4878 758.5463 762.6048 766.6633
753.5855 752.4568 751.4254 750.3941 749.3628 748.111 746.0911 744.0712 742.0512 740.0313 738.0259 736.0266 734.0272 732.0279 729.9457 727.5037 725.0617 722.6197 720.1777 719.0221 718.5027 717.9834 717.4641 717.2071 718.4243 719.6416 720.8589 722.0762 723.8251 725.882 727.939 729.9959 731.7049 730.7383 729.7718 728.8052 727.8387 725.7883 723.0067 720.2249 717.4432 714.6743 712.0535 709.4326 706.8118 704.1909 702.8485 702.5061 702.1637 701.8213 701.6861 706.1454 710.605 715.0643 719.5237 725.0262 731.4718 737.9174 744.3633 750.7899 754.5954 758.4009 762.2065
752.0164 750.6074 749.3447 748.0819 746.8192 745.348 743.1505 740.9529 738.7553 736.5578 734.3672 732.1795 729.9918 727.8041 725.5335 722.9031 720.2728 717.6424 715.012 713.7436 713.1489 712.5542 711.9595 711.6589 713.0107 714.3626 715.7144 717.0663 718.8918 720.9918 723.0918 725.1918 726.9482 726.0623 725.1765 724.2907 723.4049 721.5638 719.0782 716.5925 714.1068 711.6394 709.3845 707.1297 704.8748 702.6199 701.5167 701.3142 701.1118 700.9092 700.8973 705.1091 709.321 713.5328 717.7446 722.9203 728.9677 735.015 741.0626 747.0919 750.6445 754.1971 757.7497
750.7107 749.0173 747.5092 746.0012 744.4932 742.7884 740.3977 738.007 735.6162 733.2255 730.8375 728.4506 726.0638 723.6769 721.2161 718.4345 715.6529 712.8713 710.0897 708.7304 708.0746 707.4189 706.7631 706.4261 707.8806 709.335 710.7894 712.2438 714.1167 716.2321 718.3475 720.4629 722.2427 721.4424 720.642 719.8417 719.0414 717.4097 715.217 713.0244 710.8317 708.6625 706.7667 704.8709 702.9752 701.0793 700.2067 700.1342 700.0617 699.9892 700.0901 704.0349 707.9797 711.9244 715.8692 720.7163 726.3792 732.0421 737.7051 743.3512 746.6854 750.0197 753.3539
752.422 750.396 748.4843 746.5726 744.6609 742.5596 739.7975 737.0355 734.2734 731.5114 728.7861 726.0763 723.3665 720.6567 717.9847 715.4776 712.9705 710.4634 707.9563 706.7563 706.2028 705.6492 705.0957 704.8057 705.9964 707.1871 708.3777 709.5685 711.1538 712.9678 714.7818 716.5958 718.125 717.4646 716.8042 716.1438 715.4835 714.0624 712.1281 710.1937 708.2594 706.3503 704.7344 703.1185 701.5025 699.8866 699.1458 699.0895 699.0331 698.9767 699.072 702.5269 705.9821 709.437 712.892 717.3878 722.8246 728.2615 733.6985 739.1215 742.6332 746.1451 749.6569
754.1332 751.7747 749.4594 747.144 744.8287 742.3309 739.1974 736.0641 732.9305 729.7971 726.7347 723.702 720.6693 717.6365 714.7533 712.5208 710.2881 708.0555 705.8229 704.7822 704.3309 703.8796 703.4283 703.1853 704.1122 705.0392 705.9662 706.8932 708.1909 709.7035 711.2161 712.7287 714.0073 713.4868 712.9664 712.4459 711.9255 710.715 709.0391 707.3631 705.6871 704.0381 702.702 701.366 700.0299 698.6938 698.085 698.0447 698.0046 697.9644 698.0539 701.019 703.9844 706.9496 709.9148 714.0593 719.2701 724.4809 729.6918 734.8917 738.5811 742.2705 745.96
755.8445 753.1534 750.4344 747.7154 744.9963 742.1021 738.5974 735.0926 731.5877 728.0829 724.6833 721.3276 717.9719 714.6163 711.5219 709.5638 707.6057 705.6476 703.6895 702.808 702.4589 702.1099 701.7609 701.5649 702.2281 702.8913 703.5546 704.2178 705.228 706.4391 707.6504 708.8616 709.8896 709.509 709.1285 708.748 708.3675 707.3677 705.9501 704.5324 703.1148 701.7258 700.6696 699.6135 698.5573 697.5011 697.024 697.0 696.976 696.952 697.0358 699.5112 701.9867 704.4621 706.9375 710.7308 715.7155 720.7003 725.6852 730.6619 734.5289 738.3959 742.2629
757.5558 754.5322 751.4094 748.2867 745.1641 741.8734 737.9973 734.1211 730.2449 726.3688 722.6319 718.9533 715.2747 711.5961 708.2905 706.6069 704.9233 703.2397 701.5561 700.8338 700.587 700.3403 700.0936 699.9445 700.3439 700.7435 701.1429 701.5425 702.2651 703.1749 704.0847 704.9944 705.7719 705.5313 705.2907 705.0501 704.8095 704.0204 702.8611 701.7018 700.5425 699.4136 698.6373 697.861 697.0847 696.3083 695.9632 695.9553 695.9474 695.9395 696.0176 698.0033 699.989 701.9747 703.9603 707.4023 712.161 716.9197 721.6785 726.4321 730.4767 734.5214 738.566
759.8666 756.7585 753.5209 750.2833 747.0457 743.6221 739.5507 735.4791 731.4075 727.3361 723.2945 719.2654 715.2364 711.2074 707.6138 705.9131 704.2125 702.5119 700.8113 700.1169 699.9201 699.7233 699.5266 699.3934 699.6172 699.8409 700.0648 700.2886 700.7767 701.4181 702.0595 702.7009 703.2474 703.0643 702.8811 702.6979 702.5148 701.8636 700.8967 699.9297 698.9628 698.0203 697.3616 696.7029 696.0443 695.3856 695.0672 695.015 694.9627 694.9105 694.9304 696.55 698.1696 699.7892 701.4089 704.5049 708.9358 713.3667 717.7977 722.2264 726.3524 730.4784 734.6044
762.7512 759.7963 756.72 753.6439 750.5678 747.2637 743.1653 739.0669 734.9684 730.8699 726.5548 722.149 717.7432 713.3375 709.3822 707.3856 705.3889 703.3923 701.3956 700.6032 700.4064 700.2097 700.0129 699.8659 699.9982 700.1305 700.2628 700.3951 700.6998 701.1043 701.5089 701.9135 702.2479 702.0432 701.8386 701.6339 701.4292 700.8465 700.0087 699.171 698.3333 697.5067 696.8103 696.114 695.4176 694.7213 694.3289 694.1744 694.0199 693.8654 693.7768 695.1488 696.5209 697.8929 699.265 702.0201 706.0258 710.0315 714.0373 718.0438 722.159 726.2743 730.3895
765.6358 762.8339 759.9192 757.0045 754.0898 750.9052 746.7799 742.6546 738.5292 734.4039 729.8152 725.0326 720.2501 715.4675 711.1506 708.8579 706.5652 704.2726 701.9799 701.0895 700.8928 700.696 700.4993 700.3384 700.3792 700.42 700.4608 700.5016 700.6228 700.7905 700.9583 701.126 701.2484 701.0222 700.796 700.5698 700.3436 699.8293 699.1208 698.4122 697.7036 696.993 696.259 695.525 694.791 694.0569 693.5907 693.3339 693.0771 692.8204 692.6232 693.7476 694.8721 695.9966 697.121 699.5353 703.1158 706.6963 710.2769 713.8612 717.9656 722.0701 726.1746
768.5204 765.8716 763.1183 760.3651 757.6119 754.5468 750.3945 746.2423 742.09 737.9377 733.0755 727.9162 722.7569 717.5976 712.9189 710.3303 707.7416 705.1529 702.5642 701.5759 701.3791 701.1824 700.9857 700.811 700.7603 700.7095 700.6588 700.6082 700.5458 700.4767 700.4077 700.3386 700.249 700.0012 699.7535 699.5057 699.258 698.8122 698.2328 697.6534 697.074 696.4794 695.7077 694.936 694.1642 693.3926 692.8524 692.4934 692.1343 691.7753 691.4697 692.3465 693.2234 694.1003 694.9771 697.0506 700.2059 703.3611 706.5165 709.6786 713.7723 717.866 721.9598
771.405 768.9093 766.3174 763.7258 761.134 758.1883 754.0092 749.8301 745.6508 741.4717 736.3358 730.7997 725.2637 719.7277 714.6874 711.8027 708.9179 706.0332 703.1485 702.0622 701.8655 701.6687 701.472 701.2835 701.1413 700.9991 700.8569 700.7147 700.4688 700.1629 699.8571 699.5511 699.2495 698.9802 698.7109 698.4417 698.1724 697.795 697.3448 696.8946 696.4444 695.9658 695.1564 694.347 693.5376 692.7282 692.1141 691.6528 691.1916 690.7303 690.316 690.9453 691.5746 692.2039 692.8332 694.5658 697.2958 700.0259 702.7561 705.4959 709.5789 713.6619 717.7449
774.6014 772.5382 770.4423 768.3466 766.2508 763.7771 759.9866 756.1961 752.4055 748.6151 743.5927 738.0549 732.517 726.9792 721.85 718.4969 715.1439 711.7908 708.4378 707.1626 706.9152 706.6678 706.4204 706.1582 705.813 705.4678 705.1226 704.7774 704.1243 703.2927 702.4611 701.6295 700.8567 700.5355 700.2143 699.8931 699.5719 699.042 698.3713 697.7005 697.0298 696.3395 695.4214 694.5035 693.5854 692.6675 691.9028 691.2582 690.6136 689.9689 689.3672 689.7186 690.0699 690.4211 690.7725 692.195 694.586 696.9771 699.3682 701.7702 705.6802 709.5903 713.5003
777.8173 776.2038 774.6247 773.0456 771.4665 769.4867 766.1106 762.7346 759.3584 755.9823 751.0974 745.5811 740.0648 734.5486 729.3472 725.5151 721.683 717.851 714.019 712.5493 712.248 711.9468 711.6456 711.306 710.7509 710.1957 709.6406 709.0855 708.0112 706.636 705.2609 703.8857 702.6256 702.2506 701.8755 701.5005 701.1255 700.4293 699.5164 698.6035 697.6906 696.7682 695.7372 694.7062 693.6752 692.6441 691.7242 690.8912 690.0582 689.2252 688.4312 688.5026 688.574 688.6454 688.7169 689.8312 691.8885 693.9459 696.0034 698.0727 701.7997 705.5268 709.2538
781.033 779.8694 778.8069 777.7446 776.6822 775.1962 772.2346 769.2729 766.3112 763.3495 758.602 753.1072 747.6125 742.1178 736.8443 732.5333 728.2222 723.9111 719.6 717.9358 717.5807 717.2257 716.8707 716.4537 715.6887 714.9236 714.1586 713.3936 711.8981 709.9794 708.0606 706.1418 704.3945 703.9657 703.5369 703.108 702.6792 701.8167 700.6616 699.5064 698.3513 697.197 696.0529 694.9089 693.7648 692.6208 691.5455 690.5242 689.5027 688.4814 687.4951 687.2866 687.0782 686.8697 686.6613 687.4675 689.1912 690.9148 692.6385 694.3753 697.9194 701.4634 705.0074
784.2488 783.535 782.9893 782.4435 781.8978 780.9058 778.3585 775.8113 773.264 770.7167 766.1066 760.6334 755.1602 749.687 744.3414 739.5514 734.7613 729.9712 725.1812 723.3224 722.9135 722.5046 722.0958 721.6014 720.6265 719.6516 718.6766 717.7017 715.785 713.3227 710.8603 708.3979 706.1634 705.6807 705.1981 704.7155 704.2328 703.204 701.8067 700.4093 699.012 697.6257 696.3687 695.1116 693.8545 692.5974 691.3669 690.1571 688.9474 687.7376 686.559 686.0707 685.5823 685.094 684.6057 685.1038 686.4937 687.8837 689.2737 690.6779 694.0389 697.4 700.761
787.4662 787.208 787.189 787.17 787.151 786.6732 784.5964 782.5197 780.4429 778.3662 773.9439 768.5403 763.1368 757.7332 752.3902 747.3115 742.2327 737.154 732.0753 730.0983 729.6556 729.213 728.7703 728.2219 727.0792 725.9365 724.7937 723.6509 721.4135 718.5418 715.67 712.7983 710.1857 709.5651 708.9445 708.3239 707.7032 706.4012 704.6395 702.8777 701.1159 699.3738 697.8594 696.345 694.8307 693.3163 691.8581 690.444 689.0298 687.6157 686.2265 685.3901 684.5538 683.7175 682.8811 682.9966 683.9728 684.9489 685.925 686.9165 690.0265 693.1365 696.2464
790.6862 790.8935 791.4182 791.9427 792.4673 792.5379 791.0262 789.5146 788.0031 786.4914 782.342 777.0892 771.8363 766.5834 761.369 756.3226 751.2761 746.2297 741.1832 739.217 738.7743 738.3317 737.889 737.3259 736.0863 734.8467 733.6071 732.3674 729.9786 726.9239 723.8692 720.8145 718.0077 717.1072 716.2067 715.3062 714.4058 712.6503 710.3181 707.9858 705.6535 703.3464 701.3314 699.3165 697.3016 695.2867 693.479 691.8334 690.1879 688.5423 686.9117 685.6125 684.3133 683.014 681.7148 681.3223 681.7495 682.1766 682.6037 683.0475 685.7916 688.5355 691.2795
793.9062 794.579 795.6473 796.7155 797.7837 798.4026 797.4561 796.5096 795.5631 794.6166 790.7402 785.6381 780.5359 775.4337 770.3478 765.3337 760.3195 755.3054 750.2912 748.3356 747.8929 747.4503 747.0076 746.43 745.0934 743.757 742.4205 741.0839 738.5438 735.306 732.0683 728.8306 725.8297 724.6493 723.4689 722.2886 721.1083 718.8995 715.9967 713.0938 710.191 707.319 704.8035 702.288 699.7726 697.2571 695.0999 693.2229 691.3459 689.4689 687.5969 685.8348 684.0728 682.3107 680.5486 679.6479 679.5261 679.4042 679.2824 679.1786 681.5566 683.9346 686.3126
797.1262 798.2646 799.8765 801.4883 803.1001 804.2674 803.886 803.5046 803.1233 802.7419 799.1384 794.187 789.2355 784.284 779.3267 774.3448 769.363 764.3811 759.3992 757.4543 757.0117 756.569 756.1264 755.5341 754.1007 752.6673 751.2339 749.8005 747.1089 743.6882 740.2675 736.8468 733.6517 732.1915 730.7313 729.2711 727.8109 725.1486 721.6754 718.202 714.7286 711.2916 708.2756 705.2596 702.2436 699.2276 696.7208 694.6124 692.504 690.3956 688.2822 686.0572 683.8322 681.6073 679.3823 677.9736 677.3027 676.6319 675.9611 675.3096 677.3216 679.3336 681.3457
800.3462 801.9501 804.1056 806.261 808.4164 810.1321 810.3159 810.4996 810.6833 810.8671 807.5366 802.7358 797.9351 793.1343 788.3055 783.3559 778.4063 773.4568 768.5072 766.573 766.1303 765.6877 765.2451 764.6381 763.1078 761.5776 760.0473 758.517 755.674 752.0703 748.4666 744.8629 741.4737 739.7336 737.9935 736.2535 734.5134 731.3978 727.3539 723.31 719.2662 715.2642 711.7476 708.2311 704.7145 701.198 698.3417 696.0019 693.662 691.3222 688.9673 686.2796 683.5917 680.9039 678.2161 676.2993 675.0794 673.8596 672.6398 671.4406 673.0867 674.7327 676.3788
804.252 806.1038 808.5653 811.0267 813.488 815.5057 815.978 816.4503 816.9226 817.3949 814.4446 810.0625 805.6804 801.2982 796.8336 792.0114 787.1892 782.367 777.5448 775.566 774.9937 774.4214 773.8491 773.111 771.4406 769.7702 768.0999 766.4294 763.4958 759.8301 756.1644 752.4987 749.0001 746.7856 744.5712 742.3568 740.1425 736.6627 732.3293 727.9957 723.6624 719.371 715.5701 711.769 707.968 704.167 700.9711 698.2486 695.5261 692.8036 690.0637 686.939 683.8141 680.6894 677.5646 675.1339 673.3305 671.5271 669.7237 667.9417 669.1051 670.2685 671.4319
808.326 810.3726 813.0816 815.7906 818.4995 820.7589 821.4518 822.1447 822.8377 823.5306 820.987 817.0892 813.1915 809.2938 805.2512 800.5797 795.9082 791.2367 786.5652 784.5283 783.7945 783.0607 782.327 781.429 779.6079 777.7868 775.9658 774.1446 771.1353 767.4373 763.7393 760.0413 756.4539 753.7173 750.9809 748.2444 745.508 741.6862 737.1321 732.5779 728.0237 723.5109 719.4785 715.446 711.4136 707.3812 703.8481 700.7057 697.5635 694.4211 691.261 687.7057 684.1502 680.5949 677.0396 674.0934 671.698 669.3026 666.907 664.5336 665.1857 665.8378 666.4899
812.4001 814.6413 817.5979 820.5544 823.511 826.0118 826.9255 827.8391 828.7527 829.6663 827.5293 824.116 820.7026 817.2893 813.6687 809.1479 804.6271 800.1063 795.5855 793.4904 792.5952 791.7 790.8047 789.7469 787.7751 785.8033 783.8316 781.8597 778.7746 775.0443 771.314 767.5837 763.9077 760.6491 757.3906 754.1321 750.8735 746.7097 741.9349 737.1599 732.3851 727.6508 723.3869 719.123 714.8591 710.5953 706.725 703.1629 699.6008 696.0387 692.4583 688.4724 684.4863 680.5004 676.5145 673.053 670.0655 667.078 664.0905 661.1255 661.2664 661.4072 661.548
