data/zism_data/00108_02_D.txt
ncols         224
nrows         224
[rows 84 to 111 of 224, columns 0 to 62 of 224]
4231.479 4230.323 4228.322 4226.321 4224.319 4222.18 4219.235 4216.29 4213.345 4210.4 4207.162 4203.709 4200.255 4196.802 4193.333 4187.692 4182.052 4176.412 4170.772 4164.537 4157.539 4150.541 4143.542 4136.544 4129.963 4123.446 4116.929 4110.411 4104.867 4101.599 4098.332 4095.064 4091.797 4089.596 4087.79 4085.985 4084.179 4082.421 4080.913 4079.406 4077.898 4076.39 4074.646 4072.739 4070.831 4068.924 4067.035 4065.961 4064.887 4063.813 4062.739 4063.32 4065.903 4068.486 4071.069 4073.651 4078.748 4084.177 4089.605 4095.034 4101.272 4109.281 4117.29
4228.15 4226.659 4224.363 4222.066 4219.77 4217.359 4214.274 4211.19 4208.106 4205.022 4201.827 4198.55 4195.273 4191.997 4188.704 4183.133 4177.563 4171.992 4166.422 4160.294 4153.451 4146.608 4139.766 4132.923 4126.517 4120.176 4113.835 4107.495 4102.198 4099.343 4096.488 4093.634 4090.779 4088.874 4087.32 4085.766 4084.212 4082.714 4081.507 4080.299 4079.092 4077.884 4076.393 4074.705 4073.017 4071.33 4069.657 4068.675 4067.692 4066.709 4065.727 4066.348 4068.909 4071.471 4074.032 4076.593 4081.621 4086.974 4092.328 4097.682 4103.889 4111.962 4120.035
4224.774 4223.013 4220.449 4217.885 4215.32 4212.662 4209.451 4206.241 4203.031 4199.82 4196.576 4193.306 4190.036 4186.766 4183.48 4178.127 4172.773 4167.419 4162.065 4156.138 4149.474 4142.81 4136.146 4129.482 4123.409 4117.426 4111.443 4105.46 4100.533 4098.082 4095.63 4093.177 4090.726 4089.115 4087.817 4086.518 4085.22 4083.975 4083.015 4082.054 4081.094 4080.133 4078.829 4077.287 4075.746 4074.204 4072.678 4071.816 4070.955 4070.094 4069.232 4070.038 4072.862 4075.686 4078.51 4081.334 4086.627 4092.246 4097.865 4103.485 4109.829 4117.755 4125.683
4221.369 4219.379 4216.563 4213.747 4210.931 4208.04 4204.711 4201.383 4198.055 4194.727 4191.376 4188.01 4184.644 4181.277 4177.898 4172.85 4167.801 4162.753 4157.705 4152.034 4145.563 4139.092 4132.621 4126.15 4120.508 4114.991 4109.474 4103.957 4099.477 4097.421 4095.366 4093.311 4091.255 4089.94 4088.899 4087.858 4086.816 4085.822 4085.076 4084.33 4083.584 4082.837 4081.681 4080.242 4078.802 4077.363 4075.939 4075.217 4074.494 4073.772 4073.05 4074.129 4077.387 4080.646 4083.904 4087.162 4092.922 4099.013 4105.104 4111.195 4117.777 4125.43 4133.084
4217.964 4215.745 4212.677 4209.609 4206.541 4203.417 4199.971 4196.525 4193.079 4189.632 4186.177 4182.714 4179.251 4175.788 4172.315 4167.573 4162.83 4158.087 4153.345 4147.929 4141.651 4135.374 4129.096 4122.818 4117.606 4112.556 4107.505 4102.455 4098.419 4096.761 4095.102 4093.444 4091.785 4090.765 4089.981 4089.197 4088.413 4087.669 4087.138 4086.606 4086.074 4085.542 4084.534 4083.196 4081.858 4080.521 4079.199 4078.617 4078.034 4077.451 4076.869 4078.221 4081.913 4085.605 4089.297 4092.99 4099.217 4105.78 4112.343 4118.906 4125.725 4133.105 4140.486
4214.56 4212.111 4208.792 4205.471 4202.151 4198.795 4195.231 4191.667 4188.103 4184.539 4180.977 4177.418 4173.858 4170.299 4166.733 4162.296 4157.859 4153.421 4148.984 4143.825 4137.741 4131.656 4125.571 4119.486 4114.705 4110.121 4105.536 4100.952 4097.362 4096.101 4094.839 4093.577 4092.315 4091.59 4091.063 4090.536 4090.01 4089.516 4089.199 4088.882 4088.564 4088.247 4087.386 4086.151 4084.915 4083.679 4082.46 4082.017 4081.574 4081.13 4080.687 4082.312 4086.438 4090.565 4094.691 4098.817 4105.513 4112.547 4119.582 4126.616 4133.674 4140.78 4147.887
4211.083 4208.42 4204.865 4201.311 4197.756 4194.183 4190.496 4186.809 4183.123 4179.436 4175.759 4172.088 4168.418 4164.748 4161.074 4156.927 4152.78 4148.633 4144.485 4139.594 4133.747 4127.899 4122.052 4116.205 4111.874 4107.771 4103.669 4099.566 4096.432 4095.561 4094.69 4093.819 4092.948 4092.53 4092.278 4092.026 4091.774 4091.545 4091.433 4091.321 4091.208 4091.096 4090.366 4089.21 4088.054 4086.897 4085.76 4085.477 4085.193 4084.91 4084.626 4086.558 4091.169 4095.781 4100.393 4105.004 4112.133 4119.595 4127.057 4134.52 4141.779 4148.597 4155.416
4206.861 4204.124 4200.521 4196.918 4193.315 4189.675 4185.817 4181.959 4178.101 4174.242 4170.341 4166.408 4162.475 4158.542 4154.608 4150.59 4146.572 4142.553 4138.535 4134.025 4128.886 4123.746 4118.606 4113.467 4109.787 4106.328 4102.869 4099.41 4096.825 4096.287 4095.748 4095.21 4094.671 4094.678 4094.888 4095.097 4095.306 4095.481 4095.476 4095.471 4095.466 4095.461 4094.683 4093.371 4092.06 4090.748 4089.467 4089.558 4089.65 4089.742 4089.834 4092.432 4098.062 4103.692 4109.322 4114.952 4122.167 4129.591 4137.016 4144.44 4151.533 4157.901 4164.269
4202.639 4199.827 4196.176 4192.525 4188.875 4185.168 4181.138 4177.108 4173.079 4169.049 4164.924 4160.728 4156.532 4152.336 4148.143 4144.253 4140.364 4136.474 4132.584 4128.457 4124.025 4119.593 4115.161 4110.729 4107.701 4104.885 4102.069 4099.253 4097.218 4097.012 4096.806 4096.6 4096.394 4096.828 4097.498 4098.168 4098.838 4099.417 4099.52 4099.622 4099.724 4099.826 4099.0 4097.533 4096.065 4094.598 4093.173 4093.64 4094.107 4094.574 4095.041 4098.306 4104.954 4111.603 4118.251 4124.899 4132.2 4139.587 4146.974 4154.361 4161.287 4167.205 4173.122
4198.417 4195.531 4191.832 4188.132 4184.433 4180.661 4176.459 4172.258 4168.057 4163.855 4159.506 4155.047 4150.589 4146.131 4141.678 4137.917 4134.155 4130.395 4126.633 4122.888 4119.164 4115.439 4111.715 4107.99 4105.614 4103.441 4101.269 4099.096 4097.612 4097.738 4097.864 4097.991 4098.117 4098.977 4100.108 4101.239 4102.37 4103.354 4103.563 4103.772 4103.981 4104.191 4103.317 4101.694 4100.072 4098.449 4096.88 4097.722 4098.564 4099.407 4100.249 4104.18 4111.847 4119.514 4127.181 4134.848 4142.234 4149.584 4156.933 4164.283 4171.042 4176.508 4181.976
4194.195 4191.234 4187.487 4183.739 4179.992 4176.153 4171.78 4167.408 4163.035 4158.662 4154.088 4149.368 4144.646 4139.925 4135.212 4131.58 4127.947 4124.315 4120.683 4117.32 4114.303 4111.286 4108.269 4105.252 4103.527 4101.998 4100.469 4098.939 4098.005 4098.464 4098.922 4099.381 4099.84 4101.125 4102.718 4104.31 4105.902 4107.29 4107.606 4107.923 4108.239 4108.556 4107.634 4105.855 4104.078 4102.299 4100.586 4101.804 4103.021 4104.239 4105.456 4110.054 4118.739 4127.425 4136.11 4144.796 4152.268 4159.58 4166.892 4174.204 4180.795 4185.812 4190.829
4189.757 4186.759 4182.996 4179.232 4175.469 4171.601 4167.115 4162.63 4158.145 4153.659 4148.951 4144.08 4139.208 4134.337 4129.476 4126.087 4122.699 4119.31 4115.921 4112.99 4110.645 4108.3 4105.956 4103.611 4102.548 4101.68 4100.812 4099.944 4099.63 4100.616 4101.602 4102.588 4103.574 4105.369 4107.463 4109.558 4111.652 4113.465 4113.803 4114.141 4114.479 4114.817 4113.76 4111.738 4109.716 4107.693 4105.746 4107.132 4108.518 4109.904 4111.29 4116.137 4125.171 4134.205 4143.239 4152.273 4159.841 4167.216 4174.591 4181.965 4188.584 4193.549 4198.514
4185.145 4182.137 4178.384 4174.632 4170.879 4167.011 4162.461 4157.912 4153.362 4148.812 4144.043 4139.112 4134.182 4129.251 4124.334 4121.284 4118.233 4115.182 4112.131 4109.671 4107.97 4106.268 4104.566 4102.865 4102.474 4102.281 4102.088 4101.896 4102.261 4103.933 4105.604 4107.276 4108.949 4111.32 4113.951 4116.582 4119.212 4121.467 4121.757 4122.046 4122.336 4122.626 4121.362 4119.024 4116.686 4114.347 4112.09 4113.476 4114.862 4116.248 4117.634 4122.391 4131.227 4140.063 4148.898 4157.733 4165.407 4172.926 4180.446 4187.965 4194.769 4200.007 4205.246
4180.532 4177.515 4173.773 4170.032 4166.29 4162.421 4157.807 4153.193 4148.579 4143.965 4139.134 4134.145 4129.156 4124.166 4119.193 4116.48 4113.767 4111.054 4108.34 4106.352 4105.294 4104.235 4103.177 4102.119 4102.399 4102.882 4103.364 4103.847 4104.891 4107.249 4109.607 4111.965 4114.323 4117.272 4120.438 4123.605 4126.771 4129.469 4129.71 4129.952 4130.194 4130.436 4128.965 4126.31 4123.655 4121.0 4118.434 4119.82 4121.206 4122.592 4123.978 4128.646 4137.283 4145.92 4154.558 4163.195 4170.973 4178.637 4186.301 4193.965 4200.954 4206.466 4211.978
4175.919 4172.894 4169.163 4165.432 4161.7 4157.831 4153.153 4148.475 4143.796 4139.118 4134.226 4129.178 4124.129 4119.081 4114.052 4111.677 4109.301 4106.926 4104.55 4103.033 4102.618 4102.203 4101.788 4101.373 4102.324 4103.482 4104.641 4105.799 4107.521 4110.565 4113.61 4116.654 4119.698 4123.223 4126.926 4130.628 4134.331 4137.47 4137.664 4137.857 4138.051 4138.245 4136.567 4133.596 4130.625 4127.654 4124.778 4126.164 4127.55 4128.936 4130.322 4134.9 4143.339 4151.778 4160.217 4168.655 4176.538 4184.347 4192.156 4199.965 4207.139 4212.924 4218.709
4171.311 4168.274 4164.553 4160.832 4157.111 4153.241 4148.501 4143.761 4139.021 4134.28 4129.333 4124.234 4119.135 4114.036 4108.959 4106.923 4104.886 4102.849 4100.813 4099.767 4099.993 4100.218 4100.444 4100.67 4102.292 4104.125 4105.958 4107.792 4110.192 4113.919 4117.646 4121.374 4125.101 4129.198 4133.433 4137.668 4141.903 4145.481 4145.626 4145.771 4145.916 4146.061 4144.179 4140.896 4137.613 4134.33 4131.149 4132.53 4133.911 4135.292 4136.672 4141.155 4149.388 4157.622 4165.856 4174.089 4182.079 4190.036 4197.992 4205.949 4213.311 4219.372 4225.434
4166.986 4163.835 4160.071 4156.307 4152.543 4148.651 4144.013 4139.375 4134.736 4130.098 4125.494 4120.915 4116.335 4111.756 4107.199 4105.57 4103.94 4102.311 4100.682 4100.074 4100.777 4101.479 4102.182 4102.885 4105.143 4107.635 4110.128 4112.621 4115.621 4119.809 4123.997 4128.185 4132.374 4136.787 4141.285 4145.782 4150.28 4154.068 4154.149 4154.229 4154.31 4154.391 4152.467 4149.157 4145.847 4142.537 4139.322 4140.349 4141.376 4142.403 4143.43 4147.418 4154.987 4162.556 4170.125 4177.694 4185.918 4194.229 4202.54 4210.85 4218.596 4225.107 4231.619
4162.661 4159.395 4155.588 4151.781 4147.974 4144.061 4139.524 4134.988 4130.452 4125.915 4121.654 4117.595 4113.536 4109.477 4105.438 4104.216 4102.995 4101.772 4100.551 4100.381 4101.561 4102.741 4103.92 4105.101 4107.994 4111.146 4114.297 4117.45 4121.05 4125.699 4130.348 4134.997 4139.646 4144.376 4149.137 4153.897 4158.657 4162.655 4162.672 4162.688 4162.705 4162.721 4160.755 4157.418 4154.081 4150.745 4147.496 4148.169 4148.842 4149.516 4150.188 4153.682 4160.586 4167.491 4174.395 4181.299 4189.758 4198.422 4207.087 4215.751 4223.881 4230.843 4237.805
4158.336 4154.956 4151.106 4147.256 4143.406 4139.471 4135.036 4130.602 4126.167 4121.732 4117.814 4114.275 4110.736 4107.197 4103.678 4102.863 4102.049 4101.234 4100.42 4100.688 4102.345 4104.002 4105.659 4107.316 4110.844 4114.655 4118.467 4122.278 4126.479 4131.589 4136.699 4141.809 4146.919 4151.965 4156.988 4162.011 4167.034 4171.243 4171.194 4171.146 4171.099 4171.051 4169.042 4165.679 4162.315 4158.952 4155.669 4155.988 4156.308 4156.627 4156.947 4159.946 4166.185 4172.425 4178.665 4184.904 4193.598 4202.616 4211.634 4220.652 4229.166 4236.578 4243.991
4154.011 4150.516 4146.623 4142.73 4138.838 4134.881 4130.548 4126.215 4121.882 4117.55 4113.975 4110.956 4107.936 4104.917 4101.917 4101.51 4101.103 4100.696 4100.289 4100.995 4103.129 4105.263 4107.397 4109.531 4113.695 4118.166 4122.636 4127.107 4131.908 4137.479 4143.05 4148.621 4154.192 4159.555 4164.84 4170.125 4175.411 4179.83 4179.718 4179.605 4179.493 4179.381 4177.33 4173.94 4170.549 4167.159 4163.842 4163.808 4163.774 4163.739 4163.705 4166.209 4171.784 4177.359 4182.934 4188.509 4197.438 4206.81 4216.182 4225.553 4234.452 4242.314 4250.177
4150.469 4146.82 4142.843 4138.867 4134.89 4130.884 4126.708 4122.53 4118.353 4114.176 4110.955 4108.435 4105.916 4103.396 4100.895 4100.916 4100.937 4100.958 4100.978 4102.145 4104.781 4107.418 4110.055 4112.692 4117.327 4122.265 4127.203 4132.141 4137.346 4143.175 4149.005 4154.834 4160.664 4166.135 4171.473 4176.811 4182.149 4186.633 4186.654 4186.674 4186.695 4186.716 4184.821 4181.601 4178.381 4175.162 4172.003 4171.603 4171.202 4170.801 4170.4 4172.5 4177.625 4182.751 4187.877 4193.002 4202.109 4211.743 4221.376 4231.01 4240.117 4248.073 4256.029
4147.78 4143.936 4139.831 4135.725 4131.62 4127.536 4123.573 4119.61 4115.647 4111.685 4108.83 4106.787 4104.744 4102.702 4100.678 4101.149 4101.62 4102.091 4102.562 4104.214 4107.382 4110.549 4113.717 4116.884 4121.813 4127.008 4132.203 4137.398 4142.794 4148.662 4154.529 4160.396 4166.263 4171.615 4176.776 4181.937 4187.098 4191.49 4191.859 4192.228 4192.597 4192.966 4191.442 4188.608 4185.774 4182.94 4180.151 4179.37 4178.588 4177.807 4177.026 4178.82 4183.731 4188.643 4193.554 4198.465 4207.689 4217.483 4227.277 4237.072 4246.197 4253.858 4261.52
4145.092 4141.051 4136.817 4132.583 4128.35 4124.187 4120.438 4116.69 4112.942 4109.194 4106.704 4105.139 4103.573 4102.008 4100.46 4101.382 4102.303 4103.225 4104.146 4106.284 4109.982 4113.68 4117.378 4121.076 4126.298 4131.75 4137.203 4142.656 4148.243 4154.148 4160.053 4165.958 4171.862 4177.095 4182.079 4187.063 4192.047 4196.346 4197.064 4197.782 4198.499 4199.217 4198.063 4195.615 4193.167 4190.719 4188.299 4187.137 4185.975 4184.813 4183.651 4185.141 4189.837 4194.534 4199.231 4203.928 4213.269 4223.224 4233.179 4243.134 4252.276 4259.643 4267.01
4142.403 4138.167 4133.805 4129.442 4125.08 4120.838 4117.304 4113.771 4110.236 4106.703 4104.579 4103.491 4102.402 4101.313 4100.243 4101.615 4102.987 4104.358 4105.73 4108.353 4112.582 4116.811 4121.04 4125.269 4130.784 4136.493 4142.203 4147.913 4153.692 4159.634 4165.577 4171.519 4177.461 4182.575 4187.382 4192.189 4196.997 4201.203 4202.269 4203.335 4204.401 4205.467 4204.684 4202.622 4200.56 4198.498 4196.447 4194.905 4193.362 4191.819 4190.277 4191.461 4195.943 4200.425 4204.908 4209.39 4218.848 4228.964 4239.08 4249.196 4258.356 4265.428 4272.5
4139.715 4135.283 4130.792 4126.3 4121.809 4117.489 4114.17 4110.85 4107.531 4104.211 4102.454 4101.842 4101.231 4100.62 4100.026 4101.848 4103.67 4105.492 4107.314 4110.422 4115.182 4119.941 4124.701 4129.46 4135.269 4141.236 4147.203 4153.17 4159.141 4165.121 4171.101 4177.08 4183.06 4188.055 4192.685 4197.315 4201.946 4206.06 4207.474 4208.889 4210.303 4211.718 4211.305 4209.629 4207.953 4206.277 4204.595 4202.672 4200.749 4198.826 4196.902 4197.781 4202.049 4206.317 4210.585 4214.853 4224.428 4234.705 4244.981 4255.258 4264.436 4271.213 4277.99
4139.299 4134.694 4129.994 4125.293 4120.592 4116.116 4112.95 4109.785 4106.619 4103.453 4101.951 4101.67 4101.39 4101.109 4100.848 4103.16 4105.473 4107.786 4110.098 4113.505 4118.315 4123.125 4127.936 4132.747 4138.562 4144.528 4150.495 4156.462 4162.383 4168.199 4174.014 4179.829 4185.645 4190.628 4195.304 4199.979 4204.655 4208.879 4210.743 4212.607 4214.471 4216.335 4216.349 4215.084 4213.819 4212.555 4211.277 4209.433 4207.588 4205.744 4203.9 4204.759 4208.888 4213.018 4217.146 4221.276 4230.375 4240.13 4249.886 4259.642 4268.269 4274.428 4280.587
4139.023 4134.247 4129.332 4124.417 4119.501 4114.864 4111.848 4108.833 4105.817 4102.802 4101.549 4101.59 4101.631 4101.672 4101.733 4104.539 4107.345 4110.15 4112.957 4116.649 4121.481 4126.313 4131.145 4135.977 4141.781 4147.731 4153.682 4159.633 4165.49 4171.129 4176.767 4182.406 4188.044 4193.022 4197.757 4202.492 4207.227 4211.573 4213.893 4216.212 4218.532 4220.852 4221.296 4220.444 4219.592 4218.74 4217.869 4216.131 4214.395 4212.657 4210.92 4211.777 4215.772 4219.768 4223.763 4227.758 4236.344 4245.537 4254.73 4263.923 4271.963 4277.484 4283.005
4138.748 4133.799 4128.67 4123.541 4118.411 4113.612 4110.747 4107.881 4105.016 4102.15 4101.146 4101.509 4101.872 4102.234 4102.618 4105.917 4109.216 4112.516 4115.814 4119.794 4124.647 4129.501 4134.354 4139.208 4145.0 4150.935 4156.869 4162.804 4168.597 4174.059 4179.52 4184.981 4190.443 4195.417 4200.211 4205.004 4209.798 4214.267 4217.042 4219.818 4222.593 4225.368 4226.243 4225.804 4225.364 4224.925 4224.46 4222.83 4221.2 4219.57 4217.94 4218.795 4222.657 4226.518 4230.379 4234.24 4242.313 4250.943 4259.574 4268.204 4275.658 4280.541 4285.424
