data/zism_data/00106_01_D.txt
ncols         224
nrows         224
[rows 116 to 144 of 224, columns 130 to 194 of 224]
899.0 899.0 899.0 899.0 899.0 899.0 899.0 899.0 899.0 899.0 899.0 899.0 899.0 899.0 899.0 899.0 899.0 899.0 899.0 899.0 899.0 899.0 899.0404 899.1143 899.1881 899.262 899.3348 899.3717 899.4086 899.4456 899.4825 899.444 899.3332 899.2224 899.1116 899.0008 899.2933 899.5887 899.8842 900.1796 900.8258 901.8599 902.8939 903.9279 904.962 907.9218 910.9685 914.0152 917.0619 923.0146 932.6831 942.3518 952.0203 961.6889 969.3806 976.9022 984.4239 991.9457 997.5573 1000.338 1003.119 1005.899 1008.68 1010.498 1012.191
899.0 899.0 899.0 899.0 899.0 899.0 899.0 899.0 899.0 899.0 899.0 899.0 899.0 899.0 899.0 899.0 899.0 899.0 899.0 899.0 899.0 899.0 899.0522 899.1478 899.2433 899.3389 899.433 899.4808 899.5286 899.5764 899.6241 899.5743 899.431 899.2877 899.1443 899.001 899.3795 899.7616 900.1438 900.526 901.3619 902.6995 904.0372 905.3749 906.7125 910.5414 914.4826 918.4238 922.3651 929.248 939.8924 950.5369 961.1813 971.8257 978.636 985.1168 991.5975 998.0784 1002.577 1004.138 1005.699 1007.259 1008.82 1009.596 1010.27
899.0853 899.1042 899.123 899.1419 899.1287 899.0957 899.0627 899.0297 899.0 899.0 899.0 899.0 899.0 899.0 899.0 899.0 899.0 899.0018 899.0301 899.0584 899.0867 899.115 899.2202 899.3893 899.5584 899.7275 899.9044 900.3448 900.7853 901.2258 901.6663 902.0616 902.4138 902.7659 903.1181 903.4703 904.0507 904.6328 905.2148 905.7969 907.1796 909.4479 911.7162 913.9844 916.2527 921.0679 925.998 930.928 935.8581 943.0208 953.0381 963.0557 973.0731 983.0905 988.2589 993.0103 997.7618 1002.513 1005.556 1006.067 1006.578 1007.089 1007.599 1008.103 1008.607
899.1835 899.224 899.2645 899.3051 899.2767 899.2057 899.1348 899.0638 899.0 899.0 899.0 899.0 899.0 899.0 899.0 899.0 899.0 899.004 899.0648 899.1255 899.1863 899.2472 899.4117 899.662 899.9125 900.1628 900.4317 901.3221 902.2126 903.103 903.9935 904.9025 905.8293 906.756 907.6829 908.6097 909.4095 910.2084 911.0073 911.8063 913.7894 917.0823 920.3752 923.6682 926.9611 932.7802 938.7131 944.6461 950.5792 957.9239 967.0739 976.2241 985.374 994.524 997.9363 1000.855 1003.774 1006.694 1008.23 1007.716 1007.202 1006.688 1006.174 1006.522 1006.982
899.2816 899.3438 899.4061 899.4683 899.4246 899.3157 899.2068 899.098 899.0 899.0 899.0 899.0 899.0 899.0 899.0 899.0 899.0 899.006 899.0994 899.1927 899.2861 899.3794 899.6031 899.9348 900.2665 900.5983 900.959 902.2994 903.6398 904.9803 906.3207 907.7433 909.2449 910.7463 912.2478 913.7493 914.7686 915.7843 916.8 917.8159 920.3994 924.717 929.0346 933.3522 937.6697 944.4927 951.4287 958.3646 965.3007 972.8276 981.1101 989.3928 997.6754 1005.958 1007.614 1008.701 1009.787 1010.874 1010.903 1009.365 1007.826 1006.287 1004.749 1004.94 1005.357
899.3797 899.4636 899.5475 899.6315 899.5726 899.4258 899.2789 899.1321 899.0 899.0 899.0 899.0 899.0 899.0 899.0 899.0 899.0 899.0082 899.134 899.2599 899.3857 899.5116 899.7945 900.2075 900.6205 901.0336 901.4863 903.2767 905.067 906.8575 908.6478 910.5842 912.6603 914.7365 916.8126 918.8887 920.1274 921.36 922.5926 923.8252 927.0092 932.3514 937.6937 943.0359 948.3781 956.205 964.1439 972.0827 980.0217 987.7307 995.1459 1002.561 1009.976 1017.391 1017.292 1016.546 1015.8 1015.054 1013.576 1011.013 1008.45 1005.887 1003.324 1003.359 1003.732
899.4859 899.577 899.6682 899.7593 899.6954 899.5359 899.3764 899.2169 899.0718 899.0556 899.0393 899.0231 899.0068 899.0063 899.0172 899.028 899.0388 899.0666 899.3389 899.6111 899.8833 900.1556 900.6639 901.3679 902.0718 902.7758 903.5285 905.9261 908.3237 910.7213 913.1188 915.6384 918.2747 920.911 923.5473 926.1837 927.6363 929.0803 930.5244 931.9684 935.5577 941.5198 947.4819 953.444 959.4061 967.7352 976.1711 984.6069 993.0428 1000.725 1007.445 1014.164 1020.884 1027.603 1026.077 1023.842 1021.607 1019.372 1016.595 1013.012 1009.43 1005.848 1002.265 1002.351 1002.914
899.6082 899.6777 899.7471 899.8166 899.7679 899.6464 899.5248 899.4033 899.2874 899.2223 899.1573 899.0922 899.0272 899.0253 899.0687 899.112 899.1554 899.2378 899.8842 900.5305 901.1768 901.8231 902.8893 904.3035 905.7177 907.1319 908.601 911.9202 915.2394 918.5588 921.878 925.1198 928.2875 931.4551 934.6227 937.7905 939.446 941.0906 942.7354 944.3799 947.9845 953.7568 959.5292 965.3016 971.0739 978.902 986.8228 994.7436 1002.664 1009.903 1016.27 1022.637 1029.005 1035.371 1033.078 1030.041 1027.004 1023.967 1020.304 1015.713 1011.122 1006.531 1001.941 1002.491 1003.71
899.7305 899.7783 899.8261 899.8738 899.8403 899.7568 899.6732 899.5895 899.5029 899.389 899.2752 899.1614 899.0475 899.0443 899.1201 899.196 899.2719 899.409 900.4294 901.4498 902.4702 903.4906 905.1146 907.2391 909.3635 911.4879 913.6732 917.9141 922.155 926.396 930.6369 934.601 938.2999 941.9989 945.6978 949.3968 951.2554 953.1006 954.9459 956.7911 960.4109 965.9935 971.5761 977.1587 982.7413 990.0684 997.4741 1004.88 1012.286 1019.081 1025.096 1031.11 1037.125 1043.139 1040.08 1036.24 1032.4 1028.561 1024.012 1018.413 1012.814 1007.215 1001.616 1002.63 1004.505
899.8528 899.879 899.905 899.9312 899.9128 899.8672 899.8215 899.7759 899.7184 899.5558 899.3931 899.2305 899.0679 899.0632 899.1716 899.28 899.3885 899.5802 900.9747 902.3691 903.7637 905.1581 907.34 910.1747 913.0093 915.8439 918.7456 923.9082 929.0708 934.2335 939.3961 944.0825 948.3127 952.543 956.7733 961.0035 963.0651 965.1109 967.1568 969.2026 972.8376 978.2305 983.6234 989.0162 994.4091 1001.235 1008.126 1015.017 1021.907 1028.259 1033.921 1039.583 1045.245 1050.908 1047.081 1042.439 1037.797 1033.155 1027.721 1021.114 1014.506 1007.898 1001.291 1002.77 1005.301
899.9752 899.9796 899.984 899.9884 899.9853 899.9776 899.9699 899.9622 899.934 899.7225 899.5111 899.2997 899.0883 899.0822 899.2231 899.3641 899.505 899.7514 901.52 903.2885 905.0571 906.8257 909.5654 913.1103 916.6551 920.1999 923.8178 929.9021 935.9863 942.0707 948.155 953.5636 958.3252 963.0867 967.8483 972.6099 974.8744 977.1208 979.3673 981.6137 985.264 990.4671 995.6703 1000.873 1006.076 1012.402 1018.777 1025.153 1031.529 1037.437 1042.746 1048.056 1053.366 1058.676 1054.082 1048.638 1043.193 1037.749 1031.43 1023.814 1016.198 1008.582 1000.966 1002.909 1006.096
900.0 900.0 900.0 900.0 900.0 900.0 900.0 900.0 899.9973 899.9704 899.9435 899.9167 899.8898 900.2215 900.8098 901.3982 901.9866 902.6765 904.832 906.9877 909.1433 911.2989 914.541 918.6837 922.8264 926.9691 931.1725 937.4265 943.6805 949.9346 956.1886 961.5124 965.9453 970.3782 974.8111 979.244 981.4393 983.6184 985.7975 987.9766 991.5117 996.5466 1001.582 1006.617 1011.651 1018.047 1024.504 1030.961 1037.418 1043.43 1048.871 1054.312 1059.754 1065.195 1061.051 1056.084 1051.116 1046.148 1040.151 1032.629 1025.107 1017.584 1010.062 1011.939 1015.039
900.0 900.0 900.0 900.0 900.0 900.0 900.0 900.0 900.0219 900.239 900.4561 900.6732 900.8903 901.6459 902.7873 903.9286 905.0701 906.3024 908.8483 911.3942 913.9402 916.4862 920.2164 924.9284 929.6403 934.3522 939.108 945.3403 951.5726 957.8049 964.0372 969.0707 972.9561 976.8414 980.7267 984.6121 986.6689 988.7125 990.756 992.7996 996.1863 1001.059 1005.931 1010.803 1015.675 1022.287 1028.977 1035.667 1042.358 1048.612 1054.308 1060.004 1065.7 1071.396 1068.012 1063.846 1059.681 1055.516 1050.149 1043.0 1035.852 1028.704 1021.556 1023.231 1026.054
900.0 900.0 900.0 900.0 900.0 900.0 900.0 900.0 900.0464 900.5075 900.9686 901.4296 901.8907 903.0705 904.7649 906.4592 908.1536 909.9284 912.8647 915.801 918.7374 921.6736 925.892 931.1733 936.4545 941.7357 947.0436 953.2543 959.4648 965.6755 971.8862 976.6293 979.9671 983.3049 986.6426 989.9804 991.8987 993.8067 995.7147 997.6227 1000.861 1005.571 1010.28 1014.99 1019.7 1026.527 1033.451 1040.374 1047.297 1053.794 1059.745 1065.696 1071.647 1077.598 1074.972 1071.609 1068.246 1064.884 1060.146 1053.372 1046.598 1039.824 1033.05 1034.524 1037.07
900.0 900.0 900.0 900.0 900.0 900.0 900.0 900.0 900.071 900.7761 901.4811 902.1861 902.8912 904.495 906.7424 908.9897 911.2371 913.5543 916.881 920.2076 923.5343 926.861 931.5675 937.418 943.2684 949.1188 954.9791 961.168 967.3569 973.5459 979.7348 984.1877 986.9779 989.7681 992.5583 995.3485 997.1283 998.9008 1000.673 1002.446 1005.536 1010.083 1014.63 1019.177 1023.724 1030.767 1037.924 1045.08 1052.237 1058.976 1065.182 1071.388 1077.593 1083.799 1081.932 1079.372 1076.812 1074.251 1070.144 1063.744 1057.344 1050.944 1044.544 1045.816 1048.086
900.048 900.0565 900.0649 900.0734 900.1108 900.166 900.2211 900.2763 900.4294 901.4576 902.4859 903.5141 904.5423 906.59 909.3678 912.1455 914.9233 917.7576 921.4095 925.0615 928.7135 932.3654 937.4332 943.6747 949.9162 956.1577 962.3915 968.365 974.3384 980.312 986.2855 990.3655 992.6322 994.8989 997.1655 999.4322 1000.996 1002.556 1004.115 1005.674 1008.524 1012.802 1017.081 1021.359 1025.637 1032.772 1040.036 1047.299 1054.563 1061.516 1068.071 1074.627 1081.182 1087.738 1086.747 1085.108 1083.468 1081.829 1078.497 1072.656 1066.816 1060.975 1055.134 1056.046 1057.836
900.2319 900.2729 900.314 900.355 900.5355 900.8021 901.0687 901.3353 901.7338 903.3095 904.8853 906.461 908.0367 910.5847 913.8287 917.0726 920.3167 923.5962 927.389 931.1819 934.9749 938.7678 943.8372 949.9649 956.0925 962.2201 968.3214 973.5305 978.7395 983.9486 989.1577 992.6312 994.4425 996.2538 998.0651 999.8763 1001.007 1002.132 1003.258 1004.383 1006.735 1010.444 1014.153 1017.862 1021.571 1028.443 1035.457 1042.472 1049.486 1056.57 1063.744 1070.917 1078.09 1085.264 1085.48 1085.099 1084.717 1084.336 1082.192 1077.435 1072.679 1067.922 1063.166 1063.267 1064.0
900.4158 900.4894 900.5629 900.6365 900.9603 901.4383 901.9163 902.3943 903.0381 905.1614 907.2847 909.4081 911.5314 914.5795 918.2897 921.9999 925.7102 929.4349 933.3687 937.3026 941.2365 945.1703 950.2413 956.2552 962.269 968.2828 974.2515 978.6961 983.1407 987.5854 992.03 994.8969 996.2529 997.6087 998.9646 1000.32 1001.017 1001.709 1002.4 1003.092 1004.946 1008.086 1011.226 1014.366 1017.505 1024.114 1030.879 1037.644 1044.409 1051.624 1059.416 1067.207 1074.999 1082.79 1084.214 1085.09 1085.966 1086.842 1085.886 1082.214 1078.542 1074.87 1071.198 1070.488 1070.163
900.5998 900.7059 900.812 900.918 901.385 902.0745 902.7639 903.4534 904.3423 907.0132 909.6841 912.355 915.0259 918.5742 922.7506 926.9271 931.1036 935.2734 939.3482 943.423 947.4979 951.5726 956.6453 962.5453 968.4453 974.3452 980.1813 983.8616 987.5417 991.222 994.9022 997.1626 998.0631 998.9636 999.8641 1000.765 1001.027 1001.285 1001.543 1001.801 1003.157 1005.728 1008.299 1010.869 1013.44 1019.785 1026.3 1032.816 1039.332 1046.678 1055.088 1063.497 1071.907 1080.316 1082.947 1085.081 1087.215 1089.349 1089.581 1086.993 1084.405 1081.817 1079.229 1077.709 1076.327
900.7837 900.9223 901.0609 901.1995 901.8098 902.7106 903.6115 904.5124 905.6467 908.8651 912.0836 915.3021 918.5204 922.5689 927.2116 931.8543 936.4971 941.1122 945.3279 949.5436 953.7595 957.9752 963.0495 968.8357 974.6218 980.4078 986.1114 989.0272 991.9429 994.8588 997.7746 999.4283 999.8735 1000.319 1000.764 1001.209 1001.038 1000.862 1000.686 1000.51 1001.369 1003.37 1005.371 1007.372 1009.374 1015.456 1021.722 1027.988 1034.254 1041.732 1050.76 1059.787 1068.815 1077.842 1081.68 1085.072 1088.464 1091.856 1093.275 1091.772 1090.268 1088.764 1087.261 1084.93 1082.491
901.6073 901.8727 902.1382 902.4036 903.2076 904.3434 905.4793 906.6152 907.9741 911.3236 914.6732 918.0228 921.3723 925.4839 930.1411 934.7983 939.4555 944.0906 948.408 952.7254 957.0429 961.3603 966.3154 971.7991 977.2828 982.7664 988.1659 990.7219 993.278 995.834 998.39 999.7535 999.975 1000.197 1000.418 1000.64 1000.161 999.6773 999.1936 998.7099 999.1918 1000.742 1002.292 1003.842 1005.391 1010.734 1016.248 1021.762 1027.276 1034.134 1042.711 1051.288 1059.865 1068.442 1073.109 1077.441 1081.772 1086.104 1088.273 1087.236 1086.2 1085.164 1084.128 1080.863 1077.308
902.674 903.1021 903.5301 903.9582 904.9751 906.355 907.7348 909.1147 910.6902 914.0126 917.3351 920.6576 923.98 927.9887 932.4886 936.9886 941.4886 945.9823 950.3865 954.7906 959.1948 963.5989 968.3888 973.4985 978.6081 983.7177 988.7479 991.0979 993.4479 995.7979 998.1479 999.3414 999.4274 999.5134 999.5993 999.6852 998.9473 998.2034 997.4595 996.7156 996.8678 998.011 999.1544 1000.298 1001.441 1005.864 1010.434 1015.005 1019.575 1025.528 1033.249 1040.969 1048.689 1056.41 1061.763 1066.913 1072.063 1077.214 1079.965 1079.162 1078.359 1077.556 1076.753 1072.507 1067.814
903.7407 904.3314 904.9221 905.5128 906.7427 908.3666 909.9904 911.6142 913.4064 916.7017 919.9971 923.2925 926.5878 930.4936 934.8363 939.179 943.5218 947.8741 952.3649 956.8558 961.3468 965.8377 970.4623 975.1979 979.9334 984.6689 989.3299 991.4739 993.6178 995.7618 997.9058 998.9293 998.8797 998.8301 998.7805 998.731 997.7336 996.7296 995.7254 994.7213 994.5436 995.2803 996.017 996.7536 997.4902 1000.993 1004.62 1008.247 1011.874 1016.922 1023.786 1030.65 1037.513 1044.377 1050.417 1056.385 1062.354 1068.323 1071.657 1071.087 1070.517 1069.948 1069.378 1064.152 1058.32
904.8073 905.5607 906.314 907.0674 908.5103 910.3781 912.2458 914.1136 916.1225 919.3907 922.6591 925.9273 929.1956 932.9984 937.1838 941.3693 945.5549 949.7657 954.3434 958.921 963.4987 968.0764 972.5358 976.8973 981.2587 985.6201 989.9119 991.8498 993.7877 995.7257 997.6636 998.5172 998.332 998.1469 997.9618 997.7767 996.52 995.2557 993.9913 992.7269 992.2196 992.5496 992.8796 993.2097 993.5397 996.122 998.8058 1001.49 1004.174 1008.316 1014.323 1020.331 1026.338 1032.345 1039.071 1045.858 1052.645 1059.433 1063.35 1063.013 1062.676 1062.339 1062.003 1055.796 1048.826
905.7192 906.6169 907.5145 908.4122 910.0262 912.0818 914.1374 916.193 918.3602 921.5237 924.6873 927.8507 931.0142 934.652 938.6292 942.6063 946.5836 950.6013 955.2044 959.8075 964.4106 969.0137 973.2796 977.266 981.2523 985.2386 989.1633 991.0076 992.8519 994.6962 996.5405 997.3097 997.0493 996.7889 996.5285 996.2681 994.8591 993.4417 992.0244 990.607 989.8859 989.9349 989.984 990.033 990.082 991.9196 993.8379 995.7561 997.6744 1001.02 1006.191 1011.362 1016.533 1021.705 1028.842 1036.149 1043.456 1050.762 1055.005 1054.705 1054.405 1054.105 1053.805 1046.58 1038.454
905.9647 906.9274 907.89 908.8527 910.4581 912.4594 914.4608 916.4622 918.5364 921.2607 923.9852 926.7095 929.4339 932.6388 936.1877 939.7366 943.2855 946.8873 951.2518 955.6163 959.981 964.3455 968.2958 971.9026 975.5095 979.1163 982.6837 984.9183 987.1528 989.3875 991.6221 992.6765 992.6004 992.5243 992.4482 992.3722 991.2713 990.163 989.0546 987.9463 987.5111 987.8204 988.1296 988.4389 988.7482 990.597 992.5152 994.4334 996.3517 999.3691 1003.792 1008.215 1012.638 1017.061 1023.431 1029.967 1036.504 1043.041 1046.498 1045.391 1044.283 1043.175 1042.068 1033.661 1024.304
906.2101 907.2378 908.2656 909.2933 910.8899 912.837 914.7842 916.7314 918.7126 920.9978 923.2831 925.5683 927.8535 930.6256 933.7462 936.8668 939.9874 943.173 947.2991 951.425 955.5511 959.6771 963.3118 966.5391 969.7664 972.9937 976.2037 978.8287 981.4536 984.0786 986.7036 988.0431 988.1514 988.2596 988.3679 988.4762 987.6834 986.8841 986.0848 985.2855 985.1362 985.7057 986.2752 986.8447 987.4142 989.2742 991.1925 993.1107 995.029 997.7181 1001.393 1005.068 1008.742 1012.417 1018.019 1023.786 1029.552 1035.32 1037.991 1036.076 1034.161 1032.245 1030.33 1020.741 1010.153
906.4554 907.5483 908.6411 909.7338 911.3217 913.2147 915.1076 917.0005 918.8888 920.7349 922.581 924.4271 926.2732 928.6124 931.3047 933.997 936.6893 939.459 943.3464 947.2339 951.1215 955.0089 958.3279 961.1758 964.0236 966.8713 969.724 972.7393 975.7546 978.77 981.7853 983.4099 983.7025 983.9951 984.2877 984.5803 984.0956 983.6054 983.1151 982.6248 982.7614 983.5911 984.4208 985.2505 986.0803 987.9516 989.8698 991.7881 993.7064 996.0671 998.9937 1001.92 1004.847 1007.774 1012.607 1017.604 1022.601 1027.598 1029.485 1026.762 1024.039 1021.315 1018.592 1007.821 996.0027
906.7009 907.8587 909.0166 910.1744 911.7535 913.5923 915.431 917.2697 919.065 920.4719 921.8789 923.2859 924.6928 926.5992 928.8632 931.1271 933.3912 935.7448 939.3937 943.0426 946.6916 950.3405 953.3439 955.8122 958.2805 960.7488 963.2441 966.6497 970.0554 973.4611 976.8668 978.7765 979.2534 979.7303 980.2073 980.6843 980.5078 980.3265 980.1453 979.9641 980.3864 981.4764 982.5664 983.6564 984.7464 986.6289 988.5471 990.4653 992.3836 994.4161 996.5945 998.773 1000.951 1003.13 1007.195 1011.422 1015.649 1019.877 1020.978 1017.447 1013.916 1010.385 1006.854 994.9009 981.8519
