data/zism_data/00110_04_D.txt
ncols         224
nrows         224
[rows 0 to 27 of 224, columns 0 to 62 of 224]
500.4507 500.3103 500.1698 500.0407 500.0317 500.0227 500.0136 500.0046 500.0 500.0 500.0 500.0 500.0 500.0 500.0 500.0 500.0 500.0 500.0 500.0 500.0 500.0 500.0 500.0 500.0 500.0 500.0 500.0 500.0 500.0 500.0 500.0 500.0 500.0 500.0 500.0 500.0 500.0 500.0 500.0 500.0 500.0 500.0 500.0 500.0 500.0 500.0 500.0 500.0 500.0 500.0 500.0 500.0 500.0 500.0 500.0 500.0 500.0 500.0 500.0 500.0 500.0 500.0
500.3562 500.2339 500.1117 500.0 500.0 500.0 500.0 500.0 500.0 500.0 500.0 500.0 500.0 500.0 500.0 500.0 500.0 500.0 500.0 500.0 500.0 500.0 500.0 500.0 500.0 500.0 500.0 500.0 500.0 500.0 500.0 500.0 500.0 500.0 500.0 500.0 500.0 500.0 500.0 500.0 500.0 500.0 500.0 500.0 500.0 500.0 500.0 500.0 500.0 500.0 500.0 500.0 500.0 500.0 500.0 500.0 500.0 500.0 500.0 500.0 500.0 500.0 500.0
500.2638 500.1732 500.0827 500.0 500.0 500.0 500.0 500.0 500.0 500.0 500.0 500.0 500.0 500.0 500.0 500.0 500.0 500.0 500.0 500.0 500.0 500.0 500.0 500.0 500.0 500.0 500.0 500.0 500.0 500.0 500.0 500.0 500.0 500.0 500.0 500.0 500.0 500.0 500.0 500.0 500.0 500.0 500.0 500.0 500.0 500.0 500.0 500.0 500.0 500.0 500.0 500.0 500.0 500.0 500.0 500.0 500.0 500.0 500.0 500.0 500.0 500.0 500.0
500.1714 500.1125 500.0537 500.0 500.0 500.0 500.0 500.0 500.0 500.0 500.0 500.0 500.0 500.0 500.0 500.0 500.0 500.0 500.0 500.0 500.0 500.0 500.0 500.0 500.0 500.0 500.0 500.0 500.0 500.0 500.0 500.0 500.0 500.0 500.0 500.0 500.0 500.0 500.0 500.0 500.0 500.0 500.0 500.0 500.0 500.0 500.0 500.0 500.0 500.0 500.0 500.0 500.0 500.0 500.0 500.0 500.0 500.0 500.0 500.0 500.0 500.0 500.0
500.0789 500.0518 500.0247 500.0 500.0 500.0 500.0 500.0 500.0 500.0 500.0 500.0 500.0 500.0 500.0 500.0 500.0 500.0 500.0 500.0 500.0 500.0 500.0 500.0 500.0 500.0 500.0 500.0 500.0 500.0 500.0 500.0 500.0 500.0 500.0 500.0 500.0 500.0 500.0 500.0 500.0 500.0 500.0 500.0 500.0 500.0 500.0 500.0 500.0 500.0 500.0 500.0 500.0 500.0 500.0 500.0 500.0 500.0 500.0 500.0 500.0 500.0 500.0
500.0482 500.0536 500.059 500.0639 500.0639 500.0639 500.0639 500.0639 500.0639 500.0639 500.0639 500.0639 500.0639 500.0598 500.0551 500.0505 500.0459 500.0401 500.0316 500.0231 500.0146 500.0062 500.003 500.0022 500.0015 500.0007 500.0 500.0 500.0 500.0 500.0 500.0 500.0 500.0 500.0 500.0 500.0 500.0 500.0 500.0 500.0 500.0 500.0 500.0 500.0 500.0 500.0 500.0 500.0 500.0 500.0 500.0 500.0 500.0 500.0 500.0 500.0 500.0 500.0 500.0 500.0 500.0 500.0
500.378 500.4204 500.4629 500.5016 500.5016 500.5016 500.5016 500.5016 500.5016 500.5016 500.5016 500.5016 500.5016 500.4692 500.4329 500.3965 500.3602 500.315 500.2483 500.1816 500.115 500.0483 500.0237 500.0176 500.0115 500.0055 500.0 500.0 500.0 500.0 500.0 500.0 500.0 500.0 500.0 500.0 500.0 500.0 500.0 500.0 500.0 500.0 500.0 500.0 500.0 500.0 500.0 500.0 500.0 500.0 500.0 500.0 500.0 500.0 500.0 500.0 500.0 500.0 500.0 500.0 500.0 500.0 500.0
500.7079 500.7874 500.8668 500.9393 500.9393 500.9393 500.9393 500.9393 500.9393 500.9393 500.9393 500.9393 500.9393 500.8787 500.8106 500.7425 500.6744 500.5898 500.465 500.3401 500.2153 500.0905 500.0443 500.033 500.0216 500.0103 500.0 500.0 500.0 500.0 500.0 500.0 500.0 500.0 500.0 500.0 500.0 500.0 500.0 500.0 500.0 500.0 500.0 500.0 500.0 500.0 500.0 500.0 500.0 500.0 500.0 500.0 500.0 500.0 500.0 500.0 500.0 500.0 500.0 500.0 500.0 500.0 500.0
501.0378 501.1542 501.2707 501.377 501.377 501.377 501.377 501.377 501.377 501.377 501.377 501.377 501.377 501.2882 501.1884 501.0885 500.9887 500.8646 500.6816 500.4986 500.3156 500.1326 500.065 500.0483 500.0317 500.015 500.0 500.0 500.0 500.0 500.0 500.0 500.0 500.0 500.0 500.0 500.0 500.0 500.0 500.0 500.0 500.0 500.0 500.0 500.0 500.0 500.0 500.0 500.0 500.0 500.0 500.0 500.0 500.0 500.0 500.0 500.0 500.0 500.0 500.0 500.0 500.0 500.0
501.3676 501.5211 501.6746 501.8148 501.8148 501.8148 501.8148 501.8148 501.8148 501.8148 501.8148 501.8148 501.8148 501.6977 501.5661 501.4345 501.303 501.1395 500.8983 500.6571 500.4159 500.1747 500.0856 500.0637 500.0417 500.0198 500.0 500.0 500.0 500.0 500.0 500.0 500.0 500.0 500.0 500.0 500.0 500.0 500.0 500.0 500.0 500.0 500.0 500.0 500.0 500.0 500.0 500.0 500.0 500.0 500.0 500.0 500.0 500.0 500.0 500.0 500.0 500.0 500.0 500.0 500.0 500.0 500.0
503.5463 503.9685 504.3908 504.7788 504.8062 504.8337 504.8611 504.8885 504.8981 504.889 504.8799 504.8707 504.8615 504.6338 504.379 504.1242 503.8695 503.5626 503.129 502.6955 502.262 501.8285 501.6112 501.4894 501.3677 501.2459 501.1227 500.9855 500.8483 500.7111 500.5738 500.4548 500.3542 500.2535 500.1529 500.0523 500.0338 500.0247 500.0156 500.0064 500.0 500.0 500.0 500.0 500.0 500.0 500.0 500.0 500.0 500.0 500.0 500.0 500.0 500.0 500.0 500.0 500.0 500.0 500.0 500.0 500.0 500.0 500.0
507.0823 507.9435 508.8046 509.5976 509.6726 509.7477 509.8227 509.8977 509.9239 509.8989 509.8739 509.8489 509.8239 509.4249 508.9797 508.5346 508.0895 507.5628 506.8385 506.1141 505.3897 504.6654 504.2416 503.9506 503.6597 503.3687 503.0697 502.6945 502.3193 501.9441 501.5689 501.2435 500.9683 500.6932 500.4181 500.1429 500.0925 500.0675 500.0425 500.0175 500.0 500.0 500.0 500.0 500.0 500.0 500.0 500.0 500.0 500.0 500.0 500.0 500.0 500.0 500.0 500.0 500.0 500.0 500.0 500.0 500.0 500.0 500.0
510.6183 511.9184 513.2184 514.4164 514.539 514.6616 514.7843 514.9069 514.9496 514.9088 514.8679 514.827 514.7862 514.216 513.5805 512.9449 512.3094 511.5631 510.5479 509.5327 508.5175 507.5023 506.872 506.4118 505.9516 505.4914 505.0167 504.4035 503.7904 503.1772 502.5641 502.0322 501.5825 501.1329 500.6832 500.2336 500.1512 500.1104 500.0695 500.0286 500.0 500.0 500.0 500.0 500.0 500.0 500.0 500.0 500.0 500.0 500.0 500.0 500.0 500.0 500.0 500.0 500.0 500.0 500.0 500.0 500.0 500.0 500.0
514.1543 515.8933 517.6323 519.2352 519.4054 519.5756 519.7458 519.9161 519.9755 519.9187 519.8619 519.8052 519.7485 519.0071 518.1812 517.3553 516.5295 515.5634 514.2574 512.9514 511.6453 510.3392 509.5024 508.873 508.2436 507.6142 506.9637 506.1125 505.2614 504.4103 503.5592 502.8208 502.1967 501.5725 500.9484 500.3242 500.2099 500.1532 500.0964 500.0397 500.0 500.0 500.0 500.0 500.0 500.0 500.0 500.0 500.0 500.0 500.0 500.0 500.0 500.0 500.0 500.0 500.0 500.0 500.0 500.0 500.0 500.0 500.0
517.7088 519.888 522.0673 524.0764 524.2949 524.5134 524.7319 524.9504 525.0266 524.9538 524.8809 524.8081 524.7353 523.8233 522.8077 521.7922 520.7766 519.5934 518.0036 516.4138 514.8239 513.234 512.1924 511.3932 510.5939 509.7946 508.9673 507.8736 506.78 505.6864 504.5927 503.6434 502.8402 502.037 501.2338 500.4306 500.2819 500.2071 500.1323 500.0575 500.0059 500.0083 500.0108 500.0133 500.0157 500.0154 500.0137 500.0121 500.0105 500.0089 500.0074 500.0059 500.0044 500.0029 500.0019 500.0014 500.001 500.0005 500.0 500.0 500.0 500.0 500.0
523.7849 526.5828 529.3807 531.9673 532.3286 532.6898 533.0511 533.4124 533.5385 533.418 533.2976 533.1771 533.0567 532.0547 530.944 529.8333 528.7225 527.6695 526.7565 525.8436 524.9305 524.0176 523.0038 521.9454 520.887 519.8286 518.6847 516.7291 514.7735 512.8179 510.8623 509.0826 507.4809 505.8792 504.2774 502.6757 502.1609 501.7689 501.3767 500.9846 500.8127 501.1536 501.4945 501.8354 502.1763 502.1208 501.8971 501.6734 501.4497 501.2276 501.0199 500.8122 500.6044 500.3967 500.2616 500.1977 500.1338 500.0699 500.006 500.0 500.0 500.0 500.0
529.8611 533.2778 536.6945 539.8585 540.3625 540.8666 541.3707 541.8748 542.0505 541.8825 541.7145 541.5465 541.3785 540.2866 539.0806 537.8747 536.6687 535.7458 535.5098 535.2737 535.0376 534.8015 533.8154 532.4979 531.1804 529.8629 528.4025 525.5849 522.7673 519.9497 517.1321 514.5219 512.1217 509.7214 507.3212 504.9209 504.04 503.3307 502.6213 501.9119 501.6195 502.2989 502.9782 503.6576 504.3369 504.2264 503.7806 503.3348 502.8889 502.4464 502.0324 501.6185 501.2045 500.7905 500.5214 500.394 500.2666 500.1392 500.0118 500.0 500.0 500.0 500.0
535.9372 539.9726 544.0079 547.7493 548.3962 549.0431 549.6899 550.3368 550.5624 550.3467 550.1311 549.9155 549.6999 548.5181 547.2169 545.9158 544.6146 543.8218 544.2627 544.7035 545.1443 545.5851 544.6268 543.0501 541.4734 539.8968 538.1199 534.4404 530.7609 527.0813 523.4017 519.9611 516.7623 513.5636 510.3648 507.166 505.9191 504.8924 503.8657 502.8391 502.4263 503.4441 504.4619 505.4797 506.4975 506.3319 505.664 504.9961 504.3282 503.6652 503.045 502.4247 501.8045 501.1843 500.7811 500.5902 500.3994 500.2086 500.0177 500.0 500.0 500.0 500.0
542.0133 546.6674 551.3214 555.6403 556.4299 557.2195 558.0092 558.7988 559.0742 558.811 558.5478 558.2845 558.0214 556.7495 555.3532 553.9569 552.5605 551.8979 553.0156 554.1333 555.251 556.3687 555.438 553.6023 551.7665 549.9308 547.8374 543.2959 538.7544 534.2128 529.6713 525.4003 521.403 517.4057 513.4084 509.4112 507.7981 506.4542 505.1102 503.7662 503.2331 504.5893 505.9456 507.3018 508.658 508.4374 507.5474 506.6574 505.7674 504.8839 504.0575 503.231 502.4046 501.5781 501.0408 500.7865 500.5322 500.2779 500.0237 500.0 500.0 500.0 500.0
548.09 553.1104 558.1307 562.791 563.6608 564.5307 565.4006 566.2705 566.5795 566.3011 566.0228 565.7444 565.466 564.2645 562.949 561.6335 560.318 559.8642 561.5013 563.1383 564.7754 566.4125 565.5256 563.5234 561.5212 559.5189 557.2155 552.0506 546.8857 541.7208 536.5558 531.7193 527.2153 522.7114 518.2075 513.7035 511.7747 510.1367 508.4985 506.8605 506.187 507.7612 509.3354 510.9097 512.4839 512.3577 511.5096 510.6616 509.8134 508.9347 507.7908 506.647 505.5031 504.3593 503.4573 502.7921 502.127 501.4619 500.7967 500.5962 500.4433 500.2905 500.1376
554.1675 559.2302 564.2928 568.9918 569.8616 570.7316 571.6014 572.4713 572.7933 572.5413 572.2894 572.0374 571.7855 570.8599 569.8511 568.8423 567.8336 567.6896 569.6439 571.5983 573.5527 575.507 574.6844 572.6346 570.5847 568.5349 566.1583 560.676 555.1938 549.7116 544.2294 539.1675 534.5314 529.8952 525.259 520.6229 518.4431 516.5406 514.6381 512.7356 511.8961 513.5339 515.1716 516.8093 518.447 518.607 518.1396 517.6723 517.205 516.6198 515.0158 513.4119 511.808 510.204 508.6416 507.1198 505.5979 504.076 502.5542 501.9575 501.4556 500.9537 500.4518
560.2451 565.3501 570.455 575.1926 576.0625 576.9324 577.8022 578.6721 579.007 578.7815 578.556 578.3305 578.105 577.4553 576.7532 576.0512 575.3491 575.5149 577.7866 580.0582 582.3299 584.6016 583.8432 581.7458 579.6483 577.5509 575.101 569.3015 563.502 557.7025 551.9029 546.6158 541.8474 537.079 532.3106 527.5422 525.1115 522.9446 520.7777 518.6108 517.6053 519.3065 521.0077 522.7089 524.41 524.8562 524.7696 524.683 524.5964 524.3048 522.2408 520.1768 518.1129 516.0488 513.8259 511.4474 509.0688 506.6902 504.3117 503.3188 502.4679 501.617 500.7661
566.3227 571.47 576.6172 581.3934 582.2633 583.1332 584.0031 584.8729 585.2207 585.0217 584.8226 584.6235 584.4245 584.0507 583.6554 583.2601 582.8647 583.3403 585.9293 588.5182 591.1072 593.6961 593.002 590.8569 588.7119 586.5669 584.0437 577.9269 571.8101 565.6932 559.5765 554.064 549.1634 544.2628 539.3622 534.4616 531.7799 529.3486 526.9172 524.486 523.3146 525.0792 526.8438 528.6084 530.373 531.1054 531.3996 531.6937 531.9879 531.9899 529.4658 526.9418 524.4177 521.8936 519.0101 515.775 512.5397 509.3045 506.0692 504.6801 503.4802 502.2802 501.0803
572.4003 577.5898 582.7794 587.5942 588.4641 589.334 590.2039 591.0738 591.4344 591.2618 591.0892 590.9166 590.744 590.6461 590.5575 590.4689 590.3803 591.1656 594.0719 596.9781 599.8844 602.7906 602.1608 599.9681 597.7755 595.5829 592.9865 586.5523 580.1182 573.6841 567.25 561.5122 556.4794 551.4466 546.4138 541.381 538.4482 535.7526 533.0568 530.3611 529.0237 530.8518 532.6799 534.508 536.3361 537.3547 538.0295 538.7045 539.3793 539.6749 536.6908 533.7067 530.7225 527.7384 524.1945 520.1025 516.0106 511.9187 507.8267 506.0414 504.4924 502.9435 501.3945
579.277 584.2563 589.2355 593.8715 594.8929 595.9144 596.9359 597.9573 598.4197 598.2964 598.1732 598.05 597.9268 597.9888 598.0737 598.1586 598.2435 599.0969 601.8152 604.5334 607.2517 609.97 609.3578 607.2737 605.1897 603.1057 600.6276 594.4044 588.1812 581.958 575.7349 570.1607 565.2438 560.3268 555.4099 550.4929 547.6356 545.0108 542.386 539.7612 538.3711 539.8585 541.3458 542.8331 544.3204 545.5627 546.701 547.8394 548.9777 549.7253 547.0941 544.4629 541.8317 539.2006 535.3773 530.3875 525.3975 520.4075 515.4176 512.3572 509.4947 506.6321 503.7695
586.2748 591.0056 595.7363 600.1603 601.3563 602.5523 603.7483 604.9443 605.5217 605.4514 605.381 605.3107 605.2404 605.4447 605.683 605.9212 606.1595 607.0443 609.4982 611.952 614.4059 616.8597 616.2582 614.3063 612.3545 610.4027 608.0719 602.1395 596.2072 590.2749 584.3426 578.991 574.2274 569.4638 564.7002 559.9366 557.2042 554.701 552.1978 549.6946 548.269 549.3544 550.4398 551.5253 552.6107 554.0673 555.6816 557.2958 558.9101 560.1336 557.9783 555.8231 553.6678 551.5126 547.4679 541.5737 535.6794 529.7852 523.891 519.4227 515.1006 510.7785 506.4564
593.2726 597.7548 602.2369 606.4491 607.8196 609.1901 610.5606 611.9311 612.6236 612.6062 612.5887 612.5713 612.5538 612.9005 613.2921 613.6837 614.0753 614.9916 617.181 619.3705 621.5599 623.7494 623.1584 621.3388 619.5192 617.6996 615.5161 609.8746 604.2332 598.5917 592.9502 587.8211 583.2109 578.6006 573.9904 569.3801 566.7726 564.391 562.0094 559.6279 558.1667 558.8502 559.5337 560.2172 560.9008 562.5717 564.6619 566.7521 568.8423 570.5417 568.8624 567.1831 565.5038 563.8245 559.5582 552.7597 545.9612 539.1627 532.3642 526.4881 520.7064 514.9248 509.1431
600.2703 604.5039 608.7375 612.7379 614.2829 615.8279 617.3729 618.9179 619.7255 619.761 619.7964 619.8318 619.8672 620.3563 620.9012 621.4462 621.9911 622.9388 624.8638 626.7889 628.7139 630.639 630.0587 628.3713 626.6839 624.9965 622.9603 617.6096 612.259 606.9084 601.5577 596.6512 592.1943 587.7375 583.2806 578.8237 576.3409 574.081 571.821 569.5612 568.0644 568.346 568.6276 568.9092 569.1909 571.0761 573.6422 576.2084 578.7745 580.9498 579.7465 578.5431 577.3397 576.1364 571.6485 563.9457 556.243 548.5403 540.8375 533.5534 526.3122 519.071 511.8299
