data/zism_data/00111_04_D.txt
ncols         224
nrows         224
[rows 84 to 111 of 224, columns 126 to 188 of 224]
1691.392 1706.555 1722.006 1737.458 1752.909 1768.361 1787.182 1807.319 1827.456 1847.593 1867.822 1888.42 1909.018 1929.616 1950.214 1964.785 1976.563 1988.342 2000.12 2010.804 2015.969 2021.133 2026.297 2031.461 2036.665 2041.89 2047.115 2052.341 2057.738 2064.289 2070.841 2077.392 2083.944 2085.941 2085.045 2084.149 2083.253 2081.848 2075.503 2069.158 2062.813 2056.468 2053.925 2054.185 2054.445 2054.706 2055.403 2063.264 2071.125 2078.987 2086.847 2090.061 2089.309 2088.556 2087.803 2086.937 2080.9 2074.864 2068.827 2062.79 2057.847 2053.983 2050.119
1707.983 1722.273 1736.862 1751.451 1766.041 1780.63 1798.142 1816.794 1835.447 1854.099 1873.029 1893.062 1913.095 1933.128 1953.162 1967.403 1978.962 1990.521 2002.08 2012.552 2017.543 2022.535 2027.526 2032.517 2037.494 2042.462 2047.43 2052.399 2057.461 2063.154 2068.846 2074.539 2080.231 2081.42 2079.747 2078.073 2076.4 2074.316 2068.25 2062.184 2056.119 2050.053 2048.349 2049.863 2051.376 2052.89 2054.769 2062.634 2070.5 2078.365 2086.231 2089.439 2088.672 2087.906 2087.139 2086.248 2079.716 2073.183 2066.65 2060.117 2054.989 2051.244 2047.499
1727.736 1741.204 1754.65 1768.095 1781.541 1794.986 1810.727 1827.362 1843.997 1860.633 1877.779 1896.95 1916.121 1935.292 1954.464 1968.287 1979.635 1990.982 2002.33 2012.61 2017.51 2022.409 2027.308 2032.207 2036.915 2041.521 2046.126 2050.731 2055.361 2060.159 2064.957 2069.755 2074.553 2074.93 2072.498 2070.065 2067.633 2064.876 2058.973 2053.07 2047.167 2041.264 2040.319 2043.031 2045.742 2048.454 2051.471 2059.482 2067.494 2075.506 2083.518 2086.872 2086.252 2085.632 2085.012 2084.253 2077.217 2070.179 2063.142 2056.105 2050.814 2047.242 2043.671
1747.49 1760.136 1772.438 1784.739 1797.041 1809.343 1823.311 1837.929 1852.548 1867.167 1882.529 1900.838 1919.147 1937.456 1955.765 1969.172 1980.308 1991.444 2002.58 2012.669 2017.476 2022.282 2027.089 2031.896 2036.337 2040.579 2044.821 2049.063 2053.261 2057.165 2061.068 2064.972 2068.875 2068.44 2065.249 2062.058 2058.866 2055.437 2049.696 2043.956 2038.215 2032.475 2032.289 2036.198 2040.108 2044.018 2048.172 2056.331 2064.489 2072.647 2080.805 2084.306 2083.832 2083.358 2082.885 2082.258 2074.717 2067.176 2059.635 2052.094 2046.639 2043.241 2039.843
1767.243 1779.068 1790.226 1801.383 1812.541 1823.699 1835.895 1848.497 1861.099 1873.701 1887.278 1904.725 1922.172 1939.619 1957.067 1970.056 1980.981 1991.905 2002.83 2012.727 2017.442 2022.156 2026.871 2031.586 2035.759 2039.638 2043.517 2047.395 2051.161 2054.17 2057.179 2060.188 2063.197 2061.951 2058.0 2054.05 2050.1 2045.997 2040.419 2034.842 2029.264 2023.686 2024.259 2029.366 2034.474 2039.582 2044.874 2053.179 2061.483 2069.788 2078.093 2081.74 2081.412 2081.085 2080.757 2080.263 2072.218 2064.173 2056.127 2048.082 2042.465 2039.24 2036.016
1785.999 1797.147 1807.346 1817.545 1827.744 1837.943 1848.646 1859.546 1870.446 1881.346 1893.362 1909.802 1926.242 1942.682 1959.123 1971.434 1981.834 1992.233 2002.633 2012.046 2016.484 2020.921 2025.359 2029.796 2033.654 2037.196 2040.739 2044.281 2047.641 2049.78 2051.918 2054.056 2056.195 2054.237 2049.677 2045.117 2040.557 2035.912 2030.449 2024.986 2019.524 2014.061 2015.104 2020.946 2026.788 2032.63 2038.616 2046.973 2055.33 2063.687 2072.044 2075.927 2075.992 2076.058 2076.123 2076.006 2067.645 2059.283 2050.922 2042.561 2036.953 2034.06 2031.168
1802.131 1812.981 1822.708 1832.435 1842.162 1851.89 1861.833 1871.86 1881.887 1891.914 1902.953 1918.006 1933.058 1948.11 1963.162 1974.112 1983.162 1992.212 2001.261 2009.421 2013.094 2016.767 2020.441 2024.114 2027.53 2030.806 2034.083 2037.359 2040.384 2041.715 2043.045 2044.376 2045.707 2043.302 2038.525 2033.748 2028.971 2024.129 2018.656 2013.182 2007.708 2002.235 2002.993 2008.347 2013.7 2019.054 2024.57 2032.731 2040.893 2049.055 2057.217 2061.572 2062.678 2063.784 2064.89 2065.796 2057.614 2049.431 2041.248 2033.066 2027.924 2025.779 2023.635
1818.263 1828.814 1838.07 1847.326 1856.581 1865.837 1875.02 1884.174 1893.328 1902.483 1912.545 1926.209 1939.874 1953.538 1967.202 1976.79 1984.49 1992.19 1999.889 2006.796 2009.705 2012.614 2015.522 2018.431 2021.406 2024.417 2027.427 2030.438 2033.127 2033.65 2034.173 2034.695 2035.218 2032.368 2027.374 2022.38 2017.386 2012.347 2006.862 2001.377 1995.893 1990.409 1990.881 1995.747 2000.613 2005.479 2010.523 2018.49 2026.456 2034.423 2042.389 2047.216 2049.363 2051.51 2053.657 2055.586 2047.582 2039.578 2031.575 2023.571 2018.895 2017.499 2016.102
1834.395 1844.648 1853.432 1862.216 1871.0 1879.784 1888.206 1896.488 1904.77 1913.051 1922.137 1934.413 1946.689 1958.966 1971.242 1979.468 1985.818 1992.168 1998.517 2004.172 2006.316 2008.46 2010.604 2012.748 2015.281 2018.027 2020.772 2023.517 2025.87 2025.585 2025.3 2025.015 2024.73 2021.433 2016.222 2011.012 2005.801 2000.564 1995.068 1989.573 1984.078 1978.582 1978.769 1983.147 1987.525 1991.903 1996.477 2004.248 2012.019 2019.791 2027.562 2032.86 2036.049 2039.237 2042.425 2045.375 2037.551 2029.726 2021.901 2014.076 2009.866 2009.218 2008.569
1850.526 1860.482 1868.794 1877.107 1885.419 1893.731 1901.393 1908.802 1916.211 1923.619 1931.729 1942.617 1953.505 1964.394 1975.282 1982.146 1987.146 1992.146 1997.146 2001.547 2002.926 2004.306 2005.686 2007.066 2009.157 2011.637 2014.116 2016.596 2018.613 2017.52 2016.427 2015.335 2014.242 2010.498 2005.071 1999.643 1994.216 1988.781 1983.275 1977.768 1972.262 1966.756 1966.658 1970.548 1974.438 1978.328 1982.43 1990.006 1997.582 2005.158 2012.734 2018.505 2022.734 2026.963 2031.192 2035.165 2027.519 2019.873 2012.227 2004.582 2000.837 2000.937 2001.036
1857.561 1867.545 1875.811 1884.076 1892.342 1900.607 1908.121 1915.342 1922.563 1929.784 1937.534 1947.379 1957.224 1967.068 1976.914 1982.692 1986.586 1990.48 1994.375 1997.645 1997.768 1997.89 1998.013 1998.135 1999.744 2002.162 2004.581 2006.999 2008.915 2007.46 2006.004 2004.548 2003.092 1999.036 1993.327 1987.619 1981.911 1976.211 1970.593 1964.976 1959.359 1953.742 1953.638 1957.601 1961.564 1965.528 1969.703 1977.352 1985.002 1992.651 2000.301 2006.34 2011.005 2015.67 2020.335 2024.746 2017.676 2010.606 2003.536 1996.465 1993.185 1993.641 1994.096
1861.384 1871.513 1879.882 1888.25 1896.618 1904.987 1912.569 1919.844 1927.119 1934.395 1942.002 1950.925 1959.848 1968.771 1977.695 1982.485 1985.36 1988.235 1991.111 1993.294 1991.985 1990.676 1989.368 1988.059 1989.17 1991.599 1994.028 1996.457 1998.357 1996.695 1995.033 1993.371 1991.709 1987.387 1981.375 1975.363 1969.351 1963.362 1957.599 1951.835 1946.072 1940.308 1940.298 1944.533 1948.767 1953.001 1957.441 1965.259 1973.076 1980.894 1988.711 1994.948 1999.835 2004.722 2009.61 2014.254 2007.9 2001.545 1995.19 1988.836 1986.02 1986.692 1987.364
1865.208 1875.481 1883.953 1892.424 1900.895 1909.367 1917.016 1924.346 1931.676 1939.005 1946.47 1954.472 1962.473 1970.475 1978.477 1982.278 1984.134 1985.99 1987.846 1988.942 1986.202 1983.462 1980.722 1977.982 1978.596 1981.036 1983.476 1985.916 1987.798 1985.93 1984.062 1982.194 1980.327 1975.739 1969.423 1963.107 1956.792 1950.514 1944.604 1938.694 1932.784 1926.874 1926.958 1931.464 1935.969 1940.474 1945.18 1953.165 1961.151 1969.136 1977.122 1983.556 1988.665 1993.775 1998.885 2003.762 1998.123 1992.484 1986.845 1981.206 1978.855 1979.744 1980.633
1869.031 1879.449 1888.024 1896.598 1905.172 1913.747 1921.464 1928.848 1936.232 1943.616 1950.938 1958.018 1965.098 1972.178 1979.258 1982.071 1982.908 1983.745 1984.582 1984.59 1980.419 1976.248 1972.077 1967.906 1968.022 1970.473 1972.923 1975.374 1977.239 1975.165 1973.091 1971.017 1968.944 1964.09 1957.471 1950.852 1944.232 1937.666 1931.609 1925.553 1919.497 1913.44 1913.619 1918.395 1923.171 1927.948 1932.918 1941.072 1949.225 1957.379 1965.533 1972.164 1977.496 1982.828 1988.159 1993.27 1988.346 1983.423 1978.5 1973.576 1971.689 1972.795 1973.901
1871.078 1881.744 1890.429 1899.114 1907.799 1916.484 1924.18 1931.489 1938.798 1946.108 1953.197 1959.413 1965.63 1971.846 1978.063 1980.038 1980.048 1980.058 1980.069 1979.194 1973.855 1968.517 1963.179 1957.84 1957.415 1959.666 1961.916 1964.167 1965.837 1963.606 1961.376 1959.146 1956.915 1951.847 1944.976 1938.104 1931.233 1924.428 1918.264 1912.1 1905.936 1899.771 1900.088 1905.183 1910.279 1915.375 1920.663 1929.098 1937.533 1945.968 1954.403 1961.223 1966.663 1972.104 1977.545 1982.774 1978.405 1974.035 1969.666 1965.296 1963.83 1965.227 1966.623
1866.143 1877.467 1886.293 1895.119 1903.945 1912.771 1920.088 1926.817 1933.547 1940.276 1946.774 1952.356 1957.938 1963.521 1969.103 1970.829 1970.769 1970.708 1970.648 1969.693 1964.224 1958.756 1953.287 1947.819 1946.681 1947.901 1949.122 1950.342 1951.12 1948.928 1946.735 1944.543 1942.351 1937.267 1930.347 1923.427 1916.507 1909.662 1903.541 1897.42 1891.3 1885.179 1885.807 1891.412 1897.017 1902.623 1908.433 1917.595 1926.756 1935.917 1945.079 1952.052 1957.156 1962.261 1967.366 1972.264 1967.813 1963.363 1958.912 1954.461 1953.247 1955.223 1957.2
1861.207 1873.189 1882.156 1891.123 1900.09 1909.057 1915.997 1922.146 1928.295 1934.444 1940.351 1945.299 1950.247 1955.195 1960.143 1961.62 1961.489 1961.358 1961.228 1960.192 1954.593 1948.995 1943.396 1937.798 1935.947 1936.137 1936.327 1936.517 1936.404 1934.25 1932.095 1929.941 1927.786 1922.688 1915.719 1908.75 1901.782 1894.896 1888.819 1882.741 1876.664 1870.586 1871.526 1877.641 1883.756 1889.871 1896.203 1906.091 1915.979 1925.867 1935.755 1942.881 1947.649 1952.418 1957.187 1961.754 1957.222 1952.69 1948.158 1943.626 1942.664 1945.22 1947.777
1856.272 1868.912 1878.02 1887.127 1896.235 1905.343 1911.905 1917.474 1923.043 1928.612 1933.928 1938.242 1942.556 1946.869 1951.183 1952.411 1952.209 1952.008 1951.807 1950.691 1944.962 1939.234 1933.505 1927.776 1925.213 1924.373 1923.533 1922.693 1921.688 1919.571 1917.455 1915.338 1913.222 1908.108 1901.091 1894.073 1887.056 1880.13 1874.096 1868.062 1862.027 1855.993 1857.245 1863.87 1870.494 1877.119 1883.973 1894.588 1905.202 1915.817 1926.431 1933.71 1938.142 1942.575 1947.007 1951.244 1946.631 1942.018 1937.404 1932.791 1932.08 1935.217 1938.354
1851.337 1864.634 1873.883 1883.132 1892.381 1901.63 1907.814 1912.803 1917.792 1922.781 1927.506 1931.185 1934.864 1938.543 1942.223 1943.201 1942.93 1942.658 1942.386 1941.19 1935.331 1929.473 1923.614 1917.755 1914.479 1912.609 1910.738 1908.868 1906.971 1904.893 1902.814 1900.736 1898.657 1893.529 1886.462 1879.396 1872.33 1865.364 1859.373 1853.382 1847.391 1841.401 1842.964 1850.098 1857.233 1864.367 1871.743 1883.084 1894.425 1905.766 1917.107 1924.539 1928.635 1932.732 1936.828 1940.734 1936.04 1931.345 1926.65 1921.956 1921.497 1925.214 1928.93
1844.336 1858.067 1867.58 1877.092 1886.605 1896.118 1901.941 1906.324 1910.708 1915.091 1919.198 1922.206 1925.215 1928.224 1931.233 1932.008 1931.749 1931.49 1931.231 1930.144 1924.877 1919.611 1914.345 1909.079 1905.261 1902.23 1899.2 1896.169 1893.181 1890.471 1887.762 1885.053 1882.344 1877.005 1869.994 1862.984 1855.974 1849.088 1843.404 1837.72 1832.037 1826.353 1828.047 1835.181 1842.315 1849.45 1856.823 1868.106 1879.389 1890.672 1901.955 1909.277 1913.218 1917.159 1921.099 1924.879 1921.358 1917.836 1914.314 1910.792 1911.346 1915.917 1920.489
1836.303 1850.355 1860.193 1870.031 1879.869 1889.707 1895.176 1898.942 1902.707 1906.473 1909.947 1912.267 1914.588 1916.908 1919.228 1919.822 1919.617 1919.413 1919.208 1918.324 1914.012 1909.7 1905.388 1901.076 1896.8 1892.545 1888.289 1884.033 1879.853 1876.179 1872.505 1868.831 1865.156 1859.508 1852.607 1845.705 1838.803 1832.056 1826.812 1821.567 1816.323 1811.078 1812.812 1819.691 1826.571 1833.45 1840.557 1851.39 1862.224 1873.057 1883.89 1890.969 1894.845 1898.721 1902.596 1906.352 1904.63 1902.908 1901.186 1899.464 1901.411 1906.974 1912.538
1828.27 1842.643 1852.806 1862.97 1873.133 1883.296 1888.412 1891.56 1894.707 1897.854 1900.697 1902.328 1903.96 1905.591 1907.223 1907.637 1907.486 1907.335 1907.185 1906.504 1903.146 1899.788 1896.43 1893.073 1888.34 1882.859 1877.378 1871.897 1866.525 1861.886 1857.247 1852.608 1847.969 1842.012 1835.219 1828.425 1821.632 1815.024 1810.219 1805.414 1800.609 1795.803 1797.577 1804.201 1810.826 1817.451 1824.292 1834.675 1845.058 1855.441 1865.824 1872.661 1876.472 1880.283 1884.093 1887.824 1887.902 1887.98 1888.058 1888.136 1891.476 1898.032 1904.587
1820.237 1834.931 1845.42 1855.908 1866.397 1876.885 1881.648 1884.177 1886.707 1889.236 1891.446 1892.389 1893.332 1894.275 1895.218 1895.451 1895.354 1895.258 1895.162 1894.684 1892.28 1889.877 1887.473 1885.069 1879.88 1873.174 1866.467 1859.761 1853.198 1847.593 1841.989 1836.385 1830.781 1824.516 1817.831 1811.146 1804.461 1797.993 1793.627 1789.261 1784.895 1780.529 1782.341 1788.711 1795.081 1801.451 1808.026 1817.959 1827.892 1837.825 1847.758 1854.353 1858.099 1861.845 1865.59 1869.296 1871.174 1873.052 1874.93 1876.808 1881.541 1889.089 1896.637
1811.772 1826.723 1837.494 1848.265 1859.035 1869.806 1874.26 1876.25 1878.24 1880.229 1881.886 1882.22 1882.555 1882.889 1883.223 1883.297 1883.249 1883.201 1883.153 1882.853 1881.277 1879.702 1878.127 1876.552 1870.902 1863.035 1855.168 1847.301 1839.604 1833.059 1826.513 1819.967 1813.422 1806.865 1800.303 1793.741 1787.178 1780.871 1777.043 1773.214 1769.386 1765.557 1767.485 1773.66 1779.834 1786.009 1792.378 1801.932 1811.485 1821.039 1830.593 1837.037 1840.828 1844.618 1848.408 1852.195 1855.807 1859.419 1863.031 1866.643 1872.771 1881.379 1889.987
1800.429 1815.21 1825.975 1836.74 1847.506 1858.271 1862.711 1864.685 1866.659 1868.632 1870.26 1870.519 1870.777 1871.036 1871.295 1871.351 1871.314 1871.277 1871.24 1870.947 1869.361 1867.775 1866.189 1864.603 1858.476 1849.877 1841.277 1832.678 1824.243 1816.911 1809.579 1802.248 1794.916 1788.187 1781.841 1775.496 1769.15 1763.151 1760.516 1757.88 1755.244 1752.608 1755.158 1761.533 1767.908 1774.283 1780.846 1790.492 1800.138 1809.784 1819.43 1826.335 1830.901 1835.467 1840.032 1844.605 1849.513 1854.421 1859.329 1864.236 1871.769 1881.89 1892.01
1789.087 1803.697 1814.457 1825.216 1835.976 1846.736 1851.163 1853.121 1855.078 1857.035 1858.635 1858.818 1859.0 1859.183 1859.366 1859.406 1859.38 1859.354 1859.327 1859.041 1857.444 1855.847 1854.25 1852.653 1846.049 1836.718 1827.387 1818.056 1808.882 1800.764 1792.646 1784.528 1776.41 1769.508 1763.38 1757.251 1751.122 1745.432 1743.989 1742.545 1741.102 1739.659 1742.831 1749.406 1755.982 1762.558 1769.315 1779.053 1788.792 1798.53 1808.268 1815.634 1820.974 1826.315 1831.656 1837.016 1843.219 1849.423 1855.626 1861.83 1870.768 1882.401 1894.033
1777.745 1792.184 1802.938 1813.692 1824.447 1835.201 1839.615 1841.556 1843.498 1845.439 1847.01 1847.117 1847.224 1847.33 1847.437 1847.46 1847.445 1847.43 1847.415 1847.136 1845.528 1843.92 1842.313 1840.705 1833.622 1823.559 1813.496 1803.433 1793.521 1784.617 1775.713 1766.809 1757.905 1750.83 1744.918 1739.006 1733.094 1727.712 1727.462 1727.211 1726.961 1726.71 1730.504 1737.28 1744.056 1750.832 1757.784 1767.615 1777.445 1787.275 1797.105 1804.932 1811.048 1817.164 1823.281 1829.427 1836.926 1844.425 1851.924 1859.423 1869.766 1882.911 1896.057
1766.402 1780.67 1791.419 1802.168 1812.917 1823.666 1828.067 1829.992 1831.917 1833.842 1835.385 1835.416 1835.447 1835.477 1835.508 1835.515 1835.511 1835.506 1835.502 1835.23 1833.612 1831.993 1830.374 1828.756 1821.196 1810.401 1799.606 1788.811 1778.159 1768.469 1758.779 1749.089 1739.399 1732.152 1726.457 1720.762 1715.066 1709.992 1710.934 1711.877 1712.819 1713.761 1718.177 1725.153 1732.13 1739.107 1746.253 1756.175 1766.098 1776.02 1785.943 1794.23 1801.122 1808.013 1814.905 1821.837 1830.632 1839.427 1848.222 1857.016 1868.764 1883.422 1898.08
