data/zism_data/00115_02_D.txt
ncols         224
nrows         224
[rows 196 to 223 of 224, columns 0 to 62 of 224]
803.3208 814.0798 824.8392 835.0069 844.4911 853.975 863.4593 872.9432 878.1041 882.9271 887.7503 892.5733 896.0734 897.5156 898.9576 900.3998 901.8419 902.3391 902.6761 903.0131 903.3501 904.1131 905.7863 907.4595 909.1327 910.806 912.1785 913.4675 914.7566 916.0456 916.8674 916.2599 915.6523 915.0448 914.4373 912.9596 911.1267 909.2939 907.4611 906.3563 908.7097 911.0629 913.4163 915.7697 915.738 914.3511 912.9643 911.5774 910.2552 909.5053 908.7555 908.0057 907.2559 907.1721 907.6008 908.0296 908.4583 908.7946 906.038 903.2813 900.5245 897.7678 892.8303
792.0973 801.5643 811.0317 820.927 831.3178 841.7083 852.0992 862.4896 869.1169 875.4499 881.7831 888.116 892.8117 894.9601 897.1086 899.2571 901.4056 902.0861 902.5178 902.9495 903.3811 904.0717 905.3154 906.5591 907.8029 909.0466 910.2137 911.3597 912.5056 913.6516 914.4182 914.0245 913.6308 913.2371 912.8434 911.8356 910.577 909.3184 908.0598 907.6104 911.0046 914.3987 917.7928 921.187 921.6321 920.4017 919.1714 917.9409 916.7578 915.9926 915.2275 914.4623 913.6972 913.3616 913.3564 913.3512 913.346 913.2653 910.6563 908.0474 905.4383 902.8293 898.312
779.0441 786.6082 794.1724 803.178 813.8508 824.5232 835.196 845.8684 854.3466 862.6529 870.9595 879.2659 885.7039 889.2349 892.7658 896.2969 899.8279 900.8016 901.3417 901.8818 902.4219 903.0964 904.0582 905.02 905.9818 906.9436 907.9859 909.0505 910.1151 911.1797 911.9825 911.9846 911.9867 911.9888 911.9909 911.7907 911.508 911.2253 910.9426 911.4917 915.9919 920.4921 924.9924 929.4925 930.7118 930.0669 929.4221 928.7772 928.0305 926.3816 924.7327 923.0839 921.4351 920.1789 919.2249 918.2709 917.3169 916.31 913.533 910.7559 907.9788 905.2018 900.9732
765.9915 771.6525 777.3137 785.4296 796.3843 807.3387 818.2934 829.2477 839.5767 849.8564 860.1364 870.4161 878.5962 883.5097 888.4232 893.3369 898.2504 899.5171 900.1656 900.8141 901.4627 902.1212 902.8011 903.481 904.1609 904.8408 905.7581 906.7414 907.7246 908.7079 909.5469 909.9448 910.3427 910.7405 911.1384 911.7459 912.4391 913.1321 913.8253 915.3729 920.9792 926.5853 932.1917 937.7977 939.7911 939.7318 939.6724 939.613 939.3027 936.7702 934.2377 931.7051 929.1727 926.996 925.0933 923.1904 921.2877 919.3546 916.4095 913.4644 910.5192 907.5742 903.6343
752.9388 756.6968 760.4551 767.6813 778.9179 790.1542 801.3909 812.6271 824.8069 837.0599 849.3133 861.5663 871.4886 877.7846 884.0806 890.3768 896.6729 898.2327 898.9896 899.7466 900.5035 901.146 901.5439 901.942 902.3399 902.7379 903.5303 904.4323 905.3342 906.2361 907.1114 907.905 908.6987 909.4922 910.2859 911.7011 913.3701 915.039 916.708 919.254 925.9664 932.6785 939.3909 946.103 948.8705 949.3966 949.9227 950.4489 950.575 947.1588 943.7427 940.3264 936.9103 933.8132 930.9616 928.11 925.2584 922.3992 919.286 916.1729 913.0596 909.9465 906.2954
739.8861 741.7412 743.5964 749.9329 761.4515 772.9697 784.4883 796.0065 810.037 824.2634 838.4902 852.7165 864.381 872.0594 879.738 887.4167 895.0953 896.9482 897.8135 898.679 899.5443 900.1708 900.2868 900.4029 900.5189 900.635 901.3024 902.1231 902.9437 903.7643 904.6758 905.8652 907.0546 908.244 909.4334 911.6563 914.3011 916.9459 919.5907 923.1352 930.9536 938.7717 946.5901 954.4083 957.9498 959.0615 960.173 961.2847 961.8474 957.5474 953.2476 948.9477 944.6479 940.6303 936.83 933.0295 929.2292 925.4437 922.1626 918.8814 915.6001 912.3189 908.9565
737.9026 737.8777 737.8529 742.9941 754.1088 765.2233 776.3381 787.4525 802.2468 817.3281 832.41 847.4913 859.8858 868.1 876.3141 884.5286 892.7427 894.8644 895.9532 897.0421 898.1309 898.9136 899.0424 899.171 899.2997 899.4284 900.0999 900.922 901.7441 902.5663 903.5923 905.2419 906.8915 908.5411 910.1907 913.0341 916.3648 919.6954 923.0262 927.1311 934.9141 942.6968 950.4798 958.2626 961.968 963.3568 964.7455 966.1343 966.9036 962.1848 957.4661 952.7474 948.0287 943.5347 939.2136 934.8924 930.5713 926.2723 922.7172 919.1621 915.6069 912.0518 908.7725
737.8891 735.9884 734.0876 737.979 748.5679 759.1565 769.7455 780.334 795.6987 811.436 827.1739 842.9111 855.8556 864.4547 873.0538 881.6532 890.2523 892.6384 893.9711 895.304 896.6367 897.6064 897.8001 897.9939 898.1876 898.3814 899.0797 899.9181 900.7565 901.595 902.7495 904.8707 906.9919 909.1132 911.2344 914.6649 918.63 922.5949 926.56 931.1474 938.6918 946.236 953.7805 961.3247 965.0854 966.6965 968.3076 969.9186 970.8535 965.7986 960.7439 955.689 950.6343 945.7427 940.9771 936.2112 931.4456 926.7064 922.8586 919.0107 915.1628 911.3149 908.0822
737.8755 734.099 730.3223 732.9639 743.027 753.0898 763.1529 773.2156 789.1507 805.5439 821.9377 838.3311 851.8254 860.8094 869.7935 878.7778 887.7618 890.4123 891.989 893.5658 895.1425 896.2991 896.5579 896.8167 897.0756 897.3344 898.0595 898.9142 899.7689 900.6236 901.9066 904.4994 907.0923 909.6852 912.2781 916.2958 920.8952 925.4944 930.0938 935.1637 942.4696 949.7753 957.0812 964.3868 968.2029 970.0363 971.8696 973.7029 974.8034 969.4124 964.0216 958.6306 953.2397 947.9508 942.7406 937.5302 932.3199 927.1405 922.9999 918.8594 914.7187 910.5781 907.3918
737.8621 732.2096 726.5569 727.9487 737.4859 747.0228 756.5601 766.097 782.6024 799.6516 816.7015 833.7507 847.7951 857.1641 866.533 875.9023 885.2713 888.1862 890.0068 891.8276 893.6483 894.9918 895.3157 895.6395 895.9634 896.2873 897.0393 897.9103 898.7813 899.6522 901.0636 904.1282 907.1928 910.2573 913.322 917.9268 923.1605 928.394 933.6277 939.1802 946.2475 953.3146 960.382 967.4491 971.3205 973.3762 975.4317 977.4874 978.7535 973.0264 967.2994 961.5723 955.8453 950.1589 944.5042 938.8491 933.1943 927.5746 923.1414 918.708 914.2745 909.8412 906.7015
738.2095 731.4599 724.71 725.5825 735.2684 744.9541 754.6401 764.3257 781.2108 798.6576 816.1051 833.552 847.7692 856.9615 866.1539 875.3465 884.5388 887.4449 889.2853 891.1257 892.9661 894.3226 894.6451 894.9677 895.2902 895.6128 896.3436 897.1877 898.0319 898.876 900.3043 903.5194 906.7345 909.9496 913.1647 917.9298 923.3278 928.7255 934.1235 939.7214 946.2703 952.819 959.3679 965.9165 969.6469 971.7759 973.9048 976.0339 977.3877 971.8752 966.363 960.8505 955.3383 949.6846 943.9225 938.1602 932.3981 926.673 922.1891 917.7052 913.2212 908.7374 905.7608
739.2869 733.0143 726.7415 728.5713 739.7698 750.968 762.1665 773.3646 790.2437 807.5659 824.8887 842.2109 855.8389 863.7192 871.5995 879.48 887.3604 889.7054 891.1121 892.5189 893.9255 894.9434 895.1304 895.3174 895.5045 895.6915 896.3036 897.0339 897.7642 898.4945 899.7142 902.4304 905.1468 907.8631 910.5795 914.6418 919.2536 923.8653 928.4772 933.2371 938.7017 944.166 949.6306 955.0949 958.2872 960.1885 962.0898 963.9911 965.2751 961.0909 956.9069 952.7227 948.5386 943.7874 938.5999 933.4124 928.225 923.0706 919.0258 914.9811 910.9362 906.8915 904.314
740.3642 734.5687 728.7731 731.5601 744.2712 756.9818 769.6929 782.4036 799.2766 816.4741 833.6723 850.8698 863.9084 870.4767 877.0451 883.6136 890.1819 891.9659 892.939 893.912 894.8849 895.5642 895.6157 895.6672 895.7186 895.7701 896.2637 896.8802 897.4966 898.113 899.124 901.3415 903.5591 905.7766 907.9942 911.3537 915.1794 919.0051 922.8308 926.7529 931.1331 935.5131 939.8933 944.2733 946.9276 948.6012 950.2748 951.9485 953.1627 950.3067 947.4508 944.5948 941.739 937.89 933.2773 928.6645 924.0518 919.4682 915.8625 912.257 908.6512 905.0456 902.8672
741.4415 736.1231 730.8046 734.5489 748.7725 762.9957 777.2194 791.4425 808.3095 825.3824 842.4559 859.5287 871.9781 877.2344 882.4907 887.7471 893.0034 894.2264 894.7657 895.3051 895.8444 896.185 896.101 896.0169 895.9329 895.8488 896.2238 896.7264 897.229 897.7316 898.5338 900.2526 901.9714 903.6901 905.409 908.0657 911.1053 914.1449 917.1845 920.2686 923.5645 926.8602 930.156 933.4517 935.5679 937.0139 938.4598 939.9058 941.0501 939.5224 937.9948 936.467 934.9394 931.9927 927.9548 923.9166 919.8787 915.8658 912.6993 909.5328 906.3662 903.1997 901.4203
742.5188 737.6776 732.8361 737.5377 753.2739 769.0096 784.7458 800.4814 817.3424 834.2906 851.2394 868.1877 880.0477 883.992 887.9363 891.8807 895.825 896.487 896.5926 896.6982 896.8038 896.8058 896.5862 896.3666 896.147 895.9274 896.1839 896.5726 896.9614 897.3501 897.9436 899.1636 900.3837 901.6037 902.8237 904.7776 907.0312 909.2847 911.5382 913.7844 915.9958 918.2073 920.4188 922.6302 924.2083 925.4266 926.6448 927.8631 928.9376 928.7381 928.5387 928.3392 928.1398 926.0955 922.6322 919.1688 915.7055 912.2634 909.5361 906.8087 904.0812 901.3538 899.9736
749.194 744.4199 739.6457 744.1772 759.4692 774.7606 790.0526 805.344 821.9508 838.6598 855.3693 872.0782 883.5604 886.911 890.2617 893.6124 896.9631 897.4433 897.4369 897.4305 897.4242 897.3347 897.0677 896.8008 896.5338 896.2668 896.4653 896.793 897.1208 897.4485 897.9232 898.8472 899.7712 900.6951 901.6191 903.17 904.9767 906.7835 908.5903 910.3693 912.0165 913.6636 915.3109 916.958 918.1696 919.1337 920.0978 921.062 921.9436 922.094 922.2443 922.3947 922.5451 921.0126 918.1858 915.3588 912.5319 909.7215 907.4641 905.2067 902.9492 900.6918 899.5851
757.1569 752.3558 747.5544 751.6566 766.0541 780.451 794.8484 809.2454 825.541 841.9843 858.4282 874.8715 886.0242 888.9466 891.869 894.7914 897.7137 898.0994 898.0551 898.0108 897.9665 897.8425 897.5485 897.2544 896.9603 896.6662 896.8206 897.0995 897.3785 897.6575 898.0339 898.7085 899.3831 900.0577 900.7323 901.949 903.3872 904.8253 906.2634 907.6605 908.8632 910.0657 911.2684 912.4709 913.3555 914.0594 914.7634 915.4673 916.1277 916.4028 916.6778 916.9529 917.228 916.1174 913.9412 911.7648 909.5885 907.4236 905.6433 903.863 902.0826 900.3022 899.4402
765.1199 760.2916 755.4632 759.136 772.6389 786.1414 799.6443 813.1467 829.1311 845.3088 861.487 877.6647 888.4882 890.9822 893.4763 895.9704 898.4644 898.7556 898.6733 898.5911 898.5088 898.3503 898.0292 897.7079 897.3868 897.0656 897.1759 897.4061 897.6362 897.8663 898.1446 898.5698 898.995 899.4202 899.8455 900.7281 901.7976 902.8671 903.9365 904.9518 905.7098 906.4678 907.2259 907.9839 908.5415 908.9852 909.4288 909.8726 910.3118 910.7115 911.1113 911.511 911.9108 911.2222 909.6965 908.1708 906.6451 905.1258 903.8226 902.5193 901.2159 899.9127 899.2953
773.0828 768.2275 763.3719 766.6154 779.2238 791.8317 804.4401 817.048 832.7212 848.6332 864.5458 880.4579 890.9521 893.0178 895.0836 897.1494 899.2151 899.4117 899.2915 899.1713 899.0511 898.8582 898.5098 898.1616 897.8133 897.465 897.5312 897.7126 897.8939 898.0753 898.2552 898.4311 898.6069 898.7828 898.9586 899.5072 900.208 900.9088 901.6096 902.2431 902.5565 902.87 903.1834 903.4969 903.7274 903.9109 904.0944 904.2778 904.4959 905.0203 905.5448 906.0692 906.5937 906.327 905.4519 904.5768 903.7017 902.8279 902.0018 901.1756 900.3494 899.5231 899.1505
780.7515 775.8306 770.9095 773.7698 785.6276 797.485 809.3427 821.2001 836.3959 851.8521 867.3087 882.7649 892.8483 894.5737 896.2991 898.0245 899.7499 899.8825 899.7452 899.6078 899.4704 899.2673 898.924 898.5805 898.2371 897.8937 897.9303 898.0724 898.2146 898.3568 898.4733 898.5117 898.5501 898.5885 898.6268 899.0703 899.6791 900.2879 900.8967 901.3929 901.3546 901.3162 901.2778 901.2394 901.097 900.8956 900.6941 900.4926 900.3696 900.942 901.5143 902.0867 902.6591 902.6907 902.3063 901.9218 901.5374 901.1498 900.6584 900.1669 899.6755 899.184 898.9869
787.7165 782.6384 777.5601 780.1475 791.5987 803.0494 814.5006 825.9514 840.273 854.8184 869.3642 883.9095 893.3877 894.983 896.5782 898.1735 899.7688 899.9103 899.8055 899.7007 899.5958 899.4409 899.1787 898.9166 898.6545 898.3925 898.434 898.5599 898.6858 898.8117 898.9481 899.1166 899.2851 899.4536 899.6221 900.5074 901.6855 902.8635 904.0416 904.9854 904.8169 904.6484 904.4799 904.3114 903.6863 902.8017 901.9172 901.0326 900.2821 900.7189 901.1558 901.5926 902.0294 902.0634 901.7874 901.5114 901.2354 900.9529 900.4561 899.9592 899.4623 898.9655 898.7789
794.6818 789.4464 784.2109 786.5255 797.57 808.6141 819.6587 830.7029 844.1501 857.7847 871.4197 885.0543 893.9271 895.3922 896.8574 898.3225 899.7877 899.9382 899.8658 899.7935 899.7213 899.6143 899.4335 899.2527 899.072 898.8912 898.9377 899.0474 899.157 899.2667 899.4229 899.7214 900.0201 900.3187 900.6172 901.9446 903.692 905.4392 907.1865 908.5779 908.2793 907.9807 907.6821 907.3835 906.2756 904.7079 903.1403 901.5726 900.1946 900.4958 900.7972 901.0984 901.3998 901.436 901.2685 901.1009 900.9333 900.756 900.2537 899.7515 899.2491 898.7468 898.571
801.6468 796.2542 790.8615 792.9031 803.5411 814.1786 824.8166 835.4542 848.0272 860.751 873.4752 886.199 894.4665 895.8015 897.1365 898.4715 899.8065 899.966 899.9262 899.8864 899.8466 899.7878 899.6884 899.5889 899.4894 899.39 899.4415 899.5349 899.6282 899.7216 899.8976 900.3263 900.755 901.1837 901.6125 903.3818 905.6983 908.0148 910.3314 912.1704 911.7416 911.3129 910.8842 910.4554 908.8649 906.6141 904.3634 902.1126 900.1071 900.2728 900.4385 900.6043 900.7701 900.8087 900.7496 900.6904 900.6313 900.5591 900.0514 899.5437 899.0359 898.5283 898.363
808.6118 803.062 797.5121 799.2808 809.5122 819.7432 829.9745 840.2055 851.9042 863.7173 875.5307 887.3437 895.0059 896.2108 897.4156 898.6205 899.8254 899.9938 899.9866 899.9793 899.972 899.9613 899.9432 899.925 899.9069 899.8888 899.9452 900.0223 900.0994 900.1765 900.3723 900.9312 901.49 902.0488 902.6077 904.8189 907.7047 910.5904 913.4762 915.7628 915.204 914.6451 914.0862 913.5274 911.4541 908.5203 905.5865 902.6526 900.0195 900.0497 900.08 900.1102 900.1404 900.1814 900.2307 900.28 900.3293 900.3622 899.8491 899.3359 898.8228 898.3097 898.155
813.9675 808.5259 803.0841 804.8298 814.8862 824.9422 834.9986 845.0546 855.8608 866.7251 877.5898 888.4542 895.4929 896.5803 897.6676 898.755 899.8424 900.0 900.0 900.0 900.0 900.0027 900.0111 900.0195 900.028 900.0364 900.1221 900.2293 900.3365 900.4437 900.7617 901.7244 902.6871 903.6499 904.6127 907.7401 911.7512 915.7621 919.7731 923.0012 922.5102 922.0192 921.5282 921.0372 918.7974 915.5638 912.3302 909.0966 906.1483 905.7271 905.3059 904.8846 904.4634 904.0194 903.5579 903.0964 902.6348 902.1497 900.8729 899.5961 898.3193 897.0425 896.4371
818.8612 813.6039 808.3465 810.1407 820.0887 830.0363 839.9843 849.9319 859.8401 869.7449 879.65 889.5547 895.9648 896.9384 897.9119 898.8854 899.8589 900.0 900.0 900.0 900.0 900.0062 900.0254 900.0447 900.064 900.0832 900.2053 900.3558 900.5063 900.6569 901.1265 902.5717 904.017 905.4622 906.9075 911.0872 916.3832 921.6789 926.9749 931.2859 930.9197 930.5534 930.1871 929.8209 927.5052 924.0818 920.6586 917.2352 914.0614 913.098 912.1347 911.1713 910.208 909.1391 907.989 906.8389 905.6888 904.5066 902.2486 899.9906 897.7325 895.4745 894.2858
823.7549 818.682 813.6089 815.4517 825.2913 835.1304 844.97 854.8091 863.8195 872.7646 881.7101 890.6553 896.4368 897.2964 898.1561 899.0157 899.8754 900.0 900.0 900.0 900.0 900.0096 900.0397 900.0698 900.0999 900.1301 900.2884 900.4823 900.6762 900.8701 901.4913 903.419 905.3468 907.2745 909.2023 914.4343 921.0151 927.5958 934.1766 939.5707 939.3292 939.0876 938.8461 938.6045 936.2131 932.5999 928.9869 925.3737 921.9745 920.469 918.9636 917.4581 915.9526 914.2588 912.4202 910.5815 908.7429 906.8635 903.6243 900.3851 897.1457 893.9065 892.1345
828.6488 823.7603 818.8716 820.7629 830.494 840.2247 849.9559 859.6866 867.799 875.7845 883.7704 891.756 896.9088 897.6545 898.4003 899.1461 899.8919 900.0 900.0 900.0 900.0 900.0131 900.054 900.095 900.1359 900.1769 900.3715 900.6088 900.8461 901.0834 901.8561 904.2664 906.6767 909.0869 911.4973 917.7816 925.6473 933.5128 941.3786 947.8558 947.739 947.6221 947.5053 947.3885 944.9212 941.1183 937.3155 933.5126 929.8879 927.8402 925.7926 923.745 921.6974 919.3787 916.8514 914.3242 911.7969 909.2206 905.0001 900.7795 896.5589 892.3384 889.9832
