data/zism_data/00115_01_D.txt
ncols         224
nrows         224
[rows 56 to 83 of 224, columns 126 to 188 of 224]
856.267 845.9612 836.0361 826.111 816.186 808.361 806.4863 804.6116 802.737 800.8624 801.2802 802.5692 803.8581 805.1471 805.8461 804.0035 802.1609 800.3184 798.4758 790.2881 778.7163 767.1445 755.5726 744.2504 734.8319 725.4134 715.9949 706.5764 703.1862 704.1667 705.1471 706.1276 707.6446 720.9634 734.2825 747.6015 760.9206 778.0496 798.8799 819.7102 840.5405 861.3708 866.5551 871.2723 875.9896 880.7068 880.4396 873.6924 866.9454 860.1984 853.4512 844.7597 835.8486 826.9375 818.0264 813.8496 818.0052 822.1609 826.3165 830.4722 841.0341 852.9446 864.855
856.89 846.904 837.4125 827.921 818.4297 811.0411 809.6113 808.1814 806.7515 805.3217 806.2094 807.9778 809.7463 811.5148 812.6385 810.9851 809.3316 807.6781 806.0247 797.5278 785.3811 773.2344 761.0876 749.1582 738.8859 728.6136 718.3412 708.0689 704.5306 705.8743 707.2181 708.5618 710.4912 725.3037 740.1164 754.9291 769.7418 787.6036 808.4277 829.2516 850.0756 870.8996 875.2666 879.1423 883.0181 886.8938 886.0421 879.0449 872.0477 865.0504 858.0532 848.9128 839.5305 830.1482 820.7659 816.2219 820.1937 824.1655 828.1373 832.1091 842.0393 853.2239 864.4085
857.9384 849.2293 841.2666 833.304 825.3414 819.3333 818.863 818.3928 817.9225 817.4523 818.8636 820.9899 823.1161 825.2424 826.6075 824.6938 822.7802 820.8665 818.9528 809.6548 796.4183 783.1818 769.9453 756.8959 745.2737 733.6514 722.0292 710.407 706.6312 708.5442 710.4572 712.3701 714.8785 730.4824 746.0867 761.691 777.2952 795.0549 814.9084 834.762 854.6155 874.4691 878.2605 881.5724 884.8843 888.1962 887.0093 879.9741 872.939 865.9038 858.8686 849.929 840.7744 831.6198 822.4651 817.8189 821.1077 824.3964 827.6851 830.9738 839.67 849.5046 859.3392
858.9868 851.5546 845.1207 838.6869 832.2532 827.6253 828.1147 828.6042 829.0936 829.5831 831.5179 834.002 836.486 838.9701 840.5765 838.4026 836.2288 834.0548 831.8809 821.7817 807.4554 793.1292 778.8029 764.6336 751.6615 738.6893 725.7172 712.745 708.7319 711.2141 713.6963 716.1785 719.2657 735.6612 752.057 768.4528 784.8486 802.5061 821.3892 840.2723 859.1555 878.0386 881.2544 884.0025 886.7505 889.4987 887.9766 880.9034 873.8304 866.7572 859.684 850.9452 842.0182 833.0913 824.1644 819.4159 822.0215 824.6272 827.2328 829.8385 837.3007 845.7853 854.2699
860.0352 853.88 848.975 844.0701 839.1652 835.9177 837.3668 838.8159 840.2651 841.7142 844.1725 847.0144 849.8563 852.6982 854.546 852.1119 849.6777 847.2437 844.8095 833.9091 818.493 803.0769 787.6608 772.3716 758.0495 743.7274 729.4053 715.0831 710.8326 713.8841 716.9355 719.9869 723.653 740.8401 758.0275 775.2149 792.4023 809.9576 827.8702 845.7829 863.6956 881.6083 884.2484 886.4326 888.6169 890.8011 888.9438 881.8328 874.7217 867.6107 860.4995 851.9614 843.2621 834.5629 825.8637 821.0129 822.9355 824.858 826.7806 828.7031 834.9313 842.0659 849.2004
861.0836 856.2053 852.8292 849.453 846.0769 844.2098 846.6186 849.0273 851.4361 853.8449 856.8268 860.0264 863.2261 866.4258 868.515 865.8207 863.1263 860.432 857.7377 846.0359 829.5302 813.0243 796.5185 780.1093 764.4373 748.7653 733.0932 717.4212 712.9333 716.554 720.1746 723.7952 728.0402 746.0189 763.9979 781.9768 799.9557 817.4088 834.3511 851.2933 868.2355 885.1777 887.2423 888.8627 890.4832 892.1036 889.9111 882.762 875.6131 868.464 861.3149 852.9776 844.506 836.0345 827.563 822.6099 823.8494 825.0889 826.3283 827.5678 832.562 838.3465 844.1311
853.4626 850.3769 849.2077 848.0386 846.8694 846.9454 850.5497 854.1541 857.7584 861.3627 864.5378 867.5498 870.5618 873.5737 875.4042 872.1449 868.8857 865.6264 862.3672 850.5019 834.0465 817.5911 801.1357 784.687 768.2891 751.8913 735.4935 719.0956 714.4276 718.2636 722.0997 725.9357 730.3833 748.2836 766.1843 784.0849 801.9855 819.0947 835.4351 851.7755 868.1159 884.4563 885.9893 887.0803 888.1713 889.2623 886.6687 879.2851 871.9016 864.518 857.1343 848.9778 840.7339 832.4901 824.2463 819.3031 820.1691 821.0352 821.9011 822.7672 826.7801 831.4555 836.1309
844.9473 843.7073 844.8151 845.9229 847.0306 849.1078 853.9321 858.7562 863.5804 868.4047 871.7388 874.5069 877.2749 880.0429 881.563 877.7074 873.8517 869.9962 866.1406 854.1775 837.8901 821.6028 805.3154 788.9385 771.8793 754.8201 737.7609 720.7016 715.8593 719.8743 723.8892 727.9041 732.5155 750.2478 767.9803 785.7129 803.4454 820.1859 835.9625 851.739 867.5156 883.2922 884.2982 884.8634 885.4285 885.9937 882.992 875.3536 867.7153 860.0768 852.4384 844.4606 836.4445 828.4283 820.4122 815.4905 816.015 816.5394 817.0639 817.5884 820.6462 824.2372 827.8283
836.4319 837.0378 840.4225 843.8072 847.1918 851.2703 857.3144 863.3585 869.4025 875.4466 878.9399 881.464 883.988 886.5121 887.7217 883.2698 878.8179 874.3659 869.914 857.853 841.7338 825.6144 809.4951 793.1902 775.4695 757.7489 740.0283 722.3076 717.2911 721.4849 725.6786 729.8725 734.6477 752.2119 769.7764 787.3409 804.9054 821.277 836.4897 851.7025 866.9153 882.1281 882.6072 882.6464 882.6857 882.725 879.3153 871.422 863.5289 855.6356 847.7424 839.9434 832.1549 824.3665 816.5781 811.6778 811.8607 812.0437 812.2266 812.4096 814.5122 817.019 819.5258
827.9166 830.3682 836.0298 841.6915 847.3531 853.4327 860.6967 867.9606 875.2245 882.4885 886.141 888.4211 890.7011 892.9812 893.8806 888.8323 883.784 878.7357 873.6874 861.5286 845.5774 829.6261 813.6749 797.4418 779.0598 760.6777 742.2957 723.9136 718.7228 723.0955 727.4682 731.8409 736.7799 754.176 771.5725 788.9689 806.3654 822.3682 837.0171 851.6661 866.315 880.964 880.9161 880.4295 879.9429 879.4563 875.6385 867.4905 859.3426 851.1945 843.0464 835.4261 827.8654 820.3046 812.7439 807.8651 807.7065 807.548 807.3894 807.2308 808.3783 809.8008 811.2232
820.8629 824.1649 830.783 837.4011 844.019 850.9557 858.795 866.6343 874.4737 882.313 886.4966 889.291 892.0853 894.8796 896.232 891.373 886.5139 881.6549 876.7959 864.8304 849.0746 833.3188 817.563 801.4285 782.4061 763.3837 744.3613 725.3389 719.8983 724.3046 728.7109 733.1171 738.084 755.3816 772.6794 789.9773 807.2751 823.0941 837.4761 851.8582 866.2404 880.6224 880.3466 879.6332 878.9198 878.2064 874.2779 866.1699 858.062 849.954 841.846 834.264 826.7414 819.2188 811.6962 806.7226 806.2351 805.7476 805.2601 804.7726 805.2925 806.0245 806.7565
816.1104 818.6961 824.192 829.6879 835.1837 841.1763 848.5765 855.9766 863.3768 870.777 876.0771 880.5792 885.0813 889.5834 892.5904 889.1572 885.7239 882.2907 878.8575 867.5436 852.0263 836.5091 820.9918 804.9978 785.3682 765.7386 746.109 726.4794 720.6705 724.8817 729.0927 733.3038 738.0845 755.3929 772.7016 790.0103 807.319 823.245 837.8277 852.4103 866.993 881.5757 881.5426 881.0732 880.6038 880.1343 876.5629 868.9591 861.3554 853.7516 846.1478 838.3831 830.6003 822.8175 815.0347 809.7831 808.9866 808.1901 807.3936 806.5971 807.0051 807.6666 808.3281
811.3578 813.2273 817.601 821.9746 826.3483 831.3969 838.3579 845.3189 852.28 859.241 865.6577 871.8675 878.0773 884.2871 888.9487 886.9413 884.934 882.9265 880.9191 870.2567 854.978 839.6993 824.4207 808.5671 788.3303 768.0935 747.8568 727.6199 721.4427 725.4587 729.4745 733.4905 738.085 755.4042 772.7238 790.0433 807.3629 823.3959 838.1792 852.9625 867.7458 882.5291 882.7386 882.5131 882.2877 882.0622 878.848 871.7484 864.6489 857.5493 850.4496 842.5023 834.4592 826.4161 818.3731 812.8436 811.7381 810.6326 809.527 808.4216 808.7175 809.3085 809.8996
806.6053 807.7585 811.0099 814.2614 817.5128 821.6174 828.1393 834.6612 841.1831 847.705 855.2382 863.1558 871.0733 878.9908 885.3071 884.7255 884.1439 883.5623 882.9808 872.9698 857.9297 842.8896 827.8495 812.1365 791.2925 770.4485 749.6045 728.7605 722.215 726.0357 729.8564 733.6772 738.0854 755.4155 772.7459 790.0763 807.4067 823.5469 838.5307 853.5146 868.4985 883.4824 883.9346 883.9531 883.9716 883.9901 881.1329 874.5375 867.9423 861.3469 854.7515 846.6215 838.3181 830.0148 821.7115 815.9042 814.4896 813.0751 811.6605 810.246 810.43 810.9506 811.4711
801.8528 802.2897 804.4189 806.5482 808.6774 811.838 817.9208 824.0035 830.0862 836.169 844.8188 854.444 864.0693 873.6946 881.6655 882.5097 883.3539 884.1982 885.0424 875.683 860.8814 846.0798 831.2783 815.7058 794.2546 772.8034 751.3522 729.901 722.9871 726.6127 730.2383 733.8639 738.0859 755.4268 772.7681 790.1093 807.4506 823.6978 838.8823 854.0667 869.2512 884.4357 885.1306 885.3931 885.6555 885.918 883.418 877.3268 871.2357 865.1445 859.0533 850.7406 842.1771 833.6135 825.05 818.9647 817.2411 815.5176 813.794 812.0704 812.1425 812.5926 813.0427
802.8784 802.5698 803.86 805.1503 806.4405 808.6927 813.6708 818.649 823.6271 828.6052 836.5161 845.5413 854.5667 863.5919 871.2333 872.9135 874.5936 876.2737 877.9539 869.2624 855.0392 840.816 826.5929 811.7037 791.736 771.7682 751.8005 731.8328 725.3827 728.7328 732.0831 735.4332 739.3815 756.4831 773.585 790.687 807.7889 824.3599 840.4152 856.4703 872.5256 888.5808 891.2426 893.5046 895.7665 898.0286 896.5599 890.2414 883.923 877.6045 871.286 862.585 853.6149 844.6449 835.6748 829.326 827.5908 825.8555 824.1203 822.385 822.389 822.7592 823.1293
804.7635 803.7053 804.1986 804.6919 805.1851 806.5344 810.3088 814.0834 817.8578 821.6324 828.5282 836.6102 844.6922 852.7742 859.791 862.2192 864.6475 867.0758 869.5041 861.483 847.8888 834.2946 820.7004 806.5753 788.402 770.2287 752.0554 733.8821 728.0197 731.0826 734.1454 737.2083 740.8697 757.6948 774.5203 791.3457 808.1711 825.0981 842.1238 859.1494 876.175 893.2007 898.0858 902.6086 907.1313 911.654 911.317 904.6624 898.0079 891.3533 884.6987 875.5787 866.1804 856.782 847.3837 840.7736 839.0709 837.3681 835.6654 833.9626 833.9052 834.194 834.4828
806.6486 804.8408 804.5371 804.2335 803.9297 804.3759 806.9468 809.5176 812.0884 814.6593 820.5401 827.6788 834.8174 841.9561 848.3482 851.5247 854.7011 857.8776 861.054 853.7034 840.7381 827.7729 814.8076 801.4466 785.0679 768.6891 752.3104 735.9316 730.6569 733.4324 736.2079 738.9835 742.3579 758.9066 775.4555 792.0044 808.5533 825.8363 843.8325 861.8286 879.8247 897.8209 904.9293 911.7129 918.4964 925.2799 926.0745 919.0838 912.0932 905.1025 898.1118 888.5728 878.7462 868.9196 859.093 852.2215 850.5513 848.8811 847.2109 845.5407 845.4216 845.6292 845.8366
808.5338 805.9763 804.8757 803.775 802.6744 802.2176 803.5848 804.952 806.3192 807.6865 812.5523 818.7476 824.943 831.1384 836.9059 840.8304 844.7551 848.6797 852.6042 845.924 833.5877 821.2514 808.9151 796.3182 781.7339 767.1496 752.5653 737.9811 733.2939 735.7821 738.2703 740.7585 743.8462 760.1183 776.3907 792.6631 808.9355 826.5745 845.5411 864.5076 883.4742 902.4408 911.7726 920.8168 929.8611 938.9053 940.8316 933.5048 926.178 918.8512 911.5244 901.5665 891.3116 881.0567 870.8018 863.6691 862.0314 860.3937 858.756 857.1183 856.9377 857.0639 857.1901
814.3108 810.6184 808.2259 805.8334 803.4409 801.7531 802.0619 802.3707 802.6796 802.9884 806.8294 812.0127 817.1959 822.3792 827.3632 831.4894 835.6155 839.7417 843.8678 838.0019 826.8067 815.6116 804.4164 793.0297 780.1826 767.3354 754.4882 741.6411 737.5186 739.7214 741.9242 744.127 746.9224 762.7537 778.5853 794.4167 810.2483 828.0382 847.7306 867.423 887.1154 906.8077 917.7972 928.5269 939.2566 949.9863 952.8644 945.5359 938.2076 930.8791 923.5506 913.2902 902.6987 892.1072 881.5158 874.1422 872.4319 870.7216 869.0114 867.3011 867.0218 867.0437 867.0656
827.2363 821.7014 817.1078 812.5142 807.9207 804.3995 803.9167 803.434 802.9513 802.4686 805.2666 809.3113 813.3561 817.4009 821.3098 824.6335 827.9573 831.2811 834.6049 829.8176 820.7043 811.591 802.4777 793.1208 781.9054 770.6901 759.4747 748.2593 744.6592 746.5801 748.501 750.422 752.9155 768.004 783.0928 798.1816 813.2704 830.8345 850.8034 870.7722 890.7411 910.71 922.3181 933.6766 945.0352 956.3937 959.8937 953.1779 946.4622 939.7463 933.0305 922.6812 911.9216 901.1621 890.4026 882.8256 880.8496 878.8737 876.8978 874.9219 874.4755 874.351 874.2264
840.1617 832.7844 825.9897 819.1951 812.4006 807.046 805.7716 804.4973 803.223 801.9487 803.7038 806.61 809.5163 812.4226 815.2563 817.7777 820.2991 822.8205 825.3419 821.6332 814.6019 807.5705 800.5391 793.2119 783.6283 774.0447 764.4611 754.8776 751.7999 753.4389 755.0779 756.717 758.9086 773.2544 787.6004 801.9464 816.2924 833.6309 853.8762 874.1215 894.3669 914.6122 926.839 938.8264 950.8138 962.8011 966.923 960.8198 954.7167 948.6135 942.5103 932.0721 921.1446 910.217 899.2894 891.5089 889.2674 887.0258 884.7842 882.5427 881.9291 881.6582 881.3873
853.0872 843.8673 834.8716 825.8759 816.8804 809.6924 807.6265 805.5606 803.4947 801.4288 802.1409 803.9088 805.6765 807.4443 809.2029 810.9219 812.6409 814.3599 816.0789 813.4489 808.4994 803.5499 798.6005 793.3029 785.3511 777.3994 769.4476 761.4958 758.9406 760.2977 761.6548 763.012 764.9017 778.5047 792.108 805.7112 819.3145 836.4271 856.949 877.4708 897.9926 918.5145 931.3599 943.9761 956.5923 969.2086 973.9523 968.4617 962.9713 957.4807 951.9901 941.4631 930.3675 919.2719 908.1762 900.1923 897.6851 895.1779 892.6707 890.1635 889.3828 888.9655 888.5482
866.0131 854.9507 843.7538 832.557 821.3604 812.3389 809.4814 806.624 803.7664 800.9089 800.5781 801.2073 801.8366 802.4659 803.1492 804.0659 804.9824 805.899 806.8156 805.2643 802.3968 799.5293 796.6617 793.394 787.074 780.7542 774.4342 768.1143 766.0814 767.1567 768.2319 769.3072 770.895 783.7552 796.6157 809.4762 822.3367 839.2236 860.0219 880.8202 901.6185 922.4168 935.8809 949.126 962.3712 975.6163 980.9818 976.1039 971.2261 966.3482 961.4703 950.8545 939.5908 928.327 917.0633 908.876 906.1031 903.3303 900.5574 897.7845 896.8367 896.273 895.7094
880.5957 868.1802 855.1578 842.1355 829.1133 818.3922 814.191 809.99 805.7889 801.5878 800.7997 801.3084 801.8172 802.3259 802.9462 804.0468 805.1472 806.2477 807.3483 806.9827 805.8351 804.6875 803.5399 801.8371 795.9002 789.9634 784.0266 778.0897 775.8052 776.1688 776.5323 776.8959 777.7773 790.0486 802.3201 814.5917 826.8632 843.1481 863.3315 883.5151 903.6985 923.8821 936.2344 948.3529 960.4714 972.59 977.4041 972.7226 968.0412 963.3597 958.6782 948.8704 938.4837 928.097 917.7104 910.1418 907.5331 904.9244 902.3158 899.7071 898.7117 898.0559 897.4001
895.507 881.8354 867.0619 852.2885 837.5153 825.1207 819.4667 813.8126 808.1584 802.5043 801.375 801.9651 802.5552 803.1453 803.9031 805.3831 806.863 808.343 809.823 810.6642 811.1649 811.6655 812.1661 811.936 806.1347 800.3334 794.532 788.7307 786.0412 785.6078 785.1744 784.7411 784.8359 796.5488 808.2619 819.975 831.6881 847.2963 866.6882 886.0802 905.4722 924.8641 935.7616 946.4055 957.0495 967.6934 971.7235 967.1559 962.5883 958.0207 953.4531 944.631 935.3286 926.0262 916.7239 909.9371 907.5778 905.2184 902.8592 900.4999 899.4807 898.7435 898.0065
910.4182 895.4905 878.966 862.4415 845.9172 831.8494 824.7422 817.6351 810.528 803.4209 801.9504 802.6218 803.2932 803.9647 804.8599 806.7194 808.5789 810.4383 812.2978 814.3459 816.4947 818.6434 820.7922 822.035 816.3691 810.7033 805.0375 799.3716 796.2772 795.0469 793.8165 792.5862 791.8945 803.049 814.2037 825.3583 836.513 851.4445 870.0449 888.6453 907.2458 925.8462 935.2889 944.4582 953.6275 962.7968 966.043 961.5892 957.1354 952.6817 948.2279 940.3917 932.1736 923.9554 915.7373 909.7323 907.6224 905.5125 903.4026 901.2927 900.2496 899.4312 898.6127
925.3294 909.1456 890.8701 872.5944 854.3192 838.578 830.0178 821.4577 812.8976 804.3375 802.5258 803.2785 804.0313 804.784 805.8167 808.0557 810.2946 812.5336 814.7725 818.0275 821.8245 825.6214 829.4183 832.1339 826.6036 821.0733 815.543 810.0126 806.5131 804.4859 802.4587 800.4314 798.9531 809.5492 820.1454 830.7416 841.3379 855.5927 873.4016 891.2105 909.0194 926.8283 934.8161 942.5108 950.2055 957.9002 960.3624 956.0225 951.6826 947.3427 943.0027 936.1523 929.0185 921.8846 914.7508 909.5276 907.6671 905.8065 903.946 902.0854 901.0186 900.1188 899.2191
