data/zism_data/00112_03_D.txt
ncols         224
nrows         224
[rows 170 to 203 of 224, columns 0 to 74 of 224]
898.0 898.0 898.0 898.0 898.0 898.0 898.0 898.0 898.0071 898.0233 898.0395 898.0557 898.072 898.135 898.2042 898.2734 898.3426 898.4335 898.5679 898.7021 898.8365 898.9708 899.0 899.0 899.0 899.0 899.0 899.0 899.0 899.0 899.0 899.0 899.0 899.0 899.0 899.0 899.0 899.0 899.0 899.0 899.0 899.0 899.0 899.0 899.0 899.0 899.0 899.0 899.0 899.0 899.0 899.0 899.0 899.0 899.0 899.0 899.0 899.0 899.0 899.0 899.0 899.0 899.0 899.0 899.0 899.0 899.0 899.0 899.0 899.0 899.0 899.0 899.0 899.0 899.0
898.0 898.0 898.0 898.0 898.0 898.0 898.0 898.0 898.0 898.0 898.0 898.0 898.0 898.0558 898.1191 898.1823 898.2454 898.3331 898.4695 898.6059 898.7423 898.8788 898.9189 898.9323 898.9457 898.9592 898.971 898.9777 898.9844 898.9911 898.9979 899.0 899.0 899.0 899.0 899.0 899.0 899.0 899.0 899.0 899.0 899.0 899.0 899.0 899.0 899.0 899.0 899.0 899.0 899.0 899.0 899.0 899.0 899.0 899.0 899.0 899.0 899.0 899.0 899.0 899.0 899.0 899.0 899.0 899.0 899.0 899.0 899.0 899.0 899.0 899.0 899.0 899.0 899.0 899.0
898.0 898.0 898.0 898.0 898.0 898.0 898.0 898.0 898.0 898.0 898.0 898.0 898.0 898.0416 898.0886 898.1357 898.1827 898.2542 898.3745 898.4948 898.6151 898.7353 898.7888 898.8237 898.8587 898.8936 898.9246 898.942 898.9595 898.9769 898.9944 899.0 899.0 899.0 899.0 899.0 899.0 899.0 899.0 899.0 899.0 899.0 899.0 899.0 899.0 899.0 899.0 899.0 899.0 899.0 899.0 899.0 899.0 899.0 899.0 899.0 899.0 899.0 899.0 899.0 899.0 899.0 899.0 899.0 899.0 899.0 899.0 899.0 899.0 899.0 899.0 899.0 899.0 899.0 899.0
898.0 898.0 898.0 898.0 898.0 898.0 898.0 898.0 898.0 898.0 898.0 898.0 898.0 898.0273 898.0582 898.0891 898.12 898.1753 898.2794 898.3836 898.4877 898.5919 898.6587 898.7151 898.7717 898.8281 898.8781 898.9063 898.9345 898.9628 898.991 899.0 899.0 899.0 899.0 899.0 899.0 899.0 899.0 899.0 899.0 899.0 899.0 899.0 899.0 899.0 899.0 899.0 899.0 899.0 899.0 899.0 899.0 899.0 899.0 899.0 899.0 899.0 899.0 899.0 899.0 899.0 899.0 899.0 899.0 899.0 899.0 899.0 899.0 899.0 899.0 899.0 899.0 899.0 899.0
898.0 898.0 898.0 898.0 898.0 898.0 898.0 898.0 898.0 898.0 898.0 898.0 898.0 898.0131 898.0278 898.0425 898.0573 898.0964 898.1844 898.2724 898.3604 898.4484 898.5286 898.6066 898.6846 898.7626 898.8315 898.8705 898.9095 898.9485 898.9875 899.0 899.0 899.0 899.0 899.0 899.0 899.0 899.0 899.0 899.0 899.0 899.0 899.0 899.0 899.0 899.0 899.0 899.0 899.0 899.0 899.0 899.0 899.0 899.0 899.0 899.0 899.0 899.0 899.0 899.0 899.0 899.0 899.0 899.0 899.0 899.0 899.0 899.0 899.0 899.0 899.0 899.0 899.0 899.0
897.9986 897.9991 897.9995 898.0 898.0 898.0 898.0 898.0 898.0 898.0 898.0 898.0 898.0 898.0 898.0 898.0 898.0 898.0239 898.0958 898.1677 898.2395 898.3113 898.4019 898.4977 898.5935 898.6893 898.774 898.8218 898.8698 898.9177 898.9656 898.9808 898.9808 898.9808 898.9808 898.9813 898.985 898.9888 898.9926 898.9963 898.9982 898.9986 898.9991 898.9996 899.0 899.0 899.0 899.0 899.0 899.0 899.0 899.0 899.0 899.0 899.0 899.0 899.0 899.0 899.0 899.0 899.0 899.0 899.0 899.0 899.0 899.0 899.0 899.0 899.0 899.0 899.0 899.0 899.0 899.0 899.0
897.9824 897.9882 897.9941 897.9999 898.0 898.0 898.0 898.0 898.0 898.0 898.0 898.0 898.0 898.0 898.0 898.0 898.0 898.0186 898.0743 898.13 898.1857 898.2414 898.3116 898.3859 898.4601 898.5344 898.6 898.6371 898.6743 898.7114 898.7485 898.7604 898.7604 898.7604 898.7604 898.7665 898.8133 898.8601 898.9069 898.9537 898.9767 898.9826 898.9885 898.9943 899.0 899.0 899.0 899.0 899.0 899.0 899.0 899.0 899.0 899.0 899.0 899.0 899.0 899.0 899.0 899.0 899.0 899.0 899.0 899.0 899.0 899.0 899.0 899.0 899.0 899.0 899.0 899.0 899.0 899.0 899.0
897.9661 897.9774 897.9886 897.9998 898.0 898.0 898.0 898.0 898.0 898.0 898.0 898.0 898.0 898.0 898.0 898.0 898.0 898.0132 898.0527 898.0923 898.1318 898.1714 898.2213 898.274 898.3267 898.3795 898.4261 898.4525 898.4788 898.5052 898.5316 898.5399 898.5399 898.5399 898.5399 898.5516 898.6415 898.7314 898.8212 898.9111 898.9554 898.9666 898.9778 898.9891 899.0 899.0 899.0 899.0 899.0 899.0 899.0 899.0 899.0 899.0 899.0 899.0 899.0 899.0 899.0 899.0 899.0 899.0 899.0 899.0 899.0 899.0 899.0 899.0 899.0 899.0 899.0 899.0 899.0 899.0 899.0
897.9499 897.9665 897.9832 897.9998 898.0 898.0 898.0 898.0 898.0 898.0 898.0 898.0 898.0 898.0 898.0 898.0 898.0 898.0078 898.0312 898.0546 898.078 898.1014 898.1309 898.1621 898.1933 898.2245 898.2521 898.2677 898.2833 898.2989 898.3145 898.3195 898.3195 898.3195 898.3195 898.3369 898.4697 898.6027 898.7356 898.8685 898.934 898.9506 898.9672 898.9839 899.0 899.0 899.0 899.0 899.0 899.0 899.0 899.0 899.0 899.0 899.0 899.0 899.0 899.0 899.0 899.0 899.0 899.0 899.0 899.0 899.0 899.0 899.0 899.0 899.0 899.0 899.0 899.0 899.0 899.0 899.0
897.9337 897.9557 897.9777 897.9997 898.0 898.0 898.0 898.0 898.0 898.0 898.0 898.0 898.0 898.0 898.0 898.0 898.0 898.0024 898.0096 898.0169 898.0242 898.0314 898.0406 898.0502 898.0599 898.0696 898.0781 898.083 898.0878 898.0927 898.0975 898.0991 898.0991 898.0991 898.0991 898.122 898.298 898.4739 898.6499 898.8259 898.9126 898.9346 898.9566 898.9786 899.0 899.0 899.0 899.0 899.0 899.0 899.0 899.0 899.0 899.0 899.0 899.0 899.0 899.0 899.0 899.0 899.0 899.0 899.0 899.0 899.0 899.0 899.0 899.0 899.0 899.0 899.0 899.0 899.0 899.0 899.0
897.8139 897.8354 897.8568 897.8783 897.8786 897.8786 897.8786 897.8786 897.8864 897.9041 897.9219 897.9397 897.9575 897.9674 897.9763 897.9852 897.9941 898.0 898.0 898.0 898.0 898.0 898.0 898.0 898.0 898.0 898.0 898.0 898.0 898.0 898.0 898.0 898.0 898.0 898.0 898.0224 898.194 898.3656 898.5372 898.7088 898.8088 898.857 898.9052 898.9532 899.0 899.0 899.0 899.0 899.0 899.0 899.0 899.0 899.0 899.0 899.0 899.0 899.0 899.0 899.0 899.0 899.0 899.0 899.0 899.0 899.0 899.0 899.0 899.0 899.0 899.0 899.0 899.0 899.0 899.0 899.0
897.6097 897.6258 897.6418 897.6579 897.6581 897.6581 897.6581 897.6581 897.6799 897.73 897.7801 897.8301 897.8802 897.9082 897.9332 897.9583 897.9833 898.0 898.0 898.0 898.0 898.0 898.0 898.0 898.0 898.0 898.0 898.0 898.0 898.0 898.0 898.0 898.0 898.0 898.0 898.0168 898.1453 898.2739 898.4024 898.5309 898.6379 898.7291 898.8203 898.9114 899.0 899.0 899.0 899.0 899.0 899.0 899.0 899.0 899.0 899.0 899.0 899.0 899.0 899.0 899.0 899.0 899.0 899.0 899.0 899.0 899.0 899.0 899.0 899.0 899.0 899.0 899.0 899.0 899.0 899.0 899.0
897.4055 897.4161 897.4269 897.4376 897.4377 897.4377 897.4377 897.4377 897.4735 897.5559 897.6382 897.7206 897.803 897.8489 897.8901 897.9313 897.9725 898.0 898.0 898.0 898.0 898.0 898.0 898.0 898.0 898.0 898.0 898.0 898.0 898.0 898.0 898.0 898.0 898.0 898.0 898.0112 898.0966 898.1821 898.2676 898.3531 898.4669 898.6011 898.7354 898.8696 899.0 899.0 899.0 899.0 899.0 899.0 899.0 899.0 899.0 899.0 899.0 899.0 899.0 899.0 899.0 899.0 899.0 899.0 899.0 899.0 899.0 899.0 899.0 899.0 899.0 899.0 899.0 899.0 899.0 899.0 899.0
897.2012 897.2065 897.2119 897.2172 897.2172 897.2172 897.2172 897.2172 897.2671 897.3818 897.4965 897.6111 897.7258 897.7897 897.8471 897.9044 897.9618 898.0 898.0 898.0 898.0 898.0 898.0 898.0 898.0 898.0 898.0 898.0 898.0 898.0 898.0 898.0 898.0 898.0 898.0 898.0056 898.048 898.0904 898.1328 898.1753 898.2959 898.4732 898.6505 898.8278 899.0 899.0 899.0 899.0 899.0 899.0 899.0 899.0 899.0 899.0 899.0 899.0 899.0 899.0 899.0 899.0 899.0 899.0 899.0 899.0 899.0 899.0 899.0 899.0 899.0 899.0 899.0 899.0 899.0 899.0 899.0
897.0 897.0 897.0 897.0 897.0 897.0 897.0 897.0 897.0635 897.2095 897.3555 897.5015 897.6476 897.7291 897.8022 897.8753 897.9484 897.9972 897.9974 897.9975 897.9977 897.9979 897.9982 897.9987 897.9991 897.9996 898.0 898.0 898.0 898.0 898.0 898.0 898.0 898.0 898.0 898.0001 898.0004 898.0007 898.001 898.0013 898.1286 898.3481 898.5675 898.7869 899.0 899.0 899.0 899.0 899.0 899.0 899.0 899.0 899.0 899.0 899.0 899.0 899.0 899.0 899.0 899.0 899.0 899.0 899.0 899.0 899.0 899.0 899.0 899.0 899.0 899.0 899.0 899.0 899.0 899.0 899.0
897.0 897.0 897.0 897.0 897.0 897.0 897.0 897.0 897.0494 897.1631 897.2769 897.3906 897.5043 897.5726 897.635 897.6973 897.7596 897.8049 897.8158 897.8267 897.8376 897.8485 897.8765 897.9093 897.9421 897.9749 898.0 898.0 898.0 898.0 898.0 898.0 898.0 898.0 898.0 898.0029 898.0247 898.0465 898.0684 898.0902 898.2141 898.412 898.6099 898.8079 899.0 899.0 899.0 899.0 899.0 899.0 899.0 899.0 899.0 899.0 899.0 899.0 899.0 899.0 899.0 899.0 899.0 899.0 899.0 899.0 899.0 899.0 899.0 899.0 899.0 899.0 899.0 899.0 899.0 899.0 899.0
897.0 897.0 897.0 897.0 897.0 897.0 897.0 897.0 897.0354 897.1168 897.1983 897.2797 897.3611 897.4162 897.4678 897.5193 897.5709 897.6125 897.6342 897.6559 897.6776 897.6992 897.7549 897.8199 897.8849 897.95 898.0 898.0 898.0 898.0 898.0 898.0 898.0 898.0 898.0 898.0057 898.049 898.0924 898.1357 898.1791 898.2996 898.476 898.6523 898.8287 899.0 899.0 899.0 899.0 899.0 899.0 899.0 899.0 899.0 899.0 899.0 899.0 899.0 899.0 899.0 899.0 899.0 899.0 899.0 899.0 899.0 899.0 899.0 899.0 899.0 899.0 899.0 899.0 899.0 899.0 899.0
897.0 897.0 897.0 897.0 897.0 897.0 897.0 897.0 897.0214 897.0705 897.1196 897.1688 897.218 897.2597 897.3005 897.3413 897.3821 897.4202 897.4526 897.485 897.5175 897.5499 897.6332 897.7305 897.8279 897.9252 898.0 898.0 898.0 898.0 898.0 898.0 898.0 898.0 898.0 898.0085 898.0734 898.1382 898.2031 898.2681 898.3851 898.5399 898.6948 898.8496 899.0 899.0 899.0 899.0 899.0 899.0 899.0 899.0 899.0 899.0 899.0 899.0 899.0 899.0 899.0 899.0 899.0 899.0 899.0 899.0 899.0 899.0 899.0 899.0 899.0 899.0 899.0 899.0 899.0 899.0 899.0
897.0 897.0 897.0 897.0 897.0 897.0 897.0 897.0 897.0073 897.0242 897.041 897.0579 897.0747 897.1032 897.1332 897.1633 897.1934 897.2278 897.271 897.3142 897.3574 897.4006 897.5115 897.6411 897.7708 897.9005 898.0 898.0 898.0 898.0 898.0 898.0 898.0 898.0 898.0 898.0113 898.0977 898.1841 898.2706 898.3569 898.4706 898.6039 898.7372 898.8705 899.0 899.0 899.0 899.0 899.0 899.0 899.0 899.0 899.0 899.0 899.0 899.0 899.0 899.0 899.0 899.0 899.0 899.0 899.0 899.0 899.0 899.0 899.0 899.0 899.0 899.0 899.0 899.0 899.0 899.0 899.0
897.0 897.0 897.0 897.0 897.0 897.0 897.0 897.0 897.0 897.0 897.0 897.0 897.0 897.0193 897.0411 897.063 897.0848 897.114 897.1577 897.2014 897.2451 897.2888 897.4128 897.5594 897.7059 897.8524 897.9666 897.9744 897.9821 897.9898 897.9976 898.0 898.0 898.0 898.0 898.0134 898.1162 898.219 898.3218 898.4246 898.5356 898.6526 898.7695 898.8865 899.0 899.0 899.0 899.0 899.0 899.0 899.0 899.0 899.0 899.0 899.0 899.0 899.0 899.0 899.0 899.0 899.0 899.0 899.0 899.0 899.0 899.0 899.0 899.0 899.0 899.0 899.0 899.0 899.0 899.0 899.0
897.0 897.0 897.0 897.0 897.0 897.0 897.0 897.0 897.0 897.0 897.0 897.0 897.0 897.0145 897.031 897.0475 897.064 897.0859 897.1188 897.1517 897.1846 897.2176 897.3394 897.4858 897.6323 897.7789 897.8969 897.9208 897.9446 897.9685 897.9924 898.0 898.0 898.0 898.0 898.0148 898.1284 898.2419 898.3555 898.4691 898.5784 898.6846 898.7907 898.8969 899.0 899.0 899.0 899.0 899.0 899.0 899.0 899.0 899.0 899.0 899.0 899.0 899.0 899.0 899.0 899.0 899.0 899.0 899.0 899.0 899.0 899.0 899.0 899.0 899.0 899.0 899.0 899.0 899.0 899.0 899.0
897.0 897.0 897.0 897.0 897.0 897.0 897.0 897.0 897.0 897.0 897.0 897.0 897.0 897.0098 897.0209 897.032 897.043 897.0578 897.08 897.1021 897.1243 897.1464 897.2659 897.4124 897.5588 897.7053 897.8271 897.8672 897.9072 897.9472 897.9872 898.0 898.0 898.0 898.0 898.0162 898.1406 898.2649 898.3892 898.5135 898.6211 898.7166 898.812 898.9073 899.0 899.0 899.0 899.0 899.0 899.0 899.0 899.0 899.0 899.0 899.0 899.0 899.0 899.0 899.0 899.0 899.0 899.0 899.0 899.0 899.0 899.0 899.0 899.0 899.0 899.0 899.0 899.0 899.0 899.0 899.0
897.0 897.0 897.0 897.0 897.0 897.0 897.0 897.0 897.0 897.0 897.0 897.0 897.0 897.0051 897.0107 897.0164 897.0221 897.0297 897.0411 897.0525 897.0639 897.0753 897.1924 897.3389 897.4854 897.6318 897.7574 897.8136 897.8698 897.9259 897.9821 898.0 898.0 898.0 898.0 898.0176 898.1527 898.2878 898.4229 898.558 898.6639 898.7485 898.8331 898.9178 899.0 899.0 899.0 899.0 899.0 899.0 899.0 899.0 899.0 899.0 899.0 899.0 899.0 899.0 899.0 899.0 899.0 899.0 899.0 899.0 899.0 899.0 899.0 899.0 899.0 899.0 899.0 899.0 899.0 899.0 899.0
897.0 897.0 897.0 897.0 897.0 897.0 897.0 897.0 897.0 897.0 897.0 897.0 897.0 897.0003 897.0006 897.0009 897.0012 897.0016 897.0023 897.0029 897.0035 897.0042 897.1189 897.2654 897.4119 897.5583 897.6877 897.7599 897.8323 897.9046 897.9769 898.0 898.0 898.0 898.0 898.019 898.1649 898.3107 898.4566 898.6025 898.7066 898.7805 898.8544 898.9283 899.0 899.0 899.0 899.0 899.0 899.0 899.0 899.0 899.0 899.0 899.0 899.0 899.0 899.0 899.0 899.0 899.0 899.0 899.0 899.0 899.0 899.0 899.0 899.0 899.0 899.0 899.0 899.0 899.0 899.0 899.0
896.8382 896.823 896.8077 896.7925 896.7924 896.7924 896.7924 896.7924 896.8055 896.836 896.8664 896.8969 896.9272 896.9442 896.9594 896.9747 896.9899 897.0 897.0 897.0 897.0 897.0 897.1146 897.2611 897.4076 897.5541 897.6836 897.7569 897.8301 897.9034 897.9766 898.0 898.0 898.0 898.0 898.0191 898.1656 898.3121 898.4586 898.605 898.7091 898.7823 898.8556 898.9289 899.0 899.0 899.0 899.0 899.0 899.0 899.0 899.0 899.0 899.0 899.0 899.0 899.0 899.0 899.0 899.0 899.0 899.0 899.0 899.0 899.0 899.0 899.0 899.0 899.0 899.0 899.0 899.0 899.0 899.0 899.0
896.6664 896.6351 896.6037 896.5723 896.5719 896.5719 896.5719 896.5719 896.5991 896.6619 896.7245 896.7873 896.85 896.885 896.9164 896.9478 896.9791 897.0 897.0 897.0 897.0 897.0 897.1146 897.2611 897.4076 897.5541 897.6836 897.7569 897.8301 897.9034 897.9766 898.0 898.0 898.0 898.0 898.0191 898.1656 898.3121 898.4586 898.605 898.7091 898.7823 898.8556 898.9289 899.0 899.0 899.0 899.0 899.0 899.0 899.0 899.0 899.0 899.0 899.0 899.0 899.0 899.0 899.0 899.0 899.0 899.0 899.0 899.0 899.0 899.0 899.0 899.0 899.0 899.0 899.0 899.0 899.0 899.0 899.0
896.4947 896.4471 896.3997 896.3521 896.3514 896.3514 896.3514 896.3514 896.3928 896.4877 896.5828 896.6778 896.7728 896.8258 896.8733 896.9208 896.9683 897.0 897.0 897.0 897.0 897.0 897.1146 897.2611 897.4076 897.5541 897.6836 897.7569 897.8301 897.9034 897.9766 898.0 898.0 898.0 898.0 898.0191 898.1656 898.3121 898.4586 898.605 898.7091 898.7823 898.8556 898.9289 899.0 899.0 899.0 899.0 899.0 899.0 899.0 899.0 899.0 899.0 899.0 899.0 899.0 899.0 899.0 899.0 899.0 899.0 899.0 899.0 899.0 899.0 899.0 899.0 899.0 899.0 899.0 899.0 899.0 899.0 899.0
896.3229 896.2592 896.1956 896.1319 896.131 896.131 896.131 896.131 896.1863 896.3137 896.4409 896.5682 896.6956 896.7666 896.8303 896.8939 896.9576 897.0 897.0 897.0 897.0 897.0 897.1146 897.2611 897.4076 897.5541 897.6836 897.7569 897.8301 897.9034 897.9766 898.0 898.0 898.0 898.0 898.0191 898.1656 898.3121 898.4586 898.605 898.7091 898.7823 898.8556 898.9289 899.0 899.0 899.0 899.0 899.0 899.0 899.0 899.0 899.0 899.0 899.0 899.0 899.0 899.0 899.0 899.0 899.0 899.0 899.0 899.0 899.0 899.0 899.0 899.0 899.0 899.0 899.0 899.0 899.0 899.0 899.0
896.2208 896.1476 896.0743 896.001 896.0 896.0 896.0 896.0 896.058 896.1914 896.3248 896.4581 896.5916 896.6756 896.7532 896.8309 896.9085 896.9631 896.9719 896.9807 896.9894 896.9981 897.1078 897.2455 897.3833 897.5211 897.6459 897.7279 897.8099 897.8918 897.9739 898.0 898.0 898.0 898.0 898.0194 898.1681 898.3167 898.4654 898.6141 898.7178 898.7888 898.8599 898.931 899.0 899.0 899.0 899.0 899.0 899.0 899.0 899.0 899.0 899.0 899.0 899.0 899.0 899.0 899.0 899.0 899.0 899.0 899.0 899.0 899.0 899.0 899.0 899.0 899.0 899.0 899.0 899.0 899.0 899.0 899.0
896.2208 896.1476 896.0743 896.001 896.0 896.0 896.0 896.0 896.0439 896.145 896.2462 896.3472 896.4483 896.5382 896.6266 896.715 896.8033 896.8724 896.9026 896.9329 896.9631 896.9934 897.0909 897.2072 897.3234 897.4396 897.5529 897.6564 897.7599 897.8635 897.967 898.0 898.0 898.0 898.0 898.0201 898.1741 898.3282 898.4822 898.6363 898.7391 898.8048 898.8705 898.9362 899.0 899.0 899.0 899.0 899.0 899.0 899.0 899.0 899.0 899.0 899.0 899.0 899.0 899.0 899.0 899.0 899.0 899.0 899.0 899.0 899.0 899.0 899.0 899.0 899.0 899.0 899.0 899.0 899.0 899.0 899.0
896.2208 896.1476 896.0743 896.001 896.0 896.0 896.0 896.0 896.0299 896.0987 896.1675 896.2363 896.3051 896.4008 896.4999 896.5991 896.6982 896.7816 896.8334 896.8851 896.937 896.9888 897.0741 897.1688 897.2635 897.3582 897.46 897.585 897.71 897.8351 897.9601 898.0 898.0 898.0 898.0 898.0208 898.1802 898.3397 898.4991 898.6586 898.7606 898.8209 898.8812 898.9415 899.0 899.0 899.0 899.0 899.0 899.0 899.0 899.0 899.0 899.0 899.0 899.0 899.0 899.0 899.0 899.0 899.0 899.0 899.0 899.0 899.0 899.0 899.0 899.0 899.0 899.0 899.0 899.0 899.0 899.0 899.0
896.2208 896.1476 896.0743 896.001 896.0 896.0 896.0 896.0 896.0159 896.0524 896.0889 896.1254 896.1619 896.2633 896.3732 896.4832 896.5931 896.6908 896.7641 896.8374 896.9108 896.9841 897.0573 897.1304 897.2036 897.2768 897.3669 897.5135 897.6601 897.8067 897.9532 898.0 898.0 898.0 898.0 898.0215 898.1863 898.3511 898.516 898.6808 898.7819 898.8369 898.8917 898.9467 899.0 899.0 899.0 899.0 899.0 899.0 899.0 899.0 899.0 899.0 899.0 899.0 899.0 899.0 899.0 899.0 899.0 899.0 899.0 899.0 899.0 899.0 899.0 899.0 899.0 899.0 899.0 899.0 899.0 899.0 899.0
896.2208 896.1476 896.0743 896.001 896.0 896.0 896.0 896.0 896.0018 896.006 896.0103 896.0145 896.0187 896.1259 896.2465 896.3672 896.4879 896.6 896.6948 896.7897 896.8845 896.9794 897.0404 897.092 897.1437 897.1953 897.274 897.4421 897.6102 897.7783 897.9464 898.0 898.0 898.0 898.0 898.0222 898.1924 898.3626 898.5328 898.7031 898.8033 898.8528 898.9023 898.9519 899.0 899.0 899.0 899.0 899.0 899.0 899.0 899.0 899.0 899.0 899.0 899.0 899.0 899.0 899.0 899.0 899.0 899.0 899.0 899.0 899.0 899.0 899.0 899.0 899.0 899.0 899.0 899.0 899.0 899.0 899.0
896.3055 896.2042 896.1028 896.0015 896.0 896.0 896.0 896.0 896.0 896.0 896.0 896.0 896.0 896.0872 896.1859 896.2846 896.3833 896.4847 896.5918 896.6988 896.8058 896.9128 896.978 897.0315 897.085 897.1385 897.2149 897.3671 897.5193 897.6715 897.8237 897.8914 897.9194 897.9475 897.9756 898.0217 898.1879 898.3541 898.5204 898.6866 898.7875 898.841 898.8945 898.9481 899.0 899.0 899.0 899.0 899.0 899.0 899.0 899.0 899.0 899.0 899.0 899.0 899.0 899.0 899.0 899.0 899.0 899.0 899.0 899.0 899.0 899.0 899.0 899.0 899.0 899.0 899.0 899.0 899.0 899.0 899.0
