data/zism_data/00114_04_D.txt
ncols         224
nrows         224
[rows 56 to 83 of 224, columns 63 to 125 of 224]
1924.908 1925.872 1926.835 1927.798 1926.467 1924.326 1922.184 1920.043 1918.271 1918.091 1917.911 1917.731 1917.55 1917.502 1917.528 1917.555 1917.581 1917.526 1916.616 1915.705 1914.794 1913.883 1912.841 1911.684 1910.527 1909.37 1908.213 1904.961 1901.678 1898.395 1895.112 1888.803 1878.56 1868.316 1858.072 1847.828 1839.516 1831.457 1823.397 1815.338 1809.303 1807.317 1805.331 1803.345 1801.359 1799.32 1797.267 1795.213 1793.159 1789.536 1780.711 1771.886 1763.061 1754.236 1742.457 1729.295 1716.133 1702.972 1690.733 1684.65 1678.566 1672.483 1666.4
1926.605 1928.147 1929.689 1931.231 1930.181 1928.216 1926.252 1924.288 1922.647 1922.403 1922.158 1921.913 1921.669 1921.348 1920.983 1920.619 1920.254 1919.815 1918.588 1917.361 1916.134 1914.908 1913.646 1912.356 1911.065 1909.774 1908.483 1904.934 1901.351 1897.768 1894.185 1887.776 1877.693 1867.61 1857.527 1847.444 1839.558 1831.959 1824.36 1816.762 1811.509 1810.948 1810.386 1809.825 1809.264 1808.713 1808.165 1807.617 1807.068 1804.402 1794.72 1785.038 1775.356 1765.674 1752.844 1738.541 1724.239 1709.936 1696.717 1690.719 1684.721 1678.724 1672.726
1928.929 1930.977 1933.025 1935.072 1934.239 1932.39 1930.54 1928.69 1927.121 1926.761 1926.401 1926.04 1925.68 1925.078 1924.338 1923.598 1922.859 1922.051 1920.536 1919.021 1917.506 1915.991 1914.497 1913.021 1911.544 1910.068 1908.592 1904.909 1901.194 1897.479 1893.763 1887.505 1877.943 1868.379 1858.816 1849.253 1841.976 1834.999 1828.022 1821.045 1816.531 1816.942 1817.353 1817.764 1818.175 1818.488 1818.775 1819.061 1819.348 1817.156 1806.755 1796.355 1785.954 1775.554 1761.803 1746.483 1731.163 1715.844 1701.751 1695.838 1689.924 1684.011 1678.098
1933.171 1935.503 1937.834 1940.166 1939.352 1937.427 1935.502 1933.578 1931.896 1931.263 1930.629 1929.996 1929.362 1928.453 1927.386 1926.32 1925.253 1924.13 1922.411 1920.693 1918.974 1917.255 1915.483 1913.664 1911.845 1910.026 1908.207 1904.894 1901.559 1898.224 1894.889 1889.55 1881.604 1873.659 1865.713 1857.768 1851.663 1845.801 1839.938 1834.075 1830.166 1830.164 1830.163 1830.162 1830.16 1829.432 1828.503 1827.573 1826.644 1823.45 1812.755 1802.059 1791.365 1780.669 1766.39 1750.433 1734.476 1718.519 1703.882 1698.049 1692.216 1686.384 1680.55
1937.413 1940.029 1942.644 1945.26 1944.464 1942.465 1940.465 1938.465 1936.672 1935.765 1934.858 1933.952 1933.045 1931.828 1930.435 1929.041 1927.648 1926.209 1924.287 1922.364 1920.442 1918.52 1916.469 1914.307 1912.146 1909.984 1907.822 1904.879 1901.924 1898.97 1896.015 1891.594 1885.266 1878.938 1872.611 1866.283 1861.351 1856.602 1851.854 1847.105 1843.801 1843.387 1842.974 1842.56 1842.146 1840.377 1838.231 1836.086 1833.94 1829.744 1818.754 1807.764 1796.775 1785.785 1770.978 1754.383 1737.788 1721.194 1706.014 1700.261 1694.508 1688.756 1683.003
1941.656 1944.555 1947.454 1950.354 1949.577 1947.502 1945.427 1943.353 1941.447 1940.267 1939.087 1937.907 1936.727 1935.203 1933.483 1931.763 1930.043 1928.287 1926.162 1924.036 1921.91 1919.784 1917.455 1914.951 1912.446 1909.942 1907.437 1904.864 1902.289 1899.715 1897.141 1893.638 1888.928 1884.218 1879.508 1874.798 1871.039 1867.404 1863.77 1860.135 1857.437 1856.61 1855.784 1854.958 1854.131 1851.321 1847.96 1844.598 1841.237 1836.038 1824.754 1813.469 1802.185 1790.9 1775.565 1758.333 1741.101 1723.869 1708.145 1702.473 1696.8 1691.128 1685.456
1945.898 1949.081 1952.264 1955.447 1954.689 1952.539 1950.39 1948.24 1946.222 1944.769 1943.316 1941.863 1940.41 1938.578 1936.531 1934.484 1932.438 1930.366 1928.037 1925.708 1923.378 1921.049 1918.442 1915.594 1912.747 1909.899 1907.052 1904.848 1902.654 1900.46 1898.266 1895.682 1892.59 1889.497 1886.405 1883.313 1880.726 1878.206 1875.685 1873.165 1871.072 1869.833 1868.594 1867.356 1866.117 1862.265 1857.688 1853.11 1848.533 1842.332 1830.753 1819.174 1807.595 1796.016 1780.152 1762.283 1744.413 1726.544 1710.276 1704.684 1699.092 1693.5 1687.908
1951.152 1954.299 1957.445 1960.592 1959.618 1957.191 1954.763 1952.336 1950.004 1948.082 1946.16 1944.239 1942.317 1940.109 1937.74 1935.37 1933.0 1930.619 1928.123 1925.627 1923.131 1920.635 1917.953 1915.109 1912.265 1909.422 1906.578 1904.698 1902.833 1900.968 1899.103 1897.072 1894.827 1892.582 1890.336 1888.091 1886.2 1884.355 1882.51 1880.665 1879.011 1877.74 1876.468 1875.197 1873.925 1869.802 1864.886 1859.97 1855.055 1848.47 1836.357 1824.243 1812.13 1800.017 1784.043 1766.263 1748.482 1730.702 1714.57 1709.423 1704.277 1699.13 1693.984
1956.866 1959.83 1962.794 1965.759 1964.464 1961.667 1958.87 1956.073 1953.336 1950.857 1948.379 1945.9 1943.421 1940.806 1938.115 1935.424 1932.733 1930.045 1927.399 1924.753 1922.107 1919.461 1916.795 1914.112 1911.429 1908.746 1906.063 1904.487 1902.927 1901.368 1899.808 1898.166 1896.419 1894.672 1892.925 1891.178 1889.766 1888.398 1887.03 1885.662 1884.372 1883.24 1882.108 1880.976 1879.844 1875.797 1870.94 1866.083 1861.226 1854.537 1841.781 1829.025 1816.269 1803.513 1787.619 1770.256 1752.894 1735.532 1719.842 1715.306 1710.771 1706.235 1701.699
1962.579 1965.361 1968.144 1970.926 1969.311 1966.144 1962.977 1959.811 1956.668 1953.632 1950.597 1947.561 1944.525 1941.503 1938.491 1935.478 1932.465 1929.471 1926.675 1923.88 1921.083 1918.287 1915.638 1913.116 1910.594 1908.071 1905.549 1904.276 1903.022 1901.767 1900.513 1899.261 1898.012 1896.763 1895.514 1894.265 1893.332 1892.441 1891.55 1890.658 1889.733 1888.74 1887.747 1886.755 1885.762 1881.791 1876.993 1872.195 1867.397 1860.605 1847.206 1833.807 1820.408 1807.009 1791.195 1774.25 1757.305 1740.361 1725.114 1721.189 1717.264 1713.339 1709.414
1968.293 1970.893 1973.493 1976.093 1974.157 1970.621 1967.084 1963.548 1960.001 1956.408 1952.815 1949.222 1945.629 1942.2 1938.866 1935.532 1932.198 1928.898 1925.952 1923.006 1920.06 1917.114 1914.481 1912.12 1909.758 1907.396 1905.035 1904.065 1903.116 1902.167 1901.218 1900.355 1899.604 1898.854 1898.103 1897.352 1896.899 1896.484 1896.07 1895.655 1895.094 1894.24 1893.387 1892.533 1891.68 1887.785 1883.046 1878.307 1873.568 1866.672 1852.63 1838.588 1824.547 1810.505 1794.771 1778.243 1761.717 1745.19 1730.387 1727.072 1723.758 1720.444 1717.129
1973.739 1976.073 1978.407 1980.741 1978.423 1974.464 1970.505 1966.546 1962.56 1958.459 1954.358 1950.256 1946.155 1942.374 1938.776 1935.178 1931.58 1928.026 1924.946 1921.865 1918.785 1915.704 1913.101 1910.911 1908.722 1906.532 1904.342 1903.681 1903.042 1902.403 1901.764 1901.269 1900.961 1900.652 1900.344 1900.036 1900.0 1900.0 1900.0 1900.0 1899.763 1899.051 1898.34 1897.628 1896.917 1893.134 1888.499 1883.864 1879.228 1872.282 1857.682 1843.082 1828.482 1813.882 1798.382 1782.461 1766.54 1750.619 1736.427 1733.756 1731.086 1728.416 1725.746
1977.404 1978.913 1980.422 1981.931 1978.824 1974.089 1969.353 1964.617 1959.966 1955.683 1951.399 1947.116 1942.833 1939.061 1935.581 1932.1 1928.62 1925.172 1922.059 1918.946 1915.833 1912.721 1910.235 1908.292 1906.348 1904.405 1902.462 1902.142 1901.846 1901.55 1901.254 1900.982 1900.744 1900.505 1900.266 1900.028 1900.0 1900.0 1900.0 1900.0 1899.816 1899.266 1898.715 1898.164 1897.613 1894.18 1889.947 1885.713 1881.479 1874.843 1860.248 1845.653 1831.059 1816.464 1802.232 1788.17 1774.108 1760.046 1747.582 1745.78 1743.978 1742.175 1740.373
1981.069 1981.753 1982.437 1983.121 1979.225 1973.713 1968.2 1962.688 1957.372 1952.907 1948.441 1943.976 1939.51 1935.748 1932.385 1929.023 1925.66 1922.317 1919.172 1916.027 1912.882 1909.737 1907.369 1905.672 1903.975 1902.278 1900.581 1900.603 1900.649 1900.696 1900.743 1900.696 1900.527 1900.358 1900.189 1900.02 1900.0 1900.0 1900.0 1900.0 1899.87 1899.48 1899.09 1898.7 1898.31 1895.226 1891.394 1887.562 1883.73 1877.404 1862.814 1848.225 1833.636 1819.046 1806.082 1793.878 1781.675 1769.472 1758.738 1757.804 1756.869 1755.934 1755.0
1984.734 1984.593 1984.452 1984.311 1979.626 1973.337 1967.047 1960.758 1954.778 1950.131 1945.483 1940.835 1936.188 1932.435 1929.19 1925.945 1922.701 1919.462 1916.285 1913.108 1909.931 1906.754 1904.502 1903.052 1901.601 1900.151 1898.701 1899.063 1899.453 1899.843 1900.232 1900.409 1900.31 1900.21 1900.111 1900.011 1900.0 1900.0 1900.0 1900.0 1899.924 1899.694 1899.465 1899.235 1899.006 1896.272 1892.841 1889.411 1885.981 1879.964 1865.381 1850.796 1836.213 1821.628 1809.932 1799.587 1789.243 1778.898 1769.894 1769.827 1769.761 1769.694 1769.627
1988.399 1987.433 1986.467 1985.502 1980.027 1972.961 1965.895 1958.829 1952.184 1947.355 1942.525 1937.695 1932.865 1929.121 1925.995 1922.868 1919.741 1916.607 1913.398 1910.189 1906.979 1903.77 1901.636 1900.432 1899.228 1898.024 1896.82 1897.524 1898.257 1898.989 1899.722 1900.123 1900.093 1900.063 1900.033 1900.003 1900.0 1900.0 1900.0 1900.0 1899.977 1899.908 1899.84 1899.771 1899.702 1897.317 1894.289 1891.26 1888.232 1882.525 1867.947 1853.368 1838.789 1824.21 1813.782 1805.296 1796.81 1788.325 1781.05 1781.851 1782.652 1783.453 1784.254
1988.838 1986.689 1984.539 1982.39 1976.209 1968.606 1961.002 1953.398 1946.367 1941.8 1937.233 1932.665 1928.098 1924.634 1921.797 1918.959 1916.122 1913.238 1909.858 1906.479 1903.1 1899.721 1897.444 1896.121 1894.799 1893.476 1892.154 1893.572 1895.031 1896.489 1897.948 1898.889 1899.159 1899.429 1899.699 1899.969 1900.0 1900.0 1900.0 1900.0 1899.996 1899.984 1899.971 1899.959 1899.947 1897.675 1894.775 1891.876 1888.976 1883.423 1869.08 1854.736 1840.393 1826.05 1816.632 1809.521 1802.409 1795.298 1789.29 1790.643 1791.996 1793.349 1794.702
1986.868 1983.267 1979.666 1976.065 1969.24 1961.278 1953.315 1945.353 1938.142 1934.169 1930.197 1926.224 1922.252 1919.269 1916.85 1914.43 1912.011 1909.484 1905.832 1902.179 1898.527 1894.874 1892.261 1890.548 1888.834 1887.121 1885.407 1887.817 1890.288 1892.759 1895.23 1896.949 1897.69 1898.432 1899.173 1899.914 1900.0 1900.0 1900.0 1900.0 1899.989 1899.955 1899.921 1899.888 1899.854 1897.519 1894.544 1891.569 1888.595 1883.078 1869.142 1855.206 1841.27 1827.334 1818.736 1812.637 1806.537 1800.438 1795.352 1797.021 1798.69 1800.359 1802.028
1984.898 1979.846 1974.793 1969.74 1962.271 1953.95 1945.628 1937.307 1929.917 1926.539 1923.161 1919.783 1916.405 1913.905 1911.903 1909.901 1907.9 1905.731 1901.805 1897.88 1893.954 1890.028 1887.079 1884.974 1882.87 1880.765 1878.661 1882.063 1885.546 1889.03 1892.513 1895.009 1896.222 1897.434 1898.647 1899.859 1900.0 1900.0 1900.0 1900.0 1899.982 1899.927 1899.871 1899.816 1899.761 1897.363 1894.313 1891.263 1888.214 1882.734 1869.205 1855.676 1842.147 1828.618 1820.839 1815.752 1810.666 1805.579 1801.415 1803.4 1805.385 1807.37 1809.355
1982.929 1976.424 1969.92 1963.415 1955.302 1946.622 1937.942 1929.262 1921.693 1918.909 1916.126 1913.342 1910.559 1908.54 1906.956 1905.373 1903.789 1901.978 1897.779 1893.58 1889.381 1885.182 1881.897 1879.401 1876.905 1874.41 1871.914 1876.308 1880.804 1885.3 1889.796 1893.069 1894.753 1896.437 1898.121 1899.805 1900.0 1900.0 1900.0 1900.0 1899.974 1899.898 1899.821 1899.745 1899.668 1897.206 1894.082 1890.957 1887.833 1882.39 1869.268 1856.146 1843.024 1829.902 1822.943 1818.868 1814.794 1810.72 1807.477 1809.778 1812.079 1814.38 1816.681
1980.934 1973.0 1965.066 1957.132 1948.384 1939.348 1930.313 1921.277 1913.527 1911.317 1909.106 1906.895 1904.685 1903.136 1901.964 1900.792 1899.62 1898.16 1893.686 1889.212 1884.738 1880.264 1876.643 1873.76 1870.877 1867.994 1865.111 1870.496 1876.004 1881.511 1887.018 1891.073 1893.238 1895.403 1897.568 1899.733 1899.985 1899.986 1899.986 1899.987 1899.953 1899.849 1899.746 1899.642 1899.538 1897.009 1893.806 1890.602 1887.399 1881.993 1869.29 1856.587 1843.885 1831.182 1825.043 1821.976 1818.91 1815.843 1813.517 1816.131 1818.745 1821.358 1823.972
1977.248 1969.406 1961.563 1953.72 1944.904 1935.745 1926.586 1917.428 1909.407 1906.291 1903.175 1900.059 1896.943 1895.057 1893.868 1892.68 1891.492 1889.982 1885.095 1880.209 1875.322 1870.436 1866.549 1863.526 1860.504 1857.482 1854.459 1860.783 1867.244 1873.705 1880.165 1885.257 1888.569 1891.88 1895.192 1898.503 1898.935 1898.989 1899.044 1899.098 1898.962 1898.446 1897.93 1897.414 1896.898 1894.019 1890.483 1886.948 1883.412 1878.039 1866.58 1855.119 1843.66 1832.199 1826.92 1824.534 1822.148 1819.761 1818.038 1820.738 1823.437 1826.136 1828.836
1973.563 1965.811 1958.059 1950.308 1941.425 1932.143 1922.86 1913.578 1905.287 1901.266 1897.245 1893.223 1889.202 1886.977 1885.773 1884.568 1883.364 1881.803 1876.505 1871.206 1865.906 1860.607 1856.454 1853.293 1850.131 1846.97 1843.808 1851.069 1858.484 1865.898 1873.313 1879.442 1883.9 1888.357 1892.815 1897.273 1897.885 1897.993 1898.101 1898.209 1897.972 1897.043 1896.114 1895.186 1894.257 1891.028 1887.161 1883.293 1879.426 1874.086 1863.869 1853.651 1843.434 1833.217 1828.797 1827.092 1825.385 1823.68 1822.559 1825.344 1828.13 1830.915 1833.7
1969.877 1962.217 1954.556 1946.895 1937.945 1928.54 1919.134 1909.729 1901.167 1896.241 1891.314 1886.388 1881.461 1878.898 1877.677 1876.457 1875.236 1873.625 1867.914 1862.202 1856.491 1850.779 1846.36 1843.06 1839.759 1836.458 1833.157 1841.356 1849.724 1858.092 1866.46 1873.626 1879.23 1884.835 1890.439 1896.043 1896.836 1896.997 1897.159 1897.32 1896.981 1895.64 1894.298 1892.957 1891.616 1888.038 1883.838 1879.639 1875.439 1870.132 1861.158 1852.183 1843.209 1834.235 1830.675 1829.649 1828.624 1827.598 1827.081 1829.951 1832.822 1835.693 1838.564
1966.192 1958.622 1951.052 1943.483 1934.465 1924.937 1915.408 1905.88 1897.047 1891.215 1885.384 1879.552 1873.72 1870.818 1869.582 1868.345 1867.108 1865.447 1859.323 1853.199 1847.075 1840.951 1836.266 1832.826 1829.386 1825.946 1822.505 1831.642 1840.964 1850.285 1859.607 1867.811 1874.561 1881.312 1888.063 1894.813 1895.786 1896.001 1896.216 1896.431 1895.99 1894.236 1892.483 1890.729 1888.975 1885.048 1880.516 1875.984 1871.452 1866.178 1858.447 1850.715 1842.984 1835.252 1832.552 1832.207 1831.862 1831.516 1831.602 1834.558 1837.515 1840.472 1843.428
1963.742 1956.359 1948.976 1941.593 1932.428 1922.634 1912.84 1903.047 1893.759 1886.653 1879.547 1872.44 1865.333 1861.805 1860.311 1858.816 1857.321 1855.42 1849.253 1843.086 1836.919 1830.752 1826.348 1823.471 1820.593 1817.716 1814.838 1824.354 1834.052 1843.75 1853.448 1862.155 1869.575 1876.995 1884.416 1891.836 1892.949 1893.234 1893.52 1893.806 1893.239 1890.968 1888.697 1886.426 1884.154 1879.969 1875.252 1870.534 1865.817 1860.716 1854.345 1847.974 1841.602 1835.231 1833.474 1833.878 1834.282 1834.685 1835.445 1838.58 1841.715 1844.851 1847.986
1962.764 1955.681 1948.597 1941.514 1932.107 1921.88 1911.652 1901.424 1891.462 1882.641 1873.821 1865.0 1856.18 1851.682 1849.641 1847.6 1845.559 1843.193 1837.422 1831.652 1825.881 1820.11 1816.64 1815.161 1813.681 1812.202 1810.723 1819.952 1829.339 1838.727 1848.114 1856.69 1864.212 1871.734 1879.256 1886.778 1887.983 1888.36 1888.737 1889.114 1888.393 1885.479 1882.565 1879.651 1876.737 1872.404 1867.676 1862.948 1858.22 1853.459 1848.587 1843.716 1838.844 1833.973 1833.26 1834.494 1835.728 1836.961 1838.481 1841.906 1845.33 1848.754 1852.179
1961.786 1955.003 1948.219 1941.436 1931.786 1921.125 1910.463 1899.802 1889.164 1878.63 1868.095 1857.56 1847.026 1841.558 1838.971 1836.383 1833.796 1830.966 1825.592 1820.217 1814.843 1809.469 1806.932 1806.851 1806.77 1806.688 1806.607 1815.551 1824.627 1833.704 1842.78 1851.225 1858.849 1866.473 1874.096 1881.72 1883.018 1883.485 1883.953 1884.421 1883.547 1879.991 1876.434 1872.877 1869.32 1864.838 1860.1 1855.361 1850.623 1846.201 1842.829 1839.458 1836.086 1832.714 1833.045 1835.11 1837.174 1839.238 1841.517 1845.231 1848.945 1852.658 1856.372
