data/zism_data/00114_03_D.txt
ncols         224
nrows         224
[rows 196 to 223 of 224, columns 0 to 62 of 224]
1995.257 1991.391 1987.525 1983.659 1983.885 1984.171 1984.457 1984.744 1986.186 1989.133 1992.08 1995.026 1997.973 2005.856 2014.386 2022.917 2031.447 2040.303 2049.813 2059.322 2068.831 2078.34 2082.052 2084.155 2086.258 2088.361 2088.669 2083.031 2077.393 2071.755 2066.117 2060.603 2055.146 2049.689 2044.232 2039.195 2036.958 2034.72 2032.483 2030.246 2028.938 2028.304 2027.67 2027.036 2026.356 2024.107 2021.858 2019.609 2017.361 2015.002 2012.522 2010.043 2007.563 2005.084 2000.685 1996.135 1991.586 1987.036 1982.012 1976.204 1970.395 1964.587 1958.778
1997.395 1993.539 1989.684 1985.829 1985.954 1986.139 1986.323 1986.507 1987.876 1990.786 1993.695 1996.604 1999.513 2007.325 2015.781 2024.236 2032.691 2041.414 2050.671 2059.928 2069.186 2078.443 2082.432 2084.958 2087.484 2090.01 2090.756 2085.606 2080.455 2075.305 2070.154 2065.474 2061.013 2056.553 2052.092 2048.001 2046.369 2044.737 2043.105 2041.473 2040.373 2039.659 2038.944 2038.23 2037.458 2034.738 2032.018 2029.297 2026.577 2023.86 2021.145 2018.429 2015.714 2012.999 2008.578 2004.023 1999.468 1994.913 1989.807 1983.79 1977.772 1971.755 1965.738
1999.532 1995.687 1991.843 1987.998 1988.024 1988.106 1988.189 1988.271 1989.567 1992.438 1995.31 1998.182 2001.053 2008.795 2017.175 2025.556 2033.936 2042.525 2051.53 2060.536 2069.541 2078.546 2082.812 2085.761 2088.711 2091.66 2092.844 2088.181 2083.518 2078.855 2074.192 2070.345 2066.881 2063.417 2059.953 2056.807 2055.78 2054.753 2053.727 2052.7 2051.808 2051.013 2050.219 2049.424 2048.56 2045.368 2042.177 2038.985 2035.794 2032.718 2029.767 2026.816 2023.865 2020.914 2016.471 2011.911 2007.35 2002.79 1997.602 1991.376 1985.15 1978.923 1972.697
2001.669 1997.835 1994.001 1990.168 1990.093 1990.074 1990.055 1990.035 1991.257 1994.091 1996.925 1999.759 2002.593 2010.264 2018.57 2026.875 2035.18 2043.635 2052.389 2061.143 2069.896 2078.65 2083.192 2086.564 2089.937 2093.309 2094.931 2090.756 2086.58 2082.405 2078.229 2075.217 2072.749 2070.281 2067.813 2065.613 2065.191 2064.77 2064.348 2063.927 2063.242 2062.367 2061.493 2060.618 2059.662 2055.999 2052.336 2048.673 2045.01 2041.576 2038.389 2035.203 2032.016 2028.83 2024.364 2019.798 2015.233 2010.667 2005.397 1998.962 1992.527 1986.091 1979.656
2004.739 2000.484 1996.229 1991.973 1991.767 1991.621 1991.474 1991.328 1992.454 1995.236 1998.017 2000.799 2003.58 2011.471 2020.032 2028.593 2037.153 2045.718 2054.292 2062.865 2071.438 2080.011 2084.447 2087.734 2091.021 2094.308 2096.042 2092.634 2089.226 2085.817 2082.409 2079.956 2077.951 2075.946 2073.94 2072.156 2071.847 2071.537 2071.228 2070.919 2070.303 2069.464 2068.626 2067.788 2066.865 2063.107 2059.349 2055.591 2051.833 2048.189 2044.671 2041.152 2037.633 2034.114 2029.417 2024.627 2019.837 2015.048 2009.573 2002.964 1996.356 1989.747 1983.139
2007.859 2003.159 1998.459 1993.759 1993.42 1993.145 1992.87 1992.595 1993.625 1996.353 1999.081 2001.809 2004.537 2012.663 2021.497 2030.331 2039.165 2047.853 2056.25 2064.646 2073.042 2081.439 2085.749 2088.923 2092.098 2095.272 2097.102 2094.475 2091.849 2089.223 2086.596 2084.689 2083.117 2081.546 2079.974 2078.579 2078.355 2078.132 2077.908 2077.684 2077.129 2076.334 2075.538 2074.743 2073.859 2070.026 2066.193 2062.36 2058.527 2054.683 2050.827 2046.971 2043.114 2039.258 2034.317 2029.292 2024.267 2019.241 2013.555 2006.775 1999.995 1993.215 1986.435
2010.979 2005.835 2000.69 1995.545 1995.073 1994.669 1994.266 1993.862 1994.797 1997.471 2000.145 2002.82 2005.494 2013.855 2022.963 2032.07 2041.177 2049.989 2058.208 2066.428 2074.647 2082.867 2087.05 2090.112 2093.174 2096.236 2098.161 2096.316 2094.472 2092.628 2090.784 2089.421 2088.283 2087.146 2086.009 2085.001 2084.864 2084.726 2084.588 2084.45 2083.956 2083.203 2082.45 2081.698 2080.854 2076.946 2073.038 2069.13 2065.222 2061.177 2056.983 2052.79 2048.596 2044.402 2039.218 2033.957 2028.696 2023.435 2017.537 2010.586 2003.635 1996.683 1989.732
2014.099 2008.51 2002.921 1997.331 1996.726 1996.194 1995.661 1995.129 1995.968 1998.589 2001.209 2003.83 2006.451 2015.048 2024.428 2033.809 2043.189 2052.124 2060.167 2068.209 2076.252 2084.295 2088.352 2091.301 2094.251 2097.2 2099.219 2098.157 2097.095 2096.033 2094.971 2094.154 2093.45 2092.746 2092.043 2091.424 2091.372 2091.32 2091.268 2091.215 2090.782 2090.072 2089.363 2088.653 2087.848 2083.865 2079.882 2075.899 2071.916 2067.671 2063.14 2058.608 2054.077 2049.546 2044.119 2038.622 2033.126 2027.629 2021.52 2014.397 2007.274 2000.151 1993.028
2018.044 2011.894 2005.745 1999.596 1998.721 1997.924 1997.127 1996.33 1997.078 1999.834 2002.59 2005.346 2008.101 2016.965 2026.629 2036.293 2045.957 2054.988 2062.751 2070.514 2078.278 2086.041 2089.839 2092.536 2095.232 2097.929 2099.876 2099.34 2098.804 2098.269 2097.733 2097.289 2096.887 2096.485 2096.083 2095.734 2095.734 2095.734 2095.734 2095.734 2095.306 2094.568 2093.83 2093.092 2092.259 2088.256 2084.252 2080.249 2076.245 2071.842 2067.002 2062.163 2057.323 2052.484 2046.89 2041.237 2035.585 2029.932 2023.714 2016.56 2009.406 2002.252 1995.099
2023.27 2016.382 2009.493 2002.605 2001.25 1999.976 1998.702 1997.429 1998.093 2001.278 2004.462 2007.646 2010.831 2020.009 2029.973 2039.937 2049.901 2058.985 2066.309 2073.634 2080.958 2088.281 2091.615 2093.84 2096.066 2098.291 2099.906 2099.499 2099.091 2098.684 2098.277 2097.939 2097.634 2097.329 2097.023 2096.758 2096.758 2096.758 2096.758 2096.758 2096.249 2095.372 2094.494 2093.617 2092.651 2088.712 2084.772 2080.833 2076.894 2072.399 2067.297 2062.195 2057.093 2051.991 2046.348 2040.663 2034.979 2029.294 2023.126 2016.16 2009.193 2002.227 1995.261
2028.497 2020.869 2013.242 2005.614 2003.778 2002.028 2000.277 1998.527 1999.108 2002.721 2006.334 2009.947 2013.56 2023.053 2033.317 2043.581 2053.845 2062.983 2069.868 2076.753 2083.637 2090.522 2093.391 2095.145 2096.899 2098.653 2099.935 2099.657 2099.378 2099.1 2098.821 2098.59 2098.381 2098.172 2097.963 2097.782 2097.782 2097.782 2097.782 2097.782 2097.192 2096.176 2095.159 2094.142 2093.043 2089.168 2085.293 2081.418 2077.543 2072.956 2067.591 2062.227 2056.862 2051.498 2045.807 2040.089 2034.373 2028.656 2022.538 2015.76 2008.981 2002.202 1995.423
2033.724 2025.357 2016.99 2008.623 2006.307 2004.08 2001.852 1999.625 2000.124 2004.165 2008.206 2012.248 2016.289 2026.097 2036.661 2047.225 2057.789 2066.98 2073.426 2079.872 2086.317 2092.763 2095.168 2096.45 2097.732 2099.015 2099.965 2099.815 2099.665 2099.515 2099.365 2099.241 2099.128 2099.016 2098.903 2098.806 2098.806 2098.806 2098.806 2098.806 2098.135 2096.979 2095.823 2094.667 2093.435 2089.624 2085.813 2082.003 2078.192 2073.513 2067.886 2062.259 2056.632 2051.005 2045.265 2039.516 2033.766 2028.017 2021.951 2015.359 2008.768 2002.177 1995.586
2038.95 2029.844 2020.738 2011.632 2008.835 2006.131 2003.427 2000.724 2001.139 2005.609 2010.079 2014.549 2019.019 2029.141 2040.005 2050.869 2061.733 2070.978 2076.985 2082.991 2088.997 2095.003 2096.944 2097.755 2098.566 2099.377 2099.995 2099.974 2099.952 2099.931 2099.909 2099.892 2099.875 2099.859 2099.843 2099.829 2099.829 2099.829 2099.829 2099.829 2099.079 2097.783 2096.488 2095.193 2093.826 2090.08 2086.334 2082.587 2078.841 2074.07 2068.18 2062.291 2056.401 2050.512 2044.723 2038.942 2033.16 2027.379 2021.363 2014.959 2008.556 2002.152 1995.748
2043.571 2034.244 2024.916 2015.589 2012.371 2009.244 2006.117 2002.99 2003.465 2008.622 2013.78 2018.937 2024.095 2034.045 2044.625 2055.204 2065.783 2074.62 2079.973 2085.326 2090.678 2096.031 2097.656 2098.246 2098.836 2099.425 2099.878 2099.878 2099.878 2099.878 2099.878 2099.842 2099.788 2099.735 2099.681 2099.589 2099.241 2098.893 2098.544 2098.196 2096.76 2094.536 2092.311 2090.086 2087.797 2083.347 2078.897 2074.448 2069.998 2065.037 2059.519 2054.001 2048.483 2042.965 2037.417 2031.867 2026.317 2020.767 2014.912 2008.553 2002.194 1995.835 1989.475
2048.07 2038.625 2029.179 2019.734 2016.109 2012.569 2009.03 2005.49 2006.053 2011.95 2017.847 2023.743 2029.64 2039.321 2049.499 2059.676 2069.854 2078.191 2082.847 2087.503 2092.16 2096.816 2098.156 2098.574 2098.992 2099.411 2099.732 2099.732 2099.732 2099.732 2099.732 2099.652 2099.534 2099.416 2099.298 2099.096 2098.33 2097.564 2096.798 2096.032 2093.79 2090.478 2087.166 2083.854 2080.484 2075.177 2069.87 2064.563 2059.256 2054.086 2049.066 2044.047 2039.027 2034.007 2028.759 2023.493 2018.226 2012.96 2007.288 2000.945 1994.602 1988.259 1981.916
2052.57 2043.006 2033.443 2023.88 2019.846 2015.894 2011.942 2007.99 2008.642 2015.278 2021.913 2028.549 2035.185 2044.597 2054.373 2064.148 2073.924 2081.761 2085.721 2089.681 2093.642 2097.602 2098.656 2098.902 2099.149 2099.396 2099.586 2099.586 2099.586 2099.586 2099.586 2099.462 2099.28 2099.097 2098.915 2098.602 2097.418 2096.235 2095.051 2093.867 2090.819 2086.42 2082.02 2077.621 2073.17 2067.006 2060.842 2054.678 2048.514 2043.136 2038.614 2034.092 2029.571 2025.049 2020.1 2015.118 2010.136 2005.154 1999.665 1993.338 1987.01 1980.683 1974.356
2057.069 2047.388 2037.707 2028.026 2023.584 2019.219 2014.855 2010.49 2011.23 2018.605 2025.98 2033.355 2040.73 2049.873 2059.247 2068.621 2077.995 2085.332 2088.596 2091.859 2095.123 2098.387 2099.155 2099.231 2099.306 2099.382 2099.439 2099.439 2099.439 2099.439 2099.439 2099.271 2099.025 2098.779 2098.532 2098.109 2096.508 2094.906 2093.304 2091.703 2087.849 2082.362 2076.875 2071.388 2065.857 2058.836 2051.815 2044.794 2037.773 2032.185 2028.162 2024.138 2020.115 2016.091 2011.442 2006.743 2002.045 1997.347 1992.041 1985.73 1979.419 1973.108 1966.797
2061.434 2051.758 2042.081 2032.405 2027.671 2023.011 2018.35 2013.69 2014.501 2022.425 2030.349 2038.273 2046.197 2054.969 2063.851 2072.733 2081.615 2088.419 2091.066 2093.713 2096.36 2099.007 2099.536 2099.477 2099.418 2099.359 2099.311 2099.302 2099.294 2099.285 2099.276 2099.083 2098.803 2098.523 2098.243 2097.743 2095.777 2093.811 2091.844 2089.878 2085.297 2078.82 2072.343 2065.866 2059.352 2051.573 2043.793 2036.014 2028.234 2022.358 2018.557 2014.755 2010.954 2007.153 2002.492 1997.763 1993.034 1988.306 1983.019 1976.81 1970.601 1964.391 1958.182
2065.447 2056.097 2046.747 2037.397 2032.68 2028.03 2023.38 2018.73 2019.568 2027.541 2035.513 2043.485 2051.457 2059.59 2067.744 2075.897 2084.051 2090.234 2092.473 2094.713 2096.953 2099.193 2099.604 2099.508 2099.411 2099.314 2099.231 2099.19 2099.149 2099.108 2099.067 2098.896 2098.664 2098.433 2098.201 2097.714 2095.523 2093.332 2091.14 2088.949 2083.848 2076.637 2069.426 2062.215 2054.974 2046.696 2038.418 2030.141 2021.863 2015.486 2011.181 2006.876 2002.572 1998.267 1992.774 1987.188 1981.603 1976.017 1970.319 1964.437 1958.554 1952.672 1946.789
2069.459 2060.436 2051.413 2042.39 2037.688 2033.049 2028.41 2023.771 2024.636 2032.656 2040.677 2048.697 2056.718 2064.212 2071.637 2079.062 2086.487 2092.048 2093.881 2095.714 2097.546 2099.379 2099.672 2099.538 2099.404 2099.27 2099.15 2099.077 2099.004 2098.931 2098.857 2098.709 2098.526 2098.343 2098.159 2097.685 2095.269 2092.852 2090.436 2088.02 2082.398 2074.454 2066.509 2058.564 2050.595 2041.82 2033.044 2024.268 2015.492 2008.614 2003.806 1998.998 1994.189 1989.381 1983.057 1976.614 1970.171 1963.728 1957.62 1952.064 1946.508 1940.952 1935.397
2073.472 2064.775 2056.079 2047.383 2042.696 2038.068 2033.439 2028.811 2029.703 2037.772 2045.84 2053.909 2061.978 2068.833 2075.53 2082.227 2088.923 2093.863 2095.288 2096.714 2098.139 2099.565 2099.74 2099.569 2099.397 2099.226 2099.069 2098.964 2098.859 2098.754 2098.648 2098.523 2098.388 2098.252 2098.117 2097.656 2095.014 2092.373 2089.732 2087.09 2080.949 2072.271 2063.592 2054.913 2046.217 2036.943 2027.669 2018.395 2009.121 2001.742 1996.431 1991.119 1985.807 1980.495 1973.339 1966.039 1958.739 1951.439 1944.92 1939.691 1934.462 1929.233 1924.004
2077.484 2069.115 2060.745 2052.376 2047.704 2043.086 2038.469 2033.851 2034.77 2042.887 2051.004 2059.121 2067.238 2073.455 2079.423 2085.391 2091.359 2095.677 2096.696 2097.714 2098.733 2099.751 2099.809 2099.6 2099.39 2099.181 2098.989 2098.851 2098.714 2098.576 2098.439 2098.336 2098.249 2098.162 2098.075 2097.626 2094.76 2091.894 2089.027 2086.161 2079.5 2070.087 2060.675 2051.262 2041.839 2032.067 2022.295 2012.523 2002.75 1994.871 1989.055 1983.24 1977.424 1971.609 1963.622 1955.465 1947.308 1939.151 1932.22 1927.318 1922.416 1917.513 1912.611
2080.883 2073.091 2065.298 2057.505 2052.901 2048.344 2043.787 2039.23 2039.949 2047.526 2055.103 2062.68 2070.257 2076.02 2081.543 2087.067 2092.591 2096.547 2097.365 2098.184 2099.003 2099.822 2099.801 2099.547 2099.292 2099.038 2098.763 2098.421 2098.078 2097.736 2097.393 2097.375 2097.51 2097.644 2097.778 2097.576 2095.13 2092.685 2090.239 2087.793 2081.445 2072.267 2063.089 2053.911 2044.698 2034.328 2023.958 2013.587 2003.217 1994.783 1988.46 1982.137 1975.814 1969.492 1961.132 1952.614 1944.096 1935.577 1928.446 1923.609 1918.773 1913.936 1909.099
2084.041 2076.923 2069.805 2062.687 2058.172 2053.696 2049.219 2044.743 2045.171 2051.977 2058.783 2065.589 2072.395 2077.773 2082.965 2088.157 2093.349 2097.044 2097.745 2098.446 2099.147 2099.848 2099.763 2099.461 2099.158 2098.856 2098.48 2097.865 2097.249 2096.633 2096.018 2096.11 2096.533 2096.957 2097.38 2097.518 2095.747 2093.976 2092.206 2090.435 2084.727 2076.165 2067.603 2059.041 2050.408 2039.401 2028.393 2017.385 2006.377 1997.367 1990.535 1983.704 1976.872 1970.041 1961.49 1952.806 1944.122 1935.437 1928.188 1923.314 1918.44 1913.566 1908.691
2087.199 2080.756 2074.313 2067.87 2063.444 2059.048 2054.651 2050.255 2050.394 2056.428 2062.463 2068.497 2074.531 2079.527 2084.387 2089.247 2094.106 2097.541 2098.124 2098.707 2099.29 2099.873 2099.726 2099.375 2099.024 2098.673 2098.198 2097.309 2096.42 2095.531 2094.642 2094.844 2095.557 2096.27 2096.983 2097.459 2096.364 2095.268 2094.172 2093.076 2088.01 2080.063 2072.117 2064.172 2056.118 2044.473 2032.828 2021.183 2009.538 1999.951 1992.611 1985.27 1977.93 1970.589 1961.849 1952.998 1944.147 1935.297 1927.931 1923.019 1918.107 1913.195 1908.283
2090.356 2084.588 2078.82 2073.052 2068.715 2064.399 2060.083 2055.768 2055.616 2060.879 2066.143 2071.406 2076.669 2081.281 2085.809 2090.337 2094.864 2098.038 2098.503 2098.968 2099.434 2099.899 2099.688 2099.289 2098.89 2098.491 2097.915 2096.753 2095.591 2094.429 2093.267 2093.579 2094.581 2095.583 2096.585 2097.401 2096.98 2096.56 2096.139 2095.718 2091.292 2083.962 2076.632 2069.302 2061.828 2049.546 2037.263 2024.981 2012.698 2002.536 1994.686 1986.837 1978.988 1971.138 1962.207 1953.19 1944.173 1935.157 1927.673 1922.724 1917.774 1912.825 1907.876
2093.288 2088.162 2083.035 2077.909 2073.713 2069.53 2065.347 2061.165 2060.78 2065.331 2069.882 2074.434 2078.985 2083.179 2087.326 2091.472 2095.619 2098.502 2098.857 2099.212 2099.568 2099.923 2099.636 2099.171 2098.706 2098.241 2097.535 2096.032 2094.53 2093.027 2091.524 2091.917 2093.196 2094.475 2095.754 2096.9 2097.154 2097.408 2097.662 2097.917 2094.19 2087.576 2080.963 2074.35 2067.563 2054.927 2042.291 2029.655 2017.02 2006.442 1998.108 1989.775 1981.441 1973.108 1964.086 1955.01 1945.934 1936.858 1929.309 1924.285 1919.26 1914.236 1909.212
2095.028 2090.367 2085.707 2081.047 2077.264 2073.493 2069.723 2065.953 2065.629 2069.784 2073.939 2078.094 2082.249 2085.833 2089.343 2092.852 2096.361 2098.796 2099.081 2099.367 2099.652 2099.938 2099.51 2098.885 2098.259 2097.633 2096.642 2094.443 2092.244 2090.045 2087.846 2088.162 2089.656 2091.149 2092.643 2094.063 2094.992 2095.921 2096.85 2097.779 2095.059 2089.694 2084.329 2078.964 2073.422 2061.932 2050.443 2038.954 2027.464 2017.315 2008.628 1999.941 1991.254 1982.567 1973.987 1965.414 1956.842 1948.27 1940.932 1935.634 1930.336 1925.039 1919.741
