data/zism_data/00110_03_D.txt
ncols         224
nrows         224
[rows 0 to 27 of 224, columns 63 to 125 of 224]
524.9617 527.835 530.7081 533.5814 536.4545 539.2653 541.95 544.6348 547.3196 550.0043 553.0406 556.2708 559.5008 562.7309 565.961 568.4661 570.9391 573.4122 575.8853 578.2604 580.3718 582.4832 584.5946 586.706 587.7067 587.9156 588.1246 588.3335 588.5425 587.348 585.9922 584.6364 583.2806 581.8176 579.9507 578.084 576.2172 574.3504 572.8602 571.7134 570.5667 569.4199 568.2731 568.4843 568.9614 569.4386 569.9158 570.4462 571.2805 572.1146 572.9489 573.7831 574.2036 574.1431 574.0825 574.022 573.9614 573.802 573.614 573.4259 573.2379 572.9496 571.6294
524.1127 527.0993 530.0859 533.0724 536.059 538.9709 541.7328 544.4948 547.2566 550.0185 553.1782 556.5573 559.9363 563.3154 566.6945 569.3707 572.0159 574.6611 577.3063 579.823 581.9937 584.1643 586.335 588.5056 589.5335 589.7469 589.9603 590.1736 590.387 589.1404 587.726 586.3115 584.8971 583.4023 581.6052 579.808 578.0109 576.2138 574.7964 573.7254 572.6543 571.5832 570.5121 570.728 571.1962 571.6644 572.1325 572.6642 573.5585 574.4527 575.347 576.2412 576.8061 576.9879 577.1698 577.3516 577.5334 577.5129 577.4338 577.3546 577.2755 577.0768 575.6476
523.2634 526.3486 529.4337 532.5189 535.604 538.6094 541.4543 544.2992 547.1441 549.989 553.2752 556.8047 560.3342 563.8637 567.3932 570.2845 573.1476 576.0107 578.8739 581.5635 583.7861 586.0085 588.2311 590.4536 591.5031 591.7165 591.9299 592.1433 592.3567 591.0309 589.5283 588.0256 586.523 584.9738 583.2493 581.5248 579.8004 578.0759 576.742 575.7643 574.7866 573.8088 572.8311 573.0277 573.4543 573.881 574.3077 574.8126 575.7639 576.7152 577.6666 578.6179 579.3309 579.767 580.2031 580.6391 581.0752 581.1801 581.1891 581.1982 581.2072 581.0794 579.5413
522.4142 525.5979 528.7816 531.9653 535.149 538.2479 541.1758 544.1037 547.0316 549.9595 553.3722 557.0521 560.7321 564.412 568.092 571.1984 574.2794 577.3604 580.4415 583.3041 585.5785 587.8528 590.1273 592.4017 593.4728 593.6862 593.8995 594.1129 594.3263 592.9214 591.3306 589.7397 588.1489 586.5453 584.8934 583.2416 581.5897 579.9379 578.6876 577.8032 576.9189 576.0345 575.1502 575.3273 575.7125 576.0977 576.4828 576.961 577.9694 578.9777 579.9861 580.9945 581.8558 582.5461 583.2363 583.9266 584.6169 584.8474 584.9446 585.0418 585.139 585.082 583.4349
521.5649 524.8472 528.1295 531.4118 534.6941 537.8864 540.8973 543.9081 546.9191 549.93 553.4692 557.2996 561.13 564.9604 568.7908 572.1122 575.4112 578.7101 582.0091 585.0447 587.371 589.6972 592.0235 594.3498 595.4424 595.6558 595.8692 596.0826 596.296 594.812 593.133 591.454 589.7749 588.1168 586.5377 584.9584 583.3792 581.8 580.6331 579.8422 579.0513 578.2603 577.4694 577.6271 577.9708 578.3144 578.658 579.1094 580.1749 581.2403 582.3058 583.3712 584.3807 585.3253 586.2697 587.2142 588.1588 588.5146 588.7001 588.8856 589.071 589.0847 587.3286
520.5589 523.9133 527.2676 530.622 533.9764 537.2514 540.3665 543.4816 546.5967 549.7119 553.3924 557.3846 561.3768 565.3691 569.3613 572.9026 576.424 579.9454 583.4669 586.683 589.0771 591.4711 593.8652 596.2593 597.3801 597.5935 597.8069 598.0203 598.2337 596.6801 594.9235 593.1669 591.4102 589.7039 588.1867 586.6695 585.1523 583.6352 582.5451 581.8445 581.144 580.4434 579.7428 579.8832 580.1884 580.4935 580.7986 581.2231 582.3275 583.4318 584.5361 585.6405 586.7751 587.9451 589.115 590.2849 591.4548 591.9163 592.1725 592.4288 592.6849 592.7554 590.9116
518.6364 521.9077 525.1791 528.4504 531.7218 535.017 538.3604 541.7038 545.0472 548.3906 552.2994 556.5199 560.7404 564.9609 569.1814 572.9709 576.7413 580.5118 584.2822 587.7236 590.2784 592.8333 595.3882 597.9431 599.1309 599.3444 599.5577 599.7711 599.9845 598.4169 596.6448 594.8726 593.1004 591.3817 589.8646 588.3474 586.8302 585.313 584.261 583.6331 583.0051 582.3771 581.7491 581.8841 582.1685 582.4529 582.7374 583.1341 584.171 585.2079 586.2448 587.2817 588.4064 589.6334 590.8604 592.0874 593.3145 593.7646 593.9896 594.2147 594.4398 594.4851 592.6776
516.7138 519.9022 523.0905 526.2789 529.4672 532.7826 536.3542 539.926 543.4976 547.0693 551.2064 555.6552 560.1039 564.5527 569.0015 573.0392 577.0587 581.0782 585.0977 588.7641 591.4799 594.1956 596.9113 599.627 600.8818 601.0952 601.3085 601.5219 601.7353 600.1538 598.366 596.5783 594.7905 593.0596 591.5424 590.0252 588.5081 586.9909 585.9769 585.4215 584.8662 584.3109 583.7556 583.885 584.1487 584.4124 584.676 585.045 586.0145 586.9839 587.9534 588.9229 590.0377 591.3218 592.6058 593.89 595.174 595.6128 595.8068 596.0007 596.1947 596.2148 594.4437
514.7913 517.8966 521.002 524.1073 527.2126 530.5482 534.3481 538.1481 541.9481 545.748 550.1133 554.7904 559.4675 564.1445 568.8217 573.1074 577.376 581.6445 585.9131 589.8047 592.6813 595.5577 598.4343 601.3109 602.6326 602.8459 603.0593 603.2727 603.4861 601.8906 600.0873 598.284 596.4807 594.7375 593.2203 591.7031 590.1859 588.6688 587.6927 587.21 586.7273 586.2446 585.762 585.886 586.1289 586.3718 586.6147 586.956 587.858 588.76 589.662 590.564 591.6691 593.0101 594.3513 595.6924 597.0336 597.4611 597.6239 597.7867 597.9496 597.9445 596.2097
512.8687 515.8911 518.9134 521.9357 524.958 528.3138 532.342 536.3702 540.3985 544.4267 549.0203 553.9257 558.8311 563.7364 568.6417 573.1757 577.6933 582.2109 586.7285 590.8453 593.8826 596.92 599.9574 602.9948 604.3834 604.5967 604.8101 605.0235 605.2369 603.6275 601.8086 599.9897 598.1708 596.4153 594.8981 593.381 591.8638 590.3466 589.4086 588.9985 588.5884 588.1784 587.7683 587.8869 588.1091 588.3312 588.5534 588.8669 589.7015 590.5361 591.3706 592.2052 593.3004 594.6985 596.0967 597.4949 598.8931 599.3093 599.441 599.5728 599.7045 599.6743 597.9757
510.7935 513.8166 516.8397 519.8628 522.8859 526.3575 530.7336 535.1098 539.486 543.8622 548.6861 553.7569 558.8277 563.8985 568.9693 573.6199 578.2518 582.8839 587.5159 591.7523 594.9236 598.0948 601.2661 604.4374 605.8975 606.1378 606.3781 606.6184 606.8588 605.2355 603.398 601.5605 599.7231 597.9479 596.4068 594.8657 593.3246 591.7835 590.8704 590.53 590.1896 589.8492 589.5088 589.6389 589.8613 590.0836 590.306 590.6083 591.3664 592.1246 592.8827 593.6409 594.7185 596.1678 597.6171 599.0663 600.5157 600.8658 600.8976 600.9294 600.9611 600.8409 599.1548
508.6062 511.6916 514.7769 517.8622 520.9476 524.6053 529.4173 534.2293 539.0413 543.8532 548.9089 554.0991 559.2892 564.4793 569.6694 574.34 578.9875 583.6351 588.2827 592.5613 595.8468 599.1321 602.4176 605.703 607.2379 607.5248 607.8118 608.0989 608.3859 606.7488 604.8906 603.0324 601.1742 599.3738 597.7913 596.2086 594.626 593.0434 592.1458 591.8729 591.5999 591.3269 591.054 591.2082 591.4461 591.684 591.9219 592.225 592.9002 593.5753 594.2505 594.9256 595.9802 597.4762 598.9722 600.4682 601.9642 602.2081 602.0895 601.9708 601.8521 601.5942 599.903
506.4189 509.5666 512.7142 515.8618 519.0094 522.8532 528.101 533.3488 538.5965 543.8442 549.1318 554.4412 559.7507 565.0601 570.3696 575.0601 579.7231 584.3863 589.0494 593.3704 596.77 600.1695 603.569 606.9686 608.5782 608.9119 609.2456 609.5793 609.913 608.2621 606.3832 604.5042 602.6252 600.7998 599.1757 597.5516 595.9274 594.3033 593.4213 593.2158 593.0102 592.8047 592.5992 592.7774 593.0309 593.2844 593.5378 593.8419 594.434 595.0261 595.6182 596.2104 597.2419 598.7846 600.3273 601.87 603.4127 603.5505 603.2813 603.0121 602.743 602.3476 600.6511
504.2317 507.4415 510.6514 513.8613 517.0712 521.1011 526.7846 532.4682 538.1517 543.8353 549.3546 554.7834 560.2122 565.6409 571.0697 575.7802 580.4588 585.1375 589.8162 594.1794 597.6932 601.2068 604.7205 608.2343 609.9186 610.299 610.6793 611.0598 611.4401 609.7755 607.8757 605.976 604.0763 602.2258 600.5601 598.8945 597.2289 595.5633 594.6967 594.5586 594.4205 594.2824 594.1443 594.3467 594.6157 594.8848 595.1538 595.4587 595.9678 596.4769 596.986 597.4952 598.5037 600.093 601.6824 603.2718 604.8611 604.8928 604.4731 604.0536 603.634 603.1009 601.3992
502.0779 505.3514 508.625 511.8986 515.1722 519.3871 525.5005 531.614 537.7273 543.8407 549.5892 555.1367 560.6841 566.2316 571.7791 576.5092 581.2032 585.8973 590.5913 594.9965 598.6234 602.2504 605.8774 609.5044 611.2633 611.6906 612.1179 612.5451 612.9724 611.2938 609.3733 607.4528 605.5322 603.6562 601.9478 600.2394 598.5311 596.8228 595.9703 595.8984 595.8265 595.7546 595.6827 595.9087 596.1931 596.4775 596.7619 597.0677 597.4957 597.9236 598.3516 598.7795 599.7667 601.4042 603.0417 604.6793 606.317 606.2446 605.6769 605.1093 604.5416 603.8734 602.168
504.4899 508.0229 511.5559 515.0889 518.6219 522.883 528.6124 534.3419 540.0714 545.8008 551.433 557.0117 562.5902 568.1688 573.7474 578.4639 583.1424 587.8209 592.4993 596.8931 600.5201 604.1471 607.7741 611.4011 613.2024 613.7023 614.2022 614.7021 615.202 613.503 611.5513 609.5997 607.648 605.7028 603.7817 601.8606 599.9395 598.0184 597.0076 596.8267 596.6459 596.465 596.2841 596.4836 596.7576 597.0317 597.3057 597.6275 598.2214 598.8154 599.4094 600.0033 601.1973 603.089 604.9808 606.8726 608.7644 608.89 608.5039 608.1179 607.7318 607.2469 605.7439
506.902 510.6945 514.4869 518.2793 522.0717 526.3789 531.7245 537.07 542.4155 547.7611 553.2769 558.8867 564.4963 570.1061 575.7158 580.4188 585.0817 589.7446 594.4075 598.7899 602.4169 606.0438 609.6708 613.2979 615.1415 615.7141 616.2866 616.8591 617.4317 615.7123 613.7294 611.7466 609.7639 607.7493 605.6155 603.4818 601.3479 599.2142 598.0449 597.7551 597.4652 597.1754 596.8856 597.0585 597.3222 597.5859 597.8495 598.1873 598.9473 599.7072 600.4672 601.2272 602.6279 604.7739 606.9199 609.0659 611.212 611.5355 611.331 611.1265 610.9221 610.6206 609.3199
509.3141 513.3659 517.4177 521.4695 525.5214 529.8748 534.8364 539.798 544.7596 549.7213 555.1207 560.7615 566.4024 572.0433 577.6841 582.3735 587.0208 591.6682 596.3155 600.6865 604.3135 607.9405 611.5675 615.1945 617.0806 617.7258 618.371 619.0161 619.6613 617.9214 615.9075 613.8936 611.8796 609.7958 607.4493 605.1028 602.7563 600.4099 599.0822 598.6833 598.2846 597.8858 597.487 597.6335 597.8868 598.1401 598.3934 598.7471 599.673 600.599 601.525 602.451 604.0585 606.4587 608.8589 611.2592 613.6594 614.1808 614.158 614.1351 614.1122 613.9942 612.8959
511.7261 516.0374 520.3486 524.6599 528.9711 533.3705 537.9483 542.526 547.1037 551.6814 556.9645 562.6365 568.3085 573.9805 579.6525 584.3282 588.96 593.5917 598.2235 602.5833 606.2103 609.8372 613.4642 617.0912 619.0197 619.7375 620.4553 621.1731 621.8909 620.1306 618.0855 616.0405 613.9954 611.8423 609.2831 606.7239 604.1647 601.6055 600.1194 599.6117 599.1039 598.5962 598.0884 598.2084 598.4513 598.6942 598.9372 599.3068 600.3988 601.4908 602.5828 603.6748 605.4891 608.1436 610.798 613.4525 616.1069 616.8262 616.9849 617.1436 617.3024 617.3678 616.4718
515.3818 519.823 524.2641 528.7053 533.1464 537.4896 541.6357 545.7817 549.9278 554.0739 559.0904 564.5867 570.0831 575.5794 581.0757 585.7183 590.3231 594.928 599.5328 603.8858 607.5605 611.2352 614.9099 618.5847 620.6497 621.5674 622.485 623.4027 624.3204 622.6302 620.6404 618.6505 616.6607 614.5219 611.8226 609.1234 606.4242 603.725 602.0724 601.3739 600.6754 599.9769 599.2784 599.3641 599.6035 599.8429 600.0822 600.4919 601.8727 603.2534 604.6341 606.0148 608.0441 610.8278 613.6115 616.3951 619.1788 620.0786 620.4325 620.7865 621.1404 621.4019 620.7105
520.6335 525.0384 529.4432 533.848 538.2528 542.4084 546.0616 549.7148 553.368 557.0212 561.5782 566.6336 571.6889 576.7443 581.7996 586.3838 590.9471 595.5104 600.0737 604.426 608.2097 611.9933 615.777 619.5606 621.8831 623.1639 624.4448 625.7256 627.0064 625.5026 623.6788 621.855 620.0311 618.0137 615.2678 612.5219 609.7759 607.0301 605.2005 604.2062 603.212 602.2178 601.2236 601.2653 601.5098 601.7543 601.9989 602.4796 604.3065 606.1334 607.9603 609.7872 612.0421 614.7946 617.5471 620.2997 623.0522 624.1099 624.6766 625.2432 625.8099 626.2837 625.7998
525.8853 530.2538 534.6223 538.9908 543.3593 547.3271 550.4875 553.6478 556.8082 559.9685 564.0661 568.6804 573.2948 577.9091 582.5235 587.0493 591.571 596.0928 600.6147 604.9661 608.8588 612.7513 616.644 620.5366 623.1164 624.7604 626.4044 628.0484 629.6924 628.375 626.7172 625.0594 623.4016 621.5055 618.7129 615.9203 613.1277 610.3351 608.3286 607.0386 605.7487 604.4588 603.1689 603.1664 603.4161 603.6658 603.9156 604.4673 606.7404 609.0134 611.2865 613.5596 616.0399 618.7613 621.4827 624.2042 626.9256 628.1412 628.9206 629.7 630.4794 631.1655 630.8891
531.137 535.4692 539.8014 544.1336 548.4658 552.246 554.9134 557.5809 560.2484 562.9158 566.554 570.7273 574.9007 579.074 583.2474 587.7147 592.195 596.6753 601.1556 605.5063 609.5079 613.5094 617.511 621.5126 624.3497 626.3569 628.3641 630.3713 632.3785 631.2474 629.7556 628.2639 626.7721 624.9974 622.1581 619.3187 616.4794 613.6402 611.4567 609.871 608.2854 606.6998 605.1141 605.0674 605.3224 605.5773 605.8323 606.455 609.1742 611.8934 614.6127 617.332 620.0378 622.7281 625.4183 628.1086 630.799 632.1725 633.1647 634.1568 635.1489 636.0472 635.9784
536.3887 540.6846 544.9805 549.2764 553.5723 557.1647 559.3394 561.5139 563.6885 565.8631 569.0418 572.7742 576.5065 580.2389 583.9713 588.3802 592.819 597.2578 601.6965 606.0464 610.157 614.2675 618.378 622.4885 625.5831 627.9534 630.3238 632.6941 635.0645 634.1197 632.794 631.4683 630.1426 628.4892 625.6032 622.7172 619.8312 616.9453 614.5848 612.7034 610.822 608.9407 607.0593 606.9686 607.2287 607.4888 607.749 608.4426 611.608 614.7735 617.9389 621.1043 624.0357 626.6948 629.354 632.0132 634.6724 636.2039 637.4087 638.6136 639.8184 640.929 641.0676
542.4008 546.6603 550.9199 555.1794 559.439 562.8887 564.7056 566.5225 568.3394 570.1563 572.9294 576.2299 579.5302 582.8306 586.131 590.5121 594.9409 599.3698 603.7986 608.1671 612.373 616.5789 620.7849 624.9909 628.2793 630.9136 633.548 636.1824 638.8167 638.1532 637.1107 636.0682 635.0257 633.6761 631.1716 628.667 626.1624 623.6578 621.6498 620.0947 618.5395 616.9843 615.4291 615.3509 615.5621 615.7734 615.9846 616.56 619.2117 621.8635 624.5152 627.1669 629.6869 632.0535 634.4202 636.7869 639.1535 640.7529 642.1299 643.5069 644.8839 646.1701 646.5208
548.528 552.7512 556.9744 561.1976 565.4209 568.7344 570.2141 571.6938 573.1735 574.6531 577.0289 579.8987 582.7684 585.6382 588.508 592.8659 597.2896 601.7132 606.1368 610.5268 614.8262 619.1254 623.4248 627.7241 631.1968 634.0802 636.9636 639.847 642.7303 642.3624 641.6208 640.8793 640.1377 639.1196 637.0612 635.0028 632.9444 630.886 629.3107 628.1757 627.0408 625.9058 624.7709 624.7138 624.8679 625.0221 625.1762 625.6048 627.5976 629.5905 631.5833 633.5761 635.5883 637.6229 639.6575 641.6921 643.7267 645.3802 646.9233 648.4663 650.0093 651.4658 652.0292
554.655 558.8419 563.0288 567.2158 571.4026 574.5801 575.7226 576.8651 578.0075 579.15 581.1283 583.5674 586.0066 588.4457 590.8849 595.2196 599.6381 604.0565 608.475 612.8865 617.2792 621.6719 626.0646 630.4574 634.1143 637.2467 640.3791 643.5115 646.6439 646.5716 646.1309 645.6903 645.2496 644.5629 642.9507 641.3385 639.7263 638.1141 636.9713 636.2566 635.5419 634.8271 634.1124 634.0765 634.1736 634.2706 634.3677 634.6494 635.9833 637.3173 638.6512 639.9852 641.4896 643.1921 644.8947 646.5973 648.2999 650.0075 651.7166 653.4257 655.1347 656.7613 657.5374
560.782 564.9326 569.0833 573.2338 577.3844 580.4258 581.2311 582.0363 582.8416 583.6468 585.2277 587.2362 589.2448 591.2533 593.2618 597.5734 601.9866 606.3999 610.8132 615.2462 619.7323 624.2183 628.7045 633.1906 637.0317 640.4132 643.7946 647.1761 650.5575 650.7807 650.641 650.5013 650.3616 650.0063 648.8403 647.6742 646.5081 645.3421 644.632 644.3375 644.043 643.7485 643.454 643.4392 643.4792 643.5192 643.5592 643.694 644.3691 645.0441 645.7192 646.3942 647.3909 648.7614 650.1319 651.5024 652.873 654.6348 656.5099 658.385 660.2601 662.0568 663.0456
