data/zism_data/00127_04_D.txt
ncols         224
nrows         224
[rows 140 to 167 of 224, columns 126 to 188 of 224]
1336.676 1328.342 1320.009 1311.676 1303.704 1307.866 1312.029 1316.191 1320.353 1321.796 1320.27 1318.745 1317.22 1315.694 1305.858 1295.373 1284.887 1274.401 1265.536 1259.349 1253.162 1246.976 1240.789 1236.842 1233.365 1229.889 1226.413 1223.075 1220.104 1217.133 1214.161 1211.19 1209.293 1207.805 1206.316 1204.828 1203.518 1203.058 1202.599 1202.139 1201.679 1201.618 1201.8 1201.981 1202.162 1202.48 1204.543 1206.605 1208.668 1210.731 1211.803 1211.967 1212.131 1212.296 1212.46 1208.697 1204.817 1200.936 1197.056 1193.038 1188.831 1184.623 1180.416
1325.169 1318.134 1311.1 1304.065 1297.435 1304.339 1311.244 1318.148 1325.053 1328.099 1326.938 1325.776 1324.614 1323.452 1311.714 1299.149 1286.584 1274.019 1263.122 1254.984 1246.847 1238.709 1230.571 1226.209 1222.642 1219.075 1215.508 1212.433 1210.653 1208.874 1207.095 1205.316 1204.251 1203.457 1202.664 1201.87 1201.188 1201.032 1200.877 1200.722 1200.567 1200.728 1201.08 1201.432 1201.785 1202.236 1203.951 1205.666 1207.382 1209.097 1209.735 1209.386 1209.037 1208.688 1208.339 1204.105 1199.754 1195.404 1191.053 1186.506 1181.689 1176.872 1172.055
1314.496 1308.902 1303.308 1297.714 1292.55 1301.809 1311.068 1320.326 1329.585 1334.036 1333.243 1332.45 1331.657 1330.864 1317.629 1303.423 1289.216 1275.01 1262.667 1253.407 1244.147 1234.887 1225.626 1220.929 1217.192 1213.456 1209.719 1206.695 1205.547 1204.398 1203.25 1202.101 1201.501 1201.109 1200.716 1200.324 1200.0 1200.0 1200.0 1200.0 1200.0 1200.274 1200.713 1201.153 1201.592 1202.104 1203.54 1204.976 1206.412 1207.848 1208.156 1207.43 1206.705 1205.979 1205.253 1200.589 1195.807 1191.026 1186.244 1181.119 1175.519 1169.92 1164.32
1304.689 1300.682 1296.676 1292.669 1289.104 1300.313 1311.523 1322.733 1333.943 1339.591 1339.172 1338.753 1338.334 1337.915 1323.607 1308.214 1292.821 1277.428 1264.247 1254.725 1245.203 1235.681 1226.158 1221.208 1217.22 1213.232 1209.244 1206.052 1204.951 1203.851 1202.751 1201.65 1201.133 1200.837 1200.541 1200.245 1200.0 1200.0 1200.0 1200.0 1200.0 1200.274 1200.713 1201.153 1201.592 1202.089 1203.317 1204.544 1205.771 1206.999 1207.085 1206.124 1205.163 1204.202 1203.241 1198.191 1193.019 1187.847 1182.676 1176.92 1170.358 1163.797 1157.235
1294.881 1292.463 1290.044 1287.625 1285.658 1298.818 1311.979 1325.14 1338.301 1345.146 1345.101 1345.056 1345.012 1344.967 1329.585 1313.005 1296.426 1279.846 1265.827 1256.043 1246.259 1236.475 1226.69 1221.487 1217.248 1213.009 1208.77 1205.408 1204.356 1203.304 1202.251 1201.199 1200.765 1200.565 1200.365 1200.165 1200.0 1200.0 1200.0 1200.0 1200.0 1200.274 1200.713 1201.153 1201.592 1202.074 1203.093 1204.112 1205.131 1206.15 1206.013 1204.817 1203.621 1202.425 1201.229 1195.793 1190.231 1184.669 1179.107 1172.72 1165.197 1157.673 1150.149
1285.074 1284.243 1283.412 1282.581 1282.211 1297.323 1312.435 1327.547 1342.659 1350.701 1351.03 1351.36 1351.689 1352.018 1335.563 1317.797 1300.03 1282.264 1267.406 1257.36 1247.315 1237.269 1227.223 1221.766 1217.276 1212.785 1208.295 1204.765 1203.76 1202.756 1201.752 1200.748 1200.397 1200.293 1200.189 1200.086 1200.0 1200.0 1200.0 1200.0 1200.0 1200.274 1200.713 1201.153 1201.592 1202.059 1202.869 1203.68 1204.49 1205.301 1204.942 1203.511 1202.079 1200.648 1199.217 1193.395 1187.443 1181.491 1175.538 1168.521 1160.035 1151.55 1143.063
1275.267 1276.024 1276.78 1277.536 1278.765 1295.828 1312.891 1329.954 1347.017 1356.256 1356.959 1357.663 1358.366 1359.07 1341.541 1322.588 1303.635 1284.682 1268.986 1258.678 1248.37 1238.063 1227.755 1222.045 1217.303 1212.562 1207.82 1204.121 1203.165 1202.209 1201.253 1200.297 1200.028 1200.021 1200.014 1200.006 1200.0 1200.0 1200.0 1200.0 1200.0 1200.274 1200.713 1201.153 1201.592 1202.044 1202.646 1203.248 1203.85 1204.452 1203.871 1202.204 1200.538 1198.871 1197.204 1190.997 1184.655 1178.313 1171.97 1164.322 1154.874 1145.426 1135.978
1265.384 1267.171 1268.957 1270.743 1272.978 1290.226 1307.475 1324.723 1341.971 1351.539 1352.731 1353.922 1355.113 1356.304 1339.847 1322.01 1304.174 1286.337 1271.771 1262.612 1253.453 1244.294 1235.134 1229.348 1224.271 1219.194 1214.118 1209.885 1207.872 1205.859 1203.846 1201.834 1201.083 1200.812 1200.54 1200.269 1200.051 1200.085 1200.12 1200.154 1200.189 1200.448 1200.843 1201.238 1201.634 1202.03 1202.443 1202.857 1203.27 1203.683 1202.804 1200.74 1198.675 1196.611 1194.546 1187.743 1180.798 1173.853 1166.908 1158.992 1149.736 1140.48 1131.224
1255.494 1258.264 1261.034 1263.804 1266.995 1284.281 1301.567 1318.852 1336.138 1345.964 1347.652 1349.34 1351.028 1352.717 1337.51 1320.983 1304.457 1287.929 1274.656 1266.764 1258.872 1250.98 1243.087 1237.239 1231.82 1226.401 1220.982 1216.185 1213.023 1209.861 1206.699 1203.537 1202.256 1201.691 1201.126 1200.561 1200.106 1200.178 1200.25 1200.322 1200.394 1200.637 1200.984 1201.331 1201.678 1202.016 1202.243 1202.469 1202.695 1202.922 1201.738 1199.262 1196.786 1194.31 1191.834 1184.416 1176.851 1169.287 1161.722 1153.567 1144.6 1135.633 1126.665
1245.605 1249.358 1253.112 1256.865 1261.012 1278.335 1295.658 1312.981 1330.304 1340.388 1342.573 1344.758 1346.944 1349.129 1335.173 1319.956 1304.739 1289.521 1277.542 1270.917 1264.291 1257.666 1251.04 1245.129 1239.368 1233.607 1227.846 1222.485 1218.173 1213.862 1209.551 1205.24 1203.43 1202.571 1201.711 1200.852 1200.161 1200.271 1200.38 1200.489 1200.599 1200.826 1201.125 1201.424 1201.723 1202.003 1202.042 1202.081 1202.12 1202.16 1200.672 1197.784 1194.896 1192.009 1189.121 1181.09 1172.905 1164.72 1156.535 1148.143 1139.464 1130.785 1122.106
1235.715 1240.452 1245.189 1249.926 1255.03 1272.39 1289.75 1307.11 1324.471 1334.812 1337.494 1340.177 1342.859 1345.542 1332.836 1318.929 1305.021 1291.114 1280.428 1275.069 1269.71 1264.352 1258.993 1253.02 1246.917 1240.814 1234.711 1228.785 1223.324 1217.864 1212.403 1206.943 1204.603 1203.45 1202.297 1201.144 1200.216 1200.363 1200.51 1200.657 1200.803 1201.015 1201.266 1201.517 1201.767 1201.989 1201.841 1201.693 1201.546 1201.398 1199.606 1196.306 1193.007 1189.708 1186.409 1177.763 1168.958 1160.153 1151.348 1142.718 1134.327 1125.938 1117.547
1225.165 1230.432 1235.699 1240.967 1246.573 1263.544 1280.515 1297.485 1314.457 1325.002 1328.538 1332.075 1335.611 1339.147 1328.312 1316.353 1304.395 1292.437 1283.385 1279.139 1274.894 1270.649 1266.403 1260.541 1254.339 1248.137 1241.935 1235.688 1229.325 1222.962 1216.599 1210.236 1207.292 1205.647 1204.003 1202.358 1201.011 1201.08 1201.148 1201.217 1201.285 1201.405 1201.557 1201.708 1201.859 1201.966 1201.492 1201.019 1200.545 1200.072 1197.842 1194.002 1190.162 1186.322 1182.482 1173.418 1164.198 1154.978 1145.758 1137.101 1129.222 1121.342 1113.463
1213.416 1218.389 1223.362 1228.335 1233.623 1249.428 1265.234 1281.039 1296.845 1307.501 1312.539 1317.578 1322.616 1327.654 1319.813 1310.966 1302.119 1293.271 1286.472 1283.06 1279.649 1276.237 1272.826 1267.392 1261.531 1255.672 1249.811 1243.688 1236.87 1230.053 1223.235 1216.418 1212.733 1210.238 1207.744 1205.249 1203.15 1202.93 1202.71 1202.49 1202.27 1202.161 1202.12 1202.079 1202.038 1201.924 1200.873 1199.822 1198.771 1197.72 1194.81 1190.195 1185.58 1180.965 1176.351 1167.222 1157.96 1148.697 1139.434 1131.136 1124.171 1117.206 1110.24
1201.667 1206.346 1211.025 1215.704 1220.672 1235.312 1249.953 1264.593 1279.233 1290.0 1296.54 1303.08 1309.62 1316.161 1311.314 1305.578 1299.842 1294.105 1289.559 1286.982 1284.404 1281.826 1279.249 1274.242 1268.724 1263.206 1257.688 1251.687 1244.415 1237.144 1229.872 1222.6 1218.174 1214.83 1211.485 1208.141 1205.289 1204.781 1204.272 1203.763 1203.254 1202.917 1202.683 1202.45 1202.217 1201.882 1200.254 1198.626 1196.998 1195.369 1191.779 1186.389 1180.999 1175.609 1170.219 1161.026 1151.721 1142.415 1133.11 1125.172 1119.12 1113.069 1107.018
1189.917 1194.303 1198.688 1203.073 1207.722 1221.197 1234.672 1248.146 1261.622 1272.498 1280.541 1288.583 1296.625 1304.668 1302.816 1300.19 1297.565 1294.94 1292.647 1290.903 1289.159 1287.415 1285.671 1281.093 1275.917 1270.741 1265.565 1259.687 1251.96 1244.234 1236.508 1228.782 1223.615 1219.421 1215.226 1211.032 1207.428 1206.631 1205.833 1205.036 1204.239 1203.673 1203.247 1202.821 1202.395 1201.84 1199.635 1197.429 1195.224 1193.018 1188.747 1182.582 1176.417 1170.252 1164.087 1154.831 1145.483 1136.134 1126.786 1119.207 1114.07 1108.933 1103.795
1178.168 1182.26 1186.351 1190.442 1194.771 1207.081 1219.391 1231.7 1244.01 1254.997 1264.542 1274.086 1283.63 1293.175 1294.317 1294.802 1295.288 1295.774 1295.734 1294.824 1293.914 1293.004 1292.094 1287.943 1283.109 1278.275 1273.441 1267.686 1259.505 1251.325 1243.145 1234.964 1229.056 1224.012 1218.968 1213.923 1209.567 1208.481 1207.395 1206.309 1205.223 1204.428 1203.81 1203.192 1202.573 1201.798 1199.016 1196.233 1193.45 1190.667 1185.716 1178.776 1171.836 1164.895 1157.955 1148.635 1139.244 1129.853 1120.461 1113.242 1109.019 1104.796 1100.573
1167.999 1171.977 1175.955 1179.933 1184.133 1195.757 1207.381 1219.005 1230.629 1241.637 1251.972 1262.307 1272.642 1282.978 1286.13 1288.721 1291.312 1293.903 1295.422 1295.17 1294.917 1294.664 1294.411 1290.987 1286.895 1282.803 1278.711 1273.606 1265.834 1258.062 1250.289 1242.517 1236.063 1230.11 1224.157 1218.204 1212.963 1211.104 1209.245 1207.387 1205.528 1204.134 1203.02 1201.906 1200.792 1199.499 1195.908 1192.316 1188.725 1185.133 1179.603 1172.296 1164.989 1157.682 1150.375 1141.837 1133.261 1124.686 1116.11 1109.658 1106.134 1102.61 1099.087
1158.256 1162.17 1166.084 1169.998 1174.119 1185.187 1196.256 1207.324 1218.392 1229.396 1240.33 1251.263 1262.197 1273.131 1278.027 1282.452 1286.876 1291.301 1294.193 1294.549 1294.906 1295.262 1295.619 1293.003 1289.761 1286.519 1283.276 1278.964 1271.833 1264.702 1257.572 1250.441 1243.493 1236.615 1229.738 1222.86 1216.698 1213.936 1211.174 1208.412 1205.65 1203.555 1201.864 1200.173 1198.482 1196.59 1192.127 1187.664 1183.202 1178.739 1172.658 1165.095 1157.531 1149.968 1142.404 1134.875 1127.348 1119.82 1112.292 1106.717 1103.834 1100.952 1098.07
1148.513 1152.363 1156.213 1160.062 1164.105 1174.617 1185.13 1195.642 1206.154 1217.155 1228.687 1240.22 1251.752 1263.285 1269.925 1276.183 1282.441 1288.699 1292.963 1293.929 1294.895 1295.861 1296.827 1295.018 1292.626 1290.234 1287.842 1284.322 1277.832 1271.343 1264.854 1258.365 1250.924 1243.121 1235.318 1227.516 1220.432 1216.767 1213.102 1209.437 1205.771 1202.976 1200.708 1198.44 1196.171 1193.681 1188.347 1183.013 1177.679 1172.344 1165.713 1157.893 1150.073 1142.253 1134.433 1127.914 1121.434 1114.954 1108.474 1103.775 1101.534 1099.294 1097.053
1138.77 1142.556 1146.341 1150.127 1154.092 1164.048 1174.004 1183.961 1193.917 1204.913 1217.045 1229.176 1241.307 1253.438 1261.822 1269.914 1278.005 1286.097 1291.733 1293.308 1294.883 1296.459 1298.034 1297.034 1295.492 1293.949 1292.407 1289.679 1283.831 1277.984 1272.136 1266.288 1258.354 1249.626 1240.899 1232.171 1224.167 1219.599 1215.03 1210.461 1205.893 1202.398 1199.552 1196.706 1193.861 1190.772 1184.566 1178.361 1172.156 1165.95 1158.768 1150.692 1142.615 1134.538 1126.462 1120.953 1115.52 1110.088 1104.655 1100.834 1099.234 1097.635 1096.036
1129.514 1133.109 1136.704 1140.299 1144.065 1153.581 1163.096 1172.611 1182.127 1193.1 1205.663 1218.226 1230.789 1243.353 1253.21 1262.856 1272.501 1282.147 1289.043 1291.394 1293.744 1296.094 1298.444 1298.253 1297.526 1296.8 1296.073 1294.126 1288.964 1283.802 1278.641 1273.479 1265.078 1255.445 1245.813 1236.181 1227.25 1221.653 1216.055 1210.458 1204.86 1200.629 1197.223 1193.818 1190.412 1186.755 1179.867 1172.979 1166.092 1159.204 1151.69 1143.602 1135.514 1127.426 1119.338 1114.793 1110.354 1105.916 1101.477 1098.455 1097.388 1096.321 1095.254
1121.991 1124.944 1127.898 1130.851 1133.994 1143.477 1152.96 1162.444 1171.927 1182.807 1195.21 1207.612 1220.015 1232.418 1242.784 1252.991 1263.198 1273.405 1281.165 1284.878 1288.591 1292.305 1296.018 1296.638 1296.606 1296.574 1296.543 1295.331 1291.014 1286.697 1282.38 1278.062 1269.29 1258.823 1248.357 1237.891 1228.015 1220.942 1213.87 1206.797 1199.724 1194.627 1190.724 1186.822 1182.919 1178.8 1171.901 1165.003 1158.104 1151.206 1144.136 1136.908 1129.681 1122.453 1115.226 1111.485 1107.848 1104.211 1100.574 1098.078 1097.156 1096.233 1095.31
1114.467 1116.779 1119.091 1121.403 1123.922 1133.373 1142.825 1152.276 1161.727 1172.513 1184.756 1196.998 1209.241 1221.484 1232.358 1243.127 1253.895 1264.663 1273.286 1278.363 1283.439 1288.515 1293.592 1295.022 1295.686 1296.349 1297.012 1296.537 1293.064 1289.592 1286.119 1282.646 1273.502 1262.202 1250.902 1239.601 1228.78 1220.232 1211.684 1203.136 1194.588 1188.625 1184.225 1179.826 1175.426 1170.845 1163.935 1157.026 1150.117 1143.208 1136.582 1130.215 1123.848 1117.481 1111.115 1108.177 1105.342 1102.507 1099.672 1097.701 1096.923 1096.144 1095.366
1106.944 1108.615 1110.285 1111.955 1113.851 1123.27 1132.689 1142.108 1151.527 1162.22 1174.302 1186.385 1198.466 1210.549 1221.933 1233.262 1244.591 1255.921 1265.408 1271.847 1278.286 1284.726 1291.165 1293.407 1294.765 1296.124 1297.482 1297.742 1295.114 1292.486 1289.858 1287.23 1277.714 1265.58 1253.446 1241.312 1229.545 1219.522 1209.498 1199.475 1189.452 1182.623 1177.726 1172.83 1167.933 1162.89 1155.97 1149.05 1142.13 1135.21 1129.028 1123.522 1118.015 1112.509 1107.003 1104.869 1102.836 1100.802 1098.769 1097.324 1096.69 1096.056 1095.422
1099.42 1100.45 1101.479 1102.508 1103.779 1113.166 1122.553 1131.94 1141.328 1151.927 1163.849 1175.771 1187.692 1199.614 1211.507 1223.398 1235.288 1247.179 1257.529 1265.332 1273.134 1280.936 1288.739 1291.792 1293.845 1295.898 1297.951 1298.948 1297.164 1295.381 1293.597 1291.814 1281.926 1268.958 1255.99 1243.022 1230.31 1218.811 1207.313 1195.814 1184.315 1176.621 1171.227 1165.833 1160.44 1154.934 1148.004 1141.073 1134.143 1127.212 1121.474 1116.828 1112.182 1107.537 1102.891 1101.561 1100.329 1099.098 1097.866 1096.947 1096.457 1095.967 1095.477
1094.01 1094.404 1094.799 1095.193 1095.839 1104.902 1113.964 1123.026 1132.089 1142.497 1154.374 1166.25 1178.126 1190.003 1202.083 1214.18 1226.276 1238.373 1249.36 1258.512 1267.663 1276.815 1285.966 1289.782 1292.474 1295.166 1297.859 1299.458 1298.181 1296.904 1295.627 1294.35 1284.379 1271.103 1257.828 1244.552 1231.412 1218.919 1206.426 1193.933 1181.44 1172.987 1166.978 1160.968 1154.959 1148.899 1142.191 1135.483 1128.776 1122.068 1116.841 1112.972 1109.104 1105.235 1101.366 1100.407 1099.535 1098.663 1097.791 1097.104 1096.671 1096.239 1095.806
1089.728 1089.492 1089.255 1089.019 1089.039 1097.62 1106.201 1114.783 1123.364 1133.529 1145.422 1157.314 1169.206 1181.099 1193.195 1205.308 1217.421 1229.533 1241.036 1251.529 1262.022 1272.515 1283.009 1287.561 1290.863 1294.164 1297.466 1299.596 1298.646 1297.695 1296.744 1295.793 1285.892 1272.589 1259.287 1245.985 1232.695 1219.464 1206.233 1193.003 1179.772 1170.618 1163.93 1157.241 1150.553 1143.889 1137.528 1131.168 1124.808 1118.447 1113.769 1110.633 1107.496 1104.36 1101.223 1100.405 1099.656 1098.907 1098.157 1097.546 1097.124 1096.702 1096.28
1085.446 1084.579 1083.712 1082.845 1082.238 1090.338 1098.439 1106.539 1114.639 1124.561 1136.469 1148.378 1160.286 1172.195 1184.307 1196.436 1208.564 1220.693 1232.711 1244.546 1256.381 1268.216 1280.051 1285.34 1289.251 1293.162 1297.073 1299.735 1299.11 1298.485 1297.861 1297.236 1287.405 1274.076 1260.747 1247.418 1233.978 1220.009 1206.041 1192.072 1178.104 1168.249 1160.882 1153.515 1146.147 1138.879 1132.865 1126.853 1120.84 1114.827 1110.697 1108.293 1105.889 1103.485 1101.081 1100.403 1099.777 1099.15 1098.524 1097.988 1097.577 1097.166 1096.755
