data/zism_data/00128_03_D.txt
ncols         224
nrows         224
[rows 56 to 83 of 224, columns 63 to 125 of 224]
4809.552 4803.587 4797.623 4791.659 4785.694 4778.028 4769.849 4761.67 4753.491 4745.065 4735.824 4726.583 4717.342 4708.101 4697.629 4686.619 4675.608 4664.598 4653.598 4642.65 4631.702 4620.753 4609.806 4597.928 4585.488 4573.049 4560.609 4548.432 4539.012 4529.592 4520.172 4510.752 4507.863 4510.302 4512.741 4515.18 4517.705 4526.026 4534.347 4542.668 4550.99 4559.041 4566.795 4574.551 4582.306 4590.061 4590.295 4590.066 4589.837 4589.608 4587.867 4583.912 4579.957 4576.001 4572.047 4566.641 4561.018 4555.395 4549.772 4542.627 4532.439 4522.251 4512.063
4808.58 4803.018 4797.455 4791.893 4786.331 4778.717 4770.484 4762.251 4754.018 4745.305 4735.002 4724.7 4714.397 4704.095 4692.577 4680.527 4668.477 4656.427 4644.676 4634.505 4624.334 4614.164 4603.993 4592.635 4580.561 4568.485 4556.41 4544.564 4535.128 4525.692 4516.256 4506.82 4503.23 4504.41 4505.589 4506.768 4508.036 4515.295 4522.556 4529.815 4537.076 4544.567 4552.312 4560.056 4567.801 4575.545 4576.344 4576.715 4577.086 4577.458 4576.226 4572.646 4569.066 4565.486 4561.907 4556.247 4550.276 4544.304 4538.333 4530.993 4520.917 4510.842 4500.767
4807.608 4802.448 4797.287 4792.127 4786.967 4779.405 4771.118 4762.832 4754.545 4745.545 4734.181 4722.817 4711.454 4700.09 4687.525 4674.435 4661.345 4648.255 4635.754 4626.361 4616.967 4607.574 4598.18 4587.343 4575.632 4563.922 4552.211 4540.697 4531.245 4521.793 4512.341 4502.889 4498.598 4498.517 4498.437 4498.356 4498.367 4504.565 4510.764 4516.962 4523.161 4530.094 4537.828 4545.562 4553.295 4561.029 4562.393 4563.364 4564.336 4565.308 4564.585 4561.38 4558.176 4554.971 4551.767 4545.853 4539.533 4533.213 4526.894 4519.359 4509.396 4499.433 4489.47
4806.636 4801.878 4797.12 4792.361 4787.603 4780.093 4771.753 4763.413 4755.073 4745.785 4733.36 4720.935 4708.51 4696.084 4682.473 4668.343 4654.213 4640.083 4626.833 4618.216 4609.6 4600.984 4592.368 4582.05 4570.704 4559.358 4548.012 4536.83 4527.361 4517.893 4508.425 4498.957 4493.965 4492.625 4491.284 4489.944 4488.698 4493.835 4498.972 4504.109 4509.247 4515.621 4523.344 4531.066 4538.79 4546.513 4548.441 4550.013 4551.585 4553.158 4552.943 4550.114 4547.285 4544.456 4541.626 4535.459 4528.791 4522.122 4515.454 4507.725 4497.875 4488.024 4478.173
4801.24 4796.917 4792.595 4788.272 4783.95 4776.864 4768.945 4761.026 4753.106 4744.069 4731.328 4718.586 4705.845 4693.104 4678.924 4664.114 4649.304 4634.495 4620.77 4612.768 4604.766 4596.763 4588.761 4579.0 4568.177 4557.354 4546.531 4535.825 4526.351 4516.876 4507.402 4497.928 4492.215 4489.572 4486.928 4484.285 4481.733 4485.406 4489.08 4492.754 4496.427 4501.717 4508.77 4515.823 4522.875 4529.928 4532.325 4534.435 4536.545 4538.656 4538.982 4536.698 4534.415 4532.13 4529.846 4523.774 4517.134 4510.495 4503.855 4496.239 4486.671 4477.103 4467.535
4786.173 4782.36 4778.547 4774.733 4770.92 4765.073 4758.611 4752.15 4745.688 4738.076 4726.647 4715.22 4703.792 4692.364 4678.658 4663.955 4649.253 4634.55 4620.957 4613.212 4605.467 4597.722 4589.977 4580.855 4570.9 4560.945 4550.99 4541.078 4531.62 4522.162 4512.704 4503.246 4496.77 4492.728 4488.685 4484.642 4480.677 4482.009 4483.34 4484.671 4486.002 4489.06 4494.0 4498.941 4503.882 4508.823 4511.476 4513.988 4516.5 4519.013 4519.95 4518.583 4517.215 4515.848 4514.48 4509.27 4503.482 4497.694 4491.907 4485.077 4476.163 4467.249 4458.335
4771.107 4767.803 4764.499 4761.194 4757.89 4753.281 4748.277 4743.274 4738.271 4732.083 4721.968 4711.853 4701.738 4691.624 4678.392 4663.796 4649.201 4634.606 4621.144 4613.656 4606.168 4598.681 4591.193 4582.709 4573.623 4564.536 4555.449 4546.332 4536.89 4527.448 4518.006 4508.564 4501.325 4495.883 4490.441 4485.0 4479.622 4478.611 4477.6 4476.588 4475.577 4476.402 4479.231 4482.06 4484.889 4487.717 4490.627 4493.541 4496.455 4499.37 4500.918 4500.467 4500.017 4499.565 4499.115 4494.764 4489.829 4484.894 4479.958 4473.915 4465.655 4457.395 4449.135
4756.04 4753.245 4750.45 4747.655 4744.86 4741.489 4737.944 4734.398 4730.853 4726.089 4717.288 4708.486 4699.685 4690.883 4678.126 4663.638 4649.149 4634.662 4621.331 4614.1 4606.87 4599.639 4592.409 4584.563 4576.345 4568.127 4559.909 4551.585 4542.16 4532.733 4523.308 4513.882 4505.879 4499.039 4492.198 4485.357 4478.567 4475.213 4471.859 4468.505 4465.152 4463.745 4464.461 4465.178 4465.895 4466.612 4469.778 4473.094 4476.41 4479.727 4481.886 4482.352 4482.817 4483.283 4483.749 4480.259 4476.176 4472.094 4468.011 4462.753 4455.147 4447.541 4439.935
4740.974 4738.688 4736.402 4734.116 4731.831 4729.697 4727.61 4725.523 4723.436 4720.096 4712.608 4705.12 4697.631 4690.144 4677.86 4663.479 4649.098 4634.717 4621.517 4614.544 4607.571 4600.598 4593.625 4586.417 4579.067 4571.718 4564.368 4556.839 4547.429 4538.02 4528.609 4519.2 4510.434 4502.194 4493.954 4485.714 4477.511 4471.815 4466.119 4460.423 4454.727 4451.087 4449.692 4448.297 4446.902 4445.507 4448.929 4452.647 4456.365 4460.083 4462.854 4464.236 4465.619 4467.001 4468.383 4465.754 4462.524 4459.293 4456.063 4451.591 4444.639 4437.688 4430.735
4727.5 4725.373 4723.245 4721.118 4718.99 4717.587 4716.403 4715.219 4714.035 4711.674 4705.416 4699.158 4692.899 4686.641 4675.625 4662.529 4649.432 4636.336 4624.256 4617.537 4610.817 4604.097 4597.377 4590.535 4583.619 4576.703 4569.786 4562.656 4553.282 4543.908 4534.535 4525.161 4516.008 4507.036 4498.063 4489.09 4480.146 4473.105 4466.064 4459.023 4451.981 4446.814 4443.69 4440.565 4437.441 4434.317 4437.111 4440.27 4443.429 4446.587 4449.044 4450.473 4451.902 4453.331 4454.76 4452.711 4450.142 4447.572 4445.002 4441.324 4435.429 4429.534 4423.639
4714.575 4712.485 4710.395 4708.305 4706.214 4705.368 4704.897 4704.426 4703.955 4702.42 4697.363 4692.305 4687.247 4682.189 4672.714 4661.307 4649.899 4638.491 4627.871 4621.403 4614.936 4608.468 4602.0 4595.43 4588.797 4582.166 4575.533 4568.666 4559.335 4550.004 4540.673 4531.342 4521.932 4512.455 4502.979 4493.502 4484.046 4476.003 4467.959 4459.916 4451.873 4445.417 4440.696 4435.974 4431.252 4426.531 4428.394 4430.663 4432.932 4435.2 4437.026 4438.203 4439.38 4440.557 4441.734 4440.17 4438.195 4436.221 4434.246 4431.363 4426.663 4421.964 4417.264
4701.649 4699.597 4697.544 4695.491 4693.439 4693.148 4693.391 4693.633 4693.875 4693.166 4689.309 4685.453 4681.596 4677.739 4669.804 4660.084 4650.366 4640.646 4631.486 4625.27 4619.054 4612.838 4606.623 4600.325 4593.977 4587.628 4581.28 4574.676 4565.388 4556.1 4546.812 4537.524 4527.855 4517.875 4507.894 4497.914 4487.947 4478.901 4469.855 4460.809 4451.763 4444.021 4437.702 4431.383 4425.063 4418.744 4419.677 4421.056 4422.435 4423.813 4425.008 4425.933 4426.858 4427.783 4428.708 4427.629 4426.25 4424.87 4423.49 4421.402 4417.898 4414.394 4410.89
4688.724 4686.708 4684.693 4682.678 4680.663 4680.929 4681.884 4682.839 4683.794 4683.912 4681.256 4678.6 4675.944 4673.288 4666.893 4658.863 4650.832 4642.802 4635.101 4629.137 4623.173 4617.209 4611.245 4605.219 4599.155 4593.091 4587.027 4580.687 4571.441 4562.196 4552.951 4543.706 4533.778 4523.294 4512.81 4502.326 4491.848 4481.799 4471.751 4461.702 4451.654 4442.625 4434.708 4426.792 4418.875 4410.958 4410.959 4411.448 4411.938 4412.426 4412.99 4413.663 4414.336 4415.009 4415.683 4415.088 4414.303 4413.519 4412.734 4411.441 4409.132 4406.824 4404.515
4677.521 4675.315 4673.108 4670.901 4668.695 4669.2 4670.523 4671.846 4673.169 4673.821 4672.248 4670.674 4669.101 4667.527 4662.641 4656.306 4649.971 4643.635 4637.417 4631.813 4626.21 4620.607 4615.005 4609.328 4603.606 4597.885 4592.163 4586.149 4577.07 4567.991 4558.912 4549.833 4539.755 4528.865 4517.975 4507.084 4496.193 4485.287 4474.381 4463.475 4452.568 4442.418 4433.092 4423.767 4414.441 4405.116 4404.17 4403.74 4403.31 4402.88 4402.782 4403.17 4403.559 4403.947 4404.335 4404.125 4403.826 4403.526 4403.227 4402.61 4401.357 4400.105 4398.853
4674.436 4670.959 4667.482 4664.005 4660.527 4659.774 4659.843 4659.912 4659.981 4659.791 4658.743 4657.695 4656.646 4655.598 4652.073 4647.463 4642.854 4638.245 4633.617 4628.887 4624.158 4619.429 4614.7 4609.736 4604.631 4599.526 4594.421 4589.035 4580.701 4572.367 4564.032 4555.698 4545.986 4535.149 4524.312 4513.475 4502.635 4491.552 4480.468 4469.385 4458.302 4447.811 4437.965 4428.12 4418.274 4408.429 4406.458 4404.972 4403.486 4402.0 4401.096 4401.045 4400.994 4400.942 4400.891 4400.596 4400.265 4399.933 4399.601 4399.096 4398.246 4397.396 4396.546
4671.35 4666.603 4661.855 4657.107 4652.36 4650.349 4649.163 4647.978 4646.792 4645.761 4645.238 4644.715 4644.192 4643.669 4641.504 4638.621 4635.738 4632.855 4629.816 4625.961 4622.105 4618.25 4614.395 4610.145 4605.656 4601.167 4596.679 4591.92 4584.332 4576.742 4569.153 4561.564 4552.216 4541.433 4530.649 4519.866 4509.076 4497.816 4486.556 4475.295 4464.035 4453.203 4442.838 4432.472 4422.107 4411.742 4408.746 4406.204 4403.662 4401.12 4399.41 4398.919 4398.429 4397.938 4397.447 4397.067 4396.703 4396.339 4395.975 4395.583 4395.135 4394.687 4394.239
4668.265 4662.247 4656.229 4650.211 4644.193 4640.923 4638.483 4636.044 4633.604 4631.73 4631.733 4631.735 4631.738 4631.741 4630.936 4629.779 4628.622 4627.465 4626.017 4623.035 4620.053 4617.071 4614.09 4610.553 4606.681 4602.809 4598.937 4594.806 4587.962 4581.118 4574.274 4567.43 4558.446 4547.716 4536.987 4526.257 4515.518 4504.081 4492.643 4481.206 4469.769 4458.596 4447.71 4436.825 4425.939 4415.054 4411.034 4407.436 4403.838 4400.24 4397.724 4396.794 4395.864 4394.933 4394.003 4393.537 4393.141 4392.745 4392.349 4392.07 4392.023 4391.978 4391.932
4665.179 4657.891 4650.602 4643.314 4636.025 4631.498 4627.804 4624.11 4620.416 4617.701 4618.229 4618.756 4619.284 4619.812 4620.368 4620.937 4621.506 4622.075 4622.217 4620.109 4618.0 4615.893 4613.785 4610.961 4607.706 4604.45 4601.194 4597.691 4591.592 4585.494 4579.395 4573.296 4564.676 4554.0 4543.324 4532.648 4521.958 4510.345 4498.73 4487.117 4475.502 4463.988 4452.583 4441.178 4429.772 4418.367 4413.322 4408.668 4404.014 4399.36 4396.038 4394.668 4393.299 4391.929 4390.559 4390.008 4389.58 4389.151 4388.723 4388.556 4388.912 4389.268 4389.624
4666.085 4657.962 4649.838 4641.714 4633.591 4628.061 4623.313 4618.567 4613.819 4610.22 4610.422 4610.625 4610.827 4611.029 4611.953 4613.192 4614.432 4615.671 4616.54 4615.455 4614.371 4613.286 4612.201 4610.155 4607.529 4604.903 4602.276 4599.413 4594.052 4588.692 4583.332 4577.972 4569.805 4559.348 4548.891 4538.434 4527.958 4516.134 4504.311 4492.487 4480.664 4468.942 4457.332 4445.722 4434.112 4422.501 4416.517 4410.878 4405.24 4399.601 4395.524 4393.734 4391.944 4390.154 4388.364 4387.686 4387.173 4386.661 4386.148 4386.016 4386.644 4387.272 4387.9
4669.589 4660.913 4652.237 4643.562 4634.886 4628.52 4622.851 4617.182 4611.513 4607.001 4606.324 4605.647 4604.971 4604.293 4604.939 4606.162 4607.385 4608.609 4609.643 4609.678 4609.714 4609.749 4609.785 4608.559 4606.57 4604.582 4602.594 4600.376 4595.75 4591.125 4586.499 4581.873 4574.215 4564.086 4553.956 4543.826 4533.668 4521.615 4509.561 4497.507 4485.453 4473.611 4462.001 4450.391 4438.78 4427.17 4420.302 4413.725 4407.148 4400.572 4395.772 4393.575 4391.377 4389.18 4386.983 4386.148 4385.518 4384.888 4384.257 4384.109 4384.925 4385.74 4386.556
4673.093 4663.865 4654.637 4645.409 4636.181 4628.979 4622.388 4615.796 4609.206 4603.782 4602.226 4600.67 4599.114 4597.558 4597.924 4599.132 4600.339 4601.546 4602.746 4603.901 4605.057 4606.213 4607.369 4606.962 4605.612 4604.262 4602.911 4601.339 4597.448 4593.557 4589.665 4585.773 4578.626 4568.824 4559.021 4549.218 4539.379 4527.095 4514.811 4502.526 4490.242 4478.28 4466.669 4455.06 4443.449 4431.839 4424.087 4416.572 4409.057 4401.542 4396.021 4393.416 4390.811 4388.206 4385.602 4384.611 4383.863 4383.115 4382.366 4382.202 4383.205 4384.208 4385.212
4676.596 4666.816 4657.036 4647.256 4637.476 4629.438 4621.924 4614.412 4606.898 4600.563 4598.128 4595.693 4593.258 4590.823 4590.91 4592.102 4593.292 4594.484 4595.848 4598.124 4600.4 4602.676 4604.953 4605.366 4604.653 4603.941 4603.228 4602.303 4599.146 4595.989 4592.832 4589.675 4583.038 4573.562 4564.086 4554.61 4545.09 4532.576 4520.061 4507.546 4495.031 4482.949 4471.338 4459.728 4448.118 4436.508 4427.872 4419.419 4410.966 4402.514 4396.269 4393.256 4390.244 4387.232 4384.22 4383.074 4382.208 4381.341 4380.475 4380.295 4381.486 4382.677 4383.867
4680.199 4669.875 4659.552 4649.229 4638.905 4630.043 4621.624 4613.203 4604.783 4597.543 4594.213 4590.883 4587.553 4584.223 4583.997 4585.129 4586.262 4587.394 4588.886 4592.275 4595.666 4599.055 4602.445 4603.674 4603.598 4603.521 4603.444 4603.16 4600.698 4598.236 4595.773 4593.312 4587.16 4578.0 4568.839 4559.679 4550.467 4537.737 4525.007 4512.276 4499.546 4487.356 4475.755 4464.154 4452.553 4440.952 4431.468 4422.115 4412.761 4403.408 4396.466 4393.054 4389.643 4386.231 4382.82 4381.524 4380.546 4379.568 4378.591 4378.399 4379.781 4381.164 4382.545
4686.426 4675.786 4665.146 4654.506 4643.866 4634.536 4625.601 4616.667 4607.732 4599.792 4595.148 4590.505 4585.862 4581.218 4579.761 4579.698 4579.634 4579.571 4580.208 4584.536 4588.864 4593.192 4597.52 4599.467 4599.974 4600.482 4600.99 4601.208 4598.398 4595.587 4592.777 4589.966 4583.665 4574.515 4565.365 4556.215 4547.016 4534.474 4521.932 4509.389 4496.847 4484.875 4473.526 4462.177 4450.828 4439.479 4430.09 4420.822 4411.555 4402.287 4395.319 4391.72 4388.122 4384.522 4380.923 4379.65 4378.726 4377.801 4376.877 4376.816 4378.482 4380.148 4381.814
4692.652 4681.696 4670.74 4659.784 4648.828 4639.029 4629.579 4620.13 4610.68 4602.041 4596.084 4590.127 4584.17 4578.213 4575.525 4574.266 4573.007 4571.749 4571.53 4576.796 4582.062 4587.328 4592.594 4595.259 4596.351 4597.443 4598.535 4599.257 4596.098 4592.939 4589.78 4586.621 4580.168 4571.03 4561.891 4552.751 4543.566 4531.211 4518.856 4506.501 4494.147 4482.394 4471.296 4460.199 4449.102 4438.005 4428.712 4419.53 4410.348 4401.166 4394.173 4390.387 4386.6 4382.813 4379.026 4377.775 4376.905 4376.034 4375.164 4375.233 4377.183 4379.134 4381.084
4698.878 4687.606 4676.333 4665.061 4653.789 4643.521 4633.557 4623.593 4613.629 4604.29 4597.02 4589.749 4582.479 4575.208 4571.289 4568.834 4566.38 4563.926 4562.852 4569.056 4575.261 4581.465 4587.669 4591.051 4592.728 4594.404 4596.08 4597.306 4593.798 4590.291 4586.783 4583.276 4576.673 4567.544 4558.416 4549.288 4540.116 4527.949 4515.781 4503.614 4491.447 4479.912 4469.067 4458.222 4447.376 4436.531 4427.333 4418.237 4409.141 4400.045 4393.027 4389.053 4385.079 4381.104 4377.13 4375.901 4375.084 4374.267 4373.45 4373.65 4375.884 4378.119 4380.353
4705.105 4693.516 4681.927 4670.338 4658.75 4648.014 4637.535 4627.056 4616.578 4606.538 4597.955 4589.371 4580.788 4572.204 4567.053 4563.403 4559.753 4556.104 4554.174 4561.317 4568.459 4575.601 4582.743 4586.844 4589.104 4591.365 4593.625 4595.354 4591.499 4587.643 4583.787 4579.93 4573.177 4564.059 4554.942 4545.824 4536.666 4524.686 4512.706 4500.727 4488.747 4477.431 4466.837 4456.244 4445.651 4435.058 4425.956 4416.945 4407.935 4398.924 4391.881 4387.719 4383.557 4379.395 4375.233 4374.026 4373.263 4372.5 4371.736 4372.066 4374.585 4377.104 4379.622
4711.787 4699.774 4687.761 4675.749 4663.736 4652.462 4641.411 4630.36 4619.309 4608.603 4599.036 4589.47 4579.903 4570.337 4563.959 4558.976 4553.993 4549.01 4545.934 4552.907 4559.881 4566.854 4573.828 4578.204 4581.008 4583.813 4586.618 4588.817 4584.647 4580.478 4576.309 4572.139 4565.343 4556.404 4547.465 4538.526 4529.549 4517.945 4506.34 4494.736 4483.132 4472.138 4461.809 4451.48 4441.151 4430.823 4422.076 4413.427 4404.778 4396.129 4389.321 4385.209 4381.097 4376.985 4372.874 4371.868 4371.329 4370.789 4370.25 4370.844 4373.707 4376.57 4379.433
