data/zism_data/00125_03_D.txt
ncols         224
nrows         224
[rows 0 to 27 of 224, columns 128 to 191 of 224]
1300.227 1300.189 1300.152 1300.16 1300.297 1300.434 1300.571 1300.708 1301.212 1301.855 1302.499 1303.143 1303.874 1304.984 1306.094 1307.203 1308.313 1309.96 1311.894 1313.829 1315.763 1317.609 1318.782 1319.956 1321.129 1322.302 1323.434 1324.537 1325.639 1326.741 1327.853 1329.176 1330.498 1331.821 1333.144 1334.264 1335.188 1336.113 1337.037 1337.961 1338.907 1339.854 1340.8 1341.747 1342.625 1343.415 1344.204 1344.994 1345.784 1346.376 1346.947 1347.517 1348.088 1348.552 1348.828 1349.105 1349.381 1349.658 1349.76 1349.824 1349.889 1349.954 1350.0 1350.0
1300.296 1300.215 1300.135 1300.097 1300.18 1300.263 1300.346 1300.429 1300.734 1301.124 1301.514 1301.904 1302.407 1303.398 1304.388 1305.379 1306.37 1308.008 1309.991 1311.974 1313.956 1315.862 1317.181 1318.5 1319.82 1321.139 1322.332 1323.434 1324.537 1325.639 1326.751 1328.074 1329.396 1330.719 1332.042 1333.198 1334.192 1335.186 1336.181 1337.175 1338.155 1339.134 1340.113 1341.092 1341.979 1342.747 1343.515 1344.283 1345.051 1345.7 1346.335 1346.97 1347.605 1348.134 1348.476 1348.817 1349.158 1349.5 1349.639 1349.737 1349.834 1349.931 1350.0 1350.0
1300.365 1300.242 1300.118 1300.034 1300.063 1300.092 1300.121 1300.15 1300.256 1300.392 1300.528 1300.664 1300.939 1301.811 1302.683 1303.555 1304.427 1306.056 1308.087 1310.118 1312.15 1314.115 1315.58 1317.045 1318.51 1319.975 1321.23 1322.332 1323.435 1324.537 1325.649 1326.971 1328.294 1329.617 1330.939 1332.131 1333.196 1334.26 1335.325 1336.389 1337.402 1338.414 1339.425 1340.437 1341.333 1342.079 1342.826 1343.572 1344.318 1345.023 1345.723 1346.423 1347.123 1347.717 1348.123 1348.529 1348.935 1349.342 1349.519 1349.649 1349.778 1349.908 1350.0 1350.0
1301.221 1301.061 1300.902 1300.784 1300.784 1300.784 1300.784 1300.784 1300.784 1300.784 1300.784 1300.784 1300.929 1301.697 1302.465 1303.233 1304.002 1305.563 1307.548 1309.533 1311.518 1313.447 1314.95 1316.453 1317.956 1319.459 1320.725 1321.82 1322.915 1324.01 1325.113 1326.408 1327.703 1328.999 1330.294 1331.478 1332.555 1333.633 1334.71 1335.787 1336.798 1337.806 1338.815 1339.824 1340.717 1341.459 1342.202 1342.944 1343.686 1344.417 1345.147 1345.877 1346.607 1347.235 1347.686 1348.137 1348.588 1349.039 1349.26 1349.432 1349.604 1349.776 1349.898 1349.898
1302.985 1302.798 1302.612 1302.474 1302.474 1302.474 1302.474 1302.474 1302.474 1302.474 1302.474 1302.474 1302.602 1303.284 1303.966 1304.648 1305.33 1306.759 1308.588 1310.416 1312.244 1314.025 1315.441 1316.858 1318.275 1319.691 1320.912 1321.991 1323.069 1324.148 1325.233 1326.469 1327.704 1328.94 1330.176 1331.304 1332.327 1333.35 1334.373 1335.397 1336.364 1337.329 1338.295 1339.26 1340.136 1340.895 1341.653 1342.412 1343.17 1343.893 1344.612 1345.331 1346.05 1346.68 1347.152 1347.625 1348.097 1348.57 1348.839 1349.065 1349.291 1349.517 1349.677 1349.677
1304.749 1304.535 1304.322 1304.164 1304.164 1304.164 1304.164 1304.164 1304.164 1304.164 1304.164 1304.164 1304.276 1304.872 1305.467 1306.063 1306.658 1307.955 1309.627 1311.299 1312.97 1314.603 1315.933 1317.263 1318.593 1319.924 1321.099 1322.161 1323.223 1324.286 1325.353 1326.529 1327.706 1328.882 1330.058 1331.13 1332.099 1333.068 1334.037 1335.006 1335.93 1336.852 1337.775 1338.697 1339.555 1340.33 1341.105 1341.879 1342.654 1343.369 1344.077 1344.786 1345.494 1346.124 1346.618 1347.113 1347.607 1348.101 1348.418 1348.698 1348.978 1349.258 1349.457 1349.457
1306.513 1306.272 1306.032 1305.854 1305.854 1305.854 1305.854 1305.854 1305.854 1305.854 1305.854 1305.854 1305.95 1306.459 1306.968 1307.477 1307.986 1309.151 1310.667 1312.182 1313.697 1315.18 1316.424 1317.668 1318.912 1320.156 1321.285 1322.331 1323.377 1324.424 1325.473 1326.59 1327.707 1328.824 1329.941 1330.955 1331.87 1332.786 1333.701 1334.616 1335.496 1336.375 1337.255 1338.134 1338.974 1339.765 1340.556 1341.347 1342.138 1342.845 1343.542 1344.24 1344.937 1345.569 1346.084 1346.6 1347.116 1347.632 1347.997 1348.331 1348.665 1348.999 1349.236 1349.236
1308.277 1308.009 1307.742 1307.544 1307.544 1307.544 1307.544 1307.544 1307.544 1307.544 1307.544 1307.544 1307.624 1308.046 1308.469 1308.892 1309.314 1310.347 1311.706 1313.064 1314.423 1315.758 1316.916 1318.073 1319.231 1320.388 1321.472 1322.502 1323.532 1324.562 1325.593 1326.65 1327.708 1328.765 1329.823 1330.781 1331.642 1332.503 1333.364 1334.226 1335.062 1335.898 1336.734 1337.57 1338.394 1339.201 1340.008 1340.815 1341.622 1342.321 1343.008 1343.694 1344.381 1345.013 1345.551 1346.088 1346.625 1347.163 1347.577 1347.964 1348.353 1348.74 1349.016 1349.016
1310.871 1310.672 1310.472 1310.325 1310.325 1310.325 1310.325 1310.325 1310.325 1310.325 1310.325 1310.325 1310.392 1310.748 1311.105 1311.461 1311.817 1312.761 1314.018 1315.275 1316.532 1317.762 1318.783 1319.804 1320.825 1321.846 1322.871 1323.9 1324.929 1325.958 1326.985 1327.988 1328.991 1329.995 1330.998 1331.879 1332.641 1333.403 1334.165 1334.927 1335.641 1336.354 1337.066 1337.779 1338.49 1339.198 1339.906 1340.614 1341.322 1341.997 1342.668 1343.338 1344.009 1344.629 1345.157 1345.686 1346.215 1346.744 1347.18 1347.597 1348.014 1348.431 1348.74 1348.786
1313.53 1313.406 1313.282 1313.191 1313.191 1313.191 1313.191 1313.191 1313.191 1313.191 1313.191 1313.191 1313.246 1313.537 1313.829 1314.12 1314.412 1315.269 1316.429 1317.589 1318.749 1319.876 1320.757 1321.638 1322.518 1323.399 1324.365 1325.394 1326.423 1327.452 1328.477 1329.426 1330.375 1331.324 1332.273 1333.076 1333.735 1334.395 1335.054 1335.714 1336.299 1336.882 1337.465 1338.048 1338.639 1339.239 1339.839 1340.439 1341.039 1341.688 1342.343 1342.998 1343.652 1344.257 1344.775 1345.293 1345.812 1346.33 1346.786 1347.23 1347.674 1348.118 1348.461 1348.554
1316.188 1316.14 1316.092 1316.057 1316.057 1316.057 1316.057 1316.057 1316.057 1316.057 1316.057 1316.057 1316.099 1316.326 1316.553 1316.779 1317.006 1317.778 1318.841 1319.903 1320.966 1321.991 1322.731 1323.472 1324.212 1324.952 1325.859 1326.888 1327.917 1328.946 1329.969 1330.864 1331.759 1332.654 1333.549 1334.273 1334.83 1335.387 1335.944 1336.501 1336.957 1337.411 1337.864 1338.317 1338.788 1339.28 1339.772 1340.264 1340.756 1341.38 1342.018 1342.657 1343.295 1343.886 1344.393 1344.901 1345.408 1345.915 1346.392 1346.863 1347.334 1347.805 1348.181 1348.323
1318.847 1318.875 1318.902 1318.922 1318.922 1318.922 1318.922 1318.922 1318.922 1318.922 1318.922 1318.922 1318.953 1319.115 1319.277 1319.439 1319.601 1320.286 1321.252 1322.217 1323.183 1324.106 1324.706 1325.305 1325.905 1326.505 1327.354 1328.382 1329.411 1330.44 1331.461 1332.302 1333.143 1333.984 1334.825 1335.47 1335.924 1336.379 1336.833 1337.288 1337.615 1337.939 1338.263 1338.587 1338.937 1339.321 1339.705 1340.089 1340.473 1341.071 1341.694 1342.316 1342.938 1343.515 1344.011 1344.508 1345.004 1345.5 1345.998 1346.496 1346.994 1347.492 1347.901 1348.092
1321.523 1321.641 1321.759 1321.849 1321.862 1321.874 1321.887 1321.9 1321.903 1321.903 1321.903 1321.903 1321.926 1322.044 1322.162 1322.28 1322.399 1323.0 1323.86 1324.72 1325.58 1326.394 1326.864 1327.334 1327.804 1328.274 1329.046 1330.037 1331.028 1332.018 1333.001 1333.803 1334.605 1335.407 1336.209 1336.786 1337.144 1337.502 1337.86 1338.218 1338.439 1338.657 1338.874 1339.092 1339.336 1339.614 1339.892 1340.171 1340.449 1340.991 1341.563 1342.136 1342.708 1343.246 1343.726 1344.205 1344.684 1345.164 1345.661 1346.163 1346.665 1347.167 1347.596 1347.848
1324.225 1324.456 1324.688 1324.87 1324.915 1324.96 1325.005 1325.051 1325.063 1325.063 1325.063 1325.063 1325.083 1325.191 1325.298 1325.406 1325.513 1326.034 1326.775 1327.516 1328.257 1328.953 1329.31 1329.666 1330.023 1330.38 1331.047 1331.941 1332.834 1333.728 1334.617 1335.403 1336.188 1336.974 1337.76 1338.285 1338.557 1338.828 1339.1 1339.372 1339.523 1339.67 1339.817 1339.964 1340.124 1340.3 1340.475 1340.651 1340.827 1341.266 1341.736 1342.206 1342.675 1343.139 1343.591 1344.043 1344.496 1344.948 1345.414 1345.884 1346.353 1346.822 1347.252 1347.585
1326.927 1327.272 1327.616 1327.891 1327.969 1328.046 1328.124 1328.201 1328.223 1328.223 1328.223 1328.223 1328.241 1328.337 1328.434 1328.531 1328.627 1329.067 1329.689 1330.311 1330.933 1331.512 1331.755 1331.998 1332.241 1332.485 1333.048 1333.845 1334.641 1335.438 1336.233 1337.002 1337.772 1338.541 1339.311 1339.784 1339.969 1340.155 1340.34 1340.525 1340.606 1340.683 1340.76 1340.837 1340.912 1340.985 1341.058 1341.131 1341.204 1341.542 1341.909 1342.276 1342.643 1343.031 1343.456 1343.882 1344.307 1344.732 1345.167 1345.604 1346.041 1346.478 1346.908 1347.322
1329.629 1330.087 1330.545 1330.913 1331.022 1331.132 1331.242 1331.352 1331.382 1331.382 1331.382 1331.382 1331.399 1331.484 1331.57 1331.656 1331.742 1332.1 1332.604 1333.107 1333.61 1334.07 1334.2 1334.33 1334.46 1334.59 1335.05 1335.749 1336.448 1337.147 1337.849 1338.602 1339.355 1340.109 1340.862 1341.283 1341.382 1341.481 1341.58 1341.679 1341.689 1341.696 1341.702 1341.709 1341.7 1341.671 1341.641 1341.612 1341.582 1341.817 1342.081 1342.346 1342.61 1342.923 1343.322 1343.72 1344.118 1344.516 1344.92 1345.324 1345.729 1346.133 1346.564 1347.059
1332.331 1332.903 1333.474 1333.934 1334.076 1334.218 1334.361 1334.503 1334.542 1334.542 1334.542 1334.542 1334.556 1334.631 1334.706 1334.781 1334.856 1335.133 1335.518 1335.903 1336.287 1336.629 1336.646 1336.662 1336.678 1336.695 1337.051 1337.653 1338.255 1338.857 1339.464 1340.202 1340.939 1341.676 1342.413 1342.783 1342.795 1342.808 1342.82 1342.833 1342.772 1342.708 1342.645 1342.582 1342.489 1342.356 1342.224 1342.092 1341.96 1342.092 1342.254 1342.416 1342.578 1342.815 1343.187 1343.558 1343.929 1344.301 1344.673 1345.045 1345.417 1345.789 1346.22 1346.796
1334.708 1335.351 1335.994 1336.508 1336.655 1336.802 1336.949 1337.096 1337.136 1337.136 1337.136 1337.136 1337.148 1337.207 1337.267 1337.326 1337.386 1337.601 1337.899 1338.198 1338.496 1338.759 1338.759 1338.759 1338.759 1338.759 1339.055 1339.564 1340.073 1340.583 1341.098 1341.731 1342.364 1342.997 1343.63 1343.933 1343.915 1343.896 1343.878 1343.859 1343.711 1343.559 1343.407 1343.255 1343.099 1342.939 1342.778 1342.617 1342.456 1342.555 1342.684 1342.812 1342.941 1343.149 1343.498 1343.847 1344.196 1344.545 1344.894 1345.243 1345.592 1345.941 1346.347 1346.893
1337.029 1337.737 1338.445 1339.006 1339.153 1339.3 1339.447 1339.594 1339.635 1339.635 1339.635 1339.635 1339.643 1339.686 1339.73 1339.773 1339.817 1339.973 1340.19 1340.408 1340.625 1340.817 1340.817 1340.817 1340.817 1340.817 1341.059 1341.476 1341.894 1342.312 1342.733 1343.248 1343.762 1344.277 1344.791 1345.024 1344.984 1344.944 1344.904 1344.864 1344.626 1344.382 1344.139 1343.895 1343.68 1343.503 1343.326 1343.149 1342.972 1343.05 1343.157 1343.264 1343.371 1343.558 1343.885 1344.212 1344.54 1344.867 1345.194 1345.522 1345.849 1346.177 1346.553 1347.051
1339.349 1340.122 1340.895 1341.505 1341.652 1341.799 1341.946 1342.093 1342.133 1342.133 1342.133 1342.133 1342.138 1342.165 1342.193 1342.22 1342.247 1342.345 1342.482 1342.618 1342.754 1342.874 1342.874 1342.874 1342.874 1342.874 1343.063 1343.389 1343.715 1344.041 1344.369 1344.765 1345.161 1345.556 1345.952 1346.116 1346.054 1345.992 1345.931 1345.869 1345.541 1345.206 1344.87 1344.535 1344.261 1344.068 1343.875 1343.681 1343.488 1343.545 1343.63 1343.716 1343.801 1343.966 1344.272 1344.578 1344.884 1345.189 1345.495 1345.801 1346.107 1346.412 1346.76 1347.209
1341.67 1342.508 1343.346 1344.003 1344.15 1344.297 1344.444 1344.591 1344.631 1344.631 1344.631 1344.631 1344.634 1344.645 1344.656 1344.667 1344.678 1344.718 1344.773 1344.828 1344.883 1344.932 1344.932 1344.932 1344.932 1344.932 1345.067 1345.301 1345.535 1345.769 1346.005 1346.282 1346.559 1346.836 1347.113 1347.207 1347.124 1347.04 1346.957 1346.874 1346.457 1346.029 1345.602 1345.174 1344.842 1344.632 1344.423 1344.214 1344.004 1344.04 1344.104 1344.168 1344.231 1344.375 1344.659 1344.943 1345.227 1345.511 1345.796 1346.08 1346.364 1346.648 1346.966 1347.366
1343.638 1344.478 1345.319 1345.977 1346.121 1346.264 1346.408 1346.552 1346.591 1346.591 1346.591 1346.591 1346.591 1346.591 1346.591 1346.591 1346.591 1346.591 1346.591 1346.591 1346.591 1346.591 1346.591 1346.591 1346.591 1346.591 1346.684 1346.846 1347.007 1347.168 1347.33 1347.516 1347.701 1347.887 1348.073 1348.113 1348.011 1347.91 1347.808 1347.707 1347.237 1346.755 1346.274 1345.793 1345.423 1345.197 1344.971 1344.746 1344.52 1344.538 1344.584 1344.629 1344.675 1344.798 1345.059 1345.32 1345.581 1345.842 1346.094 1346.345 1346.595 1346.846 1347.125 1347.477
1344.85 1345.561 1346.272 1346.832 1346.965 1347.097 1347.23 1347.363 1347.399 1347.399 1347.399 1347.399 1347.399 1347.399 1347.399 1347.399 1347.399 1347.399 1347.399 1347.399 1347.399 1347.399 1347.399 1347.399 1347.399 1347.399 1347.474 1347.603 1347.731 1347.86 1347.99 1348.143 1348.296 1348.45 1348.603 1348.621 1348.509 1348.397 1348.285 1348.173 1347.728 1347.274 1346.82 1346.365 1346.003 1345.762 1345.52 1345.278 1345.036 1345.043 1345.078 1345.112 1345.147 1345.254 1345.488 1345.722 1345.956 1346.189 1346.388 1346.579 1346.77 1346.961 1347.185 1347.488
1346.062 1346.644 1347.225 1347.686 1347.808 1347.93 1348.052 1348.174 1348.208 1348.208 1348.208 1348.208 1348.208 1348.208 1348.208 1348.208 1348.208 1348.208 1348.208 1348.208 1348.208 1348.208 1348.208 1348.208 1348.208 1348.208 1348.263 1348.36 1348.456 1348.552 1348.65 1348.771 1348.892 1349.012 1349.133 1349.13 1349.007 1348.884 1348.761 1348.638 1348.22 1347.793 1347.365 1346.938 1346.584 1346.326 1346.068 1345.81 1345.552 1345.548 1345.572 1345.596 1345.62 1345.71 1345.917 1346.123 1346.33 1346.537 1346.682 1346.813 1346.945 1347.077 1347.244 1347.499
1347.275 1347.726 1348.178 1348.541 1348.652 1348.763 1348.874 1348.985 1349.016 1349.016 1349.016 1349.016 1349.016 1349.016 1349.016 1349.016 1349.016 1349.016 1349.016 1349.016 1349.016 1349.016 1349.016 1349.016 1349.016 1349.016 1349.053 1349.117 1349.181 1349.245 1349.31 1349.398 1349.487 1349.575 1349.664 1349.639 1349.505 1349.372 1349.238 1349.104 1348.711 1348.311 1347.911 1347.511 1347.165 1346.891 1346.617 1346.343 1346.068 1346.052 1346.065 1346.079 1346.092 1346.165 1346.345 1346.525 1346.705 1346.885 1346.976 1347.048 1347.12 1347.193 1347.304 1347.51
1348.487 1348.809 1349.131 1349.395 1349.496 1349.596 1349.696 1349.797 1349.824 1349.824 1349.824 1349.824 1349.824 1349.824 1349.824 1349.824 1349.824 1349.824 1349.824 1349.824 1349.824 1349.824 1349.824 1349.824 1349.824 1349.824 1349.843 1349.874 1349.906 1349.937 1349.97 1350.026 1350.082 1350.138 1350.194 1350.148 1350.004 1349.859 1349.714 1349.57 1349.203 1348.83 1348.457 1348.083 1347.746 1347.456 1347.165 1346.875 1346.584 1346.557 1346.559 1346.562 1346.564 1346.621 1346.774 1346.927 1347.079 1347.232 1347.27 1347.282 1347.295 1347.308 1347.363 1347.521
1348.931 1349.187 1349.443 1349.653 1349.734 1349.816 1349.897 1349.978 1350.0 1350.0 1350.0 1350.0 1350.0 1350.0 1350.0 1350.0 1350.0 1350.0 1350.0 1350.0 1350.0 1350.003 1350.028 1350.054 1350.079 1350.104 1350.134 1350.167 1350.2 1350.233 1350.266 1350.307 1350.347 1350.388 1350.428 1350.387 1350.265 1350.144 1350.022 1349.9 1349.552 1349.198 1348.843 1348.488 1348.171 1347.902 1347.634 1347.365 1347.097 1347.115 1347.166 1347.216 1347.267 1347.348 1347.482 1347.617 1347.751 1347.885 1347.856 1347.793 1347.729 1347.666 1347.656 1347.778
1349.162 1349.37 1349.577 1349.746 1349.805 1349.865 1349.924 1349.984 1350.0 1350.0 1350.0 1350.0 1350.0 1350.0 1350.0 1350.0 1350.0 1350.0 1350.0 1350.0 1350.0 1350.007 1350.064 1350.122 1350.18 1350.238 1350.287 1350.331 1350.375 1350.419 1350.462 1350.491 1350.521 1350.551 1350.581 1350.55 1350.461 1350.372 1350.282 1350.193 1349.862 1349.523 1349.185 1348.846 1348.552 1348.316 1348.08 1347.844 1347.608 1347.687 1347.803 1347.918 1348.034 1348.15 1348.268 1348.387 1348.505 1348.623 1348.524 1348.38 1348.235 1348.091 1348.014 1348.103
