data/zism_data/00125_04_D.txt
ncols         224
nrows         224
[rows 0 to 27 of 224, columns 0 to 62 of 224]
1349.709 1349.604 1349.498 1349.315 1349.043 1348.772 1348.5 1348.229 1348.077 1347.935 1347.793 1347.651 1347.554 1347.527 1347.5 1347.472 1347.445 1347.371 1347.288 1347.206 1347.124 1347.068 1347.068 1347.068 1347.068 1347.068 1347.132 1347.215 1347.297 1347.379 1347.441 1347.441 1347.441 1347.441 1347.441 1347.528 1347.652 1347.775 1347.898 1348.0 1348.0 1348.0 1348.0 1348.0 1348.035 1348.09 1348.145 1348.199 1348.265 1348.431 1348.597 1348.762 1348.928 1349.0 1349.0 1349.0 1349.0 1349.0 1349.0 1349.0 1349.0 1349.0 1349.0
1349.971 1349.849 1349.727 1349.518 1349.208 1348.899 1348.59 1348.281 1348.151 1348.036 1347.922 1347.807 1347.73 1347.714 1347.697 1347.68 1347.664 1347.619 1347.569 1347.519 1347.469 1347.436 1347.436 1347.436 1347.436 1347.436 1347.474 1347.524 1347.574 1347.624 1347.661 1347.661 1347.661 1347.661 1347.661 1347.714 1347.789 1347.864 1347.938 1348.0 1348.0 1348.0 1348.0 1348.0 1348.021 1348.054 1348.088 1348.121 1348.17 1348.357 1348.544 1348.731 1348.919 1349.0 1349.0 1349.0 1349.0 1349.0 1349.0 1349.0 1349.0 1349.0 1349.0
1350.232 1350.094 1349.956 1349.721 1349.374 1349.026 1348.679 1348.332 1348.225 1348.138 1348.05 1347.962 1347.906 1347.9 1347.894 1347.888 1347.883 1347.867 1347.85 1347.832 1347.815 1347.803 1347.803 1347.803 1347.803 1347.803 1347.817 1347.834 1347.851 1347.869 1347.882 1347.882 1347.882 1347.882 1347.882 1347.9 1347.926 1347.952 1347.979 1348.0 1348.0 1348.0 1348.0 1348.0 1348.007 1348.019 1348.031 1348.042 1348.074 1348.283 1348.491 1348.7 1348.909 1349.0 1349.0 1349.0 1349.0 1349.0 1349.0 1349.0 1349.0 1349.0 1349.0
1350.373 1350.226 1350.079 1349.837 1349.484 1349.132 1348.779 1348.427 1348.329 1348.25 1348.172 1348.093 1348.047 1348.052 1348.057 1348.062 1348.067 1348.06 1348.05 1348.04 1348.03 1348.021 1348.016 1348.011 1348.006 1348.001 1348.0 1348.0 1348.0 1348.0 1348.0 1348.0 1348.0 1348.0 1348.0 1348.0 1348.0 1348.0 1348.0 1348.0 1348.0 1348.0 1348.0 1348.0 1348.0 1348.0 1348.0 1348.0 1348.021 1348.226 1348.432 1348.637 1348.843 1348.94 1348.955 1348.97 1348.985 1349.0 1349.0 1349.0 1349.0 1349.0 1349.0
1350.373 1350.226 1350.079 1349.852 1349.532 1349.212 1348.892 1348.572 1348.466 1348.376 1348.287 1348.198 1348.15 1348.165 1348.181 1348.197 1348.213 1348.188 1348.156 1348.125 1348.093 1348.067 1348.051 1348.035 1348.019 1348.003 1348.0 1348.0 1348.0 1348.0 1348.0 1348.0 1348.0 1348.0 1348.0 1348.0 1348.0 1348.0 1348.0 1348.0 1348.0 1348.0 1348.0 1348.0 1348.0 1348.0 1348.0 1348.0 1348.018 1348.191 1348.364 1348.537 1348.71 1348.812 1348.859 1348.906 1348.954 1349.0 1349.0 1349.0 1349.0 1349.0 1349.0
1350.373 1350.226 1350.079 1349.867 1349.579 1349.292 1349.004 1348.716 1348.603 1348.503 1348.402 1348.302 1348.252 1348.278 1348.305 1348.332 1348.358 1348.317 1348.263 1348.21 1348.157 1348.112 1348.086 1348.059 1348.032 1348.006 1348.0 1348.0 1348.0 1348.0 1348.0 1348.0 1348.0 1348.0 1348.0 1348.0 1348.0 1348.0 1348.0 1348.0 1348.0 1348.0 1348.0 1348.0 1348.0 1348.0 1348.0 1348.0 1348.014 1348.155 1348.296 1348.436 1348.577 1348.683 1348.763 1348.843 1348.922 1349.0 1349.0 1349.0 1349.0 1349.0 1349.0
1350.373 1350.226 1350.079 1349.882 1349.626 1349.371 1349.116 1348.861 1348.74 1348.629 1348.518 1348.407 1348.354 1348.391 1348.429 1348.466 1348.504 1348.445 1348.37 1348.296 1348.221 1348.158 1348.12 1348.083 1348.046 1348.008 1348.0 1348.0 1348.0 1348.0 1348.0 1348.0 1348.0 1348.0 1348.0 1348.0 1348.0 1348.0 1348.0 1348.0 1348.0 1348.0 1348.0 1348.0 1348.0 1348.0 1348.0 1348.0 1348.011 1348.119 1348.227 1348.336 1348.444 1348.554 1348.667 1348.779 1348.891 1349.0 1349.0 1349.0 1349.0 1349.0 1349.0
1350.373 1350.226 1350.079 1349.897 1349.674 1349.451 1349.228 1349.005 1348.876 1348.755 1348.633 1348.511 1348.456 1348.504 1348.553 1348.601 1348.649 1348.574 1348.477 1348.381 1348.284 1348.203 1348.155 1348.107 1348.059 1348.01 1348.0 1348.0 1348.0 1348.0 1348.0 1348.0 1348.0 1348.0 1348.0 1348.0 1348.0 1348.0 1348.0 1348.0 1348.0 1348.0 1348.0 1348.0 1348.0 1348.0 1348.0 1348.0 1348.008 1348.083 1348.159 1348.235 1348.311 1348.426 1348.57 1348.715 1348.86 1349.0 1349.0 1349.0 1349.0 1349.0 1349.0
1350.487 1350.295 1350.103 1349.9 1349.685 1349.469 1349.254 1349.038 1348.928 1348.825 1348.723 1348.62 1348.579 1348.633 1348.687 1348.741 1348.795 1348.728 1348.64 1348.552 1348.464 1348.39 1348.346 1348.302 1348.258 1348.214 1348.204 1348.204 1348.204 1348.204 1348.2 1348.18 1348.159 1348.139 1348.119 1348.106 1348.096 1348.086 1348.076 1348.066 1348.051 1348.036 1348.021 1348.005 1348.0 1348.0 1348.0 1348.0 1348.008 1348.092 1348.176 1348.259 1348.343 1348.456 1348.593 1348.73 1348.867 1349.0 1349.0 1349.0 1349.0 1349.0 1349.0
1350.61 1350.37 1350.129 1349.903 1349.693 1349.483 1349.272 1349.062 1348.972 1348.891 1348.811 1348.73 1348.704 1348.763 1348.823 1348.882 1348.941 1348.884 1348.807 1348.73 1348.652 1348.588 1348.549 1348.51 1348.472 1348.433 1348.425 1348.425 1348.425 1348.425 1348.415 1348.373 1348.331 1348.29 1348.248 1348.221 1348.2 1348.18 1348.159 1348.136 1348.105 1348.074 1348.043 1348.011 1348.0 1348.0 1348.0 1348.0 1348.01 1348.104 1348.198 1348.292 1348.387 1348.499 1348.625 1348.751 1348.878 1349.0 1349.0 1349.0 1349.0 1349.0 1349.0
1350.734 1350.444 1350.155 1349.905 1349.7 1349.496 1349.291 1349.087 1349.017 1348.958 1348.898 1348.839 1348.828 1348.893 1348.958 1349.023 1349.088 1349.04 1348.974 1348.907 1348.841 1348.785 1348.752 1348.719 1348.686 1348.653 1348.645 1348.645 1348.645 1348.645 1348.63 1348.567 1348.503 1348.44 1348.377 1348.336 1348.304 1348.273 1348.241 1348.207 1348.159 1348.112 1348.065 1348.017 1348.0 1348.0 1348.0 1348.0 1348.011 1348.116 1348.221 1348.326 1348.431 1348.542 1348.657 1348.773 1348.888 1349.0 1349.0 1349.0 1349.0 1349.0 1349.0
1350.857 1350.519 1350.181 1349.908 1349.708 1349.509 1349.31 1349.111 1349.061 1349.024 1348.986 1348.948 1348.953 1349.023 1349.093 1349.164 1349.234 1349.196 1349.141 1349.085 1349.03 1348.983 1348.955 1348.927 1348.9 1348.872 1348.866 1348.866 1348.866 1348.866 1348.845 1348.76 1348.675 1348.59 1348.506 1348.451 1348.408 1348.366 1348.324 1348.278 1348.214 1348.15 1348.087 1348.023 1348.0 1348.0 1348.0 1348.0 1348.012 1348.128 1348.244 1348.359 1348.475 1348.585 1348.689 1348.794 1348.898 1349.0 1349.0 1349.0 1349.0 1349.0 1349.0
1351.018 1350.651 1350.283 1349.994 1349.796 1349.598 1349.4 1349.202 1349.167 1349.145 1349.122 1349.1 1349.12 1349.206 1349.292 1349.379 1349.465 1349.428 1349.371 1349.313 1349.256 1349.207 1349.179 1349.15 1349.121 1349.093 1349.086 1349.086 1349.086 1349.086 1349.06 1348.951 1348.842 1348.734 1348.625 1348.562 1348.517 1348.473 1348.428 1348.379 1348.312 1348.245 1348.178 1348.111 1348.086 1348.086 1348.086 1348.086 1348.098 1348.209 1348.321 1348.433 1348.545 1348.645 1348.734 1348.823 1348.913 1349.0 1349.0 1349.0 1349.0 1349.0 1349.0
1351.239 1350.871 1350.504 1350.212 1350.009 1349.805 1349.602 1349.398 1349.368 1349.351 1349.334 1349.317 1349.353 1349.472 1349.59 1349.709 1349.827 1349.777 1349.698 1349.619 1349.54 1349.473 1349.434 1349.394 1349.355 1349.315 1349.307 1349.307 1349.307 1349.307 1349.273 1349.138 1349.002 1348.867 1348.731 1348.668 1348.634 1348.6 1348.566 1348.529 1348.478 1348.427 1348.376 1348.325 1348.307 1348.307 1348.307 1348.307 1348.315 1348.4 1348.485 1348.57 1348.655 1348.73 1348.798 1348.866 1348.934 1349.0 1349.0 1349.0 1349.0 1349.0 1349.0
1351.459 1351.092 1350.724 1350.43 1350.221 1350.013 1349.804 1349.595 1349.569 1349.557 1349.546 1349.534 1349.586 1349.737 1349.888 1350.039 1350.19 1350.126 1350.025 1349.925 1349.824 1349.739 1349.689 1349.639 1349.588 1349.538 1349.527 1349.527 1349.527 1349.527 1349.487 1349.325 1349.162 1349.0 1348.837 1348.773 1348.75 1348.727 1348.704 1348.679 1348.644 1348.609 1348.574 1348.54 1348.527 1348.527 1348.527 1348.527 1348.533 1348.591 1348.649 1348.707 1348.765 1348.816 1348.862 1348.909 1348.955 1349.0 1349.0 1349.0 1349.0 1349.0 1349.0
1351.679 1351.312 1350.945 1350.648 1350.434 1350.22 1350.005 1349.791 1349.77 1349.764 1349.758 1349.751 1349.819 1350.003 1350.186 1350.369 1350.553 1350.475 1350.353 1350.23 1350.108 1350.005 1349.944 1349.883 1349.822 1349.761 1349.748 1349.748 1349.748 1349.748 1349.701 1349.511 1349.322 1349.132 1348.943 1348.879 1348.867 1348.854 1348.842 1348.828 1348.81 1348.791 1348.773 1348.754 1348.748 1348.748 1348.748 1348.748 1348.751 1348.782 1348.813 1348.844 1348.874 1348.902 1348.927 1348.951 1348.976 1349.0 1349.0 1349.0 1349.0 1349.0 1349.0
1351.9 1351.532 1351.165 1350.866 1350.646 1350.427 1350.207 1349.988 1349.971 1349.97 1349.969 1349.969 1350.052 1350.268 1350.484 1350.7 1350.916 1350.824 1350.68 1350.536 1350.392 1350.271 1350.199 1350.128 1350.056 1349.984 1349.968 1349.968 1349.968 1349.968 1349.915 1349.698 1349.482 1349.265 1349.049 1348.985 1348.983 1348.982 1348.98 1348.978 1348.976 1348.974 1348.971 1348.969 1348.968 1348.968 1348.968 1348.968 1348.969 1348.972 1348.976 1348.98 1348.984 1348.988 1348.991 1348.994 1348.997 1349.0 1349.0 1349.0 1349.0 1349.0 1349.0
1352.466 1352.136 1351.806 1351.526 1351.306 1351.085 1350.865 1350.644 1350.62 1350.61 1350.601 1350.592 1350.649 1350.81 1350.97 1351.13 1351.291 1351.204 1351.076 1350.947 1350.819 1350.702 1350.61 1350.518 1350.426 1350.334 1350.282 1350.24 1350.198 1350.157 1350.073 1349.857 1349.641 1349.425 1349.209 1349.124 1349.091 1349.059 1349.027 1349.0 1349.0 1349.0 1349.0 1349.0 1349.0 1349.0 1349.0 1349.0 1349.0 1349.0 1349.0 1349.0 1349.0 1349.0 1349.0 1349.0 1349.0 1349.0 1349.0 1349.0 1349.0 1349.0 1349.0
1353.092 1352.804 1352.517 1352.261 1352.04 1351.82 1351.599 1351.379 1351.344 1351.324 1351.304 1351.284 1351.308 1351.398 1351.488 1351.578 1351.668 1351.59 1351.483 1351.376 1351.27 1351.161 1351.047 1350.933 1350.82 1350.706 1350.611 1350.521 1350.431 1350.341 1350.221 1350.01 1349.8 1349.589 1349.379 1349.268 1349.198 1349.128 1349.058 1349.0 1349.0 1349.0 1349.0 1349.0 1349.0 1349.0 1349.0 1349.0 1349.0 1349.0 1349.0 1349.0 1349.0 1349.0 1349.0 1349.0 1349.0 1349.0 1349.0 1349.0 1349.0 1349.0 1349.0
1353.717 1353.473 1353.229 1352.996 1352.775 1352.555 1352.334 1352.114 1352.069 1352.039 1352.008 1351.977 1351.966 1351.986 1352.006 1352.026 1352.046 1351.976 1351.891 1351.805 1351.72 1351.619 1351.484 1351.349 1351.214 1351.078 1350.94 1350.802 1350.663 1350.524 1350.369 1350.164 1349.959 1349.754 1349.549 1349.413 1349.305 1349.197 1349.089 1349.0 1349.0 1349.0 1349.0 1349.0 1349.0 1349.0 1349.0 1349.0 1349.0 1349.0 1349.0 1349.0 1349.0 1349.0 1349.0 1349.0 1349.0 1349.0 1349.0 1349.0 1349.0 1349.0 1349.0
1354.342 1354.141 1353.94 1353.73 1353.51 1353.29 1353.069 1352.849 1352.794 1352.752 1352.711 1352.669 1352.624 1352.574 1352.524 1352.474 1352.424 1352.362 1352.298 1352.234 1352.171 1352.078 1351.921 1351.764 1351.607 1351.45 1351.27 1351.082 1350.895 1350.708 1350.517 1350.318 1350.118 1349.918 1349.719 1349.557 1349.412 1349.266 1349.12 1349.0 1349.0 1349.0 1349.0 1349.0 1349.0 1349.0 1349.0 1349.0 1349.0 1349.0 1349.0 1349.0 1349.0 1349.0 1349.0 1349.0 1349.0 1349.0 1349.0 1349.0 1349.0 1349.0 1349.0
1354.941 1354.766 1354.591 1354.401 1354.192 1353.984 1353.775 1353.567 1353.497 1353.438 1353.378 1353.319 1353.242 1353.137 1353.032 1352.927 1352.822 1352.765 1352.716 1352.667 1352.618 1352.528 1352.35 1352.171 1351.993 1351.815 1351.605 1351.386 1351.167 1350.949 1350.733 1350.525 1350.317 1350.109 1349.901 1349.716 1349.541 1349.366 1349.191 1349.045 1349.035 1349.024 1349.014 1349.004 1349.0 1349.0 1349.0 1349.0 1349.0 1349.002 1349.004 1349.005 1349.007 1349.021 1349.046 1349.07 1349.094 1349.118 1349.147 1349.177 1349.206 1349.235 1349.251
1355.483 1355.297 1355.111 1354.933 1354.762 1354.591 1354.421 1354.25 1354.153 1354.061 1353.969 1353.878 1353.772 1353.646 1353.519 1353.393 1353.266 1353.206 1353.157 1353.108 1353.059 1352.962 1352.762 1352.562 1352.362 1352.162 1351.952 1351.739 1351.525 1351.312 1351.091 1350.845 1350.599 1350.353 1350.108 1349.904 1349.719 1349.533 1349.347 1349.186 1349.144 1349.101 1349.058 1349.016 1349.0 1349.0 1349.0 1349.0 1349.001 1349.008 1349.015 1349.022 1349.029 1349.089 1349.188 1349.288 1349.388 1349.488 1349.609 1349.73 1349.851 1349.972 1350.037
1356.025 1355.828 1355.631 1355.464 1355.332 1355.199 1355.066 1354.933 1354.808 1354.684 1354.56 1354.436 1354.303 1354.155 1354.007 1353.859 1353.71 1353.647 1353.598 1353.549 1353.5 1353.396 1353.175 1352.953 1352.732 1352.51 1352.299 1352.091 1351.883 1351.675 1351.449 1351.165 1350.882 1350.598 1350.314 1350.093 1349.896 1349.7 1349.503 1349.328 1349.253 1349.177 1349.102 1349.027 1349.0 1349.0 1349.0 1349.0 1349.001 1349.014 1349.026 1349.039 1349.051 1349.156 1349.331 1349.506 1349.682 1349.858 1350.071 1350.284 1350.497 1350.71 1350.824
1356.566 1356.359 1356.152 1355.996 1355.901 1355.806 1355.711 1355.616 1355.464 1355.308 1355.151 1354.995 1354.833 1354.663 1354.494 1354.324 1354.155 1354.088 1354.039 1353.99 1353.941 1353.83 1353.587 1353.344 1353.101 1352.858 1352.646 1352.444 1352.241 1352.039 1351.807 1351.485 1351.164 1350.843 1350.521 1350.281 1350.074 1349.866 1349.659 1349.469 1349.361 1349.254 1349.146 1349.039 1349.0 1349.0 1349.0 1349.0 1349.002 1349.02 1349.038 1349.056 1349.073 1349.223 1349.474 1349.725 1349.976 1350.228 1350.533 1350.838 1351.142 1351.447 1351.61
1357.108 1356.89 1356.672 1356.528 1356.471 1356.414 1356.357 1356.3 1356.12 1355.931 1355.742 1355.553 1355.364 1355.172 1354.981 1354.79 1354.599 1354.529 1354.48 1354.431 1354.382 1354.264 1353.999 1353.735 1353.47 1353.205 1352.993 1352.796 1352.599 1352.402 1352.165 1351.806 1351.447 1351.087 1350.728 1350.469 1350.251 1350.033 1349.815 1349.61 1349.47 1349.331 1349.191 1349.051 1349.0 1349.0 1349.0 1349.0 1349.002 1349.026 1349.049 1349.072 1349.096 1349.29 1349.617 1349.943 1350.27 1350.598 1350.995 1351.391 1351.788 1352.184 1352.397
1357.704 1357.522 1357.34 1357.205 1357.127 1357.048 1356.97 1356.891 1356.7 1356.5 1356.299 1356.099 1355.899 1355.699 1355.499 1355.298 1355.098 1355.013 1354.947 1354.881 1354.815 1354.679 1354.393 1354.106 1353.82 1353.534 1353.295 1353.069 1352.844 1352.618 1352.358 1351.99 1351.623 1351.256 1350.888 1350.607 1350.361 1350.115 1349.87 1349.641 1349.494 1349.347 1349.2 1349.053 1349.0 1349.0 1349.0 1349.0 1349.009 1349.092 1349.176 1349.259 1349.343 1349.633 1350.082 1350.53 1350.979 1351.43 1351.978 1352.525 1353.072 1353.62 1353.939
1358.316 1358.182 1358.048 1357.923 1357.806 1357.69 1357.573 1357.457 1357.258 1357.052 1356.847 1356.641 1356.436 1356.23 1356.025 1355.819 1355.613 1355.509 1355.421 1355.334 1355.246 1355.089 1354.781 1354.473 1354.165 1353.857 1353.584 1353.32 1353.057 1352.794 1352.505 1352.137 1351.77 1351.403 1351.035 1350.731 1350.453 1350.175 1349.896 1349.641 1349.494 1349.347 1349.2 1349.053 1349.0 1349.0 1349.0 1349.0 1349.016 1349.175 1349.335 1349.494 1349.653 1350.052 1350.636 1351.219 1351.803 1352.39 1353.105 1353.82 1354.535 1355.249 1355.69
