data/zism_data/00128_02_D.txt
ncols         224
nrows         224
[rows 0 to 27 of 224, columns 126 to 188 of 224]
4606.458 4606.07 4605.682 4605.294 4604.764 4604.058 4603.353 4602.647 4601.941 4601.3 4600.666 4600.031 4599.396 4599.254 4599.928 4600.602 4601.276 4601.95 4607.7 4614.413 4621.126 4627.839 4636.373 4649.066 4661.76 4674.454 4687.148 4695.74 4703.093 4710.446 4717.799 4725.187 4732.692 4740.197 4747.702 4755.207 4761.314 4766.811 4772.308 4777.804 4783.013 4786.701 4790.39 4794.079 4797.768 4799.863 4800.994 4802.126 4803.257 4804.409 4805.766 4807.124 4808.482 4809.839 4811.537 4813.511 4815.486 4817.46 4819.502 4826.166 4832.83 4839.493 4846.157
4605.472 4604.971 4604.471 4603.97 4603.45 4602.905 4602.36 4601.816 4601.271 4600.776 4600.286 4599.796 4599.306 4599.432 4600.577 4601.723 4602.869 4604.014 4610.637 4618.299 4625.961 4633.623 4642.785 4655.377 4667.969 4680.561 4693.153 4702.051 4709.833 4717.614 4725.396 4733.126 4740.685 4748.244 4755.802 4763.361 4769.429 4774.845 4780.261 4785.677 4790.831 4794.6 4798.369 4802.138 4805.907 4808.384 4810.078 4811.772 4813.467 4815.184 4817.136 4819.089 4821.042 4822.995 4824.708 4826.227 4827.746 4829.265 4830.851 4836.983 4843.116 4849.249 4855.382
4604.485 4603.872 4603.259 4602.646 4602.136 4601.752 4601.368 4600.984 4600.601 4600.251 4599.906 4599.561 4599.215 4599.609 4601.227 4602.844 4604.461 4606.079 4613.575 4622.186 4630.796 4639.407 4649.198 4661.688 4674.178 4686.668 4699.159 4708.362 4716.573 4724.783 4732.994 4741.066 4748.678 4756.29 4763.902 4771.515 4777.543 4782.879 4788.214 4793.55 4798.649 4802.499 4806.348 4810.198 4814.047 4816.905 4819.162 4821.419 4823.676 4825.958 4828.506 4831.054 4833.602 4836.15 4837.88 4838.943 4840.006 4841.069 4842.198 4847.8 4853.402 4859.004 4864.607
4603.499 4602.773 4602.047 4601.322 4600.822 4600.599 4600.376 4600.153 4599.93 4599.727 4599.526 4599.326 4599.125 4599.787 4601.876 4603.965 4606.055 4608.144 4616.512 4626.072 4635.631 4645.19 4655.611 4667.999 4680.387 4692.775 4705.164 4714.673 4723.313 4731.952 4740.591 4749.005 4756.671 4764.337 4772.003 4779.668 4785.657 4790.913 4796.168 4801.423 4806.467 4810.397 4814.327 4818.257 4822.187 4825.426 4828.246 4831.065 4833.886 4836.734 4839.876 4843.019 4846.162 4849.305 4851.052 4851.659 4852.267 4852.874 4853.546 4858.618 4863.689 4868.76 4873.832
4602.513 4601.674 4600.836 4599.998 4599.508 4599.446 4599.384 4599.322 4599.259 4599.203 4599.147 4599.091 4599.035 4599.965 4602.526 4605.086 4607.647 4610.208 4619.449 4629.958 4640.466 4650.974 4662.023 4674.31 4686.597 4698.883 4711.169 4720.984 4730.052 4739.121 4748.189 4756.944 4764.664 4772.383 4780.103 4787.822 4793.771 4798.947 4804.122 4809.296 4814.286 4818.296 4822.307 4826.317 4830.327 4833.946 4837.329 4840.712 4844.095 4847.509 4851.247 4854.984 4858.722 4862.46 4864.223 4864.375 4864.527 4864.679 4864.894 4869.435 4873.976 4878.516 4883.057
4602.131 4601.249 4600.367 4599.486 4599.0 4599.0 4599.0 4599.0 4599.0 4599.018 4599.038 4599.058 4599.077 4600.314 4603.563 4606.813 4610.063 4613.312 4623.046 4634.01 4644.974 4655.938 4667.321 4679.664 4692.006 4704.349 4716.691 4726.714 4736.037 4745.36 4754.684 4763.587 4771.104 4778.621 4786.138 4793.654 4799.477 4804.558 4809.639 4814.721 4819.657 4823.826 4827.996 4832.166 4836.335 4840.322 4844.199 4848.076 4851.953 4855.84 4859.837 4863.835 4867.833 4871.83 4873.658 4873.716 4873.773 4873.831 4873.949 4878.18 4882.41 4886.64 4890.871
4602.131 4601.249 4600.367 4599.486 4599.0 4599.0 4599.0 4599.0 4599.0 4599.047 4599.099 4599.151 4599.203 4600.771 4604.846 4608.921 4612.996 4617.071 4627.059 4638.167 4649.276 4660.385 4671.916 4684.414 4696.912 4709.41 4721.908 4732.078 4741.546 4751.014 4760.481 4769.412 4776.564 4783.716 4790.869 4798.021 4803.661 4808.641 4813.62 4818.6 4823.483 4827.862 4832.241 4836.62 4840.999 4845.345 4849.672 4853.999 4858.326 4862.628 4866.674 4870.72 4874.766 4878.812 4880.735 4880.927 4881.119 4881.311 4881.559 4885.617 4889.676 4893.734 4897.793
4602.131 4601.249 4600.367 4599.486 4599.0 4599.0 4599.0 4599.0 4599.0 4599.077 4599.161 4599.245 4599.329 4601.228 4606.128 4611.029 4615.93 4620.83 4631.071 4642.325 4653.578 4664.832 4676.511 4689.164 4701.817 4714.471 4727.125 4737.442 4747.054 4756.667 4766.279 4775.237 4782.024 4788.812 4795.6 4802.387 4807.846 4812.724 4817.601 4822.479 4827.311 4831.898 4836.486 4841.074 4845.662 4850.368 4855.145 4859.922 4864.699 4869.417 4873.511 4877.605 4881.7 4885.794 4887.813 4888.138 4888.464 4888.79 4889.167 4893.055 4896.942 4900.829 4904.716
4602.131 4601.249 4600.367 4599.486 4599.0 4599.0 4599.0 4599.0 4599.0 4599.106 4599.223 4599.339 4599.455 4601.685 4607.411 4613.137 4618.863 4624.589 4635.083 4646.482 4657.88 4669.278 4681.105 4693.914 4706.723 4719.532 4732.341 4742.806 4752.563 4762.32 4772.078 4781.062 4787.485 4793.908 4800.331 4806.754 4812.031 4816.807 4821.583 4826.358 4831.137 4835.934 4840.731 4845.528 4850.325 4855.391 4860.618 4865.846 4871.073 4876.206 4880.349 4884.491 4888.633 4892.775 4894.89 4895.35 4895.81 4896.269 4896.776 4900.492 4904.208 4907.923 4911.639
4602.101 4601.228 4600.354 4599.481 4599.0 4599.0 4599.0 4599.0 4599.0 4599.143 4599.299 4599.455 4599.611 4602.168 4608.695 4615.222 4621.749 4628.276 4639.002 4650.525 4662.047 4673.57 4685.526 4698.474 4711.422 4724.37 4737.318 4747.914 4757.799 4767.685 4777.57 4786.569 4792.634 4798.699 4804.764 4810.829 4815.929 4820.606 4825.285 4829.962 4834.691 4839.69 4844.689 4849.688 4854.688 4860.104 4865.773 4871.443 4877.112 4882.655 4886.863 4891.071 4895.279 4899.487 4901.715 4902.328 4902.941 4903.553 4904.208 4907.766 4911.323 4914.88 4918.437
4601.416 4600.735 4600.055 4599.375 4599.0 4599.0 4599.0 4599.0 4599.0 4599.333 4599.699 4600.064 4600.429 4603.215 4610.005 4616.794 4623.584 4630.374 4640.872 4652.073 4663.273 4674.475 4686.142 4698.875 4711.609 4724.342 4737.076 4747.441 4757.09 4766.74 4776.389 4785.157 4791.002 4796.847 4802.692 4808.537 4813.563 4818.23 4822.897 4827.564 4832.292 4837.339 4842.386 4847.434 4852.481 4858.076 4864.003 4869.93 4875.856 4881.672 4886.331 4890.989 4895.648 4900.307 4903.047 4904.222 4905.397 4906.573 4907.785 4911.465 4915.146 4918.826 4922.506
4600.73 4600.243 4599.756 4599.269 4599.0 4599.0 4599.0 4599.0 4599.0 4599.524 4600.099 4600.673 4601.247 4604.263 4611.314 4618.367 4625.419 4632.472 4642.741 4653.62 4664.5 4675.379 4686.757 4699.276 4711.796 4724.314 4736.834 4746.968 4756.381 4765.795 4775.208 4783.744 4789.369 4794.995 4800.62 4806.245 4811.196 4815.853 4820.509 4825.166 4829.892 4834.988 4840.083 4845.179 4850.274 4856.048 4862.232 4868.416 4874.6 4880.69 4885.799 4890.908 4896.017 4901.125 4904.378 4906.116 4907.854 4909.593 4911.361 4915.165 4918.968 4922.772 4926.576
4600.045 4599.751 4599.457 4599.162 4599.0 4599.0 4599.0 4599.0 4599.0 4599.715 4600.499 4601.282 4602.065 4605.31 4612.625 4619.94 4627.254 4634.57 4644.61 4655.168 4665.726 4676.284 4687.373 4699.677 4711.982 4724.287 4736.592 4746.495 4755.672 4764.85 4774.028 4782.331 4787.737 4793.142 4798.548 4803.953 4808.83 4813.476 4818.122 4822.768 4827.493 4832.636 4837.78 4842.924 4848.067 4854.02 4860.461 4866.902 4873.343 4879.708 4885.267 4890.826 4896.385 4901.944 4905.709 4908.01 4910.312 4912.613 4914.938 4918.864 4922.792 4926.718 4930.645
4599.36 4599.259 4599.157 4599.056 4599.0 4599.0 4599.0 4599.0 4599.0 4599.906 4600.898 4601.891 4602.883 4606.357 4613.935 4621.512 4629.09 4636.667 4646.479 4656.716 4666.952 4677.188 4687.988 4700.079 4712.169 4724.259 4736.35 4746.021 4754.964 4763.905 4772.847 4780.918 4786.104 4791.29 4796.476 4801.661 4806.464 4811.099 4815.734 4820.369 4825.093 4830.285 4835.477 4840.669 4845.861 4851.992 4858.69 4865.389 4872.087 4878.726 4884.735 4890.745 4896.754 4902.763 4907.041 4909.904 4912.769 4915.632 4918.514 4922.564 4926.614 4930.664 4934.714
4598.946 4598.961 4598.977 4598.992 4599.027 4599.088 4599.149 4599.21 4599.271 4600.464 4601.765 4603.065 4604.366 4608.037 4615.628 4623.219 4630.81 4638.401 4647.892 4657.743 4667.594 4677.445 4687.763 4699.15 4710.539 4721.926 4733.313 4742.323 4750.614 4758.906 4767.197 4774.767 4779.944 4785.121 4790.298 4795.475 4800.414 4805.25 4810.085 4814.92 4819.823 4825.079 4830.334 4835.589 4840.845 4847.097 4853.951 4860.805 4867.659 4874.481 4880.974 4887.467 4893.96 4900.453 4905.338 4908.912 4912.487 4916.061 4919.646 4923.929 4928.211 4932.494 4936.777
4598.832 4598.879 4598.926 4598.974 4599.085 4599.275 4599.464 4599.654 4599.844 4601.43 4603.148 4604.867 4606.586 4610.418 4617.747 4625.075 4632.403 4639.732 4648.798 4658.193 4667.588 4676.983 4686.606 4696.75 4706.895 4717.039 4727.183 4735.051 4742.233 4749.415 4756.597 4763.366 4768.768 4774.17 4779.573 4784.975 4790.285 4795.555 4800.824 4806.094 4811.374 4816.709 4822.045 4827.381 4832.717 4839.026 4845.923 4852.82 4859.717 4866.625 4873.637 4880.649 4887.662 4894.675 4900.275 4904.723 4909.171 4913.62 4918.07 4922.707 4927.344 4931.98 4936.617
4598.717 4598.797 4598.876 4598.956 4599.143 4599.461 4599.78 4600.098 4600.417 4602.395 4604.532 4606.669 4608.806 4612.8 4619.865 4626.931 4633.997 4641.063 4649.704 4658.643 4667.583 4676.522 4685.45 4694.35 4703.251 4712.151 4721.052 4727.779 4733.852 4739.924 4745.996 4751.965 4757.593 4763.22 4768.848 4774.475 4780.155 4785.859 4791.563 4797.267 4802.925 4808.341 4813.757 4819.173 4824.589 4830.956 4837.896 4844.835 4851.775 4858.767 4866.299 4873.832 4881.365 4888.897 4895.212 4900.534 4905.856 4911.178 4916.495 4921.485 4926.476 4931.466 4936.457
4598.604 4598.715 4598.827 4598.938 4599.201 4599.648 4600.095 4600.542 4600.989 4603.36 4605.915 4608.47 4611.025 4615.181 4621.984 4628.787 4635.59 4642.393 4650.609 4659.093 4667.577 4676.062 4684.293 4691.95 4699.607 4707.264 4714.92 4720.508 4725.471 4730.433 4735.396 4740.564 4746.417 4752.27 4758.122 4763.975 4770.026 4776.164 4782.302 4788.44 4794.476 4799.972 4805.469 4810.965 4816.462 4822.885 4829.868 4836.851 4843.833 4850.91 4858.962 4867.015 4875.067 4883.12 4890.15 4896.345 4902.541 4908.736 4914.92 4920.264 4925.608 4930.952 4936.296
4598.489 4598.633 4598.777 4598.921 4599.259 4599.834 4600.41 4600.985 4601.561 4604.326 4607.299 4610.272 4613.245 4617.562 4624.103 4630.643 4637.183 4643.724 4651.515 4659.543 4667.572 4675.6 4683.137 4689.55 4695.963 4702.376 4708.79 4713.236 4717.089 4720.942 4724.795 4729.164 4735.242 4741.319 4747.397 4753.475 4759.896 4766.469 4773.041 4779.613 4786.026 4791.604 4797.18 4802.757 4808.334 4814.814 4821.84 4828.866 4835.892 4843.052 4851.625 4860.197 4868.77 4877.342 4885.087 4892.156 4899.226 4906.295 4913.344 4919.042 4924.74 4930.438 4936.136
4598.38 4598.561 4598.742 4598.922 4599.323 4599.994 4600.664 4601.334 4602.004 4604.747 4607.687 4610.627 4613.567 4617.767 4624.049 4630.332 4636.614 4642.897 4650.325 4657.971 4665.616 4673.262 4680.352 4686.171 4691.991 4697.81 4703.63 4707.549 4710.894 4714.239 4717.583 4721.41 4726.83 4732.249 4737.669 4743.089 4749.302 4755.862 4762.421 4768.982 4775.448 4781.421 4787.394 4793.367 4799.339 4805.989 4813.048 4820.107 4827.166 4834.365 4843.035 4851.706 4860.376 4869.046 4877.092 4884.627 4892.163 4899.699 4907.214 4913.358 4919.502 4925.646 4931.79
4598.271 4598.489 4598.708 4598.926 4599.389 4600.15 4600.911 4601.673 4602.434 4605.111 4607.971 4610.83 4613.69 4617.742 4623.768 4629.793 4635.818 4641.844 4648.915 4656.186 4663.456 4670.726 4677.395 4682.689 4687.983 4693.278 4698.572 4702.027 4704.927 4707.827 4710.728 4714.038 4718.707 4723.376 4728.045 4732.715 4738.658 4745.159 4751.66 4758.161 4764.646 4771.048 4777.45 4783.852 4790.253 4797.084 4804.175 4811.267 4818.357 4825.591 4834.315 4843.039 4851.763 4860.487 4868.79 4876.749 4884.708 4892.667 4900.606 4907.206 4913.806 4920.405 4927.005
4598.162 4598.418 4598.674 4598.93 4599.454 4600.306 4601.159 4602.011 4602.864 4605.476 4608.254 4611.034 4613.813 4617.718 4623.486 4629.254 4635.022 4640.791 4647.505 4654.401 4661.295 4668.191 4674.438 4679.208 4683.976 4688.745 4693.514 4696.506 4698.961 4701.416 4703.871 4706.666 4710.584 4714.503 4718.422 4722.341 4728.015 4734.457 4740.899 4747.341 4753.845 4760.675 4767.506 4774.336 4781.167 4788.18 4795.303 4802.426 4809.55 4816.817 4825.594 4834.372 4843.149 4851.927 4860.487 4868.87 4877.252 4885.635 4893.999 4901.054 4908.109 4915.164 4922.22
4598.053 4598.346 4598.64 4598.934 4599.519 4600.463 4601.406 4602.35 4603.293 4605.84 4608.539 4611.237 4613.936 4617.694 4623.205 4628.716 4634.226 4639.737 4646.096 4652.616 4659.135 4665.655 4671.482 4675.726 4679.969 4684.212 4688.456 4690.984 4692.994 4695.004 4697.015 4699.293 4702.462 4705.63 4708.798 4711.967 4717.371 4723.754 4730.137 4736.521 4743.043 4750.303 4757.562 4764.821 4772.081 4779.275 4786.431 4793.586 4800.742 4808.042 4816.874 4825.705 4834.536 4843.368 4852.185 4860.991 4869.797 4878.603 4887.391 4894.901 4902.413 4909.923 4917.435
4597.919 4598.225 4598.531 4598.837 4599.433 4600.385 4601.337 4602.289 4603.241 4605.621 4608.136 4610.652 4613.167 4616.736 4622.045 4627.354 4632.664 4637.973 4644.111 4650.407 4656.703 4662.999 4668.588 4672.563 4676.539 4680.514 4684.49 4686.798 4688.603 4690.407 4692.211 4694.191 4696.751 4699.312 4701.872 4704.432 4709.427 4715.488 4721.55 4727.611 4733.917 4741.518 4749.118 4756.718 4764.318 4771.639 4778.79 4785.942 4793.093 4800.376 4809.034 4817.692 4826.35 4835.008 4843.871 4852.9 4861.931 4870.96 4879.974 4887.855 4895.738 4903.62 4911.501
4597.736 4598.004 4598.273 4598.541 4599.047 4599.843 4600.64 4601.437 4602.233 4604.247 4606.376 4608.506 4610.636 4613.93 4619.147 4624.366 4629.583 4634.802 4640.989 4647.359 4653.73 4660.101 4665.816 4670.033 4674.25 4678.466 4682.683 4685.253 4687.326 4689.398 4691.471 4693.581 4695.814 4698.047 4700.28 4702.513 4706.823 4712.043 4717.263 4722.483 4728.108 4735.875 4743.641 4751.407 4759.173 4766.51 4773.586 4780.663 4787.739 4794.899 4802.935 4810.971 4819.008 4827.044 4835.533 4844.391 4853.25 4862.108 4870.955 4879.041 4887.126 4895.212 4903.298
4597.553 4597.784 4598.015 4598.246 4598.661 4599.302 4599.943 4600.584 4601.225 4602.873 4604.617 4606.361 4608.104 4611.123 4616.25 4621.377 4626.504 4631.631 4637.866 4644.313 4650.758 4657.204 4663.044 4667.502 4671.96 4676.418 4680.876 4683.708 4686.049 4688.39 4690.73 4692.97 4694.876 4696.782 4698.688 4700.594 4704.22 4708.598 4712.976 4717.354 4722.299 4730.231 4738.164 4746.097 4754.029 4761.381 4768.382 4775.384 4782.385 4789.423 4796.837 4804.251 4811.666 4819.08 4827.195 4835.882 4844.569 4853.255 4861.937 4870.226 4878.516 4886.805 4895.094
4597.371 4597.563 4597.757 4597.95 4598.275 4598.76 4599.246 4599.732 4600.218 4601.5 4602.857 4604.215 4605.573 4608.317 4613.353 4618.389 4623.424 4628.46 4634.744 4641.265 4647.786 4654.307 4660.273 4664.972 4669.671 4674.371 4679.07 4682.164 4684.772 4687.381 4689.989 4692.359 4693.938 4695.518 4697.097 4698.675 4701.616 4705.153 4708.689 4712.226 4716.49 4724.588 4732.687 4740.786 4748.884 4756.252 4763.179 4770.105 4777.031 4783.946 4790.739 4797.531 4804.324 4811.117 4818.858 4827.373 4835.888 4844.403 4852.918 4861.411 4869.904 4878.397 4886.891
4597.188 4597.343 4597.499 4597.655 4597.889 4598.219 4598.549 4598.879 4599.21 4600.126 4601.098 4602.07 4603.042 4605.511 4610.455 4615.4 4620.345 4625.289 4631.622 4638.218 4644.813 4651.409 4657.501 4662.441 4667.382 4672.323 4677.263 4680.619 4683.495 4686.372 4689.249 4691.749 4693.001 4694.253 4695.505 4696.757 4699.013 4701.708 4704.403 4707.098 4710.681 4718.945 4727.21 4735.475 4743.74 4751.124 4757.975 4764.826 4771.677 4778.47 4784.641 4790.811 4796.982 4803.153 4810.521 4818.864 4827.208 4835.551 4843.9 4852.597 4861.293 4869.99 4878.687
