data/zism_data/00123_03_D.txt
ncols         224
nrows         224
[rows 28 to 55 of 224, columns 126 to 188 of 224]
1405.367 1399.434 1391.818 1384.202 1376.586 1368.732 1360.205 1351.677 1343.15 1334.623 1337.417 1344.513 1351.609 1358.705 1365.385 1370.269 1375.152 1380.036 1384.92 1386.324 1385.872 1385.419 1384.967 1383.399 1373.32 1363.241 1353.161 1343.082 1334.318 1326.506 1318.695 1310.883 1303.447 1304.253 1305.06 1305.866 1306.672 1310.972 1318.664 1326.357 1334.05 1341.743 1349.268 1356.788 1364.308 1371.828 1377.963 1382.297 1386.63 1390.964 1395.298 1395.566 1395.375 1395.184 1394.992 1394.466 1393.352 1392.237 1391.122 1390.007 1390.908 1392.234 1393.559
1409.469 1403.614 1396.33 1389.046 1381.763 1374.472 1367.162 1359.851 1352.541 1345.23 1347.571 1353.578 1359.587 1365.595 1371.227 1375.243 1379.258 1383.273 1387.289 1388.366 1387.876 1387.387 1386.897 1385.377 1375.994 1366.612 1357.23 1347.847 1339.332 1331.446 1323.559 1315.673 1308.153 1308.708 1309.262 1309.816 1310.371 1314.258 1321.382 1328.507 1335.631 1342.756 1349.869 1356.982 1364.094 1371.207 1377.109 1381.438 1385.766 1390.095 1394.423 1394.999 1395.151 1395.303 1395.454 1395.221 1394.31 1393.399 1392.488 1391.577 1392.115 1392.958 1393.8
1413.571 1407.794 1400.842 1393.891 1386.94 1380.212 1374.118 1368.025 1361.931 1355.837 1357.724 1362.644 1367.564 1372.484 1377.07 1380.217 1383.364 1386.511 1389.658 1390.409 1389.881 1389.354 1388.827 1387.354 1378.669 1369.983 1361.298 1352.612 1344.347 1336.385 1328.423 1320.462 1312.859 1313.162 1313.464 1313.767 1314.069 1317.544 1324.1 1330.657 1337.213 1343.769 1350.47 1357.176 1363.881 1370.586 1376.256 1380.579 1384.902 1389.225 1393.549 1394.432 1394.927 1395.422 1395.917 1395.976 1395.269 1394.561 1393.854 1393.146 1393.321 1393.682 1394.042
1417.673 1411.973 1405.354 1398.735 1392.117 1385.952 1381.075 1376.198 1371.321 1366.444 1367.878 1371.71 1375.541 1379.373 1382.912 1385.191 1387.469 1389.748 1392.027 1392.451 1391.886 1391.322 1390.757 1389.332 1381.343 1373.354 1365.366 1357.377 1349.361 1341.324 1333.287 1325.251 1317.566 1317.616 1317.667 1317.718 1317.768 1320.83 1326.818 1332.807 1338.795 1344.783 1351.072 1357.37 1363.667 1369.965 1375.402 1379.72 1384.038 1388.356 1392.674 1393.865 1394.703 1395.541 1396.379 1396.731 1396.227 1395.723 1395.22 1394.716 1394.528 1394.406 1394.283
1421.775 1416.153 1409.866 1403.58 1397.293 1391.692 1388.032 1384.372 1380.712 1377.052 1378.032 1380.775 1383.519 1386.262 1388.754 1390.165 1391.575 1392.985 1394.396 1394.494 1393.891 1393.289 1392.687 1391.309 1384.017 1376.726 1369.434 1362.142 1354.375 1346.263 1338.152 1330.04 1322.272 1322.071 1321.869 1321.668 1321.467 1324.116 1329.536 1334.956 1340.376 1345.796 1351.673 1357.564 1363.454 1369.345 1374.549 1378.862 1383.174 1387.486 1391.799 1393.298 1394.479 1395.66 1396.841 1397.485 1397.185 1396.885 1396.585 1396.286 1395.734 1395.13 1394.525
1426.296 1420.276 1413.715 1407.154 1400.593 1394.956 1391.933 1388.911 1385.889 1382.866 1383.557 1385.658 1387.76 1389.861 1391.749 1392.722 1393.694 1394.666 1395.639 1395.547 1394.888 1394.229 1393.569 1392.238 1385.784 1379.33 1372.876 1366.422 1359.347 1351.822 1344.296 1336.771 1329.55 1329.046 1328.542 1328.038 1327.533 1329.678 1334.397 1339.116 1343.834 1348.553 1354.067 1359.605 1365.143 1370.681 1375.605 1379.733 1383.86 1387.987 1392.114 1393.582 1394.75 1395.918 1397.086 1397.674 1397.242 1396.809 1396.376 1395.943 1395.077 1394.119 1393.161
1430.972 1424.377 1417.318 1410.258 1403.199 1397.303 1394.705 1392.106 1389.507 1386.908 1387.37 1388.994 1390.618 1392.242 1393.691 1394.385 1395.078 1395.772 1396.465 1396.234 1395.511 1394.787 1394.064 1392.779 1387.215 1381.651 1376.087 1370.523 1364.303 1357.609 1350.914 1344.219 1337.78 1336.954 1336.128 1335.302 1334.477 1336.082 1340.05 1344.019 1347.987 1351.955 1357.124 1362.33 1367.536 1372.741 1377.368 1381.244 1385.119 1388.994 1392.869 1394.182 1395.205 1396.228 1397.251 1397.654 1396.964 1396.274 1395.584 1394.894 1393.73 1392.467 1391.203
1435.648 1428.478 1420.921 1413.363 1405.805 1399.651 1397.476 1395.301 1393.125 1390.95 1391.182 1392.329 1393.476 1394.623 1395.633 1396.047 1396.462 1396.877 1397.292 1396.922 1396.134 1395.346 1394.558 1393.32 1388.646 1383.972 1379.297 1374.623 1369.259 1363.396 1357.532 1351.668 1346.01 1344.862 1343.715 1342.567 1341.42 1342.486 1345.704 1348.921 1352.139 1355.357 1360.182 1365.055 1369.928 1374.802 1379.131 1382.755 1386.378 1390.001 1393.624 1394.781 1395.66 1396.538 1397.417 1397.634 1396.686 1395.739 1394.792 1393.844 1392.383 1390.814 1389.245
1440.324 1432.58 1424.523 1416.467 1408.411 1401.999 1400.247 1398.495 1396.744 1394.992 1394.995 1395.665 1396.335 1397.005 1397.574 1397.71 1397.846 1397.982 1398.118 1397.61 1396.757 1395.905 1395.053 1393.861 1390.077 1386.292 1382.508 1378.724 1374.216 1369.183 1364.15 1359.117 1354.24 1352.77 1351.301 1349.832 1348.363 1348.89 1351.357 1353.824 1356.291 1358.758 1363.239 1367.78 1372.321 1376.862 1380.894 1384.266 1387.637 1391.008 1394.379 1395.38 1396.114 1396.848 1397.582 1397.613 1396.409 1395.204 1393.999 1392.795 1391.037 1389.162 1387.288
1445.456 1437.12 1428.483 1419.846 1411.21 1404.431 1402.919 1401.406 1399.894 1398.381 1398.168 1398.449 1398.729 1399.01 1399.221 1399.129 1399.037 1398.945 1398.853 1398.25 1397.376 1396.502 1395.627 1394.513 1391.573 1388.632 1385.691 1382.75 1379.059 1374.825 1370.59 1366.355 1362.224 1360.352 1358.48 1356.608 1354.737 1354.708 1356.47 1358.232 1359.995 1361.757 1366.004 1370.325 1374.646 1378.968 1382.757 1385.855 1388.953 1392.05 1395.148 1395.993 1396.584 1397.175 1397.766 1397.636 1396.24 1394.843 1393.447 1392.05 1390.041 1387.902 1385.763
1452.968 1443.952 1434.307 1424.663 1415.018 1407.306 1405.07 1402.834 1400.598 1398.362 1398.0 1398.35 1398.701 1399.051 1399.325 1399.271 1399.216 1399.162 1399.107 1398.647 1397.971 1397.295 1396.619 1395.75 1393.41 1391.069 1388.729 1386.388 1383.313 1379.706 1376.099 1372.491 1368.923 1366.226 1363.529 1360.831 1358.134 1357.462 1358.758 1360.054 1361.35 1362.646 1367.238 1371.93 1376.621 1381.312 1385.142 1387.854 1390.566 1393.278 1395.99 1396.675 1397.132 1397.589 1398.046 1397.885 1396.639 1395.392 1394.146 1392.9 1390.876 1388.689 1386.502
1460.48 1450.784 1440.131 1429.479 1418.827 1410.182 1407.222 1404.262 1401.302 1398.342 1397.832 1398.252 1398.672 1399.092 1399.429 1399.412 1399.395 1399.379 1399.362 1399.044 1398.566 1398.089 1397.611 1396.987 1395.247 1393.507 1391.767 1390.026 1387.568 1384.587 1381.607 1378.627 1375.623 1372.1 1368.577 1365.055 1361.532 1360.217 1361.046 1361.875 1362.705 1363.534 1368.473 1373.534 1378.595 1383.656 1387.528 1389.854 1392.179 1394.505 1396.831 1397.357 1397.68 1398.003 1398.326 1398.134 1397.038 1395.942 1394.845 1393.749 1391.712 1389.476 1387.241
1467.993 1457.616 1445.956 1434.296 1422.636 1413.057 1409.373 1405.69 1402.006 1398.323 1397.663 1398.153 1398.643 1399.132 1399.534 1399.554 1399.575 1399.595 1399.616 1399.441 1399.162 1398.882 1398.603 1398.224 1397.084 1395.944 1394.804 1393.665 1391.822 1389.469 1387.115 1384.762 1382.322 1377.974 1373.626 1369.278 1364.929 1362.971 1363.334 1363.697 1364.06 1364.423 1369.707 1375.138 1380.569 1386.0 1389.913 1391.853 1393.793 1395.733 1397.673 1398.039 1398.228 1398.417 1398.606 1398.383 1397.437 1396.491 1395.544 1394.598 1392.547 1390.264 1387.98
1475.505 1464.448 1451.78 1439.112 1426.445 1415.932 1411.525 1407.117 1402.71 1398.303 1397.495 1398.054 1398.614 1399.173 1399.638 1399.696 1399.754 1399.812 1399.87 1399.838 1399.757 1399.676 1399.595 1399.46 1398.921 1398.382 1397.842 1397.303 1396.076 1394.35 1392.624 1390.898 1389.022 1383.848 1378.674 1373.501 1368.327 1365.725 1365.622 1365.519 1365.415 1365.312 1370.942 1376.743 1382.543 1388.344 1392.298 1393.852 1395.406 1396.96 1398.514 1398.721 1398.776 1398.831 1398.885 1398.632 1397.836 1397.04 1396.244 1395.447 1393.383 1391.051 1388.719
1479.948 1468.781 1455.812 1442.843 1429.875 1418.918 1413.66 1408.402 1403.145 1397.887 1396.81 1397.322 1397.834 1398.346 1398.77 1398.814 1398.859 1398.904 1398.949 1399.064 1399.216 1399.368 1399.521 1399.624 1399.355 1399.087 1398.818 1398.549 1397.311 1395.369 1393.427 1391.486 1389.365 1383.322 1377.278 1371.234 1365.191 1362.089 1361.846 1361.603 1361.36 1361.117 1367.591 1374.265 1380.94 1387.614 1392.1 1393.74 1395.381 1397.021 1398.661 1398.85 1398.876 1398.901 1398.926 1398.706 1398.054 1397.401 1396.749 1396.097 1394.069 1391.753 1389.436
1482.268 1471.386 1458.605 1445.824 1433.043 1421.98 1415.784 1409.589 1403.393 1397.197 1395.769 1396.152 1396.535 1396.918 1397.229 1397.225 1397.222 1397.219 1397.215 1397.481 1397.891 1398.3 1398.709 1399.045 1398.82 1398.594 1398.368 1398.142 1396.459 1393.719 1390.978 1388.238 1385.314 1378.37 1371.426 1364.482 1357.537 1354.036 1353.878 1353.721 1353.563 1353.406 1361.069 1368.966 1376.863 1384.76 1390.115 1392.168 1394.221 1396.274 1398.327 1398.597 1398.665 1398.734 1398.802 1398.659 1398.146 1397.633 1397.12 1396.607 1394.653 1392.395 1390.138
1484.588 1473.992 1461.399 1448.805 1436.212 1425.042 1417.909 1410.775 1403.641 1396.507 1394.727 1394.982 1395.236 1395.491 1395.688 1395.636 1395.584 1395.533 1395.481 1395.898 1396.565 1397.232 1397.898 1398.467 1398.284 1398.101 1397.918 1397.735 1395.607 1392.068 1388.529 1384.99 1381.263 1373.418 1365.574 1357.729 1349.884 1345.982 1345.91 1345.839 1345.767 1345.695 1354.548 1363.667 1372.786 1381.905 1388.131 1390.596 1393.062 1395.528 1397.994 1398.344 1398.455 1398.566 1398.677 1398.613 1398.239 1397.865 1397.492 1397.118 1395.237 1393.038 1390.839
1486.908 1476.598 1464.192 1451.786 1439.38 1428.105 1420.033 1411.961 1403.889 1395.817 1393.686 1393.812 1393.937 1394.063 1394.147 1394.047 1393.947 1393.847 1393.748 1394.315 1395.239 1396.163 1397.087 1397.888 1397.748 1397.608 1397.468 1397.328 1394.755 1390.417 1386.079 1381.741 1377.212 1368.467 1359.721 1350.976 1342.23 1337.928 1337.942 1337.957 1337.971 1337.985 1348.026 1358.368 1368.709 1379.05 1386.146 1389.025 1391.903 1394.782 1397.66 1398.091 1398.245 1398.399 1398.553 1398.566 1398.332 1398.097 1397.863 1397.629 1395.82 1393.681 1391.541
1489.036 1479.016 1466.803 1454.589 1442.376 1431.002 1422.009 1413.016 1404.023 1395.03 1392.537 1392.516 1392.494 1392.471 1392.424 1392.268 1392.113 1391.957 1391.801 1392.519 1393.703 1394.887 1396.071 1397.106 1397.007 1396.909 1396.81 1396.711 1393.696 1388.568 1383.44 1378.312 1372.989 1363.391 1353.793 1344.195 1334.597 1329.922 1330.029 1330.137 1330.244 1330.352 1341.556 1353.091 1364.626 1376.161 1384.113 1387.406 1390.7 1393.993 1397.286 1397.802 1398.003 1398.205 1398.407 1398.501 1398.406 1398.311 1398.216 1398.121 1396.386 1394.306 1392.227
1482.616 1473.087 1461.276 1449.464 1437.653 1426.533 1417.374 1408.214 1399.055 1389.896 1386.628 1385.598 1384.568 1383.538 1382.596 1382.033 1381.469 1380.906 1380.343 1381.171 1382.741 1384.311 1385.881 1387.253 1387.111 1386.969 1386.827 1386.686 1383.411 1377.865 1372.318 1366.772 1361.105 1352.788 1344.471 1336.154 1327.837 1324.014 1324.556 1325.097 1325.639 1326.181 1337.345 1348.827 1360.309 1371.79 1379.931 1383.728 1387.525 1391.322 1395.12 1395.922 1396.386 1396.851 1397.315 1397.625 1397.664 1397.703 1397.742 1397.781 1396.154 1394.176 1392.198
1476.195 1467.158 1455.748 1444.339 1432.93 1422.064 1412.738 1403.413 1394.087 1384.762 1380.717 1378.68 1376.642 1374.604 1372.768 1371.797 1370.826 1369.856 1368.885 1369.823 1371.779 1373.735 1375.691 1377.399 1377.214 1377.03 1376.845 1376.66 1373.125 1367.161 1361.196 1355.232 1349.221 1342.185 1335.149 1328.114 1321.078 1318.106 1319.082 1320.058 1321.034 1322.01 1333.135 1344.563 1355.991 1367.419 1375.748 1380.05 1384.351 1388.652 1392.953 1394.042 1394.77 1395.497 1396.224 1396.75 1396.923 1397.096 1397.269 1397.442 1395.922 1394.046 1392.17
1469.775 1461.229 1450.221 1439.214 1428.207 1417.594 1408.103 1398.611 1389.12 1379.628 1374.807 1371.762 1368.716 1365.671 1362.94 1361.562 1360.183 1358.805 1357.427 1358.475 1360.817 1363.159 1365.501 1367.545 1367.318 1367.09 1366.863 1366.635 1362.839 1356.457 1350.074 1343.692 1337.337 1331.582 1325.828 1320.073 1314.318 1312.198 1313.608 1315.018 1316.429 1317.839 1328.925 1340.299 1351.673 1363.048 1371.566 1376.371 1381.176 1385.981 1390.786 1392.163 1393.153 1394.142 1395.132 1395.874 1396.181 1396.488 1396.795 1397.102 1395.69 1393.916 1392.142
1463.354 1455.299 1444.694 1434.089 1423.483 1413.125 1403.467 1393.81 1384.152 1374.494 1368.897 1364.844 1360.791 1356.737 1353.111 1351.326 1349.54 1347.755 1345.969 1347.127 1349.855 1352.583 1355.311 1357.692 1357.421 1357.151 1356.88 1356.61 1352.554 1345.753 1338.952 1332.152 1325.452 1320.979 1316.506 1312.032 1307.559 1306.29 1308.135 1309.979 1311.823 1313.668 1324.714 1336.035 1347.356 1358.677 1367.384 1372.693 1378.001 1383.31 1388.619 1390.283 1391.536 1392.788 1394.041 1394.999 1395.44 1395.881 1396.322 1396.763 1395.458 1393.786 1392.114
1452.441 1444.809 1434.696 1424.582 1414.469 1404.529 1395.084 1385.638 1376.193 1366.747 1360.902 1356.426 1351.949 1347.473 1343.478 1341.56 1339.641 1337.722 1335.803 1336.906 1339.619 1342.333 1345.047 1347.435 1347.345 1347.255 1347.165 1347.074 1343.441 1337.239 1331.036 1324.834 1318.761 1315.538 1312.314 1309.09 1305.866 1305.436 1307.72 1310.003 1312.287 1314.57 1325.186 1336.051 1346.915 1357.78 1366.238 1371.568 1376.898 1382.228 1387.558 1389.281 1390.598 1391.914 1393.23 1394.261 1394.79 1395.319 1395.848 1396.377 1395.307 1393.902 1392.496
1436.091 1428.801 1419.288 1409.775 1400.262 1390.941 1382.166 1373.39 1364.615 1355.839 1350.385 1346.192 1342.0 1337.808 1334.081 1332.361 1330.64 1328.92 1327.199 1328.046 1330.261 1332.476 1334.691 1336.691 1337.051 1337.411 1337.771 1338.132 1335.747 1331.373 1326.998 1322.624 1318.352 1316.34 1314.328 1312.315 1310.303 1310.695 1313.424 1316.152 1318.88 1321.609 1331.322 1341.243 1351.164 1361.085 1368.765 1373.533 1378.3 1383.067 1387.834 1389.341 1390.481 1391.62 1392.759 1393.689 1394.25 1394.811 1395.372 1395.933 1395.255 1394.316 1393.377
1419.742 1412.794 1403.881 1394.968 1386.055 1377.353 1369.247 1361.142 1353.037 1344.931 1339.867 1335.959 1332.051 1328.143 1324.684 1323.162 1321.64 1320.118 1318.596 1319.186 1320.902 1322.619 1324.336 1325.947 1326.758 1327.568 1328.378 1329.189 1328.053 1325.507 1322.96 1320.413 1317.943 1317.142 1316.341 1315.54 1314.74 1315.955 1319.128 1322.301 1325.474 1328.648 1337.457 1346.435 1355.413 1364.391 1371.293 1375.497 1379.701 1383.906 1388.11 1389.401 1390.364 1391.326 1392.288 1393.117 1393.71 1394.303 1394.897 1395.49 1395.203 1394.73 1394.257
1403.393 1396.786 1388.473 1380.161 1371.848 1363.764 1356.329 1348.894 1341.458 1334.023 1329.35 1325.726 1322.101 1318.477 1315.287 1313.963 1312.639 1311.316 1309.992 1310.326 1311.544 1312.762 1313.98 1315.203 1316.464 1317.724 1318.985 1320.246 1320.359 1319.641 1318.922 1318.203 1317.534 1317.944 1318.355 1318.766 1319.176 1321.214 1324.832 1328.45 1332.069 1335.687 1343.593 1351.627 1359.662 1367.696 1373.82 1377.462 1381.103 1384.745 1388.386 1389.461 1390.247 1391.032 1391.818 1392.545 1393.17 1393.796 1394.421 1395.047 1395.15 1395.144 1395.137
1387.043 1380.778 1373.066 1365.353 1357.641 1350.176 1343.411 1336.646 1329.88 1323.115 1318.832 1315.492 1312.152 1308.812 1305.89 1304.764 1303.639 1302.514 1301.388 1301.466 1302.186 1302.905 1303.625 1304.459 1306.17 1307.881 1309.592 1311.303 1312.665 1313.775 1314.884 1315.993 1317.124 1318.746 1320.369 1321.991 1323.613 1326.473 1330.536 1334.599 1338.663 1342.726 1349.729 1356.82 1363.911 1371.001 1376.348 1379.426 1382.505 1385.583 1388.662 1389.521 1390.13 1390.738 1391.347 1391.973 1392.631 1393.288 1393.946 1394.603 1395.098 1395.558 1396.018
