data/zism_data/00129_02_D.txt
ncols         224
nrows         224
[rows 28 to 55 of 224, columns 0 to 62 of 224]
3775.86 3775.045 3774.23 3773.427 3772.637 3771.846 3771.056 3770.266 3769.06 3767.822 3766.583 3765.345 3763.567 3760.952 3758.336 3755.72 3753.105 3749.798 3746.373 3742.949 3739.524 3736.163 3732.936 3729.71 3726.483 3723.256 3720.523 3717.926 3715.33 3712.733 3710.691 3710.346 3710.0 3709.655 3709.309 3709.669 3710.318 3710.967 3711.615 3712.991 3717.818 3722.646 3727.473 3732.3 3737.789 3743.652 3749.516 3755.38 3761.036 3764.861 3768.685 3772.51 3776.334 3779.509 3782.185 3784.861 3787.537 3790.167 3791.239 3792.311 3793.384 3794.456 3795.123
3776.595 3776.099 3775.603 3775.21 3774.938 3774.667 3774.395 3774.123 3773.26 3772.351 3771.442 3770.533 3768.981 3766.43 3763.88 3761.329 3758.778 3755.614 3752.346 3749.078 3745.811 3742.454 3738.909 3735.364 3731.819 3728.273 3725.314 3722.518 3719.721 3716.925 3714.725 3714.347 3713.969 3713.591 3713.213 3713.526 3714.12 3714.715 3715.31 3716.558 3720.91 3725.262 3729.615 3733.967 3739.042 3744.527 3750.013 3755.499 3760.83 3764.795 3768.76 3772.725 3776.689 3779.91 3782.559 3785.208 3787.857 3790.459 3791.466 3792.474 3793.481 3794.489 3795.155
3777.33 3777.153 3776.975 3776.994 3777.24 3777.487 3777.734 3777.98 3777.46 3776.881 3776.301 3775.721 3774.396 3771.909 3769.423 3766.937 3764.451 3761.431 3758.319 3755.208 3752.097 3748.746 3744.882 3741.018 3737.154 3733.291 3730.106 3727.11 3724.114 3721.117 3718.758 3718.348 3717.938 3717.527 3717.117 3717.382 3717.923 3718.463 3719.004 3720.125 3724.002 3727.879 3731.756 3735.633 3740.295 3745.403 3750.51 3755.618 3760.624 3764.729 3768.834 3772.94 3777.045 3780.312 3782.934 3785.555 3788.177 3790.751 3791.693 3792.636 3793.579 3794.522 3795.187
3778.116 3778.247 3778.377 3778.798 3779.553 3780.309 3781.065 3781.821 3781.641 3781.389 3781.136 3780.884 3779.781 3777.356 3774.931 3772.506 3770.081 3767.195 3764.23 3761.265 3758.301 3754.952 3750.783 3746.614 3742.445 3738.276 3734.878 3731.695 3728.511 3725.327 3722.819 3722.377 3721.935 3721.493 3721.051 3721.269 3721.757 3722.245 3722.733 3723.732 3727.16 3730.588 3734.016 3737.444 3741.715 3746.464 3751.213 3755.963 3760.659 3764.887 3769.116 3773.344 3777.572 3780.868 3783.447 3786.025 3788.603 3791.132 3792.007 3792.882 3793.758 3794.633 3795.296
3779.734 3779.999 3780.264 3780.925 3782.042 3783.16 3784.278 3785.395 3785.512 3785.552 3785.591 3785.63 3784.704 3782.28 3779.854 3777.429 3775.004 3772.104 3769.123 3766.142 3763.162 3759.774 3755.519 3751.264 3747.008 3742.753 3739.345 3736.172 3732.999 3729.826 3727.321 3726.857 3726.393 3725.929 3725.466 3725.655 3726.11 3726.566 3727.022 3727.99 3731.397 3734.803 3738.21 3741.616 3745.851 3750.557 3755.263 3759.969 3764.611 3768.683 3772.755 3776.826 3780.898 3783.949 3786.214 3788.479 3790.744 3792.966 3793.728 3794.49 3795.251 3796.013 3796.65
3781.351 3781.751 3782.152 3783.052 3784.531 3786.011 3787.49 3788.969 3789.383 3789.714 3790.045 3790.375 3789.628 3787.203 3784.778 3782.353 3779.927 3777.013 3774.016 3771.019 3768.022 3764.596 3760.255 3755.913 3751.572 3747.23 3743.811 3740.649 3737.487 3734.325 3731.822 3731.337 3730.851 3730.366 3729.881 3730.041 3730.464 3730.887 3731.31 3732.249 3735.633 3739.018 3742.403 3745.788 3749.988 3754.651 3759.313 3763.976 3768.563 3772.479 3776.394 3780.309 3784.224 3787.03 3788.981 3790.933 3792.885 3794.8 3795.448 3796.096 3796.745 3797.393 3798.005
3782.968 3783.503 3784.039 3785.179 3787.021 3788.862 3790.703 3792.544 3793.254 3793.877 3794.499 3795.121 3794.551 3792.126 3789.701 3787.276 3784.851 3781.923 3778.91 3775.896 3772.883 3769.419 3764.991 3760.563 3756.135 3751.706 3748.277 3745.126 3741.975 3738.823 3736.323 3735.817 3735.31 3734.803 3734.296 3734.427 3734.817 3735.208 3735.599 3736.507 3739.87 3743.233 3746.596 3749.96 3754.124 3758.744 3763.363 3767.983 3772.515 3776.274 3780.032 3783.791 3787.55 3790.11 3791.749 3793.388 3795.026 3796.633 3797.168 3797.703 3798.238 3798.773 3799.36
3784.585 3785.256 3785.926 3787.307 3789.51 3791.713 3793.916 3796.118 3797.125 3798.039 3798.953 3799.867 3799.474 3797.049 3794.624 3792.199 3789.774 3786.832 3783.803 3780.773 3777.744 3774.241 3769.727 3765.212 3760.698 3756.183 3752.744 3749.603 3746.463 3743.322 3740.825 3740.297 3739.768 3739.24 3738.711 3738.813 3739.171 3739.529 3739.888 3740.765 3744.106 3747.448 3750.79 3754.132 3758.26 3762.837 3767.414 3771.99 3776.468 3780.07 3783.672 3787.274 3790.876 3793.191 3794.517 3795.842 3797.167 3798.467 3798.889 3799.31 3799.732 3800.154 3800.714
3786.49 3787.343 3788.196 3789.903 3792.597 3795.292 3797.986 3800.68 3801.834 3802.867 3803.901 3804.935 3804.535 3801.907 3799.28 3796.652 3794.024 3790.933 3787.763 3784.594 3781.424 3777.842 3773.379 3768.917 3764.454 3759.991 3756.677 3753.682 3750.688 3747.694 3745.286 3744.674 3744.062 3743.45 3742.837 3742.888 3743.208 3743.528 3743.849 3744.68 3747.941 3751.202 3754.463 3757.724 3761.735 3766.173 3770.61 3775.048 3779.382 3782.799 3786.216 3789.634 3793.051 3795.177 3796.311 3797.444 3798.578 3799.69 3800.083 3800.475 3800.868 3801.261 3801.847
3788.658 3789.738 3790.818 3792.929 3796.234 3799.538 3802.843 3806.147 3807.31 3808.306 3809.302 3810.297 3809.723 3806.707 3803.69 3800.673 3797.656 3794.292 3790.869 3787.445 3784.022 3780.324 3776.039 3771.755 3767.47 3763.185 3760.122 3757.397 3754.673 3751.948 3749.709 3748.957 3748.204 3747.452 3746.699 3746.678 3746.955 3747.232 3747.51 3748.282 3751.408 3754.534 3757.66 3760.786 3764.604 3768.814 3773.025 3777.236 3781.344 3784.551 3787.758 3790.964 3794.171 3796.16 3797.213 3798.265 3799.318 3800.353 3800.794 3801.235 3801.677 3802.118 3802.777
3790.826 3792.133 3793.44 3795.956 3799.87 3803.785 3807.699 3811.614 3812.786 3813.744 3814.702 3815.66 3814.911 3811.505 3808.1 3804.694 3801.289 3797.651 3793.974 3790.297 3786.62 3782.806 3778.699 3774.593 3770.486 3766.38 3763.566 3761.112 3758.657 3756.202 3754.133 3753.24 3752.347 3751.454 3750.561 3750.469 3750.702 3750.936 3751.17 3751.884 3754.875 3757.866 3760.857 3763.847 3767.472 3771.456 3775.439 3779.423 3783.307 3786.303 3789.299 3792.295 3795.291 3797.143 3798.115 3799.086 3800.058 3801.015 3801.505 3801.995 3802.485 3802.975 3803.707
3792.994 3794.528 3796.062 3798.982 3803.507 3808.032 3812.556 3817.081 3818.262 3819.183 3820.103 3821.023 3820.098 3816.304 3812.51 3808.716 3804.922 3801.01 3797.079 3793.148 3789.218 3785.287 3781.359 3777.431 3773.503 3769.574 3767.011 3764.826 3762.642 3760.457 3758.556 3757.523 3756.49 3755.456 3754.423 3754.259 3754.45 3754.64 3754.831 3755.486 3758.342 3761.198 3764.053 3766.909 3770.34 3774.097 3777.854 3781.611 3785.27 3788.055 3790.841 3793.626 3796.412 3798.126 3799.017 3799.907 3800.798 3801.678 3802.217 3802.755 3803.294 3803.832 3804.636
3795.162 3796.923 3798.683 3802.009 3807.144 3812.278 3817.413 3822.548 3823.739 3824.621 3825.503 3826.386 3825.286 3821.103 3816.92 3812.737 3808.554 3804.369 3800.185 3796.0 3791.815 3787.769 3784.019 3780.269 3776.519 3772.769 3770.455 3768.541 3766.626 3764.711 3762.979 3761.806 3760.632 3759.458 3758.285 3758.049 3758.197 3758.344 3758.492 3759.087 3761.808 3764.529 3767.25 3769.971 3773.208 3776.738 3780.269 3783.799 3787.232 3789.807 3792.382 3794.957 3797.532 3799.109 3799.919 3800.728 3801.538 3802.341 3802.928 3803.515 3804.102 3804.689 3805.566
3800.192 3802.897 3805.603 3809.506 3814.793 3820.081 3825.368 3830.655 3831.343 3831.671 3832.0 3832.328 3830.61 3825.708 3820.807 3815.905 3811.003 3806.457 3801.97 3797.484 3792.997 3788.874 3785.525 3782.177 3778.829 3775.48 3773.399 3771.669 3769.939 3768.209 3766.591 3765.314 3764.038 3762.761 3761.484 3761.094 3761.065 3761.036 3761.008 3761.409 3763.851 3766.293 3768.736 3771.178 3774.091 3777.272 3780.453 3783.635 3786.738 3789.15 3791.562 3793.974 3796.386 3797.947 3798.851 3799.755 3800.659 3801.553 3802.125 3802.697 3803.269 3803.841 3804.621
3805.263 3808.924 3812.586 3817.069 3822.502 3827.935 3833.368 3838.801 3838.979 3838.746 3838.512 3838.279 3835.936 3830.311 3824.686 3819.06 3813.435 3808.525 3803.736 3798.947 3794.159 3789.958 3787.015 3784.071 3781.128 3778.184 3776.334 3774.788 3773.242 3771.696 3770.191 3768.812 3767.432 3766.053 3764.674 3764.127 3763.92 3763.713 3763.506 3763.711 3765.873 3768.034 3770.196 3772.357 3774.945 3777.775 3780.605 3783.436 3786.207 3788.457 3790.708 3792.958 3795.208 3796.752 3797.753 3798.755 3799.756 3800.745 3801.3 3801.856 3802.412 3802.967 3803.649
3810.334 3814.951 3819.569 3824.632 3830.211 3835.79 3841.368 3846.947 3846.615 3845.82 3845.025 3844.23 3841.262 3834.913 3828.564 3822.216 3815.867 3810.593 3805.502 3800.411 3795.32 3791.042 3788.504 3785.966 3783.427 3780.889 3779.271 3777.908 3776.545 3775.183 3773.791 3772.309 3770.827 3769.345 3767.863 3767.16 3766.775 3766.39 3766.005 3766.014 3767.895 3769.775 3771.656 3773.537 3775.799 3778.278 3780.757 3783.237 3785.676 3787.764 3789.853 3791.941 3794.029 3795.558 3796.656 3797.755 3798.854 3799.936 3800.475 3801.015 3801.554 3802.094 3802.677
3815.405 3820.978 3826.551 3832.194 3837.919 3843.644 3849.368 3855.093 3854.25 3852.894 3851.538 3850.181 3846.588 3839.516 3832.443 3825.371 3818.298 3812.661 3807.268 3801.875 3796.481 3792.127 3789.993 3787.86 3785.726 3783.593 3782.206 3781.027 3779.849 3778.67 3777.391 3775.806 3774.222 3772.637 3771.052 3770.193 3769.63 3769.067 3768.503 3768.316 3769.916 3771.516 3773.116 3774.716 3776.653 3778.781 3780.909 3783.038 3785.146 3787.072 3788.998 3790.924 3792.85 3794.364 3795.559 3796.755 3797.951 3799.127 3799.65 3800.174 3800.697 3801.22 3801.704
3822.293 3828.574 3834.855 3840.818 3846.412 3852.005 3857.599 3863.193 3861.926 3860.122 3858.318 3856.514 3852.351 3844.519 3836.687 3828.854 3821.021 3814.956 3809.19 3803.423 3797.657 3793.177 3791.443 3789.71 3787.977 3786.243 3785.044 3783.992 3782.941 3781.89 3780.681 3778.989 3777.297 3775.605 3773.913 3772.926 3772.226 3771.525 3770.825 3770.471 3771.764 3773.056 3774.349 3775.641 3777.275 3779.103 3780.932 3782.76 3784.584 3786.373 3788.161 3789.949 3791.738 3793.216 3794.456 3795.695 3796.935 3798.154 3798.698 3799.241 3799.785 3800.328 3800.762
3831.406 3838.092 3844.778 3850.74 3855.864 3860.989 3866.113 3871.237 3869.649 3867.538 3865.427 3863.315 3858.65 3850.013 3841.376 3832.739 3824.102 3817.527 3811.302 3805.077 3798.852 3794.184 3792.845 3791.506 3790.167 3788.827 3787.76 3786.768 3785.777 3784.785 3783.593 3781.787 3779.982 3778.177 3776.371 3775.289 3774.503 3773.716 3772.929 3772.445 3773.397 3774.35 3775.302 3776.254 3777.613 3779.204 3780.795 3782.385 3783.985 3785.666 3787.346 3789.027 3790.707 3792.126 3793.344 3794.562 3795.78 3796.98 3797.589 3798.197 3798.805 3799.414 3799.856
3840.519 3847.611 3854.702 3860.663 3865.317 3869.972 3874.626 3879.281 3877.374 3874.955 3872.535 3870.116 3864.948 3855.507 3846.065 3836.624 3827.182 3820.098 3813.414 3806.73 3800.046 3795.192 3794.247 3793.302 3792.356 3791.411 3790.476 3789.544 3788.612 3787.679 3786.504 3784.585 3782.667 3780.748 3778.829 3777.653 3776.78 3775.907 3775.034 3774.419 3775.031 3775.643 3776.255 3776.867 3777.952 3779.305 3780.658 3782.011 3783.386 3784.959 3786.531 3788.104 3789.677 3791.036 3792.233 3793.429 3794.625 3795.807 3796.48 3797.153 3797.826 3798.499 3798.951
3849.633 3857.129 3864.625 3870.585 3874.77 3878.955 3883.139 3887.324 3885.098 3882.371 3879.644 3876.917 3871.247 3861.001 3850.755 3840.509 3830.262 3822.669 3815.527 3808.383 3801.24 3796.199 3795.648 3795.097 3794.546 3793.996 3793.193 3792.32 3791.447 3790.574 3789.415 3787.383 3785.351 3783.319 3781.287 3780.016 3779.057 3778.098 3777.138 3776.393 3776.665 3776.937 3777.208 3777.48 3778.29 3779.406 3780.521 3781.637 3782.788 3784.252 3785.717 3787.181 3788.646 3789.947 3791.121 3792.296 3793.471 3794.633 3795.371 3796.108 3796.846 3797.584 3798.045
3858.746 3866.647 3874.548 3880.508 3884.223 3887.938 3891.653 3895.367 3892.822 3889.787 3886.752 3883.717 3877.545 3866.495 3855.444 3844.393 3833.343 3825.241 3817.639 3810.037 3802.435 3797.207 3797.05 3796.893 3796.736 3796.58 3795.909 3795.095 3794.282 3793.468 3792.327 3790.181 3788.035 3785.89 3783.744 3782.38 3781.334 3780.288 3779.243 3778.367 3778.299 3778.23 3778.162 3778.093 3778.628 3779.506 3780.384 3781.262 3782.189 3783.545 3784.902 3786.259 3787.615 3788.857 3790.01 3791.163 3792.316 3793.459 3794.262 3795.064 3795.867 3796.669 3797.139
3868.31 3875.936 3883.562 3889.067 3892.12 3895.172 3898.225 3901.278 3898.285 3894.819 3891.353 3887.887 3881.352 3870.044 3858.737 3847.428 3836.12 3827.997 3820.415 3812.832 3805.249 3800.199 3800.56 3800.92 3801.281 3801.642 3800.96 3799.989 3799.018 3798.047 3796.694 3794.174 3791.654 3789.134 3786.613 3785.096 3783.989 3782.881 3781.774 3780.82 3780.594 3780.367 3780.141 3779.915 3780.223 3780.833 3781.444 3782.055 3782.719 3783.854 3784.989 3786.125 3787.26 3788.382 3789.493 3790.605 3791.717 3792.82 3793.613 3794.407 3795.2 3795.994 3796.481
3877.917 3885.203 3892.489 3897.496 3899.868 3902.24 3904.613 3906.986 3903.532 3899.624 3895.715 3891.806 3884.922 3873.408 3861.896 3850.382 3838.869 3830.771 3823.254 3815.736 3808.218 3803.381 3804.27 3805.16 3806.05 3806.94 3806.234 3805.085 3803.935 3802.786 3801.201 3798.281 3795.361 3792.441 3789.521 3787.846 3786.68 3785.513 3784.346 3783.318 3782.952 3782.585 3782.219 3781.852 3781.937 3782.277 3782.618 3782.959 3783.357 3784.26 3785.163 3786.066 3786.969 3787.965 3789.034 3790.103 3791.171 3792.231 3793.009 3793.786 3794.563 3795.341 3795.846
3887.524 3894.47 3901.416 3905.925 3907.617 3909.309 3911.001 3912.693 3908.78 3904.428 3900.077 3895.726 3888.491 3876.773 3865.054 3853.336 3841.617 3833.546 3826.093 3818.64 3811.187 3806.562 3807.981 3809.4 3810.819 3812.238 3811.508 3810.18 3808.853 3807.525 3805.707 3802.388 3799.068 3795.749 3792.43 3790.597 3789.37 3788.144 3786.918 3785.817 3785.31 3784.803 3784.296 3783.789 3783.65 3783.721 3783.792 3783.863 3783.995 3784.665 3785.336 3786.007 3786.678 3787.549 3788.574 3789.6 3790.625 3791.643 3792.404 3793.165 3793.926 3794.688 3795.211
3897.132 3903.737 3910.342 3914.353 3915.365 3916.377 3917.389 3918.4 3914.027 3909.233 3904.439 3899.645 3892.061 3880.137 3868.213 3856.29 3844.366 3836.32 3828.932 3821.543 3814.155 3809.744 3811.692 3813.64 3815.588 3817.536 3816.781 3815.276 3813.77 3812.264 3810.214 3806.495 3802.776 3799.057 3795.338 3793.347 3792.061 3790.775 3789.49 3788.315 3787.668 3787.021 3786.373 3785.726 3785.364 3785.165 3784.966 3784.767 3784.632 3785.071 3785.51 3785.948 3786.387 3787.133 3788.115 3789.097 3790.079 3791.055 3791.8 3792.544 3793.289 3794.034 3794.577
3905.773 3912.044 3918.315 3921.878 3922.309 3922.74 3923.171 3923.603 3918.731 3913.445 3908.159 3902.874 3895.052 3883.285 3871.519 3859.752 3847.985 3840.162 3833.007 3825.853 3818.698 3814.542 3816.794 3819.045 3821.296 3823.548 3822.763 3821.134 3819.505 3817.876 3815.649 3811.591 3807.534 3803.477 3799.419 3797.165 3795.647 3794.129 3792.611 3791.202 3790.315 3789.427 3788.54 3787.653 3787.062 3786.639 3786.217 3785.795 3785.441 3785.697 3785.952 3786.207 3786.462 3787.088 3787.999 3788.909 3789.82 3790.725 3791.445 3792.166 3792.886 3793.607 3794.16
3912.816 3918.763 3924.71 3927.906 3927.922 3927.937 3927.953 3927.968 3922.535 3916.677 3910.819 3904.961 3897.087 3886.076 3875.065 3864.054 3853.044 3845.769 3839.127 3832.485 3825.844 3822.015 3824.196 3826.377 3828.559 3830.74 3829.914 3828.253 3826.591 3824.93 3822.62 3818.325 3814.03 3809.735 3805.44 3802.749 3800.712 3798.676 3796.64 3794.733 3793.44 3792.148 3790.855 3789.563 3788.732 3788.164 3787.596 3787.028 3786.533 3786.686 3786.838 3786.991 3787.144 3787.657 3788.449 3789.241 3790.033 3790.822 3791.504 3792.187 3792.87 3793.552 3794.105
