data/zism_data/00124_01_D.txt
ncols         224
nrows         224
[rows 0 to 27 of 224, columns 0 to 62 of 224]
981.6166 982.2642 982.9118 983.5594 985.466 987.3912 989.3163 991.2415 994.627 999.911 1005.195 1010.479 1015.763 1024.991 1034.737 1044.482 1054.228 1065.02 1077.904 1090.789 1103.673 1116.558 1133.417 1151.38 1169.343 1187.306 1204.108 1217.062 1230.016 1242.969 1255.923 1267.883 1279.377 1290.872 1302.366 1314.076 1327.224 1340.372 1353.521 1366.669 1378.531 1389.462 1400.393 1411.323 1422.219 1431.942 1441.666 1451.389 1461.112 1471.743 1483.364 1494.985 1506.606 1518.227 1528.989 1539.684 1550.379 1561.073 1564.922 1557.449 1549.975 1542.502 1535.029
978.7173 979.7416 980.766 981.7903 984.1427 986.5146 988.8865 991.2583 995.2287 1001.277 1007.325 1013.374 1019.422 1029.381 1039.854 1050.326 1060.798 1071.911 1084.306 1096.7 1109.095 1121.49 1136.869 1153.077 1169.286 1185.494 1200.903 1213.663 1226.423 1239.183 1251.943 1263.775 1275.173 1286.57 1297.968 1309.631 1323.064 1336.498 1349.931 1363.365 1375.481 1386.644 1397.806 1408.968 1420.1 1430.221 1440.343 1450.464 1460.586 1471.164 1482.242 1493.319 1504.396 1515.474 1525.193 1534.806 1544.419 1554.032 1557.274 1549.978 1542.682 1535.386 1528.09
975.8178 977.2189 978.6201 980.0212 982.8193 985.6379 988.4566 991.2752 995.8304 1002.643 1009.456 1016.269 1023.081 1033.772 1044.97 1056.169 1067.368 1078.802 1090.707 1102.612 1114.517 1126.422 1140.321 1154.775 1169.229 1183.682 1197.698 1210.265 1222.831 1235.397 1247.964 1259.668 1270.968 1282.269 1293.569 1305.185 1318.904 1332.623 1346.342 1360.061 1372.431 1383.825 1395.218 1406.612 1417.98 1428.5 1439.02 1449.54 1460.059 1470.586 1481.12 1491.653 1502.187 1512.72 1521.397 1529.928 1538.459 1546.99 1549.625 1542.506 1535.388 1528.27 1521.152
972.9185 974.6964 976.4743 978.2522 981.496 984.7614 988.0267 991.2921 996.4321 1004.009 1011.586 1019.163 1026.74 1038.162 1050.087 1062.012 1073.938 1085.693 1097.108 1108.523 1119.939 1131.354 1143.773 1156.472 1169.171 1181.87 1194.493 1206.866 1219.239 1231.611 1243.984 1255.56 1266.764 1277.968 1289.171 1300.74 1314.744 1328.748 1342.752 1356.756 1369.381 1381.006 1392.631 1404.256 1415.861 1426.779 1437.697 1448.615 1459.533 1470.007 1479.997 1489.987 1499.977 1509.967 1517.601 1525.05 1532.5 1539.949 1541.976 1535.035 1528.095 1521.154 1514.214
970.1421 972.3768 974.6115 976.8462 980.791 984.761 988.731 992.7009 998.5786 1006.936 1015.294 1023.652 1032.01 1043.595 1055.604 1067.613 1079.621 1091.186 1101.862 1112.539 1123.215 1133.891 1145.098 1156.451 1167.804 1179.157 1190.699 1202.864 1215.03 1227.195 1239.361 1250.871 1262.074 1273.277 1284.48 1296.062 1310.169 1324.276 1338.383 1352.49 1365.306 1377.187 1389.067 1400.947 1412.81 1424.107 1435.404 1446.701 1457.999 1468.496 1478.122 1487.748 1497.373 1506.999 1513.635 1520.039 1526.442 1532.845 1534.319 1527.642 1520.965 1514.288 1507.611
967.6892 970.5914 973.4935 976.3956 981.7134 987.0666 992.4199 997.7731 1004.791 1013.972 1023.153 1032.335 1041.516 1051.774 1062.174 1072.573 1082.972 1092.999 1102.282 1111.564 1120.846 1130.129 1140.821 1151.905 1162.989 1174.073 1185.352 1197.275 1209.198 1221.122 1233.045 1244.65 1256.106 1267.562 1279.018 1290.771 1304.501 1318.232 1331.962 1345.692 1358.534 1370.732 1382.929 1395.127 1407.308 1418.933 1430.559 1442.185 1453.81 1464.531 1474.264 1483.997 1493.73 1503.464 1509.224 1514.675 1520.125 1525.576 1526.641 1520.454 1514.266 1508.079 1501.892
965.2364 968.806 972.3755 975.9451 982.6357 989.3722 996.1087 1002.845 1011.003 1021.008 1031.012 1041.017 1051.022 1059.953 1068.743 1077.533 1086.323 1094.813 1102.701 1110.589 1118.477 1126.366 1136.544 1147.359 1158.174 1168.989 1180.005 1191.686 1203.367 1215.048 1226.729 1238.429 1250.138 1261.847 1273.557 1285.48 1298.834 1312.187 1325.541 1338.894 1351.762 1364.277 1376.792 1389.307 1401.806 1413.76 1425.714 1437.668 1449.622 1460.565 1470.406 1480.247 1490.088 1499.929 1504.814 1509.311 1513.809 1518.307 1518.963 1513.265 1507.568 1501.87 1496.173
962.7835 967.0205 971.2575 975.4945 983.558 991.6779 999.7976 1007.917 1017.215 1028.043 1038.872 1049.7 1060.528 1068.132 1075.313 1082.493 1089.674 1096.626 1103.12 1109.614 1116.109 1122.603 1132.268 1142.813 1153.359 1163.905 1174.658 1186.097 1197.535 1208.974 1220.413 1232.208 1244.17 1256.133 1268.095 1280.189 1293.166 1306.142 1319.119 1332.096 1344.989 1357.822 1370.655 1383.488 1396.304 1408.587 1420.869 1433.151 1445.433 1456.599 1466.548 1476.496 1486.445 1496.394 1500.403 1503.948 1507.493 1511.037 1511.284 1506.077 1500.869 1495.662 1490.454
960.3307 965.2351 970.1395 975.0439 984.4803 993.9834 1003.486 1012.989 1023.427 1035.079 1046.731 1058.383 1070.035 1076.311 1081.882 1087.454 1093.025 1098.439 1103.539 1108.64 1113.74 1118.84 1127.991 1138.268 1148.544 1158.821 1169.311 1180.507 1191.704 1202.901 1214.097 1225.988 1238.203 1250.418 1262.633 1274.898 1287.498 1300.098 1312.698 1325.298 1338.217 1351.367 1364.518 1377.668 1390.803 1403.413 1416.024 1428.634 1441.245 1452.633 1462.69 1472.746 1482.802 1492.858 1495.992 1498.584 1501.176 1503.769 1503.606 1498.889 1494.171 1489.453 1484.735
956.4954 962.0394 967.5834 973.1273 983.8931 994.7357 1005.578 1016.421 1027.882 1040.146 1052.411 1064.676 1076.94 1082.976 1088.195 1093.414 1098.634 1103.493 1107.633 1111.772 1115.912 1120.052 1128.404 1137.926 1147.448 1156.97 1166.676 1176.99 1187.304 1197.618 1207.931 1219.577 1231.846 1244.115 1256.385 1268.691 1281.244 1293.797 1306.351 1318.904 1331.752 1344.815 1357.877 1370.939 1383.992 1396.74 1409.488 1422.236 1434.983 1446.406 1456.383 1466.36 1476.337 1486.314 1488.808 1490.719 1492.629 1494.539 1493.832 1488.796 1483.76 1478.725 1473.689
952.1722 958.346 964.5197 970.6934 982.7731 994.9396 1007.106 1019.273 1031.716 1044.519 1057.322 1070.125 1082.927 1089.107 1094.417 1099.728 1105.039 1109.69 1113.022 1116.355 1119.687 1123.02 1130.472 1139.068 1147.664 1156.26 1164.998 1174.203 1183.408 1192.614 1201.819 1213.1 1225.353 1237.606 1249.859 1262.16 1274.783 1287.407 1300.03 1312.653 1325.397 1338.228 1351.058 1363.889 1376.72 1389.537 1402.355 1415.173 1427.991 1439.38 1449.212 1459.044 1468.875 1478.707 1480.647 1481.97 1483.294 1484.617 1483.317 1477.679 1472.041 1466.402 1460.764
947.849 954.6525 961.4559 968.2593 981.653 995.1437 1008.634 1022.125 1035.55 1048.892 1062.233 1075.574 1088.915 1095.238 1100.64 1106.042 1111.444 1115.887 1118.412 1120.937 1123.463 1125.988 1132.539 1140.21 1147.88 1155.551 1163.32 1171.416 1179.513 1187.609 1195.706 1206.622 1218.859 1231.096 1243.333 1255.629 1268.322 1281.016 1293.709 1306.402 1319.041 1331.641 1344.24 1356.839 1369.447 1382.335 1395.222 1408.11 1420.998 1432.355 1442.041 1451.727 1461.413 1471.099 1472.485 1473.222 1473.958 1474.695 1472.803 1466.562 1460.32 1454.079 1447.838
943.5259 950.959 958.3923 965.8254 980.533 995.3477 1010.162 1024.977 1039.385 1053.264 1067.144 1081.023 1094.902 1101.368 1106.862 1112.356 1117.849 1122.084 1123.802 1125.52 1127.238 1128.955 1134.607 1141.352 1148.096 1154.841 1161.642 1168.63 1175.617 1182.605 1189.593 1200.145 1212.366 1224.586 1236.807 1249.098 1261.862 1274.625 1287.388 1300.152 1312.686 1325.054 1337.422 1349.79 1362.174 1375.132 1388.09 1401.048 1414.005 1425.329 1434.87 1444.411 1453.952 1463.493 1464.323 1464.474 1464.624 1464.774 1462.289 1455.444 1448.6 1441.756 1434.912
939.1804 947.2061 955.2319 963.2577 979.3121 995.4847 1011.657 1027.83 1043.245 1057.677 1072.109 1086.541 1100.973 1107.715 1113.449 1119.183 1124.916 1129.158 1130.417 1131.676 1132.935 1134.193 1139.011 1144.818 1150.625 1156.432 1162.256 1168.14 1174.023 1179.906 1185.79 1196.002 1208.24 1220.478 1232.717 1245.026 1257.809 1270.592 1283.375 1296.158 1308.475 1320.455 1332.434 1344.413 1356.415 1369.187 1381.959 1394.732 1407.504 1418.552 1427.719 1436.886 1446.054 1455.221 1455.519 1455.124 1454.729 1454.334 1451.295 1443.881 1436.469 1429.055 1421.642
934.7474 943.2199 951.6924 960.1649 977.6951 995.3586 1013.022 1030.685 1047.208 1062.248 1077.289 1092.329 1107.369 1114.91 1121.467 1128.024 1134.581 1139.676 1141.844 1144.012 1146.181 1148.349 1152.594 1157.416 1162.238 1167.059 1171.875 1176.671 1181.467 1186.264 1191.06 1201.028 1213.417 1225.806 1238.195 1250.612 1263.217 1275.823 1288.428 1301.034 1312.693 1323.665 1334.638 1345.611 1356.601 1368.184 1379.766 1391.349 1402.932 1412.752 1420.649 1428.546 1436.443 1444.34 1444.191 1443.414 1442.637 1441.86 1438.418 1430.569 1422.72 1414.871 1407.022
930.3143 939.2336 948.1528 957.0721 976.0781 995.2325 1014.387 1033.541 1051.171 1066.82 1082.468 1098.117 1113.765 1122.104 1129.485 1136.866 1144.247 1150.193 1153.271 1156.349 1159.427 1162.505 1166.177 1170.014 1173.851 1177.687 1181.494 1185.203 1188.912 1192.621 1196.33 1206.054 1218.594 1231.133 1243.673 1256.198 1268.626 1281.054 1293.481 1305.909 1316.91 1326.876 1336.842 1346.808 1356.787 1367.18 1377.573 1387.966 1398.36 1406.951 1413.578 1420.205 1426.831 1433.458 1432.863 1431.704 1430.544 1429.385 1425.541 1417.256 1408.971 1400.686 1392.401
925.8813 935.2473 944.6134 953.9793 974.4611 995.1064 1015.752 1036.397 1055.134 1071.391 1087.648 1103.904 1120.161 1129.299 1137.503 1145.707 1153.911 1160.71 1164.698 1168.686 1172.673 1176.661 1179.76 1182.611 1185.463 1188.315 1191.113 1193.735 1196.356 1198.978 1201.6 1211.08 1223.77 1236.461 1249.151 1261.784 1274.034 1286.284 1298.534 1310.785 1321.127 1330.087 1339.047 1348.006 1356.973 1366.177 1375.38 1384.584 1393.788 1401.151 1406.508 1411.864 1417.22 1422.577 1421.535 1419.994 1418.452 1416.911 1412.664 1403.943 1395.222 1386.501 1377.78
921.4482 931.261 941.0738 950.8865 972.8441 994.9803 1017.117 1039.253 1059.097 1075.962 1092.827 1109.692 1126.557 1136.494 1145.521 1154.549 1163.577 1171.228 1176.125 1181.023 1185.92 1190.817 1193.343 1195.209 1197.076 1198.943 1200.732 1202.267 1203.801 1205.335 1206.87 1216.106 1228.947 1241.788 1254.629 1267.37 1279.443 1291.515 1303.588 1315.66 1325.344 1333.298 1341.251 1349.204 1357.159 1365.173 1373.187 1381.201 1389.215 1395.351 1399.437 1403.523 1407.609 1411.695 1410.207 1408.283 1406.36 1404.436 1399.787 1390.63 1381.473 1372.316 1363.159
920.2034 930.3804 940.5574 950.7343 973.3744 996.1978 1019.021 1041.844 1062.329 1079.774 1097.218 1114.663 1132.107 1142.69 1152.372 1162.055 1171.738 1180.222 1186.309 1192.396 1198.482 1204.569 1207.138 1208.731 1210.323 1211.915 1213.226 1213.609 1213.992 1214.374 1214.757 1223.217 1235.459 1247.701 1259.943 1272.128 1283.933 1295.738 1307.543 1319.349 1328.824 1336.61 1344.396 1352.183 1359.952 1367.146 1374.34 1381.535 1388.729 1393.891 1396.836 1399.781 1402.726 1405.67 1403.323 1400.561 1397.8 1395.038 1389.864 1380.698 1371.532 1362.366 1353.2
920.5526 931.0525 941.5525 952.0523 974.9782 998.0869 1021.195 1044.304 1065.196 1083.205 1101.215 1119.225 1137.234 1148.387 1158.64 1168.893 1179.146 1188.454 1195.87 1203.287 1210.703 1218.119 1221.041 1222.714 1224.386 1226.059 1227.158 1226.357 1225.555 1224.754 1223.952 1231.372 1242.639 1253.907 1265.175 1276.472 1287.965 1299.458 1310.951 1322.443 1331.934 1339.974 1348.013 1356.052 1364.048 1370.608 1377.167 1383.726 1390.285 1394.601 1396.469 1398.338 1400.206 1402.074 1398.66 1394.833 1391.006 1387.178 1381.417 1372.455 1363.494 1354.532 1345.571
920.9018 931.7247 942.5476 953.3704 976.5821 999.976 1023.37 1046.764 1068.062 1086.637 1105.212 1123.787 1142.362 1154.084 1164.908 1175.732 1186.555 1196.687 1205.432 1214.178 1222.924 1231.67 1234.943 1236.697 1238.45 1240.204 1241.091 1239.105 1237.119 1235.134 1233.148 1239.526 1249.82 1260.113 1270.406 1280.816 1291.996 1303.177 1314.358 1325.539 1335.045 1343.337 1351.629 1359.922 1368.145 1374.069 1379.993 1385.917 1391.841 1395.311 1396.103 1396.894 1397.686 1398.478 1393.997 1389.104 1384.211 1379.318 1372.969 1364.213 1355.456 1346.699 1337.942
921.251 932.3968 943.5427 954.6884 978.1859 1001.865 1025.544 1049.223 1070.929 1090.069 1109.209 1128.349 1147.489 1159.781 1171.176 1182.57 1193.964 1204.919 1214.994 1225.069 1235.144 1245.219 1248.845 1250.68 1252.514 1254.349 1255.022 1251.853 1248.683 1245.513 1242.343 1247.68 1257.0 1266.319 1275.638 1285.159 1296.028 1306.896 1317.765 1328.634 1338.155 1346.701 1355.246 1363.791 1372.242 1377.531 1382.82 1388.109 1393.398 1396.021 1395.736 1395.451 1395.167 1394.882 1389.334 1383.376 1377.417 1371.459 1364.523 1355.97 1347.418 1338.865 1330.313
921.8126 933.3636 944.9145 956.4653 980.1025 1003.917 1027.732 1051.547 1073.529 1093.128 1112.727 1132.327 1151.926 1164.907 1177.02 1189.133 1201.246 1213.068 1224.308 1235.549 1246.789 1258.029 1261.96 1263.86 1265.761 1267.661 1268.156 1263.996 1259.836 1255.676 1251.516 1255.861 1264.188 1272.514 1280.841 1289.463 1300.05 1310.637 1321.224 1331.812 1341.337 1350.093 1358.849 1367.606 1376.243 1380.897 1385.552 1390.206 1394.861 1396.701 1395.47 1394.239 1393.008 1391.778 1385.163 1378.127 1371.092 1364.056 1356.497 1348.071 1339.645 1331.219 1322.793
923.7905 936.2942 948.7978 961.3013 984.1036 1007.057 1030.011 1052.965 1074.352 1093.704 1113.056 1132.407 1151.759 1166.219 1180.038 1193.858 1207.677 1220.66 1231.97 1243.28 1254.591 1265.901 1269.822 1271.69 1273.558 1275.426 1275.966 1272.107 1268.248 1264.39 1260.531 1264.213 1271.426 1278.639 1285.851 1293.494 1304.006 1314.518 1325.03 1335.542 1344.995 1353.681 1362.367 1371.054 1379.604 1383.629 1387.654 1391.679 1395.704 1397.179 1395.873 1394.567 1393.261 1391.955 1384.266 1376.078 1367.891 1359.704 1351.279 1342.46 1333.641 1324.822 1316.004
925.7686 939.2249 952.6812 966.1373 988.1048 1010.197 1032.29 1054.382 1075.176 1094.28 1113.384 1132.488 1151.592 1167.532 1183.057 1198.583 1214.108 1228.252 1239.632 1251.012 1262.393 1273.773 1277.683 1279.519 1281.355 1283.191 1283.776 1280.219 1276.661 1273.104 1269.547 1272.566 1278.665 1284.763 1290.862 1297.526 1307.963 1318.399 1328.836 1339.272 1348.653 1357.269 1365.886 1374.502 1382.966 1386.361 1389.757 1393.152 1396.547 1397.657 1396.276 1394.894 1393.513 1392.131 1383.369 1374.03 1364.691 1355.351 1346.06 1336.849 1327.637 1318.425 1309.214
927.7465 942.1555 956.5645 970.9733 992.1058 1013.337 1034.569 1055.8 1075.999 1094.855 1113.712 1132.568 1151.425 1168.845 1186.076 1203.307 1220.539 1235.843 1247.294 1258.744 1270.194 1281.644 1285.545 1287.349 1289.152 1290.955 1291.586 1288.33 1285.074 1281.818 1278.562 1280.919 1285.903 1290.888 1295.872 1301.558 1311.919 1322.28 1332.641 1343.002 1352.311 1360.857 1369.404 1377.95 1386.328 1389.094 1391.859 1394.624 1397.39 1398.136 1396.679 1395.222 1393.765 1392.308 1382.472 1371.981 1361.49 1350.999 1340.842 1331.238 1321.633 1312.028 1302.424
929.7245 945.0862 960.4478 975.8093 996.1071 1016.477 1036.848 1057.218 1076.822 1095.431 1114.04 1132.649 1151.258 1170.157 1189.095 1208.033 1226.97 1243.435 1254.956 1266.476 1277.996 1289.516 1293.407 1295.178 1296.949 1298.72 1299.396 1296.441 1293.487 1290.532 1287.578 1289.272 1293.142 1297.012 1300.882 1305.589 1315.875 1326.161 1336.447 1346.733 1355.969 1364.446 1372.922 1381.398 1389.69 1391.826 1393.961 1396.097 1398.233 1398.614 1397.082 1395.55 1394.017 1392.485 1381.575 1369.932 1358.289 1346.647 1335.624 1325.626 1315.629 1305.631 1295.634
930.1837 945.481 960.7783 976.0754 995.6086 1015.204 1034.8 1054.395 1073.678 1092.554 1111.43 1130.306 1149.182 1169.242 1189.458 1209.673 1229.888 1247.209 1258.742 1270.275 1281.807 1293.34 1297.471 1299.545 1301.62 1303.695 1304.785 1302.611 1300.438 1298.264 1296.091 1297.82 1301.375 1304.931 1308.487 1312.851 1322.607 1332.364 1342.12 1351.876 1360.555 1368.453 1376.35 1384.248 1391.966 1393.657 1395.349 1397.04 1398.731 1398.849 1397.252 1395.654 1394.056 1392.458 1380.641 1368.025 1355.409 1342.794 1330.995 1320.547 1310.099 1299.651 1289.203
