data/zism_data/00120_01_D.txt
ncols         224
nrows         224
[rows 58 to 86 of 224, columns 130 to 194 of 224]
865.503 877.813 888.0247 898.2363 908.448 918.6596 925.5584 931.1984 936.8383 942.4783 947.0602 947.0852 947.1101 947.135 947.1599 944.221 939.7012 935.1815 930.6617 926.6736 926.7388 926.8041 926.8694 926.9346 932.6879 942.5649 952.442 962.319 971.8383 973.4868 975.1354 976.7841 978.4327 974.4002 964.8488 955.2974 945.746 936.1946 917.6605 898.8582 880.056 861.2537 846.2123 836.0597 825.9073 815.7548 805.6022 809.4987 814.9814 820.4641 825.9468 834.0452 846.7472 859.4492 872.1511 884.8531 891.7596 897.4462 903.1328 908.8192 914.6205 920.7032 926.786 932.8687 938.9514
865.5126 876.8087 887.0042 897.1996 907.3951 917.5906 925.5802 932.7314 939.8828 947.034 953.0199 953.9861 954.9522 955.9183 956.8845 954.4026 950.0819 945.7612 941.4404 937.4829 936.295 935.1071 933.9192 932.7313 936.8884 944.9207 952.9529 960.9852 968.6949 969.3109 969.9268 970.5427 971.1586 966.8245 957.6819 948.5392 939.3966 930.254 914.1236 897.7847 881.4457 865.1068 851.7803 842.3701 832.96 823.5497 814.1395 817.9711 823.2978 828.6245 833.9512 841.4922 852.9303 864.3683 875.8064 887.2444 893.0603 897.6926 902.3249 906.9572 911.6342 916.4207 921.2072 925.9937 930.7802
865.5222 875.8043 885.9836 896.163 906.3423 916.5217 925.602 934.2646 942.9271 951.5897 958.9796 960.8869 962.7943 964.7016 966.6089 964.5844 960.4626 956.3409 952.2191 948.2922 945.8511 943.4101 940.969 938.5279 941.0889 947.2764 953.4639 959.6514 965.5517 965.1349 964.7181 964.3013 963.8845 959.2489 950.515 941.7811 933.0472 924.3134 910.5868 896.7111 882.8354 868.9598 857.3484 848.6804 840.0126 831.3446 822.6766 826.4434 831.6141 836.7849 841.9557 848.9393 859.1134 869.2875 879.4617 889.6358 894.361 897.939 901.5171 905.095 908.6477 912.1381 915.6284 919.1187 922.6091
865.5317 874.7999 884.9631 895.1263 905.2896 915.4528 925.6237 935.7977 945.9716 956.1455 964.9392 967.7878 970.6364 973.4849 976.3335 974.766 970.8433 966.9205 962.9978 959.1016 955.4073 951.7131 948.0188 944.3246 945.2894 949.6321 953.9749 958.3176 962.4084 960.9589 959.5094 958.0599 956.6103 951.6732 943.3481 935.023 926.6979 918.3728 907.0499 895.6376 884.2252 872.8128 862.9164 854.9907 847.0652 839.1395 831.2139 834.9158 839.9305 844.9453 849.9601 856.3863 865.2965 874.2067 883.1169 892.0272 895.6616 898.1854 900.7092 903.233 905.6613 907.8554 910.0496 912.2438 914.4379
865.5413 873.7955 883.9426 894.0897 904.2368 914.3838 925.6455 937.3307 949.016 960.7012 970.8989 974.6887 978.4785 982.2682 986.058 984.9477 981.2239 977.5002 973.7765 969.9109 964.9634 960.0161 955.0686 950.1212 949.4899 951.9879 954.4858 956.9838 959.2651 956.783 954.3007 951.8184 949.3362 944.0975 936.1812 928.2649 920.3486 912.4323 903.5131 894.564 885.6149 876.6658 868.4845 861.3011 854.1178 846.9344 839.751 843.3881 848.2469 853.1057 857.9645 863.8333 871.4796 879.1259 886.7722 894.4185 896.9623 898.4318 899.9014 901.3709 902.6748 903.5728 904.4708 905.3688 906.2668
868.2742 875.468 884.6931 893.9181 903.1432 912.3682 923.3911 935.0971 946.8031 958.5091 968.8303 973.1861 977.5419 981.8978 986.2535 985.4875 981.9898 978.4921 974.9944 971.2791 965.9032 960.5273 955.1514 949.7756 948.124 949.1727 950.2213 951.2699 952.1512 949.3529 946.5546 943.7562 940.9578 936.0759 929.17 922.264 915.3581 908.4521 901.4487 894.4424 887.4361 880.4298 873.7912 867.6306 861.4702 855.3096 849.149 852.2637 856.4258 860.5878 864.7499 869.758 876.2553 882.7526 889.2499 895.7473 897.6726 898.6356 899.5984 900.5613 901.3492 901.7081 902.067 902.4259 902.7849
872.6172 878.7232 886.4906 894.2581 902.0255 909.7929 919.7908 930.6363 941.4818 952.3273 962.015 966.715 971.415 976.1151 980.8151 980.3266 977.071 973.8153 970.5597 967.0651 961.7484 956.4317 951.115 945.7983 943.467 943.3001 943.1332 942.9664 942.6897 939.999 937.3082 934.6174 931.9266 927.7906 922.2507 916.7109 911.1711 905.6312 900.255 894.8837 889.5123 884.1411 878.9434 873.9715 868.9997 864.0278 859.0559 861.3779 864.5234 867.6689 870.8144 874.7827 880.1989 885.6152 891.0314 896.4477 898.034 898.814 899.594 900.374 901.0055 901.273 901.5405 901.808 902.0754
876.9602 881.9783 888.2881 894.598 900.9078 907.2176 916.1906 926.1755 936.1605 946.1455 955.1996 960.2438 965.2881 970.3323 975.3766 975.1657 972.1521 969.1385 966.1249 962.8512 957.5936 952.3361 947.0785 941.8209 938.8099 937.4275 936.0451 934.6628 933.2281 930.645 928.0618 925.4785 922.8953 919.5053 915.3315 911.1578 906.984 902.8102 899.0613 895.325 891.5886 887.8523 884.0956 880.3123 876.5292 872.746 868.9628 870.4919 872.6209 874.7499 876.8789 879.8073 884.1425 888.4777 892.8129 897.1481 898.3953 898.9924 899.5896 900.1867 900.6618 900.8379 901.0139 901.19 901.3661
881.3032 885.2335 890.0857 894.9379 899.7901 904.6423 912.5903 921.7147 930.8392 939.9637 948.3842 953.7727 959.1611 964.5496 969.938 970.0048 967.2332 964.4617 961.6901 958.6372 953.4388 948.2404 943.0421 937.8436 934.1528 931.5549 928.957 926.3592 923.7666 921.291 918.8154 916.3397 913.8641 911.22 908.4124 905.6047 902.797 899.9893 897.8675 895.7662 893.6649 891.5635 889.2477 886.6532 884.0587 881.4642 878.8696 879.606 880.7185 881.831 882.9435 884.8319 888.0861 891.3402 894.5944 897.8485 898.7567 899.1709 899.5851 899.9994 900.3181 900.4028 900.4874 900.572 900.6567
885.5485 888.428 891.8749 895.3218 898.7688 902.2157 909.1176 917.3323 925.5471 933.7619 941.4898 947.1206 952.7513 958.3821 964.0128 964.3331 961.8212 959.3093 956.7974 953.9888 948.9183 943.8478 938.7773 933.7069 929.4479 925.7772 922.1065 918.4359 914.8227 912.4747 910.1266 907.7785 905.4304 903.5004 901.9764 900.4525 898.9286 897.4047 896.799 896.2208 895.6425 895.0643 894.0983 892.6285 891.1588 889.6889 888.2191 888.2183 888.3835 888.5486 888.7137 889.6243 891.8469 894.0696 896.2922 898.5149 899.1015 899.3437 899.5858 899.828 900.0 900.0 900.0 900.0 900.0
888.5771 890.8666 893.5605 896.2544 898.9483 901.6422 907.2338 913.9265 920.6191 927.3118 933.6109 938.2144 942.8178 947.4213 952.0248 952.2999 950.2667 948.2335 946.2003 943.9291 939.8428 935.7566 931.6703 927.584 924.1472 921.1811 918.215 915.2488 912.326 910.3544 908.3829 906.4113 904.4398 902.8262 901.5604 900.2947 899.0289 897.7632 897.2903 896.8411 896.392 895.9428 895.1925 894.0508 892.9091 891.7674 890.6257 890.5809 890.6599 890.739 890.818 891.5236 893.3322 895.1407 896.9492 898.7578 899.2412 899.4457 899.6503 899.8547 900.0 900.0 900.0 900.0 900.0
891.6058 893.3052 895.2461 897.187 899.1278 901.0687 905.3499 910.5206 915.6912 920.8618 925.732 929.3082 932.8843 936.4605 940.0367 940.2668 938.7123 937.1578 935.6033 933.8693 930.7673 927.6653 924.5633 921.4612 918.8465 916.585 914.3234 912.0618 909.8293 908.2343 906.6392 905.0442 903.4491 902.152 901.1445 900.1368 899.1293 898.1216 897.7816 897.4615 897.1415 896.8214 896.2867 895.4731 894.6595 893.8458 893.0322 892.9434 892.9363 892.9293 892.9223 893.423 894.8174 896.2118 897.6062 899.0005 899.3809 899.5478 899.7147 899.8815 900.0 900.0 900.0 900.0 900.0
894.6343 895.7438 896.9316 898.1195 899.3074 900.4952 903.4662 907.1147 910.7634 914.4119 917.8533 920.4023 922.9512 925.5001 928.0491 928.2341 927.1582 926.0824 925.0066 923.8099 921.6921 919.5743 917.4565 915.3387 913.546 911.989 910.4319 908.8749 907.3327 906.1141 904.8956 903.6771 902.4585 901.4779 900.7285 899.979 899.2296 898.4802 898.2729 898.0819 897.8909 897.6999 897.3808 896.8953 896.4098 895.9243 895.4387 895.3058 895.2127 895.1196 895.0266 895.3223 896.3026 897.2828 898.2631 899.2434 899.5206 899.6498 899.7791 899.9083 900.0 900.0 900.0 900.0 900.0
897.6629 898.1824 898.6172 899.0521 899.4869 899.9217 901.5823 903.7089 905.8353 907.9619 909.9744 911.496 913.0177 914.5394 916.061 916.2009 915.6038 915.0067 914.4095 913.7502 912.6166 911.483 910.3494 909.2159 908.2452 907.3928 906.5404 905.688 904.836 903.994 903.1519 902.3099 901.4678 900.8038 900.3124 899.8212 899.3299 898.8386 898.7643 898.7023 898.6404 898.5784 898.475 898.3176 898.1601 898.0027 897.8453 897.6683 897.4891 897.31 897.1309 897.2217 897.7878 898.3539 898.9201 899.4862 899.6603 899.7518 899.8434 899.935 900.0 900.0 900.0 900.0 900.0
899.217 899.4199 899.4598 899.4998 899.5397 899.5796 900.4868 901.7234 902.9601 904.1968 905.3611 906.2136 907.066 907.9186 908.7711 908.8754 908.5807 908.286 907.9913 907.6691 907.1364 906.6038 906.0712 905.5385 905.0554 904.6082 904.161 903.7137 903.2604 902.6718 902.0832 901.4946 900.9059 900.4479 900.1169 899.7859 899.4548 899.1238 899.0952 899.0756 899.056 899.0364 899.0229 899.0173 899.0118 899.0062 899.0005 898.8245 898.6293 898.434 898.2387 898.2382 898.5804 898.9227 899.2649 899.6071 899.7274 899.8008 899.8743 899.9478 900.0 900.0 900.0 900.0 900.0
899.4111 899.5495 899.5248 899.5002 899.4756 899.451 900.1182 901.0483 901.9784 902.9085 903.7602 904.2738 904.7875 905.3011 905.8148 905.8925 905.7376 905.5828 905.4279 905.258 904.9728 904.6875 904.4023 904.1171 903.8127 903.4946 903.1765 902.8583 902.5345 902.0858 901.637 901.1882 900.7394 900.3859 900.1247 899.8636 899.6025 899.3414 899.2782 899.221 899.1638 899.1065 899.0671 899.0507 899.0344 899.018 899.0016 898.868 898.7212 898.5743 898.4274 898.4402 898.7341 899.0279 899.3217 899.6155 899.7274 899.8008 899.8743 899.9478 900.0 900.0 900.0 900.0 900.0
899.6052 899.679 899.5898 899.5007 899.4115 899.3223 899.7496 900.3732 900.9967 901.6202 902.1592 902.334 902.5089 902.6837 902.8585 902.9095 902.8945 902.8795 902.8646 902.8469 902.8091 902.7712 902.7334 902.6956 902.5701 902.381 902.192 902.0029 901.8087 901.4997 901.1908 900.8818 900.5729 900.3237 900.1325 899.9413 899.7501 899.5589 899.4612 899.3664 899.2715 899.1766 899.1112 899.0841 899.0569 899.0298 899.0027 898.9116 898.813 898.7146 898.6161 898.6423 898.8877 899.1331 899.3785 899.624 899.7274 899.8008 899.8743 899.9478 900.0 900.0 900.0 900.0 900.0
899.7993 899.8085 899.6548 899.5011 899.3474 899.1937 899.381 899.6981 900.015 900.332 900.5583 900.3943 900.2303 900.0662 899.9022 899.9266 900.0515 900.1763 900.3011 900.4359 900.6454 900.855 901.0646 901.2741 901.3275 901.2675 901.2075 901.1475 901.0828 900.9137 900.7446 900.5755 900.4064 900.2616 900.1403 900.019 899.8978 899.7765 899.6443 899.5117 899.3792 899.2467 899.1553 899.1174 899.0796 899.0417 899.0038 898.955 898.905 898.8549 898.8049 898.8444 899.0413 899.2383 899.4354 899.6324 899.7274 899.8008 899.8743 899.9478 900.0 900.0 900.0 900.0 900.0
899.9934 899.9381 899.7198 899.5016 899.2833 899.0651 899.0125 899.0229 899.0333 899.0437 898.9575 898.4546 897.9517 897.4488 896.9459 896.9437 897.2084 897.4731 897.7378 898.0248 898.4818 898.9387 899.3957 899.8527 900.0848 900.1539 900.223 900.2921 900.3569 900.3276 900.2984 900.2692 900.2399 900.1995 900.1481 900.0967 900.0454 899.994 899.8273 899.6571 899.4869 899.3168 899.1994 899.1508 899.1022 899.0535 899.0049 898.9985 898.9969 898.9952 898.9936 899.0464 899.195 899.3436 899.4922 899.6408 899.7274 899.8008 899.8743 899.9478 900.0 900.0 900.0 900.0 900.0
900.0 899.9547 899.781 899.6073 899.4337 899.2599 899.1443 899.0508 898.9573 898.8638 898.6724 898.0593 897.4462 896.8331 896.22 896.2672 896.6666 897.0659 897.4652 897.874 898.355 898.8359 899.3169 899.7979 900.0336 900.0914 900.1494 900.2072 900.2618 900.2425 900.2232 900.2039 900.1846 900.1555 900.1169 900.0783 900.0397 900.0011 899.8335 899.662 899.4906 899.3192 899.2077 899.1743 899.1409 899.1075 899.0741 899.0707 899.0707 899.0707 899.0707 899.1353 899.3134 899.4915 899.6696 899.8478 900.094 900.3546 900.6151 900.8756 901.0878 901.1813 901.2748 901.3683 901.4619
900.0 899.9673 899.842 899.7167 899.5915 899.4662 899.2938 899.1035 898.9131 898.7228 898.4335 897.7183 897.003 896.2877 895.5724 895.6718 896.2056 896.7394 897.2732 897.8027 898.2998 898.7969 899.294 899.7911 900.0242 900.066 900.1077 900.1495 900.1888 900.1749 900.161 900.1471 900.1331 900.1122 900.0844 900.0565 900.0286 900.0008 899.8335 899.662 899.4906 899.3192 899.2147 899.1974 899.1802 899.1629 899.1456 899.1439 899.1439 899.1439 899.1439 899.2202 899.4305 899.6409 899.8513 900.0618 900.4735 900.9277 901.3819 901.8361 902.2137 902.4041 902.5944 902.7847 902.975
900.0 899.9799 899.9031 899.8262 899.7493 899.6725 899.4432 899.1561 898.8689 898.5818 898.1947 897.3772 896.5598 895.7423 894.9248 895.0763 895.7446 896.4128 897.0811 897.7314 898.2446 898.7579 899.2711 899.7843 900.0148 900.0405 900.0661 900.0917 900.1158 900.1073 900.0988 900.0902 900.0817 900.0688 900.0518 900.0347 900.0176 900.0005 899.8335 899.662 899.4906 899.3192 899.2217 899.2206 899.2195 899.2183 899.2172 899.2171 899.2171 899.2171 899.2171 899.305 899.5477 899.7903 900.033 900.2757 900.8531 901.5009 902.1487 902.7964 903.3397 903.6268 903.9139 904.2011 904.4882
900.0 899.9926 899.9641 899.9357 899.9072 899.8787 899.5927 899.2087 898.8247 898.4407 897.9559 897.0362 896.1166 895.1969 894.2773 894.4809 895.2836 896.0863 896.889 897.6601 898.1895 898.7188 899.2482 899.7775 900.0055 900.015 900.0245 900.0339 900.0429 900.0397 900.0366 900.0334 900.0303 900.0255 900.0192 900.0128 900.0065 900.0002 899.8335 899.662 899.4906 899.3192 899.2288 899.2438 899.2587 899.2737 899.2888 899.2903 899.2903 899.2903 899.2903 899.3899 899.6649 899.9398 900.2147 900.4897 901.2326 902.074 902.9155 903.7569 904.4657 904.8496 905.2336 905.6175 906.0014
898.9755 899.0362 899.1558 899.2755 899.3951 899.5148 898.9681 898.1683 897.3685 896.5687 895.7241 894.6868 893.6494 892.6121 891.5746 892.0533 893.3406 894.6279 895.9152 897.1285 897.7781 898.4277 899.0773 899.727 900.0 900.0 900.0 900.0 900.0 900.0 900.0 900.0 900.0 899.9899 899.97 899.95 899.9301 899.9101 899.7581 899.6022 899.4462 899.2903 899.2147 899.2437 899.2725 899.3015 899.3304 899.3632 899.3964 899.4296 899.4629 899.6436 900.0837 900.5239 900.964 901.4041 902.8245 904.4511 906.0778 907.7043 909.0933 909.8997 910.7061 911.5125 912.3189
896.4885 896.6965 897.1066 897.5167 897.9268 898.3369 897.2388 895.5677 893.8965 892.2255 890.6474 889.4702 888.2929 887.1157 885.9385 887.0104 889.282 891.5536 893.8251 895.9398 896.8583 897.7769 898.6954 899.614 900.0 900.0 900.0 900.0 900.0 900.0 900.0 900.0 900.0 899.9653 899.897 899.8286 899.7603 899.692 899.5751 899.4568 899.3385 899.2202 899.1706 899.2103 899.2499 899.2896 899.3293 899.4357 899.5496 899.6635 899.7774 900.1381 900.9332 901.7283 902.5234 903.3185 906.1469 909.4033 912.6597 915.916 918.7195 920.4133 922.1071 923.801 925.4948
894.0016 894.3569 895.0574 895.7579 896.4584 897.1589 895.5095 892.9671 890.4246 887.8822 885.5707 884.2535 882.9365 881.6194 880.3023 881.9675 885.2234 888.4792 891.7351 894.7512 895.9386 897.126 898.3135 899.5009 900.0 900.0 900.0 900.0 900.0 900.0 900.0 900.0 900.0 899.9408 899.824 899.7073 899.5905 899.4738 899.3921 899.3114 899.2308 899.1501 899.1265 899.1769 899.2274 899.2778 899.3282 899.5082 899.7028 899.8973 900.0919 900.6327 901.7828 902.9329 904.0829 905.233 909.4694 914.3555 919.2416 924.1277 928.3458 930.927 933.5082 936.0894 938.6707
891.5146 892.0172 893.0082 893.9991 894.9901 895.981 893.7802 890.3665 886.9527 883.539 880.4939 879.037 877.58 876.123 874.6661 876.9246 881.1648 885.4049 889.6451 893.5625 895.0189 896.4752 897.9316 899.3879 900.0 900.0 900.0 900.0 900.0 900.0 900.0 900.0 900.0 899.9162 899.751 899.5859 899.4208 899.2556 899.209 899.166 899.123 899.08 899.0823 899.1436 899.2048 899.2659 899.3271 899.5807 899.856 900.1312 900.4065 901.1273 902.6323 904.1373 905.6424 907.1474 912.7919 919.3077 925.8236 932.3394 937.972 941.4406 944.9092 948.3779 951.8465
889.0276 889.6776 890.959 892.2404 893.5217 894.8031 892.0509 887.7658 883.4808 879.1957 875.4172 873.8204 872.2236 870.6267 869.0299 871.8817 877.1061 882.3306 887.5551 892.3738 894.0991 895.8243 897.5496 899.2749 900.0 900.0 900.0 900.0 900.0 900.0 900.0 900.0 900.0 899.8917 899.6781 899.4645 899.251 899.0374 899.026 899.0207 899.0153 899.0099 899.0382 899.1102 899.1821 899.2541 899.326 899.6532 900.0092 900.3651 900.721 901.6219 903.4819 905.3419 907.2018 909.0618 916.1143 924.2599 932.4056 940.551 947.5983 951.9543 956.3103 960.6663 965.0224
877.0378 877.7509 879.1566 880.5623 881.9681 883.3738 880.6262 876.3004 871.9745 867.6486 864.0748 863.7407 863.4066 863.0725 862.7384 866.6202 872.7505 878.8808 885.0112 890.6753 892.7849 894.8943 897.0038 899.1134 899.9893 899.9708 899.9524 899.934 899.9149 899.8826 899.8503 899.818 899.7857 899.6486 899.4097 899.1708 898.9319 898.693 898.6726 898.6588 898.645 898.6311 898.6833 898.8214 898.9595 899.0975 899.2357 899.472 899.7194 899.9669 900.2144 900.9506 902.5474 904.1441 905.7408 907.3375 913.6743 921.0089 928.3434 935.6779 941.957 945.6503 949.3435 953.0368 956.73
