data/zism_data/00123_02_D.txt
ncols         224
nrows         224
[rows 112 to 139 of 224, columns 128 to 191 of 224]
1210.837 1206.854 1204.198 1203.171 1202.144 1201.117 1200.089 1199.889 1199.768 1199.646 1199.525 1199.432 1199.388 1199.344 1199.3 1199.256 1199.231 1199.209 1199.187 1199.165 1199.14 1199.107 1199.074 1199.041 1199.008 1199.0 1199.0 1199.0 1199.0 1199.051 1199.272 1199.492 1199.712 1199.933 1200.0 1200.0 1200.0 1200.0 1199.994 1199.953 1199.913 1199.872 1199.832 1199.816 1199.816 1199.816 1199.816 1199.82 1199.86 1199.901 1199.941 1199.982 1199.919 1199.772 1199.625 1199.478 1199.332 1199.259 1199.185 1199.112 1199.038 1199.031 1199.098 1199.163
1212.268 1207.958 1205.031 1203.8 1202.569 1201.338 1200.107 1199.845 1199.675 1199.505 1199.336 1199.222 1199.199 1199.177 1199.154 1199.131 1199.118 1199.107 1199.096 1199.084 1199.072 1199.055 1199.038 1199.021 1199.004 1199.0 1199.0 1199.0 1199.0 1199.051 1199.272 1199.492 1199.712 1199.933 1200.0 1200.0 1200.0 1200.0 1199.991 1199.934 1199.878 1199.821 1199.765 1199.743 1199.743 1199.743 1199.743 1199.748 1199.805 1199.861 1199.918 1199.975 1199.919 1199.772 1199.625 1199.478 1199.332 1199.259 1199.185 1199.112 1199.038 1199.016 1199.05 1199.084
1213.699 1209.062 1205.864 1204.429 1202.994 1201.559 1200.125 1199.801 1199.583 1199.365 1199.147 1199.011 1199.01 1199.009 1199.007 1199.006 1199.006 1199.005 1199.005 1199.004 1199.003 1199.003 1199.002 1199.001 1199.0 1199.0 1199.0 1199.0 1199.0 1199.051 1199.272 1199.492 1199.712 1199.933 1200.0 1200.0 1200.0 1200.0 1199.988 1199.916 1199.843 1199.77 1199.698 1199.67 1199.67 1199.67 1199.67 1199.677 1199.749 1199.822 1199.895 1199.967 1199.919 1199.772 1199.625 1199.478 1199.332 1199.259 1199.185 1199.112 1199.038 1199.001 1199.002 1199.004
1211.759 1207.659 1204.867 1203.676 1202.485 1201.294 1200.104 1199.799 1199.578 1199.358 1199.137 1199.0 1199.0 1199.0 1199.0 1199.0 1199.0 1199.0 1199.0 1199.0 1199.0 1199.0 1199.0 1199.0 1199.0 1199.0 1199.0 1199.0 1199.0 1199.044 1199.234 1199.424 1199.614 1199.804 1199.883 1199.913 1199.944 1199.974 1199.983 1199.879 1199.775 1199.671 1199.567 1199.528 1199.528 1199.528 1199.528 1199.533 1199.591 1199.65 1199.708 1199.766 1199.737 1199.635 1199.534 1199.433 1199.332 1199.243 1199.155 1199.066 1198.977 1198.894 1198.818 1198.742
1209.637 1206.122 1203.771 1202.849 1201.926 1201.003 1200.08 1199.799 1199.578 1199.358 1199.137 1199.0 1199.0 1199.0 1199.0 1199.0 1199.0 1199.0 1199.0 1199.0 1199.0 1199.0 1199.0 1199.0 1199.0 1199.0 1199.0 1199.0 1199.0 1199.037 1199.194 1199.352 1199.51 1199.668 1199.759 1199.822 1199.885 1199.947 1199.978 1199.842 1199.706 1199.57 1199.434 1199.382 1199.382 1199.382 1199.382 1199.386 1199.428 1199.47 1199.512 1199.555 1199.544 1199.491 1199.438 1199.385 1199.332 1199.227 1199.122 1199.017 1198.913 1198.783 1198.626 1198.469
1207.515 1204.584 1202.676 1202.021 1201.366 1200.712 1200.057 1199.799 1199.578 1199.358 1199.137 1199.0 1199.0 1199.0 1199.0 1199.0 1199.0 1199.0 1199.0 1199.0 1199.0 1199.0 1199.0 1199.0 1199.0 1199.0 1199.0 1199.0 1199.0 1199.029 1199.155 1199.28 1199.406 1199.531 1199.636 1199.731 1199.825 1199.92 1199.973 1199.805 1199.636 1199.468 1199.3 1199.236 1199.236 1199.236 1199.236 1199.239 1199.265 1199.291 1199.317 1199.343 1199.352 1199.347 1199.343 1199.338 1199.332 1199.211 1199.09 1198.969 1198.848 1198.672 1198.434 1198.197
1205.393 1203.047 1201.581 1201.194 1200.807 1200.42 1200.034 1199.799 1199.578 1199.358 1199.137 1199.0 1199.0 1199.0 1199.0 1199.0 1199.0 1199.0 1199.0 1199.0 1199.0 1199.0 1199.0 1199.0 1199.0 1199.0 1199.0 1199.0 1199.0 1199.022 1199.115 1199.208 1199.302 1199.395 1199.512 1199.639 1199.766 1199.893 1199.968 1199.768 1199.567 1199.367 1199.166 1199.09 1199.09 1199.09 1199.09 1199.091 1199.101 1199.111 1199.121 1199.131 1199.16 1199.203 1199.247 1199.29 1199.331 1199.194 1199.057 1198.92 1198.783 1198.56 1198.243 1197.925
1204.801 1202.773 1201.515 1201.203 1200.891 1200.579 1200.267 1200.002 1199.74 1199.479 1199.218 1199.051 1199.039 1199.026 1199.014 1199.002 1199.0 1199.0 1199.0 1199.0 1199.0 1199.0 1199.0 1199.0 1199.0 1199.0 1199.0 1199.0 1199.0 1199.016 1199.083 1199.15 1199.218 1199.285 1199.399 1199.534 1199.669 1199.804 1199.885 1199.683 1199.48 1199.278 1199.076 1199.0 1199.0 1199.0 1199.0 1199.0 1199.0 1199.0 1199.0 1199.0 1199.039 1199.111 1199.182 1199.254 1199.322 1199.171 1199.02 1198.869 1198.718 1198.437 1198.015 1197.592
1206.711 1204.564 1203.133 1202.58 1202.027 1201.474 1200.92 1200.536 1200.167 1199.799 1199.431 1199.185 1199.14 1199.096 1199.051 1199.007 1199.0 1199.0 1199.0 1199.0 1199.0 1199.0 1199.0 1199.0 1199.0 1199.0 1199.0 1199.0 1199.0 1199.012 1199.063 1199.115 1199.166 1199.217 1199.304 1199.407 1199.509 1199.612 1199.674 1199.52 1199.366 1199.212 1199.058 1199.0 1199.0 1199.0 1199.0 1199.0 1199.0 1199.0 1199.0 1199.0 1199.036 1199.102 1199.169 1199.235 1199.297 1199.136 1198.974 1198.812 1198.651 1198.295 1197.728 1197.161
1208.62 1206.355 1204.751 1203.957 1203.162 1202.368 1201.573 1201.07 1200.595 1200.119 1199.644 1199.318 1199.242 1199.165 1199.089 1199.012 1199.0 1199.0 1199.0 1199.0 1199.0 1199.0 1199.0 1199.0 1199.0 1199.0 1199.0 1199.0 1199.0 1199.008 1199.043 1199.079 1199.114 1199.149 1199.209 1199.279 1199.35 1199.42 1199.462 1199.357 1199.251 1199.146 1199.04 1199.0 1199.0 1199.0 1199.0 1199.0 1199.0 1199.0 1199.0 1199.0 1199.033 1199.094 1199.155 1199.216 1199.273 1199.1 1198.928 1198.756 1198.583 1198.153 1197.441 1196.729
1210.529 1208.146 1206.369 1205.333 1204.298 1203.262 1202.227 1201.604 1201.022 1200.439 1199.856 1199.452 1199.343 1199.235 1199.126 1199.017 1199.0 1199.0 1199.0 1199.0 1199.0 1199.0 1199.0 1199.0 1199.0 1199.0 1199.0 1199.0 1199.0 1199.004 1199.024 1199.043 1199.062 1199.081 1199.113 1199.152 1199.19 1199.228 1199.251 1199.194 1199.136 1199.079 1199.022 1199.0 1199.0 1199.0 1199.0 1199.0 1199.0 1199.0 1199.0 1199.0 1199.031 1199.086 1199.141 1199.197 1199.249 1199.065 1198.882 1198.699 1198.516 1198.01 1197.154 1196.297
1212.438 1209.938 1207.987 1206.71 1205.433 1204.157 1202.88 1202.139 1201.449 1200.759 1200.069 1199.586 1199.445 1199.304 1199.163 1199.022 1199.0 1199.0 1199.0 1199.0 1199.0 1199.0 1199.0 1199.0 1199.0 1199.0 1199.0 1199.0 1199.0 1199.001 1199.004 1199.007 1199.01 1199.013 1199.018 1199.024 1199.03 1199.036 1199.04 1199.031 1199.022 1199.013 1199.003 1199.0 1199.0 1199.0 1199.0 1199.0 1199.0 1199.0 1199.0 1199.0 1199.028 1199.078 1199.128 1199.178 1199.224 1199.03 1198.836 1198.642 1198.448 1197.868 1196.867 1195.866
1217.395 1214.946 1212.861 1211.221 1209.581 1207.942 1206.302 1204.995 1203.72 1202.445 1201.17 1200.27 1199.988 1199.707 1199.425 1199.143 1199.088 1199.075 1199.062 1199.048 1199.037 1199.028 1199.019 1199.011 1199.002 1199.0 1199.0 1199.0 1199.0 1199.0 1199.0 1199.0 1199.0 1199.0 1199.0 1199.0 1199.0 1199.0 1199.0 1199.0 1199.0 1199.0 1199.0 1199.0 1199.0 1199.0 1199.0 1199.0 1199.0 1199.0 1199.0 1199.0 1199.015 1199.042 1199.07 1199.097 1199.121 1198.956 1198.79 1198.625 1198.459 1197.864 1196.801 1195.737
1223.066 1220.708 1218.497 1216.466 1214.435 1212.404 1210.373 1208.396 1206.424 1204.452 1202.48 1201.083 1200.635 1200.187 1199.739 1199.292 1199.196 1199.167 1199.137 1199.108 1199.082 1199.063 1199.043 1199.024 1199.005 1199.0 1199.0 1199.0 1199.0 1199.0 1199.0 1199.0 1199.0 1199.0 1199.0 1199.0 1199.0 1199.0 1199.0 1199.0 1199.0 1199.0 1199.0 1199.0 1199.0 1199.0 1199.0 1199.0 1199.0 1199.0 1199.0 1199.0 1199.0 1199.001 1199.001 1199.002 1199.0 1198.872 1198.744 1198.616 1198.488 1197.892 1196.786 1195.679
1228.736 1226.469 1224.133 1221.71 1219.288 1216.866 1214.444 1211.796 1209.127 1206.459 1203.79 1201.895 1201.281 1200.667 1200.053 1199.44 1199.304 1199.259 1199.213 1199.168 1199.128 1199.097 1199.067 1199.037 1199.007 1199.0 1199.0 1199.0 1199.0 1199.0 1199.0 1199.0 1199.0 1199.0 1199.0 1199.0 1199.0 1199.0 1199.0 1199.0 1199.0 1199.0 1199.0 1199.0 1199.0 1199.0 1199.0 1199.0 1199.0 1199.0 1199.0 1199.0 1198.985 1198.959 1198.933 1198.906 1198.879 1198.789 1198.698 1198.608 1198.517 1197.92 1196.771 1195.622
1234.407 1232.231 1229.769 1226.955 1224.142 1221.328 1218.514 1215.197 1211.831 1208.465 1205.1 1202.708 1201.928 1201.148 1200.368 1199.588 1199.412 1199.35 1199.289 1199.228 1199.173 1199.132 1199.091 1199.05 1199.01 1199.0 1199.0 1199.0 1199.0 1199.0 1199.0 1199.0 1199.0 1199.0 1199.0 1199.0 1199.0 1199.0 1199.0 1199.0 1199.0 1199.0 1199.0 1199.0 1199.0 1199.0 1199.0 1199.0 1199.0 1199.0 1199.0 1199.0 1198.971 1198.918 1198.865 1198.811 1198.758 1198.705 1198.652 1198.599 1198.546 1197.948 1196.756 1195.564
1240.154 1238.054 1235.443 1232.206 1228.969 1225.731 1222.494 1218.505 1214.443 1210.382 1206.321 1203.44 1202.512 1201.583 1200.655 1199.727 1199.521 1199.451 1199.381 1199.312 1199.249 1199.203 1199.156 1199.11 1199.063 1199.044 1199.032 1199.021 1199.009 1199.0 1199.0 1199.0 1199.0 1199.0 1199.0 1199.0 1199.0 1199.0 1199.0 1199.0 1199.0 1199.0 1199.0 1199.0 1199.0 1199.0 1199.0 1198.999 1198.987 1198.976 1198.964 1198.953 1198.898 1198.809 1198.72 1198.631 1198.543 1198.516 1198.489 1198.462 1198.435 1197.849 1196.654 1195.459
1246.143 1244.07 1241.238 1237.475 1233.712 1229.95 1226.187 1221.521 1216.768 1212.015 1207.262 1203.916 1202.897 1201.877 1200.858 1199.839 1199.631 1199.578 1199.524 1199.471 1199.423 1199.387 1199.351 1199.316 1199.28 1199.226 1199.166 1199.106 1199.046 1199.0 1199.0 1199.0 1199.0 1199.0 1199.0 1199.0 1199.0 1199.0 1199.0 1199.0 1199.0 1199.0 1199.0 1199.0 1199.0 1199.0 1199.0 1198.995 1198.935 1198.875 1198.815 1198.755 1198.644 1198.491 1198.337 1198.184 1198.032 1197.995 1197.957 1197.919 1197.881 1197.349 1196.277 1195.206
1252.132 1250.085 1247.032 1242.744 1238.456 1234.168 1229.88 1224.537 1219.093 1213.648 1208.204 1204.393 1203.282 1202.172 1201.061 1199.951 1199.742 1199.705 1199.667 1199.63 1199.596 1199.571 1199.546 1199.521 1199.496 1199.407 1199.299 1199.191 1199.083 1199.0 1199.0 1199.0 1199.0 1199.0 1199.0 1199.0 1199.0 1199.0 1199.0 1199.0 1199.0 1199.0 1199.0 1199.0 1199.0 1199.0 1199.0 1198.991 1198.882 1198.774 1198.666 1198.558 1198.39 1198.172 1197.954 1197.737 1197.522 1197.473 1197.425 1197.376 1197.328 1196.849 1195.9 1194.952
1258.121 1256.101 1252.826 1248.013 1243.2 1238.387 1233.574 1227.553 1221.417 1215.281 1209.146 1204.869 1203.667 1202.466 1201.264 1200.062 1199.853 1199.831 1199.81 1199.789 1199.77 1199.755 1199.741 1199.727 1199.713 1199.589 1199.433 1199.276 1199.12 1199.0 1199.0 1199.0 1199.0 1199.0 1199.0 1199.0 1199.0 1199.0 1199.0 1199.0 1199.0 1199.0 1199.0 1199.0 1199.0 1199.0 1199.0 1198.986 1198.83 1198.674 1198.517 1198.361 1198.135 1197.854 1197.572 1197.29 1197.011 1196.952 1196.892 1196.833 1196.774 1196.348 1195.523 1194.698
1264.109 1262.117 1258.62 1253.282 1247.943 1242.605 1237.267 1230.569 1223.742 1216.914 1210.087 1205.345 1204.052 1202.76 1201.467 1200.174 1199.964 1199.958 1199.953 1199.948 1199.943 1199.939 1199.936 1199.932 1199.929 1199.771 1199.566 1199.362 1199.157 1199.0 1199.0 1199.0 1199.0 1199.0 1199.0 1199.0 1199.0 1199.0 1199.0 1199.0 1199.0 1199.0 1199.0 1199.0 1199.0 1199.0 1199.0 1198.982 1198.778 1198.573 1198.368 1198.164 1197.881 1197.535 1197.189 1196.842 1196.5 1196.43 1196.36 1196.29 1196.22 1195.848 1195.146 1194.444
1269.41 1267.509 1263.896 1258.188 1252.479 1246.77 1241.061 1233.923 1226.649 1219.375 1212.101 1206.951 1205.315 1203.679 1202.044 1200.408 1200.189 1200.24 1200.29 1200.34 1200.364 1200.324 1200.284 1200.245 1200.205 1199.999 1199.743 1199.486 1199.23 1199.029 1199.015 1199.0 1198.986 1198.972 1198.972 1198.98 1198.987 1198.994 1199.0 1199.0 1199.0 1199.0 1199.0 1199.0 1199.0 1199.0 1199.0 1198.974 1198.678 1198.382 1198.086 1197.79 1197.403 1196.942 1196.481 1196.02 1195.565 1195.484 1195.403 1195.323 1195.242 1194.978 1194.515 1194.052
1274.374 1272.596 1268.919 1262.915 1256.911 1250.908 1244.904 1237.442 1229.841 1222.24 1214.639 1209.11 1207.008 1204.905 1202.803 1200.701 1200.471 1200.597 1200.722 1200.848 1200.905 1200.806 1200.708 1200.609 1200.511 1200.25 1199.94 1199.63 1199.319 1199.073 1199.037 1199.001 1198.965 1198.93 1198.931 1198.949 1198.967 1198.985 1199.0 1199.0 1199.0 1199.0 1199.0 1199.0 1199.0 1199.0 1199.0 1198.964 1198.556 1198.147 1197.739 1197.33 1196.816 1196.215 1195.615 1195.015 1194.422 1194.33 1194.239 1194.147 1194.056 1193.928 1193.759 1193.591
1279.338 1277.683 1273.942 1267.643 1261.344 1255.046 1248.747 1240.961 1233.033 1225.105 1217.177 1211.268 1208.7 1206.131 1203.563 1200.994 1200.753 1200.954 1201.154 1201.355 1201.446 1201.289 1201.131 1200.974 1200.816 1200.5 1200.136 1199.773 1199.409 1199.117 1199.059 1199.002 1198.945 1198.888 1198.89 1198.919 1198.947 1198.976 1199.0 1199.0 1199.0 1199.0 1199.0 1199.0 1199.0 1199.0 1199.0 1198.955 1198.433 1197.912 1197.391 1196.87 1196.228 1195.489 1194.749 1194.009 1193.279 1193.177 1193.074 1192.972 1192.87 1192.877 1193.004 1193.13
1284.301 1282.77 1278.964 1272.371 1265.777 1259.184 1252.59 1244.48 1236.225 1227.97 1219.715 1213.427 1210.392 1207.357 1204.322 1201.287 1201.035 1201.311 1201.586 1201.862 1201.987 1201.771 1201.554 1201.338 1201.121 1200.751 1200.333 1199.916 1199.499 1199.16 1199.082 1199.003 1198.924 1198.845 1198.849 1198.888 1198.928 1198.967 1199.0 1199.0 1199.0 1199.0 1199.0 1199.0 1199.0 1199.0 1199.0 1198.945 1198.311 1197.677 1197.044 1196.41 1195.641 1194.762 1193.883 1193.004 1192.136 1192.023 1191.91 1191.797 1191.684 1191.827 1192.248 1192.669
1288.941 1287.529 1283.675 1276.829 1269.983 1263.137 1256.291 1247.877 1239.315 1230.752 1222.189 1215.539 1212.054 1208.568 1205.083 1201.598 1201.347 1201.711 1202.074 1202.437 1202.609 1202.342 1202.076 1201.81 1201.544 1201.103 1200.61 1200.117 1199.623 1199.22 1199.113 1199.006 1198.9 1198.793 1198.793 1198.839 1198.885 1198.931 1198.971 1198.976 1198.981 1198.986 1198.991 1198.987 1198.979 1198.971 1198.963 1198.891 1198.153 1197.415 1196.677 1195.939 1195.047 1194.03 1193.013 1191.997 1190.993 1190.871 1190.749 1190.627 1190.505 1190.783 1191.497 1192.212
1290.729 1289.403 1285.649 1278.921 1272.193 1265.465 1258.737 1250.206 1241.504 1232.802 1224.1 1217.246 1213.45 1209.653 1205.857 1202.061 1201.927 1202.489 1203.051 1203.612 1203.932 1203.698 1203.464 1203.23 1202.996 1202.353 1201.586 1200.819 1200.052 1199.419 1199.226 1199.034 1198.841 1198.649 1198.604 1198.623 1198.643 1198.662 1198.687 1198.74 1198.793 1198.846 1198.9 1198.864 1198.776 1198.687 1198.599 1198.451 1197.68 1196.91 1196.14 1195.37 1194.396 1193.255 1192.115 1190.975 1189.85 1189.733 1189.617 1189.5 1189.384 1189.798 1190.791 1191.784
1292.517 1291.277 1287.624 1281.013 1274.403 1267.793 1261.182 1252.535 1243.693 1234.852 1226.01 1218.953 1214.845 1210.738 1206.631 1202.524 1202.508 1203.268 1204.027 1204.787 1205.255 1205.053 1204.851 1204.649 1204.447 1203.602 1202.561 1201.521 1200.481 1199.618 1199.339 1199.061 1198.783 1198.505 1198.415 1198.407 1198.4 1198.393 1198.403 1198.504 1198.606 1198.707 1198.808 1198.741 1198.572 1198.403 1198.234 1198.01 1197.208 1196.405 1195.603 1194.8 1193.744 1192.481 1191.217 1189.954 1188.707 1188.596 1188.484 1188.373 1188.262 1188.812 1190.084 1191.356
