data/zism_data/00125_01_D.txt
ncols         224
nrows         224
[rows 84 to 111 of 224, columns 126 to 188 of 224]
1284.592 1285.013 1285.447 1285.881 1286.316 1286.773 1287.294 1287.815 1288.336 1288.857 1289.299 1289.711 1290.123 1290.535 1290.942 1291.332 1291.722 1292.112 1292.501 1292.977 1293.498 1294.019 1294.539 1295.043 1295.41 1295.777 1296.145 1296.512 1296.841 1297.141 1297.442 1297.742 1298.06 1298.75 1299.44 1300.13 1300.821 1302.346 1304.683 1307.02 1309.357 1311.694 1314.193 1316.697 1319.201 1321.704 1324.26 1326.883 1329.506 1332.129 1334.752 1337.066 1339.345 1341.625 1343.904 1346.214 1348.581 1350.947 1353.313 1355.679 1357.931 1360.159 1362.387
1284.592 1284.974 1285.36 1285.746 1286.131 1286.565 1287.135 1287.704 1288.274 1288.843 1289.275 1289.655 1290.034 1290.414 1290.792 1291.166 1291.539 1291.913 1292.286 1292.788 1293.357 1293.927 1294.496 1295.043 1295.41 1295.777 1296.145 1296.512 1296.869 1297.218 1297.567 1297.916 1298.282 1299.004 1299.727 1300.449 1301.172 1302.782 1305.254 1307.726 1310.198 1312.67 1315.152 1317.634 1320.116 1322.598 1325.149 1327.788 1330.427 1333.066 1335.706 1338.084 1340.434 1342.783 1345.133 1347.549 1350.082 1352.616 1355.149 1357.682 1360.008 1362.29 1364.572
1284.638 1284.997 1285.355 1285.712 1286.069 1286.487 1287.075 1287.662 1288.25 1288.838 1289.266 1289.634 1290.001 1290.368 1290.736 1291.103 1291.471 1291.838 1292.206 1292.717 1293.305 1293.892 1294.48 1295.043 1295.417 1295.792 1296.166 1296.54 1296.912 1297.283 1297.654 1298.025 1298.413 1299.199 1299.984 1300.769 1301.554 1303.231 1305.774 1308.317 1310.86 1313.403 1315.879 1318.354 1320.828 1323.302 1325.819 1328.394 1330.969 1333.543 1336.118 1338.505 1340.871 1343.236 1345.602 1348.055 1350.662 1353.268 1355.875 1358.482 1360.812 1363.084 1365.356
1284.711 1285.058 1285.399 1285.74 1286.081 1286.487 1287.075 1287.662 1288.25 1288.838 1289.266 1289.634 1290.001 1290.368 1290.736 1291.103 1291.471 1291.838 1292.206 1292.717 1293.305 1293.892 1294.48 1295.045 1295.43 1295.814 1296.199 1296.584 1296.964 1297.34 1297.717 1298.093 1298.49 1299.357 1300.223 1301.089 1301.955 1303.689 1306.264 1308.839 1311.415 1313.99 1316.467 1318.941 1321.415 1323.889 1326.358 1328.819 1331.28 1333.742 1336.203 1338.564 1340.913 1343.263 1345.613 1348.061 1350.684 1353.307 1355.929 1358.552 1360.845 1363.069 1365.292
1284.785 1285.118 1285.443 1285.768 1286.093 1286.487 1287.075 1287.662 1288.25 1288.838 1289.266 1289.634 1290.001 1290.368 1290.736 1291.103 1291.471 1291.838 1292.206 1292.717 1293.305 1293.892 1294.48 1295.046 1295.442 1295.837 1296.233 1296.629 1297.016 1297.398 1297.78 1298.161 1298.567 1299.515 1300.462 1301.409 1302.356 1304.146 1306.754 1309.362 1311.969 1314.577 1317.055 1319.529 1322.003 1324.477 1326.896 1329.244 1331.592 1333.94 1336.288 1338.623 1340.956 1343.289 1345.623 1348.067 1350.706 1353.345 1355.984 1358.623 1360.879 1363.053 1365.228
1284.858 1285.179 1285.488 1285.797 1286.105 1286.487 1287.075 1287.662 1288.25 1288.838 1289.266 1289.634 1290.001 1290.368 1290.736 1291.103 1291.471 1291.838 1292.206 1292.717 1293.305 1293.892 1294.48 1295.047 1295.454 1295.86 1296.267 1296.673 1297.068 1297.455 1297.842 1298.229 1298.644 1299.673 1300.701 1301.729 1302.757 1304.603 1307.244 1309.884 1312.524 1315.164 1317.643 1320.117 1322.591 1325.065 1327.435 1329.669 1331.904 1334.138 1336.373 1338.682 1340.999 1343.316 1345.633 1348.073 1350.728 1353.383 1356.038 1358.694 1360.912 1363.038 1365.165
1284.938 1285.248 1285.544 1285.839 1286.134 1286.505 1287.088 1287.672 1288.256 1288.839 1289.268 1289.639 1290.009 1290.379 1290.748 1291.113 1291.477 1291.842 1292.207 1292.717 1293.305 1293.892 1294.48 1295.048 1295.467 1295.885 1296.303 1296.722 1297.126 1297.52 1297.914 1298.309 1298.734 1299.842 1300.95 1302.058 1303.166 1305.06 1307.718 1310.376 1313.034 1315.692 1318.165 1320.632 1323.1 1325.567 1327.885 1330.009 1332.133 1334.257 1336.381 1338.657 1340.951 1343.244 1345.538 1347.964 1350.623 1353.283 1355.943 1358.602 1360.776 1362.848 1364.919
1285.085 1285.408 1285.72 1286.031 1286.343 1286.713 1287.248 1287.783 1288.318 1288.853 1289.292 1289.694 1290.097 1290.5 1290.889 1291.221 1291.553 1291.886 1292.218 1292.717 1293.305 1293.892 1294.48 1295.051 1295.491 1295.931 1296.371 1296.81 1297.24 1297.661 1298.082 1298.503 1298.957 1300.13 1301.303 1302.475 1303.648 1305.506 1308.029 1310.552 1313.075 1315.598 1317.994 1320.385 1322.777 1325.169 1327.409 1329.452 1331.495 1333.538 1335.581 1337.757 1339.948 1342.138 1344.329 1346.647 1349.188 1351.729 1354.27 1356.81 1358.865 1360.818 1362.771
1285.232 1285.568 1285.896 1286.223 1286.551 1286.92 1287.407 1287.893 1288.38 1288.866 1289.315 1289.75 1290.185 1290.62 1291.03 1291.33 1291.629 1291.929 1292.229 1292.717 1293.305 1293.892 1294.48 1295.053 1295.515 1295.976 1296.438 1296.899 1297.353 1297.801 1298.25 1298.698 1299.181 1300.418 1301.656 1302.893 1304.13 1305.952 1308.34 1310.728 1313.116 1315.504 1317.822 1320.138 1322.455 1324.771 1326.933 1328.895 1330.857 1332.819 1334.781 1336.856 1338.944 1341.033 1343.121 1345.33 1347.752 1350.174 1352.596 1355.019 1356.955 1358.789 1360.623
1285.379 1285.728 1286.072 1286.416 1286.76 1287.128 1287.566 1288.004 1288.442 1288.879 1289.339 1289.806 1290.274 1290.741 1291.171 1291.438 1291.706 1291.973 1292.24 1292.717 1293.305 1293.892 1294.48 1295.056 1295.539 1296.022 1296.505 1296.988 1297.467 1297.942 1298.417 1298.893 1299.404 1300.706 1302.008 1303.311 1304.613 1306.397 1308.651 1310.904 1313.157 1315.41 1317.651 1319.891 1322.132 1324.373 1326.457 1328.338 1330.219 1332.1 1333.981 1335.956 1337.941 1339.927 1341.913 1344.014 1346.317 1348.62 1350.923 1353.227 1355.044 1356.759 1358.475
1285.526 1285.888 1286.248 1286.608 1286.968 1287.336 1287.725 1288.114 1288.504 1288.893 1289.362 1289.862 1290.362 1290.862 1291.312 1291.547 1291.782 1292.017 1292.252 1292.717 1293.305 1293.892 1294.48 1295.058 1295.563 1296.068 1296.573 1297.077 1297.58 1298.083 1298.585 1299.087 1299.627 1300.994 1302.361 1303.728 1305.095 1306.843 1308.961 1311.079 1313.198 1315.316 1317.479 1319.645 1321.81 1323.975 1325.981 1327.781 1329.581 1331.381 1333.181 1335.055 1336.938 1338.821 1340.705 1342.697 1344.881 1347.066 1349.25 1351.435 1353.133 1354.73 1356.326
1285.688 1286.054 1286.421 1286.789 1287.156 1287.525 1287.899 1288.272 1288.645 1289.019 1289.481 1289.978 1290.474 1290.971 1291.419 1291.657 1291.895 1292.134 1292.372 1292.821 1293.382 1293.943 1294.504 1295.06 1295.581 1296.101 1296.621 1297.142 1297.655 1298.163 1298.672 1299.18 1299.727 1301.105 1302.483 1303.862 1305.24 1306.916 1308.881 1310.847 1312.812 1314.777 1316.805 1318.835 1320.865 1322.895 1324.808 1326.568 1328.329 1330.09 1331.85 1333.631 1335.415 1337.198 1338.982 1340.888 1343.01 1345.132 1347.255 1349.377 1350.969 1352.449 1353.93
1285.861 1286.225 1286.593 1286.96 1287.328 1287.699 1288.084 1288.468 1288.852 1289.236 1289.678 1290.142 1290.606 1291.071 1291.498 1291.769 1292.04 1292.31 1292.581 1293.009 1293.522 1294.034 1294.547 1295.062 1295.593 1296.124 1296.655 1297.186 1297.698 1298.195 1298.693 1299.191 1299.725 1301.071 1302.417 1303.763 1305.109 1306.684 1308.482 1310.28 1312.078 1313.876 1315.721 1317.567 1319.413 1321.26 1323.067 1324.822 1326.577 1328.332 1330.087 1331.78 1333.467 1335.153 1336.839 1338.678 1340.784 1342.89 1344.996 1347.102 1348.597 1349.964 1351.332
1286.035 1286.397 1286.764 1287.132 1287.499 1287.874 1288.269 1288.664 1289.059 1289.453 1289.875 1290.307 1290.739 1291.17 1291.578 1291.881 1292.184 1292.487 1292.79 1293.198 1293.662 1294.126 1294.59 1295.063 1295.605 1296.147 1296.689 1297.23 1297.74 1298.227 1298.714 1299.201 1299.724 1301.037 1302.351 1303.664 1304.978 1306.452 1308.083 1309.713 1311.344 1312.974 1314.636 1316.299 1317.962 1319.625 1321.325 1323.075 1324.825 1326.574 1328.324 1329.929 1331.519 1333.108 1334.697 1336.467 1338.557 1340.647 1342.737 1344.826 1346.226 1347.479 1348.733
1286.209 1286.568 1286.936 1287.303 1287.671 1288.048 1288.454 1288.859 1289.265 1289.671 1290.072 1290.471 1290.871 1291.27 1291.657 1291.993 1292.328 1292.664 1292.999 1293.387 1293.802 1294.218 1294.633 1295.064 1295.617 1296.17 1296.722 1297.275 1297.783 1298.259 1298.735 1299.211 1299.722 1301.004 1302.285 1303.566 1304.847 1306.22 1307.683 1309.147 1310.61 1312.073 1313.552 1315.031 1316.51 1317.989 1319.584 1321.328 1323.072 1324.817 1326.561 1328.079 1329.571 1331.063 1332.554 1334.257 1336.331 1338.404 1340.478 1342.551 1343.854 1344.995 1346.135
1286.381 1286.738 1287.105 1287.473 1287.84 1288.22 1288.637 1289.053 1289.469 1289.885 1290.266 1290.634 1291.001 1291.368 1291.736 1292.104 1292.471 1292.839 1293.207 1293.574 1293.942 1294.31 1294.678 1295.068 1295.631 1296.193 1296.756 1297.318 1297.824 1298.29 1298.755 1299.22 1299.719 1300.966 1302.213 1303.459 1304.706 1305.978 1307.274 1308.57 1309.866 1311.163 1312.46 1313.757 1315.054 1316.351 1317.839 1319.577 1321.315 1323.052 1324.79 1326.221 1327.617 1329.013 1330.409 1332.045 1334.102 1336.159 1338.216 1340.273 1341.481 1342.511 1343.54
1286.431 1286.787 1287.154 1287.522 1287.889 1288.267 1288.672 1289.078 1289.483 1289.888 1290.266 1290.634 1291.001 1291.368 1291.739 1292.123 1292.507 1292.891 1293.274 1293.669 1294.069 1294.469 1294.87 1295.282 1295.785 1296.288 1296.791 1297.294 1297.763 1298.206 1298.65 1299.093 1299.565 1300.65 1301.734 1302.819 1303.904 1305.025 1306.181 1307.337 1308.492 1309.648 1310.862 1312.078 1313.295 1314.511 1315.909 1317.544 1319.179 1320.814 1322.449 1323.879 1325.286 1326.693 1328.1 1329.729 1331.748 1333.768 1335.787 1337.806 1339.043 1340.116 1341.188
1286.481 1286.836 1287.203 1287.571 1287.938 1288.313 1288.707 1289.102 1289.497 1289.891 1290.266 1290.634 1291.001 1291.368 1291.742 1292.142 1292.542 1292.942 1293.342 1293.764 1294.196 1294.629 1295.062 1295.495 1295.939 1296.383 1296.827 1297.27 1297.701 1298.123 1298.545 1298.967 1299.411 1300.334 1301.256 1302.179 1303.102 1304.072 1305.087 1306.103 1307.118 1308.133 1309.265 1310.4 1311.535 1312.67 1313.978 1315.51 1317.043 1318.575 1320.108 1321.537 1322.955 1324.373 1325.791 1327.413 1329.394 1331.376 1333.357 1335.339 1336.605 1337.721 1338.836
1286.531 1286.885 1287.252 1287.62 1287.987 1288.359 1288.743 1289.127 1289.51 1289.894 1290.266 1290.634 1291.001 1291.368 1291.745 1292.161 1292.578 1292.994 1293.41 1293.858 1294.323 1294.788 1295.253 1295.709 1296.093 1296.478 1296.862 1297.246 1297.64 1298.04 1298.44 1298.841 1299.257 1300.018 1300.778 1301.539 1302.3 1303.119 1303.994 1304.869 1305.744 1306.619 1307.668 1308.722 1309.776 1310.83 1312.047 1313.477 1314.907 1316.337 1317.766 1319.195 1320.624 1322.053 1323.481 1325.097 1327.04 1328.984 1330.928 1332.871 1334.167 1335.326 1336.484
1286.581 1286.934 1287.301 1287.669 1288.036 1288.405 1288.778 1289.151 1289.524 1289.897 1290.266 1290.634 1291.001 1291.368 1291.748 1292.181 1292.613 1293.046 1293.478 1293.953 1294.45 1294.948 1295.445 1295.923 1296.248 1296.573 1296.897 1297.222 1297.578 1297.957 1298.336 1298.714 1299.103 1299.702 1300.3 1300.899 1301.498 1302.166 1302.901 1303.635 1304.37 1305.104 1306.07 1307.044 1308.017 1308.99 1310.117 1311.444 1312.771 1314.098 1315.425 1316.854 1318.293 1319.732 1321.172 1322.78 1324.686 1326.592 1328.498 1330.404 1331.728 1332.931 1334.133
1286.711 1287.065 1287.432 1287.8 1288.167 1288.529 1288.873 1289.217 1289.561 1289.905 1290.272 1290.647 1291.022 1291.397 1291.782 1292.207 1292.633 1293.058 1293.484 1293.957 1294.456 1294.955 1295.453 1295.93 1296.231 1296.533 1296.834 1297.136 1297.471 1297.831 1298.191 1298.551 1298.916 1299.399 1299.882 1300.366 1300.849 1301.395 1302.002 1302.609 1303.217 1303.824 1304.68 1305.544 1306.407 1307.271 1308.275 1309.461 1310.646 1311.832 1313.018 1314.446 1315.902 1317.357 1318.812 1320.43 1322.335 1324.239 1326.143 1328.047 1329.412 1330.662 1331.913
1286.928 1287.285 1287.653 1288.02 1288.388 1288.736 1289.032 1289.328 1289.623 1289.919 1290.284 1290.675 1291.066 1291.458 1291.849 1292.242 1292.635 1293.028 1293.421 1293.862 1294.329 1294.795 1295.262 1295.711 1296.029 1296.347 1296.665 1296.982 1297.315 1297.659 1298.002 1298.346 1298.692 1299.111 1299.529 1299.948 1300.367 1300.823 1301.317 1301.811 1302.304 1302.798 1303.515 1304.238 1304.961 1305.685 1306.529 1307.531 1308.534 1309.536 1310.538 1311.967 1313.444 1314.921 1316.398 1318.044 1319.986 1321.928 1323.87 1325.812 1327.227 1328.532 1329.836
1287.145 1287.506 1287.873 1288.241 1288.608 1288.944 1289.191 1289.438 1289.685 1289.932 1290.295 1290.703 1291.11 1291.518 1291.917 1292.277 1292.638 1292.999 1293.359 1293.768 1294.202 1294.636 1295.07 1295.492 1295.826 1296.161 1296.495 1296.829 1297.159 1297.486 1297.813 1298.141 1298.469 1298.823 1299.177 1299.53 1299.884 1300.251 1300.632 1301.012 1301.392 1301.773 1302.35 1302.933 1303.516 1304.098 1304.784 1305.602 1306.421 1307.24 1308.059 1309.488 1310.987 1312.485 1313.984 1315.657 1317.637 1319.617 1321.597 1323.576 1325.043 1326.401 1327.76
1287.362 1287.726 1288.094 1288.461 1288.829 1289.152 1289.35 1289.549 1289.747 1289.945 1290.307 1290.731 1291.155 1291.578 1291.984 1292.312 1292.641 1292.969 1293.297 1293.673 1294.075 1294.476 1294.878 1295.274 1295.624 1295.974 1296.325 1296.675 1297.002 1297.313 1297.625 1297.936 1298.246 1298.535 1298.824 1299.113 1299.402 1299.68 1299.947 1300.213 1300.48 1300.747 1301.185 1301.627 1302.07 1302.512 1303.038 1303.673 1304.309 1304.944 1305.579 1307.009 1308.53 1310.05 1311.57 1313.27 1315.288 1317.306 1319.323 1321.341 1322.859 1324.271 1325.683
1287.579 1287.947 1288.314 1288.682 1289.049 1289.36 1289.509 1289.659 1289.809 1289.959 1290.319 1290.759 1291.199 1291.639 1292.052 1292.347 1292.643 1292.939 1293.235 1293.578 1293.948 1294.317 1294.686 1295.055 1295.422 1295.788 1296.155 1296.521 1296.846 1297.141 1297.436 1297.731 1298.023 1298.247 1298.471 1298.695 1298.919 1299.108 1299.261 1299.415 1299.568 1299.722 1300.02 1300.322 1300.624 1300.926 1301.293 1301.744 1302.196 1302.647 1303.099 1304.53 1306.072 1307.614 1309.156 1310.884 1312.939 1314.994 1317.05 1319.105 1320.674 1322.141 1323.607
1287.85 1288.193 1288.535 1288.877 1289.219 1289.514 1289.676 1289.839 1290.001 1290.163 1290.509 1290.924 1291.34 1291.755 1292.144 1292.417 1292.691 1292.965 1293.238 1293.573 1293.94 1294.308 1294.675 1295.04 1295.387 1295.734 1296.081 1296.428 1296.739 1297.023 1297.306 1297.59 1297.87 1298.076 1298.281 1298.486 1298.691 1298.87 1299.021 1299.174 1299.326 1299.478 1299.718 1299.961 1300.204 1300.447 1300.776 1301.217 1301.658 1302.099 1302.54 1304.012 1305.601 1307.19 1308.779 1310.521 1312.533 1314.545 1316.557 1318.568 1320.17 1321.685 1323.201
1288.124 1288.441 1288.756 1289.071 1289.386 1289.665 1289.844 1290.022 1290.201 1290.379 1290.71 1291.098 1291.487 1291.875 1292.238 1292.49 1292.742 1292.994 1293.246 1293.573 1293.94 1294.308 1294.675 1295.038 1295.363 1295.689 1296.014 1296.34 1296.635 1296.908 1297.181 1297.453 1297.723 1297.912 1298.101 1298.29 1298.479 1298.652 1298.809 1298.967 1299.124 1299.281 1299.47 1299.659 1299.848 1300.037 1300.335 1300.776 1301.217 1301.658 1302.099 1303.615 1305.253 1306.89 1308.527 1310.283 1312.246 1314.209 1316.173 1318.136 1319.769 1321.333 1322.897
1288.398 1288.689 1288.977 1289.265 1289.553 1289.817 1290.011 1290.206 1290.4 1290.595 1290.911 1291.272 1291.633 1291.995 1292.332 1292.562 1292.792 1293.023 1293.253 1293.573 1293.94 1294.308 1294.675 1295.035 1295.339 1295.643 1295.947 1296.251 1296.53 1296.792 1297.055 1297.317 1297.575 1297.748 1297.921 1298.094 1298.266 1298.434 1298.597 1298.76 1298.923 1299.085 1299.221 1299.356 1299.491 1299.627 1299.895 1300.335 1300.776 1301.217 1301.658 1303.218 1304.904 1306.59 1308.276 1310.045 1311.959 1313.874 1315.789 1317.703 1319.369 1320.981 1322.594
