data/zism_data/00120_02_D.txt
ncols         224
nrows         224
[rows 112 to 139 of 224, columns 126 to 188 of 224]
902.3922 905.4642 908.5363 911.6083 912.4843 910.6685 908.8525 907.0367 905.2208 892.6907 879.1406 865.59 852.0398 840.9366 833.8812 826.8256 819.7702 812.7146 822.3954 835.2505 848.1052 860.9602 871.5956 877.1584 882.7214 888.2842 893.8472 893.0211 890.2661 887.5113 884.7564 882.1575 880.0747 877.9921 875.9094 873.8267 870.882 867.5599 864.238 860.9159 857.7292 855.2561 852.783 850.3099 847.8368 841.8286 833.6832 825.5376 817.3922 809.0251 798.3339 787.6426 776.951 766.2597 752.9851 737.6038 722.222 706.8407 691.4625 676.3327 661.2023 646.0724 630.9421
905.8824 910.4241 914.966 919.5077 921.3893 920.0103 918.6312 917.2521 915.873 902.4132 887.8032 873.1926 858.5826 846.3448 838.0316 829.718 821.4047 813.0911 822.6283 835.5511 848.4735 861.3964 871.8055 876.4703 881.1353 885.8 890.465 888.4328 884.3788 880.325 876.2709 872.582 870.1015 867.6212 865.1407 862.6603 859.3947 855.7852 852.1759 848.5665 845.2415 843.4155 841.5896 839.7636 837.9377 832.6815 825.3514 818.0212 810.6912 803.0339 791.9453 780.8566 769.7675 758.6788 744.8934 728.9089 712.9239 696.9394 680.9824 666.9348 652.8865 638.8389 624.7907
911.8645 917.896 923.9277 929.9591 932.4897 930.7288 928.9678 927.2068 925.4459 910.843 895.0174 879.1913 863.3657 849.9995 840.702 831.4042 822.1067 812.8088 821.71 834.0627 846.415 858.7677 868.3808 871.7332 875.0857 878.4381 881.7906 878.4833 873.1654 867.8477 862.5297 857.8138 855.0914 852.369 849.6465 846.9241 843.5735 839.9479 836.3225 832.697 829.4716 828.3555 827.2396 826.1235 825.0076 820.5552 814.0857 807.616 801.1465 794.2643 783.0519 771.8395 760.6266 749.4142 735.3808 719.0467 702.712 686.378 670.1001 657.6821 645.2635 632.8455 620.4269
917.8466 925.3678 932.8893 940.4105 943.59 941.4472 939.3044 937.1616 935.0188 919.2728 902.2316 885.1899 868.1487 853.6541 843.3724 833.0903 822.8087 812.5266 820.7916 832.5742 844.3564 856.139 864.9561 866.9961 869.0362 871.0762 873.1163 868.5339 861.952 855.3704 848.7886 843.0457 840.0812 837.1168 834.1522 831.1878 827.7524 824.1107 820.4691 816.8274 813.7016 813.2956 812.8895 812.4835 812.0775 808.4289 802.8199 797.2108 791.6018 785.4946 774.1584 762.8223 751.4858 740.1497 725.8682 709.1845 692.5002 675.8166 659.2178 648.4294 637.6405 626.8521 616.0632
923.8286 932.8397 941.851 950.8619 954.6904 952.1657 949.641 947.1163 944.5917 927.7026 909.4459 891.1885 872.9318 857.3088 846.0428 834.7766 823.5106 812.2443 819.8732 831.0857 842.2978 853.5103 861.5314 862.259 862.9866 863.7143 864.4419 858.5844 850.7386 842.8931 835.0474 828.2776 825.071 821.8646 818.658 815.4516 811.9312 808.2734 804.6157 800.9579 797.9317 798.2356 798.5396 798.8434 799.1473 796.3026 791.5542 786.8056 782.0572 776.7249 765.2651 753.8052 742.345 730.8852 716.3555 699.3223 682.2885 665.2552 648.3356 639.1767 630.0175 620.8586 611.6995
929.8107 940.3115 950.8126 961.3134 965.7906 962.8842 959.9776 957.0711 954.1646 936.1324 916.6602 897.1872 877.7148 860.9634 848.7133 836.4627 824.2126 811.962 818.9548 829.5972 840.2392 850.8816 858.1067 857.5219 856.9371 856.3524 855.7676 848.6349 839.5252 830.4158 821.3062 813.5095 810.0609 806.6124 803.1638 799.7153 796.1101 792.4361 788.7623 785.0883 782.1617 783.1757 784.1895 785.2034 786.2173 784.1763 780.2885 776.4004 772.5125 767.9551 756.3716 744.7881 733.2042 721.6207 706.8429 689.4601 672.0766 654.6938 637.4532 629.924 622.3945 614.8652 607.3357
936.3201 946.5679 956.816 967.0638 971.0764 967.4458 963.8151 960.1845 956.554 938.1229 918.2828 898.4421 878.6019 861.4349 848.6902 835.9451 823.2004 810.4552 816.2747 825.6151 834.9552 844.2956 850.5809 849.8843 849.1877 848.4911 847.7945 841.392 833.2667 825.1417 817.0164 809.9233 806.2485 802.5738 798.899 795.2243 790.6123 785.59 780.5678 775.5455 771.3226 771.3141 771.3057 771.2972 771.2888 769.1823 765.8074 762.4324 759.0575 755.0833 744.8188 734.5543 724.2896 714.025 700.4622 684.2093 667.9558 651.7029 635.5808 628.3859 621.1908 613.9959 606.8008
942.8409 952.7983 962.7559 972.7133 976.2372 971.8752 967.5131 963.1511 958.789 939.9752 919.7855 899.5951 879.4054 861.838 848.6093 835.3801 822.1513 808.9221 813.5569 821.5795 829.6019 837.6246 842.9671 842.1844 841.4018 840.6191 839.8364 834.2072 827.1145 820.0221 812.9295 806.5772 802.6765 798.776 794.8753 790.9748 785.3361 778.9368 772.5378 766.1385 760.5893 759.5213 758.4533 757.3853 756.3174 754.1267 751.2573 748.3879 745.5186 742.1233 733.2089 724.2944 715.3797 706.4653 694.1487 679.0575 663.9658 648.8746 633.9018 627.0135 620.1249 613.2366 606.348
949.3618 959.0286 968.6958 978.3627 981.3981 976.3047 971.211 966.1176 961.0241 941.8275 921.2881 900.7481 880.2088 862.2411 848.5284 834.8151 821.1023 807.389 810.839 817.5439 824.2487 830.9536 835.3533 834.4846 833.6158 832.7471 831.8784 827.0223 820.9623 814.9026 808.8426 803.2311 799.1046 794.9782 790.8516 786.7252 780.06 772.2838 764.5078 756.7315 749.856 747.7285 745.601 743.4734 741.3459 739.0711 736.7073 734.3434 731.9796 729.1633 721.5989 714.0345 706.4698 698.9055 687.8353 673.9058 659.9758 646.0462 632.2228 625.6411 619.0591 612.4773 605.8953
955.8825 965.259 974.6357 984.0121 986.559 980.7341 974.909 969.0841 963.2592 943.6797 922.7908 901.9011 881.0122 862.6443 848.4474 834.2501 820.0533 805.856 808.1211 813.5083 818.8954 824.2826 827.7395 826.7847 825.8299 824.8752 823.9203 819.8375 814.8102 809.7831 804.7557 799.8851 795.5327 791.1804 786.8279 782.4756 774.7839 765.6307 756.4778 747.3245 739.1227 735.9356 732.7486 729.5615 726.3745 724.0155 722.1572 720.2989 718.4406 716.2034 709.989 703.7746 697.56 691.3456 681.5218 668.754 655.9857 643.2179 630.5438 624.2686 617.9932 611.718 605.4426
960.2144 969.2775 978.3409 987.4041 989.7064 983.7213 977.736 971.751 965.7659 946.0515 925.03 904.0079 882.9865 864.3354 849.6066 834.8772 820.1483 805.4189 806.5128 810.6074 814.7019 818.7965 821.3552 820.4035 819.4517 818.5001 817.5483 813.8135 809.2385 804.6636 800.0885 795.5065 790.9007 786.2951 781.6894 777.0838 769.1423 759.7411 750.3401 740.9388 732.5075 729.1886 725.8698 722.5509 719.2321 716.9761 715.3629 713.7496 712.1364 710.2239 705.1699 700.1158 695.0616 690.0076 681.3134 669.6502 657.9865 646.3232 634.7281 627.786 620.8438 613.9017 606.9594
961.5829 970.3019 979.0211 987.7401 990.1283 984.7563 979.3842 974.0122 968.6403 949.1265 928.2664 907.4056 886.5455 867.7702 852.4443 837.1179 821.792 806.4656 806.4064 809.2424 812.0784 814.9145 816.6353 815.8073 814.9792 814.1512 813.3232 809.361 804.4525 799.5441 794.6355 789.73 784.8338 779.9377 775.0416 770.1455 763.0062 754.8851 746.7642 738.6431 731.4669 729.2722 727.0774 724.8826 722.6878 720.7884 719.0676 717.3467 715.6259 713.6937 709.5433 705.3929 701.2424 697.0919 689.3695 678.7335 668.0971 657.4611 646.8495 637.9229 628.996 620.0693 611.1424
962.9515 971.3262 979.7013 988.076 990.5502 985.7913 981.0323 976.2734 971.5146 952.2015 931.5028 910.8033 890.1047 871.2049 855.282 839.3586 823.4357 807.5123 806.3 807.8774 809.4549 811.0324 811.9154 811.2111 810.5067 809.8024 809.0981 804.9084 799.6664 794.4246 789.1825 783.9535 778.7668 773.5804 768.3937 763.2073 756.87 750.0291 743.1883 736.3474 730.4264 729.3557 728.285 727.2142 726.1436 724.6006 722.7722 720.9438 719.1154 717.1636 713.9168 710.67 707.4231 704.1763 697.4256 687.8168 678.2077 668.5989 658.9709 648.0598 637.1481 626.2369 615.3254
964.3201 972.3506 980.3815 988.412 990.972 986.8263 982.6804 978.5347 974.389 955.2766 934.7392 914.2011 893.6638 874.6396 858.1198 841.5993 825.0794 808.559 806.1936 806.5125 806.8314 807.1504 807.1955 806.6149 806.0342 805.4536 804.873 800.4559 794.8804 789.3051 783.7296 778.1771 772.7 767.223 761.7459 756.269 750.7339 745.173 739.6124 734.0516 729.3859 729.4392 729.4926 729.5459 729.5992 728.4128 726.4769 724.5408 722.6049 720.6335 718.2903 715.9471 713.6038 711.2607 705.4817 696.9001 688.3183 679.7368 671.0923 658.1966 645.3004 632.4046 619.5084
965.6887 973.3751 981.0616 988.7479 991.3939 987.8613 984.3286 980.7959 977.2633 958.3516 937.9756 917.5989 897.2229 878.0743 860.9575 843.84 826.7231 809.6057 806.0872 805.1476 804.2079 803.2683 802.4756 802.0187 801.5617 801.1048 800.6479 796.0033 790.0943 784.1855 778.2766 772.4006 766.633 760.8657 755.0981 749.3307 744.5977 740.317 736.0365 731.7558 728.3453 729.5228 730.7001 731.8776 733.0549 732.225 730.1815 728.1379 726.0944 724.1033 722.6638 721.2242 719.7846 718.345 713.5378 705.9835 698.4289 690.8746 683.2138 668.3334 653.4526 638.5722 623.6913
966.0432 973.3478 980.6526 987.9573 990.3151 986.6088 982.9024 979.1962 975.4899 956.9284 936.9526 916.9762 897.0004 878.0616 860.8394 843.6167 826.3945 809.1718 804.5157 802.2426 799.9695 797.6964 795.5833 793.8357 792.088 790.3404 788.5927 783.6193 777.672 771.7248 765.7774 760.1065 755.3505 750.5945 745.8385 741.0826 738.395 736.6122 734.8294 733.0466 732.0105 734.9114 737.8123 740.7133 743.6141 744.3911 743.8838 743.3765 742.8691 742.3377 741.5535 740.7693 739.9852 739.201 734.6556 727.0421 719.4282 711.8147 704.078 687.9905 671.9025 655.8149 639.7269
966.2469 973.1644 980.082 986.9995 989.0134 985.0168 981.02 977.0233 973.0266 954.8376 935.2975 915.7567 896.2166 877.5371 860.2827 843.0276 825.7732 808.5182 802.7267 799.109 795.4914 791.8737 788.3685 785.1203 781.8719 778.6237 775.3753 770.0581 764.1161 758.1744 752.2324 746.845 743.2936 739.7425 736.1912 732.64 732.1824 733.0782 733.974 734.8698 736.3741 741.0876 745.801 750.5144 755.2277 757.7971 759.07 760.343 761.6159 762.7637 762.5981 762.4324 762.2668 762.1012 757.7123 749.8782 742.0439 734.2098 726.24 709.0607 691.8809 674.7016 657.5218
966.4508 972.981 979.5114 986.0416 987.7119 983.4247 979.1375 974.8503 970.5632 952.7468 933.6423 914.5372 895.4328 877.0126 859.726 842.4386 825.1519 807.8646 800.9378 795.9755 791.0133 786.051 781.1537 776.4048 771.6558 766.9069 762.1579 756.4969 750.5603 744.6239 738.6873 733.5834 731.2369 728.8904 726.5439 724.1974 725.9698 729.5442 733.1185 736.693 740.7378 747.2638 753.7896 760.3156 766.8414 771.2032 774.2563 777.3095 780.3626 783.1897 783.6426 784.0955 784.5485 785.0013 780.7689 772.7144 764.6595 756.6049 748.402 730.1309 711.8593 693.5883 675.3167
966.6547 972.7976 978.9408 985.0837 986.4102 981.8327 977.255 972.6774 968.0999 950.656 931.9872 913.3177 894.649 876.4882 859.1692 841.8495 824.5306 807.211 799.1488 792.8419 786.5352 780.2283 773.939 767.6895 761.4397 755.1902 748.9405 742.9357 737.0045 731.0735 725.1423 720.3218 719.1801 718.0383 716.8966 715.7549 719.7571 726.0102 732.2631 738.5161 745.1014 753.4399 761.7782 770.1167 778.455 784.6092 789.4426 794.2761 799.1094 803.6157 804.6871 805.7586 806.8301 807.9016 803.8256 795.5505 787.2751 779.0001 770.5639 751.2012 731.8377 712.475 693.1116
965.1346 970.7557 976.3771 981.9984 982.8978 978.0094 973.1208 968.2324 963.344 946.5522 928.6274 910.7018 892.777 875.1459 858.0024 840.8583 823.7147 806.5706 797.724 790.4505 783.1773 775.9039 768.5301 760.9264 753.3224 745.7188 738.1149 731.982 726.2929 720.6041 714.915 710.5472 710.5557 710.5642 710.5727 710.5812 716.4402 724.8593 733.2781 741.6971 750.3187 760.0099 769.7009 779.3922 789.0831 796.623 802.8619 809.101 815.3399 821.1813 822.8474 824.5136 826.1798 827.8459 824.0424 815.7767 807.5107 799.245 790.8074 770.7037 750.5992 730.4955 710.3911
959.8937 964.7028 969.5121 974.3212 974.6138 969.3704 964.1268 958.8834 953.64 938.1041 921.5884 905.0721 888.5563 872.0386 855.5189 838.9987 822.479 805.9588 797.0851 789.661 782.2372 774.8132 767.0187 758.3771 749.735 741.0933 732.4514 726.6561 721.72 716.7841 711.848 708.2981 709.3392 710.3803 711.4214 712.4626 719.373 728.8517 738.3301 747.8087 757.3784 767.43 777.4813 787.5328 797.5841 805.6318 812.4677 819.3038 826.1397 832.5734 834.7828 836.9922 839.2017 841.4111 838.1299 830.3698 822.6094 814.8493 806.9102 786.8226 766.7343 746.6467 726.5585
954.6529 958.6498 962.647 966.6439 966.3299 960.7315 955.1329 949.5345 943.9361 929.6559 914.5494 899.4423 884.3357 868.9312 853.0355 837.1391 821.2433 805.347 796.4461 788.8715 781.2972 773.7226 765.5074 755.8277 746.1476 736.4679 726.7878 721.3303 717.1472 712.9642 708.7811 706.049 708.1227 710.1965 712.2703 714.344 722.3058 732.8441 743.382 753.9203 764.4381 774.85 785.2616 795.6736 806.0851 814.6407 822.0735 829.5067 836.9395 843.9656 846.7182 849.4708 852.2236 854.9762 852.2176 844.963 837.7082 830.4536 823.0129 802.9415 782.8694 762.798 742.7258
949.412 952.5969 955.7819 958.9667 958.0459 952.0925 946.1389 940.1855 934.2322 921.2078 907.5104 893.8125 880.1151 865.8239 850.552 835.2795 820.0076 804.7352 795.8072 788.082 780.3571 772.632 763.9962 753.2784 742.5602 731.8424 721.1243 716.0044 712.5743 709.1443 705.7142 703.7999 706.9063 710.0126 713.119 716.2253 725.2385 736.8365 748.434 760.0319 771.4978 782.2701 793.042 803.8143 814.5862 823.6496 831.6794 839.7095 847.7393 855.3577 858.6536 861.9495 865.2455 868.5413 866.3052 859.5562 852.8069 846.0579 839.1157 819.0604 799.0045 778.9492 758.8932
944.1712 946.5439 948.9168 951.2896 949.762 943.4536 937.145 930.8366 924.5283 912.7596 900.4714 888.1827 875.8945 862.7166 848.0685 833.42 818.7719 804.1234 795.1683 787.2925 779.4171 771.5413 762.4848 750.729 738.9728 727.217 715.4608 710.6785 708.0014 705.3244 702.6473 701.5507 705.6898 709.8287 713.9678 718.1068 728.1713 740.8289 753.4859 766.1434 778.5575 789.6901 800.8224 811.955 823.0872 832.6584 841.2853 849.9124 858.5391 866.7499 870.589 874.4281 878.2673 882.1065 880.3929 874.1494 867.9057 861.6622 855.2185 835.1794 815.1395 795.1004 775.0605
933.5118 934.8223 936.1329 937.4433 935.3923 929.2211 923.0496 916.8784 910.7072 900.7352 890.4017 880.0677 869.7341 858.4716 845.6736 832.8751 820.0771 807.2787 798.7091 790.9412 783.1735 775.4055 766.1818 753.6298 741.0775 728.5256 715.9733 710.9359 708.1669 705.3981 702.6291 701.7195 706.9692 712.2187 717.4683 722.7178 733.1528 745.8569 758.5605 771.2646 783.5889 793.9131 804.2369 814.5611 824.8849 834.3216 843.2214 852.1215 861.0213 869.5245 873.8618 878.1991 882.5365 886.8737 885.8047 880.3251 874.8454 869.3658 863.6853 844.3595 825.033 805.7072 786.3806
921.1649 921.3352 921.5055 921.6758 919.1273 913.2465 907.3655 901.4846 895.6038 887.597 879.388 871.1787 862.9697 853.8722 843.3062 832.7397 822.1737 811.6073 803.5518 795.9721 788.3926 780.8129 771.5007 758.2281 744.955 731.6824 718.4093 712.9322 709.8082 706.6844 703.5605 702.6415 709.0259 715.4102 721.7947 728.179 738.7723 751.2075 763.6422 776.0774 787.9887 797.1404 806.2917 815.4434 824.5948 833.6969 842.7688 851.841 860.9129 869.6154 874.4368 879.2581 884.0796 888.9009 888.5144 883.8793 879.244 874.6088 869.7739 851.3785 832.9825 814.5871 796.191
908.8181 907.8481 906.8782 905.9083 902.8624 897.2719 891.6813 886.0909 880.5005 874.4587 868.3743 862.2897 856.2052 849.2728 840.9387 832.6044 824.2703 815.9359 808.3945 801.003 793.6118 786.2203 776.8198 762.8264 748.8326 734.8392 720.8453 714.9285 711.4496 707.9708 704.4919 703.5634 711.0827 718.6018 726.1212 733.6403 744.3918 756.558 768.7239 780.8901 792.3885 800.3677 808.3466 816.3257 824.3046 833.0723 842.3162 851.5605 860.8045 869.7062 875.0117 880.3171 885.6227 890.9282 891.2242 887.4334 883.6425 879.8517 875.8625 858.3976 840.932 823.467 806.0015
896.4711 894.361 892.2509 890.1407 886.5974 881.2974 875.9971 870.6971 865.3971 861.3206 857.3607 853.4006 849.4407 844.6735 838.5714 832.469 826.3669 820.2646 813.2371 806.0339 798.8309 791.6277 782.1388 767.4247 752.7101 737.996 723.2814 716.9247 713.0909 709.2571 705.4233 704.4852 713.1394 721.7933 730.4475 739.1014 750.0114 761.9086 773.8055 785.7029 796.7883 803.595 810.4014 817.2081 824.0145 832.4476 841.8636 851.28 860.6961 869.7971 875.5866 881.3762 887.1658 892.9554 893.9339 890.9875 888.0411 885.0947 881.9512 865.4166 848.8815 832.347 815.8119
