data/zism_data/00122_01_D.txt
ncols         224
nrows         224
[rows 0 to 28 of 224, columns 130 to 194 of 224]
201.2946 201.4261 201.5575 201.7011 201.8506 202.0002 202.1497 202.2977 202.4328 202.5679 202.7029 202.838 202.8877 202.8624 202.8372 202.8119 202.7867 202.588 202.3828 202.1775 201.9723 202.3881 203.7586 205.129 206.4995 207.87 215.3646 224.1599 232.9552 241.7505 247.8012 245.853 243.9049 241.9567 240.0085 234.5355 227.4498 220.3643 213.2788 206.9584 206.4247 205.8909 205.3571 204.8233 204.1823 203.4525 202.7228 201.993 201.2633 203.168 205.1317 207.0954 209.0591 209.9916 209.4325 208.8734 208.3143 207.7552 207.507 207.3183 207.1295 206.9408 210.3383 223.4282 236.5181
201.2466 201.3567 201.4667 201.6069 201.7618 201.9166 202.0715 202.2227 202.3417 202.4607 202.5798 202.6988 202.721 202.6582 202.5956 202.5328 202.4701 202.3939 202.3171 202.2403 202.1635 202.52 203.5426 204.5652 205.5878 206.6103 212.3091 219.0011 225.693 232.385 237.1268 236.1849 235.243 234.3011 233.3591 230.7174 227.2979 223.8785 220.4591 217.2842 215.9584 214.6325 213.3067 211.9808 210.2107 208.0732 205.9358 203.7983 201.6609 202.8909 204.1963 205.5017 206.8071 207.4094 206.9948 206.5802 206.1656 205.751 205.836 206.0166 206.1972 206.3777 209.9407 222.6453 235.3498
201.1987 201.2873 201.376 201.5127 201.6729 201.8331 201.9933 202.1477 202.2507 202.3536 202.4566 202.5595 202.5543 202.4541 202.3539 202.2538 202.1536 202.1997 202.2514 202.3031 202.3547 202.652 203.3266 204.0013 204.676 205.3507 209.2538 213.8424 218.4311 223.0198 226.4527 226.517 226.5813 226.6457 226.71 226.8994 227.146 227.3926 227.6392 227.6096 225.4917 223.3738 221.2559 219.138 216.2388 212.6938 209.1487 205.6035 202.0585 202.6138 203.2609 203.9081 204.5552 204.8274 204.5573 204.2871 204.017 203.7469 204.1651 204.715 205.2648 205.8147 209.5431 221.8624 234.1816
201.1507 201.2179 201.2852 201.4184 201.584 201.7496 201.9151 202.0727 202.1596 202.2465 202.3334 202.4203 202.3876 202.2499 202.1123 201.9747 201.8371 202.0056 202.1857 202.3658 202.5459 202.7839 203.1107 203.4375 203.7643 204.0911 206.1984 208.6838 211.1692 213.6546 215.7786 216.8492 217.9197 218.9903 220.0608 223.0814 226.994 230.9066 234.8192 237.935 235.0251 232.1151 229.2052 226.2953 222.267 217.3143 212.3616 207.4088 202.4561 202.3367 202.3256 202.3144 202.3033 202.2453 202.1197 201.994 201.8684 201.7428 202.4941 203.4133 204.3325 205.2516 209.1455 221.0794 233.0133
201.101 201.1503 201.1996 201.3268 201.4922 201.6575 201.8228 201.9785 202.0494 202.1202 202.1911 202.2619 202.2226 202.0866 201.9506 201.8146 201.6785 202.094 202.5303 202.9667 203.403 203.6684 203.6711 203.6737 203.6763 203.679 204.0844 204.5754 205.0664 205.5574 206.4436 208.4813 210.519 212.5567 214.5944 220.2251 227.4996 234.7739 242.0482 248.0589 244.5125 240.9661 237.4198 233.8735 228.8485 222.6012 216.3539 210.1065 203.8592 203.1202 202.5045 201.8888 201.2731 200.846 200.6918 200.5375 200.3832 200.2289 201.2277 202.4471 203.6664 204.8857 208.9019 220.4769 232.052
201.0396 201.0943 201.149 201.2528 201.3807 201.5085 201.6364 201.7568 201.8116 201.8664 201.9212 201.976 202.0688 202.1951 202.3213 202.4475 202.5737 204.0661 205.6104 207.1546 208.6987 209.5699 209.4066 209.2433 209.0801 208.9168 208.247 207.4697 206.6923 205.915 206.0373 208.7815 211.5257 214.2698 217.014 223.7807 232.3878 240.9946 249.6015 256.8359 253.691 250.546 247.401 244.256 239.1168 232.329 225.5412 218.7532 211.9654 210.9738 210.1119 209.25 208.3881 207.332 205.995 204.658 203.321 201.984 202.658 203.7168 204.7756 205.8344 209.6841 221.0772 232.4704
200.9782 201.0383 201.0983 201.1787 201.2691 201.3595 201.4499 201.535 201.5738 201.6125 201.6513 201.69 201.9151 202.3035 202.692 203.0804 203.4689 206.0383 208.6905 211.3426 213.9947 215.4716 215.1424 214.8132 214.484 214.1548 212.4097 210.364 208.3183 206.2725 205.631 209.0817 212.5323 215.983 219.4337 227.3365 237.2761 247.2156 257.155 265.6133 262.8697 260.1261 257.3826 254.639 249.3855 242.0571 234.7287 227.4002 220.0718 218.8276 217.7195 216.6114 215.5033 213.8182 211.2984 208.7786 206.2589 203.7391 204.0884 204.9866 205.8848 206.783 210.4664 221.6776 232.8887
200.9169 200.9823 201.0476 201.1047 201.1576 201.2105 201.2635 201.3133 201.336 201.3587 201.3814 201.4041 201.7614 202.412 203.0627 203.7134 204.364 208.0105 211.7705 215.5305 219.2904 221.3732 220.878 220.3829 219.8877 219.3926 216.5723 213.2582 209.9442 206.6301 205.2247 209.3819 213.539 217.6962 221.8533 230.8922 242.1643 253.4363 264.7083 274.3904 272.0482 269.7059 267.3638 265.0216 259.6538 251.7849 243.916 236.0469 228.178 226.6811 225.3268 223.9726 222.6183 220.3042 216.6017 212.8992 209.1967 205.4942 205.5187 206.2564 206.994 207.7316 211.2487 222.2779 233.3071
200.8555 200.9262 200.997 201.0306 201.0461 201.0615 201.077 201.0916 201.0982 201.1049 201.1115 201.1181 201.6077 202.5205 203.4334 204.3463 205.2592 209.9826 214.8505 219.7183 224.5861 227.2747 226.6136 225.9525 225.2914 224.6304 220.7349 216.1525 211.57 206.9876 204.8184 209.6821 214.5457 219.4093 224.2729 234.4478 247.0525 259.6571 272.2616 283.1674 281.2266 279.2858 277.345 275.4042 269.9221 261.5127 253.1032 244.6936 236.2841 234.5346 232.9342 231.3337 229.7333 226.7901 221.9049 217.0197 212.1344 207.2492 206.9491 207.5261 208.1032 208.6802 212.0309 222.8782 233.7254
200.7651 200.8475 200.9299 200.9633 200.9727 200.9821 200.9915 200.9971 200.9688 200.9406 200.9123 200.884 201.6861 203.2162 204.7463 206.2764 207.8065 213.7198 219.7994 225.8788 231.9582 235.4169 234.8474 234.278 233.7086 233.1392 228.0503 222.0016 215.9529 209.9041 206.4657 210.6347 214.8037 218.9727 223.1417 233.0472 245.5773 258.1071 270.6369 281.589 280.6087 279.6284 278.6482 277.668 273.1502 265.7082 258.2661 250.8239 243.3818 242.1378 241.0325 239.9272 238.8219 235.8819 230.2882 224.6945 219.1009 213.5072 212.9664 213.3923 213.8182 214.2441 217.3633 227.7615 238.1598
200.6544 200.7528 200.8512 200.9007 200.9261 200.9516 200.9771 200.9922 200.9157 200.8393 200.7629 200.6864 201.928 204.3251 206.7222 209.1192 211.5163 218.6989 226.063 233.4269 240.7908 245.1353 244.8389 244.5424 244.2459 243.9494 237.5841 229.9298 222.2755 214.6212 209.5581 212.0465 214.5349 217.0232 219.5116 228.159 239.624 251.0888 262.5537 272.7232 273.097 273.4708 273.8446 274.2184 271.4239 266.0103 260.5967 255.183 249.7694 249.5643 249.4759 249.3874 249.2989 246.807 240.8386 234.8703 228.9019 222.9336 222.2114 222.4928 222.7741 223.0555 225.8972 235.6586 245.42
200.5436 200.6581 200.7726 200.8381 200.8796 200.9212 200.9627 200.9873 200.8627 200.7381 200.6134 200.4888 202.1699 205.434 208.6981 211.9622 215.2262 223.6782 232.3269 240.9754 249.6238 254.8542 254.8306 254.8071 254.7836 254.76 247.1182 237.8583 228.5984 219.3385 212.6506 213.4583 214.266 215.0737 215.8815 223.2705 233.6705 244.0704 254.4702 263.8572 265.5851 267.3129 269.0408 270.7686 269.6974 266.3124 262.9273 259.5422 256.1572 256.9911 257.9195 258.8479 259.7763 257.7324 251.3894 245.0464 238.7034 232.3604 231.4566 231.5935 231.7303 231.8672 234.4314 243.5559 252.6804
200.4329 200.5634 200.6939 200.7755 200.8331 200.8907 200.9483 200.9823 200.8096 200.6368 200.464 200.2912 202.4118 206.5429 210.6739 214.805 218.9361 228.6573 238.5905 248.5235 258.4565 264.5727 264.8221 265.0714 265.3209 265.5703 256.6519 245.7865 234.9211 224.0556 215.743 214.8701 213.9972 213.1243 212.2514 218.3823 227.7173 237.0521 246.3869 254.9915 258.0734 261.1553 264.2371 267.319 267.971 266.6145 265.2579 263.9013 262.5448 264.4177 266.3629 268.3081 270.2533 268.6574 261.9398 255.2221 248.5044 241.7868 240.7016 240.6939 240.6863 240.6786 242.9653 251.4529 259.9406
200.3238 200.4683 200.6128 200.7091 200.7818 200.8545 200.9273 200.9704 200.7531 200.5359 200.3187 200.1015 202.6306 207.5675 212.5044 217.4412 222.3781 233.3133 244.4759 255.6383 266.8007 273.768 274.2873 274.8066 275.3259 275.8452 265.7092 253.3101 240.911 228.5119 218.6477 216.1715 213.6953 211.219 208.7428 213.6307 221.8877 230.1445 238.4013 246.1987 250.522 254.8454 259.1686 263.4919 265.7805 266.387 266.9936 267.6001 268.2067 271.1308 274.1067 277.0827 280.0587 278.9724 272.0103 265.0483 258.0863 251.1242 249.8513 249.6668 249.4823 249.2978 251.269 259.0665 266.864
200.2518 200.3642 200.4766 200.5588 200.6261 200.6935 200.7609 200.803 200.6232 200.4435 200.2637 200.084 202.3426 206.7389 211.1352 215.5315 219.9278 230.8587 242.0374 253.2158 264.3943 271.4515 272.1742 272.8968 273.6195 274.3422 264.2815 251.9306 239.5797 227.2287 217.425 215.0451 212.6652 210.2853 207.9054 211.8873 218.7794 225.6715 232.5635 239.0112 242.0981 245.185 248.272 251.3589 253.3751 254.5061 255.6372 256.7682 257.8993 262.1436 266.4576 270.7716 275.0856 275.8624 271.5229 267.1833 262.8438 258.5043 256.9068 255.8338 254.7608 253.6878 254.5074 260.4424 266.3775
200.1799 200.2602 200.3404 200.4084 200.4705 200.5325 200.5945 200.6356 200.4933 200.3511 200.2088 200.0665 202.0546 205.9104 209.7661 213.6219 217.4777 228.4043 239.599 250.7935 261.988 269.135 270.0611 270.9871 271.9131 272.8392 262.8538 250.5511 238.2483 225.9456 216.2024 213.9188 211.6353 209.3517 207.0681 210.1438 215.6712 221.1986 226.7259 231.8238 233.6744 235.5251 237.3757 239.2263 240.9701 242.6256 244.2812 245.9367 247.5922 253.1567 258.8087 264.4607 270.1127 272.7525 271.0354 269.3183 267.6013 265.8842 263.962 262.0005 260.0391 258.0776 257.7458 261.8184 265.8909
200.1079 200.1561 200.2043 200.2581 200.3148 200.3715 200.4281 200.4683 200.3634 200.2586 200.1538 200.049 201.7666 205.0818 208.397 211.7123 215.0275 225.9499 237.1606 248.3711 259.5817 266.8186 267.948 269.0774 270.2068 271.3362 261.4262 249.1716 236.917 224.6625 214.9797 212.7925 210.6053 208.4181 206.2309 208.4004 212.5631 216.7257 220.8883 224.6365 225.2508 225.8651 226.4794 227.0937 228.5651 230.7451 232.9252 235.1052 237.2852 244.1699 251.1598 258.1498 265.1397 269.6426 270.548 271.4533 272.3587 273.264 271.0172 268.1672 265.3173 262.4674 260.9841 263.1942 265.4044
200.036 200.052 200.0681 200.1078 200.1591 200.2104 200.2617 200.3009 200.2336 200.1662 200.0988 200.0315 201.4785 204.2532 207.0279 209.8026 212.5773 223.4954 234.7221 245.9487 257.1753 264.5021 265.8349 267.1676 268.5004 269.8331 259.9985 247.7921 235.5857 223.3793 213.757 211.6661 209.5753 207.4844 205.3935 206.6569 209.4548 212.2526 215.0505 217.4489 216.8268 216.2048 215.5827 214.9607 216.1597 218.8642 221.5688 224.2733 226.9778 235.1827 243.5107 251.8387 260.1666 266.5326 270.0605 273.5884 277.1162 280.6441 278.0726 274.3342 270.5958 266.8574 264.2226 264.5702 264.9178
200.0 200.0 200.0 200.0291 200.0723 200.1156 200.1589 200.1933 200.15 200.1068 200.0635 200.0202 201.2048 203.4657 205.7266 207.9875 210.2485 220.725 231.5129 242.3006 253.0883 260.2431 261.814 263.3849 264.9558 266.5267 257.0251 245.1719 233.3187 221.4655 212.2997 210.9662 209.6326 208.2991 206.9655 208.5144 211.3818 214.2492 217.1165 219.3939 217.2091 215.0243 212.8395 210.6548 210.984 213.3914 215.7989 218.2064 220.6138 229.5712 238.6753 247.7793 256.8833 264.1096 268.6195 273.1295 277.6395 282.1494 278.9764 274.3334 269.6905 265.0476 261.4389 260.6252 259.8115
200.0 200.0 200.0 200.0219 200.0544 200.087 200.1196 200.1455 200.1129 200.0804 200.0478 200.0152 200.9453 202.7192 204.4931 206.267 208.041 217.6385 227.5326 237.4265 247.3204 254.0412 255.8851 257.7289 259.5728 261.4166 252.5058 241.3109 230.116 218.9211 210.6077 210.6925 210.7774 210.8622 210.947 213.9729 218.3442 222.7154 227.0866 230.4716 226.3976 222.3236 218.2496 214.1756 213.0375 214.3263 215.6152 216.904 218.1928 227.3351 236.6532 245.9713 255.2894 262.3732 266.2249 270.0766 273.9283 277.78 273.7285 268.1649 262.6014 257.038 252.633 251.359 250.0851
200.0 200.0 200.0 200.0147 200.0366 200.0584 200.0803 200.0977 200.0758 200.054 200.0321 200.0102 200.6858 201.9727 203.2596 204.5466 205.8335 214.5521 223.5524 232.5525 241.5526 247.8396 249.9564 252.0731 254.1899 256.3067 247.9866 237.45 226.9133 216.3767 208.9158 210.4189 211.9221 213.4252 214.9283 219.4312 225.3063 231.1814 237.0564 241.5489 235.5858 229.6226 223.6595 217.6964 215.0909 215.2612 215.4314 215.6017 215.7719 225.0991 234.6313 244.1635 253.6957 260.6369 263.8304 267.0239 270.2173 273.4108 268.4808 261.9967 255.5126 249.0286 243.8273 242.0931 240.3589
200.0 200.0 200.0 200.0075 200.0187 200.0298 200.041 200.0499 200.0387 200.0276 200.0164 200.0052 200.4263 201.2262 202.0262 202.8261 203.6261 211.4658 219.5723 227.6786 235.7849 241.638 244.0277 246.4174 248.8071 251.1968 243.4675 233.5891 223.7107 213.8323 207.2239 210.1453 213.0668 215.9882 218.9097 224.8895 232.2684 239.6473 247.0262 252.6263 244.774 236.9216 229.0694 221.2171 217.1444 216.196 215.2477 214.2993 213.351 222.8631 232.6094 242.3556 252.1019 258.9007 261.4359 263.9711 266.5063 269.0415 263.2332 255.8284 248.4238 241.0192 235.0217 232.8273 230.6328
200.0 200.0 200.0 200.0003 200.0008 200.0012 200.0017 200.0021 200.0016 200.0011 200.0007 200.0002 200.1668 200.4797 200.7927 201.1056 201.4186 208.3793 215.5919 222.8045 230.017 235.4362 238.0988 240.7614 243.4241 246.0867 238.9482 229.7281 220.508 211.2879 205.5319 209.8717 214.2115 218.5513 222.8911 230.348 239.2308 248.1136 256.9963 263.704 253.9625 244.2209 234.4794 224.738 219.1979 217.1309 215.064 212.997 210.93 220.627 230.5874 240.5477 250.508 257.1643 259.0413 260.9182 262.7952 264.6721 257.9853 249.6599 241.3347 233.0095 226.2158 223.5611 220.9064
202.3441 201.699 201.054 200.9968 201.2272 201.4576 201.6879 201.8665 201.59 201.3136 201.0372 200.7607 200.6807 200.7728 200.865 200.9571 201.0492 208.2111 215.6409 223.0705 230.5002 236.1544 239.0797 242.0051 244.9305 247.8558 240.4449 230.8387 221.2325 211.6264 205.4836 209.4346 213.3855 217.3365 221.2875 229.2607 239.0742 248.8875 258.7007 266.3044 257.1975 248.0905 238.9837 229.8768 224.0928 221.0557 218.0186 214.9815 211.9444 220.6128 229.5432 238.4737 247.4041 252.7785 253.0091 253.2397 253.4704 253.701 247.7175 240.5449 233.3725 226.2001 220.3945 218.2829 216.1713
204.7946 203.4752 202.1559 202.0389 202.5101 202.9813 203.4525 203.8178 203.2523 202.6869 202.1214 201.556 201.2297 201.1132 200.9966 200.88 200.7634 208.1755 215.8729 223.5701 231.2674 237.1871 240.3747 243.5623 246.7499 249.9375 242.2149 232.1752 222.1355 212.0959 205.51 208.99 212.47 215.95 219.43 227.876 238.594 249.3118 260.0295 268.5196 260.162 251.8043 243.4467 235.0891 229.1168 225.1163 221.1159 217.1153 213.1148 220.6995 228.5435 236.3875 244.2315 248.2722 246.8116 245.351 243.8904 242.4299 237.2215 231.296 225.3706 219.4452 214.7088 213.1859 211.663
207.2453 205.2515 203.2578 203.0811 203.7931 204.5052 205.2172 205.7691 204.9147 204.0602 203.2058 202.3513 201.7788 201.4535 201.1282 200.8029 200.4776 208.1399 216.1049 224.0698 232.0347 238.2199 241.6697 245.1195 248.5694 252.0192 243.985 233.5118 223.0386 212.5654 205.5365 208.5455 211.5544 214.5634 217.5724 226.4912 238.1138 249.7361 261.3584 270.7349 263.1266 255.5182 247.9099 240.3017 234.141 229.1771 224.2132 219.2493 214.2854 220.7863 227.5438 234.3013 241.0588 243.7658 240.6139 237.4621 234.3102 231.1583 226.7251 222.0467 217.3684 212.6901 209.023 208.0888 207.1545
209.6958 207.0278 204.3597 204.1232 205.0761 206.0289 206.9818 207.7204 206.577 205.4335 204.2901 203.1466 202.3279 201.7938 201.2598 200.7258 200.1917 208.1043 216.3369 224.5694 232.8019 239.2526 242.9647 246.6767 250.3888 254.1009 245.7551 234.8483 223.9416 213.0349 205.5629 208.1009 210.6389 213.1769 215.7149 225.1065 237.6336 250.1604 262.6872 272.9501 266.0911 259.232 252.373 245.514 239.1651 233.2378 227.3105 221.3831 215.4558 220.873 226.5441 232.2152 237.8862 239.2596 234.4165 229.5733 224.7302 219.8871 216.2291 212.7978 209.3665 205.9352 203.3373 202.9918 202.6462
214.9727 211.796 208.6194 208.5246 209.9372 211.3497 212.7623 213.8875 212.4882 211.0889 209.6896 208.2903 207.1006 206.0948 205.089 204.0831 203.0773 210.3273 217.8902 225.4529 233.0156 238.9156 242.2599 245.6042 248.9485 252.2928 244.1814 233.637 223.0926 212.5482 205.2482 207.4037 209.5591 211.7146 213.87 223.5013 236.5526 249.6037 262.6549 273.5202 267.8548 262.1894 256.524 250.8586 244.6592 238.0184 231.3775 224.7365 218.0956 222.2031 226.5512 230.8993 235.2474 235.4968 229.818 224.1391 218.4602 212.7814 209.7112 207.1401 204.569 201.9979 200.114 200.0875 200.061
224.2653 220.8157 217.3662 217.6992 219.8825 222.0658 224.249 226.0448 224.4368 222.8288 221.2207 219.6127 217.8749 216.0235 214.1721 212.3207 210.4693 215.7597 221.3208 226.8818 232.4428 236.6322 238.7135 240.7948 242.8761 244.9574 237.8564 228.8052 219.754 210.7027 204.4488 206.3474 208.246 210.1445 212.0431 221.5827 234.618 247.6531 260.6882 271.7525 267.9121 264.0716 260.2312 256.3908 250.821 243.8216 236.8221 229.8225 222.8231 225.3 227.989 230.6781 233.3671 232.791 227.4921 222.1932 216.8943 211.5954 208.8468 206.5861 204.3254 202.0648 200.3902 200.2994 200.2087
