data/zism_data/00137_04_D.txt
ncols         224
nrows         224
[rows 28 to 55 of 224, columns 126 to 188 of 224]
1577.647 1577.135 1576.622 1576.113 1575.604 1575.095 1574.586 1574.078 1573.577 1573.076 1572.575 1572.074 1571.651 1571.274 1570.896 1570.519 1570.128 1569.547 1568.967 1568.387 1567.806 1567.333 1566.968 1566.603 1566.239 1565.874 1565.705 1565.551 1565.397 1565.243 1565.09 1564.937 1564.785 1564.633 1564.481 1564.333 1564.188 1564.042 1563.896 1563.705 1563.354 1563.004 1562.654 1562.303 1562.13 1562.052 1561.974 1561.897 1561.825 1561.825 1561.825 1561.825 1561.825 1561.756 1561.619 1561.483 1561.347 1561.21 1560.941 1560.664 1560.386 1560.109 1559.849
1577.124 1576.606 1576.089 1575.582 1575.078 1574.574 1574.071 1573.574 1573.105 1572.636 1572.167 1571.697 1571.259 1570.839 1570.419 1569.999 1569.569 1568.999 1568.43 1567.86 1567.29 1566.822 1566.457 1566.093 1565.728 1565.363 1565.169 1564.989 1564.808 1564.628 1564.45 1564.276 1564.103 1563.929 1563.756 1563.604 1563.458 1563.312 1563.166 1562.986 1562.683 1562.381 1562.078 1561.776 1561.609 1561.515 1561.422 1561.328 1561.242 1561.242 1561.242 1561.242 1561.242 1561.188 1561.084 1560.979 1560.875 1560.771 1560.548 1560.319 1560.089 1559.86 1559.619
1576.601 1576.078 1575.555 1575.051 1574.553 1574.054 1573.556 1573.07 1572.633 1572.195 1571.758 1571.321 1570.868 1570.405 1569.942 1569.48 1569.011 1568.451 1567.892 1567.333 1566.774 1566.312 1565.947 1565.582 1565.217 1564.853 1564.634 1564.427 1564.22 1564.013 1563.81 1563.615 1563.42 1563.225 1563.031 1562.874 1562.729 1562.583 1562.437 1562.267 1562.012 1561.758 1561.503 1561.248 1561.088 1560.978 1560.869 1560.759 1560.658 1560.658 1560.658 1560.658 1560.658 1560.621 1560.549 1560.476 1560.404 1560.331 1560.156 1559.974 1559.792 1559.611 1559.388
1576.078 1575.549 1575.021 1574.52 1574.027 1573.534 1573.041 1572.566 1572.16 1571.755 1571.35 1570.945 1570.476 1569.971 1569.465 1568.96 1568.452 1567.904 1567.355 1566.807 1566.258 1565.801 1565.436 1565.071 1564.707 1564.342 1564.099 1563.865 1563.631 1563.398 1563.17 1562.954 1562.738 1562.522 1562.306 1562.145 1561.999 1561.853 1561.707 1561.548 1561.341 1561.135 1560.928 1560.721 1560.567 1560.441 1560.316 1560.19 1560.075 1560.075 1560.075 1560.075 1560.075 1560.054 1560.013 1559.973 1559.932 1559.892 1559.763 1559.63 1559.496 1559.362 1559.157
1575.554 1575.021 1574.487 1573.989 1573.501 1573.014 1572.526 1572.062 1571.688 1571.315 1570.942 1570.568 1570.084 1569.536 1568.988 1568.441 1567.893 1567.356 1566.818 1566.28 1565.742 1565.29 1564.926 1564.561 1564.196 1563.831 1563.563 1563.303 1563.043 1562.782 1562.53 1562.293 1562.055 1561.818 1561.581 1561.415 1561.27 1561.124 1560.978 1560.829 1560.67 1560.511 1560.352 1560.194 1560.046 1559.904 1559.763 1559.621 1559.491 1559.491 1559.491 1559.491 1559.491 1559.487 1559.478 1559.469 1559.461 1559.452 1559.371 1559.285 1559.199 1559.113 1558.927
1575.05 1574.518 1573.987 1573.503 1573.032 1572.561 1572.091 1571.635 1571.239 1570.844 1570.448 1570.052 1569.555 1568.999 1568.444 1567.888 1567.334 1566.799 1566.264 1565.729 1565.195 1564.748 1564.391 1564.034 1563.677 1563.32 1563.032 1562.749 1562.466 1562.182 1561.914 1561.671 1561.427 1561.184 1560.941 1560.787 1560.656 1560.526 1560.396 1560.264 1560.126 1559.987 1559.849 1559.711 1559.565 1559.416 1559.266 1559.116 1558.977 1558.962 1558.946 1558.931 1558.915 1558.907 1558.907 1558.907 1558.907 1558.907 1558.85 1558.788 1558.727 1558.666 1558.5
1574.551 1574.026 1573.5 1573.033 1572.584 1572.134 1571.685 1571.237 1570.799 1570.361 1569.922 1569.484 1568.974 1568.424 1567.874 1567.324 1566.775 1566.24 1565.705 1565.17 1564.635 1564.194 1563.848 1563.501 1563.155 1562.809 1562.501 1562.197 1561.893 1561.588 1561.306 1561.063 1560.819 1560.576 1560.333 1560.196 1560.087 1559.978 1559.869 1559.755 1559.628 1559.5 1559.373 1559.245 1559.1 1558.945 1558.79 1558.635 1558.489 1558.452 1558.415 1558.379 1558.342 1558.324 1558.324 1558.324 1558.324 1558.324 1558.281 1558.236 1558.19 1558.145 1558.001
1574.053 1573.533 1573.012 1572.563 1572.135 1571.707 1571.279 1570.84 1570.359 1569.878 1569.397 1568.916 1568.394 1567.849 1567.305 1566.76 1566.216 1565.681 1565.146 1564.611 1564.076 1563.64 1563.304 1562.969 1562.633 1562.297 1561.971 1561.645 1561.32 1560.994 1560.698 1560.455 1560.212 1559.968 1559.725 1559.605 1559.517 1559.429 1559.341 1559.247 1559.13 1559.013 1558.896 1558.78 1558.635 1558.474 1558.314 1558.153 1558.001 1557.943 1557.885 1557.827 1557.769 1557.74 1557.74 1557.74 1557.74 1557.74 1557.713 1557.683 1557.654 1557.624 1557.503
1573.555 1573.04 1572.525 1572.093 1571.687 1571.28 1570.873 1570.442 1569.918 1569.395 1568.871 1568.348 1567.814 1567.275 1566.735 1566.196 1565.656 1565.122 1564.587 1564.052 1563.517 1563.086 1562.761 1562.436 1562.111 1561.786 1561.44 1561.094 1560.747 1560.4 1560.09 1559.847 1559.604 1559.36 1559.117 1559.013 1558.947 1558.88 1558.814 1558.739 1558.632 1558.526 1558.42 1558.314 1558.169 1558.003 1557.838 1557.672 1557.513 1557.434 1557.354 1557.275 1557.195 1557.156 1557.156 1557.156 1557.156 1557.156 1557.144 1557.13 1557.117 1557.104 1557.004
1573.084 1572.571 1572.057 1571.639 1571.248 1570.858 1570.467 1570.04 1569.475 1568.91 1568.344 1567.779 1567.234 1566.7 1566.166 1565.631 1565.097 1564.558 1564.018 1563.479 1562.94 1562.515 1562.204 1561.894 1561.584 1561.274 1560.913 1560.548 1560.184 1559.819 1559.497 1559.252 1559.007 1558.762 1558.518 1558.429 1558.382 1558.335 1558.288 1558.23 1558.131 1558.032 1557.933 1557.834 1557.689 1557.52 1557.35 1557.181 1557.017 1556.918 1556.819 1556.72 1556.621 1556.577 1556.584 1556.592 1556.6 1556.608 1556.601 1556.593 1556.585 1556.578 1556.494
1572.755 1572.226 1571.696 1571.266 1570.865 1570.463 1570.062 1569.619 1569.017 1568.414 1567.812 1567.209 1566.654 1566.125 1565.596 1565.067 1564.536 1563.97 1563.404 1562.838 1562.273 1561.852 1561.579 1561.306 1561.033 1560.76 1560.402 1560.038 1559.673 1559.308 1558.983 1558.727 1558.472 1558.216 1557.961 1557.878 1557.842 1557.805 1557.769 1557.717 1557.607 1557.497 1557.388 1557.278 1557.133 1556.969 1556.805 1556.641 1556.481 1556.372 1556.262 1556.153 1556.043 1556.018 1556.073 1556.129 1556.184 1556.24 1556.191 1556.135 1556.08 1556.024 1555.929
1572.426 1571.88 1571.335 1570.893 1570.481 1570.069 1569.657 1569.198 1568.559 1567.919 1567.279 1566.639 1566.073 1565.55 1565.026 1564.503 1563.975 1563.382 1562.79 1562.198 1561.605 1561.19 1560.954 1560.719 1560.483 1560.247 1559.892 1559.527 1559.162 1558.798 1558.468 1558.202 1557.936 1557.67 1557.404 1557.327 1557.301 1557.276 1557.25 1557.204 1557.083 1556.963 1556.843 1556.723 1556.577 1556.419 1556.26 1556.101 1555.946 1555.825 1555.705 1555.585 1555.465 1555.459 1555.562 1555.666 1555.769 1555.873 1555.781 1555.678 1555.574 1555.471 1555.363
1572.096 1571.535 1570.974 1570.52 1570.097 1569.675 1569.252 1568.777 1568.1 1567.423 1566.746 1566.069 1565.493 1564.975 1564.457 1563.939 1563.414 1562.795 1562.176 1561.557 1560.938 1560.527 1560.329 1560.131 1559.932 1559.734 1559.381 1559.016 1558.652 1558.287 1557.954 1557.677 1557.4 1557.123 1556.846 1556.776 1556.761 1556.746 1556.731 1556.691 1556.56 1556.429 1556.298 1556.167 1556.021 1555.868 1555.715 1555.561 1555.41 1555.279 1555.148 1555.017 1554.886 1554.9 1555.051 1555.202 1555.354 1555.505 1555.371 1555.22 1555.069 1554.917 1554.797
1571.767 1571.19 1570.613 1570.147 1569.714 1569.28 1568.847 1568.356 1567.642 1566.928 1566.214 1565.499 1564.913 1564.4 1563.887 1563.374 1562.853 1562.207 1561.562 1560.916 1560.27 1559.865 1559.704 1559.543 1559.382 1559.22 1558.871 1558.506 1558.141 1557.776 1557.439 1557.152 1556.864 1556.577 1556.289 1556.225 1556.221 1556.216 1556.212 1556.178 1556.036 1555.895 1555.753 1555.611 1555.466 1555.318 1555.17 1555.022 1554.874 1554.733 1554.591 1554.449 1554.308 1554.34 1554.54 1554.739 1554.938 1555.137 1554.961 1554.762 1554.563 1554.364 1554.231
1571.469 1570.907 1570.345 1569.867 1569.414 1568.961 1568.507 1568.002 1567.294 1566.587 1565.879 1565.172 1564.572 1564.032 1563.494 1562.955 1562.409 1561.765 1561.121 1560.477 1559.833 1559.416 1559.229 1559.042 1558.855 1558.669 1558.317 1557.952 1557.587 1557.223 1556.884 1556.592 1556.3 1556.009 1555.717 1555.64 1555.621 1555.602 1555.583 1555.541 1555.414 1555.287 1555.16 1555.033 1554.887 1554.732 1554.577 1554.421 1554.27 1554.162 1554.054 1553.945 1553.837 1553.886 1554.087 1554.286 1554.486 1554.686 1554.504 1554.298 1554.091 1553.885 1553.751
1571.191 1570.667 1570.142 1569.652 1569.172 1568.692 1568.212 1567.693 1567.023 1566.353 1565.683 1565.012 1564.395 1563.808 1563.221 1562.635 1562.045 1561.423 1560.8 1560.177 1559.555 1559.114 1558.858 1558.602 1558.346 1558.09 1557.733 1557.368 1557.004 1556.639 1556.3 1556.008 1555.717 1555.425 1555.133 1555.031 1554.98 1554.93 1554.879 1554.818 1554.723 1554.628 1554.533 1554.438 1554.293 1554.122 1553.951 1553.78 1553.618 1553.574 1553.53 1553.486 1553.441 1553.505 1553.673 1553.842 1554.01 1554.178 1554.013 1553.828 1553.643 1553.458 1553.33
1570.914 1570.427 1569.939 1569.437 1568.931 1568.424 1567.917 1567.385 1566.752 1566.119 1565.486 1564.853 1564.219 1563.584 1562.949 1562.315 1561.682 1561.081 1560.479 1559.878 1559.276 1558.812 1558.487 1558.162 1557.837 1557.511 1557.15 1556.785 1556.42 1556.055 1555.717 1555.425 1555.133 1554.841 1554.55 1554.423 1554.34 1554.257 1554.174 1554.096 1554.033 1553.97 1553.906 1553.843 1553.699 1553.512 1553.325 1553.138 1552.967 1552.987 1553.006 1553.026 1553.045 1553.124 1553.26 1553.397 1553.533 1553.669 1553.523 1553.359 1553.195 1553.032 1552.908
1570.636 1570.186 1569.736 1569.222 1568.689 1568.156 1567.622 1567.076 1566.481 1565.885 1565.289 1564.693 1564.043 1563.36 1562.677 1561.995 1561.319 1560.739 1560.158 1559.578 1558.998 1558.51 1558.116 1557.722 1557.327 1556.933 1556.566 1556.201 1555.837 1555.472 1555.133 1554.841 1554.55 1554.258 1553.966 1553.814 1553.699 1553.584 1553.47 1553.373 1553.342 1553.311 1553.28 1553.249 1553.105 1552.902 1552.699 1552.496 1552.316 1552.399 1552.482 1552.566 1552.649 1552.743 1552.848 1552.952 1553.056 1553.16 1553.032 1552.89 1552.747 1552.605 1552.487
1570.36 1569.946 1569.532 1569.005 1568.446 1567.887 1567.328 1566.768 1566.208 1565.649 1565.089 1564.53 1563.863 1563.134 1562.406 1561.677 1560.96 1560.4 1559.841 1559.281 1558.721 1558.209 1557.747 1557.284 1556.822 1556.359 1555.986 1555.621 1555.255 1554.889 1554.55 1554.258 1553.966 1553.673 1553.381 1553.205 1553.059 1552.913 1552.768 1552.654 1552.654 1552.654 1552.654 1552.654 1552.512 1552.295 1552.077 1551.859 1551.671 1551.816 1551.962 1552.108 1552.254 1552.363 1552.435 1552.508 1552.58 1552.653 1552.543 1552.422 1552.3 1552.179 1552.067
1570.139 1569.693 1569.247 1568.714 1568.154 1567.595 1567.036 1566.473 1565.897 1565.322 1564.746 1564.171 1563.528 1562.848 1562.167 1561.487 1560.813 1560.232 1559.651 1559.07 1558.489 1557.953 1557.464 1556.975 1556.486 1555.996 1555.582 1555.174 1554.766 1554.357 1553.985 1553.677 1553.369 1553.061 1552.753 1552.581 1552.446 1552.311 1552.176 1552.07 1552.07 1552.07 1552.07 1552.07 1551.96 1551.79 1551.62 1551.45 1551.306 1551.452 1551.598 1551.743 1551.889 1551.99 1552.046 1552.103 1552.16 1552.216 1552.12 1552.015 1551.91 1551.804 1551.702
1569.918 1569.441 1568.963 1568.422 1567.862 1567.303 1566.744 1566.178 1565.586 1564.995 1564.403 1563.812 1563.194 1562.561 1561.929 1561.296 1560.665 1560.063 1559.461 1558.859 1558.256 1557.697 1557.181 1556.665 1556.149 1555.634 1555.178 1554.727 1554.276 1553.825 1553.42 1553.096 1552.772 1552.448 1552.124 1551.957 1551.833 1551.708 1551.584 1551.487 1551.487 1551.487 1551.487 1551.487 1551.407 1551.285 1551.163 1551.041 1550.941 1551.087 1551.233 1551.379 1551.525 1551.617 1551.657 1551.698 1551.739 1551.779 1551.698 1551.608 1551.519 1551.43 1551.337
1569.698 1569.188 1568.678 1568.13 1567.571 1567.011 1566.452 1565.883 1565.275 1564.668 1564.06 1563.453 1562.86 1562.275 1561.69 1561.105 1560.518 1559.895 1559.271 1558.647 1558.024 1557.44 1556.898 1556.356 1555.813 1555.271 1554.774 1554.28 1553.787 1553.293 1552.855 1552.515 1552.175 1551.835 1551.495 1551.333 1551.219 1551.106 1550.992 1550.903 1550.903 1550.903 1550.903 1550.903 1550.855 1550.781 1550.707 1550.633 1550.576 1550.722 1550.868 1551.014 1551.16 1551.244 1551.268 1551.293 1551.318 1551.343 1551.275 1551.202 1551.128 1551.055 1550.973
1569.477 1568.935 1568.393 1567.838 1567.279 1566.72 1566.16 1565.588 1564.964 1564.341 1563.717 1563.094 1562.525 1561.989 1561.452 1560.915 1560.371 1559.726 1559.081 1558.436 1557.791 1557.184 1556.615 1556.046 1555.477 1554.908 1554.37 1553.833 1553.297 1552.761 1552.29 1551.934 1551.578 1551.222 1550.866 1550.709 1550.606 1550.503 1550.4 1550.319 1550.319 1550.319 1550.319 1550.319 1550.302 1550.276 1550.25 1550.224 1550.211 1550.357 1550.503 1550.649 1550.795 1550.871 1550.88 1550.888 1550.897 1550.906 1550.852 1550.795 1550.738 1550.68 1550.608
1569.236 1568.696 1568.156 1567.599 1567.038 1566.476 1565.914 1565.339 1564.712 1564.084 1563.457 1562.83 1562.272 1561.754 1561.236 1560.718 1560.192 1559.542 1558.893 1558.244 1557.594 1556.978 1556.394 1555.81 1555.227 1554.643 1554.087 1553.532 1552.978 1552.423 1551.937 1551.572 1551.207 1550.842 1550.478 1550.331 1550.244 1550.156 1550.068 1550.0 1550.0 1550.0 1550.0 1550.0 1550.0 1550.0 1550.0 1550.0 1550.01 1550.142 1550.273 1550.405 1550.536 1550.601 1550.601 1550.601 1550.601 1550.601 1550.559 1550.516 1550.472 1550.428 1550.368
1568.971 1568.474 1567.976 1567.425 1566.858 1566.291 1565.724 1565.147 1564.53 1563.913 1563.297 1562.68 1562.116 1561.582 1561.048 1560.514 1559.974 1559.34 1558.707 1558.074 1557.44 1556.832 1556.248 1555.665 1555.081 1554.497 1553.951 1553.407 1552.863 1552.319 1551.839 1551.475 1551.11 1550.745 1550.38 1550.251 1550.185 1550.118 1550.052 1550.0 1550.0 1550.0 1550.0 1550.0 1550.0 1550.0 1550.0 1550.0 1550.008 1550.108 1550.207 1550.307 1550.406 1550.455 1550.455 1550.455 1550.455 1550.455 1550.423 1550.39 1550.357 1550.324 1550.278
1568.706 1568.251 1567.797 1567.251 1566.678 1566.106 1565.534 1564.955 1564.349 1563.742 1563.136 1562.53 1561.96 1561.41 1560.86 1560.31 1559.756 1559.139 1558.521 1557.904 1557.286 1556.686 1556.102 1555.519 1554.935 1554.351 1553.815 1553.281 1552.748 1552.215 1551.742 1551.377 1551.013 1550.648 1550.283 1550.17 1550.125 1550.08 1550.035 1550.0 1550.0 1550.0 1550.0 1550.0 1550.0 1550.0 1550.0 1550.0 1550.005 1550.073 1550.141 1550.208 1550.276 1550.309 1550.309 1550.309 1550.309 1550.309 1550.288 1550.265 1550.243 1550.22 1550.189
1568.441 1568.029 1567.617 1567.076 1566.499 1565.921 1565.344 1564.762 1564.167 1563.571 1562.976 1562.38 1561.804 1561.238 1560.672 1560.106 1559.538 1558.937 1558.335 1557.734 1557.133 1556.54 1555.956 1555.373 1554.789 1554.206 1553.679 1553.156 1552.633 1552.111 1551.645 1551.28 1550.915 1550.551 1550.186 1550.09 1550.066 1550.042 1550.019 1550.0 1550.0 1550.0 1550.0 1550.0 1550.0 1550.0 1550.0 1550.0 1550.003 1550.039 1550.074 1550.11 1550.146 1550.163 1550.163 1550.163 1550.163 1550.163 1550.152 1550.14 1550.128 1550.116 1550.1
1568.176 1567.807 1567.437 1566.902 1566.319 1565.736 1565.153 1564.57 1563.985 1563.4 1562.815 1562.23 1561.648 1561.066 1560.484 1559.902 1559.32 1558.735 1558.15 1557.564 1556.979 1556.394 1555.811 1555.227 1554.643 1554.06 1553.542 1553.031 1552.519 1552.007 1551.547 1551.183 1550.818 1550.453 1550.089 1550.009 1550.007 1550.004 1550.002 1550.0 1550.0 1550.0 1550.0 1550.0 1550.0 1550.0 1550.0 1550.0 1550.0 1550.004 1550.008 1550.011 1550.015 1550.017 1550.017 1550.017 1550.017 1550.017 1550.016 1550.015 1550.013 1550.012 1550.01
