data/zism_data/00132_04_D.txt
ncols         224
nrows         224
[rows 168 to 195 of 224, columns 126 to 188 of 224]
191.2542 190.8201 190.5311 190.3697 190.2083 190.0469 189.8859 189.784 189.6821 189.5802 189.4784 189.3803 189.2862 189.1922 189.0981 189.0041 188.913 188.8221 188.7312 188.6403 188.4885 188.2566 188.0246 187.7926 187.5607 187.2307 186.8906 186.5505 186.2104 185.9295 185.7445 185.5596 185.3746 185.1897 185.0128 184.8372 184.6617 184.4861 184.2655 183.9536 183.6417 183.3298 183.0179 182.8588 182.7366 182.6143 182.4921 182.4041 182.4041 182.4041 182.4041 182.4041 182.4965 182.6187 182.741 182.8632 183.0082 183.2292 183.4502 183.6712 183.8922 183.8612 183.7248
191.4889 190.9952 190.6812 190.5252 190.3692 190.2132 190.0577 189.9667 189.8756 189.7846 189.6936 189.5775 189.4347 189.2919 189.149 189.0062 188.8923 188.7797 188.6671 188.5545 188.4044 188.205 188.0056 187.8061 187.6067 187.2699 186.919 186.5681 186.2171 185.9026 185.6472 185.3917 185.1363 184.8809 184.7031 184.5384 184.3737 184.209 183.9884 183.6548 183.3213 182.9877 182.6541 182.4603 182.3 182.1398 181.9796 181.8644 181.8644 181.8644 181.8644 181.8644 181.9854 182.1456 182.3058 182.466 182.6402 182.8612 183.0822 183.3032 183.5242 183.4703 183.3014
191.7237 191.1703 190.8313 190.6807 190.5302 190.3796 190.2295 190.1493 190.0691 189.9889 189.9087 189.7748 189.5832 189.3915 189.1999 189.0083 188.8715 188.7372 188.603 188.4687 188.3203 188.1534 187.9865 187.8196 187.6527 187.3092 186.9474 186.5856 186.2238 185.8757 185.5498 185.2239 184.898 184.5721 184.3935 184.2396 184.0858 183.9319 183.7114 183.3561 183.0009 182.6456 182.2903 182.0617 181.8635 181.6653 181.4672 181.3246 181.3246 181.3246 181.3246 181.3246 181.4743 181.6725 181.8706 182.0688 182.2722 182.4932 182.7142 182.9352 183.1561 183.0793 182.8779
191.7317 191.1532 190.8123 190.6801 190.5479 190.4157 190.2841 190.2255 190.167 190.1084 190.0499 189.9266 189.7337 189.5408 189.3479 189.155 189.0016 188.8499 188.6983 188.5467 188.3904 188.2279 188.0654 187.903 187.7405 187.3914 187.0231 186.6548 186.2865 185.9133 185.532 185.1508 184.7695 184.3882 184.1869 184.0158 183.8447 183.6736 183.4343 183.0574 182.6804 182.3035 181.9265 181.6753 181.4543 181.2333 181.0123 180.8533 180.8533 180.8533 180.8533 180.8533 181.0203 181.2413 181.4622 181.6832 181.9042 182.1252 182.3462 182.5672 182.7881 182.6975 182.4765
191.3975 190.8461 190.5381 190.4438 190.3496 190.2554 190.1617 190.1411 190.1205 190.0999 190.0793 190.0096 189.8872 189.7648 189.6424 189.52 189.3592 189.1967 189.0342 188.8718 188.6929 188.4925 188.2921 188.0917 187.8912 187.5387 187.1703 186.802 186.4337 186.0481 185.6343 185.2205 184.8067 184.3929 184.1358 183.9051 183.6743 183.4436 183.1573 182.7586 182.36 181.9614 181.5628 181.3073 181.0863 180.8653 180.6443 180.4853 180.4853 180.4853 180.4853 180.4853 180.6523 180.8732 181.0942 181.3152 181.5362 181.7572 181.9782 182.1992 182.4201 182.3295 182.1085
191.0633 190.539 190.2639 190.2076 190.1513 190.095 190.0392 190.0566 190.074 190.0913 190.1087 190.0927 190.0407 189.9888 189.9369 189.8849 189.7168 189.5435 189.3702 189.1969 188.9955 188.7571 188.5187 188.2804 188.042 187.6859 187.3176 186.9492 186.5809 186.1829 185.7366 185.2903 184.8439 184.3976 184.0848 183.7944 183.504 183.2136 182.8802 182.4599 182.0396 181.6193 181.199 180.9393 180.7183 180.4973 180.2763 180.1173 180.1173 180.1173 180.1173 180.1173 180.2843 180.5052 180.7262 180.9472 181.1682 181.3892 181.6102 181.8311 182.0521 181.9615 181.7405
190.7291 190.2319 189.9897 189.9713 189.953 189.9346 189.9168 189.9722 190.0275 190.0828 190.1381 190.1757 190.1943 190.2128 190.2313 190.2499 190.0745 189.8903 189.7061 189.5219 189.298 189.0217 188.7454 188.4691 188.1927 187.8331 187.4648 187.0965 186.7281 186.3177 185.8389 185.36 184.8811 184.4023 184.0337 183.6837 183.3337 182.9836 182.6032 182.1612 181.7192 181.2772 180.8352 180.5713 180.3503 180.1293 179.9083 179.7493 179.7493 179.7493 179.7493 179.7493 179.9162 180.1372 180.3582 180.5792 180.8002 181.0212 181.2422 181.4632 181.6841 181.5935 181.3725
190.3949 189.9248 189.7155 189.7351 189.7547 189.7743 189.7944 189.8877 189.981 190.0742 190.1675 190.2588 190.3478 190.4368 190.5258 190.6149 190.4321 190.2371 190.0421 189.847 189.6006 189.2863 188.972 188.6578 188.3435 187.9803 187.612 187.2437 186.8754 186.4525 185.9411 185.4297 184.9184 184.407 183.9827 183.573 183.1633 182.7536 182.3261 181.8624 181.3987 180.9351 180.4714 180.2032 179.9823 179.7613 179.5403 179.3813 179.3813 179.3813 179.3813 179.3813 179.5482 179.7692 179.9902 180.2112 180.4322 180.6532 180.8742 181.0951 181.3161 181.2255 181.0045
189.905 189.481 189.3158 189.3781 189.4403 189.5026 189.5655 189.7156 189.8657 190.0158 190.1658 190.3023 190.4241 190.5459 190.6676 190.7894 190.6338 190.4657 190.2975 190.1294 189.896 189.5768 189.2576 188.9384 188.6192 188.217 187.8063 187.3955 186.9848 186.5287 185.9989 185.4691 184.9394 184.4096 183.9437 183.4886 183.0334 182.5782 182.1131 181.6277 181.1423 180.657 180.1716 179.8879 179.6527 179.4176 179.1825 179.0173 179.0314 179.0456 179.0597 179.0739 179.2443 179.4652 179.6862 179.9072 180.1304 180.3608 180.5912 180.8216 181.052 180.9941 180.8155
189.3918 189.0166 188.8973 189.0029 189.1086 189.2142 189.3206 189.5303 189.74 189.9498 190.1595 190.3399 190.4888 190.6377 190.7866 190.9354 190.8121 190.6765 190.5409 190.4053 190.1904 189.8712 189.552 189.2328 188.9136 188.4672 188.0076 187.5481 187.0886 186.5961 186.05 185.504 184.958 184.4119 183.9066 183.4081 182.9095 182.411 181.9096 181.4026 180.8955 180.3885 179.8814 179.5804 179.329 179.0776 178.8262 178.6539 178.6843 178.7147 178.7451 178.7755 178.9499 179.1709 179.3918 179.6128 179.8385 180.0797 180.321 180.5622 180.8035 180.7832 180.6534
188.8786 188.5522 188.4788 188.6278 188.7768 188.9258 189.0757 189.345 189.6144 189.8838 190.1531 190.3775 190.5535 190.7295 190.9055 191.0815 190.9904 190.8873 190.7843 190.6812 190.4848 190.1656 189.8464 189.5272 189.208 188.7173 188.209 187.7007 187.1924 186.6635 186.1012 185.5389 184.9766 184.4143 183.8695 183.3276 182.7857 182.2437 181.7062 181.1775 180.6487 180.12 179.5912 179.2729 179.0052 178.7375 178.4699 178.2904 178.3371 178.3838 178.4305 178.4771 178.6555 178.8765 179.0974 179.3184 179.5466 179.7987 180.0508 180.3029 180.5549 180.5722 180.4913
188.3655 188.0877 188.0603 188.2527 188.445 188.6374 188.8308 189.1598 189.4888 189.8178 190.1468 190.4151 190.6182 190.8213 191.0244 191.2275 191.1687 191.0982 191.0276 190.9571 190.7792 190.46 190.1408 189.8216 189.5023 188.9675 188.4104 187.8533 187.2962 186.7309 186.1523 185.5737 184.9952 184.4166 183.8323 183.2471 182.6618 182.0765 181.5028 180.9523 180.4019 179.8515 179.301 178.9654 178.6814 178.3975 178.1136 177.927 177.9899 178.0529 178.1158 178.1788 178.3611 178.5821 178.8031 179.024 179.2547 179.5176 179.7805 180.0435 180.3064 180.3613 180.3291
187.9844 187.785 187.8064 188.0219 188.2373 188.4527 188.6694 189.0543 189.4393 189.8242 190.2092 190.5204 190.7525 190.9845 191.2166 191.4486 191.4046 191.3481 191.2916 191.2351 191.0612 190.7328 190.4044 190.0759 189.7475 189.1725 188.5722 187.9718 187.3714 186.7753 186.186 185.5967 185.0075 184.4182 183.7952 183.1665 182.5379 181.9093 181.3012 180.7346 180.168 179.6014 179.0349 178.6785 178.3727 178.067 177.7613 177.5667 177.657 177.7473 177.8376 177.9278 178.1378 178.3864 178.6351 178.8838 179.1365 179.4029 179.6693 179.9357 180.2021 180.2768 180.2712
187.859 187.7952 187.8714 188.0705 188.2697 188.4689 188.6697 189.1035 189.5372 189.971 190.4047 190.7569 191.0215 191.2861 191.5507 191.8152 191.7518 191.6737 191.5955 191.5173 191.3194 190.9639 190.6083 190.2528 189.8972 189.2903 188.6574 188.0245 187.3916 186.7753 186.186 185.5967 185.0075 184.4182 183.7581 183.0861 182.414 181.742 181.1031 180.5311 179.9591 179.3871 178.8151 178.4314 178.0932 177.7549 177.4167 177.2124 177.3515 177.4905 177.6296 177.7687 178.052 178.382 178.712 179.042 179.3548 179.6104 179.8659 180.1215 180.377 180.4371 180.4153
187.7337 187.8054 187.9363 188.1192 188.3021 188.485 188.6701 189.1526 189.6352 190.1177 190.6002 190.9934 191.2905 191.5876 191.8847 192.1818 192.0991 191.9993 191.8994 191.7995 191.5776 191.1949 190.8123 190.4296 190.0469 189.408 188.7425 188.0771 187.4117 186.7753 186.186 185.5967 185.0075 184.4182 183.7209 183.0056 182.2902 181.5748 180.905 180.3276 179.7502 179.1728 178.5954 178.1844 177.8137 177.4429 177.0721 176.8581 177.0459 177.2338 177.4217 177.6096 177.9662 178.3775 178.7888 179.2002 179.5731 179.8178 180.0626 180.3073 180.552 180.5973 180.5592
187.6084 187.8156 188.0013 188.1679 188.3345 188.5012 188.6704 189.2018 189.7331 190.2644 190.7958 191.2299 191.5595 191.8892 192.2188 192.5484 192.4464 192.3248 192.2033 192.0817 191.8358 191.426 191.0162 190.6064 190.1967 189.5257 188.8277 188.1298 187.4318 186.7753 186.186 185.5967 185.0075 184.4182 183.6838 182.925 182.1663 181.4075 180.707 180.1241 179.5413 178.9585 178.3756 177.9374 177.5341 177.1308 176.7275 176.5037 176.7404 176.9771 177.2137 177.4504 177.8804 178.3731 178.8657 179.3584 179.7914 180.0253 180.2592 180.493 180.7269 180.7576 180.7033
187.4831 187.8259 188.0662 188.2166 188.3669 188.5173 188.6708 189.2509 189.831 190.4111 190.9913 191.4664 191.8285 192.1907 192.5529 192.915 192.7936 192.6504 192.5072 192.3639 192.0939 191.6571 191.2202 190.7833 190.3464 189.6434 188.9129 188.1824 187.452 186.7753 186.186 185.5967 185.0075 184.4182 183.6467 182.8445 182.0424 181.2403 180.5089 179.9207 179.3324 178.7441 178.1559 177.6904 177.2546 176.8187 176.3829 176.1494 176.4349 176.7204 177.0058 177.2913 177.7947 178.3686 178.9426 179.5166 180.0098 180.2328 180.4558 180.6788 180.9019 180.9179 180.8473
187.9164 188.2583 188.5036 188.6641 188.8246 188.9851 189.1485 189.707 190.2655 190.8241 191.3826 191.8579 192.2438 192.6297 193.0156 193.4015 193.2772 193.1299 192.9826 192.8352 192.5455 192.0683 191.5911 191.1139 190.6367 189.8725 189.0787 188.2849 187.4911 186.7552 186.1131 185.471 184.8289 184.1868 183.3895 182.5659 181.7424 180.9189 180.1729 179.5836 178.9944 178.4051 177.8158 177.4126 177.0542 176.6958 176.3375 176.1784 176.5302 176.8821 177.2339 177.5858 178.1104 178.6909 179.2713 179.8518 180.3495 180.5705 180.7915 181.0125 181.2335 181.2281 181.128
188.4793 188.7887 189.0275 189.2042 189.381 189.5578 189.7371 190.2576 190.7782 191.2987 191.8193 192.2854 192.693 193.1006 193.5082 193.9158 193.7924 193.6451 193.4978 193.3504 193.042 192.5214 192.0009 191.4803 190.9597 190.1276 189.2633 188.399 187.5347 186.7304 186.0232 185.3161 184.6089 183.9018 183.0811 182.2413 181.4016 180.5618 179.8049 179.2156 178.6263 178.0371 177.4478 177.1276 176.8722 176.6168 176.3615 176.2963 176.7186 177.141 177.5633 177.9856 178.5193 179.0889 179.6585 180.2282 180.7175 180.9385 181.1595 181.3805 181.6015 181.5732 181.4406
189.0423 189.3191 189.5513 189.7444 189.9374 190.1305 190.3256 190.8082 191.2908 191.7734 192.2561 192.713 193.1422 193.5715 194.0008 194.43 194.3076 194.1603 194.013 193.8657 193.5385 192.9745 192.4106 191.8466 191.2827 190.3826 189.4479 188.5131 187.5783 186.7056 185.9334 185.1612 184.389 183.6168 182.7728 181.9167 181.0607 180.2046 179.4369 178.8476 178.2583 177.6691 177.0798 176.8426 176.6902 176.5379 176.3855 176.4142 176.907 177.3998 177.8927 178.3855 178.9281 179.4869 180.0457 180.6045 181.0856 181.3065 181.5275 181.7485 181.9695 181.9183 181.7531
189.6052 189.8495 190.0752 190.2845 190.4938 190.7032 190.9142 191.3588 191.8035 192.2481 192.6928 193.1405 193.5914 194.0424 194.4933 194.9443 194.8228 194.6755 194.5282 194.3809 194.035 193.4277 192.8203 192.213 191.6057 190.6377 189.6324 188.6272 187.6219 186.6808 185.8435 185.0063 184.169 183.3317 182.4645 181.5922 180.7198 179.8475 179.0689 178.4796 177.8903 177.301 176.7118 176.5576 176.5082 176.4589 176.4095 176.5321 177.0954 177.6587 178.222 178.7853 179.337 179.885 180.4329 180.9809 181.4536 181.6745 181.8955 182.1165 182.3375 182.2633 182.0657
190.2486 190.4481 190.6566 190.873 191.0893 191.3057 191.5235 191.9379 192.3523 192.7666 193.181 193.6154 194.0711 194.5269 194.9827 195.4385 195.3216 195.1789 195.0362 194.8935 194.5315 193.8808 193.2301 192.5794 191.9287 190.8927 189.817 188.7413 187.6656 186.6548 185.7494 184.844 183.9387 183.0333 182.1384 181.2452 180.352 179.4588 178.6718 178.0993 177.5269 176.9545 176.3821 176.3265 176.3955 176.4645 176.5335 176.7566 177.3751 177.9936 178.612 179.2305 179.791 180.3327 180.8744 181.4161 181.8818 182.0936 182.3054 182.5172 182.729 182.6292 182.399
191.0959 191.2195 191.3839 191.584 191.7841 191.9843 192.1858 192.5894 192.9929 193.3964 193.7999 194.2104 194.6282 195.0461 195.4639 195.8817 195.7788 195.6523 195.5258 195.3994 195.0279 194.3338 193.6398 192.9457 192.2516 191.1477 190.0015 188.8554 187.7092 186.6259 185.6446 184.6633 183.682 182.7008 181.7671 180.8414 179.9156 178.9899 178.2009 177.6881 177.1753 176.6625 176.1497 176.2324 176.4586 176.6848 176.911 177.2518 177.8866 178.5213 179.156 179.7908 180.3593 180.9064 181.4536 182.0007 182.4631 182.6424 182.8217 183.0009 183.1802 183.0479 182.7851
191.9433 191.991 192.1112 192.2951 192.4789 192.6628 192.8481 193.2408 193.6335 194.0262 194.4189 194.8054 195.1853 195.5652 195.9451 196.325 196.2359 196.1257 196.0155 195.9053 195.5244 194.7869 194.0495 193.3121 192.5746 191.4028 190.1861 188.9694 187.7528 186.5969 185.5397 184.4826 183.4254 182.3682 181.3958 180.4375 179.4793 178.521 177.7299 177.2768 176.8236 176.3705 175.9173 176.1383 176.5217 176.9051 177.2885 177.747 178.398 179.049 179.7 180.351 180.9277 181.4802 182.0328 182.5853 183.0444 183.1912 183.3379 183.4847 183.6314 183.4665 183.1713
192.7906 192.7625 192.8385 193.0061 193.1737 193.3413 193.5104 193.8923 194.2741 194.6559 195.0378 195.4004 195.7424 196.0843 196.4262 196.7682 196.6931 196.5991 196.5052 196.4113 196.0208 195.24 194.4592 193.6784 192.8976 191.6578 190.3707 189.0835 187.7964 186.568 185.4349 184.3018 183.1688 182.0357 181.0245 180.0337 179.0429 178.0521 177.259 176.8655 176.472 176.0785 175.685 176.0441 176.5848 177.1254 177.6661 178.2422 178.9095 179.5768 180.244 180.9113 181.496 182.054 182.612 183.1699 183.6257 183.74 183.8542 183.9684 184.0826 183.8852 183.5574
193.638 193.534 193.5659 193.7172 193.8685 194.0198 194.1727 194.5437 194.9147 195.2857 195.6567 195.9954 196.2994 196.6034 196.9074 197.2114 197.1502 197.0725 196.9949 196.9172 196.5173 195.6931 194.8689 194.0448 193.2206 191.9129 190.5552 189.1976 187.84 186.539 185.3301 184.1211 182.9122 181.7032 180.6532 179.6299 178.6066 177.5833 176.7881 176.4542 176.1203 175.7865 175.4526 175.95 176.6479 177.3458 178.0436 178.7375 179.421 180.1045 180.7881 181.4716 182.0644 182.6278 183.1912 183.7545 184.2071 184.2887 184.3704 184.4521 184.5338 184.3039 183.9435
194.4614 194.2978 194.2997 194.447 194.5944 194.7417 194.8903 195.2219 195.5534 195.885 196.2165 196.5185 196.7886 197.0587 197.3289 197.599 197.5284 197.4425 197.3566 197.2707 196.8262 195.9096 194.9931 194.0765 193.1599 191.7574 190.3048 188.8522 187.3996 186.0171 184.7486 183.4801 182.2116 180.9431 179.9301 178.9601 177.99 177.02 176.3154 176.1474 175.9793 175.8113 175.6433 176.2042 176.9408 177.6774 178.414 179.1391 179.8348 180.5305 181.2262 181.922 182.5403 183.1337 183.727 184.3203 184.794 184.8677 184.9414 185.015 185.0887 184.8248 184.4197
195.277 195.0592 195.0357 195.183 195.3304 195.4777 195.626 195.9087 196.1915 196.4742 196.757 197.018 197.2556 197.4932 197.7308 197.9684 197.8809 197.7787 197.6765 197.5744 197.0738 196.0488 195.0238 193.9988 192.9737 191.4677 189.9121 188.3565 186.8009 185.3341 184.0113 182.6886 181.3659 180.0431 179.092 178.2033 177.3146 176.4259 175.8421 175.8746 175.9072 175.9398 175.9723 176.5722 177.3088 178.0454 178.782 179.5101 180.2167 180.9233 181.6298 182.3364 182.9861 183.6173 184.2486 184.8799 185.3828 185.4565 185.5302 185.6038 185.6775 185.3792 184.9253
