data/zism_data/00133_01_D.txt
ncols         224
nrows         224
[rows 180 to 209 of 224, columns 138 to 206 of 224]
1350.0 1350.0 1350.012 1350.078 1350.143 1350.209 1350.275 1350.398 1350.553 1350.708 1350.863 1351.025 1351.243 1351.461 1351.679 1351.896 1352.114 1352.332 1352.55 1352.768 1352.985 1353.203 1353.421 1353.639 1353.857 1354.042 1354.197 1354.352 1354.507 1354.662 1354.807 1354.951 1355.095 1355.24 1355.386 1355.536 1355.686 1355.835 1355.985 1356.198 1356.419 1356.639 1356.859 1357.081 1357.304 1357.527 1357.75 1357.973 1358.192 1358.41 1358.628 1358.845 1359.058 1359.256 1359.455 1359.653 1359.852 1360.051 1360.249 1360.448 1360.646 1360.845 1361.044 1361.242 1361.441 1361.639 1361.818 1361.986 1362.155
1350.0 1350.0 1350.014 1350.087 1350.161 1350.234 1350.308 1350.429 1350.576 1350.723 1350.87 1351.026 1351.246 1351.466 1351.687 1351.907 1352.128 1352.348 1352.569 1352.789 1353.01 1353.23 1353.45 1353.671 1353.891 1354.075 1354.222 1354.368 1354.515 1354.662 1354.809 1354.956 1355.103 1355.25 1355.397 1355.544 1355.691 1355.838 1355.985 1356.198 1356.419 1356.639 1356.859 1357.08 1357.3 1357.521 1357.741 1357.962 1358.182 1358.403 1358.623 1358.844 1359.055 1359.246 1359.436 1359.627 1359.817 1360.008 1360.198 1360.389 1360.579 1360.77 1360.96 1361.151 1361.341 1361.532 1361.713 1361.89 1362.067
1350.0 1350.0 1350.014 1350.087 1350.161 1350.234 1350.308 1350.429 1350.576 1350.723 1350.87 1351.026 1351.246 1351.466 1351.687 1351.907 1352.128 1352.348 1352.569 1352.789 1353.01 1353.23 1353.45 1353.671 1353.891 1354.075 1354.222 1354.368 1354.515 1354.662 1354.809 1354.956 1355.103 1355.25 1355.397 1355.544 1355.691 1355.838 1355.985 1356.198 1356.419 1356.639 1356.859 1357.08 1357.3 1357.521 1357.741 1357.962 1358.182 1358.403 1358.623 1358.844 1359.052 1359.232 1359.411 1359.591 1359.771 1359.951 1360.13 1360.31 1360.49 1360.67 1360.849 1361.029 1361.209 1361.389 1361.574 1361.761 1361.949
1350.0 1350.0 1350.014 1350.087 1350.161 1350.234 1350.308 1350.429 1350.576 1350.723 1350.87 1351.026 1351.246 1351.466 1351.687 1351.907 1352.128 1352.348 1352.569 1352.789 1353.01 1353.23 1353.45 1353.671 1353.891 1354.075 1354.222 1354.368 1354.515 1354.662 1354.809 1354.956 1355.103 1355.25 1355.397 1355.544 1355.691 1355.838 1355.985 1356.198 1356.419 1356.639 1356.859 1357.08 1357.3 1357.521 1357.741 1357.962 1358.182 1358.403 1358.623 1358.844 1359.049 1359.218 1359.387 1359.556 1359.725 1359.894 1360.063 1360.232 1360.401 1360.57 1360.739 1360.908 1361.077 1361.245 1361.435 1361.633 1361.831
1350.0 1350.0 1350.014 1350.087 1350.161 1350.234 1350.308 1350.429 1350.576 1350.723 1350.87 1351.026 1351.246 1351.466 1351.687 1351.907 1352.128 1352.348 1352.569 1352.789 1353.01 1353.23 1353.45 1353.671 1353.891 1354.075 1354.222 1354.368 1354.515 1354.662 1354.809 1354.956 1355.103 1355.25 1355.397 1355.544 1355.691 1355.838 1355.985 1356.198 1356.419 1356.639 1356.859 1357.08 1357.3 1357.521 1357.741 1357.962 1358.182 1358.403 1358.623 1358.844 1359.046 1359.204 1359.362 1359.52 1359.679 1359.837 1359.995 1360.153 1360.311 1360.47 1360.628 1360.786 1360.944 1361.102 1361.295 1361.505 1361.714
1350.0 1350.0 1350.014 1350.087 1350.161 1350.234 1350.308 1350.429 1350.576 1350.723 1350.87 1351.026 1351.246 1351.466 1351.687 1351.907 1352.128 1352.348 1352.569 1352.789 1353.01 1353.23 1353.45 1353.671 1353.891 1354.075 1354.222 1354.368 1354.515 1354.662 1354.809 1354.956 1355.103 1355.25 1355.397 1355.544 1355.691 1355.838 1355.985 1356.198 1356.419 1356.639 1356.859 1357.08 1357.3 1357.521 1357.741 1357.962 1358.182 1358.403 1358.623 1358.844 1359.043 1359.19 1359.338 1359.485 1359.632 1359.78 1359.927 1360.075 1360.222 1360.37 1360.517 1360.665 1360.812 1360.959 1361.156 1361.376 1361.596
1350.0 1350.0 1350.018 1350.112 1350.206 1350.3 1350.394 1350.509 1350.635 1350.762 1350.888 1351.026 1351.246 1351.466 1351.687 1351.907 1352.128 1352.348 1352.569 1352.789 1353.01 1353.23 1353.45 1353.671 1353.891 1354.075 1354.222 1354.368 1354.515 1354.662 1354.809 1354.956 1355.103 1355.25 1355.397 1355.544 1355.691 1355.838 1355.985 1356.198 1356.419 1356.639 1356.859 1357.08 1357.3 1357.521 1357.741 1357.962 1358.182 1358.403 1358.623 1358.844 1359.043 1359.19 1359.337 1359.484 1359.63 1359.766 1359.897 1360.029 1360.16 1360.299 1360.461 1360.623 1360.786 1360.948 1361.14 1361.345 1361.55
1350.0 1350.0 1350.022 1350.137 1350.253 1350.369 1350.484 1350.593 1350.698 1350.802 1350.907 1351.026 1351.246 1351.466 1351.687 1351.907 1352.128 1352.348 1352.569 1352.789 1353.01 1353.23 1353.45 1353.671 1353.891 1354.075 1354.222 1354.368 1354.515 1354.662 1354.809 1354.956 1355.103 1355.25 1355.397 1355.544 1355.691 1355.838 1355.985 1356.198 1356.419 1356.639 1356.859 1357.08 1357.3 1357.521 1357.741 1357.962 1358.182 1358.403 1358.623 1358.844 1359.043 1359.19 1359.337 1359.484 1359.63 1359.754 1359.869 1359.984 1360.1 1360.229 1360.407 1360.586 1360.765 1360.943 1361.129 1361.318 1361.506
1350.0 1350.0 1350.026 1350.163 1350.3 1350.437 1350.574 1350.676 1350.76 1350.843 1350.926 1351.026 1351.246 1351.466 1351.687 1351.907 1352.128 1352.348 1352.569 1352.789 1353.01 1353.23 1353.45 1353.671 1353.891 1354.075 1354.222 1354.368 1354.515 1354.662 1354.809 1354.956 1355.103 1355.25 1355.397 1355.544 1355.691 1355.838 1355.985 1356.198 1356.419 1356.639 1356.859 1357.08 1357.3 1357.521 1357.741 1357.962 1358.182 1358.403 1358.623 1358.844 1359.043 1359.19 1359.337 1359.484 1359.63 1359.741 1359.841 1359.94 1360.039 1360.159 1360.354 1360.548 1360.743 1360.938 1361.118 1361.29 1361.463
1350.0 1350.0 1350.03 1350.189 1350.347 1350.506 1350.665 1350.76 1350.822 1350.884 1350.945 1351.026 1351.246 1351.466 1351.687 1351.907 1352.128 1352.348 1352.569 1352.789 1353.01 1353.23 1353.45 1353.671 1353.891 1354.075 1354.222 1354.368 1354.515 1354.662 1354.809 1354.956 1355.103 1355.25 1355.397 1355.544 1355.691 1355.838 1355.985 1356.198 1356.419 1356.639 1356.859 1357.08 1357.3 1357.521 1357.741 1357.962 1358.182 1358.403 1358.623 1358.844 1359.043 1359.19 1359.337 1359.484 1359.63 1359.729 1359.812 1359.895 1359.979 1360.089 1360.3 1360.511 1360.722 1360.933 1361.107 1361.263 1361.42
1350.0 1350.0 1350.033 1350.209 1350.385 1350.561 1350.736 1350.839 1350.904 1350.968 1351.032 1351.113 1351.318 1351.523 1351.728 1351.934 1352.145 1352.361 1352.577 1352.793 1353.01 1353.23 1353.45 1353.671 1353.891 1354.075 1354.222 1354.368 1354.515 1354.662 1354.809 1354.956 1355.103 1355.25 1355.397 1355.544 1355.691 1355.838 1355.985 1356.198 1356.419 1356.639 1356.859 1357.08 1357.3 1357.521 1357.741 1357.962 1358.182 1358.403 1358.623 1358.844 1359.043 1359.19 1359.337 1359.484 1359.63 1359.722 1359.796 1359.869 1359.943 1360.048 1360.268 1360.489 1360.709 1360.93 1361.1 1361.247 1361.394
1350.0 1350.0 1350.035 1350.222 1350.408 1350.595 1350.781 1350.913 1351.015 1351.117 1351.219 1351.328 1351.496 1351.663 1351.831 1351.998 1352.188 1352.393 1352.598 1352.804 1353.01 1353.23 1353.45 1353.671 1353.891 1354.075 1354.222 1354.368 1354.515 1354.662 1354.809 1354.956 1355.103 1355.25 1355.397 1355.544 1355.691 1355.838 1355.985 1356.198 1356.419 1356.639 1356.859 1357.08 1357.3 1357.521 1357.741 1357.962 1358.182 1358.403 1358.623 1358.844 1359.043 1359.19 1359.337 1359.484 1359.63 1359.722 1359.796 1359.869 1359.943 1360.048 1360.268 1360.489 1360.709 1360.93 1361.1 1361.247 1361.394
1350.0 1350.0 1350.037 1350.234 1350.432 1350.629 1350.827 1350.986 1351.126 1351.266 1351.405 1351.544 1351.674 1351.803 1351.933 1352.063 1352.23 1352.425 1352.619 1352.814 1353.01 1353.23 1353.45 1353.671 1353.891 1354.075 1354.222 1354.368 1354.515 1354.662 1354.809 1354.956 1355.103 1355.25 1355.397 1355.544 1355.691 1355.838 1355.985 1356.198 1356.419 1356.639 1356.859 1357.08 1357.3 1357.521 1357.741 1357.962 1358.182 1358.403 1358.623 1358.844 1359.043 1359.19 1359.337 1359.484 1359.63 1359.722 1359.796 1359.869 1359.943 1360.048 1360.268 1360.489 1360.709 1360.93 1361.1 1361.247 1361.394
1350.0 1350.0 1350.039 1350.247 1350.455 1350.664 1350.872 1351.06 1351.237 1351.414 1351.592 1351.759 1351.851 1351.943 1352.036 1352.128 1352.273 1352.457 1352.641 1352.824 1353.01 1353.23 1353.45 1353.671 1353.891 1354.075 1354.222 1354.368 1354.515 1354.662 1354.809 1354.956 1355.103 1355.25 1355.397 1355.544 1355.691 1355.838 1355.985 1356.198 1356.419 1356.639 1356.859 1357.08 1357.3 1357.521 1357.741 1357.962 1358.182 1358.403 1358.623 1358.844 1359.043 1359.19 1359.337 1359.484 1359.63 1359.722 1359.796 1359.869 1359.943 1360.048 1360.268 1360.489 1360.709 1360.93 1361.1 1361.247 1361.394
1350.0 1350.0 1350.041 1350.26 1350.479 1350.698 1350.917 1351.133 1351.348 1351.563 1351.778 1351.974 1352.029 1352.083 1352.138 1352.192 1352.316 1352.489 1352.661 1352.834 1353.01 1353.23 1353.45 1353.671 1353.891 1354.075 1354.222 1354.368 1354.515 1354.662 1354.809 1354.956 1355.103 1355.25 1355.397 1355.544 1355.691 1355.838 1355.985 1356.198 1356.419 1356.639 1356.859 1357.08 1357.3 1357.521 1357.741 1357.962 1358.182 1358.403 1358.623 1358.844 1359.043 1359.19 1359.337 1359.484 1359.63 1359.722 1359.796 1359.869 1359.943 1360.048 1360.268 1360.489 1360.709 1360.93 1361.1 1361.247 1361.394
1350.075 1350.103 1350.162 1350.354 1350.547 1350.74 1350.933 1351.144 1351.364 1351.585 1351.805 1352.008 1352.075 1352.143 1352.21 1352.277 1352.402 1352.569 1352.736 1352.903 1353.072 1353.278 1353.485 1353.692 1353.898 1354.082 1354.242 1354.403 1354.564 1354.725 1354.859 1354.992 1355.125 1355.258 1355.397 1355.544 1355.691 1355.838 1355.985 1356.198 1356.419 1356.639 1356.859 1357.08 1357.3 1357.521 1357.741 1357.962 1358.148 1358.327 1358.506 1358.685 1358.867 1359.055 1359.243 1359.432 1359.62 1359.722 1359.796 1359.869 1359.943 1360.048 1360.268 1360.489 1360.709 1360.93 1361.1 1361.247 1361.394
1350.163 1350.223 1350.302 1350.463 1350.623 1350.784 1350.944 1351.144 1351.364 1351.585 1351.805 1352.01 1352.099 1352.188 1352.277 1352.366 1352.497 1352.658 1352.82 1352.981 1353.144 1353.335 1353.525 1353.716 1353.906 1354.09 1354.267 1354.444 1354.62 1354.797 1354.916 1355.033 1355.15 1355.267 1355.397 1355.544 1355.691 1355.838 1355.985 1356.198 1356.419 1356.639 1356.859 1357.08 1357.3 1357.521 1357.741 1357.962 1358.108 1358.238 1358.369 1358.5 1358.661 1358.898 1359.135 1359.371 1359.608 1359.722 1359.796 1359.869 1359.943 1360.048 1360.268 1360.489 1360.709 1360.93 1361.1 1361.247 1361.394
1350.251 1350.343 1350.442 1350.571 1350.699 1350.827 1350.955 1351.144 1351.364 1351.585 1351.805 1352.013 1352.123 1352.234 1352.344 1352.455 1352.592 1352.748 1352.904 1353.06 1353.217 1353.391 1353.565 1353.74 1353.914 1354.098 1354.291 1354.484 1354.677 1354.87 1354.974 1355.075 1355.176 1355.276 1355.397 1355.544 1355.691 1355.838 1355.985 1356.198 1356.419 1356.639 1356.859 1357.08 1357.3 1357.521 1357.741 1357.962 1358.068 1358.15 1358.232 1358.314 1358.455 1358.741 1359.026 1359.311 1359.596 1359.722 1359.796 1359.869 1359.943 1360.048 1360.268 1360.489 1360.709 1360.93 1361.1 1361.247 1361.394
1350.339 1350.464 1350.583 1350.679 1350.775 1350.871 1350.967 1351.144 1351.364 1351.585 1351.805 1352.015 1352.147 1352.279 1352.411 1352.543 1352.686 1352.837 1352.988 1353.138 1353.289 1353.448 1353.606 1353.764 1353.922 1354.106 1354.315 1354.525 1354.734 1354.943 1355.031 1355.116 1355.201 1355.286 1355.397 1355.544 1355.691 1355.838 1355.985 1356.198 1356.419 1356.639 1356.859 1357.08 1357.3 1357.521 1357.741 1357.962 1358.028 1358.062 1358.095 1358.129 1358.25 1358.583 1358.917 1359.251 1359.584 1359.722 1359.796 1359.869 1359.943 1360.048 1360.268 1360.489 1360.709 1360.93 1361.1 1361.247 1361.394
1350.409 1350.56 1350.696 1350.771 1350.846 1350.921 1350.996 1351.163 1351.378 1351.594 1351.809 1352.017 1352.164 1352.311 1352.458 1352.605 1352.752 1352.899 1353.046 1353.193 1353.34 1353.487 1353.634 1353.781 1353.928 1354.112 1354.332 1354.553 1354.773 1354.994 1355.071 1355.145 1355.218 1355.292 1355.397 1355.544 1355.691 1355.838 1355.985 1356.198 1356.419 1356.639 1356.859 1357.08 1357.3 1357.521 1357.741 1357.962 1358.0 1358.0 1358.0 1358.0 1358.106 1358.474 1358.841 1359.209 1359.576 1359.722 1359.796 1359.869 1359.943 1360.048 1360.268 1360.489 1360.709 1360.93 1361.1 1361.247 1361.394
1350.439 1350.6 1350.745 1350.826 1350.906 1350.987 1351.068 1351.226 1351.425 1351.624 1351.824 1352.017 1352.164 1352.311 1352.458 1352.605 1352.752 1352.899 1353.046 1353.193 1353.34 1353.487 1353.634 1353.781 1353.928 1354.112 1354.332 1354.553 1354.773 1354.994 1355.071 1355.145 1355.218 1355.292 1355.397 1355.544 1355.691 1355.838 1355.985 1356.198 1356.419 1356.639 1356.859 1357.08 1357.3 1357.521 1357.741 1357.962 1358.0 1358.0 1358.0 1358.0 1358.106 1358.474 1358.841 1359.209 1359.576 1359.722 1359.796 1359.869 1359.943 1360.048 1360.268 1360.489 1360.709 1360.93 1361.1 1361.247 1361.394
1350.468 1350.64 1350.795 1350.881 1350.967 1351.053 1351.139 1351.288 1351.472 1351.655 1351.838 1352.017 1352.164 1352.311 1352.458 1352.605 1352.752 1352.899 1353.046 1353.193 1353.34 1353.487 1353.634 1353.781 1353.928 1354.112 1354.332 1354.553 1354.773 1354.994 1355.071 1355.145 1355.218 1355.292 1355.397 1355.544 1355.691 1355.838 1355.985 1356.198 1356.419 1356.639 1356.859 1357.08 1357.3 1357.521 1357.741 1357.962 1358.0 1358.0 1358.0 1358.0 1358.106 1358.474 1358.841 1359.209 1359.576 1359.722 1359.796 1359.869 1359.943 1360.048 1360.268 1360.489 1360.709 1360.93 1361.1 1361.247 1361.394
1350.497 1350.68 1350.845 1350.937 1351.028 1351.119 1351.21 1351.351 1351.518 1351.685 1351.852 1352.017 1352.164 1352.311 1352.458 1352.605 1352.752 1352.899 1353.046 1353.193 1353.34 1353.487 1353.634 1353.781 1353.928 1354.112 1354.332 1354.553 1354.773 1354.994 1355.071 1355.145 1355.218 1355.292 1355.397 1355.544 1355.691 1355.838 1355.985 1356.198 1356.419 1356.639 1356.859 1357.08 1357.3 1357.521 1357.741 1357.962 1358.0 1358.0 1358.0 1358.0 1358.106 1358.474 1358.841 1359.209 1359.576 1359.722 1359.796 1359.869 1359.943 1360.048 1360.268 1360.489 1360.709 1360.93 1361.1 1361.247 1361.394
1350.527 1350.72 1350.895 1350.992 1351.088 1351.185 1351.282 1351.414 1351.565 1351.716 1351.867 1352.017 1352.164 1352.311 1352.458 1352.605 1352.752 1352.899 1353.046 1353.193 1353.34 1353.487 1353.634 1353.781 1353.928 1354.112 1354.332 1354.553 1354.773 1354.994 1355.071 1355.145 1355.218 1355.292 1355.397 1355.544 1355.691 1355.838 1355.985 1356.198 1356.419 1356.639 1356.859 1357.08 1357.3 1357.521 1357.741 1357.962 1358.0 1358.0 1358.0 1358.0 1358.106 1358.474 1358.841 1359.209 1359.576 1359.722 1359.796 1359.869 1359.943 1360.048 1360.268 1360.489 1360.709 1360.93 1361.1 1361.247 1361.394
1350.611 1350.775 1350.93 1351.048 1351.166 1351.284 1351.403 1351.532 1351.667 1351.801 1351.936 1352.072 1352.219 1352.366 1352.513 1352.66 1352.805 1352.948 1353.091 1353.234 1353.376 1353.515 1353.654 1353.793 1353.932 1354.112 1354.332 1354.553 1354.773 1354.994 1355.071 1355.145 1355.218 1355.292 1355.397 1355.544 1355.691 1355.838 1355.985 1356.198 1356.419 1356.639 1356.859 1357.08 1357.3 1357.521 1357.741 1357.962 1358.0 1358.0 1358.0 1358.0 1358.099 1358.443 1358.786 1359.129 1359.472 1359.63 1359.728 1359.826 1359.923 1360.048 1360.268 1360.489 1360.709 1360.93 1361.083 1361.206 1361.329
1350.714 1350.834 1350.959 1351.104 1351.249 1351.395 1351.54 1351.668 1351.786 1351.905 1352.024 1352.146 1352.292 1352.439 1352.586 1352.733 1352.875 1353.012 1353.15 1353.287 1353.425 1353.553 1353.681 1353.809 1353.937 1354.112 1354.332 1354.553 1354.773 1354.994 1355.071 1355.145 1355.218 1355.292 1355.397 1355.544 1355.691 1355.838 1355.985 1356.198 1356.419 1356.639 1356.859 1357.08 1357.3 1357.521 1357.741 1357.962 1358.0 1358.0 1358.0 1358.0 1358.09 1358.401 1358.712 1359.022 1359.333 1359.508 1359.638 1359.768 1359.898 1360.048 1360.268 1360.489 1360.709 1360.93 1361.062 1361.152 1361.242
1350.816 1350.893 1350.989 1351.161 1351.333 1351.505 1351.677 1351.804 1351.906 1352.009 1352.111 1352.219 1352.366 1352.513 1352.66 1352.807 1352.945 1353.077 1353.209 1353.341 1353.473 1353.59 1353.708 1353.825 1353.942 1354.112 1354.332 1354.553 1354.773 1354.994 1355.071 1355.145 1355.218 1355.292 1355.397 1355.544 1355.691 1355.838 1355.985 1356.198 1356.419 1356.639 1356.859 1357.08 1357.3 1357.521 1357.741 1357.962 1358.0 1358.0 1358.0 1358.0 1358.081 1358.359 1358.638 1358.916 1359.195 1359.386 1359.548 1359.71 1359.873 1360.048 1360.268 1360.489 1360.709 1360.93 1361.04 1361.098 1361.156
1350.918 1350.953 1351.018 1351.217 1351.416 1351.615 1351.814 1351.94 1352.026 1352.112 1352.199 1352.292 1352.439 1352.586 1352.733 1352.88 1353.015 1353.142 1353.269 1353.396 1353.521 1353.628 1353.734 1353.841 1353.948 1354.112 1354.332 1354.553 1354.773 1354.994 1355.071 1355.145 1355.218 1355.292 1355.397 1355.544 1355.691 1355.838 1355.985 1356.198 1356.419 1356.639 1356.859 1357.08 1357.3 1357.521 1357.741 1357.962 1358.0 1358.0 1358.0 1358.0 1358.071 1358.318 1358.564 1358.81 1359.056 1359.264 1359.458 1359.653 1359.848 1360.048 1360.268 1360.489 1360.709 1360.93 1361.018 1361.043 1361.069
1351.0 1351.0 1351.042 1351.262 1351.482 1351.703 1351.923 1352.052 1352.132 1352.212 1352.292 1352.379 1352.52 1352.66 1352.801 1352.941 1353.073 1353.2 1353.327 1353.454 1353.58 1353.673 1353.767 1353.86 1353.954 1354.112 1354.332 1354.553 1354.773 1354.994 1355.071 1355.145 1355.218 1355.292 1355.397 1355.544 1355.691 1355.838 1355.985 1356.198 1356.419 1356.639 1356.859 1357.08 1357.3 1357.521 1357.741 1357.962 1358.0 1358.0 1358.0 1358.0 1358.064 1358.284 1358.505 1358.725 1358.946 1359.166 1359.387 1359.607 1359.828 1360.046 1360.256 1360.467 1360.678 1360.888 1360.962 1360.972 1360.982
1351.0 1351.0 1351.042 1351.262 1351.482 1351.703 1351.923 1352.073 1352.186 1352.298 1352.41 1352.522 1352.63 1352.738 1352.846 1352.955 1353.086 1353.234 1353.383 1353.531 1353.676 1353.748 1353.82 1353.892 1353.964 1354.112 1354.332 1354.553 1354.773 1354.994 1355.071 1355.145 1355.218 1355.292 1355.397 1355.544 1355.691 1355.838 1355.985 1356.198 1356.419 1356.639 1356.859 1357.08 1357.3 1357.521 1357.741 1357.962 1358.0 1358.0 1358.0 1358.0 1358.064 1358.284 1358.505 1358.725 1358.946 1359.166 1359.387 1359.607 1359.828 1360.035 1360.197 1360.36 1360.522 1360.684 1360.775 1360.834 1360.892
