data/zism_data/00135_03_D.txt
ncols         224
nrows         224
[rows 28 to 55 of 224, columns 0 to 62 of 224]
1492.667 1488.96 1481.465 1473.97 1466.475 1458.981 1447.425 1434.58 1421.735 1408.89 1394.988 1376.779 1358.57 1340.361 1322.151 1307.396 1294.624 1281.853 1269.081 1256.481 1246.054 1235.627 1225.199 1214.772 1210.351 1211.68 1213.008 1214.336 1215.665 1234.924 1255.149 1275.374 1295.598 1314.698 1332.015 1349.332 1366.649 1383.966 1385.585 1383.869 1382.153 1380.438 1375.179 1359.982 1344.785 1329.589 1314.392 1300.912 1288.167 1275.422 1262.676 1249.584 1234.339 1219.094 1203.849 1188.604 1174.173 1160.34 1146.506 1132.672 1119.011 1116.976 1114.94
1490.921 1486.642 1478.518 1470.395 1462.271 1454.147 1441.922 1428.395 1414.868 1401.34 1386.977 1369.205 1351.433 1333.661 1315.888 1301.634 1289.401 1277.168 1264.935 1252.875 1243.007 1233.139 1223.272 1213.404 1209.404 1211.02 1212.637 1214.253 1215.869 1235.097 1255.274 1275.451 1295.628 1314.698 1332.015 1349.332 1366.649 1383.966 1385.488 1383.655 1381.822 1379.989 1374.773 1360.067 1345.36 1330.654 1315.947 1302.712 1290.105 1277.498 1264.891 1251.999 1237.329 1222.66 1207.991 1193.321 1179.65 1166.712 1153.774 1140.836 1128.068 1126.8 1125.532
1489.175 1484.324 1475.572 1466.819 1458.067 1449.314 1436.419 1422.209 1408.0 1393.791 1378.965 1361.63 1344.295 1326.96 1309.625 1295.872 1284.178 1272.483 1260.788 1249.268 1239.96 1230.652 1221.344 1212.036 1208.457 1210.361 1212.265 1214.169 1216.073 1235.271 1255.4 1275.528 1295.657 1314.698 1332.015 1349.332 1366.649 1383.966 1385.391 1383.441 1381.491 1379.541 1374.367 1360.151 1345.935 1331.719 1317.502 1304.511 1292.043 1279.575 1267.107 1254.413 1240.319 1226.226 1212.132 1198.038 1185.127 1173.085 1161.042 1148.999 1137.125 1136.625 1136.125
1487.428 1482.007 1472.625 1463.244 1453.862 1444.48 1430.916 1416.024 1401.133 1386.241 1370.954 1354.056 1337.158 1320.26 1303.362 1290.111 1278.954 1267.798 1256.642 1245.661 1236.913 1228.165 1219.417 1210.668 1207.51 1209.702 1211.894 1214.085 1216.277 1235.444 1255.525 1275.606 1295.687 1314.698 1332.015 1349.332 1366.649 1383.966 1385.295 1383.227 1381.16 1379.092 1373.961 1360.235 1346.509 1332.784 1319.058 1306.31 1293.981 1281.651 1269.322 1256.827 1243.309 1229.791 1216.273 1202.755 1190.604 1179.457 1168.31 1157.163 1146.182 1146.449 1146.717
1485.682 1479.689 1469.679 1459.668 1449.658 1439.647 1425.413 1409.839 1394.265 1378.691 1362.943 1346.482 1330.021 1313.56 1297.099 1284.349 1273.731 1263.113 1252.495 1242.055 1233.866 1225.677 1217.489 1209.3 1206.563 1209.042 1211.522 1214.002 1216.481 1235.617 1255.65 1275.683 1295.716 1314.698 1332.015 1349.332 1366.649 1383.966 1385.198 1383.013 1380.828 1378.644 1373.555 1360.32 1347.084 1333.849 1320.613 1308.11 1295.919 1283.728 1271.537 1259.241 1246.299 1233.357 1220.415 1207.472 1196.081 1185.83 1175.578 1165.326 1155.239 1156.274 1157.309
1486.173 1480.104 1469.959 1459.813 1449.668 1439.522 1425.087 1409.29 1393.493 1377.695 1361.818 1345.611 1329.405 1313.198 1296.991 1284.327 1273.699 1263.071 1252.443 1241.99 1233.774 1225.558 1217.341 1209.125 1206.401 1208.935 1211.469 1214.004 1216.538 1235.664 1255.684 1275.704 1295.724 1314.716 1332.08 1349.444 1366.807 1384.171 1385.918 1384.347 1382.776 1381.206 1376.751 1364.204 1351.658 1339.111 1326.564 1314.121 1301.723 1289.324 1276.925 1264.495 1251.868 1239.24 1226.613 1213.986 1203.101 1193.496 1183.89 1174.285 1164.844 1166.467 1168.09
1487.493 1481.53 1471.432 1461.335 1451.238 1441.14 1426.675 1410.825 1394.975 1379.124 1363.24 1347.22 1331.2 1315.18 1299.16 1286.429 1275.588 1264.746 1253.905 1243.237 1234.775 1226.314 1217.852 1209.391 1206.531 1209.033 1211.535 1214.037 1216.539 1235.664 1255.684 1275.704 1295.724 1314.741 1332.169 1349.596 1367.024 1384.452 1386.939 1386.253 1385.568 1384.882 1381.28 1369.495 1357.711 1345.926 1334.142 1321.692 1308.957 1296.223 1283.488 1270.799 1258.39 1245.981 1233.573 1221.164 1210.691 1201.64 1192.589 1183.538 1174.651 1176.797 1178.942
1488.813 1482.956 1472.906 1462.857 1452.807 1442.758 1428.264 1412.361 1396.457 1380.553 1364.663 1348.83 1332.996 1317.163 1301.329 1288.531 1277.476 1266.421 1255.367 1244.484 1235.777 1227.07 1218.363 1209.656 1206.66 1209.13 1211.601 1214.071 1216.541 1235.664 1255.684 1275.704 1295.724 1314.766 1332.257 1349.749 1367.241 1384.732 1387.961 1388.16 1388.359 1388.558 1385.808 1374.786 1363.764 1352.741 1341.719 1329.262 1316.192 1303.121 1290.051 1277.103 1264.912 1252.722 1240.532 1228.342 1218.281 1209.785 1201.288 1192.792 1184.458 1187.126 1189.794
1490.133 1484.381 1474.38 1464.378 1454.377 1444.375 1429.853 1413.896 1397.939 1381.982 1366.086 1350.439 1334.792 1319.145 1303.498 1290.632 1279.365 1268.097 1256.829 1245.73 1236.778 1227.826 1218.874 1209.922 1206.79 1209.228 1211.666 1214.104 1216.543 1235.664 1255.684 1275.704 1295.724 1314.79 1332.346 1349.902 1367.457 1385.013 1388.982 1390.066 1391.15 1392.234 1390.337 1380.077 1369.817 1359.557 1349.297 1336.832 1323.426 1310.02 1296.614 1283.407 1271.435 1259.463 1247.492 1235.52 1225.872 1217.929 1209.987 1202.045 1194.265 1197.456 1200.646
1491.777 1486.164 1476.288 1466.413 1456.537 1446.662 1432.21 1416.306 1400.401 1384.497 1368.663 1353.117 1337.57 1322.023 1306.476 1293.493 1281.984 1270.475 1258.965 1247.622 1238.388 1229.154 1219.92 1210.686 1207.35 1209.659 1211.967 1214.276 1216.584 1235.692 1255.704 1275.716 1295.729 1314.819 1332.449 1350.079 1367.709 1385.339 1390.037 1391.99 1393.942 1395.895 1394.849 1385.392 1375.936 1366.479 1357.022 1344.624 1330.971 1317.317 1303.663 1290.267 1278.466 1266.666 1254.866 1243.066 1233.796 1226.384 1218.972 1211.56 1204.309 1207.942 1211.574
1495.117 1489.813 1480.47 1471.127 1461.785 1452.442 1438.58 1423.283 1407.987 1392.69 1377.275 1361.376 1345.478 1329.579 1313.681 1300.322 1288.424 1276.526 1264.627 1252.889 1243.18 1233.472 1223.764 1214.055 1210.16 1211.829 1213.498 1215.167 1216.836 1235.865 1255.83 1275.794 1295.758 1314.869 1332.626 1350.384 1368.142 1385.9 1391.267 1394.003 1396.739 1399.475 1399.275 1390.836 1382.397 1373.959 1365.52 1353.576 1340.136 1326.695 1313.255 1300.031 1288.157 1276.282 1264.407 1252.532 1243.464 1236.457 1229.45 1222.444 1215.592 1219.246 1222.9
1498.457 1493.461 1484.651 1475.842 1467.032 1458.223 1444.95 1430.261 1415.572 1400.883 1385.887 1369.636 1353.386 1337.135 1320.885 1307.151 1294.864 1282.576 1270.289 1258.155 1247.972 1237.79 1227.607 1217.424 1212.97 1213.999 1215.029 1216.058 1217.087 1236.039 1255.955 1275.871 1295.787 1314.918 1332.804 1350.689 1368.575 1386.461 1392.497 1396.017 1399.536 1403.056 1403.701 1396.28 1388.859 1381.439 1374.018 1362.528 1349.301 1336.074 1322.847 1309.796 1297.847 1285.897 1273.948 1261.999 1253.133 1246.531 1239.929 1233.327 1226.876 1230.551 1234.226
1501.797 1497.109 1488.833 1480.556 1472.28 1464.003 1451.32 1437.239 1423.158 1409.077 1394.499 1377.896 1361.294 1344.692 1328.09 1313.98 1301.304 1288.627 1275.951 1263.421 1252.764 1242.107 1231.45 1220.793 1215.78 1216.17 1216.559 1216.949 1217.339 1236.212 1256.08 1275.948 1295.817 1314.968 1332.981 1350.995 1369.008 1387.022 1393.727 1398.03 1402.333 1406.636 1408.126 1401.724 1395.321 1388.918 1382.516 1371.48 1358.466 1345.452 1332.438 1319.561 1307.537 1295.513 1283.489 1271.465 1262.801 1256.604 1250.408 1244.211 1238.159 1241.855 1245.552
1505.136 1500.758 1493.014 1485.271 1477.527 1469.784 1457.69 1444.217 1430.743 1417.27 1403.11 1386.156 1369.202 1352.248 1335.294 1320.809 1307.744 1294.678 1281.612 1268.688 1257.556 1246.425 1235.293 1224.162 1218.59 1218.34 1218.09 1217.84 1217.59 1236.385 1256.206 1276.026 1295.846 1315.017 1333.159 1351.3 1369.442 1387.583 1394.957 1400.044 1405.13 1410.217 1412.552 1407.167 1401.783 1396.398 1391.014 1380.432 1367.631 1354.831 1342.03 1329.326 1317.228 1305.129 1293.03 1280.931 1272.47 1266.678 1260.886 1255.095 1249.442 1253.16 1256.877
1508.911 1504.514 1497.01 1489.506 1482.003 1474.499 1462.891 1449.981 1437.071 1424.161 1410.45 1393.475 1376.5 1359.525 1342.551 1327.835 1314.418 1301.001 1287.584 1274.323 1263.038 1251.754 1240.469 1229.185 1223.326 1222.66 1221.994 1221.329 1220.663 1239.247 1258.868 1278.49 1298.111 1317.25 1335.627 1354.003 1372.38 1390.757 1398.522 1404.033 1409.543 1415.054 1417.88 1413.174 1408.467 1403.76 1399.053 1388.91 1376.445 1363.981 1351.516 1339.076 1326.792 1314.509 1302.225 1289.942 1281.686 1276.388 1271.089 1265.791 1260.622 1264.137 1267.652
1512.985 1508.343 1500.877 1493.411 1485.944 1478.478 1467.284 1454.907 1442.53 1430.153 1416.911 1400.144 1383.377 1366.61 1349.843 1334.996 1321.254 1307.512 1293.77 1280.213 1268.997 1257.782 1246.567 1235.352 1229.393 1228.466 1227.539 1226.612 1225.685 1243.968 1263.286 1282.603 1301.92 1320.993 1339.679 1358.365 1377.05 1395.736 1403.7 1409.387 1415.074 1420.761 1423.833 1419.568 1415.304 1411.039 1406.775 1397.059 1385.016 1372.972 1360.928 1348.815 1336.27 1323.726 1311.181 1298.636 1290.589 1285.845 1281.102 1276.358 1271.729 1274.887 1278.045
1517.06 1512.173 1504.744 1497.315 1489.886 1482.457 1471.677 1459.833 1447.989 1436.145 1423.371 1406.812 1390.253 1373.694 1357.135 1342.158 1328.091 1314.023 1299.956 1286.102 1274.956 1263.81 1252.665 1241.519 1235.461 1234.272 1233.084 1231.896 1230.708 1248.689 1267.703 1286.716 1305.729 1324.736 1343.731 1362.726 1381.721 1400.716 1408.879 1414.742 1420.604 1426.467 1429.785 1425.963 1422.141 1418.319 1414.497 1405.209 1393.586 1381.964 1370.341 1358.554 1345.748 1332.942 1320.136 1307.33 1299.493 1295.303 1291.114 1286.924 1282.837 1285.638 1288.439
1521.135 1516.003 1508.611 1501.219 1493.828 1486.436 1476.069 1464.758 1453.447 1442.136 1429.832 1413.481 1397.129 1380.778 1364.427 1349.319 1334.927 1320.535 1306.142 1291.992 1280.915 1269.839 1258.762 1247.685 1241.528 1240.078 1238.629 1237.18 1235.73 1253.41 1272.12 1290.829 1309.539 1328.479 1347.783 1367.087 1386.391 1405.695 1414.057 1420.096 1426.135 1432.173 1435.737 1432.358 1428.978 1425.598 1422.219 1413.358 1402.156 1390.955 1379.754 1368.293 1355.226 1342.159 1329.092 1316.025 1308.396 1304.761 1301.126 1297.49 1293.944 1296.388 1298.832
1525.218 1519.832 1512.462 1505.092 1497.722 1490.353 1480.386 1469.596 1458.805 1448.015 1436.171 1420.036 1403.901 1387.766 1371.632 1356.409 1341.712 1327.014 1312.316 1297.888 1286.88 1275.871 1264.863 1253.854 1247.602 1245.902 1244.201 1242.501 1240.801 1258.169 1276.564 1294.958 1313.354 1332.222 1351.842 1371.461 1391.081 1410.7 1419.267 1425.486 1431.705 1437.923 1441.735 1438.793 1435.851 1432.909 1429.967 1421.535 1410.757 1399.979 1389.201 1378.071 1364.759 1351.447 1338.135 1324.823 1317.397 1314.294 1311.19 1308.086 1305.058 1307.137 1309.216
1529.697 1523.63 1515.594 1507.558 1499.522 1491.486 1481.33 1470.503 1459.675 1448.847 1437.091 1421.553 1406.015 1390.478 1374.94 1360.304 1346.188 1332.071 1317.954 1304.066 1293.079 1282.092 1271.105 1260.118 1253.979 1252.481 1250.983 1249.486 1247.988 1264.608 1282.203 1299.798 1317.394 1336.003 1356.22 1376.436 1396.653 1416.87 1425.848 1432.44 1439.032 1445.624 1449.771 1447.058 1444.346 1441.633 1438.92 1430.929 1420.685 1410.44 1400.195 1389.591 1376.759 1363.926 1351.094 1338.261 1330.759 1327.171 1323.582 1319.993 1316.476 1317.825 1319.173
1534.176 1527.428 1518.726 1510.023 1501.321 1492.619 1482.275 1471.41 1460.545 1449.68 1438.011 1423.07 1408.13 1393.189 1378.248 1364.199 1350.664 1337.128 1323.592 1310.244 1299.278 1288.313 1277.347 1266.381 1260.356 1259.061 1257.766 1256.47 1255.175 1271.047 1287.843 1304.638 1321.434 1339.785 1360.598 1381.411 1402.225 1423.039 1432.43 1439.395 1446.36 1453.325 1457.807 1455.324 1452.84 1450.357 1447.873 1440.324 1430.613 1420.901 1411.189 1401.111 1388.758 1376.405 1364.053 1351.7 1344.121 1340.047 1335.974 1331.9 1327.895 1328.513 1329.131
1538.655 1531.226 1521.858 1512.489 1503.121 1493.752 1483.219 1472.317 1461.414 1450.512 1438.931 1424.588 1410.244 1395.9 1381.556 1368.094 1355.139 1342.185 1329.23 1316.422 1305.477 1294.533 1283.589 1272.644 1266.733 1265.641 1264.548 1263.455 1262.362 1277.486 1293.482 1309.478 1325.475 1343.566 1364.976 1386.387 1407.797 1429.208 1439.011 1446.349 1453.688 1461.026 1465.843 1463.589 1461.335 1459.08 1456.826 1449.719 1440.541 1431.362 1422.183 1412.63 1400.757 1388.884 1377.011 1365.138 1357.483 1352.924 1348.365 1343.807 1339.313 1339.201 1339.089
1543.134 1535.025 1524.99 1514.955 1504.92 1494.885 1484.163 1473.224 1462.284 1451.344 1439.851 1426.105 1412.358 1398.611 1384.864 1371.989 1359.615 1347.241 1334.868 1322.6 1311.677 1300.754 1289.831 1278.907 1273.111 1272.22 1271.33 1270.44 1269.55 1283.925 1299.121 1314.318 1329.515 1347.347 1369.354 1391.362 1413.369 1435.377 1445.593 1453.304 1461.015 1468.727 1473.879 1471.854 1469.829 1467.804 1465.779 1459.114 1450.468 1441.823 1433.177 1424.15 1412.757 1401.363 1389.97 1378.577 1370.845 1365.801 1360.757 1355.713 1350.731 1349.889 1349.046
1546.966 1538.34 1527.711 1517.082 1506.453 1495.825 1484.933 1473.959 1462.984 1452.01 1440.583 1427.312 1414.042 1400.771 1387.501 1375.227 1363.526 1351.825 1340.123 1328.495 1317.796 1307.097 1296.398 1285.699 1279.901 1278.793 1277.686 1276.578 1275.471 1289.083 1303.487 1317.892 1332.297 1349.801 1372.217 1394.633 1417.05 1439.466 1450.254 1458.573 1466.891 1475.209 1480.936 1479.391 1477.846 1476.301 1474.755 1468.466 1460.151 1451.835 1443.52 1434.839 1423.884 1412.929 1401.975 1391.02 1383.253 1377.825 1372.398 1366.97 1361.602 1360.229 1358.857
1550.015 1541.071 1529.936 1518.801 1507.666 1496.53 1485.493 1474.486 1463.48 1452.473 1441.086 1428.146 1415.206 1402.266 1389.325 1377.67 1366.752 1355.834 1344.917 1334.05 1323.819 1313.589 1303.359 1293.129 1287.19 1285.358 1283.525 1281.693 1279.861 1292.692 1306.313 1319.934 1333.555 1350.649 1373.246 1395.844 1418.442 1441.039 1452.593 1461.802 1471.01 1480.219 1486.808 1486.046 1485.284 1484.523 1483.761 1477.766 1469.536 1461.306 1453.076 1444.522 1433.956 1423.391 1412.826 1402.26 1394.507 1388.818 1383.129 1377.441 1371.811 1370.15 1368.49
1553.064 1543.802 1532.16 1520.519 1508.877 1497.236 1486.052 1475.014 1463.975 1452.937 1441.588 1428.979 1416.369 1403.76 1391.15 1380.113 1369.979 1359.844 1349.71 1339.604 1329.843 1320.082 1310.321 1300.559 1294.479 1291.922 1289.365 1286.807 1284.25 1296.301 1309.139 1321.976 1334.814 1351.497 1374.276 1397.055 1419.833 1442.612 1454.932 1465.031 1475.13 1485.229 1492.679 1492.701 1492.723 1492.745 1492.767 1487.066 1478.922 1470.777 1462.632 1454.205 1444.029 1433.853 1423.676 1413.5 1405.761 1399.811 1393.861 1387.911 1382.019 1380.071 1378.123
1556.114 1546.533 1534.385 1522.237 1510.089 1497.942 1486.611 1475.541 1464.47 1453.4 1442.091 1429.812 1417.533 1405.254 1392.975 1382.556 1373.205 1363.854 1354.504 1345.158 1335.866 1326.574 1317.282 1307.99 1301.769 1298.487 1295.204 1291.922 1288.64 1299.91 1311.964 1324.018 1336.072 1352.345 1375.305 1398.265 1421.225 1444.185 1457.271 1468.26 1479.249 1490.238 1498.551 1499.357 1500.162 1500.968 1501.773 1496.367 1488.307 1480.247 1472.188 1463.889 1454.101 1444.314 1434.527 1424.74 1417.015 1410.804 1404.593 1398.381 1392.228 1389.992 1387.757
1559.163 1549.264 1536.61 1523.956 1511.301 1498.647 1487.171 1476.068 1464.966 1453.863 1442.594 1430.646 1418.697 1406.748 1394.8 1384.998 1376.432 1367.865 1359.297 1350.712 1341.889 1333.066 1324.243 1315.42 1309.058 1305.051 1301.044 1297.037 1293.03 1303.52 1314.79 1326.06 1337.331 1353.194 1376.335 1399.476 1422.617 1445.759 1459.611 1471.49 1483.369 1495.248 1504.423 1506.012 1507.601 1509.19 1510.779 1505.667 1497.692 1489.718 1481.744 1473.572 1464.174 1454.776 1445.378 1435.98 1428.269 1421.796 1415.324 1408.852 1402.437 1399.913 1397.39
