data/zism_data/00144_02_D.txt
ncols         224
nrows         224
[rows 112 to 139 of 224, columns 0 to 63 of 224]
1300.548 1301.487 1302.462 1303.438 1304.413 1305.117 1304.232 1303.348 1302.463 1301.579 1300.942 1300.486 1300.03 1299.575 1299.122 1298.997 1298.871 1298.746 1298.621 1298.551 1298.551 1298.551 1298.551 1298.551 1298.551 1298.551 1298.551 1298.551 1298.551 1298.551 1298.551 1298.551 1298.551 1298.551 1298.551 1298.551 1298.551 1298.551 1298.551 1298.551 1298.551 1298.551 1298.511 1298.444 1298.377 1298.31 1298.244 1298.19 1298.136 1298.083 1298.029 1298.0 1298.0 1298.0 1298.0 1298.0 1298.0 1298.0 1298.0 1298.0 1297.975 1297.894 1297.814 1297.734
1301.734 1302.921 1304.168 1305.415 1306.661 1307.545 1306.31 1305.074 1303.839 1302.603 1301.713 1301.076 1300.44 1299.803 1299.171 1299.083 1298.995 1298.907 1298.819 1298.77 1298.77 1298.77 1298.77 1298.77 1298.77 1298.77 1298.77 1298.77 1298.77 1298.77 1298.77 1298.77 1298.77 1298.77 1298.77 1298.77 1298.77 1298.77 1298.77 1298.77 1298.77 1298.77 1298.715 1298.621 1298.527 1298.434 1298.34 1298.266 1298.191 1298.116 1298.041 1298.0 1298.0 1298.0 1298.0 1298.0 1298.0 1298.0 1298.0 1298.0 1297.965 1297.852 1297.74 1297.628
1302.919 1304.355 1305.873 1307.391 1308.91 1309.974 1308.387 1306.801 1305.214 1303.627 1302.484 1301.666 1300.849 1300.031 1299.219 1299.169 1299.118 1299.068 1299.017 1298.989 1298.989 1298.989 1298.989 1298.989 1298.989 1298.989 1298.989 1298.989 1298.989 1298.989 1298.989 1298.989 1298.989 1298.989 1298.989 1298.989 1298.989 1298.989 1298.989 1298.989 1298.989 1298.989 1298.918 1298.797 1298.677 1298.557 1298.437 1298.341 1298.245 1298.149 1298.053 1298.0 1298.0 1298.0 1298.0 1298.0 1298.0 1298.0 1298.0 1298.0 1297.955 1297.81 1297.666 1297.522
1307.246 1309.064 1310.818 1312.572 1314.327 1315.539 1313.58 1311.622 1309.664 1307.706 1306.047 1304.61 1303.172 1301.734 1300.305 1300.049 1299.794 1299.538 1299.282 1299.125 1299.095 1299.065 1299.034 1299.004 1299.0 1299.0 1299.0 1299.0 1299.0 1299.0 1299.0 1299.0 1299.0 1299.0 1299.0 1299.0 1299.0 1299.0 1299.0 1299.0 1299.0 1299.0 1298.943 1298.847 1298.75 1298.654 1298.557 1298.45 1298.343 1298.235 1298.128 1298.065 1298.055 1298.044 1298.034 1298.024 1298.019 1298.014 1298.009 1298.003 1297.954 1297.808 1297.662 1297.516
1311.743 1313.949 1315.938 1317.926 1319.914 1321.272 1318.941 1316.61 1314.28 1311.949 1309.762 1307.68 1305.598 1303.516 1301.447 1300.973 1300.499 1300.025 1299.551 1299.257 1299.195 1299.133 1299.07 1299.008 1299.0 1299.0 1299.0 1299.0 1299.0 1299.0 1299.0 1299.0 1299.0 1299.0 1299.0 1299.0 1299.0 1299.0 1299.0 1299.0 1299.0 1299.0 1298.959 1298.889 1298.819 1298.75 1298.679 1298.561 1298.443 1298.325 1298.207 1298.133 1298.112 1298.091 1298.071 1298.05 1298.038 1298.028 1298.017 1298.007 1297.954 1297.808 1297.662 1297.516
1316.239 1318.834 1321.057 1323.279 1325.502 1327.005 1324.302 1321.599 1318.895 1316.192 1313.476 1310.75 1308.024 1305.299 1302.588 1301.896 1301.204 1300.511 1299.819 1299.389 1299.295 1299.201 1299.107 1299.012 1299.0 1299.0 1299.0 1299.0 1299.0 1299.0 1299.0 1299.0 1299.0 1299.0 1299.0 1299.0 1299.0 1299.0 1299.0 1299.0 1299.0 1299.0 1298.974 1298.931 1298.888 1298.845 1298.8 1298.672 1298.543 1298.414 1298.286 1298.201 1298.17 1298.138 1298.107 1298.075 1298.058 1298.042 1298.026 1298.011 1297.954 1297.808 1297.662 1297.516
1320.736 1323.719 1326.176 1328.633 1331.09 1332.739 1329.663 1326.587 1323.511 1320.435 1317.19 1313.82 1310.451 1307.081 1303.729 1302.819 1301.909 1300.998 1300.088 1299.521 1299.395 1299.269 1299.143 1299.017 1299.0 1299.0 1299.0 1299.0 1299.0 1299.0 1299.0 1299.0 1299.0 1299.0 1299.0 1299.0 1299.0 1299.0 1299.0 1299.0 1299.0 1299.0 1298.99 1298.974 1298.957 1298.941 1298.922 1298.782 1298.643 1298.504 1298.364 1298.269 1298.227 1298.185 1298.143 1298.101 1298.077 1298.056 1298.035 1298.014 1297.954 1297.808 1297.662 1297.516
1326.535 1329.847 1332.47 1335.092 1337.714 1339.492 1336.333 1333.173 1330.014 1326.854 1323.286 1319.418 1315.55 1311.682 1307.831 1306.327 1304.822 1303.318 1301.814 1300.795 1300.401 1300.007 1299.612 1299.218 1299.135 1299.098 1299.062 1299.026 1299.0 1299.0 1299.0 1299.0 1299.0 1299.0 1299.0 1299.0 1299.0 1299.0 1299.0 1299.0 1299.0 1299.0 1299.0 1299.0 1299.0 1299.0 1298.997 1298.863 1298.729 1298.596 1298.462 1298.369 1298.324 1298.279 1298.235 1298.19 1298.16 1298.132 1298.103 1298.075 1298.01 1297.864 1297.718 1297.572
1334.464 1338.007 1340.682 1343.358 1346.033 1347.914 1345.143 1342.371 1339.6 1336.829 1333.275 1329.147 1325.018 1320.889 1316.771 1314.058 1311.346 1308.633 1305.921 1303.937 1302.888 1301.839 1300.791 1299.742 1299.489 1299.357 1299.225 1299.093 1299.0 1299.0 1299.0 1299.0 1299.0 1299.0 1299.0 1299.0 1299.0 1299.0 1299.0 1299.0 1299.0 1299.0 1299.0 1299.0 1299.0 1299.0 1298.998 1298.896 1298.794 1298.692 1298.59 1298.519 1298.485 1298.451 1298.417 1298.383 1298.345 1298.306 1298.267 1298.228 1298.156 1298.01 1297.864 1297.718
1342.393 1346.167 1348.895 1351.624 1354.353 1356.335 1353.953 1351.57 1349.187 1346.805 1343.265 1338.875 1334.486 1330.096 1325.71 1321.79 1317.869 1313.949 1310.028 1307.079 1305.376 1303.672 1301.969 1300.265 1299.844 1299.616 1299.388 1299.16 1299.0 1299.0 1299.0 1299.0 1299.0 1299.0 1299.0 1299.0 1299.0 1299.0 1299.0 1299.0 1299.0 1299.0 1299.0 1299.0 1299.0 1299.0 1298.998 1298.929 1298.859 1298.789 1298.719 1298.67 1298.647 1298.623 1298.6 1298.577 1298.53 1298.48 1298.431 1298.381 1298.301 1298.156 1298.01 1297.864
1350.323 1354.326 1357.108 1359.89 1362.672 1364.757 1362.762 1360.768 1358.774 1356.78 1353.254 1348.604 1343.954 1339.304 1334.65 1329.521 1324.393 1319.264 1314.136 1310.221 1307.863 1305.505 1303.147 1300.789 1300.198 1299.874 1299.551 1299.227 1299.0 1299.0 1299.0 1299.0 1299.0 1299.0 1299.0 1299.0 1299.0 1299.0 1299.0 1299.0 1299.0 1299.0 1299.0 1299.0 1299.0 1299.0 1298.999 1298.961 1298.923 1298.885 1298.847 1298.821 1298.808 1298.795 1298.783 1298.77 1298.715 1298.655 1298.595 1298.534 1298.447 1298.301 1298.156 1298.01
1358.252 1362.486 1365.321 1368.156 1370.991 1373.178 1371.572 1369.967 1368.361 1366.755 1363.244 1358.333 1353.422 1348.511 1343.589 1337.253 1330.916 1324.58 1318.243 1313.363 1310.35 1307.338 1304.325 1301.313 1300.552 1300.133 1299.714 1299.294 1299.0 1299.0 1299.0 1299.0 1299.0 1299.0 1299.0 1299.0 1299.0 1299.0 1299.0 1299.0 1299.0 1299.0 1299.0 1299.0 1299.0 1299.0 1299.0 1298.994 1298.988 1298.982 1298.976 1298.971 1298.969 1298.967 1298.965 1298.963 1298.9 1298.829 1298.759 1298.688 1298.593 1298.447 1298.301 1298.156
1370.54 1374.804 1377.308 1379.813 1382.318 1384.182 1382.301 1380.419 1378.538 1376.657 1373.082 1368.264 1363.446 1358.628 1353.793 1346.723 1339.653 1332.583 1325.512 1319.723 1315.577 1311.432 1307.286 1303.141 1301.998 1301.311 1300.623 1299.935 1299.429 1299.347 1299.265 1299.183 1299.101 1299.066 1299.049 1299.032 1299.015 1299.0 1299.0 1299.0 1299.0 1299.0 1299.0 1299.0 1299.0 1299.0 1299.0 1299.0 1299.0 1299.0 1299.0 1299.0 1299.0 1299.0 1299.0 1299.0 1298.947 1298.887 1298.827 1298.767 1298.684 1298.551 1298.418 1298.285
1383.849 1388.095 1390.18 1392.264 1394.348 1395.79 1393.478 1391.166 1388.854 1386.542 1382.886 1378.243 1373.601 1368.958 1364.294 1356.601 1348.907 1341.215 1333.522 1326.837 1321.446 1316.055 1310.665 1305.274 1303.7 1302.703 1301.707 1300.711 1299.958 1299.775 1299.592 1299.408 1299.225 1299.148 1299.109 1299.071 1299.032 1299.0 1299.0 1299.0 1299.0 1299.0 1299.0 1299.0 1299.0 1299.0 1299.0 1299.0 1299.0 1299.0 1299.0 1299.0 1299.0 1299.0 1299.0 1299.0 1298.961 1298.917 1298.873 1298.829 1298.762 1298.645 1298.528 1298.411
1397.158 1401.387 1403.051 1404.715 1406.379 1407.399 1404.656 1401.913 1399.169 1396.426 1392.689 1388.222 1383.755 1379.289 1374.794 1366.478 1358.162 1349.847 1341.531 1333.951 1327.315 1320.679 1314.043 1307.407 1305.401 1304.096 1302.791 1301.486 1300.487 1300.203 1299.918 1299.634 1299.35 1299.23 1299.17 1299.11 1299.05 1299.0 1299.0 1299.0 1299.0 1299.0 1299.0 1299.0 1299.0 1299.0 1299.0 1299.0 1299.0 1299.0 1299.0 1299.0 1299.0 1299.0 1299.0 1299.0 1298.975 1298.947 1298.919 1298.891 1298.84 1298.739 1298.638 1298.537
1410.467 1414.679 1415.922 1417.166 1418.409 1419.008 1415.833 1412.659 1409.485 1406.311 1402.493 1398.201 1393.91 1389.619 1385.294 1376.355 1367.417 1358.479 1349.541 1341.065 1333.184 1325.303 1317.421 1309.54 1307.103 1305.489 1303.875 1302.262 1301.016 1300.63 1300.245 1299.86 1299.475 1299.311 1299.23 1299.149 1299.068 1299.0 1299.0 1299.0 1299.0 1299.0 1299.0 1299.0 1299.0 1299.0 1299.0 1299.0 1299.0 1299.0 1299.0 1299.0 1299.0 1299.0 1299.0 1299.0 1298.989 1298.977 1298.965 1298.953 1298.918 1298.833 1298.748 1298.663
1423.017 1427.016 1427.707 1428.398 1429.089 1429.147 1425.509 1421.87 1418.232 1414.593 1410.513 1406.107 1401.702 1397.297 1392.854 1383.341 1373.827 1364.313 1354.8 1345.671 1337.037 1328.403 1319.769 1311.134 1308.425 1306.611 1304.798 1302.984 1301.57 1301.09 1300.61 1300.13 1299.65 1299.44 1299.33 1299.22 1299.11 1299.019 1299.026 1299.034 1299.042 1299.05 1299.048 1299.041 1299.033 1299.025 1299.017 1299.014 1299.01 1299.006 1299.002 1299.0 1299.0 1299.0 1299.0 1299.0 1299.002 1299.005 1299.007 1299.01 1298.989 1298.918 1298.846 1298.774
1433.171 1436.342 1436.064 1435.786 1435.509 1434.657 1430.449 1426.241 1422.033 1417.825 1412.911 1407.479 1402.047 1396.614 1391.149 1381.21 1371.27 1361.331 1351.392 1342.374 1334.537 1326.701 1318.865 1311.029 1308.549 1306.88 1305.21 1303.54 1302.204 1301.65 1301.095 1300.541 1299.986 1299.717 1299.554 1299.391 1299.228 1299.097 1299.136 1299.176 1299.216 1299.255 1299.248 1299.208 1299.169 1299.129 1299.09 1299.07 1299.05 1299.031 1299.011 1299.0 1299.0 1299.0 1299.0 1299.0 1299.012 1299.025 1299.038 1299.051 1299.04 1298.973 1298.907 1298.84
1443.324 1445.668 1444.422 1443.175 1441.929 1440.167 1435.39 1430.612 1425.835 1421.058 1415.31 1408.851 1402.391 1395.932 1389.444 1379.079 1368.713 1358.348 1347.983 1339.076 1332.038 1325.0 1317.962 1310.924 1308.674 1307.148 1305.622 1304.096 1302.839 1302.21 1301.581 1300.952 1300.323 1299.995 1299.778 1299.562 1299.345 1299.175 1299.247 1299.318 1299.39 1299.461 1299.448 1299.377 1299.305 1299.234 1299.163 1299.127 1299.091 1299.055 1299.02 1299.0 1299.0 1299.0 1299.0 1299.0 1299.021 1299.045 1299.069 1299.093 1299.09 1299.029 1298.968 1298.907
1453.478 1454.994 1452.779 1450.564 1448.349 1445.677 1440.33 1434.983 1429.636 1424.29 1417.709 1410.222 1402.736 1395.249 1387.739 1376.948 1366.157 1355.366 1344.575 1335.778 1329.538 1323.299 1317.059 1310.82 1308.799 1307.417 1306.034 1304.652 1303.473 1302.769 1302.066 1301.362 1300.659 1300.272 1300.002 1299.733 1299.463 1299.253 1299.357 1299.46 1299.563 1299.667 1299.648 1299.545 1299.441 1299.338 1299.235 1299.184 1299.132 1299.08 1299.028 1299.0 1299.0 1299.0 1299.0 1299.0 1299.031 1299.065 1299.099 1299.134 1299.14 1299.084 1299.029 1298.973
1463.632 1464.32 1461.137 1457.953 1454.769 1451.187 1445.271 1439.354 1433.438 1427.522 1420.108 1411.594 1403.08 1394.567 1386.033 1374.817 1363.6 1352.383 1341.167 1332.48 1327.039 1321.597 1316.156 1310.715 1308.924 1307.685 1306.447 1305.208 1304.107 1303.329 1302.551 1301.773 1300.995 1300.549 1300.226 1299.903 1299.58 1299.331 1299.467 1299.602 1299.737 1299.873 1299.848 1299.713 1299.577 1299.442 1299.308 1299.24 1299.172 1299.105 1299.037 1299.0 1299.0 1299.0 1299.0 1299.0 1299.04 1299.085 1299.13 1299.175 1299.191 1299.14 1299.09 1299.039
1463.518 1462.975 1459.109 1455.243 1451.376 1447.242 1441.543 1435.843 1430.144 1424.445 1416.831 1407.812 1398.793 1389.774 1380.74 1369.648 1358.556 1347.464 1336.372 1328.081 1323.384 1318.688 1313.991 1309.294 1307.822 1306.838 1305.854 1304.87 1303.972 1303.277 1302.582 1301.886 1301.191 1300.752 1300.408 1300.064 1299.72 1299.451 1299.576 1299.7 1299.825 1299.949 1299.926 1299.802 1299.677 1299.553 1299.43 1299.368 1299.306 1299.243 1299.181 1299.147 1299.147 1299.147 1299.147 1299.147 1299.184 1299.225 1299.267 1299.308 1299.313 1299.24 1299.166 1299.093
1458.381 1456.411 1452.002 1447.593 1443.183 1438.674 1433.576 1428.477 1423.379 1418.281 1410.778 1401.509 1392.24 1382.971 1373.691 1362.993 1352.295 1341.596 1330.898 1323.143 1319.165 1315.187 1311.208 1307.23 1306.121 1305.445 1304.77 1304.094 1303.46 1302.925 1302.389 1301.854 1301.318 1300.918 1300.569 1300.22 1299.87 1299.592 1299.685 1299.777 1299.87 1299.962 1299.945 1299.853 1299.76 1299.668 1299.576 1299.53 1299.484 1299.437 1299.391 1299.366 1299.366 1299.366 1299.366 1299.366 1299.393 1299.424 1299.455 1299.486 1299.472 1299.361 1299.25 1299.139
1453.244 1449.847 1444.895 1439.943 1434.991 1430.105 1425.608 1421.111 1416.615 1412.118 1404.725 1395.206 1385.686 1376.167 1366.642 1356.338 1346.033 1335.729 1325.425 1318.206 1314.946 1311.686 1308.426 1305.166 1304.419 1304.052 1303.685 1303.319 1302.949 1302.573 1302.197 1301.821 1301.445 1301.085 1300.73 1300.375 1300.021 1299.733 1299.793 1299.854 1299.915 1299.975 1299.964 1299.904 1299.843 1299.782 1299.722 1299.692 1299.662 1299.632 1299.601 1299.585 1299.585 1299.585 1299.585 1299.585 1299.603 1299.623 1299.643 1299.663 1299.63 1299.482 1299.334 1299.186
1448.107 1443.282 1437.787 1432.293 1426.798 1421.536 1417.641 1413.745 1409.85 1405.954 1398.672 1388.902 1379.133 1369.364 1359.594 1349.683 1339.772 1329.862 1319.952 1313.268 1310.727 1308.185 1305.644 1303.102 1302.718 1302.66 1302.601 1302.543 1302.437 1302.221 1302.005 1301.789 1301.572 1301.251 1300.891 1300.531 1300.171 1299.874 1299.902 1299.931 1299.96 1299.988 1299.983 1299.954 1299.926 1299.897 1299.869 1299.854 1299.84 1299.826 1299.811 1299.803 1299.803 1299.803 1299.803 1299.803 1299.812 1299.822 1299.831 1299.841 1299.789 1299.604 1299.418 1299.233
1442.357 1436.302 1430.395 1424.488 1418.58 1413.044 1409.677 1406.31 1402.943 1399.576 1392.439 1382.536 1372.632 1362.729 1352.828 1343.374 1333.919 1324.464 1315.01 1308.86 1306.952 1305.044 1303.136 1301.228 1301.164 1301.38 1301.594 1301.81 1301.939 1301.868 1301.797 1301.727 1301.656 1301.375 1301.017 1300.659 1300.301 1300.0 1300.0 1300.0 1300.0 1300.0 1300.0 1300.0 1300.0 1300.0 1300.0 1300.0 1300.0 1300.0 1300.0 1300.0 1300.0 1300.0 1300.0 1300.0 1300.0 1300.0 1300.0 1300.0 1299.933 1299.719 1299.505 1299.291
1431.214 1425.666 1420.493 1415.321 1410.148 1405.222 1401.744 1398.265 1394.786 1391.307 1384.633 1375.613 1366.592 1357.572 1348.556 1340.102 1331.647 1323.193 1314.739 1309.103 1307.083 1305.064 1303.044 1301.024 1300.913 1301.091 1301.269 1301.447 1301.556 1301.507 1301.457 1301.408 1301.358 1301.13 1300.836 1300.542 1300.247 1300.0 1300.0 1300.0 1300.0 1300.0 1300.0 1300.0 1300.0 1300.0 1300.0 1300.0 1300.0 1300.0 1300.0 1300.0 1300.0 1300.0 1300.0 1300.0 1300.0 1300.0 1300.0 1300.0 1299.948 1299.782 1299.616 1299.45
1420.071 1415.03 1410.592 1406.153 1401.715 1397.401 1393.81 1390.219 1386.629 1383.038 1376.826 1368.689 1360.552 1352.415 1344.283 1336.83 1329.376 1321.922 1314.469 1309.346 1307.215 1305.083 1302.952 1300.82 1300.662 1300.803 1300.943 1301.084 1301.174 1301.146 1301.117 1301.089 1301.061 1300.885 1300.655 1300.424 1300.193 1300.0 1300.0 1300.0 1300.0 1300.0 1300.0 1300.0 1300.0 1300.0 1300.0 1300.0 1300.0 1300.0 1300.0 1300.0 1300.0 1300.0 1300.0 1300.0 1300.0 1300.0 1300.0 1300.0 1299.963 1299.845 1299.727 1299.608
