data/zism_data/00143_01_D.txt
ncols         224
nrows         224
[rows 168 to 195 of 224, columns 63 to 125 of 224]
1427.646 1419.085 1413.037 1410.029 1407.021 1404.014 1401.006 1403.963 1407.654 1411.344 1415.035 1420.776 1430.709 1440.642 1450.575 1460.509 1467.684 1474.02 1480.355 1486.691 1492.073 1493.744 1495.415 1497.085 1498.756 1498.669 1497.603 1496.538 1495.472 1494.082 1488.975 1483.868 1478.762 1473.655 1467.807 1461.271 1454.734 1448.197 1441.66 1435.453 1429.26 1423.068 1416.876 1412.066 1409.38 1406.694 1404.009 1401.323 1400.687 1400.464 1400.242 1400.019 1399.865 1399.896 1399.928 1399.959 1399.991 1400.0 1400.0 1400.0 1400.0 1399.912 1399.307
1434.039 1423.802 1416.481 1412.689 1408.896 1405.104 1401.311 1404.425 1408.388 1412.351 1416.313 1422.384 1432.766 1443.148 1453.529 1463.911 1470.975 1477.027 1483.08 1489.133 1494.21 1495.491 1496.772 1498.053 1499.334 1499.19 1498.252 1497.315 1496.377 1495.104 1489.992 1484.88 1479.768 1474.656 1468.612 1461.702 1454.791 1447.881 1440.97 1434.45 1427.948 1421.447 1414.944 1410.098 1407.797 1405.496 1403.194 1400.893 1400.406 1400.285 1400.163 1400.042 1399.957 1399.967 1399.977 1399.987 1399.997 1400.0 1400.0 1400.0 1400.0 1399.899 1399.209
1440.501 1429.685 1421.574 1416.735 1411.897 1407.059 1402.221 1405.29 1409.332 1413.373 1417.415 1423.691 1434.538 1445.385 1456.232 1467.079 1473.955 1479.621 1485.287 1490.953 1495.652 1496.591 1497.53 1498.469 1499.408 1498.984 1497.802 1496.619 1495.437 1493.92 1488.578 1483.236 1477.895 1472.553 1466.36 1459.376 1452.392 1445.408 1438.424 1432.031 1425.666 1419.3 1412.935 1408.32 1406.394 1404.469 1402.544 1400.618 1400.241 1400.177 1400.112 1400.047 1400.0 1400.0 1400.0 1400.0 1400.0 1400.0 1400.0 1400.0 1400.0 1399.892 1399.153
1447.026 1436.62 1428.154 1422.035 1415.916 1409.796 1403.677 1406.52 1410.465 1414.411 1418.356 1424.726 1436.053 1447.381 1458.708 1470.036 1476.656 1481.841 1487.026 1492.212 1496.468 1497.108 1497.748 1498.388 1499.028 1498.123 1496.359 1494.594 1492.83 1490.743 1484.969 1479.195 1473.421 1467.646 1461.348 1454.561 1447.775 1440.988 1434.202 1428.334 1422.507 1416.681 1410.855 1406.711 1405.154 1403.597 1402.04 1400.483 1400.181 1400.133 1400.084 1400.036 1400.0 1400.0 1400.0 1400.0 1400.0 1400.0 1400.0 1400.0 1400.0 1399.89 1399.135
1453.551 1443.556 1434.735 1427.334 1419.934 1412.533 1405.132 1407.75 1411.599 1415.448 1419.297 1425.761 1437.569 1449.377 1461.184 1472.992 1479.356 1484.061 1488.766 1493.471 1497.284 1497.625 1497.966 1498.307 1498.648 1497.262 1494.916 1492.57 1490.223 1487.567 1481.36 1475.153 1468.947 1462.74 1456.335 1449.746 1443.158 1436.569 1429.98 1424.636 1419.349 1414.061 1408.774 1405.103 1403.914 1402.726 1401.537 1400.348 1400.122 1400.089 1400.056 1400.024 1400.0 1400.0 1400.0 1400.0 1400.0 1400.0 1400.0 1400.0 1400.0 1399.887 1399.116
1460.075 1450.491 1441.316 1432.634 1423.952 1415.27 1406.588 1408.98 1412.733 1416.486 1420.239 1426.795 1439.084 1451.372 1463.661 1475.949 1482.057 1486.281 1490.506 1494.73 1498.1 1498.142 1498.184 1498.226 1498.267 1496.401 1493.473 1490.545 1487.616 1484.39 1477.751 1471.112 1464.473 1457.834 1451.323 1444.932 1438.54 1432.149 1425.758 1420.938 1416.19 1411.442 1406.694 1403.494 1402.674 1401.854 1401.034 1400.214 1400.062 1400.045 1400.029 1400.012 1400.0 1400.0 1400.0 1400.0 1400.0 1400.0 1400.0 1400.0 1400.0 1399.885 1399.098
1466.599 1457.427 1447.897 1437.933 1427.97 1418.007 1408.043 1410.209 1413.866 1417.523 1421.18 1427.83 1440.599 1453.368 1466.137 1478.906 1484.757 1488.501 1492.245 1495.989 1498.915 1498.658 1498.401 1498.144 1497.887 1495.541 1492.03 1488.52 1485.01 1481.213 1474.142 1467.07 1459.999 1452.927 1446.311 1440.117 1433.923 1427.729 1421.535 1417.24 1413.031 1408.823 1404.614 1401.886 1401.434 1400.982 1400.53 1400.078 1400.002 1400.002 1400.001 1400.0 1400.0 1400.0 1400.0 1400.0 1400.0 1400.0 1400.0 1400.0 1400.0 1399.883 1399.08
1471.452 1463.498 1454.555 1444.417 1434.278 1424.139 1414.001 1415.329 1418.067 1420.805 1423.542 1429.452 1441.848 1454.243 1466.639 1479.034 1484.723 1488.367 1492.011 1495.655 1498.426 1497.798 1497.17 1496.542 1495.914 1493.14 1489.171 1485.202 1481.234 1477.016 1469.949 1462.882 1455.816 1448.749 1442.218 1436.186 1430.154 1424.122 1418.089 1414.42 1410.858 1407.297 1403.735 1401.441 1401.095 1400.75 1400.404 1400.058 1400.0 1400.0 1400.0 1400.0 1400.0 1400.0 1400.0 1400.0 1400.0 1400.0 1400.0 1400.0 1400.0 1399.886 1399.102
1476.241 1469.536 1461.217 1450.945 1440.673 1430.401 1420.129 1420.596 1422.383 1424.171 1425.958 1431.097 1443.087 1455.077 1467.066 1479.056 1484.584 1488.143 1491.701 1495.26 1497.887 1496.885 1495.883 1494.881 1493.88 1490.681 1486.258 1481.836 1477.413 1472.78 1465.735 1458.689 1451.644 1444.598 1438.161 1432.289 1426.417 1420.545 1414.673 1411.633 1408.723 1405.813 1402.902 1401.041 1400.791 1400.541 1400.292 1400.042 1400.0 1400.0 1400.0 1400.0 1400.0 1400.0 1400.0 1400.0 1400.0 1400.0 1400.0 1400.0 1400.0 1399.889 1399.127
1481.03 1475.574 1467.878 1457.473 1447.067 1436.662 1426.256 1425.863 1426.7 1427.537 1428.375 1432.742 1444.326 1455.91 1467.494 1479.078 1484.446 1487.919 1491.392 1494.865 1497.348 1495.972 1494.597 1493.221 1491.846 1488.222 1483.345 1478.469 1473.593 1468.544 1461.52 1454.496 1447.472 1440.448 1434.104 1428.392 1422.68 1416.968 1411.256 1408.846 1406.587 1404.328 1402.069 1400.64 1400.487 1400.333 1400.179 1400.026 1400.0 1400.0 1400.0 1400.0 1400.0 1400.0 1400.0 1400.0 1400.0 1400.0 1400.0 1400.0 1400.0 1399.892 1399.151
1485.818 1481.612 1474.54 1464.001 1453.462 1442.923 1432.384 1431.13 1431.017 1430.904 1430.791 1434.386 1445.564 1456.743 1467.921 1479.099 1484.307 1487.695 1491.083 1494.47 1496.808 1495.059 1493.31 1491.561 1489.812 1485.762 1480.432 1475.102 1469.772 1464.308 1457.305 1450.302 1443.3 1436.297 1430.046 1424.495 1418.943 1413.391 1407.839 1406.059 1404.451 1402.844 1401.236 1400.24 1400.182 1400.125 1400.067 1400.01 1400.0 1400.0 1400.0 1400.0 1400.0 1400.0 1400.0 1400.0 1400.0 1400.0 1400.0 1400.0 1400.0 1399.895 1399.176
1489.332 1486.062 1479.627 1469.364 1459.101 1448.838 1438.575 1436.611 1435.668 1434.724 1433.781 1436.567 1446.977 1457.388 1467.798 1478.208 1483.165 1486.458 1489.752 1493.046 1495.228 1493.082 1490.935 1488.789 1486.642 1482.246 1476.597 1470.948 1465.3 1459.554 1452.704 1445.853 1439.002 1432.152 1426.156 1420.955 1415.755 1410.554 1405.353 1404.051 1402.927 1401.804 1400.681 1400.0 1400.0 1400.0 1400.0 1400.0 1400.005 1400.012 1400.018 1400.025 1400.033 1400.046 1400.058 1400.071 1400.084 1400.065 1400.033 1400.001 1399.969 1399.839 1399.137
1490.943 1488.143 1482.366 1472.99 1463.613 1454.236 1444.859 1442.412 1440.818 1439.223 1437.628 1439.547 1448.649 1457.752 1466.854 1475.957 1480.525 1483.712 1486.9 1490.087 1492.095 1489.516 1486.937 1484.358 1481.78 1477.153 1471.387 1465.621 1459.854 1454.029 1447.525 1441.022 1434.518 1428.015 1422.516 1417.95 1413.385 1408.819 1404.254 1403.204 1402.315 1401.427 1400.538 1400.0 1400.0 1400.0 1400.0 1400.0 1400.019 1400.041 1400.064 1400.086 1400.115 1400.159 1400.204 1400.249 1400.294 1400.228 1400.115 1400.003 1399.891 1399.694 1399.003
1492.554 1490.224 1485.106 1476.615 1468.124 1459.634 1451.143 1448.214 1445.967 1443.721 1441.475 1442.527 1450.321 1458.116 1465.91 1473.705 1477.886 1480.966 1484.047 1487.127 1488.962 1485.951 1482.94 1479.928 1476.917 1472.06 1466.177 1460.293 1454.409 1448.504 1442.347 1436.191 1430.034 1423.877 1418.875 1414.945 1411.014 1407.084 1403.154 1402.357 1401.703 1401.05 1400.396 1400.0 1400.0 1400.0 1400.0 1400.0 1400.032 1400.07 1400.109 1400.147 1400.196 1400.273 1400.35 1400.427 1400.504 1400.39 1400.198 1400.006 1399.813 1399.55 1398.869
1494.165 1492.305 1487.845 1480.24 1472.636 1465.032 1457.427 1454.015 1451.117 1448.22 1445.322 1445.507 1451.993 1458.48 1464.966 1471.453 1475.247 1478.221 1481.194 1484.168 1485.829 1482.386 1478.942 1475.498 1472.054 1466.968 1460.966 1454.965 1448.964 1442.978 1437.169 1431.359 1425.55 1419.74 1415.234 1411.939 1408.644 1405.349 1402.055 1401.51 1401.091 1400.672 1400.254 1400.0 1400.0 1400.0 1400.0 1400.0 1400.045 1400.1 1400.154 1400.209 1400.278 1400.387 1400.496 1400.605 1400.714 1400.553 1400.28 1400.008 1399.736 1399.405 1398.735
1495.776 1494.386 1490.584 1483.866 1477.148 1470.43 1463.712 1459.816 1456.267 1452.718 1449.169 1448.487 1453.666 1458.844 1464.023 1469.201 1472.608 1475.475 1478.341 1481.208 1482.697 1478.82 1474.944 1471.068 1467.191 1461.875 1455.756 1449.638 1443.519 1437.453 1431.991 1426.528 1421.066 1415.603 1411.593 1408.934 1406.274 1403.615 1400.955 1400.663 1400.479 1400.295 1400.111 1400.0 1400.0 1400.0 1400.0 1400.0 1400.059 1400.129 1400.2 1400.27 1400.36 1400.501 1400.642 1400.783 1400.924 1400.715 1400.363 1400.01 1399.658 1399.261 1398.601
1496.359 1495.152 1491.726 1485.616 1479.506 1473.396 1467.287 1463.352 1459.685 1456.018 1452.352 1451.24 1455.352 1459.465 1463.578 1467.69 1470.34 1472.544 1474.749 1476.953 1477.884 1473.857 1469.831 1465.804 1461.778 1456.448 1450.391 1444.334 1438.277 1432.316 1427.452 1422.587 1417.722 1412.858 1409.43 1407.339 1405.248 1403.156 1401.065 1400.859 1400.74 1400.621 1400.502 1400.392 1400.298 1400.204 1400.11 1400.016 1400.132 1400.29 1400.448 1400.606 1400.756 1400.885 1401.013 1401.141 1401.269 1401.0 1400.568 1400.135 1399.703 1399.241 1398.605
1496.746 1495.666 1492.562 1487.007 1481.452 1475.898 1470.343 1466.455 1462.773 1459.09 1455.407 1453.949 1457.042 1460.135 1463.228 1466.321 1468.143 1469.579 1471.014 1472.45 1472.75 1468.627 1464.504 1460.382 1456.259 1450.956 1444.995 1439.035 1433.074 1427.253 1423.035 1418.816 1414.597 1410.379 1407.55 1406.014 1404.478 1402.942 1401.406 1401.255 1401.168 1401.081 1400.994 1400.859 1400.653 1400.447 1400.241 1400.035 1400.216 1400.476 1400.735 1400.995 1401.214 1401.32 1401.427 1401.534 1401.641 1401.309 1400.796 1400.284 1399.771 1399.245 1398.636
1497.132 1496.181 1493.397 1488.398 1483.399 1478.399 1473.4 1469.559 1465.86 1462.161 1458.462 1456.659 1458.732 1460.805 1462.878 1464.951 1465.947 1466.613 1467.28 1467.947 1467.615 1463.396 1459.178 1454.959 1450.741 1445.465 1439.6 1433.735 1427.871 1422.19 1418.618 1415.045 1411.472 1407.9 1405.67 1404.69 1403.709 1402.728 1401.747 1401.651 1401.596 1401.541 1401.486 1401.327 1401.008 1400.69 1400.372 1400.053 1400.301 1400.662 1401.023 1401.384 1401.671 1401.756 1401.841 1401.927 1402.012 1401.618 1401.025 1400.432 1399.84 1399.248 1398.667
1497.518 1496.695 1494.233 1489.789 1485.345 1480.901 1476.457 1472.662 1468.947 1465.232 1461.517 1459.368 1460.422 1461.475 1462.529 1463.582 1463.75 1463.648 1463.546 1463.444 1462.481 1458.166 1453.851 1449.537 1445.222 1439.973 1434.205 1428.436 1422.668 1417.128 1414.201 1411.274 1408.348 1405.421 1403.79 1403.365 1402.939 1402.514 1402.088 1402.047 1402.024 1402.001 1401.978 1401.794 1401.364 1400.933 1400.503 1400.072 1400.385 1400.847 1401.31 1401.773 1402.127 1402.192 1402.256 1402.32 1402.384 1401.926 1401.254 1400.581 1399.908 1399.252 1398.697
1497.905 1497.209 1495.054 1491.133 1487.211 1483.29 1479.368 1475.659 1471.975 1468.292 1464.608 1462.183 1462.331 1462.478 1462.626 1462.774 1462.207 1461.422 1460.637 1459.852 1458.347 1454.036 1449.726 1445.416 1441.106 1435.941 1430.3 1424.658 1419.017 1413.639 1411.282 1408.924 1406.566 1404.208 1403.07 1403.065 1403.06 1403.055 1403.05 1402.967 1402.881 1402.796 1402.71 1402.457 1401.947 1401.437 1400.927 1400.417 1400.799 1401.362 1401.924 1402.487 1402.892 1402.873 1402.853 1402.834 1402.814 1402.272 1401.515 1400.758 1400.0 1399.276 1398.748
1498.291 1497.724 1495.837 1492.353 1488.869 1485.386 1481.902 1478.378 1474.849 1471.321 1467.792 1465.271 1464.81 1464.349 1463.888 1463.428 1462.366 1461.122 1459.878 1458.634 1456.818 1452.775 1448.732 1444.688 1440.645 1435.709 1430.276 1424.843 1419.41 1414.253 1412.264 1410.275 1408.285 1406.296 1405.371 1405.435 1405.5 1405.564 1405.628 1405.253 1404.857 1404.462 1404.066 1403.628 1403.123 1402.618 1402.114 1401.609 1402.072 1402.731 1403.39 1404.048 1404.457 1404.192 1403.927 1403.662 1403.397 1402.716 1401.862 1401.009 1400.156 1399.354 1398.852
1498.677 1498.238 1496.619 1493.573 1490.527 1487.482 1484.436 1481.098 1477.724 1474.35 1470.976 1468.359 1467.289 1466.22 1465.151 1464.081 1462.526 1460.823 1459.12 1457.417 1455.29 1451.513 1447.737 1443.961 1440.184 1435.478 1430.253 1425.028 1419.803 1414.867 1413.246 1411.625 1410.005 1408.384 1407.672 1407.806 1407.939 1408.073 1408.207 1407.538 1406.833 1406.128 1405.423 1404.799 1404.3 1403.8 1403.301 1402.802 1403.346 1404.1 1404.855 1405.61 1406.023 1405.512 1405.002 1404.491 1403.981 1403.159 1402.21 1401.26 1400.311 1399.43 1398.955
1499.063 1498.752 1497.402 1494.794 1492.186 1489.578 1486.969 1483.817 1480.598 1477.379 1474.16 1471.447 1469.769 1468.091 1466.413 1464.735 1462.686 1460.523 1458.361 1456.199 1453.761 1450.252 1446.742 1443.233 1439.724 1435.246 1430.229 1425.213 1420.196 1415.482 1414.229 1412.976 1411.724 1410.471 1409.973 1410.176 1410.379 1410.582 1410.785 1409.824 1408.809 1407.794 1406.78 1405.97 1405.476 1404.982 1404.488 1403.994 1404.619 1405.47 1406.321 1407.171 1407.588 1406.832 1406.076 1405.32 1404.564 1403.603 1402.557 1401.511 1400.466 1399.507 1399.059
1499.449 1499.267 1498.185 1496.014 1493.844 1491.673 1489.503 1486.536 1483.472 1480.408 1477.344 1474.535 1472.248 1469.962 1467.675 1465.388 1462.845 1460.224 1457.602 1454.981 1452.233 1448.99 1445.748 1442.505 1439.263 1435.015 1430.206 1425.398 1420.589 1416.096 1415.211 1414.327 1413.443 1412.559 1412.274 1412.546 1412.819 1413.091 1413.364 1412.109 1410.785 1409.461 1408.136 1407.141 1406.652 1406.164 1405.675 1405.187 1405.892 1406.839 1407.786 1408.733 1409.154 1408.152 1407.15 1406.149 1405.147 1404.046 1402.904 1401.763 1400.621 1399.584 1399.163
1499.629 1499.505 1498.585 1496.699 1494.814 1492.928 1491.043 1488.324 1485.502 1482.681 1479.859 1477.177 1474.782 1472.388 1469.993 1467.598 1465.119 1462.615 1460.111 1457.608 1455.004 1452.013 1449.023 1446.032 1443.041 1439.017 1434.416 1429.816 1425.216 1420.891 1419.718 1418.545 1417.372 1416.2 1415.626 1415.609 1415.592 1415.575 1415.558 1414.21 1412.801 1411.392 1409.984 1409.009 1408.701 1408.393 1408.086 1407.778 1408.41 1409.232 1410.053 1410.875 1411.082 1409.628 1408.175 1406.721 1405.268 1404.032 1402.886 1401.739 1400.593 1399.56 1399.188
1499.725 1499.634 1498.832 1497.171 1495.51 1493.849 1492.187 1489.74 1487.196 1484.652 1482.108 1479.643 1477.339 1475.034 1472.73 1470.426 1468.235 1466.078 1463.921 1461.764 1459.487 1456.742 1453.997 1451.252 1448.506 1444.703 1440.311 1435.919 1431.527 1427.349 1425.627 1423.904 1422.182 1420.459 1419.396 1418.947 1418.497 1418.048 1417.598 1416.236 1414.833 1413.43 1412.026 1411.154 1411.097 1411.04 1410.983 1410.927 1411.423 1412.031 1412.639 1413.247 1413.154 1411.166 1409.179 1407.192 1405.204 1403.835 1402.721 1401.607 1400.493 1399.496 1399.182
1499.822 1499.762 1499.08 1497.643 1496.206 1494.769 1493.332 1491.156 1488.89 1486.624 1484.357 1482.108 1479.895 1477.681 1475.468 1473.255 1471.35 1469.541 1467.731 1465.921 1463.97 1461.47 1458.971 1456.471 1453.972 1450.39 1446.206 1442.023 1437.839 1433.808 1431.536 1429.263 1426.991 1424.719 1423.167 1422.285 1421.403 1420.521 1419.639 1418.263 1416.865 1415.467 1414.069 1413.298 1413.493 1413.687 1413.881 1414.075 1414.436 1414.83 1415.224 1415.619 1415.226 1412.705 1410.183 1407.662 1405.141 1403.639 1402.557 1401.474 1400.392 1399.431 1399.177
