data/zism_data/00148_04_D.txt
ncols         224
nrows         224
[rows 84 to 111 of 224, columns 128 to 191 of 224]
1306.206 1304.613 1303.019 1301.425 1299.831 1299.423 1299.691 1299.959 1300.228 1300.501 1300.861 1301.221 1301.582 1301.942 1302.135 1302.144 1302.153 1302.161 1302.17 1301.992 1301.791 1301.59 1301.39 1301.053 1300.421 1299.789 1299.157 1298.525 1297.455 1296.226 1294.997 1293.769 1292.842 1293.572 1294.301 1295.031 1295.761 1295.888 1295.568 1295.248 1294.927 1294.607 1289.816 1284.995 1280.174 1275.353 1268.023 1257.127 1246.23 1235.334 1224.438 1218.789 1214.197 1209.604 1205.012 1201.49 1201.146 1200.801 1200.457 1200.113 1204.798 1211.941 1219.085 1226.228
1304.716 1303.543 1302.37 1301.197 1300.024 1299.816 1300.157 1300.499 1300.841 1301.181 1301.487 1301.793 1302.099 1302.405 1302.548 1302.512 1302.475 1302.439 1302.403 1302.198 1301.972 1301.746 1301.521 1301.092 1300.22 1299.348 1298.477 1297.605 1296.114 1294.399 1292.685 1290.97 1289.603 1290.144 1290.684 1291.225 1291.766 1291.659 1291.071 1290.483 1289.895 1289.307 1284.214 1279.091 1273.967 1268.844 1261.598 1251.332 1241.066 1230.801 1220.535 1215.614 1211.768 1207.923 1204.077 1201.135 1200.873 1200.611 1200.348 1200.086 1204.741 1211.801 1218.86 1225.92
1303.739 1302.925 1302.111 1301.297 1300.482 1300.442 1300.843 1301.243 1301.644 1302.035 1302.266 1302.497 1302.728 1302.959 1303.025 1302.908 1302.792 1302.675 1302.559 1302.33 1302.089 1301.847 1301.605 1301.03 1299.73 1298.43 1297.13 1295.83 1293.643 1291.135 1288.628 1286.121 1283.994 1283.956 1283.918 1283.88 1283.843 1283.234 1282.202 1281.169 1280.137 1279.105 1274.051 1268.971 1263.89 1258.809 1252.119 1243.139 1234.158 1225.178 1216.198 1212.188 1209.178 1206.168 1203.158 1200.857 1200.659 1200.461 1200.263 1200.065 1204.633 1211.532 1218.431 1225.33
1302.762 1302.307 1301.851 1301.396 1300.941 1301.068 1301.528 1301.987 1302.447 1302.89 1303.046 1303.202 1303.358 1303.513 1303.502 1303.305 1303.108 1302.911 1302.714 1302.463 1302.205 1301.948 1301.69 1300.969 1299.24 1297.512 1295.783 1294.054 1291.171 1287.871 1284.571 1281.271 1278.385 1277.769 1277.152 1276.536 1275.92 1274.81 1273.333 1271.856 1270.379 1268.902 1263.888 1258.85 1253.813 1248.775 1242.64 1234.945 1227.25 1219.556 1211.861 1208.762 1206.587 1204.413 1202.239 1200.579 1200.445 1200.311 1200.178 1200.044 1204.525 1211.264 1218.002 1224.74
1301.785 1301.688 1301.592 1301.496 1301.399 1301.694 1302.213 1302.732 1303.25 1303.744 1303.825 1303.906 1303.987 1304.068 1303.979 1303.701 1303.424 1303.147 1302.87 1302.596 1302.322 1302.048 1301.775 1300.908 1298.75 1296.593 1294.436 1292.279 1288.7 1284.607 1280.515 1276.422 1272.776 1271.581 1270.386 1269.191 1267.997 1266.385 1264.463 1262.542 1260.62 1258.699 1253.725 1248.73 1243.735 1238.74 1233.161 1226.752 1220.343 1213.933 1207.524 1205.336 1203.997 1202.658 1201.319 1200.3 1200.231 1200.162 1200.092 1200.023 1204.417 1210.995 1217.573 1224.15
1300.808 1301.07 1301.333 1301.595 1301.858 1302.321 1302.898 1303.476 1304.053 1304.599 1304.604 1304.61 1304.616 1304.622 1304.455 1304.098 1303.741 1303.383 1303.026 1302.729 1302.439 1302.149 1301.859 1300.846 1298.261 1295.675 1293.089 1290.504 1286.229 1281.343 1276.458 1271.572 1267.167 1265.393 1263.62 1261.847 1260.074 1257.96 1255.594 1253.228 1250.862 1248.496 1243.561 1238.609 1233.657 1228.705 1223.682 1218.559 1213.435 1208.311 1203.187 1201.91 1201.406 1200.903 1200.4 1200.022 1200.017 1200.012 1200.007 1200.002 1204.31 1210.726 1217.143 1223.56
1301.522 1301.927 1302.331 1302.735 1303.14 1303.589 1304.062 1304.536 1305.01 1305.451 1305.342 1305.234 1305.125 1305.017 1304.764 1304.35 1303.937 1303.524 1303.111 1302.569 1302.011 1301.454 1300.897 1299.527 1296.389 1293.252 1290.115 1286.977 1282.064 1276.509 1270.954 1265.399 1260.322 1257.867 1255.412 1252.957 1250.501 1248.131 1245.823 1243.515 1241.207 1238.899 1235.124 1231.339 1227.553 1223.768 1219.871 1215.816 1211.761 1207.706 1203.65 1202.48 1201.891 1201.301 1200.712 1200.256 1200.197 1200.138 1200.079 1200.019 1203.811 1209.485 1215.16 1220.835
1302.383 1302.911 1303.438 1303.966 1304.494 1304.912 1305.268 1305.624 1305.98 1306.303 1306.077 1305.85 1305.624 1305.398 1305.057 1304.59 1304.124 1303.657 1303.19 1302.383 1301.537 1300.69 1299.844 1298.099 1294.399 1290.699 1286.999 1283.299 1277.753 1271.539 1265.326 1259.112 1253.371 1250.225 1247.079 1243.933 1240.786 1238.18 1235.974 1233.767 1231.561 1229.355 1226.836 1224.315 1221.794 1219.272 1216.551 1213.546 1210.54 1207.535 1204.529 1203.397 1202.641 1201.886 1201.13 1200.534 1200.411 1200.287 1200.164 1200.041 1203.279 1208.16 1213.042 1217.924
1303.244 1303.895 1304.546 1305.196 1305.847 1306.235 1306.473 1306.711 1306.949 1307.155 1306.811 1306.467 1306.122 1305.778 1305.35 1304.83 1304.31 1303.79 1303.269 1302.198 1301.062 1299.927 1298.791 1296.67 1292.408 1288.146 1283.884 1279.622 1273.442 1266.569 1259.697 1252.824 1246.42 1242.583 1238.746 1234.909 1231.072 1228.229 1226.124 1224.02 1221.916 1219.811 1218.548 1217.291 1216.034 1214.777 1213.231 1211.275 1209.32 1207.364 1205.408 1204.314 1203.392 1202.471 1201.549 1200.813 1200.625 1200.437 1200.249 1200.062 1202.746 1206.835 1210.925 1215.014
1304.105 1304.879 1305.653 1306.427 1307.201 1307.559 1307.679 1307.799 1307.919 1308.007 1307.545 1307.083 1306.621 1306.159 1305.644 1305.07 1304.496 1303.922 1303.349 1302.013 1300.588 1299.163 1297.738 1295.242 1290.417 1285.593 1280.768 1275.944 1269.131 1261.599 1254.068 1246.537 1239.469 1234.94 1230.412 1225.884 1221.356 1218.277 1216.275 1214.272 1212.27 1210.267 1210.26 1210.267 1210.274 1210.281 1209.911 1209.005 1208.099 1207.193 1206.287 1205.23 1204.143 1203.055 1201.968 1201.091 1200.839 1200.587 1200.335 1200.083 1202.214 1205.51 1208.807 1212.103
1306.094 1306.753 1307.411 1308.069 1308.728 1308.938 1308.892 1308.846 1308.8 1308.724 1308.129 1307.535 1306.94 1306.346 1305.724 1305.071 1304.419 1303.766 1303.114 1301.469 1299.709 1297.948 1296.188 1293.384 1288.312 1283.239 1278.167 1273.094 1266.218 1258.69 1251.162 1243.635 1236.494 1231.474 1226.454 1221.434 1216.414 1213.258 1211.487 1209.717 1207.946 1206.175 1207.398 1208.642 1209.885 1211.129 1211.778 1211.583 1211.387 1211.192 1210.996 1209.484 1207.706 1205.928 1204.151 1202.666 1202.05 1201.434 1200.818 1200.202 1201.763 1204.388 1207.014 1209.639
1309.84 1310.011 1310.182 1310.353 1310.524 1310.403 1310.117 1309.83 1309.543 1309.23 1308.48 1307.731 1306.981 1306.231 1305.471 1304.701 1303.931 1303.16 1302.39 1300.369 1298.201 1296.034 1293.866 1290.86 1286.028 1281.197 1276.365 1271.534 1265.481 1258.987 1252.493 1245.999 1239.704 1234.502 1229.3 1224.098 1218.896 1215.911 1214.574 1213.238 1211.901 1210.563 1212.976 1215.414 1217.852 1220.29 1221.716 1221.703 1221.689 1221.676 1221.662 1218.927 1215.645 1212.362 1209.079 1206.26 1204.813 1203.367 1201.921 1200.475 1201.439 1203.583 1205.726 1207.869
1313.586 1313.27 1312.953 1312.637 1312.32 1311.869 1311.341 1310.814 1310.286 1309.737 1308.832 1307.926 1307.021 1306.116 1305.219 1304.331 1303.443 1302.554 1301.666 1299.268 1296.694 1294.119 1291.545 1288.335 1283.745 1279.154 1274.564 1269.973 1264.744 1259.283 1253.823 1248.363 1242.914 1237.53 1232.146 1226.762 1221.378 1218.565 1217.661 1216.758 1215.855 1214.952 1218.554 1222.187 1225.819 1229.451 1231.654 1231.822 1231.991 1232.16 1232.328 1228.371 1223.583 1218.796 1214.008 1209.853 1207.577 1205.3 1203.024 1200.748 1201.116 1202.777 1204.438 1206.099
1317.332 1316.528 1315.724 1314.921 1314.117 1313.335 1312.566 1311.797 1311.028 1310.243 1309.183 1308.122 1307.062 1306.001 1304.967 1303.961 1302.955 1301.949 1300.943 1298.168 1295.186 1292.205 1289.223 1285.811 1281.461 1277.112 1272.762 1268.413 1264.007 1259.58 1255.153 1250.727 1246.125 1240.558 1234.992 1229.426 1223.86 1221.218 1220.749 1220.279 1219.81 1219.341 1224.132 1228.959 1233.786 1238.613 1241.591 1241.942 1242.293 1242.644 1242.994 1237.815 1231.522 1225.229 1218.936 1213.447 1210.34 1207.233 1204.127 1201.02 1200.792 1201.971 1203.15 1204.329
1321.078 1319.787 1318.496 1317.204 1315.913 1314.801 1313.791 1312.781 1311.771 1310.75 1309.534 1308.318 1307.102 1305.886 1304.714 1303.59 1302.467 1301.343 1300.219 1297.067 1293.678 1290.29 1286.901 1283.286 1279.177 1275.069 1270.961 1266.852 1263.269 1259.877 1256.484 1253.091 1249.335 1243.587 1237.838 1232.09 1226.342 1223.871 1223.836 1223.8 1223.765 1223.729 1229.71 1235.731 1241.753 1247.774 1251.529 1252.062 1252.595 1253.128 1253.661 1247.259 1239.461 1231.663 1223.865 1217.04 1213.103 1209.167 1205.23 1201.293 1200.468 1201.165 1201.862 1202.559
1323.839 1322.199 1320.558 1318.918 1317.278 1315.862 1314.574 1313.286 1311.999 1310.705 1309.315 1307.926 1306.536 1305.147 1303.9 1302.811 1301.721 1300.632 1299.543 1296.683 1293.618 1290.552 1287.486 1284.342 1281.029 1277.716 1274.402 1271.089 1268.246 1265.573 1262.9 1260.227 1257.091 1251.419 1245.748 1240.076 1234.404 1232.244 1232.693 1233.143 1233.592 1234.041 1239.872 1245.739 1251.606 1257.473 1261.024 1261.282 1261.539 1261.797 1262.055 1254.834 1246.109 1237.383 1228.658 1220.913 1216.082 1211.25 1206.418 1201.587 1200.343 1200.854 1201.364 1201.875
1326.442 1324.475 1322.508 1320.541 1318.574 1316.859 1315.287 1313.715 1312.144 1310.572 1309.006 1307.44 1305.873 1304.307 1302.996 1301.965 1300.935 1299.905 1298.874 1296.414 1293.788 1291.161 1288.534 1285.97 1283.54 1281.111 1278.681 1276.252 1274.135 1272.132 1270.128 1268.124 1265.573 1260.02 1254.466 1248.912 1243.358 1241.531 1242.473 1243.415 1244.356 1245.298 1250.765 1256.263 1261.76 1267.258 1270.448 1270.358 1270.267 1270.177 1270.087 1262.112 1252.551 1242.99 1233.429 1224.831 1219.095 1213.358 1207.621 1201.884 1200.249 1200.621 1200.992 1201.364
1329.045 1326.751 1324.458 1322.164 1319.871 1317.856 1316.0 1314.145 1312.289 1310.44 1308.697 1306.953 1305.21 1303.467 1302.091 1301.12 1300.149 1299.177 1298.206 1296.145 1293.958 1291.77 1289.583 1287.598 1286.052 1284.506 1282.96 1281.415 1280.024 1278.69 1277.356 1276.022 1274.055 1268.619 1263.183 1257.747 1252.311 1250.817 1252.252 1253.686 1255.121 1256.556 1261.659 1266.787 1271.915 1277.043 1279.872 1279.434 1278.995 1278.557 1278.118 1269.39 1258.993 1248.597 1238.2 1228.749 1222.107 1215.465 1208.823 1202.181 1200.156 1200.388 1200.62 1200.852
1331.648 1329.028 1326.407 1323.787 1321.167 1318.853 1316.713 1314.574 1312.434 1310.307 1308.387 1306.467 1304.548 1302.628 1301.187 1300.275 1299.362 1298.45 1297.537 1295.876 1294.128 1292.38 1290.631 1289.225 1288.563 1287.901 1287.239 1286.577 1285.913 1285.249 1284.584 1283.92 1282.537 1277.219 1271.901 1266.583 1261.265 1260.103 1262.031 1263.958 1265.886 1267.813 1272.552 1277.311 1282.069 1286.828 1289.297 1288.51 1287.723 1286.936 1286.15 1276.668 1265.435 1254.203 1242.971 1232.667 1225.12 1217.573 1210.026 1202.479 1200.062 1200.155 1200.248 1200.341
1333.662 1330.749 1327.835 1324.922 1322.009 1319.418 1317.011 1314.604 1312.196 1309.815 1307.865 1305.914 1303.964 1302.014 1300.608 1299.8 1298.993 1298.186 1297.379 1296.073 1294.708 1293.344 1291.979 1291.024 1290.958 1290.893 1290.827 1290.762 1290.586 1290.372 1290.157 1289.942 1288.988 1283.979 1278.97 1273.96 1268.951 1268.044 1270.186 1272.328 1274.469 1276.611 1280.891 1285.185 1289.479 1293.773 1295.865 1294.825 1293.784 1292.744 1291.704 1281.885 1270.299 1258.714 1247.128 1236.374 1228.09 1219.805 1211.521 1203.236 1200.44 1200.327 1200.215 1200.102
1334.496 1331.358 1328.22 1325.082 1321.944 1319.121 1316.478 1313.835 1311.192 1308.603 1306.915 1305.227 1303.54 1301.852 1300.677 1300.068 1299.459 1298.85 1298.241 1297.2 1296.109 1295.018 1293.927 1293.165 1293.121 1293.077 1293.033 1292.988 1292.827 1292.623 1292.419 1292.215 1291.376 1287.058 1282.74 1278.421 1274.103 1273.294 1275.093 1276.892 1278.691 1280.49 1284.118 1287.759 1291.399 1295.04 1296.722 1295.617 1294.513 1293.408 1292.303 1282.982 1272.007 1261.032 1250.057 1239.658 1230.972 1222.286 1213.6 1204.914 1201.759 1201.309 1200.859 1200.409
1335.33 1331.967 1328.604 1325.241 1321.878 1318.824 1315.945 1313.066 1310.188 1307.391 1305.966 1304.54 1303.115 1301.69 1300.747 1300.336 1299.926 1299.515 1299.104 1298.328 1297.51 1296.692 1295.874 1295.306 1295.284 1295.261 1295.238 1295.215 1295.067 1294.874 1294.681 1294.487 1293.765 1290.137 1286.51 1282.882 1279.255 1278.544 1280.0 1281.456 1282.912 1284.368 1287.345 1290.332 1293.32 1296.307 1297.578 1296.409 1295.241 1294.072 1292.903 1284.079 1273.715 1263.35 1252.986 1242.943 1233.855 1224.767 1215.679 1206.591 1203.078 1202.29 1201.503 1200.716
1336.165 1332.577 1328.989 1325.401 1321.813 1318.526 1315.412 1312.298 1309.183 1306.179 1305.016 1303.853 1302.691 1301.528 1300.817 1300.604 1300.392 1300.179 1299.966 1299.456 1298.911 1298.366 1297.821 1297.448 1297.446 1297.445 1297.443 1297.442 1297.308 1297.125 1296.942 1296.76 1296.153 1293.216 1290.28 1287.343 1284.406 1283.793 1284.907 1286.02 1287.133 1288.247 1290.572 1292.906 1295.24 1297.574 1298.435 1297.202 1295.969 1294.736 1293.503 1285.176 1275.422 1265.669 1255.914 1246.227 1236.738 1227.248 1217.758 1208.269 1204.397 1203.272 1202.147 1201.022
1336.999 1333.186 1329.373 1325.56 1321.747 1318.229 1314.879 1311.529 1308.179 1304.967 1304.067 1303.166 1302.266 1301.366 1300.887 1300.872 1300.858 1300.843 1300.829 1300.584 1300.312 1300.04 1299.769 1299.589 1299.609 1299.629 1299.649 1299.669 1299.548 1299.376 1299.204 1299.032 1298.541 1296.295 1294.049 1291.804 1289.558 1289.043 1289.814 1290.584 1291.355 1292.125 1293.799 1295.48 1297.16 1298.841 1299.292 1297.994 1296.697 1295.4 1294.102 1286.273 1277.13 1267.987 1258.843 1249.511 1239.62 1229.729 1219.837 1209.946 1205.716 1204.253 1202.791 1201.329
1336.72 1333.005 1329.29 1325.575 1321.86 1318.458 1315.234 1312.011 1308.787 1305.697 1304.839 1303.981 1303.124 1302.266 1301.812 1301.801 1301.791 1301.781 1301.771 1301.551 1301.307 1301.063 1300.818 1300.64 1300.604 1300.568 1300.532 1300.496 1300.349 1300.162 1299.974 1299.787 1299.308 1297.223 1295.139 1293.054 1290.97 1290.354 1290.829 1291.304 1291.779 1292.254 1293.872 1295.498 1297.124 1298.75 1299.113 1297.683 1296.252 1294.822 1293.391 1285.855 1277.089 1268.324 1259.558 1250.491 1240.525 1230.559 1220.594 1210.628 1206.277 1204.671 1203.065 1201.459
1336.169 1332.631 1329.093 1325.555 1322.017 1318.816 1315.806 1312.797 1309.787 1306.898 1306.03 1305.161 1304.293 1303.425 1302.944 1302.891 1302.838 1302.785 1302.732 1302.479 1302.203 1301.926 1301.65 1301.426 1301.315 1301.204 1301.093 1300.982 1300.799 1300.591 1300.382 1300.174 1299.681 1297.628 1295.576 1293.524 1291.471 1290.706 1290.897 1291.089 1291.28 1291.471 1293.178 1294.894 1296.611 1298.328 1298.683 1297.103 1295.522 1293.942 1292.361 1285.067 1276.623 1268.179 1259.735 1250.909 1240.949 1230.988 1221.028 1211.068 1206.654 1204.951 1203.249 1201.547
1335.619 1332.257 1328.896 1325.535 1322.174 1319.173 1316.377 1313.582 1310.787 1308.1 1307.22 1306.341 1305.462 1304.583 1304.077 1303.981 1303.885 1303.789 1303.693 1303.407 1303.099 1302.79 1302.482 1302.212 1302.026 1301.84 1301.654 1301.468 1301.25 1301.02 1300.79 1300.56 1300.054 1298.034 1296.013 1293.993 1291.973 1291.058 1290.966 1290.873 1290.78 1290.688 1292.483 1294.291 1296.099 1297.906 1298.254 1296.523 1294.792 1293.062 1291.332 1284.28 1276.157 1268.035 1259.912 1251.327 1241.373 1231.417 1221.463 1211.508 1207.031 1205.232 1203.433 1201.635
1335.068 1331.884 1328.699 1325.515 1322.33 1319.53 1316.949 1314.368 1311.787 1309.301 1308.411 1307.521 1306.632 1305.742 1305.21 1305.071 1304.932 1304.793 1304.655 1304.335 1303.995 1303.654 1303.313 1302.998 1302.737 1302.476 1302.215 1301.954 1301.7 1301.449 1301.197 1300.946 1300.427 1298.439 1296.45 1294.462 1292.474 1291.411 1291.034 1290.658 1290.281 1289.905 1291.788 1293.687 1295.586 1297.485 1297.824 1295.943 1294.063 1292.182 1290.302 1283.492 1275.691 1267.89 1260.089 1251.746 1241.796 1231.847 1221.897 1211.948 1207.407 1205.512 1203.617 1201.722
