data/zism_data/00143_04_D.txt
ncols         224
nrows         224
[rows 140 to 167 of 224, columns 0 to 62 of 224]
1435.328 1435.138 1437.847 1440.556 1443.266 1445.975 1444.189 1440.055 1435.921 1431.787 1427.526 1422.051 1416.576 1411.1 1405.625 1401.797 1399.412 1397.027 1394.643 1392.258 1393.928 1395.721 1397.514 1399.306 1401.118 1402.957 1404.796 1406.635 1408.474 1407.215 1405.394 1403.574 1401.753 1399.335 1395.416 1391.496 1387.576 1383.657 1381.871 1380.903 1379.936 1378.969 1378.91 1383.598 1388.286 1392.974 1397.662 1404.596 1413.035 1421.473 1429.912 1438.093 1439.473 1440.853 1442.233 1443.613 1442.128 1437.468 1432.807 1428.147 1423.487 1419.49 1415.557
1443.786 1444.329 1446.638 1448.947 1451.256 1453.565 1451.074 1446.075 1441.076 1436.077 1430.979 1424.927 1418.875 1412.823 1406.771 1402.773 1400.575 1398.377 1396.179 1393.982 1395.533 1397.198 1398.862 1400.526 1402.265 1404.109 1405.953 1407.798 1409.643 1408.316 1406.415 1404.515 1402.614 1400.236 1396.658 1393.08 1389.502 1385.924 1384.183 1383.146 1382.109 1381.073 1380.93 1385.458 1389.986 1394.514 1399.042 1406.476 1415.86 1425.244 1434.628 1443.745 1445.813 1447.882 1449.951 1452.019 1450.693 1445.606 1440.518 1435.431 1430.344 1425.448 1420.57
1452.244 1453.521 1455.43 1457.338 1459.247 1461.155 1457.958 1452.094 1446.231 1440.367 1434.431 1427.803 1421.174 1414.546 1407.917 1403.749 1401.738 1399.727 1397.716 1395.705 1397.138 1398.674 1400.211 1401.747 1403.411 1405.261 1407.111 1408.961 1410.811 1409.417 1407.437 1405.456 1403.475 1401.137 1397.901 1394.665 1391.428 1388.192 1386.495 1385.389 1384.283 1383.177 1382.95 1387.318 1391.686 1396.053 1400.421 1408.357 1418.686 1429.015 1439.344 1449.396 1452.153 1454.911 1457.668 1460.425 1459.258 1453.744 1448.229 1442.715 1437.201 1431.405 1425.582
1459.484 1461.285 1462.907 1464.53 1466.153 1467.776 1464.27 1458.085 1451.9 1445.715 1439.405 1431.899 1424.392 1416.885 1409.379 1404.766 1402.692 1400.617 1398.542 1396.468 1397.927 1399.492 1401.057 1402.623 1404.397 1406.473 1408.549 1410.625 1412.701 1411.159 1408.962 1406.766 1404.569 1402.141 1399.132 1396.123 1393.113 1390.104 1388.564 1387.588 1386.613 1385.637 1385.46 1389.459 1393.459 1397.458 1401.458 1409.537 1420.352 1431.167 1441.982 1452.536 1456.203 1459.87 1463.537 1467.204 1466.399 1460.64 1454.881 1449.122 1443.364 1436.665 1429.876
1466.411 1468.681 1470.048 1471.415 1472.781 1474.148 1470.434 1464.068 1457.702 1451.335 1444.77 1436.308 1427.846 1419.383 1410.921 1405.794 1403.591 1401.388 1399.186 1396.983 1398.505 1400.14 1401.775 1403.41 1405.34 1407.699 1410.058 1412.417 1414.776 1413.066 1410.618 1408.17 1405.723 1403.172 1400.36 1397.548 1394.736 1391.925 1390.571 1389.776 1388.982 1388.188 1388.096 1391.673 1395.251 1398.829 1402.407 1410.537 1421.72 1432.904 1444.087 1455.032 1459.665 1464.298 1468.931 1473.564 1473.173 1467.217 1461.261 1455.305 1449.348 1441.745 1433.985
1473.339 1476.078 1477.188 1478.299 1479.409 1480.52 1476.599 1470.051 1463.503 1456.955 1450.135 1440.717 1431.299 1421.881 1412.464 1406.822 1404.491 1402.16 1399.829 1397.498 1399.084 1400.788 1402.493 1404.197 1406.284 1408.926 1411.568 1414.21 1416.852 1414.972 1412.274 1409.575 1406.876 1404.202 1401.588 1398.974 1396.36 1393.745 1392.578 1391.965 1391.352 1390.739 1390.731 1393.887 1397.043 1400.2 1403.356 1411.537 1423.089 1434.641 1446.193 1457.527 1463.126 1468.726 1474.325 1479.925 1479.948 1473.794 1467.64 1461.487 1455.333 1446.826 1438.094
1480.267 1483.475 1484.329 1485.183 1486.037 1486.891 1482.763 1476.034 1469.305 1462.575 1455.5 1445.126 1434.753 1424.38 1414.006 1407.85 1405.391 1402.931 1400.472 1398.013 1399.663 1401.437 1403.21 1404.984 1407.228 1410.153 1413.078 1416.003 1418.928 1416.879 1413.929 1410.98 1408.03 1405.233 1402.816 1400.399 1397.983 1395.566 1394.584 1394.153 1393.721 1393.29 1393.367 1396.101 1398.836 1401.57 1404.304 1412.537 1424.457 1436.377 1448.298 1460.022 1466.588 1473.154 1479.72 1486.285 1486.723 1480.371 1474.02 1467.669 1461.317 1451.907 1442.203
1485.626 1489.223 1489.928 1490.633 1491.338 1492.043 1487.828 1481.044 1474.261 1467.477 1460.271 1449.041 1437.81 1426.579 1415.349 1408.732 1406.16 1403.587 1401.015 1398.443 1400.161 1402.01 1403.857 1405.705 1408.15 1411.458 1414.765 1418.073 1421.38 1419.312 1416.27 1413.228 1410.186 1407.341 1404.991 1402.641 1400.291 1397.941 1397.078 1396.786 1396.493 1396.201 1396.328 1398.647 1400.966 1403.285 1405.603 1413.851 1426.074 1438.298 1450.522 1462.563 1469.787 1477.011 1484.235 1491.46 1492.219 1485.817 1479.415 1473.014 1466.612 1456.505 1446.042
1485.839 1489.559 1490.467 1491.375 1492.283 1493.191 1489.284 1482.864 1476.443 1470.022 1463.094 1451.33 1439.566 1427.801 1416.037 1409.136 1406.5 1403.863 1401.227 1398.591 1400.396 1402.334 1404.273 1406.212 1409.0 1413.018 1417.036 1421.053 1425.071 1423.473 1420.858 1418.243 1415.628 1412.985 1410.272 1407.559 1404.846 1402.133 1401.17 1400.877 1400.585 1400.293 1400.357 1402.28 1404.204 1406.128 1408.051 1416.195 1428.509 1440.824 1453.138 1465.254 1472.126 1478.997 1485.869 1492.741 1493.52 1487.551 1481.581 1475.612 1469.643 1459.52 1448.999
1486.052 1489.896 1491.007 1492.117 1493.228 1494.339 1490.741 1484.683 1478.625 1472.568 1465.918 1453.619 1441.321 1429.023 1416.724 1409.54 1406.84 1404.139 1401.439 1398.739 1400.63 1402.66 1404.689 1406.719 1409.851 1414.579 1419.306 1424.034 1428.762 1427.634 1425.446 1423.259 1421.071 1418.63 1415.554 1412.478 1409.402 1406.326 1405.261 1404.969 1404.677 1404.385 1404.385 1405.914 1407.442 1408.971 1410.5 1418.538 1430.944 1443.349 1455.754 1467.945 1474.464 1480.983 1487.503 1494.022 1494.821 1489.284 1483.747 1478.211 1472.674 1462.536 1451.955
1486.265 1490.233 1491.546 1492.86 1494.173 1495.487 1492.197 1486.502 1480.807 1475.113 1468.741 1455.909 1443.077 1430.245 1417.412 1409.945 1407.18 1404.416 1401.651 1398.887 1400.864 1402.984 1405.105 1407.225 1410.701 1416.139 1421.577 1427.015 1432.453 1431.795 1430.035 1428.274 1426.513 1424.275 1420.836 1417.397 1413.957 1410.518 1409.353 1409.061 1408.769 1408.477 1408.413 1409.547 1410.68 1411.814 1412.948 1420.882 1433.378 1445.874 1458.37 1470.635 1476.802 1482.969 1489.136 1495.303 1496.122 1491.018 1485.913 1480.809 1475.705 1465.551 1454.912
1486.478 1490.569 1492.086 1493.602 1495.119 1496.635 1493.653 1488.321 1482.99 1477.658 1471.564 1458.198 1444.832 1431.466 1418.1 1410.349 1407.52 1404.692 1401.863 1399.035 1401.099 1403.31 1405.521 1407.732 1411.552 1417.7 1423.848 1429.995 1436.143 1435.956 1434.623 1433.289 1431.956 1429.92 1426.117 1422.315 1418.513 1414.711 1413.445 1413.153 1412.861 1412.568 1412.442 1413.18 1413.919 1414.657 1415.396 1423.226 1435.813 1448.4 1460.986 1473.326 1479.14 1484.955 1490.77 1496.584 1497.423 1492.751 1488.079 1483.408 1478.736 1468.566 1457.868
1481.993 1486.106 1488.087 1490.068 1492.049 1494.03 1491.563 1486.774 1481.985 1477.195 1471.619 1458.537 1445.454 1432.372 1419.289 1411.762 1409.106 1406.45 1403.794 1401.138 1403.626 1406.268 1408.911 1411.553 1415.85 1422.539 1429.229 1435.918 1442.607 1442.832 1441.886 1440.94 1439.994 1438.156 1434.077 1429.998 1425.919 1421.84 1420.331 1419.81 1419.288 1418.766 1418.463 1419.301 1420.139 1420.977 1421.816 1429.264 1441.146 1453.027 1464.909 1476.542 1481.628 1486.714 1491.8 1496.886 1497.341 1492.668 1487.995 1483.321 1478.648 1468.787 1458.429
1475.21 1479.294 1481.868 1484.442 1487.015 1489.589 1487.739 1483.58 1479.421 1475.261 1470.32 1457.921 1445.522 1433.123 1420.724 1413.67 1411.302 1408.934 1406.566 1404.199 1407.275 1410.516 1413.756 1416.996 1421.834 1428.983 1436.131 1443.28 1450.428 1451.035 1450.457 1449.88 1449.302 1447.661 1443.347 1439.033 1434.719 1430.405 1428.584 1427.721 1426.858 1425.994 1425.459 1426.639 1427.819 1428.999 1430.178 1437.109 1447.896 1458.683 1469.47 1480.016 1484.189 1488.362 1492.535 1496.708 1496.582 1491.695 1486.808 1481.922 1477.035 1467.643 1457.818
1468.427 1472.483 1475.649 1478.815 1481.981 1485.148 1483.915 1480.386 1476.857 1473.327 1469.021 1457.305 1445.59 1433.874 1422.158 1415.577 1413.497 1411.418 1409.338 1407.259 1410.924 1414.763 1418.601 1422.439 1427.818 1435.426 1443.034 1450.641 1458.249 1459.238 1459.029 1458.819 1458.61 1457.166 1452.617 1448.068 1443.519 1438.97 1436.837 1435.632 1434.427 1433.222 1432.455 1433.977 1435.498 1437.02 1438.541 1444.954 1454.646 1464.339 1474.032 1483.49 1486.75 1490.01 1493.27 1496.53 1495.823 1490.723 1485.623 1480.522 1475.422 1466.498 1457.208
1461.645 1465.672 1469.43 1473.189 1476.948 1480.707 1480.091 1477.192 1474.293 1471.393 1467.722 1456.69 1445.657 1434.625 1423.592 1417.484 1415.693 1413.901 1412.11 1410.319 1414.573 1419.01 1423.446 1427.882 1433.802 1441.869 1449.936 1458.003 1466.069 1467.441 1467.6 1467.759 1467.918 1466.67 1461.886 1457.102 1452.318 1447.534 1445.09 1443.543 1441.997 1440.45 1439.451 1441.314 1443.177 1445.041 1446.904 1452.798 1461.396 1469.995 1478.593 1486.963 1489.31 1491.658 1494.005 1496.352 1495.064 1489.75 1484.437 1479.123 1473.809 1465.354 1456.597
1454.542 1458.516 1462.833 1467.15 1471.467 1475.784 1475.792 1473.55 1471.308 1469.067 1466.066 1455.823 1445.581 1435.339 1425.097 1419.554 1418.132 1416.709 1415.287 1413.865 1418.683 1423.688 1428.694 1433.7 1440.085 1448.468 1456.851 1465.233 1473.616 1475.306 1475.785 1476.264 1476.743 1475.678 1470.731 1465.784 1460.837 1455.89 1453.176 1451.319 1449.461 1447.604 1446.402 1448.622 1450.843 1453.064 1455.284 1460.645 1468.112 1475.579 1483.046 1490.294 1491.754 1493.215 1494.676 1496.136 1494.269 1488.714 1483.16 1477.606 1472.051 1464.0 1455.708
1444.841 1448.567 1453.161 1457.756 1462.35 1466.945 1467.627 1466.266 1464.905 1463.544 1461.498 1452.916 1444.334 1435.752 1427.171 1422.95 1422.552 1422.155 1421.758 1421.361 1426.535 1431.877 1437.219 1442.561 1448.799 1456.333 1463.866 1471.4 1478.934 1480.431 1480.835 1481.24 1481.644 1480.645 1476.12 1471.594 1467.069 1462.544 1459.904 1457.988 1456.072 1454.156 1452.983 1455.689 1458.396 1461.102 1463.809 1468.508 1474.544 1480.58 1486.617 1492.461 1493.249 1494.037 1494.825 1495.613 1493.174 1487.161 1481.147 1475.134 1469.12 1460.946 1452.564
1435.139 1438.618 1443.49 1448.362 1453.234 1458.106 1459.462 1458.982 1458.502 1458.022 1456.931 1450.009 1443.088 1436.166 1429.245 1426.346 1426.973 1427.601 1428.229 1428.857 1434.388 1440.066 1445.744 1451.422 1457.512 1464.197 1470.882 1477.567 1484.252 1485.556 1485.885 1486.214 1486.544 1485.612 1481.508 1477.405 1473.302 1469.198 1466.633 1464.658 1462.683 1460.709 1459.564 1462.756 1465.948 1469.141 1472.333 1476.371 1480.976 1485.582 1490.187 1494.628 1494.744 1494.859 1494.974 1495.09 1492.08 1485.607 1479.134 1472.662 1466.189 1457.891 1449.419
1425.437 1428.668 1433.818 1438.967 1444.117 1449.267 1451.297 1451.698 1452.099 1452.5 1452.364 1447.102 1441.841 1436.58 1431.319 1429.741 1431.394 1433.047 1434.7 1436.353 1442.24 1448.255 1454.269 1460.284 1466.226 1472.062 1477.898 1483.734 1489.57 1490.68 1490.935 1491.19 1491.444 1490.578 1486.897 1483.215 1479.534 1475.852 1473.361 1471.328 1469.294 1467.261 1466.145 1469.823 1473.501 1477.179 1480.857 1484.234 1487.409 1490.583 1493.758 1496.796 1496.239 1495.681 1495.124 1494.567 1490.985 1484.053 1477.121 1470.19 1463.258 1454.837 1446.274
1415.736 1418.719 1424.146 1429.573 1435.0 1440.428 1443.132 1444.414 1445.696 1446.978 1447.796 1444.195 1440.594 1436.994 1433.393 1433.137 1435.815 1438.493 1441.171 1443.849 1450.092 1456.443 1462.794 1469.145 1474.939 1479.926 1484.913 1489.901 1494.888 1495.805 1495.985 1496.165 1496.344 1495.545 1492.286 1489.026 1485.766 1482.506 1480.09 1477.998 1475.906 1473.813 1472.726 1476.89 1481.054 1485.218 1489.382 1492.097 1493.841 1495.584 1497.328 1498.963 1497.733 1496.503 1495.273 1494.043 1489.89 1482.499 1475.108 1467.718 1460.327 1451.783 1443.129
1409.68 1412.61 1417.956 1423.301 1428.647 1433.992 1437.013 1438.819 1440.625 1442.432 1443.844 1441.506 1439.168 1436.83 1434.492 1435.219 1438.632 1442.046 1445.459 1448.873 1455.195 1461.605 1468.015 1474.424 1480.001 1484.373 1488.745 1493.118 1497.49 1498.264 1498.387 1498.51 1498.632 1497.85 1494.792 1491.735 1488.678 1485.621 1483.066 1480.705 1478.344 1475.982 1474.709 1479.125 1483.541 1487.957 1492.373 1494.9 1496.16 1497.42 1498.68 1499.838 1498.327 1496.816 1495.305 1493.794 1489.362 1481.693 1474.024 1466.355 1458.686 1449.795 1440.787
1406.639 1409.678 1414.644 1419.611 1424.577 1429.543 1432.585 1434.62 1436.656 1438.692 1440.402 1438.998 1437.594 1436.19 1434.786 1436.214 1440.124 1444.034 1447.944 1451.854 1458.025 1464.264 1470.503 1476.742 1482.045 1485.995 1489.946 1493.896 1497.847 1498.52 1498.6 1498.68 1498.76 1497.953 1494.917 1491.881 1488.845 1485.81 1482.941 1480.136 1477.332 1474.527 1472.892 1477.367 1481.841 1486.316 1490.791 1493.52 1495.079 1496.638 1498.197 1499.645 1498.177 1496.708 1495.24 1493.772 1489.301 1481.504 1473.707 1465.91 1458.113 1448.69 1439.11
1403.597 1406.745 1411.333 1415.92 1420.507 1425.094 1428.157 1430.422 1432.688 1434.953 1436.959 1436.489 1436.02 1435.55 1435.081 1437.209 1441.616 1446.022 1450.429 1454.835 1460.855 1466.923 1472.991 1479.059 1484.089 1487.618 1491.146 1494.675 1498.204 1498.776 1498.813 1498.851 1498.888 1498.057 1495.042 1492.028 1489.013 1485.998 1482.815 1479.568 1476.32 1473.073 1471.074 1475.608 1480.141 1484.675 1489.209 1492.141 1493.998 1495.856 1497.714 1499.452 1498.026 1496.6 1495.175 1493.749 1489.24 1481.315 1473.39 1465.465 1457.54 1447.584 1437.433
1400.556 1403.813 1408.021 1412.229 1416.438 1420.646 1423.729 1426.224 1428.719 1431.214 1433.516 1433.981 1434.445 1434.91 1435.375 1438.204 1443.108 1448.011 1452.914 1457.817 1463.685 1469.582 1475.479 1481.376 1486.133 1489.24 1492.347 1495.454 1498.561 1499.032 1499.027 1499.021 1499.016 1498.16 1495.167 1492.174 1489.181 1486.187 1482.69 1478.999 1475.308 1471.618 1469.257 1473.849 1478.442 1483.034 1487.626 1490.761 1492.917 1495.074 1497.231 1499.258 1497.875 1496.493 1495.11 1493.727 1489.179 1481.126 1473.073 1465.02 1456.966 1446.478 1435.756
1397.514 1400.88 1404.709 1408.539 1412.368 1416.197 1419.301 1422.025 1424.75 1427.474 1430.073 1431.472 1432.871 1434.27 1435.669 1439.2 1444.599 1449.999 1455.398 1460.798 1466.515 1472.241 1477.967 1483.694 1488.177 1490.862 1493.547 1496.232 1498.917 1499.288 1499.24 1499.192 1499.144 1498.264 1495.292 1492.32 1489.348 1486.376 1482.565 1478.431 1474.297 1470.163 1467.44 1472.091 1476.742 1481.393 1486.044 1489.381 1491.836 1494.292 1496.748 1499.065 1497.725 1496.385 1495.044 1493.704 1489.119 1480.937 1472.756 1464.574 1456.393 1445.373 1434.079
1398.431 1401.691 1405.142 1408.592 1412.042 1415.492 1418.344 1420.882 1423.421 1425.959 1428.379 1429.66 1430.941 1432.222 1433.503 1436.789 1441.833 1446.876 1451.92 1456.964 1462.714 1468.485 1474.256 1480.027 1484.657 1487.636 1490.615 1493.594 1496.573 1496.819 1496.57 1496.322 1496.073 1494.826 1491.071 1487.315 1483.56 1479.804 1475.421 1470.797 1466.172 1461.548 1458.495 1463.658 1468.82 1473.982 1479.144 1483.385 1487.007 1490.63 1494.253 1497.705 1496.649 1495.594 1494.538 1493.483 1489.058 1480.901 1472.744 1464.587 1456.43 1445.601 1434.515
1399.406 1402.558 1405.63 1408.701 1411.772 1414.843 1417.438 1419.784 1422.131 1424.477 1426.71 1427.857 1429.005 1430.153 1431.3 1434.328 1439.003 1443.678 1448.354 1453.029 1458.815 1464.634 1470.454 1476.273 1481.055 1484.339 1487.622 1490.905 1494.188 1494.309 1493.858 1493.406 1492.955 1491.336 1486.785 1482.234 1477.683 1473.132 1468.174 1463.058 1457.943 1452.827 1449.445 1455.125 1460.805 1466.485 1472.165 1477.32 1482.123 1486.925 1491.728 1496.327 1495.56 1494.793 1494.025 1493.258 1488.998 1480.867 1472.737 1464.607 1456.477 1445.85 1434.983
