data/zism_data/00144_01_D.txt
ncols         224
nrows         224
[rows 28 to 55 of 224, columns 64 to 127 of 224]
1363.703 1357.278 1350.854 1344.429 1338.004 1333.354 1329.693 1326.031 1322.37 1319.062 1320.236 1321.409 1322.583 1323.757 1325.235 1327.014 1328.792 1330.57 1332.348 1334.055 1335.757 1337.459 1339.162 1340.102 1339.718 1339.333 1338.948 1338.564 1336.231 1333.397 1330.564 1327.731 1324.748 1321.253 1317.759 1314.265 1310.771 1308.754 1307.508 1306.262 1305.017 1303.845 1303.438 1303.031 1302.624 1302.217 1301.798 1301.368 1300.938 1300.508 1300.078 1300.044 1300.032 1300.02 1300.008 1300.0 1300.0 1300.0 1300.0 1300.0 1300.0 1300.0 1300.0 1300.0
1365.229 1359.464 1353.699 1347.934 1342.169 1338.049 1334.846 1331.642 1328.438 1325.534 1326.431 1327.328 1328.225 1329.123 1330.338 1331.865 1333.393 1334.921 1336.449 1338.17 1339.904 1341.638 1343.372 1344.359 1344.043 1343.728 1343.412 1343.097 1340.714 1337.801 1334.888 1331.975 1328.889 1325.214 1321.539 1317.863 1314.188 1311.917 1310.379 1308.84 1307.302 1305.833 1305.085 1304.338 1303.59 1302.843 1302.216 1301.701 1301.185 1300.67 1300.155 1300.102 1300.074 1300.046 1300.017 1300.0 1300.0 1300.0 1300.0 1300.0 1300.0 1300.0 1300.0 1300.0
1366.754 1361.649 1356.544 1351.439 1346.334 1342.745 1339.998 1337.252 1334.506 1332.006 1332.626 1333.247 1333.867 1334.488 1335.44 1336.717 1337.995 1339.273 1340.551 1342.285 1344.051 1345.817 1347.583 1348.615 1348.369 1348.122 1347.876 1347.63 1345.198 1342.205 1339.212 1336.219 1333.03 1329.174 1325.318 1321.462 1317.606 1315.08 1313.249 1311.418 1309.587 1307.821 1306.733 1305.645 1304.557 1303.469 1302.634 1302.033 1301.433 1300.833 1300.233 1300.16 1300.116 1300.072 1300.027 1300.0 1300.0 1300.0 1300.0 1300.0 1300.0 1300.0 1300.0 1300.0
1368.28 1363.835 1359.39 1354.945 1350.5 1347.44 1345.151 1342.863 1340.574 1338.478 1338.822 1339.166 1339.51 1339.853 1340.542 1341.569 1342.597 1343.625 1344.652 1346.4 1348.198 1349.996 1351.794 1352.871 1352.694 1352.517 1352.34 1352.163 1349.682 1346.609 1343.536 1340.463 1337.172 1333.135 1329.098 1325.061 1321.024 1318.244 1316.12 1313.996 1311.873 1309.81 1308.381 1306.952 1305.524 1304.095 1303.051 1302.366 1301.681 1300.995 1300.31 1300.218 1300.158 1300.097 1300.037 1300.0 1300.0 1300.0 1300.0 1300.0 1300.0 1300.0 1300.0 1300.0
1369.762 1366.017 1362.273 1358.529 1354.784 1352.252 1350.395 1348.538 1346.681 1344.959 1344.946 1344.934 1344.921 1344.908 1345.274 1346.013 1346.752 1347.491 1348.229 1350.042 1351.931 1353.82 1355.709 1356.887 1356.829 1356.772 1356.714 1356.656 1354.138 1350.987 1347.837 1344.686 1341.291 1337.058 1332.825 1328.593 1324.36 1321.284 1318.812 1316.34 1313.868 1311.461 1309.722 1307.983 1306.244 1304.505 1303.286 1302.55 1301.814 1301.078 1300.342 1300.232 1300.156 1300.08 1300.004 1299.958 1299.96 1299.962 1299.964 1299.966 1300.011 1300.065 1300.12 1300.174
1371.064 1368.187 1365.31 1362.433 1359.557 1357.543 1356.011 1354.479 1352.946 1351.475 1350.781 1350.087 1349.394 1348.7 1348.502 1348.794 1349.086 1349.377 1349.669 1351.761 1353.98 1356.198 1358.417 1359.924 1360.191 1360.458 1360.725 1360.992 1358.484 1355.265 1352.045 1348.825 1345.318 1340.83 1336.342 1331.854 1327.366 1323.825 1320.778 1317.731 1314.685 1311.736 1309.811 1307.886 1305.961 1304.036 1302.774 1302.128 1301.483 1300.837 1300.192 1300.071 1299.979 1299.887 1299.795 1299.743 1299.756 1299.768 1299.781 1299.794 1300.065 1300.396 1300.727 1301.058
1372.366 1370.357 1368.347 1366.338 1364.329 1362.834 1361.627 1360.419 1359.211 1357.991 1356.616 1355.241 1353.866 1352.491 1351.73 1351.575 1351.42 1351.264 1351.109 1353.48 1356.029 1358.577 1361.126 1362.96 1363.552 1364.144 1364.735 1365.327 1362.831 1359.542 1356.253 1352.964 1349.346 1344.602 1339.859 1335.115 1330.372 1326.365 1322.744 1319.122 1315.501 1312.012 1309.9 1307.789 1305.677 1303.566 1302.261 1301.706 1301.151 1300.596 1300.041 1299.91 1299.802 1299.694 1299.586 1299.528 1299.551 1299.575 1299.598 1299.622 1300.119 1300.727 1301.335 1301.943
1373.668 1372.526 1371.385 1370.243 1369.101 1368.125 1367.242 1366.359 1365.476 1364.507 1362.451 1360.395 1358.339 1356.283 1354.958 1354.356 1353.754 1353.151 1352.549 1355.199 1358.077 1360.956 1363.834 1365.997 1366.913 1367.83 1368.746 1369.662 1367.178 1363.819 1360.461 1357.103 1353.374 1348.375 1343.375 1338.376 1333.377 1328.906 1324.71 1320.514 1316.317 1312.287 1309.99 1307.692 1305.394 1303.096 1301.749 1301.284 1300.82 1300.355 1299.891 1299.749 1299.625 1299.501 1299.377 1299.313 1299.347 1299.381 1299.415 1299.449 1300.173 1301.057 1301.942 1302.827
1374.97 1374.696 1374.422 1374.148 1373.873 1373.417 1372.858 1372.299 1371.741 1371.023 1368.286 1365.549 1362.811 1360.074 1358.187 1357.137 1356.088 1355.038 1353.989 1356.917 1360.126 1363.335 1366.543 1369.034 1370.275 1371.516 1372.756 1373.997 1371.524 1368.097 1364.669 1361.242 1357.401 1352.147 1346.892 1341.638 1336.383 1331.446 1326.675 1321.905 1317.134 1312.563 1310.079 1307.595 1305.111 1302.627 1301.236 1300.862 1300.488 1300.114 1299.74 1299.588 1299.448 1299.308 1299.168 1299.098 1299.143 1299.188 1299.232 1299.277 1300.227 1301.388 1302.55 1303.711
1377.265 1377.497 1377.729 1377.962 1378.194 1377.983 1377.526 1377.068 1376.61 1375.944 1372.632 1369.321 1366.009 1362.698 1360.268 1358.708 1357.148 1355.588 1354.028 1357.35 1361.016 1364.681 1368.347 1371.224 1372.729 1374.235 1375.74 1377.246 1375.008 1371.809 1368.609 1365.41 1361.682 1356.145 1350.609 1345.072 1339.535 1334.021 1328.518 1323.016 1317.513 1312.272 1309.759 1307.246 1304.732 1302.219 1300.846 1300.532 1300.218 1299.905 1299.591 1299.456 1299.33 1299.204 1299.078 1299.016 1299.058 1299.1 1299.142 1299.184 1300.319 1301.711 1303.102 1304.493
1380.147 1380.672 1381.198 1381.723 1382.248 1382.121 1381.631 1381.142 1380.652 1379.919 1376.096 1372.274 1368.452 1364.629 1361.67 1359.562 1357.454 1355.345 1353.237 1357.021 1361.218 1365.416 1369.614 1372.912 1374.646 1376.381 1378.115 1379.849 1377.98 1375.185 1372.391 1369.596 1366.113 1360.278 1354.444 1348.609 1342.775 1336.616 1330.288 1323.961 1317.634 1311.646 1309.196 1306.747 1304.297 1301.848 1300.527 1300.256 1299.985 1299.714 1299.443 1299.34 1299.246 1299.152 1299.058 1299.012 1299.043 1299.074 1299.106 1299.137 1300.434 1302.028 1303.622 1305.215
1383.03 1383.848 1384.665 1385.483 1386.301 1386.258 1385.737 1385.215 1384.694 1383.894 1379.56 1375.227 1370.894 1366.56 1363.072 1360.415 1357.759 1355.103 1352.447 1356.691 1361.421 1366.151 1370.88 1374.6 1376.564 1378.527 1380.49 1382.453 1380.952 1378.562 1376.172 1373.781 1370.544 1364.411 1358.279 1352.146 1346.014 1339.211 1332.059 1324.906 1317.754 1311.019 1308.634 1306.248 1303.862 1301.477 1300.209 1299.981 1299.752 1299.523 1299.295 1299.224 1299.162 1299.1 1299.038 1299.008 1299.029 1299.049 1299.07 1299.091 1300.549 1302.345 1304.141 1305.937
1385.912 1387.023 1388.133 1389.244 1390.354 1390.396 1389.842 1389.289 1388.735 1387.869 1383.024 1378.18 1373.336 1368.492 1364.474 1361.269 1358.065 1354.86 1351.656 1356.362 1361.624 1366.885 1372.147 1376.289 1378.481 1380.673 1382.865 1385.056 1383.924 1381.939 1379.953 1377.967 1374.975 1368.545 1362.114 1355.683 1349.253 1341.806 1333.829 1325.852 1317.874 1310.393 1308.071 1305.749 1303.427 1301.106 1299.891 1299.705 1299.519 1299.333 1299.147 1299.109 1299.079 1299.049 1299.019 1299.004 1299.014 1299.024 1299.034 1299.044 1300.665 1302.663 1304.661 1306.659
1388.742 1390.117 1391.491 1392.866 1394.24 1394.361 1393.784 1393.206 1392.629 1391.704 1386.369 1381.034 1375.699 1370.364 1365.803 1362.006 1358.209 1354.412 1350.615 1355.683 1361.374 1367.065 1372.756 1377.269 1379.733 1382.197 1384.662 1387.126 1386.445 1384.956 1383.467 1381.979 1379.321 1372.667 1366.013 1359.359 1352.705 1344.664 1335.899 1327.134 1318.369 1310.167 1307.838 1305.508 1303.178 1300.849 1299.644 1299.485 1299.326 1299.167 1299.008 1299.0 1299.0 1299.0 1299.0 1299.0 1299.0 1299.0 1299.0 1299.0 1300.754 1302.918 1305.082 1307.246
1390.719 1391.896 1393.074 1394.252 1395.429 1395.548 1395.077 1394.606 1394.135 1393.297 1387.791 1382.286 1376.781 1371.275 1365.971 1360.865 1355.758 1350.652 1345.546 1349.374 1353.831 1358.287 1362.743 1366.828 1370.266 1373.704 1377.142 1380.58 1381.682 1382.183 1382.685 1383.186 1382.29 1376.615 1370.94 1365.266 1359.59 1351.76 1342.803 1333.846 1324.89 1316.412 1312.917 1309.422 1305.926 1302.431 1300.549 1300.167 1299.784 1299.402 1299.02 1299.0 1299.0 1299.0 1299.0 1299.0 1299.0 1299.0 1299.0 1299.0 1300.417 1302.166 1303.916 1305.665
1392.695 1393.676 1394.657 1395.638 1396.618 1396.735 1396.37 1396.006 1395.641 1394.889 1389.214 1383.538 1377.862 1372.187 1366.138 1359.723 1353.308 1346.892 1340.477 1343.066 1346.288 1349.509 1352.731 1356.387 1360.799 1365.211 1369.623 1374.034 1376.919 1379.411 1381.902 1384.394 1385.26 1380.564 1375.868 1371.172 1366.476 1358.856 1349.708 1340.559 1331.411 1322.656 1317.996 1313.335 1308.674 1304.014 1301.455 1300.849 1300.243 1299.637 1299.031 1299.0 1299.0 1299.0 1299.0 1299.0 1299.0 1299.0 1299.0 1299.0 1300.081 1301.415 1302.749 1304.083
1394.672 1395.456 1396.24 1397.023 1397.807 1397.922 1397.664 1397.406 1397.148 1396.482 1390.636 1384.79 1378.944 1373.098 1366.306 1358.581 1350.857 1343.132 1335.408 1336.757 1338.744 1340.732 1342.719 1345.946 1351.332 1356.718 1362.103 1367.489 1372.156 1376.638 1381.12 1385.602 1388.229 1384.513 1380.796 1377.079 1373.362 1365.952 1356.612 1347.272 1337.933 1328.901 1323.075 1317.249 1311.423 1305.597 1302.36 1301.531 1300.701 1299.872 1299.042 1299.0 1299.0 1299.0 1299.0 1299.0 1299.0 1299.0 1299.0 1299.0 1299.745 1300.664 1301.583 1302.502
1396.648 1397.235 1397.822 1398.409 1398.996 1399.109 1398.957 1398.805 1398.654 1398.074 1392.058 1386.042 1380.025 1374.009 1366.473 1357.44 1348.406 1339.372 1330.339 1330.449 1331.201 1331.954 1332.707 1335.506 1341.865 1348.224 1354.584 1360.943 1367.392 1373.865 1380.338 1386.81 1391.199 1388.461 1385.724 1382.986 1380.248 1373.048 1363.516 1353.985 1344.454 1335.145 1328.154 1321.162 1314.171 1307.179 1303.265 1302.213 1301.16 1300.107 1299.054 1299.0 1299.0 1299.0 1299.0 1299.0 1299.0 1299.0 1299.0 1299.0 1299.408 1299.912 1300.416 1300.92
1397.886 1398.326 1398.765 1399.205 1399.644 1399.746 1399.659 1399.572 1399.485 1398.976 1393.104 1387.233 1381.361 1375.49 1367.63 1357.81 1347.99 1338.171 1328.351 1327.093 1326.436 1325.78 1325.124 1327.078 1333.573 1340.068 1346.563 1353.058 1360.485 1368.152 1375.818 1383.485 1389.034 1387.34 1385.647 1383.953 1382.26 1375.586 1366.311 1357.036 1347.76 1338.63 1331.004 1323.378 1315.752 1308.126 1303.833 1302.64 1301.447 1300.254 1299.061 1299.0 1299.0 1299.0 1299.0 1299.0 1299.0 1299.0 1299.0 1299.0 1299.218 1299.486 1299.754 1300.023
1398.352 1398.696 1399.04 1399.384 1399.727 1399.808 1399.742 1399.677 1399.611 1399.156 1393.759 1388.361 1382.963 1377.565 1369.819 1359.76 1349.701 1339.641 1329.582 1326.822 1324.574 1322.326 1320.079 1320.752 1326.508 1332.263 1338.019 1343.774 1351.338 1359.366 1367.395 1375.423 1381.504 1380.922 1380.341 1379.76 1379.179 1373.362 1364.811 1356.259 1347.708 1339.231 1331.525 1323.819 1316.113 1308.407 1304.049 1302.803 1301.556 1300.31 1299.064 1299.0 1299.0 1299.0 1299.0 1299.0 1299.0 1299.0 1299.0 1299.0 1299.179 1299.399 1299.62 1299.84
1398.818 1399.066 1399.314 1399.562 1399.81 1399.87 1399.826 1399.782 1399.738 1399.337 1394.413 1389.488 1384.564 1379.64 1372.009 1361.71 1351.411 1341.112 1330.814 1326.551 1322.712 1318.873 1315.034 1314.427 1319.443 1324.458 1329.474 1334.49 1342.191 1350.581 1358.971 1367.362 1373.974 1374.505 1375.036 1375.567 1376.098 1371.138 1363.311 1355.483 1347.655 1339.831 1332.046 1324.26 1316.474 1308.689 1304.265 1302.965 1301.666 1300.366 1299.066 1299.0 1299.0 1299.0 1299.0 1299.0 1299.0 1299.0 1299.0 1299.0 1299.14 1299.313 1299.485 1299.658
1399.285 1399.437 1399.589 1399.741 1399.893 1399.933 1399.91 1399.887 1399.864 1399.517 1395.067 1390.616 1386.165 1381.715 1374.198 1363.66 1353.121 1342.583 1332.045 1326.28 1320.849 1315.42 1309.99 1308.102 1312.378 1316.654 1320.93 1325.206 1333.043 1341.796 1350.548 1359.3 1366.444 1368.087 1369.731 1371.374 1373.017 1368.915 1361.811 1354.707 1347.603 1340.432 1332.567 1324.701 1316.836 1308.97 1304.48 1303.127 1301.775 1300.422 1299.069 1299.0 1299.0 1299.0 1299.0 1299.0 1299.0 1299.0 1299.0 1299.0 1299.101 1299.226 1299.35 1299.475
1399.751 1399.807 1399.863 1399.92 1399.976 1399.995 1399.993 1399.992 1399.99 1399.698 1395.721 1391.744 1387.767 1383.79 1376.388 1365.61 1354.832 1344.054 1333.276 1326.009 1318.987 1311.966 1304.945 1301.777 1305.313 1308.849 1312.386 1315.922 1323.896 1333.01 1342.125 1351.239 1358.914 1361.67 1364.425 1367.181 1369.937 1366.691 1360.311 1353.93 1347.55 1341.033 1333.088 1325.143 1317.197 1309.252 1304.696 1303.29 1301.884 1300.478 1299.072 1299.0 1299.0 1299.0 1299.0 1299.0 1299.0 1299.0 1299.0 1299.0 1299.062 1299.139 1299.216 1299.293
1399.249 1399.39 1399.532 1399.673 1399.815 1399.885 1399.914 1399.943 1399.973 1399.74 1396.183 1392.626 1389.068 1385.511 1378.537 1368.195 1357.853 1347.511 1337.17 1329.317 1321.64 1313.962 1306.285 1302.294 1304.719 1307.143 1309.568 1311.993 1318.485 1326.023 1333.561 1341.099 1347.522 1350.132 1352.742 1355.352 1357.962 1355.405 1350.15 1344.895 1339.64 1334.262 1327.602 1320.943 1314.283 1307.624 1303.801 1302.616 1301.431 1300.246 1299.061 1299.0 1299.0 1299.0 1299.0 1299.0 1299.0 1299.0 1299.0 1299.0 1299.047 1299.105 1299.164 1299.222
1398.662 1398.905 1399.148 1399.39 1399.633 1399.759 1399.821 1399.882 1399.943 1399.771 1396.628 1393.486 1390.344 1387.202 1380.683 1370.836 1360.989 1351.142 1341.295 1332.938 1324.686 1316.434 1308.181 1303.408 1304.689 1305.969 1307.25 1308.531 1313.401 1319.193 1324.985 1330.778 1335.792 1338.147 1340.501 1342.856 1345.211 1343.328 1339.233 1335.138 1331.043 1326.847 1321.592 1316.338 1311.083 1305.828 1302.809 1301.869 1300.929 1299.988 1299.048 1299.0 1299.0 1299.0 1299.0 1299.0 1299.0 1299.0 1299.0 1299.0 1299.034 1299.077 1299.119 1299.161
1398.076 1398.419 1398.763 1399.107 1399.451 1399.634 1399.727 1399.82 1399.914 1399.801 1397.074 1394.347 1391.619 1388.892 1382.828 1373.476 1364.125 1354.772 1345.421 1336.559 1327.732 1318.905 1310.078 1304.523 1304.659 1304.796 1304.932 1305.069 1308.316 1312.363 1316.41 1320.457 1324.063 1326.162 1328.261 1330.36 1332.459 1331.251 1328.317 1325.382 1322.447 1319.432 1315.582 1311.732 1307.883 1304.033 1301.818 1301.122 1300.427 1299.731 1299.036 1299.0 1299.0 1299.0 1299.0 1299.0 1299.0 1299.0 1299.0 1299.0 1299.021 1299.048 1299.074 1299.1
1397.489 1397.934 1398.379 1398.824 1399.269 1399.509 1399.634 1399.759 1399.884 1399.831 1397.519 1395.207 1392.895 1390.583 1384.974 1376.117 1367.26 1358.403 1349.546 1340.18 1330.778 1321.377 1311.975 1305.637 1304.63 1303.622 1302.614 1301.607 1303.232 1305.533 1307.834 1310.135 1312.333 1314.177 1316.021 1317.864 1319.708 1319.175 1317.4 1315.625 1313.85 1312.016 1309.572 1307.127 1304.682 1302.238 1300.826 1300.375 1299.925 1299.474 1299.023 1299.0 1299.0 1299.0 1299.0 1299.0 1299.0 1299.0 1299.0 1299.0 1299.008 1299.019 1299.029 1299.04
1395.627 1396.143 1396.659 1397.176 1397.692 1397.97 1398.116 1398.262 1398.408 1398.386 1396.232 1394.077 1391.923 1389.769 1384.472 1376.078 1367.684 1359.29 1350.896 1341.451 1331.931 1322.411 1312.892 1306.212 1304.472 1302.733 1300.993 1299.253 1299.755 1300.833 1301.911 1302.989 1304.176 1305.736 1307.296 1308.856 1310.417 1310.333 1309.39 1308.447 1307.504 1306.522 1305.133 1303.745 1302.356 1300.968 1300.158 1299.885 1299.611 1299.338 1299.065 1299.041 1299.029 1299.018 1299.007 1299.0 1299.0 1299.0 1299.0 1299.0 1299.0 1299.0 1299.0 1299.0
