data/zism_data/00142_01_D.txt
ncols         224
nrows         224
[rows 145 to 173 of 224, columns 0 to 64 of 224]
293.6916 294.709 295.7264 296.7438 297.6339 298.1892 298.7445 299.2998 299.8551 300.0 300.0 300.0 300.0 299.9731 299.8405 299.708 299.5754 299.4428 299.3734 299.3355 299.2976 299.2598 299.2268 299.2268 299.2268 299.2268 299.2268 299.2606 299.3174 299.3742 299.431 299.5306 300.3261 301.1215 301.9169 302.7123 306.9771 314.4221 321.867 329.312 336.757 346.7825 356.8459 366.9092 376.9725 382.7006 383.1144 383.5282 383.942 384.3557 376.6133 368.0941 359.5748 351.0556 343.2481 336.618 329.9879 323.3577 316.7276 313.7507 311.4667 309.1827 306.8987 305.4134 305.7536
294.6988 295.609 296.5192 297.4294 298.205 298.6263 299.0475 299.4688 299.8901 300.0 300.0 300.0 300.0 299.9655 299.7954 299.6253 299.4552 299.2851 299.196 299.1474 299.0988 299.0502 299.008 299.008 299.008 299.008 299.008 299.0513 299.1242 299.1971 299.27 299.3978 300.4184 301.4389 302.4595 303.4801 308.6915 317.7447 326.7979 335.851 344.9042 354.7469 364.6012 374.4555 384.3097 389.1062 387.7028 386.2993 384.8958 383.4924 374.6815 365.1653 355.649 346.1327 337.71 331.0959 324.4819 317.8678 311.2538 308.5228 306.5283 304.5338 302.5392 301.1769 301.2598
294.8853 295.7451 296.6049 297.4647 298.191 298.5661 298.9411 299.3162 299.6913 299.7891 299.7891 299.7891 299.7891 299.7617 299.6264 299.4911 299.3557 299.2205 299.1496 299.1109 299.0723 299.0336 299.0 299.0 299.0 299.0 299.0 299.0805 299.2159 299.3514 299.4869 299.7379 301.8668 303.9956 306.1245 308.2534 314.4082 324.2534 334.0987 343.944 353.7892 361.5032 369.1858 376.8684 384.551 387.3235 384.077 380.8306 377.5841 374.3376 365.819 356.7983 347.7776 338.7569 331.0519 325.5231 319.9942 314.4654 308.9365 306.865 305.4491 304.0333 302.6174 301.8387 302.5165
295.0406 295.8522 296.6638 297.4753 298.1549 298.4871 298.8192 299.1514 299.4836 299.5703 299.5703 299.5703 299.5703 299.5504 299.4527 299.3549 299.2571 299.1593 299.1081 299.0802 299.0522 299.0243 299.0 299.0 299.0 299.0 299.0 299.1187 299.3185 299.5183 299.7181 300.0959 303.3665 306.6372 309.9078 313.1785 320.2765 330.8829 341.4893 352.0958 362.7022 368.2137 373.6503 379.0869 384.5234 385.2305 380.1401 375.0497 369.9593 364.8688 356.694 348.2254 339.7568 331.2881 324.3514 319.9483 315.5451 311.142 306.7389 305.3424 304.5162 303.69 302.8637 302.6861 303.9911
295.196 295.9593 296.7226 297.486 298.1187 298.4081 298.6974 298.9867 299.276 299.3514 299.3514 299.3514 299.3514 299.3392 299.279 299.2187 299.1584 299.0982 299.0666 299.0494 299.0322 299.015 299.0 299.0 299.0 299.0 299.0 299.157 299.4211 299.6852 299.9493 300.4539 304.8663 309.2787 313.6912 318.1036 326.1447 337.5124 348.88 360.2476 371.6153 374.9243 378.1148 381.3054 384.4959 383.1376 376.2032 369.2688 362.3344 355.4 347.5689 339.6524 331.7359 323.8194 317.6509 314.3735 311.0961 307.8186 304.5412 303.8199 303.5833 303.3467 303.1101 303.5335 305.4656
295.3514 296.0664 296.7815 297.4966 298.0826 298.329 298.5755 298.8219 299.0683 299.1326 299.1326 299.1326 299.1326 299.128 299.1053 299.0825 299.0598 299.037 299.0251 299.0186 299.0121 299.0056 299.0 299.0 299.0 299.0 299.0 299.1952 299.5236 299.8521 300.1805 300.8119 306.3661 311.9203 317.4745 323.0287 332.013 344.1418 356.2707 368.3994 380.5283 381.6349 382.5794 383.5239 384.4684 381.0447 372.2663 363.4879 354.7096 345.9312 338.4438 331.0795 323.7151 316.3507 310.9505 308.7987 306.647 304.4953 302.3435 302.2973 302.6503 303.0034 303.3564 304.3809 306.9401
295.4852 296.1372 296.7892 297.4413 297.9745 298.1949 298.4153 298.6358 298.8562 298.9278 298.9468 298.9658 298.9848 299.0 299.0 299.0 299.0 299.0 299.0 299.0 299.0 299.0 299.0 299.0 299.0 299.0 299.0 299.2146 299.5756 299.9367 300.2978 300.996 307.1722 313.3484 319.5247 325.7009 335.0536 347.3181 359.5827 371.8473 384.1118 383.3837 382.4645 381.5454 380.6262 375.7701 366.0879 356.4058 346.7237 337.0415 330.2826 323.8021 317.3216 310.8411 306.3538 305.163 303.9722 302.7814 301.5906 302.5538 303.9254 305.2971 306.6687 308.6352 311.961
295.5858 296.152 296.7183 297.2846 297.7556 297.976 298.1965 298.4169 298.6374 298.7446 298.8119 298.8791 298.9464 299.0 299.0 299.0 299.0 299.0 299.0 299.0 299.0 299.0 299.0 299.0 299.0 299.0 299.0 299.205 299.55 299.895 300.24 300.9128 306.9121 312.9115 318.9108 324.9102 333.7475 345.1866 356.6256 368.0647 379.5037 377.5063 375.3113 373.1162 370.9212 365.6057 356.465 347.3242 338.1835 329.0428 323.6035 318.5168 313.43 308.3433 304.9912 304.508 304.0248 303.5416 303.0584 305.5448 308.5943 311.6438 314.6933 318.1254 322.4323
295.6864 296.1669 296.6474 297.1279 297.5367 297.7572 297.9776 298.1981 298.4185 298.5614 298.6769 298.7924 298.9079 299.0 299.0 299.0 299.0 299.0 299.0 299.0 299.0 299.0 299.0 299.0 299.0 299.0 299.0 299.1954 299.5244 299.8533 300.1822 300.8296 306.652 312.4745 318.2969 324.1194 332.4415 343.055 353.6685 364.2821 374.8956 371.6288 368.158 364.6871 361.2163 355.4413 346.842 338.2427 329.6434 321.044 316.9244 313.2314 309.5384 305.8454 303.6285 303.853 304.0774 304.3018 304.5262 308.5357 313.2631 317.9904 322.7178 327.6157 332.9036
295.787 296.1817 296.5764 296.9712 297.3179 297.5383 297.7588 297.9792 298.1997 298.3782 298.542 298.7057 298.8695 299.0 299.0 299.0 299.0 299.0 299.0 299.0 299.0 299.0 299.0 299.0 299.0 299.0 299.0 299.1859 299.4987 299.8116 300.1244 300.7464 306.3919 312.0375 317.6831 323.3286 331.1354 340.9234 350.7115 360.4995 370.2875 365.7514 361.0047 356.258 351.5113 345.277 337.2191 329.1611 321.1032 313.0453 310.2453 307.9461 305.6468 303.3476 302.2659 303.1979 304.13 305.062 305.9941 311.5267 317.9319 324.3371 330.7423 337.106 343.3749
295.8876 296.1965 296.5055 296.8145 297.099 297.3195 297.5399 297.7604 297.9808 298.195 298.407 298.619 298.831 299.0 299.0 299.0 299.0 299.0 299.0 299.0 299.0 299.0 299.0 299.0 299.0 299.0 299.0 299.1763 299.4731 299.7698 300.0666 300.6632 306.1319 311.6005 317.0692 322.5379 329.8294 338.7919 347.7544 356.7169 365.6794 359.874 353.8514 347.8289 341.8064 335.1126 327.5961 320.0796 312.5631 305.0466 303.5662 302.6607 301.7552 300.8497 300.9033 302.5429 304.1826 305.8222 307.4619 314.5177 322.6007 330.6838 338.7668 346.5963 353.8462
296.2318 296.5081 296.7843 297.0606 297.3129 297.5024 297.6919 297.8814 298.0709 298.2637 298.4576 298.6515 298.8454 299.0 299.0 299.0 299.0 299.0 299.0 299.0 299.0 299.0 299.0 299.0 299.0 299.0 299.0 299.1431 299.384 299.6249 299.8658 300.3564 304.9054 309.4543 314.0033 318.5523 324.6087 332.0471 339.4855 346.9238 354.3622 349.2818 344.0174 338.7529 333.4885 327.8031 321.6017 315.4004 309.199 302.9977 301.9636 301.4217 300.8797 300.3377 300.6962 302.5438 304.3914 306.239 308.0867 315.4301 323.8159 332.2017 340.5875 348.5789 355.669
296.6278 296.8826 297.1374 297.3922 297.6187 297.7707 297.9227 298.0746 298.2266 298.3858 298.5475 298.7093 298.8711 299.0 299.0 299.0 299.0 299.0 299.0 299.0 299.0 299.0 299.0 299.0 299.0 299.0 299.0 299.1049 299.2815 299.458 299.6346 300.0021 303.4736 306.9451 310.4166 313.8881 318.5567 324.3225 330.0884 335.8543 341.6202 337.6884 333.614 329.5396 325.4651 321.0999 316.378 311.6562 306.9344 302.2125 301.4392 301.042 300.6448 300.2476 300.7346 302.6841 304.6335 306.583 308.5324 315.9011 324.2976 332.6941 341.0906 348.9671 355.6552
297.0238 297.2572 297.4905 297.7239 297.9245 298.039 298.1534 298.2679 298.3823 298.5079 298.6375 298.7671 298.8967 299.0 299.0 299.0 299.0 299.0 299.0 299.0 299.0 299.0 299.0 299.0 299.0 299.0 299.0 299.0667 299.1789 299.2911 299.4034 299.6479 302.0419 304.4359 306.83 309.224 312.5046 316.598 320.6914 324.7848 328.8781 326.0949 323.2105 320.3262 317.4419 314.3967 311.1543 307.912 304.6696 301.4273 300.9148 300.6624 300.4099 300.1573 300.7729 302.8243 304.8756 306.9269 308.9782 316.3721 324.7793 333.1865 341.5937 349.3553 355.6413
297.4198 297.6317 297.8436 298.0555 298.2303 298.3072 298.3842 298.4611 298.538 298.6301 298.7275 298.8249 298.9223 299.0 299.0 299.0 299.0 299.0 299.0 299.0 299.0 299.0 299.0 299.0 299.0 299.0 299.0 299.0285 299.0764 299.1242 299.1721 299.2936 300.6101 301.9267 303.2433 304.5598 306.4525 308.8734 311.2943 313.7152 316.1361 314.5015 312.8072 311.1129 309.4185 307.6935 305.9306 304.1678 302.4049 300.6421 300.3904 300.2827 300.1749 300.0672 300.8113 302.9645 305.1176 307.2708 309.424 316.8431 325.261 333.6789 342.0968 349.7435 355.6274
299.4783 299.7961 300.114 300.4318 300.6847 300.7665 300.8484 300.9302 301.0121 300.9926 300.9373 300.8821 300.8268 300.7425 300.5439 300.3454 300.1468 299.9483 299.7634 299.5854 299.4073 299.2293 299.0724 299.056 299.0395 299.0231 299.0067 299.0 299.0 299.0 299.0 299.0281 299.5137 299.9993 300.4849 300.9705 301.7883 302.9105 304.0328 305.155 306.2773 305.5415 304.7785 304.0154 303.2523 302.5516 301.9272 301.3029 300.6786 300.0543 300.0 300.0 300.0 300.0 300.7961 302.9086 305.0212 307.1338 309.2464 316.325 324.3456 332.3661 340.3866 347.5957 352.9503
306.3821 307.1771 307.972 308.7669 309.4009 309.6114 309.8219 310.0324 310.2429 309.8845 309.3254 308.7663 308.2072 307.5635 306.5877 305.6118 304.636 303.6602 302.7516 301.8768 301.0019 300.1271 299.3558 299.275 299.1943 299.1135 299.0328 299.0 299.0 299.0 299.0 299.0216 299.3947 299.7677 300.1407 300.5137 301.1686 302.0818 302.995 303.9082 304.8214 304.257 303.6708 303.0846 302.4984 301.9601 301.4805 301.0009 300.5213 300.0417 300.0 300.0 300.0 300.0 300.6244 302.2813 303.9382 305.5952 307.2521 312.9244 319.3582 325.7921 332.2259 338.0572 342.5112
313.286 314.558 315.83 317.102 318.1171 318.4563 318.7954 319.1346 319.4737 318.7765 317.7135 316.6505 315.5875 314.3845 312.6314 310.8783 309.1252 307.3721 305.7399 304.1682 302.5965 301.0248 299.6392 299.4941 299.349 299.2039 299.0589 299.0 299.0 299.0 299.0 299.0151 299.2756 299.536 299.7965 300.0569 300.5489 301.2531 301.9572 302.6614 303.3655 302.9724 302.5631 302.1538 301.7445 301.3686 301.0338 300.6989 300.364 300.0291 300.0 300.0 300.0 300.0 300.4527 301.654 302.8553 304.0565 305.2578 309.5237 314.3709 319.218 324.0652 328.5186 332.0721
320.1901 321.9392 323.6883 325.4374 326.8336 327.3015 327.7693 328.2371 328.7048 327.6688 326.1019 324.535 322.9681 321.2057 318.6753 316.1449 313.6145 311.0841 308.7283 306.4597 304.1911 301.9225 299.9226 299.7132 299.5038 299.2944 299.085 299.0 299.0 299.0 299.0 299.0086 299.1565 299.3044 299.4522 299.6002 299.9292 300.4243 300.9194 301.4145 301.9096 301.6877 301.4554 301.2229 300.9905 300.7771 300.587 300.3968 300.2067 300.0165 300.0 300.0 300.0 300.0 300.281 301.0266 301.7722 302.5179 303.2635 306.123 309.3834 312.6438 315.9042 318.9798 321.6327
327.0939 329.3201 331.5463 333.7725 335.5499 336.1463 336.7428 337.3392 337.9357 336.5607 334.4899 332.4192 330.3484 328.0267 324.7191 321.4114 318.1037 314.7961 311.7166 308.7511 305.7857 302.8203 300.206 299.9323 299.6585 299.3848 299.1111 299.0 299.0 299.0 299.0 299.002 299.0374 299.0727 299.108 299.1434 299.3095 299.5956 299.8816 300.1677 300.4537 300.4032 300.3477 300.2921 300.2366 300.1856 300.1402 300.0948 300.0494 300.0039 300.0 300.0 300.0 300.0 300.1093 300.3993 300.6892 300.9792 301.2692 302.7224 304.3961 306.0698 307.7436 309.4412 311.1935
338.4552 340.7502 343.0452 345.3402 347.1766 347.806 348.4355 349.065 349.6945 348.1079 345.7392 343.3705 341.0019 338.2596 334.0496 329.8396 325.6296 321.4196 317.2706 313.1523 309.0339 304.9155 301.2715 300.79 300.3085 299.8271 299.3456 299.1501 299.1501 299.1501 299.1501 299.1501 299.1501 299.1501 299.1501 299.1501 299.2479 299.4352 299.6226 299.8099 299.9973 300.0 300.0 300.0 300.0 300.0 300.0 300.0 300.0 300.0 300.0 300.0 300.0 300.0 300.0471 300.172 300.2969 300.4218 300.5467 301.4065 302.4057 303.4049 304.4041 305.4793 306.7283
351.8553 354.0324 356.2095 358.3866 360.1346 360.7533 361.3721 361.9908 362.6096 360.8697 358.2973 355.7249 353.1525 350.0531 344.8836 339.714 334.5445 329.3749 323.9984 318.5184 313.0385 307.5585 302.6949 301.94 301.1851 300.4302 299.6754 299.369 299.369 299.369 299.369 299.369 299.369 299.369 299.369 299.369 299.4416 299.5807 299.7198 299.8589 299.998 300.0 300.0 300.0 300.0 300.0 300.0 300.0 300.0 300.0 300.0 300.0 300.0 300.0 300.0349 300.1277 300.2204 300.3132 300.4059 301.0443 301.7862 302.5281 303.27 304.0683 304.9956
365.2555 367.3147 369.3738 371.433 373.0926 373.7006 374.3086 374.9167 375.5247 373.6314 370.8553 368.0793 365.3031 361.8467 355.7176 349.5885 343.4594 337.3302 330.7261 323.8846 317.043 310.2015 304.1183 303.09 302.0617 301.0334 300.0051 299.5879 299.5879 299.5879 299.5879 299.5879 299.5879 299.5879 299.5879 299.5879 299.6353 299.7261 299.817 299.9078 299.9987 300.0 300.0 300.0 300.0 300.0 300.0 300.0 300.0 300.0 300.0 300.0 300.0 300.0 300.0228 300.0834 300.144 300.2046 300.2651 300.6821 301.1667 301.6512 302.1358 302.6573 303.263
378.6557 380.5969 382.5382 384.4794 386.0506 386.6479 387.2452 387.8425 388.4398 386.3932 383.4134 380.4336 377.4538 373.6403 366.5516 359.463 352.3742 345.2855 337.4539 329.2507 321.0476 312.8445 305.5416 304.2399 302.9383 301.6366 300.3349 299.8067 299.8067 299.8067 299.8067 299.8067 299.8067 299.8067 299.8067 299.8067 299.8289 299.8716 299.9142 299.9568 299.9994 300.0 300.0 300.0 300.0 300.0 300.0 300.0 300.0 300.0 300.0 300.0 300.0 300.0 300.0107 300.0391 300.0675 300.0959 300.1243 300.3199 300.5471 300.7744 301.0017 301.2462 301.5303
390.7339 392.5241 394.3142 396.1043 397.5582 398.1273 398.6964 399.2654 399.8345 397.6327 394.453 391.2732 388.0935 383.9478 376.008 368.068 360.1281 352.1881 343.3018 333.9425 324.5831 315.2237 306.8833 305.3351 303.787 302.2389 300.6907 300.0543 300.0405 300.0267 300.013 300.0 300.0 300.0 300.0 300.0 300.0 300.0 300.0 300.0 300.0 300.0 300.0 300.0 300.0 300.0 300.0 300.0 300.0 300.0 300.0 300.0 300.0 300.0 300.0 300.0 300.0 300.0 300.0 300.0 300.0 300.0 300.0 300.0 300.0
392.815 394.2031 395.5912 396.9792 398.0975 398.5058 398.9141 399.3223 399.7306 397.36 394.0087 390.6574 387.3062 383.0173 375.0452 367.0731 359.101 351.1289 342.4964 333.5337 324.571 315.6083 307.6072 306.0162 304.4251 302.8341 301.2431 300.5192 300.3875 300.2558 300.1241 300.0 300.0 300.0 300.0 300.0 300.0 300.0 300.0 300.0 300.0 300.0 300.0 300.0 300.0 300.0 300.0 300.0 300.0 300.0 300.0 300.0 300.0 300.0 300.0 300.0 300.0 300.0 300.0 300.0 300.0 300.0 300.0 300.0 300.0
394.8961 395.8821 396.8681 397.8542 398.6368 398.8843 399.1317 399.3792 399.6266 397.0873 393.5645 390.0417 386.5188 382.0867 374.0825 366.0782 358.0739 350.0696 341.6909 333.1249 324.5589 315.9929 308.3311 306.6972 305.0633 303.4294 301.7955 300.9841 300.7345 300.4848 300.2352 300.0 300.0 300.0 300.0 300.0 300.0 300.0 300.0 300.0 300.0 300.0 300.0 300.0 300.0 300.0 300.0 300.0 300.0 300.0 300.0 300.0 300.0 300.0 300.0 300.0 300.0 300.0 300.0 300.0 300.0 300.0 300.0 300.0 300.0
396.9771 397.5611 398.1451 398.7291 399.1761 399.2628 399.3494 399.436 399.5226 396.8146 393.1203 389.4259 385.7315 381.1562 373.1198 365.0833 357.0469 349.0104 340.8854 332.7161 324.5468 316.3775 309.0551 307.3783 305.7014 304.0247 302.3479 301.449 301.0814 300.7138 300.3463 300.0 300.0 300.0 300.0 300.0 300.0 300.0 300.0 300.0 300.0 300.0 300.0 300.0 300.0 300.0 300.0 300.0 300.0 300.0 300.0 300.0 300.0 300.0 300.0 300.0 300.0 300.0 300.0 300.0 300.0 300.0 300.0 300.0 300.0
399.0582 399.2401 399.4221 399.604 399.7155 399.6413 399.5671 399.4929 399.4187 396.5419 392.676 388.8101 384.9442 380.2256 372.157 364.0884 356.0198 347.9512 340.0799 332.3073 324.5347 316.7621 309.779 308.0593 306.3396 304.6199 302.9002 301.9139 301.4284 300.9429 300.4574 300.0 300.0 300.0 300.0 300.0 300.0 300.0 300.0 300.0 300.0 300.0 300.0 300.0 300.0 300.0 300.0 300.0 300.0 300.0 300.0 300.0 300.0 300.0 300.0 300.0 300.0 300.0 300.0 300.0 300.0 300.0 300.0 300.0 300.0
