data/zism_data/00153_02_D.txt
ncols         224
nrows         224
[rows 29 to 57 of 224, columns 65 to 129 of 224]
1398.617 1398.984 1399.351 1399.719 1400.086 1400.454 1400.848 1401.278 1401.708 1402.139 1402.569 1402.944 1403.311 1403.678 1404.046 1404.355 1404.554 1404.754 1404.953 1405.152 1405.463 1405.799 1406.135 1406.47 1406.775 1406.995 1407.215 1407.436 1407.656 1407.954 1408.28 1408.605 1408.931 1409.258 1409.594 1409.93 1410.266 1410.602 1410.945 1411.291 1411.638 1411.984 1412.338 1412.736 1413.135 1413.534 1413.933 1414.313 1414.681 1415.048 1415.415 1415.783 1416.15 1416.518 1416.885 1417.252 1417.57 1417.843 1418.116 1418.389 1418.662 1419.111 1419.562 1420.014 1420.465
1398.617 1398.984 1399.351 1399.719 1400.086 1400.454 1400.834 1401.232 1401.63 1402.028 1402.426 1402.797 1403.164 1403.531 1403.899 1404.198 1404.371 1404.543 1404.716 1404.888 1405.206 1405.558 1405.911 1406.263 1406.568 1406.751 1406.933 1407.116 1407.298 1407.603 1407.95 1408.297 1408.644 1408.992 1409.344 1409.696 1410.048 1410.401 1410.756 1411.113 1411.471 1411.828 1412.188 1412.571 1412.954 1413.336 1413.719 1414.093 1414.46 1414.828 1415.195 1415.562 1415.93 1416.297 1416.665 1417.032 1417.336 1417.582 1417.828 1418.074 1418.319 1418.8 1419.284 1419.768 1420.251
1398.617 1398.984 1399.35 1399.715 1400.081 1400.446 1400.812 1401.18 1401.547 1401.914 1402.281 1402.648 1403.015 1403.381 1403.748 1404.038 1404.186 1404.333 1404.48 1404.628 1404.953 1405.32 1405.688 1406.055 1406.361 1406.509 1406.657 1406.805 1406.953 1407.263 1407.63 1407.998 1408.365 1408.733 1409.1 1409.467 1409.834 1410.201 1410.567 1410.932 1411.297 1411.661 1412.027 1412.394 1412.761 1413.129 1413.496 1413.864 1414.231 1414.599 1414.966 1415.333 1415.701 1416.068 1416.436 1416.803 1417.095 1417.317 1417.539 1417.762 1417.984 1418.492 1419.005 1419.517 1420.03
1398.617 1398.984 1399.319 1399.652 1399.985 1400.318 1400.663 1401.025 1401.387 1401.748 1402.11 1402.467 1402.823 1403.179 1403.535 1403.82 1403.973 1404.125 1404.278 1404.431 1404.753 1405.115 1405.476 1405.838 1406.145 1406.309 1406.474 1406.638 1406.802 1407.116 1407.484 1407.851 1408.218 1408.585 1408.946 1409.308 1409.67 1410.031 1410.366 1410.688 1411.01 1411.332 1411.659 1412.027 1412.394 1412.761 1413.129 1413.496 1413.864 1414.231 1414.599 1414.966 1415.333 1415.701 1416.068 1416.436 1416.744 1416.999 1417.254 1417.508 1417.763 1418.24 1418.72 1419.2 1419.68
1398.617 1398.984 1399.288 1399.588 1399.889 1400.19 1400.514 1400.87 1401.227 1401.583 1401.939 1402.286 1402.631 1402.976 1403.321 1403.601 1403.759 1403.917 1404.076 1404.234 1404.552 1404.909 1405.265 1405.621 1405.929 1406.11 1406.29 1406.47 1406.651 1406.969 1407.337 1407.704 1408.071 1408.437 1408.793 1409.149 1409.505 1409.862 1410.166 1410.445 1410.723 1411.002 1411.292 1411.659 1412.027 1412.394 1412.761 1413.129 1413.496 1413.864 1414.231 1414.599 1414.966 1415.333 1415.701 1416.068 1416.394 1416.681 1416.968 1417.255 1417.542 1417.988 1418.435 1418.883 1419.331
1398.617 1398.984 1399.257 1399.525 1399.793 1400.062 1400.365 1400.716 1401.067 1401.417 1401.768 1402.105 1402.439 1402.773 1403.108 1403.383 1403.546 1403.71 1403.873 1404.037 1404.352 1404.703 1405.054 1405.405 1405.713 1405.91 1406.106 1406.303 1406.499 1406.822 1407.19 1407.557 1407.924 1408.288 1408.639 1408.99 1409.341 1409.692 1409.966 1410.201 1410.437 1410.672 1410.924 1411.292 1411.659 1412.027 1412.394 1412.761 1413.129 1413.496 1413.864 1414.231 1414.599 1414.966 1415.333 1415.701 1416.043 1416.363 1416.682 1417.002 1417.321 1417.735 1418.151 1418.566 1418.981
1398.617 1398.984 1399.226 1399.462 1399.698 1399.933 1400.215 1400.561 1400.906 1401.252 1401.598 1401.924 1402.247 1402.571 1402.894 1403.164 1403.333 1403.502 1403.671 1403.84 1404.152 1404.497 1404.843 1405.188 1405.497 1405.71 1405.923 1406.135 1406.348 1406.675 1407.043 1407.41 1407.777 1408.14 1408.486 1408.831 1409.177 1409.522 1409.766 1409.958 1410.15 1410.342 1410.557 1410.924 1411.292 1411.659 1412.027 1412.394 1412.761 1413.129 1413.496 1413.864 1414.231 1414.599 1414.966 1415.333 1415.693 1416.045 1416.396 1416.748 1417.1 1417.483 1417.866 1418.249 1418.631
1398.622 1398.984 1399.197 1399.404 1399.61 1399.817 1400.073 1400.399 1400.725 1401.051 1401.377 1401.694 1402.01 1402.325 1402.641 1402.91 1403.093 1403.276 1403.458 1403.641 1403.945 1404.276 1404.608 1404.94 1405.245 1405.483 1405.72 1405.957 1406.195 1406.509 1406.851 1407.194 1407.536 1407.878 1408.224 1408.57 1408.916 1409.261 1409.506 1409.7 1409.894 1410.088 1410.303 1410.659 1411.015 1411.372 1411.728 1412.091 1412.458 1412.825 1413.193 1413.561 1413.939 1414.318 1414.697 1415.075 1415.451 1415.824 1416.197 1416.57 1416.943 1417.305 1417.667 1418.029 1418.391
1398.634 1398.985 1399.172 1399.351 1399.53 1399.71 1399.937 1400.231 1400.524 1400.818 1401.111 1401.42 1401.73 1402.04 1402.35 1402.624 1402.828 1403.032 1403.237 1403.441 1403.731 1404.041 1404.351 1404.661 1404.96 1405.23 1405.5 1405.77 1406.039 1406.327 1406.62 1406.914 1407.207 1407.512 1407.863 1408.214 1408.566 1408.917 1409.192 1409.429 1409.666 1409.903 1410.153 1410.488 1410.822 1411.157 1411.491 1411.846 1412.213 1412.58 1412.948 1413.317 1413.717 1414.118 1414.518 1414.918 1415.31 1415.694 1416.078 1416.462 1416.845 1417.197 1417.548 1417.899 1418.25
1398.645 1398.985 1399.146 1399.298 1399.45 1399.603 1399.801 1400.062 1400.323 1400.585 1400.846 1401.146 1401.45 1401.755 1402.06 1402.337 1402.563 1402.789 1403.015 1403.241 1403.518 1403.806 1404.095 1404.383 1404.675 1404.978 1405.28 1405.582 1405.884 1406.144 1406.389 1406.633 1406.878 1407.146 1407.502 1407.859 1408.215 1408.572 1408.878 1409.158 1409.438 1409.719 1410.004 1410.317 1410.629 1410.942 1411.255 1411.601 1411.968 1412.335 1412.703 1413.073 1413.495 1413.917 1414.339 1414.761 1415.169 1415.563 1415.958 1416.353 1416.747 1417.088 1417.428 1417.769 1418.109
1398.656 1398.986 1399.12 1399.245 1399.371 1399.496 1399.665 1399.894 1400.123 1400.351 1400.58 1400.871 1401.171 1401.47 1401.77 1402.051 1402.298 1402.546 1402.794 1403.041 1403.304 1403.571 1403.838 1404.105 1404.39 1404.725 1405.059 1405.394 1405.729 1405.961 1406.157 1406.353 1406.55 1406.78 1407.141 1407.503 1407.865 1408.227 1408.564 1408.887 1409.211 1409.534 1409.854 1410.145 1410.437 1410.728 1411.019 1411.356 1411.723 1412.091 1412.458 1412.83 1413.273 1413.717 1414.16 1414.604 1415.027 1415.433 1415.838 1416.244 1416.649 1416.979 1417.309 1417.638 1417.968
1398.668 1398.986 1399.094 1399.193 1399.291 1399.389 1399.529 1399.725 1399.922 1400.118 1400.314 1400.597 1400.891 1401.185 1401.479 1401.765 1402.034 1402.303 1402.572 1402.841 1403.091 1403.336 1403.581 1403.827 1404.105 1404.472 1404.839 1405.206 1405.573 1405.778 1405.926 1406.073 1406.221 1406.413 1406.781 1407.148 1407.515 1407.883 1408.25 1408.616 1408.983 1409.35 1409.704 1409.974 1410.244 1410.513 1410.783 1411.111 1411.478 1411.846 1412.213 1412.586 1413.051 1413.516 1413.981 1414.446 1414.886 1415.302 1415.719 1416.135 1416.551 1416.871 1417.189 1417.508 1417.827
1398.523 1398.772 1398.902 1399.026 1399.151 1399.276 1399.432 1399.634 1399.835 1400.036 1400.238 1400.464 1400.694 1400.925 1401.155 1401.406 1401.696 1401.987 1402.278 1402.569 1402.831 1403.086 1403.342 1403.598 1403.875 1404.211 1404.546 1404.882 1405.217 1405.413 1405.56 1405.707 1405.854 1406.046 1406.413 1406.781 1407.148 1407.516 1407.915 1408.33 1408.745 1409.161 1409.56 1409.85 1410.141 1410.432 1410.723 1411.031 1411.35 1411.67 1411.989 1412.318 1412.811 1413.303 1413.795 1414.287 1414.734 1415.139 1415.545 1415.951 1416.357 1416.687 1417.016 1417.345 1417.674
1398.375 1398.555 1398.707 1398.859 1399.01 1399.162 1399.337 1399.543 1399.75 1399.957 1400.163 1400.334 1400.499 1400.664 1400.829 1401.046 1401.358 1401.67 1401.983 1402.295 1402.57 1402.837 1403.103 1403.369 1403.646 1403.949 1404.252 1404.555 1404.858 1405.046 1405.193 1405.34 1405.487 1405.678 1406.046 1406.413 1406.781 1407.148 1407.58 1408.044 1408.508 1408.972 1409.416 1409.728 1410.04 1410.353 1410.665 1410.953 1411.224 1411.495 1411.765 1412.051 1412.57 1413.089 1413.608 1414.127 1414.581 1414.976 1415.371 1415.766 1416.161 1416.501 1416.841 1417.181 1417.521
1398.228 1398.337 1398.513 1398.691 1398.87 1399.048 1399.241 1399.453 1399.665 1399.877 1400.089 1400.203 1400.303 1400.404 1400.504 1400.686 1401.02 1401.354 1401.688 1402.022 1402.309 1402.587 1402.864 1403.141 1403.416 1403.687 1403.958 1404.229 1404.499 1404.678 1404.825 1404.972 1405.119 1405.311 1405.678 1406.046 1406.413 1406.781 1407.245 1407.757 1408.27 1408.782 1409.271 1409.605 1409.939 1410.273 1410.607 1410.875 1411.097 1411.319 1411.542 1411.783 1412.329 1412.875 1413.421 1413.967 1414.428 1414.813 1415.197 1415.581 1415.965 1416.316 1416.667 1417.017 1417.368
1398.081 1398.12 1398.318 1398.524 1398.729 1398.935 1399.145 1399.363 1399.58 1399.798 1400.015 1400.072 1400.108 1400.143 1400.179 1400.326 1400.682 1401.037 1401.393 1401.748 1402.049 1402.337 1402.625 1402.913 1403.187 1403.425 1403.664 1403.902 1404.14 1404.311 1404.458 1404.605 1404.752 1404.943 1405.311 1405.678 1406.046 1406.413 1406.91 1407.471 1408.032 1408.593 1409.127 1409.483 1409.838 1410.194 1410.549 1410.797 1410.971 1411.144 1411.318 1411.515 1412.088 1412.661 1413.234 1413.807 1414.276 1414.649 1415.022 1415.396 1415.769 1416.131 1416.492 1416.854 1417.215
1398.0 1398.0 1398.211 1398.431 1398.652 1398.872 1399.084 1399.286 1399.487 1399.688 1399.889 1399.916 1399.921 1399.926 1399.931 1400.056 1400.406 1400.757 1401.107 1401.458 1401.758 1402.047 1402.336 1402.625 1402.896 1403.116 1403.337 1403.557 1403.777 1403.96 1404.128 1404.297 1404.466 1404.675 1405.043 1405.41 1405.777 1406.145 1406.654 1407.235 1407.816 1408.396 1408.949 1409.316 1409.684 1410.051 1410.418 1410.668 1410.837 1411.005 1411.174 1411.367 1411.955 1412.543 1413.131 1413.719 1414.192 1414.559 1414.927 1415.294 1415.661 1416.029 1416.396 1416.764 1417.131
1398.0 1398.0 1398.211 1398.431 1398.652 1398.872 1399.066 1399.224 1399.382 1399.54 1399.698 1399.73 1399.745 1399.761 1399.777 1399.896 1400.208 1400.521 1400.834 1401.146 1401.431 1401.709 1401.988 1402.266 1402.528 1402.749 1402.969 1403.19 1403.41 1403.628 1403.846 1404.063 1404.28 1404.528 1404.896 1405.263 1405.63 1405.998 1406.497 1407.061 1407.625 1408.19 1408.728 1409.096 1409.463 1409.831 1410.198 1410.476 1410.694 1410.911 1411.129 1411.367 1411.955 1412.543 1413.131 1413.719 1414.192 1414.559 1414.927 1415.294 1415.661 1416.029 1416.396 1416.764 1417.131
1398.0 1398.0 1398.211 1398.431 1398.652 1398.872 1399.048 1399.163 1399.277 1399.392 1399.507 1399.543 1399.57 1399.596 1399.623 1399.736 1400.01 1400.285 1400.56 1400.835 1401.104 1401.371 1401.639 1401.906 1402.161 1402.381 1402.602 1402.822 1403.043 1403.297 1403.563 1403.829 1404.095 1404.381 1404.749 1405.116 1405.484 1405.851 1406.339 1406.887 1407.435 1407.983 1408.508 1408.875 1409.243 1409.61 1409.978 1410.285 1410.551 1410.817 1411.083 1411.367 1411.955 1412.543 1413.131 1413.719 1414.192 1414.559 1414.927 1415.294 1415.661 1416.029 1416.396 1416.764 1417.131
1398.0 1398.0 1398.211 1398.431 1398.652 1398.872 1399.03 1399.101 1399.173 1399.244 1399.316 1399.357 1399.394 1399.432 1399.469 1399.575 1399.813 1400.05 1400.287 1400.524 1400.777 1401.033 1401.29 1401.547 1401.793 1402.014 1402.234 1402.455 1402.675 1402.965 1403.28 1403.594 1403.909 1404.234 1404.602 1404.969 1405.337 1405.704 1406.181 1406.713 1407.245 1407.777 1408.288 1408.655 1409.022 1409.39 1409.757 1410.093 1410.408 1410.722 1411.037 1411.367 1411.955 1412.543 1413.131 1413.719 1414.192 1414.559 1414.927 1415.294 1415.661 1416.029 1416.396 1416.764 1417.131
1398.0 1398.0 1398.211 1398.431 1398.652 1398.872 1399.012 1399.04 1399.068 1399.097 1399.125 1399.171 1399.219 1399.267 1399.315 1399.415 1399.615 1399.814 1400.013 1400.212 1400.449 1400.695 1400.941 1401.187 1401.426 1401.646 1401.867 1402.087 1402.308 1402.634 1402.997 1403.36 1403.723 1404.087 1404.455 1404.822 1405.19 1405.557 1406.023 1406.539 1407.055 1407.571 1408.067 1408.434 1408.802 1409.169 1409.537 1409.902 1410.265 1410.628 1410.991 1411.367 1411.955 1412.543 1413.131 1413.719 1414.192 1414.559 1414.927 1415.294 1415.661 1416.029 1416.396 1416.764 1417.131
1398.16 1398.2 1398.37 1398.546 1398.722 1398.898 1399.008 1399.028 1399.047 1399.067 1399.086 1399.123 1399.162 1399.202 1399.241 1399.333 1399.524 1399.715 1399.906 1400.097 1400.299 1400.505 1400.71 1400.916 1401.126 1401.346 1401.567 1401.787 1402.007 1402.369 1402.781 1403.193 1403.605 1404.007 1404.375 1404.742 1405.11 1405.477 1405.923 1406.408 1406.892 1407.377 1407.852 1408.264 1408.676 1409.088 1409.5 1409.885 1410.252 1410.62 1410.987 1411.367 1411.94 1412.513 1413.086 1413.659 1414.125 1414.492 1414.859 1415.227 1415.594 1415.971 1416.349 1416.726 1417.103
1398.335 1398.418 1398.544 1398.671 1398.799 1398.926 1399.006 1399.02 1399.034 1399.048 1399.063 1399.089 1399.118 1399.146 1399.174 1399.257 1399.443 1399.629 1399.814 1400.0 1400.167 1400.329 1400.491 1400.653 1400.832 1401.052 1401.273 1401.493 1401.714 1402.111 1402.572 1403.032 1403.492 1403.934 1404.301 1404.669 1405.036 1405.404 1405.828 1406.28 1406.733 1407.185 1407.638 1408.099 1408.559 1409.019 1409.48 1409.885 1410.252 1410.62 1410.987 1411.366 1411.922 1412.479 1413.036 1413.593 1414.051 1414.419 1414.786 1415.153 1415.521 1415.909 1416.297 1416.685 1417.073
1398.511 1398.637 1398.718 1398.797 1398.875 1398.954 1399.004 1399.012 1399.021 1399.03 1399.039 1399.055 1399.073 1399.09 1399.108 1399.182 1399.362 1399.542 1399.723 1399.903 1400.033 1400.153 1400.272 1400.391 1400.538 1400.758 1400.979 1401.199 1401.42 1401.853 1402.362 1402.871 1403.38 1403.86 1404.228 1404.595 1404.963 1405.33 1405.733 1406.153 1406.573 1406.993 1407.424 1407.933 1408.442 1408.951 1409.46 1409.885 1410.252 1410.62 1410.987 1411.365 1411.905 1412.446 1412.987 1413.527 1413.978 1414.345 1414.713 1415.08 1415.447 1415.846 1416.245 1416.643 1417.042
1398.686 1398.855 1398.892 1398.922 1398.952 1398.982 1399.001 1399.005 1399.008 1399.011 1399.015 1399.021 1399.028 1399.035 1399.041 1399.107 1399.281 1399.456 1399.631 1399.806 1399.9 1399.976 1400.052 1400.128 1400.244 1400.464 1400.685 1400.905 1401.126 1401.595 1402.153 1402.71 1403.268 1403.787 1404.154 1404.522 1404.889 1405.257 1405.638 1406.025 1406.413 1406.8 1407.21 1407.768 1408.325 1408.883 1409.44 1409.885 1410.252 1410.62 1410.987 1411.364 1411.888 1412.413 1412.937 1413.462 1413.904 1414.272 1414.639 1415.006 1415.374 1415.783 1416.193 1416.602 1417.012
1398.813 1398.992 1399.0 1399.0 1399.0 1399.0 1399.0 1399.0 1399.0 1399.0 1399.0 1399.016 1399.035 1399.053 1399.071 1399.138 1399.295 1399.452 1399.609 1399.767 1399.838 1399.889 1399.94 1399.991 1400.092 1400.324 1400.557 1400.79 1401.022 1401.504 1402.074 1402.643 1403.213 1403.741 1404.109 1404.476 1404.844 1405.211 1405.578 1405.946 1406.313 1406.681 1407.077 1407.665 1408.252 1408.84 1409.428 1409.885 1410.252 1410.62 1410.987 1411.362 1411.865 1412.367 1412.869 1413.371 1413.803 1414.17 1414.538 1414.905 1415.273 1415.684 1416.097 1416.509 1416.921
1398.858 1398.994 1399.0 1399.0 1399.0 1399.0 1399.0 1399.0 1399.0 1399.0 1399.0 1399.059 1399.126 1399.193 1399.26 1399.345 1399.464 1399.584 1399.703 1399.823 1399.891 1399.947 1400.004 1400.06 1400.174 1400.439 1400.704 1400.969 1401.234 1401.689 1402.209 1402.73 1403.251 1403.741 1404.109 1404.476 1404.844 1405.211 1405.578 1405.946 1406.313 1406.681 1407.077 1407.665 1408.252 1408.84 1409.428 1409.885 1410.252 1410.62 1410.987 1411.361 1411.83 1412.3 1412.77 1413.24 1413.656 1414.023 1414.391 1414.758 1415.126 1415.527 1415.928 1416.33 1416.731
1398.903 1398.996 1399.0 1399.0 1399.0 1399.0 1399.0 1399.0 1399.0 1399.0 1399.0 1399.102 1399.218 1399.333 1399.449 1399.552 1399.634 1399.716 1399.797 1399.879 1399.944 1400.006 1400.068 1400.13 1400.257 1400.554 1400.851 1401.149 1401.446 1401.873 1402.345 1402.818 1403.29 1403.741 1404.109 1404.476 1404.844 1405.211 1405.578 1405.946 1406.313 1406.681 1407.077 1407.665 1408.252 1408.84 1409.428 1409.885 1410.252 1410.62 1410.987 1411.359 1411.796 1412.234 1412.671 1413.108 1413.509 1413.876 1414.244 1414.611 1414.979 1415.369 1415.76 1416.151 1416.541
1398.948 1398.998 1399.0 1399.0 1399.0 1399.0 1399.0 1399.0 1399.0 1399.0 1399.0 1399.145 1399.309 1399.473 1399.637 1399.76 1399.803 1399.847 1399.891 1399.935 1399.998 1400.065 1400.132 1400.199 1400.339 1400.669 1400.999 1401.328 1401.658 1402.058 1402.481 1402.905 1403.329 1403.741 1404.109 1404.476 1404.844 1405.211 1405.578 1405.946 1406.313 1406.681 1407.077 1407.665 1408.252 1408.84 1409.428 1409.885 1410.252 1410.62 1410.987 1411.357 1411.762 1412.167 1412.572 1412.977 1413.362 1413.729 1414.097 1414.464 1414.832 1415.212 1415.591 1415.971 1416.351
