data/zism_data/00156_04_D.txt
ncols         224
nrows         224
[rows 196 to 223 of 224, columns 0 to 62 of 224]
1470.339 1470.588 1470.683 1470.778 1470.873 1470.968 1471.079 1471.2 1471.32 1471.44 1471.534 1471.372 1471.21 1471.048 1470.886 1470.65 1470.348 1470.046 1469.743 1469.441 1469.266 1469.094 1468.922 1468.75 1468.568 1468.37 1468.173 1467.975 1467.778 1467.544 1467.303 1467.062 1466.821 1466.572 1466.301 1466.03 1465.76 1465.489 1465.309 1465.162 1465.016 1464.87 1464.712 1464.489 1464.265 1464.042 1463.819 1463.595 1463.37 1463.145 1462.919 1462.7 1462.627 1462.554 1462.481 1462.407 1462.235 1461.953 1461.67 1461.388 1461.106 1460.919 1460.741
1470.192 1470.448 1470.575 1470.703 1470.829 1470.956 1471.09 1471.226 1471.363 1471.499 1471.607 1471.44 1471.273 1471.105 1470.938 1470.71 1470.43 1470.149 1469.868 1469.588 1469.428 1469.272 1469.117 1468.961 1468.801 1468.636 1468.471 1468.306 1468.14 1467.884 1467.611 1467.338 1467.064 1466.801 1466.563 1466.324 1466.086 1465.848 1465.676 1465.53 1465.384 1465.238 1465.087 1464.912 1464.737 1464.562 1464.387 1464.167 1463.915 1463.663 1463.411 1463.165 1463.092 1463.019 1462.946 1462.873 1462.69 1462.386 1462.083 1461.779 1461.475 1461.276 1461.088
1470.134 1470.389 1470.55 1470.711 1470.873 1471.034 1471.181 1471.321 1471.46 1471.6 1471.711 1471.549 1471.387 1471.226 1471.064 1470.851 1470.594 1470.337 1470.08 1469.823 1469.667 1469.515 1469.362 1469.21 1469.06 1468.917 1468.772 1468.629 1468.484 1468.213 1467.919 1467.624 1467.33 1467.059 1466.846 1466.633 1466.421 1466.208 1466.047 1465.905 1465.763 1465.621 1465.478 1465.328 1465.177 1465.027 1464.876 1464.662 1464.405 1464.148 1463.891 1463.64 1463.561 1463.481 1463.401 1463.322 1463.128 1462.807 1462.486 1462.165 1461.844 1461.638 1461.443
1470.203 1470.446 1470.645 1470.844 1471.043 1471.242 1471.391 1471.515 1471.638 1471.761 1471.86 1471.72 1471.579 1471.439 1471.299 1471.111 1470.88 1470.65 1470.42 1470.19 1470.019 1469.851 1469.682 1469.513 1469.357 1469.218 1469.079 1468.941 1468.802 1468.527 1468.227 1467.927 1467.628 1467.357 1467.161 1466.964 1466.768 1466.571 1466.422 1466.291 1466.16 1466.029 1465.893 1465.732 1465.57 1465.409 1465.248 1465.045 1464.815 1464.585 1464.355 1464.13 1464.034 1463.938 1463.842 1463.747 1463.539 1463.207 1462.876 1462.544 1462.212 1462.005 1461.811
1470.273 1470.503 1470.74 1470.976 1471.213 1471.449 1471.601 1471.708 1471.816 1471.923 1472.009 1471.89 1471.771 1471.652 1471.534 1471.37 1471.167 1470.963 1470.76 1470.557 1470.371 1470.186 1470.001 1469.816 1469.653 1469.519 1469.386 1469.253 1469.12 1468.841 1468.536 1468.231 1467.925 1467.656 1467.475 1467.295 1467.115 1466.934 1466.797 1466.677 1466.556 1466.436 1466.307 1466.135 1465.964 1465.792 1465.62 1465.429 1465.226 1465.022 1464.819 1464.619 1464.507 1464.395 1464.283 1464.172 1463.95 1463.608 1463.266 1462.923 1462.581 1462.373 1462.178
1470.343 1470.56 1470.834 1471.109 1471.383 1471.657 1471.811 1471.902 1471.993 1472.085 1472.158 1472.061 1471.963 1471.866 1471.769 1471.629 1471.453 1471.276 1471.1 1470.923 1470.723 1470.522 1470.321 1470.12 1469.949 1469.821 1469.693 1469.565 1469.437 1469.155 1468.844 1468.534 1468.223 1467.954 1467.79 1467.626 1467.461 1467.297 1467.172 1467.063 1466.953 1466.844 1466.722 1466.54 1466.357 1466.174 1465.991 1465.812 1465.636 1465.459 1465.283 1465.108 1464.98 1464.852 1464.724 1464.596 1464.362 1464.009 1463.655 1463.302 1462.949 1462.74 1462.545
1470.413 1470.618 1470.929 1471.241 1471.553 1471.864 1472.021 1472.096 1472.171 1472.246 1472.307 1472.231 1472.155 1472.079 1472.004 1471.888 1471.739 1471.589 1471.439 1471.29 1471.075 1470.858 1470.641 1470.423 1470.245 1470.122 1470.0 1469.877 1469.755 1469.469 1469.153 1468.837 1468.521 1468.253 1468.105 1467.956 1467.808 1467.66 1467.547 1467.449 1467.35 1467.251 1467.137 1466.943 1466.75 1466.557 1466.363 1466.196 1466.046 1465.897 1465.747 1465.598 1465.453 1465.309 1465.165 1465.021 1464.773 1464.409 1464.045 1463.681 1463.317 1463.108 1462.913
1470.692 1470.898 1471.196 1471.494 1471.792 1472.089 1472.23 1472.29 1472.349 1472.408 1472.456 1472.396 1472.337 1472.278 1472.219 1472.129 1472.011 1471.893 1471.774 1471.656 1471.44 1471.221 1471.002 1470.782 1470.595 1470.455 1470.314 1470.174 1470.034 1469.76 1469.462 1469.164 1468.866 1468.611 1468.465 1468.319 1468.173 1468.027 1467.909 1467.802 1467.696 1467.589 1467.469 1467.284 1467.098 1466.913 1466.727 1466.565 1466.419 1466.273 1466.127 1465.981 1465.835 1465.689 1465.542 1465.396 1465.166 1464.843 1464.52 1464.196 1463.873 1463.637 1463.409
1471.002 1471.211 1471.488 1471.764 1472.041 1472.317 1472.44 1472.483 1472.526 1472.569 1472.604 1472.561 1472.518 1472.475 1472.432 1472.366 1472.281 1472.195 1472.109 1472.023 1471.807 1471.588 1471.369 1471.15 1470.954 1470.792 1470.63 1470.468 1470.306 1470.047 1469.771 1469.495 1469.218 1468.979 1468.833 1468.686 1468.54 1468.394 1468.269 1468.151 1468.034 1467.916 1467.79 1467.615 1467.44 1467.265 1467.09 1466.933 1466.787 1466.641 1466.494 1466.348 1466.202 1466.056 1465.91 1465.764 1465.556 1465.281 1465.006 1464.731 1464.457 1464.191 1463.925
1471.312 1471.525 1471.78 1472.035 1472.29 1472.545 1472.65 1472.677 1472.704 1472.731 1472.753 1472.726 1472.699 1472.672 1472.645 1472.604 1472.55 1472.497 1472.443 1472.389 1472.175 1471.956 1471.736 1471.517 1471.313 1471.129 1470.946 1470.762 1470.579 1470.335 1470.08 1469.825 1469.57 1469.346 1469.2 1469.054 1468.908 1468.762 1468.628 1468.5 1468.372 1468.244 1468.11 1467.946 1467.782 1467.618 1467.453 1467.3 1467.154 1467.008 1466.862 1466.716 1466.57 1466.423 1466.277 1466.131 1465.947 1465.72 1465.493 1465.267 1465.04 1464.744 1464.441
1471.622 1471.839 1472.072 1472.306 1472.539 1472.773 1472.86 1472.871 1472.882 1472.892 1472.901 1472.89 1472.88 1472.869 1472.858 1472.842 1472.82 1472.799 1472.777 1472.756 1472.542 1472.323 1472.104 1471.885 1471.671 1471.466 1471.262 1471.057 1470.852 1470.623 1470.389 1470.156 1469.922 1469.714 1469.567 1469.421 1469.275 1469.129 1468.988 1468.849 1468.71 1468.571 1468.43 1468.276 1468.123 1467.97 1467.817 1467.668 1467.521 1467.375 1467.229 1467.083 1466.937 1466.791 1466.645 1466.499 1466.337 1466.159 1465.98 1465.802 1465.624 1465.298 1464.957
1471.893 1472.105 1472.322 1472.54 1472.757 1472.974 1473.06 1473.076 1473.092 1473.108 1473.122 1473.122 1473.122 1473.122 1473.122 1473.117 1473.106 1473.095 1473.084 1473.074 1472.871 1472.663 1472.454 1472.246 1472.033 1471.814 1471.594 1471.375 1471.156 1470.946 1470.738 1470.529 1470.321 1470.13 1469.984 1469.838 1469.692 1469.545 1469.395 1469.244 1469.092 1468.941 1468.792 1468.656 1468.521 1468.386 1468.25 1468.103 1467.948 1467.793 1467.638 1467.483 1467.33 1467.176 1467.023 1466.87 1466.72 1466.574 1466.427 1466.281 1466.135 1465.799 1465.444
1472.085 1472.275 1472.487 1472.699 1472.911 1473.123 1473.238 1473.303 1473.367 1473.432 1473.49 1473.49 1473.49 1473.49 1473.49 1473.467 1473.424 1473.381 1473.338 1473.295 1473.123 1472.947 1472.77 1472.594 1472.4 1472.181 1471.962 1471.743 1471.523 1471.341 1471.164 1470.988 1470.812 1470.644 1470.498 1470.352 1470.206 1470.06 1469.898 1469.73 1469.563 1469.395 1469.238 1469.135 1469.032 1468.928 1468.825 1468.675 1468.493 1468.311 1468.129 1467.948 1467.773 1467.598 1467.423 1467.248 1467.087 1466.941 1466.795 1466.649 1466.503 1466.196 1465.873
1472.278 1472.445 1472.652 1472.859 1473.065 1473.272 1473.417 1473.53 1473.642 1473.755 1473.857 1473.857 1473.857 1473.857 1473.857 1473.817 1473.742 1473.667 1473.592 1473.517 1473.375 1473.23 1473.086 1472.942 1472.768 1472.548 1472.329 1472.11 1471.891 1471.735 1471.591 1471.447 1471.303 1471.159 1471.012 1470.866 1470.72 1470.574 1470.401 1470.217 1470.033 1469.85 1469.684 1469.613 1469.542 1469.471 1469.4 1469.247 1469.038 1468.829 1468.62 1468.412 1468.216 1468.02 1467.823 1467.627 1467.455 1467.308 1467.162 1467.016 1466.87 1466.593 1466.302
1472.47 1472.616 1472.817 1473.018 1473.219 1473.421 1473.596 1473.757 1473.918 1474.079 1474.225 1474.225 1474.225 1474.225 1474.225 1474.167 1474.06 1473.953 1473.845 1473.738 1473.626 1473.514 1473.403 1473.291 1473.135 1472.916 1472.697 1472.478 1472.258 1472.13 1472.018 1471.906 1471.795 1471.673 1471.527 1471.381 1471.235 1471.088 1470.903 1470.704 1470.504 1470.304 1470.13 1470.091 1470.053 1470.014 1469.975 1469.818 1469.583 1469.347 1469.112 1468.877 1468.659 1468.441 1468.223 1468.006 1467.822 1467.676 1467.53 1467.384 1467.237 1466.989 1466.731
1472.663 1472.786 1472.982 1473.178 1473.374 1473.57 1473.774 1473.984 1474.193 1474.403 1474.592 1474.592 1474.592 1474.592 1474.592 1474.518 1474.378 1474.239 1474.099 1473.959 1473.878 1473.798 1473.719 1473.639 1473.502 1473.283 1473.064 1472.845 1472.626 1472.525 1472.445 1472.365 1472.286 1472.187 1472.041 1471.895 1471.749 1471.603 1471.406 1471.19 1470.974 1470.758 1470.576 1470.57 1470.563 1470.557 1470.55 1470.39 1470.128 1469.865 1469.603 1469.341 1469.102 1468.863 1468.624 1468.384 1468.189 1468.043 1467.897 1467.751 1467.605 1467.386 1467.16
1472.972 1473.095 1473.294 1473.493 1473.692 1473.891 1474.104 1474.323 1474.542 1474.761 1474.959 1474.959 1474.959 1474.959 1474.959 1474.895 1474.775 1474.654 1474.534 1474.414 1474.297 1474.182 1474.066 1473.95 1473.799 1473.597 1473.395 1473.193 1472.99 1472.898 1472.825 1472.751 1472.678 1472.584 1472.438 1472.292 1472.146 1472.0 1471.829 1471.648 1471.468 1471.287 1471.129 1471.091 1471.052 1471.013 1470.975 1470.804 1470.545 1470.286 1470.026 1469.768 1469.528 1469.289 1469.05 1468.81 1468.615 1468.469 1468.323 1468.177 1468.031 1467.826 1467.615
1473.31 1473.439 1473.643 1473.848 1474.052 1474.257 1474.471 1474.69 1474.909 1475.129 1475.327 1475.327 1475.327 1475.327 1475.327 1475.28 1475.192 1475.103 1475.015 1474.927 1474.76 1474.59 1474.421 1474.251 1474.077 1473.896 1473.716 1473.535 1473.355 1473.265 1473.192 1473.119 1473.046 1472.952 1472.806 1472.66 1472.514 1472.367 1472.231 1472.099 1471.967 1471.834 1471.709 1471.622 1471.536 1471.449 1471.362 1471.178 1470.929 1470.681 1470.432 1470.184 1469.95 1469.716 1469.482 1469.249 1469.056 1468.91 1468.764 1468.618 1468.472 1468.277 1468.077
1473.649 1473.783 1473.993 1474.203 1474.412 1474.622 1474.838 1475.058 1475.277 1475.496 1475.694 1475.694 1475.694 1475.694 1475.694 1475.665 1475.609 1475.552 1475.496 1475.44 1475.222 1474.999 1474.776 1474.552 1474.355 1474.196 1474.037 1473.878 1473.719 1473.632 1473.559 1473.486 1473.413 1473.319 1473.173 1473.027 1472.881 1472.735 1472.634 1472.55 1472.466 1472.381 1472.289 1472.154 1472.019 1471.884 1471.749 1471.552 1471.314 1471.076 1470.838 1470.601 1470.372 1470.144 1469.915 1469.687 1469.497 1469.351 1469.205 1469.059 1468.913 1468.727 1468.538
1473.988 1474.127 1474.342 1474.557 1474.773 1474.988 1475.206 1475.425 1475.644 1475.863 1476.062 1476.062 1476.062 1476.062 1476.062 1476.049 1476.025 1476.001 1475.978 1475.954 1475.684 1475.407 1475.13 1474.854 1474.634 1474.496 1474.358 1474.221 1474.083 1474.0 1473.927 1473.854 1473.781 1473.687 1473.541 1473.395 1473.248 1473.102 1473.036 1473.0 1472.965 1472.929 1472.869 1472.686 1472.502 1472.319 1472.135 1471.926 1471.699 1471.472 1471.244 1471.017 1470.794 1470.571 1470.348 1470.125 1469.938 1469.792 1469.646 1469.5 1469.354 1469.178 1469.0
1474.336 1474.477 1474.696 1474.916 1475.135 1475.354 1475.57 1475.785 1476.0 1476.215 1476.41 1476.415 1476.419 1476.423 1476.427 1476.429 1476.429 1476.429 1476.429 1476.429 1476.127 1475.816 1475.505 1475.194 1474.958 1474.831 1474.704 1474.576 1474.449 1474.371 1474.302 1474.233 1474.164 1474.072 1473.922 1473.772 1473.621 1473.471 1473.426 1473.422 1473.418 1473.414 1473.375 1473.161 1472.946 1472.73 1472.516 1472.298 1472.079 1471.86 1471.64 1471.422 1471.211 1471.0 1470.789 1470.578 1470.398 1470.252 1470.106 1469.96 1469.814 1469.643 1469.47
1474.712 1474.845 1475.064 1475.283 1475.502 1475.721 1475.927 1476.126 1476.325 1476.524 1476.706 1476.726 1476.746 1476.767 1476.787 1476.797 1476.797 1476.797 1476.797 1476.797 1476.516 1476.226 1475.937 1475.647 1475.415 1475.266 1475.117 1474.968 1474.819 1474.752 1474.699 1474.646 1474.594 1474.509 1474.342 1474.176 1474.009 1473.843 1473.782 1473.762 1473.741 1473.721 1473.672 1473.473 1473.274 1473.075 1472.876 1472.665 1472.446 1472.227 1472.008 1471.79 1471.612 1471.433 1471.254 1471.076 1470.913 1470.766 1470.62 1470.474 1470.328 1470.147 1469.963
1475.088 1475.212 1475.431 1475.65 1475.87 1476.089 1476.284 1476.467 1476.65 1476.832 1477.001 1477.038 1477.074 1477.111 1477.147 1477.164 1477.164 1477.164 1477.164 1477.164 1476.904 1476.636 1476.368 1476.1 1475.871 1475.701 1475.531 1475.36 1475.19 1475.133 1475.096 1475.06 1475.023 1474.945 1474.762 1474.58 1474.397 1474.215 1474.138 1474.101 1474.065 1474.028 1473.969 1473.786 1473.603 1473.42 1473.237 1473.033 1472.814 1472.594 1472.375 1472.159 1472.012 1471.866 1471.72 1471.573 1471.427 1471.281 1471.135 1470.989 1470.842 1470.652 1470.457
1475.464 1475.579 1475.799 1476.018 1476.237 1476.456 1476.641 1476.808 1476.974 1477.141 1477.297 1477.349 1477.402 1477.454 1477.507 1477.531 1477.531 1477.531 1477.531 1477.531 1477.292 1477.045 1476.799 1476.552 1476.328 1476.136 1475.944 1475.753 1475.561 1475.514 1475.494 1475.473 1475.452 1475.381 1475.182 1474.984 1474.785 1474.587 1474.493 1474.441 1474.388 1474.336 1474.265 1474.098 1473.932 1473.765 1473.598 1473.4 1473.181 1472.962 1472.743 1472.527 1472.413 1472.299 1472.185 1472.071 1471.941 1471.795 1471.649 1471.503 1471.357 1471.156 1470.951
1475.839 1475.947 1476.166 1476.385 1476.604 1476.824 1476.998 1477.148 1477.299 1477.449 1477.592 1477.661 1477.729 1477.798 1477.867 1477.899 1477.899 1477.899 1477.899 1477.899 1477.68 1477.455 1477.23 1477.005 1476.785 1476.571 1476.358 1476.145 1475.932 1475.895 1475.891 1475.886 1475.882 1475.818 1475.603 1475.388 1475.173 1474.958 1474.849 1474.781 1474.712 1474.643 1474.562 1474.411 1474.26 1474.11 1473.959 1473.768 1473.548 1473.329 1473.11 1472.896 1472.814 1472.732 1472.65 1472.568 1472.456 1472.31 1472.163 1472.017 1471.871 1471.661 1471.445
1476.312 1476.432 1476.625 1476.816 1477.008 1477.2 1477.362 1477.508 1477.654 1477.801 1477.94 1478.013 1478.086 1478.159 1478.232 1478.266 1478.266 1478.266 1478.266 1478.266 1478.053 1477.834 1477.615 1477.396 1477.189 1477.001 1476.813 1476.625 1476.437 1476.382 1476.351 1476.32 1476.288 1476.21 1476.015 1475.819 1475.623 1475.427 1475.312 1475.227 1475.142 1475.057 1474.961 1474.803 1474.645 1474.487 1474.33 1474.135 1473.916 1473.697 1473.477 1473.263 1473.174 1473.086 1472.997 1472.908 1472.8 1472.669 1472.539 1472.408 1472.278 1472.098 1471.914
1476.822 1476.963 1477.118 1477.272 1477.426 1477.581 1477.73 1477.876 1478.022 1478.168 1478.307 1478.38 1478.453 1478.526 1478.599 1478.634 1478.634 1478.634 1478.634 1478.634 1478.421 1478.202 1477.982 1477.763 1477.574 1477.429 1477.284 1477.139 1476.994 1476.909 1476.835 1476.761 1476.687 1476.587 1476.423 1476.26 1476.096 1475.932 1475.814 1475.713 1475.613 1475.512 1475.399 1475.225 1475.051 1474.877 1474.703 1474.502 1474.283 1474.064 1473.845 1473.63 1473.52 1473.409 1473.299 1473.189 1473.08 1472.97 1472.861 1472.752 1472.643 1472.51 1472.374
1477.331 1477.494 1477.611 1477.727 1477.844 1477.961 1478.097 1478.243 1478.389 1478.535 1478.675 1478.748 1478.821 1478.894 1478.967 1479.001 1479.001 1479.001 1479.001 1479.001 1478.788 1478.569 1478.35 1478.131 1477.959 1477.857 1477.755 1477.653 1477.551 1477.436 1477.319 1477.202 1477.085 1476.964 1476.832 1476.701 1476.569 1476.438 1476.317 1476.2 1476.083 1475.966 1475.837 1475.647 1475.457 1475.267 1475.077 1474.87 1474.651 1474.431 1474.212 1473.996 1473.865 1473.733 1473.602 1473.47 1473.359 1473.272 1473.184 1473.096 1473.009 1472.921 1472.834
