data/zism_data/00150_04_D.txt
ncols         224
nrows         224
[rows 28 to 55 of 224, columns 0 to 63 of 224]
1424.429 1421.002 1417.631 1414.259 1410.887 1407.515 1403.432 1398.977 1394.522 1390.067 1386.065 1386.376 1386.688 1387.0 1387.312 1388.523 1390.521 1392.52 1394.519 1396.517 1395.24 1393.865 1392.49 1391.114 1387.45 1380.477 1373.503 1366.529 1359.555 1355.518 1352.013 1348.508 1345.003 1343.729 1348.059 1352.39 1356.721 1361.052 1366.515 1372.412 1378.309 1384.206 1389.524 1391.812 1394.1 1396.388 1398.676 1399.647 1399.736 1399.825 1399.914 1399.985 1399.585 1399.184 1398.784 1398.384 1397.179 1395.085 1392.99 1390.896 1388.801 1383.344 1377.564 1371.785
1423.206 1420.46 1417.617 1414.775 1411.932 1409.09 1405.557 1401.664 1397.77 1393.877 1390.352 1390.343 1390.334 1390.325 1390.316 1391.28 1393.097 1394.914 1396.731 1398.547 1397.177 1395.711 1394.244 1392.778 1389.279 1382.84 1376.401 1369.961 1363.522 1359.939 1356.872 1353.806 1350.739 1349.652 1353.539 1357.426 1361.313 1365.2 1370.099 1375.387 1380.675 1385.962 1390.728 1392.764 1394.801 1396.837 1398.874 1399.732 1399.8 1399.867 1399.935 1399.989 1399.685 1399.38 1399.076 1398.772 1397.824 1396.163 1394.501 1392.84 1391.179 1386.418 1381.36 1376.302
1421.984 1419.917 1417.604 1415.291 1412.978 1410.665 1407.683 1404.351 1401.019 1397.687 1394.64 1394.31 1393.98 1393.65 1393.32 1394.038 1395.673 1397.307 1398.943 1400.578 1399.114 1397.556 1395.999 1394.442 1391.108 1385.203 1379.299 1373.394 1367.49 1364.359 1361.731 1359.103 1356.475 1355.576 1359.019 1362.462 1365.905 1369.348 1373.684 1378.362 1383.04 1387.718 1391.932 1393.717 1395.502 1397.287 1399.073 1399.817 1399.863 1399.909 1399.955 1399.992 1399.784 1399.577 1399.369 1399.161 1398.469 1397.24 1396.012 1394.784 1393.556 1389.492 1385.156 1380.82
1420.761 1419.374 1417.59 1415.807 1414.023 1412.24 1409.808 1407.037 1404.267 1401.496 1398.927 1398.276 1397.626 1396.975 1396.325 1396.795 1398.248 1399.701 1401.154 1402.608 1401.05 1399.402 1397.754 1396.106 1392.936 1387.567 1382.197 1376.827 1371.457 1368.78 1366.591 1364.401 1362.212 1361.499 1364.499 1367.498 1370.497 1373.497 1377.269 1381.337 1385.405 1389.474 1393.135 1394.669 1396.203 1397.737 1399.271 1399.902 1399.926 1399.951 1399.976 1399.996 1399.884 1399.772 1399.661 1399.549 1399.113 1398.318 1397.523 1396.728 1395.933 1392.566 1388.952 1385.337
1419.539 1418.831 1417.577 1416.323 1415.069 1413.815 1411.933 1409.724 1407.515 1405.306 1403.214 1402.243 1401.272 1400.3 1399.329 1399.552 1400.824 1402.095 1403.366 1404.638 1402.987 1401.248 1399.509 1397.77 1394.765 1389.93 1385.095 1380.26 1375.425 1373.201 1371.45 1369.699 1367.948 1367.423 1369.978 1372.534 1375.089 1377.645 1380.853 1384.312 1387.771 1391.23 1394.339 1395.622 1396.904 1398.187 1399.469 1399.986 1399.99 1399.993 1399.997 1399.999 1399.984 1399.969 1399.953 1399.938 1399.758 1399.396 1399.034 1398.672 1398.31 1395.64 1392.747 1389.855
1418.427 1418.098 1417.347 1416.595 1415.843 1415.092 1413.858 1412.372 1410.886 1409.4 1407.936 1406.684 1405.432 1404.18 1402.928 1402.953 1404.096 1405.24 1406.383 1407.526 1405.639 1403.661 1401.683 1399.705 1396.653 1392.048 1387.442 1382.836 1378.231 1376.315 1374.885 1373.456 1372.027 1371.672 1374.017 1376.362 1378.708 1381.053 1383.807 1386.72 1389.632 1392.544 1395.165 1396.263 1397.362 1398.46 1399.559 1400.0 1400.0 1400.0 1400.0 1399.999 1399.981 1399.963 1399.945 1399.927 1399.799 1399.547 1399.295 1399.043 1398.791 1396.645 1394.318 1391.99
1417.335 1417.329 1417.075 1416.82 1416.566 1416.312 1415.744 1415.011 1414.279 1413.547 1412.74 1411.216 1409.691 1408.166 1406.642 1406.476 1407.502 1408.528 1409.553 1410.579 1408.429 1406.184 1403.938 1401.693 1398.553 1394.118 1389.684 1385.249 1380.815 1379.178 1378.049 1376.919 1375.789 1375.601 1377.781 1379.96 1382.139 1384.319 1386.641 1389.019 1391.396 1393.773 1395.918 1396.845 1397.773 1398.7 1399.628 1400.0 1400.0 1400.0 1400.0 1399.999 1399.959 1399.92 1399.88 1399.841 1399.724 1399.52 1399.316 1399.113 1398.909 1397.255 1395.462 1393.669
1416.244 1416.56 1416.803 1417.046 1417.289 1417.532 1417.629 1417.651 1417.673 1417.695 1417.544 1415.747 1413.95 1412.153 1410.355 1410.0 1410.908 1411.816 1412.724 1413.632 1411.219 1408.706 1406.193 1403.681 1400.452 1396.189 1391.926 1387.662 1383.399 1382.042 1381.212 1380.382 1379.551 1379.531 1381.544 1383.558 1385.571 1387.585 1389.475 1391.318 1393.16 1395.003 1396.671 1397.427 1398.184 1398.94 1399.696 1400.0 1400.0 1400.0 1400.0 1399.998 1399.937 1399.876 1399.816 1399.755 1399.649 1399.493 1399.338 1399.182 1399.026 1397.865 1396.607 1395.349
1415.153 1415.79 1416.531 1417.271 1418.011 1418.752 1419.515 1420.291 1421.067 1421.843 1422.349 1420.279 1418.209 1416.139 1414.069 1413.523 1414.314 1415.104 1415.894 1416.685 1414.009 1411.229 1408.449 1405.668 1402.352 1398.26 1394.167 1390.075 1385.983 1384.906 1384.375 1383.844 1383.313 1383.46 1385.308 1387.155 1389.003 1390.851 1392.308 1393.616 1394.924 1396.232 1397.424 1398.01 1398.595 1399.18 1399.765 1400.0 1400.0 1400.0 1400.0 1399.997 1399.915 1399.833 1399.751 1399.668 1399.574 1399.467 1399.359 1399.252 1399.144 1398.475 1397.751 1397.028
1414.017 1414.942 1416.262 1417.581 1418.901 1420.221 1421.702 1423.267 1424.832 1426.396 1427.613 1425.508 1423.403 1421.297 1419.192 1418.553 1419.198 1419.843 1420.489 1421.134 1418.132 1415.021 1411.91 1408.798 1405.257 1401.096 1396.934 1392.772 1388.611 1387.645 1387.259 1386.872 1386.485 1386.688 1388.373 1390.058 1391.744 1393.429 1394.543 1395.438 1396.333 1397.228 1398.05 1398.493 1398.936 1399.379 1399.822 1400.0 1400.0 1400.0 1400.0 1399.996 1399.88 1399.764 1399.649 1399.533 1399.396 1399.237 1399.077 1398.917 1398.757 1398.499 1398.231 1397.963
1412.768 1413.894 1416.0 1418.106 1420.212 1422.318 1424.644 1427.086 1429.528 1431.969 1434.033 1432.489 1430.946 1429.402 1427.858 1427.367 1427.798 1428.23 1428.661 1429.093 1425.607 1422.004 1418.401 1414.797 1410.69 1405.855 1401.019 1396.184 1391.348 1390.072 1389.439 1388.806 1388.174 1388.157 1389.687 1391.217 1392.747 1394.277 1395.27 1396.058 1396.847 1397.635 1398.356 1398.73 1399.103 1399.477 1399.85 1400.0 1400.0 1400.0 1400.0 1399.993 1399.814 1399.634 1399.454 1399.274 1398.959 1398.495 1398.03 1397.565 1397.101 1397.05 1397.038 1397.027
1411.519 1412.846 1415.738 1418.63 1421.522 1424.414 1427.587 1430.905 1434.224 1437.543 1440.453 1439.471 1438.489 1437.506 1436.524 1436.181 1436.399 1436.616 1436.834 1437.051 1433.082 1428.987 1424.891 1420.796 1416.123 1410.614 1405.105 1399.595 1394.086 1392.498 1391.619 1390.741 1389.862 1389.625 1391.0 1392.375 1393.75 1395.125 1395.998 1396.679 1397.36 1398.042 1398.662 1398.966 1399.27 1399.574 1399.878 1400.0 1400.0 1400.0 1400.0 1399.991 1399.747 1399.503 1399.259 1399.015 1398.522 1397.752 1396.983 1396.214 1395.444 1395.601 1395.846 1396.091
1410.27 1411.799 1415.477 1419.155 1422.833 1426.511 1430.529 1434.725 1438.92 1443.116 1446.873 1446.452 1446.032 1445.611 1445.19 1444.995 1444.999 1445.003 1445.006 1445.01 1440.557 1435.97 1431.382 1426.795 1421.556 1415.373 1409.19 1403.007 1396.824 1394.924 1393.8 1392.675 1391.55 1391.093 1392.313 1393.533 1394.753 1395.973 1396.726 1397.3 1397.874 1398.448 1398.968 1399.203 1399.437 1399.671 1399.906 1400.0 1400.0 1400.0 1400.0 1399.989 1399.681 1399.372 1399.064 1398.756 1398.084 1397.01 1395.936 1394.862 1393.788 1394.152 1394.654 1395.156
1409.021 1410.751 1415.215 1419.679 1424.144 1428.608 1433.471 1438.544 1443.616 1448.689 1453.293 1453.434 1453.575 1453.715 1453.856 1453.81 1453.599 1453.389 1453.179 1452.969 1448.032 1442.953 1437.873 1432.794 1426.989 1420.132 1413.275 1406.419 1399.562 1397.35 1395.98 1394.609 1393.239 1392.561 1393.626 1394.691 1395.756 1396.821 1397.454 1397.921 1398.388 1398.855 1399.274 1399.439 1399.604 1399.769 1399.934 1400.0 1400.0 1400.0 1400.0 1399.986 1399.614 1399.242 1398.87 1398.497 1397.647 1396.268 1394.889 1393.51 1392.131 1392.703 1393.461 1394.22
1408.548 1410.645 1415.965 1421.286 1426.606 1431.927 1437.55 1443.332 1449.113 1454.895 1460.171 1460.627 1461.083 1461.54 1461.996 1462.064 1461.792 1461.52 1461.249 1460.977 1456.015 1450.912 1445.809 1440.707 1434.613 1427.087 1419.56 1412.034 1404.507 1401.539 1399.395 1397.252 1395.108 1393.786 1394.528 1395.27 1396.012 1396.754 1397.293 1397.755 1398.217 1398.679 1399.095 1399.277 1399.458 1399.639 1399.82 1399.907 1399.931 1399.954 1399.977 1399.978 1399.37 1398.761 1398.153 1397.545 1396.238 1394.156 1392.074 1389.992 1387.91 1388.533 1389.415 1390.298
1408.363 1410.887 1417.09 1423.292 1429.495 1435.698 1442.049 1448.478 1454.906 1461.335 1467.218 1467.899 1468.58 1469.26 1469.941 1470.112 1469.834 1469.557 1469.28 1469.003 1464.186 1459.233 1454.28 1449.327 1443.049 1434.854 1426.659 1418.464 1410.27 1406.379 1403.267 1400.156 1397.045 1394.921 1395.277 1395.634 1395.991 1396.348 1396.804 1397.298 1397.792 1398.286 1398.737 1398.967 1399.196 1399.425 1399.655 1399.78 1399.836 1399.891 1399.947 1399.967 1399.059 1398.151 1397.244 1396.336 1394.468 1391.536 1388.604 1385.671 1382.739 1383.356 1384.314 1385.271
1408.178 1411.129 1418.214 1425.299 1432.384 1439.469 1446.548 1453.624 1460.699 1467.775 1474.265 1475.171 1476.076 1476.981 1477.887 1478.159 1477.876 1477.594 1477.311 1477.029 1472.358 1467.554 1462.751 1457.948 1451.485 1442.621 1433.758 1424.895 1416.032 1411.219 1407.14 1403.06 1398.981 1396.055 1396.027 1395.999 1395.971 1395.943 1396.315 1396.841 1397.367 1397.893 1398.379 1398.656 1398.934 1399.212 1399.489 1399.653 1399.74 1399.828 1399.916 1399.956 1398.749 1397.542 1396.335 1395.128 1392.699 1388.916 1385.134 1381.351 1377.569 1378.179 1379.212 1380.245
1407.993 1411.371 1419.338 1427.306 1435.273 1443.241 1451.047 1458.77 1466.492 1474.215 1481.312 1482.442 1483.572 1484.702 1485.832 1486.207 1485.919 1485.631 1485.343 1485.055 1480.529 1475.875 1471.222 1466.568 1459.921 1450.389 1440.857 1431.326 1421.794 1416.059 1411.012 1405.965 1400.917 1397.189 1396.776 1396.363 1395.95 1395.537 1395.826 1396.384 1396.942 1397.5 1398.021 1398.346 1398.672 1398.998 1399.323 1399.526 1399.645 1399.765 1399.885 1399.945 1398.438 1396.932 1395.425 1393.919 1390.929 1386.297 1381.664 1377.031 1372.398 1373.003 1374.11 1375.218
1408.279 1412.087 1420.721 1429.355 1437.99 1446.624 1454.985 1463.203 1471.421 1479.639 1487.203 1488.53 1489.858 1491.185 1492.512 1492.986 1492.71 1492.435 1492.159 1491.884 1487.581 1483.157 1478.732 1474.308 1467.598 1457.583 1447.567 1437.552 1427.536 1420.971 1415.029 1409.088 1403.147 1398.661 1397.832 1397.003 1396.174 1395.345 1395.488 1396.005 1396.521 1397.037 1397.523 1397.853 1398.182 1398.512 1398.842 1399.048 1399.172 1399.296 1399.419 1399.47 1397.596 1395.721 1393.847 1391.973 1388.421 1383.011 1377.601 1372.191 1366.781 1367.346 1368.484 1369.622
1410.786 1415.036 1423.322 1431.609 1439.896 1448.183 1456.28 1464.279 1472.278 1480.276 1487.649 1489.045 1490.442 1491.839 1493.236 1493.793 1493.614 1493.435 1493.256 1493.077 1489.363 1485.543 1481.723 1477.903 1471.708 1462.077 1452.447 1442.816 1433.186 1426.217 1419.731 1413.244 1406.757 1401.721 1400.331 1398.941 1397.55 1396.16 1395.865 1395.991 1396.117 1396.242 1396.368 1396.495 1396.621 1396.748 1396.874 1396.922 1396.918 1396.913 1396.908 1396.81 1394.246 1391.682 1389.118 1386.553 1382.434 1376.591 1370.748 1364.905 1359.062 1359.427 1360.389 1361.351
1413.293 1417.984 1425.924 1433.863 1441.802 1449.741 1457.576 1465.355 1473.134 1480.914 1488.094 1489.561 1491.027 1492.493 1493.96 1494.601 1494.518 1494.435 1494.352 1494.269 1491.145 1487.929 1484.713 1481.497 1475.817 1466.572 1457.326 1448.081 1438.835 1431.464 1424.432 1417.4 1410.368 1404.782 1402.83 1400.878 1398.926 1396.974 1396.242 1395.977 1395.712 1395.448 1395.214 1395.137 1395.06 1394.983 1394.907 1394.796 1394.663 1394.53 1394.397 1394.15 1390.896 1387.642 1384.388 1381.135 1376.447 1370.171 1363.894 1357.618 1351.342 1351.509 1352.294 1353.079
1415.8 1420.933 1428.525 1436.116 1443.708 1451.3 1458.871 1466.431 1473.991 1481.551 1488.54 1490.076 1491.612 1493.148 1494.684 1495.408 1495.422 1495.435 1495.448 1495.462 1492.927 1490.315 1487.704 1485.092 1479.926 1471.066 1462.205 1453.345 1444.484 1436.71 1429.133 1421.555 1413.978 1407.842 1405.328 1402.815 1400.302 1397.788 1396.618 1395.963 1395.308 1394.653 1394.059 1393.779 1393.499 1393.219 1392.939 1392.67 1392.409 1392.148 1391.886 1391.49 1387.547 1383.603 1379.659 1375.715 1370.46 1363.75 1357.041 1350.332 1343.622 1343.59 1344.199 1344.808
1418.307 1423.882 1431.126 1438.37 1445.614 1452.858 1460.166 1467.507 1474.848 1482.189 1488.986 1490.591 1492.196 1493.802 1495.407 1496.216 1496.325 1496.435 1496.544 1496.654 1494.709 1492.701 1490.694 1488.687 1484.036 1475.56 1467.085 1458.609 1450.134 1441.957 1433.834 1425.711 1417.588 1410.902 1407.827 1404.752 1401.678 1398.603 1396.995 1395.949 1394.904 1393.859 1392.904 1392.421 1391.938 1391.455 1390.971 1390.544 1390.155 1389.765 1389.375 1388.831 1384.197 1379.563 1374.93 1370.297 1364.473 1357.33 1350.188 1343.045 1335.903 1335.671 1336.104 1336.536
1418.943 1424.415 1431.063 1437.71 1444.358 1451.006 1457.86 1464.823 1471.785 1478.748 1485.221 1487.032 1488.843 1490.654 1492.465 1493.417 1493.617 1493.816 1494.015 1494.214 1492.443 1490.612 1488.781 1486.95 1482.579 1474.535 1466.491 1458.447 1450.403 1442.474 1434.565 1426.656 1418.748 1412.177 1408.969 1405.76 1402.552 1399.344 1397.445 1396.05 1394.654 1393.258 1391.94 1391.024 1390.109 1389.194 1388.279 1387.452 1386.685 1385.918 1385.152 1384.232 1379.27 1374.308 1369.346 1364.385 1358.419 1351.341 1344.263 1337.185 1330.107 1329.772 1330.084 1330.397
1418.434 1423.471 1429.37 1435.269 1441.168 1447.067 1453.352 1459.838 1466.325 1472.812 1478.882 1480.982 1483.081 1485.181 1487.281 1488.413 1488.698 1488.983 1489.268 1489.553 1487.7 1485.784 1483.867 1481.951 1477.717 1470.133 1462.549 1454.965 1447.38 1440.097 1432.867 1425.638 1418.408 1412.36 1409.28 1406.2 1403.12 1400.04 1397.942 1396.22 1394.498 1392.776 1391.091 1389.604 1388.117 1386.629 1385.142 1383.769 1382.473 1381.176 1379.88 1378.446 1373.378 1368.309 1363.24 1358.172 1352.325 1345.616 1338.907 1332.198 1325.489 1325.108 1325.335 1325.562
1417.925 1422.526 1427.677 1432.827 1437.977 1443.128 1448.843 1454.854 1460.865 1466.875 1472.542 1474.931 1477.319 1479.708 1482.096 1483.41 1483.78 1484.15 1484.521 1484.891 1482.958 1480.956 1478.954 1476.952 1472.856 1465.731 1458.607 1451.483 1444.358 1437.72 1431.17 1424.619 1418.069 1412.543 1409.591 1406.64 1403.688 1400.736 1398.438 1396.39 1394.342 1392.293 1390.243 1388.184 1386.124 1384.065 1382.005 1380.086 1378.26 1376.434 1374.609 1372.661 1367.485 1362.31 1357.134 1351.959 1346.231 1339.891 1333.551 1327.21 1320.87 1320.444 1320.585 1320.726
1417.416 1421.582 1425.983 1430.385 1434.787 1439.189 1444.335 1449.87 1455.405 1460.939 1466.203 1468.88 1471.557 1474.235 1476.912 1478.406 1478.861 1479.317 1479.773 1480.229 1478.216 1476.128 1474.04 1471.953 1467.994 1461.33 1454.665 1448.0 1441.336 1435.343 1429.472 1423.601 1417.729 1412.726 1409.903 1407.079 1404.256 1401.433 1398.934 1396.56 1394.185 1391.811 1389.395 1386.764 1384.132 1381.5 1378.868 1376.402 1374.047 1371.693 1369.338 1366.876 1361.593 1356.311 1351.028 1345.746 1340.137 1334.165 1328.194 1322.223 1316.252 1315.78 1315.835 1315.891
1416.832 1420.55 1424.201 1427.852 1431.503 1435.154 1439.732 1444.793 1449.854 1454.915 1459.777 1462.738 1465.699 1468.661 1471.622 1473.281 1473.797 1474.314 1474.83 1475.347 1473.235 1471.044 1468.853 1466.661 1462.847 1456.685 1450.523 1444.362 1438.2 1432.855 1427.658 1422.461 1417.264 1412.777 1410.073 1407.37 1404.666 1401.963 1399.269 1396.578 1393.887 1391.196 1388.426 1385.243 1382.06 1378.877 1375.694 1372.697 1369.824 1366.952 1364.079 1361.115 1355.75 1350.386 1345.021 1339.656 1334.181 1328.584 1322.987 1317.39 1311.793 1311.311 1311.32 1311.329
