data/zism_data/00154_03_D.txt
ncols         224
nrows         224
[rows 28 to 55 of 224, columns 64 to 127 of 224]
1509.154 1509.7 1510.246 1510.792 1511.338 1510.267 1508.295 1506.323 1504.352 1502.267 1498.742 1495.217 1491.692 1488.167 1483.59 1477.976 1472.362 1466.749 1461.135 1454.61 1448.021 1441.432 1434.843 1428.704 1423.351 1417.997 1412.643 1407.289 1406.979 1407.964 1408.948 1409.933 1411.871 1417.066 1422.261 1427.456 1432.651 1432.592 1429.79 1426.988 1424.187 1421.339 1418.017 1414.695 1411.373 1408.05 1405.786 1404.504 1403.222 1401.94 1400.658 1400.469 1400.34 1400.21 1400.08 1400.016 1400.06 1400.103 1400.146 1400.189 1400.162 1400.119 1400.076 1400.033
1504.185 1504.554 1504.924 1505.293 1505.663 1504.563 1502.645 1500.727 1498.809 1496.771 1493.22 1489.668 1486.116 1482.564 1478.138 1472.851 1467.563 1462.275 1456.987 1450.593 1444.122 1437.65 1431.179 1425.26 1420.301 1415.343 1410.384 1405.426 1406.14 1408.311 1410.482 1412.653 1415.851 1422.558 1429.265 1435.972 1442.679 1442.599 1438.974 1435.35 1431.725 1428.042 1423.758 1419.474 1415.19 1410.906 1407.932 1406.174 1404.417 1402.659 1400.902 1400.643 1400.466 1400.288 1400.11 1400.022 1400.082 1400.141 1400.2 1400.259 1400.223 1400.163 1400.104 1400.045
1499.594 1499.839 1500.083 1500.327 1500.572 1499.487 1497.663 1495.839 1494.014 1492.063 1488.51 1484.956 1481.402 1477.849 1473.535 1468.471 1463.408 1458.345 1453.281 1446.945 1440.519 1434.093 1427.667 1421.925 1417.373 1412.821 1408.269 1403.717 1405.401 1408.687 1411.973 1415.259 1419.649 1427.815 1435.981 1444.147 1452.313 1452.297 1448.009 1443.721 1439.432 1435.063 1429.85 1424.637 1419.424 1414.211 1410.5 1408.186 1405.873 1403.559 1401.246 1400.898 1400.656 1400.414 1400.171 1400.052 1400.131 1400.211 1400.291 1400.371 1400.323 1400.246 1400.168 1400.091
1497.239 1497.659 1498.08 1498.501 1498.922 1498.113 1496.62 1495.127 1493.634 1492.001 1488.591 1485.182 1481.772 1478.363 1473.932 1468.495 1463.057 1457.62 1452.183 1445.467 1438.662 1431.857 1425.051 1419.24 1415.158 1411.076 1406.994 1402.912 1405.245 1409.226 1413.206 1417.187 1422.374 1431.683 1440.992 1450.302 1459.611 1460.171 1456.16 1452.15 1448.14 1443.959 1438.009 1432.058 1426.108 1420.157 1415.557 1412.212 1408.867 1405.522 1402.177 1401.625 1401.222 1400.82 1400.417 1400.216 1400.344 1400.472 1400.6 1400.728 1400.664 1400.554 1400.444 1400.335
1494.883 1495.48 1496.077 1496.674 1497.271 1496.739 1495.577 1494.415 1493.253 1491.938 1488.673 1485.408 1482.143 1478.877 1474.33 1468.518 1462.707 1456.896 1451.084 1443.99 1436.805 1429.62 1422.435 1416.555 1412.943 1409.331 1405.72 1402.108 1405.09 1409.765 1414.44 1419.116 1425.098 1435.551 1446.004 1456.457 1466.91 1468.044 1464.312 1460.579 1456.847 1452.856 1446.168 1439.48 1432.792 1426.104 1420.614 1416.238 1411.861 1407.485 1403.109 1402.351 1401.789 1401.226 1400.663 1400.381 1400.557 1400.733 1400.909 1401.085 1401.004 1400.862 1400.721 1400.579
1492.528 1493.301 1494.074 1494.848 1495.621 1495.364 1494.534 1493.703 1492.873 1491.875 1488.754 1485.634 1482.513 1479.392 1474.728 1468.542 1462.357 1456.171 1449.986 1442.512 1434.948 1427.384 1419.82 1413.87 1410.728 1407.587 1404.445 1401.304 1404.934 1410.304 1415.674 1421.044 1427.823 1439.42 1451.016 1462.613 1474.209 1475.918 1472.464 1469.009 1465.554 1461.752 1454.327 1446.901 1439.476 1432.05 1425.671 1420.263 1414.856 1409.448 1404.041 1403.078 1402.355 1401.632 1400.909 1400.546 1400.77 1400.994 1401.218 1401.443 1401.344 1401.171 1400.997 1400.823
1490.172 1491.122 1492.072 1493.021 1493.971 1493.99 1493.491 1492.992 1492.492 1491.813 1488.836 1485.859 1482.883 1479.906 1475.125 1468.566 1462.006 1455.447 1448.887 1441.035 1433.091 1425.147 1417.204 1411.184 1408.513 1405.842 1403.171 1400.5 1404.779 1410.844 1416.908 1422.973 1430.548 1443.288 1456.028 1468.768 1481.508 1483.792 1480.615 1477.438 1474.262 1470.648 1462.485 1454.323 1446.16 1437.997 1430.728 1424.289 1417.85 1411.411 1404.972 1403.805 1402.922 1402.039 1401.155 1400.711 1400.983 1401.255 1401.527 1401.8 1401.685 1401.479 1401.273 1401.067
1488.498 1489.691 1490.884 1492.076 1493.269 1493.58 1493.399 1493.219 1493.038 1492.68 1490.073 1487.466 1484.86 1482.253 1477.617 1470.982 1464.347 1457.712 1451.077 1442.544 1433.878 1425.213 1416.547 1410.128 1407.619 1405.11 1402.601 1400.092 1404.308 1410.251 1416.195 1422.138 1429.701 1442.804 1455.906 1469.009 1482.111 1484.833 1482.134 1479.435 1476.737 1473.56 1465.406 1457.252 1449.098 1440.944 1433.537 1426.826 1420.115 1413.403 1406.692 1405.332 1404.26 1403.188 1402.115 1401.515 1401.686 1401.857 1402.029 1402.2 1401.998 1401.709 1401.421 1401.132
1487.29 1488.771 1490.252 1491.733 1493.215 1493.828 1493.957 1494.086 1494.216 1494.183 1492.1 1490.017 1487.934 1485.851 1481.54 1475.033 1468.526 1462.019 1455.512 1446.095 1436.472 1426.85 1417.227 1410.184 1407.627 1405.07 1402.513 1399.956 1403.622 1408.886 1414.151 1419.416 1426.415 1439.347 1452.278 1465.209 1478.141 1481.208 1479.124 1477.039 1474.955 1472.384 1464.749 1457.113 1449.477 1441.842 1434.812 1428.347 1421.881 1415.416 1408.95 1407.405 1406.124 1404.844 1403.563 1402.757 1402.725 1402.693 1402.661 1402.629 1402.294 1401.887 1401.481 1401.075
1486.081 1487.851 1489.621 1491.391 1493.16 1494.075 1494.515 1494.954 1495.393 1495.687 1494.127 1492.568 1491.008 1489.448 1485.462 1479.083 1472.705 1466.326 1459.948 1449.645 1439.066 1428.487 1417.908 1410.239 1407.634 1405.029 1402.424 1399.819 1402.935 1407.521 1412.107 1416.693 1423.129 1435.89 1448.65 1461.41 1474.171 1477.583 1476.113 1474.643 1473.173 1471.209 1464.092 1456.974 1449.857 1442.74 1436.087 1429.868 1423.648 1417.428 1411.208 1409.478 1407.989 1406.5 1405.011 1403.998 1403.763 1403.528 1403.293 1403.058 1402.589 1402.065 1401.541 1401.018
1484.872 1486.931 1488.989 1491.047 1493.106 1494.323 1495.073 1495.822 1496.571 1497.19 1496.154 1495.118 1494.082 1493.046 1489.384 1483.134 1476.884 1470.633 1464.383 1453.195 1441.659 1430.124 1418.589 1410.295 1407.642 1404.989 1402.335 1399.682 1402.249 1406.156 1410.064 1413.971 1419.843 1432.432 1445.022 1457.611 1470.201 1473.958 1473.103 1472.247 1471.392 1470.034 1463.435 1456.836 1450.236 1443.637 1437.362 1431.388 1425.415 1419.441 1413.467 1411.551 1409.854 1408.156 1406.459 1405.239 1404.801 1404.363 1403.925 1403.487 1402.885 1402.243 1401.602 1400.96
1483.649 1485.982 1488.316 1490.649 1492.982 1494.492 1495.543 1496.594 1497.645 1498.581 1498.061 1497.54 1497.02 1496.5 1493.159 1487.038 1480.917 1474.797 1468.676 1456.633 1444.172 1431.712 1419.252 1410.354 1407.654 1404.953 1402.252 1399.552 1401.573 1404.807 1408.041 1411.274 1416.574 1428.937 1441.3 1453.664 1466.027 1470.112 1469.875 1469.638 1469.4 1468.652 1462.588 1456.523 1450.458 1444.394 1438.509 1432.79 1427.072 1421.354 1415.635 1413.539 1411.637 1409.736 1407.835 1406.414 1405.781 1405.147 1404.513 1403.879 1403.151 1402.4 1401.65 1400.9
1482.105 1484.412 1486.718 1489.025 1491.331 1492.91 1494.084 1495.258 1496.432 1497.507 1497.323 1497.139 1496.956 1496.772 1493.679 1487.719 1481.758 1475.798 1469.838 1457.595 1444.91 1432.226 1419.541 1410.489 1407.756 1405.024 1402.291 1399.558 1401.127 1403.799 1406.472 1409.145 1413.684 1424.605 1435.525 1446.445 1457.366 1461.413 1461.87 1462.328 1462.785 1462.749 1457.571 1452.393 1447.215 1442.038 1436.823 1431.575 1426.327 1421.079 1415.831 1413.657 1411.649 1409.641 1407.632 1406.132 1405.46 1404.789 1404.118 1403.447 1402.776 1402.106 1401.436 1400.766
1480.562 1482.841 1485.121 1487.401 1489.681 1491.329 1492.626 1493.923 1495.219 1496.433 1496.586 1496.739 1496.891 1497.044 1494.199 1488.399 1482.599 1476.799 1470.999 1458.557 1445.648 1432.739 1419.83 1410.624 1407.859 1405.094 1402.33 1399.565 1400.68 1402.792 1404.904 1407.016 1410.794 1420.272 1429.75 1439.227 1448.705 1452.713 1453.865 1455.017 1456.169 1456.844 1452.554 1448.263 1443.972 1439.681 1435.138 1430.36 1425.582 1420.804 1416.027 1413.776 1411.66 1409.545 1407.43 1405.849 1405.14 1404.432 1403.723 1403.014 1402.402 1401.812 1401.222 1400.631
1479.018 1481.271 1483.524 1485.777 1488.03 1489.748 1491.167 1492.587 1494.007 1495.359 1495.848 1496.338 1496.827 1497.317 1494.719 1489.08 1483.44 1477.8 1472.161 1459.519 1446.386 1433.253 1420.119 1410.759 1407.962 1405.165 1402.368 1399.572 1400.234 1401.785 1403.335 1404.886 1407.904 1415.939 1423.974 1432.009 1440.044 1444.014 1445.86 1447.707 1449.554 1450.94 1447.537 1444.133 1440.729 1437.325 1433.453 1429.145 1424.838 1420.53 1416.222 1413.894 1411.672 1409.45 1407.228 1405.566 1404.82 1404.074 1403.328 1402.582 1402.027 1401.517 1401.007 1400.497
1477.474 1479.7 1481.927 1484.153 1486.379 1488.166 1489.709 1491.251 1492.794 1494.284 1495.111 1495.937 1496.763 1497.589 1495.24 1489.76 1484.281 1478.801 1473.322 1460.482 1447.124 1433.766 1420.408 1410.893 1408.064 1405.236 1402.407 1399.578 1399.787 1400.777 1401.767 1402.757 1405.014 1411.606 1418.199 1424.791 1431.383 1435.314 1437.856 1440.397 1442.938 1445.036 1442.52 1440.003 1437.486 1434.969 1431.768 1427.93 1424.093 1420.255 1416.418 1414.012 1411.683 1409.354 1407.026 1405.283 1404.5 1403.716 1402.933 1402.149 1401.653 1401.223 1400.793 1400.363
1475.537 1477.7 1479.863 1482.026 1484.188 1485.947 1487.481 1489.015 1490.548 1492.046 1493.077 1494.108 1495.139 1496.17 1493.972 1488.589 1483.207 1477.824 1472.442 1459.758 1446.56 1433.362 1420.164 1410.757 1407.943 1405.13 1402.316 1399.503 1399.428 1400.057 1400.686 1401.314 1403.003 1408.316 1413.629 1418.941 1424.254 1428.021 1430.981 1433.94 1436.9 1439.443 1437.655 1435.868 1434.08 1432.292 1429.616 1426.115 1422.613 1419.111 1415.61 1413.19 1410.828 1408.466 1406.104 1404.379 1403.695 1403.011 1402.327 1401.643 1401.245 1400.914 1400.583 1400.251
1473.196 1475.257 1477.319 1479.38 1481.441 1483.071 1484.46 1485.85 1487.24 1488.608 1489.709 1490.809 1491.91 1493.011 1490.862 1485.512 1480.162 1474.812 1469.461 1457.298 1444.656 1432.014 1419.372 1410.341 1407.591 1404.842 1402.093 1399.343 1399.158 1399.632 1400.106 1400.58 1401.897 1406.098 1410.3 1414.501 1418.702 1422.176 1425.269 1428.362 1431.455 1434.17 1432.949 1431.727 1430.506 1429.284 1426.984 1423.68 1420.376 1417.072 1413.769 1411.399 1409.08 1406.761 1404.441 1402.834 1402.391 1401.947 1401.504 1401.06 1400.803 1400.589 1400.376 1400.162
1470.855 1472.815 1474.775 1476.734 1478.694 1480.195 1481.44 1482.685 1483.931 1485.17 1486.34 1487.511 1488.681 1489.851 1487.753 1482.435 1477.117 1471.798 1466.48 1454.839 1442.752 1430.666 1418.58 1409.924 1407.239 1404.554 1401.869 1399.184 1398.888 1399.207 1399.526 1399.845 1400.791 1403.881 1406.971 1410.061 1413.15 1416.33 1419.557 1422.784 1426.01 1428.897 1428.242 1427.587 1426.932 1426.277 1424.352 1421.245 1418.14 1415.033 1411.927 1409.609 1407.332 1405.056 1402.779 1401.29 1401.086 1400.883 1400.68 1400.477 1400.361 1400.265 1400.169 1400.073
1468.514 1470.372 1472.23 1474.089 1475.947 1477.319 1478.42 1479.521 1480.622 1481.733 1482.972 1484.212 1485.452 1486.691 1484.644 1479.358 1474.072 1468.786 1463.499 1452.379 1440.848 1429.318 1417.787 1409.508 1406.887 1404.266 1401.645 1399.024 1398.619 1398.783 1398.947 1399.11 1399.685 1401.663 1403.642 1405.62 1407.598 1410.485 1413.845 1417.205 1420.566 1423.624 1423.535 1423.447 1423.358 1423.269 1421.719 1418.811 1415.903 1412.994 1410.086 1407.818 1405.584 1403.35 1401.117 1399.745 1399.782 1399.82 1399.857 1399.895 1399.919 1399.941 1399.962 1399.984
1466.173 1467.93 1469.686 1471.443 1473.2 1474.443 1475.399 1476.356 1477.313 1478.295 1479.604 1480.913 1482.222 1483.531 1481.535 1476.281 1471.027 1465.773 1460.518 1449.919 1438.944 1427.97 1416.995 1409.092 1406.535 1403.978 1401.421 1398.864 1398.349 1398.358 1398.367 1398.376 1398.579 1399.446 1400.313 1401.18 1402.047 1404.639 1408.133 1411.627 1415.121 1418.351 1418.828 1419.306 1419.784 1420.262 1419.087 1416.377 1413.666 1410.955 1408.245 1406.027 1403.836 1401.645 1399.454 1398.2 1398.478 1398.756 1399.034 1399.312 1399.477 1399.616 1399.755 1399.894
1464.015 1465.554 1467.093 1468.633 1470.172 1471.212 1471.974 1472.736 1473.498 1474.271 1475.182 1476.092 1477.003 1477.913 1475.763 1470.596 1465.429 1460.262 1455.096 1445.393 1435.372 1425.35 1415.329 1408.116 1405.789 1403.462 1401.135 1398.809 1398.289 1398.234 1398.178 1398.123 1398.223 1398.854 1399.486 1400.117 1400.748 1402.935 1405.933 1408.931 1411.929 1414.706 1415.177 1415.647 1416.117 1416.588 1415.4 1412.671 1409.941 1407.212 1404.482 1402.29 1400.127 1397.963 1395.8 1394.771 1395.597 1396.422 1397.247 1398.073 1398.543 1398.931 1399.318 1399.706
1461.867 1463.182 1464.497 1465.812 1467.127 1467.96 1468.524 1469.089 1469.653 1470.211 1470.694 1471.177 1471.66 1472.143 1469.826 1464.75 1459.675 1454.599 1449.523 1440.74 1431.696 1422.653 1413.609 1407.105 1405.019 1402.932 1400.846 1398.76 1398.242 1398.128 1398.014 1397.9 1397.913 1398.363 1398.813 1399.262 1399.712 1401.485 1403.949 1406.413 1408.877 1411.162 1411.59 1412.017 1412.445 1412.873 1411.647 1408.886 1406.125 1403.363 1400.602 1398.433 1396.297 1394.16 1392.023 1391.226 1392.618 1394.01 1395.401 1396.793 1397.579 1398.223 1398.867 1399.511
1459.72 1460.81 1461.901 1462.991 1464.082 1464.708 1465.074 1465.441 1465.807 1466.151 1466.207 1466.262 1466.318 1466.373 1463.89 1458.905 1453.92 1448.935 1443.95 1436.087 1428.021 1419.955 1411.89 1406.094 1404.248 1402.402 1400.556 1398.71 1398.196 1398.023 1397.85 1397.677 1397.604 1397.872 1398.14 1398.408 1398.676 1400.035 1401.965 1403.894 1405.824 1407.618 1408.003 1408.388 1408.773 1409.157 1407.895 1405.102 1402.308 1399.515 1396.721 1394.576 1392.466 1390.357 1388.247 1387.681 1389.639 1391.597 1393.555 1395.514 1396.615 1397.515 1398.416 1399.316
1457.573 1458.439 1459.305 1460.171 1461.037 1461.455 1461.624 1461.793 1461.962 1462.092 1461.719 1461.347 1460.975 1460.603 1457.954 1453.059 1448.165 1443.271 1438.377 1431.433 1424.345 1417.258 1410.17 1405.083 1403.478 1401.872 1400.267 1398.661 1398.149 1397.917 1397.686 1397.454 1397.294 1397.38 1397.467 1397.553 1397.639 1398.585 1399.98 1401.376 1402.771 1404.074 1404.416 1404.758 1405.1 1405.442 1404.143 1401.317 1398.492 1395.666 1392.84 1390.719 1388.636 1386.553 1384.47 1384.136 1386.66 1389.185 1391.709 1394.234 1395.651 1396.808 1397.965 1399.122
1456.075 1456.67 1457.266 1457.862 1458.457 1458.613 1458.524 1458.434 1458.345 1458.203 1457.393 1456.583 1455.773 1454.963 1452.163 1447.401 1442.64 1437.878 1433.117 1427.025 1420.84 1414.654 1408.469 1404.04 1402.667 1401.294 1399.92 1398.547 1398.06 1397.801 1397.542 1397.283 1397.071 1397.022 1396.972 1396.923 1396.874 1397.492 1398.46 1399.427 1400.395 1401.293 1401.471 1401.649 1401.827 1402.005 1400.543 1397.556 1394.569 1391.581 1388.594 1386.327 1384.099 1381.871 1379.644 1379.414 1382.451 1385.487 1388.524 1391.56 1393.495 1395.172 1396.849 1398.526
1455.587 1455.841 1456.095 1456.348 1456.602 1456.409 1455.967 1455.525 1455.083 1454.581 1453.317 1452.052 1450.788 1449.524 1446.598 1442.034 1437.47 1432.906 1428.343 1422.998 1417.598 1412.198 1406.798 1402.948 1401.794 1400.64 1399.486 1398.331 1397.906 1397.669 1397.431 1397.193 1396.984 1396.87 1396.756 1396.643 1396.529 1396.954 1397.66 1398.365 1399.071 1399.699 1399.525 1399.35 1399.176 1399.001 1397.181 1393.83 1390.479 1387.129 1383.778 1381.103 1378.463 1375.824 1373.185 1372.862 1376.326 1379.79 1383.254 1386.718 1389.488 1392.094 1394.701 1397.308
1455.1 1455.011 1454.923 1454.835 1454.747 1454.205 1453.41 1452.615 1451.821 1450.958 1449.24 1447.522 1445.803 1444.085 1441.033 1436.667 1432.301 1427.935 1423.568 1418.97 1414.356 1409.742 1405.128 1401.856 1400.921 1399.986 1399.051 1398.116 1397.752 1397.536 1397.32 1397.103 1396.896 1396.718 1396.54 1396.363 1396.185 1396.416 1396.859 1397.303 1397.747 1398.106 1397.579 1397.052 1396.524 1395.997 1393.818 1390.104 1386.391 1382.677 1378.963 1375.878 1372.827 1369.776 1366.726 1366.31 1370.201 1374.093 1377.984 1381.876 1385.48 1389.016 1392.553 1396.089
