data/zism_data/00157_03_D.txt
ncols         224
nrows         224
[rows 168 to 195 of 224, columns 0 to 62 of 224]
1508.075 1512.441 1523.854 1535.267 1546.681 1558.094 1569.341 1580.536 1591.73 1602.924 1613.057 1618.862 1624.667 1630.473 1636.278 1642.208 1648.21 1654.212 1660.214 1666.181 1671.709 1677.238 1682.766 1688.295 1691.942 1693.788 1695.633 1697.479 1699.325 1699.54 1699.667 1699.795 1699.922 1700.0 1700.0 1700.0 1700.0 1700.0 1699.831 1699.626 1699.421 1699.216 1699.058 1699.036 1699.013 1698.99 1698.967 1699.12 1699.348 1699.576 1699.804 1699.949 1699.585 1699.22 1698.856 1698.491 1697.693 1696.577 1695.46 1694.344 1693.245 1693.29 1693.336
1511.318 1514.767 1525.331 1535.895 1546.459 1557.023 1567.857 1578.777 1589.698 1600.618 1610.616 1616.859 1623.102 1629.345 1635.589 1641.545 1647.335 1653.126 1658.917 1664.677 1670.042 1675.407 1680.772 1686.137 1689.903 1692.139 1694.375 1696.611 1698.848 1699.178 1699.405 1699.633 1699.86 1700.0 1700.0 1700.0 1700.0 1700.0 1699.87 1699.712 1699.555 1699.397 1699.276 1699.259 1699.242 1699.224 1699.207 1699.324 1699.499 1699.674 1699.849 1699.961 1699.681 1699.401 1699.121 1698.841 1698.227 1697.369 1696.511 1695.654 1694.809 1694.844 1694.879
1514.563 1517.094 1526.808 1536.523 1546.238 1555.952 1566.374 1577.019 1587.665 1598.311 1608.175 1614.856 1621.537 1628.218 1634.899 1640.881 1646.461 1652.041 1657.62 1663.173 1668.374 1673.576 1678.777 1683.979 1687.864 1690.491 1693.117 1695.744 1698.37 1698.816 1699.143 1699.471 1699.799 1700.0 1700.0 1700.0 1700.0 1700.0 1699.909 1699.799 1699.689 1699.579 1699.495 1699.482 1699.47 1699.458 1699.446 1699.528 1699.65 1699.772 1699.895 1699.973 1699.777 1699.581 1699.386 1699.19 1698.761 1698.162 1697.563 1696.963 1696.373 1696.397 1696.422
1517.807 1519.42 1528.286 1537.151 1546.016 1554.881 1564.89 1575.261 1585.633 1596.004 1605.735 1612.854 1619.972 1627.091 1634.21 1640.218 1645.586 1650.955 1656.324 1661.669 1666.707 1671.745 1676.782 1681.82 1685.826 1688.843 1691.859 1694.876 1697.893 1698.453 1698.881 1699.309 1699.738 1700.0 1700.0 1700.0 1700.0 1700.0 1699.948 1699.886 1699.823 1699.76 1699.713 1699.706 1699.699 1699.692 1699.685 1699.731 1699.801 1699.87 1699.94 1699.985 1699.873 1699.762 1699.651 1699.539 1699.296 1698.955 1698.614 1698.273 1697.937 1697.951 1697.965
1521.05 1521.747 1529.763 1537.779 1545.794 1553.81 1563.406 1573.503 1583.6 1593.698 1603.294 1610.851 1618.407 1625.964 1633.521 1639.554 1644.712 1649.87 1655.027 1660.165 1665.039 1669.913 1674.788 1679.662 1683.787 1687.194 1690.601 1694.009 1697.416 1698.091 1698.62 1699.148 1699.676 1700.0 1700.0 1700.0 1700.0 1700.0 1699.988 1699.972 1699.957 1699.942 1699.931 1699.929 1699.927 1699.926 1699.924 1699.935 1699.952 1699.969 1699.985 1699.996 1699.969 1699.943 1699.916 1699.889 1699.83 1699.747 1699.665 1699.583 1699.501 1699.505 1699.508
1529.603 1529.203 1535.492 1541.781 1548.071 1554.36 1562.918 1572.194 1581.471 1590.747 1599.68 1607.211 1614.742 1622.273 1629.803 1635.684 1640.617 1645.549 1650.481 1655.407 1660.251 1665.095 1669.939 1674.783 1679.208 1683.232 1687.256 1691.28 1695.304 1696.402 1697.344 1698.285 1699.226 1699.82 1699.863 1699.906 1699.949 1699.992 1700.0 1700.0 1700.0 1700.0 1700.0 1700.0 1700.0 1700.0 1700.0 1700.0 1700.0 1700.0 1700.0 1700.0 1700.0 1700.0 1700.0 1700.0 1699.988 1699.966 1699.944 1699.923 1699.9 1699.759 1699.619
1540.637 1539.057 1543.21 1547.363 1551.516 1555.669 1562.895 1571.095 1579.296 1587.496 1595.517 1602.805 1610.093 1617.382 1624.67 1630.315 1635.015 1639.715 1644.416 1649.129 1654.004 1658.88 1663.755 1668.631 1673.44 1678.187 1682.934 1687.68 1692.427 1694.093 1695.594 1697.094 1698.594 1699.556 1699.662 1699.769 1699.875 1699.981 1700.0 1700.0 1700.0 1700.0 1700.0 1700.0 1700.0 1700.0 1700.0 1700.0 1700.0 1700.0 1700.0 1700.0 1700.0 1700.0 1700.0 1700.0 1699.969 1699.916 1699.863 1699.81 1699.752 1699.406 1699.06
1551.672 1548.912 1550.928 1552.945 1554.961 1556.978 1562.872 1569.996 1577.121 1584.245 1591.354 1598.4 1605.445 1612.491 1619.536 1624.945 1629.413 1633.882 1638.35 1642.85 1647.757 1652.664 1657.572 1662.479 1667.673 1673.142 1678.612 1684.081 1689.55 1691.784 1693.844 1695.903 1697.963 1699.291 1699.461 1699.631 1699.801 1699.97 1700.0 1700.0 1700.0 1700.0 1700.0 1700.0 1700.0 1700.0 1700.0 1700.0 1700.0 1700.0 1700.0 1700.0 1700.0 1700.0 1700.0 1700.0 1699.951 1699.866 1699.781 1699.696 1699.605 1699.053 1698.501
1562.707 1558.766 1558.646 1558.526 1558.406 1558.286 1562.849 1568.897 1574.946 1580.994 1587.191 1593.994 1600.797 1607.6 1614.403 1619.576 1623.812 1628.048 1632.284 1636.571 1641.51 1646.449 1651.388 1656.327 1661.906 1668.098 1674.29 1680.481 1686.673 1689.475 1692.094 1694.712 1697.331 1699.027 1699.26 1699.493 1699.726 1699.959 1700.0 1700.0 1700.0 1700.0 1700.0 1700.0 1700.0 1700.0 1700.0 1700.0 1700.0 1700.0 1700.0 1700.0 1700.0 1700.0 1700.0 1700.0 1699.933 1699.816 1699.7 1699.583 1699.457 1698.7 1697.943
1573.696 1568.653 1566.473 1564.294 1562.114 1559.934 1563.165 1568.113 1573.061 1578.009 1583.267 1589.792 1596.316 1602.84 1609.364 1614.283 1618.278 1622.274 1626.269 1630.333 1635.27 1640.207 1645.143 1650.08 1656.006 1662.879 1669.753 1676.626 1683.5 1686.882 1690.076 1693.27 1696.464 1698.551 1698.884 1699.216 1699.549 1699.881 1699.948 1699.959 1699.969 1699.98 1699.988 1699.991 1699.994 1699.996 1699.999 1700.0 1700.0 1700.0 1700.0 1700.0 1700.0 1700.0 1700.0 1700.0 1699.904 1699.737 1699.571 1699.404 1699.225 1698.208 1697.191
1584.017 1579.011 1575.887 1572.763 1569.639 1566.515 1568.413 1571.905 1575.397 1578.889 1582.82 1588.543 1594.265 1599.988 1605.71 1610.105 1613.736 1617.368 1621.0 1624.69 1629.131 1633.571 1638.012 1642.453 1648.18 1655.138 1662.096 1669.053 1676.011 1680.164 1684.165 1688.166 1692.167 1694.992 1695.952 1696.912 1697.873 1698.833 1699.145 1699.319 1699.493 1699.667 1699.807 1699.852 1699.897 1699.942 1699.987 1700.0 1700.0 1700.0 1700.0 1700.0 1700.0 1700.0 1700.0 1700.0 1699.721 1699.238 1698.755 1698.272 1697.766 1695.705 1693.643
1594.337 1589.368 1585.3 1581.232 1577.163 1573.095 1573.661 1575.697 1577.733 1579.769 1582.374 1587.294 1592.215 1597.136 1602.056 1605.927 1609.195 1612.462 1615.73 1619.047 1622.991 1626.936 1630.881 1634.826 1640.354 1647.396 1654.438 1661.481 1668.523 1673.445 1678.253 1683.062 1687.87 1691.432 1693.02 1694.608 1696.196 1697.784 1698.341 1698.679 1699.016 1699.354 1699.625 1699.713 1699.8 1699.887 1699.974 1700.0 1700.0 1700.0 1700.0 1700.0 1700.0 1700.0 1700.0 1700.0 1699.539 1698.739 1697.94 1697.14 1696.307 1693.201 1690.095
1604.658 1599.726 1594.713 1589.701 1584.688 1579.675 1578.908 1579.489 1580.069 1580.649 1581.927 1586.046 1590.165 1594.283 1598.402 1601.749 1604.653 1607.556 1610.46 1613.403 1616.852 1620.301 1623.75 1627.199 1632.527 1639.654 1646.781 1653.908 1661.034 1666.727 1672.342 1677.958 1683.573 1687.873 1690.089 1692.304 1694.52 1696.736 1697.537 1698.038 1698.54 1699.041 1699.444 1699.573 1699.703 1699.832 1699.961 1700.0 1700.0 1700.0 1700.0 1700.0 1700.0 1700.0 1700.0 1700.0 1699.356 1698.24 1697.124 1696.008 1694.848 1690.698 1686.547
1614.979 1610.083 1604.126 1598.17 1592.213 1586.256 1584.156 1583.281 1582.405 1581.529 1581.48 1584.797 1588.114 1591.431 1594.748 1597.572 1600.111 1602.651 1605.19 1607.76 1610.713 1613.666 1616.619 1619.573 1624.701 1631.912 1639.124 1646.335 1653.546 1660.008 1666.431 1672.853 1679.276 1684.314 1687.157 1690.0 1692.844 1695.688 1696.734 1697.398 1698.063 1698.728 1699.263 1699.434 1699.606 1699.777 1699.949 1700.0 1700.0 1700.0 1700.0 1700.0 1700.0 1700.0 1700.0 1700.0 1699.174 1697.741 1696.309 1694.876 1693.389 1688.194 1682.999
1624.154 1619.301 1612.671 1606.042 1599.412 1592.782 1589.628 1587.577 1585.526 1583.476 1582.361 1585.058 1587.755 1590.452 1593.149 1595.547 1597.775 1600.002 1602.23 1604.479 1607.007 1609.535 1612.063 1614.591 1619.41 1626.42 1633.43 1640.44 1647.45 1654.361 1661.267 1668.174 1675.08 1680.638 1684.06 1687.481 1690.903 1694.325 1695.644 1696.517 1697.39 1698.263 1698.969 1699.209 1699.449 1699.689 1699.928 1700.0 1700.0 1700.0 1700.0 1700.0 1700.0 1700.0 1700.0 1700.0 1699.093 1697.521 1695.949 1694.377 1692.739 1686.641 1680.543
1631.914 1627.111 1620.143 1613.176 1606.208 1599.241 1595.377 1592.498 1589.619 1586.74 1584.882 1587.183 1589.485 1591.786 1594.087 1596.184 1598.164 1600.143 1602.123 1604.117 1606.308 1608.498 1610.689 1612.879 1617.249 1623.705 1630.161 1636.618 1643.074 1650.037 1657.028 1664.019 1671.009 1676.819 1680.758 1684.696 1688.635 1692.573 1694.201 1695.338 1696.474 1697.611 1698.539 1698.879 1699.218 1699.558 1699.898 1700.0 1700.0 1700.0 1700.0 1700.0 1700.0 1700.0 1700.0 1700.0 1699.139 1697.646 1696.153 1694.66 1693.089 1686.263 1679.438
1639.675 1634.92 1627.615 1620.31 1613.005 1605.7 1601.126 1597.419 1593.711 1590.004 1587.403 1589.309 1591.214 1593.12 1595.026 1596.821 1598.552 1600.284 1602.015 1603.756 1605.609 1607.461 1609.314 1611.167 1615.089 1620.991 1626.894 1632.796 1638.698 1645.713 1652.788 1659.863 1666.938 1673.0 1677.456 1681.911 1686.367 1690.822 1692.758 1694.159 1695.559 1696.96 1698.108 1698.548 1698.988 1699.428 1699.868 1700.0 1700.0 1700.0 1700.0 1700.0 1700.0 1700.0 1700.0 1700.0 1699.185 1697.771 1696.357 1694.943 1693.439 1685.886 1678.332
1647.435 1642.73 1635.087 1627.444 1619.801 1612.159 1606.875 1602.339 1597.804 1593.268 1589.924 1591.434 1592.944 1594.454 1595.964 1597.458 1598.941 1600.425 1601.908 1603.394 1604.909 1606.425 1607.94 1609.455 1612.929 1618.277 1623.625 1628.974 1634.322 1641.389 1648.549 1655.708 1662.868 1669.181 1674.154 1679.126 1684.099 1689.071 1691.315 1692.979 1694.644 1696.308 1697.677 1698.217 1698.758 1699.298 1699.838 1700.0 1700.0 1700.0 1700.0 1700.0 1700.0 1700.0 1700.0 1700.0 1699.23 1697.896 1696.561 1695.226 1693.79 1685.508 1677.226
1655.196 1650.539 1642.559 1634.578 1626.598 1618.618 1612.624 1607.26 1601.896 1596.533 1592.446 1593.56 1594.674 1595.789 1596.903 1598.094 1599.33 1600.566 1601.801 1603.032 1604.21 1605.388 1606.565 1607.743 1610.769 1615.563 1620.358 1625.152 1629.946 1637.065 1644.309 1651.553 1658.797 1665.362 1670.852 1676.341 1681.831 1687.32 1689.872 1691.8 1693.728 1695.656 1697.246 1697.886 1698.527 1699.168 1699.808 1700.0 1700.0 1700.0 1700.0 1700.0 1700.0 1700.0 1700.0 1700.0 1699.276 1698.02 1696.765 1695.509 1694.14 1685.13 1676.121
1662.567 1658.193 1650.327 1642.46 1634.593 1626.726 1620.117 1613.908 1607.699 1601.489 1596.652 1597.406 1598.16 1598.913 1599.667 1600.664 1601.8 1602.937 1604.074 1605.225 1606.564 1607.904 1609.243 1610.582 1613.65 1618.373 1623.095 1627.817 1632.54 1639.465 1646.508 1653.552 1660.595 1666.963 1672.26 1677.557 1682.854 1688.151 1690.565 1692.367 1694.169 1695.971 1697.448 1698.014 1698.58 1699.145 1699.711 1699.76 1699.59 1699.419 1699.248 1699.101 1699.101 1699.101 1699.101 1699.101 1698.331 1696.997 1695.663 1694.329 1692.889 1684.334 1675.779
1669.858 1665.816 1658.155 1650.494 1642.832 1635.171 1627.967 1620.909 1613.85 1606.792 1601.203 1601.603 1602.004 1602.404 1602.804 1603.629 1604.697 1605.764 1606.832 1607.939 1609.543 1611.146 1612.749 1614.352 1617.562 1622.311 1627.06 1631.808 1636.557 1643.238 1650.023 1656.808 1663.594 1669.672 1674.632 1679.591 1684.55 1689.51 1691.695 1693.291 1694.888 1696.484 1697.78 1698.235 1698.69 1699.145 1699.6 1699.472 1699.095 1698.719 1698.342 1698.018 1698.018 1698.018 1698.018 1698.018 1697.185 1695.74 1694.295 1692.85 1691.311 1683.452 1675.594
1677.149 1673.438 1665.983 1658.527 1651.072 1643.617 1635.818 1627.91 1620.002 1612.094 1605.754 1605.801 1605.848 1605.894 1605.941 1606.593 1607.593 1608.592 1609.591 1610.654 1612.521 1614.388 1616.255 1618.121 1621.474 1626.249 1631.025 1635.8 1640.575 1647.012 1653.539 1660.065 1666.592 1672.381 1677.003 1681.625 1686.247 1690.868 1692.825 1694.215 1695.606 1696.996 1698.112 1698.456 1698.8 1699.144 1699.488 1699.183 1698.601 1698.019 1697.436 1696.935 1696.935 1696.935 1696.935 1696.935 1696.038 1694.482 1692.926 1691.37 1689.733 1682.57 1675.408
1684.441 1681.061 1673.811 1666.561 1659.312 1652.062 1643.668 1634.911 1626.154 1617.396 1610.305 1609.998 1609.692 1609.385 1609.078 1609.558 1610.489 1611.419 1612.35 1613.369 1615.499 1617.63 1619.76 1621.891 1625.386 1630.188 1634.989 1639.791 1644.592 1650.786 1657.054 1663.322 1669.59 1675.091 1679.375 1683.659 1687.943 1692.227 1693.955 1695.14 1696.324 1697.509 1698.444 1698.677 1698.911 1699.144 1699.377 1698.895 1698.107 1697.319 1696.531 1695.852 1695.852 1695.852 1695.852 1695.852 1694.891 1693.224 1691.558 1689.891 1688.155 1681.689 1675.223
1690.459 1687.388 1680.371 1673.354 1666.337 1659.32 1650.578 1641.287 1631.997 1622.707 1615.114 1614.438 1613.763 1613.087 1612.411 1612.649 1613.413 1614.176 1614.939 1615.813 1618.096 1620.379 1622.662 1624.945 1628.532 1633.366 1638.201 1643.036 1647.87 1653.875 1659.942 1666.009 1672.076 1677.35 1681.367 1685.385 1689.402 1693.419 1694.956 1695.965 1696.975 1697.984 1698.754 1698.852 1698.949 1699.047 1699.145 1698.32 1697.101 1695.883 1694.664 1693.583 1693.361 1693.138 1692.915 1692.692 1691.529 1689.675 1687.821 1685.968 1684.057 1678.34 1672.623
1691.785 1688.939 1682.254 1675.569 1668.885 1662.2 1654.018 1645.361 1636.703 1628.046 1620.878 1619.775 1618.672 1617.569 1616.466 1616.21 1616.44 1616.671 1616.901 1617.262 1619.287 1621.311 1623.336 1625.36 1628.85 1633.743 1638.636 1643.528 1648.421 1654.438 1660.516 1666.593 1672.671 1677.949 1681.962 1685.974 1689.986 1693.998 1695.481 1696.427 1697.373 1698.319 1698.983 1698.854 1698.725 1698.596 1698.467 1696.691 1694.211 1691.732 1689.252 1686.941 1685.674 1684.407 1683.139 1681.872 1679.996 1677.673 1675.349 1673.026 1670.667 1665.894 1661.122
1693.111 1690.489 1684.137 1677.785 1671.433 1665.08 1657.459 1649.434 1641.41 1633.386 1626.641 1625.111 1623.581 1622.051 1620.52 1619.77 1619.468 1619.165 1618.863 1618.711 1620.477 1622.244 1624.01 1625.776 1629.169 1634.12 1639.07 1644.021 1648.972 1655.002 1661.09 1667.178 1673.266 1678.549 1682.556 1686.563 1690.57 1694.576 1696.007 1696.889 1697.772 1698.655 1699.212 1698.856 1698.5 1698.144 1697.788 1695.061 1691.321 1687.581 1683.841 1680.299 1677.987 1675.675 1673.364 1671.052 1668.463 1665.67 1662.877 1660.085 1657.277 1653.448 1649.62
1694.437 1692.04 1686.02 1680.0 1673.98 1667.96 1660.899 1653.508 1646.117 1638.725 1632.405 1630.447 1628.49 1626.532 1624.575 1623.33 1622.495 1621.66 1620.825 1620.16 1621.668 1623.176 1624.683 1626.191 1629.487 1634.496 1639.505 1644.514 1649.522 1655.565 1661.664 1667.763 1673.861 1679.149 1683.15 1687.152 1691.153 1695.155 1696.532 1697.351 1698.171 1698.99 1699.441 1698.859 1698.276 1697.693 1697.11 1693.432 1688.431 1683.43 1678.429 1673.656 1670.3 1666.944 1663.588 1660.232 1656.93 1653.668 1650.406 1647.143 1643.886 1641.002 1638.118
1695.762 1693.591 1687.903 1682.215 1676.528 1670.84 1664.34 1657.582 1650.823 1644.065 1638.168 1635.784 1633.399 1631.014 1628.63 1626.89 1625.522 1624.154 1622.786 1621.609 1622.859 1624.108 1625.357 1626.606 1629.806 1634.873 1639.939 1645.006 1650.073 1656.129 1662.238 1668.347 1674.457 1679.748 1683.745 1687.741 1691.737 1695.734 1697.057 1697.813 1698.57 1699.326 1699.671 1698.861 1698.051 1697.242 1696.432 1691.802 1685.541 1679.279 1673.017 1667.014 1662.613 1658.213 1653.813 1649.412 1645.397 1641.665 1637.933 1634.202 1630.496 1628.556 1626.616
