data/zism_data/00151_04_D.txt
ncols         224
nrows         224
[rows 0 to 27 of 224, columns 126 to 188 of 224]
862.4888 863.4236 864.3734 865.3231 866.2729 867.1466 867.8578 868.5691 869.2804 869.9916 870.8529 871.7614 872.6699 873.5784 874.5808 875.952 877.3233 878.6946 880.0659 881.4055 882.7277 884.0499 885.3721 886.6782 887.8157 888.9531 890.0906 891.228 892.112 892.7701 893.4283 894.0865 894.7446 894.717 894.6688 894.6207 894.5726 894.5952 894.7183 894.8414 894.9645 895.0876 895.3351 895.6035 895.8719 896.1404 896.4377 896.8034 897.169 897.5347 897.9003 898.2418 898.5748 898.9078 899.2407 899.528 899.6089 899.6897 899.7706 899.8514 899.7763 899.6069 899.4375
860.6586 861.6376 862.6354 863.6333 864.6312 865.6008 866.5099 867.4191 868.3282 869.2373 870.2111 871.2051 872.1992 873.1933 874.2845 875.7574 877.2303 878.7032 880.176 881.6276 883.0675 884.5073 885.9472 887.3617 888.5098 889.658 890.8062 891.9543 892.8433 893.5015 894.1596 894.8177 895.476 895.4171 895.3369 895.2567 895.1765 895.1537 895.2126 895.2716 895.3306 895.3895 895.6138 895.8663 896.1187 896.3711 896.6571 897.0228 897.3884 897.7541 898.1198 898.4691 898.8128 899.1564 899.5001 899.8 899.9023 900.0045 900.1068 900.209 900.1019 899.8683 899.6348
858.8284 859.8516 860.8976 861.9436 862.9896 864.0551 865.1621 866.2691 867.3761 868.4831 869.5693 870.6489 871.7285 872.8082 873.9882 875.5627 877.1372 878.7117 880.2862 881.8497 883.4073 884.9648 886.5223 888.0452 889.204 890.3629 891.5217 892.6805 893.5746 894.2327 894.8909 895.5491 896.2072 896.1172 896.0049 895.8926 895.7803 895.7122 895.707 895.7018 895.6965 895.6913 895.8926 896.129 896.3654 896.6017 896.8765 897.2422 897.6078 897.9734 898.3391 898.6964 899.0508 899.4052 899.7595 900.0721 900.1957 900.3193 900.4429 900.5666 900.4276 900.1298 899.8321
856.9981 858.0655 859.1597 860.2538 861.348 862.5093 863.8141 865.1191 866.424 867.7288 868.9274 870.0927 871.2579 872.4231 873.692 875.368 877.0442 878.7203 880.3964 882.0719 883.7471 885.4222 887.0974 888.7286 889.8982 891.0677 892.2373 893.4069 894.3059 894.9641 895.6222 896.2804 896.9385 896.8174 896.673 896.5286 896.3842 896.2708 896.2014 896.132 896.0625 895.9931 896.1714 896.3918 896.6121 896.8324 897.0959 897.4615 897.8272 898.1929 898.5585 898.9237 899.2888 899.6539 900.0189 900.3441 900.4891 900.6342 900.7792 900.9241 900.7532 900.3914 900.0294
855.3317 856.4755 857.6581 858.8407 860.0233 861.2598 862.6114 863.963 865.3146 866.6662 867.9833 869.2896 870.5957 871.9019 873.3018 875.0694 876.837 878.6047 880.3723 882.1335 883.8911 885.6486 887.4063 889.1176 890.3431 891.5687 892.7944 894.0199 894.924 895.5419 896.1597 896.7776 897.3954 897.286 897.1548 897.0237 896.8926 896.7771 896.6838 896.5905 896.4972 896.4039 896.5048 896.6385 896.7722 896.906 897.1086 897.4743 897.84 898.2056 898.5712 898.9891 899.4253 899.8615 900.2977 900.7151 901.0478 901.3805 901.7131 902.0458 901.9558 901.6104 901.2648
853.6755 854.8976 856.1711 857.4446 858.7182 860.0286 861.4175 862.8066 864.1957 865.5847 867.0206 868.4713 869.9218 871.3724 872.9059 874.7643 876.623 878.4816 880.34 882.1852 884.0231 885.8608 887.6986 889.4883 890.7727 892.0571 893.3416 894.626 895.5352 896.1103 896.6853 897.2604 897.8354 897.7404 897.6252 897.5102 897.3951 897.2802 897.1655 897.0508 896.9361 896.8214 896.8414 896.8842 896.9271 896.9699 897.1086 897.4743 897.84 898.2056 898.5712 899.0444 899.5555 900.0666 900.5777 901.0923 901.6228 902.1534 902.6839 903.2144 903.2123 902.8882 902.5641
852.0192 853.3197 854.6841 856.0486 857.413 858.7973 860.2237 861.6502 863.0767 864.5031 866.0579 867.6529 869.2479 870.843 872.5099 874.4594 876.4088 878.3583 880.3078 882.237 884.155 886.073 887.991 889.8591 891.2023 892.5456 893.8889 895.2321 896.1464 896.6786 897.2109 897.7432 898.2755 898.1948 898.0957 897.9966 897.8976 897.7832 897.6472 897.511 897.375 897.2389 897.1781 897.13 897.0819 897.0338 897.1086 897.4743 897.84 898.2056 898.5712 899.0997 899.6857 900.2717 900.8577 901.4694 902.1978 902.9263 903.6547 904.3831 904.4689 904.1662 903.8635
850.3629 851.7418 853.1972 854.6525 856.1079 857.566 859.0298 860.4938 861.9577 863.4216 865.0952 866.8346 868.574 870.3134 872.114 874.1543 876.1947 878.2352 880.2755 882.2887 884.287 886.2852 888.2834 890.2299 891.6319 893.034 894.4362 895.8382 896.7576 897.2471 897.7365 898.2261 898.7155 898.6491 898.5661 898.4831 898.4001 898.2863 898.1288 897.9714 897.8139 897.6564 897.5148 897.3757 897.2367 897.0977 897.1086 897.4743 897.84 898.2056 898.5712 899.1551 899.8159 900.4768 901.1376 901.8466 902.7729 903.6992 904.6255 905.5518 905.7255 905.4442 905.1628
848.9188 850.3378 851.8369 853.3359 854.8349 856.3465 857.8848 859.4231 860.9614 862.4997 864.2838 866.145 868.0062 869.8675 871.7806 873.8975 876.0145 878.1314 880.2483 882.3206 884.3683 886.4159 888.4636 890.4583 891.8965 893.3348 894.7732 896.2115 897.1405 897.616 898.0914 898.5669 899.0424 898.9752 898.8918 898.8083 898.725 898.6004 898.4175 898.2345 898.0515 897.8685 897.6841 897.4993 897.3146 897.1299 897.108 897.4716 897.8352 898.1988 898.5624 899.2041 899.944 900.6838 901.4236 902.2405 903.4058 904.571 905.7363 906.9016 907.3015 907.2388 907.176
847.8152 849.2126 850.6796 852.1465 853.6135 855.1458 856.8178 858.4899 860.1619 861.8339 863.715 865.6619 867.6086 869.5555 871.5477 873.7181 875.8885 878.059 880.2293 882.3206 884.3683 886.4159 888.4636 890.4583 891.8965 893.3348 894.7732 896.2115 897.1575 897.665 898.1726 898.6802 899.1877 899.0955 898.9854 898.8752 898.765 898.6116 898.3965 898.1815 897.9664 897.7513 897.585 897.4271 897.269 897.1111 897.1064 897.4647 897.8229 898.1812 898.5394 899.243 900.0684 900.8938 901.7192 902.6615 904.1316 905.6017 907.0718 908.5419 909.3901 909.8622 910.3343
846.7115 848.0875 849.5223 850.9572 852.392 853.9452 855.7509 857.5566 859.3624 861.1681 863.1463 865.1787 867.2111 869.2435 871.3148 873.5386 875.7626 877.9865 880.2103 882.3206 884.3683 886.4159 888.4636 890.4583 891.8965 893.3348 894.7732 896.2115 897.1744 897.7141 898.2537 898.7934 899.333 899.2158 899.0789 898.942 898.8051 898.6227 898.3755 898.1284 897.8812 897.6341 897.486 897.3547 897.2235 897.0923 897.1049 897.4578 897.8107 898.1635 898.5164 899.2819 900.1929 901.1039 902.0149 903.0825 904.8574 906.6324 908.4073 910.1823 911.4786 912.4856 913.4925
845.608 846.9623 848.3651 849.7678 851.1707 852.7445 854.684 856.6234 858.5629 860.5023 862.5776 864.6956 866.8135 868.9315 871.0819 873.3592 875.6366 877.914 880.1913 882.3206 884.3683 886.4159 888.4636 890.4583 891.8965 893.3348 894.7732 896.2115 897.1914 897.7632 898.3349 898.9066 899.4783 899.3361 899.1724 899.0088 898.8452 898.6338 898.3546 898.0753 897.7961 897.5168 897.387 897.2825 897.178 897.0735 897.1033 897.4508 897.7983 898.1459 898.4935 899.3207 900.3173 901.3139 902.3105 903.5034 905.5832 907.663 909.7429 911.8226 913.5671 915.1089 916.6507
844.5043 845.8371 847.2078 848.5785 849.9492 851.5439 853.6169 855.6901 857.7633 859.8364 862.0089 864.2124 866.416 868.6196 870.8489 873.1797 875.5107 877.8416 880.1724 882.3206 884.3683 886.4159 888.4636 890.4583 891.8965 893.3348 894.7732 896.2115 897.2084 897.8123 898.416 899.0199 899.6237 899.4564 899.266 899.0756 898.8853 898.645 898.3336 898.0223 897.7109 897.3996 897.288 897.2102 897.1324 897.0547 897.1017 897.4438 897.7861 898.1282 898.4705 899.3596 900.4418 901.524 902.6062 903.9244 906.309 908.6937 911.0784 913.463 915.6558 917.7323 919.8089
843.6125 845.0652 846.5541 848.0428 849.5317 851.2198 853.3339 855.448 857.5621 859.6761 861.8764 864.1037 866.3309 868.5582 870.8085 873.1486 875.4888 877.8289 880.1691 882.2778 884.2593 886.2406 888.222 890.1519 891.5416 892.9314 894.3211 895.7108 896.6714 897.2499 897.8284 898.4069 898.9854 898.847 898.6874 898.5277 898.368 898.1508 897.8515 897.5522 897.253 896.9537 896.8932 896.8731 896.853 896.8329 896.9214 897.2672 897.6129 897.9586 898.3042 899.3228 900.579 901.8351 903.0912 904.6207 907.3852 910.1498 912.9146 915.6791 918.3152 920.8735 923.4319
842.7653 844.3677 846.0063 847.6448 849.2834 851.0804 853.2159 855.3514 857.4869 859.6223 861.8358 864.0738 866.3117 868.5497 870.8085 873.1486 875.4888 877.8289 880.1691 882.2261 884.1273 886.0284 887.9296 889.7812 891.1121 892.4429 893.7739 895.1047 896.0178 896.5588 897.0999 897.6409 898.1819 898.0842 897.9673 897.8504 897.7335 897.5501 897.2723 896.9944 896.7166 896.4387 896.4362 896.4802 896.5243 896.5684 896.7037 897.0547 897.4057 897.7568 898.1078 899.2701 900.7188 902.1675 903.6161 905.3749 908.5353 911.6957 914.8561 918.0164 921.095 924.1239 927.153
841.918 843.6702 845.4586 847.2468 849.0352 850.941 853.0978 855.2547 857.4116 859.5684 861.7952 864.0438 866.2925 868.5412 870.8085 873.1486 875.4888 877.8289 880.1691 882.1744 883.9953 885.8162 887.6372 889.4104 890.6824 891.9545 893.2266 894.4986 895.3642 895.8678 896.3714 896.875 897.3786 897.3212 897.2471 897.173 897.0989 896.9495 896.6931 896.4366 896.1802 895.9237 895.9791 896.0874 896.1956 896.3039 896.4858 896.8422 897.1986 897.555 897.9114 899.2174 900.8586 902.4998 904.1411 906.1293 909.6853 913.2415 916.7977 920.3538 923.8748 927.3743 930.874
841.0708 842.9728 844.9108 846.8488 848.7869 850.8016 852.9798 855.158 857.3363 859.5145 861.7545 864.0139 866.2733 868.5327 870.8085 873.1486 875.4888 877.8289 880.1691 882.1226 883.8633 885.6041 887.3448 889.0396 890.2529 891.4661 892.6793 893.8925 894.7106 895.1768 895.6429 896.1091 896.5753 896.5583 896.527 896.4957 896.4644 896.3489 896.1139 895.8788 895.6438 895.4088 895.5221 895.6945 895.8669 896.0394 896.2681 896.6298 896.9915 897.3533 897.715 899.1647 900.9985 902.8322 904.666 906.8835 910.8353 914.7873 918.7392 922.691 926.6544 930.6245 934.5948
840.35 842.3831 844.4523 846.5214 848.5906 850.6977 852.8858 855.074 857.2622 859.4503 861.6844 863.933 866.1816 868.4302 870.6901 872.9943 875.2987 877.603 879.9073 881.8075 883.4852 885.1629 886.8406 888.473 889.6303 890.7876 891.9448 893.1021 893.8861 894.3378 894.7894 895.2411 895.6928 895.7115 895.7172 895.723 895.7287 895.6509 895.4545 895.258 895.0615 894.8651 895.0365 895.2702 895.5039 895.7377 896.0157 896.3986 896.7814 897.1643 897.5471 899.15 901.1835 903.2169 905.2504 907.7115 912.1049 916.4985 920.8922 925.2856 929.6667 934.04 938.4135
839.9744 842.0878 844.2372 846.3865 848.5359 850.6909 852.8576 855.0244 857.1912 859.358 861.5341 863.7131 865.8922 868.0712 870.2485 872.4191 874.5897 876.7604 878.9309 880.7733 882.435 884.0966 885.7583 887.3719 888.481 889.5901 890.6993 891.8084 892.5952 893.095 893.5948 894.0947 894.5944 894.6353 894.6624 894.6895 894.7167 894.6868 894.5759 894.465 894.3541 894.2433 894.4728 894.76 895.0472 895.3344 895.6691 896.1161 896.5632 897.0103 897.4573 899.239 901.4918 903.7444 905.9973 908.7406 913.7009 918.6614 923.6219 928.5823 933.3136 937.9063 942.499
839.5989 841.7925 844.0221 846.2516 848.4813 850.6841 852.8294 854.9748 857.1202 859.2656 861.3837 863.4932 865.6027 867.7122 869.807 871.8439 873.8808 875.9177 877.9546 879.7392 881.3848 883.0304 884.676 886.2708 887.3318 888.3928 889.4538 890.5148 891.3044 891.8523 892.4002 892.9482 893.4961 893.5591 893.6076 893.6561 893.7047 893.7227 893.6974 893.6721 893.6468 893.6215 893.9091 894.2498 894.5905 894.9312 895.3226 895.8337 896.345 896.8562 897.3674 899.3279 901.8 904.272 906.744 909.7697 915.2969 920.8242 926.3516 931.8788 936.9604 941.7723 946.5844
839.2234 841.4971 843.807 846.1168 848.4266 850.6772 852.8012 854.9252 857.0493 859.1732 861.2333 863.2733 865.3132 867.3532 869.3655 871.2686 873.1719 875.0751 876.9783 878.705 880.3346 881.9641 883.5937 885.1696 886.1825 887.1954 888.2083 889.2211 890.0135 890.6096 891.2056 891.8017 892.3978 892.4829 892.5528 892.6227 892.6926 892.7585 892.8188 892.8791 892.9394 892.9996 893.3455 893.7396 894.1338 894.528 894.976 895.5513 896.1267 896.7021 897.2775 899.4169 902.1082 904.7995 907.4908 910.7988 916.8928 922.9871 929.0814 935.1755 940.6074 945.6385 950.6699
838.8478 841.2018 843.5919 845.9819 848.372 850.6704 852.7729 854.8756 856.9782 859.0808 861.0829 863.0533 865.0237 866.9942 868.924 870.6934 872.463 874.2325 876.0019 877.6708 879.2844 880.8978 882.5114 884.0685 885.0332 885.9979 886.9626 887.9274 888.7225 889.3668 890.011 890.6552 891.2994 891.4067 891.498 891.5893 891.6806 891.7944 891.9403 892.0861 892.232 892.3779 892.7817 893.2294 893.6771 894.1247 894.6294 895.2689 895.9085 896.548 897.1876 899.5058 902.4164 905.327 908.2377 911.8278 918.4888 925.15 931.8112 938.4722 944.2543 949.5048 954.7554
838.7376 841.0663 843.4227 845.7789 848.1353 850.3918 852.435 854.4782 856.5215 858.5647 860.5141 862.434 864.3539 866.2738 868.1446 869.8221 871.4998 873.1773 874.8549 876.4637 878.0345 879.6054 881.1763 882.6966 883.6853 884.6741 885.6628 886.6516 887.4594 888.1062 888.753 889.3997 890.0465 890.2079 890.3547 890.5016 890.6485 890.8365 891.0832 891.3298 891.5764 891.8231 892.3035 892.8237 893.3438 893.8639 894.4318 895.1127 895.7937 896.4747 897.1556 899.5512 902.5521 905.5527 908.5536 912.288 919.3373 926.3869 933.4365 940.4859 946.6007 952.1502 957.6999
838.7357 840.9959 843.2721 845.5481 847.8242 850.0023 851.9706 853.9389 855.9073 857.8756 859.7746 861.6517 863.5288 865.4059 867.2274 868.83 870.4327 872.0355 873.6382 875.1859 876.7033 878.2206 879.738 881.2142 882.2563 883.2986 884.3409 885.3831 886.2076 886.8384 887.4691 888.0999 888.7305 888.959 889.1754 889.3918 889.6082 889.8812 890.2348 890.5884 890.942 891.2956 891.8602 892.4606 893.0609 893.6613 894.295 895.0081 895.7211 896.4342 897.1472 899.5789 902.6172 905.6553 908.6936 912.5158 919.8807 927.2458 934.611 941.976 948.4164 954.2974 960.1787
838.7336 840.9256 843.1215 845.3173 847.5132 849.6127 851.5061 853.3996 855.2932 857.1866 859.035 860.8694 862.7037 864.538 866.3102 867.838 869.3658 870.8937 872.4214 873.9081 875.372 876.8359 878.2998 879.7318 880.8274 881.9232 883.0189 884.1146 884.9559 885.5706 886.1852 886.7999 887.4146 887.7101 887.996 888.2819 888.5679 888.9259 889.3865 889.847 890.3076 890.7681 891.4169 892.0974 892.778 893.4586 894.1583 894.9034 895.6486 896.3937 897.1389 899.6066 902.6823 905.7579 908.8336 912.7437 920.4241 928.1049 935.7856 943.466 950.232 956.4446 962.6575
838.7317 840.8552 842.9709 845.0865 847.2022 849.2231 851.0417 852.8603 854.679 856.4975 858.2955 860.087 861.8785 863.6701 865.3929 866.8459 868.2988 869.7518 871.2047 872.6302 874.0407 875.4511 876.8616 878.2493 879.3984 880.5477 881.6969 882.8461 883.704 884.3027 884.9013 885.5 886.0986 886.4611 886.8166 887.1721 887.5275 887.9706 888.5381 889.1057 889.6732 890.2407 890.9735 891.7343 892.4951 893.2559 894.0215 894.7988 895.576 896.3533 897.1305 899.6343 902.7474 905.8605 908.9736 912.9715 920.9675 928.9638 936.9601 944.9561 952.0477 958.5919 965.1364
838.7201 840.7717 842.8046 844.8376 846.8705 848.8111 850.554 852.2969 854.0398 855.7827 857.5294 859.2773 861.0252 862.7732 864.4474 865.8319 867.2166 868.6011 869.9857 871.3551 872.7161 874.0771 875.4382 876.7847 877.9783 879.1721 880.3658 881.5595 882.4365 883.0313 883.6261 884.2209 884.8157 885.2456 885.6706 886.0956 886.5206 887.0469 887.7173 888.3878 889.0583 889.7287 890.5422 891.38 892.2177 893.0555 893.8848 894.6942 895.5035 896.3128 897.1221 899.6577 902.8026 905.9474 909.0923 913.1655 921.434 929.7027 937.9714 946.2399 953.6377 960.5086 967.3798
838.6548 840.6141 842.5508 844.4875 846.4243 848.2736 849.9362 851.5989 853.2617 854.9243 856.6152 858.3151 860.0148 861.7146 863.3439 864.6964 866.0489 867.4014 868.7538 870.0947 871.429 872.7632 874.0975 875.4191 876.6074 877.7958 878.9843 880.1726 881.0809 881.7399 882.3989 883.0579 883.7169 884.2162 884.7107 885.2052 885.6997 886.3 887.0507 887.8013 888.552 889.3027 890.1781 891.0747 891.9713 892.8679 893.7481 894.5895 895.4309 896.2723 897.1138 899.6577 902.8026 905.9474 909.0923 913.1714 921.4719 929.7727 938.0735 946.374 953.9706 961.141 968.3117
