data/zism_data/00155_01_D.txt
ncols         224
nrows         224
[rows 112 to 139 of 224, columns 63 to 125 of 224]
916.0685 918.1456 920.2228 920.1608 916.7316 913.3024 909.8732 906.444 901.6006 896.5471 891.4935 886.4398 882.7828 881.691 880.5992 879.5075 878.4157 881.6413 885.7229 889.8044 893.886 899.1296 906.8818 914.6341 922.3865 930.1387 940.3687 951.2239 962.0789 972.9338 984.4991 997.8851 1011.271 1024.657 1038.043 1057.919 1079.815 1101.712 1123.608 1145.795 1168.881 1191.967 1215.052 1238.139 1252.292 1263.085 1273.878 1284.67 1295.383 1305.794 1316.204 1326.614 1337.025 1349.193 1362.148 1375.104 1388.06 1400.509 1410.535 1420.56 1430.585 1440.611 1448.793
927.6285 930.0455 932.4625 932.6972 929.4967 926.2961 923.0957 919.8952 914.6868 909.1797 903.6727 898.1656 893.9315 892.0352 890.139 888.2428 886.3466 889.5252 893.71 897.8948 902.0795 907.2549 914.5687 921.8826 929.1965 936.5104 945.7398 955.4526 965.1653 974.8779 985.4378 998.1694 1010.901 1023.633 1036.364 1055.941 1077.649 1099.357 1121.064 1143.196 1166.636 1190.076 1213.516 1236.956 1252.078 1264.072 1276.066 1288.059 1299.771 1310.417 1321.062 1331.708 1342.353 1354.416 1367.114 1379.813 1392.511 1404.881 1415.683 1426.485 1437.287 1448.089 1456.646
938.0597 940.7739 943.4882 944.0894 941.3644 938.6395 935.9146 933.1896 927.8499 922.1213 916.3926 910.6639 906.0367 903.4326 900.8284 898.2242 895.6201 899.0333 903.6396 908.2459 912.8522 918.2181 925.2239 932.2297 939.2355 946.2413 954.2823 962.5847 970.8868 979.189 988.5248 1000.511 1012.496 1024.482 1036.468 1055.493 1076.709 1097.925 1119.141 1140.886 1164.267 1187.647 1211.027 1234.408 1250.485 1263.813 1277.141 1290.47 1303.244 1313.917 1324.589 1335.262 1345.934 1357.726 1370.018 1382.311 1394.604 1406.818 1418.652 1430.486 1442.32 1454.155 1463.252
948.4913 951.5027 954.5142 955.4819 953.2326 950.9832 948.7339 946.4845 941.0135 935.0632 929.113 923.1627 918.1425 914.8304 911.5182 908.2061 904.8939 908.5418 913.5696 918.5974 923.6252 929.1818 935.8795 942.5771 949.2749 955.9726 962.8251 969.7169 976.6085 983.5001 991.6119 1002.852 1014.092 1025.332 1036.572 1055.044 1075.769 1096.493 1117.217 1138.576 1161.897 1185.218 1208.539 1231.861 1248.891 1263.554 1278.217 1292.881 1306.717 1317.417 1328.116 1338.816 1349.515 1361.035 1372.922 1384.81 1396.698 1408.754 1421.621 1434.487 1447.353 1460.22 1469.858
958.9224 962.2311 965.5399 966.8741 965.1003 963.3265 961.5527 959.7789 954.1766 948.0048 941.8329 935.6611 930.2478 926.2277 922.2076 918.1875 914.1675 918.0499 923.4993 928.9486 934.3979 940.145 946.5346 952.9242 959.3139 965.7035 971.3677 976.8489 982.33 987.8112 994.699 1005.193 1015.687 1026.182 1036.676 1054.596 1074.829 1095.061 1115.293 1136.266 1159.528 1182.79 1206.051 1229.313 1247.297 1263.295 1279.293 1295.291 1310.19 1320.916 1331.643 1342.369 1353.096 1364.344 1375.827 1387.309 1398.791 1410.69 1424.589 1438.488 1452.386 1466.285 1476.463
969.1627 972.7075 976.2524 977.9085 976.5915 975.2744 973.9574 972.6404 967.0505 960.8251 954.5997 948.3742 942.7322 938.1616 933.5909 929.0203 924.4497 928.5243 934.3129 940.1014 945.89 951.8057 957.9953 964.1849 970.3746 976.5643 981.1847 985.4093 989.6339 993.8584 999.595 1009.208 1018.822 1028.435 1038.048 1055.189 1074.674 1094.158 1113.642 1133.998 1157.045 1180.093 1203.14 1226.187 1245.002 1262.224 1279.447 1296.67 1312.553 1323.359 1334.164 1344.969 1355.775 1366.883 1378.128 1389.373 1400.618 1412.485 1427.335 1442.185 1457.035 1471.885 1482.486
978.7159 982.2769 985.838 987.6552 986.7272 985.7993 984.8713 983.9434 978.8837 973.2096 967.5355 961.8612 956.5818 952.0274 947.473 942.9186 938.3642 942.4775 948.3093 954.1411 959.9728 965.9779 972.3567 978.7355 985.1144 991.4932 995.5906 999.1127 1002.635 1006.157 1011.004 1019.25 1027.497 1035.743 1043.989 1059.531 1077.346 1095.16 1112.975 1131.88 1154.155 1176.429 1198.703 1220.978 1240.182 1258.232 1276.281 1294.33 1310.924 1321.994 1333.064 1344.134 1355.204 1366.649 1378.261 1389.874 1401.486 1413.771 1429.28 1444.789 1460.298 1475.808 1486.41
988.2687 991.8459 995.4233 997.4015 996.8626 996.3237 995.7848 995.2459 990.7166 985.5936 980.4707 975.3477 970.431 965.8928 961.3545 956.8163 952.2781 956.4302 962.3052 968.1802 974.0552 980.1497 986.7176 993.2855 999.8536 1006.422 1009.996 1012.816 1015.635 1018.455 1022.413 1029.292 1036.171 1043.05 1049.929 1063.874 1080.018 1096.163 1112.307 1129.762 1151.264 1172.766 1194.267 1215.769 1235.363 1254.239 1273.115 1291.991 1309.294 1320.629 1331.964 1343.299 1354.634 1366.414 1378.394 1390.374 1402.354 1415.057 1431.225 1447.394 1463.562 1479.73 1490.334
997.8218 1001.415 1005.009 1007.148 1006.998 1006.849 1006.699 1006.549 1002.55 997.9781 993.4065 988.8347 984.2806 979.7586 975.2366 970.7145 966.1926 970.3834 976.3016 982.2198 988.138 994.3219 1001.079 1007.836 1014.593 1021.35 1024.402 1026.519 1028.636 1030.753 1033.823 1039.335 1044.846 1050.358 1055.87 1068.216 1082.691 1097.165 1111.64 1127.644 1148.373 1169.102 1189.831 1210.56 1230.543 1250.246 1269.949 1289.652 1307.665 1319.265 1330.864 1342.464 1354.064 1366.18 1378.527 1390.875 1403.222 1416.343 1433.171 1449.998 1466.826 1483.654 1494.259
1007.375 1010.984 1014.594 1016.894 1017.134 1017.373 1017.612 1017.851 1014.383 1010.362 1006.342 1002.321 998.1298 993.624 989.1181 984.6123 980.1066 984.3361 990.2975 996.2589 1002.22 1008.494 1015.44 1022.386 1029.333 1036.279 1038.808 1040.222 1041.637 1043.051 1045.232 1049.376 1053.521 1057.665 1061.81 1072.558 1085.363 1098.168 1110.972 1125.526 1145.483 1165.439 1185.395 1205.351 1225.724 1246.254 1266.784 1287.313 1306.035 1317.9 1329.764 1341.629 1353.494 1365.945 1378.66 1391.375 1404.09 1417.629 1435.116 1452.603 1470.089 1487.576 1498.183
1017.27 1020.896 1024.522 1026.864 1027.186 1027.508 1027.83 1028.152 1025.231 1021.826 1018.422 1015.018 1011.24 1006.775 1002.311 997.8463 993.382 997.471 1003.256 1009.041 1014.826 1021.044 1028.197 1035.351 1042.504 1049.658 1052.329 1053.87 1055.41 1056.951 1058.856 1061.694 1064.533 1067.371 1070.21 1079.801 1091.494 1103.187 1114.88 1128.317 1147.14 1165.964 1184.787 1203.61 1223.426 1243.615 1263.804 1283.993 1302.547 1314.896 1327.245 1339.595 1351.944 1364.7 1377.638 1390.576 1403.514 1417.257 1434.856 1452.455 1470.053 1487.652 1498.191
1027.335 1030.977 1034.62 1036.945 1037.196 1037.448 1037.7 1037.952 1035.586 1032.83 1030.074 1027.318 1023.979 1019.569 1015.158 1010.748 1006.337 1010.196 1015.695 1021.193 1026.692 1032.783 1040.152 1047.522 1054.892 1062.261 1065.408 1067.489 1069.57 1071.651 1073.587 1075.15 1076.713 1078.276 1079.839 1088.493 1099.354 1110.214 1121.075 1133.563 1151.073 1168.583 1186.092 1203.603 1222.388 1241.653 1260.918 1280.183 1298.13 1311.073 1324.017 1336.961 1349.905 1362.949 1376.038 1389.128 1402.217 1416.057 1433.494 1450.93 1468.367 1485.803 1496.24
1037.401 1041.06 1044.718 1047.026 1047.207 1047.389 1047.57 1047.752 1045.941 1043.834 1041.726 1039.619 1036.719 1032.362 1028.006 1023.65 1019.293 1022.922 1028.134 1033.346 1038.558 1044.522 1052.108 1059.694 1067.28 1074.865 1078.487 1081.108 1083.73 1086.351 1088.318 1088.606 1088.894 1089.182 1089.469 1097.185 1107.214 1117.242 1127.271 1138.808 1155.005 1171.202 1187.398 1203.595 1221.35 1239.691 1258.032 1276.373 1293.712 1307.251 1320.789 1334.327 1347.865 1361.198 1374.439 1387.68 1400.92 1414.857 1432.132 1449.406 1466.681 1483.955 1494.29
1047.467 1051.141 1054.816 1057.106 1057.217 1057.329 1057.44 1057.551 1056.296 1054.837 1053.378 1051.919 1049.458 1045.156 1040.854 1036.551 1032.249 1035.648 1040.573 1045.499 1050.425 1056.261 1064.063 1071.865 1079.667 1087.469 1091.566 1094.727 1097.889 1101.051 1103.049 1102.061 1101.074 1100.086 1099.099 1105.877 1115.074 1124.27 1133.466 1144.053 1158.937 1173.821 1188.704 1203.588 1220.312 1237.729 1255.146 1272.563 1289.295 1303.428 1317.56 1331.693 1345.826 1359.447 1372.839 1386.231 1399.623 1413.658 1430.77 1447.882 1464.994 1482.107 1492.339
1057.342 1061.047 1064.752 1067.041 1067.102 1067.162 1067.223 1067.283 1066.558 1065.716 1064.874 1064.031 1062.031 1057.902 1053.773 1049.645 1045.516 1048.68 1053.29 1057.899 1062.509 1068.163 1076.069 1083.976 1091.883 1099.79 1104.339 1108.041 1111.743 1115.445 1117.526 1115.451 1113.375 1111.3 1109.225 1115.112 1123.479 1131.845 1140.211 1149.857 1163.454 1177.051 1190.647 1204.245 1219.918 1236.374 1252.829 1269.284 1285.357 1299.978 1314.599 1329.22 1343.842 1357.725 1371.279 1384.832 1398.386 1412.523 1429.458 1446.393 1463.328 1480.264 1490.396
1065.766 1069.611 1073.457 1075.87 1076.027 1076.185 1076.343 1076.501 1076.113 1075.643 1075.174 1074.705 1073.328 1070.286 1067.244 1064.201 1061.159 1064.051 1068.121 1072.19 1076.26 1081.308 1088.469 1095.629 1102.79 1109.951 1114.782 1119.024 1123.267 1127.51 1130.075 1128.34 1126.605 1124.87 1123.135 1128.485 1136.041 1143.597 1151.152 1159.92 1172.43 1184.941 1197.451 1209.962 1224.432 1239.639 1254.846 1270.052 1285.071 1299.373 1313.675 1327.978 1342.28 1356.229 1370.021 1383.812 1397.603 1411.887 1428.53 1445.173 1461.816 1478.46 1488.506
1074.189 1078.175 1082.161 1084.698 1084.953 1085.208 1085.463 1085.718 1085.667 1085.57 1085.474 1085.378 1084.626 1082.67 1080.714 1078.757 1076.801 1079.423 1082.952 1086.481 1090.01 1094.452 1100.867 1107.282 1113.697 1120.112 1125.224 1130.007 1134.79 1139.573 1142.623 1141.229 1139.834 1138.44 1137.045 1141.858 1148.603 1155.348 1162.093 1169.982 1181.407 1192.831 1204.255 1215.68 1228.945 1242.904 1256.862 1270.821 1284.785 1298.768 1312.752 1326.735 1340.719 1354.733 1368.762 1382.792 1396.82 1411.25 1427.602 1443.953 1460.305 1476.656 1486.615
1082.612 1086.739 1090.865 1093.526 1093.878 1094.23 1094.583 1094.935 1095.221 1095.498 1095.775 1096.051 1095.924 1095.054 1094.184 1093.314 1092.444 1094.794 1097.783 1100.771 1103.76 1107.597 1113.266 1118.935 1124.605 1130.274 1135.667 1140.991 1146.314 1151.638 1155.172 1154.118 1153.064 1152.01 1150.956 1155.231 1161.165 1167.099 1173.034 1180.045 1190.383 1200.721 1211.059 1221.397 1233.459 1246.169 1258.879 1271.589 1284.498 1298.163 1311.828 1325.492 1339.157 1353.237 1367.504 1381.771 1396.038 1410.614 1426.674 1442.733 1458.793 1474.852 1484.725
1091.035 1095.302 1099.57 1102.354 1102.803 1103.253 1103.702 1104.152 1104.776 1105.425 1106.075 1106.724 1107.221 1107.437 1107.654 1107.87 1108.087 1110.165 1112.614 1115.062 1117.51 1120.742 1125.665 1130.588 1135.512 1140.435 1146.109 1151.974 1157.838 1163.702 1167.72 1167.007 1166.293 1165.579 1164.866 1168.604 1173.727 1178.851 1183.974 1190.108 1199.359 1208.611 1217.863 1227.115 1237.972 1249.434 1260.896 1272.357 1284.212 1297.558 1310.904 1324.249 1337.595 1351.741 1366.246 1380.751 1395.255 1409.978 1425.746 1441.513 1457.281 1473.049 1482.835
1097.621 1102.209 1106.797 1109.905 1110.684 1111.464 1112.242 1113.021 1114.036 1115.086 1116.136 1117.186 1118.224 1119.239 1120.255 1121.27 1122.286 1124.072 1126.01 1127.948 1129.886 1132.62 1137.069 1141.518 1145.968 1150.417 1156.538 1163.08 1169.621 1176.163 1180.78 1180.458 1180.137 1179.816 1179.495 1182.479 1186.493 1190.506 1194.52 1199.585 1207.897 1216.209 1224.521 1232.833 1243.02 1253.911 1264.803 1275.694 1287.124 1300.597 1314.07 1327.543 1341.016 1355.355 1370.082 1384.809 1399.536 1414.312 1429.32 1444.329 1459.337 1474.346 1483.54
1102.794 1107.841 1112.889 1116.475 1117.762 1119.049 1120.336 1121.623 1123.071 1124.542 1126.014 1127.485 1129.0 1130.593 1132.187 1133.781 1135.374 1136.85 1138.302 1139.754 1141.206 1143.523 1147.707 1151.892 1156.077 1160.261 1166.954 1174.279 1181.605 1188.93 1194.232 1194.343 1194.454 1194.565 1194.676 1196.741 1199.415 1202.088 1204.761 1208.612 1216.097 1223.582 1231.068 1238.553 1248.478 1259.321 1270.164 1281.006 1292.496 1306.439 1320.382 1334.325 1348.268 1362.898 1377.836 1392.774 1407.712 1422.469 1436.359 1450.249 1464.138 1478.028 1486.242
1107.967 1113.474 1118.98 1123.045 1124.84 1126.635 1128.43 1130.225 1132.105 1133.998 1135.891 1137.784 1139.776 1141.948 1144.119 1146.291 1148.463 1149.628 1150.594 1151.56 1152.525 1154.426 1158.346 1162.266 1166.186 1170.105 1177.37 1185.48 1193.589 1201.698 1207.684 1208.228 1208.771 1209.314 1209.858 1211.004 1212.337 1213.67 1215.003 1217.638 1224.297 1230.955 1237.614 1244.272 1253.936 1264.73 1275.525 1286.319 1297.868 1312.281 1326.694 1341.108 1355.521 1370.442 1385.59 1400.739 1415.888 1430.626 1443.397 1456.168 1468.94 1481.711 1488.944
1113.14 1119.106 1125.072 1129.615 1131.918 1134.221 1136.523 1138.826 1141.14 1143.454 1145.769 1148.083 1150.551 1153.301 1156.052 1158.802 1161.552 1162.407 1162.886 1163.365 1163.845 1165.329 1168.984 1172.639 1176.294 1179.949 1187.787 1196.68 1205.572 1214.465 1221.136 1222.112 1223.088 1224.063 1225.039 1225.265 1225.258 1225.251 1225.244 1226.665 1232.497 1238.328 1244.16 1249.992 1259.394 1270.14 1280.885 1291.631 1303.24 1318.123 1333.007 1347.89 1362.773 1377.985 1393.345 1408.704 1424.063 1438.783 1450.436 1462.088 1473.741 1485.394 1491.646
1118.254 1124.682 1131.11 1136.134 1138.948 1141.763 1144.578 1147.392 1150.14 1152.878 1155.615 1158.353 1161.297 1164.621 1167.944 1171.267 1174.59 1175.148 1175.157 1175.166 1175.175 1176.258 1179.658 1183.058 1186.458 1189.859 1198.257 1207.917 1217.576 1227.235 1234.576 1235.973 1237.369 1238.765 1240.162 1239.474 1238.138 1236.802 1235.465 1235.681 1240.688 1245.696 1250.703 1255.711 1264.854 1275.553 1286.253 1296.952 1308.622 1323.976 1339.329 1354.683 1370.036 1385.536 1401.101 1416.667 1432.232 1446.928 1457.459 1467.99 1478.521 1489.052 1494.326
1119.372 1126.438 1133.503 1139.213 1142.79 1146.366 1149.943 1153.52 1156.836 1160.115 1163.393 1166.671 1170.043 1173.588 1177.133 1180.677 1184.222 1185.344 1185.985 1186.627 1187.268 1188.918 1192.745 1196.573 1200.4 1204.227 1212.409 1221.691 1230.972 1240.253 1247.215 1248.233 1249.251 1250.27 1251.288 1250.073 1248.164 1246.255 1244.346 1243.969 1248.322 1252.676 1257.029 1261.383 1270.434 1281.252 1292.071 1302.889 1314.749 1330.562 1346.375 1362.187 1378.0 1393.568 1409.025 1424.482 1439.94 1454.315 1463.506 1472.696 1481.887 1491.078 1495.571
1120.49 1128.193 1135.897 1142.293 1146.631 1150.97 1155.308 1159.647 1163.533 1167.351 1171.17 1174.989 1178.789 1182.555 1186.321 1190.088 1193.854 1195.54 1196.814 1198.087 1199.361 1201.578 1205.832 1210.086 1214.341 1218.595 1226.561 1235.464 1244.367 1253.269 1259.854 1260.494 1261.134 1261.773 1262.413 1260.672 1258.19 1255.708 1253.226 1252.256 1255.956 1259.656 1263.355 1267.055 1276.014 1286.951 1297.888 1308.825 1320.875 1337.148 1353.42 1369.692 1385.964 1401.599 1416.948 1432.298 1447.647 1461.701 1469.552 1477.402 1485.253 1493.103 1496.815
1121.608 1129.949 1138.29 1145.372 1150.473 1155.573 1160.674 1165.774 1170.229 1174.588 1178.947 1183.306 1187.535 1191.522 1195.51 1199.498 1203.486 1205.736 1207.642 1209.548 1211.454 1214.239 1218.92 1223.601 1228.282 1232.963 1240.713 1249.238 1257.762 1266.287 1272.493 1272.754 1273.016 1273.277 1273.539 1271.271 1268.217 1265.162 1262.107 1260.544 1263.59 1266.636 1269.682 1272.728 1281.594 1292.65 1303.706 1314.762 1327.002 1343.734 1360.465 1377.197 1393.928 1409.63 1424.872 1440.113 1455.354 1469.088 1475.598 1482.108 1488.618 1495.129 1498.059
1122.726 1131.705 1140.683 1148.451 1154.314 1160.176 1166.039 1171.901 1176.925 1181.825 1186.724 1191.624 1196.28 1200.49 1204.699 1208.908 1213.118 1215.932 1218.471 1221.009 1223.547 1226.899 1232.007 1237.115 1242.223 1247.331 1254.865 1263.011 1271.157 1279.304 1285.131 1285.015 1284.898 1284.781 1284.665 1281.87 1278.243 1274.615 1270.987 1268.832 1271.224 1273.616 1276.008 1278.4 1287.173 1298.348 1309.523 1320.698 1333.128 1350.319 1367.51 1384.701 1401.892 1417.662 1432.795 1447.928 1463.061 1476.474 1481.644 1486.814 1491.984 1497.154 1499.304
