data/zism_data/00163_01_D.txt
ncols         224
nrows         224
[rows 56 to 83 of 224, columns 128 to 191 of 224]
1784.41 1782.396 1780.381 1778.367 1776.303 1774.208 1772.112 1770.017 1767.929 1765.93 1763.931 1761.932 1759.933 1758.295 1756.951 1755.606 1754.262 1752.93 1752.148 1751.365 1750.583 1749.8 1749.285 1749.045 1748.805 1748.565 1748.324 1748.349 1748.384 1748.419 1748.454 1748.598 1748.885 1749.172 1749.458 1749.745 1749.968 1750.185 1750.402 1750.619 1750.814 1750.973 1751.132 1751.291 1751.449 1751.507 1751.545 1751.584 1751.623 1751.603 1751.46 1751.317 1751.173 1751.03 1750.826 1750.605 1750.384 1750.163 1749.976 1749.883 1749.79 1749.697 1749.604 1749.485
1786.81 1784.304 1781.799 1779.293 1776.84 1774.42 1772.001 1769.581 1767.186 1765.08 1762.973 1760.866 1758.759 1757.105 1755.82 1754.535 1753.25 1751.981 1751.382 1750.783 1750.184 1749.585 1749.192 1749.011 1748.831 1748.65 1748.469 1748.512 1748.563 1748.614 1748.665 1748.802 1749.051 1749.3 1749.549 1749.797 1750.047 1750.296 1750.545 1750.795 1751.012 1751.176 1751.34 1751.505 1751.669 1751.713 1751.735 1751.758 1751.781 1751.74 1751.564 1751.388 1751.213 1751.037 1750.826 1750.605 1750.384 1750.163 1749.964 1749.828 1749.692 1749.556 1749.42 1749.321
1789.21 1786.213 1783.216 1780.219 1777.376 1774.633 1771.889 1769.146 1766.444 1764.229 1762.014 1759.799 1757.585 1755.915 1754.689 1753.464 1752.239 1751.031 1750.616 1750.2 1749.785 1749.37 1749.099 1748.978 1748.856 1748.735 1748.614 1748.674 1748.741 1748.809 1748.876 1749.006 1749.217 1749.428 1749.639 1749.85 1750.125 1750.407 1750.688 1750.97 1751.21 1751.379 1751.549 1751.719 1751.888 1751.919 1751.926 1751.932 1751.938 1751.876 1751.668 1751.46 1751.252 1751.044 1750.826 1750.605 1750.384 1750.163 1749.953 1749.774 1749.594 1749.415 1749.236 1749.157
1791.009 1787.922 1784.835 1781.747 1778.57 1775.335 1772.1 1768.865 1765.702 1763.379 1761.056 1758.733 1756.41 1754.768 1753.681 1752.594 1751.507 1750.437 1750.14 1749.842 1749.545 1749.247 1749.054 1748.969 1748.884 1748.799 1748.714 1748.773 1748.836 1748.9 1748.964 1749.09 1749.296 1749.502 1749.708 1749.914 1750.2 1750.495 1750.789 1751.083 1751.339 1751.531 1751.722 1751.913 1752.105 1752.142 1752.152 1752.162 1752.172 1752.105 1751.874 1751.644 1751.413 1751.182 1750.944 1750.703 1750.463 1750.222 1749.995 1749.805 1749.616 1749.426 1749.236 1749.175
1792.422 1789.503 1786.583 1783.662 1780.186 1776.351 1772.517 1768.682 1764.96 1762.529 1760.098 1757.667 1755.236 1753.649 1752.751 1751.853 1750.955 1750.072 1749.85 1749.628 1749.406 1749.184 1749.041 1748.977 1748.914 1748.85 1748.787 1748.83 1748.878 1748.926 1748.973 1749.097 1749.319 1749.541 1749.764 1749.986 1750.274 1750.568 1750.862 1751.157 1751.425 1751.648 1751.872 1752.096 1752.32 1752.376 1752.402 1752.428 1752.454 1752.393 1752.146 1751.9 1751.653 1751.406 1751.139 1750.866 1750.593 1750.32 1750.071 1749.892 1749.714 1749.535 1749.356 1749.309
1793.836 1791.083 1788.331 1785.578 1781.802 1777.368 1772.934 1768.5 1764.218 1761.679 1759.14 1756.601 1754.062 1752.531 1751.822 1751.113 1750.403 1749.707 1749.56 1749.414 1749.268 1749.121 1749.027 1748.985 1748.943 1748.901 1748.859 1748.888 1748.92 1748.951 1748.982 1749.104 1749.342 1749.581 1749.819 1750.058 1750.347 1750.641 1750.936 1751.23 1751.51 1751.766 1752.023 1752.279 1752.535 1752.61 1752.652 1752.695 1752.737 1752.682 1752.419 1752.156 1751.892 1751.629 1751.333 1751.028 1750.722 1750.417 1750.148 1749.979 1749.811 1749.643 1749.475 1749.443
1795.249 1792.664 1790.078 1787.493 1783.418 1778.385 1773.352 1768.318 1763.475 1760.828 1758.182 1755.535 1752.888 1751.412 1750.892 1750.372 1749.852 1749.341 1749.271 1749.2 1749.129 1749.059 1749.013 1748.993 1748.973 1748.952 1748.932 1748.946 1748.961 1748.976 1748.991 1749.111 1749.365 1749.62 1749.875 1750.13 1750.42 1750.715 1751.009 1751.303 1751.596 1751.884 1752.173 1752.462 1752.75 1752.844 1752.902 1752.961 1753.019 1752.97 1752.691 1752.411 1752.132 1751.853 1751.527 1751.19 1750.852 1750.514 1750.224 1750.066 1749.909 1749.752 1749.595 1749.577
1796.666 1794.258 1791.851 1789.443 1785.103 1779.52 1773.937 1768.354 1762.995 1760.225 1757.456 1754.686 1751.916 1750.481 1750.134 1749.787 1749.44 1749.1 1749.088 1749.075 1749.062 1749.049 1749.038 1749.029 1749.019 1749.01 1749.0 1749.0 1749.0 1749.0 1749.0 1749.118 1749.389 1749.661 1749.932 1750.203 1750.496 1750.792 1751.087 1751.383 1751.687 1752.007 1752.326 1752.646 1752.966 1753.078 1753.152 1753.227 1753.302 1753.259 1752.967 1752.675 1752.382 1752.09 1751.742 1751.38 1751.017 1750.654 1750.349 1750.206 1750.063 1749.92 1749.777 1749.772
1798.135 1796.051 1793.968 1791.884 1787.769 1782.348 1776.927 1771.506 1766.27 1763.165 1760.061 1756.956 1753.852 1752.236 1751.835 1751.434 1751.033 1750.637 1750.43 1750.223 1750.016 1749.808 1749.627 1749.472 1749.316 1749.161 1749.006 1749.0 1749.0 1749.0 1749.0 1749.127 1749.42 1749.713 1750.006 1750.299 1750.609 1750.92 1751.232 1751.544 1751.862 1752.193 1752.523 1752.854 1753.184 1753.312 1753.402 1753.493 1753.584 1753.563 1753.303 1753.043 1752.783 1752.524 1752.246 1751.965 1751.683 1751.401 1751.173 1751.094 1751.016 1750.938 1750.86 1750.841
1799.604 1797.844 1796.085 1794.325 1790.435 1785.176 1779.917 1774.659 1769.545 1766.105 1762.666 1759.227 1755.787 1753.992 1753.537 1753.082 1752.627 1752.173 1751.772 1751.37 1750.969 1750.567 1750.215 1749.914 1749.613 1749.312 1749.011 1749.0 1749.0 1749.0 1749.0 1749.137 1749.451 1749.766 1750.08 1750.395 1750.721 1751.049 1751.377 1751.705 1752.038 1752.379 1752.72 1753.061 1753.403 1753.545 1753.652 1753.759 1753.866 1753.867 1753.639 1753.412 1753.184 1752.957 1752.75 1752.55 1752.349 1752.148 1751.997 1751.983 1751.97 1751.956 1751.943 1751.91
1801.073 1799.637 1798.202 1796.766 1793.102 1788.005 1782.908 1777.811 1772.819 1769.045 1765.271 1761.497 1757.723 1755.747 1755.238 1754.729 1754.22 1753.71 1753.114 1752.518 1751.922 1751.326 1750.804 1750.357 1749.91 1749.463 1749.016 1749.0 1749.0 1749.0 1749.0 1749.146 1749.482 1749.818 1750.154 1750.49 1750.834 1751.178 1751.522 1751.866 1752.213 1752.565 1752.917 1753.269 1753.621 1753.779 1753.902 1754.026 1754.149 1754.171 1753.976 1753.781 1753.585 1753.39 1753.255 1753.135 1753.015 1752.896 1752.82 1752.872 1752.923 1752.975 1753.026 1752.979
1802.542 1801.43 1800.319 1799.207 1795.768 1790.833 1785.898 1780.963 1776.094 1771.985 1767.876 1763.768 1759.659 1757.503 1756.94 1756.377 1755.814 1755.246 1754.456 1753.666 1752.875 1752.085 1751.392 1750.8 1750.207 1749.614 1749.021 1749.0 1749.0 1749.0 1749.0 1749.156 1749.513 1749.871 1750.229 1750.586 1750.946 1751.306 1751.667 1752.027 1752.388 1752.751 1753.114 1753.477 1753.839 1754.013 1754.152 1754.292 1754.431 1754.474 1754.312 1754.149 1753.986 1753.824 1753.759 1753.72 1753.681 1753.643 1753.644 1753.76 1753.877 1753.993 1754.109 1754.048
1803.658 1803.02 1802.381 1801.743 1798.706 1794.127 1789.549 1784.97 1780.431 1776.351 1772.271 1768.191 1764.11 1761.933 1761.307 1760.682 1760.057 1759.42 1758.283 1757.147 1756.01 1754.873 1753.822 1752.858 1751.894 1750.93 1749.966 1749.782 1749.627 1749.472 1749.317 1749.368 1749.685 1750.002 1750.319 1750.637 1750.995 1751.357 1751.72 1752.082 1752.449 1752.822 1753.196 1753.57 1753.943 1754.146 1754.319 1754.491 1754.664 1754.75 1754.651 1754.551 1754.452 1754.353 1754.374 1754.427 1754.481 1754.535 1754.619 1754.792 1754.964 1755.137 1755.309 1755.242
1804.45 1804.422 1804.393 1804.365 1801.893 1797.849 1793.804 1789.76 1785.742 1782.024 1778.306 1774.587 1770.869 1768.815 1768.12 1767.424 1766.728 1766.013 1764.39 1762.767 1761.145 1759.522 1757.939 1756.397 1754.856 1753.314 1751.772 1751.281 1750.829 1750.377 1749.925 1749.766 1749.986 1750.206 1750.426 1750.646 1750.985 1751.337 1751.688 1752.04 1752.404 1752.788 1753.173 1753.557 1753.942 1754.188 1754.409 1754.63 1754.851 1754.999 1754.992 1754.984 1754.977 1754.969 1755.091 1755.247 1755.403 1755.559 1755.732 1755.953 1756.175 1756.396 1756.617 1756.55
1805.242 1805.824 1806.406 1806.988 1805.079 1801.57 1798.06 1794.551 1791.053 1787.697 1784.34 1780.984 1777.627 1775.697 1774.931 1774.166 1773.4 1772.605 1770.496 1768.387 1766.279 1764.17 1762.056 1759.937 1757.817 1755.698 1753.578 1752.78 1752.031 1751.282 1750.533 1750.163 1750.286 1750.409 1750.532 1750.655 1750.975 1751.316 1751.657 1751.998 1752.359 1752.754 1753.149 1753.545 1753.94 1754.229 1754.498 1754.768 1755.038 1755.249 1755.333 1755.417 1755.501 1755.586 1755.808 1756.067 1756.325 1756.584 1756.845 1757.115 1757.385 1757.655 1757.924 1757.859
1806.034 1807.226 1808.418 1809.61 1808.266 1805.291 1802.316 1799.341 1796.364 1793.37 1790.375 1787.38 1784.385 1782.579 1781.743 1780.907 1780.071 1779.197 1776.602 1774.008 1771.413 1768.819 1766.173 1763.476 1760.779 1758.082 1755.385 1754.279 1753.233 1752.187 1751.141 1750.561 1750.587 1750.613 1750.639 1750.664 1750.966 1751.296 1751.625 1751.956 1752.314 1752.72 1753.126 1753.532 1753.938 1754.27 1754.588 1754.907 1755.225 1755.498 1755.674 1755.85 1756.026 1756.202 1756.525 1756.886 1757.247 1757.609 1757.959 1758.277 1758.595 1758.914 1759.232 1759.168
1806.826 1808.628 1810.43 1812.233 1811.452 1809.012 1806.572 1804.131 1801.676 1799.042 1796.409 1793.776 1791.143 1789.461 1788.555 1787.649 1786.743 1785.789 1782.709 1779.628 1776.548 1773.467 1770.291 1767.016 1763.741 1760.466 1757.191 1755.778 1754.435 1753.092 1751.749 1750.959 1750.888 1750.816 1750.745 1750.673 1750.956 1751.275 1751.594 1751.913 1752.269 1752.686 1753.103 1753.52 1753.937 1754.311 1754.678 1755.045 1755.412 1755.747 1756.015 1756.283 1756.551 1756.819 1757.241 1757.705 1758.169 1758.633 1759.072 1759.439 1759.806 1760.173 1760.54 1760.477
1805.266 1807.314 1809.361 1811.409 1810.977 1808.949 1806.922 1804.895 1802.848 1800.582 1798.316 1796.05 1793.784 1792.319 1791.506 1790.693 1789.881 1789.024 1786.176 1783.328 1780.48 1777.631 1774.533 1771.177 1767.821 1764.464 1761.108 1759.365 1757.683 1756.001 1754.319 1753.219 1752.876 1752.533 1752.19 1751.847 1751.946 1752.091 1752.235 1752.38 1752.591 1752.913 1753.235 1753.557 1753.879 1754.281 1754.696 1755.112 1755.527 1755.93 1756.305 1756.681 1757.057 1757.432 1757.921 1758.44 1758.959 1759.478 1759.967 1760.372 1760.777 1761.182 1761.587 1761.545
1803.653 1805.938 1808.224 1810.509 1810.419 1808.802 1807.185 1805.568 1803.929 1802.03 1800.132 1798.233 1796.334 1795.087 1794.371 1793.656 1792.941 1792.184 1789.584 1786.985 1784.385 1781.785 1778.778 1775.352 1771.925 1768.499 1765.072 1762.999 1760.977 1758.955 1756.933 1755.521 1754.902 1754.284 1753.666 1753.047 1752.958 1752.925 1752.891 1752.858 1752.922 1753.146 1753.371 1753.596 1753.821 1754.248 1754.713 1755.177 1755.641 1756.111 1756.595 1757.078 1757.562 1758.045 1758.599 1759.172 1759.745 1760.318 1760.857 1761.3 1761.743 1762.185 1762.628 1762.609
1802.04 1804.563 1807.086 1809.609 1809.862 1808.656 1807.449 1806.242 1805.01 1803.478 1801.947 1800.415 1798.884 1797.855 1797.237 1796.619 1796.0 1795.344 1792.993 1790.642 1788.29 1785.939 1783.023 1779.526 1776.03 1772.533 1769.037 1766.633 1764.271 1761.908 1759.546 1757.822 1756.928 1756.034 1755.141 1754.247 1753.971 1753.759 1753.547 1753.336 1753.252 1753.379 1753.507 1753.635 1753.762 1754.216 1754.729 1755.242 1755.754 1756.292 1756.884 1757.475 1758.067 1758.658 1759.278 1759.905 1760.532 1761.159 1761.747 1762.228 1762.708 1763.189 1763.67 1763.672
1800.427 1803.188 1805.949 1808.709 1809.305 1808.509 1807.712 1806.916 1806.091 1804.926 1803.762 1802.598 1801.433 1800.623 1800.102 1799.581 1799.06 1798.505 1796.401 1794.298 1792.196 1790.093 1787.268 1783.701 1780.135 1776.568 1773.001 1770.267 1767.564 1764.862 1762.159 1760.123 1758.954 1757.785 1756.616 1755.447 1754.983 1754.593 1754.203 1753.813 1753.582 1753.612 1753.643 1753.673 1753.703 1754.184 1754.745 1755.307 1755.868 1756.473 1757.173 1757.872 1758.572 1759.271 1759.956 1760.637 1761.318 1761.999 1762.638 1763.156 1763.674 1764.193 1764.711 1764.736
1799.491 1802.243 1804.995 1807.746 1808.517 1808.013 1807.51 1807.007 1806.472 1805.572 1804.671 1803.771 1802.87 1802.214 1801.757 1801.301 1800.844 1800.357 1798.519 1796.681 1794.843 1793.005 1790.351 1786.857 1783.363 1779.869 1776.375 1773.42 1770.485 1767.551 1764.616 1762.329 1760.885 1759.44 1757.995 1756.551 1755.853 1755.234 1754.614 1753.994 1753.599 1753.577 1753.555 1753.533 1753.51 1754.048 1754.686 1755.324 1755.962 1756.65 1757.443 1758.237 1759.03 1759.824 1760.582 1761.331 1762.08 1762.829 1763.525 1764.069 1764.614 1765.158 1765.703 1765.761
1799.434 1801.857 1804.279 1806.701 1807.428 1807.065 1806.703 1806.34 1805.945 1805.174 1804.403 1803.632 1802.861 1802.275 1801.84 1801.405 1800.97 1800.51 1798.958 1797.406 1795.854 1794.302 1791.921 1788.686 1785.452 1782.217 1778.982 1775.948 1772.922 1769.895 1766.869 1764.41 1762.69 1760.97 1759.25 1757.531 1756.538 1755.621 1754.704 1753.788 1753.21 1753.193 1753.176 1753.16 1753.143 1753.777 1754.529 1755.28 1756.032 1756.821 1757.69 1758.559 1759.428 1760.297 1761.139 1761.975 1762.81 1763.646 1764.408 1764.963 1765.518 1766.074 1766.629 1766.738
1799.378 1801.47 1803.563 1805.656 1806.34 1806.117 1805.895 1805.673 1805.417 1804.776 1804.134 1803.493 1802.852 1802.336 1801.922 1801.509 1801.095 1800.663 1799.397 1798.131 1796.866 1795.6 1793.492 1790.516 1787.541 1784.565 1781.59 1778.477 1775.358 1772.24 1769.121 1766.491 1764.496 1762.501 1760.506 1758.51 1757.223 1756.009 1754.795 1753.581 1752.821 1752.809 1752.798 1752.787 1752.775 1753.507 1754.372 1755.236 1756.101 1756.992 1757.936 1758.881 1759.826 1760.77 1761.697 1762.619 1763.54 1764.462 1765.291 1765.857 1766.423 1766.989 1767.555 1767.715
1799.321 1801.084 1802.848 1804.611 1805.251 1805.169 1805.087 1805.005 1804.889 1804.377 1803.866 1803.354 1802.842 1802.396 1802.005 1801.613 1801.221 1800.816 1799.836 1798.857 1797.877 1796.897 1795.062 1792.346 1789.63 1786.913 1784.197 1781.005 1777.795 1774.584 1771.374 1768.573 1766.302 1764.031 1761.761 1759.49 1757.908 1756.397 1754.886 1753.375 1752.431 1752.426 1752.42 1752.414 1752.408 1753.236 1754.214 1755.193 1756.171 1757.162 1758.183 1759.203 1760.223 1761.243 1762.254 1763.262 1764.271 1765.279 1766.174 1766.751 1767.328 1767.905 1768.482 1768.692
1799.264 1800.698 1802.132 1803.566 1804.163 1804.221 1804.28 1804.338 1804.361 1803.979 1803.597 1803.215 1802.833 1802.457 1802.087 1801.717 1801.346 1800.969 1800.276 1799.582 1798.889 1798.195 1796.633 1794.175 1791.718 1789.261 1786.804 1783.533 1780.231 1776.929 1773.627 1770.654 1768.108 1765.562 1763.016 1760.47 1758.592 1756.785 1754.977 1753.169 1752.042 1752.042 1752.041 1752.041 1752.04 1752.965 1754.057 1755.149 1756.24 1757.333 1758.429 1759.525 1760.621 1761.717 1762.812 1763.906 1765.001 1766.095 1767.058 1767.645 1768.233 1768.82 1769.408 1769.668
1799.649 1800.836 1802.022 1803.209 1803.692 1803.722 1803.752 1803.782 1803.782 1803.428 1803.075 1802.721 1802.368 1801.99 1801.594 1801.197 1800.8 1800.394 1799.607 1798.819 1798.032 1797.244 1795.62 1793.133 1790.646 1788.16 1785.673 1782.4 1779.098 1775.796 1772.493 1769.503 1766.917 1764.331 1761.746 1759.16 1757.455 1755.841 1754.227 1752.613 1751.624 1751.667 1751.711 1751.754 1751.797 1752.801 1753.977 1755.153 1756.329 1757.501 1758.663 1759.825 1760.986 1762.148 1763.31 1764.472 1765.634 1766.795 1767.815 1768.433 1769.05 1769.668 1770.286 1770.577
1800.088 1801.037 1801.986 1802.935 1803.295 1803.277 1803.259 1803.24 1803.196 1802.859 1802.522 1802.184 1801.847 1801.459 1801.03 1800.6 1800.171 1799.731 1798.803 1797.875 1796.947 1796.02 1794.292 1791.74 1789.189 1786.637 1784.086 1780.821 1777.53 1774.238 1770.947 1767.957 1765.361 1762.765 1760.168 1757.572 1756.095 1754.735 1753.375 1752.015 1751.202 1751.294 1751.386 1751.478 1751.57 1752.65 1753.907 1755.164 1756.421 1757.668 1758.895 1760.122 1761.348 1762.575 1763.801 1765.028 1766.255 1767.481 1768.557 1769.207 1769.857 1770.507 1771.157 1771.477
