data/zism_data/00169_04_D.txt
ncols         224
nrows         224
[rows 128 to 159 of 224, columns 0 to 71 of 224]
376.1171 381.5861 387.0553 390.0447 390.1671 390.2894 390.4118 390.5341 381.7049 372.1765 362.6479 353.1195 343.3911 333.3524 323.3137 313.2746 303.2358 301.4451 301.0526 300.66 300.2674 300.0 300.0 300.0 300.0 300.0 300.0 300.0 300.0 300.0 300.0 300.0 300.0 300.0 300.0 300.0 300.0 300.0 300.0 300.0 300.0 300.0 300.0 300.0 299.9039 299.7531 299.6023 299.4515 299.309 299.2393 299.1696 299.1 299.0303 299.0 299.0 299.0 299.0 299.0 299.0 299.0 299.0 299.0 299.0 299.0 299.0 299.0 299.0 299.0 299.0 299.0 299.0 299.0
382.0223 386.2367 390.4511 392.8481 393.1435 393.4389 393.7343 394.0297 385.5341 376.3519 367.1693 357.9871 348.0885 337.0763 326.0641 315.0515 304.0393 301.9827 301.4441 300.9055 300.3669 300.0 300.0 300.0 300.0 300.0 300.0 300.0 300.0 300.0 300.0 300.0 300.0 300.0 300.0 300.0 300.0 300.0 300.0 300.0 300.0 300.0 300.0 300.0 299.8797 299.6911 299.5025 299.3138 299.1411 299.1093 299.0775 299.0457 299.0138 299.0 299.0 299.0 299.0 299.0 299.0 299.0 299.0 299.0 299.0 299.0 299.0 299.0 299.0 299.0 299.0 299.0 299.0 299.0
387.7381 390.7262 393.7144 395.4837 395.8435 396.2034 396.5632 396.9231 388.7508 379.9121 371.0731 362.2345 352.2288 340.4087 328.5885 316.768 304.9479 302.6382 301.9406 301.2431 300.5455 300.0654 300.0499 300.0344 300.0189 300.0034 300.0 300.0 300.0 300.0 300.0 300.0 300.0 300.0 300.0 300.0 300.0 300.0 300.0 300.0 300.0 300.0 300.0 300.0 299.8594 299.639 299.4185 299.1981 299.0 299.0 299.0 299.0 299.0 299.0 299.0 299.0 299.0 299.0 299.0 299.0 299.0 299.0 299.0 299.0 299.0 299.0 299.0 299.0 299.0 299.0 299.0 299.0
392.4548 394.3667 396.2787 397.2351 397.0865 396.938 396.7896 396.641 388.7379 380.2291 371.7201 363.2113 353.4319 341.6766 329.9214 318.1657 306.4105 303.916 302.9913 302.0666 301.1418 300.476 300.3631 300.2502 300.1374 300.0245 300.0 300.0 300.0 300.0 300.0 300.0 300.0 300.0 300.0 300.0 300.0 300.0 300.0 300.0 300.0 300.0 300.0 300.0 299.8594 299.639 299.4185 299.1981 299.0 299.0 299.0 299.0 299.0 299.0 299.0 299.0 299.0 299.0 299.0 299.0 299.0 299.0 299.0 299.0 299.0 299.0 299.0 299.0 299.0 299.0 299.0 299.0
397.1715 398.0072 398.8429 398.9865 398.3296 397.6727 397.0158 396.359 388.725 380.5462 372.367 364.1882 354.6349 342.9445 331.2542 319.5634 307.8731 305.1937 304.0419 302.89 301.7382 300.8865 300.6763 300.4661 300.2559 300.0457 300.0 300.0 300.0 300.0 300.0 300.0 300.0 300.0 300.0 300.0 300.0 300.0 300.0 300.0 300.0 300.0 300.0 300.0 299.8594 299.639 299.4185 299.1981 299.0 299.0 299.0 299.0 299.0 299.0 299.0 299.0 299.0 299.0 299.0 299.0 299.0 299.0 299.0 299.0 299.0 299.0 299.0 299.0 299.0 299.0 299.0 299.0
401.8883 401.6477 401.4072 400.7379 399.5726 398.4074 397.2422 396.0769 388.7121 380.8632 373.014 365.1651 355.838 344.2125 332.587 320.9612 309.3357 306.4715 305.0925 303.7134 302.3345 301.2971 300.9895 300.6819 300.3744 300.0669 300.0 300.0 300.0 300.0 300.0 300.0 300.0 300.0 300.0 300.0 300.0 300.0 300.0 300.0 300.0 300.0 300.0 300.0 299.8594 299.639 299.4185 299.1981 299.0 299.0 299.0 299.0 299.0 299.0 299.0 299.0 299.0 299.0 299.0 299.0 299.0 299.0 299.0 299.0 299.0 299.0 299.0 299.0 299.0 299.0 299.0 299.0
406.6049 405.2882 403.9714 402.4892 400.8156 399.1421 397.4684 395.7949 388.6992 381.1802 373.6609 366.1419 357.0411 345.4805 333.9199 322.3589 310.7982 307.7492 306.1431 304.5369 302.9308 301.7076 301.3027 300.8978 300.4929 300.088 300.0 300.0 300.0 300.0 300.0 300.0 300.0 300.0 300.0 300.0 300.0 300.0 300.0 300.0 300.0 300.0 300.0 300.0 299.8594 299.639 299.4185 299.1981 299.0 299.0 299.0 299.0 299.0 299.0 299.0 299.0 299.0 299.0 299.0 299.0 299.0 299.0 299.0 299.0 299.0 299.0 299.0 299.0 299.0 299.0 299.0 299.0
410.8148 408.64 406.4651 404.023 401.2716 398.5202 395.7688 393.0175 385.5488 377.7119 369.8747 362.0378 353.1891 342.7674 332.3457 321.9237 311.502 308.9253 307.6785 306.4316 305.1848 304.0666 303.2234 302.3802 301.537 300.6937 300.4224 300.3098 300.1973 300.0848 300.0 300.0 300.0 300.0 300.0 300.0 300.0 300.0 300.0 300.0 300.0 300.0 300.0 300.0 299.8594 299.639 299.4185 299.1981 299.0 299.0 299.0 299.0 299.0 299.0 299.0 299.0 299.0 299.0 299.0 299.0 299.0 299.0 299.0 299.0 299.0 299.0 299.0 299.0 299.0 299.0 299.0 299.0
414.7275 411.8226 408.9176 405.4292 401.2661 397.1032 392.9401 388.7772 380.5591 372.0245 363.4896 354.955 346.3737 337.7206 329.0675 320.4141 311.761 310.0418 309.4981 308.9543 308.4106 307.5678 306.0864 304.605 303.1236 301.6421 301.0923 300.8013 300.5103 300.2193 300.0 300.0 300.0 300.0 300.0 300.0 300.0 300.0 300.0 300.0 300.0 300.0 300.0 300.0 299.8594 299.639 299.4185 299.1981 299.0 299.0 299.0 299.0 299.0 299.0 299.0 299.0 299.0 299.0 299.0 299.0 299.0 299.0 299.0 299.0 299.0 299.0 299.0 299.0 299.0 299.0 299.0 299.0
418.6402 415.0052 411.37 406.8354 401.2607 395.6862 390.1115 384.5369 375.5694 366.3371 357.1045 347.8722 339.5583 332.6738 325.7893 318.9045 312.0199 311.1583 311.3177 311.477 311.6364 311.069 308.9494 306.8298 304.7102 302.5905 301.7623 301.2928 300.8233 300.3538 300.0 300.0 300.0 300.0 300.0 300.0 300.0 300.0 300.0 300.0 300.0 300.0 300.0 300.0 299.8594 299.639 299.4185 299.1981 299.0 299.0 299.0 299.0 299.0 299.0 299.0 299.0 299.0 299.0 299.0 299.0 299.0 299.0 299.0 299.0 299.0 299.0 299.0 299.0 299.0 299.0 299.0 299.0
422.5529 418.1877 413.8224 408.2417 401.2553 394.2691 387.2828 380.2966 370.5797 360.6497 350.7194 340.7894 332.7429 327.627 322.511 317.3948 312.2789 312.2748 313.1373 313.9997 314.8622 314.5703 311.8125 309.0546 306.2968 303.5389 302.4323 301.7843 301.1363 300.4883 300.0 300.0 300.0 300.0 300.0 300.0 300.0 300.0 300.0 300.0 300.0 300.0 300.0 300.0 299.8594 299.639 299.4185 299.1981 299.0 299.0 299.0 299.0 299.0 299.0 299.0 299.0 299.0 299.0 299.0 299.0 299.0 299.0 299.0 299.0 299.0 299.0 299.0 299.0 299.0 299.0 299.0 299.0
426.1388 421.0604 415.9819 409.4102 401.1115 392.8131 384.5144 376.216 365.8524 355.3279 344.8031 334.2786 326.5688 323.2378 319.9068 316.5757 313.2448 314.0448 315.545 317.0453 318.5455 318.4734 315.0423 311.6111 308.18 304.7487 303.3123 302.4299 301.5475 300.665 300.0 300.0 300.0 300.0 300.0 300.0 300.0 300.0 300.0 299.9991 299.9942 299.9893 299.9843 299.9794 299.8402 299.6247 299.4091 299.1936 299.0 299.0 299.0 299.0 299.0 299.0 299.0 299.0 299.0 299.0 299.0 299.0 299.0 299.0 299.0 299.0 299.0 299.0 299.0 299.0 299.0 299.0 299.0 299.0
426.8292 421.1885 415.5475 408.4736 399.7422 391.0112 382.2798 373.5488 363.4499 353.2445 343.0388 332.8333 326.0733 324.673 323.2726 321.8723 320.472 321.6027 323.1624 324.7222 326.2819 325.9365 321.5211 317.1056 312.6902 308.2747 306.0529 304.4403 302.8278 301.2153 300.0 300.0 300.0 300.0 300.0 300.0 300.0 300.0 300.0 299.9907 299.9371 299.8835 299.8298 299.7762 299.6504 299.4836 299.3167 299.1499 299.0 299.0 299.0 299.0 299.0 299.0 299.0 299.0 299.0 299.0 299.0 299.0 299.0 299.0 299.0 299.0 299.0 299.0 299.0 299.0 299.0 299.0 299.0 299.0
427.5197 421.3165 415.1131 407.5369 398.3729 389.2093 380.0453 370.8816 361.0473 351.161 341.2744 331.3881 325.5778 326.1082 326.6385 327.1689 327.6993 329.1608 330.7799 332.3992 334.0184 333.3996 328.0 322.6001 317.2005 311.8006 308.7935 306.4507 304.1082 301.7655 300.0 300.0 300.0 300.0 300.0 300.0 300.0 300.0 300.0 299.9822 299.8799 299.7776 299.6754 299.5731 299.4607 299.3425 299.2243 299.1062 299.0 299.0 299.0 299.0 299.0 299.0 299.0 299.0 299.0 299.0 299.0 299.0 299.0 299.0 299.0 299.0 299.0 299.0 299.0 299.0 299.0 299.0 299.0 299.0
428.2102 421.4445 414.6787 406.6003 397.0037 387.4074 377.8108 368.2145 358.6448 349.0776 339.51 329.9428 325.0823 327.5433 330.0044 332.4655 334.9266 336.7187 338.3973 340.076 341.7547 340.8626 334.4787 328.0946 321.7107 315.3265 311.534 308.4612 305.3885 302.3158 300.0 300.0 300.0 300.0 300.0 300.0 300.0 300.0 300.0 299.9738 299.8228 299.6718 299.5208 299.3699 299.2709 299.2014 299.1319 299.0624 299.0 299.0 299.0 299.0 299.0 299.0 299.0 299.0 299.0 299.0 299.0 299.0 299.0 299.0 299.0 299.0 299.0 299.0 299.0 299.0 299.0 299.0 299.0 299.0
428.9007 421.5726 414.2443 405.6636 395.6343 385.6054 375.5762 365.5473 356.2422 346.9941 337.7457 328.4976 324.5868 328.9785 333.3703 337.7622 342.1539 344.2767 346.0149 347.7531 349.4912 348.3258 340.9576 333.5891 326.2209 318.8525 314.2746 310.4716 306.6688 302.866 300.0 300.0 300.0 300.0 300.0 300.0 300.0 300.0 300.0 299.9653 299.7656 299.566 299.3664 299.1667 299.0811 299.0603 299.0395 299.0187 299.0 299.0 299.0 299.0 299.0 299.0 299.0 299.0 299.0 299.0 299.0 299.0 299.0 299.0 299.0 299.0 299.0 299.0 299.0 299.0 299.0 299.0 299.0 299.0
430.6313 423.0782 415.5249 406.8254 396.8 386.775 376.7496 366.7246 358.0863 349.5566 341.0267 332.497 329.3684 334.6413 339.9142 345.1873 350.4602 352.5498 354.0997 355.6497 357.1996 355.765 347.9543 340.1433 332.3326 324.5217 319.0388 314.2023 309.366 304.5297 300.8367 300.6417 300.4466 300.2516 300.0565 299.9956 299.9894 299.9832 299.977 299.9347 299.7204 299.5061 299.2919 299.0776 299.0 299.0 299.0 299.0 299.0 299.0 299.0 299.0 299.0 299.0 299.0 299.0 299.0 299.0 299.0 299.0 299.0 299.0 299.0 299.0 299.0 299.0 299.0 299.0 299.0 299.0 299.0 299.0
433.1386 425.6126 418.0863 409.5543 399.8588 390.1637 380.4682 370.7731 363.1018 355.5888 348.0756 340.5627 338.091 343.4613 348.8316 354.202 359.5723 361.3569 362.5337 363.7105 364.8872 363.1863 355.3377 347.4889 339.6404 331.7916 325.3143 319.2177 313.1213 307.0249 302.2983 301.7626 301.2268 300.691 300.1553 299.9879 299.9709 299.9539 299.9369 299.8875 299.684 299.4806 299.2772 299.0737 299.0 299.0 299.0 299.0 299.0 299.0 299.0 299.0 299.0 299.0 299.0 299.0 299.0 299.0 299.0 299.0 299.0 299.0 299.0 299.0 299.0 299.0 299.0 299.0 299.0 299.0 299.0 299.0
435.646 428.147 420.6477 412.2833 402.9177 393.5525 384.1869 374.8217 368.1173 361.6212 355.1247 348.6285 346.8139 352.2815 357.7491 363.2169 368.6845 370.1642 370.9678 371.7714 372.575 370.6078 362.7213 354.8347 346.9482 339.0616 331.5898 324.2331 316.8766 309.5201 303.7599 302.8835 302.007 301.1305 300.254 299.9803 299.9524 299.9246 299.8968 299.8403 299.6477 299.455 299.2624 299.0698 299.0 299.0 299.0 299.0 299.0 299.0 299.0 299.0 299.0 299.0 299.0 299.0 299.0 299.0 299.0 299.0 299.0 299.0 299.0 299.0 299.0 299.0 299.0 299.0 299.0 299.0 299.0 299.0
438.1533 430.6814 423.2092 415.0122 405.9765 396.9412 387.9055 378.8702 373.1328 367.6534 362.1737 356.6942 355.5365 361.1015 366.6665 372.2317 377.7966 378.9713 379.4017 379.8322 380.2626 378.0291 370.1048 362.1802 354.256 346.3314 337.8653 329.2484 320.6319 312.0153 305.2215 304.0044 302.7872 301.57 300.3528 299.9726 299.9339 299.8953 299.8567 299.7931 299.6113 299.4295 299.2477 299.0659 299.0 299.0 299.0 299.0 299.0 299.0 299.0 299.0 299.0 299.0 299.0 299.0 299.0 299.0 299.0 299.0 299.0 299.0 299.0 299.0 299.0 299.0 299.0 299.0 299.0 299.0 299.0 299.0
440.5468 433.1089 425.6708 417.6458 408.9414 400.2374 391.5331 382.8291 378.0324 373.5412 369.0499 364.5587 364.028 369.6582 375.2883 380.9186 386.5487 387.4342 387.5155 387.5967 387.6779 385.2004 377.2566 369.3125 361.3687 353.4246 343.9935 334.1489 324.3047 314.4605 306.6589 305.1067 303.5544 302.0022 300.4499 299.9647 299.915 299.8653 299.8156 299.7449 299.5741 299.4034 299.2326 299.0619 299.0 299.0 299.0 299.0 299.0 299.0 299.0 299.0 299.0 299.0 299.0 299.0 299.0 299.0 299.0 299.0 299.0 299.0 299.0 299.0 299.0 299.0 299.0 299.0 299.0 299.0 299.0 299.0
440.4347 433.1862 425.9374 418.1819 409.8399 401.4983 393.1563 384.8146 380.3803 376.2515 372.1226 367.9937 367.4318 372.4184 377.4049 382.3915 387.3781 388.3229 388.5826 388.8423 389.1021 386.8685 379.3087 371.7486 364.1888 356.6287 346.879 336.5206 326.1626 315.8045 307.5638 305.8006 304.0374 302.2743 300.511 299.9532 299.8873 299.8214 299.7554 299.6741 299.5196 299.3651 299.2105 299.056 299.0 299.0 299.0 299.0 299.0 299.0 299.0 299.0 299.0 299.0 299.0 299.0 299.0 299.0 299.0 299.0 299.0 299.0 299.0 299.0 299.0 299.0 299.0 299.0 299.0 299.0 299.0 299.0
440.3227 433.2634 426.2039 418.718 410.7384 402.7591 394.7795 386.8002 382.7283 378.9619 375.1953 371.4288 370.8356 375.1785 379.5215 383.8645 388.2074 389.2116 389.6497 390.088 390.5261 388.5366 381.3607 374.1847 367.0089 359.8328 349.7644 338.8922 328.0204 317.1486 308.4686 306.4946 304.5204 302.5463 300.5722 299.9417 299.8595 299.7774 299.6953 299.6033 299.465 299.3267 299.1884 299.0501 299.0 299.0 299.0 299.0 299.0 299.0 299.0 299.0 299.0 299.0 299.0 299.0 299.0 299.0 299.0 299.0 299.0 299.0 299.0 299.0 299.0 299.0 299.0 299.0 299.0 299.0 299.0 299.0
440.2106 433.3406 426.4704 419.2541 411.6369 404.0199 396.4027 388.7858 385.0763 381.6722 378.268 374.8639 374.2395 377.9388 381.6381 385.3375 389.0368 390.1003 390.7169 391.3336 391.9502 390.2047 383.4129 376.6208 369.829 363.037 352.6499 341.2639 329.8783 318.4927 309.3735 307.1885 305.0034 302.8184 300.6333 299.9301 299.8318 299.7334 299.635 299.5325 299.4105 299.2884 299.1663 299.0442 299.0 299.0 299.0 299.0 299.0 299.0 299.0 299.0 299.0 299.0 299.0 299.0 299.0 299.0 299.0 299.0 299.0 299.0 299.0 299.0 299.0 299.0 299.0 299.0 299.0 299.0 299.0 299.0
440.0985 433.4179 426.737 419.7902 412.5353 405.2808 398.026 390.7714 387.4243 384.3825 381.3407 378.299 377.6432 380.6989 383.7546 386.8104 389.8661 390.9889 391.7841 392.5792 393.3743 391.8728 385.465 379.0569 372.6491 366.2411 355.5354 343.6356 331.7361 319.8367 310.2784 307.8824 305.4864 303.0905 300.6945 299.9186 299.804 299.6894 299.5748 299.4618 299.3559 299.2501 299.1442 299.0384 299.0 299.0 299.0 299.0 299.0 299.0 299.0 299.0 299.0 299.0 299.0 299.0 299.0 299.0 299.0 299.0 299.0 299.0 299.0 299.0 299.0 299.0 299.0 299.0 299.0 299.0 299.0 299.0
439.2145 432.8484 426.482 419.8796 413.0038 406.1283 399.2526 392.377 389.1664 386.2422 383.3178 380.3936 379.4998 381.7645 384.0291 386.2938 388.5584 389.4551 390.1198 390.7846 391.4493 389.9148 383.6823 377.4496 371.2171 364.9843 354.5027 342.8403 331.1784 319.5164 310.1406 307.7592 305.3776 302.9961 300.6145 299.8412 299.7243 299.6074 299.4905 299.3788 299.292 299.2051 299.1183 299.0315 299.0 299.0 299.0 299.0 299.0 299.0 299.0 299.0 299.0 299.0 299.0 299.0 299.0 299.0 299.0 299.0 299.0 299.0 299.0 299.0 299.0 299.0 299.0 299.0 299.0 299.0 299.0 299.0
437.602 431.6685 425.7348 419.5475 413.0665 406.5858 400.1049 393.6241 390.3367 387.2989 384.261 381.2232 379.8963 381.2308 382.5652 383.8997 385.2341 385.6353 385.8781 386.1211 386.364 384.5352 378.2811 372.0267 365.7726 359.5182 349.7725 339.0566 328.3411 317.6256 309.019 306.8647 304.7103 302.5559 300.4015 299.7017 299.5956 299.4895 299.3835 299.2845 299.2193 299.1541 299.0888 299.0236 299.0 299.0 299.0 299.0 299.0 299.0 299.0 299.0 299.0 299.0 299.0 299.0 299.0 299.0 299.0 299.0 299.0 299.0 299.0 299.0 299.0 299.0 299.0 299.0 299.0 299.0 299.0 299.0
435.9896 430.4887 424.9876 419.2154 413.1292 407.0433 400.9572 394.8712 391.507 388.3557 385.2042 382.0529 380.2928 380.6971 381.1013 381.5056 381.9098 381.8154 381.6365 381.4576 381.2786 379.1556 372.8799 366.6039 360.3281 354.0521 345.0424 335.2729 325.5038 315.7347 307.8974 305.9702 304.0429 302.1157 300.1884 299.5622 299.4669 299.3716 299.2764 299.1901 299.1465 299.1029 299.0594 299.0158 299.0 299.0 299.0 299.0 299.0 299.0 299.0 299.0 299.0 299.0 299.0 299.0 299.0 299.0 299.0 299.0 299.0 299.0 299.0 299.0 299.0 299.0 299.0 299.0 299.0 299.0 299.0 299.0
434.377 429.3088 424.2404 418.8833 413.192 407.5008 401.8094 396.1183 392.6774 389.4125 386.1475 382.8825 380.6893 380.1634 379.6374 379.1115 378.5855 377.9955 377.3947 376.7939 376.1932 373.776 367.4785 361.1809 354.8835 348.5859 340.3122 331.4892 322.6665 313.8438 306.7758 305.0757 303.3756 301.6755 299.9754 299.4227 299.3382 299.2538 299.1693 299.0957 299.0738 299.0518 299.0299 299.008 299.0 299.0 299.0 299.0 299.0 299.0 299.0 299.0 299.0 299.0 299.0 299.0 299.0 299.0 299.0 299.0 299.0 299.0 299.0 299.0 299.0 299.0 299.0 299.0 299.0 299.0 299.0 299.0
432.7646 428.129 423.4932 418.5512 413.2547 407.9583 402.6617 397.3654 393.8478 390.4693 387.0906 383.7122 381.0858 379.6297 378.1735 376.7173 375.2612 374.1757 373.1531 372.1304 371.1078 368.3964 362.0773 355.7581 349.439 343.1198 335.582 327.7055 319.8293 311.953 305.6542 304.1812 302.7083 301.2354 299.7624 299.2831 299.2095 299.1359 299.0623 299.0014 299.0011 299.0007 299.0004 299.0001 299.0 299.0 299.0 299.0 299.0 299.0 299.0 299.0 299.0 299.0 299.0 299.0 299.0 299.0 299.0 299.0 299.0 299.0 299.0 299.0 299.0 299.0 299.0 299.0 299.0 299.0 299.0 299.0
432.8582 428.4687 424.0791 419.3804 414.3241 409.268 404.2117 399.1556 395.4363 391.8217 388.2069 384.5922 381.5541 379.4129 377.2717 375.1305 372.9893 370.9972 369.0304 367.0635 365.0968 361.7421 355.4227 349.1031 342.7838 336.4642 329.859 323.1741 316.4895 309.8048 304.4679 303.2541 302.0403 300.8264 299.6126 299.22 299.1625 299.105 299.0475 299.0 299.0 299.0 299.0 299.0 299.0 299.0 299.0 299.0 299.0 299.0 299.0 299.0 299.0 299.0 299.0 299.0 299.0 299.0 299.0 299.0 299.0 299.0 299.0 299.0 299.0 299.0 299.0 299.0 299.0 299.0 299.0 299.0
432.9769 428.8308 424.6845 420.2267 415.4084 410.5902 405.7719 400.9537 397.031 393.1784 389.3257 385.4731 382.0234 379.2008 376.3782 373.5555 370.7329 367.8281 364.9095 361.9908 359.0722 355.0692 348.7498 342.4302 336.1109 329.7913 324.1214 318.6318 313.1423 307.6529 303.2806 302.3264 301.3722 300.418 299.4638 299.1579 299.1166 299.0753 299.0341 299.0 299.0 299.0 299.0 299.0 299.0 299.0 299.0 299.0 299.0 299.0 299.0 299.0 299.0 299.0 299.0 299.0 299.0 299.0 299.0 299.0 299.0 299.0 299.0 299.0 299.0 299.0 299.0 299.0 299.0 299.0 299.0 299.0
