data/zism_data/00165_02_D.txt
ncols         224
nrows         224
[rows 58 to 86 of 224, columns 0 to 63 of 224]
1349.02 1349.0 1349.0 1349.0 1349.0 1349.0 1349.0 1349.0 1349.0 1349.0 1349.0 1349.0 1349.0 1349.0 1349.0 1349.0 1349.0 1349.0 1349.0 1349.0 1349.0 1349.0 1349.0 1349.0 1349.0 1349.0 1349.0 1349.0 1349.0 1349.0 1349.0 1349.0 1349.0 1348.925 1348.835 1348.745 1348.655 1348.554 1348.424 1348.294 1348.165 1348.035 1348.0 1348.0 1348.0 1348.0 1347.962 1347.742 1347.522 1347.303 1347.083 1346.899 1346.736 1346.573 1346.409 1346.253 1346.197 1346.141 1346.084 1346.028 1345.938 1345.818 1345.697 1345.576
1349.02 1349.0 1349.0 1349.0 1349.0 1349.0 1349.0 1349.0 1349.0 1349.0 1349.0 1349.0 1349.0 1349.0 1349.0 1349.0 1349.0 1349.0 1349.0 1349.0 1349.0 1349.0 1349.0 1349.0 1349.0 1349.0 1349.0 1349.0 1349.0 1349.0 1349.0 1349.0 1349.0 1348.943 1348.874 1348.806 1348.737 1348.645 1348.494 1348.343 1348.192 1348.041 1348.0 1348.0 1348.0 1348.0 1347.962 1347.742 1347.522 1347.303 1347.083 1346.912 1346.77 1346.629 1346.487 1346.35 1346.272 1346.194 1346.116 1346.038 1345.957 1345.874 1345.791 1345.708
1349.021 1349.0 1349.0 1349.0 1349.0 1349.0 1349.0 1349.0 1349.0 1349.0 1349.001 1349.002 1349.003 1349.005 1349.006 1349.006 1349.006 1349.006 1349.006 1349.007 1349.01 1349.012 1349.015 1349.018 1349.017 1349.016 1349.015 1349.014 1349.013 1349.01 1349.006 1349.004 1349.0 1348.96 1348.912 1348.864 1348.816 1348.733 1348.561 1348.39 1348.218 1348.046 1348.0 1348.0 1348.0 1348.0 1347.962 1347.744 1347.525 1347.307 1347.089 1346.931 1346.81 1346.688 1346.567 1346.448 1346.352 1346.256 1346.16 1346.065 1345.991 1345.94 1345.889 1345.837
1349.024 1349.0 1349.0 1349.0 1349.0 1349.0 1349.0 1349.0 1349.0 1349.0 1349.011 1349.028 1349.045 1349.063 1349.079 1349.079 1349.079 1349.079 1349.079 1349.097 1349.131 1349.166 1349.201 1349.235 1349.226 1349.215 1349.203 1349.192 1349.169 1349.128 1349.088 1349.047 1349.006 1348.969 1348.932 1348.894 1348.857 1348.779 1348.596 1348.414 1348.232 1348.049 1348.0 1348.0 1348.0 1348.0 1347.965 1347.762 1347.56 1347.358 1347.156 1347.011 1346.9 1346.79 1346.679 1346.571 1346.497 1346.423 1346.348 1346.274 1346.195 1346.111 1346.028 1345.944
1349.026 1349.0 1349.0 1349.0 1349.0 1349.0 1349.0 1349.0 1349.0 1349.0 1349.021 1349.054 1349.087 1349.121 1349.152 1349.152 1349.152 1349.152 1349.152 1349.186 1349.253 1349.32 1349.387 1349.453 1349.436 1349.413 1349.391 1349.369 1349.325 1349.247 1349.169 1349.091 1349.013 1348.978 1348.951 1348.925 1348.898 1348.824 1348.631 1348.438 1348.245 1348.052 1348.0 1348.0 1348.0 1348.0 1347.967 1347.781 1347.595 1347.409 1347.223 1347.09 1346.991 1346.891 1346.792 1346.695 1346.642 1346.589 1346.536 1346.483 1346.398 1346.282 1346.167 1346.051
1349.029 1349.0 1349.0 1349.0 1349.0 1349.0 1349.0 1349.0 1349.0 1349.0 1349.03 1349.08 1349.129 1349.179 1349.226 1349.226 1349.226 1349.226 1349.226 1349.275 1349.375 1349.474 1349.573 1349.672 1349.645 1349.612 1349.579 1349.546 1349.481 1349.365 1349.25 1349.134 1349.019 1348.987 1348.971 1348.955 1348.939 1348.87 1348.666 1348.463 1348.259 1348.055 1348.0 1348.0 1348.0 1348.0 1347.97 1347.8 1347.63 1347.46 1347.29 1347.17 1347.081 1346.992 1346.903 1346.818 1346.787 1346.755 1346.724 1346.692 1346.601 1346.453 1346.305 1346.158
1349.032 1349.0 1349.0 1349.0 1349.0 1349.0 1349.0 1349.0 1349.0 1349.0 1349.04 1349.106 1349.171 1349.237 1349.299 1349.299 1349.299 1349.299 1349.299 1349.365 1349.496 1349.627 1349.758 1349.89 1349.855 1349.811 1349.767 1349.724 1349.637 1349.484 1349.331 1349.178 1349.025 1348.996 1348.991 1348.986 1348.981 1348.916 1348.701 1348.487 1348.272 1348.058 1348.0 1348.0 1348.0 1348.0 1347.973 1347.819 1347.665 1347.511 1347.357 1347.25 1347.172 1347.094 1347.016 1346.942 1346.932 1346.921 1346.911 1346.901 1346.804 1346.624 1346.444 1346.264
1349.146 1349.116 1349.116 1349.116 1349.116 1349.116 1349.116 1349.116 1349.116 1349.116 1349.156 1349.22 1349.285 1349.35 1349.411 1349.411 1349.411 1349.411 1349.411 1349.476 1349.605 1349.735 1349.864 1349.993 1349.959 1349.916 1349.873 1349.83 1349.744 1349.593 1349.442 1349.291 1349.14 1349.094 1349.069 1349.044 1349.018 1348.942 1348.74 1348.537 1348.335 1348.132 1348.065 1348.048 1348.031 1348.014 1347.977 1347.848 1347.719 1347.589 1347.46 1347.37 1347.306 1347.241 1347.176 1347.116 1347.116 1347.116 1347.116 1347.116 1347.015 1346.817 1346.619 1346.421
1349.358 1349.336 1349.336 1349.336 1349.336 1349.336 1349.336 1349.336 1349.336 1349.336 1349.365 1349.414 1349.463 1349.511 1349.557 1349.557 1349.557 1349.557 1349.557 1349.606 1349.703 1349.801 1349.898 1349.995 1349.969 1349.937 1349.904 1349.872 1349.808 1349.694 1349.581 1349.467 1349.354 1349.274 1349.2 1349.126 1349.053 1348.952 1348.781 1348.611 1348.44 1348.27 1348.188 1348.139 1348.09 1348.041 1347.983 1347.886 1347.788 1347.691 1347.594 1347.527 1347.478 1347.43 1347.381 1347.336 1347.336 1347.336 1347.336 1347.336 1347.232 1347.028 1346.825 1346.622
1349.57 1349.555 1349.555 1349.555 1349.555 1349.555 1349.555 1349.555 1349.555 1349.555 1349.575 1349.608 1349.64 1349.673 1349.703 1349.703 1349.703 1349.703 1349.703 1349.736 1349.801 1349.866 1349.932 1349.997 1349.979 1349.958 1349.936 1349.914 1349.871 1349.795 1349.719 1349.643 1349.567 1349.453 1349.331 1349.209 1349.087 1348.961 1348.822 1348.684 1348.546 1348.407 1348.311 1348.229 1348.148 1348.067 1347.989 1347.923 1347.858 1347.793 1347.728 1347.683 1347.651 1347.618 1347.586 1347.555 1347.555 1347.555 1347.555 1347.555 1347.448 1347.24 1347.031 1346.822
1349.782 1349.775 1349.775 1349.775 1349.775 1349.775 1349.775 1349.775 1349.775 1349.775 1349.785 1349.801 1349.818 1349.834 1349.85 1349.85 1349.85 1349.85 1349.85 1349.866 1349.899 1349.932 1349.965 1349.998 1349.99 1349.979 1349.968 1349.957 1349.935 1349.896 1349.858 1349.819 1349.781 1349.632 1349.462 1349.292 1349.122 1348.97 1348.864 1348.757 1348.651 1348.545 1348.434 1348.32 1348.207 1348.094 1347.994 1347.961 1347.928 1347.895 1347.862 1347.84 1347.823 1347.807 1347.79 1347.775 1347.775 1347.775 1347.775 1347.775 1347.665 1347.451 1347.237 1347.023
1349.995 1349.995 1349.995 1349.995 1349.995 1349.995 1349.995 1349.995 1349.995 1349.995 1349.995 1349.995 1349.995 1349.996 1349.996 1349.996 1349.996 1349.996 1349.996 1349.997 1349.998 1349.998 1349.999 1350.0 1350.0 1350.0 1349.999 1349.999 1349.998 1349.997 1349.996 1349.996 1349.995 1349.811 1349.593 1349.375 1349.156 1348.979 1348.905 1348.831 1348.757 1348.683 1348.557 1348.411 1348.266 1348.12 1348.0 1347.999 1347.998 1347.997 1347.997 1347.996 1347.996 1347.995 1347.995 1347.995 1347.995 1347.995 1347.995 1347.995 1347.882 1347.663 1347.443 1347.224
1350.009 1350.0 1350.0 1350.0 1350.0 1350.0 1350.0 1350.0 1350.0 1350.0 1350.019 1350.051 1350.082 1350.113 1350.143 1350.143 1350.143 1350.143 1350.143 1350.127 1350.096 1350.064 1350.033 1350.002 1350.0 1350.0 1350.0 1350.0 1350.0 1350.0 1350.0 1350.0 1350.0 1349.824 1349.615 1349.406 1349.197 1349.028 1348.96 1348.892 1348.824 1348.756 1348.643 1348.512 1348.381 1348.25 1348.143 1348.143 1348.143 1348.143 1348.143 1348.143 1348.143 1348.143 1348.143 1348.143 1348.143 1348.143 1348.143 1348.143 1348.039 1347.835 1347.631 1347.427
1350.018 1350.0 1350.0 1350.0 1350.0 1350.0 1350.0 1350.0 1350.0 1350.0 1350.039 1350.102 1350.166 1350.229 1350.289 1350.289 1350.289 1350.289 1350.289 1350.257 1350.194 1350.13 1350.067 1350.003 1350.0 1350.0 1350.0 1350.0 1350.0 1350.0 1350.0 1350.0 1350.0 1349.833 1349.635 1349.437 1349.238 1349.079 1349.016 1348.953 1348.891 1348.828 1348.728 1348.613 1348.498 1348.384 1348.289 1348.289 1348.289 1348.289 1348.289 1348.289 1348.289 1348.289 1348.289 1348.289 1348.289 1348.289 1348.289 1348.289 1348.193 1348.005 1347.818 1347.63
1350.026 1350.0 1350.0 1350.0 1350.0 1350.0 1350.0 1350.0 1350.0 1350.0 1350.059 1350.154 1350.25 1350.346 1350.436 1350.436 1350.436 1350.436 1350.436 1350.387 1350.292 1350.196 1350.1 1350.005 1350.0 1350.0 1350.0 1350.0 1350.0 1350.0 1350.0 1350.0 1350.0 1349.843 1349.655 1349.467 1349.28 1349.129 1349.072 1349.014 1348.957 1348.9 1348.813 1348.714 1348.615 1348.517 1348.436 1348.436 1348.436 1348.436 1348.436 1348.436 1348.436 1348.436 1348.436 1348.436 1348.436 1348.436 1348.436 1348.436 1348.348 1348.176 1348.004 1347.833
1350.035 1350.0 1350.0 1350.0 1350.0 1350.0 1350.0 1350.0 1350.0 1350.0 1350.078 1350.206 1350.334 1350.462 1350.582 1350.582 1350.582 1350.582 1350.582 1350.518 1350.39 1350.262 1350.134 1350.006 1350.0 1350.0 1350.0 1350.0 1350.0 1350.0 1350.0 1350.0 1350.0 1349.851 1349.675 1349.498 1349.321 1349.179 1349.127 1349.075 1349.024 1348.972 1348.897 1348.815 1348.733 1348.65 1348.582 1348.582 1348.582 1348.582 1348.582 1348.582 1348.582 1348.582 1348.582 1348.582 1348.582 1348.582 1348.582 1348.582 1348.502 1348.347 1348.191 1348.036
1350.111 1350.075 1350.08 1350.084 1350.089 1350.093 1350.093 1350.093 1350.093 1350.093 1350.174 1350.307 1350.44 1350.573 1350.698 1350.698 1350.698 1350.698 1350.698 1350.626 1350.484 1350.342 1350.201 1350.059 1350.041 1350.029 1350.018 1350.007 1350.0 1350.0 1350.0 1350.0 1350.0 1349.857 1349.686 1349.515 1349.344 1349.208 1349.16 1349.111 1349.062 1349.013 1348.952 1348.885 1348.819 1348.752 1348.698 1348.698 1348.698 1348.698 1348.698 1348.698 1348.698 1348.698 1348.698 1348.698 1348.698 1348.698 1348.698 1348.698 1348.63 1348.497 1348.364 1348.231
1350.277 1350.254 1350.269 1350.284 1350.3 1350.312 1350.312 1350.312 1350.312 1350.312 1350.374 1350.475 1350.575 1350.676 1350.771 1350.771 1350.771 1350.771 1350.771 1350.705 1350.574 1350.443 1350.311 1350.18 1350.137 1350.099 1350.061 1350.023 1350.0 1350.0 1350.0 1350.0 1350.0 1349.857 1349.686 1349.515 1349.344 1349.208 1349.16 1349.111 1349.062 1349.013 1348.963 1348.913 1348.863 1348.812 1348.771 1348.771 1348.771 1348.771 1348.771 1348.771 1348.771 1348.771 1348.771 1348.771 1348.771 1348.771 1348.771 1348.771 1348.719 1348.619 1348.518 1348.417
1350.444 1350.432 1350.458 1350.484 1350.51 1350.532 1350.532 1350.532 1350.532 1350.532 1350.574 1350.642 1350.711 1350.78 1350.844 1350.844 1350.844 1350.844 1350.844 1350.783 1350.663 1350.542 1350.422 1350.302 1350.234 1350.169 1350.104 1350.039 1350.0 1350.0 1350.0 1350.0 1350.0 1349.857 1349.686 1349.515 1349.344 1349.208 1349.16 1349.111 1349.062 1349.013 1348.975 1348.941 1348.906 1348.872 1348.844 1348.844 1348.844 1348.844 1348.844 1348.844 1348.844 1348.844 1348.844 1348.844 1348.844 1348.844 1348.844 1348.844 1348.809 1348.74 1348.672 1348.604
1350.61 1350.611 1350.648 1350.684 1350.721 1350.752 1350.752 1350.752 1350.752 1350.752 1350.774 1350.81 1350.847 1350.883 1350.917 1350.917 1350.917 1350.917 1350.917 1350.862 1350.752 1350.643 1350.533 1350.423 1350.331 1350.239 1350.147 1350.056 1350.0 1350.0 1350.0 1350.0 1350.0 1349.857 1349.686 1349.515 1349.344 1349.208 1349.16 1349.111 1349.062 1349.013 1348.987 1348.969 1348.95 1348.932 1348.917 1348.917 1348.917 1348.917 1348.917 1348.917 1348.917 1348.917 1348.917 1348.917 1348.917 1348.917 1348.917 1348.917 1348.899 1348.862 1348.826 1348.79
1350.776 1350.79 1350.837 1350.884 1350.932 1350.971 1350.971 1350.971 1350.971 1350.971 1350.974 1350.978 1350.982 1350.986 1350.99 1350.99 1350.99 1350.99 1350.99 1350.941 1350.842 1350.743 1350.644 1350.545 1350.427 1350.309 1350.19 1350.072 1350.0 1350.0 1350.0 1350.0 1350.0 1349.857 1349.686 1349.515 1349.344 1349.208 1349.16 1349.111 1349.062 1349.013 1348.998 1348.996 1348.994 1348.992 1348.99 1348.99 1348.99 1348.99 1348.99 1348.99 1348.99 1348.99 1348.99 1348.99 1348.99 1348.99 1348.99 1348.99 1348.988 1348.984 1348.98 1348.976
1351.027 1351.04 1351.079 1351.119 1351.158 1351.191 1351.191 1351.191 1351.191 1351.191 1351.191 1351.191 1351.191 1351.191 1351.188 1351.147 1351.105 1351.063 1351.021 1350.96 1350.881 1350.802 1350.723 1350.644 1350.507 1350.366 1350.226 1350.085 1350.0 1350.0 1350.0 1350.0 1350.0 1349.849 1349.669 1349.489 1349.309 1349.169 1349.129 1349.09 1349.05 1349.011 1349.031 1349.073 1349.115 1349.156 1349.191 1349.191 1349.191 1349.191 1349.191 1349.191 1349.191 1349.191 1349.191 1349.191 1349.191 1349.191 1349.191 1349.191 1349.191 1349.191 1349.191 1349.191
1351.292 1351.3 1351.329 1351.358 1351.387 1351.411 1351.411 1351.411 1351.411 1351.411 1351.411 1351.411 1351.411 1351.411 1351.405 1351.315 1351.225 1351.135 1351.045 1350.971 1350.914 1350.856 1350.798 1350.741 1350.584 1350.422 1350.26 1350.098 1350.0 1350.0 1350.0 1350.0 1350.0 1349.84 1349.649 1349.458 1349.267 1349.123 1349.094 1349.065 1349.036 1349.008 1349.066 1349.156 1349.246 1349.336 1349.411 1349.411 1349.411 1349.411 1349.411 1349.411 1349.411 1349.411 1349.411 1349.411 1349.411 1349.411 1349.411 1349.411 1349.411 1349.411 1349.411 1349.411
1351.556 1351.561 1351.579 1351.597 1351.615 1351.63 1351.63 1351.63 1351.63 1351.63 1351.63 1351.63 1351.63 1351.63 1351.622 1351.484 1351.345 1351.207 1351.069 1350.982 1350.946 1350.91 1350.874 1350.838 1350.661 1350.478 1350.295 1350.111 1350.0 1350.0 1350.0 1350.0 1350.0 1349.831 1349.629 1349.428 1349.226 1349.077 1349.059 1349.041 1349.023 1349.005 1349.101 1349.239 1349.378 1349.516 1349.63 1349.63 1349.63 1349.63 1349.63 1349.63 1349.63 1349.63 1349.63 1349.63 1349.63 1349.63 1349.63 1349.63 1349.63 1349.63 1349.63 1349.63
1351.82 1351.822 1351.829 1351.836 1351.844 1351.85 1351.85 1351.85 1351.85 1351.85 1351.85 1351.85 1351.85 1351.85 1351.839 1351.652 1351.466 1351.279 1351.093 1350.993 1350.978 1350.963 1350.949 1350.934 1350.739 1350.534 1350.329 1350.124 1350.0 1350.0 1350.0 1350.0 1350.0 1349.822 1349.61 1349.397 1349.185 1349.031 1349.024 1349.017 1349.009 1349.002 1349.136 1349.323 1349.509 1349.696 1349.85 1349.85 1349.85 1349.85 1349.85 1349.85 1349.85 1349.85 1349.85 1349.85 1349.85 1349.85 1349.85 1349.85 1349.85 1349.85 1349.85 1349.85
1352.047 1352.046 1352.046 1352.046 1352.046 1352.045 1352.038 1352.032 1352.025 1352.018 1352.013 1352.01 1352.007 1352.003 1351.988 1351.784 1351.579 1351.375 1351.171 1351.064 1351.052 1351.04 1351.028 1351.016 1350.814 1350.601 1350.388 1350.175 1350.042 1350.032 1350.022 1350.012 1350.002 1349.828 1349.624 1349.42 1349.216 1349.07 1349.07 1349.07 1349.07 1349.07 1349.219 1349.423 1349.627 1349.832 1350.0 1350.0 1350.0 1350.0 1350.0 1350.0 1350.0 1350.0 1350.0 1350.0 1350.0 1350.0 1350.0 1350.0 1350.0 1350.0 1350.0 1350.0
1352.195 1352.193 1352.193 1352.193 1352.193 1352.188 1352.16 1352.132 1352.103 1352.075 1352.056 1352.042 1352.027 1352.013 1351.991 1351.835 1351.679 1351.523 1351.367 1351.264 1351.215 1351.166 1351.116 1351.067 1350.883 1350.691 1350.5 1350.309 1350.176 1350.134 1350.091 1350.049 1350.007 1349.869 1349.713 1349.557 1349.401 1349.289 1349.289 1349.289 1349.289 1349.289 1349.403 1349.559 1349.715 1349.871 1350.0 1350.0 1350.0 1350.0 1350.0 1350.0 1350.0 1350.0 1350.0 1350.0 1350.0 1350.0 1350.0 1350.0 1350.0 1350.0 1350.0 1350.0
1352.343 1352.339 1352.339 1352.339 1352.339 1352.331 1352.281 1352.232 1352.182 1352.132 1352.098 1352.073 1352.048 1352.023 1351.994 1351.886 1351.778 1351.67 1351.562 1351.465 1351.378 1351.291 1351.204 1351.118 1350.952 1350.782 1350.612 1350.442 1350.31 1350.235 1350.161 1350.086 1350.012 1349.909 1349.802 1349.694 1349.586 1349.509 1349.509 1349.509 1349.509 1349.509 1349.588 1349.695 1349.803 1349.911 1350.0 1350.0 1350.0 1350.0 1350.0 1350.0 1350.0 1350.0 1350.0 1350.0 1350.0 1350.0 1350.0 1350.0 1350.0 1350.0 1350.0 1350.0
1352.491 1352.486 1352.486 1352.486 1352.486 1352.474 1352.403 1352.332 1352.26 1352.189 1352.14 1352.105 1352.069 1352.033 1351.996 1351.937 1351.877 1351.818 1351.758 1351.666 1351.541 1351.417 1351.293 1351.168 1351.021 1350.873 1350.724 1350.576 1350.444 1350.337 1350.23 1350.124 1350.017 1349.95 1349.89 1349.831 1349.771 1349.729 1349.729 1349.729 1349.729 1349.729 1349.772 1349.832 1349.891 1349.951 1350.0 1350.0 1350.0 1350.0 1350.0 1350.0 1350.0 1350.0 1350.0 1350.0 1350.0 1350.0 1350.0 1350.0 1350.0 1350.0 1350.0 1350.0
