data/zism_data/00164_01_D.txt
ncols         224
nrows         224
[rows 140 to 167 of 224, columns 126 to 188 of 224]
1599.715 1599.579 1599.591 1600.072 1600.553 1601.034 1601.515 1602.104 1602.746 1603.387 1604.029 1604.644 1605.024 1605.403 1605.783 1606.162 1606.038 1605.472 1604.906 1604.339 1603.773 1603.399 1603.031 1602.664 1602.297 1601.936 1601.587 1601.237 1600.887 1600.537 1600.457 1600.435 1600.413 1600.39 1600.411 1600.557 1600.703 1600.849 1600.995 1601.52 1602.22 1602.92 1603.62 1604.308 1604.906 1605.505 1606.103 1606.702 1607.136 1607.435 1607.735 1608.034 1608.333 1608.34 1608.34 1608.34 1608.34 1608.34 1608.34 1608.34 1608.34 1608.34 1608.091
1600.703 1600.588 1600.601 1601.018 1601.435 1601.852 1602.269 1602.815 1603.425 1604.034 1604.644 1605.233 1605.645 1606.057 1606.468 1606.88 1606.79 1606.262 1605.733 1605.204 1604.675 1604.297 1603.924 1603.552 1603.179 1602.828 1602.51 1602.192 1601.875 1601.557 1601.443 1601.373 1601.302 1601.232 1601.217 1601.363 1601.508 1601.654 1601.8 1602.282 1602.918 1603.553 1604.189 1604.824 1605.455 1606.085 1606.716 1607.346 1607.804 1608.12 1608.435 1608.75 1609.065 1609.072 1609.072 1609.072 1609.072 1609.072 1609.072 1609.072 1609.072 1609.072 1608.814
1601.691 1601.597 1601.612 1601.964 1602.317 1602.67 1603.022 1603.526 1604.104 1604.681 1605.259 1605.822 1606.266 1606.71 1607.154 1607.597 1607.543 1607.051 1606.56 1606.068 1605.577 1605.195 1604.817 1604.439 1604.061 1603.72 1603.434 1603.148 1602.862 1602.577 1602.429 1602.31 1602.192 1602.073 1602.022 1602.168 1602.314 1602.46 1602.606 1603.044 1603.615 1604.187 1604.759 1605.341 1606.003 1606.666 1607.328 1607.991 1608.472 1608.804 1609.135 1609.466 1609.797 1609.805 1609.805 1609.805 1609.805 1609.805 1609.805 1609.805 1609.805 1609.805 1609.538
1602.678 1602.607 1602.622 1602.91 1603.199 1603.487 1603.776 1604.237 1604.782 1605.328 1605.873 1606.412 1606.887 1607.363 1607.839 1608.315 1608.295 1607.841 1607.387 1606.933 1606.479 1606.093 1605.71 1605.327 1604.943 1604.611 1604.358 1604.104 1603.85 1603.597 1603.415 1603.248 1603.082 1602.915 1602.828 1602.974 1603.12 1603.266 1603.412 1603.806 1604.313 1604.821 1605.328 1605.857 1606.552 1607.246 1607.941 1608.636 1609.14 1609.488 1609.835 1610.182 1610.53 1610.537 1610.537 1610.537 1610.537 1610.537 1610.537 1610.537 1610.537 1610.537 1610.261
1603.666 1603.616 1603.632 1603.856 1604.08 1604.305 1604.529 1604.948 1605.461 1605.975 1606.488 1607.001 1607.509 1608.017 1608.525 1609.032 1609.048 1608.631 1608.214 1607.798 1607.381 1606.991 1606.603 1606.214 1605.826 1605.503 1605.281 1605.06 1604.838 1604.616 1604.401 1604.186 1603.971 1603.756 1603.634 1603.78 1603.926 1604.072 1604.218 1604.567 1605.011 1605.454 1605.897 1606.374 1607.1 1607.827 1608.554 1609.281 1609.808 1610.172 1610.535 1610.898 1611.262 1611.27 1611.27 1611.27 1611.27 1611.27 1611.27 1611.27 1611.27 1611.27 1610.985
1604.877 1604.911 1604.98 1605.155 1605.329 1605.504 1605.679 1606.027 1606.46 1606.892 1607.325 1607.765 1608.266 1608.766 1609.267 1609.768 1609.8 1609.421 1609.042 1608.662 1608.283 1607.904 1607.525 1607.145 1606.766 1606.467 1606.292 1606.117 1605.942 1605.767 1605.593 1605.418 1605.243 1605.068 1604.967 1605.084 1605.2 1605.317 1605.434 1605.71 1606.06 1606.41 1606.76 1607.15 1607.846 1608.541 1609.236 1609.932 1610.473 1610.886 1611.3 1611.713 1612.127 1612.165 1612.194 1612.223 1612.252 1612.254 1612.215 1612.176 1612.137 1612.098 1611.765
1606.109 1606.234 1606.36 1606.487 1606.613 1606.74 1606.867 1607.142 1607.489 1607.836 1608.183 1608.545 1609.035 1609.525 1610.015 1610.506 1610.552 1610.211 1609.869 1609.527 1609.185 1608.818 1608.449 1608.08 1607.712 1607.438 1607.312 1607.185 1607.058 1606.931 1606.804 1606.677 1606.55 1606.424 1606.351 1606.435 1606.52 1606.604 1606.689 1606.89 1607.143 1607.397 1607.651 1607.952 1608.609 1609.267 1609.925 1610.583 1611.137 1611.604 1612.071 1612.538 1613.005 1613.075 1613.136 1613.198 1613.259 1613.262 1613.18 1613.098 1613.016 1612.935 1612.55
1607.341 1607.557 1607.74 1607.819 1607.897 1607.976 1608.055 1608.256 1608.518 1608.78 1609.041 1609.325 1609.805 1610.284 1610.764 1611.243 1611.305 1611.0 1610.696 1610.392 1610.087 1609.731 1609.373 1609.015 1608.657 1608.41 1608.331 1608.252 1608.173 1608.094 1608.016 1607.937 1607.858 1607.78 1607.734 1607.787 1607.839 1607.892 1607.944 1608.069 1608.226 1608.384 1608.541 1608.753 1609.374 1609.994 1610.615 1611.235 1611.801 1612.321 1612.842 1613.362 1613.882 1613.985 1614.079 1614.172 1614.265 1614.27 1614.145 1614.021 1613.896 1613.772 1613.335
1608.573 1608.88 1609.12 1609.151 1609.181 1609.212 1609.243 1609.371 1609.547 1609.723 1609.899 1610.105 1610.574 1611.043 1611.512 1611.98 1612.057 1611.79 1611.523 1611.256 1610.989 1610.645 1610.298 1609.95 1609.603 1609.381 1609.35 1609.319 1609.289 1609.258 1609.227 1609.197 1609.166 1609.135 1609.118 1609.138 1609.159 1609.179 1609.2 1609.248 1609.309 1609.371 1609.432 1609.554 1610.137 1610.721 1611.304 1611.887 1612.465 1613.039 1613.613 1614.186 1614.76 1614.896 1615.021 1615.146 1615.272 1615.278 1615.11 1614.943 1614.776 1614.609 1614.12
1609.756 1610.121 1610.398 1610.398 1610.398 1610.398 1610.398 1610.477 1610.595 1610.713 1610.83 1610.981 1611.417 1611.854 1612.291 1612.728 1612.813 1612.589 1612.365 1612.141 1611.918 1611.591 1611.26 1610.929 1610.599 1610.398 1610.398 1610.398 1610.398 1610.398 1610.398 1610.398 1610.398 1610.398 1610.398 1610.398 1610.398 1610.398 1610.398 1610.398 1610.398 1610.398 1610.398 1610.462 1611.005 1611.549 1612.093 1612.637 1613.215 1613.821 1614.427 1615.032 1615.638 1615.812 1615.975 1616.138 1616.302 1616.308 1616.089 1615.869 1615.649 1615.429 1614.895
1610.855 1611.22 1611.497 1611.497 1611.497 1611.497 1611.497 1611.569 1611.676 1611.783 1611.89 1612.023 1612.391 1612.758 1613.125 1613.493 1613.574 1613.403 1613.233 1613.063 1612.892 1612.593 1612.289 1611.985 1611.681 1611.497 1611.497 1611.497 1611.497 1611.497 1611.497 1611.497 1611.497 1611.497 1611.497 1611.497 1611.497 1611.497 1611.497 1611.497 1611.497 1611.497 1611.497 1611.555 1612.056 1612.557 1613.058 1613.559 1614.115 1614.716 1615.316 1615.917 1616.518 1616.738 1616.949 1617.16 1617.372 1617.379 1617.089 1616.8 1616.511 1616.222 1615.649
1611.954 1612.319 1612.596 1612.596 1612.596 1612.596 1612.596 1612.66 1612.757 1612.853 1612.949 1613.066 1613.364 1613.662 1613.96 1614.258 1614.335 1614.218 1614.101 1613.984 1613.867 1613.595 1613.318 1613.041 1612.764 1612.596 1612.596 1612.596 1612.596 1612.596 1612.596 1612.596 1612.596 1612.596 1612.596 1612.596 1612.596 1612.596 1612.596 1612.596 1612.596 1612.596 1612.596 1612.649 1613.107 1613.566 1614.024 1614.482 1615.016 1615.611 1616.206 1616.801 1617.397 1617.664 1617.923 1618.183 1618.442 1618.449 1618.09 1617.732 1617.373 1617.014 1616.403
1613.053 1613.417 1613.694 1613.694 1613.694 1613.694 1613.694 1613.752 1613.837 1613.923 1614.009 1614.109 1614.337 1614.566 1614.794 1615.023 1615.096 1615.032 1614.969 1614.905 1614.842 1614.598 1614.347 1614.097 1613.846 1613.694 1613.694 1613.694 1613.694 1613.694 1613.694 1613.694 1613.694 1613.694 1613.694 1613.694 1613.694 1613.694 1613.694 1613.694 1613.694 1613.694 1613.694 1613.743 1614.158 1614.574 1614.989 1615.405 1615.916 1616.506 1617.096 1617.686 1618.276 1618.59 1618.897 1619.205 1619.512 1619.519 1619.091 1618.663 1618.235 1617.807 1617.158
1614.151 1614.516 1614.793 1614.793 1614.793 1614.793 1614.793 1614.843 1614.918 1614.993 1615.068 1615.152 1615.311 1615.47 1615.629 1615.788 1615.857 1615.847 1615.836 1615.826 1615.816 1615.6 1615.376 1615.152 1614.929 1614.793 1614.793 1614.793 1614.793 1614.793 1614.793 1614.793 1614.793 1614.793 1614.793 1614.793 1614.793 1614.793 1614.793 1614.793 1614.793 1614.793 1614.793 1614.837 1615.209 1615.582 1615.955 1616.328 1616.816 1617.401 1617.986 1618.57 1619.155 1619.516 1619.871 1620.227 1620.583 1620.59 1620.092 1619.594 1619.097 1618.599 1617.912
1615.204 1615.595 1615.892 1615.892 1615.892 1615.892 1615.892 1615.932 1615.992 1616.052 1616.112 1616.179 1616.312 1616.445 1616.578 1616.711 1616.768 1616.76 1616.751 1616.742 1616.734 1616.556 1616.372 1616.188 1616.003 1615.892 1615.892 1615.892 1615.892 1615.892 1615.892 1615.892 1615.892 1615.892 1615.892 1615.892 1615.892 1615.892 1615.892 1615.892 1615.892 1615.892 1615.892 1615.93 1616.255 1616.581 1616.907 1617.233 1617.685 1618.243 1618.8 1619.358 1619.916 1620.259 1620.598 1620.937 1621.275 1621.265 1620.75 1620.235 1619.72 1619.205 1618.51
1616.247 1616.669 1616.99 1616.99 1616.99 1616.99 1616.99 1617.02 1617.064 1617.108 1617.152 1617.203 1617.32 1617.437 1617.554 1617.67 1617.715 1617.695 1617.676 1617.657 1617.637 1617.5 1617.359 1617.218 1617.076 1616.99 1616.99 1616.99 1616.99 1616.99 1616.99 1616.99 1616.99 1616.99 1616.99 1616.99 1616.99 1616.99 1616.99 1616.99 1616.99 1616.99 1616.99 1617.023 1617.301 1617.578 1617.856 1618.133 1618.547 1619.072 1619.598 1620.123 1620.649 1620.96 1621.267 1621.574 1621.88 1621.849 1621.329 1620.808 1620.288 1619.768 1619.072
1617.289 1617.744 1618.089 1618.089 1618.089 1618.089 1618.089 1618.108 1618.136 1618.164 1618.192 1618.227 1618.328 1618.429 1618.529 1618.63 1618.661 1618.631 1618.601 1618.571 1618.541 1618.445 1618.346 1618.248 1618.149 1618.089 1618.089 1618.089 1618.089 1618.089 1618.089 1618.089 1618.089 1618.089 1618.089 1618.089 1618.089 1618.089 1618.089 1618.089 1618.089 1618.089 1618.089 1618.116 1618.346 1618.575 1618.805 1619.034 1619.408 1619.902 1620.395 1620.889 1621.382 1621.661 1621.936 1622.211 1622.485 1622.433 1621.907 1621.381 1620.856 1620.33 1619.633
1618.331 1618.818 1619.188 1619.188 1619.188 1619.188 1619.188 1619.196 1619.208 1619.22 1619.231 1619.251 1619.335 1619.42 1619.505 1619.59 1619.608 1619.567 1619.526 1619.486 1619.445 1619.39 1619.334 1619.278 1619.222 1619.188 1619.188 1619.188 1619.188 1619.188 1619.188 1619.188 1619.188 1619.188 1619.188 1619.188 1619.188 1619.188 1619.188 1619.188 1619.188 1619.188 1619.188 1619.209 1619.391 1619.572 1619.753 1619.935 1620.27 1620.731 1621.192 1621.654 1622.115 1622.363 1622.605 1622.848 1623.09 1623.017 1622.485 1621.954 1621.423 1620.892 1620.195
1619.386 1619.898 1620.29 1620.302 1620.315 1620.327 1620.34 1620.344 1620.344 1620.344 1620.344 1620.351 1620.42 1620.489 1620.557 1620.626 1620.634 1620.588 1620.542 1620.496 1620.45 1620.427 1620.404 1620.381 1620.358 1620.344 1620.344 1620.344 1620.344 1620.344 1620.344 1620.344 1620.344 1620.344 1620.344 1620.344 1620.344 1620.344 1620.344 1620.344 1620.344 1620.344 1620.344 1620.36 1620.498 1620.635 1620.773 1620.91 1621.2 1621.615 1622.031 1622.446 1622.861 1623.074 1623.281 1623.489 1623.697 1623.596 1623.05 1622.504 1621.958 1621.412 1620.721
1620.475 1620.993 1621.4 1621.461 1621.521 1621.582 1621.642 1621.662 1621.662 1621.662 1621.662 1621.668 1621.721 1621.773 1621.826 1621.879 1621.885 1621.849 1621.814 1621.779 1621.744 1621.726 1621.708 1621.691 1621.673 1621.662 1621.662 1621.662 1621.662 1621.662 1621.662 1621.662 1621.662 1621.662 1621.662 1621.662 1621.662 1621.662 1621.662 1621.662 1621.662 1621.662 1621.662 1621.675 1621.78 1621.886 1621.991 1622.097 1622.325 1622.655 1622.985 1623.315 1623.645 1623.813 1623.978 1624.143 1624.308 1624.165 1623.576 1622.987 1622.398 1621.809 1621.148
1621.565 1622.087 1622.51 1622.619 1622.728 1622.836 1622.945 1622.981 1622.981 1622.981 1622.981 1622.985 1623.021 1623.058 1623.095 1623.131 1623.136 1623.111 1623.087 1623.062 1623.038 1623.025 1623.013 1623.001 1622.988 1622.981 1622.981 1622.981 1622.981 1622.981 1622.981 1622.981 1622.981 1622.981 1622.981 1622.981 1622.981 1622.981 1622.981 1622.981 1622.981 1622.981 1622.981 1622.99 1623.063 1623.136 1623.21 1623.283 1623.45 1623.695 1623.939 1624.183 1624.428 1624.553 1624.675 1624.797 1624.919 1624.733 1624.102 1623.47 1622.839 1622.207 1621.574
1622.654 1623.182 1623.621 1623.777 1623.934 1624.091 1624.248 1624.299 1624.299 1624.299 1624.299 1624.302 1624.322 1624.343 1624.364 1624.384 1624.386 1624.373 1624.359 1624.345 1624.331 1624.324 1624.317 1624.31 1624.304 1624.299 1624.299 1624.299 1624.299 1624.299 1624.299 1624.299 1624.299 1624.299 1624.299 1624.299 1624.299 1624.299 1624.299 1624.299 1624.299 1624.299 1624.299 1624.304 1624.346 1624.387 1624.428 1624.47 1624.575 1624.734 1624.893 1625.052 1625.211 1625.292 1625.372 1625.451 1625.531 1625.302 1624.627 1623.953 1623.279 1622.604 1622.001
1623.743 1624.277 1624.731 1624.936 1625.141 1625.346 1625.551 1625.618 1625.618 1625.618 1625.618 1625.618 1625.623 1625.628 1625.632 1625.637 1625.637 1625.634 1625.631 1625.628 1625.625 1625.623 1625.622 1625.62 1625.619 1625.618 1625.618 1625.618 1625.618 1625.618 1625.618 1625.618 1625.618 1625.618 1625.618 1625.618 1625.618 1625.618 1625.618 1625.618 1625.618 1625.618 1625.618 1625.619 1625.628 1625.637 1625.647 1625.656 1625.7 1625.774 1625.847 1625.921 1625.994 1626.032 1626.068 1626.105 1626.142 1625.87 1625.153 1624.436 1623.719 1623.002 1622.427
1624.77 1625.255 1625.682 1625.924 1626.166 1626.407 1626.649 1626.736 1626.747 1626.759 1626.77 1626.78 1626.78 1626.78 1626.78 1626.78 1626.78 1626.78 1626.78 1626.78 1626.78 1626.78 1626.78 1626.78 1626.78 1626.78 1626.78 1626.78 1626.78 1626.78 1626.78 1626.78 1626.78 1626.78 1626.78 1626.78 1626.78 1626.78 1626.78 1626.78 1626.78 1626.78 1626.78 1626.78 1626.78 1626.78 1626.78 1626.78 1626.803 1626.844 1626.885 1626.926 1626.967 1626.921 1626.873 1626.825 1626.778 1626.451 1625.722 1624.992 1624.263 1623.533 1622.98
1625.771 1626.187 1626.569 1626.843 1627.116 1627.39 1627.664 1627.772 1627.8 1627.827 1627.854 1627.879 1627.879 1627.879 1627.879 1627.879 1627.879 1627.879 1627.879 1627.879 1627.879 1627.879 1627.879 1627.879 1627.879 1627.879 1627.879 1627.879 1627.879 1627.879 1627.879 1627.879 1627.879 1627.879 1627.879 1627.879 1627.879 1627.879 1627.879 1627.879 1627.879 1627.879 1627.879 1627.879 1627.879 1627.879 1627.879 1627.879 1627.896 1627.926 1627.956 1627.987 1628.017 1627.872 1627.722 1627.573 1627.424 1627.037 1626.308 1625.578 1624.849 1624.119 1623.584
1626.772 1627.119 1627.456 1627.762 1628.067 1628.373 1628.679 1628.808 1628.852 1628.895 1628.939 1628.978 1628.978 1628.978 1628.978 1628.978 1628.978 1628.978 1628.978 1628.978 1628.978 1628.978 1628.978 1628.978 1628.978 1628.978 1628.978 1628.978 1628.978 1628.978 1628.978 1628.978 1628.978 1628.978 1628.978 1628.978 1628.978 1628.978 1628.978 1628.978 1628.978 1628.978 1628.978 1628.978 1628.978 1628.978 1628.978 1628.978 1628.989 1629.008 1629.028 1629.047 1629.067 1628.822 1628.571 1628.321 1628.07 1627.623 1626.894 1626.164 1625.435 1624.705 1624.188
1627.773 1628.051 1628.343 1628.68 1629.018 1629.356 1629.694 1629.845 1629.904 1629.964 1630.023 1630.076 1630.076 1630.076 1630.076 1630.076 1630.076 1630.076 1630.076 1630.076 1630.076 1630.076 1630.076 1630.076 1630.076 1630.076 1630.076 1630.076 1630.076 1630.076 1630.076 1630.076 1630.076 1630.076 1630.076 1630.076 1630.076 1630.076 1630.076 1630.076 1630.076 1630.076 1630.076 1630.076 1630.076 1630.076 1630.076 1630.076 1630.081 1630.09 1630.099 1630.108 1630.117 1629.773 1629.42 1629.068 1628.716 1628.209 1627.48 1626.75 1626.021 1625.291 1624.792
1628.767 1628.986 1629.24 1629.609 1629.977 1630.345 1630.713 1630.884 1630.959 1631.033 1631.108 1631.175 1631.175 1631.175 1631.175 1631.175 1631.175 1631.175 1631.175 1631.175 1631.175 1631.175 1631.175 1631.175 1631.175 1631.175 1631.175 1631.175 1631.175 1631.175 1631.175 1631.175 1631.175 1631.175 1631.175 1631.175 1631.175 1631.175 1631.175 1631.175 1631.175 1631.175 1631.175 1631.175 1631.175 1631.175 1631.175 1631.175 1631.173 1631.169 1631.164 1631.16 1631.156 1630.719 1630.273 1629.827 1629.381 1628.82 1628.094 1627.368 1626.642 1625.916 1625.443
