data/zism_data/00164_02_D.txt
ncols         224
nrows         224
[rows 56 to 83 of 224, columns 126 to 188 of 224]
1577.468 1577.387 1577.305 1577.246 1577.194 1577.142 1577.09 1577.049 1577.049 1577.049 1577.049 1577.049 1577.019 1576.972 1576.925 1576.878 1576.825 1576.679 1576.533 1576.387 1576.241 1576.085 1575.918 1575.751 1575.584 1575.418 1575.397 1575.389 1575.38 1575.371 1575.291 1575.081 1574.87 1574.66 1574.45 1574.254 1574.061 1573.868 1573.675 1573.515 1573.472 1573.428 1573.385 1573.341 1573.195 1572.994 1572.792 1572.591 1572.388 1572.169 1571.95 1571.731 1571.513 1571.285 1571.049 1570.812 1570.576 1570.34 1570.294 1570.259 1570.224 1570.189 1570.168
1577.896 1577.82 1577.743 1577.711 1577.691 1577.671 1577.651 1577.635 1577.635 1577.635 1577.635 1577.635 1577.595 1577.532 1577.469 1577.406 1577.338 1577.192 1577.046 1576.9 1576.754 1576.582 1576.383 1576.184 1575.985 1575.786 1575.769 1575.765 1575.762 1575.759 1575.679 1575.464 1575.248 1575.033 1574.817 1574.607 1574.398 1574.189 1573.981 1573.814 1573.797 1573.781 1573.764 1573.747 1573.604 1573.391 1573.179 1572.967 1572.754 1572.535 1572.317 1572.098 1571.879 1571.656 1571.431 1571.206 1570.98 1570.755 1570.729 1570.715 1570.702 1570.689 1570.68
1578.3 1578.227 1578.155 1578.138 1578.138 1578.138 1578.138 1578.138 1578.138 1578.138 1578.138 1578.138 1578.092 1578.019 1577.946 1577.873 1577.795 1577.649 1577.503 1577.357 1577.211 1577.038 1576.838 1576.637 1576.436 1576.235 1576.211 1576.201 1576.191 1576.181 1576.094 1575.867 1575.64 1575.413 1575.186 1574.97 1574.757 1574.545 1574.332 1574.164 1574.156 1574.148 1574.14 1574.132 1573.988 1573.771 1573.554 1573.337 1573.122 1572.917 1572.712 1572.507 1572.302 1572.099 1571.896 1571.693 1571.491 1571.288 1571.276 1571.276 1571.276 1571.276 1571.276
1578.667 1578.594 1578.521 1578.504 1578.504 1578.504 1578.504 1578.504 1578.504 1578.504 1578.504 1578.504 1578.458 1578.385 1578.312 1578.239 1578.161 1578.015 1577.87 1577.724 1577.578 1577.428 1577.276 1577.123 1576.971 1576.818 1576.773 1576.736 1576.699 1576.662 1576.55 1576.302 1576.053 1575.805 1575.557 1575.349 1575.152 1574.956 1574.759 1574.599 1574.569 1574.54 1574.51 1574.481 1574.333 1574.122 1573.91 1573.699 1573.491 1573.323 1573.156 1572.989 1572.821 1572.658 1572.498 1572.338 1572.178 1572.018 1572.009 1572.009 1572.009 1572.009 1572.009
1579.033 1578.96 1578.887 1578.87 1578.87 1578.87 1578.87 1578.87 1578.87 1578.87 1578.87 1578.87 1578.824 1578.751 1578.678 1578.605 1578.528 1578.382 1578.236 1578.09 1577.944 1577.819 1577.714 1577.609 1577.505 1577.401 1577.334 1577.271 1577.207 1577.143 1577.006 1576.737 1576.467 1576.197 1575.928 1575.728 1575.547 1575.367 1575.186 1575.033 1574.983 1574.932 1574.881 1574.83 1574.679 1574.472 1574.266 1574.06 1573.86 1573.73 1573.6 1573.47 1573.34 1573.217 1573.1 1572.982 1572.865 1572.748 1572.741 1572.741 1572.741 1572.741 1572.741
1579.399 1579.326 1579.253 1579.237 1579.237 1579.237 1579.237 1579.237 1579.237 1579.237 1579.237 1579.237 1579.19 1579.118 1579.045 1578.972 1578.894 1578.748 1578.602 1578.456 1578.31 1578.209 1578.152 1578.096 1578.039 1577.983 1577.895 1577.805 1577.715 1577.625 1577.463 1577.172 1576.88 1576.589 1576.298 1576.107 1575.942 1575.777 1575.613 1575.468 1575.396 1575.324 1575.252 1575.18 1575.024 1574.823 1574.622 1574.422 1574.229 1574.137 1574.044 1573.952 1573.859 1573.776 1573.701 1573.627 1573.552 1573.478 1573.474 1573.474 1573.474 1573.474 1573.474
1579.765 1579.693 1579.62 1579.603 1579.603 1579.603 1579.603 1579.603 1579.603 1579.603 1579.603 1579.603 1579.557 1579.484 1579.411 1579.338 1579.26 1579.114 1578.968 1578.822 1578.677 1578.599 1578.591 1578.582 1578.574 1578.565 1578.456 1578.339 1578.223 1578.106 1577.919 1577.606 1577.294 1576.982 1576.669 1576.486 1576.337 1576.188 1576.04 1575.903 1575.81 1575.716 1575.622 1575.529 1575.369 1575.174 1574.978 1574.783 1574.599 1574.543 1574.488 1574.433 1574.378 1574.335 1574.303 1574.271 1574.24 1574.208 1574.206 1574.206 1574.206 1574.206 1574.206
1580.132 1580.059 1579.986 1579.969 1579.969 1579.969 1579.969 1579.969 1579.969 1579.969 1579.969 1579.969 1579.923 1579.85 1579.777 1579.704 1579.626 1579.48 1579.334 1579.189 1579.043 1578.969 1578.969 1578.969 1578.969 1578.969 1578.869 1578.76 1578.652 1578.544 1578.371 1578.081 1577.791 1577.502 1577.212 1577.025 1576.866 1576.707 1576.548 1576.399 1576.289 1576.178 1576.068 1575.957 1575.792 1575.598 1575.403 1575.209 1575.027 1574.987 1574.947 1574.907 1574.867 1574.838 1574.818 1574.798 1574.778 1574.758 1574.757 1574.757 1574.757 1574.757 1574.757
1580.498 1580.425 1580.352 1580.335 1580.335 1580.335 1580.335 1580.335 1580.335 1580.335 1580.335 1580.335 1580.289 1580.216 1580.143 1580.07 1579.993 1579.847 1579.701 1579.555 1579.409 1579.335 1579.335 1579.335 1579.335 1579.335 1579.25 1579.158 1579.065 1578.973 1578.822 1578.564 1578.306 1578.049 1577.791 1577.599 1577.423 1577.248 1577.073 1576.909 1576.782 1576.656 1576.529 1576.402 1576.232 1576.037 1575.843 1575.648 1575.467 1575.438 1575.409 1575.38 1575.35 1575.329 1575.314 1575.3 1575.285 1575.271 1575.27 1575.27 1575.27 1575.27 1575.27
1580.864 1580.791 1580.718 1580.702 1580.702 1580.702 1580.702 1580.702 1580.702 1580.702 1580.702 1580.702 1580.655 1580.582 1580.51 1580.437 1580.359 1580.213 1580.067 1579.921 1579.775 1579.702 1579.702 1579.702 1579.702 1579.702 1579.631 1579.555 1579.478 1579.402 1579.272 1579.047 1578.821 1578.596 1578.37 1578.172 1577.981 1577.79 1577.598 1577.418 1577.275 1577.133 1576.99 1576.848 1576.671 1576.477 1576.282 1576.088 1575.907 1575.889 1575.87 1575.852 1575.833 1575.82 1575.811 1575.801 1575.792 1575.783 1575.782 1575.782 1575.782 1575.782 1575.782
1581.23 1581.157 1581.084 1581.068 1581.068 1581.068 1581.068 1581.068 1581.068 1581.068 1581.068 1581.068 1581.022 1580.949 1580.876 1580.803 1580.725 1580.579 1580.433 1580.287 1580.141 1580.068 1580.068 1580.068 1580.068 1580.068 1580.012 1579.952 1579.892 1579.831 1579.723 1579.53 1579.337 1579.143 1578.95 1578.745 1578.538 1578.331 1578.124 1577.927 1577.768 1577.61 1577.451 1577.293 1577.111 1576.916 1576.722 1576.527 1576.348 1576.34 1576.332 1576.324 1576.317 1576.311 1576.307 1576.303 1576.299 1576.295 1576.295 1576.295 1576.295 1576.295 1576.295
1581.637 1581.573 1581.509 1581.495 1581.495 1581.495 1581.495 1581.493 1581.484 1581.475 1581.466 1581.458 1581.408 1581.335 1581.262 1581.189 1581.111 1580.961 1580.81 1580.66 1580.51 1580.434 1580.434 1580.434 1580.434 1580.434 1580.392 1580.346 1580.3 1580.255 1580.163 1579.99 1579.817 1579.644 1579.471 1579.272 1579.066 1578.861 1578.655 1578.456 1578.278 1578.101 1577.923 1577.745 1577.559 1577.367 1577.176 1576.984 1576.808 1576.808 1576.808 1576.808 1576.808 1576.808 1576.808 1576.808 1576.808 1576.808 1576.808 1576.808 1576.808 1576.808 1576.808
1582.152 1582.12 1582.088 1582.081 1582.081 1582.081 1582.081 1582.072 1582.031 1581.99 1581.95 1581.909 1581.848 1581.775 1581.702 1581.629 1581.55 1581.383 1581.217 1581.051 1580.884 1580.8 1580.8 1580.8 1580.8 1580.8 1580.768 1580.733 1580.698 1580.663 1580.575 1580.391 1580.207 1580.023 1579.839 1579.676 1579.519 1579.361 1579.204 1579.036 1578.832 1578.627 1578.423 1578.219 1578.03 1577.849 1577.668 1577.487 1577.321 1577.321 1577.321 1577.321 1577.321 1577.321 1577.321 1577.321 1577.321 1577.321 1577.321 1577.321 1577.321 1577.321 1577.321
1582.667 1582.667 1582.667 1582.667 1582.667 1582.667 1582.667 1582.652 1582.579 1582.506 1582.433 1582.36 1582.287 1582.214 1582.141 1582.068 1581.988 1581.806 1581.623 1581.441 1581.258 1581.167 1581.167 1581.167 1581.167 1581.167 1581.144 1581.12 1581.095 1581.071 1580.986 1580.791 1580.597 1580.402 1580.208 1580.08 1579.971 1579.862 1579.752 1579.616 1579.385 1579.154 1578.923 1578.692 1578.5 1578.33 1578.16 1577.99 1577.833 1577.833 1577.833 1577.833 1577.833 1577.833 1577.833 1577.833 1577.833 1577.833 1577.833 1577.833 1577.833 1577.833 1577.833
1583.181 1583.213 1583.245 1583.253 1583.253 1583.253 1583.253 1583.231 1583.126 1583.021 1582.916 1582.811 1582.726 1582.654 1582.581 1582.508 1582.426 1582.228 1582.03 1581.831 1581.633 1581.533 1581.533 1581.533 1581.533 1581.533 1581.52 1581.507 1581.493 1581.479 1581.397 1581.192 1580.987 1580.781 1580.576 1580.484 1580.423 1580.362 1580.301 1580.196 1579.938 1579.681 1579.423 1579.165 1578.971 1578.812 1578.652 1578.493 1578.346 1578.346 1578.346 1578.346 1578.346 1578.346 1578.346 1578.346 1578.346 1578.346 1578.346 1578.346 1578.346 1578.346 1578.346
1583.696 1583.76 1583.824 1583.839 1583.839 1583.839 1583.839 1583.811 1583.674 1583.536 1583.399 1583.262 1583.166 1583.093 1583.02 1582.947 1582.865 1582.651 1582.436 1582.222 1582.007 1581.899 1581.899 1581.899 1581.899 1581.899 1581.896 1581.893 1581.891 1581.888 1581.808 1581.593 1581.377 1581.161 1580.945 1580.889 1580.875 1580.862 1580.849 1580.776 1580.492 1580.207 1579.923 1579.639 1579.442 1579.293 1579.145 1578.996 1578.859 1578.859 1578.859 1578.859 1578.859 1578.859 1578.859 1578.859 1578.859 1578.859 1578.859 1578.859 1578.859 1578.859 1578.859
1584.103 1584.176 1584.249 1584.265 1584.265 1584.265 1584.265 1584.236 1584.09 1583.944 1583.798 1583.652 1583.552 1583.479 1583.406 1583.334 1583.253 1583.069 1582.885 1582.701 1582.517 1582.425 1582.425 1582.425 1582.425 1582.425 1582.414 1582.402 1582.391 1582.379 1582.297 1582.09 1581.883 1581.676 1581.469 1581.403 1581.376 1581.349 1581.322 1581.241 1580.969 1580.696 1580.424 1580.151 1579.966 1579.828 1579.69 1579.552 1579.425 1579.425 1579.425 1579.425 1579.425 1579.425 1579.425 1579.425 1579.425 1579.425 1579.425 1579.425 1579.425 1579.425 1579.425
1584.469 1584.542 1584.615 1584.632 1584.632 1584.632 1584.632 1584.602 1584.456 1584.31 1584.164 1584.018 1583.919 1583.846 1583.773 1583.7 1583.623 1583.487 1583.351 1583.215 1583.079 1583.011 1583.011 1583.011 1583.011 1583.011 1582.985 1582.957 1582.93 1582.902 1582.816 1582.625 1582.433 1582.242 1582.051 1581.96 1581.895 1581.831 1581.766 1581.662 1581.416 1581.171 1580.925 1580.679 1580.51 1580.383 1580.255 1580.128 1580.011 1580.011 1580.011 1580.011 1580.011 1580.011 1580.011 1580.011 1580.011 1580.011 1580.011 1580.011 1580.011 1580.011 1580.011
1584.835 1584.908 1584.981 1584.998 1584.998 1584.998 1584.998 1584.968 1584.822 1584.676 1584.53 1584.385 1584.285 1584.212 1584.139 1584.066 1583.992 1583.904 1583.817 1583.729 1583.641 1583.597 1583.597 1583.597 1583.597 1583.597 1583.556 1583.512 1583.469 1583.425 1583.334 1583.159 1582.984 1582.809 1582.634 1582.516 1582.414 1582.313 1582.211 1582.083 1581.864 1581.645 1581.426 1581.207 1581.054 1580.938 1580.821 1580.704 1580.597 1580.597 1580.597 1580.597 1580.597 1580.597 1580.597 1580.597 1580.597 1580.597 1580.597 1580.597 1580.597 1580.597 1580.597
1585.202 1585.275 1585.348 1585.364 1585.364 1585.364 1585.364 1585.334 1585.188 1585.042 1584.897 1584.751 1584.651 1584.578 1584.505 1584.432 1584.362 1584.322 1584.282 1584.242 1584.203 1584.183 1584.183 1584.183 1584.183 1584.183 1584.127 1584.068 1584.008 1583.948 1583.853 1583.694 1583.535 1583.375 1583.216 1583.073 1582.933 1582.794 1582.655 1582.504 1582.312 1582.119 1581.927 1581.735 1581.599 1581.492 1581.386 1581.28 1581.183 1581.183 1581.183 1581.183 1581.183 1581.183 1581.183 1581.183 1581.183 1581.183 1581.183 1581.183 1581.183 1581.183 1581.183
1585.556 1585.634 1585.713 1585.73 1585.73 1585.73 1585.73 1585.7 1585.551 1585.403 1585.254 1585.105 1585.006 1584.936 1584.866 1584.796 1584.73 1584.73 1584.73 1584.73 1584.73 1584.73 1584.73 1584.73 1584.73 1584.73 1584.661 1584.586 1584.511 1584.437 1584.337 1584.193 1584.049 1583.905 1583.761 1583.598 1583.431 1583.264 1583.096 1582.928 1582.76 1582.592 1582.423 1582.255 1582.135 1582.042 1581.948 1581.855 1581.769 1581.769 1581.769 1581.769 1581.769 1581.769 1581.769 1581.769 1581.769 1581.769 1581.769 1581.769 1581.769 1581.769 1581.769
1585.85 1585.961 1586.072 1586.097 1586.097 1586.097 1586.097 1586.063 1585.898 1585.734 1585.569 1585.404 1585.31 1585.255 1585.201 1585.147 1585.097 1585.097 1585.097 1585.097 1585.097 1585.097 1585.097 1585.097 1585.097 1585.097 1585.017 1584.932 1584.846 1584.761 1584.658 1584.525 1584.392 1584.258 1584.125 1583.977 1583.826 1583.674 1583.523 1583.37 1583.213 1583.055 1582.897 1582.74 1582.638 1582.565 1582.493 1582.421 1582.355 1582.355 1582.355 1582.355 1582.355 1582.355 1582.355 1582.355 1582.355 1582.355 1582.355 1582.355 1582.355 1582.355 1582.355
1586.145 1586.288 1586.431 1586.463 1586.463 1586.463 1586.463 1586.426 1586.245 1586.064 1585.884 1585.703 1585.613 1585.575 1585.536 1585.498 1585.463 1585.463 1585.463 1585.463 1585.463 1585.463 1585.463 1585.463 1585.463 1585.463 1585.374 1585.277 1585.181 1585.085 1584.979 1584.857 1584.734 1584.611 1584.489 1584.356 1584.221 1584.085 1583.95 1583.812 1583.665 1583.518 1583.371 1583.224 1583.14 1583.089 1583.038 1582.987 1582.941 1582.941 1582.941 1582.941 1582.941 1582.941 1582.941 1582.941 1582.941 1582.941 1582.941 1582.941 1582.941 1582.941 1582.941
1586.44 1586.615 1586.79 1586.829 1586.829 1586.829 1586.829 1586.789 1586.592 1586.395 1586.198 1586.002 1585.916 1585.894 1585.872 1585.85 1585.829 1585.829 1585.829 1585.829 1585.829 1585.829 1585.829 1585.829 1585.829 1585.829 1585.73 1585.623 1585.516 1585.409 1585.301 1585.189 1585.077 1584.965 1584.853 1584.735 1584.616 1584.496 1584.377 1584.254 1584.118 1583.981 1583.845 1583.709 1583.642 1583.612 1583.583 1583.554 1583.526 1583.526 1583.526 1583.526 1583.526 1583.526 1583.526 1583.526 1583.526 1583.526 1583.526 1583.526 1583.526 1583.526 1583.526
1586.735 1586.942 1587.148 1587.195 1587.195 1587.195 1587.195 1587.152 1586.939 1586.726 1586.513 1586.301 1586.219 1586.213 1586.207 1586.201 1586.195 1586.195 1586.195 1586.195 1586.195 1586.195 1586.195 1586.195 1586.195 1586.195 1586.086 1585.969 1585.851 1585.734 1585.622 1585.521 1585.419 1585.318 1585.217 1585.114 1585.01 1584.907 1584.804 1584.696 1584.57 1584.444 1584.319 1584.193 1584.144 1584.136 1584.128 1584.12 1584.112 1584.112 1584.112 1584.112 1584.112 1584.112 1584.112 1584.112 1584.112 1584.112 1584.112 1584.112 1584.112 1584.112 1584.112
1587.141 1587.33 1587.519 1587.562 1587.562 1587.562 1587.562 1587.523 1587.334 1587.145 1586.956 1586.767 1586.698 1586.698 1586.698 1586.698 1586.698 1586.698 1586.698 1586.698 1586.698 1586.688 1586.669 1586.649 1586.629 1586.609 1586.473 1586.328 1586.183 1586.038 1585.915 1585.831 1585.747 1585.663 1585.579 1585.495 1585.411 1585.327 1585.244 1585.155 1585.05 1584.945 1584.84 1584.735 1584.698 1584.698 1584.698 1584.698 1584.698 1584.698 1584.698 1584.698 1584.698 1584.698 1584.698 1584.698 1584.698 1584.698 1584.698 1584.698 1584.698 1584.698 1584.698
1587.614 1587.755 1587.896 1587.928 1587.928 1587.928 1587.928 1587.899 1587.758 1587.617 1587.477 1587.336 1587.284 1587.284 1587.284 1587.284 1587.284 1587.284 1587.284 1587.284 1587.284 1587.259 1587.207 1587.155 1587.103 1587.05 1586.878 1586.695 1586.513 1586.331 1586.191 1586.129 1586.066 1586.004 1585.941 1585.878 1585.816 1585.753 1585.691 1585.625 1585.547 1585.468 1585.39 1585.312 1585.284 1585.284 1585.284 1585.284 1585.284 1585.284 1585.284 1585.284 1585.284 1585.284 1585.284 1585.284 1585.284 1585.284 1585.284 1585.284 1585.284 1585.284 1585.284
1588.088 1588.18 1588.273 1588.294 1588.294 1588.294 1588.294 1588.275 1588.182 1588.09 1587.997 1587.904 1587.87 1587.87 1587.87 1587.87 1587.87 1587.87 1587.87 1587.87 1587.87 1587.829 1587.745 1587.661 1587.576 1587.492 1587.282 1587.063 1586.843 1586.623 1586.468 1586.426 1586.385 1586.344 1586.303 1586.262 1586.22 1586.179 1586.138 1586.094 1586.043 1585.991 1585.94 1585.889 1585.87 1585.87 1585.87 1585.87 1585.87 1585.87 1585.87 1585.87 1585.87 1585.87 1585.87 1585.87 1585.87 1585.87 1585.87 1585.87 1585.87 1585.87 1585.87
