data/zism_data/00162_01_D.txt
ncols         224
nrows         224
[rows 84 to 111 of 224, columns 0 to 62 of 224]
1300.382 1300.255 1300.129 1300.002 1301.939 1303.906 1305.873 1307.84 1312.482 1320.603 1328.724 1336.845 1344.966 1352.464 1359.88 1367.296 1374.712 1379.556 1379.257 1378.959 1378.66 1378.361 1372.25 1364.525 1356.8 1349.075 1341.927 1336.687 1331.447 1326.208 1320.968 1317.409 1314.636 1311.863 1309.09 1306.512 1305.23 1303.948 1302.667 1301.385 1300.739 1300.553 1300.367 1300.181 1300.035 1301.258 1302.48 1303.703 1304.925 1307.485 1311.504 1315.523 1319.542 1323.561 1329.184 1334.932 1340.681 1346.429 1352.172 1357.907 1363.643 1369.378 1375.113
1300.237 1300.158 1300.08 1300.001 1301.522 1303.067 1304.612 1306.157 1310.543 1318.621 1326.699 1334.777 1342.856 1351.227 1359.637 1368.047 1376.457 1382.19 1382.57 1382.949 1383.329 1383.709 1378.858 1372.555 1366.251 1359.947 1353.763 1347.973 1342.183 1336.393 1330.603 1325.969 1321.876 1317.783 1313.691 1309.878 1307.934 1305.99 1304.046 1302.101 1301.121 1300.839 1300.556 1300.274 1300.025 1300.895 1301.765 1302.634 1303.504 1305.443 1308.548 1311.654 1314.759 1317.864 1322.876 1328.036 1333.197 1338.357 1343.724 1349.433 1355.141 1360.85 1366.558
1300.092 1300.062 1300.031 1300.0 1301.106 1302.229 1303.352 1304.475 1308.603 1316.639 1324.674 1332.71 1340.745 1349.99 1359.394 1368.798 1378.201 1384.823 1385.882 1386.94 1387.999 1389.057 1385.466 1380.584 1375.702 1370.819 1365.599 1359.258 1352.918 1346.578 1340.237 1334.529 1329.116 1323.704 1318.291 1313.245 1310.638 1308.031 1305.424 1302.818 1301.503 1301.124 1300.746 1300.367 1300.015 1300.532 1301.049 1301.566 1302.083 1303.401 1305.593 1307.784 1309.976 1312.168 1316.568 1321.141 1325.713 1330.286 1335.277 1340.958 1346.64 1352.322 1358.004
1301.022 1300.768 1300.515 1300.261 1300.988 1301.73 1302.471 1303.213 1307.032 1314.851 1322.67 1330.489 1338.309 1348.378 1358.742 1369.107 1379.471 1386.91 1388.497 1390.084 1391.671 1393.258 1390.781 1387.176 1383.57 1379.965 1375.744 1369.483 1363.222 1356.961 1350.701 1344.52 1338.376 1332.233 1326.089 1320.303 1316.904 1313.504 1310.104 1306.704 1304.737 1303.81 1302.883 1301.956 1301.058 1301.107 1301.156 1301.205 1301.255 1301.984 1303.455 1304.926 1306.397 1307.868 1311.606 1315.52 1319.435 1323.35 1327.781 1333.068 1338.354 1343.641 1348.927
1303.821 1302.873 1301.925 1300.976 1301.388 1301.82 1302.251 1302.683 1306.101 1313.402 1320.703 1328.004 1335.305 1346.112 1357.38 1368.647 1379.915 1388.044 1389.899 1391.753 1393.607 1395.461 1393.846 1391.266 1388.687 1386.107 1382.947 1377.861 1372.776 1367.691 1362.606 1357.0 1351.15 1345.301 1339.451 1333.788 1329.367 1324.947 1320.526 1316.106 1312.936 1310.673 1308.41 1306.147 1303.932 1303.313 1302.695 1302.076 1301.457 1301.654 1302.74 1303.826 1304.913 1305.999 1308.985 1312.12 1315.255 1318.389 1321.944 1326.194 1330.443 1334.693 1338.943
1306.62 1304.977 1303.334 1301.692 1301.788 1301.909 1302.031 1302.153 1305.17 1311.953 1318.736 1325.518 1332.301 1343.847 1356.017 1368.188 1380.358 1389.179 1391.3 1393.422 1395.543 1397.665 1396.91 1395.357 1393.803 1392.25 1390.15 1386.24 1382.33 1378.42 1374.511 1369.48 1363.924 1358.368 1352.813 1347.272 1341.831 1336.39 1330.949 1325.507 1321.134 1317.536 1313.937 1310.338 1306.807 1305.52 1304.233 1302.946 1301.66 1301.324 1302.026 1302.727 1303.429 1304.13 1306.365 1308.719 1311.074 1313.428 1316.106 1319.32 1322.533 1325.746 1328.959
1309.419 1307.082 1304.745 1302.407 1302.188 1301.999 1301.811 1301.623 1304.24 1310.504 1316.768 1323.033 1329.297 1341.581 1354.655 1367.728 1380.802 1390.314 1392.702 1395.091 1397.479 1399.868 1399.974 1399.447 1398.919 1398.392 1397.353 1394.618 1391.884 1389.15 1386.416 1381.96 1376.698 1371.436 1366.174 1360.756 1354.294 1347.833 1341.371 1334.909 1329.333 1324.398 1319.464 1314.529 1309.681 1307.726 1305.772 1303.817 1301.862 1300.994 1301.311 1301.628 1301.945 1302.261 1303.745 1305.319 1306.893 1308.468 1310.269 1312.445 1314.622 1316.798 1318.975
1312.219 1309.187 1306.154 1303.122 1302.587 1302.089 1301.591 1301.093 1303.309 1309.055 1314.801 1320.547 1326.293 1339.316 1353.292 1367.269 1381.245 1391.448 1394.104 1396.76 1399.416 1402.072 1403.039 1403.537 1404.036 1404.534 1404.555 1402.997 1401.438 1399.879 1398.321 1394.44 1389.472 1384.504 1379.536 1374.24 1366.758 1359.276 1351.793 1344.311 1337.531 1331.261 1324.991 1318.72 1312.556 1309.933 1307.31 1304.688 1302.065 1300.664 1300.596 1300.528 1300.46 1300.393 1301.124 1301.919 1302.713 1303.507 1304.431 1305.571 1306.711 1307.851 1308.99
1319.138 1314.732 1310.325 1305.918 1304.705 1303.54 1302.375 1301.209 1302.776 1307.893 1313.01 1318.127 1323.244 1336.15 1350.077 1364.005 1377.932 1388.388 1391.902 1395.416 1398.93 1402.444 1403.945 1404.887 1405.829 1406.771 1407.316 1406.546 1405.776 1405.006 1404.236 1401.16 1397.004 1392.849 1388.694 1384.174 1377.223 1370.271 1363.32 1356.369 1349.206 1341.889 1334.571 1327.254 1320.031 1315.954 1311.877 1307.8 1303.722 1301.428 1301.077 1300.726 1300.376 1300.025 1300.486 1301.01 1301.535 1302.059 1302.674 1303.441 1304.207 1304.973 1305.74
1327.117 1321.161 1315.204 1309.247 1307.265 1305.341 1303.417 1301.492 1302.344 1306.804 1311.264 1315.724 1320.184 1332.753 1346.387 1360.02 1373.653 1384.25 1388.774 1393.298 1397.822 1402.346 1404.297 1405.532 1406.768 1408.004 1408.934 1408.854 1408.773 1408.692 1408.612 1406.4 1403.19 1399.981 1396.771 1393.195 1387.174 1381.152 1375.131 1369.109 1361.773 1353.484 1345.194 1336.904 1328.689 1322.955 1317.221 1311.488 1305.754 1302.472 1301.865 1301.258 1300.651 1300.044 1300.357 1300.743 1301.128 1301.513 1301.966 1302.529 1303.092 1303.655 1304.219
1335.095 1327.589 1320.083 1312.577 1309.824 1307.141 1304.458 1301.775 1301.912 1305.715 1309.518 1313.32 1317.123 1329.357 1342.696 1356.036 1369.375 1380.113 1385.647 1391.18 1396.714 1402.248 1404.648 1406.178 1407.708 1409.237 1410.553 1411.162 1411.771 1412.379 1412.988 1411.64 1409.376 1407.113 1404.849 1402.216 1397.125 1392.033 1386.941 1381.85 1374.34 1365.078 1355.816 1346.554 1337.346 1329.956 1322.566 1315.176 1307.785 1303.516 1302.653 1301.79 1300.926 1300.063 1300.229 1300.475 1300.721 1300.968 1301.257 1301.617 1301.977 1302.338 1302.698
1343.074 1334.018 1324.962 1315.907 1312.384 1308.942 1305.5 1302.058 1301.48 1304.626 1307.771 1310.917 1314.062 1325.96 1339.006 1352.051 1365.097 1375.975 1382.519 1389.063 1395.607 1402.15 1405.0 1406.823 1408.647 1410.47 1412.172 1413.47 1414.768 1416.066 1417.364 1416.88 1415.562 1414.244 1412.926 1411.238 1407.076 1402.914 1398.752 1394.59 1386.907 1376.673 1366.438 1356.204 1346.004 1336.957 1327.91 1318.863 1309.817 1304.561 1303.441 1302.321 1301.201 1300.081 1300.1 1300.207 1300.315 1300.422 1300.548 1300.705 1300.863 1301.02 1301.177
1349.921 1339.536 1329.151 1318.766 1314.584 1310.493 1306.403 1302.312 1301.094 1303.612 1306.129 1308.646 1311.163 1322.581 1335.166 1347.751 1360.335 1371.232 1378.753 1386.274 1393.796 1401.317 1404.739 1407.024 1409.308 1411.592 1413.799 1415.748 1417.698 1419.648 1421.597 1421.836 1421.275 1420.713 1420.151 1419.207 1415.716 1412.225 1408.734 1405.243 1397.461 1386.567 1375.673 1364.779 1353.898 1343.427 1332.955 1322.484 1312.013 1305.865 1304.433 1303.001 1301.569 1300.137 1300.026 1300.019 1300.012 1300.005 1300.017 1300.062 1300.106 1300.151 1300.196
1352.901 1341.939 1330.976 1320.014 1315.555 1311.192 1306.829 1302.466 1300.865 1302.853 1304.841 1306.829 1308.817 1319.262 1330.815 1342.369 1353.922 1364.42 1372.807 1381.194 1389.581 1397.967 1402.385 1405.701 1409.016 1412.332 1415.452 1417.925 1420.399 1422.872 1425.345 1425.824 1425.369 1424.914 1424.459 1423.58 1419.876 1416.171 1412.466 1408.762 1401.128 1390.645 1380.163 1369.681 1359.18 1348.079 1336.977 1325.875 1314.774 1308.056 1306.122 1304.188 1302.253 1300.319 1300.142 1300.103 1300.064 1300.025 1300.091 1300.334 1300.576 1300.819 1301.061
1355.881 1344.341 1332.802 1321.263 1316.527 1311.891 1307.256 1302.62 1300.634 1302.094 1303.553 1305.012 1306.471 1315.943 1326.465 1336.987 1347.51 1357.609 1366.861 1376.113 1385.366 1394.618 1400.031 1404.378 1408.725 1413.072 1417.105 1420.102 1423.099 1426.096 1429.093 1429.812 1429.464 1429.116 1428.767 1427.954 1424.035 1420.117 1416.198 1412.28 1404.795 1394.724 1384.653 1374.582 1364.463 1352.731 1340.999 1329.266 1317.534 1310.248 1307.811 1305.375 1302.938 1300.501 1300.259 1300.187 1300.116 1300.044 1300.166 1300.606 1301.046 1301.486 1301.927
1358.86 1346.744 1334.628 1322.511 1317.499 1312.591 1307.682 1302.774 1300.404 1301.335 1302.265 1303.195 1304.125 1312.624 1322.115 1331.606 1341.097 1350.797 1360.915 1371.033 1381.151 1391.269 1397.677 1403.056 1408.434 1413.812 1418.759 1422.279 1425.8 1429.321 1432.841 1433.799 1433.558 1433.317 1433.076 1432.327 1428.195 1424.063 1419.931 1415.798 1408.462 1398.802 1389.143 1379.483 1369.746 1357.383 1345.02 1332.657 1320.295 1312.439 1309.5 1306.561 1303.622 1300.684 1300.375 1300.271 1300.168 1300.064 1300.24 1300.878 1301.516 1302.154 1302.792
1361.84 1349.147 1336.453 1323.76 1318.47 1313.29 1308.109 1302.928 1300.174 1300.576 1300.977 1301.378 1301.779 1309.305 1317.764 1326.224 1334.684 1343.985 1354.969 1365.952 1376.936 1387.92 1395.323 1401.733 1408.142 1414.551 1420.412 1424.456 1428.501 1432.545 1436.589 1437.787 1437.653 1437.518 1437.384 1436.7 1432.354 1428.009 1423.663 1419.317 1412.129 1402.881 1393.633 1384.385 1375.028 1362.035 1349.042 1336.048 1323.055 1314.63 1311.189 1307.748 1304.307 1300.866 1300.491 1300.355 1300.22 1300.084 1300.315 1301.151 1301.986 1302.822 1303.657
1361.133 1348.582 1336.031 1323.48 1318.253 1313.133 1308.014 1302.894 1300.096 1300.315 1300.535 1300.755 1300.974 1308.138 1316.212 1324.287 1332.361 1341.538 1352.921 1364.303 1375.686 1387.068 1395.036 1402.055 1409.075 1416.094 1422.527 1427.018 1431.508 1435.999 1440.49 1441.838 1441.716 1441.594 1441.471 1440.735 1435.905 1431.075 1426.245 1421.415 1414.13 1405.066 1396.001 1386.936 1377.77 1365.217 1352.664 1340.111 1327.557 1319.167 1315.319 1311.47 1307.622 1303.773 1302.876 1302.21 1301.544 1300.878 1300.851 1301.881 1302.911 1303.941 1304.971
1358.501 1346.468 1334.435 1322.403 1317.415 1312.53 1307.646 1302.761 1300.096 1300.315 1300.535 1300.755 1300.974 1308.096 1316.122 1324.148 1332.174 1341.371 1352.908 1364.446 1375.983 1387.521 1395.828 1403.237 1410.646 1418.056 1424.883 1429.779 1434.676 1439.573 1444.47 1445.922 1445.763 1445.603 1445.443 1444.593 1439.138 1433.683 1428.228 1422.772 1415.262 1406.261 1397.26 1388.26 1379.185 1367.631 1356.077 1344.523 1332.969 1324.929 1320.723 1316.516 1312.31 1308.103 1306.447 1304.99 1303.533 1302.076 1301.629 1302.851 1304.073 1305.296 1306.518
1355.868 1344.354 1332.84 1321.325 1316.576 1311.927 1307.277 1302.628 1300.096 1300.315 1300.535 1300.755 1300.974 1308.053 1316.031 1324.009 1331.987 1341.204 1352.896 1364.589 1376.281 1387.974 1396.619 1404.419 1412.218 1420.018 1427.238 1432.541 1437.844 1443.147 1448.45 1450.006 1449.809 1449.612 1449.415 1448.451 1442.37 1436.29 1430.21 1424.13 1416.393 1407.457 1398.52 1389.583 1380.6 1370.045 1359.491 1348.936 1338.381 1330.692 1326.127 1321.562 1316.998 1312.433 1310.018 1307.77 1305.522 1303.275 1302.407 1303.821 1305.236 1306.651 1308.065
1353.236 1342.24 1331.244 1320.248 1315.738 1311.324 1306.909 1302.495 1300.096 1300.315 1300.535 1300.755 1300.974 1308.011 1315.941 1323.871 1331.801 1341.036 1352.884 1364.731 1376.579 1388.426 1397.411 1405.601 1413.79 1421.98 1429.594 1435.303 1441.012 1446.721 1452.43 1454.09 1453.856 1453.621 1453.387 1452.308 1445.603 1438.897 1432.192 1425.486 1417.525 1408.652 1399.78 1390.907 1382.015 1372.46 1362.904 1353.349 1343.793 1336.454 1331.531 1326.608 1321.686 1316.763 1313.588 1310.55 1307.511 1304.473 1303.185 1304.792 1306.398 1308.005 1309.612
1350.891 1340.354 1329.818 1319.282 1314.987 1310.783 1306.579 1302.376 1300.11 1300.364 1300.617 1300.871 1301.124 1308.185 1316.139 1324.093 1332.047 1341.34 1353.309 1365.279 1377.249 1389.219 1398.499 1407.032 1415.565 1424.099 1432.065 1438.154 1444.244 1450.333 1456.422 1458.179 1457.907 1457.635 1457.363 1456.167 1448.812 1441.456 1434.101 1426.745 1418.55 1409.747 1400.943 1392.139 1383.344 1374.818 1366.292 1357.766 1349.241 1342.312 1337.125 1331.939 1326.752 1321.566 1317.587 1313.702 1309.818 1305.933 1304.166 1305.9 1307.634 1309.369 1311.103
1351.536 1340.85 1330.164 1319.479 1315.139 1310.893 1306.646 1302.4 1300.277 1300.916 1301.554 1302.192 1302.83 1310.621 1319.35 1328.078 1336.807 1346.543 1358.294 1370.045 1381.795 1393.546 1402.67 1411.064 1419.458 1427.853 1435.739 1441.94 1448.142 1454.343 1460.545 1462.311 1462.002 1461.693 1461.383 1460.036 1451.773 1443.509 1435.245 1426.981 1418.473 1409.786 1401.1 1392.414 1383.771 1376.592 1369.413 1362.234 1355.055 1349.172 1344.701 1340.23 1335.76 1331.289 1326.044 1320.738 1315.432 1310.126 1307.266 1308.449 1309.633 1310.817 1312.001
1352.182 1341.346 1330.511 1319.675 1315.292 1311.002 1306.713 1302.424 1300.445 1301.468 1302.491 1303.513 1304.536 1313.057 1322.56 1332.064 1341.567 1351.747 1363.279 1374.81 1386.342 1397.873 1406.841 1415.096 1423.351 1431.607 1439.412 1445.726 1452.04 1458.353 1464.667 1466.444 1466.097 1465.75 1465.404 1463.906 1454.734 1445.561 1436.389 1427.217 1418.395 1409.826 1401.257 1392.689 1384.2 1378.367 1372.535 1366.702 1360.87 1356.031 1352.276 1348.522 1344.767 1341.012 1334.501 1327.773 1321.046 1314.319 1310.365 1310.999 1311.632 1312.266 1312.899
1352.827 1341.842 1330.857 1319.872 1315.444 1311.112 1306.78 1302.448 1300.612 1302.02 1303.427 1304.835 1306.243 1315.492 1325.771 1336.049 1346.328 1356.951 1368.263 1379.576 1390.888 1402.2 1411.012 1419.128 1427.245 1435.361 1443.085 1449.511 1455.937 1462.363 1468.789 1470.577 1470.192 1469.808 1469.424 1467.775 1457.695 1447.614 1437.533 1427.453 1418.317 1409.866 1401.415 1392.964 1384.628 1380.142 1375.656 1371.17 1366.684 1362.89 1359.852 1356.813 1353.774 1350.736 1342.958 1334.809 1326.661 1318.512 1313.465 1313.548 1313.631 1313.714 1313.797
1353.473 1342.338 1331.203 1320.069 1315.596 1311.222 1306.847 1302.473 1300.779 1302.572 1304.364 1306.156 1307.949 1317.928 1328.981 1340.035 1351.088 1362.154 1373.248 1384.341 1395.434 1406.528 1415.182 1423.16 1431.138 1439.115 1446.759 1453.297 1459.835 1466.373 1472.912 1474.709 1474.288 1473.866 1473.444 1471.645 1460.656 1449.667 1438.678 1427.689 1418.239 1409.906 1401.572 1393.239 1385.056 1381.916 1378.777 1375.638 1372.498 1369.75 1367.427 1365.104 1362.782 1360.459 1351.414 1341.845 1332.275 1322.705 1316.565 1316.098 1315.63 1315.163 1314.696
1355.964 1344.553 1333.141 1321.729 1316.894 1312.156 1307.417 1302.678 1300.892 1302.945 1304.997 1307.05 1309.102 1319.741 1331.505 1343.269 1355.033 1366.549 1377.567 1388.585 1399.604 1410.622 1419.187 1427.069 1434.952 1442.835 1450.388 1456.847 1463.307 1469.766 1476.225 1478.136 1477.918 1477.7 1477.482 1475.884 1465.083 1454.282 1443.482 1432.681 1423.061 1414.297 1405.532 1396.768 1388.182 1385.555 1382.929 1380.303 1377.676 1375.464 1373.702 1371.94 1370.178 1368.417 1358.557 1348.064 1337.571 1327.079 1320.005 1318.586 1317.166 1315.747 1314.328
1360.172 1348.365 1336.557 1324.75 1319.256 1313.855 1308.454 1303.053 1300.955 1303.152 1305.349 1307.545 1309.742 1320.973 1333.39 1345.806 1358.222 1370.192 1381.269 1392.346 1403.423 1414.5 1423.035 1430.865 1438.694 1446.524 1453.976 1460.179 1466.382 1472.585 1478.787 1480.908 1481.117 1481.327 1481.536 1480.467 1470.874 1461.281 1451.688 1442.095 1432.437 1422.732 1413.027 1403.323 1393.816 1390.927 1388.039 1385.151 1382.263 1380.113 1378.768 1377.423 1376.078 1374.733 1364.477 1353.525 1342.573 1331.621 1323.761 1321.017 1318.272 1315.528 1312.783
