data/zism_data/00173_04_D.txt
ncols         224
nrows         224
[rows 87 to 115 of 224, columns 128 to 191 of 224]
497.1651 496.6521 495.9455 495.0015 494.0576 493.1136 492.1697 491.0165 489.8434 488.6703 487.4972 484.7711 479.4767 474.1821 468.8878 463.5932 455.2655 446.3623 437.4593 428.5561 421.074 416.8395 412.6048 408.3703 404.1357 403.6068 404.1967 404.7866 405.3764 406.8911 411.4694 416.0476 420.626 425.2042 429.3857 433.3936 437.4015 441.4095 445.1358 447.3774 449.6188 451.8604 454.1019 456.4049 458.7451 461.0853 463.4254 465.9191 470.0233 474.1276 478.232 482.3363 483.2493 481.5588 479.8682 478.1777 476.3898 467.992 459.5939 451.1961 442.798 436.6375 432.9177 429.1979
497.9062 497.5273 497.0054 496.3082 495.611 494.9138 494.2166 493.3298 492.4249 491.52 490.6152 488.3533 483.8475 479.3415 474.8357 470.3297 462.1142 453.1948 444.2758 435.3565 427.633 422.6421 417.6511 412.6602 407.6691 406.8907 407.384 407.8773 408.3706 409.7875 414.2639 418.7402 423.2167 427.693 431.7426 435.6058 439.4688 443.332 446.9656 449.3896 451.8134 454.2374 456.6612 459.2503 461.9391 464.628 467.3168 470.0356 473.0669 476.0983 479.1297 482.1611 481.6083 478.1315 474.6546 471.1779 467.633 459.4713 451.3091 443.1473 434.9853 429.4406 426.7507 424.0609
498.6472 498.4024 498.0652 497.6148 497.1643 496.7139 496.2635 495.643 495.0064 494.3698 493.7331 491.9356 488.2183 484.5008 480.7835 477.066 468.9627 460.0273 451.0922 442.1567 434.1919 428.4446 422.6972 416.95 411.2025 410.1746 410.5713 410.968 411.3648 412.6839 417.0584 421.4328 425.8073 430.1817 434.0996 437.8179 441.5361 445.2544 448.7953 451.4017 454.0079 456.6143 459.2205 462.0956 465.1331 468.1707 471.2082 474.1519 476.1104 478.0688 480.0274 481.9859 479.9673 474.7043 469.4412 464.1782 458.8764 450.9506 443.0245 435.0987 427.1727 422.2437 420.5838 418.924
499.3883 499.2776 499.1251 498.9214 498.7177 498.5141 498.3104 497.9563 497.5879 497.2195 496.8511 495.5179 492.5891 489.6602 486.7314 483.8025 475.8113 466.8598 457.9087 448.9572 440.7509 434.2473 427.7434 421.2398 414.7359 413.4584 413.7586 414.0588 414.359 415.5803 419.8529 424.1254 428.398 432.6704 436.4566 440.03 443.6034 447.1769 450.6251 453.4138 456.2025 458.9912 461.7798 464.9409 468.3271 471.7134 475.0995 478.2683 479.1539 480.0395 480.9251 481.8107 478.3263 471.2771 464.2276 457.1784 450.1196 442.4298 434.7398 427.05 419.3599 415.0467 414.4168 413.787
500.0 500.0 500.0 500.0 500.0 500.0 500.0 499.8709 499.7296 499.5882 499.4468 498.5131 496.2689 494.0246 491.7804 489.5361 481.7421 472.8953 464.0488 455.202 446.9606 440.1022 433.2437 426.3853 419.5267 418.1338 418.3908 418.6479 418.9049 420.0155 423.954 427.8924 431.8308 435.7692 439.2506 442.5323 445.8138 449.0954 452.3118 455.1846 458.0573 460.9301 463.8028 467.1207 470.7076 474.2946 477.8816 481.1445 481.0049 480.8654 480.7258 480.5863 475.8396 467.3346 458.8293 450.3244 441.8368 434.5468 427.2566 419.9667 412.6765 409.0161 409.3151 409.6142
500.0 500.0 500.0 500.0 500.0 500.0 500.0 499.9003 499.7911 499.682 499.5728 498.7318 496.6808 494.6296 492.5785 490.5274 483.3322 475.1613 466.9907 458.8198 451.5188 446.2054 440.8918 435.5785 430.2649 429.3909 429.8571 430.3233 430.7895 431.7287 434.2349 436.7411 439.2473 441.7534 444.1123 446.4068 448.7013 450.9958 453.3217 455.8137 458.3055 460.7975 463.2893 466.1528 469.2409 472.329 475.4171 478.155 477.2161 476.2773 475.3384 474.3995 469.3528 460.9551 452.5572 444.1595 435.7946 429.6795 423.5641 417.4489 411.3334 408.5015 409.2512 410.0008
500.0 500.0 500.0 500.0 500.0 500.0 500.0 499.9297 499.8527 499.7757 499.6988 498.9507 497.0927 495.2346 493.3766 491.5186 484.9224 477.4273 469.9326 462.4376 456.0769 452.3084 448.5399 444.7714 441.0028 440.6478 441.3232 441.9985 442.6739 443.4417 444.5157 445.5896 446.6635 447.7375 448.9738 450.2813 451.5887 452.8961 454.3316 456.4427 458.5537 460.6648 462.7758 465.1849 467.7741 470.3634 472.9526 475.1656 473.4274 471.6892 469.951 468.2129 462.8661 454.5757 446.2851 437.9947 429.7527 424.8122 419.8715 414.9311 409.9904 407.9868 409.1872 410.3875
500.0 500.0 500.0 500.0 500.0 500.0 500.0 499.9591 499.9143 499.8695 499.8247 499.1694 497.5045 495.8396 494.1747 492.5098 486.5125 479.6934 472.8745 466.0554 460.6351 458.4116 456.188 453.9645 451.741 451.9048 452.7894 453.6739 454.5585 455.1548 454.7965 454.4383 454.08 453.7217 453.8354 454.1558 454.4761 454.7964 455.3415 457.0717 458.8019 460.5321 462.2623 464.217 466.3074 468.3978 470.4881 472.1761 469.6386 467.1011 464.5636 462.0262 456.3794 448.1963 440.0129 431.8298 423.7105 419.9448 416.179 412.4132 408.6474 407.4723 409.1232 410.7741
500.0 500.0 500.0 500.0 500.0 500.0 500.0 499.9885 499.9759 499.9633 499.9507 499.3882 497.9164 496.4446 494.9729 493.501 488.1027 481.9594 475.8164 469.6731 465.1932 464.5146 463.8361 463.1575 462.4789 463.1617 464.2554 465.3492 466.4429 466.8678 465.0773 463.2868 461.4962 459.7058 458.697 458.0302 457.3635 456.6967 456.3514 457.7008 459.0501 460.3995 461.7488 463.2491 464.8406 466.4322 468.0237 469.1866 465.8499 462.5131 459.1762 455.8395 449.8927 441.8169 433.7408 425.665 417.6685 415.0775 412.4865 409.8954 407.3044 406.9576 409.0593 411.1608
500.0 500.0 500.0 500.0 500.0 500.0 500.0 499.9464 499.8876 499.8289 499.7701 499.1594 497.636 496.1125 494.5891 493.0656 488.2902 482.8979 477.5058 472.1136 468.4633 468.7945 469.1256 469.4568 469.788 470.67 471.7184 472.7667 473.8151 474.0532 471.6071 469.1612 466.7151 464.2691 462.7284 461.5837 460.439 459.2943 458.5078 459.6102 460.7125 461.8148 462.9171 464.1517 465.4662 466.7809 468.0954 468.9836 465.3959 461.8082 458.2203 454.6326 448.8334 441.2304 433.6272 426.0242 418.5013 416.4422 414.3829 412.3238 410.2645 410.108 412.027 413.946
500.0 500.0 500.0 500.0 500.0 500.0 500.0 499.8582 499.7029 499.5475 499.3922 498.6425 496.9099 495.1772 493.4446 491.712 487.575 482.982 478.3892 473.7961 470.9044 471.9007 472.8971 473.8934 474.8898 475.7654 476.6046 477.4437 478.2829 478.3242 475.7225 473.121 470.5194 467.9178 466.2253 464.9304 463.6355 462.3406 461.4022 462.3436 463.285 464.2263 465.1677 466.2581 467.4386 468.6191 469.7996 470.5742 467.0884 463.6026 460.1167 456.6309 451.2674 444.3725 437.4774 430.5824 423.7591 421.818 419.8767 417.9356 415.9944 415.6172 416.9461 418.2751
500.0 500.0 500.0 500.0 500.0 500.0 500.0 499.77 499.5181 499.2663 499.0144 498.1257 496.1839 494.242 492.3002 490.3583 486.8599 483.0661 479.2725 475.4787 473.3454 475.0069 476.6685 478.33 479.9916 480.8607 481.4907 482.1206 482.7506 482.5952 479.838 477.0809 474.3237 471.5666 469.7222 468.277 466.832 465.3868 464.2965 465.077 465.8575 466.6379 467.4184 468.3646 469.4109 470.4573 471.5037 472.1648 468.7809 465.397 462.0131 458.6292 453.7015 447.5146 441.3275 435.1407 429.0169 427.1937 425.3705 423.5474 421.7242 421.1264 421.8652 422.6041
500.0 500.0 500.0 500.0 500.0 500.0 500.0 499.6819 499.3334 498.985 498.6365 497.6088 495.4578 493.3067 491.1557 489.0046 486.1447 483.1502 480.1558 477.1613 475.7864 478.1131 480.4399 482.7667 485.0935 485.9562 486.3769 486.7977 487.2184 486.8662 483.9535 481.0408 478.128 475.2154 473.2191 471.6238 470.0285 468.4332 467.1909 467.8105 468.43 469.0496 469.6691 470.4711 471.3833 472.2956 473.2079 473.7554 470.4734 467.1915 463.9095 460.6275 456.1356 450.6568 445.1778 439.699 434.2747 432.5696 430.8644 429.1593 427.4541 426.6357 426.7844 426.9332
500.0 500.0 499.9988 499.9961 499.9933 499.9906 499.9879 499.5621 499.096 498.6299 498.1638 496.9737 494.5863 492.1988 489.8114 487.4239 485.1836 482.9712 480.7588 478.5464 477.9112 480.8809 483.8506 486.8203 489.7901 490.6538 490.8817 491.1095 491.3374 490.8116 487.789 484.7666 481.744 478.7216 476.6116 474.9008 473.1899 471.4791 470.1154 470.5819 471.0485 471.515 471.9816 472.6494 473.4389 474.2284 475.0179 475.4638 472.3028 469.1419 465.9808 462.8198 458.7641 453.9786 449.193 444.4075 439.668 438.062 436.4561 434.8502 433.2442 432.1941 431.7502 431.3064
500.0 500.0 499.9698 499.9028 499.8357 499.7686 499.7015 498.7264 497.6649 496.6033 495.5417 493.6591 490.4188 487.1784 483.9381 480.6977 478.6506 476.8298 475.009 473.1881 472.8678 475.9769 479.0862 482.1954 485.3047 486.3366 486.7415 487.1464 487.5513 487.3766 485.2821 483.1877 481.0932 478.9987 477.6377 476.5974 475.5572 474.5169 473.7211 474.2145 474.7078 475.2012 475.6945 476.456 477.3796 478.3033 479.2268 479.8433 477.2348 474.6264 472.0179 469.4095 465.7999 461.3738 456.9476 452.5215 448.1314 446.1983 444.2651 442.332 440.3988 438.8675 437.7745 436.6816
500.0 500.0 499.9409 499.8095 499.678 499.5466 499.4151 497.8907 496.2337 494.5767 492.9197 490.3446 486.2514 482.1581 478.0649 473.9716 472.1177 470.6884 469.2592 467.8299 467.8244 471.0731 474.3219 477.5705 480.8193 482.0196 482.6015 483.1834 483.7653 483.9418 482.7753 481.6089 480.4424 479.2759 478.6637 478.294 477.9243 477.5546 477.3268 477.847 478.3671 478.8873 479.4075 480.2626 481.3203 482.378 483.4357 484.2226 482.1667 480.1108 478.0549 475.999 472.8356 468.7689 464.7021 460.6354 456.5947 454.3344 452.074 449.8137 447.5533 445.5409 443.7988 442.0567
500.0 500.0 499.912 499.7162 499.5204 499.3246 499.1287 497.0551 494.8026 492.55 490.2976 487.03 482.084 477.1377 472.1917 467.2454 465.5847 464.547 463.5094 462.4717 462.781 466.1692 469.5575 472.9456 476.3339 477.7025 478.4614 479.2203 479.9793 480.5069 480.2684 480.03 479.7915 479.553 479.6897 479.9906 480.2915 480.5924 480.9325 481.4795 482.0265 482.5735 483.1205 484.0693 485.2611 486.4529 487.6447 488.6021 487.0987 485.5954 484.092 482.5886 479.8714 476.1641 472.4567 468.7494 465.0582 462.4706 459.8831 457.2955 454.7079 452.2143 449.8231 447.432
500.0 500.0 499.8831 499.6229 499.3627 499.1025 498.8423 496.2194 493.3715 490.5235 487.6755 483.7155 477.9166 472.1174 466.3185 460.5193 459.0518 458.4057 457.7596 457.1135 457.7377 461.2654 464.7931 468.3207 471.8485 473.3854 474.3214 475.2573 476.1933 477.0721 477.7616 478.4511 479.1406 479.8301 480.7158 481.6872 482.6586 483.6301 484.5381 485.112 485.6858 486.2596 486.8334 487.8759 489.2018 490.5277 491.8535 492.9815 492.0306 491.0798 490.129 489.1782 486.9071 483.5592 480.2112 476.8633 473.5215 470.6068 467.692 464.7772 461.8624 458.8877 455.8473 452.8071
500.0 500.0 499.7486 499.1891 498.6295 498.07 497.5105 494.1406 490.5031 486.8655 483.228 478.5497 472.1508 465.7516 459.3526 452.9534 451.5712 451.1405 450.7098 450.279 451.0939 454.756 458.4181 462.0801 465.7422 467.6973 469.1373 470.5771 472.0171 473.5177 475.2195 476.9213 478.6231 480.3249 481.8679 483.3413 484.8147 486.2882 487.6151 488.1698 488.7245 489.2791 489.8337 490.8348 492.1058 493.3768 494.6478 495.7532 495.1199 494.4867 493.8534 493.2201 491.2489 488.1863 485.1236 482.061 478.9973 475.86 472.7227 469.5855 466.4482 463.1764 459.7577 456.3391
500.0 500.0 499.498 498.3806 497.2632 496.1458 495.0284 490.6941 486.0534 481.4127 476.772 471.3474 464.6265 457.9055 451.1847 444.4636 443.0482 442.6389 442.2297 441.8204 442.6894 446.4802 450.2711 454.0618 457.8527 460.501 462.8046 465.1081 467.4117 469.8319 472.6388 475.4455 478.2524 481.0592 483.1586 484.9486 486.7385 488.5285 490.1104 490.5953 491.0802 491.5651 492.05 492.8611 493.8692 494.8773 495.8855 496.756 496.1818 495.6075 495.0332 494.459 492.6266 489.7678 486.9089 484.0502 481.1857 477.9412 474.6966 471.4521 468.2075 464.8413 461.3421 457.843
500.0 500.0 499.2473 497.5721 495.8968 494.2216 492.5463 487.2475 481.6037 475.9597 470.3159 464.1448 457.1022 450.0593 443.0166 435.9737 434.5251 434.1372 433.7494 433.3616 434.2847 438.2043 442.1239 446.0434 449.963 453.3046 456.4718 459.639 462.8062 466.146 470.058 473.9698 477.8817 481.7935 484.4494 486.5559 488.6623 490.7689 492.6057 493.0209 493.436 493.8512 494.2664 494.8873 495.6326 496.3779 497.1232 497.7589 497.2436 496.7284 496.2131 495.6978 494.0042 491.3493 488.6942 486.0393 483.3742 480.0224 476.6705 473.3188 469.9669 466.5062 462.9265 459.347
500.0 500.0 498.9967 496.7636 494.5304 492.2974 490.0643 483.801 477.1541 470.5069 463.86 456.9424 449.5779 442.2132 434.8487 427.4839 426.002 425.6357 425.2693 424.903 425.8802 429.9285 433.9769 438.0251 442.0735 446.1083 450.1392 454.17 458.2008 462.4602 467.4772 472.494 477.511 482.5277 485.7401 488.1632 490.5861 493.0092 495.1009 495.4464 495.7918 496.1372 496.4827 496.9135 497.396 497.8784 498.3609 498.7617 498.3055 497.8492 497.3929 496.9367 495.3818 492.9307 490.4796 488.0285 485.5627 482.1036 478.6444 475.1854 471.7262 468.171 464.5109 460.8509
500.0 500.0 498.746 495.9551 493.1641 490.3731 487.5822 480.3544 472.7043 465.054 457.4039 449.7399 442.0536 434.367 426.6807 418.994 417.4789 417.134 416.7891 416.4442 417.4756 421.6526 425.8297 430.0067 434.1838 438.9119 443.8064 448.7008 453.5954 458.7744 464.8964 471.0182 477.1402 483.262 487.0309 489.7705 492.5099 495.2495 497.5962 497.8719 498.1476 498.4233 498.699 498.9398 499.1594 499.379 499.5986 499.7646 499.3673 498.9701 498.5728 498.1756 496.7594 494.5122 492.2649 490.0176 487.7512 484.1848 480.6184 477.052 473.4855 469.8359 466.0953 462.3548
499.3728 499.1775 497.5478 494.16 490.772 487.3841 483.9963 476.3534 468.3055 460.2573 452.2094 444.4153 437.0417 429.6678 422.2943 414.9204 413.5059 413.2215 412.9372 412.6528 413.6674 417.6509 421.6347 425.6182 429.602 434.7723 440.301 445.8296 451.3584 457.137 463.7441 470.351 476.9581 483.565 487.515 490.3025 493.09 495.8776 498.2551 498.4708 498.6866 498.9023 499.118 499.2667 499.3747 499.4828 499.5909 499.6284 498.924 498.2196 497.5153 496.8109 495.1325 492.6595 490.1865 487.7135 485.2253 481.703 478.1805 474.6582 471.1358 467.4823 463.6857 459.8891
498.6835 498.2737 496.2559 492.2672 488.2785 484.2899 480.3012 472.2975 463.9117 455.5255 447.1396 439.2764 432.2783 425.28 418.2818 411.2835 409.983 409.763 409.543 409.323 410.3138 414.0721 417.8305 421.5888 425.3472 430.935 437.0753 443.2154 449.3557 455.7022 462.7332 469.7638 476.7947 483.8254 487.9192 490.7282 493.5372 496.3462 498.7323 498.8891 499.0458 499.2025 499.3592 499.4255 499.437 499.4485 499.4601 499.3795 498.3318 497.2841 496.2364 495.1888 493.2084 490.4672 487.726 484.9848 482.2331 478.7698 475.3064 471.8431 468.3796 464.7313 460.881 457.0308
497.9942 497.3698 494.9639 490.3745 485.7849 481.1955 476.6061 468.2416 459.5177 450.7936 442.0698 434.1375 427.5148 420.892 414.2694 407.6465 406.46 406.3044 406.1488 405.9932 406.9602 410.4932 414.0263 417.5592 421.0923 427.0976 433.8495 440.601 447.3529 454.2675 461.7222 469.1766 476.6313 484.0857 488.3235 491.1539 493.9843 496.8148 499.2096 499.3073 499.405 499.5027 499.6005 499.5843 499.4993 499.4143 499.3293 499.1306 497.7397 496.3486 494.9576 493.5666 491.2842 488.2749 485.2654 482.2561 479.2409 475.8366 472.4322 469.0279 465.6234 461.9803 458.0763 454.1725
497.3049 496.466 493.672 488.4818 483.2914 478.1012 472.911 464.1857 455.1239 446.0618 437.0 428.9986 422.7514 416.5041 410.257 404.0096 402.9371 402.8458 402.7546 402.6634 403.6066 406.9143 410.2221 413.5298 416.8376 423.2603 430.6237 437.9868 445.3502 452.8327 460.7112 468.5894 476.4679 484.3461 488.7277 491.5797 494.4315 497.2834 499.6869 499.7256 499.7643 499.803 499.8417 499.7431 499.5616 499.38 499.1984 498.8818 497.1475 495.4131 493.6788 491.9444 489.3601 486.0826 482.8049 479.5273 476.2487 472.9034 469.558 466.2127 462.8673 459.2292 455.2716 451.3141
495.9221 494.7007 491.4518 485.718 479.984 474.2502 468.5164 459.7198 450.6318 441.5435 432.4555 424.6174 418.8473 413.0769 407.3067 401.5363 400.5784 400.5331 400.4878 400.4425 401.3491 404.4315 407.514 410.5964 413.6789 420.3972 428.2135 436.0295 443.8458 451.7484 459.9381 468.1276 476.3173 484.5068 488.993 491.859 494.7249 497.5909 500.0 500.0 500.0 500.0 500.0 499.814 499.5156 499.2172 498.9188 498.4666 496.4 494.3334 492.2668 490.2002 487.3544 483.8732 480.3919 476.9107 473.4309 470.058 466.6849 463.3119 459.9388 456.2624 452.2548 448.2474
493.2157 491.2917 487.4606 481.2923 475.1238 468.9555 462.7872 454.472 445.9526 437.4329 428.9135 421.6825 416.5828 411.4829 406.3833 401.2834 400.4414 400.4068 400.3723 400.3377 401.1832 404.0403 406.8975 409.7545 412.6118 419.3932 427.3597 435.3259 443.2924 451.3328 459.619 467.9051 476.1914 484.4774 488.993 491.859 494.7249 497.5909 500.0 500.0 500.0 500.0 500.0 499.7171 499.2631 498.8091 498.3552 497.7339 495.3561 492.9784 490.6006 488.2229 485.1931 481.6314 478.0696 474.508 470.9461 467.38 463.8138 460.2477 456.6815 452.8839 448.8334 444.7831
