data/zism_data/00172_01_D.txt
ncols         224
nrows         224
[rows 28 to 55 of 224, columns 63 to 125 of 224]
3702.862 3703.446 3704.031 3704.615 3705.2 3709.097 3713.994 3718.891 3723.788 3728.229 3731.159 3734.089 3737.02 3739.95 3738.845 3735.974 3733.104 3730.234 3727.048 3722.199 3717.349 3712.5 3707.651 3702.728 3697.761 3692.793 3687.826 3683.115 3681.091 3679.067 3677.043 3675.02 3676.799 3681.68 3686.561 3691.442 3696.321 3701.027 3705.734 3710.44 3715.147 3718.619 3720.746 3722.872 3724.998 3727.124 3726.421 3725.543 3724.666 3723.789 3721.105 3715.776 3710.448 3705.119 3699.791 3693.241 3686.509 3679.776 3673.043 3666.809 3661.571 3656.333 3651.095
3702.324 3702.424 3702.524 3702.624 3702.724 3706.104 3710.473 3714.843 3719.212 3723.232 3726.092 3728.952 3731.813 3734.673 3733.812 3731.324 3728.836 3726.348 3723.616 3719.601 3715.586 3711.571 3707.556 3702.703 3697.343 3691.983 3686.622 3681.386 3677.457 3673.528 3669.599 3665.67 3666.196 3670.355 3674.516 3678.676 3682.854 3688.32 3693.785 3699.251 3704.716 3708.909 3711.713 3714.518 3717.322 3720.126 3719.63 3718.93 3718.23 3717.531 3715.079 3710.063 3705.046 3700.03 3695.013 3688.678 3682.144 3675.611 3669.077 3663.042 3658.003 3652.964 3647.925
3701.786 3701.401 3701.017 3700.632 3700.248 3703.11 3706.952 3710.794 3714.637 3718.235 3721.025 3723.815 3726.605 3729.396 3728.78 3726.674 3724.568 3722.462 3720.185 3717.004 3713.823 3710.643 3707.462 3702.678 3696.925 3691.172 3685.418 3679.658 3673.824 3667.989 3662.154 3656.32 3655.592 3659.031 3662.47 3665.908 3669.387 3675.612 3681.836 3688.061 3694.285 3699.198 3702.681 3706.163 3709.646 3713.128 3712.838 3712.316 3711.794 3711.272 3709.053 3704.348 3699.644 3694.94 3690.236 3684.114 3677.78 3671.445 3665.111 3659.275 3654.435 3649.595 3644.756
3700.574 3699.951 3699.328 3698.704 3698.081 3700.438 3703.694 3706.95 3710.206 3713.304 3715.877 3718.451 3721.024 3723.598 3723.131 3721.334 3719.537 3717.74 3715.822 3713.266 3710.711 3708.155 3705.6 3700.885 3694.863 3688.842 3682.82 3676.707 3669.623 3662.539 3655.455 3648.371 3646.722 3649.505 3652.289 3655.072 3657.909 3664.353 3670.798 3677.242 3683.686 3688.931 3692.869 3696.806 3700.743 3704.68 3704.483 3704.033 3703.582 3703.131 3700.962 3696.276 3691.591 3686.906 3682.22 3676.217 3670.016 3663.814 3657.613 3651.913 3647.214 3642.514 3637.815
3699.047 3698.3 3697.553 3696.806 3696.059 3697.915 3700.558 3703.2 3705.843 3708.403 3710.691 3712.98 3715.268 3717.556 3717.193 3715.671 3714.148 3712.626 3711.022 3708.995 3706.967 3704.938 3702.911 3698.263 3692.032 3685.801 3679.569 3673.182 3665.156 3657.13 3649.105 3641.079 3638.662 3640.821 3642.98 3645.14 3647.36 3653.772 3660.184 3666.596 3673.009 3678.404 3682.691 3686.978 3691.265 3695.552 3695.396 3694.967 3694.538 3694.108 3691.904 3687.1 3682.296 3677.492 3672.689 3666.759 3660.66 3654.561 3648.462 3642.867 3638.281 3633.695 3629.109
3697.52 3696.649 3695.778 3694.907 3694.036 3695.393 3697.422 3699.451 3701.48 3703.503 3705.506 3707.509 3709.511 3711.515 3711.256 3710.008 3708.76 3707.512 3706.224 3704.723 3703.222 3701.722 3700.221 3695.642 3689.201 3682.76 3676.318 3669.657 3660.69 3651.722 3642.754 3633.787 3630.603 3632.138 3633.672 3635.207 3636.812 3643.192 3649.572 3655.951 3662.331 3667.877 3672.514 3677.151 3681.788 3686.425 3686.31 3685.902 3685.494 3685.086 3682.846 3677.924 3673.002 3668.08 3663.157 3657.301 3651.304 3645.308 3639.311 3633.823 3629.349 3624.876 3620.403
3695.993 3694.998 3694.003 3693.009 3692.014 3692.871 3694.286 3695.701 3697.117 3698.602 3700.32 3702.038 3703.755 3705.473 3705.319 3704.345 3703.371 3702.398 3701.425 3700.451 3699.478 3698.505 3697.532 3693.021 3686.37 3679.719 3673.068 3666.133 3656.223 3646.314 3636.404 3626.494 3622.543 3623.454 3624.365 3625.275 3626.264 3632.612 3638.959 3645.306 3651.654 3657.351 3662.337 3667.324 3672.311 3677.297 3677.223 3676.836 3676.45 3676.064 3673.789 3668.748 3663.708 3658.667 3653.626 3647.844 3641.949 3636.055 3630.16 3624.777 3620.417 3616.057 3611.697
3694.596 3693.486 3692.377 3691.268 3690.158 3690.529 3691.346 3692.163 3692.98 3693.931 3695.323 3696.716 3698.108 3699.501 3699.371 3698.576 3697.781 3696.986 3696.231 3695.688 3695.144 3694.601 3694.058 3689.644 3682.888 3676.132 3669.376 3662.286 3651.681 3641.077 3630.472 3619.868 3615.275 3615.585 3615.896 3616.207 3616.602 3622.779 3628.956 3635.133 3641.31 3647.028 3652.246 3657.464 3662.682 3667.899 3667.868 3667.514 3667.16 3666.806 3664.528 3659.435 3654.341 3649.247 3644.153 3638.495 3632.752 3627.009 3621.266 3616.006 3611.709 3607.413 3603.117
3694.067 3692.904 3691.74 3690.577 3689.414 3689.392 3689.714 3690.036 3690.358 3690.791 3691.591 3692.391 3693.192 3693.992 3693.36 3692.102 3690.844 3689.586 3688.407 3687.643 3686.879 3686.115 3685.352 3681.226 3675.068 3668.909 3662.751 3656.289 3646.637 3636.986 3627.334 3617.682 3613.277 3613.151 3613.026 3612.901 3612.851 3617.935 3623.019 3628.104 3633.188 3638.068 3642.726 3647.384 3652.042 3656.701 3656.733 3656.481 3656.23 3655.978 3653.916 3649.204 3644.493 3639.781 3635.07 3629.878 3624.614 3619.35 3614.086 3609.057 3604.497 3599.937 3595.377
3693.537 3692.321 3691.104 3689.886 3688.67 3688.254 3688.081 3687.908 3687.735 3687.65 3687.858 3688.067 3688.275 3688.483 3687.349 3685.628 3683.907 3682.186 3680.583 3679.598 3678.614 3677.629 3676.645 3672.808 3667.248 3661.687 3656.126 3650.292 3641.593 3632.894 3624.195 3615.496 3611.279 3610.717 3610.156 3609.594 3609.099 3613.091 3617.082 3621.074 3625.065 3629.108 3633.207 3637.305 3641.403 3645.501 3645.598 3645.448 3645.299 3645.149 3643.303 3638.974 3634.645 3630.315 3625.986 3621.26 3616.475 3611.69 3606.906 3602.108 3597.284 3592.46 3587.637
3693.008 3691.738 3690.467 3689.196 3687.925 3687.117 3686.449 3685.781 3685.112 3684.51 3684.126 3683.742 3683.358 3682.975 3681.339 3679.155 3676.971 3674.787 3672.759 3671.553 3670.348 3669.143 3667.938 3664.391 3659.427 3654.464 3649.501 3644.295 3636.549 3628.803 3621.056 3613.31 3609.281 3608.283 3607.286 3606.289 3605.348 3608.247 3611.146 3614.045 3616.944 3620.148 3623.687 3627.226 3630.764 3634.302 3634.463 3634.416 3634.368 3634.321 3632.691 3628.744 3624.796 3620.849 3616.902 3612.643 3608.337 3604.031 3599.726 3595.159 3590.072 3584.984 3579.897
3692.479 3691.155 3689.83 3688.505 3687.181 3685.98 3684.816 3683.653 3682.489 3681.369 3680.393 3679.417 3678.442 3677.466 3675.328 3672.681 3670.034 3667.387 3664.935 3663.509 3662.083 3660.657 3659.231 3655.973 3651.607 3647.241 3642.875 3638.298 3631.505 3624.711 3617.918 3611.124 3607.282 3605.849 3604.416 3602.982 3601.596 3603.403 3605.209 3607.015 3608.822 3611.188 3614.167 3617.146 3620.125 3623.103 3623.328 3623.383 3623.438 3623.492 3622.078 3618.513 3614.948 3611.383 3607.818 3604.025 3600.198 3596.372 3592.545 3588.21 3582.859 3577.508 3572.156
3693.196 3691.864 3690.532 3689.201 3687.869 3686.344 3684.76 3683.176 3681.592 3680.0 3678.379 3676.758 3675.137 3673.516 3670.888 3667.819 3664.749 3661.68 3658.795 3656.88 3654.965 3653.05 3651.135 3647.951 3643.998 3640.045 3636.093 3631.989 3626.295 3620.6 3614.906 3609.212 3605.83 3604.335 3602.841 3601.346 3599.889 3601.008 3602.127 3603.247 3604.366 3606.085 3608.457 3610.829 3613.201 3615.573 3615.75 3615.792 3615.833 3615.875 3614.624 3611.478 3608.333 3605.187 3602.041 3598.652 3595.227 3591.801 3588.375 3584.38 3579.246 3574.111 3568.977
3694.815 3693.51 3692.206 3690.901 3689.596 3687.796 3685.846 3683.896 3681.947 3679.915 3677.61 3675.306 3673.001 3670.697 3667.587 3664.125 3660.662 3657.2 3653.876 3651.277 3648.679 3646.08 3643.482 3640.214 3636.542 3632.869 3629.196 3625.452 3620.964 3616.475 3611.987 3607.498 3604.774 3603.489 3602.204 3600.919 3599.663 3600.39 3601.116 3601.843 3602.569 3603.776 3605.508 3607.239 3608.971 3610.702 3610.751 3610.696 3610.641 3610.586 3609.458 3606.759 3604.06 3601.361 3598.662 3595.631 3592.55 3589.469 3586.388 3582.811 3578.241 3573.672 3569.103
3696.435 3695.157 3693.879 3692.602 3691.324 3689.249 3686.933 3684.617 3682.301 3679.829 3676.841 3673.853 3670.865 3667.877 3664.286 3660.431 3656.576 3652.721 3648.957 3645.675 3642.393 3639.111 3635.829 3632.478 3629.085 3625.692 3622.299 3618.916 3615.633 3612.35 3609.068 3605.785 3603.718 3602.643 3601.568 3600.493 3599.438 3599.771 3600.105 3600.438 3600.772 3601.468 3602.559 3603.65 3604.741 3605.832 3605.752 3605.6 3605.448 3605.296 3604.292 3602.04 3599.788 3597.536 3595.283 3592.61 3589.873 3587.137 3584.4 3581.241 3577.237 3573.233 3569.229
3698.054 3696.804 3695.553 3694.302 3693.051 3690.701 3688.019 3685.337 3682.655 3679.744 3676.073 3672.401 3668.729 3665.058 3660.985 3656.737 3652.489 3648.241 3644.038 3640.073 3636.107 3632.141 3628.176 3624.742 3621.629 3618.516 3615.403 3612.38 3610.302 3608.225 3606.148 3604.071 3602.661 3601.796 3600.931 3600.066 3599.212 3599.153 3599.094 3599.034 3598.975 3599.159 3599.61 3600.061 3600.511 3600.962 3600.753 3600.504 3600.256 3600.007 3599.126 3597.321 3595.515 3593.71 3591.905 3589.589 3587.197 3584.805 3582.413 3579.671 3576.232 3572.793 3569.354
3699.827 3698.588 3697.35 3696.111 3694.873 3692.244 3689.196 3686.148 3683.099 3679.748 3675.392 3671.037 3666.682 3662.326 3657.774 3653.135 3648.497 3643.858 3639.221 3634.592 3629.964 3625.335 3620.706 3617.191 3614.35 3611.51 3608.668 3605.996 3605.094 3604.191 3603.289 3602.386 3601.618 3600.96 3600.301 3599.643 3598.987 3598.546 3598.104 3597.663 3597.222 3596.909 3596.736 3596.562 3596.389 3596.216 3595.881 3595.537 3595.193 3594.848 3594.09 3592.727 3591.365 3590.001 3588.639 3586.687 3584.646 3582.606 3580.566 3578.251 3575.388 3572.524 3569.661
3706.715 3705.002 3703.29 3701.578 3699.866 3696.834 3693.403 3689.973 3686.542 3682.737 3677.687 3672.637 3667.587 3662.538 3657.56 3652.615 3647.67 3642.724 3637.832 3633.219 3628.607 3623.994 3619.381 3615.88 3613.049 3610.219 3607.389 3604.738 3603.97 3603.202 3602.435 3601.667 3601.012 3600.451 3599.889 3599.327 3598.767 3598.31 3597.852 3597.395 3596.937 3596.587 3596.355 3596.123 3595.89 3595.658 3595.269 3594.871 3594.473 3594.074 3593.407 3592.345 3591.284 3590.222 3589.161 3587.768 3586.325 3584.882 3583.439 3581.832 3579.894 3577.956 3576.019
3713.603 3711.417 3709.231 3707.045 3704.859 3701.424 3697.611 3693.798 3689.986 3685.725 3679.981 3674.237 3668.493 3662.749 3657.347 3652.095 3646.843 3641.591 3636.443 3631.846 3627.25 3622.653 3618.057 3614.568 3611.748 3608.929 3606.109 3603.48 3602.847 3602.214 3601.58 3600.947 3600.406 3599.942 3599.477 3599.012 3598.547 3598.074 3597.6 3597.126 3596.653 3596.266 3595.974 3595.683 3595.391 3595.1 3594.657 3594.205 3593.753 3593.301 3592.723 3591.963 3591.203 3590.443 3589.683 3588.849 3588.004 3587.158 3586.313 3585.412 3584.4 3583.388 3582.376
3720.49 3717.831 3715.171 3712.511 3709.852 3706.013 3701.818 3697.624 3693.429 3688.714 3682.276 3675.837 3669.399 3662.96 3657.134 3651.575 3646.016 3640.457 3635.054 3630.473 3625.893 3621.313 3616.732 3613.256 3610.447 3607.639 3604.83 3602.222 3601.723 3601.225 3600.726 3600.227 3599.801 3599.433 3599.065 3598.697 3598.327 3597.837 3597.348 3596.858 3596.368 3595.945 3595.594 3595.243 3594.892 3594.542 3594.044 3593.539 3593.033 3592.527 3592.04 3591.581 3591.123 3590.664 3590.205 3589.93 3589.682 3589.434 3589.187 3588.993 3588.906 3588.82 3588.734
3727.378 3724.245 3721.112 3717.978 3714.845 3710.603 3706.026 3701.449 3696.872 3691.703 3684.57 3677.437 3670.304 3663.172 3656.92 3651.054 3645.189 3639.323 3633.665 3629.1 3624.536 3619.972 3615.408 3611.944 3609.146 3606.348 3603.551 3600.964 3600.6 3600.236 3599.872 3599.508 3599.195 3598.924 3598.653 3598.382 3598.107 3597.601 3597.095 3596.59 3596.083 3595.624 3595.213 3594.803 3594.393 3593.983 3593.432 3592.873 3592.313 3591.753 3591.356 3591.199 3591.042 3590.885 3590.728 3591.011 3591.361 3591.71 3592.06 3592.573 3593.413 3594.252 3595.092
3734.897 3731.138 3727.379 3723.62 3719.862 3715.147 3710.145 3705.142 3700.139 3694.46 3686.54 3678.62 3670.7 3662.781 3655.953 3649.603 3643.252 3636.902 3630.874 3626.542 3622.21 3617.878 3613.546 3610.31 3607.737 3605.163 3602.59 3600.216 3599.935 3599.653 3599.372 3599.091 3598.848 3598.635 3598.422 3598.21 3597.993 3597.51 3597.026 3596.542 3596.059 3595.602 3595.174 3594.746 3594.318 3593.89 3593.386 3592.878 3592.37 3591.862 3591.687 3591.998 3592.31 3592.621 3592.933 3593.781 3594.71 3595.64 3596.569 3597.693 3599.209 3600.725 3602.24
3743.104 3738.554 3734.004 3729.454 3724.904 3719.642 3714.166 3708.689 3703.213 3696.964 3688.156 3679.348 3670.541 3661.733 3654.163 3647.134 3640.106 3633.077 3626.553 3622.69 3618.826 3614.963 3611.099 3608.325 3606.209 3604.093 3601.977 3600.023 3599.769 3599.514 3599.26 3599.006 3598.783 3598.587 3598.39 3598.194 3597.994 3597.575 3597.156 3596.737 3596.318 3595.908 3595.507 3595.106 3594.705 3594.303 3593.959 3593.618 3593.276 3592.935 3593.123 3594.086 3595.049 3596.011 3596.974 3598.395 3599.883 3601.372 3602.861 3604.494 3606.413 3608.333 3610.252
3751.311 3745.97 3740.629 3735.287 3729.946 3724.137 3718.187 3712.237 3706.287 3699.468 3689.772 3680.076 3670.381 3660.685 3652.373 3644.666 3636.959 3629.252 3622.233 3618.838 3615.443 3612.047 3608.652 3606.339 3604.681 3603.022 3601.364 3599.83 3599.602 3599.375 3599.148 3598.92 3598.719 3598.539 3598.358 3598.178 3597.995 3597.641 3597.286 3596.932 3596.578 3596.214 3595.84 3595.465 3595.091 3594.717 3594.531 3594.357 3594.182 3594.008 3594.559 3596.173 3597.787 3599.401 3601.015 3603.007 3605.056 3607.105 3609.154 3611.294 3613.617 3615.94 3618.263
3759.519 3753.386 3747.253 3741.121 3734.988 3728.632 3722.208 3715.785 3709.361 3701.972 3691.388 3680.804 3670.22 3659.637 3650.583 3642.198 3633.813 3625.428 3617.913 3614.986 3612.059 3609.132 3606.205 3604.354 3603.153 3601.952 3600.751 3599.637 3599.436 3599.236 3599.035 3598.835 3598.655 3598.49 3598.326 3598.162 3597.996 3597.706 3597.416 3597.127 3596.837 3596.52 3596.172 3595.825 3595.478 3595.131 3595.103 3595.096 3595.088 3595.081 3595.996 3598.261 3600.526 3602.791 3605.057 3607.62 3610.229 3612.837 3615.446 3618.094 3620.821 3623.547 3626.274
3767.726 3760.802 3753.878 3746.954 3740.031 3733.127 3726.229 3719.332 3712.435 3704.477 3693.005 3681.533 3670.061 3658.588 3648.792 3639.729 3630.666 3621.603 3613.593 3611.134 3608.675 3606.217 3603.758 3602.368 3601.625 3600.881 3600.137 3599.444 3599.27 3599.097 3598.923 3598.75 3598.59 3598.442 3598.294 3598.146 3597.997 3597.772 3597.546 3597.321 3597.096 3596.825 3596.505 3596.185 3595.865 3595.544 3595.676 3595.835 3595.994 3596.154 3597.432 3600.348 3603.265 3606.181 3609.098 3612.233 3615.402 3618.57 3621.739 3624.894 3628.025 3631.155 3634.285
3768.092 3760.731 3753.371 3746.01 3738.649 3731.273 3723.892 3716.511 3709.13 3700.714 3688.868 3677.022 3665.176 3653.33 3643.792 3635.264 3626.736 3618.208 3610.719 3608.708 3606.698 3604.688 3602.677 3601.638 3601.188 3600.737 3600.286 3599.869 3599.808 3599.746 3599.684 3599.623 3599.624 3599.677 3599.73 3599.782 3599.828 3599.413 3598.998 3598.583 3598.168 3597.801 3597.488 3597.175 3596.861 3596.548 3597.237 3597.987 3598.738 3599.488 3601.467 3605.244 3609.022 3612.799 3616.577 3619.864 3623.078 3626.292 3629.506 3632.674 3635.748 3638.823 3641.898
3767.845 3760.076 3752.306 3744.536 3736.767 3728.923 3721.058 3713.193 3705.327 3696.461 3684.282 3672.102 3659.922 3647.743 3638.541 3630.643 3622.745 3614.846 3607.958 3606.394 3604.83 3603.267 3601.703 3601.007 3600.836 3600.666 3600.495 3600.344 3600.4 3600.457 3600.514 3600.571 3600.744 3601.012 3601.28 3601.548 3601.803 3601.178 3600.553 3599.928 3599.303 3598.829 3598.521 3598.213 3597.905 3597.597 3598.875 3600.25 3601.625 3602.999 3605.705 3610.36 3615.015 3619.669 3624.324 3627.731 3630.95 3634.169 3637.389 3640.53 3643.513 3646.496 3649.479
