data/zism_data/00177_02_D.txt
ncols         224
nrows         224
[rows 112 to 139 of 224, columns 126 to 188 of 224]
1494.415 1493.093 1491.772 1490.448 1489.12 1487.792 1486.464 1485.136 1483.971 1482.821 1481.671 1480.521 1479.322 1478.035 1476.749 1475.462 1474.176 1473.025 1471.91 1470.795 1469.68 1468.456 1466.874 1465.292 1463.71 1462.128 1460.636 1459.187 1457.739 1456.29 1454.816 1453.135 1451.455 1449.774 1448.094 1446.693 1445.524 1444.355 1443.186 1442.017 1440.92 1439.824 1438.728 1437.632 1436.536 1435.44 1434.344 1433.248 1432.152 1431.056 1429.96 1428.864 1427.768 1426.606 1425.291 1423.976 1422.661 1421.346 1420.201 1419.118 1418.035 1416.952 1415.867
1494.552 1493.201 1491.849 1490.522 1489.22 1487.917 1486.615 1485.313 1484.199 1483.101 1482.002 1480.904 1479.729 1478.416 1477.103 1475.79 1474.477 1473.337 1472.241 1471.145 1470.049 1468.837 1467.245 1465.652 1464.06 1462.468 1460.936 1459.433 1457.93 1456.428 1454.903 1453.203 1451.503 1449.803 1448.103 1446.688 1445.511 1444.333 1443.155 1441.977 1440.857 1439.737 1438.617 1437.497 1436.381 1435.272 1434.163 1433.054 1431.945 1430.844 1429.743 1428.643 1427.542 1426.385 1425.094 1423.802 1422.511 1421.22 1420.082 1418.999 1417.917 1416.834 1415.748
1494.689 1493.429 1492.17 1490.905 1489.635 1488.365 1487.095 1485.825 1484.708 1483.605 1482.501 1481.398 1480.221 1478.913 1477.606 1476.298 1474.99 1473.851 1472.755 1471.659 1470.563 1469.36 1467.805 1466.251 1464.696 1463.142 1461.553 1459.948 1458.344 1456.739 1455.118 1453.37 1451.621 1449.873 1448.125 1446.677 1445.478 1444.278 1443.079 1441.88 1440.7 1439.521 1438.342 1437.163 1436.0 1434.859 1433.718 1432.576 1431.435 1430.32 1429.209 1428.098 1426.987 1425.839 1424.607 1423.375 1422.143 1420.911 1419.812 1418.761 1417.711 1416.66 1415.601
1494.827 1493.658 1492.49 1491.288 1490.05 1488.812 1487.575 1486.337 1485.218 1484.109 1483.0 1481.891 1480.713 1479.411 1478.108 1476.806 1475.504 1474.365 1473.27 1472.173 1471.077 1469.883 1468.366 1466.849 1465.332 1463.815 1462.171 1460.464 1458.757 1457.05 1455.334 1453.537 1451.74 1449.943 1448.146 1446.665 1445.444 1444.224 1443.003 1441.782 1440.544 1439.306 1438.068 1436.83 1435.619 1434.446 1433.272 1432.099 1430.925 1429.796 1428.674 1427.553 1426.431 1425.294 1424.12 1422.947 1421.774 1420.601 1419.542 1418.523 1417.505 1416.486 1415.454
1494.965 1493.887 1492.81 1491.671 1490.465 1489.26 1488.054 1486.849 1485.727 1484.613 1483.499 1482.384 1481.205 1479.908 1478.611 1477.314 1476.017 1474.88 1473.784 1472.688 1471.592 1470.406 1468.927 1467.447 1465.968 1464.489 1462.788 1460.979 1459.17 1457.362 1455.549 1453.704 1451.859 1450.013 1448.168 1446.653 1445.411 1444.169 1442.927 1441.684 1440.388 1439.091 1437.794 1436.497 1435.238 1434.032 1432.827 1431.621 1430.415 1429.273 1428.14 1427.007 1425.875 1424.748 1423.634 1422.52 1421.406 1420.292 1419.272 1418.286 1417.299 1416.313 1415.307
1495.102 1494.116 1493.13 1492.054 1490.88 1489.707 1488.534 1487.36 1486.236 1485.117 1483.997 1482.878 1481.696 1480.405 1479.113 1477.822 1476.53 1475.394 1474.298 1473.202 1472.106 1470.929 1469.488 1468.046 1466.604 1465.162 1463.405 1461.495 1459.584 1457.673 1455.764 1453.87 1451.977 1450.084 1448.19 1446.641 1445.378 1444.114 1442.85 1441.587 1440.232 1438.876 1437.52 1436.163 1434.857 1433.619 1432.381 1431.143 1429.905 1428.749 1427.606 1426.462 1425.319 1424.202 1423.147 1422.092 1421.037 1419.982 1419.002 1418.047 1417.094 1416.139 1415.16
1495.356 1494.466 1493.575 1492.598 1491.527 1490.456 1489.385 1488.314 1487.202 1486.086 1484.97 1483.855 1482.675 1481.379 1480.084 1478.788 1477.493 1476.293 1475.117 1473.942 1472.767 1471.515 1470.013 1468.51 1467.008 1465.506 1463.686 1461.71 1459.735 1457.759 1455.79 1453.871 1451.953 1450.035 1448.116 1446.504 1445.144 1443.784 1442.424 1441.064 1439.673 1438.281 1436.889 1435.497 1434.149 1432.86 1431.571 1430.282 1428.993 1427.817 1426.658 1425.499 1424.341 1423.233 1422.247 1421.26 1420.274 1419.287 1418.334 1417.394 1416.453 1415.513 1414.554
1495.627 1494.833 1494.04 1493.167 1492.208 1491.25 1490.292 1489.333 1488.235 1487.125 1486.015 1484.905 1483.726 1482.425 1481.124 1479.823 1478.523 1477.249 1475.982 1474.716 1473.449 1472.11 1470.532 1468.955 1467.377 1465.8 1463.915 1461.881 1459.846 1457.812 1455.788 1453.848 1451.908 1449.968 1448.028 1446.347 1444.88 1443.412 1441.945 1440.478 1439.053 1437.629 1436.205 1434.781 1433.391 1432.049 1430.706 1429.364 1428.021 1426.823 1425.648 1424.473 1423.299 1422.201 1421.284 1420.367 1419.451 1418.534 1417.607 1416.678 1415.748 1414.818 1413.878
1495.898 1495.201 1494.504 1493.735 1492.89 1492.044 1491.199 1490.353 1489.269 1488.164 1487.059 1485.954 1484.777 1483.471 1482.165 1480.859 1479.552 1478.205 1476.847 1475.489 1474.131 1472.704 1471.052 1469.399 1467.747 1466.094 1464.145 1462.052 1459.958 1457.864 1455.785 1453.824 1451.862 1449.901 1447.94 1446.19 1444.615 1443.041 1441.466 1439.892 1438.434 1436.977 1435.521 1434.064 1432.634 1431.237 1429.841 1428.445 1427.049 1425.829 1424.638 1423.448 1422.257 1421.169 1420.322 1419.475 1418.628 1417.781 1416.88 1415.961 1415.042 1414.123 1413.203
1496.169 1495.568 1494.968 1494.304 1493.571 1492.839 1492.106 1491.373 1490.303 1489.203 1488.104 1487.004 1485.829 1484.517 1483.205 1481.894 1480.582 1479.161 1477.712 1476.263 1474.813 1473.299 1471.571 1469.844 1468.116 1466.388 1464.375 1462.222 1460.07 1457.917 1455.783 1453.8 1451.817 1449.834 1447.851 1446.033 1444.351 1442.669 1440.987 1439.305 1437.814 1436.325 1434.837 1433.348 1431.876 1430.426 1428.976 1427.526 1426.076 1424.836 1423.629 1422.422 1421.215 1420.136 1419.359 1418.582 1417.805 1417.027 1416.154 1415.245 1414.337 1413.429 1412.527
1496.517 1496.031 1495.546 1494.982 1494.335 1493.688 1493.042 1492.395 1491.34 1490.249 1489.159 1488.068 1486.897 1485.582 1484.267 1482.951 1481.636 1480.139 1478.595 1477.051 1475.507 1473.897 1472.073 1470.248 1468.424 1466.599 1464.528 1462.336 1460.144 1457.952 1455.779 1453.756 1451.734 1449.712 1447.69 1445.797 1444.011 1442.225 1440.44 1438.654 1437.101 1435.552 1434.002 1432.453 1430.935 1429.462 1427.989 1426.516 1425.043 1423.802 1422.599 1421.395 1420.192 1419.13 1418.399 1417.668 1416.938 1416.207 1415.36 1414.471 1413.583 1412.694 1411.817
1497.02 1496.685 1496.349 1495.88 1495.265 1494.65 1494.036 1493.421 1492.383 1491.309 1490.234 1489.16 1487.999 1486.684 1485.369 1484.054 1482.738 1481.16 1479.514 1477.868 1476.222 1474.501 1472.537 1470.573 1468.609 1466.645 1464.528 1462.336 1460.144 1457.952 1455.77 1453.673 1451.576 1449.478 1447.381 1445.401 1443.519 1441.636 1439.754 1437.871 1436.201 1434.533 1432.866 1431.198 1429.629 1428.193 1426.757 1425.322 1423.886 1422.688 1421.527 1420.367 1419.206 1418.174 1417.444 1416.713 1415.982 1415.252 1414.432 1413.581 1412.73 1411.879 1411.037
1497.523 1497.338 1497.153 1496.777 1496.194 1495.612 1495.03 1494.447 1493.427 1492.369 1491.31 1490.252 1489.101 1487.786 1486.471 1485.156 1483.841 1482.181 1480.433 1478.685 1476.937 1475.106 1473.002 1470.898 1468.795 1466.691 1464.528 1462.336 1460.144 1457.952 1455.762 1453.59 1451.417 1449.244 1447.072 1445.005 1443.026 1441.047 1439.068 1437.089 1435.301 1433.515 1431.729 1429.943 1428.322 1426.924 1425.526 1424.128 1422.73 1421.573 1420.456 1419.338 1418.221 1417.219 1416.488 1415.758 1415.027 1414.296 1413.505 1412.691 1411.878 1411.064 1410.257
1498.027 1497.992 1497.957 1497.674 1497.124 1496.574 1496.024 1495.473 1494.47 1493.428 1492.386 1491.344 1490.204 1488.889 1487.573 1486.258 1484.943 1483.202 1481.352 1479.502 1477.652 1475.71 1473.467 1471.223 1468.98 1466.737 1464.528 1462.336 1460.144 1457.952 1455.754 1453.506 1451.258 1449.011 1446.763 1444.609 1442.534 1440.458 1438.382 1436.307 1434.4 1432.496 1430.593 1428.689 1427.015 1425.655 1424.294 1422.934 1421.573 1420.459 1419.385 1418.31 1417.235 1416.264 1415.533 1414.802 1414.072 1413.341 1412.577 1411.801 1411.025 1410.249 1409.477
1498.53 1498.646 1498.761 1498.572 1498.053 1497.536 1497.017 1496.5 1495.514 1494.488 1493.462 1492.436 1491.306 1489.991 1488.676 1487.36 1486.045 1484.223 1482.271 1480.319 1478.367 1476.314 1473.931 1471.548 1469.166 1466.783 1464.528 1462.336 1460.144 1457.952 1455.746 1453.423 1451.1 1448.777 1446.454 1444.214 1442.041 1439.869 1437.697 1435.524 1433.5 1431.478 1429.456 1427.434 1425.708 1424.385 1423.063 1421.74 1420.417 1419.345 1418.313 1417.282 1416.25 1415.309 1414.578 1413.847 1413.117 1412.386 1411.65 1410.911 1410.173 1409.435 1408.697
1498.851 1498.98 1499.109 1498.964 1498.526 1498.087 1497.648 1497.209 1496.265 1495.276 1494.288 1493.299 1492.155 1490.733 1489.311 1487.889 1486.466 1484.596 1482.61 1480.625 1478.639 1476.56 1474.174 1471.789 1469.403 1467.018 1464.745 1462.527 1460.31 1458.092 1455.858 1453.495 1451.131 1448.767 1446.403 1444.122 1441.908 1439.695 1437.481 1435.268 1433.152 1431.038 1428.924 1426.809 1424.997 1423.596 1422.195 1420.795 1419.394 1418.304 1417.264 1416.224 1415.184 1414.248 1413.555 1412.863 1412.171 1411.479 1410.803 1410.132 1409.461 1408.79 1408.108
1499.125 1499.233 1499.34 1499.229 1498.881 1498.534 1498.186 1497.839 1496.941 1495.996 1495.05 1494.104 1492.94 1491.384 1489.827 1488.271 1486.714 1484.803 1482.802 1480.8 1478.798 1476.714 1474.361 1472.008 1469.655 1467.301 1465.017 1462.768 1460.518 1458.268 1456.002 1453.606 1451.21 1448.814 1446.418 1444.107 1441.867 1439.626 1437.386 1435.146 1432.945 1430.745 1428.545 1426.344 1424.437 1422.929 1421.421 1419.913 1418.404 1417.281 1416.219 1415.158 1414.096 1413.16 1412.516 1411.872 1411.228 1410.584 1409.976 1409.381 1408.785 1408.189 1407.567
1499.4 1499.486 1499.572 1499.493 1499.237 1498.981 1498.725 1498.469 1497.618 1496.715 1495.812 1494.909 1493.725 1492.034 1490.344 1488.653 1486.962 1485.011 1482.993 1480.975 1478.958 1476.869 1474.548 1472.227 1469.906 1467.585 1465.29 1463.008 1460.725 1458.443 1456.145 1453.717 1451.289 1448.86 1446.432 1444.092 1441.825 1439.558 1437.291 1435.024 1432.738 1430.452 1428.166 1425.88 1423.877 1422.262 1420.646 1419.031 1417.415 1416.258 1415.175 1414.092 1413.009 1412.072 1411.477 1410.881 1410.286 1409.69 1409.15 1408.629 1408.109 1407.589 1407.026
1499.674 1499.739 1499.804 1499.758 1499.593 1499.428 1499.263 1499.098 1498.294 1497.434 1496.574 1495.715 1494.51 1492.685 1490.86 1489.035 1487.21 1485.219 1483.185 1481.151 1479.117 1477.023 1474.734 1472.446 1470.157 1467.868 1465.562 1463.248 1460.933 1458.619 1456.289 1453.828 1451.368 1448.907 1446.447 1444.077 1441.784 1439.49 1437.196 1434.902 1432.531 1430.159 1427.787 1425.415 1423.317 1421.594 1419.872 1418.149 1416.426 1415.235 1414.131 1413.026 1411.922 1410.984 1410.437 1409.89 1409.343 1408.796 1408.323 1407.878 1407.433 1406.988 1406.485
1499.928 1499.979 1500.031 1500.011 1499.913 1499.816 1499.718 1499.621 1498.864 1498.05 1497.236 1496.422 1495.215 1493.302 1491.389 1489.476 1487.563 1485.552 1483.514 1481.476 1479.439 1477.35 1475.092 1472.834 1470.576 1468.318 1465.993 1463.635 1461.277 1458.92 1456.545 1454.031 1451.517 1449.004 1446.49 1444.069 1441.724 1439.38 1437.035 1434.691 1432.229 1429.765 1427.302 1424.838 1422.641 1420.806 1418.972 1417.137 1415.303 1414.086 1412.968 1411.85 1410.733 1409.808 1409.334 1408.861 1408.387 1407.914 1407.512 1407.136 1406.761 1406.385 1405.941
1500.121 1500.183 1500.246 1500.231 1500.134 1500.036 1499.939 1499.841 1499.134 1498.374 1497.614 1496.853 1495.696 1493.826 1491.956 1490.086 1488.216 1486.238 1484.233 1482.228 1480.223 1478.165 1475.933 1473.702 1471.471 1469.24 1466.873 1464.44 1462.007 1459.574 1457.12 1454.494 1451.867 1449.241 1446.615 1444.078 1441.615 1439.152 1436.69 1434.227 1431.658 1429.087 1426.516 1423.945 1421.633 1419.675 1417.717 1415.759 1413.801 1412.576 1411.469 1410.363 1409.256 1408.382 1408.053 1407.725 1407.396 1407.067 1406.743 1406.422 1406.099 1405.777 1405.386
1500.315 1500.388 1500.461 1500.451 1500.354 1500.257 1500.159 1500.062 1499.404 1498.697 1497.991 1497.284 1496.177 1494.35 1492.523 1490.696 1488.869 1486.925 1484.952 1482.979 1481.006 1478.979 1476.775 1474.571 1472.366 1470.162 1467.754 1465.245 1462.737 1460.229 1457.696 1454.957 1452.217 1449.478 1446.739 1444.086 1441.506 1438.925 1436.344 1433.763 1431.086 1428.408 1425.73 1423.051 1420.626 1418.544 1416.463 1414.381 1412.3 1411.067 1409.971 1408.875 1407.779 1406.956 1406.772 1406.588 1406.405 1406.221 1405.975 1405.706 1405.438 1405.17 1404.831
1500.508 1500.592 1500.675 1500.672 1500.574 1500.477 1500.38 1500.282 1499.674 1499.021 1498.368 1497.715 1496.657 1494.873 1493.089 1491.305 1489.521 1487.612 1485.672 1483.731 1481.79 1479.794 1477.616 1475.439 1473.261 1471.084 1468.634 1466.051 1463.467 1460.884 1458.271 1455.419 1452.567 1449.715 1446.863 1444.095 1441.396 1438.698 1435.999 1433.3 1430.515 1427.729 1424.944 1422.158 1419.618 1417.413 1415.208 1413.003 1410.798 1409.557 1408.472 1407.387 1406.302 1405.529 1405.491 1405.452 1405.413 1405.374 1405.206 1404.991 1404.777 1404.562 1404.276
1500.701 1500.796 1500.89 1500.892 1500.795 1500.698 1500.6 1500.503 1499.944 1499.344 1498.745 1498.146 1497.138 1495.397 1493.656 1491.915 1490.174 1488.299 1486.391 1484.482 1482.573 1480.608 1478.458 1476.307 1474.156 1472.006 1469.514 1466.856 1464.197 1461.539 1458.847 1455.882 1452.917 1449.953 1446.988 1444.104 1441.287 1438.47 1435.653 1432.836 1429.944 1427.051 1424.158 1421.265 1418.611 1416.282 1413.954 1411.625 1409.297 1408.048 1406.974 1405.899 1404.824 1404.103 1404.209 1404.316 1404.422 1404.528 1404.437 1404.276 1404.115 1403.955 1403.721
1500.954 1501.035 1501.117 1501.109 1501.004 1500.899 1500.793 1500.688 1500.164 1499.603 1499.041 1498.48 1497.521 1495.846 1494.171 1492.496 1490.822 1488.931 1486.984 1485.038 1483.091 1481.094 1478.932 1476.769 1474.606 1472.443 1469.924 1467.229 1464.534 1461.839 1459.109 1456.09 1453.071 1450.052 1447.033 1444.094 1441.221 1438.348 1435.475 1432.602 1429.657 1426.711 1423.765 1420.819 1418.092 1415.664 1413.235 1410.806 1408.378 1407.104 1406.017 1404.93 1403.843 1403.128 1403.286 1403.444 1403.602 1403.759 1403.719 1403.608 1403.497 1403.386 1403.203
1501.228 1501.288 1501.349 1501.324 1501.208 1501.092 1500.976 1500.86 1500.365 1499.836 1499.307 1498.778 1497.866 1496.266 1494.667 1493.067 1491.468 1489.541 1487.53 1485.519 1483.508 1481.455 1479.266 1477.076 1474.887 1472.697 1470.154 1467.438 1464.722 1462.005 1459.253 1456.201 1453.15 1450.099 1447.047 1444.076 1441.171 1438.266 1435.361 1432.456 1429.479 1426.5 1423.522 1420.544 1417.76 1415.24 1412.72 1410.2 1407.68 1406.376 1405.267 1404.158 1403.05 1402.325 1402.499 1402.673 1402.846 1403.02 1403.02 1402.957 1402.894 1402.831 1402.699
1501.503 1501.542 1501.58 1501.54 1501.413 1501.286 1501.16 1501.033 1500.566 1500.069 1499.572 1499.076 1498.211 1496.687 1495.162 1493.638 1492.114 1490.151 1488.075 1486.0 1483.925 1481.817 1479.6 1477.384 1475.167 1472.951 1470.385 1467.647 1464.909 1462.172 1459.396 1456.313 1453.229 1450.146 1447.062 1444.058 1441.121 1438.184 1435.247 1432.309 1429.3 1426.289 1423.279 1420.269 1417.427 1414.816 1412.205 1409.594 1406.982 1405.647 1404.517 1403.386 1402.256 1401.521 1401.711 1401.901 1402.091 1402.281 1402.321 1402.306 1402.292 1402.277 1402.195
1501.777 1501.795 1501.812 1501.755 1501.617 1501.48 1501.343 1501.205 1500.767 1500.302 1499.838 1499.373 1498.557 1497.107 1495.658 1494.209 1492.759 1490.761 1488.621 1486.481 1484.342 1482.178 1479.934 1477.691 1475.448 1473.205 1470.615 1467.856 1465.097 1462.338 1459.54 1456.424 1453.308 1450.192 1447.077 1444.041 1441.071 1438.102 1435.132 1432.163 1429.121 1426.078 1423.036 1419.993 1417.094 1414.392 1411.69 1408.987 1406.285 1404.918 1403.766 1402.615 1401.463 1400.718 1400.924 1401.13 1401.336 1401.542 1401.621 1401.655 1401.689 1401.723 1401.691
