data/zism_data/00175_01_D.txt
ncols         224
nrows         224
[rows 116 to 144 of 224, columns 134 to 200 of 224]
1159.442 1160.744 1161.907 1163.017 1164.128 1165.239 1166.359 1167.522 1168.685 1169.849 1171.011 1172.056 1173.036 1174.017 1174.997 1175.85 1175.733 1175.615 1175.498 1175.381 1174.732 1173.699 1172.667 1171.634 1170.584 1169.16 1167.737 1166.314 1164.89 1163.531 1162.232 1160.934 1159.636 1158.338 1157.316 1156.302 1155.289 1154.276 1153.54 1153.167 1152.793 1152.42 1152.046 1152.226 1152.467 1152.708 1152.95 1153.118 1153.156 1153.194 1153.232 1153.269 1152.926 1152.503 1152.08 1151.657 1151.299 1151.102 1150.906 1150.709 1150.512 1150.799 1151.245 1151.69 1152.135 1152.751 1153.976
1160.552 1161.875 1163.04 1164.146 1165.252 1166.357 1167.477 1168.656 1169.835 1171.015 1172.194 1173.222 1174.171 1175.119 1176.067 1176.888 1176.741 1176.594 1176.448 1176.301 1175.628 1174.575 1173.522 1172.468 1171.396 1169.898 1168.4 1166.902 1165.405 1164.002 1162.692 1161.382 1160.073 1158.763 1157.771 1156.789 1155.807 1154.825 1154.086 1153.662 1153.239 1152.816 1152.392 1152.557 1152.788 1153.019 1153.25 1153.402 1153.416 1153.43 1153.444 1153.458 1153.089 1152.639 1152.188 1151.738 1151.371 1151.208 1151.045 1150.881 1150.718 1151.111 1151.686 1152.261 1152.837 1153.576 1154.905
1161.651 1162.973 1164.151 1165.272 1166.394 1167.516 1168.652 1169.847 1171.043 1172.238 1173.433 1174.447 1175.363 1176.278 1177.194 1177.987 1177.84 1177.693 1177.546 1177.399 1176.661 1175.495 1174.329 1173.162 1171.976 1170.349 1168.722 1167.095 1165.468 1163.975 1162.611 1161.248 1159.884 1158.52 1157.516 1156.524 1155.531 1154.538 1153.828 1153.485 1153.142 1152.8 1152.457 1152.674 1152.953 1153.232 1153.512 1153.719 1153.797 1153.876 1153.954 1154.033 1153.733 1153.352 1152.972 1152.592 1152.286 1152.16 1152.034 1151.909 1151.783 1152.226 1152.855 1153.484 1154.113 1154.901 1156.263
1162.749 1164.072 1165.261 1166.399 1167.537 1168.675 1169.827 1171.038 1172.25 1173.462 1174.673 1175.671 1176.554 1177.438 1178.322 1179.086 1178.939 1178.792 1178.645 1178.498 1177.695 1176.415 1175.136 1173.856 1172.556 1170.8 1169.044 1167.288 1165.532 1163.948 1162.53 1161.113 1159.695 1158.277 1157.262 1156.258 1155.255 1154.251 1153.57 1153.308 1153.046 1152.784 1152.522 1152.79 1153.118 1153.446 1153.774 1154.035 1154.178 1154.321 1154.465 1154.608 1154.376 1154.066 1153.756 1153.446 1153.2 1153.112 1153.024 1152.936 1152.848 1153.341 1154.024 1154.707 1155.389 1156.227 1157.621
1163.848 1165.171 1166.371 1167.526 1168.68 1169.834 1171.002 1172.23 1173.457 1174.685 1175.913 1176.895 1177.746 1178.598 1179.449 1180.185 1180.038 1179.891 1179.744 1179.597 1178.728 1177.335 1175.943 1174.551 1173.137 1171.251 1169.366 1167.481 1165.596 1163.92 1162.449 1160.978 1159.506 1158.035 1157.007 1155.993 1154.978 1153.964 1153.312 1153.131 1152.95 1152.769 1152.587 1152.907 1153.283 1153.66 1154.036 1154.351 1154.559 1154.767 1154.975 1155.183 1155.02 1154.78 1154.54 1154.299 1154.114 1154.064 1154.014 1153.964 1153.913 1154.456 1155.193 1155.929 1156.666 1157.552 1158.979
1164.947 1166.27 1167.482 1168.652 1169.823 1170.993 1172.177 1173.421 1174.665 1175.908 1177.152 1178.119 1178.938 1179.757 1180.576 1181.283 1181.136 1180.989 1180.843 1180.696 1179.761 1178.256 1176.75 1175.245 1173.717 1171.703 1169.688 1167.674 1165.659 1163.893 1162.368 1160.843 1159.317 1157.792 1156.753 1155.727 1154.702 1153.677 1153.054 1152.954 1152.853 1152.753 1152.652 1153.024 1153.449 1153.873 1154.298 1154.668 1154.94 1155.213 1155.485 1155.757 1155.664 1155.494 1155.323 1155.153 1155.029 1155.016 1155.003 1154.991 1154.978 1155.571 1156.361 1157.152 1157.942 1158.878 1160.337
1165.825 1167.155 1168.388 1169.586 1170.783 1171.98 1173.192 1174.466 1175.741 1177.015 1178.289 1179.269 1180.092 1180.914 1181.737 1182.454 1182.364 1182.275 1182.185 1182.096 1181.191 1179.694 1178.198 1176.701 1175.165 1172.752 1170.339 1167.927 1165.514 1163.484 1161.826 1160.168 1158.51 1156.852 1155.896 1154.96 1154.025 1153.089 1152.563 1152.568 1152.574 1152.579 1152.585 1153.046 1153.559 1154.071 1154.584 1155.037 1155.385 1155.732 1156.08 1156.428 1156.429 1156.358 1156.286 1156.214 1156.176 1156.219 1156.262 1156.305 1156.348 1156.984 1157.814 1158.644 1159.474 1160.436 1161.873
1166.592 1167.933 1169.193 1170.423 1171.652 1172.882 1174.127 1175.439 1176.751 1178.063 1179.375 1180.382 1181.226 1182.07 1182.914 1183.66 1183.657 1183.653 1183.65 1183.646 1182.818 1181.392 1179.965 1178.539 1177.046 1174.1 1171.155 1168.209 1165.264 1162.884 1161.054 1159.223 1157.393 1155.563 1154.737 1153.942 1153.146 1152.351 1151.955 1152.079 1152.203 1152.327 1152.451 1153.021 1153.641 1154.261 1154.882 1155.432 1155.861 1156.289 1156.718 1157.146 1157.255 1157.297 1157.338 1157.379 1157.44 1157.548 1157.655 1157.763 1157.87 1158.547 1159.409 1160.271 1161.133 1162.11 1163.499
1167.36 1168.711 1169.998 1171.26 1172.522 1173.783 1175.062 1176.411 1177.761 1179.111 1180.461 1181.495 1182.36 1183.226 1184.092 1184.867 1184.949 1185.032 1185.115 1185.197 1184.446 1183.089 1181.733 1180.376 1178.927 1175.449 1171.97 1168.492 1165.014 1162.284 1160.281 1158.279 1156.276 1154.274 1153.579 1152.924 1152.268 1151.613 1151.347 1151.59 1151.832 1152.074 1152.317 1152.995 1153.723 1154.451 1155.179 1155.828 1156.337 1156.846 1157.356 1157.865 1158.081 1158.235 1158.39 1158.544 1158.704 1158.876 1159.048 1159.221 1159.393 1160.109 1161.004 1161.898 1162.793 1163.784 1165.125
1168.128 1169.49 1170.803 1172.097 1173.391 1174.685 1175.997 1177.384 1178.771 1180.159 1181.546 1182.607 1183.495 1184.382 1185.269 1186.073 1186.242 1186.411 1186.579 1186.748 1186.073 1184.787 1183.5 1182.214 1180.809 1176.797 1172.786 1168.775 1164.763 1161.684 1159.509 1157.334 1155.16 1152.985 1152.421 1151.905 1151.39 1150.874 1150.74 1151.1 1151.461 1151.822 1152.182 1152.97 1153.806 1154.641 1155.477 1156.223 1156.813 1157.403 1157.993 1158.583 1158.907 1159.174 1159.442 1159.709 1159.968 1160.205 1160.442 1160.678 1160.915 1161.672 1162.599 1163.525 1164.452 1165.458 1166.75
1168.883 1170.254 1171.597 1172.928 1174.26 1175.591 1176.94 1178.363 1179.786 1181.209 1182.632 1183.72 1184.629 1185.538 1186.446 1187.28 1187.537 1187.795 1188.052 1188.309 1187.711 1186.492 1185.273 1184.054 1182.69 1178.153 1173.616 1169.078 1164.541 1161.123 1158.792 1156.461 1154.131 1151.8 1151.362 1150.98 1150.598 1150.216 1150.203 1150.67 1151.136 1151.603 1152.069 1152.962 1153.903 1154.844 1155.784 1156.627 1157.296 1157.964 1158.633 1159.302 1159.731 1160.109 1160.487 1160.865 1161.22 1161.522 1161.823 1162.125 1162.426 1163.219 1164.173 1165.127 1166.081 1167.101 1168.356
1169.542 1170.913 1172.311 1173.717 1175.124 1176.531 1177.945 1179.39 1180.834 1182.279 1183.724 1184.833 1185.763 1186.693 1187.624 1188.489 1188.854 1189.219 1189.584 1189.949 1189.424 1188.253 1187.082 1185.912 1184.574 1179.563 1174.552 1169.541 1164.53 1160.862 1158.499 1156.136 1153.773 1151.41 1151.055 1150.759 1150.463 1150.167 1150.208 1150.685 1151.162 1151.64 1152.117 1153.088 1154.115 1155.142 1156.169 1157.09 1157.823 1158.556 1159.29 1160.023 1160.539 1161.008 1161.478 1161.947 1162.387 1162.753 1163.119 1163.485 1163.851 1164.652 1165.595 1166.538 1167.482 1168.504 1169.814
1170.201 1171.573 1173.024 1174.507 1175.989 1177.471 1178.95 1180.416 1181.882 1183.349 1184.815 1185.946 1186.897 1187.849 1188.801 1189.697 1190.17 1190.643 1191.116 1191.588 1191.136 1190.014 1188.892 1187.77 1186.458 1180.973 1175.489 1170.004 1164.52 1160.602 1158.207 1155.811 1153.416 1151.021 1150.748 1150.538 1150.328 1150.119 1150.212 1150.7 1151.189 1151.677 1152.165 1153.214 1154.328 1155.441 1156.554 1157.552 1158.35 1159.148 1159.946 1160.744 1161.347 1161.908 1162.469 1163.03 1163.553 1163.984 1164.414 1164.845 1165.275 1166.084 1167.017 1167.949 1168.882 1169.908 1171.271
1170.86 1172.232 1173.738 1175.296 1176.853 1178.411 1179.955 1181.443 1182.931 1184.418 1185.906 1187.058 1188.032 1189.005 1189.979 1190.906 1191.487 1192.067 1192.647 1193.228 1192.849 1191.776 1190.702 1189.628 1188.342 1182.384 1176.425 1170.467 1164.509 1160.341 1157.914 1155.486 1153.058 1150.631 1150.441 1150.317 1150.193 1150.07 1150.217 1150.716 1151.215 1151.714 1152.213 1153.341 1154.54 1155.739 1156.938 1158.015 1158.878 1159.74 1160.603 1161.466 1162.155 1162.807 1163.46 1164.112 1164.719 1165.214 1165.71 1166.205 1166.7 1167.517 1168.438 1169.36 1170.282 1171.311 1172.728
1171.52 1172.891 1174.452 1176.085 1177.718 1179.351 1180.96 1182.469 1183.979 1185.488 1186.997 1188.171 1189.166 1190.161 1191.156 1192.115 1192.803 1193.491 1194.179 1194.867 1194.562 1193.537 1192.511 1191.486 1190.226 1183.794 1177.362 1170.93 1164.498 1160.081 1157.621 1155.161 1152.701 1150.241 1150.134 1150.096 1150.059 1150.021 1150.222 1150.731 1151.241 1151.751 1152.26 1153.467 1154.752 1156.037 1157.323 1158.478 1159.405 1160.333 1161.26 1162.187 1162.963 1163.707 1164.451 1165.195 1165.885 1166.445 1167.005 1167.565 1168.125 1168.949 1169.86 1170.771 1171.682 1172.715 1174.185
1172.167 1173.624 1175.24 1176.918 1178.596 1180.274 1181.921 1183.433 1184.946 1186.458 1187.971 1189.166 1190.191 1191.217 1192.242 1193.23 1193.928 1194.627 1195.325 1196.023 1195.643 1194.48 1193.318 1192.156 1190.751 1184.025 1177.299 1170.573 1163.847 1159.355 1157.033 1154.711 1152.389 1150.067 1150.0 1150.0 1150.0 1150.0 1150.24 1150.79 1151.341 1151.892 1152.443 1153.696 1155.027 1156.359 1157.691 1158.903 1159.904 1160.905 1161.906 1162.907 1163.746 1164.551 1165.356 1166.161 1166.916 1167.55 1168.183 1168.817 1169.45 1170.294 1171.207 1172.119 1173.031 1174.065 1175.538
1172.805 1174.412 1176.086 1177.786 1179.485 1181.184 1182.846 1184.348 1185.85 1187.352 1188.853 1190.069 1191.132 1192.196 1193.259 1194.272 1194.906 1195.54 1196.174 1196.807 1196.237 1194.795 1193.353 1191.91 1190.232 1183.349 1176.467 1169.585 1162.703 1158.27 1156.218 1154.165 1152.112 1150.059 1150.0 1150.0 1150.0 1150.0 1150.268 1150.883 1151.499 1152.114 1152.729 1154.003 1155.351 1156.699 1158.047 1159.298 1160.38 1161.462 1162.543 1163.625 1164.509 1165.352 1166.195 1167.038 1167.843 1168.557 1169.272 1169.986 1170.7 1171.572 1172.495 1173.418 1174.341 1175.376 1176.811
1173.443 1175.201 1176.932 1178.653 1180.374 1182.095 1183.772 1185.263 1186.754 1188.245 1189.736 1190.973 1192.074 1193.175 1194.276 1195.315 1195.884 1196.453 1197.022 1197.591 1196.832 1195.11 1193.388 1191.665 1189.712 1182.674 1175.635 1168.597 1161.559 1157.186 1155.402 1153.619 1151.835 1150.052 1150.0 1150.0 1150.0 1150.0 1150.296 1150.976 1151.656 1152.336 1153.016 1154.311 1155.675 1157.039 1158.403 1159.694 1160.856 1162.019 1163.181 1164.344 1165.273 1166.153 1167.034 1167.914 1168.77 1169.565 1170.36 1171.155 1171.95 1172.85 1173.784 1174.717 1175.651 1176.686 1178.083
1174.081 1175.99 1177.778 1179.52 1181.262 1183.005 1184.698 1186.178 1187.658 1189.139 1190.619 1191.876 1193.015 1194.153 1195.292 1196.357 1196.862 1197.366 1197.871 1198.375 1197.427 1195.425 1193.422 1191.42 1189.193 1181.998 1174.804 1167.609 1160.415 1156.102 1154.587 1153.073 1151.558 1150.044 1150.0 1150.0 1150.0 1150.0 1150.324 1151.068 1151.813 1152.558 1153.302 1154.618 1155.998 1157.379 1158.759 1160.089 1161.333 1162.576 1163.819 1165.062 1166.037 1166.955 1167.873 1168.791 1169.697 1170.573 1171.448 1172.324 1173.2 1174.127 1175.072 1176.017 1176.961 1177.996 1179.356
1174.713 1176.772 1178.617 1180.382 1182.146 1183.911 1185.62 1187.089 1188.559 1190.029 1191.499 1192.776 1193.951 1195.125 1196.299 1197.388 1197.828 1198.267 1198.707 1199.146 1198.009 1195.728 1193.448 1191.167 1188.666 1181.319 1173.973 1166.626 1159.28 1155.027 1153.779 1152.532 1151.284 1150.036 1150.002 1150.003 1150.005 1150.006 1150.359 1151.168 1151.977 1152.786 1153.595 1154.931 1156.327 1157.722 1159.118 1160.487 1161.809 1163.132 1164.455 1165.777 1166.797 1167.753 1168.709 1169.665 1170.621 1171.576 1172.532 1173.487 1174.443 1175.398 1176.354 1177.309 1178.265 1179.3 1180.622
1174.976 1177.116 1179.026 1180.85 1182.674 1184.497 1186.258 1187.75 1189.241 1190.733 1192.224 1193.442 1194.514 1195.586 1196.658 1197.646 1197.994 1198.342 1198.69 1199.038 1197.75 1195.276 1192.801 1190.327 1187.646 1180.423 1173.2 1165.978 1158.755 1154.615 1153.47 1152.324 1151.179 1150.033 1150.111 1150.226 1150.341 1150.455 1150.893 1151.75 1152.608 1153.465 1154.323 1155.62 1156.967 1158.314 1159.661 1160.999 1162.322 1163.645 1164.968 1166.29 1167.35 1168.354 1169.359 1170.363 1171.356 1172.323 1173.289 1174.255 1175.221 1176.196 1177.173 1178.15 1179.127 1180.172 1181.462
1175.24 1177.46 1179.435 1181.318 1183.201 1185.084 1186.897 1188.41 1189.923 1191.436 1192.949 1194.108 1195.078 1196.047 1197.017 1197.904 1198.161 1198.417 1198.674 1198.93 1197.491 1194.823 1192.155 1189.486 1186.625 1179.527 1172.428 1165.329 1158.23 1154.203 1153.16 1152.117 1151.073 1150.03 1150.221 1150.449 1150.677 1150.904 1151.427 1152.333 1153.239 1154.144 1155.05 1156.309 1157.608 1158.906 1160.205 1161.512 1162.835 1164.157 1165.48 1166.803 1167.903 1168.955 1170.008 1171.061 1172.092 1173.069 1174.046 1175.023 1176.0 1176.993 1177.992 1178.99 1179.989 1181.044 1182.302
1175.503 1177.804 1179.845 1181.787 1183.729 1185.671 1187.536 1189.071 1190.605 1192.14 1193.674 1194.774 1195.641 1196.509 1197.376 1198.162 1198.327 1198.492 1198.657 1198.822 1197.233 1194.37 1191.508 1188.646 1185.605 1178.63 1171.655 1164.68 1157.705 1153.791 1152.85 1151.909 1150.968 1150.027 1150.331 1150.672 1151.012 1151.353 1151.961 1152.915 1153.869 1154.824 1155.778 1156.998 1158.248 1159.498 1160.749 1162.025 1163.348 1164.67 1165.993 1167.316 1168.455 1169.557 1170.658 1171.759 1172.828 1173.815 1174.803 1175.791 1176.779 1177.791 1178.811 1179.831 1180.851 1181.916 1183.141
1175.766 1178.148 1180.254 1182.255 1184.256 1186.258 1188.175 1189.731 1191.287 1192.843 1194.399 1195.44 1196.205 1196.97 1197.735 1198.42 1198.494 1198.567 1198.641 1198.714 1196.974 1193.918 1190.862 1187.806 1184.585 1177.734 1170.883 1164.032 1157.18 1153.379 1152.54 1151.702 1150.863 1150.024 1150.441 1150.894 1151.348 1151.802 1152.494 1153.497 1154.5 1155.503 1156.505 1157.687 1158.889 1160.09 1161.292 1162.538 1163.86 1165.183 1166.506 1167.828 1169.008 1170.158 1171.308 1172.457 1173.563 1174.562 1175.56 1176.559 1177.557 1178.588 1179.63 1180.672 1181.713 1182.788 1183.981
1175.989 1178.377 1180.514 1182.557 1184.6 1186.643 1188.605 1190.215 1191.825 1193.435 1195.045 1196.026 1196.672 1197.317 1197.962 1198.514 1198.349 1198.183 1198.018 1197.853 1195.886 1192.614 1189.342 1186.07 1182.658 1176.173 1169.688 1163.203 1156.717 1153.142 1152.393 1151.644 1150.895 1150.146 1150.663 1151.217 1151.771 1152.326 1153.09 1154.126 1155.162 1156.198 1157.235 1158.389 1159.558 1160.726 1161.894 1163.116 1164.431 1165.746 1167.061 1168.376 1169.58 1170.761 1171.942 1173.123 1174.262 1175.302 1176.341 1177.38 1178.419 1179.478 1180.544 1181.61 1182.676 1183.764 1184.932
1176.165 1178.472 1180.603 1182.668 1184.732 1186.797 1188.793 1190.495 1192.196 1193.898 1195.599 1196.521 1197.026 1197.532 1198.037 1198.417 1197.843 1197.269 1196.695 1196.12 1193.842 1190.327 1186.813 1183.299 1179.683 1173.844 1168.005 1162.165 1156.326 1153.107 1152.433 1151.76 1151.086 1150.413 1151.015 1151.655 1152.296 1152.936 1153.756 1154.808 1155.861 1156.913 1157.965 1159.107 1160.26 1161.412 1162.564 1163.769 1165.068 1166.367 1167.666 1168.965 1170.175 1171.367 1172.558 1173.75 1174.919 1176.033 1177.148 1178.263 1179.377 1180.475 1181.568 1182.661 1183.753 1184.859 1186.011
1176.341 1178.568 1180.692 1182.778 1184.864 1186.95 1188.981 1190.774 1192.567 1194.36 1196.153 1197.016 1197.381 1197.747 1198.112 1198.321 1197.338 1196.354 1195.371 1194.388 1191.797 1188.04 1184.284 1180.527 1176.708 1171.515 1166.321 1161.128 1155.934 1153.072 1152.474 1151.875 1151.277 1150.679 1151.367 1152.094 1152.82 1153.547 1154.422 1155.491 1156.559 1157.628 1158.696 1159.825 1160.961 1162.097 1163.233 1164.422 1165.705 1166.988 1168.271 1169.554 1170.77 1171.973 1173.175 1174.377 1175.576 1176.766 1177.955 1179.145 1180.335 1181.472 1182.592 1183.711 1184.831 1185.954 1187.09
1176.518 1178.663 1180.781 1182.889 1184.996 1187.104 1189.169 1191.054 1192.938 1194.823 1196.708 1197.51 1197.736 1197.961 1198.187 1198.225 1196.833 1195.44 1194.048 1192.655 1189.752 1185.753 1181.755 1177.756 1173.733 1169.186 1164.638 1160.09 1155.543 1153.037 1152.514 1151.991 1151.468 1150.945 1151.719 1152.532 1153.345 1154.157 1155.088 1156.173 1157.258 1158.342 1159.427 1160.543 1161.663 1162.783 1163.903 1165.076 1166.343 1167.609 1168.876 1170.143 1171.365 1172.578 1173.791 1175.004 1176.232 1177.498 1178.763 1180.028 1181.293 1182.469 1183.616 1184.762 1185.909 1187.049 1188.169
1176.694 1178.758 1180.87 1182.999 1185.128 1187.257 1189.357 1191.333 1193.31 1195.286 1197.262 1198.005 1198.091 1198.176 1198.262 1198.129 1196.327 1194.526 1192.724 1190.923 1187.707 1183.466 1179.225 1174.984 1170.758 1166.857 1162.955 1159.053 1155.151 1153.002 1152.554 1152.107 1151.659 1151.212 1152.072 1152.97 1153.869 1154.768 1155.755 1156.855 1157.956 1159.057 1160.158 1161.261 1162.365 1163.469 1164.572 1165.729 1166.98 1168.23 1169.481 1170.732 1171.96 1173.184 1174.407 1175.631 1176.889 1178.23 1179.57 1180.911 1182.251 1183.466 1184.639 1185.813 1186.986 1188.144 1189.248
