data/zism_data/00179_03_D.txt
ncols         224
nrows         224
[rows 168 to 195 of 224, columns 126 to 188 of 224]
1293.541 1292.007 1290.951 1291.401 1291.852 1292.302 1292.752 1294.008 1295.658 1297.308 1298.958 1300.596 1302.125 1303.653 1305.182 1306.711 1307.63 1308.015 1308.401 1308.786 1309.172 1308.672 1308.139 1307.606 1307.074 1306.57 1306.111 1305.652 1305.193 1304.735 1304.087 1303.399 1302.711 1302.023 1301.701 1302.448 1303.195 1303.941 1304.688 1308.354 1313.356 1318.358 1323.359 1328.374 1333.488 1338.602 1343.716 1348.83 1354.21 1359.81 1365.41 1371.01 1376.61 1378.825 1380.965 1383.104 1385.244 1387.173 1388.798 1390.423 1392.048 1393.673 1394.866
1289.422 1287.496 1286.229 1287.039 1287.849 1288.659 1289.469 1291.19 1293.355 1295.52 1297.686 1299.758 1301.007 1302.257 1303.506 1304.756 1305.416 1305.56 1305.704 1305.847 1305.991 1305.581 1305.15 1304.72 1304.289 1303.957 1303.777 1303.598 1303.418 1303.238 1302.865 1302.451 1302.037 1301.623 1301.639 1302.912 1304.185 1305.458 1306.731 1311.295 1317.365 1323.436 1329.506 1335.462 1340.554 1345.647 1350.739 1355.832 1361.052 1366.378 1371.704 1377.03 1382.356 1383.825 1385.208 1386.591 1387.973 1389.268 1390.437 1391.606 1392.774 1393.943 1394.932
1285.303 1282.985 1281.508 1282.677 1283.847 1285.017 1286.187 1288.371 1291.052 1293.733 1296.413 1298.92 1299.89 1300.86 1301.831 1302.801 1303.202 1303.104 1303.006 1302.908 1302.811 1302.49 1302.161 1301.833 1301.504 1301.344 1301.443 1301.543 1301.642 1301.742 1301.644 1301.503 1301.363 1301.223 1301.578 1303.377 1305.176 1306.975 1308.774 1314.236 1321.375 1328.513 1335.652 1342.549 1347.62 1352.691 1357.762 1362.833 1367.894 1372.946 1377.999 1383.051 1388.103 1388.826 1389.451 1390.077 1390.702 1391.363 1392.076 1392.788 1393.5 1394.212 1394.997
1279.37 1276.997 1275.588 1277.218 1278.848 1280.478 1282.108 1284.777 1287.954 1291.131 1294.308 1297.25 1298.13 1299.009 1299.888 1300.768 1301.098 1300.947 1300.796 1300.645 1300.494 1300.414 1300.337 1300.26 1300.183 1300.381 1301.004 1301.627 1302.249 1302.872 1302.925 1302.858 1302.79 1302.722 1303.293 1305.723 1308.153 1310.583 1313.013 1319.191 1327.083 1334.976 1342.868 1350.394 1355.148 1359.903 1364.657 1369.411 1373.996 1378.441 1382.885 1387.33 1391.775 1391.76 1391.646 1391.531 1391.417 1391.46 1391.731 1392.002 1392.273 1392.543 1393.154
1270.702 1268.779 1267.86 1270.102 1272.344 1274.586 1276.828 1280.012 1283.656 1287.3 1290.944 1294.326 1295.398 1296.471 1297.544 1298.617 1299.16 1299.24 1299.32 1299.4 1299.479 1299.868 1300.269 1300.67 1301.071 1301.91 1303.424 1304.938 1306.452 1307.966 1307.985 1307.686 1307.388 1307.089 1307.69 1310.909 1314.128 1317.348 1320.567 1327.184 1335.356 1343.527 1351.699 1359.382 1363.374 1367.366 1371.358 1375.35 1378.981 1382.314 1385.648 1388.981 1392.314 1391.577 1390.748 1389.92 1389.092 1388.541 1388.393 1388.245 1388.097 1387.949 1388.429
1262.033 1260.562 1260.132 1262.986 1265.841 1268.695 1271.549 1275.247 1279.359 1283.47 1287.581 1291.401 1292.667 1293.933 1295.2 1296.466 1297.223 1297.533 1297.844 1298.154 1298.465 1299.323 1300.202 1301.08 1301.959 1303.439 1305.844 1308.25 1310.655 1313.06 1313.045 1312.515 1311.986 1311.457 1312.087 1316.095 1320.104 1324.112 1328.121 1335.177 1343.628 1352.079 1360.53 1368.371 1371.6 1374.83 1378.059 1381.289 1383.966 1386.188 1388.41 1390.632 1392.854 1391.394 1389.851 1388.309 1386.766 1385.622 1385.056 1384.489 1383.922 1383.355 1383.705
1253.364 1252.344 1252.404 1255.87 1259.337 1262.803 1266.27 1270.483 1275.061 1279.639 1284.218 1288.477 1289.937 1291.396 1292.855 1294.314 1295.285 1295.826 1296.368 1296.909 1297.451 1298.777 1300.134 1301.49 1302.847 1304.968 1308.265 1311.561 1314.858 1318.154 1318.104 1317.344 1316.584 1315.824 1316.483 1321.281 1326.079 1330.877 1335.675 1343.171 1351.901 1360.631 1369.361 1377.359 1379.826 1382.293 1384.76 1387.227 1388.952 1390.062 1391.172 1392.283 1393.393 1391.21 1388.954 1386.697 1384.441 1382.703 1381.718 1380.732 1379.747 1378.761 1378.98
1244.696 1244.126 1244.676 1248.755 1252.833 1256.912 1260.99 1265.718 1270.763 1275.809 1280.854 1285.553 1287.206 1288.858 1290.511 1292.163 1293.347 1294.119 1294.892 1295.664 1296.437 1298.232 1300.066 1301.901 1303.735 1306.497 1310.685 1314.872 1319.06 1323.248 1323.164 1322.173 1321.182 1320.191 1320.88 1326.467 1332.054 1337.642 1343.229 1351.164 1360.173 1369.182 1378.192 1386.348 1388.052 1389.757 1391.461 1393.166 1393.937 1393.936 1393.935 1393.934 1393.933 1391.027 1388.057 1385.086 1382.115 1379.785 1378.38 1376.976 1375.571 1374.167 1374.256
1240.026 1240.739 1242.349 1246.787 1251.226 1255.664 1260.103 1264.846 1269.737 1274.629 1279.52 1284.102 1285.962 1287.822 1289.682 1291.542 1293.122 1294.457 1295.791 1297.126 1298.461 1301.187 1303.966 1306.745 1309.524 1313.142 1318.048 1322.954 1327.861 1332.767 1332.969 1332.172 1331.375 1330.578 1331.227 1336.09 1340.954 1345.818 1350.681 1357.79 1365.925 1374.06 1382.196 1389.528 1390.787 1392.047 1393.307 1394.566 1394.67 1393.819 1392.968 1392.118 1391.267 1387.831 1384.338 1380.844 1377.351 1374.521 1372.651 1370.781 1368.911 1367.042 1366.601
1235.957 1238.076 1240.832 1245.592 1250.353 1255.114 1259.874 1264.557 1269.202 1273.846 1278.491 1282.872 1284.942 1287.011 1289.08 1291.149 1293.154 1295.1 1297.047 1298.994 1300.941 1304.667 1308.461 1312.255 1316.049 1320.554 1326.153 1331.752 1337.351 1342.95 1343.485 1342.946 1342.407 1341.867 1342.466 1346.379 1350.292 1354.206 1358.119 1364.211 1371.299 1378.387 1385.476 1391.837 1392.699 1393.561 1394.423 1395.286 1394.766 1393.104 1391.443 1389.781 1388.12 1384.183 1380.196 1376.208 1372.221 1368.906 1366.564 1364.221 1361.879 1359.536 1358.506
1231.888 1235.414 1239.315 1244.397 1249.48 1254.563 1259.646 1264.269 1268.666 1273.064 1277.461 1281.642 1283.921 1286.2 1288.479 1290.757 1293.185 1295.744 1298.303 1300.862 1303.421 1308.148 1312.956 1317.765 1322.573 1327.967 1334.258 1340.549 1346.841 1353.132 1354.002 1353.72 1353.439 1353.157 1353.704 1356.667 1359.63 1362.594 1365.557 1370.632 1376.673 1382.714 1388.756 1394.146 1394.61 1395.075 1395.54 1396.005 1394.862 1392.39 1389.917 1387.445 1384.972 1380.535 1376.054 1371.573 1367.091 1363.291 1360.476 1357.661 1354.846 1352.031 1350.411
1227.818 1232.751 1237.797 1243.202 1248.607 1254.012 1259.417 1263.98 1268.131 1272.281 1276.432 1280.413 1282.901 1285.389 1287.877 1290.365 1293.217 1296.388 1299.559 1302.73 1305.901 1311.628 1317.451 1323.275 1329.098 1335.379 1342.363 1349.347 1356.331 1363.315 1364.519 1364.495 1364.471 1364.447 1364.943 1366.956 1368.969 1370.981 1372.994 1377.052 1382.047 1387.041 1392.036 1396.455 1396.522 1396.589 1396.657 1396.724 1394.958 1391.675 1388.391 1385.108 1381.825 1376.887 1371.912 1366.937 1361.961 1357.676 1354.389 1351.101 1347.814 1344.526 1342.316
1227.543 1233.573 1239.461 1244.901 1250.341 1255.781 1261.222 1265.551 1269.338 1273.125 1276.911 1280.572 1283.125 1285.678 1288.231 1290.784 1293.973 1297.72 1301.466 1305.213 1308.959 1315.399 1321.941 1328.483 1335.025 1341.885 1349.234 1356.583 1363.933 1371.282 1372.594 1372.623 1372.652 1372.681 1372.961 1373.974 1374.987 1376.0 1377.013 1380.295 1384.616 1388.936 1393.256 1397.069 1397.037 1397.005 1396.973 1396.941 1394.718 1390.683 1386.647 1382.612 1378.577 1373.083 1367.558 1362.032 1356.506 1351.775 1348.194 1344.614 1341.033 1337.452 1334.896
1234.613 1241.143 1247.285 1252.204 1257.123 1262.042 1266.962 1270.724 1273.92 1277.116 1280.312 1283.42 1285.759 1288.097 1290.435 1292.773 1296.131 1300.382 1304.634 1308.885 1313.136 1319.734 1326.421 1333.108 1339.794 1346.637 1353.717 1360.798 1367.879 1374.96 1375.941 1375.626 1375.312 1374.997 1374.742 1374.66 1374.577 1374.495 1374.413 1377.384 1381.753 1386.122 1390.491 1394.401 1394.847 1395.293 1395.739 1396.185 1393.828 1389.154 1384.48 1379.806 1375.132 1368.979 1362.792 1356.606 1350.42 1345.32 1341.793 1338.266 1334.739 1331.212 1328.782
1241.684 1248.713 1255.108 1259.506 1263.905 1268.303 1272.702 1275.896 1278.501 1281.107 1283.712 1286.269 1288.392 1290.516 1292.639 1294.763 1298.289 1303.045 1307.801 1312.557 1317.313 1324.069 1330.901 1337.732 1344.564 1351.388 1358.201 1365.013 1371.826 1378.638 1379.288 1378.63 1377.972 1377.314 1376.523 1375.345 1374.168 1372.99 1371.813 1374.474 1378.891 1383.308 1387.725 1391.734 1392.658 1393.582 1394.506 1395.429 1392.939 1387.626 1382.313 1377.0 1371.687 1364.873 1358.027 1351.18 1344.334 1338.866 1335.392 1331.919 1328.446 1324.972 1322.668
1248.754 1256.282 1262.931 1266.809 1270.686 1274.564 1278.442 1281.068 1283.083 1285.098 1287.113 1289.117 1291.026 1292.934 1294.843 1296.752 1300.447 1305.708 1310.968 1316.229 1321.49 1328.404 1335.381 1342.357 1349.334 1356.14 1362.684 1369.228 1375.772 1382.316 1382.636 1381.634 1380.632 1379.63 1378.303 1376.031 1373.758 1371.485 1369.213 1371.563 1376.028 1380.494 1384.959 1389.066 1390.468 1391.87 1393.272 1394.674 1392.049 1386.098 1380.146 1374.193 1368.241 1360.768 1353.261 1345.754 1338.247 1332.411 1328.991 1325.572 1322.152 1318.732 1316.554
1255.824 1263.852 1270.754 1274.111 1277.468 1280.825 1284.182 1286.241 1287.665 1289.089 1290.514 1291.966 1293.659 1295.353 1297.047 1298.741 1302.605 1308.37 1314.136 1319.901 1325.667 1332.739 1339.86 1346.982 1354.104 1360.892 1367.167 1373.443 1379.718 1385.994 1385.983 1384.638 1383.292 1381.947 1380.084 1376.716 1373.348 1369.98 1366.612 1368.652 1373.166 1377.679 1382.193 1386.399 1388.279 1390.158 1392.038 1393.918 1391.16 1384.569 1377.978 1371.387 1364.796 1356.663 1348.496 1340.329 1332.161 1325.956 1322.59 1319.224 1315.858 1312.492 1310.44
1263.827 1270.964 1277.035 1279.749 1282.463 1285.177 1287.891 1289.48 1290.518 1291.557 1292.595 1293.683 1295.197 1296.711 1298.225 1299.739 1303.594 1309.503 1315.411 1321.32 1327.228 1334.193 1341.199 1348.204 1355.209 1361.611 1367.086 1372.562 1378.037 1383.513 1382.601 1380.332 1378.063 1375.794 1373.065 1368.994 1364.923 1360.852 1356.781 1358.83 1363.68 1368.529 1373.379 1377.987 1380.767 1383.547 1386.327 1389.108 1386.906 1380.587 1374.268 1367.949 1361.63 1353.441 1345.21 1336.979 1328.748 1322.542 1319.265 1315.987 1312.71 1309.432 1307.639
1272.046 1277.969 1282.958 1285.001 1287.043 1289.086 1291.129 1292.27 1292.971 1293.671 1294.371 1295.137 1296.479 1297.822 1299.164 1300.506 1304.313 1310.28 1316.248 1322.215 1328.183 1334.979 1341.807 1348.635 1355.463 1361.394 1365.946 1370.498 1375.05 1379.602 1377.656 1374.329 1371.003 1367.676 1364.003 1359.32 1354.637 1349.953 1345.27 1347.404 1352.656 1357.908 1363.161 1368.241 1372.02 1375.799 1379.578 1383.356 1381.872 1376.036 1370.2 1364.364 1358.528 1350.423 1342.267 1334.112 1325.956 1319.834 1316.653 1313.472 1310.292 1307.111 1305.608
1280.265 1284.975 1288.881 1290.252 1291.624 1292.995 1294.367 1295.061 1295.423 1295.785 1296.147 1296.592 1297.762 1298.932 1300.103 1301.273 1305.031 1311.058 1317.084 1323.111 1329.138 1335.766 1342.416 1349.067 1355.718 1361.177 1364.806 1368.434 1372.063 1375.692 1372.711 1368.327 1363.942 1359.558 1354.941 1349.646 1344.35 1339.055 1333.76 1335.978 1341.633 1347.288 1352.942 1358.495 1363.272 1368.05 1372.828 1377.605 1376.837 1371.484 1366.132 1360.779 1355.426 1347.405 1339.325 1331.244 1323.164 1317.126 1314.042 1310.957 1307.873 1304.789 1303.577
1288.484 1291.98 1294.804 1295.504 1296.204 1296.905 1297.605 1297.851 1297.875 1297.899 1297.923 1298.046 1299.045 1300.043 1301.042 1302.04 1305.75 1311.835 1317.921 1324.007 1330.092 1336.552 1343.025 1349.499 1355.972 1360.961 1363.666 1366.371 1369.076 1371.781 1367.766 1362.324 1356.882 1351.44 1345.879 1339.971 1334.064 1328.157 1322.249 1324.552 1330.609 1336.667 1342.724 1348.749 1354.525 1360.302 1366.078 1371.854 1371.802 1366.933 1362.063 1357.194 1352.324 1344.388 1336.382 1328.377 1320.372 1314.417 1311.43 1308.442 1305.455 1302.467 1301.546
1294.715 1297.186 1299.112 1299.317 1299.522 1299.727 1299.933 1299.862 1299.657 1299.452 1299.247 1299.15 1300.009 1300.867 1301.726 1302.585 1306.159 1312.114 1318.069 1324.024 1329.979 1336.13 1342.288 1348.447 1354.605 1359.092 1361.01 1362.928 1364.847 1366.765 1362.047 1355.921 1349.794 1343.668 1337.545 1331.436 1325.326 1319.216 1313.106 1315.44 1321.636 1327.833 1334.029 1340.254 1346.695 1353.136 1359.577 1366.018 1366.59 1362.31 1358.03 1353.75 1349.47 1341.786 1334.026 1326.265 1318.505 1312.705 1309.742 1306.778 1303.814 1300.851 1300.122
1295.899 1297.823 1299.321 1299.478 1299.635 1299.792 1299.948 1299.895 1299.738 1299.581 1299.424 1299.365 1300.165 1300.964 1301.764 1302.563 1305.784 1311.127 1316.47 1321.813 1327.156 1332.643 1338.135 1343.628 1349.12 1353.031 1354.508 1355.986 1357.464 1358.942 1354.365 1348.501 1342.638 1336.774 1331.062 1325.79 1320.517 1315.245 1309.973 1312.205 1317.87 1323.534 1329.199 1334.933 1341.192 1347.45 1353.709 1359.968 1360.927 1357.506 1354.085 1350.664 1347.243 1340.239 1333.156 1326.072 1318.988 1313.523 1310.398 1307.273 1304.149 1301.024 1300.242
1297.083 1298.459 1299.53 1299.639 1299.747 1299.856 1299.964 1299.927 1299.819 1299.71 1299.601 1299.58 1300.32 1301.061 1301.801 1302.542 1305.409 1310.139 1314.87 1319.601 1324.332 1329.155 1333.982 1338.809 1343.636 1346.969 1348.006 1349.044 1350.082 1351.12 1346.682 1341.082 1335.481 1329.881 1324.578 1320.144 1315.709 1311.274 1306.84 1308.97 1314.103 1319.236 1324.369 1329.613 1335.689 1341.765 1347.841 1353.917 1355.264 1352.702 1350.14 1347.578 1345.016 1338.693 1332.286 1325.879 1319.471 1314.34 1311.054 1307.768 1304.483 1301.197 1300.363
1298.267 1299.096 1299.739 1299.8 1299.86 1299.92 1299.98 1299.96 1299.899 1299.839 1299.779 1299.794 1300.476 1301.157 1301.839 1302.52 1305.033 1309.152 1313.271 1317.39 1321.508 1325.668 1329.829 1333.99 1338.151 1340.907 1341.505 1342.102 1342.699 1343.297 1338.999 1333.662 1328.325 1322.987 1318.095 1314.498 1310.901 1307.304 1303.707 1305.735 1310.337 1314.938 1319.54 1324.292 1330.186 1336.079 1341.973 1347.866 1349.601 1347.898 1346.195 1344.492 1342.789 1337.147 1331.416 1325.685 1319.955 1315.157 1311.711 1308.264 1304.817 1301.37 1300.483
1299.452 1299.732 1299.948 1299.96 1299.972 1299.984 1299.996 1299.992 1299.98 1299.968 1299.956 1300.009 1300.632 1301.254 1301.876 1302.499 1304.658 1308.165 1311.671 1315.178 1318.685 1322.18 1325.676 1329.171 1332.666 1334.846 1335.003 1335.16 1335.317 1335.474 1331.316 1326.242 1321.168 1316.094 1311.611 1308.852 1306.092 1303.333 1300.573 1302.5 1306.57 1310.64 1314.71 1318.972 1324.683 1330.394 1336.105 1341.816 1343.938 1343.094 1342.25 1341.406 1340.562 1335.6 1330.546 1325.492 1320.438 1315.975 1312.367 1308.759 1305.151 1301.543 1300.603
1299.786 1299.908 1300.0 1300.0 1300.0 1300.0 1300.0 1300.024 1300.061 1300.097 1300.134 1300.222 1300.77 1301.317 1301.864 1302.411 1304.196 1307.066 1309.937 1312.807 1315.677 1318.559 1321.441 1324.323 1327.205 1328.988 1329.081 1329.174 1329.267 1329.361 1325.679 1321.196 1316.712 1312.229 1308.341 1306.189 1304.036 1301.884 1299.731 1301.561 1305.213 1308.865 1312.517 1316.358 1321.636 1326.913 1332.191 1337.468 1339.489 1338.816 1338.143 1337.47 1336.797 1332.172 1327.459 1322.745 1318.032 1313.895 1310.591 1307.287 1303.984 1300.68 1299.897
1299.843 1299.932 1300.0 1300.0 1300.0 1300.0 1300.0 1300.057 1300.142 1300.226 1300.311 1300.435 1300.901 1301.368 1301.835 1302.302 1303.706 1305.932 1308.157 1310.383 1312.609 1314.893 1317.179 1319.466 1321.752 1323.197 1323.349 1323.501 1323.654 1323.806 1320.71 1316.925 1313.14 1309.354 1306.122 1304.501 1302.88 1301.259 1299.638 1301.373 1304.644 1307.914 1311.185 1314.63 1319.392 1324.154 1328.916 1333.678 1335.436 1334.709 1333.983 1333.256 1332.53 1328.13 1323.647 1319.164 1314.682 1310.867 1308.02 1305.173 1302.325 1299.478 1298.922
