data/zism_data/00174_02_D.txt
ncols         224
nrows         224
[rows 29 to 57 of 224, columns 0 to 65 of 224]
114.4413 115.4859 116.5305 117.378 117.9976 118.6173 119.2369 119.8565 120.5296 121.2068 121.884 122.5612 123.2376 123.9128 124.5881 125.2633 125.9386 126.0993 126.1728 126.2463 126.3198 126.2441 125.8499 125.4556 125.0613 124.6671 124.098 123.4804 122.8627 122.2451 121.6314 121.0296 120.4278 119.826 119.2242 118.5702 117.895 117.2197 116.5445 115.8822 115.2814 114.6807 114.0799 113.4791 112.8954 112.3214 111.7475 111.1735 110.6207 110.2552 109.8898 109.5243 109.1589 108.8664 108.6301 108.3938 108.1575 107.9183 107.5806 107.243 106.9053 106.5677 106.2447 105.9369 105.6291 105.3212
115.7012 116.7133 117.7255 118.5255 119.0802 119.6349 120.1897 120.7444 121.3827 122.0274 122.6722 123.3169 123.9821 124.6789 125.3758 126.0727 126.7695 126.9334 127.0069 127.0804 127.1539 127.0558 126.5912 126.1267 125.6621 125.1975 124.6217 124.0148 123.408 122.8012 122.1903 121.5669 120.9434 120.32 119.6966 119.021 118.3241 117.6272 116.9304 116.2417 115.5923 114.9428 114.2934 113.6439 113.0564 112.5041 111.9517 111.3994 110.8605 110.441 110.0215 109.6019 109.1824 108.8848 108.6809 108.4771 108.2732 108.0651 107.7167 107.3682 107.0198 106.6713 106.3322 106.0027 105.6733 105.3438
116.9611 117.9407 118.9205 119.673 120.1628 120.6526 121.1425 121.6323 122.2357 122.848 123.4604 124.0726 124.7265 125.445 126.1635 126.882 127.6005 127.7675 127.841 127.9145 127.988 127.8675 127.3326 126.7978 126.2629 125.728 125.1453 124.5493 123.9533 123.3573 122.7492 122.1042 121.4591 120.814 120.169 119.4717 118.7532 118.0347 117.3162 116.6013 115.9031 115.205 114.5069 113.8088 113.2174 112.6867 112.156 111.6253 111.1003 110.6267 110.1531 109.6795 109.2059 108.9031 108.7317 108.5603 108.3889 108.212 107.8528 107.4935 107.1342 106.7749 106.4197 106.0686 105.7175 105.3664
118.2796 119.2108 120.1421 120.846 121.2869 121.7278 122.1687 122.6097 123.1795 123.7593 124.3392 124.919 125.5543 126.2758 126.9973 127.7188 128.4402 128.5894 128.6416 128.6938 128.7459 128.5923 127.9992 127.406 126.8128 126.2196 125.6139 125.0047 124.3956 123.7864 123.1598 122.4798 121.7997 121.1197 120.4397 119.7208 118.986 118.2512 117.5163 116.7811 116.0436 115.3061 114.5687 113.8312 113.2326 112.7128 112.1931 111.6733 111.1554 110.653 110.1506 109.6483 109.1459 108.8452 108.6995 108.5539 108.4083 108.2565 107.8984 107.5403 107.1822 106.8241 106.464 106.102 105.7399 105.3778
119.7777 120.6116 121.4455 122.0972 122.5381 122.979 123.4199 123.8608 124.4005 124.9479 125.4954 126.0428 126.6371 127.3045 127.9719 128.6393 129.3067 129.3741 129.3397 129.3053 129.271 129.0515 128.4368 127.8219 127.2071 126.5923 125.9142 125.2185 124.5228 123.8271 123.1166 122.3609 121.6051 120.8494 120.0937 119.3528 118.618 117.8832 117.1484 116.4112 115.6629 114.9146 114.1663 113.4181 112.8017 112.2603 111.719 111.1776 110.6451 110.1914 109.7377 109.284 108.8304 108.5538 108.4136 108.2734 108.1332 107.9877 107.6675 107.3473 107.027 106.7068 106.3766 106.0361 105.6957 105.3552
121.2757 122.0123 122.7489 123.3483 123.7893 124.2302 124.6711 125.112 125.6216 126.1366 126.6515 127.1665 127.72 128.3333 128.9466 129.5599 130.1732 130.1588 130.0379 129.9169 129.7961 129.5108 128.8743 128.2379 127.6014 126.965 126.2145 125.4322 124.65 123.8678 123.0735 122.242 121.4105 120.5791 119.7476 118.9848 118.25 117.5152 116.7804 116.0413 115.2822 114.5231 113.764 113.0049 112.3709 111.8078 111.2449 110.6818 110.1349 109.7298 109.3248 108.9198 108.5148 108.2625 108.1277 107.9929 107.8581 107.719 107.4366 107.1542 106.8718 106.5894 106.2891 105.9703 105.6515 105.3327
122.7738 123.413 124.0522 124.5995 125.0404 125.4813 125.9222 126.3632 126.8427 127.3252 127.8077 128.2902 128.8027 129.362 129.9212 130.4805 131.0397 130.9434 130.736 130.5285 130.3211 129.97 129.3119 128.6538 127.9958 127.3377 126.5147 125.646 124.7773 123.9085 123.0303 122.1231 121.2159 120.3088 119.4016 118.6168 117.882 117.1472 116.4124 115.6715 114.9015 114.1316 113.3617 112.5918 111.94 111.3554 110.7708 110.1861 109.6246 109.2683 108.9119 108.5556 108.1993 107.9712 107.8418 107.7124 107.5829 107.4502 107.2057 106.9612 106.7166 106.4721 106.2017 105.9045 105.6073 105.3101
124.2719 124.8137 125.3556 125.8506 126.2916 126.7325 127.1734 127.6143 128.0637 128.5138 128.9639 129.4139 129.8856 130.3907 130.8959 131.4011 131.9062 131.7281 131.4341 131.1401 130.8462 130.4292 129.7495 129.0698 128.3901 127.7104 126.815 125.8597 124.9045 123.9492 122.9871 122.0042 121.0213 120.0384 119.0555 118.2488 117.514 116.7792 116.0444 115.3016 114.5208 113.7401 112.9594 112.1786 111.5092 110.9029 110.2966 109.6904 109.1144 108.8067 108.4991 108.1914 107.8837 107.6798 107.5558 107.4318 107.3078 107.1814 106.9748 106.7681 106.5614 106.3548 106.1142 105.8386 105.5631 105.2875
126.003 126.432 126.861 127.2883 127.7137 128.1391 128.5645 128.9899 129.4153 129.8407 130.266 130.6914 131.1132 131.5293 131.9455 132.3617 132.7778 132.5128 132.1323 131.7518 131.3713 130.8736 130.1257 129.3778 128.6299 127.882 126.9193 125.8969 124.8745 123.8521 122.8293 121.8057 120.7819 119.7583 118.7345 117.8857 117.1082 116.3307 115.5532 114.776 113.9999 113.2239 112.4479 111.6718 111.0101 110.4132 109.8164 109.2195 108.6534 108.3594 108.0655 107.7716 107.4777 107.2917 107.1886 107.0855 106.9824 106.8772 106.7007 106.5241 106.3475 106.171 105.9467 105.6734 105.4001 105.1268
127.8259 128.1359 128.446 128.7994 129.2032 129.607 130.0107 130.4145 130.8182 131.222 131.6257 132.0294 132.3978 132.7112 133.0246 133.3381 133.6515 133.2975 132.8305 132.3634 131.8964 131.3122 130.4778 129.6433 128.8089 127.9744 126.9463 125.8644 124.7825 123.7007 122.6264 121.5757 120.5249 119.4742 118.4234 117.5245 116.6875 115.8505 115.0135 114.1891 113.4238 112.6586 111.8934 111.1282 110.4841 109.9089 109.3337 108.7584 108.2117 107.9178 107.6239 107.33 107.0361 106.8653 106.7893 106.7132 106.6372 106.559 106.4095 106.26 106.1105 105.961 105.7478 105.4691 105.1904 104.9116
129.6488 129.8398 130.0309 130.3105 130.6927 131.0748 131.4569 131.839 132.2211 132.6032 132.9853 133.3674 133.6824 133.8931 134.1038 134.3144 134.5251 134.0822 133.5286 132.975 132.4215 131.7507 130.8298 129.9088 128.9878 128.0668 126.9734 125.832 124.6906 123.5492 122.4235 121.3457 120.2679 119.1901 118.1123 117.1633 116.2668 115.3704 114.4739 113.6021 112.8477 112.0933 111.3389 110.5845 109.9582 109.4046 108.851 108.2974 107.7701 107.4762 107.1823 106.8884 106.5945 106.439 106.39 106.341 106.292 106.2409 106.1184 105.9959 105.8735 105.751 105.5488 105.2647 104.9806 104.6965
131.4717 131.5438 131.6158 131.8217 132.1821 132.5426 132.9031 133.2636 133.6241 133.9845 134.345 134.7055 134.9671 135.075 135.1829 135.2908 135.3987 134.867 134.2268 133.5867 132.9466 132.1893 131.1818 130.1743 129.1668 128.1593 127.0004 125.7995 124.5987 123.3978 122.2206 121.1157 120.0109 118.9061 117.8012 116.8021 115.8461 114.8902 113.9342 113.0152 112.2716 111.528 110.7844 110.0408 109.4322 108.9002 108.3683 107.8363 107.3285 107.0346 106.7407 106.4467 106.1528 106.0126 105.9907 105.9687 105.9468 105.9227 105.8273 105.7318 105.6364 105.541 105.3499 105.0604 104.7708 104.4813
133.2787 133.2308 133.1828 133.3152 133.6561 133.997 134.3379 134.6788 135.0197 135.3605 135.7014 136.0423 136.2529 136.2611 136.2693 136.2775 136.2857 135.6708 134.9502 134.2297 133.5091 132.6714 131.5835 130.4955 129.4076 128.3197 127.0984 125.8401 124.5817 123.3234 122.0947 120.9567 119.8187 118.6807 117.5427 116.4903 115.4728 114.4553 113.4378 112.4679 111.7239 110.9799 110.236 109.492 108.8964 108.385 107.8736 107.3623 106.8727 106.5757 106.2787 105.9818 105.6848 105.5609 105.57 105.5792 105.5884 105.5952 105.5248 105.4544 105.3839 105.3135 105.1345 104.8436 104.5527 104.2619
135.0171 134.8448 134.6724 134.7331 135.0632 135.3932 135.7233 136.0534 136.3834 136.7135 137.0435 137.3736 137.5438 137.4655 137.3872 137.3088 137.2305 136.5568 135.7821 135.0075 134.2328 133.341 132.1991 131.0571 129.9151 128.773 127.5019 126.1949 124.8879 123.5809 122.3009 121.1034 119.9059 118.7084 117.5109 116.3913 115.3035 114.2157 113.1279 112.0915 111.2988 110.5062 109.7135 108.9209 108.3179 107.8228 107.3277 106.8325 106.3559 106.0427 105.7295 105.4163 105.1031 104.9996 105.0574 105.1153 105.1731 105.2277 105.1735 105.1193 105.0651 105.0109 104.8481 104.5734 104.2988 104.0242
136.7555 136.4588 136.162 136.151 136.4703 136.7895 137.1088 137.428 137.7473 138.0665 138.3857 138.705 138.8347 138.6699 138.505 138.3401 138.1753 137.4428 136.6141 135.7853 134.9566 134.0107 132.8147 131.6186 130.4225 129.2264 127.9054 126.5497 125.1941 123.8384 122.507 121.25 119.993 118.7361 117.4791 116.2923 115.1342 113.9761 112.818 111.715 110.8737 110.0323 109.191 108.3497 107.7395 107.2606 106.7817 106.3028 105.839 105.5096 105.1802 104.8508 104.5213 104.4383 104.5448 104.6514 104.7579 104.8602 104.8222 104.7842 104.7463 104.7083 104.5617 104.3033 104.0449 103.7865
138.4939 138.0728 137.6517 137.5689 137.8773 138.1858 138.4942 138.8027 139.1111 139.4195 139.7279 140.0363 140.1257 139.8743 139.6229 139.3715 139.1201 138.3288 137.446 136.5632 135.6804 134.6804 133.4303 132.1801 130.9299 129.6798 128.3089 126.9046 125.5002 124.0959 122.7131 121.3967 120.0802 118.7637 117.4472 116.1933 114.9649 113.7365 112.5081 111.3385 110.4485 109.5585 108.6685 107.7785 107.161 106.6983 106.2357 105.773 105.3222 104.9765 104.6309 104.2852 103.9396 103.877 104.0322 104.1874 104.3426 104.4927 104.4709 104.4492 104.4274 104.4057 104.2753 104.0331 103.7909 103.5487
140.2322 139.6867 139.1413 138.9868 139.2844 139.582 139.8796 140.1773 140.4749 140.7724 141.0701 141.3676 141.4165 141.0786 140.7407 140.4028 140.0648 139.2148 138.2779 137.341 136.4041 135.3501 134.0459 132.7416 131.4374 130.1331 128.7124 127.2594 125.8064 124.3534 122.9193 121.5433 120.1674 118.7914 117.4154 116.0943 114.7956 113.4969 112.1982 110.9621 110.0234 109.0847 108.146 107.2074 106.5826 106.1361 105.6897 105.2432 104.8054 104.4435 104.0816 103.7197 103.3579 103.3158 103.5196 103.7235 103.9274 104.1252 104.1197 104.1141 104.1086 104.1031 103.9889 103.7629 103.537 103.311
141.6979 141.11 140.5222 140.3433 140.6372 140.9312 141.2251 141.519 141.8129 142.1069 142.4008 142.6947 142.7172 142.3177 141.9183 141.5188 141.1193 140.2445 139.2892 138.3339 137.3786 136.3061 134.9835 133.6608 132.3382 131.0155 129.5444 128.0319 126.5195 125.0072 123.5154 122.0871 120.6588 119.2305 117.8021 116.3957 114.9981 113.6006 112.203 110.8595 109.7722 108.685 107.5978 106.5106 105.831 105.383 104.9349 104.4868 104.0546 103.7621 103.4696 103.177 102.8845 102.8819 103.1024 103.3228 103.5433 103.7573 103.7573 103.7573 103.7573 103.7573 103.6645 103.4762 103.2878 103.0995
143.0227 142.4348 141.847 141.6681 141.962 142.2559 142.5499 142.8438 143.1377 143.4316 143.7256 144.0195 144.023 143.5748 143.1266 142.6785 142.2303 141.3485 140.3932 139.4379 138.4826 137.4101 136.0875 134.7648 133.4422 132.1195 130.5975 129.0202 127.4429 125.8657 124.313 122.8361 121.359 119.882 118.405 116.9038 115.3926 113.8815 112.3704 110.8982 109.6109 108.3236 107.0363 105.749 104.99 104.5311 104.0723 103.6134 103.1829 103.004 102.825 102.6461 102.4671 102.5139 102.7344 102.9548 103.1753 103.3893 103.3893 103.3893 103.3893 103.3893 103.3205 103.1808 103.0412 102.9015
144.3474 143.7596 143.1717 142.9928 143.2867 143.5807 143.8746 144.1685 144.4625 144.7564 145.0503 145.3442 145.3287 144.8318 144.335 143.8381 143.3413 142.4524 141.4971 140.5418 139.5865 138.5141 137.1914 135.8687 134.5461 133.2234 131.6507 130.0085 128.3663 126.7242 125.1106 123.585 122.0592 120.5336 119.0079 117.4119 115.7872 114.1625 112.5378 110.937 109.4496 107.9622 106.4748 104.9874 104.149 103.6793 103.2096 102.74 102.3113 102.2459 102.1805 102.1152 102.0498 102.146 102.3664 102.5869 102.8073 103.0214 103.0214 103.0214 103.0214 103.0214 102.9765 102.8855 102.7945 102.7035
145.6722 145.0844 144.4965 144.3176 144.6115 144.9055 145.1994 145.4933 145.7873 146.0812 146.3751 146.669 146.6344 146.0889 145.5434 144.9978 144.4523 143.5564 142.6011 141.6458 140.6905 139.618 138.2954 136.9727 135.6501 134.3274 132.7039 130.9968 129.2897 127.5827 125.9082 124.3339 122.7595 121.1851 119.6107 117.92 116.1817 114.4435 112.7052 110.9758 109.2883 107.6008 105.9133 104.2258 103.308 102.8275 102.347 101.8665 101.4396 101.4878 101.536 101.5842 101.6324 101.778 101.9984 102.2189 102.4393 102.6534 102.6534 102.6534 102.6534 102.6534 102.6325 102.5902 102.5479 102.5055
147.0269 146.4349 145.8428 145.6622 145.9576 146.2529 146.5483 146.8436 147.1403 147.437 147.7337 148.0305 147.9777 147.3814 146.7851 146.1888 145.5925 144.688 143.7313 142.7746 141.8179 140.7435 139.4181 138.0926 136.7671 135.4416 133.7811 132.0274 130.2738 128.5202 126.8033 125.1994 123.5953 121.9914 120.3873 118.6184 116.782 114.9457 113.1094 111.2647 109.3799 107.4951 105.6103 103.7256 102.7114 102.1919 101.6723 101.1528 100.6996 100.8338 100.9681 101.1023 101.2366 101.4192 101.6389 101.8587 102.0784 102.292 102.299 102.3061 102.3131 102.3202 102.3206 102.3143 102.3079 102.3016
148.5813 147.9568 147.3322 147.1393 147.4455 147.7517 148.0578 148.364 148.6815 148.9999 149.3182 149.6366 149.5716 148.9104 148.2492 147.588 146.9268 146.0036 145.0361 144.0686 143.101 142.0124 140.6654 139.3182 137.9711 136.624 135.018 133.34 131.6621 129.9842 128.3485 126.8418 125.3352 123.8286 122.3219 120.585 118.7541 116.9232 115.0922 113.221 111.1577 109.0945 107.0312 104.968 103.7443 102.9975 102.2508 101.5041 100.8369 100.8738 100.9107 100.9476 100.9845 101.1217 101.336 101.5504 101.7647 101.9746 102.0357 102.0969 102.158 102.2191 102.223 102.168 102.113 102.058
150.1356 149.4787 148.8217 148.6164 148.9334 149.2504 149.5674 149.8843 150.2227 150.5627 150.9026 151.2426 151.1655 150.4394 149.7133 148.9872 148.261 147.3192 146.3409 145.3625 144.3842 143.2813 141.9126 140.5438 139.1751 137.8063 136.2549 134.6526 133.0504 131.4482 129.8935 128.4843 127.075 125.6657 124.2564 122.5516 120.726 118.9005 117.075 115.1772 112.9354 110.6937 108.452 106.2103 104.777 103.8032 102.8293 101.8554 100.9742 100.9138 100.8533 100.7929 100.7324 100.8242 101.0332 101.2421 101.451 101.6572 101.7724 101.8877 102.0029 102.1181 102.1255 102.0218 101.9181 101.8144
151.69 151.0006 150.3112 150.0935 150.4213 150.7491 151.0769 151.4047 151.7639 152.1255 152.4871 152.8488 152.7593 151.9684 151.1774 150.3864 149.5954 148.6349 147.6457 146.6565 145.6673 144.5502 143.1599 141.7695 140.3791 138.9887 137.4918 135.9653 134.4388 132.9123 131.4386 130.1267 128.8148 127.5029 126.191 124.5182 122.6981 120.878 119.0578 117.1334 114.7132 112.293 109.8728 107.4526 105.8099 104.6088 103.4078 102.2068 101.1116 100.9538 100.796 100.6382 100.4804 100.5268 100.7303 100.9338 101.1373 101.3398 101.5091 101.6784 101.8478 102.0171 102.0279 101.8755 101.7231 101.5707
153.2444 152.5225 151.8007 151.5706 151.9092 152.2478 152.5865 152.9251 153.3051 153.6884 154.0716 154.4549 154.3532 153.4973 152.6414 151.7855 150.9297 149.9505 148.9505 147.9505 146.9505 145.8191 144.4071 142.9951 141.5831 140.1711 138.7287 137.2779 135.8271 134.3764 132.9837 131.7692 130.5546 129.3401 128.1255 126.4848 124.6701 122.8554 121.0407 119.0897 116.491 113.8923 111.2936 108.695 106.8427 105.4145 103.9863 102.5581 101.2489 100.9937 100.7386 100.4834 100.2283 100.2293 100.4274 100.6255 100.8236 101.0225 101.2458 101.4692 101.6926 101.916 101.9303 101.7292 101.5282 101.3271
154.8468 154.1608 153.4747 153.2583 153.585 153.9117 154.2383 154.565 154.9492 155.3378 155.7264 156.115 156.0142 155.1519 154.2897 153.4274 152.5652 151.5453 150.4987 149.4521 148.4055 147.2469 145.849 144.4512 143.0533 141.6554 140.2882 138.9293 137.5705 136.2117 134.9148 133.8074 132.6999 131.5925 130.485 128.8884 127.0921 125.2958 123.4995 121.5536 118.8968 116.24 113.5832 110.9265 108.9436 107.3435 105.7435 104.1434 102.657 102.1777 101.6983 101.219 100.7396 100.5997 100.7208 100.8419 100.9631 101.0885 101.3595 101.6305 101.9014 102.1724 102.1676 101.8788 101.5901 101.3013
156.481 155.8761 155.2712 155.0858 155.3854 155.685 155.9846 156.2843 156.6614 157.0446 157.4279 157.8111 157.7197 156.8899 156.0601 155.2303 154.4005 153.3252 152.2083 151.0913 149.9744 148.78 147.42 146.06 144.7 143.34 142.0614 140.8053 139.5492 138.2932 137.1017 136.1078 135.1139 134.1201 133.1262 131.5817 129.8124 128.0432 126.274 124.3542 121.719 119.0838 116.4486 113.8135 111.7522 110.017 108.2817 106.5464 104.9073 104.1197 103.3321 102.5444 101.7568 101.4126 101.4093 101.406 101.4028 101.4087 101.7229 102.0372 102.3514 102.6656 102.6268 102.2245 101.8221 101.4198
158.1152 157.5914 157.0677 156.9132 157.1858 157.4584 157.7309 158.0035 158.3737 158.7515 159.1294 159.5072 159.4251 158.6278 157.8305 157.0331 156.2357 155.105 153.9178 152.7306 151.5434 150.3131 148.991 147.6688 146.3467 145.0246 143.8346 142.6812 141.5279 140.3746 139.2886 138.4083 137.528 136.6477 135.7673 134.275 132.5328 130.7906 129.0484 127.1547 124.5411 121.9276 119.3141 116.7006 114.5609 112.6904 110.82 108.9495 107.1576 106.0617 104.9659 103.8699 102.7741 102.2254 102.0978 101.9701 101.8425 101.7289 102.0864 102.4439 102.8014 103.1589 103.086 102.5701 102.0542 101.5383
