data/zism_data/00170_03_D.txt
ncols         224
nrows         224
[rows 87 to 115 of 224, columns 65 to 129 of 224]
3700.0 3700.0 3700.0 3700.0 3700.0 3700.0 3700.0 3700.0 3700.0 3700.0 3700.0 3700.0 3700.0 3700.0 3700.0 3700.0 3700.0 3700.0 3700.0 3700.0 3700.0 3700.0 3700.0 3700.0 3700.0 3700.0 3700.0 3700.0 3700.0 3700.0 3700.293 3700.594 3700.895 3701.197 3701.56 3702.008 3702.456 3702.904 3703.351 3703.785 3704.216 3704.647 3705.078 3705.548 3706.102 3706.655 3707.209 3707.762 3708.316 3708.869 3709.423 3709.977 3710.51 3710.972 3711.433 3711.895 3712.356 3712.656 3712.876 3713.096 3713.316 3713.49 3713.323 3713.156 3712.989
3700.0 3700.0 3700.0 3700.0 3700.0 3700.0 3700.0 3700.0 3700.0 3700.0 3700.0 3700.0 3700.0 3700.0 3700.0 3700.0 3700.0 3700.0 3700.0 3700.0 3700.0 3700.0 3700.0 3700.0 3700.0 3700.0 3700.0 3700.0 3700.0 3700.0 3700.324 3700.657 3700.991 3701.324 3701.72 3702.2 3702.68 3703.16 3703.64 3704.05 3704.448 3704.847 3705.246 3705.7 3706.269 3706.839 3707.409 3707.978 3708.548 3709.118 3709.687 3710.257 3710.811 3711.31 3711.809 3712.308 3712.808 3713.12 3713.34 3713.56 3713.78 3713.967 3713.907 3713.847 3713.787
3700.0 3700.0 3700.0 3700.0 3700.0 3700.0 3700.0 3700.0 3700.0 3700.0 3700.0 3700.0 3700.0 3700.0 3700.0 3700.0 3700.0 3700.0 3700.0 3700.0 3700.0 3700.0 3700.0 3700.0 3700.0 3700.0 3700.0 3700.0 3700.0 3700.0 3700.355 3700.721 3701.087 3701.452 3701.88 3702.392 3702.904 3703.417 3703.929 3704.315 3704.681 3705.048 3705.415 3705.851 3706.437 3707.023 3707.609 3708.194 3708.78 3709.366 3709.952 3710.537 3711.112 3711.649 3712.186 3712.722 3713.259 3713.584 3713.804 3714.024 3714.243 3714.443 3714.49 3714.538 3714.585
3699.783 3699.783 3699.788 3699.804 3699.82 3699.835 3699.851 3699.879 3699.91 3699.942 3699.974 3700.0 3700.0 3700.0 3700.0 3700.0 3700.0 3700.0 3700.0 3700.0 3700.0 3700.0 3700.0 3700.0 3700.0 3700.0 3700.0 3700.0 3700.0 3700.0 3700.355 3700.722 3701.088 3701.454 3701.882 3702.395 3702.907 3703.42 3703.933 3704.277 3704.596 3704.915 3705.233 3705.627 3706.181 3706.735 3707.29 3707.844 3708.447 3709.064 3709.682 3710.3 3710.909 3711.489 3712.068 3712.648 3713.227 3713.641 3713.972 3714.302 3714.633 3714.943 3715.092 3715.241 3715.391
3699.564 3699.564 3699.573 3699.604 3699.636 3699.668 3699.7 3699.755 3699.819 3699.883 3699.947 3700.0 3700.0 3700.0 3700.0 3700.0 3700.0 3700.0 3700.0 3700.0 3700.0 3700.0 3700.0 3700.0 3700.0 3700.0 3700.0 3700.0 3700.0 3700.0 3700.355 3700.722 3701.088 3701.454 3701.882 3702.395 3702.907 3703.42 3703.933 3704.235 3704.506 3704.776 3705.046 3705.397 3705.919 3706.441 3706.963 3707.485 3708.105 3708.755 3709.405 3710.055 3710.699 3711.322 3711.944 3712.566 3713.189 3713.692 3714.135 3714.579 3715.022 3715.443 3715.694 3715.946 3716.197
3699.344 3699.344 3699.357 3699.405 3699.453 3699.501 3699.549 3699.632 3699.728 3699.824 3699.921 3700.0 3700.0 3700.0 3700.0 3700.0 3700.0 3700.0 3700.0 3700.0 3700.0 3700.0 3700.0 3700.0 3700.0 3700.0 3700.0 3700.0 3700.0 3700.0 3700.355 3700.722 3701.088 3701.454 3701.882 3702.395 3702.907 3703.42 3703.933 3704.193 3704.415 3704.637 3704.859 3705.167 3705.657 3706.146 3706.636 3707.126 3707.764 3708.446 3709.128 3709.81 3710.489 3711.154 3711.819 3712.485 3713.15 3713.742 3714.299 3714.854 3715.411 3715.943 3716.296 3716.65 3717.003
3699.124 3699.124 3699.142 3699.206 3699.27 3699.334 3699.398 3699.509 3699.637 3699.766 3699.894 3700.0 3700.0 3700.0 3700.0 3700.0 3700.0 3700.0 3700.0 3700.0 3700.0 3700.0 3700.0 3700.0 3700.0 3700.0 3700.0 3700.0 3700.0 3700.0 3700.355 3700.722 3701.088 3701.454 3701.882 3702.395 3702.907 3703.42 3703.933 3704.151 3704.325 3704.499 3704.673 3704.937 3705.395 3705.852 3706.31 3706.767 3707.422 3708.136 3708.851 3709.565 3710.278 3710.986 3711.695 3712.403 3713.111 3713.793 3714.462 3715.131 3715.799 3716.443 3716.898 3717.354 3717.809
3699.0 3699.0 3699.018 3699.084 3699.151 3699.217 3699.283 3699.413 3699.566 3699.72 3699.873 3700.0 3700.0 3700.0 3700.0 3700.0 3700.0 3700.0 3700.0 3700.0 3700.0 3700.0 3700.0 3700.0 3700.0 3700.0 3700.0 3700.0 3700.0 3700.0 3700.344 3700.699 3701.053 3701.408 3701.819 3702.309 3702.798 3703.287 3703.777 3703.96 3704.097 3704.234 3704.372 3704.604 3705.038 3705.473 3705.908 3706.343 3707.033 3707.801 3708.568 3709.336 3710.107 3710.893 3711.679 3712.466 3713.252 3714.026 3714.793 3715.56 3716.328 3717.069 3717.612 3718.155 3718.698
3699.0 3699.0 3699.014 3699.064 3699.114 3699.164 3699.214 3699.351 3699.521 3699.69 3699.86 3700.0 3700.0 3700.0 3700.0 3700.0 3700.0 3700.0 3700.0 3700.0 3700.0 3700.0 3700.0 3700.0 3700.0 3700.0 3700.0 3700.0 3700.0 3700.0 3700.318 3700.646 3700.974 3701.302 3701.675 3702.11 3702.546 3702.982 3703.418 3703.575 3703.691 3703.807 3703.922 3704.136 3704.56 3704.984 3705.408 3705.833 3706.582 3707.43 3708.278 3709.126 3709.988 3710.897 3711.807 3712.716 3713.626 3714.494 3715.342 3716.19 3717.038 3717.859 3718.471 3719.084 3719.697
3699.0 3699.0 3699.009 3699.043 3699.077 3699.112 3699.146 3699.29 3699.475 3699.661 3699.847 3700.0 3700.0 3700.0 3700.0 3700.0 3700.0 3700.0 3700.0 3700.0 3700.0 3700.0 3700.0 3700.0 3700.0 3700.0 3700.0 3700.0 3700.0 3700.0 3700.292 3700.593 3700.894 3701.195 3701.53 3701.912 3702.294 3702.676 3703.058 3703.19 3703.284 3703.379 3703.473 3703.669 3704.082 3704.496 3704.909 3705.322 3706.131 3707.06 3707.988 3708.917 3709.868 3710.901 3711.934 3712.967 3714.0 3714.963 3715.891 3716.82 3717.748 3718.648 3719.331 3720.013 3720.696
3699.0 3699.0 3699.005 3699.023 3699.041 3699.059 3699.077 3699.228 3699.43 3699.632 3699.833 3700.0 3700.0 3700.0 3700.0 3700.0 3700.0 3700.0 3700.0 3700.0 3700.0 3700.0 3700.0 3700.0 3700.0 3700.0 3700.0 3700.0 3700.0 3700.0 3700.266 3700.54 3700.814 3701.088 3701.385 3701.714 3702.042 3702.371 3702.699 3702.805 3702.878 3702.951 3703.024 3703.202 3703.604 3704.007 3704.409 3704.812 3705.68 3706.689 3707.698 3708.707 3709.748 3710.905 3712.061 3713.217 3714.374 3715.432 3716.44 3717.449 3718.458 3719.438 3720.19 3720.942 3721.694
3699.0 3699.0 3699.0 3699.002 3699.004 3699.006 3699.008 3699.166 3699.384 3699.602 3699.82 3700.0 3700.0 3700.0 3700.0 3700.0 3700.0 3700.0 3700.0 3700.0 3700.0 3700.0 3700.0 3700.0 3700.0 3700.0 3700.0 3700.0 3700.0 3700.0 3700.24 3700.487 3700.735 3700.982 3701.241 3701.516 3701.79 3702.065 3702.34 3702.42 3702.472 3702.523 3702.574 3702.734 3703.126 3703.518 3703.91 3704.302 3705.229 3706.319 3707.408 3708.498 3709.628 3710.908 3712.188 3713.468 3714.748 3715.9 3716.99 3718.079 3719.168 3720.227 3721.049 3721.871 3722.693
3699.0 3699.0 3699.0 3699.0 3699.0 3699.0 3699.0 3699.159 3699.379 3699.599 3699.818 3700.0 3700.0 3700.0 3700.0 3700.0 3700.0 3700.0 3700.0 3700.0 3700.0 3700.0 3700.0 3700.0 3700.0 3700.0 3700.0 3700.0 3700.0 3700.0 3700.2 3700.406 3700.613 3700.819 3701.037 3701.273 3701.508 3701.743 3701.979 3702.044 3702.083 3702.123 3702.162 3702.294 3702.623 3702.951 3703.281 3703.609 3704.541 3705.654 3706.767 3707.879 3709.054 3710.453 3711.851 3713.25 3714.648 3715.926 3717.143 3718.36 3719.578 3720.759 3721.665 3722.571 3723.477
3699.0 3699.0 3699.0 3699.0 3699.0 3699.0 3699.0 3699.159 3699.379 3699.599 3699.818 3700.0 3700.0 3700.0 3700.0 3700.0 3700.0 3700.0 3700.0 3700.0 3700.0 3700.0 3700.0 3700.0 3700.0 3700.0 3700.0 3700.0 3700.0 3700.0 3700.158 3700.322 3700.485 3700.648 3700.826 3701.024 3701.222 3701.42 3701.617 3701.668 3701.697 3701.726 3701.754 3701.856 3702.115 3702.375 3702.634 3702.893 3703.821 3704.949 3706.079 3707.208 3708.421 3709.937 3711.454 3712.97 3714.487 3715.893 3717.245 3718.596 3719.948 3721.257 3722.249 3723.241 3724.233
3699.0 3699.0 3699.0 3699.0 3699.0 3699.0 3699.0 3699.159 3699.379 3699.599 3699.818 3700.0 3700.0 3700.0 3700.0 3700.0 3700.0 3700.0 3700.0 3700.0 3700.0 3700.0 3700.0 3700.0 3700.0 3700.0 3700.0 3700.0 3700.0 3700.0 3700.117 3700.237 3700.358 3700.478 3700.615 3700.775 3700.936 3701.096 3701.256 3701.293 3701.311 3701.328 3701.346 3701.419 3701.608 3701.798 3701.987 3702.177 3703.1 3704.246 3705.391 3706.536 3707.787 3709.422 3711.056 3712.691 3714.325 3715.861 3717.346 3718.832 3720.317 3721.755 3722.833 3723.911 3724.989
3699.0 3699.0 3699.0 3699.0 3699.0 3699.0 3699.0 3699.159 3699.379 3699.599 3699.818 3700.0 3700.0 3700.0 3700.0 3700.0 3700.0 3700.0 3700.0 3700.0 3700.0 3700.0 3700.0 3700.0 3700.0 3700.0 3700.0 3700.0 3700.0 3700.0 3700.075 3700.153 3700.23 3700.308 3700.404 3700.527 3700.649 3700.772 3700.895 3700.917 3700.924 3700.931 3700.938 3700.982 3701.101 3701.221 3701.341 3701.46 3702.38 3703.542 3704.703 3705.864 3707.154 3708.906 3710.659 3712.411 3714.164 3715.828 3717.448 3719.067 3720.687 3722.254 3723.417 3724.581 3725.745
3699.0 3699.0 3699.0 3699.0 3699.0 3699.0 3699.0 3699.159 3699.379 3699.599 3699.818 3700.0 3700.0 3700.0 3700.0 3700.0 3700.0 3700.0 3700.0 3700.0 3700.0 3700.0 3700.0 3700.0 3700.0 3700.0 3700.0 3700.0 3700.0 3700.0 3700.044 3700.089 3700.135 3700.18 3700.244 3700.334 3700.425 3700.516 3700.606 3700.618 3700.618 3700.618 3700.618 3700.64 3700.708 3700.775 3700.843 3700.911 3701.786 3702.904 3704.022 3705.141 3706.416 3708.258 3710.1 3711.942 3713.784 3715.572 3717.333 3719.094 3720.855 3722.562 3723.854 3725.146 3726.439
3699.0 3699.0 3699.0 3699.0 3699.0 3699.0 3699.0 3699.159 3699.379 3699.599 3699.818 3700.0 3700.0 3700.0 3700.0 3700.0 3700.0 3700.0 3700.0 3700.0 3700.0 3700.0 3700.0 3700.0 3700.0 3700.0 3700.0 3700.0 3700.0 3700.0 3700.033 3700.068 3700.103 3700.137 3700.186 3700.255 3700.324 3700.393 3700.462 3700.471 3700.471 3700.471 3700.471 3700.488 3700.54 3700.592 3700.643 3700.695 3701.442 3702.4 3703.357 3704.314 3705.471 3707.345 3709.219 3711.094 3712.968 3714.87 3716.787 3718.703 3720.62 3722.489 3723.996 3725.503 3727.01
3699.0 3699.0 3699.0 3699.0 3699.0 3699.0 3699.0 3699.159 3699.379 3699.599 3699.818 3700.0 3700.0 3700.0 3700.0 3700.0 3700.0 3700.0 3700.0 3700.0 3700.0 3700.0 3700.0 3700.0 3700.0 3700.0 3700.0 3700.0 3700.0 3700.0 3700.023 3700.047 3700.071 3700.094 3700.128 3700.176 3700.223 3700.271 3700.319 3700.325 3700.325 3700.325 3700.325 3700.336 3700.372 3700.408 3700.443 3700.479 3701.099 3701.895 3702.692 3703.488 3704.526 3706.432 3708.339 3710.245 3712.151 3714.168 3716.24 3718.313 3720.385 3722.416 3724.138 3725.859 3727.581
3699.0 3699.0 3699.0 3699.0 3699.0 3699.0 3699.0 3699.159 3699.379 3699.599 3699.818 3700.0 3700.0 3700.0 3700.0 3700.0 3700.0 3700.0 3700.0 3700.0 3700.0 3700.0 3700.0 3700.0 3700.0 3700.0 3700.0 3700.0 3700.0 3700.0 3700.013 3700.026 3700.039 3700.052 3700.07 3700.096 3700.123 3700.149 3700.175 3700.178 3700.178 3700.178 3700.178 3700.185 3700.204 3700.224 3700.243 3700.263 3700.756 3701.391 3702.026 3702.662 3703.581 3705.519 3707.458 3709.396 3711.335 3713.466 3715.694 3717.922 3720.149 3722.343 3724.28 3726.216 3728.152
3699.0 3699.0 3699.0 3699.0 3699.0 3699.0 3699.0 3699.159 3699.379 3699.599 3699.818 3700.0 3700.0 3700.0 3700.0 3700.0 3700.0 3700.0 3700.0 3700.0 3700.0 3700.0 3700.0 3700.0 3700.0 3700.0 3700.0 3700.0 3700.0 3700.0 3700.002 3700.005 3700.007 3700.009 3700.013 3700.017 3700.022 3700.027 3700.031 3700.032 3700.032 3700.032 3700.032 3700.033 3700.036 3700.04 3700.043 3700.047 3700.412 3700.887 3701.361 3701.836 3702.635 3704.606 3706.577 3708.548 3710.518 3712.764 3715.147 3717.531 3719.914 3722.271 3724.421 3726.572 3728.723
3699.0 3699.0 3699.0 3699.0 3699.0 3699.0 3699.0 3699.159 3699.379 3699.599 3699.818 3700.0 3700.0 3700.0 3700.0 3700.0 3700.0 3700.0 3700.0 3700.0 3700.0 3700.0 3700.0 3700.0 3700.0 3700.0 3700.0 3700.0 3700.0 3700.0 3700.0 3700.0 3700.0 3700.0 3700.0 3700.0 3700.0 3700.0 3700.0 3700.0 3700.0 3700.0 3700.0 3700.0 3700.0 3700.0 3700.0 3700.0 3700.309 3700.71 3701.112 3701.514 3702.254 3704.215 3706.176 3708.137 3710.098 3712.38 3714.822 3717.265 3719.707 3722.136 3724.464 3726.791 3729.119
3699.0 3699.0 3699.0 3699.0 3699.0 3699.0 3699.0 3699.159 3699.379 3699.599 3699.818 3700.0 3700.0 3700.0 3700.0 3700.0 3700.0 3700.0 3700.0 3700.0 3700.0 3700.0 3700.0 3700.0 3700.0 3700.0 3700.0 3700.0 3700.0 3700.0 3700.0 3700.0 3700.0 3700.0 3700.0 3700.0 3700.0 3700.0 3700.0 3700.0 3700.0 3700.0 3700.0 3700.0 3700.0 3700.0 3700.0 3700.0 3700.271 3700.625 3700.978 3701.332 3702.03 3703.969 3705.909 3707.848 3709.788 3712.084 3714.559 3717.033 3719.508 3721.984 3724.479 3726.972 3729.466
3699.0 3699.0 3699.0 3699.0 3699.0 3699.0 3699.0 3699.159 3699.379 3699.599 3699.818 3700.0 3700.0 3700.0 3700.0 3700.0 3700.0 3700.0 3700.0 3700.0 3700.0 3700.0 3700.0 3700.0 3700.0 3700.0 3700.0 3700.0 3700.0 3700.0 3700.0 3700.0 3700.0 3700.0 3700.0 3700.0 3700.0 3700.0 3700.0 3700.0 3700.0 3700.0 3700.0 3700.0 3700.0 3700.0 3700.0 3700.0 3700.234 3700.54 3700.845 3701.15 3701.805 3703.723 3705.642 3707.56 3709.478 3711.788 3714.295 3716.802 3719.308 3721.833 3724.493 3727.153 3729.814
3699.0 3699.0 3699.0 3699.0 3699.0 3699.0 3699.0 3699.159 3699.379 3699.599 3699.818 3700.0 3700.0 3700.0 3700.0 3700.0 3700.0 3700.0 3700.0 3700.0 3700.0 3700.0 3700.0 3700.0 3700.0 3700.0 3700.0 3700.0 3700.0 3700.0 3700.0 3700.0 3700.0 3700.0 3700.0 3700.0 3700.0 3700.0 3700.0 3700.0 3700.0 3700.0 3700.0 3700.0 3700.0 3700.0 3700.0 3700.0 3700.197 3700.454 3700.711 3700.968 3701.581 3703.478 3705.374 3707.271 3709.167 3711.492 3714.031 3716.57 3719.109 3721.681 3724.508 3727.334 3730.161
3699.01 3699.014 3699.019 3699.027 3699.034 3699.042 3699.049 3699.202 3699.411 3699.619 3699.828 3700.0 3700.0 3700.0 3700.0 3700.0 3700.0 3700.0 3700.0 3700.0 3700.0 3700.0 3700.0 3700.0 3700.0 3700.0 3700.0 3700.0 3700.0 3700.0 3700.0 3700.0 3700.0 3700.0 3700.0 3700.0 3700.0 3700.0 3700.0 3700.0 3700.0 3700.0 3700.0 3700.0 3700.0 3700.0 3700.0 3700.0 3700.16 3700.369 3700.577 3700.786 3701.345 3703.167 3704.988 3706.81 3708.631 3710.927 3713.459 3715.992 3718.525 3721.109 3724.09 3727.07 3730.051
3699.056 3699.076 3699.101 3699.141 3699.18 3699.22 3699.26 3699.387 3699.547 3699.707 3699.868 3700.0 3700.0 3700.0 3700.0 3700.0 3700.0 3700.0 3700.0 3700.0 3700.0 3700.0 3700.0 3700.0 3700.0 3700.0 3700.0 3700.0 3700.0 3700.0 3700.0 3700.0 3700.0 3700.0 3700.0 3700.0 3700.0 3700.0 3700.0 3700.0 3700.0 3700.0 3700.0 3700.0 3700.0 3700.0 3700.0 3700.0 3700.123 3700.283 3700.444 3700.604 3701.071 3702.64 3704.209 3705.779 3707.348 3709.47 3711.869 3714.267 3716.666 3719.145 3722.238 3725.331 3728.424
3699.102 3699.137 3699.183 3699.255 3699.327 3699.399 3699.471 3699.572 3699.684 3699.795 3699.907 3700.0 3700.0 3700.0 3700.0 3700.0 3700.0 3700.0 3700.0 3700.0 3700.0 3700.0 3700.0 3700.0 3700.0 3700.0 3700.0 3700.0 3700.0 3700.0 3700.0 3700.0 3700.0 3700.0 3700.0 3700.0 3700.0 3700.0 3700.0 3700.0 3700.0 3700.0 3700.0 3700.0 3700.0 3700.0 3700.0 3700.0 3700.086 3700.198 3700.31 3700.422 3700.796 3702.113 3703.43 3704.748 3706.065 3708.013 3710.278 3712.542 3714.806 3717.18 3720.386 3723.592 3726.797
3699.147 3699.199 3699.265 3699.369 3699.473 3699.577 3699.682 3699.756 3699.82 3699.884 3699.948 3700.0 3700.0 3700.0 3700.0 3700.0 3700.0 3700.0 3700.0 3700.0 3700.0 3700.0 3700.0 3700.0 3700.0 3700.0 3700.0 3700.0 3700.0 3700.0 3700.0 3700.0 3700.0 3700.0 3700.0 3700.0 3700.0 3700.0 3700.0 3700.0 3700.0 3700.0 3700.0 3700.0 3700.0 3700.0 3700.0 3700.0 3700.049 3700.113 3700.176 3700.24 3700.521 3701.586 3702.651 3703.717 3704.781 3706.557 3708.687 3710.817 3712.947 3715.215 3718.534 3721.852 3725.171
