data/zism_data/00171_03_D.txt
ncols         224
nrows         224
[rows 196 to 223 of 224, columns 0 to 62 of 224]
4890.344 4887.677 4885.009 4882.342 4879.681 4877.019 4874.357 4871.695 4869.022 4866.334 4863.646 4860.958 4858.27 4856.002 4853.79 4851.577 4849.364 4847.577 4846.64 4845.702 4844.765 4843.828 4842.502 4841.069 4839.636 4838.203 4836.632 4834.607 4832.583 4830.558 4828.533 4826.659 4824.855 4823.052 4821.248 4819.417 4817.398 4815.38 4813.363 4811.345 4809.684 4808.281 4806.878 4805.475 4804.088 4803.222 4802.355 4801.489 4800.622 4799.843 4799.161 4798.478 4797.795 4797.112 4796.987 4796.906 4796.824 4796.743 4796.802 4797.094 4797.385 4797.677 4797.968
4892.2 4889.961 4887.724 4885.486 4883.1 4880.712 4878.324 4875.936 4873.394 4870.652 4867.911 4865.169 4862.427 4860.091 4857.809 4855.526 4853.244 4851.338 4850.187 4849.035 4847.883 4846.731 4845.271 4843.725 4842.179 4840.633 4838.92 4836.654 4834.388 4832.122 4829.855 4827.762 4825.749 4823.736 4821.723 4819.699 4817.601 4815.502 4813.404 4811.306 4809.626 4808.25 4806.874 4805.498 4804.137 4803.276 4802.415 4801.554 4800.692 4799.927 4799.266 4798.604 4797.943 4797.282 4797.243 4797.252 4797.262 4797.272 4797.376 4797.635 4797.895 4798.154 4798.414
4894.055 4892.247 4890.438 4888.629 4886.52 4884.405 4882.291 4880.176 4877.766 4874.97 4872.175 4869.379 4866.584 4864.181 4861.829 4859.476 4857.124 4855.101 4853.734 4852.368 4851.001 4849.635 4848.04 4846.381 4844.723 4843.064 4841.208 4838.701 4836.193 4833.685 4831.177 4828.864 4826.642 4824.42 4822.198 4819.981 4817.803 4815.624 4813.445 4811.266 4809.568 4808.219 4806.87 4805.521 4804.186 4803.33 4802.475 4801.619 4800.763 4800.01 4799.371 4798.731 4798.091 4797.451 4797.499 4797.599 4797.7 4797.801 4797.95 4798.177 4798.404 4798.631 4798.858
4895.353 4893.891 4892.429 4890.967 4889.148 4887.324 4885.5 4883.675 4881.42 4878.604 4875.788 4872.972 4870.156 4867.612 4865.103 4862.595 4860.086 4857.876 4856.262 4854.648 4853.034 4851.42 4849.638 4847.809 4845.98 4844.151 4842.135 4839.501 4836.868 4834.234 4831.6 4829.082 4826.617 4824.153 4821.689 4819.25 4816.987 4814.724 4812.46 4810.197 4808.518 4807.261 4806.005 4804.748 4803.506 4802.742 4801.979 4801.214 4800.451 4799.78 4799.211 4798.642 4798.073 4797.504 4797.584 4797.714 4797.845 4797.975 4798.134 4798.342 4798.549 4798.756 4798.964
4896.482 4895.342 4894.203 4893.063 4891.539 4890.01 4888.48 4886.951 4884.858 4882.031 4879.205 4876.377 4873.551 4870.844 4868.153 4865.462 4862.771 4860.354 4858.482 4856.611 4854.739 4852.868 4850.882 4848.866 4846.849 4844.833 4842.651 4839.926 4837.201 4834.476 4831.751 4829.032 4826.315 4823.599 4820.882 4818.214 4815.865 4813.516 4811.166 4808.817 4807.167 4806.023 4804.879 4803.735 4802.606 4801.96 4801.314 4800.668 4800.023 4799.455 4798.972 4798.489 4798.006 4797.522 4797.619 4797.759 4797.9 4798.042 4798.202 4798.393 4798.584 4798.775 4798.967
4897.612 4896.793 4895.976 4895.158 4893.93 4892.695 4891.461 4890.227 4888.296 4885.458 4882.621 4879.783 4876.946 4874.077 4871.203 4868.33 4865.457 4862.832 4860.702 4858.573 4856.444 4854.315 4852.127 4849.923 4847.718 4845.514 4843.167 4840.351 4837.535 4834.719 4831.902 4828.982 4826.014 4823.045 4820.076 4817.177 4814.742 4812.307 4809.872 4807.437 4805.816 4804.785 4803.754 4802.723 4801.707 4801.179 4800.65 4800.123 4799.595 4799.129 4798.732 4798.335 4797.938 4797.541 4797.653 4797.805 4797.957 4798.108 4798.269 4798.444 4798.619 4798.794 4798.97
4898.741 4898.245 4897.749 4897.252 4896.32 4895.381 4894.442 4893.503 4891.734 4888.886 4886.037 4883.189 4880.341 4877.309 4874.253 4871.198 4868.142 4865.309 4862.922 4860.536 4858.149 4855.763 4853.372 4850.979 4848.587 4846.195 4843.683 4840.776 4837.869 4834.961 4832.054 4828.933 4825.712 4822.491 4819.27 4816.141 4813.62 4811.099 4808.578 4806.057 4804.465 4803.547 4802.628 4801.71 4800.807 4800.396 4799.987 4799.577 4799.167 4798.804 4798.493 4798.182 4797.871 4797.559 4797.688 4797.85 4798.012 4798.175 4798.336 4798.495 4798.654 4798.813 4798.972
4899.637 4899.401 4899.166 4898.929 4898.244 4897.552 4896.861 4896.169 4894.546 4891.714 4888.882 4886.05 4883.218 4880.033 4876.802 4873.57 4870.339 4867.305 4864.666 4862.027 4859.387 4856.748 4854.159 4851.583 4849.008 4846.432 4843.761 4840.77 4837.78 4834.789 4831.799 4828.526 4825.121 4821.715 4818.31 4815.015 4812.456 4809.897 4807.338 4804.779 4803.239 4802.438 4801.637 4800.836 4800.049 4799.736 4799.423 4799.111 4798.798 4798.523 4798.291 4798.059 4797.826 4797.594 4797.728 4797.891 4798.053 4798.216 4798.374 4798.524 4798.674 4798.824 4798.974
4899.695 4899.497 4899.298 4899.1 4898.489 4897.873 4897.256 4896.639 4895.108 4892.389 4889.669 4886.95 4884.23 4880.926 4877.544 4874.163 4870.781 4867.568 4864.693 4861.818 4858.942 4856.067 4853.296 4850.554 4847.813 4845.071 4842.259 4839.215 4836.17 4833.126 4830.083 4826.833 4823.486 4820.14 4816.793 4813.567 4811.143 4808.718 4806.292 4803.868 4802.462 4801.795 4801.128 4800.461 4799.806 4799.514 4799.223 4798.932 4798.64 4798.403 4798.224 4798.045 4797.866 4797.688 4797.791 4797.916 4798.041 4798.166 4798.307 4798.473 4798.639 4798.805 4798.971
4899.753 4899.592 4899.431 4899.27 4898.734 4898.192 4897.651 4897.109 4895.67 4893.063 4890.457 4887.85 4885.243 4881.818 4878.287 4874.755 4871.223 4867.832 4864.72 4861.609 4858.497 4855.386 4852.433 4849.525 4846.617 4843.709 4840.757 4837.659 4834.562 4831.464 4828.366 4825.139 4821.852 4818.564 4815.277 4812.12 4809.829 4807.538 4805.248 4802.957 4801.685 4801.152 4800.62 4800.087 4799.562 4799.292 4799.022 4798.752 4798.482 4798.282 4798.157 4798.032 4797.906 4797.781 4797.854 4797.941 4798.029 4798.116 4798.24 4798.422 4798.604 4798.786 4798.968
4899.811 4899.687 4899.564 4899.44 4898.979 4898.513 4898.046 4897.58 4896.232 4893.738 4891.244 4888.75 4886.255 4882.711 4879.029 4875.347 4871.666 4868.095 4864.747 4861.399 4858.052 4854.705 4851.571 4848.496 4845.422 4842.347 4839.255 4836.104 4832.952 4829.801 4826.649 4823.446 4820.217 4816.989 4813.761 4810.672 4808.516 4806.359 4804.203 4802.046 4800.908 4800.51 4800.111 4799.713 4799.318 4799.07 4798.822 4798.573 4798.325 4798.161 4798.089 4798.018 4797.946 4797.875 4797.917 4797.966 4798.017 4798.066 4798.172 4798.371 4798.569 4798.767 4798.965
4899.868 4899.782 4899.697 4899.611 4899.224 4898.833 4898.441 4898.05 4896.793 4894.412 4892.031 4889.649 4887.268 4883.604 4879.771 4875.939 4872.107 4868.358 4864.774 4861.19 4857.607 4854.023 4850.708 4847.467 4844.227 4840.986 4837.753 4834.548 4831.343 4828.138 4824.933 4821.752 4818.583 4815.414 4812.244 4809.225 4807.202 4805.18 4803.157 4801.135 4800.131 4799.867 4799.603 4799.338 4799.075 4798.848 4798.621 4798.394 4798.167 4798.04 4798.022 4798.004 4797.987 4797.969 4797.979 4797.992 4798.004 4798.017 4798.105 4798.32 4798.534 4798.749 4798.963
4899.48 4899.396 4899.312 4899.228 4898.633 4898.031 4897.429 4896.827 4895.393 4892.877 4890.361 4887.846 4885.33 4881.72 4877.967 4874.213 4870.459 4866.726 4863.031 4859.336 4855.642 4851.947 4848.525 4845.179 4841.833 4838.487 4835.179 4831.999 4828.819 4825.639 4822.459 4819.415 4816.433 4813.451 4810.47 4807.647 4805.888 4804.128 4802.369 4800.609 4799.753 4799.551 4799.349 4799.147 4798.945 4798.736 4798.527 4798.318 4798.109 4798.0 4798.0 4798.0 4798.0 4798.0 4798.0 4798.0 4798.0 4798.0 4798.075 4798.273 4798.471 4798.669 4798.868
4898.87 4898.77 4898.669 4898.569 4897.625 4896.669 4895.712 4894.756 4893.01 4890.237 4887.463 4884.69 4881.917 4878.448 4874.888 4871.328 4867.767 4864.146 4860.403 4856.66 4852.917 4849.174 4845.683 4842.262 4838.84 4835.419 4832.069 4828.953 4825.837 4822.722 4819.606 4816.754 4814.024 4811.295 4808.565 4806.005 4804.573 4803.141 4801.708 4800.276 4799.573 4799.398 4799.223 4799.048 4798.872 4798.679 4798.486 4798.293 4798.101 4798.0 4798.0 4798.0 4798.0 4798.0 4798.0 4798.0 4798.0 4798.0 4798.063 4798.229 4798.395 4798.561 4798.727
4898.259 4898.143 4898.026 4897.91 4896.617 4895.307 4893.996 4892.686 4890.627 4887.596 4884.565 4881.535 4878.504 4875.176 4871.809 4868.442 4865.075 4861.566 4857.775 4853.984 4850.193 4846.401 4842.841 4839.345 4835.848 4832.352 4828.958 4825.907 4822.856 4819.805 4816.753 4814.093 4811.616 4809.139 4806.662 4804.363 4803.258 4802.153 4801.048 4799.944 4799.393 4799.245 4799.097 4798.949 4798.799 4798.623 4798.446 4798.269 4798.092 4798.0 4798.0 4798.0 4798.0 4798.0 4798.0 4798.0 4798.0 4798.0 4798.05 4798.185 4798.318 4798.452 4798.586
4897.648 4897.516 4897.383 4897.251 4895.609 4893.944 4892.279 4890.615 4888.244 4884.956 4881.668 4878.379 4875.091 4871.904 4868.73 4865.556 4862.382 4858.987 4855.147 4851.308 4847.468 4843.628 4839.999 4836.427 4832.855 4829.284 4825.848 4822.861 4819.875 4816.888 4813.9 4811.433 4809.208 4806.982 4804.757 4802.721 4801.943 4801.166 4800.388 4799.611 4799.213 4799.092 4798.971 4798.849 4798.727 4798.566 4798.405 4798.245 4798.084 4798.0 4798.0 4798.0 4798.0 4798.0 4798.0 4798.0 4798.0 4798.0 4798.039 4798.14 4798.242 4798.344 4798.445
4896.716 4896.565 4896.415 4896.264 4894.305 4892.319 4890.333 4888.347 4885.69 4882.16 4878.629 4875.099 4871.569 4868.509 4865.511 4862.513 4859.515 4856.224 4852.347 4848.47 4844.594 4840.717 4837.047 4833.435 4829.822 4826.21 4822.762 4819.858 4816.954 4814.05 4811.146 4808.881 4806.916 4804.949 4802.983 4801.211 4800.736 4800.26 4799.784 4799.309 4799.052 4798.955 4798.858 4798.761 4798.662 4798.516 4798.369 4798.223 4798.076 4798.0 4798.0 4798.0 4798.0 4798.0 4798.0 4798.0 4798.0 4798.0 4798.028 4798.101 4798.174 4798.248 4798.321
4893.338 4893.15 4892.961 4892.773 4890.745 4888.689 4886.633 4884.578 4881.828 4878.174 4874.52 4870.867 4867.213 4864.177 4861.222 4858.266 4855.311 4852.065 4848.236 4844.408 4840.58 4836.751 4833.264 4829.872 4826.479 4823.087 4819.86 4817.181 4814.503 4811.824 4809.146 4807.165 4805.51 4803.855 4802.2 4800.713 4800.344 4799.976 4799.607 4799.239 4799.031 4798.939 4798.847 4798.755 4798.662 4798.516 4798.369 4798.223 4798.076 4798.0 4798.0 4798.0 4798.0 4798.0 4798.0 4798.0 4798.0 4798.0 4798.028 4798.101 4798.174 4798.248 4798.321
4889.96 4889.734 4889.508 4889.282 4887.185 4885.059 4882.934 4880.809 4877.965 4874.188 4870.411 4866.634 4862.857 4859.844 4856.932 4854.02 4851.107 4847.906 4844.126 4840.346 4836.565 4832.786 4829.481 4826.309 4823.136 4819.963 4816.958 4814.504 4812.051 4809.598 4807.145 4805.448 4804.104 4802.76 4801.417 4800.214 4799.953 4799.692 4799.431 4799.169 4799.009 4798.923 4798.837 4798.75 4798.662 4798.516 4798.369 4798.223 4798.076 4798.0 4798.0 4798.0 4798.0 4798.0 4798.0 4798.0 4798.0 4798.0 4798.028 4798.101 4798.174 4798.248 4798.321
4886.582 4886.318 4886.055 4885.792 4883.625 4881.429 4879.234 4877.039 4874.103 4870.202 4866.302 4862.401 4858.5 4855.512 4852.643 4849.773 4846.904 4843.747 4840.015 4836.283 4832.552 4828.82 4825.698 4822.745 4819.793 4816.84 4814.056 4811.828 4809.6 4807.372 4805.145 4803.731 4802.698 4801.666 4800.633 4799.715 4799.562 4799.408 4799.254 4799.1 4798.988 4798.907 4798.826 4798.745 4798.662 4798.516 4798.369 4798.223 4798.076 4798.0 4798.0 4798.0 4798.0 4798.0 4798.0 4798.0 4798.0 4798.0 4798.028 4798.101 4798.174 4798.248 4798.321
4883.204 4882.903 4882.602 4882.301 4880.064 4877.799 4875.535 4873.27 4870.24 4866.216 4862.192 4858.168 4854.145 4851.179 4848.353 4845.526 4842.7 4839.588 4835.904 4832.221 4828.538 4824.854 4821.915 4819.182 4816.45 4813.717 4811.154 4809.151 4807.148 4805.146 4803.144 4802.014 4801.292 4800.571 4799.85 4799.217 4799.17 4799.124 4799.077 4799.03 4798.967 4798.891 4798.815 4798.74 4798.662 4798.516 4798.369 4798.223 4798.076 4798.0 4798.0 4798.0 4798.0 4798.0 4798.0 4798.0 4798.0 4798.0 4798.028 4798.101 4798.174 4798.248 4798.321
4878.425 4877.993 4877.56 4877.127 4874.97 4872.787 4870.604 4868.421 4865.457 4861.476 4857.496 4853.515 4849.535 4846.593 4843.789 4840.984 4838.179 4835.128 4831.583 4828.04 4824.495 4820.951 4818.281 4815.853 4813.425 4810.998 4808.735 4807.022 4805.309 4803.595 4801.882 4800.986 4800.473 4799.959 4799.446 4799.0 4799.0 4799.0 4799.0 4799.0 4798.963 4798.898 4798.834 4798.77 4798.704 4798.548 4798.392 4798.237 4798.081 4798.0 4798.0 4798.0 4798.0 4798.0 4798.008 4798.018 4798.027 4798.036 4798.072 4798.155 4798.237 4798.32 4798.402
4872.569 4871.933 4871.296 4870.66 4868.695 4866.71 4864.726 4862.742 4859.964 4856.155 4852.347 4848.538 4844.729 4841.813 4839.013 4836.214 4833.415 4830.437 4827.102 4823.767 4820.432 4817.097 4814.761 4812.704 4810.646 4808.589 4806.689 4805.314 4803.939 4802.563 4801.188 4800.487 4800.103 4799.719 4799.334 4799.0 4799.0 4799.0 4799.0 4799.0 4798.972 4798.924 4798.876 4798.828 4798.776 4798.604 4798.433 4798.261 4798.089 4798.0 4798.0 4798.0 4798.0 4798.0 4798.023 4798.049 4798.074 4798.099 4798.152 4798.25 4798.349 4798.447 4798.545
4866.714 4865.874 4865.033 4864.193 4862.42 4860.634 4858.849 4857.063 4854.472 4850.835 4847.198 4843.561 4839.923 4837.032 4834.238 4831.444 4828.649 4825.745 4822.619 4819.494 4816.368 4813.242 4811.242 4809.555 4807.868 4806.18 4804.644 4803.606 4802.569 4801.532 4800.494 4799.989 4799.733 4799.478 4799.222 4799.0 4799.0 4799.0 4799.0 4799.0 4798.981 4798.95 4798.917 4798.886 4798.849 4798.661 4798.474 4798.286 4798.098 4798.0 4798.0 4798.0 4798.0 4798.0 4798.038 4798.08 4798.121 4798.162 4798.231 4798.346 4798.46 4798.575 4798.689
4860.858 4859.814 4858.77 4857.725 4856.146 4854.558 4852.971 4851.383 4848.979 4845.514 4842.049 4838.583 4835.118 4832.251 4829.462 4826.673 4823.885 4821.054 4818.137 4815.221 4812.304 4809.388 4807.723 4806.406 4805.089 4803.771 4802.598 4801.898 4801.199 4800.5 4799.8 4799.491 4799.364 4799.237 4799.11 4799.0 4799.0 4799.0 4799.0 4799.0 4798.991 4798.975 4798.959 4798.943 4798.922 4798.718 4798.514 4798.31 4798.106 4798.0 4798.0 4798.0 4798.0 4798.0 4798.053 4798.111 4798.168 4798.226 4798.311 4798.441 4798.572 4798.702 4798.833
4855.021 4853.771 4852.52 4851.27 4849.875 4848.479 4847.083 4845.686 4843.467 4840.178 4836.888 4833.599 4830.31 4827.472 4824.694 4821.915 4819.137 4816.383 4813.68 4810.977 4808.273 4805.57 4804.239 4803.29 4802.34 4801.391 4800.577 4800.211 4799.847 4799.481 4799.116 4799.0 4799.0 4799.0 4799.0 4799.0 4799.0 4799.0 4799.0 4799.0 4799.0 4799.0 4799.0 4799.0 4798.994 4798.774 4798.556 4798.336 4798.118 4798.003 4798.003 4798.003 4798.003 4798.003 4798.071 4798.144 4798.217 4798.29 4798.391 4798.537 4798.683 4798.829 4798.975
4850.489 4848.863 4847.236 4845.61 4843.899 4842.186 4840.473 4838.76 4836.569 4833.758 4830.946 4828.134 4825.322 4822.839 4820.398 4817.958 4815.518 4813.146 4810.916 4808.684 4806.453 4804.222 4803.145 4802.389 4801.632 4800.876 4800.229 4799.944 4799.66 4799.375 4799.091 4799.0 4799.0 4799.0 4799.0 4799.0 4799.0 4799.0 4799.0 4799.0 4799.0 4799.0 4799.0 4799.0 4798.995 4798.824 4798.653 4798.483 4798.312 4798.223 4798.223 4798.223 4798.223 4798.223 4798.276 4798.333 4798.39 4798.447 4798.525 4798.639 4798.752 4798.866 4798.98
4845.957 4843.955 4841.953 4839.951 4837.922 4835.893 4833.863 4831.834 4829.672 4827.337 4825.003 4822.669 4820.335 4818.206 4816.103 4814.0 4811.898 4809.91 4808.151 4806.392 4804.633 4802.874 4802.051 4801.488 4800.924 4800.361 4799.881 4799.677 4799.473 4799.269 4799.065 4799.0 4799.0 4799.0 4799.0 4799.0 4799.0 4799.0 4799.0 4799.0 4799.0 4799.0 4799.0 4799.0 4798.997 4798.874 4798.751 4798.629 4798.506 4798.443 4798.443 4798.443 4798.443 4798.443 4798.48 4798.521 4798.562 4798.603 4798.659 4798.741 4798.823 4798.904 4798.986
