data/zism_data/00185_03_D.txt
ncols         224
nrows         224
[rows 140 to 167 of 224, columns 126 to 188 of 224]
1719.552 1720.26 1720.815 1720.89 1720.964 1721.037 1721.111 1721.415 1721.832 1722.248 1722.664 1723.145 1724.192 1725.24 1726.287 1727.335 1727.354 1726.471 1725.588 1724.705 1723.822 1721.501 1719.125 1716.749 1714.374 1712.381 1710.976 1709.571 1708.166 1706.762 1706.866 1707.292 1707.717 1708.142 1708.554 1708.927 1709.3 1709.673 1710.047 1710.213 1710.284 1710.355 1710.426 1710.501 1710.606 1710.711 1710.815 1710.92 1711.322 1711.97 1712.618 1713.266 1713.914 1714.745 1715.58 1716.416 1717.251 1718.085 1718.917 1719.75 1720.582 1721.414 1722.107
1717.362 1717.905 1718.311 1718.284 1718.257 1718.229 1718.202 1718.455 1718.845 1719.234 1719.624 1720.074 1721.058 1722.042 1723.025 1724.009 1724.06 1723.295 1722.529 1721.763 1720.997 1718.7 1716.346 1713.992 1711.637 1709.691 1708.371 1707.052 1705.732 1704.412 1704.703 1705.336 1705.969 1706.602 1707.183 1707.615 1708.046 1708.478 1708.91 1709.043 1709.039 1709.036 1709.033 1709.045 1709.171 1709.297 1709.423 1709.549 1710.004 1710.732 1711.46 1712.188 1712.916 1713.806 1714.699 1715.593 1716.487 1717.333 1718.113 1718.892 1719.671 1720.45 1721.099
1715.178 1715.556 1715.812 1715.685 1715.559 1715.433 1715.307 1715.507 1715.866 1716.226 1716.586 1717.002 1717.919 1718.836 1719.753 1720.67 1720.76 1720.126 1719.491 1718.857 1718.222 1715.966 1713.648 1711.331 1709.013 1707.123 1705.889 1704.655 1703.421 1702.187 1702.645 1703.462 1704.279 1705.096 1705.828 1706.311 1706.795 1707.278 1707.762 1707.862 1707.787 1707.712 1707.637 1707.589 1707.74 1707.891 1708.042 1708.193 1708.703 1709.508 1710.314 1711.119 1711.925 1712.872 1713.823 1714.773 1715.724 1716.584 1717.313 1718.043 1718.772 1719.502 1720.106
1713.089 1713.286 1713.387 1713.192 1712.997 1712.802 1712.606 1712.73 1713.01 1713.289 1713.569 1713.903 1714.714 1715.524 1716.335 1717.145 1717.365 1717.065 1716.766 1716.467 1716.167 1714.17 1712.107 1710.045 1707.983 1706.285 1705.147 1704.009 1702.871 1701.733 1702.084 1702.752 1703.42 1704.088 1704.698 1705.139 1705.58 1706.021 1706.462 1706.527 1706.42 1706.313 1706.206 1706.139 1706.37 1706.601 1706.832 1707.063 1707.634 1708.488 1709.341 1710.195 1711.048 1712.028 1713.01 1713.993 1714.975 1715.854 1716.584 1717.313 1718.043 1718.772 1719.336
1711.0 1711.016 1710.964 1710.699 1710.434 1710.17 1709.906 1709.953 1710.153 1710.353 1710.552 1710.804 1711.508 1712.212 1712.916 1713.62 1713.969 1714.005 1714.041 1714.077 1714.113 1712.373 1710.566 1708.76 1706.953 1705.448 1704.405 1703.363 1702.321 1701.278 1701.524 1702.043 1702.562 1703.081 1703.569 1703.967 1704.366 1704.764 1705.162 1705.192 1705.053 1704.914 1704.776 1704.689 1705.0 1705.311 1705.621 1705.932 1706.566 1707.468 1708.369 1709.271 1710.172 1711.184 1712.198 1713.212 1714.227 1715.125 1715.854 1716.584 1717.313 1718.042 1718.567
1708.911 1708.746 1708.539 1708.206 1707.872 1707.538 1707.205 1707.176 1707.296 1707.416 1707.536 1707.705 1708.302 1708.9 1709.498 1710.096 1710.573 1710.944 1711.315 1711.687 1712.058 1710.577 1709.025 1707.474 1705.923 1704.61 1703.663 1702.717 1701.77 1700.824 1700.963 1701.333 1701.703 1702.073 1702.439 1702.795 1703.151 1703.507 1703.863 1703.857 1703.686 1703.516 1703.345 1703.24 1703.63 1704.021 1704.411 1704.802 1705.498 1706.448 1707.397 1708.346 1709.296 1710.34 1711.386 1712.432 1713.478 1714.395 1715.125 1715.854 1716.583 1717.313 1717.797
1706.822 1706.476 1706.115 1705.713 1705.31 1704.907 1704.504 1704.399 1704.439 1704.479 1704.519 1704.606 1705.097 1705.588 1706.079 1706.571 1707.177 1707.883 1708.59 1709.296 1710.003 1708.78 1707.484 1706.188 1704.893 1703.772 1702.922 1702.071 1701.22 1700.37 1700.403 1700.624 1700.845 1701.065 1701.31 1701.623 1701.937 1702.25 1702.563 1702.522 1702.319 1702.117 1701.914 1701.79 1702.26 1702.731 1703.201 1703.672 1704.43 1705.427 1706.425 1707.422 1708.419 1709.495 1710.574 1711.652 1712.73 1713.666 1714.395 1715.125 1715.854 1716.583 1717.027
1705.158 1704.739 1704.325 1703.927 1703.529 1703.13 1702.732 1702.605 1702.61 1702.616 1702.621 1702.672 1703.12 1703.568 1704.016 1704.465 1705.111 1705.931 1706.751 1707.571 1708.391 1707.36 1706.259 1705.157 1704.056 1703.097 1702.355 1701.613 1700.872 1700.13 1700.092 1700.204 1700.315 1700.427 1700.577 1700.84 1701.102 1701.365 1701.628 1701.587 1701.408 1701.229 1701.05 1700.953 1701.479 1702.006 1702.532 1703.059 1703.845 1704.845 1705.845 1706.845 1707.845 1708.904 1709.964 1711.024 1712.084 1712.998 1713.701 1714.404 1715.107 1715.81 1716.211
1703.925 1703.543 1703.177 1702.859 1702.54 1702.222 1701.904 1701.81 1701.826 1701.842 1701.858 1701.92 1702.39 1702.859 1703.329 1703.798 1704.395 1705.103 1705.811 1706.519 1707.228 1706.321 1705.353 1704.384 1703.416 1702.586 1701.966 1701.347 1700.728 1700.109 1700.035 1700.077 1700.12 1700.162 1700.246 1700.45 1700.654 1700.858 1701.063 1701.059 1700.959 1700.86 1700.76 1700.738 1701.296 1701.855 1702.413 1702.971 1703.748 1704.706 1705.664 1706.621 1707.579 1708.569 1709.56 1710.55 1711.541 1712.392 1713.042 1713.692 1714.342 1714.992 1715.349
1702.693 1702.348 1702.029 1701.79 1701.552 1701.314 1701.075 1701.015 1701.041 1701.068 1701.094 1701.168 1701.659 1702.15 1702.641 1703.132 1703.679 1704.275 1704.872 1705.468 1706.064 1705.282 1704.447 1703.611 1702.776 1702.075 1701.578 1701.081 1700.584 1700.087 1699.978 1699.951 1699.924 1699.897 1699.915 1700.06 1700.206 1700.352 1700.497 1700.53 1700.51 1700.491 1700.471 1700.523 1701.113 1701.703 1702.294 1702.884 1703.652 1704.567 1705.482 1706.397 1707.312 1708.234 1709.155 1710.077 1710.998 1711.787 1712.384 1712.98 1713.577 1714.174 1714.486
1701.46 1701.152 1700.881 1700.722 1700.564 1700.405 1700.246 1700.219 1700.257 1700.294 1700.331 1700.417 1700.929 1701.441 1701.953 1702.465 1702.963 1703.447 1703.932 1704.417 1704.901 1704.243 1703.541 1702.839 1702.136 1701.564 1701.189 1700.815 1700.44 1700.066 1699.921 1699.825 1699.729 1699.633 1699.584 1699.671 1699.758 1699.845 1699.932 1700.001 1700.061 1700.121 1700.182 1700.307 1700.93 1701.552 1702.174 1702.797 1703.556 1704.428 1705.301 1706.173 1707.046 1707.899 1708.751 1709.603 1710.456 1711.182 1711.725 1712.269 1712.812 1713.355 1713.624
1700.227 1699.957 1699.733 1699.654 1699.575 1699.497 1699.418 1699.424 1699.472 1699.52 1699.568 1699.665 1700.198 1700.732 1701.265 1701.799 1702.247 1702.62 1702.992 1703.365 1703.738 1703.204 1702.635 1702.066 1701.497 1701.052 1700.8 1700.548 1700.296 1700.044 1699.864 1699.699 1699.533 1699.368 1699.253 1699.281 1699.31 1699.338 1699.367 1699.472 1699.612 1699.752 1699.892 1700.092 1700.747 1701.401 1702.055 1702.709 1703.46 1704.29 1705.119 1705.949 1706.779 1707.563 1708.347 1709.13 1709.913 1710.576 1711.067 1711.557 1712.047 1712.537 1712.761
1699.906 1699.693 1699.517 1699.459 1699.401 1699.343 1699.285 1699.322 1699.405 1699.488 1699.571 1699.694 1700.165 1700.635 1701.106 1701.577 1701.968 1702.288 1702.609 1702.929 1703.249 1702.789 1702.298 1701.808 1701.318 1700.933 1700.709 1700.486 1700.263 1700.039 1699.855 1699.68 1699.505 1699.33 1699.207 1699.236 1699.266 1699.295 1699.324 1699.444 1699.604 1699.765 1699.926 1700.144 1700.801 1701.457 1702.114 1702.771 1703.493 1704.271 1705.048 1705.826 1706.603 1707.328 1708.052 1708.776 1709.5 1710.08 1710.453 1710.826 1711.199 1711.571 1711.758
1699.658 1699.503 1699.375 1699.333 1699.291 1699.249 1699.207 1699.274 1699.394 1699.514 1699.635 1699.784 1700.186 1700.587 1700.989 1701.391 1701.723 1701.996 1702.268 1702.541 1702.813 1702.423 1702.007 1701.591 1701.176 1700.844 1700.642 1700.44 1700.238 1700.035 1699.851 1699.671 1699.49 1699.31 1699.184 1699.219 1699.253 1699.288 1699.323 1699.455 1699.631 1699.808 1699.985 1700.217 1700.874 1701.53 1702.187 1702.843 1703.537 1704.261 1704.985 1705.71 1706.434 1707.101 1707.766 1708.431 1709.097 1709.592 1709.843 1710.093 1710.344 1710.594 1710.743
1699.409 1699.313 1699.233 1699.207 1699.181 1699.155 1699.128 1699.226 1699.383 1699.541 1699.699 1699.874 1700.207 1700.539 1700.872 1701.204 1701.479 1701.704 1701.928 1702.153 1702.377 1702.057 1701.715 1701.374 1701.033 1700.755 1700.574 1700.393 1700.213 1700.032 1699.847 1699.661 1699.475 1699.289 1699.161 1699.201 1699.241 1699.281 1699.321 1699.466 1699.658 1699.851 1700.043 1700.29 1700.947 1701.603 1702.26 1702.916 1703.581 1704.252 1704.923 1705.594 1706.265 1706.873 1707.48 1708.087 1708.693 1709.105 1709.233 1709.361 1709.489 1709.617 1709.728
1699.16 1699.122 1699.091 1699.081 1699.071 1699.06 1699.05 1699.178 1699.373 1699.568 1699.763 1699.964 1700.228 1700.491 1700.754 1701.018 1701.235 1701.411 1701.588 1701.765 1701.941 1701.691 1701.424 1701.157 1700.891 1700.666 1700.507 1700.347 1700.188 1700.028 1699.842 1699.651 1699.46 1699.269 1699.138 1699.183 1699.229 1699.274 1699.319 1699.476 1699.685 1699.894 1700.102 1700.363 1701.02 1701.676 1702.333 1702.989 1703.625 1704.242 1704.86 1705.478 1706.096 1706.646 1707.194 1707.742 1708.29 1708.617 1708.623 1708.628 1708.634 1708.64 1708.713
1699.0 1699.0 1699.0 1699.0 1699.0 1699.0 1699.0 1699.147 1699.366 1699.585 1699.803 1700.021 1700.222 1700.424 1700.626 1700.828 1700.996 1701.137 1701.277 1701.417 1701.557 1701.362 1701.155 1700.948 1700.74 1700.561 1700.427 1700.292 1700.158 1700.024 1699.843 1699.652 1699.461 1699.271 1699.14 1699.185 1699.23 1699.274 1699.319 1699.491 1699.722 1699.952 1700.182 1700.46 1701.093 1701.727 1702.361 1702.994 1703.591 1704.158 1704.724 1705.291 1705.857 1706.341 1706.823 1707.305 1707.787 1708.033 1707.938 1707.842 1707.746 1707.65 1707.691
1699.0 1699.0 1699.0 1699.0 1699.0 1699.0 1699.0 1699.147 1699.366 1699.585 1699.803 1700.016 1700.17 1700.323 1700.477 1700.631 1700.769 1700.893 1701.017 1701.142 1701.266 1701.101 1700.926 1700.75 1700.575 1700.428 1700.326 1700.223 1700.12 1700.018 1699.851 1699.671 1699.491 1699.311 1699.186 1699.22 1699.254 1699.288 1699.323 1699.513 1699.776 1700.038 1700.3 1700.598 1701.168 1701.738 1702.307 1702.877 1703.419 1703.938 1704.456 1704.975 1705.493 1705.898 1706.301 1706.703 1707.105 1707.278 1707.118 1706.958 1706.799 1706.639 1706.656
1699.0 1699.0 1699.0 1699.0 1699.0 1699.0 1699.0 1699.147 1699.366 1699.585 1699.803 1700.011 1700.117 1700.223 1700.329 1700.435 1700.542 1700.65 1700.758 1700.866 1700.975 1700.84 1700.697 1700.553 1700.41 1700.295 1700.224 1700.154 1700.083 1700.012 1699.86 1699.691 1699.521 1699.352 1699.232 1699.255 1699.279 1699.302 1699.326 1699.535 1699.829 1700.123 1700.418 1700.736 1701.242 1701.748 1702.254 1702.76 1703.247 1703.718 1704.188 1704.659 1705.13 1705.455 1705.778 1706.1 1706.423 1706.522 1706.299 1706.075 1705.852 1705.628 1705.622
1699.0 1699.0 1699.0 1699.0 1699.0 1699.0 1699.0 1699.147 1699.366 1699.585 1699.803 1700.006 1700.064 1700.122 1700.18 1700.238 1700.314 1700.407 1700.499 1700.591 1700.684 1700.579 1700.468 1700.356 1700.244 1700.161 1700.123 1700.084 1700.045 1700.007 1699.869 1699.71 1699.551 1699.393 1699.278 1699.291 1699.303 1699.316 1699.329 1699.557 1699.883 1700.209 1700.535 1700.875 1701.317 1701.759 1702.201 1702.643 1703.075 1703.498 1703.92 1704.343 1704.766 1705.013 1705.255 1705.498 1705.74 1705.766 1705.479 1705.192 1704.904 1704.617 1704.587
1699.0 1699.0 1699.0 1699.0 1699.0 1699.0 1699.0 1699.147 1699.366 1699.585 1699.803 1700.001 1700.011 1700.021 1700.031 1700.042 1700.087 1700.163 1700.24 1700.316 1700.392 1700.318 1700.239 1700.159 1700.079 1700.028 1700.021 1700.015 1700.008 1700.001 1699.878 1699.73 1699.582 1699.433 1699.324 1699.326 1699.328 1699.33 1699.333 1699.579 1699.937 1700.295 1700.653 1701.013 1701.392 1701.77 1702.148 1702.526 1702.903 1703.278 1703.653 1704.027 1704.402 1704.57 1704.733 1704.895 1705.058 1705.011 1704.66 1704.308 1703.957 1703.606 1703.552
1699.044 1699.019 1699.0 1699.0 1699.0 1699.0 1699.0 1699.124 1699.31 1699.495 1699.68 1699.848 1699.856 1699.864 1699.873 1699.881 1699.926 1700.003 1700.08 1700.158 1700.235 1700.187 1700.135 1700.083 1700.031 1700.0 1700.0 1700.0 1700.0 1700.0 1699.88 1699.734 1699.588 1699.442 1699.331 1699.323 1699.314 1699.306 1699.298 1699.525 1699.86 1700.196 1700.531 1700.87 1701.235 1701.6 1701.964 1702.329 1702.694 1703.059 1703.423 1703.788 1704.153 1704.279 1704.4 1704.52 1704.641 1704.548 1704.145 1703.743 1703.34 1702.938 1702.873
1699.1 1699.043 1699.0 1699.0 1699.0 1699.0 1699.0 1699.096 1699.239 1699.381 1699.524 1699.654 1699.673 1699.692 1699.711 1699.73 1699.783 1699.865 1699.948 1700.03 1700.113 1700.091 1700.066 1700.041 1700.015 1700.0 1700.0 1700.0 1700.0 1700.0 1699.88 1699.734 1699.588 1699.442 1699.328 1699.309 1699.29 1699.271 1699.252 1699.451 1699.749 1700.047 1700.345 1700.651 1701.016 1701.381 1701.745 1702.11 1702.475 1702.84 1703.204 1703.569 1703.934 1704.029 1704.118 1704.206 1704.295 1704.164 1703.713 1703.263 1702.812 1702.362 1702.29
1699.157 1699.068 1699.0 1699.0 1699.0 1699.0 1699.0 1699.067 1699.167 1699.268 1699.368 1699.461 1699.49 1699.52 1699.55 1699.579 1699.64 1699.728 1699.816 1699.903 1699.991 1699.995 1699.997 1699.998 1699.999 1700.0 1700.0 1700.0 1700.0 1700.0 1699.88 1699.734 1699.588 1699.442 1699.326 1699.296 1699.266 1699.237 1699.207 1699.377 1699.638 1699.898 1700.159 1700.432 1700.797 1701.162 1701.527 1701.891 1702.256 1702.621 1702.986 1703.35 1703.715 1703.779 1703.836 1703.892 1703.949 1703.779 1703.281 1702.783 1702.284 1701.786 1701.706
1699.213 1699.092 1699.0 1699.0 1699.0 1699.0 1699.0 1699.039 1699.096 1699.154 1699.211 1699.267 1699.307 1699.348 1699.388 1699.428 1699.497 1699.59 1699.683 1699.776 1699.869 1699.9 1699.927 1699.955 1699.983 1700.0 1700.0 1700.0 1700.0 1700.0 1699.88 1699.734 1699.588 1699.442 1699.323 1699.283 1699.242 1699.202 1699.162 1699.302 1699.526 1699.75 1699.973 1700.214 1700.578 1700.943 1701.308 1701.672 1702.037 1702.402 1702.767 1703.132 1703.496 1703.529 1703.554 1703.579 1703.604 1703.395 1702.849 1702.303 1701.756 1701.21 1701.122
1699.232 1699.091 1698.981 1698.968 1698.955 1698.943 1698.93 1698.945 1698.974 1699.003 1699.032 1699.064 1699.12 1699.177 1699.234 1699.291 1699.37 1699.47 1699.57 1699.669 1699.769 1699.82 1699.87 1699.92 1699.97 1700.0 1700.0 1700.0 1700.0 1700.0 1699.88 1699.734 1699.588 1699.442 1699.321 1699.271 1699.221 1699.171 1699.121 1699.233 1699.418 1699.603 1699.788 1699.994 1700.357 1700.719 1701.082 1701.444 1701.806 1702.167 1702.528 1702.89 1703.251 1703.258 1703.256 1703.255 1703.254 1703.02 1702.449 1701.879 1701.308 1700.737 1700.643
1699.122 1699.002 1698.894 1698.823 1698.751 1698.68 1698.609 1698.619 1698.669 1698.719 1698.77 1698.824 1698.918 1699.012 1699.106 1699.201 1699.303 1699.413 1699.524 1699.634 1699.744 1699.801 1699.856 1699.911 1699.967 1700.0 1700.0 1700.0 1700.0 1700.0 1699.88 1699.734 1699.588 1699.442 1699.319 1699.264 1699.209 1699.154 1699.099 1699.179 1699.322 1699.465 1699.607 1699.774 1700.126 1700.478 1700.83 1701.181 1701.53 1701.875 1702.22 1702.566 1702.911 1702.912 1702.906 1702.899 1702.893 1702.679 1702.167 1701.655 1701.143 1700.63 1700.537
1699.012 1698.913 1698.807 1698.677 1698.547 1698.417 1698.287 1698.293 1698.364 1698.436 1698.507 1698.585 1698.716 1698.848 1698.979 1699.11 1699.236 1699.357 1699.478 1699.599 1699.719 1699.782 1699.842 1699.903 1699.963 1700.0 1700.0 1700.0 1700.0 1700.0 1699.88 1699.734 1699.588 1699.442 1699.318 1699.257 1699.197 1699.137 1699.076 1699.126 1699.226 1699.326 1699.426 1699.554 1699.895 1700.236 1700.578 1700.919 1701.253 1701.583 1701.912 1702.241 1702.571 1702.566 1702.555 1702.543 1702.531 1702.339 1701.885 1701.431 1700.977 1700.524 1700.431
