data/zism_data/00181_04_D.txt
ncols         224
nrows         224
[rows 116 to 144 of 224, columns 67 to 133 of 224]
1349.0 1349.0 1349.0 1349.0 1349.0 1349.0 1349.0 1349.0 1349.0 1349.0 1349.0 1348.992 1348.784 1348.575 1348.366 1348.158 1348.042 1348.032 1348.021 1348.011 1348.001 1348.0 1348.0 1348.0 1348.0 1347.991 1347.963 1347.935 1347.908 1347.88 1347.728 1347.537 1347.346 1347.155 1347.0 1347.0 1347.0 1347.0 1347.0 1347.0 1347.0 1347.0 1347.0 1346.999 1346.984 1346.969 1346.953 1346.938 1346.897 1346.829 1346.762 1346.694 1346.626 1346.62 1346.62 1346.62 1346.62 1346.62 1346.62 1346.62 1346.62 1346.62 1346.55 1346.459 1346.369 1346.279 1346.198
1349.0 1349.0 1349.0 1349.0 1349.0 1349.0 1349.0 1349.0 1349.0 1349.0 1349.0 1348.992 1348.773 1348.554 1348.335 1348.117 1348.0 1348.0 1348.0 1348.0 1348.0 1348.0 1348.0 1348.0 1348.0 1347.993 1347.973 1347.952 1347.931 1347.911 1347.755 1347.557 1347.359 1347.161 1347.0 1347.0 1347.0 1347.0 1347.0 1347.0 1347.0 1347.0 1347.0 1347.0 1347.0 1347.0 1347.0 1347.0 1346.97 1346.908 1346.846 1346.784 1346.722 1346.717 1346.717 1346.717 1346.717 1346.717 1346.717 1346.717 1346.717 1346.717 1346.653 1346.57 1346.487 1346.405 1346.33
1349.0 1349.0 1349.0 1349.0 1349.0 1349.0 1349.0 1349.0 1349.0 1349.0 1349.0 1348.992 1348.773 1348.554 1348.335 1348.117 1348.0 1348.0 1348.0 1348.0 1348.0 1348.0 1348.0 1348.0 1348.0 1347.995 1347.98 1347.964 1347.949 1347.934 1347.776 1347.572 1347.368 1347.165 1347.0 1347.0 1347.0 1347.0 1347.0 1347.0 1347.0 1347.0 1347.0 1347.0 1347.0 1347.0 1347.0 1347.0 1346.978 1346.932 1346.886 1346.84 1346.794 1346.79 1346.79 1346.79 1346.79 1346.79 1346.79 1346.79 1346.79 1346.79 1346.742 1346.681 1346.62 1346.558 1346.503
1349.0 1349.0 1349.0 1349.0 1349.0 1349.0 1349.0 1349.0 1349.0 1349.0 1349.0 1348.992 1348.773 1348.554 1348.335 1348.117 1348.0 1348.0 1348.0 1348.0 1348.0 1348.0 1348.0 1348.0 1348.0 1347.997 1347.987 1347.977 1347.967 1347.957 1347.796 1347.587 1347.378 1347.169 1347.0 1347.0 1347.0 1347.0 1347.0 1347.0 1347.0 1347.0 1347.0 1347.0 1347.0 1347.0 1347.0 1347.0 1346.986 1346.956 1346.926 1346.896 1346.866 1346.863 1346.863 1346.863 1346.863 1346.863 1346.863 1346.863 1346.863 1346.863 1346.832 1346.792 1346.752 1346.712 1346.676
1349.0 1349.0 1349.0 1349.0 1349.0 1349.0 1349.0 1349.0 1349.0 1349.0 1349.0 1348.992 1348.773 1348.554 1348.335 1348.117 1348.0 1348.0 1348.0 1348.0 1348.0 1348.0 1348.0 1348.0 1348.0 1347.999 1347.994 1347.989 1347.984 1347.98 1347.816 1347.602 1347.388 1347.174 1347.0 1347.0 1347.0 1347.0 1347.0 1347.0 1347.0 1347.0 1347.0 1347.0 1347.0 1347.0 1347.0 1347.0 1346.993 1346.979 1346.965 1346.951 1346.938 1346.936 1346.936 1346.936 1346.936 1346.936 1346.936 1346.936 1346.936 1346.936 1346.922 1346.903 1346.885 1346.866 1346.849
1349.0 1349.0 1349.0 1349.0 1349.0 1349.0 1349.0 1348.997 1348.993 1348.989 1348.985 1348.973 1348.758 1348.544 1348.329 1348.114 1348.0 1348.0 1348.0 1348.0 1348.0 1348.0 1348.0 1348.0 1348.0 1348.0 1348.0 1348.0 1348.0 1348.0 1347.834 1347.615 1347.396 1347.177 1347.0 1347.0 1347.0 1347.0 1347.0 1347.0 1347.0 1347.0 1347.0 1347.0 1347.0 1347.0 1347.0 1347.0 1347.0 1347.0 1347.0 1347.0 1347.0 1347.0 1347.0 1347.0 1347.0 1347.0 1347.0 1347.0 1347.0 1347.0 1347.0 1347.0 1347.0 1347.0 1347.0
1349.0 1349.0 1349.0 1349.0 1349.0 1349.0 1349.0 1348.978 1348.942 1348.906 1348.869 1348.828 1348.645 1348.463 1348.28 1348.097 1348.0 1348.0 1348.0 1348.0 1348.0 1348.0 1348.0 1348.0 1348.0 1348.0 1348.0 1348.0 1348.0 1348.0 1347.834 1347.615 1347.396 1347.177 1347.0 1347.0 1347.0 1347.0 1347.0 1347.0 1347.0 1347.0 1347.0 1347.0 1347.0 1347.0 1347.0 1347.0 1347.0 1347.0 1347.0 1347.0 1347.0 1347.0 1347.0 1347.0 1347.0 1347.0 1347.0 1347.0 1347.0 1347.0 1347.0 1347.0 1347.0 1347.0 1347.0
1349.0 1349.0 1349.0 1349.0 1349.0 1349.0 1349.0 1348.959 1348.89 1348.822 1348.754 1348.682 1348.532 1348.381 1348.231 1348.08 1348.0 1348.0 1348.0 1348.0 1348.0 1348.0 1348.0 1348.0 1348.0 1348.0 1348.0 1348.0 1348.0 1348.0 1347.834 1347.615 1347.396 1347.177 1347.0 1347.0 1347.0 1347.0 1347.0 1347.0 1347.0 1347.0 1347.0 1347.0 1347.0 1347.0 1347.0 1347.0 1347.0 1347.0 1347.0 1347.0 1347.0 1347.0 1347.0 1347.0 1347.0 1347.0 1347.0 1347.0 1347.0 1347.0 1347.0 1347.0 1347.0 1347.0 1347.0
1349.0 1349.0 1349.0 1349.0 1349.0 1349.0 1349.0 1348.939 1348.839 1348.739 1348.638 1348.537 1348.419 1348.3 1348.182 1348.063 1348.0 1348.0 1348.0 1348.0 1348.0 1348.0 1348.0 1348.0 1348.0 1348.0 1348.0 1348.0 1348.0 1348.0 1347.834 1347.615 1347.396 1347.177 1347.0 1347.0 1347.0 1347.0 1347.0 1347.0 1347.0 1347.0 1347.0 1347.0 1347.0 1347.0 1347.0 1347.0 1347.0 1347.0 1347.0 1347.0 1347.0 1347.0 1347.0 1347.0 1347.0 1347.0 1347.0 1347.0 1347.0 1347.0 1347.0 1347.0 1347.0 1347.0 1347.0
1349.0 1349.0 1349.0 1349.0 1349.0 1349.0 1349.0 1348.92 1348.787 1348.655 1348.523 1348.392 1348.305 1348.219 1348.132 1348.046 1348.0 1348.0 1348.0 1348.0 1348.0 1348.0 1348.0 1348.0 1348.0 1348.0 1348.0 1348.0 1348.0 1348.0 1347.834 1347.615 1347.396 1347.177 1347.0 1347.0 1347.0 1347.0 1347.0 1347.0 1347.0 1347.0 1347.0 1347.0 1347.0 1347.0 1347.0 1347.0 1347.0 1347.0 1347.0 1347.0 1347.0 1347.0 1347.0 1347.0 1347.0 1347.0 1347.0 1347.0 1347.0 1347.0 1347.0 1347.0 1347.0 1347.0 1347.0
1349.0 1349.0 1349.0 1349.0 1349.0 1349.0 1349.0 1348.912 1348.766 1348.62 1348.474 1348.331 1348.258 1348.185 1348.112 1348.039 1348.0 1348.0 1348.0 1348.0 1348.0 1348.0 1348.0 1348.0 1348.0 1347.999 1347.996 1347.993 1347.99 1347.987 1347.822 1347.606 1347.391 1347.175 1347.0 1347.0 1347.0 1347.0 1347.0 1347.0 1347.0 1347.0 1347.0 1347.0 1347.0 1347.0 1347.0 1347.0 1347.006 1347.018 1347.031 1347.043 1347.056 1347.062 1347.068 1347.075 1347.081 1347.085 1347.085 1347.085 1347.085 1347.085 1347.085 1347.085 1347.085 1347.085 1347.085
1349.0 1349.0 1349.0 1349.0 1349.0 1349.0 1349.0 1348.912 1348.766 1348.62 1348.474 1348.331 1348.258 1348.185 1348.112 1348.039 1348.0 1348.0 1348.0 1348.0 1348.0 1348.0 1348.0 1348.0 1348.0 1347.997 1347.989 1347.98 1347.972 1347.964 1347.802 1347.591 1347.381 1347.171 1347.0 1347.0 1347.0 1347.0 1347.0 1347.0 1347.0 1347.0 1347.0 1347.0 1347.0 1347.0 1347.0 1347.0 1347.016 1347.05 1347.084 1347.118 1347.151 1347.17 1347.187 1347.203 1347.22 1347.231 1347.231 1347.231 1347.231 1347.231 1347.231 1347.231 1347.231 1347.231 1347.231
1349.0 1349.0 1349.0 1349.0 1349.0 1349.0 1349.0 1348.912 1348.766 1348.62 1348.474 1348.331 1348.258 1348.185 1348.112 1348.039 1348.0 1348.0 1348.0 1348.0 1348.0 1348.0 1348.0 1348.0 1348.0 1347.995 1347.982 1347.968 1347.954 1347.94 1347.781 1347.576 1347.371 1347.166 1347.0 1347.0 1347.0 1347.0 1347.0 1347.0 1347.0 1347.0 1347.0 1347.0 1347.0 1347.0 1347.0 1347.0 1347.027 1347.082 1347.137 1347.192 1347.247 1347.277 1347.305 1347.332 1347.36 1347.378 1347.378 1347.378 1347.378 1347.378 1347.378 1347.378 1347.378 1347.378 1347.378
1349.0 1349.0 1349.0 1349.0 1349.0 1349.0 1349.0 1348.912 1348.766 1348.62 1348.474 1348.331 1348.258 1348.185 1348.112 1348.039 1348.0 1348.0 1348.0 1348.0 1348.0 1348.0 1348.0 1348.0 1348.0 1347.994 1347.975 1347.955 1347.936 1347.917 1347.761 1347.561 1347.362 1347.162 1347.0 1347.0 1347.0 1347.0 1347.0 1347.0 1347.0 1347.0 1347.0 1347.0 1347.0 1347.0 1347.0 1347.0 1347.037 1347.113 1347.19 1347.266 1347.343 1347.385 1347.423 1347.461 1347.499 1347.524 1347.524 1347.524 1347.524 1347.524 1347.524 1347.524 1347.524 1347.524 1347.524
1349.0 1349.0 1349.0 1349.0 1348.999 1348.999 1348.998 1348.91 1348.764 1348.618 1348.472 1348.329 1348.256 1348.184 1348.111 1348.039 1348.0 1348.0 1348.0 1348.0 1348.0 1348.0 1348.0 1348.0 1348.0 1347.992 1347.968 1347.944 1347.92 1347.895 1347.743 1347.55 1347.356 1347.163 1347.006 1347.006 1347.006 1347.006 1347.006 1347.006 1347.006 1347.006 1347.006 1347.006 1347.006 1347.006 1347.006 1347.006 1347.053 1347.15 1347.246 1347.343 1347.44 1347.492 1347.54 1347.589 1347.637 1347.669 1347.669 1347.669 1347.669 1347.669 1347.669 1347.669 1347.669 1347.669 1347.669
1349.0 1349.0 1348.997 1348.981 1348.964 1348.948 1348.931 1348.836 1348.69 1348.544 1348.399 1348.256 1348.199 1348.143 1348.087 1348.03 1348.0 1348.0 1348.0 1348.0 1348.0 1348.0 1348.0 1348.0 1348.0 1347.994 1347.975 1347.956 1347.937 1347.919 1347.8 1347.649 1347.499 1347.348 1347.226 1347.226 1347.226 1347.226 1347.226 1347.226 1347.226 1347.226 1347.226 1347.226 1347.226 1347.226 1347.226 1347.226 1347.262 1347.338 1347.413 1347.488 1347.563 1347.604 1347.642 1347.68 1347.717 1347.742 1347.742 1347.742 1347.742 1347.742 1347.742 1347.742 1347.742 1347.742 1347.742
1349.0 1349.0 1348.994 1348.962 1348.929 1348.897 1348.864 1348.763 1348.617 1348.471 1348.325 1348.183 1348.143 1348.102 1348.062 1348.021 1348.0 1348.0 1348.0 1348.0 1348.0 1348.0 1348.0 1348.0 1348.0 1347.996 1347.982 1347.969 1347.955 1347.942 1347.857 1347.749 1347.641 1347.533 1347.446 1347.446 1347.446 1347.446 1347.446 1347.446 1347.446 1347.446 1347.446 1347.446 1347.446 1347.446 1347.446 1347.446 1347.472 1347.526 1347.58 1347.634 1347.687 1347.717 1347.744 1347.771 1347.798 1347.815 1347.815 1347.815 1347.815 1347.815 1347.815 1347.815 1347.815 1347.815 1347.815
1349.0 1349.0 1348.991 1348.943 1348.894 1348.846 1348.797 1348.69 1348.544 1348.398 1348.252 1348.111 1348.086 1348.062 1348.037 1348.013 1348.0 1348.0 1348.0 1348.0 1348.0 1348.0 1348.0 1348.0 1348.0 1347.997 1347.989 1347.981 1347.973 1347.965 1347.913 1347.848 1347.783 1347.718 1347.666 1347.666 1347.666 1347.666 1347.666 1347.666 1347.666 1347.666 1347.666 1347.666 1347.666 1347.666 1347.666 1347.666 1347.681 1347.714 1347.746 1347.779 1347.811 1347.829 1347.845 1347.862 1347.878 1347.889 1347.889 1347.889 1347.889 1347.889 1347.889 1347.889 1347.889 1347.889 1347.889
1349.0 1349.0 1348.989 1348.924 1348.859 1348.795 1348.73 1348.616 1348.471 1348.325 1348.179 1348.038 1348.03 1348.021 1348.013 1348.005 1348.0 1348.0 1348.0 1348.0 1348.0 1348.0 1348.0 1348.0 1348.0 1347.999 1347.996 1347.994 1347.991 1347.988 1347.97 1347.948 1347.926 1347.903 1347.885 1347.885 1347.885 1347.885 1347.885 1347.885 1347.885 1347.885 1347.885 1347.885 1347.885 1347.885 1347.885 1347.885 1347.891 1347.902 1347.913 1347.924 1347.935 1347.941 1347.947 1347.953 1347.958 1347.962 1347.962 1347.962 1347.962 1347.962 1347.962 1347.962 1347.962 1347.962 1347.962
1348.979 1348.971 1348.951 1348.87 1348.79 1348.709 1348.628 1348.517 1348.387 1348.256 1348.126 1348.0 1348.0 1348.0 1348.0 1348.0 1348.0 1348.0 1348.0 1348.0 1348.0 1348.0 1348.0 1348.0 1348.0 1348.0 1348.0 1348.0 1348.0 1348.0 1348.0 1348.0 1348.0 1348.0 1348.0 1348.0 1348.0 1348.0 1348.0 1348.0 1348.0 1348.0 1348.0 1348.0 1348.0 1348.0 1348.0 1348.0 1348.0 1348.0 1348.0 1348.0 1348.0 1348.0 1348.0 1348.0 1348.0 1348.0 1348.0 1348.0 1348.0 1348.0 1348.012 1348.027 1348.042 1348.058 1348.072
1348.935 1348.911 1348.875 1348.778 1348.682 1348.585 1348.488 1348.39 1348.292 1348.193 1348.095 1348.0 1348.0 1348.0 1348.0 1348.0 1348.0 1348.0 1348.0 1348.0 1348.0 1348.0 1348.0 1348.0 1348.0 1348.0 1348.0 1348.0 1348.0 1348.0 1348.0 1348.0 1348.0 1348.0 1348.0 1348.0 1348.0 1348.0 1348.0 1348.0 1348.0 1348.0 1348.0 1348.0 1348.0 1348.0 1348.0 1348.0 1348.0 1348.0 1348.0 1348.0 1348.0 1348.0 1348.0 1348.0 1348.0 1348.0 1348.0 1348.0 1348.0 1348.0 1348.037 1348.084 1348.131 1348.179 1348.221
1348.891 1348.851 1348.799 1348.686 1348.573 1348.461 1348.348 1348.263 1348.197 1348.13 1348.064 1348.0 1348.0 1348.0 1348.0 1348.0 1348.0 1348.0 1348.0 1348.0 1348.0 1348.0 1348.0 1348.0 1348.0 1348.0 1348.0 1348.0 1348.0 1348.0 1348.0 1348.0 1348.0 1348.0 1348.0 1348.0 1348.0 1348.0 1348.0 1348.0 1348.0 1348.0 1348.0 1348.0 1348.0 1348.0 1348.0 1348.0 1348.0 1348.0 1348.0 1348.0 1348.0 1348.0 1348.0 1348.0 1348.0 1348.0 1348.0 1348.0 1348.0 1348.0 1348.062 1348.141 1348.22 1348.3 1348.371
1348.847 1348.791 1348.723 1348.594 1348.465 1348.337 1348.208 1348.136 1348.102 1348.068 1348.033 1348.0 1348.0 1348.0 1348.0 1348.0 1348.0 1348.0 1348.0 1348.0 1348.0 1348.0 1348.0 1348.0 1348.0 1348.0 1348.0 1348.0 1348.0 1348.0 1348.0 1348.0 1348.0 1348.0 1348.0 1348.0 1348.0 1348.0 1348.0 1348.0 1348.0 1348.0 1348.0 1348.0 1348.0 1348.0 1348.0 1348.0 1348.0 1348.0 1348.0 1348.0 1348.0 1348.0 1348.0 1348.0 1348.0 1348.0 1348.0 1348.0 1348.0 1348.0 1348.086 1348.198 1348.309 1348.421 1348.521
1348.803 1348.731 1348.647 1348.502 1348.357 1348.212 1348.068 1348.009 1348.007 1348.005 1348.002 1348.0 1348.0 1348.0 1348.0 1348.0 1348.0 1348.0 1348.0 1348.0 1348.0 1348.0 1348.0 1348.0 1348.0 1348.0 1348.0 1348.0 1348.0 1348.0 1348.0 1348.0 1348.0 1348.0 1348.0 1348.0 1348.0 1348.0 1348.0 1348.0 1348.0 1348.0 1348.0 1348.0 1348.0 1348.0 1348.0 1348.0 1348.0 1348.0 1348.0 1348.0 1348.0 1348.0 1348.0 1348.0 1348.0 1348.0 1348.0 1348.0 1348.0 1348.0 1348.111 1348.255 1348.398 1348.542 1348.671
1348.682 1348.599 1348.51 1348.394 1348.278 1348.162 1348.046 1348.0 1348.0 1348.0 1348.0 1348.0 1348.0 1348.0 1348.0 1348.0 1348.0 1348.0 1348.0 1348.0 1348.0 1348.0 1348.0 1348.0 1348.0 1348.0 1348.0 1348.0 1348.0 1348.0 1348.0 1348.0 1348.0 1348.0 1348.0 1348.0 1348.0 1348.0 1348.0 1348.0 1348.0 1348.0 1348.0 1348.0 1348.0 1348.0 1348.0 1348.0 1348.0 1348.0 1348.0 1348.0 1348.0 1348.009 1348.019 1348.029 1348.039 1348.057 1348.092 1348.127 1348.161 1348.196 1348.294 1348.41 1348.526 1348.642 1348.746
1348.555 1348.461 1348.37 1348.285 1348.201 1348.117 1348.033 1348.0 1348.0 1348.0 1348.0 1348.0 1348.0 1348.0 1348.0 1348.0 1348.0 1348.0 1348.0 1348.0 1348.0 1348.0 1348.0 1348.0 1348.0 1348.0 1348.0 1348.0 1348.0 1348.0 1348.0 1348.0 1348.0 1348.0 1348.0 1348.0 1348.0 1348.0 1348.0 1348.0 1348.0 1348.0 1348.0 1348.0 1348.0 1348.0 1348.0 1348.0 1348.0 1348.0 1348.0 1348.0 1348.0 1348.019 1348.039 1348.06 1348.081 1348.119 1348.191 1348.263 1348.335 1348.407 1348.489 1348.573 1348.657 1348.741 1348.816
1348.428 1348.324 1348.229 1348.177 1348.125 1348.073 1348.021 1348.0 1348.0 1348.0 1348.0 1348.0 1348.0 1348.0 1348.0 1348.0 1348.0 1348.0 1348.0 1348.0 1348.0 1348.0 1348.0 1348.0 1348.0 1348.0 1348.0 1348.0 1348.0 1348.0 1348.0 1348.0 1348.0 1348.0 1348.0 1348.0 1348.0 1348.0 1348.0 1348.0 1348.0 1348.0 1348.0 1348.0 1348.0 1348.0 1348.0 1348.0 1348.0 1348.0 1348.0 1348.0 1348.0 1348.029 1348.06 1348.091 1348.122 1348.181 1348.29 1348.4 1348.509 1348.619 1348.684 1348.736 1348.788 1348.84 1348.886
1348.301 1348.186 1348.088 1348.068 1348.048 1348.028 1348.008 1348.0 1348.0 1348.0 1348.0 1348.0 1348.0 1348.0 1348.0 1348.0 1348.0 1348.0 1348.0 1348.0 1348.0 1348.0 1348.0 1348.0 1348.0 1348.0 1348.0 1348.0 1348.0 1348.0 1348.0 1348.0 1348.0 1348.0 1348.0 1348.0 1348.0 1348.0 1348.0 1348.0 1348.0 1348.0 1348.0 1348.0 1348.0 1348.0 1348.0 1348.0 1348.0 1348.0 1348.0 1348.0 1348.0 1348.038 1348.08 1348.122 1348.164 1348.242 1348.389 1348.536 1348.683 1348.83 1348.879 1348.898 1348.918 1348.938 1348.956
1348.203 1348.092 1348.0 1348.0 1348.0 1348.0 1348.0 1348.0 1348.0 1348.0 1348.0 1348.0 1348.0 1348.0 1348.0 1348.0 1348.0 1348.0 1348.0 1348.0 1348.0 1348.0 1348.0 1348.0 1348.0 1348.0 1348.0 1348.0 1348.0 1348.0 1348.0 1348.0 1348.0 1348.0 1348.0 1348.0 1348.0 1348.0 1348.0 1348.001 1348.003 1348.005 1348.007 1348.009 1348.013 1348.017 1348.021 1348.026 1348.033 1348.046 1348.058 1348.07 1348.082 1348.124 1348.168 1348.213 1348.257 1348.34 1348.496 1348.652 1348.809 1348.965 1349.0 1349.0 1349.0 1349.0 1349.0
