data/zism_data/00182_01_D.txt
ncols         224
nrows         224
[rows 196 to 223 of 224, columns 0 to 62 of 224]
4493.682 4494.111 4494.54 4494.969 4495.344 4495.576 4495.809 4496.041 4496.273 4496.584 4496.923 4497.262 4497.601 4497.94 4498.281 4498.622 4498.962 4499.303 4499.662 4500.031 4500.4 4500.77 4501.16 4501.693 4502.225 4502.758 4503.291 4503.966 4504.739 4505.511 4506.284 4507.055 4507.79 4508.524 4509.259 4509.994 4510.624 4511.157 4511.69 4512.224 4512.757 4513.422 4514.089 4514.756 4515.422 4516.058 4516.653 4517.249 4517.845 4518.44 4519.136 4519.84 4520.545 4521.25 4521.907 4522.485 4523.064 4523.642 4524.221 4524.875 4525.543 4526.212 4526.88
4493.642 4494.023 4494.403 4494.784 4495.137 4495.417 4495.699 4495.979 4496.26 4496.572 4496.895 4497.218 4497.541 4497.858 4498.155 4498.453 4498.75 4499.048 4499.375 4499.717 4500.059 4500.401 4500.76 4501.233 4501.707 4502.18 4502.653 4503.317 4504.112 4504.906 4505.7 4506.491 4507.226 4507.961 4508.696 4509.431 4510.066 4510.61 4511.154 4511.698 4512.242 4512.897 4513.553 4514.209 4514.865 4515.509 4516.137 4516.765 4517.393 4518.021 4518.729 4519.444 4520.16 4520.875 4521.538 4522.11 4522.684 4523.256 4523.83 4524.451 4525.082 4525.712 4526.343
4493.603 4493.935 4494.267 4494.599 4494.93 4495.259 4495.589 4495.918 4496.248 4496.56 4496.867 4497.173 4497.479 4497.775 4498.03 4498.284 4498.539 4498.792 4499.087 4499.402 4499.718 4500.033 4500.361 4500.774 4501.188 4501.602 4502.016 4502.669 4503.485 4504.301 4505.117 4505.928 4506.663 4507.397 4508.132 4508.867 4509.508 4510.063 4510.618 4511.173 4511.728 4512.372 4513.017 4513.663 4514.308 4514.96 4515.62 4516.281 4516.941 4517.602 4518.322 4519.049 4519.775 4520.501 4521.168 4521.735 4522.303 4522.871 4523.438 4524.027 4524.62 4525.213 4525.806
4493.641 4493.92 4494.2 4494.48 4494.782 4495.142 4495.502 4495.863 4496.224 4496.532 4496.822 4497.113 4497.403 4497.679 4497.9 4498.12 4498.341 4498.561 4498.828 4499.119 4499.409 4499.7 4499.999 4500.359 4500.72 4501.08 4501.44 4502.079 4502.907 4503.735 4504.563 4505.386 4506.117 4506.848 4507.58 4508.311 4508.955 4509.52 4510.084 4510.649 4511.213 4511.854 4512.496 4513.137 4513.778 4514.441 4515.129 4515.817 4516.505 4517.194 4517.915 4518.639 4519.363 4520.087 4520.751 4521.316 4521.88 4522.445 4523.01 4523.574 4524.139 4524.704 4525.268
4493.955 4494.17 4494.385 4494.6 4494.846 4495.174 4495.502 4495.831 4496.158 4496.447 4496.721 4496.995 4497.269 4497.532 4497.753 4497.973 4498.194 4498.414 4498.67 4498.945 4499.219 4499.493 4499.774 4500.103 4500.43 4500.758 4501.086 4501.698 4502.505 4503.312 4504.118 4504.919 4505.634 4506.35 4507.064 4507.78 4508.419 4508.989 4509.559 4510.129 4510.699 4511.361 4512.024 4512.687 4513.35 4514.029 4514.729 4515.427 4516.126 4516.826 4517.503 4518.179 4518.854 4519.53 4520.166 4520.736 4521.306 4521.875 4522.445 4523.016 4523.585 4524.155 4524.725
4494.27 4494.42 4494.57 4494.721 4494.911 4495.207 4495.502 4495.798 4496.093 4496.361 4496.619 4496.877 4497.135 4497.385 4497.606 4497.826 4498.047 4498.267 4498.513 4498.771 4499.029 4499.287 4499.55 4499.845 4500.141 4500.437 4500.732 4501.318 4502.103 4502.888 4503.673 4504.453 4505.152 4505.851 4506.55 4507.249 4507.883 4508.458 4509.034 4509.609 4510.185 4510.868 4511.552 4512.237 4512.922 4513.618 4514.328 4515.038 4515.747 4516.457 4517.091 4517.718 4518.345 4518.972 4519.58 4520.155 4520.73 4521.306 4521.881 4522.457 4523.032 4523.607 4524.183
4494.585 4494.67 4494.756 4494.841 4494.976 4495.239 4495.502 4495.765 4496.028 4496.276 4496.518 4496.759 4497.001 4497.238 4497.459 4497.679 4497.9 4498.12 4498.355 4498.597 4498.839 4499.081 4499.325 4499.588 4499.852 4500.115 4500.378 4500.938 4501.701 4502.464 4503.228 4503.986 4504.669 4505.352 4506.035 4506.718 4507.347 4507.928 4508.509 4509.089 4509.67 4510.375 4511.081 4511.787 4512.493 4513.206 4513.927 4514.647 4515.368 4516.089 4516.68 4517.258 4517.836 4518.415 4518.994 4519.575 4520.155 4520.736 4521.317 4521.898 4522.479 4523.059 4523.64
4494.899 4494.92 4494.941 4494.961 4495.04 4495.271 4495.501 4495.732 4495.963 4496.19 4496.416 4496.642 4496.867 4497.092 4497.312 4497.533 4497.753 4497.973 4498.197 4498.423 4498.648 4498.874 4499.101 4499.331 4499.562 4499.792 4500.023 4500.558 4501.299 4502.041 4502.783 4503.52 4504.187 4504.854 4505.52 4506.187 4506.811 4507.397 4507.983 4508.569 4509.156 4509.881 4510.609 4511.337 4512.065 4512.794 4513.526 4514.257 4514.989 4515.721 4516.268 4516.798 4517.328 4517.857 4518.408 4518.995 4519.581 4520.167 4520.753 4521.339 4521.925 4522.511 4523.098
4495.109 4495.12 4495.131 4495.142 4495.209 4495.422 4495.635 4495.848 4496.061 4496.261 4496.456 4496.65 4496.845 4497.045 4497.265 4497.486 4497.706 4497.927 4498.132 4498.331 4498.529 4498.728 4498.927 4499.137 4499.346 4499.556 4499.765 4500.258 4500.945 4501.632 4502.319 4503.004 4503.669 4504.335 4505.0 4505.665 4506.301 4506.911 4507.521 4508.131 4508.741 4509.459 4510.179 4510.899 4511.62 4512.338 4513.055 4513.771 4514.488 4515.204 4515.746 4516.271 4516.797 4517.322 4517.875 4518.474 4519.073 4519.672 4520.271 4520.876 4521.482 4522.088 4522.695
4495.269 4495.296 4495.324 4495.351 4495.426 4495.628 4495.831 4496.033 4496.235 4496.404 4496.561 4496.718 4496.875 4497.045 4497.265 4497.486 4497.706 4497.927 4498.111 4498.277 4498.443 4498.609 4498.778 4498.971 4499.165 4499.358 4499.551 4499.996 4500.613 4501.229 4501.846 4502.466 4503.137 4503.807 4504.478 4505.148 4505.804 4506.446 4507.088 4507.731 4508.373 4509.071 4509.769 4510.468 4511.166 4511.86 4512.55 4513.24 4513.929 4514.619 4515.173 4515.715 4516.256 4516.798 4517.367 4517.982 4518.597 4519.212 4519.827 4520.458 4521.091 4521.724 4522.357
4495.429 4495.473 4495.516 4495.56 4495.644 4495.835 4496.027 4496.218 4496.41 4496.548 4496.667 4496.786 4496.905 4497.045 4497.265 4497.486 4497.706 4497.927 4498.089 4498.223 4498.356 4498.49 4498.629 4498.806 4498.983 4499.16 4499.337 4499.734 4500.28 4500.827 4501.374 4501.927 4502.604 4503.279 4503.955 4504.631 4505.306 4505.981 4506.656 4507.331 4508.005 4508.682 4509.359 4510.036 4510.712 4511.383 4512.045 4512.708 4513.371 4514.033 4514.6 4515.158 4515.715 4516.273 4516.859 4517.49 4518.121 4518.752 4519.384 4520.04 4520.7 4521.36 4522.021
4495.589 4495.649 4495.708 4495.768 4495.861 4496.042 4496.223 4496.403 4496.584 4496.691 4496.772 4496.854 4496.935 4497.045 4497.265 4497.486 4497.706 4497.927 4498.067 4498.168 4498.27 4498.371 4498.48 4498.641 4498.802 4498.962 4499.123 4499.472 4499.948 4500.424 4500.901 4501.389 4502.07 4502.751 4503.433 4504.114 4504.809 4505.516 4506.223 4506.93 4507.637 4508.293 4508.949 4509.604 4510.259 4510.906 4511.541 4512.177 4512.812 4513.447 4514.027 4514.601 4515.175 4515.749 4516.351 4516.998 4517.646 4518.293 4518.94 4519.621 4520.309 4520.996 4521.683
4495.777 4495.849 4495.92 4495.991 4496.089 4496.256 4496.424 4496.591 4496.759 4496.84 4496.891 4496.941 4496.992 4497.076 4497.292 4497.507 4497.723 4497.939 4498.061 4498.137 4498.213 4498.289 4498.374 4498.516 4498.658 4498.8 4498.942 4499.242 4499.65 4500.058 4500.465 4500.889 4501.572 4502.255 4502.938 4503.62 4504.332 4505.068 4505.806 4506.543 4507.28 4507.921 4508.562 4509.201 4509.841 4510.469 4511.08 4511.692 4512.303 4512.915 4513.507 4514.097 4514.687 4515.277 4515.896 4516.559 4517.223 4517.886 4518.55 4519.254 4519.965 4520.676 4521.387
4496.132 4496.187 4496.242 4496.297 4496.375 4496.516 4496.656 4496.797 4496.938 4497.02 4497.081 4497.142 4497.204 4497.29 4497.473 4497.656 4497.84 4498.023 4498.146 4498.238 4498.33 4498.422 4498.516 4498.626 4498.736 4498.846 4498.956 4499.207 4499.555 4499.904 4500.252 4500.619 4501.28 4501.941 4502.602 4503.263 4503.973 4504.726 4505.479 4506.232 4506.986 4507.649 4508.311 4508.972 4509.633 4510.27 4510.876 4511.482 4512.089 4512.695 4513.301 4513.908 4514.514 4515.121 4515.754 4516.435 4517.114 4517.794 4518.474 4519.185 4519.901 4520.618 4521.334
4496.486 4496.525 4496.563 4496.603 4496.662 4496.775 4496.889 4497.002 4497.116 4497.199 4497.271 4497.343 4497.416 4497.503 4497.654 4497.806 4497.957 4498.107 4498.23 4498.338 4498.446 4498.555 4498.659 4498.736 4498.813 4498.891 4498.969 4499.172 4499.46 4499.75 4500.039 4500.348 4500.987 4501.627 4502.267 4502.906 4503.613 4504.383 4505.153 4505.922 4506.692 4507.376 4508.059 4508.742 4509.425 4510.072 4510.672 4511.273 4511.874 4512.475 4513.096 4513.718 4514.341 4514.963 4515.614 4516.31 4517.006 4517.702 4518.398 4519.116 4519.838 4520.56 4521.282
4496.84 4496.863 4496.886 4496.908 4496.948 4497.035 4497.122 4497.208 4497.294 4497.378 4497.461 4497.544 4497.627 4497.717 4497.836 4497.955 4498.073 4498.192 4498.314 4498.438 4498.563 4498.688 4498.801 4498.847 4498.892 4498.937 4498.982 4499.136 4499.366 4499.596 4499.825 4500.077 4500.695 4501.313 4501.931 4502.549 4503.254 4504.041 4504.826 4505.612 4506.397 4507.104 4507.808 4508.513 4509.218 4509.873 4510.469 4511.064 4511.66 4512.255 4512.89 4513.529 4514.167 4514.806 4515.473 4516.185 4516.897 4517.609 4518.322 4519.047 4519.774 4520.501 4521.229
4497.195 4497.201 4497.208 4497.214 4497.235 4497.294 4497.354 4497.414 4497.473 4497.558 4497.651 4497.745 4497.839 4497.931 4498.018 4498.104 4498.19 4498.276 4498.398 4498.539 4498.68 4498.82 4498.944 4498.957 4498.97 4498.982 4498.995 4499.101 4499.271 4499.441 4499.612 4499.807 4500.403 4501.0 4501.596 4502.192 4502.896 4503.698 4504.5 4505.301 4506.104 4506.831 4507.557 4508.283 4509.01 4509.675 4510.265 4510.855 4511.445 4512.035 4512.684 4513.339 4513.994 4514.649 4515.332 4516.061 4516.789 4517.517 4518.246 4518.978 4519.71 4520.443 4521.176
4497.557 4497.557 4497.557 4497.557 4497.569 4497.611 4497.654 4497.696 4497.738 4497.812 4497.897 4497.982 4498.066 4498.147 4498.211 4498.274 4498.338 4498.402 4498.508 4498.635 4498.762 4498.889 4499.0 4499.0 4499.0 4499.0 4499.0 4499.093 4499.25 4499.407 4499.563 4499.744 4500.313 4500.88 4501.449 4502.017 4502.731 4503.579 4504.426 4505.274 4506.122 4506.878 4507.632 4508.387 4509.141 4509.821 4510.409 4510.997 4511.584 4512.172 4512.836 4513.508 4514.179 4514.85 4515.534 4516.239 4516.944 4517.649 4518.355 4519.077 4519.802 4520.527 4521.252
4497.924 4497.924 4497.924 4497.924 4497.933 4497.965 4497.997 4498.028 4498.06 4498.115 4498.178 4498.241 4498.304 4498.364 4498.412 4498.459 4498.507 4498.554 4498.633 4498.728 4498.823 4498.917 4499.0 4499.0 4499.0 4499.0 4499.0 4499.103 4499.276 4499.449 4499.622 4499.816 4500.352 4500.887 4501.423 4501.959 4502.691 4503.604 4504.517 4505.429 4506.341 4507.13 4507.917 4508.704 4509.491 4510.188 4510.776 4511.364 4511.952 4512.54 4513.219 4513.906 4514.594 4515.281 4515.957 4516.613 4517.27 4517.926 4518.583 4519.284 4519.992 4520.701 4521.41
4498.292 4498.292 4498.292 4498.292 4498.297 4498.318 4498.339 4498.36 4498.381 4498.417 4498.458 4498.5 4498.542 4498.582 4498.613 4498.644 4498.675 4498.707 4498.758 4498.821 4498.883 4498.946 4499.0 4499.0 4499.0 4499.0 4499.0 4499.112 4499.302 4499.491 4499.68 4499.888 4500.391 4500.894 4501.397 4501.901 4502.652 4503.629 4504.606 4505.583 4506.561 4507.382 4508.202 4509.021 4509.84 4510.556 4511.144 4511.731 4512.32 4512.908 4513.601 4514.305 4515.008 4515.712 4516.379 4516.987 4517.595 4518.203 4518.811 4519.49 4520.183 4520.875 4521.568
4498.659 4498.659 4498.659 4498.659 4498.662 4498.672 4498.682 4498.692 4498.702 4498.719 4498.739 4498.76 4498.78 4498.798 4498.813 4498.829 4498.844 4498.859 4498.884 4498.914 4498.944 4498.974 4499.0 4499.0 4499.0 4499.0 4499.0 4499.122 4499.328 4499.533 4499.738 4499.959 4500.43 4500.901 4501.372 4501.843 4502.612 4503.654 4504.696 4505.738 4506.78 4507.635 4508.487 4509.338 4510.19 4510.923 4511.511 4512.099 4512.687 4513.275 4513.983 4514.703 4515.423 4516.143 4516.802 4517.361 4517.92 4518.48 4519.04 4519.697 4520.374 4521.05 4521.727
4499.048 4499.048 4499.048 4499.048 4499.048 4499.048 4499.048 4499.048 4499.048 4499.048 4499.048 4499.048 4499.048 4499.048 4499.051 4499.053 4499.056 4499.058 4499.061 4499.064 4499.068 4499.071 4499.075 4499.075 4499.075 4499.075 4499.075 4499.205 4499.425 4499.646 4499.866 4500.099 4500.543 4500.987 4501.432 4501.876 4502.661 4503.758 4504.854 4505.951 4507.048 4507.929 4508.807 4509.685 4510.563 4511.311 4511.9 4512.49 4513.08 4513.669 4514.388 4515.119 4515.851 4516.582 4517.231 4517.747 4518.263 4518.778 4519.293 4519.932 4520.593 4521.254 4521.916
4499.709 4499.709 4499.709 4499.709 4499.709 4499.709 4499.709 4499.709 4499.709 4499.709 4499.709 4499.709 4499.709 4499.716 4499.751 4499.786 4499.82 4499.855 4499.901 4499.954 4500.006 4500.058 4500.103 4500.103 4500.103 4500.103 4500.103 4500.231 4500.445 4500.66 4500.875 4501.105 4501.599 4502.092 4502.584 4503.078 4503.846 4504.867 4505.889 4506.91 4507.931 4508.758 4509.582 4510.405 4511.229 4511.958 4512.568 4513.18 4513.791 4514.402 4515.078 4515.761 4516.443 4517.126 4517.752 4518.284 4518.815 4519.347 4519.879 4520.52 4521.181 4521.842 4522.504
4500.371 4500.371 4500.371 4500.371 4500.371 4500.371 4500.371 4500.371 4500.371 4500.371 4500.371 4500.371 4500.371 4500.384 4500.451 4500.519 4500.585 4500.653 4500.742 4500.843 4500.944 4501.044 4501.132 4501.132 4501.132 4501.132 4501.132 4501.256 4501.466 4501.675 4501.884 4502.113 4502.654 4503.196 4503.738 4504.279 4505.032 4505.977 4506.923 4507.868 4508.814 4509.586 4510.356 4511.126 4511.896 4512.604 4513.237 4513.869 4514.502 4515.135 4515.769 4516.403 4517.037 4517.671 4518.272 4518.82 4519.368 4519.916 4520.464 4521.107 4521.769 4522.43 4523.092
4501.032 4501.032 4501.032 4501.032 4501.032 4501.032 4501.032 4501.032 4501.032 4501.032 4501.032 4501.032 4501.032 4501.052 4501.152 4501.251 4501.351 4501.45 4501.583 4501.732 4501.881 4502.031 4502.161 4502.161 4502.161 4502.161 4502.161 4502.282 4502.486 4502.689 4502.894 4503.12 4503.71 4504.3 4504.891 4505.48 4506.217 4507.087 4507.957 4508.827 4509.697 4510.415 4511.13 4511.847 4512.563 4513.25 4513.905 4514.559 4515.213 4515.868 4516.459 4517.044 4517.63 4518.216 4518.793 4519.357 4519.921 4520.485 4521.049 4521.695 4522.357 4523.018 4523.68
4501.693 4501.693 4501.693 4501.693 4501.693 4501.693 4501.693 4501.693 4501.693 4501.693 4501.693 4501.693 4501.693 4501.72 4501.852 4501.984 4502.116 4502.248 4502.424 4502.622 4502.819 4503.018 4503.189 4503.189 4503.189 4503.189 4503.189 4503.308 4503.506 4503.705 4503.903 4504.127 4504.766 4505.405 4506.043 4506.682 4507.402 4508.196 4508.991 4509.785 4510.58 4511.243 4511.905 4512.567 4513.229 4513.897 4514.573 4515.249 4515.925 4516.601 4517.149 4517.687 4518.223 4518.76 4519.313 4519.894 4520.474 4521.055 4521.635 4522.283 4522.945 4523.606 4524.267
4502.591 4502.591 4502.591 4502.591 4502.591 4502.591 4502.591 4502.591 4502.591 4502.591 4502.591 4502.591 4502.591 4502.626 4502.799 4502.972 4503.145 4503.318 4503.528 4503.758 4503.987 4504.216 4504.417 4504.425 4504.434 4504.442 4504.451 4504.564 4504.749 4504.933 4505.118 4505.328 4505.966 4506.604 4507.243 4507.881 4508.578 4509.328 4510.079 4510.83 4511.58 4512.21 4512.838 4513.466 4514.094 4514.737 4515.396 4516.057 4516.716 4517.376 4517.919 4518.451 4518.982 4519.514 4520.054 4520.607 4521.16 4521.713 4522.267 4522.918 4523.588 4524.258 4524.928
4503.693 4503.693 4503.693 4503.693 4503.693 4503.693 4503.693 4503.693 4503.693 4503.693 4503.693 4503.693 4503.693 4503.738 4503.96 4504.182 4504.403 4504.625 4504.862 4505.107 4505.353 4505.598 4505.814 4505.839 4505.864 4505.889 4505.914 4506.021 4506.184 4506.347 4506.509 4506.697 4507.292 4507.887 4508.482 4509.077 4509.745 4510.479 4511.214 4511.948 4512.683 4513.296 4513.908 4514.52 4515.132 4515.744 4516.355 4516.966 4517.578 4518.188 4518.757 4519.321 4519.885 4520.449 4520.985 4521.473 4521.961 4522.45 4522.938 4523.593 4524.279 4524.965 4525.651
