data/zism_data/00188_02_D.txt
ncols         224
nrows         224
[rows 168 to 195 of 224, columns 63 to 125 of 224]
4509.164 4508.313 4506.849 4504.246 4501.644 4499.042 4496.439 4490.074 4482.698 4475.322 4467.947 4459.979 4449.984 4439.99 4429.996 4420.001 4413.593 4408.998 4404.403 4399.808 4395.599 4394.777 4393.956 4393.134 4392.313 4392.433 4393.355 4394.277 4395.199 4396.121 4394.982 4393.797 4392.612 4391.428 4388.813 4384.192 4379.572 4374.951 4370.331 4364.612 4358.706 4352.8 4346.894 4340.729 4333.936 4327.143 4320.35 4313.556 4309.846 4307.277 4304.708 4302.138 4300.0 4300.0 4300.0 4300.0 4300.0 4300.0 4300.0 4300.0 4300.0 4300.02 4300.474
4511.084 4509.96 4508.258 4505.484 4502.709 4499.936 4497.161 4490.387 4482.539 4474.691 4466.843 4458.461 4448.258 4438.054 4427.85 4417.646 4411.507 4407.422 4403.337 4399.252 4395.535 4395.046 4394.558 4394.069 4393.581 4393.946 4395.04 4396.134 4397.228 4398.321 4397.17 4395.97 4394.769 4393.568 4390.989 4386.476 4381.962 4377.449 4372.936 4367.073 4360.979 4354.885 4348.791 4342.391 4335.249 4328.106 4320.964 4313.822 4309.99 4307.383 4304.776 4302.169 4300.0 4300.0 4300.0 4300.0 4300.0 4300.0 4300.0 4300.0 4300.0 4300.021 4300.491
4513.006 4511.608 4509.667 4506.722 4503.775 4500.83 4497.883 4490.7 4482.38 4474.059 4465.739 4456.944 4446.531 4436.118 4425.705 4415.292 4409.421 4405.846 4402.271 4398.696 4395.471 4395.315 4395.16 4395.004 4394.848 4395.46 4396.726 4397.991 4399.256 4400.522 4399.359 4398.142 4396.925 4395.708 4393.165 4388.759 4384.353 4379.947 4375.542 4369.533 4363.251 4356.969 4350.688 4344.052 4336.561 4329.07 4321.579 4314.088 4310.134 4307.49 4304.845 4302.201 4300.0 4300.0 4300.0 4300.0 4300.0 4300.0 4300.0 4300.0 4300.0 4300.021 4300.507
4514.927 4513.255 4511.077 4507.959 4504.841 4501.723 4498.605 4491.014 4482.221 4473.428 4464.635 4455.428 4444.805 4434.183 4423.56 4412.938 4407.335 4404.27 4401.205 4398.141 4395.407 4395.584 4395.761 4395.938 4396.116 4396.973 4398.411 4399.848 4401.285 4402.723 4401.548 4400.315 4399.082 4397.849 4395.34 4391.042 4386.743 4382.445 4378.146 4371.994 4365.524 4359.054 4352.584 4345.714 4337.874 4330.034 4322.193 4314.354 4310.278 4307.596 4304.914 4302.232 4300.0 4300.0 4300.0 4300.0 4300.0 4300.0 4300.0 4300.0 4300.0 4300.022 4300.524
4516.085 4514.06 4511.434 4507.694 4503.954 4500.213 4496.473 4488.392 4479.145 4469.898 4460.651 4451.197 4441.035 4430.874 4420.711 4410.549 4405.448 4402.905 4400.362 4397.819 4395.583 4396.046 4396.51 4396.973 4397.437 4398.545 4400.203 4401.861 4403.52 4405.178 4403.956 4402.669 4401.382 4400.096 4397.55 4393.238 4388.926 4384.613 4380.301 4373.948 4367.246 4360.543 4353.841 4346.743 4338.685 4330.626 4322.568 4314.509 4310.36 4307.656 4304.953 4302.25 4300.0 4300.0 4300.0 4300.0 4300.0 4300.0 4300.0 4300.0 4300.0 4300.024 4300.58
4516.25 4513.769 4510.423 4505.475 4500.526 4495.578 4490.63 4481.954 4472.278 4462.602 4452.925 4443.44 4434.61 4425.779 4416.949 4408.118 4403.821 4401.814 4399.809 4397.802 4396.071 4396.76 4397.449 4398.138 4398.827 4400.193 4402.136 4404.079 4406.021 4407.964 4406.648 4405.26 4403.871 4402.482 4399.806 4395.322 4390.837 4386.354 4381.869 4375.243 4368.251 4361.259 4354.267 4346.949 4338.842 4330.736 4322.629 4314.522 4310.36 4307.656 4304.953 4302.25 4300.0 4300.0 4300.0 4300.0 4300.0 4300.0 4300.0 4300.0 4300.0 4300.029 4300.687
4516.415 4513.478 4509.412 4503.255 4497.099 4490.943 4484.787 4475.517 4465.411 4455.305 4445.199 4435.683 4428.184 4420.685 4413.186 4405.687 4402.193 4400.724 4399.255 4397.786 4396.56 4397.474 4398.389 4399.303 4400.217 4401.841 4404.068 4406.295 4408.522 4410.75 4409.341 4407.85 4406.36 4404.869 4402.062 4397.405 4392.75 4388.093 4383.438 4376.539 4369.257 4361.975 4354.692 4347.156 4339.0 4330.846 4322.69 4314.535 4310.36 4307.656 4304.953 4302.25 4300.0 4300.0 4300.0 4300.0 4300.0 4300.0 4300.0 4300.0 4300.0 4300.033 4300.793
4516.58 4513.186 4508.401 4501.037 4493.672 4486.308 4478.943 4469.079 4458.544 4448.008 4437.473 4427.926 4421.758 4415.591 4409.424 4403.256 4400.566 4399.634 4398.701 4397.769 4397.048 4398.188 4399.328 4400.468 4401.607 4403.488 4406.0 4408.512 4411.024 4413.536 4412.033 4410.44 4408.848 4407.255 4404.317 4399.489 4394.661 4389.833 4385.005 4377.834 4370.262 4362.69 4355.118 4347.362 4339.159 4330.955 4322.752 4314.548 4310.36 4307.656 4304.953 4302.25 4300.0 4300.0 4300.0 4300.0 4300.0 4300.0 4300.0 4300.0 4300.0 4300.038 4300.899
4516.745 4512.895 4507.39 4498.817 4490.245 4481.672 4473.1 4462.642 4451.676 4440.711 4429.747 4420.168 4415.333 4410.497 4405.661 4400.825 4398.938 4398.543 4398.147 4397.752 4397.537 4398.902 4400.267 4401.633 4402.998 4405.136 4407.933 4410.729 4413.525 4416.322 4414.726 4413.031 4411.337 4409.642 4406.572 4401.573 4396.573 4391.573 4386.574 4379.13 4371.268 4363.406 4355.544 4347.568 4339.316 4331.065 4322.813 4314.562 4310.36 4307.656 4304.953 4302.25 4300.0 4300.0 4300.0 4300.0 4300.0 4300.0 4300.0 4300.0 4300.0 4300.042 4301.006
4511.224 4506.241 4499.774 4490.553 4481.332 4472.111 4462.89 4453.241 4443.478 4433.714 4423.95 4415.523 4411.667 4407.81 4403.953 4400.097 4398.8 4398.796 4398.793 4398.79 4398.984 4400.913 4402.841 4404.77 4406.698 4409.083 4411.854 4414.627 4417.399 4420.171 4418.361 4416.449 4414.537 4412.625 4409.374 4404.246 4399.118 4393.99 4388.862 4381.275 4373.268 4365.261 4357.254 4349.101 4340.593 4332.085 4323.578 4315.071 4310.729 4307.93 4305.13 4302.33 4300.0 4300.0 4300.0 4300.0 4300.0 4300.0 4300.0 4300.0 4300.0 4300.047 4301.133
4505.06 4498.869 4491.412 4481.606 4471.8 4461.994 4452.188 4443.507 4435.128 4426.75 4418.371 4411.228 4408.312 4405.395 4402.478 4399.561 4398.829 4399.202 4399.574 4399.947 4400.54 4403.07 4405.6 4408.129 4410.659 4413.288 4416.001 4418.714 4421.428 4424.141 4422.104 4419.96 4417.817 4415.674 4412.238 4406.986 4401.734 4396.483 4391.231 4383.517 4375.38 4367.245 4359.109 4350.783 4341.996 4333.209 4324.423 4315.636 4311.141 4308.234 4305.327 4302.419 4300.0 4300.0 4300.0 4300.0 4300.0 4300.0 4300.0 4300.0 4300.0 4300.053 4301.262
4498.896 4491.498 4483.05 4472.659 4462.268 4451.876 4441.485 4433.772 4426.779 4419.786 4412.792 4406.934 4404.957 4402.979 4401.002 4399.025 4398.858 4399.606 4400.355 4401.104 4402.096 4405.227 4408.358 4411.489 4414.62 4417.494 4420.148 4422.802 4425.456 4428.11 4425.846 4423.472 4421.098 4418.724 4415.101 4409.726 4404.351 4398.976 4393.601 4385.758 4377.493 4369.228 4360.963 4352.465 4343.399 4334.333 4325.267 4316.201 4311.552 4308.538 4305.523 4302.509 4300.0 4300.0 4300.0 4300.0 4300.0 4300.0 4300.0 4300.0 4300.0 4300.058 4301.391
4492.732 4484.125 4474.688 4463.712 4452.735 4441.759 4430.782 4424.038 4418.429 4412.821 4407.213 4402.639 4401.602 4400.564 4399.526 4398.489 4398.887 4400.012 4401.136 4402.26 4403.651 4407.384 4411.116 4414.849 4418.582 4421.7 4424.294 4426.89 4429.485 4432.08 4429.588 4426.983 4424.378 4421.773 4417.964 4412.466 4406.967 4401.469 4395.97 4387.999 4379.605 4371.212 4362.818 4354.147 4344.802 4335.457 4326.112 4316.767 4311.964 4308.842 4305.72 4302.598 4300.0 4300.0 4300.0 4300.0 4300.0 4300.0 4300.0 4300.0 4300.0 4300.064 4301.52
4484.832 4475.182 4465.144 4454.386 4443.627 4432.869 4422.11 4416.392 4412.027 4407.662 4403.297 4399.841 4399.49 4399.139 4398.788 4398.438 4399.556 4401.418 4403.28 4405.142 4407.246 4411.471 4415.696 4419.92 4424.146 4427.277 4429.479 4431.68 4433.882 4436.083 4433.397 4430.602 4427.807 4425.012 4421.046 4415.435 4409.825 4404.214 4398.604 4390.308 4381.551 4372.795 4364.04 4355.04 4345.449 4335.857 4326.266 4316.675 4311.831 4308.744 4305.657 4302.569 4300.0 4300.0 4300.0 4300.0 4300.0 4300.0 4300.0 4300.0 4300.0 4300.069 4301.65
4473.874 4463.473 4453.518 4444.392 4435.266 4426.14 4417.013 4412.423 4409.052 4405.68 4402.309 4399.675 4399.566 4399.457 4399.347 4399.238 4401.351 4404.587 4407.824 4411.061 4414.429 4418.954 4423.48 4428.005 4432.531 4435.271 4436.489 4437.708 4438.927 4440.146 4437.323 4434.41 4431.497 4428.583 4424.51 4418.809 4413.107 4407.405 4401.704 4392.733 4383.204 4373.675 4364.146 4354.544 4344.765 4334.986 4325.207 4315.428 4310.741 4307.938 4305.135 4302.333 4300.0 4300.0 4300.0 4300.0 4300.0 4300.0 4300.0 4300.0 4300.0 4300.075 4301.785
4462.916 4451.763 4441.892 4434.398 4426.904 4419.41 4411.916 4408.455 4406.076 4403.698 4401.319 4399.509 4399.642 4399.774 4399.906 4400.039 4403.146 4407.757 4412.368 4416.979 4421.612 4426.438 4431.265 4436.091 4440.917 4443.264 4443.5 4443.737 4443.973 4444.209 4441.25 4438.218 4435.187 4432.155 4427.975 4422.182 4416.389 4410.596 4404.803 4395.159 4384.857 4374.555 4364.252 4354.048 4344.081 4334.114 4324.147 4314.18 4309.65 4307.132 4304.614 4302.096 4300.0 4300.0 4300.0 4300.0 4300.0 4300.0 4300.0 4300.0 4300.0 4300.081 4301.919
4451.958 4440.053 4430.266 4424.404 4418.542 4412.681 4406.819 4404.486 4403.101 4401.716 4400.331 4399.343 4399.717 4400.091 4400.465 4400.839 4404.94 4410.926 4416.912 4422.897 4428.795 4433.922 4439.049 4444.176 4449.303 4451.257 4450.511 4449.765 4449.018 4448.272 4445.175 4442.026 4438.876 4435.727 4431.44 4425.556 4419.671 4413.787 4407.903 4397.585 4386.51 4375.435 4364.359 4353.553 4343.397 4333.243 4323.088 4312.933 4308.56 4306.326 4304.092 4301.859 4300.0 4300.0 4300.0 4300.0 4300.0 4300.0 4300.0 4300.0 4300.0 4300.086 4302.054
4441.0 4428.343 4418.64 4414.41 4410.181 4405.951 4401.722 4400.518 4400.125 4399.733 4399.342 4399.178 4399.793 4400.409 4401.024 4401.64 4406.735 4414.095 4421.455 4428.815 4435.978 4441.405 4446.833 4452.261 4457.688 4459.25 4457.522 4455.793 4454.064 4452.335 4449.101 4445.834 4442.566 4439.299 4434.905 4428.929 4422.954 4416.978 4411.002 4400.011 4388.163 4376.314 4364.466 4353.057 4342.714 4332.371 4322.028 4311.686 4307.469 4305.521 4303.571 4301.622 4300.0 4300.0 4300.0 4300.0 4300.0 4300.0 4300.0 4300.0 4300.0 4300.092 4302.188
4433.77 4422.26 4413.652 4410.425 4407.198 4403.971 4400.744 4400.175 4400.319 4400.463 4400.608 4401.072 4402.63 4404.188 4405.746 4407.304 4413.175 4421.227 4429.278 4437.33 4445.053 4449.895 4454.736 4459.577 4464.418 4465.324 4462.878 4460.433 4457.988 4455.542 4451.887 4448.204 4444.521 4440.838 4436.156 4430.072 4423.987 4417.903 4411.818 4400.579 4388.458 4376.338 4364.217 4352.629 4342.334 4332.038 4321.743 4311.447 4307.293 4305.411 4303.529 4301.647 4300.078 4300.06 4300.042 4300.025 4300.007 4300.0 4300.0 4300.0 4300.0 4300.101 4302.415
4427.324 4417.361 4410.063 4407.705 4405.348 4402.991 4400.633 4400.595 4401.18 4401.765 4402.35 4403.401 4406.049 4408.697 4411.345 4413.993 4420.593 4429.192 4437.792 4446.391 4454.527 4458.595 4462.663 4466.731 4470.799 4470.993 4467.887 4464.781 4461.675 4458.569 4454.432 4450.271 4446.111 4441.95 4436.942 4430.745 4424.548 4418.351 4412.153 4400.755 4388.468 4376.181 4363.894 4352.217 4342.018 4331.819 4321.62 4311.421 4307.309 4305.448 4303.587 4301.727 4300.172 4300.133 4300.094 4300.055 4300.016 4300.0 4300.0 4300.0 4300.0 4300.112 4302.662
4420.878 4412.462 4406.473 4404.985 4403.498 4402.01 4400.522 4401.016 4402.041 4403.066 4404.091 4405.729 4409.467 4413.205 4416.943 4420.681 4428.011 4437.158 4446.305 4455.452 4464.0 4467.295 4470.59 4473.885 4477.18 4476.661 4472.895 4469.129 4465.363 4461.597 4456.978 4452.339 4447.7 4443.062 4437.728 4431.418 4425.108 4418.798 4412.488 4400.932 4388.478 4376.025 4363.571 4351.804 4341.702 4331.6 4321.497 4311.395 4307.324 4305.485 4303.646 4301.807 4300.267 4300.206 4300.146 4300.084 4300.024 4300.0 4300.0 4300.0 4300.0 4300.122 4302.909
4414.433 4407.563 4402.883 4402.265 4401.647 4401.03 4400.412 4401.437 4402.902 4404.367 4405.832 4408.058 4412.886 4417.714 4422.542 4427.369 4435.429 4445.124 4454.818 4464.513 4473.475 4475.996 4478.518 4481.04 4483.562 4482.33 4477.903 4473.477 4469.05 4464.624 4459.522 4454.406 4449.29 4444.174 4438.514 4432.091 4425.668 4419.246 4412.823 4401.108 4388.488 4375.868 4363.248 4351.392 4341.386 4331.38 4321.375 4311.369 4307.34 4305.522 4303.705 4301.887 4300.361 4300.279 4300.197 4300.115 4300.032 4300.0 4300.0 4300.0 4300.0 4300.132 4303.155
4409.65 4404.299 4400.917 4401.183 4401.449 4401.715 4401.981 4403.654 4405.704 4407.754 4409.804 4412.662 4418.281 4423.9 4429.519 4435.137 4443.454 4453.134 4462.814 4472.495 4481.368 4483.146 4484.924 4486.702 4488.48 4486.651 4481.751 4476.851 4471.951 4467.051 4461.502 4455.939 4450.376 4444.813 4438.836 4432.279 4425.722 4419.165 4412.607 4400.986 4388.498 4376.011 4363.523 4351.82 4342.022 4332.223 4322.425 4312.626 4308.492 4306.453 4304.414 4302.375 4300.654 4300.505 4300.356 4300.208 4300.059 4300.0 4300.0 4300.0 4300.0 4300.139 4303.308
4408.94 4405.044 4402.928 4404.113 4405.297 4406.481 4407.666 4410.273 4413.263 4416.253 4419.243 4422.841 4428.519 4434.197 4439.875 4445.552 4452.965 4461.255 4469.544 4477.834 4485.39 4486.497 4487.604 4488.711 4489.818 4487.671 4482.755 4477.839 4472.923 4468.006 4462.095 4456.162 4450.228 4444.294 4438.023 4431.278 4424.533 4417.788 4411.042 4400.132 4388.508 4376.885 4365.262 4354.312 4344.991 4335.67 4326.349 4317.029 4312.428 4309.573 4306.718 4303.863 4301.432 4301.106 4300.78 4300.455 4300.128 4300.0 4300.0 4300.0 4300.0 4300.135 4303.229
4408.229 4405.789 4404.94 4407.042 4409.145 4411.247 4413.35 4416.893 4420.822 4424.751 4428.681 4433.019 4438.756 4444.493 4450.23 4455.967 4462.476 4469.375 4476.274 4483.173 4489.412 4489.848 4490.284 4490.719 4491.155 4488.691 4483.759 4478.827 4473.895 4468.962 4462.688 4456.384 4450.08 4443.776 4437.21 4430.277 4423.344 4416.411 4409.478 4399.278 4388.519 4377.76 4367.001 4356.802 4347.959 4339.117 4330.274 4321.431 4316.363 4312.692 4309.021 4305.35 4302.211 4301.708 4301.205 4300.702 4300.198 4300.0 4300.0 4300.0 4300.0 4300.132 4303.15
4407.519 4406.534 4406.952 4409.972 4412.993 4416.014 4419.034 4423.512 4428.381 4433.25 4438.119 4443.198 4448.994 4454.79 4460.586 4466.382 4471.987 4477.495 4483.004 4488.512 4493.434 4493.198 4492.963 4492.728 4492.493 4489.712 4484.763 4479.815 4474.866 4469.917 4463.281 4456.606 4449.932 4443.257 4436.397 4429.276 4422.155 4415.034 4407.913 4398.424 4388.529 4378.635 4368.741 4359.293 4350.928 4342.563 4334.198 4325.833 4320.299 4315.812 4311.325 4306.838 4302.99 4302.309 4301.629 4300.949 4300.268 4300.0 4300.0 4300.0 4300.0 4300.129 4303.072
4406.809 4407.278 4408.963 4412.902 4416.841 4420.78 4424.718 4430.131 4435.94 4441.749 4447.557 4453.376 4459.231 4465.086 4470.941 4476.797 4481.498 4485.615 4489.733 4493.851 4497.455 4496.549 4495.643 4494.736 4493.83 4490.732 4485.767 4480.803 4475.838 4470.874 4463.874 4456.829 4449.784 4442.739 4435.584 4428.275 4420.966 4413.657 4406.348 4397.57 4388.54 4379.51 4370.48 4361.784 4353.897 4346.01 4338.123 4330.236 4324.235 4318.932 4313.628 4308.325 4303.768 4302.911 4302.053 4301.196 4300.338 4300.0 4300.0 4300.0 4300.0 4300.125 4302.994
4411.472 4413.194 4416.011 4420.855 4425.7 4430.544 4435.389 4441.045 4446.92 4452.794 4458.668 4464.381 4469.543 4474.704 4479.866 4485.027 4488.698 4491.616 4494.533 4497.45 4499.922 4498.482 4497.042 4495.603 4494.163 4490.758 4485.68 4480.603 4475.524 4470.447 4463.245 4455.995 4448.745 4441.496 4434.201 4426.841 4419.482 4412.123 4404.764 4396.799 4388.73 4380.663 4372.594 4364.756 4357.476 4350.196 4342.917 4335.637 4329.328 4323.379 4317.43 4311.48 4306.29 4304.858 4303.427 4301.996 4300.564 4300.0 4300.0 4300.0 4300.0 4300.136 4303.24
