data/zism_data/00180_03_D.txt
ncols         224
nrows         224
[rows 168 to 195 of 224, columns 0 to 62 of 224]
1886.996 1889.19 1890.163 1891.136 1892.11 1893.083 1894.048 1895.011 1895.974 1896.936 1897.791 1898.207 1898.623 1899.039 1899.454 1898.806 1897.545 1896.285 1895.024 1893.391 1887.022 1880.654 1874.286 1867.917 1859.866 1850.205 1840.544 1830.883 1821.222 1817.26 1813.605 1809.95 1806.295 1803.732 1802.901 1802.07 1801.239 1800.408 1800.215 1800.158 1800.1 1800.042 1800.169 1800.814 1801.458 1802.102 1802.746 1805.996 1810.357 1814.719 1819.081 1823.544 1828.634 1833.724 1838.814 1843.905 1847.859 1850.981 1854.102 1857.224 1860.302 1860.485 1860.668
1890.714 1892.891 1893.576 1894.262 1894.947 1895.633 1896.193 1896.713 1897.233 1897.754 1898.246 1898.625 1899.003 1899.381 1899.76 1899.209 1898.125 1897.04 1895.955 1894.47 1887.894 1881.317 1874.741 1868.165 1859.604 1849.143 1838.683 1828.222 1817.761 1814.016 1810.633 1807.25 1803.867 1801.646 1801.268 1800.89 1800.512 1800.134 1800.056 1800.041 1800.026 1800.011 1800.186 1800.894 1801.603 1802.311 1803.019 1806.526 1811.229 1815.932 1820.635 1825.424 1830.749 1836.074 1841.399 1846.723 1850.818 1854.008 1857.199 1860.389 1863.536 1863.746 1863.956
1892.626 1894.641 1895.159 1895.678 1896.197 1896.715 1896.973 1897.148 1897.323 1897.498 1897.71 1898.071 1898.433 1898.795 1899.157 1898.492 1897.237 1895.982 1894.727 1893.067 1886.251 1879.436 1872.621 1865.805 1857.129 1846.672 1836.216 1825.759 1815.302 1811.875 1808.825 1805.776 1802.727 1800.785 1800.597 1800.409 1800.221 1800.033 1800.0 1800.0 1800.0 1800.0 1800.198 1800.949 1801.7 1802.452 1803.203 1806.946 1811.965 1816.985 1822.005 1827.122 1832.84 1838.559 1844.277 1849.996 1854.277 1857.502 1860.727 1863.953 1867.134 1867.325 1867.517
1893.566 1895.337 1895.755 1896.172 1896.59 1897.007 1897.018 1896.9 1896.782 1896.663 1896.639 1896.995 1897.352 1897.708 1898.065 1897.171 1895.559 1893.947 1892.335 1890.324 1883.253 1876.182 1869.111 1862.04 1853.462 1843.442 1833.422 1823.403 1813.383 1810.327 1807.646 1804.964 1802.283 1800.585 1800.445 1800.305 1800.165 1800.025 1800.0 1800.0 1800.0 1800.0 1800.206 1800.989 1801.773 1802.556 1803.339 1807.304 1812.628 1817.952 1823.275 1828.72 1834.919 1841.117 1847.315 1853.513 1858.007 1861.248 1864.489 1867.73 1870.927 1871.075 1871.224
1894.505 1896.034 1896.351 1896.667 1896.983 1897.299 1897.063 1896.652 1896.24 1895.829 1895.568 1895.919 1896.27 1896.621 1896.972 1895.85 1893.881 1891.912 1889.943 1887.582 1880.255 1872.928 1865.601 1858.274 1849.794 1840.212 1830.629 1821.047 1811.464 1808.779 1806.466 1804.152 1801.839 1800.385 1800.292 1800.2 1800.108 1800.016 1800.0 1800.0 1800.0 1800.0 1800.214 1801.03 1801.845 1802.66 1803.476 1807.663 1813.291 1818.918 1824.546 1830.319 1836.997 1843.675 1850.353 1857.031 1861.736 1864.994 1868.251 1871.508 1874.719 1874.826 1874.932
1895.444 1896.731 1896.946 1897.161 1897.376 1897.591 1897.108 1896.403 1895.699 1894.994 1894.497 1894.842 1895.188 1895.534 1895.88 1894.529 1892.203 1889.876 1887.55 1884.84 1877.257 1869.674 1862.091 1854.508 1846.127 1836.982 1827.836 1818.691 1809.545 1807.231 1805.286 1803.34 1801.394 1800.184 1800.14 1800.096 1800.052 1800.008 1800.0 1800.0 1800.0 1800.0 1800.223 1801.07 1801.917 1802.765 1803.612 1808.022 1813.953 1819.885 1825.816 1831.917 1839.075 1846.233 1853.391 1860.548 1865.466 1868.739 1872.013 1875.286 1878.512 1878.576 1878.639
1896.247 1897.288 1897.401 1897.515 1897.629 1897.742 1897.012 1896.015 1895.017 1894.019 1893.28 1893.598 1893.915 1894.233 1894.55 1892.955 1890.26 1887.565 1884.87 1881.801 1873.992 1866.182 1858.372 1850.563 1842.316 1833.652 1824.988 1816.323 1807.659 1805.718 1804.14 1802.562 1800.983 1800.015 1800.013 1800.011 1800.01 1800.008 1800.006 1800.005 1800.003 1800.001 1800.23 1801.107 1801.984 1802.861 1803.738 1808.355 1814.569 1820.784 1826.998 1833.408 1841.032 1848.655 1856.278 1863.902 1869.039 1872.35 1875.662 1878.973 1882.237 1882.258 1882.279
1895.482 1896.234 1896.246 1896.259 1896.271 1896.284 1895.307 1894.016 1892.725 1891.434 1890.402 1890.426 1890.451 1890.475 1890.499 1888.478 1885.282 1882.086 1878.89 1875.365 1867.662 1859.959 1852.256 1844.553 1836.863 1829.184 1821.506 1813.828 1806.149 1804.603 1803.387 1802.172 1800.956 1800.201 1800.178 1800.155 1800.132 1800.109 1800.086 1800.063 1800.04 1800.017 1800.23 1801.107 1801.984 1802.861 1803.738 1808.388 1814.651 1820.913 1827.176 1833.669 1841.597 1849.524 1857.451 1865.378 1870.813 1874.417 1878.022 1881.627 1885.178 1885.157 1885.135
1894.718 1895.18 1895.091 1895.002 1894.914 1894.825 1893.601 1892.017 1890.432 1888.848 1887.524 1887.255 1886.986 1886.717 1886.448 1884.002 1880.305 1876.608 1872.911 1868.929 1861.333 1853.736 1846.14 1838.543 1831.409 1824.717 1818.025 1811.332 1804.64 1803.488 1802.635 1801.781 1800.928 1800.387 1800.343 1800.299 1800.255 1800.21 1800.166 1800.121 1800.077 1800.033 1800.23 1801.107 1801.984 1802.861 1803.738 1808.422 1814.733 1821.043 1827.354 1833.93 1842.161 1850.392 1858.623 1866.854 1872.586 1876.484 1880.382 1884.28 1888.12 1888.056 1887.991
1893.954 1894.126 1893.936 1893.746 1893.556 1893.366 1891.895 1890.018 1888.14 1886.263 1884.645 1884.083 1883.521 1882.959 1882.397 1879.526 1875.328 1871.13 1866.932 1862.493 1855.003 1847.514 1840.024 1832.534 1825.955 1820.249 1814.543 1808.837 1803.131 1802.373 1801.882 1801.391 1800.9 1800.574 1800.508 1800.442 1800.377 1800.311 1800.245 1800.18 1800.114 1800.048 1800.23 1801.107 1801.984 1802.861 1803.738 1808.456 1814.814 1821.173 1827.531 1834.191 1842.726 1851.261 1859.796 1868.33 1874.36 1878.551 1882.742 1886.933 1891.062 1890.955 1890.848
1893.189 1893.073 1892.781 1892.49 1892.198 1891.907 1890.189 1888.019 1885.848 1883.678 1881.767 1880.911 1880.056 1879.201 1878.346 1875.05 1870.351 1865.651 1860.952 1856.057 1848.674 1841.291 1833.908 1826.524 1820.502 1815.782 1811.062 1806.342 1801.621 1801.258 1801.13 1801.001 1800.873 1800.76 1800.673 1800.586 1800.499 1800.412 1800.325 1800.238 1800.151 1800.064 1800.23 1801.107 1801.984 1802.861 1803.738 1808.489 1814.896 1821.302 1827.709 1834.452 1843.291 1852.129 1860.968 1869.807 1876.134 1880.618 1885.103 1889.587 1894.003 1893.854 1893.704
1892.064 1891.66 1891.193 1890.727 1890.261 1889.795 1887.88 1885.507 1883.133 1880.759 1878.609 1877.371 1876.133 1874.895 1873.657 1870.058 1865.103 1860.148 1855.193 1850.086 1843.052 1836.018 1828.984 1821.949 1816.54 1812.686 1808.832 1804.978 1801.125 1801.054 1801.187 1801.32 1801.453 1801.473 1801.313 1801.153 1800.993 1800.833 1800.659 1800.483 1800.306 1800.13 1800.23 1801.107 1801.984 1802.861 1803.738 1808.506 1814.936 1821.365 1827.795 1834.582 1843.586 1852.589 1861.593 1870.596 1877.098 1881.764 1886.43 1891.095 1895.691 1895.547 1895.404
1890.592 1889.903 1889.192 1888.48 1887.769 1887.057 1884.995 1882.504 1880.013 1877.522 1875.186 1873.478 1871.771 1870.064 1868.356 1864.573 1859.597 1854.62 1849.644 1844.56 1838.107 1831.654 1825.2 1818.747 1814.006 1810.904 1807.801 1804.699 1801.597 1801.721 1802.02 1802.318 1802.616 1802.69 1802.407 1802.125 1801.842 1801.559 1801.237 1800.906 1800.575 1800.244 1800.23 1801.107 1801.984 1802.861 1803.738 1808.506 1814.936 1821.365 1827.795 1834.587 1843.622 1852.658 1861.693 1870.729 1877.287 1882.027 1886.768 1891.508 1896.178 1896.088 1895.998
1889.12 1888.146 1887.19 1886.233 1885.277 1884.32 1882.11 1879.501 1876.893 1874.285 1871.762 1869.585 1867.409 1865.233 1863.056 1859.088 1854.091 1849.093 1844.095 1839.034 1833.162 1827.289 1821.417 1815.545 1811.472 1809.121 1806.771 1804.42 1802.069 1802.389 1802.852 1803.316 1803.78 1803.907 1803.502 1803.097 1802.691 1802.286 1801.815 1801.329 1800.844 1800.358 1800.23 1801.107 1801.984 1802.861 1803.738 1808.506 1814.936 1821.365 1827.795 1834.591 1843.659 1852.726 1861.793 1870.861 1877.476 1882.291 1887.106 1891.921 1896.665 1896.628 1896.592
1887.649 1886.39 1885.188 1883.986 1882.784 1881.583 1879.224 1876.499 1873.773 1871.048 1868.338 1865.693 1863.047 1860.402 1857.756 1853.604 1848.585 1843.566 1838.547 1833.508 1828.216 1822.925 1817.634 1812.343 1808.938 1807.339 1805.74 1804.14 1802.541 1803.056 1803.685 1804.314 1804.943 1805.124 1804.596 1804.068 1803.541 1803.013 1802.392 1801.752 1801.112 1800.472 1800.23 1801.107 1801.984 1802.861 1803.738 1808.506 1814.936 1821.365 1827.795 1834.596 1843.695 1852.794 1861.894 1870.993 1877.665 1882.555 1887.444 1892.334 1897.152 1897.169 1897.185
1886.177 1884.633 1883.186 1881.739 1880.292 1878.845 1876.339 1873.496 1870.653 1867.81 1864.914 1861.8 1858.685 1855.571 1852.456 1848.119 1843.078 1838.038 1832.998 1827.981 1823.271 1818.561 1813.851 1809.141 1806.404 1805.556 1804.709 1803.861 1803.014 1803.724 1804.518 1805.312 1806.106 1806.341 1805.691 1805.04 1804.39 1803.739 1802.97 1802.175 1801.381 1800.586 1800.23 1801.107 1801.984 1802.861 1803.738 1808.506 1814.936 1821.365 1827.795 1834.6 1843.731 1852.863 1861.994 1871.126 1877.854 1882.818 1887.782 1892.747 1897.639 1897.709 1897.779
1884.874 1883.092 1881.43 1879.768 1878.106 1876.444 1873.896 1871.066 1868.237 1865.407 1862.495 1859.248 1856.001 1852.753 1849.506 1845.295 1840.529 1835.764 1830.998 1826.277 1822.118 1817.958 1813.799 1809.64 1807.351 1806.854 1806.356 1805.859 1805.361 1805.984 1806.667 1807.35 1808.034 1808.13 1807.297 1806.464 1805.63 1804.797 1803.835 1802.846 1801.856 1800.867 1800.36 1801.207 1802.053 1802.9 1803.747 1808.499 1814.919 1821.338 1827.758 1834.533 1843.51 1852.488 1861.466 1870.444 1877.092 1882.031 1886.969 1891.907 1896.778 1897.102 1897.426
1883.582 1881.565 1879.69 1877.814 1875.939 1874.064 1871.48 1868.672 1865.864 1863.056 1860.139 1856.78 1853.42 1850.061 1846.702 1842.636 1838.164 1833.691 1829.219 1824.809 1821.199 1817.589 1813.978 1810.368 1808.514 1808.342 1808.17 1807.997 1807.825 1808.343 1808.898 1809.453 1810.009 1809.955 1808.935 1807.915 1806.895 1805.875 1804.718 1803.531 1802.345 1801.158 1800.497 1801.312 1802.127 1802.942 1803.756 1808.491 1814.9 1821.31 1827.719 1834.461 1843.274 1852.086 1860.899 1869.711 1876.271 1881.178 1886.084 1890.99 1895.834 1896.424 1897.015
1882.289 1880.037 1877.949 1875.86 1873.772 1871.683 1869.065 1866.278 1863.491 1860.704 1857.782 1854.311 1850.84 1847.369 1843.898 1839.977 1835.798 1831.619 1827.439 1823.342 1820.281 1817.219 1814.158 1811.097 1809.677 1809.83 1809.983 1810.136 1810.288 1810.702 1811.129 1811.557 1811.984 1811.779 1810.573 1809.367 1808.16 1806.954 1805.601 1804.217 1802.833 1801.449 1800.635 1801.418 1802.2 1802.983 1803.766 1808.484 1814.882 1821.281 1827.679 1834.39 1843.037 1851.684 1860.331 1868.979 1875.45 1880.325 1885.199 1890.074 1894.889 1895.746 1896.604
1880.996 1878.51 1876.208 1873.906 1871.605 1869.303 1866.649 1863.884 1861.118 1858.352 1855.426 1851.843 1848.26 1844.677 1841.094 1837.318 1833.432 1829.546 1825.66 1821.874 1819.362 1816.85 1814.337 1811.825 1810.841 1811.318 1811.796 1812.274 1812.752 1813.061 1813.36 1813.66 1813.959 1813.604 1812.211 1810.818 1809.425 1808.032 1806.484 1804.903 1803.322 1801.741 1800.772 1801.523 1802.274 1803.025 1803.775 1808.476 1814.864 1821.252 1827.64 1834.318 1842.8 1851.282 1859.764 1868.246 1874.629 1879.472 1884.314 1889.157 1893.945 1895.068 1896.192
1880.018 1877.351 1874.883 1872.416 1869.949 1867.482 1864.778 1862.0 1859.222 1856.444 1853.513 1849.959 1846.405 1842.851 1839.297 1835.761 1832.236 1828.71 1825.185 1821.768 1819.729 1817.691 1815.652 1813.613 1812.943 1813.581 1814.219 1814.857 1815.496 1815.676 1815.832 1815.988 1816.143 1815.644 1814.106 1812.568 1811.03 1809.492 1807.755 1805.974 1804.194 1802.414 1801.273 1801.926 1802.579 1803.233 1803.886 1808.503 1814.813 1821.122 1827.432 1834.007 1842.231 1850.454 1858.678 1866.901 1873.188 1878.052 1882.916 1887.78 1892.594 1894.025 1895.457
1879.569 1876.813 1874.26 1871.708 1869.155 1866.602 1863.826 1860.979 1858.132 1855.284 1852.35 1849.063 1845.775 1842.487 1839.2 1836.063 1833.011 1829.96 1826.909 1823.957 1822.265 1820.573 1818.881 1817.189 1816.627 1817.148 1817.669 1818.19 1818.711 1818.724 1818.709 1818.694 1818.679 1818.047 1816.434 1814.822 1813.209 1811.597 1809.679 1807.696 1805.713 1803.73 1802.385 1802.831 1803.276 1803.722 1804.167 1808.587 1814.705 1820.823 1826.941 1833.293 1841.101 1848.909 1856.716 1864.524 1870.699 1875.675 1880.651 1885.627 1890.557 1892.367 1894.177
1879.12 1876.275 1873.637 1870.999 1868.361 1865.723 1862.874 1859.957 1857.041 1854.124 1851.187 1848.166 1845.145 1842.124 1839.103 1836.364 1833.787 1831.21 1828.634 1826.147 1824.801 1823.455 1822.11 1820.764 1820.312 1820.716 1821.12 1821.523 1821.927 1821.772 1821.586 1821.401 1821.216 1820.449 1818.762 1817.075 1815.388 1813.701 1811.603 1809.417 1807.232 1805.047 1803.498 1803.735 1803.973 1804.21 1804.448 1808.672 1814.598 1820.524 1826.45 1832.579 1839.971 1847.363 1854.755 1862.147 1868.21 1873.298 1878.386 1883.474 1888.52 1890.708 1892.897
1878.67 1875.737 1873.014 1870.29 1867.567 1864.844 1861.922 1858.936 1855.95 1852.964 1850.024 1847.269 1844.515 1841.76 1839.005 1836.665 1834.563 1832.46 1830.358 1828.336 1827.337 1826.338 1825.339 1824.339 1823.997 1824.283 1824.57 1824.856 1825.143 1824.82 1824.464 1824.108 1823.752 1822.852 1821.09 1819.328 1817.567 1815.805 1813.527 1811.139 1808.751 1806.363 1804.61 1804.64 1804.67 1804.699 1804.729 1808.756 1814.49 1820.224 1825.958 1831.865 1838.841 1845.817 1852.793 1859.77 1865.722 1870.921 1876.121 1881.321 1886.483 1889.05 1891.617
1878.221 1875.199 1872.39 1869.582 1866.773 1863.965 1860.969 1857.914 1854.859 1851.804 1848.86 1846.372 1843.884 1841.396 1838.908 1836.966 1835.338 1833.71 1832.082 1830.526 1829.873 1829.22 1828.567 1827.914 1827.682 1827.851 1828.02 1828.189 1828.359 1827.868 1827.341 1826.814 1826.288 1825.255 1823.418 1821.582 1819.746 1817.909 1815.451 1812.86 1810.27 1807.68 1805.723 1805.545 1805.367 1805.188 1805.01 1808.84 1814.383 1819.925 1825.467 1831.151 1837.711 1844.271 1850.832 1857.392 1863.233 1868.545 1873.856 1879.168 1884.445 1887.391 1890.337
1878.133 1875.095 1872.279 1869.462 1866.645 1863.829 1860.869 1857.865 1854.86 1851.855 1848.994 1846.717 1844.44 1842.163 1839.885 1838.227 1836.923 1835.62 1834.317 1833.073 1832.592 1832.11 1831.628 1831.146 1830.972 1831.092 1831.213 1831.333 1831.454 1830.863 1830.235 1829.606 1828.977 1827.858 1825.96 1824.062 1822.163 1820.265 1817.795 1815.203 1812.611 1810.019 1808.034 1807.751 1807.467 1807.184 1806.901 1810.427 1815.58 1820.734 1825.887 1831.193 1837.445 1843.697 1849.948 1856.2 1861.982 1867.418 1872.855 1878.291 1883.693 1886.773 1889.854
1878.133 1875.099 1872.293 1869.487 1866.681 1863.875 1860.979 1858.054 1855.129 1852.205 1849.447 1847.366 1845.286 1843.207 1841.127 1839.723 1838.707 1837.692 1836.676 1835.709 1835.355 1835.001 1834.647 1834.293 1834.165 1834.254 1834.342 1834.431 1834.519 1833.846 1833.132 1832.419 1831.705 1830.51 1828.553 1826.596 1824.64 1822.683 1820.242 1817.698 1815.154 1812.61 1810.639 1810.276 1809.913 1809.549 1809.186 1812.382 1817.099 1821.815 1826.531 1831.421 1837.391 1843.36 1849.329 1855.298 1861.034 1866.599 1872.163 1877.728 1883.257 1886.411 1889.566
1878.133 1875.102 1872.307 1869.511 1866.716 1863.921 1861.088 1858.243 1855.399 1852.554 1849.899 1848.016 1846.133 1844.25 1842.368 1841.218 1840.491 1839.763 1839.036 1838.344 1838.119 1837.893 1837.667 1837.441 1837.359 1837.415 1837.472 1837.528 1837.585 1836.829 1836.03 1835.231 1834.432 1833.162 1831.147 1829.131 1827.116 1825.101 1822.689 1820.193 1817.697 1815.201 1813.245 1812.801 1812.358 1811.915 1811.471 1814.337 1818.617 1822.896 1827.175 1831.65 1837.336 1843.023 1848.71 1854.397 1860.087 1865.779 1871.471 1877.164 1882.82 1886.049 1889.279
