data/zism_data/00189_04_D.txt
ncols         224
nrows         224
[rows 196 to 223 of 224, columns 128 to 191 of 224]
728.0067 731.9448 735.883 739.8212 740.5115 739.9353 739.3591 738.7828 737.5997 734.0105 730.4213 726.8322 723.2429 720.0121 716.9473 713.8824 710.8176 707.7712 704.8179 701.8646 698.9113 695.958 691.6156 686.5169 681.418 676.3193 670.5263 660.066 649.6057 639.1453 628.6849 616.2368 602.5264 588.816 575.1056 561.679 551.0028 540.3264 529.6503 518.9741 511.8085 507.2318 502.6551 498.0783 493.6626 491.8836 490.1046 488.3255 486.5465 485.7112 485.6813 485.6513 485.6214 485.5518 483.6835 481.8151 479.9467 478.0784 473.338 465.7667 458.1953 450.624 443.0524 441.5737
732.318 736.3158 740.3135 744.3113 744.9678 744.321 743.6743 743.0276 741.7445 737.9385 734.1324 730.3264 726.5203 723.2801 720.3021 717.324 714.3459 711.4257 708.7976 706.1696 703.5416 700.9136 696.6192 691.4175 686.2156 681.0139 675.054 663.9973 652.9406 641.8839 630.8272 617.3218 602.2615 587.2011 572.1408 557.5123 547.0693 536.6259 526.1829 515.7399 509.3223 505.8732 502.4242 498.975 495.674 494.7949 493.9158 493.0367 492.1577 491.7719 491.807 491.8421 491.8773 491.869 489.8922 487.9154 485.9386 483.9618 479.1977 471.6859 464.1743 456.6625 449.1506 447.7262
737.5137 741.3621 745.2106 749.059 749.5721 748.7845 747.9969 747.2094 745.7842 741.8317 737.8793 733.9268 729.9741 726.6537 723.626 720.5982 717.5705 714.6103 711.9907 709.3712 706.7516 704.1321 699.6558 694.1685 688.681 683.1937 676.9079 665.2548 653.6018 641.9487 630.2957 615.9457 599.883 583.8203 567.7576 552.3019 542.73 533.1578 523.586 514.0142 508.6292 506.332 504.0348 501.7375 499.5532 499.2155 498.8777 498.54 498.2024 497.9288 497.71 497.4911 497.2723 497.0106 494.8044 492.5982 490.392 488.1858 483.4197 476.1305 468.8412 461.5519 454.2624 452.8534
744.0045 747.3975 750.7905 754.1835 754.3934 753.3619 752.3303 751.2987 749.67 745.6742 741.6783 737.6825 733.6865 730.1819 726.9047 723.6276 720.3505 717.1068 714.0318 710.9569 707.882 704.8071 699.8121 693.7719 687.7313 681.691 674.8466 662.5972 650.3478 638.0984 625.8491 610.9656 594.4095 577.8535 561.2975 545.5634 537.7969 530.0301 522.2636 514.4971 510.5617 509.4518 508.3419 507.232 506.1675 505.8461 505.5246 505.2032 504.8817 504.2266 503.2867 502.3469 501.407 500.431 497.8182 495.2054 492.5925 489.9797 485.2439 478.4155 471.587 464.7586 457.9299 456.4795
750.4953 753.4329 756.3705 759.3082 759.2148 757.9392 756.6636 755.3881 753.5558 749.5167 745.4774 741.4382 737.3989 733.71 730.1835 726.657 723.1305 719.6034 716.0729 712.5426 709.0123 705.482 699.9684 693.3752 686.7817 680.1884 672.7854 659.9396 647.0939 634.2481 621.4023 605.9855 588.9362 571.8867 554.8373 538.8249 532.8637 526.9023 520.9412 514.98 512.4943 512.5717 512.6491 512.7265 512.7819 512.4767 512.1715 511.8663 511.5612 510.5244 508.8635 507.2026 505.5417 503.8514 500.832 497.8126 494.7931 491.7737 487.0681 480.7005 474.3329 467.9652 461.5974 460.1055
756.9861 759.4683 761.9505 764.4327 764.0361 762.5165 760.997 759.4775 757.4417 753.3591 749.2765 745.1939 741.1112 737.2382 733.4623 729.6864 725.9105 722.0999 718.1141 714.1284 710.1426 706.1569 700.1248 692.9785 685.832 678.6857 670.7241 657.282 643.8399 630.3978 616.9557 601.0055 583.4627 565.92 548.3772 532.0864 527.9305 523.7746 519.6188 515.463 514.4269 515.6915 516.9562 518.2209 519.3962 519.1073 518.8184 518.5295 518.2406 516.8223 514.4402 512.0583 509.6763 507.2718 503.8458 500.4198 496.9936 493.5676 488.8923 482.9855 477.0787 471.1719 465.2649 463.7315
763.4769 765.5037 767.5305 769.5573 768.8574 767.0939 765.3304 763.5669 761.3275 757.2015 753.0756 748.9496 744.8235 740.7664 736.7411 732.7158 728.6905 724.5964 720.1552 715.7141 711.2729 706.8318 700.2811 692.5818 684.8823 677.183 668.6628 654.6244 640.5859 626.5475 612.509 596.0254 577.9893 559.9532 541.9171 525.3478 522.9974 520.6468 518.2963 515.9459 516.3594 518.8114 521.2634 523.7155 526.0106 525.7379 525.4653 525.1926 524.92 523.1201 520.017 516.914 513.811 510.6922 506.8596 503.0269 499.1942 495.3616 490.7165 485.2705 479.8245 474.3785 468.9324 467.3575
769.7908 771.2538 772.7169 774.1798 773.0071 770.8064 768.6056 766.4048 763.781 759.4797 755.1783 750.877 746.5755 742.3053 738.0495 733.7936 729.5378 725.1432 720.0486 714.954 709.8596 704.765 697.684 689.5213 681.3583 673.1957 664.2113 649.7038 635.1962 620.6887 606.1812 590.387 573.7762 557.1655 540.5547 525.4684 525.159 524.8495 524.5402 524.2307 525.7028 528.4888 531.2748 534.0609 536.6153 535.3783 534.1414 532.9044 531.6675 528.9785 525.0507 521.1229 517.1951 513.2599 508.9877 504.7154 500.4431 496.1708 491.4589 486.3134 481.168 476.0225 470.8769 469.4209
776.0783 776.9612 777.8442 778.7271 777.0562 774.3892 771.7221 769.0552 766.0197 761.5231 757.0266 752.5301 748.0334 743.5458 739.0623 734.5788 730.0953 725.3977 719.6199 713.8422 708.0646 702.287 694.6738 686.0611 677.4481 668.8354 659.4011 644.4437 629.4861 614.5286 599.5711 584.6497 569.7521 554.8546 539.957 526.6179 528.3849 530.1519 531.9189 533.6859 536.158 539.15 542.142 545.134 547.8187 545.4703 543.1219 540.7736 538.4252 534.7711 530.003 525.2349 520.4667 515.6997 510.9829 506.2661 501.5492 496.8324 492.039 487.17 482.3011 477.4322 472.563 471.25
782.3658 782.6686 782.9715 783.2743 781.1052 777.972 774.8386 771.7054 768.2583 763.5666 758.8749 754.1832 749.4914 744.7864 740.0752 735.364 730.6528 725.6521 719.1912 712.7304 706.2697 699.809 691.6636 682.6009 673.538 664.4753 654.591 639.1835 623.776 608.3685 592.961 578.9125 565.7281 552.5437 539.3593 527.7673 531.6107 535.4543 539.2977 543.1411 546.6131 549.8111 553.0091 556.2072 559.022 555.5623 552.1025 548.6428 545.183 540.5637 534.9553 529.3468 523.7383 518.1395 512.9782 507.8168 502.6553 497.494 492.6191 488.0267 483.4342 478.8418 474.2492 473.079
788.6534 788.3761 788.0988 787.8215 785.1542 781.5547 777.9552 774.3557 770.4969 765.6101 760.7232 755.8364 750.9493 746.0269 741.088 736.1491 731.2102 725.9065 718.7625 711.6186 704.4747 697.3309 688.6533 679.1407 669.6277 660.1151 649.7808 633.9233 618.0659 602.2084 586.351 573.1752 561.704 550.2328 538.7616 528.9167 534.8366 540.7567 546.6765 552.5964 557.0682 560.4723 563.8763 567.2805 570.2253 565.6542 561.0831 556.5119 551.9407 546.3563 539.9075 533.4587 527.0099 520.5793 514.9734 509.3676 503.7615 498.1556 493.1993 488.8833 484.5674 480.2514 475.9353 474.908
793.2814 792.5938 791.9063 791.2188 788.1322 784.1099 780.0874 776.0651 771.8042 766.5975 761.3907 756.184 750.9771 745.7237 740.4487 735.1736 729.8986 724.2238 716.5321 708.8407 701.1493 693.4579 684.4211 674.6519 664.8823 655.1131 644.5776 628.8918 613.2061 597.5203 581.8345 569.7853 560.0471 550.309 540.5708 532.4217 539.6752 546.929 554.1825 561.436 566.4355 569.7727 573.1099 576.4471 579.2795 573.8481 568.4168 562.9855 557.5541 551.1113 543.806 536.5006 529.1953 521.9202 516.0197 510.1192 504.2186 498.3181 493.3858 489.4078 485.4297 481.4518 477.4736 476.5687
794.5903 793.8323 793.0743 792.3163 788.9681 784.6097 780.2511 775.8926 771.2486 765.4727 759.6967 753.9207 748.1445 742.3329 736.5049 730.6769 724.8489 718.6669 710.6987 702.7308 694.7629 686.795 677.745 668.1059 658.4664 648.8273 638.5884 624.3176 610.0468 595.7759 581.5051 571.0898 563.1245 555.1592 547.1938 540.6375 547.7393 554.8412 561.9429 569.0447 573.6271 576.3517 579.0762 581.8008 584.0353 578.2462 572.457 566.6678 560.8786 553.7913 545.5969 537.4023 529.2078 521.063 515.1679 509.2729 503.3777 497.4826 492.7851 489.2679 485.7507 482.2335 478.7162 477.8927
795.8992 795.0708 794.2424 793.4139 789.8041 785.1095 780.4147 775.7202 770.6931 764.3478 758.0026 751.6573 745.3119 738.9422 732.5612 726.1802 719.7993 713.1099 704.8652 696.6208 688.3765 680.1321 671.0688 661.5599 652.0505 642.5415 632.5991 619.7432 606.8875 594.0316 581.1758 572.3943 566.2018 560.0093 553.8168 548.8534 555.8033 562.7535 569.7034 576.6533 580.8187 582.9307 585.0426 587.1545 588.7911 582.6441 576.4971 570.3501 564.2031 556.4713 547.3877 538.3041 529.2205 520.2057 514.3162 508.4265 502.5367 496.6471 492.1843 489.128 486.0716 483.0152 479.9587 479.2167
797.2082 796.3093 795.4103 794.5114 790.64 785.6093 780.5784 775.5477 770.1375 763.223 756.3085 749.394 742.4793 735.5515 728.6175 721.6835 714.7495 707.553 699.0318 690.5109 681.9901 673.4691 664.3927 655.0138 645.6346 636.2557 626.6098 615.1689 603.7281 592.2873 580.8465 573.6989 569.2792 564.8596 560.4399 557.0692 563.8674 570.6657 577.4638 584.2619 588.0103 589.5096 591.0089 592.5083 593.5468 587.0421 580.5372 574.0324 567.5276 559.1513 549.1786 539.2058 529.2331 519.3486 513.4644 507.5802 501.6958 495.8116 491.5836 488.988 486.3925 483.797 481.2013 480.5408
798.5172 797.5477 796.5783 795.6089 791.476 786.1091 780.7421 775.3752 769.5819 762.0982 754.6144 747.1307 739.6467 732.1608 724.6738 717.1868 709.6999 701.9961 693.1984 684.4011 675.6036 666.8063 657.7166 648.4678 639.2188 629.97 620.6205 610.5947 600.5688 590.543 580.5172 575.0034 572.3566 569.7097 567.0628 565.285 571.9313 578.5779 585.2242 591.8705 595.2019 596.0886 596.9753 597.862 598.3026 591.4399 584.5773 577.7147 570.8521 561.8312 550.9694 540.1075 529.2457 518.4914 512.6126 506.7338 500.8549 494.9761 490.9828 488.8481 486.7134 484.5787 482.4439 481.8648
797.3079 796.0001 794.6922 793.3844 789.1478 783.7689 778.3899 773.011 767.2223 759.8089 752.3954 744.9821 737.5684 729.9276 722.1815 714.4354 706.6893 698.7407 689.7702 680.8 671.8299 662.8597 653.7514 644.5679 635.3842 626.2007 617.079 608.3731 599.6672 590.9612 582.2553 577.8892 576.2805 574.6719 573.0632 572.1937 578.4894 584.7853 591.0811 597.3768 600.2789 600.6783 601.0777 601.4771 601.4204 593.8975 586.3745 578.8516 571.3286 561.7083 550.2986 538.8891 527.4795 516.1996 510.8017 505.4037 500.0055 494.6075 490.974 489.0797 487.1854 485.2911 483.3968 482.9811
795.4575 793.7431 792.0287 790.3143 786.0143 780.7059 775.3973 770.0889 764.4034 757.2231 750.0428 742.8625 735.682 727.989 720.0586 712.1282 704.1978 696.071 686.9542 677.8377 668.7211 659.6046 650.4763 641.3416 632.2066 623.0719 614.1606 606.7504 599.3401 591.9299 584.5197 581.1776 580.42 579.6625 578.905 578.7695 584.6641 590.5588 596.4534 602.3479 604.8177 604.7617 604.7056 604.6496 604.1213 595.8611 587.6008 579.3405 571.0803 560.8717 549.0013 537.1309 525.2606 513.5428 508.7466 503.9504 499.154 494.3578 491.1158 489.4059 487.6959 485.9859 484.2759 484.0446
793.6072 791.4862 789.3652 787.2441 782.8807 777.6428 772.4047 767.1668 761.5846 754.6374 747.6902 740.743 733.7957 726.0505 717.9357 709.821 701.7062 693.4015 684.1382 674.8753 665.6124 656.3495 647.2012 638.1153 629.0291 619.9432 611.2421 605.1276 599.0131 592.8986 586.7842 584.4659 584.5596 584.6532 584.7468 585.3455 590.8388 596.3323 601.8257 607.319 609.3564 608.845 608.3336 607.8221 606.8222 597.8246 588.8271 579.8295 570.8319 560.0352 547.704 535.3728 523.0416 510.8859 506.6915 502.4971 498.3025 494.108 491.2576 489.732 488.2064 486.6807 485.1551 485.108
791.7569 789.2292 786.7016 784.174 779.7472 774.5798 769.4122 764.2447 758.7657 752.0517 745.3376 738.6236 731.9093 724.1119 715.8129 707.5137 699.2147 690.7319 681.3223 671.913 662.5037 653.0944 643.9261 634.889 625.8516 616.8145 608.3237 603.5049 598.6861 593.8674 589.0486 587.7542 588.699 589.6439 590.5887 591.9213 597.0135 602.1058 607.198 612.2902 613.8951 612.9283 611.9615 610.9947 609.5231 599.7882 590.0533 580.3184 570.5836 559.1987 546.4067 533.6146 520.8226 508.2291 504.6364 501.0437 497.451 493.8583 491.3994 490.0581 488.7168 487.3755 486.0342 486.1715
788.5718 785.8808 783.1898 780.4988 776.428 771.8189 767.2097 762.6007 757.6312 751.2322 744.8333 738.4344 732.0353 724.0541 715.3402 706.6263 697.9124 689.0577 679.4932 669.9291 660.3649 650.8007 641.6534 632.733 623.8123 614.8918 606.6691 603.1362 599.6032 596.0703 592.5373 592.2198 593.9451 595.6703 597.3956 599.383 603.9113 608.4398 612.9681 617.4965 618.6115 617.209 615.8066 614.4042 612.4874 602.1495 591.8116 581.4738 571.1359 559.2027 545.9088 532.6149 519.321 506.2466 503.1185 499.9904 496.8622 493.7342 491.5881 490.4099 489.2317 488.0535 486.8753 487.1701
781.6048 779.4397 777.2746 775.1095 772.5825 769.9144 767.2461 764.5779 761.2686 755.4172 749.5659 743.7146 737.863 729.3253 719.5433 709.7614 699.9794 690.2039 680.4604 670.7173 660.9743 651.2312 642.2209 633.6095 624.9978 616.3864 608.5956 606.3204 604.0452 601.77 599.4949 600.0208 602.3261 604.6315 606.9368 609.3543 612.858 616.3618 619.8655 623.3691 623.8307 622.0488 620.2669 618.4849 616.1977 605.6376 595.0774 584.5173 573.9572 561.5881 547.6761 533.7642 519.8523 506.1747 503.1225 500.0704 497.0181 493.9659 491.9094 490.8342 489.759 488.6838 487.6086 487.9851
774.6379 772.9987 771.3594 769.7202 768.7371 768.0098 767.2825 766.5552 764.906 759.6022 754.2985 748.9947 743.6907 734.5963 723.7463 712.8964 702.0464 691.35 681.4276 671.5057 661.5837 651.6617 642.7884 634.486 626.1833 617.881 610.522 609.5046 608.4872 607.4698 606.4523 607.8216 610.7071 613.5925 616.478 619.3255 621.8045 624.2836 626.7627 629.2417 629.05 626.8885 624.7272 622.5657 619.908 609.1255 598.3431 587.5607 576.7783 563.9734 549.4434 534.9135 520.3835 506.1029 503.1266 500.1503 497.174 494.1977 492.2307 491.2585 490.2863 489.3142 488.342 488.8001
767.671 766.5576 765.4442 764.3309 764.8916 766.1052 767.3188 768.5325 768.5435 763.7873 759.0311 754.2748 749.5185 739.8674 727.9495 716.0314 704.1135 692.4961 682.3948 672.2939 662.1931 652.0922 643.3559 635.3625 627.369 619.3756 612.4485 612.6888 612.9292 613.1696 613.4099 615.6226 619.0881 622.5537 626.0193 629.2968 630.7512 632.2056 633.66 635.1143 634.2692 631.7283 629.1874 626.6464 623.6183 612.6136 601.6089 590.6042 579.5995 566.3588 551.2108 536.0627 520.9147 506.031 503.1306 500.2303 497.3298 494.4294 492.552 491.6828 490.8137 489.9445 489.0753 489.6151
760.704 760.1165 759.5291 758.9415 761.0461 764.2006 767.3552 770.5097 772.181 767.9723 763.7637 759.555 755.3462 745.1385 732.1525 719.1665 706.1805 693.6422 683.3621 673.0823 662.8025 652.5227 643.9234 636.2391 628.5545 620.8702 614.375 615.8731 617.3712 618.8693 620.3674 623.4235 627.4692 631.5148 635.5605 639.2681 639.6978 640.1275 640.5573 640.9869 639.4885 636.5681 633.6477 630.7272 627.3286 616.1017 604.8747 593.6477 582.4207 568.7441 552.9781 537.212 521.446 505.9592 503.1347 500.3102 497.4857 494.6612 492.8733 492.1071 491.341 490.5749 489.8087 490.4301
753.8214 754.459 755.0967 755.7344 759.2258 763.8301 768.4345 773.0388 776.0272 772.6097 769.1922 765.7747 762.3571 752.2579 739.0642 725.8705 712.6769 699.8427 688.8218 677.8013 666.7809 655.7604 647.3392 640.3331 633.3269 626.3209 620.5165 622.7892 625.0618 627.3345 629.6072 632.9201 636.8937 640.8674 644.841 648.4014 647.9557 647.51 647.0643 646.6187 644.0872 640.0172 635.9473 631.8773 627.3708 615.7173 604.0637 592.4102 580.7567 567.1819 551.9685 536.7551 521.5417 506.5948 503.7283 500.8619 497.9954 495.129 493.3523 492.6499 491.9475 491.245 490.5426 491.1908
746.9708 749.0994 751.228 753.3565 758.175 764.0425 769.9102 775.7777 779.9528 777.4191 774.8853 772.3514 769.8175 760.0796 747.0052 733.9308 720.8564 707.9639 695.9888 684.0142 672.0395 660.0648 651.8373 645.6499 639.4623 633.275 628.2597 631.1234 633.9869 636.8505 639.7142 643.061 646.7148 650.3686 654.0223 657.2162 655.9519 654.6876 653.4232 652.1589 648.4499 642.9379 637.4259 631.9137 626.0192 613.8614 601.7037 589.5459 577.3882 564.1195 549.9036 535.6878 521.472 507.4992 504.546 501.5928 498.6396 495.6864 493.8913 493.2376 492.584 491.9304 491.2767 491.931
740.1202 743.7397 747.3592 750.9786 757.1241 764.2549 771.3859 778.5165 783.8785 782.2284 780.5782 778.9282 777.278 767.9013 754.9462 741.991 729.0359 716.0851 703.1558 690.2269 677.2981 664.3692 656.3354 650.9667 645.5977 640.229 636.0029 639.4575 642.912 646.3666 649.8211 653.202 656.5359 659.8698 663.2037 666.031 663.9481 661.8651 659.7821 657.6992 652.8127 645.8586 638.9045 631.9501 624.6674 612.0055 599.3436 586.6816 574.0197 561.0571 547.8388 534.6205 521.4022 508.4036 505.3637 502.3238 499.2838 496.2438 494.4302 493.8254 493.2206 492.6157 492.0108 492.6712
