data/zism_data/00182_02_D.txt
ncols         224
nrows         224
[rows 28 to 55 of 224, columns 0 to 63 of 224]
4785.32 4784.771 4784.223 4784.143 4784.606 4785.069 4785.531 4785.994 4787.571 4789.235 4790.9 4792.564 4794.399 4796.5 4798.602 4800.703 4802.804 4804.225 4805.53 4806.836 4808.141 4809.262 4809.988 4810.714 4811.441 4812.167 4812.399 4812.495 4812.59 4812.686 4812.576 4811.841 4811.106 4810.372 4809.637 4809.151 4808.766 4808.382 4807.997 4807.673 4807.639 4807.604 4807.57 4807.536 4807.452 4807.34 4807.228 4807.116 4807.006 4806.916 4806.825 4806.734 4806.643 4806.506 4806.333 4806.161 4805.988 4805.806 4805.309 4804.812 4804.314 4803.817 4802.87 4801.46
4787.212 4786.642 4786.072 4785.965 4786.396 4786.826 4787.256 4787.687 4789.247 4790.895 4792.542 4794.191 4795.991 4798.027 4800.063 4802.1 4804.136 4805.539 4806.833 4808.128 4809.422 4810.534 4811.255 4811.976 4812.697 4813.417 4813.624 4813.686 4813.749 4813.812 4813.678 4812.944 4812.209 4811.474 4810.739 4810.246 4809.85 4809.455 4809.059 4808.723 4808.667 4808.61 4808.555 4808.499 4808.362 4808.18 4807.998 4807.816 4807.642 4807.541 4807.439 4807.337 4807.236 4807.085 4806.896 4806.707 4806.518 4806.32 4805.834 4805.348 4804.861 4804.375 4803.497 4802.217
4789.104 4788.512 4787.92 4787.788 4788.186 4788.583 4788.981 4789.379 4790.921 4792.553 4794.186 4795.817 4797.582 4799.554 4801.525 4803.497 4805.468 4806.852 4808.136 4809.419 4810.704 4811.806 4812.521 4813.237 4813.952 4814.668 4814.847 4814.877 4814.908 4814.938 4814.781 4814.046 4813.311 4812.576 4811.842 4811.34 4810.934 4810.527 4810.121 4809.772 4809.694 4809.617 4809.54 4809.462 4809.273 4809.021 4808.768 4808.516 4808.278 4808.166 4808.053 4807.941 4807.829 4807.664 4807.458 4807.253 4807.048 4806.835 4806.359 4805.884 4805.408 4804.933 4804.125 4802.974
4790.997 4790.371 4789.746 4789.581 4789.948 4790.315 4790.683 4791.05 4792.577 4794.194 4795.812 4797.429 4799.16 4801.067 4802.976 4804.884 4806.792 4808.158 4809.432 4810.706 4811.979 4813.074 4813.786 4814.498 4815.21 4815.922 4816.071 4816.065 4816.059 4816.052 4815.866 4815.132 4814.398 4813.664 4812.93 4812.421 4812.006 4811.59 4811.175 4810.814 4810.71 4810.607 4810.504 4810.401 4810.161 4809.843 4809.526 4809.208 4808.911 4808.787 4808.664 4808.541 4808.417 4808.24 4808.022 4807.805 4807.587 4807.363 4806.896 4806.43 4805.963 4805.497 4804.754 4803.725
4792.894 4792.042 4791.19 4790.903 4791.271 4791.638 4792.005 4792.373 4793.91 4795.538 4797.166 4798.793 4800.515 4802.379 4804.244 4806.109 4807.974 4809.338 4810.617 4811.897 4813.176 4814.283 4815.022 4815.761 4816.5 4817.239 4817.306 4817.186 4817.065 4816.946 4816.677 4815.954 4815.23 4814.507 4813.784 4813.291 4812.891 4812.492 4812.092 4811.729 4811.534 4811.338 4811.144 4810.948 4810.686 4810.384 4810.083 4809.782 4809.497 4809.357 4809.218 4809.078 4808.938 4808.782 4808.613 4808.444 4808.275 4808.097 4807.614 4807.132 4806.649 4806.167 4805.417 4804.395
4794.792 4793.713 4792.634 4792.226 4792.593 4792.96 4793.328 4793.695 4795.242 4796.881 4798.52 4800.159 4801.869 4803.691 4805.512 4807.334 4809.156 4810.518 4811.803 4813.088 4814.373 4815.492 4816.258 4817.024 4817.79 4818.556 4818.54 4818.306 4818.073 4817.839 4817.488 4816.775 4816.063 4815.35 4814.638 4814.159 4813.776 4813.393 4813.01 4812.644 4812.356 4812.07 4811.783 4811.496 4811.21 4810.925 4810.64 4810.355 4810.083 4809.927 4809.771 4809.616 4809.459 4809.324 4809.204 4809.083 4808.962 4808.831 4808.333 4807.833 4807.335 4806.836 4806.082 4805.064
4796.69 4795.384 4794.079 4793.548 4793.916 4794.283 4794.651 4795.018 4796.575 4798.225 4799.874 4801.524 4803.224 4805.002 4806.781 4808.559 4810.337 4811.699 4812.989 4814.279 4815.569 4816.701 4817.494 4818.287 4819.08 4819.873 4819.773 4819.427 4819.08 4818.733 4818.299 4817.597 4816.896 4816.193 4815.492 4815.028 4814.661 4814.294 4813.927 4813.558 4813.18 4812.801 4812.422 4812.043 4811.735 4811.466 4811.197 4810.928 4810.669 4810.497 4810.325 4810.153 4809.981 4809.866 4809.794 4809.722 4809.65 4809.565 4809.05 4808.536 4808.021 4807.506 4806.746 4805.733
4798.588 4797.055 4795.522 4794.871 4795.239 4795.606 4795.974 4796.341 4797.908 4799.568 4801.229 4802.889 4804.579 4806.314 4808.049 4809.785 4811.52 4812.879 4814.174 4815.47 4816.766 4817.91 4818.729 4819.549 4820.369 4821.189 4821.007 4820.547 4820.087 4819.627 4819.11 4818.419 4817.728 4817.037 4816.346 4815.896 4815.546 4815.195 4814.845 4814.473 4814.002 4813.532 4813.062 4812.591 4812.259 4812.007 4811.754 4811.501 4811.255 4811.067 4810.879 4810.69 4810.502 4810.407 4810.384 4810.361 4810.338 4810.3 4809.769 4809.237 4808.707 4808.175 4807.41 4806.403
4800.569 4798.762 4796.954 4796.152 4796.511 4796.87 4797.229 4797.587 4799.231 4800.976 4802.721 4804.465 4806.19 4807.885 4809.58 4811.275 4812.97 4814.306 4815.582 4816.857 4818.133 4819.253 4820.041 4820.828 4821.616 4822.404 4822.159 4821.628 4821.097 4820.565 4819.995 4819.303 4818.612 4817.92 4817.229 4816.753 4816.365 4815.977 4815.589 4815.174 4814.635 4814.095 4813.555 4813.016 4812.649 4812.382 4812.114 4811.847 4811.592 4811.444 4811.295 4811.147 4811.0 4810.935 4810.935 4810.935 4810.935 4810.92 4810.401 4809.882 4809.362 4808.843 4808.101 4807.127
4802.626 4800.5 4798.375 4797.394 4797.736 4798.079 4798.421 4798.764 4800.547 4802.443 4804.339 4806.234 4808.037 4809.694 4811.351 4813.008 4814.665 4815.959 4817.191 4818.424 4819.656 4820.72 4821.421 4822.122 4822.824 4823.525 4823.236 4822.672 4822.109 4821.545 4820.947 4820.245 4819.543 4818.841 4818.138 4817.598 4817.124 4816.649 4816.175 4815.68 4815.092 4814.504 4813.916 4813.327 4812.916 4812.605 4812.294 4811.984 4811.699 4811.643 4811.586 4811.53 4811.474 4811.449 4811.449 4811.449 4811.449 4811.436 4810.954 4810.473 4809.991 4809.51 4808.815 4807.902
4804.683 4802.239 4799.794 4798.635 4798.961 4799.288 4799.614 4799.941 4801.863 4803.91 4805.957 4808.004 4809.884 4811.503 4813.122 4814.741 4816.361 4817.612 4818.801 4819.991 4821.18 4822.186 4822.801 4823.416 4824.031 4824.646 4824.313 4823.717 4823.121 4822.525 4821.9 4821.187 4820.474 4819.761 4819.048 4818.443 4817.882 4817.321 4816.76 4816.186 4815.549 4814.913 4814.275 4813.639 4813.182 4812.828 4812.475 4812.121 4811.806 4811.842 4811.877 4811.913 4811.948 4811.964 4811.964 4811.964 4811.964 4811.951 4811.507 4811.064 4810.62 4810.177 4809.531 4808.676
4806.74 4803.978 4801.214 4799.876 4800.187 4800.497 4800.808 4801.118 4803.179 4805.377 4807.575 4809.773 4811.73 4813.312 4814.893 4816.475 4818.056 4819.266 4820.412 4821.558 4822.704 4823.653 4824.181 4824.71 4825.238 4825.767 4825.39 4824.761 4824.133 4823.504 4822.853 4822.129 4821.405 4820.681 4819.958 4819.288 4818.641 4817.993 4817.346 4816.692 4816.006 4815.321 4814.636 4813.95 4813.449 4813.052 4812.654 4812.257 4811.914 4812.041 4812.168 4812.295 4812.423 4812.478 4812.478 4812.478 4812.478 4812.466 4812.061 4811.655 4811.249 4810.843 4810.246 4809.451
4808.797 4805.716 4802.634 4801.118 4801.413 4801.707 4802.0 4802.294 4804.495 4806.844 4809.194 4811.543 4813.577 4815.121 4816.665 4818.208 4819.752 4820.918 4822.021 4823.124 4824.227 4825.119 4825.562 4826.003 4826.446 4826.888 4826.467 4825.806 4825.145 4824.484 4823.805 4823.071 4822.336 4821.602 4820.867 4820.133 4819.399 4818.666 4817.932 4817.198 4816.464 4815.73 4814.996 4814.262 4813.715 4813.275 4812.834 4812.394 4812.021 4812.24 4812.459 4812.678 4812.897 4812.993 4812.993 4812.993 4812.993 4812.982 4812.614 4812.246 4811.878 4811.51 4810.961 4810.225
4812.106 4809.126 4806.146 4804.692 4805.002 4805.312 4805.622 4805.932 4808.002 4810.209 4812.417 4814.625 4816.561 4818.072 4819.583 4821.094 4822.605 4823.612 4824.533 4825.455 4826.376 4827.075 4827.297 4827.52 4827.743 4827.965 4827.434 4826.692 4825.952 4825.21 4824.446 4823.61 4822.774 4821.938 4821.103 4820.244 4819.375 4818.508 4817.64 4816.783 4815.979 4815.175 4814.371 4813.567 4813.066 4812.737 4812.408 4812.079 4811.813 4812.107 4812.402 4812.698 4812.993 4813.196 4813.329 4813.462 4813.595 4813.715 4813.384 4813.054 4812.724 4812.394 4811.846 4811.074
4815.433 4812.561 4809.689 4808.3 4808.626 4808.953 4809.278 4809.604 4811.541 4813.603 4815.665 4817.727 4819.561 4821.04 4822.518 4823.997 4825.476 4826.321 4827.059 4827.796 4828.534 4829.037 4829.038 4829.04 4829.041 4829.042 4828.399 4827.577 4826.755 4825.933 4825.082 4824.144 4823.205 4822.267 4821.328 4820.344 4819.341 4818.338 4817.335 4816.354 4815.48 4814.606 4813.732 4812.857 4812.403 4812.188 4811.972 4811.756 4811.6 4811.97 4812.341 4812.711 4813.082 4813.395 4813.663 4813.931 4814.199 4814.451 4814.158 4813.866 4813.573 4813.281 4812.734 4811.924
4818.759 4815.996 4813.232 4811.909 4812.251 4812.593 4812.936 4813.277 4815.08 4816.996 4818.912 4820.829 4822.561 4824.007 4825.454 4826.9 4828.346 4829.03 4829.584 4830.138 4830.692 4831.0 4830.779 4830.559 4830.339 4830.119 4829.364 4828.461 4827.558 4826.655 4825.718 4824.677 4823.636 4822.595 4821.554 4820.444 4819.306 4818.168 4817.03 4815.926 4814.981 4814.037 4813.093 4812.148 4811.741 4811.639 4811.536 4811.434 4811.387 4811.833 4812.279 4812.726 4813.172 4813.594 4813.997 4814.399 4814.803 4815.187 4814.932 4814.677 4814.423 4814.168 4813.621 4812.773
4822.086 4819.43 4816.774 4815.517 4815.875 4816.233 4816.592 4816.951 4818.619 4820.389 4822.16 4823.93 4825.561 4826.975 4828.389 4829.803 4831.217 4831.739 4832.109 4832.479 4832.85 4832.962 4832.521 4832.079 4831.637 4831.196 4830.33 4829.346 4828.361 4827.377 4826.354 4825.21 4824.066 4822.923 4821.779 4820.544 4819.271 4817.998 4816.725 4815.497 4814.482 4813.468 4812.454 4811.439 4811.078 4811.089 4811.101 4811.111 4811.174 4811.696 4812.218 4812.74 4813.261 4813.792 4814.33 4814.868 4815.406 4815.922 4815.706 4815.489 4815.272 4815.055 4814.509 4813.624
4826.124 4823.634 4821.145 4819.955 4820.269 4820.583 4820.897 4821.211 4822.683 4824.244 4825.806 4827.367 4828.827 4830.128 4831.43 4832.731 4834.033 4834.371 4834.546 4834.721 4834.896 4834.806 4834.15 4833.494 4832.839 4832.183 4831.177 4830.073 4828.969 4827.865 4826.725 4825.474 4824.223 4822.971 4821.72 4820.368 4818.975 4817.582 4816.188 4814.855 4813.812 4812.769 4811.725 4810.682 4810.4 4810.551 4810.702 4810.853 4811.051 4811.663 4812.275 4812.887 4813.499 4814.126 4814.765 4815.404 4816.043 4816.659 4816.482 4816.305 4816.129 4815.952 4815.41 4814.492
4831.032 4828.78 4826.528 4825.411 4825.606 4825.802 4825.997 4826.192 4827.389 4828.665 4829.94 4831.215 4832.418 4833.51 4834.601 4835.691 4836.782 4836.91 4836.874 4836.838 4836.802 4836.503 4835.643 4834.782 4833.921 4833.061 4831.878 4830.607 4829.336 4828.064 4826.771 4825.406 4824.042 4822.677 4821.312 4819.854 4818.358 4816.862 4815.367 4813.953 4812.931 4811.909 4810.887 4809.865 4809.702 4810.025 4810.35 4810.673 4811.038 4811.757 4812.478 4813.197 4813.917 4814.625 4815.323 4816.022 4816.72 4817.395 4817.261 4817.128 4816.994 4816.861 4816.328 4815.382
4835.941 4833.926 4831.912 4830.867 4830.944 4831.02 4831.097 4831.173 4832.096 4833.085 4834.075 4835.064 4836.01 4836.891 4837.771 4838.651 4839.532 4839.449 4839.202 4838.956 4838.709 4838.202 4837.136 4836.07 4835.004 4833.938 4832.581 4831.142 4829.703 4828.264 4826.816 4825.338 4823.86 4822.382 4820.904 4819.341 4817.742 4816.144 4814.545 4813.05 4812.05 4811.05 4810.049 4809.049 4809.003 4809.5 4809.997 4810.494 4811.024 4811.852 4812.68 4813.508 4814.335 4815.124 4815.882 4816.64 4817.397 4818.13 4818.041 4817.95 4817.86 4817.77 4817.245 4816.272
4840.849 4839.072 4837.295 4836.323 4836.281 4836.239 4836.196 4836.154 4836.803 4837.506 4838.209 4838.912 4839.602 4840.272 4840.941 4841.611 4842.281 4841.987 4841.53 4841.073 4840.617 4839.9 4838.629 4837.358 4836.086 4834.815 4833.282 4831.676 4830.07 4828.464 4826.861 4825.27 4823.679 4822.087 4820.496 4818.827 4817.125 4815.425 4813.724 4812.148 4811.169 4810.19 4809.212 4808.233 4808.306 4808.975 4809.645 4810.314 4811.01 4811.946 4812.882 4813.818 4814.754 4815.623 4816.44 4817.257 4818.074 4818.867 4818.819 4818.772 4818.726 4818.679 4818.162 4817.163
4845.758 4844.218 4842.679 4841.779 4841.618 4841.457 4841.296 4841.135 4841.51 4841.927 4842.343 4842.76 4843.194 4843.653 4844.112 4844.571 4845.03 4844.526 4843.859 4843.191 4842.523 4841.598 4840.122 4838.646 4837.169 4835.693 4833.984 4832.21 4830.437 4828.664 4826.907 4825.202 4823.498 4821.793 4820.088 4818.313 4816.509 4814.706 4812.902 4811.246 4810.288 4809.331 4808.374 4807.417 4807.607 4808.45 4809.292 4810.134 4810.997 4812.041 4813.084 4814.128 4815.172 4816.122 4816.999 4817.875 4818.751 4819.603 4819.599 4819.595 4819.591 4819.587 4819.08 4818.053
4851.442 4850.125 4848.809 4847.93 4847.556 4847.183 4846.81 4846.436 4846.521 4846.642 4846.762 4846.883 4847.001 4847.117 4847.232 4847.348 4847.464 4846.696 4845.778 4844.861 4843.943 4842.801 4841.179 4839.556 4837.934 4836.312 4834.459 4832.543 4830.626 4828.71 4826.801 4824.914 4823.027 4821.14 4819.253 4817.363 4815.471 4813.58 4811.688 4809.967 4809.056 4808.146 4807.234 4806.324 4806.666 4807.721 4808.775 4809.83 4810.898 4812.095 4813.291 4814.487 4815.684 4816.769 4817.769 4818.769 4819.769 4820.74 4820.755 4820.77 4820.785 4820.8 4820.278 4819.205
4857.2 4856.105 4855.01 4854.146 4853.552 4852.957 4852.362 4851.767 4851.561 4851.384 4851.208 4851.032 4850.83 4850.589 4850.348 4850.107 4849.867 4848.83 4847.659 4846.488 4845.316 4843.957 4842.193 4840.431 4838.668 4836.905 4834.913 4832.856 4830.799 4828.743 4826.681 4824.605 4822.529 4820.453 4818.377 4816.371 4814.393 4812.415 4810.437 4808.653 4807.791 4806.928 4806.066 4805.204 4805.702 4806.972 4808.242 4809.513 4810.792 4812.145 4813.498 4814.851 4816.203 4817.43 4818.56 4819.689 4820.819 4821.917 4821.948 4821.979 4822.01 4822.041 4821.503 4820.382
4862.958 4862.084 4861.21 4860.364 4859.547 4858.731 4857.915 4857.099 4856.6 4856.127 4855.654 4855.18 4854.659 4854.062 4853.464 4852.867 4852.27 4850.965 4849.54 4848.114 4846.689 4845.112 4843.208 4841.306 4839.402 4837.499 4835.366 4833.169 4830.972 4828.775 4826.561 4824.296 4822.031 4819.766 4817.501 4815.378 4813.314 4811.25 4809.185 4807.338 4806.525 4805.711 4804.897 4804.084 4804.737 4806.224 4807.71 4809.196 4810.685 4812.194 4813.704 4815.213 4816.723 4818.091 4819.35 4820.609 4821.869 4823.093 4823.14 4823.188 4823.234 4823.282 4822.729 4821.559
4868.716 4868.063 4867.412 4866.581 4865.543 4864.505 4863.467 4862.43 4861.64 4860.87 4860.1 4859.329 4858.487 4857.534 4856.58 4855.626 4854.673 4853.099 4851.42 4849.741 4848.063 4846.268 4844.224 4842.18 4840.137 4838.093 4835.82 4833.482 4831.145 4828.808 4826.441 4823.987 4821.533 4819.079 4816.625 4814.386 4812.235 4810.085 4807.934 4806.024 4805.259 4804.494 4803.729 4802.964 4803.772 4805.475 4807.177 4808.88 4810.578 4812.245 4813.911 4815.577 4817.243 4818.752 4820.141 4821.53 4822.918 4824.269 4824.333 4824.396 4824.459 4824.523 4823.954 4822.735
4874.023 4873.552 4873.081 4872.259 4871.032 4869.806 4868.579 4867.353 4866.264 4865.187 4864.109 4863.032 4861.859 4860.54 4859.219 4857.899 4856.579 4854.712 4852.753 4850.794 4848.835 4846.799 4844.596 4842.394 4840.192 4837.99 4835.592 4833.141 4830.689 4828.238 4825.754 4823.17 4820.586 4818.002 4815.418 4813.141 4810.989 4808.837 4806.686 4804.796 4804.148 4803.501 4802.854 4802.207 4803.184 4805.084 4806.984 4808.884 4810.775 4812.583 4814.392 4816.2 4818.009 4819.637 4821.127 4822.617 4824.107 4825.555 4825.592 4825.628 4825.666 4825.703 4825.095 4823.823
4878.586 4878.228 4877.869 4877.046 4875.685 4874.323 4872.961 4871.6 4870.201 4868.8 4867.398 4865.997 4864.477 4862.774 4861.07 4859.367 4857.663 4855.464 4853.181 4850.898 4848.615 4846.297 4843.906 4841.515 4839.124 4836.732 4834.239 4831.718 4829.196 4826.674 4824.129 4821.513 4818.896 4816.28 4813.664 4811.477 4809.466 4807.455 4805.443 4803.709 4803.294 4802.879 4802.464 4802.049 4803.217 4805.285 4807.352 4809.419 4811.473 4813.4 4815.327 4817.254 4819.182 4820.893 4822.437 4823.98 4825.524 4827.021 4826.961 4826.901 4826.841 4826.78 4826.094 4824.763
