data/zism_data/00187_03_D.txt
ncols         224
nrows         224
[rows 28 to 55 of 224, columns 126 to 188 of 224]
3911.06 3912.799 3914.625 3916.451 3918.277 3919.729 3920.123 3920.517 3920.911 3921.305 3920.99 3920.404 3919.819 3919.233 3918.714 3918.482 3918.25 3918.018 3917.786 3916.313 3914.18 3912.047 3909.913 3907.824 3906.073 3904.322 3902.57 3900.819 3899.928 3899.661 3899.393 3899.126 3898.908 3899.772 3900.636 3901.5 3902.364 3904.546 3908.009 3911.471 3914.934 3918.396 3924.93 3931.555 3938.18 3944.805 3951.95 3959.771 3967.592 3975.414 3983.235 3991.718 4000.275 4008.833 4017.39 4026.101 4035.081 4044.061 4053.041 4062.021 4065.623 4068.092 4070.561
3912.61 3914.668 3916.817 3918.966 3921.114 3922.936 3923.831 3924.725 3925.62 3926.515 3926.594 3926.364 3926.134 3925.903 3925.656 3925.338 3925.02 3924.702 3924.384 3922.65 3920.161 3917.672 3915.184 3912.74 3910.639 3908.538 3906.437 3904.335 3903.098 3902.486 3901.874 3901.262 3900.7 3901.231 3901.761 3902.291 3902.822 3904.495 3907.28 3910.064 3912.848 3915.633 3922.23 3928.941 3935.652 3942.363 3949.527 3957.278 3965.029 3972.781 3980.532 3988.137 3995.726 4003.314 4010.903 4018.988 4027.947 4036.905 4045.864 4054.822 4058.771 4061.666 4064.56
3913.772 3916.213 3918.757 3921.301 3923.845 3926.094 3927.506 3928.917 3930.329 3931.741 3932.188 3932.268 3932.349 3932.429 3932.415 3931.993 3931.571 3931.148 3930.726 3928.754 3925.955 3923.156 3920.358 3917.607 3915.225 3912.843 3910.46 3908.078 3906.58 3905.722 3904.865 3904.008 3903.199 3903.453 3903.706 3903.96 3904.213 3905.472 3907.708 3909.944 3912.179 3914.415 3920.956 3927.625 3934.294 3940.964 3948.039 3955.644 3963.248 3970.852 3978.456 3985.234 3991.918 3998.603 4005.287 4012.745 4021.563 4030.38 4039.198 4048.016 4052.204 4055.418 4058.633
3912.642 3915.844 3919.211 3922.579 3925.947 3928.964 3930.99 3933.015 3935.04 3937.065 3937.717 3937.845 3937.974 3938.103 3938.089 3937.457 3936.824 3936.192 3935.56 3933.487 3930.645 3927.803 3924.961 3922.188 3919.929 3917.67 3915.412 3913.153 3911.903 3911.385 3910.867 3910.349 3909.867 3910.18 3910.493 3910.806 3911.118 3912.516 3914.967 3917.418 3919.869 3922.32 3928.093 3933.966 3939.838 3945.711 3952.074 3959.076 3966.077 3973.078 3980.08 3986.327 3992.49 3998.652 4004.814 4011.633 4019.605 4027.578 4035.551 4043.524 4047.316 4050.229 4053.142
3911.511 3915.475 3919.666 3923.857 3928.048 3931.834 3934.473 3937.112 3939.751 3942.39 3943.245 3943.423 3943.6 3943.777 3943.763 3942.921 3942.078 3941.236 3940.394 3938.22 3935.335 3932.45 3929.565 3926.768 3924.633 3922.498 3920.363 3918.229 3917.228 3917.049 3916.87 3916.691 3916.536 3916.907 3917.28 3917.652 3918.023 3919.559 3922.226 3924.892 3927.558 3930.224 3935.23 3940.307 3945.383 3950.459 3956.11 3962.508 3968.906 3975.305 3981.703 3987.421 3993.061 3998.701 4004.342 4010.521 4017.649 4024.776 4031.904 4039.031 4042.428 4045.04 4047.651
3910.381 3915.105 3920.12 3925.135 3930.15 3934.705 3937.957 3941.21 3944.462 3947.715 3948.774 3949.0 3949.226 3949.452 3949.437 3948.385 3947.333 3946.281 3945.229 3942.953 3940.025 3937.097 3934.169 3931.348 3929.337 3927.326 3925.315 3923.304 3922.552 3922.712 3922.872 3923.032 3923.204 3923.635 3924.066 3924.498 3924.929 3926.603 3929.484 3932.366 3935.247 3938.129 3942.368 3946.647 3950.927 3955.207 3960.145 3965.941 3971.736 3977.531 3983.327 3988.514 3993.632 3998.751 4003.869 4009.409 4015.692 4021.974 4028.257 4034.54 4037.54 4039.85 4042.16
3909.25 3914.736 3920.575 3926.413 3932.251 3937.575 3941.441 3945.307 3949.174 3953.04 3954.303 3954.577 3954.852 3955.126 3955.111 3953.849 3952.587 3951.325 3950.063 3947.686 3944.715 3941.744 3938.773 3935.928 3934.041 3932.154 3930.266 3928.379 3927.875 3928.375 3928.874 3929.373 3929.872 3930.363 3930.853 3931.343 3931.834 3933.646 3936.743 3939.84 3942.937 3946.033 3949.505 3952.988 3956.471 3959.954 3964.18 3969.373 3974.566 3979.758 3984.951 3989.608 3994.204 3998.8 4003.396 4008.297 4013.735 4019.172 4024.61 4030.047 4032.652 4034.661 4036.669
3908.533 3914.92 3921.783 3928.646 3935.509 3941.703 3946.001 3950.298 3954.596 3958.893 3960.241 3960.468 3960.695 3960.921 3960.809 3959.234 3957.66 3956.086 3954.512 3952.001 3948.99 3945.979 3942.968 3940.109 3938.406 3936.704 3935.001 3933.299 3933.154 3934.14 3935.125 3936.111 3937.083 3937.78 3938.477 3939.174 3939.871 3941.813 3944.965 3948.117 3951.269 3954.422 3957.357 3960.287 3963.216 3966.146 3969.751 3974.235 3978.719 3983.204 3987.688 3991.783 3995.835 3999.887 4003.939 4008.204 4012.844 4017.485 4022.125 4026.766 4028.912 4030.532 4032.153
3908.097 3915.48 3923.506 3931.532 3939.557 3946.691 3951.295 3955.899 3960.504 3965.108 3966.458 3966.572 3966.686 3966.8 3966.523 3964.567 3962.611 3960.654 3958.698 3956.029 3952.981 3949.932 3946.884 3944.018 3942.541 3941.064 3939.588 3938.111 3938.402 3939.974 3941.546 3943.118 3944.666 3945.669 3946.673 3947.677 3948.68 3950.746 3953.844 3956.943 3960.041 3963.14 3965.698 3968.24 3970.781 3973.323 3976.37 3980.074 3983.778 3987.481 3991.185 3994.699 3998.191 4001.683 4005.175 4008.806 4012.682 4016.558 4020.434 4024.311 4025.954 4027.128 4028.302
3907.661 3916.041 3925.229 3934.417 3943.606 3951.678 3956.589 3961.501 3966.412 3971.323 3972.676 3972.677 3972.677 3972.678 3972.238 3969.899 3967.561 3965.222 3962.884 3960.058 3956.972 3953.885 3950.799 3947.926 3946.675 3945.425 3944.174 3942.924 3943.65 3945.808 3947.967 3950.126 3952.248 3953.558 3954.869 3956.179 3957.49 3959.68 3962.724 3965.769 3968.813 3971.858 3974.038 3976.192 3978.347 3980.501 3982.99 3985.913 3988.836 3991.76 3994.683 3997.614 4000.546 4003.478 4006.41 4009.408 4012.52 4015.632 4018.743 4021.855 4022.997 4023.724 4024.451
3907.224 3916.601 3926.952 3937.303 3947.654 3956.666 3961.884 3967.102 3972.32 3977.538 3978.893 3978.781 3978.668 3978.556 3977.952 3975.232 3972.511 3969.791 3967.07 3964.086 3960.962 3957.839 3954.715 3951.834 3950.81 3949.785 3948.761 3947.736 3948.897 3951.643 3954.388 3957.134 3959.83 3961.447 3963.064 3964.682 3966.299 3968.613 3971.604 3974.594 3977.585 3980.576 3982.378 3984.145 3985.912 3987.679 3989.609 3991.752 3993.895 3996.037 3998.18 4000.529 4002.902 4005.274 4007.646 4010.01 4012.357 4014.705 4017.053 4019.4 4020.04 4020.321 4020.601
3907.17 3917.48 3928.918 3940.356 3951.794 3961.679 3967.165 3972.65 3978.135 3983.62 3984.968 3984.744 3984.521 3984.296 3983.531 3980.431 3977.332 3974.233 3971.134 3967.99 3964.824 3961.657 3958.49 3955.601 3954.824 3954.047 3953.269 3952.492 3954.087 3957.402 3960.718 3964.032 3967.287 3969.199 3971.112 3973.024 3974.937 3977.359 3980.277 3983.195 3986.112 3989.03 3990.46 3991.846 3993.231 3994.617 3996.004 3997.394 3998.783 4000.173 4001.562 4003.345 4005.173 4007.0 4008.828 4010.574 4012.178 4013.781 4015.385 4016.988 4017.131 4016.967 4016.803
3915.517 3925.372 3936.234 3947.096 3957.958 3967.26 3972.142 3977.024 3981.907 3986.789 3987.913 3987.608 3987.303 3986.999 3986.111 3982.71 3979.31 3975.909 3972.508 3969.158 3965.836 3962.513 3959.19 3956.245 3956.184 3956.123 3956.062 3956.0 3958.009 3961.517 3965.026 3968.535 3971.976 3973.932 3975.887 3977.843 3979.799 3981.991 3984.414 3986.836 3989.259 3991.681 3992.862 3994.005 3995.149 3996.292 3997.475 3998.708 3999.941 4001.175 4002.408 4003.982 4005.594 4007.207 4008.819 4010.319 4011.621 4012.923 4014.225 4015.527 4015.289 4014.726 4014.164
3923.864 3933.263 3943.549 3953.835 3964.121 3972.84 3977.12 3981.399 3985.679 3989.958 3990.858 3990.472 3990.087 3989.701 3988.691 3984.989 3981.287 3977.585 3973.883 3970.326 3966.847 3963.368 3959.89 3956.89 3957.545 3958.199 3958.854 3959.508 3961.93 3965.632 3969.335 3973.038 3976.666 3978.665 3980.663 3982.662 3984.661 3986.623 3988.551 3990.478 3992.405 3994.333 3995.264 3996.165 3997.066 3997.967 3998.945 4000.022 4001.099 4002.177 4003.254 4004.619 4006.016 4007.413 4008.81 4010.063 4011.064 4012.064 4013.065 4014.066 4013.446 4012.485 4011.524
3932.211 3941.154 3950.864 3960.574 3970.284 3978.421 3982.098 3985.774 3989.451 3993.128 3993.802 3993.336 3992.87 3992.404 3991.271 3987.268 3983.264 3979.261 3975.257 3971.494 3967.859 3964.224 3960.589 3957.535 3958.905 3960.275 3961.646 3963.016 3965.851 3969.747 3973.644 3977.54 3981.356 3983.397 3985.439 3987.481 3989.523 3991.255 3992.688 3994.12 3995.552 3996.984 3997.665 3998.324 3998.983 3999.642 4000.415 4001.336 4002.258 4003.179 4004.1 4005.255 4006.437 4007.619 4008.801 4009.807 4010.507 4011.206 4011.905 4012.604 4011.603 4010.244 4008.885
3940.558 3949.045 3958.179 3967.314 3976.448 3984.001 3987.075 3990.149 3993.223 3996.297 3996.747 3996.2 3995.653 3995.106 3993.851 3989.546 3985.241 3980.937 3976.632 3972.662 3968.871 3965.08 3961.289 3958.179 3960.265 3962.352 3964.438 3966.524 3969.772 3973.862 3977.952 3982.042 3986.045 3988.13 3990.215 3992.3 3994.385 3995.887 3996.824 3997.761 3998.698 3999.635 4000.067 4000.484 4000.901 4001.317 4001.886 4002.651 4003.416 4004.181 4004.946 4005.892 4006.858 4007.825 4008.791 4009.552 4009.95 4010.347 4010.745 4011.143 4009.76 4008.003 4006.245
3949.487 3957.163 3965.281 3973.399 3981.517 3988.155 3990.597 3993.038 3995.48 3997.922 3997.967 3997.1 3996.234 3995.368 3993.754 3988.919 3984.085 3979.25 3974.416 3970.394 3966.805 3963.216 3959.627 3956.799 3959.773 3962.748 3965.722 3968.697 3972.417 3976.677 3980.937 3985.197 3989.357 3991.331 3993.305 3995.279 3997.253 3998.548 3999.184 3999.819 4000.454 4001.09 4001.394 4001.688 4001.981 4002.275 4002.725 4003.376 4004.028 4004.679 4005.33 4006.119 4006.923 4007.728 4008.532 4009.111 4009.295 4009.479 4009.663 4009.847 4008.137 4006.029 4003.921
3959.013 3965.514 3972.163 3978.812 3985.46 3990.839 3992.619 3994.398 3996.178 3997.958 3997.41 3995.979 3994.548 3993.116 3990.899 3985.301 3979.702 3974.103 3968.505 3964.589 3961.57 3958.552 3955.533 3953.333 3957.373 3961.414 3965.454 3969.494 3973.746 3978.151 3982.557 3986.962 3991.25 3992.955 3994.66 3996.365 3998.069 3999.18 3999.713 4000.246 4000.779 4001.313 4001.614 4001.907 4002.201 4002.495 4002.914 4003.496 4004.077 4004.658 4005.24 4005.925 4006.621 4007.318 4008.014 4008.48 4008.541 4008.601 4008.661 4008.721 4006.741 4004.331 4001.922
3968.54 3973.865 3979.045 3984.224 3989.403 3993.523 3994.641 3995.758 3996.876 3997.994 3996.854 3994.858 3992.861 3990.865 3988.045 3981.682 3975.319 3968.956 3962.593 3958.783 3956.335 3953.888 3951.44 3949.867 3954.973 3960.079 3965.185 3970.291 3975.075 3979.626 3984.177 3988.728 3993.143 3994.578 3996.014 3997.45 3998.885 3999.812 4000.243 4000.674 4001.104 4001.535 4001.833 4002.127 4002.421 4002.715 4003.104 4003.615 4004.126 4004.638 4005.149 4005.73 4006.319 4006.908 4007.497 4007.85 4007.786 4007.722 4007.659 4007.595 4005.344 4002.633 3999.922
3978.067 3982.216 3985.927 3989.636 3993.346 3996.208 3996.663 3997.118 3997.574 3998.029 3996.298 3993.737 3991.175 3988.613 3985.191 3978.064 3970.936 3963.809 3956.682 3952.978 3951.101 3949.224 3947.346 3946.402 3952.574 3958.745 3964.917 3971.089 3976.405 3981.101 3985.797 3990.493 3995.036 3996.202 3997.369 3998.535 3999.702 4000.443 4000.772 4001.101 4001.429 4001.758 4002.053 4002.347 4002.641 4002.935 4003.293 4003.734 4004.176 4004.617 4005.059 4005.536 4006.017 4006.499 4006.98 4007.219 4007.031 4006.844 4006.656 4006.469 4003.948 4000.935 3997.923
3987.594 3990.568 3992.808 3995.049 3997.289 3998.892 3998.685 3998.478 3998.272 3998.065 3995.742 3992.615 3989.488 3986.361 3982.337 3974.445 3966.553 3958.662 3950.77 3947.173 3945.866 3944.56 3943.253 3942.937 3950.174 3957.411 3964.649 3971.886 3977.734 3982.576 3987.417 3992.259 3996.928 3997.826 3998.723 3999.621 4000.518 4001.075 4001.302 4001.528 4001.754 4001.981 4002.273 4002.567 4002.861 4003.154 4003.482 4003.854 4004.225 4004.596 4004.968 4005.341 4005.715 4006.089 4006.462 4006.588 4006.277 4005.966 4005.654 4005.343 4002.551 3999.237 3995.923
3990.322 3992.685 3994.379 3996.073 3997.767 3998.79 3997.911 3997.032 3996.153 3995.275 3991.872 3987.511 3983.149 3978.788 3973.747 3965.781 3957.815 3949.848 3941.882 3938.988 3938.799 3938.611 3938.422 3939.195 3947.295 3955.395 3963.495 3971.595 3977.829 3982.709 3987.59 3992.47 3997.174 3997.994 3998.815 3999.636 4000.458 4000.966 4001.171 4001.377 4001.582 4001.787 4002.019 4002.252 4002.485 4002.719 4003.003 4003.356 4003.708 4004.06 4004.412 4004.778 4005.146 4005.513 4005.88 4006.001 4005.688 4005.375 4005.061 4004.748 4001.946 3998.619 3995.293
3992.632 3994.419 3995.623 3996.827 3998.031 3998.517 3996.965 3995.413 3993.862 3992.31 3987.798 3982.161 3976.524 3970.887 3964.805 3956.806 3948.808 3940.809 3932.81 3930.656 3931.62 3932.583 3933.546 3935.436 3944.386 3953.337 3962.288 3971.238 3977.848 3982.76 3987.673 3992.585 3997.317 3998.073 3998.83 3999.586 4000.343 4000.812 4001.0 4001.19 4001.379 4001.568 4001.737 4001.905 4002.074 4002.242 4002.484 4002.82 4003.156 4003.492 4003.828 4004.192 4004.56 4004.927 4005.294 4005.417 4005.109 4004.801 4004.493 4004.185 4001.388 3998.067 3994.747
3994.941 3996.152 3996.867 3997.581 3998.296 3998.244 3996.019 3993.795 3991.57 3989.346 3983.724 3976.811 3969.899 3962.986 3955.863 3947.832 3939.801 3931.77 3923.739 3922.325 3924.44 3926.555 3928.67 3931.677 3941.478 3951.279 3961.08 3970.881 3977.866 3982.811 3987.756 3992.701 3997.461 3998.153 3998.844 3999.536 4000.228 4000.657 4000.83 4001.003 4001.176 4001.348 4001.454 4001.558 4001.662 4001.766 4001.964 4002.284 4002.604 4002.924 4003.244 4003.606 4003.974 4004.341 4004.708 4004.833 4004.531 4004.228 4003.925 4003.623 4000.831 3997.516 3994.2
3997.251 3997.886 3998.111 3998.335 3998.56 3997.97 3995.073 3992.176 3989.278 3986.381 3979.65 3971.461 3963.273 3955.085 3946.92 3938.857 3930.794 3922.73 3914.667 3913.993 3917.26 3920.527 3923.794 3927.917 3938.569 3949.22 3959.872 3970.523 3977.885 3982.862 3987.84 3992.817 3997.604 3998.232 3998.859 3999.486 4000.114 4000.502 4000.659 4000.816 4000.972 4001.129 4001.172 4001.211 4001.25 4001.29 4001.444 4001.748 4002.052 4002.355 4002.659 4003.02 4003.388 4003.755 4004.122 4004.249 4003.952 4003.655 4003.357 4003.06 4000.274 3996.964 3993.654
3998.524 3998.538 3998.174 3997.81 3997.446 3996.207 3992.492 3988.776 3985.061 3981.345 3973.797 3964.792 3955.787 3946.783 3938.039 3930.417 3922.795 3915.174 3907.552 3907.483 3911.443 3915.403 3919.363 3924.147 3935.224 3946.3 3957.377 3968.453 3976.091 3981.235 3986.379 3991.523 3996.466 3996.991 3997.516 3998.041 3998.565 3998.788 3998.719 3998.648 3998.578 3998.509 3998.674 3998.847 3999.02 3999.192 3999.496 3999.971 4000.447 4000.922 4001.397 4001.894 4002.394 4002.895 4003.395 4003.616 4003.347 4003.079 4002.81 4002.542 3999.805 3996.548 3993.292
3998.185 3997.506 3996.399 3995.292 3994.186 3992.126 3987.366 3982.606 3977.847 3973.087 3965.177 3956.07 3946.963 3937.856 3929.251 3922.808 3916.365 3909.922 3903.479 3903.807 3907.745 3911.683 3915.621 3920.36 3931.199 3942.039 3952.879 3963.718 3971.475 3976.996 3982.516 3988.037 3993.334 3993.697 3994.061 3994.424 3994.787 3994.649 3994.025 3993.401 3992.776 3992.152 3992.73 3993.344 3993.958 3994.572 3995.327 3996.265 3997.203 3998.141 3999.079 3999.928 4000.768 4001.607 4002.446 4002.907 4002.703 4002.499 4002.295 4002.091 3999.472 3996.345 3993.218
3997.846 3996.475 3994.625 3992.775 3990.926 3988.045 3982.241 3976.437 3970.633 3964.829 3956.557 3947.348 3938.139 3928.93 3920.464 3915.199 3909.935 3904.671 3899.407 3900.13 3904.047 3907.964 3911.88 3916.572 3927.175 3937.778 3948.381 3958.983 3966.859 3972.756 3978.654 3984.552 3990.202 3990.404 3990.605 3990.807 3991.009 3990.51 3989.332 3988.153 3986.974 3985.795 3986.786 3987.842 3988.897 3989.952 3991.158 3992.559 3993.96 3995.361 3996.761 3997.962 3999.141 4000.319 4001.497 4002.198 4002.058 4001.919 4001.78 4001.64 3999.139 3996.141 3993.143
