data/zism_data/00185_01_D.txt
ncols         224
nrows         224
[rows 56 to 83 of 224, columns 0 to 62 of 224]
1773.203 1772.195 1771.187 1770.179 1769.171 1768.705 1768.581 1768.456 1768.332 1768.223 1768.45 1768.677 1768.904 1769.131 1768.524 1766.992 1765.46 1763.928 1762.396 1761.384 1760.427 1759.47 1758.513 1758.107 1758.792 1759.478 1760.163 1760.848 1762.28 1763.939 1765.599 1767.259 1768.981 1770.957 1772.934 1774.911 1776.888 1778.658 1780.305 1781.953 1783.6 1785.224 1786.464 1787.704 1788.944 1790.184 1791.397 1792.582 1793.767 1794.952 1796.137 1796.88 1797.584 1798.288 1798.992 1799.555 1799.856 1800.157 1800.459 1800.76 1800.86 1800.903 1800.946
1775.476 1774.532 1773.588 1772.644 1771.7 1771.268 1771.16 1771.051 1770.943 1770.847 1771.026 1771.205 1771.385 1771.564 1770.931 1769.399 1767.867 1766.335 1764.803 1763.753 1762.753 1761.754 1760.754 1760.248 1760.721 1761.193 1761.665 1762.138 1763.385 1764.869 1766.353 1767.837 1769.373 1771.121 1772.869 1774.617 1776.365 1778.013 1779.602 1781.191 1782.78 1784.348 1785.589 1786.829 1788.069 1789.309 1790.564 1791.834 1793.104 1794.374 1795.644 1796.442 1797.2 1797.957 1798.714 1799.359 1799.793 1800.227 1800.661 1801.096 1801.249 1801.324 1801.399
1777.749 1776.869 1775.989 1775.109 1774.228 1773.831 1773.739 1773.646 1773.554 1773.471 1773.603 1773.734 1773.865 1773.996 1773.339 1771.807 1770.275 1768.743 1767.211 1766.122 1765.08 1764.037 1762.995 1762.39 1762.649 1762.909 1763.168 1763.428 1764.491 1765.799 1767.108 1768.416 1769.766 1771.285 1772.804 1774.323 1775.842 1777.368 1778.899 1780.429 1781.959 1783.473 1784.713 1785.953 1787.193 1788.433 1789.73 1791.085 1792.44 1793.795 1795.151 1796.005 1796.815 1797.626 1798.437 1799.162 1799.729 1800.297 1800.864 1801.431 1801.639 1801.746 1801.853
1780.022 1779.206 1778.39 1777.573 1776.757 1776.394 1776.318 1776.241 1776.165 1776.095 1776.179 1776.262 1776.346 1776.429 1775.746 1774.214 1772.682 1771.15 1769.618 1768.491 1767.406 1766.321 1765.236 1764.531 1764.578 1764.624 1764.671 1764.718 1765.597 1766.729 1767.862 1768.995 1770.158 1771.449 1772.739 1774.029 1775.319 1776.724 1778.195 1779.667 1781.139 1782.597 1783.838 1785.078 1786.318 1787.558 1788.896 1790.336 1791.777 1793.217 1794.657 1795.568 1796.431 1797.295 1798.159 1798.965 1799.666 1800.366 1801.066 1801.767 1802.029 1802.167 1802.306
1782.309 1781.631 1780.954 1780.276 1779.598 1779.296 1779.232 1779.167 1779.102 1779.039 1779.008 1778.977 1778.946 1778.915 1778.153 1776.579 1775.006 1773.432 1771.859 1770.719 1769.625 1768.53 1767.436 1766.687 1766.62 1766.554 1766.487 1766.421 1767.142 1768.103 1769.065 1770.026 1771.029 1772.203 1773.376 1774.55 1775.724 1777.011 1778.366 1779.721 1781.076 1782.424 1783.647 1784.871 1786.094 1787.318 1788.624 1790.016 1791.409 1792.802 1794.194 1795.138 1796.042 1796.947 1797.851 1798.712 1799.491 1800.271 1801.05 1801.829 1802.237 1802.541 1802.845
1784.6 1784.082 1783.564 1783.046 1782.527 1782.294 1782.24 1782.186 1782.132 1782.073 1781.909 1781.745 1781.581 1781.417 1780.559 1778.932 1777.306 1775.679 1774.052 1772.907 1771.813 1770.719 1769.625 1768.847 1768.695 1768.544 1768.392 1768.24 1768.811 1769.602 1770.393 1771.184 1772.033 1773.122 1774.21 1775.299 1776.387 1777.56 1778.782 1780.004 1781.226 1782.447 1783.649 1784.851 1786.054 1787.256 1788.509 1789.817 1791.124 1792.431 1793.739 1794.71 1795.652 1796.594 1797.535 1798.443 1799.286 1800.129 1800.972 1801.815 1802.395 1802.901 1803.407
1786.89 1786.532 1786.173 1785.815 1785.457 1785.291 1785.248 1785.205 1785.161 1785.107 1784.81 1784.513 1784.216 1783.919 1782.965 1781.286 1779.605 1777.926 1776.246 1775.096 1774.002 1772.907 1771.813 1771.007 1770.77 1770.533 1770.296 1770.06 1770.48 1771.101 1771.721 1772.342 1773.038 1774.041 1775.045 1776.048 1777.051 1778.109 1779.198 1780.286 1781.376 1782.47 1783.651 1784.832 1786.013 1787.194 1788.395 1789.617 1790.839 1792.061 1793.284 1794.282 1795.261 1796.24 1797.219 1798.173 1799.08 1799.987 1800.894 1801.801 1802.553 1803.261 1803.97
1789.181 1788.982 1788.783 1788.585 1788.386 1788.289 1788.256 1788.223 1788.191 1788.14 1787.71 1787.28 1786.85 1786.42 1785.372 1783.639 1781.906 1780.172 1778.439 1777.284 1776.19 1775.096 1774.002 1773.167 1772.845 1772.523 1772.201 1771.879 1772.149 1772.599 1773.05 1773.5 1774.042 1774.961 1775.879 1776.797 1777.715 1778.657 1779.613 1780.569 1781.525 1782.493 1783.653 1784.812 1785.972 1787.132 1788.28 1789.417 1790.554 1791.691 1792.828 1793.854 1794.871 1795.887 1796.903 1797.904 1798.875 1799.845 1800.816 1801.787 1802.711 1803.622 1804.532
1791.333 1791.265 1791.198 1791.131 1791.063 1791.023 1791.0 1790.977 1790.953 1790.908 1790.376 1789.845 1789.313 1788.781 1787.666 1785.903 1784.141 1782.378 1780.615 1779.445 1778.337 1777.23 1776.122 1775.26 1774.883 1774.506 1774.13 1773.753 1773.903 1774.213 1774.524 1774.834 1775.246 1776.069 1776.892 1777.714 1778.537 1779.365 1780.196 1781.027 1781.858 1782.706 1783.837 1784.967 1786.098 1787.228 1788.321 1789.375 1790.429 1791.484 1792.538 1793.576 1794.612 1795.649 1796.686 1797.71 1798.712 1799.714 1800.717 1801.719 1802.798 1803.898 1804.998
1792.967 1792.926 1792.885 1792.844 1792.804 1792.777 1792.759 1792.741 1792.723 1792.684 1792.168 1791.652 1791.137 1790.621 1789.542 1787.838 1786.133 1784.429 1782.725 1781.503 1780.331 1779.16 1777.988 1777.103 1776.785 1776.467 1776.149 1775.83 1775.974 1776.258 1776.541 1776.825 1777.189 1777.879 1778.569 1779.259 1779.949 1780.667 1781.402 1782.137 1782.872 1783.627 1784.699 1785.771 1786.843 1787.914 1788.941 1789.921 1790.901 1791.88 1792.86 1793.853 1794.847 1795.841 1796.835 1797.8 1798.712 1799.623 1800.535 1801.447 1802.618 1803.862 1805.106
1794.601 1794.587 1794.573 1794.558 1794.544 1794.531 1794.519 1794.506 1794.494 1794.46 1793.96 1793.46 1792.961 1792.461 1791.418 1789.772 1788.126 1786.481 1784.835 1783.561 1782.325 1781.09 1779.854 1778.946 1778.687 1778.427 1778.168 1777.908 1778.045 1778.302 1778.559 1778.816 1779.133 1779.689 1780.246 1780.803 1781.36 1781.969 1782.608 1783.247 1783.886 1784.547 1785.561 1786.574 1787.588 1788.601 1789.561 1790.467 1791.372 1792.277 1793.182 1794.13 1795.081 1796.033 1796.984 1797.89 1798.711 1799.532 1800.354 1801.175 1802.438 1803.826 1805.214
1796.235 1796.247 1796.26 1796.272 1796.285 1796.285 1796.278 1796.271 1796.264 1796.235 1795.752 1795.268 1794.784 1794.301 1793.293 1791.706 1790.119 1788.532 1786.945 1785.618 1784.319 1783.02 1781.72 1780.79 1780.589 1780.388 1780.187 1779.986 1780.115 1780.346 1780.577 1780.807 1781.076 1781.5 1781.924 1782.347 1782.771 1783.27 1783.814 1784.357 1784.901 1785.468 1786.423 1787.378 1788.333 1789.287 1790.182 1791.012 1791.843 1792.673 1793.504 1794.407 1795.316 1796.224 1797.133 1797.98 1798.711 1799.441 1800.172 1800.903 1802.259 1803.79 1805.322
1797.869 1797.908 1797.947 1797.986 1798.025 1798.039 1798.037 1798.036 1798.034 1798.011 1797.544 1797.076 1796.608 1796.14 1795.169 1793.641 1792.112 1790.584 1789.055 1787.676 1786.313 1784.95 1783.587 1782.633 1782.491 1782.348 1782.206 1782.063 1782.186 1782.39 1782.594 1782.798 1783.02 1783.31 1783.601 1783.892 1784.182 1784.572 1785.019 1785.467 1785.915 1786.389 1787.285 1788.181 1789.078 1789.974 1790.802 1791.558 1792.314 1793.07 1793.826 1794.684 1795.55 1796.416 1797.283 1798.07 1798.71 1799.35 1799.99 1800.631 1802.079 1803.754 1805.429
1798.671 1798.713 1798.754 1798.796 1798.838 1798.854 1798.854 1798.854 1798.854 1798.836 1798.429 1798.022 1797.614 1797.207 1796.325 1794.916 1793.508 1792.099 1790.691 1789.302 1787.916 1786.53 1785.144 1784.199 1784.125 1784.052 1783.978 1783.904 1784.046 1784.255 1784.463 1784.671 1784.875 1785.064 1785.252 1785.441 1785.629 1785.922 1786.278 1786.633 1786.988 1787.371 1788.206 1789.04 1789.875 1790.709 1791.502 1792.252 1793.002 1793.752 1794.502 1795.301 1796.104 1796.907 1797.711 1798.423 1798.966 1799.509 1800.052 1800.595 1802.041 1803.74 1805.439
1799.009 1799.04 1799.072 1799.103 1799.134 1799.146 1799.146 1799.146 1799.146 1799.132 1798.81 1798.487 1798.165 1797.843 1797.079 1795.825 1794.57 1793.316 1792.062 1790.689 1789.302 1787.917 1786.53 1785.61 1785.611 1785.612 1785.612 1785.613 1785.789 1786.019 1786.248 1786.478 1786.682 1786.786 1786.889 1786.992 1787.096 1787.3 1787.565 1787.83 1788.095 1788.389 1789.16 1789.93 1790.701 1791.471 1792.247 1793.029 1793.811 1794.593 1795.375 1796.108 1796.837 1797.565 1798.294 1798.922 1799.364 1799.806 1800.248 1800.69 1802.08 1803.737 1805.393
1799.348 1799.368 1799.389 1799.409 1799.43 1799.438 1799.438 1799.438 1799.438 1799.427 1799.19 1798.953 1798.716 1798.479 1797.833 1796.733 1795.633 1794.533 1793.433 1792.075 1790.689 1789.302 1787.917 1787.021 1787.096 1787.172 1787.247 1787.322 1787.532 1787.783 1788.034 1788.284 1788.489 1788.507 1788.526 1788.544 1788.562 1788.678 1788.853 1789.027 1789.201 1789.407 1790.113 1790.82 1791.527 1792.233 1792.992 1793.806 1794.62 1795.434 1796.248 1796.915 1797.569 1798.223 1798.877 1799.422 1799.763 1800.103 1800.444 1800.785 1802.12 1803.734 1805.348
1799.686 1799.696 1799.706 1799.716 1799.726 1799.729 1799.729 1799.729 1799.729 1799.723 1799.571 1799.419 1799.267 1799.115 1798.587 1797.641 1796.696 1795.75 1794.805 1793.461 1792.075 1790.689 1789.302 1788.432 1788.582 1788.732 1788.881 1789.031 1789.275 1789.547 1789.819 1790.091 1790.296 1790.229 1790.162 1790.095 1790.028 1790.056 1790.14 1790.224 1790.308 1790.424 1791.067 1791.71 1792.353 1792.995 1793.737 1794.583 1795.429 1796.275 1797.121 1797.722 1798.301 1798.881 1799.461 1799.921 1800.161 1800.401 1800.64 1800.88 1802.16 1803.731 1805.302
1800.0 1800.0 1800.0 1800.0 1800.0 1800.0 1800.0 1800.0 1800.0 1799.997 1799.922 1799.848 1799.773 1799.699 1799.28 1798.479 1797.678 1796.877 1796.076 1794.757 1793.385 1792.012 1790.639 1789.802 1790.026 1790.249 1790.473 1790.696 1790.974 1791.269 1791.564 1791.859 1792.067 1791.917 1791.768 1791.62 1791.47 1791.412 1791.407 1791.403 1791.398 1791.428 1792.007 1792.587 1793.167 1793.746 1794.469 1795.341 1796.214 1797.086 1797.958 1798.508 1799.03 1799.551 1800.073 1800.467 1800.625 1800.783 1800.941 1801.099 1802.325 1803.851 1805.377
1800.0 1800.0 1800.0 1800.0 1800.0 1800.0 1800.0 1800.0 1800.0 1799.996 1799.9 1799.804 1799.708 1799.613 1799.192 1798.413 1797.633 1796.854 1796.074 1794.921 1793.729 1792.537 1791.346 1790.65 1790.938 1791.225 1791.512 1791.8 1792.126 1792.463 1792.801 1793.138 1793.371 1793.18 1792.988 1792.797 1792.605 1792.491 1792.422 1792.354 1792.285 1792.251 1792.778 1793.304 1793.831 1794.357 1795.032 1795.862 1796.691 1797.521 1798.351 1799.034 1799.705 1800.375 1801.046 1801.594 1801.917 1802.24 1802.563 1802.886 1804.086 1805.533 1806.979
1800.0 1800.0 1800.0 1800.0 1800.0 1800.0 1800.0 1800.0 1800.0 1799.995 1799.878 1799.761 1799.644 1799.526 1799.105 1798.347 1797.589 1796.83 1796.072 1795.085 1794.074 1793.063 1792.052 1791.499 1791.85 1792.201 1792.552 1792.903 1793.277 1793.657 1794.037 1794.417 1794.676 1794.442 1794.208 1793.974 1793.739 1793.569 1793.437 1793.304 1793.172 1793.075 1793.548 1794.021 1794.495 1794.968 1795.595 1796.382 1797.169 1797.956 1798.743 1799.56 1800.38 1801.199 1802.019 1802.722 1803.21 1803.698 1804.186 1804.674 1805.848 1807.214 1808.581
1800.0 1800.0 1800.0 1800.0 1800.0 1800.0 1800.0 1800.0 1800.0 1799.994 1799.856 1799.717 1799.579 1799.44 1799.018 1798.281 1797.544 1796.807 1796.07 1795.249 1794.419 1793.589 1792.759 1792.347 1792.762 1793.177 1793.592 1794.007 1794.428 1794.851 1795.273 1795.696 1795.981 1795.704 1795.427 1795.15 1794.874 1794.647 1794.451 1794.255 1794.059 1793.899 1794.319 1794.739 1795.159 1795.579 1796.157 1796.902 1797.647 1798.391 1799.136 1800.086 1801.055 1802.023 1802.992 1803.85 1804.503 1805.156 1805.808 1806.461 1807.609 1808.896 1810.182
1800.0 1800.0 1800.0 1800.0 1800.0 1800.0 1800.0 1800.0 1800.0 1799.993 1799.833 1799.674 1799.514 1799.354 1798.931 1798.215 1797.499 1796.784 1796.068 1795.412 1794.763 1794.114 1793.465 1793.195 1793.674 1794.153 1794.632 1795.111 1795.579 1796.044 1796.51 1796.975 1797.285 1796.966 1796.647 1796.327 1796.008 1795.726 1795.466 1795.206 1794.946 1794.722 1795.089 1795.456 1795.823 1796.19 1796.72 1797.422 1798.124 1798.826 1799.528 1800.612 1801.73 1802.848 1803.965 1804.978 1805.795 1806.613 1807.431 1808.249 1809.371 1810.577 1811.784
1800.0 1800.0 1800.0 1800.0 1800.0 1800.0 1800.0 1800.0 1800.0 1799.992 1799.808 1799.625 1799.441 1799.257 1798.837 1798.153 1797.469 1796.785 1796.102 1795.581 1795.078 1794.575 1794.073 1793.909 1794.417 1794.925 1795.433 1795.941 1796.422 1796.895 1797.368 1797.841 1798.159 1797.845 1797.531 1797.218 1796.904 1796.618 1796.347 1796.077 1795.807 1795.569 1795.861 1796.153 1796.446 1796.738 1797.203 1797.849 1798.495 1799.141 1799.787 1800.987 1802.234 1803.482 1804.73 1805.891 1806.889 1807.888 1808.887 1809.886 1811.067 1812.298 1813.53
1800.0 1800.0 1800.0 1800.0 1800.0 1800.0 1800.0 1800.0 1800.0 1799.991 1799.781 1799.57 1799.36 1799.15 1798.735 1798.094 1797.453 1796.812 1796.171 1795.756 1795.364 1794.973 1794.582 1794.491 1794.993 1795.496 1795.999 1796.501 1796.961 1797.407 1797.854 1798.3 1798.607 1798.346 1798.086 1797.826 1797.565 1797.325 1797.097 1796.87 1796.642 1796.439 1796.635 1796.832 1797.028 1797.224 1797.607 1798.184 1798.76 1799.337 1799.914 1801.211 1802.571 1803.93 1805.29 1806.592 1807.788 1808.983 1810.179 1811.375 1812.698 1814.058 1815.417
1800.0 1800.0 1800.0 1800.0 1800.0 1800.0 1800.0 1800.0 1800.0 1799.99 1799.753 1799.516 1799.279 1799.042 1798.634 1798.035 1797.437 1796.838 1796.24 1795.93 1795.65 1795.371 1795.091 1795.073 1795.57 1796.067 1796.565 1797.062 1797.5 1797.919 1798.339 1798.759 1799.055 1798.848 1798.641 1798.433 1798.226 1798.033 1797.848 1797.662 1797.477 1797.309 1797.409 1797.51 1797.61 1797.711 1798.011 1798.518 1799.026 1799.534 1800.041 1801.435 1802.907 1804.378 1805.849 1807.293 1808.686 1810.078 1811.471 1812.864 1814.33 1815.817 1817.304
1800.0 1800.0 1800.0 1800.0 1800.0 1800.0 1800.0 1800.0 1800.0 1799.988 1799.725 1799.462 1799.198 1798.935 1798.532 1797.976 1797.42 1796.864 1796.308 1796.104 1795.936 1795.768 1795.601 1795.654 1796.146 1796.638 1797.13 1797.622 1798.039 1798.432 1798.825 1799.218 1799.503 1799.349 1799.195 1799.041 1798.887 1798.74 1798.598 1798.455 1798.313 1798.178 1798.183 1798.188 1798.193 1798.198 1798.415 1798.853 1799.292 1799.73 1800.168 1801.66 1803.243 1804.826 1806.409 1807.994 1809.584 1811.173 1812.763 1814.353 1815.962 1817.577 1819.191
1800.0 1800.0 1800.0 1800.0 1800.0 1800.0 1800.0 1800.0 1800.0 1799.987 1799.697 1799.407 1799.117 1798.827 1798.431 1797.918 1797.404 1796.891 1796.377 1796.278 1796.222 1796.166 1796.11 1796.236 1796.723 1797.21 1797.696 1798.183 1798.578 1798.944 1799.311 1799.677 1799.951 1799.851 1799.75 1799.649 1799.548 1799.448 1799.348 1799.248 1799.148 1799.048 1798.957 1798.866 1798.775 1798.684 1798.819 1799.188 1799.557 1799.926 1800.296 1801.884 1803.579 1805.274 1806.969 1808.696 1810.482 1812.269 1814.055 1815.842 1817.594 1819.336 1821.078
1800.0 1800.0 1800.0 1800.0 1800.0 1800.0 1800.0 1800.0 1800.0 1799.988 1799.711 1799.434 1799.157 1798.88 1798.521 1798.07 1797.619 1797.168 1796.717 1796.639 1796.6 1796.562 1796.523 1796.642 1797.074 1797.506 1797.937 1798.369 1798.726 1799.061 1799.396 1799.731 1799.991 1799.943 1799.896 1799.848 1799.8 1799.744 1799.681 1799.619 1799.556 1799.495 1799.463 1799.43 1799.398 1799.365 1799.498 1799.803 1800.108 1800.413 1800.718 1802.399 1804.201 1806.002 1807.804 1809.643 1811.552 1813.461 1815.37 1817.279 1819.11 1820.921 1822.731
