data/zism_data/00187_01_D.txt
ncols         224
nrows         224
[rows 84 to 111 of 224, columns 63 to 125 of 224]
3571.154 3571.279 3571.405 3571.531 3571.656 3571.031 3570.179 3569.327 3568.474 3567.85 3567.981 3568.112 3568.243 3568.374 3568.988 3569.812 3570.637 3571.461 3572.226 3572.675 3573.123 3573.572 3574.02 3574.256 3574.364 3574.471 3574.579 3574.704 3575.021 3575.339 3575.656 3575.973 3576.786 3578.004 3579.223 3580.441 3581.666 3583.363 3585.06 3586.757 3588.454 3590.652 3593.397 3596.142 3598.887 3601.633 3607.356 3613.264 3619.171 3625.078 3632.084 3640.698 3649.313 3657.928 3666.543 3673.283 3679.743 3686.203 3692.663 3697.508 3699.123 3700.738 3702.353
3574.667 3574.604 3574.541 3574.477 3574.414 3573.74 3572.881 3572.022 3571.163 3570.551 3570.754 3570.957 3571.16 3571.364 3572.126 3573.133 3574.14 3575.147 3576.084 3576.652 3577.219 3577.786 3578.353 3578.651 3578.785 3578.92 3579.054 3579.188 3579.317 3579.446 3579.575 3579.703 3580.178 3580.934 3581.69 3582.446 3583.21 3584.504 3585.799 3587.094 3588.388 3590.199 3592.573 3594.947 3597.321 3599.695 3605.156 3610.806 3616.457 3622.107 3629.12 3638.126 3647.132 3656.138 3665.145 3672.277 3679.127 3685.978 3692.828 3698.058 3700.044 3702.031 3704.018
3577.952 3577.689 3577.427 3577.164 3576.902 3576.165 3575.284 3574.404 3573.523 3572.918 3573.224 3573.529 3573.835 3574.141 3574.96 3576.005 3577.05 3578.094 3579.072 3579.693 3580.314 3580.935 3581.556 3581.978 3582.279 3582.581 3582.882 3583.176 3583.391 3583.605 3583.82 3584.035 3584.338 3584.712 3585.086 3585.459 3585.841 3586.748 3587.655 3588.562 3589.469 3590.903 3592.911 3594.919 3596.927 3598.935 3603.958 3609.168 3614.377 3619.586 3626.432 3635.675 3644.918 3654.162 3663.405 3670.764 3677.841 3684.917 3691.994 3697.5 3699.863 3702.227 3704.59
3581.236 3580.774 3580.313 3579.851 3579.389 3578.589 3577.688 3576.786 3575.884 3575.286 3575.694 3576.102 3576.509 3576.917 3577.794 3578.877 3579.959 3581.042 3582.059 3582.734 3583.409 3584.084 3584.759 3585.305 3585.773 3586.241 3586.709 3587.163 3587.464 3587.765 3588.066 3588.367 3588.498 3588.49 3588.481 3588.473 3588.472 3588.992 3589.511 3590.031 3590.551 3591.607 3593.249 3594.891 3596.533 3598.175 3602.761 3607.529 3612.297 3617.065 3623.745 3633.225 3642.705 3652.185 3661.665 3669.251 3676.554 3683.857 3691.16 3696.942 3699.682 3702.422 3705.162
3584.521 3583.86 3583.199 3582.538 3581.877 3581.014 3580.091 3579.168 3578.244 3577.653 3578.164 3578.674 3579.184 3579.694 3580.628 3581.749 3582.868 3583.989 3585.046 3585.775 3586.504 3587.232 3587.961 3588.631 3589.267 3589.902 3590.537 3591.15 3591.537 3591.925 3592.312 3592.699 3592.657 3592.267 3591.877 3591.487 3591.104 3591.236 3591.368 3591.5 3591.632 3592.311 3593.587 3594.863 3596.139 3597.415 3601.564 3605.891 3610.217 3614.544 3621.058 3630.774 3640.491 3650.208 3659.925 3667.739 3675.268 3682.796 3690.325 3696.384 3699.5 3702.618 3705.735
3587.805 3586.945 3586.085 3585.225 3584.365 3583.439 3582.495 3581.55 3580.605 3580.021 3580.634 3581.246 3581.858 3582.471 3583.462 3584.62 3585.778 3586.936 3588.034 3588.816 3589.599 3590.381 3591.164 3591.958 3592.76 3593.563 3594.364 3595.138 3595.611 3596.084 3596.557 3597.031 3596.818 3596.045 3595.273 3594.5 3593.735 3593.479 3593.224 3592.969 3592.713 3593.015 3593.925 3594.835 3595.745 3596.655 3600.367 3604.252 3608.137 3612.023 3618.37 3628.324 3638.277 3648.231 3658.185 3666.226 3673.981 3681.736 3689.491 3695.825 3699.319 3702.813 3706.307
3591.954 3590.766 3589.578 3588.389 3587.201 3586.116 3585.063 3584.009 3582.956 3582.315 3583.041 3583.767 3584.493 3585.219 3586.339 3587.633 3588.927 3590.22 3591.458 3592.395 3593.332 3594.27 3595.207 3596.096 3596.955 3597.815 3598.674 3599.497 3599.935 3600.374 3600.812 3601.251 3600.846 3599.753 3598.66 3597.567 3596.481 3595.847 3595.212 3594.577 3593.943 3593.908 3594.528 3595.147 3595.767 3596.387 3599.675 3603.127 3606.579 3610.031 3616.051 3625.828 3635.606 3645.383 3655.161 3663.376 3671.357 3679.338 3687.319 3694.014 3698.137 3702.261 3706.384
3596.897 3595.262 3593.627 3591.992 3590.356 3589.023 3587.781 3586.54 3585.298 3584.541 3585.391 3586.24 3587.09 3587.94 3589.256 3590.775 3592.295 3593.815 3595.281 3596.467 3597.652 3598.837 3600.022 3600.977 3601.793 3602.609 3603.426 3604.196 3604.49 3604.783 3605.076 3605.369 3604.754 3603.397 3602.041 3600.684 3599.333 3598.326 3597.321 3596.314 3595.308 3594.974 3595.373 3595.772 3596.171 3596.57 3599.445 3602.472 3605.499 3608.526 3614.068 3623.291 3632.514 3641.737 3650.96 3659.3 3667.507 3675.714 3683.921 3691.054 3696.039 3701.023 3706.007
3601.84 3599.758 3597.676 3595.594 3593.512 3591.931 3590.5 3589.07 3587.64 3586.767 3587.74 3588.714 3589.688 3590.661 3592.172 3593.918 3595.664 3597.409 3599.105 3600.538 3601.971 3603.403 3604.836 3605.857 3606.631 3607.404 3608.177 3608.896 3609.044 3609.192 3609.34 3609.488 3608.662 3607.041 3605.421 3603.801 3602.184 3600.806 3599.429 3598.052 3596.674 3596.041 3596.219 3596.397 3596.576 3596.754 3599.215 3601.817 3604.419 3607.021 3612.085 3620.754 3629.422 3638.091 3646.76 3655.224 3663.657 3672.09 3680.523 3688.094 3693.939 3699.785 3705.631
3606.782 3604.254 3601.725 3599.196 3596.668 3594.838 3593.219 3591.601 3589.982 3588.993 3590.091 3591.188 3592.285 3593.382 3595.088 3597.06 3599.032 3601.004 3602.929 3604.61 3606.29 3607.97 3609.65 3610.739 3611.469 3612.198 3612.929 3613.595 3613.598 3613.601 3613.603 3613.606 3612.57 3610.685 3608.801 3606.917 3605.035 3603.286 3601.538 3599.789 3598.04 3597.107 3597.065 3597.022 3596.98 3596.938 3598.986 3601.162 3603.339 3605.516 3610.102 3618.216 3626.331 3634.445 3642.56 3651.148 3659.807 3668.466 3677.125 3685.134 3691.84 3698.547 3705.254
3611.725 3608.75 3605.774 3602.799 3599.823 3597.745 3595.938 3594.131 3592.324 3591.219 3592.44 3593.661 3594.883 3596.104 3598.004 3600.202 3602.4 3604.598 3606.753 3608.681 3610.609 3612.537 3614.465 3615.619 3616.306 3616.993 3617.68 3618.295 3618.152 3618.01 3617.867 3617.724 3616.477 3614.329 3612.182 3610.034 3607.886 3605.766 3603.646 3601.526 3599.406 3598.174 3597.911 3597.647 3597.385 3597.121 3598.756 3600.507 3602.259 3604.01 3608.119 3615.679 3623.239 3630.799 3638.359 3647.072 3655.957 3664.842 3673.727 3682.173 3689.741 3697.309 3704.877
3617.539 3614.331 3611.123 3607.915 3604.707 3602.25 3600.02 3597.789 3595.558 3594.238 3595.933 3597.628 3599.323 3601.018 3603.26 3605.742 3608.224 3610.705 3613.081 3614.895 3616.71 3618.525 3620.34 3621.34 3621.848 3622.356 3622.864 3623.296 3622.93 3622.563 3622.197 3621.831 3620.473 3618.307 3616.141 3613.975 3611.807 3609.478 3607.148 3604.818 3602.489 3600.95 3600.272 3599.595 3598.918 3598.241 3599.436 3600.747 3602.057 3603.368 3606.96 3613.892 3620.825 3627.757 3634.69 3643.312 3652.188 3661.064 3669.941 3678.473 3686.316 3694.16 3702.004
3623.379 3619.945 3616.511 3613.077 3609.643 3606.802 3604.141 3601.48 3598.819 3597.28 3599.46 3601.639 3603.819 3605.998 3608.586 3611.353 3614.12 3616.887 3619.482 3621.173 3622.864 3624.555 3626.246 3627.086 3627.411 3627.736 3628.061 3628.306 3627.714 3627.121 3626.529 3625.936 3624.471 3622.295 3620.118 3617.941 3615.76 3613.225 3610.691 3608.157 3605.623 3603.776 3602.679 3601.583 3600.485 3599.388 3600.144 3601.013 3601.882 3602.751 3605.825 3612.128 3618.431 3624.733 3631.036 3639.563 3648.423 3657.282 3666.143 3674.75 3682.852 3690.954 3699.056
3629.219 3625.559 3621.899 3618.239 3614.579 3611.355 3608.263 3605.172 3602.08 3600.323 3602.987 3605.65 3608.314 3610.978 3613.912 3616.964 3620.016 3623.068 3625.884 3627.451 3629.018 3630.585 3632.153 3632.832 3632.974 3633.116 3633.258 3633.317 3632.498 3631.679 3630.861 3630.042 3628.47 3626.282 3624.095 3621.907 3619.712 3616.973 3614.235 3611.496 3608.758 3606.603 3605.086 3603.57 3602.053 3600.536 3600.851 3601.279 3601.707 3602.134 3604.691 3610.364 3616.037 3621.71 3627.383 3635.813 3644.657 3653.5 3662.344 3671.027 3679.388 3687.748 3696.109
3635.059 3631.173 3627.287 3623.4 3619.514 3615.908 3612.385 3608.863 3605.341 3603.365 3606.513 3609.662 3612.81 3615.958 3619.238 3622.575 3625.913 3629.25 3632.286 3633.729 3635.173 3636.616 3638.059 3638.578 3638.537 3638.496 3638.455 3638.327 3637.282 3636.238 3635.193 3634.148 3632.468 3630.27 3628.072 3625.873 3623.664 3620.721 3617.778 3614.835 3611.892 3609.43 3607.493 3605.557 3603.62 3601.683 3601.558 3601.545 3601.531 3601.518 3603.556 3608.599 3613.643 3618.686 3623.729 3632.063 3640.891 3649.719 3658.546 3667.304 3675.923 3684.542 3693.161
3641.079 3637.019 3632.958 3628.898 3624.838 3621.001 3617.231 3613.462 3609.692 3607.601 3611.073 3614.545 3618.018 3621.49 3625.051 3628.651 3632.251 3635.851 3639.075 3640.313 3641.551 3642.789 3644.027 3644.33 3644.068 3643.806 3643.543 3643.199 3641.996 3640.793 3639.59 3638.387 3636.633 3634.428 3632.224 3630.02 3627.804 3624.821 3621.839 3618.856 3615.874 3613.255 3611.031 3608.808 3606.585 3604.362 3603.735 3603.205 3602.675 3602.146 3603.656 3608.153 3612.651 3617.148 3621.645 3629.799 3638.502 3647.205 3655.908 3664.569 3673.145 3681.722 3690.298
3647.347 3643.185 3639.022 3634.86 3630.697 3626.841 3623.076 3619.312 3615.548 3613.485 3617.059 3620.634 3624.208 3627.782 3631.536 3635.367 3639.199 3643.03 3646.398 3647.318 3648.239 3649.159 3650.08 3650.092 3649.556 3649.019 3648.482 3647.881 3646.614 3645.346 3644.079 3642.812 3641.028 3638.823 3636.619 3634.415 3632.202 3629.407 3626.613 3623.819 3621.025 3618.455 3616.13 3613.804 3611.479 3609.154 3607.937 3606.789 3605.64 3604.491 3605.459 3609.526 3613.592 3617.659 3621.726 3629.585 3638.013 3646.442 3654.87 3663.196 3671.314 3679.433 3687.552
3653.615 3649.351 3645.086 3640.821 3636.556 3632.68 3628.921 3625.162 3621.403 3619.368 3623.045 3626.722 3630.398 3634.075 3638.02 3642.083 3646.146 3650.209 3653.721 3654.324 3654.927 3655.53 3656.133 3655.854 3655.043 3654.232 3653.42 3652.564 3651.231 3649.899 3648.567 3647.235 3645.423 3643.218 3641.014 3638.809 3636.599 3633.993 3631.388 3628.782 3626.176 3623.656 3621.228 3618.8 3616.373 3613.945 3612.139 3610.372 3608.604 3606.837 3607.262 3610.898 3614.534 3618.17 3621.806 3629.371 3637.525 3645.678 3653.833 3661.822 3669.484 3677.145 3684.806
3659.884 3655.517 3651.15 3646.782 3642.416 3638.52 3634.766 3631.013 3627.259 3625.252 3629.031 3632.81 3636.589 3640.367 3644.505 3648.8 3653.094 3657.388 3661.044 3661.329 3661.615 3661.9 3662.186 3661.616 3660.531 3659.445 3658.359 3657.246 3655.849 3654.453 3653.056 3651.659 3649.818 3647.613 3645.409 3643.204 3640.997 3638.58 3636.162 3633.745 3631.327 3628.856 3626.326 3623.796 3621.266 3618.737 3616.342 3613.955 3611.569 3609.182 3609.065 3612.271 3615.476 3618.681 3621.887 3629.156 3637.036 3644.915 3652.795 3660.449 3667.653 3674.857 3682.061
3666.152 3661.682 3657.213 3652.744 3648.275 3644.359 3640.611 3636.863 3633.115 3631.135 3635.017 3638.898 3642.779 3646.66 3650.99 3655.516 3660.042 3664.567 3668.366 3668.334 3668.302 3668.27 3668.238 3667.378 3666.018 3664.658 3663.297 3661.928 3660.467 3659.006 3657.544 3656.083 3654.212 3652.008 3649.804 3647.599 3645.394 3643.166 3640.937 3638.708 3636.479 3634.057 3631.425 3628.792 3626.16 3623.528 3620.544 3617.539 3614.533 3611.528 3610.868 3613.643 3616.418 3619.193 3621.967 3628.942 3636.547 3644.152 3651.757 3659.075 3665.822 3672.568 3679.315
3671.758 3667.524 3663.289 3659.055 3654.82 3650.952 3647.196 3643.439 3639.682 3637.715 3641.674 3645.634 3649.594 3653.554 3657.883 3662.374 3666.865 3671.355 3675.082 3674.784 3674.486 3674.188 3673.889 3672.77 3671.154 3669.538 3667.922 3666.308 3664.721 3663.135 3661.548 3659.961 3658.073 3655.939 3653.804 3651.67 3649.54 3647.668 3645.796 3643.923 3642.051 3639.939 3637.565 3635.191 3632.817 3630.443 3627.385 3624.285 3621.184 3618.084 3617.191 3619.531 3621.871 3624.21 3626.55 3632.61 3639.229 3645.848 3652.467 3658.938 3665.115 3671.292 3677.468
3677.265 3673.316 3669.367 3665.417 3661.468 3657.658 3653.891 3650.123 3646.356 3644.397 3648.433 3652.468 3656.503 3660.539 3664.838 3669.253 3673.669 3678.084 3681.706 3681.15 3680.593 3680.037 3679.48 3678.106 3676.237 3674.368 3672.499 3670.642 3668.921 3667.2 3665.479 3663.757 3661.853 3659.799 3657.746 3655.692 3653.647 3652.157 3650.667 3649.177 3647.687 3645.924 3643.862 3641.8 3639.738 3637.676 3634.621 3631.505 3628.388 3625.272 3624.193 3626.096 3628.0 3629.904 3631.807 3636.861 3642.387 3647.913 3653.44 3658.987 3664.577 3670.167 3675.757
3682.772 3679.108 3675.444 3671.78 3668.116 3664.365 3660.586 3656.808 3653.03 3651.08 3655.191 3659.302 3663.412 3667.523 3671.793 3676.133 3680.473 3684.813 3688.331 3687.516 3686.701 3685.886 3685.071 3683.442 3681.32 3679.198 3677.075 3674.977 3673.121 3671.265 3669.409 3667.553 3665.633 3663.66 3661.688 3659.715 3657.754 3656.647 3655.539 3654.431 3653.323 3651.908 3650.159 3648.409 3646.659 3644.91 3641.857 3638.725 3635.592 3632.46 3631.194 3632.662 3634.129 3635.597 3637.065 3641.111 3645.545 3649.979 3654.412 3659.036 3664.039 3669.042 3674.045
3688.28 3684.901 3681.522 3678.143 3674.765 3671.071 3667.281 3663.492 3659.703 3657.764 3661.949 3666.135 3670.322 3674.508 3678.748 3683.013 3687.277 3691.542 3694.955 3693.882 3692.809 3691.735 3690.662 3688.778 3686.403 3684.028 3681.653 3679.311 3677.321 3675.33 3673.34 3671.349 3669.413 3667.521 3665.629 3663.737 3661.862 3661.136 3660.411 3659.685 3658.959 3657.893 3656.456 3655.018 3653.581 3652.143 3649.094 3645.945 3642.797 3639.648 3638.196 3639.227 3640.259 3641.291 3642.323 3645.362 3648.703 3652.044 3655.385 3659.084 3663.501 3667.917 3672.334
3692.852 3689.78 3686.709 3683.638 3680.567 3676.991 3673.264 3669.536 3665.808 3663.932 3668.192 3672.452 3676.711 3680.971 3685.232 3689.493 3693.754 3698.015 3701.403 3700.187 3698.97 3697.753 3696.537 3694.456 3691.852 3689.248 3686.644 3684.079 3681.921 3679.763 3677.606 3675.448 3673.438 3671.548 3669.657 3667.767 3665.899 3665.535 3665.171 3664.807 3664.442 3663.72 3662.607 3661.494 3660.38 3659.267 3656.36 3653.343 3650.326 3647.309 3645.766 3646.385 3647.003 3647.621 3648.239 3650.364 3652.715 3655.066 3657.417 3660.254 3664.062 3667.869 3671.677
3695.426 3692.71 3689.994 3687.278 3684.562 3681.234 3677.722 3674.209 3670.697 3669.003 3673.333 3677.662 3681.992 3686.321 3690.708 3695.12 3699.532 3703.944 3707.475 3706.361 3705.246 3704.132 3703.018 3700.864 3698.083 3695.301 3692.52 3689.771 3687.377 3684.983 3682.588 3680.194 3677.985 3675.928 3673.871 3671.814 3669.786 3669.739 3669.693 3669.646 3669.6 3669.21 3668.447 3667.684 3666.92 3666.157 3663.691 3661.121 3658.55 3655.979 3654.554 3654.807 3655.059 3655.311 3655.563 3656.971 3658.552 3660.134 3661.715 3663.82 3666.97 3670.121 3673.272
3698.0 3695.639 3693.279 3690.918 3688.557 3685.477 3682.18 3678.883 3675.586 3674.073 3678.473 3682.872 3687.272 3691.672 3696.185 3700.747 3705.31 3709.873 3713.546 3712.534 3711.522 3710.51 3709.498 3707.273 3704.313 3701.354 3698.395 3695.464 3692.833 3690.202 3687.571 3684.939 3682.532 3680.308 3678.084 3675.86 3673.673 3673.944 3674.215 3674.486 3674.757 3674.7 3674.287 3673.873 3673.46 3673.046 3671.022 3668.898 3666.774 3664.65 3663.342 3663.228 3663.115 3663.0 3662.886 3663.577 3664.389 3665.201 3666.012 3667.385 3669.879 3672.374 3674.868
3700.574 3698.569 3696.563 3694.558 3692.553 3689.72 3686.638 3683.557 3680.475 3679.144 3683.613 3688.083 3692.552 3697.022 3701.661 3706.375 3711.088 3715.801 3719.618 3718.708 3717.799 3716.889 3715.979 3713.681 3710.544 3707.408 3704.271 3701.157 3698.289 3695.421 3692.553 3689.685 3687.08 3684.689 3682.298 3679.907 3677.56 3678.148 3678.737 3679.325 3679.914 3680.19 3680.127 3680.063 3680.0 3679.936 3678.353 3676.676 3674.999 3673.322 3672.13 3671.65 3671.17 3670.69 3670.211 3670.184 3670.226 3670.268 3670.31 3670.951 3672.788 3674.626 3676.464
