data/zism_data/00180_02_D.txt
ncols         224
nrows         224
[rows 196 to 223 of 224, columns 0 to 62 of 224]
1700.054 1700.062 1700.048 1700.034 1700.019 1700.005 1700.892 1702.251 1703.609 1704.967 1706.641 1711.321 1716.001 1720.681 1725.361 1730.031 1734.694 1739.357 1744.02 1748.683 1752.803 1756.907 1761.01 1765.114 1768.985 1772.52 1776.055 1779.589 1783.124 1785.946 1788.639 1791.332 1794.025 1795.236 1792.727 1790.217 1787.708 1785.198 1780.368 1774.647 1768.926 1763.205 1758.287 1757.566 1756.845 1756.124 1755.403 1757.877 1762.495 1767.112 1771.73 1776.33 1780.459 1784.588 1788.717 1792.846 1795.345 1796.039 1796.733 1797.426 1798.12 1794.552 1790.576
1700.0 1700.0 1700.0 1700.0 1700.0 1700.0 1700.972 1702.452 1703.932 1705.411 1707.18 1711.697 1716.215 1720.733 1725.25 1729.676 1734.021 1738.367 1742.712 1747.057 1750.844 1754.614 1758.384 1762.155 1765.775 1769.18 1772.584 1775.989 1779.394 1782.365 1785.257 1788.15 1791.042 1792.414 1789.965 1787.516 1785.067 1782.618 1777.593 1771.579 1765.565 1759.552 1754.223 1752.476 1750.729 1748.982 1747.235 1749.341 1754.03 1758.72 1763.41 1768.114 1773.202 1778.29 1783.378 1788.466 1791.813 1793.233 1794.653 1796.073 1797.493 1794.284 1790.63
1700.0 1700.0 1700.0 1700.0 1700.0 1700.0 1701.035 1702.611 1704.187 1705.762 1707.593 1711.849 1716.105 1720.362 1724.618 1728.763 1732.81 1736.857 1740.904 1744.95 1748.485 1752.005 1755.524 1759.044 1762.442 1765.666 1768.889 1772.113 1775.336 1778.36 1781.349 1784.337 1787.325 1788.81 1786.516 1784.221 1781.927 1779.632 1774.577 1768.462 1762.347 1756.232 1750.63 1747.71 1744.791 1741.871 1738.951 1740.493 1745.028 1749.563 1754.099 1758.689 1764.747 1770.806 1776.864 1782.922 1787.197 1789.496 1791.796 1794.095 1796.395 1793.578 1790.271
1700.0 1700.0 1700.0 1700.0 1700.0 1700.0 1701.098 1702.77 1704.442 1706.113 1708.005 1712.001 1715.996 1719.991 1723.987 1727.85 1731.599 1735.347 1739.095 1742.844 1746.126 1749.396 1752.664 1755.933 1759.11 1762.152 1765.194 1768.236 1771.278 1774.356 1777.441 1780.525 1783.609 1785.206 1783.067 1780.927 1778.787 1776.647 1771.561 1765.345 1759.129 1752.913 1747.037 1742.945 1738.852 1734.76 1730.668 1731.647 1736.027 1740.407 1744.788 1749.265 1756.293 1763.322 1770.35 1777.379 1782.58 1785.759 1788.938 1792.117 1795.296 1792.873 1789.912
1700.0 1700.0 1700.0 1700.0 1700.0 1700.0 1701.161 1702.929 1704.697 1706.464 1708.418 1712.152 1715.887 1719.621 1723.355 1726.937 1730.387 1733.837 1737.287 1740.737 1743.768 1746.786 1749.805 1752.823 1755.777 1758.638 1761.499 1764.36 1767.221 1770.352 1773.532 1776.713 1779.893 1781.603 1779.617 1777.632 1775.647 1773.662 1768.546 1762.228 1755.911 1749.593 1743.445 1738.179 1732.914 1727.649 1722.384 1722.8 1727.026 1731.251 1735.477 1739.841 1747.839 1755.838 1763.836 1771.835 1777.964 1782.022 1786.081 1790.139 1794.198 1792.168 1789.553
1700.005 1700.0 1700.0 1700.0 1700.0 1700.0 1701.196 1703.017 1704.838 1706.659 1708.636 1712.103 1715.57 1719.038 1722.505 1725.808 1728.968 1732.128 1735.288 1738.447 1741.235 1744.013 1746.79 1749.567 1752.308 1754.999 1757.69 1760.381 1763.072 1766.22 1769.451 1772.681 1775.912 1777.705 1775.886 1774.068 1772.249 1770.43 1765.348 1759.013 1752.678 1746.344 1740.02 1733.755 1727.49 1721.226 1714.961 1714.832 1718.818 1722.805 1726.792 1730.953 1739.733 1748.514 1757.294 1766.074 1773.004 1777.885 1782.767 1787.648 1792.529 1790.907 1788.659
1700.042 1700.0 1700.0 1700.0 1700.0 1700.0 1701.046 1702.637 1704.229 1705.821 1707.562 1710.725 1713.888 1717.052 1720.215 1723.252 1726.177 1729.102 1732.027 1734.953 1737.558 1740.154 1742.75 1745.346 1747.941 1750.536 1753.131 1755.726 1758.321 1761.242 1764.222 1767.202 1770.182 1771.866 1770.293 1768.719 1767.146 1765.572 1760.947 1755.15 1749.354 1743.557 1737.709 1731.588 1725.467 1719.346 1713.225 1712.676 1715.863 1719.05 1722.237 1725.611 1733.928 1742.244 1750.561 1758.877 1765.776 1771.105 1776.434 1781.763 1787.092 1785.97 1784.23
1700.08 1700.0 1700.0 1700.0 1700.0 1700.0 1700.895 1702.258 1703.62 1704.983 1706.487 1709.347 1712.206 1715.066 1717.926 1720.695 1723.386 1726.077 1728.767 1731.458 1733.881 1736.295 1738.71 1741.124 1743.574 1746.073 1748.572 1751.071 1753.57 1756.264 1758.994 1761.723 1764.453 1766.027 1764.699 1763.37 1762.042 1760.714 1756.546 1751.287 1746.029 1740.771 1735.398 1729.421 1723.444 1717.467 1711.49 1710.519 1712.907 1715.294 1717.682 1720.269 1728.122 1735.975 1743.827 1751.68 1758.548 1764.324 1770.101 1775.878 1781.655 1781.034 1779.8
1700.117 1700.0 1700.0 1700.0 1700.0 1700.0 1700.745 1701.878 1703.011 1704.144 1705.413 1707.969 1710.524 1713.08 1715.636 1718.139 1720.595 1723.051 1725.507 1727.963 1730.203 1732.437 1734.67 1736.903 1739.206 1741.609 1744.012 1746.415 1748.818 1751.286 1753.765 1756.244 1758.723 1760.188 1759.105 1758.022 1756.939 1755.855 1752.144 1747.425 1742.705 1737.985 1733.086 1727.253 1721.42 1715.587 1709.754 1708.363 1709.951 1711.539 1713.127 1714.927 1722.316 1729.705 1737.094 1744.483 1751.319 1757.544 1763.768 1769.993 1776.217 1776.098 1775.37
1700.155 1700.0 1700.0 1700.0 1700.0 1700.0 1700.594 1701.498 1702.402 1703.306 1704.338 1706.59 1708.842 1711.094 1713.346 1715.582 1717.804 1720.025 1722.247 1724.469 1726.526 1728.578 1730.63 1732.682 1734.839 1737.146 1739.453 1741.76 1744.067 1746.308 1748.536 1750.765 1752.994 1754.349 1753.511 1752.673 1751.835 1750.997 1747.743 1743.562 1739.38 1735.199 1730.775 1725.086 1719.397 1713.708 1708.019 1706.207 1706.995 1707.784 1708.572 1709.585 1716.51 1723.436 1730.361 1737.286 1744.091 1750.763 1757.435 1764.108 1770.78 1771.162 1770.94
1701.252 1700.841 1700.685 1700.529 1700.373 1700.217 1700.607 1701.282 1701.957 1702.632 1703.425 1705.34 1707.255 1709.17 1711.086 1713.023 1714.98 1716.938 1718.895 1720.852 1722.688 1724.52 1726.352 1728.184 1730.189 1732.445 1734.701 1736.957 1739.213 1741.297 1743.35 1745.403 1747.456 1748.744 1748.109 1747.475 1746.84 1746.205 1743.344 1739.63 1735.915 1732.2 1728.232 1722.944 1717.657 1712.369 1707.082 1705.139 1705.439 1705.74 1706.041 1706.561 1712.876 1719.19 1725.505 1731.82 1738.31 1744.996 1751.681 1758.367 1765.052 1765.846 1766.073
1703.174 1702.336 1701.903 1701.47 1701.037 1700.604 1700.749 1701.194 1701.64 1702.086 1702.636 1704.189 1705.742 1707.295 1708.848 1710.463 1712.132 1713.801 1715.471 1717.14 1718.724 1720.305 1721.887 1723.468 1725.319 1727.559 1729.799 1732.039 1734.28 1736.262 1738.198 1740.134 1742.069 1743.322 1742.858 1742.393 1741.929 1741.465 1738.948 1735.644 1732.339 1729.034 1725.508 1720.823 1716.138 1711.452 1706.767 1704.919 1704.975 1705.03 1705.085 1705.343 1710.933 1716.523 1722.113 1727.702 1733.658 1740.018 1746.378 1752.739 1759.099 1760.234 1760.866
1705.097 1703.832 1703.121 1702.411 1701.701 1700.991 1700.89 1701.106 1701.323 1701.539 1701.848 1703.039 1704.229 1705.419 1706.61 1707.902 1709.283 1710.665 1712.047 1713.428 1714.76 1716.091 1717.422 1718.753 1720.449 1722.673 1724.898 1727.122 1729.346 1731.227 1733.045 1734.864 1736.682 1737.899 1737.606 1737.312 1737.018 1736.724 1734.552 1731.657 1728.763 1725.869 1722.784 1718.701 1714.618 1710.535 1706.452 1704.699 1704.51 1704.32 1704.13 1704.125 1708.99 1713.855 1718.72 1723.585 1729.005 1735.04 1741.075 1747.111 1753.146 1754.621 1755.659
1707.019 1705.327 1704.34 1703.353 1702.365 1701.378 1701.031 1701.018 1701.006 1700.993 1701.06 1701.888 1702.716 1703.544 1704.372 1705.341 1706.435 1707.529 1708.622 1709.716 1710.797 1711.877 1712.958 1714.038 1715.579 1717.788 1719.996 1722.204 1724.412 1726.191 1727.892 1729.593 1731.295 1732.477 1732.353 1732.23 1732.107 1731.984 1730.155 1727.671 1725.188 1722.704 1720.06 1716.579 1713.099 1709.618 1706.137 1704.48 1704.045 1703.61 1703.175 1702.907 1707.047 1711.187 1715.327 1719.467 1724.352 1730.062 1735.772 1741.482 1747.192 1749.009 1750.452
1708.942 1706.823 1705.558 1704.294 1703.029 1701.765 1701.172 1700.93 1700.689 1700.447 1700.272 1700.737 1701.203 1701.668 1702.134 1702.781 1703.586 1704.392 1705.198 1706.004 1706.833 1707.663 1708.493 1709.323 1710.71 1712.902 1715.094 1717.286 1719.478 1721.156 1722.74 1724.323 1725.907 1727.054 1727.101 1727.149 1727.196 1727.244 1725.759 1723.685 1721.612 1719.539 1717.336 1714.458 1711.579 1708.701 1705.823 1704.26 1703.58 1702.9 1702.22 1701.689 1705.104 1708.519 1711.935 1715.35 1719.699 1725.084 1730.469 1735.854 1741.239 1743.397 1745.245
1713.104 1710.756 1709.103 1707.451 1705.798 1704.145 1703.161 1702.526 1701.891 1701.256 1700.705 1700.956 1701.207 1701.458 1701.709 1702.162 1702.791 1703.42 1704.049 1704.678 1705.326 1705.974 1706.622 1707.271 1708.403 1710.235 1712.067 1713.899 1715.732 1717.151 1718.496 1719.841 1721.186 1722.21 1722.428 1722.646 1722.865 1723.083 1721.976 1720.36 1718.745 1717.13 1715.381 1712.93 1710.479 1708.029 1705.578 1704.167 1703.453 1702.74 1702.026 1701.443 1704.297 1707.151 1710.005 1712.86 1716.725 1721.711 1726.696 1731.682 1736.668 1738.789 1740.634
1717.282 1714.708 1712.666 1710.624 1708.582 1706.54 1705.163 1704.134 1703.104 1702.075 1701.147 1701.184 1701.222 1701.26 1701.298 1701.557 1702.011 1702.464 1702.917 1703.37 1703.837 1704.304 1704.771 1705.238 1706.115 1707.584 1709.054 1710.524 1711.994 1713.155 1714.26 1715.365 1716.47 1717.371 1717.76 1718.148 1718.537 1718.925 1718.197 1717.041 1715.884 1714.727 1713.431 1711.407 1709.382 1707.358 1705.334 1704.075 1703.329 1702.584 1701.838 1701.203 1703.498 1705.792 1708.087 1710.382 1713.763 1718.349 1722.935 1727.521 1732.107 1734.188 1736.028
1721.46 1718.659 1716.228 1713.797 1711.366 1708.935 1707.166 1705.742 1704.318 1702.894 1701.588 1701.413 1701.238 1701.062 1700.887 1700.953 1701.23 1701.508 1701.785 1702.062 1702.348 1702.634 1702.919 1703.205 1703.827 1704.934 1706.041 1707.148 1708.256 1709.158 1710.023 1710.889 1711.754 1712.532 1713.091 1713.65 1714.209 1714.768 1714.419 1713.721 1713.022 1712.324 1711.481 1709.883 1708.285 1706.688 1705.09 1703.983 1703.205 1702.427 1701.65 1700.964 1702.699 1704.434 1706.169 1707.903 1710.801 1714.987 1719.173 1723.36 1727.546 1729.587 1731.422
1725.639 1722.611 1719.791 1716.971 1714.151 1711.33 1709.168 1707.35 1705.531 1703.713 1702.03 1701.642 1701.253 1700.865 1700.476 1700.349 1700.45 1700.551 1700.653 1700.754 1700.859 1700.963 1701.068 1701.172 1701.538 1702.283 1703.028 1703.773 1704.518 1705.161 1705.787 1706.412 1707.038 1707.693 1708.422 1709.152 1709.882 1710.611 1710.641 1710.401 1710.161 1709.921 1709.531 1708.36 1707.188 1706.017 1704.846 1703.891 1703.081 1702.271 1701.462 1700.725 1701.9 1703.075 1704.25 1705.425 1707.839 1711.626 1715.412 1719.198 1722.985 1724.986 1726.816
1729.923 1726.727 1723.565 1720.403 1717.241 1714.08 1711.518 1709.269 1707.02 1704.771 1702.678 1702.079 1701.479 1700.88 1700.28 1700.0 1700.0 1700.0 1700.0 1700.0 1700.0 1700.0 1700.0 1700.0 1700.199 1700.685 1701.171 1701.657 1702.143 1702.592 1703.034 1703.476 1703.918 1704.448 1705.199 1705.951 1706.702 1707.453 1707.692 1707.735 1707.777 1707.82 1707.717 1706.857 1705.997 1705.137 1704.277 1703.474 1702.709 1701.944 1701.179 1700.471 1701.244 1702.017 1702.791 1703.564 1705.537 1708.838 1712.139 1715.439 1718.74 1720.579 1722.277
1734.354 1731.067 1727.628 1724.189 1720.75 1717.312 1714.339 1711.61 1708.882 1706.153 1703.607 1702.799 1701.992 1701.185 1700.377 1700.0 1700.0 1700.0 1700.0 1700.0 1700.0 1700.0 1700.0 1700.0 1700.151 1700.52 1700.889 1701.257 1701.626 1701.967 1702.302 1702.638 1702.973 1703.375 1703.945 1704.515 1705.085 1705.656 1705.875 1705.96 1706.045 1706.13 1706.089 1705.383 1704.678 1703.972 1703.267 1702.615 1701.999 1701.384 1700.768 1700.196 1700.783 1701.37 1701.957 1702.544 1704.133 1706.831 1709.53 1712.228 1714.927 1716.435 1717.829
1738.784 1735.408 1731.692 1727.976 1724.26 1720.543 1717.161 1713.952 1710.744 1707.536 1704.535 1703.52 1702.505 1701.49 1700.474 1700.0 1700.0 1700.0 1700.0 1700.0 1700.0 1700.0 1700.0 1700.0 1700.103 1700.354 1700.606 1700.858 1701.109 1701.342 1701.57 1701.799 1702.028 1702.302 1702.691 1703.08 1703.469 1703.858 1704.058 1704.186 1704.313 1704.441 1704.46 1703.909 1703.358 1702.807 1702.256 1701.756 1701.29 1700.823 1700.357 1699.922 1700.322 1700.723 1701.123 1701.523 1702.728 1704.824 1706.921 1709.017 1711.113 1712.292 1713.382
1743.214 1739.748 1735.755 1731.762 1727.769 1723.775 1719.982 1716.294 1712.606 1708.918 1705.464 1704.241 1703.018 1701.795 1700.571 1700.0 1700.0 1700.0 1700.0 1700.0 1700.0 1700.0 1700.0 1700.0 1700.055 1700.189 1700.324 1700.458 1700.592 1700.716 1700.839 1700.961 1701.083 1701.229 1701.437 1701.645 1701.853 1702.06 1702.241 1702.411 1702.582 1702.752 1702.831 1702.435 1702.039 1701.642 1701.246 1700.897 1700.58 1700.263 1699.945 1699.648 1699.861 1700.075 1700.289 1700.503 1701.324 1702.818 1704.312 1705.806 1707.3 1708.148 1708.935
1747.645 1744.089 1739.818 1735.548 1731.278 1727.007 1722.804 1718.636 1714.469 1710.301 1706.393 1704.962 1703.531 1702.099 1700.668 1700.0 1700.0 1700.0 1700.0 1700.0 1700.0 1700.0 1700.0 1700.0 1700.007 1700.024 1700.041 1700.058 1700.075 1700.091 1700.107 1700.122 1700.138 1700.157 1700.183 1700.21 1700.236 1700.262 1700.424 1700.637 1700.85 1701.063 1701.203 1700.961 1700.719 1700.477 1700.235 1700.038 1699.87 1699.702 1699.534 1699.373 1699.401 1699.428 1699.455 1699.482 1699.92 1700.811 1701.703 1702.595 1703.486 1704.005 1704.488
1752.133 1748.529 1744.059 1739.589 1735.119 1730.649 1726.074 1721.444 1716.815 1712.186 1707.836 1706.156 1704.477 1702.797 1701.117 1700.439 1700.639 1700.839 1701.04 1701.24 1701.286 1701.327 1701.368 1701.409 1701.364 1701.196 1701.027 1700.859 1700.69 1700.564 1700.446 1700.328 1700.209 1700.125 1700.125 1700.125 1700.125 1700.125 1700.247 1700.416 1700.585 1700.754 1700.858 1700.621 1700.383 1700.146 1699.908 1699.742 1699.623 1699.504 1699.385 1699.271 1699.271 1699.271 1699.271 1699.271 1699.581 1700.235 1700.888 1701.542 1702.195 1702.561 1702.899
1756.632 1752.987 1748.33 1743.674 1739.017 1734.36 1729.42 1724.333 1719.245 1714.157 1709.368 1707.433 1705.497 1703.561 1701.626 1700.953 1701.388 1701.823 1702.257 1702.692 1702.791 1702.88 1702.969 1703.058 1702.961 1702.596 1702.23 1701.864 1701.499 1701.225 1700.968 1700.711 1700.454 1700.271 1700.271 1700.271 1700.271 1700.271 1700.35 1700.461 1700.571 1700.682 1700.733 1700.474 1700.216 1699.957 1699.698 1699.542 1699.455 1699.369 1699.282 1699.198 1699.198 1699.198 1699.198 1699.198 1699.425 1699.902 1700.38 1700.858 1701.335 1701.579 1701.8
1761.13 1757.445 1752.601 1747.758 1742.915 1738.071 1732.766 1727.22 1721.674 1716.128 1710.9 1708.709 1706.517 1704.326 1702.134 1701.467 1702.136 1702.806 1703.475 1704.144 1704.297 1704.434 1704.571 1704.708 1704.558 1703.995 1703.433 1702.87 1702.307 1701.886 1701.49 1701.095 1700.699 1700.416 1700.416 1700.416 1700.416 1700.416 1700.454 1700.506 1700.558 1700.609 1700.608 1700.328 1700.048 1699.768 1699.488 1699.343 1699.288 1699.233 1699.178 1699.125 1699.125 1699.125 1699.125 1699.125 1699.268 1699.57 1699.872 1700.173 1700.475 1700.596 1700.7
1765.629 1761.902 1756.872 1751.843 1746.813 1741.783 1736.113 1730.108 1724.104 1718.099 1712.432 1709.985 1707.537 1705.09 1702.643 1701.981 1702.885 1703.789 1704.693 1705.596 1705.802 1705.987 1706.172 1706.357 1706.156 1705.396 1704.635 1703.875 1703.115 1702.547 1702.012 1701.478 1700.944 1700.562 1700.562 1700.562 1700.562 1700.562 1700.557 1700.551 1700.544 1700.537 1700.483 1700.182 1699.88 1699.579 1699.278 1699.143 1699.12 1699.097 1699.074 1699.052 1699.052 1699.052 1699.052 1699.052 1699.112 1699.238 1699.364 1699.489 1699.615 1699.614 1699.6
