data/zism_data/00180_01_D.txt
ncols         224
nrows         224
[rows 84 to 111 of 224, columns 0 to 62 of 224]
1891.264 1891.957 1891.957 1891.957 1891.957 1891.957 1891.957 1891.957 1891.957 1891.957 1891.798 1890.988 1890.178 1889.369 1888.559 1885.609 1881.427 1877.246 1873.064 1869.346 1871.511 1873.677 1875.842 1878.007 1880.668 1883.803 1886.938 1890.073 1893.208 1894.239 1895.156 1896.074 1896.992 1897.634 1897.84 1898.046 1898.253 1898.459 1898.563 1898.646 1898.728 1898.81 1898.844 1898.741 1898.638 1898.535 1898.432 1898.119 1897.717 1897.315 1896.913 1896.632 1897.107 1897.581 1898.055 1898.529 1898.842 1899.036 1899.23 1899.424 1899.607 1899.041 1898.474
1886.748 1887.799 1887.799 1887.799 1887.799 1887.799 1887.799 1887.799 1887.799 1887.799 1887.602 1886.6 1885.599 1884.598 1883.596 1880.186 1875.392 1870.597 1865.803 1861.535 1863.951 1866.366 1868.782 1871.198 1874.346 1878.195 1882.044 1885.894 1889.743 1891.26 1892.652 1894.044 1895.436 1896.411 1896.724 1897.036 1897.349 1897.662 1897.82 1897.945 1898.07 1898.195 1898.247 1898.09 1897.934 1897.777 1897.621 1897.147 1896.537 1895.927 1895.317 1894.891 1895.611 1896.33 1897.05 1897.769 1898.287 1898.657 1899.027 1899.397 1899.755 1899.311 1898.867
1882.232 1883.641 1883.641 1883.641 1883.641 1883.641 1883.641 1883.641 1883.641 1883.641 1883.406 1882.213 1881.019 1879.826 1878.633 1874.763 1869.356 1863.949 1858.542 1853.724 1856.39 1859.056 1861.722 1864.388 1868.024 1872.587 1877.151 1881.714 1886.278 1888.282 1890.149 1892.015 1893.881 1895.188 1895.607 1896.026 1896.446 1896.865 1897.077 1897.245 1897.413 1897.58 1897.649 1897.439 1897.23 1897.02 1896.81 1896.174 1895.356 1894.539 1893.721 1893.15 1894.115 1895.079 1896.044 1897.009 1897.732 1898.278 1898.824 1899.37 1899.903 1899.581 1899.26
1876.049 1877.859 1877.859 1877.859 1877.859 1877.859 1877.846 1877.828 1877.811 1877.793 1877.5 1876.086 1874.672 1873.257 1871.843 1867.487 1861.442 1855.396 1849.351 1843.953 1846.776 1849.599 1852.422 1855.246 1859.384 1864.78 1870.177 1875.573 1880.97 1883.45 1885.773 1888.096 1890.42 1892.078 1892.684 1893.29 1893.896 1894.501 1894.874 1895.197 1895.521 1895.844 1896.011 1895.74 1895.469 1895.199 1894.928 1894.117 1893.076 1892.035 1890.993 1890.274 1891.554 1892.834 1894.113 1895.393 1896.419 1897.257 1898.096 1898.934 1899.757 1899.533 1899.309
1866.967 1869.25 1869.25 1869.25 1869.25 1869.25 1869.201 1869.135 1869.07 1869.004 1868.619 1866.933 1865.247 1863.561 1861.874 1856.987 1850.259 1843.531 1836.803 1830.772 1833.59 1836.408 1839.226 1842.044 1846.71 1853.146 1859.582 1866.018 1872.454 1875.392 1878.142 1880.891 1883.641 1885.687 1886.618 1887.549 1888.48 1889.411 1890.131 1890.806 1891.481 1892.156 1892.563 1892.217 1891.872 1891.526 1891.181 1890.172 1888.88 1887.589 1886.297 1885.422 1887.139 1888.856 1890.573 1892.29 1893.786 1895.12 1896.455 1897.789 1899.101 1898.93 1898.76
1857.884 1860.642 1860.642 1860.642 1860.642 1860.642 1860.556 1860.443 1860.329 1860.216 1859.739 1857.78 1855.822 1853.864 1851.906 1846.486 1839.076 1831.666 1824.255 1817.591 1820.404 1823.217 1826.029 1828.842 1834.037 1841.512 1848.988 1856.463 1863.938 1867.334 1870.51 1873.686 1876.862 1879.296 1880.552 1881.808 1883.064 1884.32 1885.387 1886.414 1887.441 1888.468 1889.114 1888.694 1888.274 1887.854 1887.434 1886.228 1884.685 1883.143 1881.6 1880.571 1882.725 1884.879 1887.033 1889.187 1891.154 1892.984 1894.814 1896.644 1898.445 1898.328 1898.21
1848.802 1852.034 1852.034 1852.034 1852.034 1852.034 1851.911 1851.75 1851.588 1851.427 1850.858 1848.628 1846.398 1844.168 1841.938 1835.985 1827.892 1819.8 1811.708 1804.411 1807.218 1810.026 1812.833 1815.64 1821.364 1829.878 1838.393 1846.908 1855.423 1859.276 1862.879 1866.481 1870.084 1872.904 1874.486 1876.067 1877.648 1879.229 1880.643 1882.022 1883.401 1884.779 1885.666 1885.171 1884.676 1884.182 1883.687 1882.283 1880.49 1878.697 1876.904 1875.719 1878.31 1880.901 1883.493 1886.084 1888.522 1890.847 1893.173 1895.499 1897.79 1897.725 1897.661
1839.719 1843.425 1843.425 1843.425 1843.425 1843.425 1843.266 1843.057 1842.847 1842.638 1841.977 1839.475 1836.973 1834.471 1831.969 1825.484 1816.709 1807.935 1799.16 1791.23 1794.032 1796.834 1799.636 1802.438 1808.69 1818.245 1827.799 1837.353 1846.907 1851.218 1855.247 1859.276 1863.305 1866.513 1868.419 1870.326 1872.232 1874.139 1875.9 1877.63 1879.361 1881.091 1882.217 1881.648 1881.079 1880.509 1879.94 1878.338 1876.295 1874.251 1872.208 1870.868 1873.896 1876.924 1879.952 1882.98 1885.889 1888.711 1891.532 1894.354 1897.134 1897.123 1897.112
1828.735 1832.723 1832.888 1833.054 1833.219 1833.384 1833.345 1833.24 1833.135 1833.031 1832.37 1829.443 1826.517 1823.591 1820.665 1813.693 1804.397 1795.102 1785.806 1777.411 1780.462 1783.514 1786.565 1789.616 1796.503 1807.063 1817.623 1828.182 1838.742 1843.111 1847.146 1851.182 1855.217 1858.534 1860.71 1862.886 1865.063 1867.239 1869.163 1871.033 1872.903 1874.774 1875.999 1875.414 1874.83 1874.245 1873.661 1871.953 1869.765 1867.577 1865.389 1863.918 1866.9 1869.882 1872.864 1875.845 1879.123 1882.618 1886.114 1889.609 1893.056 1893.26 1893.463
1817.261 1821.482 1821.855 1822.229 1822.602 1822.975 1823.095 1823.134 1823.173 1823.213 1822.576 1819.186 1815.796 1812.406 1809.016 1801.571 1791.795 1782.02 1772.244 1763.428 1766.793 1770.159 1773.525 1776.89 1784.441 1795.997 1807.554 1819.11 1830.667 1834.99 1838.924 1842.859 1846.793 1850.146 1852.578 1855.011 1857.443 1859.875 1861.914 1863.87 1865.825 1867.781 1869.068 1868.484 1867.899 1867.315 1866.73 1864.94 1862.635 1860.33 1858.025 1856.429 1859.24 1862.052 1864.863 1867.674 1871.295 1875.509 1879.724 1883.939 1888.099 1888.558 1889.018
1805.787 1810.242 1810.823 1811.404 1811.985 1812.567 1812.846 1813.029 1813.212 1813.395 1812.782 1808.929 1805.075 1801.221 1797.367 1789.448 1779.193 1768.938 1758.683 1749.445 1753.125 1756.805 1760.485 1764.165 1772.379 1784.932 1797.485 1810.038 1822.591 1826.87 1830.703 1834.536 1838.369 1841.759 1844.447 1847.135 1849.823 1852.511 1854.665 1856.706 1858.747 1860.787 1862.138 1861.554 1860.969 1860.385 1859.8 1857.928 1855.505 1853.083 1850.661 1848.94 1851.581 1854.222 1856.862 1859.503 1863.466 1868.401 1873.335 1878.27 1883.142 1883.858 1884.573
1794.314 1799.002 1799.791 1800.58 1801.369 1802.158 1802.596 1802.923 1803.25 1803.577 1802.989 1798.672 1794.354 1790.037 1785.719 1777.326 1766.591 1755.856 1745.122 1735.462 1739.456 1743.451 1747.446 1751.44 1760.317 1773.867 1787.417 1800.966 1814.516 1818.75 1822.481 1826.213 1829.945 1833.371 1836.315 1839.259 1842.203 1845.147 1847.417 1849.543 1851.669 1853.795 1855.208 1854.624 1854.039 1853.455 1852.87 1850.916 1848.376 1845.836 1843.297 1841.452 1843.922 1846.392 1848.862 1851.332 1855.638 1861.292 1866.946 1872.6 1878.185 1879.157 1880.128
1782.114 1786.872 1787.875 1788.878 1789.881 1790.884 1791.584 1792.189 1792.794 1793.399 1792.974 1788.353 1783.733 1779.112 1774.491 1765.917 1755.072 1744.226 1733.38 1723.631 1727.799 1731.967 1736.135 1740.303 1749.542 1763.637 1777.731 1791.825 1805.919 1810.171 1813.893 1817.616 1821.338 1824.841 1827.997 1831.154 1834.31 1837.466 1839.782 1841.92 1844.058 1846.196 1847.631 1847.094 1846.558 1846.022 1845.485 1843.496 1840.886 1838.276 1835.666 1833.737 1836.031 1838.326 1840.621 1842.916 1847.511 1853.797 1860.082 1866.368 1872.58 1873.844 1875.109
1767.428 1771.701 1772.939 1774.176 1775.414 1776.651 1777.967 1779.307 1780.647 1781.988 1782.202 1777.826 1773.451 1769.075 1764.699 1756.946 1747.252 1737.558 1727.863 1719.158 1723.017 1726.876 1730.735 1734.594 1743.17 1756.262 1769.355 1782.447 1795.539 1800.028 1804.054 1808.08 1812.106 1815.82 1819.04 1822.261 1825.481 1828.701 1830.831 1832.729 1834.627 1836.524 1837.839 1837.516 1837.193 1836.87 1836.546 1834.684 1832.165 1829.646 1827.126 1825.248 1827.351 1829.454 1831.557 1833.659 1838.365 1844.981 1851.597 1858.212 1864.756 1866.442 1868.127
1752.743 1756.53 1758.002 1759.474 1760.946 1762.418 1764.349 1766.425 1768.501 1770.577 1771.43 1767.299 1763.169 1759.038 1754.908 1747.975 1739.432 1730.889 1722.346 1714.686 1718.236 1721.785 1725.335 1728.885 1736.798 1748.888 1760.978 1773.069 1785.159 1789.885 1794.215 1798.544 1802.874 1806.799 1810.084 1813.368 1816.652 1819.937 1821.879 1823.537 1825.195 1826.853 1828.047 1827.937 1827.827 1827.717 1827.607 1825.872 1823.444 1821.015 1818.586 1816.76 1818.671 1820.581 1822.492 1824.403 1829.218 1836.164 1843.111 1850.057 1856.933 1859.039 1861.146
1738.058 1741.359 1743.066 1744.773 1746.479 1748.186 1750.731 1753.542 1756.354 1759.166 1760.657 1756.772 1752.887 1749.001 1745.116 1739.004 1731.613 1724.221 1716.829 1710.214 1713.454 1716.694 1719.935 1723.176 1730.426 1741.514 1752.602 1763.69 1774.778 1779.742 1784.375 1789.009 1793.642 1797.778 1801.127 1804.475 1807.823 1811.172 1812.928 1814.346 1815.764 1817.182 1818.255 1818.358 1818.461 1818.565 1818.668 1817.061 1814.723 1812.385 1810.046 1808.271 1809.99 1811.709 1813.428 1815.147 1820.071 1827.348 1834.625 1841.901 1849.109 1851.637 1854.164
1723.372 1726.189 1728.13 1730.071 1732.012 1733.953 1737.113 1740.66 1744.207 1747.754 1749.885 1746.245 1742.605 1738.965 1735.325 1730.033 1723.793 1717.552 1711.312 1705.741 1708.672 1711.604 1714.535 1717.467 1724.054 1734.14 1744.226 1754.312 1764.398 1769.599 1774.536 1779.473 1784.41 1788.758 1792.17 1795.582 1798.994 1802.407 1803.976 1805.155 1806.333 1807.511 1808.463 1808.779 1809.096 1809.412 1809.729 1808.249 1806.001 1803.754 1801.506 1799.782 1801.31 1802.837 1804.364 1805.891 1810.924 1818.532 1826.139 1833.746 1841.285 1844.234 1847.183
1717.603 1720.06 1721.591 1723.122 1724.654 1726.185 1729.082 1732.412 1735.742 1739.072 1741.139 1738.06 1734.98 1731.9 1728.82 1724.389 1719.181 1713.973 1708.764 1704.11 1706.495 1708.879 1711.263 1713.647 1719.245 1727.919 1736.594 1745.268 1753.942 1759.033 1763.931 1768.829 1773.727 1777.929 1781.027 1784.125 1787.223 1790.321 1791.834 1793.01 1794.187 1795.364 1796.426 1797.17 1797.913 1798.656 1799.4 1797.978 1795.632 1793.286 1790.94 1789.203 1791.25 1793.296 1795.342 1797.388 1802.864 1810.858 1818.851 1826.845 1834.768 1837.932 1841.095
1716.49 1718.653 1719.438 1720.223 1721.008 1721.793 1723.968 1726.584 1729.2 1731.816 1733.452 1731.097 1728.742 1726.387 1724.033 1720.482 1716.244 1712.006 1707.768 1703.964 1705.677 1707.389 1709.102 1710.814 1715.253 1722.302 1729.35 1736.399 1743.447 1748.248 1752.927 1757.607 1762.286 1766.156 1768.742 1771.328 1773.915 1776.501 1778.025 1779.325 1780.624 1781.923 1783.217 1784.499 1785.781 1787.062 1788.344 1786.946 1784.402 1781.859 1779.316 1777.533 1780.469 1783.406 1786.342 1789.278 1795.37 1803.78 1812.19 1820.599 1828.934 1832.203 1835.473
1715.377 1717.246 1717.285 1717.323 1717.362 1717.401 1718.854 1720.756 1722.657 1724.559 1725.765 1724.135 1722.505 1720.875 1719.245 1716.575 1713.307 1710.039 1706.771 1703.818 1704.859 1705.9 1706.94 1707.981 1711.261 1716.684 1722.107 1727.529 1732.952 1737.462 1741.923 1746.384 1750.845 1754.382 1756.457 1758.532 1760.606 1762.681 1764.217 1765.639 1767.06 1768.482 1770.008 1771.828 1773.649 1775.469 1777.289 1775.913 1773.173 1770.432 1767.692 1765.862 1769.689 1773.515 1777.342 1781.168 1787.877 1796.703 1805.528 1814.353 1823.099 1826.475 1829.852
1714.264 1715.839 1715.131 1714.424 1713.716 1713.009 1713.74 1714.927 1716.115 1717.302 1718.077 1717.172 1716.267 1715.362 1714.457 1712.668 1710.37 1708.072 1705.775 1703.672 1704.041 1704.41 1704.779 1705.148 1707.269 1711.066 1714.863 1718.66 1722.457 1726.677 1730.919 1735.161 1739.404 1742.609 1744.172 1745.735 1747.298 1748.861 1750.408 1751.953 1753.497 1755.041 1756.8 1759.158 1761.516 1763.875 1766.233 1764.88 1761.943 1759.005 1756.068 1754.192 1758.908 1763.625 1768.342 1773.058 1780.384 1789.625 1798.866 1808.107 1817.264 1820.747 1824.23
1714.084 1715.441 1714.007 1712.572 1711.138 1709.703 1709.736 1710.235 1710.734 1711.233 1711.587 1711.355 1711.124 1710.892 1710.66 1709.692 1708.301 1706.91 1705.519 1704.205 1703.872 1703.539 1703.206 1702.874 1703.842 1706.055 1708.268 1710.481 1712.695 1716.558 1720.511 1724.464 1728.417 1731.256 1732.331 1733.406 1734.481 1735.556 1737.094 1738.732 1740.369 1742.006 1743.954 1746.774 1749.594 1752.414 1755.234 1753.925 1750.852 1747.779 1744.706 1742.831 1748.399 1753.968 1759.536 1765.105 1773.0 1782.602 1792.205 1801.808 1811.322 1814.833 1818.345
1723.625 1725.558 1723.595 1721.633 1719.671 1717.709 1717.295 1717.373 1717.45 1717.528 1717.571 1717.473 1717.374 1717.275 1717.177 1716.413 1715.267 1714.121 1712.975 1711.814 1710.464 1709.113 1707.762 1706.411 1706.296 1707.363 1708.43 1709.497 1710.565 1713.394 1716.318 1719.242 1722.166 1724.282 1725.117 1725.952 1726.787 1727.622 1728.939 1730.357 1731.776 1733.194 1734.893 1737.377 1739.862 1742.346 1744.83 1743.775 1741.208 1738.642 1736.075 1734.699 1740.721 1746.742 1752.764 1758.786 1766.755 1776.155 1785.556 1794.956 1804.259 1806.987 1809.715
1733.165 1735.674 1733.184 1730.694 1728.204 1725.714 1724.854 1724.51 1724.167 1723.824 1723.555 1723.59 1723.624 1723.659 1723.694 1723.134 1722.234 1721.333 1720.432 1719.424 1717.055 1714.686 1712.317 1709.948 1708.75 1708.671 1708.592 1708.514 1708.435 1710.229 1712.125 1714.02 1715.916 1717.308 1717.903 1718.498 1719.094 1719.689 1720.783 1721.983 1723.183 1724.383 1725.832 1727.981 1730.129 1732.278 1734.427 1733.626 1731.565 1729.505 1727.444 1726.568 1733.042 1739.517 1745.991 1752.466 1760.511 1769.708 1778.906 1788.104 1797.195 1799.14 1801.084
1742.705 1745.79 1742.772 1739.755 1736.737 1733.72 1732.413 1731.648 1730.884 1730.12 1729.539 1729.707 1729.875 1730.042 1730.21 1729.855 1729.2 1728.544 1727.889 1727.034 1723.647 1720.26 1716.873 1713.486 1711.204 1709.979 1708.754 1707.53 1706.305 1707.065 1707.932 1708.798 1709.665 1710.334 1710.689 1711.045 1711.4 1711.755 1712.627 1713.609 1714.59 1715.571 1716.771 1718.584 1720.397 1722.21 1724.022 1723.476 1721.922 1720.368 1718.814 1718.436 1725.364 1732.291 1739.219 1746.147 1754.266 1763.261 1772.257 1781.252 1790.132 1791.293 1792.454
1752.246 1755.906 1752.361 1748.816 1745.271 1741.725 1739.971 1738.786 1737.601 1736.415 1735.523 1735.824 1736.125 1736.426 1736.727 1736.577 1736.166 1735.756 1735.345 1734.643 1730.238 1725.833 1721.428 1717.023 1713.658 1711.287 1708.917 1706.546 1704.175 1703.901 1703.739 1703.576 1703.414 1703.36 1703.475 1703.591 1703.706 1703.822 1704.471 1705.234 1705.997 1706.76 1707.711 1709.188 1710.665 1712.141 1713.619 1713.326 1712.279 1711.231 1710.183 1710.305 1717.685 1725.066 1732.447 1739.827 1748.022 1756.815 1765.607 1774.4 1783.069 1783.447 1783.824
1762.76 1766.256 1762.559 1758.862 1755.165 1751.468 1749.773 1748.713 1747.654 1746.594 1745.802 1746.101 1746.4 1746.699 1746.998 1746.783 1746.273 1745.762 1745.252 1744.422 1739.541 1734.659 1729.777 1724.896 1720.827 1717.537 1714.247 1710.957 1707.667 1706.469 1705.383 1704.297 1703.211 1702.381 1701.956 1701.53 1701.105 1700.679 1700.99 1701.457 1701.924 1702.391 1703.037 1704.187 1705.336 1706.486 1707.635 1707.495 1706.805 1706.115 1705.424 1705.801 1712.806 1719.811 1726.816 1733.821 1741.351 1749.267 1757.183 1765.099 1772.896 1772.661 1772.426
1774.18 1776.824 1773.324 1769.824 1766.324 1762.824 1761.658 1761.233 1760.808 1760.383 1760.075 1760.246 1760.417 1760.588 1760.759 1760.23 1759.299 1758.367 1757.436 1756.218 1751.362 1746.507 1741.652 1736.797 1732.38 1728.381 1724.382 1720.383 1716.384 1714.365 1712.453 1710.542 1708.63 1706.975 1705.729 1704.483 1703.237 1701.99 1701.854 1701.953 1702.052 1702.151 1702.443 1703.272 1704.102 1704.932 1705.761 1705.679 1705.207 1704.735 1704.263 1704.669 1710.528 1716.387 1722.246 1728.105 1734.284 1740.697 1747.11 1753.522 1759.832 1759.144 1758.456
