data/zism_data/00188_03_D.txt
ncols         224
nrows         224
[rows 0 to 27 of 224, columns 0 to 63 of 224]
4793.208 4794.516 4794.77 4795.023 4795.276 4795.53 4794.63 4793.365 4792.1 4790.834 4789.112 4785.527 4781.943 4778.359 4774.775 4770.562 4765.986 4761.411 4756.835 4752.428 4750.144 4747.859 4745.575 4743.291 4743.389 4745.769 4748.147 4750.527 4752.906 4757.912 4763.059 4768.206 4773.353 4777.692 4780.751 4783.811 4786.871 4789.931 4789.413 4788.135 4786.856 4785.579 4782.244 4773.14 4764.035 4754.931 4745.827 4736.543 4727.182 4717.821 4708.46 4700.853 4704.141 4707.428 4710.716 4714.004 4722.094 4733.709 4745.325 4756.94 4768.479 4774.8 4781.122 4787.444
4790.616 4792.084 4792.391 4792.698 4793.005 4793.313 4792.25 4790.754 4789.258 4787.762 4785.803 4781.961 4778.119 4774.277 4770.436 4766.09 4761.456 4756.822 4752.188 4747.713 4745.273 4742.833 4740.394 4737.954 4737.875 4740.055 4742.236 4744.416 4746.597 4751.607 4756.771 4761.934 4767.097 4771.6 4775.057 4778.514 4781.971 4785.428 4784.603 4782.869 4781.134 4779.399 4775.473 4765.397 4755.321 4745.245 4735.169 4726.667 4718.835 4711.005 4703.174 4696.911 4700.381 4703.851 4707.321 4710.791 4718.937 4730.515 4742.093 4753.671 4765.182 4772.18 4779.178 4786.176
4788.025 4789.651 4790.013 4790.374 4790.734 4791.095 4789.871 4788.144 4786.417 4784.689 4782.495 4778.395 4774.295 4770.196 4766.096 4761.62 4756.926 4752.233 4747.54 4743.0 4740.404 4737.808 4735.212 4732.617 4732.36 4734.342 4736.324 4738.306 4740.288 4745.303 4750.482 4755.662 4760.841 4765.507 4769.362 4773.216 4777.07 4780.925 4779.793 4777.602 4775.412 4773.221 4768.703 4757.654 4746.606 4735.559 4724.511 4716.79 4710.489 4704.188 4697.888 4692.968 4696.621 4700.273 4703.926 4707.579 4715.78 4727.32 4738.861 4750.401 4761.885 4769.56 4777.234 4784.909
4784.811 4786.493 4786.91 4787.327 4787.745 4788.162 4786.883 4785.067 4783.251 4781.435 4779.146 4774.928 4770.709 4766.492 4762.274 4757.699 4752.919 4748.14 4743.36 4738.722 4735.883 4733.044 4730.206 4727.368 4726.885 4728.659 4730.432 4732.206 4733.979 4738.942 4744.078 4749.213 4754.349 4759.006 4762.904 4766.802 4770.7 4774.598 4773.178 4770.627 4768.078 4765.527 4760.686 4749.416 4738.146 4726.875 4715.605 4708.595 4703.404 4698.212 4693.021 4689.07 4692.818 4696.566 4700.314 4704.063 4712.308 4723.855 4735.403 4746.951 4758.451 4766.7 4774.949 4783.198
4780.877 4782.495 4782.971 4783.447 4783.923 4784.4 4783.193 4781.452 4779.711 4777.97 4775.749 4771.574 4767.399 4763.225 4759.049 4754.416 4749.518 4744.62 4739.722 4734.949 4731.767 4728.584 4725.402 4722.22 4721.458 4723.011 4724.564 4726.117 4727.67 4732.516 4737.539 4742.561 4747.584 4752.03 4755.563 4759.096 4762.629 4766.162 4764.474 4761.677 4758.88 4756.083 4751.229 4740.603 4729.977 4719.351 4708.725 4702.344 4697.776 4693.208 4688.639 4685.223 4688.966 4692.709 4696.452 4700.194 4708.472 4720.079 4731.686 4743.292 4754.856 4763.562 4772.268 4780.973
4776.944 4778.497 4779.032 4779.567 4780.103 4780.638 4779.502 4777.836 4776.171 4774.505 4772.353 4768.221 4764.089 4759.957 4755.825 4751.132 4746.116 4741.1 4736.083 4731.176 4727.65 4724.125 4720.599 4717.073 4716.03 4717.363 4718.696 4720.029 4721.362 4726.089 4730.999 4735.909 4740.819 4745.055 4748.223 4751.391 4754.559 4757.727 4755.771 4752.727 4749.683 4746.639 4741.772 4731.791 4721.809 4711.827 4701.846 4696.094 4692.148 4688.203 4684.257 4681.377 4685.114 4688.852 4692.589 4696.327 4704.636 4716.302 4727.967 4739.633 4751.263 4760.424 4769.586 4778.748
4773.011 4774.499 4775.093 4775.688 4776.282 4776.876 4775.812 4774.221 4772.63 4771.04 4768.957 4764.868 4760.779 4756.689 4752.601 4747.848 4742.713 4737.58 4732.445 4727.403 4723.534 4719.665 4715.795 4711.926 4710.602 4711.715 4712.828 4713.941 4715.054 4719.663 4724.46 4729.257 4734.054 4738.08 4740.883 4743.686 4746.488 4749.291 4747.067 4743.776 4740.486 4737.195 4732.315 4722.978 4713.64 4704.303 4694.966 4689.843 4686.521 4683.198 4679.875 4677.531 4681.263 4684.995 4688.727 4692.458 4700.8 4712.524 4724.25 4735.975 4747.668 4757.287 4766.905 4776.523
4769.078 4770.501 4771.154 4771.808 4772.461 4773.114 4772.121 4770.606 4769.09 4767.575 4765.561 4761.515 4757.468 4753.422 4749.376 4744.564 4739.312 4734.06 4728.807 4723.63 4719.417 4715.205 4710.992 4706.779 4705.174 4706.067 4706.96 4707.853 4708.746 4713.236 4717.92 4722.605 4727.29 4731.105 4733.542 4735.98 4738.418 4740.855 4738.364 4734.827 4731.289 4727.75 4722.858 4714.165 4705.472 4696.779 4688.086 4683.593 4680.893 4678.193 4675.493 4673.684 4677.411 4681.138 4684.864 4688.591 4696.964 4708.748 4720.532 4732.315 4744.075 4754.149 4764.224 4774.298
4765.512 4767.104 4768.06 4769.017 4769.973 4770.929 4770.259 4769.073 4767.887 4766.7 4764.973 4761.039 4757.106 4753.172 4749.239 4744.396 4739.031 4733.665 4728.3 4722.999 4718.522 4714.045 4709.568 4705.091 4703.098 4703.481 4703.865 4704.249 4704.633 4708.551 4712.66 4716.768 4720.877 4724.167 4726.16 4728.153 4730.146 4732.138 4729.649 4726.208 4722.767 4719.325 4714.627 4706.405 4698.182 4689.958 4681.735 4677.533 4675.047 4672.562 4670.077 4668.463 4672.264 4676.065 4679.866 4683.667 4691.89 4703.359 4714.829 4726.298 4737.749 4747.881 4758.013 4768.146
4761.975 4763.753 4765.032 4766.311 4767.589 4768.868 4768.54 4767.703 4766.866 4766.028 4764.604 4760.789 4756.973 4753.158 4749.343 4744.471 4738.993 4733.515 4728.037 4722.613 4717.878 4713.144 4708.409 4703.674 4701.283 4701.135 4700.988 4700.84 4700.692 4704.002 4707.499 4710.996 4714.492 4717.232 4718.774 4720.316 4721.858 4723.399 4720.933 4717.615 4714.298 4710.98 4706.493 4698.727 4690.96 4683.193 4675.427 4671.489 4669.186 4666.883 4664.58 4663.134 4667.016 4670.897 4674.779 4678.661 4686.72 4697.846 4708.971 4720.097 4731.209 4741.368 4751.528 4761.687
4758.437 4760.403 4762.004 4763.605 4765.206 4766.806 4766.821 4766.333 4765.844 4765.356 4764.235 4760.538 4756.841 4753.144 4749.446 4744.547 4738.956 4733.365 4727.774 4722.227 4717.234 4712.242 4707.25 4702.257 4699.468 4698.789 4698.11 4697.431 4696.751 4699.454 4702.338 4705.222 4708.107 4710.297 4711.388 4712.479 4713.57 4714.661 4712.217 4709.023 4705.829 4702.634 4698.358 4691.048 4683.738 4676.428 4669.117 4665.444 4663.323 4661.203 4659.083 4657.806 4661.768 4665.73 4669.692 4673.654 4681.549 4692.332 4703.114 4713.896 4724.669 4734.855 4745.042 4755.228
4754.899 4757.053 4758.976 4760.899 4762.822 4764.745 4765.102 4764.962 4764.823 4764.684 4763.867 4760.288 4756.708 4753.129 4749.55 4744.622 4738.918 4733.215 4727.511 4721.84 4716.59 4711.34 4706.09 4700.84 4697.654 4696.443 4695.232 4694.021 4692.811 4694.905 4697.177 4699.45 4701.722 4703.362 4704.002 4704.642 4705.282 4705.922 4703.501 4700.43 4697.359 4694.289 4690.224 4683.37 4676.516 4669.662 4662.809 4659.399 4657.461 4655.523 4653.586 4652.478 4656.52 4660.563 4664.605 4668.648 4676.379 4686.817 4697.256 4707.695 4718.13 4728.343 4738.556 4748.769
4753.212 4755.669 4757.857 4760.045 4762.233 4764.422 4765.068 4765.226 4765.382 4765.54 4764.962 4761.395 4757.826 4754.258 4750.69 4745.607 4739.654 4733.702 4727.749 4721.828 4716.315 4710.804 4705.292 4699.779 4696.209 4694.499 4692.788 4691.077 4689.367 4690.876 4692.56 4694.243 4695.926 4697.026 4697.2 4697.374 4697.548 4697.722 4695.188 4692.079 4688.97 4685.861 4681.876 4675.435 4668.993 4662.551 4656.11 4652.905 4651.083 4649.26 4647.438 4646.449 4650.642 4654.834 4659.027 4663.219 4670.836 4680.967 4691.097 4701.228 4711.356 4721.317 4731.277 4741.238
4754.402 4757.342 4759.708 4762.073 4764.438 4766.804 4767.656 4768.028 4768.4 4768.772 4768.336 4764.613 4760.889 4757.165 4753.441 4748.009 4741.594 4735.179 4728.764 4722.396 4716.615 4710.835 4705.055 4699.274 4695.342 4693.181 4691.019 4688.857 4686.695 4687.657 4688.788 4689.918 4691.048 4691.62 4691.305 4690.991 4690.676 4690.362 4687.503 4684.104 4680.705 4677.306 4673.198 4667.1 4661.002 4654.904 4648.806 4645.711 4643.899 4642.088 4640.276 4639.333 4643.783 4648.233 4652.684 4657.134 4664.714 4674.592 4684.471 4694.349 4704.219 4713.492 4722.765 4732.038
4755.592 4759.016 4761.559 4764.101 4766.644 4769.186 4770.244 4770.831 4771.417 4772.004 4771.71 4767.831 4763.951 4760.072 4756.192 4750.41 4743.533 4736.657 4729.78 4722.964 4716.915 4710.866 4704.817 4698.769 4694.475 4691.862 4689.25 4686.637 4684.024 4684.438 4685.016 4685.593 4686.17 4686.213 4685.41 4684.607 4683.804 4683.001 4679.818 4676.129 4672.44 4668.751 4664.52 4658.765 4653.011 4647.256 4641.502 4638.518 4636.717 4634.916 4633.115 4632.216 4636.924 4641.632 4646.34 4651.048 4658.592 4668.218 4677.844 4687.47 4697.081 4705.667 4714.253 4722.839
4756.782 4760.689 4763.409 4766.129 4768.849 4771.568 4772.832 4773.633 4774.435 4775.236 4775.084 4771.049 4767.014 4762.979 4758.943 4752.811 4745.473 4738.134 4730.796 4723.532 4717.215 4710.897 4704.58 4698.263 4693.608 4690.544 4687.48 4684.417 4681.353 4681.219 4681.244 4681.268 4681.292 4680.807 4679.516 4678.224 4676.932 4675.64 4672.132 4668.153 4664.174 4660.196 4655.841 4650.43 4645.019 4639.608 4634.198 4631.324 4629.534 4627.744 4625.953 4625.1 4630.065 4635.031 4639.997 4644.962 4652.47 4661.844 4671.217 4680.591 4689.943 4697.842 4705.741 4713.639
4757.973 4762.363 4765.26 4768.157 4771.054 4773.951 4775.42 4776.436 4777.452 4778.468 4778.458 4774.268 4770.077 4765.886 4761.695 4755.212 4747.412 4739.612 4731.812 4724.101 4717.515 4710.929 4704.343 4697.757 4692.741 4689.226 4685.711 4682.196 4678.682 4678.0 4677.471 4676.942 4676.414 4675.401 4673.621 4671.84 4670.06 4668.28 4664.447 4660.178 4655.91 4651.641 4647.162 4642.095 4637.028 4631.961 4626.894 4624.13 4622.351 4620.571 4618.792 4617.984 4623.207 4628.43 4633.654 4638.877 4646.348 4655.469 4664.591 4673.712 4682.805 4690.017 4697.229 4704.44
4760.553 4765.357 4768.372 4771.387 4774.401 4777.416 4778.835 4779.75 4780.664 4781.578 4781.43 4776.955 4772.48 4768.004 4763.529 4756.88 4748.981 4741.082 4733.183 4725.372 4718.683 4711.994 4705.305 4698.616 4693.37 4689.505 4685.641 4681.776 4677.911 4676.5 4675.22 4673.941 4672.662 4671.0 4668.731 4666.462 4664.193 4661.924 4657.835 4653.359 4648.883 4644.407 4639.902 4635.316 4630.73 4626.145 4621.559 4619.118 4617.592 4616.067 4614.542 4613.898 4618.731 4623.565 4628.399 4633.233 4640.316 4649.052 4657.788 4666.524 4675.23 4681.919 4688.609 4695.298
4763.369 4768.576 4771.698 4774.82 4777.942 4781.064 4782.392 4783.15 4783.908 4784.667 4784.333 4779.552 4774.771 4769.99 4765.209 4758.424 4750.487 4742.55 4734.614 4726.763 4719.999 4713.234 4706.47 4699.706 4694.253 4690.056 4685.858 4681.66 4677.462 4675.291 4673.228 4671.164 4669.101 4666.77 4664.012 4661.254 4658.497 4655.739 4651.405 4646.736 4642.066 4637.397 4632.882 4628.801 4624.72 4620.639 4616.558 4614.475 4613.245 4612.015 4610.784 4610.326 4614.66 4618.995 4623.329 4627.664 4634.301 4642.628 4650.956 4659.284 4667.581 4673.776 4679.972 4686.167
4766.186 4771.795 4775.024 4778.254 4781.483 4784.712 4785.948 4786.55 4787.153 4787.756 4787.237 4782.15 4777.063 4771.976 4766.888 4759.968 4751.993 4744.019 4736.045 4728.153 4721.314 4714.475 4707.636 4700.796 4695.137 4690.606 4686.075 4681.545 4677.014 4674.081 4671.234 4668.387 4665.54 4662.539 4659.292 4656.046 4652.8 4649.554 4644.975 4640.112 4635.25 4630.387 4625.862 4622.286 4618.709 4615.133 4611.557 4609.832 4608.897 4607.962 4607.027 4606.754 4610.589 4614.424 4618.259 4622.094 4628.285 4636.204 4644.124 4652.044 4659.931 4665.633 4671.334 4677.036
4769.001 4775.014 4778.351 4781.687 4785.024 4788.36 4789.503 4789.951 4790.397 4790.844 4790.141 4784.747 4779.354 4773.961 4768.567 4761.511 4753.5 4745.488 4737.476 4729.544 4722.63 4715.715 4708.801 4701.886 4696.02 4691.156 4686.293 4681.429 4676.566 4672.872 4669.241 4665.61 4661.979 4658.308 4654.573 4650.839 4647.104 4643.37 4638.545 4633.489 4628.433 4623.377 4618.843 4615.771 4612.7 4609.628 4606.556 4605.189 4604.549 4603.91 4603.271 4603.182 4606.518 4609.854 4613.189 4616.525 4622.269 4629.78 4637.292 4644.804 4652.282 4657.489 4662.697 4667.904
4771.157 4777.497 4780.959 4784.422 4787.885 4791.348 4792.403 4792.695 4792.986 4793.277 4792.427 4786.926 4781.426 4775.925 4770.424 4763.365 4755.41 4747.455 4739.499 4731.614 4724.625 4717.635 4710.646 4703.656 4697.604 4692.451 4687.297 4682.144 4676.99 4672.697 4668.45 4664.203 4659.956 4655.704 4651.444 4647.185 4642.926 4638.667 4633.595 4628.351 4623.107 4617.863 4613.312 4610.704 4608.096 4605.488 4602.88 4601.813 4601.406 4600.999 4600.591 4600.635 4603.487 4606.339 4609.19 4612.042 4617.258 4624.209 4631.161 4638.112 4645.031 4649.801 4654.572 4659.342
4771.901 4778.408 4782.037 4785.666 4789.295 4792.925 4793.902 4794.038 4794.173 4794.309 4793.396 4788.212 4783.028 4777.844 4772.66 4765.88 4758.183 4750.485 4742.788 4735.136 4728.071 4721.006 4713.941 4706.876 4700.687 4695.334 4689.982 4684.63 4679.278 4674.73 4670.225 4665.721 4661.216 4656.573 4651.713 4646.852 4641.992 4637.131 4631.808 4626.387 4620.965 4615.544 4610.961 4608.729 4606.497 4604.265 4602.032 4601.146 4600.835 4600.524 4600.214 4600.279 4602.68 4605.081 4607.481 4609.882 4614.396 4620.461 4626.527 4632.592 4638.634 4643.087 4647.541 4651.994
4772.646 4779.318 4783.114 4786.91 4790.706 4794.501 4795.4 4795.38 4795.36 4795.34 4794.365 4789.498 4784.63 4779.763 4774.896 4768.395 4760.955 4753.516 4746.076 4738.658 4731.518 4724.377 4717.237 4710.098 4703.77 4698.219 4692.668 4687.117 4681.566 4676.763 4672.001 4667.238 4662.476 4657.443 4651.981 4646.519 4641.057 4635.595 4630.021 4624.422 4618.824 4613.226 4608.61 4606.754 4604.897 4603.042 4601.185 4600.479 4600.265 4600.051 4599.836 4599.922 4601.872 4603.822 4605.771 4607.722 4611.534 4616.713 4621.893 4627.072 4632.236 4636.373 4640.509 4644.646
4773.39 4780.229 4784.191 4788.153 4792.115 4796.078 4796.898 4796.723 4796.547 4796.371 4795.333 4790.783 4786.232 4781.682 4777.132 4770.91 4763.728 4756.546 4749.364 4742.179 4734.964 4727.749 4720.534 4713.318 4706.852 4701.103 4695.353 4689.604 4683.854 4678.797 4673.776 4668.756 4663.736 4658.313 4652.249 4646.186 4640.123 4634.06 4628.233 4622.458 4616.682 4610.907 4606.26 4604.779 4603.299 4601.818 4600.338 4599.812 4599.694 4599.577 4599.459 4599.566 4601.064 4602.563 4604.062 4605.561 4608.671 4612.965 4617.258 4621.552 4625.838 4629.658 4633.478 4637.298
4774.134 4781.14 4785.268 4789.397 4793.525 4797.654 4798.397 4798.065 4797.734 4797.403 4796.302 4792.068 4787.835 4783.601 4779.368 4773.425 4766.501 4759.577 4752.652 4745.701 4738.411 4731.12 4723.83 4716.539 4709.935 4703.986 4698.039 4692.09 4686.142 4680.83 4675.552 4670.274 4664.997 4659.182 4652.518 4645.853 4639.188 4632.524 4626.446 4620.494 4614.541 4608.588 4603.909 4602.805 4601.7 4600.595 4599.49 4599.145 4599.124 4599.103 4599.082 4599.209 4600.257 4601.305 4602.353 4603.4 4605.809 4609.217 4612.625 4616.032 4619.441 4622.944 4626.447 4629.95
4771.667 4778.568 4782.884 4787.201 4791.517 4795.833 4796.681 4796.429 4796.177 4795.925 4794.934 4790.929 4786.924 4782.918 4778.914 4773.261 4766.662 4760.062 4753.463 4746.84 4739.924 4733.008 4726.092 4719.176 4712.818 4706.995 4701.172 4695.349 4689.525 4684.067 4678.628 4673.189 4667.75 4661.733 4654.799 4647.865 4640.931 4633.997 4627.823 4621.811 4615.799 4609.786 4605.001 4603.659 4602.316 4600.974 4599.632 4599.195 4599.145 4599.094 4599.043 4599.11 4599.904 4600.699 4601.493 4602.288 4604.189 4606.904 4609.619 4612.334 4615.055 4618.14 4621.226 4624.311
4768.306 4775.03 4779.539 4784.049 4788.558 4793.067 4794.072 4793.965 4793.858 4793.751 4792.917 4789.116 4785.314 4781.513 4777.712 4772.353 4766.097 4759.841 4753.585 4747.317 4740.901 4734.484 4728.067 4721.651 4715.647 4710.039 4704.43 4698.822 4693.213 4687.638 4682.065 4676.492 4670.919 4664.75 4657.64 4650.528 4643.417 4636.306 4630.079 4624.04 4618.001 4611.961 4607.049 4605.299 4603.549 4601.798 4600.048 4599.443 4599.329 4599.214 4599.099 4599.083 4599.678 4600.274 4600.87 4601.465 4602.915 4604.991 4607.067 4609.143 4611.227 4613.867 4616.507 4619.146
