data/zism_data/00191_03_D.txt
ncols         224
nrows         224
[rows 168 to 195 of 224, columns 126 to 188 of 224]
4709.848 4708.608 4707.315 4705.856 4704.397 4702.938 4701.479 4700.706 4700.269 4699.831 4699.393 4699.0 4699.0 4699.0 4699.0 4699.0 4699.056 4699.16 4699.264 4699.368 4699.472 4699.735 4700.003 4700.272 4700.541 4700.806 4701.065 4701.324 4701.583 4701.843 4702.126 4702.414 4702.703 4702.991 4703.472 4704.515 4705.559 4706.602 4707.645 4708.732 4709.839 4710.946 4712.053 4713.145 4714.125 4715.104 4716.084 4717.063 4717.915 4718.661 4719.407 4720.152 4720.898 4721.876 4722.859 4723.842 4724.825 4725.641 4726.215 4726.79 4727.364 4727.938 4728.622
4709.848 4708.608 4707.315 4705.856 4704.397 4702.938 4701.479 4700.706 4700.269 4699.831 4699.393 4699.0 4699.0 4699.0 4699.0 4699.0 4699.081 4699.234 4699.386 4699.539 4699.691 4700.053 4700.424 4700.794 4701.165 4701.521 4701.855 4702.189 4702.524 4702.858 4703.181 4703.502 4703.822 4704.143 4704.653 4705.718 4706.783 4707.848 4708.912 4710.002 4711.104 4712.206 4713.307 4714.4 4715.428 4716.456 4717.483 4718.511 4719.364 4720.072 4720.781 4721.489 4722.197 4723.19 4724.189 4725.188 4726.188 4727.002 4727.549 4728.097 4728.645 4729.192 4729.88
4709.848 4708.608 4707.315 4705.856 4704.397 4702.938 4701.479 4700.706 4700.269 4699.831 4699.393 4699.0 4699.0 4699.0 4699.0 4699.0 4699.107 4699.308 4699.508 4699.709 4699.91 4700.372 4700.844 4701.316 4701.789 4702.236 4702.646 4703.055 4703.465 4703.874 4704.237 4704.589 4704.942 4705.294 4705.834 4706.92 4708.007 4709.093 4710.179 4711.272 4712.369 4713.465 4714.561 4715.655 4716.731 4717.807 4718.883 4719.959 4720.813 4721.484 4722.155 4722.826 4723.496 4724.504 4725.519 4726.534 4727.549 4728.362 4728.883 4729.404 4729.925 4730.446 4731.138
4709.529 4708.306 4707.036 4705.62 4704.205 4702.789 4701.374 4700.628 4700.21 4699.792 4699.375 4699.001 4699.011 4699.021 4699.031 4699.041 4699.194 4699.474 4699.752 4700.031 4700.311 4700.88 4701.461 4702.042 4702.623 4703.166 4703.65 4704.134 4704.619 4705.104 4705.525 4705.933 4706.341 4706.75 4707.32 4708.364 4709.408 4710.453 4711.497 4712.568 4713.652 4714.737 4715.821 4716.906 4718.0 4719.095 4720.189 4721.283 4722.154 4722.841 4723.528 4724.214 4724.901 4725.879 4726.863 4727.848 4728.833 4729.63 4730.157 4730.685 4731.212 4731.74 4732.428
4709.016 4707.82 4706.587 4705.241 4703.896 4702.549 4701.204 4700.502 4700.117 4699.731 4699.346 4699.002 4699.029 4699.055 4699.081 4699.107 4699.319 4699.695 4700.07 4700.446 4700.821 4701.503 4702.196 4702.89 4703.583 4704.224 4704.783 4705.343 4705.902 4706.462 4706.954 4707.432 4707.91 4708.388 4708.99 4709.954 4710.917 4711.881 4712.845 4713.88 4714.948 4716.016 4717.084 4718.155 4719.25 4720.344 4721.438 4722.533 4723.43 4724.165 4724.9 4725.635 4726.37 4727.291 4728.216 4729.142 4730.067 4730.841 4731.396 4731.95 4732.504 4733.058 4733.737
4708.504 4707.334 4706.139 4704.862 4703.586 4702.31 4701.034 4700.377 4700.024 4699.67 4699.317 4699.004 4699.046 4699.089 4699.131 4699.173 4699.444 4699.917 4700.388 4700.86 4701.332 4702.126 4702.932 4703.738 4704.544 4705.282 4705.917 4706.551 4707.186 4707.82 4708.383 4708.931 4709.479 4710.026 4710.659 4711.542 4712.426 4713.309 4714.192 4715.191 4716.244 4717.295 4718.348 4719.405 4720.499 4721.593 4722.688 4723.782 4724.706 4725.489 4726.272 4727.055 4727.838 4728.703 4729.569 4730.436 4731.303 4732.053 4732.633 4733.214 4733.795 4734.376 4735.046
4707.991 4706.848 4705.69 4704.483 4703.277 4702.07 4700.864 4700.252 4699.931 4699.609 4699.289 4699.006 4699.064 4699.123 4699.181 4699.239 4699.569 4700.138 4700.706 4701.274 4701.843 4702.749 4703.667 4704.586 4705.504 4706.34 4707.05 4707.76 4708.469 4709.179 4709.813 4710.43 4711.047 4711.664 4712.329 4713.132 4713.935 4714.737 4715.541 4716.503 4717.539 4718.575 4719.611 4720.654 4721.748 4722.842 4723.937 4725.031 4725.981 4726.813 4727.644 4728.476 4729.307 4730.115 4730.923 4731.73 4732.538 4733.264 4733.872 4734.479 4735.087 4735.695 4736.356
4707.449 4706.334 4705.215 4704.084 4702.954 4701.823 4700.692 4700.127 4699.839 4699.551 4699.263 4699.012 4699.09 4699.168 4699.247 4699.325 4699.714 4700.377 4701.041 4701.704 4702.367 4703.377 4704.402 4705.426 4706.45 4707.378 4708.159 4708.94 4709.721 4710.502 4711.204 4711.889 4712.574 4713.259 4713.956 4714.688 4715.42 4716.151 4716.883 4717.814 4718.837 4719.86 4720.882 4721.913 4723.005 4724.097 4725.189 4726.281 4727.255 4728.132 4729.008 4729.884 4730.761 4731.517 4732.271 4733.025 4733.778 4734.483 4735.118 4735.751 4736.386 4737.02 4737.672
4706.6 4705.522 4704.465 4703.474 4702.482 4701.491 4700.5 4700.009 4699.764 4699.519 4699.273 4699.067 4699.204 4699.341 4699.479 4699.616 4700.073 4700.811 4701.549 4702.287 4703.025 4704.07 4705.126 4706.183 4707.239 4708.199 4709.012 4709.825 4710.638 4711.452 4712.199 4712.932 4713.666 4714.399 4715.139 4715.897 4716.656 4717.415 4718.173 4719.124 4720.163 4721.201 4722.24 4723.282 4724.347 4725.412 4726.478 4727.542 4728.51 4729.397 4730.285 4731.171 4732.059 4732.815 4733.569 4734.323 4735.077 4735.791 4736.446 4737.101 4737.757 4738.412 4739.069
4705.75 4704.709 4703.715 4702.863 4702.011 4701.159 4700.307 4699.891 4699.688 4699.486 4699.284 4699.122 4699.318 4699.514 4699.71 4699.906 4700.431 4701.245 4702.058 4702.871 4703.684 4704.762 4705.851 4706.939 4708.027 4709.02 4709.865 4710.71 4711.556 4712.401 4713.194 4713.976 4714.757 4715.539 4716.321 4717.106 4717.892 4718.677 4719.463 4720.433 4721.488 4722.542 4723.598 4724.65 4725.689 4726.727 4727.766 4728.804 4729.765 4730.663 4731.561 4732.458 4733.356 4734.113 4734.867 4735.621 4736.375 4737.097 4737.774 4738.451 4739.128 4739.805 4740.465
4704.9 4703.897 4702.964 4702.251 4701.539 4700.826 4700.114 4699.772 4699.613 4699.454 4699.294 4699.177 4699.432 4699.687 4699.942 4700.197 4700.79 4701.678 4702.566 4703.455 4704.343 4705.455 4706.575 4707.696 4708.816 4709.841 4710.718 4711.596 4712.473 4713.351 4714.189 4715.019 4715.849 4716.678 4717.504 4718.316 4719.128 4719.94 4720.752 4721.742 4722.813 4723.884 4724.955 4726.019 4727.03 4728.042 4729.054 4730.065 4731.02 4731.929 4732.837 4733.746 4734.654 4735.412 4736.166 4736.919 4737.673 4738.404 4739.103 4739.801 4740.499 4741.198 4741.861
4704.05 4703.085 4702.214 4701.641 4701.067 4700.494 4699.921 4699.654 4699.538 4699.421 4699.305 4699.232 4699.546 4699.86 4700.174 4700.488 4701.148 4702.111 4703.075 4704.038 4705.001 4706.147 4707.3 4708.452 4709.605 4710.662 4711.571 4712.481 4713.391 4714.3 4715.184 4716.062 4716.94 4717.818 4718.686 4719.525 4720.364 4721.203 4722.042 4723.051 4724.138 4725.225 4726.313 4727.387 4728.372 4729.357 4730.341 4731.326 4732.275 4733.194 4734.114 4735.033 4735.952 4736.71 4737.463 4738.217 4738.971 4739.711 4740.431 4741.15 4741.871 4742.59 4743.257
4703.459 4702.538 4701.719 4701.227 4700.733 4700.24 4699.748 4699.54 4699.472 4699.405 4699.337 4699.318 4699.733 4700.147 4700.561 4700.976 4701.707 4702.715 4703.724 4704.733 4705.742 4706.895 4708.053 4709.211 4710.37 4711.443 4712.388 4713.333 4714.278 4715.222 4716.171 4717.121 4718.071 4719.021 4719.947 4720.801 4721.655 4722.509 4723.363 4724.394 4725.505 4726.618 4727.729 4728.822 4729.765 4730.708 4731.651 4732.594 4733.524 4734.442 4735.36 4736.278 4737.197 4737.977 4738.754 4739.532 4740.309 4741.06 4741.771 4742.483 4743.195 4743.907 4744.595
4703.081 4702.208 4701.433 4700.972 4700.512 4700.051 4699.59 4699.429 4699.415 4699.401 4699.387 4699.43 4699.979 4700.527 4701.075 4701.623 4702.428 4703.458 4704.489 4705.519 4706.549 4707.688 4708.83 4709.972 4711.114 4712.193 4713.175 4714.158 4715.14 4716.122 4717.153 4718.194 4719.235 4720.276 4721.271 4722.13 4722.989 4723.849 4724.708 4725.763 4726.907 4728.051 4729.195 4730.31 4731.199 4732.089 4732.978 4733.868 4734.767 4735.674 4736.582 4737.489 4738.397 4739.219 4740.04 4740.86 4741.68 4742.443 4743.123 4743.802 4744.481 4745.161 4745.884
4702.702 4701.876 4701.147 4700.718 4700.29 4699.861 4699.433 4699.318 4699.358 4699.397 4699.437 4699.542 4700.224 4700.906 4701.589 4702.271 4703.15 4704.202 4705.253 4706.305 4707.357 4708.48 4709.606 4710.732 4711.859 4712.943 4713.962 4714.982 4716.002 4717.022 4718.134 4719.267 4720.398 4721.531 4722.595 4723.459 4724.324 4725.189 4726.054 4727.132 4728.309 4729.485 4730.661 4731.797 4732.633 4733.469 4734.305 4735.141 4736.01 4736.907 4737.804 4738.701 4739.597 4740.461 4741.325 4742.188 4743.051 4743.826 4744.473 4745.121 4745.768 4746.416 4747.174
4702.323 4701.546 4700.861 4700.464 4700.068 4699.671 4699.275 4699.208 4699.3 4699.394 4699.486 4699.653 4700.47 4701.286 4702.103 4702.918 4703.872 4704.945 4706.018 4707.091 4708.164 4709.273 4710.383 4711.493 4712.603 4713.692 4714.75 4715.807 4716.864 4717.921 4719.116 4720.339 4721.563 4722.786 4723.919 4724.789 4725.659 4726.529 4727.399 4728.501 4729.71 4730.918 4732.126 4733.285 4734.068 4734.85 4735.632 4736.415 4737.254 4738.14 4739.026 4739.912 4740.798 4741.704 4742.609 4743.516 4744.422 4745.209 4745.824 4746.439 4747.055 4747.67 4748.464
4701.947 4701.217 4700.576 4700.211 4699.848 4699.483 4699.12 4699.099 4699.246 4699.393 4699.541 4699.77 4700.719 4701.667 4702.617 4703.566 4704.592 4705.687 4706.782 4707.876 4708.971 4710.066 4711.161 4712.256 4713.352 4714.447 4715.541 4716.636 4717.73 4718.825 4720.099 4721.412 4722.726 4724.039 4725.24 4726.116 4726.992 4727.868 4728.744 4729.87 4731.109 4732.349 4733.589 4734.769 4735.5 4736.23 4736.96 4737.691 4738.5 4739.375 4740.25 4741.125 4742.0 4742.947 4743.896 4744.845 4745.794 4746.594 4747.178 4747.762 4748.346 4748.931 4749.759
4701.726 4700.997 4700.367 4700.051 4699.735 4699.419 4699.104 4699.16 4699.398 4699.637 4699.875 4700.191 4701.188 4702.186 4703.183 4704.18 4705.241 4706.357 4707.473 4708.589 4709.705 4710.868 4712.033 4713.198 4714.363 4715.506 4716.617 4717.728 4718.838 4719.949 4721.222 4722.529 4723.837 4725.145 4726.354 4727.279 4728.203 4729.127 4730.052 4731.17 4732.378 4733.585 4734.793 4735.952 4736.747 4737.542 4738.336 4739.131 4739.952 4740.795 4741.638 4742.48 4743.323 4744.301 4745.282 4746.263 4747.245 4748.083 4748.715 4749.348 4749.98 4750.613 4751.404
4701.506 4700.776 4700.158 4699.891 4699.623 4699.355 4699.088 4699.221 4699.551 4699.88 4700.209 4700.612 4701.658 4702.703 4703.749 4704.794 4705.889 4707.026 4708.164 4709.301 4710.439 4711.67 4712.905 4714.139 4715.374 4716.566 4717.692 4718.819 4719.946 4721.073 4722.344 4723.646 4724.949 4726.251 4727.469 4728.441 4729.414 4730.387 4731.359 4732.471 4733.646 4734.822 4735.997 4737.135 4737.995 4738.854 4739.713 4740.572 4741.404 4742.215 4743.025 4743.836 4744.647 4745.655 4746.668 4747.682 4748.695 4749.572 4750.253 4750.934 4751.615 4752.295 4753.049
4701.285 4700.556 4699.949 4699.73 4699.511 4699.292 4699.072 4699.282 4699.703 4700.124 4700.544 4701.034 4702.127 4703.221 4704.315 4705.409 4706.537 4707.696 4708.855 4710.014 4711.173 4712.472 4713.776 4715.081 4716.385 4717.625 4718.768 4719.911 4721.054 4722.196 4723.466 4724.763 4726.06 4727.357 4728.583 4729.604 4730.625 4731.646 4732.667 4733.771 4734.915 4736.058 4737.201 4738.319 4739.242 4740.166 4741.089 4742.013 4742.856 4743.635 4744.414 4745.192 4745.97 4747.01 4748.055 4749.1 4750.146 4751.062 4751.791 4752.52 4753.249 4753.978 4754.694
4701.065 4700.335 4699.74 4699.569 4699.398 4699.227 4699.056 4699.344 4699.855 4700.367 4700.879 4701.455 4702.597 4703.739 4704.881 4706.023 4707.186 4708.366 4709.546 4710.727 4711.907 4713.274 4714.648 4716.022 4717.396 4718.685 4719.844 4721.003 4722.162 4723.32 4724.589 4725.88 4727.172 4728.463 4729.698 4730.767 4731.836 4732.905 4733.974 4735.072 4736.183 4737.294 4738.405 4739.502 4740.49 4741.478 4742.465 4743.453 4744.309 4745.055 4745.801 4746.547 4747.293 4748.364 4749.441 4750.519 4751.596 4752.551 4753.328 4754.105 4754.883 4755.66 4756.339
4700.863 4700.169 4699.615 4699.497 4699.379 4699.262 4699.144 4699.5 4700.087 4700.675 4701.263 4701.909 4703.074 4704.238 4705.403 4706.567 4707.753 4708.958 4710.162 4711.366 4712.571 4713.941 4715.318 4716.695 4718.072 4719.377 4720.57 4721.763 4722.956 4724.148 4725.439 4726.751 4728.063 4729.375 4730.637 4731.754 4732.872 4733.989 4735.106 4736.218 4737.328 4738.438 4739.547 4740.647 4741.676 4742.706 4743.734 4744.764 4745.649 4746.417 4747.186 4747.953 4748.721 4749.816 4750.918 4752.02 4753.122 4754.098 4754.893 4755.688 4756.482 4757.277 4757.92
4700.682 4700.063 4699.58 4699.521 4699.462 4699.404 4699.345 4699.76 4700.406 4701.053 4701.699 4702.398 4703.558 4704.717 4705.876 4707.035 4708.233 4709.464 4710.695 4711.926 4713.158 4714.462 4715.77 4717.077 4718.384 4719.667 4720.914 4722.16 4723.407 4724.653 4725.994 4727.354 4728.713 4730.074 4731.384 4732.55 4733.715 4734.881 4736.046 4737.196 4738.337 4739.479 4740.621 4741.751 4742.796 4743.842 4744.887 4745.932 4746.869 4747.718 4748.566 4749.414 4750.263 4751.375 4752.493 4753.611 4754.729 4755.708 4756.487 4757.266 4758.044 4758.823 4759.432
4700.501 4699.958 4699.545 4699.545 4699.546 4699.546 4699.546 4700.02 4700.726 4701.431 4702.136 4702.888 4704.042 4705.195 4706.349 4707.503 4708.712 4709.97 4711.229 4712.486 4713.744 4714.983 4716.22 4717.458 4718.696 4719.958 4721.258 4722.558 4723.858 4725.158 4726.547 4727.956 4729.364 4730.772 4732.131 4733.345 4734.559 4735.773 4736.986 4738.173 4739.347 4740.521 4741.695 4742.855 4743.917 4744.978 4746.039 4747.1 4748.089 4749.018 4749.946 4750.875 4751.804 4752.934 4754.068 4755.202 4756.336 4757.318 4758.081 4758.843 4759.606 4760.369 4760.944
4700.32 4699.852 4699.51 4699.57 4699.629 4699.688 4699.748 4700.28 4701.044 4701.809 4702.573 4703.377 4704.525 4705.674 4706.823 4707.971 4709.192 4710.477 4711.762 4713.046 4714.331 4715.503 4716.671 4717.839 4719.007 4720.249 4721.602 4722.956 4724.31 4725.663 4727.102 4728.558 4730.015 4731.472 4732.878 4734.141 4735.402 4736.665 4737.927 4739.15 4740.356 4741.563 4742.769 4743.959 4745.037 4746.114 4747.191 4748.269 4749.309 4750.318 4751.327 4752.336 4753.345 4754.493 4755.643 4756.793 4757.943 4758.928 4759.675 4760.421 4761.167 4761.914 4762.455
4700.139 4699.746 4699.476 4699.594 4699.712 4699.83 4699.948 4700.54 4701.363 4702.187 4703.01 4703.866 4705.009 4706.153 4707.296 4708.439 4709.672 4710.983 4712.295 4713.606 4714.918 4716.024 4717.123 4718.221 4719.319 4720.539 4721.946 4723.354 4724.761 4726.168 4727.656 4729.161 4730.666 4732.17 4733.625 4734.936 4736.246 4737.557 4738.867 4740.128 4741.366 4742.604 4743.842 4745.064 4746.157 4747.25 4748.344 4749.437 4750.528 4751.618 4752.708 4753.797 4754.887 4756.051 4757.218 4758.384 4759.55 4760.538 4761.269 4761.999 4762.729 4763.46 4763.967
4699.974 4699.621 4699.386 4699.528 4699.67 4699.812 4699.954 4700.542 4701.348 4702.155 4702.961 4703.795 4704.867 4705.939 4707.012 4708.084 4709.26 4710.528 4711.795 4713.063 4714.331 4715.504 4716.674 4717.844 4719.014 4720.289 4721.725 4723.16 4724.596 4726.031 4727.543 4729.071 4730.599 4732.126 4733.627 4735.046 4736.465 4737.884 4739.303 4740.641 4741.942 4743.243 4744.543 4745.829 4746.999 4748.169 4749.339 4750.509 4751.662 4752.802 4753.942 4755.082 4756.221 4757.373 4758.525 4759.677 4760.829 4761.839 4762.645 4763.45 4764.255 4765.06 4765.522
4699.811 4699.494 4699.293 4699.457 4699.62 4699.783 4699.946 4700.527 4701.313 4702.098 4702.883 4703.689 4704.687 4705.684 4706.681 4707.678 4708.793 4710.013 4711.232 4712.452 4713.671 4714.92 4716.171 4717.421 4718.672 4720.006 4721.468 4722.931 4724.393 4725.855 4727.389 4728.938 4730.488 4732.037 4733.582 4735.114 4736.646 4738.177 4739.709 4741.126 4742.491 4743.856 4745.221 4746.573 4747.823 4749.074 4750.324 4751.575 4752.791 4753.979 4755.167 4756.355 4757.542 4758.68 4759.816 4760.952 4762.088 4763.122 4764.007 4764.893 4765.778 4766.664 4767.08
