data/zism_data/00190_02_D.txt
ncols         224
nrows         224
[rows 84 to 111 of 224, columns 0 to 62 of 224]
1394.0 1394.0 1394.0 1393.936 1393.797 1393.659 1393.521 1393.383 1393.296 1393.214 1393.132 1393.05 1393.0 1393.0 1393.0 1393.0 1393.0 1392.882 1392.743 1392.605 1392.467 1392.346 1392.264 1392.182 1392.1 1392.018 1391.885 1391.738 1391.591 1391.444 1391.25 1390.909 1390.569 1390.229 1389.889 1389.569 1389.256 1388.943 1388.631 1388.318 1388.005 1387.693 1387.38 1387.067 1386.732 1386.383 1386.034 1385.686 1385.354 1385.175 1384.995 1384.816 1384.637 1384.48 1384.342 1384.204 1384.065 1383.923 1383.657 1383.39 1383.124 1382.857 1382.527
1394.0 1394.0 1394.0 1393.951 1393.844 1393.738 1393.631 1393.525 1393.411 1393.297 1393.183 1393.069 1393.0 1393.0 1393.0 1393.0 1393.0 1392.909 1392.803 1392.696 1392.59 1392.481 1392.367 1392.253 1392.139 1392.025 1391.885 1391.738 1391.591 1391.444 1391.252 1390.923 1390.593 1390.264 1389.935 1389.632 1389.341 1389.049 1388.758 1388.466 1388.175 1387.884 1387.592 1387.301 1386.959 1386.589 1386.219 1385.85 1385.501 1385.337 1385.174 1385.01 1384.847 1384.716 1384.609 1384.503 1384.396 1384.285 1384.03 1383.774 1383.518 1383.262 1382.932
1394.0 1394.0 1394.0 1393.965 1393.891 1393.816 1393.742 1393.667 1393.527 1393.381 1393.235 1393.089 1393.0 1393.0 1393.0 1393.0 1393.0 1392.936 1392.862 1392.787 1392.713 1392.615 1392.469 1392.324 1392.178 1392.032 1391.885 1391.738 1391.591 1391.444 1391.255 1390.936 1390.617 1390.298 1389.98 1389.695 1389.425 1389.155 1388.885 1388.615 1388.345 1388.075 1387.804 1387.534 1387.187 1386.796 1386.405 1386.013 1385.647 1385.5 1385.352 1385.204 1385.057 1384.951 1384.876 1384.802 1384.727 1384.648 1384.402 1384.157 1383.912 1383.666 1383.337
1394.0 1394.0 1394.0 1393.973 1393.915 1393.857 1393.799 1393.741 1393.586 1393.424 1393.261 1393.099 1393.0 1393.0 1393.0 1393.0 1393.0 1392.937 1392.864 1392.79 1392.717 1392.62 1392.473 1392.326 1392.179 1392.032 1391.909 1391.793 1391.677 1391.561 1391.4 1391.102 1390.804 1390.506 1390.208 1389.949 1389.705 1389.462 1389.218 1388.971 1388.712 1388.453 1388.194 1387.935 1387.575 1387.157 1386.739 1386.322 1385.927 1385.734 1385.541 1385.347 1385.154 1385.049 1385.011 1384.974 1384.936 1384.895 1384.717 1384.539 1384.36 1384.182 1383.92
1394.0 1394.0 1394.0 1393.98 1393.938 1393.896 1393.854 1393.812 1393.644 1393.465 1393.287 1393.109 1393.0 1393.0 1393.0 1393.0 1393.0 1392.937 1392.864 1392.79 1392.717 1392.62 1392.473 1392.326 1392.179 1392.032 1391.934 1391.85 1391.766 1391.681 1391.55 1391.273 1390.997 1390.72 1390.443 1390.209 1389.992 1389.775 1389.558 1389.335 1389.087 1388.838 1388.589 1388.341 1387.968 1387.523 1387.079 1386.635 1386.212 1385.97 1385.729 1385.488 1385.247 1385.142 1385.142 1385.142 1385.141 1385.138 1385.029 1384.92 1384.811 1384.702 1384.509
1394.0 1394.0 1394.0 1393.988 1393.962 1393.936 1393.909 1393.883 1393.701 1393.507 1393.313 1393.118 1393.0 1393.0 1393.0 1393.0 1393.0 1392.937 1392.864 1392.79 1392.717 1392.62 1392.473 1392.326 1392.179 1392.032 1391.959 1391.907 1391.854 1391.802 1391.7 1391.444 1391.189 1390.934 1390.678 1390.469 1390.279 1390.088 1389.898 1389.699 1389.461 1389.223 1388.985 1388.747 1388.361 1387.89 1387.419 1386.948 1386.496 1386.207 1385.918 1385.629 1385.34 1385.236 1385.273 1385.309 1385.346 1385.381 1385.341 1385.302 1385.262 1385.222 1385.097
1394.0 1394.0 1394.0 1393.995 1393.985 1393.975 1393.965 1393.954 1393.759 1393.548 1393.338 1393.128 1393.0 1393.0 1393.0 1393.0 1393.0 1392.937 1392.864 1392.79 1392.717 1392.62 1392.473 1392.326 1392.179 1392.032 1391.984 1391.964 1391.943 1391.923 1391.85 1391.616 1391.382 1391.148 1390.914 1390.729 1390.565 1390.401 1390.237 1390.062 1389.835 1389.608 1389.381 1389.153 1388.754 1388.256 1387.759 1387.262 1386.781 1386.444 1386.107 1385.77 1385.433 1385.329 1385.403 1385.477 1385.552 1385.624 1385.654 1385.683 1385.712 1385.741 1385.686
1394.044 1394.026 1394.009 1394.0 1394.0 1394.0 1394.0 1394.0 1393.812 1393.608 1393.405 1393.202 1393.071 1393.054 1393.037 1393.02 1393.002 1392.937 1392.864 1392.79 1392.717 1392.62 1392.473 1392.326 1392.179 1392.032 1392.0 1392.0 1392.0 1392.0 1391.946 1391.725 1391.505 1391.284 1391.064 1390.904 1390.768 1390.633 1390.497 1390.345 1390.113 1389.881 1389.649 1389.417 1389.027 1388.547 1388.068 1387.588 1387.122 1386.783 1386.445 1386.106 1385.767 1385.661 1385.734 1385.808 1385.881 1385.954 1386.021 1386.089 1386.157 1386.225 1386.223
1394.165 1394.1 1394.035 1394.0 1394.0 1394.0 1394.0 1394.0 1393.856 1393.701 1393.545 1393.39 1393.27 1393.205 1393.14 1393.075 1393.009 1392.937 1392.864 1392.79 1392.717 1392.62 1392.473 1392.326 1392.179 1392.032 1392.0 1392.0 1392.0 1392.0 1391.946 1391.725 1391.505 1391.284 1391.064 1390.927 1390.823 1390.719 1390.616 1390.484 1390.22 1389.957 1389.693 1389.429 1389.088 1388.704 1388.32 1387.936 1387.564 1387.305 1387.047 1386.788 1386.529 1386.418 1386.422 1386.426 1386.43 1386.436 1386.487 1386.539 1386.591 1386.643 1386.667
1394.286 1394.173 1394.061 1394.0 1394.0 1394.0 1394.0 1394.0 1393.9 1393.793 1393.685 1393.578 1393.468 1393.355 1393.242 1393.129 1393.016 1392.937 1392.864 1392.79 1392.717 1392.62 1392.473 1392.326 1392.179 1392.032 1392.0 1392.0 1392.0 1392.0 1391.946 1391.725 1391.505 1391.284 1391.064 1390.949 1390.877 1390.806 1390.734 1390.624 1390.328 1390.032 1389.736 1389.44 1389.149 1388.861 1388.572 1388.284 1388.007 1387.827 1387.648 1387.469 1387.29 1387.175 1387.11 1387.045 1386.98 1386.917 1386.953 1386.989 1387.025 1387.061 1387.111
1394.408 1394.247 1394.086 1394.0 1394.0 1394.0 1394.0 1394.0 1393.945 1393.885 1393.825 1393.766 1393.667 1393.506 1393.345 1393.184 1393.023 1392.937 1392.864 1392.79 1392.717 1392.62 1392.473 1392.326 1392.179 1392.032 1392.0 1392.0 1392.0 1392.0 1391.946 1391.725 1391.505 1391.284 1391.064 1390.972 1390.932 1390.892 1390.853 1390.763 1390.435 1390.107 1389.78 1389.452 1389.21 1389.018 1388.825 1388.632 1388.449 1388.349 1388.25 1388.151 1388.051 1387.932 1387.798 1387.663 1387.529 1387.399 1387.419 1387.439 1387.459 1387.479 1387.555
1394.529 1394.321 1394.112 1394.0 1394.0 1394.0 1394.0 1394.0 1393.989 1393.977 1393.965 1393.954 1393.865 1393.656 1393.448 1393.239 1393.03 1392.937 1392.864 1392.79 1392.717 1392.62 1392.473 1392.326 1392.179 1392.032 1392.0 1392.0 1392.0 1392.0 1391.946 1391.725 1391.505 1391.284 1391.064 1390.994 1390.987 1390.979 1390.971 1390.902 1390.542 1390.183 1389.823 1389.464 1389.271 1389.174 1389.077 1388.98 1388.891 1388.871 1388.852 1388.832 1388.813 1388.689 1388.486 1388.282 1388.079 1387.881 1387.885 1387.889 1387.893 1387.897 1387.999
1394.615 1394.423 1394.23 1394.114 1394.086 1394.058 1394.03 1394.002 1394.0 1394.0 1394.0 1394.0 1393.917 1393.704 1393.492 1393.28 1393.067 1392.977 1392.907 1392.838 1392.769 1392.671 1392.512 1392.353 1392.194 1392.035 1392.0 1392.0 1392.0 1392.0 1391.946 1391.725 1391.505 1391.284 1391.064 1391.0 1391.0 1391.0 1391.0 1390.94 1390.597 1390.254 1389.91 1389.567 1389.403 1389.342 1389.28 1389.219 1389.166 1389.19 1389.214 1389.238 1389.262 1389.15 1388.934 1388.717 1388.501 1388.291 1388.295 1388.299 1388.303 1388.307 1388.414
1394.69 1394.534 1394.379 1394.266 1394.201 1394.135 1394.07 1394.005 1394.0 1394.0 1394.0 1394.0 1393.921 1393.719 1393.517 1393.316 1393.114 1393.03 1392.966 1392.901 1392.837 1392.738 1392.563 1392.388 1392.213 1392.038 1392.0 1392.0 1392.0 1392.0 1391.946 1391.725 1391.505 1391.284 1391.064 1391.0 1391.0 1391.0 1391.0 1390.946 1390.634 1390.323 1390.011 1389.7 1389.558 1389.513 1389.467 1389.422 1389.386 1389.442 1389.498 1389.554 1389.61 1389.515 1389.304 1389.093 1388.882 1388.677 1388.686 1388.696 1388.705 1388.714 1388.818
1394.764 1394.646 1394.528 1394.417 1394.315 1394.212 1394.11 1394.007 1394.0 1394.0 1394.0 1394.0 1393.925 1393.734 1393.543 1393.352 1393.161 1393.083 1393.024 1392.965 1392.906 1392.805 1392.614 1392.423 1392.232 1392.042 1392.0 1392.0 1392.0 1392.0 1391.946 1391.725 1391.505 1391.284 1391.064 1391.0 1391.0 1391.0 1391.0 1390.951 1390.672 1390.392 1390.113 1389.833 1389.713 1389.683 1389.654 1389.624 1389.607 1389.695 1389.782 1389.87 1389.958 1389.88 1389.674 1389.468 1389.262 1389.063 1389.078 1389.092 1389.107 1389.122 1389.223
1394.839 1394.758 1394.677 1394.569 1394.429 1394.29 1394.15 1394.01 1394.0 1394.0 1394.0 1394.0 1393.929 1393.749 1393.568 1393.388 1393.207 1393.135 1393.082 1393.028 1392.975 1392.872 1392.666 1392.459 1392.252 1392.045 1392.0 1392.0 1392.0 1392.0 1391.946 1391.725 1391.505 1391.284 1391.064 1391.0 1391.0 1391.0 1391.0 1390.957 1390.709 1390.462 1390.214 1389.966 1389.868 1389.854 1389.841 1389.827 1389.827 1389.947 1390.067 1390.186 1390.306 1390.245 1390.044 1389.844 1389.643 1389.449 1389.469 1389.489 1389.509 1389.529 1389.628
1394.905 1394.858 1394.81 1394.705 1394.534 1394.362 1394.191 1394.02 1394.006 1394.004 1394.003 1394.001 1393.934 1393.765 1393.596 1393.426 1393.257 1393.189 1393.138 1393.086 1393.035 1392.93 1392.712 1392.494 1392.276 1392.058 1392.009 1392.006 1392.004 1392.002 1391.946 1391.725 1391.505 1391.284 1391.064 1390.998 1390.996 1390.994 1390.991 1390.951 1390.733 1390.515 1390.297 1390.079 1390.0 1390.001 1390.002 1390.003 1390.019 1390.167 1390.316 1390.464 1390.613 1390.57 1390.38 1390.191 1390.001 1389.818 1389.845 1389.873 1389.9 1389.928 1390.025
1394.926 1394.89 1394.853 1394.754 1394.582 1394.411 1394.239 1394.068 1394.044 1394.032 1394.02 1394.007 1393.94 1393.787 1393.634 1393.481 1393.327 1393.248 1393.18 1393.113 1393.046 1392.936 1392.733 1392.531 1392.329 1392.127 1392.069 1392.05 1392.032 1392.014 1391.946 1391.725 1391.505 1391.284 1391.064 1390.987 1390.969 1390.95 1390.932 1390.882 1390.68 1390.478 1390.275 1390.073 1390.004 1390.01 1390.016 1390.022 1390.044 1390.203 1390.362 1390.521 1390.68 1390.667 1390.519 1390.372 1390.225 1390.083 1390.132 1390.181 1390.23 1390.279 1390.379
1394.948 1394.922 1394.895 1394.802 1394.63 1394.459 1394.287 1394.116 1394.082 1394.06 1394.037 1394.014 1393.946 1393.809 1393.672 1393.535 1393.397 1393.306 1393.223 1393.14 1393.057 1392.941 1392.754 1392.568 1392.382 1392.196 1392.129 1392.094 1392.06 1392.026 1391.946 1391.725 1391.505 1391.284 1391.064 1390.976 1390.941 1390.907 1390.873 1390.812 1390.626 1390.44 1390.254 1390.068 1390.007 1390.019 1390.03 1390.042 1390.069 1390.239 1390.409 1390.578 1390.748 1390.763 1390.658 1390.554 1390.449 1390.349 1390.42 1390.49 1390.56 1390.63 1390.733
1394.969 1394.953 1394.938 1394.85 1394.679 1394.507 1394.336 1394.164 1394.121 1394.087 1394.054 1394.02 1393.953 1393.831 1393.71 1393.589 1393.468 1393.365 1393.266 1393.167 1393.068 1392.946 1392.776 1392.605 1392.435 1392.265 1392.188 1392.138 1392.088 1392.038 1391.946 1391.725 1391.505 1391.284 1391.064 1390.964 1390.914 1390.864 1390.814 1390.743 1390.572 1390.402 1390.232 1390.062 1390.011 1390.027 1390.044 1390.061 1390.094 1390.275 1390.455 1390.635 1390.816 1390.859 1390.797 1390.735 1390.673 1390.615 1390.707 1390.798 1390.89 1390.981 1391.087
1394.99 1394.985 1394.98 1394.898 1394.727 1394.555 1394.384 1394.213 1394.159 1394.115 1394.071 1394.027 1393.959 1393.854 1393.748 1393.643 1393.538 1393.424 1393.309 1393.194 1393.078 1392.951 1392.797 1392.642 1392.488 1392.334 1392.248 1392.182 1392.116 1392.05 1391.946 1391.725 1391.505 1391.284 1391.064 1390.953 1390.887 1390.821 1390.755 1390.673 1390.519 1390.365 1390.21 1390.056 1390.014 1390.036 1390.058 1390.08 1390.119 1390.31 1390.502 1390.693 1390.884 1390.956 1390.936 1390.917 1390.897 1390.881 1390.994 1391.107 1391.219 1391.332 1391.441
1395.066 1395.04 1395.014 1394.93 1394.778 1394.627 1394.476 1394.324 1394.249 1394.18 1394.111 1394.042 1393.966 1393.88 1393.793 1393.707 1393.62 1393.493 1393.359 1393.225 1393.091 1392.959 1392.829 1392.699 1392.569 1392.44 1392.341 1392.25 1392.159 1392.068 1391.946 1391.725 1391.505 1391.284 1391.064 1390.954 1390.889 1390.824 1390.759 1390.679 1390.523 1390.368 1390.212 1390.056 1390.019 1390.05 1390.08 1390.11 1390.156 1390.347 1390.537 1390.727 1390.917 1391.01 1391.027 1391.044 1391.062 1391.082 1391.198 1391.315 1391.432 1391.548 1391.65
1395.187 1395.113 1395.04 1394.947 1394.833 1394.719 1394.605 1394.491 1394.384 1394.277 1394.171 1394.065 1393.974 1393.909 1393.844 1393.779 1393.714 1393.571 1393.416 1393.261 1393.106 1392.969 1392.871 1392.773 1392.675 1392.578 1392.46 1392.338 1392.215 1392.092 1391.946 1391.725 1391.505 1391.284 1391.064 1390.965 1390.916 1390.867 1390.818 1390.748 1390.577 1390.405 1390.234 1390.062 1390.026 1390.067 1390.108 1390.149 1390.204 1390.383 1390.563 1390.742 1390.922 1391.028 1391.077 1391.126 1391.175 1391.226 1391.332 1391.438 1391.544 1391.65 1391.736
1395.308 1395.187 1395.065 1394.964 1394.887 1394.811 1394.734 1394.657 1394.518 1394.375 1394.231 1394.087 1393.983 1393.939 1393.895 1393.851 1393.807 1393.65 1393.473 1393.297 1393.12 1392.979 1392.913 1392.847 1392.781 1392.715 1392.58 1392.426 1392.271 1392.116 1391.946 1391.725 1391.505 1391.284 1391.064 1390.977 1390.944 1390.911 1390.878 1390.818 1390.63 1390.443 1390.255 1390.068 1390.033 1390.084 1390.136 1390.187 1390.251 1390.42 1390.589 1390.758 1390.927 1391.046 1391.127 1391.208 1391.289 1391.37 1391.466 1391.561 1391.657 1391.752 1391.822
1395.43 1395.26 1395.091 1394.982 1394.942 1394.902 1394.863 1394.823 1394.652 1394.472 1394.291 1394.11 1393.991 1393.969 1393.946 1393.923 1393.9 1393.728 1393.53 1393.333 1393.135 1392.989 1392.955 1392.921 1392.887 1392.853 1392.7 1392.513 1392.327 1392.141 1391.946 1391.725 1391.505 1391.284 1391.064 1390.988 1390.971 1390.954 1390.937 1390.887 1390.684 1390.481 1390.277 1390.074 1390.04 1390.102 1390.164 1390.226 1390.298 1390.456 1390.615 1390.773 1390.931 1391.064 1391.177 1391.29 1391.403 1391.515 1391.6 1391.684 1391.769 1391.854 1391.908
1395.551 1395.334 1395.116 1394.999 1394.996 1394.994 1394.991 1394.989 1394.787 1394.569 1394.351 1394.133 1393.999 1393.998 1393.997 1393.995 1393.994 1393.806 1393.587 1393.368 1393.149 1392.999 1392.997 1392.995 1392.993 1392.991 1392.82 1392.601 1392.383 1392.165 1391.946 1391.725 1391.505 1391.284 1391.064 1390.999 1390.998 1390.997 1390.996 1390.957 1390.738 1390.518 1390.299 1390.079 1390.046 1390.119 1390.192 1390.265 1390.345 1390.493 1390.64 1390.788 1390.936 1391.082 1391.227 1391.372 1391.516 1391.659 1391.734 1391.808 1391.882 1391.956 1391.994
1395.579 1395.368 1395.158 1395.04 1395.031 1395.021 1395.011 1395.001 1394.823 1394.632 1394.442 1394.251 1394.124 1394.094 1394.064 1394.034 1394.004 1393.812 1393.591 1393.371 1393.15 1393.0 1393.0 1393.0 1393.0 1393.0 1392.828 1392.607 1392.387 1392.166 1391.951 1391.75 1391.549 1391.349 1391.148 1391.076 1391.056 1391.036 1391.016 1390.969 1390.794 1390.618 1390.442 1390.266 1390.24 1390.299 1390.357 1390.416 1390.483 1390.63 1390.777 1390.924 1391.071 1391.21 1391.342 1391.474 1391.606 1391.737 1391.825 1391.914 1392.002 1392.09 1392.142
1395.6 1395.4 1395.2 1395.084 1395.063 1395.043 1395.022 1395.001 1394.853 1394.694 1394.535 1394.376 1394.256 1394.194 1394.132 1394.071 1394.009 1393.812 1393.591 1393.371 1393.15 1393.0 1393.0 1393.0 1393.0 1393.0 1392.828 1392.607 1392.387 1392.166 1391.956 1391.776 1391.597 1391.418 1391.239 1391.157 1391.116 1391.075 1391.034 1390.978 1390.85 1390.722 1390.594 1390.466 1390.447 1390.49 1390.532 1390.575 1390.628 1390.775 1390.922 1391.069 1391.216 1391.345 1391.462 1391.578 1391.694 1391.81 1391.914 1392.018 1392.123 1392.227 1392.295
