data/zism_data/00197_02_D.txt
ncols         224
nrows         224
[rows 112 to 139 of 224, columns 126 to 188 of 224]
4895.177 4892.29 4889.402 4886.515 4883.61 4880.093 4876.577 4873.06 4869.543 4866.136 4862.847 4859.557 4856.268 4852.979 4851.17 4849.478 4847.785 4846.092 4845.722 4847.538 4849.354 4851.17 4852.987 4856.877 4861.204 4865.53 4869.857 4874.149 4878.351 4882.553 4886.754 4890.956 4893.31 4894.963 4896.615 4898.268 4899.624 4899.573 4899.522 4899.472 4899.421 4898.358 4896.685 4895.011 4893.336 4891.377 4885.757 4880.137 4874.518 4868.898 4862.168 4854.419 4846.671 4838.923 4831.175 4829.307 4827.615 4825.922 4824.23 4823.568 4824.327 4825.086 4825.845
4895.113 4891.991 4888.869 4885.747 4882.61 4878.986 4875.363 4871.74 4868.116 4864.617 4861.252 4857.889 4854.525 4851.161 4849.218 4847.386 4845.555 4843.723 4843.242 4844.994 4846.746 4848.498 4850.25 4854.363 4858.973 4863.583 4868.193 4872.736 4877.104 4881.471 4885.838 4890.205 4892.694 4894.47 4896.245 4898.02 4899.495 4899.54 4899.585 4899.631 4899.676 4899.07 4898.069 4897.068 4896.068 4894.814 4890.328 4885.841 4881.354 4876.867 4870.823 4863.353 4855.883 4848.412 4840.942 4839.051 4837.327 4835.603 4833.878 4833.267 4834.192 4835.117 4836.041
4895.05 4891.692 4888.335 4884.978 4881.61 4877.879 4874.149 4870.419 4866.688 4863.098 4859.659 4856.22 4852.781 4849.342 4847.266 4845.295 4843.324 4841.354 4840.762 4842.45 4844.138 4845.826 4847.514 4851.85 4856.743 4861.636 4866.529 4871.323 4875.856 4880.389 4884.921 4889.455 4892.078 4893.977 4895.875 4897.773 4899.366 4899.507 4899.648 4899.79 4899.932 4899.781 4899.454 4899.126 4898.799 4898.252 4894.898 4891.544 4888.19 4884.835 4879.479 4872.287 4865.094 4857.901 4850.709 4848.795 4847.039 4845.282 4843.526 4842.966 4844.056 4845.146 4846.237
4894.271 4890.876 4887.481 4884.086 4880.68 4876.868 4873.056 4869.244 4865.432 4861.744 4858.189 4854.635 4851.082 4847.527 4845.209 4842.988 4840.767 4838.546 4837.77 4839.384 4840.998 4842.611 4844.225 4848.556 4853.458 4858.361 4863.263 4868.126 4872.886 4877.645 4882.405 4887.164 4890.108 4892.363 4894.617 4896.871 4898.782 4899.061 4899.338 4899.617 4899.895 4899.855 4899.623 4899.391 4899.159 4898.748 4896.044 4893.342 4890.639 4887.936 4883.477 4877.409 4871.341 4865.273 4859.206 4857.559 4856.044 4854.53 4853.015 4852.575 4853.618 4854.661 4855.704
4893.453 4890.031 4886.61 4883.188 4879.753 4875.861 4871.969 4868.078 4864.186 4860.399 4856.727 4853.055 4849.384 4845.712 4843.148 4840.67 4838.193 4835.715 4834.751 4836.29 4837.829 4839.368 4840.907 4845.22 4850.117 4855.014 4859.912 4864.834 4869.823 4874.813 4879.801 4884.791 4888.065 4890.688 4893.312 4895.935 4898.174 4898.591 4899.008 4899.426 4899.843 4899.896 4899.727 4899.559 4899.391 4899.085 4897.007 4894.929 4892.852 4890.774 4887.225 4882.327 4877.429 4872.532 4867.634 4866.27 4865.012 4863.754 4862.496 4862.18 4863.165 4864.148 4865.133
4892.635 4889.187 4885.738 4882.291 4878.827 4874.855 4870.883 4866.911 4862.938 4859.054 4855.265 4851.475 4847.686 4843.896 4841.086 4838.352 4835.618 4832.884 4831.732 4833.196 4834.66 4836.125 4837.588 4841.884 4846.776 4851.668 4856.56 4861.542 4866.761 4871.979 4877.198 4882.417 4886.022 4889.014 4892.006 4894.998 4897.566 4898.122 4898.678 4899.234 4899.791 4899.935 4899.832 4899.728 4899.624 4899.422 4897.969 4896.517 4895.064 4893.612 4890.972 4887.245 4883.517 4879.79 4876.062 4874.981 4873.979 4872.978 4871.977 4871.785 4872.71 4873.636 4874.561
4891.817 4888.342 4884.867 4881.392 4877.9 4873.849 4869.796 4865.744 4861.691 4857.709 4853.802 4849.895 4845.988 4842.082 4839.025 4836.034 4833.044 4830.053 4828.713 4830.103 4831.492 4832.881 4834.27 4838.548 4843.435 4848.321 4853.208 4858.249 4863.698 4869.146 4874.595 4880.044 4883.979 4887.34 4890.701 4894.061 4896.958 4897.653 4898.348 4899.043 4899.738 4899.975 4899.936 4899.896 4899.856 4899.759 4898.932 4898.104 4897.277 4896.45 4894.72 4892.162 4889.605 4887.047 4884.49 4883.692 4882.947 4882.202 4881.457 4881.389 4882.256 4883.123 4883.989
4889.891 4886.531 4883.171 4879.812 4876.432 4872.385 4868.338 4864.291 4860.243 4856.215 4852.207 4848.198 4844.19 4840.182 4836.899 4833.672 4830.445 4827.219 4825.653 4826.833 4828.014 4829.194 4830.375 4834.616 4839.501 4844.386 4849.272 4854.359 4859.979 4865.599 4871.218 4876.838 4881.092 4884.827 4888.563 4892.298 4895.542 4896.453 4897.364 4898.275 4899.186 4899.583 4899.667 4899.753 4899.838 4899.889 4899.504 4899.12 4898.735 4898.35 4897.29 4895.611 4893.932 4892.252 4890.573 4890.002 4889.465 4888.928 4888.391 4888.397 4889.154 4889.912 4890.669
4886.152 4883.14 4880.128 4877.116 4874.078 4870.175 4866.271 4862.369 4858.466 4854.477 4850.394 4846.311 4842.228 4838.145 4834.667 4831.238 4827.808 4824.378 4822.525 4823.278 4824.031 4824.784 4825.537 4829.708 4834.599 4839.489 4844.38 4849.492 4855.187 4860.881 4866.575 4872.27 4876.823 4880.943 4885.063 4889.183 4892.805 4894.058 4895.311 4896.564 4897.817 4898.482 4898.792 4899.101 4899.411 4899.681 4899.44 4899.2 4898.959 4898.719 4897.937 4896.658 4895.38 4894.102 4892.823 4892.389 4891.979 4891.57 4891.162 4891.162 4891.727 4892.292 4892.856
4882.414 4879.75 4877.084 4874.419 4871.723 4867.964 4864.206 4860.447 4856.688 4852.739 4848.581 4844.423 4840.265 4836.107 4832.437 4828.804 4825.171 4821.538 4819.397 4819.723 4820.048 4820.374 4820.699 4824.8 4829.696 4834.592 4839.488 4844.625 4850.394 4856.163 4861.933 4867.702 4872.555 4877.06 4881.564 4886.069 4890.067 4891.663 4893.258 4894.853 4896.448 4897.382 4897.916 4898.45 4898.984 4899.472 4899.376 4899.28 4899.184 4899.087 4898.583 4897.706 4896.828 4895.951 4895.073 4894.775 4894.494 4894.213 4893.932 4893.926 4894.298 4894.671 4895.043
4878.676 4876.358 4874.041 4871.724 4869.368 4865.754 4862.139 4858.525 4854.911 4851.0 4846.768 4842.535 4838.303 4834.07 4830.206 4826.37 4822.534 4818.698 4816.269 4816.167 4816.065 4815.963 4815.862 4819.893 4824.794 4829.695 4834.597 4839.758 4845.602 4851.446 4857.29 4863.134 4868.286 4873.175 4878.065 4882.955 4887.33 4889.268 4891.205 4893.142 4895.079 4896.281 4897.04 4897.798 4898.557 4899.264 4899.312 4899.36 4899.408 4899.456 4899.23 4898.753 4898.277 4897.8 4897.323 4897.161 4897.008 4896.856 4896.703 4896.69 4896.871 4897.051 4897.23
4874.938 4872.968 4870.998 4869.027 4867.014 4863.543 4860.073 4856.603 4853.133 4849.263 4844.955 4840.647 4836.34 4832.033 4827.975 4823.936 4819.896 4815.857 4813.141 4812.612 4812.083 4811.553 4811.024 4814.985 4819.892 4824.798 4829.705 4834.891 4840.81 4846.728 4852.647 4858.566 4864.018 4869.292 4874.565 4879.84 4884.593 4886.872 4889.151 4891.431 4893.709 4895.181 4896.164 4897.147 4898.13 4899.056 4899.248 4899.44 4899.632 4899.825 4899.877 4899.801 4899.725 4899.649 4899.573 4899.547 4899.523 4899.499 4899.474 4899.455 4899.442 4899.43 4899.418
4869.601 4868.073 4866.545 4865.018 4863.437 4860.099 4856.759 4853.421 4850.082 4846.304 4842.047 4837.791 4833.534 4829.277 4825.279 4821.301 4817.323 4813.345 4810.599 4809.889 4809.179 4808.469 4807.759 4811.432 4816.028 4820.624 4825.22 4830.123 4835.835 4841.548 4847.26 4852.972 4858.448 4863.834 4869.22 4874.606 4879.522 4882.204 4884.886 4887.567 4890.249 4892.093 4893.43 4894.768 4896.104 4897.376 4897.804 4898.231 4898.659 4899.086 4899.372 4899.528 4899.684 4899.84 4899.996 4900.0 4900.0 4900.0 4900.0 4899.907 4899.685 4899.463 4899.241
4863.888 4862.825 4861.763 4860.7 4859.575 4856.364 4853.153 4849.943 4846.732 4843.06 4838.883 4834.707 4830.53 4826.354 4822.475 4818.62 4814.765 4810.91 4808.194 4807.361 4806.528 4805.695 4804.862 4808.196 4812.408 4816.619 4820.83 4825.379 4830.819 4836.259 4841.699 4847.138 4852.574 4858.008 4863.443 4868.877 4873.905 4877.003 4880.102 4883.2 4886.299 4888.54 4890.261 4891.983 4893.705 4895.352 4896.036 4896.72 4897.404 4898.088 4898.597 4898.945 4899.293 4899.642 4899.99 4900.0 4900.0 4900.0 4900.0 4899.817 4899.381 4898.945 4898.51
4858.176 4857.578 4856.98 4856.382 4855.712 4852.63 4849.547 4846.465 4843.383 4839.815 4835.719 4831.623 4827.526 4823.43 4819.671 4815.939 4812.207 4808.475 4805.789 4804.833 4803.877 4802.921 4801.966 4804.96 4808.787 4812.614 4816.44 4820.636 4825.803 4830.97 4836.137 4841.305 4846.7 4852.183 4857.665 4863.147 4868.288 4871.803 4875.318 4878.833 4882.349 4884.986 4887.092 4889.199 4891.306 4893.328 4894.269 4895.209 4896.149 4897.09 4897.822 4898.363 4898.903 4899.444 4899.984 4900.0 4900.0 4900.0 4900.0 4899.727 4899.078 4898.428 4897.778
4852.464 4852.331 4852.197 4852.064 4851.85 4848.896 4845.941 4842.987 4840.033 4836.571 4832.555 4828.539 4824.522 4820.506 4816.868 4813.258 4809.649 4806.04 4803.384 4802.305 4801.227 4800.148 4799.069 4801.725 4805.167 4808.608 4812.05 4815.892 4820.787 4825.682 4830.576 4835.471 4840.826 4846.357 4851.887 4857.418 4862.67 4866.602 4870.534 4874.466 4878.398 4881.432 4883.924 4886.415 4888.906 4891.304 4892.501 4893.698 4894.895 4896.092 4897.047 4897.78 4898.513 4899.246 4899.979 4900.0 4900.0 4900.0 4900.0 4899.637 4898.774 4897.911 4897.047
4846.936 4847.252 4847.568 4847.885 4848.111 4845.349 4842.586 4839.823 4837.061 4833.738 4829.804 4825.871 4821.938 4818.004 4814.454 4810.934 4807.415 4803.895 4801.25 4800.054 4798.857 4797.661 4796.464 4798.741 4801.75 4804.758 4807.766 4811.212 4815.813 4820.413 4825.013 4829.614 4834.924 4840.504 4846.083 4851.664 4857.013 4861.271 4865.528 4869.785 4874.042 4877.335 4880.044 4882.752 4885.461 4888.078 4889.519 4890.959 4892.4 4893.841 4895.042 4896.024 4897.006 4897.988 4898.97 4898.961 4898.922 4898.884 4898.845 4898.327 4897.146 4895.967 4894.787
4841.989 4842.706 4843.423 4844.14 4844.767 4842.395 4840.022 4837.649 4835.276 4832.201 4828.358 4824.516 4820.673 4816.83 4813.272 4809.736 4806.201 4802.665 4799.972 4798.674 4797.376 4796.078 4794.78 4796.554 4798.974 4801.395 4803.815 4806.735 4810.973 4815.209 4819.446 4823.683 4828.932 4834.565 4840.199 4845.832 4851.232 4855.527 4859.822 4864.117 4868.412 4871.525 4873.924 4876.323 4878.722 4881.065 4882.709 4884.353 4885.997 4887.641 4889.162 4890.571 4891.981 4893.39 4894.8 4894.647 4894.448 4894.25 4894.05 4893.17 4891.349 4889.527 4887.706
4837.042 4838.16 4839.277 4840.395 4841.423 4839.44 4837.458 4835.475 4833.493 4830.664 4826.912 4823.16 4819.408 4815.656 4812.09 4808.538 4804.986 4801.435 4798.694 4797.294 4795.895 4794.495 4793.096 4794.366 4796.199 4798.031 4799.864 4802.258 4806.132 4810.006 4813.879 4817.753 4822.94 4828.627 4834.314 4840.001 4845.452 4849.784 4854.116 4858.448 4862.781 4865.715 4867.804 4869.893 4871.982 4874.053 4875.9 4877.747 4879.593 4881.44 4883.282 4885.119 4886.956 4888.792 4890.629 4890.333 4889.975 4889.615 4889.256 4888.013 4885.55 4883.088 4880.626
4832.095 4833.613 4835.132 4836.65 4838.079 4836.486 4834.894 4833.301 4831.708 4829.126 4825.466 4821.805 4818.144 4814.483 4810.908 4807.34 4803.772 4800.205 4797.416 4795.915 4794.414 4792.913 4791.411 4792.179 4793.423 4794.668 4795.913 4797.782 4801.292 4804.802 4808.313 4811.823 4816.949 4822.689 4828.429 4834.169 4839.671 4844.041 4848.41 4852.78 4857.149 4859.905 4861.684 4863.463 4865.242 4867.041 4869.09 4871.14 4873.19 4875.24 4877.401 4879.666 4881.93 4884.195 4886.459 4886.02 4885.5 4884.981 4884.461 4882.856 4879.752 4876.649 4873.545
4827.148 4829.067 4830.986 4832.906 4834.734 4833.532 4832.33 4831.127 4829.924 4827.589 4824.02 4820.449 4816.879 4813.309 4809.726 4806.142 4802.558 4798.974 4796.137 4794.535 4792.932 4791.33 4789.727 4789.991 4790.648 4791.305 4791.962 4793.305 4796.452 4799.599 4802.746 4805.893 4810.957 4816.751 4822.544 4828.338 4833.891 4838.297 4842.705 4847.111 4851.519 4854.095 4855.564 4857.033 4858.502 4860.028 4862.281 4864.534 4866.787 4869.04 4871.521 4874.213 4876.905 4879.597 4882.289 4881.707 4881.027 4880.347 4879.667 4877.699 4873.954 4870.209 4866.465
4823.127 4825.271 4827.416 4829.56 4831.615 4830.669 4829.724 4828.779 4827.834 4825.731 4822.367 4819.003 4815.638 4812.274 4808.728 4805.167 4801.606 4798.046 4795.135 4793.298 4791.461 4789.625 4787.788 4787.594 4787.746 4787.897 4788.049 4788.952 4791.833 4794.713 4797.594 4800.474 4805.393 4811.085 4816.778 4822.471 4827.943 4832.37 4836.796 4841.222 4845.649 4847.983 4849.053 4850.123 4851.192 4852.355 4854.726 4857.095 4859.465 4861.835 4864.322 4866.918 4869.513 4872.108 4874.704 4873.803 4872.798 4871.792 4870.788 4868.497 4864.434 4860.371 4856.308
4819.561 4821.844 4824.126 4826.41 4828.605 4827.852 4827.099 4826.346 4825.594 4823.717 4820.614 4817.512 4814.409 4811.306 4807.819 4804.301 4800.783 4797.266 4794.269 4792.132 4789.996 4787.86 4785.724 4785.094 4784.781 4784.468 4784.155 4784.661 4787.322 4789.983 4792.645 4795.306 4800.036 4805.553 4811.069 4816.585 4821.914 4826.351 4830.788 4835.225 4839.663 4841.725 4842.351 4842.977 4843.603 4844.36 4846.805 4849.25 4851.694 4854.139 4856.478 4858.721 4860.963 4863.207 4865.449 4864.144 4862.732 4861.321 4859.91 4857.316 4853.093 4848.87 4844.646
4815.993 4818.416 4820.837 4823.259 4825.595 4825.035 4824.474 4823.914 4823.353 4821.702 4818.861 4816.021 4813.18 4810.339 4806.91 4803.435 4799.96 4796.485 4793.402 4790.966 4788.531 4786.096 4783.661 4782.594 4781.816 4781.038 4780.26 4780.369 4782.811 4785.253 4787.696 4790.138 4794.68 4800.02 4805.36 4810.7 4815.885 4820.333 4824.781 4829.229 4833.676 4835.466 4835.648 4835.831 4836.014 4836.365 4838.885 4841.404 4843.923 4846.443 4848.634 4850.524 4852.414 4854.304 4856.194 4854.484 4852.667 4850.85 4849.032 4846.136 4841.752 4837.369 4832.985
4812.426 4814.987 4817.548 4820.109 4822.585 4822.217 4821.849 4821.481 4821.113 4819.688 4817.108 4814.529 4811.951 4809.372 4806.001 4802.569 4799.137 4795.705 4792.535 4789.8 4787.066 4784.332 4781.597 4780.094 4778.852 4777.608 4776.366 4776.077 4778.3 4780.523 4782.747 4784.97 4789.324 4794.488 4799.651 4804.815 4809.856 4814.314 4818.773 4823.231 4827.69 4829.208 4828.946 4828.685 4828.424 4828.37 4830.964 4833.559 4836.153 4838.747 4840.79 4842.327 4843.865 4845.402 4846.939 4844.825 4842.602 4840.378 4838.154 4834.956 4830.412 4825.868 4821.324
4808.961 4811.644 4814.327 4817.01 4819.609 4819.41 4819.211 4819.012 4818.813 4817.589 4815.249 4812.908 4810.567 4808.227 4804.908 4801.513 4798.119 4794.724 4791.474 4788.464 4785.454 4782.444 4779.435 4777.528 4775.854 4774.18 4772.506 4771.849 4773.868 4775.887 4777.906 4779.925 4784.085 4789.059 4794.032 4799.006 4803.886 4808.323 4812.76 4817.197 4821.634 4822.895 4822.236 4821.577 4820.917 4820.497 4823.135 4825.773 4828.411 4831.049 4832.922 4834.094 4835.266 4836.438 4837.61 4835.108 4832.496 4829.884 4827.271 4823.819 4819.206 4814.594 4809.981
4806.392 4809.049 4811.705 4814.361 4816.934 4816.697 4816.46 4816.224 4815.987 4814.76 4812.451 4810.143 4807.834 4805.525 4802.199 4798.794 4795.388 4791.982 4788.702 4785.628 4782.554 4779.48 4776.406 4774.378 4772.571 4770.763 4768.956 4768.181 4770.125 4772.069 4774.014 4775.958 4779.873 4784.536 4789.2 4793.864 4798.435 4802.567 4806.7 4810.832 4814.964 4816.111 4815.452 4814.792 4814.133 4813.696 4816.104 4818.513 4820.921 4823.329 4824.844 4825.541 4826.237 4826.934 4827.63 4824.886 4822.039 4819.191 4816.344 4813.065 4809.189 4805.314 4801.439
4803.824 4806.453 4809.083 4811.712 4814.258 4813.984 4813.71 4813.436 4813.162 4811.93 4809.654 4807.377 4805.101 4802.824 4799.49 4796.074 4792.658 4789.242 4785.93 4782.792 4779.654 4776.516 4773.378 4771.229 4769.288 4767.346 4765.405 4764.513 4766.383 4768.252 4770.121 4771.99 4775.66 4780.014 4784.368 4788.722 4792.984 4796.812 4800.64 4804.467 4808.295 4809.327 4808.667 4808.008 4807.349 4806.896 4809.074 4811.252 4813.431 4815.609 4816.766 4816.987 4817.208 4817.429 4817.65 4814.664 4811.581 4808.499 4805.417 4802.311 4799.173 4796.036 4792.898
