data/zism_data/00192_02_D.txt
ncols         224
nrows         224
[rows 84 to 111 of 224, columns 0 to 63 of 224]
1949.33 1942.839 1936.347 1929.856 1924.872 1919.957 1915.041 1910.126 1906.196 1903.666 1901.137 1898.607 1896.077 1892.889 1889.601 1886.314 1883.027 1879.505 1875.498 1871.491 1867.484 1863.477 1859.776 1856.159 1852.543 1848.926 1846.013 1845.336 1844.659 1843.982 1843.305 1845.25 1848.344 1851.437 1854.53 1857.895 1862.775 1867.656 1872.536 1877.416 1881.146 1884.138 1887.129 1890.12 1892.841 1891.671 1890.501 1889.331 1888.161 1885.824 1882.415 1879.006 1875.598 1872.189 1871.212 1870.289 1869.366 1868.443 1866.781 1864.159 1861.536 1858.913 1856.291 1848.288
1946.491 1939.683 1932.875 1926.067 1921.069 1916.154 1911.239 1906.323 1902.624 1900.652 1898.68 1896.709 1894.737 1891.929 1888.996 1886.063 1883.129 1879.984 1876.401 1872.818 1869.235 1865.652 1862.312 1859.039 1855.765 1852.492 1849.833 1849.13 1848.426 1847.722 1847.018 1848.624 1851.239 1853.855 1856.471 1859.34 1863.619 1867.898 1872.177 1876.456 1879.935 1882.9 1885.865 1888.829 1891.52 1890.286 1889.052 1887.818 1886.583 1883.89 1879.859 1875.828 1871.797 1867.766 1866.014 1864.314 1862.613 1860.912 1858.432 1854.94 1851.448 1847.957 1844.465 1837.166
1945.925 1938.8 1931.676 1924.551 1919.687 1914.926 1910.164 1905.403 1902.008 1900.556 1899.104 1897.652 1896.199 1893.723 1891.092 1888.462 1885.832 1882.903 1879.359 1875.815 1872.271 1868.727 1865.55 1862.475 1859.399 1856.324 1853.81 1853.079 1852.348 1851.618 1850.887 1852.191 1854.385 1856.578 1858.772 1861.202 1864.944 1868.687 1872.429 1876.172 1879.278 1881.977 1884.675 1887.373 1889.814 1888.562 1887.311 1886.059 1884.808 1882.005 1877.779 1873.553 1869.328 1865.102 1862.3 1859.531 1856.761 1853.991 1850.677 1846.653 1842.63 1838.607 1834.584 1828.114
1945.937 1938.496 1931.055 1923.614 1918.921 1914.353 1909.785 1905.217 1902.146 1901.203 1900.261 1899.318 1898.376 1896.217 1893.877 1891.536 1889.195 1886.443 1882.84 1879.237 1875.634 1872.031 1868.967 1866.052 1863.138 1860.224 1857.825 1857.068 1856.311 1855.553 1854.796 1855.807 1857.594 1859.38 1861.166 1863.17 1866.392 1869.614 1872.836 1876.058 1878.762 1881.133 1883.504 1885.875 1888.01 1886.753 1885.496 1884.239 1882.982 1880.132 1875.82 1871.508 1867.197 1862.885 1858.964 1855.052 1851.139 1847.226 1843.072 1838.604 1834.135 1829.667 1825.198 1819.589
1945.95 1938.193 1930.435 1922.677 1918.155 1913.78 1909.405 1905.03 1902.283 1901.85 1901.417 1900.985 1900.552 1898.712 1896.661 1894.61 1892.559 1889.983 1886.321 1882.659 1878.997 1875.334 1872.384 1869.63 1866.877 1864.124 1861.841 1861.057 1860.273 1859.488 1858.704 1859.424 1860.802 1862.181 1863.559 1865.139 1867.84 1870.542 1873.243 1875.945 1878.246 1880.29 1882.333 1884.377 1886.205 1884.943 1883.681 1882.419 1881.156 1878.259 1873.861 1869.464 1865.066 1860.669 1855.628 1850.572 1845.517 1840.462 1835.468 1830.554 1825.64 1820.727 1815.813 1811.063
1945.963 1937.889 1929.815 1921.74 1917.389 1913.207 1909.025 1904.844 1902.421 1902.497 1902.574 1902.651 1902.728 1901.206 1899.445 1897.684 1895.923 1893.523 1889.802 1886.08 1882.359 1878.638 1875.801 1873.208 1870.616 1868.023 1865.857 1865.046 1864.235 1863.424 1862.613 1863.041 1864.011 1864.982 1865.952 1867.107 1869.288 1871.469 1873.651 1875.832 1877.73 1879.446 1881.163 1882.879 1884.401 1883.133 1881.866 1880.598 1879.331 1876.385 1871.902 1867.419 1862.936 1858.453 1852.292 1846.093 1839.895 1833.697 1827.863 1822.504 1817.145 1811.786 1806.427 1802.538
1946.878 1938.587 1930.297 1922.006 1917.808 1913.796 1909.784 1905.772 1903.601 1904.045 1904.489 1904.933 1905.377 1904.086 1902.533 1900.981 1899.429 1897.157 1893.401 1889.643 1885.886 1882.129 1879.37 1876.887 1874.404 1871.921 1869.822 1868.942 1868.061 1867.181 1866.301 1866.431 1867.002 1867.574 1868.146 1868.892 1870.61 1872.329 1874.047 1875.766 1877.318 1878.762 1880.206 1881.65 1882.922 1881.717 1880.512 1879.307 1878.102 1875.239 1870.856 1866.473 1862.09 1857.707 1850.691 1843.617 1836.543 1829.469 1822.942 1817.127 1811.313 1805.498 1799.684 1796.33
1950.663 1942.474 1934.286 1926.097 1921.996 1918.08 1914.165 1910.25 1908.1 1908.458 1908.816 1909.174 1909.533 1908.188 1906.587 1904.986 1903.386 1901.094 1897.375 1893.655 1889.936 1886.216 1883.423 1880.887 1878.35 1875.814 1873.625 1872.54 1871.456 1870.372 1869.288 1869.098 1869.3 1869.501 1869.703 1870.093 1871.532 1872.972 1874.411 1875.851 1877.234 1878.582 1879.93 1881.277 1882.477 1881.551 1880.625 1879.699 1878.773 1876.405 1872.714 1869.023 1865.332 1861.641 1854.614 1847.513 1840.412 1833.311 1826.557 1820.254 1813.951 1807.648 1801.345 1797.494
1954.448 1946.361 1938.275 1930.188 1926.183 1922.365 1918.546 1914.727 1912.599 1912.871 1913.143 1913.416 1913.688 1912.29 1910.641 1908.992 1907.343 1905.031 1901.35 1897.668 1893.986 1890.304 1887.476 1884.886 1882.296 1879.706 1877.427 1876.14 1874.851 1873.563 1872.275 1871.766 1871.597 1871.429 1871.26 1871.294 1872.454 1873.615 1874.775 1875.936 1877.151 1878.402 1879.653 1880.905 1882.032 1881.385 1880.738 1880.091 1879.444 1877.57 1874.571 1871.573 1868.574 1865.575 1858.537 1851.409 1844.281 1837.153 1830.172 1823.381 1816.589 1809.798 1803.007 1798.658
1958.233 1950.248 1942.264 1934.279 1930.371 1926.649 1922.927 1919.205 1917.097 1917.284 1917.47 1917.657 1917.844 1916.392 1914.695 1912.998 1911.301 1908.969 1905.324 1901.68 1898.036 1894.391 1891.53 1888.886 1886.242 1883.599 1881.23 1879.739 1878.247 1876.755 1875.263 1874.434 1873.895 1873.356 1872.817 1872.495 1873.376 1874.257 1875.139 1876.02 1877.068 1878.223 1879.377 1880.532 1881.587 1881.219 1880.851 1880.483 1880.115 1878.736 1876.429 1874.122 1871.816 1869.509 1862.46 1855.305 1848.15 1840.996 1833.787 1826.507 1819.228 1811.949 1804.669 1799.822
1962.018 1954.135 1946.253 1938.37 1934.559 1930.933 1927.308 1923.682 1921.596 1921.697 1921.797 1921.898 1921.999 1920.494 1918.749 1917.003 1915.258 1912.906 1909.299 1905.692 1902.085 1898.478 1895.583 1892.886 1890.188 1887.491 1885.033 1883.337 1881.642 1879.946 1878.25 1877.101 1876.192 1875.283 1874.374 1873.695 1874.298 1874.9 1875.503 1876.105 1876.985 1878.043 1879.101 1880.159 1881.142 1881.053 1880.964 1880.875 1880.786 1879.901 1878.287 1876.672 1875.058 1873.443 1866.383 1859.201 1852.019 1844.838 1837.401 1829.634 1821.866 1814.099 1806.331 1800.986
1965.954 1958.484 1951.013 1943.543 1939.738 1936.099 1932.461 1928.822 1926.615 1926.444 1926.272 1926.101 1925.93 1924.233 1922.308 1920.382 1918.457 1915.981 1912.368 1908.755 1905.142 1901.529 1898.542 1895.729 1892.916 1890.103 1887.532 1885.735 1883.938 1882.14 1880.343 1879.038 1877.949 1876.859 1875.77 1874.923 1875.426 1875.928 1876.431 1876.934 1877.784 1878.859 1879.934 1881.008 1882.026 1882.219 1882.413 1882.607 1882.8 1882.267 1881.067 1879.866 1878.666 1877.466 1870.528 1863.462 1856.396 1849.33 1841.815 1833.717 1825.618 1817.52 1809.421 1803.66
1969.96 1963.048 1956.135 1949.223 1945.381 1941.678 1937.975 1934.272 1931.879 1931.348 1930.817 1930.286 1929.755 1927.802 1925.635 1923.468 1921.301 1918.654 1915.014 1911.374 1907.734 1904.094 1900.988 1898.03 1895.072 1892.114 1889.421 1887.57 1885.719 1883.868 1882.017 1880.632 1879.452 1878.271 1877.091 1876.164 1876.651 1877.137 1877.624 1878.11 1878.997 1880.141 1881.286 1882.43 1883.531 1884.009 1884.487 1884.965 1885.443 1885.194 1884.278 1883.363 1882.447 1881.531 1874.777 1867.894 1861.011 1854.127 1846.603 1838.247 1829.891 1821.535 1813.179 1807.041
1973.966 1967.612 1961.257 1954.903 1951.023 1947.256 1943.489 1939.721 1937.142 1936.252 1935.361 1934.471 1933.58 1931.37 1928.962 1926.554 1924.145 1921.327 1917.66 1913.993 1910.327 1906.66 1903.434 1900.332 1897.229 1894.126 1891.309 1889.405 1887.5 1885.595 1883.691 1882.226 1880.955 1879.683 1878.411 1877.405 1877.875 1878.346 1878.816 1879.286 1880.209 1881.424 1882.638 1883.852 1885.037 1885.799 1886.562 1887.324 1888.086 1888.122 1887.49 1886.859 1886.227 1885.596 1879.027 1872.326 1865.625 1858.924 1851.391 1842.777 1834.164 1825.55 1816.936 1810.421
1977.972 1972.176 1966.38 1960.583 1956.666 1952.834 1949.003 1945.171 1942.405 1941.156 1939.906 1938.656 1937.406 1934.939 1932.289 1929.639 1926.99 1924.0 1920.306 1916.612 1912.919 1909.225 1905.881 1902.633 1899.385 1896.138 1893.198 1891.24 1889.281 1887.323 1885.365 1883.821 1882.458 1881.095 1879.732 1878.646 1879.1 1879.554 1880.009 1880.463 1881.422 1882.706 1883.99 1885.274 1886.542 1887.589 1888.636 1889.683 1890.729 1891.049 1890.702 1890.355 1890.008 1889.661 1883.276 1876.758 1870.239 1863.721 1856.179 1847.308 1838.436 1829.565 1820.694 1813.802
1981.82 1976.582 1971.345 1966.107 1962.153 1958.258 1954.362 1950.467 1947.514 1945.901 1944.289 1942.676 1941.063 1938.341 1935.453 1932.564 1929.676 1926.514 1922.786 1919.058 1915.331 1911.603 1908.154 1904.783 1901.411 1898.04 1894.995 1892.991 1890.987 1888.983 1886.979 1885.369 1883.932 1882.494 1881.057 1879.904 1880.337 1880.77 1881.202 1881.635 1882.624 1883.971 1885.317 1886.663 1888.007 1889.303 1890.599 1891.895 1893.191 1893.75 1893.633 1893.516 1893.399 1893.282 1887.061 1880.703 1874.346 1867.989 1860.439 1851.34 1842.241 1833.142 1824.043 1816.815
1984.542 1979.868 1975.193 1970.519 1966.533 1962.579 1958.624 1954.67 1951.523 1949.524 1947.525 1945.526 1943.527 1940.563 1937.455 1934.347 1931.238 1927.9 1924.086 1920.273 1916.459 1912.646 1909.199 1905.855 1902.51 1899.165 1896.144 1894.151 1892.157 1890.164 1888.17 1886.594 1885.199 1883.804 1882.41 1881.284 1881.658 1882.032 1882.406 1882.78 1883.752 1885.109 1886.466 1887.824 1889.177 1890.473 1891.769 1893.065 1894.361 1894.839 1894.566 1894.294 1894.021 1893.749 1887.534 1881.188 1874.841 1868.495 1860.944 1851.829 1842.714 1833.599 1824.484 1817.216
1987.264 1983.153 1979.042 1974.932 1970.914 1966.9 1962.887 1958.873 1955.532 1953.147 1950.762 1948.376 1945.991 1942.786 1939.457 1936.129 1932.8 1929.286 1925.386 1921.487 1917.588 1913.688 1910.244 1906.926 1903.608 1900.291 1897.292 1895.31 1893.327 1891.344 1889.362 1887.818 1886.466 1885.115 1883.763 1882.665 1882.98 1883.295 1883.609 1883.924 1884.88 1886.248 1887.616 1888.984 1890.347 1891.643 1892.939 1894.235 1895.531 1895.928 1895.5 1895.072 1894.643 1894.215 1888.008 1881.672 1875.336 1869.0 1861.449 1852.318 1843.187 1834.055 1824.924 1817.617
1989.986 1986.438 1982.891 1979.344 1975.294 1971.221 1967.149 1963.076 1959.541 1956.769 1953.998 1951.226 1948.455 1945.008 1941.459 1937.911 1934.362 1930.671 1926.686 1922.701 1918.716 1914.731 1911.289 1907.998 1904.707 1901.416 1898.44 1896.469 1894.497 1892.525 1890.553 1889.042 1887.733 1886.425 1885.116 1884.045 1884.301 1884.557 1884.813 1885.069 1886.008 1887.386 1888.765 1890.144 1891.517 1892.813 1894.109 1895.405 1896.701 1897.017 1896.433 1895.849 1895.266 1894.682 1888.482 1882.156 1875.831 1869.506 1861.954 1852.807 1843.659 1834.512 1825.365 1818.017
1992.708 1989.724 1986.74 1983.756 1979.674 1975.543 1971.411 1967.279 1963.55 1960.392 1957.234 1954.076 1950.918 1947.23 1943.461 1939.693 1935.924 1932.057 1927.986 1923.915 1919.844 1915.773 1912.334 1909.07 1905.805 1902.541 1899.589 1897.628 1895.666 1893.705 1891.744 1890.267 1889.001 1887.735 1886.469 1885.426 1885.623 1885.819 1886.016 1886.213 1887.136 1888.525 1889.915 1891.304 1892.687 1893.983 1895.279 1896.575 1897.871 1898.106 1897.366 1896.627 1895.888 1895.148 1888.955 1882.641 1876.326 1870.012 1862.459 1853.296 1844.132 1834.969 1825.805 1818.418
1994.417 1991.863 1989.309 1986.755 1982.734 1978.646 1974.559 1970.471 1966.681 1963.313 1959.944 1956.576 1953.208 1949.366 1945.453 1941.541 1937.628 1933.649 1929.531 1925.414 1921.297 1917.179 1913.677 1910.346 1907.014 1903.683 1900.671 1898.675 1896.679 1894.683 1892.687 1891.244 1890.042 1888.841 1887.639 1886.646 1886.814 1886.982 1887.15 1887.318 1888.183 1889.495 1890.807 1892.119 1893.427 1894.671 1895.916 1897.16 1898.405 1898.598 1897.827 1897.057 1896.286 1895.516 1889.416 1883.197 1876.978 1870.759 1863.249 1854.061 1844.872 1835.683 1826.495 1818.999
1995.347 1993.12 1990.893 1988.666 1984.778 1980.814 1976.849 1972.885 1969.136 1965.693 1962.25 1958.806 1955.363 1951.437 1947.438 1943.44 1939.441 1935.399 1931.265 1927.132 1922.998 1918.865 1915.25 1911.779 1908.308 1904.837 1901.703 1899.637 1897.571 1895.505 1893.44 1892.031 1890.91 1889.789 1888.668 1887.742 1887.905 1888.067 1888.23 1888.393 1889.167 1890.334 1891.502 1892.669 1893.835 1894.989 1896.142 1897.295 1898.448 1898.632 1897.925 1897.219 1896.513 1895.807 1889.865 1883.808 1877.75 1871.692 1864.259 1855.038 1845.817 1836.597 1827.376 1819.718
1996.276 1994.377 1992.477 1990.578 1986.822 1982.981 1979.14 1975.299 1971.592 1968.073 1964.555 1961.036 1957.518 1953.507 1949.423 1945.339 1941.254 1937.149 1932.999 1928.849 1924.7 1920.55 1916.823 1913.212 1909.602 1905.992 1902.734 1900.599 1898.463 1896.328 1894.192 1892.819 1891.778 1890.737 1889.696 1888.838 1888.995 1889.153 1889.31 1889.468 1890.151 1891.174 1892.196 1893.219 1894.244 1895.306 1896.368 1897.43 1898.492 1898.665 1898.023 1897.382 1896.74 1896.098 1890.315 1884.419 1878.522 1872.625 1865.269 1856.016 1846.763 1837.51 1828.257 1820.438
1997.206 1995.634 1994.062 1992.49 1988.865 1985.148 1981.431 1977.714 1974.047 1970.454 1966.86 1963.266 1959.673 1955.578 1951.408 1947.238 1943.067 1938.899 1934.733 1930.567 1926.401 1922.236 1918.396 1914.646 1910.896 1907.146 1903.766 1901.561 1899.355 1897.15 1894.945 1893.606 1892.646 1891.685 1890.725 1889.934 1890.086 1890.238 1890.39 1890.542 1891.136 1892.013 1892.891 1893.768 1894.652 1895.623 1896.594 1897.565 1898.536 1898.699 1898.121 1897.544 1896.966 1896.389 1890.765 1885.03 1879.294 1873.558 1866.279 1856.994 1847.708 1838.423 1829.138 1821.158
1998.13 1996.885 1995.639 1994.394 1990.903 1987.31 1983.717 1980.124 1976.5 1972.831 1969.163 1965.494 1961.825 1957.647 1953.392 1949.138 1944.883 1940.652 1936.47 1932.287 1928.105 1923.923 1919.97 1916.081 1912.192 1908.302 1904.799 1902.524 1900.249 1897.974 1895.698 1894.394 1893.513 1892.633 1891.753 1891.029 1891.176 1891.323 1891.471 1891.618 1892.122 1892.855 1893.588 1894.321 1895.063 1895.943 1896.822 1897.701 1898.581 1898.733 1898.219 1897.706 1897.192 1896.678 1891.213 1885.637 1880.062 1874.487 1867.284 1857.967 1848.65 1839.333 1830.016 1821.875
1998.314 1997.304 1996.295 1995.285 1992.046 1988.705 1985.364 1982.023 1978.527 1974.811 1971.094 1967.377 1963.66 1959.545 1955.371 1951.197 1947.022 1942.83 1938.6 1934.369 1930.139 1925.908 1921.828 1917.788 1913.748 1909.709 1906.067 1903.69 1901.313 1898.935 1896.558 1895.23 1894.36 1893.491 1892.621 1891.919 1892.146 1892.374 1892.602 1892.83 1893.306 1893.943 1894.579 1895.215 1895.858 1896.593 1897.327 1898.062 1898.796 1898.868 1898.333 1897.798 1897.263 1896.728 1891.335 1885.835 1880.334 1874.834 1867.672 1858.349 1849.027 1839.704 1830.382 1822.178
1998.497 1997.724 1996.951 1996.177 1993.189 1990.101 1987.012 1983.923 1980.555 1976.79 1973.025 1969.26 1965.495 1961.444 1957.35 1953.256 1949.162 1945.008 1940.73 1936.451 1932.172 1927.894 1923.684 1919.495 1915.305 1911.115 1907.334 1904.855 1902.376 1899.897 1897.418 1896.066 1895.207 1894.349 1893.49 1892.808 1893.117 1893.425 1893.733 1894.042 1894.491 1895.031 1895.57 1896.11 1896.653 1897.243 1897.832 1898.422 1899.012 1899.003 1898.447 1897.89 1897.333 1896.777 1891.458 1886.032 1880.607 1875.182 1868.06 1858.732 1849.404 1840.076 1830.748 1822.482
1998.681 1998.144 1997.606 1997.069 1994.332 1991.496 1988.659 1985.823 1982.583 1978.769 1974.956 1971.143 1967.329 1963.342 1959.329 1955.315 1951.302 1947.186 1942.859 1938.532 1934.206 1929.879 1925.541 1921.201 1916.861 1912.521 1908.602 1906.021 1903.44 1900.859 1898.278 1896.902 1896.054 1895.206 1894.358 1893.698 1894.087 1894.476 1894.865 1895.253 1895.675 1896.118 1896.562 1897.005 1897.448 1897.893 1898.338 1898.782 1899.227 1899.138 1898.56 1897.982 1897.404 1896.826 1891.58 1886.229 1880.879 1875.529 1868.447 1859.114 1849.781 1840.447 1831.114 1822.785
