data/zism_data/00194_02_D.txt
ncols         224
nrows         224
[rows 56 to 83 of 224, columns 0 to 62 of 224]
1390.58 1396.038 1400.004 1401.686 1403.368 1405.05 1406.732 1406.304 1405.323 1404.342 1403.361 1401.934 1398.593 1395.252 1391.911 1388.57 1386.804 1386.149 1385.494 1384.839 1384.184 1386.41 1388.685 1390.96 1393.235 1396.293 1400.628 1404.964 1409.299 1413.634 1417.924 1422.202 1426.479 1430.757 1434.849 1438.061 1441.274 1444.486 1447.698 1449.637 1450.62 1451.604 1452.587 1453.57 1455.874 1458.222 1460.569 1462.916 1464.458 1464.6 1464.742 1464.884 1465.026 1464.256 1463.203 1462.151 1461.098 1459.859 1457.639 1455.419 1453.199 1450.98 1448.575
1385.053 1390.728 1394.787 1396.374 1397.961 1399.548 1401.135 1400.721 1399.782 1398.843 1397.905 1396.557 1393.459 1390.361 1387.264 1384.166 1382.729 1382.465 1382.201 1381.937 1381.673 1384.332 1387.04 1389.748 1392.456 1395.963 1400.774 1405.585 1410.395 1415.206 1419.869 1424.49 1429.111 1433.732 1438.195 1441.909 1445.623 1449.338 1453.052 1455.52 1457.052 1458.585 1460.118 1461.65 1463.578 1465.519 1467.459 1469.4 1470.519 1470.212 1469.904 1469.597 1469.29 1468.161 1466.775 1465.389 1464.004 1462.439 1459.934 1457.429 1454.924 1452.419 1449.791
1379.526 1385.417 1389.57 1391.062 1392.553 1394.045 1395.537 1395.137 1394.24 1393.344 1392.447 1391.18 1388.325 1385.471 1382.616 1379.761 1378.654 1378.781 1378.908 1379.035 1379.162 1382.253 1385.394 1388.535 1391.677 1395.634 1400.92 1406.206 1411.492 1416.778 1421.814 1426.778 1431.743 1436.707 1441.541 1445.757 1449.973 1454.19 1458.406 1461.402 1463.484 1465.567 1467.649 1469.731 1471.282 1472.816 1474.349 1475.883 1476.58 1475.824 1475.068 1474.311 1473.555 1472.065 1470.347 1468.628 1466.91 1465.02 1462.23 1459.44 1456.649 1453.859 1451.007
1373.999 1380.107 1384.353 1385.749 1387.146 1388.543 1389.94 1389.553 1388.699 1387.845 1386.99 1385.804 1383.192 1380.58 1377.968 1375.356 1374.579 1375.097 1375.615 1376.133 1376.651 1380.174 1383.749 1387.323 1390.898 1395.304 1401.066 1406.827 1412.589 1418.35 1423.759 1429.067 1434.374 1439.682 1444.887 1449.605 1454.323 1459.041 1463.759 1467.285 1469.917 1472.548 1475.179 1477.811 1478.985 1480.112 1481.239 1482.366 1482.641 1481.436 1480.23 1479.025 1477.82 1475.969 1473.918 1471.867 1469.816 1467.601 1464.525 1461.45 1458.374 1455.299 1452.223
1365.921 1371.704 1375.771 1377.209 1378.646 1380.084 1381.522 1381.364 1380.787 1380.21 1379.634 1378.769 1376.673 1374.576 1372.48 1370.383 1370.157 1371.252 1372.346 1373.441 1374.535 1378.47 1382.453 1386.436 1390.419 1395.17 1401.171 1407.173 1413.175 1419.177 1424.819 1430.359 1435.899 1441.438 1446.885 1451.891 1456.896 1461.901 1466.907 1470.738 1473.687 1476.637 1479.587 1482.537 1483.523 1484.445 1485.368 1486.29 1486.367 1484.977 1483.587 1482.197 1480.807 1478.671 1476.303 1473.936 1471.568 1469.045 1465.7 1462.356 1459.012 1455.667 1452.362
1357.127 1362.436 1366.246 1367.763 1369.28 1370.797 1372.314 1372.444 1372.211 1371.978 1371.744 1371.27 1369.766 1368.261 1366.756 1365.251 1365.639 1367.361 1369.085 1370.808 1372.531 1376.871 1381.255 1385.64 1390.024 1395.09 1401.266 1407.442 1413.618 1419.795 1425.632 1431.372 1437.113 1442.853 1448.505 1453.738 1458.97 1464.203 1469.436 1473.509 1476.712 1479.915 1483.119 1486.322 1487.173 1487.948 1488.722 1489.497 1489.439 1487.938 1486.437 1484.936 1483.435 1481.035 1478.356 1475.677 1472.997 1470.17 1466.561 1462.953 1459.344 1455.736 1452.198
1348.334 1353.167 1356.721 1358.317 1359.913 1361.51 1363.106 1363.525 1363.635 1363.745 1363.855 1363.771 1362.858 1361.945 1361.032 1360.118 1361.12 1363.471 1365.823 1368.174 1370.526 1375.271 1380.057 1384.843 1389.629 1395.01 1401.361 1407.711 1414.062 1420.412 1426.445 1432.386 1438.327 1444.268 1450.125 1455.585 1461.045 1466.505 1471.964 1476.28 1479.737 1483.193 1486.651 1490.107 1490.823 1491.45 1492.076 1492.703 1492.511 1490.899 1489.287 1487.675 1486.063 1483.399 1480.408 1477.417 1474.426 1471.295 1467.422 1463.549 1459.677 1455.804 1452.035
1339.54 1343.898 1347.196 1348.871 1350.547 1352.222 1353.898 1354.605 1355.059 1355.512 1355.966 1356.272 1355.951 1355.629 1355.308 1354.986 1356.6 1359.581 1362.561 1365.541 1368.522 1373.672 1378.86 1384.047 1389.235 1394.931 1401.456 1407.98 1414.505 1421.03 1427.257 1433.399 1439.541 1445.683 1451.745 1457.432 1463.119 1468.806 1474.493 1479.051 1482.761 1486.472 1490.182 1493.893 1494.473 1494.952 1495.431 1495.909 1495.583 1493.86 1492.137 1490.414 1488.691 1485.763 1482.461 1479.158 1475.855 1472.42 1468.283 1464.146 1460.01 1455.873 1451.872
1330.682 1334.605 1337.674 1339.436 1341.199 1342.962 1344.724 1345.733 1346.545 1347.356 1348.167 1348.874 1349.132 1349.39 1349.647 1349.905 1352.088 1355.63 1359.172 1362.714 1366.256 1371.757 1377.291 1382.825 1388.359 1394.319 1400.972 1407.626 1414.279 1420.932 1427.339 1433.675 1440.011 1446.347 1452.61 1458.528 1464.447 1470.366 1476.284 1481.068 1485.001 1488.933 1492.866 1496.799 1497.264 1497.616 1497.968 1498.32 1497.871 1496.031 1494.192 1492.352 1490.512 1487.356 1483.79 1480.224 1476.657 1472.973 1468.663 1464.354 1460.045 1455.736 1451.562
1321.584 1325.221 1328.163 1330.042 1331.921 1333.8 1335.678 1337.038 1338.262 1339.485 1340.709 1341.85 1342.642 1343.433 1344.224 1345.016 1347.602 1351.456 1355.309 1359.163 1363.017 1368.663 1374.34 1380.016 1385.693 1391.725 1398.337 1404.948 1411.559 1418.17 1424.698 1431.203 1437.708 1444.213 1450.659 1456.826 1462.993 1469.16 1475.327 1480.277 1484.316 1488.354 1492.393 1496.431 1496.853 1497.157 1497.462 1497.766 1497.237 1495.26 1493.283 1491.306 1489.329 1486.076 1482.425 1478.774 1475.124 1471.395 1467.255 1463.114 1458.974 1454.834 1450.706
1312.485 1315.837 1318.653 1320.648 1322.643 1324.638 1326.633 1328.343 1329.979 1331.614 1333.25 1334.827 1336.151 1337.476 1338.801 1340.126 1343.116 1347.281 1351.447 1355.612 1359.777 1365.569 1371.389 1377.208 1383.027 1389.132 1395.701 1402.269 1408.838 1415.407 1422.057 1428.732 1435.406 1442.08 1448.708 1455.124 1461.539 1467.954 1474.369 1479.487 1483.631 1487.775 1491.919 1496.063 1496.442 1496.699 1496.956 1497.213 1496.603 1494.489 1492.375 1490.26 1488.146 1484.796 1481.06 1477.325 1473.59 1469.817 1465.846 1461.875 1457.904 1453.932 1449.849
1303.387 1306.453 1309.142 1311.254 1313.365 1315.476 1317.587 1319.648 1321.696 1323.744 1325.791 1327.803 1329.661 1331.52 1333.378 1335.237 1338.63 1343.107 1347.584 1352.061 1356.538 1362.475 1368.438 1374.399 1380.362 1386.538 1393.065 1399.591 1406.118 1412.644 1419.417 1426.26 1433.103 1439.946 1446.758 1453.421 1460.085 1466.748 1473.412 1478.696 1482.946 1487.195 1491.445 1495.695 1496.031 1496.241 1496.45 1496.66 1495.969 1493.718 1491.466 1489.214 1486.963 1483.515 1479.695 1475.876 1472.056 1468.239 1464.437 1460.635 1456.833 1453.031 1448.993
1294.288 1297.069 1299.632 1301.859 1304.087 1306.314 1308.542 1310.953 1313.413 1315.873 1318.332 1320.779 1323.171 1325.563 1327.955 1330.347 1334.144 1338.933 1343.722 1348.51 1353.299 1359.381 1365.486 1371.591 1377.696 1383.945 1390.429 1396.913 1403.397 1409.882 1416.776 1423.788 1430.8 1437.813 1444.807 1451.719 1458.631 1465.543 1472.454 1477.905 1482.26 1486.616 1490.971 1495.327 1495.621 1495.782 1495.944 1496.106 1495.336 1492.947 1490.558 1488.169 1485.78 1482.235 1478.331 1474.426 1470.522 1466.661 1463.028 1459.395 1455.762 1452.129 1448.137
1288.419 1291.268 1293.914 1296.251 1298.588 1300.925 1303.262 1305.716 1308.201 1310.686 1313.171 1315.646 1318.08 1320.513 1322.947 1325.38 1329.26 1334.16 1339.06 1343.96 1348.86 1355.118 1361.4 1367.681 1373.962 1380.345 1386.892 1393.439 1399.986 1406.533 1413.454 1420.483 1427.511 1434.54 1441.544 1448.437 1455.328 1462.221 1469.113 1474.646 1479.162 1483.677 1488.193 1492.708 1493.059 1493.275 1493.491 1493.708 1492.92 1490.39 1487.86 1485.331 1482.801 1479.192 1475.247 1471.303 1467.358 1463.495 1460.065 1456.635 1453.205 1449.775 1445.916
1284.347 1287.46 1290.308 1292.751 1295.193 1297.636 1300.078 1302.404 1304.699 1306.994 1309.288 1311.565 1313.766 1315.967 1318.168 1320.37 1324.153 1329.053 1333.953 1338.853 1343.753 1350.204 1356.681 1363.157 1369.634 1376.184 1382.853 1389.521 1396.19 1402.859 1409.753 1416.713 1423.673 1430.633 1437.551 1444.274 1450.997 1457.72 1464.443 1470.013 1474.719 1479.424 1484.13 1488.835 1489.3 1489.627 1489.954 1490.281 1489.512 1486.84 1484.167 1481.495 1478.822 1475.168 1471.207 1467.246 1463.286 1459.445 1456.237 1453.029 1449.821 1446.613 1442.934
1280.276 1283.653 1286.703 1289.251 1291.799 1294.347 1296.895 1299.092 1301.197 1303.301 1305.406 1307.485 1309.453 1311.422 1313.391 1315.359 1319.047 1323.947 1328.847 1333.747 1338.647 1345.289 1351.962 1358.634 1365.306 1372.023 1378.813 1385.604 1392.394 1399.184 1406.052 1412.944 1419.835 1426.726 1433.558 1440.112 1446.666 1453.22 1459.774 1465.38 1470.276 1475.172 1480.067 1484.963 1485.541 1485.979 1486.417 1486.855 1486.104 1483.289 1480.474 1477.659 1474.844 1471.143 1467.167 1463.19 1459.214 1455.396 1452.409 1449.423 1446.437 1443.451 1439.952
1276.204 1279.846 1283.097 1285.75 1288.404 1291.058 1293.712 1295.78 1297.694 1299.609 1301.523 1303.404 1305.14 1306.876 1308.613 1310.349 1313.94 1318.84 1323.74 1328.64 1333.54 1340.375 1347.243 1354.111 1360.978 1367.863 1374.774 1381.686 1388.598 1395.509 1402.352 1409.174 1415.996 1422.819 1429.565 1435.95 1442.335 1448.72 1455.104 1460.747 1465.833 1470.919 1476.005 1481.09 1481.782 1482.331 1482.88 1483.429 1482.696 1479.739 1476.781 1473.823 1470.865 1467.119 1463.127 1459.134 1455.142 1451.346 1448.581 1445.817 1443.053 1440.288 1436.971
1272.458 1276.32 1279.749 1282.513 1285.278 1288.042 1290.807 1292.752 1294.484 1296.215 1297.946 1299.634 1301.136 1302.638 1304.14 1305.643 1309.126 1314.008 1318.89 1323.772 1328.654 1335.663 1342.708 1349.753 1356.798 1363.828 1370.831 1377.834 1384.838 1391.841 1398.637 1405.374 1412.11 1418.846 1425.493 1431.713 1437.933 1444.153 1450.373 1456.043 1461.301 1466.559 1471.817 1477.075 1477.89 1478.56 1479.23 1479.901 1479.197 1476.109 1473.021 1469.933 1466.845 1463.056 1459.048 1455.04 1451.032 1447.256 1444.701 1442.145 1439.589 1437.033 1433.894
1272.837 1276.372 1279.672 1282.61 1285.549 1288.488 1291.427 1293.334 1294.97 1296.606 1298.242 1299.805 1301.053 1302.302 1303.55 1304.799 1308.032 1312.666 1317.3 1321.933 1326.567 1333.52 1340.512 1347.504 1354.497 1361.385 1368.103 1374.821 1381.539 1388.257 1394.751 1401.182 1407.611 1414.042 1420.416 1426.525 1432.634 1438.743 1444.852 1450.442 1455.641 1460.841 1466.041 1471.241 1472.299 1473.223 1474.147 1475.071 1474.538 1471.476 1468.415 1465.353 1462.292 1458.5 1454.482 1450.464 1446.446 1442.667 1440.148 1437.629 1435.11 1432.591 1429.61
1273.217 1276.424 1279.595 1282.708 1285.821 1288.934 1292.047 1293.915 1295.456 1296.997 1298.538 1299.975 1300.97 1301.966 1302.961 1303.956 1306.939 1311.324 1315.709 1320.095 1324.48 1331.377 1338.316 1345.256 1352.195 1358.942 1365.375 1371.807 1378.24 1384.673 1390.866 1396.99 1403.113 1409.237 1415.338 1421.337 1427.335 1433.333 1439.331 1444.84 1449.981 1455.123 1460.265 1465.407 1466.709 1467.886 1469.064 1470.241 1469.879 1466.844 1463.808 1460.773 1457.738 1453.945 1449.916 1445.887 1441.859 1438.077 1435.595 1433.113 1430.631 1428.149 1425.325
1273.597 1276.477 1279.518 1282.805 1286.093 1289.38 1292.668 1294.496 1295.942 1297.388 1298.834 1300.146 1300.888 1301.629 1302.371 1303.112 1305.845 1309.982 1314.119 1318.256 1322.393 1329.234 1336.12 1343.007 1349.893 1356.499 1362.646 1368.794 1374.942 1381.09 1386.98 1392.797 1398.615 1404.432 1410.261 1416.149 1422.036 1427.923 1433.81 1439.238 1444.322 1449.405 1454.489 1459.573 1461.119 1462.55 1463.981 1465.412 1465.22 1462.211 1459.202 1456.193 1453.185 1449.39 1445.351 1441.311 1437.272 1433.487 1431.042 1428.597 1426.152 1423.707 1421.041
1273.977 1276.529 1279.441 1282.902 1286.364 1289.826 1293.288 1295.077 1296.428 1297.779 1299.13 1300.317 1300.805 1301.293 1301.781 1302.269 1304.751 1308.64 1312.528 1316.417 1320.306 1327.09 1333.924 1340.758 1347.592 1354.056 1359.918 1365.781 1371.643 1377.506 1383.095 1388.605 1394.116 1399.627 1405.184 1410.96 1416.737 1422.513 1428.289 1433.636 1438.662 1443.688 1448.713 1453.738 1455.528 1457.213 1458.897 1460.582 1460.561 1457.578 1454.596 1451.614 1448.631 1444.835 1440.785 1436.735 1432.685 1428.897 1426.489 1424.081 1421.673 1419.265 1416.756
1275.899 1278.193 1280.919 1284.308 1287.697 1291.085 1294.474 1296.196 1297.481 1298.766 1300.051 1301.181 1301.65 1302.118 1302.587 1303.055 1305.423 1309.13 1312.837 1316.544 1320.251 1326.789 1333.376 1339.963 1346.549 1352.782 1358.439 1364.096 1369.753 1375.41 1380.68 1385.839 1390.998 1396.158 1401.386 1406.939 1412.493 1418.046 1423.6 1428.785 1433.694 1438.603 1443.512 1448.421 1450.344 1452.17 1453.997 1455.823 1455.915 1452.996 1450.078 1447.159 1444.24 1440.496 1436.494 1432.492 1428.49 1424.708 1422.087 1419.466 1416.844 1414.223 1411.608
1279.341 1281.444 1283.931 1287.002 1290.074 1293.146 1296.218 1297.845 1299.093 1300.341 1301.589 1302.729 1303.409 1304.089 1304.768 1305.448 1307.835 1311.426 1315.016 1318.607 1322.198 1328.303 1334.452 1340.6 1346.748 1352.661 1358.191 1363.721 1369.252 1374.782 1379.716 1384.479 1389.241 1394.005 1398.847 1404.068 1409.289 1414.51 1419.73 1424.673 1429.408 1434.142 1438.877 1443.611 1445.56 1447.418 1449.276 1451.134 1451.283 1448.465 1445.646 1442.828 1440.01 1436.369 1432.473 1428.577 1424.68 1420.914 1417.833 1414.753 1411.672 1408.591 1405.607
1282.783 1284.696 1286.942 1289.697 1292.452 1295.207 1297.961 1299.493 1300.704 1301.915 1303.126 1304.277 1305.168 1306.059 1306.95 1307.841 1310.247 1313.721 1317.196 1320.671 1324.145 1329.818 1335.527 1341.237 1346.947 1352.54 1357.943 1363.347 1368.75 1374.154 1378.751 1383.118 1387.485 1391.851 1396.309 1401.197 1406.085 1410.973 1415.861 1420.561 1425.122 1429.682 1434.242 1438.802 1440.776 1442.666 1444.556 1446.445 1446.651 1443.933 1441.215 1438.497 1435.779 1432.243 1428.453 1424.662 1420.871 1417.12 1413.58 1410.04 1406.499 1402.959 1399.606
1286.225 1287.948 1289.954 1292.392 1294.829 1297.267 1299.705 1301.142 1302.316 1303.49 1304.664 1305.824 1306.927 1308.029 1309.131 1310.234 1312.659 1316.017 1319.376 1322.734 1326.093 1331.332 1336.603 1341.874 1347.146 1352.419 1357.695 1362.972 1368.249 1373.525 1377.786 1381.757 1385.728 1389.698 1393.771 1398.326 1402.881 1407.436 1411.991 1416.45 1420.835 1425.221 1429.607 1433.993 1435.992 1437.914 1439.835 1441.757 1442.019 1439.401 1436.784 1434.166 1431.549 1428.117 1424.432 1420.747 1417.062 1413.327 1409.327 1405.327 1401.327 1397.327 1393.606
1289.667 1291.2 1292.965 1295.086 1297.207 1299.328 1301.449 1302.79 1303.927 1305.064 1306.201 1307.372 1308.686 1309.999 1311.313 1312.627 1315.071 1318.313 1321.556 1324.798 1328.04 1332.846 1337.679 1342.511 1347.344 1352.297 1357.447 1362.597 1367.747 1372.897 1376.822 1380.396 1383.971 1387.545 1391.232 1395.455 1399.677 1403.899 1408.121 1412.338 1416.549 1420.761 1424.972 1429.184 1431.208 1433.161 1435.114 1437.068 1437.387 1434.87 1432.352 1429.835 1427.318 1423.991 1420.411 1416.832 1413.253 1409.533 1405.073 1400.614 1396.154 1391.694 1387.605
1290.929 1292.356 1293.93 1295.729 1297.528 1299.327 1301.126 1302.317 1303.348 1304.379 1305.41 1306.489 1307.777 1309.065 1310.354 1311.642 1314.213 1317.689 1321.166 1324.642 1328.118 1333.313 1338.536 1343.76 1348.983 1354.222 1359.487 1364.752 1370.017 1375.282 1378.894 1382.032 1385.171 1388.31 1391.54 1395.202 1398.865 1402.527 1406.189 1409.88 1413.591 1417.303 1421.014 1424.725 1426.526 1428.264 1430.002 1431.74 1432.004 1429.711 1427.418 1425.124 1422.831 1419.461 1415.755 1412.049 1408.343 1404.408 1399.267 1394.126 1388.985 1383.843 1379.287
