data/zism_data/00195_02_D.txt
ncols         224
nrows         224
[rows 112 to 139 of 224, columns 0 to 62 of 224]
1868.368 1854.571 1841.921 1829.271 1816.621 1806.383 1810.256 1814.129 1818.002 1821.875 1820.723 1815.882 1811.041 1806.2 1801.332 1792.702 1784.071 1775.441 1766.811 1758.826 1751.668 1744.51 1737.352 1730.194 1727.219 1724.878 1722.536 1720.194 1718.472 1718.203 1717.934 1717.664 1717.395 1721.404 1726.997 1732.59 1738.183 1744.631 1755.553 1766.476 1777.398 1788.32 1800.014 1812.242 1824.47 1836.698 1849.005 1864.865 1880.725 1896.585 1912.444 1926.54 1938.501 1950.462 1962.423 1974.384 1980.268 1985.349 1990.429 1995.51 1998.567 1997.202 1995.837
1853.018 1838.925 1825.902 1812.878 1799.854 1789.3 1793.189 1797.078 1800.967 1804.856 1803.627 1798.642 1793.657 1788.672 1783.661 1775.069 1766.477 1757.885 1749.293 1741.561 1734.932 1728.302 1721.673 1715.044 1712.841 1711.309 1709.776 1708.243 1707.484 1708.535 1709.586 1710.637 1711.689 1717.224 1724.418 1731.613 1738.807 1746.531 1757.021 1767.512 1778.002 1788.493 1799.731 1811.488 1823.244 1835.0 1846.853 1863.004 1879.155 1895.307 1911.458 1926.038 1938.714 1951.391 1964.068 1976.745 1982.434 1987.2 1991.965 1996.73 1999.264 1996.918 1994.572
1840.98 1826.298 1812.401 1798.503 1784.605 1773.147 1775.953 1778.759 1781.565 1784.371 1782.892 1778.266 1773.64 1769.014 1764.366 1756.653 1748.94 1741.227 1733.515 1726.995 1722.006 1717.017 1712.028 1707.039 1705.727 1704.972 1704.217 1703.461 1703.699 1706.262 1708.825 1711.387 1713.95 1720.982 1729.666 1738.351 1747.036 1755.716 1764.373 1773.03 1781.687 1790.344 1800.425 1811.489 1822.554 1833.619 1844.785 1860.47 1876.155 1891.84 1907.525 1922.211 1935.686 1949.162 1962.637 1976.113 1982.0 1986.883 1991.766 1996.649 1998.86 1995.228 1991.595
1828.943 1813.671 1798.9 1784.129 1769.357 1756.994 1758.717 1760.441 1762.164 1763.887 1762.156 1757.89 1753.623 1749.356 1745.071 1738.238 1731.404 1724.57 1717.737 1712.429 1709.08 1705.732 1702.383 1699.034 1698.613 1698.635 1698.657 1698.679 1699.914 1703.988 1708.063 1712.137 1716.212 1724.739 1734.914 1745.089 1755.264 1764.901 1771.724 1778.548 1785.372 1792.196 1801.118 1811.491 1821.865 1832.238 1842.717 1857.936 1873.154 1888.373 1903.592 1918.384 1932.658 1946.932 1961.206 1975.481 1981.565 1986.566 1991.567 1996.568 1998.456 1993.537 1988.618
1816.906 1801.044 1785.399 1769.754 1754.108 1740.841 1741.481 1742.122 1742.762 1743.403 1741.421 1737.513 1733.606 1729.698 1725.776 1719.821 1713.867 1707.912 1701.958 1697.863 1696.155 1694.446 1692.738 1691.03 1691.499 1692.298 1693.098 1693.897 1696.129 1701.715 1707.301 1712.887 1718.474 1728.497 1740.162 1751.827 1763.492 1774.086 1779.076 1784.067 1789.057 1794.047 1801.812 1811.493 1821.175 1830.857 1840.649 1855.401 1870.154 1884.906 1899.658 1914.556 1929.629 1944.703 1959.776 1974.849 1981.13 1986.249 1991.368 1996.487 1998.052 1991.847 1985.641
1804.868 1788.417 1771.898 1755.379 1738.86 1724.688 1724.246 1723.804 1723.361 1722.919 1720.686 1717.137 1713.589 1710.04 1706.481 1701.406 1696.33 1691.255 1686.18 1683.297 1683.229 1683.161 1683.093 1683.025 1684.385 1685.962 1687.538 1689.115 1692.344 1699.442 1706.539 1713.637 1720.735 1732.255 1745.41 1758.565 1771.721 1783.271 1786.428 1789.585 1792.742 1795.899 1802.505 1811.495 1820.485 1829.475 1838.582 1852.867 1867.153 1881.439 1895.725 1910.729 1926.601 1942.473 1958.345 1974.216 1980.695 1985.932 1991.169 1996.406 1997.649 1990.157 1982.664
1791.465 1775.39 1759.406 1743.421 1727.436 1713.556 1711.994 1710.432 1708.869 1707.307 1704.744 1701.448 1698.151 1694.855 1691.557 1688.004 1684.451 1680.898 1677.345 1675.833 1676.939 1678.045 1679.151 1680.257 1682.848 1685.663 1688.478 1691.294 1696.008 1705.167 1714.327 1723.486 1732.646 1745.123 1758.827 1772.531 1786.235 1798.255 1801.471 1804.687 1807.904 1811.12 1817.788 1826.842 1835.895 1844.949 1854.081 1866.693 1879.305 1891.918 1904.53 1918.289 1933.436 1948.582 1963.728 1978.874 1984.817 1989.542 1994.268 1998.994 1999.815 1992.099 1984.383
1777.857 1762.305 1747.065 1731.825 1716.585 1703.178 1700.49 1697.802 1695.114 1692.426 1689.523 1686.462 1683.401 1680.341 1677.288 1675.354 1673.42 1671.486 1669.552 1669.434 1671.644 1673.854 1676.065 1678.275 1682.147 1686.27 1690.393 1694.516 1700.789 1712.093 1723.396 1734.7 1746.004 1759.357 1773.469 1787.58 1801.691 1814.108 1817.668 1821.227 1824.786 1828.346 1835.258 1844.489 1853.72 1862.95 1872.215 1882.972 1893.73 1904.487 1915.245 1927.557 1941.749 1955.941 1970.133 1984.325 1989.621 1993.741 1997.861 2001.981 2002.366 1994.586 1986.806
1764.249 1749.219 1734.724 1720.23 1705.735 1692.8 1688.986 1685.172 1681.358 1677.544 1674.301 1671.476 1668.651 1665.826 1663.02 1662.705 1662.39 1662.075 1661.76 1663.034 1666.349 1669.664 1672.978 1676.293 1681.446 1686.877 1692.308 1697.74 1705.57 1719.018 1732.466 1745.914 1759.363 1773.592 1788.111 1802.63 1817.148 1829.962 1833.865 1837.767 1841.67 1845.572 1852.73 1862.137 1871.545 1880.953 1890.349 1899.252 1908.155 1917.057 1925.96 1936.825 1950.063 1963.301 1976.539 1989.776 1994.426 1997.941 2001.455 2004.969 2004.918 1997.074 1989.229
1750.641 1736.133 1722.384 1708.634 1694.884 1682.421 1677.482 1672.542 1667.603 1662.663 1659.079 1656.49 1653.901 1651.312 1648.752 1650.056 1651.359 1652.663 1653.967 1656.635 1661.054 1665.473 1669.892 1674.311 1680.745 1687.484 1694.223 1700.962 1710.351 1725.943 1741.536 1757.128 1772.72 1787.827 1802.753 1817.679 1832.605 1845.816 1850.062 1854.307 1858.553 1862.798 1870.2 1879.785 1889.369 1898.954 1908.483 1915.531 1922.579 1929.627 1936.675 1946.093 1958.377 1970.66 1982.944 1995.228 1999.231 2002.139 2005.048 2007.956 2007.47 1999.561 1991.652
1736.606 1722.691 1709.667 1696.643 1683.618 1671.678 1666.077 1660.477 1654.876 1649.275 1645.676 1643.546 1641.417 1639.287 1637.193 1639.951 1642.71 1645.468 1648.226 1652.217 1657.788 1663.359 1668.931 1674.502 1682.564 1691.002 1699.44 1707.879 1718.897 1735.954 1753.012 1770.07 1787.127 1802.714 1817.756 1832.798 1847.841 1861.249 1866.118 1870.988 1875.857 1880.726 1888.329 1897.822 1907.316 1916.809 1926.219 1931.904 1937.589 1943.273 1948.958 1957.171 1968.442 1979.712 1990.983 2002.253 2005.6 2007.899 2010.198 2012.498 2011.532 2003.428 1995.325
1721.717 1708.534 1696.196 1683.858 1671.52 1660.205 1654.872 1649.539 1644.207 1638.874 1635.911 1634.687 1633.463 1632.24 1631.053 1634.937 1638.821 1642.705 1646.589 1651.759 1658.58 1665.4 1672.221 1679.041 1689.422 1700.343 1711.263 1722.184 1734.973 1752.138 1769.302 1786.467 1803.632 1818.907 1833.483 1848.059 1862.635 1875.842 1881.896 1887.95 1894.004 1900.058 1907.774 1916.64 1925.507 1934.373 1943.161 1948.465 1953.769 1959.073 1964.377 1971.87 1982.01 1992.149 2002.289 2012.428 2015.098 2016.781 2018.464 2020.146 2018.615 2010.056 2001.496
1706.829 1694.377 1682.726 1671.074 1659.422 1648.732 1643.667 1638.603 1633.538 1628.473 1626.146 1625.828 1625.51 1625.192 1624.913 1629.923 1634.933 1639.943 1644.952 1651.302 1659.371 1667.441 1675.51 1683.58 1696.281 1709.683 1723.085 1736.488 1751.048 1768.32 1785.592 1802.864 1820.136 1835.1 1849.209 1863.319 1877.428 1890.435 1897.673 1904.912 1912.15 1919.389 1927.219 1935.458 1943.697 1951.936 1960.102 1965.026 1969.949 1974.873 1979.796 1986.569 1995.577 2004.586 2013.594 2022.603 2024.596 2025.662 2026.729 2027.795 2025.697 2016.682 2007.668
1691.94 1680.22 1669.255 1658.289 1647.324 1637.259 1632.462 1627.665 1622.869 1618.072 1616.381 1616.969 1617.557 1618.145 1618.773 1624.909 1631.045 1637.18 1643.315 1650.845 1660.163 1669.482 1678.8 1688.118 1703.14 1719.024 1734.908 1750.793 1767.124 1784.503 1801.882 1819.262 1836.641 1851.293 1864.936 1878.579 1892.223 1905.028 1913.451 1921.874 1930.297 1938.72 1946.664 1954.276 1961.887 1969.499 1977.044 1981.587 1986.13 1990.673 1995.216 2001.268 2009.145 2017.023 2024.9 2032.777 2034.094 2034.544 2034.994 2035.444 2032.78 2023.31 2013.839
1677.052 1666.064 1655.785 1645.505 1635.226 1625.786 1621.257 1616.729 1612.2 1607.671 1606.616 1608.11 1609.604 1611.098 1612.634 1619.895 1627.156 1634.417 1641.678 1650.388 1660.955 1671.522 1682.09 1692.657 1709.998 1728.364 1746.73 1765.097 1783.199 1800.686 1818.172 1835.659 1853.145 1867.486 1880.663 1893.839 1907.016 1919.62 1929.228 1938.836 1948.444 1958.052 1966.109 1973.093 1980.078 1987.062 1993.985 1998.147 2002.31 2006.472 2010.635 2015.967 2022.713 2029.459 2036.206 2042.952 2043.593 2043.426 2043.259 2043.092 2039.863 2029.937 2020.01
1661.383 1651.475 1642.425 1633.374 1624.323 1616.121 1612.882 1609.642 1606.403 1603.164 1603.484 1606.418 1609.352 1612.286 1615.259 1623.471 1631.683 1639.894 1648.106 1657.767 1669.289 1680.81 1692.332 1703.854 1721.694 1740.491 1759.288 1778.086 1796.378 1813.489 1830.6 1847.71 1864.821 1878.998 1892.088 1905.179 1918.27 1930.807 1940.45 1950.094 1959.737 1969.38 1977.292 1984.009 1990.725 1997.441 2004.111 2008.696 2013.281 2017.866 2022.451 2027.718 2033.807 2039.896 2045.986 2052.076 2052.472 2052.116 2051.761 2051.405 2047.993 2037.902 2027.811
1645.516 1636.777 1629.093 1621.41 1613.726 1606.917 1605.227 1603.537 1601.847 1600.156 1602.042 1606.552 1611.062 1615.572 1620.115 1629.233 1638.351 1647.469 1656.586 1667.142 1679.542 1691.943 1704.344 1716.744 1734.622 1753.327 1772.033 1790.74 1808.819 1825.431 1842.043 1858.655 1875.268 1889.317 1902.419 1915.52 1928.622 1941.127 1950.512 1959.899 1969.284 1978.67 1986.373 1992.912 1999.452 2005.991 2012.502 2017.714 2022.926 2028.138 2033.351 2038.718 2044.271 2049.824 2055.378 2060.931 2061.195 2060.758 2060.322 2059.886 2056.391 2046.208 2036.026
1629.649 1622.078 1615.761 1609.445 1603.128 1597.713 1597.572 1597.431 1597.29 1597.149 1600.599 1606.685 1612.771 1618.857 1624.972 1634.995 1645.019 1655.043 1665.066 1676.516 1689.796 1703.076 1716.356 1729.635 1747.549 1766.164 1784.778 1803.394 1821.26 1837.374 1853.487 1869.601 1885.715 1899.637 1912.75 1925.862 1938.974 1951.447 1960.575 1969.704 1978.832 1987.961 1995.454 2001.816 2008.179 2014.542 2020.893 2026.732 2032.572 2038.411 2044.25 2049.718 2054.735 2059.753 2064.77 2069.788 2069.917 2069.401 2068.884 2068.367 2064.788 2054.515 2044.241
1613.782 1607.38 1602.43 1597.48 1592.531 1588.509 1589.917 1591.325 1592.734 1594.142 1599.156 1606.818 1614.48 1622.142 1629.828 1640.758 1651.688 1662.617 1673.547 1685.89 1700.049 1714.208 1728.367 1742.526 1760.476 1779.0 1797.523 1816.047 1833.7 1849.316 1864.931 1880.546 1896.161 1909.957 1923.08 1936.203 1949.326 1961.766 1970.637 1979.509 1988.38 1997.251 2004.535 2010.72 2016.906 2023.091 2029.283 2035.75 2042.217 2048.683 2055.15 2060.718 2065.199 2069.681 2074.162 2078.644 2078.64 2078.042 2077.445 2076.848 2073.186 2062.821 2052.456
1598.166 1593.075 1589.722 1586.368 1583.015 1580.596 1583.643 1586.69 1589.737 1592.784 1599.347 1608.493 1617.639 1626.784 1635.948 1647.604 1659.259 1670.914 1682.569 1695.557 1710.255 1724.954 1739.652 1754.35 1772.062 1790.23 1808.398 1826.567 1843.764 1858.686 1873.608 1888.531 1903.453 1916.933 1929.879 1942.825 1955.771 1968.002 1976.49 1984.978 1993.466 2001.954 2009.104 2015.33 2021.555 2027.781 2034.032 2041.425 2048.818 2056.211 2063.604 2069.512 2073.622 2077.733 2081.843 2085.953 2085.848 2085.186 2084.524 2083.862 2080.155 2069.792 2059.428
1583.263 1579.887 1578.78 1577.673 1576.566 1576.341 1581.28 1586.219 1591.158 1596.098 1604.167 1614.535 1624.903 1635.271 1645.649 1657.519 1669.389 1681.258 1693.128 1706.051 1720.326 1734.6 1748.875 1763.15 1779.847 1796.911 1813.975 1831.039 1847.09 1860.769 1874.447 1888.126 1901.805 1914.432 1926.671 1938.91 1951.148 1962.666 1970.414 1978.163 1985.911 1993.659 2000.894 2007.773 2014.653 2021.532 2028.462 2037.629 2046.797 2055.964 2065.131 2072.054 2076.261 2080.468 2084.675 2088.881 2088.769 2088.085 2087.402 2086.718 2083.079 2072.978 2062.877
1568.36 1566.699 1567.838 1568.977 1570.116 1572.086 1578.917 1585.749 1592.58 1599.411 1608.987 1620.577 1632.167 1643.757 1655.351 1667.435 1679.519 1691.603 1703.687 1716.545 1730.396 1744.248 1758.099 1771.95 1787.633 1803.592 1819.552 1835.512 1850.417 1862.852 1875.286 1887.721 1900.156 1911.932 1923.463 1934.994 1946.525 1957.33 1964.338 1971.347 1978.355 1985.364 1992.683 2000.216 2007.75 2015.283 2022.891 2033.833 2044.775 2055.717 2066.658 2074.596 2078.899 2083.203 2087.506 2091.809 2091.689 2090.984 2090.279 2089.574 2086.003 2076.165 2066.327
1553.458 1553.512 1556.897 1560.281 1563.667 1567.831 1576.554 1585.278 1594.002 1602.725 1613.807 1626.619 1639.431 1652.243 1665.052 1677.35 1689.649 1701.948 1714.246 1727.039 1740.467 1753.895 1767.322 1780.75 1795.418 1810.273 1825.128 1839.984 1853.743 1864.934 1876.126 1887.317 1898.508 1909.431 1920.255 1931.078 1941.901 1951.994 1958.262 1964.531 1970.8 1977.069 1984.472 1992.66 2000.847 2009.035 2017.321 2030.037 2042.753 2055.469 2068.185 2077.138 2081.538 2085.938 2090.338 2094.738 2094.61 2093.883 2093.157 2092.43 2088.927 2079.351 2069.776
1538.555 1540.324 1545.955 1551.586 1557.217 1563.576 1574.192 1584.807 1595.423 1606.039 1618.627 1632.661 1646.696 1660.73 1674.753 1687.266 1699.779 1712.292 1724.805 1737.533 1750.537 1763.542 1776.546 1789.55 1803.203 1816.954 1830.705 1844.457 1857.069 1867.017 1876.965 1886.912 1896.86 1906.93 1917.046 1927.162 1937.278 1946.657 1952.187 1957.716 1963.245 1968.774 1976.261 1985.103 1993.944 2002.786 2011.751 2026.241 2040.732 2055.222 2069.712 2079.68 2084.177 2088.673 2093.169 2097.666 2097.53 2096.782 2096.034 2095.286 2091.85 2082.538 2073.225
1532.136 1535.7 1543.193 1550.685 1558.178 1566.313 1578.203 1590.094 1601.984 1613.875 1626.85 1640.623 1654.396 1668.169 1681.926 1693.515 1705.104 1716.693 1728.282 1739.974 1751.797 1763.621 1775.444 1787.268 1799.961 1812.787 1825.612 1838.438 1850.134 1859.183 1868.233 1877.283 1886.333 1895.618 1904.992 1914.365 1923.739 1932.594 1938.743 1944.892 1951.041 1957.19 1965.818 1976.16 1986.502 1996.845 2007.304 2022.982 2038.66 2054.338 2070.016 2080.636 2085.135 2089.635 2094.135 2098.634 2098.374 2097.484 2096.594 2095.704 2092.251 2083.193 2074.135
1528.942 1534.331 1543.539 1552.746 1561.955 1571.706 1584.636 1597.567 1610.497 1623.428 1636.368 1649.315 1662.262 1675.21 1688.137 1698.37 1708.603 1718.836 1729.069 1739.355 1749.71 1760.065 1770.419 1780.774 1792.53 1804.498 1816.465 1828.434 1839.299 1847.582 1855.865 1864.148 1872.431 1880.958 1889.576 1898.194 1906.811 1915.215 1922.5 1929.785 1937.071 1944.356 1954.526 1966.691 1978.856 1991.021 2003.283 2019.927 2036.569 2053.212 2069.855 2080.989 2085.456 2089.924 2094.391 2098.858 2098.429 2097.351 2096.274 2095.196 2091.693 2082.888 2074.082
1525.747 1532.961 1543.885 1554.808 1565.732 1577.1 1591.07 1605.04 1619.011 1632.981 1645.885 1658.007 1670.129 1682.251 1694.349 1703.226 1712.103 1720.979 1729.856 1738.737 1747.622 1756.508 1765.394 1774.28 1785.098 1796.208 1807.318 1818.428 1828.463 1835.98 1843.496 1851.013 1858.529 1866.298 1874.16 1882.021 1889.883 1897.835 1906.256 1914.678 1923.1 1931.521 1943.234 1957.221 1971.209 1985.196 1999.263 2016.871 2034.479 2052.087 2069.695 2081.342 2085.777 2090.212 2094.647 2099.083 2098.483 2097.218 2095.953 2094.688 2091.135 2082.582 2074.028
1522.552 1531.592 1544.231 1556.869 1569.508 1582.493 1597.503 1612.514 1627.524 1642.534 1655.403 1666.699 1677.996 1689.292 1700.561 1708.081 1715.602 1723.122 1730.643 1738.118 1745.535 1752.952 1760.369 1767.786 1777.666 1787.918 1798.171 1808.424 1817.628 1824.378 1831.128 1837.878 1844.628 1851.638 1858.744 1865.85 1872.956 1880.455 1890.013 1899.572 1909.13 1918.688 1931.942 1947.752 1963.562 1979.372 1995.243 2013.816 2032.388 2050.961 2069.534 2081.695 2086.098 2090.501 2094.904 2099.307 2098.538 2097.085 2095.633 2094.18 2090.578 2082.276 2073.974
