data/zism_data/00191_04_D.txt
ncols         224
nrows         224
[rows 168 to 195 of 224, columns 126 to 188 of 224]
4648.0 4648.0 4648.0 4648.0 4648.0 4648.0 4648.0 4648.0 4648.0 4648.0 4648.0 4648.0 4647.935 4647.833 4647.731 4647.629 4647.527 4647.41 4647.293 4647.176 4647.059 4647.0 4647.0 4647.0 4647.0 4647.0 4646.797 4646.578 4646.359 4646.141 4645.974 4645.901 4645.828 4645.755 4645.682 4645.552 4645.406 4645.26 4645.114 4644.968 4644.822 4644.676 4644.53 4644.385 4644.286 4644.213 4644.14 4644.067 4643.982 4643.764 4643.545 4643.326 4643.107 4643.0 4643.0 4643.0 4643.0 4643.0 4642.794 4642.575 4642.356 4642.137 4641.918
4648.0 4648.0 4648.0 4648.0 4648.0 4648.0 4648.0 4648.0 4648.0 4648.0 4648.0 4648.0 4647.962 4647.903 4647.844 4647.786 4647.72 4647.56 4647.4 4647.24 4647.081 4647.0 4647.0 4647.0 4647.0 4647.0 4646.797 4646.578 4646.359 4646.141 4645.974 4645.901 4645.828 4645.755 4645.682 4645.552 4645.406 4645.26 4645.114 4644.968 4644.822 4644.676 4644.53 4644.385 4644.286 4644.213 4644.14 4644.067 4643.982 4643.764 4643.545 4643.326 4643.107 4643.0 4643.0 4643.0 4643.0 4643.0 4642.794 4642.575 4642.356 4642.137 4641.918
4648.0 4648.0 4648.0 4648.0 4648.0 4648.0 4648.0 4648.0 4648.0 4648.0 4648.0 4648.0 4647.99 4647.974 4647.958 4647.941 4647.913 4647.71 4647.507 4647.305 4647.102 4647.0 4647.0 4647.0 4647.0 4647.0 4646.797 4646.578 4646.359 4646.141 4645.974 4645.901 4645.828 4645.755 4645.682 4645.552 4645.406 4645.26 4645.114 4644.968 4644.822 4644.676 4644.53 4644.385 4644.286 4644.213 4644.14 4644.067 4643.982 4643.764 4643.545 4643.326 4643.107 4643.0 4643.0 4643.0 4643.0 4643.0 4642.794 4642.575 4642.356 4642.137 4641.918
4648.092 4648.092 4648.092 4648.092 4648.092 4648.092 4648.092 4648.087 4648.067 4648.047 4648.027 4648.007 4648.0 4648.0 4648.0 4648.0 4647.987 4647.788 4647.589 4647.391 4647.192 4647.082 4647.062 4647.042 4647.021 4647.001 4646.819 4646.624 4646.428 4646.232 4646.076 4645.99 4645.903 4645.817 4645.73 4645.605 4645.469 4645.333 4645.198 4645.06 4644.914 4644.768 4644.622 4644.476 4644.365 4644.271 4644.179 4644.085 4643.984 4643.785 4643.586 4643.388 4643.189 4643.082 4643.062 4643.041 4643.021 4643.001 4642.807 4642.601 4642.396 4642.19 4641.982
4648.238 4648.238 4648.238 4648.238 4648.238 4648.238 4648.238 4648.228 4648.176 4648.124 4648.071 4648.019 4648.0 4648.0 4648.0 4648.0 4647.989 4647.822 4647.656 4647.489 4647.322 4647.212 4647.16 4647.108 4647.056 4647.004 4646.854 4646.696 4646.538 4646.38 4646.24 4646.132 4646.024 4645.917 4645.809 4645.691 4645.572 4645.452 4645.332 4645.207 4645.061 4644.915 4644.769 4644.623 4644.491 4644.366 4644.24 4644.115 4643.987 4643.82 4643.653 4643.487 4643.32 4643.212 4643.16 4643.107 4643.055 4643.003 4642.827 4642.643 4642.458 4642.274 4642.084
4648.385 4648.385 4648.385 4648.385 4648.385 4648.385 4648.385 4648.368 4648.284 4648.2 4648.115 4648.031 4648.0 4648.0 4648.0 4648.0 4647.991 4647.856 4647.722 4647.588 4647.453 4647.344 4647.259 4647.175 4647.09 4647.006 4646.888 4646.768 4646.647 4646.527 4646.404 4646.274 4646.145 4646.016 4645.887 4645.778 4645.674 4645.57 4645.466 4645.354 4645.208 4645.062 4644.916 4644.77 4644.617 4644.459 4644.302 4644.145 4643.989 4643.854 4643.72 4643.586 4643.451 4643.342 4643.258 4643.174 4643.089 4643.005 4642.847 4642.684 4642.521 4642.359 4642.186
4648.532 4648.532 4648.532 4648.532 4648.532 4648.532 4648.532 4648.508 4648.392 4648.275 4648.159 4648.042 4648.0 4648.0 4648.0 4648.0 4647.993 4647.891 4647.789 4647.686 4647.584 4647.475 4647.358 4647.242 4647.125 4647.008 4646.923 4646.84 4646.757 4646.674 4646.567 4646.417 4646.266 4646.115 4645.965 4645.864 4645.776 4645.688 4645.601 4645.5 4645.354 4645.208 4645.063 4644.917 4644.743 4644.553 4644.364 4644.174 4643.992 4643.89 4643.787 4643.685 4643.583 4643.473 4643.356 4643.24 4643.124 4643.007 4642.867 4642.726 4642.584 4642.443 4642.288
4648.673 4648.673 4648.673 4648.673 4648.673 4648.673 4648.673 4648.644 4648.5 4648.357 4648.214 4648.071 4648.018 4648.016 4648.014 4648.012 4648.006 4647.932 4647.858 4647.784 4647.71 4647.601 4647.455 4647.309 4647.163 4647.017 4646.961 4646.912 4646.863 4646.813 4646.721 4646.551 4646.381 4646.21 4646.041 4645.947 4645.875 4645.802 4645.729 4645.641 4645.494 4645.347 4645.2 4645.054 4644.862 4644.646 4644.43 4644.213 4644.009 4643.934 4643.859 4643.784 4643.709 4643.599 4643.454 4643.309 4643.164 4643.019 4642.897 4642.776 4642.656 4642.535 4642.396
4648.747 4648.747 4648.747 4648.747 4648.747 4648.747 4648.747 4648.724 4648.613 4648.502 4648.391 4648.28 4648.225 4648.202 4648.178 4648.155 4648.127 4648.043 4647.958 4647.874 4647.789 4647.674 4647.528 4647.382 4647.236 4647.09 4647.029 4646.975 4646.92 4646.866 4646.77 4646.6 4646.43 4646.259 4646.089 4646.0 4645.933 4645.866 4645.799 4645.712 4645.554 4645.397 4645.239 4645.082 4644.907 4644.723 4644.54 4644.355 4644.179 4644.083 4643.986 4643.89 4643.793 4643.678 4643.543 4643.409 4643.275 4643.141 4643.03 4642.919 4642.81 4642.7 4642.565
4648.82 4648.82 4648.82 4648.82 4648.82 4648.82 4648.82 4648.804 4648.725 4648.646 4648.567 4648.489 4648.432 4648.387 4648.342 4648.297 4648.25 4648.154 4648.059 4647.963 4647.868 4647.748 4647.602 4647.456 4647.31 4647.164 4647.098 4647.038 4646.979 4646.918 4646.819 4646.649 4646.479 4646.309 4646.138 4646.054 4645.992 4645.93 4645.868 4645.783 4645.615 4645.447 4645.278 4645.11 4644.953 4644.801 4644.649 4644.498 4644.349 4644.23 4644.113 4643.995 4643.877 4643.757 4643.633 4643.51 4643.386 4643.263 4643.162 4643.063 4642.964 4642.864 4642.735
4648.894 4648.894 4648.894 4648.894 4648.894 4648.894 4648.894 4648.884 4648.837 4648.791 4648.744 4648.698 4648.639 4648.572 4648.506 4648.44 4648.371 4648.265 4648.159 4648.053 4647.947 4647.821 4647.675 4647.529 4647.383 4647.238 4647.167 4647.101 4647.036 4646.971 4646.868 4646.698 4646.528 4646.357 4646.187 4646.107 4646.05 4645.994 4645.938 4645.854 4645.675 4645.497 4645.317 4645.139 4644.998 4644.878 4644.759 4644.639 4644.518 4644.379 4644.24 4644.101 4643.961 4643.836 4643.723 4643.61 4643.498 4643.385 4643.295 4643.206 4643.118 4643.029 4642.904
4648.967 4648.967 4648.967 4648.967 4648.967 4648.967 4648.967 4648.964 4648.95 4648.935 4648.921 4648.906 4648.845 4648.758 4648.67 4648.583 4648.493 4648.376 4648.259 4648.143 4648.026 4647.895 4647.749 4647.603 4647.457 4647.311 4647.235 4647.165 4647.094 4647.023 4646.917 4646.747 4646.577 4646.406 4646.236 4646.16 4646.109 4646.058 4646.007 4645.925 4645.736 4645.546 4645.356 4645.167 4645.043 4644.956 4644.869 4644.781 4644.688 4644.527 4644.367 4644.206 4644.045 4643.915 4643.813 4643.711 4643.609 4643.506 4643.427 4643.35 4643.272 4643.194 4643.074
4649.0 4649.0 4649.0 4649.0 4649.0 4649.0 4649.0 4649.0 4649.0 4649.0 4649.0 4649.0 4648.946 4648.86 4648.775 4648.689 4648.602 4648.486 4648.371 4648.255 4648.139 4648.008 4647.863 4647.717 4647.571 4647.425 4647.338 4647.257 4647.175 4647.093 4646.984 4646.825 4646.667 4646.509 4646.35 4646.283 4646.24 4646.197 4646.155 4646.078 4645.881 4645.683 4645.486 4645.289 4645.16 4645.07 4644.979 4644.888 4644.793 4644.643 4644.494 4644.344 4644.194 4644.069 4643.965 4643.862 4643.759 4643.656 4643.582 4643.508 4643.436 4643.362 4643.243
4649.0 4649.0 4649.0 4649.0 4649.0 4649.0 4649.0 4649.0 4649.0 4649.0 4649.0 4649.0 4648.959 4648.896 4648.832 4648.768 4648.701 4648.596 4648.491 4648.386 4648.281 4648.155 4648.01 4647.864 4647.718 4647.572 4647.471 4647.373 4647.275 4647.177 4647.065 4646.928 4646.791 4646.654 4646.517 4646.463 4646.431 4646.399 4646.367 4646.297 4646.095 4645.892 4645.689 4645.486 4645.335 4645.212 4645.09 4644.967 4644.845 4644.733 4644.621 4644.509 4644.396 4644.284 4644.17 4644.056 4643.942 4643.828 4643.753 4643.68 4643.607 4643.534 4643.413
4649.0 4649.0 4649.0 4649.0 4649.0 4649.0 4649.0 4649.0 4649.0 4649.0 4649.0 4649.0 4648.973 4648.93 4648.888 4648.845 4648.799 4648.705 4648.611 4648.517 4648.422 4648.302 4648.157 4648.011 4647.865 4647.719 4647.603 4647.489 4647.375 4647.261 4647.146 4647.031 4646.915 4646.799 4646.684 4646.643 4646.622 4646.6 4646.579 4646.517 4646.309 4646.1 4645.892 4645.684 4645.51 4645.355 4645.2 4645.045 4644.897 4644.822 4644.748 4644.673 4644.599 4644.499 4644.374 4644.25 4644.125 4644.0 4643.924 4643.852 4643.778 4643.706 4643.582
4649.0 4649.0 4649.0 4649.0 4649.0 4649.0 4649.0 4649.0 4649.0 4649.0 4649.0 4649.0 4648.987 4648.965 4648.944 4648.923 4648.898 4648.814 4648.731 4648.647 4648.564 4648.449 4648.303 4648.158 4648.012 4647.866 4647.735 4647.604 4647.475 4647.345 4647.228 4647.133 4647.039 4646.945 4646.851 4646.823 4646.812 4646.802 4646.791 4646.736 4646.522 4646.309 4646.095 4645.882 4645.686 4645.498 4645.311 4645.124 4644.949 4644.912 4644.875 4644.838 4644.801 4644.713 4644.578 4644.443 4644.308 4644.172 4644.096 4644.023 4643.95 4643.877 4643.751
4649.0 4649.001 4649.001 4649.002 4649.002 4649.002 4649.003 4649.003 4649.004 4649.005 4649.006 4649.007 4649.007 4649.006 4649.005 4649.004 4648.999 4648.925 4648.852 4648.778 4648.705 4648.595 4648.45 4648.304 4648.158 4648.013 4647.867 4647.721 4647.575 4647.429 4647.31 4647.236 4647.164 4647.09 4647.018 4647.002 4647.001 4647.001 4647.0 4646.952 4646.734 4646.516 4646.297 4646.079 4645.86 4645.642 4645.423 4645.204 4645.003 4645.003 4645.003 4645.002 4645.002 4644.928 4644.782 4644.637 4644.492 4644.346 4644.269 4644.195 4644.122 4644.049 4643.921
4649.051 4649.073 4649.094 4649.121 4649.147 4649.175 4649.202 4649.237 4649.302 4649.368 4649.433 4649.498 4649.487 4649.433 4649.378 4649.324 4649.266 4649.149 4649.033 4648.916 4648.8 4648.677 4648.547 4648.417 4648.288 4648.159 4648.014 4647.868 4647.722 4647.576 4647.457 4647.383 4647.311 4647.237 4647.165 4647.124 4647.091 4647.058 4647.025 4646.96 4646.78 4646.599 4646.418 4646.237 4646.039 4645.831 4645.623 4645.415 4645.222 4645.206 4645.189 4645.173 4645.157 4645.091 4644.978 4644.865 4644.751 4644.638 4644.542 4644.448 4644.353 4644.258 4644.131
4649.101 4649.145 4649.188 4649.239 4649.293 4649.347 4649.401 4649.471 4649.6 4649.73 4649.859 4649.989 4649.968 4649.86 4649.751 4649.644 4649.532 4649.373 4649.213 4649.054 4648.895 4648.758 4648.645 4648.531 4648.418 4648.304 4648.161 4648.015 4647.869 4647.723 4647.604 4647.53 4647.458 4647.384 4647.312 4647.245 4647.18 4647.115 4647.051 4646.969 4646.825 4646.682 4646.539 4646.396 4646.217 4646.02 4645.823 4645.625 4645.441 4645.409 4645.376 4645.344 4645.312 4645.254 4645.173 4645.092 4645.011 4644.93 4644.816 4644.7 4644.584 4644.468 4644.341
4649.151 4649.216 4649.281 4649.358 4649.438 4649.52 4649.6 4649.704 4649.898 4650.092 4650.286 4650.48 4650.448 4650.287 4650.125 4649.963 4649.799 4649.597 4649.395 4649.192 4648.99 4648.84 4648.742 4648.645 4648.547 4648.45 4648.308 4648.162 4648.016 4647.87 4647.75 4647.677 4647.604 4647.531 4647.458 4647.367 4647.27 4647.173 4647.076 4646.977 4646.871 4646.766 4646.66 4646.554 4646.396 4646.209 4646.022 4645.836 4645.661 4645.612 4645.563 4645.515 4645.467 4645.418 4645.369 4645.32 4645.271 4645.222 4645.09 4644.952 4644.814 4644.677 4644.551
4649.202 4649.288 4649.374 4649.477 4649.584 4649.692 4649.799 4649.938 4650.196 4650.454 4650.712 4650.971 4650.928 4650.713 4650.498 4650.283 4650.065 4649.82 4649.575 4649.33 4649.085 4648.921 4648.84 4648.758 4648.677 4648.596 4648.455 4648.309 4648.163 4648.017 4647.897 4647.824 4647.751 4647.678 4647.605 4647.488 4647.359 4647.23 4647.101 4646.985 4646.917 4646.849 4646.78 4646.712 4646.574 4646.398 4646.223 4646.047 4645.88 4645.815 4645.75 4645.686 4645.622 4645.581 4645.564 4645.548 4645.531 4645.514 4645.363 4645.205 4645.045 4644.886 4644.761
4649.306 4649.437 4649.567 4649.719 4649.876 4650.034 4650.191 4650.377 4650.677 4650.977 4651.276 4651.576 4651.54 4651.313 4651.084 4650.857 4650.625 4650.332 4650.039 4649.745 4649.452 4649.247 4649.13 4649.014 4648.897 4648.78 4648.627 4648.471 4648.315 4648.159 4648.033 4647.959 4647.887 4647.813 4647.741 4647.618 4647.482 4647.347 4647.211 4647.093 4647.034 4646.975 4646.916 4646.857 4646.732 4646.573 4646.413 4646.252 4646.099 4646.018 4645.938 4645.857 4645.776 4645.737 4645.737 4645.737 4645.737 4645.737 4645.593 4645.441 4645.289 4645.137 4645.025
4649.469 4649.669 4649.87 4650.095 4650.328 4650.56 4650.792 4651.042 4651.358 4651.673 4651.989 4652.305 4652.295 4652.1 4651.904 4651.708 4651.503 4651.156 4650.81 4650.463 4650.116 4649.838 4649.631 4649.423 4649.215 4649.007 4648.828 4648.65 4648.473 4648.295 4648.155 4648.082 4648.009 4647.936 4647.863 4647.758 4647.644 4647.529 4647.415 4647.308 4647.228 4647.147 4647.067 4646.987 4646.869 4646.73 4646.592 4646.453 4646.318 4646.221 4646.125 4646.028 4645.931 4645.884 4645.884 4645.884 4645.884 4645.884 4645.776 4645.661 4645.546 4645.432 4645.347
4649.633 4649.903 4650.172 4650.472 4650.779 4651.087 4651.395 4651.707 4652.039 4652.37 4652.702 4653.033 4653.051 4652.887 4652.724 4652.56 4652.381 4651.981 4651.581 4651.18 4650.78 4650.43 4650.131 4649.833 4649.534 4649.235 4649.028 4648.83 4648.63 4648.431 4648.277 4648.205 4648.131 4648.059 4647.985 4647.897 4647.804 4647.711 4647.619 4647.524 4647.422 4647.32 4647.219 4647.117 4647.005 4646.888 4646.771 4646.654 4646.537 4646.424 4646.312 4646.199 4646.086 4646.031 4646.031 4646.031 4646.031 4646.031 4645.958 4645.881 4645.804 4645.727 4645.67
4649.796 4650.136 4650.475 4650.848 4651.231 4651.613 4651.996 4652.372 4652.719 4653.067 4653.415 4653.762 4653.806 4653.674 4653.543 4653.412 4653.259 4652.806 4652.352 4651.898 4651.444 4651.022 4650.632 4650.242 4649.852 4649.462 4649.229 4649.008 4648.788 4648.568 4648.4 4648.327 4648.254 4648.181 4648.108 4648.036 4647.965 4647.894 4647.822 4647.74 4647.617 4647.494 4647.37 4647.247 4647.142 4647.046 4646.95 4646.855 4646.756 4646.627 4646.499 4646.37 4646.241 4646.178 4646.178 4646.178 4646.178 4646.178 4646.141 4646.101 4646.061 4646.021 4645.992
4649.959 4650.369 4650.778 4651.225 4651.682 4652.14 4652.598 4653.036 4653.4 4653.764 4654.127 4654.491 4654.561 4654.462 4654.363 4654.264 4654.138 4653.63 4653.123 4652.615 4652.108 4651.613 4651.132 4650.651 4650.17 4649.689 4649.43 4649.188 4648.946 4648.704 4648.522 4648.45 4648.376 4648.304 4648.23 4648.176 4648.126 4648.076 4648.026 4647.956 4647.811 4647.667 4647.521 4647.377 4647.278 4647.204 4647.13 4647.056 4646.976 4646.831 4646.686 4646.541 4646.396 4646.325 4646.325 4646.325 4646.325 4646.325 4646.323 4646.321 4646.318 4646.316 4646.315
4650.224 4650.657 4651.091 4651.589 4652.107 4652.625 4653.142 4653.634 4654.029 4654.424 4654.819 4655.214 4655.339 4655.307 4655.275 4655.244 4655.183 4654.703 4654.222 4653.742 4653.262 4652.731 4652.148 4651.566 4650.983 4650.401 4650.068 4649.754 4649.44 4649.126 4648.882 4648.764 4648.646 4648.527 4648.409 4648.317 4648.233 4648.149 4648.065 4647.975 4647.859 4647.744 4647.628 4647.512 4647.435 4647.376 4647.319 4647.261 4647.195 4647.034 4646.873 4646.712 4646.551 4646.472 4646.472 4646.472 4646.472 4646.472 4646.472 4646.472 4646.472 4646.472 4646.472
4650.494 4650.949 4651.404 4651.954 4652.53 4653.106 4653.683 4654.229 4654.656 4655.083 4655.511 4655.938 4656.118 4656.156 4656.194 4656.232 4656.238 4655.79 4655.342 4654.894 4654.446 4653.88 4653.196 4652.512 4651.828 4651.144 4650.733 4650.344 4649.956 4649.566 4649.257 4649.09 4648.924 4648.757 4648.59 4648.459 4648.338 4648.216 4648.095 4647.982 4647.898 4647.815 4647.731 4647.648 4647.592 4647.55 4647.508 4647.466 4647.414 4647.237 4647.06 4646.882 4646.706 4646.619 4646.619 4646.619 4646.619 4646.619 4646.619 4646.619 4646.619 4646.619 4646.619
