data/zism_data/00192_04_D.txt
ncols         224
nrows         224
[rows 56 to 83 of 224, columns 64 to 127 of 224]
1801.359 1801.224 1801.088 1800.961 1800.85 1800.739 1800.628 1800.517 1799.831 1799.005 1798.18 1797.354 1795.813 1792.246 1788.68 1785.113 1781.546 1778.585 1775.863 1773.14 1770.418 1768.121 1767.846 1767.572 1767.297 1767.022 1765.189 1762.443 1759.696 1756.95 1753.907 1747.752 1741.597 1735.441 1729.286 1723.913 1719.198 1714.482 1709.766 1705.05 1704.153 1703.256 1702.359 1701.462 1702.943 1707.255 1711.567 1715.879 1720.19 1729.093 1738.432 1747.771 1757.111 1765.365 1771.768 1778.172 1784.576 1790.979 1793.499 1795.202 1796.905 1798.607 1799.514 1798.401
1801.487 1801.303 1801.12 1800.969 1800.879 1800.79 1800.7 1800.611 1799.938 1799.122 1798.307 1797.492 1796.01 1792.636 1789.263 1785.889 1782.516 1780.032 1777.9 1775.768 1773.636 1771.861 1771.785 1771.708 1771.632 1771.556 1769.729 1766.875 1764.022 1761.168 1758.012 1751.685 1745.358 1739.031 1732.704 1727.055 1721.974 1716.894 1711.813 1706.732 1705.385 1704.037 1702.689 1701.341 1702.563 1706.842 1711.122 1715.402 1719.681 1729.257 1739.336 1749.416 1759.496 1768.12 1774.261 1780.401 1786.542 1792.682 1794.873 1796.233 1797.592 1798.951 1799.578 1798.347
1801.552 1801.344 1801.136 1800.973 1800.894 1800.815 1800.737 1800.658 1800.014 1799.232 1798.45 1797.668 1796.274 1793.145 1790.016 1786.887 1783.759 1781.695 1780.051 1778.407 1776.763 1775.428 1775.557 1775.686 1775.814 1775.943 1774.195 1771.347 1768.498 1765.65 1762.486 1756.021 1749.555 1743.089 1736.624 1730.705 1725.245 1719.785 1714.325 1708.865 1707.036 1705.207 1703.378 1701.55 1702.519 1706.821 1711.123 1715.425 1719.726 1729.831 1740.489 1751.146 1761.804 1770.69 1776.554 1782.419 1788.283 1794.148 1796.046 1797.11 1798.173 1799.237 1799.623 1798.291
1801.424 1801.264 1801.104 1800.965 1800.865 1800.765 1800.665 1800.565 1799.998 1799.318 1798.638 1797.958 1796.745 1794.018 1791.292 1788.565 1785.839 1784.016 1782.549 1781.082 1779.615 1778.465 1778.82 1779.174 1779.528 1779.882 1778.437 1775.938 1773.438 1770.938 1768.09 1761.587 1755.083 1748.58 1742.077 1735.91 1730.026 1724.143 1718.259 1712.375 1709.972 1707.569 1705.167 1702.764 1703.507 1707.997 1712.486 1716.976 1721.465 1731.66 1742.398 1753.136 1763.874 1772.694 1778.242 1783.79 1789.338 1794.885 1796.605 1797.518 1798.432 1799.345 1799.61 1798.229
1801.296 1801.184 1801.073 1800.958 1800.836 1800.714 1800.593 1800.471 1799.983 1799.405 1798.827 1798.249 1797.215 1794.891 1792.567 1790.243 1787.919 1786.337 1785.047 1783.757 1782.468 1781.503 1782.083 1782.662 1783.242 1783.821 1782.679 1780.528 1778.377 1776.226 1773.693 1767.153 1760.612 1754.071 1747.53 1741.116 1734.808 1728.501 1722.193 1715.885 1712.909 1709.932 1706.955 1703.978 1704.495 1709.172 1713.849 1718.527 1723.204 1733.489 1744.307 1755.125 1765.944 1774.698 1779.929 1785.16 1790.392 1795.623 1797.163 1797.926 1798.689 1799.453 1799.596 1798.167
1801.168 1801.105 1801.041 1800.95 1800.807 1800.664 1800.521 1800.378 1799.967 1799.491 1799.015 1798.539 1797.686 1795.764 1793.842 1791.921 1789.999 1788.658 1787.545 1786.432 1785.32 1784.541 1785.346 1786.15 1786.955 1787.76 1786.922 1785.119 1783.317 1781.514 1779.297 1772.718 1766.14 1759.562 1752.983 1746.322 1739.59 1732.859 1726.127 1719.396 1715.845 1712.294 1708.743 1705.192 1705.483 1710.348 1715.213 1720.078 1724.943 1735.317 1746.216 1757.115 1768.014 1776.701 1781.616 1786.531 1791.446 1796.361 1797.722 1798.335 1798.948 1799.56 1799.583 1798.105
1801.04 1801.025 1801.01 1800.943 1800.778 1800.614 1800.449 1800.285 1799.952 1799.578 1799.203 1798.829 1798.156 1796.637 1795.118 1793.599 1792.079 1790.979 1790.043 1789.108 1788.172 1787.578 1788.609 1789.639 1790.669 1791.699 1791.164 1789.71 1788.256 1786.803 1784.9 1778.284 1771.668 1765.052 1758.437 1751.528 1744.372 1737.217 1730.061 1722.906 1718.781 1714.656 1710.531 1706.406 1706.47 1711.523 1716.576 1721.629 1726.682 1737.146 1748.125 1759.105 1770.084 1778.705 1783.303 1787.902 1792.5 1797.099 1798.28 1798.743 1799.206 1799.668 1799.569 1798.043
1800.82 1800.831 1800.842 1800.798 1800.653 1800.508 1800.362 1800.217 1799.955 1799.664 1799.374 1799.083 1798.544 1797.301 1796.059 1794.817 1793.574 1792.663 1791.882 1791.101 1790.321 1789.851 1790.855 1791.859 1792.864 1793.868 1793.459 1792.221 1790.983 1789.746 1788.06 1781.668 1775.277 1768.886 1762.495 1755.641 1748.397 1741.155 1733.911 1726.668 1722.409 1718.149 1713.889 1709.629 1709.71 1714.958 1720.206 1725.454 1730.702 1740.889 1751.546 1762.204 1772.861 1781.105 1785.231 1789.358 1793.485 1797.611 1798.63 1798.994 1799.358 1799.722 1799.546 1797.998
1800.557 1800.585 1800.612 1800.592 1800.484 1800.376 1800.269 1800.161 1799.967 1799.751 1799.535 1799.32 1798.894 1797.871 1796.849 1795.826 1794.804 1794.059 1793.423 1792.787 1792.151 1791.776 1792.641 1793.506 1794.371 1795.236 1794.874 1793.791 1792.709 1791.627 1790.113 1784.065 1778.017 1771.969 1765.922 1759.259 1752.08 1744.902 1737.723 1730.544 1726.349 1722.154 1717.958 1713.763 1713.969 1719.416 1724.862 1730.309 1735.755 1745.499 1755.652 1765.805 1775.958 1783.683 1787.268 1790.853 1794.438 1798.023 1798.885 1799.174 1799.463 1799.752 1799.518 1797.96
1800.295 1800.339 1800.382 1800.386 1800.316 1800.245 1800.175 1800.105 1799.978 1799.838 1799.697 1799.557 1799.244 1798.441 1797.639 1796.836 1796.034 1795.455 1794.964 1794.473 1793.982 1793.702 1794.428 1795.153 1795.879 1796.604 1796.288 1795.361 1794.435 1793.508 1792.166 1786.462 1780.757 1775.053 1769.348 1762.878 1755.763 1748.649 1741.535 1734.42 1730.289 1726.158 1722.027 1717.896 1718.228 1723.873 1729.519 1735.163 1740.808 1750.109 1759.758 1769.406 1779.055 1786.262 1789.305 1792.348 1795.391 1798.434 1799.14 1799.353 1799.567 1799.781 1799.491 1797.921
1800.033 1800.093 1800.152 1800.179 1800.147 1800.114 1800.081 1800.049 1799.99 1799.925 1799.859 1799.794 1799.594 1799.011 1798.429 1797.846 1797.263 1796.851 1796.505 1796.158 1795.812 1795.628 1796.214 1796.8 1797.386 1797.972 1797.703 1796.932 1796.16 1795.389 1794.219 1788.858 1783.497 1778.136 1772.775 1766.496 1759.446 1752.396 1745.346 1738.296 1734.23 1730.163 1726.097 1722.03 1722.488 1728.331 1734.175 1740.018 1745.862 1754.719 1763.863 1773.008 1782.152 1788.841 1791.342 1793.843 1796.344 1798.845 1799.395 1799.533 1799.672 1799.811 1799.464 1797.883
1799.782 1799.854 1799.925 1799.974 1799.98 1799.986 1799.992 1799.999 1800.0 1800.0 1800.0 1800.0 1799.901 1799.521 1799.141 1798.761 1798.381 1798.12 1797.906 1797.692 1797.478 1797.38 1797.832 1798.283 1798.734 1799.186 1798.953 1798.318 1797.684 1797.049 1796.034 1791.02 1786.006 1780.992 1775.978 1769.907 1762.95 1755.992 1749.034 1742.077 1738.127 1734.176 1730.226 1726.275 1726.848 1732.805 1738.763 1744.72 1750.677 1759.082 1767.719 1776.356 1784.993 1791.181 1793.19 1795.2 1797.209 1799.219 1799.615 1799.672 1799.728 1799.785 1799.368 1797.751
1799.606 1799.661 1799.716 1799.771 1799.826 1799.88 1799.935 1799.989 1800.0 1800.0 1800.0 1800.0 1799.923 1799.629 1799.335 1799.041 1798.746 1798.544 1798.379 1798.213 1798.048 1797.972 1798.321 1798.671 1799.02 1799.37 1799.106 1798.482 1797.858 1797.235 1796.261 1791.617 1786.974 1782.329 1777.686 1771.936 1765.257 1758.579 1751.9 1745.222 1741.733 1738.244 1734.755 1731.265 1731.883 1737.39 1742.897 1748.403 1753.91 1761.795 1769.906 1778.018 1786.129 1791.928 1793.782 1795.636 1797.49 1799.343 1799.606 1799.534 1799.462 1799.39 1798.82 1796.988
1799.429 1799.468 1799.507 1799.568 1799.671 1799.774 1799.877 1799.98 1800.0 1800.0 1800.0 1800.0 1799.946 1799.737 1799.529 1799.32 1799.112 1798.969 1798.852 1798.735 1798.617 1798.564 1798.811 1799.059 1799.306 1799.553 1799.259 1798.646 1798.033 1797.42 1796.488 1792.215 1787.941 1783.667 1779.394 1773.965 1767.565 1761.165 1754.766 1748.366 1745.339 1742.311 1739.283 1736.256 1736.918 1741.974 1747.031 1752.086 1757.142 1764.508 1772.094 1779.679 1787.265 1792.675 1794.373 1796.071 1797.77 1799.468 1799.597 1799.396 1799.195 1798.994 1798.272 1796.225
1799.252 1799.275 1799.298 1799.366 1799.517 1799.668 1799.819 1799.97 1800.0 1800.0 1800.0 1800.0 1799.968 1799.845 1799.723 1799.6 1799.478 1799.394 1799.325 1799.256 1799.187 1799.155 1799.301 1799.446 1799.592 1799.737 1799.412 1798.809 1798.207 1797.605 1796.716 1792.812 1788.909 1785.005 1781.102 1775.993 1769.873 1763.752 1757.631 1751.511 1748.945 1746.379 1743.812 1741.246 1741.954 1746.559 1751.165 1755.77 1760.375 1767.221 1774.281 1781.341 1788.401 1793.422 1794.964 1796.507 1798.05 1799.593 1799.588 1799.259 1798.929 1798.599 1797.723 1795.462
1799.076 1799.082 1799.089 1799.163 1799.363 1799.562 1799.761 1799.961 1800.0 1800.0 1800.0 1800.0 1799.99 1799.954 1799.917 1799.88 1799.844 1799.818 1799.798 1799.777 1799.756 1799.747 1799.791 1799.834 1799.878 1799.921 1799.565 1798.973 1798.382 1797.79 1796.943 1793.41 1789.876 1786.343 1782.81 1778.022 1772.18 1766.339 1760.497 1754.656 1752.551 1750.446 1748.341 1746.236 1746.989 1751.144 1755.298 1759.453 1763.608 1769.935 1776.469 1783.003 1789.537 1794.169 1795.556 1796.943 1798.33 1799.717 1799.579 1799.121 1798.662 1798.204 1797.175 1794.699
1798.779 1798.773 1798.767 1798.844 1799.076 1799.308 1799.541 1799.773 1799.836 1799.857 1799.879 1799.9 1799.921 1799.939 1799.958 1799.976 1799.995 1800.0 1800.0 1800.0 1800.0 1800.0 1800.0 1800.0 1800.0 1800.0 1799.638 1799.063 1798.489 1797.914 1797.101 1793.781 1790.461 1787.142 1783.822 1779.32 1773.825 1768.33 1762.835 1757.34 1755.666 1753.991 1752.317 1750.643 1751.537 1755.486 1759.436 1763.385 1767.335 1773.069 1778.973 1784.877 1790.78 1794.95 1796.16 1797.37 1798.58 1799.79 1799.479 1798.849 1798.219 1797.588 1796.365 1793.638
1798.393 1798.376 1798.359 1798.437 1798.69 1798.944 1799.198 1799.452 1799.549 1799.608 1799.667 1799.726 1799.783 1799.834 1799.884 1799.935 1799.986 1800.0 1800.0 1800.0 1800.0 1800.0 1800.0 1800.0 1800.0 1800.0 1799.651 1799.098 1798.545 1797.992 1797.207 1793.983 1790.76 1787.537 1784.314 1780.072 1774.974 1769.876 1764.778 1759.68 1758.414 1757.147 1755.881 1754.615 1755.72 1759.648 1763.576 1767.504 1771.432 1776.518 1781.713 1786.909 1792.104 1795.756 1796.773 1797.789 1798.806 1799.823 1799.311 1798.477 1797.642 1796.808 1795.36 1792.354
1798.007 1797.979 1797.952 1798.03 1798.305 1798.58 1798.856 1799.131 1799.262 1799.359 1799.456 1799.552 1799.645 1799.728 1799.811 1799.894 1799.977 1800.0 1800.0 1800.0 1800.0 1800.0 1800.0 1800.0 1800.0 1800.0 1799.665 1799.133 1798.601 1798.07 1797.312 1794.186 1791.059 1787.933 1784.806 1780.824 1776.123 1771.422 1766.721 1762.02 1761.161 1760.303 1759.444 1758.586 1759.903 1763.809 1767.716 1771.623 1775.529 1779.966 1784.454 1788.941 1793.429 1796.562 1797.386 1798.209 1799.033 1799.857 1799.142 1798.104 1797.066 1796.028 1794.355 1791.069
1797.621 1797.583 1797.545 1797.623 1797.92 1798.216 1798.513 1798.81 1798.976 1799.11 1799.244 1799.378 1799.508 1799.623 1799.738 1799.853 1799.968 1800.0 1800.0 1800.0 1800.0 1800.0 1800.0 1800.0 1800.0 1800.0 1799.678 1799.168 1798.658 1798.148 1797.418 1794.388 1791.359 1788.328 1785.299 1781.576 1777.272 1772.968 1768.664 1764.36 1763.91 1763.459 1763.008 1762.557 1764.086 1767.971 1771.856 1775.741 1779.626 1783.415 1787.194 1790.973 1794.753 1797.368 1797.999 1798.629 1799.26 1799.89 1798.974 1797.732 1796.49 1795.248 1793.35 1789.785
1797.234 1797.185 1797.135 1797.213 1797.531 1797.849 1798.167 1798.485 1798.686 1798.859 1799.031 1799.204 1799.37 1799.517 1799.664 1799.811 1799.958 1800.0 1800.0 1800.0 1800.0 1800.0 1800.0 1800.0 1800.0 1800.0 1799.692 1799.204 1798.715 1798.227 1797.526 1794.594 1791.663 1788.731 1785.8 1782.337 1778.428 1774.518 1770.609 1766.699 1766.651 1766.603 1766.555 1766.506 1768.243 1772.105 1775.967 1779.829 1783.691 1786.836 1789.913 1792.99 1796.067 1798.169 1798.607 1799.046 1799.485 1799.924 1798.809 1797.367 1795.926 1794.484 1792.366 1788.528
1796.777 1796.679 1796.581 1796.63 1796.953 1797.277 1797.6 1797.923 1798.199 1798.463 1798.726 1798.99 1799.23 1799.404 1799.578 1799.752 1799.926 1799.979 1799.985 1799.99 1799.995 1800.0 1800.0 1800.0 1800.0 1800.0 1799.719 1799.274 1798.828 1798.383 1797.74 1795.034 1792.328 1789.622 1786.916 1783.681 1780.003 1776.324 1772.645 1768.967 1768.967 1768.967 1768.967 1768.967 1770.666 1774.389 1778.111 1781.834 1785.556 1788.405 1791.171 1793.936 1796.702 1798.572 1798.914 1799.256 1799.598 1799.94 1798.885 1797.534 1796.184 1794.833 1792.818 1789.115
1796.32 1796.174 1796.028 1796.047 1796.376 1796.704 1797.033 1797.362 1797.712 1798.067 1798.421 1798.776 1799.091 1799.292 1799.493 1799.693 1799.894 1799.959 1799.969 1799.98 1799.991 1800.0 1800.0 1800.0 1800.0 1800.0 1799.746 1799.344 1798.941 1798.538 1797.955 1795.474 1792.994 1790.513 1788.032 1785.026 1781.578 1778.13 1774.682 1771.234 1771.282 1771.33 1771.379 1771.427 1773.089 1776.672 1780.255 1783.838 1787.421 1789.974 1792.428 1794.882 1797.337 1798.975 1799.22 1799.466 1799.712 1799.957 1798.96 1797.701 1796.441 1795.182 1793.27 1789.701
1795.863 1795.669 1795.474 1795.464 1795.798 1796.132 1796.466 1796.8 1797.224 1797.67 1798.117 1798.563 1798.952 1799.179 1799.407 1799.635 1799.862 1799.938 1799.954 1799.97 1799.987 1800.0 1800.0 1800.0 1800.0 1800.0 1799.773 1799.414 1799.054 1798.694 1798.17 1795.914 1793.659 1791.403 1789.148 1786.37 1783.152 1779.935 1776.718 1773.501 1773.597 1773.694 1773.791 1773.887 1775.512 1778.955 1782.399 1785.842 1789.286 1791.542 1793.685 1795.828 1797.972 1799.378 1799.527 1799.676 1799.825 1799.974 1799.035 1797.867 1796.699 1795.531 1793.723 1790.288
1795.406 1795.163 1794.921 1794.88 1795.22 1795.559 1795.899 1796.238 1796.737 1797.274 1797.812 1798.349 1798.813 1799.067 1799.321 1799.576 1799.83 1799.918 1799.939 1799.961 1799.982 1800.0 1800.0 1800.0 1800.0 1800.0 1799.8 1799.484 1799.167 1798.85 1798.384 1796.354 1794.324 1792.294 1790.264 1787.714 1784.728 1781.741 1778.754 1775.768 1775.913 1776.058 1776.203 1776.348 1777.935 1781.239 1784.543 1787.847 1791.151 1793.111 1794.943 1796.775 1798.607 1799.781 1799.833 1799.886 1799.938 1799.991 1799.11 1798.034 1796.957 1795.88 1794.175 1790.874
1795.103 1794.788 1794.472 1794.366 1794.652 1794.938 1795.224 1795.51 1796.068 1796.691 1797.315 1797.939 1798.484 1798.807 1799.13 1799.453 1799.775 1799.888 1799.917 1799.946 1799.976 1800.0 1800.0 1800.0 1800.0 1800.0 1799.824 1799.546 1799.267 1798.988 1798.577 1796.772 1794.967 1793.162 1791.358 1789.023 1786.242 1783.462 1780.682 1777.901 1778.07 1778.239 1778.407 1778.576 1780.081 1783.177 1786.273 1789.369 1792.465 1794.194 1795.793 1797.393 1798.992 1800.0 1800.0 1800.0 1800.0 1800.0 1799.224 1798.285 1797.346 1796.407 1794.867 1791.801
1794.984 1794.566 1794.149 1793.933 1794.096 1794.258 1794.421 1794.583 1795.182 1795.886 1796.59 1797.294 1797.93 1798.37 1798.811 1799.252 1799.693 1799.847 1799.887 1799.927 1799.967 1800.0 1800.0 1800.0 1800.0 1800.0 1799.845 1799.598 1799.351 1799.105 1798.742 1797.163 1795.584 1794.004 1792.425 1790.289 1787.686 1785.083 1782.479 1779.876 1780.039 1780.203 1780.366 1780.529 1781.899 1784.705 1787.511 1790.318 1793.124 1794.701 1796.16 1797.62 1799.08 1800.0 1800.0 1800.0 1800.0 1800.0 1799.384 1798.638 1797.892 1797.146 1795.845 1793.133
1794.864 1794.344 1793.825 1793.5 1793.539 1793.578 1793.618 1793.657 1794.296 1795.08 1795.865 1796.65 1797.375 1797.934 1798.493 1799.052 1799.611 1799.806 1799.856 1799.907 1799.958 1800.0 1800.0 1800.0 1800.0 1800.0 1799.865 1799.651 1799.436 1799.222 1798.908 1797.554 1796.2 1794.846 1793.492 1791.556 1789.129 1786.703 1784.277 1781.851 1782.009 1782.167 1782.324 1782.482 1783.717 1786.234 1788.75 1791.266 1793.783 1795.207 1796.527 1797.848 1799.168 1800.0 1800.0 1800.0 1800.0 1800.0 1799.543 1798.991 1798.438 1797.885 1796.823 1794.464
