data/zism_data/00203_01_D.txt
ncols         224
nrows         224
[rows 120 to 149 of 224, columns 0 to 66 of 224]
1400.0 1400.0 1400.0 1400.0 1400.0 1400.0 1400.0 1400.0 1400.0 1400.046 1400.108 1400.17 1400.232 1400.321 1400.517 1400.713 1400.909 1401.105 1401.315 1401.532 1401.748 1401.965 1402.177 1402.364 1402.551 1402.738 1402.924 1403.132 1403.355 1403.577 1403.8 1404.025 1404.281 1404.537 1404.793 1405.05 1405.259 1405.425 1405.591 1405.757 1405.923 1406.139 1406.355 1406.572 1406.789 1406.978 1407.132 1407.287 1407.441 1407.596 1407.606 1407.602 1407.598 1407.594 1407.534 1407.379 1407.225 1407.07 1406.915 1406.658 1406.381 1406.104 1405.827 1405.573 1405.371 1405.169 1404.967
1400.0 1400.0 1400.0 1400.0 1400.0 1400.0 1400.0 1400.0 1400.0 1400.034 1400.08 1400.126 1400.172 1400.248 1400.444 1400.64 1400.836 1401.032 1401.238 1401.45 1401.661 1401.872 1402.083 1402.291 1402.499 1402.707 1402.916 1403.155 1403.415 1403.675 1403.935 1404.196 1404.468 1404.741 1405.013 1405.286 1405.517 1405.709 1405.902 1406.095 1406.288 1406.499 1406.71 1406.921 1407.133 1407.323 1407.489 1407.654 1407.819 1407.984 1407.99 1407.981 1407.972 1407.963 1407.895 1407.73 1407.564 1407.399 1407.234 1406.966 1406.678 1406.39 1406.102 1405.828 1405.583 1405.338 1405.093
1400.0 1400.0 1400.0 1400.0 1400.0 1400.0 1400.0 1400.0 1400.0 1400.022 1400.052 1400.082 1400.112 1400.175 1400.371 1400.567 1400.763 1400.959 1401.162 1401.368 1401.573 1401.779 1401.988 1402.218 1402.448 1402.677 1402.907 1403.177 1403.475 1403.772 1404.07 1404.367 1404.656 1404.944 1405.233 1405.521 1405.774 1405.994 1406.214 1406.433 1406.653 1406.859 1407.065 1407.271 1407.477 1407.669 1407.845 1408.021 1408.197 1408.373 1408.375 1408.361 1408.346 1408.332 1408.256 1408.08 1407.904 1407.728 1407.552 1407.273 1406.975 1406.676 1406.378 1406.082 1405.795 1405.507 1405.219
1400.0 1400.0 1400.0 1400.0 1400.0 1400.0 1400.0 1400.0 1400.0 1400.01 1400.024 1400.038 1400.051 1400.102 1400.298 1400.494 1400.69 1400.886 1401.085 1401.286 1401.486 1401.687 1401.894 1402.145 1402.396 1402.647 1402.898 1403.199 1403.535 1403.87 1404.205 1404.539 1404.843 1405.148 1405.453 1405.757 1406.032 1406.278 1406.525 1406.771 1407.018 1407.219 1407.42 1407.62 1407.821 1408.015 1408.202 1408.389 1408.575 1408.762 1408.76 1408.74 1408.72 1408.7 1408.618 1408.431 1408.244 1408.057 1407.87 1407.581 1407.271 1406.962 1406.653 1406.337 1406.006 1405.676 1405.345
1400.0 1400.0 1400.0 1400.0 1400.0 1400.0 1400.0 1400.0 1400.0 1400.0 1400.0 1400.0 1400.0 1400.038 1400.228 1400.418 1400.608 1400.797 1400.993 1401.192 1401.391 1401.59 1401.799 1402.072 1402.344 1402.617 1402.889 1403.218 1403.586 1403.953 1404.321 1404.685 1405.005 1405.325 1405.645 1405.965 1406.26 1406.533 1406.806 1407.078 1407.351 1407.553 1407.755 1407.956 1408.158 1408.355 1408.547 1408.739 1408.931 1409.123 1409.118 1409.094 1409.07 1409.047 1408.959 1408.764 1408.57 1408.376 1408.181 1407.881 1407.561 1407.241 1406.921 1406.587 1406.219 1405.852 1405.485
1400.0 1400.0 1400.0 1400.0 1400.0 1400.0 1400.0 1400.0 1400.0 1400.0 1400.0 1400.0 1400.0 1400.03 1400.177 1400.323 1400.47 1400.617 1400.813 1401.033 1401.254 1401.474 1401.704 1401.999 1402.293 1402.587 1402.881 1403.218 1403.586 1403.953 1404.321 1404.686 1405.017 1405.347 1405.678 1406.009 1406.32 1406.614 1406.908 1407.203 1407.497 1407.736 1407.975 1408.214 1408.453 1408.659 1408.824 1408.99 1409.155 1409.32 1409.318 1409.299 1409.281 1409.263 1409.182 1408.998 1408.815 1408.631 1408.447 1408.14 1407.809 1407.479 1407.148 1406.806 1406.439 1406.071 1405.704
1400.0 1400.0 1400.0 1400.0 1400.0 1400.0 1400.0 1400.0 1400.0 1400.0 1400.0 1400.0 1400.0 1400.021 1400.125 1400.229 1400.332 1400.436 1400.632 1400.874 1401.116 1401.358 1401.61 1401.925 1402.241 1402.556 1402.872 1403.218 1403.586 1403.953 1404.321 1404.687 1405.028 1405.369 1405.711 1406.052 1406.38 1406.696 1407.011 1407.327 1407.642 1407.92 1408.196 1408.473 1408.749 1408.964 1409.102 1409.241 1409.379 1409.517 1409.517 1409.504 1409.491 1409.479 1409.405 1409.232 1409.059 1408.886 1408.714 1408.399 1408.057 1407.716 1407.375 1407.025 1406.658 1406.29 1405.923
1400.0 1400.0 1400.0 1400.0 1400.0 1400.0 1400.0 1400.0 1400.0 1400.0 1400.0 1400.0 1400.0 1400.012 1400.073 1400.134 1400.195 1400.256 1400.452 1400.715 1400.979 1401.242 1401.515 1401.852 1402.189 1402.526 1402.863 1403.218 1403.586 1403.953 1404.321 1404.687 1405.039 1405.391 1405.744 1406.096 1406.44 1406.777 1407.114 1407.451 1407.788 1408.103 1408.417 1408.731 1409.045 1409.268 1409.38 1409.491 1409.603 1409.714 1409.717 1409.71 1409.702 1409.694 1409.629 1409.466 1409.304 1409.142 1408.98 1408.658 1408.306 1407.953 1407.601 1407.245 1406.877 1406.51 1406.142
1400.0 1400.0 1400.0 1400.0 1400.0 1400.0 1400.0 1400.0 1400.0 1400.0 1400.0 1400.0 1400.0 1400.004 1400.021 1400.039 1400.057 1400.075 1400.271 1400.556 1400.841 1401.126 1401.421 1401.779 1402.138 1402.496 1402.854 1403.218 1403.586 1403.953 1404.321 1404.688 1405.051 1405.414 1405.776 1406.139 1406.5 1406.859 1407.217 1407.576 1407.934 1408.286 1408.638 1408.99 1409.341 1409.573 1409.658 1409.742 1409.827 1409.912 1409.917 1409.915 1409.912 1409.91 1409.852 1409.7 1409.549 1409.397 1409.246 1408.917 1408.554 1408.191 1407.828 1407.464 1407.096 1406.729 1406.361
1400.0 1400.0 1400.0 1400.0 1400.0 1400.0 1400.0 1400.0 1400.0 1400.0 1400.0 1400.0 1400.0 1400.003 1400.015 1400.028 1400.04 1400.053 1400.238 1400.51 1400.782 1401.054 1401.339 1401.706 1402.073 1402.441 1402.808 1403.181 1403.558 1403.935 1404.312 1404.689 1405.065 1405.442 1405.819 1406.196 1406.577 1406.964 1407.35 1407.736 1408.122 1408.469 1408.814 1409.159 1409.505 1409.741 1409.843 1409.944 1410.046 1410.148 1410.168 1410.18 1410.193 1410.206 1410.158 1410.011 1409.864 1409.717 1409.57 1409.238 1408.87 1408.503 1408.136 1407.768 1407.401 1407.033 1406.666
1400.0 1400.0 1400.0 1400.0 1400.0 1400.0 1400.0 1400.0 1400.0 1400.0 1400.0 1400.0 1400.0 1400.007 1400.041 1400.075 1400.109 1400.143 1400.311 1400.545 1400.779 1401.014 1401.266 1401.633 1402.0 1402.368 1402.735 1403.118 1403.511 1403.904 1404.297 1404.69 1405.082 1405.475 1405.868 1406.261 1406.667 1407.086 1407.504 1407.923 1408.341 1408.651 1408.958 1409.266 1409.574 1409.811 1409.961 1410.111 1410.261 1410.411 1410.455 1410.489 1410.523 1410.557 1410.523 1410.376 1410.229 1410.082 1409.935 1409.603 1409.236 1408.868 1408.501 1408.134 1407.766 1407.399 1407.031
1400.0 1400.0 1400.0 1400.0 1400.0 1400.0 1400.0 1400.0 1400.0 1400.0 1400.0 1400.0 1400.0 1400.011 1400.067 1400.122 1400.178 1400.233 1400.383 1400.58 1400.777 1400.973 1401.192 1401.56 1401.927 1402.295 1402.662 1403.054 1403.463 1403.872 1404.281 1404.69 1405.099 1405.508 1405.917 1406.326 1406.757 1407.208 1407.659 1408.109 1408.56 1408.833 1409.103 1409.373 1409.644 1409.882 1410.08 1410.278 1410.477 1410.675 1410.743 1410.798 1410.854 1410.909 1410.889 1410.742 1410.595 1410.448 1410.301 1409.969 1409.601 1409.234 1408.866 1408.499 1408.131 1407.764 1407.397
1400.0 1400.0 1400.0 1400.0 1400.0 1400.0 1400.0 1400.0 1400.0 1400.0 1400.0 1400.0 1400.0 1400.016 1400.093 1400.17 1400.247 1400.323 1400.455 1400.615 1400.774 1400.933 1401.119 1401.487 1401.854 1402.222 1402.589 1402.991 1403.416 1403.841 1404.266 1404.691 1405.116 1405.542 1405.967 1406.392 1406.847 1407.33 1407.813 1408.296 1408.779 1409.015 1409.248 1409.48 1409.713 1409.952 1410.199 1410.445 1410.692 1410.939 1411.03 1411.107 1411.184 1411.261 1411.254 1411.107 1410.96 1410.813 1410.666 1410.334 1409.966 1409.599 1409.232 1408.864 1408.497 1408.129 1407.762
1400.0 1400.0 1400.001 1400.001 1400.001 1400.001 1400.001 1400.001 1400.002 1400.002 1400.003 1400.004 1400.004 1400.025 1400.123 1400.22 1400.318 1400.416 1400.531 1400.654 1400.777 1400.9 1401.055 1401.422 1401.788 1402.155 1402.521 1402.932 1403.372 1403.813 1404.253 1404.694 1405.135 1405.575 1406.016 1406.457 1406.936 1407.45 1407.964 1408.478 1408.993 1409.194 1409.391 1409.588 1409.784 1410.025 1410.319 1410.613 1410.907 1411.201 1411.317 1411.415 1411.514 1411.613 1411.62 1411.473 1411.327 1411.181 1411.035 1410.702 1410.335 1409.968 1409.6 1409.233 1408.865 1408.497 1408.129
1400.009 1400.02 1400.031 1400.042 1400.051 1400.057 1400.062 1400.068 1400.073 1400.099 1400.132 1400.165 1400.198 1400.243 1400.335 1400.428 1400.52 1400.613 1400.747 1400.903 1401.058 1401.213 1401.391 1401.714 1402.038 1402.361 1402.685 1403.068 1403.493 1403.917 1404.342 1404.767 1405.202 1405.637 1406.073 1406.508 1406.979 1407.482 1407.986 1408.489 1408.993 1409.231 1409.465 1409.7 1409.934 1410.198 1410.497 1410.797 1411.096 1411.395 1411.546 1411.682 1411.819 1411.955 1411.997 1411.883 1411.769 1411.655 1411.541 1411.218 1410.856 1410.495 1410.133 1409.762 1409.373 1408.984 1408.594
1400.018 1400.039 1400.061 1400.083 1400.102 1400.112 1400.123 1400.134 1400.145 1400.196 1400.261 1400.326 1400.391 1400.461 1400.548 1400.635 1400.722 1400.809 1400.964 1401.151 1401.339 1401.526 1401.726 1402.007 1402.287 1402.568 1402.848 1403.205 1403.613 1404.021 1404.43 1404.839 1405.269 1405.699 1406.129 1406.559 1407.022 1407.515 1408.008 1408.5 1408.993 1409.268 1409.54 1409.812 1410.084 1410.371 1410.675 1410.98 1411.285 1411.59 1411.775 1411.949 1412.123 1412.297 1412.375 1412.293 1412.211 1412.129 1412.047 1411.734 1411.378 1411.021 1410.665 1410.292 1409.881 1409.47 1409.059
1400.026 1400.059 1400.091 1400.124 1400.152 1400.168 1400.184 1400.2 1400.217 1400.293 1400.39 1400.487 1400.585 1400.679 1400.761 1400.843 1400.924 1401.006 1401.18 1401.4 1401.619 1401.839 1402.061 1402.299 1402.537 1402.774 1403.012 1403.341 1403.734 1404.126 1404.518 1404.912 1405.337 1405.761 1406.186 1406.611 1407.065 1407.547 1408.029 1408.511 1408.993 1409.305 1409.615 1409.924 1410.234 1410.543 1410.854 1411.164 1411.474 1411.784 1412.004 1412.216 1412.427 1412.639 1412.752 1412.702 1412.653 1412.603 1412.554 1412.25 1411.899 1411.548 1411.197 1410.821 1410.389 1409.956 1409.524
1400.035 1400.078 1400.121 1400.165 1400.202 1400.224 1400.245 1400.267 1400.288 1400.39 1400.519 1400.649 1400.778 1400.897 1400.974 1401.05 1401.126 1401.203 1401.396 1401.648 1401.9 1402.152 1402.397 1402.591 1402.786 1402.981 1403.175 1403.478 1403.854 1404.23 1404.606 1404.985 1405.404 1405.823 1406.243 1406.662 1407.108 1407.58 1408.051 1408.522 1408.993 1409.342 1409.689 1410.036 1410.383 1410.716 1411.032 1411.347 1411.663 1411.978 1412.233 1412.482 1412.732 1412.981 1413.13 1413.112 1413.095 1413.077 1413.06 1412.766 1412.421 1412.075 1411.729 1411.35 1410.896 1410.443 1409.989
1400.054 1400.12 1400.186 1400.253 1400.309 1400.338 1400.368 1400.397 1400.427 1400.543 1400.69 1400.837 1400.984 1401.117 1401.198 1401.279 1401.36 1401.441 1401.649 1401.921 1402.193 1402.465 1402.724 1402.901 1403.077 1403.253 1403.43 1403.72 1404.087 1404.454 1404.822 1405.192 1405.603 1406.015 1406.426 1406.838 1407.272 1407.728 1408.183 1408.639 1409.094 1409.463 1409.83 1410.198 1410.565 1410.913 1411.236 1411.559 1411.883 1412.206 1412.469 1412.726 1412.983 1413.24 1413.409 1413.431 1413.453 1413.476 1413.498 1413.236 1412.92 1412.604 1412.289 1411.93 1411.475 1411.019 1410.564
1400.084 1400.188 1400.292 1400.396 1400.482 1400.522 1400.563 1400.603 1400.643 1400.762 1400.909 1401.056 1401.203 1401.34 1401.437 1401.534 1401.631 1401.728 1401.945 1402.222 1402.499 1402.777 1403.042 1403.229 1403.417 1403.604 1403.791 1404.085 1404.452 1404.82 1405.187 1405.557 1405.957 1406.358 1406.759 1407.159 1407.578 1408.012 1408.446 1408.88 1409.314 1409.682 1410.05 1410.417 1410.784 1411.137 1411.471 1411.805 1412.139 1412.473 1412.712 1412.943 1413.173 1413.403 1413.573 1413.644 1413.714 1413.785 1413.855 1413.651 1413.394 1413.138 1412.881 1412.57 1412.136 1411.702 1411.268
1400.115 1400.256 1400.398 1400.539 1400.656 1400.707 1400.757 1400.808 1400.859 1400.981 1401.128 1401.275 1401.422 1401.562 1401.675 1401.788 1401.901 1402.015 1402.241 1402.523 1402.806 1403.089 1403.36 1403.558 1403.756 1403.954 1404.152 1404.45 1404.818 1405.185 1405.553 1405.921 1406.311 1406.701 1407.091 1407.481 1407.883 1408.296 1408.708 1409.121 1409.533 1409.901 1410.269 1410.636 1411.004 1411.361 1411.706 1412.051 1412.395 1412.74 1412.956 1413.159 1413.363 1413.566 1413.738 1413.856 1413.975 1414.094 1414.213 1414.066 1413.868 1413.671 1413.473 1413.21 1412.797 1412.385 1411.972
1400.145 1400.324 1400.503 1400.682 1400.829 1400.891 1400.952 1401.014 1401.076 1401.2 1401.347 1401.494 1401.641 1401.785 1401.914 1402.043 1402.172 1402.302 1402.537 1402.825 1403.113 1403.401 1403.678 1403.887 1404.095 1404.304 1404.513 1404.816 1405.183 1405.551 1405.918 1406.286 1406.665 1407.044 1407.424 1407.803 1408.188 1408.579 1408.971 1409.362 1409.753 1410.12 1410.488 1410.855 1411.223 1411.585 1411.94 1412.296 1412.651 1413.007 1413.199 1413.376 1413.552 1413.729 1413.902 1414.069 1414.236 1414.403 1414.571 1414.481 1414.342 1414.204 1414.065 1413.85 1413.459 1413.068 1412.677
1400.176 1400.392 1400.609 1400.826 1401.003 1401.075 1401.147 1401.22 1401.292 1401.419 1401.567 1401.714 1401.86 1402.007 1402.152 1402.298 1402.443 1402.588 1402.832 1403.126 1403.419 1403.713 1403.996 1404.216 1404.435 1404.654 1404.874 1405.181 1405.548 1405.916 1406.283 1406.651 1407.019 1407.388 1407.756 1408.125 1408.494 1408.863 1409.233 1409.603 1409.972 1410.34 1410.707 1411.075 1411.442 1411.809 1412.175 1412.542 1412.908 1413.274 1413.443 1413.592 1413.742 1413.892 1414.066 1414.282 1414.497 1414.713 1414.928 1414.896 1414.816 1414.737 1414.657 1414.49 1414.12 1413.75 1413.381
1400.167 1400.373 1400.579 1400.785 1400.964 1401.071 1401.178 1401.286 1401.393 1401.536 1401.693 1401.85 1402.006 1402.164 1402.325 1402.487 1402.648 1402.81 1403.059 1403.353 1403.647 1403.941 1404.229 1404.479 1404.728 1404.977 1405.227 1405.529 1405.868 1406.206 1406.545 1406.885 1407.252 1407.62 1407.987 1408.354 1408.714 1409.067 1409.42 1409.773 1410.126 1410.493 1410.861 1411.228 1411.596 1411.963 1412.33 1412.698 1413.065 1413.432 1413.638 1413.829 1414.019 1414.209 1414.418 1414.658 1414.898 1415.138 1415.377 1415.374 1415.325 1415.275 1415.226 1415.102 1414.807 1414.511 1414.216
1400.154 1400.344 1400.534 1400.724 1400.901 1401.046 1401.191 1401.336 1401.48 1401.642 1401.809 1401.977 1402.144 1402.313 1402.491 1402.668 1402.846 1403.024 1403.279 1403.573 1403.866 1404.16 1404.453 1404.734 1405.016 1405.297 1405.579 1405.875 1406.182 1406.488 1406.794 1407.104 1407.471 1407.839 1408.206 1408.574 1408.925 1409.262 1409.599 1409.936 1410.272 1410.639 1411.007 1411.374 1411.742 1412.109 1412.476 1412.844 1413.211 1413.579 1413.828 1414.067 1414.306 1414.545 1414.792 1415.053 1415.314 1415.575 1415.837 1415.859 1415.837 1415.814 1415.792 1415.711 1415.496 1415.281 1415.067
1400.141 1400.315 1400.489 1400.662 1400.839 1401.021 1401.203 1401.386 1401.568 1401.747 1401.925 1402.103 1402.281 1402.463 1402.656 1402.85 1403.044 1403.237 1403.498 1403.792 1404.086 1404.38 1404.676 1404.99 1405.304 1405.618 1405.931 1406.222 1406.496 1406.77 1407.044 1407.323 1407.691 1408.058 1408.425 1408.793 1409.136 1409.457 1409.777 1410.098 1410.419 1410.786 1411.153 1411.52 1411.888 1412.255 1412.623 1412.99 1413.357 1413.725 1414.019 1414.306 1414.593 1414.88 1415.165 1415.448 1415.73 1416.013 1416.296 1416.345 1416.349 1416.353 1416.358 1416.32 1416.186 1416.052 1415.918
1400.128 1400.286 1400.443 1400.601 1400.776 1400.996 1401.216 1401.436 1401.656 1401.853 1402.041 1402.23 1402.419 1402.612 1402.822 1403.032 1403.241 1403.451 1403.717 1404.011 1404.305 1404.599 1404.9 1405.245 1405.592 1405.938 1406.284 1406.568 1406.81 1407.051 1407.293 1407.542 1407.91 1408.277 1408.645 1409.012 1409.347 1409.651 1409.956 1410.26 1410.565 1410.932 1411.299 1411.667 1412.034 1412.401 1412.769 1413.136 1413.504 1413.871 1414.209 1414.544 1414.88 1415.215 1415.539 1415.843 1416.147 1416.451 1416.755 1416.83 1416.861 1416.892 1416.923 1416.929 1416.875 1416.822 1416.768
1400.116 1400.26 1400.403 1400.547 1400.717 1400.958 1401.199 1401.441 1401.682 1401.895 1402.098 1402.302 1402.505 1402.711 1402.932 1403.152 1403.373 1403.593 1403.863 1404.157 1404.451 1404.744 1405.047 1405.403 1405.76 1406.116 1406.473 1406.752 1406.978 1407.203 1407.429 1407.663 1408.031 1408.398 1408.766 1409.133 1409.465 1409.764 1410.064 1410.363 1410.662 1411.032 1411.403 1411.774 1412.145 1412.516 1412.887 1413.258 1413.629 1414.0 1414.381 1414.763 1415.145 1415.527 1415.887 1416.213 1416.539 1416.864 1417.19 1417.295 1417.359 1417.422 1417.485 1417.538 1417.565 1417.592 1417.619
1400.108 1400.24 1400.373 1400.505 1400.665 1400.896 1401.126 1401.357 1401.587 1401.814 1402.038 1402.263 1402.488 1402.711 1402.932 1403.152 1403.373 1403.593 1403.863 1404.157 1404.451 1404.744 1405.042 1405.367 1405.691 1406.015 1406.34 1406.615 1406.857 1407.099 1407.341 1407.59 1407.958 1408.325 1408.693 1409.06 1409.4 1409.716 1410.031 1410.347 1410.662 1411.043 1411.425 1411.806 1412.188 1412.57 1412.952 1413.333 1413.715 1414.097 1414.518 1414.943 1415.368 1415.792 1416.188 1416.535 1416.882 1417.229 1417.576 1417.721 1417.827 1417.934 1418.04 1418.147 1418.254 1418.362 1418.47
1400.099 1400.221 1400.343 1400.465 1400.614 1400.833 1401.053 1401.273 1401.493 1401.732 1401.978 1402.224 1402.47 1402.711 1402.932 1403.152 1403.373 1403.593 1403.863 1404.157 1404.451 1404.744 1405.038 1405.33 1405.622 1405.915 1406.207 1406.479 1406.737 1406.995 1407.253 1407.517 1407.885 1408.252 1408.62 1408.987 1409.336 1409.667 1409.999 1410.33 1410.662 1411.053 1411.446 1411.838 1412.231 1412.623 1413.016 1413.408 1413.801 1414.193 1414.655 1415.122 1415.59 1416.058 1416.488 1416.857 1417.225 1417.594 1417.963 1418.147 1418.296 1418.445 1418.595 1418.756 1418.944 1419.132 1419.32
