data/zism_data/00205_04_D.txt
ncols         224
nrows         224
[rows 116 to 144 of 224, columns 130 to 194 of 224]
4534.801 4538.695 4542.59 4546.484 4550.379 4553.61 4556.778 4559.946 4563.113 4566.184 4569.094 4572.003 4574.913 4577.823 4579.194 4580.274 4581.354 4582.434 4583.402 4584.116 4584.83 4585.543 4586.257 4586.791 4587.271 4587.75 4588.23 4588.689 4589.078 4589.467 4589.855 4590.245 4590.724 4591.242 4591.761 4592.28 4592.783 4593.207 4593.63 4594.054 4594.477 4595.073 4595.773 4596.474 4597.174 4597.931 4599.29 4600.648 4602.006 4603.364 4606.116 4610.004 4613.892 4617.779 4621.708 4628.367 4635.027 4641.687 4648.346 4653.606 4657.339 4661.073 4664.806 4668.539 4674.116
4537.088 4540.982 4544.877 4548.771 4552.666 4555.932 4559.137 4562.343 4565.549 4568.666 4571.635 4574.604 4577.574 4580.543 4581.792 4582.714 4583.637 4584.56 4585.357 4585.871 4586.384 4586.897 4587.41 4587.848 4588.263 4588.677 4589.092 4589.478 4589.769 4590.061 4590.352 4590.643 4591.002 4591.391 4591.779 4592.168 4592.557 4592.948 4593.339 4593.729 4594.121 4594.664 4595.299 4595.934 4596.569 4597.221 4598.048 4598.875 4599.702 4600.529 4602.528 4605.484 4608.439 4611.395 4614.396 4620.475 4626.554 4632.634 4638.713 4643.614 4647.228 4650.842 4654.456 4658.07 4662.98
4540.469 4544.33 4548.19 4552.05 4555.911 4559.12 4562.268 4565.415 4568.563 4571.646 4574.623 4577.6 4580.577 4583.554 4584.661 4585.413 4586.165 4586.917 4587.53 4587.828 4588.126 4588.424 4588.722 4589.047 4589.38 4589.713 4590.046 4590.351 4590.558 4590.765 4590.972 4591.179 4591.431 4591.703 4591.975 4592.246 4592.53 4592.875 4593.22 4593.565 4593.91 4594.393 4594.958 4595.524 4596.089 4596.644 4597.077 4597.511 4597.944 4598.378 4599.763 4601.924 4604.084 4606.245 4608.453 4613.835 4619.217 4624.6 4629.982 4634.429 4637.856 4641.282 4644.709 4648.135 4652.572
4546.758 4550.494 4554.229 4557.965 4561.701 4564.612 4567.445 4570.278 4573.111 4575.95 4578.796 4581.644 4584.49 4587.337 4588.25 4588.796 4589.342 4589.888 4590.281 4590.324 4590.367 4590.41 4590.453 4590.623 4590.832 4591.041 4591.249 4591.446 4591.604 4591.763 4591.921 4592.079 4592.26 4592.45 4592.641 4592.831 4593.033 4593.297 4593.561 4593.825 4594.088 4594.49 4594.974 4595.458 4595.942 4596.42 4596.827 4597.233 4597.64 4598.046 4599.183 4600.915 4602.648 4604.38 4606.151 4610.525 4614.899 4619.273 4623.647 4627.392 4630.449 4633.507 4636.565 4639.623 4644.094
4553.047 4556.658 4560.269 4563.88 4567.491 4570.104 4572.623 4575.142 4577.66 4580.253 4582.97 4585.687 4588.404 4591.121 4591.84 4592.18 4592.52 4592.86 4593.032 4592.82 4592.608 4592.396 4592.184 4592.2 4592.284 4592.368 4592.452 4592.542 4592.651 4592.76 4592.87 4592.979 4593.088 4593.198 4593.307 4593.416 4593.537 4593.719 4593.901 4594.084 4594.267 4594.586 4594.989 4595.393 4595.795 4596.196 4596.576 4596.955 4597.334 4597.714 4598.603 4599.907 4601.211 4602.515 4603.85 4607.215 4610.581 4613.946 4617.312 4620.354 4623.043 4625.732 4628.422 4631.111 4635.617
4559.335 4562.822 4566.308 4569.794 4573.281 4575.597 4577.801 4580.005 4582.209 4584.557 4587.144 4589.73 4592.317 4594.904 4595.429 4595.563 4595.697 4595.831 4595.782 4595.315 4594.849 4594.382 4593.916 4593.776 4593.735 4593.695 4593.654 4593.637 4593.697 4593.758 4593.819 4593.879 4593.917 4593.945 4593.973 4594.0 4594.04 4594.141 4594.242 4594.344 4594.445 4594.683 4595.005 4595.327 4595.648 4595.973 4596.325 4596.677 4597.029 4597.382 4598.022 4598.898 4599.774 4600.65 4601.548 4603.905 4606.262 4608.62 4610.977 4613.316 4615.637 4617.958 4620.278 4622.599 4627.14
4565.625 4568.986 4572.348 4575.709 4579.071 4581.088 4582.978 4584.868 4586.758 4588.861 4591.317 4593.774 4596.231 4598.688 4599.019 4598.947 4598.875 4598.803 4598.533 4597.812 4597.09 4596.369 4595.647 4595.353 4595.187 4595.022 4594.856 4594.732 4594.744 4594.756 4594.768 4594.78 4594.746 4594.692 4594.639 4594.585 4594.543 4594.563 4594.583 4594.603 4594.623 4594.78 4595.021 4595.261 4595.501 4595.749 4596.074 4596.399 4596.724 4597.049 4597.442 4597.89 4598.337 4598.785 4599.246 4600.595 4601.944 4603.292 4604.642 4606.279 4608.231 4610.183 4612.135 4614.086 4618.662
4573.222 4576.271 4579.319 4582.368 4585.417 4587.299 4589.071 4590.843 4592.615 4594.676 4597.215 4599.755 4602.294 4604.834 4605.146 4605.036 4604.926 4604.816 4604.452 4603.508 4602.565 4601.621 4600.678 4600.082 4599.591 4599.101 4598.609 4598.153 4597.809 4597.465 4597.121 4596.777 4596.444 4596.117 4595.79 4595.462 4595.178 4595.125 4595.072 4595.019 4594.965 4595.055 4595.23 4595.405 4595.581 4595.765 4596.047 4596.329 4596.61 4596.892 4597.205 4597.544 4597.883 4598.222 4598.569 4599.503 4600.438 4601.372 4602.306 4603.553 4605.14 4606.728 4608.315 4609.902 4614.019
4581.244 4583.918 4586.593 4589.268 4591.942 4593.743 4595.46 4597.178 4598.896 4600.98 4603.671 4606.362 4609.054 4611.745 4612.095 4612.001 4611.908 4611.813 4611.397 4610.242 4609.087 4607.932 4606.777 4605.832 4604.951 4604.07 4603.189 4602.327 4601.527 4600.728 4599.928 4599.129 4598.424 4597.76 4597.097 4596.433 4595.855 4595.732 4595.608 4595.484 4595.361 4595.386 4595.502 4595.618 4595.733 4595.859 4596.092 4596.325 4596.558 4596.791 4597.079 4597.413 4597.746 4598.079 4598.418 4599.13 4599.842 4600.554 4601.266 4602.223 4603.447 4604.671 4605.896 4607.12 4610.618
4589.266 4591.566 4593.867 4596.167 4598.467 4600.186 4601.85 4603.513 4605.176 4607.284 4610.127 4612.97 4615.813 4618.656 4619.044 4618.967 4618.889 4618.812 4618.342 4616.976 4615.609 4614.243 4612.876 4611.583 4610.311 4609.04 4607.768 4606.5 4605.246 4603.991 4602.736 4601.481 4600.404 4599.404 4598.404 4597.404 4596.533 4596.339 4596.145 4595.951 4595.756 4595.718 4595.774 4595.831 4595.887 4595.954 4596.138 4596.322 4596.506 4596.69 4596.953 4597.281 4597.609 4597.937 4598.267 4598.757 4599.247 4599.736 4600.227 4600.894 4601.754 4602.615 4603.476 4604.336 4607.216
4597.288 4599.214 4601.141 4603.066 4604.993 4606.629 4608.239 4609.848 4611.457 4613.588 4616.583 4619.578 4622.573 4625.568 4625.994 4625.932 4625.871 4625.81 4625.287 4623.709 4622.131 4620.553 4618.975 4617.333 4615.671 4614.009 4612.347 4610.674 4608.964 4607.254 4605.543 4603.833 4602.384 4601.047 4599.711 4598.375 4597.21 4596.946 4596.681 4596.417 4596.152 4596.05 4596.046 4596.043 4596.04 4596.048 4596.183 4596.318 4596.454 4596.589 4596.827 4597.149 4597.472 4597.795 4598.117 4598.384 4598.651 4598.919 4599.187 4599.564 4600.061 4600.559 4601.056 4601.554 4603.815
4605.759 4607.337 4608.915 4610.493 4612.071 4613.589 4615.101 4616.614 4618.126 4620.252 4623.392 4626.532 4629.672 4632.813 4633.333 4633.356 4633.379 4633.402 4632.909 4631.234 4629.559 4627.884 4626.209 4624.247 4622.197 4620.147 4618.098 4616.03 4613.903 4611.776 4609.649 4607.522 4605.589 4603.741 4601.893 4600.044 4598.417 4597.961 4597.505 4597.049 4596.593 4596.385 4596.327 4596.269 4596.211 4596.166 4596.259 4596.352 4596.444 4596.537 4596.751 4597.065 4597.378 4597.691 4598.001 4598.094 4598.187 4598.28 4598.373 4598.526 4598.747 4598.967 4599.188 4599.408 4601.126
4615.673 4616.985 4618.298 4619.61 4620.922 4622.205 4623.484 4624.763 4626.042 4628.07 4631.335 4634.6 4637.865 4641.13 4641.925 4642.251 4642.578 4642.905 4642.705 4641.302 4639.898 4638.494 4637.09 4634.899 4632.47 4630.041 4627.611 4625.185 4622.765 4620.345 4617.925 4615.506 4612.733 4609.806 4606.878 4603.951 4601.325 4600.289 4599.253 4598.217 4597.18 4596.73 4596.634 4596.538 4596.442 4596.361 4596.432 4596.503 4596.574 4596.646 4596.838 4597.129 4597.421 4597.713 4598.001 4598.072 4598.143 4598.214 4598.286 4598.428 4598.648 4598.869 4599.089 4599.31 4600.727
4625.588 4626.634 4627.681 4628.728 4629.774 4630.821 4631.867 4632.913 4633.959 4635.888 4639.278 4642.667 4646.057 4649.447 4650.517 4651.147 4651.778 4652.408 4652.502 4651.369 4650.237 4649.104 4647.971 4645.551 4642.743 4639.934 4637.125 4634.339 4631.626 4628.914 4626.202 4623.489 4619.877 4615.871 4611.864 4607.858 4604.233 4602.617 4601.0 4599.384 4597.768 4597.075 4596.941 4596.808 4596.674 4596.556 4596.605 4596.655 4596.704 4596.753 4596.924 4597.194 4597.464 4597.734 4598.0 4598.05 4598.1 4598.149 4598.199 4598.33 4598.55 4598.771 4598.991 4599.211 4600.327
4635.502 4636.283 4637.064 4637.845 4638.626 4639.437 4640.25 4641.063 4641.875 4643.706 4647.221 4650.735 4654.25 4657.764 4659.109 4660.043 4660.977 4661.911 4662.298 4661.437 4660.575 4659.714 4658.852 4656.204 4653.015 4649.827 4646.639 4643.493 4640.488 4637.483 4634.478 4631.473 4627.021 4621.936 4616.851 4611.765 4607.141 4604.944 4602.748 4600.552 4598.355 4597.42 4597.249 4597.077 4596.905 4596.75 4596.778 4596.806 4596.834 4596.862 4597.011 4597.259 4597.507 4597.755 4598.0 4598.028 4598.056 4598.083 4598.111 4598.231 4598.452 4598.672 4598.893 4599.113 4599.927
4645.417 4645.932 4646.447 4646.962 4647.478 4648.052 4648.632 4649.212 4649.792 4651.524 4655.164 4658.803 4662.441 4666.081 4667.701 4668.938 4670.176 4671.414 4672.095 4671.504 4670.914 4670.323 4669.733 4666.855 4663.288 4659.72 4656.153 4652.647 4649.35 4646.052 4642.754 4639.456 4634.164 4628.0 4621.836 4615.672 4610.049 4607.272 4604.496 4601.719 4598.943 4597.766 4597.556 4597.346 4597.136 4596.945 4596.952 4596.958 4596.963 4596.97 4597.097 4597.324 4597.55 4597.777 4598.0 4598.006 4598.012 4598.019 4598.024 4598.133 4598.354 4598.574 4598.794 4599.015 4599.527
4655.715 4655.992 4656.269 4656.546 4656.823 4657.256 4657.704 4658.152 4658.601 4660.25 4663.885 4667.52 4671.155 4674.79 4676.524 4677.897 4679.271 4680.644 4681.496 4681.157 4680.818 4680.479 4680.141 4677.282 4673.662 4670.043 4666.423 4662.858 4659.475 4656.09 4652.707 4649.322 4643.65 4636.977 4630.304 4623.63 4617.392 4613.446 4609.501 4605.555 4601.61 4599.745 4599.139 4598.532 4597.925 4597.37 4597.346 4597.323 4597.299 4597.276 4597.368 4597.553 4597.738 4597.923 4598.106 4598.083 4598.059 4598.036 4598.012 4598.102 4598.314 4598.527 4598.74 4598.952 4599.321
4666.163 4666.212 4666.261 4666.311 4666.36 4666.689 4667.045 4667.401 4667.757 4669.328 4672.909 4676.49 4680.071 4683.652 4685.436 4686.88 4688.324 4689.768 4690.743 4690.648 4690.554 4690.458 4690.364 4687.62 4684.076 4680.533 4676.989 4673.481 4670.091 4666.702 4663.313 4659.923 4654.05 4647.089 4640.128 4633.167 4626.464 4621.12 4615.776 4610.432 4605.088 4602.362 4601.218 4600.075 4598.932 4597.883 4597.827 4597.771 4597.715 4597.659 4597.709 4597.846 4597.982 4598.119 4598.253 4598.197 4598.141 4598.085 4598.029 4598.097 4598.298 4598.5 4598.702 4598.904 4599.19
4676.61 4676.432 4676.253 4676.075 4675.897 4676.123 4676.386 4676.65 4676.914 4678.407 4681.934 4685.46 4688.987 4692.514 4694.349 4695.863 4697.377 4698.892 4699.991 4700.14 4700.289 4700.438 4700.586 4697.958 4694.49 4691.022 4687.554 4684.104 4680.708 4677.314 4673.919 4670.524 4664.449 4657.201 4649.953 4642.705 4635.537 4628.794 4622.052 4615.309 4608.566 4604.979 4603.298 4601.618 4599.938 4598.397 4598.309 4598.22 4598.131 4598.043 4598.051 4598.139 4598.227 4598.314 4598.4 4598.312 4598.223 4598.135 4598.046 4598.091 4598.282 4598.473 4598.664 4598.855 4599.06
4687.058 4686.652 4686.246 4685.84 4685.434 4685.556 4685.728 4685.899 4686.071 4687.486 4690.958 4694.431 4697.903 4701.375 4703.261 4704.846 4706.431 4708.016 4709.238 4709.631 4710.024 4710.417 4710.81 4708.296 4704.904 4701.512 4698.12 4694.727 4691.326 4687.926 4684.525 4681.125 4674.849 4667.313 4659.778 4652.242 4644.61 4636.468 4628.327 4620.186 4612.044 4607.595 4605.378 4603.162 4600.945 4598.911 4598.79 4598.668 4598.547 4598.426 4598.394 4598.432 4598.471 4598.51 4598.547 4598.426 4598.305 4598.184 4598.063 4598.086 4598.266 4598.446 4598.626 4598.807 4598.929
4697.945 4697.262 4696.579 4695.896 4695.213 4695.166 4695.179 4695.191 4695.205 4696.485 4699.861 4703.238 4706.615 4709.992 4711.955 4713.651 4715.347 4717.042 4718.426 4719.098 4719.771 4720.442 4721.114 4718.826 4715.645 4712.463 4709.281 4706.021 4702.5 4698.978 4695.457 4691.935 4685.457 4677.684 4669.911 4662.139 4654.116 4644.772 4635.429 4626.085 4616.741 4611.424 4608.542 4605.66 4602.778 4600.123 4599.855 4599.588 4599.321 4599.054 4598.916 4598.883 4598.851 4598.818 4598.783 4598.622 4598.461 4598.3 4598.139 4598.132 4598.293 4598.455 4598.617 4598.778 4598.832
4710.571 4709.417 4708.262 4707.107 4705.953 4705.478 4705.068 4704.658 4704.248 4705.167 4708.283 4711.4 4714.516 4717.633 4719.783 4721.75 4723.716 4725.683 4727.383 4728.472 4729.562 4730.651 4731.74 4730.12 4727.681 4725.242 4722.803 4719.979 4715.877 4711.776 4707.674 4703.573 4696.891 4689.08 4681.27 4673.459 4665.337 4655.57 4645.804 4636.037 4626.271 4620.062 4616.003 4611.944 4607.885 4604.104 4603.241 4602.377 4601.514 4600.65 4600.155 4599.959 4599.764 4599.568 4599.373 4599.141 4598.909 4598.677 4598.446 4598.379 4598.492 4598.604 4598.717 4598.831 4598.871
4723.197 4721.571 4719.945 4718.319 4716.693 4715.791 4714.958 4714.125 4713.292 4713.849 4716.705 4719.562 4722.417 4725.274 4727.61 4729.848 4732.086 4734.324 4736.339 4737.846 4739.353 4740.86 4742.367 4741.414 4739.717 4738.021 4736.325 4733.937 4729.255 4724.574 4719.892 4715.21 4708.326 4700.477 4692.628 4684.78 4676.559 4666.369 4656.18 4645.99 4635.801 4628.699 4623.463 4618.229 4612.993 4608.086 4606.626 4605.167 4603.706 4602.246 4601.393 4601.035 4600.677 4600.319 4599.961 4599.66 4599.357 4599.055 4598.753 4598.626 4598.69 4598.754 4598.818 4598.882 4598.91
4735.823 4733.726 4731.628 4729.53 4727.432 4726.103 4724.847 4723.591 4722.335 4722.531 4725.127 4727.723 4730.319 4732.915 4735.438 4737.947 4740.456 4742.964 4745.295 4747.22 4749.145 4751.069 4752.993 4752.708 4751.754 4750.801 4749.847 4747.895 4742.633 4737.372 4732.109 4726.848 4719.76 4711.874 4703.987 4696.101 4687.78 4677.167 4666.555 4655.942 4645.331 4637.336 4630.924 4624.512 4618.101 4612.068 4610.012 4607.955 4605.899 4603.842 4602.632 4602.111 4601.59 4601.069 4600.551 4600.178 4599.806 4599.433 4599.061 4598.874 4598.889 4598.904 4598.919 4598.935 4598.949
4748.45 4745.88 4743.311 4740.741 4738.172 4736.416 4734.737 4733.058 4731.379 4731.213 4733.549 4735.885 4738.22 4740.556 4743.265 4746.045 4748.825 4751.605 4754.252 4756.594 4758.936 4761.278 4763.62 4764.001 4763.791 4763.58 4763.369 4761.853 4756.011 4750.169 4744.327 4738.485 4731.195 4723.27 4715.346 4707.421 4699.001 4687.965 4676.931 4665.895 4654.86 4645.973 4638.385 4630.796 4623.208 4616.05 4613.397 4610.744 4608.091 4605.438 4603.87 4603.187 4602.503 4601.82 4601.14 4600.697 4600.254 4599.811 4599.368 4599.121 4599.087 4599.053 4599.02 4598.986 4598.988
4759.063 4756.144 4753.225 4750.306 4747.388 4745.252 4743.191 4741.13 4739.069 4738.619 4740.831 4743.044 4745.256 4747.469 4750.53 4753.751 4756.973 4760.194 4763.325 4766.247 4769.169 4772.092 4775.015 4776.033 4776.476 4776.919 4777.362 4776.179 4769.609 4763.039 4756.469 4749.899 4742.479 4734.687 4726.895 4719.103 4710.767 4699.564 4688.362 4677.159 4665.957 4656.576 4648.297 4640.018 4631.739 4623.917 4620.894 4617.871 4614.847 4611.824 4609.773 4608.516 4607.259 4606.001 4604.747 4603.674 4602.601 4601.527 4600.455 4599.8 4599.603 4599.406 4599.208 4599.011 4599.0
4768.744 4765.532 4762.32 4759.109 4755.897 4753.405 4750.98 4748.556 4746.132 4745.433 4747.585 4749.739 4751.892 4754.045 4757.533 4761.275 4765.017 4768.759 4772.451 4776.03 4779.608 4783.187 4786.765 4788.406 4789.462 4790.518 4791.573 4790.676 4783.309 4775.942 4768.575 4761.208 4753.692 4746.112 4738.531 4730.95 4722.785 4711.533 4700.282 4689.031 4677.78 4668.09 4659.345 4650.599 4641.854 4633.583 4630.294 4627.005 4623.717 4620.428 4617.837 4615.815 4613.793 4611.772 4609.751 4607.789 4605.827 4603.864 4601.902 4600.68 4600.266 4599.852 4599.438 4599.024 4599.0
4778.424 4774.92 4771.416 4767.911 4764.407 4761.557 4758.77 4755.982 4753.195 4752.247 4754.34 4756.434 4758.527 4760.621 4764.537 4768.799 4773.062 4777.324 4781.578 4785.813 4790.047 4794.281 4798.516 4800.779 4802.448 4804.116 4805.785 4805.173 4797.009 4788.845 4780.681 4772.517 4764.906 4757.537 4750.167 4742.798 4734.803 4723.502 4712.203 4700.902 4689.603 4679.604 4670.392 4661.181 4651.969 4643.249 4639.695 4636.141 4632.586 4629.032 4625.9 4623.114 4620.328 4617.542 4614.755 4611.904 4609.052 4606.201 4603.35 4601.561 4600.929 4600.298 4599.667 4599.037 4599.0
4788.105 4784.308 4780.511 4776.714 4772.917 4769.71 4766.559 4763.409 4760.258 4759.061 4761.095 4763.128 4765.162 4767.196 4771.541 4776.323 4781.106 4785.889 4790.705 4795.595 4800.485 4805.376 4810.267 4813.153 4815.434 4817.714 4819.996 4819.67 4810.708 4801.748 4792.787 4783.826 4776.12 4768.962 4761.804 4754.646 4746.82 4735.472 4724.123 4712.774 4701.425 4691.118 4681.44 4671.762 4662.084 4652.916 4649.096 4645.275 4641.456 4637.636 4633.964 4630.414 4626.863 4623.313 4619.759 4616.019 4612.278 4608.538 4604.797 4602.44 4601.593 4600.745 4599.897 4599.049 4599.0
