data/zism_data/00200_03_D.txt
ncols         224
nrows         224
[rows 0 to 28 of 224, columns 0 to 63 of 224]
4407.104 4402.968 4398.833 4394.696 4390.912 4388.051 4385.189 4382.329 4379.467 4376.711 4373.991 4371.271 4368.552 4365.778 4362.792 4359.806 4356.82 4353.834 4350.946 4348.107 4345.268 4342.428 4339.529 4336.231 4332.934 4329.636 4326.338 4322.609 4318.585 4314.562 4310.538 4306.662 4305.174 4303.687 4302.199 4300.711 4300.0 4300.0 4300.0 4300.0 4300.0 4300.0 4300.0 4300.0 4300.0 4300.029 4300.094 4300.158 4300.223 4300.288 4301.092 4301.967 4302.843 4303.718 4305.469 4308.67 4311.871 4315.072 4318.273 4322.352 4326.597 4330.842 4335.087 4339.082
4409.44 4405.025 4400.609 4396.193 4392.213 4389.379 4386.545 4383.71 4380.876 4378.063 4375.257 4372.452 4369.646 4366.784 4363.701 4360.619 4357.536 4354.453 4351.468 4348.531 4345.595 4342.659 4339.671 4336.341 4333.011 4329.681 4326.352 4322.571 4318.482 4314.395 4310.306 4306.373 4304.949 4303.526 4302.104 4300.681 4300.0 4300.0 4300.0 4300.0 4300.0 4300.0 4300.0 4300.0 4300.0 4300.043 4300.141 4300.237 4300.334 4300.431 4301.504 4302.67 4303.836 4305.001 4306.928 4310.113 4313.297 4316.482 4319.667 4323.458 4327.364 4331.271 4335.177 4338.851
4411.777 4407.082 4402.386 4397.69 4393.515 4390.708 4387.9 4385.093 4382.286 4379.416 4376.524 4373.632 4370.74 4367.79 4364.61 4361.431 4358.251 4355.071 4351.989 4348.956 4345.923 4342.89 4339.814 4336.452 4333.089 4329.727 4326.364 4322.532 4318.379 4314.227 4310.074 4306.083 4304.725 4303.366 4302.008 4300.649 4300.0 4300.0 4300.0 4300.0 4300.0 4300.0 4300.0 4300.0 4300.0 4300.058 4300.188 4300.316 4300.446 4300.575 4301.916 4303.373 4304.829 4306.286 4308.387 4311.556 4314.724 4317.893 4321.062 4324.565 4328.132 4331.699 4335.266 4338.621
4413.867 4408.993 4404.119 4399.245 4394.937 4392.118 4389.299 4386.48 4383.661 4380.753 4377.813 4374.875 4371.935 4368.934 4365.686 4362.438 4359.19 4355.943 4352.772 4349.64 4346.507 4343.375 4340.201 4336.751 4333.301 4329.851 4326.4 4322.511 4318.323 4314.134 4309.946 4305.924 4304.601 4303.278 4301.956 4300.633 4300.0 4300.0 4300.0 4300.0 4300.0 4300.0 4300.0 4300.0 4300.0 4300.064 4300.206 4300.348 4300.49 4300.633 4302.105 4303.705 4305.305 4306.904 4309.062 4312.142 4315.222 4318.301 4321.381 4324.637 4327.925 4331.213 4334.502 4337.603
4415.655 4410.727 4405.799 4400.872 4396.508 4393.63 4390.751 4387.873 4384.995 4382.071 4379.132 4376.193 4373.254 4370.245 4366.965 4363.686 4360.406 4357.125 4353.876 4350.641 4347.407 4344.172 4340.889 4337.282 4333.676 4330.07 4326.463 4322.511 4318.323 4314.134 4309.946 4305.924 4304.601 4303.278 4301.956 4300.633 4300.0 4300.0 4300.0 4300.0 4300.0 4300.0 4300.0 4300.0 4300.0 4300.059 4300.19 4300.322 4300.453 4300.584 4302.022 4303.584 4305.146 4306.708 4308.775 4311.677 4314.58 4317.482 4320.384 4323.439 4326.523 4329.607 4332.691 4335.618
4417.442 4412.46 4407.479 4402.498 4398.079 4395.141 4392.204 4389.266 4386.329 4383.39 4380.451 4377.511 4374.572 4371.557 4368.245 4364.933 4361.621 4358.309 4354.979 4351.643 4348.306 4344.969 4341.577 4337.814 4334.052 4330.289 4326.527 4322.511 4318.323 4314.134 4309.946 4305.924 4304.601 4303.278 4301.956 4300.633 4300.0 4300.0 4300.0 4300.0 4300.0 4300.0 4300.0 4300.0 4300.0 4300.054 4300.175 4300.295 4300.416 4300.537 4301.939 4303.463 4304.987 4306.512 4308.488 4311.213 4313.938 4316.663 4319.387 4322.242 4325.121 4328.0 4330.88 4333.634
4419.23 4414.194 4409.159 4404.124 4399.649 4396.653 4393.656 4390.659 4387.663 4384.708 4381.769 4378.83 4375.891 4372.869 4369.525 4366.18 4362.835 4359.491 4356.083 4352.644 4349.205 4345.766 4342.264 4338.346 4334.427 4330.509 4326.59 4322.511 4318.323 4314.134 4309.946 4305.924 4304.601 4303.278 4301.956 4300.633 4300.0 4300.0 4300.0 4300.0 4300.0 4300.0 4300.0 4300.0 4300.0 4300.049 4300.159 4300.269 4300.379 4300.489 4301.855 4303.342 4304.829 4306.315 4308.202 4310.749 4313.296 4315.843 4318.39 4321.044 4323.719 4326.394 4329.069 4331.649
4421.017 4415.928 4410.839 4405.75 4401.22 4398.164 4395.108 4392.052 4388.997 4386.027 4383.087 4380.148 4377.209 4374.181 4370.804 4367.427 4364.051 4360.674 4357.187 4353.646 4350.104 4346.563 4342.952 4338.877 4334.803 4330.728 4326.653 4322.511 4318.323 4314.134 4309.946 4305.924 4304.601 4303.278 4301.956 4300.633 4300.0 4300.0 4300.0 4300.0 4300.0 4300.0 4300.0 4300.0 4300.0 4300.044 4300.144 4300.243 4300.342 4300.441 4301.772 4303.221 4304.67 4306.119 4307.915 4310.285 4312.654 4315.023 4317.393 4319.847 4322.317 4324.788 4327.258 4329.665
4423.285 4418.166 4413.047 4407.928 4403.325 4400.08 4396.834 4393.588 4390.342 4387.359 4384.468 4381.577 4378.687 4375.687 4372.258 4368.83 4365.401 4361.973 4358.352 4354.636 4350.92 4347.204 4343.426 4339.244 4335.062 4330.879 4326.697 4322.511 4318.323 4314.134 4309.946 4305.924 4304.601 4303.278 4301.956 4300.633 4300.0 4300.0 4300.0 4300.0 4300.0 4300.0 4300.0 4300.0 4300.0 4300.035 4300.114 4300.192 4300.271 4300.35 4301.469 4302.687 4303.904 4305.122 4306.705 4308.892 4311.079 4313.266 4315.453 4317.82 4320.221 4322.622 4325.023 4327.387
4425.607 4420.461 4415.316 4410.17 4405.491 4402.041 4398.59 4395.14 4391.69 4388.693 4385.856 4383.019 4380.182 4377.214 4373.731 4370.25 4366.767 4363.285 4359.524 4355.625 4351.726 4347.827 4343.877 4339.592 4335.308 4331.023 4326.739 4322.511 4318.323 4314.134 4309.946 4305.924 4304.601 4303.278 4301.956 4300.633 4300.0 4300.0 4300.0 4300.0 4300.0 4300.0 4300.0 4300.0 4300.0 4300.026 4300.083 4300.14 4300.197 4300.254 4301.14 4302.105 4303.07 4304.035 4305.391 4307.395 4309.399 4311.403 4313.407 4315.699 4318.047 4320.394 4322.741 4325.076
4427.929 4422.757 4417.584 4412.411 4407.657 4404.001 4400.347 4396.692 4393.037 4390.026 4387.244 4384.46 4381.677 4378.741 4375.205 4371.669 4368.133 4364.597 4360.696 4356.614 4352.532 4348.45 4344.328 4339.94 4335.554 4331.167 4326.78 4322.511 4318.323 4314.134 4309.946 4305.924 4304.601 4303.278 4301.956 4300.633 4300.0 4300.0 4300.0 4300.0 4300.0 4300.0 4300.0 4300.0 4300.0 4300.016 4300.052 4300.087 4300.123 4300.158 4300.812 4301.523 4302.235 4302.947 4304.077 4305.898 4307.719 4309.54 4311.361 4313.579 4315.873 4318.166 4320.459 4322.764
4430.251 4425.052 4419.853 4414.653 4409.822 4405.963 4402.104 4398.244 4394.385 4391.36 4388.631 4385.902 4383.172 4380.269 4376.679 4373.089 4369.499 4365.909 4361.869 4357.603 4353.338 4349.072 4344.778 4340.289 4335.8 4331.311 4326.822 4322.511 4318.323 4314.134 4309.946 4305.924 4304.601 4303.278 4301.956 4300.633 4300.0 4300.0 4300.0 4300.0 4300.0 4300.0 4300.0 4300.0 4300.0 4300.006 4300.021 4300.034 4300.048 4300.063 4300.483 4300.942 4301.4 4301.859 4302.763 4304.401 4306.039 4307.677 4309.314 4311.458 4313.698 4315.938 4318.177 4320.453
4432.562 4427.384 4422.207 4417.029 4412.154 4408.079 4404.004 4399.929 4395.854 4392.756 4390.004 4387.252 4384.5 4381.564 4377.907 4374.25 4370.593 4366.937 4362.797 4358.416 4354.035 4349.654 4345.251 4340.707 4336.163 4331.618 4327.073 4322.734 4318.534 4314.334 4310.135 4306.1 4304.738 4303.375 4302.014 4300.651 4300.0 4300.0 4300.0 4300.0 4300.0 4300.0 4300.0 4300.0 4300.0 4300.0 4300.0 4300.0 4300.0 4300.0 4300.248 4300.52 4300.791 4301.063 4301.769 4303.193 4304.619 4306.043 4307.468 4309.497 4311.64 4313.782 4315.925 4318.131
4434.851 4429.787 4424.722 4419.657 4414.799 4410.487 4406.175 4401.863 4397.551 4394.269 4391.35 4388.431 4385.512 4382.424 4378.676 4374.928 4371.179 4367.431 4363.268 4358.897 4354.527 4350.157 4345.769 4341.256 4336.744 4332.232 4327.72 4323.374 4319.142 4314.91 4310.678 4306.606 4305.131 4303.656 4302.181 4300.706 4300.0 4300.0 4300.0 4300.0 4300.0 4300.0 4300.0 4300.0 4300.0 4300.0 4300.0 4300.0 4300.0 4300.0 4300.189 4300.396 4300.603 4300.81 4301.374 4302.53 4303.686 4304.842 4305.998 4307.833 4309.799 4311.764 4313.729 4315.791
4437.141 4432.188 4427.237 4422.285 4417.444 4412.896 4408.347 4403.798 4399.249 4395.781 4392.695 4389.609 4386.523 4383.285 4379.445 4375.605 4371.765 4367.925 4363.739 4359.379 4355.02 4350.661 4346.286 4341.806 4337.326 4332.846 4328.366 4324.014 4319.75 4315.486 4311.221 4307.112 4305.524 4303.936 4302.348 4300.76 4300.0 4300.0 4300.0 4300.0 4300.0 4300.0 4300.0 4300.0 4300.0 4300.0 4300.0 4300.0 4300.0 4300.0 4300.13 4300.272 4300.415 4300.557 4300.979 4301.866 4302.753 4303.64 4304.526 4306.17 4307.958 4309.746 4311.533 4313.45
4439.43 4434.591 4429.752 4424.914 4420.089 4415.304 4410.518 4405.732 4400.947 4397.294 4394.041 4390.789 4387.536 4384.145 4380.214 4376.282 4372.351 4368.419 4364.21 4359.861 4355.513 4351.164 4346.803 4342.355 4337.907 4333.459 4329.012 4324.654 4320.357 4316.061 4311.765 4307.619 4305.917 4304.216 4302.515 4300.813 4300.0 4300.0 4300.0 4300.0 4300.0 4300.0 4300.0 4300.0 4300.0 4300.0 4300.0 4300.0 4300.0 4300.0 4300.071 4300.148 4300.227 4300.304 4300.585 4301.203 4301.82 4302.438 4303.056 4304.507 4306.117 4307.727 4309.337 4311.109
4441.719 4436.993 4432.267 4427.542 4422.734 4417.711 4412.689 4407.667 4402.645 4398.807 4395.387 4391.967 4388.547 4385.005 4380.982 4376.959 4372.937 4368.914 4364.681 4360.343 4356.005 4351.667 4347.319 4342.904 4338.489 4334.073 4329.658 4325.294 4320.965 4316.637 4312.308 4308.125 4306.311 4304.496 4302.682 4300.868 4300.0 4300.0 4300.0 4300.0 4300.0 4300.0 4300.0 4300.0 4300.0 4300.0 4300.0 4300.0 4300.0 4300.0 4300.012 4300.025 4300.038 4300.051 4300.191 4300.539 4300.888 4301.236 4301.584 4302.844 4304.276 4305.709 4307.141 4308.768
4444.231 4439.605 4434.98 4430.354 4425.623 4420.612 4415.602 4410.591 4405.581 4401.563 4397.895 4394.227 4390.559 4386.819 4382.799 4378.779 4374.759 4370.739 4366.612 4362.431 4358.25 4354.068 4349.863 4345.497 4341.131 4336.765 4332.399 4328.018 4323.627 4319.236 4314.845 4310.58 4308.365 4306.15 4303.936 4301.721 4300.585 4300.44 4300.294 4300.148 4300.002 4300.0 4300.0 4300.0 4300.0 4300.0 4300.0 4300.0 4300.0 4300.0 4300.0 4300.0 4300.0 4300.0 4300.091 4300.333 4300.576 4300.818 4301.061 4302.089 4303.267 4304.444 4305.622 4307.0
4446.8 4442.271 4437.743 4433.214 4428.574 4423.639 4418.704 4413.769 4408.833 4404.636 4400.699 4396.761 4392.824 4388.875 4384.883 4380.89 4376.896 4372.903 4368.914 4364.927 4360.939 4356.952 4352.922 4348.61 4344.298 4339.985 4335.673 4331.273 4326.812 4322.351 4317.89 4313.531 4310.843 4308.154 4305.466 4302.778 4301.32 4300.991 4300.663 4300.333 4300.005 4300.0 4300.0 4300.0 4300.0 4300.0 4300.0 4300.0 4300.0 4300.0 4300.0 4300.0 4300.0 4300.0 4300.067 4300.245 4300.423 4300.601 4300.778 4301.565 4302.468 4303.372 4304.274 4305.378
4449.369 4444.938 4440.506 4436.074 4431.524 4426.665 4421.805 4416.945 4412.085 4407.708 4403.502 4399.296 4395.09 4390.932 4386.966 4383.0 4379.034 4375.067 4371.216 4367.422 4363.629 4359.835 4355.981 4351.723 4347.464 4343.206 4338.948 4334.527 4329.996 4325.465 4320.934 4316.482 4313.32 4310.159 4306.997 4303.834 4302.055 4301.543 4301.031 4300.52 4300.007 4300.0 4300.0 4300.0 4300.0 4300.0 4300.0 4300.0 4300.0 4300.0 4300.0 4300.0 4300.0 4300.0 4300.042 4300.156 4300.269 4300.382 4300.496 4301.042 4301.67 4302.299 4302.927 4303.757
4451.938 4447.604 4443.269 4438.934 4434.476 4429.691 4424.906 4420.122 4415.337 4410.782 4406.306 4401.831 4397.355 4392.989 4389.049 4385.11 4381.171 4377.231 4373.519 4369.918 4366.319 4362.719 4359.04 4354.835 4350.631 4346.427 4342.222 4337.782 4333.181 4328.58 4323.979 4319.434 4315.798 4312.163 4308.527 4304.891 4302.79 4302.095 4301.4 4300.705 4300.01 4300.0 4300.0 4300.0 4300.0 4300.0 4300.0 4300.0 4300.0 4300.0 4300.0 4300.0 4300.0 4300.0 4300.019 4300.067 4300.116 4300.165 4300.213 4300.518 4300.872 4301.226 4301.58 4302.135
4454.899 4450.655 4446.41 4442.166 4437.788 4433.06 4428.333 4423.605 4418.877 4414.17 4409.471 4404.771 4400.072 4395.527 4391.588 4387.649 4383.71 4379.771 4376.126 4372.627 4369.128 4365.629 4362.042 4357.867 4353.693 4349.518 4345.344 4340.882 4336.225 4331.567 4326.909 4322.287 4318.25 4314.211 4310.174 4306.136 4303.721 4302.794 4301.867 4300.94 4300.014 4300.0 4300.0 4300.0 4300.0 4300.0 4300.0 4300.0 4300.0 4300.0 4300.0 4300.0 4300.0 4300.0 4300.0 4300.0 4300.0 4300.0 4300.0 4300.117 4300.256 4300.395 4300.534 4300.863
4459.058 4454.883 4450.708 4446.534 4442.207 4437.479 4432.752 4428.024 4423.296 4418.526 4413.74 4408.955 4404.169 4399.539 4395.52 4391.5 4387.48 4383.461 4379.666 4375.984 4372.302 4368.62 4364.869 4360.651 4356.433 4352.216 4347.998 4343.509 4338.835 4334.162 4329.488 4324.84 4320.62 4316.398 4312.178 4307.957 4305.255 4303.946 4302.637 4301.328 4300.019 4300.0 4300.0 4300.0 4300.0 4300.0 4300.0 4300.0 4300.0 4300.0 4300.0 4300.0 4300.0 4300.0 4300.0 4300.0 4300.0 4300.0 4300.0 4300.09 4300.196 4300.303 4300.41 4300.663
4463.216 4459.112 4455.007 4450.902 4446.626 4441.898 4437.171 4432.443 4427.716 4422.882 4418.01 4413.138 4408.267 4403.551 4399.451 4395.351 4391.25 4387.15 4383.207 4379.342 4375.477 4371.612 4367.695 4363.435 4359.174 4354.913 4350.652 4346.137 4341.447 4336.757 4332.067 4327.393 4322.989 4318.585 4314.182 4309.778 4306.79 4305.098 4303.407 4301.716 4300.024 4300.0 4300.0 4300.0 4300.0 4300.0 4300.0 4300.0 4300.0 4300.0 4300.0 4300.0 4300.0 4300.0 4300.0 4300.0 4300.0 4300.0 4300.0 4300.063 4300.137 4300.211 4300.286 4300.462
4467.375 4463.34 4459.306 4455.271 4451.045 4446.318 4441.59 4436.863 4432.135 4427.237 4422.279 4417.322 4412.364 4407.563 4403.382 4399.201 4395.021 4390.839 4386.747 4382.699 4378.651 4374.603 4370.522 4366.218 4361.915 4357.611 4353.307 4348.764 4344.058 4339.352 4334.646 4329.946 4325.359 4320.772 4316.186 4311.599 4308.323 4306.25 4304.177 4302.104 4300.03 4300.0 4300.0 4300.0 4300.0 4300.0 4300.0 4300.0 4300.0 4300.0 4300.0 4300.0 4300.0 4300.0 4300.0 4300.0 4300.0 4300.0 4300.0 4300.035 4300.078 4300.12 4300.162 4300.262
4471.534 4467.569 4463.604 4459.639 4455.464 4450.737 4446.009 4441.282 4436.554 4431.593 4426.549 4421.505 4416.461 4411.576 4407.314 4403.052 4398.791 4394.529 4390.288 4386.056 4381.825 4377.594 4373.349 4369.001 4364.655 4360.308 4355.961 4351.392 4346.669 4341.947 4337.225 4332.5 4327.729 4322.959 4318.189 4313.42 4309.857 4307.402 4304.946 4302.491 4300.036 4300.0 4300.0 4300.0 4300.0 4300.0 4300.0 4300.0 4300.0 4300.0 4300.0 4300.0 4300.0 4300.0 4300.0 4300.0 4300.0 4300.0 4300.0 4300.008 4300.018 4300.028 4300.038 4300.061
4476.267 4472.263 4468.26 4464.256 4460.064 4455.374 4450.684 4445.994 4441.304 4436.382 4431.379 4426.377 4421.374 4416.474 4411.978 4407.482 4402.986 4398.49 4393.994 4389.498 4385.001 4380.504 4376.018 4371.594 4367.171 4362.747 4358.324 4353.735 4349.034 4344.333 4339.632 4334.924 4330.106 4325.288 4320.47 4315.652 4311.883 4309.075 4306.268 4303.46 4300.652 4300.479 4300.344 4300.209 4300.074 4300.0 4300.0 4300.0 4300.0 4300.0 4300.0 4300.0 4300.0 4300.0 4300.0 4300.0 4300.0 4300.0 4300.0 4300.0 4300.0 4300.0 4300.0 4300.0
4481.251 4477.162 4473.072 4468.982 4464.743 4460.106 4455.47 4450.833 4446.197 4441.362 4436.456 4431.55 4426.644 4421.76 4416.962 4412.165 4407.368 4402.57 4397.772 4392.975 4388.177 4383.379 4378.618 4374.104 4369.588 4365.073 4360.558 4355.955 4351.292 4346.628 4341.965 4337.293 4332.486 4327.679 4322.871 4318.064 4314.123 4310.976 4307.83 4304.683 4301.536 4301.167 4300.838 4300.509 4300.181 4300.0 4300.0 4300.0 4300.0 4300.0 4300.0 4300.0 4300.0 4300.0 4300.0 4300.0 4300.0 4300.0 4300.0 4300.0 4300.0 4300.0 4300.0 4300.0
4486.235 4482.06 4477.884 4473.708 4469.421 4464.838 4460.256 4455.673 4451.091 4446.341 4441.532 4436.723 4431.914 4427.046 4421.947 4416.848 4411.75 4406.651 4401.552 4396.452 4391.353 4386.254 4381.219 4376.612 4372.006 4367.399 4362.793 4358.175 4353.549 4348.924 4344.298 4339.663 4334.866 4330.069 4325.272 4320.476 4316.363 4312.877 4309.392 4305.906 4302.42 4301.854 4301.333 4300.81 4300.288 4300.0 4300.0 4300.0 4300.0 4300.0 4300.0 4300.0 4300.0 4300.0 4300.0 4300.0 4300.0 4300.0 4300.0 4300.0 4300.0 4300.0 4300.0 4300.0
