data/zism_data/00209_02_D.txt
ncols         224
nrows         224
[rows 84 to 111 of 224, columns 0 to 62 of 224]
1494.934 1495.562 1496.19 1495.582 1493.458 1491.334 1489.21 1487.086 1485.189 1483.319 1481.449 1479.579 1477.628 1475.526 1473.424 1471.322 1469.22 1459.67 1448.223 1436.777 1425.33 1413.218 1399.067 1384.916 1370.764 1356.614 1354.801 1358.386 1361.972 1365.557 1369.738 1377.432 1385.125 1392.819 1400.512 1401.402 1397.645 1393.888 1390.131 1386.114 1376.358 1366.603 1356.848 1347.092 1338.115 1329.94 1321.765 1313.59 1305.415 1306.162 1307.458 1308.755 1310.051 1315.135 1326.111 1337.086 1348.062 1359.037 1367.161 1374.744 1382.326 1389.909 1395.758
1495.061 1496.119 1497.178 1497.077 1495.556 1494.035 1492.514 1490.992 1489.709 1488.452 1487.195 1485.939 1484.487 1482.671 1480.854 1479.037 1477.221 1467.853 1456.562 1445.272 1433.982 1422.168 1408.754 1395.341 1381.927 1368.513 1367.618 1372.199 1376.78 1381.361 1386.326 1393.557 1400.788 1408.019 1415.25 1415.107 1409.929 1404.751 1399.573 1394.153 1383.396 1372.64 1361.883 1351.127 1341.361 1332.616 1323.87 1315.124 1306.378 1307.676 1309.591 1311.506 1313.422 1319.226 1331.079 1342.932 1354.785 1366.638 1374.58 1381.78 1388.981 1396.181 1401.55
1490.767 1491.9 1493.034 1493.3 1492.502 1491.704 1490.907 1490.109 1489.86 1489.673 1489.487 1489.3 1488.633 1487.069 1485.504 1483.939 1482.374 1473.31 1462.336 1451.363 1440.39 1429.003 1416.35 1403.697 1391.044 1378.392 1378.402 1383.952 1389.502 1395.052 1400.799 1407.704 1414.609 1421.515 1428.42 1427.654 1421.649 1415.644 1409.639 1403.379 1391.517 1379.656 1367.794 1355.932 1345.322 1335.999 1326.676 1317.353 1308.03 1310.009 1312.684 1315.36 1318.035 1324.44 1336.647 1348.854 1361.061 1373.268 1380.912 1387.69 1394.468 1401.245 1406.126
1483.8 1484.793 1485.787 1486.334 1486.333 1486.332 1486.331 1486.33 1487.371 1488.53 1489.688 1490.847 1491.139 1489.805 1488.472 1487.139 1485.805 1477.118 1466.559 1456.001 1445.442 1434.558 1422.68 1410.803 1398.925 1387.047 1387.956 1394.459 1400.961 1407.464 1413.99 1420.654 1427.317 1433.98 1440.643 1439.5 1433.027 1426.554 1420.08 1413.322 1400.292 1387.263 1374.233 1361.203 1349.714 1339.809 1329.905 1320.001 1310.096 1312.838 1316.359 1319.879 1323.399 1330.334 1342.578 1354.823 1367.068 1379.312 1386.586 1392.917 1399.249 1405.58 1409.967
1476.833 1477.687 1478.54 1479.368 1480.163 1480.959 1481.755 1482.55 1484.881 1487.386 1489.89 1492.394 1493.644 1492.542 1491.44 1490.338 1489.236 1480.927 1470.782 1460.638 1450.494 1440.114 1429.011 1417.908 1406.805 1395.703 1397.51 1404.966 1412.421 1419.877 1427.182 1433.604 1440.024 1446.445 1452.866 1451.347 1444.405 1437.464 1430.522 1423.265 1409.067 1394.87 1380.672 1366.474 1354.106 1343.62 1333.135 1322.649 1312.163 1315.668 1320.033 1324.398 1328.764 1336.227 1348.509 1360.792 1373.074 1385.356 1392.261 1398.145 1404.03 1409.914 1413.807
1469.866 1470.58 1471.294 1472.402 1473.994 1475.587 1477.179 1478.771 1482.392 1486.242 1490.092 1493.942 1496.15 1495.279 1494.409 1493.538 1492.668 1484.735 1475.005 1465.276 1455.546 1445.669 1435.341 1425.014 1414.686 1404.358 1407.064 1415.473 1423.881 1432.289 1440.374 1446.553 1452.732 1458.91 1465.089 1463.193 1455.783 1448.373 1440.963 1433.208 1417.842 1402.476 1387.111 1371.745 1358.498 1347.431 1336.364 1325.297 1314.23 1318.497 1323.707 1328.917 1334.128 1342.12 1354.44 1366.76 1379.081 1391.401 1397.936 1403.373 1408.811 1414.249 1417.648
1462.409 1462.948 1463.488 1464.89 1467.349 1469.808 1472.268 1474.727 1479.663 1484.878 1490.094 1495.31 1498.489 1497.848 1497.207 1496.566 1495.925 1488.437 1479.205 1469.974 1460.743 1451.444 1441.935 1432.427 1422.918 1413.41 1417.015 1426.359 1435.702 1445.045 1453.885 1459.758 1465.631 1471.504 1477.376 1475.063 1467.158 1459.253 1451.348 1443.071 1426.621 1410.172 1393.722 1377.272 1363.215 1351.62 1340.026 1328.431 1316.837 1321.783 1327.747 1333.711 1339.676 1348.139 1360.49 1372.84 1385.191 1397.542 1403.704 1408.692 1413.68 1418.668 1421.57
1449.807 1449.813 1449.82 1451.649 1455.713 1459.776 1463.839 1467.902 1474.417 1481.21 1488.003 1494.796 1499.076 1498.645 1498.214 1497.783 1497.352 1491.009 1483.161 1475.313 1467.465 1459.524 1451.296 1443.069 1434.841 1426.614 1431.13 1441.221 1451.312 1461.404 1470.742 1475.641 1480.54 1485.438 1490.337 1487.167 1478.487 1469.807 1461.127 1452.1 1435.446 1418.792 1402.137 1385.483 1371.341 1359.784 1348.227 1336.67 1325.114 1329.869 1335.629 1341.389 1347.148 1355.47 1367.778 1380.085 1392.393 1404.701 1410.453 1414.962 1419.471 1423.98 1426.338
1437.205 1436.678 1436.152 1438.409 1444.076 1449.743 1455.41 1461.077 1469.172 1477.542 1485.912 1494.282 1499.663 1499.442 1499.221 1499.0 1498.779 1493.581 1487.116 1480.652 1474.187 1467.604 1460.657 1453.711 1446.764 1439.818 1445.244 1456.084 1466.923 1477.763 1487.6 1491.524 1495.449 1499.373 1503.298 1499.272 1489.817 1480.362 1470.906 1461.13 1444.271 1427.412 1410.553 1393.694 1379.467 1367.948 1356.429 1344.909 1333.39 1337.955 1343.51 1349.066 1354.621 1362.802 1375.066 1387.33 1399.595 1411.86 1417.203 1421.233 1425.263 1429.293 1431.105
1424.602 1423.543 1422.484 1425.167 1432.439 1439.71 1446.981 1454.252 1463.927 1473.874 1483.821 1493.768 1500.251 1500.239 1500.228 1500.217 1500.206 1496.153 1491.072 1485.991 1480.909 1475.684 1470.019 1464.353 1458.688 1453.023 1459.359 1470.947 1482.534 1494.122 1504.458 1507.408 1510.358 1513.308 1516.259 1511.377 1501.147 1490.917 1480.686 1470.159 1453.096 1436.033 1418.969 1401.906 1387.593 1376.111 1364.63 1353.148 1341.667 1346.042 1351.392 1356.743 1362.094 1370.133 1382.354 1394.576 1406.798 1419.019 1423.952 1427.503 1431.054 1434.605 1435.873
1412.0 1410.408 1408.816 1411.927 1420.802 1429.677 1438.552 1447.427 1458.682 1470.206 1481.729 1493.253 1500.838 1501.037 1501.235 1501.434 1501.633 1498.725 1495.027 1491.329 1487.631 1483.764 1479.38 1474.995 1470.611 1466.227 1473.473 1485.809 1498.145 1510.481 1521.315 1523.291 1525.267 1527.243 1529.219 1523.482 1512.476 1501.471 1490.466 1479.189 1461.92 1444.653 1427.385 1410.117 1395.719 1384.275 1372.831 1361.387 1349.944 1354.128 1359.274 1364.42 1369.566 1377.464 1389.643 1401.821 1414.0 1426.178 1430.702 1433.774 1436.846 1439.918 1440.641
1401.529 1400.43 1399.331 1403.148 1412.989 1422.831 1432.673 1442.514 1454.64 1467.024 1479.407 1491.791 1500.091 1500.737 1501.383 1502.029 1502.674 1500.658 1497.964 1495.27 1492.576 1489.84 1486.977 1484.113 1481.25 1478.387 1486.411 1499.199 1511.986 1524.774 1535.891 1537.157 1538.422 1539.688 1540.953 1534.661 1523.207 1511.753 1500.298 1488.585 1471.168 1453.753 1436.336 1418.92 1404.531 1393.259 1381.986 1370.713 1359.441 1363.766 1369.051 1374.337 1379.622 1387.508 1399.439 1411.37 1423.301 1435.231 1439.266 1441.802 1444.339 1446.875 1447.056
1392.799 1393.029 1393.259 1398.009 1408.297 1418.585 1428.874 1439.162 1451.58 1464.238 1476.896 1489.554 1498.257 1499.543 1500.829 1502.116 1503.402 1502.069 1500.069 1498.069 1496.069 1494.28 1493.134 1491.987 1490.841 1489.695 1498.387 1511.385 1524.382 1537.38 1548.605 1549.376 1550.146 1550.916 1551.687 1545.085 1533.447 1521.81 1510.173 1498.28 1480.761 1463.243 1445.724 1428.206 1413.903 1402.911 1391.918 1380.925 1369.932 1374.669 1380.374 1386.08 1391.785 1399.764 1411.28 1422.797 1434.313 1445.83 1449.309 1451.265 1453.22 1455.175 1454.815
1384.068 1385.627 1387.187 1392.869 1403.605 1414.34 1425.075 1435.81 1448.52 1461.453 1474.385 1487.318 1496.422 1498.349 1500.276 1502.202 1504.129 1503.479 1502.174 1500.869 1499.563 1498.72 1499.291 1499.862 1500.432 1501.003 1510.364 1523.572 1536.779 1549.987 1561.32 1561.595 1561.87 1562.145 1562.42 1555.509 1543.688 1531.868 1520.047 1507.975 1490.354 1472.734 1455.113 1437.493 1423.276 1412.563 1401.85 1391.137 1380.424 1385.573 1391.698 1397.823 1403.948 1412.021 1423.122 1434.224 1445.327 1456.428 1459.353 1460.727 1462.101 1463.475 1462.575
1375.337 1378.226 1381.116 1387.73 1398.913 1410.094 1421.276 1432.458 1445.46 1458.667 1471.874 1485.081 1494.587 1497.155 1499.722 1502.289 1504.856 1504.89 1504.279 1503.668 1503.057 1503.16 1505.448 1507.736 1510.023 1512.311 1522.341 1535.758 1549.175 1562.593 1574.034 1573.814 1573.594 1573.374 1573.153 1565.932 1553.928 1541.925 1529.922 1517.67 1499.947 1482.224 1464.501 1446.779 1432.648 1422.215 1411.782 1401.349 1390.916 1396.476 1403.021 1409.566 1416.111 1424.277 1434.964 1445.651 1456.339 1467.027 1469.397 1470.19 1470.982 1471.775 1470.334
1366.654 1370.882 1375.111 1382.661 1394.284 1405.906 1417.528 1429.15 1442.429 1455.896 1469.363 1482.83 1492.729 1495.941 1499.153 1502.365 1505.577 1506.297 1506.384 1506.47 1506.557 1507.605 1511.592 1515.58 1519.568 1523.555 1534.234 1547.841 1561.447 1575.053 1586.586 1585.88 1585.175 1584.47 1583.765 1576.248 1564.077 1551.907 1539.737 1527.321 1509.504 1491.687 1473.869 1456.052 1442.014 1431.866 1421.719 1411.571 1401.424 1407.403 1414.375 1421.347 1428.318 1436.58 1446.849 1457.117 1467.386 1477.655 1479.469 1479.68 1479.891 1480.102 1478.121
1361.2 1367.442 1373.684 1382.34 1393.957 1405.574 1417.191 1428.807 1441.414 1454.133 1466.851 1479.57 1489.302 1493.434 1497.567 1501.699 1505.831 1507.468 1508.469 1509.471 1510.472 1512.342 1516.868 1521.394 1525.92 1530.446 1540.438 1552.823 1565.208 1577.592 1588.109 1587.603 1587.097 1586.591 1586.085 1579.198 1567.953 1556.709 1545.464 1533.954 1516.578 1499.202 1481.826 1464.45 1450.965 1441.485 1432.005 1422.524 1413.044 1419.919 1427.801 1435.682 1443.563 1452.095 1461.637 1471.178 1480.721 1490.262 1491.445 1491.042 1490.64 1490.237 1487.797
1355.747 1364.002 1372.257 1382.019 1393.631 1405.242 1416.854 1428.465 1440.399 1452.37 1464.34 1476.31 1485.875 1490.927 1495.98 1501.033 1506.085 1508.638 1510.555 1512.471 1514.388 1517.08 1522.144 1527.208 1532.272 1537.336 1546.643 1557.806 1568.968 1580.131 1589.632 1589.325 1589.018 1588.711 1588.404 1582.149 1571.83 1561.511 1551.193 1540.587 1523.652 1506.717 1489.783 1472.848 1459.916 1451.103 1442.291 1433.478 1424.665 1432.436 1441.227 1450.018 1458.809 1467.61 1476.425 1485.24 1494.055 1502.871 1503.422 1502.405 1501.389 1500.373 1497.474
1350.294 1360.562 1370.83 1381.698 1393.305 1404.911 1416.517 1428.123 1439.384 1450.606 1461.828 1473.051 1482.447 1488.42 1494.393 1500.366 1506.339 1509.808 1512.64 1515.471 1518.303 1521.817 1527.42 1533.022 1538.625 1544.227 1552.847 1562.788 1572.729 1582.67 1591.155 1591.047 1590.939 1590.832 1590.724 1585.099 1575.706 1566.313 1556.92 1547.219 1530.726 1514.233 1497.739 1481.246 1468.866 1460.721 1452.576 1444.431 1436.286 1444.952 1454.652 1464.353 1474.054 1483.124 1491.212 1499.301 1507.39 1515.479 1515.398 1513.768 1512.138 1510.508 1507.15
1344.841 1357.121 1369.402 1381.378 1392.978 1404.579 1416.18 1427.78 1438.368 1448.843 1459.317 1469.791 1479.019 1485.913 1492.806 1499.7 1506.593 1510.978 1514.725 1518.472 1522.219 1526.555 1532.696 1538.836 1544.977 1551.117 1559.052 1567.771 1576.49 1585.209 1592.678 1592.769 1592.861 1592.952 1593.044 1588.05 1579.583 1571.116 1562.648 1553.852 1537.8 1521.748 1505.696 1489.645 1477.818 1470.34 1462.862 1455.384 1447.907 1457.469 1468.079 1478.689 1489.299 1498.639 1506.001 1513.363 1520.725 1528.087 1527.375 1525.131 1522.887 1520.644 1516.826
1340.762 1354.232 1367.703 1380.265 1391.713 1403.161 1414.61 1426.059 1436.137 1446.062 1455.986 1465.91 1474.983 1482.459 1489.936 1497.413 1504.889 1510.052 1514.626 1519.201 1523.775 1528.795 1535.181 1541.566 1547.952 1554.337 1561.626 1569.312 1576.997 1584.682 1591.282 1591.48 1591.678 1591.876 1592.074 1587.667 1580.115 1572.564 1565.012 1557.138 1542.166 1527.194 1512.222 1497.25 1486.555 1480.262 1473.969 1467.676 1461.383 1471.378 1482.375 1493.373 1504.37 1513.648 1520.25 1526.852 1533.454 1540.055 1538.771 1535.991 1533.211 1530.431 1526.192
1338.184 1351.945 1365.706 1378.287 1389.424 1400.56 1411.696 1422.833 1432.58 1442.17 1451.761 1461.351 1470.281 1477.973 1485.665 1493.357 1501.049 1506.839 1512.145 1517.452 1522.758 1528.311 1534.621 1540.931 1547.241 1553.551 1560.241 1567.098 1573.954 1580.811 1586.703 1586.906 1587.109 1587.313 1587.516 1583.649 1577.001 1570.354 1563.707 1556.775 1543.579 1530.383 1517.187 1503.991 1495.059 1490.515 1485.972 1481.428 1476.885 1486.809 1497.623 1508.438 1519.252 1528.106 1533.911 1539.717 1545.522 1551.328 1549.536 1546.304 1543.072 1539.84 1535.22
1335.606 1349.657 1363.708 1376.31 1387.134 1397.958 1408.782 1419.606 1429.022 1438.279 1447.536 1456.793 1465.58 1473.487 1481.394 1489.302 1497.209 1503.626 1509.664 1515.702 1521.741 1527.827 1534.062 1540.297 1546.531 1552.766 1558.856 1564.884 1570.911 1576.939 1582.123 1582.332 1582.541 1582.749 1582.958 1579.63 1573.887 1568.144 1562.401 1556.411 1544.991 1533.572 1522.152 1510.732 1503.563 1500.769 1497.974 1495.18 1492.386 1502.239 1512.87 1523.502 1534.133 1542.564 1547.573 1552.582 1557.59 1562.599 1560.301 1556.617 1552.932 1549.248 1544.248
1333.027 1347.369 1361.711 1374.333 1384.845 1395.356 1405.869 1416.38 1425.465 1434.388 1443.311 1452.234 1460.878 1469.001 1477.123 1485.246 1493.369 1500.413 1507.183 1513.953 1520.724 1527.343 1533.503 1539.662 1545.821 1551.981 1557.472 1562.67 1567.869 1573.068 1577.544 1577.758 1577.972 1578.186 1578.4 1575.612 1570.773 1565.934 1561.095 1556.047 1546.404 1536.76 1527.117 1517.473 1512.067 1511.022 1509.977 1508.932 1507.887 1517.669 1528.117 1538.566 1549.014 1557.022 1561.234 1565.446 1569.659 1573.871 1571.065 1566.929 1562.793 1558.656 1553.276
1330.449 1345.081 1359.714 1372.355 1382.555 1392.755 1402.955 1413.154 1421.907 1430.496 1439.086 1447.675 1456.177 1464.515 1472.853 1481.19 1489.528 1497.2 1504.702 1512.204 1519.707 1526.859 1532.943 1539.027 1545.111 1551.195 1556.087 1560.456 1564.826 1569.196 1572.964 1573.183 1573.403 1573.622 1573.842 1571.593 1567.658 1563.724 1559.789 1555.684 1547.816 1539.949 1532.082 1524.214 1520.571 1521.275 1521.98 1522.684 1523.388 1533.099 1543.365 1553.63 1563.895 1571.48 1574.896 1578.311 1581.727 1585.143 1581.83 1577.242 1572.653 1568.065 1562.304
1327.423 1341.499 1355.576 1367.818 1377.813 1387.807 1397.801 1407.795 1416.304 1424.646 1432.988 1441.33 1449.523 1457.437 1465.351 1473.266 1481.18 1488.917 1496.608 1504.3 1511.992 1519.256 1525.214 1531.172 1537.13 1543.088 1547.865 1552.126 1556.387 1560.648 1564.398 1565.135 1565.871 1566.608 1567.345 1565.88 1562.91 1559.941 1556.971 1553.88 1548.103 1542.326 1536.55 1530.773 1528.727 1530.521 1532.316 1534.11 1535.905 1544.399 1553.305 1562.211 1571.117 1577.565 1580.189 1582.813 1585.437 1588.061 1584.485 1579.734 1574.982 1570.23 1564.284
1324.369 1337.838 1351.306 1363.124 1372.919 1382.714 1392.509 1402.304 1410.575 1418.675 1426.775 1434.874 1442.748 1450.2 1457.651 1465.102 1472.554 1480.321 1488.169 1496.017 1503.865 1511.215 1517.044 1522.872 1528.701 1534.53 1539.223 1543.419 1547.615 1551.811 1555.586 1556.872 1558.158 1559.444 1560.729 1560.063 1558.062 1556.061 1554.061 1551.988 1548.321 1544.654 1540.987 1537.32 1536.862 1539.706 1542.55 1545.394 1548.238 1555.444 1562.918 1570.393 1577.867 1583.134 1584.966 1586.799 1588.632 1590.465 1586.641 1581.744 1576.847 1571.95 1565.831
1321.316 1334.176 1347.036 1358.43 1368.026 1377.621 1387.217 1396.813 1404.847 1412.704 1420.561 1428.419 1435.974 1442.963 1449.951 1456.94 1463.928 1471.726 1479.73 1487.733 1495.738 1503.174 1508.873 1514.573 1520.272 1525.972 1530.58 1534.712 1538.844 1542.975 1546.774 1548.609 1550.444 1552.279 1554.114 1554.245 1553.214 1552.182 1551.15 1550.095 1548.538 1546.981 1545.425 1543.868 1544.997 1548.89 1552.784 1556.677 1560.571 1566.489 1572.532 1578.574 1584.617 1588.703 1589.744 1590.786 1591.827 1592.869 1588.797 1583.755 1578.712 1573.67 1567.377
