data/zism_data/00208_03_D.txt
ncols         224
nrows         224
[rows 116 to 144 of 224, columns 130 to 194 of 224]
1494.128 1494.219 1494.311 1494.404 1494.497 1494.59 1494.706 1494.822 1494.939 1495.055 1495.241 1495.509 1495.776 1496.043 1496.31 1496.668 1497.034 1497.4 1497.766 1498.08 1498.299 1498.519 1498.739 1498.959 1499.108 1499.242 1499.376 1499.509 1499.63 1499.717 1499.803 1499.889 1499.975 1500.0 1500.0 1500.0 1500.0 1500.0 1500.0 1500.0 1500.0 1500.0 1500.0 1500.0 1500.0 1500.0 1500.0 1500.0 1500.0 1500.0 1500.0 1500.0 1500.0 1500.0 1500.0 1500.0 1500.0 1500.0 1500.0 1500.0 1500.0 1500.0 1500.0 1500.0 1500.0
1493.708 1493.834 1493.986 1494.139 1494.291 1494.442 1494.548 1494.653 1494.759 1494.864 1495.065 1495.375 1495.686 1495.996 1496.306 1496.668 1497.034 1497.4 1497.766 1498.08 1498.299 1498.519 1498.739 1498.959 1499.126 1499.281 1499.436 1499.592 1499.723 1499.788 1499.852 1499.917 1499.981 1500.0 1500.0 1500.0 1500.0 1500.0 1500.0 1500.0 1500.0 1500.0 1500.0 1500.0 1500.0 1500.0 1500.0 1500.0 1500.0 1500.0 1500.0 1500.0 1500.0 1500.0 1500.0 1500.0 1500.0 1500.0 1500.0 1500.0 1500.0 1500.0 1500.0 1500.0 1500.0
1493.315 1493.468 1493.665 1493.862 1494.059 1494.254 1494.364 1494.473 1494.583 1494.692 1494.91 1495.253 1495.597 1495.94 1496.283 1496.648 1497.014 1497.38 1497.746 1498.061 1498.283 1498.506 1498.729 1498.951 1499.128 1499.295 1499.461 1499.628 1499.765 1499.82 1499.875 1499.929 1499.984 1500.0 1500.0 1500.0 1500.0 1500.0 1500.0 1500.0 1500.0 1500.0 1500.0 1500.0 1500.0 1500.0 1500.0 1500.0 1500.0 1500.0 1500.0 1500.0 1500.0 1500.0 1500.0 1500.0 1500.0 1500.0 1500.0 1500.0 1500.0 1500.0 1500.0 1500.0 1500.0
1492.995 1493.152 1493.354 1493.556 1493.758 1493.96 1494.112 1494.265 1494.418 1494.571 1494.814 1495.163 1495.512 1495.86 1496.209 1496.574 1496.94 1497.306 1497.672 1497.991 1498.224 1498.458 1498.691 1498.925 1499.091 1499.241 1499.391 1499.541 1499.672 1499.749 1499.825 1499.901 1499.978 1500.0 1500.0 1500.0 1500.0 1500.0 1500.0 1500.0 1500.0 1500.0 1500.0 1500.0 1500.0 1500.0 1500.0 1500.0 1500.0 1500.0 1500.0 1500.0 1500.0 1500.0 1500.0 1500.0 1500.0 1500.0 1500.0 1500.0 1500.0 1500.0 1500.0 1500.0 1500.0
1492.675 1492.835 1493.043 1493.25 1493.458 1493.665 1493.861 1494.057 1494.253 1494.449 1494.718 1495.072 1495.427 1495.781 1496.135 1496.5 1496.866 1497.232 1497.599 1497.921 1498.165 1498.409 1498.654 1498.898 1499.053 1499.187 1499.321 1499.455 1499.58 1499.678 1499.776 1499.874 1499.972 1500.0 1500.0 1500.0 1500.0 1500.0 1500.0 1500.0 1500.0 1500.0 1500.0 1500.0 1500.0 1500.0 1500.0 1500.0 1500.0 1500.0 1500.0 1500.0 1500.0 1500.0 1500.0 1500.0 1500.0 1500.0 1500.0 1500.0 1500.0 1500.0 1500.0 1500.0 1500.0
1492.355 1492.518 1492.731 1492.944 1493.157 1493.371 1493.61 1493.849 1494.088 1494.327 1494.622 1494.982 1495.342 1495.701 1496.061 1496.426 1496.792 1497.159 1497.525 1497.851 1498.106 1498.361 1498.616 1498.871 1499.015 1499.133 1499.251 1499.369 1499.487 1499.607 1499.726 1499.846 1499.965 1500.0 1500.0 1500.0 1500.0 1500.0 1500.0 1500.0 1500.0 1500.0 1500.0 1500.0 1500.0 1500.0 1500.0 1500.0 1500.0 1500.0 1500.0 1500.0 1500.0 1500.0 1500.0 1500.0 1500.0 1500.0 1500.0 1500.0 1500.0 1500.0 1500.0 1500.0 1500.0
1492.036 1492.202 1492.42 1492.639 1492.857 1493.076 1493.359 1493.641 1493.923 1494.206 1494.527 1494.891 1495.256 1495.621 1495.986 1496.352 1496.719 1497.085 1497.451 1497.781 1498.047 1498.313 1498.579 1498.845 1498.977 1499.079 1499.181 1499.282 1499.394 1499.536 1499.677 1499.818 1499.959 1500.0 1500.0 1500.0 1500.0 1500.0 1500.0 1500.0 1500.0 1500.0 1500.0 1500.0 1500.0 1500.0 1500.0 1500.0 1500.0 1500.0 1500.0 1500.0 1500.0 1500.0 1500.0 1500.0 1500.0 1500.0 1500.0 1500.0 1500.0 1500.0 1500.0 1500.0 1500.0
1491.776 1491.957 1492.177 1492.396 1492.616 1492.837 1493.142 1493.448 1493.753 1494.058 1494.392 1494.758 1495.124 1495.49 1495.857 1496.223 1496.589 1496.955 1497.322 1497.658 1497.943 1498.228 1498.513 1498.798 1498.938 1499.043 1499.149 1499.255 1499.372 1499.518 1499.665 1499.811 1499.958 1500.0 1500.0 1500.0 1500.0 1500.0 1500.0 1500.0 1500.0 1500.0 1500.0 1500.0 1500.0 1500.0 1500.0 1500.0 1500.0 1500.0 1500.0 1500.0 1500.0 1500.0 1500.0 1500.0 1500.0 1500.0 1500.0 1500.0 1500.0 1500.0 1500.0 1500.0 1500.0
1491.536 1491.736 1491.955 1492.175 1492.395 1492.616 1492.938 1493.259 1493.58 1493.902 1494.244 1494.61 1494.977 1495.343 1495.709 1496.075 1496.442 1496.808 1497.174 1497.519 1497.825 1498.132 1498.438 1498.745 1498.897 1499.014 1499.13 1499.247 1499.372 1499.518 1499.665 1499.811 1499.958 1500.0 1500.0 1500.0 1500.0 1500.0 1500.0 1500.0 1500.0 1500.0 1500.0 1500.0 1500.0 1500.0 1500.0 1500.0 1500.0 1500.0 1500.0 1500.0 1500.0 1500.0 1500.0 1500.0 1500.0 1500.0 1500.0 1500.0 1500.0 1500.0 1500.0 1500.0 1500.0
1491.296 1491.514 1491.734 1491.954 1492.174 1492.395 1492.733 1493.07 1493.408 1493.746 1494.097 1494.463 1494.829 1495.195 1495.562 1495.928 1496.294 1496.66 1497.026 1497.379 1497.707 1498.035 1498.363 1498.692 1498.857 1498.984 1499.112 1499.239 1499.372 1499.518 1499.665 1499.811 1499.958 1500.0 1500.0 1500.0 1500.0 1500.0 1500.0 1500.0 1500.0 1500.0 1500.0 1500.0 1500.0 1500.0 1500.0 1500.0 1500.0 1500.0 1500.0 1500.0 1500.0 1500.0 1500.0 1500.0 1500.0 1500.0 1500.0 1500.0 1500.0 1500.0 1500.0 1500.0 1500.0
1491.056 1491.293 1491.513 1491.732 1491.952 1492.174 1492.528 1492.882 1493.235 1493.589 1493.949 1494.315 1494.682 1495.048 1495.414 1495.78 1496.146 1496.513 1496.879 1497.239 1497.589 1497.939 1498.288 1498.638 1498.816 1498.955 1499.093 1499.231 1499.372 1499.518 1499.665 1499.811 1499.958 1500.0 1500.0 1500.0 1500.0 1500.0 1500.0 1500.0 1500.0 1500.0 1500.0 1500.0 1500.0 1500.0 1500.0 1500.0 1500.0 1500.0 1500.0 1500.0 1500.0 1500.0 1500.0 1500.0 1500.0 1500.0 1500.0 1500.0 1500.0 1500.0 1500.0 1500.0 1500.0
1490.801 1491.058 1491.286 1491.513 1491.741 1491.97 1492.333 1492.695 1493.057 1493.42 1493.782 1494.143 1494.504 1494.865 1495.226 1495.597 1495.968 1496.339 1496.711 1497.081 1497.45 1497.819 1498.188 1498.556 1498.75 1498.903 1499.056 1499.209 1499.361 1499.51 1499.659 1499.808 1499.957 1500.0 1500.0 1500.0 1500.0 1500.0 1500.0 1500.0 1500.0 1500.0 1500.0 1500.0 1500.0 1500.0 1500.0 1500.0 1500.0 1500.0 1500.0 1500.0 1500.0 1500.0 1500.0 1500.0 1500.0 1500.0 1500.0 1500.0 1500.0 1500.0 1500.0 1500.0 1500.0
1490.499 1490.782 1491.042 1491.302 1491.561 1491.822 1492.169 1492.515 1492.861 1493.207 1493.55 1493.89 1494.229 1494.569 1494.908 1495.297 1495.69 1496.083 1496.475 1496.864 1497.243 1497.623 1498.002 1498.382 1498.6 1498.78 1498.96 1499.14 1499.314 1499.474 1499.634 1499.794 1499.954 1500.0 1500.0 1500.0 1500.0 1500.0 1500.0 1500.0 1500.0 1500.0 1500.0 1500.0 1500.0 1500.0 1500.0 1500.0 1500.0 1500.0 1500.0 1500.0 1500.0 1500.0 1500.0 1500.0 1500.0 1500.0 1500.0 1500.0 1500.0 1500.0 1500.0 1500.0 1500.0
1490.197 1490.505 1490.797 1491.089 1491.382 1491.675 1492.005 1492.335 1492.665 1492.995 1493.319 1493.637 1493.955 1494.273 1494.59 1494.997 1495.411 1495.826 1496.24 1496.646 1497.037 1497.427 1497.818 1498.208 1498.449 1498.656 1498.863 1499.07 1499.268 1499.438 1499.609 1499.78 1499.951 1500.0 1500.0 1500.0 1500.0 1500.0 1500.0 1500.0 1500.0 1500.0 1500.0 1500.0 1500.0 1500.0 1500.0 1500.0 1500.0 1500.0 1500.0 1500.0 1500.0 1500.0 1500.0 1500.0 1500.0 1500.0 1500.0 1500.0 1500.0 1500.0 1500.0 1500.0 1500.0
1489.894 1490.228 1490.553 1490.878 1491.202 1491.527 1491.841 1492.154 1492.468 1492.782 1493.088 1493.384 1493.68 1493.976 1494.273 1494.697 1495.133 1495.569 1496.005 1496.429 1496.83 1497.231 1497.633 1498.034 1498.299 1498.533 1498.767 1499.001 1499.221 1499.403 1499.584 1499.766 1499.947 1500.0 1500.0 1500.0 1500.0 1500.0 1500.0 1500.0 1500.0 1500.0 1500.0 1500.0 1500.0 1500.0 1500.0 1500.0 1500.0 1500.0 1500.0 1500.0 1500.0 1500.0 1500.0 1500.0 1500.0 1500.0 1500.0 1500.0 1500.0 1500.0 1500.0 1500.0 1500.0
1489.592 1489.951 1490.309 1490.666 1491.023 1491.379 1491.677 1491.974 1492.272 1492.569 1492.856 1493.131 1493.406 1493.68 1493.955 1494.397 1494.854 1495.312 1495.77 1496.211 1496.623 1497.036 1497.448 1497.86 1498.149 1498.41 1498.671 1498.932 1499.175 1499.367 1499.56 1499.752 1499.944 1500.0 1500.0 1500.0 1500.0 1500.0 1500.0 1500.0 1500.0 1500.0 1500.0 1500.0 1500.0 1500.0 1500.0 1500.0 1500.0 1500.0 1500.0 1500.0 1500.0 1500.0 1500.0 1500.0 1500.0 1500.0 1500.0 1500.0 1500.0 1500.0 1500.0 1500.0 1500.0
1489.244 1489.608 1489.975 1490.341 1490.707 1491.072 1491.377 1491.682 1491.986 1492.291 1492.581 1492.853 1493.126 1493.398 1493.671 1494.104 1494.552 1495.0 1495.449 1495.882 1496.289 1496.697 1497.104 1497.511 1497.822 1498.11 1498.398 1498.686 1498.953 1499.16 1499.367 1499.574 1499.781 1499.857 1499.881 1499.904 1499.927 1499.949 1499.96 1499.972 1499.984 1499.995 1500.0 1500.0 1500.0 1500.0 1500.0 1500.0 1500.0 1500.0 1500.0 1500.0 1500.0 1500.0 1500.0 1500.0 1500.0 1500.0 1500.0 1500.0 1499.986 1499.951 1499.916 1499.881 1499.846
1488.877 1489.239 1489.606 1489.972 1490.338 1490.704 1491.025 1491.345 1491.666 1491.987 1492.288 1492.566 1492.844 1493.122 1493.4 1493.813 1494.24 1494.667 1495.094 1495.509 1495.906 1496.302 1496.699 1497.095 1497.426 1497.741 1498.056 1498.371 1498.662 1498.885 1499.108 1499.332 1499.555 1499.659 1499.715 1499.771 1499.826 1499.878 1499.905 1499.933 1499.961 1499.989 1500.0 1500.0 1500.0 1500.0 1500.0 1500.0 1500.0 1500.0 1500.0 1500.0 1500.0 1500.0 1500.0 1500.0 1500.0 1500.0 1500.0 1500.0 1499.966 1499.882 1499.799 1499.715 1499.632
1488.511 1488.87 1489.237 1489.603 1489.969 1490.335 1490.672 1491.009 1491.346 1491.683 1491.995 1492.279 1492.562 1492.845 1493.129 1493.523 1493.928 1494.333 1494.738 1495.136 1495.522 1495.908 1496.294 1496.679 1497.03 1497.372 1497.714 1498.056 1498.371 1498.61 1498.85 1499.089 1499.329 1499.461 1499.549 1499.637 1499.725 1499.806 1499.85 1499.895 1499.939 1499.983 1500.0 1500.0 1500.0 1500.0 1500.0 1500.0 1500.0 1500.0 1500.0 1500.0 1500.0 1500.0 1500.0 1500.0 1500.0 1500.0 1500.0 1500.0 1499.946 1499.814 1499.682 1499.55 1499.417
1488.144 1488.502 1488.868 1489.234 1489.6 1489.966 1490.32 1490.673 1491.026 1491.38 1491.703 1491.991 1492.28 1492.569 1492.858 1493.233 1493.616 1494.0 1494.383 1494.764 1495.139 1495.513 1495.888 1496.263 1496.633 1497.002 1497.371 1497.741 1498.08 1498.336 1498.591 1498.847 1499.103 1499.262 1499.383 1499.504 1499.624 1499.735 1499.796 1499.856 1499.916 1499.976 1500.0 1500.0 1500.0 1500.0 1500.0 1500.0 1500.0 1500.0 1500.0 1500.0 1500.0 1500.0 1500.0 1500.0 1500.0 1500.0 1500.0 1500.0 1499.927 1499.746 1499.565 1499.384 1499.203
1487.821 1488.177 1488.543 1488.91 1489.276 1489.642 1489.999 1490.355 1490.711 1491.068 1491.395 1491.688 1491.981 1492.274 1492.567 1492.921 1493.28 1493.64 1494.0 1494.362 1494.728 1495.094 1495.461 1495.827 1496.212 1496.602 1496.991 1497.381 1497.742 1498.025 1498.308 1498.591 1498.873 1499.059 1499.206 1499.352 1499.499 1499.634 1499.711 1499.787 1499.864 1499.94 1499.974 1499.981 1499.987 1499.994 1500.0 1500.0 1500.0 1500.0 1500.0 1500.0 1500.0 1500.0 1500.0 1500.0 1499.991 1499.981 1499.971 1499.961 1499.861 1499.628 1499.395 1499.162 1498.93
1487.671 1488.03 1488.396 1488.762 1489.128 1489.494 1489.802 1490.109 1490.417 1490.725 1491.026 1491.319 1491.612 1491.905 1492.198 1492.522 1492.849 1493.177 1493.504 1493.845 1494.212 1494.578 1494.944 1495.31 1495.691 1496.075 1496.46 1496.844 1497.22 1497.573 1497.926 1498.279 1498.632 1498.838 1498.985 1499.131 1499.278 1499.416 1499.508 1499.601 1499.694 1499.786 1499.846 1499.885 1499.924 1499.963 1500.0 1500.0 1500.0 1500.0 1500.0 1500.0 1500.0 1500.0 1500.0 1500.0 1499.944 1499.886 1499.827 1499.769 1499.613 1499.316 1499.018 1498.72 1498.423
1487.521 1487.882 1488.248 1488.615 1488.981 1489.346 1489.605 1489.864 1490.123 1490.382 1490.657 1490.95 1491.243 1491.536 1491.829 1492.124 1492.419 1492.714 1493.008 1493.329 1493.695 1494.062 1494.428 1494.794 1495.17 1495.549 1495.928 1496.307 1496.697 1497.12 1497.544 1497.967 1498.39 1498.617 1498.763 1498.91 1499.056 1499.197 1499.306 1499.415 1499.524 1499.633 1499.719 1499.79 1499.861 1499.933 1500.0 1500.0 1500.0 1500.0 1500.0 1500.0 1500.0 1500.0 1500.0 1500.0 1499.898 1499.791 1499.683 1499.576 1499.366 1499.003 1498.641 1498.278 1497.916
1487.371 1487.735 1488.101 1488.467 1488.833 1489.197 1489.408 1489.618 1489.829 1490.039 1490.288 1490.581 1490.874 1491.167 1491.46 1491.725 1491.988 1492.25 1492.513 1492.813 1493.179 1493.545 1493.911 1494.278 1494.65 1495.023 1495.396 1495.77 1496.174 1496.668 1497.161 1497.655 1498.148 1498.395 1498.542 1498.688 1498.835 1498.978 1499.103 1499.228 1499.354 1499.479 1499.591 1499.695 1499.798 1499.902 1500.0 1500.0 1500.0 1500.0 1500.0 1500.0 1500.0 1500.0 1500.0 1500.0 1499.851 1499.695 1499.54 1499.384 1499.118 1498.691 1498.263 1497.836 1497.409
1487.222 1487.587 1487.953 1488.32 1488.686 1489.049 1489.211 1489.373 1489.535 1489.697 1489.919 1490.212 1490.505 1490.798 1491.091 1491.327 1491.557 1491.787 1492.017 1492.296 1492.662 1493.029 1493.395 1493.761 1494.129 1494.497 1494.865 1495.233 1495.652 1496.215 1496.779 1497.343 1497.907 1498.174 1498.321 1498.467 1498.614 1498.759 1498.901 1499.042 1499.183 1499.325 1499.463 1499.599 1499.735 1499.872 1500.0 1500.0 1500.0 1500.0 1500.0 1500.0 1500.0 1500.0 1500.0 1500.0 1499.805 1499.6 1499.396 1499.192 1498.87 1498.378 1497.886 1497.394 1496.902
1487.077 1487.433 1487.788 1488.144 1488.499 1488.851 1488.982 1489.114 1489.246 1489.377 1489.57 1489.834 1490.097 1490.361 1490.624 1490.848 1491.067 1491.287 1491.507 1491.77 1492.111 1492.451 1492.792 1493.132 1493.508 1493.893 1494.278 1494.662 1495.093 1495.653 1496.213 1496.773 1497.333 1497.623 1497.803 1497.983 1498.163 1498.337 1498.484 1498.63 1498.777 1498.923 1499.056 1499.18 1499.305 1499.429 1499.546 1499.546 1499.546 1499.546 1499.546 1499.537 1499.518 1499.5 1499.481 1499.463 1499.195 1498.917 1498.638 1498.359 1497.958 1497.379 1496.8 1496.221 1495.641
1486.934 1487.277 1487.615 1487.954 1488.293 1488.629 1488.739 1488.849 1488.959 1489.069 1489.231 1489.451 1489.671 1489.891 1490.111 1490.331 1490.551 1490.771 1490.99 1491.24 1491.543 1491.845 1492.148 1492.45 1492.842 1493.253 1493.665 1494.077 1494.517 1495.04 1495.562 1496.084 1496.607 1496.92 1497.149 1497.377 1497.605 1497.821 1497.967 1498.114 1498.26 1498.407 1498.52 1498.612 1498.704 1498.796 1498.882 1498.882 1498.882 1498.882 1498.882 1498.859 1498.814 1498.768 1498.723 1498.677 1498.326 1497.96 1497.595 1497.23 1496.738 1496.062 1495.385 1494.709 1494.032
1486.791 1487.12 1487.443 1487.765 1488.088 1488.407 1488.496 1488.584 1488.673 1488.761 1488.891 1489.068 1489.245 1489.422 1489.599 1489.815 1490.035 1490.254 1490.474 1490.71 1490.975 1491.24 1491.504 1491.769 1492.175 1492.614 1493.052 1493.491 1493.942 1494.426 1494.911 1495.395 1495.88 1496.217 1496.494 1496.771 1497.048 1497.304 1497.451 1497.597 1497.744 1497.89 1497.984 1498.043 1498.103 1498.162 1498.218 1498.218 1498.218 1498.218 1498.218 1498.181 1498.109 1498.036 1497.964 1497.891 1497.456 1497.004 1496.553 1496.101 1495.518 1494.745 1493.971 1493.197 1492.423
1486.648 1486.963 1487.27 1487.576 1487.883 1488.186 1488.253 1488.319 1488.386 1488.453 1488.551 1488.685 1488.819 1488.952 1489.086 1489.298 1489.518 1489.738 1489.958 1490.18 1490.407 1490.634 1490.861 1491.088 1491.508 1491.974 1492.44 1492.906 1493.366 1493.813 1494.26 1494.706 1495.153 1495.514 1495.839 1496.165 1496.491 1496.788 1496.934 1497.081 1497.227 1497.374 1497.448 1497.475 1497.502 1497.529 1497.554 1497.554 1497.554 1497.554 1497.554 1497.504 1497.404 1497.305 1497.205 1497.106 1496.586 1496.048 1495.51 1494.972 1494.298 1493.427 1492.556 1491.685 1490.814
