data/zism_data/00209_01_D.txt
ncols         224
nrows         224
[rows 84 to 111 of 224, columns 126 to 188 of 224]
1393.118 1393.365 1393.613 1393.86 1394.108 1394.932 1396.201 1397.469 1398.738 1399.99 1400.131 1400.272 1400.413 1400.554 1398.581 1394.161 1389.742 1385.323 1380.904 1379.113 1377.573 1376.032 1374.492 1374.317 1376.547 1378.777 1381.007 1383.237 1385.352 1387.441 1389.53 1391.618 1393.614 1395.347 1397.08 1398.813 1400.546 1402.174 1403.759 1405.345 1406.93 1408.714 1411.544 1414.374 1417.205 1420.035 1422.797 1425.515 1428.232 1430.95 1433.362 1430.804 1428.247 1425.689 1423.132 1415.986 1404.382 1392.779 1381.176 1369.573 1357.495 1345.396 1333.297
1392.508 1393.622 1394.736 1395.85 1396.964 1397.685 1398.103 1398.521 1398.939 1399.345 1398.904 1398.464 1398.024 1397.584 1396.359 1394.228 1392.096 1389.964 1387.833 1387.489 1387.316 1387.142 1386.969 1387.317 1388.584 1389.85 1391.117 1392.383 1393.517 1394.621 1395.725 1396.828 1397.985 1399.293 1400.601 1401.909 1403.217 1404.584 1405.975 1407.367 1408.758 1410.3 1412.635 1414.971 1417.306 1419.641 1421.18 1422.208 1423.235 1424.263 1425.016 1421.301 1417.586 1413.872 1410.157 1402.542 1391.138 1379.734 1368.329 1356.926 1344.764 1332.568 1320.372
1390.126 1392.093 1394.06 1396.027 1397.995 1398.897 1398.982 1399.066 1399.15 1399.225 1398.656 1398.088 1397.519 1396.95 1396.119 1394.983 1393.848 1392.712 1391.577 1391.661 1391.862 1392.063 1392.264 1392.683 1393.486 1394.289 1395.092 1395.894 1396.673 1397.446 1398.218 1398.991 1399.844 1400.925 1402.005 1403.086 1404.166 1405.349 1406.573 1407.798 1409.023 1410.351 1412.228 1414.105 1415.982 1417.859 1418.443 1418.196 1417.95 1417.703 1417.198 1412.498 1407.797 1403.096 1398.395 1390.122 1378.381 1366.639 1354.897 1343.156 1331.096 1319.021 1306.946
1386.672 1389.484 1392.297 1395.109 1397.921 1399.179 1399.242 1399.305 1399.367 1399.423 1399.0 1398.576 1398.153 1397.73 1397.076 1396.156 1395.235 1394.315 1393.395 1393.292 1393.267 1393.242 1393.217 1393.433 1394.074 1394.716 1395.357 1395.998 1396.799 1397.636 1398.473 1399.311 1400.183 1401.156 1402.129 1403.102 1404.075 1405.119 1406.193 1407.267 1408.341 1409.473 1410.914 1412.355 1413.796 1415.237 1415.028 1413.759 1412.49 1411.22 1409.701 1404.117 1398.534 1392.95 1387.366 1378.323 1365.92 1353.516 1341.112 1328.709 1316.862 1305.04 1293.218
1383.219 1386.876 1390.533 1394.19 1397.848 1399.461 1399.502 1399.543 1399.584 1399.621 1399.343 1399.065 1398.787 1398.509 1398.033 1397.328 1396.623 1395.918 1395.214 1394.923 1394.672 1394.42 1394.169 1394.183 1394.663 1395.143 1395.622 1396.102 1396.925 1397.827 1398.729 1399.63 1400.523 1401.388 1402.253 1403.118 1403.984 1404.89 1405.813 1406.736 1407.659 1408.595 1409.6 1410.605 1411.61 1412.615 1411.613 1409.321 1407.029 1404.737 1402.203 1395.737 1389.271 1382.804 1376.338 1366.524 1353.458 1340.392 1327.327 1314.261 1302.627 1291.058 1279.49
1379.765 1384.267 1388.77 1393.272 1397.774 1399.743 1399.762 1399.782 1399.802 1399.819 1399.687 1399.554 1399.421 1399.288 1398.99 1398.501 1398.011 1397.521 1397.032 1396.553 1396.076 1395.599 1395.122 1394.933 1395.251 1395.569 1395.888 1396.206 1397.051 1398.017 1398.984 1399.95 1400.862 1401.62 1402.377 1403.135 1403.892 1404.66 1405.433 1406.205 1406.978 1407.718 1408.287 1408.856 1409.425 1409.994 1408.199 1404.884 1401.569 1398.255 1394.706 1387.357 1380.008 1372.659 1365.31 1354.725 1340.997 1327.269 1313.542 1299.814 1288.393 1277.077 1265.761
1376.637 1381.905 1387.173 1392.441 1397.709 1400.0 1400.0 1400.0 1400.0 1400.0 1399.974 1399.949 1399.924 1399.899 1399.72 1399.366 1399.011 1398.656 1398.301 1397.575 1396.813 1396.051 1395.289 1394.9 1395.166 1395.432 1395.698 1395.964 1396.903 1397.999 1399.094 1400.19 1401.171 1401.824 1402.478 1403.131 1403.785 1404.416 1405.037 1405.658 1406.279 1406.821 1406.945 1407.07 1407.194 1407.318 1404.742 1400.43 1396.119 1391.807 1387.27 1379.065 1370.859 1362.654 1354.449 1343.126 1328.775 1314.424 1300.073 1285.723 1274.518 1263.456 1252.394
1376.923 1382.127 1387.33 1392.534 1397.738 1400.0 1400.0 1400.0 1400.0 1399.995 1399.679 1399.364 1399.048 1398.732 1398.068 1397.003 1395.938 1394.872 1393.807 1392.198 1390.538 1388.877 1387.216 1386.649 1388.008 1389.367 1390.725 1392.084 1393.884 1395.787 1397.69 1399.593 1401.154 1401.743 1402.332 1402.921 1403.51 1404.011 1404.476 1404.941 1405.406 1405.731 1405.317 1404.903 1404.489 1404.075 1400.846 1395.808 1390.77 1385.731 1380.476 1371.695 1362.914 1354.133 1345.352 1333.636 1319.07 1304.503 1289.937 1275.371 1264.409 1253.611 1242.813
1377.209 1382.349 1387.488 1392.627 1397.766 1400.0 1400.0 1400.0 1400.0 1399.991 1399.385 1398.778 1398.172 1397.565 1396.416 1394.64 1392.865 1391.089 1389.313 1386.822 1384.262 1381.703 1379.143 1378.399 1380.85 1383.302 1385.753 1388.204 1390.865 1393.576 1396.286 1398.997 1401.137 1401.661 1402.186 1402.71 1403.234 1403.606 1403.915 1404.224 1404.533 1404.641 1403.689 1402.736 1401.784 1400.832 1396.95 1391.185 1385.42 1379.656 1373.683 1364.326 1354.969 1345.611 1336.254 1324.146 1309.364 1294.583 1279.801 1265.02 1254.301 1243.766 1233.232
1377.496 1382.57 1387.645 1392.719 1397.794 1400.0 1400.0 1400.0 1400.0 1399.987 1399.09 1398.193 1397.295 1396.398 1394.764 1392.278 1389.791 1387.305 1384.819 1381.445 1377.987 1374.528 1371.07 1370.148 1373.692 1377.236 1380.78 1384.324 1387.847 1391.364 1394.882 1398.4 1401.12 1401.58 1402.04 1402.5 1402.959 1403.201 1403.354 1403.507 1403.66 1403.551 1402.06 1400.57 1399.079 1397.589 1393.054 1386.563 1380.071 1373.58 1366.889 1356.956 1347.023 1337.09 1327.157 1314.655 1299.658 1284.661 1269.665 1254.668 1244.192 1233.921 1223.65
1377.782 1382.792 1387.802 1392.812 1397.822 1400.0 1400.0 1400.0 1400.0 1399.983 1398.795 1397.607 1396.419 1395.231 1393.112 1389.915 1386.718 1383.522 1380.325 1376.068 1371.711 1367.354 1362.997 1361.898 1366.535 1371.171 1375.807 1380.444 1384.828 1389.153 1393.478 1397.803 1401.103 1401.498 1401.894 1402.289 1402.684 1402.797 1402.793 1402.79 1402.787 1402.461 1400.432 1398.403 1396.375 1394.346 1389.158 1381.94 1374.722 1367.504 1360.095 1349.586 1339.077 1328.568 1318.059 1305.165 1289.953 1274.741 1259.528 1244.317 1234.083 1224.076 1214.069
1376.837 1381.859 1386.881 1391.904 1396.926 1398.832 1398.339 1397.847 1397.355 1396.842 1394.892 1392.943 1390.993 1389.043 1386.133 1382.113 1378.093 1374.073 1370.053 1365.806 1361.537 1357.268 1352.999 1352.416 1358.32 1364.224 1370.128 1376.032 1381.298 1386.416 1391.533 1396.651 1400.544 1400.966 1401.389 1401.811 1402.234 1402.104 1401.75 1401.395 1401.04 1400.298 1397.514 1394.731 1391.947 1389.164 1383.388 1375.69 1367.991 1360.292 1352.412 1341.579 1330.746 1319.913 1309.081 1296.07 1280.945 1265.82 1250.695 1235.57 1225.743 1216.157 1206.571
1374.886 1379.984 1385.081 1390.179 1395.277 1396.71 1395.324 1393.939 1392.553 1391.143 1388.047 1384.95 1381.854 1378.758 1374.809 1369.874 1364.939 1360.004 1355.069 1351.558 1348.183 1344.807 1341.431 1341.929 1349.243 1356.557 1363.872 1371.186 1377.351 1383.249 1389.147 1395.045 1399.542 1400.066 1400.591 1401.116 1401.641 1401.178 1400.312 1399.446 1398.579 1397.259 1393.544 1389.83 1386.115 1382.401 1376.09 1368.112 1360.133 1352.155 1344.004 1333.053 1322.101 1311.15 1300.199 1287.3 1272.508 1257.717 1242.925 1228.134 1218.847 1209.81 1200.773
1372.935 1378.108 1383.281 1388.454 1393.627 1394.588 1392.309 1390.03 1387.751 1385.444 1381.201 1376.958 1372.715 1368.473 1363.484 1357.635 1351.785 1345.935 1340.085 1337.31 1334.828 1332.346 1329.864 1331.442 1340.166 1348.891 1357.615 1366.34 1373.404 1380.083 1386.761 1393.44 1398.54 1399.167 1399.794 1400.421 1401.048 1400.251 1398.874 1397.496 1396.119 1394.22 1389.574 1384.929 1380.283 1375.637 1368.792 1360.534 1352.275 1344.017 1335.595 1324.526 1313.456 1302.386 1291.317 1278.528 1264.071 1249.613 1235.155 1220.698 1211.95 1203.462 1194.974
1370.984 1376.233 1381.481 1386.73 1391.978 1392.467 1389.294 1386.122 1382.949 1379.745 1374.355 1368.966 1363.577 1358.188 1352.161 1345.396 1338.631 1331.866 1325.101 1323.062 1321.474 1319.885 1318.296 1320.955 1331.09 1341.224 1351.359 1361.494 1369.457 1376.916 1384.375 1391.834 1397.537 1398.267 1398.996 1399.726 1400.455 1399.325 1397.436 1395.547 1393.658 1391.182 1385.605 1380.028 1374.451 1368.874 1361.494 1352.956 1344.417 1335.879 1327.187 1315.999 1304.811 1293.623 1282.435 1269.757 1255.634 1241.51 1227.386 1213.262 1205.054 1197.115 1189.176
1368.951 1374.263 1379.574 1384.885 1390.197 1390.21 1386.149 1382.088 1378.026 1373.929 1367.408 1360.888 1354.367 1347.846 1340.793 1333.125 1325.456 1317.787 1310.119 1308.83 1308.15 1307.469 1306.789 1310.534 1322.068 1333.603 1345.137 1356.672 1365.522 1373.75 1381.978 1390.205 1396.503 1397.332 1398.161 1398.989 1399.818 1398.353 1395.952 1393.551 1391.149 1388.095 1381.601 1375.106 1368.611 1362.116 1354.21 1345.397 1336.585 1327.772 1318.815 1307.505 1296.195 1284.886 1273.576 1261.004 1247.207 1233.41 1219.613 1205.816 1198.151 1190.765 1183.378
1361.317 1365.848 1370.378 1374.909 1379.44 1378.789 1374.152 1369.514 1364.877 1360.211 1353.583 1346.954 1340.326 1333.698 1326.522 1318.713 1310.905 1303.096 1295.287 1295.722 1296.941 1298.161 1299.38 1304.586 1316.81 1329.033 1341.257 1353.48 1362.43 1370.62 1378.81 1387.0 1393.247 1393.99 1394.733 1395.475 1396.218 1394.312 1391.323 1388.336 1385.348 1381.797 1375.281 1368.764 1362.248 1355.731 1347.883 1339.177 1330.473 1321.768 1312.892 1301.243 1289.594 1277.946 1266.297 1253.487 1239.55 1225.613 1211.676 1197.739 1190.835 1184.251 1177.666
1353.682 1357.432 1361.182 1364.933 1368.683 1367.367 1362.154 1356.941 1351.728 1346.492 1339.756 1333.02 1326.284 1319.548 1312.25 1304.301 1296.353 1288.404 1280.456 1282.613 1285.732 1288.852 1291.971 1298.639 1311.551 1324.464 1337.376 1350.288 1359.338 1367.49 1375.642 1383.794 1389.991 1390.648 1391.305 1391.961 1392.618 1390.27 1386.695 1383.12 1379.546 1375.499 1368.96 1362.422 1355.884 1349.346 1341.555 1332.958 1324.36 1315.763 1306.969 1294.981 1282.993 1271.005 1259.017 1245.97 1231.893 1217.816 1203.739 1189.662 1183.519 1177.736 1171.954
1346.047 1349.017 1351.987 1354.957 1357.927 1355.946 1350.157 1344.368 1338.579 1332.774 1325.931 1319.087 1312.243 1305.4 1297.979 1289.89 1281.802 1273.713 1265.625 1269.504 1274.524 1279.543 1284.562 1292.691 1306.293 1319.894 1333.495 1347.097 1356.245 1364.36 1372.474 1380.589 1386.736 1387.306 1387.877 1388.447 1389.018 1386.228 1382.067 1377.905 1373.744 1369.2 1362.641 1356.081 1349.521 1342.962 1335.227 1326.738 1318.248 1309.758 1301.046 1288.719 1276.392 1264.065 1251.738 1238.453 1224.236 1210.019 1195.802 1181.585 1176.203 1171.223 1166.242
1338.412 1340.602 1342.791 1344.981 1347.17 1344.524 1338.159 1331.794 1325.429 1319.056 1312.104 1305.153 1298.201 1291.25 1283.707 1275.478 1267.25 1259.021 1250.793 1256.395 1263.315 1270.234 1277.153 1286.744 1301.034 1315.324 1329.615 1343.905 1353.153 1361.23 1369.307 1377.383 1383.48 1383.964 1384.449 1384.933 1385.417 1382.186 1377.438 1372.69 1367.942 1362.901 1356.32 1349.739 1343.158 1336.577 1328.9 1320.518 1312.136 1303.754 1295.124 1282.457 1269.791 1257.125 1244.459 1230.935 1216.578 1202.221 1187.865 1173.508 1168.887 1164.708 1160.53
1329.894 1331.265 1332.635 1334.006 1335.376 1332.296 1325.793 1319.289 1312.786 1306.276 1299.281 1292.286 1285.292 1278.297 1270.787 1262.681 1254.575 1246.47 1238.364 1245.467 1254.019 1262.571 1271.122 1281.906 1296.617 1311.329 1326.041 1340.752 1349.844 1357.631 1365.418 1373.205 1379.011 1379.203 1379.395 1379.588 1379.78 1376.269 1371.245 1366.222 1361.199 1355.938 1349.422 1342.907 1336.392 1329.877 1322.183 1313.731 1305.279 1296.827 1288.124 1275.338 1262.551 1249.765 1236.978 1223.394 1209.033 1194.673 1180.313 1165.952 1162.015 1158.55 1155.086
1320.413 1320.922 1321.432 1321.941 1322.45 1319.187 1313.023 1306.859 1300.694 1294.519 1287.551 1280.583 1273.615 1266.648 1259.342 1251.645 1243.948 1236.252 1228.555 1236.917 1246.81 1256.702 1266.593 1278.278 1293.119 1307.96 1322.801 1337.642 1346.299 1353.521 1360.743 1367.964 1373.218 1372.893 1372.569 1372.245 1371.92 1368.305 1363.346 1358.387 1353.429 1348.248 1341.894 1335.54 1329.187 1322.833 1315.042 1306.326 1297.61 1288.895 1279.95 1267.282 1254.614 1241.946 1229.278 1215.825 1201.61 1187.395 1173.18 1158.965 1155.626 1152.781 1149.935
1310.932 1310.58 1310.228 1309.876 1309.525 1306.079 1300.254 1294.429 1288.603 1282.762 1275.821 1268.88 1261.94 1254.999 1247.897 1240.609 1233.322 1226.034 1218.746 1228.368 1239.6 1250.833 1262.065 1274.651 1289.621 1304.591 1319.561 1334.531 1342.754 1349.411 1356.068 1362.724 1367.425 1366.584 1365.743 1364.902 1364.061 1360.341 1355.447 1350.553 1345.659 1340.558 1334.366 1328.174 1321.981 1315.789 1307.901 1298.921 1289.942 1280.962 1271.776 1259.226 1246.677 1234.127 1221.577 1208.257 1194.187 1180.117 1166.048 1151.978 1149.237 1147.011 1144.785
1301.451 1300.238 1299.025 1297.812 1296.599 1292.971 1287.484 1281.998 1276.512 1271.005 1264.092 1257.178 1250.264 1243.35 1236.452 1229.574 1222.695 1215.817 1208.938 1219.819 1232.391 1244.964 1257.536 1271.024 1286.123 1301.222 1316.322 1331.421 1339.209 1345.301 1351.392 1357.484 1361.632 1360.274 1358.917 1357.559 1356.201 1352.378 1347.548 1342.719 1337.889 1332.868 1326.838 1320.807 1314.776 1308.745 1300.759 1291.516 1282.273 1273.03 1263.602 1251.171 1238.739 1226.308 1213.877 1200.688 1186.764 1172.84 1158.915 1144.991 1142.848 1141.241 1139.634
1291.97 1289.896 1287.821 1285.747 1283.673 1279.862 1274.715 1269.568 1264.421 1259.249 1252.361 1245.474 1238.588 1231.701 1225.007 1218.538 1212.068 1205.599 1199.129 1211.269 1225.182 1239.095 1253.007 1267.396 1282.625 1297.853 1313.082 1328.31 1335.664 1341.191 1346.717 1352.243 1355.839 1353.965 1352.09 1350.216 1348.341 1344.414 1339.649 1334.884 1330.119 1325.178 1319.309 1313.44 1307.571 1301.701 1293.618 1284.111 1274.604 1265.097 1255.427 1243.115 1230.802 1218.489 1206.176 1193.12 1179.341 1165.562 1151.783 1138.004 1136.459 1135.471 1134.483
1285.386 1283.155 1280.924 1278.694 1276.463 1272.3 1266.65 1261.001 1255.351 1249.676 1242.294 1234.912 1227.529 1220.147 1213.968 1209.18 1204.392 1199.605 1194.817 1207.785 1222.445 1237.105 1251.764 1266.491 1281.336 1296.182 1311.027 1325.873 1332.742 1337.759 1342.776 1347.792 1350.85 1348.358 1345.865 1343.373 1340.88 1336.578 1331.538 1326.498 1321.458 1316.287 1310.428 1304.568 1298.708 1292.848 1284.941 1275.718 1266.495 1257.272 1247.888 1235.886 1223.884 1211.883 1199.881 1187.0 1173.265 1159.53 1145.795 1132.06 1130.682 1129.867 1129.052
1278.98 1276.636 1274.292 1271.948 1269.605 1265.079 1258.875 1252.671 1246.467 1240.238 1232.329 1224.419 1216.509 1208.599 1202.954 1199.926 1196.898 1193.87 1190.843 1204.613 1219.983 1235.353 1250.723 1265.753 1280.184 1294.615 1309.046 1323.477 1329.857 1334.368 1338.879 1343.39 1345.911 1342.794 1339.677 1336.56 1333.443 1328.75 1323.414 1318.078 1312.742 1307.322 1301.463 1295.603 1289.743 1283.883 1276.169 1267.264 1258.358 1249.453 1240.387 1228.708 1217.029 1205.35 1193.672 1180.969 1167.271 1153.574 1139.876 1126.179 1124.943 1124.273 1123.603
1272.574 1270.117 1267.66 1265.203 1262.747 1257.859 1251.1 1244.342 1237.583 1230.801 1222.364 1213.926 1205.489 1197.052 1191.939 1190.672 1189.404 1188.136 1186.869 1201.441 1217.521 1233.602 1249.682 1265.015 1279.031 1293.048 1307.065 1321.081 1326.972 1330.978 1334.983 1338.988 1340.972 1337.231 1333.489 1329.748 1326.007 1320.923 1315.291 1309.658 1304.026 1298.358 1292.498 1286.638 1280.778 1274.918 1267.398 1258.81 1250.222 1241.634 1232.886 1221.53 1210.174 1198.818 1187.463 1174.938 1161.278 1147.619 1133.959 1120.299 1119.203 1118.679 1118.154
