data/zism_data/00216_04_D.txt
ncols         224
nrows         224
[rows 28 to 55 of 224, columns 126 to 188 of 224]
1482.924 1482.924 1482.924 1482.924 1482.924 1482.924 1482.924 1482.924 1482.924 1482.844 1482.757 1482.67 1482.583 1482.243 1481.484 1480.726 1479.968 1479.209 1477.827 1476.327 1474.826 1473.326 1471.934 1470.788 1469.642 1468.496 1467.351 1466.478 1465.688 1464.897 1464.107 1463.261 1462.233 1461.205 1460.177 1459.149 1459.334 1460.049 1460.763 1461.478 1462.486 1465.042 1467.598 1470.153 1472.709 1475.494 1478.418 1481.341 1484.265 1487.037 1488.225 1489.413 1490.601 1491.788 1492.212 1492.011 1491.811 1491.61 1491.377 1488.967 1486.556 1484.146 1481.735
1485.121 1485.121 1485.121 1485.121 1485.121 1485.121 1485.121 1485.121 1485.121 1485.012 1484.893 1484.773 1484.654 1484.284 1483.498 1482.713 1481.928 1481.142 1479.67 1478.067 1476.465 1474.862 1473.394 1472.232 1471.07 1469.908 1468.746 1468.014 1467.412 1466.81 1466.208 1465.535 1464.625 1463.716 1462.806 1461.897 1462.125 1462.85 1463.576 1464.301 1465.326 1467.931 1470.535 1473.139 1475.743 1478.65 1481.74 1484.831 1487.921 1490.829 1491.812 1492.795 1493.778 1494.761 1495.087 1494.875 1494.664 1494.453 1494.212 1491.952 1489.692 1487.432 1485.173
1487.253 1487.261 1487.27 1487.278 1487.285 1487.288 1487.291 1487.294 1487.297 1487.163 1487.016 1486.869 1486.722 1486.32 1485.496 1484.672 1483.848 1483.024 1481.476 1479.789 1478.103 1476.417 1474.886 1473.708 1472.53 1471.352 1470.173 1469.578 1469.159 1468.74 1468.321 1467.824 1467.066 1466.308 1465.551 1464.793 1465.064 1465.785 1466.505 1467.226 1468.246 1470.846 1473.445 1476.045 1478.644 1481.614 1484.806 1487.999 1491.191 1494.175 1494.97 1495.765 1496.56 1497.355 1497.595 1497.38 1497.166 1496.952 1496.71 1494.612 1492.514 1490.416 1488.318
1488.996 1489.063 1489.131 1489.199 1489.247 1489.272 1489.297 1489.321 1489.346 1489.214 1489.067 1488.92 1488.773 1488.331 1487.399 1486.467 1485.536 1484.604 1483.061 1481.402 1479.742 1478.083 1476.565 1475.371 1474.177 1472.983 1471.789 1471.306 1471.037 1470.769 1470.5 1470.2 1469.792 1469.384 1468.977 1468.569 1468.879 1469.503 1470.126 1470.75 1471.639 1473.92 1476.202 1478.484 1480.766 1483.441 1486.354 1489.267 1492.179 1494.9 1495.603 1496.307 1497.01 1497.714 1497.936 1497.765 1497.593 1497.422 1497.226 1495.354 1493.482 1491.61 1489.738
1490.739 1490.866 1490.993 1491.12 1491.21 1491.257 1491.303 1491.349 1491.395 1491.265 1491.118 1490.971 1490.824 1490.341 1489.302 1488.262 1487.223 1486.184 1484.646 1483.014 1481.381 1479.749 1478.245 1477.035 1475.825 1474.614 1473.404 1473.033 1472.915 1472.798 1472.68 1472.576 1472.518 1472.46 1472.402 1472.344 1472.693 1473.22 1473.747 1474.274 1475.031 1476.995 1478.959 1480.924 1482.888 1485.269 1487.902 1490.534 1493.167 1495.624 1496.236 1496.848 1497.46 1498.073 1498.277 1498.149 1498.021 1497.893 1497.743 1496.096 1494.45 1492.804 1491.158
1492.482 1492.668 1492.854 1493.04 1493.173 1493.241 1493.309 1493.377 1493.444 1493.316 1493.169 1493.022 1492.875 1492.351 1491.204 1490.057 1488.911 1487.764 1486.231 1484.626 1483.021 1481.415 1479.925 1478.698 1477.472 1476.246 1475.019 1474.76 1474.793 1474.826 1474.859 1474.952 1475.244 1475.536 1475.828 1476.12 1476.508 1476.938 1477.369 1477.799 1478.423 1480.069 1481.716 1483.363 1485.01 1487.097 1489.449 1491.802 1494.155 1496.349 1496.869 1497.39 1497.911 1498.431 1498.618 1498.533 1498.448 1498.363 1498.259 1496.839 1495.418 1493.999 1492.578
1494.225 1494.47 1494.716 1494.961 1495.136 1495.226 1495.315 1495.404 1495.493 1495.367 1495.22 1495.073 1494.926 1494.362 1493.107 1491.853 1490.598 1489.344 1487.817 1486.238 1484.66 1483.081 1481.605 1480.362 1479.12 1477.877 1476.634 1476.487 1476.671 1476.855 1477.039 1477.329 1477.97 1478.612 1479.254 1479.896 1480.323 1480.656 1480.99 1481.323 1481.815 1483.144 1484.473 1485.802 1487.131 1488.924 1490.997 1493.07 1495.143 1497.073 1497.502 1497.932 1498.36 1498.79 1498.959 1498.917 1498.875 1498.833 1498.775 1497.581 1496.387 1495.193 1493.999
1495.507 1495.741 1495.975 1496.21 1496.386 1496.49 1496.594 1496.699 1496.803 1496.678 1496.531 1496.384 1496.237 1495.668 1494.402 1493.136 1491.87 1490.603 1489.097 1487.546 1485.994 1484.442 1482.999 1481.805 1480.61 1479.415 1478.22 1478.168 1478.461 1478.754 1479.047 1479.474 1480.348 1481.221 1482.094 1482.968 1483.438 1483.732 1484.026 1484.32 1484.716 1485.651 1486.585 1487.52 1488.455 1489.877 1491.593 1493.31 1495.026 1496.63 1497.047 1497.465 1497.882 1498.3 1498.469 1498.434 1498.4 1498.366 1498.315 1497.091 1495.867 1494.644 1493.42
1496.474 1496.649 1496.824 1496.999 1497.147 1497.262 1497.378 1497.493 1497.608 1497.484 1497.337 1497.19 1497.043 1496.494 1495.282 1494.069 1492.857 1491.645 1490.17 1488.645 1487.12 1485.596 1484.199 1483.096 1481.993 1480.889 1479.786 1479.817 1480.191 1480.564 1480.938 1481.463 1482.487 1483.511 1484.535 1485.559 1486.075 1486.369 1486.663 1486.957 1487.282 1487.77 1488.258 1488.746 1489.234 1490.232 1491.54 1492.847 1494.155 1495.388 1495.849 1496.309 1496.77 1497.23 1497.41 1497.359 1497.309 1497.259 1497.189 1495.76 1494.332 1492.904 1491.475
1497.441 1497.557 1497.673 1497.789 1497.909 1498.035 1498.161 1498.287 1498.413 1498.289 1498.142 1497.995 1497.849 1497.32 1496.162 1495.003 1493.845 1492.686 1491.242 1489.745 1488.247 1486.749 1485.399 1484.387 1483.375 1482.364 1481.352 1481.466 1481.921 1482.375 1482.829 1483.451 1484.626 1485.8 1486.975 1488.15 1488.712 1489.006 1489.3 1489.594 1489.847 1489.889 1489.93 1489.971 1490.012 1490.588 1491.486 1492.385 1493.283 1494.147 1494.65 1495.154 1495.658 1496.161 1496.351 1496.284 1496.218 1496.152 1496.063 1494.43 1492.797 1491.164 1489.531
1498.408 1498.465 1498.522 1498.578 1498.671 1498.807 1498.944 1499.081 1499.217 1499.095 1498.948 1498.801 1498.654 1498.146 1497.042 1495.937 1494.832 1493.727 1492.315 1490.844 1489.373 1487.902 1486.599 1485.679 1484.758 1483.838 1482.918 1483.115 1483.65 1484.186 1484.721 1485.439 1486.765 1488.09 1489.416 1490.741 1491.349 1491.643 1491.937 1492.231 1492.413 1492.008 1491.602 1491.197 1490.791 1490.943 1491.432 1491.922 1492.411 1492.905 1493.452 1493.999 1494.545 1495.092 1495.292 1495.209 1495.127 1495.044 1494.936 1493.099 1491.262 1489.424 1487.587
1499.34 1499.34 1499.34 1499.34 1499.404 1499.548 1499.691 1499.834 1499.978 1499.856 1499.709 1499.562 1499.415 1498.928 1497.879 1496.829 1495.78 1494.73 1493.356 1491.919 1490.483 1489.047 1487.797 1486.971 1486.146 1485.32 1484.494 1484.773 1485.384 1485.995 1486.607 1487.416 1488.88 1490.344 1491.808 1493.272 1493.921 1494.213 1494.504 1494.796 1494.909 1494.075 1493.242 1492.409 1491.575 1491.311 1491.391 1491.47 1491.549 1491.672 1492.247 1492.823 1493.398 1493.973 1494.177 1494.078 1493.978 1493.879 1493.752 1491.722 1489.693 1487.663 1485.633
1499.486 1499.486 1499.486 1499.486 1499.514 1499.577 1499.64 1499.703 1499.765 1499.636 1499.49 1499.343 1499.196 1498.741 1497.778 1496.814 1495.851 1494.887 1493.698 1492.467 1491.235 1490.003 1488.946 1488.287 1487.629 1486.97 1486.311 1486.612 1487.202 1487.792 1488.381 1489.144 1490.479 1491.814 1493.149 1494.483 1495.059 1495.302 1495.546 1495.789 1495.859 1495.015 1494.171 1493.327 1492.483 1491.949 1491.604 1491.258 1490.912 1490.621 1490.906 1491.19 1491.475 1491.76 1491.818 1491.692 1491.566 1491.44 1491.287 1489.333 1487.378 1485.424 1483.47
1499.633 1499.633 1499.633 1499.633 1499.625 1499.607 1499.589 1499.571 1499.552 1499.417 1499.27 1499.123 1498.976 1498.554 1497.677 1496.799 1495.922 1495.045 1494.041 1493.014 1491.987 1490.96 1490.096 1489.604 1489.112 1488.62 1488.128 1488.451 1489.019 1489.588 1490.156 1490.872 1492.078 1493.283 1494.489 1495.695 1496.197 1496.392 1496.587 1496.782 1496.81 1495.955 1495.1 1494.245 1493.39 1492.588 1491.817 1491.046 1490.275 1489.571 1489.564 1489.558 1489.552 1489.546 1489.459 1489.306 1489.153 1489.0 1488.822 1486.943 1485.064 1483.185 1481.306
1499.779 1499.779 1499.779 1499.779 1499.735 1499.636 1499.537 1499.439 1499.34 1499.197 1499.05 1498.903 1498.756 1498.366 1497.575 1496.784 1495.993 1495.202 1494.384 1493.562 1492.739 1491.916 1491.245 1490.92 1490.595 1490.27 1489.945 1490.29 1490.837 1491.384 1491.93 1492.6 1493.677 1494.753 1495.829 1496.906 1497.335 1497.482 1497.628 1497.775 1497.76 1496.895 1496.029 1495.163 1494.298 1493.226 1492.03 1490.834 1489.638 1488.52 1488.223 1487.926 1487.63 1487.333 1487.1 1486.921 1486.741 1486.561 1486.357 1484.554 1482.75 1480.946 1479.143
1499.926 1499.926 1499.926 1499.926 1499.845 1499.666 1499.486 1499.307 1499.127 1498.977 1498.83 1498.683 1498.536 1498.179 1497.474 1496.769 1496.064 1495.359 1494.727 1494.109 1493.491 1492.873 1492.395 1492.236 1492.078 1491.92 1491.762 1492.129 1492.654 1493.18 1493.705 1494.328 1495.275 1496.223 1497.17 1498.117 1498.474 1498.572 1498.67 1498.768 1498.711 1497.834 1496.958 1496.082 1495.205 1493.865 1492.243 1490.622 1489.0 1487.469 1486.882 1486.294 1485.707 1485.12 1484.742 1484.535 1484.328 1484.121 1483.892 1482.164 1480.436 1478.708 1476.979
1499.995 1499.99 1499.984 1499.979 1499.879 1499.664 1499.449 1499.234 1499.019 1498.851 1498.688 1498.526 1498.363 1498.04 1497.453 1496.866 1496.279 1495.692 1495.217 1494.764 1494.31 1493.857 1493.523 1493.463 1493.403 1493.342 1493.282 1493.635 1494.112 1494.589 1495.067 1495.621 1496.431 1497.241 1498.052 1498.862 1499.154 1499.219 1499.285 1499.35 1499.266 1498.392 1497.518 1496.645 1495.771 1494.257 1492.356 1490.456 1488.555 1486.736 1485.781 1484.827 1483.872 1482.917 1482.302 1481.965 1481.628 1481.29 1480.934 1479.303 1477.671 1476.039 1474.408
1499.984 1499.968 1499.952 1499.936 1499.835 1499.631 1499.427 1499.222 1499.018 1498.822 1498.627 1498.432 1498.236 1497.95 1497.514 1497.078 1496.641 1496.205 1495.858 1495.529 1495.199 1494.869 1494.63 1494.597 1494.563 1494.53 1494.497 1494.798 1495.2 1495.602 1496.003 1496.466 1497.131 1497.796 1498.461 1499.126 1499.362 1499.412 1499.461 1499.51 1499.415 1498.558 1497.7 1496.842 1495.984 1494.396 1492.366 1490.336 1488.307 1486.331 1484.93 1483.528 1482.126 1480.725 1479.779 1479.205 1478.631 1478.057 1477.469 1475.956 1474.443 1472.929 1471.416
1499.974 1499.947 1499.92 1499.893 1499.791 1499.598 1499.404 1499.21 1499.017 1498.792 1498.565 1498.337 1498.11 1497.861 1497.575 1497.289 1497.004 1496.718 1496.499 1496.294 1496.088 1495.882 1495.737 1495.73 1495.724 1495.718 1495.711 1495.961 1496.287 1496.614 1496.94 1497.312 1497.831 1498.351 1498.87 1499.39 1499.571 1499.604 1499.637 1499.671 1499.564 1498.723 1497.881 1497.04 1496.198 1494.535 1492.376 1490.217 1488.058 1485.926 1484.078 1482.229 1480.381 1478.533 1477.256 1476.445 1475.634 1474.823 1474.004 1472.609 1471.214 1469.819 1468.424
1499.963 1499.925 1499.888 1499.85 1499.747 1499.564 1499.382 1499.199 1499.016 1498.763 1498.503 1498.243 1497.984 1497.771 1497.636 1497.501 1497.366 1497.231 1497.141 1497.059 1496.977 1496.895 1496.844 1496.864 1496.885 1496.905 1496.926 1497.124 1497.375 1497.626 1497.877 1498.157 1498.531 1498.905 1499.279 1499.654 1499.779 1499.797 1499.814 1499.831 1499.713 1498.888 1498.063 1497.237 1496.412 1494.675 1492.386 1490.098 1487.81 1485.521 1483.226 1480.931 1478.636 1476.341 1474.732 1473.685 1472.637 1471.589 1470.538 1469.262 1467.985 1466.709 1465.432
1499.952 1499.904 1499.856 1499.807 1499.703 1499.531 1499.359 1499.187 1499.015 1498.733 1498.441 1498.149 1497.857 1497.681 1497.697 1497.713 1497.728 1497.744 1497.782 1497.824 1497.865 1497.907 1497.951 1497.998 1498.046 1498.093 1498.14 1498.286 1498.462 1498.638 1498.814 1499.002 1499.231 1499.46 1499.689 1499.918 1499.988 1499.989 1499.99 1499.991 1499.863 1499.053 1498.244 1497.435 1496.625 1494.814 1492.396 1489.979 1487.562 1485.116 1482.374 1479.632 1476.891 1474.149 1472.209 1470.925 1469.64 1468.356 1467.073 1465.915 1464.757 1463.599 1462.441
1499.538 1499.489 1499.44 1499.391 1499.266 1499.049 1498.832 1498.615 1498.398 1498.189 1497.982 1497.774 1497.566 1497.488 1497.624 1497.76 1497.896 1498.032 1498.121 1498.2 1498.279 1498.359 1498.426 1498.465 1498.504 1498.542 1498.581 1498.695 1498.831 1498.967 1499.103 1499.248 1499.422 1499.597 1499.772 1499.947 1500.0 1500.0 1500.0 1500.0 1499.871 1499.063 1498.254 1497.446 1496.638 1494.813 1492.372 1489.932 1487.492 1485.003 1481.997 1478.991 1475.985 1472.979 1470.704 1469.025 1467.347 1465.668 1463.999 1462.949 1461.899 1460.849 1459.799
1499.098 1499.049 1499.0 1498.951 1498.805 1498.539 1498.274 1498.008 1497.743 1497.614 1497.497 1497.381 1497.265 1497.288 1497.543 1497.797 1498.052 1498.306 1498.441 1498.552 1498.664 1498.776 1498.862 1498.89 1498.918 1498.946 1498.974 1499.056 1499.155 1499.253 1499.351 1499.456 1499.582 1499.709 1499.835 1499.962 1500.0 1500.0 1500.0 1500.0 1499.871 1499.063 1498.254 1497.446 1496.638 1494.802 1492.346 1489.89 1487.434 1484.908 1481.649 1478.39 1475.131 1471.872 1469.26 1467.178 1465.096 1463.014 1460.948 1460.006 1459.064 1458.122 1457.179
1498.659 1498.61 1498.561 1498.512 1498.344 1498.03 1497.716 1497.402 1497.088 1497.038 1497.013 1496.989 1496.964 1497.089 1497.462 1497.835 1498.208 1498.58 1498.761 1498.905 1499.049 1499.193 1499.298 1499.316 1499.333 1499.35 1499.368 1499.418 1499.479 1499.539 1499.6 1499.665 1499.743 1499.82 1499.898 1499.976 1500.0 1500.0 1500.0 1500.0 1499.871 1499.063 1498.254 1497.446 1496.638 1494.792 1492.32 1489.848 1487.375 1484.812 1481.3 1477.788 1474.276 1470.764 1467.817 1465.332 1462.846 1460.36 1457.898 1457.063 1456.229 1455.394 1454.56
1498.219 1498.17 1498.121 1498.072 1497.882 1497.52 1497.158 1496.795 1496.433 1496.462 1496.529 1496.596 1496.663 1496.889 1497.381 1497.872 1498.363 1498.854 1499.081 1499.257 1499.434 1499.61 1499.734 1499.741 1499.748 1499.754 1499.761 1499.78 1499.803 1499.826 1499.849 1499.873 1499.903 1499.932 1499.962 1499.991 1500.0 1500.0 1500.0 1500.0 1499.871 1499.063 1498.254 1497.446 1496.638 1494.782 1492.294 1489.805 1487.317 1484.717 1480.952 1477.187 1473.422 1469.657 1466.374 1463.485 1460.595 1457.705 1454.847 1454.12 1453.393 1452.667 1451.94
1497.44 1497.395 1497.35 1497.306 1497.111 1496.734 1496.357 1495.98 1495.603 1495.741 1495.929 1496.117 1496.305 1496.64 1497.218 1497.796 1498.374 1498.952 1499.205 1499.397 1499.589 1499.781 1499.92 1499.939 1499.958 1499.977 1499.996 1500.0 1500.0 1500.0 1500.0 1500.0 1500.0 1500.0 1500.0 1500.0 1500.0 1500.0 1500.0 1500.0 1499.871 1499.063 1498.254 1497.446 1496.638 1494.776 1492.278 1489.779 1487.281 1484.658 1480.722 1476.786 1472.85 1468.915 1465.408 1462.251 1459.095 1455.939 1452.818 1452.157 1451.496 1450.834 1450.173
1496.132 1496.098 1496.064 1496.03 1495.859 1495.519 1495.18 1494.84 1494.501 1494.795 1495.15 1495.504 1495.859 1496.312 1496.928 1497.544 1498.159 1498.775 1499.025 1499.206 1499.387 1499.568 1499.715 1499.782 1499.85 1499.917 1499.984 1500.0 1500.0 1500.0 1500.0 1500.0 1500.0 1500.0 1500.0 1500.0 1500.0 1500.0 1500.0 1500.0 1499.871 1499.063 1498.254 1497.446 1496.638 1494.776 1492.278 1489.779 1487.281 1484.654 1480.675 1476.696 1472.717 1468.739 1465.183 1461.973 1458.762 1455.552 1452.379 1451.718 1451.056 1450.395 1449.734
1494.824 1494.801 1494.778 1494.754 1494.606 1494.304 1494.002 1493.701 1493.399 1493.849 1494.37 1494.892 1495.413 1495.984 1496.638 1497.291 1497.945 1498.598 1498.845 1499.016 1499.186 1499.356 1499.51 1499.626 1499.741 1499.857 1499.973 1500.0 1500.0 1500.0 1500.0 1500.0 1500.0 1500.0 1500.0 1500.0 1500.0 1500.0 1500.0 1500.0 1499.871 1499.063 1498.254 1497.446 1496.638 1494.776 1492.278 1489.779 1487.281 1484.65 1480.628 1476.606 1472.584 1468.563 1464.958 1461.694 1458.43 1455.166 1451.939 1451.278 1450.617 1449.955 1449.294
