data/zism_data/00215_03_D.txt
ncols         224
nrows         224
[rows 168 to 195 of 224, columns 64 to 127 of 224]
1303.165 1302.505 1301.846 1301.186 1300.527 1300.25 1300.186 1300.123 1300.059 1300.0 1300.0 1300.0 1300.0 1300.0 1300.0 1300.0 1300.0 1300.0 1300.0 1300.0 1300.0 1300.0 1300.0 1299.977 1299.915 1299.853 1299.791 1299.729 1299.592 1299.436 1299.279 1299.123 1299.002 1299.002 1299.002 1299.002 1299.002 1299.105 1299.261 1299.417 1299.574 1299.711 1299.649 1299.587 1299.525 1299.462 1299.422 1299.401 1299.38 1299.36 1299.339 1298.973 1298.589 1298.204 1297.82 1296.574 1293.922 1291.269 1288.617 1285.964 1282.569 1279.001 1275.432 1271.863
1301.814 1301.38 1300.946 1300.512 1300.078 1299.933 1299.95 1299.967 1299.984 1300.0 1300.0 1300.0 1300.0 1300.0 1300.0 1300.0 1300.0 1300.0 1300.0 1300.0 1300.0 1300.0 1300.0 1299.966 1299.871 1299.777 1299.683 1299.588 1299.44 1299.279 1299.117 1298.956 1298.831 1298.831 1298.831 1298.831 1298.831 1298.937 1299.098 1299.26 1299.422 1299.561 1299.466 1299.372 1299.278 1299.184 1299.122 1299.09 1299.059 1299.027 1298.996 1298.548 1298.078 1297.607 1297.137 1295.704 1292.697 1289.69 1286.683 1283.676 1279.849 1275.829 1271.809 1267.79
1300.464 1300.255 1300.046 1299.838 1299.629 1299.617 1299.715 1299.812 1299.91 1300.0 1300.0 1300.0 1300.0 1300.0 1300.0 1300.0 1300.0 1300.0 1300.0 1300.0 1300.0 1300.0 1300.0 1299.954 1299.827 1299.701 1299.574 1299.448 1299.289 1299.122 1298.955 1298.788 1298.659 1298.659 1298.659 1298.659 1298.659 1298.769 1298.936 1299.102 1299.269 1299.411 1299.284 1299.158 1299.031 1298.905 1298.822 1298.78 1298.737 1298.695 1298.653 1298.123 1297.567 1297.011 1296.454 1294.833 1291.472 1288.111 1284.749 1281.388 1277.128 1272.657 1268.187 1263.716
1299.622 1299.549 1299.476 1299.403 1299.33 1299.402 1299.554 1299.706 1299.859 1300.0 1300.0 1300.0 1300.0 1300.0 1300.0 1300.0 1300.0 1300.0 1300.0 1299.994 1299.988 1299.981 1299.975 1299.917 1299.771 1299.626 1299.48 1299.334 1299.15 1298.956 1298.762 1298.569 1298.411 1298.377 1298.342 1298.308 1298.274 1298.353 1298.491 1298.629 1298.767 1298.877 1298.688 1298.499 1298.311 1298.122 1297.972 1297.857 1297.742 1297.627 1297.512 1296.837 1296.133 1295.429 1294.725 1292.891 1289.209 1285.528 1281.846 1278.165 1273.532 1268.677 1263.821 1258.966
1299.548 1299.475 1299.402 1299.329 1299.256 1299.339 1299.507 1299.675 1299.844 1300.0 1300.0 1300.0 1300.0 1300.0 1300.0 1300.0 1300.0 1300.0 1300.0 1299.979 1299.956 1299.934 1299.911 1299.844 1299.698 1299.552 1299.406 1299.26 1299.029 1298.776 1298.524 1298.271 1298.048 1297.928 1297.808 1297.688 1297.568 1297.564 1297.622 1297.679 1297.737 1297.763 1297.467 1297.171 1296.875 1296.579 1296.291 1296.009 1295.728 1295.446 1295.165 1294.253 1293.307 1292.361 1291.416 1289.329 1285.38 1281.43 1277.48 1273.53 1268.616 1263.476 1258.336 1253.196
1299.475 1299.402 1299.329 1299.256 1299.183 1299.275 1299.46 1299.644 1299.829 1300.0 1300.0 1300.0 1300.0 1300.0 1300.0 1300.0 1300.0 1300.0 1300.0 1299.964 1299.925 1299.887 1299.848 1299.77 1299.624 1299.478 1299.333 1299.187 1298.909 1298.597 1298.285 1297.973 1297.685 1297.479 1297.273 1297.067 1296.861 1296.775 1296.752 1296.729 1296.706 1296.65 1296.247 1295.843 1295.44 1295.036 1294.61 1294.162 1293.714 1293.266 1292.818 1291.669 1290.481 1289.294 1288.106 1285.769 1281.55 1277.332 1273.114 1268.895 1263.7 1258.275 1252.851 1247.426
1299.401 1299.328 1299.255 1299.182 1299.109 1299.212 1299.413 1299.613 1299.814 1300.0 1300.0 1300.0 1300.0 1300.0 1300.0 1300.0 1300.0 1300.0 1300.0 1299.949 1299.894 1299.839 1299.785 1299.697 1299.551 1299.405 1299.259 1299.113 1298.788 1298.417 1298.046 1297.675 1297.322 1297.03 1296.738 1296.446 1296.154 1295.986 1295.883 1295.779 1295.676 1295.537 1295.026 1294.515 1294.004 1293.493 1292.929 1292.315 1291.7 1291.086 1290.472 1289.084 1287.655 1286.226 1284.797 1282.208 1277.721 1273.234 1268.747 1264.26 1258.783 1253.074 1247.365 1241.656
1299.327 1299.255 1299.182 1299.109 1299.036 1299.149 1299.366 1299.582 1299.799 1300.0 1300.0 1300.0 1300.0 1300.0 1300.0 1300.0 1300.0 1300.0 1300.0 1299.934 1299.863 1299.792 1299.721 1299.623 1299.477 1299.331 1299.185 1299.039 1298.667 1298.238 1297.807 1297.377 1296.959 1296.581 1296.204 1295.826 1295.448 1295.197 1295.013 1294.829 1294.645 1294.423 1293.805 1293.187 1292.569 1291.95 1291.248 1290.467 1289.686 1288.906 1288.125 1286.5 1284.829 1283.159 1281.488 1278.646 1273.891 1269.136 1264.381 1259.626 1253.867 1247.873 1241.88 1235.886
1299.44 1299.339 1299.238 1299.137 1299.036 1299.114 1299.29 1299.467 1299.644 1299.808 1299.808 1299.808 1299.808 1299.808 1299.808 1299.808 1299.808 1299.808 1299.808 1299.74 1299.667 1299.594 1299.521 1299.422 1299.276 1299.13 1298.984 1298.838 1298.415 1297.922 1297.428 1296.934 1296.449 1295.995 1295.54 1295.086 1294.631 1294.28 1293.983 1293.686 1293.389 1293.058 1292.379 1291.7 1291.021 1290.342 1289.512 1288.542 1287.571 1286.601 1285.63 1283.903 1282.136 1280.368 1278.601 1275.727 1271.044 1266.361 1261.678 1256.995 1251.251 1245.257 1239.264 1233.27
1299.58 1299.447 1299.314 1299.181 1299.048 1299.083 1299.211 1299.34 1299.468 1299.587 1299.587 1299.587 1299.587 1299.587 1299.587 1299.587 1299.587 1299.587 1299.587 1299.519 1299.446 1299.373 1299.3 1299.201 1299.055 1298.909 1298.763 1298.617 1298.143 1297.585 1297.027 1296.469 1295.917 1295.387 1294.858 1294.328 1293.799 1293.344 1292.929 1292.513 1292.098 1291.655 1290.922 1290.19 1289.457 1288.724 1287.768 1286.604 1285.441 1284.277 1283.113 1281.305 1279.462 1277.62 1275.777 1272.903 1268.344 1263.784 1259.225 1254.666 1248.979 1243.029 1237.078 1231.128
1299.721 1299.555 1299.39 1299.224 1299.059 1299.052 1299.132 1299.212 1299.292 1299.366 1299.366 1299.366 1299.366 1299.366 1299.366 1299.366 1299.366 1299.366 1299.366 1299.298 1299.225 1299.152 1299.079 1298.98 1298.834 1298.688 1298.542 1298.396 1297.871 1297.249 1296.626 1296.003 1295.385 1294.78 1294.175 1293.57 1292.966 1292.408 1291.874 1291.341 1290.807 1290.252 1289.465 1288.679 1287.893 1287.107 1286.024 1284.667 1283.31 1281.953 1280.596 1278.707 1276.789 1274.871 1272.953 1270.08 1265.644 1261.208 1256.772 1252.336 1246.708 1240.8 1234.893 1228.985
1299.861 1299.663 1299.466 1299.268 1299.071 1299.021 1299.052 1299.084 1299.116 1299.146 1299.146 1299.146 1299.146 1299.146 1299.146 1299.146 1299.146 1299.146 1299.146 1299.077 1299.005 1298.932 1298.859 1298.759 1298.613 1298.467 1298.321 1298.175 1297.599 1296.912 1296.225 1295.538 1294.853 1294.173 1293.493 1292.813 1292.133 1291.471 1290.82 1290.168 1289.517 1288.849 1288.009 1287.169 1286.329 1285.489 1284.281 1282.73 1281.18 1279.629 1278.079 1276.108 1274.115 1272.122 1270.129 1267.256 1262.944 1258.631 1254.319 1250.006 1244.436 1238.572 1232.707 1226.843
1299.882 1299.68 1299.477 1299.275 1299.072 1299.0 1299.0 1299.0 1299.0 1299.0 1299.0 1299.0 1299.0 1299.0 1298.995 1298.984 1298.973 1298.962 1298.951 1298.866 1298.777 1298.688 1298.598 1298.482 1298.32 1298.157 1297.995 1297.833 1297.238 1296.532 1295.827 1295.121 1294.414 1293.703 1292.991 1292.28 1291.569 1290.869 1290.174 1289.479 1288.784 1288.077 1287.236 1286.396 1285.555 1284.714 1283.473 1281.859 1280.245 1278.631 1277.017 1275.116 1273.2 1271.284 1269.367 1266.609 1262.475 1258.341 1254.207 1250.073 1244.632 1238.885 1233.139 1227.392
1299.671 1299.517 1299.363 1299.209 1299.055 1299.0 1299.0 1299.0 1299.0 1299.0 1299.0 1299.0 1299.0 1299.0 1298.978 1298.935 1298.892 1298.849 1298.805 1298.674 1298.536 1298.399 1298.261 1298.096 1297.886 1297.675 1297.464 1297.254 1296.705 1296.069 1295.433 1294.797 1294.156 1293.499 1292.841 1292.183 1291.526 1290.911 1290.318 1289.726 1289.133 1288.527 1287.789 1287.05 1286.312 1285.573 1284.478 1283.052 1281.626 1280.2 1278.774 1277.234 1275.688 1274.142 1272.597 1270.176 1266.327 1262.477 1258.628 1254.778 1249.605 1244.121 1238.638 1233.154
1299.461 1299.355 1299.249 1299.144 1299.038 1299.0 1299.0 1299.0 1299.0 1299.0 1299.0 1299.0 1299.0 1299.0 1298.962 1298.887 1298.811 1298.736 1298.66 1298.482 1298.296 1298.109 1297.923 1297.711 1297.452 1297.193 1296.934 1296.675 1296.171 1295.605 1295.039 1294.473 1293.898 1293.295 1292.691 1292.087 1291.483 1290.953 1290.463 1289.972 1289.481 1288.978 1288.341 1287.705 1287.068 1286.432 1285.483 1284.245 1283.007 1281.769 1280.531 1279.352 1278.177 1277.001 1275.826 1273.744 1270.179 1266.614 1263.049 1259.484 1254.578 1249.357 1244.137 1238.916
1299.25 1299.193 1299.135 1299.078 1299.021 1299.0 1299.0 1299.0 1299.0 1299.0 1299.0 1299.0 1299.0 1299.0 1298.946 1298.838 1298.731 1298.623 1298.515 1298.289 1298.055 1297.821 1297.586 1297.325 1297.018 1296.71 1296.403 1296.096 1295.638 1295.142 1294.646 1294.149 1293.641 1293.091 1292.54 1291.99 1291.44 1290.996 1290.607 1290.219 1289.83 1289.428 1288.894 1288.359 1287.825 1287.29 1286.488 1285.438 1284.388 1283.338 1282.288 1281.47 1280.665 1279.86 1279.055 1277.311 1274.031 1270.75 1267.47 1264.189 1259.55 1254.593 1249.636 1244.678
1299.04 1299.031 1299.021 1299.012 1299.003 1299.0 1299.0 1299.0 1299.0 1299.0 1299.0 1299.0 1299.0 1299.0 1298.93 1298.79 1298.65 1298.51 1298.37 1298.097 1297.814 1297.531 1297.249 1296.94 1296.584 1296.228 1295.873 1295.517 1295.105 1294.678 1294.252 1293.825 1293.383 1292.886 1292.39 1291.894 1291.397 1291.038 1290.752 1290.465 1290.178 1289.879 1289.446 1289.014 1288.581 1288.149 1287.494 1286.631 1285.769 1284.907 1284.045 1283.588 1283.154 1282.719 1282.285 1280.878 1277.882 1274.887 1271.891 1268.895 1264.523 1259.829 1255.135 1250.44
1299.0 1299.0 1299.0 1299.0 1299.0 1298.997 1298.993 1298.989 1298.984 1298.978 1298.943 1298.908 1298.873 1298.838 1298.76 1298.641 1298.521 1298.401 1298.281 1298.025 1297.76 1297.494 1297.228 1296.941 1296.615 1296.29 1295.964 1295.639 1295.24 1294.822 1294.404 1293.987 1293.567 1293.142 1292.717 1292.291 1291.866 1291.601 1291.421 1291.241 1291.061 1290.868 1290.551 1290.233 1289.916 1289.598 1289.107 1288.455 1287.802 1287.15 1286.497 1286.221 1285.965 1285.71 1285.454 1284.278 1281.597 1278.916 1276.235 1273.555 1269.576 1265.293 1261.01 1256.727
1299.0 1299.0 1299.0 1299.0 1299.0 1298.994 1298.984 1298.974 1298.965 1298.95 1298.872 1298.794 1298.716 1298.639 1298.556 1298.468 1298.381 1298.293 1298.206 1297.982 1297.748 1297.515 1297.282 1297.032 1296.755 1296.478 1296.201 1295.923 1295.53 1295.107 1294.684 1294.261 1293.854 1293.504 1293.154 1292.804 1292.453 1292.285 1292.212 1292.14 1292.067 1291.983 1291.783 1291.584 1291.384 1291.185 1290.862 1290.425 1289.987 1289.549 1289.111 1288.974 1288.852 1288.73 1288.609 1287.638 1285.28 1282.921 1280.563 1278.204 1274.647 1270.81 1266.973 1263.135
1299.0 1299.0 1299.0 1299.0 1299.0 1298.99 1298.975 1298.96 1298.945 1298.922 1298.802 1298.681 1298.56 1298.439 1298.351 1298.296 1298.241 1298.185 1298.13 1297.938 1297.737 1297.536 1297.335 1297.123 1296.895 1296.666 1296.437 1296.208 1295.82 1295.392 1294.963 1294.535 1294.141 1293.866 1293.591 1293.316 1293.041 1292.969 1293.004 1293.038 1293.073 1293.097 1293.016 1292.934 1292.853 1292.772 1292.617 1292.394 1292.171 1291.948 1291.725 1291.726 1291.739 1291.751 1291.764 1290.999 1288.962 1286.926 1284.89 1282.853 1279.719 1276.327 1272.935 1269.544
1299.0 1299.0 1299.0 1299.0 1299.0 1298.987 1298.966 1298.946 1298.926 1298.895 1298.731 1298.567 1298.403 1298.24 1298.147 1298.124 1298.101 1298.077 1298.054 1297.895 1297.726 1297.557 1297.388 1297.215 1297.034 1296.854 1296.673 1296.492 1296.11 1295.677 1295.243 1294.809 1294.428 1294.228 1294.028 1293.828 1293.629 1293.653 1293.795 1293.937 1294.079 1294.211 1294.248 1294.285 1294.322 1294.359 1294.372 1294.364 1294.356 1294.348 1294.339 1294.479 1294.625 1294.772 1294.919 1294.359 1292.645 1290.931 1289.217 1287.502 1284.79 1281.844 1278.898 1275.952
1299.0 1299.0 1299.0 1299.0 1299.0 1298.985 1298.963 1298.94 1298.917 1298.882 1298.685 1298.489 1298.293 1298.097 1298.0 1298.0 1298.0 1298.0 1298.0 1297.885 1297.762 1297.639 1297.516 1297.387 1297.251 1297.114 1296.977 1296.84 1296.468 1296.035 1295.601 1295.168 1294.805 1294.682 1294.559 1294.436 1294.313 1294.411 1294.625 1294.84 1295.054 1295.262 1295.398 1295.535 1295.672 1295.809 1295.945 1296.082 1296.219 1296.356 1296.493 1296.707 1296.926 1297.145 1297.364 1296.965 1295.556 1294.147 1292.738 1291.329 1289.019 1286.497 1283.976 1281.454
1299.0 1299.0 1299.0 1299.0 1299.0 1298.989 1298.971 1298.954 1298.937 1298.906 1298.704 1298.503 1298.301 1298.1 1298.0 1298.0 1298.0 1298.0 1298.0 1297.96 1297.918 1297.875 1297.832 1297.767 1297.663 1297.558 1297.453 1297.349 1296.996 1296.579 1296.162 1295.745 1295.412 1295.37 1295.327 1295.284 1295.242 1295.357 1295.556 1295.754 1295.952 1296.15 1296.34 1296.53 1296.721 1296.911 1297.057 1297.162 1297.266 1297.371 1297.476 1297.607 1297.74 1297.873 1298.006 1297.654 1296.508 1295.362 1294.216 1293.07 1291.11 1288.959 1286.808 1284.657
1299.0 1299.0 1299.0 1299.0 1299.0 1298.992 1298.98 1298.968 1298.956 1298.93 1298.723 1298.516 1298.309 1298.103 1298.0 1298.0 1298.0 1298.0 1298.0 1298.035 1298.073 1298.111 1298.149 1298.147 1298.075 1298.002 1297.93 1297.858 1297.524 1297.123 1296.722 1296.321 1296.019 1296.057 1296.095 1296.133 1296.171 1296.304 1296.486 1296.668 1296.85 1297.037 1297.281 1297.526 1297.77 1298.014 1298.169 1298.241 1298.314 1298.386 1298.458 1298.507 1298.554 1298.601 1298.648 1298.342 1297.46 1296.577 1295.694 1294.811 1293.201 1291.42 1289.64 1287.859
1299.0 1299.0 1299.0 1299.0 1299.0 1298.996 1298.989 1298.982 1298.976 1298.954 1298.742 1298.53 1298.318 1298.105 1298.0 1298.0 1298.0 1298.0 1298.0 1298.111 1298.229 1298.348 1298.466 1298.527 1298.487 1298.446 1298.406 1298.366 1298.052 1297.667 1297.282 1296.897 1296.626 1296.745 1296.863 1296.982 1297.1 1297.25 1297.416 1297.582 1297.748 1297.925 1298.223 1298.521 1298.819 1299.117 1299.281 1299.321 1299.361 1299.401 1299.442 1299.407 1299.368 1299.329 1299.29 1299.031 1298.411 1297.792 1297.172 1296.552 1295.292 1293.882 1292.472 1291.062
1299.0 1299.0 1299.0 1299.0 1299.0 1298.999 1298.998 1298.996 1298.995 1298.978 1298.76 1298.543 1298.325 1298.108 1298.0 1298.0 1298.0 1298.0 1298.0 1298.186 1298.385 1298.584 1298.783 1298.906 1298.899 1298.891 1298.883 1298.875 1298.58 1298.211 1297.842 1297.474 1297.233 1297.432 1297.631 1297.83 1298.029 1298.196 1298.346 1298.496 1298.646 1298.813 1299.165 1299.516 1299.868 1300.219 1300.393 1300.401 1300.409 1300.417 1300.424 1300.307 1300.182 1300.057 1299.932 1299.72 1299.363 1299.006 1298.65 1298.293 1297.383 1296.344 1295.304 1294.264
1299.0 1299.0 1299.0 1299.0 1299.0 1299.0 1299.0 1299.0 1299.0 1298.987 1298.804 1298.622 1298.439 1298.257 1298.166 1298.166 1298.166 1298.166 1298.166 1298.348 1298.543 1298.737 1298.932 1299.064 1299.089 1299.113 1299.137 1299.161 1298.902 1298.57 1298.237 1297.905 1297.694 1297.896 1298.099 1298.302 1298.504 1298.675 1298.829 1298.983 1299.137 1299.307 1299.648 1299.988 1300.328 1300.669 1300.829 1300.821 1300.813 1300.805 1300.797 1300.665 1300.527 1300.39 1300.252 1300.051 1299.747 1299.443 1299.139 1298.835 1298.111 1297.288 1296.465 1295.642
1299.0 1299.0 1299.0 1299.0 1299.0 1299.0 1299.0 1299.0 1299.0 1298.99 1298.856 1298.722 1298.588 1298.454 1298.387 1298.387 1298.387 1298.387 1298.387 1298.539 1298.701 1298.864 1299.026 1299.15 1299.206 1299.263 1299.319 1299.376 1299.157 1298.868 1298.578 1298.289 1298.106 1298.287 1298.468 1298.649 1298.831 1299.001 1299.166 1299.33 1299.495 1299.672 1299.981 1300.289 1300.597 1300.905 1301.044 1301.025 1301.006 1300.988 1300.969 1300.847 1300.72 1300.593 1300.466 1300.266 1299.946 1299.626 1299.306 1298.986 1298.393 1297.736 1297.08 1296.424
