data/zism_data/00215_02_D.txt
ncols         224
nrows         224
[rows 29 to 57 of 224, columns 0 to 64 of 224]
1124.554 1124.734 1124.131 1123.528 1122.925 1121.945 1118.758 1115.572 1112.386 1109.199 1106.86 1105.142 1103.424 1101.706 1100.018 1102.532 1105.046 1107.559 1110.073 1114.494 1121.362 1128.23 1135.099 1141.967 1149.219 1156.529 1163.839 1171.15 1177.431 1181.302 1185.173 1189.045 1192.916 1194.709 1195.732 1196.756 1197.779 1198.649 1198.719 1198.788 1198.857 1198.926 1198.425 1197.529 1196.633 1195.737 1194.761 1190.203 1185.646 1181.088 1176.53 1169.227 1158.602 1147.978 1137.353 1126.729 1121.142 1116.221 1111.301 1106.38 1102.797 1102.14 1101.483 1100.825 1100.168
1121.92 1121.915 1121.177 1120.44 1119.703 1118.67 1115.908 1113.146 1110.384 1107.621 1105.638 1104.226 1102.814 1101.402 1100.022 1103.089 1106.156 1109.222 1112.289 1117.185 1124.429 1131.674 1138.918 1146.162 1153.328 1160.483 1167.637 1174.792 1180.841 1184.305 1187.768 1191.231 1194.694 1196.138 1196.834 1197.53 1198.226 1198.794 1198.697 1198.6 1198.503 1198.406 1197.538 1196.137 1194.736 1193.336 1191.869 1187.456 1183.044 1178.631 1174.219 1167.522 1158.062 1148.603 1139.143 1129.684 1123.854 1118.504 1113.154 1107.803 1103.849 1102.944 1102.04 1101.135 1100.231
1119.285 1119.095 1118.224 1117.353 1116.481 1115.395 1113.057 1110.719 1108.381 1106.043 1104.416 1103.31 1102.204 1101.098 1100.026 1103.646 1107.266 1110.885 1114.505 1119.877 1127.497 1135.117 1142.737 1150.357 1157.437 1164.436 1171.435 1178.434 1184.252 1187.307 1190.363 1193.418 1196.473 1197.567 1197.936 1198.304 1198.672 1198.939 1198.676 1198.412 1198.148 1197.885 1196.65 1194.745 1192.84 1190.934 1188.977 1184.709 1180.442 1176.174 1171.907 1165.817 1157.522 1149.228 1140.933 1132.639 1126.566 1120.786 1115.006 1109.227 1104.9 1103.748 1102.597 1101.446 1100.294
1116.628 1116.294 1115.339 1114.383 1113.428 1112.33 1110.397 1108.465 1106.533 1104.6 1103.312 1102.496 1101.68 1100.864 1100.085 1104.307 1108.528 1112.75 1116.972 1122.861 1130.892 1138.922 1146.952 1154.982 1161.864 1168.572 1175.281 1181.989 1187.472 1190.086 1192.7 1195.314 1197.928 1198.698 1198.785 1198.872 1198.959 1198.949 1198.426 1197.903 1197.38 1196.858 1195.156 1192.639 1190.121 1187.604 1185.049 1180.805 1176.561 1172.316 1168.072 1162.493 1155.298 1148.104 1140.91 1133.716 1127.663 1121.76 1115.858 1109.956 1105.5 1104.208 1102.915 1101.623 1100.33
1113.9 1113.547 1112.662 1111.776 1110.89 1109.903 1108.319 1106.736 1105.153 1103.569 1102.568 1101.994 1101.419 1100.845 1100.311 1105.285 1110.258 1115.231 1120.204 1126.742 1135.288 1143.834 1152.38 1160.925 1167.264 1173.269 1179.273 1185.278 1190.106 1192.178 1194.25 1196.322 1198.393 1198.915 1198.862 1198.81 1198.758 1198.542 1197.478 1196.413 1195.348 1194.283 1191.804 1188.347 1184.89 1181.433 1177.952 1173.358 1168.765 1164.172 1159.578 1154.216 1147.924 1141.632 1135.34 1129.047 1123.82 1118.734 1113.648 1108.562 1104.724 1103.614 1102.504 1101.394 1100.284
1111.172 1110.8 1109.984 1109.169 1108.353 1107.476 1106.241 1105.007 1103.773 1102.538 1101.824 1101.491 1101.159 1100.826 1100.538 1106.263 1111.988 1117.713 1123.437 1130.623 1139.685 1148.746 1157.807 1166.868 1172.664 1177.965 1183.266 1188.568 1192.741 1194.27 1195.8 1197.329 1198.859 1199.132 1198.94 1198.748 1198.556 1198.136 1196.529 1194.922 1193.315 1191.708 1188.451 1184.055 1179.659 1175.262 1170.854 1165.912 1160.969 1156.027 1151.085 1145.94 1140.549 1135.159 1129.769 1124.379 1119.978 1115.708 1111.438 1107.168 1103.947 1103.019 1102.092 1101.164 1100.237
1108.444 1108.054 1107.307 1106.562 1105.815 1105.049 1104.164 1103.278 1102.393 1101.508 1101.08 1100.989 1100.898 1100.807 1100.764 1107.24 1113.717 1120.194 1126.67 1134.504 1144.081 1153.657 1163.234 1172.811 1178.063 1182.661 1187.259 1191.858 1195.375 1196.362 1197.35 1198.337 1199.324 1199.349 1199.017 1198.686 1198.354 1197.73 1195.581 1193.432 1191.282 1189.133 1185.099 1179.763 1174.427 1169.092 1163.757 1158.465 1153.174 1147.883 1142.591 1137.663 1133.175 1128.687 1124.199 1119.711 1116.136 1112.682 1109.228 1105.774 1103.17 1102.425 1101.68 1100.935 1100.19
1105.716 1105.307 1104.63 1103.954 1103.278 1102.622 1102.086 1101.549 1101.013 1100.477 1100.336 1100.487 1100.638 1100.788 1100.99 1108.218 1115.447 1122.675 1129.903 1138.385 1148.477 1158.569 1168.661 1178.754 1183.463 1187.357 1191.252 1195.147 1198.009 1198.454 1198.9 1199.345 1199.79 1199.566 1199.095 1198.623 1198.152 1197.324 1194.633 1191.941 1189.249 1186.557 1181.747 1175.471 1169.196 1162.921 1156.659 1151.019 1145.378 1139.738 1134.098 1129.387 1125.801 1122.214 1118.628 1115.042 1112.293 1109.655 1107.017 1104.379 1102.393 1101.831 1101.268 1100.706 1100.144
1104.161 1103.862 1103.379 1102.896 1102.413 1101.965 1101.724 1101.482 1101.241 1101.0 1101.25 1101.862 1102.474 1103.086 1103.751 1111.746 1119.742 1127.737 1135.732 1144.445 1154.078 1163.711 1173.344 1182.976 1187.024 1190.227 1193.43 1196.633 1198.934 1199.122 1199.31 1199.497 1199.685 1199.431 1199.012 1198.594 1198.176 1197.392 1194.697 1192.003 1189.308 1186.613 1181.539 1174.821 1168.103 1161.385 1154.676 1148.391 1142.105 1135.819 1129.533 1124.619 1121.364 1118.11 1114.856 1111.602 1109.432 1107.406 1105.38 1103.354 1101.829 1101.399 1100.969 1100.54 1100.11
1103.07 1102.931 1102.69 1102.448 1102.206 1102.005 1102.037 1102.07 1102.103 1102.135 1102.817 1103.977 1105.136 1106.296 1107.51 1116.279 1125.047 1133.816 1142.584 1151.362 1160.152 1168.942 1177.732 1186.522 1189.862 1192.378 1194.894 1197.409 1199.185 1199.228 1199.271 1199.314 1199.356 1199.157 1198.867 1198.578 1198.289 1197.647 1195.161 1192.676 1190.19 1187.705 1182.571 1175.606 1168.641 1161.676 1154.709 1147.66 1140.612 1133.564 1126.515 1121.232 1118.086 1114.939 1111.792 1108.645 1106.958 1105.463 1103.969 1102.474 1101.349 1101.032 1100.715 1100.398 1100.081
1101.978 1102.0 1102.0 1102.0 1102.0 1102.045 1102.351 1102.657 1102.964 1103.27 1104.384 1106.091 1107.798 1109.505 1111.27 1120.811 1130.353 1139.894 1149.436 1158.279 1166.226 1174.173 1182.12 1190.067 1192.7 1194.528 1196.357 1198.185 1199.436 1199.334 1199.232 1199.13 1199.028 1198.883 1198.722 1198.562 1198.401 1197.901 1195.625 1193.349 1191.073 1188.797 1183.603 1176.391 1169.178 1161.966 1154.741 1146.93 1139.12 1131.309 1123.498 1117.846 1114.807 1111.767 1108.728 1105.688 1104.483 1103.52 1102.557 1101.594 1100.869 1100.665 1100.461 1100.256 1100.052
1100.886 1101.069 1101.31 1101.552 1101.794 1102.085 1102.665 1103.245 1103.825 1104.406 1105.951 1108.206 1110.461 1112.715 1115.029 1125.343 1135.658 1145.973 1156.288 1165.196 1172.3 1179.404 1186.509 1193.613 1195.537 1196.679 1197.82 1198.961 1199.687 1199.44 1199.193 1198.946 1198.699 1198.609 1198.577 1198.546 1198.514 1198.156 1196.089 1194.022 1191.956 1189.889 1184.634 1177.175 1169.716 1162.257 1154.774 1146.2 1137.627 1129.054 1120.481 1114.46 1111.528 1108.596 1105.664 1102.732 1102.008 1101.577 1101.146 1100.714 1100.389 1100.298 1100.206 1100.115 1100.023
1100.0 1100.38 1100.912 1101.444 1101.976 1102.569 1103.523 1104.478 1105.432 1106.386 1108.429 1111.271 1114.112 1116.954 1119.854 1130.627 1141.4 1152.174 1162.947 1171.726 1177.947 1184.167 1190.388 1196.609 1197.857 1198.354 1198.85 1199.347 1199.563 1199.124 1198.684 1198.245 1197.805 1197.793 1197.94 1198.087 1198.234 1198.068 1196.27 1194.471 1192.672 1190.874 1185.657 1178.078 1170.498 1162.919 1155.305 1146.171 1137.036 1127.902 1118.767 1112.416 1109.43 1106.445 1103.459 1100.474 1100.101 1100.073 1100.046 1100.019 1100.0 1100.0 1100.0 1100.0 1100.0
1100.0 1100.738 1101.769 1102.8 1103.831 1104.968 1106.728 1108.487 1110.247 1112.007 1114.827 1118.426 1122.024 1125.623 1129.268 1139.144 1149.021 1158.898 1168.775 1176.587 1181.75 1186.912 1192.075 1197.238 1197.947 1197.982 1198.016 1198.051 1197.825 1196.988 1196.151 1195.314 1194.478 1194.645 1195.184 1195.722 1196.261 1196.508 1195.23 1193.953 1192.675 1191.397 1186.644 1179.489 1172.333 1165.178 1157.986 1149.157 1140.329 1131.501 1122.672 1116.15 1112.418 1108.687 1104.955 1101.223 1100.635 1100.463 1100.291 1100.118 1100.0 1100.0 1100.0 1100.0 1100.0
1100.0 1101.095 1102.625 1104.156 1105.686 1107.367 1109.932 1112.497 1115.063 1117.628 1121.225 1125.581 1129.937 1134.293 1138.682 1147.662 1156.642 1165.623 1174.603 1181.448 1185.553 1189.658 1193.763 1197.868 1198.036 1197.609 1197.182 1196.756 1196.087 1194.853 1193.619 1192.384 1191.15 1191.496 1192.427 1193.358 1194.288 1194.948 1194.191 1193.434 1192.677 1191.92 1187.631 1180.9 1174.168 1167.437 1160.667 1152.144 1143.622 1135.1 1126.577 1119.885 1115.407 1110.929 1106.451 1101.973 1101.169 1100.852 1100.535 1100.218 1100.0 1100.0 1100.0 1100.0 1100.0
1100.0 1101.452 1103.482 1105.511 1107.541 1109.766 1113.137 1116.507 1119.878 1123.248 1127.624 1132.736 1137.849 1142.962 1148.097 1156.18 1164.264 1172.347 1180.43 1186.308 1189.355 1192.403 1195.45 1198.497 1198.126 1197.237 1196.349 1195.46 1194.349 1192.717 1191.086 1189.454 1187.823 1188.348 1189.67 1190.993 1192.316 1193.388 1193.152 1192.916 1192.679 1192.443 1188.618 1182.31 1176.003 1169.696 1163.347 1155.131 1146.915 1138.699 1130.482 1123.62 1118.395 1113.171 1107.947 1102.722 1101.704 1101.242 1100.779 1100.317 1100.0 1100.0 1100.0 1100.0 1100.0
1100.0 1101.809 1104.338 1106.867 1109.396 1112.166 1116.341 1120.517 1124.693 1128.869 1134.022 1139.892 1145.761 1151.631 1157.511 1164.698 1171.885 1179.071 1186.258 1191.169 1193.158 1195.148 1197.137 1199.127 1198.215 1196.865 1195.515 1194.164 1192.611 1190.582 1188.553 1186.524 1184.495 1185.199 1186.914 1188.628 1190.343 1191.828 1192.112 1192.397 1192.682 1192.966 1189.604 1183.721 1177.838 1171.955 1166.028 1158.118 1150.208 1142.297 1134.387 1127.354 1121.384 1115.413 1109.442 1103.472 1102.238 1101.631 1101.024 1100.417 1100.0 1100.0 1100.0 1100.0 1100.0
1100.0 1101.885 1104.521 1107.156 1109.791 1112.709 1117.276 1121.843 1126.41 1130.977 1136.474 1142.655 1148.836 1155.017 1161.2 1167.749 1174.298 1180.846 1187.395 1191.688 1193.087 1194.486 1195.886 1197.285 1195.818 1193.917 1192.016 1190.116 1188.146 1186.013 1183.881 1181.749 1179.616 1180.578 1182.685 1184.791 1186.898 1188.757 1189.322 1189.886 1190.451 1191.016 1187.973 1182.436 1176.899 1171.363 1165.783 1158.3 1150.816 1143.332 1135.848 1128.937 1122.719 1116.501 1110.284 1104.066 1102.694 1101.963 1101.232 1100.501 1100.007 1100.028 1100.049 1100.07 1100.092
1100.0 1101.816 1104.355 1106.893 1109.432 1112.293 1117.037 1121.781 1126.526 1131.27 1136.889 1143.15 1149.411 1155.673 1161.932 1167.976 1174.021 1180.064 1186.109 1189.965 1191.016 1192.066 1193.116 1194.166 1192.135 1189.639 1187.142 1184.645 1182.272 1180.188 1178.104 1176.02 1173.936 1175.197 1177.696 1180.194 1182.693 1184.906 1185.626 1186.346 1187.067 1187.787 1184.989 1179.758 1174.528 1169.297 1164.028 1157.032 1150.037 1143.042 1136.047 1129.408 1123.201 1116.994 1110.787 1104.58 1103.11 1102.266 1101.422 1100.579 1100.017 1100.07 1100.124 1100.177 1100.231
1100.0 1101.747 1104.189 1106.631 1109.073 1111.877 1116.799 1121.72 1126.641 1131.563 1137.303 1143.645 1149.987 1156.329 1162.665 1168.204 1173.744 1179.283 1184.822 1188.242 1188.944 1189.645 1190.346 1191.047 1188.453 1185.36 1182.268 1179.175 1176.399 1174.363 1172.328 1170.292 1168.256 1169.816 1172.707 1175.597 1178.488 1181.055 1181.931 1182.807 1183.683 1184.559 1182.005 1177.081 1172.156 1167.231 1162.272 1155.765 1149.259 1142.752 1136.245 1129.879 1123.683 1117.486 1111.29 1105.094 1103.525 1102.569 1101.613 1100.656 1100.027 1100.113 1100.198 1100.284 1100.37
1100.0 1101.678 1104.023 1106.369 1108.714 1111.461 1116.56 1121.659 1126.757 1131.856 1137.718 1144.14 1150.562 1156.985 1163.397 1168.432 1173.466 1178.501 1183.536 1186.52 1186.872 1187.224 1187.576 1187.928 1184.771 1181.082 1177.394 1173.705 1170.526 1168.538 1166.551 1164.563 1162.576 1164.435 1167.718 1171.0 1174.282 1177.203 1178.235 1179.267 1180.299 1181.33 1179.021 1174.403 1169.784 1165.165 1160.516 1154.498 1148.48 1142.462 1136.444 1130.35 1124.165 1117.979 1111.793 1105.608 1103.941 1102.872 1101.803 1100.734 1100.037 1100.155 1100.273 1100.391 1100.509
1100.0 1101.574 1103.774 1105.975 1108.175 1110.81 1115.985 1121.16 1126.335 1131.51 1137.426 1143.887 1150.348 1156.809 1163.256 1167.807 1172.359 1176.911 1181.463 1184.025 1184.034 1184.044 1184.053 1184.063 1180.395 1176.171 1171.946 1167.722 1164.215 1162.389 1160.563 1158.736 1156.91 1159.077 1162.722 1166.367 1170.012 1173.26 1174.431 1175.603 1176.774 1177.945 1175.859 1171.521 1167.182 1162.843 1158.478 1152.901 1147.324 1141.747 1136.17 1130.352 1124.245 1118.137 1112.03 1105.922 1104.202 1103.062 1101.922 1100.782 1100.053 1100.222 1100.391 1100.56 1100.729
1100.0 1101.24 1102.973 1104.707 1106.44 1108.589 1113.168 1117.747 1122.325 1126.904 1132.429 1138.648 1144.868 1151.087 1157.292 1161.505 1165.719 1169.932 1174.146 1176.386 1176.095 1175.803 1175.512 1175.221 1171.397 1167.038 1162.68 1158.321 1154.994 1154.08 1153.167 1152.253 1151.34 1153.875 1157.686 1161.498 1165.309 1168.702 1169.906 1171.109 1172.313 1173.516 1171.506 1167.275 1163.044 1158.813 1154.555 1149.101 1143.648 1138.194 1132.741 1127.229 1121.648 1116.067 1110.485 1104.904 1103.43 1102.499 1101.569 1100.638 1100.109 1100.455 1100.801 1101.147 1101.494
1100.0 1100.906 1102.172 1103.438 1104.705 1106.367 1110.35 1114.333 1118.316 1122.299 1127.432 1133.41 1139.388 1145.365 1151.328 1155.203 1159.078 1162.953 1166.828 1168.747 1168.155 1167.563 1166.971 1166.379 1162.399 1157.907 1153.414 1148.921 1145.773 1145.772 1145.771 1145.77 1145.769 1148.673 1152.651 1156.629 1160.606 1164.144 1165.38 1166.616 1167.851 1169.087 1167.154 1163.03 1158.906 1154.783 1150.632 1145.302 1139.972 1134.642 1129.312 1124.107 1119.051 1113.996 1108.941 1103.885 1102.658 1101.937 1101.216 1100.495 1100.164 1100.688 1101.211 1101.734 1102.258
1100.0 1100.572 1101.371 1102.17 1102.969 1104.146 1107.533 1110.92 1114.307 1117.694 1122.435 1128.171 1133.907 1139.643 1145.363 1148.9 1152.437 1155.974 1159.511 1161.108 1160.216 1159.323 1158.43 1157.538 1153.401 1148.775 1144.148 1139.521 1136.551 1137.463 1138.375 1139.287 1140.199 1143.47 1147.615 1151.759 1155.903 1159.586 1160.854 1162.122 1163.39 1164.658 1162.801 1158.785 1154.769 1150.752 1146.71 1141.503 1136.297 1131.09 1125.884 1120.984 1116.454 1111.925 1107.396 1102.867 1101.886 1101.375 1100.863 1100.351 1100.22 1100.921 1101.621 1102.322 1103.022
1100.0 1100.238 1100.57 1100.902 1101.234 1101.925 1104.716 1107.506 1110.297 1113.088 1117.438 1122.933 1128.427 1133.922 1139.399 1142.598 1145.797 1148.995 1152.194 1153.469 1152.276 1151.083 1149.889 1148.696 1144.404 1139.642 1134.881 1130.12 1127.33 1129.155 1130.979 1132.804 1134.629 1138.268 1142.579 1146.89 1151.2 1155.028 1156.328 1157.628 1158.928 1160.229 1158.449 1154.54 1150.631 1146.722 1142.787 1137.704 1132.621 1127.538 1122.455 1117.861 1113.858 1109.855 1105.852 1101.849 1101.114 1100.812 1100.51 1100.207 1100.276 1101.153 1102.031 1102.909 1103.787
1100.0 1100.09 1100.217 1100.344 1100.47 1100.909 1103.179 1105.448 1107.717 1109.986 1113.9 1119.02 1124.14 1129.261 1134.365 1137.297 1140.228 1143.16 1146.091 1147.072 1145.549 1144.026 1142.503 1140.98 1136.928 1132.495 1128.061 1123.628 1121.235 1123.62 1126.006 1128.391 1130.776 1134.564 1138.87 1143.176 1147.482 1151.287 1152.475 1153.662 1154.849 1156.036 1154.26 1150.436 1146.612 1142.787 1138.941 1134.104 1129.267 1124.431 1119.594 1115.353 1111.834 1108.316 1104.797 1101.278 1100.711 1100.534 1100.357 1100.18 1100.417 1101.555 1102.694 1103.833 1104.972
1100.0 1100.068 1100.162 1100.256 1100.35 1100.693 1102.49 1104.287 1106.083 1107.88 1111.327 1115.986 1120.644 1125.303 1129.948 1132.659 1135.37 1138.082 1140.793 1141.497 1139.625 1137.753 1135.881 1134.009 1130.462 1126.662 1122.862 1119.062 1117.211 1119.924 1122.637 1125.35 1128.063 1131.853 1136.041 1140.229 1144.417 1148.089 1149.067 1150.044 1151.022 1152.0 1150.18 1146.425 1142.671 1138.916 1135.145 1130.636 1126.127 1121.618 1117.108 1113.254 1110.191 1107.129 1104.066 1101.004 1100.552 1100.445 1100.338 1100.231 1100.614 1102.07 1103.526 1104.981 1106.437
1100.0 1100.044 1100.106 1100.169 1100.231 1100.477 1101.801 1103.125 1104.45 1105.774 1108.755 1112.951 1117.148 1121.345 1125.53 1128.021 1130.512 1133.004 1135.495 1135.922 1133.701 1131.48 1129.259 1127.038 1123.996 1120.829 1117.663 1114.497 1113.188 1116.228 1119.269 1122.309 1125.349 1129.141 1133.211 1137.281 1141.351 1144.891 1145.659 1146.427 1147.195 1147.964 1146.099 1142.415 1138.73 1135.045 1131.35 1127.168 1122.986 1118.805 1114.623 1111.154 1108.548 1105.942 1103.336 1100.73 1100.393 1100.355 1100.318 1100.281 1100.812 1102.584 1104.357 1106.129 1107.902
