data/zism_data/00219_04_D.txt
ncols         224
nrows         224
[rows 28 to 55 of 224, columns 63 to 125 of 224]
1498.746 1498.532 1498.318 1498.104 1497.887 1497.67 1497.452 1497.235 1497.012 1496.782 1496.552 1496.322 1496.092 1495.876 1495.662 1495.448 1495.234 1495.092 1495.086 1495.08 1495.073 1495.067 1495.071 1495.077 1495.083 1495.09 1495.095 1495.099 1495.102 1495.105 1495.108 1495.109 1495.109 1495.109 1495.109 1495.109 1495.109 1495.109 1495.109 1495.109 1495.246 1495.453 1495.659 1495.865 1496.044 1496.049 1496.054 1496.059 1496.064 1496.192 1496.404 1496.617 1496.829 1497.042 1497.255 1497.47 1497.684 1497.898 1498.005 1498.015 1498.024 1498.034 1498.044
1498.997 1498.804 1498.612 1498.419 1498.213 1498.007 1497.8 1497.594 1497.364 1497.101 1496.839 1496.577 1496.315 1496.114 1495.922 1495.729 1495.536 1495.401 1495.373 1495.345 1495.318 1495.29 1495.307 1495.335 1495.363 1495.391 1495.415 1495.428 1495.442 1495.456 1495.47 1495.474 1495.474 1495.474 1495.474 1495.474 1495.474 1495.474 1495.474 1495.474 1495.579 1495.737 1495.895 1496.052 1496.192 1496.213 1496.234 1496.255 1496.276 1496.395 1496.58 1496.766 1496.952 1497.138 1497.33 1497.523 1497.715 1497.908 1498.022 1498.064 1498.105 1498.147 1498.189
1499.248 1499.077 1498.905 1498.734 1498.54 1498.344 1498.148 1497.952 1497.715 1497.421 1497.126 1496.832 1496.537 1496.352 1496.181 1496.01 1495.839 1495.71 1495.66 1495.611 1495.562 1495.512 1495.543 1495.593 1495.642 1495.691 1495.734 1495.758 1495.783 1495.808 1495.832 1495.839 1495.839 1495.839 1495.839 1495.839 1495.839 1495.839 1495.839 1495.839 1495.912 1496.021 1496.131 1496.24 1496.34 1496.377 1496.414 1496.451 1496.488 1496.598 1496.756 1496.915 1497.074 1497.234 1497.405 1497.576 1497.747 1497.918 1498.039 1498.113 1498.187 1498.26 1498.334
1499.499 1499.349 1499.199 1499.049 1498.866 1498.681 1498.496 1498.311 1498.066 1497.74 1497.413 1497.086 1496.76 1496.59 1496.44 1496.29 1496.141 1496.018 1495.948 1495.877 1495.806 1495.735 1495.779 1495.85 1495.921 1495.992 1496.053 1496.088 1496.123 1496.159 1496.194 1496.203 1496.203 1496.203 1496.203 1496.203 1496.203 1496.203 1496.203 1496.203 1496.244 1496.306 1496.367 1496.428 1496.488 1496.541 1496.594 1496.647 1496.701 1496.801 1496.932 1497.065 1497.197 1497.33 1497.479 1497.629 1497.779 1497.928 1498.055 1498.161 1498.268 1498.374 1498.48
1499.749 1499.621 1499.493 1499.365 1499.192 1499.018 1498.844 1498.669 1498.417 1498.059 1497.7 1497.341 1496.983 1496.828 1496.699 1496.571 1496.443 1496.327 1496.235 1496.143 1496.05 1495.958 1496.016 1496.108 1496.2 1496.292 1496.372 1496.418 1496.464 1496.51 1496.556 1496.568 1496.568 1496.568 1496.568 1496.568 1496.568 1496.568 1496.568 1496.568 1496.577 1496.59 1496.603 1496.616 1496.636 1496.705 1496.775 1496.844 1496.913 1497.003 1497.109 1497.214 1497.319 1497.426 1497.554 1497.682 1497.81 1497.939 1498.072 1498.21 1498.349 1498.487 1498.625
1500.137 1499.991 1499.845 1499.699 1499.499 1499.296 1499.094 1498.891 1498.629 1498.285 1497.941 1497.597 1497.253 1497.091 1496.953 1496.815 1496.677 1496.558 1496.475 1496.393 1496.311 1496.229 1496.299 1496.405 1496.51 1496.616 1496.708 1496.76 1496.813 1496.866 1496.919 1496.933 1496.933 1496.933 1496.933 1496.928 1496.905 1496.881 1496.858 1496.834 1496.819 1496.807 1496.795 1496.783 1496.784 1496.87 1496.955 1497.04 1497.125 1497.209 1497.291 1497.373 1497.456 1497.54 1497.663 1497.785 1497.908 1498.03 1498.167 1498.318 1498.469 1498.62 1498.771
1500.575 1500.397 1500.219 1500.041 1499.798 1499.553 1499.307 1499.061 1498.788 1498.476 1498.164 1497.853 1497.541 1497.364 1497.204 1497.045 1496.885 1496.76 1496.699 1496.638 1496.577 1496.516 1496.599 1496.716 1496.832 1496.949 1497.049 1497.108 1497.166 1497.224 1497.282 1497.298 1497.298 1497.298 1497.298 1497.286 1497.231 1497.175 1497.12 1497.064 1497.027 1496.999 1496.971 1496.943 1496.932 1497.034 1497.135 1497.236 1497.338 1497.415 1497.476 1497.536 1497.597 1497.662 1497.784 1497.907 1498.029 1498.152 1498.292 1498.448 1498.604 1498.76 1498.917
1501.014 1500.803 1500.593 1500.383 1500.098 1499.809 1499.521 1499.232 1498.948 1498.668 1498.388 1498.109 1497.829 1497.637 1497.456 1497.275 1497.094 1496.962 1496.922 1496.883 1496.844 1496.804 1496.9 1497.027 1497.154 1497.282 1497.391 1497.455 1497.519 1497.582 1497.646 1497.662 1497.662 1497.662 1497.662 1497.645 1497.557 1497.469 1497.381 1497.293 1497.235 1497.191 1497.147 1497.103 1497.08 1497.198 1497.315 1497.432 1497.55 1497.621 1497.66 1497.7 1497.739 1497.783 1497.906 1498.028 1498.151 1498.273 1498.416 1498.578 1498.739 1498.901 1499.063
1501.452 1501.21 1500.967 1500.725 1500.397 1500.066 1499.734 1499.403 1499.107 1498.859 1498.612 1498.365 1498.117 1497.909 1497.707 1497.505 1497.302 1497.164 1497.146 1497.128 1497.11 1497.092 1497.2 1497.338 1497.476 1497.614 1497.733 1497.802 1497.871 1497.94 1498.009 1498.027 1498.027 1498.027 1498.027 1498.003 1497.883 1497.763 1497.643 1497.523 1497.443 1497.383 1497.323 1497.263 1497.228 1497.362 1497.495 1497.629 1497.762 1497.827 1497.845 1497.863 1497.881 1497.905 1498.027 1498.15 1498.272 1498.395 1498.541 1498.708 1498.875 1499.042 1499.208
1501.893 1501.615 1501.337 1501.059 1500.691 1500.318 1499.945 1499.573 1499.264 1499.044 1498.823 1498.603 1498.382 1498.169 1497.956 1497.743 1497.531 1497.392 1497.392 1497.392 1497.392 1497.392 1497.511 1497.658 1497.805 1497.952 1498.079 1498.152 1498.226 1498.299 1498.373 1498.392 1498.392 1498.392 1498.392 1498.362 1498.215 1498.068 1497.921 1497.774 1497.675 1497.599 1497.522 1497.446 1497.398 1497.535 1497.671 1497.808 1497.945 1498.003 1498.008 1498.013 1498.019 1498.03 1498.151 1498.272 1498.393 1498.513 1498.661 1498.835 1499.008 1499.181 1499.354
1502.348 1502.016 1501.685 1501.353 1500.952 1500.547 1500.142 1499.737 1499.41 1499.19 1498.969 1498.749 1498.528 1498.357 1498.193 1498.028 1497.864 1497.757 1497.757 1497.757 1497.757 1497.757 1497.876 1498.023 1498.17 1498.317 1498.444 1498.517 1498.591 1498.664 1498.738 1498.757 1498.757 1498.757 1498.757 1498.727 1498.58 1498.433 1498.286 1498.139 1498.029 1497.937 1497.844 1497.752 1497.681 1497.754 1497.826 1497.898 1497.971 1498.022 1498.059 1498.097 1498.134 1498.176 1498.286 1498.396 1498.506 1498.616 1498.764 1498.948 1499.132 1499.316 1499.5
1502.803 1502.418 1502.032 1501.647 1501.213 1500.776 1500.339 1499.902 1499.556 1499.335 1499.115 1498.895 1498.674 1498.546 1498.43 1498.313 1498.197 1498.121 1498.121 1498.121 1498.121 1498.121 1498.241 1498.388 1498.535 1498.682 1498.808 1498.882 1498.955 1499.029 1499.102 1499.121 1499.121 1499.121 1499.121 1499.092 1498.945 1498.798 1498.651 1498.504 1498.383 1498.274 1498.166 1498.058 1497.965 1497.973 1497.981 1497.989 1497.997 1498.041 1498.111 1498.18 1498.25 1498.321 1498.42 1498.52 1498.619 1498.718 1498.867 1499.062 1499.256 1499.451 1499.646
1503.258 1502.819 1502.38 1501.941 1501.474 1501.005 1500.536 1500.066 1499.702 1499.481 1499.261 1499.041 1498.82 1498.734 1498.666 1498.599 1498.531 1498.486 1498.486 1498.486 1498.486 1498.486 1498.605 1498.752 1498.899 1499.046 1499.173 1499.246 1499.32 1499.394 1499.467 1499.486 1499.486 1499.486 1499.486 1499.456 1499.309 1499.162 1499.016 1498.869 1498.737 1498.612 1498.488 1498.364 1498.248 1498.192 1498.135 1498.079 1498.023 1498.06 1498.162 1498.264 1498.365 1498.466 1498.555 1498.643 1498.732 1498.821 1498.97 1499.175 1499.381 1499.586 1499.792
1503.713 1503.22 1502.728 1502.235 1501.735 1501.233 1500.732 1500.231 1499.848 1499.627 1499.407 1499.186 1498.966 1498.923 1498.903 1498.884 1498.864 1498.851 1498.851 1498.851 1498.851 1498.851 1498.97 1499.117 1499.264 1499.411 1499.538 1499.611 1499.685 1499.758 1499.832 1499.851 1499.851 1499.851 1499.851 1499.821 1499.674 1499.527 1499.38 1499.233 1499.091 1498.95 1498.81 1498.669 1498.532 1498.411 1498.29 1498.17 1498.049 1498.079 1498.213 1498.347 1498.481 1498.611 1498.689 1498.767 1498.845 1498.923 1499.073 1499.289 1499.505 1499.721 1499.937
1504.105 1503.584 1503.064 1502.543 1501.998 1501.452 1500.906 1500.36 1499.956 1499.748 1499.54 1499.333 1499.125 1499.123 1499.148 1499.174 1499.199 1499.229 1499.267 1499.305 1499.343 1499.381 1499.546 1499.74 1499.935 1500.13 1500.293 1500.376 1500.459 1500.542 1500.625 1500.633 1500.614 1500.595 1500.576 1500.521 1500.327 1500.132 1499.938 1499.743 1499.545 1499.344 1499.143 1498.942 1498.749 1498.608 1498.468 1498.327 1498.186 1498.205 1498.333 1498.461 1498.589 1498.715 1498.801 1498.887 1498.973 1499.059 1499.214 1499.431 1499.649 1499.866 1500.083
1504.454 1503.922 1503.391 1502.859 1502.263 1501.663 1501.063 1500.464 1500.038 1499.851 1499.665 1499.479 1499.292 1499.331 1499.399 1499.468 1499.536 1499.616 1499.718 1499.821 1499.923 1500.025 1500.268 1500.543 1500.818 1501.093 1501.319 1501.418 1501.517 1501.616 1501.715 1501.703 1501.652 1501.601 1501.55 1501.453 1501.178 1500.903 1500.629 1500.354 1500.067 1499.775 1499.483 1499.191 1498.921 1498.791 1498.661 1498.531 1498.401 1498.405 1498.501 1498.597 1498.693 1498.789 1498.897 1499.004 1499.112 1499.219 1499.381 1499.593 1499.805 1500.017 1500.229
1504.802 1504.26 1503.718 1503.176 1502.528 1501.874 1501.221 1500.568 1500.12 1499.955 1499.79 1499.625 1499.46 1499.539 1499.65 1499.761 1499.873 1500.003 1500.17 1500.336 1500.503 1500.67 1500.99 1501.345 1501.7 1502.056 1502.345 1502.46 1502.575 1502.69 1502.805 1502.774 1502.69 1502.607 1502.524 1502.385 1502.03 1501.675 1501.319 1500.964 1500.59 1500.207 1499.824 1499.441 1499.092 1498.973 1498.854 1498.735 1498.615 1498.605 1498.668 1498.732 1498.796 1498.863 1498.992 1499.121 1499.25 1499.379 1499.549 1499.755 1499.962 1500.168 1500.375
1505.151 1504.598 1504.045 1503.493 1502.792 1502.086 1501.379 1500.672 1500.202 1500.058 1499.915 1499.771 1499.628 1499.747 1499.901 1500.055 1500.209 1500.39 1500.621 1500.852 1501.083 1501.314 1501.711 1502.147 1502.583 1503.018 1503.37 1503.502 1503.633 1503.764 1503.895 1503.844 1503.729 1503.613 1503.498 1503.317 1502.882 1502.446 1502.01 1501.574 1501.113 1500.639 1500.165 1499.69 1499.264 1499.155 1499.047 1498.938 1498.83 1498.805 1498.836 1498.868 1498.899 1498.937 1499.088 1499.238 1499.389 1499.539 1499.716 1499.917 1500.119 1500.32 1500.521
1505.504 1504.941 1504.377 1503.813 1503.063 1502.304 1501.545 1500.786 1500.295 1500.172 1500.049 1499.927 1499.804 1499.965 1500.162 1500.359 1500.557 1500.789 1501.085 1501.381 1501.677 1501.973 1502.446 1502.959 1503.473 1503.986 1504.399 1504.545 1504.692 1504.838 1504.984 1504.913 1504.764 1504.616 1504.468 1504.245 1503.729 1503.213 1502.698 1502.182 1501.634 1501.07 1500.506 1499.942 1499.439 1499.34 1499.24 1499.141 1499.042 1499.002 1499.001 1499.001 1499.001 1499.011 1499.183 1499.355 1499.527 1499.7 1499.884 1500.081 1500.277 1500.474 1500.67
1506.056 1505.471 1504.885 1504.3 1503.569 1502.832 1502.095 1501.357 1500.876 1500.748 1500.62 1500.492 1500.364 1500.585 1500.853 1501.12 1501.387 1501.698 1502.09 1502.483 1502.875 1503.268 1503.733 1504.214 1504.696 1505.177 1505.557 1505.672 1505.786 1505.9 1506.014 1505.886 1505.674 1505.461 1505.248 1504.962 1504.388 1503.813 1503.238 1502.664 1502.078 1501.488 1500.897 1500.306 1499.772 1499.614 1499.455 1499.297 1499.139 1499.071 1499.066 1499.06 1499.055 1499.062 1499.266 1499.47 1499.675 1499.879 1500.09 1500.308 1500.526 1500.744 1500.962
1506.608 1506.001 1505.394 1504.787 1504.076 1503.36 1502.644 1501.928 1501.457 1501.324 1501.191 1501.057 1500.924 1501.206 1501.543 1501.88 1502.217 1502.607 1503.096 1503.585 1504.074 1504.563 1505.02 1505.469 1505.918 1506.368 1506.716 1506.798 1506.88 1506.962 1507.044 1506.86 1506.583 1506.306 1506.029 1505.68 1505.046 1504.412 1503.779 1503.145 1502.522 1501.905 1501.287 1500.67 1500.104 1499.887 1499.67 1499.453 1499.236 1499.141 1499.13 1499.119 1499.109 1499.112 1499.349 1499.585 1499.822 1500.058 1500.296 1500.535 1500.775 1501.014 1501.253
1507.159 1506.531 1505.903 1505.275 1504.583 1503.889 1503.194 1502.5 1502.039 1501.9 1501.761 1501.623 1501.484 1501.827 1502.234 1502.64 1503.047 1503.516 1504.101 1504.687 1505.272 1505.858 1506.307 1506.724 1507.141 1507.558 1507.874 1507.924 1507.974 1508.024 1508.073 1507.834 1507.493 1507.151 1506.81 1506.397 1505.705 1505.012 1504.32 1503.627 1502.967 1502.322 1501.678 1501.034 1500.437 1500.161 1499.885 1499.609 1499.333 1499.211 1499.195 1499.178 1499.162 1499.163 1499.431 1499.7 1499.969 1500.237 1500.502 1500.762 1501.023 1501.284 1501.545
1507.711 1507.061 1506.412 1505.762 1505.09 1504.417 1503.744 1503.071 1502.62 1502.476 1502.332 1502.188 1502.044 1502.448 1502.925 1503.401 1503.877 1504.425 1505.107 1505.789 1506.471 1507.153 1507.594 1507.979 1508.364 1508.749 1509.033 1509.05 1509.068 1509.085 1509.103 1508.808 1508.402 1507.996 1507.591 1507.115 1506.363 1505.612 1504.86 1504.109 1503.411 1502.74 1502.068 1501.397 1500.77 1500.435 1500.1 1499.765 1499.429 1499.281 1499.259 1499.238 1499.216 1499.213 1499.514 1499.815 1500.116 1500.416 1500.707 1500.99 1501.272 1501.554 1501.836
1508.386 1507.754 1507.122 1506.49 1505.858 1505.225 1504.593 1503.961 1503.539 1503.406 1503.274 1503.141 1503.009 1503.429 1503.922 1504.414 1504.907 1505.479 1506.199 1506.919 1507.639 1508.36 1508.793 1509.161 1509.528 1509.896 1510.162 1510.162 1510.162 1510.162 1510.162 1509.825 1509.37 1508.914 1508.459 1507.93 1507.115 1506.3 1505.484 1504.669 1503.932 1503.234 1502.536 1501.838 1501.181 1500.799 1500.417 1500.035 1499.653 1499.481 1499.452 1499.422 1499.393 1499.384 1499.707 1500.031 1500.354 1500.677 1500.978 1501.257 1501.536 1501.816 1502.095
1509.212 1508.644 1508.076 1507.508 1506.94 1506.372 1505.805 1505.237 1504.865 1504.765 1504.665 1504.565 1504.464 1504.845 1505.29 1505.734 1506.178 1506.707 1507.396 1508.084 1508.772 1509.46 1509.888 1510.255 1510.623 1510.99 1511.256 1511.256 1511.256 1511.256 1511.256 1510.896 1510.408 1509.921 1509.433 1508.865 1507.98 1507.095 1506.21 1505.324 1504.546 1503.822 1503.097 1502.372 1501.688 1501.274 1500.859 1500.445 1500.031 1499.839 1499.799 1499.759 1499.719 1499.701 1500.035 1500.369 1500.703 1501.037 1501.326 1501.573 1501.82 1502.067 1502.314
1510.037 1509.534 1509.03 1508.527 1508.023 1507.52 1507.016 1506.512 1506.192 1506.124 1506.056 1505.988 1505.92 1506.262 1506.658 1507.054 1507.45 1507.936 1508.592 1509.248 1509.904 1510.56 1510.982 1511.349 1511.717 1512.084 1512.35 1512.35 1512.35 1512.35 1512.35 1511.966 1511.446 1510.927 1510.407 1509.799 1508.844 1507.889 1506.935 1505.98 1505.161 1504.409 1503.657 1502.906 1502.194 1501.748 1501.302 1500.855 1500.409 1500.198 1500.147 1500.096 1500.045 1500.017 1500.362 1500.707 1501.052 1501.396 1501.673 1501.889 1502.104 1502.319 1502.534
1510.863 1510.424 1509.984 1509.545 1509.106 1508.667 1508.227 1507.788 1507.518 1507.483 1507.447 1507.411 1507.375 1507.678 1508.026 1508.374 1508.722 1509.165 1509.789 1510.413 1511.037 1511.661 1512.076 1512.444 1512.811 1513.178 1513.445 1513.445 1513.445 1513.445 1513.445 1513.037 1512.485 1511.933 1511.381 1510.733 1509.709 1508.684 1507.66 1506.635 1505.775 1504.997 1504.218 1503.44 1502.701 1502.222 1501.744 1501.265 1500.787 1500.556 1500.495 1500.433 1500.372 1500.334 1500.69 1501.045 1501.401 1501.756 1502.021 1502.204 1502.387 1502.57 1502.753
1511.688 1511.314 1510.939 1510.564 1510.189 1509.814 1509.439 1509.064 1508.845 1508.841 1508.838 1508.834 1508.83 1509.094 1509.394 1509.694 1509.993 1510.394 1510.986 1511.578 1512.169 1512.761 1513.17 1513.538 1513.905 1514.273 1514.539 1514.539 1514.539 1514.539 1514.539 1514.107 1513.523 1512.939 1512.355 1511.667 1510.573 1509.479 1508.385 1507.291 1506.389 1505.584 1504.779 1503.974 1503.207 1502.697 1502.186 1501.675 1501.165 1500.914 1500.842 1500.77 1500.698 1500.651 1501.017 1501.383 1501.75 1502.116 1502.369 1502.52 1502.671 1502.822 1502.972
