data/zism_data/00210_02_D.txt
ncols         224
nrows         224
[rows 29 to 57 of 224, columns 64 to 127 of 224]
1175.327 1173.663 1172.448 1171.233 1170.018 1168.803 1168.855 1169.246 1169.638 1170.03 1170.715 1172.405 1174.095 1175.785 1177.475 1179.487 1181.662 1183.837 1186.011 1188.203 1190.549 1192.894 1195.239 1197.584 1200.43 1203.701 1206.972 1210.243 1213.514 1217.049 1220.591 1224.133 1227.674 1231.313 1235.089 1238.865 1242.641 1246.417 1250.551 1254.747 1258.943 1263.139 1267.474 1272.146 1276.818 1281.489 1286.161 1288.979 1291.11 1293.242 1295.373 1296.446 1292.272 1288.098 1283.925 1279.751 1271.832 1261.477 1251.121 1240.766 1230.939 1232.666 1234.394 1236.121
1175.623 1174.067 1172.964 1171.861 1170.758 1169.655 1169.894 1170.494 1171.093 1171.692 1172.54 1174.235 1175.931 1177.626 1179.321 1181.31 1183.448 1185.585 1187.723 1189.877 1192.185 1194.493 1196.801 1199.109 1201.917 1205.151 1208.384 1211.618 1214.852 1218.069 1221.285 1224.502 1227.718 1231.03 1234.475 1237.921 1241.366 1244.811 1248.807 1252.896 1256.985 1261.075 1265.378 1270.199 1275.02 1279.841 1284.662 1287.776 1290.26 1292.743 1295.226 1296.709 1293.234 1289.758 1286.283 1282.807 1275.738 1266.332 1256.925 1247.518 1238.59 1240.109 1241.628 1243.148
1175.918 1174.471 1173.48 1172.489 1171.498 1170.507 1170.933 1171.741 1172.548 1173.355 1174.365 1176.065 1177.766 1179.467 1181.168 1183.134 1185.234 1187.334 1189.434 1191.552 1193.822 1196.093 1198.363 1200.634 1203.405 1206.601 1209.797 1212.994 1216.19 1219.088 1221.979 1224.871 1227.762 1230.747 1233.861 1236.976 1240.091 1243.206 1247.062 1251.045 1255.027 1259.01 1263.281 1268.252 1273.222 1278.192 1283.163 1286.574 1289.409 1292.244 1295.079 1296.972 1294.195 1291.418 1288.641 1285.863 1279.645 1271.187 1262.728 1254.27 1246.24 1247.552 1248.863 1250.174
1176.194 1174.86 1173.995 1173.13 1172.264 1171.399 1171.993 1172.978 1173.964 1174.95 1176.096 1177.79 1179.485 1181.179 1182.874 1184.807 1186.86 1188.913 1190.967 1193.037 1195.257 1197.476 1199.696 1201.916 1204.624 1207.748 1210.873 1213.997 1217.122 1219.717 1222.3 1224.883 1227.466 1230.107 1232.831 1235.554 1238.278 1241.001 1244.713 1248.593 1252.473 1256.354 1260.629 1265.862 1271.095 1276.328 1281.561 1285.308 1288.505 1291.702 1294.9 1297.204 1295.08 1292.956 1290.831 1288.707 1283.361 1275.918 1268.475 1261.031 1253.964 1255.107 1256.249 1257.391
1176.388 1175.192 1174.507 1173.823 1173.139 1172.455 1173.133 1174.177 1175.222 1176.266 1177.446 1179.087 1180.728 1182.369 1184.01 1185.869 1187.837 1189.805 1191.773 1193.756 1195.869 1197.982 1200.095 1202.208 1204.752 1207.663 1210.574 1213.486 1216.397 1218.752 1221.096 1223.439 1225.782 1228.017 1230.101 1232.185 1234.269 1236.353 1239.898 1243.693 1247.488 1251.283 1255.71 1261.668 1267.625 1273.583 1279.541 1283.78 1287.382 1290.984 1294.587 1297.307 1295.652 1293.997 1292.342 1290.687 1286.303 1280.145 1273.986 1267.828 1261.988 1263.12 1264.252 1265.384
1176.583 1175.522 1175.02 1174.516 1174.014 1173.511 1174.274 1175.377 1176.48 1177.583 1178.795 1180.383 1181.971 1183.559 1185.147 1186.931 1188.813 1190.696 1192.579 1194.474 1196.481 1198.487 1200.494 1202.5 1204.88 1207.578 1210.276 1212.974 1215.672 1217.788 1219.892 1221.995 1224.098 1225.927 1227.372 1228.816 1230.26 1231.704 1235.083 1238.793 1242.503 1246.213 1250.791 1257.473 1264.156 1270.839 1277.522 1282.252 1286.259 1290.267 1294.274 1297.41 1296.224 1295.038 1293.852 1292.666 1289.246 1284.372 1279.498 1274.624 1270.012 1271.134 1272.255 1273.376
1176.778 1175.854 1175.532 1175.21 1174.888 1174.567 1175.414 1176.576 1177.737 1178.899 1180.145 1181.68 1183.214 1184.749 1186.283 1187.993 1189.79 1191.588 1193.385 1195.193 1197.093 1198.993 1200.893 1202.792 1205.008 1207.493 1209.978 1212.462 1214.947 1216.824 1218.688 1220.551 1222.415 1223.837 1224.642 1225.447 1226.251 1227.056 1230.269 1233.893 1237.518 1241.142 1245.871 1253.279 1260.687 1268.094 1275.502 1280.724 1285.136 1289.549 1293.961 1297.513 1296.796 1296.079 1295.362 1294.646 1292.189 1288.599 1285.01 1281.42 1278.037 1279.147 1280.258 1281.368
1176.973 1176.184 1176.044 1175.903 1175.763 1175.622 1176.555 1177.775 1178.995 1180.215 1181.495 1182.976 1184.457 1185.938 1187.42 1189.054 1190.767 1192.479 1194.191 1195.912 1197.705 1199.498 1201.291 1203.085 1205.136 1207.408 1209.679 1211.951 1214.222 1215.86 1217.484 1219.107 1220.731 1221.748 1221.913 1222.078 1222.243 1222.408 1225.454 1228.993 1232.532 1236.072 1240.952 1249.085 1257.217 1265.35 1273.483 1279.196 1284.013 1288.831 1293.648 1297.616 1297.368 1297.12 1296.873 1296.625 1295.131 1292.826 1290.521 1288.217 1286.061 1287.161 1288.261 1289.361
1177.525 1176.864 1176.855 1176.845 1176.836 1176.826 1177.753 1178.932 1180.11 1181.289 1182.519 1183.927 1185.335 1186.743 1188.151 1189.684 1191.281 1192.878 1194.475 1196.076 1197.719 1199.363 1201.006 1202.649 1204.514 1206.569 1208.624 1210.679 1212.734 1214.208 1215.669 1217.129 1218.59 1219.342 1219.098 1218.854 1218.61 1218.367 1221.261 1224.691 1228.122 1231.552 1236.457 1244.936 1253.416 1261.895 1270.375 1276.255 1281.173 1286.091 1291.009 1295.1 1295.091 1295.081 1295.072 1295.062 1294.224 1292.845 1291.467 1290.089 1288.826 1290.076 1291.325 1292.575
1178.29 1177.751 1177.843 1177.934 1178.026 1178.118 1178.987 1180.064 1181.141 1182.218 1183.351 1184.674 1185.996 1187.319 1188.641 1190.058 1191.521 1192.985 1194.448 1195.912 1197.38 1198.847 1200.314 1201.781 1203.448 1205.284 1207.121 1208.957 1210.793 1212.148 1213.491 1214.835 1216.178 1216.748 1216.233 1215.717 1215.202 1214.686 1217.436 1220.744 1224.051 1227.359 1232.213 1240.815 1249.417 1258.019 1266.621 1272.476 1277.314 1282.152 1286.99 1291.032 1291.124 1291.216 1291.307 1291.399 1291.033 1290.369 1289.705 1289.041 1288.472 1289.967 1291.462 1292.957
1179.054 1178.637 1178.83 1179.024 1179.217 1179.41 1180.22 1181.196 1182.172 1183.148 1184.183 1185.42 1186.658 1187.895 1189.132 1190.431 1191.761 1193.092 1194.422 1195.749 1197.04 1198.331 1199.623 1200.914 1202.382 1204.0 1205.617 1207.235 1208.853 1210.088 1211.314 1212.54 1213.766 1214.155 1213.367 1212.58 1211.793 1211.005 1213.611 1216.796 1219.981 1223.166 1227.969 1236.693 1245.418 1254.143 1262.867 1268.697 1273.455 1278.213 1282.972 1286.964 1287.157 1287.35 1287.543 1287.736 1287.843 1287.893 1287.943 1287.993 1288.118 1289.858 1291.598 1293.339
1179.819 1179.524 1179.818 1180.113 1180.407 1180.701 1181.453 1182.328 1183.203 1184.077 1185.015 1186.167 1187.319 1188.471 1189.623 1190.805 1192.002 1193.199 1194.396 1195.585 1196.7 1197.816 1198.931 1200.047 1201.315 1202.714 1204.114 1205.513 1206.912 1208.028 1209.137 1210.245 1211.354 1211.561 1210.502 1209.443 1208.384 1207.325 1209.785 1212.848 1215.911 1218.973 1223.725 1232.572 1241.419 1250.266 1259.114 1264.918 1269.596 1274.275 1278.953 1282.896 1283.19 1283.484 1283.779 1284.073 1284.652 1285.417 1286.181 1286.946 1287.764 1289.749 1291.734 1293.72
1180.6 1180.424 1180.813 1181.203 1181.592 1181.981 1182.678 1183.457 1184.235 1185.014 1185.859 1186.929 1187.999 1189.069 1190.139 1191.205 1192.268 1193.332 1194.396 1195.446 1196.387 1197.327 1198.268 1199.208 1200.28 1201.463 1202.646 1203.83 1205.013 1206.005 1206.994 1207.982 1208.97 1209.006 1207.704 1206.403 1205.101 1203.8 1206.117 1209.053 1211.988 1214.924 1219.604 1228.514 1237.424 1246.334 1255.244 1260.99 1265.565 1270.139 1274.714 1278.591 1279.012 1279.432 1279.852 1280.272 1281.336 1282.817 1284.299 1285.78 1287.295 1289.529 1291.764 1293.998
1181.646 1181.541 1181.925 1182.309 1182.693 1183.077 1183.764 1184.532 1185.3 1186.068 1186.898 1187.942 1188.985 1190.029 1191.072 1192.037 1192.962 1193.887 1194.812 1195.722 1196.502 1197.283 1198.064 1198.844 1199.747 1200.755 1201.762 1202.769 1203.777 1204.593 1205.406 1206.218 1207.03 1207.061 1205.994 1204.927 1203.86 1202.793 1204.976 1207.714 1210.453 1213.191 1217.469 1225.478 1233.487 1241.496 1249.506 1254.654 1258.744 1262.833 1266.923 1270.485 1271.427 1272.37 1273.313 1274.255 1275.986 1278.23 1280.473 1282.717 1284.974 1287.517 1290.061 1292.604
1182.691 1182.657 1183.036 1183.415 1183.793 1184.172 1184.849 1185.607 1186.364 1187.122 1187.938 1188.955 1189.972 1190.988 1192.005 1192.869 1193.655 1194.442 1195.228 1195.997 1196.618 1197.239 1197.859 1198.48 1199.215 1200.046 1200.877 1201.709 1202.54 1203.181 1203.818 1204.454 1205.09 1205.116 1204.283 1203.451 1202.619 1201.786 1203.835 1206.376 1208.917 1211.458 1215.333 1222.442 1229.55 1236.659 1243.767 1248.318 1251.923 1255.528 1259.132 1262.378 1263.843 1265.308 1266.773 1268.238 1270.636 1273.642 1276.648 1279.654 1282.653 1285.506 1288.358 1291.211
1183.737 1183.774 1184.147 1184.521 1184.894 1185.268 1185.935 1186.682 1187.429 1188.176 1188.977 1189.968 1190.958 1191.948 1192.938 1193.701 1194.349 1194.996 1195.644 1196.273 1196.734 1197.194 1197.655 1198.116 1198.682 1199.338 1199.993 1200.648 1201.304 1201.769 1202.229 1202.69 1203.151 1203.171 1202.573 1201.975 1201.377 1200.779 1202.694 1205.038 1207.382 1209.726 1213.198 1219.406 1225.613 1231.821 1238.029 1241.982 1245.102 1248.222 1251.341 1254.271 1256.258 1258.246 1260.233 1262.22 1265.287 1269.055 1272.823 1276.591 1280.332 1283.494 1286.656 1289.818
1184.783 1184.891 1185.259 1185.627 1185.995 1186.363 1187.021 1187.757 1188.493 1189.229 1190.017 1190.98 1191.944 1192.908 1193.871 1194.533 1195.042 1195.551 1196.06 1196.548 1196.849 1197.15 1197.451 1197.752 1198.149 1198.629 1199.109 1199.588 1200.068 1200.357 1200.641 1200.926 1201.211 1201.226 1200.862 1200.499 1200.136 1199.772 1201.553 1203.699 1205.846 1207.993 1211.062 1216.369 1221.676 1226.983 1232.29 1235.647 1238.281 1240.916 1243.551 1246.164 1248.674 1251.184 1253.693 1256.203 1259.937 1264.467 1268.997 1273.528 1278.011 1281.482 1284.953 1288.424
1185.727 1185.898 1186.286 1186.675 1187.064 1187.453 1188.111 1188.842 1189.572 1190.303 1191.076 1191.995 1192.913 1193.832 1194.751 1195.33 1195.737 1196.144 1196.551 1196.936 1197.124 1197.311 1197.499 1197.687 1197.979 1198.358 1198.737 1199.116 1199.496 1199.674 1199.848 1200.022 1200.196 1200.201 1199.968 1199.734 1199.501 1199.268 1200.828 1202.694 1204.56 1206.426 1209.039 1213.46 1217.882 1222.304 1226.726 1229.573 1231.837 1234.101 1236.366 1238.809 1242.141 1245.473 1248.805 1252.137 1256.666 1261.974 1267.282 1272.59 1277.819 1281.334 1284.848 1288.362
1186.564 1186.79 1187.227 1187.663 1188.1 1188.537 1189.205 1189.936 1190.667 1191.397 1192.156 1193.011 1193.865 1194.72 1195.575 1196.09 1196.433 1196.776 1197.119 1197.44 1197.564 1197.688 1197.812 1197.936 1198.186 1198.544 1198.902 1199.26 1199.618 1199.754 1199.885 1200.017 1200.148 1200.137 1199.925 1199.713 1199.501 1199.289 1200.538 1202.036 1203.535 1205.033 1207.131 1210.684 1214.237 1217.79 1221.343 1223.772 1225.786 1227.8 1229.814 1232.239 1236.707 1241.174 1245.641 1250.109 1255.566 1261.669 1267.771 1273.873 1279.852 1283.132 1286.411 1289.691
1187.402 1187.682 1188.167 1188.652 1189.136 1189.621 1190.3 1191.03 1191.761 1192.492 1193.236 1194.026 1194.817 1195.608 1196.399 1196.849 1197.129 1197.408 1197.687 1197.944 1198.004 1198.064 1198.124 1198.184 1198.393 1198.73 1199.066 1199.403 1199.74 1199.834 1199.923 1200.011 1200.1 1200.073 1199.882 1199.692 1199.501 1199.311 1200.248 1201.379 1202.509 1203.64 1205.224 1207.908 1210.592 1213.276 1215.96 1217.972 1219.736 1221.499 1223.262 1225.67 1231.273 1236.875 1242.478 1248.081 1254.467 1261.364 1268.26 1275.156 1281.884 1284.929 1287.974 1291.02
1188.239 1188.574 1189.107 1189.64 1190.172 1190.705 1191.394 1192.125 1192.855 1193.586 1194.316 1195.042 1195.769 1196.496 1197.223 1197.609 1197.825 1198.04 1198.255 1198.448 1198.444 1198.44 1198.436 1198.432 1198.6 1198.916 1199.231 1199.546 1199.862 1199.914 1199.96 1200.006 1200.052 1200.008 1199.839 1199.67 1199.501 1199.332 1199.958 1200.721 1201.484 1202.247 1203.317 1205.132 1206.947 1208.763 1210.578 1212.172 1213.685 1215.198 1216.71 1219.1 1225.838 1232.576 1239.315 1246.053 1253.368 1261.058 1268.749 1276.44 1283.917 1286.727 1289.538 1292.348
1189.076 1189.467 1190.047 1190.628 1191.208 1191.789 1192.488 1193.219 1193.949 1194.68 1195.395 1196.058 1196.721 1197.384 1198.046 1198.369 1198.521 1198.672 1198.823 1198.952 1198.884 1198.816 1198.748 1198.68 1198.808 1199.102 1199.396 1199.69 1199.984 1199.994 1199.997 1200.0 1200.004 1199.944 1199.797 1199.649 1199.501 1199.353 1199.669 1200.064 1200.458 1200.853 1201.409 1202.356 1203.302 1204.249 1205.195 1206.372 1207.635 1208.897 1210.159 1212.531 1220.404 1228.278 1236.151 1244.025 1252.268 1260.753 1269.238 1277.723 1285.949 1288.525 1291.101 1293.677
1189.866 1190.271 1190.841 1191.411 1191.98 1192.55 1193.231 1193.943 1194.654 1195.365 1196.049 1196.643 1197.237 1197.831 1198.425 1198.698 1198.81 1198.922 1199.034 1199.134 1199.135 1199.135 1199.136 1199.136 1199.323 1199.669 1200.016 1200.362 1200.708 1200.735 1200.755 1200.774 1200.794 1200.718 1200.508 1200.298 1200.088 1199.878 1200.051 1200.289 1200.527 1200.765 1201.288 1202.503 1203.718 1204.933 1206.148 1208.002 1210.092 1212.182 1214.272 1217.345 1225.29 1233.235 1241.18 1249.125 1257.085 1265.055 1273.026 1280.995 1288.709 1290.83 1292.952 1295.073
1190.651 1191.068 1191.622 1192.176 1192.729 1193.283 1193.944 1194.634 1195.324 1196.013 1196.666 1197.19 1197.715 1198.24 1198.764 1198.99 1199.064 1199.139 1199.213 1199.288 1199.369 1199.449 1199.53 1199.61 1199.866 1200.271 1200.675 1201.08 1201.485 1201.534 1201.575 1201.616 1201.657 1201.564 1201.285 1201.006 1200.727 1200.448 1200.492 1200.591 1200.69 1200.79 1201.322 1202.905 1204.488 1206.071 1207.654 1210.28 1213.292 1216.304 1219.317 1223.153 1231.077 1239.001 1246.924 1254.848 1262.419 1269.76 1277.101 1284.442 1291.534 1293.18 1294.827 1296.474
1191.436 1191.865 1192.403 1192.94 1193.478 1194.016 1194.657 1195.325 1195.994 1196.662 1197.282 1197.738 1198.193 1198.648 1199.104 1199.281 1199.318 1199.355 1199.393 1199.442 1199.603 1199.763 1199.923 1200.084 1200.408 1200.871 1201.335 1201.798 1202.262 1202.333 1202.395 1202.457 1202.52 1202.411 1202.063 1201.714 1201.366 1201.017 1200.933 1200.894 1200.854 1200.815 1201.357 1203.307 1205.258 1207.209 1209.159 1212.558 1216.492 1220.427 1224.361 1228.962 1236.864 1244.766 1252.669 1260.571 1267.752 1274.464 1281.176 1287.888 1294.358 1295.53 1296.703 1297.875
1192.221 1192.662 1193.183 1193.705 1194.227 1194.749 1195.37 1196.017 1196.664 1197.311 1197.899 1198.285 1198.671 1199.057 1199.443 1199.572 1199.572 1199.572 1199.572 1199.597 1199.837 1200.077 1200.317 1200.558 1200.95 1201.472 1201.995 1202.517 1203.039 1203.132 1203.215 1203.299 1203.383 1203.258 1202.84 1202.422 1202.004 1201.587 1201.374 1201.196 1201.018 1200.84 1201.391 1203.71 1206.028 1208.346 1210.665 1214.836 1219.693 1224.549 1229.405 1234.77 1242.651 1250.532 1258.413 1266.294 1273.086 1279.169 1285.252 1291.335 1297.182 1297.88 1298.578 1299.276
1192.945 1193.394 1193.909 1194.424 1194.939 1195.454 1196.046 1196.659 1197.272 1197.884 1198.434 1198.767 1199.101 1199.435 1199.768 1199.871 1199.858 1199.845 1199.832 1199.851 1200.157 1200.462 1200.767 1201.073 1201.519 1202.084 1202.65 1203.216 1203.782 1203.899 1204.005 1204.112 1204.219 1204.103 1203.673 1203.244 1202.815 1202.386 1202.111 1201.861 1201.612 1201.363 1202.023 1204.886 1207.75 1210.614 1213.477 1218.452 1224.208 1229.964 1235.721 1241.781 1249.35 1256.918 1264.486 1272.055 1278.24 1283.526 1288.813 1294.099 1299.169 1299.533 1299.896 1300.26
1193.557 1194.005 1194.531 1195.057 1195.583 1196.109 1196.657 1197.211 1197.765 1198.319 1198.818 1199.13 1199.443 1199.755 1200.067 1200.184 1200.203 1200.222 1200.241 1200.293 1200.635 1200.978 1201.321 1201.663 1202.135 1202.717 1203.299 1203.88 1204.462 1204.606 1204.739 1204.872 1205.006 1204.945 1204.612 1204.279 1203.945 1203.612 1203.396 1203.2 1203.004 1202.808 1203.761 1207.499 1211.237 1214.974 1218.712 1224.55 1231.164 1237.778 1244.393 1251.024 1257.74 1264.455 1271.171 1277.886 1283.064 1287.241 1291.419 1295.596 1299.604 1299.893 1300.182 1300.47
1194.168 1194.617 1195.153 1195.69 1196.226 1196.763 1197.267 1197.762 1198.258 1198.753 1199.203 1199.493 1199.784 1200.075 1200.366 1200.497 1200.548 1200.599 1200.65 1200.734 1201.114 1201.494 1201.874 1202.254 1202.752 1203.349 1203.947 1204.545 1205.143 1205.313 1205.473 1205.633 1205.793 1205.787 1205.55 1205.313 1205.076 1204.838 1204.682 1204.539 1204.397 1204.254 1205.5 1210.112 1214.724 1219.335 1223.947 1230.647 1238.12 1245.592 1253.065 1260.267 1266.13 1271.992 1277.855 1283.717 1287.888 1290.956 1294.025 1297.094 1300.038 1300.252 1300.467 1300.681
