data/zism_data/00215_04_D.txt
ncols         224
nrows         224
[rows 145 to 173 of 224, columns 130 to 194 of 224]
1288.654 1289.08 1289.505 1290.141 1291.592 1293.044 1294.495 1295.947 1296.733 1297.137 1297.54 1297.944 1298.25 1297.173 1296.096 1295.018 1293.941 1289.859 1282.729 1275.6 1268.47 1261.34 1252.544 1243.617 1234.689 1225.762 1221.243 1224.641 1228.039 1231.437 1234.835 1239.302 1244.057 1248.813 1253.568 1256.843 1254.837 1252.832 1250.826 1248.821 1245.273 1240.892 1236.512 1232.131 1228.018 1226.973 1225.927 1224.881 1223.835 1223.349 1223.397 1223.446 1223.495 1223.543 1222.27 1220.915 1219.559 1218.204 1216.887 1215.636 1214.384 1213.132 1211.881 1211.016 1210.245
1291.427 1291.659 1291.892 1292.296 1293.372 1294.448 1295.524 1296.599 1297.068 1297.187 1297.306 1297.425 1297.441 1295.987 1294.534 1293.081 1291.628 1287.317 1280.106 1272.896 1265.686 1258.475 1251.062 1243.633 1236.203 1228.774 1225.641 1230.226 1234.81 1239.395 1243.979 1248.462 1252.916 1257.37 1261.825 1264.938 1263.265 1261.593 1259.92 1258.248 1254.614 1249.922 1245.23 1240.538 1236.056 1233.974 1231.892 1229.81 1227.728 1226.537 1226.199 1225.861 1225.523 1225.185 1223.864 1222.482 1221.099 1219.717 1218.364 1217.058 1215.753 1214.448 1213.143 1212.159 1211.255
1294.2 1294.239 1294.278 1294.452 1295.152 1295.852 1296.552 1297.252 1297.402 1297.237 1297.071 1296.906 1296.631 1294.802 1292.973 1291.144 1289.315 1284.775 1277.484 1270.193 1262.902 1255.611 1249.58 1243.649 1237.717 1231.786 1230.04 1235.811 1241.582 1247.353 1253.124 1257.62 1261.774 1265.928 1270.082 1273.033 1271.693 1270.354 1269.014 1267.674 1263.954 1258.951 1253.948 1248.945 1244.093 1240.974 1237.856 1234.738 1231.62 1229.725 1229.0 1228.276 1227.551 1226.827 1225.458 1224.049 1222.64 1221.231 1219.84 1218.481 1217.122 1215.763 1214.404 1213.302 1212.264
1296.87 1296.725 1296.581 1296.53 1296.842 1297.155 1297.468 1297.78 1297.599 1297.134 1296.669 1296.204 1295.626 1293.431 1291.237 1289.043 1286.849 1282.125 1274.833 1267.541 1260.25 1252.958 1248.335 1243.923 1239.51 1235.097 1234.72 1241.591 1248.463 1255.334 1262.205 1266.683 1270.518 1274.352 1278.187 1280.959 1279.942 1278.925 1277.908 1276.891 1273.098 1267.808 1262.518 1257.227 1252.03 1247.899 1243.767 1239.636 1235.504 1232.909 1231.786 1230.662 1229.539 1228.415 1226.993 1225.552 1224.112 1222.671 1221.243 1219.834 1218.425 1217.016 1215.608 1214.392 1213.223
1297.27 1297.158 1297.046 1296.89 1296.563 1296.237 1295.911 1295.585 1294.771 1293.678 1292.585 1291.492 1290.318 1287.995 1285.672 1283.349 1281.026 1277.108 1271.572 1266.036 1260.5 1254.965 1252.301 1249.864 1247.427 1244.99 1245.597 1251.668 1257.739 1263.811 1269.882 1273.619 1276.729 1279.839 1282.948 1285.176 1284.255 1283.335 1282.415 1281.494 1277.899 1272.861 1267.823 1262.785 1257.779 1253.138 1248.496 1243.854 1239.213 1236.023 1234.223 1232.423 1230.623 1228.823 1227.235 1225.66 1224.085 1222.51 1221.011 1219.64 1218.269 1216.898 1215.527 1214.292 1213.092
1297.671 1297.591 1297.511 1297.25 1296.285 1295.319 1294.354 1293.389 1291.944 1290.222 1288.501 1286.78 1285.01 1282.558 1280.107 1277.655 1275.203 1272.092 1268.311 1264.531 1260.751 1256.971 1256.267 1255.806 1255.345 1254.884 1256.473 1261.744 1267.016 1272.287 1277.558 1280.554 1282.94 1285.325 1287.71 1289.392 1288.568 1287.745 1286.921 1286.097 1282.7 1277.914 1273.129 1268.343 1263.528 1258.376 1253.225 1248.073 1242.921 1239.137 1236.66 1234.183 1231.707 1229.23 1227.476 1225.767 1224.058 1222.349 1220.78 1219.446 1218.113 1216.779 1215.446 1214.193 1212.96
1298.071 1298.024 1297.976 1297.61 1296.006 1294.402 1292.797 1291.193 1289.116 1286.766 1284.417 1282.068 1279.703 1277.122 1274.541 1271.96 1269.38 1267.075 1265.051 1263.026 1261.002 1258.977 1260.233 1261.748 1263.263 1264.778 1267.35 1271.821 1276.292 1280.764 1285.235 1287.49 1289.151 1290.811 1292.471 1293.609 1292.882 1292.154 1291.427 1290.7 1287.5 1282.967 1278.434 1273.901 1269.277 1263.615 1257.954 1252.292 1246.63 1242.25 1239.097 1235.944 1232.791 1229.638 1227.718 1225.875 1224.031 1222.188 1220.548 1219.253 1217.957 1216.661 1215.365 1214.093 1212.828
1298.472 1298.456 1298.441 1297.97 1295.727 1293.484 1291.241 1288.998 1286.288 1283.311 1280.333 1277.355 1274.395 1271.685 1268.976 1266.266 1263.557 1262.058 1261.79 1261.521 1261.252 1260.983 1264.199 1267.69 1271.18 1274.671 1278.226 1281.898 1285.569 1289.24 1292.911 1294.426 1295.362 1296.297 1297.233 1297.825 1297.195 1296.564 1295.934 1295.303 1292.301 1288.02 1283.74 1279.459 1275.026 1268.854 1262.682 1256.511 1250.339 1245.364 1241.534 1237.704 1233.875 1230.045 1227.96 1225.982 1224.005 1222.027 1220.317 1219.059 1217.8 1216.542 1215.284 1213.994 1212.697
1298.463 1298.491 1298.518 1297.944 1295.029 1292.114 1289.199 1286.284 1282.797 1278.981 1275.165 1271.35 1267.628 1265.251 1262.874 1260.497 1258.12 1257.548 1258.808 1260.069 1261.329 1262.59 1266.814 1271.272 1275.73 1280.189 1284.15 1287.221 1290.291 1293.361 1296.431 1297.558 1298.164 1298.77 1299.375 1299.722 1299.144 1298.566 1297.988 1297.41 1294.535 1290.42 1286.306 1282.192 1277.891 1271.447 1265.002 1258.558 1252.114 1246.715 1242.316 1237.918 1233.52 1229.121 1226.951 1224.92 1222.888 1220.856 1219.152 1218.0 1216.849 1215.697 1214.545 1213.304 1212.041
1298.068 1298.149 1298.23 1297.555 1293.937 1290.318 1286.7 1283.082 1278.68 1273.828 1268.976 1264.124 1259.485 1257.875 1256.266 1254.657 1253.047 1253.515 1256.091 1258.667 1261.243 1263.818 1268.154 1272.628 1277.102 1281.577 1285.401 1288.058 1290.714 1293.371 1296.028 1297.102 1297.75 1298.399 1299.047 1299.43 1298.863 1298.295 1297.728 1297.161 1294.345 1290.317 1286.289 1282.26 1278.034 1271.542 1265.049 1258.556 1252.064 1246.402 1241.537 1236.671 1231.806 1226.94 1224.764 1222.753 1220.743 1218.733 1217.106 1216.126 1215.146 1214.167 1213.187 1212.057 1210.89
1297.672 1297.807 1297.942 1297.166 1292.844 1288.523 1284.201 1279.879 1274.563 1268.674 1262.786 1256.898 1251.341 1250.499 1249.658 1248.816 1247.975 1249.482 1253.374 1257.265 1261.156 1265.047 1269.494 1273.984 1278.474 1282.965 1286.651 1288.895 1291.138 1293.381 1295.625 1296.645 1297.336 1298.028 1298.72 1299.138 1298.581 1298.025 1297.468 1296.912 1294.156 1290.213 1286.271 1282.329 1278.178 1271.637 1265.096 1258.555 1252.014 1246.09 1240.757 1235.425 1230.092 1224.76 1222.576 1220.587 1218.598 1216.61 1215.06 1214.252 1213.444 1212.636 1211.828 1210.81 1209.74
1297.277 1297.465 1297.654 1296.777 1291.752 1286.727 1281.702 1276.677 1270.445 1263.521 1256.596 1249.672 1243.197 1243.123 1243.05 1242.976 1242.902 1245.45 1250.656 1255.863 1261.069 1266.276 1270.833 1275.34 1279.846 1284.353 1287.902 1289.732 1291.562 1293.392 1295.222 1296.188 1296.922 1297.657 1298.392 1298.846 1298.3 1297.754 1297.208 1296.662 1293.966 1290.11 1286.253 1282.397 1278.321 1271.732 1265.142 1258.553 1251.964 1245.778 1239.978 1234.178 1228.379 1222.579 1220.388 1218.421 1216.453 1214.486 1213.015 1212.378 1211.742 1211.106 1210.469 1209.562 1208.589
1296.881 1297.124 1297.366 1296.388 1290.66 1284.931 1279.203 1273.474 1266.328 1258.367 1250.406 1242.446 1235.053 1235.748 1236.442 1237.136 1237.83 1241.417 1247.939 1254.461 1260.983 1267.505 1272.173 1276.696 1281.218 1285.741 1289.153 1290.569 1291.985 1293.402 1294.818 1295.731 1296.509 1297.286 1298.064 1298.554 1298.019 1297.484 1296.948 1296.413 1293.776 1290.006 1286.235 1282.465 1278.464 1271.827 1265.189 1258.551 1251.914 1245.465 1239.199 1232.932 1226.665 1220.398 1218.2 1216.255 1214.309 1212.363 1210.969 1210.504 1210.04 1209.575 1209.111 1208.315 1207.438
1296.703 1296.835 1296.967 1295.745 1289.255 1282.765 1276.275 1269.785 1262.116 1253.77 1245.424 1237.078 1229.352 1230.449 1231.546 1232.642 1233.739 1237.48 1243.905 1250.33 1256.754 1263.179 1267.605 1271.874 1276.143 1280.412 1283.626 1284.947 1286.267 1287.588 1288.908 1290.247 1291.592 1292.936 1294.28 1295.251 1294.891 1294.531 1294.17 1293.81 1291.118 1287.169 1283.22 1279.271 1275.109 1268.507 1261.906 1255.305 1248.703 1242.332 1236.18 1230.028 1223.876 1217.724 1215.673 1213.875 1212.078 1210.281 1209.052 1208.78 1208.509 1208.237 1207.965 1207.294 1206.525
1296.527 1296.546 1296.566 1295.099 1287.846 1280.594 1273.341 1266.089 1257.903 1249.181 1240.459 1231.737 1223.686 1225.181 1226.675 1228.169 1229.663 1233.546 1239.852 1246.159 1252.465 1258.772 1262.95 1266.962 1270.973 1274.984 1278.0 1279.229 1280.458 1281.688 1282.917 1284.69 1286.609 1288.527 1290.446 1291.905 1291.721 1291.538 1291.355 1291.172 1288.424 1284.292 1280.16 1276.029 1271.702 1265.138 1258.574 1252.011 1245.447 1239.156 1233.128 1227.1 1221.071 1215.043 1213.14 1211.493 1209.846 1208.199 1207.136 1207.058 1206.98 1206.902 1206.823 1206.276 1205.614
1296.352 1296.258 1296.165 1294.452 1286.437 1278.422 1270.408 1262.393 1253.69 1244.593 1235.495 1226.397 1218.021 1219.912 1221.804 1223.695 1225.587 1229.611 1235.799 1241.988 1248.176 1254.364 1258.296 1262.049 1265.802 1269.556 1272.374 1273.512 1274.65 1275.788 1276.926 1279.132 1281.625 1284.119 1286.612 1288.558 1288.552 1288.546 1288.54 1288.534 1285.729 1281.415 1277.101 1272.786 1268.295 1261.769 1255.242 1248.716 1242.19 1235.981 1230.076 1224.172 1218.267 1212.362 1210.608 1209.111 1207.614 1206.118 1205.221 1205.336 1205.451 1205.566 1205.681 1205.259 1204.704
1296.176 1295.97 1295.764 1293.806 1285.028 1276.251 1267.474 1258.697 1249.477 1240.004 1230.53 1221.056 1212.355 1214.644 1216.933 1219.222 1221.51 1225.676 1231.746 1237.817 1243.887 1249.957 1253.641 1257.136 1260.632 1264.128 1266.748 1267.795 1268.841 1269.888 1270.935 1273.575 1276.642 1279.71 1282.778 1285.211 1285.382 1285.554 1285.725 1285.896 1283.035 1278.538 1274.041 1269.544 1264.888 1258.399 1251.911 1245.422 1238.933 1232.806 1227.025 1221.243 1215.462 1209.68 1208.075 1206.729 1205.383 1204.036 1203.306 1203.614 1203.923 1204.231 1204.539 1204.241 1203.793
1294.824 1294.561 1294.299 1292.206 1282.993 1273.779 1264.566 1255.352 1245.94 1236.414 1226.888 1217.362 1208.615 1210.941 1213.266 1215.592 1217.918 1221.978 1227.798 1233.617 1239.437 1245.257 1248.561 1251.667 1254.772 1257.878 1260.212 1261.16 1262.108 1263.056 1264.004 1266.978 1270.495 1274.012 1277.529 1280.38 1280.856 1281.332 1281.808 1282.284 1279.536 1275.051 1270.565 1266.079 1261.447 1255.13 1248.814 1242.498 1236.182 1230.261 1224.718 1219.175 1213.633 1208.09 1206.543 1205.244 1203.945 1202.647 1201.967 1202.331 1202.696 1203.06 1203.424 1203.233 1202.905
1292.071 1291.819 1291.567 1289.473 1280.211 1270.949 1261.688 1252.426 1243.208 1234.014 1224.821 1215.628 1207.166 1209.1 1211.034 1212.967 1214.901 1218.561 1223.973 1229.385 1234.797 1240.208 1242.975 1245.533 1248.091 1250.649 1252.593 1253.433 1254.274 1255.115 1255.955 1259.143 1262.961 1266.779 1270.596 1273.782 1274.715 1275.647 1276.579 1277.511 1275.081 1270.837 1266.593 1262.349 1257.965 1251.982 1245.998 1240.015 1234.032 1228.466 1223.299 1218.132 1212.965 1207.798 1206.203 1204.828 1203.454 1202.08 1201.313 1201.57 1201.827 1202.084 1202.341 1202.237 1202.043
1289.317 1289.076 1288.835 1286.74 1277.43 1268.12 1258.81 1249.499 1240.475 1231.615 1222.755 1213.894 1205.717 1207.259 1208.801 1210.343 1211.885 1215.145 1220.149 1225.152 1230.156 1235.16 1237.389 1239.399 1241.409 1243.42 1244.973 1245.707 1246.44 1247.173 1247.906 1251.308 1255.427 1259.546 1263.664 1267.185 1268.573 1269.962 1271.351 1272.739 1270.625 1266.623 1262.621 1258.618 1254.483 1248.833 1243.183 1237.532 1231.882 1226.67 1221.879 1217.088 1212.297 1207.506 1205.862 1204.413 1202.963 1201.514 1200.66 1200.81 1200.959 1201.109 1201.259 1201.24 1201.181
1286.564 1286.334 1286.103 1284.007 1274.649 1265.29 1255.931 1246.573 1237.742 1229.215 1220.688 1212.16 1204.269 1205.419 1206.568 1207.718 1208.868 1211.728 1216.324 1220.92 1225.515 1230.111 1231.802 1233.265 1234.728 1236.191 1237.354 1237.98 1238.606 1239.232 1239.858 1243.474 1247.893 1252.312 1256.732 1260.587 1262.432 1264.277 1266.122 1267.967 1266.17 1262.409 1258.648 1254.888 1251.002 1245.684 1240.367 1235.049 1229.732 1224.875 1220.46 1216.045 1211.63 1207.214 1205.521 1203.997 1202.472 1200.948 1200.007 1200.049 1200.091 1200.133 1200.176 1200.244 1200.319
1283.811 1283.591 1283.371 1281.274 1271.867 1262.46 1253.053 1243.646 1235.01 1226.815 1218.621 1210.426 1202.82 1203.578 1204.336 1205.094 1205.852 1208.312 1212.499 1216.687 1220.875 1225.062 1226.216 1227.131 1228.047 1228.962 1229.735 1230.253 1230.772 1231.29 1231.809 1235.639 1240.359 1245.079 1249.799 1253.989 1256.291 1258.592 1260.893 1263.195 1261.715 1258.195 1254.676 1251.157 1247.52 1242.536 1237.551 1232.566 1227.582 1223.08 1219.041 1215.001 1210.962 1206.922 1205.18 1203.581 1201.981 1200.382 1199.353 1199.288 1199.223 1199.158 1199.093 1199.248 1199.457
1278.399 1278.205 1278.011 1276.032 1267.104 1258.177 1249.25 1240.323 1232.249 1224.667 1217.084 1209.501 1202.451 1202.966 1203.481 1203.997 1204.512 1206.531 1210.077 1213.622 1217.168 1220.713 1221.604 1222.285 1222.966 1223.647 1224.298 1224.893 1225.489 1226.084 1226.679 1230.535 1235.267 1239.999 1244.73 1248.977 1251.49 1254.004 1256.518 1259.031 1257.977 1254.998 1252.019 1249.041 1245.936 1241.394 1236.852 1232.31 1227.767 1223.593 1219.77 1215.947 1212.124 1208.301 1206.238 1204.285 1202.331 1200.378 1198.994 1198.573 1198.151 1197.73 1197.308 1197.289 1197.368
1272.779 1272.612 1272.445 1270.594 1262.187 1253.781 1245.374 1236.968 1229.487 1222.538 1215.589 1208.64 1202.166 1202.45 1202.734 1203.019 1203.303 1204.879 1207.764 1210.649 1213.534 1216.419 1217.067 1217.539 1218.011 1218.483 1219.031 1219.718 1220.405 1221.091 1221.778 1225.645 1230.366 1235.087 1239.808 1244.088 1246.795 1249.502 1252.208 1254.915 1254.295 1251.88 1249.465 1247.05 1244.5 1240.409 1236.318 1232.227 1228.136 1224.286 1220.667 1217.048 1213.429 1209.81 1207.406 1205.076 1202.747 1200.417 1198.658 1197.861 1197.063 1196.266 1195.469 1195.255 1195.184
1267.16 1267.019 1266.879 1265.156 1257.27 1249.384 1241.499 1233.613 1226.724 1220.409 1214.093 1207.778 1201.88 1201.934 1201.988 1202.041 1202.095 1203.226 1205.451 1207.675 1209.9 1212.125 1212.531 1212.793 1213.055 1213.318 1213.765 1214.543 1215.32 1216.098 1216.876 1220.754 1225.464 1230.175 1234.885 1239.199 1242.099 1244.999 1247.899 1250.8 1250.613 1248.762 1246.911 1245.059 1243.065 1239.425 1235.784 1232.144 1228.504 1224.979 1221.564 1218.149 1214.734 1211.319 1208.573 1205.867 1203.162 1200.457 1198.322 1197.149 1195.975 1194.802 1193.629 1193.22 1192.999
1261.54 1261.427 1261.313 1259.718 1252.353 1244.988 1237.623 1230.258 1223.962 1218.28 1212.598 1206.916 1201.595 1201.418 1201.241 1201.063 1200.886 1201.573 1203.138 1204.702 1206.266 1207.831 1207.994 1208.047 1208.1 1208.153 1208.498 1209.367 1210.236 1211.106 1211.975 1215.864 1220.563 1225.262 1229.962 1234.31 1237.403 1240.497 1243.59 1246.684 1246.931 1245.644 1244.356 1243.069 1241.629 1238.44 1235.251 1232.062 1228.872 1225.672 1222.461 1219.25 1216.04 1212.829 1209.74 1206.659 1203.578 1200.496 1197.986 1196.437 1194.887 1193.339 1191.789 1191.186 1190.814
1256.464 1256.375 1256.287 1254.819 1247.986 1241.153 1234.319 1227.486 1221.711 1216.545 1211.379 1206.213 1201.365 1201.04 1200.715 1200.391 1200.066 1200.428 1201.489 1202.549 1203.609 1204.669 1204.689 1204.627 1204.564 1204.502 1204.809 1205.781 1206.752 1207.723 1208.694 1212.498 1217.063 1221.627 1226.192 1230.439 1233.552 1236.666 1239.779 1242.893 1243.397 1242.493 1241.59 1240.687 1239.629 1236.807 1233.986 1231.164 1228.343 1225.409 1222.368 1219.327 1216.286 1213.245 1209.903 1206.542 1203.181 1199.82 1197.0 1195.09 1193.18 1191.27 1189.36 1188.544 1187.997
1252.209 1252.142 1252.075 1250.736 1244.451 1238.165 1231.879 1225.593 1220.233 1215.405 1210.578 1205.75 1201.216 1200.87 1200.524 1200.177 1199.831 1200.05 1200.842 1201.633 1202.425 1203.217 1203.242 1203.206 1203.171 1203.135 1203.502 1204.592 1205.681 1206.77 1207.86 1211.435 1215.677 1219.92 1224.162 1228.104 1230.976 1233.848 1236.72 1239.592 1240.084 1239.294 1238.503 1237.713 1236.778 1234.198 1231.618 1229.038 1226.458 1223.703 1220.78 1217.857 1214.934 1212.011 1208.55 1205.055 1201.56 1198.065 1195.034 1192.786 1190.538 1188.29 1186.042 1184.986 1184.224
1247.954 1247.908 1247.862 1246.653 1240.915 1235.177 1229.439 1223.701 1218.755 1214.266 1209.776 1205.286 1201.068 1200.7 1200.332 1199.964 1199.597 1199.671 1200.195 1200.718 1201.241 1201.764 1201.795 1201.786 1201.778 1201.769 1202.195 1203.403 1204.61 1205.818 1207.025 1210.371 1214.292 1218.212 1222.132 1225.77 1228.4 1231.031 1233.661 1236.291 1236.772 1236.094 1235.416 1234.739 1233.927 1231.589 1229.25 1226.912 1224.574 1221.997 1219.192 1216.387 1213.582 1210.778 1207.197 1203.567 1199.938 1196.309 1193.068 1190.482 1187.895 1185.309 1182.723 1181.428 1180.451
