data/zism_data/00217_03_D.txt
ncols         224
nrows         224
[rows 0 to 27 of 224, columns 126 to 188 of 224]
1509.524 1509.431 1509.337 1509.244 1509.151 1513.719 1521.873 1530.027 1538.181 1546.341 1554.899 1563.458 1572.016 1580.574 1587.948 1593.952 1599.956 1605.96 1611.964 1608.052 1603.195 1598.338 1593.482 1586.519 1575.85 1565.181 1554.512 1543.843 1535.044 1526.681 1518.317 1509.953 1503.982 1504.791 1505.6 1506.41 1507.219 1515.421 1526.64 1537.859 1549.079 1559.911 1568.701 1577.491 1586.281 1595.071 1601.936 1607.564 1613.191 1618.819 1624.169 1625.019 1625.869 1626.719 1627.568 1626.938 1624.871 1622.803 1620.735 1618.667 1611.096 1603.275 1595.453
1508.672 1507.543 1506.414 1505.285 1504.156 1507.073 1513.103 1519.132 1525.162 1531.216 1538.975 1546.734 1554.493 1562.252 1569.468 1576.057 1582.646 1589.235 1595.824 1593.412 1590.144 1586.875 1583.606 1578.17 1568.917 1559.664 1550.411 1541.159 1532.919 1524.915 1516.91 1508.906 1502.816 1502.15 1501.483 1500.817 1500.151 1507.106 1517.172 1527.238 1537.303 1547.145 1555.801 1564.457 1573.112 1581.768 1588.042 1592.785 1597.527 1602.269 1606.784 1607.607 1608.43 1609.253 1610.076 1609.688 1608.125 1606.562 1604.998 1603.435 1596.465 1589.25 1582.035
1507.819 1505.655 1503.49 1501.326 1499.162 1500.428 1504.333 1508.237 1512.142 1516.091 1523.051 1530.01 1536.97 1543.929 1550.988 1558.161 1565.335 1572.509 1579.683 1578.772 1577.092 1575.411 1573.731 1569.82 1561.984 1554.147 1546.311 1538.474 1530.794 1523.149 1515.504 1507.859 1501.65 1499.508 1497.366 1495.224 1493.083 1498.791 1507.703 1516.616 1525.528 1534.378 1542.9 1551.422 1559.944 1568.465 1574.148 1578.005 1581.862 1585.719 1589.399 1590.195 1590.991 1591.787 1592.583 1592.438 1591.379 1590.32 1589.261 1588.202 1581.834 1575.225 1568.616
1506.205 1503.531 1500.856 1498.182 1495.508 1495.726 1498.169 1500.612 1503.055 1505.548 1511.46 1517.372 1523.283 1529.195 1535.609 1542.603 1549.598 1556.592 1563.586 1563.677 1563.109 1562.542 1561.975 1559.228 1552.644 1546.06 1539.476 1532.893 1525.794 1518.576 1511.358 1504.141 1497.922 1494.536 1491.151 1487.765 1484.379 1488.875 1496.588 1504.301 1512.014 1519.853 1528.357 1536.86 1545.363 1553.867 1559.162 1562.394 1565.626 1568.858 1571.943 1572.648 1573.352 1574.056 1574.76 1574.662 1573.784 1572.906 1572.029 1571.151 1565.281 1559.185 1553.088
1503.657 1501.116 1498.576 1496.036 1493.496 1493.405 1495.199 1496.993 1498.787 1500.621 1505.18 1509.74 1514.299 1518.859 1524.03 1529.909 1535.787 1541.665 1547.544 1548.022 1547.986 1547.95 1547.914 1545.887 1540.355 1534.822 1529.29 1523.758 1517.271 1510.563 1503.855 1497.147 1491.055 1486.708 1482.362 1478.016 1473.67 1476.996 1483.453 1489.911 1496.368 1503.172 1511.799 1520.425 1529.052 1537.679 1542.836 1545.762 1548.688 1551.615 1554.402 1554.935 1555.467 1556.0 1556.532 1556.24 1555.148 1554.056 1552.963 1551.871 1546.372 1540.672 1534.973
1501.109 1498.703 1496.296 1493.89 1491.484 1491.085 1492.23 1493.374 1494.519 1495.693 1498.901 1502.108 1505.316 1508.524 1512.452 1517.215 1521.977 1526.739 1531.502 1532.368 1532.863 1533.358 1533.854 1532.546 1528.065 1523.585 1519.104 1514.624 1508.749 1502.55 1496.352 1490.153 1484.188 1478.881 1473.574 1468.268 1462.961 1465.117 1470.319 1475.521 1480.723 1486.491 1495.241 1503.991 1512.742 1521.492 1526.511 1529.131 1531.752 1534.372 1536.862 1537.222 1537.583 1537.944 1538.305 1537.82 1536.513 1535.206 1533.899 1532.592 1527.463 1522.16 1516.858
1498.56 1496.288 1494.016 1491.745 1489.473 1488.765 1489.26 1489.755 1490.251 1490.766 1492.621 1494.477 1496.332 1498.188 1500.874 1504.52 1508.167 1511.813 1515.459 1516.713 1517.74 1518.766 1519.793 1519.205 1515.776 1512.347 1508.918 1505.489 1500.226 1494.537 1488.848 1483.16 1477.32 1471.053 1464.786 1458.519 1452.252 1453.238 1457.184 1461.131 1465.077 1469.809 1478.683 1487.557 1496.43 1505.304 1510.185 1512.5 1514.814 1517.129 1519.32 1519.509 1519.698 1519.888 1520.077 1519.398 1517.876 1516.355 1514.833 1513.312 1508.553 1503.648 1498.742
1496.012 1493.874 1491.737 1489.599 1487.461 1486.445 1486.291 1486.137 1485.983 1485.839 1486.342 1486.845 1487.349 1487.852 1489.296 1491.826 1494.356 1496.887 1499.417 1501.059 1502.617 1504.175 1505.732 1505.864 1503.487 1501.109 1498.732 1496.354 1491.703 1486.524 1481.345 1476.166 1470.453 1463.225 1455.998 1448.77 1441.543 1441.359 1444.05 1446.741 1449.432 1453.129 1462.126 1471.123 1480.12 1489.117 1493.86 1495.869 1497.877 1499.886 1501.78 1501.797 1501.814 1501.832 1501.849 1500.977 1499.241 1497.505 1495.769 1494.032 1489.644 1485.136 1480.627
1495.115 1493.16 1491.204 1489.249 1487.293 1486.218 1485.82 1485.422 1485.024 1484.631 1484.616 1484.602 1484.587 1484.573 1485.227 1486.656 1488.085 1489.514 1490.943 1491.936 1492.886 1493.838 1494.788 1494.588 1492.361 1490.133 1487.906 1485.679 1481.082 1475.935 1470.789 1465.642 1460.122 1453.545 1446.967 1440.389 1433.812 1433.312 1435.292 1437.272 1439.253 1442.162 1449.971 1457.78 1465.589 1473.399 1477.614 1479.52 1481.425 1483.33 1485.125 1485.125 1485.125 1485.125 1485.125 1484.197 1482.367 1480.536 1478.706 1476.876 1473.007 1469.045 1465.083
1494.404 1492.637 1490.869 1489.101 1487.334 1486.228 1485.631 1485.035 1484.438 1483.844 1483.405 1482.967 1482.528 1482.09 1482.007 1482.336 1482.665 1482.994 1483.323 1483.549 1483.765 1483.98 1484.196 1483.545 1481.366 1479.187 1477.008 1474.828 1470.224 1465.055 1459.887 1454.719 1449.4 1443.654 1437.908 1432.162 1426.417 1425.696 1427.027 1428.359 1429.69 1431.841 1438.314 1444.787 1451.26 1457.733 1461.377 1463.202 1465.027 1466.852 1468.571 1468.571 1468.571 1468.571 1468.571 1467.602 1465.691 1463.78 1461.869 1459.959 1456.625 1453.226 1449.828
1493.694 1492.114 1490.534 1488.954 1487.374 1486.238 1485.443 1484.647 1483.852 1483.056 1482.194 1481.332 1480.469 1479.607 1478.787 1478.016 1477.245 1476.474 1475.703 1475.162 1474.643 1474.124 1473.605 1472.502 1470.371 1468.24 1466.109 1463.979 1459.365 1454.176 1448.986 1443.797 1438.679 1433.765 1428.85 1423.936 1419.022 1418.081 1418.763 1419.445 1420.127 1421.52 1426.657 1431.794 1436.931 1442.068 1445.14 1446.885 1448.629 1450.373 1452.017 1452.017 1452.017 1452.017 1452.017 1451.007 1449.016 1447.024 1445.033 1443.042 1440.243 1437.408 1434.573
1492.983 1491.591 1490.199 1488.807 1487.415 1486.248 1485.254 1484.26 1483.267 1482.269 1480.983 1479.696 1478.41 1477.124 1475.567 1473.696 1471.825 1469.954 1468.083 1466.775 1465.521 1464.267 1463.013 1461.458 1459.376 1457.293 1455.211 1453.128 1448.507 1443.296 1438.085 1432.874 1427.957 1423.875 1419.792 1415.709 1411.626 1410.466 1410.499 1410.532 1410.565 1411.198 1414.999 1418.8 1422.601 1426.403 1428.903 1430.567 1432.231 1433.895 1435.462 1435.462 1435.462 1435.462 1435.462 1434.411 1432.34 1430.268 1428.196 1426.125 1423.861 1421.59 1419.318
1492.865 1491.721 1490.576 1489.431 1488.287 1487.206 1486.174 1485.143 1484.111 1483.073 1481.584 1480.097 1478.609 1477.12 1475.037 1472.266 1469.495 1466.724 1463.953 1461.499 1459.075 1456.651 1454.227 1451.887 1449.696 1447.505 1445.314 1443.124 1438.708 1433.776 1428.844 1423.912 1419.411 1416.13 1412.849 1409.568 1406.287 1405.08 1404.719 1404.358 1403.997 1404.133 1406.89 1409.646 1412.402 1415.159 1417.181 1418.73 1420.28 1421.83 1423.286 1423.207 1423.129 1423.051 1422.972 1421.921 1419.926 1417.931 1415.935 1413.94 1412.197 1410.467 1408.736
1493.859 1493.074 1492.289 1491.504 1490.719 1489.943 1489.174 1488.405 1487.636 1486.86 1485.587 1484.313 1483.04 1481.766 1479.555 1476.258 1472.961 1469.664 1466.367 1462.055 1457.646 1453.236 1448.827 1445.076 1442.482 1439.889 1437.296 1434.703 1430.895 1426.805 1422.715 1418.626 1414.942 1412.406 1409.871 1407.336 1404.801 1403.871 1403.596 1403.321 1403.046 1403.175 1405.432 1407.69 1409.947 1412.204 1413.923 1415.296 1416.669 1418.042 1419.317 1419.013 1418.71 1418.406 1418.102 1417.128 1415.503 1413.878 1412.253 1410.628 1409.379 1408.147 1406.915
1494.853 1494.427 1494.002 1493.576 1493.15 1492.679 1492.173 1491.667 1491.161 1490.648 1489.589 1488.53 1487.471 1486.412 1484.072 1480.249 1476.427 1472.604 1468.781 1462.611 1456.216 1449.822 1443.427 1438.265 1435.269 1432.273 1429.277 1426.282 1423.082 1419.835 1416.587 1413.34 1410.473 1408.683 1406.894 1405.105 1403.315 1402.662 1402.473 1402.284 1402.095 1402.217 1403.975 1405.733 1407.492 1409.25 1410.666 1411.862 1413.057 1414.253 1415.349 1414.82 1414.291 1413.762 1413.233 1412.335 1411.08 1409.825 1408.57 1407.316 1406.56 1405.827 1405.094
1495.847 1495.781 1495.714 1495.648 1495.582 1495.416 1495.173 1494.93 1494.687 1494.435 1493.591 1492.747 1491.902 1491.058 1488.589 1484.241 1479.892 1475.544 1471.195 1463.166 1454.787 1446.407 1438.028 1431.453 1428.055 1424.657 1421.259 1417.861 1415.269 1412.864 1410.459 1408.054 1406.004 1404.96 1403.917 1402.873 1401.83 1401.454 1401.351 1401.247 1401.144 1401.258 1402.517 1403.777 1405.036 1406.296 1407.408 1408.427 1409.446 1410.464 1411.38 1410.626 1409.872 1409.117 1408.363 1407.542 1406.658 1405.773 1404.888 1404.003 1403.741 1403.507 1403.273
1496.841 1497.134 1497.427 1497.72 1498.014 1498.152 1498.172 1498.192 1498.212 1498.223 1497.593 1496.963 1496.334 1495.704 1493.106 1488.232 1483.358 1478.484 1473.609 1463.722 1453.357 1442.993 1432.628 1424.642 1420.841 1417.041 1413.24 1409.44 1407.456 1405.893 1404.331 1402.768 1401.535 1401.237 1400.94 1400.642 1400.344 1400.245 1400.228 1400.21 1400.193 1400.3 1401.06 1401.82 1402.581 1403.341 1404.151 1404.993 1405.834 1406.676 1407.412 1406.432 1405.453 1404.473 1403.493 1402.749 1402.235 1401.72 1401.206 1400.691 1400.922 1401.187 1401.452
1501.87 1503.083 1504.296 1505.509 1506.722 1507.667 1508.408 1509.148 1509.889 1510.622 1510.896 1511.169 1511.443 1511.716 1509.631 1504.817 1500.002 1495.188 1490.374 1479.152 1467.32 1455.487 1443.655 1434.085 1428.497 1422.908 1417.32 1411.731 1409.059 1407.065 1405.07 1403.075 1401.609 1401.643 1401.676 1401.709 1401.742 1402.162 1402.739 1403.316 1403.894 1404.592 1405.932 1407.271 1408.61 1409.949 1411.331 1412.739 1414.148 1415.557 1416.723 1413.953 1411.182 1408.412 1405.642 1403.839 1402.976 1402.114 1401.251 1400.388 1401.412 1402.523 1403.633
1507.926 1510.202 1512.477 1514.752 1517.028 1518.908 1520.486 1522.063 1523.641 1525.215 1526.567 1527.919 1529.271 1530.623 1529.212 1524.607 1520.003 1515.398 1510.793 1498.369 1485.201 1472.032 1458.864 1447.666 1439.937 1432.208 1424.479 1416.749 1413.06 1410.309 1407.558 1404.807 1402.84 1403.099 1403.357 1403.616 1403.874 1404.874 1406.175 1407.477 1408.778 1410.222 1412.414 1414.607 1416.799 1418.991 1421.167 1423.332 1425.498 1427.663 1429.415 1424.456 1419.496 1414.537 1409.577 1406.427 1405.032 1403.638 1402.245 1400.85 1402.745 1404.789 1406.833
1513.982 1517.32 1520.658 1523.995 1527.333 1530.149 1532.563 1534.978 1537.392 1539.807 1542.237 1544.668 1547.098 1549.528 1548.793 1544.398 1540.002 1535.607 1531.211 1517.586 1503.081 1488.577 1474.072 1461.247 1451.377 1441.507 1431.637 1421.767 1417.061 1413.553 1410.045 1406.538 1404.071 1404.555 1405.039 1405.522 1406.006 1407.585 1409.611 1411.637 1413.663 1415.852 1418.897 1421.942 1424.988 1428.033 1431.003 1433.925 1436.847 1439.768 1442.106 1434.958 1427.81 1420.661 1413.513 1409.014 1407.089 1405.163 1403.238 1401.313 1404.077 1407.055 1410.032
1520.039 1524.439 1528.839 1533.239 1537.639 1541.39 1544.641 1547.893 1551.144 1554.399 1557.908 1561.417 1564.926 1568.435 1568.375 1564.189 1560.002 1555.816 1551.63 1536.802 1520.962 1505.122 1489.281 1474.828 1462.818 1450.807 1438.796 1426.785 1421.062 1416.797 1412.533 1408.269 1405.302 1406.011 1406.72 1407.429 1408.139 1410.297 1413.047 1415.798 1418.548 1421.481 1425.38 1429.278 1433.177 1437.075 1440.84 1444.518 1448.196 1451.875 1454.798 1445.461 1436.123 1426.786 1417.448 1411.601 1409.145 1406.688 1404.232 1401.776 1405.41 1409.321 1413.232
1527.6 1533.126 1538.652 1544.178 1549.704 1554.29 1558.154 1562.018 1565.881 1569.75 1573.987 1578.224 1582.461 1586.698 1587.03 1582.845 1578.661 1574.476 1570.291 1554.613 1537.839 1521.066 1504.293 1488.643 1474.97 1461.297 1447.624 1433.951 1427.504 1422.734 1417.965 1413.195 1409.939 1410.973 1412.007 1413.04 1414.074 1416.899 1420.456 1424.013 1427.569 1431.257 1435.639 1440.02 1444.401 1448.783 1452.79 1456.555 1460.321 1464.087 1466.968 1455.461 1443.954 1432.447 1420.941 1413.852 1411.055 1408.257 1405.46 1402.663 1407.274 1412.222 1417.17
1539.766 1546.612 1553.458 1560.303 1567.149 1572.267 1576.055 1579.844 1583.632 1587.423 1591.316 1595.21 1599.104 1602.997 1602.851 1598.033 1593.215 1588.398 1583.58 1568.12 1551.648 1535.175 1518.702 1503.172 1489.3 1475.429 1461.557 1447.686 1441.415 1436.908 1432.401 1427.895 1424.997 1426.658 1428.32 1429.981 1431.643 1435.401 1440.014 1444.628 1449.241 1453.714 1457.446 1461.178 1464.911 1468.643 1471.204 1473.011 1474.819 1476.626 1477.54 1463.924 1450.309 1436.694 1423.078 1415.073 1412.517 1409.961 1407.406 1404.85 1410.765 1417.065 1423.365
1551.932 1560.098 1568.263 1576.429 1584.594 1590.244 1593.957 1597.671 1601.384 1605.095 1608.645 1612.196 1615.746 1619.296 1618.672 1613.221 1607.77 1602.319 1596.869 1581.628 1565.456 1549.284 1533.111 1517.701 1503.631 1489.561 1475.491 1461.421 1455.326 1451.082 1446.838 1442.594 1440.055 1442.344 1444.633 1446.922 1449.212 1453.902 1459.573 1465.243 1470.913 1476.171 1479.254 1482.337 1485.42 1488.503 1489.618 1489.467 1489.316 1489.165 1488.112 1472.388 1456.664 1440.94 1425.216 1416.294 1413.98 1411.666 1409.351 1407.037 1414.255 1421.908 1429.56
1564.098 1573.583 1583.069 1592.554 1602.04 1608.22 1611.859 1615.497 1619.135 1622.768 1625.974 1629.181 1632.388 1635.595 1634.493 1628.409 1622.325 1616.241 1610.157 1595.136 1579.264 1563.393 1547.521 1532.23 1517.961 1503.693 1489.424 1475.156 1469.237 1465.256 1461.275 1457.294 1455.113 1458.03 1460.947 1463.864 1466.781 1472.403 1479.131 1485.858 1492.586 1498.629 1501.063 1503.496 1505.93 1508.364 1508.032 1505.923 1503.814 1501.704 1498.684 1480.851 1463.019 1445.186 1427.354 1417.515 1415.443 1413.37 1411.297 1409.224 1417.746 1426.75 1435.755
1576.264 1587.069 1597.875 1608.68 1619.485 1626.197 1629.761 1633.324 1636.887 1640.44 1643.304 1646.167 1649.031 1651.894 1650.314 1643.597 1636.88 1630.163 1623.446 1608.644 1593.073 1577.501 1561.93 1546.759 1532.292 1517.825 1503.358 1488.891 1483.148 1479.43 1475.712 1471.994 1470.171 1473.715 1477.26 1480.805 1484.349 1490.905 1498.689 1506.474 1514.258 1521.086 1522.871 1524.655 1526.44 1528.224 1526.447 1522.379 1518.311 1514.244 1509.256 1489.315 1469.374 1449.433 1429.492 1418.737 1416.905 1415.074 1413.242 1411.411 1421.237 1431.593 1441.949
1582.958 1595.352 1607.746 1620.14 1632.533 1639.807 1643.142 1646.477 1649.813 1653.13 1655.243 1657.356 1659.47 1661.583 1659.214 1651.662 1644.11 1636.559 1629.007 1614.267 1598.843 1583.419 1567.995 1553.259 1539.731 1526.204 1512.677 1499.15 1494.818 1492.621 1490.424 1488.227 1487.583 1491.341 1495.099 1498.857 1502.615 1509.098 1516.693 1524.288 1531.882 1538.475 1539.782 1541.089 1542.396 1543.703 1540.817 1535.235 1529.653 1524.071 1517.596 1496.599 1475.602 1454.605 1433.607 1422.57 1421.208 1419.845 1418.483 1417.121 1427.443 1438.297 1449.15
1587.257 1601.357 1615.458 1629.558 1643.657 1651.506 1654.546 1657.586 1660.626 1663.64 1664.825 1666.01 1667.195 1668.38 1665.085 1656.611 1648.136 1639.661 1631.187 1616.441 1601.097 1585.753 1570.41 1556.245 1544.156 1532.067 1519.978 1507.888 1505.508 1505.382 1505.256 1505.13 1506.025 1509.815 1513.606 1517.396 1521.186 1527.156 1534.016 1540.876 1547.735 1553.646 1554.551 1555.455 1556.36 1557.265 1553.418 1546.516 1539.614 1532.713 1524.959 1503.367 1481.774 1460.181 1438.589 1427.546 1426.753 1425.959 1425.165 1424.372 1434.837 1445.814 1456.791
