data/zism_data/00214_01_D.txt
ncols         224
nrows         224
[rows 28 to 55 of 224, columns 128 to 191 of 224]
1781.238 1797.866 1815.035 1832.204 1849.372 1863.138 1871.165 1879.192 1887.219 1895.246 1897.301 1898.023 1898.745 1899.468 1899.839 1899.228 1898.617 1898.005 1897.394 1891.148 1882.58 1874.011 1865.443 1856.056 1842.147 1828.238 1814.329 1800.42 1788.808 1778.737 1768.665 1758.594 1748.545 1738.99 1729.434 1719.879 1710.324 1699.812 1688.302 1676.792 1665.282 1653.772 1642.981 1632.241 1621.501 1610.761 1602.249 1597.38 1592.51 1587.641 1582.772 1578.946 1575.342 1571.738 1568.133 1564.695 1561.704 1558.713 1555.723 1552.732 1552.958 1554.465 1555.972 1557.479
1783.71 1798.97 1814.823 1830.677 1846.53 1859.734 1868.469 1877.205 1885.941 1894.677 1896.94 1897.759 1898.578 1899.396 1899.78 1898.943 1898.106 1897.269 1896.432 1889.996 1881.25 1872.504 1863.759 1854.263 1840.628 1826.993 1813.358 1799.723 1788.202 1778.098 1767.995 1757.891 1747.805 1738.099 1728.393 1718.688 1708.982 1698.058 1685.86 1673.663 1661.466 1649.268 1638.944 1628.752 1618.559 1608.367 1600.433 1596.192 1591.951 1587.71 1583.469 1579.899 1576.472 1573.045 1569.618 1566.348 1563.502 1560.656 1557.811 1554.965 1555.329 1556.97 1558.611 1560.252
1786.182 1800.073 1814.611 1829.149 1843.687 1856.329 1865.774 1875.218 1884.662 1894.107 1896.579 1897.494 1898.41 1899.325 1899.721 1898.658 1897.596 1896.534 1895.471 1888.843 1879.92 1870.997 1862.075 1852.471 1839.11 1825.749 1812.388 1799.026 1787.596 1777.46 1767.324 1757.188 1747.064 1737.208 1727.353 1717.497 1707.641 1696.303 1683.419 1670.534 1657.65 1644.765 1634.907 1625.262 1615.618 1605.973 1598.618 1595.005 1591.391 1587.778 1584.165 1580.852 1577.602 1574.353 1571.103 1568.001 1565.3 1562.599 1559.899 1557.198 1557.699 1559.474 1561.25 1563.025
1788.654 1801.177 1814.4 1827.622 1840.845 1852.925 1863.078 1873.231 1883.384 1893.537 1896.218 1897.23 1898.242 1899.254 1899.662 1898.374 1897.086 1895.798 1894.51 1887.691 1878.591 1869.491 1860.391 1850.679 1837.592 1824.504 1811.417 1798.33 1786.99 1776.822 1766.653 1756.485 1746.324 1736.318 1726.312 1716.305 1706.299 1694.549 1680.977 1667.405 1653.833 1640.261 1630.87 1621.773 1612.676 1603.579 1596.802 1593.817 1590.832 1587.847 1584.862 1581.805 1578.733 1575.66 1572.587 1569.654 1567.099 1564.543 1561.987 1559.431 1560.069 1561.979 1563.888 1565.798
1799.363 1809.594 1820.33 1831.065 1841.8 1852.301 1862.406 1872.512 1882.618 1892.723 1895.519 1896.684 1897.849 1899.014 1899.434 1897.767 1896.099 1894.432 1892.764 1885.339 1875.538 1865.738 1855.938 1845.614 1832.399 1819.184 1805.969 1792.754 1781.067 1770.404 1759.741 1749.079 1738.44 1728.316 1718.192 1708.068 1697.944 1686.396 1673.36 1660.325 1647.289 1634.253 1625.727 1617.518 1609.31 1601.101 1594.984 1592.287 1589.589 1586.892 1584.194 1581.387 1578.557 1575.727 1572.897 1570.209 1567.906 1565.602 1563.299 1560.995 1561.715 1563.637 1565.56 1567.482
1811.307 1819.108 1827.181 1835.253 1843.325 1852.094 1862.039 1871.983 1881.928 1891.872 1894.771 1896.097 1897.422 1898.748 1899.182 1897.111 1895.041 1892.971 1890.901 1882.807 1872.228 1861.649 1851.07 1840.059 1826.656 1813.253 1799.85 1786.447 1774.346 1763.12 1751.894 1740.668 1729.485 1719.248 1709.011 1698.775 1688.538 1677.284 1664.968 1652.651 1640.335 1628.019 1620.418 1613.149 1605.88 1598.611 1593.166 1590.705 1588.244 1585.783 1583.321 1580.764 1578.186 1575.609 1573.031 1570.6 1568.565 1566.53 1564.495 1562.46 1563.252 1565.169 1567.086 1569.003
1823.251 1828.623 1834.032 1839.441 1844.85 1851.888 1861.671 1871.454 1881.238 1891.021 1894.022 1895.509 1896.996 1898.483 1898.929 1896.456 1893.983 1891.511 1889.038 1880.275 1868.917 1857.56 1846.203 1834.503 1820.912 1807.321 1793.73 1780.139 1767.626 1755.836 1744.046 1732.256 1720.529 1710.18 1699.83 1689.481 1679.131 1668.172 1656.575 1644.978 1633.381 1621.784 1615.109 1608.779 1602.45 1596.12 1591.349 1589.124 1586.899 1584.673 1582.448 1580.141 1577.815 1575.49 1573.165 1570.99 1569.224 1567.457 1565.691 1563.924 1564.788 1566.7 1568.612 1570.524
1835.195 1838.137 1840.883 1843.629 1846.375 1851.681 1861.303 1870.925 1880.548 1890.17 1893.273 1894.921 1896.569 1898.217 1898.677 1895.801 1892.926 1890.05 1887.174 1877.742 1865.607 1853.471 1841.335 1828.948 1815.169 1801.39 1787.611 1773.832 1760.906 1748.552 1736.198 1723.844 1711.574 1701.111 1690.649 1680.187 1669.725 1659.06 1648.182 1637.305 1626.427 1615.55 1609.8 1604.41 1599.02 1593.63 1589.531 1587.542 1585.553 1583.564 1581.576 1579.517 1577.444 1575.371 1573.299 1571.381 1569.883 1568.385 1566.886 1565.388 1566.325 1568.232 1570.138 1572.044
1846.3 1847.571 1848.455 1849.338 1850.221 1854.132 1863.151 1872.169 1881.187 1890.205 1893.151 1894.741 1896.331 1897.922 1898.197 1894.782 1891.367 1887.952 1884.538 1874.447 1861.602 1848.758 1835.914 1822.887 1808.854 1794.82 1780.787 1766.754 1753.452 1740.641 1727.831 1715.02 1702.31 1691.807 1681.304 1670.801 1660.298 1650.081 1640.165 1630.249 1620.333 1610.416 1605.496 1600.926 1596.357 1591.787 1588.259 1586.433 1584.607 1582.781 1580.955 1579.091 1577.22 1575.349 1573.477 1571.78 1570.554 1569.328 1568.102 1566.875 1567.877 1569.766 1571.655 1573.543
1855.67 1856.841 1857.515 1858.189 1858.863 1862.077 1869.576 1877.075 1884.573 1892.072 1894.324 1895.404 1896.484 1897.564 1897.247 1893.011 1888.775 1884.538 1880.302 1869.572 1856.164 1842.756 1829.348 1815.784 1801.359 1786.933 1772.508 1758.083 1744.483 1731.436 1718.388 1705.342 1692.411 1682.015 1671.619 1661.223 1650.828 1641.38 1632.925 1624.469 1616.013 1607.557 1603.269 1599.274 1595.279 1591.284 1588.116 1586.301 1584.486 1582.671 1580.855 1579.073 1577.299 1575.524 1573.749 1572.198 1571.251 1570.304 1569.357 1568.41 1569.461 1571.306 1573.152 1574.998
1865.04 1866.112 1866.576 1867.04 1867.505 1870.022 1876.001 1881.981 1887.96 1893.939 1895.496 1896.066 1896.636 1897.206 1896.297 1891.24 1886.182 1881.124 1876.067 1864.698 1850.726 1836.754 1822.782 1808.681 1793.864 1779.046 1764.229 1749.412 1735.513 1722.229 1708.946 1695.663 1682.511 1672.223 1661.934 1651.646 1641.357 1632.679 1625.684 1618.688 1611.693 1604.698 1601.042 1597.622 1594.201 1590.781 1587.974 1586.169 1584.365 1582.56 1580.755 1579.055 1577.377 1575.699 1574.021 1572.616 1571.948 1571.28 1570.612 1569.945 1571.044 1572.847 1574.65 1576.453
1874.409 1875.382 1875.637 1875.892 1876.147 1877.967 1882.427 1886.886 1891.346 1895.806 1896.669 1896.729 1896.789 1896.849 1895.348 1889.469 1883.59 1877.71 1871.831 1859.823 1845.288 1830.752 1816.217 1801.578 1786.369 1771.159 1755.95 1740.741 1726.543 1713.024 1699.504 1685.985 1672.611 1662.43 1652.249 1642.068 1631.887 1623.978 1618.443 1612.908 1607.373 1601.839 1598.816 1595.97 1593.124 1590.278 1587.831 1586.037 1584.243 1582.45 1580.656 1579.037 1577.456 1575.874 1574.293 1573.034 1572.645 1572.256 1571.868 1571.479 1572.627 1574.387 1576.147 1577.907
1883.779 1884.652 1884.698 1884.743 1884.789 1885.912 1888.852 1891.792 1894.733 1897.673 1897.842 1897.391 1896.941 1896.491 1894.398 1887.698 1880.997 1874.296 1867.596 1854.949 1839.849 1824.75 1809.651 1794.475 1778.873 1763.272 1747.671 1732.07 1717.573 1703.817 1690.062 1676.306 1662.712 1652.638 1642.564 1632.49 1622.417 1615.277 1611.203 1607.128 1603.054 1598.979 1596.589 1594.318 1592.046 1589.775 1587.688 1585.905 1584.122 1582.339 1580.556 1579.019 1577.534 1576.05 1574.565 1573.452 1573.342 1573.233 1573.123 1573.014 1574.211 1575.928 1577.645 1579.361
1887.384 1888.996 1889.794 1890.593 1891.391 1892.851 1895.428 1898.004 1900.58 1903.157 1902.955 1902.134 1901.312 1900.49 1898.111 1891.362 1884.613 1877.864 1871.115 1858.311 1843.009 1827.708 1812.406 1797.034 1781.272 1765.51 1749.747 1733.985 1719.743 1706.52 1693.297 1680.074 1666.995 1657.067 1647.138 1637.21 1627.281 1619.804 1614.887 1609.971 1605.054 1600.137 1597.577 1595.182 1592.788 1590.393 1588.232 1586.451 1584.67 1582.889 1581.109 1579.631 1578.218 1576.804 1575.391 1574.377 1574.442 1574.506 1574.571 1574.636 1575.845 1577.511 1579.177 1580.842
1889.386 1891.971 1893.79 1895.608 1897.427 1899.511 1902.045 1904.578 1907.112 1909.645 1909.164 1908.009 1906.855 1905.7 1903.119 1896.537 1889.954 1883.372 1876.789 1863.961 1848.557 1833.154 1817.75 1802.277 1786.418 1770.559 1754.7 1738.842 1725.007 1712.531 1700.054 1687.577 1675.219 1665.446 1655.673 1645.901 1636.128 1628.005 1621.607 1615.208 1608.809 1602.411 1599.457 1596.746 1594.035 1591.323 1588.965 1587.184 1585.404 1583.623 1581.842 1580.418 1579.069 1577.72 1576.371 1575.443 1575.653 1575.862 1576.072 1576.282 1577.494 1579.106 1580.718 1582.33
1891.389 1894.947 1897.785 1900.624 1903.462 1906.171 1908.662 1911.152 1913.643 1916.134 1915.372 1913.885 1912.397 1910.91 1908.127 1901.711 1895.295 1888.879 1882.463 1869.611 1854.106 1838.6 1823.094 1807.52 1791.564 1775.609 1759.654 1743.698 1730.272 1718.541 1706.811 1695.081 1683.443 1673.826 1664.209 1654.592 1644.974 1636.207 1628.326 1620.446 1612.565 1604.685 1601.338 1598.31 1595.282 1592.254 1589.699 1587.918 1586.137 1584.357 1582.576 1581.204 1579.92 1578.635 1577.351 1576.509 1576.864 1577.219 1577.573 1577.928 1579.143 1580.702 1582.26 1583.818
1893.392 1897.922 1901.781 1905.639 1909.498 1912.831 1915.279 1917.727 1920.174 1922.622 1921.581 1919.76 1917.94 1916.12 1913.135 1906.886 1900.636 1894.386 1888.137 1875.261 1859.654 1844.046 1828.438 1812.763 1796.711 1780.659 1764.607 1748.555 1735.536 1724.552 1713.568 1702.584 1691.666 1682.205 1672.744 1663.282 1653.821 1644.408 1635.046 1625.683 1616.321 1606.958 1603.218 1599.873 1596.528 1593.184 1590.432 1588.652 1586.871 1585.09 1583.309 1581.991 1580.771 1579.551 1578.331 1577.576 1578.075 1578.575 1579.074 1579.574 1580.792 1582.297 1583.801 1585.306
1894.953 1900.369 1905.156 1909.944 1914.731 1918.682 1921.22 1923.758 1926.296 1928.835 1927.632 1925.594 1923.557 1921.519 1918.412 1912.307 1906.203 1900.098 1893.993 1881.179 1865.599 1850.019 1834.439 1818.782 1802.7 1786.618 1770.536 1754.455 1741.781 1731.393 1721.005 1710.617 1700.272 1690.862 1681.452 1672.043 1662.633 1652.543 1641.742 1630.942 1620.141 1609.34 1605.176 1601.479 1597.781 1594.083 1591.123 1589.366 1587.61 1585.854 1584.097 1582.833 1581.674 1580.514 1579.355 1578.669 1579.262 1579.855 1580.448 1581.042 1582.255 1583.715 1585.174 1586.634
1895.112 1901.132 1906.559 1911.985 1917.412 1921.955 1925.008 1928.062 1931.116 1934.17 1933.184 1931.297 1929.409 1927.522 1924.546 1918.516 1912.486 1906.457 1900.427 1887.947 1872.807 1857.667 1842.528 1827.272 1811.372 1795.473 1779.574 1763.674 1751.144 1740.875 1730.604 1720.335 1710.09 1700.401 1690.713 1681.024 1671.335 1660.467 1648.367 1636.267 1624.167 1612.067 1607.381 1603.216 1599.052 1594.887 1591.675 1590.021 1588.366 1586.712 1585.058 1583.851 1582.74 1581.629 1580.518 1579.848 1580.372 1580.895 1581.419 1581.942 1583.124 1584.567 1586.011 1587.455
1895.271 1901.896 1907.961 1914.026 1920.092 1925.228 1928.797 1932.366 1935.935 1939.505 1938.736 1936.999 1935.262 1933.525 1930.68 1924.725 1918.77 1912.816 1906.861 1894.715 1880.015 1865.316 1850.616 1835.761 1820.044 1804.328 1788.611 1772.894 1760.508 1750.356 1740.204 1730.053 1719.909 1709.941 1699.973 1690.005 1680.037 1668.391 1654.991 1641.592 1628.193 1614.793 1609.585 1604.954 1600.322 1595.69 1592.227 1590.675 1589.123 1587.57 1586.018 1584.869 1583.807 1582.744 1581.681 1581.028 1581.481 1581.935 1582.389 1582.842 1583.992 1585.42 1586.848 1588.275
1895.43 1902.659 1909.364 1916.068 1922.772 1928.501 1932.586 1936.67 1940.755 1944.84 1944.288 1942.701 1941.115 1939.528 1936.813 1930.934 1925.054 1919.175 1913.296 1901.483 1887.224 1872.965 1858.705 1844.251 1828.717 1813.182 1797.648 1782.114 1769.872 1759.838 1749.805 1739.771 1729.728 1719.481 1709.234 1698.987 1688.74 1676.315 1661.616 1646.917 1632.219 1617.52 1611.79 1606.691 1601.593 1596.494 1592.78 1591.329 1589.879 1588.429 1586.978 1585.887 1584.873 1583.859 1582.844 1582.207 1582.591 1582.975 1583.359 1583.742 1584.861 1586.273 1587.684 1589.096
1895.588 1903.423 1910.766 1918.109 1925.453 1931.775 1936.375 1940.974 1945.574 1950.174 1949.84 1948.403 1946.967 1945.531 1942.947 1937.142 1931.338 1925.534 1919.73 1908.251 1894.432 1880.613 1866.794 1852.74 1837.389 1822.037 1806.685 1791.334 1779.236 1769.32 1759.405 1749.489 1739.547 1729.021 1718.494 1707.968 1697.442 1684.239 1668.241 1652.243 1636.244 1620.246 1613.995 1608.429 1602.863 1597.297 1593.332 1591.984 1590.635 1589.287 1587.939 1586.906 1585.939 1584.973 1584.007 1583.387 1583.701 1584.015 1584.329 1584.643 1585.73 1587.125 1588.521 1589.916
1894.005 1902.538 1910.651 1918.764 1926.877 1933.97 1939.343 1944.716 1950.089 1955.462 1955.465 1954.269 1953.072 1951.876 1949.347 1943.08 1936.813 1930.546 1924.28 1912.821 1899.222 1885.623 1872.024 1858.214 1843.235 1828.256 1813.278 1798.299 1786.232 1776.117 1766.002 1755.887 1745.741 1734.913 1724.085 1713.257 1702.429 1688.889 1672.513 1656.138 1639.763 1623.388 1616.568 1610.419 1604.27 1598.121 1593.812 1592.51 1591.207 1589.905 1588.603 1587.602 1586.665 1585.729 1584.792 1584.183 1584.457 1584.731 1585.005 1585.279 1586.317 1587.659 1589.001 1590.343
1891.66 1900.933 1909.872 1918.812 1927.752 1935.694 1941.953 1948.212 1954.471 1960.73 1961.122 1960.205 1959.288 1958.371 1955.865 1948.9 1941.935 1934.97 1928.005 1916.43 1902.955 1889.479 1876.004 1862.368 1847.845 1833.323 1818.801 1804.279 1792.192 1781.739 1771.286 1760.833 1750.349 1739.21 1728.071 1716.932 1705.792 1692.105 1675.757 1659.409 1643.061 1626.712 1619.302 1612.519 1605.737 1598.954 1594.26 1592.979 1591.698 1590.418 1589.137 1588.158 1587.243 1586.328 1585.413 1584.812 1585.059 1585.306 1585.553 1585.8 1586.781 1588.053 1589.325 1590.597
1889.314 1899.327 1909.094 1918.86 1928.627 1937.417 1944.562 1951.707 1958.852 1965.997 1966.78 1966.142 1965.504 1964.866 1962.382 1954.719 1947.056 1939.393 1931.73 1920.039 1906.687 1893.335 1879.983 1866.521 1852.456 1838.39 1824.324 1810.258 1798.152 1787.361 1776.569 1765.778 1754.958 1743.507 1732.056 1720.606 1709.155 1695.322 1679.001 1662.679 1646.358 1630.036 1622.035 1614.62 1607.204 1599.788 1594.709 1593.449 1592.19 1590.93 1589.671 1588.713 1587.82 1586.926 1586.033 1585.44 1585.661 1585.881 1586.101 1586.322 1587.244 1588.447 1589.649 1590.851
1886.969 1897.721 1908.315 1918.908 1929.502 1939.141 1947.172 1955.203 1963.234 1971.265 1972.437 1972.078 1971.72 1971.361 1968.899 1960.538 1952.178 1943.817 1935.456 1923.648 1910.42 1897.191 1883.962 1870.675 1857.066 1843.457 1829.847 1816.238 1804.113 1792.983 1781.853 1770.724 1759.566 1747.804 1736.042 1724.28 1712.518 1698.539 1682.244 1665.95 1649.655 1633.36 1624.769 1616.72 1608.671 1600.621 1595.157 1593.919 1592.681 1591.443 1590.205 1589.269 1588.397 1587.525 1586.653 1586.069 1586.262 1586.456 1586.649 1586.843 1587.708 1588.841 1589.973 1591.106
1884.899 1896.371 1907.761 1919.151 1930.541 1940.974 1949.796 1958.617 1967.438 1976.259 1977.779 1977.669 1977.56 1977.45 1975.011 1966.036 1957.061 1948.087 1939.112 1927.172 1914.01 1900.847 1887.685 1874.519 1861.335 1848.151 1834.967 1821.783 1809.641 1798.198 1786.754 1775.311 1763.84 1751.771 1739.701 1727.631 1715.562 1701.426 1685.131 1668.837 1652.542 1636.247 1627.15 1618.558 1609.967 1601.375 1595.585 1594.374 1593.164 1591.953 1590.742 1589.831 1588.984 1588.137 1587.289 1586.716 1586.884 1587.051 1587.219 1587.386 1588.193 1589.255 1590.317 1591.379
1884.369 1896.439 1908.458 1920.476 1932.494 1943.418 1952.497 1961.576 1970.655 1979.734 1981.366 1981.337 1981.308 1981.279 1978.861 1969.741 1960.621 1951.502 1942.382 1930.221 1916.807 1903.392 1889.977 1876.637 1863.705 1850.773 1837.841 1824.91 1812.763 1801.142 1789.522 1777.901 1766.249 1753.894 1741.54 1729.186 1716.832 1702.478 1686.032 1669.587 1653.142 1636.697 1627.56 1618.936 1610.312 1601.689 1595.901 1594.749 1593.598 1592.446 1591.294 1590.429 1589.625 1588.82 1588.016 1587.468 1587.615 1587.76 1587.906 1588.052 1588.8 1589.787 1590.773 1591.76
