data/zism_data/00214_03_D.txt
ncols         224
nrows         224
[rows 112 to 139 of 224, columns 126 to 188 of 224]
1866.049 1854.077 1842.106 1830.413 1818.742 1807.072 1795.401 1785.728 1779.424 1773.12 1766.816 1760.512 1756.272 1752.493 1748.713 1744.934 1740.832 1735.824 1730.817 1725.81 1720.803 1717.751 1715.505 1713.26 1711.015 1709.082 1708.879 1708.675 1708.472 1708.268 1707.97 1707.608 1707.247 1706.885 1706.493 1705.44 1704.388 1703.335 1702.282 1701.557 1701.174 1700.791 1700.408 1700.025 1700.426 1700.882 1701.338 1701.794 1704.041 1709.215 1714.389 1719.564 1724.738 1732.316 1740.405 1748.493 1756.582 1763.65 1767.959 1772.268 1776.577 1780.886 1782.668
1858.74 1847.027 1835.313 1824.58 1813.925 1803.269 1792.614 1783.255 1776.084 1768.914 1761.743 1754.572 1750.284 1746.641 1742.997 1739.353 1735.733 1732.178 1728.623 1725.069 1721.514 1720.05 1719.447 1718.845 1718.242 1717.785 1718.134 1718.482 1718.831 1719.18 1718.828 1718.006 1717.184 1716.362 1715.48 1713.284 1711.088 1708.892 1706.696 1705.014 1703.868 1702.723 1701.578 1700.432 1700.612 1700.884 1701.157 1701.429 1703.226 1707.515 1711.805 1716.094 1720.383 1727.128 1734.394 1741.66 1748.926 1755.348 1759.489 1763.631 1767.772 1771.913 1773.721
1851.519 1840.069 1828.618 1818.875 1809.266 1799.658 1790.049 1781.02 1772.969 1764.917 1756.866 1748.815 1744.555 1741.142 1737.729 1734.317 1731.282 1729.312 1727.341 1725.37 1723.399 1723.576 1724.637 1725.699 1726.761 1727.788 1728.626 1729.463 1730.3 1731.137 1730.666 1729.318 1727.97 1726.622 1725.183 1721.758 1718.332 1714.907 1711.481 1708.767 1706.795 1704.822 1702.85 1700.878 1700.832 1700.922 1701.012 1701.102 1702.439 1705.816 1709.193 1712.569 1715.946 1721.8 1728.18 1734.56 1740.94 1746.671 1750.646 1754.62 1758.595 1762.57 1764.426
1844.298 1833.11 1821.923 1813.169 1804.608 1796.046 1787.484 1778.785 1769.853 1760.921 1751.989 1743.057 1738.826 1735.644 1732.462 1729.28 1726.832 1726.445 1726.058 1725.671 1725.284 1727.102 1729.828 1732.554 1735.28 1737.792 1739.118 1740.443 1741.769 1743.095 1742.505 1740.631 1738.757 1736.883 1734.887 1730.232 1725.577 1720.922 1716.267 1712.52 1709.721 1706.922 1704.123 1701.324 1701.053 1700.96 1700.868 1700.775 1701.653 1704.117 1706.581 1709.045 1711.508 1716.472 1721.966 1727.46 1732.954 1737.993 1741.802 1745.61 1749.419 1753.227 1755.132
1837.076 1826.152 1815.228 1807.464 1799.949 1792.434 1784.92 1776.55 1766.737 1756.925 1747.113 1737.3 1733.097 1730.146 1727.195 1724.243 1722.382 1723.579 1724.776 1725.973 1727.17 1730.628 1735.018 1739.409 1743.799 1747.795 1749.61 1751.424 1753.238 1755.053 1754.344 1751.944 1749.544 1747.143 1744.59 1738.706 1732.821 1726.937 1721.053 1716.273 1712.647 1709.021 1705.395 1701.769 1701.274 1700.999 1700.723 1700.448 1700.866 1702.417 1703.969 1705.52 1707.071 1711.144 1715.752 1720.36 1724.968 1729.316 1732.958 1736.6 1740.242 1743.884 1745.837
1832.944 1822.406 1811.867 1804.847 1798.103 1791.359 1784.616 1776.644 1766.602 1756.56 1746.518 1736.476 1732.814 1730.576 1728.338 1726.1 1725.073 1727.447 1729.821 1732.195 1734.569 1739.011 1744.307 1749.601 1754.896 1759.676 1761.608 1763.54 1765.472 1767.404 1766.435 1763.52 1760.605 1757.691 1754.602 1747.71 1740.818 1733.927 1727.035 1721.278 1716.706 1712.134 1707.563 1702.991 1702.139 1701.548 1700.957 1700.366 1700.34 1701.237 1702.133 1703.029 1703.926 1707.156 1710.883 1714.609 1718.335 1721.95 1725.265 1728.58 1731.895 1735.21 1737.085
1834.08 1824.138 1814.196 1807.498 1801.055 1794.612 1788.169 1780.714 1771.552 1762.391 1753.229 1744.068 1741.821 1741.119 1740.417 1739.714 1739.947 1742.804 1745.661 1748.518 1751.376 1755.681 1760.584 1765.487 1770.391 1774.759 1776.176 1777.592 1779.009 1780.425 1778.954 1775.545 1772.136 1768.728 1765.139 1757.619 1750.099 1742.579 1735.06 1728.42 1722.699 1716.978 1711.257 1705.536 1704.102 1702.969 1701.836 1700.703 1700.259 1700.94 1701.622 1702.304 1702.985 1705.456 1708.307 1711.158 1714.01 1716.823 1719.537 1722.251 1724.964 1727.678 1729.259
1835.217 1825.871 1816.525 1810.149 1804.006 1797.864 1791.722 1784.783 1776.502 1768.221 1759.94 1751.659 1750.829 1751.662 1752.495 1753.328 1754.821 1758.161 1761.501 1764.842 1768.182 1772.351 1776.863 1781.374 1785.885 1789.843 1790.744 1791.645 1792.546 1793.447 1791.473 1787.57 1783.667 1779.765 1775.676 1767.528 1759.38 1751.232 1743.084 1735.561 1728.691 1721.821 1714.951 1708.081 1706.065 1704.39 1702.715 1701.039 1700.177 1700.644 1701.111 1701.578 1702.045 1703.756 1705.732 1707.708 1709.684 1711.696 1713.809 1715.921 1718.033 1720.145 1721.433
1836.354 1827.604 1818.853 1812.799 1806.958 1801.116 1795.275 1788.853 1781.452 1774.052 1766.651 1759.251 1759.837 1762.205 1764.574 1766.943 1769.694 1773.518 1777.341 1781.165 1784.989 1789.022 1793.141 1797.26 1801.379 1804.926 1805.312 1805.697 1806.083 1806.468 1803.992 1799.595 1795.198 1790.802 1786.214 1777.437 1768.661 1759.885 1751.109 1742.703 1734.684 1726.665 1718.646 1710.627 1708.028 1705.811 1703.593 1701.376 1700.096 1700.348 1700.6 1700.852 1701.104 1702.056 1703.157 1704.257 1705.358 1706.569 1708.08 1709.591 1711.102 1712.613 1713.606
1837.49 1829.336 1821.182 1815.45 1809.909 1804.369 1798.828 1792.922 1786.402 1779.882 1773.362 1766.842 1768.844 1772.749 1776.653 1780.558 1784.568 1788.875 1793.182 1797.488 1801.795 1805.692 1809.419 1813.146 1816.874 1820.01 1819.88 1819.75 1819.62 1819.49 1816.511 1811.62 1806.729 1801.839 1796.751 1787.346 1777.942 1768.538 1759.133 1749.844 1740.676 1731.508 1722.34 1713.172 1709.991 1707.232 1704.472 1701.712 1700.014 1700.052 1700.089 1700.126 1700.164 1700.356 1700.581 1700.807 1701.032 1701.442 1702.352 1703.262 1704.171 1705.081 1705.78
1837.791 1829.749 1821.708 1816.23 1810.954 1805.678 1800.403 1795.46 1791.081 1786.701 1782.321 1777.941 1781.234 1786.239 1791.245 1796.25 1800.989 1804.981 1808.973 1812.964 1816.956 1820.015 1822.69 1825.364 1828.038 1830.189 1829.446 1828.703 1827.96 1827.217 1823.792 1818.567 1813.342 1808.117 1802.712 1793.358 1784.004 1774.65 1765.296 1755.774 1746.078 1736.382 1726.686 1716.99 1712.998 1709.408 1705.818 1702.228 1700.0 1700.0 1700.0 1700.0 1700.0 1700.097 1700.214 1700.332 1700.45 1700.899 1702.245 1703.591 1704.937 1706.284 1707.492
1837.915 1829.884 1821.853 1816.615 1811.598 1806.579 1801.562 1797.676 1795.702 1793.727 1791.753 1789.778 1794.335 1800.35 1806.365 1812.38 1817.736 1821.245 1824.753 1828.262 1831.77 1833.844 1835.327 1836.809 1838.292 1839.336 1837.96 1836.583 1835.206 1833.83 1829.97 1824.445 1818.919 1813.394 1807.709 1798.548 1789.387 1780.227 1771.066 1761.449 1751.356 1741.262 1731.169 1721.075 1716.225 1711.744 1707.262 1702.781 1700.0 1700.0 1700.0 1700.0 1700.0 1700.141 1700.313 1700.484 1700.655 1701.321 1703.322 1705.323 1707.324 1709.325 1711.211
1838.04 1830.02 1821.999 1817.001 1812.241 1807.481 1802.72 1799.892 1800.323 1800.754 1801.185 1801.616 1807.437 1814.461 1821.486 1828.51 1834.483 1837.509 1840.534 1843.559 1846.584 1847.673 1847.964 1848.255 1848.545 1848.483 1846.473 1844.463 1842.453 1840.443 1836.148 1830.322 1824.496 1818.67 1812.706 1803.739 1794.771 1785.804 1776.837 1767.124 1756.633 1746.143 1735.652 1725.161 1719.452 1714.079 1708.706 1703.333 1700.0 1700.0 1700.0 1700.0 1700.0 1700.186 1700.411 1700.635 1700.86 1701.742 1704.398 1707.054 1709.711 1712.367 1714.931
1838.164 1830.155 1822.145 1817.387 1812.884 1808.382 1803.879 1802.108 1804.945 1807.781 1810.617 1813.453 1820.538 1828.572 1836.606 1844.64 1851.231 1853.773 1856.315 1858.857 1861.399 1861.503 1860.601 1859.7 1858.799 1857.63 1854.987 1852.343 1849.699 1847.055 1842.327 1836.2 1830.073 1823.946 1817.703 1808.929 1800.155 1791.381 1782.607 1772.799 1761.911 1751.023 1740.135 1729.246 1722.679 1716.415 1710.151 1703.886 1700.0 1700.0 1700.0 1700.0 1700.0 1700.23 1700.509 1700.787 1701.066 1702.164 1705.475 1708.786 1712.097 1715.409 1718.651
1837.323 1829.404 1821.484 1817.357 1813.53 1809.702 1805.875 1805.285 1810.155 1815.024 1819.894 1824.764 1832.654 1841.217 1849.781 1858.345 1865.214 1867.327 1869.441 1871.554 1873.667 1873.009 1871.207 1869.405 1867.603 1865.582 1862.348 1859.115 1855.881 1852.648 1847.518 1841.114 1834.711 1828.308 1821.81 1813.236 1804.663 1796.09 1787.517 1777.619 1766.338 1755.057 1743.776 1732.495 1725.241 1718.269 1711.297 1704.326 1700.0 1700.0 1700.0 1700.0 1700.0 1700.372 1700.823 1701.273 1701.724 1703.176 1707.333 1711.491 1715.648 1719.806 1723.794
1834.033 1826.403 1818.773 1816.275 1814.182 1812.088 1809.995 1810.899 1816.859 1822.819 1828.778 1834.738 1842.265 1850.141 1858.018 1865.894 1872.18 1874.004 1875.827 1877.651 1879.474 1878.617 1876.654 1874.691 1872.728 1870.497 1866.786 1863.075 1859.363 1855.652 1850.201 1843.583 1836.965 1830.347 1823.653 1815.3 1806.947 1798.594 1790.241 1780.269 1768.607 1756.945 1745.283 1733.621 1726.115 1718.902 1711.689 1704.475 1700.0 1700.0 1700.0 1700.0 1700.0 1700.761 1701.685 1702.608 1703.531 1705.688 1711.176 1716.665 1722.154 1727.643 1732.548
1830.742 1823.402 1816.062 1815.193 1814.834 1814.474 1814.115 1816.514 1823.563 1830.613 1837.663 1844.712 1851.876 1859.065 1866.255 1873.444 1879.147 1880.681 1882.214 1883.748 1885.281 1884.225 1882.101 1879.977 1877.853 1875.413 1871.224 1867.034 1862.845 1858.656 1852.885 1846.052 1839.219 1832.387 1825.497 1817.364 1809.231 1801.098 1792.965 1782.92 1770.876 1758.833 1746.79 1734.746 1726.99 1719.535 1712.08 1704.625 1700.0 1700.0 1700.0 1700.0 1700.0 1701.151 1702.547 1703.943 1705.338 1708.199 1715.02 1721.84 1728.661 1735.481 1741.302
1827.451 1820.401 1813.351 1814.11 1815.485 1816.86 1818.235 1822.129 1830.268 1838.407 1846.547 1854.686 1861.487 1867.989 1874.491 1880.993 1886.114 1887.357 1888.601 1889.845 1891.088 1889.834 1887.548 1885.263 1882.978 1880.328 1875.661 1870.994 1866.327 1861.66 1855.569 1848.521 1841.474 1834.426 1827.341 1819.428 1811.515 1803.602 1795.689 1785.57 1773.145 1760.721 1748.296 1735.872 1727.865 1720.168 1712.472 1704.775 1700.0 1700.0 1700.0 1700.0 1700.0 1701.541 1703.409 1705.277 1707.146 1710.711 1718.863 1727.015 1735.167 1743.319 1750.057
1824.16 1817.4 1810.64 1813.028 1816.137 1819.246 1822.356 1827.743 1836.972 1846.202 1855.431 1864.661 1871.098 1876.913 1882.728 1888.543 1893.08 1894.034 1894.988 1895.942 1896.895 1895.442 1892.996 1890.55 1888.103 1885.244 1880.099 1874.954 1869.809 1864.664 1858.252 1850.99 1843.728 1836.466 1829.184 1821.492 1813.799 1806.106 1798.414 1788.22 1775.415 1762.609 1749.803 1736.997 1728.739 1720.801 1712.863 1704.925 1700.0 1700.0 1700.0 1700.0 1700.0 1701.931 1704.271 1706.612 1708.953 1713.223 1722.706 1732.19 1741.673 1751.156 1758.811
1822.649 1817.683 1812.717 1816.631 1821.244 1825.857 1830.47 1836.629 1845.392 1854.156 1862.92 1871.683 1877.276 1882.162 1887.047 1891.933 1895.718 1896.418 1897.117 1897.817 1898.517 1896.951 1894.451 1891.951 1889.45 1886.526 1881.256 1875.987 1870.718 1865.448 1859.102 1852.034 1844.965 1837.897 1830.804 1823.173 1815.542 1807.91 1800.279 1789.96 1776.832 1763.705 1750.577 1737.45 1729.082 1721.05 1713.017 1704.984 1700.0 1700.0 1700.0 1700.0 1700.0 1702.222 1704.916 1707.611 1710.305 1714.951 1724.873 1734.795 1744.717 1754.639 1762.454
1821.767 1819.126 1816.485 1821.888 1827.923 1833.959 1839.995 1846.669 1854.418 1862.167 1869.916 1877.665 1882.243 1886.114 1889.984 1893.855 1896.828 1897.286 1897.745 1898.203 1898.661 1897.013 1894.496 1891.98 1889.464 1886.526 1881.256 1875.987 1870.718 1865.448 1859.304 1852.574 1845.844 1839.115 1832.345 1824.719 1817.093 1809.468 1801.842 1791.378 1777.95 1764.522 1751.094 1737.665 1729.238 1721.162 1713.086 1705.011 1700.0 1700.0 1700.0 1700.0 1700.0 1702.479 1705.485 1708.49 1711.496 1716.403 1726.448 1736.494 1746.54 1756.585 1764.293
1820.885 1820.569 1820.253 1827.144 1834.603 1842.062 1849.52 1856.709 1863.443 1870.178 1876.912 1883.646 1887.209 1890.065 1892.921 1895.777 1897.939 1898.155 1898.372 1898.588 1898.804 1897.075 1894.542 1892.01 1889.478 1886.526 1881.256 1875.987 1870.718 1865.448 1859.507 1853.115 1846.724 1840.332 1833.886 1826.266 1818.645 1811.025 1803.404 1792.796 1779.067 1765.338 1751.609 1737.881 1729.393 1721.275 1713.156 1705.037 1700.0 1700.0 1700.0 1700.0 1700.0 1702.736 1706.053 1709.37 1712.687 1717.855 1728.024 1738.193 1748.362 1758.531 1766.132
1820.003 1822.012 1824.021 1832.401 1841.282 1850.164 1859.045 1866.75 1872.469 1878.188 1883.908 1889.627 1892.176 1894.017 1895.858 1897.699 1899.049 1899.024 1898.999 1898.974 1898.948 1897.137 1894.588 1892.04 1889.491 1886.526 1881.257 1875.987 1870.718 1865.448 1859.709 1853.656 1847.602 1841.549 1835.427 1827.812 1820.197 1812.582 1804.966 1794.214 1780.185 1766.155 1752.126 1738.096 1729.549 1721.387 1713.226 1705.064 1700.0 1700.0 1700.0 1700.0 1700.0 1702.993 1706.621 1710.25 1713.878 1719.307 1729.599 1739.892 1750.184 1760.477 1767.971
1820.88 1825.03 1829.18 1838.544 1848.319 1858.094 1867.869 1875.718 1880.321 1884.924 1889.527 1894.129 1895.725 1896.65 1897.575 1898.5 1899.124 1898.905 1898.685 1898.465 1898.246 1896.371 1893.814 1891.257 1888.7 1885.733 1880.506 1875.279 1870.051 1864.824 1859.284 1853.535 1847.786 1842.038 1836.206 1828.568 1820.93 1813.292 1805.653 1794.771 1780.498 1766.226 1751.953 1737.681 1729.206 1721.139 1713.072 1705.005 1700.0 1700.0 1700.0 1700.0 1700.0 1703.087 1706.829 1710.572 1714.314 1719.77 1729.857 1739.944 1750.032 1760.119 1767.436
1828.989 1834.524 1840.059 1848.335 1856.827 1865.318 1873.81 1880.282 1883.349 1886.417 1889.484 1892.551 1893.45 1893.865 1894.279 1894.694 1894.942 1894.723 1894.503 1894.284 1894.064 1892.205 1889.669 1887.133 1884.598 1881.682 1876.67 1871.657 1866.644 1861.632 1856.278 1850.696 1845.113 1839.531 1833.852 1826.074 1818.297 1810.519 1802.741 1791.785 1777.507 1763.229 1748.951 1734.673 1726.815 1719.409 1712.002 1704.595 1700.0 1700.0 1700.0 1700.0 1700.0 1702.511 1705.555 1708.6 1711.644 1716.17 1724.7 1733.23 1741.761 1750.291 1757.146
1837.097 1844.018 1850.938 1858.126 1865.334 1872.543 1879.751 1884.846 1886.378 1887.91 1889.441 1890.973 1891.174 1891.079 1890.984 1890.888 1890.76 1890.541 1890.321 1890.102 1889.882 1888.038 1885.524 1883.01 1880.495 1877.631 1872.833 1868.035 1863.237 1858.44 1853.272 1847.856 1842.44 1837.024 1831.498 1823.581 1815.664 1807.746 1799.829 1788.798 1774.515 1760.232 1745.949 1731.666 1724.424 1717.678 1710.932 1704.186 1700.0 1700.0 1700.0 1700.0 1700.0 1701.935 1704.282 1706.628 1708.974 1712.57 1719.543 1726.517 1733.49 1740.463 1746.855
1845.206 1853.512 1861.818 1867.917 1873.842 1879.767 1885.692 1889.41 1889.406 1889.402 1889.398 1889.395 1888.899 1888.293 1887.688 1887.082 1886.578 1886.359 1886.139 1885.92 1885.7 1883.871 1881.378 1878.886 1876.393 1873.58 1868.997 1864.414 1859.831 1855.247 1850.266 1845.016 1839.766 1834.517 1829.145 1821.088 1813.031 1804.974 1796.917 1785.812 1771.524 1757.235 1742.947 1728.658 1722.033 1715.948 1709.862 1703.776 1700.0 1700.0 1700.0 1700.0 1700.0 1701.36 1703.008 1704.656 1706.304 1708.97 1714.386 1719.803 1725.219 1730.635 1736.565
1853.315 1863.006 1872.697 1877.707 1882.349 1886.991 1891.633 1893.974 1892.435 1890.895 1889.356 1887.816 1886.623 1885.508 1884.392 1883.277 1882.396 1882.177 1881.957 1881.738 1881.518 1879.704 1877.233 1874.762 1872.291 1869.529 1865.16 1860.792 1856.424 1852.055 1847.259 1842.176 1837.093 1832.01 1826.791 1818.594 1810.398 1802.201 1794.005 1782.826 1768.532 1754.238 1739.944 1725.651 1719.642 1714.217 1708.792 1703.366 1700.0 1700.0 1700.0 1700.0 1700.0 1700.784 1701.734 1702.684 1703.635 1705.37 1709.229 1713.089 1716.948 1720.807 1726.274
