data/zism_data/00211_03_D.txt
ncols         224
nrows         224
[rows 28 to 55 of 224, columns 128 to 191 of 224]
4700.0 4700.0 4700.0 4700.0 4700.0 4700.0 4700.0 4700.0 4700.0 4700.0 4700.0 4700.0 4699.983 4699.893 4699.803 4699.712 4699.623 4699.543 4699.47 4699.396 4699.323 4699.251 4699.194 4699.138 4699.081 4699.024 4699.0 4699.0 4699.0 4699.0 4699.0 4699.0 4699.0 4699.0 4699.0 4699.0 4699.0 4699.0 4699.0 4699.0 4699.0 4699.0 4699.0 4699.0 4699.0 4699.0 4699.0 4699.0 4699.0 4699.0 4699.0 4699.0 4699.0 4699.0 4699.0 4699.0 4699.0 4699.0 4699.0 4699.0 4699.0 4699.0 4699.0 4699.0
4700.0 4700.0 4700.0 4700.0 4700.0 4700.0 4700.0 4700.0 4700.0 4700.0 4700.0 4700.0 4699.977 4699.854 4699.732 4699.609 4699.487 4699.396 4699.323 4699.249 4699.176 4699.108 4699.083 4699.059 4699.035 4699.01 4699.0 4699.0 4699.0 4699.0 4699.0 4699.0 4699.0 4699.0 4699.0 4699.0 4699.0 4699.0 4699.0 4699.0 4699.0 4699.0 4699.0 4699.0 4699.0 4699.0 4699.0 4699.0 4699.0 4699.0 4699.0 4699.0 4699.0 4699.0 4699.0 4699.0 4699.0 4699.0 4699.0 4699.0 4699.0 4699.0 4699.0 4699.0
4700.0 4700.0 4700.0 4700.0 4700.0 4700.0 4700.0 4700.0 4700.0 4700.0 4700.0 4700.0 4699.972 4699.825 4699.678 4699.532 4699.385 4699.286 4699.212 4699.139 4699.065 4699.0 4699.0 4699.0 4699.0 4699.0 4699.0 4699.0 4699.0 4699.0 4699.0 4699.0 4699.0 4699.0 4699.0 4699.0 4699.0 4699.0 4699.0 4699.0 4699.0 4699.0 4699.0 4699.0 4699.0 4699.0 4699.0 4699.0 4699.0 4699.0 4699.0 4699.0 4699.0 4699.0 4699.0 4699.0 4699.0 4699.0 4699.0 4699.0 4699.0 4699.0 4699.0 4699.0
4700.0 4700.0 4700.0 4700.0 4700.0 4700.0 4700.0 4700.0 4700.0 4700.0 4700.0 4700.0 4699.972 4699.825 4699.678 4699.532 4699.385 4699.286 4699.212 4699.139 4699.065 4699.0 4699.0 4699.0 4699.0 4699.0 4699.0 4699.0 4699.0 4699.0 4699.0 4699.0 4699.0 4699.0 4699.0 4699.0 4699.0 4699.0 4699.0 4699.0 4699.0 4699.0 4699.0 4699.0 4699.0 4699.0 4699.0 4699.0 4699.0 4699.0 4699.0 4699.0 4699.0 4699.0 4699.0 4699.0 4699.0 4699.0 4699.0 4699.0 4699.0 4699.0 4699.0 4699.0
4700.0 4700.0 4700.0 4700.0 4700.0 4700.0 4700.0 4700.0 4700.0 4700.0 4700.0 4700.0 4699.972 4699.825 4699.678 4699.532 4699.385 4699.286 4699.212 4699.139 4699.065 4699.0 4699.0 4699.0 4699.0 4699.0 4699.0 4699.0 4699.0 4699.0 4699.0 4699.0 4699.0 4699.0 4699.0 4699.0 4699.0 4699.0 4699.0 4699.0 4699.0 4699.0 4699.0 4699.0 4699.0 4699.0 4699.0 4699.0 4699.0 4699.0 4699.0 4699.0 4699.0 4699.0 4699.0 4699.0 4699.0 4699.0 4699.0 4699.0 4699.0 4699.0 4699.0 4699.0
4700.0 4700.0 4700.0 4700.0 4700.0 4700.0 4700.0 4700.0 4700.0 4700.0 4700.0 4700.0 4699.972 4699.825 4699.678 4699.532 4699.385 4699.286 4699.212 4699.139 4699.065 4699.0 4699.0 4699.0 4699.0 4699.0 4699.0 4699.0 4699.0 4699.0 4699.0 4699.0 4699.0 4699.0 4699.0 4699.0 4699.0 4699.0 4699.0 4699.0 4699.0 4699.0 4699.0 4699.0 4699.0 4699.0 4699.0 4699.0 4699.0 4699.0 4699.0 4699.0 4699.0 4699.0 4699.0 4699.0 4699.0 4699.0 4699.0 4699.0 4699.0 4699.0 4699.0 4699.0
4700.0 4700.0 4700.0 4700.0 4700.0 4700.0 4700.0 4700.0 4700.0 4700.0 4700.0 4700.0 4699.972 4699.825 4699.678 4699.532 4699.385 4699.286 4699.212 4699.139 4699.065 4699.0 4699.0 4699.0 4699.0 4699.0 4699.0 4699.0 4699.0 4699.0 4699.0 4699.0 4699.0 4699.0 4699.0 4699.0 4699.0 4699.0 4699.0 4699.0 4699.0 4699.0 4699.0 4699.0 4699.0 4699.0 4699.0 4699.0 4699.0 4699.0 4699.0 4699.0 4699.0 4699.0 4699.0 4699.0 4699.0 4699.0 4699.0 4699.0 4699.0 4699.0 4699.0 4699.0
4700.032 4700.02 4700.008 4700.0 4700.0 4700.0 4700.0 4700.0 4700.0 4700.0 4700.0 4700.0 4699.977 4699.853 4699.729 4699.605 4699.481 4699.382 4699.297 4699.212 4699.127 4699.052 4699.052 4699.052 4699.052 4699.052 4699.045 4699.034 4699.022 4699.011 4699.0 4699.0 4699.0 4699.0 4699.0 4699.0 4699.0 4699.0 4699.0 4699.0 4699.0 4699.0 4699.0 4699.0 4699.0 4699.0 4699.0 4699.0 4699.0 4699.0 4699.0 4699.0 4699.0 4699.0 4699.0 4699.0 4699.0 4699.0 4699.0 4699.0 4699.0 4699.0 4699.0 4699.0
4700.076 4700.048 4700.021 4700.0 4700.0 4700.0 4700.0 4700.0 4700.0 4700.0 4700.0 4700.0 4699.983 4699.891 4699.8 4699.708 4699.617 4699.519 4699.417 4699.316 4699.215 4699.125 4699.125 4699.125 4699.125 4699.125 4699.11 4699.082 4699.054 4699.026 4699.0 4699.0 4699.0 4699.0 4699.0 4699.0 4699.0 4699.0 4699.0 4699.0 4699.0 4699.0 4699.0 4699.0 4699.0 4699.0 4699.0 4699.0 4699.0 4699.0 4699.0 4699.0 4699.0 4699.0 4699.0 4699.0 4699.0 4699.0 4699.0 4699.0 4699.0 4699.0 4699.0 4699.0
4700.12 4700.076 4700.032 4700.0 4700.0 4700.0 4700.0 4700.0 4700.0 4700.0 4700.0 4700.0 4699.989 4699.93 4699.871 4699.812 4699.752 4699.655 4699.538 4699.42 4699.303 4699.199 4699.199 4699.199 4699.199 4699.199 4699.174 4699.13 4699.086 4699.042 4699.0 4699.0 4699.0 4699.0 4699.0 4699.0 4699.0 4699.0 4699.0 4699.0 4699.0 4699.0 4699.0 4699.0 4699.0 4699.0 4699.0 4699.0 4699.0 4699.0 4699.0 4699.0 4699.0 4699.0 4699.0 4699.0 4699.0 4699.0 4699.0 4699.0 4699.0 4699.0 4699.0 4699.0
4700.165 4700.104 4700.044 4700.0 4700.0 4700.0 4700.0 4700.0 4700.0 4700.0 4700.0 4700.0 4699.995 4699.968 4699.941 4699.915 4699.888 4699.792 4699.658 4699.524 4699.391 4699.273 4699.273 4699.273 4699.273 4699.273 4699.238 4699.178 4699.118 4699.058 4699.0 4699.0 4699.0 4699.0 4699.0 4699.0 4699.0 4699.0 4699.0 4699.0 4699.0 4699.0 4699.0 4699.0 4699.0 4699.0 4699.0 4699.0 4699.0 4699.0 4699.0 4699.0 4699.0 4699.0 4699.0 4699.0 4699.0 4699.0 4699.0 4699.0 4699.0 4699.0 4699.0 4699.0
4700.222 4700.146 4700.069 4700.012 4700.009 4700.006 4700.003 4700.001 4700.0 4700.0 4700.0 4700.0 4700.0 4700.0 4700.0 4700.0 4700.0 4699.908 4699.767 4699.625 4699.484 4699.359 4699.359 4699.359 4699.359 4699.359 4699.318 4699.248 4699.177 4699.106 4699.038 4699.029 4699.021 4699.013 4699.004 4699.0 4699.0 4699.0 4699.0 4699.0 4699.0 4699.0 4699.0 4699.0 4699.0 4699.0 4699.0 4699.0 4699.0 4699.0 4699.0 4699.0 4699.0 4699.0 4699.0 4699.0 4699.0 4699.0 4699.0 4699.0 4699.0 4699.0 4699.0 4699.0
4700.34 4700.247 4700.155 4700.082 4700.063 4700.043 4700.024 4700.005 4700.0 4700.0 4700.0 4700.0 4700.0 4700.0 4700.0 4700.0 4700.0 4699.929 4699.82 4699.711 4699.602 4699.506 4699.506 4699.506 4699.506 4699.506 4699.475 4699.42 4699.365 4699.311 4699.256 4699.199 4699.142 4699.085 4699.028 4699.0 4699.0 4699.0 4699.0 4699.0 4699.0 4699.0 4699.0 4699.0 4699.0 4699.0 4699.0 4699.0 4699.0 4699.0 4699.0 4699.0 4699.0 4699.0 4699.0 4699.0 4699.0 4699.0 4699.0 4699.0 4699.0 4699.0 4699.0 4699.0
4700.458 4700.349 4700.24 4700.15 4700.115 4700.08 4700.045 4700.01 4700.0 4700.0 4700.0 4700.0 4700.0 4700.0 4700.0 4700.0 4700.0 4699.95 4699.874 4699.797 4699.721 4699.653 4699.653 4699.653 4699.653 4699.653 4699.631 4699.592 4699.554 4699.516 4699.475 4699.369 4699.263 4699.158 4699.052 4699.0 4699.0 4699.0 4699.0 4699.0 4699.0 4699.0 4699.0 4699.0 4699.0 4699.0 4699.0 4699.0 4699.0 4699.0 4699.0 4699.0 4699.0 4699.0 4699.0 4699.0 4699.0 4699.0 4699.0 4699.0 4699.0 4699.0 4699.0 4699.0
4700.575 4700.451 4700.326 4700.22 4700.168 4700.117 4700.065 4700.014 4700.0 4700.0 4700.0 4700.0 4700.0 4700.0 4700.0 4700.0 4700.0 4699.971 4699.927 4699.883 4699.839 4699.8 4699.8 4699.8 4699.8 4699.8 4699.787 4699.765 4699.743 4699.721 4699.693 4699.539 4699.384 4699.23 4699.076 4699.0 4699.0 4699.0 4699.0 4699.0 4699.0 4699.0 4699.0 4699.0 4699.0 4699.0 4699.0 4699.0 4699.0 4699.0 4699.0 4699.0 4699.0 4699.0 4699.0 4699.0 4699.0 4699.0 4699.0 4699.0 4699.0 4699.0 4699.0 4699.0
4700.693 4700.552 4700.411 4700.289 4700.222 4700.154 4700.086 4700.019 4700.0 4700.0 4700.0 4700.0 4700.0 4700.0 4700.0 4700.0 4700.0 4699.992 4699.98 4699.969 4699.957 4699.947 4699.947 4699.947 4699.947 4699.947 4699.943 4699.938 4699.932 4699.926 4699.911 4699.708 4699.506 4699.303 4699.1 4699.0 4699.0 4699.0 4699.0 4699.0 4699.0 4699.0 4699.0 4699.0 4699.0 4699.0 4699.0 4699.0 4699.0 4699.0 4699.0 4699.0 4699.0 4699.0 4699.0 4699.0 4699.0 4699.0 4699.0 4699.0 4699.0 4699.0 4699.0 4699.0
4700.842 4700.702 4700.562 4700.436 4700.348 4700.261 4700.174 4700.086 4700.052 4700.039 4700.025 4700.011 4700.0 4700.0 4700.0 4700.0 4700.0 4700.0 4700.0 4700.0 4700.0 4700.002 4700.023 4700.044 4700.064 4700.085 4700.105 4700.126 4700.147 4700.167 4700.179 4699.982 4699.786 4699.59 4699.394 4699.274 4699.229 4699.185 4699.14 4699.095 4699.081 4699.066 4699.053 4699.039 4699.028 4699.021 4699.015 4699.008 4699.0 4699.0 4699.0 4699.0 4699.0 4699.0 4699.0 4699.0 4699.0 4699.0 4699.0 4699.0 4699.0 4699.0 4699.0 4699.0
4701.008 4700.879 4700.75 4700.626 4700.517 4700.408 4700.299 4700.19 4700.135 4700.1 4700.064 4700.029 4700.0 4700.0 4700.0 4700.0 4700.0 4700.0 4700.0 4700.0 4700.0 4700.006 4700.059 4700.112 4700.166 4700.218 4700.271 4700.325 4700.377 4700.431 4700.475 4700.316 4700.157 4699.999 4699.84 4699.704 4699.589 4699.474 4699.359 4699.244 4699.206 4699.171 4699.136 4699.1 4699.073 4699.055 4699.037 4699.02 4699.002 4699.0 4699.0 4699.0 4699.0 4699.0 4699.0 4699.0 4699.0 4699.0 4699.0 4699.0 4699.0 4699.0 4699.0 4699.0
4701.175 4701.056 4700.938 4700.816 4700.686 4700.555 4700.425 4700.294 4700.217 4700.16 4700.103 4700.046 4700.0 4700.0 4700.0 4700.0 4700.0 4700.0 4700.0 4700.0 4700.0 4700.01 4700.095 4700.181 4700.266 4700.352 4700.437 4700.522 4700.608 4700.694 4700.77 4700.649 4700.529 4700.408 4700.287 4700.134 4699.949 4699.763 4699.578 4699.393 4699.332 4699.275 4699.218 4699.161 4699.117 4699.088 4699.06 4699.031 4699.003 4699.0 4699.0 4699.0 4699.0 4699.0 4699.0 4699.0 4699.0 4699.0 4699.0 4699.0 4699.0 4699.0 4699.0 4699.0
4701.341 4701.233 4701.125 4701.006 4700.854 4700.702 4700.55 4700.398 4700.299 4700.221 4700.142 4700.064 4700.0 4700.0 4700.0 4700.0 4700.0 4700.0 4700.0 4700.0 4700.0 4700.014 4700.131 4700.25 4700.367 4700.485 4700.603 4700.721 4700.839 4700.957 4701.066 4700.983 4700.9 4700.817 4700.734 4700.563 4700.308 4700.053 4699.797 4699.542 4699.458 4699.38 4699.301 4699.223 4699.161 4699.122 4699.083 4699.043 4699.004 4699.0 4699.0 4699.0 4699.0 4699.0 4699.0 4699.0 4699.0 4699.0 4699.0 4699.0 4699.0 4699.0 4699.0 4699.0
4701.505 4701.411 4701.316 4701.203 4701.034 4700.864 4700.695 4700.526 4700.404 4700.3 4700.196 4700.092 4700.007 4700.005 4700.004 4700.002 4700.0 4700.002 4700.006 4700.01 4700.014 4700.036 4700.192 4700.348 4700.504 4700.661 4700.813 4700.963 4701.112 4701.262 4701.403 4701.354 4701.306 4701.256 4701.208 4701.021 4700.702 4700.382 4700.063 4699.743 4699.634 4699.531 4699.428 4699.325 4699.245 4699.193 4699.142 4699.091 4699.04 4699.029 4699.023 4699.017 4699.011 4699.007 4699.006 4699.005 4699.004 4699.002 4699.002 4699.001 4699.001 4699.0 4699.0 4699.0
4701.646 4701.59 4701.534 4701.454 4701.306 4701.158 4701.01 4700.863 4700.704 4700.541 4700.377 4700.213 4700.078 4700.06 4700.042 4700.024 4700.006 4700.027 4700.069 4700.11 4700.152 4700.218 4700.466 4700.714 4700.962 4701.21 4701.417 4701.593 4701.77 4701.947 4702.114 4702.065 4702.016 4701.967 4701.918 4701.726 4701.396 4701.065 4700.735 4700.404 4700.248 4700.096 4699.945 4699.793 4699.676 4699.604 4699.531 4699.458 4699.385 4699.319 4699.253 4699.188 4699.123 4699.077 4699.065 4699.053 4699.041 4699.029 4699.022 4699.016 4699.01 4699.004 4699.0 4699.0
4701.788 4701.769 4701.75 4701.704 4701.578 4701.452 4701.326 4701.2 4701.003 4700.781 4700.558 4700.335 4700.148 4700.114 4700.08 4700.046 4700.012 4700.052 4700.131 4700.21 4700.29 4700.4 4700.74 4701.08 4701.419 4701.759 4702.02 4702.224 4702.428 4702.631 4702.824 4702.775 4702.726 4702.677 4702.628 4702.431 4702.09 4701.749 4701.407 4701.066 4700.862 4700.662 4700.462 4700.262 4700.107 4700.013 4699.919 4699.825 4699.73 4699.608 4699.484 4699.359 4699.234 4699.146 4699.124 4699.101 4699.078 4699.056 4699.042 4699.031 4699.02 4699.008 4699.0 4699.0
4701.929 4701.948 4701.968 4701.955 4701.85 4701.746 4701.641 4701.537 4701.304 4701.021 4700.739 4700.457 4700.219 4700.168 4700.118 4700.068 4700.018 4700.077 4700.194 4700.311 4700.428 4700.582 4701.014 4701.445 4701.877 4702.309 4702.624 4702.854 4703.085 4703.316 4703.534 4703.485 4703.436 4703.387 4703.338 4703.135 4702.784 4702.432 4702.08 4701.728 4701.476 4701.228 4700.979 4700.73 4700.539 4700.423 4700.307 4700.191 4700.075 4699.898 4699.714 4699.53 4699.346 4699.216 4699.183 4699.149 4699.115 4699.082 4699.062 4699.045 4699.029 4699.012 4699.0 4699.0
4702.071 4702.128 4702.185 4702.206 4702.123 4702.04 4701.957 4701.874 4701.604 4701.262 4700.92 4700.579 4700.289 4700.223 4700.156 4700.089 4700.023 4700.101 4700.256 4700.411 4700.566 4700.764 4701.288 4701.811 4702.334 4702.858 4703.227 4703.485 4703.743 4704.0 4704.245 4704.196 4704.146 4704.098 4704.048 4703.84 4703.478 4703.115 4702.752 4702.39 4702.09 4701.793 4701.496 4701.199 4700.971 4700.833 4700.696 4700.558 4700.42 4700.188 4699.944 4699.701 4699.457 4699.286 4699.241 4699.197 4699.153 4699.108 4699.083 4699.06 4699.038 4699.016 4699.0 4699.0
4702.273 4702.356 4702.438 4702.483 4702.418 4702.354 4702.29 4702.226 4701.961 4701.622 4701.282 4700.941 4700.648 4700.557 4700.465 4700.373 4700.281 4700.371 4700.558 4700.745 4700.931 4701.162 4701.729 4702.295 4702.861 4703.428 4703.829 4704.111 4704.392 4704.674 4704.941 4704.898 4704.855 4704.813 4704.77 4704.562 4704.195 4703.827 4703.46 4703.092 4702.793 4702.497 4702.199 4701.902 4701.655 4701.471 4701.288 4701.104 4700.92 4700.632 4700.333 4700.032 4699.732 4699.516 4699.445 4699.375 4699.305 4699.234 4699.182 4699.133 4699.083 4699.035 4699.0 4699.0
4702.522 4702.622 4702.72 4702.781 4702.733 4702.685 4702.636 4702.588 4702.364 4702.073 4701.781 4701.49 4701.23 4701.106 4700.982 4700.857 4700.733 4700.83 4701.043 4701.257 4701.471 4701.726 4702.298 4702.87 4703.441 4704.013 4704.429 4704.732 4705.036 4705.339 4705.627 4705.596 4705.563 4705.531 4705.499 4705.297 4704.93 4704.562 4704.195 4703.827 4703.565 4703.306 4703.046 4702.787 4702.533 4702.284 4702.036 4701.788 4701.539 4701.196 4700.842 4700.488 4700.134 4699.869 4699.761 4699.653 4699.545 4699.437 4699.342 4699.25 4699.158 4699.065 4699.0 4699.0
4702.772 4702.887 4703.002 4703.079 4703.047 4703.015 4702.983 4702.951 4702.767 4702.524 4702.281 4702.039 4701.812 4701.655 4701.499 4701.342 4701.186 4701.288 4701.529 4701.77 4702.01 4702.29 4702.867 4703.444 4704.021 4704.599 4705.03 4705.354 4705.679 4706.004 4706.314 4706.292 4706.271 4706.25 4706.229 4706.032 4705.665 4705.297 4704.93 4704.562 4704.336 4704.115 4703.894 4703.672 4703.411 4703.098 4702.785 4702.471 4702.158 4701.76 4701.352 4700.944 4700.536 4700.223 4700.077 4699.931 4699.785 4699.639 4699.502 4699.367 4699.231 4699.096 4699.0 4699.0
