data/zism_data/00212_01_D.txt
ncols         224
nrows         224
[rows 0 to 27 of 224, columns 0 to 62 of 224]
1187.823 1178.251 1168.68 1159.109 1153.24 1147.426 1141.611 1135.797 1128.799 1120.265 1111.73 1103.195 1094.66 1087.918 1081.411 1074.904 1068.397 1060.897 1051.413 1041.928 1032.444 1022.959 1012.104 1000.868 989.6321 978.3961 967.757 959.0952 950.4333 941.7715 933.1097 931.38 932.8951 934.4103 935.9255 938.6562 949.4902 960.3242 971.1581 981.992 994.3236 1007.741 1021.158 1034.576 1047.859 1056.662 1065.465 1074.268 1083.07 1088.014 1088.749 1089.484 1090.218 1090.953 1088.782 1086.385 1083.987 1081.589 1081.023 1083.484 1085.946 1088.408 1090.869
1202.913 1195.456 1187.999 1180.542 1174.529 1168.537 1162.546 1156.554 1148.969 1139.313 1129.657 1120.0 1110.344 1103.282 1096.561 1089.839 1083.117 1075.144 1064.667 1054.189 1043.712 1033.235 1021.652 1009.761 997.8707 985.98 974.8096 966.0243 957.239 948.4537 939.6685 938.8095 941.6608 944.512 947.3632 951.4291 963.5938 975.7585 987.9232 1000.088 1012.394 1024.803 1037.211 1049.62 1061.907 1070.114 1078.321 1086.528 1094.735 1099.422 1100.27 1101.117 1101.965 1102.812 1100.411 1097.755 1095.1 1092.445 1091.315 1092.709 1094.103 1095.497 1096.891
1218.003 1212.659 1207.316 1201.973 1195.817 1189.648 1183.479 1177.311 1169.138 1158.361 1147.583 1136.805 1126.028 1118.646 1111.71 1104.773 1097.837 1089.39 1077.92 1066.45 1054.98 1043.511 1031.199 1018.654 1006.109 993.5637 981.8618 972.9531 964.0444 955.1358 946.2272 946.2388 950.426 954.6132 958.8004 964.2017 977.697 991.1923 1004.688 1018.183 1030.464 1041.864 1053.264 1064.664 1075.954 1083.565 1091.177 1098.788 1106.4 1110.83 1111.79 1112.75 1113.71 1114.67 1112.038 1109.126 1106.213 1103.3 1101.608 1101.934 1102.26 1102.586 1102.912
1233.093 1229.864 1226.635 1223.406 1217.105 1210.759 1204.414 1198.068 1189.308 1177.409 1165.51 1153.611 1141.712 1134.01 1126.859 1119.708 1112.557 1103.636 1091.174 1078.711 1066.249 1053.787 1040.747 1027.547 1014.347 1001.148 988.9143 979.8822 970.8502 961.8181 952.7861 953.6684 959.1917 964.7148 970.2381 976.9746 991.8007 1006.627 1021.453 1036.279 1048.534 1058.925 1069.317 1079.708 1090.001 1097.017 1104.033 1111.049 1118.065 1122.238 1123.311 1124.384 1125.457 1126.529 1123.667 1120.496 1117.326 1114.156 1111.9 1111.159 1110.417 1109.676 1108.934
1253.48 1249.721 1245.962 1242.203 1235.246 1228.243 1221.239 1214.235 1204.921 1192.604 1180.287 1167.969 1155.652 1145.792 1136.253 1126.714 1117.175 1106.416 1093.215 1080.014 1066.813 1053.612 1040.669 1027.798 1014.927 1002.056 990.2639 982.0443 973.8247 965.6051 957.3856 958.9435 965.0782 971.213 977.3477 984.7454 1000.564 1016.382 1032.2 1048.018 1060.63 1070.917 1081.203 1091.49 1101.667 1108.156 1114.645 1121.134 1127.624 1131.662 1133.027 1134.392 1135.758 1137.123 1134.606 1131.786 1128.967 1126.147 1123.951 1122.787 1121.623 1120.458 1119.294
1273.945 1269.618 1265.29 1260.962 1253.341 1245.672 1238.003 1230.334 1220.467 1207.742 1195.017 1182.292 1169.567 1157.52 1145.562 1133.603 1121.645 1109.027 1095.091 1081.155 1067.219 1053.283 1040.449 1027.922 1015.394 1002.867 991.5297 984.1364 976.743 969.3496 961.9563 964.187 970.9226 977.6582 984.3938 992.4427 1009.248 1026.054 1042.859 1059.664 1072.638 1082.833 1093.029 1103.225 1113.298 1119.261 1125.224 1131.188 1137.151 1141.057 1142.717 1144.377 1146.037 1147.698 1145.536 1143.076 1140.615 1138.155 1136.027 1134.45 1132.873 1131.296 1129.718
1294.411 1289.515 1284.618 1279.722 1271.437 1263.103 1254.768 1246.434 1236.013 1222.881 1209.748 1196.615 1183.483 1169.249 1154.871 1140.493 1126.115 1111.639 1096.968 1082.297 1067.625 1052.954 1040.229 1028.045 1015.861 1003.677 992.7955 986.2285 979.6614 973.0942 966.5272 969.4307 976.7672 984.1036 991.4401 1000.14 1017.933 1035.726 1053.518 1071.311 1084.646 1094.751 1104.855 1114.96 1124.929 1130.366 1135.804 1141.242 1146.679 1150.451 1152.407 1154.362 1156.317 1158.273 1156.466 1154.365 1152.264 1150.163 1148.104 1146.114 1144.123 1142.133 1140.143
1314.876 1309.411 1303.946 1298.481 1289.532 1280.532 1271.533 1262.533 1251.559 1238.019 1224.478 1210.938 1197.398 1180.978 1164.18 1147.382 1130.584 1114.25 1098.844 1083.438 1068.032 1052.626 1040.01 1028.169 1016.328 1004.488 994.0613 988.3205 982.5797 976.8388 971.098 974.6741 982.6115 990.5488 998.4862 1007.838 1026.618 1045.397 1064.177 1082.957 1096.655 1106.668 1116.681 1126.694 1136.56 1141.471 1146.383 1151.295 1156.207 1159.846 1162.096 1164.347 1166.597 1168.848 1167.395 1165.654 1163.913 1162.171 1160.18 1157.777 1155.373 1152.97 1150.567
1329.665 1323.391 1317.117 1310.843 1300.969 1291.043 1281.117 1271.191 1259.366 1245.075 1230.784 1216.493 1202.202 1184.505 1166.36 1148.215 1130.071 1112.797 1097.265 1081.732 1066.2 1050.668 1038.461 1027.178 1015.896 1004.613 994.7914 989.8091 984.8269 979.8447 974.8624 978.7498 986.7888 994.8278 1002.867 1012.397 1031.868 1051.339 1070.809 1090.28 1104.567 1115.095 1125.624 1136.152 1146.513 1151.237 1155.961 1160.686 1165.41 1169.095 1171.648 1174.2 1176.753 1179.305 1178.421 1177.267 1176.114 1174.961 1173.346 1170.968 1168.59 1166.212 1163.834
1337.074 1329.678 1322.283 1314.887 1303.75 1292.558 1281.365 1270.173 1257.113 1241.625 1226.138 1210.65 1195.163 1177.369 1159.273 1141.177 1123.08 1106.061 1091.193 1076.326 1061.459 1046.592 1035.185 1024.74 1014.294 1003.848 994.8248 990.5132 986.2016 981.89 977.5784 981.3068 988.7986 996.2904 1003.782 1012.876 1032.653 1052.429 1072.206 1091.983 1107.154 1118.986 1130.818 1142.651 1154.284 1159.26 1164.237 1169.213 1174.19 1178.156 1181.019 1183.883 1186.747 1189.61 1189.569 1189.301 1189.033 1188.765 1187.926 1186.144 1184.361 1182.579 1180.797
1344.483 1335.966 1327.449 1318.932 1306.531 1294.072 1281.614 1269.155 1254.859 1238.175 1221.491 1204.807 1188.123 1170.234 1152.186 1134.137 1116.09 1099.324 1085.122 1070.92 1056.718 1042.516 1031.909 1022.301 1012.692 1003.083 994.8582 991.2173 987.5764 983.9354 980.2945 983.864 990.8085 997.7531 1004.698 1013.356 1033.438 1053.521 1073.603 1093.685 1109.741 1122.877 1136.013 1149.149 1162.056 1167.284 1172.513 1177.741 1182.97 1187.216 1190.391 1193.566 1196.741 1199.916 1200.719 1201.336 1201.953 1202.57 1202.507 1201.32 1200.134 1198.947 1197.76
1351.891 1342.253 1332.615 1322.977 1309.312 1295.587 1281.862 1268.137 1252.606 1234.725 1216.845 1198.964 1181.084 1163.098 1145.098 1127.099 1109.099 1092.587 1079.05 1065.514 1051.977 1038.441 1028.633 1019.862 1011.09 1002.318 994.8916 991.9213 988.951 985.9808 983.0105 986.421 992.8183 999.2156 1005.613 1013.835 1034.223 1054.612 1075.0 1095.388 1112.328 1126.768 1141.207 1155.647 1169.827 1175.308 1180.789 1186.269 1191.75 1196.277 1199.763 1203.249 1206.735 1210.221 1211.867 1213.37 1214.872 1216.374 1217.088 1216.496 1215.905 1215.314 1214.722
1359.3 1348.541 1337.781 1327.022 1312.093 1297.102 1282.111 1267.12 1250.352 1231.275 1212.198 1193.121 1174.045 1155.963 1138.011 1120.06 1102.108 1085.85 1072.979 1060.108 1047.236 1034.365 1025.357 1017.422 1009.488 1001.553 994.925 992.6254 990.3258 988.0262 985.7266 988.9781 994.8282 1000.678 1006.528 1014.314 1035.009 1055.703 1076.397 1097.091 1114.915 1130.658 1146.402 1162.145 1177.599 1183.332 1189.064 1194.797 1200.53 1205.337 1209.135 1212.932 1216.729 1220.526 1223.016 1225.404 1227.792 1230.179 1231.669 1231.673 1231.677 1231.681 1231.685
1358.002 1346.089 1334.174 1322.261 1306.651 1290.986 1275.322 1259.658 1243.06 1225.248 1207.437 1189.625 1171.814 1155.51 1139.405 1123.3 1107.194 1092.188 1079.38 1066.571 1053.763 1040.954 1031.721 1023.48 1015.239 1006.998 999.9954 997.0952 994.1951 991.2949 988.3948 991.0756 996.3689 1001.662 1006.955 1014.189 1034.359 1054.529 1074.698 1094.868 1113.129 1130.005 1146.882 1163.759 1180.338 1186.978 1193.618 1200.257 1206.897 1212.514 1217.017 1221.519 1226.021 1230.523 1233.942 1237.277 1240.612 1243.946 1246.227 1246.765 1247.303 1247.841 1248.379
1355.563 1342.49 1329.417 1316.344 1300.13 1283.871 1267.611 1251.351 1235.107 1218.884 1202.66 1186.437 1170.214 1155.935 1141.911 1127.888 1113.864 1100.24 1087.416 1074.591 1061.767 1048.942 1039.348 1030.651 1021.954 1013.257 1005.726 1002.059 998.3915 994.7241 991.0567 993.1128 997.8481 1002.583 1007.319 1013.984 1033.521 1053.058 1072.594 1092.131 1110.769 1128.757 1146.744 1164.731 1182.418 1190.05 1197.683 1205.315 1212.947 1219.444 1224.703 1229.962 1235.22 1240.479 1244.839 1249.129 1253.418 1257.708 1260.782 1261.846 1262.91 1263.974 1265.038
1353.123 1338.891 1324.659 1310.428 1293.61 1276.755 1259.899 1243.044 1227.154 1212.519 1197.884 1183.248 1168.613 1156.359 1144.417 1132.476 1120.534 1108.292 1095.452 1082.611 1069.771 1056.93 1046.976 1037.823 1028.669 1019.516 1011.457 1007.023 1002.588 998.1534 993.7187 995.1501 999.3273 1003.505 1007.682 1013.78 1032.683 1051.587 1070.49 1089.394 1108.41 1127.508 1146.606 1165.704 1184.498 1193.123 1201.748 1210.373 1218.998 1226.375 1232.39 1238.405 1244.42 1250.436 1255.736 1260.981 1266.226 1271.471 1275.338 1276.928 1278.517 1280.107 1281.697
1350.683 1335.293 1319.902 1304.511 1287.09 1269.639 1252.188 1234.737 1219.201 1206.154 1193.107 1180.06 1167.013 1156.784 1146.924 1137.064 1127.204 1116.345 1103.488 1090.631 1077.775 1064.918 1054.603 1044.994 1035.385 1025.776 1017.188 1011.986 1006.784 1001.583 996.3806 997.1873 1000.807 1004.426 1008.045 1013.575 1031.846 1050.116 1068.386 1086.657 1106.051 1126.259 1146.468 1166.676 1186.578 1196.195 1205.813 1215.431 1225.048 1233.305 1240.076 1246.848 1253.62 1260.392 1266.633 1272.833 1279.033 1285.233 1289.893 1292.009 1294.124 1296.24 1298.355
1347.09 1331.182 1315.274 1299.367 1282.074 1264.76 1247.447 1230.134 1215.45 1204.184 1192.919 1181.653 1170.388 1161.823 1153.611 1145.4 1137.189 1127.277 1113.963 1100.648 1087.334 1074.019 1063.162 1052.988 1042.814 1032.639 1023.416 1017.343 1011.27 1005.197 999.1245 999.2344 1002.238 1005.242 1008.246 1013.148 1030.703 1048.258 1065.813 1083.368 1103.068 1124.323 1145.578 1166.833 1187.781 1198.488 1209.195 1219.902 1230.609 1239.774 1247.257 1254.741 1262.225 1269.708 1276.705 1283.663 1290.621 1297.579 1302.904 1305.527 1308.151 1310.774 1313.398
1341.188 1326.047 1310.907 1295.767 1280.066 1264.357 1248.647 1232.938 1220.104 1211.006 1201.907 1192.809 1183.711 1176.09 1168.662 1161.234 1153.807 1143.97 1129.314 1114.658 1100.002 1085.347 1073.585 1062.627 1051.67 1040.712 1030.637 1023.486 1016.334 1009.183 1002.032 1001.301 1003.575 1005.85 1008.124 1012.277 1028.952 1045.627 1062.302 1078.977 1098.839 1121.011 1143.183 1165.356 1187.233 1199.222 1211.211 1223.2 1235.189 1245.321 1253.427 1261.533 1269.639 1277.745 1285.124 1292.447 1299.77 1307.093 1312.823 1315.919 1319.014 1322.11 1325.206
1335.286 1320.913 1306.54 1292.167 1278.058 1263.953 1249.848 1235.743 1224.758 1217.827 1210.896 1203.966 1197.036 1190.358 1183.713 1177.069 1170.424 1160.662 1144.665 1128.668 1112.671 1096.674 1084.008 1072.267 1060.526 1048.785 1037.858 1029.629 1021.399 1013.169 1004.939 1003.368 1004.912 1006.457 1008.002 1011.405 1027.2 1042.995 1058.791 1074.586 1094.609 1117.699 1140.789 1163.879 1186.684 1199.955 1213.227 1226.498 1239.769 1250.868 1259.596 1268.324 1277.053 1285.781 1293.544 1301.232 1308.92 1316.608 1322.743 1326.311 1329.879 1333.446 1337.014
1329.384 1315.778 1302.172 1288.566 1276.05 1263.549 1251.048 1238.548 1229.411 1224.648 1219.885 1215.122 1210.359 1204.625 1198.764 1192.903 1187.042 1177.355 1160.016 1142.678 1125.34 1108.001 1094.431 1081.906 1069.382 1056.858 1045.079 1035.771 1026.463 1017.155 1007.847 1005.434 1006.249 1007.064 1007.879 1010.533 1025.449 1040.364 1055.279 1070.194 1090.38 1114.388 1138.395 1162.402 1186.135 1200.689 1215.242 1229.796 1244.349 1256.415 1265.765 1275.116 1284.467 1293.818 1301.964 1310.017 1318.069 1326.122 1332.663 1336.703 1340.742 1344.782 1348.822
1323.482 1310.644 1297.805 1284.966 1274.042 1263.145 1252.249 1241.352 1234.065 1231.47 1228.874 1226.279 1223.683 1218.893 1213.815 1208.737 1203.66 1194.048 1175.368 1156.688 1138.009 1119.329 1104.854 1091.546 1078.238 1064.931 1052.301 1041.914 1031.527 1021.141 1010.754 1007.501 1007.586 1007.672 1007.757 1009.662 1023.697 1037.733 1051.768 1065.803 1086.151 1111.076 1136.001 1160.925 1185.586 1201.422 1217.258 1233.094 1248.93 1261.962 1271.935 1281.908 1291.881 1301.854 1310.384 1318.802 1327.219 1335.637 1342.583 1347.094 1351.607 1356.119 1360.63
1328.14 1316.349 1304.559 1292.769 1283.346 1273.957 1264.568 1255.179 1248.717 1246.06 1243.402 1240.745 1238.087 1232.531 1226.594 1220.658 1214.722 1204.218 1184.579 1164.94 1145.301 1125.663 1110.487 1096.552 1082.616 1068.68 1055.544 1045.053 1034.562 1024.071 1013.581 1010.266 1010.31 1010.354 1010.399 1012.184 1025.579 1038.974 1052.369 1065.764 1085.318 1109.338 1133.358 1157.377 1181.181 1197.74 1214.3 1230.86 1247.419 1261.348 1272.405 1283.462 1294.52 1305.577 1315.104 1324.512 1333.92 1343.328 1351.154 1356.365 1361.576 1366.787 1371.998
1335.73 1325.067 1314.403 1303.74 1295.792 1287.884 1279.976 1272.068 1266.146 1262.807 1259.469 1256.13 1252.791 1245.994 1238.743 1231.492 1224.241 1212.577 1192.085 1171.593 1151.101 1130.609 1114.791 1100.27 1085.75 1071.229 1057.682 1047.358 1037.033 1026.708 1016.384 1013.225 1013.419 1013.614 1013.808 1015.649 1028.47 1041.291 1054.112 1066.933 1085.428 1108.036 1130.645 1153.254 1175.704 1192.832 1209.961 1227.089 1244.217 1259.022 1271.292 1283.562 1295.832 1308.102 1318.797 1329.369 1339.941 1350.513 1359.352 1365.325 1371.297 1377.27 1383.243
1343.321 1333.784 1324.247 1314.71 1308.238 1301.811 1295.384 1288.957 1283.576 1279.556 1275.536 1271.515 1267.495 1259.457 1250.891 1242.326 1233.761 1220.936 1199.591 1178.246 1156.901 1135.556 1119.094 1103.989 1088.884 1073.778 1059.82 1049.662 1039.504 1029.346 1019.188 1016.184 1016.528 1016.873 1017.218 1019.115 1031.362 1043.608 1055.855 1068.102 1085.537 1106.735 1127.933 1149.131 1170.227 1187.924 1205.621 1223.318 1241.015 1256.697 1270.179 1283.661 1297.144 1310.626 1322.489 1334.226 1345.962 1357.698 1367.55 1374.284 1381.019 1387.754 1394.488
1350.911 1342.501 1334.091 1325.681 1320.684 1315.738 1310.792 1305.845 1301.005 1296.304 1291.602 1286.9 1282.199 1272.919 1263.04 1253.16 1243.28 1229.294 1207.096 1184.898 1162.7 1140.502 1123.398 1107.708 1092.017 1076.327 1061.959 1051.967 1041.975 1031.983 1021.991 1019.143 1019.637 1020.132 1020.627 1022.58 1034.253 1045.926 1057.598 1069.271 1085.647 1105.434 1125.221 1145.008 1164.75 1183.016 1201.282 1219.547 1237.813 1254.371 1269.066 1283.761 1298.456 1313.151 1326.182 1339.082 1351.983 1364.883 1375.748 1383.244 1390.74 1398.237 1405.733
1360.249 1352.662 1345.075 1337.489 1333.416 1329.396 1325.376 1321.355 1316.706 1311.238 1305.77 1300.303 1294.835 1284.385 1273.282 1262.178 1251.075 1236.04 1213.143 1190.247 1167.35 1144.453 1126.887 1110.801 1094.715 1078.629 1064.021 1054.308 1044.594 1034.88 1025.167 1022.465 1023.046 1023.626 1024.207 1026.146 1037.146 1048.147 1059.147 1070.147 1085.385 1103.696 1122.007 1140.318 1158.642 1177.385 1196.129 1214.873 1233.616 1250.945 1266.729 1282.514 1298.298 1314.082 1328.328 1342.454 1356.58 1370.706 1382.679 1391.091 1399.504 1407.916 1416.329
1375.376 1367.607 1359.837 1352.068 1347.094 1342.162 1337.229 1332.297 1326.677 1320.163 1313.649 1307.135 1300.621 1289.234 1277.208 1265.181 1253.155 1237.443 1214.358 1191.273 1168.189 1145.104 1127.678 1111.823 1095.967 1080.112 1065.832 1056.768 1047.703 1038.639 1029.575 1026.992 1027.444 1027.896 1028.347 1030.045 1040.047 1050.049 1060.052 1070.054 1083.893 1100.514 1117.135 1133.756 1150.443 1169.364 1188.284 1207.205 1226.126 1243.872 1260.338 1276.804 1293.27 1309.735 1325.355 1340.908 1356.461 1372.014 1385.414 1395.254 1405.094 1414.933 1424.773
