data/zism_data/00219_01_D.txt
ncols         224
nrows         224
[rows 168 to 195 of 224, columns 0 to 62 of 224]
1428.571 1428.929 1429.286 1429.644 1429.908 1429.922 1429.936 1429.95 1429.964 1430.138 1430.368 1430.598 1430.828 1431.06 1431.298 1431.537 1431.775 1432.014 1432.351 1432.737 1433.124 1433.51 1433.917 1434.466 1435.014 1435.563 1436.111 1436.645 1437.168 1437.692 1438.216 1438.743 1439.322 1439.9 1440.478 1441.057 1441.625 1442.185 1442.744 1443.304 1443.863 1444.107 1444.346 1444.586 1444.825 1444.968 1444.993 1445.017 1445.042 1445.066 1445.07 1445.071 1445.073 1445.075 1445.074 1445.069 1445.064 1445.06 1445.055 1445.123 1445.205 1445.287 1445.37
1428.996 1429.36 1429.723 1430.087 1430.352 1430.358 1430.363 1430.369 1430.375 1430.535 1430.75 1430.964 1431.179 1431.39 1431.587 1431.783 1431.98 1432.177 1432.49 1432.861 1433.232 1433.603 1433.996 1434.53 1435.065 1435.599 1436.134 1436.654 1437.164 1437.675 1438.186 1438.701 1439.289 1439.876 1440.464 1441.052 1441.637 1442.219 1442.802 1443.384 1443.966 1444.195 1444.42 1444.644 1444.868 1445.004 1445.031 1445.059 1445.087 1445.114 1445.164 1445.215 1445.267 1445.318 1445.35 1445.35 1445.35 1445.35 1445.35 1445.391 1445.438 1445.486 1445.534
1429.262 1429.593 1429.925 1430.256 1430.511 1430.565 1430.619 1430.673 1430.727 1430.864 1431.03 1431.197 1431.364 1431.537 1431.739 1431.941 1432.143 1432.345 1432.681 1433.085 1433.488 1433.891 1434.307 1434.804 1435.301 1435.798 1436.295 1436.781 1437.259 1437.737 1438.216 1438.701 1439.289 1439.876 1440.464 1441.052 1441.612 1442.146 1442.68 1443.214 1443.748 1444.008 1444.265 1444.521 1444.777 1444.943 1444.997 1445.052 1445.106 1445.161 1445.232 1445.305 1445.378 1445.451 1445.496 1445.496 1445.496 1445.496 1445.496 1445.527 1445.564 1445.601 1445.638
1429.527 1429.827 1430.126 1430.425 1430.67 1430.772 1430.875 1430.977 1431.079 1431.193 1431.311 1431.43 1431.548 1431.684 1431.892 1432.099 1432.306 1432.513 1432.873 1433.308 1433.744 1434.179 1434.618 1435.077 1435.537 1435.996 1436.456 1436.907 1437.354 1437.8 1438.246 1438.701 1439.289 1439.876 1440.464 1441.052 1441.587 1442.073 1442.558 1443.044 1443.53 1443.821 1444.11 1444.398 1444.687 1444.882 1444.963 1445.045 1445.126 1445.207 1445.3 1445.395 1445.489 1445.583 1445.642 1445.642 1445.642 1445.642 1445.642 1445.664 1445.691 1445.717 1445.743
1429.793 1430.06 1430.327 1430.594 1430.829 1430.98 1431.13 1431.281 1431.431 1431.522 1431.592 1431.662 1431.732 1431.831 1432.044 1432.257 1432.469 1432.682 1433.065 1433.532 1434.0 1434.468 1434.929 1435.351 1435.773 1436.195 1436.617 1437.034 1437.448 1437.862 1438.276 1438.701 1439.289 1439.876 1440.464 1441.052 1441.562 1441.999 1442.437 1442.874 1443.312 1443.634 1443.955 1444.275 1444.596 1444.821 1444.929 1445.037 1445.145 1445.253 1445.368 1445.484 1445.6 1445.716 1445.788 1445.788 1445.788 1445.788 1445.788 1445.801 1445.817 1445.832 1445.848
1430.059 1430.294 1430.529 1430.764 1430.989 1431.187 1431.386 1431.584 1431.783 1431.851 1431.873 1431.895 1431.917 1431.978 1432.196 1432.414 1432.632 1432.85 1433.256 1433.756 1434.256 1434.756 1435.24 1435.625 1436.009 1436.394 1436.778 1437.161 1437.543 1437.925 1438.307 1438.701 1439.289 1439.876 1440.464 1441.052 1441.536 1441.926 1442.315 1442.704 1443.093 1443.447 1443.8 1444.152 1444.505 1444.76 1444.895 1445.03 1445.165 1445.3 1445.437 1445.574 1445.711 1445.848 1445.934 1445.934 1445.934 1445.934 1445.934 1445.938 1445.943 1445.948 1445.953
1430.292 1430.503 1430.715 1430.927 1431.136 1431.339 1431.541 1431.744 1431.947 1432.02 1432.046 1432.072 1432.099 1432.166 1432.396 1432.625 1432.854 1433.083 1433.491 1433.988 1434.484 1434.981 1435.461 1435.829 1436.196 1436.563 1436.931 1437.291 1437.647 1438.003 1438.358 1438.727 1439.309 1439.891 1440.473 1441.055 1441.539 1441.933 1442.326 1442.72 1443.114 1443.465 1443.814 1444.164 1444.514 1444.777 1444.932 1445.088 1445.244 1445.4 1445.531 1445.661 1445.79 1445.919 1446.0 1446.0 1446.0 1446.0 1446.0 1446.0 1446.0 1446.0 1446.0
1430.497 1430.693 1430.889 1431.084 1431.273 1431.443 1431.614 1431.785 1431.955 1432.055 1432.13 1432.204 1432.279 1432.388 1432.634 1432.879 1433.124 1433.37 1433.761 1434.226 1434.691 1435.155 1435.607 1435.974 1436.342 1436.709 1437.077 1437.424 1437.759 1438.093 1438.427 1438.775 1439.346 1439.918 1440.489 1441.06 1441.564 1442.006 1442.448 1442.89 1443.332 1443.652 1443.969 1444.287 1444.605 1444.857 1445.029 1445.2 1445.372 1445.544 1445.648 1445.745 1445.842 1445.939 1446.0 1446.0 1446.0 1446.0 1446.0 1446.0 1446.0 1446.0 1446.0
1430.703 1430.883 1431.062 1431.242 1431.41 1431.548 1431.687 1431.825 1431.964 1432.091 1432.214 1432.337 1432.46 1432.611 1432.872 1433.133 1433.395 1433.656 1434.032 1434.464 1434.896 1435.329 1435.753 1436.12 1436.488 1436.855 1437.223 1437.557 1437.87 1438.183 1438.496 1438.823 1439.384 1439.944 1440.505 1441.065 1441.589 1442.079 1442.57 1443.06 1443.55 1443.839 1444.124 1444.41 1444.695 1444.937 1445.125 1445.313 1445.501 1445.689 1445.764 1445.829 1445.894 1445.959 1446.0 1446.0 1446.0 1446.0 1446.0 1446.0 1446.0 1446.0 1446.0
1430.909 1431.072 1431.236 1431.399 1431.547 1431.653 1431.76 1431.866 1431.972 1432.126 1432.298 1432.469 1432.64 1432.833 1433.11 1433.388 1433.665 1433.943 1434.302 1434.702 1435.103 1435.503 1435.899 1436.266 1436.634 1437.001 1437.368 1437.691 1437.982 1438.273 1438.565 1438.871 1439.421 1439.971 1440.521 1441.07 1441.614 1442.153 1442.691 1443.23 1443.769 1444.026 1444.279 1444.533 1444.786 1445.017 1445.221 1445.425 1445.629 1445.833 1445.881 1445.914 1445.947 1445.979 1446.0 1446.0 1446.0 1446.0 1446.0 1446.0 1446.0 1446.0 1446.0
1431.115 1431.262 1431.409 1431.557 1431.684 1431.758 1431.832 1431.906 1431.981 1432.162 1432.382 1432.601 1432.82 1433.055 1433.348 1433.642 1433.935 1434.229 1434.572 1434.94 1435.309 1435.677 1436.045 1436.412 1436.78 1437.147 1437.514 1437.824 1438.094 1438.364 1438.634 1438.919 1439.458 1439.997 1440.536 1441.076 1441.64 1442.226 1442.813 1443.4 1443.987 1444.213 1444.434 1444.656 1444.877 1445.097 1445.317 1445.537 1445.758 1445.978 1445.997 1445.998 1445.999 1446.0 1446.0 1446.0 1446.0 1446.0 1446.0 1446.0 1446.0 1446.0 1446.0
1431.165 1431.281 1431.396 1431.512 1431.63 1431.756 1431.882 1432.008 1432.134 1432.372 1432.65 1432.928 1433.206 1433.492 1433.807 1434.122 1434.437 1434.752 1435.073 1435.399 1435.724 1436.05 1436.375 1436.701 1437.026 1437.352 1437.677 1437.979 1438.264 1438.549 1438.834 1439.132 1439.64 1440.147 1440.655 1441.162 1441.687 1442.228 1442.768 1443.309 1443.849 1444.095 1444.337 1444.578 1444.819 1445.056 1445.287 1445.518 1445.749 1445.98 1446.0 1446.0 1446.0 1446.0 1446.0 1446.0 1446.0 1446.0 1446.0 1446.013 1446.029 1446.045 1446.06
1431.212 1431.295 1431.379 1431.462 1431.572 1431.751 1431.931 1432.11 1432.29 1432.586 1432.923 1433.26 1433.597 1433.934 1434.27 1434.607 1434.943 1435.279 1435.58 1435.863 1436.145 1436.428 1436.71 1436.993 1437.275 1437.558 1437.841 1438.134 1438.436 1438.737 1439.038 1439.349 1439.825 1440.3 1440.775 1441.25 1441.735 1442.227 1442.719 1443.212 1443.704 1443.97 1444.233 1444.496 1444.759 1445.012 1445.254 1445.496 1445.737 1445.979 1446.0 1446.0 1446.0 1446.0 1446.0 1446.0 1446.0 1446.0 1446.0 1446.027 1446.059 1446.09 1446.122
1431.259 1431.31 1431.361 1431.412 1431.514 1431.747 1431.98 1432.213 1432.446 1432.8 1433.196 1433.592 1433.988 1434.376 1434.734 1435.092 1435.449 1435.807 1436.086 1436.326 1436.566 1436.805 1437.045 1437.285 1437.525 1437.764 1438.004 1438.29 1438.607 1438.924 1439.242 1439.566 1440.009 1440.453 1440.896 1441.339 1441.782 1442.227 1442.671 1443.115 1443.559 1443.846 1444.13 1444.414 1444.699 1444.969 1445.221 1445.473 1445.726 1445.978 1446.0 1446.0 1446.0 1446.0 1446.0 1446.0 1446.0 1446.0 1446.0 1446.04 1446.088 1446.136 1446.184
1431.306 1431.325 1431.344 1431.363 1431.455 1431.742 1432.029 1432.316 1432.602 1433.014 1433.469 1433.924 1434.379 1434.818 1435.198 1435.577 1435.956 1436.335 1436.593 1436.79 1436.986 1437.183 1437.38 1437.577 1437.774 1437.97 1438.167 1438.445 1438.779 1439.112 1439.445 1439.783 1440.194 1440.605 1441.016 1441.427 1441.83 1442.226 1442.622 1443.018 1443.414 1443.721 1444.027 1444.332 1444.638 1444.925 1445.188 1445.451 1445.714 1445.977 1446.0 1446.0 1446.0 1446.0 1446.0 1446.0 1446.0 1446.0 1446.0 1446.054 1446.118 1446.182 1446.246
1431.498 1431.518 1431.538 1431.558 1431.668 1432.017 1432.366 1432.715 1433.064 1433.529 1434.034 1434.539 1435.045 1435.516 1435.853 1436.19 1436.527 1436.864 1437.081 1437.237 1437.393 1437.549 1437.705 1437.861 1438.017 1438.173 1438.33 1438.61 1438.975 1439.339 1439.704 1440.069 1440.439 1440.809 1441.179 1441.549 1441.918 1442.286 1442.653 1443.02 1443.388 1443.698 1444.008 1444.318 1444.627 1444.917 1445.182 1445.447 1445.712 1445.977 1446.0 1446.0 1446.0 1446.0 1446.0 1446.0 1446.0 1446.0 1446.0 1446.062 1446.135 1446.209 1446.282
1431.902 1431.97 1432.038 1432.106 1432.272 1432.696 1433.121 1433.545 1433.969 1434.481 1435.023 1435.566 1436.109 1436.583 1436.786 1436.989 1437.192 1437.395 1437.542 1437.661 1437.779 1437.898 1438.016 1438.135 1438.254 1438.372 1438.491 1438.787 1439.206 1439.624 1440.043 1440.455 1440.772 1441.088 1441.405 1441.721 1442.064 1442.431 1442.799 1443.166 1443.534 1443.823 1444.111 1444.399 1444.688 1444.961 1445.215 1445.469 1445.724 1445.978 1446.0 1446.0 1446.0 1446.0 1446.0 1446.0 1446.0 1446.0 1446.0 1446.062 1446.135 1446.209 1446.282
1432.306 1432.422 1432.539 1432.655 1432.877 1433.376 1433.875 1434.374 1434.873 1435.432 1436.013 1436.593 1437.173 1437.65 1437.719 1437.788 1437.857 1437.926 1438.003 1438.084 1438.165 1438.246 1438.328 1438.409 1438.49 1438.571 1438.652 1438.965 1439.437 1439.909 1440.381 1440.841 1441.104 1441.367 1441.63 1441.892 1442.21 1442.577 1442.945 1443.312 1443.679 1443.948 1444.214 1444.481 1444.748 1445.004 1445.248 1445.492 1445.735 1445.979 1446.0 1446.0 1446.0 1446.0 1446.0 1446.0 1446.0 1446.0 1446.0 1446.062 1446.135 1446.209 1446.282
1432.71 1432.875 1433.039 1433.203 1433.481 1434.055 1434.629 1435.204 1435.778 1436.384 1437.002 1437.62 1438.238 1438.717 1438.652 1438.587 1438.522 1438.457 1438.465 1438.508 1438.552 1438.595 1438.639 1438.682 1438.726 1438.769 1438.813 1439.143 1439.669 1440.194 1440.72 1441.227 1441.436 1441.646 1441.855 1442.064 1442.356 1442.723 1443.091 1443.458 1443.825 1444.073 1444.318 1444.563 1444.808 1445.048 1445.281 1445.514 1445.747 1445.98 1446.0 1446.0 1446.0 1446.0 1446.0 1446.0 1446.0 1446.0 1446.0 1446.062 1446.135 1446.209 1446.282
1433.114 1433.327 1433.539 1433.752 1434.085 1434.734 1435.384 1436.033 1436.682 1437.336 1437.991 1438.647 1439.302 1439.784 1439.585 1439.386 1439.187 1438.988 1438.926 1438.932 1438.938 1438.944 1438.95 1438.956 1438.962 1438.968 1438.974 1439.321 1439.9 1440.479 1441.058 1441.613 1441.769 1441.924 1442.08 1442.236 1442.502 1442.869 1443.236 1443.604 1443.971 1444.197 1444.421 1444.645 1444.869 1445.092 1445.314 1445.536 1445.759 1445.981 1446.0 1446.0 1446.0 1446.0 1446.0 1446.0 1446.0 1446.0 1446.0 1446.062 1446.135 1446.209 1446.282
1433.935 1434.106 1434.277 1434.448 1434.746 1435.38 1436.015 1436.649 1437.284 1437.925 1438.568 1439.211 1439.855 1440.323 1440.102 1439.882 1439.661 1439.441 1439.358 1439.345 1439.331 1439.318 1439.311 1439.352 1439.392 1439.433 1439.473 1439.815 1440.362 1440.91 1441.457 1441.981 1442.128 1442.275 1442.422 1442.569 1442.81 1443.137 1443.464 1443.791 1444.118 1444.313 1444.507 1444.7 1444.893 1445.099 1445.319 1445.54 1445.76 1445.981 1446.0 1446.0 1446.0 1446.0 1446.0 1446.0 1446.0 1446.0 1446.0 1446.084 1446.185 1446.285 1446.386
1434.835 1434.947 1435.059 1435.171 1435.418 1436.02 1436.623 1437.225 1437.827 1438.444 1439.066 1439.688 1440.309 1440.76 1440.54 1440.319 1440.099 1439.879 1439.785 1439.756 1439.726 1439.697 1439.682 1439.771 1439.86 1439.949 1440.037 1440.37 1440.869 1441.368 1441.867 1442.346 1442.493 1442.64 1442.787 1442.934 1443.15 1443.428 1443.707 1443.986 1444.264 1444.427 1444.589 1444.75 1444.911 1445.099 1445.319 1445.54 1445.76 1445.981 1446.0 1446.0 1446.0 1446.0 1446.0 1446.0 1446.0 1446.0 1446.0 1446.111 1446.244 1446.377 1446.509
1435.736 1435.789 1435.842 1435.895 1436.09 1436.66 1437.23 1437.8 1438.37 1438.963 1439.563 1440.164 1440.764 1441.198 1440.978 1440.757 1440.537 1440.316 1440.212 1440.167 1440.121 1440.075 1440.053 1440.191 1440.328 1440.464 1440.601 1440.925 1441.376 1441.827 1442.278 1442.711 1442.858 1443.005 1443.152 1443.299 1443.489 1443.72 1443.95 1444.181 1444.411 1444.542 1444.671 1444.8 1444.929 1445.099 1445.319 1445.54 1445.76 1445.981 1446.0 1446.0 1446.0 1446.0 1446.0 1446.0 1446.0 1446.0 1446.0 1446.139 1446.303 1446.468 1446.633
1436.636 1436.63 1436.624 1436.618 1436.762 1437.3 1437.838 1438.376 1438.914 1439.482 1440.061 1440.64 1441.219 1441.636 1441.415 1441.195 1440.974 1440.754 1440.639 1440.578 1440.516 1440.454 1440.425 1440.61 1440.795 1440.98 1441.166 1441.48 1441.882 1442.285 1442.688 1443.076 1443.223 1443.37 1443.516 1443.663 1443.829 1444.011 1444.193 1444.375 1444.557 1444.656 1444.753 1444.85 1444.947 1445.099 1445.319 1445.54 1445.76 1445.981 1446.0 1446.0 1446.0 1446.0 1446.0 1446.0 1446.0 1446.0 1446.0 1446.166 1446.363 1446.56 1446.756
1437.463 1437.403 1437.344 1437.285 1437.379 1437.876 1438.373 1438.87 1439.367 1439.905 1440.457 1441.008 1441.56 1441.959 1441.759 1441.559 1441.359 1441.159 1441.051 1440.989 1440.927 1440.865 1440.839 1441.049 1441.259 1441.469 1441.68 1441.976 1442.33 1442.684 1443.039 1443.381 1443.533 1443.684 1443.835 1443.987 1444.131 1444.27 1444.408 1444.546 1444.684 1444.755 1444.824 1444.893 1444.962 1445.099 1445.319 1445.54 1445.76 1445.981 1446.0 1446.0 1446.0 1446.0 1446.003 1446.012 1446.021 1446.029 1446.038 1446.217 1446.429 1446.641 1446.853
1438.089 1437.992 1437.895 1437.799 1437.848 1438.281 1438.713 1439.146 1439.579 1440.068 1440.577 1441.085 1441.594 1441.975 1441.849 1441.724 1441.599 1441.474 1441.42 1441.401 1441.382 1441.363 1441.369 1441.541 1441.714 1441.887 1442.06 1442.312 1442.618 1442.924 1443.23 1443.528 1443.696 1443.863 1444.031 1444.198 1444.333 1444.439 1444.546 1444.652 1444.758 1444.812 1444.865 1444.918 1444.971 1445.099 1445.319 1445.54 1445.76 1445.981 1446.0 1446.0 1446.0 1446.0 1446.015 1446.056 1446.097 1446.138 1446.179 1446.336 1446.516 1446.695 1446.875
1438.715 1438.581 1438.447 1438.312 1438.317 1438.685 1439.053 1439.422 1439.79 1440.23 1440.697 1441.162 1441.629 1441.99 1441.94 1441.89 1441.84 1441.79 1441.789 1441.813 1441.836 1441.86 1441.899 1442.034 1442.169 1442.305 1442.44 1442.648 1442.906 1443.164 1443.422 1443.675 1443.859 1444.042 1444.226 1444.409 1444.535 1444.609 1444.683 1444.757 1444.831 1444.869 1444.906 1444.943 1444.98 1445.099 1445.319 1445.54 1445.76 1445.981 1446.0 1446.0 1446.0 1446.0 1446.027 1446.1 1446.174 1446.247 1446.32 1446.455 1446.603 1446.75 1446.897
1439.341 1439.169 1438.998 1438.826 1438.785 1439.089 1439.393 1439.697 1440.001 1440.393 1440.817 1441.24 1441.663 1442.005 1442.03 1442.055 1442.08 1442.105 1442.158 1442.224 1442.291 1442.358 1442.429 1442.526 1442.624 1442.722 1442.82 1442.984 1443.194 1443.403 1443.613 1443.822 1444.021 1444.221 1444.421 1444.62 1444.737 1444.779 1444.821 1444.863 1444.905 1444.926 1444.947 1444.968 1444.989 1445.099 1445.319 1445.54 1445.76 1445.981 1446.0 1446.0 1446.0 1446.0 1446.04 1446.145 1446.25 1446.355 1446.46 1446.574 1446.689 1446.805 1446.92
