data/zism_data/00219_02_D.txt
ncols         224
nrows         224
[rows 168 to 195 of 224, columns 63 to 125 of 224]
1449.269 1449.269 1449.269 1449.269 1449.269 1449.269 1449.269 1449.269 1449.269 1449.269 1449.269 1449.269 1449.269 1449.269 1449.269 1449.269 1449.269 1449.269 1449.269 1449.269 1449.269 1449.269 1449.356 1449.464 1449.571 1449.678 1449.771 1449.825 1449.879 1449.932 1449.986 1450.0 1450.0 1450.0 1450.0 1450.0 1450.0 1450.0 1450.0 1450.0 1450.0 1450.0 1450.0 1450.0 1450.0 1450.0 1450.0 1450.0 1450.0 1450.0 1450.0 1450.0 1450.0 1450.0 1450.0 1450.0 1450.0 1450.0 1450.015 1450.043 1450.072 1450.1 1450.128
1449.399 1449.391 1449.384 1449.376 1449.381 1449.387 1449.393 1449.398 1449.404 1449.41 1449.415 1449.421 1449.426 1449.427 1449.427 1449.427 1449.427 1449.427 1449.427 1449.427 1449.427 1449.427 1449.502 1449.593 1449.685 1449.777 1449.854 1449.892 1449.93 1449.969 1450.007 1450.014 1450.01 1450.007 1450.003 1450.0 1450.0 1450.0 1450.0 1450.0 1450.0 1450.0 1450.0 1450.0 1450.0 1450.0 1450.0 1450.0 1450.0 1450.0 1450.0 1450.0 1450.0 1450.0 1450.0 1450.0 1450.0 1450.0 1450.0 1450.0 1450.0 1450.0 1450.0
1449.959 1449.888 1449.816 1449.744 1449.792 1449.846 1449.9 1449.954 1450.008 1450.062 1450.115 1450.169 1450.223 1450.229 1450.229 1450.229 1450.229 1450.229 1450.229 1450.229 1450.229 1450.229 1450.26 1450.299 1450.337 1450.375 1450.388 1450.335 1450.282 1450.229 1450.177 1450.136 1450.1 1450.065 1450.029 1450.0 1450.0 1450.0 1450.0 1450.0 1450.0 1450.0 1450.0 1450.0 1450.0 1450.0 1450.0 1450.0 1450.0 1450.0 1450.0 1450.0 1450.0 1450.0 1450.0 1450.0 1450.0 1450.0 1450.0 1450.0 1450.0 1450.0 1450.0
1450.52 1450.384 1450.248 1450.111 1450.203 1450.305 1450.407 1450.51 1450.612 1450.714 1450.816 1450.918 1451.02 1451.032 1451.032 1451.032 1451.032 1451.032 1451.032 1451.032 1451.032 1451.032 1451.019 1451.004 1450.988 1450.973 1450.922 1450.778 1450.634 1450.49 1450.346 1450.259 1450.19 1450.122 1450.054 1450.0 1450.0 1450.0 1450.0 1450.0 1450.0 1450.0 1450.0 1450.0 1450.0 1450.0 1450.0 1450.0 1450.0 1450.0 1450.0 1450.0 1450.0 1450.0 1450.0 1450.0 1450.0 1450.0 1450.0 1450.0 1450.0 1450.0 1450.0
1451.08 1450.88 1450.679 1450.479 1450.614 1450.764 1450.915 1451.065 1451.215 1451.366 1451.516 1451.667 1451.817 1451.834 1451.834 1451.834 1451.834 1451.834 1451.834 1451.834 1451.834 1451.834 1451.778 1451.709 1451.64 1451.571 1451.456 1451.221 1450.986 1450.751 1450.516 1450.381 1450.28 1450.18 1450.08 1450.0 1450.0 1450.0 1450.0 1450.0 1450.0 1450.0 1450.0 1450.0 1450.0 1450.0 1450.0 1450.0 1450.0 1450.0 1450.0 1450.0 1450.0 1450.0 1450.0 1450.0 1450.0 1450.0 1450.0 1450.0 1450.0 1450.0 1450.0
1451.641 1451.376 1451.111 1450.846 1451.025 1451.224 1451.422 1451.621 1451.819 1452.018 1452.217 1452.415 1452.614 1452.637 1452.637 1452.637 1452.637 1452.637 1452.637 1452.637 1452.637 1452.637 1452.537 1452.415 1452.292 1452.169 1451.99 1451.664 1451.338 1451.012 1450.686 1450.503 1450.37 1450.238 1450.106 1450.0 1450.0 1450.0 1450.0 1450.0 1450.0 1450.0 1450.0 1450.0 1450.0 1450.0 1450.0 1450.0 1450.0 1450.0 1450.0 1450.0 1450.0 1450.0 1450.0 1450.0 1450.0 1450.0 1450.0 1450.0 1450.0 1450.0 1450.0
1452.64 1452.363 1452.087 1451.811 1451.993 1452.196 1452.398 1452.601 1452.8 1452.995 1453.188 1453.383 1453.577 1453.599 1453.599 1453.599 1453.599 1453.599 1453.599 1453.599 1453.599 1453.599 1453.449 1453.264 1453.079 1452.893 1452.649 1452.25 1451.85 1451.45 1451.05 1450.818 1450.645 1450.471 1450.298 1450.154 1450.124 1450.095 1450.066 1450.036 1450.023 1450.017 1450.011 1450.005 1450.0 1450.0 1450.0 1450.0 1450.0 1450.0 1450.0 1450.0 1450.0 1450.0 1450.0 1450.0 1450.0 1450.0 1450.0 1450.0 1450.0 1450.0 1450.0
1454.001 1453.757 1453.512 1453.268 1453.421 1453.592 1453.762 1453.933 1454.093 1454.239 1454.385 1454.531 1454.676 1454.693 1454.693 1454.693 1454.693 1454.693 1454.693 1454.693 1454.693 1454.693 1454.486 1454.232 1453.977 1453.722 1453.411 1452.953 1452.494 1452.035 1451.576 1451.293 1451.071 1450.85 1450.628 1450.435 1450.352 1450.269 1450.186 1450.103 1450.064 1450.048 1450.031 1450.014 1450.0 1450.0 1450.0 1450.0 1450.0 1450.0 1450.0 1450.0 1450.0 1450.0 1450.0 1450.0 1450.0 1450.0 1450.0 1450.0 1450.0 1450.0 1450.0
1455.362 1455.15 1454.938 1454.726 1454.849 1454.988 1455.126 1455.265 1455.386 1455.484 1455.581 1455.679 1455.776 1455.787 1455.787 1455.787 1455.787 1455.787 1455.787 1455.787 1455.787 1455.787 1455.524 1455.2 1454.875 1454.551 1454.173 1453.655 1453.138 1452.62 1452.103 1451.768 1451.498 1451.228 1450.958 1450.716 1450.579 1450.443 1450.306 1450.169 1450.106 1450.078 1450.051 1450.024 1450.0 1450.0 1450.0 1450.0 1450.0 1450.0 1450.0 1450.0 1450.0 1450.0 1450.0 1450.0 1450.0 1450.0 1450.0 1450.0 1450.0 1450.0 1450.0
1456.723 1456.543 1456.363 1456.183 1456.277 1456.384 1456.49 1456.596 1456.679 1456.728 1456.777 1456.827 1456.876 1456.882 1456.882 1456.882 1456.882 1456.882 1456.882 1456.882 1456.882 1456.882 1456.562 1456.168 1455.773 1455.379 1454.935 1454.358 1453.782 1453.205 1452.629 1452.243 1451.925 1451.607 1451.289 1450.996 1450.806 1450.616 1450.426 1450.236 1450.147 1450.109 1450.071 1450.033 1450.0 1450.0 1450.0 1450.0 1450.0 1450.0 1450.0 1450.0 1450.0 1450.0 1450.0 1450.0 1450.0 1450.0 1450.0 1450.0 1450.0 1450.0 1450.0
1458.084 1457.936 1457.789 1457.641 1457.706 1457.78 1457.854 1457.928 1457.972 1457.973 1457.974 1457.975 1457.976 1457.976 1457.976 1457.976 1457.976 1457.976 1457.976 1457.976 1457.976 1457.976 1457.599 1457.136 1456.672 1456.208 1455.697 1455.061 1454.426 1453.79 1453.155 1452.718 1452.352 1451.985 1451.619 1451.277 1451.034 1450.79 1450.546 1450.302 1450.189 1450.14 1450.091 1450.042 1450.0 1450.0 1450.0 1450.0 1450.0 1450.0 1450.0 1450.0 1450.0 1450.0 1450.0 1450.0 1450.0 1450.0 1450.0 1450.0 1450.0 1450.0 1450.0
1459.208 1459.076 1458.945 1458.814 1458.863 1458.921 1458.979 1459.037 1459.07 1459.07 1459.07 1459.07 1459.07 1459.07 1459.07 1459.07 1459.07 1459.065 1459.049 1459.033 1459.018 1459.002 1458.583 1458.07 1457.558 1457.045 1456.504 1455.888 1455.272 1454.656 1454.041 1453.581 1453.177 1452.773 1452.369 1451.98 1451.651 1451.322 1450.994 1450.665 1450.481 1450.369 1450.257 1450.145 1450.046 1450.036 1450.025 1450.015 1450.004 1450.0 1450.0 1450.0 1450.0 1450.001 1450.017 1450.032 1450.048 1450.064 1450.071 1450.071 1450.071 1450.071 1450.071
1460.326 1460.211 1460.096 1459.98 1460.015 1460.057 1460.099 1460.14 1460.165 1460.165 1460.165 1460.165 1460.165 1460.165 1460.165 1460.165 1460.165 1460.153 1460.122 1460.09 1460.058 1460.026 1459.565 1459.004 1458.443 1457.883 1457.313 1456.718 1456.124 1455.529 1454.935 1454.453 1454.012 1453.57 1453.128 1452.692 1452.278 1451.863 1451.448 1451.034 1450.778 1450.602 1450.426 1450.25 1450.094 1450.072 1450.051 1450.03 1450.009 1450.0 1450.0 1450.0 1450.0 1450.002 1450.034 1450.065 1450.097 1450.129 1450.144 1450.144 1450.144 1450.144 1450.144
1461.444 1461.345 1461.246 1461.147 1461.167 1461.193 1461.218 1461.244 1461.259 1461.259 1461.259 1461.259 1461.259 1461.259 1461.259 1461.259 1461.259 1461.242 1461.194 1461.146 1461.099 1461.051 1460.547 1459.938 1459.329 1458.72 1458.121 1457.548 1456.975 1456.402 1455.829 1455.325 1454.846 1454.367 1453.888 1453.404 1452.904 1452.404 1451.903 1451.403 1451.076 1450.835 1450.595 1450.354 1450.141 1450.109 1450.077 1450.045 1450.013 1450.0 1450.0 1450.0 1450.0 1450.003 1450.051 1450.099 1450.146 1450.194 1450.217 1450.217 1450.217 1450.217 1450.217
1462.563 1462.48 1462.397 1462.314 1462.319 1462.329 1462.338 1462.348 1462.353 1462.353 1462.353 1462.353 1462.353 1462.353 1462.353 1462.353 1462.353 1462.331 1462.267 1462.203 1462.139 1462.075 1461.529 1460.872 1460.215 1459.557 1458.929 1458.378 1457.826 1457.275 1456.723 1456.197 1455.681 1455.164 1454.647 1454.116 1453.53 1452.944 1452.358 1451.772 1451.373 1451.068 1450.764 1450.459 1450.188 1450.145 1450.103 1450.06 1450.017 1450.0 1450.0 1450.0 1450.0 1450.004 1450.068 1450.132 1450.196 1450.26 1450.29 1450.29 1450.29 1450.29 1450.29
1463.651 1463.584 1463.517 1463.45 1463.447 1463.447 1463.447 1463.447 1463.447 1463.447 1463.447 1463.447 1463.447 1463.447 1463.447 1463.447 1463.447 1463.417 1463.331 1463.244 1463.157 1463.071 1462.494 1461.804 1461.114 1460.424 1459.776 1459.239 1458.702 1458.166 1457.629 1457.078 1456.521 1455.965 1455.408 1454.834 1454.188 1453.543 1452.897 1452.251 1451.802 1451.45 1451.098 1450.747 1450.431 1450.353 1450.276 1450.198 1450.121 1450.097 1450.11 1450.124 1450.137 1450.155 1450.255 1450.354 1450.454 1450.554 1450.619 1450.652 1450.685 1450.718 1450.75
1464.696 1464.646 1464.595 1464.544 1464.542 1464.542 1464.542 1464.542 1464.542 1464.542 1464.542 1464.542 1464.542 1464.542 1464.542 1464.542 1464.542 1464.5 1464.381 1464.263 1464.144 1464.025 1463.434 1462.733 1462.032 1461.331 1460.677 1460.146 1459.614 1459.083 1458.552 1457.97 1457.371 1456.771 1456.172 1455.559 1454.892 1454.225 1453.558 1452.891 1452.42 1452.047 1451.673 1451.3 1450.957 1450.81 1450.662 1450.515 1450.368 1450.335 1450.38 1450.426 1450.471 1450.523 1450.688 1450.852 1451.016 1451.18 1451.317 1451.431 1451.544 1451.657 1451.771
1465.742 1465.707 1465.672 1465.637 1465.636 1465.636 1465.636 1465.636 1465.636 1465.636 1465.636 1465.636 1465.636 1465.636 1465.636 1465.636 1465.636 1465.583 1465.432 1465.281 1465.13 1464.979 1464.373 1463.662 1462.95 1462.239 1461.578 1461.052 1460.526 1460.0 1459.474 1458.862 1458.22 1457.578 1456.936 1456.284 1455.596 1454.907 1454.219 1453.53 1453.038 1452.643 1452.249 1451.854 1451.483 1451.266 1451.049 1450.832 1450.615 1450.573 1450.651 1450.728 1450.806 1450.892 1451.12 1451.349 1451.577 1451.806 1452.016 1452.21 1452.403 1452.597 1452.791
1466.787 1466.768 1466.75 1466.731 1466.73 1466.73 1466.73 1466.73 1466.73 1466.73 1466.73 1466.73 1466.73 1466.73 1466.73 1466.73 1466.73 1466.666 1466.483 1466.3 1466.117 1465.934 1465.313 1464.591 1463.868 1463.146 1462.479 1461.958 1461.438 1460.917 1460.397 1459.755 1459.07 1458.385 1457.699 1457.009 1456.299 1455.589 1454.88 1454.17 1453.656 1453.24 1452.823 1452.408 1452.008 1451.722 1451.435 1451.149 1450.862 1450.811 1450.921 1451.03 1451.14 1451.26 1451.553 1451.846 1452.139 1452.431 1452.714 1452.989 1453.263 1453.537 1453.811
1467.832 1467.83 1467.827 1467.824 1467.824 1467.824 1467.824 1467.824 1467.824 1467.824 1467.824 1467.824 1467.824 1467.824 1467.824 1467.824 1467.824 1467.749 1467.534 1467.319 1467.104 1466.888 1466.253 1465.52 1464.786 1464.053 1463.38 1462.865 1462.35 1461.835 1461.319 1460.647 1459.919 1459.191 1458.463 1457.734 1457.003 1456.272 1455.54 1454.809 1454.273 1453.836 1453.399 1452.961 1452.534 1452.178 1451.822 1451.466 1451.109 1451.049 1451.191 1451.333 1451.474 1451.629 1451.986 1452.343 1452.7 1453.057 1453.413 1453.767 1454.122 1454.476 1454.831
1469.041 1469.041 1469.041 1469.041 1469.041 1469.041 1469.041 1469.041 1469.033 1469.015 1468.997 1468.979 1468.961 1468.916 1468.866 1468.817 1468.767 1468.649 1468.401 1468.154 1467.906 1467.659 1467.031 1466.314 1465.597 1464.88 1464.221 1463.716 1463.211 1462.705 1462.2 1461.505 1460.743 1459.981 1459.22 1458.471 1457.772 1457.073 1456.374 1455.675 1455.178 1454.782 1454.387 1453.991 1453.605 1453.292 1452.979 1452.665 1452.352 1452.301 1452.43 1452.559 1452.688 1452.83 1453.189 1453.547 1453.906 1454.264 1454.627 1454.995 1455.362 1455.729 1456.097
1470.281 1470.281 1470.281 1470.281 1470.281 1470.281 1470.281 1470.281 1470.265 1470.225 1470.186 1470.146 1470.107 1470.006 1469.898 1469.789 1469.681 1469.513 1469.233 1468.954 1468.674 1468.395 1467.777 1467.082 1466.387 1465.691 1465.051 1464.557 1464.062 1463.567 1463.073 1462.357 1461.563 1460.769 1459.975 1459.209 1458.553 1457.897 1457.241 1456.585 1456.138 1455.796 1455.453 1455.111 1454.781 1454.532 1454.283 1454.034 1453.785 1453.748 1453.855 1453.963 1454.07 1454.192 1454.539 1454.887 1455.235 1455.582 1455.94 1456.308 1456.675 1457.043 1457.41
1471.521 1471.521 1471.521 1471.521 1471.521 1471.521 1471.521 1471.521 1471.496 1471.435 1471.374 1471.313 1471.252 1471.097 1470.93 1470.762 1470.595 1470.377 1470.065 1469.754 1469.442 1469.13 1468.524 1467.85 1467.176 1466.502 1465.881 1465.397 1464.913 1464.429 1463.945 1463.208 1462.382 1461.556 1460.73 1459.947 1459.334 1458.721 1458.108 1457.495 1457.098 1456.809 1456.521 1456.232 1455.957 1455.772 1455.587 1455.402 1455.218 1455.194 1455.28 1455.366 1455.452 1455.553 1455.89 1456.227 1456.564 1456.901 1457.253 1457.621 1457.988 1458.356 1458.723
1472.761 1472.761 1472.761 1472.761 1472.761 1472.761 1472.761 1472.761 1472.727 1472.644 1472.562 1472.48 1472.397 1472.188 1471.961 1471.735 1471.509 1471.241 1470.897 1470.553 1470.209 1469.866 1469.271 1468.619 1467.966 1467.314 1466.711 1466.237 1465.764 1465.291 1464.818 1464.06 1463.202 1462.343 1461.485 1460.685 1460.115 1459.545 1458.975 1458.404 1458.058 1457.823 1457.587 1457.352 1457.132 1457.012 1456.891 1456.771 1456.65 1456.64 1456.705 1456.769 1456.834 1456.914 1457.24 1457.566 1457.892 1458.219 1458.567 1458.934 1459.301 1459.669 1460.036
1474.1 1474.1 1474.1 1474.1 1474.079 1474.057 1474.036 1474.014 1473.955 1473.846 1473.736 1473.627 1473.517 1473.253 1472.97 1472.686 1472.402 1472.087 1471.716 1471.344 1470.972 1470.6 1470.022 1469.395 1468.768 1468.141 1467.558 1467.086 1466.615 1466.144 1465.673 1464.905 1464.031 1463.158 1462.285 1461.479 1460.938 1460.396 1459.854 1459.312 1459.002 1458.808 1458.613 1458.419 1458.242 1458.183 1458.124 1458.065 1458.006 1458.009 1458.055 1458.101 1458.147 1458.209 1458.526 1458.843 1459.16 1459.477 1459.82 1460.188 1460.555 1460.923 1461.29
1475.705 1475.705 1475.705 1475.705 1475.607 1475.505 1475.403 1475.301 1475.178 1475.025 1474.873 1474.72 1474.568 1474.252 1473.914 1473.577 1473.239 1472.884 1472.496 1472.109 1471.721 1471.333 1470.782 1470.192 1469.603 1469.014 1468.451 1467.959 1467.466 1466.974 1466.481 1465.731 1464.89 1464.049 1463.208 1462.426 1461.873 1461.321 1460.768 1460.216 1459.905 1459.716 1459.527 1459.338 1459.173 1459.167 1459.162 1459.157 1459.151 1459.17 1459.205 1459.241 1459.276 1459.328 1459.639 1459.951 1460.262 1460.574 1460.915 1461.282 1461.65 1462.017 1462.384
1477.31 1477.31 1477.31 1477.31 1477.135 1476.953 1476.77 1476.588 1476.4 1476.204 1476.009 1475.814 1475.618 1475.25 1474.859 1474.468 1474.077 1473.681 1473.277 1472.873 1472.469 1472.065 1471.542 1470.99 1470.438 1469.887 1469.345 1468.831 1468.317 1467.803 1467.289 1466.557 1465.748 1464.94 1464.131 1463.372 1462.809 1462.245 1461.682 1461.119 1460.809 1460.625 1460.441 1460.257 1460.104 1460.152 1460.2 1460.249 1460.297 1460.331 1460.356 1460.38 1460.405 1460.446 1460.752 1461.058 1461.365 1461.671 1462.009 1462.376 1462.744 1463.111 1463.479
1478.915 1478.915 1478.915 1478.915 1478.663 1478.4 1478.137 1477.875 1477.622 1477.384 1477.146 1476.907 1476.669 1476.248 1475.804 1475.359 1474.914 1474.478 1474.058 1473.638 1473.218 1472.798 1472.302 1471.787 1471.273 1470.759 1470.239 1469.704 1469.168 1468.633 1468.097 1467.383 1466.607 1465.83 1465.054 1464.318 1463.744 1463.17 1462.596 1462.022 1461.712 1461.534 1461.355 1461.177 1461.035 1461.137 1461.239 1461.34 1461.442 1461.492 1461.506 1461.52 1461.534 1461.564 1461.865 1462.166 1462.467 1462.768 1463.103 1463.471 1463.838 1464.206 1464.573
