data/zism_data/00213_01_D.txt
ncols         224
nrows         224
[rows 0 to 27 of 224, columns 128 to 191 of 224]
371.7729 366.5959 361.4191 356.5779 352.6878 348.7976 344.9075 341.0174 341.2267 342.9937 344.7607 346.5276 349.4417 357.2969 365.1522 373.0074 380.8626 385.4495 388.2934 391.1373 393.9812 396.3629 395.2202 394.0776 392.935 391.7923 390.2662 388.462 386.6579 384.8537 383.0843 382.0793 381.0743 380.0692 379.0642 377.2766 374.7285 372.1805 369.6324 367.0844 359.8944 352.5659 345.2374 337.9088 330.9695 324.536 318.1026 311.6691 305.2357 305.0567 305.5839 306.1111 306.6383 308.1689 311.4654 314.7618 318.0583 321.3548 324.9361 328.5773 332.2185 335.8597 339.4577 342.9498
375.6896 370.4911 365.2928 360.2741 355.765 351.2559 346.7468 342.2377 341.7928 342.8924 343.992 345.0915 347.3909 354.8586 362.3262 369.7939 377.2616 382.0787 385.4825 388.8861 392.2898 395.1689 394.0478 392.9267 391.8056 390.6845 388.9302 386.717 384.5038 382.2905 380.1097 378.6418 377.1739 375.706 374.2381 372.2059 369.6255 367.0452 364.4649 361.8846 355.2633 348.5215 341.7796 335.0378 328.6266 322.6453 316.6641 310.6828 304.7014 304.4039 304.7481 305.0923 305.4365 306.8133 310.0075 313.2018 316.396 319.5902 323.1359 326.7556 330.3752 333.9949 337.5433 340.917
379.6063 374.3862 369.1663 363.9702 358.8422 353.7141 348.5861 343.458 342.359 342.7912 343.2233 343.6555 345.3401 352.4203 359.5004 366.5806 373.6607 378.7082 382.6716 386.6351 390.5985 393.975 392.8754 391.7758 390.6763 389.5767 387.5944 384.9721 382.3498 379.7274 377.1352 375.2044 373.2736 371.3428 369.412 367.1354 364.5228 361.9101 359.2975 356.6849 350.6324 344.4772 338.3221 332.1669 326.2839 320.7547 315.2256 309.6964 304.1673 303.7512 303.9124 304.0735 304.2347 305.4578 308.5497 311.6417 314.7336 317.8256 321.3357 324.9339 328.532 332.1301 335.6289 338.8842
383.523 378.2814 373.0399 367.6665 361.9195 356.1724 350.4254 344.6783 342.9253 342.6899 342.4547 342.2194 343.2893 349.9819 356.6745 363.3671 370.0597 375.3374 379.8607 384.3839 388.9072 392.781 391.703 390.6249 389.5469 388.4689 386.2585 383.2271 380.1956 377.1643 374.1606 371.7669 369.3733 366.9796 364.5858 362.0647 359.4198 356.7749 354.1299 351.485 346.0013 340.4328 334.8643 329.2958 323.941 318.864 313.7871 308.7101 303.6331 303.0984 303.0766 303.0547 303.0329 304.1022 307.0919 310.0816 313.0713 316.061 319.5355 323.1121 326.6888 330.2653 333.7145 336.8514
374.9176 369.1134 363.3094 357.6548 352.4239 347.193 341.9621 336.7312 335.4861 335.7557 336.0253 336.2949 337.7356 344.221 350.7064 357.1918 363.6772 369.0681 373.8752 378.6824 383.4896 387.6667 387.0399 386.4131 385.7862 385.1594 383.1413 380.1146 377.0879 374.0612 371.0486 368.3459 365.6431 362.9404 360.2376 357.5424 354.8546 352.1668 349.479 346.7911 341.608 336.3503 331.0927 325.835 320.9147 316.433 311.9515 307.4698 302.9881 302.4972 302.4568 302.4164 302.376 303.3561 306.1321 308.9081 311.6842 314.4602 317.871 321.4155 324.96 328.5044 331.9595 335.1954
366.1282 359.7535 353.3789 347.4416 342.7436 338.0455 333.3475 328.6494 327.9294 328.7211 329.5128 330.3045 332.1304 338.4113 344.6921 350.973 357.2539 362.7561 367.8432 372.9302 378.0173 382.4949 382.3256 382.1562 381.9869 381.8175 379.998 376.982 373.9661 370.9501 367.9344 364.925 361.9155 358.9059 355.8964 353.0282 350.2973 347.5664 344.8356 342.1047 337.2181 332.2672 327.3164 322.3655 317.8784 313.9942 310.11 306.2258 302.3416 301.8967 301.8402 301.7836 301.7271 302.6189 305.1796 307.7404 310.3011 312.8618 316.2086 319.7207 323.2329 326.7451 330.2068 333.545
357.3385 350.3933 343.4482 337.2281 333.0629 328.8977 324.7326 320.5674 320.3725 321.6862 323.0001 324.3138 326.525 332.6013 338.6777 344.754 350.8304 356.444 361.8109 367.1778 372.5448 377.3229 377.6111 377.8992 378.1874 378.4756 376.8546 373.8494 370.8442 367.839 364.8203 361.504 358.1877 354.8714 351.5551 348.5139 345.7399 342.9659 340.192 337.418 332.8282 328.1841 323.5399 318.8958 314.8419 311.5552 308.2685 304.9818 301.695 301.2962 301.2235 301.1509 301.0782 301.8816 304.2271 306.5725 308.918 311.2634 314.546 318.0259 321.5058 324.9856 328.4541 331.8946
348.5492 341.0334 333.5177 327.015 323.3827 319.7503 316.118 312.4856 312.8157 314.6516 316.4875 318.3234 320.9197 326.7916 332.6634 338.5352 344.407 350.132 355.7788 361.4256 367.0724 372.151 372.8967 373.6424 374.3881 375.1337 373.7112 370.7168 367.7224 364.7279 361.7062 358.0832 354.4601 350.8369 347.2139 343.9996 341.1826 338.3656 335.5486 332.7316 328.4383 324.101 319.7637 315.4264 311.8056 309.1163 306.427 303.7378 301.0485 300.6958 300.607 300.5181 300.4293 301.1444 303.2746 305.4047 307.5349 309.665 312.8835 316.3311 319.7787 323.2263 326.7014 330.2442
340.2628 332.8996 325.5365 319.3026 316.2687 313.2347 310.2008 307.1668 307.7738 309.7644 311.755 313.7456 316.4188 322.0323 327.6457 333.2592 338.8726 344.5605 350.2883 356.0161 361.7439 366.9471 368.1503 369.3535 370.5567 371.7599 370.6092 367.7519 364.8946 362.0373 359.1378 355.311 351.4841 347.6571 343.8302 340.4379 337.4678 334.4978 331.5277 328.5576 324.5624 320.5365 316.5107 312.4848 309.2693 307.1073 304.9453 302.7833 300.6213 300.3224 300.2337 300.1451 300.0565 300.6836 302.5704 304.4572 306.3439 308.2307 311.3705 314.7741 318.1777 321.5813 325.0603 328.724
332.6308 326.3603 320.0899 314.8419 312.4915 310.1411 307.7907 305.4403 306.0016 307.6692 309.3369 311.0045 313.3537 318.6389 323.924 329.2091 334.4942 339.9521 345.5023 351.0524 356.6026 361.7018 363.3625 365.0232 366.684 368.3447 367.561 365.0051 362.4492 359.8934 357.2792 353.3824 349.4854 345.5886 341.6917 338.1147 334.8486 331.5825 328.3164 325.0503 321.3548 317.6465 313.9382 310.2299 307.3835 305.6574 303.9315 302.2054 300.4794 300.244 300.1769 300.1099 300.0428 300.5822 302.1891 303.796 305.4029 307.0098 310.052 313.3964 316.7408 320.0851 323.5642 327.3733
324.9987 319.8208 314.6431 310.3811 308.7143 307.0475 305.3806 303.7138 304.2292 305.5739 306.9186 308.2633 310.2886 315.2454 320.2021 325.1589 330.1157 335.3435 340.7161 346.0886 351.4612 356.4564 358.5746 360.6928 362.8111 364.9293 364.5127 362.2582 360.0038 357.7494 355.4204 351.4536 347.4868 343.5199 339.553 335.7914 332.2293 328.6671 325.105 321.5428 318.1471 314.7564 311.3656 307.9749 305.4975 304.2075 302.9175 301.6275 300.3375 300.1657 300.1201 300.0746 300.0291 300.4808 301.8078 303.1348 304.4618 305.7888 308.7334 312.0186 315.3038 318.5889 322.0681 326.0225
317.3667 313.2816 309.1964 305.9204 304.9372 303.9539 302.9706 301.9874 302.457 303.4787 304.5005 305.5222 307.2235 311.852 316.4804 321.1089 325.7373 330.7351 335.93 341.1249 346.3199 351.2111 353.7869 356.3626 358.9384 361.5141 361.4645 359.5114 357.5584 355.6054 353.5618 349.525 345.4882 341.4513 337.4145 333.4682 329.61 325.7519 321.8937 318.0355 314.9395 311.8664 308.7932 305.72 303.6117 302.7577 301.9037 301.0497 300.1956 300.0874 300.0634 300.0393 300.0153 300.3794 301.4265 302.4736 303.5208 304.5679 307.4149 310.6409 313.8669 317.0928 320.572 324.6717
309.7346 306.7421 303.7496 301.4596 301.1599 300.8602 300.5605 300.2608 300.6847 301.3835 302.0822 302.781 304.1584 308.4585 312.7586 317.0587 321.3588 326.1266 331.1438 336.1611 341.1784 345.9657 348.9989 352.0322 355.0655 358.0988 358.4162 356.7646 355.113 353.4614 351.703 347.5963 343.4895 339.3827 335.2758 331.145 326.9907 322.8365 318.6823 314.528 311.7318 308.9762 306.2206 303.465 301.7257 301.3077 300.8897 300.4717 300.0537 300.0091 300.0066 300.0041 300.0016 300.278 301.0452 301.8124 302.5797 303.3469 306.0963 309.2631 312.4299 315.5966 319.0759 323.3209
309.0197 306.0682 303.1168 300.9485 300.9992 301.05 301.1008 301.1516 301.9449 303.0202 304.0955 305.1709 306.835 311.0351 315.2353 319.4355 323.6357 328.1101 332.7309 337.3517 341.9724 346.4015 349.3689 352.3362 355.3036 358.2709 358.6995 357.2875 355.8754 354.4634 352.9375 348.9083 344.8791 340.8498 336.8205 332.6718 328.4071 324.1424 319.8777 315.613 312.6507 309.7273 306.8039 303.8805 302.0146 301.5234 301.0322 300.541 300.0498 300.0 300.0 300.0 300.0 300.2214 300.8325 301.4435 302.0546 302.6657 305.3233 308.4119 311.5004 314.5888 318.0905 322.6046
309.2119 306.1635 303.1151 300.9552 301.3128 301.6704 302.028 302.3856 303.6026 305.1463 306.6899 308.2335 310.2645 314.3947 318.5249 322.6551 326.7853 330.958 335.1536 339.3492 343.5448 347.5823 350.4151 353.2479 356.0807 358.9135 359.4197 358.2391 357.0585 355.8779 354.5776 350.6453 346.7129 342.7805 338.8481 334.7035 330.3527 326.0019 321.6511 317.3003 314.1107 310.9559 307.801 304.6461 302.5886 301.9574 301.3263 300.6952 300.064 300.0 300.0 300.0 300.0 300.1707 300.6418 301.113 301.5841 302.0552 304.6219 307.6296 310.6374 313.6451 317.1722 321.9716
309.404 306.2587 303.1135 300.962 301.6264 302.2908 302.9552 303.6196 305.2605 307.2724 309.2844 311.2963 313.6941 317.7543 321.8145 325.8748 329.935 333.8061 337.5764 341.3468 345.1172 348.7632 351.4614 354.1596 356.8579 359.5561 360.1399 359.1907 358.2416 357.2925 356.2178 352.3824 348.5469 344.7114 340.8759 336.7353 332.2983 327.8614 323.4245 318.9875 315.5708 312.1845 308.7982 305.4118 303.1626 302.3915 301.6204 300.8493 300.0782 300.0 300.0 300.0 300.0 300.12 300.4512 300.7824 301.1136 301.4448 303.9204 306.8474 309.7744 312.7014 316.2538 321.3384
309.5962 306.354 303.1119 300.9688 301.94 302.9112 303.8824 304.8536 306.9183 309.3985 311.8787 314.3589 317.1236 321.1139 325.1041 329.0943 333.0846 336.6541 339.9992 343.3443 346.6895 349.944 352.5077 355.0714 357.635 360.1986 360.8601 360.1424 359.4247 358.707 357.8579 354.1194 350.3807 346.6421 342.9035 338.767 334.2439 329.7209 325.1978 320.6748 317.0308 313.413 309.7953 306.1775 303.7366 302.8256 301.9145 301.0035 300.0924 300.0 300.0 300.0 300.0 300.0693 300.2606 300.4518 300.6431 300.8343 303.2189 306.0652 308.9115 311.7578 315.3355 320.7054
311.6154 308.2333 304.8512 302.7676 304.3632 305.9587 307.5543 309.1498 311.6868 314.5815 317.4762 320.3708 323.3993 327.0037 330.6082 334.2127 337.8172 340.9599 343.8565 346.7532 349.6498 352.4847 354.8492 357.2137 359.5782 361.9427 362.6151 362.0606 361.5062 360.9518 360.263 356.6196 352.976 349.3325 345.689 341.5692 336.987 332.4048 327.8225 323.2402 319.3437 315.4675 311.5914 307.7153 305.0145 303.8415 302.6685 301.4955 300.3224 300.1777 300.149 300.1202 300.0916 300.1165 300.236 300.3555 300.475 300.5945 302.974 305.8293 308.6846 311.5398 315.2014 320.8386
317.2886 313.6804 310.0723 308.1501 311.0051 313.8601 316.7151 319.5701 322.6762 325.8777 329.0792 332.2806 335.3664 337.9536 340.5408 343.128 345.7152 348.1813 350.5827 352.9842 355.3857 357.7448 359.7809 361.8171 363.8533 365.8894 366.4394 365.9119 365.3844 364.8569 364.1979 360.6459 357.0939 353.5418 349.9898 345.9124 341.3248 336.7372 332.1495 327.5619 323.362 319.1737 314.9855 310.7972 307.7 306.021 304.342 302.6631 300.9841 300.7106 300.5958 300.481 300.3662 300.3597 300.5437 300.7278 300.9119 301.096 303.6423 306.686 309.7296 312.7733 316.6357 322.5044
322.9619 319.1277 315.2935 313.5328 317.6472 321.7617 325.8762 329.9907 333.666 337.1743 340.6826 344.1909 347.334 348.9038 350.4738 352.0437 353.6136 355.4028 357.3091 359.2154 361.1217 363.005 364.7128 366.4207 368.1285 369.8363 370.2639 369.7633 369.2628 368.7621 368.1328 364.6724 361.2118 357.7513 354.2907 350.2558 345.6628 341.0697 336.4767 331.8837 327.3805 322.8801 318.3796 313.8792 310.3855 308.2006 306.0157 303.8307 301.6458 301.2436 301.0427 300.8418 300.6408 300.6028 300.8515 301.1001 301.3488 301.5974 304.3107 307.5427 310.7748 314.0068 318.0701 324.1702
328.6351 324.5748 320.5145 318.9153 324.2892 329.6631 335.037 340.411 344.6553 348.4704 352.2856 356.1006 359.3011 359.8537 360.4064 360.959 361.5117 362.6242 364.0353 365.4464 366.8576 368.265 369.6446 371.0241 372.4036 373.7831 374.0883 373.6146 373.141 372.6673 372.0677 368.6987 365.3297 361.9606 358.5916 354.5989 350.0005 345.4021 340.8037 336.2053 331.3989 326.5863 321.7737 316.9611 313.071 310.3801 307.6893 304.9984 302.3075 301.7766 301.4895 301.2025 300.9155 300.8459 301.1592 301.4724 301.7856 302.0989 304.979 308.3994 311.8199 315.2402 319.5045 325.836
334.3085 330.0221 325.7358 324.2979 330.9314 337.5648 344.1982 350.8316 355.6451 359.767 363.8889 368.0109 371.2686 370.804 370.3393 369.8747 369.41 369.8458 370.7617 371.6777 372.5936 373.5253 374.5764 375.6277 376.6788 377.73 377.9128 377.4661 377.0193 376.5725 376.0027 372.7252 369.4476 366.1701 362.8925 358.9423 354.3385 349.7347 345.1309 340.5271 335.4174 330.2927 325.1679 320.0431 315.7566 312.5597 309.3629 306.166 302.9692 302.3096 301.9364 301.5633 301.1901 301.0891 301.4669 301.8447 302.2225 302.6004 305.6473 309.2561 312.865 316.4738 320.9388 327.5018
339.1864 336.241 333.2956 332.95 339.9709 346.9919 354.0128 361.0337 365.9931 370.1691 374.3451 378.521 381.758 380.95 380.1421 379.3341 378.5261 378.5497 379.0169 379.484 379.9511 380.4523 381.213 381.9738 382.7346 383.4953 383.4276 382.7592 382.0909 381.4225 380.6395 377.3355 374.0316 370.7276 367.4236 363.4383 358.7912 354.1441 349.497 344.85 339.6813 334.4971 329.3129 324.1287 319.6893 316.2182 312.7471 309.276 305.8048 304.9113 304.3088 303.7064 303.1039 302.938 303.5405 304.1429 304.7454 305.3479 308.5756 312.356 316.1364 319.9167 324.5035 331.0663
343.8435 342.6743 341.5051 342.5103 349.6765 356.8428 364.009 371.1753 376.163 380.3228 384.4826 388.6424 391.8369 390.8728 389.9087 388.9446 387.9806 387.6656 387.6967 387.7279 387.759 387.8423 388.3232 388.8041 389.2849 389.7658 389.4119 388.4529 387.4939 386.5349 385.4713 382.1081 378.7449 375.3817 372.0186 367.9768 363.2759 358.575 353.8741 349.1732 344.0134 338.84 333.6665 328.4931 323.9685 320.2874 316.6064 312.9254 309.2443 308.0877 307.2161 306.3445 305.4729 305.2329 306.1045 306.9761 307.8477 308.7193 312.1317 316.0789 320.0262 323.9733 328.6599 335.1581
348.5007 349.1078 349.7148 352.0709 359.3824 366.694 374.0056 381.3172 386.3332 390.4769 394.6205 398.7642 401.9161 400.7959 399.6757 398.5555 397.4353 396.7817 396.3769 395.972 395.5672 395.2326 395.4336 395.6346 395.8355 396.0365 395.3965 394.1468 392.8971 391.6474 390.3032 386.8809 383.4585 380.0361 376.6137 372.5155 367.7607 363.006 358.2513 353.4965 348.3457 343.183 338.0203 332.8576 328.2479 324.3569 320.4659 316.5749 312.6839 311.2642 310.1235 308.9828 307.842 307.5279 308.6686 309.8094 310.9501 312.0908 315.6878 319.8019 323.916 328.0301 332.8165 339.2501
353.1577 355.541 357.9243 361.6311 369.088 376.5449 384.0018 391.4588 396.5031 400.6306 404.7581 408.8856 411.9949 410.7187 409.4424 408.1661 406.8898 405.8975 405.0567 404.2159 403.3751 402.6227 402.5437 402.4648 402.3859 402.3069 401.3808 399.8405 398.3001 396.7598 395.135 391.6535 388.1719 384.6902 381.2086 377.054 372.2454 367.4369 362.6283 357.8197 352.6778 347.5258 342.3739 337.222 332.5271 328.4261 324.3253 320.2243 316.1234 314.4406 313.0307 311.6209 310.2111 309.8229 311.2327 312.6425 314.0523 315.4622 319.2438 323.5248 327.8058 332.0867 336.9729 343.3419
357.2195 361.0384 364.8571 369.63 377.1062 384.5824 392.0586 399.5348 404.7183 409.0306 413.3429 417.6552 420.9618 419.9363 418.9108 417.8853 416.8598 415.8145 414.7587 413.7028 412.6469 411.6685 411.281 410.8935 410.506 410.1184 408.6835 406.4893 404.295 402.1008 399.841 396.138 392.4349 388.7318 385.0288 380.7573 375.9336 371.1099 366.2862 361.4625 356.3645 351.2583 346.1521 341.0459 336.3257 332.1072 327.8887 323.6703 319.4518 317.5824 315.9784 314.3743 312.7703 312.3313 313.9428 315.5544 317.1659 318.7775 322.6692 327.0409 331.4126 335.7843 340.7057 346.9738
359.3091 363.4347 367.5603 372.456 379.5339 386.6118 393.6897 400.7675 406.4576 411.6204 416.7831 421.9459 426.2439 426.817 427.3901 427.9632 428.5363 428.384 427.8448 427.3057 426.7665 426.1981 425.4069 424.6157 423.8245 423.0332 420.3522 416.301 412.2498 408.1985 404.1295 399.6676 395.2056 390.7437 386.2817 381.6936 376.9829 372.2723 367.5616 362.851 357.913 352.9683 348.0235 343.0788 338.5317 334.5016 330.4716 326.4415 322.4114 320.6096 319.0593 317.5091 315.9588 315.5464 317.1364 318.7264 320.3165 321.9065 325.661 329.8713 334.0815 338.2917 343.0345 349.0819
