data/zism_data/00224_02_D.txt
ncols         224
nrows         224
[rows 0 to 27 of 224, columns 63 to 125 of 224]
505.3789 503.2449 504.1861 505.1273 506.0686 507.0098 510.6309 514.3314 518.032 521.7325 529.3025 541.5402 553.7779 566.0156 578.2538 589.3799 600.4291 611.4783 622.5275 631.0453 636.0281 641.0107 645.9933 650.9759 654.9413 658.7928 662.6442 666.4958 669.2764 670.3193 671.3623 672.4052 673.4482 669.5773 664.9285 660.2796 655.6308 650.5244 644.5504 638.5761 632.6021 626.6281 623.2623 620.441 617.6196 614.7982 615.3242 623.3229 631.3217 639.3205 647.3193 656.5813 666.1767 675.7718 685.3669 692.1718 691.5609 690.9498 690.3389 689.7278 689.9165 690.3641 690.8117
512.885 511.5439 513.1956 514.8472 516.4989 518.1505 522.6389 527.2113 531.7839 536.3563 544.0126 555.3892 566.7658 578.1424 589.5194 600.1216 610.6703 621.219 631.7676 639.9152 644.7096 649.5038 654.298 659.0923 662.3853 665.5101 668.635 671.76 673.8038 674.0932 674.3826 674.6721 674.9615 670.286 664.8245 659.3629 653.9014 648.1273 641.7603 635.3932 629.0262 622.6594 619.4796 616.965 614.4504 611.9358 612.4755 619.8338 627.1921 634.5504 641.9088 651.3736 661.3942 671.4145 681.4348 688.6281 688.3078 687.9874 687.6671 687.3467 687.6268 688.1013 688.5758
520.3911 519.8429 522.205 524.5671 526.9292 529.2913 534.6469 540.0912 545.5358 550.9801 558.7228 569.2383 579.7538 590.2692 600.785 610.8634 620.9115 630.9597 641.0078 648.785 653.3911 657.9969 662.6028 667.2086 669.8293 672.2275 674.6259 677.0242 678.3311 677.867 677.403 676.939 676.4749 670.9948 664.7205 658.4463 652.172 645.7301 638.9703 632.2103 625.4505 618.6907 615.6969 613.4891 611.2813 609.0734 609.6269 616.3447 623.0626 629.7804 636.4982 646.166 656.6118 667.0572 677.5027 685.0844 685.0547 685.025 684.9953 684.9656 685.337 685.8385 686.3399
527.8971 528.1419 531.2145 534.287 537.3595 540.432 546.6549 552.9711 559.2876 565.6038 573.433 583.0873 592.7417 602.396 612.0507 621.6052 631.1527 640.7003 650.2479 657.6549 662.0726 666.4901 670.9075 675.325 677.2733 678.9449 680.6166 682.2884 682.8584 681.6409 680.4233 679.2058 677.9883 671.7035 664.6165 657.5296 650.4426 643.333 636.1803 629.0273 621.8747 614.722 611.9142 610.0132 608.1121 606.211 606.7782 612.8556 618.933 625.0103 631.0877 640.9583 651.8293 662.7 673.5706 681.5408 681.8016 682.0626 682.3235 682.5844 683.0474 683.5757 684.104
535.4032 536.4409 540.2239 544.0068 547.7898 551.5728 558.6629 565.8511 573.0394 580.2276 588.1432 596.9364 605.7296 614.5228 623.3163 632.3469 641.3939 650.441 659.488 666.5248 670.754 674.9831 679.2122 683.4413 684.7172 685.6623 686.6074 687.5526 687.3857 685.4147 683.4437 681.4727 679.5016 672.4122 664.5125 656.6129 648.7133 640.9359 633.3903 625.8444 618.2989 610.7533 608.1315 606.5372 604.9429 603.3486 603.9296 609.3665 614.8033 620.2403 625.6772 635.7505 647.0468 658.3427 669.6385 677.9971 678.5486 679.1002 679.6517 680.2032 680.7576 681.3129 681.8681
545.9369 547.7727 552.1869 556.6011 561.0153 565.4295 572.5706 579.7924 587.0145 594.2363 601.5931 609.1127 616.6322 624.1517 631.6715 640.1423 648.6789 657.2155 665.7521 672.3907 676.3788 680.3668 684.3547 688.3426 689.2256 689.761 690.2963 690.8316 690.3014 688.0422 685.7829 683.5237 681.2645 673.699 665.2935 656.8881 648.4826 640.3057 632.5619 624.8179 617.0741 609.3303 607.0018 605.8035 604.6051 603.4067 604.2752 609.7581 615.2408 620.7237 626.2065 636.1193 647.2006 658.2814 669.3622 677.4545 677.6037 677.7529 677.9021 678.0513 677.6874 677.1574 676.6274
558.3809 561.0179 566.0134 571.0089 576.0044 580.9999 587.6768 594.4034 601.1304 607.8571 614.2478 620.2335 626.2191 632.2047 638.1904 646.0787 654.0986 662.1185 670.1384 676.3615 680.075 683.7885 687.5019 691.2153 691.882 692.2074 692.5328 692.8582 692.2001 689.9463 687.6924 685.4386 683.1848 675.3505 666.6329 657.9153 649.1976 640.7903 632.9712 625.1518 617.3327 609.5135 607.5461 606.7999 606.0536 605.3073 606.6363 612.5981 618.5599 624.5217 630.4836 640.0065 650.4688 660.9307 671.3925 678.8055 678.1151 677.4247 676.7343 676.0438 674.1248 671.8079 669.491
570.825 574.2632 579.84 585.4167 590.9935 596.5703 602.7829 609.0145 615.2462 621.4777 626.9025 631.3542 635.8059 640.2576 644.7094 652.0151 659.5183 667.0215 674.5248 680.3322 683.7712 687.2102 690.6491 694.0881 694.5383 694.6538 694.7693 694.8848 694.0989 691.8504 689.602 687.3535 685.105 677.002 667.9722 658.9424 649.9127 641.275 633.3805 625.4857 617.5912 609.6968 608.0904 607.7962 607.5021 607.2079 608.9973 615.4382 621.879 628.3198 634.7607 643.8937 653.737 663.5799 673.4228 680.1566 678.6265 677.0965 675.5664 674.0364 670.5621 666.4584 662.3546
583.269 587.5085 593.6665 599.8245 605.9825 612.1406 617.8891 623.6255 629.3621 635.0984 639.5573 642.475 645.3928 648.3105 651.2283 657.9515 664.938 671.9246 678.9111 684.3029 687.4675 690.6319 693.7963 696.9608 697.1946 697.1002 697.0058 696.9114 695.9977 693.7546 691.5115 689.2684 687.0253 678.6535 669.3116 659.9697 650.6277 641.7596 633.7898 625.8197 617.8499 609.88 608.6346 608.7926 608.9506 609.1085 611.3583 618.2782 625.1981 632.1179 639.0377 647.7809 657.0052 666.2292 675.4531 681.5076 679.138 676.7683 674.3986 672.0289 666.9995 661.1088 655.2182
595.2646 600.2861 607.0381 613.7902 620.5422 627.2943 632.6169 637.8973 643.1778 648.4581 651.9838 653.3925 654.8013 656.2101 657.619 663.744 670.1955 676.647 683.0984 688.0602 690.9416 693.8228 696.704 699.5852 699.5992 699.2921 698.9849 698.6778 697.6337 695.3939 693.1541 690.9142 688.6744 680.0958 670.5138 660.9318 651.3498 642.329 634.3719 626.4146 618.4576 610.5005 609.6443 610.2699 610.8955 611.5212 614.221 621.5515 628.882 636.2125 643.543 651.8359 660.3828 668.9293 677.4759 682.8017 679.567 676.3322 673.0974 669.8627 663.3234 655.7142 648.105
597.4677 602.8525 610.4764 618.1003 625.7243 633.3482 639.0828 644.7615 650.4402 656.1189 659.4256 659.871 660.3164 660.7618 661.2072 666.394 671.909 677.424 682.939 687.1574 689.5651 691.9727 694.3803 696.7879 696.5073 695.9257 695.3441 694.7625 693.5321 691.2492 688.9663 686.6834 684.4005 676.9684 668.7212 660.474 652.2267 644.7488 638.7294 632.7097 626.6902 620.6708 620.817 622.2499 623.6828 625.1158 628.0386 634.2872 640.5359 646.7847 653.0333 659.5544 666.1475 672.7403 679.3331 682.8509 678.1953 673.5397 668.884 664.2283 657.1708 649.3356 641.5004
599.6707 605.4189 613.9147 622.4105 630.9064 639.4022 645.5487 651.6256 657.7028 663.7797 666.8674 666.3494 665.8314 665.3134 664.7954 669.044 673.6225 678.201 682.7795 686.2546 688.1887 690.1226 692.0566 693.9905 693.4155 692.5593 691.7032 690.8471 689.4305 687.1046 684.7786 682.4526 680.1267 673.841 666.9286 660.0161 653.1037 647.1687 643.0868 639.0048 634.9229 630.841 631.9897 634.2299 636.4702 638.7104 641.8561 647.0229 652.1899 657.3568 662.5236 667.2729 671.9122 676.5513 681.1904 682.9001 676.8237 670.7472 664.6705 658.5941 651.0182 642.957 634.8957
601.8738 607.9854 617.3531 626.7209 636.0886 645.4564 652.0148 658.4901 664.9655 671.4407 674.3096 672.8281 671.3467 669.8652 668.3837 671.6941 675.3361 678.9781 682.6201 685.3517 686.8121 688.2725 689.7328 691.1931 690.3235 689.1929 688.0623 686.9316 685.3288 682.9598 680.5908 678.2217 675.8527 670.7136 665.1359 659.5583 653.9807 649.5887 647.4444 645.3001 643.1558 641.0116 643.1627 646.2103 649.2579 652.3055 655.6741 659.7591 663.8442 667.9292 672.0142 674.9916 677.6771 680.3624 683.0477 682.9493 675.452 667.9546 660.4569 652.9595 644.8654 636.5781 628.2908
604.0768 610.5517 620.7914 631.031 641.2707 651.5103 658.4807 665.3542 672.2279 679.1014 681.7515 679.3066 676.8618 674.4169 671.9719 674.3441 677.0496 679.7551 682.4606 684.4489 685.4357 686.4224 687.4091 688.3958 687.2316 685.8265 684.4214 683.0162 681.2272 678.8151 676.403 673.991 671.5789 667.5862 663.3433 659.1005 654.8576 652.0085 651.8018 651.5952 651.3885 651.1818 654.3354 658.1903 662.0452 665.9002 669.4916 672.4948 675.498 678.5013 681.5045 682.7101 683.4418 684.1734 684.905 682.9985 674.0803 665.162 656.2435 647.3253 638.7128 630.1995 621.6861
604.5725 611.1025 621.7493 632.3961 643.0428 653.6896 661.009 668.2297 675.4506 682.6713 684.9912 681.399 677.8069 674.2148 670.6226 671.8416 673.3936 674.9455 676.4975 677.6778 678.339 679.0002 679.6614 680.3226 679.3426 678.1788 677.0151 675.8513 674.5944 673.1862 671.778 670.3699 668.9617 666.5364 663.9501 661.3638 658.7774 657.3274 658.0317 658.7361 659.4404 660.1448 663.4264 667.2459 671.0654 674.8851 678.1174 680.0388 681.9602 683.8817 685.803 685.2773 684.1062 682.9352 681.7642 678.3862 669.1426 659.899 650.655 641.4114 633.5344 626.0999 618.6654
603.177 609.4206 619.9597 630.4989 641.038 651.5772 659.1757 666.687 674.1986 681.71 683.5765 678.6334 673.6904 668.7474 663.8041 663.632 663.79 663.948 664.106 664.4066 664.9064 665.4061 665.9058 666.4055 666.1401 665.7891 665.438 665.0869 665.1578 665.9133 666.6687 667.4241 668.1796 667.7878 667.2144 666.641 666.0676 665.8574 666.3357 666.814 667.2922 667.7706 670.2117 673.0624 675.9131 678.764 680.9925 681.8322 682.6718 683.5114 684.351 682.1385 679.1214 676.1042 673.0872 668.6107 660.2551 651.8995 643.5436 635.188 629.435 624.5247 619.6144
601.7814 607.7386 618.1702 628.6017 639.0332 649.4647 657.3424 665.1444 672.9467 680.7487 682.1618 675.8678 669.5739 663.2799 656.9857 655.4224 654.1864 652.9505 651.7145 651.1354 651.4737 651.812 652.1502 652.4885 652.9377 653.3993 653.861 654.3226 655.7213 658.6403 661.5593 664.4784 667.3975 669.0392 670.4788 671.9183 673.3578 674.3873 674.6396 674.8918 675.1441 675.3964 676.9969 678.8788 680.7608 682.6428 683.8677 683.6255 683.3833 683.1411 682.8989 678.9999 674.1365 669.2734 664.4102 658.835 651.3675 643.8999 636.4321 628.9645 625.3356 622.9495 620.5634
600.3859 606.0568 616.3807 626.7045 637.0284 647.3523 655.5092 663.6018 671.6947 679.7874 680.7471 673.1022 665.4573 657.8124 650.1674 647.2128 644.5829 641.9529 639.3231 637.8643 638.0411 638.2178 638.3947 638.5714 639.7352 641.0095 642.2839 643.5582 646.2847 651.3674 656.45 661.5327 666.6153 670.2907 673.7432 677.1956 680.648 682.9173 682.9435 682.9697 682.9959 683.0221 683.7822 684.6953 685.6085 686.5217 686.7428 685.4188 684.0948 682.7708 681.4468 675.8612 669.1517 662.4425 655.7332 649.0594 642.4799 635.9004 629.3206 622.7411 621.2361 621.3743 621.5124
598.9904 604.3749 614.5911 624.8074 635.0236 645.2398 653.6759 662.0591 670.4427 678.826 679.3324 670.3366 661.3408 652.345 643.3489 639.0032 634.9793 630.9554 626.9316 624.5931 624.6084 624.6237 624.639 624.6544 626.5327 628.6198 630.7068 632.7939 636.8481 644.0944 651.3406 658.5869 665.8331 671.5421 677.0075 682.4728 687.9382 691.4473 691.2474 691.0476 690.8477 690.6479 690.5674 690.5118 690.4562 690.4006 689.618 687.2122 684.8064 682.4006 679.9948 672.7225 664.1669 655.6116 647.0563 639.2838 633.5923 627.9009 622.2092 616.5177 617.1367 619.7991 622.4614
600.0918 605.266 614.9654 624.6647 634.3641 644.0635 650.6237 657.0909 663.5582 670.0254 669.4171 660.2737 651.1302 641.9868 632.843 628.6009 624.6981 620.7952 616.8924 614.8558 615.4258 615.9958 616.5657 617.1357 619.9541 623.0244 626.0946 629.165 634.1176 642.1245 650.1313 658.1382 666.1451 671.5175 676.4724 681.4272 686.3821 689.1711 687.8537 686.5363 685.2189 683.9015 682.9515 682.0781 681.2048 680.3314 678.9055 676.246 673.5865 670.9271 668.2676 661.8369 654.4117 646.9868 639.5618 633.2305 629.8056 626.3808 622.9559 619.531 621.8165 625.9508 630.0852
601.455 606.4268 615.5665 624.7061 633.8458 642.9854 647.4438 651.7634 656.0832 660.4028 658.6107 649.4457 640.2807 631.1157 621.9504 617.9687 614.3457 610.7228 607.0998 605.4891 606.6888 607.8885 609.0882 610.2878 614.0699 618.1413 622.2126 626.2841 632.09 640.7105 649.3309 657.9514 666.5719 671.3589 675.5388 679.7187 683.8986 685.7619 683.2335 680.7051 678.1767 675.6483 673.8257 672.1505 670.4751 668.7997 666.7684 663.9421 661.1158 658.2894 655.4631 650.1392 644.1564 638.1739 632.1914 627.5673 626.5536 625.54 624.5264 623.5128 627.4166 632.9127 638.4088
602.8182 607.5877 616.1675 624.7474 633.3273 641.9072 644.2638 646.436 648.6082 650.7803 647.8043 638.6177 629.4312 620.2447 611.0579 607.3365 603.9934 600.6503 597.3072 596.1224 597.9518 599.7812 601.6106 603.44 608.1858 613.2582 618.3306 623.4033 630.0625 639.2965 648.5306 657.7646 666.9987 671.2004 674.6053 678.0101 681.415 682.3528 678.6134 674.8739 671.1345 667.3951 664.7 662.2227 659.7455 657.2682 654.6313 651.6382 648.645 645.6519 642.6587 638.4413 633.9011 629.361 624.821 621.9041 623.3017 624.6993 626.097 627.4946 633.0168 639.8746 646.7324
604.1814 608.7485 616.7687 624.7888 632.809 640.8291 641.0839 641.1085 641.1332 641.1578 636.9978 627.7897 618.5817 609.3737 600.1653 596.7043 593.6411 590.5778 587.5146 586.7556 589.2148 591.674 594.1331 596.5922 602.3016 608.3751 614.4487 620.5224 628.035 637.8826 647.7302 657.5778 667.4254 671.042 673.6718 676.3016 678.9314 678.9436 673.9932 669.0427 664.0923 659.142 655.5742 652.295 649.0159 645.7366 642.4943 639.3342 636.1743 633.0142 629.8542 626.7436 623.6458 620.5482 617.4506 616.241 620.0498 623.8586 627.6675 631.4763 638.6169 646.8364 655.0559
604.7687 608.922 615.9162 622.9103 629.9045 636.8987 635.2647 633.3749 631.4852 629.5954 624.569 615.7587 606.9483 598.138 589.3273 586.4564 583.9965 581.5366 579.0766 578.9908 582.2207 585.4504 588.6802 591.91 598.0839 604.5874 611.091 617.5948 625.2973 634.9453 644.5933 654.2413 663.8893 666.886 668.8293 670.7726 672.7159 672.0908 666.5963 661.1016 655.607 650.1124 646.2104 642.6406 639.0709 635.501 632.1753 629.3942 626.613 623.8319 621.0508 619.3179 617.8615 616.405 614.9485 615.4089 620.9639 626.5189 632.0741 637.6292 645.5498 654.2365 662.9232
603.8209 607.142 612.1878 617.2336 622.2794 627.3252 624.2236 620.8807 617.5376 614.1946 608.9299 601.3467 593.7635 586.1804 578.5969 576.9682 575.7516 574.535 573.3184 574.395 578.6745 582.9539 587.2332 591.5125 597.1628 602.9667 608.7705 614.5746 621.1547 628.9942 636.8338 644.6733 652.5129 654.8209 656.2529 657.6849 659.1169 658.4247 653.7052 648.9855 644.2661 639.5465 636.375 633.5265 630.678 627.8293 625.4529 624.1304 622.8079 621.4854 620.1629 620.3444 620.9225 621.5005 622.0786 624.135 630.1205 636.1061 642.092 648.0775 655.1196 662.5038 669.8879
602.8732 605.3621 608.4595 611.557 614.6545 617.752 613.183 608.3869 603.5906 598.7944 593.2913 586.9352 580.5792 574.2232 567.8669 567.4804 567.5071 567.5338 567.5604 569.7994 575.1285 580.4573 585.7862 591.115 596.2418 601.346 606.4502 611.5545 617.0121 623.0433 629.0745 635.1057 641.1368 642.7562 643.6769 644.5976 645.5183 644.759 640.8145 636.8699 632.9255 628.981 626.54 624.4127 622.2853 620.158 618.7308 618.8669 619.0029 619.139 619.275 621.3708 623.9834 626.5959 629.2084 632.8608 639.2769 645.6931 652.1094 658.5256 664.6891 670.7708 676.8524
601.9254 603.5821 604.7313 605.8804 607.0295 608.1787 602.1424 595.8931 589.6436 583.3942 577.6527 572.5238 567.3949 562.266 557.1369 557.9926 559.2625 560.5325 561.8024 565.2039 571.5825 577.9608 584.3392 590.7175 595.3208 599.7253 604.1298 608.5344 612.8696 617.0925 621.3152 625.538 629.7608 630.6915 631.101 631.5103 631.9197 631.0933 627.9239 624.7543 621.5849 618.4155 616.7049 615.2988 613.8927 612.4865 612.0087 613.6033 615.1979 616.7925 618.3871 622.3972 627.0443 631.6913 636.3382 641.5865 648.4332 655.28 662.1269 668.9736 674.2585 679.0377 683.817
600.9777 601.8021 601.003 600.2038 599.4047 598.6055 591.1017 583.3992 575.6965 567.994 562.0142 558.1124 554.2106 550.3088 546.4069 548.5048 551.018 553.5312 556.0444 560.6083 568.0364 575.4643 582.8922 590.32 594.3998 598.1046 601.8094 605.5143 608.7271 611.1415 613.556 615.9704 618.3848 618.6269 618.525 618.423 618.3212 617.4276 615.0332 612.6387 610.2443 607.85 606.8699 606.185 605.5001 604.8151 605.2866 608.3398 611.3929 614.4461 617.4993 623.4236 630.1052 636.7866 643.468 650.3123 657.5896 664.8669 672.1444 679.4217 683.828 687.3047 690.7814
