data/zism_data/00220_03_D.txt
ncols         224
nrows         224
[rows 0 to 27 of 224, columns 0 to 62 of 224]
724.7647 720.4336 716.1024 711.7713 708.2035 706.6444 705.0854 703.5263 701.9673 703.2852 705.6184 707.9517 710.2849 712.4205 713.7797 715.1389 716.498 717.8572 717.7886 717.006 716.2234 715.4409 714.4237 711.8425 709.2614 706.6802 704.0991 702.6519 701.9792 701.3065 700.6337 700.0 700.0 700.0 700.0 700.0 700.0 700.0 700.0 700.0 700.0 700.0 700.0 700.0 700.0 700.0 700.0 700.0 700.0 700.0 701.2049 702.5245 703.8441 705.1637 708.4599 715.025 721.5901 728.1552 734.7203 742.5955 750.7193 758.843 766.9668
729.9592 725.0791 720.199 715.3188 711.1487 708.8468 706.545 704.2431 701.9413 702.3254 703.6575 704.9896 706.3217 707.5512 708.3775 709.2039 710.0302 710.8565 710.8148 710.339 709.8632 709.3875 708.769 707.1998 705.6306 704.0613 702.4921 701.6122 701.2032 700.7943 700.3853 700.0 700.0 700.0 700.0 700.0 700.0 700.0 700.0 700.0 700.0 700.0 700.0 700.0 700.0 700.0 700.0 700.0 700.0 700.0 700.8903 701.8655 702.8406 703.8157 706.6113 712.4174 718.2236 724.0298 729.836 737.0926 744.6243 752.1559 759.6876
735.1539 729.7248 724.2957 718.8665 714.0939 711.0493 708.0046 704.96 701.9153 701.3656 701.6965 702.0275 702.3583 702.6817 702.9752 703.2686 703.562 703.8555 703.8407 703.6717 703.5027 703.3338 703.1142 702.5569 701.9996 701.4423 700.885 700.5726 700.4273 700.282 700.1368 700.0 700.0 700.0 700.0 700.0 700.0 700.0 700.0 700.0 700.0 700.0 700.0 700.0 700.0 700.0 700.0 700.0 700.0 700.0 700.5758 701.2064 701.837 702.4677 704.7625 709.8098 714.8571 719.9043 724.9515 731.5894 738.529 745.4686 752.4081
740.9449 735.1071 729.2692 723.4313 718.1899 714.5186 710.8472 707.1758 703.5045 702.1693 701.6586 701.148 700.6374 700.22 700.1693 700.1185 700.0677 700.0169 700.0 700.0 700.0 700.0 700.0 700.0 700.0 700.0 700.0 700.0 700.0 700.0 700.0 700.0 700.0 700.0 700.0 700.0 700.0 700.0 700.0 700.0 700.0 700.0095 700.0192 700.0289 700.0386 700.0396 700.0298 700.0202 700.0105 700.0009 700.3761 700.788 701.1998 701.6118 703.5034 707.8426 712.1817 716.5208 720.8599 726.9462 733.3638 739.7814 746.199
747.4673 741.3926 735.3179 729.2432 723.6968 719.541 715.3853 711.2294 707.0737 705.1346 703.9781 702.8215 701.665 700.7098 700.546 700.3823 700.2184 700.0546 700.0 700.0 700.0 700.0 700.0 700.0 700.0 700.0 700.0 700.0 700.0 700.0 700.0 700.0 700.0 700.0 700.0 700.0 700.0 700.0 700.0 700.0 700.0 700.0308 700.062 700.0931 700.1244 700.1275 700.0963 700.0651 700.0339 700.0027 700.3171 700.6644 701.0117 701.3589 702.967 706.6603 710.3535 714.0467 717.7399 723.3567 729.3383 735.3199 741.3016
753.9896 747.678 741.3665 735.0549 729.2036 724.5634 719.9231 715.2829 710.6427 708.0999 706.2975 704.495 702.6926 701.1996 700.9228 700.646 700.3691 700.0923 700.0 700.0 700.0 700.0 700.0 700.0 700.0 700.0 700.0 700.0 700.0 700.0 700.0 700.0 700.0 700.0 700.0 700.0 700.0 700.0 700.0 700.0 700.0 700.0519 700.1047 700.1574 700.2101 700.2155 700.1628 700.11 700.0573 700.0046 700.2581 700.5408 700.8235 701.1062 702.4307 705.478 708.5253 711.5727 714.62 719.7673 725.313 730.8586 736.4042
760.512 753.9636 747.4152 740.8669 734.7105 729.5858 724.4612 719.3365 714.2119 711.0653 708.6169 706.1686 703.7202 701.6895 701.2996 700.9097 700.5198 700.1299 700.0 700.0 700.0 700.0 700.0 700.0 700.0 700.0 700.0 700.0 700.0 700.0 700.0 700.0 700.0 700.0 700.0 700.0 700.0 700.0 700.0 700.0 700.0 700.0732 700.1475 700.2217 700.296 700.3035 700.2292 700.155 700.0807 700.0065 700.1992 700.4172 700.6353 700.8535 701.8942 704.2957 706.6971 709.0985 711.5 716.1779 721.2875 726.3971 731.5068
767.0342 760.249 753.4638 746.6786 740.2172 734.6082 728.9991 723.39 717.7809 714.0306 710.9363 707.842 704.7477 702.1793 701.6763 701.1735 700.6705 700.1677 700.0 700.0 700.0 700.0 700.0 700.0 700.0 700.0 700.0 700.0 700.0 700.0 700.0 700.0 700.0 700.0 700.0 700.0 700.0 700.0 700.0 700.0 700.0 700.0944 700.1902 700.286 700.3818 700.3915 700.2957 700.1999 700.1041 700.0083 700.1401 700.2936 700.4472 700.6007 701.3578 703.1134 704.869 706.6245 708.3801 712.5885 717.2621 721.9358 726.6094
771.3566 764.6247 757.8929 751.161 744.6968 738.9371 733.1772 727.4175 721.6577 717.5479 714.0206 710.4932 706.9658 703.9723 703.0759 702.1794 701.283 700.3866 700.0749 700.0555 700.0362 700.0168 700.0 700.0 700.0 700.0 700.0 700.0 700.0 700.0 700.0 700.0 700.0 700.0 700.0 700.0 700.0782 700.2281 700.3781 700.528 700.6779 701.1151 701.5564 701.9977 702.4391 702.599 702.414 702.2289 702.0439 701.8589 701.7562 701.6613 701.5665 701.4716 701.8926 703.1667 704.4409 705.715 706.9891 710.5632 714.5736 718.584 722.5944
775.4307 768.785 762.1392 755.4935 749.0606 743.1878 737.3149 731.4422 725.5693 721.1277 717.1913 713.2548 709.3184 705.9125 704.5909 703.2692 701.9476 700.626 700.1582 700.1173 700.0764 700.0355 700.0 700.0 700.0 700.0 700.0 700.0 700.0 700.0 700.0 700.0 700.0 700.0 700.0 700.0 700.1653 700.4821 700.7988 701.1157 701.4324 702.2486 703.0721 703.8956 704.7191 705.0459 704.764 704.4821 704.2001 703.9182 703.5614 703.1974 702.8334 702.4694 702.5483 703.3595 704.1708 704.982 705.7933 708.7145 712.0359 715.3573 718.6787
779.5046 772.9451 766.3854 759.8259 753.4243 747.4384 741.4525 735.4667 729.4808 724.7074 720.3619 716.0164 711.6709 707.8527 706.1058 704.359 702.6122 700.8654 700.2415 700.1791 700.1167 700.0543 700.0 700.0 700.0 700.0 700.0 700.0 700.0 700.0 700.0 700.0 700.0 700.0 700.0 700.0 700.2523 700.736 701.2196 701.7032 702.1869 703.3821 704.5877 705.7933 706.999 707.4927 707.1139 706.7351 706.3563 705.9775 705.3665 704.7334 704.1003 703.4672 703.204 703.5523 703.9007 704.2491 704.5975 706.8658 709.4983 712.1308 714.7632
783.5788 777.1053 770.6318 764.1584 757.788 751.6891 745.5903 739.4914 733.3925 728.2872 723.5327 718.7781 714.0234 709.7928 707.6208 705.4489 703.2768 701.1048 700.3248 700.2408 700.1569 700.073 700.0 700.0 700.0 700.0 700.0 700.0 700.0 700.0 700.0 700.0 700.0 700.0 700.0 700.0 700.3394 700.9899 701.6404 702.2909 702.9414 704.5156 706.1034 707.6912 709.2789 709.9396 709.4639 708.9882 708.5125 708.0369 707.1717 706.2695 705.3672 704.465 703.8596 703.7452 703.6307 703.5162 703.4017 705.0171 706.9606 708.9041 710.8477
786.2524 779.8032 773.3541 766.905 760.532 754.3594 748.1868 742.0142 735.8416 730.5504 725.5702 720.59 715.6098 711.1424 708.6893 706.2363 703.7831 701.3301 700.4371 700.3242 700.2112 700.0982 700.0 700.0 700.0 700.0 700.0 700.0 700.0 700.0 700.0 700.0 700.0 700.0 700.0 700.0 700.4831 701.4091 702.335 703.2609 704.1869 706.2708 708.3718 710.4727 712.5737 713.5349 713.099 712.6631 712.2272 711.7913 710.8702 709.9029 708.9356 707.9683 707.1403 706.5423 705.9443 705.3464 704.7484 705.6006 706.7279 707.8552 708.9824
786.3002 779.7596 773.2189 766.6783 760.239 754.0664 747.8938 741.7213 735.5486 730.3449 725.4832 720.6214 715.7596 711.3844 708.9206 706.4567 703.9929 701.529 700.6037 700.4477 700.2917 700.1357 700.0 700.0 700.0 700.0 700.0 700.0 700.0 700.0 700.0 700.0 700.0 700.0 700.0 700.0 700.733 702.1381 703.543 704.9481 706.3531 709.1919 712.0518 714.9117 717.7715 719.2838 719.1439 719.004 718.8642 718.7243 718.119 717.4692 716.8195 716.1698 715.3429 714.2228 713.1027 711.9827 710.8626 710.7448 710.817 710.8893 710.9615
786.348 779.7159 773.0837 766.4517 759.946 753.7734 747.6008 741.4283 735.2557 730.1395 725.3961 720.6528 715.9094 711.6264 709.1518 706.6772 704.2026 701.728 700.7703 700.5713 700.3722 700.1731 700.0 700.0 700.0 700.0 700.0 700.0 700.0 700.0 700.0 700.0 700.0 700.0 700.0 700.0 700.983 702.867 704.7511 706.6351 708.5192 712.1129 715.7317 719.3505 722.9692 725.0324 725.1886 725.3448 725.501 725.6572 725.3674 725.0353 724.7032 724.371 723.5452 721.9031 720.2609 718.6188 716.9766 715.8888 714.9061 713.9233 712.9406
786.3958 779.6722 772.9486 766.225 759.6531 753.4805 747.3079 741.1353 734.9626 729.934 725.3091 720.6841 716.0592 711.8684 709.3831 706.8976 704.4123 701.9269 700.937 700.6948 700.4527 700.2106 700.0 700.0 700.0 700.0 700.0 700.0 700.0 700.0 700.0 700.0 700.0 700.0 700.0 700.0 701.2329 703.596 705.9592 708.3223 710.6854 715.0339 719.4117 723.7894 728.1672 730.7813 731.2335 731.6857 732.138 732.5902 732.6162 732.6016 732.587 732.5725 731.7479 729.5836 727.4194 725.2551 723.0909 721.033 718.9952 716.9575 714.9197
786.4437 779.6285 772.8134 765.9983 759.3601 753.1875 747.0149 740.8423 734.6697 729.7286 725.222 720.7155 716.209 712.1104 709.6143 707.1181 704.6219 702.1258 701.1036 700.8184 700.5332 700.248 700.0 700.0 700.0 700.0 700.0 700.0 700.0 700.0 700.0 700.0 700.0 700.0 700.0 700.0 701.4828 704.325 707.1672 710.0093 712.8515 717.9549 723.0916 728.2282 733.3649 736.5299 737.2782 738.0265 738.7748 739.523 739.8647 740.1677 740.4707 740.7737 739.9503 737.2639 734.5776 731.8912 729.2049 726.177 723.0842 719.9915 716.8988
785.0806 777.8265 770.5724 763.3182 756.3206 749.9978 743.675 737.3523 731.0295 726.3492 722.2485 718.1479 714.0473 710.3458 708.2121 706.0784 703.9447 701.811 700.9382 700.6957 700.4533 700.2108 700.0067 700.0582 700.1097 700.1612 700.2126 700.4044 700.6918 700.9792 701.2667 701.5768 702.2546 702.9326 703.6104 704.2883 706.1685 709.1508 712.133 715.1152 718.0975 723.1052 728.1428 733.1802 738.2177 741.5537 742.804 744.0542 745.3045 746.5547 747.4846 748.384 749.2835 750.1829 749.8157 747.3538 744.8919 742.43 739.9681 736.7419 733.3708 729.9996 726.6285
783.3584 775.5768 767.7952 760.0135 752.5817 746.0706 739.5594 733.0483 726.5371 722.1617 718.5402 714.9186 711.297 708.0702 706.394 704.7178 703.0417 701.3655 700.6882 700.5104 700.3325 700.1547 700.0151 700.1312 700.2473 700.3634 700.4795 700.9117 701.5598 702.2078 702.8559 703.555 705.0834 706.6117 708.1401 709.6685 711.9834 715.0195 718.0555 721.0916 724.1277 728.8232 733.5432 738.2631 742.983 746.3932 748.1979 750.0025 751.8072 753.6118 755.1994 756.7662 758.3331 759.9 760.1049 758.0574 756.01 753.9625 751.9151 748.6871 745.2352 741.7834 738.3315
781.6362 773.3271 765.0181 756.709 748.8431 742.1435 735.4439 728.7444 722.0449 717.9744 714.8319 711.6894 708.5469 705.7947 704.576 703.3574 702.1387 700.92 700.4383 700.325 700.2118 700.0985 700.0236 700.2042 700.3849 700.5656 700.7463 701.4189 702.4277 703.4363 704.4451 705.5331 707.912 710.2908 712.6696 715.0483 717.7982 720.888 723.9779 727.0678 730.1577 734.541 738.9434 743.3458 747.7481 751.2325 753.5916 755.9506 758.3096 760.6687 762.9138 765.1481 767.3824 769.6167 770.3937 768.7607 767.1277 765.4947 763.8617 760.632 757.0994 753.5668 750.0342
779.914 771.0775 762.2408 753.4042 745.1042 738.2163 731.3283 724.4404 717.5525 713.7869 711.1235 708.46 705.7966 703.5191 702.758 701.9968 701.2357 700.4745 700.1884 700.1397 700.091 700.0424 700.032 700.2773 700.5225 700.7678 701.0131 701.9263 703.2956 704.6649 706.0342 707.5114 710.7407 713.9699 717.1992 720.4285 723.613 726.7568 729.9005 733.0442 736.1879 740.259 744.3438 748.4286 752.5134 756.0719 758.9854 761.8989 764.8123 767.7258 770.6286 773.5303 776.4321 779.3338 780.6829 779.4644 778.2458 777.0273 775.8087 772.5771 768.9639 765.3505 761.7372
778.3853 769.0371 759.689 750.3408 741.6324 734.6078 727.5832 720.5586 713.5339 710.0859 707.9001 705.7144 703.5287 701.7106 701.3367 700.9628 700.5888 700.2148 700.1459 700.2295 700.313 700.3965 700.534 701.0309 701.5277 702.0246 702.5214 703.8416 705.7241 707.6065 709.489 711.4911 715.4382 719.3853 723.3324 727.2795 730.7787 733.8676 736.9563 740.045 743.1339 746.8141 750.5031 754.1921 757.881 761.3974 764.7021 768.007 771.3117 774.6165 778.0634 781.5237 784.9842 788.4446 790.3016 789.5068 788.712 787.9171 787.1223 783.9239 780.2696 776.6154 772.9611
777.4481 767.637 757.826 748.015 738.9772 731.9741 724.9709 717.9679 710.9647 707.8724 706.1603 704.4482 702.7361 701.3305 701.1288 700.9271 700.7254 700.5237 700.7382 701.1608 701.5834 702.006 702.5458 703.8661 705.1865 706.5068 707.8272 710.0636 712.9257 715.7876 718.6497 721.5927 725.8519 730.1112 734.3705 738.6298 742.0761 744.7773 747.4786 750.1799 752.8811 755.9299 758.9838 762.0377 765.0915 768.2097 771.4069 774.6039 777.801 780.9982 784.6421 788.3286 792.0151 795.7015 797.8698 797.527 797.1843 796.8416 796.4988 793.4404 789.8669 786.2933 782.7198
776.5108 766.2369 755.9631 745.6891 736.3218 729.3403 722.3586 715.3771 708.3955 705.6588 704.4204 703.182 701.9435 700.9504 700.9209 700.8914 700.8619 700.8325 701.3304 702.0922 702.8539 703.6156 704.5576 706.7015 708.8453 710.9892 713.1331 716.2857 720.1273 723.9689 727.8105 731.6944 736.2659 740.8373 745.4088 749.9802 753.3737 755.6874 758.0011 760.3148 762.6285 765.0458 767.4645 769.8833 772.3021 775.0222 778.1116 781.201 784.2905 787.3799 791.2209 795.1335 799.0461 802.9586 805.4381 805.5475 805.6569 805.7662 805.8756 802.9571 799.4643 795.9715 792.4786
775.5736 764.8369 754.1001 743.3633 733.6665 726.7064 719.7463 712.7863 705.8262 703.4453 702.6805 701.9157 701.1509 700.5703 700.7131 700.8558 700.9985 701.1412 701.9227 703.0235 704.1243 705.2251 706.5694 709.5367 712.5042 715.4716 718.4389 722.5078 727.329 732.1501 736.9713 741.7961 746.6797 751.5634 756.447 761.3307 764.6713 766.5974 768.5236 770.4498 772.3759 774.1616 775.9453 777.7289 779.5126 781.8346 784.8163 787.7982 790.78 793.7618 797.7998 801.9384 806.077 810.2157 813.0064 813.5679 814.1294 814.6909 815.2523 812.4738 809.0617 805.6496 802.2375
774.6364 763.4368 752.2371 741.0375 731.0112 724.0726 717.1341 710.1956 703.257 701.2318 700.9406 700.6495 700.3584 700.1902 700.5052 700.8201 701.1351 701.4501 702.515 703.9549 705.3948 706.8347 708.5812 712.3721 716.163 719.9539 723.7448 728.7299 734.5307 740.3314 746.1321 751.8978 757.0937 762.2895 767.4853 772.6812 775.9688 777.5074 779.0461 780.5847 782.1234 783.2775 784.4261 785.5746 786.7232 788.647 791.5211 794.3953 797.2694 800.1436 804.3787 808.7433 813.108 817.4727 820.5747 821.5883 822.6019 823.6155 824.6291 821.9904 818.6591 815.3278 811.9965
772.2889 760.7725 749.256 737.7394 727.6442 721.2888 714.9334 708.5781 702.2227 700.5226 700.4655 700.4084 700.3513 700.517 701.5583 702.5997 703.6411 704.6824 706.5825 708.9119 711.2413 713.5707 716.1762 720.6221 725.0681 729.514 733.96 739.3214 745.3079 751.2944 757.2809 763.22 768.3873 773.5546 778.7219 783.8891 787.211 788.8414 790.4717 792.1021 793.7324 794.5978 795.452 796.3062 797.1603 798.7424 801.2169 803.6913 806.1657 808.6401 812.5717 816.642 820.7122 824.7825 827.7628 828.9402 830.1176 831.295 832.4724 830.0127 826.8632 823.7137 820.5642
769.3245 757.5551 745.7856 734.0161 723.9657 718.4393 712.9128 707.3864 701.86 700.4716 700.5436 700.6157 700.6878 701.1531 703.1633 705.1735 707.1837 709.1938 712.1704 715.6302 719.09 722.5497 726.2139 731.2411 736.2684 741.2957 746.3229 751.8243 757.6494 763.4744 769.2995 775.0762 780.0658 785.0555 790.0451 795.0347 798.429 800.3607 802.2925 804.2243 806.1561 806.8826 807.5914 808.3003 809.0091 810.2742 812.2211 814.168 816.115 818.0619 821.4709 825.019 828.5672 832.1154 834.7845 835.9996 837.2147 838.4297 839.6448 837.3812 834.4578 831.5343 828.6109
