data/zism_data/00225_01_D.txt
ncols         224
nrows         224
[rows 84 to 111 of 224, columns 126 to 188 of 224]
1239.84 1235.903 1231.965 1228.027 1224.09 1220.271 1216.542 1212.814 1209.085 1205.397 1204.428 1203.458 1202.489 1201.52 1200.966 1200.894 1200.822 1200.749 1200.677 1200.652 1200.631 1200.61 1200.59 1200.577 1200.577 1200.577 1200.577 1200.577 1200.577 1200.577 1200.577 1200.577 1200.782 1201.568 1202.354 1203.14 1203.926 1206.908 1210.786 1214.665 1218.543 1222.457 1226.559 1230.661 1234.763 1238.866 1241.668 1243.635 1245.603 1247.57 1249.431 1249.557 1249.684 1249.811 1249.938 1249.979 1249.936 1249.894 1249.852 1249.81 1248.641 1247.422 1246.202
1241.386 1237.572 1233.757 1229.942 1226.128 1222.193 1218.165 1214.137 1210.11 1206.124 1204.995 1203.865 1202.735 1201.606 1200.949 1200.839 1200.73 1200.62 1200.51 1200.472 1200.441 1200.409 1200.378 1200.358 1200.358 1200.358 1200.358 1200.358 1200.358 1200.358 1200.358 1200.358 1200.55 1201.288 1202.026 1202.764 1203.502 1206.576 1210.604 1214.632 1218.66 1222.7 1226.802 1230.904 1235.007 1239.109 1241.908 1243.87 1245.832 1247.794 1249.647 1249.725 1249.804 1249.883 1249.961 1249.987 1249.96 1249.934 1249.908 1249.882 1248.944 1247.965 1246.986
1242.933 1239.241 1235.549 1231.857 1228.166 1224.115 1219.788 1215.461 1211.134 1206.851 1205.562 1204.272 1202.982 1201.692 1200.932 1200.785 1200.637 1200.49 1200.343 1200.292 1200.25 1200.208 1200.166 1200.139 1200.139 1200.139 1200.139 1200.139 1200.139 1200.139 1200.139 1200.139 1200.319 1201.009 1201.698 1202.388 1203.078 1206.245 1210.422 1214.6 1218.778 1222.943 1227.046 1231.148 1235.25 1239.352 1242.148 1244.105 1246.061 1248.018 1249.863 1249.893 1249.924 1249.954 1249.985 1249.995 1249.985 1249.974 1249.964 1249.954 1249.247 1248.508 1247.77
1244.13 1240.457 1236.785 1233.113 1229.441 1225.26 1220.689 1216.117 1211.546 1207.021 1205.676 1204.331 1202.986 1201.641 1200.847 1200.69 1200.533 1200.375 1200.218 1200.163 1200.119 1200.074 1200.029 1200.0 1200.0 1200.0 1200.0 1200.0 1200.016 1200.035 1200.055 1200.074 1200.297 1201.095 1201.892 1202.69 1203.488 1206.792 1211.119 1215.447 1219.774 1224.049 1228.047 1232.046 1236.045 1240.044 1242.731 1244.575 1246.419 1248.263 1250.0 1250.0 1250.0 1250.0 1250.0 1250.0 1250.0 1250.0 1250.0 1250.0 1249.473 1248.922 1248.371
1244.719 1240.886 1237.054 1233.221 1229.389 1225.054 1220.333 1215.612 1210.891 1206.22 1205.004 1203.787 1202.57 1201.354 1200.646 1200.526 1200.406 1200.286 1200.166 1200.125 1200.09 1200.056 1200.022 1200.0 1200.0 1200.0 1200.0 1200.0 1200.059 1200.132 1200.205 1200.278 1200.639 1201.816 1202.993 1204.17 1205.347 1208.868 1213.345 1217.822 1222.298 1226.654 1230.37 1234.085 1237.801 1241.516 1243.91 1245.455 1247.0 1248.545 1250.0 1250.0 1250.0 1250.0 1250.0 1250.0 1250.0 1250.0 1250.0 1250.0 1249.565 1249.11 1248.656
1245.308 1241.315 1237.323 1233.33 1229.337 1224.848 1219.977 1215.106 1210.236 1205.42 1204.331 1203.243 1202.155 1201.066 1200.444 1200.362 1200.279 1200.197 1200.114 1200.086 1200.062 1200.039 1200.015 1200.0 1200.0 1200.0 1200.0 1200.0 1200.103 1200.229 1200.355 1200.482 1200.981 1202.538 1204.094 1205.651 1207.207 1210.944 1215.57 1220.197 1224.823 1229.26 1232.692 1236.124 1239.556 1242.989 1245.09 1246.336 1247.581 1248.827 1250.0 1250.0 1250.0 1250.0 1250.0 1250.0 1250.0 1250.0 1250.0 1250.0 1249.657 1249.299 1248.94
1245.898 1241.744 1237.591 1233.438 1229.285 1224.642 1219.621 1214.601 1209.581 1204.619 1203.659 1202.699 1201.739 1200.778 1200.243 1200.198 1200.153 1200.108 1200.063 1200.047 1200.034 1200.021 1200.008 1200.0 1200.0 1200.0 1200.0 1200.0 1200.146 1200.326 1200.506 1200.685 1201.323 1203.259 1205.195 1207.131 1209.067 1213.02 1217.796 1222.572 1227.348 1231.865 1235.014 1238.163 1241.312 1244.461 1246.27 1247.216 1248.162 1249.109 1250.0 1250.0 1250.0 1250.0 1250.0 1250.0 1250.0 1250.0 1250.0 1250.0 1249.749 1249.487 1249.224
1246.487 1242.173 1237.86 1233.546 1229.233 1224.435 1219.266 1214.096 1208.926 1203.819 1202.987 1202.155 1201.323 1200.491 1200.041 1200.034 1200.026 1200.018 1200.011 1200.008 1200.006 1200.004 1200.001 1200.0 1200.0 1200.0 1200.0 1200.0 1200.189 1200.423 1200.656 1200.889 1201.665 1203.981 1206.296 1208.611 1210.927 1215.096 1220.021 1224.947 1229.873 1234.47 1237.336 1240.202 1243.068 1245.934 1247.449 1248.096 1248.743 1249.39 1250.0 1250.0 1250.0 1250.0 1250.0 1250.0 1250.0 1250.0 1250.0 1250.0 1249.841 1249.675 1249.509
1246.65 1242.333 1238.016 1233.7 1229.384 1224.553 1219.327 1214.101 1208.875 1203.713 1202.894 1202.076 1201.257 1200.439 1200.0 1200.0 1200.0 1200.0 1200.0 1200.0 1200.0 1200.0 1200.0 1200.023 1200.087 1200.151 1200.214 1200.278 1200.661 1201.118 1201.574 1202.031 1203.041 1205.616 1208.192 1210.767 1213.343 1217.513 1222.333 1227.153 1231.974 1236.438 1239.025 1241.612 1244.199 1246.786 1248.092 1248.576 1249.06 1249.544 1249.999 1249.973 1249.948 1249.922 1249.896 1249.871 1249.845 1249.82 1249.794 1249.769 1249.628 1249.481 1249.335
1246.703 1242.423 1238.144 1233.865 1229.586 1224.754 1219.496 1214.238 1208.979 1203.786 1202.951 1202.116 1201.282 1200.448 1200.0 1200.0 1200.0 1200.0 1200.0 1200.0 1200.0 1200.0 1200.0 1200.052 1200.196 1200.34 1200.484 1200.628 1201.243 1201.966 1202.69 1203.414 1204.681 1207.487 1210.292 1213.097 1215.903 1220.017 1224.667 1229.316 1233.965 1238.242 1240.551 1242.86 1245.169 1247.478 1248.598 1248.954 1249.309 1249.665 1249.997 1249.939 1249.882 1249.824 1249.766 1249.709 1249.651 1249.594 1249.536 1249.479 1249.336 1249.189 1249.043
1246.755 1242.514 1238.272 1234.03 1229.789 1224.954 1219.664 1214.374 1209.084 1203.858 1203.008 1202.157 1201.307 1200.456 1200.0 1200.0 1200.0 1200.0 1200.0 1200.0 1200.0 1200.0 1200.0 1200.081 1200.305 1200.529 1200.753 1200.977 1201.824 1202.815 1203.806 1204.797 1206.322 1209.357 1212.392 1215.427 1218.462 1222.522 1227.001 1231.479 1235.957 1240.046 1242.077 1244.108 1246.139 1248.17 1249.103 1249.331 1249.558 1249.786 1249.995 1249.905 1249.816 1249.726 1249.636 1249.547 1249.457 1249.367 1249.278 1249.188 1249.044 1248.898 1248.751
1246.808 1242.604 1238.4 1234.196 1229.991 1225.155 1219.833 1214.511 1209.189 1203.931 1203.064 1202.198 1201.331 1200.465 1200.0 1200.0 1200.0 1200.0 1200.0 1200.0 1200.0 1200.0 1200.0 1200.11 1200.414 1200.719 1201.023 1201.327 1202.406 1203.664 1204.922 1206.181 1207.962 1211.227 1214.492 1217.757 1221.022 1225.027 1229.334 1233.642 1237.949 1241.849 1243.603 1245.356 1247.109 1248.862 1249.609 1249.708 1249.807 1249.906 1249.993 1249.871 1249.75 1249.628 1249.506 1249.385 1249.263 1249.141 1249.019 1248.898 1248.752 1248.606 1248.459
1246.801 1242.589 1238.378 1234.166 1229.955 1225.115 1219.792 1214.469 1209.147 1203.889 1203.031 1202.174 1201.317 1200.46 1200.001 1200.004 1200.006 1200.008 1200.011 1200.049 1200.09 1200.131 1200.172 1200.347 1200.76 1201.172 1201.584 1201.996 1203.271 1204.745 1206.22 1207.695 1209.671 1213.069 1216.467 1219.865 1223.263 1227.167 1231.278 1235.389 1239.5 1243.2 1244.734 1246.267 1247.8 1249.334 1249.936 1249.94 1249.943 1249.947 1249.941 1249.783 1249.624 1249.466 1249.307 1249.135 1248.952 1248.767 1248.583 1248.4 1248.212 1248.024 1247.837
1246.588 1242.216 1237.844 1233.472 1229.1 1224.251 1219.036 1213.82 1208.604 1203.452 1202.691 1201.93 1201.169 1200.408 1200.006 1200.019 1200.032 1200.045 1200.058 1200.263 1200.486 1200.709 1200.931 1201.296 1201.912 1202.527 1203.142 1203.757 1205.105 1206.622 1208.14 1209.657 1211.614 1214.814 1218.014 1221.214 1224.414 1228.06 1231.888 1235.716 1239.543 1243.002 1244.514 1246.026 1247.538 1249.051 1249.654 1249.674 1249.693 1249.713 1249.719 1249.507 1249.295 1249.083 1248.871 1248.589 1248.24 1247.89 1247.541 1247.191 1246.823 1246.453 1246.084
1246.375 1241.843 1237.31 1232.778 1228.246 1223.388 1218.279 1213.17 1208.061 1203.016 1202.351 1201.686 1201.021 1200.357 1200.011 1200.035 1200.059 1200.082 1200.106 1200.478 1200.882 1201.286 1201.691 1202.245 1203.064 1203.882 1204.7 1205.518 1206.939 1208.499 1210.059 1211.62 1213.556 1216.558 1219.561 1222.563 1225.566 1228.953 1232.498 1236.042 1239.587 1242.804 1244.295 1245.786 1247.276 1248.767 1249.372 1249.408 1249.443 1249.479 1249.497 1249.232 1248.967 1248.701 1248.436 1248.043 1247.528 1247.013 1246.498 1245.982 1245.433 1244.882 1244.331
1246.162 1241.469 1236.777 1232.084 1227.392 1222.524 1217.522 1212.52 1207.518 1202.58 1202.011 1201.442 1200.874 1200.305 1200.016 1200.051 1200.085 1200.12 1200.154 1200.692 1201.278 1201.864 1202.451 1203.194 1204.216 1205.237 1206.258 1207.28 1208.773 1210.376 1211.979 1213.582 1215.498 1218.303 1221.108 1223.913 1226.717 1229.846 1233.108 1236.369 1239.631 1242.606 1244.076 1245.545 1247.014 1248.484 1249.09 1249.142 1249.193 1249.245 1249.275 1248.957 1248.638 1248.319 1248.0 1247.497 1246.816 1246.135 1245.455 1244.774 1244.043 1243.311 1242.578
1245.949 1241.096 1236.243 1231.39 1226.537 1221.661 1216.765 1211.87 1206.974 1202.143 1201.671 1201.198 1200.726 1200.253 1200.021 1200.066 1200.111 1200.156 1200.202 1200.907 1201.674 1202.442 1203.21 1204.143 1205.368 1206.592 1207.816 1209.041 1210.607 1212.253 1213.899 1215.544 1217.441 1220.048 1222.655 1225.262 1227.869 1230.74 1233.718 1236.696 1239.674 1242.408 1243.856 1245.304 1246.752 1248.2 1248.808 1248.876 1248.944 1249.011 1249.053 1248.681 1248.309 1247.937 1247.564 1246.951 1246.105 1245.258 1244.412 1243.565 1242.654 1241.739 1240.825
1245.392 1240.445 1235.499 1230.553 1225.606 1220.779 1216.043 1211.307 1206.571 1201.898 1201.49 1201.082 1200.675 1200.267 1200.084 1200.161 1200.237 1200.314 1200.391 1201.207 1202.094 1202.98 1203.866 1204.926 1206.29 1207.654 1209.018 1210.382 1211.984 1213.641 1215.298 1216.955 1218.816 1221.257 1223.698 1226.139 1228.58 1231.236 1233.98 1236.725 1239.469 1241.998 1243.393 1244.788 1246.183 1247.578 1248.19 1248.298 1248.406 1248.515 1248.594 1248.196 1247.798 1247.401 1247.003 1246.366 1245.498 1244.63 1243.762 1242.893 1242.096 1241.302 1240.508
1244.656 1239.65 1234.645 1229.64 1224.635 1219.888 1215.339 1210.79 1206.241 1201.753 1201.393 1201.033 1200.674 1200.314 1200.176 1200.296 1200.416 1200.535 1200.655 1201.553 1202.525 1203.496 1204.468 1205.621 1207.092 1208.563 1210.034 1211.505 1213.123 1214.774 1216.426 1218.077 1219.896 1222.187 1224.478 1226.77 1229.061 1231.526 1234.062 1236.598 1239.133 1241.476 1242.802 1244.127 1245.453 1246.778 1247.395 1247.557 1247.719 1247.881 1248.009 1247.601 1247.193 1246.784 1246.376 1245.761 1244.947 1244.132 1243.317 1242.502 1241.973 1241.456 1240.94
1243.919 1238.855 1233.791 1228.727 1223.663 1218.996 1214.635 1210.273 1205.911 1201.608 1201.296 1200.984 1200.673 1200.361 1200.269 1200.432 1200.594 1200.756 1200.919 1201.898 1202.956 1204.013 1205.07 1206.316 1207.894 1209.472 1211.05 1212.628 1214.261 1215.907 1217.554 1219.2 1220.975 1223.117 1225.259 1227.4 1229.542 1231.816 1234.143 1236.47 1238.798 1240.954 1242.21 1243.466 1244.723 1245.979 1246.601 1246.816 1247.031 1247.247 1247.425 1247.006 1246.587 1246.168 1245.749 1245.156 1244.395 1243.633 1242.872 1242.11 1241.849 1241.611 1241.373
1243.183 1238.06 1232.937 1227.815 1222.692 1218.105 1213.93 1209.755 1205.581 1201.463 1201.199 1200.935 1200.672 1200.408 1200.362 1200.567 1200.772 1200.978 1201.183 1202.244 1203.387 1204.529 1205.672 1207.011 1208.696 1210.381 1212.066 1213.751 1215.4 1217.041 1218.682 1220.322 1222.055 1224.047 1226.039 1228.031 1230.023 1232.105 1234.224 1236.343 1238.462 1240.433 1241.619 1242.806 1243.992 1245.179 1245.807 1246.075 1246.344 1246.613 1246.841 1246.411 1245.981 1245.552 1245.122 1244.551 1243.843 1243.135 1242.427 1241.719 1241.726 1241.766 1241.805
1242.405 1237.264 1232.124 1226.983 1221.843 1217.359 1213.38 1209.401 1205.421 1201.496 1201.261 1201.026 1200.791 1200.555 1200.544 1200.79 1201.037 1201.283 1201.53 1202.667 1203.89 1205.113 1206.335 1207.759 1209.535 1211.311 1213.087 1214.864 1216.515 1218.138 1219.761 1221.384 1223.066 1224.915 1226.765 1228.614 1230.464 1232.358 1234.271 1236.184 1238.097 1239.884 1241.005 1242.127 1243.248 1244.369 1245.003 1245.325 1245.646 1245.967 1246.245 1245.818 1245.391 1244.964 1244.537 1244.0 1243.357 1242.713 1242.069 1241.425 1241.69 1241.995 1242.301
1241.188 1236.459 1231.73 1227.001 1222.272 1218.127 1214.431 1210.735 1207.039 1203.39 1202.979 1202.567 1202.156 1201.744 1201.65 1201.923 1202.197 1202.47 1202.743 1203.903 1205.147 1206.391 1207.635 1209.047 1210.753 1212.46 1214.167 1215.874 1217.391 1218.864 1220.337 1221.811 1223.364 1225.144 1226.924 1228.704 1230.484 1232.229 1233.961 1235.692 1237.423 1239.054 1240.154 1241.254 1242.354 1243.453 1244.105 1244.469 1244.833 1245.197 1245.523 1245.241 1244.958 1244.676 1244.393 1244.017 1243.549 1243.082 1242.615 1242.147 1242.557 1243.007 1243.457
1239.971 1235.654 1231.336 1227.019 1222.701 1218.895 1215.482 1212.069 1208.656 1205.284 1204.697 1204.109 1203.521 1202.933 1202.757 1203.057 1203.357 1203.657 1203.957 1205.138 1206.404 1207.669 1208.934 1210.334 1211.972 1213.609 1215.246 1216.884 1218.266 1219.59 1220.914 1222.237 1223.662 1225.372 1227.083 1228.794 1230.504 1232.1 1233.65 1235.2 1236.749 1238.224 1239.302 1240.381 1241.459 1242.538 1243.207 1243.614 1244.021 1244.427 1244.802 1244.664 1244.526 1244.387 1244.249 1244.033 1243.742 1243.451 1243.16 1242.869 1243.425 1244.019 1244.613
1238.754 1234.848 1230.942 1227.036 1223.13 1219.663 1216.533 1213.404 1210.274 1207.178 1206.414 1205.65 1204.886 1204.122 1203.864 1204.19 1204.517 1204.844 1205.17 1206.373 1207.66 1208.947 1210.234 1211.622 1213.19 1214.758 1216.326 1217.894 1219.142 1220.316 1221.49 1222.664 1223.96 1225.601 1227.242 1228.883 1230.524 1231.971 1233.339 1234.707 1236.075 1237.393 1238.451 1239.508 1240.565 1241.622 1242.309 1242.759 1243.208 1243.658 1244.081 1244.087 1244.093 1244.099 1244.105 1244.05 1243.935 1243.82 1243.706 1243.591 1244.292 1245.031 1245.769
1237.538 1234.043 1230.548 1227.054 1223.559 1220.431 1217.585 1214.738 1211.892 1209.073 1208.132 1207.192 1206.251 1205.311 1204.97 1205.323 1205.677 1206.03 1206.384 1207.609 1208.917 1210.225 1211.533 1212.91 1214.409 1215.907 1217.406 1218.904 1220.018 1221.042 1222.066 1223.091 1224.258 1225.829 1227.401 1228.973 1230.544 1231.842 1233.029 1234.215 1235.401 1236.563 1237.599 1238.635 1239.671 1240.707 1241.411 1241.904 1242.396 1242.888 1243.36 1243.51 1243.661 1243.811 1243.961 1244.066 1244.128 1244.189 1244.251 1244.313 1245.16 1246.042 1246.925
1236.414 1233.267 1230.121 1226.974 1223.827 1220.987 1218.382 1215.777 1213.172 1210.59 1209.593 1208.595 1207.597 1206.599 1206.248 1206.645 1207.042 1207.438 1207.835 1209.051 1210.344 1211.638 1212.931 1214.285 1215.744 1217.204 1218.663 1220.122 1221.168 1222.118 1223.067 1224.017 1225.098 1226.553 1228.008 1229.463 1230.918 1232.071 1233.101 1234.13 1235.16 1236.179 1237.143 1238.108 1239.073 1240.037 1240.735 1241.262 1241.788 1242.315 1242.827 1243.108 1243.389 1243.669 1243.95 1244.192 1244.397 1244.601 1244.806 1245.011 1245.856 1246.731 1247.606
1235.378 1232.52 1229.661 1226.803 1223.945 1221.345 1218.943 1216.541 1214.139 1211.758 1210.814 1209.87 1208.925 1207.981 1207.686 1208.141 1208.597 1209.052 1209.508 1210.685 1211.93 1213.176 1214.421 1215.74 1217.189 1218.637 1220.086 1221.535 1222.574 1223.518 1224.462 1225.407 1226.442 1227.737 1229.032 1230.327 1231.621 1232.633 1233.529 1234.425 1235.321 1236.209 1237.056 1237.903 1238.75 1239.597 1240.265 1240.818 1241.372 1241.925 1242.469 1242.868 1243.266 1243.664 1244.062 1244.419 1244.736 1245.053 1245.37 1245.687 1246.394 1247.119 1247.844
