data/zism_data/00227_01_D.txt
ncols         224
nrows         224
[rows 140 to 167 of 224, columns 64 to 127 of 224]
4636.007 4632.662 4629.317 4625.972 4623.723 4621.805 4619.886 4617.968 4616.389 4615.932 4615.475 4615.019 4614.562 4612.511 4609.763 4607.014 4604.266 4601.741 4600.389 4599.038 4597.686 4596.335 4595.103 4593.944 4592.784 4591.625 4590.5 4589.735 4588.971 4588.207 4587.442 4586.469 4585.324 4584.18 4583.035 4581.903 4581.596 4581.289 4580.981 4580.674 4580.737 4581.205 4581.672 4582.139 4582.606 4583.039 4583.471 4583.902 4584.333 4584.851 4585.496 4586.14 4586.785 4587.43 4587.854 4588.245 4588.636 4589.027 4589.368 4589.609 4589.851 4590.092 4590.333 4590.537
4644.671 4641.369 4638.067 4634.765 4632.979 4631.65 4630.321 4628.993 4627.869 4627.422 4626.977 4626.531 4626.085 4623.772 4620.644 4617.515 4614.386 4611.458 4609.592 4607.726 4605.86 4603.994 4602.114 4600.226 4598.337 4596.449 4594.625 4593.48 4592.335 4591.19 4590.045 4588.806 4587.49 4586.174 4584.858 4583.555 4583.157 4582.759 4582.36 4581.962 4581.993 4582.492 4582.992 4583.491 4583.99 4584.4 4584.805 4585.209 4585.613 4586.113 4586.752 4587.392 4588.031 4588.671 4589.08 4589.455 4589.83 4590.205 4590.514 4590.691 4590.868 4591.044 4591.222 4591.387
4652.565 4649.46 4646.355 4643.25 4641.762 4640.763 4639.765 4638.766 4637.87 4637.318 4636.766 4636.213 4635.661 4633.198 4629.9 4626.602 4623.304 4620.191 4618.056 4615.921 4613.786 4611.651 4609.241 4606.663 4604.085 4601.508 4599.009 4597.335 4595.661 4593.987 4592.313 4590.763 4589.316 4587.868 4586.421 4584.988 4584.547 4584.106 4583.665 4583.224 4583.232 4583.729 4584.227 4584.724 4585.221 4585.624 4586.022 4586.419 4586.817 4587.327 4588.001 4588.675 4589.349 4590.023 4590.393 4590.718 4591.042 4591.367 4591.624 4591.745 4591.866 4591.987 4592.108 4592.223
4659.783 4657.01 4654.237 4651.464 4650.132 4649.235 4648.338 4647.441 4646.576 4645.814 4645.053 4644.292 4643.53 4641.015 4637.733 4634.451 4631.169 4628.061 4625.873 4623.684 4621.496 4619.307 4616.468 4613.237 4610.005 4606.774 4603.621 4601.287 4598.954 4596.62 4594.287 4592.388 4590.844 4589.3 4587.756 4586.228 4585.787 4585.346 4584.905 4584.464 4584.457 4584.922 4585.387 4585.852 4586.317 4586.729 4587.137 4587.545 4587.954 4588.498 4589.242 4589.985 4590.729 4591.473 4591.782 4592.026 4592.271 4592.515 4592.702 4592.774 4592.848 4592.92 4592.994 4593.047
4667.0 4664.56 4662.12 4659.679 4658.502 4657.708 4656.912 4656.117 4655.281 4654.311 4653.34 4652.37 4651.399 4648.832 4645.566 4642.3 4639.034 4635.931 4633.689 4631.447 4629.205 4626.962 4623.696 4619.811 4615.925 4612.04 4608.232 4605.239 4602.246 4599.253 4596.261 4594.013 4592.372 4590.732 4589.091 4587.468 4587.027 4586.586 4586.146 4585.705 4585.682 4586.114 4586.547 4586.98 4587.413 4587.833 4588.252 4588.671 4589.09 4589.669 4590.482 4591.296 4592.109 4592.923 4593.171 4593.335 4593.499 4593.663 4593.78 4593.805 4593.829 4593.854 4593.879 4593.871
4674.218 4672.11 4670.002 4667.894 4666.873 4666.179 4665.486 4664.792 4663.986 4662.807 4661.627 4660.448 4659.269 4656.648 4653.399 4650.149 4646.899 4643.801 4641.505 4639.209 4636.914 4634.618 4630.924 4626.385 4621.845 4617.306 4612.843 4609.191 4605.539 4601.887 4598.235 4595.637 4593.9 4592.164 4590.426 4588.708 4588.268 4587.827 4587.386 4586.945 4586.906 4587.307 4587.708 4588.108 4588.509 4588.937 4589.367 4589.797 4590.227 4590.84 4591.723 4592.606 4593.49 4594.373 4594.56 4594.644 4594.727 4594.81 4594.858 4594.834 4594.811 4594.788 4594.764 4594.695
4681.436 4679.661 4677.885 4676.109 4675.243 4674.651 4674.06 4673.468 4672.692 4671.303 4669.915 4668.526 4667.138 4664.465 4661.231 4657.998 4654.764 4651.671 4649.322 4646.972 4644.623 4642.273 4638.152 4632.958 4627.765 4622.571 4617.455 4613.143 4608.832 4604.521 4600.209 4597.262 4595.429 4593.595 4591.762 4589.948 4589.507 4589.066 4588.625 4588.185 4588.131 4588.5 4588.868 4589.237 4589.605 4590.042 4590.482 4590.922 4591.363 4592.011 4592.964 4593.917 4594.87 4595.822 4595.949 4595.952 4595.955 4595.958 4595.936 4595.864 4595.792 4595.721 4595.649 4595.52
4688.543 4687.069 4685.595 4684.12 4683.077 4682.164 4681.25 4680.337 4679.274 4677.712 4676.151 4674.589 4673.028 4670.437 4667.394 4664.352 4661.31 4658.291 4655.392 4652.493 4649.594 4646.695 4642.004 4636.229 4630.454 4624.679 4619.006 4614.413 4609.819 4605.225 4600.631 4597.61 4595.871 4594.132 4592.393 4590.674 4590.285 4589.896 4589.506 4589.117 4589.099 4589.487 4589.875 4590.264 4590.651 4591.201 4591.761 4592.321 4592.88 4593.664 4594.773 4595.884 4596.994 4598.104 4598.267 4598.288 4598.309 4598.329 4598.222 4597.859 4597.497 4597.134 4596.771 4596.486
4695.646 4694.472 4693.298 4692.124 4690.891 4689.64 4688.389 4687.138 4685.775 4684.042 4682.309 4680.576 4678.843 4676.337 4673.493 4670.649 4667.806 4664.862 4661.396 4657.929 4654.461 4650.995 4645.729 4639.375 4633.021 4626.666 4620.442 4615.58 4610.718 4605.856 4600.995 4597.909 4596.272 4594.635 4592.998 4591.38 4591.044 4590.708 4590.373 4590.037 4590.058 4590.467 4590.877 4591.287 4591.696 4592.363 4593.046 4593.729 4594.412 4595.333 4596.604 4597.875 4599.146 4600.417 4600.62 4600.662 4600.704 4600.747 4600.554 4599.891 4599.228 4598.565 4597.902 4597.458
4702.749 4701.875 4701.001 4700.127 4698.704 4697.116 4695.527 4693.938 4692.276 4690.372 4688.467 4686.563 4684.658 4682.238 4679.593 4676.947 4674.302 4671.435 4667.399 4663.364 4659.329 4655.294 4649.453 4642.52 4635.587 4628.654 4621.877 4616.748 4611.618 4606.488 4601.358 4598.208 4596.673 4595.138 4593.603 4592.085 4591.804 4591.521 4591.24 4590.958 4591.017 4591.448 4591.878 4592.31 4592.74 4593.525 4594.331 4595.137 4595.944 4597.004 4598.436 4599.867 4601.299 4602.731 4602.973 4603.037 4603.1 4603.164 4602.885 4601.922 4600.959 4599.996 4599.033 4598.429
4709.852 4709.278 4708.705 4708.13 4706.518 4704.591 4702.665 4700.739 4698.778 4696.702 4694.625 4692.549 4690.473 4688.139 4685.692 4683.245 4680.798 4678.007 4673.403 4668.8 4664.196 4659.593 4653.177 4645.665 4638.153 4630.641 4623.313 4617.916 4612.518 4607.12 4601.722 4598.508 4597.074 4595.641 4594.208 4592.792 4592.563 4592.335 4592.106 4591.878 4591.975 4592.428 4592.88 4593.332 4593.785 4594.687 4595.616 4596.546 4597.475 4598.674 4600.267 4601.859 4603.452 4605.044 4605.326 4605.411 4605.496 4605.581 4605.217 4603.953 4602.69 4601.427 4600.164 4599.401
4716.486 4716.073 4715.66 4715.247 4713.457 4711.252 4709.047 4706.842 4704.628 4702.385 4700.142 4697.898 4695.655 4693.287 4690.865 4688.443 4686.021 4683.165 4678.018 4672.872 4667.726 4662.58 4655.683 4647.727 4639.771 4631.815 4624.071 4618.551 4613.031 4607.511 4601.991 4598.778 4597.447 4596.115 4594.784 4593.469 4593.307 4593.145 4592.983 4592.821 4593.018 4593.608 4594.198 4594.788 4595.378 4596.494 4597.642 4598.79 4599.938 4601.328 4603.073 4604.818 4606.563 4608.308 4608.512 4608.486 4608.459 4608.432 4607.882 4606.285 4604.688 4603.09 4601.493 4600.521
4722.397 4721.931 4721.464 4720.998 4719.052 4716.659 4714.267 4711.874 4709.479 4707.075 4704.67 4702.266 4699.862 4697.278 4694.614 4691.951 4689.288 4686.148 4680.498 4674.848 4669.198 4663.547 4656.313 4648.122 4639.931 4631.739 4623.789 4618.371 4612.952 4607.534 4602.116 4599.004 4597.775 4596.545 4595.315 4594.103 4594.026 4593.95 4593.874 4593.797 4594.191 4595.097 4596.003 4596.91 4597.816 4599.293 4600.806 4602.318 4603.831 4605.494 4607.378 4609.263 4611.147 4613.032 4612.979 4612.636 4612.293 4611.95 4611.061 4609.077 4607.094 4605.111 4603.128 4601.867
4728.31 4727.79 4727.269 4726.749 4724.646 4722.066 4719.486 4716.906 4714.329 4711.764 4709.199 4706.634 4704.069 4701.268 4698.363 4695.459 4692.554 4689.132 4682.978 4676.824 4670.669 4664.516 4656.945 4648.518 4640.09 4631.663 4623.506 4618.189 4612.873 4607.557 4602.24 4599.231 4598.103 4596.975 4595.848 4594.736 4594.746 4594.755 4594.764 4594.773 4595.363 4596.586 4597.809 4599.031 4600.254 4602.093 4603.97 4605.847 4607.724 4609.66 4611.684 4613.708 4615.731 4617.755 4617.446 4616.787 4616.127 4615.468 4614.239 4611.87 4609.5 4607.131 4604.762 4603.214
4734.222 4733.648 4733.074 4732.5 4730.241 4727.473 4724.706 4721.938 4719.18 4716.454 4713.728 4711.002 4708.276 4705.258 4702.113 4698.967 4695.821 4692.115 4685.458 4678.799 4672.142 4665.483 4657.576 4648.913 4640.25 4631.586 4623.223 4618.008 4612.794 4607.58 4602.365 4599.457 4598.431 4597.405 4596.379 4595.37 4595.465 4595.56 4595.655 4595.75 4596.536 4598.075 4599.614 4601.152 4602.691 4604.892 4607.134 4609.375 4611.617 4613.826 4615.989 4618.152 4620.316 4622.479 4621.913 4620.937 4619.961 4618.986 4617.417 4614.662 4611.907 4609.152 4606.397 4604.561
4740.134 4739.506 4738.879 4738.251 4735.836 4732.88 4729.925 4726.97 4724.03 4721.144 4718.257 4715.37 4712.483 4709.249 4705.862 4702.475 4699.088 4695.099 4687.937 4680.775 4673.613 4666.452 4658.207 4649.308 4640.409 4631.51 4622.94 4617.827 4612.715 4607.602 4602.489 4599.684 4598.759 4597.835 4596.911 4596.003 4596.184 4596.365 4596.546 4596.727 4597.708 4599.563 4601.419 4603.274 4605.129 4607.691 4610.297 4612.903 4615.509 4617.992 4620.295 4622.597 4624.9 4627.203 4626.379 4625.088 4623.796 4622.504 4620.596 4617.455 4614.314 4611.173 4608.032 4605.908
4745.605 4744.632 4743.659 4742.687 4740.101 4737.028 4733.956 4730.884 4727.776 4724.552 4721.328 4718.104 4714.879 4711.011 4706.861 4702.711 4698.561 4693.874 4686.354 4678.834 4671.314 4663.794 4655.461 4646.636 4637.81 4628.985 4620.524 4615.898 4611.272 4606.646 4602.02 4599.532 4598.79 4598.047 4597.304 4596.58 4597.112 4597.644 4598.176 4598.708 4600.172 4602.653 4605.134 4607.615 4610.096 4612.963 4615.854 4618.745 4621.636 4624.181 4626.221 4628.26 4630.3 4632.339 4631.219 4629.624 4628.029 4626.434 4624.167 4620.557 4616.945 4613.334 4609.724 4607.299
4750.982 4749.602 4748.222 4746.842 4744.083 4740.909 4737.735 4734.561 4731.288 4727.688 4724.089 4720.49 4716.89 4712.3 4707.276 4702.252 4697.229 4691.755 4683.908 4676.061 4668.214 4660.368 4651.998 4643.312 4634.625 4625.939 4617.656 4613.598 4609.54 4605.482 4601.424 4599.301 4598.757 4598.212 4597.668 4597.146 4598.085 4599.024 4599.963 4600.903 4602.91 4606.083 4609.255 4612.428 4615.6 4618.76 4621.919 4625.078 4628.236 4630.8 4632.491 4634.182 4635.873 4637.564 4636.137 4634.242 4632.347 4630.452 4627.822 4623.724 4619.625 4615.526 4611.427 4608.698
4756.36 4754.572 4752.785 4750.997 4748.066 4744.79 4741.514 4738.238 4734.8 4730.825 4726.851 4722.875 4718.901 4713.588 4707.691 4701.793 4695.896 4689.636 4681.462 4673.288 4665.114 4656.94 4648.534 4639.988 4631.441 4622.894 4614.787 4611.297 4607.808 4604.318 4600.828 4599.07 4598.724 4598.378 4598.032 4597.71 4599.057 4600.404 4601.751 4603.098 4605.648 4609.512 4613.376 4617.24 4621.104 4624.557 4627.983 4631.41 4634.837 4637.418 4638.761 4640.104 4641.446 4642.789 4641.056 4638.86 4636.665 4634.47 4631.478 4626.891 4622.304 4617.718 4613.131 4610.098
4761.737 4759.542 4757.347 4755.152 4752.048 4748.671 4745.293 4741.915 4738.312 4733.962 4729.612 4725.262 4720.912 4714.877 4708.106 4701.335 4694.563 4687.517 4679.016 4670.515 4662.014 4653.514 4645.071 4636.664 4628.256 4619.849 4611.918 4608.997 4606.076 4603.154 4600.232 4598.839 4598.691 4598.543 4598.396 4598.275 4600.03 4601.784 4603.538 4605.292 4608.386 4612.942 4617.498 4622.053 4626.608 4630.354 4634.048 4637.743 4641.438 4644.037 4645.031 4646.025 4647.02 4648.014 4645.974 4643.479 4640.983 4638.488 4635.133 4630.058 4624.984 4619.91 4614.835 4611.498
4766.756 4764.136 4761.516 4758.896 4755.547 4751.98 4748.413 4744.846 4741.019 4736.333 4731.648 4726.962 4722.277 4715.665 4708.21 4700.756 4693.301 4685.641 4676.896 4668.152 4659.408 4650.664 4642.23 4633.984 4625.738 4617.492 4609.755 4607.371 4604.986 4602.601 4600.216 4599.252 4599.446 4599.641 4599.835 4600.058 4602.218 4604.379 4606.539 4608.699 4612.233 4617.267 4622.3 4627.334 4632.367 4636.341 4640.249 4644.157 4648.065 4650.667 4651.355 4652.043 4652.731 4653.42 4651.052 4648.227 4645.401 4642.575 4638.869 4633.399 4627.93 4622.461 4616.992 4613.474
4770.73 4767.632 4764.535 4761.438 4757.637 4753.625 4749.613 4745.601 4741.382 4736.476 4731.571 4726.666 4721.76 4714.992 4707.409 4699.825 4692.242 4684.474 4675.729 4666.985 4658.241 4649.497 4641.203 4633.182 4625.161 4617.14 4609.648 4607.708 4605.769 4603.829 4601.889 4601.543 4602.499 4603.455 4604.411 4605.389 4607.952 4610.514 4613.076 4615.639 4619.313 4624.202 4629.091 4633.979 4638.868 4642.884 4646.845 4650.807 4654.769 4657.328 4657.834 4658.34 4658.846 4659.353 4656.598 4653.354 4650.11 4646.866 4642.839 4637.247 4631.655 4626.063 4620.47 4617.127
4774.703 4771.129 4767.554 4763.98 4759.728 4755.27 4750.813 4746.356 4741.744 4736.619 4731.494 4726.369 4721.244 4714.319 4706.607 4698.895 4691.183 4683.306 4674.562 4665.818 4657.074 4648.33 4640.176 4632.38 4624.585 4616.789 4609.541 4608.046 4606.551 4605.056 4603.561 4603.835 4605.552 4607.269 4608.985 4610.72 4613.685 4616.649 4619.613 4622.578 4626.393 4631.137 4635.881 4640.625 4645.369 4649.427 4653.442 4657.458 4661.473 4663.99 4664.314 4664.638 4664.961 4665.285 4662.143 4658.481 4654.819 4651.157 4646.811 4641.095 4635.379 4629.664 4623.948 4620.781
4778.677 4774.625 4770.574 4766.522 4761.817 4756.915 4752.013 4747.111 4742.106 4736.762 4731.417 4726.072 4720.727 4713.646 4705.805 4697.964 4690.124 4682.139 4673.395 4664.651 4655.906 4647.163 4639.149 4631.579 4624.008 4616.438 4609.434 4608.384 4607.334 4606.284 4605.234 4606.127 4608.605 4611.083 4613.561 4616.052 4619.418 4622.785 4626.151 4629.517 4633.473 4638.073 4642.672 4647.271 4651.87 4655.97 4660.039 4664.108 4668.177 4670.652 4670.793 4670.935 4671.077 4671.218 4667.688 4663.608 4659.528 4655.448 4650.782 4644.943 4639.104 4633.265 4627.426 4624.435
4782.65 4778.122 4773.593 4769.064 4763.907 4758.56 4753.213 4747.867 4742.469 4736.904 4731.34 4725.775 4720.21 4712.973 4705.003 4697.034 4689.064 4680.972 4672.228 4663.483 4654.739 4645.995 4638.123 4630.777 4623.432 4616.086 4609.327 4608.722 4608.117 4607.511 4606.906 4608.418 4611.658 4614.897 4618.136 4621.383 4625.151 4628.919 4632.688 4636.457 4640.553 4645.008 4649.462 4653.917 4658.371 4662.513 4666.635 4670.758 4674.881 4677.314 4677.273 4677.232 4677.191 4677.151 4673.234 4668.736 4664.237 4659.739 4654.753 4648.791 4642.828 4636.866 4630.904 4628.089
4784.318 4779.195 4774.071 4768.948 4763.328 4757.558 4751.788 4746.019 4740.25 4734.483 4728.717 4722.951 4717.185 4710.119 4702.485 4694.85 4687.216 4679.485 4671.249 4663.012 4654.775 4646.539 4639.287 4632.63 4625.973 4619.316 4613.233 4613.176 4613.119 4613.062 4613.004 4615.0 4618.668 4622.338 4626.007 4629.679 4633.515 4637.351 4641.187 4645.022 4649.002 4653.139 4657.275 4661.413 4665.549 4669.432 4673.299 4677.167 4681.034 4683.227 4682.967 4682.707 4682.447 4682.188 4678.179 4673.608 4669.038 4664.467 4659.484 4653.679 4647.873 4642.066 4636.261 4633.698
4784.931 4779.159 4773.387 4767.615 4761.527 4755.345 4749.163 4742.98 4736.849 4730.89 4724.931 4718.972 4713.013 4706.269 4699.181 4692.093 4685.005 4677.852 4670.355 4662.858 4655.362 4647.865 4641.453 4635.696 4629.94 4624.184 4618.975 4619.513 4620.05 4620.588 4621.126 4623.542 4627.49 4631.438 4635.386 4639.332 4643.082 4646.832 4650.582 4654.332 4658.077 4661.817 4665.557 4669.297 4673.038 4676.524 4679.995 4683.465 4686.936 4688.796 4688.301 4687.805 4687.31 4686.814 4682.85 4678.365 4673.88 4669.395 4664.564 4659.042 4653.521 4647.999 4642.477 4640.203
4785.544 4779.124 4772.703 4766.282 4759.727 4753.132 4746.537 4739.941 4733.449 4727.297 4721.145 4714.993 4708.84 4702.418 4695.877 4689.336 4682.795 4676.219 4669.462 4662.705 4655.948 4649.191 4643.619 4638.763 4633.907 4629.051 4624.716 4625.849 4626.982 4628.115 4629.248 4632.085 4636.312 4640.539 4644.766 4648.984 4652.648 4656.313 4659.977 4663.641 4667.152 4670.495 4673.839 4677.182 4680.526 4683.615 4686.689 4689.763 4692.837 4694.367 4693.635 4692.904 4692.172 4691.44 4687.52 4683.121 4678.722 4674.323 4669.644 4664.406 4659.168 4653.931 4648.693 4646.708
