data/zism_data/00228_02_D.txt
ncols         224
nrows         224
[rows 28 to 55 of 224, columns 63 to 125 of 224]
1299.74 1299.997 1300.253 1300.51 1300.6 1300.455 1300.309 1300.164 1300.019 1299.751 1299.457 1299.164 1298.87 1298.727 1299.055 1299.383 1299.711 1300.038 1300.854 1301.926 1302.997 1304.068 1305.08 1305.327 1305.573 1305.82 1306.067 1305.779 1304.926 1304.073 1303.22 1302.367 1301.713 1301.081 1300.448 1299.816 1299.38 1299.369 1299.358 1299.347 1299.336 1299.701 1300.204 1300.708 1301.211 1301.632 1301.572 1301.512 1301.451 1301.391 1301.321 1301.243 1301.165 1301.087 1301.008 1302.063 1303.148 1304.233 1305.318 1306.167 1306.646 1307.124 1307.603
1300.059 1300.267 1300.476 1300.684 1300.747 1300.601 1300.456 1300.311 1300.165 1299.95 1299.72 1299.491 1299.261 1299.163 1299.474 1299.786 1300.098 1300.41 1301.329 1302.565 1303.802 1305.038 1306.216 1306.638 1307.061 1307.483 1307.906 1307.628 1306.609 1305.591 1304.573 1303.555 1302.679 1301.817 1300.956 1300.095 1299.494 1299.456 1299.419 1299.381 1299.344 1299.794 1300.425 1301.056 1301.688 1302.218 1302.152 1302.086 1302.021 1301.955 1301.796 1301.563 1301.331 1301.099 1300.866 1302.041 1303.254 1304.466 1305.679 1306.66 1307.277 1307.894 1308.511
1300.377 1300.538 1300.698 1300.859 1300.893 1300.748 1300.602 1300.457 1300.312 1300.149 1299.984 1299.818 1299.652 1299.598 1299.894 1300.19 1300.486 1300.782 1301.804 1303.205 1304.606 1306.008 1307.351 1307.95 1308.548 1309.146 1309.744 1309.476 1308.293 1307.11 1305.927 1304.744 1303.644 1302.554 1301.464 1300.374 1299.608 1299.543 1299.479 1299.415 1299.351 1299.887 1300.646 1301.405 1302.164 1302.803 1302.732 1302.661 1302.59 1302.519 1302.271 1301.884 1301.497 1301.11 1300.724 1302.019 1303.359 1304.7 1306.04 1307.153 1307.909 1308.665 1309.42
1300.615 1300.764 1300.913 1301.062 1301.096 1300.965 1300.834 1300.703 1300.572 1300.435 1300.297 1300.159 1300.021 1300.002 1300.359 1300.715 1301.071 1301.427 1302.568 1304.12 1305.672 1307.224 1308.72 1309.494 1310.268 1311.042 1311.816 1311.618 1310.393 1309.168 1307.943 1306.718 1305.375 1304.02 1302.665 1301.31 1300.314 1300.1 1299.886 1299.672 1299.458 1299.981 1300.777 1301.573 1302.369 1303.085 1303.328 1303.571 1303.814 1304.057 1303.938 1303.534 1303.131 1302.727 1302.324 1303.51 1304.739 1305.968 1307.197 1308.4 1309.562 1310.724 1311.887
1300.816 1300.97 1301.125 1301.279 1301.324 1301.215 1301.105 1300.995 1300.886 1300.761 1300.634 1300.506 1300.379 1300.392 1300.844 1301.296 1301.748 1302.2 1303.469 1305.164 1306.86 1308.555 1310.197 1311.147 1312.097 1313.047 1313.996 1313.896 1312.687 1311.478 1310.269 1309.06 1307.465 1305.828 1304.19 1302.553 1301.299 1300.877 1300.455 1300.033 1299.611 1300.075 1300.866 1301.656 1302.447 1303.225 1303.932 1304.638 1305.344 1306.05 1306.162 1305.806 1305.451 1305.095 1304.74 1305.709 1306.715 1307.72 1308.725 1309.998 1311.693 1313.388 1315.083
1301.016 1301.176 1301.336 1301.495 1301.553 1301.464 1301.376 1301.288 1301.2 1301.088 1300.971 1300.854 1300.737 1300.781 1301.329 1301.877 1302.425 1302.972 1304.369 1306.208 1308.047 1309.887 1311.675 1312.8 1313.926 1315.051 1316.177 1316.175 1314.982 1313.789 1312.596 1311.403 1309.555 1307.635 1305.715 1303.796 1302.283 1301.654 1301.024 1300.395 1299.765 1300.169 1300.954 1301.739 1302.525 1303.366 1304.535 1305.704 1306.874 1308.043 1308.386 1308.078 1307.771 1307.463 1307.155 1307.909 1308.69 1309.472 1310.254 1311.597 1313.824 1316.052 1318.279
1301.217 1301.382 1301.547 1301.712 1301.781 1301.714 1301.647 1301.58 1301.513 1301.414 1301.308 1301.201 1301.095 1301.171 1301.814 1302.458 1303.102 1303.745 1305.269 1307.252 1309.235 1311.218 1313.152 1314.454 1315.755 1317.056 1318.357 1318.453 1317.276 1316.099 1314.922 1313.745 1311.645 1309.443 1307.241 1305.039 1303.267 1302.43 1301.593 1300.756 1299.919 1300.262 1301.042 1301.823 1302.603 1303.506 1305.139 1306.771 1308.404 1310.036 1310.61 1310.351 1310.091 1309.831 1309.571 1310.108 1310.666 1311.224 1311.782 1313.196 1315.955 1318.715 1321.475
1301.396 1301.567 1301.738 1301.909 1301.992 1301.951 1301.909 1301.868 1301.826 1301.752 1301.671 1301.59 1301.509 1301.629 1302.374 1303.12 1303.866 1304.612 1306.253 1308.363 1310.472 1312.582 1314.645 1316.106 1317.567 1319.027 1320.488 1320.685 1319.547 1318.409 1317.271 1316.133 1313.817 1311.372 1308.927 1306.481 1304.471 1303.406 1302.34 1301.274 1300.209 1300.466 1301.212 1301.958 1302.705 1303.649 1305.76 1307.871 1309.982 1312.093 1312.949 1312.817 1312.685 1312.553 1312.422 1312.809 1313.211 1313.613 1314.014 1315.496 1318.677 1321.858 1325.039
1301.431 1301.613 1301.795 1301.976 1302.088 1302.099 1302.111 1302.123 1302.135 1302.171 1302.213 1302.254 1302.296 1302.543 1303.432 1304.322 1305.211 1306.1 1307.799 1309.919 1312.039 1314.159 1316.236 1317.75 1319.264 1320.778 1322.292 1322.61 1321.663 1320.717 1319.771 1318.824 1316.542 1314.112 1311.683 1309.254 1307.139 1305.706 1304.273 1302.84 1301.406 1301.401 1301.924 1302.447 1302.969 1303.806 1306.497 1309.189 1311.88 1314.572 1316.053 1316.582 1317.11 1317.638 1318.167 1318.857 1319.551 1320.246 1320.941 1322.477 1325.339 1328.2 1331.062
1301.466 1301.659 1301.851 1302.043 1302.183 1302.248 1302.313 1302.378 1302.443 1302.59 1302.754 1302.918 1303.082 1303.457 1304.49 1305.523 1306.556 1307.589 1309.344 1311.475 1313.605 1315.736 1317.827 1319.394 1320.961 1322.529 1324.096 1324.534 1323.78 1323.025 1322.27 1321.515 1319.266 1316.853 1314.44 1312.026 1309.807 1308.006 1306.205 1304.405 1302.604 1302.337 1302.636 1302.935 1303.234 1303.963 1307.235 1310.507 1313.779 1317.051 1319.157 1320.346 1321.535 1322.723 1323.912 1324.905 1325.892 1326.879 1327.867 1329.458 1332.0 1334.542 1337.085
1301.501 1301.704 1301.907 1302.11 1302.278 1302.396 1302.515 1302.633 1302.751 1303.009 1303.295 1303.582 1303.868 1304.37 1305.547 1306.724 1307.901 1309.078 1310.889 1313.031 1315.172 1317.313 1319.417 1321.038 1322.659 1324.279 1325.9 1326.459 1325.896 1325.333 1324.77 1324.207 1321.991 1319.594 1317.196 1314.799 1312.474 1310.306 1308.138 1305.97 1303.802 1303.272 1303.348 1303.423 1303.498 1304.12 1307.973 1311.825 1315.677 1319.529 1322.261 1324.11 1325.959 1327.808 1329.657 1330.952 1332.232 1333.513 1334.793 1336.439 1338.662 1340.884 1343.107
1301.536 1301.75 1301.964 1302.177 1302.373 1302.545 1302.716 1302.888 1303.059 1303.427 1303.836 1304.245 1304.654 1305.284 1306.605 1307.926 1309.247 1310.567 1312.434 1314.586 1316.739 1318.891 1321.008 1322.682 1324.356 1326.03 1327.704 1328.383 1328.012 1327.641 1327.269 1326.898 1324.716 1322.334 1319.953 1317.572 1315.142 1312.606 1310.071 1307.535 1305.0 1304.208 1304.059 1303.911 1303.763 1304.278 1308.71 1313.143 1317.576 1322.008 1325.365 1327.874 1330.384 1332.893 1335.402 1337.0 1338.573 1340.146 1341.719 1343.42 1345.323 1347.227 1349.13
1301.57 1301.806 1302.043 1302.279 1302.496 1302.683 1302.871 1303.059 1303.246 1303.68 1304.166 1304.651 1305.136 1305.825 1307.15 1308.476 1309.802 1311.127 1313.025 1315.222 1317.419 1319.615 1321.79 1323.687 1325.584 1327.481 1329.378 1330.319 1330.251 1330.182 1330.114 1330.045 1327.988 1325.712 1323.436 1321.16 1318.73 1315.967 1313.203 1310.439 1307.675 1306.538 1306.002 1305.467 1304.932 1305.201 1310.226 1315.252 1320.277 1325.303 1329.292 1332.464 1335.637 1338.81 1341.982 1343.867 1345.718 1347.568 1349.419 1350.999 1352.153 1353.308 1354.463
1301.602 1301.87 1302.139 1302.407 1302.638 1302.815 1302.992 1303.169 1303.346 1303.813 1304.341 1304.869 1305.396 1306.094 1307.324 1308.554 1309.784 1311.014 1312.924 1315.19 1317.456 1319.722 1321.986 1324.229 1326.472 1328.715 1330.958 1332.264 1332.579 1332.893 1333.208 1333.523 1331.657 1329.552 1327.447 1325.341 1322.987 1320.096 1317.204 1314.312 1311.421 1309.88 1308.839 1307.797 1306.756 1306.68 1312.307 1317.934 1323.561 1329.188 1333.815 1337.653 1341.491 1345.33 1349.168 1351.329 1353.446 1355.563 1357.68 1359.011 1359.106 1359.201 1359.296
1301.633 1301.934 1302.234 1302.535 1302.78 1302.946 1303.113 1303.279 1303.445 1303.946 1304.517 1305.087 1305.657 1306.364 1307.498 1308.632 1309.766 1310.9 1312.823 1315.158 1317.493 1319.828 1322.182 1324.771 1327.36 1329.949 1332.539 1334.208 1334.906 1335.605 1336.303 1337.001 1335.327 1333.392 1331.457 1329.521 1327.244 1324.225 1321.205 1318.186 1315.166 1313.222 1311.674 1310.127 1308.58 1308.159 1314.387 1320.616 1326.845 1333.074 1338.338 1342.842 1347.345 1351.849 1356.353 1358.791 1361.174 1363.557 1365.94 1367.022 1366.058 1365.093 1364.128
1301.665 1301.998 1302.33 1302.663 1302.922 1303.078 1303.234 1303.389 1303.545 1304.079 1304.692 1305.305 1305.918 1306.634 1307.672 1308.71 1309.748 1310.786 1312.722 1315.126 1317.531 1319.935 1322.377 1325.313 1328.248 1331.183 1334.119 1336.153 1337.234 1338.316 1339.397 1340.479 1338.996 1337.231 1335.467 1333.702 1331.501 1328.354 1325.206 1322.059 1318.912 1316.563 1314.51 1312.457 1310.404 1309.638 1316.468 1323.298 1330.129 1336.959 1342.86 1348.03 1353.2 1358.369 1363.539 1366.253 1368.903 1371.552 1374.201 1375.034 1373.01 1370.985 1368.961
1301.695 1302.058 1302.421 1302.783 1303.055 1303.2 1303.344 1303.489 1303.633 1304.197 1304.847 1305.497 1306.148 1306.868 1307.808 1308.748 1309.687 1310.627 1312.577 1315.055 1317.533 1320.01 1322.546 1325.829 1329.112 1332.396 1335.679 1338.08 1339.548 1341.017 1342.486 1343.954 1342.675 1341.093 1339.511 1337.929 1335.819 1332.566 1329.313 1326.059 1322.806 1320.068 1317.521 1314.974 1312.427 1311.321 1318.726 1326.131 1333.536 1340.942 1347.451 1353.254 1359.057 1364.861 1370.664 1373.636 1376.531 1379.427 1382.323 1382.9 1379.83 1376.759 1373.688
1301.663 1301.994 1302.325 1302.655 1302.896 1303.008 1303.121 1303.233 1303.346 1303.793 1304.311 1304.828 1305.345 1305.92 1306.673 1307.426 1308.18 1308.933 1310.959 1313.65 1316.341 1319.031 1321.794 1325.487 1329.18 1332.874 1336.567 1339.427 1341.407 1343.387 1345.366 1347.346 1346.654 1345.669 1344.683 1343.698 1342.193 1339.563 1336.932 1334.302 1331.672 1329.028 1326.38 1323.732 1321.083 1319.844 1326.924 1334.004 1341.085 1348.165 1354.29 1359.662 1365.034 1370.406 1375.778 1378.339 1380.825 1383.311 1385.797 1385.889 1382.217 1378.545 1374.873
1301.632 1301.93 1302.229 1302.528 1302.736 1302.817 1302.897 1302.978 1303.058 1303.39 1303.774 1304.159 1304.543 1304.971 1305.538 1306.105 1306.672 1307.239 1309.341 1312.245 1315.148 1318.052 1321.042 1325.145 1329.249 1333.352 1337.455 1340.774 1343.265 1345.756 1348.247 1350.738 1350.634 1350.245 1349.856 1349.467 1348.567 1346.56 1344.552 1342.545 1340.538 1337.988 1335.239 1332.489 1329.74 1328.367 1335.122 1341.878 1348.634 1355.389 1361.13 1366.07 1371.011 1375.952 1380.892 1383.043 1385.119 1387.194 1389.27 1388.878 1384.604 1380.331 1376.057
1301.6 1301.866 1302.133 1302.4 1302.576 1302.625 1302.674 1302.722 1302.771 1302.987 1303.238 1303.489 1303.74 1304.023 1304.403 1304.784 1305.164 1305.545 1307.723 1310.84 1313.956 1317.073 1320.29 1324.803 1329.317 1333.83 1338.343 1342.122 1345.124 1348.126 1351.128 1354.13 1354.614 1354.821 1355.029 1355.236 1354.941 1353.556 1352.172 1350.788 1349.403 1346.948 1344.098 1341.247 1338.396 1336.89 1343.32 1349.751 1356.182 1362.613 1367.969 1372.478 1376.988 1381.497 1386.006 1387.746 1389.412 1391.078 1392.744 1391.867 1386.992 1382.116 1377.241
1301.568 1301.803 1302.037 1302.272 1302.417 1302.433 1302.45 1302.467 1302.483 1302.584 1302.702 1302.82 1302.938 1303.074 1303.268 1303.462 1303.656 1303.851 1306.105 1309.435 1312.764 1316.094 1319.538 1324.461 1329.385 1334.308 1339.231 1343.469 1346.982 1350.496 1354.009 1357.522 1358.594 1359.398 1360.201 1361.005 1361.314 1360.553 1359.792 1359.031 1358.269 1355.908 1352.957 1350.005 1347.053 1345.413 1351.519 1357.625 1363.731 1369.837 1374.808 1378.886 1382.965 1387.043 1391.121 1392.45 1393.706 1394.962 1396.217 1394.857 1389.379 1383.902 1378.425
1301.408 1301.646 1301.885 1302.123 1302.246 1302.206 1302.165 1302.124 1302.083 1302.087 1302.1 1302.113 1302.125 1302.161 1302.265 1302.37 1302.474 1302.579 1304.939 1308.477 1312.014 1315.552 1319.22 1324.576 1329.932 1335.289 1340.645 1345.33 1349.306 1353.282 1357.258 1361.234 1362.772 1364.042 1365.312 1366.582 1367.353 1367.038 1366.724 1366.411 1366.096 1363.955 1361.139 1358.323 1355.507 1353.896 1359.408 1364.919 1370.43 1375.942 1380.341 1383.866 1387.391 1390.915 1394.44 1395.439 1396.372 1397.304 1398.237 1396.545 1390.726 1384.907 1379.088
1301.109 1301.39 1301.671 1301.952 1302.065 1301.939 1301.813 1301.687 1301.561 1301.488 1301.426 1301.365 1301.303 1301.285 1301.406 1301.526 1301.647 1301.768 1304.266 1308.006 1311.746 1315.486 1319.374 1325.189 1331.003 1336.818 1342.632 1347.751 1352.138 1356.524 1360.91 1365.296 1367.167 1368.762 1370.357 1371.952 1373.025 1372.966 1372.908 1372.849 1372.791 1371.007 1368.585 1366.162 1363.74 1362.338 1366.96 1371.582 1376.204 1380.826 1384.45 1387.288 1390.125 1392.963 1395.8 1396.559 1397.263 1397.966 1398.67 1396.816 1390.938 1385.06 1379.182
1300.809 1301.133 1301.457 1301.78 1301.883 1301.672 1301.461 1301.25 1301.038 1300.889 1300.753 1300.617 1300.48 1300.41 1300.547 1300.683 1300.82 1300.956 1303.594 1307.536 1311.478 1315.42 1319.529 1325.802 1332.074 1338.346 1344.618 1350.173 1354.969 1359.765 1364.561 1369.357 1371.562 1373.481 1375.401 1377.32 1378.697 1378.894 1379.091 1379.288 1379.485 1378.058 1376.03 1374.001 1371.973 1370.779 1374.512 1378.245 1381.978 1385.711 1388.558 1390.709 1392.86 1395.01 1397.161 1397.679 1398.154 1398.628 1399.103 1397.086 1391.149 1385.213 1379.277
1300.51 1300.876 1301.243 1301.609 1301.701 1301.405 1301.109 1300.812 1300.516 1300.29 1300.08 1299.869 1299.658 1299.535 1299.688 1299.84 1299.993 1300.145 1302.921 1307.065 1311.21 1315.354 1319.684 1326.414 1333.145 1339.875 1346.605 1352.594 1357.8 1363.006 1368.212 1373.418 1375.956 1378.201 1380.445 1382.689 1384.368 1384.821 1385.274 1385.727 1386.18 1385.109 1383.475 1381.84 1380.206 1379.221 1382.064 1384.908 1387.752 1390.595 1392.667 1394.131 1395.594 1397.058 1398.522 1398.799 1399.045 1399.29 1399.536 1397.356 1391.361 1385.366 1379.372
1300.211 1300.62 1301.029 1301.437 1301.52 1301.138 1300.757 1300.375 1299.994 1299.692 1299.406 1299.121 1298.835 1298.66 1298.829 1298.997 1299.166 1299.334 1302.248 1306.595 1310.942 1315.289 1319.839 1327.027 1334.215 1341.404 1348.592 1355.015 1360.632 1366.248 1371.864 1377.48 1380.351 1382.92 1385.489 1388.058 1390.041 1390.749 1391.457 1392.166 1392.874 1392.16 1390.92 1389.68 1388.44 1387.662 1389.617 1391.571 1393.525 1395.48 1396.776 1397.552 1398.329 1399.106 1399.883 1399.919 1399.935 1399.952 1399.969 1397.626 1391.573 1385.52 1379.466
1298.307 1298.695 1299.082 1299.469 1299.397 1298.674 1297.95 1297.227 1296.503 1296.432 1296.497 1296.562 1296.627 1296.899 1297.819 1298.74 1299.66 1300.58 1303.918 1308.516 1313.115 1317.714 1322.495 1329.652 1336.81 1343.967 1351.124 1357.613 1363.397 1369.182 1374.966 1380.75 1383.45 1385.81 1388.171 1390.531 1392.334 1392.928 1393.522 1394.115 1394.709 1394.165 1393.2 1392.235 1391.271 1390.664 1392.169 1393.673 1395.178 1396.683 1397.67 1398.249 1398.827 1399.406 1399.985 1399.913 1399.824 1399.736 1399.647 1397.24 1391.187 1385.135 1379.082
1296.279 1296.639 1297.0 1297.361 1297.124 1296.038 1294.952 1293.867 1292.781 1292.965 1293.413 1293.862 1294.31 1295.069 1296.798 1298.528 1300.258 1301.988 1305.77 1310.625 1315.479 1320.333 1325.347 1332.435 1339.523 1346.611 1353.699 1360.225 1366.158 1372.092 1378.025 1383.958 1386.447 1388.557 1390.668 1392.778 1394.365 1394.814 1395.264 1395.714 1396.164 1395.775 1395.077 1394.379 1393.68 1393.241 1394.33 1395.42 1396.509 1397.599 1398.313 1398.732 1399.151 1399.57 1399.989 1399.82 1399.635 1399.451 1399.266 1396.803 1390.755 1384.708 1378.661
