data/zism_data/00231_02_D.txt
ncols         224
nrows         224
[rows 145 to 173 of 224, columns 64 to 127 of 224]
1272.098 1271.584 1271.07 1270.073 1269.055 1268.037 1267.019 1265.974 1264.893 1263.811 1262.73 1261.649 1260.549 1259.447 1258.345 1257.242 1256.209 1255.307 1254.404 1253.501 1252.598 1252.019 1251.515 1251.011 1250.507 1250.085 1249.875 1249.665 1249.455 1249.245 1249.159 1249.117 1249.075 1249.033 1249.0 1249.0 1249.0 1249.0 1249.0 1249.0 1249.0 1249.0 1249.0 1249.0 1249.0 1249.0 1249.0 1249.0 1248.881 1248.682 1248.483 1248.283 1248.094 1248.073 1248.052 1248.031 1248.01 1248.0 1248.0 1248.0 1248.0 1248.0 1247.917 1247.833
1271.729 1271.215 1270.701 1269.736 1268.75 1267.764 1266.778 1265.748 1264.656 1263.564 1262.472 1261.38 1260.245 1259.105 1257.965 1256.824 1255.744 1254.776 1253.808 1252.84 1251.872 1251.338 1250.905 1250.472 1250.038 1249.686 1249.547 1249.407 1249.268 1249.128 1249.077 1249.057 1249.036 1249.016 1249.0 1249.0 1249.0 1249.0 1249.0 1249.0 1249.0 1249.0 1249.0 1249.0 1249.0 1249.0 1249.0 1249.0 1248.875 1248.665 1248.454 1248.244 1248.045 1248.035 1248.025 1248.015 1248.005 1248.0 1248.0 1248.0 1248.0 1248.0 1247.885 1247.769
1271.323 1270.811 1270.298 1269.367 1268.417 1267.467 1266.517 1265.505 1264.408 1263.31 1262.212 1261.115 1259.949 1258.775 1257.601 1256.426 1255.302 1254.271 1253.241 1252.21 1251.18 1250.689 1250.324 1249.958 1249.593 1249.309 1249.236 1249.164 1249.091 1249.019 1249.0 1249.0 1249.0 1249.0 1249.0 1249.0 1249.0 1249.0 1249.0 1249.0 1249.0 1249.0 1249.0 1249.0 1248.996 1248.993 1248.99 1248.987 1248.857 1248.639 1248.422 1248.205 1248.0 1248.0 1248.0 1248.0 1248.0 1248.0 1248.0 1248.0 1248.0 1248.0 1247.855 1247.708
1270.371 1269.891 1269.411 1268.56 1267.691 1266.822 1265.954 1265.018 1263.991 1262.964 1261.937 1260.91 1259.772 1258.619 1257.466 1256.314 1255.194 1254.136 1253.079 1252.021 1250.964 1250.494 1250.161 1249.829 1249.496 1249.239 1249.183 1249.127 1249.071 1249.015 1249.0 1249.0 1249.0 1249.0 1249.0 1249.0 1249.0 1249.0 1249.0 1249.0 1249.0 1249.0 1249.0 1248.993 1248.941 1248.889 1248.837 1248.785 1248.664 1248.496 1248.327 1248.159 1248.0 1248.0 1248.0 1248.0 1248.0 1248.0 1248.0 1248.0 1248.0 1248.0 1247.855 1247.708
1269.419 1268.972 1268.525 1267.752 1266.965 1266.177 1265.39 1264.532 1263.575 1262.618 1261.661 1260.705 1259.594 1258.463 1257.332 1256.201 1255.086 1254.002 1252.917 1251.832 1250.747 1250.299 1249.999 1249.699 1249.399 1249.17 1249.13 1249.09 1249.05 1249.01 1249.0 1249.0 1249.0 1249.0 1249.0 1249.0 1249.0 1249.0 1249.0 1249.0 1249.0 1249.0 1249.0 1248.987 1248.886 1248.785 1248.685 1248.584 1248.472 1248.352 1248.232 1248.113 1248.0 1248.0 1248.0 1248.0 1248.0 1248.0 1248.0 1248.0 1248.0 1248.0 1247.855 1247.708
1268.467 1268.053 1267.638 1266.945 1266.239 1265.533 1264.827 1264.045 1263.158 1262.272 1261.386 1260.5 1259.416 1258.307 1257.198 1256.089 1254.979 1253.867 1252.755 1251.643 1250.531 1250.104 1249.837 1249.569 1249.301 1249.101 1249.077 1249.053 1249.03 1249.006 1249.0 1249.0 1249.0 1249.0 1249.0 1249.0 1249.0 1249.0 1249.0 1249.0 1249.0 1249.0 1249.0 1248.98 1248.831 1248.681 1248.532 1248.382 1248.28 1248.209 1248.138 1248.067 1248.0 1248.0 1248.0 1248.0 1248.0 1248.0 1248.0 1248.0 1248.0 1248.0 1247.855 1247.708
1267.516 1267.133 1266.751 1266.137 1265.512 1264.888 1264.263 1263.558 1262.742 1261.926 1261.111 1260.295 1259.239 1258.151 1257.064 1255.976 1254.871 1253.732 1252.593 1251.454 1250.315 1249.909 1249.674 1249.439 1249.204 1249.031 1249.024 1249.017 1249.009 1249.002 1249.0 1249.0 1249.0 1249.0 1249.0 1249.0 1249.0 1249.0 1249.0 1249.0 1249.0 1249.0 1249.0 1248.974 1248.776 1248.578 1248.379 1248.181 1248.087 1248.065 1248.043 1248.021 1248.0 1248.0 1248.0 1248.0 1248.0 1248.0 1248.0 1248.0 1248.0 1248.0 1247.855 1247.708
1266.483 1266.133 1265.784 1265.206 1264.618 1264.031 1263.443 1262.789 1262.043 1261.298 1260.553 1259.807 1258.802 1257.763 1256.724 1255.685 1254.623 1253.519 1252.416 1251.312 1250.208 1249.821 1249.601 1249.38 1249.16 1249.0 1249.0 1249.0 1249.0 1249.0 1249.0 1249.0 1249.0 1249.0 1249.0 1249.0 1249.0 1249.0 1249.0 1248.994 1248.985 1248.976 1248.967 1248.932 1248.721 1248.509 1248.297 1248.086 1248.0 1248.0 1248.0 1248.0 1248.0 1248.0 1248.0 1248.0 1248.0 1248.0 1248.0 1248.0 1248.0 1248.0 1247.846 1247.691
1265.384 1265.067 1264.75 1264.173 1263.586 1262.998 1262.41 1261.785 1261.111 1260.436 1259.761 1259.086 1258.151 1257.183 1256.214 1255.245 1254.26 1253.243 1252.226 1251.209 1250.192 1249.821 1249.601 1249.38 1249.16 1249.0 1249.0 1249.0 1249.0 1249.0 1249.0 1249.0 1249.0 1249.0 1249.0 1249.0 1249.0 1249.0 1249.0 1248.983 1248.958 1248.933 1248.908 1248.86 1248.665 1248.47 1248.275 1248.079 1248.0 1248.0 1248.0 1248.0 1248.0 1248.0 1248.0 1248.0 1248.0 1248.0 1248.0 1248.0 1248.0 1248.0 1247.83 1247.658
1264.284 1264.0 1263.715 1263.141 1262.553 1261.965 1261.377 1260.782 1260.178 1259.573 1258.969 1258.365 1257.501 1256.602 1255.704 1254.806 1253.897 1252.966 1252.036 1251.106 1250.175 1249.821 1249.601 1249.38 1249.16 1249.0 1249.0 1249.0 1249.0 1249.0 1249.0 1249.0 1249.0 1249.0 1249.0 1249.0 1249.0 1249.0 1249.0 1248.972 1248.931 1248.89 1248.848 1248.789 1248.61 1248.431 1248.252 1248.073 1248.0 1248.0 1248.0 1248.0 1248.0 1248.0 1248.0 1248.0 1248.0 1248.0 1248.0 1248.0 1248.0 1248.0 1247.814 1247.626
1263.185 1262.933 1262.681 1262.108 1261.52 1260.932 1260.344 1259.779 1259.245 1258.711 1258.177 1257.643 1256.85 1256.022 1255.194 1254.366 1253.533 1252.69 1251.846 1251.002 1250.159 1249.821 1249.601 1249.38 1249.16 1249.0 1249.0 1249.0 1249.0 1249.0 1249.0 1249.0 1249.0 1249.0 1249.0 1249.0 1249.0 1249.0 1249.0 1248.962 1248.904 1248.846 1248.789 1248.717 1248.554 1248.392 1248.229 1248.066 1248.0 1248.0 1248.0 1248.0 1248.0 1248.0 1248.0 1248.0 1248.0 1248.0 1248.0 1248.0 1248.0 1248.0 1247.798 1247.594
1262.083 1261.864 1261.644 1261.074 1260.487 1259.901 1259.314 1258.779 1258.312 1257.846 1257.38 1256.914 1256.191 1255.434 1254.677 1253.92 1253.164 1252.407 1251.65 1250.893 1250.136 1249.816 1249.597 1249.378 1249.159 1249.0 1249.0 1249.0 1249.0 1249.0 1249.0 1249.0 1249.0 1249.0 1249.0 1249.0 1249.0 1249.0 1249.0 1248.951 1248.878 1248.804 1248.731 1248.648 1248.501 1248.354 1248.207 1248.06 1248.0 1248.0 1248.0 1248.0 1248.0 1248.0 1248.0 1248.0 1248.0 1248.0 1248.0 1248.0 1248.0 1248.0 1247.783 1247.562
1260.91 1260.723 1260.536 1260.014 1259.476 1258.938 1258.401 1257.882 1257.389 1256.895 1256.402 1255.909 1255.259 1254.589 1253.919 1253.249 1252.579 1251.909 1251.239 1250.569 1249.899 1249.634 1249.464 1249.294 1249.123 1249.0 1249.0 1249.0 1249.0 1249.0 1249.0 1249.0 1249.0 1249.0 1249.0 1249.0 1249.0 1249.0 1249.0 1248.951 1248.878 1248.804 1248.731 1248.648 1248.501 1248.354 1248.207 1248.06 1248.0 1248.0 1248.0 1248.0 1248.0 1248.0 1248.0 1248.0 1248.0 1248.0 1248.0 1248.0 1248.0 1248.0 1247.783 1247.562
1259.737 1259.583 1259.428 1258.954 1258.465 1257.976 1257.487 1256.985 1256.465 1255.944 1255.424 1254.903 1254.328 1253.744 1253.161 1252.578 1251.994 1251.411 1250.828 1250.244 1249.661 1249.452 1249.331 1249.209 1249.088 1249.0 1249.0 1249.0 1249.0 1249.0 1249.0 1249.0 1249.0 1249.0 1249.0 1249.0 1249.0 1249.0 1249.0 1248.951 1248.878 1248.804 1248.731 1248.648 1248.501 1248.354 1248.207 1248.06 1248.0 1248.0 1248.0 1248.0 1248.0 1248.0 1248.0 1248.0 1248.0 1248.0 1248.0 1248.0 1248.0 1248.0 1247.783 1247.562
1258.564 1258.442 1258.32 1257.894 1257.454 1257.014 1256.574 1256.088 1255.541 1254.993 1254.446 1253.898 1253.396 1252.899 1252.403 1251.906 1251.41 1250.913 1250.416 1249.92 1249.423 1249.271 1249.198 1249.125 1249.053 1249.0 1249.0 1249.0 1249.0 1249.0 1249.0 1249.0 1249.0 1249.0 1249.0 1249.0 1249.0 1249.0 1249.0 1248.951 1248.878 1248.804 1248.731 1248.648 1248.501 1248.354 1248.207 1248.06 1248.0 1248.0 1248.0 1248.0 1248.0 1248.0 1248.0 1248.0 1248.0 1248.0 1248.0 1248.0 1248.0 1248.0 1247.783 1247.562
1257.391 1257.301 1257.212 1256.834 1256.443 1256.051 1255.66 1255.192 1254.617 1254.042 1253.468 1252.893 1252.464 1252.054 1251.645 1251.235 1250.825 1250.415 1250.005 1249.595 1249.186 1249.089 1249.065 1249.041 1249.017 1249.0 1249.0 1249.0 1249.0 1249.0 1249.0 1249.0 1249.0 1249.0 1249.0 1249.0 1249.0 1249.0 1249.0 1248.951 1248.878 1248.804 1248.731 1248.648 1248.501 1248.354 1248.207 1248.06 1248.0 1248.0 1248.0 1248.0 1248.0 1248.0 1248.0 1248.0 1248.0 1248.0 1248.0 1248.0 1248.0 1248.0 1247.783 1247.562
1256.216 1256.123 1256.03 1255.706 1255.372 1255.038 1254.704 1254.281 1253.734 1253.188 1252.641 1252.095 1251.734 1251.397 1251.06 1250.723 1250.388 1250.057 1249.725 1249.394 1249.063 1249.0 1249.0 1249.0 1249.0 1249.0 1249.0 1249.0 1249.0 1249.0 1249.0 1249.0 1249.0 1249.0 1249.0 1249.0 1249.0 1249.0 1249.0 1248.951 1248.878 1248.804 1248.731 1248.648 1248.501 1248.354 1248.207 1248.06 1248.0 1248.0 1248.0 1248.0 1248.0 1248.0 1248.0 1248.0 1248.0 1248.0 1248.0 1248.0 1248.0 1248.0 1247.791 1247.579
1255.039 1254.908 1254.777 1254.514 1254.245 1253.976 1253.707 1253.356 1252.891 1252.426 1251.96 1251.495 1251.196 1250.919 1250.642 1250.365 1250.093 1249.832 1249.571 1249.31 1249.049 1249.0 1249.0 1249.0 1249.0 1249.0 1249.0 1249.0 1249.0 1249.0 1249.0 1249.0 1249.0 1249.0 1249.0 1249.0 1249.0 1249.0 1249.0 1248.951 1248.878 1248.804 1248.731 1248.648 1248.501 1248.354 1248.207 1248.06 1248.0 1248.0 1248.0 1248.0 1248.0 1248.0 1248.0 1248.0 1248.0 1248.0 1248.0 1248.0 1248.0 1248.0 1247.807 1247.611
1253.862 1253.694 1253.525 1253.322 1253.118 1252.914 1252.71 1252.431 1252.047 1251.663 1251.28 1250.896 1250.659 1250.441 1250.224 1250.006 1249.798 1249.607 1249.417 1249.226 1249.036 1249.0 1249.0 1249.0 1249.0 1249.0 1249.0 1249.0 1249.0 1249.0 1249.0 1249.0 1249.0 1249.0 1249.0 1249.0 1249.0 1249.0 1249.0 1248.951 1248.878 1248.804 1248.731 1248.648 1248.501 1248.354 1248.207 1248.06 1248.0 1248.0 1248.0 1248.0 1248.0 1248.0 1248.0 1248.0 1248.0 1248.0 1248.0 1248.0 1248.0 1248.0 1247.823 1247.643
1252.686 1252.479 1252.272 1252.13 1251.991 1251.852 1251.713 1251.506 1251.203 1250.901 1250.599 1250.296 1250.121 1249.963 1249.805 1249.647 1249.503 1249.383 1249.263 1249.143 1249.023 1249.0 1249.0 1249.0 1249.0 1249.0 1249.0 1249.0 1249.0 1249.0 1249.0 1249.0 1249.0 1249.0 1249.0 1249.0 1249.0 1249.0 1249.0 1248.951 1248.878 1248.804 1248.731 1248.648 1248.501 1248.354 1248.207 1248.06 1248.0 1248.0 1248.0 1248.0 1248.0 1248.0 1248.0 1248.0 1248.0 1248.0 1248.0 1248.0 1248.0 1248.0 1247.839 1247.676
1251.509 1251.264 1251.02 1250.938 1250.864 1250.79 1250.717 1250.581 1250.36 1250.139 1249.918 1249.697 1249.584 1249.485 1249.387 1249.289 1249.207 1249.158 1249.108 1249.059 1249.009 1249.0 1249.0 1249.0 1249.0 1249.0 1249.0 1249.0 1249.0 1249.0 1249.0 1249.0 1249.0 1249.0 1249.0 1249.0 1249.0 1249.0 1249.0 1248.951 1248.878 1248.804 1248.731 1248.648 1248.501 1248.354 1248.207 1248.06 1248.0 1248.0 1248.0 1248.0 1248.0 1248.0 1248.0 1248.0 1248.0 1248.0 1248.0 1248.0 1248.0 1248.0 1247.855 1247.708
1251.017 1250.794 1250.57 1250.506 1250.448 1250.391 1250.334 1250.228 1250.056 1249.884 1249.712 1249.54 1249.453 1249.376 1249.3 1249.223 1249.16 1249.122 1249.084 1249.045 1249.007 1249.0 1249.0 1249.0 1249.0 1249.0 1249.0 1249.0 1249.0 1249.0 1249.0 1249.0 1249.0 1249.0 1249.0 1249.0 1249.0 1249.0 1249.0 1248.962 1248.904 1248.847 1248.79 1248.721 1248.574 1248.427 1248.28 1248.133 1248.067 1248.056 1248.045 1248.035 1248.024 1248.019 1248.013 1248.008 1248.003 1248.0 1248.0 1248.0 1248.0 1248.0 1247.887 1247.772
1250.53 1250.328 1250.127 1250.079 1250.037 1249.996 1249.955 1249.88 1249.757 1249.633 1249.51 1249.387 1249.324 1249.269 1249.215 1249.16 1249.115 1249.087 1249.06 1249.033 1249.005 1249.0 1249.0 1249.0 1249.0 1249.0 1249.0 1249.0 1249.0 1249.0 1249.0 1249.0 1249.0 1249.0 1249.0 1249.0 1249.0 1249.0 1249.0 1248.973 1248.932 1248.891 1248.849 1248.795 1248.648 1248.501 1248.354 1248.207 1248.134 1248.113 1248.091 1248.069 1248.048 1248.038 1248.027 1248.016 1248.005 1248.0 1248.0 1248.0 1248.0 1248.0 1247.919 1247.837
1250.043 1249.863 1249.683 1249.651 1249.627 1249.602 1249.577 1249.531 1249.457 1249.383 1249.308 1249.234 1249.196 1249.163 1249.13 1249.097 1249.069 1249.053 1249.036 1249.02 1249.003 1249.0 1249.0 1249.0 1249.0 1249.0 1249.0 1249.0 1249.0 1249.0 1249.0 1249.0 1249.0 1249.0 1249.0 1249.0 1249.0 1249.0 1249.0 1248.984 1248.959 1248.934 1248.909 1248.868 1248.721 1248.574 1248.427 1248.281 1248.202 1248.169 1248.137 1248.104 1248.073 1248.056 1248.04 1248.024 1248.008 1248.0 1248.0 1248.0 1248.0 1248.0 1247.951 1247.901
1249.556 1249.398 1249.239 1249.224 1249.216 1249.207 1249.199 1249.183 1249.157 1249.132 1249.106 1249.08 1249.067 1249.056 1249.045 1249.033 1249.024 1249.018 1249.012 1249.007 1249.001 1249.0 1249.0 1249.0 1249.0 1249.0 1249.0 1249.0 1249.0 1249.0 1249.0 1249.0 1249.0 1249.0 1249.0 1249.0 1249.0 1249.0 1249.0 1248.994 1248.986 1248.977 1248.969 1248.942 1248.795 1248.648 1248.501 1248.354 1248.269 1248.226 1248.182 1248.139 1248.097 1248.075 1248.054 1248.032 1248.01 1248.0 1248.0 1248.0 1248.0 1248.0 1247.983 1247.966
1249.269 1249.137 1249.006 1249.0 1249.0 1249.0 1249.0 1249.0 1249.0 1249.0 1249.0 1249.0 1249.0 1249.0 1249.0 1249.0 1249.0 1249.0 1249.0 1249.0 1249.0 1249.0 1249.0 1249.0 1249.0 1249.0 1249.0 1249.0 1249.0 1249.0 1249.0 1249.0 1249.0 1249.0 1249.0 1249.0 1249.0 1249.0 1249.0 1249.0 1249.0 1249.0 1249.0 1248.983 1248.851 1248.72 1248.588 1248.457 1248.377 1248.333 1248.29 1248.246 1248.202 1248.157 1248.112 1248.067 1248.022 1248.0 1248.0 1248.0 1248.0 1248.0 1248.0 1248.0
1249.202 1249.103 1249.004 1249.0 1249.0 1249.0 1249.0 1249.0 1249.0 1249.0 1249.0 1249.0 1249.0 1249.0 1249.0 1249.0 1249.0 1249.0 1249.0 1249.0 1249.0 1249.0 1249.0 1249.0 1249.0 1249.0 1249.0 1249.0 1249.0 1249.0 1249.0 1249.0 1249.0 1249.0 1249.0 1249.0 1249.0 1249.0 1249.0 1249.0 1249.0 1249.0 1249.0 1248.987 1248.888 1248.789 1248.69 1248.591 1248.531 1248.498 1248.465 1248.432 1248.396 1248.308 1248.219 1248.131 1248.042 1248.0 1248.0 1248.0 1248.0 1248.0 1248.0 1248.0
1249.136 1249.069 1249.003 1249.0 1249.0 1249.0 1249.0 1249.0 1249.0 1249.0 1249.0 1249.0 1249.0 1249.0 1249.0 1249.0 1249.0 1249.0 1249.0 1249.0 1249.0 1249.0 1249.0 1249.0 1249.0 1249.0 1249.0 1249.0 1249.0 1249.0 1249.0 1249.0 1249.0 1249.0 1249.0 1249.0 1249.0 1249.0 1249.0 1249.0 1249.0 1249.0 1249.0 1248.991 1248.925 1248.858 1248.792 1248.725 1248.685 1248.663 1248.641 1248.619 1248.59 1248.458 1248.327 1248.195 1248.063 1248.0 1248.0 1248.0 1248.0 1248.0 1248.0 1248.0
1249.069 1249.035 1249.001 1249.0 1249.0 1249.0 1249.0 1249.0 1249.0 1249.0 1249.0 1249.0 1249.0 1249.0 1249.0 1249.0 1249.0 1249.0 1249.0 1249.0 1249.0 1249.0 1249.0 1249.0 1249.0 1249.0 1249.0 1249.0 1249.0 1249.0 1249.0 1249.0 1249.0 1249.0 1249.0 1249.0 1249.0 1249.0 1249.0 1249.0 1249.0 1249.0 1249.0 1248.996 1248.962 1248.928 1248.894 1248.86 1248.839 1248.828 1248.817 1248.805 1248.785 1248.609 1248.434 1248.259 1248.084 1248.0 1248.0 1248.0 1248.0 1248.0 1248.0 1248.0
