data/zism_data/00231_01_D.txt
ncols         224
nrows         224
[rows 0 to 28 of 224, columns 130 to 194 of 224]
1201.506 1201.469 1201.433 1201.398 1201.363 1201.328 1201.285 1201.238 1201.191 1201.144 1201.078 1200.928 1200.777 1200.627 1200.477 1200.409 1200.386 1200.363 1200.339 1200.31 1200.24 1200.17 1200.1 1200.03 1200.0 1200.0 1200.0 1200.0 1200.0 1200.0 1200.0 1200.0 1200.0 1200.0 1200.0 1200.0 1200.0 1200.0 1200.125 1200.254 1200.382 1200.511 1200.746 1201.118 1201.491 1201.864 1202.236 1202.792 1203.368 1203.944 1204.52 1205.025 1205.404 1205.783 1206.162 1206.541 1206.911 1207.278 1207.646 1208.013 1208.434 1208.987 1209.54 1210.092 1210.645
1201.715 1201.686 1201.634 1201.583 1201.531 1201.48 1201.416 1201.348 1201.279 1201.211 1201.133 1201.015 1200.898 1200.78 1200.662 1200.599 1200.565 1200.531 1200.496 1200.454 1200.351 1200.249 1200.146 1200.043 1200.0 1200.0 1200.0 1200.0 1200.0 1200.0 1200.0 1200.0 1200.0 1200.0 1200.0 1200.0 1200.0 1200.0 1200.183 1200.371 1200.56 1200.748 1201.047 1201.49 1201.933 1202.376 1202.819 1203.377 1203.948 1204.518 1205.089 1205.592 1205.977 1206.361 1206.746 1207.131 1207.501 1207.868 1208.236 1208.603 1209.02 1209.556 1210.093 1210.629 1211.166
1201.925 1201.903 1201.835 1201.767 1201.7 1201.632 1201.548 1201.458 1201.368 1201.278 1201.188 1201.103 1201.018 1200.933 1200.848 1200.789 1200.744 1200.698 1200.653 1200.598 1200.463 1200.327 1200.192 1200.057 1200.0 1200.0 1200.0 1200.0 1200.0 1200.0 1200.0 1200.0 1200.0 1200.0 1200.0 1200.0 1200.0 1200.0 1200.241 1200.489 1200.737 1200.985 1201.348 1201.862 1202.375 1202.889 1203.402 1203.962 1204.528 1205.093 1205.658 1206.16 1206.55 1206.94 1207.33 1207.72 1208.091 1208.459 1208.826 1209.193 1209.605 1210.125 1210.646 1211.166 1211.686
1202.115 1202.09 1202.013 1201.936 1201.859 1201.782 1201.695 1201.604 1201.513 1201.422 1201.336 1201.269 1201.203 1201.136 1201.069 1201.005 1200.943 1200.88 1200.817 1200.744 1200.597 1200.45 1200.303 1200.156 1200.089 1200.078 1200.068 1200.057 1200.047 1200.047 1200.047 1200.047 1200.047 1200.058 1200.079 1200.099 1200.12 1200.141 1200.447 1200.762 1201.076 1201.391 1201.806 1202.352 1202.898 1203.443 1203.989 1204.526 1205.061 1205.597 1206.133 1206.616 1207.008 1207.4 1207.792 1208.184 1208.578 1208.974 1209.369 1209.764 1210.188 1210.681 1211.175 1211.668 1212.162
1202.296 1202.261 1202.178 1202.096 1202.014 1201.931 1201.851 1201.77 1201.69 1201.61 1201.534 1201.479 1201.423 1201.367 1201.312 1201.237 1201.153 1201.068 1200.983 1200.892 1200.745 1200.598 1200.451 1200.304 1200.227 1200.2 1200.173 1200.147 1200.121 1200.121 1200.121 1200.121 1200.121 1200.148 1200.201 1200.255 1200.308 1200.362 1200.737 1201.122 1201.507 1201.892 1202.352 1202.908 1203.465 1204.022 1204.578 1205.077 1205.569 1206.062 1206.554 1207.01 1207.401 1207.793 1208.185 1208.577 1209.008 1209.446 1209.885 1210.323 1210.768 1211.229 1211.69 1212.151 1212.613
1202.476 1202.432 1202.344 1202.256 1202.168 1202.08 1202.006 1201.937 1201.867 1201.798 1201.733 1201.688 1201.644 1201.599 1201.554 1201.469 1201.363 1201.256 1201.15 1201.039 1200.892 1200.745 1200.598 1200.451 1200.365 1200.322 1200.279 1200.236 1200.195 1200.195 1200.195 1200.195 1200.195 1200.238 1200.324 1200.41 1200.496 1200.582 1201.027 1201.482 1201.938 1202.393 1202.897 1203.465 1204.032 1204.6 1205.167 1205.628 1206.077 1206.526 1206.975 1207.403 1207.795 1208.187 1208.579 1208.971 1209.437 1209.919 1210.401 1210.883 1211.349 1211.778 1212.206 1212.635 1213.063
1202.656 1202.602 1202.509 1202.416 1202.323 1202.229 1202.161 1202.103 1202.044 1201.986 1201.932 1201.898 1201.864 1201.83 1201.796 1201.701 1201.573 1201.445 1201.317 1201.187 1201.04 1200.893 1200.746 1200.599 1200.503 1200.444 1200.385 1200.325 1200.269 1200.269 1200.269 1200.269 1200.269 1200.329 1200.447 1200.565 1200.684 1200.802 1201.317 1201.843 1202.369 1202.895 1203.443 1204.022 1204.6 1205.178 1205.757 1206.18 1206.585 1206.991 1207.396 1207.797 1208.189 1208.58 1208.972 1209.364 1209.866 1210.392 1210.917 1211.442 1211.93 1212.326 1212.722 1213.118 1213.514
1202.819 1202.759 1202.664 1202.568 1202.473 1202.378 1202.317 1202.269 1202.222 1202.174 1202.131 1202.107 1202.083 1202.059 1202.035 1201.93 1201.781 1201.632 1201.483 1201.335 1201.192 1201.049 1200.906 1200.763 1200.661 1200.59 1200.518 1200.447 1200.379 1200.385 1200.391 1200.397 1200.403 1200.478 1200.621 1200.764 1200.907 1201.05 1201.623 1202.209 1202.795 1203.381 1203.965 1204.547 1205.129 1205.71 1206.292 1206.687 1207.06 1207.434 1207.807 1208.189 1208.586 1208.984 1209.381 1209.778 1210.308 1210.866 1211.424 1211.982 1212.486 1212.858 1213.229 1213.6 1213.972
1202.86 1202.814 1202.74 1202.667 1202.593 1202.519 1202.472 1202.435 1202.399 1202.362 1202.328 1202.31 1202.292 1202.273 1202.255 1202.141 1201.975 1201.81 1201.645 1201.486 1201.376 1201.265 1201.155 1201.044 1200.966 1200.911 1200.855 1200.8 1200.75 1200.805 1200.859 1200.914 1200.969 1201.052 1201.162 1201.273 1201.383 1201.494 1202.05 1202.62 1203.189 1203.759 1204.313 1204.846 1205.379 1205.912 1206.445 1206.878 1207.3 1207.723 1208.145 1208.574 1209.014 1209.455 1209.895 1210.336 1210.838 1211.353 1211.867 1212.382 1212.865 1213.268 1213.672 1214.076 1214.48
1202.901 1202.869 1202.817 1202.765 1202.713 1202.661 1202.628 1202.602 1202.576 1202.55 1202.526 1202.513 1202.5 1202.487 1202.474 1202.351 1202.17 1201.988 1201.807 1201.637 1201.56 1201.482 1201.404 1201.326 1201.27 1201.231 1201.193 1201.154 1201.121 1201.224 1201.328 1201.431 1201.535 1201.625 1201.703 1201.781 1201.859 1201.937 1202.477 1203.03 1203.583 1204.137 1204.66 1205.145 1205.629 1206.113 1206.597 1207.07 1207.541 1208.012 1208.483 1208.958 1209.442 1209.926 1210.41 1210.894 1211.368 1211.839 1212.31 1212.781 1213.243 1213.679 1214.116 1214.552 1214.989
1202.943 1202.923 1202.893 1202.863 1202.833 1202.802 1202.783 1202.768 1202.753 1202.738 1202.724 1202.716 1202.709 1202.701 1202.694 1202.562 1202.364 1202.167 1201.969 1201.789 1201.743 1201.698 1201.653 1201.607 1201.575 1201.552 1201.53 1201.507 1201.492 1201.644 1201.797 1201.949 1202.101 1202.199 1202.245 1202.29 1202.335 1202.381 1202.904 1203.441 1203.978 1204.515 1205.008 1205.443 1205.879 1206.314 1206.75 1207.261 1207.781 1208.301 1208.82 1209.343 1209.87 1210.398 1210.925 1211.452 1211.897 1212.325 1212.753 1213.181 1213.621 1214.09 1214.559 1215.028 1215.497
1202.984 1202.978 1202.97 1202.961 1202.953 1202.944 1202.938 1202.934 1202.93 1202.926 1202.922 1202.92 1202.917 1202.915 1202.913 1202.773 1202.559 1202.345 1202.131 1201.94 1201.927 1201.914 1201.901 1201.889 1201.88 1201.873 1201.867 1201.86 1201.863 1202.064 1202.265 1202.466 1202.667 1202.773 1202.786 1202.799 1202.812 1202.824 1203.331 1203.851 1204.372 1204.893 1205.356 1205.742 1206.129 1206.516 1206.902 1207.453 1208.021 1208.59 1209.158 1209.727 1210.298 1210.869 1211.44 1212.01 1212.427 1212.812 1213.196 1213.581 1213.999 1214.501 1215.002 1215.504 1216.005
1203.134 1203.134 1203.134 1203.134 1203.134 1203.134 1203.134 1203.134 1203.134 1203.134 1203.132 1203.122 1203.112 1203.102 1203.093 1202.965 1202.774 1202.583 1202.392 1202.223 1202.223 1202.223 1202.223 1202.223 1202.223 1202.223 1202.223 1202.223 1202.233 1202.453 1202.673 1202.894 1203.114 1203.233 1203.253 1203.272 1203.292 1203.312 1203.792 1204.287 1204.782 1205.277 1205.716 1206.083 1206.451 1206.818 1207.186 1207.742 1208.32 1208.898 1209.476 1210.054 1210.632 1211.21 1211.789 1212.367 1212.787 1213.174 1213.561 1213.948 1214.375 1214.899 1215.423 1215.947 1216.472
1203.355 1203.355 1203.355 1203.355 1203.355 1203.355 1203.355 1203.355 1203.355 1203.355 1203.35 1203.324 1203.298 1203.272 1203.246 1203.144 1203.002 1202.86 1202.718 1202.592 1202.592 1202.592 1202.592 1202.592 1202.592 1202.592 1202.592 1202.592 1202.601 1202.822 1203.042 1203.263 1203.483 1203.618 1203.67 1203.723 1203.775 1203.827 1204.277 1204.74 1205.202 1205.664 1206.085 1206.452 1206.82 1207.187 1207.555 1208.097 1208.658 1209.22 1209.782 1210.344 1210.905 1211.467 1212.029 1212.591 1213.035 1213.455 1213.874 1214.294 1214.748 1215.289 1215.829 1216.37 1216.91
1203.576 1203.576 1203.576 1203.576 1203.576 1203.576 1203.576 1203.576 1203.576 1203.576 1203.568 1203.526 1203.484 1203.441 1203.399 1203.323 1203.23 1203.137 1203.043 1202.961 1202.961 1202.961 1202.961 1202.961 1202.961 1202.961 1202.961 1202.961 1202.97 1203.191 1203.411 1203.632 1203.852 1204.004 1204.088 1204.173 1204.258 1204.343 1204.762 1205.192 1205.622 1206.051 1206.454 1206.821 1207.189 1207.556 1207.923 1208.451 1208.996 1209.542 1210.087 1210.633 1211.178 1211.724 1212.269 1212.815 1213.283 1213.735 1214.188 1214.64 1215.122 1215.679 1216.235 1216.792 1217.349
1203.798 1203.798 1203.798 1203.798 1203.798 1203.798 1203.798 1203.798 1203.798 1203.798 1203.787 1203.728 1203.669 1203.611 1203.552 1203.503 1203.458 1203.414 1203.369 1203.33 1203.33 1203.33 1203.33 1203.33 1203.33 1203.33 1203.33 1203.33 1203.339 1203.56 1203.78 1204.0 1204.221 1204.389 1204.506 1204.624 1204.741 1204.858 1205.247 1205.644 1206.041 1206.438 1206.823 1207.19 1207.557 1207.925 1208.292 1208.805 1209.334 1209.864 1210.393 1210.922 1211.451 1211.981 1212.51 1213.039 1213.531 1214.016 1214.501 1214.985 1215.496 1216.069 1216.642 1217.215 1217.788
1204.01 1204.011 1204.013 1204.015 1204.017 1204.019 1204.019 1204.019 1204.019 1204.019 1204.005 1203.932 1203.859 1203.786 1203.713 1203.687 1203.685 1203.683 1203.681 1203.68 1203.682 1203.685 1203.688 1203.691 1203.693 1203.694 1203.696 1203.697 1203.708 1203.928 1204.149 1204.369 1204.59 1204.773 1204.92 1205.067 1205.214 1205.361 1205.722 1206.089 1206.457 1206.824 1207.192 1207.561 1207.93 1208.299 1208.667 1209.167 1209.681 1210.196 1210.71 1211.224 1211.737 1212.25 1212.763 1213.276 1213.79 1214.304 1214.819 1215.333 1215.869 1216.456 1217.043 1217.631 1218.218
1204.12 1204.14 1204.163 1204.187 1204.21 1204.234 1204.24 1204.24 1204.24 1204.24 1204.228 1204.16 1204.093 1204.025 1203.957 1203.918 1203.895 1203.871 1203.848 1203.831 1203.866 1203.902 1203.937 1203.972 1203.997 1204.015 1204.033 1204.051 1204.077 1204.297 1204.518 1204.738 1204.959 1205.142 1205.289 1205.436 1205.583 1205.73 1206.091 1206.458 1206.826 1207.193 1207.568 1207.953 1208.338 1208.723 1209.109 1209.61 1210.124 1210.639 1211.153 1211.661 1212.158 1212.654 1213.151 1213.648 1214.159 1214.673 1215.188 1215.702 1216.236 1216.818 1217.4 1217.982 1218.564
1204.231 1204.268 1204.314 1204.359 1204.404 1204.449 1204.462 1204.462 1204.462 1204.462 1204.45 1204.388 1204.326 1204.264 1204.201 1204.15 1204.105 1204.06 1204.015 1203.982 1204.05 1204.118 1204.186 1204.254 1204.302 1204.336 1204.37 1204.404 1204.446 1204.666 1204.887 1205.107 1205.328 1205.511 1205.658 1205.805 1205.952 1206.099 1206.46 1206.827 1207.195 1207.562 1207.944 1208.345 1208.747 1209.148 1209.55 1210.052 1210.567 1211.081 1211.596 1212.098 1212.578 1213.059 1213.539 1214.019 1214.528 1215.042 1215.557 1216.071 1216.603 1217.18 1217.756 1218.333 1218.91
1204.342 1204.397 1204.464 1204.531 1204.598 1204.665 1204.683 1204.683 1204.683 1204.683 1204.672 1204.616 1204.559 1204.502 1204.445 1204.382 1204.315 1204.248 1204.181 1204.134 1204.234 1204.334 1204.435 1204.535 1204.607 1204.657 1204.707 1204.757 1204.815 1205.035 1205.256 1205.476 1205.697 1205.88 1206.027 1206.174 1206.321 1206.468 1206.829 1207.196 1207.563 1207.931 1208.32 1208.738 1209.155 1209.573 1209.991 1210.495 1211.01 1211.524 1212.038 1212.534 1212.999 1213.463 1213.927 1214.391 1214.897 1215.411 1215.926 1216.44 1216.971 1217.542 1218.113 1218.684 1219.255
1204.453 1204.526 1204.614 1204.703 1204.791 1204.88 1204.904 1204.904 1204.904 1204.904 1204.895 1204.844 1204.792 1204.741 1204.689 1204.614 1204.525 1204.437 1204.348 1204.285 1204.418 1204.551 1204.684 1204.817 1204.911 1204.978 1205.044 1205.111 1205.184 1205.404 1205.625 1205.845 1206.066 1206.249 1206.396 1206.543 1206.69 1206.837 1207.198 1207.565 1207.932 1208.3 1208.696 1209.13 1209.564 1209.998 1210.432 1210.938 1211.452 1211.967 1212.481 1212.971 1213.419 1213.867 1214.315 1214.763 1215.266 1215.78 1216.294 1216.809 1217.338 1217.904 1218.469 1219.035 1219.601
1204.557 1204.641 1204.754 1204.868 1204.981 1205.095 1205.126 1205.126 1205.126 1205.126 1205.118 1205.075 1205.032 1204.989 1204.946 1204.876 1204.79 1204.704 1204.619 1204.558 1204.686 1204.815 1204.943 1205.072 1205.179 1205.271 1205.363 1205.455 1205.551 1205.744 1205.937 1206.13 1206.322 1206.506 1206.681 1206.855 1207.03 1207.205 1207.566 1207.934 1208.301 1208.669 1209.064 1209.496 1209.927 1210.359 1210.791 1211.305 1211.828 1212.352 1212.876 1213.366 1213.798 1214.229 1214.661 1215.093 1215.6 1216.124 1216.648 1217.171 1217.699 1218.238 1218.777 1219.315 1219.854
1204.656 1204.746 1204.887 1205.027 1205.168 1205.308 1205.347 1205.347 1205.347 1205.347 1205.341 1205.309 1205.277 1205.245 1205.213 1205.16 1205.096 1205.032 1204.969 1204.923 1205.019 1205.115 1205.211 1205.307 1205.419 1205.544 1205.668 1205.793 1205.918 1206.062 1206.206 1206.35 1206.494 1206.678 1206.902 1207.125 1207.349 1207.572 1207.935 1208.303 1208.67 1209.038 1209.426 1209.841 1210.257 1210.672 1211.087 1211.615 1212.155 1212.694 1213.234 1213.729 1214.144 1214.56 1214.975 1215.391 1215.909 1216.449 1216.989 1217.529 1218.056 1218.551 1219.046 1219.542 1220.037
1204.754 1204.852 1205.02 1205.187 1205.355 1205.522 1205.568 1205.568 1205.568 1205.568 1205.564 1205.543 1205.522 1205.501 1205.48 1205.445 1205.403 1205.36 1205.318 1205.288 1205.352 1205.415 1205.478 1205.542 1205.66 1205.817 1205.974 1206.131 1206.285 1206.38 1206.475 1206.57 1206.665 1206.85 1207.123 1207.395 1207.667 1207.94 1208.304 1208.672 1209.039 1209.406 1209.788 1210.187 1210.586 1210.985 1211.384 1211.924 1212.48 1213.037 1213.593 1214.092 1214.491 1214.89 1215.289 1215.689 1216.217 1216.774 1217.33 1217.886 1218.412 1218.864 1219.316 1219.768 1220.22
1204.852 1204.957 1205.152 1205.347 1205.542 1205.736 1205.79 1205.79 1205.79 1205.79 1205.788 1205.778 1205.767 1205.757 1205.747 1205.73 1205.709 1205.688 1205.668 1205.653 1205.684 1205.715 1205.746 1205.777 1205.9 1206.089 1206.279 1206.468 1206.652 1206.698 1206.744 1206.791 1206.837 1207.023 1207.344 1207.665 1207.986 1208.307 1208.673 1209.041 1209.408 1209.775 1210.15 1210.532 1210.915 1211.298 1211.681 1212.234 1212.807 1213.379 1213.951 1214.455 1214.838 1215.221 1215.604 1215.987 1216.526 1217.098 1217.671 1218.243 1218.768 1219.177 1219.585 1219.994 1220.402
1204.953 1205.066 1205.284 1205.503 1205.721 1205.94 1206.001 1206.003 1206.005 1206.006 1206.007 1206.007 1206.007 1206.007 1206.007 1206.007 1206.007 1206.007 1206.007 1206.008 1206.01 1206.011 1206.013 1206.015 1206.143 1206.363 1206.582 1206.801 1207.011 1207.013 1207.015 1207.016 1207.018 1207.204 1207.571 1207.937 1208.303 1208.67 1209.036 1209.403 1209.769 1210.136 1210.503 1210.87 1211.236 1211.603 1211.97 1212.535 1213.122 1213.71 1214.297 1214.805 1215.174 1215.543 1215.912 1216.28 1216.829 1217.417 1218.004 1218.591 1219.114 1219.482 1219.851 1220.219 1220.587
1205.11 1205.228 1205.409 1205.589 1205.77 1205.95 1206.025 1206.059 1206.093 1206.127 1206.155 1206.155 1206.155 1206.155 1206.155 1206.155 1206.155 1206.155 1206.155 1206.16 1206.199 1206.239 1206.279 1206.319 1206.45 1206.648 1206.846 1207.043 1207.234 1207.268 1207.302 1207.336 1207.371 1207.562 1207.907 1208.252 1208.596 1208.941 1209.291 1209.641 1209.992 1210.342 1210.695 1211.051 1211.407 1211.763 1212.119 1212.673 1213.249 1213.826 1214.402 1214.913 1215.309 1215.705 1216.101 1216.497 1217.037 1217.608 1218.179 1218.75 1219.266 1219.651 1220.035 1220.42 1220.804
1205.266 1205.39 1205.533 1205.675 1205.818 1205.961 1206.048 1206.115 1206.182 1206.248 1206.302 1206.302 1206.302 1206.302 1206.302 1206.302 1206.302 1206.302 1206.302 1206.312 1206.389 1206.467 1206.545 1206.623 1206.758 1206.933 1207.109 1207.286 1207.457 1207.523 1207.59 1207.657 1207.724 1207.92 1208.243 1208.566 1208.889 1209.212 1209.546 1209.88 1210.214 1210.548 1210.887 1211.232 1211.577 1211.922 1212.267 1212.811 1213.376 1213.942 1214.508 1215.022 1215.445 1215.868 1216.291 1216.714 1217.245 1217.8 1218.354 1218.909 1219.419 1219.819 1220.22 1220.621 1221.022
1205.422 1205.552 1205.657 1205.762 1205.866 1205.971 1206.072 1206.171 1206.27 1206.37 1206.45 1206.45 1206.45 1206.45 1206.45 1206.45 1206.45 1206.45 1206.45 1206.464 1206.579 1206.695 1206.811 1206.927 1207.065 1207.219 1207.373 1207.528 1207.679 1207.779 1207.878 1207.977 1208.076 1208.278 1208.579 1208.881 1209.182 1209.483 1209.8 1210.118 1210.436 1210.754 1211.079 1211.413 1211.747 1212.082 1212.416 1212.949 1213.503 1214.058 1214.613 1215.13 1215.58 1216.03 1216.48 1216.93 1217.453 1217.991 1218.53 1219.068 1219.571 1219.988 1220.405 1220.822 1221.239
