data/zism_data/00230_04_D.txt
ncols         224
nrows         224
[rows 112 to 139 of 224, columns 0 to 62 of 224]
1298.814 1298.9 1298.986 1299.0 1299.0 1299.0 1299.0 1299.0 1299.0 1299.0 1299.0 1299.0 1298.92 1298.811 1298.701 1298.592 1298.43 1298.014 1297.597 1297.181 1296.765 1296.789 1297.089 1297.39 1297.69 1297.996 1298.399 1298.801 1299.204 1299.606 1299.711 1299.52 1299.33 1299.139 1298.948 1297.748 1296.491 1295.233 1293.975 1291.71 1287.864 1284.019 1280.173 1276.328 1271.406 1266.268 1261.13 1255.992 1250.691 1244.964 1239.238 1233.511 1227.784 1222.903 1218.35 1213.798 1209.246 1205.242 1204.049 1202.855 1201.662 1200.469 1200.579
1298.5 1298.732 1298.963 1299.0 1299.0 1299.0 1299.0 1299.0 1299.0 1299.0 1299.0 1299.0 1298.846 1298.634 1298.423 1298.211 1297.992 1297.737 1297.482 1297.227 1296.972 1297.092 1297.446 1297.8 1298.154 1298.504 1298.805 1299.105 1299.406 1299.706 1299.784 1299.642 1299.5 1299.357 1299.215 1298.267 1297.272 1296.278 1295.284 1293.328 1289.864 1286.4 1282.937 1279.473 1274.557 1269.349 1264.141 1258.933 1253.526 1247.601 1241.675 1235.75 1229.824 1224.689 1219.863 1215.036 1210.21 1205.95 1204.596 1203.241 1201.887 1200.533 1200.432
1298.187 1298.564 1298.94 1299.0 1299.0 1299.0 1299.0 1299.0 1299.0 1299.0 1299.0 1299.0 1298.772 1298.458 1298.144 1297.83 1297.554 1297.461 1297.367 1297.273 1297.179 1297.394 1297.802 1298.21 1298.617 1299.013 1299.211 1299.409 1299.608 1299.806 1299.858 1299.764 1299.67 1299.576 1299.482 1298.786 1298.054 1297.323 1296.592 1294.946 1291.864 1288.782 1285.7 1282.618 1277.707 1272.429 1267.151 1261.874 1256.362 1250.237 1244.113 1237.988 1231.864 1226.476 1221.375 1216.275 1211.174 1206.659 1205.143 1203.627 1202.112 1200.596 1200.285
1297.874 1298.395 1298.917 1299.0 1299.0 1299.0 1299.0 1299.0 1299.0 1299.0 1299.0 1299.0 1298.697 1298.281 1297.865 1297.45 1297.117 1297.184 1297.252 1297.319 1297.387 1297.697 1298.158 1298.62 1299.081 1299.521 1299.617 1299.714 1299.81 1299.906 1299.931 1299.885 1299.84 1299.794 1299.749 1299.304 1298.836 1298.369 1297.901 1296.565 1293.864 1291.163 1288.463 1285.762 1280.858 1275.51 1270.162 1264.814 1259.197 1252.874 1246.55 1240.227 1233.903 1228.263 1222.888 1217.513 1212.138 1207.367 1205.69 1204.013 1202.336 1200.659 1200.138
1297.454 1298.155 1298.856 1298.973 1298.981 1298.988 1298.995 1298.998 1298.993 1298.987 1298.982 1298.976 1298.583 1298.046 1297.509 1296.972 1296.568 1296.802 1297.037 1297.271 1297.505 1297.913 1298.43 1298.946 1299.463 1299.949 1299.957 1299.964 1299.972 1299.979 1299.985 1299.989 1299.992 1299.996 1300.0 1299.795 1299.578 1299.362 1299.145 1298.108 1295.783 1293.458 1291.133 1288.807 1283.901 1278.475 1273.049 1267.623 1261.888 1255.341 1248.793 1242.246 1235.699 1229.82 1224.201 1218.582 1212.963 1207.966 1206.161 1204.355 1202.55 1200.744 1200.031
1295.313 1296.745 1298.176 1298.514 1298.645 1298.776 1298.906 1298.971 1298.869 1298.766 1298.664 1298.561 1297.829 1296.862 1295.895 1294.928 1294.212 1294.704 1295.197 1295.689 1296.181 1296.735 1297.327 1297.918 1298.51 1299.075 1299.212 1299.348 1299.485 1299.621 1299.723 1299.792 1299.86 1299.928 1299.996 1299.841 1299.673 1299.504 1299.336 1298.435 1296.384 1294.333 1292.282 1290.231 1285.196 1279.56 1273.925 1268.29 1262.229 1255.052 1247.876 1240.7 1233.524 1227.642 1222.265 1216.888 1211.511 1206.783 1205.38 1203.978 1202.576 1201.173 1200.56
1293.171 1295.334 1297.497 1298.055 1298.309 1298.563 1298.818 1298.943 1298.744 1298.545 1298.346 1298.147 1297.075 1295.678 1294.281 1292.884 1291.855 1292.606 1293.356 1294.107 1294.857 1295.557 1296.224 1296.891 1297.557 1298.201 1298.466 1298.732 1298.997 1299.263 1299.462 1299.594 1299.727 1299.86 1299.993 1299.887 1299.767 1299.647 1299.527 1298.762 1296.985 1295.209 1293.432 1291.655 1286.491 1280.646 1274.801 1268.956 1262.569 1254.764 1246.959 1239.154 1231.348 1225.465 1220.33 1215.195 1210.059 1205.599 1204.6 1203.601 1202.602 1201.603 1201.089
1291.029 1293.923 1296.817 1297.595 1297.973 1298.351 1298.729 1298.916 1298.62 1298.324 1298.028 1297.732 1296.321 1294.494 1292.667 1290.84 1289.499 1290.508 1291.516 1292.525 1293.533 1294.378 1295.12 1295.863 1296.605 1297.327 1297.721 1298.116 1298.51 1298.905 1299.2 1299.397 1299.595 1299.792 1299.989 1299.932 1299.861 1299.789 1299.718 1299.089 1297.587 1296.084 1294.581 1293.079 1287.786 1281.731 1275.677 1269.622 1262.91 1254.476 1246.042 1237.607 1229.173 1223.288 1218.394 1213.501 1208.608 1204.416 1203.82 1203.224 1202.628 1202.032 1201.618
1288.888 1292.513 1296.138 1297.136 1297.638 1298.139 1298.641 1298.888 1298.496 1298.103 1297.71 1297.318 1295.567 1293.31 1291.053 1288.796 1287.143 1288.41 1289.676 1290.943 1292.209 1293.2 1294.017 1294.835 1295.652 1296.452 1296.976 1297.5 1298.023 1298.547 1298.939 1299.2 1299.462 1299.724 1299.986 1299.978 1299.955 1299.932 1299.909 1299.417 1298.188 1296.96 1295.731 1294.503 1289.081 1282.817 1276.552 1270.288 1263.251 1254.188 1245.124 1236.061 1226.998 1221.11 1216.459 1211.808 1207.156 1203.233 1203.04 1202.847 1202.654 1202.461 1202.147
1284.779 1289.146 1293.514 1294.838 1295.587 1296.335 1297.084 1297.469 1296.937 1296.406 1295.874 1295.343 1293.15 1290.336 1287.522 1284.709 1282.615 1283.997 1285.379 1286.76 1288.142 1289.321 1290.374 1291.426 1292.479 1293.527 1294.511 1295.494 1296.478 1297.461 1298.177 1298.626 1299.076 1299.526 1299.976 1300.0 1300.0 1300.0 1300.0 1299.565 1298.448 1297.331 1296.214 1295.097 1289.571 1283.159 1276.747 1270.334 1263.07 1253.571 1244.073 1234.574 1225.075 1219.435 1215.298 1211.161 1207.023 1203.612 1203.92 1204.229 1204.537 1204.846 1204.624
1278.868 1283.988 1289.108 1290.854 1291.963 1293.072 1294.181 1294.773 1294.064 1293.355 1292.646 1291.937 1289.207 1285.721 1282.236 1278.75 1276.097 1277.463 1278.828 1280.193 1281.559 1282.967 1284.401 1285.835 1287.27 1288.722 1290.469 1292.216 1293.963 1295.71 1296.956 1297.707 1298.458 1299.208 1299.959 1300.0 1300.0 1300.0 1300.0 1299.551 1298.396 1297.241 1296.087 1294.932 1289.323 1282.82 1276.316 1269.813 1262.41 1252.654 1242.897 1233.141 1223.384 1218.221 1214.847 1211.473 1208.099 1205.423 1206.323 1207.223 1208.122 1209.022 1208.886
1272.956 1278.829 1284.702 1286.871 1288.34 1289.809 1291.278 1292.077 1291.19 1290.304 1289.418 1288.532 1285.264 1281.106 1276.949 1272.791 1269.579 1270.928 1272.277 1273.627 1274.976 1276.612 1278.428 1280.244 1282.06 1283.917 1286.427 1288.938 1291.448 1293.958 1295.736 1296.788 1297.839 1298.891 1299.943 1300.0 1300.0 1300.0 1300.0 1299.536 1298.344 1297.151 1295.959 1294.767 1289.076 1282.481 1275.886 1269.291 1261.751 1251.737 1241.722 1231.707 1221.693 1217.007 1214.396 1211.786 1209.175 1207.234 1208.725 1210.216 1211.707 1213.199 1213.149
1267.045 1273.67 1280.296 1282.887 1284.716 1286.546 1288.375 1289.381 1288.317 1287.253 1286.19 1285.126 1281.321 1276.491 1271.662 1266.832 1263.061 1264.394 1265.727 1267.06 1268.393 1270.258 1272.456 1274.654 1276.851 1279.112 1282.386 1285.659 1288.933 1292.206 1294.515 1295.868 1297.221 1298.574 1299.927 1300.0 1300.0 1300.0 1300.0 1299.521 1298.292 1297.062 1295.832 1294.602 1288.828 1282.142 1275.456 1268.769 1261.092 1250.819 1240.547 1230.274 1220.002 1215.793 1213.946 1212.098 1210.251 1209.045 1211.128 1213.21 1215.293 1217.375 1217.411
1261.134 1268.512 1275.89 1278.903 1281.093 1283.282 1285.472 1286.685 1285.444 1284.203 1282.962 1281.721 1277.378 1271.876 1266.375 1260.874 1256.542 1257.859 1259.177 1260.494 1261.811 1263.904 1266.484 1269.063 1271.642 1274.307 1278.344 1282.381 1286.418 1290.455 1293.295 1294.949 1296.603 1298.256 1299.91 1300.0 1300.0 1300.0 1300.0 1299.507 1298.239 1296.972 1295.704 1294.437 1288.581 1281.803 1275.025 1268.247 1260.433 1249.902 1239.372 1228.841 1218.31 1214.579 1213.495 1212.411 1211.327 1210.856 1213.53 1216.204 1218.878 1221.552 1221.673
1254.722 1261.586 1268.45 1271.16 1273.084 1275.009 1276.933 1277.924 1276.569 1275.214 1273.859 1272.505 1268.208 1262.814 1257.419 1252.025 1247.831 1249.434 1251.037 1252.64 1254.243 1257.326 1261.336 1265.346 1269.356 1273.387 1277.747 1282.108 1286.468 1290.829 1293.771 1295.307 1296.844 1298.38 1299.917 1299.955 1299.907 1299.859 1299.812 1299.112 1297.388 1295.665 1293.941 1292.217 1286.333 1279.612 1272.891 1266.17 1258.699 1249.261 1239.823 1230.385 1220.948 1218.064 1217.733 1217.401 1217.07 1217.229 1219.901 1222.573 1225.245 1227.916 1228.073
1248.302 1254.634 1260.966 1263.36 1265.011 1266.661 1268.311 1269.074 1267.606 1266.139 1264.671 1263.203 1258.962 1253.686 1248.41 1243.134 1239.088 1240.981 1242.874 1244.767 1246.66 1250.745 1256.201 1261.657 1267.113 1272.524 1277.201 1281.879 1286.557 1291.234 1294.272 1295.685 1297.098 1298.51 1299.923 1299.909 1299.813 1299.717 1299.621 1298.712 1296.526 1294.34 1292.154 1289.968 1284.055 1277.393 1270.731 1264.07 1256.949 1248.624 1240.299 1231.974 1223.648 1221.619 1222.04 1222.461 1222.882 1223.669 1226.33 1228.991 1231.653 1234.314 1234.506
1241.882 1247.682 1253.482 1255.561 1256.937 1258.313 1259.69 1260.224 1258.644 1257.063 1255.482 1253.901 1249.716 1244.558 1239.4 1234.242 1230.344 1232.528 1234.711 1236.895 1239.078 1244.164 1251.066 1257.968 1264.87 1271.66 1276.655 1281.65 1286.645 1291.64 1294.774 1296.063 1297.352 1298.641 1299.93 1299.863 1299.719 1299.574 1299.43 1298.311 1295.663 1293.015 1290.366 1287.718 1281.777 1275.175 1268.572 1261.969 1255.198 1247.986 1240.774 1233.562 1226.349 1225.173 1226.347 1227.521 1228.695 1230.11 1232.76 1235.41 1238.06 1240.711 1240.938
1235.462 1240.73 1245.998 1247.762 1248.864 1249.966 1251.068 1251.374 1249.681 1247.987 1246.294 1244.6 1240.47 1235.43 1230.391 1225.351 1221.601 1224.074 1226.548 1229.022 1231.496 1237.583 1245.931 1254.279 1262.627 1270.797 1276.109 1281.421 1286.733 1292.045 1295.275 1296.44 1297.606 1298.771 1299.937 1299.818 1299.625 1299.432 1299.239 1297.911 1294.8 1291.69 1288.579 1285.469 1279.499 1272.956 1266.412 1259.869 1253.448 1247.349 1241.249 1235.15 1229.05 1228.727 1230.654 1232.58 1234.507 1236.55 1239.189 1241.829 1244.468 1247.108 1247.37
1229.68 1234.268 1238.856 1240.247 1241.034 1241.821 1242.608 1242.689 1240.999 1239.308 1237.618 1235.927 1232.166 1227.63 1223.095 1218.56 1215.291 1218.13 1220.969 1223.808 1226.647 1233.511 1242.895 1252.278 1261.662 1270.814 1276.25 1281.686 1287.122 1292.558 1295.786 1296.825 1297.865 1298.904 1299.943 1299.786 1299.559 1299.332 1299.105 1297.686 1294.396 1291.106 1287.816 1284.525 1278.752 1272.48 1266.209 1259.937 1254.003 1248.956 1243.909 1238.862 1233.815 1234.151 1236.584 1239.017 1241.45 1243.893 1246.391 1248.89 1251.388 1253.886 1253.96
1224.678 1228.406 1232.135 1233.081 1233.503 1233.924 1234.345 1234.207 1232.661 1231.116 1229.571 1228.025 1225.015 1221.459 1217.902 1214.345 1211.965 1215.26 1218.556 1221.852 1225.148 1232.516 1242.432 1252.348 1262.263 1271.91 1277.233 1282.556 1287.879 1293.202 1296.309 1297.219 1298.13 1299.04 1299.951 1299.77 1299.527 1299.285 1299.042 1297.678 1294.554 1291.43 1288.307 1285.183 1279.881 1274.142 1268.402 1262.662 1257.384 1253.316 1249.247 1245.178 1241.109 1241.867 1244.504 1247.141 1249.778 1252.343 1254.541 1256.738 1258.935 1261.133 1260.746
1219.677 1222.545 1225.413 1225.916 1225.971 1226.027 1226.083 1225.724 1224.324 1222.924 1221.523 1220.123 1217.865 1215.287 1212.708 1210.13 1208.638 1212.391 1216.144 1219.897 1223.649 1231.521 1241.969 1252.417 1262.865 1273.005 1278.215 1283.426 1288.636 1293.846 1296.832 1297.614 1298.395 1299.176 1299.958 1299.755 1299.496 1299.237 1298.978 1297.669 1294.712 1291.755 1288.798 1285.841 1281.01 1275.803 1270.595 1265.388 1260.765 1257.675 1254.585 1251.494 1248.404 1249.583 1252.424 1255.265 1258.107 1260.794 1262.69 1264.586 1266.483 1268.379 1267.531
1214.676 1216.683 1218.691 1218.75 1218.44 1218.13 1217.82 1217.241 1215.986 1214.731 1213.476 1212.221 1210.715 1209.115 1207.515 1205.915 1205.312 1209.522 1213.732 1217.941 1222.151 1230.525 1241.505 1252.486 1263.466 1274.101 1279.198 1284.295 1289.393 1294.49 1297.355 1298.008 1298.66 1299.312 1299.965 1299.74 1299.465 1299.19 1298.915 1297.661 1294.87 1292.08 1289.289 1286.499 1282.139 1277.464 1272.789 1268.114 1264.146 1262.034 1259.922 1257.81 1255.698 1257.298 1260.344 1263.39 1266.435 1269.244 1270.839 1272.434 1274.03 1275.625 1274.316
1209.674 1210.822 1211.97 1211.584 1210.909 1210.233 1209.558 1208.759 1207.649 1206.539 1205.429 1204.319 1203.565 1202.943 1202.321 1201.7 1201.986 1206.652 1211.319 1215.986 1220.652 1229.53 1241.042 1252.555 1264.067 1275.197 1280.181 1285.165 1290.15 1295.134 1297.878 1298.402 1298.925 1299.448 1299.972 1299.725 1299.433 1299.142 1298.851 1297.652 1295.028 1292.404 1289.781 1287.157 1283.268 1279.125 1274.982 1270.839 1267.527 1266.394 1265.26 1264.126 1262.993 1265.014 1268.264 1271.514 1274.764 1277.694 1278.989 1280.283 1281.577 1282.871 1281.102
1207.923 1208.839 1209.755 1209.665 1209.385 1209.105 1208.825 1208.432 1207.757 1207.082 1206.406 1205.731 1205.1 1204.485 1203.87 1203.255 1203.476 1207.736 1211.996 1216.255 1220.515 1229.216 1240.696 1252.176 1263.656 1274.76 1279.813 1284.866 1289.919 1294.972 1297.767 1298.323 1298.88 1299.436 1299.992 1299.811 1299.587 1299.363 1299.139 1298.141 1295.93 1293.718 1291.506 1289.295 1285.82 1282.091 1278.363 1274.634 1271.711 1270.898 1270.085 1269.272 1268.459 1270.417 1273.454 1276.491 1279.528 1282.232 1283.23 1284.228 1285.226 1286.224 1284.165
1206.482 1207.226 1207.97 1208.246 1208.433 1208.621 1208.808 1208.882 1208.669 1208.456 1208.243 1208.03 1207.462 1206.761 1206.06 1205.359 1205.425 1209.196 1212.966 1216.737 1220.507 1228.967 1240.361 1251.755 1263.15 1274.177 1279.316 1284.455 1289.594 1294.733 1297.595 1298.2 1298.805 1299.409 1300.014 1299.906 1299.758 1299.609 1299.46 1298.678 1296.902 1295.126 1293.349 1291.573 1288.507 1285.182 1281.856 1278.531 1275.971 1275.416 1274.861 1274.306 1273.751 1275.599 1278.383 1281.168 1283.952 1286.396 1287.099 1287.801 1288.504 1289.206 1286.875
1205.041 1205.613 1206.185 1206.827 1207.482 1208.137 1208.792 1209.332 1209.581 1209.831 1210.08 1210.33 1209.824 1209.037 1208.25 1207.463 1207.375 1210.656 1213.937 1217.218 1220.5 1228.719 1240.027 1251.335 1262.643 1273.594 1278.819 1284.044 1289.269 1294.495 1297.424 1298.077 1298.73 1299.383 1300.036 1300.002 1299.929 1299.855 1299.782 1299.215 1297.874 1296.534 1295.193 1293.852 1291.194 1288.272 1285.35 1282.427 1280.23 1279.933 1279.637 1279.34 1279.043 1280.782 1283.313 1285.845 1288.376 1290.561 1290.968 1291.375 1291.781 1292.188 1289.584
1203.6 1204.0 1204.399 1205.407 1206.53 1207.653 1208.776 1209.782 1210.494 1211.205 1211.917 1212.629 1212.187 1211.314 1210.441 1209.568 1209.324 1212.116 1214.908 1217.7 1220.492 1228.47 1239.692 1250.914 1262.136 1273.011 1278.322 1283.633 1288.945 1294.256 1297.252 1297.953 1298.655 1299.356 1300.058 1300.098 1300.099 1300.101 1300.103 1299.752 1298.847 1297.941 1297.036 1296.13 1293.881 1291.362 1288.843 1286.324 1284.49 1284.451 1284.412 1284.374 1284.335 1285.964 1288.243 1290.522 1292.801 1294.726 1294.837 1294.948 1295.059 1295.17 1292.293
1204.351 1204.778 1205.204 1206.567 1208.107 1209.647 1211.187 1212.632 1213.841 1215.049 1216.258 1217.466 1217.079 1216.095 1215.112 1214.129 1213.624 1215.431 1217.237 1219.044 1220.851 1228.186 1238.979 1249.773 1260.567 1271.055 1276.643 1282.23 1287.818 1293.405 1296.621 1297.487 1298.352 1299.217 1300.083 1300.201 1300.276 1300.351 1300.426 1300.234 1299.622 1299.01 1298.399 1297.787 1295.907 1293.773 1291.639 1289.505 1287.99 1288.095 1288.201 1288.307 1288.412 1289.877 1291.871 1293.865 1295.859 1297.502 1297.35 1297.198 1297.046 1296.894 1293.768
