data/zism_data/00233_03_D.txt
ncols         224
nrows         224
[rows 168 to 195 of 224, columns 126 to 188 of 224]
4394.801 4396.38 4397.688 4398.998 4400.306 4401.615 4403.373 4405.143 4406.914 4408.684 4410.557 4412.635 4414.713 4416.792 4418.87 4420.807 4422.682 4424.558 4426.433 4428.326 4430.501 4432.676 4434.852 4437.027 4439.755 4443.254 4446.752 4450.251 4453.75 4457.305 4460.876 4464.447 4468.019 4471.615 4475.363 4479.112 4482.861 4486.61 4489.575 4491.76 4493.944 4496.129 4498.313 4498.872 4499.17 4499.469 4499.768 4500.0 4500.0 4500.0 4500.0 4500.0 4500.0 4500.0 4500.0 4500.0 4500.0 4499.997 4499.994 4499.991 4499.988 4499.871 4499.497
4396.969 4398.56 4399.896 4401.231 4402.566 4403.901 4405.738 4407.587 4409.437 4411.287 4413.224 4415.333 4417.444 4419.554 4421.664 4423.677 4425.647 4427.619 4429.589 4431.581 4433.915 4436.25 4438.584 4440.918 4443.688 4447.065 4450.441 4453.818 4457.195 4460.661 4464.153 4467.645 4471.136 4474.632 4478.153 4481.674 4485.195 4488.716 4491.384 4493.203 4495.021 4496.84 4498.659 4499.112 4499.347 4499.583 4499.817 4500.0 4500.0 4500.0 4500.0 4500.0 4500.0 4500.0 4500.0 4500.0 4500.0 4499.992 4499.984 4499.976 4499.967 4499.838 4499.437
4399.137 4400.741 4402.103 4403.464 4404.826 4406.188 4408.102 4410.031 4411.961 4413.89 4415.891 4418.032 4420.174 4422.316 4424.458 4426.547 4428.613 4430.679 4432.746 4434.836 4437.33 4439.823 4442.316 4444.81 4447.621 4450.876 4454.131 4457.385 4460.64 4464.018 4467.43 4470.842 4474.254 4477.649 4480.942 4484.235 4487.529 4490.822 4493.192 4494.646 4496.099 4497.552 4499.004 4499.353 4499.524 4499.695 4499.867 4500.0 4500.0 4500.0 4500.0 4500.0 4500.0 4500.0 4500.0 4500.0 4500.0 4499.987 4499.973 4499.959 4499.946 4499.805 4499.378
4401.306 4402.921 4404.31 4405.698 4407.086 4408.475 4410.467 4412.476 4414.484 4416.493 4418.557 4420.73 4422.904 4425.078 4427.251 4429.417 4431.578 4433.74 4435.902 4438.091 4440.744 4443.396 4446.049 4448.701 4451.554 4454.687 4457.82 4460.953 4464.085 4467.374 4470.707 4474.039 4477.372 4480.667 4483.732 4486.797 4489.862 4492.927 4495.001 4496.088 4497.175 4498.263 4499.35 4499.593 4499.701 4499.809 4499.916 4500.0 4500.0 4500.0 4500.0 4500.0 4500.0 4500.0 4500.0 4500.0 4500.0 4499.982 4499.963 4499.944 4499.925 4499.772 4499.318
4403.447 4405.076 4406.495 4407.914 4409.333 4410.752 4412.821 4414.907 4416.994 4419.081 4421.207 4423.411 4425.616 4427.821 4430.025 4432.267 4434.523 4436.78 4439.037 4441.325 4444.13 4446.935 4449.74 4452.545 4455.439 4458.458 4461.475 4464.493 4467.511 4470.71 4473.961 4477.212 4480.463 4483.655 4486.483 4489.312 4492.141 4494.969 4496.747 4497.48 4498.213 4498.947 4499.68 4499.821 4499.869 4499.916 4499.963 4500.0 4500.0 4500.0 4500.0 4500.0 4499.999 4499.997 4499.995 4499.994 4499.992 4499.96 4499.928 4499.895 4499.862 4499.686 4499.185
4405.146 4406.81 4408.33 4409.85 4411.369 4412.889 4415.007 4417.141 4419.275 4421.41 4423.575 4425.8 4428.026 4430.252 4432.479 4434.789 4437.136 4439.482 4441.83 4444.205 4447.058 4449.911 4452.764 4455.616 4458.538 4461.556 4464.574 4467.592 4470.61 4473.718 4476.853 4479.987 4483.121 4486.16 4488.612 4491.064 4493.516 4495.968 4497.477 4498.045 4498.614 4499.183 4499.751 4499.861 4499.898 4499.935 4499.972 4500.0 4500.0 4500.0 4500.0 4500.0 4499.98 4499.947 4499.913 4499.879 4499.846 4499.667 4499.481 4499.294 4499.108 4498.711 4497.839
4406.845 4408.544 4410.165 4411.785 4413.406 4415.026 4417.193 4419.375 4421.557 4423.739 4425.942 4428.19 4430.437 4432.684 4434.932 4437.311 4439.748 4442.185 4444.622 4447.085 4449.986 4452.886 4455.787 4458.688 4461.637 4464.655 4467.673 4470.69 4473.708 4476.726 4479.744 4482.762 4485.779 4488.665 4490.741 4492.816 4494.892 4496.968 4498.206 4498.61 4499.015 4499.419 4499.823 4499.901 4499.928 4499.954 4499.98 4500.0 4500.0 4500.0 4500.0 4500.0 4499.962 4499.896 4499.831 4499.766 4499.7 4499.375 4499.034 4498.694 4498.354 4497.736 4496.494
4408.544 4410.278 4411.999 4413.72 4415.442 4417.163 4419.379 4421.609 4423.838 4426.068 4428.311 4430.579 4432.848 4435.116 4437.384 4439.833 4442.36 4444.887 4447.415 4449.965 4452.914 4455.862 4458.81 4461.758 4464.736 4467.753 4470.771 4473.789 4476.807 4479.734 4482.635 4485.536 4488.437 4491.17 4492.869 4494.568 4496.268 4497.967 4498.935 4499.175 4499.415 4499.655 4499.895 4499.941 4499.957 4499.973 4499.988 4500.0 4500.0 4500.0 4500.0 4500.0 4499.943 4499.846 4499.749 4499.651 4499.554 4499.082 4498.587 4498.093 4497.6 4496.762 4495.148
4410.243 4412.012 4413.834 4415.656 4417.478 4419.3 4421.565 4423.842 4426.12 4428.397 4430.679 4432.968 4435.258 4437.547 4439.837 4442.355 4444.972 4447.589 4450.207 4452.846 4455.842 4458.837 4461.833 4464.829 4467.834 4470.852 4473.87 4476.888 4479.906 4482.742 4485.526 4488.311 4491.095 4493.675 4494.998 4496.321 4497.644 4498.966 4499.664 4499.74 4499.815 4499.891 4499.967 4499.981 4499.986 4499.991 4499.996 4500.0 4500.0 4500.0 4500.0 4500.0 4499.924 4499.795 4499.667 4499.538 4499.408 4498.789 4498.141 4497.493 4496.845 4495.787 4493.802
4411.448 4413.244 4415.126 4417.009 4418.892 4420.774 4423.001 4425.238 4427.474 4429.71 4431.962 4434.245 4436.527 4438.809 4441.091 4443.646 4446.318 4448.992 4451.665 4454.358 4457.388 4460.417 4463.446 4466.476 4469.521 4472.587 4475.653 4478.72 4481.787 4484.573 4487.281 4489.989 4492.697 4495.176 4496.248 4497.32 4498.393 4499.465 4500.0 4500.0 4500.0 4500.0 4500.0 4500.0 4500.0 4500.0 4500.0 4499.996 4499.979 4499.962 4499.945 4499.928 4499.728 4499.398 4499.068 4498.739 4498.409 4497.503 4496.564 4495.625 4494.687 4493.349 4491.11
4412.231 4414.047 4415.956 4417.865 4419.774 4421.684 4423.798 4425.917 4428.037 4430.157 4432.321 4434.571 4436.821 4439.072 4441.322 4443.885 4446.585 4449.285 4451.984 4454.704 4457.754 4460.805 4463.855 4466.906 4470.0 4473.157 4476.314 4479.471 4482.627 4485.401 4488.066 4490.732 4493.397 4495.819 4496.749 4497.678 4498.607 4499.537 4500.0 4500.0 4500.0 4500.0 4500.0 4500.0 4500.0 4500.0 4500.0 4499.989 4499.94 4499.891 4499.842 4499.793 4499.379 4498.705 4498.03 4497.356 4496.682 4495.371 4494.024 4492.677 4491.33 4489.662 4487.27
4413.014 4414.85 4416.786 4418.722 4420.657 4422.593 4424.594 4426.597 4428.601 4430.604 4432.679 4434.897 4437.116 4439.334 4441.553 4444.125 4446.851 4449.577 4452.303 4455.049 4458.121 4461.192 4464.264 4467.336 4470.481 4473.728 4476.975 4480.221 4483.468 4486.229 4488.852 4491.475 4494.098 4496.463 4497.25 4498.036 4498.822 4499.608 4500.0 4500.0 4500.0 4500.0 4500.0 4500.0 4500.0 4500.0 4500.0 4499.982 4499.901 4499.82 4499.74 4499.659 4499.03 4498.011 4496.992 4495.973 4494.955 4493.239 4491.483 4489.728 4487.973 4485.975 4483.429
4413.797 4415.653 4417.616 4419.578 4421.54 4423.502 4425.391 4427.277 4429.164 4431.05 4433.037 4435.224 4437.411 4439.598 4441.784 4444.365 4447.117 4449.87 4452.623 4455.395 4458.487 4461.581 4464.673 4467.767 4470.961 4474.298 4477.635 4480.972 4484.309 4487.057 4489.637 4492.218 4494.798 4497.107 4497.75 4498.394 4499.036 4499.679 4500.0 4500.0 4500.0 4500.0 4500.0 4500.0 4500.0 4500.0 4500.0 4499.975 4499.862 4499.75 4499.637 4499.524 4498.681 4497.317 4495.954 4494.59 4493.227 4491.107 4488.943 4486.78 4484.616 4482.288 4479.588
4414.551 4416.424 4418.409 4420.394 4422.378 4424.363 4426.138 4427.908 4429.678 4431.447 4433.346 4435.5 4437.655 4439.809 4441.963 4444.551 4447.329 4450.106 4452.884 4455.681 4458.797 4461.913 4465.029 4468.145 4471.39 4474.816 4478.242 4481.667 4485.093 4487.83 4490.37 4492.91 4495.451 4497.706 4498.208 4498.711 4499.213 4499.716 4499.967 4499.967 4499.967 4499.967 4499.967 4499.967 4499.967 4499.967 4499.967 4499.934 4499.789 4499.643 4499.498 4499.353 4498.293 4496.584 4494.875 4493.166 4491.457 4488.936 4486.369 4483.802 4481.235 4478.582 4475.731
4414.004 4415.733 4417.554 4419.374 4421.194 4423.015 4424.667 4426.314 4427.962 4429.61 4431.408 4433.504 4435.6 4437.696 4439.792 4442.333 4445.068 4447.804 4450.539 4453.301 4456.518 4459.735 4462.951 4466.168 4469.485 4472.943 4476.4 4479.858 4483.316 4486.108 4488.712 4491.316 4493.92 4496.228 4496.714 4497.201 4497.688 4498.174 4498.417 4498.417 4498.417 4498.417 4498.417 4498.417 4498.417 4498.417 4498.417 4498.367 4498.142 4497.917 4497.692 4497.467 4496.145 4494.044 4491.942 4489.841 4487.74 4485.028 4482.28 4479.533 4476.786 4474.007 4471.157
4413.457 4415.043 4416.699 4418.354 4420.01 4421.666 4423.195 4424.721 4426.247 4427.773 4429.47 4431.508 4433.546 4435.583 4437.622 4440.115 4442.808 4445.5 4448.193 4450.921 4454.239 4457.556 4460.874 4464.191 4467.581 4471.07 4474.559 4478.048 4481.538 4484.387 4487.055 4489.723 4492.39 4494.75 4495.221 4495.691 4496.162 4496.633 4496.868 4496.868 4496.868 4496.868 4496.868 4496.868 4496.868 4496.868 4496.868 4496.8 4496.495 4496.191 4495.887 4495.582 4493.998 4491.504 4489.01 4486.517 4484.023 4481.119 4478.191 4475.264 4472.337 4469.433 4466.583
4412.91 4414.352 4415.843 4417.335 4418.826 4420.318 4421.724 4423.128 4424.532 4425.936 4427.533 4429.512 4431.492 4433.471 4435.451 4437.897 4440.547 4443.198 4445.848 4448.542 4451.96 4455.378 4458.796 4462.214 4465.675 4469.197 4472.718 4476.239 4479.76 4482.666 4485.397 4488.129 4490.86 4493.272 4493.727 4494.182 4494.637 4495.092 4495.318 4495.318 4495.318 4495.318 4495.318 4495.318 4495.318 4495.318 4495.318 4495.232 4494.849 4494.465 4494.081 4493.697 4491.85 4488.964 4486.078 4483.192 4480.306 4477.21 4474.103 4470.995 4467.887 4464.859 4462.008
4412.363 4413.661 4414.988 4416.315 4417.643 4418.97 4420.253 4421.535 4422.817 4424.099 4425.595 4427.516 4429.437 4431.358 4433.28 4435.679 4438.287 4440.895 4443.502 4446.162 4449.681 4453.2 4456.719 4460.237 4463.771 4467.324 4470.876 4474.43 4477.982 4480.945 4483.74 4486.535 4489.33 4491.794 4492.233 4492.672 4493.111 4493.55 4493.769 4493.769 4493.769 4493.769 4493.769 4493.769 4493.769 4493.769 4493.769 4493.666 4493.202 4492.739 4492.275 4491.812 4489.702 4486.424 4483.146 4479.868 4476.589 4473.302 4470.014 4466.726 4463.438 4460.285 4457.434
4411.341 4412.5 4413.663 4414.825 4415.988 4417.151 4418.355 4419.561 4420.766 4421.972 4423.403 4425.285 4427.167 4429.048 4430.929 4433.263 4435.793 4438.324 4440.855 4443.447 4447.051 4450.654 4454.258 4457.861 4461.421 4464.92 4468.42 4471.919 4475.418 4478.311 4481.03 4483.75 4486.47 4488.861 4489.236 4489.611 4489.986 4490.361 4490.548 4490.548 4490.548 4490.548 4490.548 4490.548 4490.548 4490.548 4490.548 4490.437 4489.942 4489.447 4488.952 4488.458 4486.232 4482.778 4479.324 4475.869 4472.415 4469.033 4465.656 4462.278 4458.901 4455.687 4452.842
4409.851 4410.874 4411.873 4412.871 4413.87 4414.868 4416.037 4417.21 4418.384 4419.558 4420.961 4422.822 4424.682 4426.542 4428.403 4430.652 4433.072 4435.491 4437.911 4440.401 4444.074 4447.746 4451.418 4455.091 4458.634 4461.995 4465.357 4468.718 4472.08 4474.776 4477.284 4479.792 4482.299 4484.492 4484.756 4485.02 4485.283 4485.547 4485.678 4485.678 4485.678 4485.678 4485.678 4485.678 4485.678 4485.678 4485.678 4485.571 4485.092 4484.613 4484.134 4483.655 4481.458 4478.041 4474.624 4471.207 4467.789 4464.41 4461.032 4457.655 4454.277 4451.067 4448.232
4408.361 4409.249 4410.083 4410.917 4411.751 4412.585 4413.719 4414.861 4416.002 4417.145 4418.52 4420.359 4422.198 4424.037 4425.876 4428.042 4430.35 4432.658 4434.966 4437.356 4441.097 4444.838 4448.58 4452.321 4455.846 4459.07 4462.293 4465.518 4468.741 4471.242 4473.537 4475.833 4478.128 4480.124 4480.276 4480.428 4480.581 4480.733 4480.809 4480.809 4480.809 4480.809 4480.809 4480.809 4480.809 4480.809 4480.809 4480.706 4480.242 4479.779 4479.316 4478.853 4476.684 4473.304 4469.924 4466.544 4463.164 4459.786 4456.409 4453.031 4449.654 4446.447 4443.623
4406.871 4407.624 4408.293 4408.963 4409.632 4410.302 4411.4 4412.511 4413.621 4414.731 4416.078 4417.896 4419.713 4421.531 4423.349 4425.431 4427.628 4429.825 4432.021 4434.31 4438.121 4441.931 4445.741 4449.551 4453.059 4456.145 4459.23 4462.316 4465.402 4467.708 4469.791 4471.874 4473.958 4475.755 4475.796 4475.837 4475.878 4475.919 4475.939 4475.939 4475.939 4475.939 4475.939 4475.939 4475.939 4475.939 4475.939 4475.839 4475.392 4474.945 4474.498 4474.05 4471.91 4468.567 4465.224 4461.881 4458.538 4455.163 4451.785 4448.408 4445.031 4441.826 4439.013
4405.381 4405.998 4406.503 4407.009 4407.514 4408.02 4409.083 4410.161 4411.239 4412.317 4413.636 4415.433 4417.229 4419.026 4420.823 4422.82 4424.906 4426.992 4429.077 4431.265 4435.144 4439.023 4442.902 4446.781 4450.271 4453.219 4456.167 4459.115 4462.063 4464.173 4466.044 4467.916 4469.787 4471.386 4471.316 4471.246 4471.175 4471.105 4471.07 4471.07 4471.07 4471.07 4471.07 4471.07 4471.07 4471.07 4471.07 4470.974 4470.542 4470.111 4469.68 4469.248 4467.136 4463.83 4460.524 4457.218 4453.913 4450.539 4447.162 4443.785 4440.407 4437.206 4434.404
4402.1 4402.715 4403.239 4403.763 4404.287 4404.811 4405.976 4407.158 4408.34 4409.522 4410.856 4412.49 4414.125 4415.759 4417.394 4419.293 4421.31 4423.326 4425.342 4427.456 4431.206 4434.955 4438.705 4442.454 4445.859 4448.785 4451.709 4454.635 4457.56 4459.511 4461.186 4462.861 4464.536 4465.924 4465.549 4465.174 4464.799 4464.424 4464.127 4463.908 4463.688 4463.469 4463.25 4463.44 4463.696 4463.952 4464.208 4464.344 4464.065 4463.785 4463.505 4463.226 4461.327 4458.277 4455.229 4452.179 4449.13 4445.701 4442.25 4438.8 4435.35 4432.095 4429.282
4398.792 4399.408 4399.953 4400.498 4401.043 4401.588 4402.857 4404.146 4405.434 4406.722 4408.071 4409.541 4411.011 4412.481 4413.951 4415.753 4417.7 4419.647 4421.595 4423.637 4427.253 4430.871 4434.488 4438.104 4441.424 4444.328 4447.231 4450.136 4453.04 4454.833 4456.312 4457.791 4459.27 4460.446 4459.763 4459.081 4458.398 4457.716 4457.154 4456.712 4456.27 4455.828 4455.385 4455.77 4456.285 4456.801 4457.317 4457.689 4457.563 4457.438 4457.312 4457.186 4455.502 4452.713 4449.923 4447.134 4444.345 4440.859 4437.335 4433.81 4430.285 4426.976 4424.152
4395.484 4396.101 4396.667 4397.233 4397.8 4398.366 4399.738 4401.133 4402.527 4403.922 4405.287 4406.592 4407.898 4409.204 4410.509 4412.213 4414.091 4415.97 4417.848 4419.817 4423.302 4426.786 4430.271 4433.755 4436.988 4439.871 4442.753 4445.636 4448.519 4450.155 4451.438 4452.721 4454.003 4454.967 4453.978 4452.987 4451.998 4451.008 4450.181 4449.516 4448.851 4448.187 4447.521 4448.099 4448.875 4449.65 4450.426 4451.034 4451.062 4451.09 4451.118 4451.146 4449.678 4447.148 4444.619 4442.089 4439.56 4436.018 4432.419 4428.82 4425.221 4421.857 4419.023
4392.177 4392.794 4393.381 4393.969 4394.556 4395.144 4396.62 4398.121 4399.621 4401.121 4402.501 4403.643 4404.784 4405.926 4407.067 4408.673 4410.482 4412.292 4414.101 4415.998 4419.35 4422.702 4426.053 4429.405 4432.552 4435.414 4438.275 4441.137 4443.999 4445.477 4446.563 4447.65 4448.737 4449.489 4448.191 4446.894 4445.597 4444.299 4443.208 4442.32 4441.433 4440.545 4439.658 4440.429 4441.464 4442.5 4443.535 4444.379 4444.561 4444.743 4444.924 4445.105 4443.854 4441.584 4439.314 4437.044 4434.774 4431.177 4427.504 4423.831 4420.157 4416.738 4413.894
4388.402 4389.056 4389.732 4390.408 4391.083 4391.759 4393.375 4395.016 4396.657 4398.298 4399.733 4400.76 4401.787 4402.813 4403.84 4405.353 4407.078 4408.803 4410.529 4412.336 4415.498 4418.661 4421.823 4424.985 4428.013 4430.854 4433.694 4436.534 4439.375 4440.792 4441.807 4442.821 4443.835 4444.493 4442.965 4441.437 4439.909 4438.381 4437.046 4435.904 4434.762 4433.62 4432.477 4433.354 4434.552 4435.75 4436.949 4437.943 4438.229 4438.515 4438.801 4439.086 4438.005 4435.953 4433.9 4431.848 4429.796 4426.194 4422.504 4418.813 4415.123 4411.698 4408.873
