data/zism_data/00234_02_D.txt
ncols         224
nrows         224
[rows 28 to 55 of 224, columns 126 to 188 of 224]
770.1135 776.598 783.0828 789.5673 792.2921 790.4081 788.5241 786.6402 784.7562 780.2386 775.4703 770.7018 765.9335 762.2516 760.3668 758.4819 756.5972 754.7123 749.8443 744.4105 738.9767 733.5428 728.2603 723.3231 718.3858 713.4487 708.5114 706.3174 704.9517 703.5859 702.2202 701.297 701.8397 702.3824 702.9252 703.4679 705.2236 707.5101 709.7966 712.0831 715.062 721.6927 728.3233 734.954 741.5846 750.9881 762.0678 773.1479 784.2276 795.3262 806.618 817.9099 829.2021 840.494 849.4655 856.5433 863.6215 870.6993 877.7274 881.3549 884.9824 888.6099 892.2374
758.4153 764.0075 769.5999 775.1922 777.4693 775.6827 773.896 772.1094 770.3228 765.9963 761.4282 756.8598 752.2916 748.8301 747.1995 745.5688 743.9382 742.3076 738.4666 734.2062 729.946 725.6857 721.5601 717.7425 713.9247 710.1071 706.2892 704.7247 703.8402 702.9557 702.0713 701.746 703.2729 704.7999 706.3268 707.8538 710.8835 714.5707 718.2579 721.9452 726.1403 733.0144 739.8883 746.7625 753.6363 762.9023 773.6143 784.3267 795.0387 805.7657 816.6465 827.5274 838.4086 849.2895 858.389 866.0347 873.6807 881.3264 888.9302 893.6662 898.4024 903.1385 907.8747
746.7167 751.4166 756.1166 760.8166 762.646 760.9567 759.2674 757.5781 755.8889 751.7536 747.3855 743.0173 738.6492 735.4083 734.0318 732.6553 731.2789 729.9023 727.0883 724.0016 720.9149 717.8282 714.8597 712.1617 709.4634 706.7653 704.0671 703.1318 702.7287 702.3255 701.9224 702.195 704.7062 707.2174 709.7287 712.2399 716.5435 721.6316 726.7195 731.8076 737.219 744.3365 751.4537 758.5712 765.6884 774.817 785.1613 795.5059 805.8501 816.2056 826.6754 837.1453 847.6154 858.0852 867.3128 875.5264 883.7402 891.9538 900.1333 905.978 911.8229 917.6676 923.5125
735.018 738.8256 742.6334 746.441 747.8227 746.2308 744.6388 743.0469 741.455 737.5109 733.3429 729.1747 725.0068 721.9863 720.8641 719.7418 718.6195 717.4972 715.7101 713.7969 711.8839 709.9706 708.1594 706.5808 705.0022 703.4236 701.845 701.539 701.6171 701.6953 701.7734 702.644 706.1395 709.6349 713.1305 716.6259 722.2036 728.6924 735.1812 741.67 748.2977 755.6585 763.0191 770.3799 777.7405 786.7317 796.7082 806.685 816.6615 826.6455 836.7043 846.7631 856.8222 866.881 876.2366 885.0181 893.7998 902.5812 911.3364 918.2898 925.2434 932.1967 939.1503
724.7766 727.7412 730.7059 733.6705 734.658 733.2221 731.7861 730.3501 728.9142 725.3209 721.5222 717.7234 713.9248 711.2258 710.3457 709.4656 708.5854 707.7053 706.7474 705.7745 704.8018 703.829 702.9627 702.3397 701.7168 701.0938 700.4708 700.9321 701.7208 702.5094 703.298 705.034 709.9082 714.7822 719.6564 724.5304 731.4937 739.3714 747.2488 755.1265 762.8732 769.9311 776.9888 784.0467 791.1043 799.4822 808.658 817.834 827.0098 836.2129 845.6994 855.186 864.6728 874.1594 883.5963 892.9922 902.3884 911.7843 921.1598 929.1245 937.0895 945.0542 953.0192
718.9911 721.2635 723.5359 725.8083 726.5652 725.4646 724.3639 723.2632 722.1626 719.4083 716.4967 713.585 710.6733 708.6045 707.9299 707.2553 706.5807 705.9061 705.1718 704.4261 703.6805 702.9349 702.3649 702.1963 702.0276 701.859 701.6904 703.3413 705.5415 707.7417 709.9419 713.3616 720.8209 728.2801 735.7395 743.1986 751.8893 761.1192 770.3488 779.5786 788.1473 793.2311 798.3147 803.3985 808.4821 814.7916 821.8419 828.8925 835.9428 843.1126 851.5337 859.9547 868.376 876.7971 886.1723 896.3254 906.4788 916.6319 926.7639 935.4425 944.1214 952.8 961.4789
713.2057 714.7858 716.366 717.9461 718.4724 717.7071 716.9417 716.1763 715.411 713.4958 711.4711 709.4464 707.4218 705.9832 705.5142 705.045 704.576 704.1069 703.5963 703.0778 702.5593 702.0408 701.7671 702.0528 702.3385 702.6242 702.91 705.7504 709.3622 712.9739 716.5858 721.6891 731.7337 741.778 751.8226 761.8669 772.285 782.867 793.4487 804.0308 813.4213 816.531 819.6406 822.7504 825.86 830.101 835.0259 839.951 844.8759 850.0123 857.3679 864.7234 872.0793 879.4349 888.7484 899.6586 910.5692 921.4794 932.368 941.7605 951.1533 960.5458 969.9386
707.4205 708.3083 709.1963 710.0842 710.3799 709.9498 709.5198 709.0897 708.6597 707.5835 706.4458 705.3081 704.1704 703.3621 703.0985 702.8349 702.5713 702.3077 702.0208 701.7294 701.4381 701.1468 701.1693 701.9094 702.6494 703.3894 704.1295 708.1595 713.1829 718.2061 723.2294 730.0164 742.6461 755.2754 767.9052 780.5344 792.6799 804.6141 816.5479 828.482 838.6945 839.8301 840.9658 842.1015 843.2372 845.4099 848.2094 851.009 853.8086 856.9118 863.202 869.4921 875.7824 882.0725 891.3243 902.9917 914.6594 926.3268 937.9719 948.0783 958.1849 968.2913 978.398
701.635 701.8306 702.0263 702.2219 702.2871 702.1923 702.0976 702.0028 701.9081 701.671 701.4203 701.1696 700.9189 700.7408 700.6827 700.6246 700.5666 700.5085 700.4453 700.381 700.3169 700.2527 700.5715 701.7659 702.9603 704.1546 705.349 710.5686 717.0036 723.4384 729.8733 738.3439 753.5589 768.7733 783.9883 799.2027 813.0755 826.3619 839.6478 852.9341 863.9685 863.1301 862.2917 861.4534 860.615 860.7192 861.3933 862.0675 862.7416 863.8115 869.0362 874.2608 879.4857 884.7103 893.9003 906.3249 918.7498 931.1744 943.576 954.3963 965.2169 976.0371 986.8577
700.0 700.0 700.0 700.0 700.0 700.0 700.0 700.0 700.0 700.0 700.0 700.0 700.0 700.0 700.0 700.0 700.0 700.0 700.1761 700.3856 700.5951 700.8046 701.8525 704.8165 707.7806 710.7446 713.7087 721.1829 730.0188 738.8544 747.6904 758.1233 773.8477 789.5715 805.296 821.0198 834.8223 847.7845 860.7464 873.7087 884.3218 882.5491 880.7766 879.004 877.2314 876.012 875.1271 874.2423 873.3574 872.8981 876.9059 880.9138 884.9218 888.9296 897.4792 909.7336 921.9885 934.2429 946.4854 957.8836 969.2823 980.6807 992.0793
700.0 700.0 700.0 700.0 700.0 700.0 700.0 700.0 700.0 700.0 700.0 700.0 700.0 700.0 700.0 700.0 700.0 700.0 700.4216 700.9232 701.4247 701.9262 703.8735 709.1254 714.3774 719.6293 724.8813 735.0295 746.6561 758.2824 769.9091 782.4139 797.8301 813.2457 828.6618 844.0774 857.1013 869.0792 881.0566 893.0345 902.7365 900.4393 898.1422 895.845 893.5478 891.2982 889.0776 886.8569 884.6362 882.8462 885.5776 888.309 891.0405 893.7719 901.4532 913.1722 924.8916 936.6106 948.333 960.2559 972.1792 984.1021 996.0254
700.0 700.0 700.0 700.0 700.0 700.0 700.0 700.0 700.0 700.0 700.0 700.0 700.0 700.0 700.0 700.0 700.0 700.0 700.6671 701.4606 702.2542 703.0478 705.8945 713.4342 720.9741 728.5137 736.0536 748.8757 763.2929 777.7097 792.127 806.7038 821.8116 836.919 852.0269 867.1342 879.3795 890.373 901.3662 912.3597 921.1507 918.3289 915.5071 912.6854 909.8636 906.584 903.0275 899.471 895.9146 892.7939 894.2489 895.7039 897.159 898.614 905.427 916.6106 927.7946 938.9783 950.1806 962.6281 975.076 987.5234 999.9713
700.0 700.0 700.0 700.0 700.0 700.0 700.0 700.0 700.0 700.0 700.0 700.0 700.0 700.0 700.0 700.0 700.0 700.0 700.9125 701.9982 703.0838 704.1694 707.9156 717.7431 727.5709 737.3984 747.2262 762.7223 779.9302 797.1376 814.3456 830.9945 845.7941 860.5931 875.3927 890.1918 901.6585 911.6677 921.6765 931.6856 939.5655 936.2191 932.8727 929.5264 926.1801 921.8702 916.978 912.0856 907.1934 902.7419 902.9205 903.0991 903.2777 903.4563 909.4009 920.0491 930.6978 941.3459 952.0283 965.0003 977.9728 990.9449 1003.917
700.0 700.0 700.0 700.0 700.0 700.0 700.0 700.0 700.0 700.0 700.0 700.0 700.0 700.0 700.0 700.0 700.0 700.0 701.2728 702.787 704.3012 705.8154 710.5595 722.686 734.8129 746.9394 759.0663 776.9612 796.5981 816.2343 835.8712 854.281 868.6286 882.9757 897.3234 911.6705 922.2787 931.2515 940.224 949.1968 956.1492 952.4494 948.7497 945.0499 941.3502 936.2944 930.4189 924.5433 918.6678 913.2228 912.2992 911.3756 910.452 909.5284 914.6269 924.6378 934.649 944.66 954.7192 968.0396 981.3604 994.6808 1008.002
700.0 700.0 700.0 700.0 700.0 700.0 700.0 700.0 700.0 700.0 700.0 700.0 700.0 700.0 700.0 700.0 700.0 700.0 702.1274 704.6583 707.1891 709.72 715.8857 730.3593 744.8335 759.3071 773.7813 792.8892 813.3967 833.9036 854.4112 873.2414 886.5182 899.7946 913.0715 926.3478 935.7536 943.4662 951.1786 958.8913 964.8457 961.5299 958.2142 954.8983 951.5826 947.0052 941.6651 936.3248 930.9847 925.998 924.7229 923.4478 922.1726 920.8975 925.2453 934.1801 943.1151 952.0499 961.0426 973.9519 986.8617 999.7711 1012.681
700.0 700.0 700.0 700.0 700.0 700.0 700.0 700.0 700.0 700.0 700.0 700.0 700.0 700.0 700.0 700.0 700.0 700.0 702.982 706.5296 710.0771 713.6248 721.212 738.033 754.8544 771.6753 788.4968 808.8177 830.1959 851.5735 872.9517 892.2025 904.4085 916.6141 928.8201 941.0257 949.229 955.6815 962.1337 968.5862 973.5425 970.6107 967.679 964.7471 961.8154 957.7163 952.9116 948.1068 943.3021 938.7736 937.147 935.5203 933.8936 932.267 935.8641 943.7227 951.5815 959.4401 967.3661 979.8644 992.3632 1004.862 1017.36
700.0 700.0 700.0 700.0 700.0 700.0 700.0 700.0 700.0 700.0 700.0 700.0 700.0 700.0 700.0 700.0 700.0 700.0 703.8366 708.4009 712.9651 717.5295 726.5384 745.7065 764.8753 784.0434 803.2122 824.7462 846.9952 869.2433 891.4923 911.1635 922.2987 933.4335 944.5687 955.7036 962.7043 967.8966 973.0887 978.281 982.2393 979.6915 977.1437 974.5959 972.0482 968.4274 964.1581 959.8887 955.6194 951.5493 949.5711 947.5929 945.6146 943.6365 946.483 953.2653 960.0479 966.8302 973.6897 985.777 997.8647 1009.952 1022.04
700.0 700.0 700.0 700.0 700.0 700.0 700.0 700.0 700.0 700.0 700.0 700.0 700.0 700.0 700.0 700.0 700.0 700.0 704.6912 710.2722 715.853 721.4341 731.8646 753.3799 774.8959 796.4111 817.9271 840.6741 863.7938 886.9126 910.0323 930.124 940.1884 950.2524 960.3168 970.3809 976.1793 980.1114 984.0434 987.9755 990.9358 988.772 986.6082 984.4443 982.2806 979.1382 975.4043 971.6702 967.9363 964.3245 961.9948 959.665 957.3353 955.0056 957.1014 962.8076 968.5139 974.2201 980.013 991.6893 1003.366 1015.042 1026.719
700.0 700.0 700.0 700.0 700.0 700.0 700.0 700.0 700.0 700.0 700.0 700.0 700.0 700.0 700.0 700.0 700.0 700.0 706.0105 713.161 720.3113 727.4619 739.4435 762.468 785.4932 808.5176 831.5428 854.2129 876.7767 899.3398 921.9036 941.3796 950.6299 959.88 969.1304 978.3804 983.3967 986.5608 989.7248 992.8889 995.2802 993.5966 991.9131 990.2296 988.5461 986.0606 983.0903 980.12 977.1497 974.2567 972.1746 970.0925 968.0103 965.9282 967.9943 973.4445 978.8948 984.345 989.8797 1001.148 1012.418 1023.687 1034.956
700.0 700.0 700.0 700.0 700.0 700.0 700.0 700.0 700.0 700.0 700.0 700.0 700.0 700.0 700.0 700.0 700.0 700.0 707.5698 716.5754 725.5807 734.5863 748.1859 772.2867 796.3882 820.489 844.5905 866.5173 887.7885 909.059 930.3303 948.6554 957.2243 965.7929 974.3618 982.9304 987.3819 990.0322 992.6824 995.3326 997.3765 996.223 995.0695 993.916 992.7625 991.0261 988.9374 986.8486 984.7599 982.7202 981.1951 979.6701 978.1451 976.6201 979.0288 984.6466 990.2646 995.8824 1001.576 1012.44 1023.303 1034.166 1045.03
700.0 700.0 700.0 700.0 700.0 700.0 700.0 700.0 700.0 700.0 700.0 700.0 700.0 700.0 700.0 700.0 700.0 700.0 709.129 719.9896 730.8498 741.7104 756.928 782.105 807.2828 832.4598 857.6377 878.8212 898.7999 918.7779 938.7566 955.931 963.8184 971.7056 979.5931 987.4803 991.367 993.5034 995.6398 997.7763 999.4727 998.8492 998.2257 997.6022 996.9787 995.9915 994.7842 993.577 992.3698 991.1833 990.2154 989.2475 988.2795 987.3116 990.0629 995.8484 1001.634 1007.419 1013.273 1023.73 1034.188 1044.646 1055.104
700.0 700.0 700.0 700.0 700.0 700.0 700.0 700.0 700.0 700.0 700.0 700.0 700.0 700.0 700.0 700.0 700.0 700.0 710.6883 723.4039 736.1191 748.8348 765.6704 791.9237 818.1779 844.4312 870.6854 891.1257 909.8117 928.4971 947.1832 963.2067 970.4128 977.6185 984.8246 992.0303 995.3522 996.9748 998.5974 1000.22 1001.569 1001.476 1001.382 1001.289 1001.195 1000.957 1000.631 1000.306 999.9799 999.6469 999.236 998.8251 998.4143 998.0034 1001.097 1007.05 1013.004 1018.957 1024.97 1035.022 1045.074 1055.126 1065.178
700.0 700.0 700.0 700.0 700.0 700.0 700.0 700.0 700.0 700.0 700.0 700.0 700.0 700.0048 700.0175 700.0302 700.0429 700.0556 712.1302 726.4929 740.855 755.2176 773.4586 800.5652 827.6728 854.7794 881.887 901.6505 919.1978 936.7444 954.2917 969.3142 975.9756 982.6368 989.2983 995.9595 998.8077 999.9878 1001.168 1002.348 1003.403 1003.798 1004.194 1004.59 1004.985 1005.434 1005.914 1006.395 1006.875 1007.329 1007.509 1007.689 1007.87 1008.05 1011.507 1017.638 1023.768 1029.899 1036.081 1045.754 1055.428 1065.101 1074.774
700.0 700.0 700.0 700.0 700.0 700.0 700.0 700.0 700.0 700.0 700.0 700.0 700.0 700.0414 700.1516 700.2616 700.3716 700.4817 712.7901 727.4123 742.034 756.6562 774.8852 801.359 827.8338 854.3076 880.7824 900.3119 917.7456 935.1787 952.6124 967.633 974.6622 981.6912 988.7204 995.7494 998.7321 999.9446 1001.157 1002.37 1003.486 1004.098 1004.71 1005.322 1005.934 1006.653 1007.436 1008.219 1009.003 1009.805 1010.801 1011.798 1012.795 1013.792 1017.75 1024.124 1030.498 1036.872 1043.291 1052.764 1062.238 1071.711 1081.184
700.0 700.0 700.0 700.0 700.0 700.0 700.0 700.0 700.0 700.0 700.0 700.0 700.0 700.0781 700.2855 700.493 700.7004 700.9078 713.4499 728.3317 743.213 758.0948 776.3118 802.1528 827.9948 853.8358 879.6778 898.9733 916.2935 933.6131 950.9332 965.9518 973.3489 980.7456 988.1426 995.5393 998.6566 999.9015 1001.146 1002.391 1003.57 1004.398 1005.227 1006.055 1006.883 1007.872 1008.958 1010.044 1011.13 1012.28 1014.093 1015.907 1017.72 1019.533 1023.993 1030.61 1037.228 1043.845 1050.501 1059.774 1069.047 1078.32 1087.593
700.0 700.0 700.0 700.0 700.0 700.0 700.0 700.0 700.0 700.0 700.0 700.0 700.0 700.1149 700.4196 700.7244 701.0291 701.3339 714.1097 729.2512 744.392 759.5334 777.7384 802.9467 828.1558 853.364 878.5732 897.6348 914.8414 932.0474 949.254 964.2707 972.0355 979.7999 987.5647 995.3292 998.5809 999.8584 1001.136 1002.413 1003.654 1004.698 1005.743 1006.787 1007.832 1009.091 1010.48 1011.869 1013.258 1014.755 1017.385 1020.015 1022.645 1025.276 1030.236 1037.096 1043.957 1050.818 1057.711 1066.784 1075.857 1084.93 1094.003
700.0 700.0 700.0 700.0 700.0 700.0 700.0 700.0 700.0 700.0 700.0 700.0 700.0 700.1516 700.5536 700.9557 701.3578 701.7599 714.7695 730.1706 745.571 760.9721 779.165 803.7405 828.3168 852.8922 877.4685 896.2961 913.3892 930.4817 947.5747 962.5895 970.722 978.8543 986.9868 995.1191 998.5054 999.8152 1001.125 1002.435 1003.737 1004.998 1006.259 1007.52 1008.781 1010.31 1012.002 1013.694 1015.386 1017.23 1020.677 1024.124 1027.571 1031.017 1036.479 1043.583 1050.687 1057.791 1064.921 1073.794 1082.667 1091.54 1100.413
700.0 700.0 700.0 700.0 700.0 700.0 700.0 700.0 700.0 700.0 700.0 700.0 700.0 700.3096 701.131 701.9525 702.7739 703.5955 717.1033 733.0177 748.9315 764.8458 783.0607 806.535 830.0101 853.4844 876.9595 895.1672 911.7857 928.4036 945.022 959.6625 967.753 975.8431 983.9336 992.0238 995.5375 997.049 998.5604 1000.072 1001.587 1003.119 1004.652 1006.184 1007.717 1009.45 1011.305 1013.16 1015.015 1017.034 1020.773 1024.513 1028.253 1031.993 1037.558 1044.613 1051.668 1058.722 1065.802 1074.552 1083.304 1092.054 1100.805
