data/zism_data/00230_01_D.txt
ncols         224
nrows         224
[rows 28 to 55 of 224, columns 0 to 62 of 224]
1300.0 1300.0 1300.0 1300.0 1300.0 1300.0 1300.0 1300.0 1300.0 1300.042 1300.463 1300.885 1301.307 1301.728 1304.431 1309.564 1314.696 1319.829 1324.961 1332.542 1340.489 1348.435 1356.382 1363.942 1370.373 1376.804 1383.235 1389.666 1392.236 1392.646 1393.056 1393.466 1393.808 1391.682 1389.555 1387.429 1385.303 1382.821 1379.834 1376.846 1373.859 1370.871 1365.905 1360.439 1354.972 1349.505 1344.297 1340.236 1336.174 1332.113 1328.052 1324.275 1320.712 1317.149 1313.586 1310.024 1307.956 1305.959 1303.962 1301.965 1300.834 1301.379 1301.924
1300.0 1300.0 1300.0 1300.0 1300.0 1300.0 1300.0 1300.0 1300.0 1300.027 1300.306 1300.584 1300.862 1301.141 1303.698 1308.682 1313.666 1318.65 1323.634 1331.536 1339.876 1348.216 1356.555 1364.438 1370.991 1377.544 1384.098 1390.651 1393.207 1393.527 1393.847 1394.167 1394.41 1391.902 1389.393 1386.885 1384.376 1381.339 1377.55 1373.761 1369.972 1366.183 1360.814 1355.045 1349.276 1343.506 1338.052 1333.996 1329.94 1325.884 1321.828 1318.449 1315.582 1312.714 1309.847 1306.98 1305.521 1304.13 1302.738 1301.346 1300.71 1301.536 1302.362
1300.0 1300.0 1300.0 1300.0 1300.0 1300.0 1300.0 1300.0 1300.0 1300.013 1300.148 1300.283 1300.418 1300.553 1302.964 1307.8 1312.635 1317.47 1322.306 1330.531 1339.263 1347.996 1356.728 1364.935 1371.61 1378.285 1384.96 1391.636 1394.178 1394.408 1394.637 1394.867 1395.012 1392.122 1389.231 1386.34 1383.449 1379.857 1375.267 1370.676 1366.086 1361.495 1355.723 1349.651 1343.579 1337.507 1331.807 1327.756 1323.706 1319.655 1315.605 1312.624 1310.452 1308.28 1306.108 1303.936 1303.087 1302.3 1301.513 1300.726 1300.585 1301.693 1302.8
1300.001 1300.006 1300.01 1300.014 1300.019 1300.024 1300.03 1300.036 1300.042 1300.046 1300.038 1300.029 1300.021 1300.013 1302.275 1306.956 1311.638 1316.319 1321.0 1329.536 1338.648 1347.761 1356.874 1365.393 1372.187 1378.98 1385.773 1392.567 1395.102 1395.255 1395.407 1395.56 1395.621 1392.373 1389.126 1385.878 1382.631 1378.506 1373.132 1367.757 1362.383 1357.008 1350.834 1344.458 1338.081 1331.705 1325.759 1321.728 1317.698 1313.667 1309.636 1307.047 1305.549 1304.051 1302.553 1301.055 1300.783 1300.569 1300.355 1300.141 1300.469 1301.844 1303.219
1300.026 1300.104 1300.183 1300.262 1300.34 1300.439 1300.546 1300.652 1300.759 1300.84 1300.689 1300.537 1300.385 1300.234 1302.304 1306.741 1311.178 1315.615 1320.052 1328.708 1337.996 1347.284 1356.572 1365.236 1372.082 1378.928 1385.775 1392.621 1395.264 1395.555 1395.845 1396.136 1396.333 1393.144 1389.955 1386.766 1383.576 1379.28 1373.407 1367.533 1361.66 1355.786 1349.24 1342.524 1335.808 1329.092 1322.916 1319.14 1315.364 1311.588 1307.812 1305.517 1304.343 1303.168 1301.994 1300.82 1300.608 1300.442 1300.276 1300.109 1300.483 1301.901 1303.318
1300.05 1300.203 1300.356 1300.509 1300.662 1300.854 1301.061 1301.269 1301.476 1301.634 1301.339 1301.044 1300.75 1300.455 1302.333 1306.526 1310.718 1314.911 1319.104 1327.881 1337.344 1346.807 1356.27 1365.078 1371.977 1378.877 1385.776 1392.676 1395.426 1395.854 1396.283 1396.712 1397.045 1393.914 1390.783 1387.652 1384.522 1380.054 1373.682 1367.309 1360.937 1354.564 1347.646 1340.591 1333.535 1326.479 1320.072 1316.551 1313.03 1309.509 1305.987 1303.987 1303.136 1302.286 1301.435 1300.585 1300.433 1300.315 1300.196 1300.078 1300.497 1301.957 1303.417
1300.074 1300.302 1300.529 1300.756 1300.983 1301.268 1301.577 1301.885 1302.194 1302.429 1301.99 1301.552 1301.114 1300.675 1302.361 1306.31 1310.259 1314.207 1318.156 1327.054 1336.692 1346.33 1355.968 1364.92 1371.872 1378.825 1385.777 1392.73 1395.588 1396.155 1396.721 1397.288 1397.756 1394.684 1391.612 1388.54 1385.467 1380.828 1373.957 1367.085 1360.214 1353.343 1346.053 1338.657 1331.261 1323.866 1317.229 1313.962 1310.696 1307.43 1304.163 1302.457 1301.93 1301.403 1300.876 1300.35 1300.258 1300.188 1300.117 1300.047 1300.512 1302.014 1303.517
1300.099 1300.4 1300.702 1301.003 1301.305 1301.683 1302.093 1302.502 1302.911 1303.223 1302.641 1302.06 1301.478 1300.896 1302.39 1306.095 1309.799 1313.504 1317.208 1326.226 1336.04 1345.853 1355.666 1364.762 1371.768 1378.773 1385.779 1392.784 1395.75 1396.454 1397.159 1397.864 1398.468 1395.454 1392.441 1389.427 1386.413 1381.602 1374.232 1366.861 1359.491 1352.121 1344.459 1336.724 1328.988 1321.253 1314.385 1311.374 1308.362 1305.351 1302.339 1300.927 1300.724 1300.521 1300.318 1300.115 1300.084 1300.061 1300.038 1300.015 1300.526 1302.071 1303.616
1300.175 1300.592 1301.01 1301.427 1301.844 1302.35 1302.89 1303.431 1303.972 1304.399 1303.793 1303.188 1302.582 1301.976 1303.3 1306.68 1310.06 1313.44 1316.82 1325.715 1335.435 1345.155 1354.874 1363.935 1371.077 1378.219 1385.361 1392.502 1395.614 1396.47 1397.327 1398.183 1398.938 1395.985 1393.032 1390.079 1387.126 1382.252 1374.64 1367.029 1359.417 1351.805 1344.022 1336.197 1328.371 1320.545 1313.607 1310.615 1307.623 1304.631 1301.638 1300.307 1300.231 1300.155 1300.079 1300.003 1300.0 1300.0 1300.0 1300.0 1300.499 1301.965 1303.43
1300.299 1300.87 1301.442 1302.013 1302.584 1303.247 1303.947 1304.647 1305.347 1305.926 1305.405 1304.885 1304.364 1303.843 1305.018 1308.0 1310.982 1313.964 1316.945 1325.493 1334.873 1344.253 1353.633 1362.495 1369.849 1377.204 1384.558 1391.912 1395.205 1396.226 1397.247 1398.268 1399.184 1396.295 1393.406 1390.517 1387.628 1382.789 1375.172 1367.555 1359.938 1352.321 1344.647 1336.959 1329.271 1321.583 1314.722 1311.534 1308.345 1305.156 1301.968 1300.521 1300.393 1300.264 1300.135 1300.006 1300.0 1300.0 1300.0 1300.0 1300.434 1301.709 1302.983
1300.423 1301.148 1301.873 1302.599 1303.324 1304.145 1305.004 1305.863 1306.722 1307.453 1307.017 1306.581 1306.145 1305.709 1306.736 1309.319 1311.903 1314.487 1317.071 1325.271 1334.311 1343.352 1352.392 1361.056 1368.622 1376.188 1383.755 1391.321 1394.796 1395.982 1397.167 1398.353 1399.431 1396.605 1393.78 1390.955 1388.129 1383.325 1375.703 1368.081 1360.458 1352.836 1345.271 1337.722 1330.172 1322.622 1315.837 1312.452 1309.067 1305.682 1302.297 1300.736 1300.554 1300.372 1300.19 1300.008 1300.0 1300.0 1300.0 1300.0 1300.369 1301.452 1302.536
1300.547 1301.426 1302.305 1303.184 1304.063 1305.042 1306.06 1307.079 1308.097 1308.98 1308.629 1308.278 1307.927 1307.576 1308.454 1310.639 1312.825 1315.01 1317.196 1325.049 1333.75 1342.45 1351.151 1359.616 1367.394 1375.173 1382.952 1390.731 1394.387 1395.738 1397.088 1398.438 1399.677 1396.916 1394.154 1391.392 1388.631 1383.862 1376.234 1368.607 1360.979 1353.351 1345.896 1338.484 1331.072 1323.661 1316.953 1313.371 1309.79 1306.208 1302.627 1300.951 1300.716 1300.481 1300.246 1300.011 1300.0 1300.0 1300.0 1300.0 1300.304 1301.196 1302.088
1300.67 1301.704 1302.737 1303.77 1304.803 1305.939 1307.117 1308.294 1309.472 1310.507 1310.241 1309.975 1309.709 1309.443 1310.171 1311.959 1313.746 1315.534 1317.322 1324.827 1333.188 1341.549 1349.909 1358.176 1366.167 1374.158 1382.149 1390.14 1393.979 1395.493 1397.008 1398.522 1399.924 1397.226 1394.528 1391.83 1389.132 1384.399 1376.766 1369.133 1361.5 1353.867 1346.521 1339.247 1331.973 1324.699 1318.068 1314.29 1310.512 1306.734 1302.956 1301.166 1300.877 1300.589 1300.301 1300.013 1300.0 1300.0 1300.0 1300.0 1300.239 1300.94 1301.641
1300.898 1302.179 1303.46 1304.741 1306.023 1307.34 1308.671 1310.003 1311.335 1312.553 1312.738 1312.923 1313.108 1313.293 1314.399 1316.484 1318.569 1320.654 1322.739 1329.669 1337.324 1344.979 1352.634 1360.277 1367.884 1375.491 1383.098 1390.705 1394.347 1395.77 1397.193 1398.615 1399.933 1397.445 1394.958 1392.47 1389.982 1385.571 1378.419 1371.267 1364.115 1356.964 1349.637 1342.266 1334.894 1327.523 1320.726 1316.48 1312.234 1307.987 1303.741 1301.677 1301.262 1300.848 1300.433 1300.019 1300.0 1300.0 1300.0 1300.0 1300.186 1300.733 1301.28
1301.126 1302.657 1304.188 1305.718 1307.249 1308.748 1310.233 1311.719 1313.204 1314.607 1315.248 1315.89 1316.531 1317.173 1318.663 1321.056 1323.449 1325.842 1328.235 1334.586 1341.53 1348.473 1355.417 1362.43 1369.644 1376.858 1384.073 1391.287 1394.726 1396.054 1397.381 1398.708 1399.939 1397.664 1395.388 1393.113 1390.837 1386.752 1380.089 1373.425 1366.762 1360.098 1352.789 1345.317 1337.845 1330.373 1323.407 1318.688 1313.97 1309.251 1304.532 1302.192 1301.65 1301.108 1300.566 1300.024 1300.0 1300.0 1300.0 1300.0 1300.134 1300.526 1300.919
1301.355 1303.135 1304.915 1306.695 1308.476 1310.156 1311.795 1313.435 1315.074 1316.66 1317.758 1318.856 1319.954 1321.052 1322.927 1325.628 1328.329 1331.03 1333.731 1339.503 1345.735 1351.968 1358.2 1364.583 1371.404 1378.226 1385.047 1391.869 1395.106 1396.338 1397.57 1398.801 1399.945 1397.882 1395.818 1393.755 1391.692 1387.933 1381.758 1375.583 1369.408 1363.233 1355.942 1348.369 1340.796 1333.224 1326.088 1320.897 1315.706 1310.515 1305.323 1302.707 1302.038 1301.369 1300.699 1300.03 1300.0 1300.0 1300.0 1300.0 1300.081 1300.32 1300.559
1301.583 1303.613 1305.643 1307.672 1309.702 1311.563 1313.357 1315.151 1316.944 1318.714 1320.268 1321.823 1323.377 1324.932 1327.191 1330.2 1333.208 1336.217 1339.226 1344.42 1349.941 1355.462 1360.983 1366.736 1373.164 1379.593 1386.022 1392.45 1395.486 1396.622 1397.758 1398.894 1399.95 1398.1 1396.249 1394.398 1392.547 1389.114 1383.428 1377.741 1372.054 1366.367 1359.095 1351.421 1343.747 1336.074 1328.769 1323.106 1317.442 1311.778 1306.115 1303.222 1302.426 1301.629 1300.833 1300.036 1300.0 1300.0 1300.0 1300.0 1300.029 1300.114 1300.198
1301.739 1303.897 1306.054 1308.212 1310.369 1312.355 1314.271 1316.188 1318.104 1320.021 1321.942 1323.862 1325.782 1327.703 1330.346 1333.758 1337.17 1340.582 1343.994 1348.927 1354.087 1359.247 1364.407 1369.754 1375.644 1381.535 1387.425 1393.316 1396.064 1397.055 1398.045 1399.036 1399.954 1398.242 1396.529 1394.817 1393.105 1389.891 1384.537 1379.184 1373.83 1368.477 1361.193 1353.421 1345.649 1337.876 1330.436 1324.469 1318.502 1312.536 1306.569 1303.506 1302.639 1301.773 1300.906 1300.039 1300.0 1300.0 1300.0 1300.0 1300.0 1300.0 1300.0
1301.806 1303.942 1306.078 1308.215 1310.351 1312.391 1314.392 1316.394 1318.395 1320.414 1322.589 1324.764 1326.939 1329.115 1332.141 1336.073 1340.005 1343.938 1347.87 1352.93 1358.159 1363.389 1368.618 1373.833 1379.007 1384.18 1389.354 1394.528 1396.887 1397.67 1398.454 1399.237 1399.955 1398.291 1396.626 1394.962 1393.297 1390.17 1384.96 1379.75 1374.54 1369.33 1361.999 1354.131 1346.263 1338.395 1330.859 1324.797 1318.735 1312.672 1306.61 1303.506 1302.639 1301.773 1300.906 1300.039 1300.0 1300.0 1300.0 1300.0 1300.0 1300.0 1300.0
1301.872 1303.987 1306.102 1308.218 1310.333 1312.427 1314.514 1316.6 1318.686 1320.806 1323.236 1325.666 1328.096 1330.526 1333.936 1338.388 1342.841 1347.293 1351.746 1356.934 1362.232 1367.53 1372.828 1377.912 1382.369 1386.826 1391.283 1395.74 1397.709 1398.286 1398.862 1399.439 1399.957 1398.34 1396.723 1395.106 1393.49 1390.45 1385.383 1380.316 1375.25 1370.183 1362.804 1354.841 1346.878 1338.914 1331.283 1325.125 1318.967 1312.809 1306.651 1303.506 1302.639 1301.773 1300.906 1300.039 1300.0 1300.0 1300.0 1300.0 1300.0 1300.0 1300.0
1301.939 1304.033 1306.126 1308.22 1310.314 1312.463 1314.635 1316.806 1318.977 1321.199 1323.884 1326.568 1329.253 1331.938 1335.731 1340.703 1345.676 1350.649 1355.621 1360.937 1366.304 1371.672 1377.039 1381.99 1385.731 1389.472 1393.212 1396.953 1398.532 1398.901 1399.271 1399.64 1399.958 1398.389 1396.82 1395.251 1393.682 1390.729 1385.806 1380.882 1375.959 1371.036 1363.61 1355.551 1347.492 1339.433 1331.706 1325.453 1319.199 1312.946 1306.693 1303.506 1302.639 1301.773 1300.906 1300.039 1300.0 1300.0 1300.0 1300.0 1300.0 1300.0 1300.0
1302.005 1304.078 1306.151 1308.223 1310.296 1312.499 1314.755 1317.012 1319.268 1321.591 1324.531 1327.471 1330.41 1333.35 1337.526 1343.018 1348.511 1354.004 1359.497 1364.941 1370.377 1375.813 1381.249 1386.069 1389.093 1392.117 1395.141 1398.165 1399.354 1399.517 1399.679 1399.842 1399.959 1398.438 1396.917 1395.396 1393.874 1391.009 1386.229 1381.449 1376.669 1371.888 1364.415 1356.261 1348.106 1339.952 1332.129 1325.78 1319.432 1313.083 1306.734 1303.506 1302.639 1301.773 1300.906 1300.039 1300.0 1300.0 1300.0 1300.0 1300.0 1300.0 1300.0
1301.657 1303.466 1305.275 1307.084 1308.893 1310.864 1312.9 1314.936 1316.971 1319.111 1322.198 1325.286 1328.374 1331.462 1336.13 1342.483 1348.835 1355.187 1361.54 1367.067 1372.47 1377.873 1383.277 1387.955 1390.519 1393.083 1395.648 1398.212 1399.113 1399.083 1399.053 1399.023 1398.951 1397.371 1395.791 1394.211 1392.631 1389.762 1385.057 1380.353 1375.648 1370.943 1363.73 1355.883 1348.035 1340.187 1332.63 1326.365 1320.1 1313.835 1307.57 1304.271 1303.215 1302.159 1301.103 1300.047 1300.0 1300.0 1300.0 1300.0 1300.002 1300.006 1300.011
1301.269 1302.792 1304.314 1305.837 1307.359 1309.07 1310.856 1312.642 1314.428 1316.357 1319.582 1322.808 1326.034 1329.26 1334.431 1341.675 1348.919 1356.163 1363.408 1369.014 1374.375 1379.736 1385.097 1389.632 1391.761 1393.89 1396.019 1398.148 1398.77 1398.549 1398.328 1398.107 1397.847 1396.198 1394.549 1392.9 1391.251 1388.37 1383.734 1379.099 1374.463 1369.827 1362.903 1355.401 1347.898 1340.396 1333.139 1326.974 1320.81 1314.646 1308.482 1305.108 1303.845 1302.582 1301.32 1300.057 1300.0 1300.0 1300.0 1300.0 1300.003 1300.014 1300.024
1300.882 1302.117 1303.353 1304.589 1305.825 1307.275 1308.812 1310.349 1311.885 1313.602 1316.966 1320.33 1323.694 1327.057 1332.732 1340.868 1349.004 1357.14 1365.276 1370.961 1376.279 1381.598 1386.916 1391.308 1393.002 1394.696 1396.39 1398.083 1398.427 1398.015 1397.602 1397.19 1396.743 1395.025 1393.307 1391.589 1389.871 1386.978 1382.411 1377.844 1373.278 1368.711 1362.077 1354.919 1347.761 1340.604 1333.647 1327.584 1321.52 1315.457 1309.393 1305.946 1304.476 1303.006 1301.536 1300.066 1300.0 1300.0 1300.0 1300.0 1300.005 1300.021 1300.036
1300.494 1301.443 1302.392 1303.341 1304.29 1305.481 1306.768 1308.055 1309.342 1310.848 1314.35 1317.852 1321.353 1324.855 1331.033 1340.06 1349.088 1358.116 1367.143 1372.908 1378.184 1383.46 1388.736 1392.985 1394.244 1395.502 1396.761 1398.019 1398.084 1397.481 1396.877 1396.274 1395.639 1393.852 1392.065 1390.278 1388.49 1385.585 1381.088 1376.59 1372.093 1367.595 1361.25 1354.437 1347.625 1340.812 1334.156 1328.193 1322.23 1316.268 1310.305 1306.783 1305.106 1303.429 1301.752 1300.075 1300.0 1300.0 1300.0 1300.0 1300.007 1300.028 1300.049
1300.243 1300.985 1301.728 1302.471 1303.213 1304.277 1305.471 1306.665 1307.859 1309.316 1313.188 1317.06 1320.932 1324.804 1331.434 1341.001 1350.568 1360.136 1369.703 1375.344 1380.398 1385.451 1390.505 1394.472 1395.276 1396.079 1396.882 1397.685 1397.375 1396.443 1395.511 1394.578 1393.618 1391.658 1389.698 1387.738 1385.778 1382.813 1378.416 1374.019 1369.623 1365.226 1359.261 1352.9 1346.538 1340.177 1333.925 1328.161 1322.398 1316.634 1310.87 1307.353 1305.535 1303.718 1301.9 1300.082 1300.0 1300.0 1300.0 1300.0 1300.02 1300.078 1300.136
1300.219 1300.887 1301.555 1302.223 1302.891 1304.052 1305.41 1306.768 1308.127 1309.807 1314.433 1319.058 1323.684 1328.31 1335.307 1344.833 1354.358 1363.882 1373.407 1378.59 1383.124 1387.657 1392.19 1395.646 1395.961 1396.275 1396.59 1396.905 1396.063 1394.573 1393.083 1391.594 1390.082 1387.777 1385.472 1383.167 1380.861 1377.757 1373.514 1369.272 1365.029 1360.786 1355.352 1349.617 1343.882 1338.147 1332.473 1327.07 1321.667 1316.264 1310.862 1307.482 1305.632 1303.783 1301.933 1300.083 1300.0 1300.0 1300.0 1300.0 1300.051 1300.199 1300.347
