data/zism_data/00235_03_D.txt
ncols         224
nrows         224
[rows 28 to 55 of 224, columns 128 to 191 of 224]
822.6954 815.3576 811.3674 808.2598 805.1523 802.0447 799.7194 799.5504 799.3815 799.2126 799.0438 799.0626 799.147 799.2315 799.316 799.389 799.421 799.4528 799.4847 799.5166 798.9883 798.209 797.4297 796.6504 795.7838 794.4771 793.1705 791.8638 790.5572 789.325 788.1346 786.9442 785.7538 784.5369 783.1152 781.6936 780.272 778.8504 777.4235 775.993 774.5626 773.132 771.726 770.6736 769.6212 768.5687 767.5163 766.8206 766.4293 766.038 765.6467 765.2657 765.5914 765.9169 766.2426 766.5681 767.1102 767.8782 768.6463 769.4144 770.1825 768.9102 767.5617 766.2133
821.0324 813.9717 810.2372 807.3796 804.5221 801.6645 799.5342 799.4088 799.2833 799.1579 799.0325 799.0464 799.1092 799.1719 799.2346 799.2848 799.2896 799.2943 799.299 799.3037 798.8007 798.0703 797.3399 796.6096 795.808 794.6481 793.4882 792.3283 791.1684 790.0516 788.959 787.8665 786.774 785.6529 784.3129 782.9728 781.6327 780.2925 778.8703 777.3909 775.9114 774.4321 772.9807 771.9337 770.8867 769.8397 768.7927 768.1845 767.9508 767.7171 767.4835 767.2585 767.633 768.0075 768.382 768.7565 769.3289 770.1078 770.8868 771.6657 772.4446 771.288 770.0591 768.8303
819.3693 812.5858 809.107 806.4995 803.8918 801.2843 799.349 799.2671 799.1851 799.1031 799.0212 799.0303 799.0714 799.1123 799.1533 799.1806 799.1581 799.1357 799.1132 799.0908 798.6132 797.9317 797.2502 796.5687 795.8323 794.8192 793.806 792.7928 791.7796 790.7783 789.7836 788.7888 787.7941 786.769 785.5104 784.2519 782.9933 781.7347 780.317 778.7887 777.2604 775.7321 774.2352 773.1937 772.1522 771.1106 770.069 769.5484 769.4723 769.3962 769.3201 769.2513 769.6747 770.0981 770.5215 770.9449 771.5476 772.3374 773.1272 773.9171 774.7068 773.6658 772.5565 771.4473
817.7062 811.1999 807.9767 805.6192 803.2617 800.9041 799.1639 799.1254 799.0869 799.0485 799.0099 799.0143 799.0335 799.0527 799.072 799.0764 799.0267 798.9771 798.9275 798.8778 798.4256 797.793 797.1605 796.5279 795.8566 794.9902 794.1237 793.2573 792.3909 791.5049 790.608 789.7111 788.8142 787.8851 786.7081 785.531 784.354 783.1769 781.7638 780.1866 778.6093 777.0321 775.4899 774.4538 773.4177 772.3815 771.3454 770.9124 770.9938 771.0754 771.1569 771.2441 771.7164 772.1887 772.6611 773.1334 773.7664 774.567 775.3677 776.1684 776.9691 776.0438 775.054 774.0643
816.0394 809.804 806.8411 804.7411 802.6411 800.541 799.0 799.0 799.0 799.0 799.0 799.0 799.0 799.0 799.0 798.9836 798.9074 798.8312 798.7551 798.6789 798.2565 797.6791 797.1017 796.5244 795.9236 795.2051 794.4866 793.7682 793.0497 792.2721 791.4611 790.6501 789.8392 788.9935 787.8804 786.7675 785.6544 784.5413 783.1323 781.5174 779.9025 778.2876 776.7106 775.6805 774.6505 773.6204 772.5903 772.2417 772.4746 772.7075 772.9403 773.1774 773.7031 774.2287 774.7543 775.2799 775.9476 776.7635 777.5794 778.3953 779.2113 778.415 777.5586 776.7022
814.3437 808.331 805.6641 803.8793 802.0945 800.3097 799.0 799.0 799.0 799.0 799.0 799.0 799.0 799.0 799.0 798.9789 798.881 798.783 798.6851 798.5872 798.2295 797.7553 797.2812 796.8071 796.3185 795.7577 795.1968 794.636 794.0751 793.3506 792.5343 791.7179 790.9016 790.0428 788.8592 787.6755 786.4918 785.3081 783.8989 782.3329 780.767 779.201 777.6704 776.6512 775.632 774.6129 773.5937 773.3057 773.6419 773.978 774.3141 774.6543 775.2668 775.8795 776.492 777.1046 777.8406 778.7054 779.5703 780.4351 781.3 780.736 780.1187 779.5014
812.6479 806.858 804.4871 803.0176 801.548 800.0784 799.0 799.0 799.0 799.0 799.0 799.0 799.0 799.0 799.0 798.9742 798.8546 798.7349 798.6152 798.4955 798.2024 797.8315 797.4606 797.0898 796.7136 796.3103 795.907 795.5038 795.1005 794.4293 793.6075 792.7856 791.9639 791.0922 789.8379 788.5836 787.3292 786.0749 784.6655 783.1485 781.6314 780.1144 778.6302 777.6219 776.6136 775.6053 774.597 774.3698 774.8092 775.2486 775.688 776.1311 776.8306 777.5302 778.2297 778.9293 779.7336 780.6474 781.5612 782.4749 783.3887 783.057 782.6788 782.3007
810.9521 805.3851 803.3101 802.1558 801.0014 799.8471 799.0 799.0 799.0 799.0 799.0 799.0 799.0 799.0 799.0 798.9695 798.8281 798.6867 798.5453 798.4039 798.1754 797.9077 797.6401 797.3725 797.1085 796.8629 796.6172 796.3716 796.1259 795.5079 794.6807 793.8534 793.0262 792.1417 790.8167 789.4916 788.1667 786.8417 785.4322 783.9641 782.4959 781.0278 779.5901 778.5927 777.5952 776.5977 775.6003 775.4338 775.9765 776.5192 777.0618 777.608 778.3945 779.181 779.9675 780.754 781.6266 782.5894 783.5521 784.5147 785.4774 785.378 785.239 785.0999
809.2564 803.9122 802.1331 801.294 800.4549 799.6158 799.0 799.0 799.0 799.0 799.0 799.0 799.0 799.0 799.0 798.9648 798.8016 798.6385 798.4754 798.3123 798.1483 797.9839 797.8196 797.6552 797.5035 797.4155 797.3274 797.2394 797.1513 796.5865 795.7538 794.9211 794.0885 793.191 791.7953 790.3997 789.0041 787.6085 786.1989 784.7796 783.3604 781.9411 780.5499 779.5633 778.5768 777.5902 776.6036 776.4979 777.1438 777.7897 778.4356 779.0848 779.9583 780.8317 781.7052 782.5787 783.5197 784.5313 785.5429 786.5545 787.5661 787.699 787.799 787.8991
808.3586 803.1724 801.5499 800.8669 800.184 799.5012 799.0 799.0 799.0 799.0 799.0 799.0 799.0 799.0 799.0 798.965 798.8029 798.6407 798.4785 798.3164 798.2016 798.1081 798.0145 797.921 797.8351 797.7878 797.7405 797.6933 797.6461 797.0903 796.249 795.4076 794.5663 793.6601 792.2554 790.8508 789.4462 788.0415 786.6552 785.2816 783.908 782.5345 781.1902 780.2697 779.3492 778.4286 777.5081 777.4709 778.1877 778.9044 779.6212 780.341 781.2755 782.2099 783.1443 784.0788 785.0733 786.1306 787.1879 788.2452 789.3024 789.5267 789.7198 789.913
807.9994 802.9272 801.3672 800.7332 800.0992 799.4652 799.0 799.0 799.0 799.0 799.0 799.0 799.0 799.0 799.0 798.9685 798.8227 798.6768 798.531 798.3851 798.3092 798.2645 798.2199 798.1753 798.1239 798.0386 797.9533 797.868 797.7827 797.2064 796.3541 795.5019 794.6497 793.7376 792.3656 790.9935 789.6215 788.2495 786.9022 785.5721 784.2419 782.9119 781.615 780.7977 779.9804 779.1631 778.3459 778.3827 779.1483 779.9139 780.6796 781.4483 782.4262 783.4042 784.3821 785.36 786.398 787.4988 788.5995 789.7003 790.801 791.0216 791.2093 791.397
807.6401 802.6821 801.1846 800.5995 800.0145 799.4293 799.0 799.0 799.0 799.0 799.0 799.0 799.0 799.0 799.0 798.972 798.8425 798.713 798.5834 798.4539 798.4167 798.421 798.4253 798.4296 798.4127 798.2894 798.166 798.0427 797.9194 797.3223 796.4592 795.5961 794.733 793.8151 792.4757 791.1363 789.7969 788.4575 787.1492 785.8625 784.5759 783.2892 782.0397 781.3257 780.6117 779.8977 779.1837 779.2944 780.1089 780.9235 781.738 782.5556 783.577 784.5984 785.6198 786.6412 787.7227 788.8669 790.0111 791.1553 792.2996 792.5165 792.6988 792.8811
807.2809 802.4369 801.002 800.4658 799.9296 799.3934 799.0 799.0 799.0 799.0 799.0 799.0 799.0 799.0 799.0 798.9756 798.8623 798.7491 798.6359 798.5226 798.5243 798.5775 798.6307 798.6838 798.7015 798.5402 798.3788 798.2174 798.056 797.4384 796.5644 795.6904 794.8165 793.8926 792.5859 791.2791 789.9722 788.6654 787.3961 786.153 784.9098 783.6667 782.4645 781.8537 781.243 780.6322 780.0215 780.2062 781.0696 781.933 782.7965 783.6628 784.7277 785.7926 786.8575 787.9224 789.0473 790.235 791.4227 792.6104 793.7982 794.0114 794.1882 794.3651
806.8981 802.1893 800.821 800.3333 799.8456 799.3578 799.0 799.0 799.0 799.0 799.0 799.0 799.0 799.0 799.0 798.9792 798.8827 798.7862 798.6897 798.5932 798.6299 798.7265 798.823 798.9195 798.9668 798.7661 798.5654 798.3646 798.1639 797.5241 796.6375 795.751 794.8644 793.934 792.6667 791.3994 790.132 788.8647 787.6378 786.439 785.2401 784.0413 782.8872 782.3793 781.8714 781.3635 780.8556 781.1089 782.0118 782.9147 783.8176 784.7234 785.8283 786.9332 788.0381 789.143 790.3069 791.5325 792.7581 793.9838 795.2094 795.4125 795.5775 795.7424
806.2415 801.9131 800.6586 800.2144 799.7702 799.326 799.0 799.0 799.0 799.0 799.0 799.0 799.0 799.0 799.0 798.9839 798.9091 798.8344 798.7596 798.6848 798.7133 798.7881 798.8629 798.9376 798.9578 798.7028 798.4477 798.1926 797.9376 797.2573 796.3381 795.4189 794.4998 793.5543 792.4065 791.2587 790.111 788.9632 787.8174 786.6729 785.5284 784.384 783.287 782.877 782.4669 782.0568 781.6467 781.9069 782.7392 783.5714 784.4037 785.2399 786.3448 787.4496 788.5546 789.6595 790.8101 792.0085 793.207 794.4054 795.6038 795.7222 795.8002 795.8782
805.585 801.637 800.4963 800.0955 799.6948 799.2941 799.0 799.0 799.0 799.0 799.0 799.0 799.0 799.0 799.0 798.9886 798.9355 798.8825 798.8295 798.7765 798.7967 798.8497 798.9027 798.9557 798.9488 798.6394 798.33 798.0206 797.7112 796.9905 796.0387 795.0869 794.1351 793.1746 792.1464 791.1182 790.09 789.0618 787.997 786.9069 785.8168 784.7266 783.6869 783.3746 783.0624 782.7501 782.4379 782.705 783.4666 784.2282 784.9898 785.7563 786.8612 787.9661 789.071 790.1759 791.3133 792.4846 793.6558 794.827 795.9983 796.0318 796.0229 796.014
804.9283 801.3609 800.3339 799.9766 799.6194 799.2621 799.0 799.0 799.0 799.0 799.0 799.0 799.0 799.0 799.0 798.9932 798.962 798.9307 798.8994 798.8681 798.8801 798.9113 798.9426 798.9739 798.9398 798.576 798.2123 797.8486 797.4848 796.7237 795.7393 794.7549 793.7705 792.7949 791.8862 790.9775 790.0689 789.1603 788.1766 787.1409 786.1051 785.0693 784.0867 783.8723 783.6578 783.4434 783.229 783.5031 784.194 784.8849 785.5759 786.2728 787.3777 788.4826 789.5875 790.6924 791.8165 792.9606 794.1046 795.2487 796.3928 796.3415 796.2456 796.1497
804.2718 801.0848 800.1716 799.8578 799.544 799.2302 799.0 799.0 799.0 799.0 799.0 799.0 799.0 799.0 799.0 798.9979 798.9884 798.9789 798.9693 798.9598 798.9634 798.973 798.9825 798.9921 798.9308 798.5127 798.0946 797.6765 797.2584 796.4568 795.4399 794.4229 793.4059 792.4151 791.626 790.837 790.0479 789.2588 788.3563 787.3748 786.3934 785.4119 784.4865 784.3699 784.2533 784.1367 784.0201 784.3011 784.9214 785.5417 786.162 786.7892 787.8942 788.9991 790.1039 791.2089 792.3196 793.4365 794.5535 795.6703 796.7872 796.6512 796.4683 796.2855
803.6971 800.9027 800.1082 799.8409 799.5737 799.3065 799.1088 799.1027 799.0966 799.0905 799.0844 799.0693 799.051 799.0327 799.0143 799.0 799.0 799.0 799.0 799.0 799.0 799.0 799.0 799.0 798.9319 798.5204 798.109 797.6976 797.2861 796.4875 795.4715 794.4554 793.4394 792.4523 791.6883 790.9242 790.1602 789.3961 788.5341 787.6039 786.6738 785.7437 784.869 784.7953 784.7216 784.6479 784.5743 784.8682 785.4758 786.0834 786.691 787.3052 788.3735 789.4418 790.5101 791.5784 792.6483 793.7197 794.7911 795.8625 796.934 796.73 796.4786 796.2271
803.1864 800.7941 800.1223 799.904 799.6857 799.4673 799.3026 799.2856 799.2687 799.2517 799.2347 799.1926 799.1417 799.0908 799.0399 799.0 799.0 799.0 799.0 799.0 799.0 799.0 799.0 799.0 798.9409 798.5838 798.2267 797.8696 797.5125 796.7509 795.762 794.7731 793.7842 792.8156 792.0026 791.1897 790.3767 789.5637 788.7105 787.8293 786.9481 786.0668 785.2379 785.1642 785.0906 785.0169 784.9432 785.2547 785.8949 786.5351 787.1753 787.8207 788.8238 789.8269 790.83 791.8331 792.8403 793.852 794.8636 795.8753 796.887 796.6285 796.3226 796.0168
802.6757 800.6856 800.1364 799.967 799.7975 799.6282 799.4965 799.4686 799.4408 799.413 799.3851 799.316 799.2325 799.149 799.0655 799.0 799.0 799.0 799.0 799.0 799.0 799.0 799.0 799.0 798.9499 798.6472 798.3444 798.0416 797.7389 797.0142 796.0525 795.0908 794.1291 793.1788 792.317 791.4551 790.5933 789.7313 788.8869 788.0546 787.2223 786.39 785.6068 785.5331 785.4595 785.3858 785.3121 785.6412 786.314 786.9868 787.6596 788.3362 789.2741 790.212 791.1498 792.0877 793.0325 793.9843 794.9362 795.8881 796.8399 796.5269 796.1667 795.8065
802.165 800.5771 800.1505 800.03 799.9095 799.789 799.6903 799.6516 799.6129 799.5742 799.5355 799.4395 799.3233 799.2072 799.0911 799.0 799.0 799.0 799.0 799.0 799.0 799.0 799.0 799.0 798.9589 798.7105 798.4621 798.2137 797.9653 797.2775 796.343 795.4084 794.4739 793.5421 792.6313 791.7206 790.8098 789.899 789.0634 788.2799 787.4965 786.7131 785.9757 785.902 785.8284 785.7547 785.681 786.0277 786.7331 787.4385 788.1439 788.8517 789.7244 790.5971 791.4697 792.3424 793.2245 794.1166 795.0087 795.9008 796.7928 796.4253 796.0107 795.5962
801.6603 800.4687 800.1624 800.0894 800.0164 799.9435 799.877 799.8284 799.7797 799.7311 799.6825 799.561 799.4142 799.2673 799.1205 799.0052 799.0048 799.0043 799.0038 799.0034 799.0042 799.0056 799.007 799.0084 798.9768 798.7787 798.5807 798.3826 798.1846 797.5331 796.627 795.7208 794.8146 793.9025 792.9457 791.9888 791.0319 790.075 789.2489 788.5137 787.7785 787.0433 786.351 786.278 786.2051 786.1321 786.0591 786.4222 787.1574 787.8926 788.6279 789.3641 790.1716 790.979 791.7864 792.5939 793.4122 794.2419 795.0717 795.9014 796.7311 796.3011 795.8243 795.3474
801.2893 800.364 800.1261 800.0694 800.0128 799.9561 799.9045 799.8667 799.8289 799.7912 799.7534 799.6429 799.5069 799.3709 799.2349 799.1258 799.1145 799.1031 799.0918 799.0804 799.1005 799.1345 799.1685 799.2025 799.1918 798.9557 798.7196 798.4835 798.2474 797.6171 796.7653 795.9134 795.0616 794.1995 793.259 792.3184 791.3778 790.4372 789.637 788.9344 788.2319 787.5292 786.8685 786.8118 786.7552 786.6985 786.6418 786.9949 787.6974 788.4 789.1027 789.8058 790.548 791.2903 792.0325 792.7747 793.5013 794.2114 794.9216 795.6317 796.3419 795.6771 794.9612 794.2452
800.9183 800.2592 800.0898 800.0494 800.0091 799.9688 799.9319 799.9051 799.8782 799.8513 799.8244 799.7247 799.5996 799.4745 799.3494 799.2465 799.2242 799.202 799.1798 799.1576 799.1968 799.2634 799.33 799.3966 799.4069 799.1327 798.8586 798.5844 798.3103 797.701 796.9036 796.1061 795.3086 794.4965 793.5723 792.6479 791.7237 790.7994 790.0251 789.3552 788.6852 788.0152 787.386 787.3456 787.3053 787.2649 787.2245 787.5675 788.2375 788.9075 789.5775 790.2476 790.9246 791.6016 792.2786 792.9556 793.5903 794.1809 794.7715 795.3621 795.9526 795.0531 794.098 793.1429
800.5472 800.1545 800.0535 800.0295 800.0054 799.9814 799.9595 799.9434 799.9274 799.9114 799.8953 799.8065 799.6923 799.5781 799.4638 799.3671 799.334 799.3009 799.2678 799.2347 799.293 799.3923 799.4915 799.5908 799.6219 799.3097 798.9976 798.6854 798.3732 797.785 797.0419 796.2988 795.5556 794.7935 793.8856 792.9775 792.0696 791.1616 790.4133 789.7759 789.1385 788.5012 787.9035 787.8795 787.8554 787.8314 787.8073 788.1401 788.7775 789.4149 790.0522 790.6893 791.3011 791.9129 792.5247 793.1365 793.6794 794.1504 794.6214 795.0924 795.5634 794.4291 793.2349 792.0406
800.1761 800.0497 800.0172 800.0095 800.0018 799.994 799.9869 799.9818 799.9766 799.9715 799.9663 799.8884 799.785 799.6816 799.5782 799.4877 799.4437 799.3998 799.3558 799.3119 799.3893 799.5212 799.653 799.7849 799.837 799.4867 799.1365 798.7863 798.436 797.869 797.1802 796.4914 795.8026 795.0905 794.1989 793.3071 792.4155 791.5238 790.8014 790.1966 789.5919 788.9871 788.421 788.4132 788.4055 788.3978 788.39 788.7128 789.3175 789.9223 790.527 791.131 791.6776 792.2242 792.7708 793.3174 793.7685 794.1199 794.4714 794.8228 795.1742 793.8051 792.3717 790.9384
800.0 800.0 800.0 800.0 800.0 800.0 800.0 800.0 800.0 800.0 800.0 799.9357 799.8489 799.7621 799.6753 799.5978 799.5544 799.511 799.4677 799.4243 799.483 799.5875 799.692 799.7965 799.8271 799.4844 799.1418 798.7993 798.4566 797.9144 797.2599 796.6055 795.9511 795.2742 794.4245 793.5748 792.7252 791.8755 791.1794 790.5901 790.0009 789.4116 788.8621 788.8878 788.9135 788.9391 788.9648 789.2808 789.8444 790.408 790.9716 791.5342 792.0327 792.5313 793.0297 793.5283 793.8977 794.1324 794.3671 794.6019 794.8365 793.3373 791.7733 790.2092
