data/zism_data/00234_04_D.txt
ncols         224
nrows         224
[rows 0 to 28 of 224, columns 0 to 63 of 224]
1025.688 1025.716 1025.745 1024.483 1021.728 1018.974 1016.22 1013.465 1018.022 1023.149 1028.276 1033.404 1040.735 1051.495 1062.255 1073.015 1083.775 1097.524 1111.779 1126.035 1140.29 1153.21 1163.277 1173.344 1183.411 1193.478 1196.337 1197.194 1198.051 1198.908 1199.203 1197.778 1196.354 1194.929 1193.504 1189.722 1184.976 1180.231 1175.486 1171.054 1168.107 1165.16 1162.213 1159.265 1155.652 1151.661 1147.669 1143.678 1139.443 1133.049 1126.655 1120.261 1113.867 1107.047 1099.899 1092.75 1085.602 1078.434 1070.605 1062.777 1054.948 1047.12 1040.344 1034.654
1014.93 1015.369 1015.809 1015.302 1013.699 1012.097 1010.495 1008.892 1014.294 1020.244 1026.193 1032.143 1040.04 1050.968 1061.895 1072.823 1083.751 1097.524 1111.779 1126.035 1140.29 1153.21 1163.277 1173.344 1183.411 1193.478 1196.362 1197.252 1198.141 1199.031 1199.454 1198.451 1197.448 1196.446 1195.443 1192.493 1188.748 1185.004 1181.259 1177.644 1174.643 1171.642 1168.64 1165.639 1161.403 1156.465 1151.527 1146.589 1141.429 1134.299 1127.17 1120.04 1112.911 1105.514 1097.912 1090.309 1082.707 1075.094 1067.141 1059.188 1051.235 1043.282 1036.457 1030.793
1004.172 1005.023 1005.874 1006.121 1005.671 1005.22 1004.77 1004.319 1010.567 1017.339 1024.11 1030.882 1039.345 1050.441 1061.536 1072.631 1083.726 1097.524 1111.779 1126.035 1140.29 1153.21 1163.277 1173.344 1183.411 1193.478 1196.388 1197.31 1198.232 1199.154 1199.705 1199.124 1198.543 1197.962 1197.381 1195.264 1192.52 1189.776 1187.032 1184.234 1181.179 1178.123 1175.068 1172.013 1167.153 1161.269 1155.385 1149.5 1143.415 1135.55 1127.685 1119.82 1111.955 1103.982 1095.925 1087.868 1079.811 1071.754 1063.676 1055.599 1047.522 1039.444 1032.569 1026.933
993.4143 994.6761 995.938 996.94 997.6415 998.343 999.0445 999.746 1006.84 1014.434 1022.027 1029.621 1038.651 1049.913 1061.176 1072.439 1083.702 1097.524 1111.779 1126.035 1140.29 1153.21 1163.277 1173.344 1183.411 1193.478 1196.413 1197.368 1198.322 1199.276 1199.957 1199.797 1199.638 1199.479 1199.32 1198.036 1196.292 1194.548 1192.805 1190.824 1187.714 1184.605 1181.496 1178.386 1172.904 1166.073 1159.242 1152.411 1145.401 1136.801 1128.2 1119.6 1110.999 1102.449 1093.938 1085.427 1076.916 1068.413 1060.212 1052.01 1043.808 1035.607 1028.682 1023.072
989.342 991.225 993.108 994.8604 996.4617 998.063 999.6644 1001.266 1008.798 1016.793 1024.789 1032.785 1041.864 1052.627 1063.391 1074.154 1084.918 1098.452 1112.455 1126.458 1140.461 1153.198 1163.228 1173.259 1183.289 1193.319 1196.276 1197.268 1198.26 1199.252 1199.972 1199.856 1199.741 1199.625 1199.51 1198.52 1197.173 1195.826 1194.479 1192.86 1189.949 1187.037 1184.126 1181.215 1175.756 1168.851 1161.945 1155.04 1147.952 1139.246 1130.54 1121.834 1113.128 1104.54 1096.042 1087.543 1079.046 1070.55 1062.134 1053.719 1045.304 1036.888 1029.853 1024.239
985.4693 987.9797 990.4901 992.9927 995.4864 997.98 1000.474 1002.967 1010.926 1019.31 1027.696 1036.08 1045.193 1055.437 1065.682 1075.926 1086.171 1099.407 1113.151 1126.895 1140.638 1153.186 1163.178 1173.171 1183.163 1193.156 1196.134 1197.164 1198.194 1199.224 1199.979 1199.897 1199.814 1199.731 1199.648 1198.936 1197.968 1196.999 1196.031 1194.76 1192.054 1189.349 1186.643 1183.937 1178.522 1171.568 1164.614 1157.659 1150.519 1141.726 1132.934 1124.142 1115.349 1106.738 1098.267 1089.796 1081.325 1072.849 1064.218 1055.586 1046.954 1038.323 1031.175 1025.556
981.5967 984.7344 987.8723 991.1251 994.5111 997.8971 1001.283 1004.669 1013.053 1021.827 1030.602 1039.376 1048.523 1058.248 1067.973 1077.698 1087.423 1100.363 1113.847 1127.331 1140.815 1153.174 1163.128 1173.083 1183.037 1192.992 1195.992 1197.06 1198.127 1199.195 1199.988 1199.937 1199.886 1199.836 1199.785 1199.352 1198.762 1198.172 1197.583 1196.66 1194.16 1191.66 1189.159 1186.659 1181.288 1174.285 1167.282 1160.279 1153.086 1144.207 1135.328 1126.449 1117.57 1108.937 1100.493 1092.049 1083.605 1075.149 1066.301 1057.453 1048.605 1039.757 1032.497 1026.872
977.7241 981.4891 985.2543 989.2574 993.5358 997.8141 1002.092 1006.371 1015.181 1024.344 1033.508 1042.672 1051.852 1061.058 1070.264 1079.47 1088.676 1101.319 1114.543 1127.768 1140.992 1153.162 1163.078 1172.995 1182.912 1192.829 1195.85 1196.955 1198.061 1199.167 1199.995 1199.977 1199.959 1199.941 1199.923 1199.768 1199.557 1199.345 1199.134 1198.561 1196.266 1193.971 1191.676 1189.381 1184.053 1177.002 1169.95 1162.899 1155.653 1146.687 1137.722 1128.757 1119.791 1111.136 1102.719 1094.302 1085.885 1077.449 1068.385 1059.321 1050.256 1041.192 1033.819 1028.189
976.6537 981.0701 985.4866 990.2328 995.3605 1000.488 1005.616 1010.743 1019.785 1029.133 1038.48 1047.828 1056.857 1065.391 1073.925 1082.459 1090.992 1103.009 1115.615 1128.221 1140.827 1152.504 1162.194 1171.884 1181.574 1191.264 1194.379 1195.669 1196.958 1198.247 1199.24 1199.326 1199.412 1199.499 1199.585 1199.559 1199.487 1199.415 1199.344 1198.957 1197.076 1195.195 1193.313 1191.432 1186.572 1180.019 1173.466 1166.913 1160.132 1151.324 1142.516 1133.708 1124.9 1116.286 1107.822 1099.358 1090.894 1082.409 1073.224 1064.039 1054.854 1045.669 1038.151 1032.35
979.1205 984.2183 989.3163 994.7967 1000.719 1006.642 1012.565 1018.487 1027.517 1036.788 1046.06 1055.332 1063.977 1071.645 1079.313 1086.982 1094.65 1105.626 1117.161 1128.697 1140.232 1151.031 1160.256 1169.481 1178.705 1187.93 1191.232 1192.89 1194.547 1196.204 1197.522 1197.803 1198.083 1198.364 1198.645 1198.56 1198.326 1198.092 1197.858 1197.455 1196.25 1195.045 1193.84 1192.635 1188.778 1183.415 1178.052 1172.689 1167.024 1158.681 1150.338 1141.995 1133.652 1125.161 1116.556 1107.952 1099.347 1090.725 1081.54 1072.355 1063.17 1053.985 1046.281 1040.102
981.5874 987.3668 993.1462 999.3607 1006.078 1012.796 1019.514 1026.231 1035.248 1044.444 1053.641 1062.836 1071.096 1077.899 1084.702 1091.506 1098.309 1108.243 1118.707 1129.172 1139.637 1149.558 1158.317 1167.077 1175.837 1184.597 1188.086 1190.111 1192.135 1194.16 1195.804 1196.279 1196.755 1197.23 1197.705 1197.562 1197.166 1196.769 1196.373 1195.954 1195.425 1194.896 1194.366 1193.837 1190.984 1186.811 1182.638 1178.465 1173.916 1166.038 1158.16 1150.282 1142.405 1134.036 1125.291 1116.546 1107.8 1099.042 1089.857 1080.672 1071.487 1062.302 1054.411 1047.854
984.0543 990.5151 996.9761 1003.925 1011.438 1018.95 1026.463 1033.976 1042.98 1052.1 1061.221 1070.341 1078.216 1084.154 1090.091 1096.029 1101.967 1110.86 1120.254 1129.648 1139.041 1148.085 1156.379 1164.674 1172.968 1181.263 1184.939 1187.331 1189.724 1192.117 1194.085 1194.755 1195.426 1196.096 1196.766 1196.563 1196.005 1195.446 1194.888 1194.452 1194.599 1194.746 1194.893 1195.04 1193.191 1190.207 1187.224 1184.241 1180.808 1173.395 1165.983 1158.57 1151.157 1142.912 1134.026 1125.14 1116.254 1107.359 1098.174 1088.989 1079.804 1070.619 1062.542 1055.605
986.5212 993.6634 1000.806 1008.489 1016.796 1025.104 1033.412 1041.719 1050.711 1059.755 1068.8 1077.845 1085.336 1090.408 1095.48 1100.553 1105.625 1113.477 1121.8 1130.123 1138.446 1146.612 1154.441 1162.271 1170.1 1177.93 1181.792 1184.552 1187.313 1190.073 1192.367 1193.232 1194.097 1194.961 1195.826 1195.565 1194.844 1194.124 1193.403 1192.951 1193.774 1194.597 1195.42 1196.243 1195.397 1193.603 1191.81 1190.016 1187.7 1180.752 1173.805 1166.857 1159.91 1151.787 1142.76 1133.734 1124.707 1115.676 1106.491 1097.306 1088.121 1078.936 1070.672 1063.357
994.6778 1002.502 1010.326 1018.339 1026.573 1034.807 1043.04 1051.274 1059.086 1066.865 1074.644 1082.423 1088.8 1092.997 1097.194 1101.391 1105.589 1112.031 1118.853 1125.676 1132.498 1139.251 1145.855 1152.459 1159.063 1165.667 1169.149 1171.763 1174.378 1176.993 1179.195 1180.136 1181.077 1182.018 1182.959 1183.229 1183.225 1183.221 1183.217 1183.619 1185.953 1188.287 1190.62 1192.954 1193.38 1192.722 1192.064 1191.406 1190.21 1184.251 1178.292 1172.333 1166.374 1158.936 1150.362 1141.787 1133.213 1124.62 1115.415 1106.21 1097.005 1087.801 1079.294 1071.506
1003.376 1011.882 1020.387 1028.694 1036.77 1044.847 1052.924 1061.0 1067.522 1073.922 1080.322 1086.722 1091.917 1095.238 1098.558 1101.879 1105.2 1110.197 1115.478 1120.76 1126.041 1131.33 1136.636 1141.942 1147.248 1152.553 1155.601 1158.021 1160.441 1162.861 1164.932 1165.938 1166.944 1167.95 1168.956 1169.813 1170.609 1171.406 1172.202 1173.542 1177.466 1181.39 1185.314 1189.238 1190.96 1191.433 1191.905 1192.377 1192.302 1187.382 1182.461 1177.54 1172.62 1165.921 1157.855 1149.789 1141.723 1133.623 1124.397 1115.17 1105.944 1096.717 1087.962 1079.694
1012.075 1021.262 1030.449 1039.048 1046.968 1054.888 1062.808 1070.727 1075.958 1080.979 1086.0 1091.02 1095.033 1097.478 1099.922 1102.367 1104.812 1108.364 1112.104 1115.844 1119.583 1123.409 1127.417 1131.424 1135.432 1139.44 1142.053 1144.278 1146.504 1148.729 1150.67 1151.74 1152.811 1153.882 1154.953 1156.397 1157.994 1159.591 1161.188 1163.465 1168.979 1174.493 1180.007 1185.521 1188.541 1190.144 1191.746 1193.349 1194.395 1190.513 1186.63 1182.748 1178.866 1172.906 1165.349 1157.791 1150.233 1142.626 1133.378 1124.13 1114.882 1105.634 1096.631 1087.881
1020.773 1030.641 1040.51 1049.402 1057.165 1064.928 1072.691 1080.454 1084.394 1088.036 1091.677 1095.319 1098.15 1099.718 1101.286 1102.855 1104.423 1106.531 1108.729 1110.928 1113.126 1115.488 1118.198 1120.908 1123.617 1126.327 1128.506 1130.536 1132.567 1134.597 1136.407 1137.543 1138.679 1139.814 1140.95 1142.981 1145.379 1147.776 1150.173 1153.389 1160.493 1167.597 1174.701 1181.805 1186.122 1188.854 1191.587 1194.32 1196.488 1193.644 1190.8 1187.956 1185.112 1179.891 1172.842 1165.792 1158.743 1151.629 1142.36 1133.09 1123.82 1114.55 1105.299 1096.068
1030.149 1040.123 1050.098 1058.785 1065.984 1073.183 1080.382 1087.581 1090.481 1093.045 1095.608 1098.172 1100.043 1100.837 1101.631 1102.425 1103.219 1103.962 1104.696 1105.43 1106.164 1107.188 1108.83 1110.473 1112.115 1113.758 1115.501 1117.273 1119.044 1120.815 1122.418 1123.502 1124.586 1125.67 1126.755 1129.242 1132.303 1135.363 1138.424 1142.407 1150.773 1159.139 1167.505 1175.871 1181.424 1185.378 1189.333 1193.288 1196.661 1194.889 1193.117 1191.344 1189.572 1185.104 1178.564 1172.023 1165.482 1158.855 1149.369 1139.882 1130.396 1120.909 1111.324 1101.638
1040.61 1049.768 1058.926 1066.611 1072.593 1078.575 1084.557 1090.54 1092.799 1094.768 1096.737 1098.706 1099.976 1100.159 1100.342 1100.525 1100.707 1100.215 1099.607 1099.0 1098.393 1098.281 1099.226 1100.17 1101.115 1102.06 1103.368 1104.777 1106.186 1107.595 1108.866 1109.712 1110.558 1111.405 1112.251 1114.985 1118.489 1121.993 1125.497 1129.974 1139.076 1148.177 1157.279 1166.38 1173.072 1178.395 1183.718 1189.041 1193.758 1193.11 1192.463 1191.816 1191.168 1187.477 1181.445 1175.412 1169.38 1163.231 1153.215 1143.198 1133.182 1123.165 1113.109 1103.012
1051.072 1059.412 1067.754 1074.436 1079.202 1083.967 1088.733 1093.498 1095.118 1096.492 1097.866 1099.24 1099.908 1099.48 1099.052 1098.624 1098.195 1096.467 1094.519 1092.571 1090.622 1089.374 1089.621 1089.868 1090.116 1090.363 1091.236 1092.282 1093.329 1094.376 1095.314 1095.923 1096.531 1097.14 1097.748 1100.727 1104.675 1108.622 1112.57 1117.541 1127.379 1137.216 1147.053 1156.89 1164.72 1171.412 1178.103 1184.794 1190.854 1191.332 1191.809 1192.287 1192.764 1189.849 1184.325 1178.801 1173.277 1167.607 1157.061 1146.514 1135.968 1125.421 1114.893 1104.386
1061.533 1069.057 1076.582 1082.262 1085.811 1089.359 1092.908 1096.457 1097.436 1098.215 1098.995 1099.774 1099.841 1098.802 1097.762 1096.723 1095.683 1092.72 1089.43 1086.141 1082.851 1080.467 1080.016 1079.566 1079.115 1078.665 1079.103 1079.787 1080.471 1081.156 1081.763 1082.133 1082.503 1082.874 1083.244 1086.47 1090.861 1095.252 1099.643 1105.108 1115.681 1126.254 1136.827 1147.399 1156.369 1164.428 1172.487 1180.547 1187.951 1189.553 1191.156 1192.758 1194.36 1192.222 1187.206 1182.191 1177.175 1171.983 1160.907 1149.83 1138.754 1127.677 1116.678 1105.759
1071.995 1078.702 1085.41 1090.088 1092.42 1094.751 1097.083 1099.415 1099.755 1099.939 1100.123 1100.307 1099.774 1098.123 1096.473 1094.822 1093.171 1088.972 1084.342 1079.711 1075.08 1071.56 1070.412 1069.264 1068.115 1066.967 1066.97 1067.292 1067.614 1067.936 1068.211 1068.343 1068.476 1068.608 1068.741 1072.212 1077.047 1081.881 1086.715 1092.675 1103.984 1115.292 1126.6 1137.908 1148.017 1157.445 1166.872 1176.3 1185.048 1187.775 1190.502 1193.229 1195.957 1194.595 1190.087 1185.58 1181.073 1176.359 1164.753 1153.146 1141.54 1129.933 1118.463 1107.133
1078.125 1083.622 1089.12 1092.879 1094.628 1096.376 1098.125 1099.873 1099.791 1099.565 1099.339 1099.113 1097.979 1095.43 1092.882 1090.333 1087.785 1082.704 1077.195 1071.685 1066.176 1061.927 1060.373 1058.818 1057.264 1055.71 1055.814 1056.38 1056.945 1057.51 1057.983 1058.174 1058.364 1058.555 1058.745 1062.076 1066.688 1071.299 1075.911 1081.681 1092.953 1104.224 1115.496 1126.767 1137.617 1148.228 1158.839 1169.45 1179.378 1183.263 1187.147 1191.032 1194.916 1193.961 1189.282 1184.603 1179.924 1175.033 1163.017 1151.0 1138.984 1126.968 1115.274 1103.912
1083.521 1087.742 1091.964 1094.818 1096.09 1097.363 1098.635 1099.908 1099.439 1098.835 1098.231 1097.627 1095.891 1092.396 1088.901 1085.406 1081.911 1076.009 1069.699 1063.389 1057.079 1052.172 1050.26 1048.349 1046.438 1044.526 1044.824 1045.736 1046.647 1047.559 1048.319 1048.618 1048.917 1049.215 1049.514 1052.637 1056.914 1061.191 1065.467 1070.931 1082.035 1093.139 1104.243 1115.346 1126.87 1138.633 1150.396 1162.159 1173.24 1178.288 1183.335 1188.382 1193.429 1192.817 1187.852 1182.886 1177.921 1172.74 1160.334 1147.929 1135.523 1123.117 1111.242 1099.912
1088.917 1091.862 1094.807 1096.756 1097.552 1098.349 1099.146 1099.942 1099.088 1098.105 1097.123 1096.14 1093.803 1089.362 1084.921 1080.479 1076.038 1069.314 1062.204 1055.093 1047.983 1042.416 1040.148 1037.88 1035.611 1033.343 1033.834 1035.092 1036.349 1037.607 1038.655 1039.062 1039.469 1039.875 1040.282 1043.199 1047.14 1051.082 1055.023 1060.181 1071.117 1082.053 1092.989 1103.925 1116.123 1129.038 1141.953 1154.868 1167.102 1173.312 1179.522 1185.732 1191.942 1191.674 1186.422 1181.17 1175.918 1170.447 1157.652 1144.857 1132.062 1119.267 1107.209 1095.913
1094.313 1095.982 1097.65 1098.694 1099.015 1099.335 1099.656 1099.977 1098.737 1097.376 1096.014 1094.653 1091.716 1086.328 1080.94 1075.552 1070.164 1062.619 1054.708 1046.797 1038.886 1032.661 1030.035 1027.41 1024.785 1022.16 1022.844 1024.448 1026.052 1027.656 1028.991 1029.506 1030.021 1030.536 1031.051 1033.761 1037.367 1040.973 1044.579 1049.43 1060.199 1070.967 1081.736 1092.504 1105.376 1119.443 1133.509 1147.576 1160.964 1168.337 1175.71 1183.083 1190.455 1190.531 1184.992 1179.453 1173.914 1168.154 1154.97 1141.785 1128.6 1115.416 1103.177 1091.913
1098.034 1098.752 1099.471 1099.812 1099.717 1099.621 1099.526 1099.431 1097.63 1095.696 1093.762 1091.828 1088.242 1082.086 1075.929 1069.773 1063.617 1055.656 1047.389 1039.122 1030.855 1024.328 1021.519 1018.709 1015.9 1013.091 1013.85 1015.601 1017.352 1019.102 1020.569 1021.165 1021.762 1022.358 1022.955 1025.531 1028.914 1032.298 1035.682 1040.352 1051.136 1061.921 1072.705 1083.489 1096.979 1112.008 1127.036 1142.064 1156.395 1164.548 1172.701 1180.854 1189.007 1189.181 1183.219 1177.255 1171.293 1165.114 1151.7 1138.287 1124.873 1111.46 1099.09 1087.795
1098.292 1098.734 1099.177 1099.235 1098.847 1098.46 1098.073 1097.686 1094.961 1092.053 1089.146 1086.238 1081.903 1075.346 1068.79 1062.233 1055.677 1048.139 1040.434 1032.73 1025.026 1018.937 1016.301 1013.664 1011.028 1008.392 1008.981 1010.467 1011.953 1013.438 1014.712 1015.335 1015.959 1016.583 1017.206 1019.798 1023.192 1026.586 1029.981 1034.729 1045.908 1057.087 1068.266 1079.445 1093.441 1109.037 1124.633 1140.229 1155.069 1163.211 1171.353 1179.496 1187.638 1187.407 1180.736 1174.064 1167.393 1160.529 1147.218 1133.908 1120.597 1107.286 1094.888 1083.431
1098.55 1098.717 1098.883 1098.658 1097.978 1097.299 1096.62 1095.94 1092.291 1088.41 1084.529 1080.649 1075.564 1068.607 1061.651 1054.694 1047.737 1040.622 1033.48 1026.338 1019.196 1013.546 1011.083 1008.619 1006.156 1003.693 1004.113 1005.333 1006.554 1007.775 1008.855 1009.505 1010.156 1010.807 1011.458 1014.065 1017.47 1020.875 1024.28 1029.106 1040.68 1052.254 1063.828 1075.401 1089.902 1106.066 1122.23 1138.394 1153.743 1161.875 1170.006 1178.137 1186.269 1185.633 1178.253 1170.873 1163.493 1155.944 1142.736 1129.528 1116.32 1103.113 1090.687 1079.067
