data/zism_data/00238_03_D.txt
ncols         224
nrows         224
[rows 112 to 139 of 224, columns 63 to 125 of 224]
4100.907 4100.56 4100.212 4100.017 4100.062 4100.105 4100.149 4100.194 4101.264 4102.486 4103.708 4104.931 4106.971 4110.513 4114.055 4117.598 4121.14 4125.583 4130.205 4134.827 4139.449 4144.378 4149.972 4155.565 4161.158 4166.751 4173.038 4179.5 4185.962 4192.424 4199.167 4206.634 4214.101 4221.567 4229.034 4234.55 4239.458 4244.367 4249.276 4254.417 4260.275 4266.134 4271.992 4277.851 4285.512 4293.852 4302.191 4310.531 4319.196 4329.09 4338.984 4348.878 4358.772 4368.056 4377.067 4386.078 4395.088 4404.316 4414.584 4424.852 4435.12 4445.388 4455.761
4100.598 4100.369 4100.14 4100.025 4100.091 4100.157 4100.223 4100.288 4101.754 4103.429 4105.104 4106.778 4109.313 4113.432 4117.55 4121.668 4125.786 4130.375 4135.056 4139.737 4144.418 4149.34 4154.783 4160.225 4165.667 4171.11 4177.556 4184.254 4190.953 4197.652 4204.77 4212.963 4221.156 4229.349 4237.542 4243.383 4248.491 4253.599 4258.707 4263.993 4269.83 4275.667 4281.503 4287.34 4294.604 4302.406 4310.208 4318.009 4326.076 4335.146 4344.217 4353.288 4362.358 4371.068 4379.616 4388.164 4396.711 4405.638 4416.38 4427.121 4437.862 4448.604 4459.549
4100.289 4100.178 4100.067 4100.034 4100.121 4100.208 4100.295 4100.383 4102.245 4104.372 4106.499 4108.625 4111.657 4116.351 4121.045 4125.739 4130.433 4135.166 4139.906 4144.646 4149.387 4154.302 4159.593 4164.885 4170.177 4175.469 4182.073 4189.009 4195.944 4202.88 4210.372 4219.292 4228.211 4237.131 4246.051 4252.216 4257.523 4262.83 4268.137 4273.568 4279.384 4285.199 4291.014 4296.83 4303.697 4310.96 4318.224 4325.487 4332.956 4341.203 4349.45 4357.697 4365.944 4374.08 4382.165 4390.25 4398.335 4406.96 4418.175 4429.39 4440.605 4451.82 4463.338
4100.13 4100.094 4100.057 4100.151 4100.449 4100.747 4101.045 4101.343 4103.674 4106.307 4108.94 4111.573 4115.077 4120.181 4125.285 4130.389 4135.493 4140.281 4145.005 4149.729 4154.454 4159.342 4164.584 4169.826 4175.068 4180.311 4187.285 4194.696 4202.106 4209.518 4217.452 4226.73 4236.008 4245.287 4254.565 4260.949 4266.432 4271.915 4277.397 4283.016 4289.054 4295.091 4301.128 4307.166 4313.85 4320.777 4327.705 4334.632 4341.676 4349.162 4356.648 4364.134 4371.62 4379.044 4386.44 4393.837 4401.234 4409.263 4420.325 4431.386 4442.447 4453.508 4465.337
4100.132 4100.123 4100.114 4100.385 4101.097 4101.81 4102.522 4103.235 4106.111 4109.309 4112.507 4115.706 4119.657 4124.993 4130.328 4135.664 4140.999 4145.744 4150.371 4154.999 4159.626 4164.467 4169.769 4175.07 4180.371 4185.672 4193.243 4201.386 4209.529 4217.672 4226.123 4235.363 4244.604 4253.844 4263.084 4269.574 4275.208 4280.841 4286.475 4292.326 4298.848 4305.37 4311.892 4318.413 4325.144 4331.953 4338.762 4345.571 4352.376 4359.168 4365.959 4372.751 4379.543 4386.109 4392.575 4399.04 4405.506 4412.622 4422.854 4433.086 4443.318 4453.551 4465.411
4100.135 4100.153 4100.17 4100.619 4101.746 4102.873 4104.0 4105.126 4108.548 4112.312 4116.075 4119.838 4124.237 4129.804 4135.371 4140.938 4146.505 4151.207 4155.738 4160.269 4164.799 4169.592 4174.953 4180.313 4185.674 4191.035 4199.201 4208.076 4216.951 4225.826 4234.793 4243.996 4253.199 4262.401 4271.604 4278.2 4283.984 4289.769 4295.553 4301.636 4308.643 4315.648 4322.655 4329.661 4336.438 4343.128 4349.819 4356.51 4363.077 4369.174 4375.271 4381.369 4387.466 4393.174 4398.709 4404.243 4409.777 4415.98 4425.384 4434.787 4444.19 4453.594 4465.485
4100.138 4100.182 4100.227 4100.853 4102.394 4103.936 4105.477 4107.018 4110.986 4115.314 4119.643 4123.971 4128.817 4134.616 4140.414 4146.212 4152.01 4156.67 4161.104 4165.538 4169.972 4174.718 4180.137 4185.557 4190.977 4196.396 4205.16 4214.767 4224.374 4233.98 4243.463 4252.628 4261.793 4270.958 4280.124 4286.826 4292.761 4298.696 4304.63 4310.946 4318.437 4325.927 4333.418 4340.909 4347.732 4354.304 4360.876 4367.449 4373.777 4379.18 4384.583 4389.986 4395.389 4400.24 4404.843 4409.446 4414.049 4419.338 4427.913 4436.488 4445.063 4453.637 4465.559
4100.141 4100.212 4100.283 4101.087 4103.042 4104.999 4106.954 4108.91 4113.423 4118.316 4123.21 4128.104 4133.397 4139.427 4145.457 4151.486 4157.516 4162.133 4166.47 4170.807 4175.144 4179.843 4185.322 4190.8 4196.279 4201.758 4211.118 4221.457 4231.796 4242.135 4252.134 4261.261 4270.388 4279.516 4288.643 4295.451 4301.537 4307.623 4313.708 4320.256 4328.231 4336.206 4344.181 4352.156 4359.026 4365.479 4371.933 4378.387 4384.477 4389.186 4393.895 4398.603 4403.312 4407.305 4410.977 4414.649 4418.321 4422.697 4430.442 4438.188 4445.934 4453.68 4465.633
4100.825 4101.223 4101.621 4102.89 4105.53 4108.17 4110.811 4113.451 4118.327 4123.535 4128.743 4133.952 4139.467 4145.546 4151.625 4157.705 4163.784 4168.284 4172.47 4176.656 4180.842 4185.484 4191.11 4196.737 4202.363 4207.99 4217.278 4227.489 4237.701 4247.912 4257.787 4266.798 4275.809 4284.82 4293.832 4300.985 4307.561 4314.136 4320.711 4327.68 4335.864 4344.048 4352.233 4360.417 4367.365 4373.848 4380.331 4386.813 4392.953 4397.793 4402.632 4407.472 4412.311 4416.424 4420.211 4423.998 4427.785 4432.177 4439.467 4446.757 4454.047 4461.337 4472.817
4101.575 4102.329 4103.082 4104.844 4108.195 4111.545 4114.896 4118.247 4123.467 4128.966 4134.465 4139.964 4145.679 4151.791 4157.902 4164.014 4170.126 4174.5 4178.53 4182.56 4186.59 4191.175 4196.958 4202.74 4208.522 4214.305 4223.457 4233.458 4243.46 4253.461 4263.15 4272.038 4280.925 4289.813 4298.7 4306.222 4313.32 4320.417 4327.514 4334.922 4343.29 4351.657 4360.024 4368.392 4375.421 4381.947 4388.473 4394.999 4401.216 4406.266 4411.315 4416.364 4421.414 4425.74 4429.742 4433.745 4437.747 4442.244 4449.115 4455.985 4462.855 4469.726 4480.683
4102.326 4103.434 4104.542 4106.798 4110.859 4114.92 4118.981 4123.042 4128.608 4134.397 4140.187 4145.977 4151.891 4158.035 4164.179 4170.323 4176.467 4180.717 4184.59 4188.464 4192.338 4196.866 4202.805 4208.743 4214.682 4220.621 4229.636 4239.428 4249.219 4259.011 4268.514 4277.278 4286.041 4294.805 4303.568 4311.459 4319.079 4326.698 4334.317 4342.165 4350.715 4359.266 4367.816 4376.366 4383.477 4390.045 4396.615 4403.184 4409.479 4414.738 4419.998 4425.257 4430.516 4435.056 4439.273 4443.491 4447.709 4452.312 4458.763 4465.213 4471.664 4478.114 4488.549
4103.076 4104.539 4106.003 4108.751 4113.523 4118.295 4123.066 4127.838 4133.749 4139.829 4145.909 4151.989 4158.104 4164.28 4170.456 4176.632 4182.809 4186.933 4190.651 4194.369 4198.086 4202.557 4208.651 4214.746 4220.841 4226.936 4235.815 4245.397 4254.979 4264.56 4273.878 4282.518 4291.157 4299.797 4308.437 4316.697 4324.838 4332.979 4341.121 4349.407 4358.141 4366.874 4375.607 4384.341 4391.533 4398.145 4404.757 4411.369 4417.742 4423.211 4428.681 4434.149 4439.619 4444.372 4448.805 4453.238 4457.671 4462.38 4468.411 4474.441 4480.472 4486.502 4496.416
4105.02 4106.86 4108.701 4111.897 4117.226 4122.555 4127.884 4133.213 4139.468 4145.861 4152.253 4158.646 4164.943 4171.061 4177.179 4183.297 4189.416 4193.449 4197.07 4200.691 4204.312 4208.702 4214.756 4220.809 4226.862 4232.916 4241.553 4250.841 4260.13 4269.418 4278.514 4287.111 4295.708 4304.305 4312.902 4321.461 4330.009 4338.556 4347.103 4355.742 4364.666 4373.59 4382.514 4391.438 4398.843 4405.677 4412.511 4419.345 4425.95 4431.687 4437.423 4443.159 4448.896 4453.947 4458.691 4463.435 4468.179 4473.129 4479.063 4484.997 4490.931 4496.865 4506.333
4109.249 4111.509 4113.77 4117.325 4122.917 4128.51 4134.103 4139.695 4146.294 4153.042 4159.791 4166.539 4172.983 4178.87 4184.756 4190.643 4196.53 4200.539 4204.176 4207.813 4211.45 4215.719 4221.352 4226.985 4232.619 4238.252 4246.444 4255.281 4264.117 4272.954 4281.755 4290.465 4299.175 4307.886 4316.596 4325.321 4334.052 4342.782 4351.512 4360.34 4369.468 4378.596 4387.725 4396.853 4404.725 4412.124 4419.523 4426.922 4434.053 4440.167 4446.279 4452.393 4458.506 4464.015 4469.255 4474.494 4479.733 4485.183 4491.639 4498.095 4504.551 4511.007 4520.176
4113.478 4116.158 4118.838 4122.753 4128.609 4134.466 4140.322 4146.178 4153.12 4160.224 4167.327 4174.43 4181.023 4186.679 4192.334 4197.989 4203.645 4207.629 4211.282 4214.935 4218.588 4222.735 4227.949 4233.162 4238.376 4243.59 4251.335 4259.72 4268.104 4276.489 4284.997 4293.82 4302.643 4311.466 4320.29 4329.182 4338.095 4347.008 4355.921 4364.937 4374.27 4383.603 4392.936 4402.269 4410.607 4418.571 4426.536 4434.5 4442.157 4448.646 4455.136 4461.626 4468.116 4474.084 4479.818 4485.553 4491.288 4497.237 4504.215 4511.193 4518.171 4525.15 4534.02
4117.707 4120.807 4123.907 4128.181 4134.301 4140.421 4146.541 4152.661 4159.946 4167.405 4174.864 4182.322 4189.063 4194.487 4199.911 4205.335 4210.759 4214.719 4218.388 4222.057 4225.726 4229.751 4234.545 4239.339 4244.133 4248.927 4256.227 4264.159 4272.092 4280.024 4288.238 4297.174 4306.111 4315.047 4323.983 4333.042 4342.138 4351.234 4360.33 4369.534 4379.071 4388.609 4398.146 4407.684 4416.489 4425.018 4433.548 4442.077 4450.26 4457.126 4463.993 4470.859 4477.726 4484.153 4490.382 4496.612 4502.842 4509.291 4516.792 4524.292 4531.792 4539.292 4547.863
4121.936 4125.456 4128.976 4133.608 4139.992 4146.376 4152.76 4159.144 4166.772 4174.586 4182.4 4190.214 4197.104 4202.296 4207.489 4212.681 4217.874 4221.808 4225.494 4229.179 4232.864 4236.768 4241.142 4245.516 4249.89 4254.264 4261.118 4268.599 4276.079 4283.559 4291.479 4300.529 4309.579 4318.628 4327.677 4336.902 4346.181 4355.46 4364.739 4374.131 4383.873 4393.615 4403.357 4413.099 4422.371 4431.465 4440.56 4449.654 4458.363 4465.606 4472.85 4480.093 4487.336 4494.221 4500.946 4507.671 4514.396 4521.345 4529.368 4537.39 4545.412 4553.435 4561.707
4128.106 4131.821 4135.537 4140.378 4146.992 4153.606 4160.221 4166.835 4174.469 4182.255 4190.041 4197.827 4204.68 4209.82 4214.96 4220.101 4225.241 4229.246 4233.027 4236.807 4240.588 4244.486 4248.641 4252.795 4256.949 4261.104 4267.37 4274.169 4280.968 4287.767 4295.144 4304.002 4312.861 4321.719 4330.578 4339.794 4349.124 4358.452 4367.781 4377.325 4387.534 4397.743 4407.952 4418.161 4427.837 4437.313 4446.791 4456.267 4465.409 4473.283 4481.157 4489.031 4496.905 4504.322 4511.534 4518.746 4525.958 4533.259 4540.992 4548.724 4556.456 4564.188 4571.792
4134.845 4138.689 4142.534 4147.54 4154.375 4161.209 4168.044 4174.879 4182.42 4190.066 4197.712 4205.358 4212.121 4217.261 4222.401 4227.541 4232.681 4236.786 4240.685 4244.583 4248.482 4252.411 4256.404 4260.396 4264.389 4268.382 4274.019 4280.069 4286.12 4292.171 4298.932 4307.51 4316.088 4324.667 4333.246 4342.405 4351.744 4361.084 4370.423 4380.109 4390.861 4401.613 4412.366 4423.118 4433.182 4442.987 4452.792 4462.597 4472.146 4480.725 4489.304 4497.883 4506.462 4514.432 4522.127 4529.824 4537.52 4545.131 4552.336 4559.541 4566.746 4573.951 4580.776
4141.583 4145.557 4149.53 4154.701 4161.757 4168.813 4175.868 4182.924 4190.372 4197.877 4205.384 4212.89 4219.562 4224.702 4229.842 4234.982 4240.122 4244.325 4248.342 4252.36 4256.377 4260.336 4264.167 4267.998 4271.83 4275.661 4280.667 4285.97 4291.273 4296.576 4302.719 4311.018 4319.316 4327.615 4335.914 4345.015 4354.365 4363.715 4373.066 4382.892 4394.188 4405.484 4416.78 4428.076 4438.527 4448.66 4458.793 4468.927 4478.882 4488.167 4497.451 4506.735 4516.019 4524.541 4532.722 4540.902 4549.083 4557.004 4563.681 4570.359 4577.036 4583.713 4589.761
4148.322 4152.425 4156.527 4161.863 4169.139 4176.416 4183.692 4190.968 4198.323 4205.689 4213.055 4220.421 4227.002 4232.143 4237.282 4242.422 4247.563 4251.865 4256.0 4260.136 4264.272 4268.26 4271.93 4275.6 4279.27 4282.939 4287.316 4291.871 4296.425 4300.98 4306.507 4314.526 4322.544 4330.563 4338.583 4347.625 4356.986 4366.347 4375.708 4385.675 4397.515 4409.354 4421.194 4433.034 4443.872 4454.333 4464.795 4475.256 4485.619 4495.608 4505.598 4515.587 4525.576 4534.65 4543.315 4551.98 4560.646 4568.876 4575.026 4581.176 4587.326 4593.476 4598.746
4154.975 4159.239 4163.504 4169.003 4176.445 4183.887 4191.329 4198.771 4206.038 4213.278 4220.519 4227.759 4234.29 4239.517 4244.744 4249.971 4255.198 4259.636 4263.917 4268.199 4272.481 4276.55 4280.161 4283.771 4287.382 4290.993 4294.777 4298.606 4302.435 4306.263 4311.14 4318.703 4326.266 4333.829 4341.392 4350.27 4359.557 4368.844 4378.131 4388.146 4400.407 4412.668 4424.929 4437.19 4448.349 4459.094 4469.839 4480.583 4491.322 4502.037 4512.752 4523.467 4534.182 4543.749 4552.8 4561.852 4570.903 4579.348 4584.888 4590.428 4595.968 4601.508 4606.02
4161.292 4165.847 4170.403 4176.061 4183.454 4190.848 4198.241 4205.635 4212.834 4220.005 4227.175 4234.346 4240.981 4246.633 4252.285 4257.938 4263.589 4268.309 4272.844 4277.378 4281.913 4286.263 4290.212 4294.162 4298.112 4302.062 4305.403 4308.591 4311.779 4314.967 4319.063 4325.485 4331.907 4338.329 4344.751 4353.05 4361.934 4370.817 4379.701 4389.397 4401.604 4413.812 4426.019 4438.226 4449.449 4460.301 4471.153 4482.006 4492.998 4504.521 4516.043 4527.565 4539.088 4548.907 4557.964 4567.021 4576.078 4584.367 4588.976 4593.584 4598.193 4602.802 4606.629
4167.609 4172.455 4177.301 4183.118 4190.463 4197.809 4205.153 4212.499 4219.631 4226.731 4233.832 4240.932 4247.672 4253.75 4259.827 4265.904 4271.981 4276.982 4281.771 4286.558 4291.346 4295.976 4300.264 4304.553 4308.842 4313.13 4316.029 4318.577 4321.124 4323.672 4326.986 4332.267 4337.548 4342.829 4348.11 4355.83 4364.31 4372.79 4381.27 4390.648 4402.802 4414.955 4427.108 4439.262 4450.548 4461.508 4472.468 4483.428 4494.674 4507.004 4519.333 4531.663 4543.993 4554.066 4563.128 4572.191 4581.253 4589.386 4593.063 4596.741 4600.419 4604.097 4607.239
4173.926 4179.063 4184.2 4190.176 4197.472 4204.769 4212.065 4219.362 4226.427 4233.458 4240.488 4247.519 4254.363 4260.866 4267.368 4273.871 4280.374 4285.656 4290.697 4295.737 4300.778 4305.688 4310.315 4314.943 4319.571 4324.199 4326.654 4328.562 4330.469 4332.376 4334.91 4339.049 4343.189 4347.329 4351.469 4358.611 4366.687 4374.763 4382.839 4391.9 4404.0 4416.099 4428.198 4440.298 4451.648 4462.715 4473.783 4484.851 4496.35 4509.487 4522.625 4535.761 4548.898 4559.225 4568.292 4577.36 4586.428 4594.404 4597.151 4599.897 4602.644 4605.391 4607.849
4180.244 4185.671 4191.099 4197.233 4204.481 4211.729 4218.978 4226.226 4233.224 4240.184 4247.145 4254.105 4261.054 4267.982 4274.91 4281.837 4288.765 4294.329 4299.623 4304.917 4310.21 4315.4 4320.367 4325.334 4330.301 4335.268 4337.28 4338.547 4339.813 4341.08 4342.833 4345.832 4348.831 4351.829 4354.828 4361.391 4369.063 4376.736 4384.409 4393.151 4405.197 4417.243 4429.288 4441.334 4452.748 4463.923 4475.098 4486.273 4498.026 4511.971 4525.915 4539.859 4553.804 4564.384 4573.457 4582.53 4591.603 4599.423 4601.239 4603.054 4604.87 4606.685 4608.458
4185.061 4190.785 4196.51 4202.918 4210.402 4217.885 4225.369 4232.852 4240.057 4247.221 4254.385 4261.549 4268.678 4275.74 4282.803 4289.865 4296.927 4302.682 4308.177 4313.672 4319.167 4324.576 4329.796 4335.017 4340.238 4345.458 4347.389 4348.491 4349.592 4350.693 4352.129 4354.42 4356.712 4359.004 4361.296 4367.263 4374.375 4381.487 4388.599 4396.796 4408.347 4419.898 4431.449 4443.0 4454.19 4465.244 4476.298 4487.352 4499.062 4513.26 4527.458 4541.656 4555.854 4566.469 4575.479 4584.489 4593.499 4601.183 4602.508 4603.833 4605.158 4606.483 4607.774
4189.015 4195.042 4201.068 4207.815 4215.697 4223.578 4231.46 4239.342 4246.913 4254.437 4261.962 4269.486 4276.837 4283.867 4290.897 4297.927 4304.957 4310.85 4316.518 4322.185 4327.853 4333.443 4338.869 4344.293 4349.719 4355.144 4357.202 4358.411 4359.62 4360.829 4362.213 4364.048 4365.882 4367.716 4369.551 4374.913 4381.374 4387.834 4394.294 4401.817 4412.62 4423.423 4434.226 4445.029 4455.83 4466.631 4477.432 4488.233 4499.729 4513.863 4527.996 4542.129 4556.263 4566.788 4575.695 4584.603 4593.511 4601.068 4602.157 4603.246 4604.334 4605.422 4606.346
