data/zism_data/00236_02_D.txt
ncols         224
nrows         224
[rows 28 to 55 of 224, columns 0 to 63 of 224]
1595.111 1595.26 1595.41 1595.592 1595.811 1596.03 1596.249 1596.468 1596.755 1597.048 1597.34 1597.633 1597.84 1597.915 1597.99 1598.065 1598.14 1598.172 1598.197 1598.222 1598.247 1598.292 1598.379 1598.467 1598.554 1598.641 1598.719 1598.794 1598.869 1598.944 1599.054 1599.275 1599.495 1599.716 1599.936 1600.0 1600.0 1600.0 1600.0 1600.0 1600.0 1600.0 1600.0 1600.0 1599.976 1599.939 1599.901 1599.864 1599.812 1599.629 1599.446 1599.263 1599.08 1599.0 1599.0 1599.0 1599.0 1598.993 1598.738 1598.482 1598.227 1597.972 1597.663 1597.299
1595.494 1595.579 1595.665 1595.827 1596.078 1596.329 1596.581 1596.832 1597.152 1597.476 1597.801 1598.126 1598.34 1598.383 1598.426 1598.468 1598.511 1598.529 1598.543 1598.557 1598.572 1598.597 1598.647 1598.697 1598.746 1598.796 1598.84 1598.883 1598.925 1598.968 1599.054 1599.275 1599.495 1599.716 1599.936 1600.0 1600.0 1600.0 1600.0 1600.0 1600.0 1600.0 1600.0 1600.0 1599.986 1599.965 1599.944 1599.922 1599.883 1599.684 1599.485 1599.286 1599.087 1599.0 1599.0 1599.0 1599.0 1598.991 1598.688 1598.384 1598.081 1597.777 1597.412 1596.982
1595.878 1595.898 1595.919 1596.062 1596.345 1596.629 1596.912 1597.196 1597.548 1597.905 1598.262 1598.619 1598.841 1598.851 1598.861 1598.871 1598.882 1598.886 1598.89 1598.893 1598.896 1598.903 1598.915 1598.927 1598.939 1598.951 1598.961 1598.972 1598.982 1598.992 1599.054 1599.275 1599.495 1599.716 1599.936 1600.0 1600.0 1600.0 1600.0 1600.0 1600.0 1600.0 1600.0 1600.0 1599.997 1599.992 1599.986 1599.981 1599.955 1599.74 1599.524 1599.309 1599.094 1599.0 1599.0 1599.0 1599.0 1598.99 1598.638 1598.286 1597.934 1597.582 1597.16 1596.666
1596.235 1596.227 1596.22 1596.353 1596.646 1596.94 1597.234 1597.528 1597.846 1598.166 1598.486 1598.805 1599.009 1599.031 1599.053 1599.075 1599.097 1599.1 1599.1 1599.1 1599.1 1599.093 1599.071 1599.049 1599.027 1599.005 1599.0 1599.0 1599.0 1599.0 1599.054 1599.275 1599.495 1599.716 1599.936 1600.0 1600.0 1600.0 1600.0 1600.0 1600.0 1600.0 1600.0 1600.0 1600.0 1600.0 1600.0 1600.0 1599.981 1599.794 1599.606 1599.419 1599.231 1599.133 1599.104 1599.074 1599.045 1599.006 1598.635 1598.264 1597.893 1597.521 1597.053 1596.483
1596.58 1596.561 1596.543 1596.67 1596.964 1597.258 1597.552 1597.846 1598.099 1598.348 1598.598 1598.848 1599.021 1599.076 1599.13 1599.184 1599.238 1599.246 1599.246 1599.246 1599.246 1599.229 1599.175 1599.12 1599.066 1599.012 1599.0 1599.0 1599.0 1599.0 1599.054 1599.275 1599.495 1599.716 1599.936 1600.0 1600.0 1600.0 1600.0 1600.0 1600.0 1600.0 1600.0 1600.0 1600.0 1600.0 1600.0 1600.0 1599.986 1599.847 1599.708 1599.569 1599.43 1599.328 1599.256 1599.184 1599.111 1599.03 1598.654 1598.277 1597.901 1597.524 1597.013 1596.363
1596.924 1596.895 1596.867 1596.987 1597.281 1597.575 1597.869 1598.163 1598.351 1598.531 1598.711 1598.891 1599.034 1599.12 1599.207 1599.294 1599.38 1599.393 1599.393 1599.393 1599.393 1599.365 1599.279 1599.192 1599.105 1599.019 1599.0 1599.0 1599.0 1599.0 1599.054 1599.275 1599.495 1599.716 1599.936 1600.0 1600.0 1600.0 1600.0 1600.0 1600.0 1600.0 1600.0 1600.0 1600.0 1600.0 1600.0 1600.0 1599.991 1599.9 1599.81 1599.719 1599.629 1599.524 1599.408 1599.293 1599.178 1599.054 1598.672 1598.291 1597.909 1597.527 1596.973 1596.242
1597.269 1597.229 1597.19 1597.305 1597.599 1597.893 1598.187 1598.48 1598.604 1598.714 1598.823 1598.933 1599.047 1599.165 1599.284 1599.403 1599.522 1599.539 1599.539 1599.539 1599.539 1599.501 1599.383 1599.264 1599.145 1599.026 1599.0 1599.0 1599.0 1599.0 1599.054 1599.275 1599.495 1599.716 1599.936 1600.0 1600.0 1600.0 1600.0 1600.0 1600.0 1600.0 1600.0 1600.0 1600.0 1600.0 1600.0 1600.0 1599.996 1599.954 1599.911 1599.869 1599.827 1599.719 1599.561 1599.402 1599.244 1599.079 1598.691 1598.304 1597.917 1597.53 1596.933 1596.122
1597.607 1597.558 1597.509 1597.617 1597.906 1598.195 1598.484 1598.773 1598.842 1598.894 1598.945 1598.997 1599.084 1599.227 1599.37 1599.513 1599.656 1599.676 1599.676 1599.676 1599.676 1599.631 1599.488 1599.345 1599.203 1599.06 1599.029 1599.029 1599.029 1599.029 1599.081 1599.296 1599.51 1599.724 1599.938 1600.0 1600.0 1600.0 1600.0 1600.0 1600.0 1600.0 1600.0 1600.0 1600.0 1600.0 1600.0 1600.0 1600.0 1599.998 1599.996 1599.993 1599.991 1599.878 1599.679 1599.481 1599.282 1599.077 1598.682 1598.286 1597.891 1597.496 1596.863 1595.985
1597.9 1597.851 1597.802 1597.892 1598.144 1598.395 1598.646 1598.898 1598.984 1599.057 1599.13 1599.204 1599.292 1599.402 1599.513 1599.623 1599.734 1599.75 1599.75 1599.75 1599.75 1599.714 1599.604 1599.493 1599.383 1599.272 1599.248 1599.248 1599.248 1599.248 1599.289 1599.455 1599.621 1599.786 1599.952 1600.0 1600.0 1600.0 1600.0 1600.0 1600.0 1600.0 1600.0 1600.0 1600.0 1600.0 1600.0 1600.0 1599.998 1599.98 1599.962 1599.943 1599.925 1599.793 1599.572 1599.352 1599.132 1598.906 1598.483 1598.061 1597.639 1597.216 1596.586 1595.74
1598.193 1598.144 1598.095 1598.168 1598.381 1598.595 1598.809 1599.022 1599.126 1599.221 1599.316 1599.41 1599.499 1599.577 1599.655 1599.733 1599.811 1599.823 1599.823 1599.823 1599.823 1599.798 1599.72 1599.641 1599.563 1599.485 1599.468 1599.468 1599.468 1599.468 1599.497 1599.614 1599.732 1599.849 1599.966 1600.0 1600.0 1600.0 1600.0 1600.0 1600.0 1600.0 1600.0 1600.0 1600.0 1600.0 1600.0 1600.0 1599.996 1599.962 1599.928 1599.893 1599.859 1599.707 1599.465 1599.224 1598.982 1598.734 1598.285 1597.835 1597.386 1596.937 1596.308 1595.495
1598.486 1598.437 1598.388 1598.443 1598.619 1598.795 1598.971 1599.147 1599.268 1599.384 1599.501 1599.617 1599.706 1599.752 1599.798 1599.844 1599.889 1599.896 1599.896 1599.896 1599.896 1599.881 1599.835 1599.79 1599.744 1599.698 1599.688 1599.688 1599.688 1599.688 1599.705 1599.774 1599.842 1599.911 1599.98 1600.0 1600.0 1600.0 1600.0 1600.0 1600.0 1600.0 1600.0 1600.0 1600.0 1600.0 1600.0 1600.0 1599.995 1599.944 1599.894 1599.843 1599.793 1599.622 1599.359 1599.095 1598.832 1598.562 1598.086 1597.61 1597.134 1596.658 1596.031 1595.251
1598.779 1598.73 1598.681 1598.719 1598.857 1598.995 1599.134 1599.272 1599.41 1599.548 1599.686 1599.824 1599.913 1599.927 1599.94 1599.954 1599.967 1599.969 1599.969 1599.969 1599.969 1599.965 1599.951 1599.938 1599.924 1599.911 1599.908 1599.908 1599.908 1599.908 1599.913 1599.933 1599.953 1599.974 1599.994 1600.0 1600.0 1600.0 1600.0 1600.0 1600.0 1600.0 1600.0 1600.0 1600.0 1600.0 1600.0 1600.0 1599.993 1599.927 1599.86 1599.793 1599.727 1599.536 1599.252 1598.967 1598.682 1598.391 1597.888 1597.385 1596.881 1596.378 1595.754 1595.006
1599.042 1598.999 1598.956 1598.983 1599.09 1599.197 1599.304 1599.41 1599.537 1599.665 1599.794 1599.922 1600.0 1600.0 1600.0 1600.0 1600.0 1600.0 1600.0 1600.0 1600.0 1600.0 1600.0 1600.0 1600.0 1600.0 1600.0 1600.0 1600.0 1600.0 1600.0 1600.0 1600.0 1600.0 1600.0 1600.0 1600.0 1600.0 1600.0 1600.0 1600.0 1600.0 1600.0 1600.0 1600.0 1600.0 1600.0 1600.0 1599.991 1599.898 1599.806 1599.714 1599.622 1599.41 1599.107 1598.804 1598.5 1598.191 1597.657 1597.124 1596.591 1596.058 1595.426 1594.691
1599.283 1599.251 1599.219 1599.239 1599.319 1599.399 1599.479 1599.559 1599.654 1599.75 1599.846 1599.942 1600.0 1600.0 1600.0 1600.0 1600.0 1600.0 1600.0 1600.0 1600.0 1600.0 1600.0 1600.0 1600.0 1600.0 1600.0 1600.0 1600.0 1600.0 1600.0 1600.0 1600.0 1600.0 1600.0 1600.0 1600.0 1600.0 1600.0 1600.0 1600.0 1600.0 1600.0 1600.0 1600.0 1600.0 1600.0 1600.0 1599.987 1599.863 1599.738 1599.614 1599.489 1599.255 1598.935 1598.616 1598.296 1597.97 1597.404 1596.839 1596.274 1595.708 1595.059 1594.325
1599.524 1599.503 1599.482 1599.495 1599.548 1599.601 1599.654 1599.707 1599.77 1599.834 1599.898 1599.961 1600.0 1600.0 1600.0 1600.0 1600.0 1600.0 1600.0 1600.0 1600.0 1600.0 1600.0 1600.0 1600.0 1600.0 1600.0 1600.0 1600.0 1600.0 1600.0 1600.0 1600.0 1600.0 1600.0 1600.0 1600.0 1600.0 1600.0 1600.0 1600.0 1600.0 1600.0 1600.0 1600.0 1600.0 1600.0 1600.0 1599.984 1599.827 1599.671 1599.514 1599.357 1599.099 1598.764 1598.428 1598.092 1597.749 1597.151 1596.554 1595.956 1595.358 1594.693 1593.958
1599.766 1599.755 1599.745 1599.751 1599.777 1599.804 1599.83 1599.856 1599.887 1599.918 1599.95 1599.981 1600.0 1600.0 1600.0 1600.0 1600.0 1600.0 1600.0 1600.0 1600.0 1600.0 1600.0 1600.0 1600.0 1600.0 1600.0 1600.0 1600.0 1600.0 1600.0 1600.0 1600.0 1600.0 1600.0 1600.0 1600.0 1600.0 1600.0 1600.0 1600.0 1600.0 1600.0 1600.0 1600.0 1600.0 1600.0 1600.0 1599.981 1599.792 1599.603 1599.414 1599.224 1598.943 1598.592 1598.24 1597.888 1597.528 1596.898 1596.268 1595.638 1595.008 1594.327 1593.592
1600.002 1600.001 1600.0 1600.0 1600.0 1600.0 1600.0 1600.0 1600.0 1600.0 1600.0 1600.0 1600.0 1600.0 1600.0 1600.0 1600.0 1600.0 1600.0 1600.0 1600.0 1600.0 1600.0 1600.0 1600.0 1600.0 1600.0 1600.0 1600.0 1600.0 1600.0 1600.0 1600.0 1600.0 1600.0 1599.999 1599.998 1599.996 1599.995 1599.994 1599.994 1599.994 1599.994 1599.994 1599.994 1599.995 1599.996 1599.996 1599.975 1599.755 1599.535 1599.315 1599.096 1598.793 1598.426 1598.06 1597.693 1597.318 1596.657 1595.995 1595.333 1594.672 1593.973 1593.236
1600.084 1600.051 1600.018 1600.0 1600.0 1600.0 1600.0 1600.0 1600.0 1600.0 1600.0 1600.0 1600.0 1600.0 1600.0 1600.0 1600.0 1600.0 1600.0 1600.0 1600.0 1600.0 1600.0 1600.0 1600.0 1600.0 1600.0 1600.0 1600.0 1600.0 1600.0 1600.0 1600.0 1600.0 1600.0 1599.965 1599.915 1599.865 1599.815 1599.774 1599.774 1599.774 1599.774 1599.774 1599.792 1599.819 1599.847 1599.875 1599.879 1599.681 1599.483 1599.285 1599.086 1598.811 1598.477 1598.143 1597.809 1597.465 1596.792 1596.12 1595.447 1594.775 1594.036 1593.229
1600.166 1600.101 1600.035 1600.0 1600.0 1600.0 1600.0 1600.0 1600.0 1600.0 1600.0 1600.0 1600.0 1600.0 1600.0 1600.0 1600.0 1600.0 1600.0 1600.0 1600.0 1600.0 1600.0 1600.0 1600.0 1600.0 1600.0 1600.0 1600.0 1600.0 1600.0 1600.0 1600.0 1600.0 1600.0 1599.93 1599.832 1599.734 1599.635 1599.554 1599.554 1599.554 1599.554 1599.554 1599.589 1599.644 1599.698 1599.753 1599.784 1599.607 1599.43 1599.254 1599.077 1598.829 1598.527 1598.226 1597.924 1597.611 1596.928 1596.244 1595.561 1594.878 1594.099 1593.223
1600.248 1600.15 1600.052 1600.0 1600.0 1600.0 1600.0 1600.0 1600.0 1600.0 1600.0 1600.0 1600.0 1600.0 1600.0 1600.0 1600.0 1600.0 1600.0 1600.0 1600.0 1600.0 1600.0 1600.0 1600.0 1600.0 1600.0 1600.0 1600.0 1600.0 1600.0 1600.0 1600.0 1600.0 1600.0 1599.896 1599.749 1599.602 1599.456 1599.334 1599.334 1599.334 1599.334 1599.334 1599.386 1599.468 1599.549 1599.631 1599.688 1599.533 1599.378 1599.223 1599.068 1598.848 1598.578 1598.308 1598.039 1597.757 1597.063 1596.369 1595.675 1594.981 1594.163 1593.216
1600.33 1600.2 1600.07 1600.0 1600.0 1600.0 1600.0 1600.0 1600.0 1600.0 1600.0 1600.0 1600.0 1600.0 1600.0 1600.0 1600.0 1600.0 1600.0 1600.0 1600.0 1600.0 1600.0 1600.0 1600.0 1600.0 1600.0 1600.0 1600.0 1600.0 1600.0 1600.0 1600.0 1600.0 1600.0 1599.861 1599.666 1599.471 1599.276 1599.115 1599.115 1599.115 1599.115 1599.115 1599.184 1599.292 1599.401 1599.509 1599.593 1599.459 1599.326 1599.192 1599.058 1598.866 1598.629 1598.391 1598.154 1597.903 1597.198 1596.494 1595.789 1595.084 1594.226 1593.209
1600.392 1600.238 1600.083 1600.0 1600.0 1600.0 1600.0 1600.0 1599.993 1599.985 1599.977 1599.97 1599.967 1599.972 1599.977 1599.982 1599.988 1599.99 1599.993 1599.996 1599.998 1600.0 1600.0 1600.0 1600.0 1600.0 1600.0 1600.0 1600.0 1600.0 1600.0 1600.0 1600.0 1600.0 1600.0 1599.844 1599.623 1599.403 1599.182 1599.0 1599.0 1599.0 1599.0 1599.0 1599.07 1599.179 1599.289 1599.399 1599.486 1599.376 1599.267 1599.157 1599.048 1598.872 1598.647 1598.421 1598.196 1597.956 1597.251 1596.546 1595.841 1595.135 1594.259 1593.205
1600.433 1600.262 1600.092 1600.0 1600.0 1600.0 1600.0 1600.0 1599.978 1599.954 1599.93 1599.906 1599.898 1599.914 1599.93 1599.946 1599.962 1599.971 1599.979 1599.987 1599.995 1600.0 1600.0 1600.0 1600.0 1600.0 1600.0 1600.0 1600.0 1600.0 1600.0 1600.0 1600.0 1600.0 1600.0 1599.844 1599.623 1599.403 1599.182 1599.0 1599.0 1599.0 1599.0 1599.0 1599.053 1599.135 1599.218 1599.301 1599.367 1599.284 1599.201 1599.119 1599.036 1598.866 1598.63 1598.394 1598.157 1597.908 1597.213 1596.519 1595.824 1595.13 1594.259 1593.205
1600.474 1600.287 1600.1 1600.0 1600.0 1600.0 1600.0 1600.0 1599.963 1599.923 1599.883 1599.843 1599.829 1599.856 1599.882 1599.909 1599.936 1599.951 1599.964 1599.978 1599.991 1600.0 1600.0 1600.0 1600.0 1600.0 1600.0 1600.0 1600.0 1600.0 1600.0 1600.0 1600.0 1600.0 1600.0 1599.844 1599.623 1599.403 1599.182 1599.0 1599.0 1599.0 1599.0 1599.0 1599.036 1599.091 1599.147 1599.203 1599.247 1599.192 1599.136 1599.08 1599.024 1598.86 1598.613 1598.366 1598.119 1597.859 1597.176 1596.492 1595.808 1595.125 1594.259 1593.205
1600.515 1600.312 1600.109 1600.0 1600.0 1600.0 1600.0 1600.0 1599.948 1599.892 1599.836 1599.779 1599.76 1599.797 1599.835 1599.872 1599.91 1599.931 1599.95 1599.969 1599.987 1600.0 1600.0 1600.0 1600.0 1600.0 1600.0 1600.0 1600.0 1600.0 1600.0 1600.0 1600.0 1600.0 1600.0 1599.844 1599.623 1599.403 1599.182 1599.0 1599.0 1599.0 1599.0 1599.0 1599.018 1599.047 1599.076 1599.105 1599.128 1599.099 1599.07 1599.041 1599.013 1598.854 1598.596 1598.339 1598.081 1597.811 1597.138 1596.465 1595.792 1595.119 1594.259 1593.205
1600.556 1600.337 1600.118 1600.0 1600.0 1600.0 1600.0 1600.0 1599.933 1599.861 1599.788 1599.716 1599.691 1599.739 1599.787 1599.835 1599.884 1599.911 1599.935 1599.959 1599.984 1600.0 1600.0 1600.0 1600.0 1600.0 1600.0 1600.0 1600.0 1600.0 1600.0 1600.0 1600.0 1600.0 1600.0 1599.844 1599.623 1599.403 1599.182 1599.0 1599.0 1599.0 1599.0 1599.0 1599.001 1599.003 1599.005 1599.007 1599.009 1599.007 1599.005 1599.003 1599.001 1598.848 1598.579 1598.311 1598.042 1597.762 1597.1 1596.438 1595.776 1595.114 1594.259 1593.205
1600.559 1600.339 1600.118 1599.993 1599.978 1599.963 1599.948 1599.933 1599.85 1599.762 1599.673 1599.585 1599.546 1599.585 1599.624 1599.663 1599.702 1599.737 1599.772 1599.806 1599.841 1599.874 1599.904 1599.934 1599.964 1599.994 1600.0 1600.0 1600.0 1600.0 1600.0 1600.0 1600.0 1600.0 1600.0 1599.875 1599.7 1599.524 1599.349 1599.196 1599.151 1599.106 1599.061 1599.016 1598.971 1598.926 1598.881 1598.837 1598.792 1598.747 1598.702 1598.657 1598.612 1598.429 1598.139 1597.85 1597.561 1597.26 1596.599 1595.938 1595.276 1594.615 1593.792 1592.804
1600.559 1600.339 1600.118 1599.986 1599.954 1599.923 1599.892 1599.861 1599.762 1599.657 1599.553 1599.448 1599.395 1599.424 1599.452 1599.48 1599.508 1599.551 1599.596 1599.642 1599.687 1599.737 1599.8 1599.862 1599.924 1599.986 1600.0 1600.0 1600.0 1600.0 1600.0 1600.0 1600.0 1600.0 1600.0 1599.91 1599.783 1599.656 1599.529 1599.407 1599.314 1599.221 1599.127 1599.034 1598.94 1598.847 1598.754 1598.66 1598.567 1598.474 1598.38 1598.287 1598.193 1597.977 1597.666 1597.355 1597.044 1596.723 1596.062 1595.401 1594.739 1594.078 1593.29 1592.371
