data/zism_data/00248_04_D.txt
ncols         224
nrows         224
[rows 56 to 83 of 224, columns 0 to 62 of 224]
2647.106 2627.088 2607.069 2587.346 2567.983 2548.621 2529.259 2509.896 2493.135 2476.666 2460.198 2443.729 2429.447 2419.262 2409.077 2398.892 2388.707 2380.11 2371.918 2363.725 2355.532 2348.202 2343.509 2338.816 2334.123 2329.429 2323.848 2317.879 2311.909 2305.939 2300.547 2298.56 2296.573 2294.587 2292.6 2286.692 2278.105 2269.519 2260.932 2252.106 2237.998 2223.89 2209.782 2195.675 2181.89 2168.436 2154.982 2141.529 2128.075 2111.638 2095.018 2078.398 2061.778 2044.802 2027.273 2009.744 1992.215 1974.686 1959.864 1945.556 1931.248 1916.94 1906.542
2632.211 2611.179 2590.146 2570.007 2550.96 2531.915 2512.869 2493.823 2478.352 2463.284 2448.216 2433.147 2420.702 2413.173 2405.644 2398.115 2390.586 2383.913 2377.459 2371.005 2364.551 2358.868 2355.549 2352.229 2348.909 2345.59 2340.609 2334.903 2329.196 2323.489 2318.302 2316.175 2314.049 2311.923 2309.796 2303.79 2295.134 2286.478 2277.821 2268.917 2254.551 2240.187 2225.821 2211.456 2197.281 2183.302 2169.322 2155.342 2141.363 2125.128 2108.755 2092.382 2076.008 2059.025 2041.094 2023.163 2005.231 1987.3 1970.556 1954.037 1937.518 1921.0 1908.431
2619.383 2598.586 2577.789 2558.472 2540.969 2523.467 2505.964 2488.462 2474.973 2461.936 2448.9 2435.864 2425.281 2419.298 2413.315 2407.333 2401.35 2395.432 2389.53 2383.628 2377.726 2372.492 2369.301 2366.11 2362.919 2359.728 2354.998 2349.594 2344.191 2338.788 2333.783 2331.125 2328.467 2325.808 2323.15 2316.796 2307.916 2299.037 2290.157 2281.044 2266.782 2252.52 2238.258 2223.997 2209.666 2195.264 2180.863 2166.461 2152.06 2135.952 2119.74 2103.528 2087.316 2070.52 2052.818 2035.115 2017.413 1999.711 1982.221 1964.773 1947.325 1929.877 1916.042
2606.948 2586.623 2566.298 2548.039 2532.312 2516.585 2500.858 2485.132 2473.756 2462.871 2451.986 2441.101 2432.386 2427.74 2423.093 2418.447 2413.8 2408.414 2402.839 2397.264 2391.689 2386.675 2383.377 2380.079 2376.78 2373.482 2368.936 2363.844 2358.752 2353.66 2348.833 2345.568 2342.304 2339.04 2335.775 2329.025 2319.893 2310.762 2301.63 2292.283 2278.192 2264.103 2250.012 2235.922 2221.48 2206.676 2191.873 2177.068 2162.264 2146.27 2130.203 2114.135 2098.068 2081.497 2064.144 2046.79 2029.436 2012.083 1994.072 1975.937 1957.802 1939.667 1924.738
2594.512 2574.659 2554.806 2537.605 2523.654 2509.704 2495.752 2481.802 2472.539 2463.806 2455.073 2446.339 2439.492 2436.181 2432.871 2429.56 2426.25 2421.396 2416.148 2410.9 2405.653 2400.859 2397.454 2394.048 2390.642 2387.237 2382.875 2378.094 2373.313 2368.532 2363.883 2360.012 2356.142 2352.271 2348.4 2341.254 2331.87 2322.487 2313.103 2303.522 2289.603 2275.685 2261.766 2247.848 2233.294 2218.088 2202.882 2187.676 2172.469 2156.588 2140.666 2124.743 2108.821 2092.475 2075.47 2058.465 2041.46 2024.455 2005.923 1987.101 1968.279 1949.457 1933.434
2582.076 2562.696 2543.314 2527.171 2514.996 2502.822 2490.646 2478.472 2471.323 2464.741 2458.159 2451.577 2446.597 2444.623 2442.649 2440.674 2438.7 2434.377 2429.457 2424.537 2419.616 2415.043 2411.53 2408.017 2404.504 2400.991 2396.813 2392.344 2387.874 2383.404 2378.934 2374.457 2369.98 2365.503 2361.026 2353.483 2343.847 2334.212 2324.575 2314.761 2301.014 2287.267 2273.52 2259.774 2245.109 2229.5 2213.892 2198.283 2182.675 2166.906 2151.129 2135.351 2119.574 2103.452 2086.796 2070.14 2053.484 2036.828 2017.773 1998.265 1978.756 1959.248 1942.13
2575.854 2557.37 2538.886 2523.964 2513.407 2502.852 2492.296 2481.74 2476.288 2471.413 2466.538 2461.662 2458.048 2456.797 2455.546 2454.294 2453.043 2449.049 2444.357 2439.664 2434.972 2430.506 2426.735 2422.964 2419.193 2415.422 2411.154 2406.669 2402.184 2397.699 2393.103 2387.848 2382.594 2377.34 2372.085 2364.094 2354.234 2344.374 2334.514 2324.49 2310.861 2297.231 2283.601 2269.972 2255.303 2239.566 2223.829 2208.091 2192.354 2176.845 2161.351 2145.856 2130.362 2114.573 2098.327 2082.08 2065.833 2049.587 2030.3 2010.438 1990.575 1970.713 1952.782
2584.855 2568.308 2551.761 2538.46 2529.138 2519.816 2510.494 2501.172 2496.4 2492.142 2487.884 2483.625 2480.143 2478.114 2476.084 2474.055 2472.026 2467.861 2463.153 2458.444 2453.736 2449.103 2444.705 2440.306 2435.907 2431.508 2426.482 2421.181 2415.881 2410.58 2405.113 2398.662 2392.211 2385.76 2379.31 2370.741 2360.725 2350.71 2340.694 2330.521 2316.875 2303.229 2289.583 2275.938 2261.528 2246.333 2231.137 2215.942 2200.746 2185.855 2170.983 2156.111 2141.24 2126.048 2110.359 2094.671 2078.982 2063.293 2044.484 2025.083 2005.681 1986.28 1968.226
2593.856 2579.247 2564.636 2552.957 2544.868 2536.781 2528.693 2520.605 2516.512 2512.871 2509.23 2505.589 2502.238 2499.43 2496.624 2493.816 2491.009 2486.674 2481.949 2477.224 2472.5 2467.7 2462.674 2457.647 2452.621 2447.594 2441.81 2435.694 2429.578 2423.461 2417.123 2409.476 2401.829 2394.181 2386.534 2377.387 2367.216 2357.045 2346.874 2336.551 2322.889 2309.227 2295.565 2281.904 2267.753 2253.099 2238.446 2223.792 2209.139 2194.865 2180.616 2166.366 2152.116 2137.522 2122.391 2107.261 2092.13 2077.0 2058.667 2039.727 2020.787 2001.848 1983.67
2602.858 2590.185 2577.511 2567.453 2560.599 2553.745 2546.891 2540.037 2536.625 2533.6 2530.576 2527.552 2524.333 2520.748 2517.162 2513.577 2509.992 2505.486 2500.745 2496.004 2491.263 2486.298 2480.643 2474.989 2469.335 2463.681 2457.138 2450.206 2443.274 2436.342 2429.134 2420.29 2411.446 2402.602 2393.759 2384.034 2373.707 2363.38 2353.053 2342.581 2328.903 2315.225 2301.547 2287.869 2273.978 2259.866 2245.754 2231.642 2217.531 2203.875 2190.248 2176.621 2162.993 2148.996 2134.424 2119.851 2105.278 2090.706 2072.85 2054.372 2035.893 2017.415 1999.115
2611.859 2601.123 2590.387 2581.949 2576.33 2570.71 2565.09 2559.47 2556.737 2554.329 2551.922 2549.515 2546.428 2542.064 2537.701 2533.338 2528.975 2524.298 2519.541 2514.784 2510.027 2504.895 2498.613 2492.331 2486.049 2479.767 2472.466 2464.718 2456.971 2449.223 2441.144 2431.104 2421.063 2411.023 2400.983 2390.68 2380.198 2369.716 2359.233 2348.611 2334.917 2321.223 2307.529 2293.835 2280.202 2266.633 2253.063 2239.493 2225.923 2212.885 2199.88 2186.875 2173.87 2160.47 2146.456 2132.441 2118.427 2104.412 2087.033 2069.016 2050.999 2032.982 2014.559
2625.577 2616.457 2607.337 2600.06 2595.044 2590.027 2585.011 2579.994 2576.886 2573.994 2571.101 2568.208 2564.53 2559.376 2554.223 2549.07 2543.917 2538.562 2533.154 2527.747 2522.339 2516.538 2509.533 2502.529 2495.523 2488.519 2480.576 2472.223 2463.871 2455.518 2446.817 2436.06 2425.303 2414.547 2403.79 2393.132 2382.542 2371.951 2361.36 2350.652 2337.334 2324.017 2310.699 2297.382 2284.242 2271.286 2258.329 2245.373 2232.416 2219.638 2206.871 2194.103 2181.336 2168.276 2154.76 2141.244 2127.728 2114.212 2097.573 2080.343 2063.112 2045.882 2027.986
2640.96 2633.343 2625.724 2619.446 2614.811 2610.175 2605.539 2600.904 2597.049 2593.281 2589.515 2585.747 2581.222 2575.275 2569.328 2563.381 2557.434 2551.219 2544.938 2538.656 2532.374 2525.727 2517.966 2510.205 2502.443 2494.682 2486.14 2477.256 2468.372 2459.488 2450.253 2438.949 2427.646 2416.341 2405.038 2394.104 2383.422 2372.74 2362.058 2351.284 2338.482 2325.68 2312.877 2300.075 2287.511 2275.193 2262.875 2250.557 2238.239 2225.593 2212.928 2200.263 2187.598 2174.786 2161.748 2148.709 2135.67 2122.632 2106.827 2090.499 2074.169 2057.841 2040.7
2656.344 2650.228 2644.112 2638.833 2634.578 2630.323 2626.068 2621.814 2617.211 2612.57 2607.928 2603.287 2597.915 2591.174 2584.432 2577.691 2570.95 2563.878 2556.721 2549.565 2542.408 2534.917 2526.398 2517.881 2509.363 2500.845 2491.703 2482.288 2472.873 2463.458 2453.69 2441.838 2429.988 2418.136 2406.285 2395.075 2384.302 2373.529 2362.756 2351.917 2339.63 2327.343 2315.055 2302.768 2290.78 2279.101 2267.421 2255.741 2244.062 2231.549 2218.986 2206.422 2193.859 2181.296 2168.736 2156.175 2143.614 2131.053 2116.082 2100.654 2085.226 2069.799 2053.416
2671.727 2667.114 2662.5 2658.219 2654.345 2650.471 2646.597 2642.724 2637.374 2631.858 2626.342 2620.826 2614.608 2607.072 2599.537 2592.001 2584.466 2576.536 2568.505 2560.474 2552.443 2544.106 2534.831 2525.557 2516.282 2507.008 2497.267 2487.32 2477.374 2467.428 2457.126 2444.728 2432.33 2419.931 2407.532 2396.046 2385.182 2374.318 2363.453 2352.55 2340.778 2329.006 2317.233 2305.461 2294.049 2283.008 2271.967 2260.925 2249.884 2237.505 2225.044 2212.582 2200.121 2187.807 2175.724 2163.64 2151.557 2139.473 2125.336 2110.81 2096.283 2081.757 2066.131
2684.873 2681.617 2678.36 2675.003 2671.522 2668.041 2664.56 2661.08 2655.07 2648.774 2642.479 2636.183 2629.201 2620.932 2612.663 2604.394 2596.126 2587.363 2578.475 2569.587 2560.698 2551.529 2541.501 2531.474 2521.446 2511.418 2501.058 2490.552 2480.047 2469.541 2458.7 2445.886 2433.072 2420.257 2407.443 2395.801 2384.957 2374.114 2363.271 2352.41 2341.162 2329.914 2318.666 2307.418 2296.546 2286.062 2275.577 2265.092 2254.608 2242.401 2230.09 2217.777 2205.466 2193.409 2181.752 2170.095 2158.437 2146.78 2133.346 2119.577 2105.807 2092.038 2077.105
2688.384 2685.857 2683.33 2680.574 2677.539 2674.504 2671.468 2668.433 2662.135 2655.469 2648.803 2642.138 2634.75 2626.009 2617.268 2608.527 2599.786 2590.304 2580.632 2570.96 2561.289 2551.347 2540.579 2529.811 2519.042 2508.274 2497.215 2486.027 2474.84 2463.653 2452.252 2439.588 2426.924 2414.26 2401.596 2390.313 2379.974 2369.636 2359.297 2348.943 2338.258 2327.574 2316.889 2306.205 2295.719 2285.438 2275.158 2264.877 2254.596 2242.735 2230.777 2218.819 2206.862 2195.101 2183.647 2172.194 2160.74 2149.286 2135.999 2122.364 2108.728 2095.093 2080.58
2691.894 2690.097 2688.3 2686.146 2683.556 2680.966 2678.376 2675.786 2669.201 2662.165 2655.129 2648.093 2640.299 2631.086 2621.873 2612.66 2603.447 2593.244 2582.789 2572.334 2561.879 2551.165 2539.656 2528.147 2516.638 2505.13 2493.371 2481.502 2469.634 2457.765 2445.803 2433.289 2420.776 2408.262 2395.748 2384.826 2374.992 2365.157 2355.323 2345.476 2335.354 2325.234 2315.112 2304.991 2294.892 2284.815 2274.738 2264.661 2254.584 2243.069 2231.465 2219.861 2208.258 2196.792 2185.542 2174.293 2163.043 2151.793 2138.651 2125.15 2111.648 2098.147 2084.054
2695.405 2694.337 2693.27 2691.718 2689.573 2687.428 2685.284 2683.139 2676.266 2668.86 2661.454 2654.048 2645.849 2636.163 2626.478 2616.793 2607.107 2596.185 2584.946 2573.708 2562.469 2550.982 2538.733 2526.484 2514.235 2501.986 2489.528 2476.978 2464.428 2451.877 2439.355 2426.991 2414.627 2402.264 2389.9 2379.339 2370.009 2360.679 2351.349 2342.009 2332.451 2322.893 2313.335 2303.778 2294.064 2284.191 2274.319 2264.445 2254.572 2243.402 2232.153 2220.903 2209.654 2198.483 2187.438 2176.392 2165.346 2154.3 2141.303 2127.936 2114.569 2101.202 2087.529
2698.915 2698.577 2698.24 2697.29 2695.591 2693.891 2692.191 2690.492 2683.332 2675.555 2667.779 2660.002 2651.398 2641.24 2631.083 2620.926 2610.768 2599.125 2587.103 2575.082 2563.06 2550.8 2537.81 2524.821 2511.831 2498.842 2485.685 2472.453 2459.221 2445.99 2432.906 2420.693 2408.479 2396.266 2384.053 2373.852 2365.026 2356.201 2347.375 2338.542 2329.547 2320.553 2311.558 2302.564 2293.237 2283.568 2273.899 2264.23 2254.561 2243.736 2232.841 2221.945 2211.05 2200.175 2189.333 2178.491 2167.649 2156.807 2143.955 2130.722 2117.489 2104.256 2091.004
2700.106 2700.016 2699.925 2699.063 2697.254 2695.446 2693.637 2691.829 2684.255 2676.029 2667.804 2659.578 2650.564 2640.072 2629.579 2619.086 2608.593 2596.391 2583.754 2571.116 2558.479 2545.57 2531.83 2518.09 2504.35 2490.61 2477.078 2463.637 2450.197 2436.756 2423.576 2411.933 2400.291 2388.649 2377.007 2367.289 2358.885 2350.482 2342.078 2333.659 2324.896 2316.133 2307.37 2298.607 2289.409 2279.762 2270.116 2260.469 2250.823 2239.817 2228.728 2217.639 2206.551 2195.487 2184.462 2173.438 2162.413 2151.388 2138.827 2125.974 2113.122 2100.269 2087.58
2699.979 2699.862 2699.745 2698.677 2696.445 2694.212 2691.98 2689.748 2681.687 2672.968 2664.249 2655.53 2646.104 2635.354 2624.604 2613.853 2603.103 2590.434 2577.276 2564.118 2550.96 2537.473 2522.976 2508.48 2493.983 2479.487 2465.766 2452.384 2439.002 2425.62 2412.608 2401.776 2390.944 2380.112 2369.28 2360.114 2352.086 2344.058 2336.03 2327.972 2319.251 2310.532 2301.812 2293.092 2283.875 2274.148 2264.422 2254.694 2244.967 2233.482 2221.889 2210.296 2198.703 2187.174 2175.747 2164.32 2152.893 2141.466 2129.278 2116.946 2104.614 2092.282 2080.236
2699.852 2699.708 2699.564 2698.292 2695.635 2692.979 2690.323 2687.666 2679.119 2669.906 2660.694 2651.481 2641.644 2630.636 2619.628 2608.62 2597.613 2584.477 2570.798 2557.12 2543.442 2529.376 2514.122 2498.869 2483.616 2468.363 2454.453 2441.13 2427.808 2414.485 2401.641 2391.619 2381.597 2371.575 2361.553 2352.939 2345.286 2337.634 2329.981 2322.284 2313.607 2304.93 2296.253 2287.576 2278.342 2268.535 2258.727 2248.919 2239.112 2227.147 2215.05 2202.952 2190.855 2178.862 2167.032 2155.203 2143.373 2131.544 2119.729 2107.918 2096.106 2084.294 2072.892
2699.725 2699.554 2699.384 2697.906 2694.825 2691.745 2688.665 2685.585 2676.551 2666.845 2657.139 2647.432 2637.184 2625.918 2614.653 2603.387 2592.122 2578.519 2564.32 2550.122 2535.923 2521.278 2505.269 2489.259 2473.249 2457.24 2443.141 2429.877 2416.614 2403.35 2390.673 2381.461 2372.25 2363.038 2353.826 2345.764 2338.487 2331.21 2323.933 2316.597 2307.963 2299.329 2290.695 2282.061 2272.809 2262.921 2253.033 2243.145 2233.257 2220.812 2208.21 2195.608 2183.007 2170.549 2158.317 2146.086 2133.854 2121.622 2110.18 2098.889 2087.598 2076.307 2065.547
2699.481 2699.228 2698.975 2697.215 2693.61 2690.005 2686.399 2682.794 2673.291 2663.122 2652.953 2642.784 2632.169 2620.716 2609.264 2597.811 2586.359 2572.324 2557.633 2542.941 2528.25 2513.068 2496.385 2479.703 2463.02 2446.338 2432.091 2418.909 2405.728 2392.547 2380.048 2371.579 2363.11 2354.64 2346.171 2338.594 2331.624 2324.656 2317.686 2310.646 2302.04 2293.433 2284.826 2276.22 2266.971 2257.062 2247.153 2237.243 2227.334 2214.484 2201.454 2188.423 2175.393 2162.546 2149.987 2137.427 2124.867 2112.308 2101.256 2090.49 2079.725 2068.959 2058.817
2698.004 2697.085 2696.167 2693.328 2688.134 2682.941 2677.748 2672.554 2662.765 2652.456 2642.148 2631.839 2621.325 2610.425 2599.525 2588.625 2577.726 2563.641 2548.745 2533.85 2518.955 2503.669 2487.19 2470.712 2454.233 2437.754 2423.798 2410.943 2398.089 2385.235 2373.021 2364.584 2356.147 2347.71 2339.273 2331.469 2324.098 2316.726 2309.355 2301.924 2293.183 2284.443 2275.702 2266.961 2257.941 2248.632 2239.324 2230.015 2220.707 2208.236 2195.57 2182.904 2170.239 2157.792 2145.689 2133.586 2121.482 2109.378 2098.886 2088.7 2078.514 2068.328 2058.527
2696.527 2694.943 2693.359 2689.44 2682.658 2675.877 2669.096 2662.314 2652.239 2641.79 2631.343 2620.894 2610.481 2600.134 2589.787 2579.439 2569.093 2554.958 2539.858 2524.759 2509.659 2494.271 2477.996 2461.721 2445.446 2429.171 2415.504 2402.977 2390.451 2377.924 2365.995 2357.589 2349.185 2340.78 2332.375 2324.345 2316.571 2308.797 2301.023 2293.202 2284.327 2275.452 2266.577 2257.703 2248.91 2240.203 2231.495 2222.788 2214.08 2201.987 2189.687 2177.385 2165.084 2153.039 2141.392 2129.744 2118.097 2106.449 2096.517 2086.91 2077.303 2067.697 2058.237
2695.05 2692.8 2690.551 2685.552 2677.183 2668.813 2660.444 2652.074 2641.712 2631.125 2620.537 2609.949 2599.638 2589.843 2580.049 2570.254 2560.459 2546.274 2530.971 2515.668 2500.364 2484.872 2468.801 2452.73 2436.659 2420.588 2407.211 2395.011 2382.812 2370.612 2358.968 2350.595 2342.222 2333.849 2325.476 2317.221 2309.044 2300.868 2292.692 2284.48 2275.471 2266.462 2257.453 2248.444 2239.879 2231.773 2223.666 2215.56 2207.453 2195.739 2183.803 2171.866 2159.93 2148.285 2137.094 2125.903 2114.711 2103.52 2094.147 2085.12 2076.093 2067.065 2057.947
