data/zism_data/00247_03_D.txt
ncols         224
nrows         224
[rows 168 to 195 of 224, columns 126 to 188 of 224]
2266.415 2271.256 2275.688 2280.119 2284.551 2288.371 2290.46 2292.549 2294.637 2296.726 2297.415 2297.573 2297.73 2297.887 2297.798 2296.649 2295.5 2294.351 2293.201 2293.02 2293.354 2293.688 2294.022 2294.344 2294.574 2294.805 2295.035 2295.265 2296.314 2297.957 2299.6 2301.243 2302.753 2301.357 2299.961 2298.565 2297.17 2294.4 2290.295 2286.19 2282.086 2277.981 2276.987 2276.085 2275.183 2274.282 2275.576 2279.726 2283.875 2288.025 2292.174 2295.767 2299.296 2302.826 2306.355 2309.071 2310.355 2311.64 2312.924 2314.208 2313.88 2313.213 2312.546
2263.512 2268.286 2272.75 2277.213 2281.677 2285.642 2288.192 2290.743 2293.293 2295.844 2296.633 2296.753 2296.872 2296.992 2296.811 2295.334 2293.857 2292.381 2290.904 2290.521 2290.721 2290.921 2291.12 2291.303 2291.356 2291.41 2291.463 2291.516 2292.643 2294.549 2296.455 2298.361 2300.11 2298.419 2296.728 2295.036 2293.345 2290.261 2285.823 2281.386 2276.948 2272.51 2271.851 2271.303 2270.756 2270.209 2271.816 2276.223 2280.63 2285.037 2289.445 2293.16 2296.796 2300.433 2304.07 2306.892 2308.278 2309.664 2311.051 2312.437 2312.335 2311.92 2311.505
2260.958 2265.796 2270.428 2275.061 2279.693 2283.865 2286.734 2289.603 2292.472 2295.341 2296.112 2296.085 2296.058 2296.031 2295.664 2293.832 2292.001 2290.169 2288.338 2287.578 2287.389 2287.2 2287.011 2286.821 2286.627 2286.432 2286.238 2286.043 2287.245 2289.46 2291.674 2293.888 2295.926 2294.066 2292.207 2290.348 2288.489 2285.179 2280.461 2275.743 2271.025 2266.307 2265.921 2265.664 2265.408 2265.151 2267.082 2271.856 2276.63 2281.404 2286.178 2290.149 2294.03 2297.911 2301.791 2304.808 2306.303 2307.798 2309.293 2310.788 2310.869 2310.652 2310.434
2258.882 2263.959 2268.946 2273.933 2278.919 2283.386 2286.378 2289.371 2292.364 2295.356 2295.947 2295.624 2295.302 2294.979 2294.299 2292.076 2289.852 2287.629 2285.405 2284.029 2283.105 2282.18 2281.256 2280.376 2279.838 2279.3 2278.762 2278.224 2279.496 2282.081 2284.666 2287.25 2289.642 2287.788 2285.935 2284.081 2282.227 2278.814 2273.886 2268.959 2264.031 2259.104 2258.91 2258.857 2258.805 2258.752 2261.022 2266.312 2271.601 2276.891 2282.18 2286.59 2290.9 2295.21 2299.52 2302.853 2304.467 2306.08 2307.693 2309.306 2309.509 2309.416 2309.322
2256.806 2262.123 2267.464 2272.805 2278.146 2282.907 2286.023 2289.139 2292.255 2295.371 2295.781 2295.164 2294.546 2293.928 2292.934 2290.319 2287.704 2285.088 2282.473 2280.48 2278.821 2277.161 2275.5 2273.931 2273.049 2272.167 2271.286 2270.404 2271.746 2274.702 2277.657 2280.612 2283.359 2281.51 2279.662 2277.813 2275.965 2272.448 2267.311 2262.174 2257.037 2251.9 2251.898 2252.05 2252.202 2252.353 2254.963 2260.768 2266.573 2272.377 2278.182 2283.03 2287.77 2292.51 2297.249 2300.899 2302.63 2304.362 2306.093 2307.824 2308.15 2308.18 2308.21
2254.729 2260.287 2265.982 2271.677 2277.373 2282.427 2285.667 2288.906 2292.146 2295.385 2295.616 2294.703 2293.79 2292.877 2291.57 2288.562 2285.555 2282.548 2279.54 2276.932 2274.537 2272.141 2269.745 2267.485 2266.26 2265.035 2263.809 2262.584 2263.997 2267.323 2270.648 2273.974 2277.075 2275.232 2273.389 2271.546 2269.703 2266.083 2260.736 2255.39 2250.043 2244.697 2244.887 2245.243 2245.599 2245.954 2248.903 2255.223 2261.544 2267.864 2274.184 2279.47 2284.64 2289.809 2294.978 2298.945 2300.794 2302.644 2304.493 2306.342 2306.791 2306.944 2307.097
2252.653 2258.45 2264.5 2270.55 2276.599 2281.948 2285.311 2288.674 2292.037 2295.4 2295.451 2294.242 2293.034 2291.826 2290.205 2286.806 2283.406 2280.007 2276.608 2273.384 2270.252 2267.121 2263.99 2261.04 2259.471 2257.902 2256.333 2254.764 2256.248 2259.944 2263.64 2267.336 2270.792 2268.954 2267.116 2265.279 2263.441 2259.717 2254.161 2248.605 2243.05 2237.494 2237.876 2238.436 2238.996 2239.555 2242.844 2249.679 2256.515 2263.351 2270.186 2275.911 2281.51 2287.108 2292.707 2296.99 2298.958 2300.925 2302.893 2304.861 2305.431 2305.708 2305.985
2249.582 2255.695 2262.21 2268.725 2275.24 2280.969 2284.469 2287.97 2291.47 2294.971 2294.808 2293.254 2291.699 2290.145 2288.163 2284.339 2280.516 2276.692 2272.869 2269.15 2265.486 2261.823 2258.16 2254.725 2253.03 2251.334 2249.639 2247.944 2249.458 2253.298 2257.137 2260.978 2264.586 2263.11 2261.634 2260.158 2258.682 2255.17 2249.683 2244.195 2238.707 2233.219 2233.604 2234.165 2234.725 2235.285 2238.621 2245.565 2252.509 2259.453 2266.397 2272.249 2277.976 2283.704 2289.432 2293.86 2296.001 2298.143 2300.284 2302.425 2303.174 2303.63 2304.085
2246.35 2252.792 2259.791 2266.789 2273.787 2279.909 2283.55 2287.189 2290.83 2294.469 2294.089 2292.18 2290.271 2288.362 2286.011 2281.759 2277.505 2273.252 2268.999 2264.805 2260.643 2256.48 2252.318 2248.431 2246.644 2244.858 2243.071 2241.284 2242.822 2246.769 2250.717 2254.664 2258.394 2257.337 2256.279 2255.222 2254.164 2250.917 2245.542 2240.167 2234.792 2229.417 2229.774 2230.302 2230.83 2231.358 2234.694 2241.681 2248.668 2255.655 2262.642 2268.57 2274.379 2280.187 2285.995 2290.541 2292.865 2295.188 2297.512 2299.836 2300.772 2301.416 2302.059
2243.119 2249.89 2257.371 2264.853 2272.334 2278.85 2282.63 2286.409 2290.189 2293.968 2293.369 2291.106 2288.843 2286.579 2283.86 2279.178 2274.495 2269.813 2265.13 2260.461 2255.799 2251.137 2246.476 2242.136 2240.259 2238.381 2236.503 2234.625 2236.187 2240.241 2244.296 2248.351 2252.202 2251.563 2250.924 2250.286 2249.647 2246.663 2241.401 2236.138 2230.876 2225.614 2225.943 2226.439 2226.934 2227.43 2230.767 2237.797 2244.827 2251.857 2258.887 2264.892 2270.781 2276.67 2282.558 2287.222 2289.728 2292.234 2294.74 2297.247 2298.37 2299.201 2300.033
2239.888 2246.987 2254.952 2262.917 2270.881 2277.79 2281.709 2285.629 2289.548 2293.467 2292.65 2290.032 2287.414 2284.797 2281.709 2276.597 2271.485 2266.373 2261.261 2256.117 2250.956 2245.794 2240.633 2235.842 2233.873 2231.904 2229.935 2227.966 2229.551 2233.713 2237.875 2242.038 2246.009 2245.789 2245.569 2245.349 2245.129 2242.409 2237.26 2232.11 2226.961 2221.811 2222.112 2222.576 2223.039 2223.503 2226.84 2233.913 2240.986 2248.059 2255.132 2261.213 2267.183 2273.152 2279.122 2283.902 2286.591 2289.28 2291.969 2294.658 2295.968 2296.987 2298.007
2236.501 2243.874 2252.249 2260.625 2269.0 2276.235 2280.236 2284.237 2288.238 2292.239 2291.254 2288.375 2285.497 2282.618 2279.265 2273.871 2268.478 2263.084 2257.69 2252.178 2246.603 2241.027 2235.452 2230.287 2228.254 2226.221 2224.188 2222.155 2223.736 2227.936 2232.136 2236.337 2240.36 2240.473 2240.587 2240.701 2240.814 2238.357 2233.402 2228.448 2223.493 2218.538 2218.774 2219.166 2219.557 2219.948 2223.233 2230.28 2237.327 2244.374 2251.42 2257.51 2263.49 2269.471 2275.452 2280.293 2283.129 2285.965 2288.801 2291.637 2293.108 2294.292 2295.475
2232.751 2240.267 2248.884 2257.501 2266.118 2273.517 2277.464 2281.412 2285.359 2289.306 2288.276 2285.354 2282.433 2279.511 2276.135 2270.806 2265.477 2260.147 2254.818 2249.188 2243.398 2237.608 2231.818 2226.463 2224.43 2222.397 2220.364 2218.331 2219.84 2223.917 2227.994 2232.071 2235.981 2236.229 2236.477 2236.725 2236.973 2234.778 2230.21 2225.642 2221.074 2216.505 2216.591 2216.816 2217.041 2217.265 2220.375 2227.234 2234.093 2240.952 2247.811 2253.745 2259.576 2265.406 2271.237 2276.006 2278.906 2281.807 2284.707 2287.607 2289.178 2290.469 2291.76
2229.0 2236.66 2245.519 2254.377 2263.236 2270.8 2274.693 2278.587 2282.48 2286.374 2285.298 2282.333 2279.368 2276.404 2273.006 2267.741 2262.476 2257.211 2251.946 2246.198 2240.194 2234.189 2228.184 2222.64 2220.606 2218.573 2216.54 2214.507 2215.945 2219.898 2223.852 2227.805 2231.603 2231.986 2232.368 2232.75 2233.132 2231.199 2227.018 2222.836 2218.654 2214.473 2214.408 2214.467 2214.525 2214.583 2217.516 2224.188 2230.859 2237.53 2244.201 2249.981 2255.662 2261.342 2267.022 2271.718 2274.683 2277.648 2280.613 2283.578 2285.248 2286.646 2288.044
2225.25 2233.053 2242.153 2251.254 2260.354 2268.082 2271.922 2275.762 2279.602 2283.442 2282.32 2279.312 2276.304 2273.297 2269.876 2264.676 2259.475 2254.274 2249.074 2243.209 2236.989 2230.77 2224.55 2218.816 2216.783 2214.75 2212.717 2210.683 2212.049 2215.879 2219.709 2223.539 2227.225 2227.742 2228.258 2228.774 2229.291 2227.62 2223.825 2220.03 2216.235 2212.44 2212.225 2212.117 2212.009 2211.901 2214.658 2221.141 2227.625 2234.108 2240.591 2246.217 2251.747 2257.277 2262.807 2267.431 2270.46 2273.489 2276.519 2279.548 2281.318 2282.824 2284.329
2221.5 2229.446 2238.788 2248.13 2257.472 2265.365 2269.151 2272.937 2276.723 2280.51 2279.342 2276.291 2273.24 2270.19 2266.746 2261.61 2256.474 2251.338 2246.202 2240.219 2233.785 2227.351 2220.916 2214.992 2212.959 2210.926 2208.893 2206.86 2208.154 2211.86 2215.567 2219.273 2222.847 2223.498 2224.148 2224.799 2225.449 2224.041 2220.633 2217.224 2213.816 2210.407 2210.042 2209.767 2209.493 2209.218 2211.8 2218.095 2224.39 2230.686 2236.981 2242.453 2247.833 2253.212 2258.592 2263.143 2266.237 2269.331 2272.424 2275.518 2277.388 2279.001 2280.614
2219.066 2226.769 2235.831 2244.892 2253.953 2261.608 2265.281 2268.955 2272.628 2276.301 2275.263 2272.435 2269.606 2266.778 2263.553 2258.62 2253.687 2248.754 2243.82 2237.99 2231.681 2225.373 2219.064 2213.249 2211.2 2209.151 2207.102 2205.053 2206.184 2209.621 2213.058 2216.494 2219.812 2220.518 2221.223 2221.929 2222.635 2221.419 2218.338 2215.257 2212.176 2209.094 2208.677 2208.339 2208.001 2207.663 2210.022 2215.888 2221.753 2227.619 2233.485 2238.754 2243.956 2249.157 2254.358 2258.865 2262.15 2265.435 2268.72 2272.005 2273.909 2275.522 2277.135
2217.102 2224.424 2233.018 2241.612 2250.206 2257.482 2261.021 2264.559 2268.098 2271.637 2270.792 2268.28 2265.769 2263.257 2260.337 2255.656 2250.975 2246.294 2241.614 2236.032 2229.971 2223.909 2217.847 2212.248 2210.178 2208.107 2206.037 2203.966 2204.902 2208.016 2211.131 2214.245 2217.256 2217.988 2218.721 2219.453 2220.186 2219.139 2216.364 2213.589 2210.814 2208.039 2207.604 2207.239 2206.874 2206.509 2208.629 2213.979 2219.33 2224.68 2230.03 2235.078 2240.092 2245.105 2250.119 2254.592 2258.113 2261.634 2265.155 2268.676 2270.59 2272.166 2273.741
2215.138 2222.079 2230.206 2238.333 2246.46 2253.355 2256.76 2260.164 2263.569 2266.974 2266.321 2264.126 2261.931 2259.736 2257.121 2252.692 2248.264 2243.835 2239.407 2234.074 2228.26 2222.445 2216.63 2211.247 2209.155 2207.063 2204.971 2202.879 2203.619 2206.411 2209.203 2211.996 2214.7 2215.459 2216.219 2216.978 2217.737 2216.859 2214.39 2211.921 2209.451 2206.982 2206.53 2206.138 2205.747 2205.355 2207.236 2212.071 2216.906 2221.74 2226.575 2231.402 2236.228 2241.053 2245.879 2250.317 2254.075 2257.832 2261.589 2265.347 2267.271 2268.809 2270.347
2213.174 2219.734 2227.394 2235.053 2242.713 2249.228 2252.499 2255.769 2259.039 2262.31 2261.85 2259.972 2258.094 2256.216 2253.905 2249.729 2245.552 2241.376 2237.2 2232.117 2226.549 2220.981 2215.413 2210.246 2208.133 2206.019 2203.906 2201.792 2202.336 2204.806 2207.276 2209.747 2212.144 2212.93 2213.716 2214.502 2215.288 2214.578 2212.416 2210.252 2208.089 2205.926 2205.457 2205.038 2204.62 2204.201 2205.842 2210.162 2214.481 2218.801 2223.121 2227.726 2232.364 2237.001 2241.639 2246.043 2250.037 2254.031 2258.024 2262.018 2263.952 2265.452 2266.953
2211.361 2217.539 2224.722 2231.906 2239.089 2245.215 2248.343 2251.472 2254.601 2257.729 2257.436 2255.843 2254.25 2252.657 2250.621 2246.681 2242.74 2238.799 2234.859 2230.039 2224.751 2219.464 2214.176 2209.258 2207.16 2205.063 2202.966 2200.869 2201.246 2203.416 2205.587 2207.757 2209.868 2210.659 2211.451 2212.242 2213.034 2212.471 2210.594 2208.716 2206.838 2204.96 2204.468 2204.017 2203.565 2203.114 2204.525 2208.358 2212.19 2216.022 2219.855 2224.265 2228.74 2233.215 2237.69 2242.054 2246.222 2250.389 2254.557 2258.725 2260.661 2262.128 2263.595
2210.26 2216.052 2222.715 2229.377 2236.04 2241.734 2244.686 2247.637 2250.589 2253.54 2253.296 2251.837 2250.378 2248.919 2247.022 2243.237 2239.452 2235.667 2231.882 2227.4 2222.547 2217.694 2212.841 2208.33 2206.426 2204.522 2202.618 2200.714 2201.061 2203.038 2205.015 2206.992 2208.914 2209.609 2210.303 2210.998 2211.693 2211.178 2209.488 2207.799 2206.109 2204.419 2203.875 2203.364 2202.854 2202.344 2203.568 2207.046 2210.524 2214.002 2217.479 2221.815 2226.247 2230.679 2235.112 2239.405 2243.455 2247.504 2251.554 2255.604 2257.506 2258.957 2260.407
2209.158 2214.565 2220.707 2226.849 2232.99 2238.254 2241.028 2243.802 2246.577 2249.351 2249.155 2247.83 2246.506 2245.181 2243.422 2239.793 2236.164 2232.534 2228.905 2224.761 2220.343 2215.925 2211.507 2207.403 2205.692 2203.981 2202.271 2200.56 2200.875 2202.659 2204.443 2206.228 2207.96 2208.558 2209.156 2209.754 2210.352 2209.885 2208.383 2206.882 2205.38 2203.878 2203.281 2202.712 2202.143 2201.573 2202.61 2205.733 2208.857 2211.981 2215.104 2219.365 2223.754 2228.144 2232.533 2236.756 2240.688 2244.619 2248.551 2252.482 2254.351 2255.786 2257.22
2208.057 2213.078 2218.699 2224.32 2229.941 2234.773 2237.371 2239.968 2242.565 2245.162 2245.014 2243.824 2242.634 2241.443 2239.823 2236.349 2232.875 2229.402 2225.928 2222.122 2218.139 2214.156 2210.173 2206.475 2204.958 2203.44 2201.923 2200.406 2200.69 2202.281 2203.872 2205.462 2207.006 2207.507 2208.009 2208.51 2209.011 2208.592 2207.278 2205.964 2204.65 2203.337 2202.688 2202.06 2201.432 2200.803 2201.652 2204.421 2207.191 2209.96 2212.729 2216.916 2221.262 2225.608 2229.954 2234.107 2237.921 2241.734 2245.548 2249.361 2251.196 2252.614 2254.033
2206.956 2211.592 2216.692 2221.792 2226.892 2231.293 2233.713 2236.133 2238.553 2240.973 2240.874 2239.818 2238.761 2237.705 2236.223 2232.905 2229.587 2226.269 2222.951 2219.483 2215.935 2212.386 2208.838 2205.548 2204.224 2202.9 2201.575 2200.251 2200.505 2201.903 2203.3 2204.698 2206.052 2206.457 2206.861 2207.266 2207.671 2207.299 2206.173 2205.047 2203.921 2202.795 2202.095 2201.408 2200.72 2200.033 2200.694 2203.109 2205.524 2207.939 2210.354 2214.466 2218.769 2223.072 2227.376 2231.458 2235.154 2238.849 2242.544 2246.24 2248.041 2249.443 2250.845
2205.882 2210.197 2214.835 2219.474 2224.113 2228.085 2230.17 2232.255 2234.339 2236.424 2236.33 2235.408 2234.486 2233.564 2232.259 2229.304 2226.35 2223.395 2220.44 2217.335 2214.149 2210.963 2207.777 2204.823 2203.643 2202.463 2201.283 2200.103 2200.33 2201.577 2202.824 2204.071 2205.279 2205.633 2205.987 2206.342 2206.696 2206.365 2205.367 2204.37 2203.373 2202.375 2201.682 2200.998 2200.314 2199.63 2200.227 2202.488 2204.75 2207.011 2209.272 2213.238 2217.397 2221.555 2225.713 2229.636 2233.144 2236.652 2240.16 2243.668 2245.382 2246.719 2248.056
2204.824 2208.86 2213.075 2217.289 2221.503 2225.049 2226.699 2228.349 2229.999 2231.648 2231.532 2230.744 2229.957 2229.169 2228.066 2225.605 2223.144 2220.683 2218.222 2215.495 2212.626 2209.757 2206.888 2204.228 2203.16 2202.093 2201.026 2199.958 2200.161 2201.284 2202.408 2203.531 2204.62 2204.953 2205.286 2205.619 2205.951 2205.656 2204.75 2203.844 2202.938 2202.032 2201.383 2200.742 2200.101 2199.46 2200.069 2202.304 2204.538 2206.773 2209.007 2212.782 2216.731 2220.68 2224.629 2228.334 2231.612 2234.889 2238.166 2241.443 2243.037 2244.278 2245.518
2203.767 2207.523 2211.314 2215.104 2218.894 2222.013 2223.228 2224.443 2225.658 2226.873 2226.734 2226.08 2225.427 2224.773 2223.872 2221.905 2219.938 2217.972 2216.005 2213.656 2211.104 2208.551 2205.999 2203.632 2202.677 2201.723 2200.768 2199.813 2199.992 2200.992 2201.992 2202.992 2203.962 2204.273 2204.584 2204.896 2205.207 2204.947 2204.132 2203.318 2202.503 2201.688 2201.084 2200.486 2199.888 2199.29 2199.911 2202.119 2204.327 2206.534 2208.742 2212.326 2216.066 2219.805 2223.545 2227.033 2230.079 2233.125 2236.172 2239.218 2240.692 2241.836 2242.98
