data/zism_data/00246_01_D.txt
ncols         224
nrows         224
[rows 140 to 167 of 224, columns 126 to 188 of 224]
1429.528 1429.528 1429.528 1429.528 1429.528 1429.528 1429.528 1429.528 1429.528 1429.528 1429.528 1429.528 1429.528 1429.528 1429.517 1429.494 1429.471 1429.447 1429.424 1429.245 1429.052 1428.859 1428.665 1428.448 1428.189 1427.929 1427.67 1427.41 1427.22 1427.046 1426.872 1426.698 1426.57 1426.57 1426.57 1426.57 1426.57 1426.57 1426.57 1426.57 1426.57 1426.57 1426.57 1426.57 1426.57 1426.57 1426.661 1426.81 1426.96 1427.109 1427.272 1427.641 1428.01 1428.38 1428.749 1429.117 1429.483 1429.849 1430.215 1430.582 1430.948 1431.314 1431.68
1428.793 1428.793 1428.793 1428.793 1428.793 1428.793 1428.793 1428.793 1428.793 1428.793 1428.793 1428.793 1428.793 1428.793 1428.785 1428.767 1428.749 1428.731 1428.713 1428.545 1428.362 1428.18 1427.997 1427.804 1427.593 1427.382 1427.171 1426.96 1426.766 1426.576 1426.386 1426.196 1426.055 1426.055 1426.055 1426.055 1426.055 1426.055 1426.055 1426.055 1426.055 1426.055 1426.055 1426.055 1426.055 1426.055 1426.156 1426.322 1426.488 1426.653 1426.832 1427.217 1427.603 1427.988 1428.373 1428.749 1429.115 1429.482 1429.848 1430.214 1430.58 1430.947 1431.313
1428.059 1428.059 1428.059 1428.059 1428.059 1428.059 1428.059 1428.059 1428.059 1428.059 1428.059 1428.059 1428.059 1428.059 1428.053 1428.04 1428.027 1428.015 1428.002 1427.844 1427.672 1427.501 1427.329 1427.161 1426.998 1426.835 1426.673 1426.51 1426.312 1426.106 1425.9 1425.693 1425.541 1425.541 1425.541 1425.541 1425.541 1425.541 1425.541 1425.541 1425.541 1425.541 1425.541 1425.541 1425.541 1425.541 1425.652 1425.833 1426.015 1426.197 1426.392 1426.793 1427.195 1427.596 1427.998 1428.382 1428.748 1429.114 1429.48 1429.847 1430.213 1430.579 1430.945
1427.324 1427.324 1427.324 1427.324 1427.324 1427.324 1427.324 1427.324 1427.324 1427.324 1427.324 1427.324 1427.324 1427.324 1427.32 1427.313 1427.306 1427.299 1427.291 1427.144 1426.983 1426.822 1426.661 1426.517 1426.403 1426.288 1426.174 1426.06 1425.858 1425.636 1425.413 1425.191 1425.027 1425.027 1425.027 1425.027 1425.027 1425.027 1425.027 1425.027 1425.027 1425.027 1425.027 1425.027 1425.027 1425.027 1425.147 1425.345 1425.543 1425.741 1425.952 1426.37 1426.787 1427.205 1427.623 1428.014 1428.38 1428.747 1429.113 1429.479 1429.846 1430.212 1430.578
1426.589 1426.589 1426.589 1426.589 1426.589 1426.589 1426.589 1426.589 1426.589 1426.589 1426.589 1426.589 1426.589 1426.589 1426.588 1426.586 1426.584 1426.582 1426.58 1426.443 1426.293 1426.143 1425.992 1425.873 1425.807 1425.741 1425.676 1425.61 1425.404 1425.166 1424.927 1424.688 1424.512 1424.512 1424.512 1424.512 1424.512 1424.512 1424.512 1424.512 1424.512 1424.512 1424.512 1424.512 1424.512 1424.512 1424.642 1424.857 1425.071 1425.285 1425.512 1425.946 1426.38 1426.813 1427.247 1427.647 1428.013 1428.379 1428.746 1429.112 1429.478 1429.844 1430.211
1425.854 1425.854 1425.854 1425.854 1425.854 1425.854 1425.854 1425.854 1425.854 1425.854 1425.854 1425.854 1425.854 1425.854 1425.854 1425.854 1425.854 1425.854 1425.854 1425.74 1425.614 1425.489 1425.363 1425.268 1425.226 1425.184 1425.143 1425.101 1424.889 1424.638 1424.387 1424.135 1423.944 1423.923 1423.902 1423.881 1423.86 1423.854 1423.854 1423.854 1423.854 1423.856 1423.866 1423.877 1423.887 1423.898 1424.049 1424.289 1424.53 1424.771 1425.024 1425.474 1425.924 1426.374 1426.824 1427.237 1427.614 1427.99 1428.367 1428.744 1429.111 1429.477 1429.843
1425.119 1425.119 1425.119 1425.119 1425.119 1425.119 1425.119 1425.119 1425.119 1425.119 1425.119 1425.119 1425.119 1425.119 1425.119 1425.119 1425.119 1425.119 1425.119 1425.034 1424.941 1424.848 1424.755 1424.684 1424.653 1424.622 1424.591 1424.56 1424.341 1424.079 1423.818 1423.556 1423.348 1423.295 1423.241 1423.188 1423.135 1423.119 1423.119 1423.119 1423.119 1423.123 1423.15 1423.177 1423.203 1423.23 1423.407 1423.68 1423.953 1424.226 1424.51 1424.977 1425.443 1425.909 1426.375 1426.804 1427.197 1427.59 1427.983 1428.376 1428.743 1429.109 1429.476
1424.384 1424.384 1424.384 1424.384 1424.384 1424.384 1424.384 1424.384 1424.384 1424.384 1424.384 1424.384 1424.384 1424.384 1424.384 1424.384 1424.384 1424.384 1424.384 1424.329 1424.268 1424.207 1424.146 1424.1 1424.08 1424.06 1424.039 1424.019 1423.794 1423.521 1423.248 1422.976 1422.752 1422.666 1422.581 1422.495 1422.409 1422.384 1422.384 1422.384 1422.384 1422.391 1422.434 1422.477 1422.52 1422.563 1422.765 1423.071 1423.376 1423.681 1423.997 1424.479 1424.962 1425.444 1425.926 1426.371 1426.781 1427.19 1427.599 1428.008 1428.376 1428.742 1429.108
1423.65 1423.65 1423.65 1423.65 1423.65 1423.65 1423.65 1423.65 1423.65 1423.65 1423.65 1423.65 1423.65 1423.65 1423.65 1423.65 1423.65 1423.65 1423.65 1423.624 1423.595 1423.566 1423.538 1423.516 1423.507 1423.497 1423.488 1423.478 1423.246 1422.963 1422.679 1422.396 1422.156 1422.038 1421.92 1421.802 1421.684 1421.65 1421.65 1421.65 1421.65 1421.659 1421.718 1421.777 1421.836 1421.895 1422.124 1422.461 1422.799 1423.137 1423.484 1423.982 1424.48 1424.979 1425.477 1425.939 1426.364 1426.789 1427.214 1427.64 1428.008 1428.375 1428.741
1422.932 1422.932 1422.932 1422.932 1422.932 1422.932 1422.932 1422.932 1422.932 1422.932 1422.932 1422.932 1422.932 1422.932 1422.932 1422.932 1422.932 1422.932 1422.932 1422.932 1422.932 1422.932 1422.932 1422.932 1422.932 1422.932 1422.932 1422.932 1422.697 1422.407 1422.117 1421.827 1421.574 1421.426 1421.279 1421.131 1420.983 1420.94 1420.94 1420.94 1420.94 1420.953 1421.03 1421.107 1421.184 1421.261 1421.514 1421.88 1422.246 1422.612 1422.987 1423.496 1424.005 1424.514 1425.023 1425.497 1425.938 1426.379 1426.819 1427.26 1427.627 1427.99 1428.353
1422.344 1422.344 1422.344 1422.344 1422.344 1422.344 1422.344 1422.344 1422.344 1422.344 1422.344 1422.344 1422.344 1422.344 1422.344 1422.344 1422.344 1422.344 1422.344 1422.344 1422.344 1422.344 1422.344 1422.344 1422.344 1422.344 1422.344 1422.344 1422.131 1421.868 1421.605 1421.342 1421.106 1420.948 1420.789 1420.63 1420.472 1420.426 1420.426 1420.426 1420.426 1420.443 1420.553 1420.662 1420.771 1420.881 1421.146 1421.513 1421.879 1422.245 1422.618 1423.094 1423.571 1424.048 1424.524 1424.988 1425.44 1425.891 1426.343 1426.794 1427.136 1427.472 1427.808
1421.756 1421.756 1421.756 1421.756 1421.756 1421.756 1421.756 1421.756 1421.756 1421.756 1421.756 1421.756 1421.756 1421.756 1421.756 1421.756 1421.756 1421.756 1421.756 1421.756 1421.756 1421.756 1421.756 1421.756 1421.756 1421.756 1421.756 1421.756 1421.565 1421.328 1421.093 1420.856 1420.638 1420.469 1420.299 1420.13 1419.961 1419.912 1419.912 1419.912 1419.912 1419.934 1420.076 1420.217 1420.359 1420.501 1420.779 1421.145 1421.511 1421.878 1422.248 1422.693 1423.137 1423.582 1424.026 1424.479 1424.942 1425.404 1425.866 1426.329 1426.645 1426.954 1427.263
1421.168 1421.168 1421.168 1421.168 1421.168 1421.168 1421.168 1421.168 1421.168 1421.168 1421.168 1421.168 1421.168 1421.168 1421.168 1421.168 1421.168 1421.168 1421.168 1421.168 1421.168 1421.168 1421.168 1421.168 1421.168 1421.168 1421.168 1421.168 1420.999 1420.789 1420.58 1420.371 1420.17 1419.99 1419.81 1419.63 1419.449 1419.397 1419.397 1419.397 1419.397 1419.425 1419.599 1419.773 1419.947 1420.12 1420.411 1420.778 1421.144 1421.51 1421.879 1422.291 1422.703 1423.115 1423.527 1423.97 1424.444 1424.917 1425.39 1425.863 1426.153 1426.436 1426.718
1420.58 1420.58 1420.58 1420.58 1420.58 1420.58 1420.58 1420.58 1420.58 1420.58 1420.58 1420.58 1420.58 1420.58 1420.58 1420.58 1420.58 1420.58 1420.58 1420.58 1420.58 1420.58 1420.58 1420.58 1420.58 1420.58 1420.58 1420.58 1420.433 1420.25 1420.068 1419.886 1419.701 1419.511 1419.32 1419.129 1418.938 1418.883 1418.883 1418.883 1418.883 1418.916 1419.122 1419.328 1419.534 1419.74 1420.044 1420.41 1420.777 1421.143 1421.51 1421.89 1422.269 1422.649 1423.029 1423.462 1423.945 1424.429 1424.913 1425.397 1425.662 1425.918 1426.173
1419.993 1419.993 1419.993 1419.993 1419.993 1419.993 1419.993 1419.993 1419.993 1419.993 1419.993 1419.993 1419.993 1419.993 1419.993 1419.993 1419.993 1419.993 1419.993 1419.993 1419.993 1419.993 1419.993 1419.993 1419.993 1419.993 1419.993 1419.993 1419.859 1419.694 1419.53 1419.365 1419.193 1419.001 1418.809 1418.616 1418.424 1418.373 1418.379 1418.385 1418.392 1418.432 1418.648 1418.865 1419.081 1419.298 1419.609 1419.982 1420.354 1420.727 1421.099 1421.475 1421.851 1422.226 1422.602 1423.027 1423.5 1423.972 1424.445 1424.918 1425.178 1425.428 1425.679
1419.405 1419.405 1419.405 1419.405 1419.405 1419.405 1419.405 1419.405 1419.405 1419.405 1419.405 1419.405 1419.405 1419.405 1419.405 1419.405 1419.405 1419.405 1419.405 1419.405 1419.405 1419.405 1419.405 1419.405 1419.405 1419.405 1419.405 1419.405 1419.28 1419.126 1418.972 1418.818 1418.656 1418.469 1418.282 1418.095 1417.908 1417.866 1417.883 1417.9 1417.917 1417.965 1418.176 1418.388 1418.599 1418.81 1419.126 1419.509 1419.893 1420.276 1420.66 1421.051 1421.443 1421.835 1422.227 1422.646 1423.092 1423.537 1423.983 1424.429 1424.698 1424.959 1425.221
1418.817 1418.817 1418.817 1418.817 1418.817 1418.817 1418.817 1418.817 1418.817 1418.817 1418.817 1418.817 1418.817 1418.817 1418.817 1418.817 1418.817 1418.817 1418.817 1418.817 1418.817 1418.817 1418.817 1418.817 1418.817 1418.817 1418.817 1418.817 1418.701 1418.557 1418.414 1418.271 1418.118 1417.937 1417.755 1417.574 1417.392 1417.359 1417.387 1417.415 1417.443 1417.499 1417.705 1417.911 1418.116 1418.322 1418.643 1419.037 1419.431 1419.825 1420.22 1420.627 1421.035 1421.443 1421.851 1422.265 1422.684 1423.103 1423.521 1423.94 1424.219 1424.491 1424.762
1418.229 1418.229 1418.229 1418.229 1418.229 1418.229 1418.229 1418.229 1418.229 1418.229 1418.229 1418.229 1418.229 1418.229 1418.229 1418.229 1418.229 1418.229 1418.229 1418.229 1418.229 1418.229 1418.229 1418.229 1418.229 1418.229 1418.229 1418.229 1418.121 1417.989 1417.857 1417.724 1417.581 1417.404 1417.228 1417.052 1416.876 1416.853 1416.891 1416.93 1416.968 1417.033 1417.233 1417.434 1417.634 1417.834 1418.159 1418.564 1418.969 1419.374 1419.78 1420.204 1420.628 1421.052 1421.476 1421.884 1422.276 1422.668 1423.06 1423.452 1423.739 1424.022 1424.304
1417.641 1417.641 1417.641 1417.641 1417.641 1417.641 1417.641 1417.641 1417.641 1417.641 1417.641 1417.641 1417.641 1417.641 1417.641 1417.641 1417.641 1417.641 1417.641 1417.641 1417.641 1417.641 1417.641 1417.641 1417.641 1417.641 1417.641 1417.641 1417.541 1417.418 1417.295 1417.172 1417.037 1416.868 1416.698 1416.529 1416.36 1416.345 1416.394 1416.442 1416.49 1416.562 1416.759 1416.955 1417.151 1417.347 1417.677 1418.091 1418.506 1418.92 1419.336 1419.777 1420.217 1420.657 1421.097 1421.5 1421.866 1422.232 1422.599 1422.965 1423.26 1423.553 1423.845
1417.053 1417.053 1417.053 1417.053 1417.053 1417.053 1417.053 1417.053 1417.053 1417.053 1417.053 1417.053 1417.053 1417.053 1417.053 1417.053 1417.053 1417.053 1417.053 1417.053 1417.053 1417.053 1417.053 1417.053 1417.053 1417.053 1417.053 1417.053 1416.936 1416.791 1416.647 1416.502 1416.361 1416.229 1416.098 1415.966 1415.835 1415.823 1415.861 1415.898 1415.936 1416.002 1416.22 1416.438 1416.656 1416.874 1417.205 1417.608 1418.012 1418.416 1418.823 1419.279 1419.736 1420.192 1420.648 1421.059 1421.425 1421.792 1422.158 1422.524 1422.804 1423.08 1423.356
1416.465 1416.465 1416.465 1416.465 1416.465 1416.465 1416.465 1416.465 1416.465 1416.465 1416.465 1416.465 1416.465 1416.465 1416.465 1416.465 1416.465 1416.465 1416.465 1416.465 1416.465 1416.465 1416.465 1416.465 1416.465 1416.465 1416.465 1416.465 1416.331 1416.164 1415.998 1415.832 1415.685 1415.591 1415.497 1415.403 1415.309 1415.301 1415.328 1415.355 1415.382 1415.443 1415.682 1415.921 1416.16 1416.4 1416.733 1417.126 1417.519 1417.912 1418.31 1418.782 1419.255 1419.727 1420.199 1420.618 1420.984 1421.351 1421.717 1422.083 1422.348 1422.608 1422.868
1415.878 1415.878 1415.878 1415.878 1415.878 1415.878 1415.878 1415.878 1415.878 1415.878 1415.878 1415.878 1415.878 1415.878 1415.878 1415.878 1415.878 1415.878 1415.878 1415.878 1415.878 1415.878 1415.878 1415.878 1415.878 1415.878 1415.878 1415.878 1415.725 1415.538 1415.35 1415.162 1415.009 1414.953 1414.897 1414.84 1414.784 1414.779 1414.795 1414.811 1414.827 1414.883 1415.143 1415.404 1415.665 1415.926 1416.261 1416.643 1417.025 1417.408 1417.796 1418.285 1418.773 1419.262 1419.751 1420.177 1420.543 1420.91 1421.276 1421.642 1421.891 1422.135 1422.379
1415.29 1415.29 1415.29 1415.29 1415.29 1415.29 1415.29 1415.29 1415.29 1415.29 1415.29 1415.29 1415.29 1415.29 1415.29 1415.29 1415.29 1415.29 1415.29 1415.29 1415.29 1415.29 1415.29 1415.29 1415.29 1415.29 1415.29 1415.29 1415.12 1414.911 1414.702 1414.493 1414.333 1414.315 1414.296 1414.277 1414.259 1414.257 1414.263 1414.268 1414.273 1414.323 1414.605 1414.887 1415.17 1415.452 1415.789 1416.16 1416.532 1416.903 1417.283 1417.787 1418.292 1418.797 1419.302 1419.736 1420.103 1420.469 1420.835 1421.201 1421.435 1421.663 1421.891
1414.518 1414.543 1414.567 1414.592 1414.617 1414.627 1414.627 1414.627 1414.627 1414.627 1414.602 1414.578 1414.553 1414.529 1414.515 1414.515 1414.515 1414.515 1414.515 1414.515 1414.515 1414.515 1414.515 1414.515 1414.515 1414.515 1414.515 1414.515 1414.357 1414.162 1413.967 1413.771 1413.627 1413.627 1413.627 1413.627 1413.627 1413.651 1413.683 1413.716 1413.749 1413.824 1414.126 1414.427 1414.728 1415.029 1415.37 1415.736 1416.102 1416.469 1416.842 1417.339 1417.835 1418.331 1418.828 1419.258 1419.624 1419.991 1420.357 1420.723 1420.965 1421.201 1421.437
1413.569 1413.642 1413.715 1413.788 1413.861 1413.892 1413.892 1413.892 1413.892 1413.891 1413.818 1413.745 1413.672 1413.599 1413.56 1413.56 1413.56 1413.56 1413.56 1413.56 1413.56 1413.56 1413.56 1413.56 1413.56 1413.56 1413.56 1413.56 1413.441 1413.294 1413.148 1413.001 1412.892 1412.892 1412.892 1412.892 1412.892 1412.962 1413.059 1413.156 1413.254 1413.386 1413.703 1414.021 1414.338 1414.655 1415.003 1415.369 1415.735 1416.101 1416.473 1416.937 1417.401 1417.865 1418.329 1418.744 1419.11 1419.476 1419.843 1420.209 1420.481 1420.75 1421.018
1412.619 1412.74 1412.862 1412.983 1413.105 1413.158 1413.158 1413.158 1413.158 1413.156 1413.034 1412.913 1412.792 1412.67 1412.605 1412.605 1412.605 1412.605 1412.605 1412.605 1412.605 1412.605 1412.605 1412.605 1412.605 1412.605 1412.605 1412.605 1412.525 1412.427 1412.329 1412.23 1412.158 1412.158 1412.158 1412.158 1412.158 1412.273 1412.435 1412.597 1412.758 1412.948 1413.281 1413.615 1413.948 1414.282 1414.635 1415.001 1415.368 1415.734 1416.104 1416.536 1416.967 1417.399 1417.831 1418.229 1418.596 1418.962 1419.328 1419.694 1419.998 1420.299 1420.599
1411.669 1411.839 1412.009 1412.179 1412.349 1412.423 1412.423 1412.423 1412.423 1412.42 1412.25 1412.081 1411.911 1411.741 1411.65 1411.65 1411.65 1411.65 1411.65 1411.65 1411.65 1411.65 1411.65 1411.65 1411.65 1411.65 1411.65 1411.65 1411.609 1411.559 1411.51 1411.46 1411.423 1411.423 1411.423 1411.423 1411.423 1411.584 1411.81 1412.037 1412.263 1412.509 1412.859 1413.209 1413.558 1413.908 1414.268 1414.634 1415.0 1415.366 1415.735 1416.134 1416.533 1416.933 1417.332 1417.715 1418.081 1418.448 1418.814 1419.18 1419.515 1419.848 1420.181
1410.72 1410.938 1411.156 1411.375 1411.593 1411.688 1411.688 1411.688 1411.688 1411.685 1411.467 1411.248 1411.03 1410.812 1410.694 1410.694 1410.694 1410.694 1410.694 1410.694 1410.694 1410.694 1410.694 1410.694 1410.694 1410.694 1410.694 1410.694 1410.693 1410.692 1410.691 1410.689 1410.688 1410.688 1410.688 1410.688 1410.688 1410.895 1411.186 1411.477 1411.768 1412.071 1412.437 1412.803 1413.168 1413.534 1413.9 1414.267 1414.633 1414.999 1415.365 1415.732 1416.1 1416.467 1416.834 1417.201 1417.567 1417.933 1418.299 1418.666 1419.031 1419.396 1419.762
