data/zism_data/00249_04_D.txt
ncols         224
nrows         224
[rows 196 to 223 of 224, columns 0 to 62 of 224]
4890.006 4888.863 4887.719 4886.574 4885.426 4884.278 4883.13 4881.983 4881.994 4882.136 4882.277 4882.419 4882.159 4881.146 4880.134 4879.121 4878.108 4876.492 4874.721 4872.95 4871.18 4869.783 4869.532 4869.28 4869.029 4868.777 4868.701 4868.701 4868.701 4868.701 4868.737 4868.989 4869.24 4869.492 4869.743 4871.121 4873.269 4875.416 4877.563 4879.781 4883.547 4887.313 4891.08 4894.845 4900.771 4908.918 4917.066 4925.214 4933.362 4939.732 4945.993 4952.253 4958.514 4962.253 4962.071 4961.89 4961.708 4961.526 4959.434 4956.979 4954.524 4952.07 4947.811
4885.438 4884.392 4883.345 4882.375 4881.501 4880.627 4879.752 4878.878 4879.578 4880.455 4881.332 4882.208 4882.627 4882.189 4881.75 4881.312 4880.873 4879.586 4878.084 4876.582 4875.079 4873.913 4873.774 4873.635 4873.497 4873.357 4873.315 4873.315 4873.315 4873.315 4873.335 4873.474 4873.613 4873.752 4873.891 4875.041 4876.883 4878.724 4880.566 4882.473 4885.81 4889.146 4892.483 4895.82 4901.033 4908.178 4915.322 4922.467 4929.611 4935.084 4940.454 4945.824 4951.194 4954.184 4953.471 4952.758 4952.045 4951.332 4948.902 4946.147 4943.392 4940.637 4936.315
4880.871 4879.92 4878.97 4878.177 4877.576 4876.976 4876.375 4875.774 4877.162 4878.773 4880.385 4881.998 4883.096 4883.231 4883.367 4883.502 4883.638 4882.681 4881.447 4880.213 4878.979 4878.042 4878.016 4877.99 4877.964 4877.938 4877.93 4877.93 4877.93 4877.93 4877.934 4877.96 4877.986 4878.012 4878.038 4878.961 4880.497 4882.033 4883.569 4885.164 4888.072 4890.979 4893.887 4896.794 4901.295 4907.437 4913.578 4919.719 4925.861 4930.437 4934.916 4939.395 4943.875 4946.114 4944.87 4943.626 4942.382 4941.138 4938.371 4935.315 4932.26 4929.205 4924.82
4874.953 4874.268 4873.583 4873.316 4873.563 4873.808 4874.054 4874.3 4876.378 4878.663 4880.948 4883.233 4884.913 4885.458 4886.002 4886.547 4887.092 4886.505 4885.63 4884.754 4883.879 4883.259 4883.42 4883.581 4883.742 4883.902 4883.891 4883.804 4883.718 4883.631 4883.536 4883.387 4883.239 4883.091 4882.942 4883.562 4884.705 4885.848 4886.992 4888.192 4890.637 4893.083 4895.528 4897.973 4901.798 4907.043 4912.289 4917.534 4922.779 4926.626 4930.389 4934.15 4937.912 4939.486 4937.657 4935.829 4934.0 4932.17 4929.197 4926.005 4922.814 4919.624 4915.287
4868.627 4868.259 4867.891 4868.256 4869.521 4870.787 4872.052 4873.317 4876.087 4879.027 4881.966 4884.906 4887.138 4888.042 4888.946 4889.851 4890.755 4890.548 4890.06 4889.571 4889.082 4888.805 4889.174 4889.544 4889.915 4890.284 4890.258 4890.059 4889.86 4889.661 4889.441 4889.1 4888.758 4888.417 4888.075 4888.367 4889.092 4889.817 4890.542 4891.321 4893.294 4895.268 4897.241 4899.214 4902.374 4906.755 4911.136 4915.518 4919.899 4923.07 4926.167 4929.263 4932.359 4933.293 4930.864 4928.434 4926.004 4923.574 4920.432 4917.155 4913.878 4910.602 4906.348
4862.301 4862.25 4862.198 4863.196 4865.481 4867.766 4870.05 4872.335 4875.796 4879.391 4882.985 4886.579 4889.363 4890.626 4891.89 4893.154 4894.417 4894.592 4894.49 4894.387 4894.284 4894.35 4894.929 4895.508 4896.087 4896.667 4896.626 4896.314 4896.002 4895.69 4895.346 4894.812 4894.277 4893.742 4893.208 4893.172 4893.479 4893.786 4894.092 4894.45 4895.951 4897.452 4898.953 4900.454 4902.949 4906.466 4909.984 4913.501 4917.019 4919.513 4921.944 4924.376 4926.807 4927.101 4924.07 4921.039 4918.008 4914.978 4911.667 4908.305 4904.942 4901.58 4897.408
4855.976 4856.241 4856.506 4858.136 4861.44 4864.745 4868.049 4871.353 4875.505 4879.754 4884.003 4888.252 4891.587 4893.21 4894.834 4896.457 4898.081 4898.636 4898.919 4899.203 4899.487 4899.895 4900.683 4901.472 4902.26 4903.048 4902.993 4902.569 4902.144 4901.72 4901.251 4900.523 4899.795 4899.068 4898.34 4897.978 4897.866 4897.754 4897.642 4897.58 4898.608 4899.637 4900.666 4901.695 4903.524 4906.178 4908.832 4911.485 4914.139 4915.957 4917.723 4919.488 4921.254 4920.908 4917.276 4913.645 4910.013 4906.381 4902.903 4899.455 4896.006 4892.558 4888.468
4849.352 4849.976 4850.6 4852.87 4857.158 4861.446 4865.735 4870.023 4874.852 4879.741 4884.63 4889.52 4893.435 4895.524 4897.613 4899.702 4901.791 4902.868 4903.687 4904.506 4905.325 4906.212 4907.304 4908.396 4909.488 4910.58 4910.511 4909.933 4909.354 4908.777 4908.126 4907.046 4905.967 4904.887 4903.808 4903.002 4902.384 4901.767 4901.148 4900.58 4901.094 4901.609 4902.124 4902.638 4903.802 4905.634 4907.466 4909.297 4911.129 4912.298 4913.425 4914.553 4915.68 4914.776 4910.713 4906.649 4902.585 4898.522 4894.892 4891.343 4887.794 4884.246 4880.195
4841.655 4842.789 4843.922 4846.858 4852.005 4857.152 4862.299 4867.446 4872.892 4878.371 4883.851 4889.33 4893.925 4896.862 4899.798 4902.735 4905.672 4907.776 4909.668 4911.561 4913.453 4915.307 4917.043 4918.779 4920.515 4922.25 4922.168 4921.29 4920.411 4919.532 4918.491 4916.489 4914.486 4912.484 4910.481 4908.814 4907.375 4905.936 4904.498 4903.115 4902.964 4902.813 4902.663 4902.512 4903.007 4904.168 4905.33 4906.491 4907.652 4908.271 4908.857 4909.442 4910.028 4908.864 4904.977 4901.091 4897.204 4893.318 4889.589 4885.89 4882.191 4878.493 4874.326
4833.958 4835.601 4837.244 4840.847 4846.853 4852.857 4858.863 4864.868 4870.932 4877.001 4883.071 4889.141 4894.416 4898.2 4901.984 4905.769 4909.553 4912.685 4915.65 4918.615 4921.581 4924.402 4926.782 4929.162 4931.541 4933.921 4933.825 4932.646 4931.467 4930.289 4928.856 4925.931 4923.006 4920.081 4917.155 4914.625 4912.366 4910.106 4907.846 4905.649 4904.833 4904.017 4903.201 4902.385 4902.213 4902.704 4903.194 4903.685 4904.175 4904.245 4904.289 4904.332 4904.376 4902.951 4899.242 4895.532 4891.823 4888.113 4884.286 4880.438 4876.588 4872.74 4868.457
4826.261 4828.414 4830.566 4834.835 4841.7 4848.563 4855.427 4862.291 4868.971 4875.631 4882.291 4888.951 4894.905 4899.538 4904.17 4908.802 4913.434 4917.593 4921.631 4925.67 4929.708 4933.497 4936.521 4939.544 4942.568 4945.591 4945.482 4944.003 4942.524 4941.044 4939.222 4935.374 4931.525 4927.677 4923.829 4920.438 4917.356 4914.276 4911.195 4908.184 4906.703 4905.222 4903.74 4902.259 4901.418 4901.238 4901.059 4900.878 4900.698 4900.218 4899.72 4899.222 4898.724 4897.038 4893.506 4889.974 4886.441 4882.909 4878.984 4874.985 4870.985 4866.986 4862.587
4818.563 4821.226 4823.889 4828.824 4836.547 4844.269 4851.991 4859.713 4867.011 4874.261 4881.511 4888.761 4895.396 4900.875 4906.355 4911.835 4917.315 4922.501 4927.613 4932.725 4937.836 4942.592 4946.259 4949.927 4953.594 4957.262 4957.14 4955.36 4953.58 4951.8 4949.587 4944.816 4940.045 4935.274 4930.503 4926.249 4922.347 4918.446 4914.544 4910.719 4908.572 4906.426 4904.279 4902.132 4900.624 4899.773 4898.923 4898.072 4897.221 4896.192 4895.152 4894.112 4893.071 4891.125 4887.77 4884.415 4881.06 4877.704 4873.681 4869.532 4865.382 4861.233 4856.718
4812.833 4815.987 4819.142 4824.467 4832.454 4840.441 4848.428 4856.415 4863.926 4871.383 4878.841 4886.298 4893.364 4899.695 4906.026 4912.358 4918.689 4925.077 4931.48 4937.883 4944.286 4950.078 4954.003 4957.928 4961.853 4965.778 4965.714 4963.906 4962.097 4960.289 4957.976 4952.686 4947.396 4942.107 4936.818 4931.757 4926.852 4921.947 4917.042 4912.232 4909.495 4906.758 4904.021 4901.284 4899.262 4897.977 4896.692 4895.407 4894.121 4892.691 4891.252 4889.813 4888.374 4886.19 4882.847 4879.504 4876.162 4872.819 4868.672 4864.372 4860.072 4855.773 4851.16
4808.085 4811.723 4815.36 4820.937 4828.892 4836.846 4844.801 4852.755 4860.278 4867.751 4875.225 4882.699 4890.072 4897.256 4904.44 4911.625 4918.809 4926.486 4934.29 4942.093 4949.896 4956.759 4960.749 4964.738 4968.728 4972.717 4972.748 4971.046 4969.345 4967.644 4965.376 4959.771 4954.165 4948.558 4942.952 4937.113 4931.113 4925.114 4919.115 4913.233 4909.944 4906.654 4903.364 4900.075 4897.617 4896.015 4894.414 4892.812 4891.21 4889.453 4887.687 4885.92 4884.154 4881.744 4878.331 4874.918 4871.506 4868.094 4863.809 4859.359 4854.909 4850.459 4845.757
4803.338 4807.458 4811.578 4817.406 4825.329 4833.251 4841.174 4849.096 4856.63 4864.12 4871.609 4879.099 4886.779 4894.817 4902.854 4910.892 4918.929 4927.896 4937.099 4946.303 4955.506 4963.44 4967.494 4971.548 4975.602 4979.656 4979.781 4978.187 4976.593 4974.999 4972.777 4966.855 4960.932 4955.009 4949.087 4942.468 4935.375 4928.281 4921.187 4914.235 4910.393 4906.55 4902.708 4898.866 4895.972 4894.053 4892.135 4890.217 4888.298 4886.215 4884.121 4882.028 4879.934 4877.297 4873.815 4870.333 4866.85 4863.368 4858.946 4854.346 4849.746 4845.146 4840.354
4798.59 4803.193 4807.796 4813.876 4821.767 4829.657 4837.547 4845.438 4852.982 4860.488 4867.994 4875.5 4883.487 4892.377 4901.268 4910.159 4919.049 4929.305 4939.909 4950.512 4961.116 4970.122 4974.24 4978.358 4982.477 4986.595 4986.813 4985.327 4983.84 4982.354 4980.179 4973.939 4967.7 4961.46 4955.222 4947.824 4939.636 4931.448 4923.259 4915.236 4910.841 4906.447 4902.052 4897.657 4894.326 4892.091 4889.856 4887.622 4885.387 4882.977 4880.556 4878.135 4875.714 4872.851 4869.299 4865.747 4862.194 4858.643 4854.083 4849.333 4844.583 4839.832 4834.95
4793.799 4798.88 4803.961 4810.299 4818.179 4826.059 4833.938 4841.818 4849.397 4856.942 4864.487 4872.032 4880.324 4890.016 4899.708 4909.4 4919.092 4930.52 4942.391 4954.26 4966.131 4976.107 4980.29 4984.472 4988.654 4992.837 4993.164 4991.804 4990.444 4989.083 4986.982 4980.502 4974.022 4967.542 4961.062 4952.951 4943.727 4934.501 4925.277 4916.239 4911.308 4906.377 4901.446 4896.516 4892.765 4890.228 4887.692 4885.155 4882.619 4879.883 4877.136 4874.389 4871.641 4868.547 4864.913 4861.28 4857.646 4854.012 4849.329 4844.447 4839.565 4834.684 4829.737
4788.672 4794.193 4799.714 4806.365 4814.4 4822.436 4830.471 4838.506 4846.294 4854.054 4861.813 4869.573 4878.146 4888.246 4898.346 4908.446 4918.545 4930.253 4942.37 4954.487 4966.604 4976.782 4981.029 4985.276 4989.523 4993.77 4994.307 4993.22 4992.134 4991.047 4989.229 4983.086 4976.944 4970.803 4964.661 4956.333 4946.513 4936.692 4926.872 4917.247 4911.908 4906.569 4901.231 4895.893 4891.842 4889.118 4886.394 4883.669 4880.945 4877.896 4874.826 4871.757 4868.688 4865.33 4861.524 4857.719 4853.914 4850.108 4845.407 4840.536 4835.665 4830.794 4825.973
4783.546 4789.507 4795.468 4802.43 4810.622 4818.813 4827.003 4835.194 4843.19 4851.165 4859.139 4867.113 4875.968 4886.476 4896.983 4907.491 4917.999 4929.986 4942.35 4954.713 4967.077 4977.457 4981.769 4986.08 4990.391 4994.702 4995.449 4994.636 4993.824 4993.011 4991.475 4985.671 4979.867 4974.063 4968.259 4959.715 4949.299 4938.883 4928.467 4918.254 4912.508 4906.762 4901.015 4895.269 4890.919 4888.007 4885.095 4882.183 4879.271 4875.907 4872.516 4869.125 4865.733 4862.113 4858.136 4854.159 4850.182 4846.205 4841.485 4836.625 4831.764 4826.904 4822.209
4778.419 4784.82 4791.221 4798.496 4806.843 4815.189 4823.536 4831.882 4840.087 4848.276 4856.464 4864.653 4873.791 4884.706 4895.621 4906.537 4917.452 4929.719 4942.33 4954.94 4967.551 4978.132 4982.508 4986.884 4991.259 4995.635 4996.592 4996.053 4995.514 4994.975 4993.721 4988.255 4982.79 4977.324 4971.858 4963.097 4952.085 4941.074 4930.063 4919.262 4913.108 4906.954 4900.8 4894.646 4889.997 4886.896 4883.797 4880.697 4877.597 4873.919 4870.206 4866.493 4862.78 4858.896 4854.748 4850.599 4846.45 4842.301 4837.563 4832.713 4827.864 4823.014 4818.445
4773.293 4780.134 4786.975 4794.562 4803.064 4811.566 4820.068 4828.571 4836.984 4845.387 4853.791 4862.194 4871.612 4882.936 4894.259 4905.583 4916.906 4929.452 4942.309 4955.167 4968.024 4978.807 4983.248 4987.688 4992.127 4996.568 4997.734 4997.469 4997.204 4996.938 4995.968 4990.84 4985.712 4980.584 4975.457 4966.479 4954.872 4943.265 4931.658 4920.271 4913.708 4907.146 4900.584 4894.022 4889.074 4885.786 4882.499 4879.211 4875.923 4871.931 4867.896 4863.861 4859.826 4855.679 4851.359 4847.039 4842.718 4838.397 4833.641 4828.802 4823.963 4819.125 4814.681
4769.439 4776.833 4784.226 4792.18 4800.823 4809.465 4818.108 4826.75 4835.325 4843.891 4852.457 4861.023 4870.526 4881.784 4893.042 4904.3 4915.558 4927.9 4940.52 4953.138 4965.758 4976.443 4981.214 4985.986 4990.757 4995.528 4997.047 4997.144 4997.24 4997.336 4996.704 4991.778 4986.852 4981.925 4976.999 4968.065 4956.393 4944.721 4933.049 4921.589 4914.792 4907.996 4901.198 4894.402 4889.253 4885.802 4882.351 4878.9 4875.449 4871.384 4867.282 4863.179 4859.077 4854.875 4850.516 4846.157 4841.798 4837.439 4832.719 4827.931 4823.142 4818.353 4814.009
4766.565 4774.597 4782.629 4790.993 4799.764 4808.536 4817.307 4826.078 4834.776 4843.466 4852.156 4860.846 4870.279 4881.108 4891.937 4902.766 4913.594 4925.362 4937.37 4949.376 4961.384 4971.741 4977.049 4982.356 4987.665 4992.972 4994.953 4995.479 4996.004 4996.529 4996.279 4991.449 4986.619 4981.79 4976.96 4968.269 4956.94 4945.612 4934.283 4923.147 4916.249 4909.35 4902.451 4895.552 4890.281 4886.685 4883.088 4879.493 4875.896 4871.945 4867.971 4863.998 4860.024 4855.925 4851.631 4847.336 4843.042 4838.748 4834.105 4829.397 4824.689 4819.98 4815.716
4763.692 4772.362 4781.032 4789.805 4798.706 4807.605 4816.506 4825.406 4834.228 4843.041 4851.854 4860.667 4870.032 4880.432 4890.831 4901.23 4911.63 4922.823 4934.219 4945.615 4957.011 4967.039 4972.883 4978.727 4984.572 4990.416 4992.859 4993.813 4994.768 4995.723 4995.853 4991.12 4986.387 4981.654 4976.921 4968.473 4957.487 4946.502 4935.517 4924.706 4917.705 4910.704 4903.703 4896.703 4891.308 4887.567 4883.826 4880.085 4876.344 4872.505 4868.661 4864.816 4860.971 4856.976 4852.746 4848.516 4844.286 4840.056 4835.492 4830.864 4826.236 4821.608 4817.422
4760.818 4770.126 4779.435 4788.618 4797.647 4806.676 4815.705 4824.734 4833.68 4842.616 4851.553 4860.489 4869.785 4879.755 4889.726 4899.696 4909.666 4920.285 4931.069 4941.853 4952.637 4962.336 4968.717 4975.098 4981.479 4987.86 4990.765 4992.148 4993.532 4994.917 4995.428 4990.791 4986.155 4981.518 4976.881 4968.677 4958.035 4947.394 4936.751 4926.264 4919.161 4912.058 4904.956 4897.853 4892.335 4888.45 4884.564 4880.678 4876.792 4873.066 4869.35 4865.634 4861.918 4858.026 4853.861 4849.695 4845.53 4841.364 4836.878 4832.331 4827.783 4823.236 4819.129
4757.938 4767.883 4777.828 4787.42 4796.58 4805.74 4814.9 4824.06 4833.125 4842.178 4851.232 4860.286 4869.508 4879.049 4888.588 4898.128 4907.668 4917.713 4927.888 4938.062 4948.235 4957.605 4964.517 4971.429 4978.34 4985.251 4988.619 4990.437 4992.254 4994.071 4994.968 4990.435 4985.902 4981.369 4976.835 4968.878 4958.583 4948.288 4937.992 4927.832 4920.63 4913.429 4906.227 4899.026 4893.388 4889.36 4885.332 4881.303 4877.275 4873.661 4870.072 4866.483 4862.895 4859.105 4855.006 4850.907 4846.807 4842.708 4838.299 4833.833 4829.365 4824.898 4820.87
4754.683 4765.1 4775.517 4785.5 4794.949 4804.399 4813.849 4823.298 4832.117 4840.865 4849.613 4858.361 4867.211 4876.252 4885.293 4894.334 4903.375 4912.921 4922.596 4932.271 4941.946 4950.969 4957.999 4965.028 4972.058 4979.087 4982.991 4985.527 4988.063 4990.6 4992.193 4988.223 4984.253 4980.284 4976.313 4968.914 4959.171 4949.428 4939.685 4930.058 4922.975 4915.892 4908.808 4901.725 4896.158 4892.151 4888.144 4884.137 4880.13 4876.538 4872.97 4869.403 4865.835 4862.129 4858.207 4854.284 4850.362 4846.439 4842.123 4837.73 4833.339 4828.947 4824.931
4751.428 4762.317 4773.206 4783.579 4793.318 4803.058 4812.797 4822.537 4831.11 4839.552 4847.994 4856.437 4864.913 4873.456 4881.997 4890.539 4899.081 4908.128 4917.305 4926.48 4935.657 4944.333 4951.48 4958.628 4965.775 4972.923 4977.363 4980.618 4983.873 4987.128 4989.418 4986.012 4982.605 4979.199 4975.792 4968.949 4959.759 4950.569 4941.378 4932.285 4925.32 4918.354 4911.389 4904.424 4898.927 4894.942 4890.957 4886.971 4882.986 4879.415 4875.869 4872.323 4868.777 4865.153 4861.407 4857.662 4853.917 4850.171 4845.945 4841.629 4837.312 4832.996 4828.992
