data/zism_data/00246_02_D.txt
ncols         224
nrows         224
[rows 150 to 179 of 224, columns 66 to 131 of 224]
1443.517 1443.394 1443.248 1443.101 1442.955 1442.836 1442.836 1442.836 1442.836 1442.836 1442.832 1442.826 1442.82 1442.814 1442.808 1442.796 1442.784 1442.772 1442.76 1442.754 1442.754 1442.754 1442.754 1442.754 1442.591 1442.425 1442.259 1442.094 1442.072 1442.238 1442.403 1442.569 1442.735 1442.791 1442.833 1442.875 1442.917 1442.949 1442.961 1442.973 1442.985 1442.997 1442.972 1442.936 1442.9 1442.864 1442.844 1442.88 1442.916 1442.953 1442.989 1443.0 1443.0 1443.0 1443.0 1443.022 1443.187 1443.353 1443.519 1443.684 1443.849 1444.014 1444.178 1444.343 1444.507 1444.672
1443.366 1443.247 1443.101 1442.954 1442.808 1442.689 1442.689 1442.689 1442.689 1442.689 1442.682 1442.67 1442.659 1442.648 1442.635 1442.612 1442.59 1442.567 1442.544 1442.534 1442.534 1442.534 1442.534 1442.534 1442.418 1442.301 1442.183 1442.066 1442.051 1442.168 1442.286 1442.403 1442.52 1442.604 1442.684 1442.763 1442.843 1442.904 1442.927 1442.949 1442.972 1442.995 1442.947 1442.878 1442.81 1442.742 1442.705 1442.773 1442.842 1442.91 1442.978 1443.0 1443.0 1443.0 1443.0 1443.015 1443.133 1443.25 1443.367 1443.484 1443.638 1443.819 1444.0 1444.18 1444.361 1444.542
1443.215 1443.1 1442.954 1442.807 1442.661 1442.542 1442.542 1442.542 1442.542 1442.542 1442.531 1442.515 1442.498 1442.481 1442.463 1442.429 1442.396 1442.362 1442.329 1442.313 1442.313 1442.313 1442.313 1442.313 1442.245 1442.177 1442.108 1442.039 1442.03 1442.099 1442.167 1442.236 1442.305 1442.417 1442.534 1442.652 1442.769 1442.859 1442.892 1442.926 1442.959 1442.993 1442.921 1442.821 1442.72 1442.619 1442.565 1442.666 1442.767 1442.867 1442.968 1443.0 1443.0 1443.0 1443.0 1443.009 1443.078 1443.147 1443.215 1443.284 1443.427 1443.624 1443.821 1444.018 1444.214 1444.411
1443.063 1442.953 1442.807 1442.661 1442.514 1442.395 1442.395 1442.395 1442.395 1442.395 1442.381 1442.359 1442.337 1442.315 1442.291 1442.246 1442.202 1442.157 1442.113 1442.093 1442.093 1442.093 1442.093 1442.093 1442.073 1442.052 1442.032 1442.011 1442.009 1442.029 1442.05 1442.07 1442.09 1442.23 1442.385 1442.54 1442.695 1442.813 1442.857 1442.902 1442.946 1442.99 1442.896 1442.763 1442.63 1442.497 1442.426 1442.559 1442.692 1442.825 1442.958 1443.0 1443.0 1443.0 1443.0 1443.003 1443.023 1443.043 1443.064 1443.084 1443.216 1443.429 1443.642 1443.855 1444.068 1444.281
1442.871 1442.771 1442.634 1442.497 1442.359 1442.248 1442.248 1442.248 1442.248 1442.248 1442.235 1442.213 1442.192 1442.171 1442.148 1442.105 1442.062 1442.02 1441.977 1441.957 1441.957 1441.957 1441.957 1441.957 1441.939 1441.92 1441.901 1441.883 1441.88 1441.899 1441.918 1441.937 1441.955 1442.089 1442.238 1442.387 1442.536 1442.65 1442.693 1442.735 1442.778 1442.82 1442.73 1442.602 1442.474 1442.346 1442.283 1442.432 1442.582 1442.732 1442.881 1442.94 1442.955 1442.971 1442.986 1443.0 1443.0 1443.0 1443.0 1443.0 1443.127 1443.347 1443.567 1443.787 1444.006 1444.207
1442.65 1442.562 1442.441 1442.32 1442.199 1442.101 1442.101 1442.101 1442.101 1442.101 1442.091 1442.075 1442.059 1442.043 1442.026 1441.994 1441.962 1441.931 1441.899 1441.884 1441.884 1441.884 1441.884 1441.884 1441.834 1441.783 1441.732 1441.681 1441.674 1441.725 1441.776 1441.827 1441.878 1441.982 1442.094 1442.205 1442.317 1442.401 1442.433 1442.465 1442.497 1442.529 1442.461 1442.365 1442.27 1442.175 1442.137 1442.292 1442.447 1442.602 1442.757 1442.835 1442.878 1442.921 1442.963 1443.0 1443.0 1443.0 1443.0 1443.0 1443.127 1443.347 1443.567 1443.787 1444.005 1444.174
1442.428 1442.354 1442.249 1442.144 1442.039 1441.954 1441.954 1441.954 1441.954 1441.954 1441.948 1441.937 1441.926 1441.916 1441.904 1441.883 1441.862 1441.841 1441.82 1441.81 1441.81 1441.81 1441.81 1441.81 1441.728 1441.645 1441.562 1441.478 1441.468 1441.551 1441.634 1441.717 1441.801 1441.876 1441.949 1442.023 1442.097 1442.153 1442.174 1442.195 1442.216 1442.237 1442.192 1442.129 1442.066 1442.003 1441.991 1442.152 1442.312 1442.473 1442.633 1442.731 1442.801 1442.87 1442.94 1443.0 1443.0 1443.0 1443.0 1443.0 1443.127 1443.347 1443.567 1443.787 1444.004 1444.14
1442.206 1442.145 1442.057 1441.968 1441.879 1441.807 1441.807 1441.807 1441.807 1441.807 1441.804 1441.799 1441.794 1441.788 1441.783 1441.773 1441.762 1441.752 1441.742 1441.737 1441.737 1441.737 1441.737 1441.737 1441.623 1441.507 1441.392 1441.276 1441.261 1441.377 1441.492 1441.608 1441.724 1441.769 1441.805 1441.841 1441.877 1441.904 1441.915 1441.925 1441.935 1441.946 1441.924 1441.893 1441.862 1441.831 1441.846 1442.011 1442.177 1442.343 1442.509 1442.627 1442.724 1442.82 1442.916 1443.0 1443.0 1443.0 1443.0 1443.0 1443.127 1443.347 1443.567 1443.787 1444.003 1444.107
1441.984 1441.937 1441.864 1441.792 1441.719 1441.66 1441.66 1441.66 1441.66 1441.66 1441.66 1441.66 1441.66 1441.66 1441.66 1441.66 1441.66 1441.66 1441.66 1441.66 1441.66 1441.66 1441.66 1441.66 1441.517 1441.371 1441.225 1441.079 1441.059 1441.203 1441.347 1441.49 1441.634 1441.651 1441.651 1441.651 1441.651 1441.651 1441.652 1441.652 1441.653 1441.654 1441.655 1441.656 1441.658 1441.659 1441.7 1441.871 1442.043 1442.214 1442.385 1442.523 1442.645 1442.766 1442.888 1442.994 1442.995 1442.997 1442.998 1442.999 1443.127 1443.346 1443.565 1443.784 1443.999 1444.073
1441.765 1441.728 1441.672 1441.615 1441.559 1441.513 1441.513 1441.513 1441.513 1441.513 1441.513 1441.513 1441.513 1441.513 1441.513 1441.513 1441.513 1441.513 1441.513 1441.513 1441.513 1441.513 1441.513 1441.513 1441.385 1441.256 1441.126 1440.997 1440.958 1441.037 1441.116 1441.195 1441.274 1441.283 1441.283 1441.283 1441.283 1441.289 1441.306 1441.323 1441.339 1441.356 1441.386 1441.42 1441.454 1441.487 1441.556 1441.738 1441.92 1442.102 1442.284 1442.418 1442.529 1442.639 1442.75 1442.851 1442.885 1442.918 1442.952 1442.986 1443.118 1443.321 1443.523 1443.726 1443.926 1444.016
1441.546 1441.52 1441.479 1441.439 1441.399 1441.366 1441.366 1441.366 1441.366 1441.366 1441.366 1441.366 1441.366 1441.366 1441.366 1441.366 1441.366 1441.366 1441.366 1441.366 1441.366 1441.366 1441.366 1441.366 1441.255 1441.141 1441.027 1440.914 1440.856 1440.871 1440.885 1440.9 1440.914 1440.916 1440.916 1440.916 1440.916 1440.927 1440.96 1440.993 1441.026 1441.059 1441.118 1441.184 1441.25 1441.316 1441.411 1441.604 1441.797 1441.99 1442.183 1442.312 1442.412 1442.513 1442.613 1442.708 1442.774 1442.84 1442.906 1442.972 1443.108 1443.295 1443.482 1443.668 1443.853 1443.959
1441.327 1441.311 1441.287 1441.263 1441.239 1441.219 1441.219 1441.219 1441.219 1441.219 1441.219 1441.219 1441.219 1441.219 1441.219 1441.219 1441.219 1441.219 1441.219 1441.219 1441.219 1441.219 1441.219 1441.219 1441.123 1441.026 1440.929 1440.831 1440.755 1440.704 1440.654 1440.604 1440.554 1440.548 1440.548 1440.548 1440.548 1440.565 1440.614 1440.663 1440.712 1440.761 1440.849 1440.947 1441.046 1441.144 1441.267 1441.47 1441.674 1441.878 1442.081 1442.207 1442.296 1442.386 1442.475 1442.566 1442.664 1442.762 1442.86 1442.959 1443.099 1443.27 1443.44 1443.611 1443.78 1443.902
1441.108 1441.103 1441.095 1441.087 1441.079 1441.072 1441.072 1441.072 1441.072 1441.072 1441.072 1441.072 1441.072 1441.072 1441.072 1441.072 1441.072 1441.072 1441.072 1441.072 1441.072 1441.072 1441.072 1441.072 1440.992 1440.911 1440.83 1440.749 1440.653 1440.538 1440.424 1440.309 1440.194 1440.181 1440.181 1440.181 1440.181 1440.203 1440.268 1440.333 1440.399 1440.464 1440.58 1440.711 1440.842 1440.972 1441.122 1441.337 1441.551 1441.766 1441.98 1442.102 1442.18 1442.259 1442.338 1442.423 1442.553 1442.684 1442.815 1442.945 1443.089 1443.244 1443.398 1443.553 1443.707 1443.845
1440.887 1440.888 1440.888 1440.888 1440.888 1440.888 1440.888 1440.888 1440.888 1440.888 1440.888 1440.888 1440.888 1440.888 1440.888 1440.888 1440.888 1440.888 1440.888 1440.888 1440.888 1440.888 1440.888 1440.888 1440.824 1440.759 1440.694 1440.629 1440.536 1440.405 1440.275 1440.145 1440.015 1440.0 1440.0 1440.0 1440.0 1440.023 1440.09 1440.158 1440.226 1440.294 1440.427 1440.579 1440.731 1440.883 1441.05 1441.264 1441.478 1441.693 1441.907 1442.023 1442.094 1442.164 1442.235 1442.316 1442.471 1442.626 1442.78 1442.935 1443.085 1443.231 1443.378 1443.524 1443.671 1443.817
1440.663 1440.668 1440.668 1440.668 1440.668 1440.668 1440.668 1440.668 1440.668 1440.668 1440.668 1440.668 1440.668 1440.668 1440.668 1440.668 1440.668 1440.668 1440.668 1440.668 1440.668 1440.668 1440.668 1440.668 1440.62 1440.571 1440.522 1440.473 1440.403 1440.305 1440.207 1440.109 1440.011 1440.0 1440.0 1440.0 1440.0 1440.019 1440.076 1440.133 1440.19 1440.247 1440.387 1440.55 1440.712 1440.875 1441.047 1441.251 1441.454 1441.658 1441.861 1441.97 1442.036 1442.101 1442.166 1442.245 1442.416 1442.587 1442.757 1442.928 1443.085 1443.231 1443.378 1443.524 1443.671 1443.817
1440.44 1440.447 1440.447 1440.447 1440.447 1440.447 1440.447 1440.447 1440.447 1440.447 1440.447 1440.447 1440.447 1440.447 1440.447 1440.447 1440.447 1440.447 1440.447 1440.447 1440.447 1440.447 1440.447 1440.447 1440.415 1440.382 1440.349 1440.317 1440.27 1440.204 1440.139 1440.073 1440.008 1440.0 1440.0 1440.0 1440.0 1440.015 1440.062 1440.108 1440.154 1440.2 1440.346 1440.52 1440.693 1440.867 1441.045 1441.237 1441.43 1441.623 1441.816 1441.918 1441.978 1442.037 1442.097 1442.173 1442.36 1442.547 1442.734 1442.921 1443.085 1443.231 1443.378 1443.524 1443.671 1443.817
1440.217 1440.227 1440.227 1440.227 1440.227 1440.227 1440.227 1440.227 1440.227 1440.227 1440.227 1440.227 1440.227 1440.227 1440.227 1440.227 1440.227 1440.227 1440.227 1440.227 1440.227 1440.227 1440.227 1440.227 1440.21 1440.194 1440.177 1440.161 1440.137 1440.104 1440.07 1440.037 1440.004 1440.0 1440.0 1440.0 1440.0 1440.012 1440.047 1440.083 1440.118 1440.154 1440.306 1440.49 1440.674 1440.859 1441.042 1441.224 1441.406 1441.588 1441.77 1441.865 1441.92 1441.974 1442.028 1442.102 1442.305 1442.508 1442.712 1442.915 1443.085 1443.231 1443.378 1443.524 1443.671 1443.817
1439.994 1440.006 1440.006 1440.006 1440.006 1440.006 1440.006 1440.006 1440.006 1440.006 1440.006 1440.006 1440.006 1440.006 1440.006 1440.006 1440.006 1440.006 1440.006 1440.006 1440.006 1440.006 1440.006 1440.006 1440.006 1440.005 1440.005 1440.005 1440.004 1440.003 1440.002 1440.001 1440.0 1440.0 1440.0 1440.0 1440.0 1440.008 1440.033 1440.058 1440.082 1440.107 1440.265 1440.46 1440.655 1440.85 1441.04 1441.211 1441.382 1441.553 1441.724 1441.813 1441.862 1441.911 1441.959 1442.031 1442.25 1442.469 1442.689 1442.908 1443.085 1443.231 1443.378 1443.524 1443.671 1443.817
1439.772 1439.786 1439.786 1439.786 1439.786 1439.786 1439.786 1439.786 1439.786 1439.786 1439.786 1439.786 1439.786 1439.786 1439.786 1439.786 1439.786 1439.786 1439.786 1439.786 1439.786 1439.786 1439.786 1439.786 1439.786 1439.786 1439.786 1439.786 1439.8 1439.831 1439.862 1439.894 1439.925 1439.943 1439.958 1439.974 1439.99 1440.006 1440.026 1440.045 1440.064 1440.083 1440.207 1440.361 1440.515 1440.668 1440.828 1441.009 1441.191 1441.372 1441.553 1441.669 1441.755 1441.84 1441.926 1442.029 1442.248 1442.468 1442.688 1442.908 1443.085 1443.231 1443.378 1443.524 1443.671 1443.817
1439.55 1439.566 1439.566 1439.566 1439.566 1439.566 1439.566 1439.566 1439.566 1439.566 1439.566 1439.566 1439.566 1439.566 1439.566 1439.566 1439.566 1439.566 1439.566 1439.566 1439.566 1439.566 1439.566 1439.566 1439.566 1439.566 1439.566 1439.566 1439.593 1439.657 1439.72 1439.784 1439.848 1439.883 1439.915 1439.947 1439.979 1440.005 1440.018 1440.032 1440.046 1440.06 1440.149 1440.26 1440.37 1440.481 1440.61 1440.802 1440.994 1441.186 1441.379 1441.524 1441.647 1441.77 1441.893 1442.029 1442.248 1442.468 1442.688 1442.908 1443.085 1443.231 1443.378 1443.524 1443.671 1443.817
1439.328 1439.345 1439.345 1439.345 1439.345 1439.345 1439.345 1439.345 1439.345 1439.345 1439.345 1439.345 1439.345 1439.345 1439.345 1439.345 1439.345 1439.345 1439.345 1439.345 1439.345 1439.345 1439.345 1439.345 1439.345 1439.345 1439.345 1439.345 1439.387 1439.483 1439.579 1439.675 1439.771 1439.824 1439.872 1439.92 1439.968 1440.003 1440.011 1440.02 1440.028 1440.036 1440.091 1440.158 1440.226 1440.293 1440.392 1440.595 1440.798 1441.001 1441.204 1441.378 1441.539 1441.699 1441.86 1442.029 1442.248 1442.468 1442.688 1442.908 1443.085 1443.231 1443.378 1443.524 1443.671 1443.817
1439.106 1439.125 1439.125 1439.125 1439.125 1439.125 1439.125 1439.125 1439.125 1439.125 1439.125 1439.125 1439.125 1439.125 1439.125 1439.125 1439.125 1439.125 1439.125 1439.125 1439.125 1439.125 1439.125 1439.125 1439.125 1439.125 1439.125 1439.125 1439.18 1439.309 1439.437 1439.565 1439.693 1439.765 1439.829 1439.893 1439.957 1440.001 1440.004 1440.007 1440.01 1440.013 1440.033 1440.057 1440.082 1440.106 1440.174 1440.388 1440.601 1440.815 1441.029 1441.232 1441.431 1441.629 1441.827 1442.029 1442.248 1442.468 1442.688 1442.908 1443.085 1443.231 1443.378 1443.524 1443.671 1443.817
1438.887 1438.904 1438.904 1438.904 1438.904 1438.904 1438.904 1438.904 1438.904 1438.904 1438.904 1438.904 1438.904 1438.904 1438.904 1438.904 1438.904 1438.904 1438.904 1438.904 1438.904 1438.904 1438.904 1438.904 1438.904 1438.904 1438.904 1438.904 1438.971 1439.124 1439.278 1439.431 1439.585 1439.661 1439.728 1439.794 1439.86 1439.906 1439.914 1439.921 1439.928 1439.935 1439.947 1439.961 1439.975 1439.989 1440.051 1440.271 1440.49 1440.71 1440.93 1441.15 1441.369 1441.589 1441.809 1442.029 1442.248 1442.468 1442.688 1442.908 1443.085 1443.231 1443.378 1443.524 1443.671 1443.817
1438.671 1438.684 1438.684 1438.684 1438.684 1438.684 1438.684 1438.684 1438.684 1438.684 1438.684 1438.684 1438.684 1438.684 1438.684 1438.684 1438.684 1438.684 1438.684 1438.684 1438.684 1438.684 1438.684 1438.684 1438.684 1438.684 1438.684 1438.684 1438.757 1438.927 1439.097 1439.266 1439.436 1439.5 1439.55 1439.6 1439.65 1439.691 1439.715 1439.738 1439.761 1439.784 1439.825 1439.872 1439.918 1439.964 1440.051 1440.271 1440.49 1440.71 1440.93 1441.15 1441.369 1441.589 1441.809 1442.029 1442.248 1442.468 1442.688 1442.908 1443.085 1443.231 1443.378 1443.524 1443.671 1443.817
1438.454 1438.463 1438.463 1438.463 1438.463 1438.463 1438.463 1438.463 1438.463 1438.463 1438.463 1438.463 1438.463 1438.463 1438.463 1438.463 1438.463 1438.463 1438.463 1438.463 1438.463 1438.463 1438.463 1438.463 1438.463 1438.463 1438.463 1438.463 1438.544 1438.73 1438.916 1439.101 1439.287 1439.339 1439.373 1439.407 1439.441 1439.476 1439.516 1439.555 1439.594 1439.634 1439.704 1439.782 1439.861 1439.94 1440.051 1440.271 1440.49 1440.71 1440.93 1441.15 1441.369 1441.589 1441.809 1442.029 1442.248 1442.468 1442.688 1442.908 1443.085 1443.231 1443.378 1443.524 1443.671 1443.817
1438.238 1438.243 1438.243 1438.243 1438.243 1438.243 1438.243 1438.243 1438.243 1438.243 1438.243 1438.243 1438.243 1438.243 1438.243 1438.243 1438.243 1438.243 1438.243 1438.243 1438.243 1438.243 1438.243 1438.243 1438.243 1438.243 1438.243 1438.243 1438.331 1438.533 1438.734 1438.937 1439.138 1439.178 1439.195 1439.213 1439.231 1439.261 1439.317 1439.372 1439.428 1439.483 1439.582 1439.693 1439.804 1439.915 1440.051 1440.271 1440.49 1440.71 1440.93 1441.15 1441.369 1441.589 1441.809 1442.029 1442.248 1442.468 1442.688 1442.908 1443.085 1443.231 1443.378 1443.524 1443.671 1443.817
1438.022 1438.022 1438.022 1438.022 1438.022 1438.022 1438.022 1438.022 1438.022 1438.022 1438.022 1438.022 1438.022 1438.022 1438.022 1438.022 1438.022 1438.022 1438.022 1438.022 1438.022 1438.022 1438.022 1438.022 1438.022 1438.022 1438.022 1438.022 1438.117 1438.335 1438.553 1438.771 1438.99 1439.016 1439.018 1439.02 1439.021 1439.046 1439.118 1439.189 1439.261 1439.333 1439.46 1439.604 1439.747 1439.89 1440.051 1440.271 1440.49 1440.71 1440.93 1441.15 1441.369 1441.589 1441.809 1442.029 1442.248 1442.468 1442.688 1442.908 1443.085 1443.231 1443.378 1443.524 1443.671 1443.817
1437.823 1437.831 1437.841 1437.85 1437.86 1437.868 1437.868 1437.868 1437.868 1437.868 1437.868 1437.868 1437.868 1437.868 1437.868 1437.868 1437.868 1437.868 1437.868 1437.868 1437.868 1437.868 1437.868 1437.868 1437.868 1437.868 1437.868 1437.868 1437.957 1438.162 1438.368 1438.573 1438.778 1438.828 1438.857 1438.886 1438.915 1438.963 1439.051 1439.139 1439.227 1439.314 1439.448 1439.594 1439.741 1439.887 1440.051 1440.271 1440.49 1440.71 1440.93 1441.15 1441.369 1441.589 1441.809 1442.029 1442.248 1442.468 1442.688 1442.908 1443.085 1443.231 1443.378 1443.524 1443.671 1443.817
1437.625 1437.643 1437.664 1437.684 1437.704 1437.721 1437.721 1437.721 1437.721 1437.721 1437.721 1437.721 1437.721 1437.721 1437.721 1437.721 1437.721 1437.721 1437.721 1437.721 1437.721 1437.721 1437.721 1437.721 1437.721 1437.721 1437.721 1437.721 1437.803 1437.992 1438.181 1438.37 1438.56 1438.636 1438.697 1438.758 1438.82 1438.895 1438.999 1439.103 1439.207 1439.311 1439.448 1439.594 1439.741 1439.887 1440.051 1440.271 1440.49 1440.71 1440.93 1441.15 1441.369 1441.589 1441.809 1442.029 1442.248 1442.468 1442.688 1442.908 1443.085 1443.231 1443.378 1443.524 1443.671 1443.817
1437.428 1437.455 1437.486 1437.517 1437.549 1437.574 1437.574 1437.574 1437.574 1437.574 1437.574 1437.574 1437.574 1437.574 1437.574 1437.574 1437.574 1437.574 1437.574 1437.574 1437.574 1437.574 1437.574 1437.574 1437.574 1437.574 1437.574 1437.574 1437.649 1437.822 1437.995 1438.168 1438.341 1438.444 1438.537 1438.631 1438.725 1438.827 1438.947 1439.067 1439.187 1439.307 1439.448 1439.594 1439.741 1439.887 1440.051 1440.271 1440.49 1440.71 1440.93 1441.15 1441.369 1441.589 1441.809 1442.029 1442.248 1442.468 1442.688 1442.908 1443.085 1443.231 1443.378 1443.524 1443.671 1443.817
