data/zism_data/00241_04_D.txt
ncols         224
nrows         224
[rows 140 to 167 of 224, columns 128 to 191 of 224]
1295.37 1297.926 1296.88 1295.767 1294.654 1293.541 1290.867 1286.141 1281.415 1276.69 1271.964 1265.911 1259.682 1253.453 1247.224 1241.186 1235.53 1229.875 1224.219 1218.564 1214.619 1211.146 1207.673 1204.2 1201.461 1201.122 1200.784 1200.445 1200.107 1200.0 1200.0 1200.0 1200.0 1200.0 1200.0 1200.0 1200.0 1200.0 1200.0 1200.0 1200.0 1200.0 1200.0 1200.0 1200.0 1200.0 1200.0 1200.0 1200.0 1200.0 1200.0 1200.0 1200.0 1200.0 1200.0 1200.0 1200.0 1200.0 1200.0 1200.0 1200.0 1200.0 1200.0 1200.0
1296.398 1299.102 1298.09 1297.009 1295.928 1294.847 1292.015 1286.882 1281.749 1276.616 1271.484 1265.186 1258.734 1252.281 1245.829 1239.646 1234.003 1228.359 1222.716 1217.073 1213.355 1210.168 1206.981 1203.795 1201.285 1200.991 1200.697 1200.403 1200.109 1200.029 1200.048 1200.066 1200.085 1200.101 1200.101 1200.101 1200.101 1200.101 1200.088 1200.066 1200.044 1200.021 1200.0 1200.0 1200.0 1200.0 1200.0 1200.004 1200.011 1200.018 1200.026 1200.033 1200.124 1200.22 1200.316 1200.412 1200.508 1200.604 1200.7 1200.796 1200.892 1200.877 1200.84 1200.803
1296.52 1299.321 1298.232 1297.069 1295.907 1294.745 1291.664 1286.061 1280.458 1274.855 1269.252 1262.704 1256.03 1249.355 1242.681 1236.397 1230.895 1225.392 1219.889 1214.387 1211.105 1208.438 1205.77 1203.102 1201.006 1200.783 1200.559 1200.336 1200.112 1200.073 1200.118 1200.164 1200.209 1200.248 1200.248 1200.248 1200.248 1200.248 1200.216 1200.162 1200.107 1200.053 1200.0 1200.0 1200.0 1200.0 1200.0 1200.009 1200.027 1200.045 1200.063 1200.082 1200.304 1200.541 1200.778 1201.014 1201.251 1201.487 1201.724 1201.961 1202.197 1202.159 1202.068 1201.977
1296.642 1299.541 1298.373 1297.13 1295.887 1294.644 1291.313 1285.24 1279.167 1273.093 1267.02 1260.221 1253.325 1246.429 1239.534 1233.149 1227.787 1222.424 1217.062 1211.7 1208.856 1206.707 1204.558 1202.41 1200.728 1200.574 1200.421 1200.268 1200.114 1200.116 1200.188 1200.261 1200.333 1200.396 1200.396 1200.396 1200.396 1200.396 1200.345 1200.258 1200.171 1200.084 1200.0 1200.0 1200.0 1200.0 1200.0 1200.014 1200.043 1200.072 1200.101 1200.13 1200.485 1200.862 1201.24 1201.617 1201.994 1202.371 1202.748 1203.125 1203.502 1203.442 1203.297 1203.152
1296.764 1299.76 1298.515 1297.191 1295.866 1294.542 1290.962 1284.419 1277.875 1271.332 1264.788 1257.738 1250.621 1243.504 1236.386 1229.9 1224.679 1219.457 1214.235 1209.014 1206.606 1204.977 1203.347 1201.717 1200.449 1200.366 1200.283 1200.2 1200.117 1200.159 1200.258 1200.358 1200.457 1200.543 1200.543 1200.543 1200.543 1200.543 1200.474 1200.354 1200.235 1200.115 1200.0 1200.0 1200.0 1200.0 1200.0 1200.019 1200.059 1200.099 1200.139 1200.179 1200.666 1201.184 1201.701 1202.219 1202.737 1203.254 1203.772 1204.29 1204.807 1204.725 1204.526 1204.327
1296.804 1299.919 1298.577 1297.153 1295.729 1294.305 1290.477 1283.492 1276.507 1269.522 1262.537 1255.247 1247.917 1240.587 1233.257 1226.691 1221.656 1216.62 1211.585 1206.549 1204.556 1203.403 1202.25 1201.097 1200.214 1200.212 1200.209 1200.207 1200.205 1200.293 1200.421 1200.549 1200.678 1200.786 1200.767 1200.749 1200.73 1200.711 1200.613 1200.458 1200.304 1200.149 1200.0 1200.0 1200.0 1200.0 1200.0 1200.036 1200.11 1200.184 1200.258 1200.331 1200.992 1201.692 1202.393 1203.093 1203.786 1204.467 1205.149 1205.83 1206.512 1206.403 1206.141 1205.879
1296.425 1299.767 1298.239 1296.62 1295.001 1293.382 1289.316 1282.033 1274.751 1267.468 1260.186 1252.714 1245.216 1237.718 1230.221 1223.682 1219.063 1214.443 1209.824 1205.205 1203.509 1202.621 1201.733 1200.845 1200.196 1200.329 1200.462 1200.595 1200.728 1200.884 1201.05 1201.217 1201.383 1201.509 1201.376 1201.244 1201.112 1200.979 1200.806 1200.602 1200.399 1200.196 1200.0 1200.0 1200.0 1200.0 1200.0 1200.109 1200.335 1200.56 1200.785 1201.01 1202.05 1203.145 1204.24 1205.335 1206.379 1207.341 1208.304 1209.266 1210.229 1210.075 1209.705 1209.335
1296.046 1299.615 1297.9 1296.087 1294.273 1292.46 1288.154 1280.575 1272.995 1265.415 1257.835 1250.18 1242.515 1234.85 1227.185 1220.672 1216.469 1212.266 1208.064 1203.861 1202.462 1201.839 1201.216 1200.593 1200.178 1200.447 1200.715 1200.983 1201.251 1201.476 1201.68 1201.884 1202.088 1202.231 1201.985 1201.74 1201.494 1201.248 1200.999 1200.747 1200.495 1200.243 1200.0 1200.0 1200.0 1200.0 1200.0 1200.183 1200.56 1200.936 1201.313 1201.69 1203.109 1204.598 1206.088 1207.577 1208.971 1210.215 1211.459 1212.702 1213.946 1213.747 1213.269 1212.791
1295.667 1299.463 1297.562 1295.554 1293.545 1291.537 1286.993 1279.116 1271.239 1263.362 1255.485 1247.647 1239.814 1231.981 1224.148 1217.663 1213.876 1210.09 1206.303 1202.516 1201.416 1201.057 1200.699 1200.341 1200.161 1200.564 1200.968 1201.371 1201.774 1202.067 1202.309 1202.551 1202.793 1202.954 1202.594 1202.235 1201.876 1201.516 1201.191 1200.891 1200.59 1200.29 1200.0 1200.0 1200.0 1200.0 1200.0 1200.257 1200.785 1201.313 1201.841 1202.369 1204.167 1206.051 1207.935 1209.819 1211.564 1213.089 1214.614 1216.138 1217.663 1217.42 1216.833 1216.247
1295.289 1299.312 1297.223 1295.02 1292.818 1290.615 1285.832 1277.657 1269.483 1261.308 1253.134 1245.113 1237.113 1229.113 1221.112 1214.654 1211.283 1207.913 1204.542 1201.172 1200.369 1200.276 1200.182 1200.089 1200.143 1200.682 1201.22 1201.759 1202.297 1202.659 1202.938 1203.218 1203.498 1203.676 1203.203 1202.73 1202.258 1201.785 1201.384 1201.035 1200.686 1200.337 1200.0 1200.0 1200.0 1200.0 1200.0 1200.33 1201.01 1201.689 1202.368 1203.048 1205.225 1207.504 1209.783 1212.061 1214.157 1215.963 1217.769 1219.574 1221.38 1221.092 1220.397 1219.703
1295.166 1299.055 1296.55 1293.925 1291.3 1288.675 1283.531 1275.077 1266.623 1258.168 1249.714 1241.822 1234.004 1226.186 1218.368 1212.198 1209.328 1206.457 1203.587 1200.717 1200.266 1200.483 1200.7 1200.917 1201.235 1201.888 1202.541 1203.193 1203.846 1204.13 1204.245 1204.359 1204.474 1204.49 1203.876 1203.262 1202.647 1202.033 1201.549 1201.158 1200.768 1200.377 1200.001 1200.022 1200.043 1200.064 1200.085 1200.624 1201.71 1202.796 1203.882 1204.969 1207.473 1210.072 1212.672 1215.272 1217.603 1219.508 1221.413 1223.318 1225.223 1224.816 1223.96 1223.105
1295.182 1298.741 1295.694 1292.523 1289.352 1286.182 1280.611 1271.886 1263.162 1254.437 1245.713 1238.118 1230.673 1223.228 1215.783 1210.043 1207.719 1205.395 1203.071 1200.746 1200.676 1201.228 1201.78 1202.332 1202.932 1203.687 1204.443 1205.198 1205.953 1206.081 1205.92 1205.759 1205.598 1205.355 1204.583 1203.812 1203.041 1202.27 1201.699 1201.271 1200.842 1200.413 1200.002 1200.055 1200.109 1200.162 1200.216 1201.037 1202.669 1204.301 1205.933 1207.565 1210.367 1213.248 1216.129 1219.01 1221.513 1223.418 1225.323 1227.228 1229.133 1228.567 1227.523 1226.479
1295.198 1298.428 1294.838 1291.122 1287.405 1283.688 1277.69 1268.696 1259.701 1250.706 1241.711 1234.414 1227.342 1220.27 1213.198 1207.889 1206.111 1204.332 1202.554 1200.776 1201.086 1201.973 1202.86 1203.748 1204.628 1205.486 1206.344 1207.202 1208.061 1208.032 1207.595 1207.159 1206.722 1206.219 1205.291 1204.363 1203.435 1202.507 1201.849 1201.383 1200.916 1200.45 1200.003 1200.089 1200.175 1200.261 1200.347 1201.45 1203.628 1205.806 1207.984 1210.162 1213.262 1216.424 1219.586 1222.748 1225.423 1227.328 1229.233 1231.138 1233.043 1232.319 1231.086 1229.852
1295.214 1298.114 1293.983 1289.72 1285.457 1281.194 1274.77 1265.505 1256.24 1246.975 1237.71 1230.709 1224.01 1217.312 1210.613 1205.734 1204.502 1203.27 1202.037 1200.805 1201.496 1202.719 1203.941 1205.163 1206.325 1207.285 1208.246 1209.207 1210.168 1209.983 1209.271 1208.558 1207.846 1207.083 1205.998 1204.914 1203.829 1202.744 1201.999 1201.495 1200.991 1200.486 1200.004 1200.123 1200.241 1200.359 1200.478 1201.863 1204.587 1207.311 1210.035 1212.759 1216.157 1219.6 1223.043 1226.486 1229.334 1231.239 1233.144 1235.049 1236.954 1236.071 1234.648 1233.226
1295.234 1297.835 1293.224 1288.479 1283.734 1278.99 1272.17 1262.624 1253.078 1243.532 1233.986 1227.284 1220.96 1214.637 1208.313 1203.871 1203.2 1202.528 1201.856 1201.185 1202.254 1203.804 1205.354 1206.903 1208.325 1209.328 1210.33 1211.333 1212.336 1211.977 1210.99 1210.003 1209.016 1207.993 1206.74 1205.487 1204.233 1202.98 1202.144 1201.604 1201.064 1200.524 1200.01 1200.189 1200.369 1200.548 1200.727 1202.413 1205.69 1208.967 1212.244 1215.521 1219.206 1222.917 1226.629 1230.34 1233.338 1235.207 1237.075 1238.944 1240.813 1239.745 1238.109 1236.472
1295.284 1297.787 1293.122 1288.323 1283.524 1278.725 1271.723 1261.826 1251.928 1242.031 1232.134 1225.734 1219.799 1213.865 1207.93 1203.968 1203.956 1203.944 1203.932 1203.919 1205.347 1207.173 1208.998 1210.824 1212.371 1213.006 1213.641 1214.276 1214.911 1214.255 1213.003 1211.751 1210.5 1209.214 1207.712 1206.21 1204.708 1203.206 1202.255 1201.693 1201.131 1200.569 1200.043 1200.477 1200.91 1201.344 1201.777 1203.885 1207.762 1211.64 1215.517 1219.394 1223.288 1227.183 1231.079 1234.974 1237.976 1239.563 1241.151 1242.738 1244.326 1242.896 1240.881 1238.866
1295.334 1297.74 1293.02 1288.167 1283.314 1278.461 1271.276 1261.027 1250.779 1240.53 1230.282 1224.184 1218.639 1213.093 1207.548 1204.065 1204.712 1205.359 1206.006 1206.654 1208.44 1210.542 1212.643 1214.744 1216.416 1216.684 1216.951 1217.219 1217.486 1216.532 1215.016 1213.499 1211.983 1210.435 1208.684 1206.933 1205.183 1203.432 1202.365 1201.781 1201.198 1200.615 1200.077 1200.765 1201.452 1202.14 1202.827 1205.357 1209.835 1214.312 1218.789 1223.266 1227.37 1231.449 1235.529 1239.608 1242.613 1243.92 1245.226 1246.532 1247.839 1246.046 1243.653 1241.26
1295.384 1297.693 1292.918 1288.011 1283.103 1278.196 1270.829 1260.229 1249.629 1239.029 1228.429 1222.634 1217.478 1212.321 1207.165 1204.161 1205.468 1206.775 1208.082 1209.388 1211.534 1213.911 1216.288 1218.665 1220.462 1220.362 1220.262 1220.161 1220.061 1218.81 1217.029 1215.248 1213.466 1211.656 1209.656 1207.657 1205.658 1203.658 1202.475 1201.87 1201.265 1200.66 1200.111 1201.052 1201.994 1202.936 1203.877 1206.83 1211.907 1216.984 1222.061 1227.138 1231.453 1235.716 1239.979 1244.242 1247.251 1248.276 1249.302 1250.327 1251.352 1249.197 1246.425 1243.654
1295.434 1297.645 1292.815 1287.854 1282.893 1277.932 1270.382 1259.431 1248.479 1237.528 1226.577 1221.084 1216.317 1211.55 1206.783 1204.258 1206.224 1208.19 1210.157 1212.123 1214.627 1217.28 1219.932 1222.585 1224.507 1224.04 1223.572 1223.104 1222.637 1221.088 1219.042 1216.996 1214.95 1212.876 1210.628 1208.38 1206.132 1203.884 1202.585 1201.959 1201.332 1200.706 1200.144 1201.34 1202.536 1203.731 1204.927 1208.302 1213.979 1219.656 1225.333 1231.01 1235.535 1239.982 1244.428 1248.875 1251.888 1252.633 1253.377 1254.121 1254.865 1252.347 1249.198 1246.047
1295.622 1297.63 1292.776 1287.794 1282.811 1277.829 1270.266 1259.31 1248.354 1237.399 1226.443 1221.661 1217.699 1213.738 1209.777 1207.963 1210.45 1212.937 1215.423 1217.91 1220.318 1222.705 1225.091 1227.477 1229.086 1228.152 1227.217 1226.283 1225.348 1223.388 1220.954 1218.521 1216.088 1213.651 1211.198 1208.744 1206.291 1203.837 1202.533 1202.043 1201.554 1201.064 1200.656 1202.44 1204.223 1206.007 1207.791 1211.611 1217.584 1223.557 1229.53 1235.503 1240.154 1244.715 1249.276 1253.837 1256.776 1257.146 1257.517 1257.888 1258.258 1255.332 1251.768 1248.203
1295.897 1297.635 1292.776 1287.794 1282.811 1277.829 1270.359 1259.62 1248.88 1238.141 1227.402 1223.589 1220.698 1217.807 1214.916 1213.96 1216.88 1219.799 1222.718 1225.637 1227.661 1229.436 1231.211 1232.987 1234.004 1232.54 1231.076 1229.611 1228.147 1225.701 1222.803 1219.905 1217.006 1214.144 1211.512 1208.88 1206.248 1203.616 1202.377 1202.125 1201.874 1201.622 1201.472 1204.056 1206.639 1209.223 1211.806 1216.088 1222.164 1228.24 1234.315 1240.391 1245.114 1249.745 1254.377 1259.008 1261.822 1261.76 1261.698 1261.637 1261.575 1258.212 1254.209 1250.207
1296.172 1297.64 1292.776 1287.794 1282.811 1277.829 1270.453 1259.929 1249.406 1238.883 1228.36 1225.518 1223.697 1221.876 1220.055 1219.957 1223.309 1226.661 1230.013 1233.365 1235.003 1236.167 1237.332 1238.496 1238.922 1236.928 1234.934 1232.94 1230.946 1228.015 1224.651 1221.288 1217.925 1214.636 1211.826 1209.016 1206.205 1203.395 1202.221 1202.207 1202.193 1202.18 1202.287 1205.671 1209.055 1212.438 1215.822 1220.565 1226.743 1232.922 1239.1 1245.279 1250.074 1254.776 1259.477 1264.179 1266.869 1266.374 1265.88 1265.386 1264.891 1261.091 1256.651 1252.21
1296.447 1297.645 1292.776 1287.794 1282.811 1277.829 1270.546 1260.239 1249.932 1239.625 1229.318 1227.446 1226.696 1225.945 1225.195 1225.955 1229.739 1233.523 1237.307 1241.091 1242.345 1242.898 1243.452 1244.006 1243.839 1241.316 1238.792 1236.268 1233.744 1230.328 1226.5 1222.672 1218.844 1215.129 1212.14 1209.151 1206.162 1203.173 1202.065 1202.289 1202.513 1202.737 1203.103 1207.287 1211.471 1215.654 1219.838 1225.042 1231.323 1237.604 1243.885 1250.166 1255.034 1259.806 1264.578 1269.349 1271.915 1270.988 1270.061 1269.135 1268.208 1263.971 1259.093 1254.214
1296.635 1297.592 1292.732 1287.764 1282.796 1277.828 1270.683 1260.677 1250.672 1240.666 1230.66 1229.749 1230.049 1230.348 1230.647 1232.231 1236.386 1240.542 1244.697 1248.853 1249.698 1249.63 1249.561 1249.492 1248.724 1245.665 1242.605 1239.546 1236.487 1232.59 1228.307 1224.023 1219.74 1215.609 1212.452 1209.294 1206.137 1202.98 1201.969 1202.479 1202.988 1203.498 1204.168 1209.17 1214.172 1219.174 1224.176 1229.835 1236.19 1242.544 1248.899 1255.254 1260.123 1264.892 1269.661 1274.429 1276.818 1275.44 1274.063 1272.684 1271.307 1266.607 1261.263 1255.92
1295.97 1296.976 1292.266 1287.449 1282.633 1277.816 1271.243 1262.361 1253.48 1244.599 1235.717 1235.688 1236.836 1237.983 1239.131 1241.207 1245.141 1249.075 1253.009 1256.943 1257.164 1256.36 1255.556 1254.752 1253.283 1249.635 1245.986 1242.338 1238.69 1234.359 1229.714 1225.068 1220.422 1215.968 1212.741 1209.513 1206.286 1203.059 1202.455 1203.711 1204.966 1206.221 1207.647 1213.643 1219.64 1225.636 1231.633 1237.701 1243.845 1249.988 1256.132 1262.276 1266.463 1270.519 1274.574 1278.629 1280.336 1278.326 1276.315 1274.305 1272.295 1266.881 1260.808 1254.734
1295.306 1296.36 1291.8 1287.134 1282.469 1277.804 1271.802 1264.045 1256.288 1248.531 1240.775 1241.626 1243.622 1245.619 1247.615 1250.183 1253.896 1257.608 1261.32 1265.032 1264.63 1263.091 1261.552 1260.013 1257.842 1253.605 1249.367 1245.13 1240.892 1236.128 1231.12 1226.112 1221.105 1216.328 1213.03 1209.732 1206.435 1203.137 1202.941 1204.943 1206.944 1208.945 1211.125 1218.116 1225.108 1232.099 1239.09 1245.567 1251.5 1257.432 1263.365 1269.298 1272.804 1276.146 1279.488 1282.829 1283.854 1281.211 1278.568 1275.926 1273.283 1267.155 1260.352 1253.549
1294.641 1295.744 1291.333 1286.819 1282.306 1277.792 1272.362 1265.729 1259.097 1252.464 1245.832 1247.564 1250.409 1253.255 1256.1 1259.16 1262.651 1266.141 1269.632 1273.123 1272.096 1269.822 1267.548 1265.273 1262.402 1257.575 1252.749 1247.922 1243.095 1237.896 1232.527 1227.157 1221.787 1216.687 1213.319 1209.951 1206.583 1203.215 1203.427 1206.174 1208.922 1211.669 1214.604 1222.59 1230.576 1238.562 1246.547 1253.432 1259.155 1264.877 1270.599 1276.321 1279.145 1281.773 1284.401 1287.03 1287.372 1284.097 1280.821 1277.546 1274.271 1267.429 1259.896 1252.364
1293.977 1295.129 1290.867 1286.505 1282.142 1277.779 1272.922 1267.413 1261.905 1256.397 1250.889 1253.502 1257.196 1260.89 1264.584 1268.137 1271.406 1274.675 1277.943 1281.213 1279.562 1276.553 1273.543 1270.534 1266.961 1261.546 1256.13 1250.714 1245.298 1239.665 1233.933 1228.201 1222.469 1217.046 1213.608 1210.17 1206.732 1203.294 1203.913 1207.406 1210.9 1214.393 1218.083 1227.063 1236.044 1245.024 1254.005 1261.298 1266.809 1272.321 1277.832 1283.343 1285.485 1287.4 1289.315 1291.23 1290.89 1286.982 1283.074 1279.167 1275.259 1267.703 1259.441 1251.178
