data/zism_data/00242_02_D.txt
ncols         224
nrows         224
[rows 28 to 55 of 224, columns 126 to 188 of 224]
1797.614 1801.009 1804.404 1807.799 1808.84 1806.994 1805.149 1803.303 1801.458 1797.471 1793.281 1789.091 1784.901 1780.637 1776.252 1771.867 1767.482 1763.097 1760.264 1757.726 1755.187 1752.649 1750.78 1750.443 1750.105 1749.767 1749.43 1747.637 1745.406 1743.174 1740.942 1737.939 1732.381 1726.824 1721.266 1715.708 1712.57 1710.491 1708.411 1706.332 1704.587 1704.61 1704.633 1704.656 1704.679 1705.029 1705.578 1706.126 1706.674 1707.044 1705.539 1704.034 1702.529 1701.024 1698.493 1695.125 1691.757 1688.39 1684.97 1678.038 1671.105 1664.172 1657.24
1806.292 1808.774 1811.257 1813.739 1813.695 1810.554 1807.412 1804.271 1801.13 1796.104 1790.898 1785.693 1780.487 1775.701 1771.608 1767.514 1763.421 1759.328 1757.218 1755.484 1753.75 1752.016 1750.726 1750.453 1750.181 1749.908 1749.635 1747.526 1744.862 1742.199 1739.535 1736.161 1730.436 1724.711 1718.986 1713.261 1710.992 1710.236 1709.479 1708.722 1708.261 1709.359 1710.456 1711.553 1712.651 1713.477 1714.138 1714.8 1715.462 1715.889 1713.855 1711.821 1709.786 1707.752 1704.683 1700.77 1696.857 1692.944 1688.986 1681.945 1674.904 1667.864 1660.823
1814.969 1816.539 1818.109 1819.679 1818.551 1814.113 1809.676 1805.239 1800.801 1794.736 1788.515 1782.295 1776.074 1770.765 1766.963 1763.161 1759.36 1755.558 1754.171 1753.241 1752.312 1751.382 1750.673 1750.465 1750.257 1750.049 1749.841 1747.415 1744.319 1741.223 1738.128 1734.384 1728.491 1722.599 1716.706 1710.814 1709.414 1709.98 1710.547 1711.113 1711.935 1714.107 1716.279 1718.451 1720.623 1721.924 1722.699 1723.474 1724.249 1724.734 1722.171 1719.608 1717.044 1714.481 1710.874 1706.416 1701.957 1697.499 1693.001 1685.853 1678.704 1671.555 1664.406
1823.342 1823.989 1824.635 1825.282 1823.087 1817.409 1811.731 1806.053 1800.375 1793.344 1786.184 1779.024 1771.864 1766.078 1762.565 1759.052 1755.539 1752.026 1751.322 1751.15 1750.979 1750.807 1750.642 1750.493 1750.343 1750.193 1750.043 1747.329 1743.84 1740.352 1736.864 1732.791 1726.783 1720.775 1714.767 1708.759 1708.205 1710.037 1711.869 1713.701 1715.745 1718.906 1722.068 1725.229 1728.391 1730.123 1730.991 1731.859 1732.727 1733.253 1730.184 1727.114 1724.044 1720.975 1716.853 1711.875 1706.895 1701.916 1696.905 1689.72 1682.535 1675.351 1668.165
1826.764 1826.309 1825.854 1825.399 1822.442 1816.418 1810.394 1804.371 1798.347 1791.552 1784.684 1777.815 1770.947 1765.435 1762.165 1758.895 1755.625 1752.355 1751.689 1751.518 1751.346 1751.175 1750.995 1750.797 1750.598 1750.4 1750.202 1747.663 1744.417 1741.172 1737.926 1734.209 1728.93 1723.651 1718.372 1713.094 1712.994 1715.161 1717.328 1719.494 1721.757 1724.53 1727.303 1730.076 1732.849 1734.286 1734.917 1735.547 1736.178 1736.475 1733.27 1730.066 1726.861 1723.656 1719.409 1714.311 1709.213 1704.116 1699.004 1692.948 1686.891 1680.835 1674.778
1830.185 1828.629 1827.072 1825.516 1821.797 1815.427 1809.058 1802.689 1796.32 1789.761 1783.184 1776.607 1770.031 1764.791 1761.764 1758.737 1755.71 1752.683 1752.057 1751.885 1751.714 1751.542 1751.348 1751.101 1750.854 1750.607 1750.36 1747.996 1744.994 1741.991 1738.989 1735.627 1731.078 1726.528 1721.978 1717.428 1717.783 1720.285 1722.786 1725.287 1727.77 1730.154 1732.538 1734.922 1737.306 1738.449 1738.842 1739.235 1739.628 1739.696 1736.357 1733.017 1729.678 1726.338 1721.965 1716.748 1711.531 1706.315 1701.102 1696.175 1691.247 1686.319 1681.391
1833.607 1830.949 1828.29 1825.632 1821.152 1814.437 1807.722 1801.007 1794.292 1787.969 1781.684 1775.399 1769.114 1764.148 1761.364 1758.58 1755.796 1753.012 1752.424 1752.252 1752.081 1751.91 1751.7 1751.405 1751.109 1750.814 1750.518 1748.33 1745.57 1742.811 1740.051 1737.046 1733.225 1729.404 1725.583 1721.762 1722.572 1725.408 1728.244 1731.081 1733.783 1735.778 1737.773 1739.769 1741.764 1742.613 1742.768 1742.923 1743.078 1742.918 1739.443 1735.969 1732.494 1729.02 1724.52 1719.185 1713.849 1708.514 1703.201 1699.402 1695.602 1691.803 1688.004
1837.028 1833.269 1829.509 1825.749 1820.506 1813.446 1806.385 1799.325 1792.265 1786.178 1780.185 1774.191 1768.198 1763.505 1760.964 1758.423 1755.882 1753.341 1752.791 1752.62 1752.448 1752.277 1752.053 1751.709 1751.365 1751.02 1750.676 1748.663 1746.147 1743.63 1741.114 1738.464 1735.372 1732.28 1729.188 1726.096 1727.361 1730.532 1733.703 1736.874 1739.796 1741.402 1743.009 1744.615 1746.222 1746.776 1746.693 1746.611 1746.529 1746.14 1742.53 1738.921 1735.311 1731.701 1727.076 1721.622 1716.167 1710.713 1705.299 1702.629 1699.958 1697.287 1694.617
1836.915 1832.319 1827.722 1823.126 1817.463 1810.494 1803.524 1796.555 1789.586 1783.971 1778.486 1773.001 1767.516 1763.223 1760.899 1758.576 1756.252 1753.929 1753.367 1753.139 1752.911 1752.683 1752.406 1752.013 1751.62 1751.227 1750.834 1749.06 1746.868 1744.676 1742.484 1740.24 1737.82 1735.401 1732.982 1730.562 1731.894 1734.868 1737.841 1740.815 1743.514 1744.771 1746.029 1747.286 1748.543 1748.909 1748.735 1748.562 1748.388 1747.925 1744.42 1740.915 1737.41 1733.905 1729.514 1724.4 1719.286 1714.172 1709.103 1707.073 1705.044 1703.014 1700.985
1833.562 1828.371 1823.181 1817.991 1812.222 1805.744 1799.266 1792.788 1786.31 1781.384 1776.606 1771.829 1767.051 1763.271 1761.142 1759.013 1756.884 1754.755 1754.134 1753.798 1753.462 1753.126 1752.758 1752.317 1751.875 1751.434 1750.993 1749.514 1747.721 1745.929 1744.137 1742.343 1740.545 1738.746 1736.948 1735.15 1736.194 1738.481 1740.769 1743.057 1745.13 1746.074 1747.018 1747.962 1748.906 1749.181 1749.05 1748.92 1748.79 1748.394 1745.213 1742.032 1738.851 1735.67 1731.844 1727.491 1723.139 1718.786 1714.47 1712.635 1710.8 1708.965 1707.129
1830.208 1824.424 1818.64 1812.856 1806.981 1800.994 1795.007 1789.021 1783.034 1778.797 1774.727 1770.656 1766.586 1763.32 1761.385 1759.451 1757.516 1755.581 1754.9 1754.456 1754.012 1753.569 1753.111 1752.621 1752.131 1751.641 1751.151 1749.968 1748.575 1747.182 1745.789 1744.446 1743.269 1742.092 1740.914 1739.737 1740.493 1742.095 1743.696 1745.298 1746.745 1747.376 1748.007 1748.638 1749.269 1749.452 1749.365 1749.278 1749.191 1748.863 1746.006 1743.149 1740.292 1737.435 1734.173 1730.582 1726.991 1723.4 1719.837 1718.196 1716.555 1714.915 1713.274
1826.855 1820.477 1814.099 1807.721 1801.739 1796.244 1790.748 1785.253 1779.758 1776.209 1772.846 1769.483 1766.12 1763.369 1761.629 1759.888 1758.148 1756.408 1755.667 1755.115 1754.563 1754.011 1753.463 1752.925 1752.386 1751.848 1751.309 1750.421 1749.428 1748.435 1747.442 1746.55 1745.993 1745.437 1744.88 1744.324 1744.792 1745.708 1746.624 1747.54 1748.361 1748.679 1748.996 1749.314 1749.632 1749.724 1749.68 1749.637 1749.593 1749.332 1746.799 1744.266 1741.733 1739.2 1736.503 1733.673 1730.844 1728.014 1725.204 1723.758 1722.311 1720.865 1719.418
1823.502 1816.53 1809.558 1802.586 1796.498 1791.494 1786.49 1781.486 1776.482 1773.622 1770.967 1768.311 1765.655 1763.418 1761.872 1760.326 1758.78 1757.234 1756.433 1755.773 1755.113 1754.454 1753.816 1753.229 1752.642 1752.054 1751.467 1750.875 1750.281 1749.688 1749.094 1748.653 1748.718 1748.782 1748.847 1748.911 1749.091 1749.321 1749.552 1749.782 1749.977 1749.981 1749.986 1749.99 1749.995 1749.996 1749.995 1749.995 1749.994 1749.802 1747.592 1745.383 1743.174 1740.965 1738.833 1736.764 1734.696 1732.627 1730.571 1729.319 1728.067 1726.815 1725.563
1817.079 1810.392 1803.703 1797.016 1791.25 1786.615 1781.98 1777.345 1772.71 1770.309 1768.121 1765.934 1763.746 1761.873 1760.522 1759.17 1757.819 1756.467 1755.74 1755.132 1754.524 1753.916 1753.345 1752.858 1752.371 1751.885 1751.398 1750.891 1750.377 1749.864 1749.351 1748.97 1749.027 1749.085 1749.142 1749.2 1749.337 1749.51 1749.682 1749.855 1750.0 1750.0 1750.0 1750.0 1750.0 1750.0 1750.0 1750.0 1750.0 1749.846 1748.072 1746.299 1744.525 1742.752 1741.051 1739.408 1737.766 1736.123 1734.484 1733.059 1731.635 1730.21 1728.785
1810.612 1804.221 1797.83 1791.439 1786.002 1781.734 1777.466 1773.198 1768.93 1766.986 1765.262 1763.539 1761.816 1760.306 1759.148 1757.991 1756.834 1755.677 1755.027 1754.473 1753.918 1753.364 1752.862 1752.478 1752.094 1751.709 1751.325 1750.9 1750.462 1750.024 1749.587 1749.26 1749.301 1749.343 1749.384 1749.425 1749.524 1749.648 1749.772 1749.896 1750.0 1750.0 1750.0 1750.0 1750.0 1750.0 1750.0 1750.0 1750.0 1749.884 1748.548 1747.212 1745.875 1744.539 1743.266 1742.045 1740.824 1739.603 1738.376 1736.773 1735.17 1733.567 1731.964
1804.144 1798.05 1791.956 1785.862 1780.754 1776.853 1772.952 1769.052 1765.151 1763.662 1762.403 1761.144 1759.885 1758.738 1757.775 1756.812 1755.849 1754.887 1754.313 1753.813 1753.312 1752.812 1752.379 1752.097 1751.816 1751.534 1751.252 1750.909 1750.547 1750.185 1749.822 1749.55 1749.575 1749.6 1749.625 1749.651 1749.711 1749.786 1749.861 1749.937 1750.0 1750.0 1750.0 1750.0 1750.0 1750.0 1750.0 1750.0 1750.0 1749.922 1749.023 1748.124 1747.226 1746.327 1745.483 1744.682 1743.882 1743.082 1742.268 1740.487 1738.706 1736.925 1735.143
1797.677 1791.88 1786.083 1780.286 1775.505 1771.972 1768.438 1764.905 1761.372 1760.339 1759.544 1758.749 1757.955 1757.17 1756.402 1755.633 1754.865 1754.096 1753.599 1753.153 1752.707 1752.26 1751.896 1751.717 1751.538 1751.359 1751.18 1750.918 1750.631 1750.345 1750.058 1749.84 1749.849 1749.858 1749.867 1749.876 1749.897 1749.924 1749.951 1749.978 1750.0 1750.0 1750.0 1750.0 1750.0 1750.0 1750.0 1750.0 1750.0 1749.96 1749.499 1749.037 1748.576 1748.115 1747.698 1747.32 1746.941 1746.562 1746.16 1744.201 1742.241 1740.282 1738.323
1792.268 1786.659 1781.049 1775.44 1770.829 1767.442 1764.055 1760.668 1757.281 1756.357 1755.668 1754.978 1754.289 1753.631 1753.026 1752.42 1751.815 1751.209 1750.909 1750.667 1750.426 1750.184 1750.029 1750.071 1750.114 1750.156 1750.199 1750.104 1749.969 1749.833 1749.697 1749.6 1749.632 1749.663 1749.695 1749.726 1749.741 1749.748 1749.755 1749.763 1749.769 1749.769 1749.769 1749.769 1749.769 1749.733 1749.674 1749.616 1749.558 1749.47 1749.073 1748.675 1748.277 1747.88 1747.52 1747.191 1746.862 1746.533 1746.179 1744.095 1742.01 1739.926 1737.842
1788.157 1782.602 1777.047 1771.491 1766.854 1763.343 1759.832 1756.32 1752.809 1751.569 1750.545 1749.521 1748.496 1747.677 1747.195 1746.714 1746.233 1745.751 1745.798 1745.945 1746.092 1746.239 1746.466 1746.876 1747.286 1747.695 1748.105 1748.282 1748.39 1748.497 1748.604 1748.71 1748.812 1748.913 1749.015 1749.117 1749.164 1749.188 1749.211 1749.235 1749.254 1749.254 1749.254 1749.254 1749.254 1749.137 1748.95 1748.762 1748.574 1748.334 1747.542 1746.75 1745.958 1745.167 1744.407 1743.673 1742.939 1742.205 1741.451 1739.307 1737.163 1735.02 1732.876
1784.046 1778.545 1773.044 1767.542 1762.879 1759.244 1755.608 1751.973 1748.337 1746.78 1745.421 1744.062 1742.703 1741.722 1741.365 1741.008 1740.651 1740.293 1740.687 1741.223 1741.759 1742.294 1742.904 1743.681 1744.458 1745.234 1746.011 1746.46 1746.811 1747.161 1747.511 1747.82 1747.992 1748.164 1748.336 1748.508 1748.588 1748.627 1748.667 1748.707 1748.74 1748.74 1748.74 1748.74 1748.74 1748.542 1748.225 1747.907 1747.59 1747.197 1746.011 1744.825 1743.639 1742.453 1741.293 1740.154 1739.015 1737.876 1736.722 1734.519 1732.316 1730.113 1727.91
1779.935 1774.488 1769.041 1763.594 1758.904 1755.145 1751.385 1747.625 1743.865 1741.992 1740.298 1738.605 1736.911 1735.768 1735.535 1735.302 1735.069 1734.836 1735.576 1736.5 1737.425 1738.35 1739.341 1740.485 1741.629 1742.773 1743.917 1744.638 1745.232 1745.825 1746.418 1746.93 1747.172 1747.414 1747.656 1747.898 1748.011 1748.067 1748.123 1748.179 1748.226 1748.226 1748.226 1748.226 1748.226 1747.947 1747.5 1747.053 1746.606 1746.06 1744.48 1742.9 1741.32 1739.74 1738.18 1736.636 1735.092 1733.548 1731.994 1729.731 1727.469 1725.206 1722.944
1775.824 1770.431 1765.038 1759.645 1754.929 1751.045 1747.161 1743.278 1739.394 1737.204 1735.175 1733.147 1731.118 1729.813 1729.704 1729.596 1729.487 1729.378 1730.465 1731.778 1733.092 1734.405 1735.779 1737.29 1738.801 1740.313 1741.824 1742.817 1743.653 1744.489 1745.325 1746.04 1746.352 1746.664 1746.977 1747.289 1747.434 1747.506 1747.578 1747.651 1747.711 1747.711 1747.711 1747.711 1747.711 1747.352 1746.775 1746.199 1745.622 1744.924 1742.949 1740.975 1739.001 1737.026 1735.066 1733.117 1731.168 1729.219 1727.265 1724.943 1722.621 1720.3 1717.978
1777.363 1771.743 1766.123 1760.502 1755.139 1750.091 1745.042 1739.994 1734.945 1731.925 1729.099 1726.272 1723.445 1721.504 1721.026 1720.549 1720.071 1719.593 1720.782 1722.287 1723.792 1725.297 1726.787 1728.241 1729.696 1731.15 1732.605 1733.638 1734.545 1735.452 1736.358 1737.278 1738.243 1739.207 1740.171 1741.135 1741.686 1742.055 1742.424 1742.794 1743.104 1743.104 1743.104 1743.104 1743.104 1742.59 1741.766 1740.941 1740.117 1739.119 1736.302 1733.485 1730.667 1727.85 1724.995 1722.109 1719.222 1716.336 1713.46 1711.276 1709.092 1706.908 1704.724
1779.44 1773.566 1767.692 1761.818 1755.747 1749.435 1743.123 1736.811 1730.5 1726.601 1722.932 1719.263 1715.594 1712.97 1712.077 1711.184 1710.29 1709.397 1710.665 1712.343 1714.021 1715.698 1717.279 1718.636 1719.993 1721.35 1722.708 1723.76 1724.721 1725.681 1726.642 1727.767 1729.439 1731.111 1732.782 1734.454 1735.445 1736.138 1736.831 1737.525 1738.107 1738.107 1738.107 1738.107 1738.107 1737.432 1736.348 1735.265 1734.181 1732.87 1729.167 1725.464 1721.761 1718.059 1714.261 1710.387 1706.513 1702.638 1698.791 1696.763 1694.736 1692.709 1690.681
1781.517 1775.389 1769.261 1763.133 1756.355 1748.78 1741.204 1733.629 1726.054 1721.276 1716.764 1712.253 1707.742 1704.437 1703.128 1701.819 1700.51 1699.2 1700.547 1702.398 1704.248 1706.099 1707.77 1709.03 1710.29 1711.55 1712.81 1713.881 1714.896 1715.91 1716.925 1718.256 1720.635 1723.014 1725.393 1727.772 1729.204 1730.221 1731.238 1732.255 1733.111 1733.111 1733.111 1733.111 1733.111 1732.274 1730.931 1729.588 1728.245 1726.62 1722.032 1717.444 1712.855 1708.267 1703.528 1698.665 1693.803 1688.94 1684.121 1682.25 1680.38 1678.509 1676.638
1783.594 1777.212 1770.831 1764.449 1756.963 1748.125 1739.285 1730.447 1721.608 1715.951 1710.597 1705.244 1699.89 1695.903 1694.179 1692.454 1690.729 1689.004 1690.43 1692.453 1694.476 1696.5 1698.261 1699.424 1700.587 1701.75 1702.912 1704.003 1705.072 1706.14 1707.209 1708.745 1711.831 1714.918 1718.004 1721.09 1722.963 1724.304 1725.645 1726.987 1728.114 1728.114 1728.114 1728.114 1728.114 1727.116 1725.514 1723.911 1722.309 1720.371 1714.897 1709.423 1703.949 1698.476 1692.794 1686.944 1681.093 1675.243 1669.452 1667.738 1666.024 1664.309 1662.595
1784.854 1778.373 1771.892 1765.412 1757.547 1747.986 1738.424 1728.863 1719.302 1712.975 1706.956 1700.937 1694.918 1690.281 1687.928 1685.576 1683.224 1680.871 1682.033 1683.861 1685.689 1687.516 1689.096 1690.106 1691.117 1692.128 1693.138 1694.171 1695.21 1696.249 1697.288 1698.888 1702.344 1705.8 1709.256 1712.712 1714.802 1716.294 1717.786 1719.278 1720.526 1720.486 1720.445 1720.404 1720.364 1719.215 1717.396 1715.578 1713.759 1711.581 1705.622 1699.664 1693.705 1687.747 1681.612 1675.333 1669.053 1662.774 1656.563 1654.979 1653.395 1651.811 1650.227
1784.763 1778.439 1772.115 1765.791 1758.09 1748.702 1739.313 1729.925 1720.536 1713.884 1707.492 1701.101 1694.709 1689.471 1686.142 1682.812 1679.483 1676.153 1676.483 1677.506 1678.529 1679.552 1680.498 1681.266 1682.033 1682.801 1683.569 1684.416 1685.288 1686.16 1687.032 1688.459 1691.726 1694.993 1698.26 1701.527 1703.465 1704.823 1706.18 1707.537 1708.654 1708.506 1708.357 1708.208 1708.06 1706.78 1704.815 1702.851 1700.887 1698.59 1692.81 1687.03 1681.25 1675.469 1669.688 1663.906 1658.123 1652.341 1646.62 1645.123 1643.625 1642.127 1640.629
