data/zism_data/00243_03_D.txt
ncols         224
nrows         224
[rows 112 to 139 of 224, columns 0 to 62 of 224]
1389.851 1389.633 1389.416 1389.198 1389.019 1388.944 1388.87 1388.795 1388.72 1388.558 1388.364 1388.171 1387.977 1387.787 1387.608 1387.429 1387.25 1387.071 1386.863 1386.64 1386.417 1386.194 1385.999 1385.992 1385.984 1385.977 1385.969 1385.869 1385.707 1385.544 1385.381 1385.226 1385.187 1385.148 1385.109 1385.07 1385.053 1385.057 1385.06 1385.064 1385.068 1385.205 1385.345 1385.484 1385.624 1385.732 1385.802 1385.871 1385.941 1386.011 1386.024 1386.031 1386.039 1386.046 1386.106 1386.252 1386.397 1386.543 1386.689 1386.775 1386.85 1386.924 1386.999
1389.982 1389.775 1389.568 1389.361 1389.188 1389.108 1389.028 1388.948 1388.868 1388.712 1388.529 1388.347 1388.164 1387.976 1387.764 1387.553 1387.342 1387.131 1386.904 1386.671 1386.437 1386.203 1385.995 1385.955 1385.915 1385.875 1385.836 1385.745 1385.62 1385.495 1385.37 1385.252 1385.257 1385.261 1385.265 1385.269 1385.281 1385.301 1385.321 1385.341 1385.361 1385.467 1385.574 1385.681 1385.788 1385.871 1385.925 1385.978 1386.032 1386.086 1386.127 1386.166 1386.206 1386.246 1386.324 1386.464 1386.604 1386.745 1386.885 1386.975 1387.055 1387.135 1387.215
1390.113 1389.917 1389.72 1389.524 1389.358 1389.272 1389.187 1389.101 1389.016 1388.867 1388.695 1388.523 1388.351 1388.164 1387.921 1387.677 1387.434 1387.19 1386.946 1386.702 1386.457 1386.213 1385.991 1385.919 1385.846 1385.774 1385.702 1385.621 1385.534 1385.446 1385.359 1385.279 1385.327 1385.374 1385.421 1385.468 1385.509 1385.545 1385.581 1385.617 1385.653 1385.728 1385.803 1385.877 1385.952 1386.01 1386.048 1386.085 1386.123 1386.16 1386.229 1386.301 1386.373 1386.446 1386.541 1386.676 1386.811 1386.946 1387.081 1387.175 1387.26 1387.345 1387.431
1390.244 1390.058 1389.873 1389.687 1389.527 1389.436 1389.346 1389.255 1389.164 1389.021 1388.86 1388.699 1388.538 1388.353 1388.077 1387.801 1387.526 1387.25 1386.988 1386.732 1386.477 1386.222 1385.986 1385.882 1385.778 1385.673 1385.569 1385.497 1385.447 1385.398 1385.348 1385.306 1385.396 1385.487 1385.577 1385.667 1385.737 1385.79 1385.842 1385.894 1385.946 1385.989 1386.031 1386.074 1386.117 1386.15 1386.171 1386.192 1386.214 1386.235 1386.332 1386.436 1386.541 1386.645 1386.759 1386.889 1387.018 1387.148 1387.277 1387.374 1387.465 1387.556 1387.647
1390.375 1390.2 1390.025 1389.85 1389.697 1389.6 1389.504 1389.408 1389.312 1389.175 1389.025 1388.875 1388.724 1388.542 1388.234 1387.926 1387.617 1387.309 1387.029 1386.763 1386.497 1386.231 1385.982 1385.845 1385.709 1385.572 1385.436 1385.373 1385.361 1385.349 1385.337 1385.333 1385.466 1385.6 1385.733 1385.866 1385.966 1386.034 1386.102 1386.171 1386.239 1386.25 1386.26 1386.271 1386.281 1386.289 1386.294 1386.299 1386.304 1386.309 1386.435 1386.571 1386.708 1386.845 1386.977 1387.101 1387.225 1387.349 1387.474 1387.574 1387.67 1387.767 1387.863
1390.536 1390.368 1390.2 1390.032 1389.882 1389.776 1389.671 1389.566 1389.461 1389.341 1389.216 1389.091 1388.966 1388.802 1388.488 1388.173 1387.858 1387.543 1387.249 1386.965 1386.681 1386.397 1386.129 1385.971 1385.813 1385.655 1385.497 1385.453 1385.486 1385.519 1385.552 1385.59 1385.715 1385.84 1385.965 1386.09 1386.182 1386.245 1386.307 1386.37 1386.432 1386.444 1386.455 1386.466 1386.477 1386.493 1386.515 1386.537 1386.559 1386.581 1386.687 1386.801 1386.915 1387.029 1387.147 1387.273 1387.4 1387.526 1387.652 1387.76 1387.866 1387.971 1388.076
1390.711 1390.549 1390.386 1390.224 1390.074 1389.958 1389.842 1389.726 1389.61 1389.511 1389.418 1389.326 1389.233 1389.097 1388.787 1388.478 1388.168 1387.859 1387.552 1387.246 1386.941 1386.635 1386.347 1386.173 1385.999 1385.824 1385.65 1385.628 1385.709 1385.791 1385.872 1385.954 1386.047 1386.14 1386.232 1386.325 1386.394 1386.44 1386.486 1386.533 1386.579 1386.606 1386.633 1386.661 1386.688 1386.727 1386.781 1386.836 1386.89 1386.944 1387.009 1387.074 1387.14 1387.205 1387.296 1387.427 1387.559 1387.69 1387.822 1387.94 1388.057 1388.173 1388.289
1390.886 1390.729 1390.572 1390.415 1390.266 1390.14 1390.013 1389.886 1389.759 1389.682 1389.621 1389.561 1389.5 1389.391 1389.087 1388.783 1388.479 1388.175 1387.855 1387.528 1387.201 1386.874 1386.564 1386.374 1386.184 1385.994 1385.803 1385.803 1385.933 1386.063 1386.193 1386.319 1386.379 1386.44 1386.5 1386.56 1386.605 1386.635 1386.665 1386.695 1386.726 1386.769 1386.812 1386.855 1386.899 1386.961 1387.048 1387.135 1387.221 1387.308 1387.331 1387.348 1387.365 1387.382 1387.444 1387.581 1387.718 1387.855 1387.992 1388.12 1388.247 1388.374 1388.501
1391.062 1390.91 1390.758 1390.607 1390.459 1390.321 1390.184 1390.046 1389.908 1389.852 1389.824 1389.796 1389.768 1389.685 1389.386 1389.087 1388.789 1388.49 1388.158 1387.809 1387.461 1387.112 1386.782 1386.576 1386.369 1386.163 1385.956 1385.979 1386.157 1386.335 1386.514 1386.683 1386.711 1386.739 1386.767 1386.796 1386.816 1386.83 1386.844 1386.858 1386.872 1386.931 1386.991 1387.05 1387.109 1387.196 1387.315 1387.433 1387.552 1387.671 1387.653 1387.621 1387.59 1387.559 1387.593 1387.735 1387.877 1388.02 1388.162 1388.3 1388.438 1388.576 1388.713
1391.235 1391.09 1390.945 1390.8 1390.656 1390.513 1390.37 1390.228 1390.085 1390.05 1390.053 1390.055 1390.058 1390.004 1389.725 1389.445 1389.166 1388.887 1388.554 1388.195 1387.835 1387.475 1387.132 1386.901 1386.669 1386.437 1386.205 1386.236 1386.445 1386.654 1386.863 1387.06 1387.057 1387.055 1387.052 1387.049 1387.046 1387.043 1387.041 1387.038 1387.035 1387.108 1387.182 1387.257 1387.331 1387.436 1387.578 1387.721 1387.864 1388.007 1387.954 1387.883 1387.811 1387.74 1387.75 1387.897 1388.043 1388.189 1388.336 1388.481 1388.627 1388.772 1388.918
1391.395 1391.266 1391.137 1391.008 1390.885 1390.774 1390.664 1390.553 1390.443 1390.432 1390.456 1390.481 1390.505 1390.491 1390.325 1390.158 1389.992 1389.826 1389.57 1389.27 1388.969 1388.669 1388.366 1388.048 1387.731 1387.413 1387.095 1387.039 1387.162 1387.285 1387.408 1387.523 1387.499 1387.474 1387.45 1387.426 1387.401 1387.377 1387.353 1387.328 1387.304 1387.382 1387.462 1387.541 1387.621 1387.714 1387.825 1387.935 1388.046 1388.156 1388.115 1388.06 1388.005 1387.949 1387.968 1388.109 1388.25 1388.391 1388.532 1388.667 1388.802 1388.937 1389.072
1391.554 1391.442 1391.329 1391.216 1391.113 1391.035 1390.957 1390.879 1390.801 1390.814 1390.86 1390.906 1390.952 1390.978 1390.924 1390.871 1390.818 1390.765 1390.587 1390.345 1390.104 1389.863 1389.6 1389.196 1388.792 1388.388 1387.985 1387.843 1387.88 1387.917 1387.953 1387.986 1387.94 1387.894 1387.848 1387.802 1387.756 1387.71 1387.665 1387.619 1387.573 1387.656 1387.741 1387.826 1387.911 1387.993 1388.071 1388.149 1388.227 1388.305 1388.276 1388.237 1388.198 1388.159 1388.186 1388.321 1388.457 1388.592 1388.728 1388.854 1388.978 1389.102 1389.226
1391.714 1391.617 1391.521 1391.424 1391.342 1391.296 1391.25 1391.204 1391.159 1391.196 1391.264 1391.331 1391.398 1391.464 1391.524 1391.584 1391.644 1391.704 1391.603 1391.421 1391.239 1391.056 1390.834 1390.344 1389.854 1389.364 1388.874 1388.646 1388.597 1388.548 1388.499 1388.448 1388.381 1388.314 1388.246 1388.179 1388.111 1388.044 1387.977 1387.909 1387.842 1387.93 1388.02 1388.11 1388.201 1388.271 1388.317 1388.363 1388.409 1388.455 1388.438 1388.415 1388.392 1388.369 1388.404 1388.534 1388.664 1388.794 1388.924 1389.04 1389.153 1389.267 1389.38
1391.873 1391.793 1391.713 1391.633 1391.571 1391.557 1391.543 1391.53 1391.516 1391.578 1391.667 1391.756 1391.845 1391.951 1392.124 1392.297 1392.47 1392.643 1392.619 1392.496 1392.373 1392.25 1392.068 1391.492 1390.916 1390.34 1389.764 1389.449 1389.314 1389.179 1389.044 1388.911 1388.822 1388.733 1388.644 1388.555 1388.466 1388.377 1388.289 1388.2 1388.111 1388.204 1388.299 1388.395 1388.491 1388.55 1388.563 1388.577 1388.59 1388.604 1388.599 1388.592 1388.585 1388.579 1388.621 1388.746 1388.871 1388.996 1389.12 1389.226 1389.329 1389.431 1389.534
1392.06 1391.977 1391.895 1391.812 1391.759 1391.787 1391.816 1391.844 1391.872 1391.956 1392.06 1392.164 1392.269 1392.404 1392.662 1392.92 1393.178 1393.436 1393.458 1393.364 1393.269 1393.174 1393.01 1392.381 1391.754 1391.126 1390.498 1390.126 1389.93 1389.733 1389.537 1389.345 1389.232 1389.118 1389.004 1388.891 1388.782 1388.678 1388.574 1388.47 1388.365 1388.454 1388.546 1388.638 1388.729 1388.79 1388.812 1388.833 1388.855 1388.877 1388.879 1388.879 1388.879 1388.879 1388.916 1389.013 1389.111 1389.208 1389.306 1389.393 1389.479 1389.564 1389.65
1392.267 1392.168 1392.069 1391.97 1391.919 1391.996 1392.072 1392.149 1392.225 1392.33 1392.445 1392.56 1392.675 1392.832 1393.155 1393.477 1393.8 1394.122 1394.17 1394.081 1393.991 1393.902 1393.738 1393.084 1392.429 1391.774 1391.119 1390.711 1390.471 1390.232 1389.992 1389.759 1389.618 1389.478 1389.337 1389.197 1389.07 1388.955 1388.84 1388.725 1388.61 1388.688 1388.769 1388.85 1388.931 1389.002 1389.062 1389.121 1389.181 1389.24 1389.245 1389.245 1389.245 1389.245 1389.266 1389.32 1389.375 1389.429 1389.484 1389.546 1389.61 1389.674 1389.738
1392.473 1392.358 1392.243 1392.128 1392.079 1392.204 1392.329 1392.454 1392.579 1392.704 1392.83 1392.956 1393.082 1393.26 1393.647 1394.035 1394.422 1394.809 1394.882 1394.798 1394.714 1394.629 1394.467 1393.786 1393.104 1392.422 1391.74 1391.296 1391.013 1390.731 1390.448 1390.172 1390.005 1389.837 1389.67 1389.503 1389.357 1389.231 1389.105 1388.98 1388.854 1388.921 1388.991 1389.062 1389.132 1389.214 1389.311 1389.409 1389.506 1389.603 1389.611 1389.611 1389.611 1389.611 1389.616 1389.627 1389.639 1389.65 1389.661 1389.699 1389.741 1389.784 1389.826
1392.68 1392.549 1392.417 1392.286 1392.239 1392.412 1392.586 1392.759 1392.932 1393.079 1393.215 1393.352 1393.488 1393.689 1394.14 1394.592 1395.044 1395.495 1395.593 1395.515 1395.436 1395.357 1395.196 1394.488 1393.779 1393.07 1392.362 1391.881 1391.555 1391.229 1390.904 1390.586 1390.391 1390.197 1390.003 1389.808 1389.644 1389.508 1389.371 1389.235 1389.098 1389.155 1389.214 1389.274 1389.333 1389.427 1389.561 1389.696 1389.831 1389.966 1389.978 1389.978 1389.978 1389.978 1389.966 1389.934 1389.902 1389.871 1389.839 1389.852 1389.873 1389.893 1389.914
1392.888 1392.742 1392.596 1392.45 1392.404 1392.623 1392.842 1393.061 1393.28 1393.447 1393.596 1393.744 1393.892 1394.115 1394.628 1395.141 1395.654 1396.167 1396.288 1396.214 1396.139 1396.065 1395.904 1395.172 1394.44 1393.707 1392.975 1392.459 1392.092 1391.724 1391.357 1390.998 1390.776 1390.555 1390.334 1390.112 1389.93 1389.783 1389.636 1389.489 1389.342 1389.389 1389.438 1389.488 1389.537 1389.641 1389.812 1389.982 1390.152 1390.323 1390.338 1390.338 1390.338 1390.338 1390.309 1390.235 1390.161 1390.086 1390.012 1390.0 1390.0 1390.0 1390.0
1393.134 1393.02 1392.906 1392.793 1392.757 1392.928 1393.098 1393.269 1393.439 1393.63 1393.826 1394.023 1394.22 1394.471 1394.936 1395.4 1395.865 1396.329 1396.413 1396.306 1396.199 1396.093 1395.915 1395.263 1394.612 1393.96 1393.308 1392.825 1392.458 1392.09 1391.723 1391.362 1391.109 1390.855 1390.601 1390.347 1390.149 1390.002 1389.855 1389.708 1389.562 1389.63 1389.701 1389.772 1389.843 1389.942 1390.074 1390.207 1390.34 1390.473 1390.484 1390.484 1390.484 1390.484 1390.444 1390.337 1390.23 1390.124 1390.017 1390.0 1390.0 1390.0 1390.0
1393.38 1393.298 1393.217 1393.135 1393.11 1393.232 1393.354 1393.476 1393.599 1393.812 1394.057 1394.302 1394.548 1394.828 1395.244 1395.66 1396.076 1396.492 1396.538 1396.399 1396.26 1396.121 1395.926 1395.354 1394.784 1394.213 1393.641 1393.192 1392.824 1392.457 1392.089 1391.726 1391.441 1391.155 1390.869 1390.583 1390.369 1390.222 1390.075 1389.928 1389.781 1389.87 1389.963 1390.056 1390.149 1390.242 1390.337 1390.432 1390.527 1390.622 1390.63 1390.63 1390.63 1390.63 1390.578 1390.439 1390.3 1390.161 1390.022 1390.0 1390.0 1390.0 1390.0
1393.626 1393.577 1393.527 1393.478 1393.463 1393.537 1393.61 1393.684 1393.758 1393.994 1394.288 1394.582 1394.875 1395.184 1395.552 1395.919 1396.287 1396.655 1396.663 1396.492 1396.32 1396.149 1395.936 1395.446 1394.956 1394.465 1393.975 1393.558 1393.19 1392.823 1392.455 1392.091 1391.773 1391.454 1391.136 1390.818 1390.589 1390.442 1390.295 1390.148 1390.001 1390.111 1390.226 1390.34 1390.454 1390.543 1390.6 1390.657 1390.715 1390.772 1390.777 1390.777 1390.777 1390.777 1390.713 1390.541 1390.37 1390.199 1390.027 1390.0 1390.0 1390.0 1390.0
1393.872 1393.855 1393.838 1393.821 1393.816 1393.841 1393.866 1393.892 1393.917 1394.176 1394.519 1394.861 1395.203 1395.54 1395.859 1396.179 1396.498 1396.817 1396.788 1396.584 1396.381 1396.177 1395.947 1395.537 1395.128 1394.718 1394.308 1393.924 1393.557 1393.189 1392.822 1392.455 1392.105 1391.754 1391.404 1391.053 1390.809 1390.662 1390.515 1390.368 1390.221 1390.352 1390.488 1390.624 1390.76 1390.843 1390.863 1390.883 1390.902 1390.922 1390.924 1390.924 1390.924 1390.924 1390.847 1390.643 1390.44 1390.236 1390.032 1390.0 1390.0 1390.0 1390.0
1394.053 1394.061 1394.068 1394.076 1394.087 1394.108 1394.129 1394.149 1394.17 1394.435 1394.787 1395.139 1395.491 1395.827 1396.097 1396.368 1396.639 1396.91 1396.853 1396.633 1396.412 1396.192 1395.952 1395.585 1395.217 1394.85 1394.482 1394.126 1393.776 1393.427 1393.078 1392.727 1392.365 1392.003 1391.641 1391.278 1391.027 1390.878 1390.728 1390.578 1390.429 1390.551 1390.678 1390.804 1390.93 1391.0 1391.0 1391.0 1391.0 1391.0 1391.0 1391.0 1391.0 1391.0 1390.917 1390.697 1390.476 1390.256 1390.035 1390.02 1390.043 1390.066 1390.089
1394.164 1394.188 1394.212 1394.235 1394.27 1394.334 1394.397 1394.461 1394.525 1394.778 1395.097 1395.417 1395.737 1396.037 1396.259 1396.481 1396.704 1396.926 1396.853 1396.633 1396.412 1396.192 1395.952 1395.585 1395.217 1394.85 1394.482 1394.148 1393.836 1393.525 1393.213 1392.899 1392.547 1392.196 1391.844 1391.493 1391.244 1391.089 1390.934 1390.779 1390.624 1390.704 1390.787 1390.871 1390.954 1391.0 1391.0 1391.0 1391.0 1391.0 1391.0 1391.0 1391.0 1391.0 1390.917 1390.697 1390.476 1390.256 1390.035 1390.06 1390.132 1390.203 1390.275
1394.275 1394.315 1394.355 1394.395 1394.453 1394.56 1394.666 1394.773 1394.88 1395.12 1395.407 1395.695 1395.982 1396.246 1396.42 1396.594 1396.768 1396.942 1396.853 1396.633 1396.412 1396.192 1395.952 1395.585 1395.217 1394.85 1394.482 1394.171 1393.896 1393.622 1393.348 1393.07 1392.73 1392.389 1392.048 1391.708 1391.461 1391.301 1391.14 1390.98 1390.82 1390.857 1390.897 1390.938 1390.978 1391.0 1391.0 1391.0 1391.0 1391.0 1391.0 1391.0 1391.0 1391.0 1390.917 1390.697 1390.476 1390.256 1390.035 1390.101 1390.221 1390.341 1390.461
1394.385 1394.442 1394.498 1394.554 1394.636 1394.786 1394.935 1395.085 1395.235 1395.463 1395.718 1395.973 1396.228 1396.456 1396.582 1396.707 1396.833 1396.958 1396.853 1396.633 1396.412 1396.192 1395.952 1395.585 1395.217 1394.85 1394.482 1394.193 1393.957 1393.72 1393.484 1393.242 1392.912 1392.582 1392.252 1391.922 1391.678 1391.512 1391.347 1391.181 1391.015 1391.01 1391.007 1391.004 1391.002 1391.0 1391.0 1391.0 1391.0 1391.0 1391.0 1391.0 1391.0 1391.0 1390.917 1390.697 1390.476 1390.256 1390.035 1390.142 1390.31 1390.479 1390.647
1394.496 1394.568 1394.641 1394.713 1394.819 1395.011 1395.204 1395.397 1395.59 1395.805 1396.028 1396.25 1396.473 1396.666 1396.743 1396.82 1396.897 1396.974 1396.853 1396.633 1396.412 1396.192 1395.952 1395.585 1395.217 1394.85 1394.482 1394.215 1394.017 1393.818 1393.619 1393.414 1393.094 1392.775 1392.456 1392.137 1391.895 1391.724 1391.553 1391.382 1391.211 1391.163 1391.117 1391.071 1391.025 1391.0 1391.0 1391.0 1391.0 1391.0 1391.0 1391.0 1391.0 1391.0 1390.917 1390.697 1390.476 1390.256 1390.035 1390.182 1390.399 1390.616 1390.833
