data/zism_data/00247_02_D.txt
ncols         224
nrows         224
[rows 112 to 139 of 224, columns 126 to 188 of 224]
2212.579 2209.601 2206.623 2203.646 2203.711 2207.508 2211.305 2215.102 2218.899 2220.856 2222.639 2224.422 2226.204 2225.646 2221.216 2216.785 2212.355 2207.925 2207.916 2208.744 2209.573 2210.402 2214.798 2227.346 2239.895 2252.443 2264.992 2273.201 2280.1 2286.999 2293.898 2299.238 2299.415 2299.592 2299.769 2299.946 2299.959 2299.901 2299.842 2299.783 2299.725 2299.666 2299.607 2299.549 2299.49 2299.678 2300.016 2300.354 2300.692 2301.035 2301.432 2301.829 2302.226 2302.624 2302.802 2302.802 2302.802 2302.802 2302.796 2302.399 2302.002 2301.604 2301.207
2210.488 2208.305 2206.122 2203.939 2204.76 2209.266 2213.772 2218.277 2222.782 2225.336 2227.704 2230.072 2232.44 2231.914 2226.604 2221.292 2215.982 2210.671 2209.497 2209.107 2208.717 2208.327 2211.795 2224.08 2236.366 2248.651 2260.937 2269.708 2277.417 2285.127 2292.837 2298.822 2299.096 2299.369 2299.643 2299.917 2299.974 2299.937 2299.9 2299.863 2299.826 2299.788 2299.751 2299.714 2299.677 2299.847 2300.141 2300.436 2300.731 2301.041 2301.508 2301.975 2302.442 2302.909 2303.119 2303.119 2303.119 2303.119 2303.112 2302.645 2302.178 2301.711 2301.244
2208.397 2207.009 2205.62 2204.232 2205.81 2211.024 2216.238 2221.452 2226.667 2229.816 2232.769 2235.722 2238.675 2238.183 2231.991 2225.8 2219.609 2213.417 2211.078 2209.469 2207.861 2206.252 2208.792 2220.814 2232.837 2244.859 2256.882 2266.214 2274.735 2283.255 2291.775 2298.406 2298.776 2299.146 2299.517 2299.887 2299.989 2299.973 2299.958 2299.942 2299.927 2299.911 2299.895 2299.879 2299.864 2300.015 2300.267 2300.518 2300.77 2301.047 2301.583 2302.12 2302.657 2303.194 2303.435 2303.435 2303.435 2303.435 2303.428 2302.891 2302.354 2301.817 2301.28
2206.872 2206.386 2205.899 2205.413 2207.794 2213.691 2219.588 2225.485 2231.381 2235.091 2238.591 2242.092 2245.592 2245.168 2238.253 2231.337 2224.422 2217.507 2213.909 2210.941 2207.973 2205.005 2206.422 2217.859 2229.297 2240.734 2252.171 2261.99 2271.319 2280.649 2289.979 2297.293 2297.931 2298.569 2299.207 2299.845 2300.041 2300.042 2300.043 2300.045 2300.046 2300.044 2300.043 2300.042 2300.04 2300.185 2300.418 2300.652 2300.885 2301.151 2301.747 2302.344 2302.94 2303.537 2303.8 2303.791 2303.782 2303.774 2303.757 2303.16 2302.563 2301.967 2301.37
2206.878 2207.583 2208.289 2208.994 2212.307 2218.816 2225.325 2231.834 2238.343 2242.512 2246.458 2250.404 2254.35 2254.09 2246.875 2239.658 2232.443 2225.227 2220.119 2215.411 2210.704 2205.996 2205.76 2215.742 2225.724 2235.707 2245.689 2255.789 2265.924 2276.059 2286.194 2294.296 2295.665 2297.033 2298.401 2299.769 2300.19 2300.197 2300.204 2300.211 2300.216 2300.209 2300.202 2300.195 2300.188 2300.361 2300.643 2300.925 2301.207 2301.519 2302.147 2302.776 2303.405 2304.034 2304.294 2304.253 2304.212 2304.171 2304.121 2303.493 2302.864 2302.235 2301.606
2206.883 2208.781 2210.678 2212.576 2216.82 2223.941 2231.062 2238.183 2245.304 2249.933 2254.325 2258.717 2263.108 2263.013 2255.496 2247.979 2240.463 2232.946 2226.329 2219.882 2213.435 2206.987 2205.098 2213.625 2222.152 2230.68 2239.207 2249.588 2260.529 2271.469 2282.409 2291.3 2293.398 2295.496 2297.595 2299.693 2300.34 2300.353 2300.365 2300.377 2300.385 2300.373 2300.361 2300.349 2300.336 2300.538 2300.868 2301.198 2301.528 2301.887 2302.548 2303.209 2303.87 2304.531 2304.787 2304.714 2304.641 2304.568 2304.486 2303.825 2303.164 2302.503 2301.843
2206.889 2209.978 2213.068 2216.157 2221.333 2229.066 2236.799 2244.532 2252.265 2257.354 2262.192 2267.029 2271.866 2271.936 2264.118 2256.301 2248.484 2240.666 2232.538 2224.352 2216.165 2207.978 2204.436 2211.508 2218.58 2225.653 2232.725 2243.387 2255.133 2266.879 2278.625 2288.303 2291.131 2293.96 2296.789 2299.617 2300.49 2300.508 2300.525 2300.543 2300.555 2300.537 2300.52 2300.502 2300.485 2300.714 2301.092 2301.471 2301.849 2302.255 2302.948 2303.641 2304.334 2305.028 2305.281 2305.176 2305.07 2304.965 2304.851 2304.158 2303.465 2302.772 2302.078
2206.894 2211.176 2215.457 2219.739 2225.846 2234.191 2242.536 2250.881 2259.226 2264.776 2270.059 2275.342 2280.625 2280.858 2272.74 2264.622 2256.504 2248.386 2238.748 2228.822 2218.896 2208.969 2203.774 2209.391 2215.008 2220.625 2226.243 2237.186 2249.738 2262.289 2274.84 2285.306 2288.865 2292.424 2295.982 2299.541 2300.64 2300.663 2300.686 2300.709 2300.724 2300.701 2300.678 2300.656 2300.633 2300.89 2301.317 2301.744 2302.17 2302.623 2303.349 2304.074 2304.799 2305.525 2305.775 2305.637 2305.5 2305.362 2305.216 2304.491 2303.765 2303.04 2302.314
2208.387 2213.252 2218.117 2222.983 2229.477 2237.966 2246.456 2254.945 2263.434 2269.029 2274.346 2279.665 2284.983 2285.441 2277.863 2270.284 2262.706 2255.127 2244.672 2233.671 2222.671 2211.67 2205.259 2209.337 2213.416 2217.495 2221.574 2232.125 2244.63 2257.135 2269.64 2280.335 2285.035 2289.734 2294.434 2299.133 2300.636 2300.74 2300.844 2300.949 2301.041 2301.065 2301.09 2301.115 2301.14 2301.45 2301.933 2302.416 2302.898 2303.401 2304.113 2304.825 2305.537 2306.249 2306.446 2306.223 2306.0 2305.777 2305.546 2304.75 2303.955 2303.159 2302.363
2210.493 2215.691 2220.889 2226.087 2232.743 2241.184 2249.625 2258.066 2266.507 2271.975 2277.158 2282.343 2287.526 2288.235 2281.542 2274.85 2268.157 2261.464 2250.478 2238.677 2226.877 2215.076 2207.63 2210.135 2212.641 2215.146 2217.652 2227.533 2239.641 2251.749 2263.857 2274.55 2280.56 2286.569 2292.579 2298.588 2300.568 2300.785 2301.002 2301.219 2301.417 2301.512 2301.606 2301.701 2301.796 2302.169 2302.711 2303.253 2303.794 2304.348 2305.028 2305.708 2306.387 2307.067 2307.191 2306.86 2306.53 2306.2 2305.861 2304.98 2304.098 2303.217 2302.335
2212.599 2218.13 2223.661 2229.192 2236.009 2244.402 2252.795 2261.188 2269.58 2274.921 2279.97 2285.02 2290.07 2291.029 2285.222 2279.415 2273.608 2267.802 2256.284 2243.683 2231.083 2218.482 2210.0 2210.933 2211.865 2212.798 2213.73 2222.942 2234.652 2246.363 2258.073 2268.765 2276.085 2283.404 2290.724 2298.043 2300.5 2300.83 2301.16 2301.49 2301.793 2301.958 2302.122 2302.287 2302.451 2302.888 2303.489 2304.09 2304.69 2305.295 2305.943 2306.59 2307.238 2307.885 2307.935 2307.498 2307.06 2306.622 2306.177 2305.209 2304.242 2303.274 2302.307
2214.705 2220.569 2226.433 2232.297 2239.275 2247.62 2255.965 2264.309 2272.653 2277.867 2282.782 2287.698 2292.614 2293.823 2288.902 2283.981 2279.06 2274.139 2262.09 2248.689 2235.289 2221.888 2212.371 2211.731 2211.09 2210.449 2209.809 2218.35 2229.663 2240.976 2252.29 2262.98 2271.61 2280.24 2288.869 2297.499 2300.433 2300.875 2301.318 2301.76 2302.17 2302.404 2302.638 2302.873 2303.107 2303.607 2304.267 2304.927 2305.586 2306.242 2306.858 2307.473 2308.088 2308.704 2308.68 2308.135 2307.59 2307.044 2306.492 2305.439 2304.385 2303.332 2302.279
2217.219 2223.327 2229.437 2235.546 2242.609 2250.842 2259.075 2267.307 2275.54 2280.598 2285.353 2290.109 2294.864 2296.292 2292.219 2288.146 2284.073 2279.999 2267.52 2253.447 2239.375 2225.302 2214.863 2212.731 2210.599 2208.467 2206.334 2214.127 2224.917 2235.707 2246.497 2257.076 2266.959 2276.842 2286.725 2296.608 2300.059 2300.696 2301.333 2301.969 2302.554 2302.862 2303.17 2303.478 2303.786 2304.35 2305.068 2305.786 2306.504 2307.212 2307.807 2308.401 2308.996 2309.591 2309.501 2308.852 2308.202 2307.553 2306.896 2305.735 2304.573 2303.412 2302.251
2222.117 2227.958 2233.799 2239.639 2246.338 2254.087 2261.837 2269.586 2277.336 2282.067 2286.511 2290.955 2295.399 2296.868 2293.418 2289.967 2286.517 2283.066 2270.75 2256.752 2242.754 2228.756 2218.061 2214.915 2211.768 2208.621 2205.474 2212.062 2221.59 2231.118 2240.646 2250.47 2261.277 2272.083 2282.89 2293.697 2297.896 2299.203 2300.511 2301.819 2302.983 2303.388 2303.793 2304.198 2304.602 2305.236 2306.008 2306.78 2307.551 2308.312 2308.955 2309.598 2310.241 2310.885 2310.769 2310.033 2309.298 2308.563 2307.818 2306.421 2305.023 2303.626 2302.228
2227.016 2232.588 2238.16 2243.732 2250.066 2257.332 2264.599 2271.865 2279.131 2283.536 2287.669 2291.802 2295.934 2297.444 2294.616 2291.788 2288.961 2286.133 2273.979 2260.057 2246.134 2232.211 2221.26 2217.098 2212.936 2208.775 2204.613 2209.997 2218.263 2226.529 2234.796 2243.865 2255.595 2267.325 2279.055 2290.785 2295.732 2297.711 2299.69 2301.669 2303.413 2303.914 2304.416 2304.917 2305.418 2306.122 2306.947 2307.773 2308.598 2309.412 2310.104 2310.795 2311.487 2312.178 2312.037 2311.215 2310.394 2309.573 2308.74 2307.106 2305.473 2303.839 2302.205
2231.915 2237.219 2242.522 2247.826 2253.794 2260.577 2267.361 2274.144 2280.927 2285.006 2288.827 2292.648 2296.469 2298.019 2295.815 2293.61 2291.405 2289.2 2277.209 2263.361 2249.514 2235.666 2224.458 2219.282 2214.105 2208.929 2203.752 2207.932 2214.937 2221.941 2228.945 2237.259 2249.913 2262.566 2275.22 2287.874 2293.568 2296.219 2298.869 2301.519 2303.842 2304.44 2305.038 2305.636 2306.234 2307.008 2307.887 2308.766 2309.645 2310.512 2311.252 2311.992 2312.732 2313.472 2313.304 2312.397 2311.49 2310.583 2309.662 2307.792 2305.922 2304.052 2302.183
2236.813 2241.849 2246.884 2251.919 2257.523 2263.823 2270.123 2276.423 2282.722 2286.475 2289.985 2293.494 2297.004 2298.595 2297.013 2295.431 2293.849 2292.267 2280.438 2266.666 2252.894 2239.121 2227.656 2221.465 2215.274 2209.083 2202.892 2205.867 2211.61 2217.352 2223.095 2230.654 2244.231 2257.808 2271.385 2284.962 2291.405 2294.726 2298.048 2301.369 2304.272 2304.966 2305.661 2306.356 2307.05 2307.894 2308.826 2309.759 2310.692 2311.613 2312.401 2313.189 2313.977 2314.765 2314.573 2313.579 2312.586 2311.593 2310.584 2308.478 2306.372 2304.266 2302.16
2242.194 2246.785 2251.376 2255.967 2261.14 2267.026 2272.912 2278.797 2284.683 2288.115 2291.313 2294.511 2297.71 2299.259 2298.08 2296.902 2295.723 2294.544 2283.565 2270.727 2257.889 2245.051 2233.931 2226.737 2219.544 2212.351 2205.157 2206.673 2210.818 2214.964 2219.109 2225.381 2238.7 2252.019 2265.337 2278.656 2285.936 2290.574 2295.213 2299.851 2303.902 2304.856 2305.811 2306.765 2307.719 2308.694 2309.681 2310.667 2311.654 2312.629 2313.488 2314.346 2315.205 2316.063 2315.915 2314.946 2313.977 2313.007 2312.02 2309.819 2307.618 2305.417 2303.215
2247.917 2251.938 2255.961 2259.983 2264.678 2270.199 2275.719 2281.24 2286.76 2289.876 2292.763 2295.65 2298.537 2299.985 2299.053 2298.122 2297.19 2296.259 2286.619 2275.327 2264.035 2252.743 2242.396 2234.21 2226.023 2217.837 2209.65 2209.525 2211.834 2214.143 2216.452 2221.058 2233.277 2245.494 2257.713 2269.93 2278.112 2284.528 2290.943 2297.359 2302.963 2304.294 2305.624 2306.954 2308.284 2309.434 2310.474 2311.514 2312.555 2313.587 2314.531 2315.475 2316.42 2317.364 2317.311 2316.444 2315.576 2314.709 2313.823 2311.627 2309.431 2307.235 2305.039
2253.639 2257.092 2260.545 2263.998 2268.216 2273.372 2278.527 2283.683 2288.838 2291.638 2294.213 2296.789 2299.364 2300.711 2300.027 2299.342 2298.658 2297.973 2289.672 2279.927 2270.181 2260.435 2250.862 2241.682 2232.502 2223.323 2214.143 2212.377 2212.85 2213.322 2213.795 2216.736 2227.853 2238.97 2250.088 2261.205 2270.288 2278.481 2286.673 2294.866 2302.025 2303.731 2305.437 2307.143 2308.849 2310.174 2311.268 2312.362 2313.456 2314.544 2315.574 2316.604 2317.635 2318.665 2318.706 2317.941 2317.176 2316.411 2315.625 2313.435 2311.244 2309.053 2306.863
2259.363 2262.246 2265.13 2268.014 2271.754 2276.544 2281.335 2286.125 2290.916 2293.399 2295.664 2297.928 2300.192 2301.438 2301.0 2300.563 2300.125 2299.688 2292.726 2284.526 2276.327 2268.128 2259.328 2249.155 2238.982 2228.809 2218.635 2215.229 2213.865 2212.501 2211.138 2212.413 2222.43 2232.446 2242.463 2252.48 2262.464 2272.434 2282.404 2292.374 2301.086 2303.168 2305.25 2307.332 2309.414 2310.914 2312.061 2313.209 2314.356 2315.501 2316.617 2317.734 2318.85 2319.966 2320.102 2319.439 2318.776 2318.113 2317.427 2315.242 2313.057 2310.872 2308.687
2265.051 2267.368 2269.685 2272.002 2275.267 2279.693 2284.119 2288.546 2292.972 2295.145 2297.103 2299.061 2301.02 2302.167 2301.973 2301.78 2301.586 2301.393 2295.76 2289.096 2282.432 2275.767 2267.744 2256.612 2245.48 2234.349 2223.218 2218.187 2214.997 2211.807 2208.617 2208.23 2217.124 2226.017 2234.911 2243.804 2254.664 2266.384 2278.104 2289.823 2300.068 2302.539 2305.009 2307.479 2309.949 2311.63 2312.834 2314.039 2315.243 2316.448 2317.651 2318.855 2320.059 2321.262 2321.497 2320.94 2320.384 2319.827 2319.247 2317.075 2314.903 2312.73 2310.558
2269.18 2271.04 2272.901 2274.762 2277.635 2281.75 2285.865 2289.98 2294.095 2296.182 2298.076 2299.97 2301.863 2303.013 2302.932 2302.852 2302.771 2302.69 2297.942 2292.308 2286.675 2281.042 2273.918 2263.388 2252.858 2242.328 2231.797 2225.862 2221.314 2216.766 2212.218 2210.294 2217.062 2223.829 2230.597 2237.364 2247.946 2260.198 2272.449 2284.7 2295.541 2298.945 2302.35 2305.754 2309.158 2311.312 2312.71 2314.107 2315.505 2316.9 2318.265 2319.629 2320.994 2322.359 2322.837 2322.592 2322.347 2322.102 2321.834 2320.01 2318.187 2316.364 2314.541
2273.309 2274.713 2276.117 2277.521 2280.004 2283.807 2287.611 2291.415 2295.219 2297.219 2299.049 2300.878 2302.707 2303.859 2303.891 2303.923 2303.955 2303.987 2300.124 2295.521 2290.918 2286.316 2280.092 2270.164 2260.235 2250.306 2240.377 2233.538 2227.632 2221.725 2215.818 2212.358 2217.0 2221.641 2226.282 2230.924 2241.229 2254.011 2266.794 2279.577 2291.013 2295.352 2299.691 2304.029 2308.368 2310.994 2312.585 2314.176 2315.767 2317.352 2318.878 2320.404 2321.93 2323.456 2324.178 2324.244 2324.31 2324.377 2324.421 2322.946 2321.472 2319.998 2318.523
2277.438 2278.385 2279.333 2280.281 2282.373 2285.865 2289.357 2292.849 2296.342 2298.257 2300.021 2301.786 2303.551 2304.705 2304.85 2304.995 2305.14 2305.284 2302.305 2298.734 2295.162 2291.59 2286.267 2276.939 2267.612 2258.285 2248.957 2241.214 2233.949 2226.684 2219.419 2214.422 2216.937 2219.453 2221.968 2224.484 2234.511 2247.825 2261.139 2274.454 2286.486 2291.759 2297.032 2302.305 2307.577 2310.676 2312.46 2314.245 2316.029 2317.805 2319.492 2321.178 2322.865 2324.552 2325.518 2325.896 2326.274 2326.651 2327.007 2325.882 2324.757 2323.631 2322.506
2281.567 2282.058 2282.55 2283.041 2284.741 2287.922 2291.103 2294.284 2297.465 2299.294 2300.994 2302.695 2304.395 2305.552 2305.809 2306.067 2306.324 2306.582 2304.487 2301.946 2299.405 2296.865 2292.441 2283.715 2274.989 2266.263 2257.537 2248.89 2240.266 2231.643 2223.019 2216.486 2216.875 2217.265 2217.654 2218.043 2227.793 2241.639 2255.485 2269.331 2281.958 2288.166 2294.373 2300.58 2306.787 2310.358 2312.336 2314.313 2316.291 2318.257 2320.105 2321.953 2323.801 2325.649 2326.859 2327.548 2328.237 2328.926 2329.594 2328.818 2328.042 2327.265 2326.489
2284.842 2285.01 2285.178 2285.347 2286.743 2289.645 2292.547 2295.448 2298.35 2300.139 2301.821 2303.504 2305.187 2306.377 2306.752 2307.128 2307.503 2307.878 2306.32 2304.395 2302.471 2300.546 2296.766 2288.745 2280.724 2272.703 2264.681 2255.665 2246.347 2237.029 2227.711 2220.209 2218.719 2217.229 2215.739 2214.249 2223.084 2236.437 2249.79 2263.142 2275.541 2282.91 2290.278 2297.647 2305.015 2309.291 2311.696 2314.101 2316.507 2318.879 2320.9 2322.921 2324.943 2326.964 2328.419 2329.413 2330.406 2331.399 2332.372 2331.962 2331.552 2331.141 2330.731
2287.113 2287.115 2287.117 2287.119 2288.315 2290.975 2293.635 2296.295 2298.955 2300.757 2302.478 2304.198 2305.919 2307.179 2307.677 2308.176 2308.675 2309.174 2307.744 2305.948 2304.152 2302.356 2298.917 2291.723 2284.529 2277.334 2270.14 2261.381 2252.149 2242.917 2233.686 2225.881 2222.801 2219.722 2216.643 2213.564 2220.735 2232.391 2244.047 2255.703 2266.903 2275.7 2284.497 2293.293 2302.09 2307.342 2310.451 2313.56 2316.668 2319.699 2321.908 2324.117 2326.327 2328.536 2330.238 2331.527 2332.815 2334.104 2335.373 2335.35 2335.326 2335.302 2335.279
