data/zism_data/00246_03_D.txt
ncols         224
nrows         224
[rows 196 to 223 of 224, columns 128 to 191 of 224]
1445.155 1445.228 1445.302 1445.416 1445.563 1445.709 1445.856 1446.0 1446.0 1446.0 1446.0 1446.0 1446.102 1446.322 1446.541 1446.761 1446.981 1447.0 1447.0 1447.0 1447.0 1447.08 1447.299 1447.519 1447.739 1447.959 1448.059 1448.133 1448.206 1448.279 1448.372 1448.518 1448.665 1448.811 1448.958 1449.045 1449.108 1449.172 1449.235 1449.318 1449.506 1449.694 1449.882 1450.071 1450.212 1450.323 1450.433 1450.544 1450.663 1450.904 1451.146 1451.387 1451.629 1451.785 1451.858 1451.931 1452.005 1452.078 1452.098 1452.116 1452.133 1452.151 1452.336 1452.766
1445.155 1445.228 1445.302 1445.416 1445.563 1445.709 1445.856 1446.0 1446.0 1446.0 1446.0 1446.0 1446.102 1446.322 1446.541 1446.761 1446.981 1447.0 1447.0 1447.0 1447.0 1447.08 1447.299 1447.519 1447.739 1447.959 1448.059 1448.133 1448.206 1448.279 1448.372 1448.518 1448.665 1448.811 1448.958 1449.06 1449.145 1449.23 1449.315 1449.414 1449.592 1449.769 1449.946 1450.124 1450.284 1450.432 1450.581 1450.729 1450.885 1451.159 1451.432 1451.706 1451.98 1452.152 1452.225 1452.299 1452.372 1452.445 1452.543 1452.641 1452.74 1452.838 1453.08 1453.531
1445.22 1445.291 1445.362 1445.468 1445.602 1445.735 1445.869 1446.0 1446.013 1446.026 1446.04 1446.053 1446.156 1446.362 1446.569 1446.775 1446.982 1447.0 1447.0 1447.0 1447.0 1447.08 1447.299 1447.519 1447.739 1447.959 1448.059 1448.133 1448.206 1448.279 1448.372 1448.518 1448.665 1448.811 1448.958 1449.063 1449.152 1449.241 1449.33 1449.433 1449.613 1449.793 1449.972 1450.152 1450.326 1450.497 1450.668 1450.839 1451.017 1451.317 1451.616 1451.916 1452.215 1452.411 1452.506 1452.602 1452.697 1452.792 1452.965 1453.142 1453.319 1453.496 1453.792 1454.26
1445.38 1445.446 1445.511 1445.597 1445.698 1445.799 1445.9 1446.001 1446.046 1446.091 1446.137 1446.182 1446.287 1446.462 1446.636 1446.811 1446.985 1447.0 1447.0 1447.0 1447.0 1447.08 1447.299 1447.519 1447.739 1447.959 1448.059 1448.133 1448.206 1448.279 1448.372 1448.518 1448.665 1448.811 1448.958 1449.048 1449.115 1449.183 1449.25 1449.339 1449.54 1449.741 1449.942 1450.144 1450.326 1450.497 1450.668 1450.839 1451.018 1451.334 1451.65 1451.965 1452.281 1452.512 1452.661 1452.81 1452.959 1453.108 1453.356 1453.608 1453.861 1454.113 1454.457 1454.936
1445.54 1445.6 1445.661 1445.726 1445.795 1445.863 1445.932 1446.001 1446.079 1446.156 1446.234 1446.312 1446.419 1446.562 1446.703 1446.846 1446.988 1447.0 1447.0 1447.0 1447.0 1447.08 1447.299 1447.519 1447.739 1447.959 1448.059 1448.133 1448.206 1448.279 1448.372 1448.518 1448.665 1448.811 1448.958 1449.033 1449.078 1449.124 1449.17 1449.244 1449.467 1449.69 1449.912 1450.135 1450.326 1450.497 1450.668 1450.839 1451.019 1451.351 1451.683 1452.015 1452.347 1452.613 1452.816 1453.018 1453.221 1453.424 1453.746 1454.074 1454.402 1454.73 1455.123 1455.613
1445.7 1445.755 1445.81 1445.854 1445.891 1445.927 1445.964 1446.002 1446.112 1446.222 1446.332 1446.442 1446.551 1446.661 1446.771 1446.881 1446.99 1447.0 1447.0 1447.0 1447.0 1447.08 1447.299 1447.519 1447.739 1447.959 1448.059 1448.133 1448.206 1448.279 1448.372 1448.518 1448.665 1448.811 1448.958 1449.017 1449.042 1449.066 1449.09 1449.15 1449.394 1449.638 1449.882 1450.127 1450.326 1450.497 1450.668 1450.839 1451.02 1451.368 1451.716 1452.064 1452.412 1452.714 1452.97 1453.227 1453.483 1453.74 1454.137 1454.54 1454.943 1455.346 1455.789 1456.289
1445.86 1445.91 1445.959 1445.983 1445.987 1445.992 1445.996 1446.002 1446.144 1446.287 1446.429 1446.571 1446.683 1446.761 1446.838 1446.916 1446.993 1447.0 1447.0 1447.0 1447.0 1447.08 1447.299 1447.519 1447.739 1447.959 1448.059 1448.133 1448.206 1448.279 1448.372 1448.518 1448.665 1448.811 1448.958 1449.002 1449.005 1449.008 1449.01 1449.055 1449.321 1449.587 1449.853 1450.118 1450.326 1450.497 1450.668 1450.839 1451.021 1451.385 1451.749 1452.114 1452.478 1452.814 1453.125 1453.435 1453.746 1454.056 1454.527 1455.006 1455.484 1455.963 1456.455 1456.966
1445.904 1445.943 1445.983 1446.024 1446.066 1446.108 1446.15 1446.193 1446.312 1446.43 1446.549 1446.667 1446.758 1446.817 1446.876 1446.936 1446.995 1447.0 1447.0 1447.0 1447.0 1447.08 1447.299 1447.519 1447.739 1447.959 1448.059 1448.133 1448.206 1448.279 1448.372 1448.518 1448.665 1448.811 1448.958 1449.0 1449.0 1449.0 1449.0 1449.037 1449.268 1449.499 1449.73 1449.961 1450.153 1450.319 1450.485 1450.652 1450.831 1451.225 1451.62 1452.014 1452.408 1452.783 1453.138 1453.492 1453.847 1454.202 1454.729 1455.265 1455.8 1456.335 1456.861 1457.374
1445.93 1445.959 1445.988 1446.051 1446.142 1446.232 1446.323 1446.413 1446.5 1446.586 1446.672 1446.758 1446.824 1446.867 1446.91 1446.953 1446.996 1447.0 1447.0 1447.0 1447.0 1447.08 1447.299 1447.519 1447.739 1447.959 1448.059 1448.133 1448.206 1448.279 1448.372 1448.518 1448.665 1448.811 1448.958 1449.0 1449.0 1449.0 1449.0 1449.03 1449.218 1449.406 1449.594 1449.782 1449.954 1450.115 1450.276 1450.436 1450.613 1451.039 1451.466 1451.892 1452.319 1452.731 1453.129 1453.527 1453.925 1454.323 1454.903 1455.492 1456.081 1456.67 1457.228 1457.741
1445.956 1445.974 1445.992 1446.079 1446.218 1446.357 1446.496 1446.633 1446.687 1446.741 1446.795 1446.849 1446.89 1446.917 1446.944 1446.971 1446.998 1447.0 1447.0 1447.0 1447.0 1447.08 1447.299 1447.519 1447.739 1447.959 1448.059 1448.133 1448.206 1448.279 1448.372 1448.518 1448.665 1448.811 1448.958 1449.0 1449.0 1449.0 1449.0 1449.023 1449.168 1449.313 1449.458 1449.603 1449.755 1449.91 1450.066 1450.221 1450.394 1450.853 1451.312 1451.771 1452.23 1452.679 1453.12 1453.561 1454.002 1454.443 1455.077 1455.72 1456.363 1457.006 1457.596 1458.108
1445.983 1445.99 1445.997 1446.106 1446.293 1446.481 1446.668 1446.853 1446.875 1446.896 1446.918 1446.939 1446.956 1446.967 1446.978 1446.988 1446.999 1447.0 1447.0 1447.0 1447.0 1447.08 1447.299 1447.519 1447.739 1447.959 1448.059 1448.133 1448.206 1448.279 1448.372 1448.518 1448.665 1448.811 1448.958 1449.0 1449.0 1449.0 1449.0 1449.016 1449.118 1449.22 1449.322 1449.424 1449.555 1449.705 1449.855 1450.006 1450.175 1450.667 1451.158 1451.649 1452.14 1452.628 1453.112 1453.596 1454.08 1454.564 1455.251 1455.948 1456.645 1457.341 1457.963 1458.476
1446.069 1446.071 1446.073 1446.189 1446.392 1446.596 1446.799 1447.0 1447.0 1447.0 1447.0 1447.0 1447.002 1447.005 1447.009 1447.012 1447.016 1447.028 1447.04 1447.053 1447.065 1447.147 1447.351 1447.554 1447.758 1447.962 1448.058 1448.13 1448.201 1448.272 1448.364 1448.512 1448.66 1448.809 1448.957 1449.0 1449.0 1449.0 1449.0 1449.011 1449.079 1449.147 1449.214 1449.282 1449.395 1449.536 1449.677 1449.818 1449.98 1450.48 1450.98 1451.48 1451.981 1452.495 1453.024 1453.553 1454.082 1454.611 1455.342 1456.081 1456.821 1457.561 1458.215 1458.744
1446.276 1446.284 1446.291 1446.382 1446.537 1446.692 1446.847 1447.0 1447.0 1447.0 1447.0 1447.0 1447.007 1447.021 1447.035 1447.05 1447.064 1447.111 1447.161 1447.212 1447.262 1447.35 1447.505 1447.66 1447.816 1447.971 1448.054 1448.12 1448.186 1448.252 1448.341 1448.495 1448.648 1448.802 1448.955 1449.0 1449.0 1449.0 1449.0 1449.008 1449.06 1449.112 1449.163 1449.215 1449.311 1449.436 1449.561 1449.686 1449.831 1450.293 1450.756 1451.218 1451.681 1452.202 1452.779 1453.356 1453.934 1454.511 1455.264 1456.025 1456.786 1457.548 1458.234 1458.812
1446.484 1446.496 1446.509 1446.575 1446.681 1446.788 1446.895 1447.0 1447.0 1447.0 1447.0 1447.0 1447.012 1447.037 1447.062 1447.087 1447.112 1447.195 1447.282 1447.37 1447.458 1447.553 1447.66 1447.766 1447.873 1447.98 1448.049 1448.11 1448.171 1448.231 1448.318 1448.477 1448.636 1448.795 1448.954 1449.0 1449.0 1449.0 1449.0 1449.006 1449.041 1449.077 1449.112 1449.148 1449.228 1449.337 1449.446 1449.555 1449.682 1450.107 1450.531 1450.956 1451.381 1451.908 1452.534 1453.159 1453.785 1454.411 1455.187 1455.969 1456.752 1457.535 1458.254 1458.88
1446.691 1446.709 1446.727 1446.768 1446.826 1446.884 1446.943 1447.0 1447.0 1447.0 1447.0 1447.0 1447.017 1447.052 1447.088 1447.124 1447.16 1447.278 1447.404 1447.529 1447.655 1447.756 1447.814 1447.872 1447.931 1447.989 1448.045 1448.1 1448.156 1448.211 1448.295 1448.459 1448.624 1448.788 1448.952 1449.0 1449.0 1449.0 1449.0 1449.003 1449.023 1449.042 1449.061 1449.081 1449.145 1449.238 1449.33 1449.423 1449.533 1449.92 1450.307 1450.694 1451.081 1451.614 1452.288 1452.962 1453.637 1454.311 1455.109 1455.914 1456.718 1457.522 1458.274 1458.948
1446.898 1446.922 1446.945 1446.961 1446.971 1446.98 1446.99 1447.0 1447.0 1447.0 1447.0 1447.0 1447.022 1447.068 1447.115 1447.162 1447.208 1447.361 1447.525 1447.688 1447.851 1447.959 1447.969 1447.979 1447.988 1447.998 1448.041 1448.09 1448.14 1448.19 1448.272 1448.441 1448.611 1448.781 1448.951 1449.0 1449.0 1449.0 1449.0 1449.0 1449.004 1449.007 1449.01 1449.014 1449.062 1449.138 1449.215 1449.291 1449.383 1449.733 1450.082 1450.432 1450.781 1451.32 1452.043 1452.766 1453.488 1454.211 1455.032 1455.858 1456.684 1457.509 1458.293 1459.016
1447.01 1447.03 1447.05 1447.059 1447.059 1447.059 1447.059 1447.059 1447.059 1447.059 1447.059 1447.059 1447.089 1447.155 1447.221 1447.287 1447.353 1447.488 1447.628 1447.769 1447.91 1448.0 1448.0 1448.0 1448.0 1448.0 1448.064 1448.143 1448.222 1448.301 1448.396 1448.537 1448.677 1448.818 1448.959 1449.006 1449.015 1449.023 1449.032 1449.045 1449.079 1449.113 1449.147 1449.182 1449.237 1449.306 1449.375 1449.444 1449.527 1449.834 1450.142 1450.449 1450.757 1451.278 1452.006 1452.734 1453.463 1454.191 1455.029 1455.872 1456.715 1457.558 1458.351 1459.07
1447.096 1447.111 1447.126 1447.132 1447.132 1447.132 1447.132 1447.132 1447.132 1447.132 1447.132 1447.132 1447.173 1447.26 1447.348 1447.435 1447.523 1447.625 1447.728 1447.831 1447.934 1448.0 1448.0 1448.0 1448.0 1448.0 1448.095 1448.211 1448.328 1448.444 1448.557 1448.661 1448.764 1448.867 1448.97 1449.014 1449.033 1449.052 1449.072 1449.1 1449.178 1449.255 1449.333 1449.41 1449.479 1449.542 1449.606 1449.67 1449.745 1450.009 1450.274 1450.538 1450.803 1451.3 1452.022 1452.745 1453.468 1454.191 1455.044 1455.903 1456.762 1457.622 1458.417 1459.121
1447.183 1447.192 1447.202 1447.206 1447.206 1447.206 1447.206 1447.206 1447.206 1447.206 1447.206 1447.206 1447.256 1447.365 1447.474 1447.583 1447.692 1447.762 1447.827 1447.893 1447.958 1448.0 1448.0 1448.0 1448.0 1448.0 1448.125 1448.279 1448.434 1448.588 1448.719 1448.784 1448.85 1448.916 1448.981 1449.021 1449.052 1449.082 1449.112 1449.156 1449.277 1449.397 1449.518 1449.638 1449.721 1449.779 1449.837 1449.895 1449.963 1450.184 1450.406 1450.627 1450.848 1451.321 1452.039 1452.756 1453.474 1454.191 1455.06 1455.935 1456.81 1457.685 1458.484 1459.172
1447.269 1447.273 1447.277 1447.279 1447.279 1447.279 1447.279 1447.279 1447.279 1447.279 1447.279 1447.279 1447.34 1447.47 1447.601 1447.731 1447.862 1447.899 1447.927 1447.954 1447.982 1448.0 1448.0 1448.0 1448.0 1448.0 1448.156 1448.348 1448.54 1448.731 1448.88 1448.908 1448.936 1448.964 1448.992 1449.029 1449.07 1449.111 1449.152 1449.212 1449.376 1449.539 1449.703 1449.866 1449.962 1450.015 1450.068 1450.121 1450.181 1450.359 1450.537 1450.716 1450.894 1451.343 1452.055 1452.767 1453.479 1454.191 1455.075 1455.967 1456.858 1457.749 1458.551 1459.223
1447.372 1447.372 1447.372 1447.372 1447.372 1447.372 1447.372 1447.372 1447.372 1447.372 1447.372 1447.372 1447.436 1447.574 1447.712 1447.85 1447.988 1448.0 1448.0 1448.0 1448.0 1448.0 1448.0 1448.0 1448.0 1448.0 1448.178 1448.398 1448.618 1448.838 1449.0 1449.0 1449.0 1449.0 1449.0 1449.039 1449.093 1449.148 1449.202 1449.281 1449.486 1449.691 1449.896 1450.101 1450.214 1450.269 1450.323 1450.378 1450.438 1450.598 1450.757 1450.916 1451.075 1451.509 1452.21 1452.911 1453.612 1454.313 1455.19 1456.076 1456.961 1457.846 1458.641 1459.304
1447.519 1447.519 1447.519 1447.519 1447.519 1447.519 1447.519 1447.519 1447.519 1447.519 1447.519 1447.519 1447.568 1447.673 1447.779 1447.885 1447.991 1448.0 1448.0 1448.0 1448.0 1448.0 1448.0 1448.0 1448.0 1448.0 1448.178 1448.398 1448.618 1448.838 1449.0 1449.0 1449.0 1449.0 1449.0 1449.054 1449.13 1449.206 1449.282 1449.385 1449.627 1449.87 1450.113 1450.356 1450.497 1450.573 1450.649 1450.725 1450.809 1451.016 1451.224 1451.431 1451.639 1452.083 1452.757 1453.432 1454.106 1454.78 1455.589 1456.404 1457.219 1458.034 1458.794 1459.474
1447.666 1447.666 1447.666 1447.666 1447.666 1447.666 1447.666 1447.666 1447.666 1447.666 1447.666 1447.666 1447.7 1447.773 1447.847 1447.92 1447.994 1448.0 1448.0 1448.0 1448.0 1448.0 1448.0 1448.0 1448.0 1448.0 1448.178 1448.398 1448.618 1448.838 1449.0 1449.0 1449.0 1449.0 1449.0 1449.069 1449.167 1449.264 1449.362 1449.489 1449.769 1450.049 1450.33 1450.61 1450.78 1450.877 1450.975 1451.072 1451.179 1451.435 1451.691 1451.947 1452.203 1452.657 1453.305 1453.952 1454.599 1455.246 1455.987 1456.732 1457.478 1458.223 1458.948 1459.644
1447.813 1447.813 1447.813 1447.813 1447.813 1447.813 1447.813 1447.813 1447.813 1447.813 1447.813 1447.813 1447.832 1447.873 1447.914 1447.955 1447.996 1448.0 1448.0 1448.0 1448.0 1448.0 1448.0 1448.0 1448.0 1448.0 1448.178 1448.398 1448.618 1448.838 1449.0 1449.0 1449.0 1449.0 1449.0 1449.084 1449.204 1449.323 1449.442 1449.592 1449.911 1450.229 1450.547 1450.865 1451.062 1451.181 1451.3 1451.419 1451.549 1451.854 1452.158 1452.462 1452.767 1453.232 1453.852 1454.472 1455.093 1455.713 1456.386 1457.061 1457.736 1458.411 1459.101 1459.813
1447.959 1447.959 1447.959 1447.959 1447.959 1447.959 1447.959 1447.959 1447.959 1447.959 1447.959 1447.959 1447.964 1447.973 1447.981 1447.99 1447.999 1448.0 1448.0 1448.0 1448.0 1448.0 1448.0 1448.0 1448.0 1448.0 1448.178 1448.398 1448.618 1448.838 1449.0 1449.0 1449.0 1449.0 1449.0 1449.1 1449.24 1449.381 1449.521 1449.696 1450.052 1450.408 1450.764 1451.12 1451.345 1451.485 1451.626 1451.766 1451.919 1452.272 1452.625 1452.978 1453.331 1453.806 1454.399 1454.993 1455.586 1456.179 1456.784 1457.389 1457.995 1458.6 1459.255 1459.983
1448.106 1448.106 1448.106 1448.106 1448.106 1448.106 1448.106 1448.106 1448.106 1448.106 1448.106 1448.106 1448.106 1448.106 1448.106 1448.106 1448.106 1448.106 1448.106 1448.106 1448.106 1448.109 1448.117 1448.125 1448.133 1448.141 1448.295 1448.484 1448.672 1448.861 1449.0 1449.0 1449.0 1449.0 1449.0 1449.104 1449.25 1449.397 1449.543 1449.726 1450.1 1450.474 1450.848 1451.223 1451.489 1451.686 1451.883 1452.08 1452.287 1452.654 1453.02 1453.386 1453.752 1454.23 1454.816 1455.402 1455.988 1456.574 1457.16 1457.746 1458.332 1458.918 1459.563 1460.296
1448.253 1448.253 1448.253 1448.253 1448.253 1448.253 1448.253 1448.253 1448.253 1448.253 1448.253 1448.253 1448.253 1448.253 1448.253 1448.253 1448.253 1448.253 1448.253 1448.253 1448.253 1448.26 1448.279 1448.297 1448.316 1448.334 1448.456 1448.602 1448.747 1448.892 1449.0 1449.0 1449.0 1449.0 1449.0 1449.104 1449.25 1449.397 1449.543 1449.728 1450.113 1450.498 1450.882 1451.267 1451.58 1451.848 1452.115 1452.382 1452.655 1453.021 1453.387 1453.754 1454.12 1454.598 1455.183 1455.77 1456.356 1456.942 1457.527 1458.114 1458.699 1459.285 1459.931 1460.663
1448.4 1448.4 1448.4 1448.4 1448.4 1448.4 1448.4 1448.4 1448.4 1448.4 1448.4 1448.4 1448.4 1448.4 1448.4 1448.4 1448.4 1448.4 1448.4 1448.4 1448.4 1448.411 1448.44 1448.47 1448.499 1448.528 1448.617 1448.719 1448.822 1448.924 1449.0 1449.0 1449.0 1449.0 1449.0 1449.104 1449.25 1449.397 1449.543 1449.73 1450.125 1450.521 1450.917 1451.312 1451.672 1452.009 1452.346 1452.683 1453.022 1453.389 1453.755 1454.121 1454.487 1454.965 1455.551 1456.137 1456.723 1457.309 1457.895 1458.481 1459.067 1459.653 1460.298 1461.031
