data/zism_data/00244_02_D.txt
ncols         224
nrows         224
[rows 168 to 195 of 224, columns 64 to 127 of 224]
4898.375 4897.76 4897.145 4894.913 4892.609 4890.304 4888.0 4885.739 4883.538 4881.337 4879.136 4876.935 4875.555 4874.282 4873.01 4871.737 4870.441 4869.103 4867.763 4866.424 4865.085 4863.412 4861.661 4859.911 4858.16 4856.728 4856.132 4855.537 4854.941 4854.346 4853.539 4852.657 4851.776 4850.894 4849.76 4847.634 4845.507 4843.381 4841.255 4838.969 4836.604 4834.238 4831.872 4829.472 4826.842 4824.211 4821.581 4818.951 4816.677 4814.647 4812.617 4810.587 4808.639 4808.023 4807.407 4806.791 4806.174 4805.89 4805.911 4805.932 4805.953 4805.974 4805.934 4805.893
4897.945 4897.199 4896.452 4893.868 4891.2 4888.532 4885.864 4883.249 4880.708 4878.167 4875.626 4873.084 4871.4 4869.829 4868.256 4866.685 4865.23 4863.996 4862.762 4861.528 4860.293 4858.862 4857.384 4855.906 4854.428 4853.258 4852.896 4852.535 4852.174 4851.813 4851.18 4850.451 4849.721 4848.992 4847.979 4845.848 4843.716 4841.585 4839.454 4837.175 4834.822 4832.469 4830.115 4827.727 4825.105 4822.484 4819.863 4817.241 4814.951 4812.886 4810.821 4808.757 4806.779 4806.208 4805.637 4805.066 4804.495 4804.329 4804.533 4804.737 4804.941 4805.146 4805.212 4805.277
4896.465 4895.407 4894.35 4891.567 4888.707 4885.846 4882.985 4880.193 4877.497 4874.8 4872.104 4869.407 4867.302 4865.274 4863.247 4861.219 4859.512 4858.407 4857.301 4856.196 4855.09 4853.965 4852.836 4851.706 4850.577 4849.731 4849.633 4849.534 4849.436 4849.337 4848.808 4848.127 4847.446 4846.765 4845.79 4843.659 4841.528 4839.397 4837.266 4834.976 4832.606 4830.237 4827.868 4825.465 4822.838 4820.211 4817.584 4814.958 4812.754 4810.84 4808.925 4807.011 4805.183 4804.756 4804.33 4803.904 4803.478 4803.417 4803.691 4803.964 4804.238 4804.512 4804.712 4804.911
4894.985 4893.616 4892.248 4889.268 4886.213 4883.16 4880.106 4877.137 4874.285 4871.433 4868.581 4865.729 4863.203 4860.72 4858.236 4855.753 4853.794 4852.817 4851.84 4850.863 4849.887 4849.069 4848.288 4847.507 4846.726 4846.205 4846.369 4846.533 4846.697 4846.861 4846.437 4845.804 4845.171 4844.538 4843.602 4841.471 4839.339 4837.208 4835.078 4832.777 4830.392 4828.006 4825.621 4823.203 4820.571 4817.938 4815.306 4812.674 4810.558 4808.793 4807.029 4805.265 4803.586 4803.305 4803.023 4802.742 4802.46 4802.505 4802.849 4803.192 4803.536 4803.879 4804.212 4804.544
4893.504 4891.825 4890.146 4886.967 4883.72 4880.474 4877.227 4874.081 4871.073 4868.065 4865.058 4862.051 4859.104 4856.165 4853.227 4850.288 4848.076 4847.228 4846.379 4845.531 4844.683 4844.172 4843.74 4843.307 4842.875 4842.678 4843.105 4843.532 4843.958 4844.385 4844.065 4843.48 4842.896 4842.312 4841.413 4839.282 4837.151 4835.02 4832.889 4830.578 4828.176 4825.774 4823.373 4820.941 4818.303 4815.666 4813.028 4810.391 4808.361 4806.747 4805.132 4803.518 4801.99 4801.853 4801.716 4801.58 4801.443 4801.593 4802.006 4802.419 4802.833 4803.246 4803.712 4804.178
4892.024 4890.034 4888.044 4884.667 4881.227 4877.788 4874.348 4871.024 4867.861 4864.699 4861.536 4858.373 4855.005 4851.611 4848.216 4844.822 4842.358 4841.638 4840.918 4840.199 4839.479 4839.276 4839.191 4839.107 4839.023 4839.152 4839.841 4840.531 4841.22 4841.91 4841.693 4841.157 4840.621 4840.084 4839.225 4837.094 4834.962 4832.832 4830.701 4828.378 4825.961 4823.543 4821.126 4818.679 4816.036 4813.393 4810.75 4808.107 4806.165 4804.7 4803.236 4801.772 4800.393 4800.401 4800.409 4800.417 4800.425 4800.681 4801.164 4801.647 4802.13 4802.613 4803.211 4803.813
4889.757 4887.509 4885.261 4881.797 4878.279 4874.761 4871.243 4867.796 4864.448 4861.101 4857.753 4854.405 4850.779 4847.117 4843.455 4839.792 4837.147 4836.41 4835.672 4834.935 4834.197 4834.239 4834.462 4834.686 4834.909 4835.324 4836.244 4837.163 4838.083 4839.003 4838.906 4838.45 4837.995 4837.539 4836.75 4834.651 4832.552 4830.454 4828.355 4826.013 4823.55 4821.087 4818.624 4816.158 4813.671 4811.184 4808.697 4806.21 4804.459 4803.209 4801.96 4800.71 4799.538 4799.614 4799.691 4799.767 4799.844 4800.155 4800.681 4801.207 4801.733 4802.259 4802.948 4803.638
4886.84 4884.377 4881.915 4878.458 4874.955 4871.453 4867.951 4864.425 4860.869 4857.312 4853.755 4850.199 4846.449 4842.674 4838.899 4835.125 4832.357 4831.48 4830.604 4829.727 4828.849 4829.087 4829.583 4830.08 4830.577 4831.246 4832.37 4833.493 4834.617 4835.74 4835.775 4835.427 4835.079 4834.73 4834.039 4831.999 4829.959 4827.919 4825.879 4823.511 4820.979 4818.445 4815.913 4813.424 4811.227 4809.029 4806.832 4804.634 4803.159 4802.178 4801.196 4800.215 4799.295 4799.377 4799.458 4799.541 4799.622 4799.947 4800.495 4801.042 4801.59 4802.137 4802.879 4803.623
4883.922 4881.245 4878.568 4875.117 4871.631 4868.145 4864.659 4861.055 4857.289 4853.523 4849.758 4845.992 4842.119 4838.231 4834.344 4830.456 4827.567 4826.551 4825.535 4824.518 4823.502 4823.935 4824.705 4825.475 4826.245 4827.168 4828.496 4829.823 4831.15 4832.477 4832.645 4832.404 4832.163 4831.921 4831.327 4829.346 4827.365 4825.385 4823.404 4821.009 4818.406 4815.804 4813.201 4810.689 4808.781 4806.874 4804.965 4803.058 4801.859 4801.146 4800.433 4799.719 4799.052 4799.139 4799.227 4799.313 4799.401 4799.739 4800.309 4800.877 4801.446 4802.016 4802.81 4803.608
4881.005 4878.113 4875.222 4871.777 4868.307 4864.837 4861.367 4857.685 4853.709 4849.735 4845.76 4841.785 4837.788 4833.788 4829.788 4825.788 4822.777 4821.622 4820.466 4819.31 4818.154 4818.783 4819.827 4820.87 4821.913 4823.091 4824.622 4826.152 4827.684 4829.214 4829.515 4829.381 4829.247 4829.112 4828.616 4826.694 4824.772 4822.85 4820.928 4818.506 4815.834 4813.162 4810.49 4807.955 4806.336 4804.718 4803.1 4801.481 4800.56 4800.114 4799.669 4799.224 4798.81 4798.902 4798.995 4799.087 4799.179 4799.532 4800.122 4800.712 4801.303 4801.894 4802.741 4803.593
4878.088 4874.981 4871.875 4868.437 4864.982 4861.529 4858.075 4854.314 4850.13 4845.946 4841.762 4837.578 4833.458 4829.345 4825.232 4821.12 4817.987 4816.692 4815.397 4814.102 4812.807 4813.631 4814.948 4816.265 4817.581 4819.013 4820.748 4822.482 4824.217 4825.952 4826.384 4826.357 4826.331 4826.304 4825.904 4824.042 4822.178 4820.315 4818.453 4816.004 4813.262 4810.52 4807.778 4805.221 4803.892 4802.563 4801.234 4799.905 4799.26 4799.083 4798.905 4798.728 4798.567 4798.665 4798.762 4798.86 4798.958 4799.324 4799.936 4800.548 4801.16 4801.771 4802.672 4803.578
4875.812 4872.701 4869.59 4866.026 4862.441 4858.856 4855.272 4851.414 4847.178 4842.942 4838.707 4834.471 4830.375 4826.296 4822.218 4818.14 4815.05 4813.815 4812.58 4811.344 4810.109 4810.89 4812.139 4813.389 4814.638 4815.986 4817.594 4819.202 4820.81 4822.418 4822.947 4823.096 4823.244 4823.393 4823.139 4821.303 4819.468 4817.632 4815.797 4813.517 4811.015 4808.513 4806.011 4803.695 4802.625 4801.553 4800.482 4799.411 4798.916 4798.812 4798.708 4798.605 4798.515 4798.64 4798.764 4798.888 4799.012 4799.421 4800.091 4800.761 4801.431 4802.101 4803.009 4803.92
4873.55 4870.439 4867.329 4863.636 4859.917 4856.199 4852.48 4848.524 4844.24 4839.956 4835.672 4831.388 4827.319 4823.278 4819.238 4815.197 4812.154 4810.983 4809.813 4808.641 4807.47 4808.203 4809.377 4810.551 4811.726 4812.982 4814.456 4815.93 4817.404 4818.878 4819.503 4819.829 4820.154 4820.479 4820.372 4818.563 4816.755 4814.946 4813.138 4811.031 4808.775 4806.52 4804.264 4802.197 4801.383 4800.569 4799.756 4798.942 4798.592 4798.558 4798.525 4798.491 4798.468 4798.619 4798.77 4798.921 4799.072 4799.525 4800.254 4800.983 4801.712 4802.441 4803.355 4804.271
4871.289 4868.178 4865.067 4861.247 4857.394 4853.541 4849.688 4845.634 4841.302 4836.97 4832.638 4828.305 4824.264 4820.261 4816.257 4812.254 4809.259 4808.152 4807.045 4805.938 4804.832 4805.516 4806.615 4807.714 4808.813 4809.979 4811.318 4812.658 4813.999 4815.338 4816.059 4816.562 4817.064 4817.566 4817.605 4815.823 4814.042 4812.26 4810.478 4808.545 4806.536 4804.527 4802.518 4800.698 4800.142 4799.585 4799.029 4798.473 4798.269 4798.305 4798.341 4798.377 4798.421 4798.599 4798.777 4798.955 4799.132 4799.628 4800.417 4801.205 4801.992 4802.78 4803.701 4804.623
4869.027 4865.916 4862.805 4858.857 4854.87 4850.883 4846.896 4842.744 4838.364 4833.983 4829.603 4825.223 4821.209 4817.243 4813.277 4809.312 4806.363 4805.32 4804.278 4803.236 4802.193 4802.828 4803.853 4804.876 4805.901 4806.975 4808.181 4809.387 4810.593 4811.798 4812.615 4813.294 4813.974 4814.653 4814.838 4813.083 4811.329 4809.574 4807.818 4806.059 4804.296 4802.534 4800.771 4799.2 4798.901 4798.602 4798.303 4798.003 4797.945 4798.051 4798.157 4798.263 4798.374 4798.579 4798.783 4798.988 4799.192 4799.732 4800.579 4801.426 4802.273 4803.12 4804.046 4804.974
4866.859 4863.79 4860.721 4856.782 4852.804 4848.826 4844.847 4840.721 4836.391 4832.061 4827.731 4823.401 4819.463 4815.576 4811.689 4807.803 4804.896 4803.823 4802.751 4801.679 4800.606 4801.091 4801.938 4802.783 4803.629 4804.527 4805.56 4806.592 4807.625 4808.657 4809.483 4810.236 4810.989 4811.742 4812.011 4810.375 4808.738 4807.103 4805.466 4803.909 4802.391 4800.873 4799.355 4798.021 4797.921 4797.82 4797.719 4797.618 4797.68 4797.854 4798.027 4798.2 4798.379 4798.645 4798.912 4799.178 4799.445 4800.036 4800.924 4801.812 4802.701 4803.589 4804.521 4805.454
4864.828 4861.86 4858.893 4855.164 4851.399 4847.636 4843.872 4839.951 4835.814 4831.677 4827.54 4823.403 4819.61 4815.863 4812.116 4808.369 4805.494 4804.256 4803.018 4801.779 4800.541 4800.729 4801.248 4801.767 4802.286 4802.883 4803.685 4804.487 4805.289 4806.091 4806.801 4807.479 4808.157 4808.835 4809.095 4807.711 4806.327 4804.943 4803.559 4802.246 4800.969 4799.692 4798.416 4797.307 4797.318 4797.33 4797.342 4797.354 4797.5 4797.737 4797.975 4798.212 4798.458 4798.837 4799.216 4799.595 4799.974 4800.627 4801.532 4802.437 4803.341 4804.245 4805.183 4806.122
4862.796 4859.93 4857.065 4853.545 4849.996 4846.446 4842.896 4839.181 4835.237 4831.293 4827.349 4823.405 4819.758 4816.15 4812.542 4808.935 4806.093 4804.688 4803.284 4801.879 4800.475 4800.366 4800.558 4800.75 4800.942 4801.239 4801.811 4802.382 4802.953 4803.525 4804.12 4804.723 4805.326 4805.929 4806.18 4805.048 4803.916 4802.783 4801.651 4800.583 4799.548 4798.512 4797.477 4796.592 4796.716 4796.841 4796.965 4797.089 4797.319 4797.621 4797.923 4798.225 4798.538 4799.029 4799.521 4800.012 4800.504 4801.219 4802.14 4803.061 4803.981 4804.901 4805.845 4806.789
4860.764 4858.0 4855.237 4851.926 4848.591 4845.256 4841.921 4838.411 4834.66 4830.909 4827.158 4823.407 4819.905 4816.437 4812.969 4809.5 4806.692 4805.121 4803.55 4801.979 4800.409 4800.003 4799.869 4799.733 4799.599 4799.595 4799.936 4800.277 4800.618 4800.959 4801.438 4801.966 4802.494 4803.022 4803.264 4802.384 4801.504 4800.624 4799.743 4798.92 4798.126 4797.332 4796.537 4795.877 4796.114 4796.351 4796.588 4796.824 4797.138 4797.504 4797.871 4798.237 4798.617 4799.221 4799.825 4800.43 4801.034 4801.812 4802.748 4803.685 4804.621 4805.558 4806.507 4807.456
4858.732 4856.07 4853.409 4850.308 4847.187 4844.066 4840.946 4837.641 4834.083 4830.525 4826.967 4823.409 4820.053 4816.724 4813.395 4810.066 4807.291 4805.554 4803.817 4802.08 4800.343 4799.641 4799.179 4798.717 4798.255 4797.951 4798.061 4798.172 4798.282 4798.393 4798.756 4799.209 4799.663 4800.115 4800.349 4799.721 4799.092 4798.464 4797.836 4797.257 4796.705 4796.151 4795.598 4795.163 4795.512 4795.861 4796.21 4796.56 4796.958 4797.388 4797.819 4798.249 4798.696 4799.413 4800.13 4800.847 4801.563 4802.403 4803.356 4804.309 4805.262 4806.214 4807.168 4808.123
4856.755 4854.168 4851.582 4848.681 4845.765 4842.85 4839.935 4836.831 4833.465 4830.1 4826.735 4823.37 4820.191 4817.038 4813.884 4810.73 4808.026 4806.163 4804.301 4802.438 4800.576 4799.694 4799.04 4798.386 4797.732 4797.236 4797.157 4797.078 4796.998 4796.918 4797.204 4797.618 4798.031 4798.445 4798.669 4798.144 4797.619 4797.094 4796.569 4796.163 4795.814 4795.467 4795.119 4794.873 4795.308 4795.743 4796.178 4796.613 4797.099 4797.621 4798.143 4798.665 4799.201 4799.977 4800.752 4801.527 4802.303 4803.169 4804.121 4805.071 4806.022 4806.973 4807.893 4808.812
4854.789 4852.272 4849.755 4847.052 4844.34 4841.629 4838.917 4836.012 4832.84 4829.667 4826.496 4823.323 4820.329 4817.357 4814.385 4811.414 4808.787 4806.807 4804.826 4802.846 4800.865 4799.826 4799.006 4798.186 4797.366 4796.7 4796.438 4796.176 4795.915 4795.653 4795.867 4796.249 4796.63 4797.012 4797.225 4796.775 4796.326 4795.875 4795.426 4795.176 4795.027 4794.877 4794.728 4794.665 4795.18 4795.695 4796.21 4796.726 4797.302 4797.921 4798.539 4799.158 4799.788 4800.611 4801.435 4802.258 4803.082 4803.969 4804.915 4805.86 4806.806 4807.751 4808.628 4809.505
4852.823 4850.376 4847.928 4845.423 4842.915 4840.407 4837.899 4835.193 4832.214 4829.235 4826.256 4823.276 4820.465 4817.676 4814.887 4812.098 4809.548 4807.45 4805.352 4803.253 4801.155 4799.959 4798.973 4797.986 4797.0 4796.164 4795.719 4795.275 4794.832 4794.387 4794.53 4794.879 4795.229 4795.579 4795.781 4795.407 4795.032 4794.657 4794.282 4794.19 4794.239 4794.288 4794.336 4794.457 4795.052 4795.648 4796.244 4796.839 4797.506 4798.221 4798.936 4799.65 4800.375 4801.246 4802.118 4802.99 4803.861 4804.769 4805.709 4806.649 4807.589 4808.529 4809.364 4810.198
4850.857 4848.479 4846.102 4843.794 4841.49 4839.186 4836.881 4834.375 4831.588 4828.802 4826.016 4823.23 4820.602 4817.995 4815.388 4812.781 4810.31 4808.094 4805.877 4803.661 4801.444 4800.092 4798.939 4797.787 4796.634 4795.627 4795.0 4794.375 4793.748 4793.122 4793.193 4793.511 4793.828 4794.146 4794.337 4794.038 4793.738 4793.438 4793.139 4793.204 4793.451 4793.698 4793.945 4794.248 4794.924 4795.6 4796.276 4796.953 4797.709 4798.521 4799.332 4800.143 4800.961 4801.881 4802.801 4803.721 4804.641 4805.568 4806.503 4807.438 4808.373 4809.307 4810.1 4810.891
4848.893 4846.594 4844.294 4842.16 4840.034 4837.907 4835.78 4833.449 4830.833 4828.219 4825.604 4822.989 4820.507 4818.043 4815.58 4813.116 4810.714 4808.429 4806.144 4803.859 4801.574 4800.106 4798.828 4797.55 4796.272 4795.129 4794.344 4793.559 4792.773 4791.988 4791.972 4792.227 4792.481 4792.736 4792.896 4792.685 4792.473 4792.261 4792.05 4792.268 4792.7 4793.132 4793.565 4794.04 4794.796 4795.553 4796.309 4797.066 4797.903 4798.795 4799.687 4800.579 4801.474 4802.428 4803.382 4804.335 4805.289 4806.231 4807.164 4808.096 4809.028 4809.96 4810.728 4811.493
4846.934 4844.736 4842.539 4840.512 4838.492 4836.473 4834.454 4832.231 4829.729 4827.227 4824.724 4822.222 4819.787 4817.36 4814.934 4812.508 4810.153 4807.932 4805.711 4803.491 4801.27 4799.801 4798.507 4797.213 4795.919 4794.738 4793.856 4792.975 4792.093 4791.211 4791.062 4791.172 4791.282 4791.393 4791.462 4791.374 4791.286 4791.197 4791.109 4791.468 4792.05 4792.633 4793.215 4793.831 4794.668 4795.505 4796.342 4797.179 4798.071 4799.0 4799.93 4800.859 4801.79 4802.738 4803.687 4804.635 4805.583 4806.526 4807.464 4808.401 4809.339 4810.277 4811.065 4811.852
4844.975 4842.879 4840.783 4838.863 4836.951 4835.039 4833.127 4831.014 4828.624 4826.234 4823.845 4821.455 4819.066 4816.677 4814.289 4811.899 4809.592 4807.435 4805.279 4803.123 4800.966 4799.496 4798.186 4796.876 4795.566 4794.347 4793.369 4792.39 4791.412 4790.434 4790.153 4790.118 4790.083 4790.049 4790.028 4790.063 4790.098 4790.133 4790.168 4790.668 4791.401 4792.133 4792.866 4793.623 4794.54 4795.458 4796.375 4797.292 4798.239 4799.206 4800.173 4801.14 4802.106 4803.049 4803.992 4804.935 4805.878 4806.821 4807.764 4808.707 4809.65 4810.593 4811.403 4812.211
4843.016 4841.022 4839.028 4837.215 4835.41 4833.605 4831.8 4829.797 4827.52 4825.242 4822.965 4820.688 4818.345 4815.994 4813.643 4811.292 4809.031 4806.938 4804.846 4802.754 4800.662 4799.191 4797.865 4796.539 4795.213 4793.956 4792.881 4791.806 4790.731 4789.656 4789.243 4789.064 4788.884 4788.705 4788.594 4788.752 4788.911 4789.069 4789.227 4789.868 4790.751 4791.634 4792.517 4793.415 4794.412 4795.41 4796.408 4797.406 4798.407 4799.412 4800.417 4801.421 4802.421 4803.359 4804.297 4805.235 4806.172 4807.116 4808.064 4809.012 4809.96 4810.909 4811.74 4812.569
