data/zism_data/00245_04_D.txt
ncols         224
nrows         224
[rows 31 to 61 of 224, columns 0 to 69 of 224]
1355.981 1355.891 1355.744 1355.596 1355.449 1355.318 1355.244 1355.17 1355.096 1355.022 1354.883 1354.718 1354.552 1354.386 1354.227 1354.098 1353.969 1353.839 1353.71 1353.593 1353.483 1353.372 1353.262 1353.137 1352.934 1352.732 1352.529 1352.326 1352.123 1351.92 1351.716 1351.513 1351.316 1351.169 1351.021 1350.874 1350.726 1350.578 1350.431 1350.283 1350.136 1350.0 1350.0 1350.0 1350.0 1350.0 1350.0 1350.0 1350.0 1350.0 1350.0 1350.0 1350.0 1350.0 1350.0 1350.0 1350.0 1350.0 1350.0 1350.0 1350.0 1350.0 1350.0 1350.0 1350.0 1350.0 1350.0 1350.0 1350.0 1350.0
1355.987 1355.923 1355.819 1355.715 1355.611 1355.504 1355.387 1355.269 1355.152 1355.035 1354.917 1354.801 1354.683 1354.566 1354.442 1354.286 1354.129 1353.973 1353.817 1353.698 1353.599 1353.499 1353.399 1353.286 1353.099 1352.913 1352.726 1352.54 1352.312 1352.06 1351.808 1351.556 1351.316 1351.169 1351.021 1350.874 1350.726 1350.578 1350.431 1350.283 1350.136 1350.0 1350.0 1350.0 1350.0 1350.0 1350.0 1350.0 1350.0 1350.0 1350.0 1350.0 1350.0 1350.0 1350.0 1350.0 1350.0 1350.0 1350.0 1350.0 1350.0 1350.0 1350.0 1350.0 1350.0 1350.0 1350.0 1350.0 1350.0 1350.0
1355.992 1355.955 1355.894 1355.833 1355.773 1355.69 1355.529 1355.369 1355.208 1355.047 1354.952 1354.883 1354.815 1354.747 1354.657 1354.473 1354.29 1354.107 1353.923 1353.803 1353.714 1353.625 1353.536 1353.435 1353.265 1353.094 1352.924 1352.754 1352.501 1352.2 1351.9 1351.599 1351.316 1351.169 1351.021 1350.874 1350.726 1350.578 1350.431 1350.283 1350.136 1350.0 1350.0 1350.0 1350.0 1350.0 1350.0 1350.0 1350.0 1350.0 1350.0 1350.0 1350.0 1350.0 1350.0 1350.0 1350.0 1350.0 1350.0 1350.0 1350.0 1350.0 1350.0 1350.0 1350.0 1350.0 1350.0 1350.0 1350.0 1350.0
1355.998 1355.987 1355.969 1355.952 1355.934 1355.875 1355.672 1355.468 1355.264 1355.06 1354.986 1354.966 1354.947 1354.927 1354.871 1354.661 1354.451 1354.24 1354.03 1353.908 1353.83 1353.752 1353.674 1353.584 1353.43 1353.276 1353.121 1352.967 1352.69 1352.341 1351.991 1351.642 1351.316 1351.169 1351.021 1350.874 1350.726 1350.578 1350.431 1350.283 1350.136 1350.0 1350.0 1350.0 1350.0 1350.0 1350.0 1350.0 1350.0 1350.0 1350.0 1350.0 1350.0 1350.0 1350.0 1350.0 1350.0 1350.0 1350.0 1350.0 1350.0 1350.0 1350.0 1350.0 1350.0 1350.0 1350.0 1350.0 1350.0 1350.0
1356.131 1356.114 1356.091 1356.069 1356.047 1355.984 1355.782 1355.58 1355.378 1355.176 1355.098 1355.072 1355.047 1355.021 1354.96 1354.749 1354.537 1354.325 1354.114 1353.988 1353.904 1353.821 1353.737 1353.644 1353.497 1353.349 1353.202 1353.054 1352.775 1352.419 1352.063 1351.706 1351.374 1351.22 1351.066 1350.912 1350.758 1350.604 1350.45 1350.296 1350.142 1350.0 1350.0 1350.0 1350.0 1350.0 1350.0 1350.0 1350.0 1350.0 1350.0 1350.0 1350.0 1350.0 1350.0 1350.0 1350.0 1350.0 1350.0 1350.0 1350.0 1350.0 1350.0 1350.0 1350.0 1350.0 1350.0 1350.0 1350.0 1350.0
1356.35 1356.306 1356.245 1356.185 1356.125 1356.04 1355.87 1355.701 1355.531 1355.361 1355.263 1355.194 1355.125 1355.056 1354.963 1354.768 1354.573 1354.377 1354.182 1354.05 1353.95 1353.851 1353.751 1353.644 1353.497 1353.349 1353.202 1353.054 1352.788 1352.454 1352.119 1351.785 1351.47 1351.305 1351.141 1350.976 1350.811 1350.646 1350.481 1350.317 1350.152 1350.0 1350.0 1350.0 1350.0 1350.0 1350.0 1350.0 1350.0 1350.0 1350.0 1350.0 1350.0 1350.0 1350.0 1350.0 1350.0 1350.0 1350.0 1350.0 1350.0 1350.0 1350.0 1350.0 1350.0 1350.0 1350.0 1350.0 1350.0 1350.0
1356.57 1356.497 1356.399 1356.301 1356.203 1356.096 1355.959 1355.822 1355.684 1355.547 1355.428 1355.316 1355.203 1355.091 1354.966 1354.787 1354.608 1354.429 1354.249 1354.113 1353.997 1353.881 1353.765 1353.644 1353.497 1353.349 1353.202 1353.054 1352.802 1352.489 1352.176 1351.864 1351.567 1351.391 1351.215 1351.04 1350.864 1350.688 1350.513 1350.337 1350.162 1350.0 1350.0 1350.0 1350.0 1350.0 1350.0 1350.0 1350.0 1350.0 1350.0 1350.0 1350.0 1350.0 1350.0 1350.0 1350.0 1350.0 1350.0 1350.0 1350.0 1350.0 1350.0 1350.0 1350.0 1350.0 1350.0 1350.0 1350.0 1350.0
1356.79 1356.689 1356.553 1356.417 1356.281 1356.152 1356.047 1355.943 1355.838 1355.733 1355.593 1355.437 1355.282 1355.126 1354.969 1354.806 1354.643 1354.48 1354.317 1354.175 1354.043 1353.911 1353.779 1353.644 1353.497 1353.349 1353.202 1353.054 1352.816 1352.524 1352.233 1351.942 1351.663 1351.477 1351.29 1351.104 1350.917 1350.731 1350.544 1350.358 1350.172 1350.0 1350.0 1350.0 1350.0 1350.0 1350.0 1350.0 1350.0 1350.0 1350.0 1350.0 1350.0 1350.0 1350.0 1350.0 1350.0 1350.0 1350.0 1350.0 1350.0 1350.0 1350.0 1350.0 1350.0 1350.0 1350.0 1350.0 1350.0 1350.0
1357.009 1356.882 1356.709 1356.537 1356.365 1356.214 1356.139 1356.064 1355.989 1355.914 1355.753 1355.557 1355.36 1355.163 1354.976 1354.828 1354.68 1354.532 1354.384 1354.237 1354.089 1353.941 1353.793 1353.645 1353.498 1353.35 1353.202 1353.054 1352.829 1352.559 1352.289 1352.019 1351.757 1351.56 1351.363 1351.166 1350.969 1350.772 1350.575 1350.378 1350.181 1350.0 1350.0 1350.0 1350.0 1350.0 1350.0 1350.0 1350.0 1350.0 1350.0 1350.0 1350.0 1350.0 1350.0 1350.0 1350.0 1350.0 1350.0 1350.0 1350.0 1350.0 1350.0 1350.0 1350.0 1350.0 1350.0 1350.0 1350.0 1350.0
1357.224 1357.098 1356.92 1356.742 1356.564 1356.403 1356.301 1356.199 1356.097 1355.995 1355.827 1355.63 1355.433 1355.236 1355.048 1354.895 1354.741 1354.588 1354.435 1354.282 1354.129 1353.975 1353.822 1353.669 1353.516 1353.363 1353.209 1353.056 1352.836 1352.577 1352.317 1352.058 1351.806 1351.603 1351.401 1351.198 1350.996 1350.794 1350.591 1350.389 1350.186 1350.0 1350.0 1350.0 1350.0 1350.0 1350.0 1350.0 1350.0 1350.0 1350.0 1350.0 1350.0 1350.0 1350.0 1350.0 1350.0 1350.0 1350.0 1350.0 1350.0 1350.0 1350.0 1350.0 1350.0 1350.0 1350.0 1350.0 1350.0 1350.0
1357.438 1357.313 1357.13 1356.947 1356.764 1356.593 1356.464 1356.335 1356.206 1356.077 1355.9 1355.703 1355.506 1355.31 1355.12 1354.961 1354.803 1354.644 1354.486 1354.327 1354.168 1354.01 1353.851 1353.693 1353.534 1353.375 1353.217 1353.058 1352.843 1352.594 1352.346 1352.097 1351.854 1351.646 1351.438 1351.23 1351.022 1350.815 1350.607 1350.399 1350.191 1350.0 1350.0 1350.0 1350.0 1350.0 1350.0 1350.0 1350.0 1350.0 1350.0 1350.0 1350.0 1350.0 1350.0 1350.0 1350.0 1350.0 1350.0 1350.0 1350.0 1350.0 1350.0 1350.0 1350.0 1350.0 1350.0 1350.0 1350.0 1350.0
1357.652 1357.529 1357.34 1357.152 1356.963 1356.782 1356.626 1356.47 1356.314 1356.158 1355.973 1355.776 1355.58 1355.383 1355.192 1355.028 1354.864 1354.7 1354.536 1354.372 1354.208 1354.044 1353.88 1353.716 1353.552 1353.388 1353.224 1353.06 1352.85 1352.612 1352.374 1352.137 1351.902 1351.689 1351.475 1351.262 1351.049 1350.836 1350.623 1350.41 1350.196 1350.0 1350.0 1350.0 1350.0 1350.0 1350.0 1350.0 1350.0 1350.0 1350.0 1350.0 1350.0 1350.0 1350.0 1350.0 1350.0 1350.0 1350.0 1350.0 1350.0 1350.0 1350.0 1350.0 1350.0 1350.0 1350.0 1350.0 1350.0 1350.0
1357.866 1357.745 1357.551 1357.357 1357.163 1356.971 1356.788 1356.605 1356.422 1356.239 1356.046 1355.85 1355.653 1355.456 1355.265 1355.095 1354.926 1354.756 1354.587 1354.417 1354.248 1354.079 1353.909 1353.74 1353.57 1353.401 1353.232 1353.062 1352.856 1352.63 1352.403 1352.176 1351.95 1351.731 1351.513 1351.294 1351.076 1350.857 1350.639 1350.42 1350.201 1350.0 1350.0 1350.0 1350.0 1350.0 1350.0 1350.0 1350.0 1350.0 1350.0 1350.0 1350.0 1350.0 1350.0 1350.0 1350.0 1350.0 1350.0 1350.0 1350.0 1350.0 1350.0 1350.0 1350.0 1350.0 1350.0 1350.0 1350.0 1350.0
1357.977 1357.87 1357.695 1357.519 1357.344 1357.163 1356.964 1356.764 1356.565 1356.365 1356.166 1355.966 1355.767 1355.568 1355.372 1355.195 1355.017 1354.84 1354.662 1354.48 1354.294 1354.109 1353.923 1353.74 1353.571 1353.401 1353.232 1353.062 1352.85 1352.612 1352.375 1352.138 1351.903 1351.69 1351.477 1351.263 1351.05 1350.837 1350.623 1350.41 1350.196 1350.0 1350.0 1350.0 1350.0 1350.0 1350.0 1350.0 1350.0 1350.0 1350.0 1350.0 1350.0 1350.0 1350.0 1350.0 1350.0 1350.0 1350.0 1350.0 1350.0 1350.0 1350.0 1350.0 1350.0 1350.0 1350.0 1350.0 1350.0 1350.0
1357.983 1357.902 1357.77 1357.638 1357.505 1357.357 1357.152 1356.947 1356.743 1356.538 1356.333 1356.128 1355.923 1355.719 1355.517 1355.328 1355.14 1354.952 1354.764 1354.559 1354.347 1354.134 1353.922 1353.716 1353.552 1353.388 1353.224 1353.06 1352.829 1352.559 1352.29 1352.02 1351.759 1351.562 1351.364 1351.167 1350.97 1350.773 1350.576 1350.379 1350.182 1350.0 1350.0 1350.0 1350.0 1350.0 1350.0 1350.0 1350.0 1350.0 1350.0 1350.0 1350.0 1350.0 1350.0 1350.0 1350.0 1350.0 1350.0 1350.0 1350.0 1350.0 1350.0 1350.0 1350.0 1350.0 1350.0 1350.0 1350.0 1350.0
1357.989 1357.934 1357.845 1357.756 1357.667 1357.551 1357.341 1357.131 1356.92 1356.71 1356.5 1356.29 1356.08 1355.869 1355.661 1355.462 1355.263 1355.064 1354.865 1354.639 1354.399 1354.16 1353.92 1353.693 1353.534 1353.376 1353.217 1353.058 1352.809 1352.507 1352.204 1351.902 1351.614 1351.433 1351.252 1351.071 1350.89 1350.709 1350.528 1350.348 1350.167 1350.0 1350.0 1350.0 1350.0 1350.0 1350.0 1350.0 1350.0 1350.0 1350.0 1350.0 1350.0 1350.0 1350.0 1350.0 1350.0 1350.0 1350.0 1350.0 1350.0 1350.0 1350.0 1350.0 1350.0 1350.0 1350.0 1350.0 1350.0 1350.0
1357.994 1357.966 1357.92 1357.875 1357.829 1357.745 1357.53 1357.314 1357.098 1356.883 1356.667 1356.452 1356.236 1356.02 1355.806 1355.596 1355.386 1355.176 1354.966 1354.718 1354.452 1354.185 1353.919 1353.669 1353.516 1353.363 1353.209 1353.056 1352.788 1352.454 1352.119 1351.784 1351.469 1351.305 1351.14 1350.975 1350.811 1350.646 1350.481 1350.316 1350.152 1350.0 1350.0 1350.0 1350.0 1350.0 1350.0 1350.0 1350.0 1350.0 1350.0 1350.0 1350.0 1350.0 1350.0 1350.0 1350.0 1350.0 1350.0 1350.0 1350.0 1350.0 1350.0 1350.0 1350.0 1350.0 1350.0 1350.0 1350.0 1350.0
1358.0 1357.998 1357.996 1357.993 1357.991 1357.939 1357.718 1357.497 1357.276 1357.055 1356.834 1356.613 1356.392 1356.171 1355.95 1355.729 1355.509 1355.288 1355.067 1354.798 1354.504 1354.211 1353.917 1353.646 1353.498 1353.35 1353.202 1353.054 1352.768 1352.401 1352.034 1351.667 1351.325 1351.176 1351.028 1350.879 1350.731 1350.582 1350.434 1350.285 1350.137 1350.0 1350.0 1350.0 1350.0 1350.0 1350.0 1350.0 1350.0 1350.0 1350.0 1350.0 1350.0 1350.0 1350.0 1350.0 1350.0 1350.0 1350.0 1350.0 1350.0 1350.0 1350.0 1350.0 1350.0 1350.0 1350.0 1350.0 1350.0 1350.0
1358.204 1358.199 1358.189 1358.179 1358.169 1358.11 1357.884 1357.658 1357.431 1357.205 1356.982 1356.761 1356.539 1356.318 1356.094 1355.857 1355.62 1355.384 1355.147 1354.861 1354.551 1354.24 1353.93 1353.637 1353.444 1353.251 1353.057 1352.864 1352.566 1352.207 1351.849 1351.49 1351.156 1351.013 1350.871 1350.729 1350.586 1350.459 1350.342 1350.225 1350.108 1350.0 1350.0 1350.0 1350.0 1350.0 1350.0 1350.0 1350.0 1350.0 1350.0 1350.0 1350.0 1350.0 1350.0 1350.0 1350.0 1350.0 1350.0 1350.0 1350.0 1350.0 1350.0 1350.0 1350.0 1350.0 1350.0 1350.0 1350.0 1350.0
1358.421 1358.411 1358.39 1358.369 1358.348 1358.28 1358.048 1357.817 1357.585 1357.353 1357.128 1356.907 1356.686 1356.464 1356.237 1355.984 1355.732 1355.479 1355.226 1354.924 1354.597 1354.271 1353.944 1353.63 1353.388 1353.146 1352.904 1352.662 1352.353 1352.005 1351.657 1351.309 1350.986 1350.849 1350.712 1350.574 1350.437 1350.332 1350.247 1350.162 1350.078 1350.0 1350.0 1350.0 1350.0 1350.0 1350.0 1350.0 1350.0 1350.0 1350.0 1350.0 1350.0 1350.0 1350.0 1350.0 1350.0 1350.0 1350.0 1350.0 1350.0 1350.0 1350.0 1350.0 1350.0 1350.0 1350.0 1350.0 1350.0 1350.0
1358.638 1358.623 1358.591 1358.559 1358.528 1358.45 1358.213 1357.975 1357.738 1357.501 1357.275 1357.054 1356.832 1356.611 1356.381 1356.112 1355.843 1355.574 1355.305 1354.986 1354.643 1354.301 1353.958 1353.623 1353.332 1353.041 1352.751 1352.46 1352.14 1351.803 1351.466 1351.129 1350.815 1350.684 1350.552 1350.42 1350.289 1350.204 1350.152 1350.1 1350.048 1350.0 1350.0 1350.0 1350.0 1350.0 1350.0 1350.0 1350.0 1350.0 1350.0 1350.0 1350.0 1350.0 1350.0 1350.0 1350.0 1350.0 1350.0 1350.0 1350.0 1350.0 1350.0 1350.0 1350.0 1350.0 1350.0 1350.0 1350.0 1350.0
1358.855 1358.835 1358.792 1358.75 1358.707 1358.62 1358.377 1358.134 1357.892 1357.649 1357.421 1357.2 1356.979 1356.757 1356.524 1356.239 1355.954 1355.668 1355.383 1355.049 1354.689 1354.33 1353.971 1353.615 1353.276 1352.937 1352.598 1352.258 1351.927 1351.601 1351.275 1350.948 1350.645 1350.519 1350.393 1350.266 1350.14 1350.077 1350.058 1350.038 1350.018 1350.0 1350.0 1350.0 1350.0 1350.0 1350.0 1350.0 1350.0 1350.0 1350.0 1350.0 1350.0 1350.0 1350.0 1350.0 1350.0 1350.0 1350.0 1350.0 1350.0 1350.0 1350.0 1350.0 1350.0 1350.0 1350.0 1350.0 1350.0 1350.0
1359.071 1359.046 1358.993 1358.94 1358.886 1358.789 1358.539 1358.289 1358.038 1357.788 1357.56 1357.341 1357.121 1356.902 1356.668 1356.366 1356.065 1355.763 1355.462 1355.114 1354.743 1354.372 1354.001 1353.629 1353.256 1352.883 1352.51 1352.137 1351.795 1351.471 1351.147 1350.823 1350.523 1350.404 1350.285 1350.167 1350.048 1350.0 1350.0 1350.0 1350.0 1350.0 1350.0 1350.0 1350.0 1350.0 1350.0 1350.0 1350.0 1350.0 1350.0 1350.0 1350.0 1350.0 1350.0 1350.0 1350.0 1350.0 1350.0 1350.0 1350.0 1350.0 1350.0 1350.0 1350.0 1350.0 1350.0 1350.0 1350.0 1350.0
1359.285 1359.258 1359.194 1359.13 1359.066 1358.957 1358.696 1358.435 1358.174 1357.913 1357.686 1357.472 1357.258 1357.044 1356.811 1356.493 1356.176 1355.858 1355.54 1355.183 1354.807 1354.431 1354.054 1353.677 1353.293 1352.909 1352.525 1352.141 1351.788 1351.453 1351.119 1350.784 1350.475 1350.367 1350.259 1350.151 1350.043 1350.0 1350.0 1350.0 1350.0 1350.0 1350.0 1350.0 1350.0 1350.0 1350.0 1350.0 1350.0 1350.0 1350.0 1350.0 1350.0 1350.0 1350.0 1350.0 1350.0 1350.0 1350.0 1350.0 1350.0 1350.0 1350.0 1350.0 1350.0 1350.0 1350.0 1350.0 1350.0 1350.0
1359.499 1359.47 1359.395 1359.32 1359.245 1359.126 1358.854 1358.582 1358.311 1358.039 1357.812 1357.603 1357.395 1357.186 1356.955 1356.621 1356.287 1355.953 1355.619 1355.253 1354.871 1354.489 1354.108 1353.724 1353.329 1352.934 1352.54 1352.145 1351.781 1351.436 1351.09 1350.745 1350.428 1350.33 1350.233 1350.136 1350.039 1350.0 1350.0 1350.0 1350.0 1350.0 1350.0 1350.0 1350.0 1350.0 1350.0 1350.0 1350.0 1350.0 1350.0 1350.0 1350.0 1350.0 1350.0 1350.0 1350.0 1350.0 1350.0 1350.0 1350.0 1350.0 1350.0 1350.0 1350.0 1350.0 1350.0 1350.0 1350.0 1350.0
1359.714 1359.682 1359.596 1359.51 1359.424 1359.294 1359.012 1358.729 1358.447 1358.164 1357.938 1357.734 1357.531 1357.328 1357.098 1356.748 1356.398 1356.048 1355.698 1355.323 1354.935 1354.548 1354.161 1353.771 1353.365 1352.96 1352.554 1352.149 1351.774 1351.418 1351.062 1350.705 1350.38 1350.294 1350.207 1350.121 1350.035 1350.0 1350.0 1350.0 1350.0 1350.0 1350.0 1350.0 1350.0 1350.0 1350.0 1350.0 1350.0 1350.0 1350.0 1350.0 1350.0 1350.0 1350.0 1350.0 1350.0 1350.0 1350.0 1350.0 1350.0 1350.0 1350.0 1350.0 1350.0 1350.0 1350.0 1350.0 1350.0 1350.0
1359.928 1359.893 1359.797 1359.7 1359.603 1359.463 1359.169 1358.876 1358.583 1358.289 1358.063 1357.866 1357.668 1357.471 1357.241 1356.875 1356.509 1356.143 1355.776 1355.392 1355.0 1354.607 1354.214 1353.818 1353.402 1352.985 1352.569 1352.153 1351.768 1351.4 1351.033 1350.666 1350.333 1350.257 1350.181 1350.106 1350.03 1350.0 1350.0 1350.0 1350.0 1350.0 1350.0 1350.0 1350.0 1350.0 1350.0 1350.0 1350.0 1350.0 1350.0 1350.0 1350.0 1350.0 1350.0 1350.0 1350.0 1350.0 1350.0 1350.0 1350.0 1350.0 1350.0 1350.0 1350.0 1350.0 1350.0 1350.0 1350.0 1350.0
1360.146 1360.105 1359.998 1359.89 1359.783 1359.64 1359.372 1359.104 1358.836 1358.568 1358.328 1358.099 1357.871 1357.642 1357.387 1357.019 1356.65 1356.281 1355.912 1355.53 1355.141 1354.752 1354.363 1353.971 1353.562 1353.153 1352.744 1352.335 1351.925 1351.516 1351.106 1350.696 1350.325 1350.251 1350.177 1350.104 1350.03 1350.0 1350.0 1350.0 1350.0 1350.0 1350.0 1350.0 1350.0 1350.0 1350.0 1350.0 1350.0 1350.0 1350.0 1350.0 1350.0 1350.0 1350.0 1350.0 1350.0 1350.0 1350.0 1350.0 1350.0 1350.0 1350.0 1350.0 1350.0 1350.0 1350.0 1350.0 1350.0 1350.0
1360.366 1360.317 1360.199 1360.08 1359.962 1359.818 1359.582 1359.347 1359.111 1358.876 1358.619 1358.352 1358.086 1357.82 1357.534 1357.165 1356.796 1356.427 1356.058 1355.68 1355.296 1354.913 1354.529 1354.143 1353.745 1353.347 1352.949 1352.551 1352.114 1351.656 1351.197 1350.739 1350.325 1350.251 1350.177 1350.104 1350.03 1350.0 1350.0 1350.0 1350.0 1350.0 1350.0 1350.0 1350.0 1350.0 1350.0 1350.0 1350.0 1350.0 1350.0 1350.0 1350.0 1350.0 1350.0 1350.0 1350.0 1350.0 1350.0 1350.0 1350.0 1350.0 1350.0 1350.0 1350.0 1350.0 1350.0 1350.0 1350.0 1350.0
1360.586 1360.529 1360.4 1360.27 1360.141 1359.996 1359.793 1359.59 1359.387 1359.184 1358.909 1358.605 1358.301 1357.997 1357.68 1357.312 1356.943 1356.574 1356.205 1355.83 1355.452 1355.073 1354.695 1354.316 1353.928 1353.541 1353.154 1352.766 1352.303 1351.796 1351.289 1350.782 1350.325 1350.251 1350.177 1350.104 1350.03 1350.0 1350.0 1350.0 1350.0 1350.0 1350.0 1350.0 1350.0 1350.0 1350.0 1350.0 1350.0 1350.0 1350.0 1350.0 1350.0 1350.0 1350.0 1350.0 1350.0 1350.0 1350.0 1350.0 1350.0 1350.0 1350.0 1350.0 1350.0 1350.0 1350.0 1350.0 1350.0 1350.0
1360.806 1360.74 1360.6 1360.461 1360.321 1360.174 1360.003 1359.833 1359.662 1359.492 1359.2 1358.858 1358.516 1358.174 1357.827 1357.458 1357.089 1356.72 1356.351 1355.98 1355.607 1355.234 1354.862 1354.488 1354.112 1353.735 1353.359 1352.982 1352.492 1351.937 1351.381 1350.825 1350.325 1350.251 1350.177 1350.104 1350.03 1350.0 1350.0 1350.0 1350.0 1350.0 1350.0 1350.0 1350.0 1350.0 1350.0 1350.0 1350.0 1350.0 1350.0 1350.0 1350.0 1350.0 1350.0 1350.0 1350.0 1350.0 1350.0 1350.0 1350.0 1350.0 1350.0 1350.0 1350.0 1350.0 1350.0 1350.0 1350.0 1350.0
