data/zism_data/00245_01_D.txt
ncols         224
nrows         224
[rows 0 to 31 of 224, columns 142 to 212 of 224]
1351.2 1351.321 1351.494 1351.666 1351.839 1352.0 1352.0 1352.0 1352.0 1352.0 1352.0 1352.0 1352.0 1352.0 1352.006 1352.228 1352.449 1352.67 1352.892 1353.0 1353.0 1353.0 1353.0 1353.0 1352.903 1352.805 1352.708 1352.61 1352.535 1352.486 1352.438 1352.389 1352.34 1352.266 1352.191 1352.117 1352.042 1352.0 1352.0 1352.0 1352.0 1352.0 1351.91 1351.812 1351.714 1351.617 1351.509 1351.385 1351.261 1351.138 1351.014 1351.0 1351.0 1351.0 1351.0 1350.964 1350.866 1350.769 1350.671 1350.573 1350.453 1350.33 1350.206 1350.083 1350.0 1350.0 1350.0 1350.0 1350.0 1350.0 1350.0
1351.134 1351.258 1351.446 1351.635 1351.823 1352.0 1352.0 1352.0 1352.0 1352.0 1352.0 1352.0 1352.0 1352.0 1352.006 1352.228 1352.449 1352.67 1352.892 1353.0 1353.0 1353.0 1353.0 1353.0 1352.935 1352.87 1352.805 1352.739 1352.689 1352.657 1352.624 1352.591 1352.559 1352.439 1352.316 1352.193 1352.069 1352.0 1352.0 1352.0 1352.0 1352.0 1351.94 1351.875 1351.809 1351.744 1351.642 1351.486 1351.33 1351.174 1351.018 1351.0 1351.0 1351.0 1351.0 1350.976 1350.911 1350.845 1350.78 1350.715 1350.573 1350.416 1350.26 1350.104 1350.0 1350.0 1350.0 1350.0 1350.0 1350.0 1350.0
1351.068 1351.194 1351.399 1351.604 1351.808 1352.0 1352.0 1352.0 1352.0 1352.0 1352.0 1352.0 1352.0 1352.0 1352.006 1352.228 1352.449 1352.67 1352.892 1353.0 1353.0 1353.0 1353.0 1353.0 1352.967 1352.934 1352.902 1352.869 1352.844 1352.827 1352.811 1352.794 1352.778 1352.613 1352.441 1352.269 1352.097 1352.0 1352.0 1352.0 1352.0 1352.0 1351.97 1351.937 1351.904 1351.871 1351.776 1351.587 1351.399 1351.21 1351.022 1351.0 1351.0 1351.0 1351.0 1350.988 1350.955 1350.922 1350.889 1350.856 1350.691 1350.503 1350.315 1350.126 1350.0 1350.0 1350.0 1350.0 1350.0 1350.0 1350.0
1351.001 1351.13 1351.351 1351.572 1351.793 1352.0 1352.0 1352.0 1352.0 1352.0 1352.0 1352.0 1352.0 1352.0 1352.006 1352.228 1352.449 1352.67 1352.892 1353.0 1353.0 1353.0 1353.0 1353.0 1353.0 1352.999 1352.999 1352.998 1352.998 1352.998 1352.997 1352.997 1352.997 1352.786 1352.565 1352.344 1352.124 1352.0 1352.0 1352.0 1352.0 1352.0 1352.0 1351.999 1351.999 1351.998 1351.909 1351.688 1351.467 1351.246 1351.025 1351.0 1351.0 1351.0 1351.0 1351.0 1350.999 1350.999 1350.998 1350.998 1350.81 1350.589 1350.369 1350.148 1350.0 1350.0 1350.0 1350.0 1350.0 1350.0 1350.0
1351.0 1351.129 1351.35 1351.572 1351.793 1352.0 1352.0 1352.0 1352.0 1352.0 1352.0 1352.0 1352.0 1352.0 1352.006 1352.228 1352.449 1352.67 1352.892 1353.0 1353.0 1353.0 1353.0 1353.0 1353.0 1353.0 1353.0 1353.0 1353.0 1353.0 1353.0 1353.0 1353.0 1352.824 1352.64 1352.456 1352.272 1352.152 1352.115 1352.078 1352.04 1352.003 1352.0 1352.0 1352.0 1352.0 1351.926 1351.742 1351.558 1351.374 1351.19 1351.135 1351.098 1351.061 1351.024 1351.0 1351.0 1351.0 1351.0 1351.0 1350.812 1350.591 1350.369 1350.148 1350.0 1350.0 1350.0 1350.0 1350.0 1350.0 1350.0
1351.0 1351.129 1351.35 1351.572 1351.793 1352.0 1352.0 1352.0 1352.0 1352.0 1352.0 1352.0 1352.0 1352.0 1352.006 1352.228 1352.449 1352.67 1352.892 1353.0 1353.0 1353.0 1353.0 1353.0 1353.0 1353.0 1353.0 1353.0 1353.0 1353.0 1353.0 1353.0 1353.0 1352.86 1352.714 1352.568 1352.421 1352.306 1352.231 1352.156 1352.081 1352.006 1352.0 1352.0 1352.0 1352.0 1351.941 1351.795 1351.649 1351.502 1351.356 1351.273 1351.198 1351.123 1351.048 1351.0 1351.0 1351.0 1351.0 1351.0 1350.812 1350.591 1350.369 1350.148 1350.0 1350.0 1350.0 1350.0 1350.0 1350.0 1350.0
1351.0 1351.129 1351.35 1351.572 1351.793 1352.0 1352.0 1352.0 1352.0 1352.0 1352.0 1352.0 1352.0 1352.0 1352.006 1352.228 1352.449 1352.67 1352.892 1353.0 1353.0 1353.0 1353.0 1353.0 1353.0 1353.0 1353.0 1353.0 1353.0 1353.0 1353.0 1353.0 1353.0 1352.896 1352.788 1352.68 1352.571 1352.461 1352.348 1352.235 1352.122 1352.009 1352.0 1352.0 1352.0 1352.0 1351.956 1351.848 1351.74 1351.631 1351.523 1351.41 1351.297 1351.184 1351.072 1351.0 1351.0 1351.0 1351.0 1351.0 1350.812 1350.591 1350.369 1350.148 1350.0 1350.0 1350.0 1350.0 1350.0 1350.0 1350.0
1351.0 1351.129 1351.35 1351.572 1351.793 1352.0 1352.0 1352.0 1352.0 1352.0 1352.0 1352.0 1352.0 1352.0 1352.006 1352.228 1352.449 1352.67 1352.892 1353.0 1353.0 1353.0 1353.0 1353.0 1353.0 1353.0 1353.0 1353.0 1353.0 1353.0 1353.0 1353.0 1353.0 1352.932 1352.862 1352.791 1352.721 1352.615 1352.464 1352.313 1352.163 1352.012 1352.0 1352.0 1352.0 1352.0 1351.972 1351.901 1351.83 1351.76 1351.689 1351.548 1351.397 1351.246 1351.095 1351.0 1351.0 1351.0 1351.0 1351.0 1350.812 1350.591 1350.369 1350.148 1350.0 1350.0 1350.0 1350.0 1350.0 1350.0 1350.0
1351.0 1351.129 1351.35 1351.572 1351.793 1352.0 1352.0 1352.0 1352.0 1352.0 1352.0 1352.0 1352.0 1352.0 1352.006 1352.206 1352.406 1352.606 1352.807 1352.915 1352.936 1352.958 1352.979 1353.0 1353.0 1353.0 1353.0 1353.0 1353.0 1353.0 1353.0 1353.0 1353.0 1352.957 1352.913 1352.869 1352.824 1352.729 1352.568 1352.408 1352.247 1352.087 1352.059 1352.043 1352.026 1352.01 1351.982 1351.938 1351.893 1351.849 1351.804 1351.647 1351.475 1351.302 1351.13 1351.02 1351.015 1351.01 1351.005 1351.001 1350.814 1350.595 1350.376 1350.157 1350.01 1350.007 1350.005 1350.003 1350.0 1350.0 1350.0
1351.0 1351.129 1351.35 1351.572 1351.793 1352.0 1352.0 1352.0 1352.0 1352.0 1352.0 1352.0 1352.0 1352.0 1352.004 1352.156 1352.307 1352.459 1352.611 1352.72 1352.79 1352.86 1352.93 1353.0 1353.0 1353.0 1353.0 1353.0 1353.0 1353.0 1353.0 1353.0 1353.0 1352.968 1352.934 1352.9 1352.867 1352.789 1352.656 1352.523 1352.389 1352.256 1352.195 1352.141 1352.087 1352.032 1351.986 1351.953 1351.919 1351.885 1351.852 1351.696 1351.523 1351.351 1351.179 1351.064 1351.049 1351.033 1351.018 1351.002 1350.819 1350.605 1350.391 1350.178 1350.032 1350.025 1350.017 1350.009 1350.001 1350.0 1350.0
1351.0 1351.129 1351.35 1351.572 1351.793 1352.0 1352.0 1352.0 1352.0 1352.0 1352.0 1352.0 1352.0 1352.0 1352.003 1352.106 1352.209 1352.312 1352.415 1352.526 1352.644 1352.762 1352.881 1352.999 1353.0 1353.0 1353.0 1353.0 1353.0 1353.0 1353.0 1353.0 1353.0 1352.978 1352.955 1352.932 1352.91 1352.85 1352.744 1352.637 1352.531 1352.425 1352.331 1352.239 1352.147 1352.055 1351.991 1351.968 1351.945 1351.922 1351.899 1351.744 1351.572 1351.4 1351.228 1351.109 1351.083 1351.057 1351.03 1351.004 1350.823 1350.615 1350.407 1350.199 1350.055 1350.042 1350.029 1350.016 1350.002 1350.0 1350.0
1351.0 1351.129 1351.35 1351.572 1351.793 1352.0 1352.0 1352.0 1352.0 1352.0 1352.0 1352.0 1352.0 1352.0 1352.002 1352.056 1352.11 1352.164 1352.219 1352.331 1352.498 1352.665 1352.832 1352.999 1353.0 1353.0 1353.0 1353.0 1353.0 1353.0 1353.0 1353.0 1353.0 1352.988 1352.976 1352.964 1352.952 1352.911 1352.831 1352.752 1352.673 1352.593 1352.467 1352.337 1352.208 1352.078 1351.995 1351.983 1351.971 1351.959 1351.947 1351.793 1351.621 1351.449 1351.277 1351.154 1351.117 1351.08 1351.043 1351.006 1350.828 1350.625 1350.422 1350.219 1350.078 1350.059 1350.041 1350.022 1350.003 1350.0 1350.0
1351.0 1351.129 1351.35 1351.572 1351.793 1352.0 1352.0 1352.0 1352.0 1352.0 1352.0 1352.0 1352.0 1352.0 1352.0 1352.006 1352.011 1352.017 1352.023 1352.136 1352.351 1352.567 1352.783 1352.998 1353.0 1353.0 1353.0 1353.0 1353.0 1353.0 1353.0 1353.0 1353.0 1352.999 1352.998 1352.996 1352.995 1352.971 1352.919 1352.867 1352.814 1352.762 1352.603 1352.436 1352.268 1352.1 1352.0 1351.998 1351.997 1351.996 1351.995 1351.842 1351.67 1351.498 1351.326 1351.199 1351.151 1351.103 1351.055 1351.007 1350.832 1350.635 1350.438 1350.24 1350.1 1350.076 1350.052 1350.028 1350.005 1350.0 1350.0
1351.0 1351.129 1351.35 1351.572 1351.793 1352.0 1352.0 1352.0 1352.0 1352.0 1352.0 1352.0 1352.0 1352.0 1352.0 1352.0 1352.0 1352.0 1352.0 1352.106 1352.313 1352.52 1352.727 1352.934 1352.949 1352.964 1352.978 1352.992 1353.0 1353.0 1353.0 1353.0 1353.0 1353.0 1353.0 1353.0 1353.0 1352.983 1352.943 1352.903 1352.864 1352.824 1352.693 1352.554 1352.416 1352.277 1352.177 1352.134 1352.091 1352.048 1352.005 1351.877 1351.739 1351.6 1351.461 1351.343 1351.26 1351.178 1351.095 1351.012 1350.865 1350.707 1350.548 1350.39 1350.263 1350.2 1350.137 1350.075 1350.012 1350.0 1350.0
1351.0 1351.129 1351.35 1351.572 1351.793 1352.0 1352.0 1352.0 1352.0 1352.0 1352.0 1352.0 1352.0 1352.0 1352.0 1352.0 1352.0 1352.0 1352.0 1352.097 1352.288 1352.479 1352.67 1352.861 1352.892 1352.923 1352.953 1352.984 1353.0 1353.0 1353.0 1353.0 1353.0 1353.0 1353.0 1353.0 1353.0 1352.987 1352.958 1352.93 1352.901 1352.872 1352.777 1352.676 1352.575 1352.474 1352.377 1352.285 1352.194 1352.102 1352.01 1351.911 1351.81 1351.709 1351.608 1351.5 1351.38 1351.259 1351.139 1351.018 1350.902 1350.787 1350.672 1350.556 1350.444 1350.338 1350.232 1350.126 1350.02 1350.0 1350.0
1351.0 1351.129 1351.35 1351.572 1351.793 1352.0 1352.0 1352.0 1352.0 1352.0 1352.0 1352.0 1352.0 1352.0 1352.0 1352.0 1352.0 1352.0 1352.0 1352.089 1352.264 1352.438 1352.613 1352.787 1352.835 1352.882 1352.929 1352.975 1353.0 1353.0 1353.0 1353.0 1353.0 1353.0 1353.0 1353.0 1353.0 1352.992 1352.974 1352.956 1352.938 1352.92 1352.86 1352.797 1352.734 1352.671 1352.577 1352.437 1352.297 1352.156 1352.016 1351.944 1351.881 1351.818 1351.755 1351.657 1351.499 1351.34 1351.182 1351.024 1350.939 1350.867 1350.795 1350.723 1350.625 1350.476 1350.327 1350.177 1350.028 1350.0 1350.0
1351.0 1351.129 1351.35 1351.572 1351.793 1352.0 1352.0 1352.0 1352.0 1352.0 1352.0 1352.0 1352.0 1352.0 1352.0 1352.0 1352.0 1352.0 1352.0 1352.081 1352.239 1352.398 1352.556 1352.714 1352.778 1352.841 1352.904 1352.967 1353.0 1353.0 1353.0 1353.0 1353.0 1353.0 1353.0 1353.0 1353.0 1352.997 1352.99 1352.982 1352.975 1352.968 1352.944 1352.919 1352.894 1352.869 1352.777 1352.589 1352.4 1352.211 1352.022 1351.978 1351.953 1351.927 1351.902 1351.814 1351.618 1351.422 1351.226 1351.03 1350.976 1350.947 1350.918 1350.889 1350.806 1350.614 1350.421 1350.229 1350.036 1350.0 1350.0
1351.0 1351.12 1351.325 1351.53 1351.735 1351.928 1351.944 1351.96 1351.976 1351.993 1352.0 1352.0 1352.0 1352.0 1352.0 1352.0 1352.0 1352.0 1352.0 1352.072 1352.212 1352.352 1352.493 1352.633 1352.714 1352.796 1352.876 1352.958 1353.0 1353.0 1353.0 1353.0 1353.0 1353.0 1353.0 1353.0 1353.0 1353.0 1353.0 1353.0 1353.0 1353.0 1353.0 1353.0 1353.0 1353.0 1352.917 1352.712 1352.507 1352.302 1352.097 1352.065 1352.056 1352.047 1352.038 1351.955 1351.742 1351.53 1351.318 1351.105 1351.063 1351.05 1351.037 1351.025 1350.945 1350.731 1350.517 1350.303 1350.089 1350.04 1350.029
1351.0 1351.091 1351.248 1351.404 1351.561 1351.711 1351.776 1351.841 1351.906 1351.971 1352.0 1352.0 1352.0 1352.0 1352.0 1352.0 1352.0 1352.0 1352.0 1352.061 1352.179 1352.298 1352.417 1352.536 1352.638 1352.741 1352.844 1352.946 1353.0 1353.0 1353.0 1353.0 1353.0 1353.0 1353.0 1353.0 1353.0 1353.0 1353.0 1353.0 1353.0 1353.0 1353.0 1353.0 1353.0 1353.0 1352.937 1352.781 1352.624 1352.468 1352.311 1352.261 1352.225 1352.189 1352.153 1352.062 1351.877 1351.692 1351.506 1351.321 1351.25 1351.2 1351.149 1351.099 1351.001 1350.809 1350.616 1350.424 1350.231 1350.16 1350.117
1351.0 1351.063 1351.171 1351.279 1351.386 1351.495 1351.608 1351.722 1351.835 1351.949 1352.0 1352.0 1352.0 1352.0 1352.0 1352.0 1352.0 1352.0 1352.0 1352.05 1352.147 1352.244 1352.341 1352.438 1352.562 1352.686 1352.811 1352.935 1353.0 1353.0 1353.0 1353.0 1353.0 1353.0 1353.0 1353.0 1353.0 1353.0 1353.0 1353.0 1353.0 1353.0 1353.0 1353.0 1353.0 1353.0 1352.957 1352.849 1352.741 1352.633 1352.525 1352.457 1352.394 1352.331 1352.268 1352.17 1352.011 1351.853 1351.695 1351.537 1351.438 1351.35 1351.261 1351.173 1351.057 1350.886 1350.716 1350.545 1350.374 1350.28 1350.205
1351.0 1351.035 1351.094 1351.153 1351.212 1351.278 1351.44 1351.602 1351.764 1351.927 1352.0 1352.0 1352.0 1352.0 1352.0 1352.0 1352.0 1352.0 1352.0 1352.039 1352.114 1352.19 1352.265 1352.341 1352.486 1352.632 1352.778 1352.923 1353.0 1353.0 1353.0 1353.0 1353.0 1353.0 1353.0 1353.0 1353.0 1353.0 1353.0 1353.0 1353.0 1353.0 1353.0 1353.0 1353.0 1353.0 1352.976 1352.917 1352.858 1352.798 1352.739 1352.653 1352.563 1352.473 1352.383 1352.277 1352.146 1352.015 1351.884 1351.752 1351.625 1351.499 1351.373 1351.247 1351.113 1350.964 1350.815 1350.666 1350.516 1350.4 1350.292
1351.0 1351.006 1351.017 1351.027 1351.038 1351.061 1351.272 1351.483 1351.694 1351.904 1352.0 1352.0 1352.0 1352.0 1352.0 1352.0 1352.0 1352.0 1352.0 1352.027 1352.081 1352.135 1352.189 1352.243 1352.41 1352.577 1352.745 1352.912 1353.0 1353.0 1353.0 1353.0 1353.0 1353.0 1353.0 1353.0 1353.0 1353.0 1353.0 1353.0 1353.0 1353.0 1353.0 1353.0 1353.0 1353.0 1352.996 1352.985 1352.975 1352.964 1352.953 1352.849 1352.732 1352.615 1352.497 1352.385 1352.281 1352.177 1352.072 1351.968 1351.813 1351.649 1351.485 1351.321 1351.169 1351.042 1350.914 1350.786 1350.659 1350.521 1350.38
1350.998 1351.0 1351.0 1351.0 1351.0 1351.013 1351.213 1351.413 1351.614 1351.814 1351.916 1351.937 1351.958 1351.979 1352.0 1352.0 1352.0 1352.0 1352.0 1352.021 1352.062 1352.102 1352.143 1352.184 1352.355 1352.527 1352.699 1352.871 1352.966 1352.974 1352.983 1352.991 1353.0 1353.008 1353.017 1353.025 1353.033 1353.051 1353.081 1353.11 1353.14 1353.17 1353.172 1353.172 1353.172 1353.172 1353.165 1353.148 1353.131 1353.114 1353.098 1352.994 1352.88 1352.765 1352.651 1352.536 1352.421 1352.305 1352.19 1352.075 1351.904 1351.723 1351.543 1351.362 1351.191 1351.038 1350.886 1350.733 1350.581 1350.453 1350.33
1350.996 1351.0 1351.0 1351.0 1351.0 1351.011 1351.184 1351.358 1351.531 1351.704 1351.809 1351.857 1351.905 1351.953 1352.0 1352.0 1352.0 1352.0 1352.0 1352.015 1352.045 1352.075 1352.105 1352.135 1352.306 1352.478 1352.65 1352.823 1352.922 1352.941 1352.961 1352.98 1352.999 1353.018 1353.038 1353.057 1353.076 1353.117 1353.184 1353.251 1353.319 1353.386 1353.392 1353.392 1353.392 1353.392 1353.376 1353.338 1353.299 1353.261 1353.222 1353.126 1353.022 1352.918 1352.815 1352.699 1352.562 1352.425 1352.288 1352.151 1351.968 1351.777 1351.585 1351.394 1351.203 1351.012 1350.822 1350.632 1350.441 1350.333 1350.243
1350.994 1351.0 1351.0 1351.0 1351.0 1351.01 1351.156 1351.302 1351.448 1351.594 1351.701 1351.777 1351.852 1351.927 1352.0 1352.0 1352.0 1352.0 1352.0 1352.01 1352.029 1352.048 1352.067 1352.086 1352.257 1352.429 1352.602 1352.774 1352.878 1352.908 1352.939 1352.969 1352.999 1353.029 1353.059 1353.089 1353.119 1353.182 1353.287 1353.393 1353.498 1353.603 1353.611 1353.611 1353.611 1353.611 1353.587 1353.527 1353.467 1353.407 1353.347 1353.257 1353.165 1353.072 1352.979 1352.862 1352.703 1352.545 1352.386 1352.228 1352.032 1351.83 1351.628 1351.426 1351.215 1350.986 1350.758 1350.53 1350.302 1350.212 1350.155
1350.991 1351.0 1351.0 1351.0 1351.0 1351.008 1351.127 1351.246 1351.365 1351.484 1351.594 1351.696 1351.799 1351.901 1352.0 1352.0 1352.0 1352.0 1352.0 1352.004 1352.013 1352.021 1352.029 1352.037 1352.208 1352.381 1352.553 1352.725 1352.835 1352.876 1352.917 1352.957 1352.998 1353.039 1353.08 1353.121 1353.162 1353.247 1353.391 1353.534 1353.677 1353.82 1353.831 1353.831 1353.831 1353.831 1353.798 1353.717 1353.635 1353.553 1353.471 1353.389 1353.307 1353.225 1353.143 1353.025 1352.845 1352.665 1352.484 1352.304 1352.096 1351.883 1351.67 1351.457 1351.227 1350.96 1350.694 1350.428 1350.162 1350.092 1350.067
1350.989 1351.0 1351.0 1351.0 1351.0 1351.006 1351.099 1351.193 1351.286 1351.38 1351.486 1351.602 1351.719 1351.836 1351.949 1351.961 1351.972 1351.983 1351.995 1352.0 1352.0 1352.0 1352.0 1352.0 1352.166 1352.333 1352.5 1352.667 1352.781 1352.835 1352.889 1352.943 1352.998 1353.052 1353.106 1353.16 1353.214 1353.318 1353.485 1353.652 1353.82 1353.987 1354.0 1354.0 1354.0 1354.0 1353.962 1353.869 1353.776 1353.682 1353.589 1353.516 1353.446 1353.376 1353.306 1353.189 1352.991 1352.793 1352.595 1352.397 1352.179 1351.958 1351.737 1351.515 1351.27 1350.975 1350.679 1350.384 1350.089 1350.028 1350.02
1350.984 1351.0 1351.0 1351.0 1351.0 1351.005 1351.076 1351.148 1351.22 1351.292 1351.373 1351.463 1351.552 1351.642 1351.731 1351.791 1351.851 1351.911 1351.971 1352.0 1352.0 1352.0 1352.0 1352.0 1352.145 1352.29 1352.436 1352.581 1352.693 1352.769 1352.845 1352.921 1352.997 1353.073 1353.148 1353.224 1353.3 1353.406 1353.552 1353.697 1353.843 1353.989 1354.0 1354.0 1354.0 1354.0 1353.971 1353.899 1353.828 1353.756 1353.684 1353.628 1353.574 1353.521 1353.467 1353.358 1353.155 1352.951 1352.748 1352.545 1352.326 1352.105 1351.883 1351.662 1351.416 1351.121 1350.826 1350.531 1350.236 1350.148 1350.108
1350.98 1351.0 1351.0 1351.0 1351.0 1351.003 1351.053 1351.104 1351.154 1351.204 1351.261 1351.323 1351.386 1351.449 1351.513 1351.621 1351.73 1351.838 1351.947 1352.0 1352.0 1352.0 1352.0 1352.0 1352.123 1352.247 1352.371 1352.495 1352.606 1352.703 1352.801 1352.898 1352.996 1353.093 1353.191 1353.288 1353.385 1353.495 1353.618 1353.742 1353.866 1353.99 1354.0 1354.0 1354.0 1354.0 1353.98 1353.93 1353.88 1353.829 1353.779 1353.74 1353.703 1353.665 1353.627 1353.527 1353.318 1353.109 1352.901 1352.692 1352.472 1352.251 1352.03 1351.808 1351.563 1351.268 1350.972 1350.677 1350.382 1350.268 1350.196
1350.975 1351.0 1351.0 1351.0 1351.0 1351.002 1351.03 1351.059 1351.087 1351.116 1351.148 1351.184 1351.22 1351.255 1351.294 1351.452 1351.609 1351.766 1351.923 1352.0 1352.0 1352.0 1352.0 1352.0 1352.102 1352.204 1352.306 1352.408 1352.519 1352.638 1352.757 1352.876 1352.995 1353.114 1353.233 1353.352 1353.471 1353.583 1353.685 1353.787 1353.89 1353.992 1354.0 1354.0 1354.0 1354.0 1353.989 1353.96 1353.932 1353.903 1353.875 1353.852 1353.831 1353.809 1353.788 1353.696 1353.482 1353.268 1353.053 1352.839 1352.619 1352.398 1352.176 1351.955 1351.709 1351.414 1351.119 1350.824 1350.529 1350.388 1350.283
1350.971 1351.0 1351.0 1351.0 1351.0 1351.0 1351.007 1351.014 1351.021 1351.028 1351.036 1351.044 1351.053 1351.062 1351.076 1351.282 1351.488 1351.693 1351.899 1352.0 1352.0 1352.0 1352.0 1352.0 1352.08 1352.161 1352.241 1352.322 1352.431 1352.572 1352.713 1352.853 1352.994 1353.135 1353.275 1353.416 1353.557 1353.671 1353.752 1353.832 1353.913 1353.994 1354.0 1354.0 1354.0 1354.0 1353.997 1353.99 1353.983 1353.977 1353.97 1353.964 1353.959 1353.954 1353.949 1353.865 1353.645 1353.426 1353.206 1352.986 1352.765 1352.544 1352.323 1352.101 1351.856 1351.561 1351.265 1350.97 1350.675 1350.508 1350.371
1350.963 1351.0 1351.0 1351.0 1351.0 1351.0 1351.0 1351.0 1351.0 1351.0 1351.0 1351.0 1351.0 1351.0 1351.006 1351.205 1351.404 1351.604 1351.803 1351.911 1351.934 1351.956 1351.978 1352.0 1352.066 1352.132 1352.199 1352.265 1352.374 1352.529 1352.683 1352.838 1352.993 1353.141 1353.289 1353.436 1353.584 1353.702 1353.783 1353.865 1353.946 1354.027 1354.057 1354.083 1354.109 1354.134 1354.15 1354.15 1354.15 1354.15 1354.15 1354.146 1354.143 1354.139 1354.135 1354.053 1353.836 1353.618 1353.4 1353.183 1352.956 1352.727 1352.498 1352.269 1352.018 1351.719 1351.42 1351.121 1350.822 1350.629 1350.459
