data/zism_data/00252_01_D.txt
ncols         224
nrows         224
[rows 29 to 57 of 224, columns 0 to 63 of 224]
4366.789 4366.952 4367.116 4367.28 4367.493 4367.834 4368.175 4368.517 4368.858 4369.034 4369.151 4369.268 4369.385 4369.508 4369.655 4369.802 4369.949 4370.096 4370.364 4370.692 4371.021 4371.349 4371.646 4371.739 4371.831 4371.922 4372.014 4372.171 4372.373 4372.574 4372.775 4372.981 4373.271 4373.562 4373.852 4374.142 4374.402 4374.636 4374.87 4375.103 4375.336 4375.716 4376.098 4376.48 4376.862 4377.174 4377.402 4377.629 4377.856 4378.084 4378.214 4378.335 4378.456 4378.577 4378.756 4379.033 4379.309 4379.585 4379.862 4380.124 4380.383 4380.643 4380.902 4381.178
4367.845 4367.955 4368.065 4368.175 4368.346 4368.676 4369.007 4369.337 4369.668 4369.876 4370.042 4370.208 4370.374 4370.535 4370.682 4370.829 4370.977 4371.124 4371.38 4371.693 4372.005 4372.317 4372.595 4372.644 4372.692 4372.741 4372.79 4372.9 4373.053 4373.206 4373.359 4373.523 4373.873 4374.222 4374.571 4374.92 4375.212 4375.451 4375.69 4375.929 4376.167 4376.563 4376.961 4377.36 4377.758 4378.063 4378.252 4378.441 4378.631 4378.821 4378.938 4379.048 4379.158 4379.269 4379.427 4379.666 4379.904 4380.143 4380.381 4380.651 4380.927 4381.203 4381.478 4381.752
4368.902 4368.958 4369.014 4369.07 4369.199 4369.519 4369.838 4370.158 4370.478 4370.72 4370.934 4371.148 4371.362 4371.563 4371.709 4371.856 4372.003 4372.15 4372.397 4372.693 4372.989 4373.285 4373.543 4373.548 4373.554 4373.56 4373.565 4373.629 4373.734 4373.838 4373.942 4374.064 4374.473 4374.882 4375.291 4375.699 4376.022 4376.266 4376.51 4376.755 4376.999 4377.411 4377.825 4378.239 4378.654 4378.95 4379.102 4379.254 4379.406 4379.558 4379.662 4379.761 4379.86 4379.96 4380.098 4380.298 4380.5 4380.7 4380.901 4381.178 4381.47 4381.762 4382.054 4382.326
4369.798 4369.837 4369.877 4369.917 4370.016 4370.273 4370.531 4370.789 4371.046 4371.297 4371.545 4371.794 4372.042 4372.288 4372.519 4372.75 4372.982 4373.213 4373.468 4373.733 4373.999 4374.265 4374.496 4374.496 4374.496 4374.496 4374.496 4374.551 4374.645 4374.738 4374.831 4374.942 4375.35 4375.757 4376.164 4376.571 4376.891 4377.131 4377.371 4377.611 4377.852 4378.243 4378.636 4379.028 4379.421 4379.704 4379.851 4379.998 4380.145 4380.292 4380.402 4380.51 4380.617 4380.725 4380.857 4381.029 4381.202 4381.374 4381.547 4381.81 4382.089 4382.369 4382.649 4382.907
4370.669 4370.698 4370.727 4370.756 4370.828 4371.016 4371.203 4371.391 4371.578 4371.834 4372.115 4372.396 4372.677 4372.968 4373.296 4373.625 4373.953 4374.281 4374.546 4374.78 4375.013 4375.247 4375.45 4375.45 4375.45 4375.45 4375.45 4375.502 4375.59 4375.678 4375.766 4375.872 4376.268 4376.664 4377.06 4377.457 4377.769 4378.003 4378.238 4378.473 4378.708 4379.072 4379.438 4379.804 4380.17 4380.438 4380.584 4380.731 4380.878 4381.025 4381.146 4381.264 4381.382 4381.5 4381.629 4381.774 4381.92 4382.066 4382.211 4382.456 4382.72 4382.983 4383.247 4383.489
4371.541 4371.559 4371.577 4371.595 4371.641 4371.758 4371.875 4371.992 4372.11 4372.372 4372.685 4372.999 4373.312 4373.647 4374.073 4374.499 4374.924 4375.35 4375.625 4375.827 4376.027 4376.229 4376.403 4376.403 4376.403 4376.403 4376.403 4376.453 4376.535 4376.618 4376.7 4376.8 4377.186 4377.571 4377.957 4378.342 4378.646 4378.875 4379.105 4379.334 4379.564 4379.901 4380.24 4380.58 4380.918 4381.171 4381.318 4381.465 4381.612 4381.759 4381.89 4382.019 4382.147 4382.276 4382.401 4382.52 4382.639 4382.757 4382.876 4383.103 4383.35 4383.598 4383.845 4384.071
4372.413 4372.42 4372.427 4372.435 4372.453 4372.5 4372.547 4372.594 4372.642 4372.909 4373.255 4373.601 4373.946 4374.328 4374.85 4375.373 4375.895 4376.417 4376.705 4376.873 4377.042 4377.21 4377.357 4377.357 4377.357 4377.357 4377.357 4377.403 4377.48 4377.557 4377.634 4377.729 4378.104 4378.478 4378.853 4379.228 4379.523 4379.748 4379.972 4380.196 4380.42 4380.731 4381.043 4381.355 4381.667 4381.905 4382.052 4382.199 4382.346 4382.493 4382.633 4382.773 4382.913 4383.052 4383.174 4383.266 4383.357 4383.449 4383.541 4383.75 4383.981 4384.212 4384.443 4384.652
4373.287 4373.287 4373.287 4373.287 4373.287 4373.287 4373.287 4373.287 4373.287 4373.563 4373.935 4374.308 4374.681 4375.096 4375.678 4376.261 4376.844 4377.426 4377.729 4377.892 4378.055 4378.217 4378.359 4378.359 4378.359 4378.359 4378.359 4378.4 4378.47 4378.541 4378.61 4378.697 4379.058 4379.418 4379.778 4380.139 4380.419 4380.628 4380.836 4381.044 4381.252 4381.542 4381.832 4382.122 4382.413 4382.639 4382.786 4382.933 4383.08 4383.227 4383.364 4383.5 4383.637 4383.773 4383.886 4383.959 4384.033 4384.106 4384.18 4384.376 4384.597 4384.817 4385.038 4385.236
4374.167 4374.167 4374.167 4374.167 4374.167 4374.167 4374.167 4374.167 4374.167 4374.455 4374.844 4375.232 4375.622 4376.046 4376.613 4377.179 4377.746 4378.312 4378.642 4378.853 4379.064 4379.275 4379.459 4379.459 4379.459 4379.459 4379.459 4379.495 4379.554 4379.613 4379.672 4379.748 4380.086 4380.425 4380.764 4381.103 4381.354 4381.524 4381.694 4381.865 4382.035 4382.313 4382.593 4382.873 4383.152 4383.372 4383.519 4383.666 4383.813 4383.96 4384.068 4384.172 4384.276 4384.38 4384.473 4384.546 4384.62 4384.693 4384.767 4384.963 4385.184 4385.404 4385.625 4385.823
4375.048 4375.048 4375.048 4375.048 4375.048 4375.048 4375.048 4375.048 4375.048 4375.347 4375.752 4376.157 4376.563 4376.997 4377.547 4378.097 4378.647 4379.198 4379.555 4379.814 4380.074 4380.334 4380.56 4380.56 4380.56 4380.56 4380.56 4380.588 4380.637 4380.686 4380.734 4380.798 4381.115 4381.433 4381.75 4382.067 4382.288 4382.42 4382.553 4382.686 4382.818 4383.085 4383.354 4383.623 4383.892 4384.106 4384.253 4384.4 4384.547 4384.694 4384.772 4384.844 4384.916 4384.987 4385.06 4385.133 4385.207 4385.28 4385.354 4385.55 4385.771 4385.991 4386.212 4386.41
4375.928 4375.928 4375.928 4375.928 4375.928 4375.928 4375.928 4375.928 4375.928 4376.24 4376.661 4377.082 4377.503 4377.947 4378.481 4379.016 4379.55 4380.083 4380.467 4380.775 4381.084 4381.392 4381.66 4381.66 4381.66 4381.66 4381.66 4381.683 4381.72 4381.758 4381.795 4381.848 4382.144 4382.439 4382.735 4383.031 4383.222 4383.317 4383.412 4383.507 4383.602 4383.857 4384.115 4384.374 4384.631 4384.839 4384.986 4385.133 4385.28 4385.428 4385.476 4385.516 4385.555 4385.594 4385.646 4385.72 4385.793 4385.867 4385.94 4386.137 4386.358 4386.578 4386.799 4386.997
4376.809 4376.809 4376.809 4376.809 4376.809 4376.809 4376.809 4376.809 4376.809 4377.132 4377.569 4378.007 4378.444 4378.898 4379.416 4379.934 4380.452 4380.969 4381.38 4381.737 4382.094 4382.451 4382.761 4382.761 4382.761 4382.761 4382.761 4382.777 4382.804 4382.831 4382.857 4382.898 4383.173 4383.447 4383.721 4383.995 4384.156 4384.213 4384.271 4384.328 4384.385 4384.629 4384.876 4385.124 4385.371 4385.573 4385.72 4385.867 4386.014 4386.161 4386.181 4386.188 4386.194 4386.202 4386.233 4386.307 4386.38 4386.454 4386.527 4386.724 4386.945 4387.165 4387.386 4387.583
4377.804 4377.804 4377.804 4377.804 4377.804 4377.804 4377.804 4377.804 4377.804 4378.095 4378.49 4378.884 4379.279 4379.699 4380.222 4380.745 4381.268 4381.791 4382.235 4382.641 4383.046 4383.451 4383.806 4383.818 4383.831 4383.843 4383.856 4383.874 4383.894 4383.914 4383.934 4383.966 4384.189 4384.413 4384.635 4384.858 4384.986 4385.027 4385.067 4385.108 4385.148 4385.395 4385.644 4385.893 4386.142 4386.358 4386.535 4386.711 4386.888 4387.064 4387.08 4387.08 4387.08 4387.08 4387.103 4387.164 4387.224 4387.285 4387.346 4387.509 4387.691 4387.874 4388.056 4388.226
4378.831 4378.831 4378.831 4378.831 4378.831 4378.831 4378.831 4378.831 4378.831 4379.079 4379.414 4379.749 4380.084 4380.459 4380.993 4381.527 4382.061 4382.594 4383.075 4383.528 4383.982 4384.436 4384.834 4384.863 4384.892 4384.921 4384.95 4384.971 4384.985 4385.0 4385.015 4385.039 4385.203 4385.366 4385.53 4385.694 4385.788 4385.817 4385.847 4385.877 4385.907 4386.158 4386.412 4386.667 4386.921 4387.158 4387.372 4387.586 4387.801 4388.015 4388.034 4388.034 4388.034 4388.034 4388.05 4388.095 4388.14 4388.184 4388.229 4388.349 4388.482 4388.616 4388.75 4388.882
4379.858 4379.858 4379.858 4379.858 4379.858 4379.858 4379.858 4379.858 4379.858 4380.062 4380.338 4380.614 4380.89 4381.22 4381.764 4382.309 4382.853 4383.397 4383.914 4384.417 4384.919 4385.421 4385.864 4385.909 4385.954 4385.999 4386.044 4386.068 4386.077 4386.087 4386.096 4386.111 4386.216 4386.32 4386.425 4386.529 4386.589 4386.608 4386.627 4386.646 4386.665 4386.921 4387.181 4387.441 4387.701 4387.958 4388.209 4388.461 4388.713 4388.965 4388.987 4388.987 4388.987 4388.987 4388.998 4389.026 4389.055 4389.083 4389.112 4389.188 4389.273 4389.359 4389.444 4389.54
4380.885 4380.885 4380.885 4380.885 4380.885 4380.885 4380.885 4380.885 4380.885 4381.045 4381.262 4381.479 4381.695 4381.98 4382.535 4383.09 4383.646 4384.201 4384.753 4385.304 4385.855 4386.406 4386.893 4386.954 4387.016 4387.077 4387.138 4387.165 4387.169 4387.173 4387.177 4387.184 4387.229 4387.274 4387.319 4387.364 4387.39 4387.398 4387.407 4387.415 4387.423 4387.685 4387.95 4388.215 4388.48 4388.757 4389.046 4389.336 4389.626 4389.916 4389.941 4389.941 4389.941 4389.941 4389.945 4389.958 4389.97 4389.982 4389.995 4390.028 4390.064 4390.102 4390.138 4390.196
4381.842 4381.842 4381.842 4381.842 4381.842 4381.842 4381.842 4381.842 4381.842 4381.968 4382.138 4382.308 4382.479 4382.728 4383.289 4383.849 4384.41 4384.971 4385.552 4386.144 4386.736 4387.328 4387.854 4387.947 4388.04 4388.133 4388.226 4388.263 4388.263 4388.263 4388.263 4388.263 4388.263 4388.263 4388.263 4388.263 4388.263 4388.263 4388.263 4388.263 4388.263 4388.515 4388.77 4389.025 4389.28 4389.562 4389.875 4390.188 4390.501 4390.815 4390.842 4390.842 4390.842 4390.842 4390.837 4390.826 4390.814 4390.803 4390.791 4390.79 4390.79 4390.79 4390.79 4390.82
4382.576 4382.576 4382.576 4382.576 4382.576 4382.576 4382.576 4382.576 4382.576 4382.697 4382.862 4383.027 4383.192 4383.435 4383.985 4384.535 4385.085 4385.635 4386.224 4386.832 4387.439 4388.047 4388.598 4388.772 4388.946 4389.12 4389.293 4389.364 4389.364 4389.364 4389.364 4389.364 4389.364 4389.364 4389.364 4389.364 4389.364 4389.364 4389.364 4389.364 4389.364 4389.557 4389.753 4389.949 4390.145 4390.383 4390.675 4390.967 4391.259 4391.55 4391.576 4391.576 4391.576 4391.576 4391.553 4391.493 4391.433 4391.373 4391.313 4391.303 4391.303 4391.303 4391.303 4391.337
4383.309 4383.309 4383.309 4383.309 4383.309 4383.309 4383.309 4383.309 4383.309 4383.427 4383.586 4383.746 4383.905 4384.142 4384.681 4385.22 4385.759 4386.299 4386.895 4387.519 4388.143 4388.767 4389.342 4389.597 4389.852 4390.106 4390.361 4390.464 4390.464 4390.464 4390.464 4390.464 4390.464 4390.464 4390.464 4390.464 4390.464 4390.464 4390.464 4390.464 4390.464 4390.599 4390.735 4390.872 4391.009 4391.206 4391.476 4391.746 4392.016 4392.286 4392.309 4392.309 4392.309 4392.309 4392.269 4392.16 4392.051 4391.942 4391.834 4391.816 4391.816 4391.816 4391.816 4391.854
4384.043 4384.043 4384.043 4384.043 4384.043 4384.043 4384.043 4384.043 4384.043 4384.157 4384.311 4384.465 4384.619 4384.849 4385.377 4385.906 4386.434 4386.962 4387.565 4388.206 4388.846 4389.486 4390.087 4390.422 4390.758 4391.093 4391.429 4391.564 4391.564 4391.564 4391.564 4391.564 4391.564 4391.564 4391.564 4391.564 4391.564 4391.564 4391.564 4391.564 4391.564 4391.641 4391.718 4391.795 4391.873 4392.027 4392.276 4392.524 4392.773 4393.021 4393.043 4393.043 4393.043 4393.043 4392.984 4392.827 4392.669 4392.512 4392.355 4392.33 4392.33 4392.33 4392.33 4392.371
4384.777 4384.777 4384.777 4384.777 4384.777 4384.777 4384.777 4384.777 4384.777 4384.887 4385.035 4385.184 4385.332 4385.556 4386.073 4386.591 4387.109 4387.626 4388.237 4388.893 4389.549 4390.206 4390.831 4391.247 4391.664 4392.08 4392.496 4392.665 4392.665 4392.665 4392.665 4392.665 4392.665 4392.665 4392.665 4392.665 4392.665 4392.665 4392.665 4392.665 4392.665 4392.683 4392.701 4392.719 4392.737 4392.849 4393.076 4393.303 4393.53 4393.757 4393.777 4393.777 4393.777 4393.777 4393.699 4393.494 4393.288 4393.082 4392.876 4392.844 4392.844 4392.844 4392.844 4392.887
4385.584 4385.592 4385.6 4385.607 4385.612 4385.612 4385.612 4385.612 4385.612 4385.71 4385.842 4385.974 4386.106 4386.314 4386.821 4387.328 4387.834 4388.341 4388.951 4389.613 4390.274 4390.936 4391.57 4392.026 4392.481 4392.938 4393.394 4393.589 4393.608 4393.627 4393.646 4393.664 4393.664 4393.664 4393.664 4393.664 4393.664 4393.664 4393.664 4393.664 4393.664 4393.63 4393.597 4393.563 4393.529 4393.609 4393.83 4394.05 4394.271 4394.491 4394.51 4394.51 4394.51 4394.51 4394.424 4394.197 4393.969 4393.741 4393.513 4393.464 4393.449 4393.434 4393.419 4393.446
4386.425 4386.443 4386.461 4386.479 4386.493 4386.493 4386.493 4386.493 4386.493 4386.574 4386.685 4386.795 4386.906 4387.094 4387.59 4388.086 4388.583 4389.079 4389.685 4390.346 4391.008 4391.669 4392.306 4392.784 4393.261 4393.739 4394.216 4394.437 4394.483 4394.528 4394.574 4394.617 4394.617 4394.617 4394.617 4394.617 4394.617 4394.617 4394.617 4394.617 4394.617 4394.536 4394.454 4394.372 4394.29 4394.343 4394.563 4394.784 4395.004 4395.225 4395.244 4395.244 4395.244 4395.244 4395.154 4394.916 4394.677 4394.438 4394.199 4394.13 4394.094 4394.057 4394.021 4394.023
4387.265 4387.294 4387.323 4387.352 4387.373 4387.373 4387.373 4387.373 4387.373 4387.439 4387.528 4387.617 4387.705 4387.875 4388.36 4388.845 4389.331 4389.816 4390.418 4391.08 4391.741 4392.403 4393.043 4393.542 4394.041 4394.54 4395.039 4395.285 4395.357 4395.43 4395.502 4395.571 4395.571 4395.571 4395.571 4395.571 4395.571 4395.571 4395.571 4395.571 4395.571 4395.442 4395.312 4395.181 4395.05 4395.077 4395.297 4395.518 4395.738 4395.958 4395.978 4395.978 4395.978 4395.978 4395.884 4395.634 4395.385 4395.135 4394.886 4394.797 4394.739 4394.681 4394.623 4394.6
4388.105 4388.145 4388.185 4388.225 4388.253 4388.253 4388.253 4388.253 4388.253 4388.303 4388.371 4388.438 4388.505 4388.655 4389.129 4389.604 4390.079 4390.553 4391.152 4391.813 4392.475 4393.136 4393.779 4394.3 4394.82 4395.341 4395.862 4396.132 4396.232 4396.332 4396.431 4396.525 4396.525 4396.525 4396.525 4396.525 4396.525 4396.525 4396.525 4396.525 4396.525 4396.348 4396.169 4395.99 4395.81 4395.811 4396.031 4396.251 4396.472 4396.692 4396.711 4396.711 4396.711 4396.711 4396.613 4396.353 4396.093 4395.833 4395.572 4395.464 4395.384 4395.304 4395.225 4395.177
4388.938 4388.987 4389.037 4389.087 4389.122 4389.12 4389.117 4389.115 4389.112 4389.146 4389.194 4389.241 4389.289 4389.419 4389.879 4390.339 4390.799 4391.258 4391.851 4392.51 4393.168 4393.828 4394.471 4395.009 4395.547 4396.085 4396.623 4396.915 4397.038 4397.161 4397.284 4397.4 4397.4 4397.4 4397.4 4397.4 4397.399 4397.398 4397.396 4397.395 4397.393 4397.177 4396.958 4396.74 4396.521 4396.5 4396.72 4396.94 4397.161 4397.381 4397.403 4397.405 4397.408 4397.41 4397.311 4397.043 4396.775 4396.507 4396.24 4396.115 4396.018 4395.921 4395.823 4395.756
4389.724 4389.779 4389.834 4389.89 4389.925 4389.906 4389.887 4389.869 4389.85 4389.873 4389.909 4389.945 4389.982 4390.097 4390.519 4390.94 4391.362 4391.785 4392.354 4392.996 4393.639 4394.282 4394.91 4395.443 4395.976 4396.508 4397.041 4397.333 4397.462 4397.591 4397.719 4397.841 4397.841 4397.841 4397.841 4397.841 4397.834 4397.822 4397.81 4397.797 4397.785 4397.579 4397.371 4397.163 4396.955 4396.94 4397.16 4397.38 4397.601 4397.821 4397.857 4397.876 4397.895 4397.914 4397.828 4397.571 4397.314 4397.057 4396.8 4396.682 4396.59 4396.499 4396.407 4396.343
4390.511 4390.572 4390.632 4390.693 4390.727 4390.692 4390.658 4390.623 4390.588 4390.598 4390.624 4390.649 4390.675 4390.774 4391.158 4391.542 4391.926 4392.311 4392.856 4393.483 4394.109 4394.736 4395.35 4395.877 4396.404 4396.931 4397.458 4397.752 4397.886 4398.021 4398.154 4398.281 4398.281 4398.281 4398.281 4398.281 4398.269 4398.246 4398.222 4398.199 4398.176 4397.981 4397.784 4397.587 4397.39 4397.38 4397.601 4397.821 4398.041 4398.262 4398.313 4398.347 4398.382 4398.417 4398.346 4398.1 4397.854 4397.607 4397.361 4397.249 4397.163 4397.076 4396.99 4396.93
4391.298 4391.364 4391.43 4391.496 4391.53 4391.479 4391.428 4391.377 4391.326 4391.324 4391.339 4391.354 4391.369 4391.451 4391.797 4392.144 4392.49 4392.836 4393.359 4393.969 4394.58 4395.19 4395.789 4396.311 4396.833 4397.354 4397.876 4398.171 4398.311 4398.45 4398.59 4398.721 4398.721 4398.721 4398.721 4398.721 4398.703 4398.669 4398.635 4398.602 4398.567 4398.383 4398.197 4398.01 4397.824 4397.82 4398.041 4398.261 4398.481 4398.702 4398.768 4398.818 4398.87 4398.92 4398.863 4398.628 4398.393 4398.157 4397.921 4397.816 4397.735 4397.654 4397.573 4397.517
