data/zism_data/00254_04_D.txt
ncols         224
nrows         224
[rows 196 to 223 of 224, columns 0 to 62 of 224]
694.7726 689.4146 684.0564 677.7783 670.3721 662.9661 655.5599 648.1539 646.9005 646.3416 645.7828 645.2239 646.3392 650.5936 654.8478 659.1022 663.3563 667.8659 672.4406 677.0151 681.5898 686.0389 690.1046 694.1702 698.2358 702.3014 706.5448 710.8661 715.1874 719.5087 724.1237 730.4717 736.8196 743.1677 749.5156 755.3629 760.8683 766.3737 771.8793 777.4157 783.6376 789.8594 796.0813 802.303 807.8259 812.6292 817.4323 822.2357 827.0389 826.0843 824.7753 823.4663 822.1574 820.8491 819.5419 818.2346 816.9274 815.6201 814.7172 813.891 813.0648 812.2385 811.889
698.0502 693.0205 687.9907 682.2053 675.4934 668.7817 662.0699 655.3582 653.7883 652.7989 651.8095 650.8201 651.2858 654.4797 657.6735 660.8674 664.0613 667.7164 671.4891 675.2617 679.0344 682.8168 686.6296 690.4421 694.2549 698.0674 702.1702 706.4001 710.6298 714.8596 719.4252 725.9724 732.5194 739.0667 745.6137 751.4554 756.8156 762.1757 767.5358 772.9315 779.1103 785.2889 791.4678 797.6465 803.0892 807.774 812.4587 817.1437 821.8285 820.3853 818.5651 816.7448 814.9245 813.2123 811.6682 810.1241 808.58 807.036 806.222 805.5464 804.8709 804.1954 804.137
699.6843 695.0856 690.4868 685.3607 679.5877 673.815 668.0421 662.2693 660.6531 659.5062 658.3592 657.2122 657.2443 659.4871 661.7297 663.9725 666.2151 669.0624 672.0637 675.0649 678.0662 681.1883 684.6804 688.1722 691.6643 695.1562 699.0233 703.0546 707.0858 711.1171 715.5015 721.9705 728.4393 734.9083 741.3771 747.0034 752.0544 757.1053 762.1564 767.2549 773.4016 779.5482 785.6948 791.8414 797.2137 801.7888 806.364 810.9392 815.5143 813.7601 811.6163 809.4725 807.3287 805.456 804.0049 802.5538 801.1027 799.6517 799.2215 798.985 798.7485 798.512 798.9577
698.9119 694.8946 690.8771 686.6539 682.1781 677.7025 673.2267 668.7512 667.4842 666.5794 665.6747 664.77 664.6848 666.1362 667.5877 669.0392 670.4906 672.5981 674.8729 677.1475 679.4221 681.8932 684.9654 688.0375 691.1097 694.1818 697.674 701.35 705.0259 708.702 712.7124 718.697 724.6813 730.666 736.6503 741.7538 746.2559 750.7578 755.2598 759.8325 765.9631 772.0934 778.224 784.3544 789.6708 794.149 798.6272 803.1056 807.5838 805.7783 803.5861 801.3939 799.2017 797.5248 796.6497 795.7745 794.8994 794.0242 794.4098 795.0345 795.6591 796.2838 797.5455
698.1395 694.7035 691.2674 687.9471 684.7685 681.59 678.4114 675.233 674.3152 673.6527 672.9902 672.3277 672.1252 672.7855 673.4457 674.1059 674.7661 676.1339 677.6819 679.2299 680.778 682.598 685.2504 687.9027 690.5551 693.2073 696.3246 699.6454 702.9661 706.2868 709.9233 715.4235 720.9235 726.4236 731.9236 736.5043 740.4573 744.4103 748.3633 752.4102 758.5246 764.6388 770.7532 776.8674 782.1278 786.5092 790.8905 795.272 799.6533 797.7966 795.556 793.3152 791.0746 789.5936 789.2944 788.9952 788.696 788.3969 789.5981 791.0839 792.5698 794.0556 796.1332
697.3671 694.5125 691.6577 689.2403 687.3589 685.4775 683.5961 681.7148 681.1463 680.726 680.3057 679.8854 679.5657 679.4347 679.3036 679.1725 679.0415 679.6697 680.4911 681.3124 682.1339 683.3029 685.5355 687.7679 690.0005 692.233 694.9753 697.9408 700.9062 703.8717 707.1342 712.15 717.1655 722.1813 727.1968 731.2548 734.6588 738.0627 741.4668 744.9878 751.0861 757.1841 763.2823 769.3804 774.5849 778.8693 783.1538 787.4384 791.7228 789.8148 787.5258 785.2366 782.9475 781.6624 781.9391 782.2159 782.4927 782.7695 784.7864 787.1334 789.4805 791.8275 794.721
696.5948 694.3214 692.048 690.5335 689.9493 689.3651 688.7808 688.1966 687.9774 687.7993 687.6212 687.4431 687.0062 686.0839 685.1616 684.2393 683.317 683.2054 683.3002 683.395 683.4897 684.0078 685.8205 687.6332 689.4459 691.2585 693.6259 696.2361 698.8463 701.4565 704.3451 708.8764 713.4076 717.9389 722.4701 726.0052 728.8603 731.7152 734.5703 737.5654 743.6475 749.7294 755.8115 761.8933 767.0419 771.2295 775.4171 779.6048 783.7924 781.8331 779.4955 777.158 774.8204 773.7313 774.5839 775.4366 776.2894 777.142 779.9747 783.1829 786.3911 789.5992 793.3088
698.4716 696.9434 695.4152 694.6036 694.6707 694.7377 694.8047 694.8717 694.5324 694.1473 693.7621 693.377 692.6469 691.2703 689.8938 688.5172 687.1407 686.5704 686.2054 685.8403 685.4753 685.5664 687.0529 688.5393 690.0258 691.5123 693.4974 695.7009 697.9043 700.1078 702.5458 706.368 710.1901 714.0124 717.8345 720.8364 723.2781 725.7198 728.1616 730.7399 736.3237 741.9073 747.4911 753.0747 757.796 761.6293 765.4626 769.296 773.1293 771.7255 769.9994 768.2733 766.5472 766.1912 767.9661 769.7411 771.5162 773.2912 777.0696 781.2278 785.3862 789.5444 794.0095
700.7458 699.9874 699.2288 699.0903 699.7117 700.3331 700.9545 701.5759 701.0462 700.3865 699.7269 699.0672 698.0178 696.2375 694.4572 692.6769 690.8967 689.9099 689.125 688.3401 687.5552 687.2531 688.4274 689.6016 690.7759 691.9503 693.5521 695.3411 697.13 698.919 700.895 703.9744 707.0538 710.1332 713.2126 715.6796 717.7284 719.7772 721.826 724.0037 729.0169 734.03 739.0432 744.0563 748.2945 751.7349 755.1753 758.6158 762.0562 761.2989 760.2833 759.2676 758.252 758.7097 761.4589 764.2081 766.9575 769.7068 774.4503 779.572 784.6938 789.8154 795.0272
703.0201 703.0313 703.0425 703.577 704.7527 705.9285 707.1043 708.28 707.5599 706.6258 705.6917 704.7574 703.3886 701.2046 699.0206 696.8366 694.6526 693.2493 692.0446 690.84 689.6353 688.9398 689.8019 690.664 691.5261 692.3882 693.6067 694.9812 696.3557 697.7302 699.2441 701.5807 703.9174 706.2541 708.5907 710.5228 712.1787 713.8345 715.4905 717.2675 721.7101 726.1526 730.5953 735.0378 738.793 741.8405 744.888 747.9355 750.983 750.8723 750.5671 750.262 749.9568 751.2281 754.9517 758.6752 762.3988 766.1224 771.8311 777.9162 784.0015 790.0865 796.0449
705.2943 706.0753 706.8563 708.0636 709.7938 711.5239 713.2541 714.9843 714.0737 712.8651 711.6564 710.4477 708.7594 706.1717 703.584 700.9963 698.4087 696.5887 694.9642 693.3397 691.7152 690.6265 691.1764 691.7263 692.2762 692.8262 693.6613 694.6213 695.5814 696.5414 697.5932 699.1871 700.781 702.3749 703.9688 705.366 706.629 707.8919 709.1549 710.5313 714.4034 718.2753 722.1474 726.0193 729.2916 731.9461 734.6007 737.2554 739.9099 740.4456 740.851 741.2563 741.6616 743.7466 748.4444 753.1422 757.8401 762.5379 769.2119 776.2604 783.3091 790.3576 797.0626
709.4531 710.6682 711.8834 713.446 715.4345 717.423 719.4115 721.4 720.1965 718.6326 717.0687 715.5048 713.4444 710.4529 707.4616 704.4702 701.4788 699.3668 697.4785 695.5903 693.702 692.3557 692.6671 692.9783 693.2897 693.601 694.1177 694.7242 695.3307 695.9373 696.6058 697.6399 698.674 699.7081 700.7422 701.713 702.6404 703.5679 704.4954 705.5231 708.7583 711.9933 715.2284 718.4634 721.1968 723.4136 725.6304 727.8473 730.0641 731.2488 732.37 733.4911 734.6123 737.4589 742.9892 748.5195 754.05 759.5803 766.9314 774.6276 782.324 790.0201 797.1923
717.3809 718.3593 719.3376 720.6198 722.2746 723.9294 725.5842 727.239 725.5374 723.4567 721.3761 719.2955 716.7577 713.3625 709.9675 706.5724 703.1773 701.022 699.1822 697.3424 695.5026 694.1702 694.3901 694.6099 694.8297 695.0495 695.3773 695.7524 696.1275 696.5026 696.9451 697.7855 698.6258 699.4661 700.3065 701.0674 701.7743 702.4811 703.1879 703.9711 706.4365 708.9018 711.3672 713.8325 715.9155 717.6049 719.2942 720.9836 722.673 724.5116 726.3593 728.2072 730.0549 733.5586 739.6379 745.7173 751.7968 757.8762 765.3284 773.0406 780.7532 788.4655 795.5462
725.3087 726.0502 726.7917 727.7936 729.1147 730.4358 731.7569 733.0779 730.8782 728.2808 725.6835 723.0862 720.071 716.2722 712.4734 708.6746 704.8759 702.6772 700.8859 699.0945 697.3032 695.9847 696.1131 696.2414 696.3698 696.498 696.637 696.7806 696.9243 697.0679 697.2844 697.931 698.5776 699.2241 699.8707 700.4219 700.9081 701.3942 701.8803 702.419 704.1147 705.8102 707.5059 709.2015 710.6342 711.7961 712.958 714.1199 715.2819 717.7744 720.3487 722.9232 725.4974 729.6583 736.2867 742.915 749.5436 756.172 763.7253 771.4538 779.1825 786.9109 793.9001
733.2366 733.7412 734.2459 734.9674 735.9548 736.9421 737.9296 738.9169 736.219 733.1049 729.991 726.8769 723.3843 719.1818 714.9793 710.7768 706.5743 704.3324 702.5895 700.8466 699.1037 697.7993 697.8361 697.8729 697.9098 697.9466 697.8967 697.8088 697.721 697.6332 697.6237 698.0765 698.5294 698.9822 699.435 699.7765 700.0419 700.3074 700.5728 700.8669 701.7929 702.7188 703.6447 704.5706 705.3528 705.9873 706.6218 707.2563 707.8907 711.0372 714.3381 717.6391 720.9401 725.7581 732.9354 740.1129 747.2905 754.4679 762.1223 769.8669 777.6118 785.3563 792.254
741.1644 741.4322 741.7 742.1412 742.7949 743.4485 744.1022 744.7558 741.5598 737.929 734.2983 730.6675 726.6976 722.0913 717.4852 712.879 708.2728 705.9876 704.2932 702.5987 700.9042 699.6138 699.5591 699.5045 699.4498 699.3951 699.1564 698.8371 698.5178 698.1985 697.963 698.222 698.4811 698.7402 698.9993 699.131 699.1757 699.2205 699.2653 699.3149 699.4711 699.6273 699.7834 699.9396 700.0716 700.1786 700.2856 700.3926 700.4997 704.3 708.3275 712.3552 716.3827 721.8578 729.5842 737.3107 745.0374 752.7637 760.5193 768.28 776.041 783.8018 790.6079
749.5417 749.3582 749.1747 749.1923 749.4565 749.7206 749.9848 750.249 746.7882 742.9067 739.0253 735.1438 731.0684 726.6291 722.1899 717.7506 713.3114 711.3141 709.9384 708.5627 707.1869 706.1406 706.1016 706.0627 706.0238 705.9849 705.6556 705.1992 704.7429 704.2865 703.8541 703.5634 703.2725 702.9818 702.6909 702.2263 701.6428 701.0593 700.4758 699.9089 699.7073 699.5056 699.304 699.1023 699.0 699.0 699.0 699.0 699.0 702.6097 706.4414 710.2733 714.105 719.4038 726.9842 734.5646 742.1453 749.7256 757.4786 765.2641 773.0499 780.8353 787.6456
758.0336 757.3441 756.6545 756.2122 756.0726 755.9332 755.7937 755.6542 751.988 747.9235 743.8591 739.7946 735.7084 731.5813 727.4543 723.3272 719.2002 717.5751 716.5869 715.5988 714.6105 713.8668 713.871 713.8751 713.8793 713.8834 713.4886 712.9192 712.3498 711.7803 711.1585 710.2272 709.2959 708.3646 707.4333 706.2737 704.9582 703.6428 702.3273 701.0492 700.5945 700.1399 699.6852 699.2306 699.0 699.0 699.0 699.0 699.0 702.204 705.6052 709.0065 712.4076 717.3179 724.5754 731.8328 739.0905 746.3479 754.0721 761.8845 769.6971 777.5095 784.3483
766.5254 765.3299 764.1344 763.2321 762.6888 762.1457 761.6025 761.0593 757.1877 752.9402 748.6929 744.4454 740.3484 736.5335 732.7188 728.9038 725.089 723.8362 723.2355 722.6348 722.0341 721.5931 721.6403 721.6875 721.7347 721.7819 721.3215 720.6391 719.9567 719.2742 718.4629 716.8911 715.3193 713.7474 712.1756 710.3212 708.2737 706.2262 704.1787 702.1895 701.4818 700.7742 700.0666 699.3589 699.0 699.0 699.0 699.0 699.0 701.7985 704.769 707.7397 710.7103 715.2321 722.1666 729.1011 736.0358 742.9702 750.6655 758.5048 766.3444 774.1837 781.0509
775.0172 773.3158 771.6143 770.2519 769.3051 768.3582 767.4114 766.4645 762.3876 757.957 753.5267 749.0961 744.9885 741.4857 737.9831 734.4804 730.9778 730.0972 729.884 729.6709 729.4577 729.3193 729.4096 729.4999 729.5901 729.6804 729.1545 728.359 727.5635 726.7681 725.7673 723.5549 721.3426 719.1302 716.9179 714.3687 711.5891 708.8097 706.0302 703.3298 702.3691 701.4085 700.4479 699.4873 699.0 699.0 699.0 699.0 699.0 701.3928 703.9328 706.4729 709.0129 713.1462 719.7578 726.3693 732.981 739.5925 747.259 755.1252 762.9916 770.8578 777.7535
782.7648 780.6613 778.5577 776.7888 775.4298 774.0709 772.7119 771.353 767.1606 762.6482 758.1359 753.6234 749.611 746.5356 743.4603 740.3849 737.3097 736.8639 737.0874 737.3109 737.5344 737.7312 737.8463 737.9613 738.0764 738.1915 737.6257 736.7621 735.8986 735.035 733.8872 731.0624 728.2377 725.4129 722.5882 719.3171 715.7409 712.1649 708.5887 705.1113 703.8022 702.4931 701.184 699.8749 699.2296 699.2675 699.3054 699.3433 699.3812 701.4513 703.6464 705.8415 708.0366 711.8452 718.1631 724.4812 730.7994 737.1175 744.7479 752.627 760.5063 768.3854 775.3074
788.4036 786.1924 783.9812 781.9571 780.1621 778.3672 776.5723 774.7774 770.7246 766.4167 762.1089 757.801 754.184 751.8622 749.5406 747.2188 744.8971 745.0632 745.8626 746.662 747.4615 748.0856 748.1738 748.262 748.3501 748.4382 747.9055 747.1011 746.2968 745.4924 744.318 740.9603 737.6028 734.2451 730.8875 726.8181 722.2623 717.7068 713.151 708.7097 706.7815 704.8534 702.9253 700.9972 700.1094 700.2927 700.476 700.6592 700.8424 702.8246 704.9174 707.0103 709.1031 712.7673 718.8754 724.9835 731.0918 737.2 744.7743 752.6265 760.4789 768.3311 775.2729
794.0423 791.7235 789.4046 787.1253 784.8944 782.6636 780.4327 778.2018 774.2885 770.1851 766.0819 761.9785 758.7571 757.1888 755.6207 754.0526 752.4844 753.2625 754.6378 756.0131 757.3884 758.4399 758.5012 758.5624 758.6237 758.6849 758.1852 757.44 756.6948 755.9496 754.7487 750.8582 746.9677 743.0772 739.1868 734.3191 728.7838 723.2486 717.7133 712.308 709.7608 707.2137 704.6666 702.1194 700.9894 701.3179 701.6465 701.9751 702.3036 704.1979 706.1885 708.1791 710.1696 713.6894 719.5876 725.4858 731.3842 737.2824 744.8007 752.6259 760.4515 768.2767 775.2385
799.6811 797.2546 794.8281 792.2936 789.6267 786.96 784.293 781.6262 777.8525 773.9537 770.0549 766.1561 763.3301 762.5155 761.7009 760.8864 760.0718 761.4618 763.413 765.3642 767.3155 768.7944 768.8287 768.863 768.8974 768.9317 768.465 767.779 767.093 766.407 765.1794 760.756 756.3328 751.9094 747.4861 741.8201 735.3052 728.7905 722.2755 715.9063 712.7401 709.574 706.4078 703.2418 701.8693 702.3431 702.8171 703.291 703.7649 705.5712 707.4595 709.3479 711.2362 714.6116 720.2999 725.9881 731.6766 737.3649 744.827 752.6254 760.424 768.2224 775.204
805.3199 802.7858 800.2515 797.4619 794.3591 791.2563 788.1534 785.0507 781.4165 777.7222 774.028 770.3336 767.9031 767.8422 767.7812 767.7202 767.6592 769.6611 772.1883 774.7154 777.2426 779.1488 779.1563 779.1636 779.1711 779.1785 778.7448 778.1179 777.4911 776.8644 775.6102 770.6539 765.6979 760.7416 755.7855 749.3212 741.8266 734.3323 726.8378 719.5047 715.7195 711.9344 708.1492 704.3641 702.7492 703.3684 703.9876 704.6069 705.2261 706.9445 708.7306 710.5167 712.3027 715.5337 721.0121 726.4904 731.9689 737.4473 744.8534 752.6248 760.3965 768.168 775.1695
808.5684 805.8408 803.1131 800.1367 796.8553 793.574 790.2926 787.0113 783.7635 780.5195 777.2755 774.0314 772.0889 772.5864 773.084 773.5815 774.0791 776.3332 779.0345 781.7358 784.4371 786.4786 786.5021 786.5255 786.5489 786.5723 786.0109 785.1937 784.3765 783.5593 782.1171 776.9868 771.8567 766.7264 761.5963 754.9359 747.23 739.5245 731.8187 724.2645 720.0396 715.8149 711.5901 707.3655 705.5704 706.2765 706.9825 707.6886 708.3947 710.301 712.2813 714.2615 716.2417 719.4813 724.6795 729.8777 735.0761 740.2744 747.423 754.9413 762.4599 769.9782 776.8198
810.9086 807.955 805.0012 801.864 798.5019 795.1398 791.7776 788.4156 785.6481 782.9477 780.2474 777.5469 776.1273 777.1094 778.0914 779.0734 780.0554 782.4249 785.1478 787.8705 790.5934 792.6591 792.7148 792.7706 792.8262 792.882 792.132 791.0295 789.9271 788.8245 787.1329 781.965 776.7972 771.6292 766.4614 759.8336 752.2086 744.5837 736.9587 729.4656 724.8693 720.2733 715.6771 711.081 709.1293 709.9 710.6707 711.4413 712.212 714.4111 716.6981 718.9852 721.2722 724.5785 729.4698 734.3613 739.2529 744.1443 750.959 758.1382 765.3177 772.4969 779.1102
813.2488 810.0691 806.8892 803.5913 800.1484 796.7056 793.2628 789.82 787.5328 785.376 783.2192 781.0624 780.1658 781.6323 783.0987 784.5652 786.0316 788.5166 791.261 794.0053 796.7498 798.8396 798.9276 799.0156 799.1036 799.1916 798.2531 796.8652 795.4775 794.0898 792.1487 786.9431 781.7376 776.532 771.3265 764.7314 757.1871 749.6431 742.0987 734.6666 729.699 724.7316 719.7639 714.7965 712.6883 713.5236 714.3588 715.1941 716.0293 718.5212 721.1151 723.7089 726.3027 729.6757 734.2603 738.8448 743.4296 748.0142 754.495 761.3351 768.1755 775.0157 781.4006
