data/zism_data/00259_04_D.txt
ncols         224
nrows         224
[rows 56 to 83 of 224, columns 126 to 188 of 224]
3306.342 3306.948 3307.553 3308.159 3308.773 3309.4 3310.026 3310.653 3311.279 3311.955 3312.635 3313.316 3313.996 3314.684 3315.384 3316.084 3316.784 3317.484 3318.173 3318.861 3319.549 3320.236 3320.905 3321.531 3322.158 3322.784 3323.411 3323.954 3324.472 3324.99 3325.508 3326.011 3326.468 3326.925 3327.381 3327.838 3328.232 3328.6 3328.967 3329.334 3329.702 3330.069 3330.437 3330.804 3331.172 3331.539 3331.906 3332.274 3332.641 3332.992 3333.165 3333.338 3333.511 3333.685 3333.763 3333.763 3333.763 3333.763 3333.763 3333.763 3333.763 3333.763 3333.763
3306.181 3306.819 3307.457 3308.095 3308.732 3309.37 3310.007 3310.645 3311.282 3311.964 3312.65 3313.336 3314.022 3314.718 3315.428 3316.139 3316.849 3317.56 3318.291 3319.026 3319.76 3320.495 3321.2 3321.836 3322.472 3323.108 3323.744 3324.306 3324.844 3325.383 3325.922 3326.438 3326.881 3327.324 3327.767 3328.209 3328.6 3328.967 3329.334 3329.702 3330.069 3330.437 3330.804 3331.172 3331.539 3331.906 3332.274 3332.641 3333.009 3333.363 3333.584 3333.804 3334.025 3334.245 3334.344 3334.344 3334.344 3334.344 3334.344 3334.343 3334.341 3334.34 3334.338
3306.095 3306.771 3307.447 3308.123 3308.791 3309.45 3310.109 3310.768 3311.427 3312.121 3312.818 3313.515 3314.212 3314.916 3315.632 3316.348 3317.063 3317.78 3318.511 3319.246 3319.981 3320.716 3321.412 3322.021 3322.63 3323.24 3323.848 3324.399 3324.933 3325.466 3326.0 3326.527 3327.034 3327.542 3328.05 3328.557 3328.967 3329.334 3329.702 3330.069 3330.437 3330.804 3331.171 3331.539 3331.906 3332.274 3332.641 3333.009 3333.376 3333.731 3333.951 3334.172 3334.392 3334.613 3334.711 3334.711 3334.711 3334.711 3334.711 3334.661 3334.611 3334.561 3334.511
3306.01 3306.724 3307.438 3308.151 3308.85 3309.531 3310.211 3310.892 3311.573 3312.278 3312.986 3313.693 3314.401 3315.114 3315.835 3316.556 3317.278 3317.999 3318.732 3319.467 3320.201 3320.936 3321.625 3322.207 3322.789 3323.371 3323.953 3324.493 3325.021 3325.549 3326.077 3326.615 3327.188 3327.76 3328.332 3328.905 3329.334 3329.702 3330.069 3330.437 3330.804 3331.171 3331.539 3331.906 3332.274 3332.641 3333.009 3333.376 3333.743 3334.098 3334.319 3334.539 3334.76 3334.98 3335.079 3335.079 3335.079 3335.079 3335.077 3334.979 3334.88 3334.782 3334.683
3305.925 3306.676 3307.428 3308.179 3308.908 3309.611 3310.313 3311.015 3311.718 3312.435 3313.153 3313.872 3314.59 3315.312 3316.038 3316.765 3317.492 3318.219 3318.952 3319.687 3320.422 3321.156 3321.837 3322.392 3322.947 3323.502 3324.057 3324.587 3325.11 3325.632 3326.155 3326.704 3327.341 3327.978 3328.615 3329.252 3329.702 3330.069 3330.437 3330.804 3331.171 3331.539 3331.906 3332.274 3332.641 3333.009 3333.376 3333.743 3334.111 3334.465 3334.686 3334.906 3335.127 3335.347 3335.446 3335.446 3335.446 3335.446 3335.444 3335.297 3335.15 3335.002 3334.855
3305.84 3306.629 3307.418 3308.207 3308.967 3309.691 3310.415 3311.139 3311.863 3312.591 3313.321 3314.05 3314.779 3315.51 3316.242 3316.974 3317.706 3318.438 3319.173 3319.907 3320.642 3321.377 3322.049 3322.577 3323.105 3323.633 3324.161 3324.681 3325.198 3325.715 3326.232 3326.792 3327.494 3328.196 3328.898 3329.6 3330.069 3330.437 3330.804 3331.171 3331.539 3331.906 3332.274 3332.641 3333.009 3333.376 3333.743 3334.111 3334.478 3334.833 3335.053 3335.274 3335.494 3335.715 3335.814 3335.814 3335.814 3335.814 3335.811 3335.615 3335.419 3335.223 3335.028
3305.812 3306.637 3307.461 3308.285 3309.069 3309.804 3310.539 3311.274 3312.009 3312.76 3313.514 3314.267 3315.021 3315.769 3316.509 3317.25 3317.99 3318.73 3319.452 3320.171 3320.89 3321.609 3322.27 3322.8 3323.331 3323.861 3324.391 3324.922 3325.452 3325.982 3326.513 3327.087 3327.806 3328.525 3329.243 3329.962 3330.437 3330.804 3331.171 3331.539 3331.906 3332.274 3332.641 3333.009 3333.376 3333.743 3334.111 3334.478 3334.846 3335.2 3335.421 3335.641 3335.862 3336.082 3336.181 3336.181 3336.181 3336.181 3336.178 3335.957 3335.737 3335.517 3335.296
3305.844 3306.701 3307.558 3308.414 3309.216 3309.951 3310.686 3311.421 3312.156 3312.942 3313.733 3314.524 3315.315 3316.092 3316.843 3317.594 3318.344 3319.095 3319.792 3320.479 3321.165 3321.852 3322.5 3323.063 3323.626 3324.188 3324.751 3325.314 3325.877 3326.439 3327.002 3327.594 3328.28 3328.967 3329.653 3330.34 3330.804 3331.171 3331.539 3331.906 3332.274 3332.641 3333.009 3333.376 3333.743 3334.111 3334.478 3334.846 3335.213 3335.568 3335.788 3336.009 3336.229 3336.449 3336.548 3336.548 3336.548 3336.548 3336.545 3336.325 3336.104 3335.884 3335.663
3305.876 3306.765 3307.654 3308.543 3309.363 3310.098 3310.833 3311.568 3312.302 3313.123 3313.952 3314.781 3315.61 3316.414 3317.176 3317.938 3318.699 3319.461 3320.132 3320.786 3321.44 3322.094 3322.731 3323.326 3323.921 3324.516 3325.111 3325.706 3326.302 3326.897 3327.492 3328.101 3328.755 3329.409 3330.063 3330.717 3331.171 3331.539 3331.906 3332.274 3332.641 3333.009 3333.376 3333.743 3334.111 3334.478 3334.846 3335.213 3335.58 3335.935 3336.156 3336.376 3336.596 3336.817 3336.916 3336.916 3336.916 3336.916 3336.913 3336.692 3336.472 3336.251 3336.031
3305.908 3306.83 3307.751 3308.673 3309.51 3310.245 3310.98 3311.715 3312.449 3313.305 3314.171 3315.038 3315.905 3316.737 3317.509 3318.282 3319.054 3319.827 3320.473 3321.094 3321.716 3322.338 3322.961 3323.588 3324.216 3324.844 3325.471 3326.099 3326.726 3327.354 3327.981 3328.607 3329.229 3329.851 3330.472 3331.094 3331.539 3331.906 3332.274 3332.641 3333.009 3333.376 3333.743 3334.111 3334.478 3334.846 3335.213 3335.58 3335.948 3336.302 3336.523 3336.743 3336.964 3337.184 3337.283 3337.283 3337.283 3337.283 3337.28 3337.06 3336.839 3336.619 3336.398
3305.94 3306.894 3307.848 3308.802 3309.657 3310.392 3311.127 3311.862 3312.596 3313.486 3314.391 3315.295 3316.2 3317.059 3317.842 3318.626 3319.409 3320.193 3320.813 3321.402 3321.991 3322.581 3323.191 3323.851 3324.511 3325.171 3325.831 3326.491 3327.151 3327.811 3328.471 3329.114 3329.704 3330.293 3330.882 3331.471 3331.906 3332.274 3332.641 3333.008 3333.376 3333.743 3334.111 3334.478 3334.845 3335.213 3335.58 3335.948 3336.315 3336.67 3336.89 3337.111 3337.331 3337.552 3337.651 3337.651 3337.651 3337.651 3337.647 3337.427 3337.207 3336.986 3336.766
3305.972 3306.958 3307.945 3308.931 3309.825 3310.606 3311.387 3312.169 3312.95 3313.855 3314.771 3315.688 3316.605 3317.465 3318.234 3319.002 3319.771 3320.539 3321.147 3321.724 3322.302 3322.879 3323.487 3324.164 3324.841 3325.518 3326.195 3326.859 3327.521 3328.182 3328.844 3329.488 3330.076 3330.663 3331.251 3331.839 3332.281 3332.658 3333.036 3333.414 3333.797 3334.206 3334.614 3335.023 3335.432 3335.812 3336.174 3336.536 3336.898 3337.247 3337.452 3337.656 3337.862 3338.066 3338.133 3338.086 3338.04 3337.993 3337.944 3337.677 3337.41 3337.143 3336.876
3306.004 3307.023 3308.041 3309.06 3309.994 3310.824 3311.654 3312.483 3313.313 3314.232 3315.16 3316.087 3317.014 3317.876 3318.628 3319.38 3320.132 3320.885 3321.481 3322.047 3322.614 3323.181 3323.786 3324.479 3325.172 3325.865 3326.558 3327.227 3327.888 3328.55 3329.211 3329.855 3330.443 3331.031 3331.619 3332.207 3332.656 3333.044 3333.433 3333.821 3334.22 3334.672 3335.124 3335.576 3336.028 3336.42 3336.777 3337.134 3337.491 3337.833 3338.022 3338.211 3338.399 3338.588 3338.621 3338.526 3338.43 3338.335 3338.237 3337.922 3337.606 3337.291 3336.975
3306.036 3307.087 3308.138 3309.189 3310.163 3311.041 3311.92 3312.798 3313.677 3314.61 3315.548 3316.486 3317.424 3318.286 3319.022 3319.758 3320.494 3321.23 3321.814 3322.371 3322.927 3323.482 3324.085 3324.794 3325.503 3326.212 3326.922 3327.594 3328.256 3328.917 3329.578 3330.223 3330.811 3331.398 3331.986 3332.574 3333.031 3333.43 3333.829 3334.229 3334.643 3335.138 3335.634 3336.129 3336.624 3337.03 3337.381 3337.732 3338.084 3338.42 3338.592 3338.765 3338.937 3339.11 3339.108 3338.965 3338.821 3338.677 3338.53 3338.166 3337.802 3337.438 3337.074
3306.068 3307.151 3308.235 3309.318 3310.331 3311.259 3312.186 3313.113 3314.04 3314.987 3315.936 3316.885 3317.834 3318.696 3319.416 3320.136 3320.856 3321.575 3322.148 3322.694 3323.239 3323.784 3324.384 3325.109 3325.834 3326.56 3327.285 3327.961 3328.623 3329.284 3329.946 3330.59 3331.178 3331.766 3332.354 3332.942 3333.406 3333.816 3334.226 3334.636 3335.067 3335.605 3336.143 3336.682 3337.22 3337.638 3337.985 3338.331 3338.677 3339.006 3339.163 3339.319 3339.475 3339.632 3339.596 3339.404 3339.211 3339.019 3338.823 3338.411 3337.998 3337.585 3337.173
3306.086 3307.188 3308.291 3309.393 3310.435 3311.404 3312.373 3313.342 3314.311 3315.28 3316.249 3317.218 3318.186 3319.059 3319.771 3320.484 3321.197 3321.909 3322.497 3323.061 3323.625 3324.188 3324.804 3325.539 3326.274 3327.009 3327.743 3328.411 3329.059 3329.707 3330.354 3330.987 3331.568 3332.149 3332.73 3333.311 3333.798 3334.244 3334.69 3335.136 3335.598 3336.15 3336.702 3337.255 3337.807 3338.23 3338.575 3338.92 3339.265 3339.591 3339.711 3339.83 3339.95 3340.07 3340.002 3339.782 3339.561 3339.341 3339.117 3338.669 3338.222 3337.774 3337.326
3306.086 3307.188 3308.291 3309.393 3310.45 3311.451 3312.452 3313.454 3314.455 3315.456 3316.458 3317.459 3318.46 3319.354 3320.073 3320.791 3321.509 3322.227 3322.865 3323.488 3324.112 3324.735 3325.392 3326.127 3326.862 3327.596 3328.331 3328.974 3329.59 3330.205 3330.82 3331.424 3331.989 3332.554 3333.118 3333.683 3334.214 3334.73 3335.246 3335.762 3336.28 3336.805 3337.33 3337.855 3338.38 3338.796 3339.147 3339.498 3339.848 3340.173 3340.228 3340.283 3340.338 3340.393 3340.296 3340.076 3339.855 3339.635 3339.411 3338.947 3338.483 3338.019 3337.555
3306.086 3307.188 3308.291 3309.393 3310.464 3311.498 3312.532 3313.565 3314.599 3315.633 3316.667 3317.7 3318.734 3319.651 3320.374 3321.097 3321.821 3322.544 3323.233 3323.916 3324.599 3325.281 3325.98 3326.715 3327.449 3328.184 3328.919 3329.537 3330.12 3330.703 3331.286 3331.861 3332.41 3332.958 3333.507 3334.056 3334.63 3335.217 3335.803 3336.389 3336.961 3337.459 3337.958 3338.456 3338.954 3339.363 3339.719 3340.075 3340.431 3340.755 3340.746 3340.736 3340.726 3340.716 3340.59 3340.37 3340.149 3339.929 3339.704 3339.224 3338.744 3338.264 3337.784
3306.086 3307.188 3308.291 3309.393 3310.479 3311.545 3312.611 3313.677 3314.743 3315.809 3316.875 3317.942 3319.008 3319.947 3320.676 3321.404 3322.133 3322.862 3323.602 3324.344 3325.086 3325.828 3326.568 3327.302 3328.037 3328.772 3329.507 3330.1 3330.651 3331.201 3331.752 3332.298 3332.831 3333.363 3333.896 3334.428 3335.047 3335.703 3336.36 3337.016 3337.643 3338.114 3338.585 3339.056 3339.527 3339.93 3340.291 3340.653 3341.014 3341.338 3341.263 3341.188 3341.114 3341.039 3340.884 3340.664 3340.443 3340.223 3339.998 3339.502 3339.006 3338.509 3338.013
3306.086 3307.188 3308.291 3309.393 3310.494 3311.592 3312.69 3313.789 3314.887 3315.986 3317.084 3318.183 3319.281 3320.243 3320.977 3321.711 3322.445 3323.179 3323.97 3324.771 3325.573 3326.374 3327.156 3327.89 3328.625 3329.36 3330.095 3330.663 3331.181 3331.699 3332.218 3332.735 3333.251 3333.768 3334.284 3334.8 3335.463 3336.19 3336.916 3337.643 3338.324 3338.769 3339.213 3339.657 3340.101 3340.497 3340.864 3341.23 3341.597 3341.92 3341.78 3341.641 3341.501 3341.362 3341.178 3340.958 3340.737 3340.517 3340.292 3339.779 3339.267 3338.754 3338.242
3306.216 3307.318 3308.421 3309.523 3310.625 3311.727 3312.83 3313.932 3315.034 3316.11 3317.184 3318.257 3319.331 3320.297 3321.084 3321.871 3322.659 3323.446 3324.267 3325.094 3325.922 3326.749 3327.557 3328.321 3329.084 3329.847 3330.611 3331.19 3331.714 3332.238 3332.762 3333.285 3333.804 3334.323 3334.843 3335.362 3336.024 3336.75 3337.475 3338.2 3338.881 3339.332 3339.782 3340.233 3340.683 3341.073 3341.426 3341.779 3342.132 3342.439 3342.264 3342.088 3341.913 3341.737 3341.521 3341.272 3341.023 3340.774 3340.521 3340.006 3339.492 3338.978 3338.463
3306.363 3307.465 3308.568 3309.67 3310.772 3311.874 3312.977 3314.079 3315.181 3316.228 3317.269 3318.31 3319.351 3320.319 3321.166 3322.013 3322.859 3323.706 3324.555 3325.404 3326.253 3327.102 3327.934 3328.73 3329.526 3330.322 3331.118 3331.713 3332.248 3332.783 3333.317 3333.85 3334.374 3334.899 3335.423 3335.948 3336.604 3337.319 3338.033 3338.748 3339.422 3339.883 3340.344 3340.806 3341.267 3341.651 3341.988 3342.325 3342.662 3342.951 3342.743 3342.535 3342.327 3342.119 3341.871 3341.589 3341.308 3341.026 3340.741 3340.227 3339.712 3339.198 3338.684
3306.51 3307.612 3308.715 3309.817 3310.919 3312.021 3313.124 3314.226 3315.328 3316.345 3317.354 3318.363 3319.371 3320.342 3321.248 3322.154 3323.06 3323.966 3324.842 3325.713 3326.583 3327.454 3328.312 3329.14 3329.968 3330.796 3331.625 3332.236 3332.781 3333.327 3333.872 3334.414 3334.944 3335.474 3336.004 3336.534 3337.185 3337.888 3338.592 3339.296 3339.963 3340.435 3340.907 3341.379 3341.851 3342.229 3342.549 3342.87 3343.191 3343.463 3343.222 3342.982 3342.741 3342.501 3342.22 3341.906 3341.592 3341.278 3340.962 3340.447 3339.933 3339.418 3338.904
3306.657 3307.759 3308.862 3309.964 3311.066 3312.168 3313.271 3314.373 3315.475 3316.462 3317.439 3318.415 3319.392 3320.364 3321.329 3322.295 3323.26 3324.226 3325.13 3326.022 3326.914 3327.806 3328.689 3329.55 3330.41 3331.271 3332.132 3332.758 3333.315 3333.871 3334.427 3334.979 3335.514 3336.05 3336.585 3337.12 3337.765 3338.458 3339.151 3339.844 3340.503 3340.986 3341.469 3341.952 3342.435 3342.806 3343.111 3343.415 3343.72 3343.974 3343.701 3343.428 3343.156 3342.883 3342.57 3342.223 3341.877 3341.531 3341.182 3340.668 3340.153 3339.639 3339.125
3306.904 3308.005 3309.105 3310.206 3311.305 3312.404 3313.502 3314.6 3315.699 3316.667 3317.622 3318.577 3319.532 3320.508 3321.518 3322.528 3323.538 3324.548 3325.471 3326.377 3327.283 3328.189 3329.089 3329.975 3330.861 3331.746 3332.632 3333.274 3333.843 3334.412 3334.981 3335.545 3336.091 3336.637 3337.184 3337.73 3338.367 3339.043 3339.72 3340.396 3341.044 3341.54 3342.035 3342.531 3343.026 3343.391 3343.678 3343.964 3344.251 3344.486 3344.183 3343.879 3343.576 3343.273 3342.93 3342.555 3342.18 3341.805 3341.428 3340.908 3340.388 3339.868 3339.348
3307.34 3308.435 3309.53 3310.625 3311.717 3312.804 3313.892 3314.979 3316.067 3317.034 3317.989 3318.945 3319.9 3320.882 3321.908 3322.934 3323.96 3324.986 3325.912 3326.818 3327.724 3328.63 3329.534 3330.43 3331.326 3332.223 3333.119 3333.776 3334.362 3334.947 3335.532 3336.113 3336.681 3337.249 3337.817 3338.385 3339.01 3339.659 3340.309 3340.958 3341.585 3342.097 3342.609 3343.121 3343.633 3343.99 3344.255 3344.52 3344.785 3344.998 3344.667 3344.337 3344.007 3343.677 3343.31 3342.913 3342.517 3342.12 3341.722 3341.186 3340.649 3340.113 3339.577
3307.775 3308.865 3309.955 3311.044 3312.128 3313.205 3314.282 3315.359 3316.436 3317.401 3318.357 3319.312 3320.267 3321.255 3322.298 3323.34 3324.382 3325.425 3326.353 3327.259 3328.165 3329.071 3329.978 3330.885 3331.792 3332.699 3333.606 3334.279 3334.88 3335.481 3336.083 3336.682 3337.271 3337.861 3338.45 3339.04 3339.652 3340.275 3340.897 3341.52 3342.127 3342.655 3343.183 3343.711 3344.239 3344.589 3344.833 3345.076 3345.319 3345.51 3345.153 3344.795 3344.438 3344.081 3343.69 3343.272 3342.854 3342.435 3342.015 3341.463 3340.911 3340.358 3339.806
3308.211 3309.295 3310.379 3311.464 3312.54 3313.606 3314.672 3315.738 3316.804 3317.769 3318.724 3319.679 3320.635 3321.629 3322.687 3323.746 3324.804 3325.863 3326.793 3327.7 3328.606 3329.512 3330.422 3331.34 3332.258 3333.176 3334.094 3334.781 3335.399 3336.016 3336.634 3337.25 3337.861 3338.472 3339.083 3339.695 3340.295 3340.89 3341.486 3342.081 3342.668 3343.213 3343.757 3344.301 3344.845 3345.188 3345.41 3345.631 3345.853 3346.022 3345.638 3345.253 3344.869 3344.485 3344.07 3343.63 3343.19 3342.75 3342.309 3341.74 3341.172 3340.603 3340.035
