data/zism_data/00250_04_D.txt
ncols         224
nrows         224
[rows 0 to 27 of 224, columns 0 to 62 of 224]
1836.464 1832.602 1828.323 1824.044 1819.765 1815.558 1811.771 1807.985 1804.199 1800.413 1797.878 1796.263 1794.648 1793.032 1791.438 1792.77 1794.101 1795.432 1796.763 1797.824 1798.538 1799.252 1799.967 1800.681 1800.605 1800.41 1800.215 1800.02 1799.404 1797.803 1796.202 1794.601 1793.0 1789.537 1785.385 1781.233 1777.081 1772.232 1763.737 1755.242 1746.747 1738.253 1731.033 1724.695 1718.358 1712.02 1705.793 1704.519 1703.245 1701.971 1700.697 1700.0 1700.0 1700.0 1700.0 1700.0 1701.873 1703.994 1706.114 1708.235 1711.475 1717.164 1722.852
1837.011 1832.986 1828.626 1824.267 1819.907 1815.646 1811.962 1808.278 1804.593 1800.909 1798.554 1797.175 1795.796 1794.417 1793.056 1794.205 1795.353 1796.502 1797.651 1798.562 1799.169 1799.776 1800.383 1800.99 1800.956 1800.825 1800.694 1800.564 1800.125 1798.964 1797.803 1796.642 1795.481 1792.886 1789.76 1786.633 1783.507 1779.656 1772.014 1764.373 1756.732 1749.091 1741.188 1733.106 1725.023 1716.94 1708.991 1707.014 1705.037 1703.06 1701.082 1700.0 1700.0 1700.0 1700.0 1700.0 1701.404 1702.993 1704.582 1706.171 1708.848 1713.902 1718.957
1837.558 1833.37 1828.93 1824.49 1820.049 1815.734 1812.152 1808.57 1804.988 1801.406 1799.23 1798.087 1796.944 1795.802 1794.674 1795.64 1796.606 1797.572 1798.538 1799.3 1799.799 1800.299 1800.798 1801.298 1801.306 1801.24 1801.173 1801.107 1800.845 1800.125 1799.404 1798.683 1797.963 1796.235 1794.134 1792.033 1789.932 1787.079 1780.291 1773.504 1766.716 1759.929 1751.344 1741.516 1731.688 1721.86 1712.189 1709.509 1706.828 1704.148 1701.467 1700.0 1700.0 1700.0 1700.0 1700.0 1700.934 1701.992 1703.049 1704.107 1706.22 1710.641 1715.063
1838.106 1833.754 1829.233 1824.712 1820.192 1815.823 1812.343 1808.863 1805.382 1801.902 1799.906 1799.0 1798.093 1797.186 1796.292 1797.075 1797.859 1798.642 1799.426 1800.038 1800.43 1800.822 1801.214 1801.607 1801.656 1801.655 1801.653 1801.651 1801.566 1801.285 1801.005 1800.725 1800.445 1799.584 1798.509 1797.433 1796.358 1794.502 1788.568 1782.634 1776.701 1770.767 1761.499 1749.926 1738.354 1726.781 1715.388 1712.004 1708.62 1705.236 1701.853 1700.0 1700.0 1700.0 1700.0 1700.0 1700.465 1700.991 1701.517 1702.043 1703.593 1707.38 1711.168
1839.208 1834.807 1830.242 1825.678 1821.113 1816.69 1813.098 1809.506 1805.914 1802.323 1800.319 1799.482 1798.645 1797.807 1796.982 1797.708 1798.434 1799.16 1799.886 1800.46 1800.838 1801.217 1801.596 1801.974 1802.01 1801.995 1801.979 1801.964 1801.866 1801.578 1801.29 1801.001 1800.713 1799.978 1799.078 1798.179 1797.279 1795.645 1790.174 1784.703 1779.232 1773.761 1764.507 1752.639 1740.771 1728.902 1717.213 1713.49 1709.768 1706.046 1702.324 1700.406 1700.672 1700.938 1701.204 1701.47 1701.685 1701.893 1702.101 1702.31 1703.366 1706.275 1709.183
1840.328 1835.88 1831.273 1826.665 1822.057 1817.581 1813.871 1810.161 1806.451 1802.74 1800.724 1799.952 1799.179 1798.406 1797.644 1798.316 1798.988 1799.661 1800.333 1800.872 1801.24 1801.608 1801.976 1802.344 1802.364 1802.333 1802.301 1802.269 1802.154 1801.844 1801.535 1801.225 1800.915 1800.284 1799.535 1798.786 1798.036 1796.601 1791.581 1786.561 1781.541 1776.521 1767.302 1755.182 1743.061 1730.94 1718.996 1714.947 1710.897 1706.847 1702.797 1700.825 1701.364 1701.904 1702.444 1702.984 1702.956 1702.852 1702.749 1702.646 1703.21 1705.233 1707.256
1841.447 1836.953 1832.303 1827.652 1823.002 1818.471 1814.643 1810.815 1806.987 1803.159 1801.129 1800.421 1799.713 1799.005 1798.306 1798.924 1799.543 1800.162 1800.78 1801.284 1801.642 1801.999 1802.356 1802.713 1802.718 1802.671 1802.623 1802.575 1802.442 1802.111 1801.78 1801.448 1801.117 1800.59 1799.991 1799.392 1798.793 1797.557 1792.988 1788.419 1783.849 1779.28 1770.097 1757.724 1745.351 1732.978 1720.78 1716.403 1712.026 1707.648 1703.271 1701.243 1702.057 1702.87 1703.684 1704.497 1704.226 1703.812 1703.397 1702.982 1703.055 1704.192 1705.329
1842.566 1838.027 1833.333 1828.64 1823.946 1819.362 1815.416 1811.469 1807.523 1803.577 1801.535 1800.891 1800.247 1799.603 1798.968 1799.533 1800.098 1800.663 1801.228 1801.697 1802.043 1802.39 1802.736 1803.083 1803.073 1803.009 1802.945 1802.88 1802.73 1802.377 1802.025 1801.672 1801.319 1800.896 1800.448 1799.999 1799.55 1798.513 1794.395 1790.276 1786.158 1782.04 1772.892 1760.267 1747.641 1735.016 1722.564 1717.859 1713.155 1708.45 1703.745 1701.661 1702.749 1703.836 1704.924 1706.011 1705.497 1704.771 1704.045 1703.319 1702.899 1703.151 1703.402
1843.989 1839.385 1834.636 1829.888 1825.139 1820.487 1816.397 1812.306 1808.215 1804.125 1802.04 1801.427 1800.815 1800.202 1799.598 1800.137 1800.677 1801.217 1801.756 1802.194 1802.502 1802.809 1803.116 1803.423 1803.375 1803.274 1803.172 1803.071 1802.891 1802.526 1802.161 1801.797 1801.432 1801.005 1800.555 1800.104 1799.654 1798.625 1794.566 1790.507 1786.448 1782.39 1773.368 1760.915 1748.462 1736.009 1723.728 1719.126 1714.523 1709.92 1705.317 1703.436 1704.847 1706.258 1707.669 1709.081 1708.283 1707.193 1706.104 1705.014 1704.101 1703.576 1703.05
1845.795 1841.101 1836.283 1831.465 1826.646 1821.909 1817.641 1813.373 1809.105 1804.838 1802.672 1802.048 1801.425 1800.801 1800.186 1800.737 1801.287 1801.838 1802.388 1802.799 1803.031 1803.263 1803.495 1803.727 1803.614 1803.448 1803.282 1803.116 1802.891 1802.526 1802.161 1801.797 1801.432 1800.864 1800.22 1799.577 1798.933 1797.672 1793.178 1788.684 1784.191 1779.697 1770.917 1759.173 1747.428 1735.684 1724.11 1720.152 1716.193 1712.235 1708.276 1706.923 1708.721 1710.518 1712.316 1714.114 1712.982 1711.463 1709.943 1708.424 1707.016 1705.852 1704.687
1847.601 1842.817 1837.929 1833.042 1828.153 1823.33 1818.885 1814.44 1809.995 1805.551 1803.303 1802.669 1802.035 1801.401 1800.775 1801.337 1801.898 1802.459 1803.02 1803.404 1803.561 1803.718 1803.875 1804.032 1803.852 1803.622 1803.392 1803.161 1802.891 1802.526 1802.161 1801.797 1801.432 1800.723 1799.886 1799.049 1798.212 1796.719 1791.79 1786.862 1781.933 1777.005 1768.466 1757.43 1746.395 1735.359 1724.493 1721.178 1717.864 1714.55 1711.236 1710.41 1712.594 1714.778 1716.963 1719.147 1717.681 1715.732 1713.783 1711.835 1709.932 1708.128 1706.325
1849.407 1844.534 1839.576 1834.618 1829.661 1824.752 1820.13 1815.508 1810.886 1806.263 1803.935 1803.29 1802.645 1802.0 1801.364 1801.936 1802.508 1803.08 1803.652 1804.009 1804.091 1804.172 1804.254 1804.336 1804.091 1803.796 1803.501 1803.207 1802.891 1802.526 1802.161 1801.797 1801.432 1800.582 1799.552 1798.521 1797.491 1795.766 1790.402 1785.039 1779.675 1774.312 1766.014 1755.688 1745.361 1735.034 1724.875 1722.205 1719.535 1716.865 1714.195 1713.897 1716.468 1719.038 1721.609 1724.18 1722.38 1720.002 1717.623 1715.245 1712.847 1710.405 1707.962
1851.214 1846.25 1841.223 1836.195 1831.167 1826.173 1821.374 1816.575 1811.776 1806.976 1804.567 1803.911 1803.255 1802.6 1801.953 1802.536 1803.118 1803.701 1804.284 1804.614 1804.621 1804.627 1804.634 1804.64 1804.329 1803.97 1803.611 1803.252 1802.891 1802.526 1802.161 1801.797 1801.432 1800.44 1799.217 1797.994 1796.771 1794.813 1789.014 1783.216 1777.418 1771.62 1763.563 1753.945 1744.327 1734.709 1725.257 1723.231 1721.206 1719.18 1717.154 1717.384 1720.341 1723.298 1726.256 1729.213 1727.078 1724.271 1721.463 1718.656 1715.762 1712.681 1709.599
1853.401 1848.447 1843.457 1838.468 1833.478 1828.529 1823.812 1819.096 1814.379 1809.662 1807.154 1806.267 1805.38 1804.493 1803.616 1804.028 1804.44 1804.852 1805.264 1805.444 1805.326 1805.209 1805.091 1804.973 1804.56 1804.102 1803.644 1803.186 1802.733 1802.29 1801.847 1801.403 1800.96 1799.685 1798.102 1796.518 1794.935 1792.687 1786.964 1781.24 1775.517 1769.794 1762.636 1754.486 1746.337 1738.187 1730.186 1728.805 1727.423 1726.042 1724.661 1724.894 1727.081 1729.268 1731.455 1733.642 1731.333 1728.429 1725.525 1722.621 1719.532 1716.037 1712.542
1855.624 1850.689 1845.748 1840.807 1835.866 1830.973 1826.364 1821.755 1817.146 1812.536 1809.928 1808.789 1807.649 1806.51 1805.381 1805.605 1805.829 1806.053 1806.277 1806.295 1806.049 1805.802 1805.556 1805.309 1804.79 1804.231 1803.671 1803.111 1802.56 1802.031 1801.502 1800.973 1800.444 1798.871 1796.912 1794.953 1792.994 1790.45 1784.85 1779.25 1773.65 1768.05 1761.854 1755.246 1748.637 1742.028 1735.548 1734.811 1734.074 1733.337 1732.6 1732.788 1734.094 1735.401 1736.707 1738.014 1735.545 1732.576 1729.608 1726.64 1723.383 1719.497 1715.61
1857.847 1852.932 1848.039 1843.146 1838.253 1833.418 1828.916 1824.414 1819.912 1815.41 1812.702 1811.31 1809.919 1808.527 1807.146 1807.182 1807.218 1807.254 1807.291 1807.146 1806.771 1806.396 1806.02 1805.645 1805.021 1804.359 1803.697 1803.035 1802.387 1801.772 1801.157 1800.542 1799.927 1798.057 1795.722 1793.387 1791.052 1788.213 1782.736 1777.26 1771.783 1766.307 1761.073 1756.005 1750.937 1745.869 1740.911 1740.818 1740.725 1740.632 1740.539 1740.681 1741.107 1741.533 1741.959 1742.385 1739.756 1736.724 1733.691 1730.658 1727.234 1722.956 1718.677
1860.07 1855.174 1850.33 1845.485 1840.641 1835.862 1831.468 1827.073 1822.678 1818.284 1815.476 1813.832 1812.188 1810.544 1808.911 1808.759 1808.607 1808.456 1808.304 1807.998 1807.494 1806.989 1806.485 1805.981 1805.251 1804.487 1803.723 1802.959 1802.214 1801.513 1800.813 1800.112 1799.411 1797.243 1794.532 1791.821 1789.11 1785.975 1780.623 1775.27 1769.917 1764.564 1760.291 1756.764 1753.237 1749.71 1746.273 1746.824 1747.376 1747.927 1748.479 1748.575 1748.12 1747.666 1747.211 1746.757 1743.968 1740.871 1737.774 1734.677 1731.086 1726.415 1721.745
1862.406 1857.579 1852.812 1848.044 1843.277 1838.579 1834.286 1829.992 1825.699 1821.406 1818.496 1816.602 1814.707 1812.813 1810.93 1810.545 1810.16 1809.775 1809.39 1808.879 1808.207 1807.535 1806.862 1806.19 1805.342 1804.468 1803.594 1802.72 1801.864 1801.05 1800.237 1799.423 1798.609 1796.284 1793.4 1790.515 1787.63 1784.408 1779.418 1774.427 1769.437 1764.447 1761.088 1758.857 1756.626 1754.394 1752.233 1753.198 1754.163 1755.128 1756.092 1756.05 1754.789 1753.528 1752.267 1751.007 1747.865 1744.474 1741.084 1737.693 1733.793 1728.778 1723.763
1864.922 1860.243 1855.6 1850.956 1846.312 1841.733 1837.531 1833.329 1829.127 1824.925 1821.911 1819.77 1817.628 1815.487 1813.356 1812.665 1811.974 1811.283 1810.592 1809.808 1808.905 1808.002 1807.099 1806.196 1805.211 1804.213 1803.215 1802.218 1801.228 1800.259 1799.29 1798.32 1797.351 1795.094 1792.359 1789.625 1786.891 1783.914 1779.671 1775.427 1771.183 1766.939 1764.418 1763.089 1761.76 1760.431 1759.153 1760.161 1761.168 1762.176 1763.184 1762.854 1760.906 1758.958 1757.01 1755.062 1751.256 1747.205 1743.154 1739.103 1734.666 1729.382 1724.099
1867.439 1862.908 1858.387 1853.867 1849.347 1844.886 1840.776 1836.665 1832.554 1828.443 1825.326 1822.938 1820.549 1818.161 1815.783 1814.786 1813.789 1812.792 1811.795 1810.738 1809.604 1808.47 1807.336 1806.202 1805.079 1803.958 1802.836 1801.715 1800.593 1799.468 1798.343 1797.218 1796.093 1793.903 1791.319 1788.735 1786.151 1783.421 1779.923 1776.426 1772.928 1769.431 1767.749 1767.321 1766.894 1766.467 1766.072 1767.123 1768.174 1769.224 1770.275 1769.658 1767.022 1764.387 1761.752 1759.116 1754.647 1749.936 1745.225 1740.513 1735.538 1729.986 1724.434
1869.955 1865.572 1861.175 1856.779 1852.382 1848.04 1844.021 1840.001 1835.982 1831.962 1828.741 1826.106 1823.471 1820.835 1818.21 1816.907 1815.604 1814.3 1812.997 1811.667 1810.302 1808.937 1807.572 1806.207 1804.947 1803.702 1802.458 1801.213 1799.958 1798.677 1797.396 1796.115 1794.835 1792.712 1790.279 1787.845 1785.412 1782.927 1780.176 1777.425 1774.674 1771.923 1771.079 1771.554 1772.029 1772.504 1772.992 1774.086 1775.179 1776.273 1777.367 1776.462 1773.139 1769.817 1766.494 1763.171 1758.039 1752.667 1747.295 1741.923 1736.411 1730.59 1724.77
1872.472 1868.237 1863.963 1859.69 1855.417 1851.194 1847.266 1843.337 1839.409 1835.481 1832.156 1829.274 1826.392 1823.509 1820.636 1819.027 1817.418 1815.809 1814.2 1812.596 1811.001 1809.405 1807.809 1806.213 1804.815 1803.447 1802.079 1800.711 1799.322 1797.886 1796.449 1795.013 1793.576 1791.522 1789.239 1786.955 1784.672 1782.434 1780.429 1778.424 1776.419 1774.415 1774.409 1775.786 1777.163 1778.54 1779.912 1781.048 1782.185 1783.322 1784.458 1783.266 1779.256 1775.246 1771.236 1767.226 1761.43 1755.398 1749.366 1743.333 1737.284 1731.195 1725.106
1871.903 1867.853 1863.754 1859.655 1855.555 1851.516 1847.831 1844.146 1840.46 1836.775 1833.611 1830.831 1828.051 1825.271 1822.498 1820.771 1819.044 1817.317 1815.59 1813.841 1812.065 1810.289 1808.513 1806.737 1805.18 1803.656 1802.132 1800.609 1799.116 1797.699 1796.281 1794.863 1793.446 1791.533 1789.437 1787.341 1785.244 1783.245 1781.747 1780.25 1778.753 1777.255 1777.603 1779.225 1780.848 1782.47 1784.079 1785.089 1786.099 1787.108 1788.118 1786.963 1783.188 1779.414 1775.64 1771.865 1765.586 1758.977 1752.367 1745.757 1739.246 1732.953 1726.66
1870.812 1866.953 1863.037 1859.12 1855.203 1851.359 1847.942 1844.525 1841.109 1837.692 1834.735 1832.115 1829.496 1826.877 1824.264 1822.451 1820.638 1818.825 1817.012 1815.14 1813.192 1811.244 1809.296 1807.348 1805.629 1803.944 1802.259 1800.574 1798.984 1797.614 1796.245 1794.876 1793.506 1791.747 1789.845 1787.942 1786.039 1784.276 1783.246 1782.216 1781.186 1780.156 1780.773 1782.53 1784.287 1786.043 1787.78 1788.634 1789.488 1790.342 1791.196 1790.133 1786.751 1783.368 1779.986 1776.603 1769.872 1762.699 1755.525 1748.351 1741.393 1734.907 1728.421
1869.72 1866.054 1862.319 1858.585 1854.851 1851.202 1848.054 1844.905 1841.757 1838.608 1835.858 1833.4 1830.942 1828.484 1826.029 1824.131 1822.232 1820.333 1818.434 1816.439 1814.319 1812.199 1810.079 1807.96 1806.078 1804.232 1802.386 1800.54 1798.851 1797.53 1796.209 1794.888 1793.567 1791.962 1790.253 1788.543 1786.833 1785.308 1784.745 1784.182 1783.619 1783.056 1783.944 1785.835 1787.726 1789.616 1791.481 1792.18 1792.878 1793.576 1794.274 1793.303 1790.313 1787.322 1784.332 1781.341 1774.158 1766.421 1758.684 1750.946 1743.541 1736.861 1730.181
1868.629 1865.154 1861.602 1858.05 1854.499 1851.045 1848.165 1845.285 1842.405 1839.525 1836.981 1834.684 1832.387 1830.09 1827.795 1825.81 1823.826 1821.841 1819.856 1817.737 1815.446 1813.154 1810.863 1808.571 1806.527 1804.52 1802.513 1800.505 1798.718 1797.446 1796.173 1794.9 1793.627 1792.177 1790.661 1789.144 1787.628 1786.34 1786.244 1786.148 1786.052 1785.956 1787.114 1789.139 1791.164 1793.19 1795.182 1795.725 1796.267 1796.81 1797.353 1796.474 1793.875 1791.277 1788.678 1786.08 1778.444 1770.143 1761.842 1753.541 1745.688 1738.815 1731.942
1866.633 1863.331 1859.913 1856.495 1853.076 1849.775 1847.158 1844.542 1841.925 1839.308 1837.018 1834.968 1832.917 1830.867 1828.818 1826.965 1825.111 1823.258 1821.404 1819.339 1817.002 1814.664 1812.327 1809.99 1807.825 1805.687 1803.549 1801.41 1799.526 1798.235 1796.944 1795.653 1794.362 1792.99 1791.588 1790.186 1788.785 1787.642 1787.854 1788.066 1788.278 1788.489 1789.785 1791.831 1793.876 1795.922 1797.932 1798.34 1798.747 1799.155 1799.563 1798.756 1796.48 1794.203 1791.927 1789.65 1781.842 1773.303 1764.764 1756.224 1748.28 1741.636 1734.991
1862.768 1859.6 1856.215 1852.829 1849.443 1846.206 1843.841 1841.477 1839.112 1836.748 1834.809 1833.183 1831.557 1829.931 1828.307 1827.034 1825.76 1824.486 1823.213 1821.567 1819.445 1817.322 1815.2 1813.077 1810.88 1808.672 1806.464 1804.256 1802.276 1800.829 1799.382 1797.936 1796.489 1795.04 1793.59 1792.14 1790.69 1789.503 1789.693 1789.884 1790.074 1790.265 1791.425 1793.256 1795.086 1796.917 1798.715 1799.031 1799.348 1799.665 1799.981 1799.204 1797.105 1795.006 1792.906 1790.807 1783.404 1775.299 1767.195 1759.091 1751.79 1746.246 1740.703
