data/zism_data/00255_02_D.txt
ncols         224
nrows         224
[rows 168 to 195 of 224, columns 0 to 62 of 224]
3027.723 3027.057 3026.391 3025.761 3025.173 3024.585 3023.997 3023.409 3023.116 3022.846 3022.576 3022.305 3021.814 3020.98 3020.146 3019.311 3018.477 3017.703 3016.94 3016.177 3015.413 3014.574 3013.574 3012.574 3011.573 3010.573 3009.655 3008.759 3007.863 3006.967 3006.15 3005.576 3005.003 3004.429 3003.855 3003.531 3003.308 3003.085 3002.862 3002.642 3002.436 3002.229 3002.023 3001.817 3001.224 3000.411 2999.599 2998.786 2997.628 2993.406 2989.185 2984.963 2980.742 2974.095 2965.583 2957.071 2948.559 2940.089 2933.037 2925.985 2918.933 2911.88 2907.401
3029.219 3028.405 3027.59 3026.877 3026.281 3025.685 3025.089 3024.493 3024.169 3023.866 3023.563 3023.261 3022.732 3021.853 3020.973 3020.093 3019.213 3018.455 3017.717 3016.98 3016.243 3015.412 3014.384 3013.355 3012.326 3011.297 3010.386 3009.506 3008.627 3007.748 3006.94 3006.349 3005.759 3005.169 3004.578 3004.191 3003.887 3003.583 3003.28 3002.989 3002.762 3002.536 3002.309 3002.082 3001.669 3001.149 3000.63 3000.111 2999.25 2995.367 2991.484 2987.601 2983.719 2977.166 2968.56 2959.954 2951.348 2942.776 2935.342 2927.908 2920.474 2913.04 2908.262
3030.668 3029.8 3028.932 3028.158 3027.492 3026.826 3026.161 3025.495 3025.096 3024.719 3024.341 3023.963 3023.395 3022.531 3021.667 3020.804 3019.94 3019.166 3018.407 3017.648 3016.889 3016.045 3015.016 3013.987 3012.958 3011.93 3011.035 3010.177 3009.319 3008.461 3007.664 3007.052 3006.44 3005.829 3005.217 3004.763 3004.373 3003.983 3003.594 3003.223 3002.942 3002.662 3002.382 3002.102 3001.641 3001.079 3000.517 2999.955 2999.066 2995.285 2991.504 2987.723 2983.942 2977.391 2968.71 2960.029 2951.348 2942.7 2935.159 2927.617 2920.076 2912.535 2907.763
3032.117 3031.196 3030.274 3029.438 3028.703 3027.968 3027.232 3026.497 3026.024 3025.571 3025.118 3024.665 3024.058 3023.21 3022.363 3021.515 3020.667 3019.877 3019.097 3018.316 3017.536 3016.677 3015.648 3014.619 3013.591 3012.562 3011.684 3010.847 3010.011 3009.175 3008.388 3007.755 3007.122 3006.489 3005.855 3005.334 3004.858 3004.383 3003.907 3003.457 3003.123 3002.789 3002.455 3002.121 3001.614 3001.009 3000.404 2999.799 2998.882 2995.203 2991.523 2987.844 2984.165 2977.616 2968.86 2960.104 2951.348 2942.624 2934.976 2927.327 2919.678 2912.03 2907.265
3033.566 3032.591 3031.616 3030.719 3029.914 3029.109 3028.304 3027.499 3026.951 3026.423 3025.895 3025.368 3024.721 3023.889 3023.058 3022.226 3021.394 3020.588 3019.786 3018.985 3018.183 3017.309 3016.28 3015.252 3014.223 3013.194 3012.333 3011.518 3010.703 3009.888 3009.112 3008.458 3007.803 3007.148 3006.494 3005.905 3005.344 3004.783 3004.221 3003.69 3003.303 3002.916 3002.528 3002.14 3001.587 3000.939 3000.291 2999.643 2998.698 2995.12 2991.543 2987.966 2984.388 2977.841 2969.01 2960.179 2951.348 2942.548 2934.792 2927.037 2919.281 2911.525 2906.766
3035.015 3033.987 3032.958 3032.0 3031.125 3030.25 3029.376 3028.501 3027.878 3027.275 3026.673 3026.07 3025.384 3024.568 3023.752 3022.937 3022.121 3021.299 3020.476 3019.653 3018.83 3017.941 3016.913 3015.884 3014.855 3013.826 3012.982 3012.188 3011.395 3010.601 3009.836 3009.16 3008.484 3007.808 3007.132 3006.477 3005.83 3005.183 3004.535 3003.924 3003.483 3003.042 3002.601 3002.16 3001.56 3000.869 3000.178 2999.487 2998.514 2995.038 2991.563 2988.087 2984.612 2978.067 2969.16 2960.254 2951.348 2942.472 2934.609 2926.746 2918.883 2911.02 2906.268
3036.285 3035.226 3034.167 3033.168 3032.238 3031.308 3030.378 3029.449 3028.733 3028.035 3027.337 3026.638 3025.892 3025.072 3024.252 3023.432 3022.612 3021.768 3020.921 3020.073 3019.226 3018.326 3017.315 3016.304 3015.293 3014.282 3013.453 3012.675 3011.897 3011.119 3010.363 3009.671 3008.979 3008.287 3007.596 3006.9 3006.202 3005.505 3004.807 3004.142 3003.633 3003.124 3002.614 3002.105 3001.299 3000.324 2999.35 2998.375 2997.114 2993.309 2989.504 2985.699 2981.894 2975.219 2966.338 2957.457 2948.575 2939.735 2932.281 2924.828 2917.374 2909.92 2905.473
3037.407 3036.337 3035.267 3034.242 3033.27 3032.297 3031.324 3030.352 3029.529 3028.718 3027.907 3027.096 3026.273 3025.431 3024.59 3023.748 3022.907 3022.037 3021.163 3020.289 3019.414 3018.507 3017.528 3016.549 3015.57 3014.591 3013.778 3013.01 3012.243 3011.476 3010.725 3010.022 3009.32 3008.617 3007.915 3007.201 3006.482 3005.763 3005.044 3004.347 3003.757 3003.167 3002.578 3001.988 3000.845 2999.388 2997.932 2996.475 2994.71 2990.219 2985.728 2981.236 2976.745 2969.833 2961.059 2952.284 2943.51 2934.799 2928.181 2921.564 2914.946 2908.329 2904.432
3038.528 3037.448 3036.367 3035.317 3034.301 3033.285 3032.27 3031.254 3030.324 3029.401 3028.477 3027.553 3026.654 3025.791 3024.927 3024.065 3023.202 3022.306 3021.405 3020.504 3019.603 3018.687 3017.74 3016.794 3015.847 3014.9 3014.102 3013.346 3012.589 3011.833 3011.087 3010.374 3009.66 3008.947 3008.234 3007.502 3006.761 3006.021 3005.28 3004.552 3003.882 3003.212 3002.542 3001.871 3000.392 2998.452 2996.513 2994.574 2992.306 2987.129 2981.951 2976.774 2971.596 2964.447 2955.78 2947.112 2938.446 2929.862 2924.081 2918.3 2912.519 2906.737 2903.392
3039.65 3038.558 3037.467 3036.391 3035.333 3034.274 3033.216 3032.157 3031.119 3030.083 3029.047 3028.011 3027.034 3026.15 3025.265 3024.381 3023.497 3022.575 3021.647 3020.719 3019.791 3018.868 3017.953 3017.039 3016.124 3015.209 3014.427 3013.681 3012.935 3012.189 3011.449 3010.725 3010.001 3009.277 3008.553 3007.803 3007.041 3006.279 3005.517 3004.757 3004.006 3003.256 3002.505 3001.754 2999.938 2997.516 2995.095 2992.673 2989.902 2984.038 2978.175 2972.311 2966.448 2959.06 2950.5 2941.94 2933.381 2924.926 2919.981 2915.036 2910.091 2905.146 2902.351
3040.771 3039.669 3038.567 3037.465 3036.364 3035.263 3034.161 3033.06 3031.915 3030.766 3029.617 3028.469 3027.415 3026.509 3025.603 3024.697 3023.792 3022.844 3021.889 3020.935 3019.98 3019.048 3018.166 3017.283 3016.401 3015.518 3014.751 3014.016 3013.281 3012.546 3011.811 3011.076 3010.342 3009.607 3008.873 3008.104 3007.32 3006.537 3005.753 3004.962 3004.131 3003.3 3002.469 3001.638 2999.485 2996.581 2993.676 2990.772 2987.498 2980.948 2974.398 2967.849 2961.299 2953.673 2945.221 2936.768 2928.316 2919.989 2915.88 2911.772 2907.663 2903.554 2901.311
3041.851 3040.67 3039.49 3038.331 3037.197 3036.063 3034.929 3033.796 3032.568 3031.333 3030.098 3028.863 3027.697 3026.638 3025.58 3024.521 3023.463 3022.466 3021.479 3020.493 3019.506 3018.558 3017.692 3016.826 3015.96 3015.094 3014.367 3013.679 3012.992 3012.304 3011.613 3010.909 3010.206 3009.503 3008.799 3008.057 3007.3 3006.542 3005.784 3005.018 3004.206 3003.394 3002.582 3001.77 2999.494 2996.385 2993.276 2990.167 2986.674 2979.768 2972.862 2965.957 2959.051 2951.29 2942.871 2934.452 2926.034 2917.753 2914.082 2910.411 2906.74 2903.069 2901.076
3042.931 3041.669 3040.408 3039.191 3038.025 3036.859 3035.693 3034.528 3033.218 3031.897 3030.576 3029.255 3027.976 3026.762 3025.549 3024.335 3023.121 3022.074 3021.055 3020.036 3019.017 3018.052 3017.202 3016.352 3015.502 3014.652 3013.967 3013.328 3012.688 3012.049 3011.402 3010.73 3010.059 3009.388 3008.717 3008.003 3007.273 3006.542 3005.811 3005.07 3004.28 3003.489 3002.699 3001.908 2999.513 2996.206 2992.899 2989.592 2985.885 2978.63 2971.376 2964.122 2956.868 2948.974 2940.587 2932.201 2923.814 2915.577 2912.334 2909.093 2905.85 2902.608 2900.859
3044.01 3042.668 3041.326 3040.052 3038.853 3037.655 3036.457 3035.259 3033.868 3032.461 3031.054 3029.648 3028.256 3026.887 3025.517 3024.148 3022.779 3021.682 3020.631 3019.58 3018.529 3017.547 3016.713 3015.879 3015.045 3014.211 3013.567 3012.976 3012.385 3011.794 3011.191 3010.552 3009.913 3009.274 3008.635 3007.95 3007.246 3006.542 3005.837 3005.122 3004.353 3003.584 3002.815 3002.046 2999.533 2996.027 2992.522 2989.017 2985.096 2977.493 2969.891 2962.288 2954.686 2946.658 2938.303 2929.949 2921.594 2913.401 2910.587 2907.774 2904.961 2902.147 2900.642
3045.089 3043.667 3042.245 3040.912 3039.682 3038.451 3037.221 3035.991 3034.518 3033.025 3031.533 3030.041 3028.536 3027.011 3025.486 3023.961 3022.437 3021.289 3020.206 3019.123 3018.04 3017.041 3016.223 3015.406 3014.588 3013.77 3013.167 3012.625 3012.082 3011.539 3010.98 3010.373 3009.766 3009.159 3008.552 3007.896 3007.219 3006.541 3005.864 3005.175 3004.427 3003.679 3002.932 3002.185 2999.552 2995.848 2992.145 2988.441 2984.307 2976.355 2968.405 2960.454 2952.503 2944.342 2936.02 2927.697 2919.375 2911.225 2908.84 2906.456 2904.071 2901.687 2900.426
3045.945 3044.425 3042.905 3041.482 3040.171 3038.861 3037.55 3036.24 3034.703 3033.149 3031.595 3030.041 3028.462 3026.846 3025.229 3023.612 3021.996 3020.783 3019.639 3018.496 3017.352 3016.321 3015.533 3014.744 3013.956 3013.167 3012.61 3012.118 3011.625 3011.133 3010.622 3010.053 3009.485 3008.917 3008.349 3007.732 3007.094 3006.457 3005.82 3005.171 3004.464 3003.758 3003.052 3002.345 2999.776 2996.148 2992.52 2988.892 2984.822 2976.843 2968.863 2960.884 2952.904 2944.699 2936.322 2927.944 2919.566 2911.361 2908.948 2906.534 2904.12 2901.707 2900.43
3046.476 3044.833 3043.189 3041.631 3040.17 3038.709 3037.249 3035.788 3034.216 3032.635 3031.054 3029.474 3027.879 3026.262 3024.646 3023.029 3021.412 3020.113 3018.867 3017.621 3016.375 3015.291 3014.551 3013.81 3013.07 3012.33 3011.825 3011.386 3010.948 3010.509 3010.05 3009.53 3009.01 3008.49 3007.97 3007.409 3006.831 3006.252 3005.674 3005.085 3004.449 3003.812 3003.176 3002.539 3000.296 2997.139 2993.983 2990.826 2987.225 2979.679 2972.134 2964.589 2957.044 2948.925 2940.365 2931.804 2923.245 2914.843 2911.738 2908.633 2905.528 2902.422 2900.755
3047.008 3045.241 3043.474 3041.78 3040.169 3038.559 3036.948 3035.337 3033.729 3032.122 3030.514 3028.906 3027.295 3025.678 3024.062 3022.445 3020.829 3019.442 3018.094 3016.747 3015.399 3014.261 3013.569 3012.876 3012.185 3011.492 3011.041 3010.655 3010.27 3009.885 3009.478 3009.007 3008.535 3008.063 3007.592 3007.086 3006.567 3006.047 3005.528 3005.0 3004.433 3003.866 3003.3 3002.733 3000.815 2998.13 2995.446 2992.761 2989.627 2982.516 2975.405 2968.294 2961.183 2953.15 2944.408 2935.665 2926.923 2918.324 2914.528 2910.731 2906.935 2903.138 2901.081
3047.539 3045.649 3043.76 3041.929 3040.168 3038.408 3036.647 3034.886 3033.242 3031.608 3029.973 3028.339 3026.711 3025.095 3023.478 3021.862 3020.245 3018.771 3017.322 3015.873 3014.423 3013.23 3012.587 3011.943 3011.299 3010.655 3010.256 3009.924 3009.592 3009.261 3008.906 3008.483 3008.06 3007.636 3007.213 3006.763 3006.303 3005.843 3005.382 3004.915 3004.418 3003.921 3003.423 3002.926 3001.335 2999.122 2996.909 2994.696 2992.03 2985.353 2978.677 2972.0 2965.323 2957.375 2948.451 2939.526 2930.602 2921.806 2917.318 2912.83 2908.342 2903.854 2901.406
3048.071 3046.058 3044.044 3042.079 3040.168 3038.257 3036.346 3034.435 3032.755 3031.094 3029.433 3027.772 3026.128 3024.511 3022.895 3021.278 3019.662 3018.101 3016.549 3014.998 3013.447 3012.2 3011.604 3011.009 3010.414 3009.818 3009.471 3009.193 3008.915 3008.637 3008.335 3007.96 3007.584 3007.209 3006.834 3006.44 3006.039 3005.637 3005.236 3004.83 3004.403 3003.975 3003.547 3003.12 3001.854 3000.113 2998.372 2996.631 2994.433 2988.19 2981.948 2975.705 2969.462 2961.601 2952.494 2943.387 2934.28 2925.287 2920.108 2914.928 2909.749 2904.569 2901.731
3048.596 3046.559 3044.521 3042.521 3040.563 3038.606 3036.648 3034.691 3032.958 3031.243 3029.528 3027.813 3026.101 3024.395 3022.688 3020.981 3019.275 3017.591 3015.91 3014.23 3012.55 3011.218 3010.63 3010.042 3009.455 3008.867 3008.574 3008.363 3008.152 3007.941 3007.704 3007.386 3007.068 3006.75 3006.432 3006.084 3005.724 3005.363 3005.003 3004.637 3004.248 3003.859 3003.469 3003.08 3002.014 3000.565 2999.115 2997.666 2995.784 2990.074 2984.365 2978.656 2972.947 2965.252 2956.031 2946.809 2937.587 2928.464 2922.656 2916.848 2911.04 2905.232 2902.038
3049.121 3047.078 3045.035 3043.019 3041.035 3039.05 3037.066 3035.082 3033.292 3031.518 3029.744 3027.97 3026.181 3024.367 3022.553 3020.739 3018.925 3017.111 3015.297 3013.483 3011.669 3010.246 3009.658 3009.07 3008.482 3007.894 3007.656 3007.515 3007.374 3007.232 3007.062 3006.803 3006.544 3006.285 3006.026 3005.722 3005.399 3005.076 3004.753 3004.424 3004.067 3003.71 3003.353 3002.995 3002.105 3000.913 2999.721 2998.529 2996.934 2991.777 2986.62 2981.463 2976.305 2968.793 2959.47 2950.146 2940.823 2931.583 2925.159 2918.735 2912.31 2905.885 2902.341
3049.645 3047.597 3045.548 3043.517 3041.506 3039.495 3037.484 3035.473 3033.627 3031.794 3029.961 3028.128 3026.26 3024.339 3022.418 3020.497 3018.576 3016.632 3014.684 3012.735 3010.787 3009.273 3008.685 3008.097 3007.509 3006.922 3006.738 3006.666 3006.595 3006.523 3006.42 3006.22 3006.02 3005.82 3005.62 3005.359 3005.074 3004.789 3004.503 3004.211 3003.886 3003.561 3003.236 3002.911 3002.197 3001.262 3000.327 2999.392 2998.084 2993.479 2988.875 2984.269 2979.664 2972.335 2962.91 2953.484 2944.059 2934.703 2927.662 2920.621 2913.58 2906.539 2902.645
3050.169 3048.115 3046.062 3044.016 3041.978 3039.94 3037.902 3035.864 3033.961 3032.069 3030.177 3028.285 3026.34 3024.312 3022.283 3020.255 3018.227 3016.152 3014.07 3011.988 3009.906 3008.3 3007.712 3007.125 3006.537 3005.949 3005.82 3005.818 3005.816 3005.814 3005.778 3005.637 3005.496 3005.355 3005.214 3004.997 3004.749 3004.501 3004.253 3003.998 3003.705 3003.412 3003.119 3002.826 3002.288 3001.61 3000.932 3000.255 2999.235 2995.182 2991.129 2987.076 2983.023 2975.876 2966.349 2956.822 2947.295 2937.822 2930.164 2922.507 2914.849 2907.192 2902.948
3050.613 3048.547 3046.481 3044.411 3042.336 3040.261 3038.186 3036.111 3034.135 3032.167 3030.198 3028.23 3026.2 3024.075 3021.949 3019.824 3017.699 3015.522 3013.336 3011.15 3008.964 3007.291 3006.712 3006.133 3005.553 3004.974 3004.908 3004.985 3005.061 3005.138 3005.173 3005.081 3004.988 3004.896 3004.804 3004.63 3004.423 3004.215 3004.008 3003.79 3003.523 3003.257 3002.99 3002.724 3002.319 3001.837 3001.354 3000.872 3000.072 2996.464 2992.856 2989.249 2985.641 2978.642 2969.035 2959.427 2949.82 2940.255 2932.119 2923.982 2915.846 2907.709 2903.193
3050.841 3048.742 3046.644 3044.527 3042.387 3040.248 3038.109 3035.97 3033.875 3031.783 3029.691 3027.6 3025.468 3023.273 3021.078 3018.883 3016.688 3014.482 3012.275 3010.068 3007.86 3006.183 3005.635 3005.089 3004.542 3003.995 3004.015 3004.194 3004.372 3004.55 3004.667 3004.597 3004.526 3004.455 3004.384 3004.251 3004.092 3003.933 3003.773 3003.597 3003.342 3003.086 3002.83 3002.574 3002.191 3001.735 3001.279 3000.823 3000.063 2996.611 2993.159 2989.706 2986.254 2979.311 2969.682 2960.053 2950.424 2940.836 2932.592 2924.349 2916.105 2907.861 2903.28
3051.068 3048.938 3046.807 3044.643 3042.439 3040.236 3038.032 3035.828 3033.614 3031.399 3029.185 3026.97 3024.735 3022.47 3020.206 3017.941 3015.677 3013.442 3011.214 3008.985 3006.757 3005.074 3004.559 3004.045 3003.53 3003.015 3003.122 3003.403 3003.683 3003.963 3004.162 3004.113 3004.063 3004.014 3003.965 3003.872 3003.761 3003.65 3003.539 3003.405 3003.16 3002.915 3002.669 3002.424 3002.062 3001.633 3001.204 3000.775 3000.055 2996.758 2993.461 2990.164 2986.867 2979.979 2970.329 2960.679 2951.029 2941.416 2933.065 2924.715 2916.364 2908.013 2903.366
3051.295 3049.133 3046.97 3044.759 3042.491 3040.223 3037.955 3035.687 3033.354 3031.016 3028.678 3026.34 3024.003 3021.668 3019.334 3017.0 3014.665 3012.403 3010.153 3007.903 3005.653 3003.966 3003.483 3003.0 3002.518 3002.035 3002.229 3002.611 3002.993 3003.375 3003.656 3003.629 3003.601 3003.573 3003.545 3003.493 3003.43 3003.367 3003.304 3003.212 3002.978 3002.743 3002.509 3002.274 3001.933 3001.531 3001.129 3000.727 3000.046 2996.905 2993.763 2990.622 2987.48 2980.648 2970.977 2961.305 2951.633 2941.997 2933.539 2925.081 2916.622 2908.165 2903.453
