data/zism_data/00265_02_D.txt
ncols         224
nrows         224
[rows 140 to 167 of 224, columns 0 to 63 of 224]
200.0 200.0 200.0 200.0 200.0 200.0 200.0 200.0 200.0 200.0 200.0 200.0 200.0 202.2092 204.7496 207.2901 209.8307 217.0173 233.806 250.5952 267.3839 284.1732 295.6256 305.5958 315.5664 325.5366 331.9005 326.7894 321.6783 316.567 311.4559 311.7249 314.3477 316.9705 319.5934 320.8697 314.644 308.4182 302.1926 295.9667 286.9175 276.0533 265.1887 254.3244 244.3521 247.167 249.9818 252.7967 255.6115 253.4583 246.7508 240.0436 233.3364 226.6289 222.5225 218.4737 214.4251 210.3764 209.3285 212.1817 215.0349 217.888 220.7412 226.757
200.0 200.0 200.0 200.0 200.0 200.0 200.0 200.0 200.0 200.0 200.0 200.0 200.0 202.4329 205.2307 208.0285 210.8264 218.7231 237.1574 255.5923 274.0267 292.4616 305.1486 316.2392 327.3302 338.4208 345.768 341.2036 336.6393 332.0749 327.5106 328.826 332.714 336.6018 340.4898 342.7954 336.2857 329.7757 323.266 316.756 306.4503 293.7045 280.9582 268.2124 256.4553 258.8735 261.2917 263.7099 266.128 263.3377 255.7725 248.2076 240.6426 233.0775 228.2759 223.5356 218.7955 214.0553 213.043 216.8771 220.7113 224.5454 228.3795 236.4227
200.0 200.0 200.0 200.0 200.0 200.0 200.0 200.0 200.0 200.0 200.0 200.0 200.0 202.6567 205.7118 208.7669 211.8221 220.4288 240.5088 260.5894 280.6694 300.7501 314.6717 326.8827 339.0941 351.3051 359.6355 355.618 351.6004 347.5828 343.5652 345.9271 351.0802 356.2331 361.3862 364.7211 357.9273 351.1332 344.3394 337.5453 325.9831 311.3557 296.7278 282.1004 268.5585 270.5801 272.6016 274.6231 276.6446 273.217 264.7941 256.3715 247.9489 239.526 234.0293 228.5975 223.1658 217.7342 216.7576 221.5726 226.3878 231.2028 236.0179 246.0885
200.2637 200.177 200.0904 200.0038 200.0 200.0 200.0 200.0 200.0 200.0 200.0 200.0 200.0 203.9937 208.5863 213.179 217.7718 227.5401 248.0048 268.4702 288.9349 309.4004 322.9678 334.6195 346.2716 357.9233 366.0578 363.0009 359.9441 356.8871 353.8303 355.9451 360.3226 364.7 369.0776 371.6846 364.4286 357.1723 349.9163 342.66 331.2188 317.0874 302.9555 288.824 275.8009 278.6675 281.534 284.4005 287.267 284.8231 277.511 270.1991 262.8872 255.5751 250.1277 244.7214 239.3154 233.9093 233.4386 239.3837 245.3291 251.2743 257.2195 267.2361
200.5573 200.3742 200.1911 200.008 200.0 200.0 200.0 200.0 200.0 200.0 200.0 200.0 200.0 205.4575 211.7333 218.0092 224.2853 235.2667 255.9726 276.6792 297.3852 318.0918 331.1244 342.0255 352.9271 363.8282 371.6327 369.5836 367.5346 365.4854 363.4364 365.1568 368.5265 371.8961 375.2659 376.9451 369.2066 361.4678 353.7293 345.9905 334.8272 321.4624 308.0971 294.7322 282.49 286.343 290.1957 294.0487 297.9015 296.6257 290.6484 284.6713 278.6943 272.717 267.4034 262.1044 256.8056 251.5068 251.5954 258.6877 265.7803 272.8727 279.965 289.6905
200.851 200.5714 200.2918 200.0122 200.0 200.0 200.0 200.0 200.0 200.0 200.0 200.0 200.0 206.9212 214.8803 222.8395 230.7989 242.9932 263.9404 284.8882 305.8354 326.7833 339.2809 349.4315 359.5826 369.7332 377.2077 376.1664 375.1251 374.0837 373.0424 374.3685 376.7304 379.0923 381.4542 382.2056 373.9846 365.7634 357.5424 349.3211 338.4357 325.8374 313.2387 300.6404 289.1791 294.0184 298.8575 303.6968 308.5359 308.4283 303.7858 299.1436 294.5013 289.8589 284.6792 279.4874 274.2958 269.1042 269.7522 277.9917 286.2315 294.4709 302.7104 312.1449
201.1447 200.7686 200.3925 200.0163 200.0 200.0 200.0 200.0 200.0 200.0 200.0 200.0 200.0 208.3849 218.0273 227.6697 237.3124 250.7198 271.9082 293.0973 314.2856 335.4747 347.4374 356.8375 366.238 375.6382 382.7826 382.7491 382.7155 382.682 382.6485 383.5803 384.9344 386.2884 387.6425 387.4661 378.7626 370.0589 361.3555 352.6517 342.0441 330.2124 318.3803 306.5486 295.8683 301.6939 307.5193 313.3449 319.1704 320.2308 316.9233 313.6158 310.3083 307.0008 301.955 296.8705 291.7861 286.7017 287.9091 297.2957 306.6826 316.0692 325.4559 334.5994
202.7237 201.9631 201.2025 200.4419 200.3796 200.349 200.3184 200.2878 200.2587 200.2317 200.2047 200.1777 200.1507 209.7564 220.8066 231.8568 242.9074 257.28 278.5188 299.7584 320.9971 342.2367 353.7511 362.5646 371.3784 380.1918 387.0482 387.6768 388.3055 388.9342 389.5629 389.9212 390.1614 390.4015 390.6416 389.4413 380.2158 370.9899 361.7644 352.5386 342.5067 331.9563 321.4056 310.8553 301.4467 308.4081 315.3692 322.3306 329.2917 331.5185 329.4053 327.2923 325.1792 323.066 318.1494 313.1702 308.1913 303.2123 304.5836 314.2102 323.8372 333.4638 343.0905 351.6631
206.8454 205.1306 203.4159 201.7011 201.5101 201.3884 201.2667 201.145 201.0292 200.9218 200.8144 200.707 200.5996 210.9452 222.8585 234.7717 246.6854 261.533 282.4448 303.3573 324.2691 345.1817 356.4195 364.9703 373.5214 382.0722 388.7235 389.3308 389.938 390.5452 391.1524 390.5833 389.4993 388.4155 387.3315 384.9173 375.0914 365.2652 355.4393 345.6131 336.746 328.4953 320.2443 311.9936 304.8281 313.2207 321.613 330.0056 338.3979 341.7874 340.5909 339.3945 338.1981 337.0016 332.2044 327.3271 322.45 317.5728 318.3258 326.3979 334.4704 342.5425 350.6147 358.0627
210.967 208.2981 205.6292 202.9603 202.6407 202.4278 202.215 202.0022 201.7997 201.6118 201.4241 201.2362 201.0484 212.1341 224.9104 237.6866 250.4634 265.7859 286.3708 306.9563 327.5412 348.1267 359.0879 367.376 375.6644 383.9525 390.3989 390.9847 391.5705 392.1562 392.742 391.2452 388.8373 386.4294 384.0215 380.3934 369.9671 359.5405 349.1142 338.6876 330.9854 325.0344 319.0831 313.132 308.2095 318.0333 327.8568 337.6807 347.5042 352.0564 351.7766 351.4967 351.2169 350.9371 346.2595 341.484 336.7086 331.9333 332.068 338.5857 345.1035 351.6212 358.1389 364.4623
215.0887 211.4656 207.8426 204.2194 203.7712 203.4673 203.1633 202.8593 202.5701 202.3019 202.0337 201.7655 201.4973 213.323 226.9622 240.6015 254.2413 270.0389 290.2967 310.5553 330.8132 351.0717 361.7563 369.7817 377.8075 385.8329 392.0743 392.6386 393.2029 393.7672 394.3315 391.9073 388.1753 384.4434 380.7115 375.8695 364.8428 353.8158 342.7891 331.7621 325.2248 321.5734 317.9218 314.2704 311.5909 322.8459 334.1006 345.3557 356.6104 362.3254 362.9622 363.599 364.2358 364.8726 360.3145 355.6409 350.9674 346.2939 345.8102 350.7734 355.7367 360.6999 365.663 370.862
219.2103 214.6332 210.056 205.4786 204.9017 204.5067 204.1116 203.7165 203.3406 202.992 202.6434 202.2948 201.9462 214.5118 229.0141 243.5165 258.0193 274.2918 294.2227 314.1543 334.0852 354.0168 364.4247 372.1874 379.9505 387.7133 393.7497 394.2925 394.8354 395.3783 395.9211 392.5692 387.5132 382.4574 377.4014 371.3456 359.7185 348.0911 336.4641 324.8366 319.4642 318.1124 316.7605 315.4088 314.9723 327.6586 340.3445 353.0308 365.7167 372.5943 374.1478 375.7012 377.2546 378.8081 374.3696 369.7977 365.2261 360.6544 359.5524 362.9611 366.3699 369.7786 373.1872 377.2616
227.0634 222.3989 217.7344 213.0697 212.4653 212.0455 211.6257 211.2058 210.5612 209.5971 208.6331 207.669 206.7049 218.783 232.817 246.8509 260.8854 276.3813 294.8986 313.4165 331.9337 350.4516 360.6128 368.453 376.2935 384.1338 390.2686 390.9766 391.6847 392.3927 393.1008 389.5388 384.1086 378.6785 373.2482 366.9952 356.1572 345.3189 334.4809 323.6425 319.1481 318.7314 318.3147 317.898 318.3233 330.8191 343.3146 355.8104 368.3058 375.4214 377.6053 379.7892 381.9731 384.157 380.1685 376.0428 371.9173 367.7917 366.3092 368.2629 370.2166 372.1703 374.124 377.4987
236.0078 231.5094 227.011 222.5125 221.9103 221.4851 221.0599 220.6347 219.668 217.932 216.196 214.46 212.724 223.9556 237.1318 250.3081 263.4848 277.8382 294.624 311.4104 328.1962 344.9826 354.9059 362.923 370.9404 378.9576 385.2795 386.2073 387.1352 388.063 388.9908 385.4286 379.9019 374.3753 368.8485 362.6956 353.053 343.4101 333.7675 324.1246 320.4242 320.5436 320.663 320.7824 321.6654 333.4966 345.3273 357.1584 368.9891 376.0721 378.8028 381.5334 384.2641 386.9948 383.5531 379.9742 376.3954 372.8166 371.0232 371.551 372.0788 372.6066 373.1343 375.9335
244.9521 240.6199 236.2877 231.9553 231.3552 230.9246 230.494 230.0635 228.7749 226.267 223.759 221.2511 218.7431 229.1281 241.4467 253.7653 266.0843 279.295 294.3494 309.4043 324.4587 339.5137 349.199 357.393 365.5873 373.7813 380.2905 381.438 382.5856 383.7332 384.8808 381.3184 375.6952 370.0721 364.4488 358.3959 349.9488 341.5013 333.0542 324.6067 321.7004 322.3558 323.0113 323.6667 325.0075 336.174 347.34 358.5064 369.6725 376.7227 380.0003 383.2777 386.5551 389.8326 386.9377 383.9056 380.8735 377.8415 375.7372 374.8391 373.9409 373.0428 372.1447 374.3684
253.8964 249.7303 245.5643 241.3981 240.8001 240.3642 239.9283 239.4923 237.8817 234.6019 231.322 228.0421 224.7623 234.3007 245.7616 257.2224 268.6837 280.7518 294.0748 307.3983 320.7213 334.0447 343.4921 351.863 360.2342 368.6051 375.3014 376.6687 378.0361 379.4035 380.7709 377.2082 371.4884 365.7688 360.049 354.0963 346.8445 339.5926 332.3408 325.0888 322.9765 324.168 325.3596 326.5511 328.3497 338.8514 349.3527 359.8544 370.3558 377.3734 381.1977 385.0219 388.8461 392.6704 390.3223 387.8369 385.3517 382.8664 380.4511 378.1271 375.803 373.479 371.155 372.8032
260.7834 257.3816 253.9798 250.5778 250.0827 249.7198 249.3568 248.9938 247.1765 243.2927 239.4089 235.5249 231.6411 240.2257 250.6802 261.1347 271.5896 282.4034 293.9598 305.5166 317.073 328.6298 337.6504 345.9667 354.2833 362.5996 369.3275 371.0009 372.6743 374.3477 376.0211 372.6566 367.0876 361.5189 355.95 350.289 344.1135 337.9378 331.7623 325.5865 324.0663 325.5386 327.0109 328.4831 330.4885 340.1371 349.7854 359.434 369.0823 375.9689 380.3242 384.6792 389.0343 393.3895 391.5856 389.6447 387.704 385.7632 383.1996 379.8264 376.4531 373.0799 369.7067 371.0116
260.0095 259.5988 259.1882 258.7775 258.7611 258.7627 258.7642 258.7657 257.1712 253.3088 249.4465 245.584 241.7216 248.9525 257.847 266.7416 275.6365 284.7803 294.4391 304.0982 313.757 323.4162 331.3069 338.7065 346.1064 353.506 359.6865 361.9871 364.2876 366.5883 368.8889 366.461 361.9642 357.4676 352.9708 348.3149 342.772 337.2289 331.6859 326.1428 324.4621 325.2643 326.0665 326.8687 328.1462 336.2403 344.334 352.428 360.5218 366.9111 371.738 376.5648 381.3917 386.2186 384.9493 383.5446 382.1399 380.7351 378.6283 375.6089 372.5894 369.5701 366.5507 368.3766
259.2354 261.816 264.3966 266.9773 267.4395 267.8055 268.1716 268.5376 267.1659 263.325 259.4841 255.643 251.8021 257.6793 265.0139 272.3485 279.6834 287.1571 294.9184 302.6799 310.4411 318.2026 324.9634 331.4464 337.9295 344.4125 350.0454 352.9732 355.901 358.8288 361.7566 360.2654 356.8408 353.4162 349.9915 346.3409 341.4305 336.5199 331.6095 326.699 324.8579 324.99 325.1221 325.2542 325.804 332.3434 338.8827 345.4221 351.9613 357.8532 363.1519 368.4505 373.749 379.0477 378.3131 377.4444 376.5757 375.7071 374.0571 371.3915 368.7258 366.0602 363.3946 365.7416
258.4615 264.0332 269.605 275.177 276.118 276.8484 277.579 278.3095 277.1606 273.3411 269.5217 265.7021 261.8826 266.406 272.1807 277.9554 283.7303 289.534 295.3976 301.2615 307.1251 312.989 318.6199 324.1862 329.7526 335.3189 340.4044 343.9593 347.5143 351.0694 354.6243 354.0698 351.7173 349.3648 347.0123 344.3669 340.089 335.811 331.5332 327.2552 325.2538 324.7158 324.1777 323.6397 323.4618 328.4466 333.4313 338.4162 343.4008 348.7954 354.5658 360.3361 366.1064 371.8768 371.6768 371.3442 371.0116 370.679 369.4859 367.1741 364.8622 362.5504 360.2386 363.1066
257.6875 266.2505 274.8134 283.3767 284.7963 285.8913 286.9864 288.0814 287.1553 283.3573 279.5593 275.7611 271.9631 275.1328 279.3476 283.5623 287.7772 291.9109 295.877 299.8431 303.8092 307.7754 312.2764 316.926 321.5757 326.2253 330.7633 334.9455 339.1276 343.3099 347.4921 347.8743 346.5938 345.3135 344.0331 342.3928 338.7475 335.1021 331.4568 327.8114 325.6496 324.4415 323.2333 322.0252 321.1196 324.5498 327.9799 331.4102 334.8404 339.7375 345.9797 352.2217 358.4637 364.7059 365.0406 365.2441 365.4475 365.651 364.9146 362.9566 360.9985 359.0405 357.0825 360.4716
253.7255 263.629 273.5325 283.4363 285.6792 287.574 289.4688 291.3636 291.0985 287.7642 284.4299 281.0955 277.7612 280.177 283.4552 286.7334 290.0117 293.0873 295.7443 298.4014 301.0584 303.7155 307.0511 310.5751 314.0992 317.6233 321.429 326.1303 330.8317 335.5333 340.2346 341.2566 340.6687 340.0808 339.4929 338.4433 334.8211 331.1988 327.5766 323.9543 321.1754 318.9385 316.7016 314.4647 312.5294 314.917 317.3045 319.6922 322.0797 326.8624 333.841 340.8194 347.7978 354.7764 355.5834 356.2532 356.9231 357.5929 357.3361 355.8747 354.4131 352.9517 351.4902 355.6021
248.0443 258.398 268.7518 279.1059 282.358 285.2873 288.2166 291.1459 291.7781 289.1461 286.514 283.8818 281.2498 283.235 285.9129 288.5907 291.2686 293.6163 295.2817 296.9471 298.6125 300.278 302.4289 304.7146 307.0005 309.2862 312.26 317.4224 322.5847 327.7473 332.9097 334.4113 334.3112 334.2111 334.111 333.4284 329.5007 325.5728 321.6451 317.7173 314.0748 310.6158 307.1566 303.6975 300.5697 302.1908 303.8118 305.4329 307.0539 311.9287 319.7864 327.6439 335.5014 343.3592 344.6047 345.7035 346.8021 347.9008 348.1358 347.2479 346.3599 345.472 344.5841 349.5275
242.3631 253.1671 263.9712 274.7755 279.0367 283.0005 286.9645 290.9283 292.4578 290.528 288.5981 286.6682 284.7383 286.2931 288.3706 290.4481 292.5256 294.1453 294.8191 295.4929 296.1666 296.8404 297.8066 298.8542 299.9017 300.9492 303.0911 308.7144 314.3378 319.9614 325.5847 327.5659 327.9536 328.3413 328.729 328.4135 324.1803 319.9468 315.7136 311.4802 306.9742 302.293 297.6116 292.9304 288.61 289.4646 290.3191 291.1736 292.0281 296.9949 305.7318 314.4684 323.205 331.9419 333.6261 335.1537 336.6812 338.2087 338.9354 338.6211 338.3067 337.9923 337.678 343.453
236.6819 247.9362 259.1905 270.4452 275.7155 280.7138 285.7123 290.7107 293.1375 291.9098 290.6822 289.4545 288.2269 289.3512 290.8283 292.3054 293.7826 294.6743 294.3565 294.0386 293.7207 293.4028 293.1844 292.9937 292.8029 292.6122 293.9221 300.0065 306.0909 312.1754 318.2598 320.7206 321.5961 322.4716 323.3471 323.3986 318.8598 314.3209 309.7821 305.2431 299.8737 293.9702 288.0666 282.1631 276.6504 276.7384 276.8263 276.9143 277.0023 282.0612 291.6772 301.2929 310.9087 320.5247 322.6475 324.6039 326.5602 328.5166 329.7351 329.9943 330.2535 330.5127 330.7719 337.3784
231.0309 242.5636 254.0963 265.6294 271.9629 278.0601 284.1575 290.2547 293.6075 293.06 292.5125 291.965 291.4175 292.097 292.9606 293.8242 294.6878 294.8374 293.5114 292.1855 290.8595 289.5335 288.1401 286.728 285.3159 283.9038 284.3965 290.9499 297.5033 304.0569 310.6102 313.5067 314.8033 316.0999 317.3965 317.7533 312.8747 307.9959 303.1173 298.2385 292.0827 285.106 278.129 271.1522 264.592 264.0036 263.4152 262.8268 262.2384 267.3791 277.7719 288.1644 298.5568 308.9496 311.5327 313.9424 316.352 318.7616 320.4842 321.3137 322.1431 322.9726 323.802 331.1721
225.6944 235.7155 245.7365 255.7579 263.7177 271.5839 279.4503 287.3165 291.8936 291.7964 291.6992 291.6021 291.5049 291.5905 291.7037 291.8168 291.9299 291.1891 288.6839 286.1786 283.6733 281.168 278.7002 276.2427 273.7852 271.3278 271.1572 278.2627 285.3682 292.474 299.5795 302.4539 303.4771 304.5003 305.5235 305.5425 299.967 294.3913 288.8158 283.2401 277.102 270.6024 264.1025 257.6028 251.5057 251.1799 250.8542 250.5285 250.2028 255.3181 265.4214 275.5244 285.6273 295.7307 298.9997 302.117 305.2342 308.3514 310.7071 312.0725 313.4381 314.8036 316.1691 323.5926
220.358 228.8674 237.3767 245.8864 255.4726 265.1077 274.7432 284.3784 290.1798 290.5329 290.886 291.2392 291.5923 291.0841 290.4467 289.8094 289.1719 287.5409 283.8564 280.1717 276.4872 272.8025 269.2603 265.7575 262.2546 258.7518 257.9179 265.5756 273.2332 280.8911 288.5488 291.401 292.1508 292.9007 293.6505 293.3317 287.0593 280.7867 274.5143 268.2417 262.1213 256.0988 250.076 244.0534 238.4194 238.3563 238.2932 238.2302 238.1671 243.257 253.0708 262.8843 272.6979 282.5117 286.4667 290.2916 294.1164 297.9412 300.9299 302.8315 304.733 306.6346 308.5361 316.0132
