data/zism_data/00265_03_D.txt
ncols         224
nrows         224
[rows 28 to 55 of 224, columns 0 to 63 of 224]
398.7427 398.1519 397.5611 396.9702 396.5119 396.9373 397.3628 397.7882 398.2136 398.5974 398.9519 399.3064 399.6609 399.9992 399.9815 399.9639 399.9462 399.9285 400.5594 401.8389 403.1183 404.3978 405.6773 407.9621 410.2927 412.6232 414.9537 413.3161 406.0398 398.7633 391.487 384.2106 370.9166 356.7198 342.5231 328.3264 317.734 314.5906 311.4472 308.3038 305.1604 310.3008 317.7423 325.1837 332.6252 341.2946 353.871 366.4474 379.0238 391.6002 404.1438 416.673 429.2023 441.7314 452.5592 453.9069 455.2545 456.6022 457.9499 451.0799 438.9271 426.7744 414.6216 402.4406
391.828 392.0064 392.1847 392.3631 392.6815 393.9342 395.1869 396.4395 397.6922 398.4196 398.7773 399.1351 399.4928 399.8304 399.7224 399.6145 399.5066 399.3987 399.4103 399.5414 399.6726 399.8037 399.9348 401.279 402.6783 404.0775 405.4768 404.015 398.4874 392.9597 387.4322 381.9045 370.0547 357.2565 344.4583 331.6601 322.1803 319.5583 316.9365 314.3146 311.6927 318.8499 328.7235 338.597 348.4707 358.9748 371.4855 383.9961 396.5067 409.0173 419.4115 428.8796 438.3478 447.816 456.0499 457.4067 458.7636 460.1205 461.4774 455.6459 445.1935 434.7411 424.2886 413.679
383.7132 384.8242 385.9352 387.0463 388.301 390.5132 392.7253 394.9375 397.1497 398.2672 398.6142 398.9612 399.3083 399.6325 399.4549 399.2773 399.0997 398.9221 398.3843 397.4862 396.5881 395.6901 394.792 395.1582 395.5819 396.0056 396.4293 395.1697 391.5182 387.8667 384.2152 380.5637 370.2312 358.8963 347.5616 336.2268 327.929 325.9075 323.886 321.8645 319.843 329.0688 341.4189 353.769 366.1191 378.4216 390.5732 402.7246 414.8762 427.0276 435.1459 441.4996 447.8534 454.2071 459.807 461.2067 462.6065 464.0063 465.4061 460.7269 452.1399 443.553 434.966 426.0834
375.5983 377.6421 379.6858 381.7295 383.9203 387.0921 390.2638 393.4355 396.6073 398.1147 398.451 398.7874 399.1237 399.4346 399.1873 398.9401 398.6928 398.4455 397.3582 395.431 393.5037 391.5764 389.6492 389.0375 388.4856 387.9337 387.3817 386.3245 384.5491 382.7737 380.9983 379.2229 370.4076 360.5362 350.6649 340.7935 333.6777 332.2566 330.8355 329.4143 327.9932 339.2877 354.1143 368.9409 383.7675 397.8685 409.6609 421.4532 433.2456 445.0379 450.8803 454.1196 457.3589 460.5982 463.5641 465.0067 466.4494 467.8921 469.3348 465.8079 459.0863 452.3649 445.6433 438.4878
367.4834 370.4599 373.4363 376.4127 379.5398 383.6711 387.8023 391.9336 396.0648 397.9623 398.2879 398.6135 398.9391 399.2368 398.9198 398.6028 398.2859 397.969 396.3322 393.3758 390.4193 387.4628 384.5063 382.9167 381.3892 379.8617 378.3342 377.4792 377.5799 377.6807 377.7814 377.8821 370.584 362.1761 353.7682 345.3603 339.4265 338.6057 337.785 336.9642 336.1435 349.5067 366.8098 384.1128 401.416 417.3153 428.7486 440.1818 451.6151 463.0482 466.6147 466.7396 466.8644 466.9893 467.3212 468.8068 470.2923 471.7779 473.2635 470.8889 466.0328 461.1768 456.3207 450.8921
356.6333 360.8049 364.9765 369.1481 373.4603 378.7098 383.9594 389.2089 394.4584 396.8742 397.2959 397.7176 398.1393 398.5255 398.1312 397.737 397.3427 396.9485 394.7226 390.6652 386.6078 382.5504 378.493 376.3033 374.1984 372.0936 369.9888 369.573 371.5575 373.542 375.5265 377.511 371.7962 364.9265 358.0568 351.1871 346.5081 346.3564 346.2047 346.053 345.9014 360.6244 379.4793 398.334 417.189 434.0693 444.6673 455.2652 465.8632 476.4611 477.713 474.876 472.0389 469.2019 466.9697 468.1075 469.2453 470.3831 471.5209 470.2294 467.3761 464.5229 461.6696 458.1432
338.9101 344.9364 350.9627 356.9891 363.112 369.8786 376.6452 383.4118 390.1784 393.4348 394.221 395.0073 395.7935 396.5242 396.0334 395.5427 395.0519 394.5612 391.6465 386.3079 380.9693 375.6307 370.2921 368.4517 366.7704 365.0891 363.4077 364.0266 367.914 371.8015 375.689 379.5765 375.6109 370.4673 365.3238 360.1802 356.9389 357.6288 358.3188 359.0088 359.6987 374.0006 392.0836 410.1665 428.2495 444.0567 452.623 461.1891 469.7554 478.3217 477.1615 471.746 466.3304 460.9149 456.2943 456.1027 455.9111 455.7195 455.5279 455.1454 454.6401 454.1348 453.6295 452.4451
321.1868 329.0679 336.949 344.8301 352.7637 361.0474 369.3311 377.6148 385.8984 389.9954 391.1462 392.2969 393.4477 394.5229 393.9356 393.3484 392.7611 392.1739 388.5704 381.9506 375.3307 368.711 362.0911 360.6002 359.3423 358.0845 356.8267 358.4801 364.2706 370.061 375.8514 381.6419 379.4255 376.0081 372.5907 369.1733 367.3697 368.9013 370.4329 371.9645 373.4961 387.3769 404.688 421.9989 439.3101 454.0441 460.5786 467.1131 473.6477 480.1822 476.61 468.616 460.6219 452.6279 445.6189 444.0979 442.5769 441.0559 439.5349 440.0613 441.904 443.7467 445.5894 446.747
303.4636 313.1995 322.9352 332.6711 342.4154 352.2162 362.0169 371.8177 381.6185 386.5561 388.0713 389.5866 391.1019 392.5215 391.8378 391.1541 390.4704 389.7867 385.4943 377.5933 369.6922 361.7913 353.8902 352.7487 351.9143 351.08 350.2456 352.9337 360.6271 368.3205 376.0139 383.7074 383.2402 381.5489 379.8577 378.1664 377.8005 380.1737 382.547 384.9203 387.2935 400.7531 417.2923 433.8314 450.3706 464.0314 468.5343 473.0371 477.54 482.0428 476.0584 465.486 454.9134 444.3409 434.9435 432.0931 429.2427 426.3923 423.5418 424.9773 429.168 433.3586 437.5492 441.0489
285.7404 297.331 308.9215 320.5121 332.0671 343.385 354.7028 366.0207 377.3385 383.1167 384.9965 386.8763 388.7561 390.5202 389.74 388.9598 388.1796 387.3994 382.4182 373.236 364.0537 354.8716 345.6893 344.8971 344.4863 344.0754 343.6646 347.3872 356.9836 366.58 376.1764 385.7729 387.0548 387.0897 387.1246 387.1595 388.2313 391.4462 394.6611 397.876 401.0909 414.1293 429.8967 445.6638 461.4312 474.0188 476.49 478.9611 481.4323 483.9034 475.5069 462.356 449.2049 436.054 424.2681 420.0883 415.9084 411.7286 407.5488 409.8933 416.4319 422.9705 429.5091 435.3508
273.4308 285.1679 296.9049 308.6419 320.3367 331.7499 343.1631 354.5764 365.9896 372.103 374.4867 376.8705 379.2543 381.5055 380.8419 380.1783 379.5146 378.851 373.4947 363.4458 353.3969 343.348 333.2991 333.6339 334.4407 335.2475 336.0543 341.596 353.8662 366.1365 378.4067 390.677 394.0951 396.1854 398.2757 400.366 402.5176 404.7961 407.0745 409.3529 411.6313 423.3377 437.6629 451.9881 466.3133 477.6227 479.3366 481.0506 482.7645 484.4784 474.9632 460.5354 446.1075 431.6796 418.4709 412.0553 405.6396 399.2239 392.8083 393.9173 399.8637 405.8099 411.7563 417.187
263.1993 274.4271 285.6548 296.8826 308.0758 319.0388 330.0016 340.9646 351.9274 358.182 361.1233 364.0645 367.0058 369.799 369.3337 368.8684 368.4031 367.9378 362.3269 351.5704 340.8139 330.0574 319.3008 321.0611 323.3904 325.7196 328.0488 335.7108 350.9507 366.1908 381.4307 396.6707 402.3734 406.6455 410.9176 415.1897 418.2838 418.9433 419.6028 420.2623 420.9218 430.9463 443.5723 456.1981 468.8241 478.7765 480.2224 481.6682 483.1141 484.56 474.4225 459.2174 444.0122 428.8071 414.5462 405.5468 396.5473 387.5479 378.5484 377.599 381.8246 386.05 390.2755 394.2386
252.9677 263.6863 274.4048 285.1233 295.8149 306.3275 316.8401 327.3527 337.8653 344.2611 347.7599 351.2586 354.7574 358.0924 357.8254 357.5585 357.2916 357.0246 351.1591 339.695 328.2308 316.7668 305.3026 308.4884 312.3401 316.1917 320.0434 329.8257 348.0353 366.245 384.4547 402.6644 410.6516 417.1056 423.5594 430.0134 434.0499 433.0905 432.131 431.1716 430.2122 438.5549 449.4816 460.4082 471.3349 479.9302 481.1081 482.2859 483.4637 484.6416 473.8818 457.8994 441.9169 425.9345 410.6214 399.0383 387.455 375.8719 364.2886 361.2807 363.7854 366.2901 368.7948 371.2901
242.7362 252.9455 263.1547 273.364 283.554 293.6163 303.6786 313.7409 323.8031 330.3401 334.3964 338.4526 342.5089 346.3858 346.3172 346.2486 346.18 346.1115 339.9912 327.8196 315.6478 303.4761 291.3044 295.9156 301.2898 306.6638 312.038 323.9405 345.1198 366.2993 387.4786 408.6581 418.9299 427.5657 436.2014 444.8371 449.8161 447.2377 444.6593 442.081 439.5026 446.1635 455.3909 464.6182 473.8456 481.084 481.9938 482.9036 483.8134 484.7232 473.3411 456.5815 439.8216 423.062 406.6967 392.5298 378.3628 364.1959 350.0288 344.9624 345.7463 346.5302 347.3141 348.3416
236.4324 245.9715 255.5105 265.0496 274.5517 283.8082 293.0646 302.3211 311.5775 317.9463 322.2829 326.6194 330.9561 335.1041 335.1047 335.1053 335.106 335.1066 328.7297 315.9752 303.2207 290.4662 277.7117 283.4977 290.1266 296.7554 303.3842 317.1264 340.9767 364.8272 388.6775 412.528 425.0349 435.8403 446.6457 457.4512 463.4677 459.5872 455.7067 451.8262 447.9457 453.0719 460.6999 468.3278 475.9558 481.9413 482.701 483.4607 484.2204 484.9801 473.3182 456.222 439.1256 422.0294 405.0178 388.4789 371.9399 355.4011 338.8621 331.599 330.2988 328.9987 327.6986 326.8888
250.6601 258.6876 266.715 274.7424 282.5826 289.1749 295.7672 302.3594 308.9517 313.5341 316.7021 319.8701 323.0381 326.042 325.4369 324.8318 324.2267 323.6216 316.9767 304.2919 291.6071 278.9223 266.2374 271.8881 278.3722 284.8563 291.3404 305.4559 330.4158 355.3759 380.3358 405.2959 419.7793 432.6915 445.6035 458.5157 466.0673 462.5406 459.0139 455.4872 451.9605 456.3203 462.8709 469.4214 475.972 481.2492 482.4753 483.7013 484.9274 486.1534 476.002 460.8731 445.744 430.6151 415.079 397.2751 379.4711 361.6672 343.8632 333.6806 328.3976 323.1147 317.8317 313.252
264.8878 271.4037 277.9194 284.4352 290.6135 294.5416 298.4696 302.3977 306.3258 309.1219 311.1212 313.1206 315.12 316.9799 315.769 314.5583 313.3474 312.1367 305.2237 292.6086 279.9934 267.3783 254.7632 260.2784 266.6178 272.9572 279.2965 293.7855 319.8549 345.9246 371.994 398.0637 414.5238 429.5427 444.5614 459.5802 468.6669 465.494 462.3211 459.1482 455.9753 459.5688 465.0419 470.515 475.9881 480.5571 482.2495 483.9419 485.6343 487.3267 478.6858 465.5242 452.3625 439.2009 425.1402 406.0713 387.0022 367.9333 348.8643 335.7623 326.4964 317.2307 307.9648 299.6151
279.1156 284.1198 289.1239 294.1281 298.6443 299.9083 301.1721 302.436 303.7 304.7096 305.5404 306.3712 307.202 307.9177 306.1012 304.2847 302.4682 300.6517 293.4706 280.9253 268.3798 255.8344 243.2889 248.6687 254.8634 261.058 267.2527 282.115 309.294 336.4733 363.6523 390.8316 409.2683 426.3938 443.5192 460.6447 471.2665 468.4474 465.6283 462.8091 459.99 462.8172 467.2129 471.6086 476.0043 479.865 482.0238 484.1825 486.3413 488.5 481.3696 470.1753 458.9809 447.7866 435.2014 414.8675 394.5334 374.1994 353.8653 337.844 324.5952 311.3466 298.0978 285.9782
293.3433 296.8358 300.3283 303.8209 306.6752 305.2749 303.8746 302.4743 301.0741 300.2974 299.9596 299.6218 299.284 298.8556 296.4334 294.0111 291.5889 289.1667 281.7177 269.2419 256.7661 244.2905 231.8146 237.0591 243.109 249.1589 255.2088 270.4445 298.7331 327.022 355.3106 383.5995 404.0128 423.245 442.4771 461.7093 473.8661 471.4008 468.9354 466.4701 464.0047 466.0657 469.3839 472.7022 476.0204 479.1729 481.798 484.4231 487.0482 489.6733 484.0534 474.8264 465.5994 456.3723 445.2626 423.6636 402.0645 380.4655 358.8664 339.9257 322.694 305.4626 288.231 272.3413
309.7821 312.318 314.8539 317.3899 319.1921 316.103 313.0139 309.9247 306.8356 304.6171 303.0112 301.4054 299.7995 298.1088 294.5514 290.994 287.4367 283.8793 275.9906 263.7707 251.5507 239.3307 227.1107 231.2273 236.0865 240.9457 245.8049 259.9664 287.3465 314.7269 342.107 369.4873 390.4702 410.4936 430.5169 450.5403 463.4734 461.7533 460.0332 458.3131 456.593 458.1058 460.5166 462.9275 465.3383 467.8812 470.8444 473.8075 476.7706 479.7337 474.8063 466.4269 458.0474 449.6679 439.3069 417.9059 396.5047 375.1038 353.7026 334.1103 315.6806 297.2513 278.8217 261.7428
327.7039 329.6556 331.6072 333.5589 334.718 330.5943 326.4706 322.3468 318.2231 314.7937 311.853 308.9123 305.9716 302.9394 297.8918 292.8442 287.7966 282.749 274.3055 262.4662 250.6267 238.7874 226.948 229.2711 232.2379 235.2048 238.1716 250.288 275.406 300.5243 325.6423 350.7605 371.3691 391.3014 411.2335 431.1658 444.3661 443.6538 442.9415 442.2292 441.5169 442.6279 444.2454 445.8629 447.4803 449.4799 452.6949 455.91 459.1251 462.3402 457.5566 449.2736 440.9906 432.7076 422.6078 402.3862 382.1643 361.9427 341.7209 322.9978 305.2383 287.479 269.7195 253.1824
345.6258 346.9932 348.3605 349.7278 350.244 345.0856 339.9272 334.7688 329.6105 324.9703 320.6948 316.4193 312.1438 307.77 301.2321 294.6943 288.1565 281.6187 272.6203 261.1616 249.7028 238.2441 226.7852 227.3148 228.3894 229.4639 230.5384 240.6097 263.4656 286.3217 309.1776 332.0337 352.2679 372.1092 391.9502 411.7914 425.2589 425.5544 425.8498 426.1453 426.4408 427.15 427.9742 428.7982 429.6224 431.0785 434.5455 438.0125 441.4796 444.9466 440.3068 432.1204 423.9338 415.7474 405.9088 386.8665 367.8239 348.7816 329.739 311.8853 294.7959 277.7067 260.6173 244.6219
363.5477 364.3307 365.1137 365.8968 365.7699 359.5769 353.3839 347.1909 340.9979 335.1469 329.5366 323.9263 318.3159 312.6006 304.5724 296.5444 288.5164 280.4883 270.9352 259.8571 248.7789 237.7007 226.6225 225.3586 224.5408 223.723 222.9051 230.9314 251.5252 272.1191 292.7129 313.3069 333.1668 352.9169 372.6668 392.4169 406.1516 407.4549 408.7581 410.0615 411.3647 411.6721 411.7029 411.7336 411.7644 412.6771 416.3961 420.1151 423.8341 427.553 423.0571 414.9671 406.8771 398.7871 389.2098 371.3468 353.4836 335.6205 317.7573 300.7729 284.3535 267.9344 251.515 236.0614
380.6422 380.9229 381.2036 381.4843 380.7995 373.6783 366.5571 359.4359 352.3147 345.3474 338.4883 331.6293 324.7702 317.7973 308.3185 298.8398 289.361 279.8822 269.7694 259.0226 248.2756 237.5288 226.7819 223.7796 221.1293 218.479 215.8287 221.83 240.1253 258.4207 276.716 295.0114 314.4056 333.9648 353.5238 373.0829 387.0062 389.282 391.5579 393.8338 396.1096 395.9959 395.2185 394.441 393.6635 394.0096 397.9302 401.8509 405.7715 409.6921 405.3342 397.3544 389.3746 381.3948 372.0979 355.4634 338.8288 322.1944 305.5597 289.5082 273.8315 258.155 242.4783 227.6384
375.8922 377.8347 379.7771 381.7196 382.7253 377.4857 372.2461 367.0065 361.7669 356.1777 350.3426 344.5074 338.6722 332.661 322.7748 312.8887 303.0025 293.1164 282.3147 270.5976 258.8804 247.1633 235.4461 232.1606 229.2583 226.3561 223.4539 227.961 242.9971 258.0334 273.0695 288.1057 304.6182 321.3523 338.0862 354.8202 366.8535 369.1723 371.491 373.8098 376.1285 375.0844 373.1062 371.128 369.1497 368.3129 371.1078 373.9027 376.6977 379.4926 375.1202 367.6122 360.1041 352.5961 344.0842 329.9799 315.8754 301.7711 287.6666 274.2236 261.2058 248.1882 235.1704 222.8421
371.1422 374.7465 378.3507 381.955 384.6511 381.2931 377.9351 374.5771 371.2191 367.0081 362.1968 357.3856 352.5743 347.5247 337.2311 326.9376 316.6441 306.3506 294.86 282.1726 269.4852 256.7978 244.1103 240.5416 237.3874 234.2332 231.079 234.0921 245.869 257.6461 269.423 281.2 294.8308 308.7397 322.6486 336.5575 346.7009 349.0626 351.4242 353.7858 356.1474 354.1729 350.9939 347.8149 344.6359 342.6163 344.2855 345.9547 347.6238 349.293 344.9062 337.8699 330.8336 323.7974 316.0705 304.4963 292.922 281.3478 269.7735 258.939 248.5801 238.2213 227.8624 218.0459
366.3922 371.6583 376.9243 382.1903 386.5769 385.1005 383.6241 382.1477 380.6713 377.8385 374.0511 370.2637 366.4763 362.3884 351.6874 340.9866 330.2856 319.5847 307.4054 293.7477 280.0899 266.4323 252.7745 248.9226 245.5164 242.1103 238.7042 240.2232 248.7409 257.2588 265.7765 274.2943 285.0434 296.1272 307.2109 318.2948 326.5483 328.9528 331.3573 333.7618 336.1663 333.2614 328.8816 324.5019 320.1221 316.9197 317.4631 318.0066 318.55 319.0934 314.6922 308.1277 301.5631 294.9987 288.0568 279.0127 269.9686 260.9245 251.8804 243.6544 235.9544 228.2545 220.5545 213.2497
361.6423 368.5701 375.4978 382.4257 388.5027 388.9079 389.3131 389.7183 390.1235 388.6689 385.9054 383.1419 380.3784 377.2521 366.1437 355.0355 343.9272 332.8189 319.9507 305.3228 290.6947 276.0667 261.4386 257.3036 253.6455 249.9874 246.3293 246.3542 251.6128 256.8714 262.13 267.3886 275.256 283.5147 291.7733 300.032 306.3957 308.8431 311.2904 313.7378 316.1852 312.3499 306.7693 301.1888 295.6083 291.2231 290.6407 290.0585 289.4762 288.8939 284.4782 278.3855 272.2927 266.2 260.0431 253.5291 247.0152 240.5013 233.9873 228.3698 223.3287 218.2877 213.2466 208.4535
