data/zism_data/00267_03_D.txt
ncols         224
nrows         224
[rows 84 to 111 of 224, columns 130 to 194 of 224]
415.0955 411.0712 408.5875 406.1038 403.6202 401.1365 400.7227 401.0956 401.4684 401.8412 402.6038 405.0451 407.4865 409.9278 412.3692 412.2682 410.8113 409.3545 407.8976 406.5174 405.7216 404.9259 404.1302 403.3344 405.4253 409.6088 413.7924 417.9759 422.1547 426.2281 430.3016 434.3752 438.4487 441.8194 444.5072 447.1951 449.8829 452.5708 451.8407 451.0085 450.1764 449.3443 447.7649 445.2141 442.6634 440.1126 437.5618 436.4308 435.46 434.4893 433.5185 434.0347 437.1679 440.3011 443.4343 446.5675 451.8666 457.6216 463.3767 469.1317 474.889 480.6521 486.4151 492.1782 497.9413
411.3693 408.3126 406.44 404.5675 402.6949 400.8223 400.5069 400.7833 401.0596 401.3359 401.9373 403.9391 405.9409 407.9427 409.9446 409.8271 408.5792 407.3314 406.0836 404.9299 404.4933 404.0567 403.6201 403.1835 405.3072 409.287 413.2669 417.2467 421.2185 425.0132 428.808 432.6028 436.3976 439.4678 441.834 444.2002 446.5665 448.9327 448.3234 447.6253 446.9272 446.229 444.6881 442.0516 439.4151 436.7785 434.142 432.8577 431.7262 430.5946 429.463 429.9427 433.2582 436.5736 439.889 443.2045 448.6726 454.5938 460.515 466.4362 472.3178 478.1023 483.8868 489.6713 495.4558
407.643 405.554 404.2926 403.0311 401.7696 400.5082 400.2911 400.471 400.6508 400.8307 401.2709 402.8332 404.3954 405.9577 407.52 407.3859 406.3471 405.3084 404.2696 403.3423 403.2649 403.1874 403.11 403.0326 405.1891 408.9652 412.7414 416.5175 420.2824 423.7984 427.3144 430.8305 434.3465 437.1162 439.1608 441.2054 443.25 445.2946 444.8061 444.242 443.6779 443.1138 441.6113 438.889 436.1667 433.4444 430.7221 429.2847 427.9923 426.6999 425.4076 425.8507 429.3484 432.8461 436.3438 439.8415 445.4786 451.566 457.6534 463.7407 469.7466 475.5525 481.3584 487.1644 492.9703
403.9168 402.7955 402.1451 401.4948 400.8444 400.194 400.0753 400.1587 400.242 400.3254 400.6046 401.7272 402.8499 403.9726 405.0953 404.9447 404.115 403.2853 402.4556 401.7548 402.0365 402.3182 402.5999 402.8816 405.071 408.6435 412.2159 415.7884 419.3463 422.5835 425.8208 429.0581 432.2954 434.7646 436.4876 438.2106 439.9336 441.6566 441.2888 440.8588 440.4286 439.9985 438.5345 435.7264 432.9184 430.1103 427.3022 425.7116 424.2584 422.8053 421.3521 421.7587 425.4387 429.1187 432.7986 436.4785 442.2846 448.5381 454.7917 461.0452 467.1753 473.0027 478.8301 484.6574 490.4848
402.8412 402.0197 401.5473 401.0749 400.6025 400.1301 400.0428 400.1018 400.1609 400.2199 400.4365 401.3314 402.2262 403.1211 404.016 403.8848 403.2065 402.5281 401.8497 401.2863 401.5999 401.9135 402.2271 402.5407 404.5947 407.9105 411.2263 414.5421 417.8401 420.7456 423.6512 426.5568 429.4624 431.6953 433.2747 434.8542 436.4336 438.013 437.7386 437.4088 437.079 436.7493 435.3591 432.5903 429.8217 427.0529 424.2842 422.5617 420.9574 419.353 417.7486 418.0517 421.7118 425.3718 429.0319 432.692 438.5046 444.7703 451.0361 457.3018 463.3992 469.0844 474.7696 480.4548 486.14
402.0674 401.4696 401.1259 400.7821 400.4384 400.0947 400.0311 400.0741 400.1171 400.16 400.3251 401.0163 401.7075 402.3987 403.0898 402.9822 402.4486 401.9149 401.3813 400.9453 401.2535 401.5617 401.87 402.1782 404.0777 407.1308 410.1839 413.2371 416.2691 418.8369 421.4048 423.9726 426.5405 428.5444 430.0005 431.4567 432.9128 434.3689 434.1846 433.9513 433.718 433.4848 432.1724 429.4573 426.7422 424.0271 421.312 419.4601 417.7056 415.9512 414.1967 414.3885 418.0057 421.6229 425.2401 428.8572 434.658 440.9184 447.1787 453.439 459.4861 465.0105 470.5348 476.0592 481.5836
401.2935 400.9195 400.7044 400.4893 400.2743 400.0592 400.0195 400.0464 400.0732 400.1001 400.2138 400.7013 401.1887 401.6762 402.1636 402.0796 401.6907 401.3018 400.9129 400.6042 400.9071 401.2099 401.5128 401.8157 403.5606 406.3511 409.1415 411.932 414.6981 416.9282 419.1583 421.3884 423.6186 425.3935 426.7263 428.0592 429.392 430.7248 430.6306 430.4939 430.3571 430.2203 428.9858 426.3243 423.6628 421.0013 418.3398 416.3585 414.4539 412.5493 410.6448 410.7253 414.2996 417.8739 421.4482 425.0225 430.8114 437.0664 443.3214 449.5763 455.5729 460.9365 466.3 471.6636 477.0271
400.5197 400.3694 400.283 400.1966 400.1102 400.0238 400.0078 400.0186 400.0294 400.0402 400.1024 400.3862 400.67 400.9537 401.2375 401.1769 400.9328 400.6886 400.4445 400.2631 400.5606 400.8582 401.1556 401.4532 403.0436 405.5714 408.0992 410.6269 413.127 415.0194 416.9118 418.8042 420.6966 422.2426 423.4521 424.6617 425.8712 427.0807 427.0767 427.0364 426.9961 426.9558 425.7992 423.1913 420.5834 417.9755 415.3676 413.2568 411.2022 409.1475 407.0929 407.0621 410.5936 414.125 417.6564 421.1878 426.9648 433.2144 439.4641 445.7136 451.6598 456.8625 462.0652 467.268 472.4707
400.0 400.0 400.0 400.0 400.0 400.0 400.0 400.0 400.0 400.0 400.0257 400.1621 400.2985 400.4349 400.5713 400.5298 400.3934 400.257 400.1206 400.0316 400.3044 400.5772 400.85 401.1228 402.5148 404.7183 406.9218 409.1252 411.3017 412.8846 414.4674 416.0502 417.6331 418.9864 420.1166 421.2469 422.3771 423.5074 423.5827 423.6266 423.6705 423.7144 422.6554 420.1627 417.6701 415.1774 412.6848 410.5821 408.5235 406.4649 404.4063 404.3307 407.7453 411.1599 414.5744 417.989 423.6248 429.7283 435.8317 441.935 447.7333 452.7841 457.8347 462.8855 467.9362
400.0 400.0 400.0 400.0 400.0 400.0 400.0 400.0 400.0 400.0 400.0197 400.1239 400.2281 400.3323 400.4366 400.4048 400.3006 400.1964 400.0921 400.0242 400.2326 400.4411 400.6496 400.858 401.962 403.7152 405.4684 407.2216 408.9565 410.2873 411.6182 412.9492 414.2801 415.5146 416.6556 417.7965 418.9375 420.0785 420.2114 420.3143 420.4171 420.52 419.5992 417.3477 415.0963 412.8449 410.5934 408.7802 407.0164 405.2526 403.4888 403.5041 406.6507 409.7973 412.9438 416.0904 421.3209 426.9901 432.6594 438.3285 443.7796 448.6963 453.613 458.5297 463.4464
400.0 400.0 400.0 400.0 400.0 400.0 400.0 400.0 400.0 400.0 400.0136 400.0857 400.1577 400.2298 400.3018 400.2799 400.2079 400.1358 400.0637 400.0167 400.1609 400.305 400.4491 400.5933 401.4092 402.7121 404.015 405.318 406.6111 407.6901 408.769 409.848 410.9269 412.0428 413.1945 414.3462 415.4979 416.6496 416.8401 417.0019 417.1637 417.3255 416.5429 414.5327 412.5225 410.5123 408.5021 406.9782 405.5093 404.0403 402.5714 402.6776 405.5561 408.4346 411.3132 414.1917 419.0169 424.2519 429.487 434.7219 439.8258 444.6085 449.3912 454.1739 458.9566
400.0 400.0 400.0 400.0 400.0 400.0 400.0 400.0 400.0 400.0 400.0075 400.0474 400.0873 400.1273 400.1671 400.155 400.1151 400.0752 400.0353 400.0092 400.0891 400.1689 400.2487 400.3285 400.8564 401.709 402.5617 403.4143 404.2659 405.0929 405.9199 406.7469 407.5739 408.5711 409.7335 410.8959 412.0583 413.2207 413.4688 413.6895 413.9103 414.1311 413.4867 411.7177 409.9488 408.1798 406.4108 405.1763 404.0022 402.828 401.6539 401.851 404.4615 407.072 409.6825 412.2931 416.713 421.5138 426.3146 431.1154 435.8721 440.5208 445.1695 449.8181 454.4669
400.0 400.0 400.0 400.0 400.0 400.0 400.0 400.0 400.0 400.0 400.0015 400.0092 400.017 400.0247 400.0324 400.0301 400.0223 400.0146 400.0068 400.0018 400.0173 400.0328 400.0483 400.0638 400.3036 400.7059 401.1083 401.5107 401.9206 402.4957 403.0707 403.6458 404.2209 405.0993 406.2725 407.4456 408.6187 409.7918 410.0975 410.3772 410.6569 410.9367 410.4305 408.9027 407.375 405.8472 404.3195 403.3744 402.4951 401.6158 400.7364 401.0244 403.3669 405.7094 408.0519 410.3944 414.409 418.7756 423.1423 427.5088 431.9183 436.433 440.9477 445.4624 449.9771
400.0 400.0 400.0 400.0 400.0 400.0 400.0 400.0 400.0 400.0 400.0 400.0 400.0 400.0 400.0 400.0 400.0 400.0 400.0 400.0 400.0 400.0 400.0 400.0 400.1515 400.4129 400.6743 400.9356 401.2114 401.803 402.3947 402.9864 403.5781 404.4 405.4455 406.491 407.5365 408.582 408.6646 408.7184 408.7723 408.8262 408.3043 407.0341 405.7638 404.4935 403.2233 402.5034 401.8456 401.1879 400.5302 400.883 403.0145 405.1459 407.2773 409.4088 412.9406 416.7672 420.5939 424.4204 428.3864 432.6938 437.0013 441.3087 445.6161
400.0 400.0 400.0 400.0 400.0 400.0 400.0 400.0 400.0 400.0 400.0 400.0 400.0 400.0 400.0 400.0 400.0 400.0 400.0 400.0 400.0 400.0 400.0 400.0 400.1266 400.3452 400.5636 400.7821 401.0212 401.7148 402.4083 403.1018 403.7953 404.5804 405.4544 406.3283 407.2023 408.0763 407.8468 407.5844 407.322 407.0596 406.4732 405.4656 404.458 403.4504 402.4428 401.9278 401.4684 401.009 400.5496 400.959 402.8975 404.8359 406.7744 408.7129 411.7373 414.9904 418.2434 421.4964 424.9883 429.0652 433.1422 437.2191 441.2961
400.0 400.0 400.0 400.0 400.0 400.0 400.0 400.0 400.0 400.0 400.0 400.0 400.0 400.0 400.0 400.0 400.0 400.0 400.0 400.0 400.0 400.0 400.0 400.0 400.1018 400.2774 400.453 400.6286 400.8311 401.6265 402.4219 403.2172 404.0126 404.7608 405.4633 406.1657 406.8681 407.5705 407.029 406.4503 405.8717 405.2931 404.6421 403.8972 403.1523 402.4073 401.6624 401.3522 401.0912 400.8301 400.569 401.0349 402.7805 404.526 406.2715 408.017 410.534 413.2135 415.893 418.5724 421.5902 425.4366 429.2831 433.1295 436.976
400.0 400.0 400.0 400.0 400.0 400.0 400.0 400.0 400.0 400.0 400.0 400.0 400.0 400.0 400.0 400.0 400.0 400.0 400.0 400.0 400.0 400.0 400.0 400.0 400.0769 400.2097 400.3423 400.4751 400.641 401.5382 402.4354 403.3326 404.2298 404.9412 405.4721 406.003 406.5339 407.0648 406.2112 405.3163 404.4214 403.5265 402.8109 402.3287 401.8464 401.3642 400.8819 400.7766 400.7139 400.6512 400.5884 401.1109 402.6635 404.216 405.7685 407.321 409.3307 411.4366 413.5425 415.6484 418.192 421.808 425.4239 429.0399 432.6558
400.0 400.0 400.0 400.0 400.0 400.0 400.0 400.0 400.0 400.0 400.0 400.0 400.0 400.0 400.0 400.0 400.0 400.0 400.0 400.0 400.0 400.0 400.0 400.0 400.0768 400.2094 400.3419 400.4745 400.6552 401.8943 403.1335 404.3726 405.6118 406.5042 407.06 407.6157 408.1714 408.7271 407.3517 405.9188 404.4858 403.0529 402.0511 401.6096 401.1683 400.7269 400.2855 400.3278 400.4248 400.5217 400.6187 401.172 402.5284 403.8849 405.2415 406.598 408.1258 409.6897 411.2535 412.8174 414.901 418.258 421.6149 424.9719 428.3288
400.0 400.0 400.0 400.0 400.0 400.0 400.0 400.0 400.0 400.0 400.0 400.0 400.0 400.0 400.0 400.0 400.0 400.0 400.0 400.0 400.0 400.0 400.0 400.0 400.1825 400.4973 400.8121 401.127 401.5414 404.1475 406.7537 409.3598 411.9659 413.9698 415.3886 416.8074 418.2262 419.645 416.8528 413.9349 411.0171 408.0992 405.8642 404.5168 403.1694 401.8221 400.4747 400.4203 400.5119 400.6035 400.695 401.1692 402.3166 403.464 404.6115 405.7589 406.9138 408.0703 409.2267 410.3831 412.0671 415.0434 418.0198 420.9961 423.9725
400.0 400.0 400.0 400.0 400.0 400.0 400.0 400.0 400.0 400.0 400.0 400.0 400.0 400.0 400.0 400.0 400.0 400.0 400.0 400.0 400.0 400.0 400.0 400.0 400.2881 400.7852 401.2823 401.7794 402.4276 406.4007 410.3738 414.347 418.3201 421.4354 423.7172 425.9991 428.2809 430.5628 426.3538 421.951 417.5483 413.1455 409.6773 407.4239 405.1706 402.9172 400.6639 400.5128 400.599 400.6852 400.7714 401.1664 402.1047 403.0431 403.9814 404.9198 405.7018 406.4508 407.1999 407.9489 409.2332 411.8289 414.4247 417.0204 419.6161
400.0 400.0 400.0 400.0 400.0 400.0 400.0 400.0 400.0 400.0 400.0 400.0 400.0 400.0 400.0 400.0 400.0 400.0 400.0 400.0 400.0 400.0 400.0 400.0 400.3938 401.0732 401.7525 402.4318 403.3138 408.6539 413.994 419.3341 424.6743 428.9009 432.0459 435.1908 438.3358 441.4807 435.8548 429.9672 424.0795 418.1918 413.4904 410.3311 407.1718 404.0124 400.8531 400.6052 400.6861 400.7669 400.8478 401.1636 401.8929 402.6222 403.3515 404.0807 404.4898 404.8314 405.173 405.5146 406.3993 408.6144 410.8295 413.0446 415.2598
400.0 400.0 400.0 400.0 400.0 400.0 400.0 400.0 400.0 400.0 400.0 400.0 400.0 400.0 400.0 400.0 400.0 400.0 400.0 400.0 400.0 400.0 400.0 400.0 400.4995 401.3611 402.2227 403.0843 404.2 410.9071 417.6142 424.3213 431.0284 436.3665 440.3745 444.3825 448.3905 452.3986 445.3558 437.9833 430.6107 423.2381 417.3035 413.2382 409.1729 405.1076 401.0423 400.6977 400.7732 400.8487 400.9242 401.1608 401.681 402.2012 402.7215 403.2417 403.2778 403.212 403.1462 403.0804 403.5654 405.3999 407.2344 409.0689 410.9034
400.0 400.0 400.0 400.0 400.0 400.0 400.0 400.0 400.0 400.0 400.0 400.0 400.0 400.0 400.0 400.0 400.0 400.0 400.0 400.0 400.0 400.0 400.0 400.0 400.501 401.3653 402.2295 403.0938 404.2502 411.8319 419.4138 426.9956 434.5775 441.0239 446.3672 451.7105 457.0539 462.3972 454.6328 446.4771 438.3214 430.1657 423.2399 417.9127 412.5857 407.2585 401.9314 401.2866 401.1705 401.0544 400.9383 401.0023 401.3833 401.7643 402.1453 402.5263 402.4352 402.2447 402.0541 401.8636 402.1517 403.6122 405.0728 406.5333 407.9939
400.0 400.0 400.0 400.0 400.0 400.0 400.0 400.0 400.0 400.0 400.0 400.0 400.0 400.0 400.0 400.0 400.0 400.0 400.0 400.0 400.0 400.0 400.0 400.0 400.4389 401.1959 401.9529 402.71 403.7888 411.944 420.0995 428.2549 436.4103 443.9631 450.9307 457.8982 464.8657 471.8332 463.7724 455.2629 446.7535 438.2441 430.475 423.6684 416.8619 410.0553 403.2486 402.1792 401.7575 401.3359 400.9142 400.7484 401.033 401.3175 401.602 401.8865 401.8185 401.6762 401.534 401.3917 401.6068 402.6975 403.7882 404.8789 405.9695
400.0 400.0 400.0 400.0 400.0 400.0 400.0 400.0 400.0 400.0 400.0 400.0 400.0 400.0 400.0 400.0 400.0 400.0 400.0 400.0 400.0 400.0 400.0 400.0 400.3767 401.0266 401.6764 402.3262 403.3274 412.0562 420.7852 429.5141 438.2431 446.9024 455.4941 464.0858 472.6776 481.2693 472.912 464.0488 455.1856 446.3224 437.7101 429.424 421.1381 412.852 404.5659 403.0718 402.3446 401.6174 400.8902 400.4947 400.6827 400.8707 401.0587 401.2468 401.2018 401.1078 401.0138 400.9198 401.0619 401.7827 402.5036 403.2244 403.9452
400.0 400.0 400.0 400.0 400.0 400.0 400.0 400.0 400.0 400.0 400.0 400.0 400.0 400.0 400.0 400.0 400.0 400.0 400.0 400.0 400.0 400.0 400.0 400.0 400.3146 400.8572 401.3998 401.9424 402.866 412.1683 421.4709 430.7734 440.0759 449.8417 460.0576 470.2735 480.4894 490.7053 482.0516 472.8346 463.6177 454.4007 444.9453 435.1797 425.4143 415.6487 405.8831 403.9644 402.9317 401.899 400.8662 400.2408 400.3324 400.424 400.5155 400.6071 400.5852 400.5394 400.4936 400.4478 400.517 400.868 401.219 401.5699 401.9209
400.0 400.0 400.0 400.0 400.0 400.0 400.0 400.0 400.0 400.0 400.0 400.0 400.0 400.0 400.0 400.0 400.0 400.0 400.0 400.0 400.0 400.0 400.0 400.0 400.2715 400.7397 401.208 401.6763 402.5533 412.4221 422.2911 432.16 442.029 452.8305 464.5381 476.2456 487.9531 499.6607 490.7288 481.1808 471.6328 462.0848 451.8305 440.6581 429.4858 418.3133 407.1409 404.8174 403.4931 402.1688 400.8445 400.0004 400.0015 400.0026 400.0037 400.0048 400.014 400.025 400.0359 400.0469 400.0569 400.0645 400.0722 400.0799 400.0876
400.0 400.0 400.0 400.0 400.0 400.0 400.0 400.0 400.0 400.0 400.0 400.0 400.0 400.0 400.0 400.0 400.0 400.0 400.0 400.0 400.0 400.0 400.0 400.0 400.5822 401.5865 402.5908 403.5951 405.0037 415.3067 425.6098 435.913 446.2161 456.7395 467.4768 478.2141 488.9514 499.6888 490.8173 481.3604 471.9036 462.4467 452.2183 440.9869 429.7556 418.5242 407.2928 404.9344 403.5779 402.2215 400.865 400.0082 400.0307 400.0532 400.0758 400.0983 400.2884 400.5138 400.7391 400.9645 401.1703 401.328 401.4857 401.6435 401.8013
