data/zism_data/00262_01_D.txt
ncols         224
nrows         224
[rows 0 to 27 of 224, columns 63 to 125 of 224]
1400.0 1400.0 1400.0 1400.0 1400.0 1400.0 1400.0 1400.0 1400.0 1400.0 1400.0 1400.0 1400.0 1400.0 1400.0 1400.0 1400.0 1400.0 1400.0 1400.0 1400.028 1400.059 1400.089 1400.12 1400.142 1400.151 1400.16 1400.168 1400.177 1400.179 1400.179 1400.179 1400.179 1400.179 1400.179 1400.179 1400.179 1400.179 1400.179 1400.179 1400.179 1400.179 1400.189 1400.309 1400.429 1400.549 1400.669 1400.726 1400.726 1400.726 1400.726 1400.726 1400.783 1400.843 1400.903 1400.963 1401.0 1401.0 1401.0 1401.0 1401.0 1401.025 1401.055
1400.0 1400.0 1400.0 1400.0 1400.0 1400.0 1400.0 1400.0 1400.0 1400.0 1400.0 1400.0 1400.0 1400.0 1400.0 1400.0 1400.0 1400.0 1400.0 1400.0 1400.063 1400.131 1400.199 1400.267 1400.318 1400.337 1400.357 1400.376 1400.395 1400.399 1400.399 1400.399 1400.399 1400.399 1400.399 1400.399 1400.399 1400.399 1400.399 1400.399 1400.399 1400.399 1400.407 1400.495 1400.582 1400.67 1400.758 1400.8 1400.8 1400.8 1400.8 1400.8 1400.841 1400.885 1400.929 1400.973 1401.0 1401.0 1401.0 1401.0 1401.0 1401.055 1401.123
1400.0 1400.0 1400.0 1400.0 1400.0 1400.0 1400.0 1400.0 1400.0 1400.0 1400.0 1400.0 1400.0 1400.0 1400.0 1400.0 1400.0 1400.0 1400.0 1400.0 1400.099 1400.204 1400.31 1400.415 1400.493 1400.523 1400.553 1400.583 1400.614 1400.62 1400.62 1400.62 1400.62 1400.62 1400.62 1400.62 1400.62 1400.62 1400.62 1400.62 1400.62 1400.62 1400.625 1400.68 1400.736 1400.791 1400.847 1400.873 1400.873 1400.873 1400.873 1400.873 1400.9 1400.927 1400.955 1400.983 1401.0 1401.0 1401.0 1401.0 1401.0 1401.085 1401.191
1400.0 1400.0 1400.0 1400.0 1400.0 1400.0 1400.0 1400.0 1400.0 1400.0 1400.0 1400.0 1400.0 1400.0 1400.0 1400.0 1400.0 1400.0 1400.0 1400.0 1400.134 1400.277 1400.42 1400.563 1400.668 1400.709 1400.75 1400.791 1400.832 1400.84 1400.84 1400.84 1400.84 1400.84 1400.84 1400.84 1400.84 1400.84 1400.84 1400.84 1400.84 1400.84 1400.842 1400.866 1400.889 1400.912 1400.936 1400.947 1400.947 1400.947 1400.947 1400.947 1400.958 1400.969 1400.981 1400.993 1401.0 1401.0 1401.0 1401.0 1401.0 1401.116 1401.259
1400.0 1400.0 1400.0 1400.0 1400.0 1400.0 1400.0 1400.0 1400.0 1400.0 1400.0 1400.0 1400.0 1400.0 1400.0 1400.007 1400.02 1400.033 1400.047 1400.06 1400.21 1400.37 1400.53 1400.69 1400.808 1400.854 1400.899 1400.945 1400.991 1401.0 1401.0 1401.0 1401.0 1401.0 1401.0 1401.0 1401.0 1401.0 1401.0 1401.0 1401.0 1401.0 1401.0 1401.0 1401.0 1401.0 1401.0 1401.0 1401.0 1401.0 1401.0 1401.0 1401.0 1401.0 1401.0 1401.0 1401.005 1401.018 1401.032 1401.045 1401.058 1401.19 1401.35
1400.0 1400.0 1400.0 1400.0 1400.0 1400.0 1400.0 1400.0 1400.0 1400.0 1400.0 1400.0 1400.0 1400.0 1400.0 1400.031 1400.093 1400.154 1400.216 1400.277 1400.396 1400.518 1400.64 1400.763 1400.853 1400.888 1400.923 1400.958 1400.993 1401.0 1401.0 1401.0 1401.0 1401.0 1401.0 1401.0 1401.0 1401.0 1401.0 1401.0 1401.0 1401.0 1401.0 1401.0 1401.0 1401.0 1401.0 1401.0 1401.0 1401.0 1401.0 1401.0 1401.0 1401.0 1401.0 1401.0 1401.023 1401.085 1401.146 1401.208 1401.27 1401.38 1401.503
1400.0 1400.0 1400.0 1400.0 1400.0 1400.0 1400.0 1400.0 1400.0 1400.0 1400.0 1400.0 1400.0 1400.0 1400.0 1400.055 1400.165 1400.275 1400.385 1400.494 1400.581 1400.666 1400.751 1400.835 1400.898 1400.922 1400.947 1400.971 1400.995 1401.0 1401.0 1401.0 1401.0 1401.0 1401.0 1401.0 1401.0 1401.0 1401.0 1401.0 1401.0 1401.0 1401.0 1401.0 1401.0 1401.0 1401.0 1401.0 1401.0 1401.0 1401.0 1401.0 1401.0 1401.0 1401.0 1401.0 1401.042 1401.151 1401.261 1401.371 1401.481 1401.57 1401.655
1400.0 1400.0 1400.0 1400.0 1400.0 1400.0 1400.0 1400.0 1400.0 1400.0 1400.0 1400.0 1400.0 1400.0 1400.0 1400.08 1400.238 1400.396 1400.554 1400.712 1400.766 1400.814 1400.861 1400.908 1400.943 1400.957 1400.97 1400.984 1400.997 1401.0 1401.0 1401.0 1401.0 1401.0 1401.0 1401.0 1401.0 1401.0 1401.0 1401.0 1401.0 1401.0 1401.0 1401.0 1401.0 1401.0 1401.0 1401.0 1401.0 1401.0 1401.0 1401.0 1401.0 1401.0 1401.0 1401.0 1401.06 1401.218 1401.376 1401.534 1401.692 1401.76 1401.808
1400.0 1400.0 1400.0 1400.0 1400.0 1400.0 1400.0 1400.0 1400.0 1400.0 1400.0 1400.0 1400.0 1400.0 1400.0 1400.104 1400.31 1400.516 1400.723 1400.929 1400.952 1400.961 1400.971 1400.981 1400.988 1400.991 1400.994 1400.997 1400.999 1401.0 1401.0 1401.0 1401.0 1401.0 1401.0 1401.0 1401.0 1401.0 1401.0 1401.0 1401.0 1401.0 1401.0 1401.0 1401.0 1401.0 1401.0 1401.0 1401.0 1401.0 1401.0 1401.0 1401.0 1401.0 1401.0 1401.0 1401.078 1401.285 1401.491 1401.697 1401.903 1401.95 1401.96
1400.0 1400.0 1400.0 1400.0 1400.0 1400.0 1400.0 1400.0 1400.0 1400.0 1400.001 1400.013 1400.025 1400.036 1400.048 1400.159 1400.365 1400.573 1400.779 1400.986 1401.0 1401.0 1401.0 1401.0 1401.0 1401.0 1401.0 1401.0 1401.0 1401.0 1401.0 1401.0 1401.0 1401.0 1401.0 1401.0 1401.0 1401.0 1401.0 1401.0 1401.0 1401.0 1401.0 1401.0 1401.0 1401.0 1401.0 1401.008 1401.024 1401.04 1401.056 1401.072 1401.084 1401.096 1401.107 1401.119 1401.199 1401.39 1401.582 1401.773 1401.964 1402.0 1402.0
1400.0 1400.0 1400.0 1400.0 1400.0 1400.0 1400.0 1400.0 1400.0 1400.0 1400.002 1400.03 1400.058 1400.086 1400.114 1400.224 1400.415 1400.606 1400.797 1400.987 1401.0 1401.0 1401.0 1401.0 1401.0 1401.0 1401.0 1401.0 1401.0 1401.0 1401.0 1401.0 1401.0 1401.0 1401.0 1401.0 1401.0 1401.0 1401.0 1401.0 1401.0 1401.0 1401.0 1401.0 1401.0 1401.0 1401.0 1401.019 1401.057 1401.094 1401.131 1401.168 1401.197 1401.225 1401.253 1401.281 1401.356 1401.51 1401.664 1401.817 1401.971 1402.0 1402.0
1400.0 1400.0 1400.0 1400.0 1400.0 1400.0 1400.0 1400.0 1400.0 1400.0 1400.003 1400.047 1400.091 1400.135 1400.179 1400.289 1400.464 1400.639 1400.814 1400.989 1401.0 1401.0 1401.0 1401.0 1401.0 1401.0 1401.0 1401.0 1401.0 1401.0 1401.0 1401.0 1401.0 1401.0 1401.0 1401.0 1401.0 1401.0 1401.0 1401.0 1401.0 1401.0 1401.0 1401.0 1401.0 1401.0 1401.0 1401.03 1401.089 1401.148 1401.207 1401.265 1401.31 1401.354 1401.398 1401.442 1401.514 1401.63 1401.746 1401.862 1401.978 1402.0 1402.0
1400.0 1400.0 1400.0 1400.0 1400.0 1400.0 1400.0 1400.0 1400.0 1400.0 1400.004 1400.064 1400.125 1400.185 1400.245 1400.355 1400.513 1400.672 1400.831 1400.99 1401.0 1401.0 1401.0 1401.0 1401.0 1401.0 1401.0 1401.0 1401.0 1401.0 1401.0 1401.0 1401.0 1401.0 1401.0 1401.0 1401.0 1401.0 1401.0 1401.0 1401.0 1401.0 1401.0 1401.0 1401.0 1401.0 1401.0 1401.042 1401.122 1401.202 1401.282 1401.362 1401.423 1401.484 1401.544 1401.604 1401.671 1401.749 1401.828 1401.906 1401.985 1402.0 1402.0
1400.0 1400.0 1400.0 1400.0 1400.0 1400.0 1400.0 1400.0 1400.0 1400.0 1400.005 1400.081 1400.156 1400.231 1400.306 1400.416 1400.559 1400.703 1400.847 1400.991 1401.0 1401.0 1401.0 1401.0 1401.0 1401.0 1401.0 1401.0 1401.0 1401.0 1401.0 1401.0 1401.0 1401.0 1401.0 1401.0 1401.0 1401.0 1401.004 1401.009 1401.014 1401.02 1401.025 1401.03 1401.034 1401.038 1401.043 1401.093 1401.186 1401.279 1401.372 1401.465 1401.535 1401.605 1401.675 1401.744 1401.805 1401.852 1401.898 1401.945 1401.991 1402.002 1402.004
1400.0 1400.0 1400.0 1400.0 1400.0 1400.0 1400.0 1400.0 1400.0 1400.0 1400.006 1400.092 1400.178 1400.264 1400.35 1400.459 1400.592 1400.725 1400.858 1400.991 1401.0 1401.0 1401.0 1401.0 1401.0 1401.0 1401.0 1401.0 1401.0 1401.0 1401.0 1401.0 1401.0 1401.0 1401.0 1401.0 1401.0 1401.0 1401.021 1401.053 1401.086 1401.118 1401.15 1401.175 1401.201 1401.227 1401.253 1401.302 1401.374 1401.445 1401.517 1401.588 1401.643 1401.696 1401.75 1401.803 1401.85 1401.886 1401.922 1401.958 1401.993 1402.01 1402.023
1400.0 1400.0 1400.0 1400.0 1400.0 1400.0 1400.0 1400.0 1400.0 1400.0 1400.007 1400.104 1400.2 1400.297 1400.393 1400.503 1400.625 1400.747 1400.87 1400.992 1401.0 1401.0 1401.0 1401.0 1401.0 1401.0 1401.0 1401.0 1401.0 1401.0 1401.0 1401.0 1401.0 1401.0 1401.0 1401.0 1401.0 1401.0 1401.039 1401.098 1401.157 1401.216 1401.274 1401.321 1401.368 1401.416 1401.463 1401.512 1401.562 1401.612 1401.662 1401.712 1401.75 1401.787 1401.825 1401.862 1401.895 1401.92 1401.945 1401.97 1401.995 1402.019 1402.043
1400.0 1400.0 1400.0 1400.0 1400.0 1400.0 1400.0 1400.0 1400.0 1400.0 1400.008 1400.115 1400.222 1400.33 1400.437 1400.546 1400.658 1400.77 1400.881 1400.993 1401.0 1401.0 1401.0 1401.0 1401.0 1401.0 1401.0 1401.0 1401.0 1401.0 1401.0 1401.0 1401.0 1401.0 1401.0 1401.0 1401.0 1401.0 1401.056 1401.142 1401.228 1401.314 1401.398 1401.467 1401.536 1401.604 1401.673 1401.721 1401.75 1401.778 1401.807 1401.835 1401.857 1401.879 1401.9 1401.921 1401.94 1401.954 1401.969 1401.983 1401.997 1402.028 1402.062
1400.0 1400.0 1400.0 1400.0 1400.0 1400.0 1400.0 1400.0 1400.0 1400.0 1400.009 1400.127 1400.245 1400.363 1400.481 1400.59 1400.691 1400.792 1400.893 1400.993 1401.0 1401.0 1401.0 1401.0 1401.0 1401.0 1401.0 1401.0 1401.0 1401.0 1401.0 1401.0 1401.0 1401.0 1401.0 1401.0 1401.0 1401.0 1401.074 1401.187 1401.299 1401.412 1401.523 1401.613 1401.703 1401.793 1401.883 1401.93 1401.937 1401.945 1401.952 1401.959 1401.964 1401.97 1401.975 1401.98 1401.985 1401.989 1401.992 1401.996 1401.999 1402.036 1402.082
1400.0 1400.0 1400.0 1400.0 1400.0 1400.0 1400.014 1400.035 1400.057 1400.078 1400.106 1400.221 1400.335 1400.45 1400.564 1400.663 1400.746 1400.829 1400.912 1400.995 1401.0 1401.0 1401.0 1401.0 1401.0 1401.0 1401.0 1401.0 1401.0 1401.0 1401.0 1401.0 1401.0 1401.005 1401.026 1401.048 1401.069 1401.091 1401.173 1401.288 1401.402 1401.516 1401.628 1401.711 1401.794 1401.877 1401.96 1402.0 1402.0 1402.0 1402.0 1402.0 1402.0 1402.0 1402.0 1402.0 1402.0 1402.0 1402.0 1402.0 1402.0 1402.06 1402.133
1400.0 1400.0 1400.0 1400.0 1400.0 1400.0 1400.034 1400.088 1400.142 1400.195 1400.253 1400.356 1400.46 1400.564 1400.667 1400.75 1400.811 1400.873 1400.934 1400.996 1401.0 1401.0 1401.0 1401.0 1401.0 1401.0 1401.0 1401.0 1401.0 1401.0 1401.0 1401.0 1401.0 1401.012 1401.066 1401.119 1401.173 1401.227 1401.313 1401.417 1401.521 1401.624 1401.724 1401.786 1401.847 1401.909 1401.97 1402.0 1402.0 1402.0 1402.0 1402.0 1402.0 1402.0 1402.0 1402.0 1402.0 1402.0 1402.0 1402.0 1402.0 1402.09 1402.201
1400.0 1400.0 1400.0 1400.0 1400.0 1400.0 1400.055 1400.141 1400.227 1400.312 1400.399 1400.492 1400.585 1400.678 1400.771 1400.837 1400.877 1400.917 1400.957 1400.997 1401.0 1401.0 1401.0 1401.0 1401.0 1401.0 1401.0 1401.0 1401.0 1401.0 1401.0 1401.0 1401.0 1401.019 1401.105 1401.191 1401.277 1401.363 1401.453 1401.546 1401.639 1401.732 1401.82 1401.86 1401.901 1401.941 1401.981 1402.0 1402.0 1402.0 1402.0 1402.0 1402.0 1402.0 1402.0 1402.0 1402.0 1402.0 1402.0 1402.0 1402.0 1402.12 1402.269
1400.0 1400.0 1400.0 1400.0 1400.0 1400.0 1400.076 1400.194 1400.312 1400.43 1400.545 1400.627 1400.709 1400.792 1400.874 1400.924 1400.943 1400.961 1400.98 1400.999 1401.0 1401.0 1401.0 1401.0 1401.0 1401.0 1401.0 1401.0 1401.0 1401.0 1401.0 1401.0 1401.0 1401.027 1401.145 1401.263 1401.38 1401.498 1401.593 1401.675 1401.757 1401.84 1401.916 1401.935 1401.954 1401.972 1401.991 1402.0 1402.0 1402.0 1402.0 1402.0 1402.0 1402.0 1402.0 1402.0 1402.0 1402.0 1402.0 1402.0 1402.0 1402.151 1402.337
1400.0 1400.0 1400.0 1400.0 1400.0 1400.0 1400.095 1400.242 1400.389 1400.537 1400.678 1400.75 1400.821 1400.893 1400.964 1401.0 1401.0 1401.0 1401.0 1401.0 1401.0 1401.0 1401.0 1401.0 1401.0 1401.0 1401.0 1401.0 1401.0 1401.003 1401.008 1401.012 1401.016 1401.052 1401.196 1401.339 1401.483 1401.627 1401.723 1401.794 1401.865 1401.935 1402.0 1402.0 1402.0 1402.0 1402.0 1402.0 1402.0 1402.0 1402.0 1402.0 1402.001 1402.003 1402.004 1402.005 1402.01 1402.019 1402.028 1402.037 1402.046 1402.22 1402.433
1400.0 1400.0 1400.0 1400.0 1400.0 1400.0 1400.102 1400.26 1400.418 1400.576 1400.727 1400.787 1400.848 1400.909 1400.97 1401.0 1401.0 1401.0 1401.0 1401.0 1401.0 1401.0 1401.0 1401.0 1401.0 1401.0 1401.0 1401.0 1401.0 1401.029 1401.065 1401.102 1401.138 1401.195 1401.323 1401.45 1401.578 1401.706 1401.786 1401.841 1401.895 1401.95 1402.0 1402.0 1402.0 1402.0 1402.0 1402.0 1402.0 1402.0 1402.0 1402.0 1402.011 1402.024 1402.036 1402.048 1402.085 1402.164 1402.243 1402.322 1402.4 1402.548 1402.713
1400.0 1400.0 1400.0 1400.0 1400.0 1400.0 1400.108 1400.277 1400.446 1400.615 1400.775 1400.825 1400.875 1400.925 1400.975 1401.0 1401.0 1401.0 1401.0 1401.0 1401.0 1401.0 1401.0 1401.0 1401.0 1401.0 1401.0 1401.0 1401.0 1401.055 1401.123 1401.192 1401.26 1401.338 1401.45 1401.562 1401.673 1401.785 1401.849 1401.887 1401.926 1401.965 1402.0 1402.0 1402.0 1402.0 1402.0 1402.0 1402.0 1402.0 1402.0 1402.0 1402.022 1402.045 1402.067 1402.09 1402.161 1402.309 1402.458 1402.606 1402.755 1402.877 1402.993
1400.0 1400.0 1400.0 1400.0 1400.0 1400.0 1400.115 1400.295 1400.474 1400.654 1400.823 1400.862 1400.902 1400.941 1400.98 1401.0 1401.0 1401.0 1401.0 1401.0 1401.0 1401.0 1401.0 1401.0 1401.0 1401.0 1401.0 1401.0 1401.0 1401.08 1401.181 1401.281 1401.382 1401.482 1401.577 1401.673 1401.768 1401.864 1401.912 1401.934 1401.957 1401.979 1402.0 1402.0 1402.0 1402.0 1402.0 1402.0 1402.0 1402.0 1402.0 1402.0 1402.032 1402.065 1402.099 1402.132 1402.236 1402.454 1402.672 1402.891 1403.109 1403.205 1403.273
1400.0 1400.0 1400.0 1400.0 1400.0 1400.0 1400.122 1400.312 1400.503 1400.693 1400.871 1400.9 1400.928 1400.957 1400.986 1401.0 1401.0 1401.0 1401.0 1401.0 1401.0 1401.0 1401.0 1401.0 1401.0 1401.0 1401.0 1401.0 1401.0 1401.106 1401.239 1401.371 1401.504 1401.625 1401.704 1401.784 1401.863 1401.943 1401.974 1401.981 1401.988 1401.994 1402.0 1402.0 1402.0 1402.0 1402.0 1402.0 1402.0 1402.0 1402.0 1402.0 1402.042 1402.086 1402.13 1402.175 1402.312 1402.599 1402.887 1403.175 1403.463 1403.533 1403.553
1400.0 1400.0 1400.0 1400.0 1400.0 1400.0 1400.127 1400.325 1400.522 1400.72 1400.905 1400.926 1400.947 1400.968 1400.99 1401.0 1401.0 1401.0 1401.0 1401.0 1401.0 1401.0 1401.0 1401.0 1401.004 1401.013 1401.023 1401.032 1401.042 1401.16 1401.306 1401.452 1401.597 1401.725 1401.788 1401.851 1401.915 1401.978 1402.0 1402.0 1402.0 1402.0 1402.0 1402.0 1402.0 1402.0 1402.0 1402.003 1402.01 1402.016 1402.022 1402.029 1402.109 1402.192 1402.276 1402.359 1402.534 1402.856 1403.179 1403.501 1403.824 1403.903 1403.925
