data/zism_data/00266_04_D.txt
ncols         224
nrows         224
[rows 56 to 83 of 224, columns 126 to 188 of 224]
4792.906 4789.324 4785.741 4782.159 4778.813 4776.711 4774.61 4772.51 4770.409 4768.666 4767.133 4765.601 4764.068 4762.763 4763.472 4764.182 4764.891 4765.601 4767.704 4770.847 4773.991 4777.134 4780.312 4784.224 4788.137 4792.05 4795.962 4799.231 4801.893 4804.554 4807.215 4809.876 4811.884 4813.882 4815.881 4817.879 4819.689 4821.274 4822.859 4824.444 4826.029 4827.947 4829.892 4831.836 4833.78 4836.186 4839.289 4842.392 4845.495 4848.598 4849.813 4850.743 4851.674 4852.605 4853.262 4853.389 4853.516 4853.643 4853.769 4853.581 4853.32 4853.059 4852.798
4787.276 4783.997 4780.718 4777.439 4774.378 4772.466 4770.555 4768.644 4766.732 4765.121 4763.686 4762.25 4760.815 4759.609 4760.427 4761.245 4762.063 4762.88 4765.08 4768.31 4771.54 4774.77 4778.036 4782.101 4786.166 4790.229 4794.294 4797.586 4800.15 4802.714 4805.278 4807.841 4809.506 4811.158 4812.81 4814.461 4815.769 4816.666 4817.563 4818.46 4819.357 4821.04 4822.783 4824.527 4826.271 4828.567 4831.697 4834.827 4837.958 4841.087 4842.136 4842.872 4843.607 4844.343 4844.84 4844.875 4844.91 4844.944 4844.979 4844.928 4844.856 4844.785 4844.713
4782.427 4779.363 4776.299 4773.236 4770.359 4768.469 4766.578 4764.688 4762.797 4761.274 4759.967 4758.66 4757.353 4756.29 4757.395 4758.5 4759.605 4760.71 4763.113 4766.483 4769.854 4773.225 4776.627 4780.719 4784.81 4788.901 4792.992 4796.225 4798.647 4801.069 4803.492 4805.914 4807.252 4808.574 4809.896 4811.218 4812.113 4812.501 4812.889 4813.277 4813.666 4815.141 4816.701 4818.261 4819.822 4821.916 4824.817 4827.717 4830.618 4833.519 4834.394 4834.965 4835.536 4836.107 4836.484 4836.484 4836.484 4836.484 4836.484 4836.484 4836.484 4836.484 4836.484
4778.049 4775.148 4772.247 4769.346 4766.593 4764.621 4762.649 4760.677 4758.706 4757.245 4756.084 4754.923 4753.762 4752.871 4754.371 4755.872 4757.373 4758.873 4761.544 4765.088 4768.632 4772.176 4775.742 4779.785 4783.827 4787.87 4791.912 4795.034 4797.289 4799.543 4801.798 4804.052 4805.072 4806.075 4807.077 4808.079 4808.618 4808.605 4808.593 4808.58 4808.567 4809.853 4811.24 4812.626 4814.013 4815.85 4818.366 4820.882 4823.398 4825.914 4826.612 4827.037 4827.462 4827.887 4828.167 4828.167 4828.167 4828.167 4828.167 4828.167 4828.167 4828.167 4828.167
4773.671 4770.933 4768.194 4765.456 4762.826 4760.773 4758.72 4756.667 4754.614 4753.215 4752.201 4751.186 4750.171 4749.452 4751.348 4753.244 4755.14 4757.036 4759.975 4763.692 4767.41 4771.127 4774.857 4778.851 4782.844 4786.838 4790.832 4793.844 4795.93 4798.017 4800.104 4802.19 4802.893 4803.576 4804.258 4804.941 4805.123 4804.709 4804.296 4803.882 4803.469 4804.564 4805.778 4806.991 4808.205 4809.784 4811.916 4814.047 4816.178 4818.31 4818.83 4819.109 4819.388 4819.667 4819.85 4819.85 4819.85 4819.85 4819.85 4819.85 4819.85 4819.85 4819.85
4769.293 4766.717 4764.142 4761.565 4759.06 4756.925 4754.791 4752.657 4750.522 4749.186 4748.317 4747.449 4746.581 4746.032 4748.324 4750.615 4752.907 4755.198 4758.406 4762.296 4766.188 4770.078 4773.972 4777.917 4781.861 4785.806 4789.751 4792.654 4794.572 4796.491 4798.409 4800.328 4800.713 4801.077 4801.439 4801.803 4801.628 4800.813 4799.999 4799.185 4798.37 4799.276 4800.316 4801.356 4802.396 4803.718 4805.465 4807.212 4808.959 4810.706 4811.049 4811.181 4811.313 4811.446 4811.533 4811.533 4811.533 4811.533 4811.533 4811.533 4811.533 4811.533 4811.533
4764.899 4762.473 4760.046 4757.619 4755.227 4753.014 4750.8 4748.587 4746.374 4745.106 4744.391 4743.676 4742.962 4742.591 4745.27 4747.948 4750.626 4753.305 4756.768 4760.816 4764.864 4768.913 4772.954 4776.837 4780.721 4784.604 4788.487 4791.287 4793.062 4794.838 4796.613 4798.389 4798.486 4798.559 4798.631 4798.704 4798.206 4797.03 4795.853 4794.676 4793.5 4794.229 4795.107 4795.985 4796.863 4797.943 4799.327 4800.711 4802.096 4803.479 4803.66 4803.66 4803.66 4803.66 4803.66 4803.66 4803.66 4803.66 4803.66 4803.66 4803.66 4803.66 4803.66
4760.351 4757.946 4755.541 4753.136 4750.753 4748.485 4746.218 4743.951 4741.684 4740.539 4740.052 4739.564 4739.078 4738.942 4741.924 4744.905 4747.887 4750.869 4754.464 4758.518 4762.572 4766.626 4770.664 4774.363 4778.063 4781.762 4785.461 4788.221 4790.094 4791.967 4793.84 4795.713 4795.801 4795.863 4795.925 4795.987 4795.488 4794.322 4793.157 4791.991 4790.825 4791.505 4792.329 4793.152 4793.977 4794.963 4796.196 4797.428 4798.661 4799.893 4800.054 4800.054 4800.054 4800.054 4800.054 4800.054 4800.054 4800.054 4800.054 4800.054 4800.054 4800.054 4800.054
4755.803 4753.419 4751.036 4748.652 4746.279 4743.958 4741.636 4739.315 4736.993 4735.972 4735.712 4735.453 4735.193 4735.293 4738.578 4741.863 4745.148 4748.433 4752.161 4756.22 4760.28 4764.339 4768.375 4771.89 4775.405 4778.92 4782.435 4785.155 4787.126 4789.097 4791.067 4793.038 4793.117 4793.167 4793.218 4793.27 4792.77 4791.615 4790.46 4789.305 4788.15 4788.78 4789.55 4790.32 4791.09 4791.983 4793.064 4794.145 4795.226 4796.307 4796.447 4796.447 4796.447 4796.447 4796.447 4796.447 4796.447 4796.447 4796.447 4796.447 4796.447 4796.447 4796.447
4751.254 4748.893 4746.531 4744.169 4741.805 4739.43 4737.054 4734.678 4732.303 4731.405 4731.373 4731.34 4731.309 4731.644 4735.232 4738.82 4742.409 4745.997 4749.858 4753.923 4757.987 4762.052 4766.085 4769.416 4772.747 4776.078 4779.409 4782.09 4784.158 4786.226 4788.294 4790.362 4790.432 4790.472 4790.512 4790.552 4790.051 4788.907 4787.763 4786.619 4785.475 4786.056 4786.771 4787.487 4788.203 4789.003 4789.933 4790.862 4791.791 4792.72 4792.841 4792.841 4792.841 4792.841 4792.841 4792.841 4792.841 4792.841 4792.841 4792.841 4792.841 4792.841 4792.841
4746.706 4744.366 4742.026 4739.686 4737.332 4734.902 4732.472 4730.042 4727.612 4726.838 4727.033 4727.229 4727.424 4727.994 4731.886 4735.778 4739.669 4743.561 4747.555 4751.625 4755.695 4759.766 4763.795 4766.942 4770.089 4773.235 4776.382 4779.024 4781.189 4783.355 4785.521 4787.687 4787.747 4787.776 4787.805 4787.834 4787.333 4786.2 4785.067 4783.934 4782.8 4783.332 4783.993 4784.654 4785.316 4786.023 4786.801 4787.578 4788.356 4789.133 4789.234 4789.234 4789.234 4789.234 4789.234 4789.234 4789.234 4789.234 4789.234 4789.234 4789.234 4789.234 4789.234
4742.012 4739.663 4737.314 4734.965 4732.611 4730.231 4727.851 4725.471 4723.091 4722.494 4722.941 4723.389 4723.836 4724.649 4728.697 4732.745 4736.793 4740.841 4744.917 4749.014 4753.111 4757.208 4761.26 4764.324 4767.388 4770.451 4773.515 4776.111 4778.267 4780.423 4782.579 4784.735 4784.818 4784.87 4784.922 4784.974 4784.499 4783.395 4782.291 4781.187 4780.083 4780.521 4781.079 4781.637 4782.195 4782.796 4783.461 4784.127 4784.792 4785.458 4785.545 4785.545 4785.545 4785.545 4785.545 4785.545 4785.545 4785.545 4785.545 4785.545 4785.545 4785.545 4785.545
4737.206 4734.824 4732.443 4730.061 4727.701 4725.451 4723.201 4720.951 4718.701 4718.323 4719.041 4719.759 4720.478 4721.538 4725.629 4729.721 4733.812 4737.903 4742.023 4746.163 4750.304 4754.444 4758.537 4761.595 4764.653 4767.711 4770.77 4773.316 4775.38 4777.444 4779.508 4781.572 4781.701 4781.802 4781.903 4782.004 4781.574 4780.514 4779.453 4778.393 4777.332 4777.642 4778.06 4778.477 4778.894 4779.378 4779.962 4780.547 4781.131 4781.715 4781.792 4781.792 4781.792 4781.792 4781.792 4781.792 4781.792 4781.792 4781.792 4781.792 4781.792 4781.792 4781.792
4732.399 4729.985 4727.571 4725.157 4722.79 4720.67 4718.551 4716.431 4714.311 4714.151 4715.14 4716.129 4717.118 4718.427 4722.562 4726.696 4730.831 4734.965 4739.128 4743.312 4747.496 4751.679 4755.814 4758.867 4761.919 4764.972 4768.025 4770.521 4772.493 4774.465 4776.437 4778.408 4778.584 4778.734 4778.884 4779.033 4778.65 4777.633 4776.616 4775.598 4774.581 4774.764 4775.041 4775.317 4775.593 4775.96 4776.463 4776.966 4777.469 4777.972 4778.038 4778.038 4778.038 4778.038 4778.038 4778.038 4778.038 4778.038 4778.038 4778.038 4778.038 4778.038 4778.038
4727.593 4725.146 4722.7 4720.254 4717.88 4715.89 4713.9 4711.91 4709.92 4709.979 4711.239 4712.5 4713.759 4715.315 4719.493 4723.671 4727.85 4732.027 4736.233 4740.46 4744.688 4748.915 4753.09 4756.138 4759.185 4762.232 4765.28 4767.727 4769.606 4771.486 4773.365 4775.245 4775.468 4775.666 4775.865 4776.063 4775.726 4774.752 4773.778 4772.804 4771.83 4771.885 4772.021 4772.157 4772.292 4772.542 4772.964 4773.386 4773.808 4774.229 4774.285 4774.285 4774.285 4774.285 4774.285 4774.285 4774.285 4774.285 4774.285 4774.285 4774.285 4774.285 4774.285
4722.8 4720.335 4717.871 4715.406 4713.041 4711.195 4709.349 4707.503 4705.658 4705.94 4707.471 4709.0 4710.531 4712.333 4716.544 4720.755 4724.967 4729.178 4733.418 4737.678 4741.939 4746.2 4750.407 4753.443 4756.479 4759.515 4762.551 4764.945 4766.732 4768.519 4770.306 4772.093 4772.36 4772.604 4772.849 4773.094 4772.8 4771.866 4770.932 4769.998 4769.063 4768.99 4768.983 4768.977 4768.97 4769.102 4769.44 4769.779 4770.119 4770.458 4770.501 4770.501 4770.501 4770.501 4770.501 4770.501 4770.501 4770.501 4770.501 4770.501 4770.501 4770.501 4770.501
4718.343 4716.247 4714.15 4712.054 4710.082 4708.762 4707.442 4706.122 4704.801 4705.435 4707.214 4708.994 4710.773 4712.775 4716.754 4720.732 4724.71 4728.689 4732.699 4736.732 4740.765 4744.798 4748.78 4751.648 4754.517 4757.385 4760.253 4762.512 4764.196 4765.88 4767.564 4769.249 4769.493 4769.716 4769.938 4770.162 4769.832 4768.843 4767.855 4766.866 4765.878 4765.634 4765.449 4765.264 4765.079 4765.053 4765.267 4765.481 4765.696 4765.91 4765.938 4765.938 4765.938 4765.938 4765.938 4765.938 4765.938 4765.938 4765.938 4765.938 4765.938 4765.938 4765.938
4713.886 4712.158 4710.43 4708.703 4707.124 4706.329 4705.534 4704.739 4703.945 4704.93 4706.958 4708.987 4711.015 4713.218 4716.963 4720.709 4724.454 4728.2 4731.979 4735.785 4739.591 4743.396 4747.154 4749.854 4752.554 4755.254 4757.955 4760.079 4761.661 4763.242 4764.823 4766.404 4766.625 4766.827 4767.028 4767.229 4766.863 4765.82 4764.778 4763.735 4762.692 4762.279 4761.916 4761.551 4761.188 4761.004 4761.094 4761.184 4761.273 4761.363 4761.375 4761.375 4761.375 4761.375 4761.375 4761.375 4761.375 4761.375 4761.375 4761.375 4761.375 4761.375 4761.375
4709.429 4708.07 4706.71 4705.351 4704.165 4703.896 4703.626 4703.357 4703.088 4704.425 4706.702 4708.98 4711.257 4713.661 4717.173 4720.686 4724.198 4727.71 4731.261 4734.839 4738.417 4741.995 4745.527 4748.06 4750.592 4753.124 4755.656 4757.646 4759.125 4760.604 4762.082 4763.56 4763.759 4763.938 4764.118 4764.297 4763.894 4762.797 4761.701 4760.604 4759.507 4758.924 4758.381 4757.839 4757.296 4756.956 4756.921 4756.886 4756.851 4756.816 4756.812 4756.812 4756.812 4756.812 4756.812 4756.812 4756.812 4756.812 4756.812 4756.812 4756.812 4756.812 4756.812
4704.972 4703.981 4702.99 4701.999 4701.207 4701.463 4701.719 4701.976 4702.231 4703.919 4706.446 4708.973 4711.5 4714.103 4717.383 4720.662 4723.942 4727.222 4730.542 4733.892 4737.243 4740.593 4743.901 4746.265 4748.629 4750.994 4753.358 4755.214 4756.589 4757.965 4759.34 4760.716 4760.891 4761.049 4761.207 4761.365 4760.925 4759.774 4758.624 4757.473 4756.321 4755.569 4754.847 4754.126 4753.404 4752.907 4752.748 4752.588 4752.429 4752.27 4752.249 4752.249 4752.249 4752.249 4752.249 4752.249 4752.249 4752.249 4752.249 4752.249 4752.249 4752.249 4752.249
4702.141 4701.438 4700.735 4700.033 4699.533 4700.097 4700.662 4701.227 4701.792 4703.681 4706.347 4709.013 4711.679 4714.386 4717.458 4720.529 4723.601 4726.672 4729.751 4732.835 4735.92 4739.004 4742.052 4744.292 4746.533 4748.773 4751.014 4752.749 4754.008 4755.267 4756.526 4757.785 4757.932 4758.063 4758.193 4758.324 4757.872 4756.728 4755.583 4754.438 4753.293 4752.449 4751.629 4750.808 4749.988 4749.358 4749.016 4748.675 4748.333 4747.991 4747.889 4747.823 4747.757 4747.691 4747.648 4747.648 4747.648 4747.648 4747.648 4747.729 4747.827 4747.926 4748.025
4700.888 4700.396 4699.905 4699.414 4699.106 4699.769 4700.431 4701.093 4701.755 4703.701 4706.4 4709.099 4711.797 4714.515 4717.402 4720.289 4723.176 4726.063 4728.89 4731.671 4734.453 4737.233 4739.988 4742.147 4744.306 4746.465 4748.624 4750.253 4751.382 4752.511 4753.64 4754.769 4754.882 4754.98 4755.078 4755.176 4754.737 4753.657 4752.578 4751.498 4750.418 4749.559 4748.717 4747.875 4747.032 4746.294 4745.714 4745.134 4744.554 4743.974 4743.728 4743.532 4743.336 4743.14 4743.011 4743.011 4743.011 4743.011 4743.011 4743.25 4743.543 4743.837 4744.131
4699.635 4699.354 4699.075 4698.794 4698.681 4699.44 4700.2 4700.959 4701.719 4703.722 4706.453 4709.184 4711.915 4714.643 4717.346 4720.049 4722.752 4725.456 4728.03 4730.507 4732.985 4735.463 4737.923 4740.001 4742.079 4744.157 4746.235 4747.757 4748.756 4749.755 4750.754 4751.753 4751.832 4751.898 4751.963 4752.029 4751.602 4750.587 4749.573 4748.558 4747.543 4746.668 4745.804 4744.94 4744.077 4743.231 4742.413 4741.594 4740.776 4739.958 4739.567 4739.241 4738.915 4738.589 4738.375 4738.375 4738.375 4738.375 4738.375 4738.771 4739.26 4739.749 4740.238
4698.381 4698.313 4698.244 4698.175 4698.254 4699.111 4699.969 4700.826 4701.683 4703.742 4706.506 4709.27 4712.033 4714.771 4717.291 4719.81 4722.328 4724.847 4727.169 4729.343 4731.518 4733.692 4735.859 4737.855 4739.852 4741.849 4743.845 4745.262 4746.13 4747.0 4747.868 4748.737 4748.783 4748.816 4748.849 4748.882 4748.467 4747.517 4746.567 4745.618 4744.668 4743.778 4742.892 4742.007 4741.121 4740.167 4739.11 4738.054 4736.997 4735.94 4735.406 4734.95 4734.494 4734.038 4733.738 4733.738 4733.738 4733.738 4733.738 4734.292 4734.977 4735.661 4736.345
4697.128 4697.271 4697.414 4697.556 4697.828 4698.783 4699.738 4700.692 4701.647 4703.763 4706.559 4709.355 4712.151 4714.9 4717.235 4719.569 4721.904 4724.239 4726.308 4728.179 4730.05 4731.921 4733.794 4735.71 4737.625 4739.541 4741.456 4742.766 4743.505 4744.244 4744.982 4745.721 4745.733 4745.733 4745.734 4745.735 4745.332 4744.447 4743.562 4742.678 4741.793 4740.887 4739.98 4739.073 4738.166 4737.104 4735.809 4734.514 4733.218 4731.923 4731.245 4730.659 4730.073 4729.487 4729.101 4729.101 4729.101 4729.101 4729.101 4729.814 4730.693 4731.572 4732.451
4696.606 4696.801 4696.996 4697.191 4697.498 4698.396 4699.295 4700.193 4701.092 4703.07 4705.682 4708.293 4710.904 4713.482 4715.765 4718.048 4720.331 4722.614 4724.6 4726.364 4728.127 4729.892 4731.656 4733.448 4735.24 4737.032 4738.823 4740.036 4740.704 4741.371 4742.038 4742.705 4742.714 4742.714 4742.714 4742.714 4742.333 4741.498 4740.662 4739.827 4738.991 4737.985 4736.966 4735.947 4734.928 4733.766 4732.386 4731.006 4729.626 4728.247 4727.444 4726.728 4726.012 4725.296 4724.837 4724.874 4724.911 4724.948 4724.985 4726.156 4727.59 4729.025 4730.459
4696.1 4696.344 4696.587 4696.831 4697.169 4698.008 4698.847 4699.686 4700.525 4702.362 4704.784 4707.206 4709.627 4712.03 4714.264 4716.499 4718.732 4720.967 4722.873 4724.534 4726.195 4727.855 4729.517 4731.184 4732.851 4734.518 4736.185 4737.302 4737.898 4738.495 4739.092 4739.688 4739.697 4739.697 4739.697 4739.697 4739.338 4738.551 4737.764 4736.978 4736.191 4735.083 4733.95 4732.817 4731.685 4730.421 4728.96 4727.499 4726.038 4724.577 4723.651 4722.805 4721.959 4721.113 4720.581 4720.656 4720.731 4720.806 4720.881 4722.517 4724.514 4726.512 4728.509
4695.594 4695.886 4696.179 4696.471 4696.841 4697.62 4698.4 4699.179 4699.958 4701.654 4703.886 4706.118 4708.35 4710.578 4712.763 4714.949 4717.134 4719.319 4721.146 4722.704 4724.262 4725.82 4727.377 4728.919 4730.462 4732.004 4733.547 4734.567 4735.093 4735.619 4736.146 4736.672 4736.679 4736.679 4736.679 4736.679 4736.342 4735.604 4734.867 4734.128 4733.391 4732.181 4730.934 4729.688 4728.441 4727.077 4725.535 4723.992 4722.45 4720.908 4719.858 4718.882 4717.906 4716.93 4716.325 4716.438 4716.551 4716.664 4716.777 4718.876 4721.438 4723.999 4726.56
