data/zism_data/00269_02_D.txt
ncols         224
nrows         224
[rows 0 to 27 of 224, columns 0 to 62 of 224]
1710.366 1709.945 1709.524 1709.104 1708.681 1708.248 1707.815 1707.381 1706.948 1706.577 1706.259 1705.941 1705.623 1705.305 1705.255 1705.215 1705.175 1705.135 1705.068 1704.953 1704.839 1704.725 1704.61 1704.499 1704.388 1704.278 1704.167 1704.044 1703.872 1703.701 1703.529 1703.358 1703.11 1702.818 1702.525 1702.232 1701.94 1701.672 1701.403 1701.135 1700.866 1700.649 1700.494 1700.339 1700.184 1700.029 1700.007 1700.005 1700.003 1700.001 1700.0 1700.0 1700.0 1700.0 1700.0 1700.0 1700.0 1700.0 1700.0 1700.0 1700.0 1700.0 1700.0
1708.513 1708.179 1707.845 1707.511 1707.173 1706.808 1706.443 1706.078 1705.713 1705.416 1705.176 1704.935 1704.695 1704.454 1704.454 1704.463 1704.473 1704.482 1704.46 1704.387 1704.313 1704.24 1704.167 1704.101 1704.038 1703.975 1703.911 1703.824 1703.648 1703.472 1703.295 1703.119 1702.871 1702.58 1702.289 1701.998 1701.709 1701.459 1701.21 1700.96 1700.71 1700.517 1700.392 1700.266 1700.141 1700.016 1700.0 1700.0 1700.0 1700.0 1700.0 1700.0 1700.0 1700.0 1700.0 1700.0 1700.0 1700.0 1700.0 1700.0 1700.0 1700.0 1700.0
1706.605 1706.356 1706.107 1705.858 1705.603 1705.312 1705.022 1704.731 1704.44 1704.22 1704.059 1703.898 1703.737 1703.577 1703.63 1703.693 1703.755 1703.817 1703.843 1703.806 1703.77 1703.734 1703.697 1703.682 1703.671 1703.661 1703.651 1703.604 1703.417 1703.229 1703.043 1702.856 1702.604 1702.313 1702.022 1701.731 1701.443 1701.22 1700.996 1700.773 1700.55 1700.386 1700.292 1700.199 1700.105 1700.012 1700.0 1700.0 1700.0 1700.0 1700.0 1700.0 1700.0 1700.0 1700.0 1700.0 1700.0 1700.0 1700.0 1700.0 1700.0 1700.0 1700.0
1704.698 1704.533 1704.369 1704.204 1704.033 1703.817 1703.6 1703.384 1703.167 1703.024 1702.943 1702.861 1702.78 1702.699 1702.806 1702.922 1703.037 1703.152 1703.225 1703.226 1703.226 1703.227 1703.228 1703.262 1703.305 1703.347 1703.39 1703.383 1703.185 1702.987 1702.79 1702.592 1702.336 1702.046 1701.755 1701.464 1701.177 1700.98 1700.783 1700.586 1700.39 1700.254 1700.193 1700.131 1700.069 1700.008 1700.0 1700.0 1700.0 1700.0 1700.0 1700.0 1700.0 1700.0 1700.0 1700.0 1700.0 1700.0 1700.0 1700.0 1700.0 1700.0 1700.0
1702.79 1702.71 1702.631 1702.551 1702.464 1702.321 1702.179 1702.037 1701.894 1701.828 1701.826 1701.825 1701.823 1701.821 1701.982 1702.151 1702.319 1702.488 1702.607 1702.645 1702.683 1702.721 1702.759 1702.842 1702.938 1703.034 1703.129 1703.162 1702.954 1702.745 1702.537 1702.329 1702.069 1701.778 1701.487 1701.197 1700.911 1700.74 1700.57 1700.4 1700.229 1700.123 1700.093 1700.063 1700.034 1700.004 1700.0 1700.0 1700.0 1700.0 1700.0 1700.0 1700.0 1700.0 1700.0 1700.0 1700.0 1700.0 1700.0 1700.0 1700.0 1700.0 1700.0
1700.987 1700.987 1700.987 1700.987 1700.977 1700.906 1700.834 1700.762 1700.69 1700.697 1700.768 1700.84 1700.912 1700.984 1701.193 1701.408 1701.624 1701.839 1702.001 1702.074 1702.148 1702.222 1702.296 1702.426 1702.572 1702.717 1702.862 1702.932 1702.715 1702.498 1702.281 1702.064 1701.802 1701.514 1701.226 1700.937 1700.655 1700.511 1700.367 1700.223 1700.078 1700.0 1700.0 1700.0 1700.0 1700.0 1700.0 1700.0 1700.0 1700.0 1700.0 1700.0 1700.0 1700.0 1700.0 1700.0 1700.0 1700.0 1700.0 1700.0 1700.0 1700.0 1700.0
1700.768 1700.768 1700.768 1700.768 1700.761 1700.705 1700.649 1700.593 1700.537 1700.542 1700.598 1700.654 1700.71 1700.766 1700.929 1701.096 1701.264 1701.431 1701.569 1701.659 1701.749 1701.838 1701.928 1702.062 1702.207 1702.353 1702.498 1702.571 1702.37 1702.169 1701.967 1701.766 1701.537 1701.291 1701.045 1700.799 1700.558 1700.436 1700.313 1700.19 1700.067 1700.0 1700.0 1700.0 1700.0 1700.0 1700.0 1700.0 1700.0 1700.0 1700.0 1700.0 1700.0 1700.0 1700.0 1700.0 1700.0 1700.0 1700.0 1700.0 1700.0 1700.0 1700.0
1700.549 1700.549 1700.549 1700.549 1700.544 1700.504 1700.464 1700.424 1700.384 1700.388 1700.428 1700.468 1700.508 1700.548 1700.664 1700.784 1700.904 1701.024 1701.138 1701.244 1701.349 1701.455 1701.56 1701.697 1701.843 1701.988 1702.134 1702.21 1702.025 1701.839 1701.654 1701.469 1701.272 1701.068 1700.865 1700.661 1700.462 1700.36 1700.259 1700.157 1700.055 1700.0 1700.0 1700.0 1700.0 1700.0 1700.0 1700.0 1700.0 1700.0 1700.0 1700.0 1700.0 1700.0 1700.0 1700.0 1700.0 1700.0 1700.0 1700.0 1700.0 1700.0 1700.0
1700.331 1700.331 1700.331 1700.331 1700.327 1700.303 1700.279 1700.255 1700.231 1700.233 1700.257 1700.281 1700.306 1700.33 1700.4 1700.472 1700.544 1700.616 1700.707 1700.828 1700.949 1701.071 1701.192 1701.333 1701.478 1701.624 1701.769 1701.849 1701.679 1701.51 1701.34 1701.171 1701.007 1700.846 1700.685 1700.524 1700.366 1700.285 1700.205 1700.124 1700.044 1700.0 1700.0 1700.0 1700.0 1700.0 1700.0 1700.0 1700.0 1700.0 1700.0 1700.0 1700.0 1700.0 1700.0 1700.0 1700.0 1700.0 1700.0 1700.0 1700.0 1700.0 1700.0
1700.112 1700.112 1700.112 1700.112 1700.111 1700.103 1700.094 1700.086 1700.078 1700.079 1700.087 1700.095 1700.103 1700.112 1700.135 1700.16 1700.184 1700.208 1700.275 1700.413 1700.55 1700.687 1700.825 1700.968 1701.114 1701.259 1701.405 1701.488 1701.334 1701.181 1701.027 1700.873 1700.742 1700.623 1700.504 1700.386 1700.27 1700.21 1700.151 1700.092 1700.032 1700.0 1700.0 1700.0 1700.0 1700.0 1700.0 1700.0 1700.0 1700.0 1700.0 1700.0 1700.0 1700.0 1700.0 1700.0 1700.0 1700.0 1700.0 1700.0 1700.0 1700.0 1700.0
1700.259 1700.223 1700.187 1700.15 1700.116 1700.095 1700.075 1700.054 1700.033 1700.021 1700.016 1700.01 1700.005 1700.0 1700.0 1700.0 1700.0 1700.0 1700.049 1700.179 1700.309 1700.439 1700.568 1700.698 1700.828 1700.958 1701.088 1701.164 1701.034 1700.904 1700.774 1700.644 1700.541 1700.455 1700.368 1700.281 1700.197 1700.153 1700.11 1700.067 1700.024 1700.0 1700.0 1700.0 1700.0 1700.0 1700.0 1700.0 1700.0 1700.0 1700.0 1700.0 1700.0 1700.0 1700.0 1700.0 1700.0 1700.0 1700.0 1700.0 1700.0 1700.0 1700.0
1700.789 1700.679 1700.568 1700.458 1700.354 1700.29 1700.227 1700.164 1700.101 1700.064 1700.048 1700.032 1700.016 1700.001 1700.0 1700.0 1700.0 1700.0 1700.037 1700.135 1700.233 1700.331 1700.429 1700.527 1700.625 1700.724 1700.822 1700.879 1700.781 1700.683 1700.585 1700.487 1700.409 1700.343 1700.278 1700.213 1700.149 1700.116 1700.083 1700.05 1700.018 1700.0 1700.0 1700.0 1700.0 1700.0 1700.0 1700.0 1700.0 1700.0 1700.0 1700.0 1700.0 1700.0 1700.0 1700.0 1700.0 1700.0 1700.0 1700.0 1700.0 1700.0 1700.0
1701.319 1701.135 1700.95 1700.766 1700.591 1700.485 1700.38 1700.275 1700.169 1700.107 1700.08 1700.054 1700.027 1700.001 1700.0 1700.0 1700.0 1700.0 1700.025 1700.091 1700.157 1700.224 1700.29 1700.356 1700.423 1700.489 1700.555 1700.594 1700.528 1700.461 1700.395 1700.329 1700.276 1700.232 1700.188 1700.144 1700.1 1700.078 1700.056 1700.034 1700.012 1700.0 1700.0 1700.0 1700.0 1700.0 1700.0 1700.0 1700.0 1700.0 1700.0 1700.0 1700.0 1700.0 1700.0 1700.0 1700.0 1700.0 1700.0 1700.0 1700.0 1700.0 1700.0
1701.85 1701.591 1701.332 1701.073 1700.829 1700.681 1700.533 1700.385 1700.237 1700.149 1700.112 1700.075 1700.038 1700.001 1700.0 1700.0 1700.0 1700.0 1700.013 1700.047 1700.082 1700.116 1700.151 1700.185 1700.22 1700.254 1700.289 1700.309 1700.275 1700.24 1700.206 1700.171 1700.144 1700.121 1700.098 1700.075 1700.052 1700.041 1700.029 1700.018 1700.006 1700.0 1700.0 1700.0 1700.0 1700.0 1700.0 1700.0 1700.0 1700.0 1700.0 1700.0 1700.0 1700.0 1700.0 1700.0 1700.0 1700.0 1700.0 1700.0 1700.0 1700.0 1700.0
1702.38 1702.047 1701.714 1701.381 1701.066 1700.876 1700.685 1700.495 1700.305 1700.192 1700.145 1700.097 1700.049 1700.002 1700.0 1700.0 1700.0 1700.0 1700.001 1700.004 1700.006 1700.009 1700.012 1700.015 1700.017 1700.02 1700.023 1700.024 1700.021 1700.019 1700.016 1700.013 1700.011 1700.009 1700.008 1700.006 1700.004 1700.003 1700.002 1700.001 1700.0 1700.0 1700.0 1700.0 1700.0 1700.0 1700.0 1700.0 1700.0 1700.0 1700.0 1700.0 1700.0 1700.0 1700.0 1700.0 1700.0 1700.0 1700.0 1700.0 1700.0 1700.0 1700.0
1704.017 1703.571 1703.125 1702.679 1702.249 1701.934 1701.619 1701.304 1700.989 1700.745 1700.56 1700.376 1700.192 1700.007 1700.0 1700.0 1700.0 1700.0 1700.0 1700.0 1700.0 1700.0 1700.0 1700.0 1700.0 1700.0 1700.0 1700.0 1700.0 1700.0 1700.0 1700.0 1700.0 1700.0 1700.0 1700.0 1700.0 1700.0 1700.0 1700.0 1700.0 1700.0 1700.0 1700.0 1700.0 1700.0 1700.0 1700.0 1700.0 1700.0 1700.0 1700.0 1700.0 1700.0 1700.0 1700.0 1700.0 1700.0 1700.0 1700.0 1700.0 1700.0 1700.0
1705.756 1705.193 1704.63 1704.068 1703.52 1703.072 1702.625 1702.177 1701.729 1701.344 1701.011 1700.679 1700.346 1700.013 1700.0 1700.0 1700.0 1700.0 1700.0 1700.0 1700.0 1700.0 1700.0 1700.0 1700.0 1700.0 1700.0 1700.0 1700.0 1700.0 1700.0 1700.0 1700.0 1700.0 1700.0 1700.0 1700.0 1700.0 1700.0 1700.0 1700.0 1700.0 1700.0 1700.0 1700.0 1700.0 1700.0 1700.0 1700.0 1700.0 1700.0 1700.0 1700.0 1700.0 1700.0 1700.0 1700.0 1700.0 1700.0 1700.0 1700.0 1700.0 1700.0
1707.495 1706.816 1706.136 1705.457 1704.791 1704.21 1703.63 1703.05 1702.47 1701.944 1701.463 1700.981 1700.5 1700.019 1700.0 1700.0 1700.0 1700.0 1700.0 1700.0 1700.0 1700.0 1700.0 1700.0 1700.0 1700.0 1700.0 1700.0 1700.0 1700.0 1700.0 1700.0 1700.0 1700.0 1700.0 1700.0 1700.0 1700.0 1700.0 1700.0 1700.0 1700.0 1700.0 1700.0 1700.0 1700.0 1700.0 1700.0 1700.0 1700.0 1700.0 1700.0 1700.0 1700.0 1700.0 1700.0 1700.0 1700.0 1700.0 1700.0 1700.0 1700.0 1700.0
1709.234 1708.438 1707.642 1706.847 1706.061 1705.349 1704.636 1703.923 1703.211 1702.543 1701.914 1701.284 1700.655 1700.025 1700.0 1700.0 1700.0 1700.0 1700.0 1700.0 1700.0 1700.0 1700.0 1700.0 1700.0 1700.0 1700.0 1700.0 1700.0 1700.0 1700.0 1700.0 1700.0 1700.0 1700.0 1700.0 1700.0 1700.0 1700.0 1700.0 1700.0 1700.0 1700.0 1700.0 1700.0 1700.0 1700.0 1700.0 1700.0 1700.0 1700.0 1700.0 1700.0 1700.0 1700.0 1700.0 1700.0 1700.0 1700.0 1700.0 1700.0 1700.0 1700.0
1710.994 1710.111 1709.227 1708.344 1707.467 1706.634 1705.802 1704.969 1704.137 1703.341 1702.575 1701.81 1701.045 1700.28 1700.201 1700.15 1700.099 1700.048 1700.015 1700.012 1700.008 1700.004 1700.001 1700.0 1700.0 1700.0 1700.0 1700.0 1700.0 1700.0 1700.0 1700.0 1700.0 1700.0 1700.0 1700.0 1700.0 1700.0 1700.0 1700.0 1700.0 1700.0 1700.0 1700.0 1700.0 1700.0 1700.0 1700.0 1700.0 1700.0 1700.0 1700.0 1700.0 1700.0 1700.0 1700.0 1700.0 1700.0 1700.0 1700.0 1700.0 1700.0 1700.0
1712.794 1711.878 1710.963 1710.048 1709.131 1708.203 1707.275 1706.347 1705.419 1704.519 1703.643 1702.766 1701.89 1701.013 1700.787 1700.588 1700.389 1700.189 1700.06 1700.046 1700.031 1700.017 1700.003 1700.0 1700.0 1700.0 1700.0 1700.0 1700.0 1700.0 1700.0 1700.0 1700.0 1700.0 1700.0 1700.0 1700.0 1700.0 1700.0 1700.0 1700.0 1700.0 1700.0 1700.0 1700.0 1700.0 1700.0 1700.0 1700.0 1700.0 1700.0 1700.0 1700.0 1700.0 1700.0 1700.0 1700.0 1700.0 1700.0 1700.0 1700.0 1700.0 1700.0
1714.593 1713.646 1712.699 1711.752 1710.795 1709.772 1708.748 1707.725 1706.702 1705.698 1704.71 1703.722 1702.734 1701.746 1701.373 1701.026 1700.678 1700.331 1700.104 1700.08 1700.055 1700.03 1700.005 1700.0 1700.0 1700.0 1700.0 1700.0 1700.0 1700.0 1700.0 1700.0 1700.0 1700.0 1700.0 1700.0 1700.0 1700.0 1700.0 1700.0 1700.0 1700.0 1700.0 1700.0 1700.0 1700.0 1700.0 1700.0 1700.0 1700.0 1700.0 1700.0 1700.0 1700.0 1700.0 1700.0 1700.0 1700.0 1700.0 1700.0 1700.0 1700.0 1700.0
1716.393 1715.414 1714.435 1713.456 1712.459 1711.341 1710.222 1709.103 1707.984 1706.876 1705.777 1704.678 1703.579 1702.48 1701.96 1701.464 1700.968 1700.472 1700.149 1700.114 1700.078 1700.043 1700.007 1700.0 1700.0 1700.0 1700.0 1700.0 1700.0 1700.0 1700.0 1700.0 1700.0 1700.0 1700.0 1700.0 1700.0 1700.0 1700.0 1700.0 1700.0 1700.0 1700.0 1700.0 1700.0 1700.0 1700.0 1700.0 1700.0 1700.0 1700.0 1700.0 1700.0 1700.0 1700.0 1700.0 1700.0 1700.0 1700.0 1700.0 1700.0 1700.0 1700.0
1718.192 1717.182 1716.171 1715.16 1714.124 1712.909 1711.695 1710.481 1709.267 1708.055 1706.844 1705.634 1704.423 1703.213 1702.546 1701.902 1701.257 1700.613 1700.194 1700.148 1700.102 1700.056 1700.01 1700.0 1700.0 1700.0 1700.0 1700.0 1700.0 1700.0 1700.0 1700.0 1700.0 1700.0 1700.0 1700.0 1700.0 1700.0 1700.0 1700.0 1700.0 1700.0 1700.0 1700.0 1700.0 1700.0 1700.0 1700.0 1700.0 1700.0 1700.0 1700.0 1700.0 1700.0 1700.0 1700.0 1700.0 1700.0 1700.0 1700.0 1700.0 1700.0 1700.0
1719.092 1718.046 1716.999 1715.953 1714.88 1713.632 1712.383 1711.135 1709.886 1708.64 1707.396 1706.152 1704.907 1703.663 1702.911 1702.179 1701.448 1700.716 1700.238 1700.182 1700.125 1700.068 1700.012 1700.0 1700.0 1700.0 1700.0 1700.0 1700.0 1700.0 1700.0 1700.0 1700.0 1700.0 1700.0 1700.0 1700.0 1700.0 1700.0 1700.0 1700.0 1700.0 1700.0 1700.0 1700.0 1700.0 1700.0 1700.0 1700.0 1700.0 1700.0 1700.0 1700.0 1700.0 1700.0 1700.0 1700.0 1700.0 1700.0 1700.0 1700.0 1700.0 1700.0
1719.722 1718.638 1717.555 1716.471 1715.364 1714.1 1712.835 1711.571 1710.307 1709.048 1707.793 1706.538 1705.283 1704.028 1703.209 1702.409 1701.608 1700.807 1700.283 1700.216 1700.148 1700.081 1700.014 1700.0 1700.0 1700.0 1700.0 1700.0 1700.0 1700.0 1700.0 1700.0 1700.0 1700.0 1700.0 1700.0 1700.0 1700.0 1700.0 1700.0 1700.0 1700.0 1700.0 1700.0 1700.0 1700.0 1700.0 1700.0 1700.0 1700.0 1700.0 1700.0 1700.0 1700.0 1700.0 1700.0 1700.0 1700.0 1700.0 1700.0 1700.0 1700.0 1700.0
1720.351 1719.231 1718.11 1716.989 1715.848 1714.568 1713.287 1712.007 1710.727 1709.455 1708.189 1706.924 1705.658 1704.393 1703.507 1702.638 1701.769 1700.899 1700.328 1700.25 1700.172 1700.094 1700.016 1700.0 1700.0 1700.0 1700.0 1700.0 1700.0 1700.0 1700.0 1700.0 1700.0 1700.0 1700.0 1700.0 1700.0 1700.0 1700.0 1700.0 1700.0 1700.0 1700.0 1700.0 1700.0 1700.0 1700.0 1700.0 1700.0 1700.0 1700.0 1700.0 1700.0 1700.0 1700.0 1700.0 1700.0 1700.0 1700.0 1700.0 1700.0 1700.0 1700.0
1720.981 1719.823 1718.665 1717.507 1716.332 1715.036 1713.74 1712.443 1711.147 1709.862 1708.586 1707.31 1706.034 1704.758 1703.806 1702.867 1701.929 1700.991 1700.372 1700.284 1700.195 1700.107 1700.018 1700.0 1700.0 1700.0 1700.0 1700.0 1700.0 1700.0 1700.0 1700.0 1700.0 1700.0 1700.0 1700.0 1700.0 1700.0 1700.0 1700.0 1700.0 1700.0 1700.0 1700.0 1700.0 1700.0 1700.0 1700.0 1700.0 1700.0 1700.0 1700.0 1700.0 1700.0 1700.0 1700.0 1700.0 1700.0 1700.0 1700.0 1700.0 1700.0 1700.0
