data/zism_data/00261_01_D.txt
ncols         224
nrows         224
[rows 168 to 195 of 224, columns 128 to 191 of 224]
1564.721 1570.495 1576.269 1582.044 1585.647 1587.096 1588.546 1589.996 1591.446 1589.158 1586.228 1583.298 1580.368 1577.96 1577.591 1577.222 1576.852 1576.483 1577.247 1578.917 1580.588 1582.258 1583.929 1584.537 1585.036 1585.534 1586.033 1586.087 1584.857 1583.628 1582.399 1581.17 1580.009 1578.893 1577.776 1576.66 1575.544 1575.553 1575.61 1575.666 1575.723 1574.833 1571.846 1568.859 1565.872 1562.885 1556.604 1548.64 1540.677 1532.714 1524.8 1520.559 1516.319 1512.078 1507.838 1505.326 1505.83 1506.334 1506.837 1507.341 1507.043 1506.424 1505.806 1505.188
1561.554 1568.269 1574.983 1581.698 1585.993 1587.889 1589.785 1591.682 1593.578 1591.961 1589.74 1587.518 1585.297 1583.465 1583.148 1582.831 1582.515 1582.198 1582.766 1584.042 1585.319 1586.596 1587.872 1588.31 1588.662 1589.014 1589.365 1589.329 1588.173 1587.017 1585.861 1584.706 1583.603 1582.534 1581.465 1580.396 1579.326 1579.464 1579.652 1579.84 1580.028 1579.235 1576.269 1573.303 1570.337 1567.371 1560.971 1552.819 1544.666 1536.514 1528.411 1523.976 1519.541 1515.106 1510.672 1507.969 1508.289 1508.609 1508.929 1509.249 1508.812 1508.073 1507.334 1506.595
1558.388 1566.042 1573.697 1581.352 1586.339 1588.682 1591.024 1593.367 1595.71 1594.763 1593.251 1591.739 1590.227 1588.969 1588.705 1588.441 1588.177 1587.912 1588.285 1589.168 1590.05 1590.933 1591.816 1592.084 1592.288 1592.493 1592.697 1592.57 1591.488 1590.406 1589.324 1588.242 1587.196 1586.174 1585.153 1584.131 1583.109 1583.374 1583.694 1584.013 1584.332 1583.636 1580.691 1577.746 1574.801 1571.856 1565.339 1556.997 1548.656 1540.314 1532.022 1527.393 1522.764 1518.135 1513.505 1510.612 1510.749 1510.885 1511.021 1511.157 1510.581 1509.721 1508.862 1508.002
1555.222 1563.816 1572.411 1581.005 1586.685 1589.474 1592.263 1595.053 1597.842 1597.566 1596.763 1595.959 1595.156 1594.474 1594.262 1594.05 1593.838 1593.627 1593.804 1594.293 1594.781 1595.27 1595.759 1595.857 1595.914 1595.972 1596.029 1595.812 1594.804 1593.795 1592.786 1591.778 1590.79 1589.815 1588.841 1587.866 1586.891 1587.285 1587.735 1588.186 1588.636 1588.038 1585.114 1582.19 1579.266 1576.342 1569.706 1561.175 1552.645 1544.114 1535.633 1530.809 1525.986 1521.163 1516.339 1513.256 1513.208 1513.16 1513.113 1513.065 1512.35 1511.37 1510.389 1509.409
1551.719 1560.768 1569.817 1578.865 1585.035 1588.351 1591.667 1594.982 1598.297 1598.477 1598.118 1597.758 1597.399 1597.079 1596.913 1596.747 1596.582 1596.416 1596.504 1596.793 1597.083 1597.373 1597.663 1597.69 1597.69 1597.69 1597.69 1597.466 1596.598 1595.73 1594.862 1593.995 1593.11 1592.215 1591.319 1590.424 1589.529 1589.938 1590.401 1590.865 1591.328 1590.814 1588.135 1585.456 1582.777 1580.098 1573.756 1565.545 1557.333 1549.122 1540.952 1535.864 1530.776 1525.688 1520.6 1517.163 1516.609 1516.055 1515.5 1514.946 1513.994 1512.883 1511.772 1510.661
1548.0 1557.19 1566.381 1575.572 1582.103 1585.996 1589.889 1593.782 1597.676 1598.173 1598.087 1598.0 1597.914 1597.82 1597.696 1597.573 1597.449 1597.325 1597.391 1597.607 1597.823 1598.039 1598.256 1598.276 1598.276 1598.276 1598.276 1598.1 1597.416 1596.731 1596.047 1595.363 1594.611 1593.816 1593.02 1592.224 1591.429 1591.781 1592.182 1592.583 1592.983 1592.547 1590.256 1587.966 1585.675 1583.385 1577.602 1570.036 1562.471 1554.906 1547.369 1541.971 1536.573 1531.176 1525.778 1521.884 1520.615 1519.347 1518.078 1516.81 1515.556 1514.309 1513.061 1511.814
1544.281 1553.613 1562.946 1572.278 1579.17 1583.641 1588.112 1592.583 1597.054 1597.869 1598.056 1598.242 1598.429 1598.561 1598.479 1598.398 1598.316 1598.234 1598.277 1598.42 1598.563 1598.706 1598.849 1598.862 1598.862 1598.862 1598.862 1598.733 1598.233 1597.732 1597.232 1596.732 1596.112 1595.417 1594.721 1594.025 1593.329 1593.625 1593.963 1594.301 1594.638 1594.279 1592.377 1590.475 1588.573 1586.672 1581.448 1574.529 1567.609 1560.69 1553.787 1548.079 1542.371 1536.663 1530.955 1526.605 1524.622 1522.639 1520.656 1518.673 1517.119 1515.735 1514.351 1512.967
1540.562 1550.036 1559.51 1568.985 1576.237 1581.286 1586.334 1591.383 1596.432 1597.565 1598.025 1598.484 1598.944 1599.302 1599.262 1599.223 1599.183 1599.144 1599.164 1599.234 1599.303 1599.372 1599.442 1599.448 1599.448 1599.448 1599.448 1599.366 1599.05 1598.733 1598.417 1598.1 1597.614 1597.018 1596.422 1595.826 1595.23 1595.469 1595.744 1596.018 1596.293 1596.011 1594.498 1592.985 1591.472 1589.958 1585.294 1579.02 1572.747 1566.474 1560.204 1554.186 1548.169 1542.151 1536.133 1531.325 1528.628 1525.931 1523.234 1520.537 1518.682 1517.161 1515.641 1514.12
1536.825 1546.422 1556.019 1565.616 1573.218 1578.843 1584.467 1590.092 1595.717 1597.177 1597.921 1598.664 1599.408 1600.0 1600.0 1600.0 1600.0 1600.0 1600.0 1600.0 1600.0 1600.0 1600.0 1600.0 1600.0 1600.0 1600.0 1599.963 1599.821 1599.679 1599.537 1599.395 1599.036 1598.537 1598.038 1597.54 1597.041 1597.214 1597.414 1597.615 1597.815 1597.598 1596.457 1595.316 1594.175 1593.034 1588.91 1583.264 1577.618 1571.972 1566.317 1559.985 1553.652 1547.32 1540.987 1535.729 1532.343 1528.958 1525.572 1522.187 1520.049 1518.409 1516.768 1515.127
1532.799 1542.206 1551.614 1561.022 1568.804 1574.975 1581.146 1587.317 1593.488 1595.423 1596.629 1597.835 1599.041 1600.0 1600.0 1600.0 1600.0 1600.0 1600.0 1600.0 1600.0 1600.0 1600.0 1600.0 1600.0 1600.0 1600.0 1599.969 1599.848 1599.726 1599.605 1599.484 1599.168 1598.728 1598.287 1597.846 1597.405 1597.338 1597.286 1597.235 1597.183 1596.825 1595.789 1594.753 1593.717 1592.681 1588.805 1583.479 1578.154 1572.828 1567.484 1560.757 1554.031 1547.305 1540.578 1534.972 1531.318 1527.665 1524.012 1520.359 1518.25 1516.757 1515.263 1513.769
1528.772 1537.991 1547.209 1556.428 1564.391 1571.108 1577.825 1584.542 1591.259 1593.668 1595.337 1597.005 1598.673 1600.0 1600.0 1600.0 1600.0 1600.0 1600.0 1600.0 1600.0 1600.0 1600.0 1600.0 1600.0 1600.0 1600.0 1599.974 1599.874 1599.774 1599.674 1599.574 1599.301 1598.918 1598.535 1598.152 1597.769 1597.462 1597.158 1596.855 1596.551 1596.052 1595.121 1594.19 1593.259 1592.328 1588.7 1583.694 1578.689 1573.684 1568.65 1561.53 1554.41 1547.29 1540.17 1534.215 1530.294 1526.373 1522.451 1518.53 1516.451 1515.104 1513.758 1512.411
1524.745 1533.775 1542.805 1551.834 1559.977 1567.24 1574.504 1581.767 1589.031 1591.914 1594.044 1596.175 1598.305 1600.0 1600.0 1600.0 1600.0 1600.0 1600.0 1600.0 1600.0 1600.0 1600.0 1600.0 1600.0 1600.0 1600.0 1599.98 1599.901 1599.821 1599.742 1599.663 1599.434 1599.109 1598.783 1598.458 1598.133 1597.586 1597.031 1596.475 1595.919 1595.279 1594.453 1593.627 1592.801 1591.975 1588.594 1583.909 1579.224 1574.54 1569.817 1562.303 1554.789 1547.275 1539.761 1533.458 1529.269 1525.08 1520.891 1516.702 1514.652 1513.452 1512.253 1511.053
1520.719 1529.559 1538.4 1547.24 1555.563 1563.373 1571.183 1578.992 1586.802 1590.16 1592.752 1595.345 1597.937 1600.0 1600.0 1600.0 1600.0 1600.0 1600.0 1600.0 1600.0 1600.0 1600.0 1600.0 1600.0 1600.0 1600.0 1599.985 1599.927 1599.869 1599.811 1599.752 1599.567 1599.299 1599.032 1598.764 1598.497 1597.711 1596.903 1596.095 1595.287 1594.506 1593.785 1593.064 1592.343 1591.622 1588.489 1584.125 1579.76 1575.395 1570.984 1563.076 1555.168 1547.26 1539.352 1532.701 1528.244 1523.787 1519.331 1514.874 1512.852 1511.8 1510.747 1509.695
1517.812 1526.274 1534.737 1543.199 1551.579 1559.876 1568.173 1576.47 1584.767 1588.544 1591.542 1594.541 1597.54 1599.922 1599.906 1599.891 1599.875 1599.859 1599.828 1599.785 1599.742 1599.7 1599.657 1599.721 1599.795 1599.87 1599.945 1599.988 1599.94 1599.892 1599.844 1599.797 1599.587 1599.273 1598.96 1598.646 1598.332 1597.205 1596.044 1594.883 1593.721 1592.63 1591.695 1590.759 1589.824 1588.888 1585.84 1581.713 1577.586 1573.459 1569.283 1561.383 1553.484 1545.584 1537.684 1531.006 1526.46 1521.914 1517.368 1512.821 1510.874 1509.961 1509.047 1508.134
1515.994 1523.894 1531.794 1539.694 1548.01 1556.738 1565.466 1574.194 1582.922 1587.062 1590.412 1593.763 1597.113 1599.77 1599.722 1599.675 1599.627 1599.58 1599.488 1599.361 1599.235 1599.108 1598.981 1599.171 1599.392 1599.614 1599.835 1599.988 1599.94 1599.892 1599.844 1599.797 1599.497 1599.037 1598.576 1598.115 1597.655 1596.088 1594.475 1592.862 1591.249 1589.684 1588.223 1586.762 1585.301 1583.841 1580.719 1576.75 1572.781 1568.811 1564.796 1557.295 1549.795 1542.294 1534.794 1528.4 1523.938 1519.476 1515.013 1510.551 1508.722 1507.94 1507.157 1506.375
1514.175 1521.513 1528.851 1536.19 1544.442 1553.601 1562.759 1571.918 1581.076 1585.58 1589.282 1592.984 1596.687 1599.617 1599.538 1599.459 1599.38 1599.301 1599.148 1598.938 1598.727 1598.516 1598.306 1598.62 1598.989 1599.358 1599.726 1599.988 1599.94 1599.892 1599.844 1599.797 1599.408 1598.8 1598.192 1597.585 1596.977 1594.971 1592.906 1590.842 1588.777 1586.737 1584.751 1582.765 1580.779 1578.793 1575.598 1571.787 1567.975 1564.163 1560.308 1553.207 1546.106 1539.004 1531.903 1525.794 1521.415 1517.037 1512.659 1508.281 1506.569 1505.919 1505.268 1504.617
1512.356 1519.132 1525.909 1532.685 1540.874 1550.463 1560.052 1569.641 1579.231 1584.098 1588.152 1592.206 1596.26 1599.464 1599.353 1599.243 1599.132 1599.022 1598.809 1598.514 1598.219 1597.925 1597.63 1598.07 1598.586 1599.101 1599.617 1599.988 1599.94 1599.892 1599.844 1599.797 1599.318 1598.563 1597.809 1597.054 1596.299 1593.854 1591.337 1588.821 1586.305 1583.79 1581.279 1578.768 1576.257 1573.746 1570.478 1566.824 1563.17 1559.516 1555.821 1549.119 1542.417 1535.714 1529.012 1523.187 1518.893 1514.599 1510.305 1506.011 1504.417 1503.898 1503.378 1502.859
1510.537 1516.751 1522.966 1529.18 1537.306 1547.325 1557.345 1567.365 1577.385 1582.615 1587.022 1591.428 1595.834 1599.311 1599.169 1599.027 1598.885 1598.743 1598.469 1598.09 1597.712 1597.333 1596.954 1597.52 1598.182 1598.845 1599.508 1599.988 1599.94 1599.892 1599.844 1599.797 1599.229 1598.327 1597.425 1596.523 1595.621 1592.736 1589.768 1586.801 1583.833 1580.844 1577.807 1574.771 1571.734 1568.698 1565.357 1561.86 1558.364 1554.867 1551.334 1545.031 1538.728 1532.425 1526.121 1520.581 1516.371 1512.161 1507.951 1503.74 1502.265 1501.876 1501.488 1501.1
1510.605 1515.704 1520.804 1525.904 1533.461 1543.455 1553.448 1563.441 1573.435 1579.219 1584.278 1589.337 1594.397 1598.396 1598.268 1598.14 1598.011 1597.883 1597.432 1596.723 1596.014 1595.305 1594.597 1595.515 1596.601 1597.687 1598.773 1599.531 1599.343 1599.154 1598.966 1598.777 1597.909 1596.604 1595.299 1593.994 1592.688 1589.518 1586.269 1583.02 1579.771 1576.491 1573.141 1569.79 1566.439 1563.089 1559.613 1556.073 1552.533 1548.993 1545.425 1539.737 1534.049 1528.361 1522.673 1517.721 1514.052 1510.383 1506.714 1503.045 1501.774 1501.457 1501.14 1500.823
1510.758 1514.718 1518.678 1522.638 1529.604 1539.55 1549.496 1559.443 1569.389 1575.734 1581.461 1587.187 1592.914 1597.447 1597.335 1597.222 1597.11 1596.997 1596.364 1595.313 1594.263 1593.213 1592.162 1593.444 1594.966 1596.488 1598.01 1599.054 1598.718 1598.383 1598.047 1597.712 1596.533 1594.813 1593.093 1591.373 1589.653 1586.203 1582.682 1579.16 1575.638 1572.075 1568.419 1564.764 1561.109 1557.454 1553.84 1550.248 1546.655 1543.063 1539.451 1534.388 1529.325 1524.262 1519.199 1514.849 1511.742 1508.635 1505.528 1502.421 1501.359 1501.11 1500.861 1500.612
1510.911 1513.732 1516.552 1519.373 1525.747 1535.646 1545.545 1555.444 1565.343 1572.251 1578.644 1585.037 1591.431 1596.498 1596.401 1596.305 1596.208 1596.111 1595.295 1593.903 1592.512 1591.12 1589.728 1591.373 1593.331 1595.289 1597.247 1598.576 1598.094 1597.611 1597.129 1596.646 1595.158 1593.023 1590.888 1588.753 1586.618 1582.889 1579.094 1575.299 1571.504 1567.658 1563.698 1559.739 1555.779 1551.819 1548.068 1544.423 1540.778 1537.133 1533.477 1529.04 1524.602 1520.164 1515.726 1511.977 1509.432 1506.887 1504.342 1501.797 1500.944 1500.763 1500.583 1500.402
1511.064 1512.745 1514.426 1516.107 1521.89 1531.742 1541.593 1551.445 1561.297 1568.767 1575.827 1582.888 1589.948 1595.549 1595.468 1595.387 1595.306 1595.225 1594.227 1592.494 1590.76 1589.027 1587.294 1589.302 1591.696 1594.09 1596.484 1598.099 1597.469 1596.84 1596.21 1595.581 1593.782 1591.232 1588.682 1586.132 1583.582 1579.575 1575.507 1571.439 1567.371 1563.242 1558.977 1554.713 1550.449 1546.184 1542.295 1538.598 1534.9 1531.203 1527.504 1523.691 1519.878 1516.065 1512.252 1509.106 1507.123 1505.14 1503.156 1501.173 1500.529 1500.416 1500.304 1500.192
1511.933 1512.477 1513.02 1513.563 1518.624 1528.164 1537.704 1547.244 1556.784 1564.805 1572.564 1580.323 1588.083 1594.188 1593.85 1593.512 1593.174 1592.836 1591.418 1589.137 1586.856 1584.575 1582.293 1584.773 1587.744 1590.714 1593.684 1595.686 1594.897 1594.107 1593.318 1592.528 1590.516 1587.717 1584.919 1582.12 1579.321 1575.251 1571.127 1567.003 1562.88 1558.641 1554.149 1549.657 1545.164 1540.672 1536.731 1533.07 1529.41 1525.749 1522.095 1518.907 1515.719 1512.531 1509.343 1506.767 1505.258 1503.75 1502.241 1500.733 1500.257 1500.192 1500.126 1500.061
1513.85 1513.259 1512.668 1512.077 1516.222 1525.064 1533.905 1542.747 1551.589 1560.143 1568.648 1577.153 1585.658 1592.223 1591.228 1590.234 1589.239 1588.245 1586.063 1582.931 1579.799 1576.667 1573.534 1576.644 1580.397 1584.15 1587.903 1590.44 1589.472 1588.504 1587.536 1586.568 1584.482 1581.678 1578.874 1576.07 1573.266 1569.448 1565.587 1561.725 1557.864 1553.771 1549.163 1544.555 1539.948 1535.34 1531.47 1527.978 1524.486 1520.993 1517.513 1514.95 1512.387 1509.824 1507.261 1505.208 1504.047 1502.885 1501.723 1500.561 1500.195 1500.145 1500.096 1500.046
1515.768 1514.042 1512.317 1510.591 1513.821 1521.964 1530.107 1538.25 1546.393 1555.481 1564.732 1573.983 1583.234 1590.257 1588.606 1586.955 1585.304 1583.653 1580.707 1576.724 1572.741 1568.758 1564.775 1568.515 1573.05 1577.586 1582.121 1585.193 1584.046 1582.9 1581.753 1580.607 1578.448 1575.639 1572.83 1570.021 1567.211 1563.645 1560.046 1556.447 1552.849 1548.901 1544.177 1539.454 1534.73 1530.007 1526.21 1522.886 1519.561 1516.237 1512.931 1510.993 1509.055 1507.117 1505.179 1503.65 1502.835 1502.02 1501.204 1500.389 1500.133 1500.099 1500.065 1500.031
1517.685 1514.825 1511.965 1509.105 1511.419 1518.864 1526.308 1533.752 1541.197 1550.819 1560.816 1570.812 1580.809 1588.292 1585.984 1583.677 1581.369 1579.062 1575.351 1570.518 1565.684 1560.85 1556.016 1560.385 1565.704 1571.022 1576.34 1579.946 1578.621 1577.296 1575.971 1574.646 1572.414 1569.6 1566.785 1563.971 1561.157 1557.842 1554.505 1551.17 1547.834 1544.03 1539.191 1534.352 1529.514 1524.675 1520.95 1517.794 1514.637 1511.481 1508.349 1507.036 1505.723 1504.41 1503.097 1502.092 1501.623 1501.154 1500.686 1500.217 1500.071 1500.053 1500.035 1500.017
1519.602 1515.608 1511.614 1507.619 1509.018 1515.764 1522.509 1529.255 1536.001 1546.157 1556.899 1567.642 1578.384 1586.326 1583.362 1580.399 1577.435 1574.471 1569.995 1564.311 1558.626 1552.942 1547.257 1552.256 1558.357 1564.457 1570.558 1574.699 1573.196 1571.692 1570.188 1568.685 1566.38 1563.56 1560.741 1557.921 1555.102 1552.038 1548.965 1545.891 1542.818 1539.16 1534.205 1529.251 1524.297 1519.342 1515.689 1512.701 1509.713 1506.725 1503.767 1503.079 1502.391 1501.703 1501.015 1500.533 1500.411 1500.289 1500.167 1500.045 1500.009 1500.007 1500.004 1500.002
1522.012 1517.149 1512.285 1507.421 1507.937 1513.786 1519.636 1525.486 1531.335 1541.122 1551.587 1562.051 1572.516 1580.229 1577.228 1574.227 1571.227 1568.226 1563.571 1557.593 1551.614 1545.635 1539.657 1544.21 1549.849 1555.489 1561.128 1564.972 1563.645 1562.317 1560.99 1559.662 1557.606 1555.083 1552.558 1550.035 1547.51 1544.845 1542.173 1539.502 1536.83 1533.596 1529.114 1524.632 1520.151 1515.669 1512.498 1509.997 1507.496 1504.995 1502.52 1502.035 1501.55 1501.064 1500.579 1500.25 1500.191 1500.133 1500.075 1500.017 1500.003 1500.008 1500.012 1500.017
