data/zism_data/00262_03_D.txt
ncols         224
nrows         224
[rows 0 to 27 of 224, columns 0 to 62 of 224]
1454.198 1454.323 1454.447 1454.572 1454.696 1454.962 1455.316 1455.67 1456.024 1456.38 1456.776 1457.173 1457.57 1457.967 1458.399 1458.869 1459.338 1459.808 1460.278 1460.662 1461.038 1461.413 1461.789 1462.195 1462.663 1463.131 1463.599 1464.067 1464.376 1464.638 1464.9 1465.162 1465.406 1465.582 1465.758 1465.934 1466.11 1466.176 1466.176 1466.176 1466.176 1466.176 1466.176 1466.176 1466.176 1466.176 1466.196 1466.236 1466.277 1466.318 1466.359 1466.526 1466.704 1466.882 1467.06 1467.3 1467.654 1468.008 1468.362 1468.716 1469.182 1469.68 1470.178
1454.784 1454.898 1455.012 1455.126 1455.239 1455.497 1455.846 1456.194 1456.543 1456.895 1457.308 1457.721 1458.134 1458.547 1458.994 1459.48 1459.966 1460.452 1460.938 1461.329 1461.71 1462.09 1462.471 1462.874 1463.32 1463.767 1464.213 1464.659 1464.981 1465.264 1465.547 1465.83 1466.088 1466.243 1466.397 1466.552 1466.706 1466.764 1466.764 1466.764 1466.764 1466.764 1466.764 1466.764 1466.764 1466.764 1466.776 1466.8 1466.825 1466.85 1466.875 1467.055 1467.249 1467.443 1467.637 1467.886 1468.234 1468.583 1468.932 1469.281 1469.712 1470.167 1470.622
1455.37 1455.473 1455.576 1455.679 1455.782 1456.033 1456.376 1456.719 1457.063 1457.41 1457.839 1458.268 1458.697 1459.126 1459.59 1460.092 1460.594 1461.096 1461.598 1461.995 1462.381 1462.767 1463.154 1463.553 1463.978 1464.402 1464.827 1465.252 1465.585 1465.89 1466.194 1466.499 1466.77 1466.903 1467.036 1467.169 1467.302 1467.352 1467.352 1467.352 1467.352 1467.352 1467.352 1467.352 1467.352 1467.352 1467.356 1467.364 1467.373 1467.382 1467.39 1467.584 1467.794 1468.005 1468.215 1468.472 1468.815 1469.158 1469.502 1469.845 1470.242 1470.654 1471.066
1456.058 1456.151 1456.243 1456.335 1456.428 1456.671 1457.009 1457.346 1457.684 1458.026 1458.457 1458.887 1459.317 1459.747 1460.213 1460.719 1461.225 1461.73 1462.236 1462.629 1463.011 1463.393 1463.774 1464.168 1464.587 1465.005 1465.423 1465.842 1466.178 1466.489 1466.8 1467.111 1467.386 1467.513 1467.639 1467.766 1467.892 1467.939 1467.939 1467.939 1467.939 1467.939 1467.939 1467.939 1467.939 1467.939 1467.939 1467.939 1467.939 1467.939 1467.939 1468.12 1468.317 1468.513 1468.709 1468.957 1469.3 1469.643 1469.986 1470.329 1470.706 1471.093 1471.479
1456.865 1456.946 1457.028 1457.109 1457.191 1457.427 1457.759 1458.092 1458.424 1458.76 1459.175 1459.589 1460.003 1460.417 1460.87 1461.365 1461.859 1462.354 1462.849 1463.227 1463.593 1463.958 1464.324 1464.711 1465.14 1465.569 1465.998 1466.427 1466.757 1467.058 1467.358 1467.659 1467.927 1468.064 1468.202 1468.339 1468.476 1468.527 1468.527 1468.527 1468.527 1468.527 1468.527 1468.527 1468.527 1468.527 1468.527 1468.527 1468.527 1468.527 1468.527 1468.664 1468.812 1468.96 1469.108 1469.327 1469.675 1470.023 1470.371 1470.72 1471.094 1471.475 1471.856
1457.671 1457.742 1457.813 1457.884 1457.954 1458.183 1458.51 1458.837 1459.164 1459.495 1459.893 1460.291 1460.689 1461.087 1461.526 1462.01 1462.494 1462.979 1463.463 1463.825 1464.174 1464.524 1464.873 1465.253 1465.693 1466.133 1466.573 1467.012 1467.337 1467.627 1467.917 1468.206 1468.468 1468.616 1468.764 1468.912 1469.06 1469.115 1469.115 1469.115 1469.115 1469.115 1469.115 1469.115 1469.115 1469.115 1469.115 1469.115 1469.115 1469.115 1469.115 1469.207 1469.307 1469.407 1469.507 1469.696 1470.049 1470.403 1470.757 1471.11 1471.481 1471.857 1472.233
1458.477 1458.537 1458.598 1458.658 1458.718 1458.939 1459.26 1459.582 1459.904 1460.229 1460.611 1460.993 1461.375 1461.757 1462.182 1462.656 1463.129 1463.603 1464.076 1464.423 1464.756 1465.089 1465.423 1465.796 1466.246 1466.697 1467.147 1467.598 1467.917 1468.196 1468.475 1468.754 1469.009 1469.168 1469.326 1469.485 1469.644 1469.703 1469.703 1469.703 1469.703 1469.703 1469.703 1469.703 1469.703 1469.703 1469.703 1469.703 1469.703 1469.703 1469.703 1469.75 1469.802 1469.854 1469.906 1470.065 1470.424 1470.783 1471.142 1471.501 1471.869 1472.24 1472.61
1459.284 1459.333 1459.383 1459.432 1459.481 1459.695 1460.011 1460.328 1460.644 1460.963 1461.329 1461.695 1462.061 1462.426 1462.838 1463.301 1463.764 1464.227 1464.69 1465.021 1465.338 1465.655 1465.972 1466.338 1466.799 1467.26 1467.722 1468.183 1468.496 1468.765 1469.033 1469.301 1469.55 1469.719 1469.889 1470.058 1470.228 1470.291 1470.291 1470.291 1470.291 1470.291 1470.291 1470.291 1470.291 1470.291 1470.291 1470.291 1470.291 1470.291 1470.291 1470.294 1470.297 1470.301 1470.304 1470.434 1470.799 1471.163 1471.527 1471.892 1472.257 1472.622 1472.987
1459.891 1459.96 1460.028 1460.097 1460.165 1460.392 1460.718 1461.044 1461.37 1461.696 1462.016 1462.336 1462.656 1462.976 1463.375 1463.862 1464.349 1464.835 1465.322 1465.664 1465.99 1466.316 1466.642 1467.007 1467.449 1467.891 1468.333 1468.775 1469.064 1469.307 1469.55 1469.792 1470.026 1470.221 1470.416 1470.611 1470.806 1470.879 1470.879 1470.879 1470.879 1470.879 1470.879 1470.879 1470.879 1470.879 1470.879 1470.879 1470.879 1470.879 1470.879 1470.879 1470.879 1470.879 1470.879 1470.991 1471.311 1471.631 1471.951 1472.271 1472.626 1472.99 1473.355
1460.483 1460.573 1460.663 1460.753 1460.843 1461.084 1461.421 1461.758 1462.094 1462.428 1462.7 1462.972 1463.244 1463.515 1463.902 1464.416 1464.929 1465.443 1465.957 1466.31 1466.647 1466.984 1467.32 1467.685 1468.106 1468.527 1468.948 1469.368 1469.632 1469.848 1470.063 1470.279 1470.496 1470.718 1470.94 1471.162 1471.384 1471.466 1471.466 1471.466 1471.466 1471.466 1471.466 1471.466 1471.466 1471.466 1471.466 1471.466 1471.466 1471.466 1471.466 1471.466 1471.466 1471.466 1471.466 1471.562 1471.833 1472.105 1472.377 1472.649 1472.993 1473.358 1473.723
1461.075 1461.186 1461.297 1461.409 1461.52 1461.776 1462.124 1462.471 1462.819 1463.161 1463.385 1463.608 1463.832 1464.055 1464.429 1464.969 1465.51 1466.05 1466.591 1466.957 1467.304 1467.652 1467.999 1468.364 1468.763 1469.162 1469.562 1469.961 1470.199 1470.388 1470.577 1470.766 1470.967 1471.216 1471.464 1471.713 1471.962 1472.054 1472.054 1472.054 1472.054 1472.054 1472.054 1472.054 1472.054 1472.054 1472.054 1472.054 1472.054 1472.054 1472.054 1472.054 1472.054 1472.054 1472.054 1472.133 1472.356 1472.58 1472.803 1473.027 1473.36 1473.725 1474.09
1461.666 1461.799 1461.932 1462.065 1462.198 1462.469 1462.827 1463.185 1463.543 1463.894 1464.069 1464.244 1464.42 1464.595 1464.956 1465.523 1466.091 1466.658 1467.225 1467.603 1467.962 1468.32 1468.678 1469.043 1469.42 1469.798 1470.176 1470.554 1470.766 1470.929 1471.091 1471.253 1471.438 1471.713 1471.989 1472.264 1472.54 1472.642 1472.642 1472.642 1472.642 1472.642 1472.642 1472.642 1472.642 1472.642 1472.642 1472.642 1472.642 1472.642 1472.642 1472.642 1472.642 1472.642 1472.642 1472.704 1472.879 1473.054 1473.229 1473.405 1473.728 1474.093 1474.457
1462.398 1462.531 1462.665 1462.798 1462.932 1463.191 1463.531 1463.87 1464.21 1464.542 1464.707 1464.871 1465.036 1465.201 1465.557 1466.126 1466.695 1467.264 1467.833 1468.225 1468.598 1468.971 1469.344 1469.706 1470.046 1470.385 1470.725 1471.064 1471.267 1471.427 1471.588 1471.749 1471.936 1472.232 1472.528 1472.824 1473.12 1473.238 1473.25 1473.263 1473.276 1473.288 1473.288 1473.288 1473.288 1473.288 1473.288 1473.288 1473.288 1473.288 1473.288 1473.288 1473.288 1473.288 1473.288 1473.339 1473.485 1473.63 1473.776 1473.922 1474.221 1474.563 1474.904
1463.348 1463.449 1463.55 1463.651 1463.752 1463.96 1464.235 1464.51 1464.786 1465.058 1465.271 1465.484 1465.697 1465.91 1466.275 1466.806 1467.337 1467.869 1468.4 1468.808 1469.202 1469.597 1469.991 1470.346 1470.621 1470.896 1471.172 1471.447 1471.663 1471.861 1472.059 1472.257 1472.477 1472.784 1473.09 1473.397 1473.704 1473.846 1473.891 1473.936 1473.98 1474.022 1474.022 1474.022 1474.022 1474.022 1474.022 1474.022 1474.022 1474.022 1474.022 1474.022 1474.022 1474.022 1474.022 1474.073 1474.219 1474.365 1474.511 1474.657 1474.91 1475.193 1475.475
1464.297 1464.366 1464.435 1464.504 1464.573 1464.729 1464.94 1465.151 1465.362 1465.575 1465.836 1466.097 1466.359 1466.62 1466.992 1467.485 1467.979 1468.473 1468.967 1469.39 1469.806 1470.222 1470.638 1470.986 1471.197 1471.407 1471.618 1471.829 1472.059 1472.295 1472.531 1472.766 1473.018 1473.335 1473.653 1473.97 1474.288 1474.454 1474.531 1474.608 1474.685 1474.757 1474.757 1474.757 1474.757 1474.757 1474.757 1474.757 1474.757 1474.757 1474.757 1474.757 1474.757 1474.757 1474.757 1474.808 1474.954 1475.1 1475.246 1475.392 1475.599 1475.822 1476.046
1465.246 1465.283 1465.32 1465.357 1465.394 1465.498 1465.644 1465.791 1465.938 1466.091 1466.401 1466.71 1467.02 1467.329 1467.709 1468.165 1468.621 1469.078 1469.534 1469.973 1470.411 1470.848 1471.286 1471.625 1471.772 1471.919 1472.065 1472.212 1472.455 1472.729 1473.002 1473.275 1473.559 1473.887 1474.215 1474.543 1474.871 1475.062 1475.171 1475.28 1475.389 1475.492 1475.492 1475.492 1475.492 1475.492 1475.492 1475.492 1475.492 1475.492 1475.492 1475.492 1475.492 1475.492 1475.492 1475.543 1475.689 1475.835 1475.981 1476.127 1476.287 1476.452 1476.617
1466.196 1466.2 1466.205 1466.21 1466.214 1466.267 1466.349 1466.431 1466.514 1466.608 1466.966 1467.323 1467.681 1468.039 1468.426 1468.844 1469.263 1469.682 1470.101 1470.556 1471.015 1471.474 1471.933 1472.265 1472.347 1472.43 1472.512 1472.594 1472.852 1473.162 1473.473 1473.784 1474.1 1474.439 1474.778 1475.116 1475.455 1475.67 1475.811 1475.953 1476.094 1476.227 1476.227 1476.227 1476.227 1476.227 1476.227 1476.227 1476.227 1476.227 1476.227 1476.227 1476.227 1476.227 1476.227 1476.278 1476.424 1476.57 1476.716 1476.862 1476.976 1477.082 1477.188
1466.962 1466.962 1466.962 1466.962 1466.962 1467.006 1467.079 1467.152 1467.225 1467.311 1467.676 1468.041 1468.405 1468.77 1469.151 1469.551 1469.951 1470.35 1470.75 1471.193 1471.642 1472.09 1472.538 1472.865 1472.952 1473.039 1473.125 1473.212 1473.482 1473.807 1474.132 1474.457 1474.786 1475.126 1475.467 1475.807 1476.147 1476.369 1476.519 1476.67 1476.82 1476.962 1476.962 1476.962 1476.962 1476.962 1476.962 1476.962 1476.962 1476.962 1476.962 1476.962 1476.962 1476.962 1476.962 1477.003 1477.122 1477.24 1477.358 1477.477 1477.564 1477.643 1477.722
1467.697 1467.697 1467.697 1467.697 1467.697 1467.741 1467.814 1467.887 1467.96 1468.046 1468.411 1468.775 1469.14 1469.505 1469.878 1470.262 1470.646 1471.029 1471.413 1471.84 1472.272 1472.705 1473.137 1473.458 1473.561 1473.664 1473.767 1473.87 1474.151 1474.487 1474.823 1475.159 1475.496 1475.836 1476.177 1476.517 1476.858 1477.082 1477.238 1477.394 1477.55 1477.697 1477.697 1477.697 1477.697 1477.697 1477.697 1477.697 1477.697 1477.697 1477.697 1477.697 1477.697 1477.697 1477.697 1477.727 1477.813 1477.899 1477.985 1478.072 1478.135 1478.193 1478.25
1468.431 1468.431 1468.431 1468.431 1468.431 1468.476 1468.549 1468.622 1468.695 1468.781 1469.145 1469.51 1469.875 1470.24 1470.606 1470.973 1471.341 1471.708 1472.076 1472.487 1472.903 1473.319 1473.735 1474.052 1474.171 1474.289 1474.408 1474.527 1474.821 1475.167 1475.514 1475.861 1476.206 1476.547 1476.887 1477.228 1477.568 1477.796 1477.957 1478.118 1478.28 1478.431 1478.431 1478.431 1478.431 1478.431 1478.431 1478.431 1478.431 1478.431 1478.431 1478.431 1478.431 1478.431 1478.431 1478.45 1478.504 1478.558 1478.612 1478.667 1478.707 1478.743 1478.779
1469.166 1469.166 1469.166 1469.166 1469.166 1469.211 1469.284 1469.357 1469.43 1469.516 1469.88 1470.245 1470.61 1470.974 1471.333 1471.684 1472.036 1472.387 1472.738 1473.134 1473.534 1473.934 1474.334 1474.645 1474.78 1474.915 1475.05 1475.185 1475.49 1475.848 1476.205 1476.562 1476.917 1477.257 1477.597 1477.938 1478.278 1478.51 1478.676 1478.843 1479.009 1479.166 1479.166 1479.166 1479.166 1479.166 1479.166 1479.166 1479.166 1479.166 1479.166 1479.166 1479.166 1479.166 1479.166 1479.174 1479.196 1479.218 1479.24 1479.261 1479.278 1479.292 1479.307
1469.901 1469.901 1469.901 1469.901 1469.901 1469.943 1470.01 1470.078 1470.146 1470.226 1470.581 1470.935 1471.29 1471.644 1471.993 1472.335 1472.677 1473.019 1473.362 1473.759 1474.161 1474.564 1474.967 1475.283 1475.429 1475.575 1475.721 1475.867 1476.173 1476.527 1476.882 1477.236 1477.587 1477.924 1478.261 1478.598 1478.935 1479.166 1479.335 1479.503 1479.672 1479.831 1479.831 1479.831 1479.831 1479.831 1479.831 1479.831 1479.831 1479.831 1479.831 1479.831 1479.831 1479.831 1479.831 1479.831 1479.831 1479.831 1479.831 1479.831 1479.831 1479.831 1479.831
1470.636 1470.636 1470.636 1470.636 1470.636 1470.667 1470.719 1470.771 1470.823 1470.886 1471.209 1471.531 1471.853 1472.176 1472.51 1472.857 1473.205 1473.552 1473.9 1474.336 1474.782 1475.227 1475.673 1476.018 1476.164 1476.31 1476.456 1476.602 1476.883 1477.205 1477.527 1477.85 1478.173 1478.499 1478.825 1479.152 1479.478 1479.702 1479.865 1480.028 1480.191 1480.345 1480.345 1480.345 1480.345 1480.345 1480.345 1480.345 1480.345 1480.345 1480.345 1480.345 1480.345 1480.345 1480.345 1480.345 1480.345 1480.345 1480.345 1480.345 1480.345 1480.345 1480.345
1471.371 1471.371 1471.371 1471.371 1471.371 1471.392 1471.428 1471.464 1471.499 1471.546 1471.836 1472.127 1472.417 1472.707 1473.027 1473.38 1473.733 1474.085 1474.438 1474.914 1475.402 1475.891 1476.379 1476.753 1476.899 1477.045 1477.191 1477.337 1477.593 1477.883 1478.173 1478.464 1478.759 1479.074 1479.39 1479.705 1480.021 1480.237 1480.395 1480.553 1480.711 1480.859 1480.859 1480.859 1480.859 1480.859 1480.859 1480.859 1480.859 1480.859 1480.859 1480.859 1480.859 1480.859 1480.859 1480.859 1480.859 1480.859 1480.859 1480.859 1480.859 1480.859 1480.859
1472.105 1472.105 1472.105 1472.105 1472.105 1472.117 1472.137 1472.157 1472.176 1472.206 1472.464 1472.722 1472.98 1473.238 1473.544 1473.902 1474.26 1474.618 1474.977 1475.492 1476.023 1476.554 1477.086 1477.488 1477.634 1477.78 1477.925 1478.071 1478.303 1478.561 1478.819 1479.077 1479.344 1479.649 1479.954 1480.259 1480.564 1480.773 1480.925 1481.078 1481.23 1481.374 1481.374 1481.374 1481.374 1481.374 1481.374 1481.374 1481.374 1481.374 1481.374 1481.374 1481.374 1481.374 1481.374 1481.374 1481.374 1481.374 1481.374 1481.374 1481.374 1481.374 1481.374
1472.84 1472.84 1472.84 1472.84 1472.84 1472.842 1472.846 1472.849 1472.853 1472.866 1473.092 1473.318 1473.544 1473.77 1474.061 1474.424 1474.788 1475.151 1475.515 1476.069 1476.644 1477.218 1477.792 1478.223 1478.368 1478.514 1478.66 1478.806 1479.013 1479.239 1479.465 1479.691 1479.93 1480.224 1480.518 1480.813 1481.107 1481.308 1481.456 1481.603 1481.75 1481.888 1481.888 1481.888 1481.888 1481.888 1481.888 1481.888 1481.888 1481.888 1481.888 1481.888 1481.888 1481.888 1481.888 1481.888 1481.888 1481.888 1481.888 1481.888 1481.888 1481.888 1481.888
1473.575 1473.575 1473.575 1473.575 1473.575 1473.575 1473.575 1473.575 1473.575 1473.585 1473.803 1474.022 1474.241 1474.46 1474.748 1475.113 1475.478 1475.842 1476.207 1476.736 1477.282 1477.828 1478.373 1478.797 1478.981 1479.165 1479.349 1479.532 1479.74 1479.954 1480.169 1480.384 1480.609 1480.875 1481.142 1481.408 1481.675 1481.868 1482.019 1482.169 1482.319 1482.46 1482.46 1482.46 1482.46 1482.46 1482.46 1482.46 1482.46 1482.46 1482.46 1482.46 1482.46 1482.46 1482.46 1482.46 1482.46 1482.46 1482.46 1482.46 1482.46 1482.46 1482.46
1474.31 1474.31 1474.31 1474.31 1474.31 1474.31 1474.31 1474.31 1474.31 1474.319 1474.538 1474.757 1474.976 1475.195 1475.483 1475.848 1476.213 1476.577 1476.942 1477.427 1477.925 1478.422 1478.92 1479.328 1479.56 1479.792 1480.024 1480.256 1480.47 1480.68 1480.889 1481.098 1481.313 1481.547 1481.781 1482.016 1482.25 1482.435 1482.591 1482.746 1482.902 1483.048 1483.048 1483.048 1483.048 1483.048 1483.048 1483.048 1483.048 1483.048 1483.048 1483.048 1483.048 1483.048 1483.048 1483.048 1483.048 1483.048 1483.048 1483.048 1483.048 1483.048 1483.048
