data/zism_data/00263_02_D.txt
ncols         224
nrows         224
[rows 174 to 202 of 224, columns 65 to 129 of 224]
1310.018 1310.001 1309.917 1309.831 1309.745 1309.659 1309.552 1309.418 1309.284 1309.15 1309.016 1309.0 1309.0 1309.0 1309.0 1308.955 1308.826 1308.696 1308.567 1308.438 1308.339 1308.248 1308.157 1308.066 1308.0 1308.0 1308.0 1308.0 1308.0 1307.904 1307.775 1307.646 1307.516 1307.409 1307.387 1307.366 1307.344 1307.323 1307.287 1307.244 1307.2 1307.157 1307.12 1307.12 1307.12 1307.12 1307.12 1307.089 1307.037 1306.985 1306.933 1306.874 1306.706 1306.537 1306.369 1306.2 1306.106 1306.08 1306.053 1306.027 1306.0 1306.0 1306.0 1306.0 1306.0
1310.052 1310.002 1309.938 1309.873 1309.808 1309.744 1309.641 1309.485 1309.329 1309.174 1309.018 1309.0 1309.0 1309.0 1309.0 1308.966 1308.869 1308.772 1308.675 1308.577 1308.459 1308.336 1308.213 1308.089 1308.0 1308.0 1308.0 1308.0 1308.0 1307.928 1307.831 1307.734 1307.637 1307.556 1307.54 1307.523 1307.507 1307.491 1307.464 1307.432 1307.399 1307.367 1307.339 1307.339 1307.339 1307.339 1307.339 1307.305 1307.247 1307.19 1307.133 1307.069 1306.906 1306.743 1306.58 1306.417 1306.3 1306.225 1306.15 1306.076 1306.001 1306.0 1306.0 1306.0 1306.0
1310.085 1310.004 1309.958 1309.915 1309.872 1309.828 1309.729 1309.552 1309.375 1309.198 1309.021 1309.0 1309.0 1309.0 1309.0 1308.977 1308.912 1308.847 1308.782 1308.717 1308.579 1308.423 1308.268 1308.113 1308.0 1308.0 1308.0 1308.0 1308.0 1307.952 1307.887 1307.822 1307.757 1307.703 1307.692 1307.681 1307.67 1307.659 1307.641 1307.62 1307.598 1307.576 1307.557 1307.557 1307.557 1307.557 1307.557 1307.52 1307.458 1307.395 1307.332 1307.264 1307.106 1306.949 1306.791 1306.633 1306.493 1306.37 1306.248 1306.125 1306.002 1306.0 1306.0 1306.0 1306.0
1310.119 1310.005 1309.979 1309.957 1309.935 1309.913 1309.817 1309.619 1309.42 1309.222 1309.023 1309.0 1309.0 1309.0 1309.0 1308.989 1308.956 1308.923 1308.89 1308.857 1308.699 1308.511 1308.323 1308.136 1308.0 1308.0 1308.0 1308.0 1308.0 1307.976 1307.943 1307.91 1307.877 1307.85 1307.844 1307.839 1307.833 1307.828 1307.819 1307.808 1307.797 1307.786 1307.776 1307.776 1307.776 1307.776 1307.776 1307.736 1307.668 1307.6 1307.532 1307.459 1307.307 1307.154 1307.002 1306.849 1306.687 1306.516 1306.345 1306.174 1306.002 1306.0 1306.0 1306.0 1306.0
1310.153 1310.006 1310.0 1309.999 1309.999 1309.998 1309.905 1309.685 1309.465 1309.245 1309.026 1309.0 1309.0 1309.0 1309.0 1309.0 1308.999 1308.998 1308.998 1308.997 1308.818 1308.599 1308.379 1308.159 1308.0 1308.0 1308.0 1308.0 1308.0 1308.0 1307.999 1307.998 1307.997 1307.997 1307.997 1307.997 1307.996 1307.996 1307.996 1307.996 1307.996 1307.995 1307.995 1307.995 1307.995 1307.995 1307.995 1307.952 1307.878 1307.805 1307.731 1307.654 1307.507 1307.36 1307.213 1307.066 1306.881 1306.661 1306.442 1306.223 1306.003 1306.0 1306.0 1306.0 1306.0
1310.17 1310.007 1310.0 1310.0 1310.0 1310.0 1309.925 1309.746 1309.568 1309.39 1309.211 1309.153 1309.111 1309.069 1309.027 1309.0 1309.0 1309.0 1309.0 1309.0 1308.847 1308.658 1308.469 1308.28 1308.134 1308.103 1308.071 1308.04 1308.008 1308.016 1308.036 1308.057 1308.078 1308.098 1308.114 1308.13 1308.146 1308.161 1308.173 1308.184 1308.194 1308.205 1308.213 1308.202 1308.192 1308.181 1308.171 1308.123 1308.049 1307.976 1307.902 1307.824 1307.672 1307.52 1307.368 1307.215 1307.03 1306.815 1306.6 1306.385 1306.17 1306.13 1306.094 1306.057 1306.02
1310.187 1310.008 1310.0 1310.0 1310.0 1310.0 1309.943 1309.807 1309.672 1309.536 1309.401 1309.31 1309.225 1309.14 1309.055 1309.0 1309.0 1309.0 1309.0 1309.0 1308.873 1308.716 1308.559 1308.402 1308.271 1308.207 1308.144 1308.08 1308.017 1308.031 1308.074 1308.116 1308.159 1308.199 1308.231 1308.262 1308.294 1308.326 1308.351 1308.372 1308.393 1308.414 1308.43 1308.409 1308.388 1308.367 1308.345 1308.293 1308.22 1308.146 1308.073 1307.994 1307.837 1307.679 1307.521 1307.364 1307.179 1306.969 1306.759 1306.55 1306.34 1306.264 1306.189 1306.115 1306.041
1310.203 1310.008 1310.0 1310.0 1310.0 1310.0 1309.961 1309.868 1309.776 1309.683 1309.59 1309.466 1309.339 1309.211 1309.083 1309.0 1309.0 1309.0 1309.0 1309.0 1308.899 1308.774 1308.65 1308.525 1308.408 1308.312 1308.217 1308.121 1308.025 1308.047 1308.111 1308.175 1308.239 1308.299 1308.347 1308.395 1308.443 1308.491 1308.528 1308.56 1308.592 1308.624 1308.648 1308.616 1308.584 1308.552 1308.52 1308.463 1308.39 1308.316 1308.243 1308.164 1308.001 1307.838 1307.675 1307.512 1307.328 1307.123 1306.919 1306.714 1306.51 1306.397 1306.285 1306.173 1306.062
1310.22 1310.009 1310.0 1310.0 1310.0 1310.0 1309.979 1309.929 1309.879 1309.829 1309.78 1309.623 1309.453 1309.282 1309.111 1309.0 1309.0 1309.0 1309.0 1309.0 1308.925 1308.832 1308.74 1308.647 1308.545 1308.417 1308.289 1308.161 1308.033 1308.063 1308.148 1308.234 1308.319 1308.4 1308.464 1308.528 1308.592 1308.656 1308.706 1308.748 1308.791 1308.833 1308.865 1308.822 1308.78 1308.737 1308.694 1308.634 1308.56 1308.487 1308.413 1308.334 1308.166 1307.997 1307.829 1307.661 1307.476 1307.277 1307.078 1306.879 1306.68 1306.53 1306.381 1306.231 1306.082
1310.253 1310.039 1310.024 1310.017 1310.01 1310.004 1309.991 1309.968 1309.946 1309.924 1309.901 1309.729 1309.538 1309.346 1309.155 1309.03 1309.03 1309.03 1309.03 1309.03 1308.974 1308.905 1308.836 1308.766 1308.678 1308.54 1308.402 1308.264 1308.125 1308.155 1308.245 1308.334 1308.423 1308.509 1308.583 1308.656 1308.729 1308.803 1308.866 1308.924 1308.981 1309.039 1309.082 1309.024 1308.966 1308.909 1308.851 1308.788 1308.721 1308.654 1308.587 1308.515 1308.359 1308.203 1308.047 1307.89 1307.712 1307.514 1307.316 1307.118 1306.92 1306.759 1306.598 1306.438 1306.277
1310.309 1310.111 1310.081 1310.058 1310.036 1310.013 1309.993 1309.976 1309.959 1309.942 1309.925 1309.763 1309.582 1309.402 1309.221 1309.103 1309.103 1309.103 1309.103 1309.103 1309.055 1308.997 1308.939 1308.88 1308.806 1308.689 1308.572 1308.456 1308.339 1308.358 1308.426 1308.494 1308.562 1308.631 1308.704 1308.778 1308.851 1308.925 1309.002 1309.081 1309.16 1309.24 1309.298 1309.219 1309.14 1309.06 1308.981 1308.919 1308.868 1308.817 1308.766 1308.712 1308.593 1308.474 1308.356 1308.237 1308.074 1307.871 1307.667 1307.464 1307.26 1307.126 1306.992 1306.858 1306.724
1310.365 1310.184 1310.139 1310.1 1310.061 1310.022 1309.995 1309.984 1309.972 1309.96 1309.949 1309.797 1309.627 1309.457 1309.287 1309.176 1309.176 1309.176 1309.176 1309.176 1309.137 1309.089 1309.042 1308.994 1308.933 1308.838 1308.743 1308.647 1308.552 1308.561 1308.608 1308.654 1308.7 1308.752 1308.826 1308.899 1308.973 1309.046 1309.138 1309.238 1309.339 1309.44 1309.514 1309.413 1309.313 1309.212 1309.112 1309.05 1309.015 1308.981 1308.946 1308.908 1308.827 1308.746 1308.665 1308.584 1308.436 1308.227 1308.019 1307.81 1307.601 1307.492 1307.386 1307.279 1307.172
1310.422 1310.256 1310.196 1310.141 1310.087 1310.032 1309.997 1309.991 1309.985 1309.979 1309.973 1309.831 1309.672 1309.512 1309.353 1309.249 1309.249 1309.249 1309.249 1309.249 1309.219 1309.182 1309.145 1309.108 1309.061 1308.987 1308.913 1308.839 1308.765 1308.764 1308.789 1308.814 1308.839 1308.874 1308.947 1309.021 1309.094 1309.168 1309.274 1309.396 1309.518 1309.64 1309.73 1309.608 1309.486 1309.364 1309.242 1309.181 1309.162 1309.144 1309.125 1309.105 1309.062 1309.018 1308.974 1308.931 1308.798 1308.584 1308.37 1308.156 1307.941 1307.859 1307.779 1307.699 1307.619
1310.478 1310.328 1310.254 1310.183 1310.112 1310.041 1310.0 1309.999 1309.998 1309.997 1309.996 1309.865 1309.716 1309.567 1309.419 1309.322 1309.322 1309.322 1309.322 1309.322 1309.3 1309.274 1309.248 1309.222 1309.188 1309.136 1309.083 1309.031 1308.979 1308.967 1308.971 1308.974 1308.978 1308.995 1309.069 1309.142 1309.216 1309.289 1309.41 1309.553 1309.697 1309.84 1309.946 1309.803 1309.659 1309.516 1309.372 1309.312 1309.31 1309.307 1309.305 1309.302 1309.296 1309.29 1309.284 1309.278 1309.16 1308.941 1308.721 1308.501 1308.282 1308.226 1308.173 1308.12 1308.066
1310.581 1310.461 1310.36 1310.259 1310.159 1310.058 1310.0 1310.0 1310.0 1310.0 1310.0 1309.894 1309.774 1309.654 1309.534 1309.456 1309.456 1309.456 1309.456 1309.456 1309.44 1309.42 1309.4 1309.38 1309.354 1309.314 1309.274 1309.234 1309.194 1309.184 1309.184 1309.184 1309.184 1309.196 1309.256 1309.316 1309.376 1309.436 1309.536 1309.656 1309.776 1309.896 1309.984 1309.864 1309.744 1309.625 1309.505 1309.456 1309.456 1309.456 1309.456 1309.456 1309.456 1309.456 1309.456 1309.456 1309.362 1309.182 1309.002 1308.822 1308.642 1308.64 1308.641 1308.641 1308.641
1310.693 1310.606 1310.475 1310.342 1310.21 1310.077 1310.0 1310.0 1310.0 1310.0 1310.0 1309.922 1309.835 1309.747 1309.659 1309.602 1309.602 1309.602 1309.602 1309.602 1309.59 1309.575 1309.561 1309.546 1309.527 1309.498 1309.469 1309.439 1309.41 1309.403 1309.403 1309.403 1309.403 1309.411 1309.455 1309.499 1309.543 1309.587 1309.66 1309.748 1309.836 1309.924 1309.989 1309.901 1309.813 1309.725 1309.637 1309.602 1309.602 1309.602 1309.602 1309.602 1309.602 1309.602 1309.602 1309.602 1309.533 1309.401 1309.27 1309.138 1309.006 1309.063 1309.122 1309.182 1309.241
1310.806 1310.75 1310.59 1310.425 1310.26 1310.096 1310.0 1310.0 1310.0 1310.0 1310.0 1309.951 1309.895 1309.84 1309.784 1309.748 1309.748 1309.748 1309.748 1309.748 1309.74 1309.731 1309.722 1309.712 1309.7 1309.682 1309.663 1309.645 1309.626 1309.621 1309.621 1309.621 1309.621 1309.627 1309.655 1309.683 1309.711 1309.738 1309.785 1309.84 1309.896 1309.952 1309.993 1309.937 1309.881 1309.826 1309.77 1309.748 1309.748 1309.748 1309.748 1309.748 1309.748 1309.748 1309.748 1309.748 1309.704 1309.621 1309.537 1309.454 1309.37 1309.486 1309.604 1309.723 1309.841
1310.918 1310.895 1310.705 1310.508 1310.311 1310.114 1310.0 1310.0 1310.0 1310.0 1310.0 1309.979 1309.956 1309.932 1309.909 1309.894 1309.894 1309.894 1309.894 1309.894 1309.89 1309.886 1309.882 1309.879 1309.874 1309.866 1309.858 1309.85 1309.842 1309.84 1309.84 1309.84 1309.84 1309.843 1309.854 1309.866 1309.878 1309.89 1309.909 1309.933 1309.956 1309.98 1309.997 1309.974 1309.95 1309.927 1309.903 1309.894 1309.894 1309.894 1309.894 1309.894 1309.894 1309.894 1309.894 1309.894 1309.875 1309.84 1309.805 1309.77 1309.734 1309.909 1310.086 1310.263 1310.441
1311.0 1311.0 1310.799 1310.589 1310.378 1310.168 1310.045 1310.044 1310.042 1310.041 1310.04 1310.039 1310.039 1310.039 1310.039 1310.039 1310.039 1310.039 1310.039 1310.039 1310.045 1310.052 1310.06 1310.067 1310.077 1310.096 1310.115 1310.134 1310.153 1310.153 1310.148 1310.142 1310.136 1310.129 1310.119 1310.109 1310.099 1310.089 1310.082 1310.076 1310.07 1310.064 1310.059 1310.059 1310.059 1310.059 1310.059 1310.061 1310.064 1310.067 1310.069 1310.073 1310.078 1310.084 1310.09 1310.096 1310.099 1310.099 1310.099 1310.099 1310.099 1310.32 1310.545 1310.77 1310.994
1311.0 1311.0 1310.835 1310.662 1310.489 1310.316 1310.213 1310.207 1310.2 1310.193 1310.186 1310.185 1310.185 1310.185 1310.185 1310.185 1310.185 1310.185 1310.185 1310.185 1310.213 1310.247 1310.281 1310.315 1310.364 1310.453 1310.541 1310.63 1310.718 1310.721 1310.694 1310.667 1310.639 1310.608 1310.56 1310.513 1310.465 1310.417 1310.383 1310.356 1310.329 1310.302 1310.278 1310.278 1310.278 1310.278 1310.278 1310.286 1310.3 1310.313 1310.327 1310.341 1310.369 1310.396 1310.423 1310.45 1310.463 1310.463 1310.463 1310.463 1310.463 1310.701 1310.942 1311.182 1311.423
1311.0 1311.0 1310.871 1310.735 1310.6 1310.465 1310.381 1310.369 1310.357 1310.345 1310.333 1310.331 1310.331 1310.331 1310.331 1310.331 1310.331 1310.331 1310.331 1310.331 1310.381 1310.441 1310.502 1310.563 1310.651 1310.809 1310.967 1311.125 1311.284 1311.289 1311.24 1311.192 1311.143 1311.087 1311.002 1310.916 1310.831 1310.746 1310.685 1310.636 1310.588 1310.539 1310.497 1310.497 1310.497 1310.497 1310.497 1310.511 1310.536 1310.56 1310.584 1310.61 1310.659 1310.707 1310.756 1310.805 1310.828 1310.828 1310.828 1310.828 1310.828 1311.081 1311.338 1311.595 1311.852
1311.0 1311.0 1310.906 1310.809 1310.711 1310.613 1310.549 1310.532 1310.514 1310.497 1310.479 1310.477 1310.477 1310.477 1310.477 1310.477 1310.477 1310.477 1310.477 1310.477 1310.548 1310.636 1310.724 1310.811 1310.938 1311.165 1311.393 1311.621 1311.849 1311.857 1311.786 1311.716 1311.646 1311.565 1311.443 1311.32 1311.197 1311.075 1310.987 1310.917 1310.847 1310.777 1310.716 1310.716 1310.716 1310.716 1310.716 1310.736 1310.772 1310.807 1310.842 1310.879 1310.949 1311.019 1311.089 1311.159 1311.193 1311.193 1311.193 1311.193 1311.193 1311.462 1311.735 1312.008 1312.281
1311.0 1311.0 1310.942 1310.882 1310.822 1310.762 1310.717 1310.694 1310.671 1310.649 1310.626 1310.623 1310.623 1310.623 1310.623 1310.623 1310.623 1310.623 1310.623 1310.623 1310.716 1310.83 1310.945 1311.059 1311.224 1311.522 1311.819 1312.117 1312.414 1312.424 1312.333 1312.241 1312.15 1312.044 1311.884 1311.724 1311.563 1311.403 1311.289 1311.197 1311.106 1311.014 1310.934 1310.934 1310.934 1310.934 1310.934 1310.962 1311.007 1311.053 1311.099 1311.148 1311.239 1311.331 1311.422 1311.514 1311.557 1311.557 1311.557 1311.557 1311.557 1311.842 1312.131 1312.421 1312.71
1311.008 1311.0 1310.968 1310.934 1310.9 1310.866 1310.842 1310.833 1310.823 1310.813 1310.804 1310.816 1310.831 1310.846 1310.861 1310.863 1310.841 1310.818 1310.796 1310.773 1310.874 1311.004 1311.134 1311.264 1311.441 1311.741 1312.04 1312.34 1312.64 1312.656 1312.573 1312.491 1312.408 1312.305 1312.126 1311.947 1311.768 1311.589 1311.459 1311.354 1311.248 1311.143 1311.054 1311.077 1311.099 1311.122 1311.144 1311.185 1311.237 1311.29 1311.343 1311.399 1311.504 1311.61 1311.715 1311.821 1311.877 1311.888 1311.9 1311.911 1311.922 1312.208 1312.498 1312.789 1313.079
1311.019 1311.001 1310.988 1310.975 1310.963 1310.95 1310.948 1310.96 1310.972 1310.984 1310.996 1311.03 1311.066 1311.103 1311.139 1311.144 1311.089 1311.035 1310.98 1310.925 1311.029 1311.17 1311.31 1311.451 1311.628 1311.901 1312.174 1312.447 1312.719 1312.745 1312.684 1312.622 1312.561 1312.473 1312.284 1312.094 1311.904 1311.714 1311.574 1311.458 1311.341 1311.225 1311.131 1311.186 1311.241 1311.295 1311.35 1311.407 1311.465 1311.523 1311.581 1311.643 1311.759 1311.875 1311.991 1312.107 1312.177 1312.205 1312.232 1312.259 1312.287 1312.568 1312.853 1313.137 1313.422
1311.03 1311.001 1311.009 1311.017 1311.026 1311.035 1311.054 1311.088 1311.121 1311.155 1311.188 1311.243 1311.301 1311.359 1311.417 1311.425 1311.338 1311.251 1311.164 1311.077 1311.184 1311.335 1311.486 1311.638 1311.815 1312.061 1312.307 1312.553 1312.799 1312.834 1312.794 1312.754 1312.714 1312.641 1312.441 1312.24 1312.04 1311.84 1311.688 1311.561 1311.434 1311.307 1311.208 1311.295 1311.382 1311.469 1311.556 1311.629 1311.692 1311.756 1311.819 1311.886 1312.013 1312.14 1312.267 1312.394 1312.477 1312.521 1312.564 1312.608 1312.651 1312.927 1313.207 1313.486 1313.766
1311.041 1311.002 1311.029 1311.059 1311.09 1311.12 1311.161 1311.216 1311.271 1311.325 1311.38 1311.457 1311.536 1311.615 1311.695 1311.705 1311.586 1311.467 1311.348 1311.229 1311.338 1311.5 1311.662 1311.825 1312.002 1312.222 1312.441 1312.66 1312.879 1312.923 1312.904 1312.886 1312.867 1312.809 1312.598 1312.387 1312.176 1311.965 1311.803 1311.665 1311.527 1311.39 1311.286 1311.405 1311.524 1311.643 1311.762 1311.851 1311.92 1311.989 1312.057 1312.13 1312.268 1312.405 1312.543 1312.681 1312.778 1312.837 1312.897 1312.956 1313.016 1313.287 1313.561 1313.835 1314.109
1311.056 1311.002 1311.046 1311.093 1311.141 1311.188 1311.248 1311.326 1311.404 1311.482 1311.559 1311.652 1311.748 1311.843 1311.938 1311.95 1311.808 1311.665 1311.522 1311.379 1311.493 1311.666 1311.839 1312.011 1312.189 1312.379 1312.57 1312.76 1312.95 1313.0 1313.0 1313.0 1313.0 1312.957 1312.742 1312.528 1312.314 1312.1 1311.929 1311.78 1311.631 1311.482 1311.372 1311.521 1311.67 1311.819 1311.968 1312.072 1312.146 1312.219 1312.293 1312.371 1312.518 1312.665 1312.812 1312.958 1313.068 1313.144 1313.219 1313.295 1313.371 1313.632 1313.896 1314.159 1314.423
1311.095 1311.004 1311.035 1311.072 1311.109 1311.146 1311.213 1311.323 1311.433 1311.543 1311.653 1311.731 1311.804 1311.878 1311.952 1311.962 1311.851 1311.74 1311.63 1311.519 1311.647 1311.831 1312.015 1312.198 1312.372 1312.519 1312.667 1312.814 1312.962 1313.0 1313.0 1313.0 1313.0 1312.966 1312.801 1312.635 1312.469 1312.303 1312.137 1311.972 1311.807 1311.642 1311.52 1311.685 1311.85 1312.015 1312.181 1312.291 1312.365 1312.438 1312.512 1312.589 1312.736 1312.883 1313.03 1313.177 1313.295 1313.387 1313.479 1313.57 1313.662 1313.881 1314.102 1314.323 1314.544
