data/zism_data/00260_02_D.txt
ncols         224
nrows         224
[rows 56 to 83 of 224, columns 63 to 125 of 224]
1459.347 1464.616 1469.885 1475.155 1476.037 1476.719 1477.402 1478.085 1477.603 1475.516 1473.429 1471.342 1469.254 1467.305 1465.374 1463.442 1461.511 1459.531 1457.459 1455.388 1453.317 1451.245 1447.877 1444.207 1440.538 1436.868 1433.236 1429.7 1426.164 1422.628 1419.092 1415.858 1412.731 1409.603 1406.476 1403.805 1402.927 1402.049 1401.171 1400.293 1400.0 1400.0 1400.0 1400.0 1400.068 1400.593 1401.118 1401.643 1402.168 1404.136 1407.09 1410.043 1412.997 1415.975 1419.36 1422.744 1426.129 1429.513 1433.052 1436.733 1440.413 1444.094 1447.774
1469.478 1474.351 1479.224 1484.096 1485.34 1486.42 1487.499 1488.579 1488.638 1487.291 1485.943 1484.595 1483.248 1482.285 1481.372 1480.459 1479.546 1478.341 1476.585 1474.83 1473.075 1471.32 1466.954 1461.982 1457.01 1452.038 1447.085 1442.182 1437.279 1432.376 1427.474 1422.975 1418.62 1414.265 1409.91 1406.151 1404.731 1403.312 1401.893 1400.473 1400.0 1400.0 1400.0 1400.0 1400.048 1400.418 1400.787 1401.157 1401.526 1403.017 1405.274 1407.53 1409.787 1412.096 1415.267 1418.437 1421.607 1424.777 1428.244 1431.983 1435.723 1439.462 1443.201
1479.61 1484.086 1488.562 1493.038 1494.645 1496.121 1497.597 1499.073 1499.673 1499.065 1498.458 1497.85 1497.242 1497.265 1497.371 1497.477 1497.582 1497.151 1495.712 1494.273 1492.834 1491.395 1486.031 1479.757 1473.482 1467.207 1460.934 1454.664 1448.395 1442.125 1435.855 1430.093 1424.51 1418.928 1413.345 1408.497 1406.536 1404.575 1402.615 1400.654 1400.0 1400.0 1400.0 1400.0 1400.028 1400.242 1400.456 1400.67 1400.884 1401.898 1403.457 1405.017 1406.577 1408.218 1411.173 1414.129 1417.084 1420.04 1423.435 1427.234 1431.032 1434.831 1438.629
1489.742 1493.821 1497.9 1501.98 1503.948 1505.821 1507.694 1509.567 1510.708 1510.84 1510.972 1511.104 1511.236 1512.245 1513.369 1514.493 1515.618 1515.96 1514.838 1513.715 1512.592 1511.47 1505.109 1497.531 1489.954 1482.377 1474.783 1467.146 1459.51 1451.873 1444.236 1437.21 1430.4 1423.59 1416.779 1410.843 1408.341 1405.839 1403.336 1400.834 1400.0 1400.0 1400.0 1400.0 1400.008 1400.066 1400.125 1400.183 1400.242 1400.778 1401.641 1402.504 1403.367 1404.339 1407.08 1409.821 1412.562 1415.303 1418.627 1422.484 1426.342 1430.199 1434.056
1494.527 1498.712 1502.897 1507.082 1509.551 1511.942 1514.332 1516.723 1518.419 1519.157 1519.895 1520.633 1521.37 1522.947 1524.633 1526.319 1528.006 1528.806 1527.945 1527.084 1526.224 1525.363 1518.49 1510.221 1501.953 1493.684 1485.304 1476.631 1467.959 1459.286 1450.613 1442.796 1435.282 1427.767 1420.252 1413.642 1410.586 1407.53 1404.474 1401.417 1400.379 1400.35 1400.321 1400.291 1400.262 1400.232 1400.202 1400.172 1400.142 1400.475 1401.056 1401.636 1402.217 1402.897 1405.198 1407.498 1409.799 1412.1 1415.176 1418.962 1422.749 1426.535 1430.322
1497.813 1502.244 1506.676 1511.107 1514.115 1517.058 1520.001 1522.944 1525.199 1526.505 1527.811 1529.117 1530.423 1532.449 1534.569 1536.69 1538.81 1539.98 1539.365 1538.751 1538.137 1537.523 1530.274 1521.486 1512.697 1503.909 1494.892 1485.276 1475.66 1466.044 1456.427 1447.952 1439.88 1431.808 1423.736 1416.569 1412.955 1409.341 1405.728 1402.114 1400.865 1400.798 1400.731 1400.664 1400.593 1400.494 1400.394 1400.294 1400.195 1400.401 1400.815 1401.229 1401.644 1402.138 1403.935 1405.732 1407.529 1409.326 1412.104 1415.784 1419.463 1423.142 1426.822
1501.099 1505.777 1510.455 1515.133 1518.68 1522.175 1525.67 1529.165 1531.979 1533.853 1535.727 1537.601 1539.475 1541.951 1544.506 1547.061 1549.615 1551.153 1550.786 1550.418 1550.051 1549.683 1542.059 1532.751 1523.442 1514.133 1504.481 1493.921 1483.361 1472.802 1462.242 1453.109 1444.479 1435.849 1427.22 1419.495 1415.324 1411.153 1406.982 1402.81 1401.35 1401.246 1401.142 1401.037 1400.925 1400.755 1400.586 1400.417 1400.247 1400.326 1400.574 1400.823 1401.071 1401.38 1402.672 1403.965 1405.258 1406.551 1409.033 1412.606 1416.178 1419.75 1423.322
1504.384 1509.309 1514.234 1519.159 1523.244 1527.292 1531.339 1535.386 1538.759 1541.201 1543.644 1546.086 1548.528 1551.453 1554.442 1557.431 1560.42 1562.327 1562.206 1562.085 1561.964 1561.843 1553.844 1544.015 1534.187 1524.358 1514.069 1502.566 1491.063 1479.559 1468.057 1458.265 1449.078 1439.891 1430.704 1422.421 1417.693 1412.964 1408.235 1403.507 1401.836 1401.694 1401.552 1401.411 1401.256 1401.017 1400.778 1400.539 1400.3 1400.252 1400.334 1400.416 1400.498 1400.621 1401.41 1402.199 1402.988 1403.777 1405.962 1409.427 1412.892 1416.357 1419.822
1507.162 1512.262 1517.362 1522.462 1527.075 1531.667 1536.259 1540.85 1544.785 1547.813 1550.842 1553.87 1556.899 1560.176 1563.486 1566.795 1570.105 1572.297 1572.394 1572.492 1572.589 1572.686 1564.55 1554.504 1544.457 1534.411 1523.703 1511.254 1498.805 1486.356 1473.908 1463.555 1453.942 1444.329 1434.716 1426.003 1420.826 1415.648 1410.471 1405.294 1403.398 1403.143 1402.887 1402.632 1402.354 1401.928 1401.501 1401.074 1400.648 1400.412 1400.308 1400.203 1400.099 1400.022 1400.395 1400.769 1401.143 1401.517 1403.5 1406.958 1410.417 1413.876 1417.334
1508.047 1513.056 1518.065 1523.074 1528.176 1533.282 1538.388 1543.494 1548.002 1551.685 1555.367 1559.05 1562.732 1565.995 1569.203 1572.411 1575.618 1577.783 1577.993 1578.203 1578.413 1578.623 1571.243 1562.103 1552.962 1543.821 1533.507 1520.104 1506.701 1493.298 1479.896 1469.341 1459.793 1450.244 1440.695 1432.025 1426.805 1421.585 1416.365 1411.145 1408.97 1408.318 1407.666 1407.014 1406.309 1405.255 1404.201 1403.147 1402.094 1401.448 1401.08 1400.713 1400.346 1400.017 1400.305 1400.593 1400.881 1401.169 1403.304 1407.132 1410.961 1414.79 1418.618
1508.933 1513.85 1518.768 1523.686 1529.276 1534.897 1540.517 1546.138 1551.219 1555.556 1559.892 1564.229 1568.566 1571.814 1574.92 1578.026 1581.132 1583.27 1583.592 1583.914 1584.237 1584.559 1577.937 1569.702 1561.467 1553.232 1543.312 1528.954 1514.598 1500.24 1485.883 1475.128 1465.643 1456.159 1446.674 1438.047 1432.784 1427.521 1422.258 1416.995 1414.541 1413.493 1412.444 1411.395 1410.264 1408.583 1406.902 1405.221 1403.539 1402.483 1401.853 1401.223 1400.593 1400.012 1400.214 1400.416 1400.618 1400.821 1403.108 1407.306 1411.505 1415.703 1419.901
1509.818 1514.645 1519.471 1524.297 1530.376 1536.512 1542.647 1548.782 1554.437 1559.427 1564.418 1569.408 1574.399 1577.633 1580.637 1583.641 1586.645 1588.756 1589.191 1589.626 1590.061 1590.496 1584.63 1577.301 1569.972 1562.643 1553.116 1537.805 1522.494 1507.182 1491.871 1480.914 1471.494 1462.074 1452.654 1444.068 1438.763 1433.457 1428.151 1422.845 1420.113 1418.668 1417.222 1415.777 1414.219 1411.91 1409.602 1407.294 1404.985 1403.518 1402.626 1401.733 1400.841 1400.007 1400.123 1400.24 1400.356 1400.473 1402.912 1407.48 1412.048 1416.617 1421.185
1510.703 1515.439 1520.174 1524.909 1531.476 1538.126 1544.776 1551.427 1557.654 1563.299 1568.943 1574.587 1580.232 1583.452 1586.354 1589.256 1592.159 1594.242 1594.79 1595.337 1595.885 1596.432 1591.323 1584.9 1578.476 1572.054 1562.921 1546.655 1530.39 1514.124 1497.859 1486.7 1477.345 1467.989 1458.633 1450.09 1444.742 1439.393 1434.044 1428.695 1425.685 1423.842 1422.0 1420.158 1418.174 1415.238 1412.302 1409.367 1406.431 1404.554 1403.399 1402.243 1401.088 1400.002 1400.032 1400.063 1400.094 1400.125 1402.716 1407.654 1412.592 1417.53 1422.469
1512.168 1516.73 1521.291 1525.853 1532.519 1539.281 1546.043 1552.805 1559.263 1565.304 1571.344 1577.384 1583.424 1586.533 1589.258 1591.982 1594.707 1596.666 1597.188 1597.711 1598.233 1598.755 1594.281 1588.647 1583.013 1577.379 1568.847 1552.687 1536.529 1520.369 1504.21 1493.308 1484.261 1475.214 1466.167 1457.89 1452.64 1447.389 1442.139 1436.888 1433.584 1431.252 1428.92 1426.589 1424.103 1420.588 1417.074 1413.559 1410.045 1407.594 1405.87 1404.145 1402.421 1400.787 1400.618 1400.449 1400.281 1400.112 1402.93 1408.486 1414.042 1419.598 1425.154
1513.956 1518.297 1522.639 1526.981 1533.53 1540.179 1546.829 1553.478 1559.977 1566.269 1572.562 1578.854 1585.146 1588.09 1590.595 1593.099 1595.604 1597.384 1597.805 1598.225 1598.646 1599.067 1595.16 1590.25 1585.339 1580.429 1572.613 1557.151 1541.689 1526.226 1510.765 1500.373 1491.771 1483.169 1474.567 1466.681 1461.607 1456.533 1451.46 1446.386 1442.78 1439.907 1437.033 1434.16 1431.131 1427.065 1422.998 1418.931 1414.865 1411.75 1409.286 1406.822 1404.358 1402.012 1401.58 1401.149 1400.718 1400.286 1403.373 1409.685 1415.997 1422.309 1428.621
1515.743 1519.865 1523.987 1528.109 1534.541 1541.078 1547.614 1554.151 1560.691 1567.235 1573.779 1580.323 1586.868 1589.646 1591.931 1594.216 1596.501 1598.103 1598.421 1598.74 1599.059 1599.378 1596.04 1591.853 1587.666 1583.479 1576.38 1561.614 1546.849 1532.083 1517.318 1507.437 1499.28 1491.123 1482.966 1475.471 1470.574 1465.677 1460.781 1455.884 1451.975 1448.561 1445.146 1441.732 1438.16 1433.541 1428.922 1424.303 1419.684 1415.906 1412.703 1409.499 1406.295 1403.237 1402.543 1401.849 1401.155 1400.46 1403.816 1410.884 1417.952 1425.02 1432.087
1517.531 1521.433 1525.335 1529.237 1535.552 1541.976 1548.4 1554.824 1561.405 1568.201 1574.997 1581.793 1588.589 1591.203 1593.268 1595.333 1597.399 1598.821 1599.038 1599.255 1599.472 1599.689 1596.919 1593.456 1589.992 1586.529 1580.146 1566.078 1552.009 1537.941 1523.872 1514.502 1506.79 1499.078 1491.366 1484.261 1479.541 1474.821 1470.101 1465.381 1461.171 1457.215 1453.259 1449.303 1445.189 1440.018 1434.847 1429.676 1424.504 1420.063 1416.119 1412.176 1408.232 1404.462 1403.505 1402.548 1401.592 1400.635 1404.259 1412.083 1419.906 1427.73 1435.554
1519.009 1522.677 1526.345 1530.013 1536.221 1542.545 1548.869 1555.192 1561.828 1568.895 1575.962 1583.029 1590.095 1592.576 1594.454 1596.333 1598.212 1599.48 1599.604 1599.729 1599.853 1599.977 1597.755 1594.988 1592.222 1589.455 1583.786 1570.479 1557.172 1543.864 1530.557 1521.715 1514.45 1507.185 1499.92 1493.198 1488.613 1484.027 1479.442 1474.856 1470.344 1465.87 1461.395 1456.921 1452.284 1446.572 1440.86 1435.148 1429.435 1424.351 1419.697 1415.042 1410.387 1405.931 1404.708 1403.485 1402.261 1401.038 1404.896 1413.413 1421.929 1430.446 1438.963
1516.561 1519.811 1523.061 1526.311 1532.552 1538.929 1545.307 1551.684 1558.565 1566.141 1573.717 1581.293 1588.869 1591.617 1593.732 1595.846 1597.961 1599.391 1599.536 1599.682 1599.827 1599.973 1598.042 1595.629 1593.216 1590.804 1585.825 1574.094 1562.362 1550.631 1538.899 1530.818 1524.024 1517.231 1510.437 1504.009 1499.016 1494.023 1489.03 1484.037 1479.236 1474.531 1469.826 1465.121 1460.232 1454.118 1448.003 1441.889 1435.775 1430.321 1425.317 1420.314 1415.311 1410.509 1408.969 1407.43 1405.89 1404.35 1408.001 1416.411 1424.82 1433.23 1441.639
1514.113 1516.945 1519.777 1522.609 1528.883 1535.314 1541.745 1548.176 1555.302 1563.387 1571.473 1579.558 1587.643 1590.658 1593.009 1595.359 1597.71 1599.301 1599.468 1599.635 1599.802 1599.969 1598.329 1596.27 1594.211 1592.152 1587.864 1577.708 1567.553 1557.397 1547.242 1539.92 1533.598 1527.276 1520.955 1514.82 1509.42 1504.019 1498.619 1493.219 1488.128 1483.193 1478.257 1473.321 1468.179 1461.663 1455.147 1448.63 1442.114 1436.29 1430.938 1425.587 1420.235 1415.086 1413.23 1411.374 1409.519 1407.663 1411.107 1419.409 1427.711 1436.013 1444.315
1511.666 1514.079 1516.493 1518.907 1525.214 1531.699 1538.183 1544.668 1552.039 1560.634 1569.228 1577.822 1586.417 1589.7 1592.286 1594.872 1597.459 1599.211 1599.399 1599.588 1599.776 1599.964 1598.616 1596.911 1595.206 1593.501 1589.903 1581.323 1572.744 1564.164 1555.584 1549.022 1543.172 1537.322 1531.472 1525.631 1519.823 1514.015 1508.208 1502.4 1497.02 1491.854 1486.688 1481.522 1476.127 1469.209 1462.29 1455.372 1448.453 1442.259 1436.559 1430.859 1425.159 1419.663 1417.491 1415.319 1413.147 1410.975 1414.212 1422.407 1430.602 1438.797 1446.991
1509.218 1511.213 1513.209 1515.204 1521.545 1528.083 1534.621 1541.16 1548.776 1557.88 1566.983 1576.087 1585.191 1588.741 1591.563 1594.385 1597.208 1599.121 1599.331 1599.541 1599.751 1599.96 1598.903 1597.552 1596.201 1594.849 1591.942 1584.938 1577.934 1570.93 1563.927 1558.125 1552.746 1547.368 1541.99 1536.442 1530.227 1524.011 1517.797 1511.581 1505.912 1500.515 1495.119 1489.722 1484.074 1476.754 1469.434 1462.113 1454.793 1448.228 1442.18 1436.131 1430.083 1424.241 1421.752 1419.264 1416.776 1414.287 1417.317 1425.405 1433.492 1441.58 1449.668
1504.462 1506.118 1507.773 1509.429 1515.871 1522.53 1529.189 1535.849 1543.776 1553.454 1563.132 1572.809 1582.487 1586.523 1589.818 1593.114 1596.41 1598.669 1598.987 1599.305 1599.622 1599.94 1599.151 1598.105 1597.059 1596.012 1593.703 1588.07 1582.438 1576.805 1571.172 1566.098 1561.221 1556.344 1551.467 1546.27 1539.815 1533.36 1526.905 1520.45 1514.581 1509.005 1503.429 1497.854 1492.023 1484.498 1476.973 1469.447 1461.922 1455.088 1448.726 1442.364 1436.003 1429.862 1427.322 1424.782 1422.242 1419.702 1422.399 1429.896 1437.393 1444.891 1452.388
1497.431 1498.824 1500.217 1501.61 1508.22 1515.067 1521.914 1528.761 1537.066 1547.381 1557.697 1568.012 1578.328 1583.063 1587.066 1591.069 1595.073 1597.861 1598.372 1598.882 1599.393 1599.904 1599.36 1598.571 1597.782 1596.993 1595.192 1590.728 1586.264 1581.799 1577.335 1572.958 1568.612 1564.266 1559.92 1555.131 1548.601 1542.07 1535.54 1529.01 1523.03 1517.326 1511.621 1505.917 1499.974 1492.438 1484.901 1477.365 1469.829 1462.825 1456.185 1449.544 1442.904 1436.513 1434.182 1431.851 1429.52 1427.189 1429.429 1435.86 1442.29 1448.72 1455.151
1490.401 1491.531 1492.661 1493.792 1500.57 1507.604 1514.639 1521.673 1530.355 1541.308 1552.262 1563.215 1574.169 1579.603 1584.314 1589.025 1593.736 1597.053 1597.756 1598.46 1599.164 1599.867 1599.569 1599.037 1598.505 1597.974 1596.681 1593.386 1590.09 1586.794 1583.499 1579.819 1576.003 1572.188 1568.373 1563.991 1557.386 1550.781 1544.176 1537.57 1531.48 1525.647 1519.814 1513.981 1507.924 1500.377 1492.83 1485.283 1477.736 1470.563 1463.643 1456.724 1449.805 1443.164 1441.042 1438.92 1436.798 1434.676 1436.459 1441.823 1447.187 1452.55 1457.914
1483.37 1484.238 1485.106 1485.973 1492.919 1500.141 1507.363 1514.586 1523.644 1535.236 1546.827 1558.418 1570.01 1576.144 1581.562 1586.98 1592.399 1596.245 1597.141 1598.038 1598.934 1599.831 1599.777 1599.503 1599.229 1598.955 1598.17 1596.043 1593.916 1591.789 1589.662 1586.679 1583.395 1580.11 1576.825 1572.852 1566.171 1559.491 1552.811 1546.13 1539.929 1533.968 1528.006 1522.044 1515.874 1508.317 1500.759 1493.201 1485.644 1478.3 1471.102 1463.904 1456.706 1449.814 1447.901 1445.989 1444.076 1442.163 1443.49 1447.787 1452.083 1456.38 1460.677
1476.339 1476.944 1477.549 1478.154 1485.268 1492.678 1500.088 1507.498 1516.933 1529.162 1541.392 1553.621 1565.85 1572.684 1578.81 1584.936 1591.062 1595.436 1596.526 1597.615 1598.705 1599.795 1599.986 1599.969 1599.953 1599.936 1599.659 1598.701 1597.742 1596.784 1595.825 1593.54 1590.786 1588.032 1585.278 1581.712 1574.957 1568.202 1561.447 1554.691 1548.379 1542.289 1536.198 1530.108 1523.824 1516.256 1508.688 1501.12 1493.551 1486.037 1478.561 1471.084 1463.607 1456.465 1454.761 1453.058 1451.354 1449.65 1450.52 1453.75 1456.98 1460.21 1463.44
1466.708 1468.002 1469.296 1470.59 1478.162 1486.02 1493.878 1501.736 1511.291 1523.186 1535.082 1546.977 1558.873 1566.041 1572.589 1579.137 1585.685 1590.52 1592.144 1593.767 1595.39 1597.013 1597.628 1598.009 1598.389 1598.77 1598.828 1598.036 1597.245 1596.453 1595.661 1593.749 1591.44 1589.132 1586.824 1583.721 1577.497 1571.272 1565.048 1558.823 1552.776 1546.818 1540.859 1534.9 1528.791 1521.678 1514.564 1507.451 1500.338 1493.09 1485.75 1478.411 1471.071 1464.033 1461.908 1459.782 1457.656 1455.53 1455.739 1458.087 1460.436 1462.784 1465.133
