data/zism_data/00267_04_D.txt
ncols         224
nrows         224
[rows 196 to 223 of 224, columns 64 to 127 of 224]
511.9495 511.8234 511.6972 508.1416 504.4299 500.7184 497.0068 490.3527 479.6394 468.9266 458.2137 447.5005 439.3486 431.5323 423.7163 415.9001 410.0594 407.9226 405.7859 403.649 401.5123 401.0012 400.8675 400.7338 400.6001 400.8522 402.1198 403.3875 404.6551 405.9226 409.4745 413.8326 418.1907 422.5487 426.231 427.2583 428.2857 429.313 430.3403 431.1231 431.7836 432.4442 433.1047 434.8269 443.6259 452.4251 461.2241 470.0234 473.9599 474.5757 475.1915 475.8073 476.0025 469.3635 462.7248 456.086 449.447 444.5237 441.1729 437.8221 434.4713 431.1206 431.1813 431.2922
504.5969 504.2294 503.8619 501.0421 498.1108 495.1796 492.2483 486.8614 478.0872 469.3132 460.5393 451.7651 443.8517 436.051 428.2505 420.4498 414.3543 411.4557 408.5571 405.6584 402.7598 401.8176 401.3296 400.8416 400.3536 400.1033 400.4786 400.8539 401.2292 401.6045 403.8572 406.7726 409.688 412.6033 415.1913 416.493 417.7948 419.0965 420.3983 422.3137 424.536 426.7584 428.9807 432.2165 442.2084 452.2006 462.1925 472.1847 476.6994 477.4735 478.2477 479.0219 479.4135 473.5888 467.7644 461.94 456.1154 451.9448 449.2899 446.6352 443.9804 441.3257 441.4427 441.6005
502.1098 501.0079 499.906 497.1876 494.3957 491.6038 488.8119 484.3777 477.6779 470.9785 464.279 457.5793 450.8827 444.1862 437.49 430.7935 424.8589 420.352 415.8453 411.3385 406.8318 404.9123 403.5934 402.2745 400.9557 400.1993 400.923 401.6467 402.3704 403.0941 406.0598 409.8167 413.5737 417.3306 420.6351 422.162 423.6889 425.2157 426.7426 429.1334 431.956 434.7787 437.6014 441.4404 452.0541 462.6682 473.2819 483.8959 488.8253 489.8729 490.9204 491.968 492.6183 486.8152 481.0122 475.2092 469.4061 465.6624 463.8062 461.9502 460.0941 458.2381 459.0323 459.8654
499.6227 497.7864 495.9501 493.3331 490.6805 488.0281 485.3755 481.894 477.2687 472.6437 468.0186 463.3934 457.9136 452.3214 446.7294 441.1372 435.3634 429.2484 423.1335 417.0185 410.9037 408.0069 405.8572 403.7074 401.5578 400.2952 401.3674 402.4395 403.5116 404.5837 408.2624 412.8608 417.4595 422.0579 426.0789 427.8309 429.583 431.3349 433.087 435.953 439.376 442.7991 446.2221 450.6643 461.8998 473.1357 484.3712 495.6071 500.9513 502.2722 503.5931 504.9141 505.8232 500.0415 494.2599 488.4784 482.6967 479.3799 478.3225 477.2652 476.2079 475.1505 476.6219 478.1305
497.1355 494.5649 491.9942 489.4786 486.9654 484.4523 481.9391 479.4102 476.8595 474.3089 471.7584 469.2077 464.9445 460.4566 455.9689 451.481 445.868 438.1447 430.4218 422.6986 414.9757 411.1015 408.121 405.1404 402.1598 400.3911 401.8117 403.2323 404.6528 406.0734 410.465 415.905 421.3452 426.7853 431.5229 433.4999 435.4771 437.4542 439.4314 442.7727 446.7961 450.8196 454.843 459.8883 471.7456 483.6034 495.4607 507.3184 513.0774 514.6717 516.266 517.8603 519.0283 513.2679 507.5078 501.7477 495.9874 493.0976 492.839 492.5804 492.3217 492.0631 494.2117 496.3956
494.6483 491.3434 488.0383 485.6241 483.2503 480.8765 478.5027 476.9265 476.4503 475.9742 475.498 475.0219 471.9754 468.5918 465.2083 461.8247 456.3725 447.0411 437.7101 428.3787 419.0476 414.1961 410.3848 406.5733 402.7619 400.4871 402.2561 404.025 405.794 407.563 412.6675 418.9492 425.231 431.5126 436.9667 439.1689 441.3712 443.5735 445.7758 449.5923 454.2161 458.8399 463.4637 469.1122 481.5914 494.0709 506.55 519.0296 525.2033 527.071 528.9387 530.8064 532.2331 526.4943 520.7556 515.0169 509.278 506.8152 507.3553 507.8954 508.4354 508.9755 511.8013 514.6606
495.1702 491.1523 487.1341 485.0061 482.964 480.9219 478.8797 477.8603 478.2516 478.6429 479.0342 479.4256 477.0341 474.2776 471.5213 468.7648 463.4496 453.3361 443.223 433.1095 422.9963 417.3174 412.668 408.0185 403.3691 400.6791 403.1455 405.6118 408.0782 410.5445 417.5137 426.0719 434.6303 443.1885 450.7067 454.1381 457.5697 461.0011 464.4326 467.7703 471.0609 474.3518 477.6425 482.0104 493.559 505.1078 516.6564 528.2053 533.8486 535.4591 537.0696 538.6802 539.8657 534.1447 528.4239 522.7031 516.9821 515.1526 516.8902 518.6277 520.3654 522.103 525.5486 529.0193
497.2131 492.4929 487.7726 486.0243 484.4109 482.7977 481.1844 480.5218 481.1704 481.819 482.4676 483.1163 481.0959 478.7254 476.355 473.9845 468.7942 458.3162 447.8385 437.3604 426.8828 420.4521 414.9611 409.47 403.979 400.9197 404.2599 407.5999 410.9402 414.2802 423.6962 435.2563 446.8169 458.377 468.6405 473.8087 478.9771 484.1453 489.3137 491.69 492.6703 493.6507 494.631 496.7661 506.5992 516.4327 526.2658 536.0993 540.7343 541.8196 542.9047 543.99 544.6815 538.9766 533.2719 527.5671 521.8622 520.7703 523.9071 527.0438 530.1806 533.3173 537.3538 541.4034
499.256 493.8336 488.411 487.0423 485.8579 484.6735 483.489 483.1832 484.0891 484.9951 485.901 486.8069 485.1576 483.1731 481.1886 479.2041 474.1387 463.2962 452.454 441.6114 430.7692 423.5868 417.2542 410.9214 404.5889 401.1603 405.3743 409.5881 413.8021 418.0159 429.8787 444.4407 459.0033 473.5653 486.5741 493.4791 500.3843 507.2893 514.1946 515.6095 514.2795 512.9494 511.6194 511.5217 519.6394 527.7574 535.8752 543.9932 547.6201 548.1799 548.7398 549.2997 549.4973 543.8085 538.1198 532.4312 526.7423 526.3881 530.924 535.4598 539.9957 544.5314 549.1588 553.7874
501.299 495.1743 489.0494 488.0604 487.3048 486.5493 485.7937 485.8446 487.0079 488.1711 489.3344 490.4976 489.2193 487.6208 486.0223 484.4238 479.4833 468.2762 457.0695 445.8624 434.6556 426.7214 419.5473 412.3729 405.1987 401.4009 406.4886 411.5762 416.664 421.7516 436.0612 453.6252 471.1897 488.7536 504.5077 513.1495 521.7916 530.4333 539.0754 539.529 535.8886 532.2481 528.6077 526.2772 532.6796 539.0822 545.4846 551.8872 554.5057 554.5403 554.5749 554.6094 554.3132 548.6403 542.9677 537.2952 531.6223 532.0057 537.9409 543.8757 549.8108 555.7457 560.9639 566.1713
503.2239 496.5552 489.8863 489.3953 489.1851 488.9749 488.7646 489.1949 490.5087 491.8224 493.1362 494.45 493.3828 492.0034 490.624 489.2446 484.3378 472.8165 461.2956 449.7743 438.2534 429.6343 421.6893 413.744 405.7989 401.6432 407.4603 413.2772 419.0943 424.9111 441.3604 461.5615 481.7634 501.9645 520.1264 530.274 540.422 550.5696 560.7177 560.2783 554.5458 548.813 543.0805 538.7136 543.4514 548.1895 552.9273 557.6653 559.3677 558.9969 558.6262 558.2555 557.5955 552.2338 546.8723 541.5107 536.149 537.3523 544.5736 551.7947 559.016 566.2371 571.874 577.4875
504.0243 498.3205 492.6165 493.7518 495.1981 496.6443 498.0905 499.116 499.5614 500.0067 500.4521 500.8974 498.5164 495.7646 493.013 490.2612 484.5172 473.1621 461.8074 450.4522 439.0975 430.4315 422.3899 414.3481 406.3065 401.9023 407.0708 412.239 417.4075 422.5757 438.2336 457.5932 476.9534 496.3129 513.6625 523.1132 532.5643 542.0151 551.4662 550.7874 545.0442 539.3007 533.5575 529.0274 532.586 536.1447 539.7032 543.262 544.9253 545.2944 545.6634 546.0325 546.2505 544.014 541.7777 539.5414 537.3049 540.1119 547.5423 554.9724 562.4028 569.8329 574.2473 578.6171
504.8246 500.0857 495.3466 498.1083 501.2111 504.3137 507.4164 509.0371 508.6141 508.191 507.7679 507.3448 503.65 499.5259 495.4019 491.2778 484.6967 473.5077 462.3192 451.1302 439.9417 431.2286 423.0905 414.9522 406.8142 402.1614 406.6812 411.2009 415.7207 420.2403 435.1069 453.6248 472.1433 490.6613 507.1985 515.9524 524.7066 533.4605 542.2147 541.2965 535.5426 529.7885 524.0345 519.3413 521.7206 524.1 526.4792 528.8586 530.483 531.5918 532.7006 533.8094 534.9055 535.7944 536.6832 537.572 538.4609 542.8716 550.511 558.1501 565.7896 573.4288 576.6205 579.7467
505.625 501.8509 498.0768 502.4649 507.2241 511.9831 516.7423 518.9584 517.6668 516.3754 515.0839 513.7924 508.7836 503.2871 497.7909 492.2945 484.8761 473.8533 462.8309 451.8082 440.7858 432.0257 423.7912 415.5564 407.3218 402.4206 406.2917 410.1627 414.0339 417.9049 431.9802 449.6564 467.3333 485.0096 500.7346 508.7916 516.8488 524.9058 532.9631 531.8055 526.041 520.2761 514.5115 509.6551 510.8551 512.0551 513.2551 514.4551 516.0405 517.8892 519.7377 521.5864 523.5605 527.5746 531.5886 535.6026 539.6168 545.6312 553.4797 561.3279 569.1765 577.0247 578.9938 580.8763
506.4253 503.6161 500.8069 506.8214 513.2371 519.6525 526.0682 528.8795 526.7195 524.5596 522.3997 520.2397 513.9172 507.0484 500.1798 493.3111 485.0555 474.1989 463.3427 452.4861 441.6299 432.8228 424.4918 416.1605 407.8295 402.6797 405.9022 409.1246 412.3471 415.5695 428.8535 445.6881 462.5233 479.3579 494.2706 501.6308 508.9911 516.3513 523.7117 522.3147 516.5394 510.7638 504.9885 499.969 499.9897 500.0104 500.0311 500.0517 501.5981 504.1866 506.7749 509.3633 512.2155 519.3549 526.4941 533.6332 540.7726 548.3908 556.4484 564.5057 572.5632 580.6205 581.3671 582.006
505.583 503.6796 501.7761 508.7245 516.0754 523.426 530.777 534.0614 531.7374 529.4133 527.0894 524.7653 518.0497 510.7581 503.4666 496.1749 487.7278 477.1135 466.4995 455.8851 445.2711 436.0518 427.1567 418.2612 409.366 403.5792 405.9728 408.3663 410.7599 413.1534 424.8661 439.8675 454.8694 469.8708 483.1013 489.373 495.645 501.9167 508.1886 507.2029 502.5888 497.9745 493.3604 489.3923 489.7325 490.0726 490.4127 490.7528 493.1596 496.978 500.7963 504.6147 508.7418 517.888 527.0339 536.1798 545.326 553.7837 561.6108 569.4377 577.2648 585.0917 585.1617 585.1177
503.2578 502.2066 501.1555 508.4127 516.0477 523.6825 531.3175 534.9649 533.1126 531.2603 529.4081 527.5557 521.2787 514.4212 507.5639 500.7064 492.6506 482.3472 472.0441 461.7406 451.4376 441.4763 431.5948 421.713 411.8315 405.0569 406.4588 407.8607 409.2625 410.6644 420.1016 432.3746 444.6479 456.9209 467.6839 472.5137 477.3436 482.1734 487.0033 487.0165 484.6216 482.2266 479.8316 478.0115 480.0241 482.0368 484.0493 486.062 490.1413 495.6322 501.1229 506.6138 512.3742 522.5175 532.6604 542.8033 552.9466 561.5539 568.7538 575.9536 583.1534 590.3531 590.2397 590.0188
500.9325 500.7337 500.5349 508.1009 516.02 523.9389 531.858 535.8684 534.4878 533.1073 531.7267 530.3461 524.5077 518.0844 511.6612 505.2379 497.5734 487.5808 477.5887 467.5961 457.6039 446.9007 436.033 425.1648 414.297 406.5347 406.9449 407.355 407.7652 408.1754 415.3372 424.8817 434.4265 443.9711 452.2666 455.6545 459.0424 462.4303 465.8183 466.8304 466.6546 466.4788 466.303 466.6308 470.3159 474.001 477.6861 481.3712 487.123 494.2864 501.4495 508.6129 516.0066 527.1469 538.2868 549.4268 560.5671 569.324 575.8968 582.4693 589.0421 595.6146 595.3177 594.9199
498.6072 499.2607 499.9142 507.789 515.9923 524.1953 532.3986 536.7719 535.8631 534.9542 534.0454 533.1366 527.7366 521.7475 515.7585 509.7694 502.4962 492.8146 483.1333 473.4516 463.7703 452.3252 440.4711 428.6166 416.7625 408.0124 407.4309 406.8494 406.2679 405.6864 410.5728 417.3888 424.2051 431.0211 436.8492 438.7951 440.7411 442.6871 444.6331 446.644 448.6874 450.7308 452.7742 455.25 460.6075 465.9652 471.3228 476.6805 484.1046 492.9406 501.7761 510.612 519.639 531.7764 543.9133 556.0503 568.1877 577.0942 583.0398 588.9851 594.9307 600.876 600.3958 599.821
496.282 497.7878 499.2936 507.4772 515.9646 524.4517 532.9391 537.6754 537.2383 536.8012 536.3641 535.927 530.9656 525.4106 519.8558 514.3009 507.419 498.0482 488.6778 479.3071 469.9367 457.7497 444.9093 432.0684 419.228 409.4901 407.9169 406.3438 404.7706 403.1974 405.8084 409.896 413.9837 418.0714 421.4319 421.9359 422.44 422.944 423.448 426.4578 430.7203 434.983 439.2456 443.8693 450.8993 457.9295 464.9595 471.9897 481.0864 491.5947 502.1027 512.6111 523.2714 536.4058 549.5397 562.6738 575.8082 584.8644 590.1827 595.5009 600.8192 606.1374 605.4737 604.722
491.3936 491.9679 492.5423 497.9664 503.6111 509.2555 514.9002 517.9435 517.3989 516.8543 516.3098 515.7652 513.5995 511.2211 508.8428 506.4644 502.1526 494.2155 486.2785 478.3413 470.4043 458.444 445.5501 432.6559 419.762 409.9141 408.0822 406.2503 404.4184 402.5866 404.462 407.6459 410.8298 414.0137 416.7815 417.9143 419.0472 420.18 421.3129 425.3625 430.8704 436.3785 441.8864 447.5492 454.2423 460.9358 467.6289 474.3223 482.3939 491.407 500.4198 509.4329 518.5932 530.1516 541.7095 553.2674 564.8257 574.0123 581.0255 588.0385 595.0516 602.0646 603.8022 605.4621
486.3877 485.9489 485.5101 488.0341 490.6928 493.3515 496.0102 497.2662 496.5876 495.9091 495.2305 494.552 495.2899 496.2138 497.1375 498.0613 496.4196 489.9673 483.5153 477.063 470.611 458.9217 446.0171 433.1121 420.2075 410.2898 408.2327 406.1758 404.1187 402.0617 403.2722 405.6358 407.9996 410.3633 412.6241 414.4806 416.3372 418.1937 420.0503 425.1416 431.8503 438.5592 445.2679 451.9189 458.1832 464.4478 470.7121 476.9767 483.8995 491.2722 498.6447 506.0175 513.5344 523.3987 533.2628 543.1268 552.9911 562.3073 571.1217 579.9358 588.7502 597.5642 601.8215 606.0115
481.3819 479.93 478.478 478.1019 477.7747 477.4475 477.1204 476.5892 475.7766 474.9641 474.1515 473.3389 476.9806 481.2066 485.4324 489.6584 490.6867 485.7193 480.7521 475.7848 470.8176 459.3994 446.484 433.5683 420.653 410.6655 408.3833 406.1012 403.8189 401.5368 402.0823 403.6258 405.1694 406.7129 408.4668 411.047 413.6272 416.2074 418.7877 424.9207 432.8302 440.7399 448.6493 456.2885 462.124 467.9597 473.7953 479.631 485.4051 491.1375 496.8698 502.6021 508.4757 516.6461 524.8162 532.9862 541.1566 550.6024 561.218 571.8331 582.4487 593.0639 599.8408 606.561
476.376 473.911 471.4459 468.1698 464.8566 461.5436 458.2305 455.9121 454.9655 454.019 453.0724 452.1259 458.6712 466.1994 473.7273 481.2554 484.9537 481.4713 477.989 474.5065 471.0242 459.877 446.951 434.0245 421.0984 411.0412 408.5339 406.0266 403.5192 401.0119 400.8925 401.6158 402.3392 403.0625 404.3095 407.6133 410.9173 414.2211 417.525 424.6998 433.81 442.9205 452.0307 460.6581 466.0648 471.4717 476.8784 482.2853 486.9107 491.0028 495.0947 499.1868 503.417 509.8933 516.3695 522.8457 529.3221 538.8975 551.3142 563.7305 576.1473 588.5636 597.8602 607.1105
475.309 471.8599 468.4106 462.8169 457.1255 451.4342 445.7428 441.9127 440.6496 439.3866 438.1236 436.8605 444.994 454.3602 463.7261 473.0923 478.4935 476.4607 474.428 472.3953 470.3626 459.6869 447.0052 434.323 421.6413 411.6992 408.9667 406.2343 403.5017 400.7693 400.247 400.5048 400.7625 401.0203 402.0847 406.3175 410.5504 414.7833 419.0162 426.986 436.8241 446.6626 456.5007 465.6267 470.0032 474.3798 478.7562 483.1328 486.1277 488.1792 490.2306 492.282 494.52 499.7897 505.0593 510.3289 515.5987 525.2056 538.7889 552.3718 565.9552 579.5381 591.3799 603.1956
480.4845 476.0973 471.71 464.7218 457.6151 450.5088 443.4021 438.4971 436.6282 434.7594 432.8907 431.0218 438.6586 447.5424 456.4258 465.3095 470.8808 470.2418 469.6029 468.9639 468.3249 458.4382 446.4052 434.3716 422.3386 412.8044 409.8467 406.8892 403.9315 400.9739 400.4642 400.8185 401.1728 401.527 402.9229 408.41 413.8973 419.3845 424.8718 433.2454 443.0621 452.8791 462.6958 471.5445 473.9375 476.3307 478.7237 481.1168 481.7174 481.0939 480.4705 479.847 479.5399 484.3755 489.2109 494.0463 498.8818 508.365 522.1092 535.8529 549.597 563.3408 577.7682 592.2052
485.66 480.3348 475.0094 466.6267 458.1049 449.5833 441.0614 435.0814 432.6068 430.1323 427.6578 425.1832 432.3232 440.7245 449.1254 457.5267 463.2681 464.0229 464.7777 465.5325 466.2873 457.1896 445.8051 434.4203 423.0358 413.9097 410.7268 407.5441 404.3613 401.1786 400.6815 401.1322 401.583 402.0338 403.761 410.5025 417.2442 423.9857 430.7274 439.5048 449.3001 459.0957 468.8909 477.4622 477.8719 478.2815 478.6912 479.1008 477.3071 474.0087 470.7104 467.4119 464.5599 468.9613 473.3625 477.7636 482.165 491.5244 505.4294 519.3339 533.239 547.1434 564.1566 581.2148
490.8356 484.5723 478.3087 468.5317 458.5946 448.6578 438.7207 431.6657 428.5854 425.5051 422.4248 419.3445 425.9878 433.9065 441.825 449.7438 455.6554 457.804 459.9525 462.1011 464.2496 455.9409 445.2051 434.4688 423.733 415.0149 411.6069 408.1991 404.7911 401.3832 400.8987 401.4459 401.9932 402.5405 404.5992 412.595 420.5911 428.587 436.5831 445.7643 455.5381 465.3123 475.0861 483.3801 481.8063 480.2324 478.6586 477.0848 472.8968 466.9234 460.9502 454.9767 449.5798 453.5469 457.5139 461.4809 465.448 474.6837 488.7495 502.8148 516.8807 530.946 550.5448 570.2244
