data/zism_data/00268_01_D.txt
ncols         224
nrows         224
[rows 29 to 57 of 224, columns 0 to 64 of 224]
1410.999 1411.027 1411.056 1411.085 1411.39 1411.698 1412.007 1412.316 1412.542 1412.66 1412.777 1412.895 1413.013 1413.232 1413.465 1413.698 1413.93 1414.277 1414.854 1415.43 1416.007 1416.583 1417.16 1417.736 1418.312 1418.889 1419.434 1419.877 1420.32 1420.763 1421.205 1421.57 1421.898 1422.226 1422.554 1422.881 1423.199 1423.517 1423.836 1424.154 1424.467 1424.776 1425.085 1425.394 1425.706 1426.149 1426.592 1427.035 1427.477 1427.98 1428.546 1429.113 1429.68 1430.247 1430.628 1430.994 1431.36 1431.726 1432.014 1432.17 1432.326 1432.482 1432.638 1432.718 1432.781
1410.435 1410.48 1410.525 1410.57 1410.843 1411.119 1411.396 1411.672 1411.872 1411.974 1412.076 1412.177 1412.279 1412.539 1412.82 1413.102 1413.383 1413.76 1414.332 1414.903 1415.474 1416.045 1416.616 1417.187 1417.758 1418.329 1418.88 1419.366 1419.852 1420.338 1420.824 1421.187 1421.494 1421.8 1422.107 1422.411 1422.703 1422.994 1423.285 1423.577 1423.859 1424.136 1424.412 1424.689 1424.971 1425.457 1425.943 1426.429 1426.915 1427.435 1427.991 1428.547 1429.103 1429.659 1430.039 1430.405 1430.771 1431.138 1431.427 1431.588 1431.75 1431.911 1432.073 1432.149 1432.207
1409.871 1409.932 1409.993 1410.054 1410.296 1410.54 1410.784 1411.028 1411.203 1411.289 1411.374 1411.459 1411.545 1411.846 1412.176 1412.505 1412.835 1413.244 1413.809 1414.375 1414.94 1415.506 1416.072 1416.637 1417.203 1417.769 1418.326 1418.855 1419.384 1419.913 1420.442 1420.805 1421.09 1421.374 1421.659 1421.941 1422.206 1422.47 1422.735 1422.999 1423.252 1423.496 1423.74 1423.984 1424.237 1424.766 1425.295 1425.824 1426.353 1426.89 1427.435 1427.98 1428.526 1429.071 1429.45 1429.816 1430.183 1430.549 1430.84 1431.007 1431.174 1431.341 1431.507 1431.58 1431.633
1409.307 1409.384 1409.461 1409.539 1409.75 1409.963 1410.176 1410.389 1410.543 1410.62 1410.698 1410.775 1410.852 1411.18 1411.541 1411.902 1412.263 1412.693 1413.261 1413.829 1414.398 1414.966 1415.528 1416.088 1416.648 1417.208 1417.769 1418.329 1418.889 1419.449 1420.01 1420.373 1420.644 1420.916 1421.187 1421.454 1421.696 1421.937 1422.179 1422.42 1422.654 1422.881 1423.109 1423.337 1423.574 1424.13 1424.687 1425.243 1425.799 1426.343 1426.874 1427.404 1427.935 1428.465 1428.843 1429.209 1429.576 1429.942 1430.236 1430.409 1430.583 1430.756 1430.93 1430.999 1431.047
1408.743 1408.836 1408.93 1409.023 1409.208 1409.394 1409.58 1409.766 1409.912 1410.006 1410.099 1410.193 1410.286 1410.597 1410.936 1411.276 1411.615 1412.04 1412.635 1413.23 1413.825 1414.42 1414.984 1415.539 1416.094 1416.648 1417.203 1417.758 1418.313 1418.868 1419.423 1419.792 1420.074 1420.356 1420.638 1420.913 1421.144 1421.374 1421.605 1421.836 1422.084 1422.344 1422.604 1422.864 1423.132 1423.667 1424.201 1424.736 1425.271 1425.79 1426.294 1426.797 1427.301 1427.805 1428.181 1428.547 1428.913 1429.28 1429.577 1429.762 1429.946 1430.13 1430.315 1430.381 1430.424
1408.179 1408.289 1408.398 1408.508 1408.666 1408.825 1408.985 1409.144 1409.281 1409.391 1409.501 1409.61 1409.72 1410.013 1410.331 1410.649 1410.967 1411.386 1412.008 1412.63 1413.252 1413.875 1414.44 1414.989 1415.539 1416.088 1416.638 1417.187 1417.737 1418.286 1418.835 1419.21 1419.503 1419.796 1420.089 1420.372 1420.592 1420.812 1421.032 1421.252 1421.514 1421.806 1422.098 1422.391 1422.69 1423.203 1423.716 1424.229 1424.742 1425.238 1425.714 1426.191 1426.667 1427.144 1427.518 1427.885 1428.251 1428.617 1428.919 1429.114 1429.309 1429.504 1429.699 1429.764 1429.8
1407.615 1407.741 1407.867 1407.992 1408.124 1408.257 1408.389 1408.521 1408.651 1408.776 1408.902 1409.028 1409.154 1409.43 1409.726 1410.023 1410.319 1410.733 1411.382 1412.031 1412.68 1413.329 1413.896 1414.44 1414.984 1415.528 1416.072 1416.616 1417.16 1417.704 1418.248 1418.629 1418.932 1419.236 1419.539 1419.831 1420.04 1420.249 1420.458 1420.667 1420.943 1421.268 1421.593 1421.918 1422.247 1422.739 1423.23 1423.722 1424.214 1424.685 1425.135 1425.584 1426.034 1426.484 1426.856 1427.222 1427.588 1427.955 1428.26 1428.466 1428.672 1428.878 1429.084 1429.146 1429.177
1407.051 1407.193 1407.335 1407.477 1407.583 1407.688 1407.793 1407.898 1408.02 1408.162 1408.304 1408.445 1408.587 1408.847 1409.121 1409.396 1409.671 1410.079 1410.755 1411.431 1412.107 1412.783 1413.352 1413.891 1414.429 1414.968 1415.507 1416.045 1416.584 1417.123 1417.661 1418.047 1418.362 1418.676 1418.99 1419.29 1419.488 1419.686 1419.885 1420.083 1420.373 1420.73 1421.088 1421.445 1421.805 1422.275 1422.745 1423.215 1423.685 1424.132 1424.555 1424.978 1425.401 1425.823 1426.193 1426.56 1426.926 1427.292 1427.602 1427.819 1428.036 1428.252 1428.469 1428.528 1428.554
1406.434 1406.557 1406.68 1406.803 1406.909 1407.015 1407.12 1407.225 1407.364 1407.545 1407.726 1407.908 1408.089 1408.392 1408.711 1409.03 1409.349 1409.78 1410.436 1411.093 1411.75 1412.406 1412.957 1413.479 1414.001 1414.522 1415.041 1415.551 1416.061 1416.572 1417.082 1417.466 1417.791 1418.116 1418.441 1418.748 1418.936 1419.124 1419.311 1419.499 1419.81 1420.211 1420.612 1421.013 1421.416 1421.864 1422.313 1422.761 1423.209 1423.633 1424.028 1424.424 1424.82 1425.216 1425.562 1425.905 1426.248 1426.591 1426.888 1427.108 1427.328 1427.547 1427.767 1427.832 1427.864
1405.795 1405.886 1405.977 1406.068 1406.184 1406.3 1406.416 1406.532 1406.698 1406.928 1407.158 1407.387 1407.617 1407.988 1408.377 1408.766 1409.155 1409.62 1410.239 1410.858 1411.477 1412.095 1412.621 1413.121 1413.622 1414.122 1414.615 1415.088 1415.56 1416.032 1416.505 1416.884 1417.22 1417.556 1417.892 1418.207 1418.384 1418.561 1418.738 1418.914 1419.249 1419.699 1420.149 1420.598 1421.047 1421.474 1421.901 1422.328 1422.755 1423.154 1423.522 1423.891 1424.26 1424.629 1424.944 1425.254 1425.565 1425.876 1426.152 1426.372 1426.592 1426.811 1427.031 1427.105 1427.148
1405.157 1405.215 1405.274 1405.332 1405.458 1405.585 1405.712 1405.839 1406.032 1406.31 1406.589 1406.867 1407.146 1407.584 1408.043 1408.502 1408.961 1409.46 1410.041 1410.623 1411.204 1411.785 1412.286 1412.764 1413.243 1413.721 1414.19 1414.624 1415.059 1415.494 1415.928 1416.303 1416.65 1416.996 1417.343 1417.666 1417.832 1417.998 1418.164 1418.33 1418.689 1419.187 1419.685 1420.183 1420.678 1421.084 1421.489 1421.894 1422.3 1422.675 1423.016 1423.358 1423.7 1424.042 1424.325 1424.603 1424.881 1425.16 1425.416 1425.636 1425.856 1426.075 1426.295 1426.378 1426.431
1404.518 1404.544 1404.571 1404.597 1404.733 1404.871 1405.009 1405.146 1405.366 1405.693 1406.02 1406.347 1406.674 1407.179 1407.708 1408.238 1408.767 1409.301 1409.844 1410.387 1410.931 1411.474 1411.95 1412.407 1412.864 1413.321 1413.764 1414.161 1414.558 1414.954 1415.351 1415.721 1416.079 1416.436 1416.794 1417.125 1417.28 1417.435 1417.591 1417.746 1418.128 1418.675 1419.221 1419.768 1420.31 1420.693 1421.077 1421.461 1421.845 1422.196 1422.51 1422.825 1423.14 1423.455 1423.706 1423.952 1424.198 1424.444 1424.68 1424.9 1425.12 1425.339 1425.559 1425.651 1425.715
1403.861 1403.861 1403.861 1403.861 1404.012 1404.164 1404.317 1404.469 1404.719 1405.094 1405.47 1405.845 1406.22 1406.782 1407.368 1407.954 1408.54 1409.099 1409.606 1410.113 1410.619 1411.126 1411.582 1412.023 1412.465 1412.906 1413.33 1413.694 1414.058 1414.423 1414.787 1415.146 1415.503 1415.86 1416.217 1416.548 1416.702 1416.855 1417.009 1417.162 1417.566 1418.151 1418.736 1419.321 1419.9 1420.269 1420.638 1421.008 1421.377 1421.71 1422.003 1422.296 1422.589 1422.882 1423.107 1423.327 1423.546 1423.766 1423.982 1424.193 1424.403 1424.614 1424.825 1424.927 1425.006
1403.125 1403.125 1403.125 1403.125 1403.308 1403.493 1403.677 1403.862 1404.151 1404.575 1404.999 1405.423 1405.847 1406.414 1407.0 1407.586 1408.172 1408.721 1409.195 1409.669 1410.144 1410.618 1411.075 1411.527 1411.98 1412.432 1412.861 1413.215 1413.568 1413.922 1414.275 1414.598 1414.906 1415.215 1415.524 1415.817 1416.008 1416.2 1416.391 1416.582 1416.999 1417.578 1418.158 1418.738 1419.311 1419.697 1420.082 1420.468 1420.853 1421.194 1421.488 1421.781 1422.073 1422.367 1422.592 1422.811 1423.031 1423.251 1423.449 1423.611 1423.773 1423.935 1424.097 1424.218 1424.329
1402.389 1402.389 1402.389 1402.389 1402.604 1402.821 1403.038 1403.255 1403.583 1404.056 1404.528 1405.001 1405.473 1406.046 1406.632 1407.218 1407.804 1408.342 1408.784 1409.226 1409.668 1410.11 1410.568 1411.031 1411.495 1411.958 1412.393 1412.735 1413.078 1413.421 1413.763 1414.05 1414.31 1414.57 1414.83 1415.086 1415.315 1415.544 1415.773 1416.002 1416.431 1417.006 1417.58 1418.154 1418.723 1419.125 1419.526 1419.928 1420.33 1420.679 1420.972 1421.265 1421.558 1421.851 1422.076 1422.296 1422.516 1422.736 1422.915 1423.029 1423.142 1423.256 1423.37 1423.508 1423.652
1401.653 1401.653 1401.653 1401.653 1401.899 1402.149 1402.399 1402.648 1403.016 1403.537 1404.058 1404.579 1405.1 1405.678 1406.264 1406.85 1407.436 1407.963 1408.373 1408.782 1409.192 1409.602 1410.062 1410.535 1411.009 1411.483 1411.924 1412.256 1412.588 1412.92 1413.252 1413.501 1413.713 1413.925 1414.136 1414.355 1414.622 1414.888 1415.155 1415.422 1415.864 1416.433 1417.002 1417.57 1418.135 1418.553 1418.97 1419.388 1419.806 1420.164 1420.457 1420.75 1421.043 1421.336 1421.561 1421.781 1422.001 1422.22 1422.382 1422.447 1422.512 1422.577 1422.642 1422.799 1422.975
1400.917 1400.917 1400.917 1400.917 1401.195 1401.477 1401.759 1402.041 1402.448 1403.018 1403.587 1404.157 1404.726 1405.31 1405.896 1406.482 1407.068 1407.584 1407.962 1408.339 1408.716 1409.094 1409.555 1410.039 1410.524 1411.009 1411.455 1411.777 1412.098 1412.419 1412.74 1412.953 1413.116 1413.279 1413.442 1413.624 1413.928 1414.233 1414.537 1414.842 1415.297 1415.86 1416.423 1416.987 1417.547 1417.98 1418.414 1418.848 1419.282 1419.649 1419.942 1420.235 1420.528 1420.821 1421.046 1421.266 1421.485 1421.705 1421.848 1421.865 1421.881 1421.898 1421.915 1422.09 1422.299
1400.57 1400.57 1400.57 1400.57 1400.83 1401.095 1401.359 1401.624 1402.024 1402.599 1403.174 1403.75 1404.325 1404.907 1405.489 1406.071 1406.654 1407.168 1407.545 1407.922 1408.298 1408.675 1409.123 1409.59 1410.057 1410.524 1410.951 1411.247 1411.543 1411.839 1412.135 1412.325 1412.464 1412.604 1412.743 1412.907 1413.239 1413.571 1413.902 1414.234 1414.701 1415.266 1415.831 1416.396 1416.958 1417.408 1417.858 1418.309 1418.759 1419.135 1419.432 1419.729 1420.025 1420.322 1420.544 1420.76 1420.976 1421.192 1421.33 1421.337 1421.344 1421.351 1421.358 1421.553 1421.787
1400.422 1400.422 1400.422 1400.422 1400.641 1400.862 1401.083 1401.305 1401.673 1402.232 1402.792 1403.351 1403.91 1404.485 1405.062 1405.639 1406.216 1406.732 1407.125 1407.518 1407.911 1408.304 1408.729 1409.164 1409.599 1410.033 1410.428 1410.692 1410.956 1411.22 1411.483 1411.655 1411.784 1411.912 1412.041 1412.199 1412.552 1412.905 1413.258 1413.612 1414.091 1414.661 1415.232 1415.802 1416.37 1416.836 1417.302 1417.769 1418.235 1418.623 1418.925 1419.227 1419.529 1419.831 1420.048 1420.259 1420.47 1420.68 1420.818 1420.836 1420.854 1420.872 1420.89 1421.104 1421.36
1400.275 1400.275 1400.275 1400.275 1400.451 1400.629 1400.807 1400.986 1401.323 1401.866 1402.409 1402.952 1403.495 1404.063 1404.635 1405.206 1405.778 1406.295 1406.705 1407.114 1407.523 1407.932 1408.336 1408.738 1409.141 1409.543 1409.906 1410.137 1410.369 1410.6 1410.831 1410.985 1411.103 1411.221 1411.339 1411.49 1411.865 1412.24 1412.614 1412.989 1413.481 1414.056 1414.632 1415.208 1415.781 1416.264 1416.746 1417.229 1417.711 1418.11 1418.417 1418.725 1419.032 1419.339 1419.552 1419.758 1419.963 1420.169 1420.307 1420.336 1420.365 1420.393 1420.422 1420.656 1420.933
1400.128 1400.128 1400.128 1400.128 1400.261 1400.396 1400.532 1400.667 1400.972 1401.499 1402.026 1402.552 1403.079 1403.641 1404.207 1404.774 1405.34 1405.859 1406.285 1406.71 1407.135 1407.561 1407.943 1408.313 1408.683 1409.053 1409.383 1409.582 1409.781 1409.98 1410.179 1410.316 1410.423 1410.53 1410.637 1410.781 1411.178 1411.574 1411.97 1412.367 1412.87 1413.452 1414.033 1414.614 1415.193 1415.692 1416.19 1416.689 1417.188 1417.598 1417.91 1418.223 1418.536 1418.848 1419.057 1419.257 1419.457 1419.657 1419.796 1419.836 1419.875 1419.915 1419.954 1420.208 1420.506
1400.0 1400.0 1400.0 1400.0 1400.094 1400.188 1400.283 1400.378 1400.649 1401.149 1401.649 1402.149 1402.649 1403.204 1403.767 1404.329 1404.891 1405.412 1405.849 1406.287 1406.724 1407.161 1407.523 1407.863 1408.204 1408.544 1408.844 1409.01 1409.176 1409.342 1409.508 1409.633 1409.738 1409.844 1409.949 1410.095 1410.508 1410.922 1411.336 1411.749 1412.263 1412.849 1413.435 1414.021 1414.605 1415.12 1415.634 1416.149 1416.664 1417.084 1417.401 1417.718 1418.034 1418.351 1418.556 1418.752 1418.948 1419.144 1419.286 1419.337 1419.389 1419.441 1419.492 1419.761 1420.076
1400.0 1400.0 1400.0 1400.0 1400.072 1400.146 1400.219 1400.292 1400.509 1400.912 1401.315 1401.718 1402.121 1402.669 1403.237 1403.805 1404.372 1404.891 1405.313 1405.734 1406.155 1406.576 1406.926 1407.255 1407.585 1407.915 1408.198 1408.326 1408.454 1408.582 1408.711 1408.864 1409.028 1409.193 1409.358 1409.553 1409.956 1410.359 1410.762 1411.165 1411.674 1412.26 1412.846 1413.432 1414.016 1414.547 1415.078 1415.609 1416.141 1416.566 1416.878 1417.189 1417.5 1417.812 1418.021 1418.223 1418.424 1418.625 1418.778 1418.852 1418.925 1418.998 1419.071 1419.326 1419.619
1400.0 1400.0 1400.0 1400.0 1400.051 1400.103 1400.154 1400.206 1400.368 1400.674 1400.98 1401.286 1401.592 1402.135 1402.708 1403.281 1403.854 1404.371 1404.776 1405.181 1405.586 1405.991 1406.328 1406.647 1406.966 1407.285 1407.551 1407.641 1407.732 1407.823 1407.913 1408.094 1408.318 1408.542 1408.766 1409.012 1409.404 1409.797 1410.189 1410.581 1411.085 1411.671 1412.257 1412.843 1413.428 1413.975 1414.522 1415.07 1415.617 1416.049 1416.355 1416.661 1416.966 1417.272 1417.486 1417.693 1417.9 1418.107 1418.271 1418.366 1418.461 1418.556 1418.651 1418.891 1419.163
1400.0 1400.0 1400.0 1400.0 1400.03 1400.06 1400.09 1400.12 1400.228 1400.437 1400.646 1400.855 1401.064 1401.6 1402.178 1402.756 1403.335 1403.85 1404.239 1404.628 1405.017 1405.406 1405.731 1406.039 1406.347 1406.655 1406.904 1406.957 1407.01 1407.063 1407.115 1407.325 1407.609 1407.892 1408.175 1408.471 1408.853 1409.234 1409.615 1409.997 1410.497 1411.083 1411.668 1412.255 1412.84 1413.403 1413.967 1414.53 1415.093 1415.531 1415.831 1416.132 1416.432 1416.733 1416.952 1417.164 1417.376 1417.588 1417.764 1417.881 1417.997 1418.113 1418.23 1418.456 1418.706
1400.0 1400.0 1400.0 1400.0 1400.008 1400.017 1400.026 1400.034 1400.088 1400.2 1400.312 1400.424 1400.536 1401.065 1401.648 1402.232 1402.816 1403.33 1403.702 1404.075 1404.448 1404.82 1405.134 1405.431 1405.729 1406.026 1406.258 1406.273 1406.288 1406.303 1406.318 1406.556 1406.899 1407.241 1407.584 1407.93 1408.301 1408.671 1409.042 1409.412 1409.908 1410.494 1411.08 1411.666 1412.251 1412.831 1413.411 1413.99 1414.57 1415.013 1415.308 1415.603 1415.899 1416.194 1416.417 1416.635 1416.852 1417.07 1417.257 1417.395 1417.533 1417.671 1417.809 1418.021 1418.25
1400.0 1400.0 1400.0 1400.0 1400.0 1400.0 1400.0 1400.0 1400.029 1400.096 1400.163 1400.229 1400.296 1400.785 1401.328 1401.872 1402.416 1402.896 1403.25 1403.603 1403.956 1404.309 1404.588 1404.845 1405.102 1405.36 1405.564 1405.593 1405.622 1405.652 1405.681 1405.948 1406.328 1406.707 1407.086 1407.464 1407.837 1408.21 1408.583 1408.955 1409.435 1409.992 1410.548 1411.105 1411.663 1412.242 1412.822 1413.401 1413.981 1414.422 1414.711 1415.001 1415.291 1415.581 1415.796 1416.006 1416.216 1416.427 1416.621 1416.79 1416.959 1417.129 1417.298 1417.522 1417.758
1400.0 1400.0 1400.0 1400.0 1400.0 1400.0 1400.0 1400.0 1400.024 1400.08 1400.136 1400.192 1400.248 1400.674 1401.147 1401.621 1402.095 1402.521 1402.853 1403.185 1403.516 1403.848 1404.075 1404.273 1404.471 1404.669 1404.839 1404.917 1404.995 1405.073 1405.15 1405.448 1405.849 1406.25 1406.65 1407.049 1407.432 1407.816 1408.199 1408.583 1409.039 1409.547 1410.055 1410.564 1411.074 1411.642 1412.211 1412.78 1413.348 1413.781 1414.066 1414.35 1414.634 1414.919 1415.119 1415.313 1415.507 1415.701 1415.899 1416.106 1416.313 1416.52 1416.727 1416.98 1417.243
1400.0 1400.0 1400.0 1400.0 1400.0 1400.0 1400.0 1400.0 1400.02 1400.065 1400.11 1400.155 1400.2 1400.563 1400.966 1401.37 1401.774 1402.146 1402.456 1402.766 1403.077 1403.387 1403.563 1403.701 1403.84 1403.979 1404.115 1404.241 1404.367 1404.493 1404.62 1404.948 1405.37 1405.792 1406.214 1406.633 1407.027 1407.422 1407.816 1408.21 1408.643 1409.102 1409.562 1410.022 1410.484 1411.042 1411.6 1412.158 1412.716 1413.141 1413.42 1413.699 1413.978 1414.257 1414.442 1414.619 1414.797 1414.975 1415.178 1415.422 1415.667 1415.912 1416.156 1416.438 1416.728
