data/zism_data/00260_03_D.txt
ncols         224
nrows         224
[rows 0 to 27 of 224, columns 128 to 191 of 224]
1499.72 1499.807 1499.894 1499.961 1499.97 1499.979 1499.988 1499.997 1500.0 1500.0 1500.0 1500.0 1500.0 1500.0 1500.0 1500.0 1500.0 1499.985 1499.962 1499.939 1499.916 1499.891 1499.845 1499.799 1499.753 1499.707 1499.688 1499.688 1499.688 1499.688 1499.691 1499.759 1499.828 1499.897 1499.966 1500.0 1500.0 1500.0 1500.0 1500.0 1500.0 1500.0 1500.0 1500.0 1500.0 1500.0 1500.0 1500.0 1500.0 1500.0 1500.0 1500.0 1500.0 1500.0 1500.0 1500.0 1500.0 1500.0 1500.0 1500.0 1500.0 1500.0 1500.0 1500.0
1500.0 1500.0 1500.0 1500.0 1500.0 1500.0 1500.0 1500.0 1500.0 1500.0 1500.0 1500.0 1500.0 1500.0 1500.0 1500.0 1500.0 1499.964 1499.909 1499.854 1499.799 1499.745 1499.704 1499.662 1499.621 1499.58 1499.562 1499.562 1499.562 1499.562 1499.567 1499.663 1499.76 1499.856 1499.953 1500.0 1500.0 1500.0 1500.0 1500.0 1500.0 1500.0 1500.0 1500.0 1500.0 1500.0 1500.0 1500.0 1500.0 1500.0 1500.0 1500.0 1500.0 1500.0 1500.0 1500.0 1500.0 1500.0 1500.0 1500.0 1500.0 1500.0 1500.0 1500.0
1500.0 1500.0 1500.0 1500.0 1500.0 1500.0 1500.0 1500.0 1500.0 1500.0 1500.0 1500.0 1500.0 1500.0 1500.0 1500.0 1500.0 1499.936 1499.838 1499.74 1499.642 1499.552 1499.521 1499.49 1499.46 1499.429 1499.417 1499.417 1499.417 1499.417 1499.422 1499.551 1499.679 1499.808 1499.937 1500.0 1500.0 1500.0 1500.0 1500.0 1500.0 1500.0 1500.0 1500.0 1500.0 1500.0 1500.0 1500.0 1500.0 1500.0 1500.0 1500.0 1500.0 1500.0 1500.0 1500.0 1500.0 1500.0 1500.0 1500.0 1500.0 1500.0 1500.0 1500.0
1500.0 1500.0 1500.0 1500.0 1500.0 1500.0 1500.0 1500.0 1500.0 1500.0 1500.0 1500.0 1500.0 1500.0 1500.0 1500.0 1500.0 1499.908 1499.767 1499.626 1499.485 1499.358 1499.339 1499.319 1499.299 1499.279 1499.271 1499.271 1499.271 1499.271 1499.278 1499.438 1499.599 1499.76 1499.921 1500.0 1500.0 1500.0 1500.0 1500.0 1500.0 1500.0 1500.0 1500.0 1500.0 1500.0 1500.0 1500.0 1500.0 1500.0 1500.0 1500.0 1500.0 1500.0 1500.0 1500.0 1500.0 1500.0 1500.0 1500.0 1500.0 1500.0 1500.0 1500.0
1500.0 1500.0 1500.0 1500.0 1500.0 1500.0 1500.0 1500.0 1500.0 1500.0 1500.0 1500.0 1500.0 1500.0 1500.0 1500.0 1500.0 1499.88 1499.696 1499.512 1499.329 1499.165 1499.156 1499.147 1499.138 1499.128 1499.125 1499.125 1499.125 1499.125 1499.133 1499.326 1499.519 1499.712 1499.905 1500.0 1500.0 1500.0 1500.0 1500.0 1500.0 1500.0 1500.0 1500.0 1500.0 1500.0 1500.0 1500.0 1500.0 1500.0 1500.0 1500.0 1500.0 1500.0 1500.0 1500.0 1500.0 1500.0 1500.0 1500.0 1500.0 1500.0 1500.0 1500.0
1499.97 1499.966 1499.961 1499.959 1499.965 1499.972 1499.978 1499.984 1499.988 1499.991 1499.994 1499.997 1499.999 1499.996 1499.993 1499.99 1499.987 1499.844 1499.627 1499.409 1499.192 1499.0 1499.0 1499.0 1499.0 1499.0 1499.0 1499.0 1499.0 1499.0 1499.01 1499.23 1499.45 1499.671 1499.891 1500.0 1500.0 1500.0 1500.0 1500.0 1500.0 1500.0 1500.0 1500.0 1500.0 1500.0 1500.0 1500.0 1500.0 1500.0 1500.0 1500.0 1500.0 1500.0 1500.0 1500.0 1500.0 1500.0 1500.0 1500.0 1500.0 1500.0 1500.0 1500.0
1499.767 1499.73 1499.693 1499.678 1499.728 1499.777 1499.826 1499.875 1499.906 1499.931 1499.955 1499.98 1499.995 1499.971 1499.946 1499.922 1499.897 1499.761 1499.565 1499.369 1499.173 1499.0 1499.0 1499.0 1499.0 1499.0 1499.0 1499.0 1499.0 1499.0 1499.01 1499.23 1499.45 1499.671 1499.891 1500.0 1500.0 1500.0 1500.0 1500.0 1500.0 1500.0 1500.0 1500.0 1500.0 1500.0 1500.0 1500.0 1500.0 1500.0 1500.0 1500.0 1500.0 1500.0 1500.0 1500.0 1500.0 1500.0 1500.0 1500.0 1500.0 1500.0 1500.0 1500.0
1499.563 1499.494 1499.425 1499.398 1499.49 1499.582 1499.674 1499.766 1499.825 1499.871 1499.917 1499.963 1499.991 1499.945 1499.899 1499.853 1499.807 1499.677 1499.503 1499.329 1499.154 1499.0 1499.0 1499.0 1499.0 1499.0 1499.0 1499.0 1499.0 1499.0 1499.01 1499.23 1499.45 1499.671 1499.891 1500.0 1500.0 1500.0 1500.0 1500.0 1500.0 1500.0 1500.0 1500.0 1500.0 1500.0 1500.0 1500.0 1500.0 1500.0 1500.0 1500.0 1500.0 1500.0 1500.0 1500.0 1500.0 1500.0 1500.0 1500.0 1500.0 1500.0 1500.0 1500.0
1499.359 1499.258 1499.157 1499.117 1499.252 1499.387 1499.522 1499.657 1499.743 1499.81 1499.878 1499.945 1499.987 1499.92 1499.852 1499.785 1499.717 1499.594 1499.441 1499.288 1499.135 1499.0 1499.0 1499.0 1499.0 1499.0 1499.0 1499.0 1499.0 1499.0 1499.01 1499.23 1499.45 1499.671 1499.891 1500.0 1500.0 1500.0 1500.0 1500.0 1500.0 1500.0 1500.0 1500.0 1500.0 1500.0 1500.0 1500.0 1500.0 1500.0 1500.0 1500.0 1500.0 1500.0 1500.0 1500.0 1500.0 1500.0 1500.0 1500.0 1500.0 1500.0 1500.0 1500.0
1499.155 1499.022 1498.889 1498.837 1499.014 1499.192 1499.37 1499.548 1499.661 1499.75 1499.839 1499.928 1499.983 1499.894 1499.805 1499.717 1499.628 1499.511 1499.379 1499.248 1499.116 1499.0 1499.0 1499.0 1499.0 1499.0 1499.0 1499.0 1499.0 1499.0 1499.01 1499.23 1499.45 1499.671 1499.891 1500.0 1500.0 1500.0 1500.0 1500.0 1500.0 1500.0 1500.0 1500.0 1500.0 1500.0 1500.0 1500.0 1500.0 1500.0 1500.0 1500.0 1500.0 1500.0 1500.0 1500.0 1500.0 1500.0 1500.0 1500.0 1500.0 1500.0 1500.0 1500.0
1497.821 1497.705 1497.589 1497.597 1497.96 1498.323 1498.686 1499.049 1499.278 1499.457 1499.635 1499.813 1499.938 1499.834 1499.73 1499.626 1499.522 1499.416 1499.309 1499.202 1499.095 1499.0 1499.0 1499.0 1499.0 1499.0 1499.0 1499.0 1499.0 1499.0 1499.009 1499.207 1499.406 1499.605 1499.804 1499.913 1499.934 1499.956 1499.978 1499.999 1500.0 1500.0 1500.0 1500.0 1500.0 1500.0 1500.0 1500.0 1500.0 1499.975 1499.947 1499.919 1499.892 1499.87 1499.861 1499.852 1499.843 1499.833 1499.847 1499.866 1499.884 1499.903 1499.921 1499.94
1495.656 1495.593 1495.531 1495.655 1496.307 1496.959 1497.612 1498.264 1498.674 1498.992 1499.309 1499.627 1499.863 1499.749 1499.634 1499.519 1499.404 1499.312 1499.231 1499.151 1499.071 1499.0 1499.0 1499.0 1499.0 1499.0 1499.0 1499.0 1499.0 1499.0 1499.007 1499.168 1499.33 1499.491 1499.652 1499.762 1499.821 1499.88 1499.939 1499.998 1500.0 1500.0 1500.0 1500.0 1500.0 1500.0 1500.0 1500.0 1500.0 1499.932 1499.856 1499.78 1499.703 1499.646 1499.62 1499.595 1499.57 1499.544 1499.582 1499.633 1499.683 1499.734 1499.785 1499.835
1493.491 1493.482 1493.473 1493.712 1494.654 1495.596 1496.537 1497.479 1498.07 1498.527 1498.984 1499.441 1499.788 1499.663 1499.537 1499.412 1499.286 1499.207 1499.154 1499.101 1499.047 1499.0 1499.0 1499.0 1499.0 1499.0 1499.0 1499.0 1499.0 1499.0 1499.005 1499.129 1499.253 1499.377 1499.5 1499.61 1499.707 1499.804 1499.901 1499.997 1500.0 1500.0 1500.0 1500.0 1500.0 1500.0 1500.0 1500.0 1500.0 1499.888 1499.764 1499.64 1499.515 1499.421 1499.38 1499.338 1499.297 1499.255 1499.317 1499.4 1499.482 1499.565 1499.648 1499.731
1491.326 1491.37 1491.415 1491.769 1493.0 1494.232 1495.463 1496.694 1497.466 1498.062 1498.659 1499.255 1499.714 1499.577 1499.441 1499.304 1499.168 1499.103 1499.077 1499.05 1499.024 1499.0 1499.0 1499.0 1499.0 1499.0 1499.0 1499.0 1499.0 1499.0 1499.004 1499.09 1499.176 1499.262 1499.349 1499.459 1499.594 1499.728 1499.862 1499.996 1500.0 1500.0 1500.0 1500.0 1500.0 1500.0 1500.0 1500.0 1500.0 1499.845 1499.672 1499.5 1499.327 1499.196 1499.139 1499.081 1499.024 1498.966 1499.051 1499.167 1499.281 1499.396 1499.512 1499.627
1489.145 1489.247 1489.348 1489.819 1491.34 1492.861 1494.382 1495.903 1496.856 1497.592 1498.329 1499.065 1499.635 1499.489 1499.342 1499.196 1499.049 1498.999 1498.999 1498.999 1499.0 1499.0 1499.0 1499.0 1499.0 1499.0 1499.0 1499.0 1498.999 1498.999 1499.001 1499.049 1499.098 1499.146 1499.194 1499.305 1499.476 1499.647 1499.818 1499.989 1499.995 1499.996 1499.997 1499.998 1499.999 1499.999 1500.0 1500.0 1500.0 1499.802 1499.581 1499.361 1499.141 1498.973 1498.898 1498.824 1498.749 1498.674 1498.783 1498.93 1499.077 1499.224 1499.371 1499.519
1484.911 1485.457 1486.004 1486.889 1488.737 1490.585 1492.433 1494.281 1495.475 1496.421 1497.366 1498.312 1499.066 1499.0 1498.934 1498.869 1498.802 1498.811 1498.86 1498.908 1498.957 1499.0 1499.0 1499.0 1499.0 1499.0 1498.981 1498.949 1498.916 1498.884 1498.851 1498.808 1498.766 1498.723 1498.68 1498.71 1498.812 1498.913 1499.014 1499.115 1499.276 1499.438 1499.599 1499.761 1499.867 1499.9 1499.932 1499.964 1499.997 1499.802 1499.581 1499.361 1499.141 1498.915 1498.679 1498.444 1498.208 1497.973 1498.053 1498.2 1498.347 1498.494 1498.688 1498.997
1480.677 1481.668 1482.659 1483.959 1486.134 1488.309 1490.484 1492.66 1494.095 1495.249 1496.404 1497.558 1498.498 1498.512 1498.527 1498.541 1498.556 1498.624 1498.721 1498.818 1498.914 1499.0 1499.0 1499.0 1499.0 1499.0 1498.963 1498.898 1498.833 1498.769 1498.701 1498.567 1498.433 1498.3 1498.166 1498.116 1498.147 1498.179 1498.21 1498.242 1498.556 1498.879 1499.202 1499.525 1499.735 1499.8 1499.864 1499.929 1499.993 1499.802 1499.581 1499.361 1499.141 1498.856 1498.46 1498.064 1497.668 1497.271 1497.324 1497.471 1497.618 1497.765 1498.005 1498.475
1476.443 1477.879 1479.315 1481.029 1483.531 1486.033 1488.535 1491.038 1492.715 1494.078 1495.442 1496.805 1497.929 1498.024 1498.119 1498.214 1498.309 1498.437 1498.582 1498.727 1498.872 1499.0 1499.0 1499.0 1499.0 1499.0 1498.944 1498.847 1498.75 1498.654 1498.552 1498.326 1498.101 1497.876 1497.651 1497.521 1497.483 1497.445 1497.407 1497.369 1497.837 1498.321 1498.804 1499.288 1499.603 1499.7 1499.797 1499.893 1499.99 1499.802 1499.581 1499.361 1499.141 1498.798 1498.241 1497.684 1497.127 1496.57 1496.594 1496.741 1496.888 1497.035 1497.322 1497.953
1472.209 1474.09 1475.971 1478.099 1480.928 1483.757 1486.586 1489.416 1491.334 1492.907 1494.479 1496.052 1497.361 1497.536 1497.712 1497.887 1498.062 1498.249 1498.442 1498.636 1498.829 1499.0 1499.0 1499.0 1499.0 1499.0 1498.925 1498.796 1498.667 1498.539 1498.402 1498.085 1497.769 1497.453 1497.137 1496.926 1496.818 1496.711 1496.603 1496.495 1497.118 1497.762 1498.407 1499.051 1499.471 1499.6 1499.729 1499.858 1499.987 1499.802 1499.581 1499.361 1499.141 1498.74 1498.022 1497.304 1496.586 1495.868 1495.865 1496.012 1496.159 1496.306 1496.64 1497.431
1468.991 1471.331 1473.671 1476.207 1479.3 1482.392 1485.485 1488.578 1490.659 1492.356 1494.053 1495.75 1497.167 1497.373 1497.579 1497.786 1497.992 1498.198 1498.405 1498.611 1498.818 1499.0 1499.0 1499.0 1499.0 1499.0 1498.92 1498.783 1498.645 1498.508 1498.354 1497.855 1497.356 1496.858 1496.359 1495.872 1495.396 1494.92 1494.445 1493.969 1494.844 1495.76 1496.675 1497.591 1498.271 1498.646 1499.021 1499.396 1499.77 1499.642 1499.457 1499.271 1499.086 1498.572 1497.48 1496.388 1495.295 1494.203 1493.968 1493.913 1493.858 1493.803 1494.113 1495.319
1467.076 1469.893 1472.71 1475.646 1478.922 1482.197 1485.472 1488.747 1490.89 1492.603 1494.316 1496.029 1497.452 1497.627 1497.801 1497.975 1498.149 1498.323 1498.498 1498.672 1498.846 1499.0 1499.0 1499.0 1499.0 1499.0 1498.933 1498.817 1498.7 1498.584 1498.438 1497.639 1496.84 1496.041 1495.242 1494.226 1493.0 1491.774 1490.548 1489.322 1490.576 1491.905 1493.233 1494.561 1495.701 1496.596 1497.49 1498.385 1499.28 1499.276 1499.172 1499.067 1498.962 1498.264 1496.523 1494.782 1493.042 1491.301 1490.572 1490.056 1489.54 1489.024 1489.221 1491.167
1465.161 1468.455 1471.75 1475.086 1478.543 1482.001 1485.458 1488.915 1491.12 1492.849 1494.579 1496.308 1497.738 1497.88 1498.022 1498.164 1498.306 1498.448 1498.59 1498.732 1498.874 1499.0 1499.0 1499.0 1499.0 1499.0 1498.945 1498.85 1498.756 1498.661 1498.523 1497.423 1496.324 1495.225 1494.125 1492.581 1490.604 1488.628 1486.651 1484.675 1486.308 1488.049 1489.79 1491.531 1493.13 1494.545 1495.96 1497.375 1498.789 1498.911 1498.887 1498.862 1498.838 1497.956 1495.567 1493.177 1490.788 1488.398 1487.175 1486.198 1485.221 1484.245 1484.329 1487.014
1463.247 1467.018 1470.789 1474.526 1478.165 1481.805 1485.444 1489.084 1491.351 1493.096 1494.841 1496.587 1498.024 1498.134 1498.244 1498.354 1498.464 1498.573 1498.683 1498.793 1498.903 1499.0 1499.0 1499.0 1499.0 1499.0 1498.958 1498.884 1498.811 1498.738 1498.607 1497.207 1495.808 1494.408 1493.009 1490.936 1488.209 1485.482 1482.755 1480.028 1482.04 1484.194 1486.348 1488.502 1490.56 1492.495 1494.43 1496.364 1498.299 1498.546 1498.602 1498.657 1498.714 1497.648 1494.61 1491.572 1488.534 1485.496 1483.779 1482.341 1480.903 1479.465 1479.437 1482.862
1461.332 1465.58 1469.828 1473.965 1477.787 1481.609 1485.431 1489.253 1491.581 1493.343 1495.104 1496.865 1498.31 1498.387 1498.465 1498.543 1498.62 1498.698 1498.776 1498.854 1498.931 1499.0 1499.0 1499.0 1499.0 1499.0 1498.97 1498.918 1498.866 1498.815 1498.691 1496.991 1495.292 1493.592 1491.892 1489.291 1485.813 1482.336 1478.858 1475.381 1477.772 1480.339 1482.905 1485.472 1487.99 1490.444 1492.899 1495.354 1497.809 1498.18 1498.317 1498.453 1498.589 1497.34 1493.654 1489.967 1486.28 1482.593 1480.383 1478.484 1476.585 1474.686 1474.545 1478.71
1461.467 1465.675 1469.883 1473.975 1477.737 1481.499 1485.261 1489.023 1491.411 1493.277 1495.143 1497.009 1498.535 1498.594 1498.654 1498.713 1498.773 1498.832 1498.892 1498.951 1499.011 1499.062 1499.048 1499.034 1499.02 1499.006 1498.974 1498.93 1498.886 1498.841 1498.728 1497.101 1495.473 1493.846 1492.218 1489.26 1485.009 1480.758 1476.506 1472.255 1473.99 1475.903 1477.816 1479.729 1482.257 1485.586 1488.914 1492.243 1495.572 1496.217 1496.559 1496.902 1497.244 1495.868 1491.468 1487.067 1482.667 1478.266 1475.436 1472.936 1470.436 1467.937 1467.399 1471.671
1461.911 1466.002 1470.092 1474.072 1477.737 1481.403 1485.068 1488.734 1491.181 1493.165 1495.148 1497.132 1498.75 1498.794 1498.837 1498.881 1498.924 1498.968 1499.011 1499.054 1499.098 1499.133 1499.103 1499.073 1499.043 1499.013 1498.977 1498.938 1498.9 1498.86 1498.758 1497.259 1495.76 1494.262 1492.763 1489.474 1484.445 1479.417 1474.388 1469.36 1470.28 1471.379 1472.477 1473.575 1476.046 1480.302 1484.558 1488.814 1493.07 1494.012 1494.58 1495.147 1495.715 1494.22 1489.096 1483.972 1478.847 1473.723 1470.253 1467.132 1464.01 1460.889 1459.913 1464.195
1462.356 1466.328 1470.301 1474.168 1477.737 1481.306 1484.875 1488.444 1490.95 1493.052 1495.154 1497.255 1498.966 1498.994 1499.021 1499.048 1499.076 1499.103 1499.13 1499.158 1499.185 1499.204 1499.158 1499.112 1499.066 1499.019 1498.98 1498.947 1498.913 1498.88 1498.788 1497.418 1496.048 1494.678 1493.307 1489.687 1483.882 1478.076 1472.27 1466.464 1466.571 1466.855 1467.138 1467.422 1469.836 1475.019 1480.202 1485.385 1490.569 1491.807 1492.6 1493.392 1494.185 1492.572 1486.724 1480.876 1475.028 1469.18 1465.071 1461.328 1457.584 1453.841 1452.427 1456.719
1462.801 1466.655 1470.51 1474.265 1477.737 1481.21 1484.682 1488.155 1490.719 1492.939 1495.159 1497.379 1499.182 1499.193 1499.205 1499.216 1499.227 1499.238 1499.25 1499.261 1499.272 1499.275 1499.213 1499.151 1499.088 1499.026 1498.984 1498.955 1498.927 1498.899 1498.818 1497.576 1496.335 1495.094 1493.852 1489.901 1483.318 1476.735 1470.152 1463.569 1462.862 1462.331 1461.8 1461.268 1463.625 1469.735 1475.846 1481.957 1488.068 1489.602 1490.62 1491.638 1492.656 1490.924 1484.352 1477.781 1471.209 1464.638 1459.889 1455.524 1451.158 1446.793 1444.94 1449.244
