data/zism_data/00278_02_D.txt
ncols         224
nrows         224
[rows 28 to 55 of 224, columns 128 to 191 of 224]
1975.501 1972.083 1968.683 1965.887 1963.091 1960.295 1957.498 1955.327 1953.837 1952.347 1950.857 1949.367 1948.241 1947.143 1946.045 1944.947 1943.823 1942.655 1941.488 1940.321 1939.153 1937.253 1935.198 1933.143 1931.089 1928.941 1926.548 1924.155 1921.762 1919.369 1916.219 1912.781 1909.343 1905.905 1902.642 1900.209 1897.775 1895.342 1892.908 1892.439 1893.157 1893.876 1894.594 1895.598 1900.26 1904.921 1909.582 1914.243 1918.991 1923.821 1928.65 1933.479 1938.308 1940.051 1941.702 1943.354 1945.005 1945.65 1944.907 1944.164 1943.421 1942.678 1942.537 1942.487
1972.583 1969.165 1965.762 1962.886 1960.01 1957.134 1954.257 1951.983 1950.365 1948.746 1947.128 1945.51 1944.523 1943.585 1942.648 1941.71 1940.724 1939.658 1938.592 1937.526 1936.46 1934.626 1932.63 1930.635 1928.639 1926.525 1924.099 1921.674 1919.25 1916.824 1913.786 1910.513 1907.241 1903.969 1900.839 1898.384 1895.929 1893.474 1891.019 1890.312 1890.662 1891.012 1891.362 1891.987 1896.135 1900.283 1904.431 1908.579 1912.962 1917.562 1922.161 1926.76 1931.36 1932.899 1934.347 1935.795 1937.244 1937.564 1936.33 1935.095 1933.86 1932.626 1932.17 1931.832
1969.665 1966.247 1962.842 1959.885 1956.929 1953.973 1951.016 1948.639 1946.892 1945.146 1943.399 1941.653 1940.805 1940.028 1939.25 1938.473 1937.625 1936.661 1935.697 1934.732 1933.768 1932.0 1930.063 1928.126 1926.188 1924.108 1921.651 1919.194 1916.737 1914.28 1911.352 1908.246 1905.139 1902.033 1899.036 1896.559 1894.083 1891.607 1889.13 1888.186 1888.167 1888.148 1888.129 1888.375 1892.01 1895.645 1899.28 1902.915 1906.933 1911.303 1915.672 1920.042 1924.411 1925.747 1926.992 1928.237 1929.482 1929.479 1927.752 1926.026 1924.3 1922.574 1921.803 1921.176
1966.747 1963.329 1959.921 1956.885 1953.848 1950.812 1947.775 1945.294 1943.42 1941.545 1939.67 1937.796 1937.087 1936.47 1935.853 1935.236 1934.527 1933.664 1932.801 1931.938 1931.075 1929.374 1927.495 1925.617 1923.738 1921.692 1919.203 1916.714 1914.224 1911.735 1908.919 1905.978 1903.037 1900.096 1897.232 1894.735 1892.237 1889.74 1887.242 1886.059 1885.671 1885.284 1884.896 1884.763 1887.885 1891.007 1894.129 1897.251 1900.904 1905.044 1909.184 1913.323 1917.463 1918.595 1919.637 1920.679 1921.721 1921.393 1919.175 1916.957 1914.74 1912.522 1911.436 1910.52
1964.008 1960.579 1957.159 1954.034 1950.909 1947.784 1944.658 1942.059 1940.034 1938.009 1935.984 1933.959 1933.35 1932.851 1932.352 1931.853 1931.271 1930.552 1929.833 1929.114 1928.395 1926.77 1924.954 1923.139 1921.324 1919.319 1916.814 1914.31 1911.806 1909.301 1906.587 1903.793 1900.999 1898.204 1895.455 1892.919 1890.383 1887.847 1885.311 1883.889 1883.14 1882.391 1881.642 1881.14 1883.793 1886.446 1889.1 1891.753 1895.015 1898.834 1902.654 1906.473 1910.293 1911.22 1912.061 1912.902 1913.743 1913.14 1910.546 1907.951 1905.356 1902.762 1901.496 1900.429
1961.998 1958.515 1955.04 1951.792 1948.544 1945.296 1942.048 1939.27 1937.004 1934.739 1932.473 1930.208 1929.531 1928.979 1928.427 1927.874 1927.378 1926.974 1926.57 1926.166 1925.762 1924.259 1922.523 1920.788 1919.053 1917.121 1914.67 1912.219 1909.768 1907.317 1904.668 1901.943 1899.218 1896.493 1893.783 1891.14 1888.497 1885.855 1883.212 1881.543 1880.463 1879.382 1878.302 1877.471 1879.836 1882.201 1884.566 1886.931 1889.695 1892.825 1895.955 1899.085 1902.215 1902.936 1903.585 1904.233 1904.882 1904.206 1901.702 1899.198 1896.694 1894.191 1893.294 1892.639
1959.987 1956.452 1952.921 1949.55 1946.179 1942.808 1939.437 1936.48 1933.974 1931.468 1928.962 1926.456 1925.713 1925.107 1924.501 1923.895 1923.484 1923.396 1923.307 1923.219 1923.13 1921.747 1920.092 1918.437 1916.782 1914.923 1912.525 1910.128 1907.73 1905.333 1902.748 1900.093 1897.438 1894.782 1892.111 1889.361 1886.612 1883.862 1881.112 1879.197 1877.785 1876.374 1874.962 1873.803 1875.879 1877.956 1880.032 1882.108 1884.375 1886.816 1889.256 1891.697 1894.138 1894.652 1895.108 1895.565 1896.021 1895.271 1892.858 1890.445 1888.032 1885.62 1885.093 1884.849
1957.977 1954.388 1950.802 1947.308 1943.814 1940.32 1936.826 1933.69 1930.944 1928.197 1925.451 1922.704 1921.894 1921.235 1920.576 1919.917 1919.591 1919.818 1920.044 1920.271 1920.498 1919.236 1917.661 1916.086 1914.511 1912.724 1910.38 1908.036 1905.692 1903.348 1900.829 1898.243 1895.657 1893.072 1890.439 1887.582 1884.726 1881.869 1879.013 1876.85 1875.108 1873.365 1871.622 1870.135 1871.922 1873.71 1875.498 1877.286 1879.054 1880.806 1882.557 1884.309 1886.061 1886.368 1886.632 1886.896 1887.16 1886.337 1884.015 1881.692 1879.37 1877.048 1876.891 1877.059
1955.967 1952.325 1948.683 1945.066 1941.449 1937.833 1934.216 1930.9 1927.913 1924.927 1921.94 1918.953 1918.076 1917.363 1916.65 1915.938 1915.698 1916.24 1916.781 1917.323 1917.865 1916.725 1915.23 1913.735 1912.24 1910.526 1908.236 1905.945 1903.655 1901.364 1898.91 1896.393 1893.877 1891.361 1888.767 1885.803 1882.84 1879.877 1876.913 1874.504 1872.43 1870.356 1868.282 1866.466 1867.966 1869.465 1870.964 1872.463 1873.734 1874.797 1875.859 1876.921 1877.983 1878.084 1878.155 1878.227 1878.299 1877.402 1875.171 1872.94 1870.708 1868.477 1868.69 1869.269
1955.323 1951.7 1948.074 1944.311 1940.548 1936.785 1933.022 1929.483 1926.188 1922.894 1919.6 1916.305 1915.216 1914.299 1913.382 1912.465 1912.146 1912.815 1913.484 1914.154 1914.823 1913.834 1912.497 1911.16 1909.822 1908.231 1905.974 1903.717 1901.459 1899.202 1896.751 1894.227 1891.703 1889.179 1886.587 1883.667 1880.748 1877.829 1874.91 1872.403 1870.145 1867.887 1865.629 1863.616 1864.736 1865.856 1866.976 1868.096 1868.802 1869.128 1869.454 1869.78 1870.106 1869.692 1869.256 1868.82 1868.384 1867.364 1865.539 1863.714 1861.888 1860.063 1860.722 1861.753
1955.488 1951.93 1948.361 1944.438 1940.514 1936.591 1932.668 1928.879 1925.237 1921.596 1917.954 1914.312 1912.925 1911.714 1910.503 1909.292 1908.796 1909.481 1910.167 1910.852 1911.537 1910.72 1909.585 1908.451 1907.316 1905.879 1903.642 1901.407 1899.171 1896.935 1894.451 1891.874 1889.296 1886.719 1884.105 1881.32 1878.534 1875.748 1872.963 1870.446 1868.092 1865.738 1863.384 1861.25 1861.937 1862.625 1863.312 1863.999 1864.099 1863.661 1863.223 1862.785 1862.347 1861.236 1860.106 1858.975 1857.844 1856.671 1855.439 1854.207 1852.975 1851.743 1852.892 1854.399
1955.653 1952.159 1948.648 1944.565 1940.481 1936.397 1932.313 1928.275 1924.286 1920.297 1916.308 1912.319 1910.634 1909.13 1907.625 1906.12 1905.447 1906.148 1906.849 1907.551 1908.252 1907.605 1906.673 1905.742 1904.81 1903.526 1901.311 1899.097 1896.882 1894.667 1892.151 1889.52 1886.89 1884.259 1881.624 1878.972 1876.32 1873.668 1871.016 1868.489 1866.039 1863.589 1861.139 1858.884 1859.139 1859.393 1859.648 1859.902 1859.397 1858.194 1856.992 1855.79 1854.588 1852.781 1850.955 1849.13 1847.305 1845.978 1845.339 1844.7 1844.061 1843.422 1845.063 1847.045
1955.819 1952.389 1948.935 1944.691 1940.447 1936.203 1931.959 1927.671 1923.335 1918.999 1914.662 1910.326 1908.344 1906.545 1904.746 1902.948 1902.097 1902.814 1903.532 1904.249 1904.967 1904.49 1903.761 1903.033 1902.305 1901.173 1898.98 1896.787 1894.593 1892.4 1889.851 1887.167 1884.483 1881.798 1879.143 1876.624 1874.106 1871.587 1869.069 1866.533 1863.986 1861.44 1858.893 1856.519 1856.34 1856.162 1855.984 1855.805 1854.694 1852.728 1850.762 1848.795 1846.829 1844.325 1841.805 1839.285 1836.765 1835.285 1835.239 1835.194 1835.148 1835.102 1837.233 1839.691
1956.098 1952.718 1949.307 1944.888 1940.469 1936.05 1931.631 1927.085 1922.399 1917.713 1913.028 1908.342 1906.063 1903.972 1901.882 1899.791 1898.759 1899.477 1900.196 1900.914 1901.633 1901.317 1900.784 1900.25 1899.717 1898.732 1896.56 1894.388 1892.216 1890.044 1887.466 1884.735 1882.004 1879.273 1876.603 1874.223 1871.844 1869.465 1867.085 1864.553 1861.927 1859.301 1856.675 1854.195 1853.584 1852.972 1852.36 1851.748 1850.045 1847.341 1844.637 1841.932 1839.229 1836.065 1832.887 1829.71 1826.532 1824.907 1825.422 1825.938 1826.453 1826.969 1829.566 1832.475
1958.207 1954.645 1951.046 1946.216 1941.385 1936.555 1931.724 1926.779 1921.709 1916.638 1911.568 1906.497 1903.948 1901.595 1899.243 1896.89 1895.604 1896.082 1896.56 1897.038 1897.516 1897.212 1896.742 1896.273 1895.804 1894.87 1892.714 1890.558 1888.402 1886.246 1883.715 1881.043 1878.371 1875.698 1873.117 1870.967 1868.818 1866.668 1864.518 1862.192 1859.759 1857.325 1854.892 1852.558 1851.503 1850.448 1849.392 1848.337 1846.257 1843.238 1840.218 1837.199 1834.18 1830.949 1827.713 1824.477 1821.241 1819.602 1820.165 1820.729 1821.292 1821.856 1824.515 1827.488
1960.316 1956.572 1952.785 1947.543 1942.301 1937.059 1931.818 1926.474 1921.018 1915.563 1910.108 1904.652 1901.832 1899.218 1896.604 1893.989 1892.449 1892.687 1892.925 1893.162 1893.4 1893.106 1892.701 1892.296 1891.891 1891.008 1888.868 1886.728 1884.588 1882.448 1879.964 1877.351 1874.737 1872.123 1869.63 1867.711 1865.791 1863.871 1861.951 1859.831 1857.59 1855.349 1853.108 1850.921 1849.422 1847.923 1846.425 1844.926 1842.469 1839.134 1835.8 1832.465 1829.131 1825.834 1822.539 1819.244 1815.949 1814.296 1814.908 1815.52 1816.131 1816.743 1819.464 1822.501
1962.425 1958.499 1954.524 1948.871 1943.217 1937.564 1931.911 1926.168 1920.328 1914.488 1908.648 1902.808 1899.717 1896.841 1893.965 1891.088 1889.295 1889.292 1889.289 1889.286 1889.283 1889.001 1888.66 1888.319 1887.978 1887.146 1885.022 1882.898 1880.774 1878.65 1876.214 1873.659 1871.104 1868.549 1866.144 1864.454 1862.764 1861.074 1859.384 1857.471 1855.422 1853.374 1851.325 1849.284 1847.342 1845.399 1843.457 1841.514 1838.681 1835.031 1831.381 1827.732 1824.082 1820.719 1817.365 1814.012 1810.658 1808.991 1809.651 1810.31 1810.97 1811.63 1814.413 1817.514
1964.533 1960.427 1956.263 1950.198 1944.133 1938.068 1932.004 1925.862 1919.637 1913.413 1907.188 1900.963 1897.602 1894.464 1891.326 1888.187 1886.14 1885.897 1885.653 1885.41 1885.167 1884.896 1884.619 1884.342 1884.065 1883.284 1881.176 1879.068 1876.96 1874.852 1872.463 1869.966 1867.47 1864.974 1862.658 1861.198 1859.738 1858.278 1856.817 1855.11 1853.254 1851.398 1849.542 1847.647 1845.261 1842.875 1840.489 1838.103 1834.893 1830.928 1826.963 1822.998 1819.033 1815.604 1812.192 1808.779 1805.366 1803.685 1804.393 1805.101 1805.809 1806.517 1809.362 1812.528
1967.102 1962.779 1958.388 1951.679 1944.97 1938.261 1931.552 1924.912 1918.347 1911.782 1905.217 1898.652 1895.081 1891.744 1888.406 1885.069 1882.81 1882.334 1881.858 1881.382 1880.906 1880.611 1880.354 1880.096 1879.839 1879.085 1877.021 1874.958 1872.895 1870.832 1868.481 1866.02 1863.559 1861.098 1858.836 1857.52 1856.203 1854.886 1853.569 1852.08 1850.487 1848.894 1847.3 1845.637 1843.077 1840.516 1837.956 1835.396 1832.102 1828.135 1824.168 1820.201 1816.234 1812.875 1809.535 1806.194 1802.853 1801.162 1801.745 1802.329 1802.912 1803.496 1806.124 1809.058
1970.15 1965.577 1960.915 1953.319 1945.723 1938.128 1930.531 1923.288 1916.429 1909.57 1902.711 1895.852 1892.136 1888.665 1885.195 1881.724 1879.297 1878.597 1877.896 1877.196 1876.495 1876.139 1875.855 1875.571 1875.287 1874.534 1872.545 1870.557 1868.569 1866.58 1864.257 1861.807 1859.357 1856.907 1854.663 1853.4 1852.136 1850.873 1849.61 1848.351 1847.094 1845.837 1844.581 1843.237 1840.784 1838.33 1835.877 1833.424 1830.351 1826.71 1823.069 1819.428 1815.787 1812.64 1809.508 1806.375 1803.243 1801.544 1801.823 1802.102 1802.381 1802.66 1804.779 1807.174
1973.198 1968.374 1963.443 1954.96 1946.477 1937.994 1929.511 1921.664 1914.511 1907.359 1900.206 1893.053 1889.192 1885.587 1881.983 1878.379 1875.784 1874.859 1873.934 1873.009 1872.084 1871.667 1871.356 1871.046 1870.735 1869.983 1868.069 1866.156 1864.242 1862.329 1860.034 1857.594 1855.155 1852.716 1850.49 1849.28 1848.07 1846.86 1845.651 1844.621 1843.701 1842.781 1841.861 1840.838 1838.491 1836.145 1833.798 1831.452 1828.6 1825.285 1821.97 1818.655 1815.34 1812.405 1809.481 1806.557 1803.633 1801.927 1801.901 1801.876 1801.85 1801.824 1803.434 1805.289
1976.246 1971.171 1965.97 1956.6 1947.23 1937.86 1928.49 1920.04 1912.594 1905.147 1897.7 1890.254 1886.247 1882.509 1878.771 1875.033 1872.271 1871.121 1869.972 1868.823 1867.674 1867.195 1866.858 1866.52 1866.183 1865.432 1863.593 1861.755 1859.916 1858.077 1855.811 1853.382 1850.953 1848.524 1846.317 1845.161 1844.004 1842.848 1841.691 1840.892 1840.308 1839.725 1839.142 1838.438 1836.199 1833.959 1831.719 1829.479 1826.849 1823.86 1820.871 1817.882 1814.893 1812.169 1809.454 1806.738 1804.023 1802.31 1801.979 1801.649 1801.319 1800.989 1802.09 1803.405
1979.295 1973.968 1968.498 1958.241 1947.984 1937.727 1927.47 1918.417 1910.676 1902.935 1895.195 1887.454 1883.302 1879.431 1875.559 1871.688 1868.758 1867.384 1866.01 1864.636 1863.263 1862.723 1862.359 1861.995 1861.631 1860.881 1859.117 1857.353 1855.589 1853.825 1851.588 1849.169 1846.751 1844.333 1842.144 1841.041 1839.938 1838.835 1837.732 1837.162 1836.916 1836.669 1836.422 1836.039 1833.906 1831.773 1829.64 1827.507 1825.098 1822.435 1819.772 1817.109 1814.446 1811.934 1809.427 1806.92 1804.412 1802.692 1802.057 1801.423 1800.788 1800.153 1800.745 1801.521
1977.127 1971.166 1965.078 1954.755 1944.431 1934.108 1923.785 1914.85 1907.43 1900.01 1892.59 1885.17 1881.063 1877.215 1873.367 1869.519 1866.458 1864.698 1862.938 1861.177 1859.417 1858.695 1858.191 1857.687 1857.183 1856.323 1854.526 1852.729 1850.931 1849.134 1846.898 1844.496 1842.093 1839.691 1837.539 1836.578 1835.617 1834.656 1833.694 1833.394 1833.494 1833.594 1833.693 1833.655 1831.85 1830.046 1828.241 1826.436 1824.318 1821.912 1819.506 1817.1 1814.694 1812.359 1810.025 1807.692 1805.359 1803.678 1802.896 1802.114 1801.331 1800.549 1800.93 1801.486
1974.505 1967.875 1961.139 1950.821 1940.503 1930.185 1919.867 1911.114 1904.068 1897.022 1889.976 1882.93 1878.885 1875.074 1871.264 1867.453 1864.265 1862.104 1859.943 1857.781 1855.62 1854.705 1854.051 1853.398 1852.744 1851.764 1849.924 1848.084 1846.244 1844.404 1842.168 1839.782 1837.395 1835.009 1832.896 1832.085 1831.273 1830.462 1829.65 1829.623 1830.07 1830.517 1830.964 1831.273 1829.816 1828.358 1826.901 1825.443 1823.622 1821.467 1819.312 1817.158 1815.003 1812.841 1810.678 1808.516 1806.354 1804.716 1803.8 1802.884 1801.969 1801.053 1801.249 1801.613
1971.882 1964.585 1957.2 1946.888 1936.575 1926.262 1915.95 1907.378 1900.706 1894.034 1887.362 1880.69 1876.707 1872.934 1869.161 1865.388 1862.071 1859.509 1856.947 1854.386 1851.824 1850.715 1849.912 1849.109 1848.306 1847.205 1845.323 1843.44 1841.557 1839.674 1837.438 1835.068 1832.697 1830.327 1828.254 1827.592 1826.93 1826.268 1825.606 1825.852 1826.646 1827.44 1828.235 1828.891 1827.781 1826.671 1825.561 1824.45 1822.926 1821.023 1819.119 1817.215 1815.312 1813.323 1811.332 1809.34 1807.349 1805.754 1804.704 1803.655 1802.606 1801.557 1801.568 1801.739
1969.259 1961.294 1953.261 1942.954 1932.647 1922.339 1912.032 1903.642 1897.344 1891.046 1884.748 1878.45 1874.529 1870.793 1867.057 1863.322 1859.877 1856.915 1853.952 1850.99 1848.027 1846.725 1845.772 1844.82 1843.867 1842.646 1840.721 1838.796 1836.87 1834.944 1832.708 1830.354 1827.999 1825.645 1823.611 1823.099 1822.586 1822.074 1821.562 1822.08 1823.222 1824.364 1825.505 1826.509 1825.746 1824.983 1824.22 1823.458 1822.231 1820.578 1818.926 1817.273 1815.62 1813.805 1811.985 1810.165 1808.344 1806.792 1805.609 1804.426 1803.243 1802.06 1801.887 1801.866
1965.32 1956.642 1947.927 1937.975 1928.023 1918.071 1908.119 1900.11 1894.219 1888.329 1882.439 1876.548 1872.637 1868.881 1865.125 1861.369 1857.783 1854.48 1851.176 1847.873 1844.569 1843.024 1841.849 1840.673 1839.498 1838.104 1836.132 1834.16 1832.188 1830.215 1828.021 1825.743 1823.465 1821.186 1819.245 1818.907 1818.568 1818.23 1817.892 1818.65 1820.072 1821.493 1822.915 1824.2 1823.74 1823.279 1822.819 1822.358 1821.41 1820.014 1818.618 1817.223 1815.827 1814.212 1812.591 1810.97 1809.349 1807.888 1806.648 1805.408 1804.169 1802.929 1802.664 1802.546
