data/zism_data/00278_03_D.txt
ncols         224
nrows         224
[rows 112 to 139 of 224, columns 128 to 191 of 224]
1700.0 1700.0 1700.0 1700.0 1700.0 1700.0 1700.0 1700.0 1700.0 1700.0 1700.0 1700.0 1700.0 1700.0 1700.0 1700.0 1700.0 1700.0 1700.0 1700.0 1700.0 1700.0 1700.0 1700.0 1700.0 1700.0 1700.0 1700.0 1700.0 1700.0 1700.023 1700.111 1700.198 1700.286 1700.374 1700.477 1700.586 1700.696 1700.806 1700.898 1700.898 1700.898 1700.898 1700.898 1700.898 1700.898 1700.898 1700.898 1700.905 1701.037 1701.168 1701.3 1701.431 1701.396 1701.199 1701.002 1700.804 1700.607 1700.473 1700.341 1700.21 1700.078 1700.374 1701.297
1700.0 1700.0 1700.0 1700.0 1700.0 1700.0 1700.0 1700.0 1700.0 1700.0 1700.0 1700.0 1700.0 1700.0 1700.0 1700.0 1700.0 1700.0 1700.0 1700.0 1700.0 1700.0 1700.0 1700.0 1700.0 1700.0 1700.0 1700.0 1700.0 1700.0 1700.034 1700.164 1700.295 1700.425 1700.556 1700.709 1700.872 1701.035 1701.198 1701.335 1701.335 1701.335 1701.335 1701.335 1701.335 1701.335 1701.335 1701.335 1701.347 1701.542 1701.738 1701.934 1702.129 1702.077 1701.783 1701.49 1701.196 1700.903 1700.703 1700.507 1700.312 1700.116 1700.426 1701.477
1700.0 1700.0 1700.0 1700.0 1700.0 1700.0 1700.0 1700.0 1700.0 1700.0 1700.0 1700.0 1700.0 1700.0 1700.0 1700.0 1700.0 1700.0 1700.0 1700.0 1700.0 1700.0 1700.0 1700.0 1700.0 1700.0 1700.0 1700.0 1700.0 1700.0 1700.045 1700.218 1700.391 1700.565 1700.738 1700.942 1701.158 1701.375 1701.591 1701.773 1701.773 1701.773 1701.773 1701.773 1701.773 1701.773 1701.773 1701.773 1701.788 1702.048 1702.308 1702.567 1702.827 1702.757 1702.368 1701.978 1701.589 1701.199 1700.934 1700.674 1700.414 1700.154 1700.478 1701.657
1700.0 1700.0 1700.0 1700.0 1700.0 1700.0 1700.0 1700.0 1700.0 1700.0 1700.0 1700.0 1700.0 1700.0 1700.0 1700.0 1700.0 1700.005 1700.01 1700.015 1700.02 1700.038 1700.08 1700.121 1700.162 1700.203 1700.236 1700.267 1700.298 1700.329 1700.433 1700.744 1701.055 1701.366 1701.677 1701.996 1702.317 1702.638 1702.96 1703.238 1703.287 1703.336 1703.385 1703.433 1703.471 1703.502 1703.533 1703.564 1703.618 1704.039 1704.461 1704.883 1705.304 1705.245 1704.718 1704.191 1703.664 1703.137 1702.733 1702.334 1701.936 1701.537 1701.793 1703.007
1700.0 1700.0 1700.0 1700.0 1700.0 1700.0 1700.0 1700.0 1700.0 1700.0 1700.0 1700.0 1700.0 1700.0 1700.0 1700.0 1700.0 1700.014 1700.03 1700.046 1700.062 1700.118 1700.245 1700.371 1700.498 1700.625 1700.726 1700.821 1700.916 1701.011 1701.225 1701.776 1702.328 1702.88 1703.431 1703.933 1704.415 1704.897 1705.378 1705.807 1705.958 1706.108 1706.259 1706.409 1706.526 1706.621 1706.716 1706.811 1706.94 1707.629 1708.318 1709.007 1709.696 1709.676 1708.967 1708.258 1707.55 1706.841 1706.219 1705.602 1704.984 1704.367 1704.466 1705.617
1700.0 1700.0 1700.0 1700.0 1700.0 1700.0 1700.0 1700.0 1700.0 1700.0 1700.0 1700.0 1700.0 1700.0 1700.0 1700.0 1700.0 1700.024 1700.051 1700.077 1700.104 1700.198 1700.41 1700.622 1700.834 1701.046 1701.215 1701.375 1701.534 1701.693 1702.017 1702.809 1703.601 1704.393 1705.186 1705.871 1706.513 1707.155 1707.797 1708.377 1708.629 1708.881 1709.133 1709.385 1709.58 1709.739 1709.899 1710.058 1710.263 1711.219 1712.175 1713.131 1714.087 1714.107 1713.216 1712.326 1711.436 1710.545 1709.706 1708.87 1708.033 1707.196 1707.14 1708.226
1700.0 1700.0 1700.0 1700.0 1700.0 1700.0 1700.0 1700.0 1700.0 1700.0 1700.0 1700.0 1700.0 1700.0 1700.0 1700.0 1700.0 1700.034 1700.071 1700.108 1700.146 1700.277 1700.575 1700.873 1701.17 1701.468 1701.705 1701.928 1702.152 1702.375 1702.809 1703.842 1704.875 1705.907 1706.94 1707.809 1708.611 1709.413 1710.216 1710.946 1711.3 1711.653 1712.007 1712.36 1712.635 1712.858 1713.081 1713.304 1713.586 1714.809 1716.032 1717.255 1718.479 1718.538 1717.466 1716.394 1715.322 1714.25 1713.193 1712.137 1711.082 1710.026 1709.813 1710.835
1700.0 1700.0 1700.0 1700.0 1700.0 1700.0 1700.0 1700.0 1700.0 1700.0 1700.0 1700.0 1700.0 1700.0 1700.0 1700.0 1700.0 1700.044 1700.092 1700.14 1700.188 1700.357 1700.74 1701.123 1701.506 1701.89 1702.195 1702.482 1702.77 1703.057 1703.602 1704.875 1706.148 1707.421 1708.694 1709.746 1710.709 1711.672 1712.634 1713.516 1713.971 1714.426 1714.881 1715.336 1715.689 1715.976 1716.264 1716.551 1716.908 1718.399 1719.889 1721.38 1722.87 1722.969 1721.715 1720.461 1719.207 1717.954 1716.68 1715.405 1714.13 1712.855 1712.486 1713.444
1700.0 1700.0 1700.0 1700.0 1700.0 1700.0 1700.0 1700.0 1700.0 1700.0 1700.0 1700.0 1700.0 1700.0 1700.0 1700.0 1700.0 1700.156 1700.327 1700.497 1700.668 1700.986 1701.562 1702.137 1702.713 1703.289 1703.731 1704.141 1704.551 1704.961 1705.61 1706.938 1708.267 1709.595 1710.923 1712.06 1713.12 1714.18 1715.239 1716.24 1716.933 1717.626 1718.319 1719.012 1719.551 1719.99 1720.43 1720.869 1721.373 1722.936 1724.498 1726.061 1727.624 1727.967 1727.126 1726.286 1725.445 1724.605 1723.578 1722.542 1721.506 1720.471 1720.165 1720.927
1700.0 1700.0 1700.0 1700.0 1700.0 1700.0 1700.0 1700.0 1700.0 1700.0 1700.0 1700.0 1700.0 1700.0 1700.0 1700.0 1700.0 1700.278 1700.582 1700.886 1701.191 1701.667 1702.446 1703.225 1704.004 1704.783 1705.367 1705.905 1706.443 1706.981 1707.735 1709.101 1710.467 1711.832 1713.198 1714.411 1715.561 1716.711 1717.862 1718.979 1719.923 1720.868 1721.812 1722.756 1723.49 1724.09 1724.69 1725.289 1725.948 1727.564 1729.18 1730.796 1732.412 1733.02 1732.65 1732.279 1731.909 1731.539 1730.803 1730.05 1729.298 1728.546 1728.323 1728.877
1700.0 1700.0 1700.0 1700.0 1700.0 1700.0 1700.0 1700.0 1700.0 1700.0 1700.0 1700.0 1700.0 1700.0 1700.0 1700.0 1700.0 1700.4 1700.838 1701.276 1701.714 1702.349 1703.331 1704.313 1705.295 1706.277 1707.003 1707.669 1708.336 1709.002 1709.861 1711.264 1712.667 1714.07 1715.473 1716.761 1718.002 1719.243 1720.484 1721.718 1722.914 1724.109 1725.304 1726.5 1727.43 1728.19 1728.95 1729.71 1730.522 1732.192 1733.861 1735.531 1737.2 1738.073 1738.173 1738.273 1738.373 1738.473 1738.028 1737.559 1737.09 1736.62 1736.482 1736.827
1700.0 1700.0 1700.0 1700.0 1700.0 1700.0 1700.0 1700.0 1700.0 1700.0 1700.0 1700.0 1700.0 1700.0 1700.0 1700.0 1700.0 1700.522 1701.093 1701.665 1702.236 1703.03 1704.215 1705.4 1706.585 1707.77 1708.639 1709.433 1710.228 1711.023 1711.986 1713.426 1714.867 1716.307 1717.748 1719.111 1720.443 1721.775 1723.107 1724.458 1725.904 1727.35 1728.797 1730.243 1731.37 1732.29 1733.21 1734.13 1735.097 1736.82 1738.542 1740.265 1741.988 1743.126 1743.696 1744.266 1744.837 1745.407 1745.254 1745.068 1744.881 1744.695 1744.64 1744.777
1700.0 1700.0 1700.0 1700.0 1700.0 1700.0 1700.0 1700.0 1700.0 1700.0 1700.0 1700.0 1700.019 1700.059 1700.099 1700.14 1700.18 1700.839 1701.557 1702.275 1702.993 1703.932 1705.262 1706.591 1707.921 1709.25 1710.245 1711.163 1712.08 1712.998 1714.061 1715.539 1717.017 1718.495 1719.973 1721.392 1722.787 1724.182 1725.578 1727.013 1728.66 1730.306 1731.952 1733.598 1734.908 1736.001 1737.095 1738.188 1739.322 1741.12 1742.919 1744.717 1746.515 1747.92 1748.942 1749.964 1750.986 1752.008 1752.187 1752.328 1752.469 1752.611 1752.691 1752.682
1700.0 1700.0 1700.0 1700.0 1700.0 1700.0 1700.0 1700.0 1700.0 1700.0 1700.0 1700.0 1700.073 1700.231 1700.389 1700.547 1700.705 1701.53 1702.419 1703.308 1704.197 1705.257 1706.618 1707.98 1709.341 1710.703 1711.795 1712.825 1713.854 1714.884 1716.041 1717.556 1719.071 1720.586 1722.101 1723.539 1724.945 1726.351 1727.757 1729.218 1730.966 1732.714 1734.461 1736.209 1737.679 1738.97 1740.261 1741.552 1742.879 1744.795 1746.711 1748.627 1750.542 1752.216 1753.655 1755.094 1756.533 1757.971 1758.563 1759.115 1759.668 1760.22 1760.534 1760.498
1700.0 1700.0 1700.0 1700.0 1700.0 1700.0 1700.0 1700.0 1700.0 1700.0 1700.0 1700.0 1700.128 1700.403 1700.679 1700.954 1701.229 1702.221 1703.281 1704.341 1705.401 1706.582 1707.975 1709.369 1710.762 1712.156 1713.345 1714.487 1715.629 1716.771 1718.02 1719.573 1721.125 1722.678 1724.23 1725.687 1727.103 1728.52 1729.937 1731.422 1733.272 1735.121 1736.97 1738.82 1740.45 1741.938 1743.427 1744.916 1746.436 1748.469 1750.503 1752.536 1754.57 1756.513 1758.368 1760.224 1762.079 1763.935 1764.938 1765.902 1766.866 1767.83 1768.377 1768.315
1700.0 1700.0 1700.0 1700.0 1700.0 1700.0 1700.0 1700.0 1700.0 1700.0 1700.0 1700.0 1700.182 1700.575 1700.968 1701.361 1701.754 1702.912 1704.143 1705.374 1706.605 1707.906 1709.332 1710.758 1712.183 1713.609 1714.895 1716.149 1717.403 1718.657 1719.999 1721.589 1723.179 1724.769 1726.359 1727.834 1729.261 1730.689 1732.116 1733.627 1735.578 1737.529 1739.48 1741.431 1743.22 1744.907 1746.593 1748.28 1749.993 1752.144 1754.295 1756.446 1758.597 1760.809 1763.082 1765.354 1767.626 1769.899 1771.313 1772.688 1774.064 1775.439 1776.221 1776.131
1700.0 1700.0 1700.0 1700.0 1700.0 1700.0 1700.0 1700.0 1700.0 1700.0 1700.0 1700.0 1700.237 1700.747 1701.258 1701.768 1702.279 1703.603 1705.005 1706.407 1707.809 1709.231 1710.689 1712.146 1713.604 1715.062 1716.445 1717.812 1719.178 1720.544 1721.979 1723.606 1725.233 1726.861 1728.488 1729.981 1731.419 1732.858 1734.296 1735.832 1737.884 1739.937 1741.989 1744.041 1745.991 1747.875 1749.76 1751.644 1753.55 1755.819 1758.087 1760.356 1762.624 1765.106 1767.795 1770.484 1773.173 1775.862 1777.688 1779.475 1781.262 1783.049 1784.064 1783.948
1700.0 1700.0 1700.0 1700.0 1700.0 1700.0 1700.0 1700.0 1700.013 1700.025 1700.037 1700.05 1700.354 1700.994 1701.635 1702.275 1702.916 1704.339 1705.838 1707.336 1708.835 1710.343 1711.87 1713.397 1714.924 1716.451 1717.909 1719.35 1720.791 1722.233 1723.722 1725.345 1726.969 1728.592 1730.215 1731.753 1733.256 1734.758 1736.261 1737.863 1739.992 1742.121 1744.25 1746.38 1748.425 1750.416 1752.406 1754.397 1756.409 1758.762 1761.115 1763.468 1765.821 1768.399 1771.194 1773.99 1776.786 1779.582 1781.454 1783.285 1785.115 1786.946 1787.979 1787.844
1700.0 1700.0 1700.0 1700.0 1700.0 1700.0 1700.0 1700.0 1700.029 1700.057 1700.086 1700.114 1700.488 1701.262 1702.037 1702.811 1703.585 1705.089 1706.662 1708.235 1709.808 1711.394 1713.001 1714.608 1716.215 1717.822 1719.347 1720.852 1722.358 1723.863 1725.395 1727.003 1728.61 1730.218 1731.825 1733.415 1734.998 1736.58 1738.163 1739.844 1742.043 1744.241 1746.44 1748.638 1750.759 1752.83 1754.901 1756.972 1759.064 1761.492 1763.92 1766.348 1768.775 1771.398 1774.21 1777.022 1779.833 1782.645 1784.457 1786.223 1787.99 1789.756 1790.744 1790.594
1700.0 1700.0 1700.0 1700.0 1700.0 1700.0 1700.0 1700.001 1700.045 1700.09 1700.134 1700.178 1700.623 1701.531 1702.439 1703.346 1704.254 1705.838 1707.486 1709.134 1710.782 1712.444 1714.131 1715.819 1717.506 1719.193 1720.785 1722.355 1723.924 1725.494 1727.069 1728.66 1730.252 1731.843 1733.435 1735.077 1736.74 1738.403 1740.066 1741.825 1744.093 1746.361 1748.629 1750.897 1753.094 1755.245 1757.396 1759.548 1761.719 1764.222 1766.724 1769.227 1771.73 1774.397 1777.225 1780.053 1782.881 1785.708 1787.46 1789.162 1790.864 1792.566 1793.51 1793.344
1700.0 1700.0 1700.0 1700.0 1700.0 1700.0 1700.0 1700.001 1700.061 1700.122 1700.182 1700.243 1700.758 1701.8 1702.841 1703.882 1704.923 1706.587 1708.31 1710.033 1711.756 1713.495 1715.262 1717.029 1718.797 1720.564 1722.223 1723.857 1725.491 1727.124 1728.743 1730.318 1731.894 1733.469 1735.044 1736.739 1738.482 1740.225 1741.968 1743.806 1746.143 1748.481 1750.818 1753.156 1755.429 1757.66 1759.891 1762.123 1764.374 1766.952 1769.529 1772.106 1774.684 1777.396 1780.24 1783.084 1785.928 1788.772 1790.462 1792.1 1793.739 1795.377 1796.276 1796.093
1700.0 1700.0 1700.0 1700.0 1700.0 1700.0 1700.0 1700.001 1700.081 1700.161 1700.241 1700.32 1700.91 1702.088 1703.266 1704.444 1705.622 1707.354 1709.139 1710.923 1712.708 1714.506 1716.327 1718.148 1719.97 1721.791 1723.515 1725.216 1726.917 1728.618 1730.286 1731.861 1733.436 1735.01 1736.585 1738.332 1740.15 1741.968 1743.785 1745.695 1748.089 1750.483 1752.876 1755.27 1757.604 1759.898 1762.192 1764.486 1766.798 1769.412 1772.026 1774.64 1777.254 1779.97 1782.784 1785.598 1788.412 1791.226 1792.842 1794.404 1795.966 1797.528 1798.371 1798.162
1700.0 1700.0 1700.0 1700.0 1700.0 1700.0 1700.0 1700.002 1700.114 1700.225 1700.337 1700.449 1701.125 1702.453 1703.78 1705.108 1706.436 1708.191 1709.986 1711.781 1713.576 1715.364 1717.137 1718.91 1720.683 1722.457 1724.236 1726.018 1727.799 1729.58 1731.323 1732.956 1734.59 1736.223 1737.857 1739.659 1741.53 1743.401 1745.272 1747.228 1749.627 1752.026 1754.425 1756.824 1759.156 1761.445 1763.734 1766.023 1768.324 1770.825 1773.327 1775.829 1778.331 1780.885 1783.491 1786.097 1788.702 1791.308 1792.798 1794.237 1795.676 1797.115 1797.857 1797.578
1700.0 1700.0 1700.0 1700.0 1700.0 1700.0 1700.0 1700.002 1700.146 1700.29 1700.434 1700.578 1701.34 1702.818 1704.295 1705.772 1707.25 1709.027 1710.833 1712.639 1714.445 1716.222 1717.947 1719.672 1721.397 1723.122 1724.958 1726.819 1728.681 1730.542 1732.359 1734.052 1735.744 1737.436 1739.128 1740.986 1742.91 1744.835 1746.759 1748.76 1751.165 1753.57 1755.974 1758.379 1760.709 1762.993 1765.276 1767.56 1769.849 1772.239 1774.628 1777.018 1779.407 1781.801 1784.198 1786.595 1788.993 1791.39 1792.753 1794.069 1795.385 1796.701 1797.342 1796.994
1700.0 1700.0 1700.0 1700.0 1700.0 1700.0 1700.0 1700.003 1700.179 1700.354 1700.531 1700.707 1701.555 1703.182 1704.809 1706.436 1708.063 1709.864 1711.68 1713.497 1715.313 1717.08 1718.757 1720.434 1722.111 1723.788 1725.68 1727.621 1729.563 1731.504 1733.396 1735.147 1736.898 1738.649 1740.4 1742.312 1744.29 1746.268 1748.246 1750.293 1752.703 1755.113 1757.523 1759.933 1762.262 1764.54 1766.818 1769.096 1771.374 1773.652 1775.929 1778.207 1780.484 1782.716 1784.905 1787.094 1789.283 1791.472 1792.708 1793.902 1795.095 1796.288 1796.828 1796.41
1700.0 1700.0 1700.0 1700.0 1700.0 1700.0 1700.0 1700.003 1700.211 1700.419 1700.627 1700.835 1701.771 1703.547 1705.324 1707.1 1708.877 1710.7 1712.527 1714.355 1716.182 1717.938 1719.567 1721.195 1722.824 1724.453 1726.401 1728.423 1730.445 1732.466 1734.433 1736.242 1738.052 1739.862 1741.672 1743.639 1745.67 1747.702 1749.733 1751.826 1754.241 1756.656 1759.072 1761.487 1763.815 1766.088 1768.361 1770.633 1772.9 1775.065 1777.23 1779.395 1781.56 1783.632 1785.612 1787.593 1789.573 1791.554 1792.664 1793.734 1794.805 1795.875 1796.313 1795.826
1700.0 1700.0 1700.0 1700.0 1700.0 1700.0 1700.0 1700.003 1700.223 1700.443 1700.662 1700.882 1701.833 1703.631 1705.428 1707.225 1709.023 1710.845 1712.669 1714.494 1716.318 1718.08 1719.732 1721.384 1723.036 1724.689 1726.67 1728.728 1730.786 1732.843 1734.853 1736.729 1738.604 1740.479 1742.355 1744.362 1746.423 1748.484 1750.545 1752.662 1755.069 1757.476 1759.883 1762.29 1764.601 1766.852 1769.102 1771.352 1773.594 1775.698 1777.802 1779.906 1782.01 1783.997 1785.871 1787.745 1789.619 1791.492 1792.558 1793.587 1794.616 1795.645 1796.043 1795.516
1700.0 1700.0 1700.0 1700.0 1700.0 1700.0 1700.0 1700.003 1700.223 1700.443 1700.662 1700.882 1701.809 1703.553 1705.296 1707.04 1708.784 1710.592 1712.406 1714.219 1716.033 1717.812 1719.528 1721.244 1722.96 1724.677 1726.679 1728.747 1730.816 1732.884 1734.92 1736.865 1738.81 1740.755 1742.699 1744.738 1746.815 1748.893 1750.97 1753.097 1755.488 1757.879 1760.27 1762.661 1764.947 1767.165 1769.383 1771.601 1773.811 1775.883 1777.955 1780.027 1782.098 1784.045 1785.871 1787.697 1789.523 1791.349 1792.417 1793.452 1794.486 1795.52 1795.912 1795.365
