data/zism_data/00276_02_D.txt
ncols         224
nrows         224
[rows 174 to 202 of 224, columns 65 to 129 of 224]
1000.0 1000.0 1000.0 1000.0 1000.0 1000.0 1000.0 1000.0 1000.0 1000.0 1000.0 1000.0 1000.0 1000.0 1000.0 1000.0 1000.0 1000.0 1000.0 1000.0 1000.0 1000.0 1000.0 1000.0 1000.001 1000.003 1000.005 1000.008 1000.01 1000.069 1000.149 1000.228 1000.307 1000.563 1001.509 1002.455 1003.401 1004.347 1008.428 1014.075 1019.723 1025.37 1030.962 1036.175 1041.39 1046.603 1051.817 1054.98 1056.743 1058.505 1060.267 1062.308 1068.875 1075.442 1082.01 1088.577 1092.094 1092.816 1093.538 1094.26 1094.982 1086.899 1078.688 1070.475 1062.264
1000.0 1000.0 1000.0 1000.0 1000.0 1000.0 1000.0 1000.0 1000.0 1000.0 1000.0 1000.0 1000.0 1000.0 1000.0 1000.0 1000.0 1000.0 1000.0 1000.0 1000.008 1000.019 1000.029 1000.039 1000.094 1000.265 1000.435 1000.606 1000.777 1001.074 1001.417 1001.759 1002.102 1002.608 1003.756 1004.904 1006.052 1007.2 1011.207 1016.644 1022.082 1027.519 1032.721 1036.357 1039.992 1043.628 1047.263 1049.178 1049.917 1050.656 1051.395 1052.505 1059.625 1066.746 1073.866 1080.987 1085.192 1086.723 1088.255 1089.786 1091.317 1082.669 1073.872 1065.074 1056.277
1000.0 1000.0 1000.0 1000.0 1000.0 1000.0 1000.0 1000.0 1000.0 1000.0 1000.0 1000.0 1000.0 1000.0 1000.0 1000.0 1000.0 1000.0 1000.0 1000.0 1000.017 1000.038 1000.059 1000.08 1000.191 1000.539 1000.887 1001.235 1001.583 1002.133 1002.755 1003.377 1003.998 1004.772 1006.146 1007.519 1008.893 1010.266 1014.213 1019.446 1024.679 1029.912 1034.727 1036.746 1038.766 1040.785 1042.804 1043.431 1043.108 1042.784 1042.46 1042.598 1050.245 1057.892 1065.539 1073.186 1078.073 1080.431 1082.79 1085.148 1087.506 1078.314 1068.953 1059.592 1050.231
1000.0 1000.0 1000.0 1000.0 1000.0 1000.0 1000.0 1000.0 1000.0 1000.0 1000.0 1000.0 1000.0 1000.0 1000.0 1000.0 1000.0 1000.0 1000.0 1000.0 1000.026 1000.058 1000.089 1000.121 1000.289 1000.814 1001.339 1001.864 1002.389 1003.192 1004.093 1004.994 1005.895 1006.937 1008.536 1010.135 1011.734 1013.333 1017.219 1022.248 1027.277 1032.306 1036.732 1037.135 1037.539 1037.942 1038.345 1037.685 1036.298 1034.911 1033.524 1032.692 1040.865 1049.038 1057.211 1065.384 1070.955 1074.14 1077.325 1080.51 1083.694 1073.959 1064.035 1054.109 1044.185
1000.0 1000.0 1000.0 1000.0 1000.0 1000.0 1000.0 1000.0 1000.0 1000.0 1000.0 1000.0 1000.0 1000.0 1000.0 1000.0 1000.0 1000.0 1000.0 1000.0 1000.035 1000.077 1000.12 1000.162 1000.386 1001.089 1001.791 1002.493 1003.195 1004.251 1005.431 1006.611 1007.791 1009.102 1010.926 1012.751 1014.575 1016.399 1020.224 1025.049 1029.875 1034.7 1038.737 1037.525 1036.312 1035.099 1033.887 1031.939 1029.489 1027.039 1024.589 1022.785 1031.485 1040.184 1048.883 1057.583 1063.836 1067.848 1071.86 1075.871 1079.883 1069.604 1059.116 1048.627 1038.138
1001.898 1001.962 1001.941 1001.915 1001.889 1001.863 1001.726 1001.435 1001.144 1000.853 1000.562 1000.425 1000.309 1000.192 1000.076 1000.0 1000.0 1000.0 1000.0 1000.0 1000.047 1000.104 1000.162 1000.22 1000.53 1001.507 1002.483 1003.46 1004.436 1005.886 1007.502 1009.119 1010.735 1012.494 1014.811 1017.128 1019.445 1021.763 1025.696 1030.438 1035.18 1039.922 1043.683 1040.906 1038.129 1035.352 1032.575 1029.253 1025.559 1021.865 1018.171 1015.167 1023.375 1031.583 1039.791 1047.999 1054.251 1058.71 1063.17 1067.629 1072.088 1062.225 1052.151 1042.077 1032.003
1006.625 1006.851 1006.774 1006.684 1006.594 1006.503 1006.024 1005.008 1003.993 1002.977 1001.961 1001.484 1001.078 1000.671 1000.265 1000.0 1000.0 1000.0 1000.0 1000.0 1000.064 1000.143 1000.222 1000.301 1000.743 1002.138 1003.533 1004.929 1006.324 1008.379 1010.667 1012.954 1015.242 1017.716 1020.925 1024.133 1027.342 1030.55 1034.845 1039.684 1044.522 1049.361 1053.012 1048.748 1044.483 1040.219 1035.955 1031.13 1025.922 1020.714 1015.505 1010.959 1017.159 1023.359 1029.558 1035.758 1040.988 1045.33 1049.671 1054.012 1058.353 1050.335 1042.135 1033.934 1025.734
1011.353 1011.74 1011.608 1011.454 1011.299 1011.144 1010.323 1008.582 1006.842 1005.101 1003.36 1002.543 1001.847 1001.15 1000.454 1000.0 1000.0 1000.0 1000.0 1000.0 1000.082 1000.182 1000.283 1000.383 1000.956 1002.77 1004.584 1006.398 1008.212 1010.872 1013.831 1016.79 1019.749 1022.939 1027.039 1031.138 1035.238 1039.338 1043.994 1048.929 1053.865 1058.8 1062.341 1056.589 1050.838 1045.086 1039.335 1033.007 1026.284 1019.562 1012.84 1006.751 1010.942 1015.134 1019.326 1023.518 1027.726 1031.949 1036.172 1040.395 1044.618 1038.445 1032.118 1025.792 1019.466
1016.08 1016.628 1016.442 1016.223 1016.004 1015.785 1014.621 1012.156 1009.691 1007.225 1004.76 1003.602 1002.616 1001.629 1000.643 1000.0 1000.0 1000.0 1000.0 1000.0 1000.099 1000.221 1000.343 1000.465 1001.168 1003.401 1005.634 1007.867 1010.1 1013.365 1016.995 1020.625 1024.255 1028.161 1033.152 1038.143 1043.134 1048.125 1053.143 1058.175 1063.207 1068.239 1071.67 1064.431 1057.192 1049.954 1042.715 1034.884 1026.647 1018.411 1010.175 1002.543 1004.726 1006.91 1009.093 1011.277 1014.463 1018.568 1022.673 1026.778 1030.883 1026.555 1022.102 1017.649 1013.197
1020.807 1021.516 1021.276 1020.992 1020.709 1020.425 1018.92 1015.73 1012.539 1009.349 1006.159 1004.661 1003.385 1002.109 1000.832 1000.0 1000.0 1000.0 1000.0 1000.0 1000.116 1000.26 1000.404 1000.547 1001.381 1004.033 1006.685 1009.336 1011.988 1015.859 1020.16 1024.461 1028.762 1033.384 1039.266 1045.148 1051.031 1056.913 1062.292 1067.421 1072.549 1077.678 1080.999 1072.273 1063.547 1054.821 1046.095 1036.76 1027.01 1017.26 1007.509 998.3345 998.51 998.6855 998.861 999.0366 1001.201 1005.188 1009.174 1013.161 1017.148 1014.665 1012.086 1009.507 1006.928
1032.803 1033.898 1033.764 1033.574 1033.383 1033.193 1031.015 1026.095 1021.175 1016.255 1011.335 1008.666 1006.293 1003.921 1001.548 1000.0 1000.0 1000.0 1000.0 1000.0 1000.097 1000.217 1000.337 1000.457 1001.239 1003.764 1006.29 1008.815 1011.34 1015.241 1019.627 1024.013 1028.4 1033.176 1039.485 1045.795 1052.104 1058.413 1064.015 1069.262 1074.51 1079.758 1083.162 1074.283 1065.404 1056.525 1047.646 1037.703 1027.033 1016.364 1005.694 995.5834 994.5485 993.5135 992.4787 991.4438 992.9744 996.8568 1000.739 1004.621 1008.504 1008.301 1008.037 1007.774 1007.51
1046.189 1047.714 1047.716 1047.649 1047.583 1047.516 1044.601 1037.759 1030.917 1024.075 1017.233 1013.236 1009.612 1005.988 1002.363 1000.0 1000.0 1000.0 1000.0 1000.0 1000.071 1000.159 1000.247 1000.334 1001.03 1003.324 1005.618 1007.912 1010.207 1014.027 1018.387 1022.746 1027.106 1031.93 1038.577 1045.225 1051.872 1058.52 1064.316 1069.687 1075.058 1080.429 1083.955 1075.178 1066.401 1057.624 1048.846 1038.466 1026.991 1015.517 1004.042 993.1109 991.0182 988.9256 986.8329 984.7403 985.7117 989.4922 993.2725 997.0529 1000.833 1002.994 1005.13 1007.267 1009.404
1059.575 1061.529 1061.668 1061.725 1061.782 1061.838 1058.188 1049.423 1040.659 1031.895 1023.131 1017.805 1012.93 1008.055 1003.179 1000.0 1000.0 1000.0 1000.0 1000.0 1000.045 1000.101 1000.156 1000.211 1000.82 1002.883 1004.947 1007.01 1009.073 1012.814 1017.147 1021.479 1025.812 1030.683 1037.669 1044.655 1051.64 1058.626 1064.618 1070.112 1075.607 1081.101 1084.748 1076.073 1067.397 1058.722 1050.047 1039.23 1026.95 1014.67 1002.389 990.6385 987.488 984.3376 981.1873 978.0367 978.4491 982.1276 985.8058 989.4843 993.1626 997.6868 1002.223 1006.76 1011.297
1072.961 1075.345 1075.621 1075.801 1075.981 1076.161 1071.774 1061.088 1050.401 1039.715 1029.029 1022.374 1016.248 1010.122 1003.995 1000.0 1000.0 1000.0 1000.0 1000.0 1000.019 1000.042 1000.065 1000.089 1000.61 1002.443 1004.275 1006.108 1007.94 1011.601 1015.907 1020.212 1024.518 1029.436 1036.76 1044.084 1051.408 1058.733 1064.919 1070.537 1076.155 1081.773 1085.54 1076.967 1068.394 1059.821 1051.248 1039.994 1026.908 1013.823 1000.737 988.1661 983.9578 979.7496 975.5415 971.3332 971.1865 974.7629 978.3393 981.9157 985.4921 992.38 999.3165 1006.253 1013.19
1081.966 1084.97 1085.328 1085.567 1085.805 1086.043 1081.143 1069.157 1057.171 1045.186 1033.199 1025.61 1018.598 1011.586 1004.573 1000.0 1000.0 1000.0 1000.0 1000.0 1000.0 1000.0 1000.0 1000.0 1000.433 1002.007 1003.58 1005.153 1006.727 1010.152 1014.232 1018.311 1022.39 1027.146 1034.556 1041.967 1049.377 1056.788 1063.085 1068.825 1074.565 1080.305 1084.19 1075.704 1067.218 1058.732 1050.246 1038.603 1024.804 1011.006 997.2072 983.9299 979.1196 974.3094 969.4992 964.6888 964.3998 968.2556 972.1111 975.9667 979.8223 988.7933 997.8393 1006.886 1015.932
1079.558 1083.68 1083.979 1084.104 1084.229 1084.355 1079.525 1067.861 1056.198 1044.534 1032.87 1025.375 1018.427 1011.479 1004.531 1000.0 1000.0 1000.0 1000.0 1000.0 1000.0 1000.0 1000.0 1000.0 1000.342 1001.582 1002.822 1004.063 1005.303 1008.091 1011.424 1014.757 1018.09 1022.135 1028.976 1035.818 1042.659 1049.501 1055.687 1061.545 1067.403 1073.261 1077.255 1068.817 1060.38 1051.942 1043.504 1031.6 1017.329 1003.058 988.787 975.0986 970.8735 966.6486 962.4236 958.1985 958.8533 963.9814 969.1094 974.2375 979.3655 989.6883 1000.087 1010.486 1020.885
1077.151 1082.389 1082.629 1082.641 1082.654 1082.666 1077.907 1066.565 1055.224 1043.882 1032.54 1025.14 1018.256 1011.373 1004.489 1000.0 1000.0 1000.0 1000.0 1000.0 1000.0 1000.0 1000.0 1000.0 1000.25 1001.157 1002.065 1002.973 1003.88 1006.029 1008.616 1011.202 1013.789 1017.124 1023.396 1029.669 1035.941 1042.214 1048.289 1054.265 1060.241 1066.218 1070.32 1061.931 1053.541 1045.152 1036.763 1024.598 1009.854 995.1107 980.3669 966.2673 962.6275 958.9878 955.3481 951.7083 953.3068 959.7073 966.1077 972.5082 978.9086 990.5833 1002.335 1014.087 1025.839
1074.744 1081.098 1081.279 1081.178 1081.078 1080.978 1076.289 1065.269 1054.25 1043.23 1032.21 1024.905 1018.085 1011.266 1004.447 1000.0 1000.0 1000.0 1000.0 1000.0 1000.0 1000.0 1000.0 1000.0 1000.158 1000.733 1001.307 1001.882 1002.457 1003.967 1005.808 1007.648 1009.489 1012.113 1017.816 1023.52 1029.223 1034.926 1040.89 1046.985 1053.079 1059.174 1063.385 1055.044 1046.703 1038.362 1030.021 1017.595 1002.379 987.1631 971.9468 957.4361 954.3815 951.327 948.2726 945.218 947.7603 955.4333 963.106 970.779 978.4518 991.4782 1004.583 1017.688 1030.793
1072.336 1079.807 1079.929 1079.716 1079.503 1079.29 1074.671 1063.973 1053.276 1042.578 1031.881 1024.669 1017.914 1011.16 1004.405 1000.0 1000.0 1000.0 1000.0 1000.0 1000.0 1000.0 1000.0 1000.0 1000.067 1000.308 1000.55 1000.792 1001.034 1001.905 1003.0 1004.094 1005.188 1007.102 1012.236 1017.371 1022.505 1027.639 1033.492 1039.705 1045.917 1052.13 1056.45 1048.158 1039.865 1031.572 1023.279 1010.592 994.9036 979.2154 963.5267 948.6048 946.1355 943.6663 941.197 938.7277 942.2137 951.1592 960.1043 969.0497 977.9949 992.3732 1006.831 1021.289 1035.747
1062.854 1069.941 1069.919 1069.574 1069.229 1068.884 1064.781 1055.492 1046.204 1036.916 1027.627 1021.376 1015.523 1009.67 1003.817 1000.036 1000.14 1000.243 1000.347 1000.451 1000.695 1000.971 1001.248 1001.524 1001.768 1001.927 1002.085 1002.244 1002.402 1002.917 1003.557 1004.196 1004.836 1006.155 1010.14 1014.125 1018.11 1022.096 1027.004 1032.375 1037.745 1043.116 1046.663 1038.058 1029.452 1020.847 1012.241 999.7127 984.504 969.2957 954.087 939.6859 938.4011 937.1163 935.8315 934.5466 939.3972 949.8725 960.3474 970.8226 981.2975 995.9867 1010.737 1025.489 1040.239
1050.557 1056.661 1056.463 1055.978 1055.494 1055.009 1051.599 1044.152 1036.705 1029.258 1021.811 1016.865 1012.247 1007.63 1003.012 1000.086 1000.335 1000.584 1000.832 1001.081 1001.666 1002.329 1002.992 1003.655 1004.184 1004.359 1004.533 1004.708 1004.883 1005.151 1005.453 1005.754 1006.056 1006.825 1009.43 1012.035 1014.641 1017.246 1020.879 1025.025 1029.171 1033.317 1035.741 1026.679 1017.617 1008.556 999.4937 987.2902 972.9404 958.5912 944.2416 930.7322 930.8702 931.0084 931.1464 931.2845 937.6672 949.7747 961.8818 973.9893 986.0963 1000.682 1015.304 1029.926 1044.548
1038.259 1043.381 1043.006 1042.382 1041.758 1041.134 1038.417 1032.811 1027.206 1021.601 1015.996 1012.355 1008.972 1005.589 1002.206 1000.137 1000.531 1000.924 1001.318 1001.711 1002.638 1003.687 1004.737 1005.786 1006.6 1006.79 1006.981 1007.172 1007.363 1007.385 1007.349 1007.312 1007.275 1007.495 1008.72 1009.946 1011.171 1012.397 1014.753 1017.675 1020.597 1023.519 1024.819 1015.301 1005.782 996.2642 986.7459 974.8676 961.377 947.8868 934.3961 921.7784 923.3395 924.9004 926.4614 928.0224 935.9372 949.6769 963.4161 977.1558 990.8951 1005.378 1019.871 1034.364 1048.857
1025.962 1030.101 1029.55 1028.787 1028.023 1027.259 1025.235 1021.471 1017.707 1013.944 1010.18 1007.845 1005.697 1003.549 1001.401 1000.187 1000.726 1001.265 1001.803 1002.342 1003.609 1005.045 1006.481 1007.918 1009.015 1009.222 1009.429 1009.636 1009.843 1009.619 1009.245 1008.87 1008.495 1008.164 1008.01 1007.856 1007.701 1007.547 1008.627 1010.325 1012.023 1013.721 1013.896 1003.922 993.9472 983.9728 973.9981 962.4451 949.8134 937.1823 924.5507 912.8247 915.8087 918.7925 921.7763 924.7603 934.2072 949.5791 964.9505 980.3224 995.6938 1010.073 1024.437 1038.802 1053.166
1015.079 1018.225 1017.547 1016.694 1015.842 1014.99 1013.601 1011.47 1009.34 1007.21 1005.079 1003.91 1002.867 1001.824 1000.781 1000.41 1001.298 1002.187 1003.075 1003.964 1005.724 1007.687 1009.65 1011.612 1013.098 1013.327 1013.557 1013.786 1014.016 1013.526 1012.782 1012.039 1011.295 1010.413 1008.986 1007.558 1006.131 1004.704 1004.545 1005.019 1005.493 1005.968 1005.009 994.4979 983.9861 973.4748 962.9631 951.6761 939.8591 928.0425 916.2255 905.343 909.6404 913.9377 918.235 922.5323 933.2443 949.8369 966.429 983.0217 999.6138 1013.592 1027.531 1041.471 1055.41
1012.006 1014.106 1013.567 1012.908 1012.249 1011.59 1010.516 1008.869 1007.221 1005.574 1003.927 1003.156 1002.499 1001.843 1001.187 1001.583 1003.953 1006.324 1008.694 1011.064 1014.159 1017.421 1020.683 1023.945 1026.388 1026.677 1026.965 1027.254 1027.542 1026.671 1025.391 1024.11 1022.829 1021.381 1019.272 1017.163 1015.054 1012.945 1011.745 1011.001 1010.256 1009.512 1007.365 995.8714 984.3771 972.8832 961.389 950.0414 938.7936 927.5461 916.2982 905.993 910.9991 916.0051 921.0111 926.0173 936.5191 952.0594 967.5991 983.1394 998.6791 1010.61 1022.487 1034.365 1046.243
1008.934 1009.986 1009.587 1009.121 1008.656 1008.19 1007.431 1006.267 1005.103 1003.939 1002.775 1002.402 1002.132 1001.862 1001.592 1002.756 1006.608 1010.461 1014.313 1018.165 1022.593 1027.154 1031.716 1036.277 1039.678 1040.026 1040.373 1040.721 1041.069 1039.816 1037.999 1036.181 1034.364 1032.349 1029.558 1026.767 1023.976 1021.185 1018.946 1016.983 1015.019 1013.056 1009.721 997.2449 984.7681 972.2917 959.8148 948.4069 937.7281 927.0497 916.3709 906.6429 912.3578 918.0725 923.7872 929.5022 939.7939 954.2818 968.7692 983.2571 997.7444 1007.628 1017.444 1027.26 1037.076
1005.862 1005.867 1005.607 1005.334 1005.062 1004.79 1004.346 1003.665 1002.984 1002.304 1001.623 1001.647 1001.764 1001.881 1001.998 1003.929 1009.263 1014.597 1019.932 1025.266 1031.027 1036.888 1042.749 1048.609 1052.968 1053.375 1053.782 1054.188 1054.595 1052.961 1050.607 1048.252 1045.898 1043.317 1039.844 1036.371 1032.898 1029.426 1026.146 1022.964 1019.782 1016.6 1012.077 998.6184 985.159 971.7001 958.2407 946.7722 936.6625 926.5533 916.4437 907.2928 913.7164 920.14 926.5634 932.9871 943.0687 956.5042 969.9393 983.3748 996.8098 1004.646 1012.401 1020.155 1027.909
1002.789 1001.748 1001.627 1001.548 1001.469 1001.39 1001.261 1001.063 1000.866 1000.668 1000.471 1000.893 1001.396 1001.9 1002.403 1005.102 1011.918 1018.734 1025.551 1032.366 1039.462 1046.622 1053.782 1060.942 1066.258 1066.724 1067.19 1067.656 1068.122 1066.106 1063.215 1060.323 1057.432 1054.285 1050.13 1045.975 1041.821 1037.666 1033.347 1028.946 1024.545 1020.144 1014.433 999.9919 985.55 971.1086 956.6666 945.1376 935.597 926.0569 916.5164 907.9427 915.0751 922.2073 929.3395 936.472 946.3436 958.7267 971.1094 983.4925 995.8752 1001.665 1007.357 1013.049 1018.742
1004.819 1002.464 1001.882 1001.38 1000.879 1000.377 1000.064 1000.01 999.9558 999.9019 999.8479 1000.407 1001.046 1001.685 1002.324 1005.449 1013.232 1021.016 1028.8 1036.583 1044.547 1052.552 1060.558 1068.563 1074.528 1075.122 1075.717 1076.312 1076.906 1074.98 1072.165 1069.349 1066.534 1063.477 1059.472 1055.467 1051.463 1047.458 1042.366 1036.73 1031.094 1025.459 1018.484 1002.587 986.69 970.7931 954.8957 943.0745 934.0365 924.9987 915.9607 907.8556 914.9063 921.9568 929.0073 936.058 945.3763 956.7737 968.1708 979.5682 990.9652 995.3875 999.707 1004.027 1008.346
