data/zism_data/00279_02_D.txt
ncols         224
nrows         224
[rows 0 to 27 of 224, columns 63 to 125 of 224]
1284.086 1281.854 1279.623 1277.391 1275.36 1273.338 1271.316 1269.294 1267.759 1266.897 1266.035 1265.173 1264.311 1265.135 1266.18 1267.225 1268.271 1269.575 1271.365 1273.155 1274.945 1276.735 1278.935 1281.23 1283.526 1285.821 1288.202 1290.806 1293.41 1296.014 1298.618 1301.09 1303.514 1305.939 1308.364 1310.7 1312.689 1314.677 1316.665 1318.654 1321.045 1323.638 1326.231 1328.824 1331.324 1333.202 1335.08 1336.959 1338.837 1340.286 1341.442 1342.598 1343.754 1344.925 1346.347 1347.769 1349.191 1350.612 1352.346 1354.364 1356.383 1358.401 1360.42
1284.415 1282.059 1279.703 1277.347 1275.151 1272.961 1270.772 1268.582 1266.822 1265.652 1264.482 1263.312 1262.142 1262.868 1263.844 1264.818 1265.794 1267.063 1268.886 1270.708 1272.53 1274.353 1276.577 1278.894 1281.211 1283.528 1285.901 1288.425 1290.948 1293.471 1295.994 1298.332 1300.606 1302.88 1305.153 1307.37 1309.364 1311.358 1313.351 1315.345 1317.796 1320.475 1323.155 1325.834 1328.419 1330.379 1332.338 1334.297 1336.257 1337.832 1339.144 1340.457 1341.769 1343.102 1344.767 1346.432 1348.096 1349.761 1351.743 1354.016 1356.288 1358.56 1360.833
1284.744 1282.264 1279.784 1277.304 1274.942 1272.585 1270.228 1267.871 1265.884 1264.406 1262.928 1261.451 1259.973 1260.602 1261.507 1262.411 1263.316 1264.552 1266.406 1268.261 1270.116 1271.971 1274.218 1276.557 1278.895 1281.234 1283.601 1286.043 1288.485 1290.927 1293.369 1295.575 1297.698 1299.82 1301.942 1304.04 1306.039 1308.038 1310.037 1312.036 1314.547 1317.312 1320.078 1322.844 1325.515 1327.555 1329.596 1331.636 1333.677 1335.377 1336.846 1338.315 1339.784 1341.279 1343.187 1345.095 1347.002 1348.91 1351.141 1353.667 1356.193 1358.719 1361.245
1285.073 1282.469 1279.864 1277.26 1274.732 1272.208 1269.684 1267.16 1264.946 1263.161 1261.375 1259.59 1257.804 1258.335 1259.17 1260.004 1260.839 1262.04 1263.927 1265.814 1267.701 1269.589 1271.86 1274.22 1276.58 1278.94 1281.301 1283.662 1286.023 1288.384 1290.745 1292.818 1294.789 1296.76 1298.732 1300.71 1302.714 1304.719 1306.723 1308.728 1311.297 1314.149 1317.002 1319.854 1322.611 1324.732 1326.853 1328.975 1331.096 1332.923 1334.549 1336.174 1337.8 1339.456 1341.607 1343.757 1345.908 1348.059 1350.538 1353.318 1356.098 1358.878 1361.658
1285.006 1282.284 1279.561 1276.839 1274.168 1271.5 1268.833 1266.165 1263.758 1261.711 1259.664 1257.617 1255.569 1256.022 1256.803 1257.584 1258.365 1259.543 1261.467 1263.391 1265.315 1267.239 1269.522 1271.887 1274.253 1276.618 1278.968 1281.278 1283.588 1285.898 1288.207 1290.182 1292.037 1293.893 1295.749 1297.63 1299.61 1301.59 1303.57 1305.551 1308.152 1311.063 1313.975 1316.887 1319.708 1321.926 1324.143 1326.36 1328.577 1330.554 1332.366 1334.177 1335.99 1337.833 1340.198 1342.562 1344.926 1347.29 1349.975 1352.956 1355.936 1358.916 1361.896
1283.898 1281.073 1278.248 1275.422 1272.67 1269.921 1267.173 1264.424 1261.911 1259.723 1257.536 1255.348 1253.161 1253.588 1254.358 1255.128 1255.898 1257.086 1259.059 1261.031 1263.004 1264.977 1267.238 1269.565 1271.893 1274.22 1276.551 1278.887 1281.224 1283.561 1285.898 1287.863 1289.697 1291.531 1293.365 1295.208 1297.086 1298.964 1300.841 1302.719 1305.279 1308.18 1311.081 1313.982 1316.811 1319.163 1321.516 1323.868 1326.22 1328.408 1330.485 1332.562 1334.638 1336.739 1339.238 1341.737 1344.236 1346.735 1349.516 1352.556 1355.596 1358.635 1361.675
1282.789 1279.862 1276.934 1274.006 1271.172 1268.342 1265.513 1262.683 1260.064 1257.736 1255.408 1253.08 1250.752 1251.154 1251.913 1252.672 1253.431 1254.629 1256.651 1258.672 1260.693 1262.714 1264.953 1267.243 1269.533 1271.823 1274.133 1276.497 1278.861 1281.225 1283.589 1285.545 1287.357 1289.17 1290.982 1292.787 1294.562 1296.337 1298.112 1299.887 1302.406 1305.296 1308.186 1311.076 1313.914 1316.401 1318.889 1321.376 1323.863 1326.263 1328.604 1330.946 1333.287 1335.645 1338.279 1340.913 1343.547 1346.181 1349.057 1352.157 1355.256 1358.355 1361.454
1281.681 1278.651 1275.62 1272.59 1269.674 1266.763 1263.852 1260.942 1258.217 1255.748 1253.28 1250.812 1248.344 1248.719 1249.467 1250.216 1250.964 1252.172 1254.242 1256.312 1258.382 1260.452 1262.669 1264.921 1267.173 1269.426 1271.716 1274.107 1276.497 1278.888 1281.279 1283.226 1285.017 1286.808 1288.599 1290.366 1292.038 1293.711 1295.383 1297.056 1299.533 1302.412 1305.292 1308.171 1311.017 1313.639 1316.261 1318.884 1321.506 1324.118 1326.724 1329.329 1331.935 1334.55 1337.319 1340.088 1342.857 1345.626 1348.599 1351.757 1354.916 1358.074 1361.233
1280.573 1277.44 1274.307 1271.174 1268.176 1265.184 1262.192 1259.2 1256.37 1253.761 1251.152 1248.544 1245.935 1246.285 1247.022 1247.76 1248.497 1249.715 1251.834 1253.952 1256.071 1258.189 1260.385 1262.599 1264.814 1267.028 1269.298 1271.716 1274.134 1276.552 1278.97 1280.908 1282.677 1284.447 1286.216 1287.945 1289.515 1291.085 1292.654 1294.224 1296.66 1299.528 1302.397 1305.266 1308.12 1310.877 1313.634 1316.391 1319.149 1321.973 1324.843 1327.714 1330.584 1333.456 1336.36 1339.264 1342.168 1345.072 1348.14 1351.358 1354.575 1357.793 1361.011
1277.26 1274.112 1270.964 1267.817 1264.901 1261.996 1259.091 1256.185 1253.46 1250.982 1248.505 1246.027 1243.549 1243.905 1244.631 1245.358 1246.085 1247.306 1249.453 1251.6 1253.747 1255.894 1258.101 1260.321 1262.541 1264.762 1267.031 1269.428 1271.824 1274.221 1276.618 1278.589 1280.408 1282.228 1284.047 1285.815 1287.378 1288.941 1290.504 1292.067 1294.4 1297.118 1299.836 1302.554 1305.285 1308.097 1310.909 1313.722 1316.534 1319.519 1322.622 1325.725 1328.828 1331.933 1335.072 1338.21 1341.349 1344.488 1347.707 1351.0 1354.294 1357.587 1360.88
1273.169 1270.038 1266.906 1263.775 1260.999 1258.24 1255.48 1252.721 1250.175 1247.924 1245.673 1243.423 1241.172 1241.544 1242.26 1242.976 1243.692 1244.913 1247.082 1249.25 1251.419 1253.588 1255.816 1258.058 1260.3 1262.542 1264.816 1267.175 1269.534 1271.893 1274.252 1276.269 1278.164 1280.059 1281.954 1283.787 1285.377 1286.967 1288.557 1290.147 1292.356 1294.875 1297.393 1299.911 1302.471 1305.311 1308.15 1310.99 1313.829 1316.957 1320.281 1323.605 1326.929 1330.258 1333.667 1337.076 1340.484 1343.893 1347.284 1350.658 1354.033 1357.407 1360.781
1269.078 1265.963 1262.848 1259.732 1257.097 1254.483 1251.87 1249.256 1246.891 1244.866 1242.842 1240.818 1238.794 1239.183 1239.888 1240.593 1241.298 1242.52 1244.71 1246.901 1249.091 1251.281 1253.531 1255.794 1258.058 1260.322 1262.601 1264.922 1267.244 1269.565 1271.886 1273.949 1275.919 1277.89 1279.861 1281.76 1283.377 1284.994 1286.611 1288.228 1290.313 1292.631 1294.95 1297.268 1299.658 1302.525 1305.391 1308.257 1311.124 1314.394 1317.939 1321.485 1325.031 1328.584 1332.263 1335.941 1339.62 1343.299 1346.861 1350.316 1353.771 1357.227 1360.682
1264.988 1261.889 1258.789 1255.69 1253.195 1250.727 1248.26 1245.792 1243.606 1241.808 1240.011 1238.214 1236.416 1236.822 1237.516 1238.211 1238.905 1240.127 1242.339 1244.551 1246.763 1248.975 1251.246 1253.531 1255.816 1258.101 1260.386 1262.67 1264.953 1267.237 1269.52 1271.629 1273.675 1275.721 1277.768 1279.732 1281.376 1283.02 1284.664 1286.308 1288.269 1290.388 1292.506 1294.625 1296.845 1299.738 1302.632 1305.525 1308.419 1311.831 1315.598 1319.365 1323.132 1326.91 1330.858 1334.807 1338.755 1342.704 1346.438 1349.974 1353.51 1357.047 1360.583
1260.789 1257.704 1254.619 1251.534 1249.168 1246.835 1244.502 1242.169 1240.167 1238.619 1237.071 1235.524 1233.976 1234.42 1235.124 1235.828 1236.533 1237.766 1239.992 1242.218 1244.444 1246.67 1248.964 1251.274 1253.584 1255.894 1258.188 1260.439 1262.69 1264.941 1267.193 1269.343 1271.457 1273.571 1275.685 1277.714 1279.403 1281.093 1282.782 1284.472 1286.334 1288.281 1290.229 1292.176 1294.246 1297.137 1300.028 1302.919 1305.81 1309.34 1313.306 1317.273 1321.239 1325.219 1329.41 1333.601 1337.792 1341.984 1345.887 1349.528 1353.168 1356.808 1360.448
1256.168 1253.088 1250.008 1246.928 1244.651 1242.41 1240.169 1237.927 1236.121 1234.913 1233.706 1232.499 1231.291 1231.855 1232.651 1233.448 1234.244 1235.532 1237.741 1239.951 1242.161 1244.37 1246.692 1249.04 1251.388 1253.735 1256.054 1258.294 1260.535 1262.775 1265.015 1267.191 1269.343 1271.495 1273.647 1275.729 1277.537 1279.346 1281.154 1282.963 1284.824 1286.712 1288.6 1290.488 1292.492 1295.264 1298.036 1300.808 1303.58 1307.129 1311.209 1315.289 1319.369 1323.463 1327.789 1332.115 1336.442 1340.768 1344.838 1348.672 1352.507 1356.342 1360.176
1251.546 1248.472 1245.397 1242.323 1240.134 1237.984 1235.835 1233.686 1232.075 1231.208 1230.341 1229.474 1228.606 1229.291 1230.179 1231.067 1231.955 1233.297 1235.49 1237.684 1239.877 1242.071 1244.42 1246.806 1249.191 1251.577 1253.92 1256.149 1258.379 1260.609 1262.838 1265.038 1267.228 1269.418 1271.608 1273.745 1275.672 1277.599 1279.526 1281.453 1283.315 1285.144 1286.972 1288.801 1290.737 1293.39 1296.044 1298.697 1301.35 1304.918 1309.112 1313.305 1317.498 1321.707 1326.168 1330.629 1335.091 1339.552 1343.788 1347.817 1351.846 1355.875 1359.904
1246.925 1243.856 1240.787 1237.718 1235.616 1233.559 1231.501 1229.444 1228.029 1227.502 1226.975 1226.448 1225.921 1226.727 1227.706 1228.686 1229.666 1231.062 1233.24 1235.417 1237.594 1239.771 1242.148 1244.572 1246.995 1249.418 1251.786 1254.004 1256.223 1258.442 1260.661 1262.886 1265.114 1267.342 1269.569 1271.76 1273.806 1275.852 1277.898 1279.944 1281.806 1283.575 1285.344 1287.113 1288.983 1291.517 1294.051 1296.586 1299.12 1302.708 1307.014 1311.321 1315.628 1319.951 1324.547 1329.144 1333.74 1338.336 1342.738 1346.961 1351.185 1355.408 1359.632
1242.303 1239.239 1236.176 1233.112 1231.099 1229.133 1227.167 1225.202 1223.984 1223.797 1223.61 1223.423 1223.236 1224.162 1225.234 1226.305 1227.377 1228.828 1230.989 1233.149 1235.31 1237.471 1239.876 1242.337 1244.799 1247.26 1249.651 1251.859 1254.068 1256.276 1258.484 1260.734 1263.0 1265.265 1267.53 1269.776 1271.94 1274.105 1276.27 1278.435 1280.296 1282.006 1283.716 1285.426 1287.228 1289.643 1292.059 1294.475 1296.89 1300.497 1304.917 1309.337 1313.757 1318.195 1322.927 1327.658 1332.389 1337.12 1341.688 1346.106 1350.524 1354.942 1359.359
1237.179 1234.211 1231.243 1228.275 1226.401 1224.578 1222.754 1220.931 1219.92 1220.03 1220.14 1220.251 1220.361 1221.463 1222.694 1223.926 1225.158 1226.732 1228.949 1231.166 1233.383 1235.599 1238.054 1240.564 1243.074 1245.584 1248.009 1250.214 1252.418 1254.623 1256.827 1259.086 1261.364 1263.642 1265.92 1268.188 1270.414 1272.64 1274.866 1277.092 1278.996 1280.74 1282.484 1284.229 1286.042 1288.317 1290.592 1292.868 1295.143 1298.557 1302.748 1306.94 1311.131 1315.351 1320.03 1324.709 1329.388 1334.067 1338.649 1343.143 1347.636 1352.13 1356.623
1231.804 1228.976 1226.149 1223.321 1221.614 1219.958 1218.302 1216.646 1215.848 1216.233 1216.619 1217.004 1217.39 1218.695 1220.121 1221.547 1222.974 1224.707 1227.015 1229.324 1231.633 1233.941 1236.457 1239.021 1241.585 1244.148 1246.613 1248.818 1251.022 1253.227 1255.431 1257.69 1259.968 1262.246 1264.524 1266.798 1269.057 1271.315 1273.573 1275.832 1277.801 1279.626 1281.451 1283.276 1285.141 1287.265 1289.389 1291.513 1293.637 1296.752 1300.544 1304.336 1308.128 1311.962 1316.496 1321.029 1325.562 1330.095 1334.616 1339.126 1343.636 1348.145 1352.655
1226.429 1223.742 1221.054 1218.367 1216.826 1215.338 1213.849 1212.36 1211.775 1212.436 1213.097 1213.758 1214.418 1215.928 1217.548 1219.169 1220.789 1222.681 1225.082 1227.482 1229.882 1232.283 1234.86 1237.477 1240.095 1242.713 1245.217 1247.422 1249.626 1251.83 1254.035 1256.294 1258.572 1260.85 1263.128 1265.409 1267.699 1269.99 1272.281 1274.572 1276.606 1278.512 1280.418 1282.324 1284.239 1286.212 1288.185 1290.158 1292.13 1294.947 1298.339 1301.731 1305.124 1308.574 1312.961 1317.349 1321.736 1326.124 1330.583 1335.109 1339.635 1344.161 1348.687
1221.054 1218.507 1215.96 1213.413 1212.039 1210.717 1209.396 1208.075 1207.702 1208.639 1209.575 1210.511 1211.447 1213.16 1214.975 1216.79 1218.605 1220.656 1223.148 1225.64 1228.132 1230.624 1233.262 1235.934 1238.606 1241.278 1243.821 1246.026 1248.23 1250.434 1252.639 1254.898 1257.176 1259.454 1261.732 1264.019 1266.342 1268.666 1270.989 1273.312 1275.411 1277.398 1279.385 1281.372 1283.338 1285.159 1286.981 1288.802 1290.624 1293.142 1296.135 1299.127 1302.12 1305.185 1309.427 1313.669 1317.91 1322.152 1326.55 1331.092 1335.634 1340.177 1344.719
1215.945 1213.581 1211.217 1208.854 1207.657 1206.513 1205.369 1204.224 1204.05 1205.213 1206.376 1207.539 1208.702 1210.608 1212.612 1214.616 1216.62 1218.821 1221.393 1223.965 1226.537 1229.109 1231.791 1234.498 1237.206 1239.913 1242.483 1244.69 1246.898 1249.105 1251.312 1253.571 1255.847 1258.124 1260.401 1262.691 1265.032 1267.374 1269.715 1272.057 1274.204 1276.256 1278.307 1280.358 1282.363 1284.059 1285.756 1287.452 1289.149 1291.397 1294.021 1296.645 1299.269 1301.977 1306.043 1310.108 1314.174 1318.239 1322.549 1327.083 1331.616 1336.15 1340.683
1212.604 1210.71 1208.817 1206.923 1205.979 1205.078 1204.176 1203.275 1203.201 1204.267 1205.333 1206.398 1207.464 1209.493 1211.648 1213.803 1215.958 1218.257 1220.83 1223.401 1225.974 1228.546 1231.157 1233.779 1236.4 1239.021 1241.534 1243.763 1245.992 1248.22 1250.449 1252.705 1254.971 1257.237 1259.503 1261.769 1264.035 1266.301 1268.567 1270.833 1272.923 1274.925 1276.928 1278.931 1280.9 1282.645 1284.39 1286.135 1287.88 1290.051 1292.513 1294.976 1297.438 1299.971 1303.659 1307.346 1311.034 1314.722 1318.76 1323.121 1327.482 1331.843 1336.204
1209.264 1207.84 1206.416 1204.992 1204.3 1203.642 1202.984 1202.326 1202.352 1203.32 1204.289 1205.258 1206.226 1208.377 1210.683 1212.99 1215.296 1217.694 1220.266 1222.838 1225.41 1227.982 1230.524 1233.059 1235.593 1238.128 1240.585 1242.835 1245.085 1247.336 1249.586 1251.84 1254.095 1256.35 1258.605 1260.847 1263.038 1265.228 1267.418 1269.609 1271.641 1273.595 1275.549 1277.503 1279.436 1281.23 1283.024 1284.817 1286.611 1288.706 1291.006 1293.306 1295.606 1297.965 1301.275 1304.584 1307.894 1311.204 1314.972 1319.16 1323.348 1327.536 1331.724
1205.924 1204.969 1204.015 1203.061 1202.622 1202.207 1201.792 1201.377 1201.503 1202.374 1203.245 1204.117 1204.988 1207.262 1209.719 1212.176 1214.634 1217.131 1219.703 1222.275 1224.847 1227.419 1229.891 1232.339 1234.787 1237.235 1239.635 1241.907 1244.179 1246.451 1248.723 1250.975 1253.219 1255.463 1257.708 1259.926 1262.04 1264.155 1266.27 1268.385 1270.36 1272.265 1274.171 1276.076 1277.973 1279.815 1281.658 1283.5 1285.342 1287.36 1289.499 1291.637 1293.775 1295.959 1298.891 1301.823 1304.754 1307.686 1311.183 1315.198 1319.214 1323.229 1327.244
1202.583 1202.099 1201.614 1201.13 1200.944 1200.772 1200.6 1200.428 1200.653 1201.428 1202.202 1202.976 1203.75 1206.146 1208.755 1211.363 1213.972 1216.567 1219.139 1221.711 1224.283 1226.855 1229.257 1231.619 1233.981 1236.343 1238.686 1240.98 1243.273 1245.567 1247.86 1250.11 1252.343 1254.577 1256.81 1259.004 1261.043 1263.082 1265.121 1267.161 1269.078 1270.935 1272.792 1274.648 1276.51 1278.401 1280.291 1282.182 1284.073 1286.015 1287.991 1289.967 1291.944 1293.953 1296.507 1299.061 1301.615 1304.168 1307.394 1311.237 1315.079 1318.922 1322.764
1201.067 1200.812 1200.556 1200.301 1200.232 1200.171 1200.11 1200.05 1200.326 1201.067 1201.809 1202.55 1203.291 1205.737 1208.407 1211.077 1213.747 1216.378 1218.937 1221.496 1224.055 1226.615 1228.972 1231.283 1233.594 1235.905 1238.208 1240.491 1242.774 1245.057 1247.341 1249.548 1251.729 1253.91 1256.091 1258.231 1260.211 1262.19 1264.17 1266.15 1268.058 1269.93 1271.802 1273.675 1275.557 1277.51 1279.462 1281.414 1283.367 1285.288 1287.189 1289.09 1290.991 1292.912 1295.165 1297.418 1299.671 1301.924 1304.827 1308.327 1311.826 1315.326 1318.825
