data/zism_data/00274_04_D.txt
ncols         224
nrows         224
[rows 0 to 28 of 224, columns 65 to 129 of 224]
1362.343 1362.442 1362.532 1362.621 1362.711 1362.801 1362.866 1362.899 1362.931 1362.964 1362.996 1363.13 1363.278 1363.425 1363.573 1363.652 1363.603 1363.553 1363.504 1363.455 1363.366 1363.268 1363.17 1363.071 1363.0 1363.0 1363.0 1363.0 1363.0 1363.0 1363.0 1363.0 1363.0 1363.0 1363.0 1363.0 1363.0 1363.0 1362.853 1362.633 1362.412 1362.192 1362.0 1362.0 1362.0 1362.0 1362.0 1362.0 1362.0 1362.0 1362.0 1362.0 1362.0 1362.0 1362.0 1362.0 1361.885 1361.665 1361.444 1361.224 1361.003 1361.0 1361.0 1361.0 1361.0
1362.23 1362.296 1362.395 1362.495 1362.596 1362.696 1362.777 1362.832 1362.886 1362.94 1362.994 1363.087 1363.186 1363.285 1363.384 1363.437 1363.404 1363.371 1363.338 1363.305 1363.245 1363.179 1363.114 1363.048 1363.0 1363.0 1363.0 1363.0 1363.0 1363.0 1363.0 1363.0 1363.0 1363.0 1363.0 1363.0 1363.0 1363.0 1362.853 1362.633 1362.412 1362.192 1362.0 1362.0 1362.0 1362.0 1362.0 1362.0 1362.0 1362.0 1362.0 1362.0 1362.0 1362.0 1362.0 1362.0 1361.885 1361.665 1361.444 1361.224 1361.003 1361.0 1361.0 1361.0 1361.0
1362.117 1362.15 1362.258 1362.369 1362.481 1362.592 1362.688 1362.764 1362.84 1362.916 1362.991 1363.044 1363.094 1363.144 1363.195 1363.221 1363.205 1363.188 1363.171 1363.155 1363.124 1363.091 1363.058 1363.024 1363.0 1363.0 1363.0 1363.0 1363.0 1363.0 1363.0 1363.0 1363.0 1363.0 1363.0 1363.0 1363.0 1363.0 1362.853 1362.633 1362.412 1362.192 1362.0 1362.0 1362.0 1362.0 1362.0 1362.0 1362.0 1362.0 1362.0 1362.0 1362.0 1362.0 1362.0 1362.0 1361.885 1361.665 1361.444 1361.224 1361.003 1361.0 1361.0 1361.0 1361.0
1362.003 1362.004 1362.121 1362.243 1362.365 1362.488 1362.599 1362.697 1362.794 1362.891 1362.989 1363.001 1363.003 1363.004 1363.005 1363.006 1363.006 1363.005 1363.005 1363.004 1363.004 1363.003 1363.002 1363.001 1363.0 1363.0 1363.0 1363.0 1363.0 1363.0 1363.0 1363.0 1363.0 1363.0 1363.0 1363.0 1363.0 1363.0 1362.853 1362.633 1362.412 1362.192 1362.0 1362.0 1362.0 1362.0 1362.0 1362.0 1362.0 1362.0 1362.0 1362.0 1362.0 1362.0 1362.0 1362.0 1361.885 1361.665 1361.444 1361.224 1361.003 1361.0 1361.0 1361.0 1361.0
1362.0 1362.0 1362.117 1362.24 1362.362 1362.485 1362.597 1362.695 1362.793 1362.891 1362.989 1363.0 1363.0 1363.0 1363.0 1363.0 1363.0 1363.0 1363.0 1363.0 1362.987 1362.971 1362.956 1362.94 1362.92 1362.888 1362.857 1362.825 1362.794 1362.786 1362.786 1362.786 1362.786 1362.786 1362.786 1362.786 1362.786 1362.786 1362.67 1362.497 1362.324 1362.151 1362.0 1362.0 1362.0 1362.0 1362.0 1362.0 1362.0 1362.0 1362.0 1362.0 1362.0 1362.0 1362.0 1362.0 1361.885 1361.665 1361.444 1361.224 1361.003 1361.0 1361.0 1361.0 1361.0
1362.0 1362.0 1362.117 1362.24 1362.362 1362.485 1362.597 1362.695 1362.793 1362.891 1362.989 1363.0 1363.0 1363.0 1363.0 1363.0 1363.0 1363.0 1363.0 1363.0 1362.974 1362.942 1362.91 1362.878 1362.837 1362.773 1362.709 1362.645 1362.581 1362.565 1362.565 1362.565 1362.565 1362.565 1362.565 1362.565 1362.565 1362.565 1362.482 1362.357 1362.233 1362.108 1362.0 1362.0 1362.0 1362.0 1362.0 1362.0 1362.0 1362.0 1362.0 1362.0 1362.0 1362.0 1362.0 1362.0 1361.885 1361.665 1361.444 1361.224 1361.003 1361.0 1361.0 1361.0 1361.0
1362.0 1362.0 1362.117 1362.24 1362.362 1362.485 1362.597 1362.695 1362.793 1362.891 1362.989 1363.0 1363.0 1363.0 1363.0 1363.0 1363.0 1363.0 1363.0 1363.0 1362.961 1362.913 1362.865 1362.816 1362.755 1362.658 1362.562 1362.466 1362.369 1362.344 1362.344 1362.344 1362.344 1362.344 1362.344 1362.344 1362.344 1362.344 1362.293 1362.218 1362.142 1362.066 1362.0 1362.0 1362.0 1362.0 1362.0 1362.0 1362.0 1362.0 1362.0 1362.0 1362.0 1362.0 1362.0 1362.0 1361.885 1361.665 1361.444 1361.224 1361.003 1361.0 1361.0 1361.0 1361.0
1362.0 1362.0 1362.117 1362.24 1362.362 1362.485 1362.597 1362.695 1362.793 1362.891 1362.989 1363.0 1363.0 1363.0 1363.0 1363.0 1363.0 1363.0 1363.0 1363.0 1362.948 1362.883 1362.819 1362.754 1362.672 1362.543 1362.415 1362.286 1362.157 1362.123 1362.123 1362.123 1362.123 1362.123 1362.123 1362.123 1362.123 1362.123 1362.105 1362.078 1362.051 1362.024 1362.0 1362.0 1362.0 1362.0 1362.0 1362.0 1362.0 1362.0 1362.0 1362.0 1362.0 1362.0 1362.0 1362.0 1361.885 1361.665 1361.444 1361.224 1361.003 1361.0 1361.0 1361.0 1361.0
1362.0 1362.0 1362.126 1362.258 1362.39 1362.522 1362.636 1362.725 1362.813 1362.901 1362.99 1363.0 1363.0 1363.0 1363.0 1362.998 1362.99 1362.983 1362.976 1362.969 1362.902 1362.821 1362.741 1362.66 1362.565 1362.432 1362.3 1362.167 1362.035 1361.984 1361.963 1361.941 1361.92 1361.907 1361.928 1361.95 1361.971 1361.993 1362.0 1362.0 1362.0 1362.0 1362.0 1362.0 1362.0 1362.0 1362.0 1362.0 1362.0 1362.0 1362.0 1362.0 1362.0 1362.0 1362.0 1362.0 1361.885 1361.665 1361.444 1361.224 1361.003 1361.0 1361.0 1361.0 1361.0
1362.0 1362.0 1362.147 1362.301 1362.454 1362.608 1362.725 1362.792 1362.859 1362.926 1362.992 1363.0 1363.0 1363.0 1363.0 1362.992 1362.969 1362.945 1362.922 1362.898 1362.815 1362.718 1362.621 1362.525 1362.427 1362.327 1362.226 1362.126 1362.026 1361.948 1361.878 1361.808 1361.738 1361.696 1361.766 1361.836 1361.906 1361.977 1362.0 1362.0 1362.0 1362.0 1362.0 1362.0 1362.0 1362.0 1362.0 1362.0 1362.0 1362.0 1362.0 1362.0 1362.0 1362.0 1362.0 1362.0 1361.885 1361.665 1361.444 1361.224 1361.003 1361.0 1361.0 1361.0 1361.0
1362.0 1362.0 1362.168 1362.343 1362.518 1362.694 1362.814 1362.859 1362.905 1362.95 1362.995 1363.0 1363.0 1363.0 1363.0 1362.986 1362.947 1362.907 1362.867 1362.828 1362.728 1362.615 1362.502 1362.389 1362.289 1362.221 1362.153 1362.085 1362.018 1361.912 1361.793 1361.674 1361.556 1361.485 1361.604 1361.723 1361.842 1361.96 1362.0 1362.0 1362.0 1362.0 1362.0 1362.0 1362.0 1362.0 1362.0 1362.0 1362.0 1362.0 1362.0 1362.0 1362.0 1362.0 1362.0 1362.0 1361.885 1361.665 1361.444 1361.224 1361.003 1361.0 1361.0 1361.0 1361.0
1362.0 1362.0 1362.188 1362.385 1362.582 1362.779 1362.903 1362.927 1362.95 1362.974 1362.997 1363.0 1363.0 1363.0 1363.0 1362.981 1362.925 1362.869 1362.813 1362.757 1362.642 1362.512 1362.383 1362.254 1362.15 1362.115 1362.08 1362.044 1362.009 1361.876 1361.709 1361.541 1361.374 1361.274 1361.442 1361.609 1361.777 1361.944 1362.0 1362.0 1362.0 1362.0 1362.0 1362.0 1362.0 1362.0 1362.0 1362.0 1362.0 1362.0 1362.0 1362.0 1362.0 1362.0 1362.0 1362.0 1361.885 1361.665 1361.444 1361.224 1361.003 1361.0 1361.0 1361.0 1361.0
1362.0 1362.0 1362.209 1362.428 1362.646 1362.865 1362.992 1362.994 1362.996 1362.998 1363.0 1363.0 1363.0 1363.0 1363.0 1362.975 1362.903 1362.831 1362.759 1362.687 1362.555 1362.409 1362.264 1362.118 1362.012 1362.009 1362.006 1362.004 1362.001 1361.84 1361.624 1361.408 1361.192 1361.063 1361.279 1361.495 1361.712 1361.928 1362.0 1362.0 1362.0 1362.0 1362.0 1362.0 1362.0 1362.0 1362.0 1362.0 1362.0 1362.0 1362.0 1362.0 1362.0 1362.0 1362.0 1362.0 1361.885 1361.665 1361.444 1361.224 1361.003 1361.0 1361.0 1361.0 1361.0
1362.104 1362.133 1362.317 1362.508 1362.699 1362.889 1363.0 1363.0 1363.0 1363.0 1363.0 1362.965 1362.926 1362.886 1362.847 1362.799 1362.735 1362.671 1362.608 1362.544 1362.437 1362.32 1362.202 1362.085 1361.989 1361.95 1361.91 1361.871 1361.831 1361.687 1361.506 1361.325 1361.144 1361.036 1361.212 1361.388 1361.564 1361.74 1361.798 1361.798 1361.798 1361.798 1361.804 1361.849 1361.893 1361.938 1361.982 1362.0 1362.0 1362.0 1362.0 1361.999 1361.979 1361.959 1361.94 1361.92 1361.806 1361.605 1361.404 1361.204 1361.003 1361.0 1361.0 1361.0 1361.0
1362.217 1362.279 1362.433 1362.591 1362.75 1362.908 1363.0 1363.0 1363.0 1363.0 1363.0 1362.927 1362.844 1362.761 1362.678 1362.606 1362.553 1362.501 1362.448 1362.395 1362.316 1362.231 1362.146 1362.062 1361.977 1361.894 1361.812 1361.729 1361.646 1361.523 1361.385 1361.247 1361.11 1361.026 1361.153 1361.281 1361.408 1361.535 1361.578 1361.578 1361.578 1361.578 1361.59 1361.683 1361.776 1361.869 1361.962 1362.0 1362.0 1362.0 1362.0 1361.998 1361.956 1361.915 1361.874 1361.832 1361.719 1361.54 1361.361 1361.182 1361.003 1361.0 1361.0 1361.0 1361.0
1362.33 1362.425 1362.549 1362.675 1362.801 1362.927 1363.0 1363.0 1363.0 1363.0 1363.0 1362.889 1362.763 1362.636 1362.51 1362.414 1362.372 1362.33 1362.288 1362.246 1362.195 1362.143 1362.09 1362.038 1361.965 1361.839 1361.713 1361.587 1361.461 1361.359 1361.264 1361.17 1361.075 1361.016 1361.095 1361.173 1361.252 1361.331 1361.357 1361.357 1361.357 1361.357 1361.375 1361.517 1361.659 1361.801 1361.943 1362.0 1362.0 1362.0 1362.0 1361.996 1361.933 1361.87 1361.807 1361.744 1361.632 1361.475 1361.317 1361.16 1361.002 1361.0 1361.0 1361.0 1361.0
1362.443 1362.57 1362.665 1362.759 1362.852 1362.946 1363.0 1363.0 1363.0 1363.0 1363.0 1362.85 1362.681 1362.512 1362.342 1362.221 1362.19 1362.159 1362.128 1362.097 1362.074 1362.054 1362.034 1362.015 1361.953 1361.784 1361.615 1361.445 1361.276 1361.194 1361.143 1361.092 1361.041 1361.006 1361.036 1361.066 1361.096 1361.126 1361.136 1361.136 1361.136 1361.136 1361.161 1361.351 1361.542 1361.732 1361.923 1362.0 1362.0 1362.0 1362.0 1361.995 1361.911 1361.826 1361.741 1361.657 1361.545 1361.409 1361.274 1361.138 1361.002 1361.0 1361.0 1361.0 1361.0
1362.521 1362.67 1362.744 1362.816 1362.887 1362.959 1362.997 1362.991 1362.985 1362.979 1362.972 1362.798 1362.603 1362.407 1362.211 1362.07 1362.033 1361.996 1361.959 1361.922 1361.915 1361.915 1361.915 1361.915 1361.865 1361.681 1361.498 1361.314 1361.131 1361.062 1361.033 1361.004 1360.976 1360.951 1360.943 1360.935 1360.926 1360.918 1360.926 1360.943 1360.959 1360.976 1361.018 1361.228 1361.438 1361.648 1361.858 1361.947 1361.953 1361.96 1361.966 1361.966 1361.864 1361.762 1361.66 1361.557 1361.447 1361.328 1361.21 1361.092 1360.973 1360.959 1360.947 1360.935 1360.922
1362.539 1362.694 1362.764 1362.83 1362.896 1362.962 1362.991 1362.968 1362.946 1362.923 1362.901 1362.725 1362.529 1362.333 1362.137 1361.985 1361.916 1361.846 1361.777 1361.708 1361.694 1361.694 1361.694 1361.694 1361.653 1361.502 1361.351 1361.2 1361.049 1360.98 1360.941 1360.901 1360.862 1360.824 1360.794 1360.764 1360.734 1360.704 1360.734 1360.794 1360.854 1360.914 1360.99 1361.173 1361.356 1361.539 1361.722 1361.81 1361.832 1361.854 1361.877 1361.892 1361.779 1361.666 1361.553 1361.44 1361.33 1361.222 1361.115 1361.007 1360.9 1360.854 1360.809 1360.764 1360.719
1362.558 1362.718 1362.783 1362.844 1362.904 1362.965 1362.984 1362.945 1362.906 1362.868 1362.829 1362.651 1362.455 1362.259 1362.063 1361.9 1361.798 1361.697 1361.595 1361.493 1361.474 1361.474 1361.474 1361.474 1361.441 1361.322 1361.204 1361.085 1360.967 1360.898 1360.848 1360.798 1360.748 1360.697 1360.646 1360.594 1360.542 1360.491 1360.542 1360.646 1360.749 1360.852 1360.962 1361.118 1361.274 1361.43 1361.586 1361.672 1361.711 1361.749 1361.788 1361.817 1361.694 1361.57 1361.446 1361.322 1361.213 1361.116 1361.019 1360.923 1360.826 1360.748 1360.671 1360.594 1360.516
1362.577 1362.742 1362.802 1362.858 1362.913 1362.968 1362.977 1362.922 1362.867 1362.812 1362.757 1362.578 1362.382 1362.186 1361.99 1361.815 1361.681 1361.547 1361.412 1361.278 1361.253 1361.253 1361.253 1361.253 1361.229 1361.143 1361.057 1360.971 1360.885 1360.817 1360.756 1360.695 1360.634 1360.57 1360.497 1360.424 1360.35 1360.277 1360.35 1360.497 1360.643 1360.79 1360.934 1361.063 1361.192 1361.321 1361.45 1361.535 1361.589 1361.644 1361.699 1361.743 1361.609 1361.474 1361.339 1361.205 1361.096 1361.01 1360.924 1360.838 1360.752 1360.643 1360.533 1360.423 1360.313
1362.596 1362.767 1362.822 1362.872 1362.921 1362.971 1362.97 1362.899 1362.828 1362.757 1362.686 1362.504 1362.308 1362.112 1361.916 1361.73 1361.564 1361.397 1361.23 1361.063 1361.032 1361.032 1361.032 1361.032 1361.017 1360.964 1360.91 1360.856 1360.802 1360.735 1360.663 1360.591 1360.519 1360.443 1360.348 1360.253 1360.158 1360.064 1360.158 1360.348 1360.538 1360.728 1360.906 1361.008 1361.11 1361.211 1361.313 1361.397 1361.468 1361.539 1361.61 1361.669 1361.523 1361.378 1361.233 1361.087 1360.979 1360.904 1360.828 1360.753 1360.678 1360.537 1360.395 1360.253 1360.11
1362.675 1362.814 1362.818 1362.816 1362.814 1362.812 1362.786 1362.727 1362.667 1362.607 1362.548 1362.363 1362.163 1361.962 1361.762 1361.568 1361.387 1361.207 1361.026 1360.845 1360.811 1360.811 1360.811 1360.811 1360.8 1360.76 1360.721 1360.681 1360.641 1360.587 1360.527 1360.468 1360.408 1360.344 1360.265 1360.185 1360.106 1360.026 1360.106 1360.265 1360.424 1360.583 1360.737 1360.858 1360.979 1361.1 1361.221 1361.306 1361.365 1361.425 1361.485 1361.534 1361.415 1361.295 1361.176 1361.057 1360.947 1360.846 1360.745 1360.643 1360.542 1360.423 1360.304 1360.185 1360.066
1362.763 1362.864 1362.81 1362.749 1362.687 1362.626 1362.572 1362.529 1362.485 1362.442 1362.399 1362.211 1362.005 1361.799 1361.594 1361.393 1361.201 1361.01 1360.818 1360.626 1360.59 1360.59 1360.59 1360.59 1360.582 1360.553 1360.525 1360.496 1360.467 1360.427 1360.384 1360.34 1360.297 1360.251 1360.193 1360.135 1360.077 1360.019 1360.077 1360.193 1360.308 1360.424 1360.544 1360.692 1360.84 1360.989 1361.137 1361.223 1361.266 1361.309 1361.353 1361.389 1361.302 1361.215 1361.128 1361.042 1360.93 1360.797 1360.663 1360.529 1360.396 1360.308 1360.221 1360.135 1360.048
1362.852 1362.915 1362.802 1362.681 1362.561 1362.44 1362.358 1362.331 1362.304 1362.277 1362.25 1362.059 1361.848 1361.637 1361.425 1361.217 1361.015 1360.812 1360.61 1360.408 1360.37 1360.37 1360.37 1360.37 1360.365 1360.347 1360.328 1360.31 1360.292 1360.267 1360.24 1360.213 1360.186 1360.157 1360.121 1360.084 1360.048 1360.012 1360.048 1360.121 1360.193 1360.266 1360.351 1360.527 1360.702 1360.877 1361.052 1361.139 1361.167 1361.194 1361.221 1361.243 1361.189 1361.135 1361.08 1361.026 1360.913 1360.747 1360.581 1360.415 1360.249 1360.193 1360.139 1360.084 1360.03
1362.94 1362.966 1362.794 1362.614 1362.434 1362.253 1362.144 1362.133 1362.122 1362.111 1362.1 1361.907 1361.691 1361.474 1361.257 1361.042 1360.828 1360.615 1360.402 1360.189 1360.149 1360.149 1360.149 1360.149 1360.147 1360.14 1360.132 1360.125 1360.118 1360.108 1360.097 1360.086 1360.075 1360.063 1360.049 1360.034 1360.019 1360.005 1360.019 1360.049 1360.078 1360.107 1360.159 1360.361 1360.563 1360.765 1360.968 1361.056 1361.067 1361.078 1361.089 1361.098 1361.076 1361.054 1361.032 1361.01 1360.896 1360.698 1360.499 1360.301 1360.102 1360.078 1360.056 1360.034 1360.012
1362.926 1362.905 1362.698 1362.483 1362.268 1362.053 1361.924 1361.913 1361.902 1361.892 1361.881 1361.696 1361.488 1361.28 1361.072 1360.861 1360.644 1360.427 1360.21 1359.993 1359.952 1359.952 1359.952 1359.952 1359.952 1359.952 1359.952 1359.952 1359.952 1359.951 1359.949 1359.947 1359.945 1359.943 1359.94 1359.936 1359.933 1359.929 1359.928 1359.928 1359.928 1359.928 1359.955 1360.165 1360.375 1360.585 1360.795 1360.883 1360.888 1360.894 1360.899 1360.904 1360.9 1360.897 1360.893 1360.89 1360.779 1360.571 1360.363 1360.155 1359.947 1359.941 1359.937 1359.933 1359.93
1362.699 1362.613 1362.419 1362.22 1362.021 1361.823 1361.689 1361.646 1361.603 1361.56 1361.517 1361.361 1361.191 1361.021 1360.851 1360.668 1360.462 1360.256 1360.05 1359.844 1359.805 1359.805 1359.805 1359.805 1359.805 1359.805 1359.805 1359.805 1359.805 1359.8 1359.792 1359.785 1359.778 1359.769 1359.755 1359.741 1359.726 1359.712 1359.707 1359.707 1359.707 1359.707 1359.73 1359.908 1360.085 1360.263 1360.44 1360.525 1360.546 1360.568 1360.589 1360.609 1360.594 1360.58 1360.566 1360.551 1360.456 1360.286 1360.115 1359.945 1359.775 1359.758 1359.744 1359.729 1359.715
1362.473 1362.322 1362.141 1361.958 1361.775 1361.592 1361.455 1361.379 1361.304 1361.228 1361.153 1361.027 1360.895 1360.762 1360.63 1360.476 1360.28 1360.085 1359.89 1359.694 1359.658 1359.658 1359.658 1359.658 1359.658 1359.658 1359.658 1359.658 1359.658 1359.648 1359.636 1359.623 1359.611 1359.595 1359.57 1359.545 1359.52 1359.495 1359.486 1359.486 1359.486 1359.486 1359.505 1359.65 1359.795 1359.94 1360.085 1360.167 1360.204 1360.242 1360.28 1360.314 1360.289 1360.263 1360.238 1360.213 1360.132 1360.0 1359.867 1359.735 1359.603 1359.576 1359.551 1359.525 1359.5
