data/zism_data/00275_02_D.txt
ncols         224
nrows         224
[rows 145 to 173 of 224, columns 64 to 127 of 224]
1061.233 1061.345 1061.457 1061.766 1062.085 1062.403 1062.722 1062.995 1063.204 1063.414 1063.624 1063.834 1064.081 1064.333 1064.585 1064.837 1065.071 1065.27 1065.47 1065.669 1065.869 1066.043 1066.211 1066.379 1066.546 1066.703 1066.829 1066.955 1067.081 1067.207 1067.348 1067.495 1067.642 1067.789 1067.911 1067.932 1067.953 1067.974 1067.995 1068.051 1068.125 1068.198 1068.272 1068.352 1068.478 1068.604 1068.729 1068.855 1068.994 1069.141 1069.287 1069.434 1069.577 1069.651 1069.724 1069.798 1069.871 1070.021 1070.242 1070.462 1070.683 1070.903 1070.906 1070.906
1061.634 1061.729 1061.825 1062.134 1062.452 1062.771 1063.089 1063.355 1063.549 1063.743 1063.936 1064.13 1064.385 1064.647 1064.91 1065.173 1065.416 1065.62 1065.825 1066.03 1066.235 1066.406 1066.568 1066.731 1066.893 1067.047 1067.179 1067.31 1067.441 1067.573 1067.716 1067.863 1068.01 1068.157 1068.285 1068.338 1068.392 1068.445 1068.499 1068.566 1068.639 1068.713 1068.786 1068.862 1068.955 1069.049 1069.142 1069.236 1069.361 1069.508 1069.655 1069.802 1069.945 1070.018 1070.092 1070.165 1070.239 1070.389 1070.609 1070.83 1071.05 1071.271 1071.274 1071.274
1062.034 1062.114 1062.193 1062.501 1062.82 1063.138 1063.457 1063.716 1063.893 1064.071 1064.248 1064.426 1064.688 1064.962 1065.235 1065.509 1065.76 1065.971 1066.181 1066.391 1066.601 1066.769 1066.926 1067.083 1067.24 1067.392 1067.528 1067.665 1067.802 1067.939 1068.083 1068.23 1068.377 1068.524 1068.659 1068.745 1068.83 1068.916 1069.002 1069.08 1069.153 1069.227 1069.3 1069.372 1069.433 1069.494 1069.555 1069.616 1069.728 1069.875 1070.022 1070.169 1070.312 1070.385 1070.459 1070.532 1070.606 1070.756 1070.977 1071.197 1071.417 1071.638 1071.641 1071.641
1062.435 1062.498 1062.561 1062.869 1063.187 1063.505 1063.824 1064.076 1064.238 1064.399 1064.56 1064.721 1064.992 1065.276 1065.56 1065.845 1066.105 1066.321 1066.536 1066.752 1066.968 1067.132 1067.283 1067.435 1067.587 1067.736 1067.878 1068.02 1068.163 1068.305 1068.451 1068.597 1068.744 1068.891 1069.032 1069.151 1069.269 1069.387 1069.506 1069.594 1069.668 1069.741 1069.815 1069.882 1069.911 1069.94 1069.968 1069.997 1070.096 1070.243 1070.39 1070.537 1070.679 1070.753 1070.826 1070.9 1070.973 1071.124 1071.344 1071.564 1071.785 1072.005 1072.008 1072.008
1062.845 1062.893 1062.941 1063.24 1063.55 1063.86 1064.17 1064.414 1064.567 1064.72 1064.872 1065.025 1065.299 1065.589 1065.879 1066.17 1066.437 1066.661 1066.885 1067.109 1067.334 1067.495 1067.642 1067.789 1067.936 1068.083 1068.228 1068.373 1068.518 1068.663 1068.811 1068.96 1069.108 1069.257 1069.406 1069.553 1069.7 1069.847 1069.994 1070.092 1070.165 1070.239 1070.312 1070.376 1070.376 1070.376 1070.376 1070.376 1070.463 1070.61 1070.757 1070.904 1071.047 1071.12 1071.194 1071.267 1071.341 1071.491 1071.711 1071.932 1072.152 1072.373 1072.376 1072.376
1063.333 1063.37 1063.407 1063.638 1063.878 1064.118 1064.358 1064.582 1064.783 1064.984 1065.185 1065.387 1065.638 1065.896 1066.153 1066.411 1066.669 1066.925 1067.182 1067.438 1067.695 1067.863 1068.01 1068.156 1068.303 1068.446 1068.574 1068.703 1068.832 1068.961 1069.117 1069.282 1069.447 1069.612 1069.773 1069.92 1070.067 1070.214 1070.361 1070.459 1070.532 1070.606 1070.679 1070.743 1070.743 1070.743 1070.743 1070.743 1070.831 1070.978 1071.125 1071.272 1071.414 1071.488 1071.561 1071.635 1071.708 1071.858 1072.079 1072.299 1072.52 1072.74 1072.743 1072.743
1063.82 1063.846 1063.873 1064.036 1064.206 1064.376 1064.546 1064.749 1064.999 1065.249 1065.499 1065.748 1065.977 1066.202 1066.427 1066.653 1066.9 1067.189 1067.478 1067.767 1068.056 1068.23 1068.377 1068.524 1068.671 1068.808 1068.921 1069.034 1069.147 1069.259 1069.423 1069.604 1069.785 1069.966 1070.141 1070.287 1070.434 1070.581 1070.728 1070.826 1070.9 1070.973 1071.047 1071.111 1071.111 1071.111 1071.111 1071.111 1071.198 1071.345 1071.492 1071.639 1071.782 1071.855 1071.929 1072.002 1072.076 1072.226 1072.446 1072.667 1072.887 1073.108 1073.111 1073.111
1064.308 1064.323 1064.338 1064.434 1064.534 1064.634 1064.733 1064.917 1065.215 1065.513 1065.812 1066.11 1066.315 1066.508 1066.701 1066.894 1067.132 1067.453 1067.775 1068.096 1068.418 1068.597 1068.744 1068.891 1069.038 1069.171 1069.268 1069.364 1069.461 1069.557 1069.729 1069.926 1070.123 1070.321 1070.508 1070.655 1070.802 1070.949 1071.096 1071.194 1071.267 1071.341 1071.414 1071.478 1071.478 1071.478 1071.478 1071.478 1071.565 1071.712 1071.859 1072.006 1072.149 1072.223 1072.296 1072.37 1072.443 1072.593 1072.814 1073.034 1073.255 1073.475 1073.478 1073.478
1064.795 1064.8 1064.804 1064.833 1064.862 1064.892 1064.921 1065.084 1065.431 1065.778 1066.125 1066.472 1066.654 1066.815 1066.975 1067.136 1067.364 1067.718 1068.071 1068.425 1068.779 1068.965 1069.112 1069.259 1069.406 1069.534 1069.615 1069.695 1069.775 1069.855 1070.034 1070.248 1070.462 1070.675 1070.875 1071.022 1071.169 1071.316 1071.463 1071.561 1071.635 1071.708 1071.782 1071.846 1071.846 1071.846 1071.846 1071.846 1071.933 1072.08 1072.227 1072.374 1072.516 1072.59 1072.663 1072.737 1072.81 1072.961 1073.181 1073.401 1073.622 1073.842 1073.846 1073.846
1065.213 1065.213 1065.213 1065.222 1065.231 1065.241 1065.25 1065.398 1065.737 1066.077 1066.416 1066.755 1066.941 1067.107 1067.272 1067.438 1067.668 1068.016 1068.365 1068.714 1069.062 1069.247 1069.394 1069.541 1069.688 1069.82 1069.912 1070.004 1070.097 1070.189 1070.376 1070.596 1070.817 1071.037 1071.243 1071.39 1071.537 1071.684 1071.831 1071.929 1072.002 1072.076 1072.149 1072.213 1072.213 1072.213 1072.213 1072.213 1072.293 1072.427 1072.562 1072.696 1072.828 1072.914 1073.0 1073.086 1073.172 1073.313 1073.506 1073.698 1073.89 1074.082 1074.113 1074.141
1065.58 1065.58 1065.58 1065.605 1065.63 1065.656 1065.682 1065.819 1066.109 1066.4 1066.691 1066.981 1067.19 1067.388 1067.586 1067.785 1068.024 1068.34 1068.656 1068.972 1069.289 1069.468 1069.615 1069.761 1069.908 1070.049 1070.174 1070.299 1070.423 1070.548 1070.743 1070.964 1071.184 1071.405 1071.61 1071.757 1071.904 1072.051 1072.198 1072.296 1072.37 1072.443 1072.516 1072.58 1072.58 1072.58 1072.58 1072.58 1072.647 1072.76 1072.873 1072.986 1073.099 1073.206 1073.314 1073.421 1073.529 1073.655 1073.799 1073.943 1074.086 1074.23 1074.308 1074.385
1065.948 1065.948 1065.948 1065.988 1066.03 1066.071 1066.113 1066.239 1066.481 1066.723 1066.965 1067.207 1067.439 1067.67 1067.9 1068.131 1068.38 1068.664 1068.948 1069.231 1069.515 1069.688 1069.835 1069.982 1070.129 1070.279 1070.436 1070.593 1070.75 1070.907 1071.111 1071.331 1071.552 1071.772 1071.978 1072.125 1072.272 1072.418 1072.565 1072.663 1072.737 1072.81 1072.884 1072.948 1072.948 1072.948 1072.948 1072.948 1073.002 1073.093 1073.185 1073.276 1073.369 1073.498 1073.628 1073.757 1073.886 1073.997 1074.093 1074.188 1074.283 1074.378 1074.503 1074.628
1066.315 1066.315 1066.315 1066.371 1066.429 1066.487 1066.545 1066.66 1066.853 1067.047 1067.24 1067.433 1067.688 1067.951 1068.214 1068.477 1068.736 1068.987 1069.239 1069.49 1069.742 1069.908 1070.055 1070.202 1070.349 1070.508 1070.698 1070.887 1071.076 1071.266 1071.478 1071.699 1071.919 1072.14 1072.345 1072.492 1072.639 1072.786 1072.933 1073.031 1073.104 1073.178 1073.251 1073.315 1073.315 1073.315 1073.315 1073.315 1073.357 1073.426 1073.496 1073.566 1073.64 1073.791 1073.942 1074.092 1074.243 1074.34 1074.386 1074.432 1074.479 1074.526 1074.698 1074.872
1066.684 1066.685 1066.686 1066.755 1066.828 1066.901 1066.974 1067.078 1067.225 1067.372 1067.519 1067.666 1067.942 1068.236 1068.53 1068.823 1069.091 1069.311 1069.531 1069.751 1069.971 1070.133 1070.28 1070.428 1070.576 1070.743 1070.964 1071.184 1071.405 1071.625 1071.845 1072.065 1072.285 1072.504 1072.709 1072.856 1073.003 1073.149 1073.296 1073.395 1073.469 1073.543 1073.618 1073.683 1073.683 1073.683 1073.683 1073.683 1073.712 1073.76 1073.809 1073.857 1073.913 1074.085 1074.257 1074.429 1074.6 1074.683 1074.683 1074.683 1074.683 1074.683 1074.9 1075.12
1067.092 1067.109 1067.126 1067.181 1067.237 1067.294 1067.351 1067.445 1067.592 1067.739 1067.886 1068.033 1068.305 1068.593 1068.881 1069.17 1069.431 1069.64 1069.849 1070.058 1070.267 1070.44 1070.604 1070.767 1070.931 1071.111 1071.331 1071.552 1071.772 1071.993 1072.201 1072.404 1072.608 1072.811 1073.002 1073.143 1073.285 1073.426 1073.567 1073.678 1073.775 1073.87 1073.967 1074.05 1074.05 1074.05 1074.05 1074.05 1074.073 1074.11 1074.148 1074.186 1074.232 1074.415 1074.597 1074.78 1074.963 1075.05 1075.05 1075.05 1075.05 1075.05 1075.262 1075.477
1067.5 1067.533 1067.566 1067.606 1067.647 1067.687 1067.727 1067.813 1067.959 1068.106 1068.253 1068.4 1068.668 1068.95 1069.233 1069.516 1069.77 1069.968 1070.167 1070.365 1070.563 1070.747 1070.927 1071.107 1071.287 1071.478 1071.699 1071.919 1072.14 1072.36 1072.556 1072.743 1072.931 1073.118 1073.295 1073.431 1073.567 1073.703 1073.839 1073.962 1074.08 1074.198 1074.315 1074.417 1074.417 1074.417 1074.417 1074.417 1074.433 1074.46 1074.487 1074.514 1074.551 1074.744 1074.938 1075.131 1075.325 1075.417 1075.417 1075.417 1075.417 1075.417 1075.624 1075.833
1067.908 1067.957 1068.006 1068.032 1068.056 1068.08 1068.104 1068.18 1068.327 1068.474 1068.621 1068.768 1069.03 1069.308 1069.585 1069.863 1070.109 1070.297 1070.484 1070.672 1070.859 1071.054 1071.25 1071.446 1071.643 1071.846 1072.066 1072.286 1072.507 1072.727 1072.911 1073.083 1073.254 1073.425 1073.588 1073.718 1073.849 1073.979 1074.11 1074.246 1074.385 1074.525 1074.664 1074.785 1074.785 1074.785 1074.785 1074.785 1074.794 1074.811 1074.827 1074.843 1074.87 1075.074 1075.278 1075.483 1075.687 1075.785 1075.785 1075.785 1075.785 1075.785 1075.986 1076.19
1068.316 1068.381 1068.447 1068.457 1068.465 1068.473 1068.481 1068.547 1068.694 1068.841 1068.988 1069.135 1069.393 1069.665 1069.937 1070.209 1070.448 1070.625 1070.802 1070.978 1071.155 1071.361 1071.573 1071.786 1071.998 1072.213 1072.433 1072.654 1072.874 1073.095 1073.267 1073.422 1073.577 1073.732 1073.881 1074.006 1074.131 1074.256 1074.381 1074.53 1074.691 1074.852 1075.012 1075.152 1075.152 1075.152 1075.152 1075.152 1075.155 1075.161 1075.166 1075.171 1075.189 1075.404 1075.619 1075.834 1076.049 1076.152 1076.152 1076.152 1076.152 1076.152 1076.348 1076.547
1068.744 1068.834 1068.924 1068.928 1068.928 1068.928 1068.928 1068.982 1069.113 1069.243 1069.374 1069.505 1069.739 1069.986 1070.234 1070.481 1070.71 1070.903 1071.096 1071.29 1071.483 1071.699 1071.919 1072.139 1072.36 1072.576 1072.78 1072.984 1073.188 1073.392 1073.572 1073.744 1073.915 1074.087 1074.249 1074.374 1074.5 1074.625 1074.75 1074.899 1075.059 1075.22 1075.38 1075.52 1075.52 1075.52 1075.52 1075.52 1075.52 1075.52 1075.52 1075.52 1075.531 1075.735 1075.939 1076.144 1076.348 1076.454 1076.47 1076.487 1076.503 1076.519 1076.707 1076.898
1069.192 1069.314 1069.437 1069.442 1069.442 1069.442 1069.442 1069.483 1069.581 1069.679 1069.778 1069.876 1070.068 1070.272 1070.476 1070.681 1070.896 1071.133 1071.369 1071.606 1071.843 1072.066 1072.286 1072.507 1072.727 1072.934 1073.106 1073.278 1073.449 1073.621 1073.828 1074.049 1074.269 1074.489 1074.691 1074.822 1074.952 1075.083 1075.214 1075.35 1075.489 1075.627 1075.766 1075.887 1075.887 1075.887 1075.887 1075.887 1075.887 1075.887 1075.887 1075.887 1075.897 1076.069 1076.24 1076.412 1076.583 1076.691 1076.74 1076.789 1076.838 1076.886 1077.064 1077.244
1069.64 1069.795 1069.95 1069.956 1069.956 1069.956 1069.956 1069.984 1070.05 1070.115 1070.181 1070.247 1070.397 1070.558 1070.719 1070.88 1071.083 1071.363 1071.642 1071.922 1072.202 1072.433 1072.654 1072.874 1073.095 1073.293 1073.432 1073.571 1073.71 1073.85 1074.085 1074.354 1074.622 1074.891 1075.133 1075.269 1075.405 1075.541 1075.677 1075.801 1075.918 1076.035 1076.152 1076.255 1076.255 1076.255 1076.255 1076.255 1076.255 1076.255 1076.255 1076.255 1076.263 1076.402 1076.541 1076.68 1076.819 1076.928 1077.01 1077.091 1077.172 1077.253 1077.421 1077.59
1070.088 1070.276 1070.463 1070.471 1070.471 1070.471 1070.471 1070.485 1070.518 1070.551 1070.585 1070.618 1070.726 1070.844 1070.962 1071.08 1071.269 1071.592 1071.915 1072.238 1072.561 1072.801 1073.021 1073.242 1073.462 1073.651 1073.758 1073.865 1073.972 1074.079 1074.341 1074.659 1074.976 1075.293 1075.575 1075.716 1075.858 1075.999 1076.141 1076.252 1076.347 1076.443 1076.539 1076.622 1076.622 1076.622 1076.622 1076.622 1076.622 1076.622 1076.622 1076.622 1076.628 1076.735 1076.842 1076.949 1077.055 1077.166 1077.279 1077.393 1077.507 1077.62 1077.778 1077.936
1070.536 1070.756 1070.976 1070.985 1070.985 1070.985 1070.985 1070.985 1070.986 1070.987 1070.988 1070.989 1071.055 1071.13 1071.205 1071.28 1071.456 1071.822 1072.188 1072.554 1072.92 1073.168 1073.389 1073.609 1073.83 1074.01 1074.084 1074.159 1074.233 1074.308 1074.598 1074.964 1075.329 1075.695 1076.017 1076.164 1076.311 1076.457 1076.604 1076.703 1076.777 1076.851 1076.925 1076.989 1076.989 1076.989 1076.989 1076.989 1076.989 1076.989 1076.989 1076.989 1076.994 1077.068 1077.143 1077.217 1077.291 1077.403 1077.549 1077.695 1077.841 1077.987 1078.135 1078.282
1070.906 1071.127 1071.347 1071.357 1071.357 1071.357 1071.357 1071.357 1071.357 1071.357 1071.357 1071.357 1071.422 1071.495 1071.569 1071.642 1071.818 1072.185 1072.553 1072.92 1073.288 1073.523 1073.728 1073.932 1074.137 1074.319 1074.439 1074.56 1074.681 1074.801 1075.058 1075.362 1075.667 1075.971 1076.244 1076.391 1076.538 1076.685 1076.832 1076.951 1077.056 1077.161 1077.266 1077.357 1077.357 1077.357 1077.357 1077.357 1077.357 1077.357 1077.357 1077.357 1077.36 1077.423 1077.486 1077.549 1077.612 1077.725 1077.882 1078.04 1078.197 1078.354 1078.471 1078.586
1071.274 1071.494 1071.715 1071.724 1071.724 1071.724 1071.724 1071.724 1071.724 1071.724 1071.724 1071.724 1071.789 1071.863 1071.936 1072.01 1072.185 1072.553 1072.92 1073.288 1073.655 1073.877 1074.066 1074.254 1074.443 1074.626 1074.795 1074.964 1075.134 1075.303 1075.524 1075.764 1076.004 1076.243 1076.464 1076.611 1076.758 1076.905 1077.052 1077.193 1077.33 1077.467 1077.605 1077.724 1077.724 1077.724 1077.724 1077.724 1077.724 1077.724 1077.724 1077.724 1077.727 1077.779 1077.832 1077.884 1077.936 1078.049 1078.217 1078.385 1078.553 1078.722 1078.806 1078.889
1071.641 1071.862 1072.082 1072.092 1072.092 1072.092 1072.092 1072.092 1072.092 1072.092 1072.092 1072.092 1072.157 1072.23 1072.304 1072.377 1072.553 1072.92 1073.288 1073.655 1074.022 1074.231 1074.404 1074.576 1074.748 1074.933 1075.151 1075.369 1075.587 1075.805 1075.991 1076.166 1076.341 1076.516 1076.685 1076.832 1076.979 1077.126 1077.273 1077.435 1077.605 1077.774 1077.944 1078.092 1078.092 1078.092 1078.092 1078.092 1078.092 1078.092 1078.092 1078.092 1078.094 1078.135 1078.177 1078.218 1078.26 1078.373 1078.552 1078.731 1078.91 1079.089 1079.142 1079.192
1072.009 1072.229 1072.449 1072.459 1072.459 1072.459 1072.459 1072.459 1072.459 1072.459 1072.459 1072.459 1072.524 1072.598 1072.671 1072.744 1072.92 1073.288 1073.655 1074.022 1074.39 1074.586 1074.742 1074.898 1075.054 1075.24 1075.507 1075.773 1076.04 1076.307 1076.457 1076.568 1076.678 1076.788 1076.905 1077.052 1077.199 1077.346 1077.493 1077.677 1077.879 1078.081 1078.283 1078.459 1078.459 1078.459 1078.459 1078.459 1078.459 1078.459 1078.459 1078.459 1078.461 1078.491 1078.522 1078.553 1078.583 1078.697 1078.887 1079.077 1079.266 1079.456 1079.477 1079.495
1072.364 1072.58 1072.796 1072.81 1072.814 1072.819 1072.824 1072.827 1072.827 1072.827 1072.827 1072.827 1072.891 1072.965 1073.038 1073.112 1073.28 1073.626 1073.973 1074.319 1074.665 1074.867 1075.035 1075.203 1075.371 1075.57 1075.85 1076.13 1076.41 1076.69 1076.822 1076.903 1076.983 1077.064 1077.159 1077.313 1077.467 1077.621 1077.775 1077.973 1078.194 1078.414 1078.635 1078.827 1078.827 1078.827 1078.827 1078.827 1078.827 1078.827 1078.827 1078.827 1078.828 1078.85 1078.872 1078.894 1078.916 1079.03 1079.229 1079.427 1079.625 1079.824 1079.827 1079.827
1072.705 1072.91 1073.115 1073.138 1073.154 1073.169 1073.185 1073.194 1073.194 1073.194 1073.194 1073.194 1073.259 1073.332 1073.406 1073.479 1073.631 1073.928 1074.226 1074.524 1074.821 1075.053 1075.27 1075.487 1075.703 1075.929 1076.176 1076.424 1076.671 1076.918 1077.055 1077.151 1077.248 1077.345 1077.456 1077.626 1077.797 1077.967 1078.137 1078.341 1078.561 1078.782 1079.002 1079.194 1079.194 1079.194 1079.194 1079.194 1079.194 1079.194 1079.194 1079.194 1079.195 1079.212 1079.228 1079.245 1079.262 1079.376 1079.58 1079.783 1079.987 1080.191 1080.194 1080.194
