data/zism_data/00271_03_D.txt
ncols         224
nrows         224
[rows 196 to 223 of 224, columns 126 to 188 of 224]
997.1443 1009.89 1022.635 1035.38 1048.125 1060.64 1072.978 1085.315 1097.653 1110.091 1129.396 1148.7 1168.005 1187.309 1205.995 1223.967 1241.938 1259.91 1277.881 1299.972 1322.456 1344.939 1367.422 1388.637 1407.62 1426.603 1445.586 1464.569 1473.364 1479.794 1486.224 1492.653 1496.735 1494.163 1491.592 1489.02 1486.448 1474.885 1459.651 1444.417 1429.184 1413.54 1395.73 1377.921 1360.111 1342.302 1327.263 1314.005 1300.747 1287.489 1274.271 1261.692 1249.113 1236.534 1223.955 1211.433 1198.965 1186.497 1174.029 1161.561 1148.364 1135.134 1121.903
997.1443 1009.89 1022.635 1035.38 1048.125 1060.421 1072.371 1084.321 1096.271 1108.312 1126.535 1144.757 1162.98 1181.202 1199.393 1217.548 1235.702 1253.857 1272.012 1294.526 1317.456 1340.386 1363.316 1384.835 1403.872 1422.909 1441.946 1460.983 1470.269 1477.291 1484.312 1491.334 1495.879 1493.404 1490.929 1488.454 1485.979 1474.497 1459.339 1444.181 1429.023 1413.445 1395.657 1377.869 1360.082 1342.294 1327.263 1314.005 1300.747 1287.489 1274.268 1261.646 1249.024 1236.402 1223.781 1211.133 1198.46 1185.788 1173.115 1160.443 1147.103 1133.733 1120.363
996.0181 1008.737 1021.456 1034.175 1046.894 1059.158 1071.072 1082.987 1094.901 1106.895 1124.317 1141.74 1159.162 1176.584 1194.254 1212.209 1230.165 1248.12 1266.075 1288.444 1311.233 1334.022 1356.811 1378.376 1397.786 1417.195 1436.605 1456.015 1465.886 1473.544 1481.202 1488.859 1493.849 1491.278 1488.708 1486.138 1483.568 1472.244 1457.347 1442.449 1427.552 1412.227 1394.649 1377.07 1359.492 1341.914 1326.973 1313.728 1300.483 1287.238 1274.024 1261.295 1248.567 1235.839 1223.11 1210.191 1197.087 1183.983 1170.878 1157.774 1144.353 1130.917 1117.481
993.2426 1005.897 1018.552 1031.206 1043.86 1056.367 1068.76 1081.154 1093.547 1106.007 1123.042 1140.077 1157.112 1174.146 1191.256 1208.453 1225.649 1242.846 1260.042 1281.431 1303.219 1325.007 1346.794 1368.025 1388.274 1408.524 1428.773 1449.022 1459.62 1467.978 1476.335 1484.692 1490.1 1487.154 1484.207 1481.26 1478.313 1467.258 1452.893 1438.529 1424.165 1409.365 1392.271 1375.177 1358.083 1340.989 1326.258 1313.045 1299.833 1286.62 1273.424 1260.497 1247.569 1234.642 1221.714 1208.309 1194.441 1180.572 1166.703 1152.835 1139.422 1126.029 1112.636
990.4671 1003.057 1015.647 1028.237 1040.826 1053.576 1066.448 1079.321 1092.193 1105.12 1121.767 1138.414 1155.062 1171.709 1188.259 1204.696 1221.134 1237.571 1254.009 1274.417 1295.204 1315.991 1336.777 1357.674 1378.763 1399.852 1420.941 1442.03 1453.354 1462.411 1471.468 1480.525 1486.352 1483.029 1479.705 1476.381 1473.058 1462.272 1448.44 1434.609 1420.777 1406.503 1389.893 1373.284 1356.674 1340.065 1325.542 1312.362 1299.182 1286.002 1272.825 1259.698 1246.571 1233.445 1220.318 1206.427 1191.794 1177.161 1162.528 1147.896 1134.49 1121.141 1107.791
987.6917 1000.217 1012.742 1025.268 1037.793 1050.785 1064.136 1077.488 1090.839 1104.232 1120.492 1136.752 1153.012 1169.271 1185.261 1200.94 1216.618 1232.297 1247.975 1267.404 1287.189 1306.975 1326.76 1347.323 1369.251 1391.18 1413.109 1435.038 1447.088 1456.845 1466.601 1476.358 1482.604 1478.904 1475.203 1471.503 1467.802 1457.286 1443.987 1430.688 1417.39 1403.641 1387.515 1371.39 1355.265 1339.14 1324.827 1311.679 1298.531 1285.383 1272.225 1258.899 1245.573 1232.248 1218.922 1204.545 1189.148 1173.751 1158.354 1142.957 1129.559 1116.252 1102.946
984.9162 997.3769 1009.838 1022.298 1034.759 1047.994 1061.824 1075.655 1089.485 1103.345 1119.217 1135.089 1150.961 1166.833 1182.264 1197.183 1212.103 1227.022 1241.942 1260.39 1279.175 1297.959 1316.744 1336.972 1359.74 1382.509 1405.277 1428.045 1440.822 1451.278 1461.735 1472.191 1478.856 1474.779 1470.702 1466.624 1462.547 1452.3 1439.534 1426.768 1414.002 1400.778 1385.138 1369.497 1353.856 1338.216 1324.112 1310.996 1297.881 1284.765 1271.626 1258.101 1244.576 1231.051 1217.526 1202.663 1186.502 1170.34 1154.179 1138.017 1124.628 1111.364 1098.101
980.0374 992.2931 1004.549 1016.805 1029.06 1042.529 1056.932 1071.336 1085.739 1100.16 1115.856 1131.551 1147.246 1162.941 1178.248 1193.106 1207.964 1222.822 1237.68 1256.419 1275.526 1294.634 1313.742 1333.985 1356.227 1378.468 1400.71 1422.951 1435.189 1445.105 1455.021 1464.937 1471.066 1466.467 1461.868 1457.269 1452.67 1442.374 1429.752 1417.131 1404.51 1391.501 1376.453 1361.404 1346.355 1331.307 1317.489 1304.461 1291.434 1278.407 1265.321 1251.279 1237.236 1223.194 1209.151 1194.097 1178.061 1162.024 1145.988 1129.951 1116.908 1104.001 1091.094
974.8431 986.8727 998.9023 1010.932 1022.961 1036.664 1051.654 1066.644 1081.633 1096.631 1112.181 1127.731 1143.281 1158.831 1174.08 1188.981 1203.882 1218.783 1233.684 1252.903 1272.533 1292.163 1311.793 1332.104 1353.613 1375.122 1396.632 1418.141 1429.652 1438.841 1448.03 1457.219 1462.67 1457.527 1452.385 1447.242 1442.099 1431.707 1419.171 1406.636 1394.101 1381.262 1366.821 1352.381 1337.941 1323.5 1309.979 1297.049 1284.118 1271.188 1258.161 1243.553 1228.945 1214.338 1199.73 1184.529 1168.751 1152.972 1137.194 1121.416 1108.771 1096.267 1083.764
969.6487 981.4523 993.2559 1005.059 1016.863 1030.799 1046.375 1061.952 1077.528 1093.102 1108.506 1123.911 1139.316 1154.72 1169.911 1184.855 1199.8 1214.744 1229.688 1249.387 1269.539 1289.692 1309.843 1330.222 1350.999 1371.777 1392.554 1413.332 1424.114 1432.577 1441.04 1449.502 1454.274 1448.588 1442.901 1437.215 1431.529 1421.04 1408.59 1396.141 1383.692 1371.022 1357.19 1343.358 1329.526 1315.693 1302.469 1289.636 1276.802 1263.969 1251.0 1235.827 1220.655 1205.482 1190.309 1174.96 1159.44 1143.921 1128.401 1112.881 1100.633 1088.533 1076.434
964.4544 976.0319 987.6094 999.187 1010.764 1024.934 1041.097 1057.26 1073.423 1089.573 1104.832 1120.091 1135.35 1150.609 1165.743 1180.73 1195.717 1210.705 1225.692 1245.872 1266.546 1287.22 1307.894 1328.34 1348.386 1368.431 1388.476 1408.522 1418.577 1426.313 1434.049 1441.785 1445.878 1439.648 1433.418 1427.188 1420.958 1410.372 1398.009 1385.646 1373.283 1360.783 1347.559 1334.335 1321.111 1307.887 1294.96 1282.223 1269.486 1256.75 1243.84 1228.102 1212.364 1196.626 1180.888 1165.392 1150.13 1134.869 1119.607 1104.346 1092.495 1080.799 1069.103
959.6584 970.9955 982.3326 993.6697 1005.007 1019.206 1035.608 1052.01 1068.411 1084.798 1100.167 1115.535 1130.904 1146.273 1161.688 1177.158 1192.628 1208.098 1223.568 1244.183 1265.288 1286.393 1307.497 1327.849 1346.875 1365.901 1384.927 1403.954 1413.316 1420.435 1427.554 1434.672 1438.218 1431.638 1425.058 1418.479 1411.899 1400.944 1388.204 1375.464 1362.725 1349.959 1337.06 1324.161 1311.262 1298.362 1285.502 1272.667 1259.832 1246.996 1233.985 1218.115 1202.244 1186.373 1170.503 1155.189 1140.415 1125.642 1110.868 1096.095 1084.579 1073.212 1061.844
955.6592 966.7272 977.7952 988.8632 999.9309 1013.755 1029.699 1045.643 1061.587 1077.532 1093.52 1109.508 1125.495 1141.483 1157.862 1174.694 1191.525 1208.357 1225.189 1246.148 1267.5 1288.853 1310.205 1330.137 1347.57 1365.003 1382.437 1399.87 1408.608 1415.329 1422.05 1428.77 1432.031 1425.489 1418.947 1412.404 1405.862 1393.994 1379.951 1365.909 1351.867 1337.968 1324.827 1311.685 1298.544 1285.402 1272.149 1258.824 1245.499 1232.174 1218.744 1203.605 1188.467 1173.328 1158.189 1143.716 1129.89 1116.064 1102.238 1088.412 1077.107 1065.917 1054.727
951.6601 962.4589 973.2578 984.0566 994.8552 1008.304 1023.79 1039.277 1054.764 1070.266 1086.873 1103.48 1120.087 1136.693 1154.036 1172.229 1190.422 1208.616 1226.809 1248.113 1269.713 1291.313 1312.913 1332.426 1348.266 1364.106 1379.946 1395.785 1403.901 1410.223 1416.545 1422.868 1425.844 1419.339 1412.835 1406.33 1399.826 1387.043 1371.698 1356.354 1341.009 1325.976 1312.593 1299.209 1285.826 1272.442 1258.796 1244.981 1231.166 1217.351 1203.502 1189.096 1174.689 1160.282 1145.875 1132.244 1119.365 1106.486 1093.607 1080.729 1069.635 1058.623 1047.61
947.6609 958.1906 968.7203 979.2501 989.7795 1002.852 1017.882 1032.911 1047.94 1063.001 1080.226 1097.452 1114.678 1131.903 1150.209 1169.764 1189.32 1208.875 1228.43 1250.078 1271.926 1293.774 1315.621 1334.715 1348.961 1363.208 1377.455 1391.701 1399.193 1405.117 1411.041 1416.965 1419.657 1413.19 1406.723 1400.256 1393.79 1380.093 1363.445 1346.798 1330.151 1313.985 1300.359 1286.733 1273.107 1259.482 1245.443 1231.138 1216.833 1202.529 1188.261 1174.586 1160.911 1147.237 1133.562 1120.771 1108.84 1096.908 1084.977 1073.045 1062.163 1051.328 1040.494
943.6617 953.9224 964.1829 974.4435 984.7039 997.4012 1011.973 1026.544 1041.116 1055.735 1073.58 1091.424 1109.269 1127.114 1146.383 1167.3 1188.217 1209.134 1230.051 1252.043 1274.139 1296.234 1318.329 1337.003 1349.657 1362.31 1374.964 1387.617 1394.486 1400.011 1405.537 1411.063 1413.47 1407.041 1400.611 1394.182 1387.753 1373.143 1355.193 1337.243 1319.293 1301.994 1288.125 1274.257 1260.389 1246.521 1232.089 1217.295 1202.501 1187.706 1173.019 1160.077 1147.134 1134.191 1121.248 1109.299 1098.315 1087.33 1076.346 1065.362 1054.691 1044.034 1033.377
941.7527 952.259 962.7653 973.2717 983.7778 996.7549 1011.633 1026.511 1041.388 1056.309 1074.146 1091.984 1109.821 1127.658 1146.655 1166.995 1187.334 1207.674 1228.013 1249.41 1270.908 1292.405 1313.902 1332.262 1345.099 1357.935 1370.771 1383.608 1390.404 1395.797 1401.19 1406.584 1408.709 1401.575 1394.442 1387.308 1380.174 1364.696 1345.813 1326.929 1308.046 1289.852 1275.296 1260.739 1246.183 1231.626 1216.972 1202.254 1187.536 1172.818 1158.271 1146.493 1134.716 1122.939 1111.161 1100.069 1089.641 1079.214 1068.786 1058.359 1047.927 1037.495 1027.063
940.3757 951.2588 962.1419 973.025 983.9079 997.3318 1012.71 1028.089 1043.467 1058.879 1076.549 1094.219 1111.89 1129.56 1147.971 1167.24 1186.508 1205.776 1225.044 1245.606 1266.291 1286.976 1307.66 1325.732 1339.203 1352.675 1366.146 1379.618 1386.481 1391.81 1397.138 1402.467 1404.312 1396.285 1388.257 1380.23 1372.203 1355.87 1336.146 1316.423 1296.7 1277.672 1262.314 1246.956 1231.597 1216.239 1201.404 1186.907 1172.41 1157.913 1143.647 1133.146 1122.644 1112.142 1101.641 1091.409 1081.439 1071.469 1061.499 1051.53 1041.344 1031.149 1020.953
938.9987 950.2585 961.5184 972.7784 984.038 997.9087 1013.788 1029.667 1045.546 1061.448 1078.952 1096.455 1113.959 1131.462 1149.287 1167.484 1185.681 1203.879 1222.076 1241.802 1261.674 1281.546 1301.418 1319.201 1333.308 1347.414 1361.521 1375.628 1382.558 1387.822 1393.086 1398.35 1399.914 1390.994 1382.073 1373.152 1364.231 1347.043 1326.48 1305.917 1285.354 1265.493 1249.332 1233.172 1217.011 1200.851 1185.837 1171.561 1157.284 1143.008 1129.024 1119.798 1110.572 1101.346 1092.12 1082.749 1073.237 1063.724 1054.212 1044.7 1034.761 1024.802 1014.844
937.6216 949.2584 960.895 972.5317 984.1682 998.4856 1014.865 1031.245 1047.624 1064.018 1081.354 1098.691 1116.028 1133.364 1150.603 1167.729 1184.855 1201.981 1219.107 1237.998 1257.057 1276.117 1295.176 1312.671 1327.412 1342.154 1356.896 1371.638 1378.635 1383.835 1389.034 1394.234 1395.517 1385.703 1375.888 1366.074 1356.26 1338.216 1316.813 1295.411 1274.008 1253.313 1236.351 1219.388 1202.426 1185.463 1170.27 1156.214 1142.158 1128.103 1114.401 1106.451 1098.5 1090.55 1082.6 1074.089 1065.034 1055.98 1046.925 1037.87 1028.178 1018.456 1008.734
937.4342 949.3466 961.2589 973.1713 985.0834 999.7378 1016.501 1033.265 1050.029 1066.796 1083.811 1100.827 1117.842 1134.857 1151.414 1167.44 1183.467 1199.494 1215.521 1233.564 1251.799 1270.035 1288.27 1305.361 1320.439 1335.517 1350.594 1365.672 1372.734 1377.935 1383.136 1388.337 1389.438 1378.921 1368.404 1357.887 1347.371 1328.672 1306.635 1284.598 1262.56 1241.237 1223.681 1206.124 1188.567 1171.01 1155.711 1141.864 1128.016 1114.168 1100.717 1093.704 1086.691 1079.678 1072.665 1064.828 1056.192 1047.555 1038.919 1030.282 1020.789 1011.256 1001.723
940.6171 952.5187 964.4203 976.3219 988.2233 1002.903 1019.721 1036.538 1053.356 1070.165 1086.421 1102.678 1118.934 1135.19 1150.793 1165.642 1180.49 1195.338 1210.186 1227.345 1244.725 1262.104 1279.483 1295.844 1310.41 1324.977 1339.543 1354.11 1361.228 1366.617 1372.007 1377.396 1378.594 1367.916 1357.237 1346.559 1335.881 1317.098 1295.007 1272.915 1250.824 1229.455 1211.893 1194.331 1176.769 1159.207 1144.01 1130.335 1116.659 1102.984 1089.693 1082.659 1075.624 1068.59 1061.555 1053.864 1045.534 1037.204 1028.875 1020.545 1011.116 1001.637 992.1584
943.8 955.6909 967.5817 979.4725 991.3631 1006.069 1022.94 1039.811 1056.683 1073.534 1089.031 1104.529 1120.026 1135.524 1150.173 1163.843 1177.512 1191.181 1204.851 1221.126 1237.65 1254.174 1270.697 1286.326 1300.381 1314.437 1328.492 1342.547 1349.722 1355.3 1360.878 1366.455 1367.75 1356.911 1346.071 1335.231 1324.391 1305.523 1283.378 1261.233 1239.088 1217.673 1200.106 1182.538 1164.971 1147.403 1132.31 1118.806 1105.303 1091.8 1078.67 1071.614 1064.558 1057.502 1050.446 1042.899 1034.876 1026.854 1018.831 1010.808 1001.444 992.0187 982.5936
946.983 958.863 970.7431 982.6231 994.503 1009.234 1026.16 1043.085 1060.01 1076.903 1091.641 1106.38 1121.119 1135.857 1149.553 1162.044 1174.534 1187.025 1199.516 1214.907 1230.575 1246.243 1261.911 1276.809 1290.353 1303.897 1317.441 1330.984 1338.216 1343.982 1349.748 1355.514 1356.906 1345.905 1334.904 1323.903 1312.902 1293.949 1271.75 1249.551 1227.352 1205.891 1188.318 1170.745 1153.172 1135.599 1120.609 1107.277 1093.946 1080.615 1067.647 1060.569 1053.492 1046.414 1039.336 1031.935 1024.219 1016.503 1008.786 1001.07 991.7712 982.4 973.0288
950.166 962.0352 973.9045 985.7737 997.6428 1012.4 1029.379 1046.358 1063.337 1080.272 1094.252 1108.231 1122.211 1136.19 1148.933 1160.245 1171.557 1182.869 1194.18 1208.688 1223.5 1238.312 1253.124 1267.292 1280.324 1293.357 1306.389 1319.422 1326.71 1332.664 1338.619 1344.573 1346.063 1334.9 1323.737 1312.575 1301.412 1282.374 1260.121 1237.869 1215.616 1194.109 1176.531 1158.952 1141.374 1123.796 1108.908 1095.749 1082.59 1069.431 1056.624 1049.524 1042.425 1035.326 1028.227 1020.97 1013.561 1006.152 998.7423 991.3331 982.0987 972.7813 963.4639
948.7626 960.4066 972.0505 983.6945 995.3383 1009.658 1026.035 1042.412 1058.79 1075.129 1088.873 1102.616 1116.359 1130.103 1142.673 1153.886 1165.1 1176.313 1187.527 1201.661 1216.074 1230.486 1244.899 1258.817 1271.865 1284.912 1297.96 1311.008 1318.347 1324.361 1330.376 1336.39 1338.211 1328.15 1318.09 1308.03 1297.969 1280.276 1259.467 1238.658 1217.85 1197.518 1179.705 1161.891 1144.077 1126.263 1110.481 1096.005 1081.528 1067.051 1052.978 1045.452 1037.925 1030.399 1022.873 1015.415 1008.024 1000.633 993.2413 985.8502 976.3361 966.7254 957.1147
945.6163 956.9536 968.2907 979.6279 990.9649 1004.67 1020.197 1035.724 1051.251 1066.752 1080.458 1094.163 1107.869 1121.574 1134.269 1145.795 1157.321 1168.846 1180.372 1194.327 1208.514 1222.7 1236.887 1250.739 1264.002 1277.265 1290.528 1303.791 1311.179 1317.204 1323.229 1329.254 1331.496 1323.018 1314.54 1306.062 1297.584 1281.779 1262.983 1244.187 1225.392 1206.701 1188.564 1170.427 1152.291 1134.154 1117.099 1100.738 1084.378 1068.017 1052.136 1044.028 1035.921 1027.813 1019.705 1011.915 1004.432 996.9493 989.4667 981.9841 972.0593 962.0234 951.9875
942.4702 953.5005 964.5309 975.5613 986.5915 999.6827 1014.359 1029.036 1043.713 1058.374 1072.042 1085.711 1099.379 1113.047 1125.866 1137.704 1149.542 1161.379 1173.217 1186.993 1200.954 1214.914 1228.874 1242.66 1256.138 1269.617 1283.095 1296.573 1304.011 1310.047 1316.083 1322.118 1324.781 1317.885 1310.99 1304.094 1297.199 1283.282 1266.499 1249.716 1232.933 1215.883 1197.424 1178.964 1160.505 1142.045 1123.716 1105.472 1087.228 1068.984 1051.294 1042.605 1033.916 1025.227 1016.538 1008.415 1000.84 993.2662 985.692 978.118 967.7825 957.3214 946.8603
