data/zism_data/00282_01_D.txt
ncols         224
nrows         224
[rows 196 to 223 of 224, columns 63 to 125 of 224]
1210.407 1229.343 1248.28 1267.216 1286.152 1308.259 1331.323 1354.386 1377.45 1398.42 1412.458 1426.495 1440.532 1454.569 1465.117 1474.139 1483.161 1492.183 1501.155 1509.862 1518.568 1527.275 1535.981 1542.221 1546.97 1551.718 1556.467 1560.413 1555.93 1551.447 1546.964 1542.481 1540.71 1541.15 1541.59 1542.03 1542.485 1544.006 1545.528 1547.049 1548.57 1547.926 1544.922 1541.917 1538.912 1535.907 1527.7 1519.174 1510.647 1502.12 1492.942 1482.809 1472.677 1462.544 1452.411 1439.171 1425.464 1411.758 1398.051 1383.305 1366.48 1349.654 1332.829
1211.588 1230.314 1249.041 1267.768 1286.494 1309.309 1333.357 1357.406 1381.454 1403.586 1419.367 1435.148 1450.929 1466.71 1478.343 1488.162 1497.98 1507.799 1517.469 1526.353 1535.237 1544.121 1553.005 1558.554 1562.086 1565.618 1569.151 1571.948 1567.029 1562.11 1557.192 1552.273 1550.755 1552.014 1553.272 1554.53 1555.801 1557.957 1560.114 1562.27 1564.426 1564.021 1560.823 1557.624 1554.425 1551.227 1542.933 1534.325 1525.718 1517.111 1507.806 1497.479 1487.153 1476.826 1466.5 1452.63 1438.229 1423.828 1409.427 1393.818 1375.793 1357.768 1339.742
1212.769 1231.286 1249.802 1268.319 1286.836 1310.358 1335.392 1360.425 1385.459 1408.751 1426.276 1443.801 1461.326 1478.851 1491.569 1502.185 1512.8 1523.415 1533.783 1542.844 1551.906 1560.968 1570.029 1574.887 1577.203 1579.519 1581.835 1583.484 1578.129 1572.774 1567.419 1562.064 1560.802 1562.878 1564.954 1567.031 1569.117 1571.908 1574.7 1577.491 1580.283 1580.117 1576.724 1573.332 1569.94 1566.547 1558.166 1549.478 1540.79 1532.101 1522.67 1512.15 1501.63 1491.109 1480.589 1466.091 1450.995 1435.9 1420.804 1404.332 1385.107 1365.881 1346.655
1214.266 1232.513 1250.759 1269.005 1287.251 1311.212 1336.898 1362.583 1388.27 1412.366 1431.198 1450.029 1468.861 1487.692 1501.459 1513.01 1524.561 1536.112 1547.305 1556.61 1565.915 1575.22 1584.524 1588.968 1590.472 1591.976 1593.48 1594.358 1588.659 1582.96 1577.261 1571.561 1570.455 1573.096 1575.736 1578.376 1581.027 1584.395 1587.763 1591.13 1594.498 1594.547 1590.975 1587.404 1583.833 1580.261 1571.725 1562.885 1554.043 1545.203 1535.531 1524.643 1513.756 1502.868 1491.981 1477.147 1461.721 1446.295 1430.869 1413.906 1393.87 1373.834 1353.798
1216.486 1234.323 1252.16 1269.997 1287.834 1311.617 1337.196 1362.774 1388.352 1412.437 1431.576 1450.714 1469.852 1488.99 1503.723 1516.528 1529.333 1542.139 1554.448 1564.146 1573.844 1583.542 1593.239 1597.901 1599.518 1601.135 1602.753 1603.722 1597.888 1592.054 1586.221 1580.387 1579.211 1581.836 1584.46 1587.084 1589.726 1593.535 1597.344 1601.153 1604.962 1605.171 1601.454 1597.738 1594.021 1590.304 1581.461 1572.303 1563.144 1553.985 1543.815 1532.163 1520.511 1508.86 1497.208 1482.709 1467.784 1452.858 1437.933 1421.331 1401.375 1381.42 1361.465
1218.705 1236.133 1253.561 1270.989 1288.417 1312.023 1337.494 1362.964 1388.435 1412.509 1431.954 1451.399 1470.844 1490.289 1505.987 1520.047 1534.106 1548.165 1561.592 1571.682 1581.773 1591.864 1601.954 1606.835 1608.565 1610.295 1612.025 1613.086 1607.118 1601.15 1595.181 1589.213 1587.968 1590.576 1593.184 1595.793 1598.425 1602.675 1606.925 1611.175 1615.426 1615.796 1611.934 1608.072 1604.21 1600.348 1591.197 1581.721 1572.245 1562.769 1552.1 1539.683 1527.267 1514.851 1502.435 1488.272 1473.847 1459.422 1444.997 1428.756 1408.881 1389.007 1369.132
1220.925 1237.944 1254.963 1271.982 1289.0 1312.429 1337.792 1363.155 1388.518 1412.58 1432.332 1452.083 1471.835 1491.587 1508.251 1523.565 1538.878 1554.192 1568.735 1579.219 1589.702 1600.186 1610.669 1615.768 1617.611 1619.455 1621.298 1622.45 1616.347 1610.244 1604.141 1598.039 1596.724 1599.316 1601.908 1604.5 1607.123 1611.814 1616.506 1621.198 1625.889 1626.421 1622.413 1618.406 1614.399 1610.391 1600.933 1591.139 1581.345 1571.552 1560.384 1547.203 1534.023 1520.842 1507.662 1493.835 1479.91 1465.986 1452.062 1436.181 1416.387 1396.593 1376.799
1223.144 1239.754 1256.364 1272.974 1289.584 1312.834 1338.09 1363.345 1388.6 1412.651 1432.709 1452.768 1472.827 1492.885 1510.516 1527.083 1543.651 1560.218 1575.879 1586.755 1597.632 1608.508 1619.384 1624.702 1626.658 1628.614 1630.57 1631.814 1625.577 1619.339 1613.102 1606.865 1605.481 1608.057 1610.633 1613.209 1615.822 1620.954 1626.088 1631.221 1636.354 1637.046 1632.893 1628.74 1624.587 1620.435 1610.669 1600.558 1590.446 1580.335 1568.668 1554.723 1540.779 1526.834 1512.889 1499.397 1485.974 1472.55 1459.126 1443.606 1423.893 1404.18 1384.467
1231.961 1247.168 1262.375 1277.582 1292.789 1315.246 1339.891 1364.535 1389.18 1412.779 1432.913 1453.047 1473.182 1493.316 1511.333 1528.425 1545.516 1562.608 1578.842 1590.558 1602.274 1613.989 1625.705 1631.669 1634.156 1636.643 1639.13 1640.861 1634.656 1628.45 1622.245 1616.039 1614.708 1617.352 1619.997 1622.642 1625.323 1630.439 1635.555 1640.671 1645.787 1646.43 1642.193 1637.955 1633.718 1629.481 1619.602 1609.376 1599.15 1588.924 1577.024 1562.672 1548.32 1533.967 1519.615 1505.539 1491.505 1477.47 1463.435 1447.571 1428.048 1408.526 1389.003
1242.936 1256.415 1269.894 1283.373 1296.853 1318.313 1342.183 1366.052 1389.922 1412.925 1433.06 1453.194 1473.328 1493.462 1511.678 1529.055 1546.432 1563.809 1580.44 1593.141 1605.841 1618.542 1631.242 1637.994 1641.148 1644.303 1647.457 1649.805 1643.686 1637.567 1631.447 1625.328 1624.088 1626.83 1629.572 1632.313 1635.087 1640.036 1644.986 1649.935 1654.884 1655.409 1651.107 1646.805 1642.503 1638.202 1628.273 1617.999 1607.724 1597.45 1585.403 1570.76 1556.117 1541.474 1526.832 1511.87 1496.862 1481.853 1466.844 1450.406 1431.109 1411.812 1392.516
1253.91 1265.661 1277.413 1289.164 1300.916 1321.38 1344.475 1367.569 1390.664 1413.072 1433.206 1453.34 1473.475 1493.609 1512.023 1529.685 1547.348 1565.01 1582.038 1595.723 1609.409 1623.094 1636.78 1644.319 1648.141 1651.962 1655.784 1658.749 1652.716 1646.682 1640.649 1634.616 1633.469 1636.307 1639.146 1641.984 1644.851 1649.634 1654.416 1659.198 1663.98 1664.387 1660.021 1655.655 1651.288 1646.922 1636.944 1626.621 1616.298 1605.975 1593.782 1578.848 1563.915 1548.981 1534.048 1518.202 1502.219 1486.235 1470.252 1453.24 1434.169 1415.099 1396.028
1264.885 1274.908 1284.932 1294.955 1304.979 1324.447 1346.767 1369.086 1391.405 1413.218 1433.353 1453.487 1473.621 1493.755 1512.368 1530.316 1548.263 1566.21 1583.635 1598.306 1612.977 1627.647 1642.318 1650.643 1655.133 1659.622 1664.111 1667.693 1661.746 1655.799 1649.852 1643.904 1642.849 1645.785 1648.72 1651.656 1654.616 1659.231 1663.846 1668.462 1673.077 1673.366 1668.935 1664.504 1660.073 1655.642 1645.615 1635.244 1624.873 1614.501 1602.161 1586.937 1571.713 1556.488 1541.264 1524.533 1507.576 1490.618 1473.661 1456.075 1437.23 1418.385 1399.541
1276.963 1285.273 1293.583 1301.893 1310.203 1328.526 1349.873 1371.22 1392.567 1413.617 1433.686 1453.755 1473.823 1493.892 1512.649 1530.833 1549.016 1567.2 1584.964 1600.517 1616.07 1631.623 1647.175 1656.293 1661.52 1666.747 1671.973 1676.245 1670.487 1664.73 1658.973 1653.215 1652.281 1655.28 1658.28 1661.28 1664.3 1668.72 1673.14 1677.56 1681.981 1682.096 1677.515 1672.935 1668.354 1663.773 1653.722 1643.333 1632.945 1622.557 1610.118 1594.677 1579.235 1563.794 1548.352 1530.704 1512.726 1494.747 1476.769 1458.636 1440.194 1421.753 1403.311
1293.378 1300.03 1306.683 1313.335 1319.987 1336.583 1356.181 1375.778 1395.375 1415.007 1434.753 1454.499 1474.245 1493.99 1512.679 1530.906 1549.132 1567.359 1585.236 1601.268 1617.3 1633.332 1649.363 1659.292 1665.531 1671.769 1678.008 1683.255 1678.095 1672.935 1667.775 1662.615 1661.914 1664.849 1667.784 1670.719 1673.671 1677.784 1681.898 1686.011 1690.125 1689.848 1684.783 1679.718 1674.653 1669.588 1659.609 1649.329 1639.048 1628.768 1616.422 1601.05 1585.678 1570.307 1554.935 1536.248 1517.064 1497.88 1478.696 1460.125 1442.781 1425.438 1408.094
1309.794 1314.789 1319.783 1324.777 1329.772 1344.64 1362.488 1380.336 1398.184 1416.397 1435.82 1455.243 1474.666 1494.089 1512.709 1530.979 1549.248 1567.518 1585.507 1602.018 1618.529 1635.04 1651.551 1662.291 1669.542 1676.792 1684.042 1690.266 1685.703 1681.141 1676.578 1672.016 1671.547 1674.417 1677.288 1680.158 1683.042 1686.849 1690.656 1694.462 1698.269 1697.601 1692.051 1686.502 1680.952 1675.402 1665.498 1655.325 1645.152 1634.979 1622.725 1607.423 1592.122 1576.82 1561.518 1541.792 1521.402 1501.013 1480.623 1461.614 1445.369 1429.123 1412.877
1326.21 1329.546 1332.883 1336.22 1339.556 1352.696 1368.795 1384.894 1400.993 1417.787 1436.887 1455.987 1475.087 1494.187 1512.739 1531.052 1549.365 1567.677 1585.779 1602.769 1619.759 1636.749 1653.739 1665.29 1673.552 1681.815 1690.077 1697.276 1693.311 1689.346 1685.381 1681.416 1681.18 1683.986 1686.792 1689.598 1692.414 1695.913 1699.413 1702.913 1706.413 1705.353 1699.319 1693.285 1687.251 1681.217 1671.385 1661.32 1651.255 1641.19 1629.028 1613.797 1598.565 1583.333 1568.101 1547.336 1525.741 1504.145 1482.55 1463.103 1447.956 1432.808 1417.661
1342.626 1344.305 1345.984 1347.662 1349.341 1360.753 1375.102 1389.452 1403.801 1419.177 1437.954 1456.731 1475.508 1494.285 1512.769 1531.125 1549.481 1567.836 1586.051 1603.52 1620.989 1638.458 1655.927 1668.289 1677.563 1686.838 1696.112 1704.287 1700.919 1697.552 1694.184 1690.817 1690.813 1693.555 1696.296 1699.037 1701.785 1704.978 1708.171 1711.364 1714.557 1713.105 1706.587 1700.069 1693.55 1687.032 1677.274 1667.316 1657.359 1647.401 1635.332 1620.17 1605.008 1589.847 1574.685 1552.88 1530.079 1507.278 1484.477 1464.593 1450.543 1436.493 1422.444
1358.405 1358.531 1358.657 1358.784 1358.91 1368.764 1381.553 1394.343 1407.133 1421.207 1439.535 1457.862 1476.19 1494.518 1512.86 1531.21 1549.56 1567.909 1586.16 1603.887 1621.614 1639.341 1657.067 1670.319 1680.865 1691.411 1701.957 1711.372 1708.914 1706.457 1703.999 1701.541 1701.672 1703.913 1706.155 1708.396 1710.648 1713.604 1716.561 1719.517 1722.473 1720.643 1713.591 1706.539 1699.487 1692.435 1682.539 1672.468 1662.397 1652.326 1640.105 1624.736 1609.367 1593.998 1578.629 1556.442 1533.232 1510.022 1486.812 1467.007 1454.013 1441.02 1428.026
1373.844 1372.474 1371.104 1369.734 1368.364 1376.75 1388.082 1399.413 1410.744 1423.578 1441.389 1459.199 1477.01 1494.821 1512.984 1531.302 1549.619 1567.937 1586.182 1604.049 1621.916 1639.783 1657.649 1671.833 1683.789 1695.745 1707.701 1718.498 1717.117 1715.735 1714.354 1712.973 1713.184 1714.693 1716.203 1717.712 1719.24 1721.997 1724.754 1727.511 1730.268 1728.067 1720.455 1712.843 1705.231 1697.62 1687.473 1677.171 1666.868 1656.566 1644.063 1628.339 1612.615 1596.89 1581.166 1558.946 1535.752 1512.558 1489.365 1469.915 1457.955 1445.995 1434.035
1389.283 1386.417 1383.551 1380.685 1377.818 1384.737 1394.61 1404.482 1414.355 1425.948 1443.242 1460.537 1477.831 1495.125 1513.109 1531.394 1549.679 1567.964 1586.204 1604.211 1622.218 1640.225 1658.231 1673.346 1686.713 1700.079 1713.445 1725.623 1725.318 1725.014 1724.709 1724.404 1724.695 1725.473 1726.25 1727.028 1727.831 1730.389 1732.947 1735.505 1738.063 1735.49 1727.318 1719.147 1710.975 1702.804 1692.407 1681.873 1671.339 1660.805 1648.021 1631.941 1615.862 1599.782 1583.703 1561.451 1538.273 1515.095 1491.917 1472.823 1461.897 1450.97 1440.043
1404.723 1400.36 1395.998 1391.635 1387.273 1392.724 1401.138 1409.552 1417.966 1428.319 1445.096 1461.874 1478.651 1495.429 1513.233 1531.485 1549.738 1567.991 1586.227 1604.373 1622.52 1640.667 1658.813 1674.86 1689.637 1704.413 1719.19 1732.749 1733.52 1734.292 1735.064 1735.836 1736.207 1736.253 1736.298 1736.344 1736.423 1738.781 1741.141 1743.499 1745.858 1742.913 1734.182 1725.451 1716.719 1707.988 1697.34 1686.575 1675.81 1665.044 1651.978 1635.544 1619.109 1602.674 1586.239 1563.955 1540.794 1517.632 1494.47 1475.732 1465.838 1455.945 1446.051
1419.871 1414.107 1408.343 1402.578 1396.814 1400.86 1407.868 1414.875 1421.883 1431.023 1447.225 1463.427 1479.63 1495.832 1513.426 1531.628 1549.831 1568.033 1586.25 1604.541 1622.832 1641.123 1659.414 1676.39 1692.57 1708.751 1724.932 1739.865 1741.7 1743.536 1745.371 1747.206 1747.673 1747.024 1746.375 1745.726 1745.117 1747.215 1749.312 1751.41 1753.507 1750.141 1740.814 1731.487 1722.16 1712.832 1701.926 1690.923 1679.919 1668.916 1655.586 1638.85 1622.115 1605.379 1588.643 1566.398 1543.327 1520.255 1497.184 1478.839 1469.943 1461.047 1452.152
1432.445 1426.115 1419.786 1413.456 1407.126 1410.318 1416.384 1422.449 1428.515 1436.678 1451.788 1466.897 1482.007 1497.117 1514.232 1532.224 1550.217 1568.21 1586.279 1604.753 1623.227 1641.701 1660.175 1678.062 1695.594 1713.125 1730.657 1746.906 1749.689 1752.471 1755.254 1758.036 1758.73 1757.721 1756.711 1755.702 1754.725 1756.01 1757.295 1758.58 1759.865 1755.636 1745.394 1735.152 1724.91 1714.668 1703.43 1692.13 1680.831 1669.531 1656.098 1639.54 1622.981 1606.423 1589.865 1568.294 1545.971 1523.648 1501.325 1483.705 1475.494 1467.282 1459.07
1445.018 1438.124 1431.229 1424.334 1417.439 1419.776 1424.9 1430.024 1435.148 1442.334 1456.351 1470.368 1484.385 1498.402 1515.038 1532.821 1550.603 1568.386 1586.308 1604.965 1623.622 1642.279 1660.936 1679.734 1698.617 1717.499 1736.382 1753.947 1757.677 1761.407 1765.137 1768.867 1769.788 1768.418 1767.047 1765.677 1764.334 1764.806 1765.278 1765.75 1766.222 1761.132 1749.975 1738.818 1727.66 1716.503 1704.933 1693.338 1681.742 1670.147 1656.61 1640.229 1623.848 1607.468 1591.087 1570.189 1548.615 1527.04 1505.465 1488.573 1481.044 1473.516 1465.988
1457.592 1450.132 1442.672 1435.212 1427.752 1429.234 1433.416 1437.598 1441.78 1447.989 1460.913 1473.838 1486.762 1499.686 1515.844 1533.417 1550.99 1568.563 1586.337 1605.177 1624.017 1642.858 1661.697 1681.406 1701.64 1721.874 1742.107 1760.988 1765.666 1770.343 1775.02 1779.697 1780.845 1779.114 1777.383 1775.653 1773.942 1773.601 1773.26 1772.92 1772.579 1766.628 1754.555 1742.483 1730.411 1718.339 1706.437 1694.545 1682.654 1670.762 1657.121 1640.918 1624.715 1608.512 1592.309 1572.085 1551.259 1530.432 1509.605 1493.439 1486.595 1479.75 1472.905
1470.165 1462.14 1454.115 1446.09 1438.065 1438.693 1441.932 1445.172 1448.412 1453.644 1465.476 1477.308 1489.14 1500.971 1516.651 1534.013 1551.376 1568.739 1586.366 1605.39 1624.413 1643.436 1662.458 1683.078 1704.663 1726.248 1747.833 1768.03 1773.654 1779.278 1784.903 1790.527 1791.903 1789.811 1787.72 1785.628 1783.55 1782.397 1781.243 1780.09 1778.936 1772.123 1759.136 1746.149 1733.161 1720.174 1707.94 1695.753 1683.565 1671.378 1657.633 1641.607 1625.582 1609.557 1593.531 1573.981 1553.903 1533.824 1513.746 1498.307 1492.145 1485.984 1479.823
1483.861 1475.117 1466.372 1457.628 1448.883 1448.573 1450.809 1453.045 1455.281 1459.526 1470.428 1481.33 1492.232 1503.134 1518.292 1535.311 1552.331 1569.35 1586.711 1605.869 1625.028 1644.187 1663.345 1684.521 1706.918 1729.314 1751.71 1772.731 1779.302 1785.874 1792.446 1799.018 1800.914 1798.995 1797.077 1795.158 1793.234 1790.903 1788.572 1786.241 1783.911 1776.216 1762.669 1749.122 1735.576 1722.029 1709.61 1697.26 1684.91 1672.559 1658.866 1643.204 1627.543 1611.882 1596.221 1577.372 1558.045 1538.717 1519.39 1504.713 1499.336 1493.959 1488.582
1498.474 1488.884 1479.295 1469.705 1460.116 1458.799 1459.98 1461.161 1462.341 1465.592 1475.697 1485.803 1495.908 1506.014 1520.614 1537.182 1553.749 1570.316 1587.312 1606.568 1625.823 1645.079 1664.334 1685.778 1708.546 1731.314 1754.082 1775.523 1783.042 1790.562 1798.081 1805.6 1808.256 1806.946 1805.636 1804.326 1802.979 1799.173 1795.368 1791.562 1787.756 1779.163 1765.348 1751.532 1737.716 1723.901 1711.415 1699.011 1686.607 1674.203 1660.687 1645.542 1630.398 1615.254 1600.109 1581.983 1563.409 1544.835 1526.261 1512.376 1507.865 1503.355 1498.845
