data/zism_data/00281_02_D.txt
ncols         224
nrows         224
[rows 196 to 223 of 224, columns 0 to 62 of 224]
409.6016 425.2372 440.8733 458.9058 479.7105 500.5146 521.3193 542.1234 553.9612 565.098 576.2351 587.3719 592.8937 589.681 586.4683 583.2555 580.0428 568.0632 554.598 541.1323 527.6671 517.3 513.5525 509.8048 506.0573 502.3096 505.0452 509.5816 514.1179 518.6542 524.4411 534.0527 543.6647 553.2763 562.8882 570.3367 576.9024 583.4679 590.0336 597.1756 607.0562 616.9363 626.8169 636.6971 641.1266 642.4592 643.7917 645.1242 646.7999 651.5165 656.2329 660.9495 665.6659 667.5564 667.273 666.9896 666.7063 666.2771 660.9662 655.6553 650.3443 645.0334 635.4866
411.48 426.7604 442.0413 460.1469 481.52 502.8923 524.2654 545.6378 557.1232 567.8357 578.5486 589.2611 594.5106 591.2619 588.0132 584.7644 581.5157 569.6759 556.3803 543.0843 529.7888 519.3538 515.0311 510.7083 506.3857 502.0629 503.7812 507.1776 510.5738 513.97 518.8572 528.3044 537.7519 547.199 556.6465 565.0984 573.1443 581.19 589.236 597.9665 609.9504 621.9339 633.9178 645.9012 651.0206 652.2399 653.4591 654.6783 656.2731 661.1948 666.1163 671.038 675.9595 678.0353 677.9221 677.8088 677.6956 677.3961 670.8601 664.324 657.7878 651.2518 640.1875
415.5062 429.8041 444.1025 460.76 480.1465 499.5324 518.9189 538.3048 549.9949 561.0833 572.1719 583.2603 589.2617 587.3498 585.4379 583.526 581.6141 570.8128 558.5051 546.197 533.8893 523.8483 518.6505 513.4525 508.2548 503.0568 503.9168 506.4594 509.002 511.5446 515.6191 524.379 533.1393 541.8992 550.6595 560.4411 570.64 580.8387 591.0376 601.7203 614.7029 627.6851 640.6676 653.6497 658.3949 658.4598 658.5247 658.5897 659.0002 662.4722 665.9441 669.4161 672.888 674.458 674.5649 674.6718 674.7787 674.6658 667.1956 659.7254 652.2549 644.7847 633.2465
419.5324 432.8478 446.1636 461.373 478.773 496.1725 513.5724 530.9719 542.8666 554.3307 565.7953 577.2595 584.0128 583.4377 582.8627 582.2876 581.7126 571.9498 560.6299 549.3098 537.9899 528.3428 522.2698 516.1967 510.1238 504.0507 504.0523 505.7413 507.4302 509.1191 512.381 520.4537 528.5267 536.5994 544.6724 555.7838 568.1357 580.4873 592.8393 605.4742 619.4554 633.4362 647.4174 661.3982 665.7691 664.6797 663.5904 662.501 661.7272 663.7496 665.7719 667.7943 669.8165 670.8807 671.2077 671.5347 671.8618 671.9356 663.5312 655.1268 646.7221 638.3177 626.3055
423.5587 435.8915 448.2248 461.9861 477.3996 492.8125 508.226 523.6389 535.7382 547.5782 559.4186 571.2586 578.7639 579.5256 580.2874 581.0493 581.811 573.0867 562.7548 552.4225 542.0906 532.8372 525.8892 518.9409 511.9929 505.0446 504.1879 505.0232 505.8585 506.6937 509.1429 516.5283 523.9141 531.2996 538.6853 551.1264 565.6314 580.1359 594.6409 609.228 624.2079 639.1874 654.1673 669.1467 673.1434 670.8997 668.656 666.4123 664.4543 665.027 665.5997 666.1724 666.7451 667.3033 667.8505 668.3977 668.9449 669.2053 659.8668 650.5281 641.1892 631.8506 619.3646
427.5849 438.9352 450.286 462.5992 476.0261 489.4525 502.8795 516.3059 528.6099 540.8257 553.042 565.2578 573.5149 575.6135 577.7122 579.8109 581.9095 574.2236 564.8796 555.5352 546.1912 537.3317 529.5085 521.6851 513.862 506.0385 504.3235 504.3051 504.2867 504.2683 505.9047 512.603 519.3015 525.9998 532.6982 546.469 563.1271 579.7845 596.4426 612.9819 628.9605 644.9385 660.9171 676.8951 680.5176 677.1196 673.7216 670.3236 667.1814 666.3044 665.4276 664.5505 663.6736 663.7261 664.4933 665.2607 666.028 666.4751 656.2023 645.9295 635.6564 625.3835 612.4236
434.32 444.8974 455.4751 466.66 478.5479 490.4354 502.3234 514.2109 526.4398 538.6949 550.9506 563.2057 572.0037 575.4234 578.8431 582.2628 585.6825 578.4249 569.3576 560.29 551.2228 542.2598 533.5201 524.7802 516.0406 507.3007 505.4488 505.51 505.5712 505.6324 507.3644 514.2072 521.0502 527.8929 534.7359 549.1126 566.565 584.0168 601.4692 618.564 633.9635 649.3625 664.762 680.1609 682.4974 677.4116 672.326 667.2403 662.4146 659.8911 657.3677 654.8441 652.3207 651.4838 651.9443 652.4047 652.8652 653.0223 643.0216 633.0209 623.0198 613.0191 600.7009
442.928 452.8772 462.8266 473.1045 483.7628 494.4207 505.0791 515.737 527.6976 539.7595 551.8217 563.8836 573.0767 577.8064 582.5362 587.2661 591.9958 584.7445 575.4625 566.1802 556.8982 547.4875 537.8029 528.1179 518.4333 508.7483 507.2583 508.0443 508.8304 509.6164 512.072 519.6342 527.1967 534.7589 542.3214 556.8037 574.1112 591.418 608.7255 625.4101 639.1397 652.8688 666.5984 680.3276 680.7477 673.6054 666.4634 659.3212 652.4669 648.1606 643.8546 639.5484 635.2423 633.251 633.0403 632.8297 632.619 632.1564 623.2618 614.3672 605.4722 596.5776 585.6724
451.536 460.857 470.1782 479.549 488.9777 498.4061 507.8348 517.2632 528.9553 540.8239 552.6929 564.5615 574.1496 580.1895 586.2293 592.2694 598.3093 591.0641 581.5674 572.0703 562.5735 552.7152 542.0856 531.4556 520.826 510.196 509.0677 510.5787 512.0895 513.6005 516.7796 525.0613 533.3433 541.6249 549.9069 564.4949 581.6573 598.8192 615.9818 632.2562 644.3159 656.3752 668.4349 680.4942 678.998 669.7993 660.6008 651.4021 642.5192 636.4302 630.3416 624.2527 618.164 615.0182 614.1364 613.2546 612.3727 611.2906 603.502 595.7134 587.9246 580.136 570.6438
460.144 468.8367 477.5298 485.9934 494.1926 502.3914 510.5905 518.7894 530.2131 541.8884 553.5641 565.2394 575.2225 582.5724 589.9224 597.2726 604.6226 597.3837 587.6722 577.9604 568.2489 557.943 546.3683 534.7933 523.2186 511.6436 510.8772 513.113 515.3488 517.5845 521.4872 530.4883 539.4898 548.491 557.4924 572.186 589.2035 606.2205 623.238 639.1023 649.4921 659.8816 670.2714 680.6608 677.2483 665.993 654.7382 643.483 632.5714 624.6998 616.8285 608.9569 601.0856 596.7854 595.2325 593.6795 592.1265 590.4248 583.7422 577.0597 570.377 563.6944 555.6152
468.737 476.8176 484.8983 492.4823 499.4922 506.502 513.512 520.5217 531.6899 543.1826 554.6756 566.1683 576.5491 585.1994 593.8498 602.5004 611.1508 603.9004 593.955 584.0093 574.0638 563.2943 550.765 538.2354 525.7062 513.1765 512.7773 515.7474 518.7173 521.6873 526.3252 536.0643 545.8038 555.5429 565.2824 580.0579 596.8898 613.7209 630.5528 645.9706 654.6752 663.3795 672.084 680.7883 675.4619 662.1628 648.8643 635.5653 622.6385 613.0042 603.3701 593.7358 584.1017 578.6685 576.4668 574.2651 572.0634 569.7642 564.1988 558.6334 553.0679 547.5026 540.8338
476.8323 484.8323 492.8325 500.4455 507.6111 514.7766 521.9423 529.1077 540.4465 552.111 563.7759 575.4404 586.3082 595.9357 605.5632 615.191 624.8185 616.966 606.1509 595.3353 584.5202 572.7524 558.9507 545.1486 531.3469 517.5448 517.6883 521.7054 525.7223 529.7392 535.4995 546.5916 557.684 568.7761 579.8685 593.942 609.2328 624.5232 639.8141 653.5771 660.0858 666.5941 673.1028 679.6111 672.4552 657.5348 642.6148 627.6943 613.199 602.464 591.7293 580.9943 570.2597 564.4025 562.2975 560.1924 558.0874 555.9251 551.8469 547.7687 543.6904 539.6122 534.2667
484.9275 492.847 500.7667 508.4087 515.73 523.0511 530.3726 537.6937 549.2032 561.0395 572.8762 584.7125 596.0673 606.6719 617.2766 627.8815 638.4861 630.0316 618.3467 606.6614 594.9766 582.2106 567.1365 552.0618 536.9877 521.9131 522.5994 527.6634 532.7272 537.7911 544.6737 557.1187 569.5642 582.0093 594.4547 607.826 621.576 635.3254 649.0753 661.1836 665.4963 669.8088 674.1215 678.434 669.4485 652.9067 636.3653 619.8234 603.7594 591.9238 580.0885 568.2529 556.4176 550.1365 548.1282 546.1198 544.1114 542.0861 539.4951 536.9041 534.3129 531.7219 527.6995
493.0228 500.8617 508.7009 516.3719 523.8489 531.3257 538.8029 546.2797 557.9598 569.968 581.9765 593.9847 605.8264 617.4081 628.9899 640.5721 652.1539 643.0972 630.5425 617.9875 605.4329 591.6688 575.3222 558.9751 542.6285 526.2814 527.5104 533.6214 539.7322 545.843 553.8479 567.6459 581.4444 595.2424 609.0409 621.7101 633.9191 646.1277 658.3366 668.7901 670.9069 673.0235 675.1403 677.257 666.4419 648.2786 630.1158 611.9524 594.3199 581.3835 568.4477 555.5114 542.5755 535.8705 533.9588 532.0471 530.1354 528.2471 527.1432 526.0394 524.9354 523.8316 521.1324
501.118 508.8764 516.6351 524.3351 531.9678 539.6003 547.2332 554.8657 566.7165 578.8964 591.0768 603.2568 615.5854 628.1443 640.7033 653.2626 665.8215 656.1628 642.7384 629.3136 615.8892 601.1269 583.5079 565.8883 548.2693 530.6497 532.4214 539.5794 546.7371 553.8948 563.0222 578.1732 593.3246 608.4756 623.6271 635.5942 646.2622 656.9299 667.5979 676.3966 676.3174 676.2382 676.159 676.0798 663.4352 643.6505 623.8663 604.0814 584.8803 570.8434 556.8069 542.7699 528.7334 521.6045 519.7895 517.9744 516.1594 514.4081 514.7914 515.1746 515.558 515.9412 514.5652
508.1452 515.7328 523.3206 530.9361 538.5841 546.2319 553.8799 561.5276 573.6367 586.0938 598.5513 611.0084 623.6428 636.5519 649.4609 662.3704 675.2794 665.2537 651.3408 637.4274 623.5145 608.4144 590.7795 573.144 555.5092 537.8738 540.4221 548.5768 556.7313 564.8858 574.8276 590.2355 605.644 621.0518 636.4603 647.1921 656.0157 664.8389 673.6625 680.6355 678.8194 677.0033 675.1872 673.3712 659.6455 639.1522 618.6595 598.1663 578.2899 563.8721 549.4549 535.0371 520.6199 513.5289 512.0739 510.6188 509.1638 507.794 509.2807 510.7675 512.2542 513.741 513.0968
513.9542 521.2679 528.582 535.9834 543.4865 550.9893 558.4922 565.9951 578.4621 591.3165 604.1714 617.0258 629.7592 642.3032 654.8471 667.3915 679.9355 669.8109 655.8444 641.8773 627.9107 613.226 597.0085 580.7905 564.573 548.355 551.9467 561.0411 570.1351 579.2291 589.6343 604.049 618.4642 632.8788 647.2941 656.1824 662.8154 669.4481 676.0811 681.0334 678.0039 674.9745 671.9449 668.9155 654.9625 634.802 614.6422 594.4818 574.9492 560.9717 546.9947 533.0172 519.0402 512.5139 511.7192 510.9245 510.1299 509.4207 511.5732 513.7256 515.8782 518.0306 517.4437
519.7632 526.8032 533.8433 541.0307 548.3888 555.7466 563.1047 570.4625 583.2876 596.5393 609.7915 623.0433 635.8756 648.0545 660.2334 672.4127 684.5916 674.3682 660.348 646.3272 632.3069 618.0375 603.2374 588.4368 573.6367 558.8361 563.4714 573.5052 583.5388 593.5724 604.441 617.8625 631.2844 644.7059 658.1278 665.1727 669.6151 674.0573 678.4996 681.4313 677.1884 672.9456 668.7026 664.4598 650.2795 630.4518 610.6249 590.7973 571.6085 558.0712 544.5345 530.9973 517.4605 511.4989 511.3646 511.2303 511.096 511.0474 513.8656 516.6838 519.5021 522.3203 521.7906
525.5722 532.3384 539.1047 546.078 553.2911 560.504 567.7171 574.93 588.113 601.7621 615.4116 629.0607 641.992 653.8058 665.6196 677.4339 689.2477 678.9255 664.8516 650.7771 636.7031 622.8491 609.4664 596.0832 582.7005 569.3173 574.996 585.9695 596.9426 607.9156 619.2477 631.676 644.1047 656.5329 668.9616 674.163 676.4147 678.6664 680.9181 681.8293 676.3729 670.9167 665.4604 660.0042 645.5964 626.1017 606.6076 587.1129 568.2678 555.1708 542.0743 528.9773 515.8808 510.4839 511.0099 511.5361 512.0621 512.6741 516.158 519.642 523.126 526.6099 526.1376
531.3812 537.8735 544.3661 551.1253 558.1935 565.2614 572.3295 579.3974 592.9385 606.9849 621.0317 635.0781 648.1084 659.5571 671.0059 682.4551 693.9038 683.4828 669.3551 655.227 641.0993 627.6606 615.6953 603.7296 591.7643 579.7985 586.5206 598.4337 610.3463 622.259 634.0544 645.4894 656.9249 668.3599 679.7954 683.1533 683.2144 683.2755 683.3366 682.2272 675.5574 668.8879 662.2181 655.5486 640.9134 621.7515 602.5903 583.4284 564.927 552.2703 539.6141 526.9574 514.3011 509.4689 510.6553 511.8418 513.0283 514.3007 518.4504 522.6001 526.7499 530.8996 530.4846
538.5512 544.5461 550.5413 557.201 564.6296 572.0579 579.4865 586.9149 600.4494 614.4606 628.4722 642.4833 654.6476 663.938 673.2284 682.5191 691.8095 681.1129 667.0287 652.944 638.8599 626.1414 616.342 606.5423 596.7429 586.9432 594.5634 607.0224 619.481 631.9396 643.6359 652.9988 662.362 671.7249 681.0881 682.7487 681.2654 679.7822 678.299 675.8084 668.5327 661.2572 653.9814 646.7059 632.9374 615.4789 598.021 580.5625 563.7576 552.7368 541.7164 530.6956 519.6752 516.1664 518.4361 520.7059 522.9755 525.2949 529.2744 533.254 537.2338 541.2133 540.3069
545.8639 551.338 556.8123 563.3845 571.2264 579.0682 586.9103 594.752 608.2418 622.1724 636.1035 650.0341 661.2311 668.1752 675.1193 682.0635 689.0076 678.0167 663.9863 649.9553 635.9248 623.9586 616.4036 608.8483 601.2933 593.738 602.2411 615.2048 628.1682 641.1315 652.6697 659.8474 667.0252 674.2028 681.3807 681.3593 678.3994 675.4396 672.4797 668.675 660.857 653.0392 645.2212 637.4034 624.6161 609.0047 593.3939 577.7824 562.8159 553.5563 544.297 535.0374 525.7781 523.6725 527.0696 530.467 533.8642 537.2709 540.9928 544.7147 548.4366 552.1585 550.7034
553.1766 558.1298 563.0833 569.5679 577.8234 586.0786 594.334 602.5892 616.0342 629.8843 643.7348 657.5848 667.8147 672.4124 677.0101 681.608 686.2057 674.9207 660.9438 646.9666 632.9898 621.7758 616.4651 611.1544 605.8438 600.533 609.9188 623.3873 636.8553 650.3234 661.7036 666.6959 671.6884 676.6808 681.6733 679.9698 675.5333 671.097 666.6605 661.5417 653.1813 644.8213 636.4609 628.1008 616.2949 602.5306 588.7667 575.0024 561.8741 554.3757 546.8776 539.3792 531.8811 531.1785 535.7032 540.2281 544.7529 549.247 552.7111 556.1753 559.6395 563.1037 561.0997
560.4892 564.9217 569.3543 575.7513 584.4202 593.0889 601.7578 610.4263 623.8267 637.5961 651.3661 665.1356 674.3983 676.6496 678.9009 681.1524 683.4037 671.8245 657.9014 643.9778 630.0547 619.593 616.5267 613.4604 610.3942 607.3278 617.5966 631.5698 645.5425 659.5152 670.7374 673.5444 676.3516 679.1587 681.9659 678.5804 672.6673 666.7543 660.8412 654.4084 645.5057 636.6033 627.7007 618.7983 607.9737 596.0564 584.1395 572.2223 560.9323 555.1951 549.4582 543.721 537.9841 538.6845 544.3368 549.9893 555.6415 561.2231 564.4295 567.6359 570.8424 574.0488 571.4962
567.1664 571.0321 574.8978 581.1407 590.1328 599.1246 608.1166 617.1084 630.3002 643.8198 657.3397 670.8592 679.099 679.1257 679.1523 679.179 679.2056 667.5987 654.0203 640.4415 626.863 617.3434 616.4958 615.6481 614.8004 613.9526 624.8176 638.9363 653.0545 667.1727 678.0751 679.139 680.2029 681.2668 682.3308 677.542 670.3641 663.1865 656.0085 648.4556 639.1193 629.7833 620.447 611.111 601.2718 591.1463 581.0212 570.8957 561.4178 557.674 553.9302 550.1863 546.4425 548.7 555.5737 562.4477 569.3214 576.0776 578.8919 581.7061 584.5204 587.3347 583.9953
572.6271 575.8377 579.0484 585.0098 594.1522 603.2943 612.4367 621.5788 634.2486 647.1936 660.1391 673.084 680.1948 678.2296 676.2643 674.2991 672.3339 661.2095 648.5331 635.8563 623.1799 614.9663 616.2877 617.6091 618.9304 620.2518 631.1639 644.7403 658.3162 671.8922 682.1649 682.3323 682.4996 682.6669 682.8343 677.1755 669.1386 661.1019 653.0649 644.7631 635.2013 625.6398 616.0781 606.5166 597.6707 589.2311 580.7917 572.3522 564.6364 563.3301 562.0238 560.7175 559.4112 563.5206 571.7955 580.0709 588.3458 596.4439 598.6085 600.7731 602.9379 605.1025 600.5208
578.0876 580.6433 583.199 588.8789 598.1716 607.464 616.7567 626.0491 638.197 650.5675 662.9385 675.309 681.2905 677.3334 673.3764 669.4193 665.4622 654.8204 643.046 631.2712 619.4967 612.5892 616.0796 619.5701 623.0605 626.551 637.5102 650.5443 663.578 676.6117 686.2548 685.5256 684.7963 684.067 683.3377 676.8091 667.9131 659.0173 650.1213 641.0706 631.2834 621.4964 611.7091 601.9222 594.0696 587.3159 580.5624 573.8087 567.855 568.9862 570.1174 571.2487 572.3798 578.3411 588.0173 597.694 607.3702 616.8102 618.3252 619.8401 621.3552 622.8702 617.0463
583.5483 585.4489 587.3495 592.7479 602.191 611.6337 621.0767 630.5195 642.1454 653.9414 665.7379 677.5339 682.3862 676.4374 670.4885 664.5394 658.5905 648.4313 637.5588 626.686 615.8135 610.212 615.8715 621.5311 627.1906 632.8502 643.8565 656.3483 668.8397 681.3312 690.3447 688.7189 687.093 685.4671 683.8412 676.4426 666.6876 656.9328 647.1777 637.3782 627.3654 617.353 607.3402 597.3278 590.4685 585.4006 580.3329 575.2651 571.0735 574.6423 578.211 581.7798 585.3485 593.1616 604.2392 615.3171 626.3947 637.1765 638.0418 638.9072 639.7726 640.638 633.5717
