data/zism_data/00280_01_D.txt
ncols         224
nrows         224
[rows 168 to 195 of 224, columns 0 to 62 of 224]
1334.235 1336.054 1337.872 1339.691 1341.51 1343.632 1345.945 1348.259 1350.573 1352.905 1355.651 1358.398 1361.144 1363.89 1366.503 1368.968 1371.433 1373.898 1376.363 1378.927 1381.501 1384.075 1386.649 1388.928 1390.621 1392.315 1394.008 1395.702 1396.5 1397.027 1397.553 1398.079 1398.542 1398.745 1398.948 1399.151 1399.354 1399.442 1399.463 1399.484 1399.505 1399.529 1399.612 1399.696 1399.779 1399.862 1399.716 1399.331 1398.945 1398.559 1398.174 1396.259 1394.211 1392.164 1390.116 1387.643 1384.381 1381.119 1377.857 1374.595 1371.362 1368.137 1364.911
1335.508 1337.321 1339.134 1340.948 1342.761 1344.822 1347.039 1349.256 1351.473 1353.702 1356.197 1358.691 1361.185 1363.68 1366.081 1368.38 1370.679 1372.978 1375.276 1377.708 1380.154 1382.599 1385.045 1387.218 1388.852 1390.487 1392.121 1393.756 1394.611 1395.228 1395.846 1396.463 1397.04 1397.452 1397.864 1398.276 1398.688 1398.868 1398.91 1398.952 1398.995 1399.044 1399.213 1399.382 1399.552 1399.721 1399.645 1399.313 1398.98 1398.648 1398.316 1396.47 1394.492 1392.514 1390.536 1388.063 1384.672 1381.282 1377.891 1374.501 1371.109 1367.718 1364.327
1336.781 1338.588 1340.396 1342.204 1344.012 1346.012 1348.132 1350.253 1352.374 1354.5 1356.742 1358.984 1361.227 1363.469 1365.659 1367.792 1369.925 1372.057 1374.19 1376.489 1378.806 1381.123 1383.44 1385.508 1387.083 1388.659 1390.235 1391.81 1392.721 1393.43 1394.138 1394.847 1395.538 1396.159 1396.78 1397.401 1398.022 1398.294 1398.357 1398.421 1398.485 1398.559 1398.814 1399.069 1399.324 1399.579 1399.573 1399.294 1399.016 1398.737 1398.459 1396.681 1394.773 1392.865 1390.956 1388.483 1384.964 1381.445 1377.926 1374.406 1370.857 1367.3 1363.742
1338.053 1339.856 1341.658 1343.461 1345.263 1347.202 1349.226 1351.25 1353.274 1355.297 1357.287 1359.278 1361.268 1363.259 1365.238 1367.204 1369.171 1371.137 1373.104 1375.271 1377.459 1379.647 1381.835 1383.798 1385.315 1386.831 1388.348 1389.865 1390.832 1391.631 1392.431 1393.231 1394.036 1394.866 1395.697 1396.527 1397.357 1397.719 1397.804 1397.889 1397.975 1398.075 1398.415 1398.756 1399.096 1399.437 1399.501 1399.276 1399.051 1398.827 1398.602 1396.892 1395.054 1393.215 1391.376 1388.903 1385.256 1381.608 1377.96 1374.312 1370.605 1366.881 1363.157
1339.017 1340.817 1342.616 1344.416 1346.216 1348.069 1349.957 1351.845 1353.734 1355.616 1357.375 1359.135 1360.894 1362.654 1364.42 1366.195 1367.97 1369.744 1371.519 1373.537 1375.58 1377.623 1379.666 1381.486 1382.865 1384.243 1385.622 1387.0 1387.989 1388.859 1389.728 1390.598 1391.492 1392.485 1393.477 1394.47 1395.462 1395.918 1396.055 1396.191 1396.328 1396.489 1397.039 1397.589 1398.139 1398.689 1398.944 1398.892 1398.839 1398.787 1398.735 1397.153 1395.437 1393.722 1392.006 1389.593 1385.887 1382.18 1378.473 1374.767 1370.837 1366.844 1362.852
1339.581 1341.38 1343.18 1344.979 1346.779 1348.518 1350.218 1351.918 1353.619 1355.313 1356.869 1358.425 1359.98 1361.536 1363.089 1364.638 1366.188 1367.737 1369.287 1371.133 1373.01 1374.887 1376.764 1378.393 1379.53 1380.667 1381.804 1382.941 1383.906 1384.819 1385.732 1386.645 1387.593 1388.687 1389.782 1390.876 1391.971 1392.521 1392.749 1392.977 1393.205 1393.474 1394.393 1395.313 1396.233 1397.153 1397.757 1398.032 1398.306 1398.581 1398.855 1397.477 1395.955 1394.432 1392.91 1390.633 1386.959 1383.284 1379.61 1375.935 1371.699 1367.304 1362.91
1340.144 1341.944 1343.743 1345.543 1347.342 1348.966 1350.479 1351.992 1353.504 1355.01 1356.362 1357.714 1359.066 1360.418 1361.757 1363.082 1364.406 1365.73 1367.054 1368.729 1370.44 1372.15 1373.861 1375.299 1376.195 1377.09 1377.986 1378.882 1379.824 1380.78 1381.735 1382.691 1383.694 1384.89 1386.086 1387.282 1388.479 1389.124 1389.444 1389.763 1390.082 1390.458 1391.747 1393.037 1394.327 1395.616 1396.57 1397.171 1397.773 1398.375 1398.976 1397.802 1396.472 1395.143 1393.813 1391.673 1388.031 1384.389 1380.746 1377.104 1372.56 1367.764 1362.967
1340.708 1342.507 1344.307 1346.106 1347.906 1349.414 1350.74 1352.065 1353.39 1354.707 1355.856 1357.004 1358.152 1359.301 1360.426 1361.525 1362.624 1363.723 1364.822 1366.325 1367.869 1369.414 1370.959 1372.205 1372.859 1373.514 1374.169 1374.824 1375.742 1376.74 1377.739 1378.737 1379.795 1381.093 1382.391 1383.689 1384.987 1385.728 1386.138 1386.548 1386.959 1387.442 1389.101 1390.761 1392.421 1394.08 1395.382 1396.311 1397.24 1398.168 1399.097 1398.126 1396.99 1395.853 1394.716 1392.713 1389.103 1385.493 1381.883 1378.273 1373.422 1368.223 1363.025
1341.271 1343.071 1344.87 1346.67 1348.469 1349.863 1351.0 1352.138 1353.275 1354.404 1355.349 1356.294 1357.238 1358.183 1359.094 1359.968 1360.842 1361.716 1362.59 1363.921 1365.299 1366.678 1368.056 1369.111 1369.524 1369.938 1370.351 1370.765 1371.659 1372.701 1373.742 1374.783 1375.895 1377.295 1378.695 1380.095 1381.495 1382.331 1382.833 1383.334 1383.835 1384.426 1386.456 1388.485 1390.515 1392.544 1394.195 1395.451 1396.706 1397.962 1399.218 1398.451 1397.507 1396.563 1395.62 1393.753 1390.175 1386.597 1383.019 1379.441 1374.284 1368.683 1363.083
1341.379 1343.097 1344.814 1346.532 1348.25 1349.526 1350.524 1351.522 1352.521 1353.507 1354.248 1354.989 1355.73 1356.471 1357.191 1357.888 1358.585 1359.282 1359.979 1361.06 1362.181 1363.302 1364.422 1365.257 1365.526 1365.794 1366.063 1366.332 1367.059 1367.927 1368.794 1369.661 1370.601 1371.833 1373.065 1374.297 1375.529 1376.426 1377.125 1377.823 1378.522 1379.309 1381.53 1383.751 1385.973 1388.194 1390.18 1391.922 1393.663 1395.405 1397.147 1396.313 1395.254 1394.195 1393.136 1391.15 1387.445 1383.741 1380.036 1376.331 1371.129 1365.507 1359.885
1341.436 1343.063 1344.689 1346.316 1347.942 1349.101 1349.965 1350.829 1351.693 1352.543 1353.08 1353.618 1354.155 1354.692 1355.224 1355.749 1356.275 1356.8 1357.326 1358.147 1359.0 1359.853 1360.706 1361.318 1361.452 1361.587 1361.721 1361.856 1362.4 1363.069 1363.738 1364.408 1365.148 1366.182 1367.216 1368.25 1369.283 1370.238 1371.146 1372.053 1372.961 1373.955 1376.348 1378.74 1381.133 1383.526 1385.846 1388.092 1390.337 1392.583 1394.828 1393.897 1392.688 1391.479 1390.27 1388.136 1384.286 1380.437 1376.587 1372.738 1367.52 1361.92 1356.319
1341.493 1343.028 1344.564 1346.099 1347.634 1348.676 1349.406 1350.136 1350.866 1351.579 1351.913 1352.246 1352.58 1352.913 1353.257 1353.61 1353.964 1354.318 1354.672 1355.235 1355.82 1356.405 1356.99 1357.378 1357.379 1357.379 1357.38 1357.381 1357.741 1358.212 1358.683 1359.154 1359.696 1360.532 1361.367 1362.203 1363.038 1364.05 1365.167 1366.283 1367.4 1368.601 1371.165 1373.729 1376.294 1378.858 1381.513 1384.262 1387.011 1389.76 1392.51 1391.481 1390.122 1388.763 1387.404 1385.121 1381.127 1377.133 1373.138 1369.144 1363.912 1358.333 1352.754
1341.55 1342.994 1344.438 1345.882 1347.327 1348.251 1348.847 1349.443 1350.039 1350.615 1350.745 1350.875 1351.005 1351.134 1351.289 1351.471 1351.654 1351.836 1352.019 1352.323 1352.639 1352.956 1353.273 1353.439 1353.305 1353.172 1353.038 1352.905 1353.083 1353.355 1353.627 1353.9 1354.244 1354.881 1355.518 1356.155 1356.792 1357.862 1359.187 1360.513 1361.839 1363.247 1365.982 1368.718 1371.454 1374.19 1377.179 1380.432 1383.685 1386.938 1390.191 1389.065 1387.556 1386.046 1384.537 1382.107 1377.968 1373.829 1369.69 1365.551 1360.304 1354.746 1349.188
1341.87 1343.205 1344.541 1345.877 1347.212 1348.005 1348.455 1348.906 1349.356 1349.783 1349.698 1349.612 1349.527 1349.441 1349.398 1349.401 1349.404 1349.407 1349.41 1349.488 1349.574 1349.659 1349.745 1349.698 1349.39 1349.082 1348.774 1348.466 1348.47 1348.569 1348.668 1348.768 1348.935 1349.377 1349.82 1350.263 1350.705 1351.752 1353.156 1354.561 1355.965 1357.446 1360.147 1362.849 1365.55 1368.252 1371.36 1374.894 1378.427 1381.961 1385.495 1384.331 1382.757 1381.184 1379.61 1377.171 1373.126 1369.081 1365.036 1360.991 1355.883 1350.477 1345.071
1342.653 1343.849 1345.045 1346.241 1347.438 1348.075 1348.359 1348.643 1348.927 1349.185 1348.864 1348.542 1348.221 1347.9 1347.641 1347.451 1347.261 1347.071 1346.881 1346.79 1346.71 1346.629 1346.549 1346.309 1345.754 1345.2 1344.645 1344.09 1343.938 1343.909 1343.879 1343.85 1343.877 1344.132 1344.387 1344.642 1344.897 1345.779 1347.034 1348.288 1349.543 1350.859 1353.163 1355.468 1357.773 1360.078 1362.928 1366.349 1369.771 1373.192 1376.613 1375.519 1374.031 1372.543 1371.055 1368.852 1365.321 1361.791 1358.261 1354.731 1350.032 1345.007 1339.981
1343.435 1344.492 1345.549 1346.606 1347.663 1348.144 1348.262 1348.38 1348.498 1348.587 1348.03 1347.473 1346.915 1346.358 1345.884 1345.501 1345.118 1344.735 1344.352 1344.092 1343.846 1343.599 1343.353 1342.92 1342.118 1341.317 1340.516 1339.714 1339.406 1339.248 1339.09 1338.932 1338.818 1338.886 1338.953 1339.021 1339.088 1339.807 1340.911 1342.015 1343.12 1344.271 1346.179 1348.087 1349.995 1351.903 1354.496 1357.805 1361.114 1364.422 1367.731 1366.707 1365.304 1363.902 1362.5 1360.533 1357.517 1354.501 1351.486 1348.47 1344.182 1339.537 1334.892
1344.218 1345.136 1346.053 1346.971 1347.888 1348.214 1348.166 1348.118 1348.069 1347.989 1347.196 1346.403 1345.61 1344.817 1344.127 1343.551 1342.975 1342.399 1341.823 1341.395 1340.982 1340.569 1340.156 1339.53 1338.482 1337.434 1336.387 1335.339 1334.874 1334.588 1334.301 1334.014 1333.76 1333.64 1333.52 1333.4 1333.28 1333.834 1334.788 1335.743 1336.697 1337.684 1339.195 1340.707 1342.218 1343.729 1346.065 1349.261 1352.457 1355.653 1358.849 1357.895 1356.578 1355.262 1353.945 1352.214 1349.713 1347.212 1344.711 1342.21 1338.331 1334.067 1329.802
1345.001 1345.779 1346.557 1347.335 1348.114 1348.283 1348.069 1347.855 1347.641 1347.391 1346.362 1345.333 1344.304 1343.275 1342.37 1341.601 1340.832 1340.063 1339.294 1338.697 1338.118 1337.539 1336.96 1336.141 1334.846 1333.552 1332.257 1330.963 1330.342 1329.927 1329.511 1329.096 1328.702 1328.394 1328.086 1327.779 1327.471 1327.861 1328.665 1329.47 1330.274 1331.096 1332.211 1333.326 1334.44 1335.555 1337.633 1340.716 1343.8 1346.883 1349.967 1349.082 1347.852 1346.621 1345.39 1343.895 1341.908 1339.922 1337.935 1335.949 1332.481 1328.597 1324.713
1346.149 1346.903 1347.657 1348.411 1349.164 1349.253 1348.921 1348.589 1348.258 1347.888 1346.68 1345.473 1344.266 1343.059 1341.945 1340.934 1339.924 1338.913 1337.903 1337.064 1336.244 1335.423 1334.603 1333.531 1331.964 1330.396 1328.829 1327.261 1326.396 1325.746 1325.096 1324.445 1323.839 1323.41 1322.981 1322.552 1322.123 1322.354 1322.978 1323.601 1324.224 1324.858 1325.674 1326.489 1327.305 1328.12 1329.814 1332.426 1335.039 1337.651 1340.263 1339.599 1338.649 1337.699 1336.749 1335.698 1334.461 1333.224 1331.987 1330.75 1327.885 1324.563 1321.241
1347.374 1348.128 1348.882 1349.635 1350.389 1350.412 1349.973 1349.534 1349.095 1348.615 1347.242 1345.868 1344.495 1343.122 1341.801 1340.538 1339.276 1338.013 1336.751 1335.655 1334.578 1333.5 1332.422 1331.086 1329.24 1327.394 1325.547 1323.701 1322.574 1321.666 1320.759 1319.851 1319.016 1318.48 1317.944 1317.408 1316.872 1316.946 1317.381 1317.817 1318.252 1318.694 1319.23 1319.767 1320.304 1320.84 1322.125 1324.19 1326.255 1328.321 1330.386 1329.974 1329.346 1328.717 1328.089 1327.527 1327.089 1326.65 1326.212 1325.774 1323.552 1320.831 1318.11
1348.599 1349.353 1350.106 1350.86 1351.614 1351.571 1351.025 1350.479 1349.932 1349.343 1347.803 1346.264 1344.724 1343.185 1341.657 1340.142 1338.628 1337.113 1335.599 1334.247 1332.912 1331.577 1330.242 1328.641 1326.516 1324.391 1322.266 1320.141 1318.751 1317.586 1316.422 1315.257 1314.194 1313.551 1312.908 1312.264 1311.621 1311.537 1311.785 1312.033 1312.281 1312.529 1312.787 1313.045 1313.303 1313.561 1314.435 1315.954 1317.472 1318.991 1320.51 1320.349 1320.043 1319.736 1319.429 1319.356 1319.716 1320.077 1320.437 1320.798 1319.22 1317.099 1314.978
1349.823 1350.577 1351.331 1352.085 1352.839 1352.73 1352.076 1351.423 1350.77 1350.07 1348.365 1346.659 1344.953 1343.248 1341.513 1339.746 1337.98 1336.213 1334.447 1332.838 1331.246 1329.653 1328.061 1326.196 1323.792 1321.388 1318.984 1316.58 1314.929 1313.507 1312.084 1310.662 1309.372 1308.621 1307.871 1307.12 1306.37 1306.128 1306.188 1306.249 1306.309 1306.365 1306.344 1306.323 1306.302 1306.281 1306.746 1307.717 1308.689 1309.661 1310.633 1310.724 1310.739 1310.754 1310.769 1311.185 1312.344 1313.503 1314.662 1315.822 1314.888 1313.367 1311.847
1351.169 1351.926 1352.683 1353.44 1354.197 1354.048 1353.328 1352.608 1351.888 1351.12 1349.31 1347.501 1345.691 1343.881 1342.0 1340.039 1338.078 1336.117 1334.156 1332.318 1330.493 1328.668 1326.844 1324.724 1322.023 1319.322 1316.621 1313.919 1311.99 1310.297 1308.603 1306.91 1305.391 1304.584 1303.778 1302.971 1302.165 1301.792 1301.677 1301.563 1301.448 1301.325 1301.073 1300.822 1300.57 1300.319 1300.442 1300.955 1301.469 1301.982 1302.496 1302.759 1303.001 1303.243 1303.484 1304.261 1306.031 1307.802 1309.572 1311.342 1310.951 1309.955 1308.958
1352.813 1353.58 1354.348 1355.115 1355.883 1355.758 1355.07 1354.382 1353.694 1352.959 1351.198 1349.436 1347.675 1345.913 1344.032 1342.017 1340.003 1337.988 1335.973 1333.975 1331.979 1329.983 1327.986 1325.638 1322.594 1319.549 1316.505 1313.461 1311.217 1309.218 1307.219 1305.22 1303.47 1302.733 1301.996 1301.259 1300.522 1300.085 1299.825 1299.566 1299.306 1299.04 1298.676 1298.312 1297.948 1297.584 1297.531 1297.804 1298.076 1298.348 1298.621 1298.86 1299.096 1299.333 1299.569 1300.395 1302.315 1304.235 1306.155 1308.076 1307.982 1307.323 1306.664
1354.455 1355.234 1356.012 1356.791 1357.569 1357.468 1356.812 1356.156 1355.5 1354.798 1353.085 1351.372 1349.659 1347.945 1346.064 1343.996 1341.927 1339.859 1337.791 1335.633 1333.465 1331.297 1329.129 1326.552 1323.164 1319.777 1316.389 1313.002 1310.444 1308.14 1305.835 1303.53 1301.548 1300.881 1300.214 1299.547 1298.88 1298.378 1297.973 1297.569 1297.164 1296.756 1296.279 1295.803 1295.326 1294.849 1294.621 1294.652 1294.683 1294.715 1294.746 1294.961 1295.192 1295.422 1295.653 1296.529 1298.599 1300.669 1302.739 1304.81 1305.012 1304.691 1304.37
1356.099 1356.888 1357.677 1358.466 1359.255 1359.178 1358.554 1357.93 1357.307 1356.637 1354.973 1353.307 1351.643 1349.978 1348.096 1345.974 1343.852 1341.73 1339.609 1337.29 1334.95 1332.611 1330.272 1327.465 1323.735 1320.004 1316.274 1312.543 1309.672 1307.061 1304.451 1301.841 1299.627 1299.03 1298.432 1297.835 1297.237 1296.67 1296.121 1295.572 1295.023 1294.471 1293.882 1293.293 1292.704 1292.115 1291.711 1291.501 1291.291 1291.081 1290.871 1291.061 1291.287 1291.512 1291.738 1292.662 1294.883 1297.103 1299.323 1301.544 1302.043 1302.06 1302.076
1357.741 1358.541 1359.341 1360.141 1360.941 1360.888 1360.296 1359.704 1359.113 1358.477 1356.86 1355.243 1353.626 1352.01 1350.128 1347.952 1345.777 1343.602 1341.426 1338.947 1336.436 1333.925 1331.414 1328.379 1324.305 1320.232 1316.158 1312.085 1308.899 1305.983 1303.067 1300.151 1297.706 1297.178 1296.65 1296.123 1295.595 1294.963 1294.269 1293.575 1292.881 1292.187 1291.485 1290.783 1290.082 1289.38 1288.801 1288.349 1287.898 1287.447 1286.996 1287.162 1287.382 1287.602 1287.822 1288.796 1291.166 1293.537 1295.907 1298.278 1299.074 1299.428 1299.783
1359.526 1360.305 1361.083 1361.861 1362.639 1362.597 1362.038 1361.479 1360.919 1360.322 1358.886 1357.451 1356.016 1354.581 1352.859 1350.82 1348.781 1346.742 1344.703 1342.436 1340.145 1337.855 1335.564 1332.678 1328.613 1324.547 1320.482 1316.417 1312.581 1308.814 1305.047 1301.281 1298.118 1297.418 1296.717 1296.017 1295.316 1294.582 1293.828 1293.075 1292.321 1291.564 1290.745 1289.927 1289.108 1288.29 1287.494 1286.72 1285.947 1285.174 1284.401 1284.328 1284.317 1284.305 1284.294 1285.079 1287.341 1289.603 1291.865 1294.127 1294.832 1295.099 1295.367
