data/zism_data/00285_03_D.txt
ncols         224
nrows         224
[rows 112 to 139 of 224, columns 126 to 188 of 224]
1797.887 1797.989 1798.154 1798.319 1798.484 1798.687 1798.994 1799.301 1799.608 1799.915 1800.0 1800.0 1800.0 1800.0 1799.993 1799.954 1799.916 1799.877 1799.839 1799.54 1799.102 1798.663 1798.225 1797.651 1796.037 1794.423 1792.809 1791.195 1788.796 1785.826 1782.857 1779.887 1776.887 1773.213 1769.539 1765.865 1762.191 1758.703 1755.396 1752.09 1748.783 1745.476 1742.662 1739.863 1737.064 1734.264 1731.385 1728.402 1725.42 1722.437 1719.454 1716.359 1713.25 1710.141 1707.033 1704.743 1703.892 1703.042 1702.192 1701.342 1702.465 1704.003 1705.542
1797.295 1797.475 1797.733 1797.99 1798.248 1798.529 1798.873 1799.217 1799.561 1799.905 1800.0 1800.0 1800.0 1800.0 1799.996 1799.974 1799.952 1799.93 1799.908 1799.7 1799.394 1799.087 1798.78 1798.337 1796.854 1795.372 1793.889 1792.406 1790.076 1787.13 1784.184 1781.238 1778.263 1774.643 1771.023 1767.403 1763.783 1760.33 1757.038 1753.747 1750.456 1747.165 1744.393 1741.637 1738.88 1736.124 1733.259 1730.253 1727.247 1724.24 1721.234 1717.954 1714.644 1711.333 1708.023 1705.485 1704.308 1703.131 1701.955 1700.778 1701.446 1702.504 1703.561
1796.457 1796.749 1797.135 1797.522 1797.909 1798.299 1798.697 1799.095 1799.492 1799.89 1800.0 1800.0 1800.0 1800.0 1799.997 1799.98 1799.964 1799.947 1799.931 1799.774 1799.542 1799.311 1799.079 1798.711 1797.304 1795.897 1794.489 1793.082 1790.805 1787.896 1784.988 1782.08 1779.146 1775.639 1772.132 1768.625 1765.117 1761.736 1758.477 1755.218 1751.959 1748.7 1745.903 1743.12 1740.337 1737.554 1734.657 1731.613 1728.57 1725.526 1722.482 1719.145 1715.775 1712.406 1709.036 1706.404 1705.071 1703.739 1702.406 1701.073 1701.426 1702.134 1702.842
1795.619 1796.022 1796.538 1797.054 1797.57 1798.069 1798.521 1798.972 1799.424 1799.876 1800.0 1800.0 1800.0 1800.0 1799.998 1799.987 1799.976 1799.964 1799.953 1799.847 1799.691 1799.535 1799.378 1799.086 1797.754 1796.422 1795.089 1793.757 1791.534 1788.663 1785.792 1782.922 1780.029 1776.635 1773.24 1769.846 1766.452 1763.142 1759.916 1756.689 1753.462 1750.235 1747.413 1744.603 1741.793 1738.984 1736.055 1732.974 1729.892 1726.811 1723.729 1720.336 1716.907 1713.478 1710.049 1707.323 1705.834 1704.346 1702.857 1701.368 1701.406 1701.764 1702.122
1794.782 1795.296 1795.941 1796.586 1797.231 1797.839 1798.344 1798.85 1799.355 1799.861 1800.0 1800.0 1800.0 1800.0 1799.999 1799.993 1799.987 1799.982 1799.976 1799.921 1799.84 1799.759 1799.678 1799.46 1798.203 1796.947 1795.69 1794.433 1792.263 1789.43 1786.597 1783.764 1780.911 1777.63 1774.349 1771.068 1767.786 1764.549 1761.354 1758.16 1754.965 1751.771 1748.924 1746.087 1743.25 1740.413 1737.453 1734.334 1731.215 1728.096 1724.977 1721.526 1718.038 1714.55 1711.062 1708.242 1706.598 1704.953 1703.308 1701.664 1701.385 1701.394 1701.403
1793.944 1794.57 1795.344 1796.118 1796.891 1797.609 1798.168 1798.728 1799.287 1799.846 1800.0 1800.0 1800.0 1800.0 1800.0 1800.0 1799.999 1799.999 1799.998 1799.994 1799.989 1799.983 1799.977 1799.835 1798.653 1797.472 1796.29 1795.109 1792.992 1790.196 1787.401 1784.606 1781.794 1778.626 1775.457 1772.289 1769.12 1765.955 1762.793 1759.631 1756.468 1753.306 1750.434 1747.57 1744.706 1741.843 1738.851 1735.695 1732.538 1729.381 1726.224 1722.717 1719.17 1715.622 1712.075 1709.161 1707.361 1705.56 1703.76 1701.959 1701.365 1701.024 1700.684
1793.057 1793.849 1794.786 1795.724 1796.661 1797.507 1798.09 1798.673 1799.256 1799.839 1800.0 1800.0 1800.0 1800.0 1800.0 1800.0 1800.0 1800.0 1800.0 1800.0 1800.0 1800.0 1800.0 1799.864 1798.688 1797.512 1796.337 1795.161 1793.082 1790.35 1787.617 1784.884 1782.138 1779.113 1776.087 1773.061 1770.035 1767.047 1764.096 1761.144 1758.193 1755.241 1752.33 1749.419 1746.509 1743.598 1740.599 1737.484 1734.369 1731.254 1728.139 1724.703 1721.23 1717.758 1714.286 1711.332 1709.291 1707.251 1705.21 1703.169 1702.302 1701.681 1701.061
1792.167 1793.128 1794.232 1795.337 1796.441 1797.415 1798.019 1798.624 1799.229 1799.833 1800.0 1800.0 1800.0 1800.0 1800.0 1800.0 1800.0 1800.0 1800.0 1800.0 1800.0 1800.0 1800.0 1799.864 1798.688 1797.512 1796.337 1795.161 1793.12 1790.452 1787.783 1785.115 1782.437 1779.557 1776.676 1773.795 1770.915 1768.113 1765.387 1762.661 1759.936 1757.21 1754.258 1751.299 1748.34 1745.382 1742.376 1739.309 1736.242 1733.176 1730.109 1726.755 1723.369 1719.983 1716.596 1713.608 1711.32 1709.032 1706.744 1704.456 1703.319 1702.424 1701.53
1791.276 1792.407 1793.678 1794.949 1796.22 1797.323 1797.949 1798.575 1799.201 1799.828 1800.0 1800.0 1800.0 1800.0 1800.0 1800.0 1800.0 1800.0 1800.0 1800.0 1800.0 1800.0 1800.0 1799.864 1798.688 1797.512 1796.337 1795.161 1793.157 1790.553 1787.95 1785.346 1782.736 1780.001 1777.265 1774.53 1771.794 1769.178 1766.678 1764.179 1761.679 1759.179 1756.186 1753.179 1750.172 1747.165 1744.153 1741.134 1738.116 1735.098 1732.079 1728.808 1725.507 1722.207 1718.907 1715.884 1713.348 1710.813 1708.278 1705.743 1704.336 1703.167 1701.999
1790.385 1791.687 1793.124 1794.562 1795.999 1797.231 1797.879 1798.526 1799.174 1799.822 1800.0 1800.0 1800.0 1800.0 1800.0 1800.0 1800.0 1800.0 1800.0 1800.0 1800.0 1800.0 1800.0 1799.864 1798.688 1797.512 1796.337 1795.161 1793.195 1790.655 1788.116 1785.577 1783.035 1780.445 1777.855 1775.264 1772.674 1770.244 1767.97 1765.696 1763.422 1761.148 1758.115 1755.059 1752.003 1748.948 1745.93 1742.96 1739.99 1737.02 1734.05 1730.86 1727.646 1724.432 1721.217 1718.16 1715.377 1712.594 1709.812 1707.029 1705.353 1703.91 1702.468
1789.416 1790.867 1792.447 1794.028 1795.608 1796.959 1797.658 1798.356 1799.055 1799.754 1799.934 1799.916 1799.898 1799.88 1799.869 1799.887 1799.905 1799.922 1799.94 1799.954 1799.966 1799.978 1799.99 1799.865 1798.697 1797.529 1796.361 1795.193 1793.283 1790.833 1788.384 1785.935 1783.488 1781.092 1778.696 1776.3 1773.904 1771.679 1769.619 1767.558 1765.498 1763.438 1760.395 1757.323 1754.25 1751.178 1748.144 1745.162 1742.179 1739.197 1736.214 1733.035 1729.834 1726.633 1723.432 1720.307 1717.316 1714.326 1711.335 1708.345 1706.419 1704.718 1703.017
1788.309 1789.875 1791.558 1793.241 1794.923 1796.376 1797.177 1797.978 1798.779 1799.58 1799.752 1799.686 1799.62 1799.554 1799.513 1799.579 1799.645 1799.711 1799.777 1799.829 1799.873 1799.917 1799.961 1799.867 1798.721 1797.574 1796.428 1795.282 1793.458 1791.143 1788.828 1786.514 1784.208 1782.091 1779.975 1777.858 1775.742 1773.752 1771.885 1770.019 1768.152 1766.286 1763.285 1760.25 1757.215 1754.18 1751.117 1748.016 1744.915 1741.814 1738.713 1735.421 1732.107 1728.793 1725.479 1722.231 1719.101 1715.971 1712.841 1709.71 1707.57 1705.637 1703.705
1787.202 1788.884 1790.668 1792.453 1794.238 1795.793 1796.696 1797.599 1798.502 1799.405 1799.571 1799.456 1799.342 1799.227 1799.156 1799.271 1799.385 1799.5 1799.614 1799.704 1799.78 1799.856 1799.932 1799.87 1798.745 1797.62 1796.495 1795.37 1793.633 1791.453 1789.273 1787.092 1784.927 1783.09 1781.253 1779.416 1777.579 1775.826 1774.152 1772.479 1770.806 1769.133 1766.175 1763.177 1760.18 1757.183 1754.089 1750.87 1747.651 1744.432 1741.213 1737.807 1734.38 1730.953 1727.526 1724.156 1720.886 1717.616 1714.346 1711.076 1708.72 1706.556 1704.393
1786.095 1787.892 1789.779 1791.666 1793.553 1795.21 1796.215 1797.22 1798.225 1799.231 1799.389 1799.227 1799.064 1798.901 1798.799 1798.962 1799.125 1799.288 1799.451 1799.578 1799.687 1799.795 1799.904 1799.872 1798.769 1797.665 1796.562 1795.459 1793.809 1791.763 1789.717 1787.671 1785.646 1784.089 1782.532 1780.974 1779.417 1777.899 1776.419 1774.94 1773.46 1771.981 1769.064 1766.105 1763.145 1760.186 1757.062 1753.724 1750.387 1747.049 1743.712 1740.193 1736.653 1733.113 1729.573 1726.081 1722.671 1719.261 1715.851 1712.441 1709.87 1707.475 1705.081
1784.989 1786.901 1788.89 1790.879 1792.868 1794.627 1795.734 1796.842 1797.949 1799.056 1799.208 1798.997 1798.786 1798.574 1798.443 1798.654 1798.865 1799.076 1799.288 1799.453 1799.594 1799.735 1799.875 1799.875 1798.793 1797.711 1796.629 1795.547 1793.984 1792.073 1790.161 1788.25 1786.366 1785.088 1783.81 1782.532 1781.254 1779.972 1778.686 1777.4 1776.114 1774.828 1771.954 1769.032 1766.11 1763.188 1760.034 1756.578 1753.123 1749.667 1746.211 1742.579 1738.926 1735.273 1731.621 1728.005 1724.456 1720.906 1717.357 1713.807 1711.02 1708.394 1705.768
1783.305 1785.261 1787.282 1789.304 1791.325 1793.119 1794.268 1795.416 1796.565 1797.713 1797.955 1797.852 1797.749 1797.646 1797.632 1798.001 1798.369 1798.738 1799.106 1799.345 1799.513 1799.682 1799.851 1799.889 1798.933 1797.978 1797.022 1796.066 1794.644 1792.884 1791.125 1789.365 1787.634 1786.54 1785.446 1784.352 1783.258 1782.125 1780.954 1779.783 1778.612 1777.441 1774.488 1771.482 1768.476 1765.469 1762.252 1758.761 1755.27 1751.779 1748.288 1744.636 1740.966 1737.296 1733.626 1729.973 1726.349 1722.725 1719.101 1715.477 1712.548 1709.765 1706.982
1781.486 1783.469 1785.507 1787.545 1789.582 1791.395 1792.57 1793.746 1794.921 1796.097 1796.451 1796.493 1796.535 1796.578 1796.716 1797.267 1797.818 1798.37 1798.921 1799.24 1799.436 1799.631 1799.827 1799.907 1799.101 1798.296 1797.491 1796.685 1795.417 1793.813 1792.209 1790.606 1789.031 1788.098 1787.165 1786.233 1785.3 1784.295 1783.221 1782.147 1781.073 1779.999 1776.939 1773.82 1770.701 1767.582 1764.294 1760.786 1757.279 1753.772 1750.265 1746.616 1742.952 1739.287 1735.623 1731.952 1728.268 1724.585 1720.902 1717.219 1714.164 1711.241 1708.318
1779.667 1781.677 1783.731 1785.785 1787.839 1789.671 1790.873 1792.075 1793.277 1794.48 1794.947 1795.134 1795.321 1795.509 1795.799 1796.533 1797.267 1798.001 1798.735 1799.136 1799.358 1799.581 1799.803 1799.924 1799.269 1798.615 1797.96 1797.305 1796.19 1794.742 1793.294 1791.846 1790.428 1789.656 1788.885 1788.113 1787.342 1786.466 1785.489 1784.511 1783.534 1782.557 1779.39 1776.158 1772.926 1769.694 1766.335 1762.812 1759.288 1755.765 1752.241 1748.596 1744.937 1741.278 1737.619 1733.93 1730.188 1726.445 1722.703 1718.961 1715.78 1712.717 1709.655
1777.849 1779.886 1781.956 1784.026 1786.095 1787.946 1789.175 1790.404 1791.634 1792.863 1793.442 1793.775 1794.107 1794.44 1794.883 1795.799 1796.716 1797.633 1798.55 1799.031 1799.281 1799.53 1799.78 1799.942 1799.437 1798.933 1798.429 1797.925 1796.964 1795.672 1794.379 1793.087 1791.825 1791.215 1790.604 1789.994 1789.384 1788.637 1787.756 1786.876 1785.995 1785.115 1781.841 1778.496 1775.151 1771.806 1768.377 1764.837 1761.297 1757.758 1754.218 1750.576 1746.922 1743.269 1739.615 1735.908 1732.107 1728.305 1724.504 1720.702 1717.396 1714.193 1710.991
1775.832 1777.869 1779.929 1781.99 1784.05 1785.888 1787.096 1788.304 1789.512 1790.721 1791.423 1791.934 1792.444 1792.955 1793.584 1794.726 1795.868 1797.01 1798.152 1798.757 1799.077 1799.397 1799.717 1799.956 1799.578 1799.2 1798.821 1798.443 1797.629 1796.498 1795.367 1794.236 1793.135 1792.677 1792.218 1791.759 1791.301 1790.675 1789.887 1789.1 1788.312 1787.524 1784.21 1780.82 1777.43 1774.041 1770.583 1767.037 1763.491 1759.945 1756.398 1752.743 1749.076 1745.409 1741.741 1737.999 1734.126 1730.254 1726.381 1722.508 1719.069 1715.721 1712.374
1773.231 1775.191 1777.165 1779.14 1781.114 1782.846 1783.893 1784.94 1785.987 1787.034 1787.891 1788.676 1789.46 1790.245 1791.163 1792.654 1794.145 1795.637 1797.128 1797.985 1798.504 1799.023 1799.541 1799.962 1799.638 1799.313 1798.989 1798.664 1797.975 1797.022 1796.069 1795.115 1794.189 1793.854 1793.519 1793.184 1792.849 1792.326 1791.619 1790.911 1790.204 1789.497 1786.336 1783.103 1779.869 1776.635 1773.275 1769.75 1766.226 1762.701 1759.176 1755.46 1751.723 1747.986 1744.249 1740.423 1736.443 1732.463 1728.482 1724.502 1720.911 1717.402 1713.893
1770.63 1772.513 1774.402 1776.29 1778.178 1779.805 1780.69 1781.576 1782.462 1783.348 1784.359 1785.417 1786.476 1787.535 1788.741 1790.582 1792.423 1794.263 1796.104 1797.212 1797.93 1798.648 1799.365 1799.969 1799.698 1799.427 1799.156 1798.886 1798.322 1797.546 1796.77 1795.994 1795.243 1795.032 1794.82 1794.609 1794.398 1793.976 1793.349 1792.723 1792.096 1791.47 1788.463 1785.385 1782.307 1779.229 1775.967 1772.464 1768.96 1765.457 1761.954 1758.178 1754.37 1750.563 1746.756 1742.847 1738.76 1734.672 1730.584 1726.496 1722.753 1719.083 1715.413
1768.03 1769.836 1771.638 1773.44 1775.242 1776.763 1777.487 1778.212 1778.936 1779.661 1780.826 1782.159 1783.492 1784.825 1786.32 1788.51 1790.7 1792.89 1795.08 1796.44 1797.356 1798.273 1799.19 1799.975 1799.758 1799.541 1799.324 1799.107 1798.669 1798.07 1797.472 1796.873 1796.297 1796.209 1796.122 1796.034 1795.947 1795.626 1795.08 1794.535 1793.989 1793.443 1790.59 1787.668 1784.746 1781.824 1778.659 1775.177 1771.695 1768.214 1764.732 1760.895 1757.018 1753.141 1749.264 1745.271 1741.076 1736.881 1732.685 1728.49 1724.595 1720.764 1716.932
1765.429 1767.158 1768.874 1770.59 1772.306 1773.721 1774.285 1774.848 1775.411 1775.974 1777.294 1778.901 1780.508 1782.115 1783.898 1786.438 1788.977 1791.517 1794.056 1795.667 1796.783 1797.898 1799.014 1799.981 1799.818 1799.655 1799.491 1799.328 1799.015 1798.594 1798.173 1797.752 1797.351 1797.387 1797.423 1797.459 1797.495 1797.277 1796.812 1796.346 1795.881 1795.416 1792.716 1789.95 1787.184 1784.418 1781.35 1777.89 1774.43 1770.97 1767.51 1763.612 1759.665 1755.718 1751.771 1747.695 1743.393 1739.09 1734.787 1730.484 1726.437 1722.444 1718.452
1762.385 1763.967 1765.53 1767.092 1768.655 1769.947 1770.473 1770.998 1771.524 1772.049 1773.522 1775.355 1777.187 1779.02 1781.027 1783.789 1786.551 1789.312 1792.074 1793.984 1795.441 1796.898 1798.355 1799.635 1799.567 1799.499 1799.43 1799.362 1799.144 1798.818 1798.492 1798.166 1797.857 1797.923 1797.989 1798.055 1798.12 1797.969 1797.607 1797.245 1796.883 1796.521 1793.99 1791.395 1788.8 1786.205 1783.207 1779.686 1776.165 1772.644 1769.122 1765.169 1761.168 1757.166 1753.164 1749.025 1744.645 1740.264 1735.884 1731.503 1727.328 1723.197 1719.065
1759.149 1760.553 1761.933 1763.313 1764.693 1765.854 1766.396 1766.938 1767.479 1768.021 1769.646 1771.683 1773.72 1775.757 1777.962 1780.89 1783.818 1786.746 1789.675 1791.906 1793.766 1795.626 1797.486 1799.136 1799.181 1799.225 1799.27 1799.315 1799.179 1798.911 1798.644 1798.377 1798.124 1798.18 1798.235 1798.29 1798.345 1798.246 1797.997 1797.748 1797.498 1797.249 1794.894 1792.476 1790.059 1787.641 1784.701 1781.083 1777.466 1773.848 1770.23 1766.223 1762.173 1758.123 1754.073 1749.88 1745.435 1740.99 1736.545 1732.1 1727.807 1723.547 1719.286
1755.913 1757.14 1758.337 1759.534 1760.731 1761.762 1762.319 1762.877 1763.435 1763.993 1765.771 1768.012 1770.253 1772.494 1774.896 1777.991 1781.086 1784.181 1787.276 1789.828 1792.091 1794.354 1796.618 1798.637 1798.794 1798.952 1799.11 1799.267 1799.213 1799.005 1798.797 1798.589 1798.392 1798.437 1798.481 1798.526 1798.57 1798.523 1798.386 1798.25 1798.114 1797.977 1795.798 1793.558 1791.317 1789.077 1786.196 1782.481 1778.766 1775.052 1771.337 1767.277 1763.179 1759.08 1754.982 1750.734 1746.225 1741.715 1737.206 1732.696 1728.286 1723.896 1719.507
1752.677 1753.727 1754.741 1755.755 1756.77 1757.669 1758.243 1758.817 1759.391 1759.965 1761.895 1764.34 1766.786 1769.231 1771.83 1775.092 1778.354 1781.615 1784.877 1787.75 1790.416 1793.083 1795.749 1798.138 1798.408 1798.679 1798.949 1799.22 1799.247 1799.098 1798.95 1798.801 1798.66 1798.694 1798.727 1798.761 1798.795 1798.8 1798.776 1798.753 1798.729 1798.706 1796.702 1794.639 1792.576 1790.513 1787.69 1783.878 1780.067 1776.255 1772.444 1768.331 1764.184 1760.037 1755.89 1751.589 1747.015 1742.441 1737.867 1733.293 1728.765 1724.246 1719.727
