data/zism_data/00287_04_D.txt
ncols         224
nrows         224
[rows 145 to 173 of 224, columns 0 to 64 of 224]
1650.0 1650.0 1650.0 1649.932 1649.785 1649.638 1649.491 1649.344 1649.265 1649.192 1649.118 1649.045 1649.0 1649.0 1649.0 1649.0 1649.0 1649.0 1649.0 1649.0 1649.0 1649.0 1649.0 1649.0 1649.0 1649.0 1648.93 1648.841 1648.751 1648.662 1648.587 1648.558 1648.529 1648.5 1648.471 1648.431 1648.388 1648.344 1648.3 1648.254 1648.196 1648.138 1648.079 1648.021 1648.0 1648.0 1648.0 1648.0 1648.0 1648.0 1648.0 1648.0 1648.0 1648.0 1648.0 1648.0 1648.0 1648.0 1648.0 1648.0 1648.0 1648.0 1648.0 1648.0 1648.0
1650.0 1650.0 1650.0 1649.932 1649.785 1649.638 1649.491 1649.344 1649.265 1649.192 1649.118 1649.045 1649.0 1649.0 1649.0 1649.0 1649.0 1649.0 1649.0 1649.0 1649.0 1649.0 1649.0 1649.0 1649.0 1649.0 1648.892 1648.754 1648.616 1648.478 1648.369 1648.351 1648.333 1648.314 1648.296 1648.271 1648.244 1648.216 1648.189 1648.16 1648.123 1648.087 1648.05 1648.013 1648.0 1648.0 1648.0 1648.0 1648.0 1648.0 1648.0 1648.0 1648.0 1648.0 1648.0 1648.0 1648.0 1648.0 1648.0 1648.0 1648.0 1648.0 1648.0 1648.0 1648.0
1650.0 1650.0 1650.0 1649.932 1649.785 1649.638 1649.491 1649.344 1649.265 1649.192 1649.118 1649.045 1649.0 1649.0 1649.0 1649.0 1649.0 1649.0 1649.0 1649.0 1649.0 1649.0 1649.0 1649.0 1649.0 1649.0 1648.854 1648.667 1648.481 1648.294 1648.151 1648.144 1648.136 1648.129 1648.121 1648.111 1648.1 1648.089 1648.078 1648.066 1648.051 1648.036 1648.021 1648.005 1648.0 1648.0 1648.0 1648.0 1648.0 1648.0 1648.0 1648.0 1648.0 1648.0 1648.0 1648.0 1648.0 1648.0 1648.0 1648.0 1648.0 1648.0 1648.0 1648.0 1648.0
1650.0 1650.0 1650.0 1649.932 1649.785 1649.638 1649.491 1649.344 1649.265 1649.192 1649.118 1649.045 1649.0 1649.0 1649.0 1649.0 1649.0 1649.0 1649.0 1649.0 1649.0 1648.996 1648.985 1648.973 1648.962 1648.95 1648.784 1648.575 1648.366 1648.157 1648.0 1648.0 1648.0 1648.0 1648.0 1648.0 1648.0 1648.0 1648.0 1648.0 1648.0 1648.0 1648.0 1648.0 1648.0 1648.0 1648.0 1648.0 1648.0 1647.996 1647.993 1647.99 1647.987 1647.981 1647.975 1647.968 1647.962 1647.955 1647.955 1647.955 1647.955 1647.955 1647.957 1647.96 1647.964
1650.0 1650.0 1650.0 1649.932 1649.785 1649.638 1649.491 1649.344 1649.265 1649.192 1649.118 1649.045 1649.0 1649.0 1649.0 1649.0 1649.0 1649.0 1649.0 1649.0 1649.0 1648.984 1648.935 1648.886 1648.836 1648.787 1648.642 1648.471 1648.3 1648.129 1648.0 1648.0 1648.0 1648.0 1648.0 1648.0 1648.0 1648.0 1648.0 1648.0 1648.0 1648.0 1648.0 1648.0 1648.0 1648.0 1648.0 1648.0 1647.999 1647.984 1647.97 1647.956 1647.942 1647.92 1647.892 1647.864 1647.836 1647.808 1647.808 1647.808 1647.808 1647.808 1647.815 1647.829 1647.843
1650.0 1650.0 1650.0 1649.932 1649.785 1649.638 1649.491 1649.344 1649.265 1649.192 1649.118 1649.045 1649.0 1649.0 1649.0 1649.0 1649.0 1649.0 1649.0 1649.0 1649.0 1648.972 1648.885 1648.798 1648.711 1648.624 1648.5 1648.367 1648.234 1648.1 1648.0 1648.0 1648.0 1648.0 1648.0 1648.0 1648.0 1648.0 1648.0 1648.0 1648.0 1648.0 1648.0 1648.0 1648.0 1648.0 1648.0 1648.0 1647.997 1647.973 1647.948 1647.923 1647.898 1647.859 1647.809 1647.759 1647.71 1647.661 1647.661 1647.661 1647.661 1647.661 1647.674 1647.698 1647.723
1650.0 1650.0 1650.0 1649.932 1649.785 1649.638 1649.491 1649.344 1649.265 1649.192 1649.118 1649.045 1649.0 1649.0 1649.0 1649.0 1649.0 1649.0 1649.0 1649.0 1649.0 1648.96 1648.835 1648.71 1648.585 1648.461 1648.359 1648.263 1648.168 1648.072 1648.0 1648.0 1648.0 1648.0 1648.0 1648.0 1648.0 1648.0 1648.0 1648.0 1648.0 1648.0 1648.0 1648.0 1648.0 1648.0 1648.0 1648.0 1647.996 1647.961 1647.925 1647.889 1647.854 1647.798 1647.726 1647.655 1647.584 1647.514 1647.514 1647.514 1647.514 1647.514 1647.532 1647.568 1647.603
1650.0 1650.0 1650.0 1649.932 1649.785 1649.638 1649.491 1649.344 1649.265 1649.192 1649.118 1649.045 1649.0 1649.0 1649.0 1649.0 1649.0 1649.0 1649.0 1649.0 1649.0 1648.948 1648.785 1648.623 1648.46 1648.297 1648.217 1648.159 1648.101 1648.043 1648.0 1648.0 1648.0 1648.0 1648.0 1648.0 1648.0 1648.0 1648.0 1648.0 1648.0 1648.0 1648.0 1648.0 1648.0 1648.0 1648.0 1648.0 1647.995 1647.949 1647.902 1647.856 1647.809 1647.737 1647.644 1647.551 1647.458 1647.367 1647.367 1647.367 1647.367 1647.367 1647.39 1647.437 1647.483
1649.954 1649.95 1649.946 1649.875 1649.728 1649.582 1649.435 1649.288 1649.22 1649.159 1649.098 1649.037 1649.0 1649.0 1649.0 1649.0 1649.0 1648.993 1648.985 1648.976 1648.968 1648.908 1648.736 1648.565 1648.393 1648.222 1648.153 1648.112 1648.071 1648.031 1648.0 1648.0 1648.0 1648.0 1648.0 1647.997 1647.993 1647.989 1647.985 1647.98 1647.971 1647.963 1647.955 1647.947 1647.928 1647.903 1647.878 1647.853 1647.827 1647.786 1647.745 1647.704 1647.664 1647.6 1647.519 1647.437 1647.356 1647.277 1647.277 1647.277 1647.277 1647.277 1647.297 1647.338 1647.378
1649.894 1649.885 1649.875 1649.802 1649.655 1649.508 1649.361 1649.214 1649.162 1649.117 1649.072 1649.027 1649.0 1649.0 1649.0 1649.0 1649.0 1648.984 1648.965 1648.946 1648.926 1648.859 1648.687 1648.516 1648.344 1648.173 1648.112 1648.082 1648.052 1648.023 1648.0 1648.0 1648.0 1648.0 1648.0 1647.993 1647.984 1647.974 1647.965 1647.953 1647.934 1647.915 1647.896 1647.877 1647.834 1647.776 1647.719 1647.662 1647.607 1647.577 1647.547 1647.518 1647.488 1647.441 1647.381 1647.321 1647.261 1647.203 1647.203 1647.203 1647.203 1647.203 1647.218 1647.248 1647.278
1649.835 1649.82 1649.805 1649.729 1649.582 1649.435 1649.288 1649.141 1649.103 1649.075 1649.046 1649.017 1649.0 1649.0 1649.0 1649.0 1649.0 1648.974 1648.945 1648.915 1648.885 1648.81 1648.638 1648.467 1648.295 1648.124 1648.072 1648.053 1648.033 1648.014 1648.0 1648.0 1648.0 1648.0 1648.0 1647.989 1647.974 1647.959 1647.945 1647.927 1647.897 1647.867 1647.837 1647.807 1647.74 1647.65 1647.56 1647.47 1647.388 1647.369 1647.35 1647.331 1647.312 1647.282 1647.243 1647.205 1647.167 1647.13 1647.13 1647.13 1647.13 1647.13 1647.139 1647.158 1647.177
1649.775 1649.754 1649.734 1649.655 1649.508 1649.361 1649.214 1649.067 1649.045 1649.032 1649.02 1649.008 1649.0 1649.0 1649.0 1649.0 1649.0 1648.965 1648.925 1648.884 1648.843 1648.761 1648.589 1648.418 1648.246 1648.075 1648.031 1648.023 1648.015 1648.006 1648.0 1648.0 1648.0 1648.0 1648.0 1647.986 1647.965 1647.945 1647.925 1647.901 1647.86 1647.819 1647.779 1647.738 1647.645 1647.523 1647.401 1647.279 1647.168 1647.16 1647.152 1647.144 1647.135 1647.122 1647.106 1647.089 1647.073 1647.056 1647.056 1647.056 1647.056 1647.056 1647.061 1647.069 1647.077
1649.692 1649.668 1649.645 1649.568 1649.428 1649.289 1649.15 1649.01 1649.0 1649.0 1649.0 1649.0 1649.0 1649.0 1649.0 1649.0 1649.0 1648.951 1648.893 1648.835 1648.777 1648.686 1648.523 1648.361 1648.198 1648.035 1648.0 1648.0 1648.0 1648.0 1648.0 1648.0 1648.0 1648.0 1648.0 1647.975 1647.941 1647.906 1647.872 1647.835 1647.789 1647.742 1647.696 1647.65 1647.544 1647.404 1647.265 1647.125 1647.0 1647.0 1647.0 1647.0 1647.0 1647.0 1647.0 1647.0 1647.0 1647.0 1647.0 1647.0 1647.0 1647.0 1647.0 1647.0 1647.0
1649.531 1649.513 1649.495 1649.436 1649.329 1649.222 1649.115 1649.008 1649.0 1649.0 1649.0 1649.0 1649.0 1649.0 1649.0 1649.0 1649.0 1648.918 1648.823 1648.727 1648.632 1648.527 1648.402 1648.277 1648.152 1648.027 1648.0 1648.0 1648.0 1648.0 1648.0 1648.0 1648.0 1648.0 1648.0 1647.945 1647.867 1647.789 1647.712 1647.641 1647.606 1647.57 1647.534 1647.499 1647.417 1647.31 1647.203 1647.096 1647.0 1647.0 1647.0 1647.0 1647.0 1647.0 1647.0 1647.0 1647.0 1647.0 1647.0 1647.0 1647.0 1647.0 1647.0 1647.0 1647.0
1649.37 1649.358 1649.345 1649.304 1649.229 1649.155 1649.08 1649.005 1649.0 1649.0 1649.0 1649.0 1649.0 1649.0 1649.0 1649.0 1649.0 1648.886 1648.753 1648.619 1648.486 1648.367 1648.28 1648.193 1648.106 1648.019 1648.0 1648.0 1648.0 1648.0 1648.0 1648.0 1648.0 1648.0 1648.0 1647.914 1647.793 1647.672 1647.551 1647.447 1647.422 1647.397 1647.373 1647.348 1647.291 1647.216 1647.142 1647.067 1647.0 1647.0 1647.0 1647.0 1647.0 1647.0 1647.0 1647.0 1647.0 1647.0 1647.0 1647.0 1647.0 1647.0 1647.0 1647.0 1647.0
1649.21 1649.203 1649.195 1649.172 1649.13 1649.088 1649.045 1649.003 1649.0 1649.0 1649.0 1649.0 1649.0 1649.0 1649.0 1649.0 1649.0 1648.854 1648.682 1648.511 1648.34 1648.208 1648.159 1648.109 1648.06 1648.011 1648.0 1648.0 1648.0 1648.0 1648.0 1648.0 1648.0 1648.0 1648.0 1647.883 1647.719 1647.555 1647.391 1647.253 1647.239 1647.225 1647.211 1647.197 1647.165 1647.123 1647.08 1647.038 1647.0 1647.0 1647.0 1647.0 1647.0 1647.0 1647.0 1647.0 1647.0 1647.0 1647.0 1647.0 1647.0 1647.0 1647.0 1647.0 1647.0
1649.049 1649.047 1649.046 1649.04 1649.03 1649.02 1649.011 1649.001 1649.0 1649.0 1649.0 1649.0 1649.0 1649.0 1649.0 1649.0 1649.0 1648.821 1648.612 1648.403 1648.194 1648.048 1648.037 1648.026 1648.014 1648.002 1648.0 1648.0 1648.0 1648.0 1648.0 1648.0 1648.0 1648.0 1648.0 1647.853 1647.646 1647.438 1647.231 1647.059 1647.056 1647.052 1647.049 1647.046 1647.038 1647.029 1647.019 1647.009 1647.0 1647.0 1647.0 1647.0 1647.0 1647.0 1647.0 1647.0 1647.0 1647.0 1647.0 1647.0 1647.0 1647.0 1647.0 1647.0 1647.0
1649.0 1649.0 1649.0 1649.0 1649.0 1649.0 1649.0 1649.0 1649.0 1649.0 1649.0 1649.0 1648.991 1648.969 1648.946 1648.924 1648.901 1648.729 1648.531 1648.333 1648.135 1648.0 1648.0 1648.0 1648.0 1648.0 1647.982 1647.96 1647.937 1647.915 1647.896 1647.888 1647.881 1647.873 1647.866 1647.729 1647.538 1647.348 1647.157 1647.0 1647.0 1647.0 1647.0 1647.0 1647.0 1647.0 1647.0 1647.0 1647.0 1647.0 1647.0 1647.0 1647.0 1647.0 1647.0 1647.0 1647.0 1647.0 1647.0 1647.0 1647.0 1647.0 1647.0 1647.0 1647.0
1649.0 1649.0 1649.0 1649.0 1649.0 1649.0 1649.0 1649.0 1649.0 1649.0 1649.0 1649.0 1648.979 1648.924 1648.869 1648.814 1648.759 1648.609 1648.444 1648.278 1648.113 1648.0 1648.0 1648.0 1648.0 1648.0 1647.957 1647.902 1647.847 1647.792 1647.746 1647.728 1647.71 1647.691 1647.673 1647.563 1647.416 1647.269 1647.122 1647.0 1647.0 1647.0 1647.0 1647.0 1647.0 1647.0 1647.0 1647.0 1647.0 1647.0 1647.0 1647.0 1647.0 1647.0 1647.0 1647.0 1647.0 1647.0 1647.0 1647.0 1647.0 1647.0 1647.0 1647.0 1647.0
1649.0 1649.0 1649.0 1649.0 1649.0 1649.0 1649.0 1649.0 1649.0 1649.0 1649.0 1649.0 1648.966 1648.878 1648.791 1648.704 1648.616 1648.49 1648.357 1648.224 1648.091 1648.0 1648.0 1648.0 1648.0 1648.0 1647.932 1647.844 1647.757 1647.67 1647.597 1647.568 1647.538 1647.509 1647.48 1647.398 1647.294 1647.19 1647.086 1647.0 1647.0 1647.0 1647.0 1647.0 1647.0 1647.0 1647.0 1647.0 1647.0 1647.0 1647.0 1647.0 1647.0 1647.0 1647.0 1647.0 1647.0 1647.0 1647.0 1647.0 1647.0 1647.0 1647.0 1647.0 1647.0
1649.0 1649.0 1649.0 1649.0 1649.0 1649.0 1649.0 1649.0 1649.0 1649.0 1649.0 1649.0 1648.953 1648.833 1648.714 1648.594 1648.474 1648.371 1648.27 1648.169 1648.069 1648.0 1648.0 1648.0 1648.0 1648.0 1647.906 1647.786 1647.667 1647.547 1647.447 1647.407 1647.367 1647.327 1647.287 1647.233 1647.172 1647.111 1647.05 1647.0 1647.0 1647.0 1647.0 1647.0 1647.0 1647.0 1647.0 1647.0 1647.0 1647.0 1647.0 1647.0 1647.0 1647.0 1647.0 1647.0 1647.0 1647.0 1647.0 1647.0 1647.0 1647.0 1647.0 1647.0 1647.0
1649.004 1649.003 1649.001 1649.0 1649.0 1649.0 1649.0 1649.0 1649.0 1649.0 1649.0 1649.0 1648.942 1648.792 1648.642 1648.493 1648.343 1648.261 1648.19 1648.119 1648.048 1648.0 1647.999 1647.998 1647.997 1647.996 1647.88 1647.731 1647.582 1647.434 1647.31 1647.263 1647.215 1647.168 1647.121 1647.09 1647.067 1647.043 1647.02 1647.0 1646.997 1646.994 1646.992 1646.989 1646.988 1646.988 1646.988 1646.988 1646.988 1646.983 1646.977 1646.972 1646.967 1646.965 1646.965 1646.965 1646.965 1646.965 1646.965 1646.965 1646.965 1646.965 1646.968 1646.974 1646.98
1649.032 1649.019 1649.007 1649.0 1649.0 1649.0 1649.0 1649.0 1649.0 1649.0 1649.0 1649.0 1648.935 1648.769 1648.604 1648.438 1648.272 1648.201 1648.147 1648.092 1648.037 1647.998 1647.992 1647.985 1647.979 1647.973 1647.847 1647.687 1647.528 1647.368 1647.239 1647.203 1647.166 1647.13 1647.093 1647.07 1647.052 1647.033 1647.015 1646.997 1646.978 1646.959 1646.94 1646.922 1646.915 1646.915 1646.915 1646.915 1646.911 1646.873 1646.836 1646.798 1646.761 1646.744 1646.744 1646.744 1646.744 1646.744 1646.744 1646.744 1646.744 1646.744 1646.766 1646.81 1646.854
1649.059 1649.036 1649.012 1649.0 1649.0 1649.0 1649.0 1649.0 1649.0 1649.0 1649.0 1649.0 1648.929 1648.747 1648.565 1648.383 1648.201 1648.142 1648.103 1648.065 1648.026 1647.996 1647.985 1647.973 1647.961 1647.95 1647.814 1647.644 1647.473 1647.303 1647.168 1647.143 1647.117 1647.091 1647.066 1647.049 1647.036 1647.023 1647.011 1646.994 1646.959 1646.924 1646.889 1646.854 1646.841 1646.841 1646.841 1646.841 1646.834 1646.764 1646.694 1646.624 1646.554 1646.524 1646.524 1646.524 1646.524 1646.524 1646.524 1646.524 1646.524 1646.524 1646.564 1646.646 1646.727
1649.087 1649.052 1649.018 1649.0 1649.0 1649.0 1649.0 1649.0 1649.0 1649.0 1649.0 1649.0 1648.922 1648.724 1648.526 1648.328 1648.13 1648.082 1648.06 1648.037 1648.015 1647.995 1647.978 1647.96 1647.943 1647.926 1647.781 1647.6 1647.419 1647.238 1647.098 1647.083 1647.068 1647.053 1647.038 1647.028 1647.021 1647.014 1647.006 1646.991 1646.94 1646.889 1646.838 1646.786 1646.768 1646.768 1646.768 1646.768 1646.758 1646.655 1646.553 1646.45 1646.348 1646.303 1646.303 1646.303 1646.303 1646.303 1646.303 1646.303 1646.303 1646.303 1646.362 1646.482 1646.601
1649.114 1649.069 1649.024 1649.0 1649.0 1649.0 1649.0 1649.0 1649.0 1649.0 1649.0 1649.0 1648.916 1648.702 1648.487 1648.273 1648.059 1648.022 1648.016 1648.01 1648.004 1647.993 1647.97 1647.948 1647.926 1647.903 1647.748 1647.556 1647.364 1647.172 1647.027 1647.023 1647.019 1647.015 1647.01 1647.008 1647.006 1647.004 1647.002 1646.988 1646.921 1646.854 1646.786 1646.719 1646.694 1646.694 1646.694 1646.694 1646.681 1646.546 1646.411 1646.276 1646.142 1646.083 1646.083 1646.083 1646.083 1646.083 1646.083 1646.083 1646.083 1646.083 1646.161 1646.318 1646.475
1649.107 1649.065 1649.023 1649.0 1649.0 1649.0 1649.0 1649.0 1648.991 1648.981 1648.97 1648.96 1648.872 1648.661 1648.451 1648.241 1648.031 1648.0 1648.0 1648.0 1648.0 1647.99 1647.959 1647.928 1647.896 1647.865 1647.71 1647.521 1647.332 1647.143 1647.0 1647.0 1647.0 1647.0 1647.0 1646.993 1646.983 1646.973 1646.963 1646.94 1646.856 1646.773 1646.689 1646.605 1646.575 1646.575 1646.575 1646.575 1646.562 1646.436 1646.309 1646.182 1646.055 1646.0 1646.0 1646.0 1646.0 1646.0 1646.0 1646.0 1646.0 1646.0 1646.073 1646.221 1646.369
1649.08 1649.048 1649.017 1649.0 1649.0 1649.0 1649.0 1649.0 1648.976 1648.949 1648.923 1648.897 1648.805 1648.611 1648.416 1648.222 1648.028 1648.0 1648.0 1648.0 1648.0 1647.987 1647.945 1647.903 1647.86 1647.818 1647.67 1647.491 1647.313 1647.135 1647.0 1647.0 1647.0 1647.0 1647.0 1646.981 1646.955 1646.929 1646.902 1646.863 1646.764 1646.664 1646.564 1646.464 1646.428 1646.428 1646.428 1646.428 1646.419 1646.324 1646.23 1646.135 1646.041 1646.0 1646.0 1646.0 1646.0 1646.0 1646.0 1646.0 1646.0 1646.0 1646.054 1646.164 1646.275
1649.052 1649.032 1649.011 1649.0 1649.0 1649.0 1649.0 1649.0 1648.961 1648.918 1648.876 1648.833 1648.738 1648.56 1648.382 1648.204 1648.026 1648.0 1648.0 1648.0 1648.0 1647.983 1647.93 1647.878 1647.825 1647.772 1647.629 1647.462 1647.294 1647.126 1647.0 1647.0 1647.0 1647.0 1647.0 1646.97 1646.927 1646.885 1646.842 1646.787 1646.671 1646.555 1646.439 1646.323 1646.281 1646.281 1646.281 1646.281 1646.275 1646.213 1646.151 1646.089 1646.027 1646.0 1646.0 1646.0 1646.0 1646.0 1646.0 1646.0 1646.0 1646.0 1646.036 1646.108 1646.18
