data/zism_data/00284_04_D.txt
ncols         224
nrows         224
[rows 196 to 223 of 224, columns 0 to 62 of 224]
1000.0 1000.0 1000.0 1000.0 1000.0 1000.0 1000.0 1000.0 1000.0 1000.0 1000.0 1000.0 1000.0 1000.0 1000.0 1000.0 1000.0 1000.0 1000.0 1000.0 1000.0 999.9872 999.9473 999.9074 999.8675 999.8276 999.3701 998.7968 998.2234 997.65 996.8231 995.2211 993.6189 992.0168 990.4147 988.404 986.2264 984.0488 981.8712 979.7087 977.6172 975.5259 973.4344 971.343 969.6113 968.0838 966.5563 965.0289 963.3499 960.3289 957.3079 954.2868 951.2659 948.2188 945.1517 942.0846 939.0175 935.9835 934.0554 932.1273 930.1992 928.2712 928.2639
1000.0 1000.0 1000.0 1000.0 1000.0 1000.0 1000.0 1000.0 1000.0 1000.0 1000.0 1000.0 1000.0 1000.0 1000.0 1000.0 1000.0 1000.0 1000.0 1000.0 1000.0 999.9821 999.926 999.8698 999.8137 999.7576 999.2079 998.5211 997.8343 997.1475 996.2073 994.4918 992.7762 991.0607 989.3452 987.4435 985.4657 983.488 981.5102 979.6019 978.0236 976.4452 974.8668 973.2884 972.0318 970.9579 969.8841 968.8102 967.5536 964.6784 961.8033 958.928 956.0529 953.1241 950.1542 947.1843 944.2145 941.274 939.319 937.3639 935.4088 933.4537 933.2438
1000.0 1000.0 1000.0 1000.0 1000.0 1000.0 1000.0 1000.0 1000.0 1000.0 1000.0 1000.0 1000.0 1000.0 1000.0 1000.0 1000.0 1000.0 1000.0 1000.0 1000.0 999.9769 999.9046 999.8323 999.7599 999.6876 999.0457 998.2454 997.4453 996.6451 995.5914 993.7625 991.9335 990.1047 988.2757 986.483 984.7051 982.9272 981.1492 979.4952 978.4298 977.3645 976.2991 975.2338 974.4523 973.832 973.2118 972.5916 971.7574 969.028 966.2986 963.5692 960.8398 958.0294 955.1568 952.2841 949.4114 946.5645 944.5825 942.6005 940.6183 938.6363 938.2238
1000.0 1000.0 1000.0 1000.0 1000.0 1000.0 1000.0 1000.0 1000.0 1000.0 1000.0 1000.0 1000.0 1000.0 1000.0 1000.0 1000.0 999.9657 999.9256 999.8855 999.8453 999.6635 999.1788 998.6941 998.2094 997.7247 996.7513 995.6421 994.533 993.4238 992.2218 990.7358 989.2498 987.7638 986.2778 984.9258 983.6285 982.3312 981.0339 979.8583 979.2609 978.6634 978.0659 977.4684 977.0594 976.7574 976.4554 976.1534 975.6327 973.1744 970.7163 968.2581 965.7999 963.1169 960.2613 957.4055 954.5499 951.7158 949.6064 947.4971 945.3877 943.2784 942.7704
1000.0 1000.0 1000.0 1000.0 1000.0 1000.0 1000.0 1000.0 1000.0 1000.0 1000.0 1000.0 1000.0 1000.0 1000.0 1000.0 1000.0 999.9288 999.8455 999.7621 999.6788 999.3263 998.3988 997.4712 996.5437 995.6161 994.2929 992.8597 991.4266 989.9935 988.6404 987.5324 986.4244 985.3164 984.2084 983.3227 982.5276 981.7326 980.9376 980.2576 980.1246 979.9915 979.8585 979.7254 979.6809 979.6867 979.6925 979.6983 979.4827 977.3052 975.1279 972.9505 970.7732 968.2184 965.3736 962.5286 959.6838 956.8562 954.6119 952.3676 950.1231 947.8788 947.2838
1000.0 1000.0 1000.0 1000.0 1000.0 1000.0 1000.0 1000.0 1000.0 1000.0 1000.0 1000.0 1000.0 1000.0 1000.0 1000.0 1000.0 999.8918 999.7653 999.6388 999.5123 998.9891 997.6188 996.2484 994.878 993.5076 991.8345 990.0773 988.3202 986.5631 985.059 984.329 983.599 982.869 982.139 981.7195 981.4268 981.134 980.8412 980.6569 980.9883 981.3196 981.651 981.9823 982.3024 982.616 982.9296 983.2432 983.3326 981.436 979.5396 977.643 975.7465 973.3199 970.4859 967.6517 964.8176 961.9966 959.6173 957.238 954.8586 952.4792 951.7971
1000.0 1000.0 1000.0 1000.0 1000.0 1000.0 1000.0 1000.0 1000.0 1000.0 1000.0 1000.0 1000.0 1000.0 1000.0 1000.0 1000.0 999.8549 999.6852 999.5154 999.3457 998.652 996.8387 995.0255 993.2123 991.399 989.3762 987.295 985.2139 983.1327 981.4775 981.1256 980.7736 980.4216 980.0696 980.1164 980.3259 980.5353 980.7448 981.0562 981.852 982.6477 983.4435 984.2393 984.9238 985.5453 986.1667 986.7881 987.1826 985.5669 983.9512 982.3354 980.7198 978.4214 975.5981 972.7748 969.9515 967.1371 964.6227 962.1084 959.594 957.0797 956.3104
999.9893 999.9935 999.9977 1000.0 1000.0 1000.0 1000.0 1000.0 999.9921 999.9836 999.9752 999.9667 999.9399 999.8848 999.8296 999.7744 999.7193 999.3079 998.8362 998.3644 997.8927 996.8324 994.5148 992.1972 989.8796 987.562 985.4067 983.2964 981.1862 979.0759 977.5291 977.7057 977.8824 978.0591 978.2357 978.7908 979.5004 980.21 980.9196 981.7057 982.8557 984.0055 985.1553 986.3052 987.2413 988.056 988.8706 989.6853 990.2811 988.9377 987.5944 986.2509 984.9076 982.7638 980.0043 977.2448 974.4854 971.7302 969.1233 966.5164 963.9094 961.3025 960.4572
999.9619 999.9769 999.9919 1000.0 1000.0 1000.0 1000.0 1000.0 999.9721 999.942 999.9119 999.8818 999.787 999.5914 999.3959 999.2003 999.0047 997.9727 996.799 995.6252 994.4515 992.7219 989.8049 986.8878 983.9708 981.0536 979.1019 977.4182 975.7346 974.051 973.0132 973.9514 974.8894 975.8275 976.7656 977.8942 979.1007 980.3071 981.5136 982.7421 984.0756 985.409 986.7425 988.0759 989.0889 989.9197 990.7506 991.5815 992.2181 991.134 990.0498 988.9656 987.8815 985.9328 983.3192 980.7054 978.0918 975.4774 972.8435 970.2096 967.5756 964.9417 964.0375
999.9344 999.9603 999.9861 1000.0 1000.0 1000.0 1000.0 1000.0 999.952 999.9003 999.8486 999.7969 999.634 999.298 998.9621 998.6262 998.2902 996.6376 994.7618 992.886 991.0103 988.6114 985.0949 981.5784 978.0619 974.5453 972.7971 971.5401 970.2831 969.0261 968.4974 970.197 971.8965 973.5959 975.2955 976.9977 978.701 980.4042 982.1076 983.7784 985.2955 986.8126 988.3297 989.8467 990.9365 991.7836 992.6306 993.4777 994.1552 993.3302 992.5053 991.6804 990.8555 989.1019 986.634 984.1661 981.6982 979.2247 976.5638 973.9028 971.2419 968.5809 967.6178
999.907 999.9437 999.9803 1000.0 1000.0 1000.0 1000.0 1000.0 999.932 999.8587 999.7854 999.7121 999.4811 999.0047 998.5284 998.052 997.5756 995.3024 992.7247 990.1469 987.5691 984.5009 980.3849 976.2689 972.153 968.037 966.4924 965.6619 964.8315 964.0012 963.9816 966.4426 968.9035 971.3644 973.8254 976.1011 978.3013 980.5013 982.7015 984.8148 986.5155 988.2161 989.9168 991.6174 992.7841 993.6473 994.5106 995.3739 996.0922 995.5265 994.9608 994.3951 993.8294 992.2709 989.9489 987.6267 985.3047 982.9719 980.284 977.5961 974.9081 972.2202 971.1981
999.8796 999.9271 999.9745 1000.0 1000.0 1000.0 1000.0 1000.0 999.912 999.8171 999.7222 999.6273 999.3281 998.7114 998.0946 997.4778 996.8611 993.9672 990.6875 987.4077 984.1279 980.3903 975.675 970.9595 966.2441 961.5286 960.1876 959.7838 959.38 958.9763 959.4658 962.6881 965.9106 969.1329 972.3553 975.2045 977.9016 980.5985 983.2955 985.8511 987.7354 989.6196 991.5039 993.3881 994.6317 995.5112 996.3906 997.2701 998.0292 997.7228 997.4163 997.1098 996.8033 995.4399 993.2637 991.0873 988.9111 986.7191 984.0042 981.2893 978.5743 975.8594 974.7784
998.993 999.241 999.4891 999.5834 999.5001 999.4168 999.3335 999.2502 998.8484 998.4217 997.9951 997.5684 996.6392 994.9286 993.2179 991.5072 989.7965 986.0765 982.0161 977.9556 973.8951 969.7947 965.6094 961.424 957.2386 953.0532 952.8929 953.8508 954.8085 955.7664 957.4617 961.413 965.3645 969.3158 973.2673 976.4604 979.3441 982.2278 985.1115 987.7897 989.4919 991.1941 992.8963 994.5984 995.6978 996.4547 997.2114 997.9683 998.6177 998.3158 998.014 997.7121 997.4102 996.1261 994.0864 992.0466 990.0068 987.9538 985.4572 982.9606 980.464 977.9674 977.0385
997.9631 998.4434 998.9236 999.0974 998.9169 998.7364 998.5558 998.3754 997.6108 996.8007 995.9906 995.1805 993.5277 990.5642 987.6007 984.6371 981.6736 977.0933 972.2391 967.3846 962.5304 958.1183 954.6512 951.184 947.717 944.2498 945.4332 947.9086 950.3837 952.8589 955.8762 960.5511 965.2263 969.9012 974.5763 978.075 981.0938 984.1124 987.1312 989.8787 991.3379 992.797 994.2562 995.7154 996.6337 997.2447 997.8557 998.4667 998.9813 998.6416 998.3019 997.9623 997.6226 996.3984 994.4937 992.5889 990.6841 988.7697 986.5323 984.295 982.0576 979.8201 979.0787
996.9333 997.6457 998.3582 998.6114 998.3337 998.056 997.7782 997.5005 996.3733 995.1797 993.9862 992.7927 990.4162 986.1999 981.9836 977.7671 973.5508 968.11 962.462 956.8137 951.1656 946.4418 943.6931 940.9441 938.1953 935.4464 937.9736 941.9663 945.959 949.9516 954.2908 959.6893 965.088 970.4866 975.8853 979.6896 982.8434 985.9971 989.1509 991.9676 993.1838 994.4 995.6161 996.8323 997.5696 998.0348 998.5 998.9652 999.3449 998.9674 998.59 998.2125 997.835 996.6707 994.9009 993.1312 991.3615 989.5857 987.6075 985.6293 983.6511 981.6729 981.1188
995.9034 996.848 997.7927 998.1254 997.7504 997.3755 997.0006 996.6257 995.1358 993.5588 991.9818 990.4048 987.3046 981.8355 976.3664 970.897 965.4279 959.1268 952.6849 946.2428 939.8009 934.7654 932.7349 930.7042 928.6736 926.6431 930.5139 936.0241 941.5342 947.0442 952.7053 958.8274 964.9498 971.0719 977.1943 981.3043 984.5931 987.8818 991.1706 994.0566 995.0297 996.0029 996.9761 997.9492 998.5055 998.8249 999.1443 999.4637 999.7086 999.2933 998.878 998.4627 998.0474 996.9429 995.3082 993.6735 992.0388 990.4016 988.6826 986.9636 985.2446 983.5256 983.1589
992.5161 993.6165 994.717 995.0978 994.6465 994.1953 993.744 993.2927 991.4094 989.4142 987.419 985.4239 981.7067 975.311 968.9154 962.5195 956.1239 949.5515 942.9493 936.3469 929.7447 924.8589 923.6404 922.4218 921.2032 919.9846 924.9438 931.6191 938.2942 944.9693 951.655 958.3724 965.0899 971.8073 978.5248 982.8452 986.1874 989.5296 992.8718 995.7591 996.4858 997.2125 997.9391 998.6658 999.0099 999.1367 999.2634 999.3901 999.4504 998.9227 998.395 997.8672 997.3395 996.2369 994.6921 993.1472 991.6024 990.0626 988.6913 987.3201 985.9488 984.5776 984.4756
984.1518 985.2468 986.3419 986.7048 986.2211 985.7375 985.2538 984.7701 982.4286 979.942 977.4554 974.9688 970.8594 964.2262 957.593 950.9595 944.3263 938.726 933.3011 927.8759 922.451 918.6891 918.4804 918.2717 918.063 917.8544 923.3627 930.4593 937.5555 944.6519 951.7349 958.7762 965.8177 972.8591 979.9007 984.2307 987.454 990.6774 993.9008 996.6458 997.1187 997.5916 998.0645 998.5374 998.6035 998.4386 998.2737 998.1088 997.8798 997.082 996.2843 995.4865 994.6888 993.4657 991.9155 990.3652 988.815 987.2855 986.4488 985.6122 984.7755 983.9388 984.2651
975.7875 976.8772 977.9669 978.3118 977.7958 977.2797 976.7636 976.2475 973.4478 970.4698 967.4917 964.5137 960.0123 953.1414 946.2706 939.3995 932.5287 927.9006 923.6529 919.405 915.1572 912.5192 913.3204 914.1217 914.9229 915.7241 921.7817 929.2994 936.8169 944.3344 951.8147 959.1801 966.5456 973.9109 981.2766 985.6161 988.7207 991.8252 994.9298 997.5325 997.7516 997.9706 998.1898 998.4088 998.1971 997.7406 997.2841 996.8276 996.3091 995.2413 994.1736 993.1058 992.038 990.6945 989.1389 987.5832 986.0276 984.5083 984.2062 983.9042 983.6022 983.3002 984.0546
967.4232 968.5075 969.5918 969.9188 969.3704 968.8219 968.2734 967.7249 964.467 960.9976 957.5281 954.0587 949.165 942.0566 934.9482 927.8395 920.7311 917.0752 914.0047 910.934 907.8635 906.3494 908.1605 909.9717 911.7828 913.5939 920.2006 928.1396 936.0783 944.017 951.8945 959.5839 967.2735 974.9628 982.6524 987.0015 989.9873 992.973 995.9588 998.4192 998.3845 998.3497 998.315 998.2803 997.7906 997.0425 996.2945 995.5464 994.7385 993.4006 992.0629 990.725 989.3873 987.9232 986.3622 984.8012 983.2402 981.7311 981.9637 982.1963 982.4289 982.6614 983.8441
959.059 960.1378 961.2167 961.5259 960.9449 960.3641 959.7832 959.2023 955.4863 951.5254 947.5644 943.6035 938.3178 930.9718 923.6258 916.2795 908.9335 906.2498 904.3565 902.4631 900.5698 900.1796 903.0005 905.8216 908.6426 911.4637 918.6196 926.9797 935.3397 943.6995 951.9744 959.9877 968.0013 976.0146 984.0283 988.3869 991.2539 994.1208 996.9878 999.3059 999.0173 998.7288 998.4403 998.1518 997.3843 996.3445 995.3049 994.2651 993.1678 991.5599 989.9521 988.3443 986.7365 985.152 983.5856 982.0192 980.4528 978.954 979.7212 980.4883 981.2556 982.0227 983.6335
948.0439 948.7737 949.5036 949.6696 949.1835 948.6975 948.2115 947.7255 944.3989 940.8503 937.3018 933.7532 929.054 922.565 916.076 909.5869 903.098 901.1642 900.0026 898.8409 897.6793 897.9187 901.1513 904.384 907.6166 910.8493 918.1752 926.6384 935.1013 943.5642 951.9034 959.8632 967.8231 975.7829 983.7429 987.9654 990.6627 993.3599 996.0571 998.1879 997.6286 997.0693 996.5099 995.9507 994.9099 993.5955 992.2812 990.9669 989.6018 987.7876 985.9734 984.1592 982.345 980.7949 979.4479 978.101 976.7541 975.4858 976.8512 978.2166 979.5821 980.9475 982.9749
936.3062 936.5931 936.8801 936.8688 936.5124 936.1559 935.7996 935.4432 932.737 929.8474 926.9576 924.068 920.222 914.8887 909.5553 904.2218 898.8885 897.644 897.0925 896.5411 895.9897 896.7241 900.2051 903.6862 907.1672 910.6483 918.041 926.5203 934.9994 943.4785 951.7913 959.5945 967.3979 975.201 983.0044 987.0511 989.5648 992.0783 994.592 996.5232 995.6885 994.8538 994.019 993.1843 991.8716 990.2872 988.7029 987.1185 985.4917 983.4884 981.4852 979.482 977.4788 976.0052 974.9391 973.873 972.8069 971.8291 973.8101 975.7911 977.7723 979.7533 982.1941
924.5684 924.4125 924.2567 924.068 923.8412 923.6144 923.3876 923.1608 921.0752 918.8444 916.6135 914.3828 911.39 907.2123 903.0345 898.8567 894.679 894.1238 894.1826 894.2413 894.3002 895.5294 899.2588 902.9883 906.7178 910.4473 917.9066 926.4022 934.8975 943.3928 951.6793 959.3258 966.9726 974.6191 982.2659 986.1368 988.4669 990.7968 993.1268 994.8585 993.7484 992.6382 991.5281 990.418 988.8333 986.9789 985.1246 983.2701 981.3815 979.1893 976.9971 974.8048 972.6126 971.2156 970.4303 969.645 968.8597 968.1724 970.769 973.3657 975.9625 978.5591 981.4133
912.8306 912.2319 911.6333 911.2672 911.17 911.0728 910.9756 910.8784 909.4133 907.8414 906.2694 904.6975 902.558 899.5359 896.5138 893.4916 890.4695 890.6036 891.2726 891.9416 892.6106 894.3347 898.3126 902.2905 906.2684 910.2464 917.7723 926.2841 934.7956 943.3071 951.5672 959.0571 966.5473 974.0372 981.5274 985.2226 987.369 989.5153 991.6617 993.1938 991.8082 990.4227 989.0371 987.6516 985.795 983.6705 981.5462 979.4218 977.2714 974.8901 972.5089 970.1276 967.7464 966.4259 965.9214 965.4169 964.9125 964.5157 967.728 970.9402 974.1526 977.3649 980.6324
902.6841 901.7034 900.7227 900.1968 900.1968 900.1968 900.1968 900.1968 899.2523 898.2339 897.2155 896.1971 894.7897 892.7774 890.7651 888.7527 886.7405 887.4838 888.6942 889.9045 891.1149 893.278 897.4759 901.674 905.8719 910.0699 917.6121 926.0833 934.5543 943.0253 951.1937 958.4352 965.6769 972.9185 980.1602 983.6588 985.6296 987.6005 989.5714 990.9152 989.2813 987.6473 986.0134 984.3794 982.2795 979.9148 977.5502 975.1854 972.8069 970.3055 967.8041 965.3027 962.8013 961.6277 961.4756 961.3235 961.1713 961.1343 964.95 968.7657 972.5815 976.3973 980.0662
897.3116 896.1311 894.9506 894.3176 894.3176 894.3176 894.3176 894.3176 893.5934 892.8126 892.0319 891.2511 890.2124 888.7725 887.3326 885.8927 884.4528 885.5654 887.1105 888.6558 890.2009 892.6351 896.968 901.3011 905.634 909.9671 917.3737 925.6344 933.8948 942.1552 950.0357 956.7534 963.4714 970.1891 976.907 980.1464 981.966 983.7856 985.6052 986.7951 984.9937 983.1924 981.391 979.5897 977.3327 974.8168 972.3009 969.785 967.2794 964.8644 962.4494 960.0344 957.6194 956.8039 957.2188 957.6337 958.0486 958.5786 962.9613 967.344 971.7269 976.1096 980.1432
891.939 890.5588 889.1785 888.4384 888.4384 888.4384 888.4384 888.4384 887.9345 887.3914 886.8483 886.3051 885.635 884.7676 883.9001 883.0326 882.1651 883.6469 885.5269 887.4069 889.2869 891.9921 896.4601 900.9282 905.3961 909.8643 917.1354 925.1854 933.2352 941.285 948.8778 955.0717 961.2658 967.4597 973.6539 976.634 978.3024 979.9708 981.6392 982.675 980.7062 978.7375 976.7687 974.7999 972.3859 969.7188 967.0517 964.3846 961.7518 959.4232 957.0947 954.7661 952.4375 951.9801 952.962 953.9439 954.9258 956.0228 960.9725 965.9223 970.8722 975.8219 980.2204
