data/zism_data/00286_03_D.txt
ncols         224
nrows         224
[rows 0 to 27 of 224, columns 63 to 125 of 224]
4512.831 4511.982 4510.914 4509.845 4508.777 4507.708 4506.915 4506.275 4505.636 4504.997 4504.37 4503.899 4503.429 4502.959 4502.489 4502.085 4501.746 4501.407 4501.067 4500.729 4500.501 4500.283 4500.064 4499.845 4499.706 4499.706 4499.706 4499.706 4499.706 4499.757 4499.822 4499.886 4499.95 4500.0 4500.0 4500.0 4500.0 4500.0 4499.986 4499.964 4499.943 4499.921 4499.885 4499.688 4499.49 4499.292 4499.095 4498.924 4498.778 4498.633 4498.487 4498.341 4498.195 4498.049 4497.903 4497.757 4497.575 4497.332 4497.09 4496.848 4496.605 4496.342 4496.074
4510.568 4509.772 4508.789 4507.806 4506.823 4505.84 4505.154 4504.632 4504.111 4503.589 4503.083 4502.779 4502.476 4502.171 4501.868 4501.589 4501.336 4501.083 4500.829 4500.576 4500.355 4500.136 4499.917 4499.698 4499.559 4499.559 4499.559 4499.559 4499.559 4499.636 4499.732 4499.829 4499.925 4500.0 4500.0 4500.0 4500.0 4500.0 4499.979 4499.947 4499.915 4499.882 4499.837 4499.65 4499.463 4499.277 4499.09 4498.924 4498.778 4498.633 4498.487 4498.341 4498.195 4498.049 4497.903 4497.757 4497.556 4497.266 4496.975 4496.685 4496.394 4496.161 4495.94
4508.306 4507.561 4506.664 4505.767 4504.87 4503.973 4503.393 4502.989 4502.585 4502.182 4501.797 4501.66 4501.521 4501.384 4501.246 4501.093 4500.926 4500.758 4500.591 4500.423 4500.208 4499.989 4499.77 4499.551 4499.412 4499.412 4499.412 4499.412 4499.412 4499.515 4499.643 4499.772 4499.9 4500.0 4500.0 4500.0 4500.0 4500.0 4499.972 4499.929 4499.886 4499.843 4499.789 4499.613 4499.437 4499.261 4499.085 4498.924 4498.778 4498.633 4498.487 4498.341 4498.195 4498.049 4497.903 4497.757 4497.538 4497.199 4496.86 4496.521 4496.183 4495.979 4495.807
4506.391 4505.73 4504.941 4504.152 4503.363 4502.574 4502.095 4501.79 4501.484 4501.179 4500.894 4500.865 4500.836 4500.807 4500.778 4500.709 4500.6 4500.491 4500.381 4500.272 4500.068 4499.856 4499.645 4499.434 4499.299 4499.299 4499.299 4499.299 4499.299 4499.416 4499.562 4499.707 4499.853 4499.964 4499.954 4499.944 4499.934 4499.924 4499.889 4499.84 4499.792 4499.743 4499.685 4499.532 4499.379 4499.227 4499.074 4498.923 4498.775 4498.626 4498.478 4498.33 4498.181 4498.033 4497.884 4497.736 4497.507 4497.147 4496.788 4496.428 4496.068 4495.882 4495.736
4504.877 4504.337 4503.683 4503.027 4502.373 4501.718 4501.335 4501.105 4500.874 4500.644 4500.431 4500.445 4500.459 4500.473 4500.487 4500.453 4500.371 4500.288 4500.206 4500.124 4499.936 4499.741 4499.545 4499.35 4499.226 4499.226 4499.226 4499.226 4499.226 4499.342 4499.488 4499.634 4499.779 4499.885 4499.854 4499.823 4499.791 4499.76 4499.717 4499.668 4499.62 4499.571 4499.517 4499.401 4499.286 4499.171 4499.056 4498.92 4498.767 4498.613 4498.459 4498.306 4498.152 4497.998 4497.844 4497.69 4497.462 4497.113 4496.764 4496.415 4496.066 4495.882 4495.736
4503.363 4502.945 4502.424 4501.903 4501.382 4500.861 4500.575 4500.42 4500.264 4500.109 4499.969 4500.026 4500.083 4500.14 4500.197 4500.197 4500.142 4500.086 4500.03 4499.975 4499.804 4499.625 4499.445 4499.266 4499.152 4499.152 4499.152 4499.152 4499.152 4499.269 4499.414 4499.56 4499.706 4499.807 4499.754 4499.701 4499.648 4499.596 4499.545 4499.497 4499.448 4499.4 4499.349 4499.271 4499.193 4499.115 4499.038 4498.917 4498.758 4498.599 4498.44 4498.281 4498.122 4497.963 4497.804 4497.645 4497.417 4497.079 4496.741 4496.402 4496.064 4495.882 4495.736
4501.85 4501.553 4501.166 4500.779 4500.392 4500.005 4499.815 4499.735 4499.654 4499.574 4499.506 4499.606 4499.706 4499.806 4499.906 4499.941 4499.912 4499.883 4499.855 4499.826 4499.672 4499.509 4499.346 4499.183 4499.079 4499.079 4499.079 4499.079 4499.079 4499.195 4499.341 4499.487 4499.632 4499.729 4499.654 4499.58 4499.506 4499.432 4499.374 4499.326 4499.277 4499.228 4499.18 4499.14 4499.1 4499.06 4499.02 4498.915 4498.75 4498.586 4498.421 4498.257 4498.092 4497.928 4497.763 4497.599 4497.373 4497.045 4496.717 4496.39 4496.062 4495.882 4495.736
4500.336 4500.161 4499.908 4499.655 4499.402 4499.149 4499.055 4499.05 4499.044 4499.039 4499.044 4499.187 4499.33 4499.473 4499.615 4499.685 4499.683 4499.681 4499.679 4499.677 4499.54 4499.393 4499.246 4499.099 4499.005 4499.005 4499.005 4499.005 4499.005 4499.122 4499.267 4499.413 4499.559 4499.65 4499.555 4499.459 4499.363 4499.268 4499.203 4499.154 4499.105 4499.057 4499.012 4499.009 4499.007 4499.004 4499.001 4498.912 4498.742 4498.572 4498.402 4498.232 4498.063 4497.893 4497.723 4497.553 4497.328 4497.011 4496.694 4496.377 4496.06 4495.882 4495.736
4499.976 4499.843 4499.649 4499.456 4499.263 4499.069 4499.0 4499.0 4499.0 4499.0 4499.008 4499.125 4499.241 4499.356 4499.473 4499.53 4499.53 4499.53 4499.53 4499.53 4499.422 4499.306 4499.19 4499.074 4499.0 4499.0 4499.0 4499.0 4499.0 4499.092 4499.208 4499.324 4499.44 4499.513 4499.436 4499.358 4499.281 4499.203 4499.151 4499.113 4499.074 4499.035 4498.996 4498.951 4498.907 4498.862 4498.817 4498.71 4498.544 4498.379 4498.214 4498.049 4497.898 4497.748 4497.597 4497.447 4497.241 4496.945 4496.648 4496.353 4496.056 4495.882 4495.736
4499.705 4499.609 4499.47 4499.33 4499.19 4499.05 4499.0 4499.0 4499.0 4499.0 4499.006 4499.09 4499.174 4499.258 4499.342 4499.383 4499.383 4499.383 4499.383 4499.383 4499.305 4499.221 4499.137 4499.053 4499.0 4499.0 4499.0 4499.0 4499.0 4499.067 4499.15 4499.234 4499.318 4499.371 4499.315 4499.259 4499.203 4499.147 4499.109 4499.082 4499.054 4499.025 4498.992 4498.899 4498.806 4498.713 4498.62 4498.492 4498.333 4498.172 4498.013 4497.853 4497.722 4497.593 4497.464 4497.335 4497.151 4496.876 4496.602 4496.327 4496.052 4495.882 4495.736
4499.435 4499.376 4499.29 4499.203 4499.117 4499.031 4499.0 4499.0 4499.0 4499.0 4499.004 4499.056 4499.107 4499.159 4499.21 4499.236 4499.236 4499.236 4499.236 4499.236 4499.188 4499.136 4499.084 4499.033 4499.0 4499.0 4499.0 4499.0 4499.0 4499.041 4499.093 4499.145 4499.196 4499.229 4499.194 4499.16 4499.125 4499.091 4499.067 4499.05 4499.033 4499.016 4498.988 4498.846 4498.705 4498.564 4498.423 4498.274 4498.12 4497.965 4497.811 4497.657 4497.547 4497.439 4497.332 4497.224 4497.062 4496.808 4496.555 4496.301 4496.048 4495.882 4495.736
4499.165 4499.142 4499.109 4499.077 4499.044 4499.012 4499.0 4499.0 4499.0 4499.0 4499.001 4499.021 4499.041 4499.06 4499.08 4499.089 4499.089 4499.089 4499.089 4499.089 4499.071 4499.052 4499.032 4499.012 4499.0 4499.0 4499.0 4499.0 4499.0 4499.016 4499.035 4499.055 4499.074 4499.086 4499.073 4499.061 4499.047 4499.034 4499.025 4499.019 4499.013 4499.006 4498.983 4498.794 4498.604 4498.415 4498.226 4498.057 4497.908 4497.759 4497.609 4497.46 4497.371 4497.285 4497.199 4497.113 4496.972 4496.74 4496.508 4496.276 4496.044 4495.882 4495.736
4499.0 4499.0 4499.0 4499.0 4499.0 4499.0 4499.0 4499.0 4499.0 4499.0 4499.0 4499.0 4499.0 4499.0 4499.0 4499.0 4499.0 4499.0 4499.0 4499.0 4499.0 4499.0 4499.0 4499.0 4499.0 4499.0 4499.0 4499.0 4499.0 4499.0 4499.0 4499.0 4499.0 4499.0 4499.0 4499.0 4499.0 4499.0 4498.996 4498.99 4498.983 4498.977 4498.953 4498.74 4498.527 4498.315 4498.103 4497.924 4497.778 4497.633 4497.487 4497.341 4497.258 4497.179 4497.1 4497.021 4496.891 4496.678 4496.465 4496.253 4496.041 4495.877 4495.725
4499.0 4499.0 4499.0 4499.0 4499.0 4499.0 4499.0 4499.0 4499.0 4499.0 4499.0 4499.0 4499.0 4499.0 4499.0 4499.0 4499.0 4499.0 4499.0 4499.0 4499.0 4499.0 4499.0 4499.0 4499.0 4499.0 4499.0 4499.0 4499.0 4499.0 4499.0 4499.0 4499.0 4499.0 4499.0 4499.0 4499.0 4499.0 4498.985 4498.963 4498.94 4498.918 4498.88 4498.684 4498.488 4498.291 4498.095 4497.924 4497.778 4497.633 4497.487 4497.341 4497.243 4497.147 4497.052 4496.957 4496.823 4496.626 4496.43 4496.234 4496.037 4495.864 4495.695
4499.0 4499.0 4499.0 4499.0 4499.0 4499.0 4499.0 4499.0 4499.0 4499.0 4499.0 4499.0 4499.0 4499.0 4499.0 4499.0 4499.0 4499.0 4499.0 4499.0 4499.0 4499.0 4499.0 4499.0 4499.0 4499.0 4499.0 4499.0 4499.0 4499.0 4499.0 4499.0 4499.0 4499.0 4499.0 4499.0 4499.0 4499.0 4498.975 4498.936 4498.898 4498.859 4498.809 4498.628 4498.448 4498.267 4498.087 4497.924 4497.778 4497.633 4497.487 4497.341 4497.228 4497.116 4497.005 4496.894 4496.756 4496.575 4496.395 4496.215 4496.034 4495.851 4495.667
4499.0 4499.0 4499.0 4499.0 4499.0 4499.0 4499.0 4499.0 4499.0 4499.0 4499.0 4499.0 4499.0 4499.0 4499.0 4499.0 4499.0 4499.0 4499.0 4499.0 4499.0 4499.0 4499.0 4499.0 4499.0 4499.0 4499.0 4499.0 4499.0 4499.0 4499.0 4499.0 4499.0 4499.0 4499.0 4499.0 4499.0 4499.0 4498.964 4498.91 4498.855 4498.8 4498.736 4498.572 4498.408 4498.244 4498.079 4497.924 4497.778 4497.633 4497.487 4497.341 4497.212 4497.085 4496.958 4496.83 4496.688 4496.524 4496.36 4496.195 4496.031 4495.837 4495.637
4499.0 4499.0 4499.0 4499.0 4499.0 4499.0 4499.0 4499.0 4499.0 4499.0 4499.0 4499.0 4499.0 4499.0 4499.0 4499.0 4499.0 4499.0 4499.0 4499.0 4499.0 4499.0 4499.0 4499.0 4499.0 4499.0 4499.0 4499.0 4499.0 4499.0 4499.0 4499.0 4499.0 4499.0 4499.0 4499.0 4499.0 4499.0 4498.954 4498.883 4498.813 4498.742 4498.664 4498.516 4498.368 4498.22 4498.071 4497.924 4497.778 4497.633 4497.487 4497.341 4497.197 4497.054 4496.91 4496.766 4496.621 4496.473 4496.325 4496.176 4496.028 4495.825 4495.608
4499.094 4499.103 4499.094 4499.084 4499.075 4499.066 4499.054 4499.04 4499.026 4499.013 4499.0 4499.0 4499.0 4499.0 4499.0 4499.0 4499.0 4499.0 4499.0 4499.0 4499.0 4499.0 4499.0 4499.0 4499.0 4499.0 4499.0 4499.0 4499.0 4499.0 4499.0 4499.0 4499.0 4499.0 4499.0 4499.0 4499.0 4499.0 4498.955 4498.887 4498.818 4498.75 4498.674 4498.524 4498.374 4498.223 4498.072 4497.924 4497.778 4497.633 4497.487 4497.341 4497.199 4497.058 4496.917 4496.775 4496.63 4496.48 4496.33 4496.179 4496.028 4495.826 4495.612
4499.204 4499.223 4499.203 4499.183 4499.164 4499.144 4499.117 4499.087 4499.058 4499.028 4499.0 4499.0 4499.0 4499.0 4499.0 4499.0 4499.0 4499.0 4499.0 4499.0 4499.0 4499.0 4499.0 4499.0 4499.0 4499.0 4499.0 4499.0 4499.0 4499.0 4499.0 4499.0 4499.0 4499.0 4499.0 4499.0 4499.0 4499.0 4498.958 4498.896 4498.833 4498.77 4498.698 4498.542 4498.387 4498.231 4498.075 4497.924 4497.778 4497.633 4497.487 4497.341 4497.205 4497.068 4496.933 4496.796 4496.653 4496.497 4496.341 4496.186 4496.03 4495.831 4495.622
4499.313 4499.343 4499.313 4499.282 4499.251 4499.221 4499.18 4499.134 4499.088 4499.042 4499.0 4499.0 4499.0 4499.0 4499.0 4499.0 4499.0 4499.0 4499.0 4499.0 4499.0 4499.0 4499.0 4499.0 4499.0 4499.0 4499.0 4499.0 4499.0 4499.0 4499.0 4499.0 4499.0 4499.0 4499.0 4499.0 4499.0 4499.0 4498.962 4498.904 4498.847 4498.789 4498.723 4498.561 4498.4 4498.239 4498.078 4497.924 4497.778 4497.633 4497.487 4497.341 4497.209 4497.079 4496.948 4496.817 4496.675 4496.514 4496.353 4496.192 4496.031 4495.835 4495.631
4499.423 4499.463 4499.422 4499.381 4499.339 4499.298 4499.244 4499.182 4499.12 4499.058 4499.0 4499.0 4499.0 4499.0 4499.0 4499.0 4499.0 4499.0 4499.0 4499.0 4499.0 4499.0 4499.0 4499.0 4499.0 4499.0 4499.0 4499.0 4499.0 4499.0 4499.0 4499.0 4499.0 4499.0 4499.0 4499.0 4499.0 4499.0 4498.966 4498.914 4498.861 4498.809 4498.747 4498.58 4498.414 4498.247 4498.08 4497.924 4497.778 4497.633 4497.487 4497.341 4497.215 4497.089 4496.964 4496.839 4496.698 4496.531 4496.365 4496.198 4496.032 4495.839 4495.641
4499.529 4499.577 4499.532 4499.487 4499.442 4499.396 4499.337 4499.269 4499.201 4499.133 4499.07 4499.07 4499.07 4499.07 4499.07 4499.063 4499.047 4499.032 4499.017 4499.001 4499.0 4499.0 4499.0 4499.0 4499.0 4499.0 4499.0 4499.0 4499.0 4499.0 4499.0 4499.0 4499.0 4499.0 4499.0 4499.0 4499.0 4499.0 4498.97 4498.925 4498.88 4498.834 4498.78 4498.621 4498.463 4498.305 4498.146 4497.992 4497.841 4497.69 4497.539 4497.388 4497.258 4497.13 4497.001 4496.873 4496.728 4496.554 4496.38 4496.207 4496.033 4495.845 4495.654
4499.627 4499.678 4499.643 4499.608 4499.574 4499.54 4499.494 4499.442 4499.391 4499.339 4499.291 4499.291 4499.291 4499.291 4499.291 4499.259 4499.195 4499.131 4499.068 4499.004 4499.0 4499.0 4499.0 4499.0 4499.0 4499.0 4499.0 4499.0 4499.0 4499.0 4499.0 4499.0 4499.0 4499.0 4499.0 4499.0 4499.0 4499.0 4498.978 4498.943 4498.908 4498.874 4498.832 4498.711 4498.59 4498.47 4498.349 4498.204 4498.037 4497.87 4497.703 4497.536 4497.385 4497.235 4497.085 4496.936 4496.772 4496.588 4496.404 4496.219 4496.035 4495.854 4495.673
4499.725 4499.778 4499.754 4499.73 4499.707 4499.683 4499.651 4499.616 4499.58 4499.544 4499.511 4499.511 4499.511 4499.511 4499.511 4499.455 4499.343 4499.231 4499.119 4499.007 4499.0 4499.0 4499.0 4499.0 4499.0 4499.0 4499.0 4499.0 4499.0 4499.0 4499.0 4499.0 4499.0 4499.0 4499.0 4499.0 4499.0 4499.0 4498.984 4498.96 4498.937 4498.913 4498.884 4498.801 4498.718 4498.634 4498.551 4498.416 4498.233 4498.05 4497.867 4497.684 4497.512 4497.34 4497.169 4496.998 4496.817 4496.622 4496.427 4496.232 4496.037 4495.863 4495.693
4499.823 4499.878 4499.865 4499.852 4499.839 4499.826 4499.809 4499.789 4499.77 4499.75 4499.731 4499.731 4499.731 4499.731 4499.731 4499.651 4499.491 4499.331 4499.17 4499.011 4499.0 4499.0 4499.0 4499.0 4499.0 4499.0 4499.0 4499.0 4499.0 4499.0 4499.0 4499.0 4499.0 4499.0 4499.0 4499.0 4499.0 4499.0 4498.991 4498.979 4498.965 4498.952 4498.937 4498.891 4498.845 4498.799 4498.753 4498.628 4498.429 4498.23 4498.031 4497.832 4497.638 4497.445 4497.253 4497.06 4496.862 4496.656 4496.451 4496.245 4496.039 4495.871 4495.712
4499.921 4499.978 4499.976 4499.974 4499.971 4499.969 4499.966 4499.962 4499.959 4499.955 4499.952 4499.952 4499.952 4499.952 4499.952 4499.847 4499.639 4499.43 4499.222 4499.014 4499.0 4499.0 4499.0 4499.0 4499.0 4499.0 4499.0 4499.0 4499.0 4499.0 4499.0 4499.0 4499.0 4499.0 4499.0 4499.0 4499.0 4499.0 4498.999 4498.996 4498.994 4498.992 4498.989 4498.98 4498.972 4498.964 4498.956 4498.84 4498.625 4498.41 4498.194 4497.979 4497.765 4497.551 4497.336 4497.122 4496.907 4496.69 4496.474 4496.258 4496.041 4495.88 4495.732
4499.942 4500.0 4500.0 4500.0 4500.0 4500.0 4500.0 4500.0 4500.0 4500.0 4500.0 4500.0 4500.0 4500.0 4500.0 4499.909 4499.728 4499.546 4499.366 4499.185 4499.161 4499.148 4499.136 4499.123 4499.115 4499.115 4499.115 4499.115 4499.115 4499.115 4499.115 4499.115 4499.115 4499.109 4499.084 4499.059 4499.034 4499.009 4499.0 4499.0 4499.0 4499.0 4499.0 4499.0 4499.0 4499.0 4499.0 4498.893 4498.687 4498.48 4498.274 4498.068 4497.862 4497.656 4497.449 4497.243 4497.022 4496.778 4496.534 4496.291 4496.046 4495.882 4495.736
4499.942 4500.0 4500.0 4500.0 4500.0 4500.0 4500.0 4500.0 4500.0 4500.0 4500.0 4500.0 4500.0 4500.0 4500.0 4499.933 4499.8 4499.667 4499.535 4499.402 4499.366 4499.337 4499.309 4499.28 4499.262 4499.262 4499.262 4499.262 4499.262 4499.262 4499.262 4499.262 4499.262 4499.249 4499.191 4499.134 4499.077 4499.02 4499.0 4499.0 4499.0 4499.0 4499.0 4499.0 4499.0 4499.0 4499.0 4498.901 4498.711 4498.521 4498.331 4498.141 4497.951 4497.76 4497.57 4497.38 4497.157 4496.881 4496.605 4496.329 4496.052 4495.882 4495.736
