data/zism_data/00297_03_D.txt
ncols         224
nrows         224
[rows 56 to 83 of 224, columns 0 to 63 of 224]
1140.97 1137.565 1134.161 1130.737 1127.303 1123.869 1120.435 1117.195 1115.353 1113.511 1111.669 1109.827 1108.057 1106.334 1104.61 1102.887 1100.925 1096.435 1091.944 1087.454 1082.963 1078.018 1072.727 1067.436 1062.145 1056.893 1052.38 1047.866 1043.352 1038.838 1033.319 1026.918 1020.517 1014.115 1007.684 999.2308 990.7774 982.324 973.8707 965.9667 958.6199 951.2733 943.9265 936.5798 931.483 926.4359 921.3889 916.3417 911.7463 907.6802 903.6141 899.5479 895.4818 893.3472 891.3306 889.3139 887.2972 885.9329 885.4529 884.973 884.493 884.0131 883.9683 883.9683
1144.883 1141.69 1138.497 1135.306 1132.116 1128.926 1125.736 1122.691 1120.686 1118.682 1116.677 1114.672 1112.693 1110.731 1108.769 1106.807 1104.656 1100.502 1096.348 1092.194 1088.04 1083.28 1078.059 1072.839 1067.619 1062.428 1057.795 1053.161 1048.528 1043.895 1038.502 1032.443 1026.383 1020.324 1014.235 1006.189 998.1426 990.0962 982.0498 974.2807 966.7928 959.3051 951.8173 944.3295 938.7784 933.2701 927.7618 922.2535 917.2043 912.6933 908.1823 903.6712 899.1602 896.6727 894.3087 891.9448 889.5809 888.0281 887.5753 887.1225 886.6697 886.2169 886.1746 886.1746
1148.796 1145.815 1142.834 1139.875 1136.929 1133.984 1131.038 1128.187 1126.02 1123.852 1121.684 1119.517 1117.329 1115.128 1112.928 1110.727 1108.387 1104.569 1100.751 1096.934 1093.116 1088.541 1083.391 1078.242 1073.092 1067.962 1063.21 1058.457 1053.704 1048.952 1043.686 1037.968 1032.25 1026.532 1020.787 1013.147 1005.508 997.8683 990.2289 982.5947 974.9658 967.3369 959.708 952.0791 946.0738 940.1042 934.1348 928.1653 922.6624 917.7065 912.7505 907.7945 902.8386 899.9981 897.2869 894.5757 891.8644 890.1234 889.6977 889.272 888.8464 888.4207 888.3809 888.3809
1152.709 1149.94 1147.17 1144.444 1141.743 1139.041 1136.339 1133.683 1131.353 1129.022 1126.692 1124.361 1121.965 1119.526 1117.086 1114.647 1112.118 1108.636 1105.155 1101.674 1098.193 1093.803 1088.724 1083.645 1078.565 1073.496 1068.625 1063.753 1058.881 1054.009 1048.869 1043.493 1038.117 1032.741 1027.338 1020.106 1012.873 1005.641 998.408 990.9087 983.1387 975.3687 967.5988 959.8288 953.3691 946.9384 940.5078 934.077 928.1205 922.7196 917.3187 911.9178 906.5169 903.3236 900.2651 897.2066 894.1481 892.2186 891.8201 891.4216 891.023 890.6245 890.5872 890.5872
1157.004 1154.521 1152.038 1149.416 1146.716 1144.016 1141.316 1138.646 1136.192 1133.739 1131.285 1128.832 1126.224 1123.515 1120.806 1118.097 1115.321 1111.836 1108.352 1104.867 1101.383 1097.045 1092.058 1087.071 1082.085 1077.1 1072.153 1067.206 1062.258 1057.311 1052.156 1046.817 1041.479 1036.14 1030.781 1024.0 1017.218 1010.437 1003.655 996.4795 988.9037 981.3279 973.7521 966.1763 959.5847 953.0147 946.4448 939.8749 933.7664 928.1984 922.6305 917.0626 911.4946 908.0684 904.7729 901.4774 898.1819 896.0807 895.5991 895.1174 894.6357 894.154 893.8651 893.5959
1161.386 1159.207 1157.028 1154.481 1151.726 1148.972 1146.218 1143.486 1140.919 1138.351 1135.784 1133.216 1130.396 1127.41 1124.425 1121.439 1118.403 1114.837 1111.271 1107.705 1104.139 1099.821 1094.932 1090.043 1085.154 1080.259 1075.247 1070.235 1065.222 1060.21 1055.007 1049.636 1044.265 1038.894 1033.509 1027.189 1020.869 1014.548 1008.228 1001.419 994.1147 986.8102 979.5057 972.2013 965.5518 958.9167 952.2817 945.6467 939.4555 933.7845 928.1135 922.4424 916.7715 913.1398 909.6327 906.1255 902.6184 900.3494 899.7592 899.169 898.5788 897.9886 897.3895 896.7894
1165.768 1163.893 1162.018 1159.545 1156.736 1153.928 1151.119 1148.326 1145.645 1142.963 1140.282 1137.6 1134.568 1131.306 1128.043 1124.781 1121.485 1117.838 1114.19 1110.543 1106.896 1102.598 1097.807 1093.015 1088.224 1083.418 1078.341 1073.264 1068.186 1063.109 1057.858 1052.454 1047.051 1041.647 1036.237 1030.378 1024.519 1018.66 1012.801 1006.359 999.3256 992.2925 985.2593 978.2262 971.5189 964.8187 958.1186 951.4184 945.1447 939.3705 933.5964 927.8223 922.0482 918.2111 914.4924 910.7736 907.0549 904.618 903.9193 903.2206 902.5219 901.8231 900.9138 899.9827
1170.15 1168.579 1167.008 1164.609 1161.747 1158.884 1156.021 1153.166 1150.371 1147.575 1144.78 1141.985 1138.74 1135.201 1131.661 1128.122 1124.567 1120.838 1117.109 1113.38 1109.652 1105.375 1100.681 1095.987 1091.294 1086.578 1081.435 1076.292 1071.15 1066.007 1060.708 1055.272 1049.836 1044.4 1038.965 1033.567 1028.169 1022.771 1017.373 1011.298 1004.537 997.7748 991.0129 984.2511 977.4859 970.7206 963.9554 957.1901 950.8337 944.9565 939.0793 933.2021 927.3249 923.2825 919.3521 915.4218 911.4914 908.8867 908.0794 907.2722 906.4649 905.6577 904.4382 903.1761
1174.391 1173.099 1171.807 1169.476 1166.562 1163.648 1160.734 1157.821 1154.916 1152.012 1149.107 1146.202 1142.776 1139.009 1135.242 1131.474 1127.699 1123.831 1119.963 1116.095 1112.227 1107.882 1103.175 1098.468 1093.761 1089.028 1083.808 1078.588 1073.368 1068.148 1062.789 1057.306 1051.824 1046.342 1040.865 1035.798 1030.73 1025.663 1020.595 1014.82 1008.326 1001.832 995.3389 988.8453 982.1622 975.475 968.7877 962.1005 955.7744 949.8718 943.9691 938.0664 932.1638 928.0941 924.1363 920.1785 916.2208 913.5652 912.6753 911.7854 910.8955 910.0056 908.4521 906.8302
1178.266 1177.192 1176.117 1173.837 1170.879 1167.922 1164.964 1162.001 1158.999 1155.996 1152.994 1149.992 1146.465 1142.594 1138.724 1134.854 1130.959 1126.803 1122.648 1118.492 1114.337 1109.698 1104.693 1099.687 1094.681 1089.66 1084.331 1079.003 1073.674 1068.346 1062.892 1057.329 1051.765 1046.201 1040.644 1035.572 1030.499 1025.426 1020.353 1014.704 1008.471 1002.238 996.0044 989.7713 983.5292 977.2868 971.0445 964.8021 958.7961 953.0671 947.3381 941.609 935.88 932.2396 928.7268 925.2139 921.7011 919.2947 918.3885 917.4824 916.5762 915.67 913.7216 911.6656
1182.142 1181.285 1180.427 1178.197 1175.196 1172.195 1169.194 1166.181 1163.081 1159.981 1156.881 1153.781 1150.153 1146.18 1142.206 1138.233 1134.219 1129.776 1125.333 1120.89 1116.446 1111.514 1106.21 1100.906 1095.602 1090.292 1084.855 1079.418 1073.981 1068.544 1062.996 1057.351 1051.706 1046.061 1040.424 1035.345 1030.267 1025.189 1020.11 1014.588 1008.615 1002.643 996.6699 990.6973 984.8961 979.0986 973.3013 967.5038 961.8178 956.2625 950.707 945.1516 939.5962 936.3851 933.3173 930.2494 927.1815 925.0243 924.1019 923.1794 922.257 921.3345 918.991 916.5009
1186.018 1185.378 1184.737 1182.557 1179.513 1176.469 1173.424 1170.361 1167.164 1163.966 1160.768 1157.57 1153.842 1149.765 1145.688 1141.612 1137.479 1132.748 1128.018 1123.287 1118.556 1113.33 1107.728 1102.125 1096.523 1090.923 1085.378 1079.833 1074.287 1068.742 1063.1 1057.373 1051.647 1045.92 1040.203 1035.119 1030.035 1024.952 1019.868 1014.472 1008.76 1003.048 997.3354 991.6233 986.263 980.9105 975.558 970.2055 964.8395 959.4578 954.0759 948.6942 943.3124 940.5306 937.9078 935.2849 932.6619 930.7538 929.8151 928.8764 927.9377 926.9989 924.2604 921.3363
1189.894 1189.471 1189.047 1186.918 1183.83 1180.742 1177.655 1174.541 1171.246 1167.951 1164.655 1161.36 1157.53 1153.35 1149.171 1144.991 1140.739 1135.721 1130.703 1125.684 1120.666 1115.146 1109.245 1103.345 1097.444 1091.555 1085.901 1080.247 1074.594 1068.94 1063.204 1057.396 1051.588 1045.78 1039.982 1034.893 1029.804 1024.714 1019.625 1014.356 1008.904 1003.453 998.0009 992.5493 987.6299 982.7224 977.8148 972.9072 967.8612 962.6531 957.4449 952.2368 947.0286 944.6762 942.4982 940.3203 938.1423 936.4834 935.5284 934.5734 933.6183 932.6634 929.5298 926.1717
1192.162 1191.806 1191.449 1189.383 1186.358 1183.332 1180.306 1177.223 1173.724 1170.226 1166.727 1163.229 1159.271 1155.012 1150.754 1146.495 1142.16 1137.009 1131.857 1126.705 1121.554 1115.899 1109.862 1103.825 1097.789 1091.766 1086.016 1080.266 1074.515 1068.765 1062.906 1056.952 1050.997 1045.043 1039.099 1033.871 1028.642 1023.413 1018.185 1012.975 1007.783 1002.592 997.4008 992.2096 987.6955 983.1963 978.6971 974.198 969.6523 965.0522 960.452 955.8519 951.2518 949.1624 947.2264 945.2904 943.3544 941.7762 940.6831 939.59 938.4969 937.4039 934.1216 930.6135
1193.889 1193.548 1193.208 1191.211 1188.283 1185.355 1182.427 1179.4 1175.663 1171.925 1168.188 1164.451 1160.356 1156.027 1151.698 1147.369 1142.962 1137.729 1132.496 1127.263 1122.03 1116.294 1110.176 1104.058 1097.939 1091.835 1085.992 1080.15 1074.307 1068.465 1062.473 1056.351 1050.228 1044.106 1037.994 1032.58 1027.167 1021.754 1016.341 1011.167 1006.236 1001.306 996.3748 991.4441 987.3231 983.22 979.1169 975.0139 971.0292 967.1833 963.3373 959.4914 955.6454 953.7632 952.0008 950.2385 948.4761 946.9218 945.6497 944.3775 943.1054 941.8333 938.485 934.9227
1195.616 1195.291 1194.967 1193.038 1190.208 1187.378 1184.548 1181.577 1177.601 1173.625 1169.649 1165.673 1161.441 1157.041 1152.642 1148.242 1143.764 1138.45 1133.135 1127.821 1122.507 1116.689 1110.49 1104.29 1098.09 1091.904 1085.969 1080.034 1074.099 1068.165 1062.04 1055.75 1049.459 1043.168 1036.888 1031.29 1025.693 1020.095 1014.497 1009.36 1004.69 1000.019 995.3488 990.6785 986.9507 983.2437 979.5367 975.8298 972.4061 969.3143 966.2226 963.1309 960.0392 958.364 956.7752 955.1865 953.5978 952.0674 950.6163 949.165 947.7139 946.2626 942.8485 939.2319
1197.342 1197.034 1196.726 1194.866 1192.133 1189.401 1186.668 1183.754 1179.54 1175.325 1171.11 1166.895 1162.526 1158.056 1153.586 1149.116 1144.566 1139.17 1133.774 1128.379 1122.983 1117.084 1110.803 1104.522 1098.241 1091.973 1085.946 1079.919 1073.892 1067.865 1061.608 1055.149 1048.69 1042.231 1035.782 1030.0 1024.218 1018.436 1012.653 1007.552 1003.143 998.7327 994.3228 989.913 986.5784 983.2675 979.9566 976.6457 973.783 971.4454 969.1079 966.7704 964.4329 962.9647 961.5496 960.1345 958.7195 957.2131 955.5828 953.9526 952.3223 950.6921 947.212 943.5411
1198.718 1198.414 1198.109 1196.299 1193.643 1190.987 1188.331 1185.462 1181.06 1176.657 1172.255 1167.853 1163.377 1158.852 1154.326 1149.801 1145.195 1139.735 1134.276 1128.816 1123.357 1117.394 1111.049 1104.704 1098.359 1092.026 1085.919 1079.811 1073.704 1067.596 1061.196 1054.54 1047.884 1041.227 1034.582 1028.688 1022.794 1016.9 1011.006 1006.014 1001.937 997.8604 993.7835 989.7067 986.7725 983.8636 980.9547 978.0457 975.7013 974.0184 972.3356 970.6527 968.9698 967.6622 966.3774 965.0927 963.8079 962.2836 960.4345 958.5853 956.7362 954.8871 951.3459 947.6301
1198.821 1198.473 1198.125 1196.299 1193.643 1190.987 1188.331 1185.462 1181.06 1176.657 1172.255 1167.853 1163.377 1158.852 1154.326 1149.801 1145.195 1139.735 1134.276 1128.816 1123.357 1117.394 1111.049 1104.704 1098.359 1092.025 1085.879 1079.733 1073.588 1067.442 1060.863 1053.903 1046.943 1039.982 1033.04 1027.298 1021.555 1015.813 1010.071 1005.452 1001.972 998.4923 995.0124 991.5325 989.0253 986.5396 984.0539 981.5682 979.587 978.1972 976.8073 975.4175 974.0276 972.7112 971.3994 970.0875 968.7756 967.0814 964.8687 962.656 960.4434 958.2307 954.6456 950.919
1198.923 1198.532 1198.141 1196.299 1193.643 1190.987 1188.331 1185.462 1181.06 1176.657 1172.255 1167.853 1163.377 1158.852 1154.326 1149.801 1145.195 1139.735 1134.276 1128.816 1123.357 1117.394 1111.049 1104.704 1098.359 1092.023 1085.839 1079.655 1073.472 1067.288 1060.53 1053.265 1046.001 1038.737 1031.497 1025.907 1020.317 1014.727 1009.137 1004.89 1002.007 999.1243 996.2413 993.3583 991.2781 989.2156 987.1531 985.0906 983.4728 982.3759 981.2791 980.1822 979.0854 977.7603 976.4213 975.0822 973.7432 971.879 969.3029 966.7266 964.1505 961.5742 957.9453 954.2078
1199.026 1198.591 1198.156 1196.299 1193.643 1190.987 1188.331 1185.462 1181.06 1176.657 1172.255 1167.853 1163.377 1158.852 1154.326 1149.801 1145.195 1139.735 1134.276 1128.816 1123.357 1117.394 1111.049 1104.704 1098.359 1092.021 1085.799 1079.578 1073.356 1067.134 1060.196 1052.628 1045.06 1037.492 1029.955 1024.517 1019.079 1013.64 1008.202 1004.329 1002.042 999.7563 997.4702 995.1841 993.5309 991.8916 990.2524 988.6131 987.3585 986.5546 985.7508 984.947 984.1431 982.8093 981.4432 980.077 978.7109 976.6768 973.7371 970.7972 967.8575 964.9178 961.2451 957.4967
1199.128 1198.65 1198.172 1196.299 1193.643 1190.987 1188.331 1185.462 1181.06 1176.657 1172.255 1167.853 1163.377 1158.852 1154.326 1149.801 1145.195 1139.735 1134.276 1128.816 1123.357 1117.394 1111.049 1104.704 1098.359 1092.019 1085.759 1079.5 1073.24 1066.981 1059.863 1051.991 1044.119 1036.247 1028.413 1023.127 1017.84 1012.554 1007.268 1003.767 1002.078 1000.388 998.6992 997.0099 995.7837 994.5676 993.3516 992.1356 991.2443 990.7335 990.2226 989.7118 989.201 987.8585 986.4652 985.0719 983.6786 981.4746 978.1713 974.868 971.5647 968.2614 964.5448 960.7856
1198.916 1198.187 1197.458 1195.438 1192.693 1189.948 1187.203 1184.268 1179.974 1175.679 1171.385 1167.09 1162.679 1158.191 1153.702 1149.214 1144.647 1139.243 1133.839 1128.435 1123.031 1117.124 1110.835 1104.545 1098.256 1091.97 1085.731 1079.493 1073.255 1067.017 1059.97 1052.214 1044.457 1036.701 1028.985 1024.114 1019.243 1014.372 1009.501 1006.333 1004.892 1003.451 1002.01 1000.569 999.4647 998.3677 997.2709 996.174 995.3367 994.8036 994.2706 993.7376 993.2045 991.6639 990.0618 988.4597 986.8575 984.4293 980.8812 977.333 973.7849 970.2367 966.3932 962.5193
1198.559 1197.483 1196.406 1194.178 1191.303 1188.427 1185.552 1182.523 1178.385 1174.248 1170.111 1165.974 1161.657 1157.223 1152.789 1148.355 1143.845 1138.522 1133.2 1127.877 1122.555 1116.729 1110.521 1104.313 1098.105 1091.898 1085.709 1079.52 1073.33 1067.141 1060.282 1052.835 1045.387 1037.94 1030.538 1026.204 1021.87 1017.536 1013.202 1010.347 1008.993 1007.639 1006.285 1004.931 1003.807 1002.688 1001.57 1000.451 999.5248 998.8236 998.1224 997.4211 996.7199 994.8934 992.9983 991.1031 989.2079 986.5305 982.7925 979.0543 975.3163 971.5782 967.5695 963.5328
1198.202 1196.778 1195.354 1192.918 1189.912 1186.907 1183.901 1180.777 1176.797 1172.817 1168.837 1164.858 1160.636 1156.256 1151.877 1147.497 1143.043 1137.802 1132.561 1127.319 1122.078 1116.334 1110.208 1104.081 1097.955 1091.827 1085.687 1079.546 1073.406 1067.265 1060.594 1053.456 1046.318 1039.18 1032.09 1028.293 1024.496 1020.7 1016.903 1014.362 1013.094 1011.827 1010.56 1009.292 1008.149 1007.009 1005.869 1004.729 1003.713 1002.844 1001.974 1001.105 1000.235 998.1229 995.9348 993.7465 991.5583 988.6317 984.7037 980.7757 976.8478 972.9198 968.7457 964.5463
1197.845 1196.073 1194.302 1191.658 1188.522 1185.386 1182.251 1179.031 1175.208 1171.386 1167.564 1163.741 1159.615 1155.289 1150.964 1146.638 1142.241 1137.081 1131.921 1126.762 1121.602 1115.939 1109.894 1103.849 1097.804 1091.756 1085.665 1079.573 1073.481 1067.39 1060.906 1054.077 1047.248 1040.419 1033.642 1030.382 1027.123 1023.863 1020.604 1018.376 1017.196 1016.015 1014.835 1013.654 1012.492 1011.33 1010.168 1009.006 1007.901 1006.863 1005.826 1004.788 1003.751 1001.352 998.8712 996.39 993.9088 990.7328 986.615 982.4971 978.3792 974.2614 969.9219 965.5597
1197.674 1195.541 1193.408 1190.551 1187.289 1184.026 1180.764 1177.446 1173.73 1170.014 1166.298 1162.582 1158.519 1154.23 1149.941 1145.652 1141.294 1136.216 1131.138 1126.059 1120.981 1115.416 1109.482 1103.548 1097.614 1091.676 1085.667 1079.657 1073.648 1067.639 1061.378 1054.896 1048.415 1041.933 1035.505 1032.753 1030.001 1027.249 1024.497 1022.557 1021.442 1020.326 1019.21 1018.094 1016.866 1015.636 1014.405 1013.175 1011.942 1010.705 1009.468 1008.231 1006.994 1004.304 1001.526 998.7473 995.9689 992.5428 988.2383 983.9338 979.6293 975.3248 970.8077 966.2688
1198.552 1195.974 1193.396 1190.31 1186.939 1183.568 1180.197 1176.762 1172.867 1168.972 1165.077 1161.182 1157.009 1152.655 1148.301 1143.946 1139.536 1134.539 1129.542 1124.546 1119.548 1114.176 1108.519 1102.861 1097.204 1091.542 1085.804 1080.067 1074.329 1068.591 1062.754 1056.832 1050.909 1044.986 1039.113 1036.703 1034.293 1031.883 1029.473 1027.676 1026.5 1025.325 1024.149 1022.974 1021.421 1019.859 1018.298 1016.737 1015.152 1013.541 1011.929 1010.318 1008.707 1005.694 1002.595 999.4968 996.3984 992.7166 988.2439 983.7711 979.2985 974.8257 970.0618 965.2678
