data/zism_data/00295_01_D.txt
ncols         224
nrows         224
[rows 0 to 27 of 224, columns 0 to 62 of 224]
1838.161 1826.79 1815.419 1806.431 1798.782 1791.133 1783.484 1776.053 1770.182 1764.312 1758.442 1752.571 1748.316 1745.118 1741.921 1738.723 1735.75 1735.147 1734.545 1733.942 1733.34 1736.499 1742.514 1748.529 1754.545 1760.276 1760.644 1761.013 1761.382 1761.75 1761.498 1760.7 1759.903 1759.105 1758.359 1761.179 1763.999 1766.819 1769.639 1774.552 1781.587 1788.622 1795.657 1802.692 1799.736 1796.56 1793.384 1790.208 1782.282 1768.79 1755.298 1741.806 1728.314 1726.34 1725.071 1723.801 1722.531 1721.814 1721.846 1721.878 1721.911 1721.943 1715.94
1845.662 1834.237 1822.812 1812.985 1804.055 1795.125 1786.195 1777.478 1770.283 1763.089 1755.895 1748.7 1743.389 1739.31 1735.232 1731.153 1727.32 1726.085 1724.851 1723.616 1722.381 1724.736 1729.816 1734.896 1739.977 1744.776 1744.281 1743.785 1743.288 1742.792 1742.294 1741.794 1741.293 1740.793 1740.371 1745.315 1750.259 1755.202 1760.146 1766.589 1774.554 1782.519 1790.483 1798.448 1796.591 1794.517 1792.444 1790.37 1782.865 1768.995 1755.124 1741.254 1727.383 1723.432 1720.087 1716.742 1713.397 1711.474 1711.48 1711.485 1711.49 1711.495 1706.543
1853.163 1841.684 1830.205 1819.538 1809.328 1799.117 1788.906 1778.903 1770.384 1761.866 1753.348 1744.829 1738.462 1733.502 1728.543 1723.583 1718.891 1717.024 1715.157 1713.29 1711.423 1712.973 1717.119 1721.264 1725.41 1729.278 1727.917 1726.557 1725.196 1723.835 1723.091 1722.888 1722.684 1722.481 1722.383 1729.45 1736.518 1743.586 1750.653 1758.628 1767.522 1776.416 1785.31 1794.204 1793.446 1792.475 1791.504 1790.533 1783.448 1769.199 1754.95 1740.702 1726.453 1720.525 1715.104 1709.684 1704.264 1701.135 1701.114 1701.092 1701.07 1701.048 1697.146
1860.665 1849.132 1837.599 1826.092 1814.6 1803.109 1791.617 1780.328 1770.485 1760.643 1750.801 1740.958 1733.534 1727.694 1721.854 1716.013 1710.462 1707.962 1705.463 1702.963 1700.464 1701.21 1704.421 1707.631 1710.842 1713.779 1711.553 1709.328 1707.103 1704.877 1703.887 1703.981 1704.075 1704.169 1704.394 1713.586 1722.777 1731.969 1741.16 1750.665 1760.489 1770.312 1780.136 1789.96 1790.3 1790.432 1790.563 1790.695 1784.031 1769.404 1754.777 1740.149 1725.522 1717.616 1710.121 1702.626 1695.13 1690.796 1690.747 1690.698 1690.649 1690.601 1687.75
1853.741 1843.464 1833.187 1822.076 1810.497 1798.917 1787.338 1775.935 1765.797 1755.658 1745.52 1735.381 1728.038 1722.526 1717.014 1711.502 1706.225 1703.439 1700.654 1697.869 1695.083 1695.071 1697.166 1699.26 1701.355 1703.227 1700.91 1698.592 1696.274 1693.956 1693.24 1693.929 1694.619 1695.308 1696.12 1705.311 1714.501 1723.691 1732.881 1742.332 1752.047 1761.761 1771.476 1781.19 1782.201 1783.019 1783.838 1784.656 1778.91 1765.47 1752.031 1738.591 1725.151 1716.186 1707.495 1698.803 1690.111 1684.005 1681.405 1678.804 1676.204 1673.603 1670.177
1846.605 1837.603 1828.602 1817.905 1806.255 1794.605 1782.956 1771.457 1761.037 1750.618 1740.198 1729.779 1722.534 1717.368 1712.201 1707.035 1702.05 1698.984 1695.917 1692.85 1689.784 1689.015 1689.991 1690.967 1691.943 1692.749 1690.35 1687.951 1685.552 1683.154 1682.718 1684.008 1685.297 1686.587 1687.989 1697.147 1706.305 1715.463 1724.621 1733.993 1743.583 1753.174 1762.764 1772.354 1774.028 1775.528 1777.027 1778.527 1773.705 1761.476 1749.247 1737.018 1724.789 1714.778 1704.903 1695.028 1685.153 1677.266 1672.077 1666.888 1661.699 1656.51 1652.483
1839.469 1831.742 1824.016 1813.733 1802.013 1790.293 1778.574 1766.978 1756.278 1745.578 1734.877 1724.177 1717.03 1712.209 1707.389 1702.568 1697.875 1694.527 1691.18 1687.832 1684.484 1682.958 1682.816 1682.673 1682.53 1682.27 1679.79 1677.31 1674.83 1672.35 1672.197 1674.086 1675.975 1677.865 1679.858 1688.983 1698.109 1707.234 1716.36 1725.654 1735.12 1744.586 1754.052 1763.518 1765.856 1768.036 1770.217 1772.397 1768.5 1757.482 1746.463 1735.444 1724.426 1713.37 1702.311 1691.252 1680.194 1670.528 1662.75 1654.972 1647.194 1639.416 1634.79
1832.333 1825.882 1819.431 1809.562 1797.771 1785.982 1774.191 1762.5 1751.519 1740.537 1729.556 1718.574 1711.525 1707.051 1702.576 1698.101 1693.7 1690.071 1686.443 1682.814 1679.185 1676.902 1675.641 1674.38 1673.118 1671.791 1669.23 1666.669 1664.108 1661.547 1661.675 1664.164 1666.654 1669.143 1671.727 1680.82 1689.913 1699.006 1708.099 1717.315 1726.657 1735.999 1745.34 1754.682 1757.683 1760.545 1763.406 1766.268 1763.296 1753.488 1743.679 1733.871 1724.063 1711.961 1699.719 1687.477 1675.235 1663.789 1653.422 1643.056 1632.689 1622.323 1617.097
1823.797 1818.135 1812.473 1802.994 1791.371 1779.748 1768.125 1756.643 1746.173 1735.702 1725.231 1714.761 1708.168 1704.115 1700.061 1696.008 1691.959 1687.97 1683.98 1679.991 1676.001 1672.913 1670.51 1668.106 1665.703 1663.276 1660.425 1657.574 1654.723 1651.872 1651.878 1654.394 1656.909 1659.425 1662.031 1670.795 1679.56 1688.324 1697.089 1706.071 1715.275 1724.478 1733.681 1742.884 1746.349 1749.687 1753.025 1756.363 1754.144 1745.412 1736.681 1727.949 1719.218 1706.786 1694.129 1681.472 1668.815 1656.339 1644.11 1631.88 1619.651 1607.422 1601.396
1813.441 1807.936 1802.431 1793.313 1782.165 1771.018 1759.871 1748.995 1740.064 1731.133 1722.203 1713.272 1707.603 1704.068 1700.533 1696.998 1693.384 1688.93 1684.476 1680.021 1675.567 1671.612 1668.036 1664.459 1660.883 1657.315 1653.902 1650.489 1647.076 1643.662 1643.023 1644.82 1646.617 1648.414 1650.301 1658.352 1666.403 1674.455 1682.506 1691.051 1700.098 1709.144 1718.191 1727.237 1730.905 1734.453 1738.002 1741.551 1739.861 1732.032 1724.203 1716.374 1708.545 1696.716 1684.642 1672.568 1660.495 1647.965 1634.817 1621.669 1608.521 1595.373 1588.286
1803.085 1797.736 1792.388 1783.631 1772.959 1762.288 1751.616 1741.345 1733.955 1726.565 1719.174 1711.784 1707.037 1704.021 1701.005 1697.989 1694.809 1689.89 1684.971 1680.052 1675.133 1670.31 1665.561 1660.813 1656.064 1651.354 1647.379 1643.403 1639.428 1635.453 1634.168 1635.246 1636.324 1637.403 1638.571 1645.909 1653.247 1660.584 1667.922 1676.03 1684.92 1693.81 1702.7 1711.589 1715.46 1719.219 1722.979 1726.739 1725.578 1718.651 1711.725 1704.798 1697.872 1686.645 1675.155 1663.665 1652.175 1639.591 1625.524 1611.457 1597.391 1583.324 1575.176
1792.729 1787.537 1782.346 1773.95 1763.753 1753.557 1743.361 1733.696 1727.846 1721.996 1716.146 1710.296 1706.472 1703.975 1701.478 1698.98 1696.234 1690.85 1685.466 1680.082 1674.698 1669.009 1663.087 1657.166 1651.244 1645.392 1640.855 1636.318 1631.781 1627.243 1625.313 1625.673 1626.032 1626.391 1626.841 1633.466 1640.09 1646.715 1653.339 1661.01 1669.743 1678.476 1687.209 1695.943 1700.016 1703.986 1707.956 1711.927 1711.295 1705.271 1699.247 1693.223 1687.199 1676.574 1665.667 1654.761 1643.855 1631.217 1616.232 1601.246 1586.26 1571.275 1562.067
1782.373 1777.338 1772.303 1764.268 1754.547 1744.827 1735.106 1726.047 1721.737 1717.427 1713.117 1708.807 1705.906 1703.928 1701.95 1699.971 1697.659 1691.81 1685.961 1680.113 1674.264 1667.707 1660.613 1653.519 1646.425 1639.431 1634.332 1629.232 1624.133 1619.034 1616.458 1616.099 1615.739 1615.38 1615.111 1621.022 1626.933 1632.844 1638.755 1645.99 1654.566 1663.142 1671.719 1680.295 1684.571 1688.752 1692.933 1697.114 1697.012 1691.891 1686.769 1681.648 1676.526 1666.503 1656.18 1645.857 1635.535 1622.843 1606.939 1591.034 1575.13 1559.226 1548.957
1786.756 1781.806 1776.856 1769.343 1760.389 1751.436 1742.482 1734.057 1729.419 1724.781 1720.143 1715.505 1712.124 1709.565 1707.007 1704.449 1701.604 1695.735 1689.866 1683.997 1678.128 1671.773 1665.049 1658.325 1651.602 1644.961 1639.882 1634.804 1629.725 1624.647 1621.131 1618.988 1616.844 1614.7 1612.652 1617.099 1621.547 1625.995 1630.443 1636.381 1643.831 1651.28 1658.73 1666.18 1669.969 1673.678 1677.387 1681.095 1680.958 1676.314 1671.67 1667.025 1662.381 1652.102 1641.479 1630.856 1620.234 1607.835 1593.028 1578.221 1563.414 1548.608 1539.584
1793.072 1788.198 1783.324 1776.353 1768.205 1760.056 1751.908 1744.119 1738.908 1733.698 1728.487 1723.276 1719.231 1715.948 1712.666 1709.383 1705.88 1700.049 1694.218 1688.386 1682.555 1676.542 1670.391 1664.24 1658.089 1651.997 1647.016 1642.035 1637.054 1632.073 1627.578 1623.511 1619.443 1615.376 1611.408 1614.294 1617.18 1620.066 1622.952 1627.481 1633.677 1639.874 1646.07 1652.266 1655.478 1658.625 1661.771 1664.918 1664.672 1660.449 1656.226 1652.003 1647.781 1637.134 1626.095 1615.056 1604.017 1591.957 1578.512 1565.067 1551.622 1538.177 1530.702
1799.388 1794.59 1789.791 1783.363 1776.02 1768.677 1761.334 1754.182 1748.398 1742.615 1736.831 1731.047 1726.338 1722.331 1718.324 1714.318 1710.157 1704.363 1698.57 1692.776 1686.983 1681.312 1675.734 1670.155 1664.577 1659.034 1654.15 1649.266 1644.383 1639.499 1634.025 1628.034 1622.042 1616.051 1610.165 1611.489 1612.813 1614.137 1615.462 1618.582 1623.524 1628.466 1633.409 1638.351 1640.987 1643.571 1646.156 1648.74 1648.385 1644.583 1640.782 1636.981 1633.18 1622.165 1610.71 1599.255 1587.8 1576.078 1563.995 1551.912 1539.829 1527.746 1521.819
1805.704 1800.981 1796.258 1790.373 1783.835 1777.298 1770.76 1764.244 1757.888 1751.531 1745.175 1738.818 1733.444 1728.714 1723.983 1719.252 1714.433 1708.677 1702.921 1697.166 1691.41 1686.081 1681.076 1676.07 1671.065 1666.071 1661.284 1656.498 1651.711 1646.925 1640.472 1632.557 1624.641 1616.726 1608.921 1608.684 1608.446 1608.209 1607.971 1609.683 1613.371 1617.06 1620.748 1624.437 1626.495 1628.518 1630.541 1632.563 1632.098 1628.719 1625.339 1621.959 1618.579 1607.197 1595.326 1583.454 1571.583 1560.2 1549.479 1538.758 1528.037 1517.316 1512.936
1811.827 1807.124 1802.421 1796.88 1790.87 1784.86 1778.85 1772.7 1765.542 1758.384 1751.226 1744.068 1738.019 1732.698 1727.376 1722.054 1716.726 1711.331 1705.936 1700.54 1695.145 1690.425 1686.218 1682.01 1677.803 1673.565 1668.755 1663.946 1659.136 1654.326 1647.108 1637.774 1628.441 1619.108 1609.885 1608.225 1606.564 1604.904 1603.243 1603.712 1606.341 1608.971 1611.6 1614.229 1615.72 1617.186 1618.652 1620.118 1619.422 1616.194 1612.966 1609.737 1606.509 1594.841 1582.658 1570.476 1558.293 1547.292 1537.893 1528.494 1519.095 1509.697 1506.557
1817.562 1812.766 1807.972 1802.381 1796.344 1790.307 1784.27 1777.942 1769.525 1761.107 1752.69 1744.273 1737.531 1731.885 1726.239 1720.593 1715.055 1710.665 1706.275 1701.885 1697.495 1693.918 1690.959 1688.0 1685.041 1681.976 1676.901 1671.826 1666.751 1661.677 1654.119 1644.38 1634.642 1624.903 1615.265 1612.458 1609.652 1606.846 1604.04 1603.599 1605.558 1607.518 1609.477 1611.436 1612.379 1613.299 1614.219 1615.139 1613.969 1610.352 1606.734 1603.117 1599.499 1587.713 1575.427 1563.142 1550.856 1540.323 1532.168 1524.012 1515.856 1507.7 1505.187
1823.297 1818.41 1813.523 1807.882 1801.818 1795.754 1789.69 1783.184 1773.507 1763.831 1754.155 1744.478 1737.042 1731.071 1725.101 1719.131 1713.384 1709.999 1706.614 1703.229 1699.844 1697.411 1695.701 1693.99 1692.28 1690.386 1685.047 1679.707 1674.368 1669.028 1661.131 1650.987 1640.843 1630.699 1620.644 1616.692 1612.74 1608.788 1604.836 1603.486 1604.775 1606.064 1607.354 1608.643 1609.037 1609.411 1609.785 1610.159 1608.516 1604.51 1600.503 1596.496 1592.49 1580.584 1568.196 1555.807 1543.419 1533.355 1526.442 1519.529 1512.617 1505.704 1503.816
1829.031 1824.052 1819.074 1813.383 1807.292 1801.2 1795.109 1788.426 1777.49 1766.555 1755.619 1744.683 1736.553 1730.258 1723.964 1717.669 1711.713 1709.333 1706.953 1704.574 1702.194 1700.904 1700.442 1699.98 1699.518 1698.797 1693.192 1687.588 1681.983 1676.379 1668.142 1657.593 1647.044 1636.494 1626.023 1620.926 1615.828 1610.731 1605.633 1603.373 1603.992 1604.611 1605.23 1605.849 1605.695 1605.523 1605.351 1605.18 1603.063 1598.667 1594.272 1589.876 1585.48 1573.455 1560.964 1548.473 1535.982 1526.387 1520.717 1515.047 1509.378 1503.708 1502.446
1834.766 1829.696 1824.625 1818.884 1812.765 1806.647 1800.529 1793.668 1781.473 1769.278 1757.083 1744.889 1736.064 1729.445 1722.826 1716.208 1710.042 1708.667 1707.293 1705.918 1704.544 1704.398 1705.184 1705.97 1706.756 1707.207 1701.338 1695.469 1689.599 1683.73 1675.154 1664.199 1653.245 1642.29 1631.403 1625.16 1618.916 1612.673 1606.43 1603.26 1603.209 1603.158 1603.107 1603.056 1602.353 1601.635 1600.918 1600.2 1597.61 1592.825 1588.04 1583.255 1578.471 1566.326 1553.733 1541.139 1528.545 1519.418 1514.992 1510.565 1506.138 1501.712 1501.075
1833.488 1828.423 1823.358 1817.322 1810.741 1804.16 1797.579 1790.285 1777.867 1765.449 1753.032 1740.614 1732.407 1726.957 1721.507 1716.057 1711.125 1711.678 1712.231 1712.784 1713.336 1714.462 1716.023 1717.584 1719.145 1720.307 1713.953 1707.599 1701.245 1694.891 1685.944 1674.719 1663.495 1652.27 1641.108 1634.235 1627.362 1620.489 1613.616 1610.15 1610.139 1610.129 1610.118 1610.107 1609.057 1607.984 1606.911 1605.838 1602.614 1596.869 1591.124 1585.379 1579.634 1567.605 1555.192 1542.779 1530.366 1521.567 1517.669 1513.77 1509.872 1505.973 1505.815
1830.262 1825.229 1820.196 1813.799 1806.634 1799.47 1792.305 1784.506 1772.153 1759.8 1747.448 1735.095 1727.87 1724.004 1720.137 1716.27 1712.974 1715.71 1718.446 1721.182 1723.918 1726.352 1728.556 1730.76 1732.964 1734.709 1727.809 1720.909 1714.01 1707.11 1697.784 1686.327 1674.87 1663.413 1652.015 1644.656 1637.296 1629.937 1622.578 1618.984 1619.211 1619.438 1619.666 1619.893 1618.552 1617.176 1615.8 1614.424 1610.522 1603.658 1596.795 1589.932 1583.068 1571.219 1559.065 1546.912 1534.758 1526.248 1522.68 1519.111 1515.542 1511.973 1512.253
1827.036 1822.035 1817.035 1810.275 1802.527 1794.779 1787.031 1778.727 1766.439 1754.151 1741.863 1729.575 1723.333 1721.05 1718.767 1716.484 1714.822 1719.742 1724.661 1729.581 1734.501 1738.242 1741.089 1743.936 1746.783 1749.111 1741.666 1734.22 1726.775 1719.329 1709.624 1697.935 1686.245 1674.556 1662.922 1655.076 1647.231 1639.385 1631.539 1627.819 1628.284 1628.749 1629.214 1629.679 1628.047 1626.368 1624.69 1623.011 1618.43 1610.448 1602.466 1594.484 1586.502 1574.833 1562.939 1551.044 1539.15 1530.93 1527.691 1524.451 1521.212 1517.973 1518.69
1823.81 1818.842 1813.874 1806.752 1798.42 1790.088 1781.756 1772.948 1760.725 1748.502 1736.279 1724.056 1718.797 1718.097 1717.397 1716.697 1716.671 1723.774 1730.877 1737.98 1745.083 1750.132 1753.622 1757.112 1760.602 1763.514 1755.522 1747.531 1739.54 1731.548 1721.464 1709.542 1697.621 1685.699 1673.829 1665.497 1657.165 1648.833 1640.501 1636.653 1637.356 1638.059 1638.761 1639.464 1637.541 1635.56 1633.579 1631.598 1626.339 1617.238 1608.137 1599.036 1589.936 1578.447 1566.812 1555.177 1543.542 1535.611 1532.701 1529.792 1526.882 1523.973 1525.127
1820.896 1816.003 1811.11 1803.836 1795.224 1786.611 1777.999 1768.99 1757.137 1745.283 1733.429 1721.576 1717.377 1718.19 1719.004 1719.817 1721.319 1730.105 1738.891 1747.678 1756.464 1762.348 1766.029 1769.71 1773.39 1776.453 1767.875 1759.296 1750.718 1742.139 1731.665 1719.526 1707.387 1695.248 1683.162 1674.738 1666.315 1657.891 1649.467 1645.666 1646.554 1647.442 1648.329 1649.217 1646.813 1644.336 1641.86 1639.383 1633.368 1623.206 1613.044 1602.882 1592.721 1581.708 1570.643 1559.579 1548.514 1541.136 1538.758 1536.38 1534.002 1531.624 1533.414
1819.019 1814.342 1809.665 1802.932 1795.044 1787.156 1779.268 1771.063 1760.588 1750.112 1739.636 1729.161 1726.281 1728.375 1730.469 1732.564 1735.238 1744.051 1752.865 1761.678 1770.491 1775.644 1778.017 1780.39 1782.762 1784.547 1775.245 1765.942 1756.639 1747.337 1736.435 1724.128 1711.821 1699.515 1687.281 1680.074 1672.866 1665.658 1658.45 1655.267 1656.165 1657.064 1657.963 1658.861 1655.347 1651.735 1648.124 1644.512 1637.484 1626.452 1615.42 1604.389 1593.357 1583.802 1574.336 1564.871 1555.406 1549.459 1548.28 1547.102 1545.924 1544.745 1547.828
