data/zism_data/00299_03_D.txt
ncols         224
nrows         224
[rows 56 to 83 of 224, columns 0 to 63 of 224]
1660.682 1658.669 1656.656 1654.987 1653.511 1652.036 1650.56 1649.162 1648.315 1647.468 1646.622 1645.775 1644.496 1642.935 1641.373 1639.811 1638.255 1636.759 1635.262 1633.766 1632.269 1631.249 1630.59 1629.932 1629.273 1628.604 1627.732 1626.861 1625.989 1625.118 1623.721 1621.862 1620.004 1618.145 1616.29 1614.643 1612.997 1611.351 1609.705 1607.952 1606.091 1604.231 1602.37 1600.51 1598.883 1597.262 1595.64 1594.019 1592.277 1590.396 1588.515 1586.633 1584.752 1583.034 1581.327 1579.619 1577.911 1576.175 1574.398 1572.622 1570.846 1569.07 1568.173 1567.366
1663.663 1661.746 1659.829 1658.197 1656.725 1655.254 1653.783 1652.389 1651.554 1650.719 1649.883 1649.048 1647.792 1646.261 1644.73 1643.199 1641.678 1640.276 1638.873 1637.47 1636.067 1635.168 1634.651 1634.135 1633.618 1633.076 1632.064 1631.052 1630.04 1629.028 1627.52 1625.576 1623.632 1621.688 1619.744 1617.846 1615.948 1614.05 1612.152 1610.17 1608.104 1606.037 1603.97 1601.904 1600.17 1598.444 1596.718 1594.991 1593.141 1591.145 1589.148 1587.152 1585.156 1583.368 1581.593 1579.817 1578.042 1576.202 1574.276 1572.35 1570.424 1568.499 1567.307 1566.192
1668.375 1666.495 1664.616 1663.088 1661.757 1660.427 1659.097 1657.831 1657.028 1656.225 1655.423 1654.62 1653.243 1651.489 1649.735 1647.982 1646.255 1644.815 1643.374 1641.933 1640.492 1639.573 1639.051 1638.529 1638.007 1637.454 1636.318 1635.181 1634.044 1632.908 1631.315 1629.322 1627.329 1625.336 1623.342 1621.292 1619.243 1617.193 1615.143 1613.074 1610.986 1608.898 1606.809 1604.721 1602.823 1600.928 1599.034 1597.139 1595.133 1592.996 1590.859 1588.722 1586.585 1584.635 1582.697 1580.759 1578.821 1576.775 1574.584 1572.392 1570.201 1568.009 1566.528 1565.12
1673.086 1671.244 1669.403 1667.979 1666.789 1665.6 1664.41 1663.272 1662.502 1661.732 1660.962 1660.192 1658.693 1656.717 1654.741 1652.765 1650.832 1649.354 1647.875 1646.396 1644.917 1643.979 1643.452 1642.924 1642.397 1641.833 1640.571 1639.31 1638.048 1636.787 1635.11 1633.068 1631.027 1628.985 1626.941 1624.739 1622.537 1620.336 1618.134 1615.978 1613.868 1611.758 1609.648 1607.538 1605.475 1603.412 1601.35 1599.287 1597.126 1594.848 1592.57 1590.292 1588.014 1585.903 1583.802 1581.701 1579.6 1577.348 1574.891 1572.434 1569.977 1567.519 1565.748 1564.047
1677.797 1675.994 1674.19 1672.87 1671.821 1670.773 1669.724 1668.714 1667.976 1667.239 1666.501 1665.763 1664.143 1661.945 1659.747 1657.549 1655.409 1653.893 1652.376 1650.859 1649.343 1648.385 1647.852 1647.319 1646.786 1646.211 1644.825 1643.438 1642.052 1640.666 1638.905 1636.815 1634.724 1632.633 1630.539 1628.186 1625.832 1623.479 1621.125 1618.882 1616.75 1614.619 1612.487 1610.356 1608.127 1605.897 1603.666 1601.436 1599.118 1596.699 1594.28 1591.861 1589.443 1587.17 1584.907 1582.643 1580.38 1577.921 1575.198 1572.476 1569.753 1567.03 1564.968 1562.975
1682.508 1680.743 1678.977 1677.761 1676.853 1675.946 1675.038 1674.155 1673.45 1672.745 1672.04 1671.335 1669.593 1667.173 1664.752 1662.332 1659.986 1658.432 1656.877 1655.322 1653.768 1652.791 1652.252 1651.714 1651.176 1650.589 1649.078 1647.567 1646.056 1644.546 1642.7 1640.561 1638.421 1636.282 1634.137 1631.632 1629.127 1626.622 1624.117 1621.786 1619.633 1617.479 1615.326 1613.173 1610.78 1608.381 1605.982 1603.584 1601.111 1598.551 1595.991 1593.431 1590.871 1588.438 1586.011 1583.585 1581.159 1578.494 1575.506 1572.517 1569.529 1566.54 1564.189 1561.902
1686.732 1685.047 1683.363 1682.249 1681.455 1680.662 1679.869 1679.095 1678.465 1677.836 1677.206 1676.576 1674.875 1672.473 1670.071 1667.668 1665.325 1663.601 1661.878 1660.154 1658.431 1657.299 1656.616 1655.933 1655.251 1654.52 1652.885 1651.249 1649.614 1647.978 1646.059 1643.889 1641.72 1639.55 1637.375 1634.809 1632.243 1629.677 1627.11 1624.737 1622.559 1620.382 1618.204 1616.026 1613.468 1610.901 1608.335 1605.768 1603.134 1600.419 1597.705 1594.991 1592.277 1589.666 1587.061 1584.456 1581.851 1578.963 1575.69 1572.417 1569.144 1565.872 1563.344 1560.893
1690.455 1688.895 1687.335 1686.321 1685.615 1684.908 1684.202 1683.519 1683.008 1682.498 1681.987 1681.477 1679.984 1677.847 1675.71 1673.574 1671.446 1669.419 1667.392 1665.365 1663.338 1661.912 1660.942 1659.972 1659.002 1657.992 1656.232 1654.472 1652.712 1650.952 1648.968 1646.787 1644.607 1642.427 1640.241 1637.708 1635.174 1632.64 1630.107 1627.736 1625.532 1623.327 1621.122 1618.917 1616.194 1613.459 1610.725 1607.99 1605.187 1602.305 1599.423 1596.54 1593.658 1590.853 1588.053 1585.253 1582.453 1579.324 1575.748 1572.171 1568.595 1565.018 1562.433 1559.949
1694.178 1692.743 1691.307 1690.394 1689.774 1689.154 1688.534 1687.943 1687.551 1687.16 1686.769 1686.377 1685.092 1683.221 1681.35 1679.479 1677.568 1675.238 1672.907 1670.576 1668.246 1666.525 1665.268 1664.01 1662.753 1661.464 1659.579 1657.695 1655.81 1653.925 1651.877 1649.686 1647.495 1645.303 1643.108 1640.607 1638.105 1635.604 1633.103 1630.736 1628.504 1626.272 1624.04 1621.808 1618.92 1616.017 1613.114 1610.212 1607.241 1604.191 1601.14 1598.09 1595.04 1592.041 1589.046 1586.051 1583.056 1579.685 1575.805 1571.925 1568.045 1564.165 1561.521 1559.006
1697.901 1696.59 1695.28 1694.467 1693.934 1693.401 1692.867 1692.366 1692.094 1691.822 1691.55 1691.278 1690.2 1688.595 1686.99 1685.384 1683.69 1681.056 1678.422 1675.787 1673.153 1671.138 1669.594 1668.049 1666.504 1664.936 1662.927 1660.917 1658.907 1656.898 1654.786 1652.584 1650.382 1648.18 1645.974 1643.505 1641.037 1638.568 1636.1 1633.735 1631.476 1629.217 1626.958 1624.699 1621.646 1618.575 1615.504 1612.433 1609.294 1606.076 1602.858 1599.639 1596.421 1593.229 1590.039 1586.848 1583.658 1580.046 1575.862 1571.679 1567.495 1563.311 1560.61 1558.062
1701.624 1700.438 1699.252 1698.539 1698.093 1697.646 1697.2 1696.79 1696.637 1696.484 1696.331 1696.179 1695.309 1693.969 1692.629 1691.29 1689.812 1686.874 1683.936 1680.998 1678.06 1675.751 1673.919 1672.087 1670.255 1668.408 1666.274 1664.14 1662.005 1659.871 1657.695 1655.482 1653.269 1651.056 1648.84 1646.404 1643.968 1641.532 1639.096 1636.734 1634.448 1632.162 1629.876 1627.59 1624.372 1621.133 1617.894 1614.655 1611.348 1607.962 1604.575 1601.189 1597.802 1594.417 1591.031 1587.646 1584.26 1580.407 1575.92 1571.432 1566.945 1562.458 1559.699 1557.118
1703.548 1702.316 1701.083 1700.313 1699.803 1699.293 1698.783 1698.31 1698.106 1697.901 1697.697 1697.492 1696.674 1695.455 1694.236 1693.017 1691.65 1688.725 1685.8 1682.875 1679.95 1677.497 1675.404 1673.31 1671.217 1669.12 1666.944 1664.768 1662.592 1660.416 1658.231 1656.038 1653.846 1651.653 1649.458 1647.064 1644.671 1642.278 1639.885 1637.439 1634.939 1632.439 1629.939 1627.439 1624.209 1620.963 1617.717 1614.47 1611.168 1607.8 1604.432 1601.065 1597.697 1594.319 1590.941 1587.562 1584.184 1580.364 1575.947 1571.529 1567.112 1562.694 1559.922 1557.319
1705.391 1704.104 1702.817 1701.983 1701.402 1700.822 1700.241 1699.699 1699.435 1699.171 1698.907 1698.642 1697.87 1696.765 1695.659 1694.554 1693.294 1690.396 1687.498 1684.599 1681.701 1679.113 1676.759 1674.406 1672.052 1669.706 1667.492 1665.278 1663.064 1660.85 1658.659 1656.488 1654.317 1652.146 1649.973 1647.623 1645.273 1642.923 1640.573 1638.039 1635.317 1632.594 1629.872 1627.15 1623.915 1620.669 1617.423 1614.176 1610.887 1607.546 1604.205 1600.865 1597.524 1594.163 1590.801 1587.438 1584.076 1580.303 1575.972 1571.641 1567.311 1562.98 1560.196 1557.571
1707.233 1705.892 1704.551 1703.652 1703.001 1702.35 1701.699 1701.088 1700.764 1700.44 1700.117 1699.793 1699.065 1698.074 1697.082 1696.091 1694.937 1692.066 1689.195 1686.324 1683.453 1680.729 1678.115 1675.501 1672.887 1670.292 1668.04 1665.788 1663.536 1661.284 1659.087 1656.937 1654.788 1652.639 1650.488 1648.181 1645.875 1643.568 1641.262 1638.639 1635.694 1632.75 1629.805 1626.861 1623.621 1620.375 1617.129 1613.882 1610.605 1607.292 1603.978 1600.664 1597.351 1594.007 1590.661 1587.315 1583.969 1580.242 1575.998 1571.754 1567.51 1563.266 1560.47 1557.824
1709.076 1707.681 1706.286 1705.322 1704.6 1703.879 1703.157 1702.477 1702.094 1701.71 1701.327 1700.943 1700.261 1699.383 1698.506 1697.628 1696.581 1693.737 1690.893 1688.049 1685.205 1682.344 1679.47 1676.596 1673.722 1670.877 1668.588 1666.298 1664.008 1661.718 1659.515 1657.387 1655.26 1653.132 1651.003 1648.74 1646.476 1644.213 1641.95 1639.239 1636.072 1632.905 1629.738 1626.572 1623.327 1620.081 1616.835 1613.589 1610.324 1607.037 1603.751 1600.464 1597.178 1593.851 1590.521 1587.191 1583.862 1580.181 1576.023 1571.866 1567.709 1563.552 1560.745 1558.076
1710.43 1708.97 1707.509 1706.475 1705.681 1704.886 1704.092 1703.336 1702.852 1702.368 1701.883 1701.399 1700.641 1699.705 1698.768 1697.831 1696.726 1693.85 1690.974 1688.098 1685.222 1682.263 1679.24 1676.218 1673.195 1670.208 1667.901 1665.594 1663.286 1660.979 1658.8 1656.733 1654.666 1652.599 1650.529 1648.303 1646.076 1643.85 1641.623 1638.86 1635.553 1632.246 1628.939 1625.632 1622.351 1619.071 1615.79 1612.51 1609.263 1606.056 1602.849 1599.642 1596.435 1593.208 1589.979 1586.75 1583.52 1579.975 1576.0 1572.025 1568.051 1564.076 1561.26 1558.563
1711.112 1709.57 1708.028 1706.916 1706.046 1705.176 1704.306 1703.464 1702.822 1702.181 1701.54 1700.898 1699.898 1698.663 1697.428 1696.193 1694.806 1691.816 1688.826 1685.836 1682.847 1679.841 1676.824 1673.807 1670.79 1667.809 1665.512 1663.216 1660.919 1658.623 1656.509 1654.556 1652.603 1650.649 1648.693 1646.493 1644.294 1642.094 1639.895 1637.132 1633.798 1630.464 1627.13 1623.796 1620.435 1617.073 1613.711 1610.349 1607.129 1604.074 1601.018 1597.963 1594.908 1591.893 1588.881 1585.869 1582.857 1579.569 1575.909 1572.249 1568.588 1564.928 1562.107 1559.372
1711.794 1710.171 1708.547 1707.358 1706.411 1705.465 1704.519 1703.591 1702.793 1701.994 1701.196 1700.397 1699.154 1697.621 1696.088 1694.554 1692.886 1689.782 1686.678 1683.575 1680.471 1677.419 1674.408 1671.396 1668.384 1665.409 1663.123 1660.838 1658.552 1656.266 1654.218 1652.379 1650.54 1648.7 1646.856 1644.684 1642.511 1640.339 1638.167 1635.404 1632.043 1628.682 1625.321 1621.959 1618.518 1615.075 1611.632 1608.189 1604.994 1602.091 1599.188 1596.284 1593.381 1590.579 1587.784 1584.989 1582.193 1579.164 1575.818 1572.472 1569.126 1565.78 1562.954 1560.182
1712.476 1710.771 1709.066 1707.799 1706.777 1705.755 1704.733 1703.719 1702.763 1701.807 1700.852 1699.896 1698.411 1696.579 1694.748 1692.916 1690.965 1687.748 1684.53 1681.313 1678.095 1674.998 1671.991 1668.985 1665.979 1663.009 1660.734 1658.459 1656.185 1653.91 1651.927 1650.202 1648.476 1646.751 1645.019 1642.874 1640.729 1638.584 1636.439 1633.676 1630.288 1626.9 1623.511 1620.123 1616.601 1613.077 1609.553 1606.028 1602.86 1600.108 1597.357 1594.605 1591.853 1589.265 1586.686 1584.108 1581.53 1578.759 1575.727 1572.696 1569.664 1566.633 1563.802 1560.991
1713.157 1711.371 1709.586 1708.24 1707.142 1706.044 1704.947 1703.847 1702.734 1701.621 1700.508 1699.395 1697.667 1695.538 1693.408 1691.278 1689.045 1685.714 1682.382 1679.051 1675.719 1672.576 1669.575 1666.574 1663.573 1660.609 1658.345 1656.081 1653.817 1651.553 1649.637 1648.025 1646.413 1644.802 1643.183 1641.065 1638.947 1636.828 1634.71 1631.948 1628.533 1625.117 1621.702 1618.286 1614.685 1611.079 1607.474 1603.868 1600.725 1598.125 1595.526 1592.926 1590.326 1587.951 1585.589 1583.227 1580.866 1578.353 1575.636 1572.919 1570.202 1567.485 1564.649 1561.801
1712.127 1710.278 1708.43 1706.983 1705.762 1704.54 1703.318 1702.087 1700.788 1699.489 1698.19 1696.891 1694.951 1692.59 1690.229 1687.868 1685.428 1682.146 1678.863 1675.581 1672.299 1669.141 1666.079 1663.016 1659.954 1656.93 1654.633 1652.337 1650.041 1647.745 1645.825 1644.236 1642.647 1641.058 1639.464 1637.532 1635.599 1633.666 1631.733 1629.122 1625.823 1622.525 1619.226 1615.927 1612.46 1608.988 1605.517 1602.046 1599.043 1596.59 1594.138 1591.685 1589.232 1586.979 1584.739 1582.498 1580.257 1577.869 1575.279 1572.69 1570.1 1567.51 1564.691 1561.848
1710.871 1708.963 1707.056 1705.504 1704.152 1702.8 1701.448 1700.08 1698.591 1697.102 1695.614 1694.125 1691.975 1689.392 1686.809 1684.226 1681.588 1678.376 1675.165 1671.953 1668.741 1665.574 1662.441 1659.308 1656.175 1653.082 1650.748 1648.414 1646.079 1643.745 1641.814 1640.236 1638.657 1637.079 1635.499 1633.772 1632.046 1630.319 1628.592 1626.152 1622.989 1619.826 1616.662 1613.499 1610.194 1606.885 1603.576 1600.268 1597.421 1595.114 1592.808 1590.501 1588.195 1586.052 1583.92 1581.788 1579.656 1577.374 1574.887 1572.4 1569.914 1567.427 1564.627 1561.795
1709.616 1707.648 1705.681 1704.024 1702.542 1701.061 1699.579 1698.073 1696.394 1694.716 1693.037 1691.359 1688.999 1686.194 1683.388 1680.583 1677.749 1674.607 1671.466 1668.325 1665.183 1662.007 1658.803 1655.6 1652.396 1649.234 1646.862 1644.49 1642.118 1639.746 1637.802 1636.235 1634.668 1633.101 1631.534 1630.013 1628.493 1626.972 1625.451 1623.182 1620.154 1617.127 1614.099 1611.071 1607.928 1604.782 1601.636 1598.49 1595.798 1593.638 1591.478 1589.318 1587.157 1585.126 1583.102 1581.078 1579.055 1576.878 1574.495 1572.111 1569.728 1567.344 1564.564 1561.742
1708.36 1706.333 1704.306 1702.545 1700.933 1699.321 1697.709 1696.065 1694.197 1692.329 1690.461 1688.593 1686.024 1682.996 1679.968 1676.941 1673.909 1670.838 1667.767 1664.697 1661.626 1658.44 1655.166 1651.891 1648.618 1645.387 1642.977 1640.567 1638.157 1635.747 1633.791 1632.235 1630.678 1629.122 1627.569 1626.254 1624.939 1623.625 1622.31 1620.212 1617.32 1614.428 1611.536 1608.644 1605.662 1602.679 1599.695 1596.712 1594.175 1592.161 1590.148 1588.134 1586.12 1584.199 1582.284 1580.369 1578.453 1576.383 1574.103 1571.822 1569.542 1567.261 1564.5 1561.69
1706.558 1704.44 1702.321 1700.423 1698.649 1696.875 1695.1 1693.292 1691.236 1689.179 1687.123 1685.067 1682.344 1679.185 1676.026 1672.866 1669.721 1666.73 1663.739 1660.748 1657.758 1654.575 1651.248 1647.92 1644.593 1641.312 1638.923 1636.533 1634.144 1631.754 1629.807 1628.248 1626.689 1625.131 1623.578 1622.412 1621.247 1620.082 1618.916 1616.971 1614.235 1611.5 1608.764 1606.028 1603.211 1600.392 1597.573 1594.754 1592.371 1590.498 1588.625 1586.752 1584.879 1583.052 1581.229 1579.405 1577.581 1575.604 1573.421 1571.238 1569.055 1566.872 1564.169 1561.413
1703.732 1701.462 1699.191 1697.096 1695.1 1693.103 1691.107 1689.081 1686.84 1684.6 1682.359 1680.119 1677.346 1674.224 1671.103 1667.981 1664.88 1661.986 1659.093 1656.2 1653.306 1650.154 1646.805 1643.456 1640.106 1636.812 1634.552 1632.293 1630.034 1627.774 1625.873 1624.287 1622.702 1621.116 1619.536 1618.415 1617.293 1616.171 1615.049 1613.222 1610.682 1608.141 1605.6 1603.06 1600.411 1597.761 1595.11 1592.459 1590.226 1588.483 1586.741 1584.998 1583.255 1581.492 1579.728 1577.964 1576.199 1574.294 1572.198 1570.101 1568.005 1565.909 1563.337 1560.716
1700.906 1698.484 1696.062 1693.77 1691.551 1689.332 1687.113 1684.87 1682.445 1680.02 1677.595 1675.171 1672.348 1669.264 1666.181 1663.097 1660.038 1657.242 1654.447 1651.651 1648.855 1645.733 1642.362 1638.991 1635.62 1632.312 1630.182 1628.053 1625.923 1623.794 1621.94 1620.327 1618.714 1617.101 1615.496 1614.417 1613.338 1612.26 1611.181 1609.474 1607.128 1604.783 1602.437 1600.092 1597.612 1595.129 1592.647 1590.164 1588.082 1586.469 1584.856 1583.243 1581.631 1579.932 1578.227 1576.522 1574.818 1572.984 1570.974 1568.964 1566.955 1564.945 1562.504 1560.019
1698.08 1695.506 1692.932 1690.443 1688.002 1685.561 1683.12 1680.658 1678.049 1675.44 1672.831 1670.222 1667.349 1664.304 1661.258 1658.212 1655.197 1652.499 1649.8 1647.102 1644.404 1641.311 1637.919 1634.526 1631.134 1627.811 1625.812 1623.813 1621.813 1619.814 1618.006 1616.366 1614.726 1613.086 1611.455 1610.419 1609.384 1608.349 1607.314 1605.725 1603.575 1601.424 1599.274 1597.124 1594.813 1592.498 1590.183 1587.869 1585.937 1584.454 1582.972 1581.489 1580.007 1578.371 1576.726 1575.081 1573.436 1571.673 1569.75 1567.828 1565.905 1563.982 1561.672 1559.322
