data/zism_data/00299_04_D.txt
ncols         224
nrows         224
[rows 0 to 27 of 224, columns 0 to 62 of 224]
1605.954 1608.001 1610.52 1613.04 1615.559 1618.104 1620.736 1623.368 1626.0 1628.633 1630.087 1631.048 1632.009 1632.97 1633.68 1633.3 1632.92 1632.54 1632.16 1630.604 1628.466 1626.329 1624.192 1621.796 1617.949 1614.102 1610.256 1606.409 1603.401 1600.88 1598.358 1595.837 1593.455 1592.142 1590.829 1589.516 1588.203 1587.625 1587.542 1587.46 1587.377 1587.36 1588.098 1588.835 1589.573 1590.311 1590.742 1590.933 1591.124 1591.316 1591.463 1590.643 1589.823 1589.002 1588.182 1587.29 1586.333 1585.376 1584.419 1583.459 1582.105 1580.751 1579.397
1608.36 1610.405 1612.93 1615.455 1617.98 1620.518 1623.101 1625.685 1628.268 1630.851 1632.448 1633.631 1634.814 1635.998 1636.922 1636.721 1636.52 1636.319 1636.118 1634.646 1632.547 1630.447 1628.348 1625.928 1621.707 1617.486 1613.265 1609.044 1605.755 1603.006 1600.257 1597.508 1594.934 1593.702 1592.471 1591.239 1590.007 1589.481 1589.431 1589.381 1589.331 1589.344 1590.082 1590.819 1591.557 1592.295 1592.635 1592.663 1592.692 1592.72 1592.714 1591.926 1591.138 1590.35 1589.563 1588.706 1587.787 1586.868 1585.949 1585.026 1583.585 1582.144 1580.704
1610.766 1612.81 1615.34 1617.87 1620.401 1622.932 1625.467 1628.001 1630.536 1633.07 1634.809 1636.214 1637.62 1639.026 1640.164 1640.142 1640.12 1640.098 1640.076 1638.689 1636.627 1634.566 1632.504 1630.06 1625.465 1620.87 1616.275 1611.68 1608.11 1605.133 1602.156 1599.179 1596.413 1595.263 1594.112 1592.962 1591.812 1591.338 1591.32 1591.303 1591.286 1591.328 1592.066 1592.803 1593.541 1594.279 1594.528 1594.393 1594.259 1594.125 1593.964 1593.209 1592.454 1591.699 1590.943 1590.122 1589.241 1588.36 1587.479 1586.593 1585.065 1583.538 1582.01
1612.775 1614.794 1617.315 1619.835 1622.356 1624.879 1627.41 1629.941 1632.472 1635.003 1636.816 1638.328 1639.84 1641.352 1642.599 1642.69 1642.782 1642.873 1642.964 1641.732 1639.844 1637.956 1636.068 1633.761 1629.099 1624.437 1619.774 1615.112 1611.333 1608.066 1604.798 1601.531 1598.505 1597.335 1596.166 1594.996 1593.827 1593.351 1593.344 1593.336 1593.329 1593.376 1594.058 1594.741 1595.423 1596.106 1596.257 1595.993 1595.729 1595.465 1595.18 1594.442 1593.705 1592.967 1592.229 1591.406 1590.505 1589.603 1588.702 1587.796 1586.195 1584.593 1582.992
1614.325 1616.293 1618.786 1621.28 1623.773 1626.286 1628.866 1631.446 1634.026 1636.605 1638.413 1639.899 1641.384 1642.869 1644.1 1644.229 1644.359 1644.488 1644.618 1643.619 1642.061 1640.504 1638.947 1636.964 1632.589 1628.214 1623.84 1619.464 1615.561 1611.93 1608.3 1604.669 1601.306 1600.001 1598.696 1597.391 1596.086 1595.546 1595.522 1595.498 1595.475 1595.497 1596.06 1596.624 1597.187 1597.75 1597.797 1597.441 1597.085 1596.729 1596.356 1595.618 1594.88 1594.143 1593.405 1592.536 1591.548 1590.56 1589.572 1588.58 1586.918 1585.257 1583.596
1615.874 1617.791 1620.258 1622.724 1625.19 1627.693 1630.322 1632.95 1635.579 1638.208 1640.011 1641.469 1642.927 1644.385 1645.601 1645.769 1645.936 1646.103 1646.271 1645.505 1644.279 1643.052 1641.826 1640.167 1636.08 1631.992 1627.905 1623.817 1619.789 1615.795 1611.801 1607.807 1604.107 1602.667 1601.226 1599.786 1598.345 1597.741 1597.701 1597.661 1597.62 1597.619 1598.063 1598.507 1598.95 1599.394 1599.338 1598.889 1598.441 1597.992 1597.531 1596.794 1596.056 1595.318 1594.58 1593.666 1592.591 1591.517 1590.442 1589.363 1587.642 1585.921 1584.2
1617.424 1619.29 1621.729 1624.168 1626.608 1629.1 1631.777 1634.455 1637.132 1639.81 1641.608 1643.039 1644.47 1645.901 1647.103 1647.308 1647.513 1647.718 1647.924 1647.392 1646.496 1645.601 1644.705 1643.37 1639.57 1635.77 1631.97 1628.169 1624.017 1619.66 1615.302 1610.945 1606.908 1605.332 1603.756 1602.18 1600.604 1599.935 1599.879 1599.823 1599.766 1599.74 1600.065 1600.39 1600.714 1601.039 1600.878 1600.337 1599.797 1599.256 1598.707 1597.969 1597.232 1596.494 1595.756 1594.796 1593.635 1592.473 1591.312 1590.146 1588.366 1586.585 1584.805
1618.973 1620.788 1623.201 1625.613 1628.025 1630.507 1633.233 1635.959 1638.686 1641.412 1643.206 1644.609 1646.013 1647.417 1648.604 1648.847 1649.09 1649.333 1649.577 1649.279 1648.714 1648.149 1647.584 1646.573 1643.061 1639.548 1636.035 1632.522 1628.244 1623.524 1618.804 1614.083 1609.709 1607.998 1606.286 1604.575 1602.863 1602.13 1602.057 1601.985 1601.912 1601.862 1602.067 1602.272 1602.478 1602.683 1602.418 1601.786 1601.153 1600.52 1599.883 1599.145 1598.407 1597.67 1596.932 1595.926 1594.678 1593.43 1592.182 1590.93 1589.09 1587.25 1585.409
1619.004 1620.821 1623.251 1625.682 1628.112 1630.616 1633.376 1636.136 1638.896 1641.656 1643.458 1644.86 1646.261 1647.663 1648.845 1649.071 1649.297 1649.523 1649.748 1649.535 1649.105 1648.674 1648.244 1647.402 1644.247 1641.091 1637.936 1634.781 1630.755 1626.225 1621.694 1617.164 1612.94 1611.073 1609.206 1607.338 1605.471 1604.612 1604.432 1604.253 1604.073 1603.909 1603.914 1603.92 1603.926 1603.931 1603.547 1602.857 1602.167 1601.478 1600.785 1600.017 1599.249 1598.481 1597.713 1596.69 1595.435 1594.181 1592.927 1591.668 1589.824 1587.979 1586.135
1618.916 1620.739 1623.191 1625.643 1628.095 1630.623 1633.416 1636.208 1639.0 1641.793 1643.605 1645.007 1646.408 1647.81 1648.988 1649.192 1649.396 1649.6 1649.805 1649.664 1649.353 1649.042 1648.731 1648.045 1645.253 1642.461 1639.669 1636.877 1633.132 1628.834 1624.537 1620.24 1616.204 1614.18 1612.155 1610.131 1608.106 1607.116 1606.822 1606.529 1606.236 1605.95 1605.75 1605.549 1605.349 1605.149 1604.643 1603.899 1603.155 1602.411 1601.665 1600.865 1600.064 1599.264 1598.463 1597.424 1596.17 1594.916 1593.661 1592.403 1590.558 1588.714 1586.87
1618.827 1620.657 1623.131 1625.605 1628.078 1630.63 1633.455 1636.28 1639.105 1641.93 1643.752 1645.154 1646.555 1647.957 1649.131 1649.313 1649.496 1649.678 1649.861 1649.793 1649.601 1649.409 1649.217 1648.687 1646.259 1643.83 1641.401 1638.972 1635.508 1631.444 1627.38 1623.316 1619.468 1617.287 1615.105 1612.923 1610.742 1609.62 1609.213 1608.805 1608.398 1607.991 1607.585 1607.178 1606.772 1606.366 1605.74 1604.941 1604.143 1603.345 1602.546 1601.713 1600.88 1600.047 1599.214 1598.159 1596.905 1595.651 1594.396 1593.138 1591.293 1589.449 1587.604
1618.739 1620.575 1623.071 1625.566 1628.062 1630.638 1633.495 1636.353 1639.21 1642.068 1643.899 1645.301 1646.702 1648.104 1649.274 1649.435 1649.595 1649.756 1649.917 1649.922 1649.849 1649.776 1649.704 1649.33 1647.265 1645.199 1643.134 1641.068 1637.885 1634.054 1630.223 1626.392 1622.733 1620.394 1618.055 1615.716 1613.377 1612.123 1611.603 1611.082 1610.561 1610.032 1609.42 1608.808 1608.195 1607.583 1606.836 1605.983 1605.131 1604.279 1603.426 1602.56 1601.695 1600.829 1599.964 1598.894 1597.64 1596.385 1595.131 1593.873 1592.028 1590.184 1588.339
1618.039 1619.883 1622.417 1624.951 1627.485 1630.11 1633.051 1635.992 1638.933 1641.874 1643.767 1645.222 1646.677 1648.131 1649.343 1649.494 1649.646 1649.798 1649.95 1650.0 1650.0 1650.0 1650.0 1649.729 1647.938 1646.147 1644.355 1642.564 1639.637 1636.052 1632.467 1628.881 1625.43 1623.004 1620.577 1618.151 1615.725 1614.364 1613.72 1613.077 1612.434 1611.781 1611.013 1610.246 1609.478 1608.711 1607.866 1606.962 1606.057 1605.153 1604.248 1603.322 1602.396 1601.471 1600.545 1599.44 1598.173 1596.906 1595.639 1594.368 1592.564 1590.76 1588.956
1616.387 1618.241 1620.84 1623.439 1626.038 1628.75 1631.854 1634.957 1638.061 1641.164 1643.201 1644.792 1646.382 1647.972 1649.296 1649.458 1649.621 1649.783 1649.946 1650.0 1650.0 1650.0 1650.0 1649.75 1648.094 1646.438 1644.782 1643.126 1640.417 1637.098 1633.778 1630.459 1627.245 1624.84 1622.436 1620.031 1617.627 1616.193 1615.414 1614.635 1613.857 1613.073 1612.229 1611.386 1610.543 1609.699 1608.794 1607.841 1606.888 1605.934 1604.978 1603.949 1602.921 1601.892 1600.863 1599.693 1598.393 1597.093 1595.794 1594.491 1592.79 1591.089 1589.388
1614.735 1616.599 1619.263 1621.927 1624.592 1627.39 1630.656 1633.923 1637.189 1640.455 1642.635 1644.361 1646.087 1647.813 1649.249 1649.422 1649.596 1649.769 1649.943 1650.0 1650.0 1650.0 1650.0 1649.77 1648.25 1646.73 1645.209 1643.689 1641.198 1638.144 1635.09 1632.036 1629.06 1626.677 1624.294 1621.911 1619.529 1618.023 1617.108 1616.194 1615.28 1614.365 1613.446 1612.526 1611.607 1610.688 1609.722 1608.72 1607.718 1606.716 1605.708 1604.577 1603.445 1602.313 1601.182 1599.945 1598.613 1597.281 1595.948 1594.615 1593.016 1591.418 1589.82
1613.083 1614.957 1617.687 1620.416 1623.145 1626.03 1629.459 1632.888 1636.317 1639.746 1642.07 1643.931 1645.792 1647.654 1649.202 1649.386 1649.57 1649.755 1649.939 1650.0 1650.0 1650.0 1650.0 1649.791 1648.406 1647.021 1645.636 1644.252 1641.978 1639.19 1636.402 1633.614 1630.875 1628.514 1626.153 1623.792 1621.431 1619.852 1618.803 1617.753 1616.703 1615.657 1614.662 1613.667 1612.672 1611.676 1610.65 1609.599 1608.548 1607.497 1606.439 1605.204 1603.969 1602.735 1601.5 1600.197 1598.833 1597.468 1596.103 1594.738 1593.243 1591.748 1590.252
1611.43 1613.315 1616.11 1618.904 1621.698 1624.67 1628.262 1631.853 1635.445 1639.036 1641.504 1643.501 1645.498 1647.495 1649.155 1649.35 1649.545 1649.74 1649.935 1650.0 1650.0 1650.0 1650.0 1649.811 1648.562 1647.313 1646.064 1644.814 1642.759 1640.236 1637.714 1635.192 1632.69 1630.351 1628.011 1625.672 1623.332 1621.682 1620.497 1619.311 1618.126 1616.949 1615.878 1614.807 1613.736 1612.665 1611.578 1610.478 1609.379 1608.279 1607.169 1605.832 1604.494 1603.156 1601.818 1600.45 1599.052 1597.655 1596.258 1594.861 1593.469 1592.077 1590.685
1609.599 1611.437 1614.204 1616.971 1619.737 1622.744 1626.586 1630.428 1634.271 1638.113 1640.759 1642.906 1645.052 1647.198 1648.987 1649.221 1649.455 1649.689 1649.923 1650.0 1650.0 1650.0 1650.0 1649.816 1648.595 1647.375 1646.155 1644.934 1642.955 1640.536 1638.117 1635.698 1633.291 1630.978 1628.665 1626.352 1624.038 1622.362 1621.115 1619.869 1618.622 1617.385 1616.266 1615.147 1614.027 1612.908 1611.786 1610.66 1609.535 1608.41 1607.277 1605.966 1604.655 1603.344 1602.033 1600.692 1599.322 1597.953 1596.583 1595.214 1593.902 1592.59 1591.278
1607.736 1609.519 1612.242 1614.966 1617.689 1620.721 1624.829 1628.937 1633.045 1637.153 1639.984 1642.283 1644.581 1646.879 1648.799 1649.077 1649.354 1649.631 1649.908 1650.0 1650.0 1650.0 1650.0 1649.817 1648.608 1647.398 1646.189 1644.979 1643.052 1640.709 1638.366 1636.023 1633.686 1631.4 1629.114 1626.828 1624.542 1622.847 1621.552 1620.256 1618.961 1617.676 1616.513 1615.35 1614.188 1613.025 1611.871 1610.724 1609.578 1608.431 1607.279 1606.017 1604.755 1603.493 1602.231 1600.932 1599.601 1598.269 1596.938 1595.607 1594.37 1593.134 1591.898
1605.874 1607.601 1610.281 1612.961 1615.641 1618.698 1623.072 1627.445 1631.819 1636.192 1639.21 1641.66 1644.11 1646.56 1648.611 1648.932 1649.253 1649.573 1649.894 1650.0 1650.0 1650.0 1650.0 1649.819 1648.62 1647.422 1646.223 1645.024 1643.149 1640.882 1638.615 1636.347 1634.081 1631.822 1629.563 1627.304 1625.045 1623.333 1621.988 1620.644 1619.3 1617.966 1616.76 1615.554 1614.348 1613.142 1611.957 1610.789 1609.62 1608.452 1607.281 1606.068 1604.854 1603.641 1602.428 1601.172 1599.879 1598.585 1597.292 1595.999 1594.839 1593.678 1592.518
1604.012 1605.683 1608.319 1610.956 1613.593 1616.676 1621.315 1625.954 1630.593 1635.232 1638.435 1641.037 1643.639 1646.24 1648.424 1648.788 1649.152 1649.516 1649.88 1650.0 1650.0 1650.0 1650.0 1649.821 1648.633 1647.445 1646.257 1645.069 1643.246 1641.055 1638.863 1636.672 1634.476 1632.244 1630.012 1627.781 1625.549 1623.818 1622.425 1621.031 1619.638 1618.257 1617.007 1615.758 1614.509 1613.259 1612.043 1610.853 1609.662 1608.472 1607.283 1606.119 1604.954 1603.79 1602.625 1601.413 1600.157 1598.902 1597.646 1596.392 1595.307 1594.223 1593.138
1602.449 1604.036 1606.574 1609.112 1611.65 1614.695 1619.508 1624.321 1629.135 1633.948 1637.331 1640.115 1642.9 1645.685 1648.034 1648.488 1648.942 1649.396 1649.85 1650.0 1650.0 1650.0 1650.0 1649.823 1648.653 1647.483 1646.313 1645.143 1643.349 1641.194 1639.039 1636.884 1634.719 1632.479 1630.24 1628.001 1625.762 1623.987 1622.526 1621.065 1619.604 1618.157 1616.87 1615.582 1614.295 1613.007 1611.778 1610.596 1609.413 1608.231 1607.052 1605.964 1604.876 1603.788 1602.7 1601.556 1600.361 1599.165 1597.97 1596.776 1595.78 1594.783 1593.787
1601.523 1602.969 1605.29 1607.611 1609.932 1612.804 1617.595 1622.387 1627.179 1631.97 1635.523 1638.557 1641.591 1644.625 1647.212 1647.856 1648.499 1649.143 1649.787 1650.0 1650.0 1650.0 1650.0 1649.828 1648.691 1647.553 1646.416 1645.278 1643.465 1641.261 1639.057 1636.853 1634.636 1632.315 1629.995 1627.674 1625.353 1623.481 1621.912 1620.343 1618.773 1617.224 1615.91 1614.595 1613.28 1611.966 1610.765 1609.652 1608.54 1607.428 1606.323 1605.371 1604.418 1603.466 1602.513 1601.49 1600.403 1599.317 1598.23 1597.145 1596.262 1595.379 1594.497
1600.597 1601.902 1604.006 1606.11 1608.214 1610.913 1615.683 1620.453 1625.223 1629.992 1633.714 1636.998 1640.281 1643.565 1646.39 1647.224 1648.057 1648.891 1649.724 1650.0 1650.0 1650.0 1650.0 1649.833 1648.728 1647.623 1646.518 1645.413 1643.581 1641.328 1639.076 1636.823 1634.553 1632.151 1629.749 1627.347 1624.945 1622.976 1621.298 1619.62 1617.942 1616.291 1614.949 1613.608 1612.266 1610.924 1609.751 1608.709 1607.668 1606.626 1605.594 1604.777 1603.96 1603.143 1602.326 1601.425 1600.446 1599.468 1598.49 1597.513 1596.744 1595.975 1595.206
1599.671 1600.835 1602.722 1604.61 1606.497 1609.022 1613.77 1618.518 1623.267 1628.015 1631.906 1635.439 1638.972 1642.505 1645.568 1646.591 1647.615 1648.638 1649.661 1650.0 1650.0 1650.0 1650.0 1649.838 1648.766 1647.693 1646.621 1645.548 1643.697 1641.396 1639.094 1636.793 1634.47 1631.987 1629.504 1627.02 1624.537 1622.47 1620.684 1618.898 1617.111 1615.358 1613.99 1612.621 1611.252 1609.883 1608.737 1607.766 1606.795 1605.824 1604.865 1604.184 1603.502 1602.821 1602.139 1601.359 1600.489 1599.619 1598.75 1597.881 1597.226 1596.571 1595.916
1598.745 1599.768 1601.439 1603.109 1604.779 1607.131 1611.858 1616.584 1621.311 1626.037 1630.098 1633.88 1637.662 1641.445 1644.746 1645.959 1647.172 1648.385 1649.599 1650.0 1650.0 1650.0 1650.0 1649.843 1648.803 1647.763 1646.723 1645.683 1643.813 1641.463 1639.113 1636.762 1634.387 1631.823 1629.258 1626.694 1624.129 1621.964 1620.07 1618.175 1616.281 1614.425 1613.029 1611.633 1610.237 1608.842 1607.723 1606.823 1605.922 1605.021 1604.136 1603.59 1603.044 1602.499 1601.953 1601.293 1600.532 1599.771 1599.009 1598.25 1597.708 1597.167 1596.626
1598.141 1599.008 1600.461 1601.915 1603.368 1605.503 1610.013 1614.523 1619.032 1623.542 1627.661 1631.616 1635.571 1639.526 1643.019 1644.498 1645.977 1647.456 1648.935 1649.476 1649.552 1649.629 1649.705 1649.617 1648.605 1647.594 1646.582 1645.57 1643.635 1641.163 1638.692 1636.221 1633.716 1630.956 1628.195 1625.435 1622.674 1620.379 1618.397 1616.415 1614.433 1612.511 1611.279 1610.046 1608.814 1607.582 1606.614 1605.851 1605.089 1604.327 1603.575 1603.054 1602.534 1602.013 1601.492 1600.9 1600.243 1599.585 1598.928 1598.273 1597.871 1597.469 1597.067
1597.627 1598.333 1599.569 1600.806 1602.043 1603.949 1608.187 1612.426 1616.665 1620.903 1625.049 1629.156 1633.263 1637.37 1641.039 1642.806 1644.572 1646.339 1648.105 1648.807 1648.98 1649.154 1649.328 1649.327 1648.343 1647.358 1646.374 1645.389 1643.374 1640.762 1638.149 1635.537 1632.881 1629.893 1626.905 1623.917 1620.929 1618.493 1616.43 1614.367 1612.304 1610.323 1609.308 1608.293 1607.278 1606.262 1605.477 1604.872 1604.267 1603.662 1603.06 1602.534 1602.008 1601.482 1600.956 1600.415 1599.861 1599.307 1598.752 1598.2 1597.945 1597.689 1597.434
