data/zism_data/00292_01_D.txt
ncols         224
nrows         224
[rows 56 to 83 of 224, columns 0 to 63 of 224]
1000.005 1000.017 1000.034 1000.052 1000.069 1000.374 1001.076 1001.779 1002.481 1003.183 1006.558 1010.26 1013.962 1017.664 1023.128 1031.695 1040.262 1048.828 1057.395 1064.123 1070.483 1076.844 1083.204 1086.857 1084.322 1081.786 1079.25 1076.715 1071.746 1066.072 1060.398 1054.725 1049.732 1046.824 1043.916 1041.008 1038.1 1039.159 1041.781 1044.403 1047.025 1050.382 1056.905 1063.428 1069.951 1076.474 1081.625 1086.066 1090.508 1094.949 1098.845 1099.108 1099.37 1099.633 1099.895 1099.657 1099.088 1098.518 1097.948 1096.996 1091.144 1085.292 1079.44 1073.589
1000.002 1000.006 1000.013 1000.02 1000.027 1000.201 1000.606 1001.012 1001.418 1001.823 1004.71 1007.9 1011.089 1014.279 1019.624 1028.762 1037.9 1047.038 1056.176 1064.042 1071.653 1079.264 1086.875 1091.681 1090.072 1088.464 1086.856 1085.248 1080.596 1075.062 1069.528 1063.995 1059.024 1055.777 1052.529 1049.281 1046.034 1046.521 1048.48 1050.439 1052.398 1055.134 1061.221 1067.307 1073.394 1079.48 1084.172 1088.145 1092.117 1096.089 1099.557 1099.657 1099.758 1099.859 1099.96 1099.596 1098.924 1098.251 1097.579 1096.451 1089.489 1082.527 1075.564 1068.602
1000.0 1000.0 1000.0 1000.0 1000.0 1000.1 1000.34 1000.579 1000.818 1001.057 1003.616 1006.458 1009.3 1012.142 1017.335 1026.664 1035.994 1045.323 1054.653 1063.3 1071.81 1080.321 1088.831 1094.501 1093.678 1092.855 1092.031 1091.208 1087.013 1081.841 1076.669 1071.497 1066.784 1063.477 1060.17 1056.864 1053.557 1053.662 1055.113 1056.563 1058.013 1060.226 1065.728 1071.229 1076.731 1082.232 1086.42 1089.929 1093.439 1096.948 1100.0 1100.0 1100.0 1100.0 1100.0 1099.572 1098.86 1098.149 1097.437 1096.239 1088.803 1081.368 1073.933 1066.498
1000.0 1000.0 1000.0 1000.0 1000.0 1000.121 1000.408 1000.696 1000.984 1001.271 1003.768 1006.535 1009.301 1012.068 1017.054 1025.947 1034.84 1043.733 1052.626 1061.465 1070.294 1079.122 1087.951 1094.009 1093.736 1093.463 1093.189 1092.916 1089.409 1084.964 1080.52 1076.076 1072.011 1069.109 1066.206 1063.303 1060.401 1060.439 1061.636 1062.833 1064.03 1065.881 1070.552 1075.223 1079.895 1084.566 1088.172 1091.229 1094.286 1097.342 1100.0 1100.0 1100.0 1100.0 1100.0 1099.611 1098.964 1098.317 1097.67 1096.574 1089.721 1082.868 1076.015 1069.162
1000.0 1000.0 1000.0 1000.0 1000.0 1000.141 1000.477 1000.813 1001.15 1001.486 1003.921 1006.612 1009.303 1011.994 1016.774 1025.23 1033.686 1042.143 1050.599 1059.63 1068.777 1077.924 1087.07 1093.517 1093.794 1094.07 1094.347 1094.624 1091.804 1088.087 1084.371 1080.654 1077.238 1074.74 1072.241 1069.743 1067.245 1067.216 1068.159 1069.103 1070.046 1071.535 1075.376 1079.217 1083.058 1086.9 1089.925 1092.528 1095.132 1097.736 1100.0 1100.0 1100.0 1100.0 1100.0 1099.65 1099.068 1098.485 1097.903 1096.909 1090.638 1084.368 1078.097 1071.826
1000.0 1000.0 1000.0 1000.0 1000.0 1000.162 1000.546 1000.931 1001.315 1001.7 1004.073 1006.689 1009.304 1011.92 1016.493 1024.513 1032.533 1040.552 1048.572 1057.796 1067.26 1076.725 1086.19 1093.025 1093.852 1094.678 1095.505 1096.331 1094.199 1091.211 1088.222 1085.233 1082.465 1080.371 1078.277 1076.183 1074.089 1073.992 1074.682 1075.372 1076.062 1077.19 1080.2 1083.211 1086.222 1089.233 1091.677 1093.828 1095.979 1098.13 1100.0 1100.0 1100.0 1100.0 1100.0 1099.689 1099.171 1098.654 1098.136 1097.244 1091.556 1085.867 1080.179 1074.49
1000.0 1000.0 1000.0 1000.0 1000.0 1000.182 1000.615 1001.048 1001.481 1001.915 1004.226 1006.766 1009.306 1011.846 1016.213 1023.796 1031.379 1038.962 1046.545 1055.961 1065.744 1075.526 1085.309 1092.534 1093.91 1095.286 1096.663 1098.039 1096.595 1094.334 1092.073 1089.812 1087.692 1086.002 1084.313 1082.623 1080.933 1080.769 1081.206 1081.642 1082.079 1082.844 1085.025 1087.206 1089.386 1091.567 1093.429 1095.127 1096.825 1098.523 1100.0 1100.0 1100.0 1100.0 1100.0 1099.728 1099.275 1098.822 1098.369 1097.579 1092.473 1087.367 1082.261 1077.154
1000.0 1000.093 1000.191 1000.289 1000.387 1000.807 1001.672 1002.536 1003.401 1004.266 1006.938 1009.83 1012.722 1015.614 1020.059 1027.236 1034.414 1041.591 1048.769 1057.688 1066.956 1076.224 1085.492 1092.394 1093.888 1095.383 1096.877 1098.371 1097.197 1095.25 1093.302 1091.355 1089.575 1088.307 1087.04 1085.773 1084.505 1084.448 1084.867 1085.286 1085.706 1086.368 1088.079 1089.791 1091.502 1093.213 1094.699 1096.069 1097.439 1098.809 1100.0 1100.0 1100.0 1100.0 1100.0 1099.767 1099.378 1098.99 1098.602 1097.915 1093.405 1088.894 1084.384 1079.873
1000.0 1000.206 1000.422 1000.639 1000.855 1001.56 1002.936 1004.313 1005.69 1007.067 1010.188 1013.523 1016.857 1020.191 1024.773 1031.552 1038.33 1045.109 1051.887 1060.165 1068.743 1077.321 1085.899 1092.329 1093.85 1095.372 1096.893 1098.414 1097.421 1095.7 1093.979 1092.259 1090.754 1089.913 1089.071 1088.23 1087.388 1087.474 1087.926 1088.378 1088.829 1089.444 1090.762 1092.079 1093.397 1094.714 1095.867 1096.935 1098.003 1099.071 1100.0 1100.0 1100.0 1100.0 1100.0 1099.805 1099.482 1099.159 1098.835 1098.252 1094.339 1090.427 1086.515 1082.603
1000.0 1000.318 1000.653 1000.989 1001.324 1002.312 1004.201 1006.09 1007.979 1009.868 1013.439 1017.216 1020.992 1024.768 1029.488 1035.867 1042.247 1048.626 1055.006 1062.642 1070.53 1078.418 1086.306 1092.264 1093.812 1095.36 1096.909 1098.457 1097.646 1096.151 1094.657 1093.162 1091.933 1091.518 1091.102 1090.687 1090.271 1090.501 1090.985 1091.469 1091.953 1092.52 1093.444 1094.368 1095.292 1096.216 1097.036 1097.802 1098.568 1099.334 1100.0 1100.0 1100.0 1100.0 1100.0 1099.844 1099.586 1099.327 1099.068 1098.588 1095.274 1091.961 1088.647 1085.333
1000.0 1000.431 1000.885 1001.338 1001.792 1003.064 1005.466 1007.867 1010.268 1012.669 1016.69 1020.909 1025.127 1029.345 1034.202 1040.183 1046.163 1052.144 1058.125 1065.119 1072.317 1079.515 1086.713 1092.199 1093.774 1095.349 1096.924 1098.5 1097.87 1096.602 1095.334 1094.066 1093.113 1093.123 1093.133 1093.144 1093.154 1093.527 1094.044 1094.56 1095.076 1095.595 1096.126 1096.656 1097.187 1097.717 1098.204 1098.668 1099.132 1099.596 1100.0 1100.0 1100.0 1100.0 1100.0 1099.883 1099.689 1099.495 1099.301 1098.924 1096.209 1093.494 1090.779 1088.063
1000.0 1000.557 1001.145 1001.732 1002.319 1003.855 1006.7 1009.546 1012.391 1015.236 1019.564 1024.073 1028.582 1033.091 1037.965 1043.481 1048.998 1054.514 1060.03 1066.383 1072.902 1079.422 1085.941 1090.965 1092.57 1094.175 1095.78 1097.385 1096.807 1095.596 1094.385 1093.174 1092.418 1093.052 1093.685 1094.319 1094.953 1095.572 1096.186 1096.8 1097.414 1097.956 1098.186 1098.417 1098.647 1098.878 1099.108 1099.339 1099.569 1099.8 1100.0 1100.0 1100.0 1100.0 1100.0 1099.906 1099.75 1099.594 1099.438 1099.122 1096.755 1094.389 1092.023 1089.657
1000.0 1000.721 1001.481 1002.241 1003.0 1004.748 1007.857 1010.966 1014.075 1017.185 1021.445 1025.847 1030.248 1034.649 1039.224 1044.104 1048.984 1053.865 1058.745 1064.452 1070.324 1076.197 1082.07 1086.655 1088.298 1089.94 1091.583 1093.226 1092.355 1090.756 1089.157 1087.558 1086.791 1088.567 1090.344 1092.12 1093.897 1095.033 1095.917 1096.8 1097.684 1098.434 1098.61 1098.787 1098.964 1099.14 1099.317 1099.493 1099.67 1099.846 1100.0 1100.0 1100.0 1100.0 1100.0 1099.887 1099.698 1099.51 1099.321 1098.953 1096.279 1093.606 1090.932 1088.259
1000.0 1000.885 1001.817 1002.749 1003.682 1005.64 1009.013 1012.387 1015.76 1019.133 1023.327 1027.62 1031.914 1036.207 1040.483 1044.727 1048.971 1053.215 1057.459 1062.521 1067.747 1072.972 1078.198 1082.345 1084.025 1085.706 1087.386 1089.067 1087.904 1085.916 1083.929 1081.942 1081.163 1084.083 1087.003 1089.922 1092.842 1094.494 1095.647 1096.8 1097.953 1098.912 1099.035 1099.157 1099.28 1099.403 1099.525 1099.648 1099.771 1099.893 1100.0 1100.0 1100.0 1100.0 1100.0 1099.867 1099.646 1099.426 1099.205 1098.784 1095.803 1092.822 1089.842 1086.861
1000.0 1001.049 1002.153 1003.258 1004.363 1006.532 1010.17 1013.807 1017.445 1021.082 1025.208 1029.394 1033.579 1037.765 1041.741 1045.349 1048.957 1052.565 1056.173 1060.59 1065.169 1069.748 1074.327 1078.035 1079.753 1081.471 1083.189 1084.908 1083.452 1081.077 1078.701 1076.326 1075.536 1079.599 1083.661 1087.724 1091.786 1093.955 1095.377 1096.8 1098.223 1099.39 1099.459 1099.528 1099.596 1099.665 1099.734 1099.803 1099.871 1099.94 1100.0 1100.0 1100.0 1100.0 1100.0 1099.848 1099.595 1099.342 1099.088 1098.615 1095.327 1092.039 1088.751 1085.463
1000.0 1001.212 1002.49 1003.767 1005.044 1007.425 1011.326 1015.228 1019.13 1023.031 1027.09 1031.168 1035.245 1039.323 1043.0 1045.972 1048.944 1051.916 1054.888 1058.66 1062.591 1066.523 1070.455 1073.724 1075.48 1077.236 1078.992 1080.748 1079.0 1076.237 1073.473 1070.709 1069.909 1075.115 1080.32 1085.525 1090.731 1093.416 1095.108 1096.8 1098.492 1099.868 1099.883 1099.898 1099.913 1099.928 1099.943 1099.957 1099.972 1099.987 1100.0 1100.0 1100.0 1100.0 1100.0 1099.828 1099.543 1099.257 1098.972 1098.447 1094.851 1091.256 1087.66 1084.065
1000.0 1001.243 1002.552 1003.861 1005.17 1007.537 1011.363 1015.189 1019.015 1022.841 1026.555 1030.255 1033.956 1037.656 1040.88 1043.267 1045.654 1048.04 1050.427 1053.305 1056.281 1059.257 1062.234 1064.776 1066.328 1067.879 1069.431 1070.982 1070.108 1068.53 1066.953 1065.375 1065.7 1071.841 1077.982 1084.123 1090.264 1093.267 1095.034 1096.8 1098.566 1099.971 1099.814 1099.658 1099.502 1099.346 1099.187 1099.027 1098.866 1098.706 1098.588 1098.748 1098.908 1099.068 1099.229 1099.08 1098.727 1098.374 1098.021 1097.43 1093.789 1090.148 1086.507 1082.866
1000.0 1001.222 1002.51 1003.797 1005.085 1007.353 1010.974 1014.596 1018.217 1021.838 1025.102 1028.323 1031.543 1034.764 1037.477 1039.297 1041.118 1042.938 1044.759 1046.649 1048.552 1050.455 1052.359 1054.065 1055.32 1056.575 1057.83 1059.085 1059.527 1059.734 1059.941 1060.148 1062.028 1069.027 1076.025 1083.024 1090.022 1093.267 1095.034 1096.8 1098.566 1099.93 1099.558 1099.186 1098.814 1098.442 1098.064 1097.683 1097.302 1096.921 1096.639 1097.02 1097.401 1097.783 1098.164 1098.055 1097.621 1097.187 1096.753 1096.091 1092.504 1088.917 1085.33 1081.743
1000.0 1001.202 1002.468 1003.734 1005.0 1007.17 1010.586 1014.002 1017.418 1020.835 1023.649 1026.39 1029.13 1031.871 1034.073 1035.328 1036.583 1037.837 1039.091 1039.993 1040.823 1041.654 1042.484 1043.354 1044.313 1045.271 1046.23 1047.188 1048.947 1050.939 1052.93 1054.921 1058.357 1066.213 1074.069 1081.924 1089.78 1093.267 1095.034 1096.8 1098.566 1099.889 1099.302 1098.714 1098.127 1097.539 1096.942 1096.34 1095.738 1095.135 1094.69 1095.292 1095.895 1096.497 1097.099 1097.03 1096.515 1096.0 1095.485 1094.752 1091.219 1087.686 1084.153 1080.62
1000.0 1001.181 1002.426 1003.67 1004.915 1006.986 1010.197 1013.409 1016.62 1019.832 1022.196 1024.457 1026.718 1028.979 1030.67 1031.358 1032.047 1032.735 1033.424 1033.337 1033.094 1032.852 1032.61 1032.643 1033.305 1033.967 1034.629 1035.291 1038.367 1042.143 1045.919 1049.694 1054.686 1063.399 1072.112 1080.825 1089.538 1093.267 1095.034 1096.8 1098.566 1099.849 1099.046 1098.242 1097.439 1096.636 1095.82 1094.996 1094.173 1093.35 1092.741 1093.565 1094.388 1095.211 1096.035 1096.004 1095.409 1094.813 1094.218 1093.413 1089.934 1086.455 1082.975 1079.496
1000.0 1001.159 1002.38 1003.601 1004.822 1006.784 1009.767 1012.75 1015.733 1018.716 1020.631 1022.415 1024.198 1025.983 1027.177 1027.334 1027.491 1027.648 1027.805 1026.911 1025.806 1024.701 1023.596 1023.002 1023.575 1024.149 1024.723 1025.296 1029.672 1035.15 1040.627 1046.105 1052.519 1061.797 1071.076 1080.354 1089.632 1093.482 1095.192 1096.902 1098.612 1099.807 1098.785 1097.762 1096.74 1095.717 1094.514 1093.218 1091.921 1090.625 1089.631 1090.652 1091.674 1092.696 1093.718 1093.785 1093.219 1092.653 1092.087 1091.317 1087.927 1084.537 1081.148 1077.758
1000.0 1001.128 1002.317 1003.506 1004.694 1006.494 1009.138 1011.781 1014.425 1017.068 1018.532 1019.853 1021.173 1022.493 1023.259 1023.05 1022.84 1022.631 1022.421 1021.578 1020.608 1019.638 1018.667 1018.441 1019.915 1021.389 1022.863 1024.337 1029.931 1036.719 1043.506 1050.294 1057.493 1065.952 1074.411 1082.87 1091.329 1094.714 1096.101 1097.488 1098.875 1099.763 1098.503 1097.243 1095.983 1094.724 1092.338 1089.37 1086.402 1083.434 1080.999 1082.112 1083.226 1084.339 1085.452 1085.89 1085.879 1085.869 1085.858 1085.622 1082.491 1079.36 1076.229 1073.098
1000.0 1001.098 1002.254 1003.41 1004.567 1006.205 1008.509 1010.813 1013.117 1015.421 1016.434 1017.291 1018.148 1019.004 1019.342 1018.766 1018.19 1017.614 1017.038 1016.245 1015.41 1014.574 1013.739 1013.88 1016.255 1018.629 1021.004 1023.378 1030.19 1038.288 1046.385 1054.483 1062.468 1070.107 1077.747 1085.386 1093.026 1095.947 1097.011 1098.074 1099.137 1099.718 1098.221 1096.724 1095.227 1093.73 1090.161 1085.522 1080.883 1076.244 1072.367 1073.572 1074.777 1075.982 1077.188 1077.995 1078.54 1079.085 1079.63 1079.927 1077.055 1074.183 1071.311 1068.438
1000.0 1001.067 1002.191 1003.315 1004.439 1005.916 1007.88 1009.844 1011.808 1013.773 1014.336 1014.729 1015.122 1015.515 1015.424 1014.482 1013.539 1012.596 1011.654 1010.913 1010.212 1009.511 1008.811 1009.32 1012.595 1015.869 1019.144 1022.419 1030.449 1039.857 1049.264 1058.672 1067.442 1074.262 1081.082 1087.902 1094.722 1097.18 1097.92 1098.66 1099.4 1099.673 1097.939 1096.205 1094.471 1092.737 1087.985 1081.675 1075.364 1069.054 1063.736 1065.032 1066.329 1067.626 1068.922 1070.101 1071.201 1072.301 1073.401 1074.232 1071.619 1069.005 1066.392 1063.779
1000.0 1001.036 1002.128 1003.219 1004.311 1005.627 1007.251 1008.876 1010.5 1012.125 1012.238 1012.168 1012.097 1012.026 1011.507 1010.198 1008.888 1007.579 1006.27 1005.58 1005.014 1004.448 1003.882 1004.759 1008.934 1013.109 1017.285 1021.46 1030.708 1041.426 1052.144 1062.861 1072.417 1078.417 1084.418 1090.418 1096.419 1098.413 1098.83 1099.246 1099.662 1099.629 1097.657 1095.686 1093.715 1091.743 1085.809 1077.827 1069.845 1061.863 1055.104 1056.492 1057.881 1059.269 1060.657 1062.206 1063.862 1065.517 1067.172 1068.537 1066.182 1063.828 1061.474 1059.119
1000.0 1000.961 1001.973 1002.985 1003.998 1005.157 1006.519 1007.881 1009.243 1010.606 1010.484 1010.182 1009.879 1009.577 1008.938 1007.709 1006.48 1005.251 1004.022 1003.833 1003.852 1003.871 1003.89 1005.503 1010.76 1016.017 1021.274 1026.531 1035.972 1046.626 1057.28 1067.934 1077.208 1082.261 1087.314 1092.368 1097.421 1099.032 1099.286 1099.54 1099.794 1099.635 1097.695 1095.755 1093.815 1091.875 1085.284 1076.289 1067.295 1058.3 1050.52 1050.831 1051.141 1051.452 1051.763 1053.152 1055.255 1057.358 1059.461 1061.284 1059.517 1057.751 1055.984 1054.218
1000.0 1000.859 1001.763 1002.667 1003.572 1004.578 1005.724 1006.871 1008.018 1009.164 1008.937 1008.543 1008.149 1007.755 1007.185 1006.307 1005.428 1004.549 1003.671 1004.254 1005.131 1006.007 1006.883 1009.455 1015.903 1022.352 1028.8 1035.248 1044.263 1054.022 1063.781 1073.54 1081.887 1085.916 1089.945 1093.975 1098.004 1099.278 1099.468 1099.657 1099.846 1099.671 1097.925 1096.18 1094.434 1092.688 1085.757 1076.148 1066.539 1056.93 1048.383 1046.909 1045.435 1043.962 1042.488 1043.396 1045.882 1048.368 1050.854 1053.088 1052.109 1051.13 1050.15 1049.171
1000.0 1000.756 1001.553 1002.349 1003.146 1003.999 1004.93 1005.861 1006.792 1007.723 1007.391 1006.905 1006.419 1005.933 1005.432 1004.904 1004.376 1003.848 1003.319 1004.676 1006.409 1008.143 1009.876 1013.407 1021.047 1028.686 1036.326 1043.965 1052.554 1061.418 1070.282 1079.146 1086.567 1089.572 1092.577 1095.581 1098.586 1099.525 1099.649 1099.774 1099.899 1099.708 1098.156 1096.604 1095.053 1093.501 1086.231 1076.008 1065.784 1055.561 1046.246 1042.988 1039.73 1036.472 1033.214 1033.64 1036.509 1039.378 1042.246 1044.893 1044.701 1044.508 1044.316 1044.124
