data/zism_data/00295_02_D.txt
ncols         224
nrows         224
[rows 28 to 55 of 224, columns 63 to 125 of 224]
2068.99 2074.29 2080.826 2087.363 2093.899 2100.436 2104.857 2109.216 2113.575 2117.934 2122.095 2126.018 2129.941 2133.865 2137.788 2140.844 2143.84 2146.836 2149.832 2151.989 2152.974 2153.96 2154.946 2155.931 2154.177 2152.115 2150.054 2147.992 2143.915 2136.568 2129.221 2121.874 2114.527 2110.414 2106.814 2103.213 2099.613 2094.771 2087.574 2080.377 2073.181 2065.984 2061.287 2057.112 2052.936 2048.76 2047.603 2053.184 2058.765 2064.345 2069.926 2078.507 2087.88 2097.253 2106.625 2116.276 2126.668 2137.06 2147.453 2157.844 2166.022 2173.483 2180.943
2062.587 2068.69 2075.907 2083.125 2090.342 2097.56 2102.421 2107.212 2112.003 2116.794 2121.314 2125.507 2129.701 2133.895 2138.088 2141.52 2144.9 2148.28 2151.659 2154.375 2156.167 2157.957 2159.748 2161.539 2160.789 2159.754 2158.719 2157.685 2154.299 2147.097 2139.896 2132.695 2125.494 2120.865 2116.643 2112.421 2108.199 2102.875 2095.463 2088.05 2080.637 2073.224 2068.391 2064.097 2059.803 2055.508 2054.194 2059.531 2064.869 2070.206 2075.543 2084.258 2093.863 2103.468 2113.073 2122.883 2133.237 2143.591 2153.946 2164.3 2171.672 2178.079 2184.485
2056.185 2063.09 2070.989 2078.887 2086.785 2094.683 2099.984 2105.207 2110.43 2115.654 2120.533 2124.997 2129.46 2133.924 2138.388 2142.197 2145.96 2149.723 2153.486 2156.762 2159.359 2161.955 2164.551 2167.146 2167.401 2167.393 2167.385 2167.378 2164.683 2157.627 2150.572 2143.517 2136.461 2131.315 2126.472 2121.629 2116.786 2110.98 2103.352 2095.722 2088.093 2080.464 2075.496 2071.083 2066.669 2062.256 2060.784 2065.878 2070.973 2076.067 2081.161 2090.009 2099.847 2109.684 2119.521 2129.49 2139.806 2150.122 2160.438 2170.755 2177.322 2182.675 2188.028
2047.897 2055.629 2063.94 2072.25 2080.561 2088.871 2094.575 2100.201 2105.827 2111.453 2116.688 2121.452 2126.215 2130.979 2135.742 2139.805 2143.82 2147.834 2151.848 2155.688 2159.285 2162.881 2166.477 2170.073 2171.163 2171.973 2172.782 2173.591 2171.619 2165.133 2158.646 2152.16 2145.674 2140.082 2134.632 2129.182 2123.732 2117.454 2109.605 2101.756 2093.907 2086.059 2081.073 2076.684 2072.295 2067.907 2066.417 2071.401 2076.385 2081.368 2086.352 2095.247 2105.173 2115.1 2125.026 2134.982 2145.017 2155.052 2165.088 2175.124 2181.032 2185.603 2190.175
2038.726 2047.297 2055.894 2064.49 2073.087 2081.684 2087.774 2093.789 2099.805 2105.82 2111.41 2116.487 2121.564 2126.641 2131.718 2135.978 2140.181 2144.385 2148.588 2152.994 2157.682 2162.37 2167.058 2171.746 2173.592 2175.12 2176.648 2178.177 2176.941 2171.223 2165.504 2159.785 2154.066 2148.062 2142.012 2135.962 2129.912 2123.165 2115.094 2107.023 2098.953 2090.883 2085.934 2081.637 2077.341 2073.044 2071.603 2076.538 2081.473 2086.408 2091.343 2100.245 2110.193 2120.141 2130.089 2139.952 2149.594 2159.234 2168.876 2178.517 2183.834 2187.752 2191.669
2029.555 2038.964 2047.848 2056.731 2065.615 2074.498 2080.974 2087.378 2093.782 2100.187 2106.132 2111.522 2116.912 2122.303 2127.693 2132.15 2136.543 2140.936 2145.329 2150.3 2156.08 2161.859 2167.639 2173.418 2176.021 2178.268 2180.515 2182.761 2182.264 2177.312 2172.361 2167.41 2162.458 2156.041 2149.391 2142.741 2136.092 2128.875 2120.583 2112.29 2103.998 2095.706 2090.796 2086.591 2082.386 2078.181 2076.789 2081.675 2086.562 2091.448 2096.334 2105.243 2115.213 2125.182 2135.151 2144.923 2154.17 2163.416 2172.663 2181.909 2186.636 2189.9 2193.164
2020.384 2030.632 2039.802 2048.972 2058.142 2067.311 2074.173 2080.967 2087.76 2094.554 2100.853 2106.557 2112.261 2117.965 2123.669 2128.323 2132.905 2137.487 2142.069 2147.606 2154.477 2161.348 2168.219 2175.09 2178.449 2181.415 2184.381 2187.347 2187.586 2183.402 2179.218 2175.034 2170.85 2164.019 2156.77 2149.52 2142.271 2134.585 2126.071 2117.557 2109.044 2100.53 2095.657 2091.544 2087.431 2083.318 2081.974 2086.812 2091.65 2096.488 2101.325 2110.241 2120.232 2130.223 2140.214 2149.894 2158.746 2167.598 2176.45 2185.302 2189.438 2192.048 2194.658
2010.948 2021.92 2031.317 2040.713 2050.109 2059.505 2066.69 2073.81 2080.93 2088.05 2094.701 2100.788 2106.874 2112.961 2119.047 2123.915 2128.699 2133.483 2138.266 2144.348 2152.242 2160.137 2168.031 2175.926 2180.082 2183.819 2187.557 2191.294 2192.31 2188.911 2185.512 2182.113 2178.714 2171.614 2163.928 2156.243 2148.557 2140.523 2131.829 2123.135 2114.442 2105.748 2100.875 2096.799 2092.723 2088.646 2087.292 2092.016 2096.74 2101.463 2106.187 2115.036 2124.972 2134.909 2144.845 2154.384 2162.865 2171.345 2179.826 2188.307 2191.916 2193.947 2195.978
1999.74 2010.678 2019.901 2029.124 2038.348 2047.571 2054.662 2061.69 2068.718 2075.746 2082.729 2089.659 2096.588 2103.518 2110.447 2115.638 2120.708 2125.778 2130.848 2137.333 2145.795 2154.257 2162.719 2171.181 2176.405 2181.266 2186.128 2190.989 2193.045 2190.549 2188.052 2185.555 2183.059 2176.647 2169.615 2162.583 2155.551 2147.979 2139.383 2130.786 2122.189 2113.593 2108.464 2104.058 2099.652 2095.247 2093.495 2097.667 2101.839 2106.012 2110.184 2118.473 2127.848 2137.222 2146.596 2155.667 2163.932 2172.197 2180.461 2188.726 2192.225 2194.18 2196.136
1988.532 1999.435 2008.485 2017.536 2026.586 2035.636 2042.633 2049.569 2056.505 2063.441 2070.757 2078.529 2086.302 2094.074 2101.847 2107.36 2112.716 2118.073 2123.429 2130.318 2139.348 2148.377 2157.406 2166.435 2172.728 2178.713 2184.699 2190.685 2193.78 2192.186 2190.592 2188.998 2187.404 2181.679 2175.302 2168.923 2162.545 2155.435 2146.936 2138.437 2129.938 2121.438 2116.053 2111.318 2106.583 2101.847 2099.697 2103.318 2106.939 2110.56 2114.181 2121.91 2130.723 2139.535 2148.348 2156.951 2165.0 2173.048 2181.097 2189.145 2192.534 2194.414 2196.294
1977.324 1988.192 1997.07 2005.947 2014.825 2023.702 2030.605 2037.449 2044.293 2051.137 2058.784 2067.4 2076.016 2084.631 2093.247 2099.082 2104.725 2110.368 2116.011 2123.303 2132.9 2142.497 2152.094 2161.69 2169.051 2176.16 2183.27 2190.38 2194.515 2193.823 2193.132 2192.44 2191.749 2186.712 2180.988 2175.264 2169.54 2162.891 2154.489 2146.087 2137.685 2129.283 2123.642 2118.577 2113.512 2108.447 2105.899 2108.969 2112.039 2115.108 2118.178 2125.348 2133.598 2141.849 2150.099 2158.235 2166.067 2173.899 2181.732 2189.564 2192.843 2194.647 2196.451
1966.116 1976.949 1985.654 1994.358 2003.063 2011.767 2018.576 2025.328 2032.081 2038.833 2046.812 2056.27 2065.729 2075.188 2084.647 2090.804 2096.734 2102.663 2108.592 2116.289 2126.453 2136.617 2146.781 2156.945 2165.373 2173.607 2181.841 2190.075 2195.25 2195.461 2195.671 2195.882 2196.093 2191.745 2186.675 2181.604 2176.534 2170.347 2162.042 2153.738 2145.433 2137.129 2131.232 2125.837 2120.442 2115.047 2112.101 2114.62 2117.138 2119.657 2122.176 2128.785 2136.474 2144.162 2151.85 2159.519 2167.135 2174.751 2182.367 2189.983 2193.152 2194.881 2196.609
1962.255 1972.544 1980.875 1989.206 1997.537 2005.869 2012.653 2019.392 2026.131 2032.869 2040.976 2050.732 2060.489 2070.246 2080.003 2086.629 2093.039 2099.449 2105.859 2114.102 2124.906 2135.71 2146.513 2157.317 2165.851 2174.131 2182.411 2190.692 2196.021 2196.561 2197.101 2197.641 2198.181 2194.512 2190.177 2185.842 2181.507 2176.026 2168.37 2160.714 2153.058 2145.402 2139.762 2134.542 2129.322 2124.102 2121.036 2122.778 2124.52 2126.261 2128.003 2133.723 2140.493 2147.262 2154.031 2160.926 2168.157 2175.387 2182.618 2189.849 2192.949 2194.712 2196.475
1963.721 1973.096 1980.908 1988.721 1996.533 2004.345 2011.157 2017.939 2024.721 2031.503 2039.589 2049.248 2058.907 2068.567 2078.227 2085.428 2092.459 2099.491 2106.522 2115.416 2126.912 2138.407 2149.903 2161.398 2169.341 2176.886 2184.431 2191.977 2196.818 2197.271 2197.725 2198.179 2198.632 2195.638 2192.097 2188.556 2185.016 2180.416 2173.809 2167.201 2160.594 2153.987 2148.974 2144.295 2139.615 2134.936 2131.952 2132.753 2133.555 2134.357 2135.158 2139.75 2145.341 2150.932 2156.523 2162.423 2169.146 2175.868 2182.592 2189.314 2192.376 2194.252 2196.128
1965.186 1973.648 1980.941 1988.235 1995.528 2002.822 2009.661 2016.486 2023.311 2030.136 2038.202 2047.764 2057.326 2066.888 2076.45 2084.227 2091.88 2099.533 2107.186 2116.73 2128.918 2141.105 2153.292 2165.479 2172.831 2179.641 2186.451 2193.261 2197.615 2197.982 2198.349 2198.716 2199.083 2196.763 2194.017 2191.271 2188.524 2184.807 2179.248 2173.689 2168.13 2162.571 2158.187 2154.048 2149.909 2145.769 2142.868 2142.729 2142.591 2142.452 2142.313 2145.776 2150.189 2154.602 2159.014 2163.92 2170.135 2176.349 2182.564 2188.779 2191.802 2193.792 2195.782
1966.651 1974.2 1980.974 1987.749 1994.524 2001.299 2008.164 2015.033 2021.901 2028.77 2036.815 2046.28 2055.744 2065.209 2074.674 2083.026 2091.3 2099.574 2107.849 2118.044 2130.924 2143.802 2156.681 2169.56 2176.32 2182.396 2188.471 2194.546 2198.412 2198.693 2198.973 2199.254 2199.535 2197.888 2195.936 2193.985 2192.033 2189.198 2184.687 2180.176 2175.666 2171.156 2167.399 2163.801 2160.202 2156.603 2153.784 2152.705 2151.626 2150.547 2149.468 2151.802 2155.037 2158.272 2161.506 2165.417 2171.124 2176.83 2182.537 2188.244 2191.229 2193.332 2195.435
1968.359 1975.012 1981.288 1987.564 1993.84 2000.117 2007.015 2013.932 2020.849 2027.766 2035.786 2045.137 2054.489 2063.84 2073.191 2082.099 2090.977 2099.855 2108.733 2119.548 2133.07 2146.591 2160.112 2173.633 2179.796 2185.135 2190.474 2195.813 2199.191 2199.387 2199.582 2199.778 2199.973 2198.987 2197.814 2196.642 2195.469 2193.501 2190.028 2186.555 2183.082 2179.608 2176.477 2173.417 2170.356 2167.296 2164.566 2162.572 2160.579 2158.585 2156.592 2157.821 2159.898 2161.976 2164.053 2166.986 2172.188 2177.391 2182.594 2187.797 2190.739 2192.948 2195.157
1978.195 1984.548 1991.003 1997.457 2003.912 2010.366 2017.49 2024.634 2031.778 2038.922 2046.765 2055.452 2064.138 2072.824 2081.511 2090.376 2099.254 2108.132 2117.01 2127.401 2139.907 2152.412 2164.917 2177.422 2182.788 2187.354 2191.92 2196.487 2199.37 2199.522 2199.675 2199.827 2199.979 2199.211 2198.298 2197.384 2196.471 2194.901 2192.087 2189.273 2186.459 2183.645 2181.021 2178.436 2175.852 2173.267 2170.85 2168.808 2166.766 2164.724 2162.682 2163.549 2165.184 2166.818 2168.453 2170.963 2175.798 2180.634 2185.469 2190.304 2193.05 2195.119 2197.188
1988.031 1994.084 2000.717 2007.35 2013.983 2020.616 2027.966 2035.337 2042.708 2050.079 2057.745 2065.766 2073.788 2081.809 2089.831 2098.654 2107.531 2116.409 2125.287 2135.255 2146.744 2158.233 2169.722 2181.211 2185.78 2189.573 2193.367 2197.16 2199.549 2199.658 2199.767 2199.876 2199.985 2199.435 2198.781 2198.127 2197.473 2196.301 2194.146 2191.991 2189.837 2187.682 2185.565 2183.456 2181.347 2179.238 2177.135 2175.044 2172.953 2170.863 2168.772 2169.278 2170.47 2171.661 2172.853 2174.94 2179.408 2183.876 2188.344 2192.812 2195.361 2197.29 2199.218
1997.866 2003.621 2010.432 2017.243 2024.054 2030.866 2038.441 2046.039 2053.637 2061.235 2068.723 2076.08 2083.437 2090.794 2098.151 2106.931 2115.809 2124.687 2133.564 2143.108 2153.581 2164.054 2174.527 2185.0 2188.772 2191.792 2194.813 2197.834 2199.728 2199.794 2199.859 2199.925 2199.991 2199.659 2199.264 2198.87 2198.475 2197.7 2196.205 2194.71 2193.214 2191.719 2190.11 2188.476 2186.843 2185.209 2183.419 2181.28 2179.14 2177.001 2174.862 2175.007 2175.756 2176.504 2177.252 2178.917 2183.017 2187.118 2191.218 2195.319 2197.672 2199.46 2201.248
2007.702 2013.157 2020.147 2027.136 2034.126 2041.116 2048.917 2056.741 2064.566 2072.391 2079.703 2086.395 2093.087 2099.779 2106.472 2115.208 2124.086 2132.964 2141.842 2150.961 2160.418 2169.876 2179.333 2188.79 2191.764 2194.012 2196.26 2198.507 2199.907 2199.929 2199.952 2199.974 2199.997 2199.883 2199.748 2199.613 2199.477 2199.1 2198.264 2197.428 2196.592 2195.756 2194.654 2193.496 2192.338 2191.18 2189.703 2187.515 2185.327 2183.139 2180.952 2180.736 2181.042 2181.346 2181.652 2182.894 2186.627 2190.36 2194.093 2197.826 2199.983 2201.631 2203.278
2017.369 2022.746 2029.736 2036.725 2043.715 2050.705 2058.254 2065.82 2073.386 2080.952 2087.821 2093.848 2099.875 2105.903 2111.931 2120.368 2128.972 2137.575 2146.179 2154.86 2163.648 2172.435 2181.223 2190.01 2192.68 2194.664 2196.648 2198.632 2199.872 2199.903 2199.934 2199.965 2199.996 2199.92 2199.827 2199.734 2199.641 2199.377 2198.789 2198.202 2197.614 2197.027 2196.027 2194.941 2193.856 2192.77 2191.439 2189.559 2187.679 2185.799 2183.919 2183.959 2184.506 2185.053 2185.6 2187.029 2190.803 2194.577 2198.351 2202.125 2204.024 2205.316 2206.609
2026.851 2032.393 2039.188 2045.983 2052.778 2059.573 2066.351 2073.128 2079.905 2086.682 2092.818 2098.181 2103.543 2108.906 2114.269 2122.127 2130.158 2138.189 2146.22 2154.445 2162.941 2171.437 2179.932 2188.428 2191.331 2193.607 2195.883 2198.159 2199.604 2199.699 2199.795 2199.891 2199.987 2199.752 2199.464 2199.177 2198.889 2198.429 2197.641 2196.854 2196.066 2195.279 2193.94 2192.487 2191.034 2189.581 2188.212 2187.029 2185.846 2184.663 2183.48 2184.449 2185.985 2187.521 2189.057 2191.337 2195.597 2199.858 2204.118 2208.379 2209.952 2210.655 2211.358
2036.333 2042.04 2048.64 2055.241 2061.841 2068.442 2074.448 2080.436 2086.424 2092.412 2097.815 2102.513 2107.211 2111.908 2116.607 2123.886 2131.344 2138.803 2146.261 2154.03 2162.235 2170.438 2178.642 2186.846 2189.981 2192.549 2195.117 2197.685 2199.335 2199.496 2199.657 2199.817 2199.978 2199.584 2199.102 2198.619 2198.137 2197.481 2196.493 2195.506 2194.518 2193.531 2191.854 2190.033 2188.213 2186.392 2184.985 2184.499 2184.013 2183.528 2183.042 2184.938 2187.463 2189.988 2192.513 2195.645 2200.392 2205.139 2209.885 2214.632 2215.879 2215.993 2216.108
2045.816 2051.687 2058.093 2064.499 2070.904 2077.31 2082.544 2087.743 2092.942 2098.141 2102.812 2106.845 2110.878 2114.911 2118.945 2125.646 2132.531 2139.416 2146.302 2153.615 2161.528 2169.44 2177.352 2185.264 2188.633 2191.492 2194.352 2197.212 2199.067 2199.292 2199.518 2199.744 2199.969 2199.416 2198.739 2198.063 2197.386 2196.533 2195.345 2194.158 2192.97 2191.783 2189.768 2187.58 2185.392 2183.203 2181.758 2181.969 2182.18 2182.392 2182.603 2185.428 2188.942 2192.456 2195.969 2199.953 2205.186 2210.419 2215.653 2220.885 2221.807 2221.332 2220.857
2055.299 2061.333 2067.545 2073.756 2079.968 2086.179 2090.641 2095.051 2099.461 2103.871 2107.809 2111.177 2114.546 2117.914 2121.283 2127.405 2133.717 2140.03 2146.343 2153.201 2160.821 2168.441 2176.062 2183.682 2187.283 2190.435 2193.586 2196.738 2198.799 2199.089 2199.379 2199.67 2199.96 2199.248 2198.376 2197.505 2196.634 2195.585 2194.197 2192.81 2191.423 2190.035 2187.681 2185.126 2182.57 2180.014 2178.531 2179.439 2180.348 2181.256 2182.165 2185.917 2190.42 2194.923 2199.426 2204.261 2209.981 2215.7 2221.42 2227.139 2227.735 2226.671 2225.607
2061.164 2067.063 2072.619 2078.175 2083.73 2089.286 2092.851 2096.356 2099.862 2103.368 2106.39 2108.828 2111.266 2113.704 2116.142 2121.377 2126.806 2132.235 2137.665 2144.112 2151.982 2159.852 2167.721 2175.591 2179.94 2183.895 2187.849 2191.804 2194.409 2194.824 2195.24 2195.655 2196.071 2194.956 2193.6 2192.243 2190.887 2189.227 2186.993 2184.76 2182.525 2180.292 2177.765 2175.178 2172.591 2170.004 2168.974 2171.422 2173.869 2176.317 2178.765 2183.51 2188.862 2194.214 2199.565 2205.041 2210.845 2216.65 2222.455 2228.26 2228.389 2226.681 2224.973
2066.747 2072.487 2077.351 2082.215 2087.079 2091.943 2094.601 2097.193 2099.786 2102.378 2104.469 2105.956 2107.443 2108.93 2110.417 2114.741 2119.262 2123.784 2128.305 2134.345 2142.507 2150.668 2158.83 2166.991 2172.128 2176.926 2181.723 2186.521 2189.698 2190.242 2190.788 2191.333 2191.878 2190.343 2188.478 2186.614 2184.749 2182.447 2179.316 2176.185 2173.054 2169.923 2167.237 2164.645 2162.052 2159.459 2158.923 2162.975 2167.028 2171.081 2175.134 2180.877 2187.066 2193.256 2199.445 2205.544 2211.402 2217.261 2223.12 2228.979 2228.632 2226.275 2223.919
