data/zism_data/00297_02_D.txt
ncols         224
nrows         224
[rows 168 to 195 of 224, columns 63 to 125 of 224]
1002.674 1007.841 1013.392 1018.944 1024.495 1030.047 1035.507 1040.965 1046.423 1051.881 1057.599 1063.631 1069.662 1075.694 1081.726 1084.274 1086.581 1088.887 1091.194 1092.82 1093.495 1094.169 1094.843 1095.518 1098.243 1101.198 1104.152 1107.107 1111.93 1119.785 1127.64 1135.495 1143.35 1150.738 1158.052 1165.366 1172.68 1178.451 1181.297 1184.144 1186.991 1189.837 1188.955 1187.294 1185.634 1183.973 1181.645 1177.828 1174.011 1170.195 1166.378 1160.377 1153.8 1147.223 1140.647 1133.862 1126.525 1119.188 1111.85 1104.513 1099.584 1095.436 1091.287
1001.928 1007.621 1013.927 1020.233 1026.539 1032.844 1039.18 1045.517 1051.854 1058.191 1064.52 1070.839 1077.159 1083.478 1089.797 1092.521 1094.996 1097.471 1099.946 1101.758 1102.644 1103.531 1104.417 1105.303 1108.425 1111.797 1115.17 1118.542 1123.628 1131.494 1139.36 1147.226 1155.091 1161.717 1168.147 1174.576 1181.005 1185.757 1187.328 1188.9 1190.472 1192.043 1190.056 1187.327 1184.597 1181.867 1178.593 1174.104 1169.614 1165.124 1160.634 1154.326 1147.537 1140.749 1133.961 1127.184 1120.438 1113.693 1106.947 1100.201 1095.564 1091.611 1087.658
1000.887 1006.937 1013.833 1020.73 1027.626 1034.523 1041.543 1048.568 1055.592 1062.616 1069.38 1075.831 1082.281 1088.732 1095.183 1098.265 1101.114 1103.963 1106.813 1109.029 1110.361 1111.693 1113.025 1114.358 1117.907 1121.704 1125.502 1129.299 1134.488 1141.935 1149.382 1156.829 1164.275 1169.927 1175.294 1180.661 1186.029 1189.763 1190.4 1191.037 1191.675 1192.312 1189.444 1185.845 1182.245 1178.646 1174.643 1169.74 1164.836 1159.933 1155.03 1148.796 1142.212 1135.628 1129.043 1122.54 1116.25 1109.961 1103.672 1097.382 1092.857 1088.904 1084.951
999.691 1006.007 1013.408 1020.809 1028.21 1035.612 1043.216 1050.826 1058.436 1066.046 1073.153 1079.652 1086.152 1092.651 1099.151 1102.688 1106.02 1109.352 1112.684 1115.42 1117.322 1119.224 1121.126 1123.028 1127.02 1131.246 1135.472 1139.698 1144.906 1151.707 1158.508 1165.309 1172.11 1176.676 1180.887 1185.099 1189.31 1192.027 1191.91 1191.793 1191.677 1191.56 1187.929 1183.564 1179.2 1174.835 1170.218 1165.038 1159.858 1154.678 1149.498 1143.542 1137.38 1131.219 1125.059 1118.968 1113.064 1107.16 1101.255 1095.351 1090.843 1086.786 1082.73
998.4949 1005.077 1012.983 1020.889 1028.794 1036.7 1044.888 1053.084 1061.281 1069.477 1076.926 1083.474 1090.022 1096.571 1103.119 1107.111 1110.926 1114.741 1118.556 1121.811 1124.282 1126.754 1129.226 1131.698 1136.132 1140.787 1145.442 1150.097 1155.323 1161.479 1167.635 1173.79 1179.945 1183.425 1186.481 1189.536 1192.592 1194.292 1193.421 1192.549 1191.678 1190.807 1186.413 1181.284 1176.154 1171.024 1165.793 1160.337 1154.88 1149.423 1143.966 1138.287 1132.549 1126.812 1121.074 1115.396 1109.877 1104.358 1098.839 1093.32 1088.828 1084.669 1080.509
997.2988 1004.147 1012.558 1020.968 1029.378 1037.789 1046.56 1055.342 1064.125 1072.907 1080.699 1087.296 1093.893 1100.49 1107.087 1111.534 1115.832 1120.13 1124.428 1128.201 1131.243 1134.285 1137.326 1140.367 1145.245 1150.328 1155.412 1160.495 1165.741 1171.251 1176.761 1182.271 1187.781 1190.174 1192.074 1193.974 1195.873 1196.556 1194.931 1193.306 1191.68 1190.055 1184.898 1179.003 1173.108 1167.214 1161.369 1155.635 1149.902 1144.168 1138.435 1133.033 1127.718 1122.404 1117.089 1111.824 1106.69 1101.557 1096.423 1091.289 1086.814 1082.551 1078.288
995.9574 1003.049 1011.914 1020.78 1029.645 1038.51 1047.83 1057.164 1066.498 1075.832 1083.967 1090.658 1097.348 1104.038 1110.729 1115.61 1120.365 1125.121 1129.876 1134.15 1137.749 1141.348 1144.948 1148.547 1153.805 1159.248 1164.692 1170.136 1175.356 1180.213 1185.069 1189.926 1194.783 1196.149 1196.963 1197.777 1198.591 1198.295 1195.897 1193.499 1191.101 1188.703 1182.852 1176.28 1169.708 1163.135 1156.746 1150.763 1144.781 1138.799 1132.816 1127.664 1122.731 1117.798 1112.865 1107.981 1103.229 1098.476 1093.724 1088.972 1084.541 1080.214 1075.888
993.5735 1000.744 1009.706 1018.669 1027.632 1036.595 1046.213 1055.851 1065.489 1075.126 1083.615 1090.718 1097.82 1104.923 1112.026 1117.192 1122.225 1127.257 1132.289 1136.921 1140.992 1145.063 1149.135 1153.206 1158.395 1163.708 1169.021 1174.335 1179.205 1183.357 1187.508 1191.66 1195.811 1196.575 1196.803 1197.031 1197.258 1196.266 1192.962 1189.658 1186.354 1183.05 1177.002 1170.381 1163.76 1157.139 1150.7 1144.669 1138.638 1132.606 1126.575 1121.477 1116.626 1111.774 1106.922 1102.194 1097.794 1093.395 1088.995 1084.595 1080.415 1076.305 1072.196
991.1896 998.4379 1007.498 1016.559 1025.619 1034.68 1044.596 1054.537 1064.479 1074.421 1083.262 1090.778 1098.293 1105.808 1113.323 1118.775 1124.084 1129.393 1134.702 1139.692 1144.235 1148.779 1153.322 1157.866 1162.984 1168.167 1173.351 1178.534 1183.055 1186.501 1189.947 1193.393 1196.839 1197.001 1196.642 1196.284 1195.926 1194.237 1190.027 1185.817 1181.607 1177.396 1171.151 1164.481 1157.812 1151.142 1144.654 1138.574 1132.494 1126.414 1120.334 1115.291 1110.52 1105.75 1100.979 1096.407 1092.36 1088.313 1084.266 1080.219 1076.288 1072.396 1068.504
988.8057 996.1323 1005.29 1014.449 1023.607 1032.765 1042.979 1053.224 1063.47 1073.715 1082.91 1090.838 1098.765 1106.692 1114.62 1120.358 1125.943 1131.529 1137.115 1142.463 1147.478 1152.494 1157.509 1162.525 1167.574 1172.627 1177.68 1182.733 1186.904 1189.645 1192.386 1195.126 1197.867 1197.427 1196.482 1195.538 1194.593 1192.208 1187.092 1181.975 1176.859 1171.743 1165.301 1158.582 1151.864 1145.145 1138.609 1132.48 1126.351 1120.222 1114.093 1109.104 1104.415 1099.726 1095.037 1090.62 1086.926 1083.231 1079.537 1075.842 1072.162 1068.487 1064.812
986.4218 993.8267 1003.082 1012.338 1021.594 1030.85 1041.362 1051.911 1062.461 1073.01 1082.558 1090.898 1099.237 1107.577 1115.917 1121.94 1127.803 1133.665 1139.527 1145.234 1150.721 1156.209 1161.697 1167.184 1172.164 1177.087 1182.009 1186.932 1190.754 1192.789 1194.825 1196.86 1198.895 1197.852 1196.322 1194.791 1193.261 1190.179 1184.157 1178.134 1172.112 1166.089 1159.45 1152.683 1145.915 1139.148 1132.563 1126.385 1120.207 1114.03 1107.852 1102.917 1098.309 1093.702 1089.094 1084.833 1081.491 1078.149 1074.808 1071.466 1068.036 1064.578 1061.119
984.6263 991.9018 1000.881 1009.86 1018.839 1027.818 1038.418 1049.066 1059.715 1070.363 1080.097 1088.727 1097.358 1105.988 1114.619 1120.947 1127.115 1133.282 1139.451 1145.409 1151.074 1156.739 1162.405 1168.07 1172.982 1177.809 1182.637 1187.465 1191.149 1192.979 1194.808 1196.637 1198.467 1197.16 1195.358 1193.555 1191.752 1188.29 1181.681 1175.072 1168.464 1161.855 1154.932 1147.943 1140.954 1133.964 1127.173 1120.825 1114.477 1108.129 1101.781 1096.712 1091.981 1087.25 1082.519 1078.234 1075.133 1072.032 1068.931 1065.83 1062.691 1059.539 1056.387
983.2401 990.2416 998.6834 1007.125 1015.567 1024.009 1034.551 1045.156 1055.761 1066.366 1076.17 1085.006 1093.843 1102.68 1111.517 1118.162 1124.656 1131.149 1137.643 1143.779 1149.418 1155.056 1160.694 1166.332 1171.178 1175.935 1180.692 1185.449 1189.144 1191.114 1193.085 1195.055 1197.025 1195.692 1193.834 1191.977 1190.12 1186.497 1179.525 1172.553 1165.581 1158.609 1151.34 1144.009 1136.678 1129.346 1122.241 1115.637 1109.034 1102.431 1095.828 1090.496 1085.499 1080.502 1075.505 1071.071 1068.133 1065.194 1062.256 1059.318 1056.497 1053.714 1050.932
981.8538 988.5814 996.4861 1004.391 1012.295 1020.2 1030.685 1041.246 1051.808 1062.369 1072.243 1081.286 1090.328 1099.371 1108.415 1115.378 1122.197 1129.016 1135.835 1142.15 1147.761 1153.372 1158.983 1164.594 1169.374 1174.06 1178.747 1183.434 1187.138 1189.25 1191.361 1193.473 1195.584 1194.223 1192.311 1190.4 1188.489 1184.704 1177.369 1170.033 1162.697 1155.362 1147.747 1140.074 1132.402 1124.729 1117.308 1110.449 1103.591 1096.733 1089.875 1084.279 1079.016 1073.753 1068.491 1063.908 1061.133 1058.357 1055.582 1052.806 1050.304 1047.89 1045.476
980.4675 986.9213 994.2888 1001.656 1009.024 1016.391 1026.818 1037.336 1047.855 1058.373 1068.316 1077.565 1086.814 1096.063 1105.312 1112.593 1119.738 1126.883 1134.027 1140.521 1146.105 1151.689 1157.272 1162.856 1167.57 1172.186 1176.802 1181.418 1185.133 1187.385 1189.638 1191.891 1194.143 1192.754 1190.788 1188.823 1186.857 1182.912 1175.213 1167.513 1159.814 1152.115 1144.155 1136.14 1128.126 1120.111 1112.375 1105.261 1098.148 1091.035 1083.922 1078.062 1072.534 1067.005 1061.476 1056.745 1054.132 1051.52 1048.907 1046.294 1044.111 1042.066 1040.021
979.0818 985.2599 992.1052 998.9505 1005.796 1012.641 1023.016 1033.496 1043.976 1054.456 1064.467 1073.913 1083.358 1092.803 1102.249 1109.819 1117.259 1124.699 1132.14 1138.792 1144.343 1149.895 1155.446 1160.998 1165.648 1170.198 1174.748 1179.298 1183.021 1185.403 1187.784 1190.166 1192.547 1191.128 1189.106 1187.085 1185.064 1180.967 1172.932 1164.898 1156.864 1148.829 1140.538 1132.193 1123.847 1115.502 1107.459 1100.09 1092.721 1085.352 1077.983 1071.864 1066.075 1060.286 1054.496 1049.614 1047.143 1044.672 1042.201 1039.73 1037.85 1036.163 1034.475
977.7065 983.5801 990.1487 996.7173 1003.286 1009.854 1020.269 1030.798 1041.327 1051.856 1061.908 1071.386 1080.864 1090.342 1099.82 1107.209 1114.454 1121.699 1128.944 1135.432 1140.865 1146.297 1151.729 1157.161 1161.804 1166.36 1170.915 1175.471 1179.17 1181.481 1183.792 1186.103 1188.414 1186.919 1184.822 1182.725 1180.628 1176.526 1168.621 1160.717 1152.813 1144.909 1136.519 1128.027 1119.535 1111.043 1102.817 1095.182 1087.547 1079.912 1072.277 1065.966 1060.003 1054.04 1048.077 1043.012 1040.335 1037.658 1034.98 1032.303 1030.496 1028.972 1027.447
976.3311 981.9003 988.1921 994.4839 1000.776 1007.068 1017.522 1028.099 1038.677 1049.255 1059.349 1068.859 1078.37 1087.88 1097.391 1104.599 1111.649 1118.699 1125.748 1132.073 1137.386 1142.699 1148.011 1153.324 1157.96 1162.521 1167.082 1171.643 1175.319 1177.559 1179.799 1182.04 1184.28 1182.71 1180.537 1178.364 1176.191 1172.084 1164.31 1156.536 1148.762 1140.989 1132.5 1123.861 1115.223 1106.585 1098.175 1090.274 1082.373 1074.472 1066.572 1060.067 1053.93 1047.794 1041.658 1036.41 1033.527 1030.643 1027.76 1024.876 1023.142 1021.78 1020.418
974.9557 980.2205 986.2356 992.2507 998.2659 1004.281 1014.775 1025.401 1036.028 1046.654 1056.789 1066.332 1075.875 1085.418 1094.962 1101.99 1108.844 1115.698 1122.553 1128.714 1133.907 1139.101 1144.294 1149.487 1154.116 1158.683 1163.249 1167.815 1171.468 1173.637 1175.807 1177.977 1180.147 1178.502 1176.253 1174.004 1171.755 1167.643 1159.999 1152.355 1144.712 1137.068 1128.481 1119.696 1110.911 1102.126 1093.533 1085.366 1077.199 1069.033 1060.866 1054.169 1047.858 1041.548 1035.238 1029.809 1026.719 1023.629 1020.539 1017.45 1015.788 1014.589 1013.39
973.5803 978.5407 984.2791 990.0175 995.7559 1001.494 1012.027 1022.703 1033.378 1044.053 1054.23 1063.806 1073.381 1082.957 1092.532 1099.38 1106.039 1112.698 1119.357 1125.354 1130.429 1135.502 1140.576 1145.65 1150.272 1154.844 1159.416 1163.987 1167.616 1169.716 1171.815 1173.914 1176.013 1174.293 1171.968 1169.643 1167.318 1163.202 1155.688 1148.175 1140.661 1133.148 1124.462 1115.53 1106.599 1097.668 1088.891 1080.458 1072.026 1063.593 1055.161 1048.27 1041.786 1035.303 1028.819 1023.207 1019.911 1016.615 1013.319 1010.023 1008.434 1007.398 1006.361
973.9117 978.5297 983.9287 989.3277 994.7267 1000.126 1010.339 1020.696 1031.052 1041.409 1051.4 1060.951 1070.502 1080.054 1089.605 1096.495 1103.201 1109.907 1116.612 1122.63 1127.688 1132.745 1137.802 1142.859 1147.466 1152.023 1156.58 1161.138 1164.726 1166.744 1168.761 1170.778 1172.796 1170.905 1168.396 1165.887 1163.378 1159.171 1151.745 1144.318 1136.893 1129.467 1120.91 1112.117 1103.324 1094.531 1085.853 1077.428 1069.003 1060.578 1052.153 1045.152 1038.526 1031.9 1025.274 1019.489 1015.938 1012.388 1008.837 1005.286 1003.433 1002.129 1000.825
975.7862 980.0275 985.0303 990.0333 995.0361 1000.039 1009.609 1019.314 1029.02 1038.725 1048.326 1057.801 1067.276 1076.751 1086.227 1093.361 1100.332 1107.304 1114.276 1120.48 1125.613 1130.746 1135.88 1141.013 1145.598 1150.123 1154.647 1159.172 1162.705 1164.631 1166.556 1168.481 1170.406 1168.259 1165.468 1162.676 1159.885 1155.51 1148.133 1140.756 1133.379 1126.002 1117.781 1109.384 1100.988 1092.591 1084.264 1076.095 1067.925 1059.755 1051.585 1044.547 1037.807 1031.067 1024.327 1018.377 1014.528 1010.68 1006.83 1002.982 1000.559 998.5984 996.6379
977.6606 981.5252 986.132 990.7388 995.3456 999.9525 1008.879 1017.933 1026.987 1036.041 1045.252 1054.651 1064.05 1073.449 1082.849 1090.226 1097.464 1104.701 1111.939 1118.33 1123.539 1128.748 1133.957 1139.166 1143.73 1148.222 1152.714 1157.207 1160.685 1162.517 1164.35 1166.183 1168.016 1165.613 1162.54 1159.466 1156.392 1151.85 1144.521 1137.193 1129.865 1122.537 1114.652 1106.652 1098.651 1090.65 1082.676 1074.761 1066.847 1058.932 1051.017 1043.942 1037.088 1030.234 1023.38 1017.266 1013.119 1008.971 1004.824 1000.677 997.6852 995.068 992.4509
979.535 983.0229 987.2337 991.4444 995.6552 999.8658 1008.148 1016.551 1024.954 1033.357 1042.177 1051.501 1060.824 1070.147 1079.471 1087.092 1094.595 1102.099 1109.602 1116.18 1121.465 1126.75 1132.035 1137.32 1141.863 1146.322 1150.781 1155.241 1158.664 1160.404 1162.145 1163.886 1165.626 1162.967 1159.611 1156.256 1152.9 1148.189 1140.91 1133.63 1126.351 1119.072 1111.523 1103.919 1096.314 1088.71 1081.088 1073.428 1065.769 1058.109 1050.449 1043.337 1036.369 1029.401 1022.433 1016.155 1011.709 1007.263 1002.818 998.3717 994.8113 991.5375 988.2638
981.4095 984.5207 988.3353 992.15 995.9647 999.7793 1007.418 1015.17 1022.922 1030.673 1039.103 1048.35 1057.598 1066.845 1076.092 1083.957 1091.727 1099.496 1107.265 1114.03 1119.391 1124.752 1130.113 1135.474 1139.995 1144.422 1148.848 1153.275 1156.643 1158.291 1159.94 1161.588 1163.236 1160.321 1156.683 1153.045 1149.407 1144.529 1137.298 1130.068 1122.837 1115.607 1108.394 1101.186 1093.978 1086.769 1079.5 1072.095 1064.69 1057.286 1049.881 1042.732 1035.65 1028.568 1021.486 1015.044 1010.299 1005.555 1000.811 996.0668 991.9374 988.0071 984.0768
984.5363 987.3968 991.0955 994.7941 998.4928 1002.191 1009.587 1017.091 1024.596 1032.101 1040.249 1049.172 1058.096 1067.019 1075.943 1083.869 1091.727 1099.584 1107.442 1114.298 1119.757 1125.215 1130.674 1136.132 1140.702 1145.171 1149.641 1154.111 1157.642 1159.651 1161.659 1163.668 1165.677 1163.199 1160.012 1156.825 1153.637 1148.991 1141.577 1134.164 1126.75 1119.337 1112.073 1104.841 1097.609 1090.376 1083.177 1076.054 1068.932 1061.809 1054.686 1047.625 1040.58 1033.535 1026.49 1020.016 1015.06 1010.104 1005.147 1000.191 995.843 991.6924 987.5419
987.6721 990.2829 993.8676 997.4523 1001.037 1004.622 1011.776 1019.037 1026.298 1033.558 1041.425 1050.023 1058.621 1067.219 1075.817 1083.804 1091.748 1099.692 1107.636 1114.584 1120.14 1125.696 1131.253 1136.809 1141.427 1145.94 1150.453 1154.966 1158.663 1161.035 1163.408 1165.78 1168.152 1166.118 1163.386 1160.655 1157.923 1153.511 1145.913 1138.315 1130.718 1123.12 1115.802 1108.542 1101.283 1094.023 1086.893 1080.052 1073.212 1066.371 1059.531 1052.558 1045.551 1038.544 1031.537 1025.033 1019.865 1014.697 1009.529 1004.361 999.7975 995.43 991.0624
990.808 993.1689 996.6397 1000.11 1003.581 1007.052 1013.966 1020.983 1027.999 1035.016 1042.601 1050.874 1059.146 1067.418 1075.691 1083.738 1091.769 1099.8 1107.831 1114.87 1120.524 1126.178 1131.832 1137.485 1142.152 1146.709 1151.266 1155.822 1159.684 1162.42 1165.156 1167.892 1170.627 1169.036 1166.761 1164.485 1162.209 1158.032 1150.25 1142.467 1134.685 1126.902 1119.53 1112.243 1104.957 1097.67 1090.608 1084.05 1077.491 1070.933 1064.375 1057.491 1050.522 1043.553 1036.584 1030.05 1024.67 1019.291 1013.911 1008.531 1003.752 999.1675 994.5829
