data/zism_data/00290_01_D.txt
ncols         224
nrows         224
[rows 28 to 55 of 224, columns 126 to 188 of 224]
4112.134 4121.532 4131.149 4140.766 4150.382 4159.485 4167.135 4174.784 4182.434 4190.083 4191.837 4191.351 4190.864 4190.377 4188.182 4178.628 4169.074 4159.52 4149.965 4140.222 4130.376 4120.531 4110.686 4101.586 4098.165 4094.743 4091.322 4087.901 4085.951 4085.069 4084.187 4083.304 4082.53 4084.139 4085.747 4087.356 4088.965 4092.698 4098.497 4104.295 4110.094 4115.893 4129.31 4142.955 4156.6 4170.245 4184.089 4198.19 4212.291 4226.392 4240.493 4249.39 4257.698 4266.007 4274.316 4280.32 4282.27 4284.218 4286.167 4288.116 4289.805 4291.439 4293.073
4119.007 4128.79 4138.784 4148.779 4158.773 4168.101 4175.54 4182.979 4190.418 4197.856 4199.365 4198.619 4197.873 4197.127 4194.719 4185.148 4175.578 4166.007 4156.437 4146.117 4135.397 4124.678 4113.958 4104.049 4100.325 4096.602 4092.878 4089.155 4087.131 4086.341 4085.55 4084.76 4084.069 4085.58 4087.092 4088.603 4090.115 4093.962 4100.08 4106.196 4112.313 4118.431 4132.649 4147.109 4161.57 4176.03 4190.64 4205.443 4220.246 4235.049 4249.852 4259.237 4268.01 4276.783 4285.556 4291.81 4293.629 4295.448 4297.268 4299.087 4300.191 4301.145 4302.099
4125.88 4136.047 4146.42 4156.792 4167.165 4176.717 4183.945 4191.174 4198.402 4205.63 4206.893 4205.887 4204.882 4203.877 4201.255 4191.669 4182.082 4172.496 4162.909 4152.013 4140.418 4128.824 4117.229 4106.512 4102.486 4098.46 4094.434 4090.408 4088.311 4087.613 4086.914 4086.215 4085.608 4087.022 4088.436 4089.851 4091.265 4095.226 4101.662 4108.097 4114.533 4120.969 4135.988 4151.264 4166.54 4181.815 4197.191 4212.696 4228.201 4243.706 4259.21 4269.084 4278.322 4287.559 4296.796 4303.299 4304.989 4306.679 4308.369 4310.059 4310.578 4310.852 4311.125
4132.956 4143.466 4154.165 4164.865 4175.564 4185.299 4192.302 4199.305 4206.308 4213.311 4214.327 4213.067 4211.808 4210.548 4207.723 4198.15 4188.578 4179.006 4169.434 4157.978 4145.516 4133.054 4120.592 4109.071 4104.722 4100.372 4096.022 4091.673 4089.488 4088.872 4088.256 4087.64 4087.108 4088.426 4089.742 4091.06 4092.376 4096.44 4103.171 4109.903 4116.634 4123.365 4139.172 4155.251 4171.329 4187.407 4203.563 4219.818 4236.073 4252.329 4268.584 4278.96 4288.672 4298.384 4308.096 4314.863 4316.447 4318.031 4319.616 4321.2 4321.146 4320.748 4320.35
4143.337 4153.5 4163.697 4173.895 4184.092 4193.335 4199.874 4206.412 4212.951 4219.489 4220.248 4218.81 4217.373 4215.935 4213.061 4204.002 4194.943 4185.884 4176.825 4165.061 4151.854 4138.646 4125.439 4113.182 4108.163 4103.144 4098.125 4093.105 4090.604 4089.929 4089.254 4088.579 4087.986 4089.206 4090.426 4091.646 4092.865 4096.842 4103.498 4110.154 4116.81 4123.465 4139.847 4156.52 4173.192 4189.864 4207.024 4224.819 4242.613 4260.407 4278.202 4289.306 4299.655 4310.004 4320.353 4327.63 4329.501 4331.371 4333.242 4335.112 4334.667 4333.734 4332.801
4153.718 4163.534 4173.229 4182.925 4192.62 4201.37 4207.444 4213.519 4219.593 4225.667 4226.169 4224.553 4222.937 4221.321 4218.399 4209.854 4201.307 4192.761 4184.215 4172.144 4158.191 4144.239 4130.287 4117.293 4111.604 4105.916 4100.227 4094.538 4091.721 4090.987 4090.252 4089.517 4088.864 4089.986 4091.109 4092.231 4093.354 4097.245 4103.825 4110.405 4116.985 4123.565 4140.522 4157.788 4175.054 4192.321 4210.486 4229.819 4249.152 4268.485 4287.819 4299.652 4310.638 4321.624 4332.61 4340.397 4342.554 4344.71 4346.867 4349.024 4348.187 4346.719 4345.251
4164.099 4173.568 4182.762 4191.955 4201.147 4209.406 4215.016 4220.625 4226.235 4231.845 4232.09 4230.296 4228.501 4226.708 4223.738 4215.705 4207.672 4199.639 4191.605 4179.226 4164.529 4149.832 4135.134 4121.404 4115.045 4108.687 4102.329 4095.97 4092.838 4092.044 4091.25 4090.456 4089.741 4090.767 4091.792 4092.817 4093.843 4097.647 4104.152 4110.657 4117.161 4123.666 4141.197 4159.057 4176.917 4194.777 4213.947 4234.819 4255.691 4276.563 4297.436 4309.998 4321.621 4333.244 4344.867 4353.165 4355.607 4358.05 4360.493 4362.936 4361.707 4359.705 4357.702
4174.48 4183.603 4192.294 4200.985 4209.675 4217.441 4222.587 4227.732 4232.877 4238.023 4238.011 4236.039 4234.066 4232.094 4229.077 4221.557 4214.036 4206.516 4198.996 4186.309 4170.867 4155.424 4139.981 4125.515 4118.487 4111.459 4104.431 4097.403 4093.955 4093.101 4092.248 4091.395 4090.619 4091.547 4092.475 4093.404 4094.332 4098.05 4104.479 4110.908 4117.337 4123.766 4141.872 4160.326 4178.78 4197.234 4217.409 4239.82 4262.23 4284.642 4307.053 4320.343 4332.604 4344.864 4357.125 4365.932 4368.661 4371.39 4374.119 4376.848 4375.227 4372.69 4370.154
4183.812 4192.524 4200.744 4208.964 4217.183 4224.569 4229.594 4234.619 4239.644 4244.668 4244.484 4242.319 4240.155 4237.99 4234.842 4227.454 4220.067 4212.679 4205.292 4192.248 4176.187 4160.126 4144.065 4128.98 4121.336 4113.692 4106.048 4098.404 4094.695 4093.839 4092.982 4092.126 4091.344 4092.2 4093.057 4093.913 4094.77 4098.418 4104.78 4111.142 4117.504 4123.866 4142.308 4161.111 4179.914 4198.717 4219.49 4242.823 4266.156 4289.489 4312.822 4326.485 4339.056 4351.626 4364.197 4373.339 4376.444 4379.549 4382.655 4385.76 4384.326 4381.937 4379.547
4192.181 4200.427 4208.203 4215.98 4223.757 4230.866 4236.085 4241.305 4246.524 4251.743 4251.463 4249.093 4246.724 4244.354 4240.998 4233.395 4225.791 4218.188 4210.584 4197.138 4180.574 4164.011 4147.448 4131.854 4123.643 4115.432 4107.221 4099.01 4095.091 4094.283 4093.475 4092.667 4091.93 4092.738 4093.545 4094.353 4095.161 4098.756 4105.059 4111.361 4117.663 4123.965 4142.527 4161.454 4180.381 4199.309 4220.306 4243.996 4267.685 4291.375 4315.064 4328.772 4341.354 4353.936 4366.518 4375.832 4379.396 4382.961 4386.525 4390.089 4389.373 4387.756 4386.139
4200.551 4208.328 4215.662 4222.996 4230.33 4237.163 4242.577 4247.99 4253.404 4258.817 4258.442 4255.867 4253.292 4250.718 4247.154 4239.335 4231.516 4223.696 4215.876 4202.027 4184.962 4167.896 4150.831 4134.727 4125.949 4117.171 4108.394 4099.616 4095.487 4094.727 4093.968 4093.209 4092.515 4093.275 4094.034 4094.793 4095.552 4099.093 4105.336 4111.58 4117.822 4124.065 4142.746 4161.797 4180.848 4199.9 4221.123 4245.168 4269.214 4293.26 4317.306 4331.06 4343.653 4356.245 4368.837 4378.325 4382.349 4386.372 4390.395 4394.418 4394.42 4393.575 4392.729
4208.921 4216.23 4223.121 4230.012 4236.903 4243.46 4249.068 4254.676 4260.284 4265.892 4265.422 4262.642 4259.861 4257.082 4253.311 4245.275 4237.24 4229.205 4221.169 4206.917 4189.35 4171.782 4154.214 4137.6 4128.256 4118.911 4109.566 4100.222 4095.882 4095.171 4094.461 4093.75 4093.101 4093.812 4094.523 4095.233 4095.944 4099.431 4105.614 4111.798 4117.981 4124.165 4142.964 4162.14 4181.315 4200.491 4221.939 4246.341 4270.743 4295.146 4319.548 4333.348 4345.951 4358.555 4371.158 4380.818 4385.301 4389.783 4394.266 4398.748 4399.467 4399.394 4399.321
4217.291 4224.132 4230.58 4237.028 4243.477 4249.756 4255.559 4261.361 4267.164 4272.966 4272.401 4269.416 4266.43 4263.445 4259.467 4251.216 4242.964 4234.713 4226.461 4211.807 4193.737 4175.667 4157.598 4140.474 4130.562 4120.65 4110.739 4100.827 4096.278 4095.616 4094.954 4094.292 4093.687 4094.349 4095.011 4095.673 4096.335 4099.768 4105.892 4112.017 4118.141 4124.265 4143.183 4162.482 4181.782 4201.082 4222.755 4247.514 4272.272 4297.031 4321.79 4335.636 4348.25 4360.864 4373.478 4383.312 4388.253 4393.194 4398.135 4403.077 4404.514 4405.213 4405.912
4223.932 4230.882 4237.563 4244.245 4250.926 4257.342 4263.003 4268.665 4274.326 4279.988 4279.324 4276.255 4273.188 4270.12 4265.975 4257.193 4248.412 4239.63 4230.849 4215.776 4197.348 4178.92 4160.492 4143.011 4132.756 4122.501 4112.246 4101.991 4097.242 4096.485 4095.728 4094.97 4094.271 4094.842 4095.413 4095.984 4096.555 4099.928 4106.025 4112.122 4118.219 4124.315 4143.177 4162.42 4181.664 4200.906 4222.499 4247.146 4271.792 4296.439 4321.085 4335.035 4347.777 4360.519 4373.261 4383.389 4388.917 4394.445 4399.973 4405.501 4407.665 4409.12 4410.575
4230.548 4237.615 4244.54 4251.464 4258.389 4264.946 4270.461 4275.977 4281.493 4287.009 4286.246 4283.097 4279.947 4276.798 4272.487 4263.171 4253.855 4244.54 4235.223 4219.732 4200.948 4182.163 4163.378 4145.543 4134.948 4124.353 4113.758 4103.163 4098.214 4097.36 4096.505 4095.651 4094.855 4095.334 4095.813 4096.292 4096.771 4100.086 4106.156 4112.226 4118.295 4124.365 4143.168 4162.352 4181.536 4200.72 4222.227 4246.755 4271.282 4295.811 4320.338 4334.393 4347.264 4360.135 4373.007 4383.431 4389.547 4395.664 4401.78 4407.897 4410.787 4412.999 4415.21
4237.165 4244.349 4251.517 4258.684 4265.851 4272.55 4277.919 4283.29 4288.66 4294.029 4293.167 4289.938 4286.708 4283.478 4279.0 4269.149 4259.299 4249.448 4239.598 4223.688 4204.547 4185.407 4166.266 4148.076 4137.141 4126.205 4115.27 4104.334 4099.187 4098.235 4097.284 4096.332 4095.439 4095.826 4096.213 4096.601 4096.988 4100.244 4106.287 4112.329 4118.372 4124.415 4143.16 4162.284 4181.408 4200.533 4221.955 4246.364 4270.773 4295.182 4319.591 4333.75 4346.75 4359.751 4372.753 4383.473 4390.178 4396.883 4403.588 4410.293 4413.91 4416.877 4419.845
4243.781 4251.082 4258.493 4265.903 4273.313 4280.154 4285.378 4290.602 4295.826 4301.05 4300.089 4296.778 4293.467 4290.156 4285.513 4275.127 4264.742 4254.357 4243.972 4227.645 4208.147 4188.65 4169.152 4150.608 4139.333 4128.057 4116.782 4105.506 4100.159 4099.11 4098.062 4097.013 4096.022 4096.318 4096.613 4096.909 4097.205 4100.401 4106.417 4112.433 4118.449 4124.465 4143.151 4162.216 4181.281 4200.346 4221.683 4245.973 4270.263 4294.554 4318.844 4333.107 4346.237 4359.368 4372.499 4383.514 4390.808 4398.102 4405.395 4412.688 4417.033 4420.756 4424.479
4250.813 4258.273 4265.893 4273.512 4281.131 4288.01 4292.79 4297.57 4302.35 4307.13 4305.917 4302.429 4298.94 4295.451 4290.575 4279.723 4268.871 4258.019 4247.167 4230.635 4211.072 4191.51 4171.947 4153.306 4141.69 4130.074 4118.458 4106.843 4101.263 4100.059 4098.854 4097.65 4096.509 4096.744 4096.979 4097.214 4097.45 4100.596 4106.57 4112.544 4118.519 4124.493 4142.977 4161.834 4180.692 4199.549 4220.552 4244.342 4268.133 4291.923 4315.714 4330.313 4343.874 4357.435 4370.996 4382.595 4390.739 4398.883 4407.027 4415.171 4420.282 4424.754 4429.226
4258.354 4266.024 4273.811 4281.598 4289.385 4296.176 4300.146 4304.116 4308.085 4312.056 4310.405 4306.62 4302.833 4299.047 4293.858 4282.623 4271.388 4260.152 4248.917 4232.441 4213.17 4193.899 4174.628 4156.206 4144.25 4132.294 4120.338 4108.382 4102.527 4101.097 4099.666 4098.235 4096.875 4097.089 4097.302 4097.516 4097.729 4100.835 4106.75 4112.665 4118.58 4124.495 4142.6 4161.068 4179.537 4198.005 4218.368 4241.192 4264.016 4286.84 4309.664 4324.883 4339.243 4353.604 4367.964 4380.496 4389.812 4399.128 4408.444 4417.76 4423.685 4428.897 4434.108
4265.896 4273.775 4281.73 4289.684 4297.638 4304.342 4307.502 4310.662 4313.822 4316.981 4314.893 4310.81 4306.727 4302.645 4297.142 4285.523 4273.904 4262.286 4250.667 4234.249 4215.269 4196.29 4177.31 4159.106 4146.81 4134.513 4122.217 4109.921 4103.792 4102.134 4100.477 4098.819 4097.242 4097.434 4097.625 4097.818 4098.01 4101.074 4106.93 4112.785 4118.641 4124.496 4142.222 4160.302 4178.382 4196.461 4216.184 4238.042 4259.899 4281.756 4303.614 4319.453 4334.612 4349.771 4364.931 4378.398 4388.885 4399.373 4409.861 4420.349 4427.089 4433.041 4438.992
4273.437 4281.527 4289.648 4297.77 4305.892 4312.507 4314.857 4317.208 4319.558 4321.908 4319.381 4315.001 4310.621 4306.241 4300.425 4288.423 4276.421 4264.419 4252.417 4236.055 4217.367 4198.68 4179.992 4162.005 4149.369 4136.733 4124.097 4111.46 4105.057 4103.172 4101.288 4099.403 4097.608 4097.778 4097.949 4098.119 4098.29 4101.313 4107.11 4112.906 4118.702 4124.498 4141.844 4159.536 4177.227 4194.917 4214.0 4234.891 4255.782 4276.673 4297.564 4314.023 4329.981 4345.94 4361.898 4376.299 4387.959 4399.618 4411.278 4422.937 4430.492 4437.184 4443.875
4280.978 4289.278 4297.567 4305.856 4314.145 4320.673 4322.213 4323.753 4325.293 4326.833 4323.869 4319.191 4314.515 4309.838 4303.708 4291.323 4278.938 4266.553 4254.167 4237.862 4219.466 4201.069 4182.673 4164.905 4151.929 4138.953 4125.976 4113.0 4106.322 4104.21 4102.099 4099.988 4097.975 4098.124 4098.272 4098.421 4098.57 4101.553 4107.29 4113.026 4118.763 4124.5 4141.467 4158.769 4176.072 4193.374 4211.816 4231.741 4251.665 4271.59 4291.514 4308.593 4325.351 4342.108 4358.866 4374.201 4387.032 4399.863 4412.694 4425.526 4433.896 4441.327 4448.758
4288.492 4297.064 4305.565 4314.066 4322.567 4329.069 4329.907 4330.746 4331.584 4332.423 4328.796 4323.472 4318.148 4312.824 4306.112 4293.423 4280.733 4268.043 4255.353 4238.843 4220.294 4201.746 4183.198 4165.289 4152.253 4139.217 4126.182 4113.146 4106.449 4104.347 4102.246 4100.144 4098.14 4098.267 4098.394 4098.521 4098.648 4101.613 4107.335 4113.057 4118.778 4124.5 4141.305 4158.44 4175.576 4192.711 4210.894 4230.438 4249.983 4269.528 4289.072 4306.445 4323.573 4340.701 4357.829 4373.762 4387.592 4401.423 4415.253 4429.083 4438.039 4445.968 4453.897
4296.003 4304.854 4313.571 4322.288 4331.004 4337.486 4337.633 4337.781 4337.928 4338.075 4333.765 4327.761 4321.756 4315.752 4308.433 4295.446 4282.459 4269.472 4256.485 4239.745 4221.002 4202.259 4183.517 4165.432 4152.364 4139.295 4126.228 4113.159 4106.467 4104.398 4102.329 4100.26 4098.286 4098.391 4098.497 4098.603 4098.708 4101.657 4107.368 4113.079 4118.79 4124.5 4141.163 4158.153 4175.143 4192.132 4210.092 4229.313 4248.533 4267.753 4286.974 4304.61 4322.067 4339.525 4356.982 4373.481 4388.294 4403.107 4417.92 4432.734 4442.252 4450.657 4459.062
4303.515 4312.644 4321.577 4330.51 4339.442 4345.903 4345.359 4344.815 4344.272 4343.728 4338.734 4332.05 4325.365 4318.68 4310.752 4297.469 4284.185 4270.901 4257.617 4240.647 4221.71 4202.772 4183.835 4165.575 4152.475 4139.374 4126.273 4113.173 4106.486 4104.45 4102.413 4100.376 4098.432 4098.516 4098.6 4098.684 4098.768 4101.701 4107.4 4113.101 4118.801 4124.501 4141.021 4157.865 4174.709 4191.553 4209.29 4228.187 4247.083 4265.979 4284.876 4302.775 4320.562 4338.349 4356.135 4373.2 4388.996 4404.792 4420.588 4436.384 4446.466 4455.346 4464.226
4311.026 4320.434 4329.583 4338.731 4347.88 4354.32 4353.085 4351.851 4350.615 4349.38 4343.704 4336.338 4328.974 4321.608 4313.072 4299.492 4285.911 4272.33 4258.75 4241.549 4222.417 4203.286 4184.154 4165.718 4152.585 4139.453 4126.319 4113.187 4106.505 4104.501 4102.497 4100.492 4098.578 4098.64 4098.703 4098.765 4098.827 4101.744 4107.433 4113.123 4118.812 4124.501 4140.88 4157.578 4174.276 4190.974 4208.487 4227.06 4245.633 4264.206 4282.778 4300.94 4319.056 4337.172 4355.288 4372.919 4389.698 4406.477 4423.255 4440.034 4450.68 4460.035 4469.389
4319.432 4328.957 4338.14 4347.324 4356.507 4362.801 4360.905 4359.01 4357.114 4355.218 4348.977 4341.084 4333.191 4325.299 4316.317 4302.647 4288.977 4275.307 4261.637 4244.223 4224.812 4205.4 4185.988 4167.271 4153.85 4140.428 4127.006 4113.585 4106.762 4104.723 4102.684 4100.645 4098.696 4098.741 4098.786 4098.831 4098.876 4101.795 4107.506 4113.217 4118.928 4124.639 4140.96 4157.598 4174.235 4190.873 4208.245 4226.571 4244.897 4263.223 4281.549 4299.86 4318.168 4336.478 4354.787 4372.792 4390.265 4407.737 4425.21 4442.683 4453.912 4463.828 4473.743
4329.315 4338.689 4347.609 4356.528 4365.447 4371.386 4368.88 4366.374 4363.869 4361.363 4354.754 4346.585 4338.417 4330.25 4321.092 4307.676 4294.26 4280.843 4267.427 4249.826 4229.994 4210.161 4190.329 4171.157 4157.022 4142.888 4128.753 4114.619 4107.412 4105.228 4103.042 4100.857 4098.769 4098.803 4098.837 4098.872 4098.906 4101.858 4107.644 4113.431 4119.217 4125.004 4141.406 4158.125 4174.843 4191.562 4208.928 4227.135 4245.342 4263.55 4281.757 4300.026 4318.303 4336.58 4354.856 4372.919 4390.608 4408.297 4425.985 4443.674 4455.521 4466.138 4476.755
