data/zism_data/00290_04_D.txt
ncols         224
nrows         224
[rows 140 to 167 of 224, columns 126 to 188 of 224]
4582.568 4590.9 4599.232 4607.564 4614.308 4619.103 4623.899 4628.695 4633.49 4624.106 4613.371 4602.636 4591.901 4580.649 4568.542 4556.435 4544.327 4532.22 4522.333 4512.869 4503.404 4493.939 4484.686 4475.917 4467.148 4458.379 4449.61 4443.608 4438.441 4433.275 4428.108 4424.551 4426.322 4428.094 4429.865 4431.637 4432.772 4433.629 4434.486 4435.343 4435.589 4432.617 4429.644 4426.671 4423.698 4420.036 4415.957 4411.878 4407.799 4404.007 4403.227 4402.447 4401.667 4400.888 4399.173 4396.694 4394.216 4391.738 4389.293 4389.139 4388.984 4388.829 4388.674
4585.679 4592.894 4600.108 4607.322 4612.545 4615.327 4618.108 4620.89 4623.672 4613.329 4601.735 4590.142 4578.548 4566.873 4555.063 4543.252 4531.442 4519.631 4509.652 4500.02 4490.387 4480.755 4471.478 4463.011 4454.544 4446.078 4437.611 4431.994 4427.238 4422.482 4417.726 4414.386 4415.736 4417.086 4418.437 4419.787 4420.67 4421.349 4422.028 4422.707 4422.813 4419.906 4416.998 4414.09 4411.182 4407.604 4403.623 4399.641 4395.659 4391.938 4390.947 4389.957 4388.966 4387.976 4385.851 4382.8 4379.75 4376.699 4373.692 4373.656 4373.62 4373.584 4373.548
4588.791 4594.887 4600.984 4607.081 4610.783 4611.551 4612.318 4613.086 4613.854 4602.551 4590.099 4577.646 4565.195 4553.096 4541.583 4530.069 4518.556 4507.043 4496.97 4487.17 4477.371 4467.571 4458.269 4450.105 4441.94 4433.776 4425.612 4420.381 4416.035 4411.689 4407.343 4404.221 4405.15 4406.079 4407.008 4407.938 4408.568 4409.069 4409.57 4410.07 4410.038 4407.195 4404.352 4401.508 4398.666 4395.173 4391.289 4387.404 4383.519 4379.868 4378.667 4377.466 4376.265 4375.064 4372.529 4368.906 4365.283 4361.66 4358.091 4358.174 4358.256 4358.339 4358.422
4591.902 4596.881 4601.86 4606.839 4609.021 4607.774 4606.528 4605.281 4604.035 4591.773 4578.462 4565.152 4551.841 4539.32 4528.104 4516.887 4505.671 4494.454 4484.288 4474.321 4464.354 4454.387 4445.061 4437.199 4429.337 4421.475 4413.613 4408.767 4404.832 4400.896 4396.961 4394.056 4394.564 4395.072 4395.58 4396.088 4396.467 4396.789 4397.111 4397.434 4397.262 4394.484 4391.706 4388.927 4386.149 4382.742 4378.954 4375.167 4371.379 4367.798 4366.387 4364.975 4363.563 4362.152 4359.208 4355.012 4350.817 4346.622 4342.49 4342.691 4342.893 4343.094 4343.296
4594.073 4598.065 4602.059 4606.051 4607.071 4604.445 4601.82 4599.195 4596.57 4583.417 4569.262 4555.106 4540.951 4527.899 4516.676 4505.453 4494.229 4483.006 4472.667 4462.497 4452.326 4442.155 4432.794 4425.285 4417.775 4410.265 4402.755 4398.143 4394.404 4390.666 4386.928 4384.095 4384.264 4384.433 4384.601 4384.77 4384.987 4385.227 4385.466 4385.706 4385.5 4382.945 4380.391 4377.836 4375.281 4371.954 4368.159 4364.364 4360.57 4356.929 4354.908 4352.886 4350.865 4348.843 4345.6 4341.358 4337.117 4332.876 4328.696 4328.712 4328.729 4328.745 4328.761
4596.065 4599.096 4602.128 4605.16 4605.085 4601.202 4597.318 4593.435 4589.552 4575.52 4560.522 4545.524 4530.527 4516.926 4505.638 4494.35 4483.062 4471.773 4461.248 4450.866 4440.485 4430.103 4420.706 4413.559 4406.411 4399.263 4392.115 4387.706 4384.125 4380.542 4376.961 4374.174 4374.018 4373.863 4373.708 4373.552 4373.626 4373.801 4373.976 4374.15 4373.93 4371.629 4369.329 4367.028 4364.727 4361.478 4357.656 4353.835 4350.013 4346.288 4343.581 4340.874 4338.167 4335.459 4331.937 4327.75 4323.563 4319.375 4315.246 4315.019 4314.792 4314.565 4314.338
4598.057 4600.127 4602.198 4604.269 4603.099 4597.958 4592.816 4587.675 4582.533 4567.624 4551.783 4535.943 4520.103 4505.953 4494.601 4483.247 4471.894 4460.541 4449.828 4439.236 4428.644 4418.052 4408.618 4401.833 4395.046 4388.26 4381.474 4377.27 4373.844 4370.419 4366.994 4364.252 4363.772 4363.293 4362.814 4362.334 4362.265 4362.375 4362.484 4362.595 4362.36 4360.313 4358.267 4356.219 4354.172 4351.002 4347.154 4343.305 4339.457 4335.647 4332.254 4328.861 4325.468 4322.075 4318.275 4314.142 4310.008 4305.875 4301.795 4301.325 4300.855 4300.386 4299.916
4600.049 4601.158 4602.268 4603.377 4601.113 4594.713 4588.314 4581.915 4575.515 4559.727 4543.044 4526.361 4509.679 4494.98 4483.563 4472.145 4460.727 4449.309 4438.408 4427.605 4416.803 4406.0 4396.53 4390.106 4383.682 4377.257 4370.833 4366.833 4363.564 4360.296 4357.027 4354.331 4353.527 4352.724 4351.92 4351.117 4350.903 4350.949 4350.994 4351.039 4350.791 4348.998 4347.204 4345.411 4343.618 4340.526 4336.651 4332.775 4328.899 4325.006 4320.928 4316.849 4312.77 4308.691 4304.612 4300.533 4296.454 4292.375 4288.344 4287.631 4286.919 4286.206 4285.493
4601.74 4601.992 4602.244 4602.496 4599.274 4591.794 4584.313 4576.833 4569.354 4553.116 4536.045 4518.973 4501.902 4486.928 4475.422 4463.917 4452.411 4440.905 4429.804 4418.779 4407.755 4396.73 4387.14 4380.827 4374.515 4368.203 4361.89 4357.831 4354.451 4351.071 4347.691 4344.815 4343.609 4342.403 4341.196 4339.99 4339.519 4339.37 4339.22 4339.07 4338.649 4336.796 4334.942 4333.089 4331.235 4328.074 4324.123 4320.17 4316.219 4312.223 4307.766 4303.309 4298.851 4294.394 4290.284 4286.458 4282.631 4278.805 4275.022 4274.176 4273.331 4272.485 4271.639
4602.745 4602.376 4602.007 4601.638 4597.771 4589.616 4581.46 4573.305 4565.15 4549.446 4533.022 4516.599 4500.176 4485.552 4473.906 4462.26 4450.614 4438.968 4427.636 4416.362 4405.089 4393.816 4383.914 4377.143 4370.371 4363.6 4356.829 4352.106 4348.003 4343.9 4339.796 4336.23 4334.44 4332.651 4330.861 4329.072 4328.082 4327.44 4326.8 4326.159 4325.201 4322.569 4319.938 4317.308 4314.677 4311.104 4306.964 4302.823 4298.682 4294.542 4290.408 4286.275 4282.142 4278.009 4274.434 4271.315 4268.196 4265.077 4261.993 4261.266 4260.539 4259.812 4259.085
4603.75 4602.759 4601.77 4600.78 4596.267 4587.437 4578.607 4569.777 4560.947 4545.775 4530.0 4514.225 4498.449 4484.177 4472.391 4460.604 4448.817 4437.031 4425.467 4413.946 4402.424 4390.903 4380.688 4373.458 4366.227 4358.997 4351.767 4346.382 4341.556 4336.729 4331.902 4327.644 4325.271 4322.899 4320.526 4318.153 4316.644 4315.512 4314.379 4313.247 4311.752 4308.343 4304.935 4301.526 4298.118 4294.135 4289.805 4285.475 4281.145 4276.86 4273.051 4269.242 4265.433 4261.624 4258.584 4256.172 4253.761 4251.349 4248.963 4248.355 4247.748 4247.14 4246.531
4604.754 4603.143 4601.532 4599.921 4594.764 4585.259 4575.753 4566.249 4556.744 4542.105 4526.978 4511.85 4496.723 4482.801 4470.875 4458.947 4447.021 4435.094 4423.299 4411.529 4399.759 4387.989 4377.462 4369.772 4362.083 4354.394 4346.705 4340.659 4335.108 4329.558 4324.007 4319.059 4316.103 4313.147 4310.191 4307.235 4305.206 4303.583 4301.959 4300.335 4298.303 4294.117 4289.931 4285.745 4281.559 4277.166 4272.646 4268.127 4263.608 4259.18 4255.694 4252.209 4248.724 4245.239 4242.734 4241.03 4239.326 4237.621 4235.935 4235.445 4234.956 4234.467 4233.978
4605.759 4603.527 4601.295 4599.063 4593.26 4583.081 4572.9 4562.72 4552.541 4538.435 4523.956 4509.476 4494.997 4481.425 4469.358 4457.291 4445.224 4433.156 4421.13 4409.112 4397.094 4385.076 4374.236 4366.088 4357.939 4349.792 4341.643 4334.935 4328.661 4322.387 4316.112 4310.473 4306.934 4303.395 4299.856 4296.317 4293.769 4291.654 4289.539 4287.424 4284.854 4279.891 4274.927 4269.964 4265.0 4260.196 4255.488 4250.78 4246.072 4241.499 4238.337 4235.176 4232.015 4228.854 4226.884 4225.887 4224.89 4223.893 4222.905 4222.535 4222.165 4221.794 4221.423
4606.27 4603.413 4600.556 4597.699 4591.495 4581.188 4570.88 4560.572 4550.265 4536.528 4522.464 4508.4 4494.336 4481.021 4468.941 4456.862 4444.783 4432.704 4420.628 4408.552 4396.476 4384.4 4373.452 4365.082 4356.711 4348.34 4339.969 4332.918 4326.265 4319.611 4312.958 4306.924 4302.943 4298.962 4294.981 4291.0 4287.716 4284.736 4281.756 4278.777 4275.372 4269.726 4264.081 4258.435 4252.789 4247.775 4243.144 4238.512 4233.881 4229.409 4226.608 4223.809 4221.008 4218.208 4216.403 4215.408 4214.414 4213.419 4212.429 4211.788 4211.146 4210.504 4209.863
4606.632 4603.149 4599.666 4596.183 4589.65 4579.381 4569.111 4558.841 4548.572 4535.153 4521.435 4507.717 4493.999 4480.908 4468.856 4456.804 4444.752 4432.7 4420.628 4408.552 4396.476 4384.4 4373.406 4364.885 4356.362 4347.841 4339.318 4332.021 4325.092 4318.163 4311.234 4304.897 4300.516 4296.135 4291.754 4287.374 4283.288 4279.331 4275.374 4271.417 4267.087 4260.788 4254.489 4248.189 4241.89 4236.728 4232.253 4227.778 4223.303 4219.006 4216.579 4214.151 4211.724 4209.296 4207.542 4206.337 4205.132 4203.926 4202.724 4201.693 4200.663 4199.633 4198.603
4606.995 4602.885 4598.775 4594.666 4587.806 4577.574 4567.342 4557.11 4546.878 4533.778 4520.406 4507.033 4493.661 4480.795 4468.771 4456.746 4444.721 4432.695 4420.628 4408.552 4396.476 4384.4 4373.36 4364.688 4356.014 4347.341 4338.667 4331.123 4323.919 4316.715 4309.511 4302.869 4298.089 4293.309 4288.528 4283.748 4278.86 4273.926 4268.992 4264.058 4258.802 4251.849 4244.897 4237.944 4230.992 4225.681 4221.362 4217.044 4212.726 4208.604 4206.549 4204.495 4202.439 4200.385 4198.682 4197.266 4195.85 4194.434 4193.018 4191.599 4190.18 4188.761 4187.342
4607.357 4602.622 4597.885 4593.149 4585.961 4575.767 4565.573 4555.379 4545.185 4532.404 4519.377 4506.35 4493.323 4480.683 4468.686 4456.687 4444.689 4432.691 4420.628 4408.552 4396.476 4384.4 4373.314 4364.49 4355.666 4346.841 4338.017 4330.226 4322.746 4315.267 4307.788 4300.841 4295.662 4290.481 4285.302 4280.122 4274.433 4268.521 4262.61 4256.698 4250.517 4242.911 4235.305 4227.699 4220.093 4214.633 4210.472 4206.31 4202.148 4198.202 4196.52 4194.837 4193.155 4191.473 4189.821 4188.195 4186.568 4184.942 4183.313 4181.505 4179.697 4177.889 4176.082
4607.496 4602.125 4596.753 4591.382 4583.879 4573.765 4563.649 4553.535 4543.419 4530.993 4518.347 4505.7 4493.054 4480.689 4468.791 4456.892 4444.994 4433.095 4421.103 4409.092 4397.082 4385.071 4374.03 4365.205 4356.379 4347.554 4338.729 4330.817 4323.181 4315.545 4307.909 4300.757 4295.205 4289.653 4284.101 4278.549 4272.125 4265.318 4258.512 4251.706 4244.677 4236.473 4228.269 4220.064 4211.86 4206.219 4202.129 4198.039 4193.949 4190.082 4188.562 4187.042 4185.521 4184.001 4182.25 4180.309 4178.368 4176.427 4174.48 4172.2 4169.92 4167.639 4165.359
4606.89 4600.854 4594.819 4588.784 4581.013 4571.114 4561.215 4551.316 4541.417 4529.463 4517.313 4505.164 4493.014 4481.087 4469.529 4457.97 4446.412 4434.854 4423.151 4411.421 4399.691 4387.961 4377.267 4368.939 4360.61 4352.282 4343.953 4336.339 4328.941 4321.542 4314.144 4307.109 4301.276 4295.444 4289.611 4283.778 4276.836 4269.409 4261.982 4254.555 4246.938 4238.317 4229.698 4221.077 4212.458 4206.529 4202.228 4197.927 4193.626 4189.521 4187.466 4185.412 4183.357 4181.302 4178.947 4176.348 4173.748 4171.148 4168.542 4165.511 4162.48 4159.449 4156.418
4606.284 4599.585 4592.885 4586.186 4578.146 4568.463 4558.78 4549.097 4539.414 4527.932 4516.28 4504.626 4492.974 4481.485 4470.267 4459.048 4447.831 4436.612 4425.2 4413.75 4402.302 4390.853 4380.504 4372.673 4364.841 4357.01 4349.178 4341.861 4334.701 4327.54 4320.379 4313.461 4307.348 4301.234 4295.121 4289.007 4281.548 4273.5 4265.452 4257.404 4249.198 4240.163 4231.126 4222.091 4213.055 4206.838 4202.327 4197.816 4193.305 4188.96 4186.371 4183.782 4181.192 4178.604 4175.646 4172.387 4169.128 4165.87 4162.604 4158.822 4155.041 4151.259 4147.478
4605.679 4598.315 4590.952 4583.588 4575.279 4565.813 4556.345 4546.878 4537.411 4526.402 4515.246 4504.09 4492.934 4481.882 4471.004 4460.126 4449.249 4438.37 4427.249 4416.08 4404.912 4393.744 4383.742 4376.407 4369.072 4361.737 4354.402 4347.384 4340.46 4333.538 4326.614 4319.814 4313.419 4307.025 4300.631 4294.237 4286.26 4277.591 4268.922 4260.253 4251.459 4242.007 4232.556 4223.104 4213.652 4207.148 4202.426 4197.704 4192.982 4188.399 4185.275 4182.152 4179.028 4175.904 4172.343 4168.426 4164.509 4160.592 4156.666 4152.133 4147.601 4143.069 4138.537
4605.073 4597.045 4589.018 4580.99 4572.413 4563.162 4553.91 4544.659 4535.408 4524.872 4514.212 4503.553 4492.894 4482.28 4471.742 4461.205 4450.667 4440.128 4429.297 4418.409 4407.522 4396.634 4386.979 4380.142 4373.303 4366.465 4359.627 4352.906 4346.22 4339.535 4332.849 4326.166 4319.491 4312.816 4306.141 4299.466 4290.972 4281.682 4272.392 4263.102 4253.72 4243.852 4233.985 4224.117 4214.25 4207.458 4202.525 4197.593 4192.66 4187.838 4184.18 4180.522 4176.863 4173.205 4169.042 4164.465 4159.889 4155.313 4150.727 4145.444 4140.162 4134.879 4129.596
4608.684 4600.518 4592.352 4584.186 4575.649 4566.659 4557.669 4548.679 4539.689 4529.292 4518.762 4508.231 4497.701 4487.341 4477.263 4467.186 4457.108 4447.031 4436.565 4426.026 4415.487 4404.948 4395.589 4388.929 4382.268 4375.607 4368.947 4362.38 4355.842 4349.304 4342.766 4336.21 4329.596 4322.982 4316.368 4309.754 4301.1 4291.553 4282.007 4272.46 4262.84 4252.835 4242.83 4232.825 4222.819 4215.57 4209.988 4204.405 4198.822 4193.354 4189.09 4184.826 4180.562 4176.297 4171.455 4166.142 4160.828 4155.514 4150.187 4143.932 4137.677 4131.422 4125.167
4614.138 4606.064 4597.99 4589.916 4581.556 4572.847 4564.137 4555.428 4546.719 4536.317 4525.754 4515.191 4504.628 4494.441 4484.877 4475.312 4465.748 4456.183 4446.117 4435.956 4425.795 4415.634 4406.55 4399.927 4393.304 4386.681 4380.058 4373.583 4367.153 4360.723 4354.293 4347.869 4341.465 4335.062 4328.659 4322.255 4313.598 4303.954 4294.311 4284.667 4274.962 4264.941 4254.919 4244.898 4234.876 4227.096 4220.671 4214.246 4207.821 4201.529 4196.627 4191.726 4186.825 4181.923 4176.37 4170.284 4164.198 4158.112 4152.008 4144.684 4137.36 4130.037 4122.712
4619.593 4611.61 4603.628 4595.646 4587.463 4579.034 4570.605 4562.177 4553.749 4543.342 4532.747 4522.151 4511.556 4501.542 4492.49 4483.439 4474.387 4465.336 4455.669 4445.886 4436.103 4426.32 4417.51 4410.925 4404.34 4397.755 4391.17 4384.787 4378.464 4372.143 4365.82 4359.528 4353.335 4347.143 4340.949 4334.757 4326.096 4316.354 4306.614 4296.873 4287.084 4277.047 4267.009 4256.971 4246.934 4238.622 4231.355 4224.087 4216.82 4209.704 4204.165 4198.626 4193.088 4187.549 4181.284 4174.426 4167.568 4160.71 4153.83 4145.437 4137.043 4128.65 4120.257
4625.047 4617.157 4609.266 4601.375 4593.37 4585.222 4577.074 4568.926 4560.778 4550.366 4539.739 4529.111 4518.483 4508.643 4500.104 4491.565 4483.027 4474.488 4465.221 4455.816 4446.411 4437.006 4428.471 4421.923 4415.376 4408.829 4402.281 4395.99 4389.775 4383.562 4377.347 4371.187 4365.205 4359.223 4353.24 4347.258 4338.594 4328.755 4318.917 4309.079 4299.207 4289.152 4279.099 4269.044 4258.99 4250.148 4242.039 4233.929 4225.819 4217.878 4211.703 4205.527 4199.351 4193.175 4186.199 4178.568 4170.938 4163.308 4155.651 4146.189 4136.727 4127.265 4117.803
4631.188 4623.55 4615.912 4608.274 4600.504 4592.572 4584.639 4576.707 4568.774 4558.329 4547.644 4536.958 4526.273 4516.559 4508.451 4500.343 4492.235 4484.126 4475.18 4466.074 4456.969 4447.863 4439.553 4433.061 4426.568 4420.076 4413.584 4407.382 4401.269 4395.155 4389.041 4382.993 4377.166 4371.338 4365.51 4359.683 4351.059 4341.211 4331.364 4321.516 4311.643 4301.637 4291.63 4281.624 4271.617 4262.291 4253.376 4244.461 4235.546 4226.812 4219.979 4213.147 4206.314 4199.482 4191.771 4183.342 4174.914 4166.485 4158.027 4147.495 4136.962 4126.431 4115.898
4640.944 4634.408 4627.872 4621.335 4614.114 4606.052 4597.99 4589.928 4581.866 4571.236 4560.362 4549.488 4538.614 4528.78 4520.667 4512.553 4504.439 4496.325 4487.283 4478.064 4468.845 4459.626 4451.281 4444.935 4438.588 4432.242 4425.896 4419.773 4413.719 4407.664 4401.609 4395.575 4389.607 4383.639 4377.671 4371.703 4363.352 4353.958 4344.564 4335.17 4325.74 4316.116 4306.493 4296.87 4287.247 4277.685 4268.16 4258.635 4249.11 4239.752 4232.159 4224.565 4216.971 4209.377 4200.809 4191.446 4182.084 4172.722 4163.326 4151.72 4140.113 4128.507 4116.9
