data/zism_data/00292_04_D.txt
ncols         224
nrows         224
[rows 84 to 111 of 224, columns 0 to 62 of 224]
1099.932 1099.887 1099.843 1099.797 1098.193 1096.541 1094.89 1093.239 1090.089 1085.05 1080.01 1074.97 1069.931 1064.444 1058.916 1053.387 1047.858 1042.892 1038.829 1034.767 1030.704 1026.641 1026.849 1027.781 1028.713 1029.646 1032.938 1041.11 1049.282 1057.454 1065.625 1071.87 1077.623 1083.377 1089.131 1093.683 1094.955 1096.226 1097.498 1098.77 1099.249 1099.447 1099.645 1099.843 1100.0 1100.0 1100.0 1100.0 1100.0 1100.0 1100.0 1100.0 1100.0 1100.0 1100.0 1100.0 1100.0 1100.0 1099.997 1099.992 1099.987 1099.982 1099.952
1100.0 1100.0 1100.0 1100.0 1098.781 1097.526 1096.27 1095.015 1092.188 1087.379 1082.569 1077.759 1072.949 1067.008 1060.959 1054.91 1048.862 1043.558 1039.449 1035.341 1031.232 1027.123 1027.817 1029.325 1030.832 1032.34 1035.88 1043.621 1051.362 1059.103 1066.844 1072.773 1078.24 1083.708 1089.175 1093.522 1094.807 1096.093 1097.379 1098.665 1099.163 1099.384 1099.605 1099.826 1100.0 1100.0 1100.0 1100.0 1100.0 1100.0 1100.0 1100.0 1100.0 1100.0 1100.0 1100.0 1100.0 1100.0 1100.0 1100.0 1100.0 1100.0 1099.983
1100.0 1100.0 1100.0 1100.0 1098.996 1097.961 1096.927 1095.893 1093.249 1088.574 1083.899 1079.224 1074.549 1068.053 1061.385 1054.716 1048.047 1042.318 1038.096 1033.875 1029.653 1025.431 1027.025 1029.606 1032.186 1034.766 1038.992 1046.62 1054.248 1061.876 1069.504 1075.04 1080.044 1085.048 1090.052 1094.027 1095.194 1096.361 1097.528 1098.696 1099.163 1099.384 1099.605 1099.826 1100.0 1100.0 1100.0 1100.0 1100.0 1100.0 1100.0 1100.0 1100.0 1100.0 1100.0 1100.0 1100.0 1100.0 1100.0 1100.0 1100.0 1100.0 1099.977
1100.0 1100.0 1100.0 1100.0 1099.21 1098.397 1097.584 1096.771 1094.31 1089.77 1085.229 1080.689 1076.149 1069.099 1061.81 1054.521 1047.233 1041.078 1036.743 1032.408 1028.073 1023.738 1026.233 1029.887 1033.54 1037.193 1042.105 1049.62 1057.135 1064.649 1072.164 1077.307 1081.848 1086.388 1090.928 1094.532 1095.581 1096.629 1097.678 1098.726 1099.163 1099.384 1099.605 1099.826 1100.0 1100.0 1100.0 1100.0 1100.0 1100.0 1100.0 1100.0 1100.0 1100.0 1100.0 1100.0 1100.0 1100.0 1100.0 1100.0 1100.0 1100.0 1099.971
1100.0 1100.0 1100.0 1100.0 1099.425 1098.833 1098.241 1097.648 1095.37 1090.965 1086.559 1082.154 1077.748 1070.144 1062.235 1054.327 1046.418 1039.838 1035.39 1030.942 1026.493 1022.045 1025.442 1030.168 1034.894 1039.62 1045.218 1052.62 1060.021 1067.422 1074.823 1079.575 1083.651 1087.728 1091.805 1095.038 1095.968 1096.898 1097.828 1098.757 1099.163 1099.384 1099.605 1099.826 1100.0 1100.0 1100.0 1100.0 1100.0 1100.0 1100.0 1100.0 1100.0 1100.0 1100.0 1100.0 1100.0 1100.0 1100.0 1100.0 1100.0 1100.0 1099.965
1100.0 1100.0 1100.0 1100.0 1099.64 1099.268 1098.897 1098.526 1096.431 1092.16 1087.89 1083.619 1079.348 1071.19 1062.661 1054.132 1045.603 1038.598 1034.037 1029.475 1024.914 1020.352 1024.65 1030.449 1036.248 1042.046 1048.331 1055.619 1062.907 1070.195 1077.483 1081.842 1085.455 1089.068 1092.681 1095.543 1096.354 1097.166 1097.977 1098.788 1099.163 1099.384 1099.605 1099.826 1100.0 1100.0 1100.0 1100.0 1100.0 1100.0 1100.0 1100.0 1100.0 1100.0 1100.0 1100.0 1100.0 1100.0 1100.0 1100.0 1100.0 1100.0 1099.958
1100.0 1100.0 1100.0 1100.0 1099.71 1099.411 1099.112 1098.813 1096.926 1093.035 1089.143 1085.251 1081.36 1072.59 1063.357 1054.123 1044.889 1037.435 1032.835 1028.234 1023.634 1019.034 1023.693 1029.922 1036.151 1042.38 1049.031 1056.557 1064.083 1071.608 1079.134 1083.412 1086.865 1090.317 1093.769 1096.469 1097.114 1097.759 1098.403 1099.048 1099.344 1099.517 1099.69 1099.863 1100.0 1100.0 1100.0 1100.0 1100.0 1100.0 1100.0 1100.0 1100.0 1100.0 1100.0 1100.0 1100.0 1100.0 1099.841 1099.586 1099.331 1099.076 1098.733
1100.0 1100.0 1100.0 1100.0 1099.778 1099.549 1099.32 1099.091 1097.413 1093.904 1090.395 1086.886 1083.377 1073.997 1064.057 1054.116 1044.177 1036.273 1031.635 1026.997 1022.359 1017.721 1022.734 1029.384 1036.033 1042.682 1049.697 1057.465 1065.233 1073.001 1080.769 1084.973 1088.268 1091.564 1094.86 1097.401 1097.878 1098.356 1098.834 1099.312 1099.528 1099.653 1099.777 1099.902 1100.0 1100.0 1100.0 1100.0 1100.0 1100.0 1100.0 1100.0 1100.0 1100.0 1100.0 1100.0 1100.0 1100.0 1099.68 1099.166 1098.652 1098.138 1097.489
1100.0 1100.0 1100.0 1100.0 1099.846 1099.687 1099.528 1099.37 1097.899 1094.773 1091.647 1088.521 1085.395 1075.403 1064.756 1054.11 1043.464 1035.111 1030.435 1025.759 1021.083 1016.408 1021.775 1028.845 1035.915 1042.985 1050.362 1058.372 1066.383 1074.394 1082.405 1086.533 1089.672 1092.812 1095.951 1098.332 1098.643 1098.954 1099.264 1099.575 1099.712 1099.788 1099.864 1099.94 1100.0 1100.0 1100.0 1100.0 1100.0 1100.0 1100.0 1100.0 1100.0 1100.0 1100.0 1100.0 1100.0 1100.0 1099.519 1098.746 1097.973 1097.201 1096.246
1100.0 1100.0 1100.0 1100.0 1099.914 1099.825 1099.737 1099.648 1098.386 1095.643 1092.899 1090.156 1087.413 1076.809 1065.456 1054.104 1042.751 1033.949 1029.235 1024.522 1019.808 1015.095 1020.816 1028.307 1035.797 1043.287 1051.027 1059.28 1067.534 1075.787 1084.04 1088.093 1091.076 1094.059 1097.042 1099.264 1099.408 1099.551 1099.695 1099.838 1099.896 1099.923 1099.951 1099.978 1100.0 1100.0 1100.0 1100.0 1100.0 1100.0 1100.0 1100.0 1100.0 1100.0 1100.0 1100.0 1100.0 1100.0 1099.357 1098.326 1097.295 1096.263 1095.002
1100.0 1100.0 1100.0 1100.0 1099.957 1099.913 1099.868 1099.824 1098.696 1096.199 1093.703 1091.206 1088.71 1077.761 1066.007 1054.252 1042.499 1033.378 1028.482 1023.585 1018.689 1013.792 1019.554 1027.123 1034.692 1042.26 1050.121 1058.584 1067.047 1075.51 1083.973 1088.108 1091.141 1094.174 1097.208 1099.458 1099.57 1099.682 1099.795 1099.907 1099.943 1099.953 1099.962 1099.971 1099.978 1099.976 1099.974 1099.971 1099.969 1099.973 1099.98 1099.987 1099.994 1100.0 1100.0 1100.0 1100.0 1100.0 1099.23 1097.993 1096.757 1095.521 1093.996
1100.0 1100.0 1100.0 1100.0 1099.967 1099.934 1099.9 1099.867 1098.775 1096.349 1093.923 1091.496 1089.07 1078.122 1066.363 1054.603 1042.844 1033.577 1028.309 1023.04 1017.772 1012.503 1017.898 1025.1 1032.302 1039.504 1047.172 1055.802 1064.433 1073.063 1081.693 1086.115 1089.467 1092.818 1096.169 1098.691 1098.949 1099.207 1099.465 1099.723 1099.813 1099.844 1099.875 1099.906 1099.928 1099.921 1099.913 1099.905 1099.897 1099.911 1099.934 1099.957 1099.98 1100.0 1100.0 1100.0 1100.0 1100.0 1099.146 1097.775 1096.404 1095.033 1093.3
1100.0 1100.0 1100.0 1100.0 1099.978 1099.955 1099.932 1099.909 1098.855 1096.499 1094.143 1091.786 1089.43 1078.483 1066.718 1054.953 1043.189 1033.776 1028.136 1022.495 1016.855 1011.214 1016.242 1023.077 1029.913 1036.748 1044.223 1053.021 1061.818 1070.616 1079.413 1084.123 1087.792 1091.461 1095.131 1097.924 1098.328 1098.731 1099.135 1099.538 1099.682 1099.735 1099.787 1099.84 1099.878 1099.865 1099.852 1099.839 1099.826 1099.849 1099.888 1099.927 1099.967 1100.0 1100.0 1100.0 1100.0 1100.0 1099.062 1097.556 1096.05 1094.545 1092.603
1100.0 1100.0 1100.0 1100.0 1099.988 1099.976 1099.964 1099.952 1098.935 1096.649 1094.363 1092.076 1089.79 1078.845 1067.074 1055.304 1043.534 1033.975 1027.963 1021.95 1015.938 1009.925 1014.585 1021.054 1027.523 1033.992 1041.275 1050.239 1059.204 1068.168 1077.133 1082.13 1086.117 1090.105 1094.092 1097.158 1097.707 1098.256 1098.805 1099.354 1099.552 1099.626 1099.7 1099.774 1099.828 1099.81 1099.791 1099.773 1099.754 1099.786 1099.842 1099.897 1099.953 1100.0 1100.0 1100.0 1100.0 1100.0 1098.978 1097.337 1095.697 1094.056 1091.906
1100.0 1100.0 1100.0 1100.0 1099.999 1099.998 1099.996 1099.995 1099.015 1096.799 1094.583 1092.366 1090.15 1079.206 1067.43 1055.655 1043.879 1034.174 1027.79 1021.405 1015.021 1008.636 1012.929 1019.031 1025.134 1031.236 1038.326 1047.458 1056.59 1065.721 1074.853 1080.137 1084.443 1088.748 1093.054 1096.391 1097.085 1097.78 1098.475 1099.169 1099.421 1099.517 1099.612 1099.708 1099.778 1099.755 1099.731 1099.707 1099.683 1099.724 1099.796 1099.868 1099.939 1100.0 1100.0 1100.0 1100.0 1100.0 1098.894 1097.118 1095.343 1093.568 1091.21
1100.0 1100.0 1100.0 1100.0 1099.972 1099.944 1099.915 1099.886 1098.888 1096.666 1094.444 1092.221 1089.999 1079.563 1068.344 1057.125 1045.907 1036.322 1029.355 1022.389 1015.423 1008.457 1011.732 1016.744 1021.755 1026.766 1033.005 1041.779 1050.554 1059.328 1068.103 1073.652 1078.38 1083.109 1087.837 1091.609 1092.768 1093.927 1095.087 1096.246 1096.85 1097.258 1097.666 1098.074 1098.422 1098.546 1098.669 1098.792 1098.915 1099.112 1099.343 1099.573 1099.804 1100.0 1100.0 1100.0 1100.0 1100.0 1099.038 1097.495 1095.952 1094.409 1092.299
1100.0 1100.0 1100.0 1100.0 1099.941 1099.88 1099.819 1099.758 1098.734 1096.496 1094.258 1092.019 1089.781 1079.919 1069.331 1058.743 1048.156 1038.725 1031.149 1023.574 1015.999 1008.423 1010.596 1014.422 1018.247 1022.072 1027.372 1035.721 1044.07 1052.418 1060.767 1066.578 1071.743 1076.908 1082.073 1086.299 1087.966 1089.632 1091.298 1092.964 1093.96 1094.718 1095.476 1096.235 1096.895 1097.185 1097.475 1097.766 1098.056 1098.427 1098.836 1099.245 1099.653 1100.0 1100.0 1100.0 1100.0 1100.0 1099.213 1097.95 1096.688 1095.425 1093.623
1100.0 1100.0 1100.0 1100.0 1099.909 1099.816 1099.723 1099.63 1098.581 1096.326 1094.072 1091.817 1089.562 1080.275 1070.318 1060.361 1050.404 1041.128 1032.943 1024.759 1016.574 1008.39 1009.46 1012.099 1014.738 1017.378 1021.74 1029.662 1037.585 1045.508 1053.431 1059.503 1065.105 1070.706 1076.308 1080.99 1083.164 1085.337 1087.51 1089.683 1091.069 1092.178 1093.286 1094.395 1095.367 1095.825 1096.282 1096.74 1097.197 1097.743 1098.329 1098.916 1099.503 1100.0 1100.0 1100.0 1100.0 1100.0 1099.388 1098.405 1097.423 1096.441 1094.947
1100.0 1100.0 1100.0 1100.0 1099.878 1099.752 1099.627 1099.501 1098.427 1096.156 1093.886 1091.615 1089.344 1080.631 1071.305 1061.979 1052.652 1043.531 1034.737 1025.943 1017.15 1008.356 1008.324 1009.777 1011.23 1012.683 1016.107 1023.604 1031.101 1038.597 1046.094 1052.429 1058.467 1064.505 1070.544 1075.682 1078.361 1081.041 1083.721 1086.401 1088.178 1089.638 1091.097 1092.556 1093.84 1094.464 1095.089 1095.714 1096.338 1097.058 1097.823 1098.587 1099.352 1100.0 1100.0 1100.0 1100.0 1100.0 1099.563 1098.86 1098.158 1097.456 1096.271
1099.989 1099.982 1099.975 1099.968 1099.763 1099.553 1099.343 1099.133 1097.919 1095.438 1092.957 1090.476 1087.995 1079.671 1070.79 1061.91 1053.029 1044.1 1035.095 1026.089 1017.083 1008.077 1007.257 1007.824 1008.391 1008.959 1011.573 1018.417 1025.262 1032.106 1038.951 1045.143 1051.168 1057.194 1063.22 1068.434 1071.434 1074.433 1077.433 1080.433 1082.744 1084.813 1086.881 1088.949 1090.806 1091.865 1092.925 1093.984 1095.044 1096.076 1097.096 1098.116 1099.135 1100.0 1100.0 1100.0 1100.0 1100.0 1099.7 1099.219 1098.738 1098.257 1097.334
1099.957 1099.928 1099.899 1099.871 1099.483 1099.084 1098.685 1098.286 1096.702 1093.623 1090.543 1087.464 1084.385 1076.077 1067.272 1058.467 1049.662 1041.003 1032.58 1024.156 1015.733 1007.309 1006.329 1006.611 1006.892 1007.173 1009.234 1014.974 1020.713 1026.452 1032.192 1037.433 1042.548 1047.662 1052.777 1057.31 1060.256 1063.202 1066.148 1069.093 1072.223 1075.419 1078.614 1081.809 1084.759 1086.789 1088.819 1090.849 1092.879 1094.5 1095.929 1097.359 1098.788 1100.0 1100.0 1100.0 1100.0 1100.0 1099.764 1099.385 1099.007 1098.628 1097.873
1099.925 1099.874 1099.824 1099.774 1099.202 1098.614 1098.027 1097.439 1095.486 1091.808 1088.13 1084.452 1080.774 1072.484 1063.754 1055.024 1046.295 1037.906 1030.065 1022.224 1014.383 1006.541 1005.401 1005.397 1005.393 1005.388 1006.896 1011.531 1016.165 1020.799 1025.433 1029.724 1033.927 1038.131 1042.335 1046.187 1049.078 1051.97 1054.862 1057.754 1061.703 1066.025 1070.347 1074.668 1078.713 1081.713 1084.713 1087.713 1090.714 1092.923 1094.762 1096.601 1098.441 1100.0 1100.0 1100.0 1100.0 1100.0 1099.828 1099.552 1099.276 1098.999 1098.413
1099.892 1099.82 1099.748 1099.677 1098.921 1098.145 1097.369 1096.592 1094.269 1089.993 1085.716 1081.44 1077.164 1068.89 1060.236 1051.582 1042.928 1034.809 1027.55 1020.292 1013.032 1005.773 1004.473 1004.183 1003.893 1003.603 1004.558 1008.087 1011.616 1015.145 1018.674 1022.014 1025.307 1028.599 1031.892 1035.063 1037.901 1040.738 1043.576 1046.414 1051.182 1056.631 1062.079 1067.528 1072.666 1076.637 1080.607 1084.578 1088.548 1091.346 1093.595 1095.844 1098.093 1100.0 1100.0 1100.0 1100.0 1100.0 1099.892 1099.718 1099.544 1099.37 1098.952
1099.86 1099.766 1099.673 1099.579 1098.64 1097.675 1096.71 1095.745 1093.052 1088.177 1083.303 1078.428 1073.553 1065.297 1056.718 1048.139 1039.561 1031.713 1025.036 1018.359 1011.682 1005.005 1003.545 1002.97 1002.394 1001.818 1002.22 1004.644 1007.068 1009.491 1011.915 1014.305 1016.686 1019.068 1021.449 1023.939 1026.723 1029.507 1032.291 1035.075 1040.661 1047.237 1053.812 1060.387 1066.62 1071.56 1076.501 1081.442 1086.383 1089.77 1092.428 1095.087 1097.746 1100.0 1100.0 1100.0 1100.0 1100.0 1099.956 1099.884 1099.813 1099.742 1099.492
1099.581 1099.301 1099.021 1098.742 1097.356 1095.936 1094.517 1093.098 1090.037 1084.906 1079.775 1074.643 1069.512 1061.487 1053.186 1044.885 1036.585 1029.101 1022.926 1016.751 1010.577 1004.402 1002.969 1002.339 1001.71 1001.08 1001.246 1003.054 1004.861 1006.669 1008.477 1010.326 1012.184 1014.043 1015.901 1018.009 1020.798 1023.587 1026.377 1029.166 1035.437 1042.936 1050.436 1057.936 1065.001 1070.436 1075.87 1081.305 1086.74 1090.172 1092.666 1095.161 1097.656 1099.776 1099.814 1099.852 1099.89 1099.928 1099.925 1099.897 1099.869 1099.841 1099.662
1099.233 1098.722 1098.21 1097.699 1095.793 1093.845 1091.898 1089.95 1086.523 1081.23 1075.937 1070.644 1065.351 1057.617 1049.651 1041.684 1033.718 1026.624 1020.929 1015.234 1009.539 1003.844 1002.49 1001.871 1001.252 1000.633 1000.65 1001.978 1003.306 1004.634 1005.962 1007.382 1008.826 1010.269 1011.712 1013.522 1016.333 1019.144 1021.955 1024.765 1031.683 1040.051 1048.418 1056.786 1064.614 1070.409 1076.205 1082.001 1087.797 1091.123 1093.295 1095.466 1097.637 1099.491 1099.577 1099.664 1099.75 1099.837 1099.869 1099.868 1099.867 1099.866 1099.73
1098.885 1098.142 1097.399 1096.656 1094.23 1091.754 1089.278 1086.802 1083.009 1077.555 1072.1 1066.645 1061.19 1053.747 1046.115 1038.483 1030.851 1024.147 1018.932 1013.716 1008.501 1003.286 1002.01 1001.403 1000.795 1000.187 1000.054 1000.902 1001.75 1002.599 1003.447 1004.439 1005.467 1006.495 1007.524 1009.036 1011.868 1014.7 1017.533 1020.365 1027.93 1037.166 1046.401 1055.637 1064.226 1070.382 1076.539 1082.696 1088.854 1092.075 1093.923 1095.771 1097.618 1099.205 1099.34 1099.475 1099.61 1099.745 1099.812 1099.838 1099.864 1099.89 1099.797
1098.537 1097.563 1096.587 1095.612 1092.667 1089.663 1086.659 1083.654 1079.495 1073.879 1068.262 1062.645 1057.029 1049.877 1042.579 1035.281 1027.984 1021.67 1016.934 1012.199 1007.464 1002.728 1001.531 1000.934 1000.337 999.74 999.4578 999.8263 1000.195 1000.563 1000.932 1001.495 1002.109 1002.722 1003.335 1004.549 1007.403 1010.257 1013.111 1015.964 1024.177 1034.281 1044.384 1054.487 1063.838 1070.356 1076.874 1083.392 1089.91 1093.027 1094.551 1096.075 1097.599 1098.92 1099.103 1099.287 1099.47 1099.654 1099.756 1099.809 1099.862 1099.915 1099.865
