data/zism_data/00294_02_D.txt
ncols         224
nrows         224
[rows 0 to 27 of 224, columns 63 to 125 of 224]
2798.312 2797.318 2797.168 2797.307 2797.447 2797.586 2798.144 2800.673 2803.203 2805.732 2808.262 2810.103 2811.495 2812.888 2814.281 2815.632 2815.888 2816.144 2816.4 2816.656 2816.276 2815.17 2814.064 2812.959 2811.853 2810.66 2809.457 2808.254 2807.051 2805.816 2804.518 2803.22 2801.923 2800.625 2799.093 2797.487 2795.881 2794.276 2792.465 2789.778 2787.091 2784.404 2781.717 2778.784 2775.701 2772.618 2769.535 2766.586 2766.132 2765.678 2765.224 2764.77 2765.292 2766.866 2768.439 2770.012 2771.586 2772.58 2773.518 2774.456 2775.394 2775.927 2775.685
2799.527 2798.693 2798.64 2798.854 2799.068 2799.282 2799.907 2802.469 2805.031 2807.592 2810.154 2811.962 2813.28 2814.598 2815.916 2817.188 2817.262 2817.337 2817.411 2817.485 2816.931 2815.659 2814.388 2813.117 2811.846 2810.473 2809.088 2807.703 2806.318 2804.944 2803.593 2802.241 2800.89 2799.539 2797.958 2796.304 2794.65 2792.996 2791.187 2788.713 2786.24 2783.767 2781.294 2778.866 2776.467 2774.068 2771.669 2769.433 2770.219 2771.004 2771.789 2772.575 2774.165 2776.62 2779.075 2781.53 2783.985 2784.949 2785.769 2786.59 2787.41 2787.894 2787.732
2800.742 2800.069 2800.112 2800.401 2800.689 2800.978 2801.671 2804.265 2806.858 2809.452 2812.045 2813.821 2815.064 2816.307 2817.551 2818.744 2818.637 2818.529 2818.422 2818.314 2817.586 2816.149 2814.712 2813.275 2811.839 2810.285 2808.719 2807.152 2805.585 2804.072 2802.667 2801.262 2799.858 2798.453 2796.823 2795.121 2793.419 2791.717 2789.909 2787.649 2785.39 2783.13 2780.871 2778.949 2777.234 2775.519 2773.804 2772.28 2774.305 2776.33 2778.355 2780.38 2783.037 2786.374 2789.71 2793.047 2796.384 2797.318 2798.021 2798.723 2799.426 2799.86 2799.779
2801.957 2801.444 2801.583 2801.947 2802.311 2802.675 2803.435 2806.06 2808.686 2811.312 2813.937 2815.68 2816.848 2818.017 2819.185 2820.3 2820.011 2819.722 2819.433 2819.144 2818.241 2816.638 2815.036 2813.434 2811.831 2810.098 2808.349 2806.601 2804.853 2803.2 2801.742 2800.283 2798.825 2797.367 2795.687 2793.937 2792.187 2790.437 2788.631 2786.585 2784.54 2782.494 2780.448 2779.032 2778.0 2776.969 2775.938 2775.126 2778.391 2781.656 2784.921 2788.185 2791.909 2796.128 2800.346 2804.565 2808.783 2809.687 2810.272 2810.857 2811.443 2811.827 2811.826
2804.076 2803.808 2804.054 2804.477 2804.899 2805.322 2806.12 2808.683 2811.246 2813.809 2816.372 2818.063 2819.189 2820.314 2821.439 2822.506 2822.051 2821.596 2821.141 2820.686 2819.596 2817.78 2815.965 2814.149 2812.334 2810.463 2808.585 2806.708 2804.831 2803.139 2801.828 2800.516 2799.205 2797.893 2796.32 2794.664 2793.008 2791.353 2789.703 2788.082 2786.46 2784.839 2783.218 2782.344 2781.928 2781.513 2781.097 2780.875 2784.258 2787.641 2791.023 2794.406 2798.038 2801.937 2805.837 2809.736 2813.636 2814.491 2815.053 2815.616 2816.178 2816.53 2816.477
2806.209 2806.187 2806.539 2807.021 2807.502 2807.984 2808.819 2811.317 2813.816 2816.315 2818.814 2820.455 2821.537 2822.62 2823.702 2824.722 2824.101 2823.481 2822.86 2822.239 2820.961 2818.931 2816.902 2814.873 2812.844 2810.836 2808.83 2806.825 2804.819 2803.091 2801.929 2800.767 2799.605 2798.443 2796.979 2795.419 2793.86 2792.3 2790.81 2789.616 2788.422 2787.228 2786.034 2785.704 2785.903 2786.102 2786.3 2786.667 2790.151 2793.635 2797.12 2800.604 2804.126 2807.689 2811.252 2814.814 2818.377 2819.183 2819.724 2820.266 2820.807 2821.126 2821.02
2808.342 2808.565 2809.025 2809.565 2810.105 2810.646 2811.518 2813.952 2816.387 2818.822 2821.256 2822.846 2823.886 2824.925 2825.965 2826.938 2826.152 2825.365 2824.579 2823.792 2822.326 2820.083 2817.84 2815.597 2813.354 2811.209 2809.075 2806.942 2804.808 2803.042 2802.03 2801.018 2800.006 2798.993 2797.638 2796.175 2794.711 2793.247 2791.916 2791.15 2790.383 2789.617 2788.851 2789.064 2789.877 2790.691 2791.504 2792.459 2796.044 2799.63 2803.216 2806.802 2810.214 2813.441 2816.667 2819.893 2823.119 2823.876 2824.396 2824.916 2825.435 2825.722 2825.563
2810.475 2810.944 2811.51 2812.109 2812.708 2813.307 2814.217 2816.587 2818.958 2821.328 2823.699 2825.237 2826.234 2827.231 2828.228 2829.154 2828.202 2827.25 2826.298 2825.346 2823.691 2821.234 2818.778 2816.321 2813.864 2811.582 2809.32 2807.058 2804.796 2802.994 2802.131 2801.269 2800.406 2799.543 2798.297 2796.93 2795.562 2794.195 2793.023 2792.684 2792.345 2792.006 2791.667 2792.424 2793.852 2795.279 2796.707 2798.25 2801.938 2805.625 2809.312 2813.0 2816.302 2819.192 2822.082 2824.971 2827.861 2828.569 2829.067 2829.565 2830.064 2830.318 2830.105
2812.821 2813.578 2814.259 2814.915 2815.57 2816.226 2817.162 2819.422 2821.682 2823.942 2826.202 2827.679 2828.647 2829.615 2830.584 2831.477 2830.406 2829.335 2828.264 2827.193 2825.422 2822.854 2820.286 2817.718 2815.149 2812.854 2810.589 2808.324 2806.059 2804.273 2803.465 2802.656 2801.848 2801.04 2799.855 2798.551 2797.248 2795.944 2794.894 2794.929 2794.964 2795.0 2795.035 2796.243 2798.169 2800.095 2802.021 2804.037 2807.731 2811.425 2815.118 2818.812 2821.99 2824.615 2827.24 2829.865 2832.49 2833.113 2833.543 2833.974 2834.405 2834.573 2834.239
2815.444 2816.543 2817.351 2818.06 2818.769 2819.478 2820.428 2822.518 2824.606 2826.696 2828.784 2830.188 2831.145 2832.103 2833.06 2833.941 2832.811 2831.681 2830.552 2829.422 2827.63 2825.083 2822.536 2819.989 2817.442 2815.293 2813.188 2811.084 2808.979 2807.278 2806.4 2805.522 2804.645 2803.767 2802.582 2801.299 2800.017 2798.734 2797.76 2798.1 2798.439 2798.779 2799.119 2800.658 2802.932 2805.205 2807.478 2809.818 2813.394 2816.97 2820.546 2824.122 2827.158 2829.612 2832.066 2834.52 2836.973 2837.464 2837.767 2838.069 2838.371 2838.384 2837.842
2818.067 2819.508 2820.443 2821.206 2821.968 2822.73 2823.695 2825.613 2827.531 2829.449 2831.367 2832.697 2833.643 2834.59 2835.537 2836.405 2835.217 2834.028 2832.839 2831.651 2829.837 2827.312 2824.786 2822.261 2819.736 2817.732 2815.788 2813.844 2811.899 2810.283 2809.335 2808.388 2807.441 2806.494 2805.308 2804.047 2802.786 2801.525 2800.626 2801.27 2801.914 2802.559 2803.203 2805.073 2807.694 2810.315 2812.936 2815.599 2819.058 2822.516 2825.975 2829.433 2832.325 2834.608 2836.891 2839.174 2841.457 2841.816 2841.99 2842.164 2842.338 2842.195 2841.444
2820.69 2822.472 2823.535 2824.351 2825.167 2825.982 2826.961 2828.708 2830.455 2832.202 2833.949 2835.205 2836.141 2837.077 2838.013 2838.869 2837.622 2836.374 2835.127 2833.879 2832.045 2829.541 2827.037 2824.532 2822.029 2820.171 2818.387 2816.604 2814.82 2813.288 2812.271 2811.254 2810.238 2809.221 2808.035 2806.795 2805.555 2804.316 2803.491 2804.44 2805.389 2806.338 2807.287 2809.489 2812.457 2815.425 2818.393 2821.38 2824.721 2828.062 2831.403 2834.744 2837.492 2839.604 2841.716 2843.828 2845.94 2846.167 2846.213 2846.259 2846.304 2846.006 2845.047
2823.313 2825.437 2826.627 2827.496 2828.365 2829.235 2830.228 2831.804 2833.38 2834.956 2836.532 2837.714 2838.639 2839.564 2840.49 2841.333 2840.027 2838.721 2837.415 2836.108 2834.252 2831.77 2829.287 2826.804 2824.322 2822.61 2820.987 2819.363 2817.74 2816.293 2815.207 2814.12 2813.034 2811.948 2810.761 2809.543 2808.325 2807.107 2806.357 2807.611 2808.865 2810.118 2811.372 2813.904 2817.22 2820.535 2823.85 2827.161 2830.385 2833.608 2836.831 2840.054 2842.66 2844.601 2846.542 2848.483 2850.424 2850.519 2850.436 2850.354 2850.271 2849.816 2848.649
2825.403 2827.898 2829.324 2830.384 2831.444 2832.503 2833.624 2835.034 2836.444 2837.854 2839.263 2840.407 2841.379 2842.35 2843.321 2844.209 2842.896 2841.583 2840.27 2838.957 2837.158 2834.805 2832.453 2830.1 2827.747 2826.168 2824.676 2823.185 2821.693 2820.29 2819.068 2817.847 2816.625 2815.403 2814.333 2813.311 2812.289 2811.266 2810.708 2812.129 2813.55 2814.971 2816.392 2818.979 2822.277 2825.576 2828.875 2832.175 2835.484 2838.793 2842.102 2845.41 2847.946 2849.65 2851.354 2853.058 2854.761 2854.464 2853.975 2853.485 2852.996 2852.165 2850.681
2827.424 2830.293 2831.97 2833.238 2834.506 2835.774 2837.038 2838.282 2839.526 2840.77 2842.014 2843.125 2844.15 2845.175 2846.2 2847.139 2845.826 2844.513 2843.2 2841.887 2840.155 2837.947 2835.739 2833.53 2831.322 2829.872 2828.509 2827.145 2825.782 2824.418 2823.052 2821.686 2820.32 2818.954 2818.015 2817.212 2816.409 2815.606 2815.253 2816.824 2818.395 2819.965 2821.536 2824.139 2827.374 2830.609 2833.844 2837.088 2840.509 2843.93 2847.351 2850.772 2853.248 2854.706 2856.164 2857.622 2859.08 2858.356 2857.424 2856.491 2855.558 2854.322 2852.506
2829.445 2832.688 2834.615 2836.092 2837.568 2839.045 2840.451 2841.53 2842.608 2843.687 2844.765 2845.844 2846.922 2848.0 2849.078 2850.069 2848.756 2847.443 2846.13 2844.817 2843.153 2841.089 2839.024 2836.96 2834.896 2833.576 2832.341 2831.106 2829.871 2828.545 2827.035 2825.525 2824.014 2822.504 2821.697 2821.113 2820.529 2819.945 2819.798 2821.519 2823.239 2824.959 2826.68 2829.3 2832.471 2835.641 2838.812 2842.001 2845.535 2849.068 2852.601 2856.135 2858.55 2859.762 2860.974 2862.186 2863.399 2862.249 2860.873 2859.496 2858.12 2856.479 2854.332
2831.466 2835.083 2837.261 2838.946 2840.631 2842.315 2843.865 2844.778 2845.69 2846.603 2847.516 2848.562 2849.693 2850.825 2851.956 2852.999 2851.686 2850.373 2849.06 2847.746 2846.15 2844.23 2842.31 2840.39 2838.47 2837.281 2836.174 2835.067 2833.96 2832.673 2831.019 2829.364 2827.709 2826.055 2825.379 2825.014 2824.649 2824.284 2824.344 2826.214 2828.083 2829.953 2831.823 2834.461 2837.567 2840.674 2843.781 2846.915 2850.56 2854.206 2857.851 2861.497 2863.852 2864.818 2865.784 2866.751 2867.717 2866.141 2864.322 2862.501 2860.682 2858.636 2856.158
2833.712 2837.614 2839.998 2841.861 2843.724 2845.587 2847.261 2848.047 2848.834 2849.62 2850.406 2851.431 2852.611 2853.791 2854.97 2856.059 2854.755 2853.451 2852.147 2850.843 2849.314 2847.53 2845.745 2843.96 2842.176 2841.113 2840.133 2839.153 2838.172 2836.935 2835.174 2833.412 2831.651 2829.889 2829.302 2829.086 2828.871 2828.656 2828.855 2830.827 2832.798 2834.77 2836.741 2839.394 2842.463 2845.532 2848.602 2851.704 2855.428 2859.152 2862.876 2866.6 2868.891 2869.642 2870.393 2871.144 2871.895 2869.952 2867.751 2865.55 2863.349 2860.937 2858.118
2836.41 2840.419 2842.918 2844.898 2846.878 2848.859 2850.622 2851.36 2852.098 2852.837 2853.575 2854.603 2855.821 2857.038 2858.255 2859.381 2858.103 2856.826 2855.548 2854.271 2852.811 2851.145 2849.477 2847.811 2846.144 2845.203 2844.346 2843.488 2842.631 2841.466 2839.672 2837.879 2836.085 2834.292 2833.704 2833.5 2833.295 2833.091 2833.3 2835.277 2837.254 2839.23 2841.207 2843.872 2846.957 2850.042 2853.127 2856.246 2859.98 2863.715 2867.45 2871.184 2873.407 2874.003 2874.599 2875.194 2875.79 2873.6 2871.143 2868.685 2866.228 2863.524 2860.347
2839.108 2843.224 2845.837 2847.936 2850.033 2852.131 2853.983 2854.673 2855.363 2856.053 2856.744 2857.776 2859.03 2860.285 2861.539 2862.702 2861.451 2860.201 2858.95 2857.699 2856.309 2854.76 2853.21 2851.661 2850.111 2849.293 2848.559 2847.824 2847.09 2845.997 2844.171 2842.345 2840.52 2838.694 2838.107 2837.913 2837.719 2837.526 2837.745 2839.727 2841.709 2843.691 2845.673 2848.35 2851.451 2854.552 2857.654 2860.788 2864.533 2868.278 2872.024 2875.769 2877.922 2878.363 2878.804 2879.245 2879.686 2877.248 2874.534 2871.821 2869.106 2866.111 2862.577
2841.806 2846.029 2848.757 2850.973 2853.188 2855.404 2857.344 2857.986 2858.628 2859.27 2859.912 2860.948 2862.24 2863.532 2864.824 2866.024 2864.8 2863.576 2862.352 2861.127 2859.806 2858.375 2856.943 2855.511 2854.079 2853.383 2852.772 2852.16 2851.548 2850.527 2848.67 2846.812 2844.954 2843.097 2842.51 2842.327 2842.144 2841.96 2842.189 2844.177 2846.164 2848.152 2850.139 2852.828 2855.945 2859.062 2862.179 2865.329 2869.085 2872.842 2876.597 2880.354 2882.438 2882.724 2883.01 2883.296 2883.582 2880.896 2877.926 2874.956 2871.985 2868.698 2864.806
2844.504 2848.834 2851.677 2854.01 2856.343 2858.676 2860.705 2861.299 2861.893 2862.487 2863.081 2864.12 2865.449 2866.779 2868.108 2869.345 2868.148 2866.951 2865.753 2864.556 2863.304 2861.99 2860.675 2859.361 2858.047 2857.473 2856.985 2856.496 2856.007 2855.058 2853.168 2851.279 2849.389 2847.5 2846.913 2846.741 2846.568 2846.396 2846.634 2848.627 2850.62 2852.613 2854.605 2857.306 2860.439 2863.572 2866.706 2869.871 2873.638 2877.405 2881.172 2884.938 2886.953 2887.084 2887.215 2887.346 2887.477 2884.544 2881.317 2878.091 2874.864 2871.286 2867.035
2849.11 2853.153 2855.668 2857.659 2859.65 2861.64 2863.384 2863.968 2864.552 2865.135 2865.719 2866.797 2868.197 2869.597 2870.998 2872.309 2871.268 2870.227 2869.186 2868.145 2867.044 2865.877 2864.709 2863.542 2862.375 2861.773 2861.235 2860.698 2860.161 2859.195 2857.353 2855.51 2853.668 2851.826 2851.215 2850.994 2850.774 2850.553 2850.741 2852.673 2854.604 2856.535 2858.466 2861.146 2864.282 2867.419 2870.556 2873.712 2877.235 2880.757 2884.279 2887.802 2889.662 2889.734 2889.806 2889.878 2889.95 2887.038 2883.839 2880.64 2877.441 2873.748 2869.111
2854.245 2857.893 2859.957 2861.478 2862.998 2864.519 2865.875 2866.458 2867.042 2867.626 2868.209 2869.336 2870.816 2872.297 2873.777 2875.172 2874.324 2873.475 2872.626 2871.778 2870.853 2869.84 2868.828 2867.815 2866.802 2866.13 2865.497 2864.863 2864.23 2863.222 2861.449 2859.676 2857.904 2856.131 2855.488 2855.203 2854.918 2854.634 2854.755 2856.606 2858.457 2860.308 2862.159 2864.808 2867.945 2871.082 2874.219 2877.359 2880.566 2883.773 2886.98 2890.187 2891.868 2891.908 2891.949 2891.989 2892.029 2889.211 2886.119 2883.027 2879.935 2876.177 2871.143
2859.381 2862.634 2864.247 2865.297 2866.347 2867.397 2868.365 2868.949 2869.533 2870.116 2870.7 2871.875 2873.436 2874.996 2876.557 2878.036 2877.38 2876.724 2876.068 2875.411 2874.661 2873.803 2872.946 2872.088 2871.231 2870.488 2869.758 2869.029 2868.299 2867.249 2865.546 2863.843 2862.139 2860.436 2859.761 2859.412 2859.063 2858.715 2858.769 2860.54 2862.311 2864.082 2865.852 2868.471 2871.607 2874.744 2877.881 2881.005 2883.897 2886.789 2889.681 2892.573 2894.075 2894.083 2894.091 2894.099 2894.107 2891.384 2888.399 2885.413 2882.428 2878.605 2873.176
2864.517 2867.374 2868.536 2869.115 2869.696 2870.275 2870.856 2871.44 2872.023 2872.607 2873.19 2874.414 2876.055 2877.696 2879.336 2880.9 2880.436 2879.972 2879.509 2879.045 2878.469 2877.767 2877.064 2876.361 2875.659 2874.845 2874.02 2873.194 2872.368 2871.277 2869.643 2868.009 2866.375 2864.741 2864.034 2863.621 2863.208 2862.796 2862.782 2864.473 2866.164 2867.854 2869.545 2872.133 2875.27 2878.407 2881.544 2884.652 2887.228 2889.805 2892.381 2894.958 2896.281 2896.258 2896.234 2896.209 2896.186 2893.557 2890.678 2887.8 2884.922 2881.033 2875.209
2869.592 2871.989 2872.656 2872.73 2872.804 2872.878 2873.04 2873.62 2874.2 2874.78 2875.36 2876.648 2878.397 2880.147 2881.896 2883.574 2883.371 2883.167 2882.964 2882.76 2882.397 2881.851 2881.304 2880.758 2880.211 2879.309 2878.365 2877.422 2876.479 2875.322 2873.725 2872.128 2870.531 2868.935 2868.152 2867.628 2867.104 2866.581 2866.457 2868.04 2869.623 2871.207 2872.79 2875.323 2878.438 2881.552 2884.667 2887.739 2890.025 2892.311 2894.597 2896.883 2898.042 2897.989 2897.935 2897.881 2897.828 2895.283 2892.499 2889.715 2886.931 2883.0 2876.872
2874.466 2876.189 2876.219 2875.668 2875.117 2874.565 2874.209 2874.773 2875.337 2875.901 2876.465 2877.87 2879.822 2881.774 2883.727 2885.618 2885.901 2886.184 2886.467 2886.75 2886.72 2886.334 2885.948 2885.562 2885.176 2884.122 2882.991 2881.861 2880.731 2879.425 2877.759 2876.093 2874.427 2872.76 2871.759 2870.967 2870.176 2869.385 2869.007 2870.393 2871.779 2873.164 2874.55 2876.948 2879.967 2882.985 2886.003 2888.974 2891.051 2893.129 2895.207 2897.284 2898.325 2898.25 2898.175 2898.1 2898.025 2895.527 2892.796 2890.066 2887.335 2883.439 2877.312
