data/zism_data/00304_02_D.txt
ncols         224
nrows         224
[rows 0 to 28 of 224, columns 66 to 131 of 224]
1294.437 1293.962 1293.449 1292.936 1292.424 1291.897 1291.309 1290.721 1290.134 1289.546 1288.974 1288.41 1287.847 1287.283 1286.712 1286.052 1285.393 1284.734 1284.075 1283.48 1282.941 1282.401 1281.862 1281.322 1280.664 1280.004 1279.344 1278.684 1278.119 1277.677 1277.235 1276.793 1276.351 1276.17 1276.024 1275.877 1275.731 1275.861 1276.544 1277.228 1277.911 1278.594 1279.26 1279.92 1280.58 1281.24 1281.893 1282.527 1283.16 1283.794 1284.427 1285.112 1285.82 1286.529 1287.237 1287.971 1288.876 1289.78 1290.685 1291.59 1292.524 1293.479 1294.435 1295.391 1296.34 1297.074
1294.626 1294.187 1293.705 1293.223 1292.741 1292.248 1291.708 1291.168 1290.628 1290.088 1289.531 1288.964 1288.397 1287.831 1287.256 1286.597 1285.938 1285.278 1284.619 1284.028 1283.496 1282.964 1282.432 1281.9 1281.258 1280.614 1279.97 1279.326 1278.758 1278.287 1277.817 1277.347 1276.877 1276.693 1276.546 1276.4 1276.253 1276.377 1277.04 1277.703 1278.366 1279.03 1279.69 1280.349 1281.008 1281.667 1282.326 1282.981 1283.636 1284.292 1284.947 1285.641 1286.355 1287.068 1287.781 1288.514 1289.382 1290.25 1291.117 1291.985 1292.875 1293.781 1294.687 1295.593 1296.492 1297.164
1294.834 1294.431 1293.982 1293.532 1293.082 1292.625 1292.133 1291.642 1291.151 1290.659 1290.116 1289.544 1288.972 1288.4 1287.82 1287.161 1286.502 1285.843 1285.183 1284.595 1284.069 1283.542 1283.015 1282.489 1281.862 1281.235 1280.607 1279.979 1279.406 1278.903 1278.401 1277.898 1277.396 1277.208 1277.062 1276.915 1276.769 1276.885 1277.526 1278.168 1278.81 1279.451 1280.107 1280.766 1281.425 1282.084 1282.748 1283.425 1284.101 1284.778 1285.455 1286.16 1286.879 1287.598 1288.316 1289.049 1289.879 1290.709 1291.539 1292.369 1293.214 1294.072 1294.93 1295.787 1296.638 1297.244
1295.043 1294.676 1294.259 1293.841 1293.424 1293.002 1292.559 1292.116 1291.673 1291.23 1290.702 1290.124 1289.547 1288.969 1288.385 1287.725 1287.066 1286.407 1285.748 1285.162 1284.641 1284.12 1283.599 1283.077 1282.467 1281.856 1281.244 1280.633 1280.054 1279.519 1278.985 1278.45 1277.915 1277.723 1277.577 1277.43 1277.284 1277.393 1278.013 1278.633 1279.253 1279.873 1280.524 1281.183 1281.842 1282.501 1283.17 1283.868 1284.567 1285.265 1285.964 1286.679 1287.403 1288.127 1288.851 1289.584 1290.376 1291.168 1291.96 1292.752 1293.554 1294.364 1295.173 1295.982 1296.783 1297.325
1295.251 1294.921 1294.536 1294.151 1293.766 1293.379 1292.985 1292.59 1292.196 1291.802 1291.287 1290.704 1290.121 1289.538 1288.949 1288.29 1287.63 1286.971 1286.312 1285.73 1285.214 1284.698 1284.182 1283.666 1283.072 1282.477 1281.881 1281.286 1280.703 1280.135 1279.568 1279.001 1278.434 1278.239 1278.092 1277.946 1277.799 1277.901 1278.499 1279.098 1279.696 1280.295 1280.941 1281.6 1282.259 1282.918 1283.592 1284.312 1285.032 1285.752 1286.472 1287.198 1287.927 1288.657 1289.386 1290.119 1290.873 1291.628 1292.382 1293.136 1293.894 1294.655 1295.416 1296.176 1296.928 1297.406
1295.565 1295.274 1294.928 1294.582 1294.236 1293.883 1293.501 1293.119 1292.737 1292.355 1291.844 1291.26 1290.677 1290.093 1289.503 1288.849 1288.194 1287.539 1286.884 1286.302 1285.783 1285.263 1284.744 1284.224 1283.632 1283.04 1282.447 1281.854 1281.267 1280.688 1280.109 1279.53 1278.95 1278.73 1278.556 1278.382 1278.209 1278.283 1278.853 1279.423 1279.993 1280.563 1281.196 1281.846 1282.496 1283.147 1283.814 1284.537 1285.261 1285.984 1286.708 1287.434 1288.162 1288.89 1289.618 1290.346 1291.079 1291.811 1292.544 1293.276 1294.0 1294.716 1295.433 1296.149 1296.858 1297.284
1296.026 1295.776 1295.478 1295.181 1294.884 1294.563 1294.143 1293.724 1293.304 1292.884 1292.363 1291.785 1291.206 1290.628 1290.044 1289.4 1288.756 1288.112 1287.468 1286.882 1286.347 1285.811 1285.275 1284.74 1284.132 1283.523 1282.914 1282.305 1281.716 1281.153 1280.59 1280.027 1279.464 1279.188 1278.949 1278.711 1278.473 1278.491 1279.023 1279.556 1280.088 1280.621 1281.228 1281.857 1282.486 1283.114 1283.76 1284.462 1285.163 1285.865 1286.567 1287.279 1287.997 1288.714 1289.431 1290.15 1290.883 1291.615 1292.348 1293.08 1293.781 1294.46 1295.139 1295.818 1296.489 1296.882
1296.486 1296.278 1296.029 1295.78 1295.531 1295.243 1294.786 1294.328 1293.87 1293.413 1292.882 1292.309 1291.736 1291.163 1290.585 1289.951 1289.318 1288.685 1288.052 1287.463 1286.911 1286.359 1285.807 1285.255 1284.631 1284.006 1283.38 1282.755 1282.164 1281.618 1281.071 1280.524 1279.977 1279.646 1279.343 1279.04 1278.736 1278.699 1279.194 1279.689 1280.183 1280.678 1281.26 1281.868 1282.475 1283.082 1283.706 1284.386 1285.066 1285.746 1286.427 1287.125 1287.831 1288.538 1289.244 1289.954 1290.686 1291.419 1292.151 1292.884 1293.563 1294.204 1294.846 1295.487 1296.12 1296.481
1296.947 1296.78 1296.579 1296.379 1296.179 1295.923 1295.428 1294.932 1294.437 1293.942 1293.4 1292.833 1292.265 1291.698 1291.125 1290.503 1289.881 1289.258 1288.636 1288.043 1287.475 1286.906 1286.339 1285.77 1285.13 1284.489 1283.848 1283.206 1282.613 1282.082 1281.552 1281.021 1280.49 1280.104 1279.736 1279.368 1279.0 1278.907 1279.364 1279.821 1280.278 1280.735 1281.293 1281.878 1282.464 1283.049 1283.652 1284.31 1284.969 1285.628 1286.286 1286.97 1287.666 1288.362 1289.057 1289.758 1290.49 1291.223 1291.955 1292.688 1293.345 1293.948 1294.552 1295.155 1295.751 1296.08
1297.407 1297.282 1297.13 1296.978 1296.826 1296.603 1296.07 1295.537 1295.004 1294.47 1293.919 1293.357 1292.795 1292.232 1291.666 1291.054 1290.443 1289.831 1289.22 1288.623 1288.038 1287.454 1286.87 1286.286 1285.629 1284.972 1284.314 1283.657 1283.062 1282.547 1282.033 1281.518 1281.004 1280.562 1280.129 1279.697 1279.264 1279.116 1279.535 1279.954 1280.373 1280.792 1281.325 1281.889 1282.453 1283.017 1283.598 1284.235 1284.872 1285.509 1286.146 1286.816 1287.501 1288.185 1288.87 1289.561 1290.294 1291.026 1291.759 1292.491 1293.127 1293.693 1294.258 1294.824 1295.382 1295.678
1297.802 1297.693 1297.556 1297.419 1297.282 1297.07 1296.533 1295.996 1295.459 1294.922 1294.366 1293.799 1293.233 1292.667 1292.093 1291.444 1290.795 1290.147 1289.498 1288.867 1288.252 1287.637 1287.023 1286.408 1285.735 1285.061 1284.388 1283.714 1283.098 1282.556 1282.015 1281.473 1280.932 1280.493 1280.068 1279.643 1279.218 1279.055 1279.417 1279.78 1280.142 1280.504 1280.992 1281.515 1282.038 1282.562 1283.105 1283.716 1284.327 1284.937 1285.548 1286.195 1286.86 1287.524 1288.189 1288.863 1289.6 1290.337 1291.075 1291.812 1292.447 1293.009 1293.57 1294.132 1294.686 1294.974
1298.189 1298.094 1297.968 1297.841 1297.715 1297.512 1296.975 1296.438 1295.9 1295.363 1294.804 1294.232 1293.66 1293.089 1292.506 1291.814 1291.122 1290.431 1289.739 1289.071 1288.423 1287.776 1287.129 1286.482 1285.793 1285.103 1284.413 1283.723 1283.084 1282.51 1281.936 1281.362 1280.788 1280.36 1279.951 1279.542 1279.133 1278.962 1279.265 1279.568 1279.871 1280.173 1280.615 1281.095 1281.575 1282.055 1282.559 1283.143 1283.727 1284.311 1284.894 1285.518 1286.161 1286.804 1287.447 1288.103 1288.846 1289.588 1290.331 1291.074 1291.711 1292.273 1292.834 1293.396 1293.949 1294.232
1298.576 1298.494 1298.379 1298.264 1298.148 1297.953 1297.416 1296.879 1296.342 1295.805 1295.242 1294.665 1294.088 1293.511 1292.92 1292.185 1291.449 1290.714 1289.979 1289.274 1288.594 1287.915 1287.236 1286.556 1285.85 1285.144 1284.438 1283.732 1283.07 1282.463 1281.857 1281.251 1280.645 1280.227 1279.834 1279.442 1279.049 1278.868 1279.112 1279.356 1279.599 1279.843 1280.238 1280.675 1281.111 1281.548 1282.013 1282.57 1283.127 1283.684 1284.241 1284.841 1285.463 1286.084 1286.705 1287.343 1288.091 1288.839 1289.587 1290.335 1290.975 1291.537 1292.099 1292.66 1293.213 1293.491
1298.963 1298.895 1298.79 1298.686 1298.581 1298.395 1297.858 1297.321 1296.783 1296.246 1295.68 1295.098 1294.515 1293.933 1293.333 1292.555 1291.777 1290.998 1290.22 1289.478 1288.766 1288.054 1287.342 1286.63 1285.908 1285.186 1284.464 1283.741 1283.056 1282.417 1281.778 1281.14 1280.501 1280.094 1279.718 1279.341 1278.965 1278.775 1278.959 1279.144 1279.328 1279.512 1279.861 1280.254 1280.648 1281.042 1281.467 1281.997 1282.527 1283.057 1283.587 1284.164 1284.764 1285.364 1285.964 1286.583 1287.337 1288.09 1288.844 1289.597 1290.239 1290.801 1291.362 1291.924 1292.477 1292.749
1299.268 1299.214 1299.118 1299.022 1298.927 1298.747 1298.206 1297.665 1297.124 1296.583 1295.994 1295.379 1294.764 1294.148 1293.516 1292.698 1291.881 1291.063 1290.246 1289.474 1288.741 1288.009 1287.276 1286.544 1285.812 1285.079 1284.346 1283.614 1282.911 1282.246 1281.581 1280.916 1280.25 1279.839 1279.461 1279.083 1278.705 1278.502 1278.649 1278.795 1278.942 1279.088 1279.407 1279.773 1280.139 1280.505 1280.903 1281.404 1281.905 1282.406 1282.907 1283.466 1284.052 1284.638 1285.224 1285.831 1286.58 1287.329 1288.078 1288.827 1289.465 1290.023 1290.581 1291.138 1291.688 1291.983
1299.43 1299.389 1299.299 1299.209 1299.119 1298.941 1298.389 1297.838 1297.286 1296.734 1296.09 1295.394 1294.698 1294.001 1293.292 1292.442 1291.592 1290.743 1289.893 1289.106 1288.373 1287.641 1286.908 1286.176 1285.443 1284.711 1283.979 1283.246 1282.536 1281.854 1281.173 1280.492 1279.811 1279.369 1278.959 1278.548 1278.138 1277.913 1278.06 1278.206 1278.353 1278.499 1278.818 1279.184 1279.55 1279.917 1280.307 1280.775 1281.244 1281.713 1282.181 1282.73 1283.316 1283.902 1284.488 1285.092 1285.82 1286.547 1287.275 1288.002 1288.625 1289.172 1289.719 1290.266 1290.807 1291.171
1299.592 1299.565 1299.48 1299.395 1299.31 1299.135 1298.573 1298.01 1297.448 1296.885 1296.186 1295.409 1294.631 1293.854 1293.068 1292.186 1291.304 1290.422 1289.54 1288.738 1288.005 1287.273 1286.541 1285.808 1285.075 1284.343 1283.61 1282.878 1282.161 1281.463 1280.766 1280.068 1279.371 1278.899 1278.456 1278.014 1277.571 1277.325 1277.471 1277.618 1277.764 1277.911 1278.229 1278.595 1278.962 1279.328 1279.71 1280.146 1280.583 1281.019 1281.456 1281.994 1282.58 1283.166 1283.752 1284.354 1285.059 1285.765 1286.471 1287.177 1287.785 1288.321 1288.857 1289.393 1289.926 1290.36
1299.754 1299.741 1299.661 1299.582 1299.502 1299.33 1298.756 1298.183 1297.609 1297.036 1296.281 1295.423 1294.565 1293.708 1292.845 1291.93 1291.016 1290.101 1289.187 1288.37 1287.637 1286.905 1286.172 1285.44 1284.708 1283.975 1283.242 1282.51 1281.786 1281.072 1280.359 1279.645 1278.931 1278.429 1277.954 1277.479 1277.004 1276.736 1276.882 1277.029 1277.175 1277.322 1277.64 1278.006 1278.373 1278.739 1279.114 1279.518 1279.922 1280.326 1280.73 1281.258 1281.844 1282.43 1283.016 1283.615 1284.299 1284.983 1285.668 1286.352 1286.944 1287.47 1287.995 1288.52 1289.045 1289.549
1299.916 1299.917 1299.842 1299.768 1299.694 1299.524 1298.94 1298.356 1297.771 1297.187 1296.377 1295.438 1294.499 1293.561 1292.621 1291.674 1290.727 1289.781 1288.834 1288.002 1287.269 1286.537 1285.804 1285.072 1284.339 1283.607 1282.875 1282.142 1281.411 1280.681 1279.951 1279.221 1278.492 1277.958 1277.451 1276.944 1276.436 1276.147 1276.293 1276.44 1276.587 1276.733 1277.052 1277.418 1277.784 1278.15 1278.518 1278.889 1279.261 1279.632 1280.004 1280.522 1281.108 1281.694 1282.28 1282.876 1283.539 1284.201 1284.864 1285.527 1286.104 1286.619 1287.133 1287.648 1288.164 1288.738
1299.401 1299.401 1299.336 1299.272 1299.208 1299.049 1298.481 1297.913 1297.344 1296.776 1295.963 1295.011 1294.059 1293.107 1292.156 1291.222 1290.288 1289.353 1288.419 1287.576 1286.812 1286.048 1285.284 1284.52 1283.761 1283.001 1282.242 1281.483 1280.735 1280.002 1279.27 1278.537 1277.805 1277.267 1276.754 1276.241 1275.729 1275.438 1275.594 1275.75 1275.905 1276.061 1276.346 1276.667 1276.988 1277.31 1277.643 1278.019 1278.394 1278.769 1279.144 1279.672 1280.272 1280.871 1281.471 1282.08 1282.752 1283.425 1284.098 1284.771 1285.366 1285.906 1286.446 1286.985 1287.528 1288.168
1298.751 1298.746 1298.693 1298.639 1298.586 1298.439 1297.893 1297.346 1296.8 1296.253 1295.448 1294.496 1293.544 1292.592 1291.643 1290.73 1289.817 1288.905 1287.992 1287.139 1286.337 1285.536 1284.734 1283.932 1283.14 1282.348 1281.557 1280.765 1279.999 1279.266 1278.534 1277.801 1277.069 1276.531 1276.018 1275.505 1274.992 1274.706 1274.872 1275.039 1275.205 1275.371 1275.617 1275.884 1276.151 1276.419 1276.714 1277.1 1277.486 1277.872 1278.258 1278.8 1279.416 1280.031 1280.647 1281.272 1281.961 1282.65 1283.339 1284.028 1284.649 1285.221 1285.793 1286.365 1286.941 1287.646
1298.102 1298.092 1298.049 1298.006 1297.964 1297.83 1297.305 1296.78 1296.255 1295.73 1294.933 1293.981 1293.029 1292.076 1291.129 1290.238 1289.347 1288.456 1287.565 1286.702 1285.862 1285.023 1284.183 1283.344 1282.52 1281.695 1280.871 1280.047 1279.263 1278.53 1277.798 1277.065 1276.333 1275.795 1275.282 1274.769 1274.256 1273.974 1274.151 1274.328 1274.505 1274.682 1274.887 1275.101 1275.314 1275.528 1275.784 1276.181 1276.578 1276.974 1277.371 1277.928 1278.56 1279.192 1279.823 1280.465 1281.17 1281.875 1282.58 1283.285 1283.932 1284.536 1285.14 1285.745 1286.354 1287.123
1297.452 1297.437 1297.405 1297.373 1297.341 1297.221 1296.717 1296.214 1295.711 1295.207 1294.418 1293.466 1292.513 1291.561 1290.616 1289.746 1288.877 1288.007 1287.138 1286.264 1285.387 1284.51 1283.633 1282.756 1281.899 1281.042 1280.186 1279.329 1278.527 1277.794 1277.062 1276.329 1275.597 1275.059 1274.546 1274.033 1273.521 1273.241 1273.429 1273.617 1273.805 1273.993 1274.158 1274.318 1274.477 1274.637 1274.854 1275.262 1275.669 1276.077 1276.484 1277.056 1277.704 1278.352 1279.0 1279.657 1280.379 1281.1 1281.821 1282.542 1283.214 1283.851 1284.488 1285.125 1285.767 1286.601
1296.664 1296.647 1296.624 1296.602 1296.579 1296.472 1296.001 1295.531 1295.061 1294.591 1293.818 1292.874 1291.93 1290.986 1290.05 1289.201 1288.351 1287.501 1286.652 1285.774 1284.872 1283.971 1283.069 1282.167 1281.288 1280.409 1279.53 1278.651 1277.832 1277.091 1276.351 1275.61 1274.869 1274.333 1273.824 1273.314 1272.805 1272.529 1272.721 1272.913 1273.105 1273.297 1273.443 1273.577 1273.711 1273.844 1274.04 1274.442 1274.844 1275.246 1275.648 1276.228 1276.893 1277.557 1278.221 1278.895 1279.632 1280.369 1281.107 1281.844 1282.548 1283.227 1283.906 1284.584 1285.269 1286.148
1295.56 1295.547 1295.53 1295.512 1295.495 1295.403 1294.992 1294.581 1294.171 1293.76 1293.026 1292.109 1291.192 1290.275 1289.365 1288.531 1287.698 1286.864 1286.031 1285.164 1284.267 1283.371 1282.475 1281.578 1280.699 1279.82 1278.941 1278.062 1277.231 1276.464 1275.696 1274.929 1274.161 1273.631 1273.132 1272.634 1272.135 1271.863 1272.044 1272.226 1272.407 1272.588 1272.762 1272.933 1273.104 1273.276 1273.49 1273.849 1274.208 1274.567 1274.926 1275.503 1276.184 1276.864 1277.544 1278.234 1278.988 1279.741 1280.495 1281.249 1281.996 1282.74 1283.484 1284.227 1284.975 1285.854
1294.456 1294.447 1294.435 1294.423 1294.411 1294.335 1293.984 1293.632 1293.28 1292.928 1292.233 1291.343 1290.453 1289.563 1288.679 1287.862 1287.045 1286.227 1285.41 1284.553 1283.662 1282.771 1281.88 1280.99 1280.11 1279.231 1278.352 1277.473 1276.631 1275.836 1275.042 1274.247 1273.453 1272.929 1272.441 1271.953 1271.466 1271.197 1271.368 1271.538 1271.709 1271.879 1272.08 1272.289 1272.498 1272.707 1272.941 1273.256 1273.572 1273.888 1274.203 1274.778 1275.475 1276.172 1276.868 1277.574 1278.344 1279.114 1279.883 1280.653 1281.445 1282.253 1283.062 1283.87 1284.68 1285.559
1293.352 1293.347 1293.34 1293.334 1293.327 1293.267 1292.974 1292.682 1292.39 1292.097 1291.441 1290.578 1289.715 1288.852 1287.994 1287.193 1286.392 1285.59 1284.789 1283.943 1283.057 1282.172 1281.286 1280.401 1279.521 1278.643 1277.764 1276.885 1276.031 1275.209 1274.387 1273.566 1272.744 1272.227 1271.75 1271.273 1270.796 1270.531 1270.691 1270.851 1271.01 1271.17 1271.398 1271.645 1271.891 1272.138 1272.391 1272.663 1272.936 1273.209 1273.481 1274.053 1274.766 1275.479 1276.192 1276.914 1277.7 1278.486 1279.271 1280.057 1280.894 1281.767 1282.64 1283.513 1284.386 1285.265
1292.248 1292.247 1292.246 1292.245 1292.243 1292.199 1291.965 1291.732 1291.499 1291.266 1290.649 1289.812 1288.976 1288.14 1287.308 1286.523 1285.738 1284.953 1284.169 1283.333 1282.452 1281.572 1280.692 1279.812 1278.933 1278.054 1277.175 1276.296 1275.43 1274.582 1273.733 1272.885 1272.036 1271.525 1271.059 1270.593 1270.126 1269.865 1270.014 1270.163 1270.312 1270.461 1270.716 1271.0 1271.285 1271.569 1271.841 1272.071 1272.3 1272.53 1272.759 1273.328 1274.057 1274.786 1275.515 1276.253 1277.056 1277.858 1278.66 1279.462 1280.343 1281.28 1282.218 1283.156 1284.092 1284.971
1291.134 1291.144 1291.144 1291.144 1291.144 1291.11 1290.927 1290.745 1290.563 1290.381 1289.797 1288.983 1288.17 1287.356 1286.546 1285.773 1285.0 1284.227 1283.455 1282.638 1281.784 1280.93 1280.076 1279.223 1278.307 1277.39 1276.474 1275.557 1274.676 1273.843 1273.009 1272.176 1271.342 1270.85 1270.403 1269.955 1269.508 1269.251 1269.372 1269.494 1269.615 1269.736 1270.002 1270.307 1270.613 1270.918 1271.224 1271.532 1271.839 1272.147 1272.455 1273.069 1273.826 1274.584 1275.341 1276.105 1276.911 1277.717 1278.522 1279.328 1280.219 1281.171 1282.123 1283.075 1284.025 1284.879
