data/zism_data/00302_02_D.txt
ncols         224
nrows         224
[rows 196 to 223 of 224, columns 126 to 188 of 224]
1799.711 1799.681 1799.651 1799.621 1799.583 1799.271 1798.959 1798.647 1798.335 1798.293 1798.547 1798.8 1799.053 1799.307 1799.462 1799.611 1799.759 1799.908 1800.0 1800.0 1800.0 1800.0 1800.0 1799.759 1799.467 1799.175 1798.883 1798.571 1798.21 1797.848 1797.487 1797.125 1797.331 1797.752 1798.173 1798.595 1798.983 1799.215 1799.448 1799.68 1799.912 1800.0 1800.0 1800.0 1800.0 1799.985 1799.781 1799.577 1799.372 1799.168 1798.563 1797.59 1796.617 1795.644 1794.672 1794.52 1794.392 1794.265 1794.137 1792.891 1790.102 1787.313 1784.524
1799.555 1799.509 1799.463 1799.417 1799.36 1798.919 1798.478 1798.037 1797.596 1797.547 1797.923 1798.3 1798.677 1799.053 1799.268 1799.47 1799.672 1799.874 1800.0 1800.0 1800.0 1800.0 1800.0 1799.781 1799.516 1799.25 1798.985 1798.73 1798.503 1798.276 1798.048 1797.821 1797.989 1798.309 1798.628 1798.947 1799.241 1799.415 1799.588 1799.761 1799.935 1800.0 1800.0 1800.0 1800.0 1799.987 1799.804 1799.621 1799.438 1799.255 1798.792 1798.071 1797.351 1796.63 1795.909 1795.89 1795.891 1795.893 1795.894 1795.009 1792.901 1790.794 1788.686
1799.399 1799.337 1799.275 1799.213 1799.136 1798.567 1797.997 1797.427 1796.858 1796.8 1797.3 1797.8 1798.3 1798.8 1799.074 1799.329 1799.585 1799.841 1800.0 1800.0 1800.0 1800.0 1800.0 1799.803 1799.565 1799.326 1799.088 1798.889 1798.796 1798.703 1798.609 1798.516 1798.648 1798.865 1799.083 1799.3 1799.5 1799.614 1799.728 1799.843 1799.957 1800.0 1800.0 1800.0 1800.0 1799.988 1799.827 1799.666 1799.504 1799.343 1799.021 1798.553 1798.084 1797.616 1797.147 1797.26 1797.39 1797.521 1797.651 1797.127 1795.7 1794.274 1792.848
1798.26 1798.126 1797.993 1797.859 1797.711 1797.093 1796.474 1795.856 1795.238 1795.275 1796.027 1796.78 1797.533 1798.285 1798.678 1799.043 1799.408 1799.773 1800.0 1800.0 1800.0 1800.0 1800.0 1799.816 1799.593 1799.37 1799.147 1798.986 1798.989 1798.993 1798.996 1798.999 1799.11 1799.261 1799.412 1799.564 1799.701 1799.769 1799.838 1799.906 1799.974 1800.0 1800.0 1800.0 1800.0 1799.99 1799.85 1799.71 1799.57 1799.43 1799.22 1798.945 1798.67 1798.395 1798.119 1798.315 1798.525 1798.735 1798.945 1798.67 1797.726 1796.782 1795.838
1794.873 1794.541 1794.209 1793.877 1793.54 1793.056 1792.572 1792.087 1791.603 1791.972 1793.272 1794.572 1795.871 1797.171 1797.823 1798.424 1799.025 1799.625 1800.0 1800.0 1800.0 1800.0 1800.0 1799.807 1799.573 1799.339 1799.106 1798.94 1798.954 1798.968 1798.982 1798.996 1799.121 1799.289 1799.456 1799.624 1799.771 1799.823 1799.876 1799.928 1799.98 1800.0 1800.0 1800.0 1800.0 1799.991 1799.873 1799.754 1799.636 1799.517 1799.348 1799.132 1798.916 1798.7 1798.484 1798.65 1798.828 1799.006 1799.184 1798.901 1797.984 1797.067 1796.149
1791.486 1790.956 1790.425 1789.894 1789.369 1789.018 1788.668 1788.318 1787.968 1788.669 1790.516 1792.363 1794.21 1796.057 1796.967 1797.804 1798.641 1799.478 1800.0 1800.0 1800.0 1800.0 1800.0 1799.798 1799.554 1799.309 1799.065 1798.894 1798.919 1798.944 1798.969 1798.993 1799.133 1799.317 1799.5 1799.684 1799.842 1799.878 1799.914 1799.95 1799.986 1800.0 1800.0 1800.0 1800.0 1799.993 1799.896 1799.799 1799.702 1799.605 1799.477 1799.32 1799.162 1799.005 1798.849 1798.985 1799.131 1799.276 1799.422 1799.132 1798.242 1797.351 1796.461
1788.099 1787.37 1786.641 1785.912 1785.197 1784.981 1784.765 1784.549 1784.333 1785.366 1787.76 1790.154 1792.549 1794.943 1796.112 1797.185 1798.258 1799.331 1800.0 1800.0 1800.0 1800.0 1800.0 1799.789 1799.534 1799.279 1799.024 1798.848 1798.884 1798.919 1798.955 1798.99 1799.145 1799.344 1799.544 1799.744 1799.912 1799.932 1799.952 1799.972 1799.992 1800.0 1800.0 1800.0 1800.0 1799.995 1799.919 1799.843 1799.768 1799.692 1799.605 1799.507 1799.409 1799.311 1799.213 1799.32 1799.434 1799.547 1799.66 1799.363 1798.5 1797.636 1796.772
1784.712 1783.785 1782.857 1781.929 1781.026 1780.944 1780.862 1780.78 1780.698 1782.063 1785.004 1787.946 1790.887 1793.829 1795.257 1796.566 1797.875 1799.184 1800.0 1800.0 1800.0 1800.0 1800.0 1799.78 1799.514 1799.249 1798.983 1798.803 1798.849 1798.895 1798.941 1798.987 1799.156 1799.372 1799.588 1799.804 1799.983 1799.987 1799.991 1799.995 1799.999 1800.0 1800.0 1800.0 1800.0 1799.996 1799.942 1799.888 1799.834 1799.78 1799.733 1799.694 1799.656 1799.617 1799.578 1799.655 1799.736 1799.818 1799.899 1799.594 1798.757 1797.921 1797.084
1778.98 1777.68 1776.38 1775.08 1773.824 1774.067 1774.309 1774.551 1774.793 1776.676 1780.346 1784.017 1787.688 1791.359 1793.253 1795.009 1796.764 1798.52 1799.589 1799.525 1799.46 1799.395 1799.33 1798.89 1798.371 1797.852 1797.333 1797.026 1797.281 1797.536 1797.792 1798.047 1798.411 1798.817 1799.222 1799.628 1799.965 1799.973 1799.981 1799.989 1799.997 1799.985 1799.961 1799.936 1799.912 1799.886 1799.837 1799.788 1799.74 1799.691 1799.663 1799.655 1799.647 1799.638 1799.63 1799.615 1799.599 1799.583 1799.568 1799.079 1797.937 1796.796 1795.654
1772.481 1770.751 1769.022 1767.293 1765.632 1766.26 1766.889 1767.517 1768.146 1770.607 1775.067 1779.526 1783.985 1788.445 1790.874 1793.145 1795.415 1797.686 1799.044 1798.894 1798.743 1798.593 1798.442 1797.712 1796.86 1796.008 1795.156 1794.685 1795.213 1795.742 1796.271 1796.799 1797.418 1798.07 1798.723 1799.375 1799.918 1799.937 1799.955 1799.974 1799.993 1799.965 1799.908 1799.852 1799.796 1799.74 1799.691 1799.642 1799.593 1799.544 1799.528 1799.541 1799.554 1799.568 1799.581 1799.451 1799.318 1799.184 1799.05 1798.319 1796.764 1795.21 1793.655
1765.982 1763.823 1761.665 1759.506 1757.439 1758.454 1759.469 1760.484 1761.499 1764.538 1769.787 1775.035 1780.283 1785.531 1788.495 1791.281 1794.067 1796.852 1798.499 1798.263 1798.026 1797.79 1797.554 1796.534 1795.349 1794.165 1792.98 1792.343 1793.145 1793.947 1794.75 1795.552 1796.425 1797.324 1798.223 1799.123 1799.871 1799.9 1799.93 1799.959 1799.989 1799.945 1799.856 1799.767 1799.679 1799.593 1799.544 1799.495 1799.447 1799.398 1799.393 1799.427 1799.462 1799.497 1799.531 1799.288 1799.036 1798.784 1798.532 1797.56 1795.592 1793.624 1791.656
1759.482 1756.894 1754.307 1751.719 1749.247 1750.648 1752.049 1753.45 1754.852 1758.47 1764.507 1770.544 1776.58 1782.617 1786.116 1789.417 1792.718 1796.019 1797.954 1797.632 1797.31 1796.987 1796.665 1795.356 1793.839 1792.321 1790.804 1790.001 1791.077 1792.153 1793.229 1794.305 1795.431 1796.578 1797.724 1798.87 1799.824 1799.864 1799.904 1799.945 1799.985 1799.925 1799.804 1799.683 1799.562 1799.447 1799.398 1799.349 1799.3 1799.251 1799.257 1799.313 1799.37 1799.426 1799.482 1799.124 1798.755 1798.385 1798.015 1796.8 1794.419 1792.038 1789.657
1753.118 1750.119 1747.121 1744.122 1741.26 1742.948 1744.636 1746.325 1748.013 1752.117 1758.854 1765.591 1772.329 1779.066 1783.04 1786.798 1790.556 1794.314 1796.498 1796.079 1795.66 1795.241 1794.823 1793.208 1791.342 1789.476 1787.609 1786.644 1788.051 1789.457 1790.863 1792.269 1793.742 1795.241 1796.739 1798.238 1799.492 1799.588 1799.683 1799.779 1799.875 1799.775 1799.556 1799.338 1799.12 1798.912 1798.839 1798.766 1798.694 1798.621 1798.641 1798.747 1798.853 1798.959 1799.065 1798.562 1798.04 1797.518 1796.997 1795.516 1792.711 1789.906 1787.101
1747.282 1743.945 1740.609 1737.272 1734.078 1735.665 1737.251 1738.838 1740.424 1744.644 1751.735 1758.827 1765.918 1773.01 1777.223 1781.212 1785.201 1789.19 1791.465 1790.906 1790.348 1789.79 1789.231 1787.251 1784.972 1782.693 1780.413 1779.301 1781.26 1783.218 1785.177 1787.136 1789.317 1791.583 1793.849 1796.115 1798.043 1798.369 1798.696 1799.022 1799.348 1799.115 1798.542 1797.97 1797.397 1796.852 1796.662 1796.471 1796.28 1796.089 1796.137 1796.404 1796.671 1796.938 1797.205 1796.43 1795.624 1794.818 1794.012 1792.17 1788.898 1785.626 1782.355
1741.445 1737.771 1734.096 1730.422 1726.897 1728.381 1729.866 1731.35 1732.835 1737.171 1744.616 1752.062 1759.507 1766.953 1771.406 1775.626 1779.845 1784.065 1786.431 1785.733 1785.035 1784.337 1783.639 1781.294 1778.601 1775.909 1773.217 1771.957 1774.469 1776.98 1779.491 1782.003 1784.892 1787.925 1790.958 1793.991 1796.594 1797.151 1797.708 1798.265 1798.822 1798.454 1797.528 1796.601 1795.675 1794.793 1794.484 1794.175 1793.866 1793.557 1793.633 1794.061 1794.489 1794.917 1795.344 1794.298 1793.208 1792.117 1791.027 1788.824 1785.085 1781.347 1777.608
1735.609 1731.597 1727.584 1723.572 1719.715 1721.098 1722.481 1723.863 1725.246 1729.698 1737.498 1745.297 1753.097 1760.897 1765.589 1770.04 1774.49 1778.94 1781.398 1780.56 1779.723 1778.885 1778.048 1775.337 1772.231 1769.126 1766.02 1764.614 1767.678 1770.742 1773.806 1776.87 1780.467 1784.268 1788.068 1791.868 1795.144 1795.932 1796.72 1797.508 1798.296 1797.794 1796.514 1795.233 1793.952 1792.733 1792.307 1791.88 1791.453 1791.026 1791.129 1791.718 1792.307 1792.895 1793.484 1792.166 1790.792 1789.417 1788.042 1785.478 1781.273 1777.067 1772.862
1729.773 1725.422 1721.072 1716.721 1712.534 1713.815 1715.095 1716.376 1717.657 1722.224 1730.379 1738.532 1746.686 1754.84 1759.773 1764.454 1769.134 1773.815 1776.364 1775.387 1774.41 1773.433 1772.456 1769.38 1765.861 1762.342 1758.824 1757.27 1760.886 1764.503 1768.12 1771.737 1776.042 1780.61 1785.177 1789.745 1793.695 1794.714 1795.732 1796.751 1797.769 1797.134 1795.499 1793.865 1792.23 1790.674 1790.129 1789.584 1789.039 1788.494 1788.625 1789.375 1790.124 1790.874 1791.624 1790.034 1788.375 1786.716 1785.057 1782.132 1777.46 1772.788 1768.116
1725.229 1721.093 1716.957 1712.822 1708.838 1709.943 1711.048 1712.154 1713.259 1717.51 1725.192 1732.874 1740.556 1748.238 1753.114 1757.77 1762.426 1767.082 1769.587 1768.534 1767.48 1766.427 1765.373 1762.069 1758.291 1754.513 1750.735 1749.002 1752.65 1756.298 1759.946 1763.594 1768.355 1773.54 1778.724 1783.908 1788.442 1789.888 1791.333 1792.778 1794.223 1793.48 1791.414 1789.348 1787.282 1785.307 1784.486 1783.666 1782.846 1782.025 1782.161 1783.173 1784.185 1785.197 1786.209 1784.692 1783.098 1781.505 1779.911 1776.955 1772.121 1767.287 1762.452
1721.373 1717.747 1714.121 1710.495 1707.0 1707.891 1708.782 1709.672 1710.563 1714.266 1721.036 1727.806 1734.576 1741.346 1746.006 1750.501 1754.996 1759.491 1761.88 1760.783 1759.687 1758.59 1757.494 1754.036 1750.081 1746.126 1742.171 1740.242 1743.643 1747.044 1750.445 1753.847 1758.929 1764.65 1770.37 1776.091 1781.161 1783.137 1785.114 1787.09 1789.066 1788.229 1785.691 1783.153 1780.615 1778.175 1776.995 1775.816 1774.636 1773.456 1773.585 1774.913 1776.242 1777.571 1778.9 1777.636 1776.294 1774.953 1773.612 1770.802 1765.968 1761.134 1756.299
1717.518 1714.402 1711.286 1708.169 1705.163 1705.839 1706.515 1707.191 1707.867 1711.021 1716.88 1722.737 1728.595 1734.453 1738.898 1743.232 1747.566 1751.901 1754.172 1753.033 1751.894 1750.754 1749.615 1746.004 1741.871 1737.74 1733.608 1731.482 1734.636 1737.791 1740.945 1744.099 1749.502 1755.76 1762.017 1768.274 1773.88 1776.387 1778.895 1781.402 1783.91 1782.979 1779.968 1776.958 1773.948 1771.044 1769.505 1767.965 1766.426 1764.887 1765.009 1766.654 1768.299 1769.945 1771.59 1770.58 1769.491 1768.402 1767.313 1764.65 1759.815 1754.981 1750.146
1713.663 1711.056 1708.45 1705.843 1703.325 1703.787 1704.248 1704.71 1705.171 1707.777 1712.723 1717.669 1722.615 1727.561 1731.79 1735.963 1740.136 1744.31 1746.465 1745.283 1744.1 1742.918 1741.736 1737.971 1733.661 1729.353 1725.043 1722.722 1725.629 1728.537 1731.444 1734.352 1740.075 1746.869 1753.663 1760.457 1766.598 1769.637 1772.675 1775.714 1778.753 1777.728 1774.245 1770.763 1767.281 1763.913 1762.014 1760.115 1758.216 1756.317 1756.433 1758.395 1760.357 1762.318 1764.28 1763.524 1762.687 1761.85 1761.013 1758.496 1753.662 1748.828 1743.993
1709.984 1707.88 1705.776 1703.672 1701.637 1701.9 1702.162 1702.425 1702.688 1704.762 1708.813 1712.864 1716.915 1720.967 1724.955 1728.939 1732.923 1736.908 1738.936 1737.731 1736.526 1735.321 1734.116 1730.261 1725.849 1721.436 1717.023 1714.553 1717.194 1719.834 1722.475 1725.115 1731.074 1738.294 1745.514 1752.734 1759.309 1762.816 1766.324 1769.832 1773.34 1772.237 1768.348 1764.458 1760.568 1756.797 1754.549 1752.3 1750.052 1747.803 1747.908 1750.171 1752.433 1754.696 1756.959 1756.473 1755.906 1755.339 1754.771 1752.427 1747.631 1742.835 1738.039
1707.871 1706.207 1704.543 1702.879 1701.269 1701.473 1701.676 1701.88 1702.083 1703.773 1707.084 1710.395 1713.705 1717.016 1720.543 1724.087 1727.631 1731.176 1732.989 1731.939 1730.89 1729.84 1728.791 1725.415 1721.55 1717.685 1713.819 1711.623 1713.818 1716.013 1718.208 1720.404 1725.839 1732.507 1739.174 1745.842 1751.946 1755.373 1758.8 1762.227 1765.655 1764.626 1760.902 1757.179 1753.456 1749.82 1747.308 1744.797 1742.286 1739.774 1739.838 1742.261 1744.685 1747.108 1749.532 1749.463 1749.319 1749.176 1749.032 1747.094 1742.679 1738.264 1733.849
1705.758 1704.534 1703.31 1702.086 1700.901 1701.046 1701.19 1701.335 1701.479 1702.784 1705.354 1707.925 1710.495 1713.065 1716.131 1719.235 1722.339 1725.443 1727.041 1726.147 1725.253 1724.359 1723.466 1720.569 1717.251 1713.933 1710.615 1708.692 1710.442 1712.192 1713.942 1715.692 1720.605 1726.72 1732.834 1738.949 1744.582 1747.929 1751.276 1754.623 1757.97 1757.014 1753.457 1749.9 1746.343 1742.842 1740.068 1737.294 1734.519 1731.745 1731.766 1734.351 1736.936 1739.52 1742.105 1742.452 1742.732 1743.012 1743.293 1741.76 1737.726 1733.692 1729.658
1703.645 1702.86 1702.076 1701.292 1700.533 1700.619 1700.704 1700.79 1700.875 1701.795 1703.625 1705.455 1707.285 1709.115 1711.719 1714.383 1717.047 1719.711 1721.094 1720.355 1719.617 1718.879 1718.141 1715.723 1712.952 1710.181 1707.411 1705.762 1707.067 1708.371 1709.676 1710.98 1715.37 1720.932 1726.494 1732.057 1737.219 1740.486 1743.752 1747.018 1750.285 1749.402 1746.012 1742.621 1739.23 1735.865 1732.828 1729.79 1726.753 1723.716 1723.696 1726.441 1729.187 1731.932 1734.678 1735.441 1736.145 1736.849 1737.554 1736.427 1732.774 1729.121 1725.468
1701.531 1701.187 1700.843 1700.499 1700.165 1700.192 1700.218 1700.245 1700.271 1700.806 1701.896 1702.985 1704.075 1705.164 1707.306 1709.531 1711.755 1713.979 1715.146 1714.563 1713.98 1713.398 1712.815 1710.877 1708.653 1706.43 1704.206 1702.831 1703.691 1704.55 1705.409 1706.269 1710.135 1715.145 1720.154 1725.164 1729.856 1733.042 1736.228 1739.414 1742.599 1741.791 1738.566 1735.342 1732.117 1728.887 1725.587 1722.287 1718.987 1715.687 1715.625 1718.531 1721.438 1724.344 1727.251 1728.43 1729.558 1730.686 1731.814 1731.093 1727.821 1724.549 1721.277
1700.511 1700.383 1700.254 1700.125 1700.0 1700.0 1700.0 1700.0 1700.0 1700.318 1700.984 1701.649 1702.314 1702.979 1704.68 1706.461 1708.243 1710.024 1710.964 1710.514 1710.063 1709.612 1709.161 1707.647 1705.908 1704.17 1702.432 1701.332 1701.911 1702.491 1703.07 1703.65 1706.899 1711.164 1715.429 1719.694 1723.737 1726.727 1729.717 1732.707 1735.698 1735.044 1732.186 1729.329 1726.472 1723.589 1720.381 1717.172 1713.964 1710.755 1710.643 1713.367 1716.092 1718.817 1721.541 1722.892 1724.201 1725.511 1726.821 1726.386 1723.545 1720.704 1717.863
1700.384 1700.287 1700.19 1700.094 1700.0 1700.0 1700.0 1700.0 1700.0 1700.239 1700.738 1701.237 1701.736 1702.234 1703.51 1704.846 1706.182 1707.518 1708.223 1707.885 1707.547 1707.209 1706.871 1705.735 1704.431 1703.128 1701.824 1700.999 1701.433 1701.868 1702.302 1702.737 1705.294 1708.657 1712.021 1715.384 1718.632 1721.333 1724.033 1726.733 1729.434 1729.002 1726.676 1724.35 1722.024 1719.661 1716.834 1714.006 1711.179 1708.351 1708.18 1710.443 1712.706 1714.97 1717.233 1718.554 1719.848 1721.141 1722.435 1722.189 1719.821 1717.452 1715.083
