data/zism_data/00301_03_D.txt
ncols         224
nrows         224
[rows 140 to 167 of 224, columns 0 to 62 of 224]
4274.909 4271.509 4268.108 4264.708 4262.244 4262.243 4262.242 4262.241 4262.24 4264.259 4266.991 4269.723 4272.455 4275.298 4278.582 4281.865 4285.148 4288.431 4292.162 4296.116 4300.07 4304.024 4308.228 4314.09 4319.952 4325.814 4331.677 4338.034 4344.729 4351.423 4358.118 4364.767 4370.671 4376.575 4382.479 4388.383 4393.855 4398.932 4404.008 4409.083 4414.16 4414.965 4415.708 4416.45 4417.193 4415.734 4411.576 4407.418 4403.261 4399.103 4390.95 4382.417 4373.883 4365.349 4353.981 4337.925 4321.869 4305.813 4289.756 4272.754 4255.572 4238.391 4221.209
4272.682 4268.874 4265.066 4261.258 4258.489 4258.45 4258.412 4258.373 4258.335 4260.423 4263.262 4266.102 4268.94 4271.849 4275.03 4278.211 4281.393 4284.574 4288.174 4291.984 4295.793 4299.603 4303.706 4309.767 4315.827 4321.888 4327.949 4334.587 4341.619 4348.652 4355.684 4362.662 4368.743 4374.824 4380.905 4386.986 4392.441 4397.325 4402.208 4407.091 4411.974 4412.66 4413.285 4413.91 4414.534 4413.003 4408.829 4404.656 4400.482 4396.308 4387.777 4378.831 4369.884 4360.938 4349.219 4332.917 4316.614 4300.311 4284.008 4267.823 4251.66 4235.497 4219.333
4270.357 4266.159 4261.96 4257.762 4254.699 4254.625 4254.551 4254.478 4254.403 4256.567 4259.52 4262.473 4265.426 4268.407 4271.499 4274.59 4277.682 4280.774 4284.254 4287.928 4291.602 4295.276 4299.284 4305.521 4311.757 4317.993 4324.229 4331.126 4338.475 4345.823 4353.171 4360.456 4366.715 4372.975 4379.235 4385.494 4390.944 4395.651 4400.359 4405.066 4409.773 4410.341 4410.848 4411.354 4411.861 4410.251 4406.048 4401.844 4397.64 4393.436 4384.549 4375.215 4365.882 4356.548 4344.511 4328.003 4311.496 4294.988 4278.48 4263.08 4247.889 4232.698 4217.507
4266.657 4262.303 4257.949 4253.595 4250.418 4250.338 4250.259 4250.18 4250.101 4252.417 4255.579 4258.741 4261.903 4265.068 4268.246 4271.424 4274.601 4277.779 4281.284 4284.952 4288.621 4292.29 4296.274 4302.366 4308.458 4314.549 4320.641 4327.479 4334.827 4342.175 4349.523 4356.82 4363.283 4369.747 4376.21 4382.673 4388.257 4393.034 4397.811 4402.588 4407.365 4407.817 4408.207 4408.595 4408.984 4407.206 4402.771 4398.337 4393.902 4389.468 4380.541 4371.186 4361.831 4352.476 4340.571 4324.45 4308.328 4292.206 4276.084 4261.011 4246.137 4231.262 4216.388
4262.956 4258.447 4253.937 4249.428 4246.137 4246.052 4245.967 4245.883 4245.798 4248.268 4251.639 4255.01 4258.381 4261.73 4264.994 4268.257 4271.52 4274.784 4278.313 4281.977 4285.64 4289.303 4293.264 4299.211 4305.158 4311.105 4317.052 4323.832 4331.18 4338.528 4345.875 4353.184 4359.852 4366.519 4373.186 4379.853 4385.57 4390.417 4395.263 4400.11 4404.957 4405.294 4405.565 4405.835 4406.106 4404.16 4399.495 4394.83 4390.165 4385.5 4376.533 4367.157 4357.781 4348.404 4336.632 4320.896 4305.16 4289.424 4273.688 4258.942 4244.384 4229.826 4215.268
4259.255 4254.59 4249.925 4245.261 4241.855 4241.765 4241.675 4241.585 4241.496 4244.118 4247.698 4251.278 4254.858 4258.392 4261.741 4265.09 4268.439 4271.788 4275.343 4279.001 4282.659 4286.317 4290.254 4296.057 4301.859 4307.661 4313.463 4320.184 4327.532 4334.88 4342.228 4349.548 4356.419 4363.29 4370.161 4377.032 4382.883 4387.799 4392.716 4397.632 4402.548 4402.771 4402.923 4403.076 4403.229 4401.114 4396.218 4391.323 4386.428 4381.532 4372.526 4363.128 4353.73 4344.333 4332.692 4317.342 4301.992 4286.642 4271.292 4256.874 4242.632 4228.39 4214.148
4255.555 4250.734 4245.914 4241.093 4237.574 4237.479 4237.383 4237.288 4237.192 4239.968 4243.758 4247.547 4251.336 4255.054 4258.488 4261.923 4265.358 4268.793 4272.373 4276.025 4279.678 4283.331 4287.245 4292.902 4298.56 4304.217 4309.875 4316.536 4323.884 4331.232 4338.581 4345.913 4352.987 4360.062 4367.136 4374.211 4380.196 4385.182 4390.168 4395.154 4400.14 4400.247 4400.282 4400.316 4400.352 4398.068 4392.942 4387.816 4382.69 4377.564 4368.518 4359.099 4349.68 4340.261 4328.752 4313.788 4298.824 4283.86 4268.896 4254.805 4240.88 4226.954 4213.029
4251.11 4246.289 4241.467 4236.646 4233.162 4233.2 4233.237 4233.275 4233.313 4236.215 4240.128 4244.041 4247.954 4251.797 4255.366 4258.935 4262.503 4266.071 4269.705 4273.371 4277.037 4280.703 4284.604 4290.074 4295.544 4301.014 4306.484 4313.015 4320.27 4327.524 4334.779 4342.024 4349.108 4356.192 4363.276 4370.36 4376.386 4381.442 4386.498 4391.554 4396.609 4396.703 4396.724 4396.745 4396.765 4394.472 4389.341 4384.211 4379.081 4373.951 4365.05 4355.791 4346.531 4337.271 4325.904 4311.052 4296.2 4281.348 4266.496 4252.592 4238.869 4225.145 4211.421
4245.911 4241.245 4236.579 4231.913 4228.617 4228.928 4229.239 4229.55 4229.861 4232.862 4236.813 4240.764 4244.714 4248.625 4252.375 4256.126 4259.877 4263.628 4267.343 4271.042 4274.739 4278.438 4282.336 4287.576 4292.815 4298.055 4303.295 4309.621 4316.688 4323.755 4330.822 4337.88 4344.776 4351.673 4358.569 4365.465 4371.438 4376.563 4381.688 4386.814 4391.939 4392.124 4392.236 4392.348 4392.459 4390.317 4385.413 4380.507 4375.602 4370.697 4362.129 4353.212 4344.296 4335.379 4324.164 4309.145 4294.127 4279.109 4264.091 4250.233 4236.595 4222.957 4209.319
4240.712 4236.201 4231.69 4227.18 4224.072 4224.657 4225.241 4225.826 4226.41 4229.51 4233.499 4237.487 4241.475 4245.452 4249.385 4253.318 4257.251 4261.184 4264.982 4268.712 4272.442 4276.172 4280.069 4285.078 4290.087 4295.097 4300.105 4306.227 4313.106 4319.986 4326.866 4333.735 4340.444 4347.153 4353.861 4360.57 4366.489 4371.685 4376.879 4382.075 4387.27 4387.545 4387.748 4387.951 4388.154 4386.164 4381.483 4376.804 4372.124 4367.443 4359.208 4350.635 4342.061 4333.488 4322.423 4307.239 4292.054 4276.87 4261.686 4247.874 4234.321 4220.769 4207.217
4235.513 4231.158 4226.802 4222.447 4219.527 4220.385 4221.243 4222.101 4222.959 4226.158 4230.184 4234.209 4238.235 4242.279 4246.395 4250.51 4254.625 4258.74 4262.62 4266.383 4270.145 4273.907 4277.802 4282.581 4287.359 4292.138 4296.917 4302.832 4309.524 4316.216 4322.909 4329.591 4336.112 4342.633 4349.154 4355.675 4361.541 4366.806 4372.07 4377.335 4382.6 4382.966 4383.261 4383.555 4383.849 4382.009 4377.555 4373.1 4368.645 4364.19 4356.288 4348.057 4339.827 4331.596 4320.683 4305.332 4289.981 4274.631 4259.281 4245.514 4232.048 4218.581 4205.115
4230.314 4226.114 4221.914 4217.714 4214.983 4216.114 4217.245 4218.376 4219.508 4222.806 4226.869 4230.933 4234.996 4239.106 4243.404 4247.702 4251.999 4256.296 4260.259 4264.053 4267.848 4271.642 4275.535 4280.083 4284.631 4289.179 4293.728 4299.438 4305.943 4312.447 4318.952 4325.446 4331.78 4338.113 4344.447 4350.78 4356.592 4361.927 4367.261 4372.596 4377.931 4378.388 4378.773 4379.158 4379.543 4377.855 4373.625 4369.396 4365.166 4360.937 4353.367 4345.479 4337.592 4329.705 4318.942 4303.426 4287.909 4272.392 4256.875 4243.155 4229.774 4216.393 4203.013
4226.039 4222.134 4218.229 4214.323 4211.845 4213.12 4214.396 4215.671 4216.947 4220.259 4224.29 4228.321 4232.352 4236.435 4240.721 4245.007 4249.293 4253.579 4257.552 4261.369 4265.186 4269.002 4272.876 4277.129 4281.382 4285.635 4289.888 4295.247 4301.36 4307.473 4313.586 4319.71 4326.015 4332.32 4338.625 4344.93 4350.695 4355.965 4361.235 4366.505 4371.775 4372.306 4372.768 4373.229 4373.69 4372.255 4368.494 4364.733 4360.972 4357.211 4350.208 4342.897 4335.587 4328.276 4317.719 4301.792 4285.866 4269.939 4254.013 4240.345 4227.105 4213.865 4200.625
4221.837 4218.237 4214.638 4211.038 4208.818 4210.227 4211.637 4213.046 4214.456 4217.775 4221.769 4225.762 4229.756 4233.804 4238.063 4242.322 4246.581 4250.84 4254.819 4258.657 4262.495 4266.333 4270.186 4274.139 4278.092 4282.045 4285.998 4290.992 4296.698 4302.404 4308.109 4313.849 4320.138 4326.427 4332.715 4339.004 4344.722 4349.917 4355.112 4360.307 4365.502 4366.106 4366.643 4367.179 4367.716 4366.541 4363.268 4359.994 4356.721 4353.448 4347.031 4340.315 4333.6 4326.884 4316.536 4300.181 4283.825 4267.47 4251.115 4237.5 4224.404 4211.309 4198.213
4217.635 4214.341 4211.047 4207.752 4205.791 4207.334 4208.878 4210.421 4211.965 4215.292 4219.248 4223.204 4227.16 4231.172 4235.404 4239.637 4243.869 4248.102 4252.085 4255.945 4259.805 4263.664 4267.497 4271.149 4274.802 4278.455 4282.107 4286.738 4292.036 4297.334 4302.633 4307.988 4314.26 4320.533 4326.806 4333.079 4338.75 4343.87 4348.99 4354.109 4359.229 4359.906 4360.518 4361.129 4361.741 4360.827 4358.042 4355.256 4352.471 4349.685 4343.854 4337.733 4331.613 4325.492 4315.353 4298.569 4281.785 4265.001 4248.217 4234.655 4221.704 4208.753 4195.803
4213.433 4210.444 4207.456 4204.467 4202.764 4204.441 4206.119 4207.796 4209.474 4212.808 4216.727 4220.645 4224.563 4228.54 4232.746 4236.952 4241.157 4245.363 4249.352 4253.233 4257.114 4260.995 4264.807 4268.159 4271.512 4274.864 4278.217 4282.483 4287.375 4292.266 4297.156 4302.126 4308.383 4314.64 4320.896 4327.153 4332.777 4337.822 4342.867 4347.912 4352.957 4353.707 4354.393 4355.08 4355.767 4355.112 4352.815 4350.518 4348.22 4345.922 4340.677 4335.151 4329.625 4324.1 4314.17 4296.957 4279.744 4262.531 4245.318 4231.81 4219.004 4206.198 4193.392
4210.225 4207.513 4204.802 4202.09 4200.591 4202.286 4203.981 4205.675 4207.37 4210.631 4214.445 4218.259 4222.073 4225.951 4230.08 4234.208 4238.337 4242.466 4246.417 4250.28 4254.142 4258.004 4261.78 4264.979 4268.18 4271.379 4274.58 4278.561 4283.075 4287.589 4292.103 4296.711 4302.836 4308.962 4315.087 4321.213 4326.761 4331.781 4336.801 4341.82 4346.84 4347.675 4348.448 4349.221 4349.994 4349.563 4347.653 4345.744 4343.834 4341.925 4337.059 4331.912 4326.764 4321.616 4311.881 4294.557 4277.234 4259.91 4242.587 4229.284 4216.744 4204.203 4191.663
4208.803 4206.316 4203.83 4201.343 4199.955 4201.456 4202.958 4204.459 4205.961 4209.006 4212.594 4216.183 4219.772 4223.437 4227.399 4231.362 4235.325 4239.288 4243.123 4246.894 4250.665 4254.436 4258.147 4261.459 4264.772 4268.084 4271.397 4275.232 4279.425 4283.618 4287.811 4292.095 4297.883 4303.671 4309.458 4315.247 4320.667 4325.751 4330.835 4335.919 4341.003 4341.944 4342.825 4343.705 4344.585 4344.307 4342.606 4340.906 4339.206 4337.505 4332.648 4327.49 4322.331 4317.173 4307.604 4290.742 4273.879 4257.017 4240.155 4227.331 4215.273 4203.215 4191.157
4207.381 4205.119 4202.857 4200.596 4199.318 4200.626 4201.935 4203.244 4204.553 4207.38 4210.744 4214.107 4217.471 4220.922 4224.719 4228.516 4232.313 4236.109 4239.828 4243.508 4247.188 4250.867 4254.514 4257.939 4261.364 4264.789 4268.214 4271.904 4275.775 4279.646 4283.518 4287.48 4292.93 4298.38 4303.83 4309.28 4314.572 4319.721 4324.869 4330.018 4335.166 4336.214 4337.201 4338.189 4339.177 4339.051 4337.56 4336.068 4334.577 4333.086 4328.236 4323.067 4317.898 4312.729 4303.328 4286.927 4270.525 4254.124 4237.722 4225.377 4213.802 4202.226 4190.651
4205.958 4203.922 4201.886 4199.849 4198.681 4199.797 4200.913 4202.028 4203.144 4205.755 4208.893 4212.032 4215.17 4218.409 4222.039 4225.669 4229.3 4232.93 4236.533 4240.122 4243.71 4247.299 4250.881 4254.419 4257.957 4261.494 4265.032 4268.577 4272.126 4275.675 4279.225 4282.865 4287.977 4293.089 4298.201 4303.313 4308.478 4313.691 4318.903 4324.116 4329.329 4330.483 4331.578 4332.673 4333.768 4333.795 4332.513 4331.23 4329.948 4328.666 4323.825 4318.646 4313.466 4308.286 4299.052 4283.111 4267.171 4251.23 4235.29 4223.424 4212.331 4201.238 4190.145
4204.536 4202.725 4200.914 4199.103 4198.044 4198.967 4199.89 4200.813 4201.735 4204.129 4207.042 4209.956 4212.869 4215.895 4219.359 4222.823 4226.287 4229.751 4233.238 4236.735 4240.233 4243.731 4247.248 4250.898 4254.549 4258.199 4261.849 4265.249 4268.476 4271.704 4274.932 4278.249 4283.023 4287.798 4292.573 4297.347 4302.384 4307.661 4312.938 4318.215 4323.492 4324.753 4325.955 4327.157 4328.359 4328.539 4327.466 4326.393 4325.32 4324.247 4319.414 4314.224 4309.034 4303.843 4294.775 4279.296 4263.816 4248.337 4232.857 4221.471 4210.86 4200.25 4189.639
4204.069 4202.242 4200.415 4198.588 4197.473 4198.232 4198.992 4199.751 4200.51 4202.73 4205.464 4208.199 4210.934 4213.783 4217.081 4220.379 4223.677 4226.976 4230.25 4233.513 4236.775 4240.039 4243.357 4247.048 4250.739 4254.43 4258.121 4261.481 4264.615 4267.75 4270.884 4274.098 4278.611 4283.124 4287.637 4292.15 4296.969 4302.07 4307.17 4312.271 4317.371 4318.781 4320.137 4321.493 4322.848 4323.218 4322.379 4321.541 4320.702 4319.863 4315.057 4309.873 4304.688 4299.504 4290.587 4275.497 4260.407 4245.316 4230.226 4219.111 4208.751 4198.39 4188.03
4203.857 4201.95 4200.043 4198.136 4196.92 4197.523 4198.127 4198.731 4199.335 4201.391 4203.96 4206.528 4209.097 4211.78 4214.912 4218.043 4221.176 4224.308 4227.344 4230.334 4233.323 4236.313 4239.396 4243.109 4246.821 4250.534 4254.246 4257.596 4260.698 4263.8 4266.902 4270.072 4274.344 4278.615 4282.887 4287.159 4291.737 4296.596 4301.456 4306.315 4311.174 4312.744 4314.266 4315.788 4317.31 4317.879 4317.282 4316.685 4316.087 4315.49 4310.714 4305.541 4300.367 4295.194 4286.423 4271.703 4256.982 4242.261 4227.541 4216.643 4206.47 4196.297 4186.124
4203.646 4201.659 4199.671 4197.683 4196.366 4196.815 4197.263 4197.711 4198.16 4200.053 4202.455 4204.857 4207.26 4209.776 4212.742 4215.708 4218.674 4221.64 4224.439 4227.155 4229.871 4232.587 4235.436 4239.169 4242.903 4246.637 4250.371 4253.71 4256.78 4259.85 4262.92 4266.046 4270.077 4274.107 4278.137 4282.168 4286.505 4291.123 4295.741 4300.359 4304.977 4306.708 4308.396 4310.083 4311.771 4312.541 4312.185 4311.829 4311.473 4311.116 4306.372 4301.209 4296.046 4290.883 4282.258 4267.908 4253.557 4239.207 4224.855 4214.174 4204.189 4194.204 4184.219
4203.436 4201.367 4199.299 4197.231 4195.813 4196.106 4196.399 4196.691 4196.984 4198.714 4200.95 4203.187 4205.423 4207.773 4210.573 4213.373 4216.172 4218.972 4221.533 4223.976 4226.418 4228.861 4231.475 4235.23 4238.985 4242.741 4246.496 4249.825 4252.863 4255.9 4258.938 4262.02 4265.809 4269.598 4273.388 4277.177 4281.272 4285.649 4290.026 4294.403 4298.78 4300.67 4302.525 4304.379 4306.233 4307.203 4307.087 4306.973 4306.858 4306.743 4302.029 4296.877 4291.725 4286.573 4278.094 4264.113 4250.132 4236.151 4222.17 4211.706 4201.908 4192.111 4182.313
4203.253 4201.101 4198.949 4196.797 4195.27 4195.388 4195.505 4195.623 4195.74 4197.292 4199.35 4201.409 4203.467 4205.64 4208.263 4210.886 4213.509 4216.131 4218.498 4220.736 4222.975 4225.213 4227.647 4231.379 4235.111 4238.843 4242.575 4245.869 4248.864 4251.859 4254.854 4257.884 4261.478 4265.072 4268.666 4272.26 4276.149 4280.309 4284.47 4288.63 4292.79 4294.76 4296.698 4298.637 4300.575 4301.664 4301.713 4301.762 4301.811 4301.859 4297.135 4291.957 4286.777 4281.599 4273.247 4259.647 4246.048 4232.449 4218.85 4208.585 4198.953 4189.32 4179.688
4203.175 4200.926 4198.678 4196.429 4194.764 4194.635 4194.506 4194.377 4194.248 4195.573 4197.412 4199.25 4201.089 4203.043 4205.452 4207.86 4210.269 4212.677 4215.0 4217.282 4219.563 4221.845 4224.292 4227.841 4231.391 4234.941 4238.491 4241.663 4244.578 4247.493 4250.407 4253.36 4256.921 4260.483 4264.044 4267.606 4271.413 4275.445 4279.476 4283.508 4287.54 4289.302 4291.031 4292.76 4294.489 4295.413 4295.349 4295.285 4295.222 4295.158 4290.277 4284.937 4279.598 4274.258 4265.965 4252.79 4239.614 4226.438 4213.262 4203.137 4193.591 4184.044 4174.498
4203.097 4200.751 4198.407 4196.062 4194.259 4193.883 4193.507 4193.132 4192.756 4193.854 4195.473 4197.092 4198.711 4200.446 4202.641 4204.834 4207.028 4209.223 4211.503 4213.828 4216.152 4218.476 4220.937 4224.304 4227.671 4231.039 4234.407 4237.458 4240.292 4243.126 4245.96 4248.835 4252.364 4255.894 4259.423 4262.953 4266.677 4270.58 4274.483 4278.386 4282.289 4283.843 4285.363 4286.883 4288.403 4289.162 4288.985 4288.809 4288.632 4288.456 4283.418 4277.918 4272.417 4266.917 4258.684 4245.932 4233.179 4220.427 4207.675 4197.689 4188.229 4178.768 4169.307
