data/zism_data/00309_03_D.txt
ncols         224
nrows         224
[rows 112 to 139 of 224, columns 128 to 191 of 224]
1309.658 1307.865 1306.258 1304.65 1303.042 1301.463 1301.141 1300.818 1300.496 1300.174 1300.0 1300.0 1300.0 1300.0 1300.0 1300.0 1300.0 1300.0 1300.0 1300.0 1300.0 1300.0 1300.0 1300.0 1300.0 1300.0 1300.0 1300.0 1300.0 1300.0 1300.0 1300.0 1300.0 1300.25 1300.635 1301.019 1301.404 1301.984 1304.598 1307.212 1309.826 1312.44 1315.179 1318.031 1320.884 1323.737 1326.589 1328.785 1330.956 1333.127 1335.299 1337.202 1338.705 1340.208 1341.711 1343.214 1344.122 1344.917 1345.712 1346.507 1347.515 1349.076 1350.637 1352.198
1306.57 1305.204 1304.118 1303.033 1301.948 1300.882 1300.688 1300.493 1300.299 1300.105 1300.0 1300.0 1300.0 1300.0 1300.0 1300.0 1300.0 1300.0 1300.0 1300.0 1300.0 1300.0 1300.0 1300.0 1300.0 1300.0 1300.0 1300.0 1300.0 1300.0 1300.0 1300.0 1300.0 1300.264 1300.67 1301.076 1301.482 1302.092 1304.828 1307.565 1310.302 1313.038 1315.911 1318.908 1321.904 1324.901 1327.897 1330.134 1332.343 1334.551 1336.76 1338.655 1340.083 1341.512 1342.94 1344.369 1345.122 1345.746 1346.371 1346.995 1347.876 1349.427 1350.978 1352.528
1303.481 1302.542 1301.979 1301.416 1300.853 1300.301 1300.235 1300.168 1300.102 1300.036 1300.0 1300.0 1300.0 1300.0 1300.0 1300.0 1300.0 1300.0 1300.0 1300.0 1300.0 1300.0 1300.0 1300.0 1300.0 1300.0 1300.0 1300.0 1300.0 1300.0 1300.0 1300.0 1300.0 1300.278 1300.705 1301.132 1301.56 1302.2 1305.059 1307.918 1310.777 1313.636 1316.643 1319.784 1322.924 1326.064 1329.205 1331.483 1333.729 1335.975 1338.221 1340.108 1341.462 1342.816 1344.17 1345.524 1346.122 1346.576 1347.029 1347.483 1348.238 1349.778 1351.318 1352.858
1301.686 1301.04 1300.779 1300.517 1300.256 1300.0 1300.0 1300.0 1300.0 1300.0 1300.0 1300.0 1300.0 1300.0 1300.0 1300.0 1300.0 1300.0 1300.0 1300.0 1300.0 1300.0 1300.0 1300.0 1300.0 1300.0 1300.0 1300.0 1300.0 1300.0 1300.0 1300.0 1300.0 1300.345 1300.876 1301.406 1301.937 1302.686 1305.698 1308.711 1311.723 1314.736 1317.9 1321.203 1324.505 1327.807 1331.109 1333.383 1335.617 1337.851 1340.086 1341.929 1343.191 1344.452 1345.713 1346.974 1347.496 1347.877 1348.258 1348.639 1349.324 1350.805 1352.285 1353.766
1301.281 1300.786 1300.588 1300.391 1300.193 1300.0 1300.0 1300.0 1300.0 1300.0 1300.0 1300.0 1300.0 1300.0 1300.0 1300.0 1300.0 1300.0 1300.0 1300.0 1300.0 1300.0 1300.0 1300.0 1300.0 1300.0 1300.0 1300.0 1300.0 1300.0 1300.0 1300.0 1300.0 1300.469 1301.192 1301.915 1302.638 1303.577 1306.776 1309.975 1313.175 1316.374 1319.722 1323.206 1326.689 1330.173 1333.656 1335.874 1338.045 1340.215 1342.385 1344.146 1345.295 1346.444 1347.594 1348.743 1349.274 1349.687 1350.099 1350.512 1351.19 1352.559 1353.927 1355.296
1300.876 1300.531 1300.398 1300.264 1300.131 1300.0 1300.0 1300.0 1300.0 1300.0 1300.0 1300.0 1300.0 1300.0 1300.0 1300.0 1300.0 1300.0 1300.0 1300.0 1300.0 1300.0 1300.0 1300.0 1300.0 1300.0 1300.0 1300.0 1300.0 1300.0 1300.0 1300.0 1300.0 1300.594 1301.509 1302.423 1303.338 1304.469 1307.855 1311.24 1314.626 1318.012 1321.544 1325.209 1328.873 1332.538 1336.203 1338.366 1340.472 1342.579 1344.685 1346.362 1347.4 1348.437 1349.474 1350.512 1351.052 1351.496 1351.941 1352.386 1353.056 1354.312 1355.569 1356.826
1300.471 1300.277 1300.207 1300.138 1300.068 1300.0 1300.0 1300.0 1300.0 1300.0 1300.0 1300.0 1300.0 1300.0 1300.0 1300.0 1300.0 1300.0 1300.0 1300.0 1300.0 1300.0 1300.0 1300.0 1300.0 1300.0 1300.0 1300.0 1300.0 1300.0 1300.0 1300.0 1300.0 1300.719 1301.825 1302.932 1304.038 1305.361 1308.933 1312.505 1316.077 1319.65 1323.366 1327.212 1331.057 1334.904 1338.75 1340.858 1342.9 1344.942 1346.985 1348.579 1349.504 1350.43 1351.355 1352.281 1352.829 1353.306 1353.783 1354.259 1354.921 1356.066 1357.211 1358.355
1300.066 1300.022 1300.017 1300.011 1300.005 1300.0 1300.0 1300.0 1300.0 1300.0 1300.0 1300.0 1300.0 1300.0 1300.0 1300.0 1300.0 1300.0 1300.0 1300.0 1300.0 1300.0 1300.0 1300.0 1300.0 1300.0 1300.0 1300.0 1300.0 1300.0 1300.0 1300.0 1300.0 1300.844 1302.142 1303.44 1304.739 1306.253 1310.011 1313.77 1317.529 1321.287 1325.187 1329.214 1333.242 1337.269 1341.296 1343.349 1345.328 1347.306 1349.285 1350.795 1351.609 1352.422 1353.236 1354.049 1354.607 1355.116 1355.624 1356.133 1356.787 1357.82 1358.853 1359.885
1300.024 1300.0 1300.0 1300.0 1300.0 1300.0 1300.0 1300.0 1300.0 1300.0 1300.0 1300.0 1300.0 1300.0 1300.0 1300.0 1300.0 1300.0 1300.0 1300.0 1300.0 1300.0 1300.0 1300.0 1300.008 1300.017 1300.027 1300.037 1300.058 1300.121 1300.184 1300.247 1300.311 1301.329 1302.863 1304.398 1305.932 1307.662 1311.442 1315.222 1319.002 1322.782 1326.705 1330.758 1334.811 1338.864 1342.917 1344.961 1346.929 1348.896 1350.865 1352.4 1353.291 1354.183 1355.074 1355.965 1356.664 1357.326 1357.989 1358.651 1359.378 1360.275 1361.171 1362.068
1300.018 1300.0 1300.0 1300.0 1300.0 1300.0 1300.0 1300.0 1300.0 1300.0 1300.0 1300.0 1300.0 1300.0 1300.0 1300.0 1300.0 1300.0 1300.0 1300.0 1300.0 1300.0 1300.0 1300.0 1300.016 1300.036 1300.057 1300.077 1300.121 1300.254 1300.386 1300.519 1300.651 1301.85 1303.624 1305.398 1307.172 1309.122 1312.907 1316.692 1320.478 1324.263 1328.194 1332.258 1336.321 1340.385 1344.448 1346.487 1348.45 1350.413 1352.375 1353.946 1354.933 1355.921 1356.908 1357.895 1358.748 1359.576 1360.403 1361.231 1362.039 1362.797 1363.555 1364.313
1300.011 1300.0 1300.0 1300.0 1300.0 1300.0 1300.0 1300.0 1300.0 1300.0 1300.0 1300.0 1300.0 1300.0 1300.0 1300.0 1300.0 1300.0 1300.0 1300.0 1300.0 1300.0 1300.0 1300.0 1300.024 1300.055 1300.086 1300.117 1300.184 1300.386 1300.588 1300.79 1300.992 1302.37 1304.384 1306.398 1308.412 1310.581 1314.372 1318.162 1321.953 1325.744 1329.683 1333.757 1337.831 1341.906 1345.98 1348.014 1349.971 1351.929 1353.886 1355.492 1356.576 1357.659 1358.742 1359.825 1360.832 1361.825 1362.818 1363.81 1364.699 1365.319 1365.938 1366.557
1300.004 1300.0 1300.0 1300.0 1300.0 1300.0 1300.0 1300.0 1300.0 1300.0 1300.0 1300.0 1300.0 1300.0 1300.0 1300.0 1300.0 1300.0 1300.0 1300.0 1300.0 1300.0 1300.0 1300.0 1300.032 1300.074 1300.116 1300.157 1300.248 1300.519 1300.79 1301.061 1301.332 1302.891 1305.145 1307.398 1309.652 1312.041 1315.837 1319.633 1323.428 1327.224 1331.172 1335.257 1339.342 1343.426 1347.511 1349.541 1351.493 1353.445 1355.397 1357.039 1358.218 1359.397 1360.576 1361.755 1362.916 1364.074 1365.232 1366.39 1367.36 1367.841 1368.322 1368.802
1300.0 1300.0 1300.0 1300.0 1300.0 1300.0 1300.0 1300.0 1300.0 1300.0 1300.0 1300.0 1300.0 1300.0 1300.0 1300.044 1300.094 1300.143 1300.193 1300.24 1300.284 1300.328 1300.372 1300.416 1300.49 1300.573 1300.657 1300.74 1300.889 1301.281 1301.672 1302.064 1302.455 1304.145 1306.534 1308.923 1311.313 1313.823 1317.595 1321.367 1325.139 1328.911 1332.808 1336.817 1340.827 1344.836 1348.846 1350.876 1352.832 1354.788 1356.744 1358.433 1359.724 1361.016 1362.307 1363.599 1364.9 1366.203 1367.506 1368.809 1369.86 1370.253 1370.647 1371.04
1300.0 1300.0 1300.0 1300.0 1300.0 1300.0 1300.0 1300.0 1300.0 1300.0 1300.0 1300.0 1300.0 1300.0 1300.0 1300.174 1300.367 1300.56 1300.753 1300.939 1301.111 1301.283 1301.455 1301.627 1301.809 1301.993 1302.178 1302.363 1302.637 1303.248 1303.858 1304.468 1305.078 1306.802 1309.128 1311.453 1313.778 1316.223 1319.915 1323.607 1327.299 1330.991 1334.724 1338.494 1342.264 1346.033 1349.803 1351.845 1353.822 1355.8 1357.777 1359.536 1360.972 1362.407 1363.842 1365.278 1366.692 1368.101 1369.511 1370.921 1372.051 1372.455 1372.859 1373.263
1300.0 1300.0 1300.0 1300.0 1300.0 1300.0 1300.0 1300.0 1300.0 1300.0 1300.0 1300.0 1300.0 1300.0 1300.0 1300.303 1300.64 1300.977 1301.314 1301.639 1301.939 1302.239 1302.538 1302.838 1303.127 1303.413 1303.699 1303.985 1304.386 1305.215 1306.043 1306.872 1307.701 1309.46 1311.721 1313.983 1316.244 1318.624 1322.236 1325.848 1329.46 1333.072 1336.641 1340.171 1343.7 1347.23 1350.76 1352.814 1354.813 1356.811 1358.809 1360.64 1362.219 1363.798 1365.378 1366.957 1368.483 1370.0 1371.516 1373.032 1374.243 1374.657 1375.072 1375.487
1300.0 1300.0 1300.0 1300.0 1300.0 1300.0 1300.0 1300.0 1300.0 1300.0 1300.0 1300.0 1300.0 1300.0 1300.0 1300.432 1300.913 1301.394 1301.875 1302.339 1302.766 1303.194 1303.621 1304.049 1304.446 1304.833 1305.22 1305.607 1306.134 1307.182 1308.229 1309.276 1310.323 1312.118 1314.315 1316.512 1318.71 1321.024 1324.556 1328.088 1331.62 1335.152 1338.557 1341.847 1345.137 1348.427 1351.717 1353.783 1355.803 1357.823 1359.842 1361.743 1363.466 1365.189 1366.913 1368.636 1370.275 1371.898 1373.521 1375.144 1376.434 1376.86 1377.285 1377.71
1300.0 1300.0 1300.0 1300.0 1300.0 1300.0 1300.0 1300.0 1300.0 1300.0 1300.0 1300.0 1300.0 1300.0 1300.0 1300.561 1301.186 1301.811 1302.436 1303.038 1303.594 1304.149 1304.705 1305.26 1305.764 1306.253 1306.741 1307.23 1307.883 1309.148 1310.414 1311.68 1312.946 1314.775 1316.909 1319.042 1321.175 1323.424 1326.877 1330.329 1333.781 1337.233 1340.474 1343.524 1346.574 1349.624 1352.674 1354.752 1356.793 1358.834 1360.875 1362.846 1364.714 1366.581 1368.448 1370.315 1372.066 1373.796 1375.526 1377.255 1378.626 1379.062 1379.498 1379.934
1301.592 1301.705 1301.887 1302.068 1302.25 1302.428 1302.49 1302.552 1302.614 1302.676 1302.715 1302.727 1302.74 1302.752 1302.765 1303.456 1304.225 1304.994 1305.763 1306.542 1307.341 1308.14 1308.939 1309.738 1310.289 1310.767 1311.246 1311.724 1312.339 1313.46 1314.582 1315.703 1316.824 1318.497 1320.468 1322.438 1324.409 1326.491 1329.735 1332.98 1336.224 1339.468 1342.532 1345.433 1348.334 1351.235 1354.136 1356.229 1358.291 1360.354 1362.416 1364.425 1366.353 1368.282 1370.21 1372.139 1373.893 1375.614 1377.334 1379.055 1380.44 1380.953 1381.466 1381.978
1303.65 1303.909 1304.325 1304.741 1305.157 1305.567 1305.709 1305.851 1305.993 1306.134 1306.224 1306.252 1306.281 1306.309 1306.337 1307.16 1308.073 1308.986 1309.898 1310.866 1311.942 1313.019 1314.095 1315.171 1315.752 1316.187 1316.623 1317.059 1317.587 1318.458 1319.329 1320.199 1321.07 1322.531 1324.309 1326.088 1327.867 1329.752 1332.751 1335.75 1338.75 1341.749 1344.632 1347.41 1350.189 1352.967 1355.745 1357.854 1359.938 1362.022 1364.105 1366.142 1368.108 1370.074 1372.039 1374.005 1375.729 1377.407 1379.086 1380.764 1382.145 1382.753 1383.362 1383.971
1305.708 1306.113 1306.763 1307.414 1308.064 1308.706 1308.927 1309.149 1309.371 1309.593 1309.733 1309.777 1309.822 1309.866 1309.91 1310.864 1311.92 1312.977 1314.034 1315.19 1316.544 1317.897 1319.25 1320.604 1321.214 1321.607 1322.0 1322.394 1322.835 1323.455 1324.076 1324.696 1325.316 1326.564 1328.151 1329.738 1331.324 1333.013 1335.767 1338.521 1341.275 1344.029 1346.732 1349.387 1352.043 1354.699 1357.355 1359.48 1361.585 1363.69 1365.795 1367.859 1369.862 1371.865 1373.869 1375.872 1377.566 1379.202 1380.837 1382.472 1383.849 1384.554 1385.258 1385.963
1307.766 1308.317 1309.202 1310.087 1310.972 1311.844 1312.146 1312.448 1312.749 1313.051 1313.242 1313.302 1313.363 1313.423 1313.483 1314.567 1315.768 1316.969 1318.169 1319.515 1321.145 1322.776 1324.406 1326.037 1326.677 1327.027 1327.378 1327.728 1328.083 1328.453 1328.823 1329.192 1329.562 1330.598 1331.993 1333.387 1334.782 1336.275 1338.784 1341.292 1343.801 1346.31 1348.832 1351.365 1353.898 1356.431 1358.964 1361.105 1363.232 1365.358 1367.484 1369.576 1371.617 1373.657 1375.698 1377.738 1379.403 1380.995 1382.588 1384.181 1385.554 1386.354 1387.155 1387.955
1310.321 1311.007 1312.11 1313.212 1314.314 1315.4 1315.782 1316.164 1316.545 1316.927 1317.165 1317.235 1317.305 1317.375 1317.444 1318.606 1319.892 1321.177 1322.463 1323.939 1325.79 1327.641 1329.492 1331.343 1332.005 1332.32 1332.634 1332.948 1333.231 1333.394 1333.557 1333.719 1333.882 1334.713 1335.904 1337.095 1338.286 1339.571 1341.834 1344.098 1346.362 1348.625 1350.976 1353.405 1355.834 1358.263 1360.692 1362.828 1364.953 1367.077 1369.202 1371.299 1373.355 1375.411 1377.468 1379.524 1381.17 1382.739 1384.308 1385.876 1387.253 1388.13 1389.006 1389.883
1314.808 1315.593 1316.844 1318.096 1319.347 1320.581 1321.043 1321.505 1321.966 1322.428 1322.702 1322.756 1322.81 1322.863 1322.917 1323.948 1325.09 1326.232 1327.374 1328.754 1330.605 1332.456 1334.307 1336.158 1336.812 1337.115 1337.419 1337.723 1337.989 1338.115 1338.24 1338.366 1338.491 1339.146 1340.087 1341.027 1341.967 1343.002 1345.021 1347.039 1349.057 1351.076 1353.293 1355.69 1358.088 1360.485 1362.882 1364.929 1366.963 1368.997 1371.032 1373.047 1375.033 1377.02 1379.007 1380.994 1382.67 1384.286 1385.903 1387.519 1388.931 1389.807 1390.684 1391.561
1319.296 1320.179 1321.58 1322.98 1324.381 1325.763 1326.304 1326.846 1327.387 1327.929 1328.239 1328.277 1328.315 1328.352 1328.39 1329.29 1330.288 1331.286 1332.284 1333.568 1335.419 1337.27 1339.121 1340.973 1341.618 1341.911 1342.204 1342.497 1342.747 1342.835 1342.924 1343.012 1343.1 1343.579 1344.269 1344.959 1345.649 1346.434 1348.207 1349.98 1351.753 1353.527 1355.611 1357.976 1360.341 1362.706 1365.071 1367.03 1368.974 1370.917 1372.861 1374.794 1376.711 1378.629 1380.546 1382.464 1384.169 1385.833 1387.498 1389.162 1390.609 1391.485 1392.362 1393.239
1323.783 1324.765 1326.314 1327.864 1329.414 1330.944 1331.565 1332.187 1332.808 1333.43 1333.776 1333.798 1333.819 1333.841 1333.863 1334.632 1335.486 1336.34 1337.194 1338.383 1340.234 1342.085 1343.936 1345.787 1346.425 1346.707 1346.989 1347.272 1347.505 1347.556 1347.607 1347.658 1347.709 1348.012 1348.452 1348.891 1349.33 1349.865 1351.393 1352.921 1354.449 1355.977 1357.928 1360.262 1362.595 1364.928 1367.261 1369.131 1370.984 1372.837 1374.69 1376.541 1378.389 1380.238 1382.086 1383.934 1385.668 1387.381 1389.093 1390.806 1392.286 1393.163 1394.04 1394.917
1328.271 1329.35 1331.049 1332.749 1334.448 1336.125 1336.827 1337.528 1338.229 1338.931 1339.313 1339.318 1339.324 1339.33 1339.336 1339.974 1340.684 1341.394 1342.104 1343.198 1345.049 1346.9 1348.751 1350.602 1351.231 1351.503 1351.775 1352.046 1352.263 1352.277 1352.291 1352.304 1352.318 1352.445 1352.634 1352.823 1353.012 1353.297 1354.579 1355.862 1357.145 1358.428 1360.246 1362.547 1364.848 1367.149 1369.451 1371.233 1372.995 1374.757 1376.52 1378.289 1380.068 1381.846 1383.625 1385.404 1387.167 1388.928 1390.688 1392.449 1393.964 1394.841 1395.718 1396.595
1332.587 1333.723 1335.497 1337.271 1339.044 1340.796 1341.547 1342.298 1343.049 1343.8 1344.205 1344.205 1344.205 1344.205 1344.205 1344.796 1345.453 1346.111 1346.769 1347.829 1349.687 1351.545 1353.403 1355.26 1355.891 1356.162 1356.433 1356.705 1356.918 1356.918 1356.918 1356.918 1356.918 1356.973 1357.057 1357.141 1357.225 1357.394 1358.452 1359.51 1360.568 1361.626 1363.276 1365.46 1367.645 1369.829 1372.014 1373.587 1375.137 1376.687 1378.237 1379.84 1381.522 1383.205 1384.887 1386.57 1388.312 1390.067 1391.821 1393.575 1395.069 1395.885 1396.701 1397.517
1336.805 1337.972 1339.778 1341.584 1343.39 1345.174 1345.957 1346.74 1347.522 1348.305 1348.728 1348.728 1348.728 1348.728 1348.728 1349.319 1349.976 1350.634 1351.292 1352.356 1354.224 1356.093 1357.961 1359.83 1360.466 1360.743 1361.02 1361.296 1361.514 1361.514 1361.514 1361.514 1361.514 1361.555 1361.618 1361.68 1361.743 1361.874 1362.719 1363.563 1364.408 1365.253 1366.715 1368.734 1370.754 1372.773 1374.792 1376.087 1377.354 1378.622 1379.889 1381.278 1382.849 1384.419 1385.99 1387.56 1389.254 1390.971 1392.688 1394.405 1395.845 1396.565 1397.285 1398.005
