data/zism_data/00308_04_D.txt
ncols         224
nrows         224
[rows 0 to 28 of 224, columns 65 to 129 of 224]
643.5225 641.3062 639.0898 636.8734 634.6781 632.4868 630.2954 628.1041 625.8953 623.636 621.3767 619.1174 616.8582 614.3492 611.72 609.0908 606.4615 603.8348 601.2314 598.6279 596.0245 593.4211 589.0459 582.977 576.9081 570.8392 564.7703 556.217 547.4749 538.7327 529.9907 520.0341 507.7976 495.5612 483.3247 471.0882 459.2552 447.5455 435.8359 424.1263 414.0491 411.2211 408.3932 405.5652 402.7372 401.4575 401.2017 400.9459 400.6901 400.4392 400.4248 400.4105 400.3961 400.3817 400.606 401.1361 401.6662 402.1963 402.7263 404.7826 407.0949 409.4071 411.7194 415.2348 421.9299
645.4489 643.1792 640.9096 638.64 636.4628 634.3035 632.1441 629.9847 627.8148 625.6141 623.4135 621.2128 619.0121 616.6661 614.25 611.8339 609.4178 607.0201 604.8004 602.5806 600.3608 598.1411 594.2803 588.8509 583.4215 577.9921 572.5626 564.2178 555.6516 547.0853 538.519 528.6495 516.3331 504.0166 491.7002 479.3838 466.7813 454.0912 441.4011 428.7109 417.7141 414.236 410.7579 407.2798 403.8016 402.1862 401.8026 401.4189 401.0352 400.6573 400.563 400.4688 400.3745 400.2802 400.3684 400.6907 401.013 401.3352 401.6575 403.0542 404.6311 406.2079 407.7848 410.2811 415.2071
647.3753 645.0524 642.7294 640.4066 638.2476 636.1202 633.9929 631.8655 629.7343 627.5923 625.4502 623.3082 621.1661 618.983 616.7801 614.5772 612.3743 610.2055 608.3695 606.5334 604.6973 602.8613 599.515 594.725 589.9351 585.1451 580.3552 572.2189 563.8286 555.4381 547.0477 537.2651 524.8688 512.4724 500.0761 487.6797 474.3078 460.6371 446.9664 433.2958 421.3791 417.2509 413.1227 408.9944 404.8661 402.915 402.4034 401.8918 401.3803 400.8755 400.7013 400.527 400.3528 400.1786 400.1308 400.2453 400.3597 400.4742 400.5886 401.3257 402.1672 403.0087 403.8502 405.3272 408.484
649.0358 646.65 644.2642 641.8784 639.7181 637.6011 635.4842 633.3672 631.2595 629.1785 627.0974 625.0164 622.9354 620.8691 618.8099 616.7507 614.6915 612.671 611.0271 609.3832 607.7393 606.0953 603.1111 598.8457 594.5803 590.3149 586.0494 578.1137 569.8991 561.6846 553.47 543.7769 531.3078 518.8387 506.3696 493.9005 480.3858 466.5511 452.7163 438.8815 426.7752 422.344 417.9128 413.4816 409.0504 406.7071 405.7444 404.7817 403.8191 402.8653 402.3454 401.8255 401.3056 400.7857 400.4464 400.3387 400.231 400.1232 400.0155 400.3369 400.7303 401.1237 401.5171 402.3425 404.3096
650.3704 647.91 645.4496 642.9892 640.8035 638.6705 636.5376 634.4047 632.3015 630.2844 628.2673 626.2502 624.2331 622.2272 620.2266 618.226 616.2255 614.2541 612.5676 610.881 609.1945 607.5079 604.699 600.8173 596.9356 593.0539 589.1721 581.4269 573.3882 565.3495 557.3109 547.7102 535.1771 522.6441 510.111 497.578 484.6889 471.6908 458.6927 445.6945 434.2936 429.985 425.6764 421.3677 417.0591 414.2545 412.4445 410.6346 408.8246 407.0271 405.8357 404.6443 403.453 402.2616 401.4401 401.0925 400.745 400.3975 400.0499 400.2548 400.5522 400.8497 401.1472 401.7714 403.2588
651.705 649.1699 646.6349 644.1 641.8887 639.7398 637.5909 635.442 633.3433 631.3902 629.4371 627.4839 625.5308 623.5851 621.6432 619.7013 617.7593 615.8372 614.108 612.3788 610.6497 608.9205 606.2869 602.7889 599.2908 595.7927 592.2947 584.74 576.8771 569.0143 561.1515 551.6434 539.0463 526.4493 513.8524 501.2553 488.9919 476.8304 464.6689 452.5074 441.8118 437.6258 433.4397 429.2536 425.0675 421.8017 419.1445 416.4872 413.83 411.1887 409.3259 407.4631 405.6003 403.7375 402.4337 401.8463 401.259 400.6717 400.0844 400.1726 400.3742 400.5757 400.7773 401.2002 402.2081
653.0396 650.4299 647.8203 645.2108 642.9741 640.8092 638.6443 636.4794 634.3853 632.4961 630.6069 628.7177 626.8285 624.9432 623.0599 621.1766 619.2932 617.4203 615.6485 613.8766 612.1049 610.3331 607.8748 604.7604 601.6461 598.5317 595.4174 588.0532 580.3661 572.6792 564.9922 555.5767 542.9157 530.2548 517.5938 504.9328 493.295 481.9702 470.6453 459.3204 449.3303 445.2668 441.2033 437.1397 433.0762 429.3492 425.8446 422.3401 418.8355 415.3504 412.8162 410.282 407.7477 405.2135 403.4274 402.6002 401.7731 400.946 400.1188 400.0905 400.1961 400.3018 400.4074 400.6291 401.1573
654.3741 651.6899 649.0057 646.3215 644.0594 641.8785 639.6976 637.5167 635.4272 633.6019 631.7767 629.9514 628.1262 626.3013 624.4766 622.6519 620.8271 619.0034 617.1889 615.3745 613.5601 611.7456 609.4627 606.732 604.0013 601.2706 598.5399 591.3663 583.8551 576.344 568.8329 559.5098 546.7849 534.06 521.3351 508.6102 497.598 487.1097 476.6215 466.1332 456.8485 452.9075 448.9666 445.0256 441.0847 436.8964 432.5445 428.1927 423.8409 419.5121 416.3064 413.1007 409.8951 406.6894 404.421 403.354 402.2871 401.2202 400.1533 400.0083 400.0181 400.0278 400.0375 400.058 400.1066
655.0441 652.4816 649.9192 647.3567 645.1209 642.9479 640.775 638.6021 636.5127 634.6652 632.8177 630.9702 629.1227 627.2591 625.3876 623.5162 621.6448 619.7698 617.86 615.9503 614.0405 612.1308 609.809 607.0933 604.3776 601.6619 598.9461 591.9726 584.6756 577.3786 570.0817 561.2405 549.5003 537.7601 526.0198 514.2796 504.19 494.6054 485.0208 475.4362 466.9362 463.2519 459.5676 455.8832 452.1989 448.0351 443.5542 439.0733 434.5924 430.1278 426.4566 422.7854 419.1143 415.443 412.5394 410.6198 408.7002 406.7806 404.861 404.0235 403.3675 402.7115 402.0555 401.5244 401.3233
655.6392 653.2206 650.802 648.3834 646.1797 644.0175 641.8552 639.6929 637.6033 635.7238 633.8443 631.9648 630.0854 628.1718 626.2417 624.3116 622.3816 620.444 618.433 616.4221 614.4111 612.4 610.0151 607.2728 604.5304 601.788 599.0457 592.2733 585.1948 578.1163 571.0378 562.7227 552.0855 541.4484 530.8113 520.1741 511.0407 502.3674 493.6941 485.0208 477.3144 473.9019 470.4893 467.0768 463.6642 459.5798 455.0509 450.5221 445.9932 441.4727 437.3592 433.2457 429.1322 425.0187 421.4626 418.621 415.7795 412.938 410.0965 408.5014 407.1153 405.7292 404.3432 403.221 402.7961
656.2343 653.9595 651.6848 649.41 647.2386 645.0869 642.9353 640.7837 638.6937 636.7823 634.8708 632.9594 631.048 629.0844 627.0958 625.1071 623.1184 621.1182 619.006 616.8937 614.7815 612.6693 610.2213 607.4522 604.6832 601.9142 599.1452 592.574 585.714 578.854 571.994 564.2047 554.6707 545.1366 535.6025 526.0685 517.8912 510.1291 502.367 494.6049 487.6923 484.5515 481.4107 478.27 475.1292 471.124 466.5471 461.9704 457.3935 452.8172 448.2613 443.7056 439.1498 434.594 430.3855 426.622 422.8586 419.0952 415.3318 412.9791 410.863 408.7469 406.6308 404.9175 404.2687
656.8293 654.6984 652.5676 650.4368 648.2974 646.1564 644.0155 641.8745 639.7843 637.8409 635.8975 633.954 632.0106 629.9971 627.9498 625.9025 623.8552 621.7925 619.579 617.3655 615.152 612.9385 610.4274 607.6317 604.8361 602.0404 599.2448 592.8748 586.2332 579.5917 572.9502 565.6868 557.2559 548.8249 540.3939 531.963 524.7419 517.8911 511.0403 504.1894 498.0705 495.2015 492.3325 489.4635 486.5945 482.6686 478.0438 473.4191 468.7943 464.162 459.1639 454.1658 449.1678 444.1696 439.3087 434.6233 429.938 425.2527 420.5673 417.457 414.6108 411.7646 408.9185 406.614 405.7415
657.0026 655.0416 653.0806 651.1196 649.0367 646.9305 644.8243 642.7181 640.644 638.6631 636.6822 634.7012 632.7203 630.66 628.5615 626.463 624.3645 622.2488 619.9656 617.6824 615.3991 613.1159 610.5817 607.8076 605.0335 602.2594 599.4853 593.5042 587.2794 581.0547 574.83 568.2174 560.8765 553.5356 546.1948 538.8539 532.4852 526.4141 520.3428 514.2716 508.839 506.2417 503.6445 501.0473 498.45 494.589 489.8921 485.1953 480.4984 475.7926 470.6431 465.4938 460.3445 455.195 449.9522 444.5897 439.2271 433.8646 428.502 424.8153 421.4095 418.0039 414.5982 411.7556 410.4017
656.3852 654.6426 652.9001 651.1576 649.1771 647.1508 645.1245 643.0982 641.0712 639.0424 637.0134 634.9845 632.9556 630.8546 628.7188 626.5829 624.4472 622.2966 620.0028 617.7089 615.415 613.1211 610.6389 607.9767 605.3145 602.6523 599.9901 594.7499 589.3138 583.8778 578.4418 572.7142 566.4391 560.164 553.8889 547.6139 541.903 536.3646 530.8263 525.288 520.3402 518.0148 515.6893 513.3639 511.0384 507.215 502.4009 497.5869 492.7727 487.9599 483.2048 478.4498 473.6948 468.9397 463.8227 458.2416 452.6606 447.0797 441.4986 437.5751 433.9295 430.2841 426.6386 423.3573 421.0388
655.7678 654.2437 652.7197 651.1956 649.3173 647.371 645.4246 643.4783 641.4984 639.4216 637.3447 635.2678 633.1909 631.0491 628.876 626.7029 624.5298 622.3445 620.04 617.7354 615.4308 613.1263 610.6961 608.1458 605.5956 603.0452 600.4949 595.9956 591.3482 586.7009 582.0535 577.2108 572.0015 566.7922 561.5828 556.3735 551.3203 546.3149 541.3094 536.304 531.8411 529.7874 527.7338 525.6801 523.6263 519.8405 514.9092 509.9779 505.0466 500.1268 495.766 491.4053 487.0446 482.6839 477.6927 471.8931 466.0937 460.2942 454.4947 450.3344 446.4491 442.5638 438.6786 434.9586 431.6755
655.1503 653.8447 652.5392 651.2336 649.4576 647.5912 645.7248 643.8584 641.9256 639.8008 637.6759 635.5511 633.4263 631.2437 629.0333 626.8229 624.6125 622.3923 620.0771 617.762 615.4467 613.1315 610.7534 608.3149 605.8766 603.4382 600.9998 597.2414 593.3827 589.524 585.6653 581.7076 577.564 573.4205 569.277 565.1334 560.738 556.2654 551.7929 547.3204 543.3424 541.5605 539.7786 537.9966 536.2147 532.4666 527.418 522.3694 517.3209 512.2941 508.3277 504.3613 500.395 496.4286 491.5632 485.5451 479.5272 473.5092 467.4912 463.0942 458.9691 454.844 450.719 446.5602 442.3126
654.5329 653.4458 652.3587 651.2716 649.598 647.8115 646.025 644.2385 642.3528 640.18 638.0072 635.8344 633.6616 631.4382 629.1906 626.9429 624.6952 622.4402 620.1143 617.7885 615.4626 613.1367 610.8105 608.4841 606.1576 603.8311 601.5046 598.4871 595.4171 592.347 589.277 586.2042 583.1265 580.0486 576.9708 573.8931 570.1554 566.2157 562.2761 558.3364 554.8433 553.3331 551.823 550.3129 548.8027 545.0921 539.9263 534.7606 529.5947 524.461 520.8889 517.3169 513.7449 510.1728 505.4332 499.1966 492.9602 486.7238 480.4873 475.8536 471.4886 467.1238 462.7589 458.1614 452.9494
653.3699 652.4461 651.5223 650.5984 649.0538 647.3896 645.7256 644.0615 642.2741 640.1298 637.9855 635.8412 633.697 631.4863 629.2438 627.0013 624.7588 622.5142 620.2499 617.9856 615.7213 613.457 611.2289 609.0356 606.8423 604.6489 602.4556 599.9514 597.4237 594.8959 592.3682 589.8588 587.3838 584.9088 582.4338 579.9587 576.8029 573.4385 570.0742 566.7099 563.727 562.4376 561.1483 559.8589 558.5696 555.1729 550.3826 545.5923 540.802 536.0435 532.8317 529.6201 526.4084 523.1967 518.7703 512.7868 506.8034 500.8199 494.8364 489.9973 485.3502 480.703 476.0559 471.1241 465.4402
652.0681 651.2935 650.5188 649.7442 648.3353 646.8044 645.2736 643.7427 642.0667 639.9703 637.874 635.7776 633.6813 631.4971 629.2706 627.0441 624.8175 622.5949 620.4105 618.2261 616.0418 613.8574 611.7393 609.6845 607.6297 605.575 603.5201 601.4715 599.4234 597.3752 595.3271 593.2992 591.3091 589.319 587.329 585.3389 582.7454 579.9673 577.1892 574.4111 571.9448 570.8633 569.7817 568.7002 567.6187 564.6063 560.3168 556.0275 551.7382 547.4775 544.6175 541.7576 538.8976 536.0375 531.9723 526.3618 520.7514 515.141 509.5305 504.494 499.5537 494.6135 489.6733 484.4338 478.4036
650.7662 650.1408 649.5154 648.89 647.6169 646.2192 644.8217 643.424 641.8593 639.8109 637.7625 635.7141 633.6658 631.5079 629.2974 627.0868 624.8763 622.6756 620.5712 618.4667 616.3622 614.2578 612.2496 610.3334 608.4171 606.5009 604.5847 602.9916 601.423 599.8545 598.2859 596.7394 595.2343 593.7291 592.224 590.7188 588.6878 586.4958 584.3039 582.1119 580.1623 579.2886 578.4149 577.5412 576.6675 574.0393 570.2508 566.4624 562.6739 558.9112 556.4029 553.8946 551.3864 548.8781 545.1738 539.9363 534.699 529.4616 524.2241 518.9902 513.7568 508.5235 503.2902 497.743 491.3664
649.4644 648.9882 648.512 648.0358 646.8984 645.634 644.3697 643.1052 641.6518 639.6514 637.651 635.6506 633.6501 631.5187 629.3242 627.1296 624.935 622.7563 620.7318 618.7073 616.6827 614.6583 612.7599 610.9822 609.2046 607.4269 605.6492 604.5117 603.4227 602.3337 601.2448 600.1798 599.1596 598.1393 597.1191 596.0989 594.6304 593.0247 591.4189 589.8131 588.3801 587.7142 587.0483 586.3825 585.7166 583.4727 580.1851 576.8976 573.61 570.3453 568.1887 566.0321 563.8755 561.719 558.3758 553.5114 548.647 543.7827 538.9182 533.4869 527.9604 522.434 516.9077 511.0527 504.3297
647.968 647.6226 647.2772 646.9318 645.9373 644.8179 643.6985 642.5792 641.2533 639.3297 637.4061 635.4825 633.559 631.4757 629.3156 627.1553 624.9951 622.8561 620.9233 618.9906 617.0579 615.1251 613.3337 611.6776 610.0214 608.3651 606.7089 605.9122 605.1807 604.4493 603.7179 603.0167 602.3725 601.7282 601.084 600.4397 599.4216 598.2891 597.1567 596.0242 595.0086 594.5125 594.0164 593.5202 593.0241 591.1524 588.371 585.5897 582.8083 580.0466 578.243 576.4395 574.636 572.8324 569.8844 565.4691 561.054 556.6387 552.2235 546.6743 540.9348 535.1954 529.4561 523.3482 516.267
645.8765 645.6057 645.335 645.0642 644.2336 643.2955 642.3573 641.4191 640.2703 638.5118 636.7535 634.9951 633.2368 631.2683 629.1987 627.1291 625.0594 623.0145 621.2097 619.4048 617.5999 615.795 614.1016 612.5147 610.9278 609.3409 607.7539 606.9472 606.1998 605.4524 604.705 604.0082 603.4066 602.8049 602.2033 601.6017 600.6915 599.687 598.6823 597.6777 596.7764 596.3335 595.8907 595.4478 595.005 593.4689 591.2097 588.9506 586.6914 584.4486 583.0021 581.5556 580.1091 578.6625 576.214 572.4808 568.7477 565.0146 561.2814 555.8576 550.1501 544.4427 538.7353 532.5424 525.0669
643.785 643.5889 643.3927 643.1965 642.53 641.7729 641.016 640.259 639.2872 637.694 636.1008 634.5076 632.9145 631.0609 629.0818 627.1028 625.1238 623.1729 621.496 619.819 618.142 616.465 614.8695 613.3519 611.8342 610.3166 608.799 607.9823 607.2189 606.4554 605.692 604.9996 604.4407 603.8817 603.3227 602.7637 601.9614 601.0847 600.208 599.3313 598.5441 598.1545 597.765 597.3755 596.9859 595.7853 594.0484 592.3115 590.5746 588.8507 587.7612 586.6718 585.5823 584.4928 582.5437 579.4926 576.4416 573.3906 570.3395 565.0411 559.3655 553.6901 548.0146 541.7368 533.8669
641.6935 641.572 641.4504 641.3289 640.8263 640.2505 639.6747 639.0988 638.3041 636.8762 635.4482 634.0202 632.5922 630.8535 628.965 627.0766 625.1882 623.3314 621.7823 620.2332 618.6841 617.1351 615.6375 614.1891 612.7407 611.2924 609.8439 609.0173 608.2379 607.4585 606.6791 605.9911 605.4747 604.9584 604.442 603.9257 603.2313 602.4825 601.7337 600.9849 600.3119 599.9756 599.6393 599.3031 598.9669 598.1018 596.8871 595.6725 594.4578 593.2528 592.5203 591.7879 591.0555 590.323 588.8734 586.5045 584.1355 581.7666 579.3976 574.2245 568.5809 562.9375 557.2941 550.9311 542.6669
639.6021 639.5551 639.5082 639.4612 639.1226 638.728 638.3333 637.9387 637.3211 636.0583 634.7955 633.5327 632.27 630.646 628.8482 627.0504 625.2525 623.4897 622.0686 620.6474 619.2262 617.8051 616.4053 615.0262 613.6472 612.2681 610.889 610.0524 609.257 608.4615 607.6662 606.9826 606.5089 606.0352 605.5614 605.0877 604.5013 603.8803 603.2594 602.6384 602.0797 601.7967 601.5137 601.2307 600.9478 600.4183 599.7258 599.0334 598.3409 597.6548 597.2795 596.9041 596.5287 596.1533 595.2031 593.5163 591.8294 590.1426 588.4557 583.408 577.7964 572.1849 566.5734 560.1254 551.4669
637.5159 637.5472 637.5786 637.6099 637.4048 637.1543 636.9038 636.6533 636.1671 634.999 633.8311 632.663 631.495 629.983 628.3054 626.6279 624.9503 623.306 621.9868 620.6676 619.3483 618.0291 616.7203 615.4216 614.123 612.8243 611.5256 610.7108 609.9327 609.1547 608.3767 607.7038 607.2282 606.7526 606.277 605.8015 605.2615 604.7017 604.1419 603.5822 603.0735 602.7919 602.5104 602.2288 601.9472 601.5296 601.022 600.5145 600.0069 599.5046 599.2563 599.0082 598.7599 598.5117 597.8053 596.5114 595.2175 593.9236 592.6296 588.0911 583.0082 577.9255 572.8427 566.7515 557.9952
635.4319 635.5433 635.6545 635.7658 635.6809 635.5583 635.4357 635.313 634.9383 633.8342 632.7301 631.626 630.522 629.1207 627.5764 626.032 624.4876 622.9727 621.744 620.5154 619.2867 618.058 616.8372 615.6237 614.4103 613.1969 611.9835 611.2044 610.4584 609.7123 608.9662 608.3068 607.8099 607.313 606.8161 606.3192 605.7986 605.2709 604.7431 604.2153 603.7288 603.426 603.123 602.8201 602.5173 602.1136 601.6434 601.1731 600.7028 600.2376 600.016 599.7944 599.5729 599.3513 598.7766 597.7491 596.7217 595.6942 594.6667 590.8054 586.4685 582.1318 577.795 572.2538 563.5295
633.3481 633.5393 633.7305 633.9218 633.957 633.9622 633.9675 633.9727 633.7095 632.6694 631.6292 630.5891 629.549 628.2584 626.8473 625.4361 624.025 622.6393 621.5012 620.3632 619.2251 618.087 616.954 615.8259 614.6977 613.5695 612.4413 611.698 610.9839 610.2698 609.5558 608.9098 608.3916 607.8734 607.3552 606.8369 606.3359 605.84 605.3442 604.8484 604.3842 604.0599 603.7357 603.4115 603.0873 602.6976 602.2647 601.8317 601.3987 600.9706 600.7757 600.5807 600.3859 600.1909 599.7479 598.9869 598.2259 597.4648 596.7039 593.5196 589.9288 586.3381 582.7474 577.7562 569.0639
