data/zism_data/00308_03_D.txt
ncols         224
nrows         224
[rows 140 to 167 of 224, columns 126 to 188 of 224]
586.627 587.1889 587.7509 588.3128 588.8748 589.7272 591.0034 592.2794 593.5555 594.8316 594.5143 593.7404 592.9664 592.1924 591.0833 588.0392 584.9951 581.9509 578.9068 575.2142 570.9182 566.6221 562.326 558.0299 557.0426 556.4713 555.9 555.3287 555.6833 558.6915 561.6998 564.7079 567.7162 571.4274 575.5531 579.6789 583.8046 587.9303 593.1148 598.3 603.4851 608.6703 614.5785 621.7194 628.8602 636.001 643.1418 649.6059 655.8323 662.0587 668.2852 674.4001 679.6176 684.835 690.0524 695.2698 700.7583 706.5394 712.3206 718.1016 723.8828 729.3757 734.8182
585.704 585.7333 585.7626 585.7919 585.8212 586.1175 586.8029 587.4883 588.1738 588.8593 588.1439 587.0271 585.9103 584.7935 583.3431 579.9668 576.5904 573.2141 569.8376 565.8374 561.2566 556.6757 552.0948 547.514 546.2466 545.3958 544.5449 543.694 543.7501 546.4049 549.0598 551.7147 554.3696 558.0458 562.3246 566.6033 570.8819 575.1606 579.5704 583.9803 588.3901 592.8 598.2918 605.6278 612.9637 620.2997 627.6357 634.5994 641.4323 648.2651 655.098 661.8107 667.5555 673.3004 679.0453 684.7901 690.8745 697.3253 703.7762 710.2271 716.678 722.2437 727.6545
584.7812 584.2778 583.7745 583.2711 582.7678 582.5078 582.6026 582.6974 582.7922 582.887 581.7736 580.314 578.8543 577.3947 575.6031 571.8945 568.1859 564.4773 560.7687 556.4608 551.5952 546.7295 541.8639 536.9983 535.4507 534.3204 533.19 532.0596 531.817 534.1185 536.42 538.7216 541.0231 544.6646 549.0963 553.5279 557.9595 562.3911 566.0262 569.6608 573.2955 576.9301 582.0054 589.5365 597.0676 604.5988 612.1298 619.593 627.0324 634.4717 641.9111 649.2216 655.4938 661.7661 668.0383 674.3106 680.9908 688.1115 695.2321 702.3527 709.4733 715.1117 720.491
583.8583 582.8223 581.7863 580.7503 579.7143 578.898 578.4022 577.9063 577.4104 576.9146 575.4031 573.6007 571.7982 569.9957 567.8629 563.8221 559.7813 555.7404 551.6995 547.084 541.9336 536.7831 531.6328 526.4824 524.6547 523.2448 521.8348 520.425 519.8837 521.8319 523.7801 525.7283 527.6765 531.2831 535.8677 540.4523 545.0368 549.6213 552.4818 555.3411 558.2005 561.0598 565.7187 573.4449 581.1712 588.8975 596.6237 604.5865 612.6323 620.6782 628.724 636.6322 643.4319 650.2316 657.0313 663.8309 671.1069 678.8973 686.6877 694.4781 702.2686 707.9797 713.3273
583.7126 582.2632 580.8137 579.3643 577.9149 576.6641 575.7027 574.7414 573.78 572.8187 570.9542 568.8307 566.7073 564.5839 562.1252 557.7302 553.3353 548.9403 544.5453 539.7084 534.46 529.2115 523.9632 518.7148 516.762 515.2236 513.6852 512.1469 511.421 513.0238 514.6266 516.2294 517.8322 521.1569 525.4969 529.837 534.1771 538.5172 540.7337 542.9489 545.1641 547.3793 551.5758 559.1495 566.7231 574.2967 581.8704 590.1247 598.618 607.1114 615.6047 623.9453 631.0558 638.1663 645.2767 652.3872 660.1352 668.5715 677.0079 685.4442 693.8805 699.786 705.249
584.8522 583.1866 581.5209 579.8553 578.1896 576.7054 575.4857 574.2659 573.0461 571.8264 569.6829 567.2747 564.8665 562.4582 559.6992 554.9139 550.1287 545.3435 540.5583 535.6425 530.605 525.5676 520.5301 515.4927 513.6712 512.2542 510.837 509.42 508.6981 509.9686 511.2392 512.5097 513.7803 516.4144 519.8527 523.291 526.7292 530.1675 531.9565 533.7445 535.5325 537.3205 540.9786 547.8245 554.6703 561.5162 568.3621 576.5638 585.2418 593.9197 602.5976 611.0972 618.1602 625.2232 632.2863 639.3492 647.3643 656.407 665.4499 674.4927 683.5355 689.8365 695.6581
585.9919 584.11 582.2281 580.3463 578.4644 576.7467 575.2686 573.7904 572.3123 570.8341 568.4117 565.7186 563.0256 560.3326 557.2731 552.0977 546.9222 541.7467 536.5712 531.5765 526.7501 521.9235 517.097 512.2705 510.5804 509.2846 507.9889 506.6931 505.9752 506.9135 507.8518 508.7901 509.7284 511.672 514.2084 516.7449 519.2813 521.8177 523.1793 524.54 525.9009 527.2617 530.3814 536.4995 542.6176 548.7357 554.8537 563.003 571.8655 580.728 589.5905 598.249 605.2646 612.2802 619.2957 626.3113 634.5933 644.2426 653.8918 663.5412 673.1905 679.887 686.0672
587.1315 585.0334 582.9353 580.8372 578.7391 576.7881 575.0515 573.3149 571.5784 569.8418 567.1404 564.1626 561.1848 558.207 554.8472 549.2814 543.7157 538.15 532.5842 527.5106 522.8951 518.2795 513.6639 509.0484 507.4896 506.3151 505.1407 503.9662 503.2523 503.8583 504.4644 505.0704 505.6765 506.9295 508.5642 510.1988 511.8334 513.4681 514.4021 515.3356 516.2692 517.2028 519.7842 525.1745 530.5648 535.9551 541.3454 549.4421 558.4892 567.5363 576.5834 585.4008 592.369 599.3371 606.3052 613.2733 621.8223 632.0781 642.3339 652.5897 662.8455 669.9374 676.4763
588.2712 585.9568 583.6425 581.3282 579.0139 576.8294 574.8344 572.8395 570.8445 568.8495 565.8693 562.6066 559.3439 556.0813 552.4211 546.4651 540.5092 534.5532 528.5972 523.4447 519.0401 514.6355 510.2309 505.8263 504.3988 503.3456 502.2925 501.2393 500.5294 500.8032 501.077 501.3507 501.6245 502.1871 502.9199 503.6527 504.3856 505.1184 505.6249 506.1312 506.6376 507.1439 509.187 513.8495 518.512 523.1746 527.8371 535.8813 545.113 554.3446 563.5763 572.5527 579.4734 586.394 593.3147 600.2354 609.0513 619.9136 630.7759 641.6381 652.5004 659.9879 666.8854
590.3157 588.26 586.2043 584.1486 582.093 580.1536 578.3837 576.614 574.8441 573.0743 570.3123 567.2659 564.2195 561.1731 557.7432 552.0983 546.4535 540.8087 535.1638 530.0156 525.3297 520.6437 515.9578 511.2719 509.2899 507.6478 506.0058 504.3637 503.057 502.711 502.365 502.019 501.6729 501.7507 502.0784 502.406 502.7337 503.0614 503.4019 503.7425 504.083 504.4236 506.0399 509.8308 513.6218 517.4128 521.2037 528.4164 536.8306 545.2449 553.6591 561.8964 568.7086 575.5208 582.3329 589.1451 597.8277 608.5297 619.2317 629.9337 640.6357 648.4528 655.7655
592.5507 590.8536 589.1566 587.4595 585.7625 584.1688 582.726 581.2831 579.8403 578.3974 575.9583 573.2336 570.509 567.7843 564.6964 559.5103 554.3243 549.1383 543.9523 538.8259 533.7549 528.684 523.6131 518.5421 515.8613 513.4808 511.1004 508.72 506.6898 505.6635 504.6372 503.6109 502.5846 502.2209 502.2479 502.275 502.302 502.3291 502.5587 502.7885 503.0183 503.2481 504.4612 507.3503 510.2394 513.1286 516.0177 522.2349 529.6207 537.0065 544.3924 551.7014 558.3923 565.0832 571.774 578.465 586.9298 597.3101 607.6904 618.0707 628.451 636.5838 644.3237
594.7857 593.4472 592.1088 590.7703 589.4318 588.184 587.0681 585.9522 584.8363 583.7205 581.6042 579.2013 576.7983 574.3954 571.6494 566.9222 562.1949 557.4678 552.7405 547.6359 542.18 536.7241 531.2682 525.8123 522.4325 519.3137 516.1949 513.0762 510.3227 508.6161 506.9094 505.2028 503.4962 502.691 502.4174 502.1439 501.8704 501.5968 501.7156 501.8346 501.9536 502.0726 502.8824 504.8698 506.8571 508.8445 510.8318 516.0535 522.4109 528.7684 535.1258 541.5067 548.0762 554.6458 561.2154 567.7849 576.0321 586.0907 596.1493 606.2079 616.2665 624.7151 632.8822
597.0207 596.0408 595.061 594.0812 593.1013 592.1992 591.4103 590.6214 589.8325 589.0436 587.2502 585.169 583.0878 581.0066 578.6025 574.3342 570.0657 565.7974 561.5289 556.4461 550.6052 544.7643 538.9235 533.0826 529.0039 525.1467 521.2896 517.4324 513.9556 511.5686 509.1817 506.7947 504.4078 503.1611 502.587 502.0128 501.4387 500.8645 500.8724 500.8807 500.8889 500.8972 501.3037 502.3893 503.4747 504.5602 505.6458 509.8719 515.201 520.53 525.8591 531.3118 537.76 544.2083 550.6565 557.1047 565.1342 574.8712 584.608 594.345 604.0818 612.8461 621.4404
600.4421 599.9051 599.368 598.8311 598.2941 597.7859 597.3196 596.8533 596.387 595.9207 594.3895 592.553 590.7166 588.8801 586.7335 582.7961 578.8588 574.9214 570.9841 565.9637 559.9353 553.907 547.8786 541.8502 537.3566 533.0558 528.7551 524.4543 520.4569 517.3287 514.2004 511.0721 507.9439 506.0468 504.8758 503.7048 502.5338 501.3628 501.0941 500.8261 500.558 500.2899 500.2614 500.6411 501.0208 501.4006 501.7803 505.0727 509.3878 513.7031 518.0182 522.537 528.6955 534.8539 541.0124 547.1708 554.8834 564.2739 573.6644 583.0549 592.4454 601.4266 610.3362
606.9855 607.113 607.2405 607.368 607.4955 607.508 607.3528 607.1978 607.0426 606.8875 605.4583 603.6641 601.8698 600.0755 597.9642 594.0215 590.0789 586.1362 582.1936 577.3428 571.6467 565.9505 560.2544 554.5583 550.3969 546.4284 542.4599 538.4915 534.507 530.4769 526.4469 522.4168 518.3867 515.2892 512.7418 510.1943 507.6469 505.0995 504.1184 503.1383 502.1582 501.1782 500.6307 500.8206 501.0104 501.2003 501.3901 503.9111 507.2507 510.5902 513.9297 517.4997 522.925 528.3504 533.7758 539.2011 546.3352 555.3144 564.2936 573.2727 582.2519 591.1898 600.1205
613.5289 614.3209 615.1129 615.9049 616.697 617.2302 617.3862 617.5422 617.6982 617.8542 616.5272 614.7751 613.023 611.2709 609.1948 605.2469 601.299 597.3511 593.4031 588.7219 583.358 577.9941 572.6302 567.2664 563.4372 559.801 556.1647 552.5285 548.5571 543.6252 538.6934 533.7615 528.8296 524.5317 520.6078 516.6839 512.76 508.8361 507.1426 505.4506 503.7585 502.0664 500.9999 501.0 501.0 501.0 501.0 502.7495 505.1135 507.4774 509.8413 512.4624 517.1547 521.8469 526.5391 531.2313 537.787 546.3549 554.9227 563.4905 572.0583 580.9529 589.9048
620.0723 621.5288 622.9854 624.4418 625.8984 626.9523 627.4195 627.8867 628.3538 628.821 627.5961 625.8862 624.1763 622.4664 620.4254 616.4722 612.519 608.5659 604.6127 600.101 595.0693 590.0377 585.006 579.9744 576.4775 573.1735 569.8696 566.5656 562.6073 556.7736 550.9398 545.1061 539.2724 533.7742 528.4738 523.1734 517.8732 512.5728 510.1669 507.7628 505.3587 502.9546 501.3692 501.1794 500.9895 500.7997 500.6098 501.588 502.9763 504.3645 505.7528 507.4251 511.3842 515.3433 519.3025 523.2616 529.239 537.3954 545.5518 553.7083 561.8647 570.7161 579.689
626.6157 628.7368 630.8578 632.9788 635.0998 636.6745 637.4528 638.2311 639.0094 639.7877 638.6649 636.9973 635.3295 633.6618 631.656 627.6976 623.7391 619.7806 615.8222 611.48 606.7806 602.0812 597.3818 592.6825 589.5178 586.5461 583.5744 580.6027 576.6574 569.9219 563.1863 556.4507 549.7152 543.0166 536.3398 529.663 522.9863 516.3094 513.1911 510.075 506.9589 503.8428 501.7385 501.3588 500.9791 500.5994 500.2197 500.4264 500.8391 501.2517 501.6643 502.3878 505.6138 508.8398 512.0658 515.2919 520.6908 528.4359 536.181 543.9261 551.6712 560.4793 569.4733
634.8083 637.2117 639.6151 642.0184 644.4217 646.2127 647.1111 648.0095 648.9079 649.8063 648.6569 646.9205 645.1841 643.4478 641.3292 637.0024 632.6756 628.3488 624.022 619.5319 614.8896 610.2473 605.605 600.9627 597.9128 595.0632 592.2136 589.364 585.6268 579.3461 573.0654 566.7847 560.504 553.9353 547.1967 540.458 533.7195 526.9808 522.918 518.8568 514.7955 510.7343 507.704 506.4313 505.1586 503.8859 502.6132 502.0524 501.7416 501.4308 501.12 501.124 503.6628 506.2016 508.7404 511.2791 515.8975 522.7612 529.6249 536.4886 543.3522 551.8552 560.6448
643.6276 646.1681 648.7085 651.249 653.7894 655.6811 656.627 657.5728 658.5186 659.4645 658.2396 656.3925 654.5453 652.6982 650.4104 645.5774 640.7443 635.9113 631.0782 626.3194 621.6296 616.9399 612.2501 607.5604 604.5427 601.7353 598.9279 596.1204 592.6656 587.3553 582.045 576.7347 571.4244 565.4909 559.19 552.8891 546.5883 540.2874 535.1917 530.0968 525.0018 519.9069 515.7962 513.3632 510.9303 508.4973 506.0644 504.7376 503.7992 502.8608 501.9225 501.2943 503.1632 505.0322 506.9011 508.7701 512.5309 518.3347 524.1383 529.942 535.7457 543.844 552.3435
652.4467 655.1243 657.8019 660.4794 663.157 665.1493 666.1426 667.1359 668.1292 669.1226 667.8221 665.8643 663.9064 661.9485 659.4916 654.1522 648.8129 643.4736 638.1342 633.1068 628.3696 623.6323 618.8951 614.1579 611.1724 608.4072 605.642 602.8768 599.7042 595.3643 591.0244 586.6844 582.3445 577.0463 571.1832 565.32 559.4569 553.5938 547.4653 541.3366 535.2079 529.0793 523.8882 520.295 516.7018 513.1087 509.5155 507.4227 505.8568 504.2909 502.7249 501.4644 502.6636 503.8628 505.0619 506.2611 509.1645 513.9082 518.6519 523.3955 528.1392 535.8329 544.0424
661.266 664.0807 666.8954 669.71 672.5247 674.6176 675.6584 676.6992 677.74 678.7808 677.4048 675.3362 673.2676 671.1989 668.5729 662.7272 656.8817 651.036 645.1904 639.8943 635.1096 630.3249 625.5402 620.7556 617.8023 615.0793 612.3563 609.6332 606.743 603.3734 600.0038 596.6343 593.2648 588.602 583.1765 577.7511 572.3257 566.9003 559.739 552.5767 545.4143 538.252 531.9803 527.2269 522.4735 517.7202 512.9667 510.1079 507.9144 505.7209 503.5274 501.6346 502.164 502.6933 503.2227 503.752 505.798 509.4817 513.1653 516.8489 520.5326 527.8217 535.7411
669.6181 672.4525 675.2869 678.1213 680.9557 683.064 684.1137 685.1635 686.2131 687.2629 685.847 683.7245 681.602 679.4795 676.7394 670.4324 664.1254 657.8185 651.5115 645.9404 641.0541 636.1679 631.2816 626.3954 623.4536 620.7563 618.059 615.3616 612.7063 610.1714 607.6365 605.1016 602.5667 598.5304 593.6087 588.6871 583.7655 578.8438 571.0302 563.2147 555.3993 547.5839 540.5251 534.7565 528.9878 523.2191 517.4504 513.7634 510.8075 507.8516 504.8956 502.2507 502.1102 501.9698 501.8293 501.6888 502.9211 505.6355 508.3499 511.0643 513.7787 520.5705 528.0751
675.7513 678.0478 680.3443 682.6407 684.9373 686.6556 687.5313 688.407 689.2827 690.1584 688.8718 686.9655 685.0593 683.153 680.5606 674.0057 667.4509 660.8961 654.3412 648.4648 643.22 637.9751 632.7302 627.4854 624.4567 621.7066 618.9565 616.2065 613.5612 611.2161 608.8711 606.526 604.181 600.7293 596.6251 592.5208 588.4167 584.3124 577.6536 570.9932 564.3327 557.6723 551.2207 545.125 539.0293 532.9336 526.838 522.0278 517.669 513.3102 508.9515 504.9847 504.1744 503.3641 502.5538 501.7435 502.3694 504.5459 506.7223 508.8988 511.0753 516.9296 523.4269
681.8845 683.6431 685.4016 687.1602 688.9188 690.2473 690.9489 691.6506 692.3522 693.0538 691.8966 690.2065 688.5165 686.8264 684.3818 677.5791 670.7764 663.9736 657.1709 650.9893 645.3858 639.7823 634.1788 628.5753 625.4597 622.6569 619.8541 617.0513 614.4161 612.2609 610.1057 607.9504 605.7952 602.9282 599.6414 596.3546 593.0678 589.781 584.277 578.7716 573.2662 567.7607 561.9162 555.4935 549.0709 542.6482 536.2255 530.2921 524.5305 518.769 513.0074 507.7188 506.2386 504.7585 503.2784 501.7983 501.8177 503.4562 505.0948 506.7333 508.3719 513.2888 518.7788
688.0178 689.2383 690.459 691.6796 692.9002 693.8389 694.3665 694.8941 695.4217 695.9493 694.9214 693.4476 691.9738 690.4999 688.203 681.1524 674.1018 667.0512 660.0006 653.5138 647.5516 641.5895 635.6274 629.6652 626.4628 623.6072 620.7517 617.8962 615.2709 613.3055 611.3402 609.3749 607.4095 605.1271 602.6577 600.1884 597.719 595.2496 590.9004 586.55 582.1996 577.8492 572.6118 565.8621 559.1124 552.3627 545.6131 538.5565 531.3921 524.2277 517.0632 510.4528 508.3029 506.1529 504.003 501.853 501.266 502.3666 503.4673 504.5679 505.6685 509.6479 514.1307
694.1509 694.8336 695.5164 696.199 696.8817 697.4305 697.7841 698.1376 698.4912 698.8448 697.9462 696.6885 695.431 694.1734 692.0242 684.7258 677.4272 670.1288 662.8303 656.0382 649.7175 643.3967 637.076 630.7552 627.4658 624.5576 621.6493 618.741 616.1258 614.3503 612.5748 610.7993 609.0238 607.326 605.6741 604.0221 602.3702 600.7183 597.5238 594.3284 591.1331 587.9377 583.3073 576.2306 569.1539 562.0773 555.0007 546.8208 538.2536 529.6863 521.1191 513.1868 510.367 507.5473 504.7275 501.9077 500.7144 501.277 501.8397 502.4024 502.9651 506.0071 509.4825
696.6219 696.8981 697.1744 697.4506 697.7269 697.9557 698.1155 698.2753 698.4352 698.595 697.5198 696.0906 694.6614 693.2322 690.8323 682.8258 674.8193 666.8129 658.8065 651.7342 645.5313 639.3285 633.1257 626.9229 623.9063 621.2905 618.6746 616.0587 613.7186 612.1691 610.6196 609.0701 607.5207 606.117 604.7994 603.4817 602.1641 600.8464 598.3663 595.8856 593.4048 590.924 586.8406 580.0252 573.2099 566.3945 559.5792 550.9617 541.7114 532.4612 523.2109 514.6362 511.5016 508.3669 505.2323 502.0977 500.6434 501.0034 501.3634 501.7234 502.0834 504.47 507.2109
