data/zism_data/00307_03_D.txt
ncols         224
nrows         224
[rows 28 to 55 of 224, columns 64 to 127 of 224]
1400.0 1400.0 1400.0 1400.0 1400.0 1403.882 1411.383 1418.885 1426.386 1433.887 1444.793 1456.014 1467.236 1478.458 1487.027 1489.766 1492.505 1495.244 1497.983 1498.966 1499.232 1499.497 1499.763 1500.0 1500.0 1500.0 1500.0 1500.0 1500.0 1500.0 1500.0 1500.0 1500.0 1499.947 1499.888 1499.829 1499.77 1499.719 1499.69 1499.66 1499.631 1499.601 1499.654 1499.743 1499.831 1499.92 1499.926 1499.15 1498.373 1497.597 1496.821 1494.199 1489.68 1485.161 1480.642 1476.123 1474.463 1473.154 1471.844 1470.535 1470.7 1474.504 1478.308 1482.112
1400.0 1400.0 1400.0 1400.0 1400.0 1404.052 1411.882 1419.713 1427.543 1435.373 1446.559 1458.056 1469.554 1481.051 1489.666 1491.944 1494.221 1496.499 1498.776 1499.523 1499.646 1499.768 1499.891 1500.0 1500.0 1500.0 1500.0 1500.0 1500.0 1500.0 1500.0 1500.0 1500.0 1499.975 1499.948 1499.921 1499.894 1499.871 1499.857 1499.843 1499.83 1499.816 1499.841 1499.881 1499.922 1499.963 1499.936 1499.266 1498.596 1497.926 1497.255 1495.022 1491.182 1487.342 1483.502 1479.662 1477.732 1476.035 1474.338 1472.641 1472.458 1476.007 1479.556 1483.106
1400.0 1400.0 1400.0 1400.0 1400.0 1404.184 1412.27 1420.355 1428.44 1436.525 1447.964 1459.714 1471.465 1483.215 1491.883 1493.775 1495.667 1497.56 1499.452 1500.0 1500.0 1500.0 1500.0 1500.0 1500.0 1500.0 1500.0 1500.0 1500.0 1500.0 1500.0 1500.0 1500.0 1500.0 1500.0 1500.0 1500.0 1500.0 1500.0 1500.0 1500.0 1500.0 1500.0 1500.0 1500.0 1500.0 1499.946 1499.384 1498.821 1498.259 1497.696 1495.837 1492.644 1489.452 1486.26 1483.067 1480.928 1478.918 1476.908 1474.897 1474.414 1477.698 1480.982 1484.266
1400.0 1400.0 1400.0 1400.0 1400.0 1404.091 1411.996 1419.901 1427.805 1435.71 1447.241 1459.108 1470.975 1482.842 1491.61 1493.566 1495.522 1497.478 1499.433 1500.0 1500.0 1500.0 1500.0 1500.0 1500.0 1500.0 1500.0 1500.0 1500.0 1500.0 1500.0 1500.0 1500.0 1500.0 1500.0 1500.0 1500.0 1500.0 1500.0 1500.0 1500.0 1500.0 1500.0 1500.0 1500.0 1500.0 1499.957 1499.512 1499.066 1498.62 1498.174 1496.601 1493.871 1491.14 1488.409 1485.678 1483.698 1481.81 1479.922 1478.033 1477.542 1480.497 1483.452 1486.407
1400.0 1400.0 1400.0 1400.0 1400.0 1403.998 1411.722 1419.447 1427.171 1434.896 1446.518 1458.501 1470.485 1482.469 1491.337 1493.356 1495.376 1497.395 1499.415 1500.0 1500.0 1500.0 1500.0 1500.0 1500.0 1500.0 1500.0 1500.0 1500.0 1500.0 1500.0 1500.0 1500.0 1500.0 1500.0 1500.0 1500.0 1500.0 1500.0 1500.0 1500.0 1500.0 1500.0 1500.0 1500.0 1500.0 1499.969 1499.639 1499.31 1498.981 1498.652 1497.366 1495.097 1492.828 1490.558 1488.289 1486.468 1484.702 1482.936 1481.17 1480.67 1483.296 1485.922 1488.548
1400.0 1400.0 1400.0 1400.0 1400.0 1403.904 1411.448 1418.993 1426.537 1434.081 1445.794 1457.895 1469.995 1482.096 1491.064 1493.147 1495.23 1497.313 1499.396 1500.0 1500.0 1500.0 1500.0 1500.0 1500.0 1500.0 1500.0 1500.0 1500.0 1500.0 1500.0 1500.0 1500.0 1500.0 1500.0 1500.0 1500.0 1500.0 1500.0 1500.0 1500.0 1500.0 1500.0 1500.0 1500.0 1500.0 1499.98 1499.767 1499.555 1499.343 1499.13 1498.131 1496.323 1494.516 1492.708 1490.9 1489.238 1487.594 1485.95 1484.306 1483.798 1486.095 1488.392 1490.69
1400.0 1400.0 1400.0 1400.0 1400.0 1403.811 1411.175 1418.538 1425.902 1433.266 1445.071 1457.288 1469.505 1481.722 1490.791 1492.938 1495.084 1497.231 1499.378 1500.0 1500.0 1500.0 1500.0 1500.0 1500.0 1500.0 1500.0 1500.0 1500.0 1500.0 1500.0 1500.0 1500.0 1500.0 1500.0 1500.0 1500.0 1500.0 1500.0 1500.0 1500.0 1500.0 1500.0 1500.0 1500.0 1500.0 1499.991 1499.895 1499.8 1499.704 1499.608 1498.896 1497.55 1496.203 1494.857 1493.511 1492.008 1490.486 1488.964 1487.442 1486.926 1488.894 1490.863 1492.831
1400.0 1400.0 1400.0 1400.0 1400.0 1403.512 1410.298 1417.084 1423.871 1430.657 1442.448 1454.703 1466.958 1479.213 1488.455 1491.075 1493.696 1496.316 1498.936 1499.738 1499.798 1499.858 1499.917 1499.972 1499.978 1499.984 1499.991 1499.997 1500.0 1500.0 1500.0 1500.0 1500.0 1500.0 1500.0 1500.0 1500.0 1500.0 1500.0 1500.0 1500.0 1500.0 1500.0 1500.0 1500.0 1500.0 1499.996 1499.954 1499.912 1499.87 1499.828 1499.285 1498.227 1497.169 1496.111 1495.053 1493.732 1492.379 1491.026 1489.674 1489.202 1490.904 1492.607 1494.309
1400.0 1400.0 1400.0 1400.0 1400.0 1403.073 1409.01 1414.948 1420.885 1426.822 1438.526 1450.766 1463.005 1475.244 1484.711 1488.084 1491.458 1494.831 1498.205 1499.297 1499.457 1499.618 1499.779 1499.924 1499.941 1499.958 1499.975 1499.992 1500.0 1500.0 1500.0 1500.0 1500.0 1500.0 1500.0 1500.0 1500.0 1500.0 1500.0 1500.0 1500.0 1500.0 1500.0 1500.0 1500.0 1500.0 1499.997 1499.966 1499.934 1499.903 1499.871 1499.417 1498.529 1497.641 1496.753 1495.865 1494.742 1493.591 1492.439 1491.288 1490.896 1492.375 1493.855 1495.334
1400.0 1400.0 1400.0 1400.0 1400.0 1402.633 1407.722 1412.811 1417.899 1422.988 1434.605 1446.828 1459.052 1471.275 1480.966 1485.093 1489.22 1493.347 1497.474 1498.855 1499.117 1499.378 1499.64 1499.876 1499.904 1499.931 1499.959 1499.986 1500.0 1500.0 1500.0 1500.0 1500.0 1500.0 1500.0 1500.0 1500.0 1500.0 1500.0 1500.0 1500.0 1500.0 1500.0 1500.0 1500.0 1500.0 1499.998 1499.977 1499.957 1499.936 1499.915 1499.55 1498.832 1498.113 1497.395 1496.676 1495.752 1494.802 1493.853 1492.903 1492.59 1493.846 1495.103 1496.36
1400.0 1400.0 1400.0 1400.0 1400.0 1402.194 1406.434 1410.674 1414.913 1419.153 1430.684 1442.891 1455.099 1467.306 1477.222 1482.102 1486.982 1491.863 1496.743 1498.414 1498.776 1499.139 1499.501 1499.828 1499.867 1499.905 1499.943 1499.981 1500.0 1500.0 1500.0 1500.0 1500.0 1500.0 1500.0 1500.0 1500.0 1500.0 1500.0 1500.0 1500.0 1500.0 1500.0 1500.0 1500.0 1500.0 1499.999 1499.989 1499.979 1499.969 1499.958 1499.683 1499.134 1498.585 1498.037 1497.488 1496.762 1496.014 1495.266 1494.517 1494.283 1495.317 1496.351 1497.385
1400.0 1400.0 1400.0 1400.0 1400.0 1401.759 1405.158 1408.558 1411.957 1415.356 1426.743 1438.871 1451.0 1463.127 1473.226 1478.864 1484.502 1490.14 1495.778 1497.758 1498.247 1498.735 1499.223 1499.665 1499.726 1499.786 1499.846 1499.906 1499.942 1499.954 1499.966 1499.978 1499.989 1499.992 1499.994 1499.996 1499.999 1500.0 1500.0 1500.0 1500.0 1500.0 1500.0 1500.0 1500.0 1500.0 1500.0 1500.0 1500.0 1500.0 1500.0 1499.81 1499.426 1499.041 1498.656 1498.272 1497.738 1497.186 1496.634 1496.082 1495.925 1496.741 1497.557 1498.374
1400.0 1400.0 1400.0 1400.0 1400.0 1401.419 1404.16 1406.902 1409.643 1412.385 1422.371 1433.03 1443.688 1454.347 1463.703 1470.195 1476.687 1483.179 1489.671 1492.381 1493.548 1494.715 1495.883 1496.96 1497.297 1497.633 1497.969 1498.305 1498.614 1498.896 1499.179 1499.461 1499.743 1499.816 1499.865 1499.915 1499.965 1500.0 1500.0 1500.0 1500.0 1500.0 1500.0 1500.0 1500.0 1500.0 1500.0 1500.0 1500.0 1500.0 1500.0 1499.829 1499.481 1499.134 1498.786 1498.438 1497.975 1497.497 1497.019 1496.542 1496.408 1497.124 1497.839 1498.555
1400.0 1400.0 1400.0 1400.0 1400.0 1401.078 1403.162 1405.246 1407.33 1409.413 1417.999 1427.188 1436.377 1445.566 1454.179 1461.525 1468.871 1476.217 1483.563 1487.003 1488.85 1490.696 1492.542 1494.255 1494.868 1495.48 1496.092 1496.704 1497.286 1497.839 1498.392 1498.944 1499.497 1499.639 1499.737 1499.834 1499.932 1500.0 1500.0 1500.0 1500.0 1500.0 1500.0 1500.0 1500.0 1500.0 1500.0 1500.0 1500.0 1500.0 1500.0 1499.847 1499.536 1499.226 1498.916 1498.605 1498.212 1497.809 1497.405 1497.002 1496.892 1497.507 1498.121 1498.736
1400.0 1400.0 1400.0 1400.0 1400.0 1400.738 1402.164 1403.59 1405.016 1406.442 1413.627 1421.347 1429.066 1436.786 1444.655 1452.856 1461.056 1469.256 1477.456 1481.626 1484.151 1486.677 1489.202 1491.551 1492.439 1493.327 1494.214 1495.102 1495.958 1496.781 1497.604 1498.428 1499.251 1499.462 1499.608 1499.753 1499.898 1500.0 1500.0 1500.0 1500.0 1500.0 1500.0 1500.0 1500.0 1500.0 1500.0 1500.0 1500.0 1500.0 1500.0 1499.865 1499.592 1499.319 1499.045 1498.772 1498.449 1498.12 1497.791 1497.461 1497.375 1497.89 1498.404 1498.918
1400.0 1400.0 1400.0 1400.0 1400.0 1400.398 1401.166 1401.934 1402.702 1403.47 1409.255 1415.505 1421.755 1428.005 1435.132 1444.186 1453.24 1462.295 1471.349 1476.248 1479.453 1482.657 1485.861 1488.846 1490.01 1491.173 1492.337 1493.501 1494.63 1495.723 1496.817 1497.911 1499.005 1499.286 1499.479 1499.672 1499.865 1500.0 1500.0 1500.0 1500.0 1500.0 1500.0 1500.0 1500.0 1500.0 1500.0 1500.0 1500.0 1500.0 1500.0 1499.884 1499.647 1499.411 1499.175 1498.939 1498.686 1498.431 1498.176 1497.921 1497.859 1498.272 1498.686 1499.099
1401.703 1401.46 1401.217 1400.974 1400.731 1400.748 1401.007 1401.267 1401.526 1401.785 1406.364 1411.343 1416.322 1421.301 1427.48 1436.296 1445.112 1453.927 1462.743 1467.751 1471.206 1474.661 1478.115 1481.41 1483.38 1485.35 1487.321 1489.291 1491.173 1492.969 1494.765 1496.561 1498.357 1498.819 1499.138 1499.458 1499.777 1500.0 1500.0 1500.0 1500.0 1500.0 1500.0 1500.0 1500.0 1500.0 1500.0 1500.0 1500.0 1500.0 1500.0 1499.893 1499.676 1499.458 1499.241 1499.024 1498.827 1498.634 1498.44 1498.246 1498.207 1498.551 1498.895 1499.239
1405.16 1404.423 1403.687 1402.95 1402.214 1401.809 1401.713 1401.617 1401.521 1401.425 1404.997 1408.91 1412.823 1416.736 1421.755 1429.208 1436.66 1444.113 1451.565 1456.042 1459.306 1462.57 1465.834 1469.104 1472.427 1475.75 1479.073 1482.396 1485.527 1488.468 1491.41 1494.352 1497.293 1498.054 1498.58 1499.106 1499.632 1500.0 1500.0 1500.0 1500.0 1500.0 1500.0 1500.0 1500.0 1500.0 1500.0 1500.0 1500.0 1500.0 1500.0 1499.893 1499.676 1499.458 1499.241 1499.024 1498.87 1498.724 1498.578 1498.432 1498.417 1498.723 1499.03 1499.337
1408.616 1407.387 1406.157 1404.927 1403.697 1402.87 1402.419 1401.967 1401.516 1401.064 1403.631 1406.477 1409.324 1412.17 1416.031 1422.12 1428.209 1434.298 1440.387 1444.334 1447.406 1450.479 1453.552 1456.797 1461.474 1466.15 1470.825 1475.501 1479.88 1483.967 1488.055 1492.142 1496.23 1497.288 1498.021 1498.754 1499.487 1500.0 1500.0 1500.0 1500.0 1500.0 1500.0 1500.0 1500.0 1500.0 1500.0 1500.0 1500.0 1500.0 1500.0 1499.893 1499.676 1499.458 1499.241 1499.024 1498.912 1498.814 1498.716 1498.618 1498.625 1498.895 1499.165 1499.434
1412.073 1410.35 1408.627 1406.904 1405.18 1403.932 1403.125 1402.318 1401.511 1400.704 1402.265 1404.045 1405.825 1407.605 1410.306 1415.032 1419.757 1424.483 1429.209 1432.625 1435.507 1438.389 1441.27 1444.491 1450.52 1456.549 1462.578 1468.607 1474.233 1479.467 1484.7 1489.933 1495.166 1496.523 1497.463 1498.403 1499.343 1500.0 1500.0 1500.0 1500.0 1500.0 1500.0 1500.0 1500.0 1500.0 1500.0 1500.0 1500.0 1500.0 1500.0 1499.893 1499.676 1499.458 1499.241 1499.024 1498.955 1498.905 1498.854 1498.803 1498.835 1499.067 1499.299 1499.532
1415.53 1413.313 1411.097 1408.88 1406.664 1404.993 1403.83 1402.668 1401.506 1400.344 1400.898 1401.612 1402.326 1403.039 1404.581 1407.944 1411.306 1414.669 1418.031 1420.916 1423.607 1426.298 1428.989 1432.185 1439.567 1446.948 1454.33 1461.712 1468.587 1474.966 1481.345 1487.724 1494.103 1495.757 1496.904 1498.051 1499.198 1500.0 1500.0 1500.0 1500.0 1500.0 1500.0 1500.0 1500.0 1500.0 1500.0 1500.0 1500.0 1500.0 1500.0 1499.893 1499.676 1499.458 1499.241 1499.024 1498.998 1498.995 1498.992 1498.989 1499.044 1499.239 1499.434 1499.63
1421.793 1419.473 1417.153 1414.833 1412.513 1410.422 1408.545 1406.667 1404.79 1402.912 1402.741 1402.728 1402.715 1402.703 1403.498 1406.072 1408.646 1411.22 1413.793 1416.198 1418.532 1420.867 1423.202 1426.097 1433.627 1441.157 1448.687 1456.217 1463.55 1470.69 1477.83 1484.971 1492.111 1494.175 1495.693 1497.212 1498.731 1499.807 1499.851 1499.896 1499.941 1499.986 1500.0 1500.0 1500.0 1500.0 1500.0 1500.0 1500.0 1500.0 1500.0 1499.898 1499.69 1499.483 1499.276 1499.069 1499.037 1499.027 1499.017 1499.007 1499.066 1499.294 1499.522 1499.75
1428.23 1425.83 1423.431 1421.031 1418.631 1416.12 1413.505 1410.891 1408.276 1405.661 1404.781 1404.063 1403.344 1402.626 1402.701 1404.522 1406.342 1408.162 1409.983 1411.909 1413.877 1415.846 1417.815 1420.391 1427.996 1435.6 1443.204 1450.809 1458.551 1466.429 1474.306 1482.184 1490.061 1492.542 1494.443 1496.343 1498.244 1499.601 1499.694 1499.786 1499.879 1499.972 1500.0 1500.0 1500.0 1500.0 1500.0 1500.0 1500.0 1500.0 1500.0 1499.903 1499.706 1499.51 1499.313 1499.116 1499.077 1499.056 1499.035 1499.015 1499.077 1499.342 1499.607 1499.872
1434.667 1432.187 1429.708 1427.229 1424.75 1421.819 1418.466 1415.114 1411.762 1408.409 1406.822 1405.397 1403.973 1402.549 1401.904 1402.971 1404.038 1405.105 1406.172 1407.62 1409.222 1410.825 1412.428 1414.686 1422.364 1430.043 1437.721 1445.4 1453.552 1462.167 1470.782 1479.397 1488.012 1490.909 1493.192 1495.474 1497.757 1499.396 1499.536 1499.677 1499.817 1499.958 1500.0 1500.0 1500.0 1500.0 1500.0 1500.0 1500.0 1500.0 1500.0 1499.908 1499.722 1499.536 1499.35 1499.164 1499.116 1499.085 1499.053 1499.022 1499.087 1499.39 1499.692 1499.994
1441.103 1438.544 1435.986 1433.427 1430.868 1427.517 1423.427 1419.338 1415.248 1411.158 1408.862 1406.732 1404.602 1402.473 1401.107 1401.42 1401.734 1402.048 1402.361 1403.331 1404.567 1405.804 1407.041 1408.98 1416.733 1424.486 1432.239 1439.992 1448.553 1457.905 1467.258 1476.61 1485.963 1489.276 1491.941 1494.605 1497.27 1499.19 1499.378 1499.567 1499.755 1499.943 1500.0 1500.0 1500.0 1500.0 1500.0 1500.0 1500.0 1500.0 1500.0 1499.913 1499.738 1499.563 1499.387 1499.212 1499.155 1499.113 1499.072 1499.03 1499.098 1499.437 1499.777 1500.116
1447.382 1445.105 1442.828 1440.551 1438.274 1434.838 1430.322 1425.807 1421.291 1416.775 1413.544 1410.433 1407.321 1404.21 1401.948 1401.554 1401.16 1400.766 1400.372 1400.876 1401.747 1402.618 1403.488 1405.069 1412.527 1419.984 1427.442 1434.9 1443.582 1453.462 1463.342 1473.222 1483.102 1486.925 1490.096 1493.267 1496.438 1498.744 1499.036 1499.328 1499.62 1499.912 1500.0 1500.0 1500.0 1500.0 1500.0 1500.0 1500.0 1500.0 1500.0 1499.924 1499.769 1499.615 1499.46 1499.306 1499.25 1499.206 1499.161 1499.117 1499.189 1499.545 1499.9 1500.256
1453.417 1451.983 1450.549 1449.115 1447.682 1444.683 1440.226 1435.769 1431.311 1426.854 1422.337 1417.814 1413.291 1408.769 1405.338 1404.307 1403.277 1402.246 1401.216 1401.276 1401.78 1402.285 1402.789 1403.95 1410.537 1417.125 1423.713 1430.3 1438.654 1448.736 1458.818 1468.899 1478.981 1483.455 1487.326 1491.198 1495.069 1497.922 1498.405 1498.888 1499.371 1499.854 1500.0 1500.0 1500.0 1500.0 1500.0 1500.0 1500.0 1500.0 1500.0 1499.942 1499.825 1499.708 1499.59 1499.473 1499.43 1499.397 1499.363 1499.33 1499.404 1499.744 1500.084 1500.424
1459.451 1458.86 1458.27 1457.68 1457.09 1454.529 1450.13 1445.731 1441.332 1436.933 1431.129 1425.195 1419.261 1413.328 1408.728 1407.061 1405.394 1403.727 1402.059 1401.675 1401.813 1401.952 1402.091 1402.831 1408.548 1414.266 1419.983 1425.701 1433.726 1444.01 1454.293 1464.576 1474.86 1479.985 1484.557 1489.129 1493.7 1497.1 1497.774 1498.448 1499.123 1499.797 1500.0 1500.0 1500.0 1500.0 1500.0 1500.0 1500.0 1500.0 1500.0 1499.96 1499.88 1499.8 1499.72 1499.64 1499.611 1499.588 1499.565 1499.542 1499.619 1499.943 1500.267 1500.591
