data/zism_data/00300_01_D.txt
ncols         224
nrows         224
[rows 112 to 139 of 224, columns 64 to 127 of 224]
1549.0 1549.0 1549.0 1549.609 1551.822 1554.034 1556.246 1558.458 1562.927 1568.253 1573.578 1578.904 1583.894 1587.287 1590.68 1594.073 1597.467 1598.851 1599.021 1599.19 1599.36 1599.488 1599.081 1598.675 1598.268 1597.862 1596.737 1594.953 1593.17 1591.387 1589.603 1587.801 1585.998 1584.196 1582.393 1580.798 1579.489 1578.18 1576.871 1575.562 1574.857 1574.241 1573.626 1573.011 1572.526 1572.32 1572.114 1571.907 1571.701 1571.08 1570.334 1569.588 1568.842 1568.006 1566.849 1565.691 1564.533 1563.375 1561.786 1559.98 1558.174 1556.368 1554.712 1554.2
1549.586 1549.722 1549.858 1550.549 1552.701 1554.853 1557.005 1559.157 1563.451 1568.559 1573.667 1578.775 1583.594 1587.036 1590.479 1593.922 1597.365 1598.82 1599.074 1599.327 1599.58 1599.794 1599.502 1599.209 1598.917 1598.625 1597.711 1596.229 1594.747 1593.265 1591.783 1590.181 1588.575 1586.97 1585.364 1583.833 1582.404 1580.975 1579.546 1578.116 1577.246 1576.459 1575.673 1574.886 1574.213 1573.784 1573.355 1572.925 1572.496 1571.718 1570.833 1569.949 1569.065 1568.096 1566.817 1565.538 1564.259 1562.98 1561.303 1559.427 1557.551 1555.675 1553.952 1553.394
1550.349 1550.662 1550.975 1551.778 1553.871 1555.964 1558.057 1560.15 1564.179 1568.944 1573.708 1578.473 1583.013 1586.488 1589.963 1593.438 1596.913 1598.448 1598.808 1599.169 1599.53 1599.848 1599.62 1599.391 1599.164 1598.936 1598.224 1597.069 1595.914 1594.759 1593.604 1592.205 1590.798 1589.391 1587.984 1586.534 1585.024 1583.515 1582.005 1580.495 1579.498 1578.577 1577.656 1576.735 1575.905 1575.266 1574.628 1573.989 1573.35 1572.445 1571.459 1570.473 1569.487 1568.414 1567.028 1565.642 1564.256 1562.87 1561.139 1559.236 1557.333 1555.43 1553.676 1553.059
1551.112 1551.602 1552.092 1553.007 1555.041 1557.075 1559.109 1561.143 1564.907 1569.328 1573.75 1578.171 1582.433 1585.94 1589.447 1592.955 1596.462 1598.075 1598.543 1599.011 1599.479 1599.901 1599.737 1599.574 1599.41 1599.247 1598.737 1597.909 1597.081 1596.254 1595.426 1594.229 1593.021 1591.812 1590.604 1589.235 1587.645 1586.055 1584.464 1582.874 1581.75 1580.695 1579.64 1578.585 1577.596 1576.748 1575.9 1575.053 1574.205 1573.172 1572.085 1570.997 1569.909 1568.733 1567.239 1565.746 1564.252 1562.759 1560.975 1559.045 1557.115 1555.185 1553.401 1552.724
1551.875 1552.542 1553.209 1554.236 1556.211 1558.186 1560.161 1562.136 1565.635 1569.713 1573.791 1577.868 1581.853 1585.392 1588.931 1592.471 1596.01 1597.702 1598.278 1598.853 1599.428 1599.955 1599.855 1599.756 1599.657 1599.558 1599.249 1598.749 1598.249 1597.748 1597.248 1596.253 1595.243 1594.233 1593.223 1591.936 1590.265 1588.594 1586.924 1585.253 1584.001 1582.812 1581.623 1580.434 1579.287 1578.23 1577.173 1576.116 1575.059 1573.9 1572.71 1571.52 1570.33 1569.051 1567.45 1565.85 1564.249 1562.648 1560.81 1558.854 1556.897 1554.94 1553.125 1552.39
1552.832 1553.739 1554.646 1555.848 1557.825 1559.801 1561.778 1563.755 1567.001 1570.729 1574.458 1578.187 1581.872 1585.35 1588.828 1592.307 1595.785 1597.493 1598.131 1598.77 1599.408 1599.997 1599.95 1599.904 1599.857 1599.811 1599.667 1599.435 1599.202 1598.97 1598.737 1597.927 1597.099 1596.271 1595.444 1594.238 1592.51 1590.782 1589.054 1587.327 1585.954 1584.634 1583.314 1581.995 1580.7 1579.461 1578.222 1576.982 1575.743 1574.478 1573.206 1571.934 1570.662 1569.3 1567.616 1565.931 1564.246 1562.562 1560.698 1558.745 1556.792 1554.838 1553.019 1552.215
1554.49 1555.864 1557.238 1558.839 1561.035 1563.232 1565.428 1567.625 1570.664 1574.022 1577.38 1580.739 1584.049 1587.13 1590.211 1593.293 1596.374 1597.873 1598.414 1598.956 1599.498 1599.997 1599.962 1599.926 1599.89 1599.854 1599.744 1599.565 1599.386 1599.207 1599.029 1598.339 1597.635 1596.931 1596.227 1595.104 1593.402 1591.702 1590.001 1588.3 1586.828 1585.39 1583.952 1582.514 1581.113 1579.787 1578.462 1577.137 1575.811 1574.519 1573.236 1571.953 1570.67 1569.3 1567.616 1565.931 1564.246 1562.562 1560.773 1558.932 1557.092 1555.252 1553.519 1552.614
1556.148 1557.989 1559.83 1561.829 1564.246 1566.662 1569.079 1571.495 1574.326 1577.314 1580.302 1583.291 1586.226 1588.91 1591.594 1594.279 1596.963 1598.252 1598.697 1599.142 1599.587 1599.998 1599.973 1599.948 1599.923 1599.898 1599.821 1599.696 1599.57 1599.445 1599.32 1598.752 1598.171 1597.591 1597.01 1595.969 1594.295 1592.621 1590.947 1589.273 1587.702 1586.146 1584.59 1583.034 1581.525 1580.114 1578.702 1577.291 1575.88 1574.559 1573.266 1571.972 1570.679 1569.3 1567.616 1565.931 1564.246 1562.562 1560.848 1559.12 1557.392 1555.665 1554.02 1553.013
1557.806 1560.114 1562.421 1564.82 1567.456 1570.093 1572.729 1575.366 1577.989 1580.607 1583.225 1585.843 1588.403 1590.69 1592.978 1595.265 1597.552 1598.631 1598.98 1599.328 1599.677 1599.999 1599.985 1599.97 1599.956 1599.942 1599.898 1599.826 1599.755 1599.683 1599.611 1599.165 1598.708 1598.25 1597.793 1596.835 1595.188 1593.54 1591.893 1590.246 1588.576 1586.902 1585.228 1583.554 1581.937 1580.44 1578.943 1577.446 1575.949 1574.6 1573.296 1571.991 1570.687 1569.3 1567.616 1565.931 1564.246 1562.562 1560.923 1559.308 1557.693 1556.078 1554.521 1553.412
1559.464 1562.239 1565.013 1567.81 1570.667 1573.523 1576.38 1579.236 1581.651 1583.899 1586.147 1588.395 1590.58 1592.47 1594.361 1596.251 1598.141 1599.01 1599.262 1599.514 1599.766 1600.0 1599.996 1599.993 1599.989 1599.985 1599.974 1599.957 1599.939 1599.921 1599.903 1599.578 1599.244 1598.91 1598.576 1597.701 1596.08 1594.46 1592.839 1591.219 1589.449 1587.658 1585.866 1584.074 1582.349 1580.766 1579.183 1577.6 1576.018 1574.641 1573.326 1572.011 1570.696 1569.3 1567.616 1565.931 1564.246 1562.562 1560.998 1559.496 1557.993 1556.491 1555.022 1553.811
1560.194 1563.274 1566.354 1569.452 1572.596 1575.741 1578.885 1582.03 1584.378 1586.424 1588.469 1590.515 1592.47 1593.995 1595.521 1597.046 1598.572 1599.263 1599.451 1599.638 1599.826 1600.0 1599.992 1599.985 1599.978 1599.971 1599.96 1599.946 1599.931 1599.917 1599.903 1599.538 1599.163 1598.787 1598.412 1597.513 1595.891 1594.268 1592.646 1591.024 1589.226 1587.402 1585.578 1583.754 1581.983 1580.325 1578.667 1577.009 1575.351 1573.957 1572.642 1571.327 1570.012 1568.633 1567.023 1565.414 1563.804 1562.195 1560.713 1559.294 1557.876 1556.457 1555.063 1553.854
1560.459 1563.764 1567.07 1570.419 1573.886 1577.352 1580.819 1584.285 1586.636 1588.564 1590.491 1592.419 1594.216 1595.393 1596.569 1597.746 1598.923 1599.453 1599.592 1599.732 1599.871 1599.999 1599.981 1599.963 1599.945 1599.927 1599.9 1599.864 1599.828 1599.793 1599.757 1599.272 1598.773 1598.274 1597.776 1596.798 1595.16 1593.521 1591.883 1590.245 1588.454 1586.641 1584.828 1583.014 1581.228 1579.501 1577.773 1576.045 1574.318 1572.911 1571.602 1570.292 1568.982 1567.632 1566.135 1564.638 1563.141 1561.644 1560.246 1558.898 1557.549 1556.2 1554.874 1553.718
1560.724 1564.255 1567.785 1571.387 1575.175 1578.964 1582.752 1586.54 1588.895 1590.704 1592.514 1594.323 1595.962 1596.79 1597.618 1598.446 1599.274 1599.643 1599.734 1599.825 1599.916 1599.998 1599.969 1599.941 1599.912 1599.883 1599.84 1599.783 1599.725 1599.668 1599.611 1599.005 1598.383 1597.761 1597.139 1596.083 1594.429 1592.774 1591.12 1589.465 1587.682 1585.88 1584.077 1582.275 1580.474 1578.676 1576.879 1575.081 1573.284 1571.865 1570.561 1569.257 1567.953 1566.631 1565.247 1563.863 1562.478 1561.094 1559.78 1558.501 1557.222 1555.943 1554.685 1553.583
1560.989 1564.745 1568.501 1572.355 1576.465 1580.575 1584.685 1588.796 1591.153 1592.845 1594.536 1596.228 1597.708 1598.188 1598.667 1599.146 1599.625 1599.832 1599.875 1599.918 1599.96 1599.997 1599.958 1599.918 1599.879 1599.84 1599.78 1599.701 1599.623 1599.544 1599.465 1598.739 1597.994 1597.248 1596.503 1595.369 1593.698 1592.027 1590.357 1588.686 1586.91 1585.119 1583.327 1581.535 1579.719 1577.852 1575.985 1574.118 1572.25 1570.82 1569.521 1568.222 1566.923 1565.63 1564.359 1563.087 1561.815 1560.544 1559.314 1558.105 1556.896 1555.686 1554.496 1553.447
1561.371 1565.281 1569.192 1573.236 1577.63 1582.025 1586.42 1590.815 1593.174 1594.76 1596.346 1597.932 1599.271 1599.438 1599.604 1599.771 1599.937 1600.0 1600.0 1600.0 1600.0 1599.996 1599.947 1599.897 1599.848 1599.799 1599.717 1599.607 1599.497 1599.387 1599.277 1598.428 1597.557 1596.685 1595.814 1594.599 1592.911 1591.222 1589.534 1587.845 1586.07 1584.282 1582.494 1580.706 1578.872 1576.938 1575.004 1573.071 1571.137 1569.701 1568.417 1567.132 1565.847 1564.589 1563.425 1562.262 1561.099 1559.936 1558.788 1557.649 1556.509 1555.37 1554.248 1553.262
1562.643 1566.167 1569.691 1573.455 1577.85 1582.245 1586.64 1591.035 1593.386 1594.961 1596.536 1598.112 1599.435 1599.564 1599.693 1599.822 1599.951 1600.0 1600.0 1600.0 1600.0 1599.996 1599.941 1599.886 1599.832 1599.777 1599.637 1599.42 1599.202 1598.985 1598.767 1597.774 1596.758 1595.742 1594.726 1593.414 1591.693 1589.972 1588.251 1586.531 1584.71 1582.873 1581.037 1579.201 1577.32 1575.343 1573.366 1571.39 1569.413 1568.03 1566.825 1565.621 1564.417 1563.238 1562.149 1561.061 1559.973 1558.885 1557.809 1556.74 1555.67 1554.6 1553.555 1552.698
1563.915 1567.053 1570.191 1573.675 1578.07 1582.465 1586.86 1591.254 1593.598 1595.163 1596.727 1598.292 1599.6 1599.691 1599.783 1599.874 1599.966 1600.0 1600.0 1600.0 1600.0 1599.996 1599.935 1599.875 1599.815 1599.755 1599.557 1599.232 1598.907 1598.583 1598.258 1597.121 1595.96 1594.799 1593.638 1592.228 1590.475 1588.722 1586.969 1585.216 1583.349 1581.465 1579.58 1577.696 1575.768 1573.748 1571.729 1569.709 1567.689 1566.358 1565.234 1564.11 1562.986 1561.886 1560.874 1559.86 1558.848 1557.834 1556.83 1555.83 1554.83 1553.83 1552.862 1552.133
1565.188 1567.939 1570.691 1573.895 1578.29 1582.685 1587.079 1591.474 1593.81 1595.364 1596.918 1598.471 1599.764 1599.818 1599.872 1599.926 1599.98 1600.0 1600.0 1600.0 1600.0 1599.995 1599.93 1599.864 1599.799 1599.733 1599.476 1599.044 1598.612 1598.18 1597.748 1596.468 1595.162 1593.856 1592.55 1591.042 1589.257 1587.472 1585.687 1583.902 1581.989 1580.056 1578.123 1576.19 1574.216 1572.153 1570.091 1568.028 1565.966 1564.686 1563.643 1562.599 1561.556 1560.535 1559.598 1558.66 1557.722 1556.784 1555.851 1554.921 1553.991 1553.061 1552.169 1551.569
1566.46 1568.825 1571.191 1574.115 1578.51 1582.904 1587.299 1591.694 1594.022 1595.565 1597.108 1598.651 1599.928 1599.945 1599.961 1599.978 1599.994 1600.0 1600.0 1600.0 1600.0 1599.995 1599.924 1599.853 1599.782 1599.711 1599.396 1598.857 1598.317 1597.778 1597.239 1595.814 1594.363 1592.913 1591.462 1589.857 1588.04 1586.222 1584.405 1582.588 1580.628 1578.647 1576.666 1574.685 1572.664 1570.558 1568.453 1566.348 1564.242 1563.014 1562.051 1561.088 1560.125 1559.184 1558.322 1557.459 1556.596 1555.733 1554.872 1554.012 1553.151 1552.291 1551.476 1551.004
1568.775 1570.599 1572.423 1574.905 1579.118 1583.331 1587.544 1591.757 1594.025 1595.554 1597.083 1598.613 1599.876 1599.876 1599.876 1599.876 1599.876 1599.876 1599.876 1599.876 1599.876 1599.872 1599.827 1599.781 1599.735 1599.689 1599.375 1598.816 1598.258 1597.699 1597.14 1595.598 1594.027 1592.456 1590.884 1589.184 1587.308 1585.431 1583.554 1581.677 1579.647 1577.593 1575.539 1573.486 1571.398 1569.237 1567.077 1564.916 1562.756 1561.505 1560.528 1559.552 1558.576 1557.647 1556.893 1556.139 1555.385 1554.63 1553.876 1553.122 1552.367 1551.613 1550.9 1550.5
1571.891 1573.055 1574.22 1576.135 1580.026 1583.917 1587.808 1591.699 1593.867 1595.38 1596.893 1598.406 1599.656 1599.656 1599.656 1599.656 1599.656 1599.656 1599.656 1599.656 1599.656 1599.656 1599.659 1599.661 1599.663 1599.666 1599.4 1598.89 1598.38 1597.869 1597.359 1595.719 1594.046 1592.372 1590.699 1588.906 1586.949 1584.992 1583.035 1581.077 1578.957 1576.812 1574.667 1572.522 1570.352 1568.127 1565.902 1563.677 1561.452 1560.12 1559.058 1557.996 1556.934 1555.968 1555.347 1554.727 1554.107 1553.487 1552.867 1552.247 1551.626 1551.006 1550.415 1550.042
1575.007 1575.512 1576.017 1577.365 1580.934 1584.503 1588.072 1591.641 1593.709 1595.206 1596.703 1598.2 1599.436 1599.436 1599.436 1599.436 1599.436 1599.436 1599.436 1599.436 1599.436 1599.44 1599.491 1599.541 1599.592 1599.642 1599.426 1598.963 1598.501 1598.039 1597.577 1595.84 1594.065 1592.289 1590.514 1588.629 1586.591 1584.553 1582.515 1580.478 1578.267 1576.031 1573.795 1571.559 1569.306 1567.017 1564.727 1562.438 1560.149 1558.736 1557.588 1556.44 1555.292 1554.288 1553.802 1553.316 1552.829 1552.344 1551.857 1551.371 1550.885 1550.399 1549.929 1549.583
1578.124 1577.969 1577.813 1578.595 1581.842 1585.089 1588.336 1591.583 1593.551 1595.031 1596.512 1597.993 1599.217 1599.217 1599.217 1599.217 1599.217 1599.217 1599.217 1599.217 1599.217 1599.224 1599.323 1599.422 1599.52 1599.619 1599.451 1599.037 1598.623 1598.209 1597.795 1595.961 1594.083 1592.206 1590.329 1588.351 1586.232 1584.114 1581.996 1579.878 1577.578 1575.25 1572.923 1570.596 1568.26 1565.906 1563.553 1561.199 1558.845 1557.352 1556.118 1554.884 1553.65 1552.608 1552.256 1551.904 1551.552 1551.2 1550.848 1550.496 1550.144 1549.792 1549.444 1549.125
1581.226 1580.423 1579.619 1579.842 1582.765 1585.688 1588.612 1591.535 1593.399 1594.862 1596.324 1597.787 1598.995 1598.995 1598.996 1598.997 1598.998 1598.998 1598.998 1598.998 1598.998 1599.008 1599.155 1599.301 1599.448 1599.594 1599.472 1599.104 1598.735 1598.367 1597.999 1596.069 1594.092 1592.115 1590.137 1588.068 1585.872 1583.675 1581.479 1579.282 1576.894 1574.477 1572.061 1569.644 1567.227 1564.811 1562.394 1559.977 1557.56 1555.987 1554.668 1553.349 1552.03 1550.95 1550.73 1550.51 1550.29 1550.07 1549.851 1549.631 1549.412 1549.193 1548.965 1548.672
1583.381 1582.727 1582.074 1582.279 1584.74 1587.202 1589.664 1592.126 1593.731 1595.011 1596.291 1597.571 1598.637 1598.686 1598.735 1598.784 1598.833 1598.851 1598.851 1598.851 1598.851 1598.861 1598.997 1599.132 1599.268 1599.404 1599.206 1598.704 1598.202 1597.699 1597.197 1595.305 1593.37 1591.436 1589.502 1587.487 1585.36 1583.234 1581.107 1578.98 1576.629 1574.245 1571.86 1569.476 1567.089 1564.699 1562.309 1559.92 1557.53 1555.942 1554.596 1553.25 1551.905 1550.8 1550.564 1550.328 1550.092 1549.856 1549.649 1549.456 1549.264 1549.071 1548.871 1548.61
1585.535 1585.032 1584.529 1584.715 1586.716 1588.716 1590.716 1592.717 1594.063 1595.161 1596.258 1597.356 1598.279 1598.376 1598.474 1598.571 1598.668 1598.705 1598.705 1598.705 1598.705 1598.714 1598.839 1598.964 1599.089 1599.213 1598.941 1598.305 1597.668 1597.032 1596.395 1594.541 1592.649 1590.758 1588.867 1586.906 1584.849 1582.792 1580.735 1578.678 1576.364 1574.012 1571.66 1569.307 1566.951 1564.588 1562.225 1559.862 1557.499 1555.897 1554.524 1553.152 1551.779 1550.65 1550.398 1550.146 1549.894 1549.641 1549.447 1549.281 1549.115 1548.95 1548.777 1548.549
1587.689 1587.337 1586.984 1587.152 1588.691 1590.23 1591.769 1593.308 1594.395 1595.31 1596.225 1597.14 1597.921 1598.067 1598.212 1598.358 1598.504 1598.558 1598.558 1598.558 1598.558 1598.567 1598.681 1598.795 1598.909 1599.023 1598.676 1597.905 1597.135 1596.364 1595.594 1593.776 1591.928 1590.08 1588.232 1586.325 1584.338 1582.35 1580.363 1578.376 1576.099 1573.779 1571.459 1569.139 1566.813 1564.477 1562.141 1559.805 1557.468 1555.852 1554.452 1553.053 1551.654 1550.5 1550.232 1549.964 1549.695 1549.427 1549.245 1549.106 1548.967 1548.828 1548.683 1548.487
1589.844 1589.641 1589.438 1589.588 1590.666 1591.744 1592.821 1593.899 1594.726 1595.459 1596.192 1596.924 1597.563 1597.757 1597.951 1598.145 1598.339 1598.412 1598.412 1598.412 1598.412 1598.419 1598.523 1598.626 1598.73 1598.833 1598.41 1597.506 1596.601 1595.696 1594.792 1593.013 1591.207 1589.402 1587.596 1585.744 1583.826 1581.909 1579.991 1578.074 1575.834 1573.546 1571.258 1568.97 1566.676 1564.366 1562.057 1559.747 1557.438 1555.807 1554.38 1552.954 1551.528 1550.35 1550.066 1549.781 1549.497 1549.213 1549.043 1548.931 1548.819 1548.707 1548.589 1548.425
