data/zism_data/00303_01_D.txt
ncols         224
nrows         224
[rows 196 to 223 of 224, columns 63 to 125 of 224]
4715.177 4718.027 4720.877 4723.727 4726.576 4728.967 4731.219 4733.471 4735.723 4737.509 4737.75 4737.991 4738.231 4738.473 4737.586 4736.208 4734.829 4733.45 4732.18 4731.483 4730.786 4730.089 4729.392 4729.297 4729.564 4729.833 4730.101 4730.383 4730.826 4731.268 4731.71 4732.152 4732.679 4733.274 4733.87 4734.465 4735.064 4735.896 4736.726 4737.557 4738.388 4740.548 4744.158 4747.768 4751.378 4754.988 4758.288 4761.567 4764.847 4768.127 4771.232 4774.08 4776.928 4779.776 4782.624 4782.109 4781.09 4780.071 4779.052 4777.335 4774.221 4771.107 4767.994
4711.806 4714.6 4717.395 4720.189 4722.983 4725.475 4727.875 4730.276 4732.676 4734.62 4735.049 4735.478 4735.907 4736.336 4735.734 4734.682 4733.63 4732.578 4731.637 4731.282 4730.927 4730.572 4730.217 4730.399 4730.905 4731.412 4731.918 4732.433 4733.037 4733.642 4734.246 4734.851 4735.557 4736.346 4737.135 4737.924 4738.716 4739.655 4740.595 4741.535 4742.475 4744.617 4748.071 4751.525 4754.979 4758.433 4761.697 4764.949 4768.201 4771.454 4774.519 4777.309 4780.1 4782.89 4785.681 4785.176 4784.178 4783.179 4782.18 4780.471 4777.339 4774.208 4771.076
4708.856 4711.549 4714.242 4716.935 4719.627 4722.148 4724.619 4727.089 4729.559 4731.6 4732.222 4732.844 4733.466 4734.088 4733.814 4733.148 4732.482 4731.815 4731.252 4731.229 4731.207 4731.185 4731.162 4731.592 4732.297 4733.002 4733.707 4734.414 4735.147 4735.88 4736.613 4737.346 4738.21 4739.182 4740.153 4741.125 4742.099 4743.226 4744.353 4745.48 4746.608 4748.748 4751.993 4755.238 4758.483 4761.728 4765.005 4768.284 4771.563 4774.842 4777.879 4780.563 4783.246 4785.929 4788.613 4788.132 4787.176 4786.22 4785.265 4783.562 4780.366 4777.17 4773.975
4705.908 4708.499 4711.089 4713.68 4716.271 4718.822 4721.362 4723.901 4726.441 4728.581 4729.396 4730.211 4731.026 4731.841 4731.895 4731.614 4731.334 4731.054 4730.867 4731.177 4731.487 4731.797 4732.106 4732.786 4733.689 4734.592 4735.495 4736.395 4737.256 4738.118 4738.98 4739.842 4740.864 4742.018 4743.171 4744.325 4745.481 4746.796 4748.111 4749.426 4750.741 4752.879 4755.915 4758.951 4761.987 4765.023 4768.313 4771.619 4774.925 4778.23 4781.24 4783.816 4786.393 4788.969 4791.545 4791.087 4790.174 4789.261 4788.349 4786.653 4783.393 4780.133 4776.873
4702.958 4705.447 4707.937 4710.425 4712.914 4715.496 4718.105 4720.714 4723.324 4725.562 4726.57 4727.578 4728.586 4729.594 4729.975 4730.08 4730.186 4730.292 4730.482 4731.125 4731.767 4732.409 4733.051 4733.979 4735.081 4736.182 4737.284 4738.375 4739.366 4740.356 4741.347 4742.337 4743.518 4744.854 4746.19 4747.526 4748.864 4750.367 4751.869 4753.372 4754.875 4757.01 4759.837 4762.664 4765.491 4768.318 4771.621 4774.954 4778.286 4781.619 4784.601 4787.07 4789.539 4792.008 4794.477 4794.042 4793.172 4792.302 4791.433 4789.744 4786.42 4783.095 4779.771
4700.282 4702.65 4705.018 4707.386 4709.754 4712.353 4715.022 4717.692 4720.361 4722.693 4723.906 4725.119 4726.332 4727.544 4728.247 4728.726 4729.205 4729.684 4730.239 4731.194 4732.149 4733.105 4734.061 4735.224 4736.513 4737.802 4739.091 4740.365 4741.477 4742.589 4743.701 4744.813 4746.146 4747.658 4749.169 4750.681 4752.196 4753.876 4755.556 4757.236 4758.917 4761.054 4763.689 4766.325 4768.96 4771.596 4774.884 4778.212 4781.541 4784.869 4787.792 4790.121 4792.449 4794.778 4797.106 4796.693 4795.869 4795.045 4794.221 4792.548 4789.177 4785.807 4782.436
4699.404 4701.526 4703.647 4705.769 4707.89 4710.428 4713.092 4715.756 4718.42 4720.813 4722.311 4723.808 4725.305 4726.802 4727.792 4728.56 4729.329 4730.097 4730.925 4732.068 4733.211 4734.354 4735.498 4736.805 4738.212 4739.619 4741.026 4742.414 4743.601 4744.789 4745.976 4747.163 4748.603 4750.249 4751.894 4753.54 4755.188 4756.981 4758.774 4760.567 4762.359 4764.52 4767.08 4769.64 4772.201 4774.761 4777.848 4780.967 4784.087 4787.206 4789.859 4791.829 4793.798 4795.767 4797.737 4797.333 4796.573 4795.813 4795.053 4793.448 4790.152 4786.857 4783.562
4698.527 4700.402 4702.276 4704.151 4706.026 4708.503 4711.162 4713.82 4716.479 4718.934 4720.715 4722.496 4724.277 4726.059 4727.336 4728.395 4729.452 4730.51 4731.611 4732.942 4734.273 4735.604 4736.935 4738.386 4739.911 4741.436 4742.961 4744.463 4745.726 4746.988 4748.25 4749.512 4751.059 4752.839 4754.619 4756.399 4758.181 4760.086 4761.991 4763.897 4765.802 4767.985 4770.471 4772.956 4775.441 4777.927 4780.812 4783.723 4786.633 4789.543 4791.926 4793.536 4795.146 4796.757 4798.367 4797.972 4797.277 4796.581 4795.885 4794.348 4791.128 4787.908 4784.687
4697.649 4699.278 4700.906 4702.534 4704.163 4706.578 4709.231 4711.884 4714.538 4717.055 4719.12 4721.185 4723.25 4725.315 4726.881 4728.229 4729.576 4730.923 4732.298 4733.816 4735.334 4736.853 4738.372 4739.967 4741.61 4743.253 4744.896 4746.512 4747.85 4749.187 4750.524 4751.861 4753.516 4755.43 4757.344 4759.258 4761.173 4763.191 4765.209 4767.227 4769.245 4771.451 4773.861 4776.271 4778.682 4781.092 4783.776 4786.478 4789.179 4791.88 4793.993 4795.244 4796.495 4797.747 4798.998 4798.612 4797.98 4797.349 4796.718 4795.249 4792.103 4788.958 4785.813
4696.772 4698.154 4699.535 4700.917 4702.299 4704.653 4707.301 4709.949 4712.596 4715.175 4717.524 4719.874 4722.223 4724.573 4726.426 4728.063 4729.7 4731.336 4732.984 4734.69 4736.396 4738.103 4739.808 4741.548 4743.309 4745.07 4746.831 4748.561 4749.974 4751.386 4752.798 4754.21 4755.973 4758.021 4760.068 4762.116 4764.166 4766.296 4768.427 4770.557 4772.688 4774.917 4777.251 4779.587 4781.922 4784.257 4786.741 4789.233 4791.725 4794.217 4796.06 4796.952 4797.844 4798.736 4799.628 4799.251 4798.685 4798.117 4797.55 4796.149 4793.079 4790.008 4786.938
4696.378 4697.622 4698.866 4700.109 4701.353 4703.673 4706.319 4708.964 4711.609 4714.222 4716.726 4719.23 4721.734 4724.238 4726.265 4728.083 4729.9 4731.718 4733.541 4735.389 4737.237 4739.086 4740.934 4742.801 4744.68 4746.559 4748.438 4750.287 4751.825 4753.364 4754.902 4756.441 4758.314 4760.46 4762.605 4764.751 4766.897 4769.08 4771.263 4773.446 4775.629 4777.846 4780.101 4782.354 4784.609 4786.863 4789.071 4791.275 4793.48 4795.685 4797.264 4797.926 4798.589 4799.251 4799.914 4799.573 4799.083 4798.592 4798.102 4796.814 4793.934 4791.053 4788.172
4696.362 4697.552 4698.742 4699.932 4701.122 4703.43 4706.076 4708.721 4711.366 4713.991 4716.549 4719.106 4721.664 4724.222 4726.332 4728.246 4730.16 4732.075 4733.996 4735.951 4737.907 4739.862 4741.818 4743.799 4745.796 4747.792 4749.789 4751.76 4753.465 4755.17 4756.875 4758.579 4760.565 4762.781 4764.996 4767.211 4769.426 4771.615 4773.803 4775.991 4778.18 4780.358 4782.527 4784.695 4786.864 4789.032 4790.907 4792.763 4794.619 4796.476 4797.795 4798.329 4798.863 4799.396 4799.93 4799.648 4799.243 4798.838 4798.433 4797.296 4794.694 4792.092 4789.49
4696.346 4697.482 4698.619 4699.755 4700.891 4703.187 4705.832 4708.478 4711.123 4713.761 4716.372 4718.983 4721.594 4724.205 4726.399 4728.41 4730.42 4732.431 4734.45 4736.513 4738.576 4740.639 4742.701 4744.796 4746.911 4749.026 4751.141 4753.234 4755.105 4756.976 4758.847 4760.718 4762.816 4765.102 4767.387 4769.672 4771.956 4774.149 4776.343 4778.537 4780.73 4782.871 4784.954 4787.036 4789.119 4791.202 4792.743 4794.25 4795.758 4797.266 4798.327 4798.731 4799.137 4799.542 4799.947 4799.723 4799.403 4799.084 4798.765 4797.778 4795.455 4793.132 4790.809
4696.33 4697.412 4698.495 4699.578 4700.661 4702.943 4705.589 4708.234 4710.88 4713.53 4716.195 4718.859 4721.524 4724.189 4726.466 4728.573 4730.681 4732.788 4734.905 4737.075 4739.245 4741.415 4743.585 4745.794 4748.027 4750.259 4752.492 4754.708 4756.745 4758.782 4760.819 4762.856 4765.068 4767.422 4769.777 4772.132 4774.484 4776.684 4778.883 4781.082 4783.281 4785.383 4787.38 4789.377 4791.374 4793.371 4794.579 4795.738 4796.897 4798.057 4798.858 4799.134 4799.411 4799.688 4799.964 4799.797 4799.564 4799.331 4799.097 4798.26 4796.216 4794.171 4792.126
4696.313 4697.342 4698.372 4699.4 4700.43 4702.7 4705.346 4707.991 4710.637 4713.299 4716.018 4718.736 4721.454 4724.173 4726.533 4728.737 4730.94 4733.145 4735.36 4737.637 4739.914 4742.191 4744.469 4746.792 4749.142 4751.493 4753.843 4756.181 4758.384 4760.587 4762.791 4764.994 4767.319 4769.744 4772.168 4774.592 4777.014 4779.218 4781.422 4783.627 4785.831 4787.896 4789.807 4791.718 4793.629 4795.54 4796.415 4797.226 4798.037 4798.847 4799.389 4799.537 4799.685 4799.833 4799.98 4799.872 4799.724 4799.577 4799.429 4798.742 4796.977 4795.21 4793.445
4696.479 4697.577 4698.675 4699.772 4700.871 4703.121 4705.718 4708.315 4710.913 4713.526 4716.192 4718.857 4721.523 4724.189 4726.534 4728.738 4730.942 4733.147 4735.366 4737.66 4739.954 4742.248 4744.542 4746.971 4749.482 4751.993 4754.504 4756.999 4759.32 4761.642 4763.963 4766.285 4768.643 4771.03 4773.418 4775.806 4778.191 4780.411 4782.632 4784.852 4787.073 4789.091 4790.89 4792.689 4794.488 4796.287 4797.032 4797.712 4798.393 4799.074 4799.525 4799.64 4799.755 4799.87 4799.985 4799.9 4799.785 4799.67 4799.555 4798.981 4797.489 4795.996 4794.504
4696.646 4697.813 4698.981 4700.149 4701.316 4703.545 4706.095 4708.644 4711.193 4713.757 4716.369 4718.981 4721.593 4724.205 4726.534 4728.738 4730.942 4733.147 4735.368 4737.678 4739.988 4742.298 4744.608 4747.144 4749.816 4752.488 4755.16 4757.811 4760.25 4762.69 4765.129 4767.569 4769.959 4772.31 4774.66 4777.01 4779.358 4781.595 4783.832 4786.068 4788.304 4790.278 4791.964 4793.65 4795.336 4797.022 4797.64 4798.192 4798.744 4799.296 4799.658 4799.741 4799.824 4799.906 4799.989 4799.928 4799.845 4799.762 4799.679 4799.218 4797.999 4796.78 4795.561
4696.813 4698.05 4699.288 4700.525 4701.762 4703.97 4706.472 4708.973 4711.474 4713.988 4716.546 4719.104 4721.663 4724.221 4726.534 4728.738 4730.942 4733.147 4735.371 4737.697 4740.023 4742.349 4744.675 4747.317 4750.15 4752.982 4755.815 4758.624 4761.181 4763.739 4766.296 4768.854 4771.276 4773.589 4775.901 4778.214 4780.526 4782.778 4785.031 4787.284 4789.536 4791.464 4793.038 4794.611 4796.185 4797.759 4798.249 4798.672 4799.095 4799.519 4799.791 4799.841 4799.892 4799.943 4799.993 4799.956 4799.905 4799.854 4799.804 4799.455 4798.509 4797.564 4796.619
4696.98 4698.287 4699.594 4700.901 4702.208 4704.396 4706.848 4709.301 4711.753 4714.218 4716.723 4719.228 4721.733 4724.238 4726.534 4728.738 4730.942 4733.147 4735.374 4737.716 4740.058 4742.4 4744.742 4747.49 4750.484 4753.477 4756.471 4759.437 4762.112 4764.787 4767.462 4770.138 4772.593 4774.868 4777.143 4779.418 4781.693 4783.962 4786.23 4788.499 4790.768 4792.65 4794.111 4795.572 4797.034 4798.495 4798.857 4799.151 4799.446 4799.741 4799.923 4799.942 4799.96 4799.979 4799.998 4799.984 4799.965 4799.947 4799.928 4799.692 4799.02 4798.348 4797.676
4697.209 4698.586 4699.962 4701.339 4702.716 4704.905 4707.339 4709.773 4712.207 4714.644 4717.093 4719.542 4721.991 4724.44 4726.705 4728.889 4731.073 4733.257 4735.466 4737.809 4740.151 4742.493 4744.836 4747.643 4750.731 4753.82 4756.908 4759.967 4762.708 4765.449 4768.19 4770.931 4773.403 4775.657 4777.911 4780.164 4782.418 4784.685 4786.951 4789.217 4791.484 4793.334 4794.73 4796.126 4797.523 4798.919 4799.208 4799.428 4799.648 4799.869 4800.0 4800.0 4800.0 4800.0 4800.0 4800.0 4800.0 4800.0 4800.0 4799.843 4799.372 4798.9 4798.429
4697.522 4698.968 4700.415 4701.861 4703.308 4705.529 4707.984 4710.44 4712.896 4715.336 4717.726 4720.116 4722.506 4724.896 4727.109 4729.245 4731.38 4733.516 4735.682 4738.002 4740.324 4742.645 4744.965 4747.768 4750.862 4753.956 4757.049 4760.112 4762.848 4765.583 4768.319 4771.055 4773.525 4775.779 4778.032 4780.286 4782.539 4784.779 4787.019 4789.258 4791.498 4793.334 4794.73 4796.126 4797.523 4798.919 4799.208 4799.428 4799.648 4799.869 4800.0 4800.0 4800.0 4800.0 4800.0 4800.0 4800.0 4800.0 4800.0 4799.877 4799.507 4799.138 4798.769
4697.835 4699.351 4700.867 4702.383 4703.899 4706.153 4708.63 4711.107 4713.584 4716.027 4718.358 4720.689 4723.02 4725.351 4727.513 4729.601 4731.688 4733.775 4735.897 4738.196 4740.496 4742.795 4745.095 4747.893 4750.992 4754.091 4757.19 4760.258 4762.988 4765.718 4768.449 4771.179 4773.646 4775.9 4778.154 4780.407 4782.66 4784.873 4787.086 4789.299 4791.512 4793.334 4794.73 4796.126 4797.523 4798.919 4799.208 4799.428 4799.648 4799.869 4800.0 4800.0 4800.0 4800.0 4800.0 4800.0 4800.0 4800.0 4800.0 4799.911 4799.643 4799.375 4799.108
4698.148 4699.734 4701.319 4702.905 4704.491 4706.778 4709.276 4711.774 4714.273 4716.719 4718.991 4721.263 4723.535 4725.807 4727.917 4729.957 4731.996 4734.035 4736.112 4738.391 4740.668 4742.947 4745.225 4748.018 4751.123 4754.227 4757.332 4760.403 4763.128 4765.853 4768.578 4771.303 4773.768 4776.022 4778.275 4780.529 4782.782 4784.968 4787.154 4789.34 4791.526 4793.334 4794.73 4796.126 4797.523 4798.919 4799.208 4799.428 4799.648 4799.869 4800.0 4800.0 4800.0 4800.0 4800.0 4800.0 4800.0 4800.0 4800.0 4799.945 4799.779 4799.613 4799.448
4698.461 4700.117 4701.772 4703.427 4705.083 4707.402 4709.922 4712.441 4714.961 4717.41 4719.624 4721.836 4724.049 4726.263 4728.321 4730.313 4732.303 4734.294 4736.328 4738.584 4740.841 4743.098 4745.354 4748.143 4751.253 4754.363 4757.473 4760.549 4763.268 4765.988 4768.708 4771.427 4773.89 4776.144 4778.397 4780.65 4782.903 4785.062 4787.221 4789.38 4791.54 4793.334 4794.73 4796.126 4797.523 4798.919 4799.208 4799.428 4799.648 4799.869 4800.0 4800.0 4800.0 4800.0 4800.0 4800.0 4800.0 4800.0 4800.0 4799.979 4799.915 4799.851 4799.787
4698.903 4700.642 4702.38 4704.119 4705.858 4708.206 4710.738 4713.271 4715.803 4718.259 4720.463 4722.667 4724.872 4727.077 4729.128 4731.112 4733.096 4735.08 4737.105 4739.35 4741.594 4743.838 4746.083 4748.787 4751.77 4754.752 4757.735 4760.686 4763.309 4765.932 4768.554 4771.177 4773.583 4775.814 4778.045 4780.275 4782.504 4784.6 4786.696 4788.792 4790.888 4792.675 4794.126 4795.578 4797.029 4798.48 4798.862 4799.179 4799.495 4799.812 4800.0 4800.0 4800.0 4800.0 4800.0 4800.0 4800.0 4800.0 4800.0 4799.987 4799.947 4799.907 4799.867
4699.367 4701.191 4703.016 4704.84 4706.665 4709.042 4711.584 4714.127 4716.67 4719.134 4721.339 4723.543 4725.748 4727.952 4730.003 4731.987 4733.971 4735.955 4737.979 4740.213 4742.446 4744.68 4746.914 4749.521 4752.353 4755.186 4758.018 4760.822 4763.333 4765.842 4768.353 4770.863 4773.204 4775.408 4777.612 4779.815 4782.017 4784.043 4786.069 4788.095 4790.122 4791.904 4793.419 4794.935 4796.45 4797.965 4798.458 4798.887 4799.316 4799.745 4800.0 4800.0 4800.0 4800.0 4800.0 4800.0 4800.0 4800.0 4800.0 4799.99 4799.961 4799.932 4799.903
4699.831 4701.741 4703.651 4705.562 4707.472 4709.876 4712.43 4714.983 4717.537 4720.01 4722.214 4724.418 4726.623 4728.828 4730.878 4732.863 4734.847 4736.831 4738.853 4741.076 4743.299 4745.521 4747.744 4750.253 4752.936 4755.618 4758.301 4760.958 4763.356 4765.753 4768.151 4770.548 4772.825 4775.001 4777.179 4779.355 4781.53 4783.486 4785.442 4787.399 4789.355 4791.132 4792.711 4794.292 4795.871 4797.451 4798.053 4798.595 4799.136 4799.678 4800.0 4800.0 4800.0 4800.0 4800.0 4800.0 4800.0 4800.0 4800.0 4799.994 4799.976 4799.957 4799.938
4700.294 4702.291 4704.287 4706.283 4708.279 4710.711 4713.275 4715.84 4718.404 4720.885 4723.089 4725.294 4727.499 4729.703 4731.754 4733.738 4735.722 4737.706 4739.727 4741.938 4744.151 4746.363 4748.575 4750.987 4753.519 4756.051 4758.583 4761.094 4763.379 4765.665 4767.949 4770.234 4772.445 4774.595 4776.746 4778.896 4781.042 4782.929 4784.816 4786.703 4788.589 4790.36 4792.004 4793.648 4795.292 4796.937 4797.648 4798.303 4798.957 4799.611 4800.0 4800.0 4800.0 4800.0 4800.0 4800.0 4800.0 4800.0 4800.0 4799.998 4799.99 4799.982 4799.975
