data/zism_data/00313_03_D.txt
ncols         224
nrows         224
[rows 116 to 144 of 224, columns 66 to 131 of 224]
1435.002 1435.0 1435.0 1435.0 1435.0 1435.0 1435.0 1435.0 1435.0 1435.0 1435.0 1435.0 1435.0 1435.0 1435.0 1435.0 1435.0 1435.0 1435.0 1435.0 1435.0 1435.0 1435.0 1435.0 1435.0 1435.0 1435.0 1435.0 1435.0 1435.0 1435.0 1435.0 1435.0 1435.0 1435.0 1435.0 1435.0 1435.0 1435.0 1435.0 1435.0 1435.0 1435.0 1435.0 1435.0 1435.0 1435.0 1435.0 1435.0 1435.0 1435.0 1435.0 1435.0 1435.0 1435.0 1435.0 1434.927 1434.707 1434.487 1434.267 1434.047 1434.002 1434.002 1434.001 1434.0 1433.943
1435.042 1435.008 1435.0 1435.0 1435.0 1435.0 1435.0 1435.0 1435.0 1435.0 1435.0 1435.0 1435.0 1435.0 1435.0 1435.0 1435.0 1435.0 1435.0 1435.0 1435.0 1435.0 1435.0 1435.0 1435.0 1435.0 1435.0 1435.0 1435.0 1435.0 1435.0 1435.0 1435.0 1435.0 1435.0 1435.0 1435.0 1435.0 1435.0 1435.0 1435.0 1435.0 1435.0 1435.0 1435.0 1435.0 1435.0 1435.0 1435.0 1435.0 1435.0 1435.0 1435.0 1435.0 1435.0 1435.0 1434.93 1434.721 1434.512 1434.303 1434.094 1434.043 1434.031 1434.02 1434.008 1433.943
1435.082 1435.016 1435.0 1435.0 1435.0 1435.0 1435.0 1435.0 1435.0 1435.0 1435.0 1435.0 1435.0 1435.0 1435.0 1435.0 1435.0 1435.0 1435.0 1435.0 1435.0 1435.0 1435.0 1435.0 1435.0 1435.0 1435.0 1435.0 1435.0 1435.0 1435.0 1435.0 1435.0 1435.0 1435.0 1435.0 1435.0 1435.0 1435.0 1435.0 1435.0 1435.0 1435.0 1435.0 1435.0 1435.0 1435.0 1435.0 1435.0 1435.0 1435.0 1435.0 1435.0 1435.0 1435.0 1435.0 1434.934 1434.736 1434.537 1434.339 1434.141 1434.083 1434.061 1434.039 1434.016 1433.943
1435.122 1435.023 1435.0 1435.0 1435.0 1435.0 1435.0 1435.0 1435.0 1435.0 1435.0 1435.0 1435.0 1435.0 1435.0 1435.0 1435.0 1435.0 1435.0 1435.0 1435.0 1435.0 1435.0 1435.0 1435.0 1435.0 1435.0 1435.0 1435.0 1435.0 1435.0 1435.0 1435.0 1435.0 1435.0 1435.0 1435.0 1435.0 1435.0 1435.0 1435.0 1435.0 1435.0 1435.0 1435.0 1435.0 1435.0 1435.0 1435.0 1435.0 1435.0 1435.0 1435.0 1435.0 1435.0 1435.0 1434.938 1434.75 1434.563 1434.375 1434.188 1434.123 1434.09 1434.057 1434.024 1433.943
1435.162 1435.031 1435.0 1435.0 1435.0 1435.0 1435.0 1435.0 1435.0 1435.0 1435.0 1435.0 1435.0 1435.0 1435.0 1435.0 1435.0 1435.0 1435.0 1435.0 1435.0 1435.0 1435.0 1435.0 1435.0 1435.0 1435.0 1435.0 1435.0 1435.0 1435.0 1435.0 1435.0 1435.0 1435.0 1435.0 1435.0 1435.0 1435.0 1435.0 1435.0 1435.0 1435.0 1435.0 1435.0 1435.0 1435.0 1435.0 1435.0 1435.0 1435.0 1435.0 1435.0 1435.0 1435.0 1435.0 1434.941 1434.765 1434.588 1434.411 1434.235 1434.164 1434.12 1434.076 1434.032 1433.943
1435.275 1435.145 1435.102 1435.085 1435.068 1435.051 1435.038 1435.035 1435.032 1435.029 1435.026 1435.022 1435.016 1435.01 1435.005 1435.0 1435.0 1435.0 1435.0 1435.0 1435.0 1435.0 1435.0 1435.0 1435.0 1435.0 1435.0 1435.0 1435.0 1435.0 1435.0 1435.0 1435.0 1435.0 1435.0 1435.0 1435.0 1435.0 1435.0 1435.0 1435.0 1435.0 1435.0 1435.0 1435.0 1435.0 1435.0 1435.0 1435.0 1435.0 1435.0 1435.0 1435.0 1435.0 1435.0 1435.0 1434.946 1434.783 1434.62 1434.457 1434.294 1434.215 1434.157 1434.1 1434.042 1433.949
1435.456 1435.358 1435.298 1435.248 1435.199 1435.15 1435.11 1435.102 1435.094 1435.085 1435.077 1435.063 1435.047 1435.03 1435.014 1435.0 1435.0 1435.0 1435.0 1435.0 1435.0 1435.0 1435.0 1435.0 1435.0 1435.0 1435.0 1435.0 1435.0 1435.0 1435.0 1435.0 1435.0 1435.0 1435.0 1435.0 1435.0 1435.0 1435.0 1435.0 1435.0 1435.0 1435.0 1435.0 1435.0 1435.0 1435.0 1435.0 1435.0 1435.0 1435.0 1435.0 1435.0 1435.0 1435.0 1435.0 1434.951 1434.804 1434.657 1434.511 1434.364 1434.275 1434.202 1434.128 1434.054 1433.962
1435.636 1435.571 1435.493 1435.411 1435.33 1435.248 1435.182 1435.169 1435.155 1435.141 1435.128 1435.105 1435.077 1435.05 1435.023 1435.0 1435.0 1435.0 1435.0 1435.0 1435.0 1435.0 1435.0 1435.0 1435.0 1435.0 1435.0 1435.0 1435.0 1435.0 1435.0 1435.0 1435.0 1435.0 1435.0 1435.0 1435.0 1435.0 1435.0 1435.0 1435.0 1435.0 1435.0 1435.0 1435.0 1435.0 1435.0 1435.0 1435.0 1435.0 1435.0 1435.0 1435.0 1435.0 1435.0 1435.0 1434.956 1434.826 1434.695 1434.565 1434.434 1434.336 1434.246 1434.156 1434.066 1433.974
1435.817 1435.784 1435.689 1435.575 1435.461 1435.346 1435.254 1435.235 1435.216 1435.197 1435.178 1435.146 1435.108 1435.07 1435.032 1435.0 1435.0 1435.0 1435.0 1435.0 1435.0 1435.0 1435.0 1435.0 1435.0 1435.0 1435.0 1435.0 1435.0 1435.0 1435.0 1435.0 1435.0 1435.0 1435.0 1435.0 1435.0 1435.0 1435.0 1435.0 1435.0 1435.0 1435.0 1435.0 1435.0 1435.0 1435.0 1435.0 1435.0 1435.0 1435.0 1435.0 1435.0 1435.0 1435.0 1435.0 1434.962 1434.847 1434.733 1434.619 1434.504 1434.396 1434.29 1434.184 1434.078 1433.987
1435.997 1435.997 1435.884 1435.738 1435.591 1435.445 1435.327 1435.302 1435.278 1435.253 1435.229 1435.188 1435.139 1435.09 1435.041 1435.0 1435.0 1435.0 1435.0 1435.0 1435.0 1435.0 1435.0 1435.0 1435.0 1435.0 1435.0 1435.0 1435.0 1435.0 1435.0 1435.0 1435.0 1435.0 1435.0 1435.0 1435.0 1435.0 1435.0 1435.0 1435.0 1435.0 1435.0 1435.0 1435.0 1435.0 1435.0 1435.0 1435.0 1435.0 1435.0 1435.0 1435.0 1435.0 1435.0 1435.0 1434.967 1434.869 1434.771 1434.673 1434.574 1434.457 1434.335 1434.213 1434.09 1434.0
1436.0 1436.0 1435.912 1435.797 1435.682 1435.567 1435.474 1435.455 1435.435 1435.416 1435.397 1435.365 1435.326 1435.288 1435.25 1435.21 1435.162 1435.114 1435.066 1435.018 1435.0 1435.0 1435.0 1435.0 1435.0 1435.0 1435.0 1435.0 1435.0 1435.0 1435.0 1435.0 1435.0 1435.0 1435.0 1435.0 1435.0 1435.0 1435.0 1435.0 1435.0 1435.0 1435.0 1435.0 1435.0 1435.0 1435.0 1435.0 1435.0 1435.0 1435.0 1435.0 1435.0 1435.0 1435.0 1435.0 1434.974 1434.898 1434.821 1434.744 1434.668 1434.537 1434.394 1434.25 1434.106 1434.0
1436.0 1436.0 1435.937 1435.854 1435.771 1435.689 1435.622 1435.608 1435.594 1435.581 1435.567 1435.544 1435.516 1435.488 1435.461 1435.422 1435.326 1435.229 1435.133 1435.036 1435.0 1435.0 1435.0 1435.0 1435.0 1435.0 1435.0 1435.0 1435.0 1435.0 1435.0 1435.0 1435.0 1435.0 1435.0 1435.0 1435.0 1435.0 1435.0 1435.0 1435.0 1435.0 1435.0 1435.0 1435.0 1435.0 1435.0 1435.0 1435.0 1435.0 1435.0 1435.0 1435.0 1435.0 1435.0 1435.0 1434.982 1434.927 1434.871 1434.816 1434.761 1434.618 1434.453 1434.288 1434.122 1434.0
1436.0 1436.0 1435.961 1435.911 1435.861 1435.811 1435.77 1435.762 1435.753 1435.745 1435.737 1435.723 1435.706 1435.689 1435.672 1435.635 1435.49 1435.345 1435.2 1435.055 1435.0 1435.0 1435.0 1435.0 1435.0 1435.0 1435.0 1435.0 1435.0 1435.0 1435.0 1435.0 1435.0 1435.0 1435.0 1435.0 1435.0 1435.0 1435.0 1435.0 1435.0 1435.0 1435.0 1435.0 1435.0 1435.0 1435.0 1435.0 1435.0 1435.0 1435.0 1435.0 1435.0 1435.0 1435.0 1435.0 1434.989 1434.955 1434.922 1434.888 1434.855 1434.699 1434.512 1434.325 1434.138 1434.0
1436.0 1436.0 1435.986 1435.969 1435.951 1435.933 1435.918 1435.915 1435.912 1435.909 1435.906 1435.901 1435.896 1435.89 1435.884 1435.848 1435.654 1435.46 1435.267 1435.073 1435.0 1435.0 1435.0 1435.0 1435.0 1435.0 1435.0 1435.0 1435.0 1435.0 1435.0 1435.0 1435.0 1435.0 1435.0 1435.0 1435.0 1435.0 1435.0 1435.0 1435.0 1435.0 1435.0 1435.0 1435.0 1435.0 1435.0 1435.0 1435.0 1435.0 1435.0 1435.0 1435.0 1435.0 1435.0 1435.0 1434.996 1434.984 1434.972 1434.96 1434.948 1434.78 1434.571 1434.363 1434.154 1434.0
1436.099 1436.099 1436.095 1436.09 1436.086 1436.081 1436.073 1436.056 1436.039 1436.022 1436.005 1436.0 1436.0 1436.0 1436.0 1435.966 1435.753 1435.54 1435.327 1435.113 1435.028 1435.021 1435.014 1435.007 1435.0 1435.0 1435.0 1435.0 1435.0 1435.0 1435.0 1435.0 1435.0 1435.0 1435.0 1435.0 1435.0 1435.0 1435.0 1435.0 1435.0 1435.0 1435.0 1435.0 1435.0 1435.0 1435.0 1435.0 1435.0 1435.0 1435.0 1435.0 1435.0 1435.0 1435.0 1435.0 1435.0 1435.0 1435.0 1435.0 1435.0 1434.836 1434.63 1434.424 1434.218 1434.062
1436.319 1436.319 1436.307 1436.292 1436.276 1436.26 1436.236 1436.181 1436.126 1436.071 1436.017 1436.0 1436.0 1436.0 1436.0 1435.969 1435.772 1435.575 1435.378 1435.181 1435.092 1435.068 1435.045 1435.021 1435.0 1435.0 1435.0 1435.0 1435.0 1435.0 1435.0 1435.0 1435.0 1435.0 1435.0 1435.0 1435.0 1435.0 1435.0 1435.0 1435.0 1435.0 1435.0 1435.0 1435.0 1435.0 1435.0 1435.0 1435.0 1435.0 1435.0 1435.0 1435.0 1435.0 1435.0 1435.0 1435.0 1435.0 1435.0 1435.0 1435.0 1434.862 1434.688 1434.515 1434.341 1434.201
1436.54 1436.54 1436.52 1436.493 1436.467 1436.44 1436.398 1436.306 1436.213 1436.121 1436.028 1436.0 1436.0 1436.0 1436.0 1435.971 1435.79 1435.61 1435.429 1435.248 1435.155 1435.116 1435.076 1435.036 1435.0 1435.0 1435.0 1435.0 1435.0 1435.0 1435.0 1435.0 1435.0 1435.0 1435.0 1435.0 1435.0 1435.0 1435.0 1435.0 1435.0 1435.0 1435.0 1435.0 1435.0 1435.0 1435.0 1435.0 1435.0 1435.0 1435.0 1435.0 1435.0 1435.0 1435.0 1435.0 1435.0 1435.0 1435.0 1435.0 1435.0 1434.888 1434.746 1434.605 1434.464 1434.339
1436.76 1436.76 1436.732 1436.694 1436.657 1436.62 1436.561 1436.431 1436.3 1436.17 1436.04 1436.0 1436.0 1436.0 1436.0 1435.974 1435.809 1435.645 1435.48 1435.315 1435.219 1435.163 1435.107 1435.051 1435.0 1435.0 1435.0 1435.0 1435.0 1435.0 1435.0 1435.0 1435.0 1435.0 1435.0 1435.0 1435.0 1435.0 1435.0 1435.0 1435.0 1435.0 1435.0 1435.0 1435.0 1435.0 1435.0 1435.0 1435.0 1435.0 1435.0 1435.0 1435.0 1435.0 1435.0 1435.0 1435.0 1435.0 1435.0 1435.0 1435.0 1434.913 1434.805 1434.696 1434.587 1434.478
1436.981 1436.981 1436.944 1436.896 1436.848 1436.8 1436.724 1436.556 1436.387 1436.219 1436.051 1436.0 1436.0 1436.0 1436.0 1435.976 1435.828 1435.68 1435.531 1435.383 1435.282 1435.21 1435.138 1435.066 1435.0 1435.0 1435.0 1435.0 1435.0 1435.0 1435.0 1435.0 1435.0 1435.0 1435.0 1435.0 1435.0 1435.0 1435.0 1435.0 1435.0 1435.0 1435.0 1435.0 1435.0 1435.0 1435.0 1435.0 1435.0 1435.0 1435.0 1435.0 1435.0 1435.0 1435.0 1435.0 1435.0 1435.0 1435.0 1435.0 1435.0 1434.939 1434.863 1434.787 1434.71 1434.616
1437.018 1437.003 1436.97 1436.931 1436.892 1436.853 1436.788 1436.642 1436.495 1436.348 1436.201 1436.133 1436.098 1436.063 1436.029 1435.977 1435.83 1435.683 1435.536 1435.389 1435.297 1435.238 1435.179 1435.121 1435.07 1435.099 1435.129 1435.158 1435.188 1435.19 1435.171 1435.151 1435.131 1435.112 1435.097 1435.082 1435.067 1435.052 1435.04 1435.03 1435.02 1435.01 1435.001 1435.0 1435.0 1435.0 1435.0 1435.0 1435.0 1435.0 1435.0 1435.0 1435.0 1435.0 1435.0 1435.0 1435.0 1435.0 1435.0 1435.0 1435.0 1434.953 1434.895 1434.836 1434.777 1434.692
1437.038 1437.007 1436.978 1436.95 1436.922 1436.893 1436.844 1436.724 1436.604 1436.484 1436.365 1436.278 1436.205 1436.133 1436.061 1435.977 1435.83 1435.683 1435.536 1435.389 1435.307 1435.264 1435.222 1435.179 1435.146 1435.208 1435.27 1435.332 1435.394 1435.399 1435.358 1435.316 1435.275 1435.234 1435.203 1435.172 1435.141 1435.11 1435.084 1435.063 1435.042 1435.022 1435.001 1435.0 1435.0 1435.0 1435.0 1435.0 1435.0 1435.0 1435.0 1435.0 1435.0 1435.0 1435.0 1435.0 1435.0 1435.0 1435.0 1435.0 1435.0 1434.966 1434.924 1434.881 1434.839 1434.761
1437.058 1437.011 1436.987 1436.969 1436.951 1436.934 1436.899 1436.806 1436.713 1436.621 1436.528 1436.423 1436.313 1436.203 1436.093 1435.977 1435.83 1435.683 1435.536 1435.389 1435.317 1435.291 1435.264 1435.238 1435.222 1435.317 1435.411 1435.505 1435.6 1435.608 1435.545 1435.482 1435.419 1435.356 1435.309 1435.262 1435.215 1435.167 1435.128 1435.096 1435.065 1435.033 1435.002 1435.0 1435.0 1435.0 1435.0 1435.0 1435.0 1435.0 1435.0 1435.0 1435.0 1435.0 1435.0 1435.0 1435.0 1435.0 1435.0 1435.0 1435.0 1434.979 1434.953 1434.927 1434.9 1434.83
1437.078 1437.015 1436.995 1436.988 1436.981 1436.975 1436.954 1436.888 1436.823 1436.757 1436.691 1436.568 1436.42 1436.272 1436.124 1435.977 1435.83 1435.683 1435.536 1435.389 1435.327 1435.317 1435.307 1435.297 1435.299 1435.425 1435.552 1435.679 1435.806 1435.816 1435.732 1435.647 1435.563 1435.478 1435.415 1435.352 1435.288 1435.225 1435.172 1435.129 1435.087 1435.045 1435.002 1435.0 1435.0 1435.0 1435.0 1435.0 1435.0 1435.0 1435.0 1435.0 1435.0 1435.0 1435.0 1435.0 1435.0 1435.0 1435.0 1435.0 1435.0 1434.992 1434.982 1434.972 1434.962 1434.899
1437.166 1437.099 1437.083 1437.083 1437.083 1437.083 1437.068 1437.005 1436.942 1436.879 1436.816 1436.674 1436.499 1436.323 1436.148 1435.979 1435.844 1435.709 1435.574 1435.439 1435.389 1435.389 1435.389 1435.389 1435.401 1435.535 1435.67 1435.805 1435.939 1435.951 1435.861 1435.771 1435.681 1435.591 1435.524 1435.457 1435.389 1435.322 1435.265 1435.22 1435.176 1435.131 1435.086 1435.083 1435.083 1435.083 1435.083 1435.076 1435.057 1435.039 1435.021 1435.002 1435.0 1435.0 1435.0 1435.0 1435.0 1435.0 1435.0 1435.0 1435.0 1435.0 1435.0 1435.0 1435.0 1434.947
1437.367 1437.315 1437.303 1437.303 1437.303 1437.303 1437.28 1437.179 1437.078 1436.977 1436.876 1436.716 1436.529 1436.343 1436.157 1435.984 1435.881 1435.779 1435.677 1435.574 1435.536 1435.536 1435.536 1435.536 1435.545 1435.647 1435.749 1435.852 1435.954 1435.962 1435.894 1435.826 1435.758 1435.69 1435.639 1435.587 1435.536 1435.485 1435.442 1435.408 1435.374 1435.34 1435.306 1435.303 1435.303 1435.303 1435.303 1435.276 1435.209 1435.143 1435.076 1435.009 1435.0 1435.0 1435.0 1435.0 1435.0 1435.0 1435.0 1435.0 1435.0 1435.0 1435.0 1435.0 1435.0 1434.96
1437.567 1437.532 1437.524 1437.524 1437.524 1437.524 1437.492 1437.353 1437.214 1437.075 1436.937 1436.757 1436.56 1436.363 1436.166 1435.989 1435.919 1435.849 1435.779 1435.709 1435.683 1435.683 1435.683 1435.683 1435.689 1435.759 1435.829 1435.899 1435.969 1435.974 1435.928 1435.881 1435.834 1435.788 1435.753 1435.718 1435.683 1435.648 1435.619 1435.595 1435.572 1435.549 1435.525 1435.524 1435.524 1435.524 1435.524 1435.477 1435.362 1435.246 1435.131 1435.015 1435.0 1435.0 1435.0 1435.0 1435.0 1435.0 1435.0 1435.0 1435.0 1435.0 1435.0 1435.0 1435.0 1434.973
1437.768 1437.749 1437.744 1437.744 1437.744 1437.744 1437.703 1437.527 1437.35 1437.174 1436.997 1436.799 1436.591 1436.383 1436.175 1435.994 1435.956 1435.919 1435.881 1435.844 1435.83 1435.83 1435.83 1435.83 1435.833 1435.87 1435.908 1435.946 1435.983 1435.986 1435.961 1435.936 1435.911 1435.886 1435.867 1435.849 1435.83 1435.811 1435.795 1435.783 1435.77 1435.758 1435.745 1435.744 1435.744 1435.744 1435.744 1435.678 1435.514 1435.35 1435.186 1435.021 1435.0 1435.0 1435.0 1435.0 1435.0 1435.0 1435.0 1435.0 1435.0 1435.0 1435.0 1435.0 1435.0 1434.985
1437.968 1437.965 1437.965 1437.965 1437.965 1437.965 1437.915 1437.701 1437.486 1437.272 1437.057 1436.84 1436.621 1436.403 1436.184 1435.999 1435.994 1435.989 1435.984 1435.979 1435.977 1435.977 1435.977 1435.977 1435.977 1435.982 1435.987 1435.993 1435.998 1435.998 1435.995 1435.991 1435.988 1435.984 1435.982 1435.979 1435.977 1435.974 1435.972 1435.97 1435.968 1435.967 1435.965 1435.965 1435.965 1435.965 1435.965 1435.879 1435.666 1435.453 1435.24 1435.028 1435.0 1435.0 1435.0 1435.0 1435.0 1435.0 1435.0 1435.0 1435.0 1435.0 1435.0 1435.0 1435.0 1434.998
1438.124 1438.124 1438.124 1438.124 1438.124 1438.124 1438.08 1437.891 1437.702 1437.514 1437.325 1437.121 1436.909 1436.698 1436.486 1436.304 1436.272 1436.24 1436.208 1436.177 1436.159 1436.15 1436.141 1436.132 1436.124 1436.124 1436.124 1436.124 1436.124 1436.124 1436.124 1436.124 1436.124 1436.124 1436.124 1436.124 1436.124 1436.124 1436.124 1436.124 1436.124 1436.124 1436.124 1436.098 1436.071 1436.043 1436.016 1435.927 1435.748 1435.568 1435.388 1435.209 1435.185 1435.185 1435.185 1435.185 1435.175 1435.143 1435.111 1435.079 1435.048 1435.034 1435.025 1435.016 1435.007 1435.0
