data/zism_data/00313_02_D.txt
ncols         224
nrows         224
[rows 120 to 149 of 224, columns 66 to 131 of 224]
1407.0 1407.0 1407.0 1407.0 1407.0 1406.907 1406.687 1406.466 1406.246 1406.026 1406.0 1406.0 1406.0 1406.0 1406.0 1406.0 1406.0 1406.0 1406.0 1406.0 1406.0 1406.0 1406.0 1405.939 1405.719 1405.498 1405.278 1405.057 1405.0 1405.0 1405.0 1405.0 1405.0 1405.0 1405.0 1405.0 1405.0 1404.961 1404.903 1404.845 1404.787 1404.716 1404.553 1404.391 1404.228 1404.066 1404.018 1404.049 1404.08 1404.111 1404.141 1404.157 1404.172 1404.188 1404.203 1404.187 1404.14 1404.094 1404.047 1404.001 1403.982 1403.964 1403.946 1403.928 1403.841 1403.67
1407.0 1407.0 1407.0 1407.0 1407.0 1406.907 1406.687 1406.466 1406.246 1406.026 1406.0 1406.0 1406.0 1406.0 1406.0 1406.0 1406.0 1406.0 1406.0 1406.0 1406.0 1406.0 1406.0 1405.939 1405.719 1405.498 1405.278 1405.057 1405.0 1405.0 1405.0 1405.0 1405.0 1405.0 1405.0 1405.0 1405.0 1404.965 1404.912 1404.86 1404.807 1404.74 1404.572 1404.404 1404.236 1404.068 1404.025 1404.067 1404.108 1404.15 1404.191 1404.212 1404.233 1404.254 1404.274 1404.252 1404.189 1404.126 1404.064 1404.001 1403.993 1403.986 1403.979 1403.971 1403.89 1403.719
1407.0 1407.0 1407.0 1407.0 1407.0 1406.907 1406.687 1406.466 1406.246 1406.026 1406.0 1406.0 1406.0 1406.0 1406.0 1406.0 1406.0 1406.0 1406.0 1406.0 1406.0 1406.0 1406.0 1405.942 1405.733 1405.523 1405.313 1405.104 1405.041 1405.03 1405.019 1405.009 1405.0 1405.0 1405.0 1405.0 1405.0 1404.97 1404.924 1404.879 1404.834 1404.773 1404.615 1404.456 1404.297 1404.138 1404.1 1404.146 1404.191 1404.237 1404.281 1404.303 1404.326 1404.349 1404.371 1404.347 1404.279 1404.211 1404.143 1404.074 1404.057 1404.041 1404.025 1404.009 1403.929 1403.77
1407.0 1407.0 1407.0 1407.0 1407.0 1406.907 1406.687 1406.466 1406.246 1406.026 1406.0 1406.0 1406.0 1406.0 1406.0 1406.0 1406.0 1406.0 1406.0 1406.0 1406.0 1406.0 1406.0 1405.951 1405.774 1405.597 1405.419 1405.242 1405.164 1405.121 1405.078 1405.034 1405.0 1405.0 1405.0 1405.0 1405.0 1404.977 1404.942 1404.908 1404.873 1404.827 1404.706 1404.585 1404.464 1404.343 1404.314 1404.349 1404.384 1404.418 1404.452 1404.469 1404.486 1404.504 1404.521 1404.502 1404.45 1404.398 1404.347 1404.295 1404.23 1404.165 1404.1 1404.036 1403.946 1403.825
1407.0 1407.0 1407.0 1407.0 1407.0 1406.907 1406.687 1406.466 1406.246 1406.026 1406.0 1406.0 1406.0 1406.0 1406.0 1406.0 1406.0 1406.0 1406.0 1406.0 1406.0 1406.0 1406.0 1405.96 1405.815 1405.67 1405.526 1405.381 1405.287 1405.211 1405.136 1405.06 1405.0 1405.0 1405.0 1405.0 1405.0 1404.984 1404.96 1404.937 1404.913 1404.881 1404.798 1404.715 1404.631 1404.548 1404.529 1404.552 1404.576 1404.6 1404.623 1404.635 1404.647 1404.659 1404.671 1404.658 1404.622 1404.586 1404.551 1404.515 1404.403 1404.289 1404.176 1404.063 1403.963 1403.879
1407.0 1407.0 1407.0 1407.0 1407.0 1406.907 1406.687 1406.466 1406.246 1406.026 1406.0 1406.0 1406.0 1406.0 1406.0 1406.0 1406.0 1406.0 1406.0 1406.0 1406.0 1406.0 1406.0 1405.969 1405.857 1405.744 1405.632 1405.519 1405.41 1405.302 1405.194 1405.086 1405.0 1405.0 1405.0 1405.0 1405.0 1404.991 1404.978 1404.965 1404.952 1404.935 1404.89 1404.844 1404.799 1404.753 1404.743 1404.755 1404.769 1404.781 1404.794 1404.801 1404.807 1404.814 1404.82 1404.813 1404.794 1404.774 1404.755 1404.735 1404.575 1404.413 1404.251 1404.089 1403.98 1403.934
1407.0 1407.0 1407.0 1407.0 1407.0 1406.907 1406.687 1406.466 1406.246 1406.026 1406.0 1406.0 1406.0 1406.0 1406.0 1406.0 1406.0 1406.0 1406.0 1406.0 1406.0 1406.0 1406.0 1405.978 1405.898 1405.818 1405.738 1405.658 1405.533 1405.393 1405.252 1405.112 1405.0 1405.0 1405.0 1405.0 1405.0 1404.999 1404.996 1404.994 1404.992 1404.989 1404.981 1404.974 1404.966 1404.958 1404.957 1404.959 1404.961 1404.963 1404.965 1404.966 1404.967 1404.969 1404.97 1404.969 1404.965 1404.962 1404.959 1404.955 1404.748 1404.537 1404.327 1404.116 1403.997 1403.989
1407.0 1407.0 1407.0 1407.0 1407.0 1406.907 1406.687 1406.466 1406.246 1406.026 1406.0 1406.0 1406.0 1406.0 1406.0 1406.0 1406.0 1406.0 1406.0 1406.0 1406.0 1406.0 1406.0 1405.983 1405.923 1405.862 1405.802 1405.741 1405.636 1405.515 1405.393 1405.272 1405.174 1405.165 1405.157 1405.148 1405.14 1405.128 1405.115 1405.102 1405.089 1405.076 1405.059 1405.041 1405.024 1405.007 1405.0 1405.0 1405.0 1405.0 1405.0 1405.0 1405.0 1405.0 1405.0 1405.0 1405.0 1405.0 1405.0 1405.0 1404.812 1404.622 1404.432 1404.241 1404.135 1404.13
1407.001 1407.0 1407.0 1407.0 1407.0 1406.907 1406.687 1406.466 1406.246 1406.026 1406.0 1406.0 1406.0 1406.0 1406.0 1406.0 1406.0 1406.0 1406.0 1406.0 1406.0 1406.0 1406.0 1405.988 1405.943 1405.899 1405.855 1405.81 1405.733 1405.644 1405.556 1405.467 1405.392 1405.373 1405.353 1405.334 1405.315 1405.289 1405.26 1405.23 1405.201 1405.171 1405.132 1405.093 1405.055 1405.016 1405.0 1405.0 1405.0 1405.0 1405.0 1405.0 1405.0 1405.0 1405.0 1405.0 1405.0 1405.0 1405.0 1405.0 1404.85 1404.697 1404.545 1404.392 1404.304 1404.294
1407.001 1407.0 1407.0 1407.0 1407.0 1406.907 1406.687 1406.466 1406.246 1406.026 1406.0 1406.0 1406.0 1406.0 1406.0 1406.0 1406.0 1406.0 1406.0 1406.0 1406.0 1406.0 1406.0 1405.992 1405.964 1405.936 1405.908 1405.88 1405.831 1405.774 1405.718 1405.661 1405.61 1405.58 1405.55 1405.52 1405.49 1405.449 1405.404 1405.359 1405.313 1405.266 1405.206 1405.145 1405.085 1405.025 1405.0 1405.0 1405.0 1405.0 1405.0 1405.0 1405.0 1405.0 1405.0 1405.0 1405.0 1405.0 1405.0 1405.0 1404.887 1404.772 1404.657 1404.543 1404.473 1404.458
1407.002 1407.0 1407.0 1407.0 1407.0 1406.907 1406.687 1406.466 1406.246 1406.026 1406.0 1406.0 1406.0 1406.0 1406.0 1406.0 1406.0 1406.0 1406.0 1406.0 1406.0 1406.0 1406.0 1405.997 1405.985 1405.973 1405.961 1405.949 1405.928 1405.904 1405.88 1405.856 1405.829 1405.788 1405.747 1405.706 1405.665 1405.61 1405.548 1405.487 1405.426 1405.361 1405.279 1405.197 1405.115 1405.033 1405.0 1405.0 1405.0 1405.0 1405.0 1405.0 1405.0 1405.0 1405.0 1405.0 1405.0 1405.0 1405.0 1405.0 1404.924 1404.847 1404.77 1404.693 1404.642 1404.621
1407.015 1407.01 1407.007 1407.004 1407.002 1406.909 1406.693 1406.477 1406.26 1406.044 1406.015 1406.011 1406.007 1406.003 1406.0 1406.0 1406.0 1406.0 1406.0 1406.0 1406.0 1406.0 1406.0 1406.0 1406.0 1406.0 1406.0 1406.0 1406.0 1406.0 1406.0 1406.0 1405.991 1405.944 1405.898 1405.852 1405.806 1405.747 1405.682 1405.617 1405.552 1405.483 1405.386 1405.29 1405.193 1405.097 1405.054 1405.049 1405.043 1405.037 1405.032 1405.029 1405.026 1405.023 1405.021 1405.019 1405.019 1405.019 1405.019 1405.019 1404.971 1404.922 1404.873 1404.824 1404.786 1404.761
1407.065 1407.049 1407.035 1407.021 1407.008 1406.916 1406.716 1406.516 1406.316 1406.116 1406.075 1406.054 1406.034 1406.013 1406.0 1406.0 1406.0 1406.0 1406.0 1406.0 1406.0 1406.0 1406.0 1406.0 1406.0 1406.0 1406.0 1406.0 1406.0 1406.0 1406.0 1406.0 1405.993 1405.957 1405.922 1405.887 1405.851 1405.818 1405.785 1405.753 1405.72 1405.68 1405.589 1405.497 1405.406 1405.315 1405.262 1405.234 1405.207 1405.18 1405.154 1405.14 1405.126 1405.113 1405.099 1405.093 1405.093 1405.093 1405.093 1405.093 1405.044 1404.995 1404.946 1404.897 1404.859 1404.835
1407.116 1407.087 1407.063 1407.039 1407.014 1406.923 1406.739 1406.555 1406.371 1406.187 1406.134 1406.097 1406.061 1406.024 1406.0 1406.0 1406.0 1406.0 1406.0 1406.0 1406.0 1406.0 1406.0 1406.0 1406.0 1406.0 1406.0 1406.0 1406.0 1406.0 1406.0 1406.0 1405.995 1405.97 1405.946 1405.921 1405.897 1405.888 1405.888 1405.888 1405.888 1405.876 1405.791 1405.705 1405.619 1405.533 1405.469 1405.421 1405.372 1405.323 1405.276 1405.251 1405.227 1405.202 1405.178 1405.166 1405.166 1405.166 1405.166 1405.166 1405.118 1405.069 1405.02 1404.971 1404.933 1404.908
1407.166 1407.126 1407.091 1407.056 1407.02 1406.93 1406.762 1406.594 1406.427 1406.259 1406.193 1406.14 1406.087 1406.034 1406.0 1406.0 1406.0 1406.0 1406.0 1406.0 1406.0 1406.0 1406.0 1406.0 1406.0 1406.0 1406.0 1406.0 1406.0 1406.0 1406.0 1406.0 1405.997 1405.983 1405.97 1405.956 1405.942 1405.959 1405.991 1406.023 1406.055 1406.073 1405.993 1405.912 1405.832 1405.751 1405.677 1405.607 1405.536 1405.466 1405.397 1405.362 1405.327 1405.292 1405.256 1405.24 1405.24 1405.24 1405.24 1405.24 1405.191 1405.142 1405.093 1405.044 1405.006 1404.982
1407.216 1407.165 1407.119 1407.073 1407.027 1406.936 1406.785 1406.633 1406.482 1406.331 1406.252 1406.183 1406.114 1406.045 1406.0 1406.0 1406.0 1406.0 1406.0 1406.0 1406.0 1406.0 1406.0 1406.0 1406.0 1406.0 1406.0 1406.0 1406.0 1406.0 1406.0 1406.0 1405.999 1405.996 1405.993 1405.99 1405.988 1406.03 1406.094 1406.159 1406.223 1406.27 1406.195 1406.12 1406.045 1405.97 1405.885 1405.793 1405.701 1405.609 1405.519 1405.473 1405.427 1405.381 1405.335 1405.313 1405.313 1405.313 1405.313 1405.313 1405.265 1405.216 1405.167 1405.118 1405.08 1405.055
1407.3 1407.231 1407.167 1407.102 1407.037 1406.938 1406.791 1406.644 1406.497 1406.35 1406.268 1406.195 1406.121 1406.048 1406.0 1406.0 1406.0 1406.0 1406.0 1406.0 1406.0 1406.0 1406.0 1406.01 1406.045 1406.08 1406.115 1406.151 1406.16 1406.16 1406.16 1406.16 1406.157 1406.146 1406.134 1406.122 1406.11 1406.156 1406.229 1406.302 1406.376 1406.427 1406.33 1406.233 1406.136 1406.039 1405.951 1405.869 1405.786 1405.704 1405.624 1405.583 1405.542 1405.501 1405.46 1405.44 1405.44 1405.44 1405.44 1405.44 1405.399 1405.358 1405.317 1405.276 1405.244 1405.223
1407.397 1407.309 1407.223 1407.136 1407.05 1406.938 1406.791 1406.644 1406.497 1406.35 1406.268 1406.195 1406.121 1406.048 1406.0 1406.0 1406.0 1406.0 1406.0 1406.0 1406.0 1406.0 1406.0 1406.023 1406.107 1406.191 1406.275 1406.358 1406.38 1406.38 1406.38 1406.38 1406.375 1406.347 1406.319 1406.291 1406.263 1406.302 1406.376 1406.449 1406.523 1406.57 1406.441 1406.311 1406.182 1406.052 1405.964 1405.903 1405.842 1405.782 1405.723 1405.692 1405.662 1405.632 1405.601 1405.587 1405.587 1405.587 1405.587 1405.587 1405.557 1405.526 1405.496 1405.466 1405.442 1405.427
1407.494 1407.386 1407.278 1407.17 1407.063 1406.938 1406.791 1406.644 1406.497 1406.35 1406.268 1406.195 1406.121 1406.048 1406.0 1406.0 1406.0 1406.0 1406.0 1406.0 1406.0 1406.0 1406.0 1406.036 1406.169 1406.301 1406.434 1406.566 1406.601 1406.601 1406.601 1406.601 1406.592 1406.548 1406.503 1406.459 1406.415 1406.449 1406.523 1406.596 1406.67 1406.713 1406.551 1406.389 1406.227 1406.066 1405.977 1405.938 1405.898 1405.859 1405.821 1405.802 1405.782 1405.763 1405.743 1405.734 1405.734 1405.734 1405.734 1405.734 1405.714 1405.695 1405.675 1405.656 1405.641 1405.631
1407.591 1407.463 1407.334 1407.204 1407.075 1406.938 1406.791 1406.644 1406.497 1406.35 1406.268 1406.195 1406.121 1406.048 1406.0 1406.0 1406.0 1406.0 1406.0 1406.0 1406.0 1406.0 1406.0 1406.05 1406.231 1406.412 1406.593 1406.774 1406.821 1406.821 1406.821 1406.821 1406.809 1406.749 1406.688 1406.628 1406.568 1406.596 1406.67 1406.743 1406.817 1406.855 1406.661 1406.467 1406.273 1406.079 1405.99 1405.972 1405.954 1405.937 1405.92 1405.911 1405.902 1405.894 1405.885 1405.881 1405.881 1405.881 1405.881 1405.881 1405.872 1405.863 1405.855 1405.846 1405.839 1405.835
1407.67 1407.526 1407.379 1407.232 1407.085 1406.938 1406.791 1406.644 1406.497 1406.35 1406.268 1406.195 1406.121 1406.048 1406.0 1406.0 1406.0 1406.0 1406.0 1406.005 1406.011 1406.017 1406.023 1406.087 1406.301 1406.515 1406.73 1406.944 1407.0 1407.0 1407.0 1407.0 1406.986 1406.915 1406.845 1406.774 1406.704 1406.728 1406.798 1406.868 1406.939 1406.972 1406.758 1406.543 1406.329 1406.115 1406.024 1406.018 1406.012 1406.006 1406.0 1406.0 1406.0 1406.0 1406.0 1406.0 1406.0 1406.0 1406.0 1406.0 1406.006 1406.012 1406.018 1406.024 1406.029 1406.032
1407.67 1407.526 1407.379 1407.232 1407.085 1406.938 1406.791 1406.644 1406.497 1406.35 1406.268 1406.195 1406.121 1406.048 1406.0 1406.0 1406.0 1406.0 1406.0 1406.031 1406.07 1406.108 1406.147 1406.225 1406.407 1406.589 1406.771 1406.953 1407.0 1407.0 1407.0 1407.0 1406.989 1406.935 1406.881 1406.826 1406.772 1406.79 1406.844 1406.899 1406.953 1406.976 1406.794 1406.612 1406.43 1406.248 1406.152 1406.113 1406.075 1406.036 1406.0 1406.0 1406.0 1406.0 1406.0 1406.0 1406.0 1406.0 1406.0 1406.0 1406.038 1406.076 1406.115 1406.153 1406.183 1406.203
1407.67 1407.526 1407.379 1407.232 1407.085 1406.938 1406.791 1406.644 1406.497 1406.35 1406.268 1406.195 1406.121 1406.048 1406.0 1406.0 1406.0 1406.0 1406.0 1406.057 1406.128 1406.199 1406.27 1406.363 1406.512 1406.662 1406.811 1406.961 1407.0 1407.0 1407.0 1407.0 1406.992 1406.954 1406.916 1406.878 1406.84 1406.853 1406.891 1406.929 1406.967 1406.98 1406.831 1406.681 1406.532 1406.382 1406.279 1406.209 1406.138 1406.067 1406.0 1406.0 1406.0 1406.0 1406.0 1406.0 1406.0 1406.0 1406.0 1406.0 1406.07 1406.141 1406.212 1406.283 1406.338 1406.373
1407.67 1407.526 1407.379 1407.232 1407.085 1406.938 1406.791 1406.644 1406.497 1406.35 1406.268 1406.195 1406.121 1406.048 1406.0 1406.0 1406.0 1406.0 1406.0 1406.084 1406.187 1406.291 1406.394 1406.501 1406.618 1406.735 1406.852 1406.969 1407.0 1407.0 1407.0 1407.0 1406.996 1406.974 1406.952 1406.93 1406.908 1406.916 1406.937 1406.959 1406.981 1406.985 1406.868 1406.75 1406.633 1406.516 1406.407 1406.304 1406.201 1406.097 1406.0 1406.0 1406.0 1406.0 1406.0 1406.0 1406.0 1406.0 1406.0 1406.0 1406.102 1406.205 1406.308 1406.412 1406.492 1406.543
1407.67 1407.526 1407.379 1407.232 1407.085 1406.938 1406.791 1406.644 1406.497 1406.35 1406.268 1406.195 1406.121 1406.048 1406.0 1406.0 1406.0 1406.0 1406.0 1406.11 1406.246 1406.382 1406.517 1406.639 1406.724 1406.808 1406.893 1406.978 1407.0 1407.0 1407.0 1407.0 1406.999 1406.993 1406.988 1406.982 1406.976 1406.978 1406.984 1406.99 1406.995 1406.989 1406.904 1406.819 1406.735 1406.65 1406.535 1406.399 1406.264 1406.128 1406.0 1406.0 1406.0 1406.0 1406.0 1406.0 1406.0 1406.0 1406.0 1406.0 1406.134 1406.269 1406.405 1406.541 1406.646 1406.714
1407.67 1407.526 1407.379 1407.232 1407.085 1406.938 1406.791 1406.644 1406.497 1406.35 1406.268 1406.195 1406.121 1406.048 1406.0 1406.0 1406.0 1406.0 1406.0 1406.119 1406.266 1406.413 1406.56 1406.687 1406.76 1406.834 1406.907 1406.981 1407.0 1407.0 1407.0 1407.0 1407.0 1407.0 1407.0 1407.0 1407.0 1407.0 1407.0 1407.0 1407.0 1406.992 1406.929 1406.866 1406.803 1406.74 1406.64 1406.514 1406.388 1406.262 1406.144 1406.144 1406.144 1406.144 1406.144 1406.144 1406.144 1406.144 1406.144 1406.144 1406.268 1406.394 1406.519 1406.645 1406.751 1406.831
1407.67 1407.526 1407.379 1407.232 1407.085 1406.938 1406.791 1406.644 1406.497 1406.35 1406.268 1406.195 1406.121 1406.048 1406.0 1406.0 1406.0 1406.0 1406.0 1406.119 1406.266 1406.413 1406.56 1406.687 1406.76 1406.834 1406.907 1406.981 1407.0 1407.0 1407.0 1407.0 1407.0 1407.0 1407.0 1407.0 1407.0 1407.0 1407.0 1407.0 1407.0 1406.994 1406.947 1406.901 1406.854 1406.807 1406.733 1406.639 1406.546 1406.452 1406.364 1406.364 1406.364 1406.364 1406.364 1406.364 1406.364 1406.364 1406.364 1406.364 1406.456 1406.55 1406.643 1406.737 1406.829 1406.92
1407.67 1407.526 1407.379 1407.232 1407.085 1406.938 1406.791 1406.644 1406.497 1406.35 1406.268 1406.195 1406.121 1406.048 1406.0 1406.0 1406.0 1406.0 1406.0 1406.119 1406.266 1406.413 1406.56 1406.687 1406.76 1406.834 1406.907 1406.981 1407.0 1407.0 1407.0 1407.0 1407.0 1407.0 1407.0 1407.0 1407.0 1407.0 1407.0 1407.0 1407.0 1406.996 1406.965 1406.935 1406.904 1406.874 1406.825 1406.764 1406.703 1406.642 1406.585 1406.585 1406.585 1406.585 1406.585 1406.585 1406.585 1406.585 1406.585 1406.585 1406.645 1406.706 1406.767 1406.828 1406.907 1407.01
1407.67 1407.526 1407.379 1407.232 1407.085 1406.938 1406.791 1406.644 1406.497 1406.35 1406.268 1406.195 1406.121 1406.048 1406.0 1406.0 1406.0 1406.0 1406.0 1406.119 1406.266 1406.413 1406.56 1406.687 1406.76 1406.834 1406.907 1406.981 1407.0 1407.0 1407.0 1407.0 1407.0 1407.0 1407.0 1407.0 1407.0 1407.0 1407.0 1407.0 1407.0 1406.998 1406.984 1406.969 1406.955 1406.941 1406.918 1406.889 1406.861 1406.832 1406.805 1406.805 1406.805 1406.805 1406.805 1406.805 1406.805 1406.805 1406.805 1406.805 1406.833 1406.862 1406.891 1406.919 1406.986 1407.099
1407.678 1407.533 1407.384 1407.235 1407.086 1406.94 1406.797 1406.653 1406.51 1406.367 1406.282 1406.205 1406.128 1406.05 1406.0 1406.0 1406.0 1406.0 1406.0 1406.119 1406.266 1406.413 1406.56 1406.687 1406.76 1406.834 1406.907 1406.981 1407.0 1407.0 1407.0 1407.0 1407.0 1407.0 1407.0 1407.0 1407.0 1407.0 1407.0 1407.0 1407.0 1407.0 1407.0 1407.0 1407.0 1407.0 1407.0 1407.0 1407.0 1407.0 1407.0 1407.0 1407.0 1407.0 1407.0 1407.0 1407.0 1407.0 1407.0 1407.0 1407.004 1407.007 1407.011 1407.015 1407.072 1407.193
