data/zism_data/00318_04_D.txt
ncols         224
nrows         224
[rows 196 to 223 of 224, columns 0 to 63 of 224]
1475.816 1468.743 1461.669 1452.551 1443.142 1433.734 1424.325 1416.216 1412.549 1408.883 1405.216 1401.549 1400.017 1400.047 1400.077 1400.107 1400.136 1401.083 1402.1 1403.117 1404.135 1405.514 1407.826 1410.139 1412.451 1414.763 1416.489 1417.871 1419.254 1420.636 1422.018 1423.991 1425.974 1427.957 1429.94 1431.445 1431.995 1432.544 1433.094 1433.643 1434.351 1435.131 1435.911 1436.691 1442.285 1441.496 1440.706 1439.917 1439.127 1438.528 1438.18 1437.832 1437.484 1437.136 1440.795 1445.292 1449.788 1454.284 1458.063 1459.342 1460.62 1461.899 1463.178 1462.584
1481.572 1475.588 1469.605 1459.832 1449.52 1439.208 1428.896 1419.9 1415.4 1410.9 1406.401 1401.901 1400.0 1400.0 1400.0 1400.0 1400.0 1400.505 1401.048 1401.592 1402.136 1402.97 1404.554 1406.137 1407.721 1409.304 1410.426 1411.277 1412.128 1412.98 1413.831 1415.311 1416.802 1418.293 1419.784 1420.921 1421.349 1421.778 1422.206 1422.635 1423.035 1423.423 1423.811 1424.198 1428.77 1427.918 1427.067 1426.215 1425.364 1424.95 1425.113 1425.276 1425.439 1425.602 1429.567 1434.326 1439.086 1443.845 1447.657 1448.174 1448.69 1449.206 1449.722 1448.54
1474.805 1468.659 1462.513 1453.766 1444.648 1435.531 1426.413 1418.417 1414.253 1410.088 1405.924 1401.759 1400.0 1400.0 1400.0 1400.0 1400.0 1400.393 1400.816 1401.239 1401.662 1402.312 1403.544 1404.777 1406.009 1407.242 1408.121 1408.794 1409.468 1410.141 1410.814 1412.008 1413.21 1414.413 1415.616 1416.549 1416.941 1417.332 1417.724 1418.116 1418.576 1419.069 1419.562 1420.054 1424.819 1423.835 1422.852 1421.868 1420.884 1420.345 1420.392 1420.438 1420.485 1420.531 1423.776 1427.689 1431.602 1435.515 1438.605 1438.83 1439.055 1439.281 1439.506 1438.419
1468.037 1461.729 1455.421 1447.699 1439.776 1431.853 1423.93 1416.934 1413.105 1409.276 1405.447 1401.617 1400.0 1400.0 1400.0 1400.0 1400.0 1400.281 1400.584 1400.886 1401.189 1401.653 1402.535 1403.416 1404.298 1405.179 1405.817 1406.312 1406.807 1407.302 1407.797 1408.704 1409.619 1410.534 1411.449 1412.177 1412.532 1412.887 1413.242 1413.597 1414.118 1414.715 1415.312 1415.91 1420.869 1419.753 1418.637 1417.521 1416.405 1415.74 1415.67 1415.6 1415.531 1415.461 1417.986 1421.052 1424.118 1427.185 1429.552 1429.487 1429.421 1429.355 1429.289 1428.298
1461.27 1454.8 1448.329 1441.633 1434.904 1428.176 1421.448 1415.451 1411.958 1408.464 1404.97 1401.476 1400.0 1400.0 1400.0 1400.0 1400.0 1400.169 1400.351 1400.533 1400.715 1400.995 1401.525 1402.056 1402.586 1403.116 1403.512 1403.829 1404.146 1404.463 1404.78 1405.401 1406.028 1406.654 1407.281 1407.805 1408.123 1408.441 1408.76 1409.078 1409.659 1410.361 1411.063 1411.765 1416.918 1415.67 1414.422 1413.173 1411.925 1411.135 1410.949 1410.763 1410.577 1410.39 1412.195 1414.415 1416.635 1418.855 1420.5 1420.143 1419.786 1419.43 1419.073 1418.177
1454.503 1447.87 1441.238 1435.567 1430.033 1424.499 1418.965 1413.969 1410.81 1407.651 1404.493 1401.334 1400.0 1400.0 1400.0 1400.0 1400.0 1400.057 1400.119 1400.18 1400.242 1400.336 1400.516 1400.695 1400.875 1401.054 1401.208 1401.346 1401.485 1401.624 1401.763 1402.098 1402.436 1402.775 1403.113 1403.433 1403.714 1403.996 1404.278 1404.559 1405.2 1406.007 1406.814 1407.621 1412.967 1411.587 1410.207 1408.826 1407.446 1406.53 1406.228 1405.925 1405.622 1405.32 1406.404 1407.778 1409.151 1410.525 1411.447 1410.8 1410.152 1409.504 1408.856 1408.056
1446.465 1440.1 1433.735 1429.073 1424.655 1420.236 1415.817 1411.795 1409.128 1406.461 1403.794 1401.127 1400.0 1400.0 1400.0 1400.0 1400.0 1400.0 1400.0 1400.0 1400.0 1400.006 1400.03 1400.053 1400.076 1400.099 1400.154 1400.227 1400.3 1400.374 1400.447 1400.594 1400.741 1400.889 1401.036 1401.218 1401.468 1401.719 1401.969 1402.219 1402.902 1403.786 1404.669 1405.553 1410.523 1409.168 1407.814 1406.459 1405.104 1404.174 1403.804 1403.434 1403.065 1402.695 1403.281 1404.067 1404.853 1405.639 1406.091 1405.38 1404.669 1403.958 1403.247 1402.576
1437.098 1431.45 1425.803 1422.135 1418.748 1415.361 1411.974 1408.899 1406.887 1404.875 1402.862 1400.85 1400.0 1400.0 1400.0 1400.0 1400.0 1400.0 1400.0 1400.0 1400.0 1400.02 1400.09 1400.16 1400.23 1400.301 1400.406 1400.532 1400.657 1400.783 1400.909 1400.969 1401.027 1401.086 1401.145 1401.258 1401.482 1401.706 1401.93 1402.154 1402.861 1403.792 1404.723 1405.653 1409.653 1408.489 1407.324 1406.16 1404.996 1404.167 1403.781 1403.396 1403.01 1402.625 1402.945 1403.414 1403.882 1404.351 1404.595 1404.059 1403.522 1402.986 1402.449 1401.943
1427.73 1422.801 1417.871 1415.196 1412.841 1410.487 1408.132 1406.003 1404.646 1403.288 1401.931 1400.573 1400.0 1400.0 1400.0 1400.0 1400.0 1400.0 1400.0 1400.0 1400.0 1400.033 1400.15 1400.268 1400.385 1400.502 1400.658 1400.836 1401.015 1401.193 1401.371 1401.344 1401.314 1401.283 1401.253 1401.298 1401.496 1401.694 1401.891 1402.089 1402.821 1403.798 1404.776 1405.754 1408.783 1407.809 1406.835 1405.861 1404.887 1404.16 1403.759 1403.357 1402.956 1402.554 1402.61 1402.761 1402.912 1403.063 1403.1 1402.738 1402.376 1402.014 1401.652 1401.311
1418.363 1414.151 1409.94 1408.257 1406.935 1405.612 1404.289 1403.107 1402.405 1401.702 1400.999 1400.297 1400.0 1400.0 1400.0 1400.0 1400.0 1400.0 1400.0 1400.0 1400.0 1400.046 1400.211 1400.375 1400.54 1400.704 1400.91 1401.141 1401.371 1401.602 1401.833 1401.719 1401.6 1401.48 1401.361 1401.338 1401.51 1401.681 1401.853 1402.024 1402.78 1403.805 1404.829 1405.854 1407.913 1407.13 1406.346 1405.563 1404.779 1404.153 1403.736 1403.319 1402.901 1402.484 1402.274 1402.108 1401.942 1401.776 1401.604 1401.417 1401.23 1401.043 1400.855 1400.679
1408.996 1405.502 1402.008 1401.318 1401.028 1400.737 1400.447 1400.211 1400.164 1400.116 1400.068 1400.02 1400.0 1400.0 1400.0 1400.0 1400.0 1400.0 1400.0 1400.0 1400.0 1400.059 1400.271 1400.483 1400.694 1400.906 1401.163 1401.446 1401.729 1402.011 1402.295 1402.095 1401.886 1401.677 1401.469 1401.378 1401.524 1401.669 1401.814 1401.959 1402.739 1403.811 1404.883 1405.955 1407.043 1406.45 1405.857 1405.264 1404.671 1404.146 1403.713 1403.28 1402.847 1402.414 1401.939 1401.455 1400.971 1400.488 1400.109 1400.096 1400.084 1400.071 1400.058 1400.046
1406.716 1403.93 1401.144 1400.647 1400.475 1400.304 1400.133 1400.043 1400.232 1400.422 1400.611 1400.801 1401.108 1401.501 1401.894 1402.288 1402.681 1402.285 1401.829 1401.372 1400.916 1400.738 1401.279 1401.819 1402.36 1402.9 1403.939 1405.27 1406.601 1407.932 1409.263 1408.599 1407.898 1407.197 1406.496 1405.774 1405.01 1404.245 1403.48 1402.716 1403.775 1405.676 1407.577 1409.478 1406.369 1405.77 1405.172 1404.573 1403.974 1403.531 1403.292 1403.054 1402.816 1402.578 1402.166 1401.718 1401.27 1400.822 1400.48 1400.504 1400.529 1400.553 1400.578 1401.14
1404.994 1402.916 1400.837 1400.469 1400.345 1400.22 1400.096 1400.089 1400.483 1400.877 1401.27 1401.664 1402.303 1403.12 1403.938 1404.756 1405.573 1404.75 1403.802 1402.853 1401.904 1401.47 1402.361 1403.253 1404.144 1405.036 1406.915 1409.372 1411.829 1414.287 1416.744 1415.585 1414.361 1413.136 1411.911 1410.514 1408.769 1407.025 1405.281 1403.536 1404.896 1407.687 1410.479 1413.271 1405.711 1405.091 1404.471 1403.851 1403.231 1402.867 1402.84 1402.814 1402.787 1402.76 1402.438 1402.053 1401.669 1401.284 1400.997 1401.048 1401.099 1401.15 1401.201 1402.369
1403.272 1401.901 1400.529 1400.291 1400.214 1400.137 1400.06 1400.135 1400.734 1401.332 1401.929 1402.528 1403.498 1404.74 1405.982 1407.224 1408.466 1407.216 1405.774 1404.333 1402.891 1402.201 1403.443 1404.686 1405.929 1407.171 1409.891 1413.474 1417.058 1420.641 1424.225 1422.572 1420.823 1419.075 1417.326 1415.253 1412.529 1409.805 1407.081 1404.357 1406.016 1409.699 1413.381 1417.063 1405.053 1404.411 1403.77 1403.129 1402.488 1402.203 1402.388 1402.573 1402.758 1402.943 1402.709 1402.388 1402.067 1401.746 1401.514 1401.592 1401.669 1401.747 1401.824 1403.598
1401.551 1400.886 1400.222 1400.113 1400.083 1400.053 1400.023 1400.182 1400.984 1401.786 1402.589 1403.391 1404.693 1406.359 1408.025 1409.692 1411.358 1409.681 1407.747 1405.813 1403.879 1402.932 1404.526 1406.12 1407.713 1409.307 1412.866 1417.576 1422.286 1426.996 1431.706 1429.559 1427.286 1425.014 1422.741 1419.992 1416.288 1412.585 1408.881 1405.178 1407.137 1411.71 1416.283 1420.855 1404.394 1403.732 1403.07 1402.407 1401.745 1401.539 1401.936 1402.333 1402.729 1403.126 1402.981 1402.724 1402.466 1402.208 1402.032 1402.135 1402.239 1402.343 1402.447 1404.827
1401.7 1401.343 1400.987 1400.805 1400.648 1400.491 1400.335 1400.5 1401.765 1403.029 1404.294 1405.559 1407.344 1409.509 1411.675 1413.84 1416.005 1413.748 1411.152 1408.555 1405.958 1404.578 1406.325 1408.073 1409.82 1411.568 1416.028 1422.075 1428.121 1434.168 1440.214 1437.778 1435.186 1432.594 1430.002 1426.761 1422.219 1417.677 1413.136 1408.594 1410.837 1416.21 1421.583 1426.957 1404.294 1403.556 1402.819 1402.081 1401.344 1401.232 1401.944 1402.656 1403.369 1404.081 1404.065 1403.896 1403.727 1403.558 1403.477 1403.702 1403.927 1404.152 1404.377 1407.467
1405.106 1404.361 1403.617 1403.011 1402.424 1401.838 1401.252 1401.291 1403.467 1405.644 1407.82 1409.997 1412.53 1415.324 1418.118 1420.912 1423.706 1420.603 1417.048 1413.492 1409.937 1407.813 1409.372 1410.931 1412.49 1414.049 1419.513 1427.263 1435.012 1442.761 1450.511 1448.141 1445.586 1443.031 1440.475 1437.061 1431.927 1426.794 1421.66 1416.526 1419.023 1425.041 1431.059 1437.077 1405.165 1404.258 1403.351 1402.444 1401.538 1401.544 1402.753 1403.963 1405.173 1406.382 1406.561 1406.524 1406.488 1406.451 1406.536 1407.047 1407.558 1408.068 1408.579 1412.561
1408.511 1407.379 1406.247 1405.217 1404.201 1403.185 1402.169 1402.082 1405.17 1408.258 1411.346 1414.434 1417.716 1421.138 1424.561 1427.984 1431.406 1427.458 1422.944 1418.43 1413.916 1411.048 1412.418 1413.789 1415.159 1416.53 1422.999 1432.451 1441.903 1451.355 1460.807 1458.504 1455.985 1453.467 1450.948 1447.362 1441.636 1435.91 1430.184 1424.458 1427.209 1433.872 1440.534 1447.196 1406.036 1404.959 1403.883 1402.807 1401.731 1401.856 1403.563 1405.27 1406.977 1408.683 1409.057 1409.153 1409.249 1409.344 1409.596 1410.392 1411.189 1411.985 1412.781 1417.655
1411.917 1410.397 1408.878 1407.423 1405.977 1404.531 1403.086 1402.873 1406.873 1410.872 1414.872 1418.872 1422.901 1426.953 1431.004 1435.056 1439.107 1434.313 1428.84 1423.367 1417.894 1414.283 1415.465 1416.647 1417.829 1419.011 1426.485 1437.64 1448.794 1459.949 1471.103 1468.867 1466.385 1463.903 1461.422 1457.662 1451.344 1445.026 1438.709 1432.391 1435.396 1442.702 1450.009 1457.316 1406.906 1405.661 1404.416 1403.17 1401.925 1402.167 1404.372 1406.576 1408.78 1410.985 1411.554 1411.782 1412.01 1412.237 1412.656 1413.738 1414.82 1415.902 1416.984 1422.749
1415.323 1413.415 1411.508 1409.629 1407.753 1405.878 1404.003 1403.664 1408.576 1413.487 1418.398 1423.309 1428.087 1432.767 1437.447 1442.128 1446.808 1441.168 1434.736 1428.304 1421.873 1417.519 1418.512 1419.505 1420.498 1421.492 1429.97 1442.828 1455.685 1468.542 1481.4 1479.23 1476.785 1474.34 1471.895 1467.962 1461.052 1454.143 1447.233 1440.323 1443.582 1451.533 1459.484 1467.435 1407.777 1406.363 1404.948 1403.533 1402.119 1402.479 1405.181 1407.882 1410.584 1413.286 1414.05 1414.41 1414.771 1415.131 1415.716 1417.083 1418.451 1419.818 1421.186 1427.843
1424.471 1421.802 1419.132 1416.104 1413.025 1409.946 1406.867 1405.899 1412.138 1418.377 1424.617 1430.856 1436.179 1440.831 1445.484 1450.137 1454.789 1448.355 1441.07 1433.784 1426.499 1421.409 1421.97 1422.53 1423.091 1423.652 1432.19 1445.396 1458.602 1471.807 1485.013 1483.265 1481.244 1479.222 1477.201 1473.794 1467.613 1461.432 1455.251 1449.07 1452.079 1459.328 1466.578 1473.827 1409.365 1408.146 1406.928 1405.709 1404.49 1405.342 1408.923 1412.504 1416.085 1419.666 1420.717 1421.239 1421.761 1422.283 1423.056 1424.7 1426.345 1427.99 1429.635 1436.131
1435.029 1431.506 1427.982 1423.628 1419.156 1414.683 1410.21 1408.488 1416.157 1423.827 1431.496 1439.166 1444.984 1449.448 1453.912 1458.376 1462.84 1455.623 1447.51 1439.397 1431.284 1425.46 1425.528 1425.597 1425.665 1425.733 1434.1 1447.322 1460.543 1473.764 1486.985 1485.747 1484.245 1482.742 1481.239 1478.529 1473.401 1468.273 1463.145 1458.017 1460.652 1466.869 1473.087 1479.304 1411.129 1410.196 1409.263 1408.33 1407.397 1408.831 1413.385 1417.939 1422.494 1427.048 1428.407 1429.098 1429.79 1430.481 1431.447 1433.366 1435.286 1437.206 1439.126 1445.203
1445.587 1441.21 1436.833 1431.152 1425.286 1419.42 1413.554 1411.077 1420.177 1429.276 1438.376 1447.476 1453.789 1458.064 1462.34 1466.615 1470.891 1462.892 1453.951 1445.01 1436.069 1429.511 1429.087 1428.663 1428.239 1427.815 1436.01 1449.247 1462.484 1475.721 1488.958 1488.229 1487.245 1486.261 1485.277 1483.263 1479.188 1475.114 1471.039 1466.963 1469.225 1474.41 1479.596 1484.781 1412.892 1412.245 1411.598 1410.95 1410.303 1412.319 1417.847 1423.375 1428.902 1434.43 1436.097 1436.958 1437.818 1438.679 1439.837 1442.032 1444.227 1446.422 1448.617 1454.275
1456.144 1450.913 1445.682 1438.675 1431.416 1424.156 1416.897 1413.666 1424.196 1434.726 1445.255 1455.786 1462.594 1466.681 1470.767 1474.854 1478.941 1470.16 1460.392 1450.623 1440.854 1433.562 1432.646 1431.729 1430.813 1429.896 1437.919 1451.172 1464.425 1477.677 1490.93 1490.711 1490.246 1489.781 1489.315 1487.998 1484.976 1481.954 1478.932 1475.91 1477.798 1481.951 1486.104 1490.258 1414.656 1414.294 1413.933 1413.571 1413.209 1415.808 1422.309 1428.81 1435.311 1441.812 1443.787 1444.817 1445.847 1446.877 1448.228 1450.698 1453.168 1455.638 1458.108 1463.346
1465.029 1459.083 1453.137 1445.079 1436.721 1428.363 1420.005 1416.171 1427.783 1439.396 1451.009 1462.623 1469.797 1473.726 1477.654 1481.583 1485.511 1476.264 1466.006 1455.748 1445.489 1437.773 1436.597 1435.422 1434.246 1433.071 1440.811 1453.768 1466.725 1479.682 1492.638 1492.813 1492.754 1492.695 1492.636 1491.882 1489.735 1487.588 1485.441 1483.294 1484.842 1488.096 1491.35 1494.604 1417.164 1417.24 1417.316 1417.391 1417.467 1420.612 1427.803 1434.995 1442.186 1449.378 1451.528 1452.625 1453.722 1454.82 1456.251 1458.847 1461.443 1464.039 1466.635 1471.38
1468.639 1462.415 1456.191 1447.952 1439.427 1430.901 1422.376 1418.409 1430.011 1441.614 1453.216 1464.819 1471.953 1475.818 1479.684 1483.55 1487.415 1478.699 1469.017 1459.335 1449.653 1442.485 1441.786 1441.087 1440.389 1439.69 1446.8 1458.479 1470.157 1481.835 1493.514 1493.717 1493.711 1493.704 1493.697 1493.082 1491.25 1489.417 1487.585 1485.752 1487.07 1489.842 1492.614 1495.385 1422.019 1423.01 1424.0 1424.991 1425.982 1429.561 1436.551 1443.542 1450.532 1457.523 1459.428 1460.271 1461.115 1461.958 1463.116 1465.368 1467.62 1469.872 1472.124 1476.142
1472.249 1465.747 1459.246 1450.826 1442.132 1433.439 1424.746 1420.647 1432.239 1443.831 1455.423 1467.016 1474.108 1477.911 1481.714 1485.517 1489.32 1481.134 1472.029 1462.923 1453.817 1447.197 1446.975 1446.753 1446.531 1446.309 1452.788 1463.189 1473.589 1483.989 1494.389 1494.621 1494.667 1494.713 1494.758 1494.283 1492.765 1491.247 1489.728 1488.21 1489.297 1491.587 1493.877 1496.167 1426.874 1428.779 1430.685 1432.591 1434.497 1438.51 1445.299 1452.089 1458.878 1465.668 1467.328 1467.918 1468.507 1469.097 1469.98 1471.889 1473.797 1475.705 1477.614 1480.904
1475.859 1469.08 1462.301 1453.699 1444.838 1435.977 1427.116 1422.885 1434.467 1446.048 1457.63 1469.212 1476.264 1480.004 1483.744 1487.484 1491.224 1483.569 1475.04 1466.51 1457.981 1451.909 1452.164 1452.419 1452.673 1452.928 1458.777 1467.899 1477.021 1486.143 1495.265 1495.525 1495.623 1495.721 1495.82 1495.484 1494.28 1493.076 1491.872 1490.668 1491.525 1493.333 1495.141 1496.949 1431.728 1434.549 1437.37 1440.191 1443.013 1447.458 1454.047 1460.636 1467.224 1473.813 1475.229 1475.564 1475.9 1476.235 1476.845 1478.409 1479.974 1481.538 1483.103 1485.666
