data/zism_data/00318_01_D.txt
ncols         224
nrows         224
[rows 196 to 223 of 224, columns 128 to 191 of 224]
1503.948 1501.824 1499.701 1497.578 1495.455 1494.162 1493.693 1493.224 1492.755 1492.285 1492.938 1493.784 1494.629 1495.475 1496.302 1497.054 1497.807 1498.559 1499.312 1499.688 1499.764 1499.841 1499.917 1499.993 1498.963 1497.818 1496.674 1495.53 1491.365 1478.499 1465.633 1452.767 1439.901 1430.302 1422.802 1415.301 1407.801 1400.301 1400.0 1400.0 1400.0 1400.0 1400.087 1400.367 1400.646 1400.926 1401.206 1402.37 1403.986 1405.602 1407.218 1408.889 1414.676 1420.463 1426.25 1432.037 1438.751 1447.084 1455.417 1463.75 1472.083 1479.289 1486.047 1492.806
1506.667 1504.183 1501.699 1499.216 1496.732 1495.236 1494.722 1494.207 1493.692 1493.177 1493.704 1494.412 1495.119 1495.827 1496.533 1497.238 1497.943 1498.648 1499.353 1499.704 1499.771 1499.838 1499.904 1499.971 1498.746 1497.388 1496.03 1494.672 1490.344 1477.457 1464.57 1451.683 1438.797 1429.338 1422.082 1414.826 1407.57 1400.314 1400.018 1400.013 1400.008 1400.003 1400.132 1400.558 1400.984 1401.409 1401.835 1402.806 1404.055 1405.305 1406.554 1407.852 1412.786 1417.721 1422.655 1427.589 1433.641 1441.644 1449.647 1457.651 1465.654 1472.656 1479.259 1485.862
1513.299 1509.736 1506.173 1502.61 1499.047 1496.893 1496.137 1495.381 1494.625 1493.87 1494.308 1494.953 1495.597 1496.242 1496.883 1497.509 1498.135 1498.762 1499.388 1499.686 1499.722 1499.757 1499.793 1499.828 1498.201 1496.403 1494.605 1492.807 1488.184 1475.423 1462.662 1449.901 1437.14 1427.96 1421.081 1414.202 1407.323 1400.445 1400.134 1400.098 1400.061 1400.025 1400.365 1401.54 1402.715 1403.889 1405.064 1406.833 1408.905 1410.977 1413.049 1415.146 1419.058 1422.97 1426.883 1430.795 1435.963 1443.322 1450.681 1458.04 1465.399 1472.135 1478.623 1485.111
1519.931 1515.289 1510.647 1506.005 1501.362 1498.55 1497.553 1496.556 1495.559 1494.562 1494.912 1495.494 1496.076 1496.657 1497.232 1497.78 1498.328 1498.875 1499.423 1499.669 1499.673 1499.677 1499.681 1499.685 1497.656 1495.418 1493.18 1490.941 1486.025 1473.389 1460.754 1448.119 1435.484 1426.582 1420.081 1413.579 1407.077 1400.576 1400.25 1400.182 1400.114 1400.047 1400.598 1402.522 1404.446 1406.37 1408.294 1410.86 1413.755 1416.649 1419.544 1422.439 1425.329 1428.22 1431.111 1434.002 1438.286 1445.001 1451.715 1458.43 1465.144 1471.614 1477.987 1484.359
1526.563 1520.842 1515.121 1509.399 1503.678 1500.208 1498.969 1497.731 1496.493 1495.255 1495.516 1496.035 1496.554 1497.073 1497.581 1498.05 1498.52 1498.989 1499.458 1499.651 1499.624 1499.597 1499.569 1499.542 1497.111 1494.433 1491.755 1489.076 1483.865 1471.355 1458.846 1446.336 1433.827 1425.204 1419.08 1412.955 1406.831 1400.707 1400.366 1400.266 1400.167 1400.068 1400.831 1403.504 1406.177 1408.85 1411.523 1414.887 1418.605 1422.322 1426.039 1429.732 1431.601 1433.47 1435.34 1437.209 1440.609 1446.679 1452.749 1458.819 1464.889 1471.093 1477.351 1483.608
1533.196 1526.395 1519.594 1512.794 1505.993 1501.865 1500.385 1498.906 1497.427 1495.948 1496.12 1496.576 1497.032 1497.488 1497.93 1498.321 1498.712 1499.102 1499.493 1499.634 1499.575 1499.516 1499.457 1499.398 1496.566 1493.448 1490.329 1487.211 1481.705 1469.322 1456.938 1444.554 1432.17 1423.827 1418.079 1412.332 1406.585 1400.838 1400.482 1400.351 1400.22 1400.09 1401.064 1404.486 1407.908 1411.331 1414.753 1418.915 1423.454 1427.994 1432.534 1437.025 1437.872 1438.72 1439.568 1440.416 1442.931 1448.357 1453.783 1459.209 1464.634 1470.573 1476.715 1482.857
1537.487 1530.128 1522.768 1515.409 1508.049 1503.517 1501.787 1500.058 1498.329 1496.599 1496.673 1497.057 1497.441 1497.824 1498.199 1498.539 1498.879 1499.219 1499.559 1499.632 1499.492 1499.352 1499.213 1499.073 1495.921 1492.458 1488.996 1485.534 1479.994 1468.47 1456.946 1445.422 1433.898 1425.992 1420.412 1414.831 1409.25 1403.67 1402.734 1401.993 1401.252 1400.511 1401.304 1405.497 1409.69 1413.883 1418.076 1423.129 1428.621 1434.114 1439.606 1445.028 1445.232 1445.437 1445.641 1445.845 1447.644 1452.227 1456.81 1461.393 1465.977 1471.462 1477.306 1483.15
1540.161 1532.602 1525.044 1517.485 1509.927 1505.166 1503.18 1501.194 1499.208 1497.222 1497.19 1497.496 1497.801 1498.106 1498.412 1498.72 1499.029 1499.337 1499.646 1499.641 1499.386 1499.131 1498.876 1498.621 1495.206 1491.466 1487.726 1483.986 1478.593 1468.436 1458.28 1448.123 1437.966 1430.608 1425.048 1419.488 1413.929 1408.369 1406.464 1404.712 1402.96 1401.207 1401.548 1406.527 1411.506 1416.484 1421.463 1427.472 1434.007 1440.542 1447.077 1453.523 1453.345 1453.167 1452.988 1452.81 1454.009 1457.613 1461.216 1464.82 1468.423 1473.326 1478.746 1484.165
1542.834 1535.076 1527.319 1519.561 1511.804 1506.815 1504.572 1502.329 1500.087 1497.844 1497.708 1497.935 1498.161 1498.388 1498.625 1498.902 1499.179 1499.456 1499.733 1499.65 1499.28 1498.909 1498.539 1498.169 1494.492 1490.474 1486.456 1482.439 1477.192 1468.402 1459.613 1450.823 1442.034 1435.223 1429.685 1424.146 1418.607 1413.068 1410.194 1407.431 1404.667 1401.904 1401.793 1407.557 1413.322 1419.086 1424.851 1431.816 1439.393 1446.971 1454.548 1462.018 1461.457 1460.896 1460.336 1459.775 1460.374 1462.998 1465.622 1468.246 1470.87 1475.19 1480.185 1485.181
1545.507 1537.551 1529.594 1521.637 1513.681 1508.464 1505.965 1503.465 1500.966 1498.466 1498.225 1498.373 1498.521 1498.669 1498.837 1499.083 1499.329 1499.574 1499.82 1499.659 1499.174 1498.688 1498.202 1497.717 1493.777 1489.482 1485.187 1480.891 1475.79 1468.368 1460.946 1453.524 1446.102 1439.839 1434.321 1428.803 1423.286 1417.768 1413.924 1410.149 1406.375 1402.601 1402.037 1408.587 1415.138 1421.688 1428.238 1436.159 1444.779 1453.399 1462.019 1470.513 1469.57 1468.626 1467.683 1466.74 1466.739 1468.383 1470.028 1471.672 1473.316 1477.054 1481.625 1486.196
1548.107 1539.957 1531.808 1523.658 1515.509 1510.07 1507.321 1504.572 1501.822 1499.073 1498.731 1498.804 1498.876 1498.949 1499.05 1499.263 1499.475 1499.688 1499.901 1499.661 1499.059 1498.457 1497.855 1497.253 1493.072 1488.521 1483.971 1479.421 1474.483 1468.427 1462.371 1456.315 1450.259 1444.544 1439.048 1433.552 1428.057 1422.561 1417.734 1412.935 1408.137 1403.338 1402.305 1409.616 1416.927 1424.238 1431.549 1440.405 1450.049 1459.694 1469.338 1478.838 1477.537 1476.237 1474.936 1473.636 1473.057 1473.74 1474.422 1475.104 1475.786 1478.945 1483.089 1487.234
1548.255 1540.115 1531.976 1523.837 1515.698 1510.255 1507.484 1504.714 1501.944 1499.174 1498.851 1498.95 1499.048 1499.147 1499.253 1499.387 1499.521 1499.656 1499.79 1499.428 1498.669 1497.909 1497.15 1496.391 1492.651 1488.603 1484.556 1480.509 1476.287 1471.562 1466.837 1462.111 1457.386 1452.224 1446.78 1441.337 1435.893 1430.45 1424.222 1417.962 1411.702 1405.442 1403.377 1410.609 1417.842 1425.074 1432.306 1441.41 1451.468 1461.526 1471.584 1481.499 1480.681 1479.862 1479.043 1478.225 1477.816 1478.121 1478.426 1478.73 1479.035 1481.731 1485.378 1489.024
1548.402 1540.274 1532.145 1524.016 1515.888 1510.439 1507.648 1504.857 1502.065 1499.274 1498.971 1499.096 1499.221 1499.345 1499.456 1499.512 1499.568 1499.623 1499.679 1499.194 1498.278 1497.361 1496.445 1495.528 1492.23 1488.685 1485.141 1481.597 1478.091 1474.697 1471.302 1467.908 1464.514 1459.904 1454.512 1449.121 1443.73 1438.339 1430.711 1422.989 1415.267 1407.545 1404.449 1411.603 1418.756 1425.91 1433.064 1442.415 1452.887 1463.359 1473.831 1484.16 1483.824 1483.487 1483.151 1482.814 1482.574 1482.502 1482.429 1482.357 1482.285 1484.517 1487.666 1490.815
1548.55 1540.432 1532.314 1524.196 1516.078 1510.623 1507.811 1504.999 1502.187 1499.375 1499.091 1499.242 1499.393 1499.544 1499.659 1499.636 1499.613 1499.59 1499.568 1498.961 1497.887 1496.814 1495.74 1494.666 1491.809 1488.767 1485.726 1482.685 1479.895 1477.832 1475.768 1473.704 1471.641 1467.583 1462.245 1456.906 1451.567 1446.228 1437.199 1428.015 1418.832 1409.648 1405.52 1412.596 1419.671 1426.746 1433.821 1443.419 1454.305 1465.191 1476.077 1486.822 1486.967 1487.113 1487.258 1487.403 1487.332 1486.883 1486.433 1485.984 1485.534 1487.303 1489.954 1492.605
1548.698 1540.59 1532.483 1524.375 1516.267 1510.808 1507.975 1505.141 1502.308 1499.475 1499.21 1499.388 1499.565 1499.742 1499.862 1499.761 1499.659 1499.558 1499.456 1498.728 1497.497 1496.266 1495.035 1493.804 1491.388 1488.849 1486.311 1483.773 1481.699 1480.967 1480.234 1479.501 1478.768 1475.263 1469.977 1464.69 1459.404 1454.118 1443.687 1433.042 1422.397 1411.751 1406.592 1413.589 1420.585 1427.582 1434.578 1444.424 1455.724 1467.024 1478.324 1489.483 1490.11 1490.738 1491.365 1491.993 1492.09 1491.264 1490.437 1489.61 1488.784 1490.089 1492.242 1494.396
1549.378 1541.188 1532.997 1524.807 1516.617 1511.091 1508.208 1505.324 1502.441 1499.557 1499.312 1499.52 1499.728 1499.937 1500.067 1499.894 1499.722 1499.549 1499.376 1498.562 1497.235 1495.909 1494.582 1493.255 1491.297 1489.274 1487.25 1485.227 1483.755 1483.874 1483.992 1484.11 1484.228 1481.115 1475.925 1470.735 1465.545 1460.355 1449.078 1437.546 1426.014 1414.482 1408.594 1415.211 1421.828 1428.445 1435.062 1444.898 1456.376 1467.855 1479.334 1490.676 1491.719 1492.762 1493.806 1494.849 1495.163 1494.204 1493.244 1492.285 1491.326 1492.334 1494.124 1495.915
1550.665 1542.286 1533.907 1525.528 1517.149 1511.487 1508.52 1505.553 1502.585 1499.618 1499.392 1499.637 1499.882 1500.127 1500.273 1500.038 1499.802 1499.567 1499.331 1498.475 1497.122 1495.769 1494.416 1493.063 1491.582 1490.088 1488.593 1487.099 1486.099 1486.521 1486.943 1487.365 1487.787 1484.882 1479.839 1474.795 1469.752 1464.709 1453.216 1441.454 1429.691 1417.929 1411.657 1417.551 1423.445 1429.339 1435.233 1444.766 1456.155 1467.545 1478.935 1490.193 1491.577 1492.961 1494.345 1495.729 1496.312 1495.5 1494.687 1493.875 1493.062 1493.962 1495.543 1497.124
1551.951 1543.384 1534.816 1526.249 1517.682 1511.884 1508.833 1505.781 1502.73 1499.679 1499.472 1499.753 1500.035 1500.317 1500.48 1500.181 1499.883 1499.584 1499.286 1498.387 1497.008 1495.629 1494.25 1492.87 1491.866 1490.901 1489.937 1488.971 1488.442 1489.168 1489.894 1490.62 1491.345 1488.648 1483.752 1478.855 1473.959 1469.062 1457.354 1445.361 1433.369 1421.375 1414.72 1419.891 1425.062 1430.233 1435.404 1444.634 1455.934 1467.235 1478.536 1489.71 1491.435 1493.159 1494.884 1496.608 1497.462 1496.796 1496.13 1495.464 1494.798 1495.59 1496.961 1498.332
1553.238 1544.482 1535.726 1526.97 1518.214 1512.28 1509.145 1506.01 1502.875 1499.74 1499.552 1499.87 1500.188 1500.507 1500.686 1500.325 1499.964 1499.602 1499.241 1498.299 1496.894 1495.489 1494.083 1492.678 1492.151 1491.715 1491.28 1490.844 1490.785 1491.815 1492.845 1493.874 1494.904 1492.415 1487.666 1482.916 1478.166 1473.416 1461.493 1449.269 1437.046 1424.822 1417.783 1422.231 1426.679 1431.127 1435.576 1444.502 1455.713 1466.925 1478.137 1489.228 1491.293 1493.358 1495.422 1497.487 1498.611 1498.092 1497.573 1497.054 1496.535 1497.218 1498.38 1499.541
1554.525 1545.58 1536.635 1527.691 1518.746 1512.676 1509.458 1506.239 1503.02 1499.801 1499.632 1499.987 1500.342 1500.697 1500.893 1500.468 1500.044 1499.62 1499.196 1498.212 1496.78 1495.349 1493.917 1492.485 1492.436 1492.529 1492.623 1492.716 1493.129 1494.462 1495.796 1497.129 1498.463 1496.182 1491.579 1486.976 1482.373 1477.77 1465.631 1453.177 1440.723 1428.269 1420.846 1424.572 1428.297 1432.022 1435.747 1444.37 1455.492 1466.615 1477.737 1488.745 1491.151 1493.556 1495.961 1498.367 1499.76 1499.388 1499.016 1498.643 1498.271 1498.846 1499.798 1500.75
1558.284 1548.885 1539.487 1530.088 1520.689 1514.404 1511.205 1508.007 1504.809 1501.61 1501.455 1501.823 1502.191 1502.559 1502.679 1501.831 1500.984 1500.136 1499.289 1498.187 1496.88 1495.574 1494.268 1492.962 1493.065 1493.313 1493.56 1493.808 1494.294 1495.467 1496.639 1497.812 1498.985 1496.872 1492.648 1488.424 1484.2 1479.976 1468.591 1456.907 1445.224 1433.54 1426.35 1429.12 1431.89 1434.66 1437.43 1445.344 1455.885 1466.425 1476.965 1487.404 1490.221 1493.038 1495.855 1498.672 1500.377 1500.142 1499.907 1499.672 1499.436 1499.958 1500.781 1501.605
1562.303 1552.422 1542.542 1532.661 1522.78 1516.271 1513.104 1509.937 1506.77 1503.603 1503.461 1503.839 1504.218 1504.596 1504.63 1503.322 1502.013 1500.705 1499.396 1498.168 1497.003 1495.839 1494.674 1493.509 1493.73 1494.093 1494.456 1494.818 1495.336 1496.299 1497.262 1498.225 1499.188 1497.24 1493.419 1489.598 1485.778 1481.957 1471.428 1460.619 1449.81 1439.001 1432.11 1433.9 1435.69 1437.481 1439.271 1446.435 1456.341 1466.248 1476.154 1485.972 1489.209 1492.445 1495.681 1498.917 1500.938 1500.839 1500.74 1500.641 1500.542 1501.017 1501.719 1502.422
1566.322 1555.959 1545.597 1535.234 1524.871 1518.137 1515.002 1511.866 1508.731 1505.595 1505.467 1505.856 1506.245 1506.634 1506.582 1504.812 1503.043 1501.273 1499.504 1498.149 1497.126 1496.103 1495.079 1494.056 1494.394 1494.872 1495.351 1495.829 1496.378 1497.132 1497.885 1498.639 1499.392 1497.607 1494.19 1490.772 1487.355 1483.938 1474.265 1464.331 1454.397 1444.463 1437.87 1438.68 1439.491 1440.301 1441.112 1447.525 1456.797 1466.07 1475.343 1484.541 1488.196 1491.852 1495.507 1499.162 1501.499 1501.537 1501.574 1501.611 1501.648 1502.075 1502.657 1503.24
1570.341 1559.496 1548.652 1537.807 1526.962 1520.004 1516.9 1513.796 1510.692 1507.588 1507.473 1507.873 1508.272 1508.671 1508.533 1506.303 1504.072 1501.842 1499.611 1498.13 1497.248 1496.367 1495.485 1494.603 1495.059 1495.652 1496.246 1496.839 1497.42 1497.964 1498.508 1499.052 1499.596 1497.974 1494.96 1491.947 1488.933 1485.919 1477.102 1468.043 1458.984 1449.924 1443.63 1443.46 1443.291 1443.122 1442.953 1448.615 1457.254 1465.893 1474.531 1483.11 1487.184 1491.258 1495.333 1499.407 1502.06 1502.234 1502.407 1502.581 1502.754 1503.134 1503.595 1504.057
1574.126 1563.078 1552.03 1540.982 1529.934 1522.957 1520.018 1517.078 1514.139 1511.199 1510.968 1511.204 1511.439 1511.675 1511.287 1508.469 1505.652 1502.835 1500.017 1498.332 1497.552 1496.772 1495.992 1495.213 1495.781 1496.487 1497.194 1497.901 1498.515 1498.86 1499.205 1499.551 1499.896 1498.418 1495.768 1493.118 1490.468 1487.818 1479.899 1471.759 1463.62 1455.48 1449.576 1448.625 1447.674 1446.723 1445.772 1450.697 1458.621 1466.544 1474.468 1482.345 1486.694 1491.044 1495.394 1499.744 1502.641 1503.005 1503.368 1503.732 1504.095 1504.51 1504.944 1505.379
1577.464 1566.746 1556.028 1545.31 1534.592 1527.99 1525.47 1522.949 1520.429 1517.909 1517.315 1517.053 1516.79 1516.528 1515.575 1511.93 1508.284 1504.639 1500.994 1498.955 1498.202 1497.448 1496.694 1495.941 1496.611 1497.428 1498.245 1499.062 1499.711 1499.878 1500.046 1500.213 1500.38 1499.007 1496.646 1494.284 1491.922 1489.56 1482.618 1475.485 1468.351 1461.217 1455.881 1454.527 1453.172 1451.818 1450.463 1454.676 1461.73 1468.784 1475.838 1482.856 1487.206 1491.556 1495.905 1500.255 1503.26 1503.917 1504.573 1505.23 1505.887 1506.494 1507.08 1507.667
1580.802 1570.414 1560.026 1549.639 1539.251 1533.023 1530.922 1528.821 1526.719 1524.618 1523.661 1522.901 1522.141 1521.381 1519.863 1515.39 1510.917 1506.444 1501.971 1499.578 1498.851 1498.124 1497.396 1496.669 1497.441 1498.368 1499.295 1500.222 1500.908 1500.897 1500.885 1500.875 1500.863 1499.597 1497.523 1495.45 1493.376 1491.303 1485.338 1479.21 1473.082 1466.955 1462.186 1460.428 1458.67 1456.912 1455.154 1458.655 1464.839 1471.023 1477.208 1483.368 1487.717 1492.067 1496.417 1500.767 1503.878 1504.828 1505.779 1506.729 1507.679 1508.478 1509.217 1509.955
1584.14 1574.082 1564.025 1553.967 1543.909 1538.057 1536.374 1534.692 1533.01 1531.328 1530.008 1528.75 1527.492 1526.235 1524.151 1518.85 1513.55 1508.249 1502.948 1500.202 1499.501 1498.8 1498.098 1497.397 1498.272 1499.309 1500.346 1501.383 1502.104 1501.915 1501.726 1501.536 1501.347 1500.186 1498.401 1496.616 1494.83 1493.045 1488.057 1482.935 1477.813 1472.692 1468.49 1466.329 1464.168 1462.007 1459.846 1462.634 1467.948 1473.263 1478.577 1483.879 1488.229 1492.579 1496.928 1501.278 1504.496 1505.74 1506.984 1508.227 1509.471 1510.462 1511.353 1512.243
