data/zism_data/00311_04_D.txt
ncols         224
nrows         224
[rows 112 to 139 of 224, columns 64 to 127 of 224]
1503.148 1502.396 1501.643 1501.11 1500.587 1500.064 1499.541 1499.166 1498.995 1498.825 1498.654 1498.483 1498.386 1498.299 1498.212 1498.125 1497.99 1497.766 1497.542 1497.317 1497.093 1496.935 1496.792 1496.648 1496.505 1496.401 1496.401 1496.401 1496.401 1496.401 1496.507 1496.65 1496.794 1496.937 1497.125 1497.488 1497.852 1498.216 1498.579 1498.86 1499.099 1499.339 1499.578 1499.854 1500.38 1500.905 1501.431 1501.957 1502.606 1503.341 1504.076 1504.811 1505.537 1506.125 1506.713 1507.301 1507.889 1508.17 1508.17 1508.17 1508.17 1508.17 1508.17 1508.17
1504.498 1503.671 1502.843 1502.271 1501.71 1501.149 1500.588 1500.149 1499.876 1499.603 1499.33 1499.057 1498.896 1498.749 1498.603 1498.456 1498.277 1498.037 1497.797 1497.556 1497.316 1497.168 1497.041 1496.913 1496.786 1496.694 1496.694 1496.694 1496.694 1496.694 1496.788 1496.915 1497.042 1497.169 1497.341 1497.689 1498.036 1498.384 1498.731 1499.06 1499.38 1499.7 1500.02 1500.373 1500.947 1501.521 1502.095 1502.669 1503.339 1504.074 1504.809 1505.543 1506.27 1506.858 1507.445 1508.033 1508.621 1508.902 1508.902 1508.902 1508.902 1508.902 1508.902 1508.902
1505.849 1504.946 1504.043 1503.431 1502.833 1502.234 1501.636 1501.131 1500.756 1500.381 1500.005 1499.63 1499.405 1499.199 1498.994 1498.788 1498.565 1498.308 1498.052 1497.795 1497.539 1497.4 1497.29 1497.179 1497.068 1496.987 1496.987 1496.987 1496.987 1496.987 1497.069 1497.18 1497.291 1497.402 1497.558 1497.889 1498.22 1498.552 1498.883 1499.261 1499.661 1500.062 1500.463 1500.892 1501.515 1502.137 1502.76 1503.382 1504.071 1504.806 1505.541 1506.276 1507.002 1507.59 1508.178 1508.766 1509.354 1509.635 1509.635 1509.635 1509.635 1509.635 1509.635 1509.635
1507.199 1506.221 1505.242 1504.591 1503.955 1503.319 1502.683 1502.113 1501.636 1501.159 1500.681 1500.204 1499.914 1499.649 1499.384 1499.12 1498.852 1498.579 1498.307 1498.034 1497.762 1497.633 1497.538 1497.444 1497.349 1497.28 1497.28 1497.28 1497.28 1497.28 1497.35 1497.445 1497.54 1497.635 1497.774 1498.089 1498.405 1498.72 1499.035 1499.461 1499.942 1500.424 1500.905 1501.411 1502.082 1502.753 1503.424 1504.095 1504.804 1505.539 1506.273 1507.008 1507.735 1508.323 1508.91 1509.498 1510.086 1510.367 1510.367 1510.367 1510.367 1510.367 1510.367 1510.367
1508.549 1507.496 1506.442 1505.752 1505.078 1504.404 1503.73 1503.096 1502.516 1501.937 1501.357 1500.777 1500.423 1500.099 1499.775 1499.451 1499.139 1498.851 1498.562 1498.273 1497.984 1497.866 1497.787 1497.709 1497.63 1497.573 1497.573 1497.573 1497.573 1497.573 1497.631 1497.71 1497.789 1497.867 1497.991 1498.29 1498.589 1498.888 1499.187 1499.661 1500.223 1500.786 1501.348 1501.93 1502.65 1503.369 1504.088 1504.808 1505.536 1506.271 1507.006 1507.741 1508.467 1509.055 1509.643 1510.231 1510.819 1511.1 1511.1 1511.1 1511.1 1511.1 1511.1 1511.1
1509.797 1508.726 1507.656 1506.946 1506.253 1505.56 1504.867 1504.211 1503.606 1503.001 1502.396 1501.791 1501.362 1500.957 1500.552 1500.146 1499.757 1499.397 1499.037 1498.677 1498.317 1498.184 1498.103 1498.022 1497.941 1497.88 1497.869 1497.858 1497.847 1497.836 1497.885 1497.954 1498.024 1498.094 1498.205 1498.477 1498.749 1499.021 1499.292 1499.807 1500.442 1501.078 1501.714 1502.367 1503.142 1503.917 1504.693 1505.468 1506.225 1506.971 1507.717 1508.463 1509.2 1509.803 1510.406 1511.008 1511.611 1511.914 1511.943 1511.973 1512.002 1512.031 1512.01 1511.988
1510.995 1509.936 1508.876 1508.157 1507.453 1506.749 1506.045 1505.387 1504.793 1504.199 1503.604 1503.01 1502.502 1502.005 1501.509 1501.012 1500.529 1500.072 1499.615 1499.159 1498.702 1498.541 1498.45 1498.358 1498.267 1498.193 1498.166 1498.138 1498.111 1498.084 1498.125 1498.189 1498.254 1498.318 1498.418 1498.658 1498.897 1499.137 1499.377 1499.927 1500.632 1501.338 1502.043 1502.766 1503.6 1504.434 1505.269 1506.103 1506.894 1507.656 1508.418 1509.18 1509.934 1510.558 1511.182 1511.806 1512.43 1512.767 1512.839 1512.911 1512.984 1513.056 1513.004 1512.95
1512.194 1511.145 1510.096 1509.367 1508.653 1507.938 1507.223 1506.564 1505.98 1505.397 1504.813 1504.23 1503.642 1503.054 1502.466 1501.877 1501.301 1500.747 1500.194 1499.64 1499.086 1498.899 1498.797 1498.694 1498.592 1498.506 1498.462 1498.419 1498.376 1498.333 1498.365 1498.424 1498.483 1498.542 1498.631 1498.839 1499.046 1499.253 1499.461 1500.047 1500.822 1501.598 1502.373 1503.164 1504.057 1504.951 1505.845 1506.738 1507.563 1508.341 1509.119 1509.897 1510.668 1511.314 1511.959 1512.605 1513.25 1513.619 1513.735 1513.85 1513.966 1514.081 1513.998 1513.911
1513.393 1512.355 1511.317 1510.578 1509.852 1509.127 1508.401 1507.74 1507.167 1506.595 1506.022 1505.449 1504.782 1504.102 1503.422 1502.743 1502.073 1501.422 1500.772 1500.121 1499.471 1499.256 1499.143 1499.03 1498.917 1498.819 1498.759 1498.7 1498.64 1498.581 1498.605 1498.659 1498.712 1498.766 1498.844 1499.019 1499.194 1499.37 1499.545 1500.167 1501.012 1501.858 1502.703 1503.562 1504.515 1505.468 1506.421 1507.374 1508.232 1509.026 1509.821 1510.615 1511.402 1512.069 1512.736 1513.403 1514.07 1514.472 1514.63 1514.789 1514.948 1515.106 1514.991 1514.872
1514.583 1513.552 1512.521 1511.774 1511.039 1510.304 1509.569 1508.907 1508.345 1507.783 1507.221 1506.659 1505.922 1505.161 1504.4 1503.639 1502.888 1502.156 1501.423 1500.69 1499.958 1499.706 1499.566 1499.426 1499.286 1499.161 1499.077 1498.993 1498.909 1498.825 1498.835 1498.879 1498.922 1498.965 1499.03 1499.177 1499.324 1499.471 1499.618 1500.273 1501.183 1502.093 1503.003 1503.926 1504.937 1505.948 1506.959 1507.971 1508.864 1509.677 1510.489 1511.302 1512.107 1512.801 1513.494 1514.188 1514.881 1515.32 1515.525 1515.73 1515.935 1516.141 1515.992 1515.839
1515.715 1514.668 1513.621 1512.873 1512.138 1511.403 1510.668 1510.01 1509.459 1508.908 1508.357 1507.806 1507.06 1506.288 1505.517 1504.745 1503.993 1503.276 1502.56 1501.843 1501.127 1500.769 1500.494 1500.219 1499.945 1499.701 1499.536 1499.371 1499.206 1499.042 1498.999 1498.999 1498.999 1499.0 1499.03 1499.177 1499.324 1499.471 1499.618 1500.291 1501.228 1502.165 1503.101 1504.055 1505.12 1506.185 1507.25 1508.315 1509.249 1510.094 1510.939 1511.784 1512.623 1513.376 1514.129 1514.882 1515.634 1516.138 1516.413 1516.688 1516.963 1517.238 1517.043 1516.842
1516.847 1515.784 1514.72 1513.971 1513.236 1512.502 1511.767 1511.114 1510.573 1510.033 1509.492 1508.952 1508.198 1507.415 1506.633 1505.851 1505.097 1504.397 1503.696 1502.996 1502.296 1501.831 1501.422 1501.013 1500.604 1500.24 1499.994 1499.749 1499.503 1499.258 1499.162 1499.12 1499.077 1499.034 1499.03 1499.177 1499.324 1499.471 1499.618 1500.309 1501.273 1502.236 1503.2 1504.184 1505.303 1506.422 1507.541 1508.66 1509.635 1510.512 1511.389 1512.266 1513.139 1513.951 1514.763 1515.575 1516.387 1516.956 1517.301 1517.646 1517.991 1518.336 1518.094 1517.844
1517.978 1516.899 1515.82 1515.07 1514.335 1513.6 1512.865 1512.217 1511.687 1511.158 1510.628 1510.098 1509.336 1508.543 1507.75 1506.957 1506.201 1505.517 1504.833 1504.149 1503.464 1502.894 1502.35 1501.807 1501.263 1500.779 1500.453 1500.127 1499.801 1499.474 1499.326 1499.24 1499.154 1499.068 1499.03 1499.177 1499.324 1499.471 1499.618 1500.327 1501.318 1502.308 1503.299 1504.313 1505.486 1506.658 1507.831 1509.004 1510.02 1510.93 1511.839 1512.748 1513.656 1514.527 1515.398 1516.269 1517.14 1517.774 1518.189 1518.604 1519.019 1519.433 1519.145 1518.847
1519.11 1518.015 1516.919 1516.169 1515.434 1514.699 1513.964 1513.32 1512.801 1512.282 1511.764 1511.245 1510.474 1509.67 1508.866 1508.062 1507.306 1506.638 1505.969 1505.301 1504.633 1503.957 1503.279 1502.6 1501.922 1501.319 1500.912 1500.505 1500.098 1499.691 1499.489 1499.36 1499.232 1499.103 1499.03 1499.177 1499.324 1499.471 1499.618 1500.345 1501.362 1502.38 1503.397 1504.442 1505.669 1506.895 1508.122 1509.348 1510.406 1511.347 1512.289 1513.231 1514.172 1515.102 1516.033 1516.963 1517.893 1518.591 1519.076 1519.561 1520.046 1520.531 1520.196 1519.849
1520.292 1519.183 1518.075 1517.33 1516.601 1515.873 1515.144 1514.498 1513.965 1513.432 1512.899 1512.365 1511.597 1510.798 1509.999 1509.2 1508.446 1507.775 1507.105 1506.434 1505.763 1505.036 1504.294 1503.553 1502.812 1502.146 1501.677 1501.208 1500.739 1500.27 1499.995 1499.789 1499.583 1499.377 1499.252 1499.449 1499.646 1499.843 1500.04 1500.81 1501.867 1502.924 1503.981 1505.061 1506.298 1507.534 1508.771 1510.008 1511.07 1512.013 1512.955 1513.898 1514.84 1515.761 1516.682 1517.603 1518.524 1519.237 1519.761 1520.285 1520.808 1521.332 1521.036 1520.728
1521.51 1520.391 1519.272 1518.536 1517.819 1517.101 1516.383 1515.729 1515.164 1514.599 1514.033 1513.468 1512.71 1511.927 1511.145 1510.362 1509.612 1508.926 1508.239 1507.552 1506.865 1506.125 1505.374 1504.622 1503.87 1503.183 1502.665 1502.148 1501.63 1501.113 1500.75 1500.441 1500.133 1499.824 1499.636 1499.919 1500.202 1500.485 1500.768 1501.599 1502.704 1503.81 1504.915 1506.035 1507.25 1508.465 1509.68 1510.895 1511.936 1512.857 1513.778 1514.7 1515.617 1516.479 1517.341 1518.203 1519.065 1519.758 1520.298 1520.838 1521.378 1521.918 1521.723 1521.517
1522.729 1521.599 1520.469 1519.743 1519.036 1518.329 1517.622 1516.961 1516.363 1515.766 1515.168 1514.57 1513.823 1513.057 1512.29 1511.523 1510.779 1510.076 1509.373 1508.67 1507.967 1507.215 1506.453 1505.69 1504.928 1504.219 1503.653 1503.088 1502.522 1501.956 1501.505 1501.094 1500.683 1500.272 1500.02 1500.389 1500.758 1501.127 1501.496 1502.388 1503.542 1504.696 1505.849 1507.009 1508.202 1509.396 1510.589 1511.783 1512.802 1513.702 1514.602 1515.501 1516.395 1517.198 1518.0 1518.803 1519.606 1520.28 1520.836 1521.392 1521.948 1522.504 1522.41 1522.306
1523.947 1522.806 1521.665 1520.95 1520.254 1519.557 1518.861 1518.193 1517.563 1516.933 1516.303 1515.673 1514.936 1514.186 1513.435 1512.685 1511.945 1511.226 1510.507 1509.788 1509.068 1508.305 1507.532 1506.759 1505.985 1505.256 1504.641 1504.027 1503.413 1502.798 1502.259 1501.746 1501.233 1500.72 1500.403 1500.859 1501.314 1501.769 1502.224 1503.177 1504.38 1505.582 1506.784 1507.982 1509.154 1510.327 1511.499 1512.671 1513.668 1514.546 1515.425 1516.303 1517.173 1517.917 1518.66 1519.403 1520.147 1520.801 1521.373 1521.945 1522.517 1523.089 1523.096 1523.095
1525.164 1524.014 1522.864 1522.157 1521.471 1520.785 1520.098 1519.422 1518.759 1518.096 1517.433 1516.77 1516.044 1515.311 1514.577 1513.843 1513.109 1512.375 1511.64 1510.905 1510.17 1509.396 1508.612 1507.829 1507.045 1506.296 1505.634 1504.973 1504.311 1503.65 1503.027 1502.417 1501.807 1501.197 1500.821 1501.359 1501.898 1502.437 1502.975 1503.987 1505.236 1506.485 1507.734 1508.969 1510.12 1511.27 1512.421 1513.571 1514.547 1515.402 1516.258 1517.113 1517.959 1518.643 1519.328 1520.012 1520.696 1521.331 1521.919 1522.508 1523.097 1523.686 1523.792 1523.89
1526.344 1525.226 1524.107 1523.387 1522.685 1521.982 1521.28 1520.569 1519.847 1519.125 1518.402 1517.68 1516.986 1516.295 1515.605 1514.914 1514.208 1513.473 1512.739 1512.004 1511.269 1510.503 1509.731 1508.958 1508.185 1507.443 1506.782 1506.12 1505.459 1504.798 1504.238 1503.714 1503.191 1502.667 1502.358 1502.891 1503.424 1503.958 1504.491 1505.49 1506.723 1507.956 1509.188 1510.407 1511.53 1512.654 1513.777 1514.901 1515.83 1516.626 1517.423 1518.219 1519.006 1519.636 1520.267 1520.897 1521.528 1522.153 1522.774 1523.395 1524.016 1524.637 1524.77 1524.896
1527.523 1526.437 1525.351 1524.617 1523.898 1523.18 1522.461 1521.716 1520.935 1520.153 1519.372 1518.59 1517.927 1517.28 1516.632 1515.985 1515.307 1514.572 1513.837 1513.103 1512.368 1511.611 1510.849 1510.087 1509.325 1508.591 1507.929 1507.268 1506.607 1505.945 1505.449 1505.012 1504.574 1504.137 1503.895 1504.423 1504.951 1505.479 1506.006 1506.993 1508.21 1509.426 1510.643 1511.844 1512.94 1514.037 1515.134 1516.23 1517.113 1517.85 1518.588 1519.325 1520.052 1520.629 1521.206 1521.782 1522.359 1522.976 1523.629 1524.282 1524.936 1525.589 1525.749 1525.902
1528.702 1527.649 1526.595 1525.847 1525.112 1524.377 1523.642 1522.863 1522.023 1521.182 1520.341 1519.501 1518.869 1518.264 1517.66 1517.056 1516.406 1515.671 1514.936 1514.201 1513.467 1512.718 1511.967 1511.216 1510.465 1509.738 1509.077 1508.416 1507.754 1507.093 1506.661 1506.309 1505.958 1505.606 1505.432 1505.955 1506.477 1507.0 1507.522 1508.497 1509.697 1510.897 1512.098 1513.281 1514.351 1515.42 1516.49 1517.56 1518.396 1519.074 1519.752 1520.43 1521.099 1521.622 1522.145 1522.668 1523.191 1523.798 1524.484 1525.17 1525.855 1526.541 1526.728 1526.907
1529.881 1528.86 1527.839 1527.077 1526.326 1525.575 1524.824 1524.01 1523.11 1522.211 1521.311 1520.411 1519.81 1519.249 1518.688 1518.126 1517.505 1516.77 1516.035 1515.3 1514.565 1513.826 1513.085 1512.345 1511.605 1510.886 1510.225 1509.563 1508.902 1508.24 1507.872 1507.606 1507.341 1507.076 1506.969 1507.486 1508.004 1508.521 1509.038 1510.0 1511.184 1512.368 1513.552 1514.718 1515.761 1516.803 1517.846 1518.889 1519.68 1520.299 1520.917 1521.536 1522.146 1522.615 1523.084 1523.553 1524.022 1524.621 1525.339 1526.057 1526.775 1527.493 1527.707 1527.913
1531.073 1530.09 1529.106 1528.339 1527.583 1526.826 1526.069 1525.232 1524.283 1523.334 1522.386 1521.437 1520.839 1520.287 1519.735 1519.184 1518.563 1517.813 1517.062 1516.312 1515.562 1514.837 1514.117 1513.398 1512.679 1511.984 1511.353 1510.723 1510.092 1509.462 1509.157 1508.968 1508.778 1508.589 1508.543 1509.066 1509.588 1510.11 1510.632 1511.574 1512.727 1513.879 1515.032 1516.166 1517.18 1518.193 1519.206 1520.219 1520.994 1521.605 1522.216 1522.827 1523.426 1523.836 1524.246 1524.656 1525.066 1525.638 1526.357 1527.076 1527.796 1528.515 1528.743 1528.963
1532.28 1531.339 1530.398 1529.639 1528.887 1528.136 1527.385 1526.535 1525.548 1524.562 1523.575 1522.589 1521.963 1521.384 1520.805 1520.227 1519.577 1518.795 1518.012 1517.229 1516.447 1515.742 1515.055 1514.368 1513.681 1513.027 1512.461 1511.895 1511.329 1510.763 1510.523 1510.398 1510.274 1510.149 1510.158 1510.696 1511.235 1511.773 1512.311 1513.227 1514.331 1515.435 1516.539 1517.627 1518.608 1519.589 1520.57 1521.551 1522.341 1523.0 1523.66 1524.319 1524.961 1525.306 1525.651 1525.997 1526.342 1526.866 1527.553 1528.24 1528.927 1529.614 1529.842 1530.062
1533.486 1532.588 1531.69 1530.938 1530.192 1529.446 1528.7 1527.837 1526.813 1525.789 1524.765 1523.741 1523.087 1522.481 1521.875 1521.27 1520.591 1519.776 1518.962 1518.147 1517.332 1516.647 1515.992 1515.337 1514.683 1514.07 1513.569 1513.068 1512.566 1512.065 1511.89 1511.829 1511.769 1511.708 1511.773 1512.327 1512.882 1513.436 1513.99 1514.879 1515.935 1516.99 1518.046 1519.088 1520.036 1520.985 1521.934 1522.883 1523.688 1524.396 1525.104 1525.812 1526.495 1526.776 1527.057 1527.338 1527.618 1528.094 1528.749 1529.404 1530.059 1530.714 1530.94 1531.161
1534.692 1533.837 1532.983 1532.237 1531.496 1530.756 1530.015 1529.14 1528.078 1527.016 1525.954 1524.893 1524.21 1523.578 1522.945 1522.313 1521.605 1520.758 1519.911 1519.064 1518.217 1517.552 1516.93 1516.307 1515.685 1515.113 1514.677 1514.24 1513.803 1513.367 1513.256 1513.26 1513.264 1513.268 1513.388 1513.958 1514.529 1515.099 1515.67 1516.531 1517.539 1518.546 1519.553 1520.549 1521.465 1522.381 1523.298 1524.214 1525.035 1525.792 1526.548 1527.304 1528.03 1528.246 1528.462 1528.678 1528.895 1529.323 1529.945 1530.568 1531.19 1531.813 1532.039 1532.259
1535.898 1535.086 1534.275 1533.536 1532.801 1532.066 1531.331 1530.442 1529.343 1528.243 1527.144 1526.044 1525.334 1524.675 1524.015 1523.356 1522.62 1521.74 1520.861 1519.981 1519.102 1518.457 1517.867 1517.277 1516.687 1516.157 1515.785 1515.412 1515.04 1514.668 1514.622 1514.691 1514.76 1514.828 1515.002 1515.589 1516.176 1516.762 1517.349 1518.184 1519.143 1520.101 1521.06 1522.009 1522.893 1523.777 1524.662 1525.546 1526.383 1527.188 1527.992 1528.797 1529.564 1529.716 1529.867 1530.019 1530.171 1530.551 1531.141 1531.731 1532.322 1532.912 1533.138 1533.358
