data/zism_data/00312_01_D.txt
ncols         224
nrows         224
[rows 0 to 27 of 224, columns 0 to 63 of 224]
1599.821 1599.601 1599.38 1599.16 1599.0 1599.0 1599.0 1599.0 1599.0 1599.061 1599.143 1599.225 1599.307 1599.4 1599.539 1599.677 1599.816 1599.954 1600.0 1600.0 1600.0 1600.0 1600.0 1600.0 1600.0 1600.0 1600.0 1600.0 1600.0 1600.0 1600.0 1600.0 1600.0 1600.0 1600.0 1600.0 1600.0 1600.0 1600.0 1600.0 1600.0 1600.0 1600.0 1600.0 1600.0 1600.0 1600.0 1600.0 1600.0 1600.0 1599.44 1598.826 1598.213 1597.599 1596.215 1593.556 1590.898 1588.24 1585.581 1579.36 1572.464 1565.567 1558.67 1550.849
1599.821 1599.601 1599.38 1599.16 1599.0 1599.0 1599.0 1599.0 1599.0 1599.077 1599.18 1599.284 1599.387 1599.494 1599.611 1599.727 1599.844 1599.961 1600.0 1600.0 1600.0 1600.0 1600.0 1600.0 1600.0 1600.0 1600.0 1600.0 1600.0 1600.0 1600.0 1600.0 1600.0 1600.0 1600.0 1600.0 1600.0 1600.0 1600.0 1600.0 1600.0 1600.0 1600.0 1600.0 1600.0 1600.0 1600.0 1600.0 1600.0 1600.0 1599.381 1598.703 1598.024 1597.346 1595.666 1592.33 1588.993 1585.656 1582.32 1575.394 1567.786 1560.179 1552.572 1544.57
1599.821 1599.601 1599.38 1599.16 1599.0 1599.0 1599.0 1599.0 1599.0 1599.093 1599.218 1599.343 1599.468 1599.587 1599.682 1599.778 1599.873 1599.968 1600.0 1600.0 1600.0 1600.0 1600.0 1600.0 1600.0 1600.0 1600.0 1600.0 1600.0 1600.0 1600.0 1600.0 1600.0 1600.0 1600.0 1600.0 1600.0 1600.0 1600.0 1600.0 1600.0 1600.0 1600.0 1600.0 1600.0 1600.0 1600.0 1600.0 1600.0 1600.0 1599.322 1598.579 1597.836 1597.093 1595.118 1591.103 1587.088 1583.073 1579.059 1571.427 1563.109 1554.792 1546.474 1538.291
1599.821 1599.601 1599.38 1599.16 1599.0 1599.0 1599.0 1599.0 1599.0 1599.108 1599.255 1599.402 1599.548 1599.68 1599.754 1599.828 1599.902 1599.975 1600.0 1600.0 1600.0 1600.0 1600.0 1600.0 1600.0 1600.0 1600.0 1600.0 1600.0 1600.0 1600.0 1600.0 1600.0 1600.0 1600.0 1600.0 1600.0 1600.0 1600.0 1600.0 1600.0 1600.0 1600.0 1600.0 1600.0 1600.0 1600.0 1600.0 1600.0 1600.0 1599.263 1598.455 1597.648 1596.841 1594.569 1589.876 1585.183 1580.49 1575.797 1567.46 1558.432 1549.404 1540.376 1532.011
1599.855 1599.677 1599.5 1599.322 1599.19 1599.179 1599.168 1599.158 1599.147 1599.237 1599.363 1599.489 1599.615 1599.728 1599.791 1599.853 1599.916 1599.979 1600.0 1600.0 1600.0 1600.0 1600.0 1600.0 1600.0 1600.0 1600.0 1600.0 1600.0 1600.0 1600.0 1600.0 1600.0 1600.0 1600.0 1600.0 1600.0 1600.0 1600.0 1600.0 1600.0 1600.0 1600.0 1600.0 1600.0 1600.0 1600.0 1600.0 1600.0 1600.0 1599.364 1598.667 1597.97 1597.273 1595.151 1590.671 1586.191 1581.711 1577.231 1568.839 1559.705 1550.571 1541.437 1532.935
1599.891 1599.755 1599.621 1599.486 1599.382 1599.361 1599.339 1599.318 1599.296 1599.368 1599.472 1599.576 1599.681 1599.774 1599.826 1599.878 1599.931 1599.983 1600.0 1600.0 1600.0 1600.0 1600.0 1600.0 1600.0 1600.0 1600.0 1600.0 1600.0 1600.0 1600.0 1600.0 1600.0 1600.0 1600.0 1600.0 1600.0 1600.0 1600.0 1600.0 1600.0 1600.0 1600.0 1600.0 1600.0 1600.0 1600.0 1600.0 1600.0 1600.0 1599.467 1598.883 1598.299 1597.715 1595.748 1591.495 1587.241 1582.987 1578.733 1570.295 1561.065 1551.834 1542.603 1533.965
1599.925 1599.833 1599.742 1599.65 1599.574 1599.542 1599.51 1599.478 1599.446 1599.498 1599.581 1599.664 1599.747 1599.821 1599.862 1599.904 1599.945 1599.986 1600.0 1600.0 1600.0 1600.0 1600.0 1600.0 1600.0 1600.0 1600.0 1600.0 1600.0 1600.0 1600.0 1600.0 1600.0 1600.0 1600.0 1600.0 1600.0 1600.0 1600.0 1600.0 1600.0 1600.0 1600.0 1600.0 1600.0 1600.0 1600.0 1600.0 1600.0 1600.0 1599.57 1599.099 1598.628 1598.157 1596.346 1592.318 1588.291 1584.263 1580.235 1571.752 1562.425 1553.097 1543.769 1534.995
1599.96 1599.911 1599.863 1599.814 1599.767 1599.724 1599.681 1599.638 1599.595 1599.629 1599.69 1599.751 1599.813 1599.868 1599.898 1599.929 1599.959 1599.99 1600.0 1600.0 1600.0 1600.0 1600.0 1600.0 1600.0 1600.0 1600.0 1600.0 1600.0 1600.0 1600.0 1600.0 1600.0 1600.0 1600.0 1600.0 1600.0 1600.0 1600.0 1600.0 1600.0 1600.0 1600.0 1600.0 1600.0 1600.0 1600.0 1600.0 1600.0 1600.0 1599.673 1599.315 1598.958 1598.6 1596.944 1593.142 1589.341 1585.539 1581.737 1573.209 1563.784 1554.36 1544.935 1536.025
1599.933 1599.915 1599.898 1599.88 1599.857 1599.82 1599.783 1599.745 1599.708 1599.731 1599.776 1599.82 1599.864 1599.904 1599.926 1599.948 1599.97 1599.993 1600.0 1600.0 1600.0 1600.0 1599.999 1599.995 1599.99 1599.985 1599.981 1599.969 1599.953 1599.936 1599.92 1599.905 1599.919 1599.933 1599.947 1599.961 1599.972 1599.979 1599.986 1599.993 1600.0 1600.0 1600.0 1600.0 1600.0 1599.994 1599.98 1599.966 1599.952 1599.938 1599.467 1598.953 1598.439 1597.925 1596.107 1592.131 1588.155 1584.179 1580.203 1571.709 1562.359 1553.008 1543.658 1534.872
1599.824 1599.822 1599.821 1599.82 1599.816 1599.806 1599.795 1599.785 1599.774 1599.797 1599.83 1599.864 1599.897 1599.927 1599.944 1599.961 1599.978 1599.994 1600.0 1600.0 1600.0 1600.0 1599.998 1599.983 1599.967 1599.952 1599.936 1599.898 1599.844 1599.79 1599.736 1599.687 1599.734 1599.78 1599.826 1599.873 1599.907 1599.93 1599.953 1599.976 1600.0 1600.0 1600.0 1600.0 1600.0 1599.979 1599.933 1599.886 1599.84 1599.794 1598.859 1597.839 1596.819 1595.799 1593.404 1588.733 1584.063 1579.393 1574.723 1566.367 1557.313 1548.258 1539.203 1530.88
1599.715 1599.73 1599.744 1599.759 1599.775 1599.791 1599.808 1599.824 1599.841 1599.862 1599.885 1599.907 1599.93 1599.951 1599.962 1599.973 1599.985 1599.996 1600.0 1600.0 1600.0 1600.0 1599.997 1599.97 1599.944 1599.918 1599.892 1599.827 1599.735 1599.643 1599.551 1599.469 1599.548 1599.627 1599.705 1599.784 1599.842 1599.881 1599.921 1599.96 1599.999 1600.0 1600.0 1600.0 1600.0 1599.965 1599.886 1599.807 1599.729 1599.65 1598.25 1596.724 1595.198 1593.672 1590.7 1585.336 1579.971 1574.606 1569.242 1561.025 1552.266 1543.507 1534.749 1526.889
1599.606 1599.637 1599.668 1599.699 1599.733 1599.777 1599.82 1599.863 1599.907 1599.927 1599.939 1599.951 1599.963 1599.974 1599.98 1599.986 1599.992 1599.998 1600.0 1600.0 1600.0 1600.0 1599.995 1599.958 1599.921 1599.884 1599.847 1599.755 1599.626 1599.497 1599.367 1599.252 1599.363 1599.474 1599.584 1599.695 1599.777 1599.833 1599.888 1599.944 1599.999 1600.0 1600.0 1600.0 1600.0 1599.95 1599.839 1599.728 1599.617 1599.506 1597.642 1595.61 1593.578 1591.546 1587.997 1581.938 1575.879 1569.82 1563.761 1555.682 1547.219 1538.757 1530.295 1522.898
1599.497 1599.544 1599.591 1599.638 1599.692 1599.762 1599.832 1599.903 1599.973 1599.992 1599.994 1599.995 1599.996 1599.997 1599.998 1599.999 1599.999 1600.0 1600.0 1600.0 1600.0 1600.0 1599.994 1599.946 1599.898 1599.85 1599.803 1599.684 1599.517 1599.35 1599.183 1599.034 1599.177 1599.32 1599.463 1599.607 1599.713 1599.784 1599.856 1599.927 1599.999 1600.0 1600.0 1600.0 1600.0 1599.936 1599.792 1599.649 1599.506 1599.363 1597.033 1594.495 1591.958 1589.42 1585.294 1578.54 1571.787 1565.034 1558.281 1550.339 1542.173 1534.006 1525.84 1518.907
1598.854 1598.95 1599.047 1599.143 1599.238 1599.325 1599.413 1599.501 1599.589 1599.611 1599.611 1599.611 1599.611 1599.614 1599.629 1599.643 1599.657 1599.672 1599.724 1599.795 1599.867 1599.938 1599.965 1599.697 1599.429 1599.161 1598.893 1598.558 1598.178 1597.797 1597.416 1597.072 1597.318 1597.565 1597.812 1598.059 1598.23 1598.333 1598.435 1598.537 1598.639 1598.64 1598.64 1598.64 1598.64 1598.51 1598.22 1597.931 1597.641 1597.351 1593.982 1590.32 1586.657 1582.995 1578.019 1570.871 1563.724 1556.576 1549.428 1542.313 1535.204 1528.095 1520.986 1515.042
1598.141 1598.291 1598.441 1598.592 1598.729 1598.833 1598.937 1599.041 1599.145 1599.172 1599.172 1599.172 1599.172 1599.178 1599.209 1599.239 1599.269 1599.3 1599.411 1599.563 1599.716 1599.868 1599.933 1599.417 1598.902 1598.386 1597.871 1597.295 1596.677 1596.059 1595.442 1594.881 1595.241 1595.601 1595.961 1596.32 1596.563 1596.697 1596.831 1596.966 1597.1 1597.102 1597.102 1597.102 1597.102 1596.899 1596.448 1595.997 1595.546 1595.094 1590.61 1585.743 1580.875 1576.006 1570.146 1562.643 1555.14 1547.636 1540.134 1533.934 1527.983 1522.031 1516.079 1511.194
1597.427 1597.631 1597.836 1598.04 1598.221 1598.341 1598.461 1598.581 1598.701 1598.732 1598.732 1598.732 1598.732 1598.742 1598.788 1598.835 1598.882 1598.928 1599.099 1599.332 1599.565 1599.797 1599.901 1599.137 1598.374 1597.611 1596.848 1596.031 1595.176 1594.322 1593.467 1592.69 1593.163 1593.636 1594.109 1594.582 1594.895 1595.061 1595.228 1595.395 1595.561 1595.564 1595.564 1595.564 1595.564 1595.288 1594.676 1594.063 1593.45 1592.838 1587.239 1581.165 1575.091 1569.018 1562.272 1554.413 1546.555 1538.697 1530.839 1525.556 1520.761 1515.966 1511.172 1507.346
1596.714 1596.972 1597.23 1597.488 1597.713 1597.849 1597.985 1598.121 1598.257 1598.293 1598.293 1598.293 1598.293 1598.306 1598.368 1598.431 1598.494 1598.557 1598.786 1599.1 1599.414 1599.727 1599.868 1598.858 1597.847 1596.836 1595.825 1594.767 1593.676 1592.584 1591.493 1590.499 1591.085 1591.671 1592.257 1592.843 1593.227 1593.426 1593.625 1593.824 1594.023 1594.026 1594.026 1594.026 1594.026 1593.678 1592.904 1592.129 1591.355 1590.581 1583.867 1576.588 1569.309 1562.029 1554.398 1546.184 1537.971 1529.757 1521.544 1517.177 1513.54 1509.902 1506.265 1503.498
1595.808 1596.062 1596.317 1596.571 1596.791 1596.92 1597.049 1597.178 1597.307 1597.314 1597.278 1597.242 1597.207 1597.185 1597.217 1597.249 1597.281 1597.313 1597.538 1597.859 1598.179 1598.5 1598.603 1597.253 1595.904 1594.554 1593.204 1591.873 1590.556 1589.239 1587.921 1586.717 1587.34 1587.964 1588.588 1589.211 1589.619 1589.829 1590.038 1590.248 1590.458 1590.454 1590.446 1590.439 1590.432 1589.982 1588.989 1587.996 1587.003 1586.01 1578.592 1570.563 1562.534 1554.504 1546.47 1538.429 1530.388 1522.347 1514.305 1510.782 1508.115 1505.449 1502.782 1500.865
1594.515 1594.651 1594.787 1594.923 1595.043 1595.118 1595.193 1595.268 1595.344 1595.257 1595.113 1594.97 1594.826 1594.693 1594.602 1594.51 1594.419 1594.327 1594.417 1594.598 1594.779 1594.96 1594.873 1593.001 1591.129 1589.257 1587.385 1585.721 1584.199 1582.677 1581.156 1579.752 1580.262 1580.773 1581.283 1581.794 1582.131 1582.308 1582.486 1582.663 1582.84 1582.815 1582.786 1582.757 1582.729 1582.117 1580.79 1579.463 1578.136 1576.81 1569.511 1561.643 1553.775 1545.907 1538.436 1531.622 1524.808 1517.994 1511.18 1508.354 1506.285 1504.216 1502.146 1500.66
1593.223 1593.24 1593.258 1593.276 1593.294 1593.316 1593.337 1593.358 1593.38 1593.2 1592.948 1592.697 1592.446 1592.202 1591.987 1591.771 1591.556 1591.341 1591.296 1591.337 1591.378 1591.419 1591.142 1588.748 1586.354 1583.96 1581.566 1579.569 1577.842 1576.116 1574.39 1572.786 1573.184 1573.582 1573.979 1574.377 1574.643 1574.788 1574.933 1575.078 1575.223 1575.176 1575.125 1575.075 1575.025 1574.251 1572.591 1570.93 1569.27 1567.609 1560.429 1552.722 1545.016 1537.31 1530.402 1524.815 1519.228 1513.641 1508.054 1505.927 1504.455 1502.983 1501.511 1500.455
1591.93 1591.829 1591.729 1591.628 1591.546 1591.513 1591.481 1591.449 1591.416 1591.142 1590.784 1590.425 1590.066 1589.711 1589.372 1589.033 1588.694 1588.354 1588.175 1588.076 1587.977 1587.878 1587.412 1584.496 1581.579 1578.663 1575.747 1573.417 1571.486 1569.555 1567.624 1565.821 1566.106 1566.391 1566.675 1566.96 1567.155 1567.267 1567.38 1567.493 1567.606 1567.537 1567.465 1567.393 1567.321 1566.386 1564.392 1562.398 1560.403 1558.409 1551.347 1543.802 1536.257 1528.712 1522.368 1518.008 1513.648 1509.288 1504.929 1503.499 1502.624 1501.75 1500.876 1500.25
1590.638 1590.418 1590.199 1589.98 1589.797 1589.711 1589.625 1589.539 1589.452 1589.085 1588.619 1588.152 1587.686 1587.22 1586.757 1586.294 1585.831 1585.368 1585.054 1584.815 1584.576 1584.337 1583.681 1580.243 1576.805 1573.367 1569.928 1567.264 1565.129 1562.993 1560.858 1558.856 1559.028 1559.199 1559.371 1559.542 1559.666 1559.747 1559.827 1559.908 1559.988 1559.898 1559.804 1559.711 1559.618 1558.521 1556.193 1553.865 1551.537 1549.209 1542.265 1534.882 1527.498 1520.115 1514.333 1511.201 1508.068 1504.936 1501.803 1501.071 1500.794 1500.517 1500.24 1500.045
1589.531 1589.164 1588.797 1588.43 1588.104 1587.883 1587.663 1587.443 1587.223 1586.719 1586.116 1585.512 1584.909 1584.285 1583.58 1582.875 1582.17 1581.466 1580.723 1579.96 1579.198 1578.436 1577.279 1573.496 1569.713 1565.929 1562.146 1559.31 1557.122 1554.934 1552.745 1550.691 1550.813 1550.934 1551.056 1551.178 1551.268 1551.328 1551.389 1551.45 1551.511 1551.39 1551.267 1551.144 1551.021 1549.903 1547.566 1545.228 1542.891 1540.554 1534.53 1528.154 1521.779 1515.404 1510.527 1508.129 1505.731 1503.333 1500.934 1500.45 1500.328 1500.206 1500.085 1500.012
1588.477 1587.954 1587.431 1586.907 1586.425 1586.048 1585.672 1585.296 1584.92 1584.268 1583.519 1582.77 1582.021 1581.226 1580.246 1579.267 1578.288 1577.309 1576.054 1574.662 1573.27 1571.878 1570.136 1566.056 1561.977 1557.898 1553.818 1550.856 1548.657 1546.458 1544.259 1542.192 1542.282 1542.371 1542.46 1542.55 1542.616 1542.661 1542.705 1542.75 1542.795 1542.642 1542.487 1542.331 1542.175 1541.076 1538.819 1536.563 1534.307 1532.05 1527.168 1522.036 1516.904 1511.772 1507.896 1506.095 1504.294 1502.493 1500.693 1500.33 1500.241 1500.152 1500.062 1500.026
1587.422 1586.743 1586.064 1585.385 1584.746 1584.214 1583.681 1583.149 1582.617 1581.817 1580.922 1580.028 1579.134 1578.167 1576.913 1575.659 1574.406 1573.152 1571.386 1569.364 1567.342 1565.321 1562.992 1558.616 1554.241 1549.865 1545.49 1542.401 1540.192 1537.982 1535.772 1533.693 1533.75 1533.807 1533.865 1533.922 1533.964 1533.992 1534.021 1534.05 1534.078 1533.893 1533.706 1533.518 1533.33 1532.249 1530.073 1527.897 1525.722 1523.546 1519.806 1515.918 1512.029 1508.141 1505.264 1504.061 1502.858 1501.654 1500.451 1500.211 1500.154 1500.097 1500.04 1500.041
1586.368 1585.533 1584.697 1583.862 1583.067 1582.379 1581.69 1581.002 1580.313 1579.365 1578.326 1577.286 1576.246 1575.108 1573.58 1572.051 1570.523 1568.995 1566.718 1564.066 1561.415 1558.763 1555.848 1551.177 1546.505 1541.834 1537.162 1533.947 1531.726 1529.506 1527.285 1525.195 1525.219 1525.244 1525.269 1525.294 1525.312 1525.325 1525.337 1525.349 1525.362 1525.145 1524.925 1524.705 1524.485 1523.422 1521.327 1519.232 1517.137 1515.042 1512.445 1509.8 1507.155 1504.509 1502.633 1502.027 1501.421 1500.815 1500.209 1500.092 1500.067 1500.042 1500.017 1500.056
1585.617 1584.65 1583.684 1582.717 1581.78 1580.919 1580.058 1579.198 1578.337 1577.225 1576.023 1574.822 1573.621 1572.292 1570.458 1568.624 1566.79 1564.956 1562.211 1559.011 1555.811 1552.61 1549.194 1544.335 1539.476 1534.617 1529.758 1526.472 1524.259 1522.046 1519.834 1517.749 1517.741 1517.734 1517.726 1517.719 1517.715 1517.715 1517.715 1517.715 1517.715 1517.486 1517.254 1517.021 1516.789 1515.794 1513.865 1511.935 1510.006 1508.076 1506.444 1504.84 1503.236 1501.632 1500.58 1500.441 1500.301 1500.162 1500.022 1500.0 1500.0 1500.0 1500.0 1500.094
1585.87 1584.856 1583.841 1582.826 1581.791 1580.704 1579.617 1578.531 1577.444 1576.113 1574.697 1573.28 1571.864 1570.28 1568.037 1565.794 1563.551 1561.308 1558.24 1554.76 1551.28 1547.8 1544.162 1539.476 1534.789 1530.102 1525.416 1522.241 1520.098 1517.955 1515.813 1513.792 1513.752 1513.712 1513.672 1513.633 1513.614 1513.614 1513.614 1513.614 1513.614 1513.438 1513.259 1513.08 1512.902 1512.137 1510.654 1509.172 1507.689 1506.206 1504.952 1503.719 1502.487 1501.254 1500.446 1500.339 1500.231 1500.124 1500.017 1500.0 1500.0 1500.0 1500.0 1500.212
