data/zism_data/00318_03_D.txt
ncols         224
nrows         224
[rows 0 to 27 of 224, columns 0 to 62 of 224]
1466.84 1462.849 1458.859 1459.883 1463.365 1466.847 1470.328 1473.875 1480.264 1486.653 1493.042 1499.431 1507.848 1519.67 1531.492 1543.314 1555.136 1564.026 1571.802 1579.577 1587.353 1594.63 1595.804 1596.978 1598.152 1599.327 1600.0 1600.0 1600.0 1600.0 1600.0 1594.651 1587.774 1580.897 1574.02 1566.578 1555.318 1544.058 1532.799 1521.539 1514.046 1510.636 1507.226 1503.815 1500.405 1500.261 1500.782 1501.302 1501.823 1502.212 1502.011 1501.81 1501.609 1501.408 1500.344 1498.525 1496.705 1494.886 1493.066 1486.254 1478.79 1471.325 1463.86
1469.943 1465.955 1461.968 1462.607 1465.516 1468.424 1471.332 1474.298 1479.838 1485.378 1490.917 1496.457 1504.159 1515.49 1526.822 1538.153 1549.485 1558.891 1567.565 1576.238 1584.911 1593.044 1594.556 1596.068 1597.579 1599.091 1599.958 1599.961 1599.963 1599.965 1599.968 1594.547 1587.576 1580.605 1573.634 1566.117 1554.903 1543.69 1532.476 1521.263 1513.891 1510.682 1507.473 1504.263 1501.054 1500.946 1501.468 1501.99 1502.512 1502.877 1502.541 1502.205 1501.869 1501.533 1500.277 1498.215 1496.153 1494.092 1492.03 1485.409 1478.19 1470.972 1463.754
1472.646 1468.784 1464.922 1465.287 1467.723 1470.16 1472.597 1475.089 1480.058 1485.027 1489.995 1494.964 1501.946 1512.308 1522.671 1533.033 1543.396 1553.001 1562.319 1571.637 1580.955 1589.735 1591.927 1594.12 1596.313 1598.505 1599.768 1599.781 1599.793 1599.806 1599.819 1594.853 1588.464 1582.074 1575.685 1568.742 1558.058 1547.374 1536.689 1526.005 1518.631 1514.846 1511.061 1507.275 1503.49 1503.088 1503.374 1503.66 1503.947 1504.078 1503.517 1502.956 1502.394 1501.833 1500.34 1498.032 1495.725 1493.417 1491.109 1484.843 1478.06 1471.276 1464.493
1475.349 1471.612 1467.876 1467.966 1469.931 1471.896 1473.861 1475.88 1480.278 1484.676 1489.073 1493.471 1499.733 1509.126 1518.52 1527.913 1537.306 1547.111 1557.073 1567.036 1576.998 1586.425 1589.299 1592.172 1595.046 1597.92 1599.578 1599.601 1599.624 1599.647 1599.671 1595.159 1589.351 1583.543 1577.735 1571.367 1561.212 1551.057 1540.902 1530.747 1523.372 1519.01 1514.649 1510.287 1505.925 1505.23 1505.281 1505.331 1505.382 1505.28 1504.493 1503.706 1502.919 1502.133 1500.404 1497.85 1495.296 1492.742 1490.188 1484.278 1477.929 1471.581 1465.232
1478.052 1474.441 1470.83 1470.645 1472.139 1473.633 1475.126 1476.672 1480.498 1484.325 1488.151 1491.978 1497.52 1505.944 1514.368 1522.792 1531.216 1541.221 1551.828 1562.435 1573.041 1583.115 1586.67 1590.225 1593.78 1597.335 1599.387 1599.421 1599.455 1599.488 1599.522 1595.465 1590.239 1585.012 1579.786 1573.993 1564.367 1554.741 1545.115 1535.489 1528.113 1523.175 1518.236 1513.298 1508.36 1507.372 1507.187 1507.002 1506.817 1506.481 1505.469 1504.457 1503.445 1502.433 1500.467 1497.667 1494.867 1492.067 1489.266 1483.713 1477.799 1471.885 1465.971
1480.754 1477.27 1473.785 1473.324 1474.347 1475.369 1476.391 1477.463 1480.718 1483.974 1487.229 1490.484 1495.307 1502.762 1510.217 1517.672 1525.127 1535.332 1546.582 1557.833 1569.084 1579.806 1584.042 1588.277 1592.513 1596.749 1599.197 1599.241 1599.285 1599.329 1599.374 1595.771 1591.126 1586.481 1581.837 1576.618 1567.521 1558.424 1549.328 1540.231 1532.853 1527.339 1521.824 1516.31 1510.796 1509.514 1509.093 1508.672 1508.251 1507.682 1506.444 1505.207 1503.97 1502.733 1500.531 1497.484 1494.438 1491.391 1488.345 1483.147 1477.668 1472.189 1466.71
1483.129 1479.849 1476.569 1476.005 1476.773 1477.54 1478.308 1479.123 1482.024 1484.925 1487.826 1490.727 1495.151 1502.133 1509.114 1516.095 1523.077 1533.224 1544.575 1555.927 1567.278 1578.115 1582.65 1587.185 1591.72 1596.255 1598.868 1598.899 1598.929 1598.96 1598.991 1595.61 1591.254 1586.898 1582.542 1577.656 1569.181 1560.706 1552.231 1543.756 1536.67 1531.089 1525.508 1519.927 1514.345 1512.665 1511.778 1510.89 1510.003 1508.995 1507.443 1505.891 1504.338 1502.786 1500.394 1497.267 1494.139 1491.012 1487.884 1483.077 1478.05 1473.023 1467.996
1485.332 1482.298 1479.265 1478.687 1479.313 1479.939 1480.565 1481.236 1483.896 1486.557 1489.217 1491.877 1496.07 1502.836 1509.603 1516.369 1523.136 1533.091 1544.259 1555.427 1566.595 1577.27 1581.905 1586.539 1591.174 1595.808 1598.467 1598.472 1598.476 1598.481 1598.485 1595.204 1590.984 1586.765 1582.545 1577.864 1570.06 1562.255 1554.451 1546.647 1540.005 1534.623 1529.241 1523.859 1518.477 1516.342 1514.868 1513.394 1511.92 1510.366 1508.452 1506.539 1504.625 1502.712 1500.153 1497.031 1493.909 1490.787 1487.665 1483.266 1478.7 1474.134 1469.568
1487.535 1484.748 1481.961 1481.369 1481.853 1482.338 1482.823 1483.35 1485.769 1488.188 1490.607 1493.026 1496.988 1503.54 1510.092 1516.643 1523.195 1532.958 1543.943 1554.927 1565.912 1576.425 1581.159 1585.893 1590.627 1595.361 1598.067 1598.045 1598.023 1598.001 1597.979 1594.799 1590.715 1586.632 1582.548 1578.072 1570.938 1563.805 1556.672 1549.538 1543.34 1538.157 1532.974 1527.791 1522.608 1520.02 1517.959 1515.898 1513.837 1511.737 1509.462 1507.187 1504.912 1502.637 1499.913 1496.796 1493.679 1490.562 1487.445 1483.454 1479.349 1475.245 1471.14
1489.738 1487.197 1484.656 1484.051 1484.394 1484.737 1485.08 1485.464 1487.642 1489.82 1491.998 1494.176 1497.907 1504.244 1510.58 1516.917 1523.254 1532.825 1543.626 1554.428 1565.229 1575.58 1580.414 1585.247 1590.081 1594.915 1597.666 1597.618 1597.57 1597.522 1597.474 1594.393 1590.446 1586.499 1582.551 1578.28 1571.817 1565.354 1558.892 1552.429 1546.676 1541.692 1536.708 1531.724 1526.739 1523.697 1521.049 1518.402 1515.754 1513.108 1510.472 1507.835 1505.198 1502.562 1499.672 1496.56 1493.448 1490.337 1487.225 1483.643 1479.999 1476.355 1472.711
1491.808 1489.508 1487.208 1486.594 1486.806 1487.018 1487.23 1487.481 1489.442 1491.403 1493.364 1495.325 1498.873 1505.086 1511.299 1517.512 1523.725 1533.124 1543.735 1554.346 1564.957 1575.134 1579.997 1584.86 1589.724 1594.587 1597.344 1597.273 1597.201 1597.129 1597.057 1594.095 1590.306 1586.516 1582.727 1578.677 1572.859 1567.042 1561.224 1555.407 1550.071 1545.258 1540.446 1535.633 1530.82 1527.325 1524.097 1520.87 1517.642 1514.456 1511.454 1508.452 1505.449 1502.447 1499.393 1496.292 1493.192 1490.091 1486.99 1483.821 1480.642 1477.463 1474.285
1492.598 1490.492 1488.386 1487.815 1487.995 1488.176 1488.357 1488.577 1490.548 1492.52 1494.491 1496.463 1500.295 1507.252 1514.209 1521.166 1528.123 1537.541 1547.896 1558.25 1568.604 1578.496 1582.72 1586.944 1591.168 1595.391 1597.783 1597.711 1597.639 1597.568 1597.496 1594.818 1591.396 1587.974 1584.551 1580.872 1575.458 1570.044 1564.63 1559.215 1554.045 1549.137 1544.23 1539.323 1534.416 1530.478 1526.737 1522.996 1519.256 1515.576 1512.17 1508.765 1505.359 1501.954 1498.747 1495.715 1492.682 1489.65 1486.617 1483.9 1481.224 1478.549 1475.873
1493.389 1491.477 1489.565 1489.036 1489.185 1489.334 1489.483 1489.673 1491.655 1493.637 1495.619 1497.601 1501.718 1509.418 1517.119 1524.82 1532.521 1541.958 1552.056 1562.154 1572.251 1581.857 1585.442 1589.027 1592.612 1596.196 1598.221 1598.15 1598.078 1598.006 1597.934 1595.542 1592.486 1589.431 1586.375 1583.067 1578.056 1573.046 1568.035 1563.024 1558.018 1553.016 1548.015 1543.014 1538.012 1533.632 1529.377 1525.123 1520.869 1516.696 1512.887 1509.078 1505.269 1501.46 1498.101 1495.137 1492.173 1489.208 1486.244 1483.98 1481.807 1479.634 1477.461
1494.18 1492.461 1490.743 1490.257 1490.375 1490.492 1490.61 1490.769 1492.762 1494.754 1496.747 1498.739 1503.14 1511.585 1520.03 1528.474 1536.919 1546.375 1556.216 1566.057 1575.899 1585.219 1588.165 1591.11 1594.056 1597.001 1598.66 1598.588 1598.516 1598.444 1598.373 1596.266 1593.577 1590.888 1588.198 1585.262 1580.655 1576.048 1571.44 1566.833 1561.991 1556.896 1551.8 1546.704 1541.608 1536.785 1532.018 1527.25 1522.482 1517.816 1513.603 1509.391 1505.179 1500.966 1497.456 1494.56 1491.663 1488.767 1485.871 1484.059 1482.389 1480.719 1479.049
1494.97 1493.446 1491.921 1491.478 1491.564 1491.65 1491.737 1491.866 1493.869 1495.871 1497.874 1499.877 1504.562 1513.751 1522.94 1532.128 1541.317 1550.792 1560.377 1569.961 1579.546 1588.581 1590.887 1593.193 1595.5 1597.806 1599.098 1599.026 1598.955 1598.883 1598.811 1596.989 1594.667 1592.345 1590.022 1587.458 1583.254 1579.05 1574.846 1570.642 1565.965 1560.775 1555.584 1550.394 1545.204 1539.939 1534.658 1529.377 1524.096 1518.936 1514.32 1509.704 1505.088 1500.473 1496.81 1493.982 1491.154 1488.326 1485.498 1484.139 1482.971 1481.804 1480.637
1495.729 1494.345 1492.961 1492.524 1492.551 1492.578 1492.605 1492.673 1494.536 1496.398 1498.261 1500.124 1504.665 1513.704 1522.744 1531.783 1540.822 1550.295 1559.933 1569.57 1579.208 1588.298 1590.682 1593.067 1595.452 1597.836 1599.196 1599.177 1599.158 1599.14 1599.121 1597.572 1595.586 1593.599 1591.613 1589.358 1585.284 1581.21 1577.136 1573.062 1568.336 1562.903 1557.471 1552.039 1546.606 1540.957 1535.263 1529.569 1523.875 1518.368 1513.704 1509.039 1504.374 1499.71 1496.122 1493.476 1490.831 1488.185 1485.54 1484.51 1483.693 1482.875 1482.057
1496.459 1495.17 1493.88 1493.418 1493.361 1493.304 1493.247 1493.227 1494.817 1496.408 1497.998 1499.588 1503.611 1511.717 1519.824 1527.931 1536.038 1545.489 1555.451 1565.414 1575.376 1584.82 1587.911 1591.003 1594.095 1597.187 1598.995 1599.075 1599.156 1599.237 1599.318 1598.032 1596.354 1594.677 1593.0 1591.0 1586.816 1582.632 1578.448 1574.263 1569.302 1563.497 1557.693 1551.889 1546.085 1540.102 1534.083 1528.065 1522.046 1516.322 1511.919 1507.516 1503.113 1498.711 1495.396 1493.033 1490.671 1488.308 1485.945 1485.139 1484.536 1483.933 1483.33
1497.189 1495.994 1494.799 1494.311 1494.171 1494.03 1493.89 1493.781 1495.099 1496.417 1497.735 1499.052 1502.556 1509.73 1516.905 1524.079 1531.254 1540.683 1550.97 1561.257 1571.544 1581.341 1585.141 1588.94 1592.739 1596.538 1598.794 1598.974 1599.154 1599.335 1599.515 1598.491 1597.123 1595.755 1594.387 1592.642 1588.348 1584.054 1579.759 1575.465 1570.268 1564.092 1557.916 1551.739 1545.563 1539.248 1532.904 1526.561 1520.217 1514.275 1510.134 1505.993 1501.852 1497.712 1494.67 1492.59 1490.51 1488.431 1486.351 1485.767 1485.379 1484.991 1484.603
1497.919 1496.819 1495.718 1495.205 1494.981 1494.756 1494.532 1494.336 1495.381 1496.426 1497.471 1498.517 1501.502 1507.744 1513.985 1520.227 1526.469 1535.877 1546.489 1557.1 1567.712 1577.863 1582.37 1586.876 1591.383 1595.889 1598.592 1598.872 1599.152 1599.432 1599.712 1598.951 1597.892 1596.833 1595.774 1594.284 1589.88 1585.475 1581.071 1576.667 1571.234 1564.686 1558.138 1551.59 1545.042 1538.393 1531.725 1525.057 1518.388 1512.228 1508.349 1504.47 1500.591 1496.713 1493.944 1492.147 1490.35 1488.553 1486.756 1486.396 1486.222 1486.049 1485.876
1498.65 1497.643 1496.637 1496.099 1495.79 1495.482 1495.174 1494.89 1495.663 1496.435 1497.208 1497.981 1500.447 1505.757 1511.066 1516.375 1521.685 1531.07 1542.007 1552.944 1563.88 1574.385 1579.599 1584.813 1590.026 1595.24 1598.391 1598.771 1599.15 1599.53 1599.909 1599.41 1598.66 1597.911 1597.161 1595.926 1591.412 1586.897 1582.383 1577.869 1572.2 1565.28 1558.36 1551.44 1544.52 1537.539 1530.546 1523.552 1516.559 1510.181 1506.564 1502.947 1499.33 1495.714 1493.218 1491.704 1490.19 1488.676 1487.162 1487.024 1487.065 1487.107 1487.148
1500.658 1499.38 1498.102 1497.367 1496.898 1496.43 1495.962 1495.517 1496.098 1496.68 1497.262 1497.844 1499.817 1504.128 1508.439 1512.749 1517.06 1525.463 1535.422 1545.381 1555.341 1565.023 1571.305 1577.587 1583.869 1590.151 1594.301 1595.583 1596.866 1598.149 1599.431 1599.278 1598.716 1598.153 1597.59 1596.552 1592.299 1588.046 1583.793 1579.54 1573.811 1566.484 1559.156 1551.828 1544.501 1537.249 1530.012 1522.775 1515.539 1509.03 1505.792 1502.554 1499.317 1496.079 1493.821 1492.422 1491.024 1489.625 1488.226 1488.151 1488.25 1488.349 1488.447
1502.706 1501.144 1499.583 1498.646 1498.015 1497.385 1496.754 1496.146 1496.539 1496.932 1497.325 1497.718 1499.2 1502.51 1505.82 1509.13 1512.44 1519.831 1528.774 1537.717 1546.66 1555.484 1562.845 1570.206 1577.568 1584.929 1590.093 1592.303 1594.513 1596.723 1598.933 1599.129 1598.749 1598.37 1597.99 1597.147 1593.166 1589.186 1585.205 1581.225 1575.442 1567.706 1559.969 1552.233 1544.497 1536.975 1529.498 1522.02 1514.542 1507.906 1505.051 1502.196 1499.34 1496.485 1494.465 1493.176 1491.887 1490.598 1489.309 1489.294 1489.445 1489.596 1489.747
1504.753 1502.909 1501.064 1499.926 1499.132 1498.339 1497.546 1496.775 1496.979 1497.184 1497.388 1497.593 1498.583 1500.892 1503.202 1505.511 1507.82 1514.199 1522.125 1530.052 1537.979 1545.944 1554.385 1562.826 1571.266 1579.707 1585.885 1589.023 1592.16 1595.297 1598.434 1598.979 1598.783 1598.587 1598.391 1597.742 1594.034 1590.326 1586.618 1582.91 1577.073 1568.928 1560.783 1552.638 1544.493 1536.702 1528.983 1521.265 1513.546 1506.783 1504.31 1501.837 1499.364 1496.891 1495.108 1493.929 1492.75 1491.571 1490.392 1490.436 1490.639 1490.843 1491.046
1506.8 1504.673 1502.546 1501.205 1500.249 1499.294 1498.338 1497.404 1497.42 1497.436 1497.452 1497.467 1497.966 1499.275 1500.583 1501.892 1503.2 1508.567 1515.477 1522.387 1529.298 1536.405 1545.925 1555.445 1564.965 1574.485 1581.678 1585.742 1589.807 1593.871 1597.936 1598.829 1598.817 1598.804 1598.791 1598.337 1594.902 1591.466 1588.031 1584.595 1578.703 1570.15 1561.596 1553.042 1544.489 1536.428 1528.469 1520.509 1512.549 1505.659 1503.568 1501.478 1499.387 1497.297 1495.751 1494.682 1493.613 1492.545 1491.476 1491.578 1491.834 1492.09 1492.346
1510.028 1507.457 1504.886 1503.174 1501.883 1500.591 1499.3 1498.034 1497.895 1497.757 1497.618 1497.48 1497.637 1498.289 1498.942 1499.595 1500.248 1504.63 1510.432 1516.234 1522.036 1528.138 1537.912 1547.687 1557.462 1567.237 1575.066 1580.281 1585.495 1590.71 1595.924 1597.416 1597.844 1598.271 1598.699 1598.658 1595.452 1592.246 1589.04 1585.834 1579.973 1571.233 1562.494 1553.754 1545.014 1536.89 1528.891 1520.891 1512.892 1505.99 1504.016 1502.043 1500.069 1498.095 1496.622 1495.586 1494.55 1493.514 1492.478 1492.629 1492.935 1493.241 1493.547
1514.963 1511.716 1508.47 1506.141 1504.263 1502.385 1500.507 1498.665 1498.421 1498.178 1497.935 1497.692 1497.724 1498.22 1498.715 1499.211 1499.707 1503.146 1507.707 1512.267 1516.827 1521.71 1530.547 1539.385 1548.221 1557.058 1564.978 1571.665 1578.351 1585.038 1591.725 1594.175 1595.415 1596.654 1597.894 1598.583 1595.544 1592.506 1589.467 1586.429 1580.72 1572.117 1563.513 1554.91 1546.307 1538.414 1530.666 1522.918 1515.17 1508.426 1506.185 1503.944 1501.703 1499.462 1497.822 1496.708 1495.593 1494.479 1493.364 1493.548 1493.901 1494.254 1494.607
1519.898 1515.975 1512.053 1509.109 1506.644 1504.179 1501.714 1499.296 1498.948 1498.599 1498.251 1497.903 1497.812 1498.15 1498.489 1498.827 1499.165 1501.663 1504.981 1508.3 1511.619 1515.283 1523.182 1531.082 1538.981 1546.88 1554.89 1563.049 1571.208 1579.366 1587.525 1590.934 1592.986 1595.037 1597.089 1598.507 1595.636 1592.765 1589.895 1587.024 1581.467 1573.0 1564.533 1556.066 1547.599 1539.938 1532.442 1524.945 1517.449 1510.861 1508.353 1505.845 1503.337 1500.829 1499.022 1497.829 1496.636 1495.443 1494.25 1494.466 1494.866 1495.267 1495.667
1524.833 1520.234 1515.636 1512.076 1509.024 1505.972 1502.921 1499.927 1499.474 1499.021 1498.568 1498.115 1497.899 1498.08 1498.262 1498.443 1498.624 1500.179 1502.256 1504.333 1506.41 1508.856 1515.818 1522.779 1529.74 1536.702 1544.802 1554.433 1564.064 1573.694 1583.325 1587.693 1590.557 1593.421 1596.284 1598.431 1595.728 1593.025 1590.322 1587.619 1582.215 1573.884 1565.553 1557.222 1548.891 1541.462 1534.217 1526.972 1519.728 1513.297 1510.521 1507.746 1504.971 1502.196 1500.223 1498.951 1497.679 1496.408 1495.136 1495.385 1495.832 1496.28 1496.727
