data/zism_data/00314_01_D.txt
ncols         224
nrows         224
[rows 0 to 27 of 224, columns 63 to 125 of 224]
4560.297 4560.297 4560.297 4560.297 4560.297 4560.395 4560.582 4560.77 4560.957 4561.144 4561.169 4561.191 4561.213 4561.235 4561.333 4561.532 4561.73 4561.928 4562.127 4562.279 4562.426 4562.572 4562.719 4562.865 4563.008 4563.151 4563.294 4563.438 4563.586 4563.736 4563.887 4564.037 4564.205 4564.421 4564.638 4564.854 4565.071 4565.195 4565.283 4565.371 4565.458 4565.559 4565.716 4565.874 4566.031 4566.189 4566.37 4566.564 4566.759 4566.954 4567.15 4567.367 4567.583 4567.8 4568.017 4568.119 4568.126 4568.134 4568.141 4568.148 4568.357 4568.567 4568.776
4560.737 4560.737 4560.737 4560.737 4560.737 4560.81 4560.948 4561.087 4561.227 4561.365 4561.421 4561.475 4561.529 4561.583 4561.686 4561.852 4562.018 4562.184 4562.351 4562.499 4562.646 4562.792 4562.939 4563.083 4563.221 4563.358 4563.496 4563.634 4563.786 4563.942 4564.098 4564.253 4564.423 4564.635 4564.846 4565.057 4565.268 4565.406 4565.515 4565.625 4565.734 4565.855 4566.028 4566.202 4566.376 4566.55 4566.713 4566.87 4567.027 4567.184 4567.346 4567.557 4567.768 4567.979 4568.19 4568.296 4568.314 4568.333 4568.351 4568.369 4568.562 4568.754 4568.948
4561.177 4561.177 4561.177 4561.177 4561.177 4561.224 4561.315 4561.405 4561.496 4561.586 4561.673 4561.759 4561.846 4561.932 4562.039 4562.173 4562.307 4562.44 4562.574 4562.719 4562.866 4563.013 4563.159 4563.301 4563.434 4563.566 4563.698 4563.831 4563.986 4564.147 4564.308 4564.469 4564.642 4564.848 4565.054 4565.259 4565.465 4565.617 4565.748 4565.879 4566.01 4566.151 4566.341 4566.531 4566.721 4566.911 4567.056 4567.175 4567.295 4567.414 4567.541 4567.747 4567.952 4568.158 4568.364 4568.474 4568.502 4568.531 4568.56 4568.588 4568.766 4568.942 4569.119
4561.617 4561.617 4561.617 4561.617 4561.617 4561.639 4561.681 4561.724 4561.766 4561.808 4561.925 4562.043 4562.162 4562.28 4562.392 4562.493 4562.595 4562.696 4562.797 4562.939 4563.086 4563.233 4563.379 4563.519 4563.646 4563.773 4563.9 4564.027 4564.186 4564.353 4564.519 4564.686 4564.861 4565.061 4565.261 4565.462 4565.662 4565.828 4565.98 4566.133 4566.286 4566.447 4566.653 4566.859 4567.065 4567.271 4567.399 4567.48 4567.563 4567.644 4567.736 4567.937 4568.137 4568.337 4568.538 4568.65 4568.69 4568.729 4568.769 4568.809 4568.969 4569.13 4569.291
4562.038 4562.038 4562.038 4562.038 4562.038 4562.038 4562.038 4562.038 4562.038 4562.038 4562.179 4562.323 4562.467 4562.611 4562.725 4562.801 4562.877 4562.954 4563.03 4563.169 4563.316 4563.462 4563.609 4563.747 4563.868 4563.989 4564.109 4564.23 4564.391 4564.562 4564.732 4564.903 4565.08 4565.276 4565.473 4565.669 4565.865 4566.042 4566.212 4566.382 4566.552 4566.73 4566.949 4567.167 4567.386 4567.605 4567.718 4567.77 4567.822 4567.874 4567.938 4568.131 4568.325 4568.518 4568.712 4568.828 4568.878 4568.928 4568.979 4569.029 4569.172 4569.316 4569.46
4562.332 4562.332 4562.332 4562.332 4562.332 4562.332 4562.332 4562.332 4562.332 4562.332 4562.452 4562.574 4562.696 4562.818 4562.93 4563.028 4563.125 4563.224 4563.321 4563.462 4563.609 4563.756 4563.903 4564.037 4564.146 4564.257 4564.367 4564.477 4564.631 4564.796 4564.962 4565.127 4565.301 4565.503 4565.705 4565.906 4566.108 4566.279 4566.438 4566.597 4566.756 4566.924 4567.132 4567.34 4567.548 4567.755 4567.878 4567.952 4568.025 4568.098 4568.181 4568.358 4568.536 4568.713 4568.89 4569.004 4569.065 4569.126 4569.188 4569.249 4569.371 4569.494 4569.616
4562.625 4562.625 4562.625 4562.625 4562.625 4562.625 4562.625 4562.625 4562.625 4562.625 4562.724 4562.825 4562.926 4563.026 4563.135 4563.254 4563.374 4563.493 4563.612 4563.756 4563.903 4564.049 4564.196 4564.326 4564.426 4564.525 4564.625 4564.724 4564.872 4565.031 4565.191 4565.351 4565.523 4565.73 4565.937 4566.144 4566.351 4566.516 4566.665 4566.813 4566.961 4567.118 4567.315 4567.512 4567.709 4567.906 4568.039 4568.134 4568.229 4568.323 4568.424 4568.585 4568.747 4568.908 4569.069 4569.182 4569.253 4569.325 4569.397 4569.469 4569.57 4569.67 4569.771
4562.919 4562.919 4562.919 4562.919 4562.919 4562.919 4562.919 4562.919 4562.919 4562.919 4562.997 4563.076 4563.155 4563.234 4563.34 4563.481 4563.622 4563.763 4563.903 4564.049 4564.196 4564.343 4564.49 4564.616 4564.705 4564.793 4564.882 4564.971 4565.112 4565.266 4565.42 4565.575 4565.745 4565.957 4566.169 4566.382 4566.594 4566.753 4566.891 4567.028 4567.166 4567.312 4567.498 4567.685 4567.871 4568.057 4568.199 4568.315 4568.432 4568.548 4568.667 4568.812 4568.957 4569.103 4569.248 4569.358 4569.441 4569.524 4569.606 4569.689 4569.768 4569.848 4569.927
4563.212 4563.212 4563.212 4563.212 4563.212 4563.212 4563.212 4563.212 4563.212 4563.212 4563.269 4563.327 4563.384 4563.442 4563.545 4563.708 4563.87 4564.032 4564.195 4564.343 4564.49 4564.636 4564.783 4564.906 4564.984 4565.062 4565.139 4565.217 4565.352 4565.501 4565.65 4565.799 4565.966 4566.184 4566.402 4566.62 4566.837 4566.99 4567.117 4567.243 4567.37 4567.505 4567.681 4567.856 4568.032 4568.208 4568.36 4568.498 4568.635 4568.773 4568.91 4569.039 4569.168 4569.297 4569.426 4569.536 4569.629 4569.722 4569.816 4569.909 4569.967 4570.025 4570.083
4563.549 4563.549 4563.549 4563.549 4563.549 4563.549 4563.549 4563.549 4563.549 4563.549 4563.59 4563.633 4563.676 4563.718 4563.819 4563.997 4564.174 4564.352 4564.529 4564.663 4564.791 4564.918 4565.046 4565.161 4565.254 4565.346 4565.438 4565.531 4565.651 4565.779 4565.907 4566.035 4566.187 4566.407 4566.627 4566.847 4567.067 4567.226 4567.361 4567.496 4567.631 4567.768 4567.917 4568.066 4568.215 4568.365 4568.518 4568.674 4568.831 4568.987 4569.139 4569.255 4569.371 4569.487 4569.603 4569.713 4569.817 4569.921 4570.025 4570.129 4570.172 4570.214 4570.257
4563.916 4563.916 4563.916 4563.916 4563.916 4563.916 4563.916 4563.916 4563.916 4563.916 4563.947 4563.979 4564.01 4564.042 4564.142 4564.33 4564.519 4564.707 4564.895 4565.0 4565.096 4565.191 4565.287 4565.393 4565.517 4565.642 4565.767 4565.891 4565.992 4566.088 4566.183 4566.279 4566.407 4566.627 4566.847 4567.067 4567.287 4567.461 4567.618 4567.774 4567.931 4568.08 4568.191 4568.302 4568.414 4568.525 4568.675 4568.847 4569.02 4569.192 4569.358 4569.464 4569.569 4569.674 4569.779 4569.89 4570.005 4570.12 4570.234 4570.349 4570.381 4570.413 4570.445
4564.282 4564.282 4564.282 4564.282 4564.282 4564.282 4564.282 4564.282 4564.282 4564.282 4564.303 4564.324 4564.345 4564.366 4564.464 4564.664 4564.863 4565.062 4565.261 4565.339 4565.402 4565.465 4565.528 4565.624 4565.781 4565.938 4566.095 4566.251 4566.333 4566.396 4566.459 4566.522 4566.627 4566.847 4567.067 4567.287 4567.507 4567.697 4567.875 4568.053 4568.231 4568.391 4568.464 4568.538 4568.612 4568.686 4568.832 4569.021 4569.209 4569.397 4569.578 4569.672 4569.767 4569.861 4569.956 4570.067 4570.192 4570.318 4570.444 4570.569 4570.59 4570.611 4570.632
4564.649 4564.649 4564.649 4564.649 4564.649 4564.649 4564.649 4564.649 4564.649 4564.649 4564.659 4564.669 4564.68 4564.69 4564.787 4564.997 4565.207 4565.417 4565.626 4565.677 4565.708 4565.738 4565.77 4565.855 4566.044 4566.234 4566.423 4566.612 4566.674 4566.705 4566.736 4566.767 4566.847 4567.067 4567.287 4567.507 4567.727 4567.933 4568.132 4568.332 4568.531 4568.702 4568.738 4568.774 4568.811 4568.846 4568.989 4569.193 4569.398 4569.603 4569.797 4569.88 4569.964 4570.048 4570.131 4570.244 4570.38 4570.517 4570.653 4570.79 4570.8 4570.81 4570.82
4565.016 4565.016 4565.016 4565.016 4565.016 4565.016 4565.016 4565.016 4565.016 4565.016 4565.016 4565.016 4565.016 4565.016 4565.111 4565.329 4565.547 4565.765 4565.983 4566.008 4566.009 4566.011 4566.013 4566.09 4566.308 4566.527 4566.745 4566.964 4567.007 4567.008 4567.008 4567.009 4567.067 4567.287 4567.507 4567.727 4567.946 4568.166 4568.386 4568.606 4568.826 4569.008 4569.01 4569.012 4569.013 4569.015 4569.154 4569.372 4569.591 4569.809 4570.015 4570.088 4570.162 4570.235 4570.309 4570.421 4570.568 4570.714 4570.86 4571.006 4571.007 4571.008 4571.008
4565.383 4565.383 4565.383 4565.383 4565.383 4565.383 4565.383 4565.383 4565.383 4565.383 4565.383 4565.383 4565.383 4565.383 4565.457 4565.626 4565.795 4565.965 4566.135 4566.188 4566.228 4566.267 4566.306 4566.395 4566.575 4566.756 4566.937 4567.118 4567.167 4567.184 4567.2 4567.217 4567.286 4567.5 4567.714 4567.929 4568.144 4568.358 4568.572 4568.787 4569.001 4569.187 4569.231 4569.276 4569.321 4569.366 4569.497 4569.677 4569.858 4570.039 4570.21 4570.284 4570.357 4570.431 4570.504 4570.611 4570.747 4570.882 4571.018 4571.153 4571.17 4571.187 4571.204
4565.75 4565.75 4565.75 4565.75 4565.75 4565.75 4565.75 4565.75 4565.75 4565.75 4565.75 4565.75 4565.75 4565.75 4565.802 4565.923 4566.044 4566.166 4566.287 4566.368 4566.445 4566.522 4566.6 4566.699 4566.842 4566.985 4567.129 4567.272 4567.326 4567.359 4567.393 4567.425 4567.504 4567.713 4567.922 4568.131 4568.341 4568.55 4568.759 4568.968 4569.177 4569.365 4569.453 4569.541 4569.629 4569.717 4569.84 4569.983 4570.126 4570.269 4570.406 4570.479 4570.553 4570.626 4570.7 4570.801 4570.926 4571.05 4571.175 4571.3 4571.333 4571.366 4571.399
4566.116 4566.116 4566.116 4566.116 4566.116 4566.116 4566.116 4566.116 4566.116 4566.116 4566.116 4566.116 4566.116 4566.116 4566.148 4566.221 4566.293 4566.366 4566.438 4566.549 4566.664 4566.778 4566.893 4567.004 4567.109 4567.215 4567.32 4567.426 4567.486 4567.535 4567.584 4567.633 4567.723 4567.927 4568.13 4568.334 4568.538 4568.741 4568.945 4569.149 4569.353 4569.544 4569.675 4569.806 4569.937 4570.068 4570.183 4570.288 4570.394 4570.499 4570.602 4570.675 4570.749 4570.822 4570.896 4570.991 4571.104 4571.219 4571.333 4571.446 4571.496 4571.545 4571.594
4566.483 4566.483 4566.483 4566.483 4566.483 4566.483 4566.483 4566.483 4566.483 4566.483 4566.483 4566.483 4566.483 4566.483 4566.494 4566.518 4566.542 4566.566 4566.59 4566.729 4566.881 4567.034 4567.186 4567.309 4567.376 4567.444 4567.512 4567.58 4567.646 4567.711 4567.776 4567.842 4567.942 4568.14 4568.338 4568.537 4568.735 4568.933 4569.131 4569.33 4569.528 4569.723 4569.896 4570.071 4570.245 4570.419 4570.526 4570.594 4570.661 4570.729 4570.797 4570.871 4570.944 4571.018 4571.091 4571.181 4571.284 4571.387 4571.49 4571.593 4571.659 4571.724 4571.789
4566.74 4566.74 4566.74 4566.74 4566.74 4566.74 4566.74 4566.74 4566.74 4566.74 4566.74 4566.74 4566.74 4566.74 4566.747 4566.763 4566.779 4566.795 4566.812 4566.956 4567.117 4567.277 4567.438 4567.564 4567.626 4567.688 4567.751 4567.813 4567.882 4567.953 4568.024 4568.095 4568.195 4568.38 4568.564 4568.75 4568.934 4569.127 4569.323 4569.518 4569.714 4569.909 4570.099 4570.289 4570.479 4570.669 4570.777 4570.837 4570.897 4570.957 4571.017 4571.082 4571.147 4571.212 4571.278 4571.355 4571.442 4571.529 4571.616 4571.703 4571.769 4571.834 4571.899
4566.887 4566.887 4566.887 4566.887 4566.887 4566.887 4566.887 4566.887 4566.887 4566.887 4566.887 4566.887 4566.887 4566.887 4566.908 4566.956 4567.004 4567.053 4567.102 4567.23 4567.37 4567.508 4567.647 4567.769 4567.858 4567.947 4568.037 4568.126 4568.196 4568.261 4568.327 4568.392 4568.483 4568.646 4568.81 4568.973 4569.136 4569.323 4569.518 4569.714 4569.91 4570.103 4570.282 4570.461 4570.641 4570.82 4570.938 4571.019 4571.1 4571.182 4571.26 4571.309 4571.358 4571.407 4571.457 4571.515 4571.58 4571.646 4571.711 4571.776 4571.826 4571.875 4571.924
4567.034 4567.034 4567.034 4567.034 4567.034 4567.034 4567.034 4567.034 4567.034 4567.034 4567.034 4567.034 4567.034 4567.034 4567.069 4567.149 4567.23 4567.311 4567.392 4567.505 4567.622 4567.74 4567.857 4567.974 4568.09 4568.207 4568.323 4568.439 4568.51 4568.57 4568.629 4568.689 4568.771 4568.913 4569.054 4569.196 4569.338 4569.518 4569.714 4569.91 4570.105 4570.296 4570.465 4570.634 4570.802 4570.971 4571.098 4571.201 4571.304 4571.406 4571.503 4571.536 4571.569 4571.602 4571.635 4571.674 4571.718 4571.762 4571.806 4571.85 4571.883 4571.916 4571.949
4567.18 4567.18 4567.18 4567.18 4567.18 4567.18 4567.18 4567.18 4567.18 4567.18 4567.18 4567.18 4567.18 4567.18 4567.229 4567.342 4567.456 4567.568 4567.682 4567.779 4567.875 4567.971 4568.067 4568.179 4568.322 4568.465 4568.608 4568.751 4568.823 4568.878 4568.933 4568.987 4569.059 4569.179 4569.299 4569.419 4569.54 4569.714 4569.91 4570.105 4570.301 4570.49 4570.648 4570.806 4570.964 4571.122 4571.259 4571.383 4571.507 4571.631 4571.746 4571.763 4571.78 4571.797 4571.813 4571.833 4571.856 4571.878 4571.901 4571.923 4571.94 4571.957 4571.974
4567.327 4567.327 4567.327 4567.327 4567.327 4567.327 4567.327 4567.327 4567.327 4567.327 4567.327 4567.327 4567.327 4567.327 4567.39 4567.536 4567.681 4567.826 4567.972 4568.054 4568.128 4568.202 4568.276 4568.384 4568.554 4568.724 4568.894 4569.064 4569.137 4569.186 4569.235 4569.284 4569.347 4569.445 4569.544 4569.643 4569.741 4569.91 4570.105 4570.301 4570.497 4570.684 4570.831 4570.978 4571.125 4571.272 4571.419 4571.565 4571.71 4571.856 4571.989 4571.99 4571.991 4571.992 4571.992 4571.993 4571.994 4571.995 4571.996 4571.997 4571.998 4571.998 4571.999
4567.685 4567.685 4567.685 4567.685 4567.685 4567.685 4567.685 4567.685 4567.685 4567.685 4567.685 4567.685 4567.685 4567.685 4567.735 4567.851 4567.966 4568.082 4568.198 4568.29 4568.378 4568.467 4568.556 4568.667 4568.817 4568.968 4569.118 4569.269 4569.367 4569.452 4569.537 4569.622 4569.705 4569.782 4569.859 4569.936 4570.013 4570.179 4570.38 4570.581 4570.781 4570.967 4571.083 4571.199 4571.315 4571.431 4571.576 4571.738 4571.9 4572.063 4572.207 4572.16 4572.114 4572.067 4572.021 4572.0 4572.0 4572.0 4572.0 4572.0 4572.0 4572.0 4572.0
4568.051 4568.051 4568.051 4568.051 4568.051 4568.051 4568.051 4568.051 4568.051 4568.051 4568.051 4568.051 4568.051 4568.051 4568.087 4568.171 4568.254 4568.338 4568.421 4568.524 4568.629 4568.734 4568.839 4568.953 4569.082 4569.21 4569.34 4569.469 4569.593 4569.715 4569.838 4569.96 4570.065 4570.121 4570.177 4570.233 4570.289 4570.452 4570.658 4570.864 4571.07 4571.255 4571.339 4571.422 4571.506 4571.59 4571.733 4571.911 4572.089 4572.268 4572.422 4572.328 4572.233 4572.138 4572.043 4572.0 4572.0 4572.0 4572.0 4572.0 4572.0 4572.0 4572.0
4568.418 4568.418 4568.418 4568.418 4568.418 4568.418 4568.418 4568.418 4568.418 4568.418 4568.418 4568.418 4568.418 4568.418 4568.44 4568.491 4568.542 4568.594 4568.645 4568.759 4568.88 4569.001 4569.122 4569.238 4569.346 4569.454 4569.561 4569.668 4569.818 4569.979 4570.139 4570.299 4570.427 4570.461 4570.495 4570.529 4570.563 4570.725 4570.937 4571.148 4571.359 4571.543 4571.594 4571.646 4571.697 4571.748 4571.89 4572.084 4572.279 4572.473 4572.638 4572.495 4572.352 4572.208 4572.065 4572.0 4572.0 4572.0 4572.0 4572.0 4572.0 4572.0 4572.0
4568.785 4568.785 4568.785 4568.785 4568.785 4568.785 4568.785 4568.785 4568.785 4568.785 4568.785 4568.785 4568.785 4568.785 4568.793 4568.812 4568.831 4568.85 4568.869 4568.993 4569.13 4569.268 4569.405 4569.524 4569.61 4569.696 4569.782 4569.868 4570.044 4570.242 4570.44 4570.638 4570.788 4570.801 4570.813 4570.826 4570.838 4570.998 4571.215 4571.432 4571.648 4571.831 4571.85 4571.869 4571.888 4571.907 4572.047 4572.257 4572.468 4572.679 4572.854 4572.663 4572.471 4572.279 4572.087 4572.0 4572.0 4572.0 4572.0 4572.0 4572.0 4572.0 4572.0
4569.151 4569.151 4569.151 4569.151 4569.151 4569.151 4569.151 4569.151 4569.151 4569.151 4569.151 4569.151 4569.151 4569.151 4569.151 4569.151 4569.151 4569.151 4569.151 4569.271 4569.404 4569.537 4569.67 4569.785 4569.862 4569.94 4570.018 4570.096 4570.279 4570.488 4570.697 4570.906 4571.066 4571.086 4571.106 4571.126 4571.146 4571.297 4571.499 4571.701 4571.904 4572.074 4572.092 4572.109 4572.127 4572.145 4572.278 4572.478 4572.678 4572.878 4573.042 4572.821 4572.601 4572.381 4572.161 4572.042 4572.009 4571.976 4571.942 4571.909 4571.909 4571.909 4571.909
