data/zism_data/00317_02_D.txt
ncols         224
nrows         224
[rows 155 to 185 of 224, columns 0 to 68 of 224]
1491.662 1491.327 1490.992 1490.733 1490.562 1490.392 1490.221 1490.051 1490.031 1490.022 1490.014 1490.005 1489.982 1489.934 1489.887 1489.84 1489.793 1489.706 1489.611 1489.517 1489.423 1489.359 1489.359 1489.359 1489.359 1489.359 1489.359 1489.359 1489.359 1489.359 1489.342 1489.271 1489.2 1489.13 1489.059 1489.038 1489.038 1489.038 1489.038 1489.038 1489.038 1489.038 1489.038 1489.038 1489.033 1489.025 1489.016 1489.008 1489.0 1489.0 1489.0 1489.0 1489.0 1489.0 1489.0 1489.0 1489.0 1489.0 1489.0 1489.0 1489.0 1489.0 1489.0 1489.0 1489.0 1489.0 1489.0 1489.0 1489.0
1491.451 1491.13 1490.809 1490.554 1490.373 1490.193 1490.013 1489.833 1489.819 1489.819 1489.819 1489.819 1489.804 1489.764 1489.724 1489.683 1489.643 1489.569 1489.488 1489.408 1489.328 1489.273 1489.273 1489.273 1489.273 1489.273 1489.273 1489.273 1489.273 1489.273 1489.258 1489.198 1489.138 1489.078 1489.017 1489.0 1489.0 1489.0 1489.0 1489.0 1489.0 1489.0 1489.0 1489.0 1489.0 1489.0 1489.0 1489.0 1489.0 1489.0 1489.0 1489.0 1489.0 1489.0 1489.0 1489.0 1489.0 1489.0 1489.0 1489.0 1489.0 1489.0 1489.0 1489.0 1489.0 1489.0 1489.0 1489.0 1489.0
1491.213 1490.919 1490.625 1490.379 1490.188 1489.996 1489.806 1489.615 1489.601 1489.601 1489.601 1489.601 1489.589 1489.56 1489.53 1489.501 1489.471 1489.417 1489.358 1489.299 1489.24 1489.2 1489.2 1489.2 1489.2 1489.2 1489.2 1489.2 1489.2 1489.2 1489.189 1489.145 1489.101 1489.057 1489.013 1489.0 1489.0 1489.0 1489.0 1489.0 1489.0 1489.0 1489.0 1489.0 1489.0 1489.0 1489.0 1489.0 1489.0 1489.0 1489.0 1489.0 1489.0 1489.0 1489.0 1489.0 1489.0 1489.0 1489.0 1489.0 1489.0 1489.0 1489.0 1489.0 1489.0 1489.0 1489.0 1489.0 1489.0
1490.975 1490.707 1490.44 1490.203 1490.002 1489.8 1489.598 1489.396 1489.382 1489.382 1489.382 1489.382 1489.375 1489.356 1489.337 1489.318 1489.3 1489.265 1489.228 1489.19 1489.153 1489.127 1489.127 1489.127 1489.127 1489.127 1489.127 1489.127 1489.127 1489.127 1489.12 1489.092 1489.064 1489.036 1489.008 1489.0 1489.0 1489.0 1489.0 1489.0 1489.0 1489.0 1489.0 1489.0 1489.0 1489.0 1489.0 1489.0 1489.0 1489.0 1489.0 1489.0 1489.0 1489.0 1489.0 1489.0 1489.0 1489.0 1489.0 1489.0 1489.0 1489.0 1489.0 1489.0 1489.0 1489.0 1489.0 1489.0 1489.0
1490.736 1490.496 1490.256 1490.028 1489.816 1489.603 1489.391 1489.178 1489.163 1489.163 1489.163 1489.163 1489.16 1489.152 1489.144 1489.136 1489.128 1489.113 1489.097 1489.081 1489.065 1489.054 1489.054 1489.054 1489.054 1489.054 1489.054 1489.054 1489.054 1489.054 1489.051 1489.039 1489.027 1489.016 1489.003 1489.0 1489.0 1489.0 1489.0 1489.0 1489.0 1489.0 1489.0 1489.0 1489.0 1489.0 1489.0 1489.0 1489.0 1489.0 1489.0 1489.0 1489.0 1489.0 1489.0 1489.0 1489.0 1489.0 1489.0 1489.0 1489.0 1489.0 1489.0 1489.0 1489.0 1489.0 1489.0 1489.0 1489.0
1490.57 1490.345 1490.12 1489.903 1489.695 1489.487 1489.279 1489.071 1489.056 1489.056 1489.056 1489.056 1489.056 1489.056 1489.056 1489.056 1489.056 1489.056 1489.056 1489.056 1489.056 1489.056 1489.056 1489.056 1489.056 1489.056 1489.046 1489.034 1489.022 1489.009 1489.0 1489.0 1489.0 1489.0 1489.0 1489.0 1489.0 1489.0 1489.0 1489.0 1489.0 1489.0 1489.0 1489.0 1489.0 1489.0 1489.0 1489.0 1489.0 1489.0 1489.0 1489.0 1489.0 1489.0 1489.0 1489.0 1489.0 1489.0 1489.0 1489.0 1489.0 1489.0 1489.0 1489.0 1489.0 1489.0 1489.0 1489.0 1489.0
1490.61 1490.37 1490.129 1489.926 1489.766 1489.606 1489.446 1489.286 1489.275 1489.275 1489.275 1489.275 1489.275 1489.275 1489.275 1489.275 1489.275 1489.275 1489.275 1489.275 1489.275 1489.275 1489.275 1489.275 1489.275 1489.275 1489.227 1489.167 1489.106 1489.046 1489.0 1489.0 1489.0 1489.0 1489.0 1489.0 1489.0 1489.0 1489.0 1489.0 1489.0 1489.0 1489.0 1489.0 1489.0 1489.0 1489.0 1489.0 1489.0 1489.0 1489.0 1489.0 1489.0 1489.0 1489.0 1489.0 1489.0 1489.0 1489.0 1489.0 1489.0 1489.0 1489.0 1489.0 1489.0 1489.0 1489.0 1489.0 1489.0
1490.651 1490.394 1490.138 1489.948 1489.837 1489.725 1489.613 1489.502 1489.494 1489.494 1489.494 1489.494 1489.494 1489.494 1489.494 1489.494 1489.494 1489.494 1489.494 1489.494 1489.494 1489.494 1489.494 1489.494 1489.494 1489.494 1489.408 1489.3 1489.191 1489.082 1489.0 1489.0 1489.0 1489.0 1489.0 1489.0 1489.0 1489.0 1489.0 1489.0 1489.0 1489.0 1489.0 1489.0 1489.0 1489.0 1489.0 1489.0 1489.0 1489.0 1489.0 1489.0 1489.0 1489.0 1489.0 1489.0 1489.0 1489.0 1489.0 1489.0 1489.0 1489.0 1489.0 1489.0 1489.0 1489.0 1489.0 1489.0 1489.0
1490.692 1490.419 1490.146 1489.971 1489.907 1489.844 1489.78 1489.717 1489.712 1489.712 1489.712 1489.712 1489.712 1489.712 1489.712 1489.712 1489.712 1489.712 1489.712 1489.712 1489.712 1489.712 1489.712 1489.712 1489.712 1489.712 1489.59 1489.432 1489.275 1489.118 1489.0 1489.0 1489.0 1489.0 1489.0 1489.0 1489.0 1489.0 1489.0 1489.0 1489.0 1489.0 1489.0 1489.0 1489.0 1489.0 1489.0 1489.0 1489.0 1489.0 1489.0 1489.0 1489.0 1489.0 1489.0 1489.0 1489.0 1489.0 1489.0 1489.0 1489.0 1489.0 1489.0 1489.0 1489.0 1489.0 1489.0 1489.0 1489.0
1490.733 1490.444 1490.155 1489.993 1489.978 1489.963 1489.948 1489.932 1489.931 1489.931 1489.931 1489.931 1489.931 1489.931 1489.931 1489.931 1489.931 1489.931 1489.931 1489.931 1489.931 1489.931 1489.931 1489.931 1489.931 1489.931 1489.771 1489.565 1489.36 1489.155 1489.0 1489.0 1489.0 1489.0 1489.0 1489.0 1489.0 1489.0 1489.0 1489.0 1489.0 1489.0 1489.0 1489.0 1489.0 1489.0 1489.0 1489.0 1489.0 1489.0 1489.0 1489.0 1489.0 1489.0 1489.0 1489.0 1489.0 1489.0 1489.0 1489.0 1489.0 1489.0 1489.0 1489.0 1489.0 1489.0 1489.0 1489.0 1489.0
1490.977 1490.691 1490.404 1490.235 1490.202 1490.169 1490.136 1490.103 1490.1 1490.1 1490.1 1490.1 1490.1 1490.1 1490.1 1490.1 1490.1 1490.081 1490.059 1490.037 1490.015 1490.0 1490.0 1490.0 1490.0 1490.0 1489.853 1489.666 1489.479 1489.291 1489.15 1489.15 1489.15 1489.15 1489.15 1489.15 1489.15 1489.15 1489.15 1489.15 1489.15 1489.15 1489.15 1489.15 1489.15 1489.15 1489.15 1489.15 1489.15 1489.15 1489.15 1489.15 1489.15 1489.148 1489.144 1489.141 1489.137 1489.133 1489.126 1489.119 1489.111 1489.104 1489.1 1489.1 1489.1 1489.1 1489.1 1489.1 1489.1
1491.315 1491.039 1490.763 1490.577 1490.496 1490.415 1490.333 1490.252 1490.246 1490.246 1490.246 1490.246 1490.246 1490.246 1490.246 1490.246 1490.246 1490.2 1490.145 1490.091 1490.037 1490.0 1490.0 1490.0 1490.0 1490.0 1489.891 1489.752 1489.613 1489.474 1489.369 1489.369 1489.369 1489.369 1489.369 1489.369 1489.369 1489.369 1489.369 1489.369 1489.369 1489.369 1489.369 1489.369 1489.369 1489.369 1489.369 1489.369 1489.369 1489.369 1489.369 1489.369 1489.369 1489.364 1489.355 1489.346 1489.337 1489.328 1489.309 1489.291 1489.273 1489.255 1489.246 1489.246 1489.246 1489.246 1489.246 1489.246 1489.246
1491.652 1491.387 1491.122 1490.92 1490.79 1490.66 1490.531 1490.401 1490.392 1490.392 1490.392 1490.392 1490.392 1490.392 1490.392 1490.392 1490.392 1490.318 1490.232 1490.145 1490.059 1490.0 1490.0 1490.0 1490.0 1490.0 1489.929 1489.838 1489.747 1489.656 1489.588 1489.588 1489.588 1489.588 1489.588 1489.588 1489.588 1489.588 1489.588 1489.588 1489.588 1489.588 1489.588 1489.588 1489.588 1489.588 1489.588 1489.588 1489.588 1489.588 1489.588 1489.588 1489.588 1489.58 1489.565 1489.551 1489.536 1489.522 1489.493 1489.464 1489.435 1489.406 1489.392 1489.392 1489.392 1489.392 1489.392 1489.392 1489.392
1491.99 1491.735 1491.481 1491.262 1491.084 1490.906 1490.729 1490.551 1490.538 1490.538 1490.538 1490.538 1490.538 1490.538 1490.538 1490.538 1490.538 1490.436 1490.318 1490.199 1490.081 1490.0 1490.0 1490.0 1490.0 1490.0 1489.967 1489.924 1489.881 1489.839 1489.807 1489.807 1489.807 1489.807 1489.807 1489.807 1489.807 1489.807 1489.807 1489.807 1489.807 1489.807 1489.807 1489.807 1489.807 1489.807 1489.807 1489.807 1489.807 1489.807 1489.807 1489.807 1489.807 1489.796 1489.776 1489.756 1489.736 1489.716 1489.676 1489.637 1489.597 1489.558 1489.538 1489.538 1489.538 1489.538 1489.538 1489.538 1489.538
1492.31 1492.067 1491.823 1491.591 1491.372 1491.154 1490.935 1490.717 1490.697 1490.693 1490.69 1490.686 1490.683 1490.681 1490.679 1490.677 1490.675 1490.553 1490.41 1490.266 1490.123 1490.025 1490.022 1490.02 1490.017 1490.015 1490.013 1490.012 1490.011 1490.01 1490.009 1490.009 1490.009 1490.009 1490.009 1490.008 1490.006 1490.005 1490.004 1490.003 1490.002 1490.001 1490.001 1490.0 1490.0 1490.0 1490.0 1490.0 1490.0 1490.0 1490.0 1490.0 1490.0 1489.987 1489.963 1489.939 1489.915 1489.89 1489.843 1489.795 1489.747 1489.699 1489.675 1489.675 1489.675 1489.675 1489.675 1489.675 1489.675
1492.502 1492.269 1492.036 1491.817 1491.615 1491.412 1491.21 1491.007 1490.959 1490.923 1490.887 1490.851 1490.823 1490.805 1490.787 1490.769 1490.751 1490.653 1490.542 1490.431 1490.32 1490.237 1490.213 1490.189 1490.165 1490.141 1490.126 1490.114 1490.102 1490.09 1490.081 1490.081 1490.081 1490.081 1490.081 1490.073 1490.061 1490.049 1490.037 1490.026 1490.02 1490.014 1490.008 1490.002 1490.0 1490.0 1490.0 1490.0 1490.0 1490.0 1490.0 1490.0 1490.0 1489.99 1489.971 1489.953 1489.934 1489.915 1489.878 1489.841 1489.804 1489.767 1489.748 1489.748 1489.748 1489.748 1489.748 1489.748 1489.748
1492.694 1492.471 1492.249 1492.043 1491.857 1491.671 1491.484 1491.298 1491.221 1491.153 1491.085 1491.017 1490.962 1490.928 1490.894 1490.86 1490.826 1490.754 1490.675 1490.596 1490.517 1490.449 1490.403 1490.358 1490.313 1490.267 1490.24 1490.217 1490.194 1490.172 1490.154 1490.154 1490.154 1490.154 1490.154 1490.138 1490.116 1490.093 1490.07 1490.049 1490.038 1490.027 1490.016 1490.004 1490.0 1490.0 1490.0 1490.0 1490.0 1490.0 1490.0 1490.0 1490.0 1489.993 1489.979 1489.966 1489.953 1489.94 1489.913 1489.887 1489.861 1489.834 1489.821 1489.821 1489.821 1489.821 1489.821 1489.821 1489.821
1492.885 1492.674 1492.462 1492.27 1492.099 1491.929 1491.759 1491.589 1491.483 1491.383 1491.283 1491.182 1491.102 1491.052 1491.002 1490.951 1490.901 1490.854 1490.807 1490.761 1490.714 1490.661 1490.594 1490.527 1490.46 1490.393 1490.353 1490.319 1490.286 1490.253 1490.227 1490.227 1490.227 1490.227 1490.227 1490.204 1490.17 1490.137 1490.103 1490.073 1490.056 1490.039 1490.023 1490.006 1490.0 1490.0 1490.0 1490.0 1490.0 1490.0 1490.0 1490.0 1490.0 1489.996 1489.988 1489.98 1489.972 1489.964 1489.949 1489.933 1489.917 1489.902 1489.894 1489.894 1489.894 1489.894 1489.894 1489.894 1489.894
1493.077 1492.876 1492.675 1492.496 1492.342 1492.188 1492.033 1491.879 1491.745 1491.613 1491.48 1491.348 1491.241 1491.175 1491.109 1491.043 1490.977 1490.955 1490.94 1490.925 1490.911 1490.873 1490.785 1490.696 1490.608 1490.52 1490.466 1490.422 1490.378 1490.334 1490.3 1490.3 1490.3 1490.3 1490.3 1490.269 1490.225 1490.181 1490.137 1490.096 1490.074 1490.052 1490.03 1490.008 1490.0 1490.0 1490.0 1490.0 1490.0 1490.0 1490.0 1490.0 1490.0 1489.999 1489.996 1489.994 1489.991 1489.989 1489.984 1489.979 1489.974 1489.969 1489.967 1489.967 1489.967 1489.967 1489.967 1489.967 1489.967
1493.233 1493.026 1492.818 1492.647 1492.517 1492.388 1492.259 1492.129 1491.975 1491.82 1491.664 1491.508 1491.388 1491.323 1491.259 1491.194 1491.129 1491.097 1491.071 1491.044 1491.018 1490.973 1490.886 1490.8 1490.714 1490.628 1490.575 1490.532 1490.489 1490.446 1490.413 1490.413 1490.413 1490.413 1490.413 1490.383 1490.339 1490.296 1490.253 1490.214 1490.192 1490.171 1490.149 1490.128 1490.12 1490.12 1490.12 1490.12 1490.117 1490.091 1490.064 1490.038 1490.011 1490.0 1490.0 1490.0 1490.0 1490.0 1490.0 1490.0 1490.0 1490.0 1490.0 1490.0 1490.0 1490.0 1490.0 1490.0 1490.0
1493.361 1493.132 1492.902 1492.734 1492.637 1492.54 1492.443 1492.346 1492.179 1492.007 1491.836 1491.664 1491.54 1491.491 1491.443 1491.394 1491.346 1491.275 1491.2 1491.125 1491.051 1490.979 1490.915 1490.85 1490.785 1490.72 1490.681 1490.648 1490.616 1490.583 1490.559 1490.559 1490.559 1490.559 1490.559 1490.536 1490.504 1490.471 1490.439 1490.409 1490.393 1490.377 1490.361 1490.344 1490.339 1490.339 1490.339 1490.339 1490.331 1490.256 1490.182 1490.107 1490.032 1490.0 1490.0 1490.0 1490.0 1490.0 1490.0 1490.0 1490.0 1490.0 1490.0 1490.0 1490.0 1490.0 1490.0 1490.0 1490.0
1493.488 1493.237 1492.987 1492.822 1492.757 1492.692 1492.627 1492.562 1492.383 1492.195 1492.007 1491.819 1491.692 1491.66 1491.627 1491.595 1491.562 1491.452 1491.329 1491.207 1491.084 1490.986 1490.943 1490.899 1490.856 1490.813 1490.786 1490.765 1490.743 1490.721 1490.705 1490.705 1490.705 1490.705 1490.705 1490.69 1490.668 1490.646 1490.625 1490.605 1490.594 1490.583 1490.572 1490.561 1490.557 1490.557 1490.557 1490.557 1490.545 1490.422 1490.299 1490.176 1490.053 1490.0 1490.0 1490.0 1490.0 1490.0 1490.0 1490.0 1490.0 1490.0 1490.0 1490.0 1490.0 1490.0 1490.0 1490.0 1490.0
1493.615 1493.343 1493.071 1492.91 1492.877 1492.844 1492.812 1492.779 1492.587 1492.383 1492.179 1491.975 1491.844 1491.828 1491.812 1491.795 1491.779 1491.63 1491.459 1491.288 1491.117 1490.993 1490.971 1490.949 1490.927 1490.905 1490.892 1490.881 1490.87 1490.859 1490.851 1490.851 1490.851 1490.851 1490.851 1490.843 1490.832 1490.821 1490.81 1490.8 1490.795 1490.789 1490.784 1490.778 1490.776 1490.776 1490.776 1490.776 1490.759 1490.588 1490.417 1490.246 1490.074 1490.0 1490.0 1490.0 1490.0 1490.0 1490.0 1490.0 1490.0 1490.0 1490.0 1490.0 1490.0 1490.0 1490.0 1490.0 1490.0
1493.743 1493.449 1493.156 1492.998 1492.997 1492.997 1492.996 1492.995 1492.791 1492.571 1492.351 1492.131 1491.997 1491.996 1491.996 1491.996 1491.995 1491.808 1491.588 1491.369 1491.149 1491.0 1490.999 1490.999 1490.998 1490.998 1490.998 1490.997 1490.997 1490.997 1490.997 1490.997 1490.997 1490.997 1490.997 1490.997 1490.996 1490.996 1490.996 1490.996 1490.996 1490.995 1490.995 1490.995 1490.995 1490.995 1490.995 1490.995 1490.973 1490.754 1490.534 1490.315 1490.095 1490.0 1490.0 1490.0 1490.0 1490.0 1490.0 1490.0 1490.0 1490.0 1490.0 1490.0 1490.0 1490.0 1490.0 1490.0 1490.0
1493.829 1493.577 1493.325 1493.171 1493.129 1493.087 1493.045 1493.003 1492.83 1492.646 1492.462 1492.278 1492.152 1492.115 1492.079 1492.042 1492.005 1491.852 1491.679 1491.505 1491.332 1491.209 1491.193 1491.178 1491.162 1491.146 1491.118 1491.087 1491.055 1491.024 1491.0 1491.0 1491.0 1491.0 1491.0 1491.0 1491.0 1491.0 1491.0 1491.0 1491.0 1491.0 1491.0 1491.0 1491.0 1491.0 1491.0 1491.0 1490.982 1490.809 1490.636 1490.463 1490.289 1490.214 1490.214 1490.214 1490.214 1490.214 1490.214 1490.214 1490.214 1490.214 1490.206 1490.191 1490.175 1490.159 1490.143 1490.133 1490.122
1493.915 1493.706 1493.497 1493.345 1493.261 1493.176 1493.091 1493.006 1492.864 1492.718 1492.572 1492.426 1492.308 1492.233 1492.159 1492.085 1492.011 1491.893 1491.768 1491.643 1491.518 1491.423 1491.391 1491.359 1491.327 1491.296 1491.239 1491.175 1491.112 1491.048 1491.0 1491.0 1491.0 1491.0 1491.0 1491.0 1491.0 1491.0 1491.0 1491.0 1491.0 1491.0 1491.0 1491.0 1491.0 1491.0 1491.0 1491.0 1490.987 1490.862 1490.737 1490.612 1490.487 1490.433 1490.433 1490.433 1490.433 1490.433 1490.433 1490.433 1490.433 1490.433 1490.417 1490.385 1490.354 1490.322 1490.29 1490.268 1490.247
1494.001 1493.835 1493.668 1493.52 1493.392 1493.265 1493.137 1493.009 1492.899 1492.791 1492.682 1492.573 1492.463 1492.351 1492.24 1492.128 1492.016 1491.934 1491.858 1491.781 1491.704 1491.636 1491.589 1491.541 1491.493 1491.445 1491.359 1491.264 1491.168 1491.072 1491.0 1491.0 1491.0 1491.0 1491.0 1491.0 1491.0 1491.0 1491.0 1491.0 1491.0 1491.0 1491.0 1491.0 1491.0 1491.0 1491.0 1491.0 1490.992 1490.915 1490.839 1490.762 1490.685 1490.652 1490.652 1490.652 1490.652 1490.652 1490.652 1490.652 1490.652 1490.652 1490.628 1490.58 1490.532 1490.484 1490.437 1490.404 1490.372
1494.087 1493.963 1493.84 1493.695 1493.524 1493.354 1493.183 1493.012 1492.934 1492.863 1492.792 1492.72 1492.619 1492.469 1492.32 1492.171 1492.022 1491.976 1491.947 1491.919 1491.89 1491.85 1491.786 1491.722 1491.658 1491.594 1491.48 1491.352 1491.224 1491.096 1491.0 1491.0 1491.0 1491.0 1491.0 1491.0 1491.0 1491.0 1491.0 1491.0 1491.0 1491.0 1491.0 1491.0 1491.0 1491.0 1491.0 1491.0 1490.997 1490.969 1490.94 1490.911 1490.883 1490.871 1490.871 1490.871 1490.871 1490.871 1490.871 1490.871 1490.871 1490.871 1490.839 1490.775 1490.711 1490.647 1490.583 1490.54 1490.497
1494.175 1494.066 1493.957 1493.81 1493.618 1493.427 1493.235 1493.044 1492.982 1492.931 1492.88 1492.829 1492.735 1492.574 1492.414 1492.253 1492.093 1492.056 1492.041 1492.026 1492.01 1491.979 1491.912 1491.845 1491.778 1491.711 1491.592 1491.458 1491.324 1491.19 1491.086 1491.073 1491.06 1491.047 1491.034 1491.03 1491.03 1491.03 1491.03 1491.029 1491.022 1491.016 1491.009 1491.002 1491.0 1491.0 1491.0 1491.0 1491.0 1491.0 1491.0 1491.0 1491.0 1491.0 1491.0 1491.0 1491.0 1491.0 1491.0 1491.0 1491.0 1491.0 1490.967 1490.9 1490.833 1490.766 1490.699 1490.654 1490.609
1494.267 1494.132 1493.996 1493.839 1493.658 1493.478 1493.297 1493.116 1493.05 1492.994 1492.937 1492.881 1492.794 1492.66 1492.527 1492.393 1492.259 1492.195 1492.142 1492.089 1492.036 1491.984 1491.933 1491.882 1491.831 1491.781 1491.69 1491.588 1491.487 1491.385 1491.297 1491.252 1491.207 1491.161 1491.116 1491.103 1491.103 1491.103 1491.103 1491.099 1491.076 1491.053 1491.031 1491.008 1491.0 1491.0 1491.0 1491.0 1491.0 1491.0 1491.0 1491.0 1491.0 1491.0 1491.0 1491.0 1491.0 1491.0 1491.0 1491.0 1491.0 1491.0 1490.975 1490.924 1490.873 1490.823 1490.772 1490.737 1490.703
1494.36 1494.197 1494.035 1493.869 1493.698 1493.528 1493.358 1493.188 1493.118 1493.056 1492.995 1492.933 1492.853 1492.746 1492.639 1492.532 1492.425 1492.333 1492.242 1492.152 1492.062 1491.989 1491.954 1491.919 1491.885 1491.85 1491.788 1491.719 1491.649 1491.579 1491.508 1491.431 1491.353 1491.276 1491.198 1491.176 1491.176 1491.176 1491.176 1491.169 1491.13 1491.092 1491.053 1491.014 1491.0 1491.0 1491.0 1491.0 1491.0 1491.0 1491.0 1491.0 1491.0 1491.0 1491.0 1491.0 1491.0 1491.0 1491.0 1491.0 1491.0 1491.0 1490.983 1490.948 1490.913 1490.879 1490.844 1490.82 1490.797
