data/zism_data/00327_04_D.txt
ncols         224
nrows         224
[rows 56 to 83 of 224, columns 63 to 125 of 224]
4983.124 4981.064 4978.63 4973.787 4968.943 4964.1 4959.256 4952.268 4943.7 4935.133 4926.565 4918.023 4910.853 4903.682 4896.511 4889.341 4883.994 4880.788 4877.581 4874.374 4871.167 4868.761 4866.441 4864.122 4861.802 4858.878 4854.8 4850.722 4846.645 4842.567 4837.287 4831.679 4826.071 4820.463 4814.875 4809.353 4803.83 4798.308 4792.785 4787.434 4782.167 4776.901 4771.635 4766.25 4759.924 4753.597 4747.271 4740.944 4735.809 4731.634 4727.459 4723.284 4719.109 4717.657 4716.218 4714.778 4713.338 4712.402 4712.115 4711.827 4711.539 4711.251 4711.643
4979.958 4976.794 4973.283 4967.529 4961.774 4956.021 4950.266 4942.703 4933.809 4924.915 4916.021 4907.176 4901.018 4894.86 4888.702 4882.544 4877.894 4875.014 4872.134 4869.254 4866.375 4863.908 4861.486 4859.065 4856.644 4853.662 4849.611 4845.56 4841.509 4837.458 4832.002 4826.165 4820.326 4814.488 4808.734 4803.265 4797.796 4792.328 4786.858 4781.554 4776.331 4771.107 4765.883 4760.54 4754.246 4747.952 4741.657 4735.363 4729.942 4725.227 4720.51 4715.794 4711.078 4709.417 4707.768 4706.119 4704.47 4703.323 4702.821 4702.319 4701.817 4701.315 4701.294
4973.594 4969.71 4965.515 4959.313 4953.113 4946.912 4940.71 4933.333 4925.089 4916.845 4908.602 4900.406 4894.874 4889.341 4883.808 4878.275 4873.904 4870.896 4867.888 4864.88 4861.872 4859.257 4856.684 4854.111 4851.539 4848.445 4844.358 4840.271 4836.184 4832.096 4826.752 4821.067 4815.381 4809.695 4804.104 4798.833 4793.562 4788.291 4783.019 4777.929 4772.929 4767.928 4762.928 4757.836 4752.02 4746.203 4740.386 4734.57 4729.42 4724.807 4720.193 4715.58 4710.967 4708.905 4706.854 4704.802 4702.751 4701.235 4700.406 4699.577 4698.748 4697.919 4697.612
4966.625 4962.092 4957.287 4950.728 4944.167 4937.608 4931.048 4924.0 4916.591 4909.183 4901.775 4894.41 4889.429 4884.448 4879.467 4874.485 4870.313 4867.091 4863.869 4860.647 4857.425 4854.644 4851.91 4849.177 4846.443 4843.228 4839.092 4834.957 4830.822 4826.687 4821.509 4816.048 4810.588 4805.127 4799.761 4794.714 4789.668 4784.622 4779.576 4774.732 4769.989 4765.245 4760.502 4755.701 4750.447 4745.193 4739.939 4734.685 4729.911 4725.522 4721.134 4716.746 4712.358 4709.859 4707.369 4704.878 4702.388 4700.472 4699.295 4698.118 4696.941 4695.764 4695.193
4959.655 4954.474 4949.06 4942.141 4935.223 4928.304 4921.385 4914.666 4908.093 4901.521 4894.948 4888.414 4883.985 4879.555 4875.125 4870.696 4866.724 4863.287 4859.851 4856.415 4852.978 4850.031 4847.136 4844.242 4841.348 4838.011 4833.827 4829.644 4825.46 4821.276 4816.266 4811.03 4805.794 4800.559 4795.417 4790.596 4785.774 4780.953 4776.132 4771.535 4767.049 4762.563 4758.076 4753.567 4748.875 4744.184 4739.492 4734.8 4730.401 4726.238 4722.075 4717.912 4713.749 4710.813 4707.884 4704.954 4702.024 4699.709 4698.184 4696.659 4695.133 4693.608 4692.774
4952.685 4946.856 4940.833 4933.555 4926.277 4919.0 4911.722 4905.332 4899.595 4893.858 4888.121 4882.418 4878.54 4874.663 4870.785 4866.907 4863.134 4859.483 4855.832 4852.182 4848.531 4845.417 4842.363 4839.308 4836.253 4832.793 4828.562 4824.33 4820.098 4815.867 4811.022 4806.012 4801.001 4795.99 4791.074 4786.477 4781.881 4777.285 4772.688 4768.338 4764.108 4759.879 4755.65 4751.432 4747.303 4743.174 4739.045 4734.916 4730.892 4726.954 4723.016 4719.078 4715.139 4711.768 4708.399 4705.03 4701.661 4698.946 4697.073 4695.2 4693.326 4691.453 4690.355
4946.976 4940.57 4934.015 4926.491 4918.968 4911.445 4903.922 4897.803 4892.717 4887.63 4882.544 4877.486 4873.948 4870.409 4866.87 4863.332 4859.654 4855.814 4851.974 4848.134 4844.293 4841.01 4837.787 4834.563 4831.34 4827.779 4823.575 4819.372 4815.168 4810.964 4806.377 4801.686 4796.995 4792.304 4787.696 4783.369 4779.043 4774.717 4770.39 4766.34 4762.425 4758.511 4754.596 4750.717 4747.117 4743.518 4739.918 4736.319 4732.651 4728.927 4725.203 4721.479 4717.754 4713.973 4710.191 4706.409 4702.627 4699.487 4697.17 4694.854 4692.538 4690.221 4688.794
4944.356 4937.548 4930.649 4923.158 4915.667 4908.176 4900.685 4894.694 4889.806 4884.918 4880.03 4875.164 4871.442 4867.722 4864.001 4860.28 4856.445 4852.477 4848.508 4844.539 4840.57 4837.105 4833.694 4830.283 4826.873 4823.263 4819.273 4815.284 4811.294 4807.304 4803.197 4799.058 4794.918 4790.779 4786.684 4782.738 4778.792 4774.846 4770.899 4767.279 4763.82 4760.361 4756.902 4753.477 4750.328 4747.178 4744.029 4740.88 4737.516 4733.979 4730.443 4726.906 4723.37 4719.242 4715.112 4710.982 4706.852 4703.22 4700.229 4697.237 4694.246 4691.255 4689.337
4941.736 4934.527 4927.284 4919.825 4912.366 4904.907 4897.449 4891.585 4886.896 4882.206 4877.516 4872.84 4868.938 4865.035 4861.131 4857.229 4853.236 4849.139 4845.042 4840.945 4836.848 4833.2 4829.602 4826.003 4822.405 4818.746 4814.971 4811.195 4807.42 4803.645 4800.017 4796.429 4792.842 4789.254 4785.671 4782.106 4778.54 4774.975 4771.409 4768.219 4765.215 4762.211 4759.208 4756.237 4753.538 4750.839 4748.14 4745.44 4742.381 4739.032 4735.683 4732.333 4728.984 4724.511 4720.033 4715.555 4711.076 4706.954 4703.287 4699.621 4695.955 4692.289 4689.879
4939.116 4931.505 4923.919 4916.492 4909.065 4901.639 4894.212 4888.476 4883.985 4879.493 4875.001 4870.518 4866.433 4862.347 4858.262 4854.177 4850.027 4845.802 4841.576 4837.35 4833.125 4829.295 4825.51 4821.724 4817.938 4814.229 4810.668 4807.107 4803.546 4799.985 4796.837 4793.801 4790.765 4787.729 4784.66 4781.474 4778.289 4775.104 4771.918 4769.159 4766.61 4764.062 4761.513 4758.998 4756.749 4754.499 4752.25 4750.0 4747.246 4744.084 4740.923 4737.761 4734.6 4729.78 4724.954 4720.127 4715.301 4710.687 4706.346 4702.004 4697.663 4693.322 4690.421
4936.496 4928.483 4920.554 4913.159 4905.765 4898.37 4890.975 4885.367 4881.074 4876.781 4872.487 4868.194 4863.927 4859.66 4855.393 4851.126 4846.818 4842.464 4838.11 4833.755 4829.401 4825.391 4821.417 4817.444 4813.471 4809.713 4806.366 4803.019 4799.672 4796.326 4793.657 4791.173 4788.689 4786.205 4783.647 4780.842 4778.037 4775.232 4772.427 4770.099 4768.005 4765.912 4763.819 4761.758 4759.959 4758.16 4756.36 4754.561 4752.111 4749.137 4746.163 4743.188 4740.214 4735.049 4729.875 4724.7 4719.525 4714.42 4709.404 4704.388 4699.372 4694.355 4690.964
4939.336 4930.946 4922.617 4914.688 4906.76 4898.831 4890.902 4885.089 4880.831 4876.574 4872.316 4868.06 4863.848 4859.636 4855.424 4851.213 4846.967 4842.683 4838.397 4834.113 4829.828 4825.858 4821.923 4817.988 4814.053 4810.307 4806.921 4803.535 4800.149 4796.763 4794.224 4791.916 4789.607 4787.298 4784.944 4782.437 4779.929 4777.421 4774.913 4772.89 4771.105 4769.321 4767.536 4765.79 4764.35 4762.909 4761.469 4760.028 4757.86 4755.105 4752.35 4749.595 4746.84 4741.747 4736.644 4731.541 4726.438 4721.103 4715.471 4709.839 4704.208 4698.576 4694.46
4944.104 4935.343 4926.596 4917.934 4909.271 4900.608 4891.946 4885.809 4881.53 4877.251 4872.972 4868.697 4864.625 4860.552 4856.479 4852.407 4848.301 4844.155 4840.01 4835.864 4831.719 4827.869 4824.052 4820.234 4816.417 4812.704 4809.189 4805.675 4802.161 4798.646 4796.113 4793.848 4791.582 4789.316 4787.057 4784.816 4782.576 4780.336 4778.096 4776.333 4774.806 4773.279 4771.751 4770.271 4769.157 4768.043 4766.929 4765.815 4763.92 4761.396 4758.871 4756.347 4753.822 4748.949 4744.065 4739.182 4734.298 4728.827 4722.601 4716.374 4710.148 4703.921 4698.999
4948.871 4939.741 4930.575 4921.179 4911.782 4902.386 4892.99 4886.529 4882.229 4877.928 4873.628 4869.334 4865.401 4861.468 4857.535 4853.602 4849.635 4845.628 4841.622 4837.616 4833.609 4829.88 4826.181 4822.481 4818.782 4815.102 4811.458 4807.815 4804.172 4800.529 4798.002 4795.78 4793.557 4791.334 4789.168 4787.196 4785.224 4783.252 4781.28 4779.778 4778.507 4777.237 4775.967 4774.751 4773.964 4773.177 4772.39 4771.603 4769.981 4767.687 4765.393 4763.098 4760.804 4756.15 4751.486 4746.823 4742.159 4736.551 4729.73 4722.909 4716.088 4709.267 4703.538
4953.638 4944.139 4934.554 4924.424 4914.294 4904.164 4894.033 4887.249 4882.927 4878.606 4874.284 4869.972 4866.178 4862.384 4858.59 4854.796 4850.968 4847.102 4843.234 4839.367 4835.5 4831.891 4828.309 4824.728 4821.146 4817.499 4813.728 4809.956 4806.184 4802.413 4799.892 4797.712 4795.532 4793.352 4791.281 4789.576 4787.872 4786.167 4784.463 4783.222 4782.208 4781.195 4780.183 4779.231 4778.771 4778.311 4777.851 4777.391 4776.042 4773.978 4771.914 4769.85 4767.786 4763.352 4758.908 4754.464 4750.02 4744.275 4736.859 4729.444 4722.028 4714.613 4708.077
4958.584 4948.964 4939.191 4928.431 4917.671 4906.911 4896.15 4889.019 4884.556 4880.094 4875.632 4871.184 4867.527 4863.871 4860.214 4856.557 4852.875 4849.162 4845.45 4841.737 4838.024 4834.542 4831.084 4827.626 4824.168 4820.578 4816.732 4812.886 4809.041 4805.195 4802.69 4800.55 4798.41 4796.27 4794.287 4792.839 4791.392 4789.944 4788.497 4787.495 4786.712 4785.93 4785.148 4784.423 4784.158 4783.892 4783.626 4783.361 4782.204 4780.328 4778.452 4776.576 4774.7 4770.433 4766.156 4761.878 4757.602 4751.703 4743.721 4735.739 4727.757 4719.775 4712.421
4964.301 4955.634 4946.663 4935.72 4924.778 4913.835 4902.893 4895.308 4890.192 4885.076 4879.96 4874.873 4871.345 4867.817 4864.289 4860.761 4857.249 4853.756 4850.263 4846.77 4843.277 4839.951 4836.643 4833.335 4830.028 4826.59 4822.905 4819.22 4815.536 4811.851 4809.401 4807.287 4805.174 4803.061 4801.146 4799.908 4798.669 4797.43 4796.191 4795.337 4794.673 4794.009 4793.345 4792.683 4792.042 4791.402 4790.761 4790.121 4788.799 4786.928 4785.058 4783.187 4781.316 4776.991 4772.655 4768.319 4763.983 4757.856 4749.43 4741.003 4732.577 4724.151 4715.928
4970.017 4962.304 4954.134 4943.009 4931.885 4920.76 4909.636 4901.597 4895.827 4890.058 4884.289 4878.563 4875.163 4871.763 4868.364 4864.964 4861.623 4858.349 4855.076 4851.802 4848.529 4845.36 4842.202 4839.044 4835.887 4832.603 4829.079 4825.555 4822.03 4818.506 4816.112 4814.025 4811.938 4809.852 4808.006 4806.976 4805.946 4804.917 4803.887 4803.181 4802.634 4802.088 4801.541 4800.942 4799.927 4798.911 4797.896 4796.88 4795.394 4793.529 4791.663 4789.798 4787.933 4783.549 4779.154 4774.759 4770.364 4764.01 4755.139 4746.268 4737.397 4728.526 4719.434
4975.734 4968.974 4961.605 4950.298 4938.992 4927.685 4916.378 4907.885 4901.463 4895.04 4888.617 4882.251 4878.98 4875.709 4872.438 4869.167 4865.997 4862.943 4859.889 4856.835 4853.781 4850.769 4847.761 4844.753 4841.746 4838.616 4835.252 4831.889 4828.525 4825.162 4822.823 4820.763 4818.703 4816.643 4814.866 4814.044 4813.224 4812.403 4811.582 4811.024 4810.595 4810.167 4809.738 4809.202 4807.811 4806.42 4805.03 4803.64 4801.989 4800.129 4798.269 4796.409 4794.549 4790.106 4785.653 4781.199 4776.745 4770.164 4760.848 4751.532 4742.217 4732.901 4722.94
4981.45 4975.645 4969.076 4957.587 4946.099 4934.61 4923.121 4914.174 4907.098 4900.022 4892.946 4885.94 4882.798 4879.656 4876.513 4873.371 4870.37 4867.536 4864.702 4861.868 4859.034 4856.178 4853.32 4850.463 4847.605 4844.628 4841.426 4838.223 4835.02 4831.817 4829.534 4827.5 4825.467 4823.434 4821.725 4821.113 4820.501 4819.889 4819.277 4818.867 4818.556 4818.245 4817.935 4817.461 4815.695 4813.93 4812.165 4810.399 4808.584 4806.729 4804.875 4803.021 4801.166 4796.665 4792.152 4787.639 4783.126 4776.317 4766.557 4756.796 4747.036 4737.276 4726.447
4984.226 4979.264 4973.52 4962.723 4951.927 4941.13 4930.334 4921.55 4914.248 4906.945 4899.642 4892.409 4888.989 4885.569 4882.148 4878.728 4875.617 4872.869 4870.122 4867.374 4864.626 4861.988 4859.362 4856.737 4854.111 4851.405 4848.548 4845.69 4842.833 4839.975 4837.996 4836.255 4834.516 4832.776 4831.376 4831.13 4830.885 4830.639 4830.393 4830.068 4829.704 4829.34 4828.977 4828.362 4825.753 4823.145 4820.537 4817.928 4815.405 4812.951 4810.498 4808.043 4805.59 4800.249 4794.895 4789.541 4784.187 4776.68 4766.407 4756.133 4745.86 4735.587 4724.759
4985.33 4981.15 4976.243 4966.636 4957.028 4947.421 4937.814 4929.543 4922.257 4914.97 4907.684 4900.458 4896.528 4892.599 4888.67 4884.741 4881.36 4878.623 4875.886 4873.148 4870.412 4868.026 4865.679 4863.332 4860.984 4858.617 4856.208 4853.801 4851.393 4848.985 4847.452 4846.157 4844.862 4843.566 4842.614 4842.823 4843.033 4843.242 4843.452 4843.177 4842.663 4842.149 4841.635 4840.763 4837.046 4833.329 4829.611 4825.894 4822.354 4818.958 4815.561 4812.165 4808.768 4802.143 4795.503 4788.863 4782.224 4773.752 4762.928 4752.103 4741.278 4730.453 4720.119
4986.435 4983.037 4978.966 4970.548 4962.13 4953.712 4945.294 4937.537 4930.267 4922.996 4915.725 4908.506 4904.067 4899.629 4895.191 4890.753 4887.103 4884.376 4881.65 4878.923 4876.197 4874.064 4871.995 4869.927 4867.858 4865.828 4863.87 4861.912 4859.954 4857.997 4856.909 4856.058 4855.208 4854.357 4853.852 4854.517 4855.181 4855.846 4856.511 4856.285 4855.622 4854.958 4854.294 4853.165 4848.339 4843.513 4838.687 4833.86 4829.304 4824.964 4820.625 4816.286 4811.946 4804.037 4796.111 4788.186 4780.261 4770.825 4759.449 4748.072 4736.695 4725.319 4715.479
4987.539 4984.924 4981.689 4974.46 4967.232 4960.003 4952.774 4945.531 4938.276 4931.021 4923.767 4916.554 4911.607 4906.66 4901.713 4896.766 4892.845 4890.13 4887.414 4884.698 4881.983 4880.102 4878.312 4876.521 4874.731 4873.039 4871.531 4870.023 4868.515 4867.007 4866.366 4865.959 4865.554 4865.147 4865.089 4866.209 4867.33 4868.45 4869.569 4869.394 4868.581 4867.767 4866.953 4865.566 4859.632 4853.697 4847.762 4841.827 4836.253 4830.971 4825.689 4820.407 4815.125 4805.931 4796.72 4787.509 4778.298 4767.898 4755.97 4744.041 4732.113 4720.185 4710.839
4988.25 4986.452 4984.089 4978.093 4972.096 4966.099 4960.103 4953.438 4946.284 4939.129 4931.975 4924.851 4919.442 4914.033 4908.624 4903.214 4899.017 4896.241 4893.466 4890.69 4887.916 4886.261 4884.729 4883.196 4881.664 4880.278 4879.172 4878.066 4876.96 4875.854 4875.604 4875.585 4875.567 4875.549 4875.878 4877.382 4878.887 4880.392 4881.896 4881.719 4880.713 4879.707 4878.7 4877.018 4869.958 4862.899 4855.84 4848.781 4842.2 4836.005 4829.81 4823.615 4817.419 4807.018 4796.598 4786.177 4775.757 4764.464 4752.05 4739.635 4727.221 4714.807 4705.93
4984.831 4984.21 4983.094 4978.779 4974.465 4970.15 4965.835 4960.449 4954.275 4948.101 4941.926 4935.766 4930.383 4925.001 4919.618 4914.236 4909.686 4906.112 4902.539 4898.965 4895.392 4893.693 4892.198 4890.703 4889.208 4887.812 4886.604 4885.396 4884.189 4882.981 4882.544 4882.317 4882.09 4881.863 4881.949 4883.095 4884.24 4885.386 4886.532 4885.809 4884.165 4882.521 4880.878 4878.485 4870.141 4861.795 4853.451 4845.106 4837.619 4830.824 4824.029 4817.234 4810.439 4799.629 4788.802 4777.975 4767.147 4755.715 4743.504 4731.293 4719.082 4706.871 4698.198
4981.411 4981.969 4982.099 4979.466 4976.833 4974.201 4971.568 4967.46 4962.266 4957.072 4951.877 4946.681 4941.325 4935.969 4930.613 4925.257 4920.354 4915.983 4911.611 4907.24 4902.868 4901.125 4899.667 4898.21 4896.752 4895.346 4894.037 4892.727 4891.418 4890.108 4889.485 4889.049 4888.613 4888.177 4888.02 4888.807 4889.594 4890.38 4891.167 4889.899 4887.618 4885.337 4883.056 4879.953 4870.323 4860.692 4851.062 4841.431 4833.039 4825.644 4818.249 4810.854 4803.458 4792.241 4781.006 4769.772 4758.538 4746.965 4734.958 4722.95 4710.943 4698.936 4690.466
4977.991 4979.728 4981.104 4980.153 4979.203 4978.252 4977.301 4974.471 4970.257 4966.043 4961.829 4957.595 4952.266 4946.937 4941.608 4936.279 4931.023 4925.854 4920.684 4915.514 4910.345 4908.557 4907.137 4905.717 4904.297 4902.88 4901.469 4900.058 4898.646 4897.235 4896.426 4895.781 4895.137 4894.492 4894.091 4894.519 4894.947 4895.375 4895.803 4893.989 4891.07 4888.152 4885.233 4881.421 4870.505 4859.588 4848.672 4837.756 4828.458 4820.463 4812.468 4804.473 4796.478 4784.852 4773.21 4761.569 4749.928 4738.215 4726.412 4714.608 4702.804 4691.0 4682.734
