data/zism_data/00323_02_D.txt
ncols         224
nrows         224
[rows 112 to 139 of 224, columns 126 to 188 of 224]
2394.582 2388.187 2381.791 2375.395 2368.999 2358.411 2345.678 2332.945 2320.212 2308.206 2301.775 2295.344 2288.913 2282.481 2277.402 2273.347 2269.291 2265.235 2261.115 2254.245 2247.375 2240.506 2233.636 2227.082 2220.871 2214.661 2208.451 2202.241 2201.236 2200.617 2199.999 2199.381 2199.012 2199.043 2199.074 2199.105 2199.136 2200.21 2201.485 2202.761 2204.036 2205.88 2209.102 2212.323 2215.544 2218.766 2222.694 2226.863 2231.032 2235.201 2239.425 2243.868 2248.31 2252.753 2257.196 2261.368 2265.397 2269.426 2273.455 2277.551 2282.2 2286.851 2291.501
2394.33 2387.774 2381.217 2374.661 2368.104 2357.621 2345.129 2332.637 2320.145 2308.397 2302.357 2296.316 2290.276 2284.236 2279.815 2276.622 2273.427 2270.234 2266.954 2260.02 2253.086 2246.152 2239.218 2232.104 2224.791 2217.479 2210.166 2202.853 2201.662 2200.925 2200.189 2199.453 2199.018 2199.065 2199.112 2199.159 2199.206 2200.476 2201.981 2203.487 2204.992 2207.014 2210.283 2213.553 2216.823 2220.092 2224.029 2228.192 2232.356 2236.52 2240.728 2245.118 2249.507 2253.896 2258.285 2262.445 2266.485 2270.525 2274.564 2278.687 2283.492 2288.297 2293.103
2394.078 2387.361 2380.644 2373.927 2367.21 2356.832 2344.581 2332.329 2320.078 2308.589 2302.939 2297.289 2291.639 2285.99 2282.228 2279.896 2277.564 2275.232 2272.792 2265.794 2258.796 2251.798 2244.8 2237.126 2228.711 2220.295 2211.88 2203.465 2202.087 2201.233 2200.379 2199.525 2199.024 2199.087 2199.15 2199.214 2199.277 2200.742 2202.478 2204.213 2205.949 2208.147 2211.465 2214.782 2218.1 2221.418 2225.363 2229.521 2233.68 2237.838 2242.032 2246.367 2250.703 2255.038 2259.374 2263.523 2267.573 2271.624 2275.674 2279.823 2284.783 2289.744 2294.704
2393.92 2387.112 2380.305 2373.498 2366.69 2356.429 2344.402 2332.374 2320.346 2309.104 2303.888 2298.672 2293.456 2288.24 2285.058 2283.416 2281.774 2280.132 2278.366 2271.345 2264.323 2257.302 2250.281 2242.083 2232.594 2223.105 2213.616 2204.128 2202.555 2201.572 2200.589 2199.605 2199.046 2199.166 2199.286 2199.406 2199.527 2201.189 2203.149 2205.109 2207.069 2209.444 2212.824 2216.203 2219.583 2222.962 2226.935 2231.11 2235.284 2239.458 2243.652 2247.92 2252.188 2256.457 2260.725 2264.858 2268.919 2272.98 2277.041 2281.211 2286.282 2291.353 2296.424
2393.926 2387.151 2380.376 2373.601 2366.825 2356.703 2344.868 2333.032 2321.198 2310.185 2305.477 2300.769 2296.062 2291.354 2288.614 2287.363 2286.112 2284.861 2283.478 2276.505 2269.531 2262.558 2255.585 2246.925 2236.413 2225.902 2215.391 2204.88 2203.097 2201.964 2200.831 2199.697 2199.096 2199.344 2199.593 2199.841 2200.09 2201.953 2204.127 2206.301 2208.475 2211.027 2214.492 2217.957 2221.422 2224.887 2228.922 2233.15 2237.378 2241.606 2245.823 2250.001 2254.178 2258.356 2262.533 2266.641 2270.713 2274.785 2278.857 2283.04 2288.143 2293.246 2298.349
2393.933 2387.19 2380.447 2373.704 2366.96 2356.976 2345.334 2333.691 2322.049 2311.265 2307.066 2302.867 2298.668 2294.469 2292.171 2291.31 2290.45 2289.59 2288.589 2281.664 2274.74 2267.814 2260.889 2251.767 2240.233 2228.699 2217.165 2205.632 2203.639 2202.356 2201.073 2199.79 2199.145 2199.522 2199.899 2200.276 2200.653 2202.717 2205.105 2207.493 2209.881 2212.609 2216.16 2219.711 2223.262 2226.813 2230.909 2235.19 2239.472 2243.753 2247.996 2252.082 2256.168 2260.255 2264.341 2268.425 2272.508 2276.59 2280.673 2284.868 2290.003 2295.139 2300.274
2393.94 2387.229 2380.518 2373.807 2367.096 2357.25 2345.8 2334.35 2322.901 2312.346 2308.656 2304.965 2301.274 2297.584 2295.727 2295.257 2294.788 2294.318 2293.701 2286.824 2279.947 2273.07 2266.193 2256.608 2244.052 2231.496 2218.94 2206.384 2204.181 2202.748 2201.315 2199.882 2199.194 2199.7 2200.206 2200.711 2201.217 2203.48 2206.082 2208.685 2211.287 2214.192 2217.828 2221.465 2225.101 2228.738 2232.896 2237.23 2241.565 2245.9 2250.167 2254.163 2258.158 2262.154 2266.149 2270.208 2274.302 2278.395 2282.488 2286.697 2291.864 2297.031 2302.199
2393.946 2387.268 2380.589 2373.91 2367.231 2357.523 2346.266 2335.009 2323.752 2313.427 2310.245 2307.063 2303.881 2300.699 2299.283 2299.204 2299.126 2299.047 2298.813 2291.984 2285.155 2278.326 2271.498 2261.45 2247.871 2234.293 2220.714 2207.136 2204.723 2203.14 2201.557 2199.974 2199.244 2199.878 2200.512 2201.146 2201.78 2204.244 2207.06 2209.876 2212.693 2215.774 2219.496 2223.218 2226.941 2230.663 2234.882 2239.271 2243.659 2248.048 2252.339 2256.244 2260.148 2264.052 2267.957 2271.992 2276.096 2280.2 2284.304 2288.526 2293.725 2298.924 2304.124
2394.057 2387.539 2381.02 2374.502 2367.983 2358.751 2348.132 2337.512 2326.892 2317.166 2314.296 2311.426 2308.556 2305.686 2304.277 2303.973 2303.67 2303.366 2302.905 2295.731 2288.557 2281.383 2274.21 2263.755 2249.701 2235.647 2221.593 2207.54 2205.018 2203.353 2201.689 2200.024 2199.269 2199.967 2200.665 2201.364 2202.062 2204.709 2207.731 2210.753 2213.775 2217.04 2220.895 2224.75 2228.604 2232.459 2236.733 2241.15 2245.566 2249.982 2254.294 2258.184 2262.074 2265.965 2269.855 2273.925 2278.091 2282.257 2286.423 2290.703 2295.921 2301.14 2306.358
2394.195 2387.869 2381.543 2375.217 2368.891 2360.221 2350.351 2340.48 2330.61 2321.577 2318.969 2316.361 2313.754 2311.146 2309.633 2308.95 2308.266 2307.583 2306.739 2299.121 2291.503 2283.885 2276.267 2265.419 2251.028 2236.637 2222.246 2207.855 2205.25 2203.521 2201.792 2200.064 2199.287 2200.034 2200.78 2201.527 2202.273 2205.098 2208.323 2211.549 2214.774 2218.226 2222.225 2226.225 2230.224 2234.223 2238.55 2242.988 2247.426 2251.864 2256.193 2260.089 2263.984 2267.88 2271.776 2275.897 2280.138 2284.379 2288.62 2292.968 2298.202 2303.437 2308.672
2394.332 2388.199 2382.066 2375.933 2369.8 2361.69 2352.569 2343.448 2334.327 2325.988 2323.642 2321.296 2318.951 2316.605 2314.99 2313.926 2312.863 2311.799 2310.574 2302.511 2294.449 2286.387 2278.325 2267.083 2252.355 2237.627 2222.898 2208.17 2205.482 2203.689 2201.896 2200.103 2199.306 2200.1 2200.895 2201.69 2202.485 2205.488 2208.917 2212.345 2215.774 2219.412 2223.556 2227.7 2231.844 2235.988 2240.367 2244.826 2249.285 2253.744 2258.092 2261.993 2265.894 2269.795 2273.696 2277.868 2282.184 2286.5 2290.816 2295.232 2300.483 2305.734 2310.985
2394.469 2388.529 2382.589 2376.648 2370.708 2363.159 2354.788 2346.416 2338.044 2330.398 2328.315 2326.232 2324.148 2322.065 2320.346 2318.903 2317.459 2316.015 2314.409 2305.902 2297.396 2288.889 2280.382 2268.748 2253.682 2238.617 2223.551 2208.486 2205.714 2203.857 2202.0 2200.143 2199.324 2200.167 2201.01 2201.853 2202.696 2205.877 2209.51 2213.142 2216.774 2220.598 2224.886 2229.175 2233.463 2237.752 2242.184 2246.664 2251.145 2255.625 2259.991 2263.898 2267.804 2271.71 2275.617 2279.84 2284.231 2288.621 2293.012 2297.497 2302.764 2308.031 2313.298
2394.705 2389.047 2383.388 2377.73 2372.072 2365.106 2357.47 2349.834 2342.198 2335.22 2333.29 2331.36 2329.429 2327.499 2325.619 2323.778 2321.937 2320.096 2318.09 2309.113 2300.136 2291.159 2282.182 2270.166 2254.815 2239.465 2224.114 2208.764 2205.93 2204.027 2202.125 2200.222 2199.388 2200.264 2201.14 2202.016 2202.892 2206.21 2209.999 2213.787 2217.575 2221.544 2225.948 2230.352 2234.757 2239.161 2243.636 2248.136 2252.635 2257.135 2261.524 2265.471 2269.417 2273.364 2277.31 2281.591 2286.048 2290.505 2294.962 2299.503 2304.749 2309.995 2315.24
2395.263 2390.183 2385.103 2380.023 2374.943 2368.629 2361.684 2354.738 2347.793 2341.402 2339.263 2337.123 2334.984 2332.845 2330.616 2328.32 2326.024 2323.728 2321.265 2311.731 2302.198 2292.664 2283.13 2270.769 2255.306 2239.843 2224.38 2208.917 2206.091 2204.204 2202.318 2200.431 2199.601 2200.461 2201.321 2202.181 2203.041 2206.356 2210.145 2213.933 2217.721 2221.696 2226.122 2230.547 2234.973 2239.399 2243.888 2248.398 2252.908 2257.418 2261.847 2265.949 2270.051 2274.152 2278.254 2282.613 2287.107 2291.602 2296.096 2300.656 2305.757 2310.858 2315.959
2395.821 2391.319 2386.817 2382.315 2377.813 2372.152 2365.897 2359.642 2353.387 2347.583 2345.235 2342.887 2340.539 2338.191 2335.614 2332.863 2330.111 2327.36 2324.44 2314.349 2304.259 2294.168 2284.078 2271.372 2255.797 2240.222 2224.646 2209.071 2206.252 2204.381 2202.511 2200.64 2199.813 2200.657 2201.501 2202.345 2203.189 2206.502 2210.291 2214.079 2217.867 2221.848 2226.295 2230.742 2235.19 2239.637 2244.139 2248.66 2253.181 2257.702 2262.17 2266.427 2270.684 2274.941 2279.198 2283.635 2288.167 2292.699 2297.231 2301.808 2306.765 2311.721 2316.678
2396.379 2392.455 2388.531 2384.608 2380.684 2375.675 2370.11 2364.546 2358.982 2353.764 2351.208 2348.651 2346.094 2343.537 2340.611 2337.405 2334.198 2330.992 2327.615 2316.968 2306.321 2295.673 2285.026 2271.976 2256.288 2240.6 2224.912 2209.225 2206.413 2204.558 2202.704 2200.849 2200.026 2200.854 2201.682 2202.51 2203.338 2206.648 2210.437 2214.225 2218.013 2222.0 2226.469 2230.938 2235.406 2239.875 2244.39 2248.922 2253.454 2257.985 2262.493 2266.906 2271.318 2275.73 2280.142 2284.657 2289.227 2293.796 2298.365 2302.961 2307.773 2312.585 2317.397
2396.937 2393.591 2390.246 2386.9 2383.554 2379.198 2374.324 2369.45 2364.576 2359.945 2357.18 2354.415 2351.649 2348.884 2345.608 2341.947 2338.286 2334.625 2330.79 2319.586 2308.382 2297.178 2285.975 2272.579 2256.779 2240.979 2225.178 2209.379 2206.574 2204.735 2202.897 2201.058 2200.239 2201.051 2201.863 2202.675 2203.487 2206.794 2210.583 2214.371 2218.159 2222.153 2226.643 2231.133 2235.623 2240.113 2244.642 2249.184 2253.726 2258.269 2262.816 2267.384 2271.951 2276.519 2281.086 2285.679 2290.286 2294.893 2299.5 2304.113 2308.781 2313.448 2318.116
2397.432 2394.676 2391.919 2389.162 2386.405 2382.672 2378.438 2374.205 2369.972 2365.837 2362.463 2359.089 2355.716 2352.342 2348.48 2344.25 2340.02 2335.789 2331.391 2319.866 2308.341 2296.816 2285.291 2271.801 2256.156 2240.512 2224.866 2209.222 2206.492 2204.724 2202.955 2201.186 2200.453 2201.377 2202.302 2203.226 2204.15 2207.416 2211.133 2214.85 2218.566 2222.492 2226.921 2231.35 2235.78 2240.209 2244.726 2249.271 2253.817 2258.363 2262.924 2267.543 2272.162 2276.782 2281.401 2286.02 2290.64 2295.259 2299.878 2304.498 2309.117 2313.736 2318.355
2397.896 2395.734 2393.571 2391.409 2389.246 2386.121 2382.503 2378.885 2375.268 2371.585 2367.402 2363.22 2359.038 2354.856 2350.29 2345.433 2340.576 2335.72 2330.705 2318.976 2307.248 2295.519 2283.791 2270.333 2254.977 2239.622 2224.265 2208.91 2206.29 2204.618 2202.945 2201.273 2200.667 2201.768 2202.869 2203.969 2205.071 2208.275 2211.885 2215.495 2219.105 2222.924 2227.252 2231.58 2235.907 2240.235 2244.726 2249.271 2253.817 2258.363 2262.924 2267.543 2272.162 2276.782 2281.401 2286.02 2290.64 2295.259 2299.878 2304.498 2309.117 2313.736 2318.355
2398.361 2396.792 2395.224 2393.655 2392.087 2389.57 2386.568 2383.565 2380.563 2377.332 2372.341 2367.351 2362.36 2357.37 2352.099 2346.616 2341.133 2335.65 2330.019 2318.087 2306.155 2294.223 2282.292 2268.865 2253.798 2238.731 2223.664 2208.598 2206.088 2204.512 2202.936 2201.359 2200.881 2202.158 2203.436 2204.713 2205.991 2209.135 2212.637 2216.14 2219.643 2223.357 2227.583 2231.809 2236.035 2240.261 2244.726 2249.271 2253.817 2258.363 2262.924 2267.543 2272.162 2276.782 2281.401 2286.02 2290.64 2295.259 2299.878 2304.498 2309.117 2313.736 2318.355
2398.824 2397.85 2396.876 2395.902 2394.927 2393.019 2390.633 2388.246 2385.859 2383.079 2377.28 2371.481 2365.683 2359.884 2353.908 2347.799 2341.69 2335.581 2329.333 2317.197 2305.062 2292.927 2280.792 2267.397 2252.619 2237.841 2223.063 2208.286 2205.885 2204.406 2202.926 2201.446 2201.095 2202.549 2204.003 2205.457 2206.912 2209.994 2213.389 2216.785 2220.181 2223.79 2227.914 2232.038 2236.162 2240.287 2244.726 2249.271 2253.817 2258.363 2262.924 2267.543 2272.162 2276.782 2281.401 2286.02 2290.64 2295.259 2299.878 2304.498 2309.117 2313.736 2318.355
2399.199 2398.767 2398.334 2397.902 2397.47 2396.112 2394.281 2392.45 2390.62 2388.245 2381.699 2375.154 2368.608 2362.063 2355.418 2348.699 2341.98 2335.262 2328.413 2316.061 2303.709 2291.357 2279.005 2265.662 2251.231 2236.801 2222.371 2207.94 2205.655 2204.272 2202.89 2201.508 2201.274 2202.88 2204.486 2206.091 2207.697 2210.726 2214.03 2217.333 2220.637 2224.156 2228.194 2232.232 2236.27 2240.308 2244.726 2249.271 2253.817 2258.363 2262.924 2267.543 2272.162 2276.782 2281.401 2286.02 2290.64 2295.259 2299.878 2304.497 2309.11 2313.722 2318.335
2398.777 2398.419 2398.062 2397.705 2397.347 2396.029 2394.22 2392.41 2390.601 2388.222 2381.478 2374.734 2367.991 2361.247 2354.256 2347.077 2339.897 2332.718 2325.412 2312.723 2300.033 2287.344 2274.655 2261.549 2247.986 2234.423 2220.859 2207.296 2205.17 2203.895 2202.62 2201.344 2201.148 2202.679 2204.209 2205.74 2207.271 2210.324 2213.67 2217.017 2220.364 2223.928 2228.02 2232.111 2236.203 2240.295 2244.726 2249.271 2253.817 2258.363 2262.924 2267.543 2272.162 2276.782 2281.401 2286.02 2290.64 2295.259 2299.878 2304.49 2309.038 2313.587 2318.135
2398.354 2398.072 2397.789 2397.507 2397.224 2395.946 2394.158 2392.37 2390.582 2388.199 2381.257 2374.315 2367.374 2360.432 2353.093 2345.454 2337.814 2330.175 2322.411 2309.385 2296.358 2283.331 2270.305 2257.437 2244.74 2232.044 2219.348 2206.652 2204.686 2203.518 2202.349 2201.181 2201.022 2202.478 2203.933 2205.389 2206.845 2209.922 2213.311 2216.701 2220.09 2223.7 2227.845 2231.991 2236.136 2240.281 2244.726 2249.271 2253.817 2258.363 2262.924 2267.543 2272.162 2276.782 2281.401 2286.02 2290.64 2295.259 2299.878 2304.483 2308.967 2313.452 2317.936
2397.932 2397.724 2397.517 2397.309 2397.102 2395.863 2394.096 2392.329 2390.563 2388.176 2381.036 2373.896 2366.757 2359.617 2351.931 2343.831 2335.731 2327.631 2319.41 2306.046 2292.683 2279.319 2265.955 2253.323 2241.495 2229.666 2217.837 2206.008 2204.201 2203.14 2202.079 2201.018 2200.896 2202.277 2203.657 2205.038 2206.419 2209.52 2212.952 2216.384 2219.816 2223.473 2227.671 2231.87 2236.069 2240.268 2244.726 2249.271 2253.817 2258.363 2262.924 2267.543 2272.162 2276.782 2281.401 2286.02 2290.64 2295.259 2299.878 2304.476 2308.896 2313.316 2317.736
2397.51 2397.377 2397.244 2397.112 2396.979 2395.78 2394.034 2392.289 2390.544 2388.153 2380.815 2373.478 2366.14 2358.802 2350.768 2342.208 2333.648 2325.088 2316.409 2302.708 2289.007 2275.306 2261.605 2249.211 2238.249 2227.287 2216.325 2205.364 2203.717 2202.763 2201.809 2200.854 2200.77 2202.075 2203.381 2204.687 2205.993 2209.117 2212.593 2216.068 2219.542 2223.245 2227.497 2231.75 2236.002 2240.254 2244.726 2249.271 2253.817 2258.363 2262.924 2267.543 2272.162 2276.782 2281.401 2286.02 2290.64 2295.259 2299.878 2304.469 2308.825 2313.181 2317.537
2395.449 2395.214 2394.979 2394.743 2394.508 2393.173 2391.274 2389.376 2387.477 2384.966 2377.757 2370.547 2363.338 2356.128 2348.106 2339.469 2330.832 2322.196 2313.442 2299.75 2286.059 2272.367 2258.675 2246.557 2236.165 2225.772 2215.38 2204.988 2203.435 2202.539 2201.643 2200.747 2200.657 2201.857 2203.056 2204.255 2205.455 2208.608 2212.137 2215.667 2219.196 2222.948 2227.24 2231.531 2235.823 2240.114 2244.591 2249.131 2253.671 2258.212 2262.751 2267.287 2271.823 2276.36 2280.896 2285.462 2290.044 2294.626 2299.208 2303.76 2308.06 2312.361 2316.661
2391.965 2391.472 2390.98 2390.488 2389.996 2388.372 2386.168 2383.964 2381.761 2379.027 2372.23 2365.433 2358.635 2351.838 2344.14 2335.76 2327.38 2319.0 2310.505 2297.123 2283.742 2270.361 2256.979 2245.172 2235.09 2225.008 2214.926 2204.845 2203.328 2202.448 2201.569 2200.689 2200.557 2201.623 2202.688 2203.754 2204.819 2208.005 2211.598 2215.192 2218.785 2222.591 2226.909 2231.227 2235.546 2239.864 2244.34 2248.869 2253.399 2257.928 2262.428 2266.809 2271.19 2275.571 2279.952 2284.419 2288.932 2293.444 2297.957 2302.441 2306.693 2310.945 2315.197
