data/zism_data/00326_04_D.txt
ncols         224
nrows         224
[rows 112 to 139 of 224, columns 126 to 188 of 224]
1822.69 1820.049 1817.407 1814.765 1812.124 1814.302 1818.181 1822.061 1825.94 1830.158 1835.769 1841.38 1846.99 1852.601 1854.462 1854.324 1854.186 1854.047 1853.171 1846.249 1839.327 1832.405 1825.483 1816.402 1805.66 1794.918 1784.176 1773.579 1769.498 1765.418 1761.337 1757.257 1759.677 1769.188 1778.699 1788.21 1797.722 1803.104 1808.198 1813.292 1818.386 1822.134 1823.787 1825.44 1827.093 1828.746 1829.217 1829.476 1829.735 1829.993 1829.948 1829.21 1828.471 1827.732 1826.994 1825.311 1823.333 1821.354 1819.376 1817.167 1814.128 1811.089 1808.049
1819.267 1816.61 1813.954 1811.297 1808.64 1810.499 1813.952 1817.405 1820.858 1824.693 1830.104 1835.515 1840.926 1846.336 1848.136 1848.009 1847.883 1847.756 1846.933 1840.402 1833.871 1827.339 1820.808 1811.903 1801.172 1790.442 1779.711 1769.101 1763.916 1758.73 1753.545 1748.36 1750.041 1759.213 1768.384 1777.556 1786.727 1792.694 1798.437 1804.18 1809.923 1814.2 1816.196 1818.192 1820.188 1822.184 1823.007 1823.62 1824.233 1824.846 1825.145 1824.727 1824.308 1823.89 1823.471 1822.109 1820.45 1818.791 1817.132 1815.29 1812.793 1810.296 1807.799
1816.883 1814.242 1811.601 1808.961 1806.32 1807.763 1810.647 1813.531 1816.415 1819.761 1825.006 1830.25 1835.494 1840.739 1842.417 1842.194 1841.971 1841.748 1840.867 1834.599 1828.331 1822.062 1815.794 1807.134 1796.634 1786.134 1775.634 1765.229 1759.11 1752.991 1746.873 1740.754 1741.46 1749.612 1757.765 1765.917 1774.069 1780.751 1787.332 1793.912 1800.492 1805.41 1807.744 1810.078 1812.412 1814.746 1815.962 1816.978 1817.993 1819.008 1819.68 1819.568 1819.455 1819.342 1819.229 1818.148 1816.763 1815.378 1813.992 1812.432 1810.24 1808.049 1805.858
1814.498 1811.874 1809.249 1806.624 1804.0 1805.026 1807.342 1809.657 1811.973 1814.829 1819.907 1824.985 1830.063 1835.141 1836.699 1836.379 1836.059 1835.74 1834.802 1828.796 1822.791 1816.785 1810.78 1802.364 1792.095 1781.826 1771.556 1761.357 1754.304 1747.252 1740.2 1733.147 1732.879 1740.012 1747.145 1754.277 1761.41 1768.809 1776.226 1783.643 1791.06 1796.62 1799.292 1801.964 1804.636 1807.308 1808.917 1810.335 1811.752 1813.17 1814.215 1814.408 1814.601 1814.795 1814.988 1814.188 1813.076 1811.964 1810.853 1809.573 1807.687 1805.802 1803.916
1812.114 1809.505 1806.897 1804.288 1801.68 1802.29 1804.037 1805.784 1807.53 1809.896 1814.808 1819.72 1824.631 1829.543 1830.98 1830.564 1830.147 1829.731 1828.736 1822.993 1817.251 1811.508 1805.766 1797.594 1787.556 1777.518 1767.479 1757.485 1749.499 1741.513 1733.527 1725.541 1724.298 1730.411 1736.525 1742.638 1748.752 1756.866 1765.12 1773.374 1781.628 1787.83 1790.841 1793.851 1796.861 1799.871 1801.872 1803.692 1805.512 1807.332 1808.75 1809.249 1809.748 1810.247 1810.746 1810.228 1809.39 1808.551 1807.713 1806.714 1805.134 1803.555 1801.975
1809.729 1807.137 1804.544 1801.952 1799.36 1799.554 1800.732 1801.91 1803.088 1804.964 1809.709 1814.455 1819.2 1823.946 1825.262 1824.749 1824.236 1823.723 1822.67 1817.191 1811.711 1806.231 1800.751 1792.825 1783.017 1773.21 1763.401 1753.613 1744.693 1735.774 1726.854 1717.934 1715.717 1720.811 1725.905 1730.999 1736.093 1744.924 1754.015 1763.106 1772.197 1779.041 1782.389 1785.737 1789.085 1792.433 1794.827 1797.049 1799.272 1801.494 1803.285 1804.09 1804.895 1805.7 1806.504 1806.267 1805.703 1805.138 1804.574 1803.855 1802.581 1801.307 1800.034
1807.08 1804.509 1801.938 1799.367 1796.796 1796.733 1797.556 1798.378 1799.2 1800.706 1805.025 1809.343 1813.661 1817.979 1818.948 1818.131 1817.313 1816.496 1815.198 1809.954 1804.711 1799.467 1794.224 1786.724 1777.487 1768.251 1759.015 1749.795 1741.294 1732.794 1724.294 1715.793 1713.223 1717.122 1721.021 1724.92 1728.819 1736.89 1745.252 1753.614 1761.976 1768.448 1771.979 1775.511 1779.043 1782.574 1785.401 1788.1 1790.799 1793.499 1795.671 1796.638 1797.605 1798.571 1799.538 1799.349 1798.798 1798.246 1797.694 1796.872 1795.078 1793.285 1791.491
1804.429 1801.88 1799.33 1796.78 1794.231 1793.912 1794.38 1794.848 1795.317 1796.454 1800.343 1804.232 1808.121 1812.01 1812.63 1811.507 1810.384 1809.261 1807.715 1802.708 1797.701 1792.693 1787.686 1780.613 1771.95 1763.288 1754.626 1745.977 1737.906 1729.835 1721.764 1713.693 1710.774 1713.476 1716.179 1718.881 1721.584 1728.885 1736.506 1744.128 1751.749 1757.842 1761.556 1765.27 1768.984 1772.698 1775.957 1779.134 1782.311 1785.488 1788.041 1789.169 1790.297 1791.424 1792.552 1792.41 1791.869 1791.328 1790.787 1789.859 1787.54 1785.22 1782.901
1801.778 1799.25 1796.722 1794.194 1791.666 1791.09 1791.205 1791.319 1791.433 1792.202 1795.661 1799.121 1802.58 1806.04 1806.312 1804.883 1803.454 1802.025 1800.233 1795.462 1790.69 1785.919 1781.148 1774.501 1766.413 1758.325 1750.237 1742.159 1734.517 1726.875 1719.233 1711.591 1708.325 1709.831 1711.337 1712.843 1714.349 1720.879 1727.76 1734.642 1741.523 1747.236 1751.133 1755.029 1758.926 1762.822 1766.514 1770.168 1773.822 1777.477 1780.411 1781.7 1782.989 1784.277 1785.566 1785.471 1784.94 1784.41 1783.88 1782.846 1780.001 1777.156 1774.31
1799.127 1796.62 1794.114 1791.607 1789.1 1788.269 1788.029 1787.789 1787.549 1787.949 1790.979 1794.01 1797.04 1800.071 1799.994 1798.259 1796.524 1794.79 1792.75 1788.215 1783.68 1779.145 1774.609 1768.39 1760.876 1753.362 1745.848 1738.341 1731.128 1723.916 1716.703 1709.49 1705.875 1706.185 1706.494 1706.804 1707.113 1712.874 1719.015 1725.156 1731.296 1736.63 1740.709 1744.788 1748.867 1752.946 1757.07 1761.202 1765.334 1769.466 1772.781 1774.231 1775.681 1777.131 1778.58 1778.531 1778.012 1777.492 1776.972 1775.833 1772.462 1769.091 1765.72
1793.422 1791.044 1788.666 1786.288 1783.91 1783.082 1782.801 1782.519 1782.238 1782.529 1785.174 1787.82 1790.465 1793.111 1792.786 1790.876 1788.966 1787.056 1784.882 1780.541 1776.199 1771.858 1767.517 1761.737 1754.851 1747.965 1741.078 1734.198 1727.597 1720.995 1714.394 1707.793 1704.176 1703.817 1703.457 1703.097 1702.737 1707.599 1712.824 1718.049 1723.275 1727.982 1731.885 1735.787 1739.689 1743.591 1747.768 1751.995 1756.222 1760.449 1763.831 1765.28 1766.73 1768.18 1769.629 1769.598 1769.1 1768.603 1768.106 1766.94 1763.367 1759.795 1756.222
1783.747 1781.637 1779.528 1777.418 1775.308 1774.82 1774.903 1774.986 1775.07 1775.59 1777.909 1780.227 1782.545 1784.863 1784.421 1782.505 1780.59 1778.675 1776.511 1772.309 1768.108 1763.906 1759.704 1754.38 1748.191 1742.002 1735.813 1729.634 1723.88 1718.126 1712.373 1706.619 1703.453 1703.109 1702.765 1702.422 1702.078 1705.872 1709.955 1714.037 1718.12 1721.88 1725.138 1728.397 1731.655 1734.913 1738.651 1742.476 1746.3 1750.125 1753.163 1754.403 1755.644 1756.884 1758.125 1758.072 1757.612 1757.152 1756.692 1755.604 1752.251 1748.899 1745.546
1774.072 1772.231 1770.389 1768.548 1766.707 1766.557 1767.006 1767.454 1767.902 1768.652 1770.643 1772.634 1774.625 1776.616 1776.056 1774.135 1772.214 1770.294 1768.14 1764.078 1760.016 1755.954 1751.892 1747.022 1741.531 1736.039 1730.548 1725.069 1720.163 1715.257 1710.351 1705.445 1702.729 1702.402 1702.074 1701.746 1701.419 1704.146 1707.085 1710.025 1712.965 1715.778 1718.392 1721.007 1723.621 1726.235 1729.534 1732.957 1736.379 1739.801 1742.495 1743.526 1744.558 1745.589 1746.62 1746.545 1746.123 1745.701 1745.279 1744.268 1741.135 1738.002 1734.87
1764.397 1762.824 1761.251 1759.678 1758.104 1758.295 1759.108 1759.921 1760.734 1761.713 1763.377 1765.041 1766.704 1768.368 1767.691 1765.765 1763.839 1761.913 1759.77 1755.847 1751.925 1748.002 1744.079 1739.664 1734.87 1730.076 1725.282 1720.504 1716.446 1712.388 1708.33 1704.272 1702.006 1701.694 1701.383 1701.071 1700.76 1702.419 1704.216 1706.013 1707.81 1709.675 1711.646 1713.616 1715.587 1717.557 1720.417 1723.437 1726.457 1729.477 1731.827 1732.649 1733.471 1734.293 1735.115 1735.019 1734.634 1734.25 1733.865 1732.931 1730.018 1727.106 1724.193
1754.722 1753.417 1752.112 1750.807 1749.503 1750.033 1751.211 1752.388 1753.566 1754.775 1756.111 1757.448 1758.784 1760.121 1759.326 1757.395 1755.463 1753.532 1751.399 1747.616 1743.833 1740.05 1736.267 1732.306 1728.21 1724.113 1720.017 1715.94 1712.729 1709.519 1706.309 1703.098 1701.282 1700.987 1700.691 1700.396 1700.1 1700.693 1701.347 1702.001 1702.656 1703.573 1704.9 1706.226 1707.553 1708.88 1711.3 1713.918 1716.535 1719.152 1721.16 1721.772 1722.385 1722.998 1723.61 1723.493 1723.146 1722.799 1722.452 1721.595 1718.902 1716.209 1713.517
1748.088 1746.393 1744.698 1743.003 1741.308 1741.936 1743.385 1744.833 1746.282 1747.71 1749.053 1750.396 1751.739 1753.082 1752.265 1750.295 1748.325 1746.356 1744.216 1740.68 1737.145 1733.609 1730.074 1726.571 1723.092 1719.613 1716.134 1712.675 1710.11 1707.545 1704.98 1702.415 1700.963 1700.726 1700.49 1700.252 1700.016 1700.388 1700.802 1701.217 1701.632 1702.279 1703.286 1704.293 1705.301 1706.308 1708.219 1710.293 1712.367 1714.441 1716.028 1716.502 1716.976 1717.45 1717.924 1717.827 1717.55 1717.274 1716.997 1716.313 1714.16 1712.007 1709.854
1741.882 1739.704 1737.526 1735.348 1733.17 1733.862 1735.568 1737.275 1738.981 1740.626 1742.023 1743.42 1744.817 1746.213 1745.387 1743.374 1741.361 1739.349 1737.199 1733.927 1730.654 1727.382 1724.109 1721.063 1718.19 1715.317 1712.444 1709.592 1707.644 1705.696 1703.748 1701.801 1700.702 1700.529 1700.356 1700.184 1700.011 1700.282 1700.584 1700.887 1701.189 1701.66 1702.393 1703.127 1703.861 1704.594 1705.987 1707.497 1709.007 1710.518 1711.674 1712.019 1712.364 1712.709 1713.055 1712.984 1712.783 1712.581 1712.38 1711.881 1710.313 1708.745 1707.177
1735.676 1733.015 1730.354 1727.693 1725.032 1725.789 1727.753 1729.716 1731.68 1733.543 1734.993 1736.444 1737.894 1739.345 1738.509 1736.453 1734.398 1732.342 1730.183 1727.173 1724.164 1721.154 1718.144 1715.555 1713.288 1711.022 1708.755 1706.509 1705.178 1703.848 1702.517 1701.186 1700.44 1700.332 1700.224 1700.115 1700.007 1700.177 1700.366 1700.556 1700.745 1701.041 1701.501 1701.961 1702.421 1702.881 1703.754 1704.701 1705.648 1706.595 1707.32 1707.536 1707.753 1707.969 1708.186 1708.141 1708.015 1707.889 1707.762 1707.45 1706.467 1705.484 1704.5
1729.47 1726.326 1723.182 1720.038 1716.894 1717.715 1719.937 1722.158 1724.379 1726.46 1727.964 1729.468 1730.972 1732.476 1731.631 1729.532 1727.434 1725.335 1723.167 1720.42 1717.673 1714.926 1712.179 1710.047 1708.387 1706.727 1705.066 1703.427 1702.713 1701.999 1701.285 1700.572 1700.178 1700.134 1700.091 1700.047 1700.003 1700.072 1700.148 1700.225 1700.302 1700.422 1700.608 1700.794 1700.981 1701.167 1701.521 1701.905 1702.288 1702.672 1702.966 1703.053 1703.141 1703.229 1703.317 1703.299 1703.248 1703.196 1703.145 1703.019 1702.62 1702.222 1701.823
1725.5 1721.839 1718.178 1714.517 1710.856 1711.529 1713.732 1715.935 1718.139 1720.2 1721.679 1723.158 1724.637 1726.117 1725.307 1723.277 1721.247 1719.217 1717.146 1714.748 1712.35 1709.951 1707.553 1705.855 1704.695 1703.535 1702.375 1701.234 1700.961 1700.688 1700.415 1700.142 1700.0 1700.0 1700.0 1700.0 1700.0 1700.0 1700.0 1700.0 1700.0 1700.0 1700.0 1700.0 1700.0 1700.0 1700.0 1700.0 1700.0 1700.0 1700.0 1700.0 1700.0 1700.0 1700.0 1700.0 1700.0 1700.0 1700.0 1700.0 1700.0 1700.0 1700.0
1726.308 1722.057 1717.806 1713.554 1709.303 1709.375 1710.971 1712.568 1714.165 1715.701 1716.987 1718.273 1719.559 1720.845 1720.168 1718.444 1716.719 1714.995 1713.255 1711.388 1709.521 1707.654 1705.786 1704.474 1703.587 1702.701 1701.815 1700.943 1700.734 1700.526 1700.317 1700.109 1700.0 1700.0 1700.0 1700.0 1700.0 1700.0 1700.0 1700.0 1700.0 1700.0 1700.0 1700.0 1700.0 1700.0 1700.0 1700.0 1700.0 1700.0 1700.0 1700.0 1700.0 1700.0 1700.0 1700.0 1700.0 1700.0 1700.0 1700.0 1700.0 1700.0 1700.0
1727.116 1722.275 1717.433 1712.592 1707.751 1707.22 1708.211 1709.201 1710.192 1711.203 1712.295 1713.388 1714.481 1715.574 1715.029 1713.61 1712.192 1710.773 1709.364 1708.028 1706.692 1705.356 1704.02 1703.093 1702.48 1701.867 1701.254 1700.652 1700.508 1700.364 1700.219 1700.075 1700.0 1700.0 1700.0 1700.0 1700.0 1700.0 1700.0 1700.0 1700.0 1700.0 1700.0 1700.0 1700.0 1700.0 1700.0 1700.0 1700.0 1700.0 1700.0 1700.0 1700.0 1700.0 1700.0 1700.0 1700.0 1700.0 1700.0 1700.0 1700.0 1700.0 1700.0
1727.925 1722.493 1717.061 1711.63 1706.198 1705.065 1705.45 1705.834 1706.219 1706.704 1707.603 1708.503 1709.403 1710.302 1709.89 1708.777 1707.664 1706.552 1705.473 1704.668 1703.863 1703.058 1702.253 1701.711 1701.372 1701.033 1700.694 1700.361 1700.281 1700.201 1700.121 1700.042 1700.0 1700.0 1700.0 1700.0 1700.0 1700.0 1700.0 1700.0 1700.0 1700.0 1700.0 1700.0 1700.0 1700.0 1700.0 1700.0 1700.0 1700.0 1700.0 1700.0 1700.0 1700.0 1700.0 1700.0 1700.0 1700.0 1700.0 1700.0 1700.0 1700.0 1700.0
1728.733 1722.711 1716.689 1710.667 1704.646 1702.911 1702.689 1702.467 1702.245 1702.205 1702.911 1703.618 1704.324 1705.031 1704.75 1703.944 1703.137 1702.33 1701.581 1701.307 1701.034 1700.76 1700.486 1700.33 1700.265 1700.199 1700.134 1700.07 1700.054 1700.039 1700.023 1700.008 1700.0 1700.0 1700.0 1700.0 1700.0 1700.0 1700.0 1700.0 1700.0 1700.0 1700.0 1700.0 1700.0 1700.0 1700.0 1700.0 1700.0 1700.0 1700.0 1700.0 1700.0 1700.0 1700.0 1700.0 1700.0 1700.0 1700.0 1700.0 1700.0 1700.0 1700.0
1729.096 1722.946 1716.795 1710.644 1704.494 1702.555 1702.102 1701.65 1701.197 1700.941 1701.491 1702.041 1702.591 1703.141 1702.95 1702.363 1701.776 1701.19 1700.675 1700.748 1700.822 1700.896 1700.969 1701.043 1701.117 1701.19 1701.264 1701.335 1701.335 1701.335 1701.335 1701.335 1701.335 1701.335 1701.335 1701.335 1701.335 1701.244 1701.146 1701.048 1700.95 1700.871 1700.822 1700.773 1700.724 1700.675 1700.626 1700.577 1700.528 1700.479 1700.418 1700.328 1700.238 1700.148 1700.059 1700.031 1700.023 1700.015 1700.006 1700.0 1700.0 1700.0 1700.0
1729.32 1723.186 1717.051 1710.917 1704.782 1702.764 1702.199 1701.633 1701.068 1700.693 1701.098 1701.503 1701.909 1702.314 1702.198 1701.804 1701.411 1701.017 1700.706 1701.07 1701.433 1701.797 1702.16 1702.414 1702.584 1702.754 1702.924 1703.091 1703.091 1703.091 1703.091 1703.091 1703.091 1703.091 1703.091 1703.091 1703.091 1702.879 1702.652 1702.425 1702.198 1702.016 1701.903 1701.789 1701.676 1701.563 1701.449 1701.336 1701.222 1701.109 1700.967 1700.759 1700.551 1700.343 1700.136 1700.072 1700.053 1700.034 1700.015 1700.0 1700.0 1700.0 1700.0
1729.544 1723.426 1717.307 1711.189 1705.07 1702.973 1702.295 1701.617 1700.939 1700.445 1700.706 1700.966 1701.226 1701.487 1701.446 1701.246 1701.046 1700.845 1700.738 1701.391 1702.044 1702.697 1703.35 1703.785 1704.052 1704.318 1704.585 1704.846 1704.846 1704.846 1704.846 1704.846 1704.846 1704.846 1704.846 1704.846 1704.846 1704.513 1704.158 1703.802 1703.447 1703.161 1702.983 1702.805 1702.628 1702.45 1702.272 1702.094 1701.917 1701.739 1701.516 1701.19 1700.864 1700.538 1700.213 1700.112 1700.083 1700.053 1700.023 1700.0 1700.0 1700.0 1700.0
1729.768 1723.666 1717.563 1711.461 1705.359 1703.182 1702.392 1701.601 1700.811 1700.198 1700.313 1700.428 1700.544 1700.659 1700.695 1700.688 1700.68 1700.673 1700.769 1701.712 1702.655 1703.598 1704.541 1705.156 1705.519 1705.882 1706.246 1706.601 1706.601 1706.601 1706.601 1706.601 1706.601 1706.601 1706.601 1706.601 1706.601 1706.148 1705.664 1705.18 1704.695 1704.306 1704.064 1703.822 1703.579 1703.337 1703.095 1702.853 1702.611 1702.369 1702.065 1701.621 1701.177 1700.734 1700.29 1700.153 1700.112 1700.072 1700.032 1700.0 1700.0 1700.0 1700.0
