data/zism_data/00329_04_D.txt
ncols         224
nrows         224
[rows 84 to 111 of 224, columns 0 to 62 of 224]
1421.299 1420.598 1419.897 1419.013 1417.919 1416.825 1415.73 1414.636 1413.816 1413.018 1412.22 1411.422 1410.384 1408.976 1407.568 1406.159 1404.751 1403.242 1401.716 1400.19 1398.665 1396.571 1393.266 1389.96 1386.654 1383.349 1380.923 1378.741 1376.559 1374.377 1373.028 1374.229 1375.431 1376.632 1377.833 1379.824 1382.137 1384.451 1386.765 1389.062 1391.281 1393.501 1395.721 1397.94 1402.312 1407.908 1413.503 1419.098 1424.941 1432.975 1441.01 1449.044 1457.079 1463.991 1470.038 1476.086 1482.134 1488.072 1490.327 1492.583 1494.838 1497.093 1495.688
1428.946 1428.56 1428.174 1427.043 1425.053 1423.062 1421.071 1419.08 1417.454 1415.856 1414.258 1412.66 1411.017 1409.305 1407.593 1405.88 1404.168 1402.651 1401.167 1399.684 1398.2 1396.232 1393.228 1390.225 1387.221 1384.218 1382.035 1380.082 1378.128 1376.174 1374.983 1376.125 1377.268 1378.41 1379.553 1381.487 1383.745 1386.003 1388.261 1390.496 1392.621 1394.747 1396.872 1398.998 1403.313 1408.873 1414.433 1419.993 1425.807 1433.872 1441.937 1450.001 1458.066 1464.919 1470.839 1476.759 1482.679 1488.494 1490.764 1493.034 1495.304 1497.575 1496.023
1437.338 1437.352 1437.365 1435.984 1432.988 1429.993 1426.998 1424.003 1421.457 1418.947 1416.436 1413.926 1411.599 1409.557 1407.515 1405.473 1403.432 1401.904 1400.464 1399.023 1397.583 1395.744 1393.054 1390.363 1387.673 1384.982 1383.063 1381.357 1379.652 1377.946 1376.94 1378.071 1379.203 1380.335 1381.466 1383.402 1385.665 1387.928 1390.192 1392.414 1394.442 1396.471 1398.499 1400.527 1404.711 1410.12 1415.529 1420.938 1426.604 1434.556 1442.507 1450.458 1458.409 1465.139 1470.93 1476.721 1482.511 1488.202 1490.553 1492.905 1495.256 1497.607 1495.889
1445.731 1446.144 1446.557 1444.924 1440.924 1436.925 1432.925 1428.926 1425.461 1422.038 1418.615 1415.192 1412.18 1409.809 1407.438 1405.067 1402.696 1401.157 1399.76 1398.363 1396.966 1395.256 1392.879 1390.501 1388.124 1385.747 1384.09 1382.633 1381.176 1379.719 1378.897 1380.017 1381.138 1382.259 1383.38 1385.316 1387.585 1389.853 1392.122 1394.332 1396.263 1398.194 1400.125 1402.057 1406.109 1411.367 1416.624 1421.882 1427.401 1435.239 1443.077 1450.915 1458.752 1465.36 1471.021 1476.682 1482.343 1487.911 1490.343 1492.775 1495.207 1497.64 1495.755
1454.123 1454.936 1455.749 1453.864 1448.86 1443.856 1438.852 1433.848 1429.464 1425.129 1420.793 1416.457 1412.761 1410.061 1407.36 1404.66 1401.959 1400.41 1399.056 1397.702 1396.348 1394.768 1392.704 1390.64 1388.576 1386.512 1385.117 1383.908 1382.7 1381.491 1380.854 1381.964 1383.074 1384.184 1385.294 1387.23 1389.505 1391.779 1394.053 1396.25 1398.084 1399.918 1401.752 1403.586 1407.507 1412.613 1417.719 1422.826 1428.198 1435.922 1443.647 1451.371 1459.095 1465.581 1471.112 1476.644 1482.175 1487.619 1490.132 1492.645 1495.159 1497.672 1495.621
1461.484 1462.76 1464.036 1462.048 1456.285 1450.522 1444.759 1438.996 1433.69 1428.419 1423.149 1417.878 1413.478 1410.43 1407.382 1404.334 1401.287 1399.72 1398.405 1397.09 1395.775 1394.312 1392.534 1390.757 1388.979 1387.201 1386.063 1385.103 1384.143 1383.182 1382.739 1383.879 1385.018 1386.158 1387.297 1389.279 1391.604 1393.93 1396.255 1398.49 1400.292 1402.094 1403.897 1405.699 1409.48 1414.386 1419.292 1424.199 1429.366 1436.844 1444.323 1451.802 1459.28 1465.578 1470.966 1476.355 1481.743 1487.05 1489.607 1492.164 1494.721 1497.278 1495.085
1466.127 1468.035 1469.943 1468.241 1462.365 1456.488 1450.612 1444.736 1438.5 1432.236 1425.972 1419.708 1414.548 1411.106 1407.664 1404.222 1400.78 1399.18 1397.892 1396.604 1395.315 1393.94 1392.378 1390.817 1389.255 1387.693 1386.797 1386.085 1385.373 1384.661 1384.438 1385.713 1386.987 1388.261 1389.536 1391.679 1394.178 1396.676 1399.175 1401.576 1403.519 1405.461 1407.404 1409.347 1412.969 1417.546 1422.122 1426.699 1431.51 1438.395 1445.279 1452.164 1459.049 1464.987 1470.198 1475.408 1480.618 1485.75 1488.253 1490.756 1493.259 1495.762 1493.491
1470.771 1473.311 1475.85 1474.435 1468.445 1462.455 1456.465 1450.476 1443.31 1436.052 1428.795 1421.537 1415.619 1411.782 1407.946 1404.11 1400.274 1398.64 1397.378 1396.117 1394.856 1393.568 1392.222 1390.876 1389.531 1388.185 1387.53 1387.066 1386.603 1386.139 1386.137 1387.547 1388.956 1390.365 1391.775 1394.08 1396.751 1399.422 1402.094 1404.662 1406.745 1408.828 1410.911 1412.994 1416.457 1420.705 1424.952 1429.2 1433.654 1439.945 1446.236 1452.526 1458.817 1464.397 1469.429 1474.461 1479.493 1484.45 1486.899 1489.348 1491.797 1494.246 1491.898
1475.415 1478.586 1481.758 1480.628 1474.525 1468.422 1462.319 1456.216 1448.12 1439.869 1431.618 1423.367 1416.689 1412.459 1408.229 1403.998 1399.768 1398.099 1396.865 1395.631 1394.397 1393.196 1392.066 1390.936 1389.807 1388.677 1388.263 1388.048 1387.833 1387.618 1387.836 1389.38 1390.925 1392.469 1394.014 1396.481 1399.325 1402.169 1405.013 1407.749 1409.972 1412.195 1414.419 1416.642 1419.946 1423.864 1427.782 1431.7 1435.798 1441.495 1447.192 1452.889 1458.585 1463.806 1468.66 1473.514 1478.368 1483.151 1485.546 1487.941 1490.336 1492.731 1490.304
1480.059 1483.862 1487.665 1486.821 1480.605 1474.389 1468.172 1461.956 1452.93 1443.686 1434.441 1425.196 1417.759 1413.135 1408.511 1403.886 1399.262 1397.559 1396.352 1395.145 1393.937 1392.824 1391.91 1390.996 1390.083 1389.169 1388.996 1389.03 1389.063 1389.096 1389.535 1391.214 1392.894 1394.573 1396.252 1398.882 1401.898 1404.915 1407.932 1410.835 1413.199 1415.562 1417.926 1420.29 1423.435 1427.023 1430.612 1434.201 1437.943 1443.046 1448.148 1453.251 1458.354 1463.215 1467.891 1472.567 1477.243 1481.851 1484.192 1486.533 1488.874 1491.215 1488.71
1481.665 1485.813 1489.961 1489.401 1483.398 1477.396 1471.393 1465.391 1456.27 1446.906 1437.541 1428.177 1420.54 1415.589 1410.639 1405.688 1400.737 1398.768 1397.304 1395.841 1394.377 1393.116 1392.286 1391.457 1390.628 1389.798 1389.773 1389.971 1390.168 1390.366 1390.959 1392.762 1394.564 1396.366 1398.169 1400.9 1404.009 1407.119 1410.229 1413.237 1415.761 1418.285 1420.809 1423.333 1426.524 1430.095 1433.665 1437.236 1440.94 1445.824 1450.708 1455.592 1460.476 1465.141 1469.639 1474.136 1478.634 1483.064 1485.24 1487.415 1489.59 1491.766 1489.252
1482.2 1486.591 1490.981 1490.705 1485.031 1479.358 1473.685 1468.012 1459.09 1449.915 1440.74 1431.565 1423.924 1418.671 1413.418 1408.165 1402.912 1400.594 1398.774 1396.954 1395.134 1393.642 1392.851 1392.059 1391.267 1390.476 1390.564 1390.897 1391.23 1391.563 1392.287 1394.208 1396.129 1398.05 1399.971 1402.783 1405.957 1409.132 1412.306 1415.397 1418.088 1420.78 1423.471 1426.162 1429.473 1433.135 1436.798 1440.46 1444.237 1449.035 1453.833 1458.63 1463.428 1467.955 1472.275 1476.594 1480.913 1485.165 1487.135 1489.105 1491.075 1493.045 1490.547
1482.735 1487.369 1492.002 1492.009 1486.665 1481.321 1475.977 1470.633 1461.911 1452.925 1443.938 1434.952 1427.309 1421.753 1416.198 1410.642 1405.087 1402.421 1400.244 1398.068 1395.891 1394.169 1393.415 1392.661 1391.907 1391.154 1391.356 1391.823 1392.291 1392.759 1393.614 1395.654 1397.694 1399.734 1401.774 1404.666 1407.905 1411.144 1414.384 1417.557 1420.416 1423.274 1426.133 1428.992 1432.422 1436.176 1439.93 1443.684 1447.535 1452.247 1456.958 1461.669 1466.38 1470.769 1474.911 1479.052 1483.193 1487.265 1489.03 1490.795 1492.56 1494.325 1491.843
1483.27 1488.147 1493.023 1493.313 1488.298 1483.284 1478.269 1473.255 1464.732 1455.934 1447.137 1438.34 1430.693 1424.835 1418.977 1413.119 1407.261 1404.247 1401.714 1399.181 1396.648 1394.695 1393.979 1393.263 1392.547 1391.831 1392.147 1392.75 1393.353 1393.955 1394.941 1397.1 1399.259 1401.418 1403.577 1406.549 1409.853 1413.157 1416.461 1419.717 1422.743 1425.769 1428.795 1431.822 1435.37 1439.216 1443.062 1446.908 1450.833 1455.458 1460.083 1464.708 1469.333 1473.583 1477.546 1481.51 1485.473 1489.366 1490.926 1492.485 1494.045 1495.605 1493.138
1483.104 1488.18 1493.257 1493.816 1489.152 1484.488 1479.823 1475.159 1466.946 1458.457 1449.966 1441.477 1433.942 1427.892 1421.843 1415.793 1409.743 1406.372 1403.454 1400.536 1397.619 1395.405 1394.694 1393.983 1393.272 1392.561 1392.96 1393.668 1394.376 1395.085 1396.177 1398.445 1400.712 1402.98 1405.248 1408.284 1411.635 1414.985 1418.335 1421.65 1424.797 1427.943 1431.089 1434.236 1437.897 1441.852 1445.806 1449.76 1453.779 1458.371 1462.963 1467.555 1472.147 1476.283 1480.068 1483.853 1487.638 1491.352 1492.706 1494.059 1495.412 1496.766 1494.351
1480.18 1485.289 1490.398 1491.175 1486.943 1482.711 1478.478 1474.246 1466.781 1459.063 1451.345 1443.628 1436.658 1430.851 1425.045 1419.238 1413.431 1409.67 1406.256 1402.841 1399.427 1396.835 1396.0 1395.164 1394.329 1393.494 1393.858 1394.555 1395.253 1395.95 1397.052 1399.389 1401.727 1404.065 1406.403 1409.441 1412.764 1416.087 1419.411 1422.692 1425.774 1428.855 1431.937 1435.019 1438.767 1442.894 1447.021 1451.148 1455.34 1460.11 1464.881 1469.651 1474.421 1478.534 1482.141 1485.747 1489.354 1492.889 1494.032 1495.175 1496.318 1497.461 1495.237
1477.256 1482.398 1487.54 1488.534 1484.734 1480.934 1477.133 1473.333 1466.615 1459.67 1452.724 1445.779 1439.374 1433.81 1428.247 1422.683 1417.119 1412.969 1409.057 1405.146 1401.235 1398.265 1397.305 1396.346 1395.387 1394.427 1394.756 1395.442 1396.129 1396.815 1397.926 1400.334 1402.742 1405.15 1407.559 1410.597 1413.894 1417.19 1420.486 1423.734 1426.751 1429.768 1432.785 1435.802 1439.636 1443.936 1448.236 1452.536 1456.901 1461.85 1466.798 1471.747 1476.695 1480.785 1484.213 1487.642 1491.07 1494.426 1495.359 1496.291 1497.223 1498.155 1496.122
1474.333 1479.507 1484.681 1485.893 1482.525 1479.156 1475.788 1472.42 1466.45 1460.276 1454.103 1447.929 1442.09 1436.769 1431.448 1426.128 1420.807 1416.267 1411.859 1407.451 1403.043 1399.695 1398.611 1397.528 1396.444 1395.36 1395.654 1396.329 1397.005 1397.681 1398.801 1401.279 1403.757 1406.236 1408.714 1411.754 1415.023 1418.292 1421.562 1424.776 1427.728 1430.68 1433.632 1436.584 1440.506 1444.979 1449.451 1453.924 1458.462 1463.589 1468.716 1473.843 1478.969 1483.036 1486.286 1489.536 1492.786 1495.963 1496.685 1497.407 1498.128 1498.85 1497.008
1471.409 1476.616 1481.822 1483.252 1480.316 1477.379 1474.443 1471.507 1466.284 1460.883 1455.482 1450.08 1444.806 1439.728 1434.651 1429.573 1424.495 1419.565 1414.661 1409.756 1404.851 1401.125 1399.917 1398.709 1397.502 1396.294 1396.552 1397.217 1397.881 1398.546 1399.675 1402.224 1404.772 1407.321 1409.869 1412.911 1416.153 1419.395 1422.637 1425.818 1428.705 1431.593 1434.48 1437.367 1441.375 1446.021 1450.666 1455.312 1460.024 1465.329 1470.634 1475.938 1481.243 1485.286 1488.358 1491.43 1494.503 1497.5 1498.011 1498.523 1499.034 1499.545 1497.894
1466.553 1471.691 1476.829 1478.416 1475.897 1473.379 1470.86 1468.341 1463.544 1458.57 1453.595 1448.621 1443.713 1438.911 1434.109 1429.306 1424.504 1419.688 1414.87 1410.051 1405.233 1401.571 1400.38 1399.188 1397.996 1396.805 1397.021 1397.628 1398.236 1398.843 1399.901 1402.34 1404.779 1407.218 1409.656 1412.498 1415.505 1418.511 1421.518 1424.471 1427.171 1429.871 1432.571 1435.271 1439.396 1444.329 1449.262 1454.196 1459.211 1464.957 1470.703 1476.449 1482.195 1486.384 1489.375 1492.366 1495.357 1498.272 1498.656 1499.039 1499.422 1499.806 1498.353
1460.731 1465.75 1470.769 1472.483 1470.375 1468.266 1466.158 1464.049 1459.518 1454.797 1450.076 1445.355 1440.717 1436.206 1431.695 1427.184 1422.674 1418.223 1413.783 1409.342 1404.902 1401.525 1400.42 1399.315 1398.209 1397.104 1397.276 1397.802 1398.329 1398.855 1399.803 1402.042 1404.281 1406.52 1408.759 1411.301 1413.968 1416.634 1419.3 1421.929 1424.381 1426.833 1429.284 1431.736 1435.991 1441.27 1446.548 1451.827 1457.212 1463.53 1469.848 1476.167 1482.485 1486.904 1489.863 1492.822 1495.78 1498.662 1498.959 1499.256 1499.552 1499.849 1498.598
1454.909 1459.809 1464.709 1466.55 1464.852 1463.154 1461.456 1459.758 1455.491 1451.024 1446.557 1442.09 1437.72 1433.501 1429.282 1425.063 1420.843 1416.758 1412.696 1408.634 1404.571 1401.479 1400.46 1399.442 1398.423 1397.404 1397.531 1397.976 1398.422 1398.867 1399.705 1401.744 1403.783 1405.822 1407.861 1410.104 1412.431 1414.757 1417.083 1419.387 1421.591 1423.794 1425.998 1428.201 1432.586 1438.21 1443.835 1449.459 1455.212 1462.103 1468.993 1475.884 1482.775 1487.425 1490.351 1493.277 1496.204 1499.051 1499.262 1499.472 1499.683 1499.893 1498.842
1449.086 1453.868 1458.649 1460.616 1459.329 1458.041 1456.753 1455.466 1451.464 1447.251 1443.038 1438.825 1434.723 1430.796 1426.868 1422.941 1419.013 1415.293 1411.609 1407.925 1404.24 1401.433 1400.501 1399.568 1398.636 1397.704 1397.786 1398.15 1398.515 1398.879 1399.607 1401.446 1403.285 1405.125 1406.964 1408.907 1410.893 1412.879 1414.865 1416.846 1418.801 1420.756 1422.711 1424.666 1429.181 1435.151 1441.121 1447.091 1453.213 1460.676 1468.139 1475.602 1483.065 1487.945 1490.839 1493.733 1496.627 1499.441 1499.565 1499.689 1499.813 1499.937 1499.087
1443.334 1447.979 1452.624 1454.697 1453.795 1452.893 1451.991 1451.09 1447.348 1443.385 1439.422 1435.459 1431.625 1427.991 1424.357 1420.724 1417.09 1413.744 1410.448 1407.151 1403.855 1401.34 1400.497 1399.654 1398.811 1397.968 1398.009 1398.297 1398.584 1398.872 1399.49 1401.121 1402.751 1404.381 1406.012 1407.66 1409.315 1410.969 1412.624 1414.288 1415.996 1417.703 1419.41 1421.117 1425.721 1431.969 1438.218 1444.467 1450.897 1458.936 1466.974 1475.012 1483.05 1488.191 1491.104 1494.017 1496.93 1499.76 1499.813 1499.867 1499.92 1499.973 1499.317
1438.05 1442.442 1446.833 1448.872 1448.192 1447.511 1446.831 1446.15 1442.635 1438.899 1435.163 1431.427 1427.851 1424.525 1421.199 1417.873 1414.547 1411.634 1408.791 1405.948 1403.105 1400.934 1400.199 1399.463 1398.728 1397.993 1398.02 1398.259 1398.498 1398.737 1399.252 1400.613 1401.973 1403.333 1404.694 1406.072 1407.457 1408.842 1410.226 1411.625 1413.09 1414.554 1416.018 1417.483 1421.891 1427.972 1434.054 1440.135 1446.475 1455.107 1463.74 1472.372 1481.004 1486.608 1489.883 1493.157 1496.432 1499.614 1499.7 1499.785 1499.871 1499.957 1499.444
1432.766 1436.904 1441.042 1443.047 1442.588 1442.129 1441.67 1441.211 1437.923 1434.413 1430.904 1427.394 1424.077 1421.059 1418.04 1415.022 1412.004 1409.523 1407.134 1404.744 1402.355 1400.527 1399.9 1399.273 1398.646 1398.019 1398.031 1398.222 1398.412 1398.602 1399.014 1400.105 1401.195 1402.286 1403.376 1404.484 1405.599 1406.714 1407.829 1408.962 1410.183 1411.405 1412.626 1413.848 1418.061 1423.975 1429.889 1435.803 1442.053 1451.279 1460.505 1469.732 1478.958 1485.024 1488.661 1492.297 1495.934 1499.468 1499.586 1499.704 1499.822 1499.94 1499.572
1427.483 1431.366 1435.25 1437.223 1436.985 1436.747 1436.51 1436.272 1433.21 1429.927 1426.645 1423.362 1420.303 1417.593 1414.882 1412.171 1409.461 1407.413 1405.477 1403.541 1401.605 1400.121 1399.602 1399.083 1398.563 1398.044 1398.042 1398.184 1398.326 1398.467 1398.776 1399.597 1400.417 1401.238 1402.058 1402.896 1403.741 1404.586 1405.431 1406.299 1407.277 1408.256 1409.234 1410.213 1414.231 1419.978 1425.725 1431.471 1437.631 1447.451 1457.271 1467.091 1476.911 1483.441 1487.439 1491.437 1495.435 1499.322 1499.473 1499.623 1499.773 1499.924 1499.7
1422.199 1425.829 1429.459 1431.398 1431.382 1431.365 1431.349 1431.333 1428.497 1425.441 1422.385 1419.329 1416.529 1414.126 1411.724 1409.321 1406.918 1405.302 1403.82 1402.338 1400.855 1399.714 1399.303 1398.892 1398.481 1398.07 1398.053 1398.146 1398.239 1398.333 1398.538 1399.089 1399.639 1400.19 1400.74 1401.308 1401.883 1402.458 1403.033 1403.636 1404.371 1405.107 1405.842 1406.578 1410.402 1415.981 1421.56 1427.14 1433.209 1443.623 1454.037 1464.451 1474.865 1481.857 1486.217 1490.577 1494.937 1499.176 1499.359 1499.542 1499.724 1499.907 1499.828
