data/zism_data/00320_04_D.txt
ncols         224
nrows         224
[rows 84 to 111 of 224, columns 63 to 125 of 224]
4681.742 4681.17 4680.599 4680.028 4679.463 4678.911 4678.357 4677.805 4677.252 4677.106 4677.059 4677.012 4676.965 4677.017 4677.353 4677.688 4678.023 4678.359 4678.739 4679.138 4679.536 4679.934 4680.327 4680.694 4681.061 4681.427 4681.794 4682.088 4682.34 4682.591 4682.843 4683.09 4683.297 4683.504 4683.711 4683.918 4684.212 4684.579 4684.945 4685.312 4685.679 4686.046 4686.413 4686.779 4687.146 4687.545 4687.983 4688.42 4688.858 4689.295 4689.733 4690.17 4690.608 4691.045 4691.457 4691.823 4692.19 4692.557 4692.924 4693.291 4693.658 4694.024 4694.392
4681.241 4680.68 4680.12 4679.559 4678.992 4678.412 4677.833 4677.253 4676.674 4676.497 4676.417 4676.338 4676.259 4676.282 4676.596 4676.91 4677.224 4677.538 4677.928 4678.348 4678.767 4679.187 4679.598 4679.964 4680.331 4680.698 4681.065 4681.373 4681.646 4681.918 4682.191 4682.466 4682.764 4683.062 4683.36 4683.658 4683.993 4684.36 4684.727 4685.093 4685.46 4685.827 4686.194 4686.561 4686.927 4687.348 4687.834 4688.32 4688.806 4689.291 4689.777 4690.263 4690.748 4691.234 4691.675 4692.042 4692.409 4692.776 4693.143 4693.51 4693.876 4694.243 4694.61
4680.74 4680.19 4679.64 4679.09 4678.521 4677.914 4677.308 4676.702 4676.095 4675.887 4675.776 4675.665 4675.553 4675.547 4675.84 4676.132 4676.425 4676.718 4677.117 4677.558 4677.999 4678.44 4678.868 4679.235 4679.602 4679.968 4680.335 4680.657 4680.951 4681.245 4681.54 4681.842 4682.231 4682.62 4683.008 4683.397 4683.774 4684.141 4684.508 4684.875 4685.241 4685.608 4685.975 4686.342 4686.708 4687.151 4687.686 4688.219 4688.753 4689.287 4689.821 4690.354 4690.889 4691.422 4691.895 4692.261 4692.628 4692.995 4693.361 4693.729 4694.095 4694.462 4694.829
4680.239 4679.699 4679.16 4678.621 4678.049 4677.416 4676.783 4676.15 4675.517 4675.278 4675.134 4674.991 4674.848 4674.813 4675.083 4675.354 4675.626 4675.897 4676.305 4676.768 4677.23 4677.692 4678.138 4678.505 4678.872 4679.239 4679.606 4679.94 4680.256 4680.572 4680.888 4681.218 4681.697 4682.177 4682.657 4683.137 4683.555 4683.922 4684.289 4684.656 4685.022 4685.389 4685.756 4686.123 4686.49 4686.955 4687.537 4688.119 4688.701 4689.283 4689.865 4690.447 4691.029 4691.611 4692.113 4692.48 4692.847 4693.213 4693.581 4693.947 4694.314 4694.681 4695.048
4679.479 4678.956 4678.433 4677.909 4677.346 4676.71 4676.075 4675.438 4674.803 4674.595 4674.492 4674.388 4674.285 4674.267 4674.493 4674.719 4674.945 4675.17 4675.567 4676.032 4676.497 4676.961 4677.411 4677.792 4678.174 4678.555 4678.937 4679.317 4679.698 4680.078 4680.458 4680.851 4681.369 4681.887 4682.404 4682.922 4683.379 4683.784 4684.189 4684.595 4685.0 4685.419 4685.839 4686.259 4686.679 4687.164 4687.727 4688.29 4688.853 4689.416 4689.987 4690.56 4691.132 4691.705 4692.217 4692.627 4693.037 4693.447 4693.857 4694.231 4694.599 4694.965 4695.332
4678.691 4678.184 4677.676 4677.168 4676.617 4675.98 4675.345 4674.709 4674.073 4673.904 4673.849 4673.794 4673.738 4673.744 4673.921 4674.099 4674.277 4674.455 4674.838 4675.303 4675.767 4676.232 4676.685 4677.082 4677.479 4677.876 4678.274 4678.705 4679.154 4679.604 4680.054 4680.513 4681.063 4681.613 4682.163 4682.713 4683.208 4683.656 4684.104 4684.552 4685.0 4685.479 4685.957 4686.436 4686.914 4687.419 4687.955 4688.491 4689.027 4689.563 4690.118 4690.675 4691.231 4691.788 4692.308 4692.766 4693.224 4693.683 4694.141 4694.523 4694.89 4695.257 4695.624
4677.903 4677.412 4676.92 4676.429 4675.887 4675.251 4674.615 4673.979 4673.344 4673.214 4673.207 4673.199 4673.192 4673.221 4673.35 4673.479 4673.609 4673.738 4674.108 4674.573 4675.038 4675.502 4675.958 4676.371 4676.785 4677.198 4677.611 4678.092 4678.611 4679.131 4679.65 4680.175 4680.757 4681.34 4681.922 4682.504 4683.037 4683.527 4684.018 4684.509 4685.0 4685.538 4686.075 4686.612 4687.149 4687.674 4688.184 4688.693 4689.203 4689.712 4690.25 4690.79 4691.331 4691.871 4692.398 4692.905 4693.412 4693.918 4694.424 4694.815 4695.182 4695.549 4695.916
4677.115 4676.64 4676.164 4675.688 4675.157 4674.521 4673.886 4673.25 4672.614 4672.523 4672.564 4672.605 4672.646 4672.697 4672.779 4672.86 4672.941 4673.022 4673.379 4673.843 4674.308 4674.772 4675.231 4675.661 4676.09 4676.52 4676.949 4677.479 4678.068 4678.657 4679.247 4679.838 4680.452 4681.066 4681.68 4682.294 4682.865 4683.399 4683.933 4684.466 4685.0 4685.596 4686.192 4686.789 4687.385 4687.929 4688.412 4688.895 4689.377 4689.86 4690.381 4690.905 4691.43 4691.954 4692.489 4693.044 4693.599 4694.153 4694.708 4695.107 4695.474 4695.841 4696.208
4676.242 4675.795 4675.348 4674.901 4674.396 4673.785 4673.174 4672.563 4671.952 4671.878 4671.936 4671.994 4672.051 4672.112 4672.184 4672.256 4672.328 4672.399 4672.752 4673.215 4673.678 4674.141 4674.603 4675.064 4675.525 4675.987 4676.448 4677.024 4677.667 4678.31 4678.953 4679.595 4680.227 4680.859 4681.492 4682.124 4682.722 4683.292 4683.861 4684.431 4685.0 4685.643 4686.286 4686.928 4687.571 4688.142 4688.625 4689.11 4689.594 4690.078 4690.589 4691.103 4691.616 4692.129 4692.67 4693.257 4693.844 4694.431 4695.018 4695.423 4695.79 4696.156 4696.523
4675.195 4674.802 4674.408 4674.015 4673.572 4673.035 4672.499 4671.963 4671.426 4671.329 4671.338 4671.348 4671.357 4671.401 4671.542 4671.684 4671.825 4671.966 4672.334 4672.792 4673.25 4673.707 4674.176 4674.702 4675.228 4675.753 4676.278 4676.892 4677.556 4678.22 4678.884 4679.545 4680.167 4680.788 4681.41 4682.031 4682.636 4683.227 4683.818 4684.409 4685.0 4685.664 4686.329 4686.993 4687.657 4688.266 4688.809 4689.352 4689.895 4690.438 4690.954 4691.467 4691.98 4692.494 4693.035 4693.622 4694.208 4694.795 4695.382 4695.788 4696.154 4696.521 4696.888
4674.149 4673.809 4673.469 4673.129 4672.747 4672.285 4671.824 4671.362 4670.901 4670.78 4670.741 4670.702 4670.663 4670.689 4670.9 4671.111 4671.322 4671.533 4671.917 4672.37 4672.822 4673.274 4673.75 4674.34 4674.929 4675.519 4676.109 4676.759 4677.445 4678.131 4678.816 4679.496 4680.106 4680.717 4681.328 4681.939 4682.551 4683.163 4683.775 4684.388 4685.0 4685.686 4686.372 4687.057 4687.743 4688.39 4688.992 4689.593 4690.195 4690.797 4691.318 4691.832 4692.345 4692.859 4693.399 4693.986 4694.573 4695.16 4695.747 4696.152 4696.519 4696.886 4697.253
4673.103 4672.816 4672.529 4672.243 4671.921 4671.535 4671.149 4670.762 4670.376 4670.23 4670.143 4670.056 4669.969 4669.979 4670.259 4670.539 4670.82 4671.1 4671.5 4671.947 4672.394 4672.84 4673.323 4673.978 4674.631 4675.285 4675.939 4676.627 4677.334 4678.041 4678.748 4679.446 4680.046 4680.646 4681.247 4681.847 4682.465 4683.099 4683.732 4684.366 4685.0 4685.707 4686.414 4687.121 4687.829 4688.514 4689.175 4689.835 4690.496 4691.156 4691.683 4692.196 4692.71 4693.224 4693.764 4694.351 4694.938 4695.525 4696.112 4696.517 4696.884 4697.251 4697.618
4672.056 4671.823 4671.59 4671.357 4671.097 4670.785 4670.474 4670.162 4669.851 4669.681 4669.546 4669.411 4669.275 4669.267 4669.617 4669.967 4670.317 4670.667 4671.083 4671.524 4671.966 4672.407 4672.897 4673.615 4674.333 4675.051 4675.77 4676.495 4677.223 4677.952 4678.68 4679.396 4679.986 4680.575 4681.165 4681.754 4682.379 4683.035 4683.69 4684.345 4685.0 4685.729 4686.457 4687.186 4687.914 4688.639 4689.358 4690.077 4690.797 4691.516 4692.047 4692.561 4693.075 4693.588 4694.129 4694.716 4695.303 4695.89 4696.477 4696.882 4697.249 4697.616 4697.982
4671.069 4670.833 4670.597 4670.36 4670.117 4669.86 4669.603 4669.346 4669.089 4668.963 4668.87 4668.776 4668.682 4668.721 4669.136 4669.552 4669.967 4670.383 4670.848 4671.333 4671.818 4672.303 4672.836 4673.598 4674.36 4675.123 4675.884 4676.624 4677.349 4678.075 4678.8 4679.516 4680.123 4680.73 4681.337 4681.944 4682.587 4683.259 4683.932 4684.604 4685.277 4685.994 4686.712 4687.429 4688.146 4688.866 4689.587 4690.309 4691.03 4691.751 4692.287 4692.805 4693.322 4693.84 4694.378 4694.953 4695.528 4696.103 4696.677 4697.231 4697.781 4698.331 4698.88
4670.102 4669.844 4669.586 4669.329 4669.088 4668.879 4668.67 4668.462 4668.253 4668.193 4668.168 4668.144 4668.12 4668.227 4668.707 4669.187 4669.666 4670.146 4670.672 4671.215 4671.759 4672.303 4672.891 4673.691 4674.49 4675.29 4676.089 4676.835 4677.55 4678.265 4678.98 4679.688 4680.322 4680.956 4681.59 4682.224 4682.888 4683.576 4684.265 4684.953 4685.642 4686.337 4687.034 4687.729 4688.426 4689.126 4689.832 4690.537 4691.242 4691.947 4692.486 4693.009 4693.532 4694.055 4694.591 4695.15 4695.709 4696.268 4696.826 4697.576 4698.367 4699.157 4699.948
4669.135 4668.855 4668.576 4668.297 4668.059 4667.898 4667.738 4667.578 4667.417 4667.422 4667.467 4667.513 4667.558 4667.733 4668.277 4668.821 4669.365 4669.909 4670.495 4671.098 4671.7 4672.303 4672.946 4673.784 4674.621 4675.458 4676.294 4677.048 4677.752 4678.456 4679.16 4679.86 4680.521 4681.182 4681.843 4682.503 4683.188 4683.893 4684.597 4685.302 4686.006 4686.681 4687.355 4688.03 4688.705 4689.386 4690.076 4690.765 4691.454 4692.144 4692.686 4693.214 4693.743 4694.271 4694.804 4695.347 4695.89 4696.432 4696.975 4697.921 4698.953 4699.984 4701.015
4668.167 4667.867 4667.566 4667.266 4667.03 4666.918 4666.806 4666.693 4666.581 4666.651 4666.766 4666.881 4666.996 4667.239 4667.848 4668.456 4669.064 4669.672 4670.318 4670.98 4671.642 4672.303 4673.002 4673.876 4674.75 4675.625 4676.5 4677.26 4677.953 4678.646 4679.34 4680.033 4680.72 4681.408 4682.096 4682.783 4683.489 4684.209 4684.93 4685.65 4686.371 4687.024 4687.677 4688.331 4688.984 4689.646 4690.32 4690.993 4691.666 4692.339 4692.885 4693.419 4693.953 4694.486 4695.017 4695.544 4696.07 4696.597 4697.124 4698.266 4699.538 4700.811 4702.083
4667.188 4666.868 4666.548 4666.228 4665.995 4665.926 4665.856 4665.787 4665.718 4665.858 4666.048 4666.239 4666.429 4666.744 4667.41 4668.077 4668.743 4669.409 4670.114 4670.834 4671.555 4672.275 4673.028 4673.931 4674.833 4675.736 4676.639 4677.408 4678.099 4678.79 4679.48 4680.174 4680.896 4681.619 4682.341 4683.063 4683.793 4684.529 4685.265 4686.0 4686.736 4687.375 4688.016 4688.656 4689.295 4689.94 4690.592 4691.243 4691.894 4692.545 4693.095 4693.635 4694.175 4694.715 4695.244 4695.753 4696.263 4696.772 4697.282 4698.63 4700.156 4701.681 4703.206
4666.157 4665.826 4665.496 4665.165 4664.933 4664.885 4664.837 4664.789 4664.741 4664.967 4665.259 4665.551 4665.843 4666.242 4666.94 4667.638 4668.337 4669.035 4669.792 4670.571 4671.35 4672.129 4672.929 4673.82 4674.712 4675.604 4676.497 4677.282 4678.005 4678.728 4679.451 4680.18 4680.972 4681.764 4682.556 4683.348 4684.115 4684.861 4685.608 4686.354 4687.101 4687.762 4688.423 4689.084 4689.746 4690.38 4690.983 4691.586 4692.189 4692.792 4693.348 4693.898 4694.449 4695.0 4695.528 4696.016 4696.504 4696.992 4697.48 4699.077 4700.907 4702.737 4704.567
4665.126 4664.785 4664.443 4664.102 4663.87 4663.843 4663.817 4663.791 4663.764 4664.076 4664.47 4664.864 4665.257 4665.739 4666.47 4667.2 4667.931 4668.662 4669.469 4670.307 4671.146 4671.983 4672.829 4673.71 4674.592 4675.474 4676.355 4677.157 4677.912 4678.667 4679.422 4680.186 4681.047 4681.909 4682.771 4683.632 4684.437 4685.194 4685.951 4686.708 4687.465 4688.148 4688.831 4689.514 4690.196 4690.82 4691.375 4691.93 4692.485 4693.04 4693.601 4694.162 4694.724 4695.285 4695.812 4696.278 4696.745 4697.211 4697.678 4699.523 4701.659 4703.794 4705.929
4664.095 4663.743 4663.391 4663.039 4662.808 4662.802 4662.797 4662.792 4662.787 4663.185 4663.68 4664.176 4664.671 4665.237 4666.0 4666.762 4667.525 4668.288 4669.146 4670.043 4670.94 4671.838 4672.73 4673.601 4674.472 4675.342 4676.213 4677.031 4677.818 4678.605 4679.393 4680.192 4681.123 4682.054 4682.985 4683.917 4684.759 4685.527 4686.294 4687.063 4687.83 4688.534 4689.238 4689.942 4690.646 4691.26 4691.767 4692.274 4692.78 4693.287 4693.854 4694.426 4694.998 4695.57 4696.095 4696.541 4696.986 4697.431 4697.876 4699.97 4702.41 4704.851 4707.291
4663.064 4662.702 4662.338 4661.976 4661.745 4661.761 4661.778 4661.794 4661.811 4662.294 4662.891 4663.488 4664.085 4664.734 4665.529 4666.324 4667.119 4667.914 4668.824 4669.78 4670.736 4671.692 4672.631 4673.491 4674.351 4675.211 4676.071 4676.905 4677.725 4678.544 4679.363 4680.198 4681.199 4682.2 4683.2 4684.201 4685.081 4685.859 4686.638 4687.417 4688.195 4688.92 4689.646 4690.372 4691.097 4691.701 4692.159 4692.617 4693.076 4693.534 4694.106 4694.689 4695.272 4695.855 4696.379 4696.803 4697.227 4697.651 4698.075 4700.417 4703.162 4705.908 4708.653
4661.994 4661.627 4661.26 4660.894 4660.675 4660.736 4660.797 4660.858 4660.919 4661.478 4662.156 4662.835 4663.514 4664.237 4665.084 4665.931 4666.778 4667.625 4668.578 4669.573 4670.567 4671.562 4672.539 4673.428 4674.317 4675.206 4676.095 4676.952 4677.791 4678.628 4679.467 4680.322 4681.359 4682.396 4683.433 4684.47 4685.376 4686.172 4686.968 4687.764 4688.56 4689.323 4690.087 4690.85 4691.614 4692.229 4692.67 4693.11 4693.55 4693.99 4694.537 4695.094 4695.651 4696.208 4696.773 4697.352 4697.93 4698.509 4699.087 4701.741 4704.831 4707.922 4711.012
4660.9 4660.533 4660.166 4659.799 4659.602 4659.722 4659.841 4659.961 4660.081 4660.707 4661.455 4662.204 4662.952 4663.743 4664.654 4665.565 4666.477 4667.388 4668.378 4669.4 4670.421 4671.443 4672.451 4673.394 4674.336 4675.279 4676.222 4677.105 4677.954 4678.803 4679.651 4680.518 4681.571 4682.624 4683.677 4684.73 4685.655 4686.473 4687.29 4688.107 4688.924 4689.736 4690.548 4691.359 4692.171 4692.813 4693.253 4693.694 4694.134 4694.574 4695.077 4695.586 4696.095 4696.604 4697.235 4698.076 4698.917 4699.757 4700.598 4703.602 4707.062 4710.521 4713.981
4659.806 4659.439 4659.072 4658.705 4658.528 4658.707 4658.885 4659.064 4659.243 4659.936 4660.754 4661.572 4662.39 4663.25 4664.225 4665.2 4666.176 4667.151 4668.179 4669.227 4670.275 4671.324 4672.363 4673.359 4674.355 4675.352 4676.348 4677.258 4678.117 4678.977 4679.836 4680.714 4681.783 4682.852 4683.921 4684.991 4685.935 4686.773 4687.612 4688.451 4689.289 4690.149 4691.009 4691.869 4692.729 4693.397 4693.837 4694.277 4694.717 4695.158 4695.617 4696.077 4696.538 4696.999 4697.697 4698.8 4699.902 4701.005 4702.108 4705.463 4709.292 4713.121 4716.95
4658.711 4658.345 4657.978 4657.611 4657.455 4657.692 4657.93 4658.167 4658.405 4659.165 4660.053 4660.94 4661.828 4662.756 4663.795 4664.835 4665.875 4666.914 4667.979 4669.054 4670.129 4671.204 4672.275 4673.325 4674.374 4675.424 4676.474 4677.41 4678.28 4679.151 4680.021 4680.91 4681.995 4683.08 4684.166 4685.251 4686.213 4687.074 4687.934 4688.794 4689.654 4690.562 4691.47 4692.378 4693.286 4693.98 4694.421 4694.861 4695.301 4695.741 4696.156 4696.569 4696.981 4697.394 4698.158 4699.523 4700.889 4702.254 4703.619 4707.324 4711.523 4715.721 4719.919
4657.61 4657.245 4656.878 4656.513 4656.378 4656.677 4656.976 4657.275 4657.574 4658.403 4659.36 4660.317 4661.274 4662.269 4663.37 4664.472 4665.573 4666.675 4667.777 4668.88 4669.983 4671.085 4672.188 4673.29 4674.392 4675.494 4676.596 4677.562 4678.446 4679.331 4680.216 4681.119 4682.22 4683.321 4684.422 4685.523 4686.506 4687.389 4688.271 4689.154 4690.037 4690.99 4691.942 4692.895 4693.847 4694.568 4695.013 4695.458 4695.902 4696.347 4696.734 4697.116 4697.497 4697.879 4698.726 4700.366 4702.006 4703.647 4705.288 4709.334 4713.889 4718.442 4722.997
4656.385 4656.035 4655.685 4655.335 4655.25 4655.661 4656.073 4656.484 4656.896 4657.798 4658.819 4659.84 4660.862 4661.91 4663.033 4664.156 4665.278 4666.401 4667.541 4668.686 4669.832 4670.977 4672.121 4673.255 4674.389 4675.523 4676.657 4677.688 4678.659 4679.629 4680.6 4681.582 4682.694 4683.806 4684.917 4686.029 4687.043 4687.974 4688.905 4689.836 4690.767 4691.692 4692.618 4693.543 4694.469 4695.217 4695.753 4696.289 4696.825 4697.36 4698.019 4698.689 4699.36 4700.031 4701.251 4703.411 4705.571 4707.73 4709.89 4714.112 4718.768 4723.423 4728.079
