data/zism_data/00325_04_D.txt
ncols         224
nrows         224
[rows 196 to 223 of 224, columns 0 to 62 of 224]
1351.757 1351.919 1352.082 1352.218 1352.323 1352.428 1352.533 1352.638 1352.649 1352.649 1352.649 1352.649 1352.649 1352.649 1352.649 1352.649 1352.649 1352.636 1352.62 1352.604 1352.589 1352.55 1352.441 1352.332 1352.223 1352.114 1352.157 1352.266 1352.375 1352.483 1352.583 1352.631 1352.678 1352.726 1352.773 1352.83 1352.894 1352.957 1353.02 1353.084 1353.168 1353.251 1353.334 1353.417 1353.601 1353.888 1354.175 1354.462 1354.749 1355.111 1355.477 1355.843 1356.209 1356.538 1356.81 1357.081 1357.352 1357.624 1357.975 1358.341 1358.707 1359.073 1359.439
1351.915 1352.083 1352.25 1352.395 1352.51 1352.626 1352.742 1352.857 1352.869 1352.869 1352.869 1352.869 1352.869 1352.869 1352.869 1352.869 1352.869 1352.852 1352.831 1352.81 1352.788 1352.755 1352.684 1352.612 1352.541 1352.47 1352.498 1352.569 1352.64 1352.712 1352.782 1352.845 1352.909 1352.973 1353.036 1353.113 1353.197 1353.282 1353.367 1353.451 1353.513 1353.574 1353.636 1353.698 1353.857 1354.117 1354.377 1354.637 1354.898 1355.258 1355.624 1355.99 1356.356 1356.673 1356.912 1357.151 1357.39 1357.629 1357.975 1358.341 1358.707 1359.073 1359.439
1352.064 1352.233 1352.401 1352.549 1352.671 1352.793 1352.915 1353.037 1353.057 1353.066 1353.075 1353.084 1353.089 1353.089 1353.089 1353.089 1353.089 1353.072 1353.05 1353.027 1353.005 1352.977 1352.933 1352.888 1352.844 1352.799 1352.82 1352.869 1352.918 1352.966 1353.018 1353.087 1353.156 1353.225 1353.294 1353.386 1353.495 1353.603 1353.712 1353.818 1353.862 1353.907 1353.951 1353.996 1354.14 1354.386 1354.632 1354.879 1355.125 1355.468 1355.816 1356.165 1356.514 1356.817 1357.05 1357.283 1357.516 1357.749 1358.088 1358.448 1358.808 1359.167 1359.525
1352.2 1352.363 1352.527 1352.672 1352.794 1352.916 1353.038 1353.16 1353.199 1353.23 1353.26 1353.29 1353.31 1353.31 1353.31 1353.31 1353.31 1353.297 1353.28 1353.263 1353.246 1353.225 1353.191 1353.157 1353.124 1353.09 1353.114 1353.163 1353.212 1353.26 1353.311 1353.369 1353.427 1353.485 1353.543 1353.647 1353.783 1353.918 1354.054 1354.185 1354.218 1354.252 1354.286 1354.319 1354.461 1354.712 1354.964 1355.216 1355.468 1355.77 1356.076 1356.381 1356.687 1356.977 1357.242 1357.507 1357.772 1358.038 1358.369 1358.712 1359.056 1359.399 1359.736
1352.336 1352.494 1352.652 1352.794 1352.916 1353.038 1353.16 1353.282 1353.341 1353.393 1353.445 1353.497 1353.53 1353.53 1353.53 1353.53 1353.53 1353.521 1353.51 1353.498 1353.487 1353.473 1353.45 1353.427 1353.404 1353.381 1353.408 1353.457 1353.505 1353.554 1353.603 1353.65 1353.698 1353.745 1353.792 1353.908 1354.07 1354.233 1354.395 1354.552 1354.575 1354.597 1354.62 1354.643 1354.782 1355.039 1355.296 1355.553 1355.81 1356.072 1356.335 1356.598 1356.86 1357.137 1357.434 1357.732 1358.029 1358.326 1358.649 1358.976 1359.304 1359.631 1359.947
1352.472 1352.625 1352.778 1352.916 1353.038 1353.161 1353.283 1353.405 1353.483 1353.556 1353.63 1353.703 1353.751 1353.751 1353.751 1353.751 1353.751 1353.746 1353.74 1353.734 1353.728 1353.72 1353.708 1353.696 1353.684 1353.671 1353.702 1353.751 1353.799 1353.848 1353.895 1353.932 1353.969 1354.005 1354.042 1354.169 1354.358 1354.548 1354.737 1354.919 1354.931 1354.943 1354.955 1354.967 1355.103 1355.365 1355.628 1355.89 1356.153 1356.375 1356.594 1356.814 1357.034 1357.296 1357.626 1357.956 1358.285 1358.615 1358.929 1359.241 1359.552 1359.863 1360.158
1352.609 1352.756 1352.903 1353.039 1353.161 1353.283 1353.405 1353.527 1353.625 1353.72 1353.815 1353.909 1353.971 1353.971 1353.971 1353.971 1353.971 1353.971 1353.97 1353.969 1353.969 1353.968 1353.966 1353.965 1353.964 1353.962 1353.996 1354.044 1354.093 1354.142 1354.188 1354.214 1354.239 1354.265 1354.291 1354.43 1354.646 1354.862 1355.079 1355.286 1355.287 1355.288 1355.29 1355.291 1355.424 1355.692 1355.96 1356.227 1356.495 1356.677 1356.854 1357.03 1357.207 1357.456 1357.818 1358.18 1358.542 1358.904 1359.21 1359.505 1359.8 1360.095 1360.369
1352.754 1352.901 1353.047 1353.185 1353.312 1353.438 1353.565 1353.692 1353.801 1353.908 1354.015 1354.122 1354.192 1354.192 1354.192 1354.192 1354.192 1354.192 1354.192 1354.192 1354.192 1354.192 1354.192 1354.192 1354.192 1354.192 1354.239 1354.306 1354.374 1354.441 1354.504 1354.538 1354.572 1354.605 1354.639 1354.758 1354.936 1355.114 1355.291 1355.463 1355.505 1355.547 1355.589 1355.631 1355.767 1355.998 1356.229 1356.46 1356.691 1356.901 1357.109 1357.318 1357.526 1357.785 1358.123 1358.461 1358.8 1359.138 1359.438 1359.731 1360.024 1360.317 1360.597
1352.901 1353.048 1353.194 1353.334 1353.466 1353.598 1353.731 1353.863 1353.982 1354.1 1354.218 1354.335 1354.412 1354.412 1354.412 1354.412 1354.412 1354.412 1354.412 1354.412 1354.412 1354.412 1354.412 1354.412 1354.412 1354.412 1354.474 1354.563 1354.652 1354.741 1354.824 1354.869 1354.913 1354.958 1355.002 1355.097 1355.226 1355.355 1355.484 1355.612 1355.703 1355.793 1355.884 1355.974 1356.113 1356.301 1356.489 1356.677 1356.865 1357.113 1357.364 1357.616 1357.867 1358.14 1358.446 1358.752 1359.057 1359.363 1359.658 1359.951 1360.244 1360.537 1360.827
1353.048 1353.195 1353.341 1353.484 1353.621 1353.759 1353.896 1354.034 1354.163 1354.292 1354.42 1354.549 1354.633 1354.633 1354.633 1354.633 1354.633 1354.633 1354.633 1354.633 1354.633 1354.633 1354.633 1354.633 1354.633 1354.633 1354.71 1354.82 1354.931 1355.041 1355.144 1355.199 1355.255 1355.31 1355.365 1355.436 1355.516 1355.597 1355.678 1355.761 1355.9 1356.039 1356.178 1356.317 1356.459 1356.604 1356.749 1356.894 1357.039 1357.325 1357.619 1357.914 1358.208 1358.495 1358.768 1359.042 1359.315 1359.589 1359.879 1360.172 1360.465 1360.758 1361.056
1353.195 1353.342 1353.488 1353.633 1353.776 1353.919 1354.062 1354.204 1354.344 1354.484 1354.623 1354.762 1354.853 1354.853 1354.853 1354.853 1354.853 1354.853 1354.853 1354.853 1354.853 1354.853 1354.853 1354.853 1354.853 1354.853 1354.945 1355.077 1355.209 1355.341 1355.464 1355.53 1355.596 1355.662 1355.728 1355.774 1355.807 1355.839 1355.871 1355.91 1356.098 1356.285 1356.473 1356.66 1356.805 1356.907 1357.009 1357.111 1357.213 1357.537 1357.875 1358.212 1358.55 1358.849 1359.091 1359.332 1359.573 1359.815 1360.099 1360.392 1360.685 1360.978 1361.286
1353.346 1353.494 1353.642 1353.789 1353.934 1354.078 1354.223 1354.368 1354.514 1354.66 1354.807 1354.953 1355.049 1355.049 1355.049 1355.049 1355.049 1355.05 1355.052 1355.054 1355.056 1355.061 1355.075 1355.089 1355.104 1355.118 1355.217 1355.353 1355.488 1355.624 1355.751 1355.828 1355.905 1355.982 1356.059 1356.094 1356.101 1356.108 1356.116 1356.132 1356.348 1356.564 1356.78 1356.996 1357.144 1357.221 1357.298 1357.375 1357.451 1357.791 1358.146 1358.502 1358.857 1359.162 1359.387 1359.612 1359.837 1360.062 1360.349 1360.647 1360.945 1361.244 1361.559
1353.503 1353.657 1353.811 1353.958 1354.097 1354.236 1354.376 1354.515 1354.661 1354.807 1354.954 1355.1 1355.196 1355.196 1355.196 1355.196 1355.196 1355.202 1355.209 1355.216 1355.223 1355.243 1355.3 1355.358 1355.415 1355.472 1355.562 1355.665 1355.769 1355.872 1355.973 1356.061 1356.149 1356.236 1356.324 1356.376 1356.405 1356.434 1356.462 1356.499 1356.704 1356.91 1357.115 1357.32 1357.468 1357.555 1357.643 1357.73 1357.818 1358.128 1358.451 1358.774 1359.097 1359.388 1359.63 1359.871 1360.112 1360.353 1360.656 1360.971 1361.285 1361.6 1361.917
1353.661 1353.82 1353.979 1354.127 1354.261 1354.395 1354.529 1354.663 1354.808 1354.954 1355.101 1355.247 1355.343 1355.343 1355.343 1355.343 1355.343 1355.353 1355.365 1355.378 1355.391 1355.425 1355.525 1355.626 1355.726 1355.827 1355.907 1355.978 1356.049 1356.12 1356.195 1356.294 1356.392 1356.49 1356.589 1356.658 1356.709 1356.759 1356.809 1356.866 1357.06 1357.255 1357.45 1357.644 1357.792 1357.89 1357.988 1358.087 1358.185 1358.465 1358.755 1359.046 1359.337 1359.615 1359.873 1360.13 1360.387 1360.645 1360.964 1361.294 1361.625 1361.956 1362.275
1353.819 1353.983 1354.148 1354.296 1354.425 1354.553 1354.682 1354.81 1354.955 1355.101 1355.248 1355.394 1355.49 1355.49 1355.49 1355.49 1355.49 1355.504 1355.522 1355.54 1355.558 1355.607 1355.75 1355.894 1356.037 1356.181 1356.252 1356.291 1356.329 1356.368 1356.417 1356.526 1356.635 1356.745 1356.854 1356.941 1357.012 1357.084 1357.156 1357.233 1357.417 1357.6 1357.784 1357.968 1358.115 1358.224 1358.333 1358.443 1358.552 1358.802 1359.06 1359.319 1359.577 1359.842 1360.115 1360.389 1360.663 1360.936 1361.271 1361.618 1361.965 1362.312 1362.633
1353.976 1354.146 1354.316 1354.465 1354.588 1354.711 1354.834 1354.958 1355.102 1355.248 1355.395 1355.541 1355.637 1355.637 1355.637 1355.637 1355.637 1355.655 1355.679 1355.702 1355.725 1355.789 1355.975 1356.162 1356.349 1356.535 1356.597 1356.603 1356.61 1356.616 1356.639 1356.759 1356.879 1356.999 1357.119 1357.223 1357.316 1357.41 1357.503 1357.6 1357.773 1357.946 1358.119 1358.292 1358.439 1358.559 1358.679 1358.799 1358.918 1359.139 1359.365 1359.591 1359.818 1360.069 1360.358 1360.648 1360.938 1361.228 1361.579 1361.942 1362.305 1362.668 1362.991
1354.084 1354.264 1354.443 1354.597 1354.719 1354.841 1354.963 1355.085 1355.222 1355.359 1355.497 1355.635 1355.73 1355.743 1355.755 1355.768 1355.781 1355.824 1355.874 1355.924 1355.974 1356.054 1356.223 1356.393 1356.563 1356.732 1356.796 1356.813 1356.83 1356.847 1356.878 1356.992 1357.105 1357.219 1357.332 1357.447 1357.561 1357.676 1357.791 1357.908 1358.061 1358.215 1358.369 1358.523 1358.669 1358.808 1358.948 1359.087 1359.226 1359.441 1359.661 1359.881 1360.101 1360.354 1360.66 1360.966 1361.272 1361.578 1361.916 1362.261 1362.606 1362.95 1363.261
1354.179 1354.37 1354.56 1354.719 1354.841 1354.964 1355.086 1355.208 1355.334 1355.461 1355.589 1355.716 1355.809 1355.838 1355.867 1355.896 1355.925 1355.996 1356.079 1356.161 1356.244 1356.34 1356.477 1356.614 1356.752 1356.889 1356.958 1356.996 1357.035 1357.074 1357.122 1357.224 1357.327 1357.43 1357.533 1357.655 1357.792 1357.928 1358.064 1358.201 1358.333 1358.465 1358.597 1358.729 1358.876 1359.037 1359.197 1359.358 1359.519 1359.735 1359.955 1360.175 1360.395 1360.654 1360.976 1361.298 1361.62 1361.942 1362.261 1362.579 1362.897 1363.214 1363.51
1354.274 1354.475 1354.676 1354.842 1354.964 1355.086 1355.208 1355.33 1355.447 1355.563 1355.68 1355.796 1355.888 1355.933 1355.978 1356.023 1356.069 1356.169 1356.284 1356.399 1356.513 1356.626 1356.731 1356.836 1356.941 1357.046 1357.12 1357.18 1357.24 1357.3 1357.365 1357.457 1357.549 1357.641 1357.733 1357.864 1358.022 1358.18 1358.338 1358.494 1358.604 1358.715 1358.826 1358.936 1359.082 1359.265 1359.447 1359.629 1359.812 1360.029 1360.249 1360.469 1360.688 1360.954 1361.293 1361.631 1361.969 1362.307 1362.606 1362.897 1363.188 1363.479 1363.758
1354.369 1354.581 1354.793 1354.964 1355.086 1355.208 1355.331 1355.453 1355.56 1355.666 1355.771 1355.877 1355.967 1356.028 1356.09 1356.151 1356.212 1356.342 1356.489 1356.636 1356.783 1356.912 1356.984 1357.057 1357.13 1357.203 1357.282 1357.363 1357.445 1357.527 1357.609 1357.69 1357.771 1357.852 1357.933 1358.073 1358.252 1358.432 1358.611 1358.787 1358.876 1358.965 1359.054 1359.143 1359.289 1359.493 1359.697 1359.901 1360.104 1360.323 1360.543 1360.763 1360.982 1361.255 1361.609 1361.963 1362.318 1362.672 1362.95 1363.214 1363.479 1363.743 1364.006
1354.439 1354.659 1354.879 1355.054 1355.173 1355.292 1355.411 1355.531 1355.633 1355.734 1355.834 1355.934 1356.028 1356.11 1356.192 1356.273 1356.355 1356.51 1356.684 1356.858 1357.031 1357.174 1357.22 1357.266 1357.312 1357.358 1357.445 1357.549 1357.654 1357.759 1357.859 1357.932 1358.005 1358.078 1358.152 1358.296 1358.488 1358.681 1358.873 1359.061 1359.138 1359.216 1359.293 1359.371 1359.516 1359.732 1359.947 1360.163 1360.378 1360.594 1360.809 1361.025 1361.24 1361.515 1361.881 1362.247 1362.614 1362.98 1363.25 1363.501 1363.752 1364.003 1364.257
1354.439 1354.659 1354.879 1355.049 1355.157 1355.266 1355.374 1355.483 1355.594 1355.705 1355.816 1355.927 1356.04 1356.154 1356.268 1356.382 1356.495 1356.666 1356.85 1357.035 1357.219 1357.367 1357.402 1357.437 1357.473 1357.508 1357.61 1357.742 1357.873 1358.005 1358.128 1358.201 1358.275 1358.348 1358.421 1358.559 1358.741 1358.922 1359.104 1359.282 1359.376 1359.469 1359.563 1359.656 1359.802 1360.002 1360.201 1360.4 1360.6 1360.799 1360.999 1361.198 1361.397 1361.662 1362.028 1362.394 1362.761 1363.127 1363.419 1363.697 1363.975 1364.253 1364.519
1354.439 1354.659 1354.879 1355.044 1355.142 1355.239 1355.337 1355.435 1355.554 1355.676 1355.798 1355.92 1356.051 1356.197 1356.343 1356.49 1356.636 1356.821 1357.016 1357.212 1357.407 1357.56 1357.585 1357.609 1357.634 1357.658 1357.776 1357.934 1358.093 1358.251 1358.398 1358.471 1358.544 1358.617 1358.691 1358.822 1358.993 1359.164 1359.335 1359.503 1359.613 1359.723 1359.833 1359.942 1360.088 1360.271 1360.455 1360.638 1360.821 1361.004 1361.188 1361.371 1361.554 1361.809 1362.175 1362.541 1362.908 1363.274 1363.589 1363.894 1364.199 1364.504 1364.78
1354.439 1354.659 1354.879 1355.039 1355.126 1355.213 1355.3 1355.387 1355.515 1355.648 1355.781 1355.913 1356.062 1356.241 1356.419 1356.598 1356.776 1356.977 1357.183 1357.389 1357.595 1357.753 1357.767 1357.781 1357.795 1357.808 1357.942 1358.127 1358.312 1358.498 1358.667 1358.74 1358.813 1358.887 1358.96 1359.085 1359.245 1359.405 1359.566 1359.724 1359.85 1359.976 1360.102 1360.228 1360.374 1360.541 1360.708 1360.875 1361.042 1361.21 1361.377 1361.544 1361.711 1361.956 1362.322 1362.688 1363.055 1363.421 1363.758 1364.09 1364.422 1364.754 1365.042
1354.439 1354.659 1354.879 1355.034 1355.11 1355.187 1355.263 1355.339 1355.476 1355.619 1355.763 1355.906 1356.073 1356.284 1356.495 1356.706 1356.917 1357.132 1357.349 1357.566 1357.783 1357.947 1357.95 1357.953 1357.956 1357.959 1358.107 1358.32 1358.532 1358.744 1358.936 1359.01 1359.083 1359.156 1359.229 1359.348 1359.497 1359.647 1359.796 1359.945 1360.088 1360.23 1360.372 1360.514 1360.66 1360.811 1360.962 1361.113 1361.264 1361.415 1361.566 1361.717 1361.868 1362.103 1362.469 1362.835 1363.202 1363.568 1363.928 1364.287 1364.646 1365.004 1365.304
1354.393 1354.589 1354.785 1354.932 1355.017 1355.102 1355.187 1355.271 1355.401 1355.536 1355.671 1355.806 1355.974 1356.205 1356.437 1356.668 1356.9 1357.113 1357.321 1357.529 1357.737 1357.902 1357.937 1357.972 1358.007 1358.043 1358.209 1358.432 1358.656 1358.88 1359.084 1359.173 1359.262 1359.35 1359.439 1359.565 1359.715 1359.865 1360.016 1360.166 1360.313 1360.459 1360.606 1360.752 1360.906 1361.068 1361.23 1361.393 1361.555 1361.709 1361.864 1362.018 1362.172 1362.4 1362.743 1363.086 1363.429 1363.772 1364.125 1364.479 1364.833 1365.188 1365.486
1354.328 1354.492 1354.656 1354.792 1354.893 1354.994 1355.095 1355.196 1355.313 1355.432 1355.551 1355.669 1355.833 1356.08 1356.328 1356.575 1356.823 1357.026 1357.218 1357.41 1357.602 1357.767 1357.851 1357.934 1358.018 1358.101 1358.286 1358.515 1358.744 1358.973 1359.185 1359.295 1359.406 1359.516 1359.626 1359.764 1359.92 1360.075 1360.231 1360.387 1360.533 1360.68 1360.826 1360.973 1361.137 1361.321 1361.505 1361.688 1361.872 1362.038 1362.203 1362.368 1362.533 1362.755 1363.066 1363.376 1363.687 1363.997 1364.331 1364.67 1365.008 1365.346 1365.637
1354.264 1354.395 1354.527 1354.652 1354.77 1354.887 1355.004 1355.121 1355.225 1355.328 1355.43 1355.533 1355.691 1355.955 1356.219 1356.483 1356.746 1356.94 1357.116 1357.291 1357.467 1357.632 1357.764 1357.896 1358.028 1358.16 1358.363 1358.598 1358.832 1359.067 1359.286 1359.418 1359.55 1359.682 1359.814 1359.963 1360.124 1360.285 1360.446 1360.607 1360.754 1360.9 1361.047 1361.193 1361.368 1361.573 1361.779 1361.984 1362.189 1362.366 1362.542 1362.718 1362.894 1363.11 1363.388 1363.667 1363.945 1364.223 1364.538 1364.86 1365.183 1365.505 1365.789
