data/zism_data/00325_01_D.txt
ncols         224
nrows         224
[rows 168 to 195 of 224, columns 126 to 188 of 224]
1315.266 1316.463 1317.659 1318.855 1320.052 1320.866 1321.385 1321.905 1322.425 1322.94 1323.163 1323.386 1323.61 1323.833 1324.059 1324.289 1324.52 1324.75 1324.98 1325.669 1326.401 1327.134 1327.866 1328.578 1329.253 1329.928 1330.603 1331.277 1331.859 1332.419 1332.979 1333.538 1334.083 1334.583 1335.084 1335.584 1336.085 1336.702 1337.366 1338.031 1338.695 1339.341 1339.892 1340.444 1340.995 1341.546 1342.095 1342.642 1343.19 1343.738 1344.28 1344.742 1345.205 1345.667 1346.129 1346.535 1346.885 1347.236 1347.586 1347.937 1348.189 1348.437 1348.684
1314.825 1316.022 1317.218 1318.414 1319.611 1320.443 1320.995 1321.547 1322.099 1322.647 1322.924 1323.201 1323.478 1323.755 1324.015 1324.256 1324.497 1324.738 1324.979 1325.669 1326.401 1327.134 1327.866 1328.584 1329.275 1329.966 1330.657 1331.348 1331.972 1332.58 1333.188 1333.796 1334.386 1334.925 1335.463 1336.001 1336.539 1337.171 1337.841 1338.51 1339.18 1339.829 1340.37 1340.91 1341.451 1341.991 1342.542 1343.101 1343.659 1344.217 1344.769 1345.204 1345.639 1346.074 1346.51 1346.894 1347.228 1347.563 1347.897 1348.231 1348.462 1348.688 1348.915
1314.384 1315.581 1316.777 1317.974 1319.17 1320.02 1320.605 1321.189 1321.773 1322.354 1322.685 1323.015 1323.346 1323.677 1323.971 1324.223 1324.475 1324.726 1324.978 1325.669 1326.401 1327.134 1327.866 1328.59 1329.297 1330.004 1330.711 1331.418 1332.085 1332.741 1333.398 1334.055 1334.69 1335.266 1335.842 1336.418 1336.994 1337.64 1338.315 1338.99 1339.666 1340.318 1340.847 1341.377 1341.906 1342.436 1342.99 1343.559 1344.128 1344.697 1345.257 1345.665 1346.074 1346.482 1346.89 1347.253 1347.571 1347.89 1348.208 1348.526 1348.736 1348.94 1349.145
1313.943 1315.14 1316.336 1317.533 1318.729 1319.598 1320.214 1320.831 1321.447 1322.061 1322.445 1322.83 1323.215 1323.599 1323.927 1324.19 1324.452 1324.715 1324.977 1325.669 1326.401 1327.134 1327.866 1328.595 1329.319 1330.042 1330.766 1331.489 1332.197 1332.902 1333.608 1334.313 1334.994 1335.607 1336.221 1336.834 1337.448 1338.109 1338.79 1339.47 1340.151 1340.806 1341.325 1341.844 1342.362 1342.881 1343.437 1344.017 1344.597 1345.177 1345.745 1346.127 1346.508 1346.89 1347.271 1347.612 1347.914 1348.216 1348.519 1348.821 1349.009 1349.192 1349.375
1313.508 1314.66 1315.812 1316.964 1318.116 1318.993 1319.658 1320.323 1320.988 1321.65 1322.089 1322.527 1322.966 1323.404 1323.778 1324.077 1324.376 1324.675 1324.974 1325.669 1326.401 1327.134 1327.866 1328.599 1329.331 1330.064 1330.796 1331.529 1332.261 1332.994 1333.726 1334.459 1335.172 1335.83 1336.488 1337.146 1337.805 1338.484 1339.173 1339.861 1340.549 1341.211 1341.73 1342.25 1342.77 1343.29 1343.846 1344.424 1345.003 1345.582 1346.149 1346.515 1346.881 1347.248 1347.614 1347.939 1348.225 1348.511 1348.797 1349.083 1349.244 1349.398 1349.553
1313.08 1314.13 1315.179 1316.229 1317.278 1318.15 1318.886 1319.621 1320.356 1321.088 1321.58 1322.072 1322.565 1323.057 1323.492 1323.861 1324.23 1324.599 1324.968 1325.669 1326.401 1327.134 1327.866 1328.599 1329.331 1330.064 1330.796 1331.529 1332.261 1332.994 1333.726 1334.459 1335.186 1335.898 1336.61 1337.322 1338.034 1338.737 1339.436 1340.135 1340.834 1341.507 1342.043 1342.579 1343.115 1343.651 1344.203 1344.766 1345.329 1345.892 1346.443 1346.809 1347.175 1347.542 1347.908 1348.225 1348.495 1348.765 1349.035 1349.305 1349.428 1349.545 1349.662
1312.651 1313.599 1314.546 1315.494 1316.441 1317.308 1318.113 1318.919 1319.724 1320.525 1321.071 1321.617 1322.163 1322.71 1323.206 1323.645 1324.084 1324.523 1324.962 1325.669 1326.401 1327.134 1327.866 1328.599 1329.331 1330.064 1330.796 1331.529 1332.261 1332.994 1333.726 1334.459 1335.2 1335.966 1336.732 1337.497 1338.263 1338.989 1339.699 1340.409 1341.119 1341.804 1342.356 1342.908 1343.46 1344.012 1344.561 1345.107 1345.654 1346.201 1346.737 1347.103 1347.469 1347.836 1348.202 1348.511 1348.765 1349.018 1349.272 1349.526 1349.612 1349.692 1349.771
1312.223 1313.068 1313.914 1314.759 1315.604 1316.466 1317.341 1318.216 1319.091 1319.963 1320.563 1321.162 1321.762 1322.362 1322.92 1323.429 1323.938 1324.447 1324.956 1325.669 1326.401 1327.134 1327.866 1328.599 1329.331 1330.064 1330.796 1331.529 1332.261 1332.994 1333.726 1334.459 1335.214 1336.034 1336.853 1337.673 1338.493 1339.242 1339.963 1340.683 1341.404 1342.1 1342.668 1343.237 1343.805 1344.373 1344.918 1345.449 1345.979 1346.51 1347.031 1347.397 1347.763 1348.13 1348.496 1348.797 1349.034 1349.272 1349.509 1349.747 1349.797 1349.838 1349.88
1311.795 1312.538 1313.281 1314.024 1314.766 1315.624 1316.569 1317.514 1318.459 1319.4 1320.054 1320.708 1321.361 1322.015 1322.634 1323.213 1323.792 1324.371 1324.95 1325.669 1326.401 1327.134 1327.866 1328.599 1329.331 1330.064 1330.796 1331.529 1332.261 1332.994 1333.726 1334.459 1335.228 1336.101 1336.975 1337.848 1338.722 1339.495 1340.226 1340.957 1341.689 1342.397 1342.981 1343.565 1344.15 1344.734 1345.276 1345.79 1346.305 1346.819 1347.325 1347.691 1348.057 1348.423 1348.79 1349.083 1349.304 1349.525 1349.747 1349.968 1349.981 1349.985 1349.989
1311.601 1312.368 1313.134 1313.901 1314.667 1315.514 1316.422 1317.331 1318.24 1319.145 1319.819 1320.493 1321.166 1321.84 1322.486 1323.101 1323.716 1324.332 1324.947 1325.669 1326.401 1327.134 1327.866 1328.599 1329.331 1330.064 1330.796 1331.529 1332.261 1332.994 1333.726 1334.459 1335.229 1336.108 1336.987 1337.866 1338.745 1339.52 1340.253 1340.985 1341.718 1342.427 1343.013 1343.599 1344.185 1344.771 1345.333 1345.879 1346.426 1346.973 1347.508 1347.854 1348.201 1348.548 1348.895 1349.17 1349.375 1349.581 1349.786 1349.991 1350.0 1350.0 1350.0
1311.434 1312.238 1313.042 1313.846 1314.65 1315.486 1316.347 1317.207 1318.067 1318.925 1319.615 1320.305 1320.995 1321.684 1322.354 1323.002 1323.649 1324.296 1324.944 1325.669 1326.401 1327.134 1327.866 1328.599 1329.331 1330.064 1330.796 1331.529 1332.261 1332.994 1333.726 1334.459 1335.229 1336.108 1336.987 1337.866 1338.745 1339.52 1340.253 1340.985 1341.718 1342.427 1343.013 1343.599 1344.185 1344.771 1345.356 1345.94 1346.524 1347.109 1347.678 1348.003 1348.328 1348.654 1348.979 1349.235 1349.424 1349.614 1349.803 1349.992 1350.0 1350.0 1350.0
1311.267 1312.109 1312.951 1313.792 1314.634 1315.459 1316.271 1317.083 1317.894 1318.705 1319.411 1320.117 1320.823 1321.529 1322.222 1322.902 1323.582 1324.261 1324.941 1325.669 1326.401 1327.134 1327.866 1328.599 1329.331 1330.064 1330.796 1331.529 1332.261 1332.994 1333.726 1334.459 1335.229 1336.108 1336.987 1337.866 1338.745 1339.52 1340.253 1340.985 1341.718 1342.427 1343.013 1343.599 1344.185 1344.771 1345.379 1346.001 1346.623 1347.245 1347.848 1348.152 1348.456 1348.759 1349.063 1349.301 1349.474 1349.647 1349.82 1349.992 1350.0 1350.0 1350.0
1311.1 1311.979 1312.859 1313.738 1314.618 1315.432 1316.195 1316.958 1317.722 1318.484 1319.207 1319.929 1320.651 1321.373 1322.09 1322.802 1323.514 1324.226 1324.938 1325.669 1326.401 1327.134 1327.866 1328.599 1329.331 1330.064 1330.796 1331.529 1332.261 1332.994 1333.726 1334.459 1335.229 1336.108 1336.987 1337.866 1338.745 1339.52 1340.253 1340.985 1341.718 1342.427 1343.013 1343.599 1344.185 1344.771 1345.401 1346.061 1346.721 1347.38 1348.018 1348.301 1348.583 1348.865 1349.147 1349.366 1349.523 1349.68 1349.836 1349.993 1350.0 1350.0 1350.0
1311.08 1311.964 1312.848 1313.732 1314.616 1315.414 1316.146 1316.879 1317.611 1318.344 1319.076 1319.809 1320.541 1321.274 1322.006 1322.739 1323.471 1324.204 1324.936 1325.669 1326.401 1327.134 1327.866 1328.599 1329.331 1330.064 1330.796 1331.529 1332.261 1332.994 1333.726 1334.459 1335.228 1336.103 1336.978 1337.854 1338.729 1339.502 1340.235 1340.967 1341.7 1342.409 1342.993 1343.577 1344.161 1344.745 1345.385 1346.061 1346.737 1347.412 1348.065 1348.341 1348.618 1348.894 1349.17 1349.384 1349.536 1349.689 1349.841 1349.993 1350.0 1350.0 1350.0
1311.319 1312.149 1312.979 1313.809 1314.639 1315.414 1316.146 1316.879 1317.611 1318.344 1319.076 1319.809 1320.541 1321.274 1322.006 1322.739 1323.471 1324.204 1324.936 1325.669 1326.401 1327.134 1327.866 1328.599 1329.331 1330.064 1330.796 1331.529 1332.261 1332.994 1333.726 1334.459 1335.225 1336.09 1336.954 1337.818 1338.683 1339.453 1340.186 1340.918 1341.651 1342.359 1342.938 1343.516 1344.095 1344.673 1345.298 1345.953 1346.607 1347.261 1347.895 1348.193 1348.491 1348.788 1349.086 1349.319 1349.487 1349.656 1349.824 1349.993 1350.0 1350.0 1350.0
1311.557 1312.334 1313.11 1313.886 1314.662 1315.414 1316.146 1316.879 1317.611 1318.344 1319.076 1319.809 1320.541 1321.274 1322.006 1322.739 1323.471 1324.204 1324.936 1325.669 1326.401 1327.134 1327.866 1328.599 1329.331 1330.064 1330.796 1331.529 1332.261 1332.994 1333.726 1334.459 1335.223 1336.076 1336.93 1337.783 1338.637 1339.404 1340.137 1340.869 1341.602 1342.309 1342.882 1343.455 1344.029 1344.602 1345.212 1345.844 1346.477 1347.11 1347.725 1348.044 1348.364 1348.683 1349.002 1349.253 1349.438 1349.623 1349.807 1349.992 1350.0 1350.0 1350.0
1311.796 1312.519 1313.241 1313.964 1314.686 1315.414 1316.146 1316.879 1317.611 1318.344 1319.076 1319.809 1320.541 1321.274 1322.006 1322.739 1323.471 1324.204 1324.936 1325.669 1326.401 1327.134 1327.866 1328.599 1329.331 1330.064 1330.796 1331.529 1332.261 1332.994 1333.726 1334.459 1335.22 1336.063 1336.905 1337.748 1338.591 1339.355 1340.088 1340.82 1341.553 1342.259 1342.827 1343.395 1343.963 1344.531 1345.125 1345.736 1346.348 1346.959 1347.554 1347.895 1348.236 1348.577 1348.918 1349.188 1349.389 1349.59 1349.791 1349.991 1350.0 1350.0 1350.0
1312.035 1312.703 1313.372 1314.041 1314.709 1315.414 1316.146 1316.879 1317.611 1318.344 1319.076 1319.809 1320.541 1321.274 1322.006 1322.739 1323.471 1324.204 1324.936 1325.669 1326.401 1327.134 1327.866 1328.599 1329.331 1330.064 1330.796 1331.529 1332.261 1332.994 1333.726 1334.459 1335.217 1336.049 1336.881 1337.713 1338.545 1339.307 1340.039 1340.771 1341.504 1342.209 1342.772 1343.334 1343.897 1344.459 1345.038 1345.628 1346.218 1346.808 1347.384 1347.747 1348.109 1348.472 1348.834 1349.123 1349.34 1349.557 1349.774 1349.991 1350.0 1350.0 1350.0
1312.381 1313.054 1313.727 1314.399 1315.072 1315.756 1316.448 1317.141 1317.833 1318.526 1319.218 1319.91 1320.603 1321.295 1322.006 1322.739 1323.471 1324.204 1324.936 1325.669 1326.401 1327.134 1327.866 1328.599 1329.331 1330.064 1330.796 1331.529 1332.261 1332.994 1333.726 1334.459 1335.212 1336.024 1336.837 1337.649 1338.461 1339.189 1339.881 1340.573 1341.266 1341.936 1342.489 1343.042 1343.594 1344.147 1344.72 1345.306 1345.892 1346.478 1347.051 1347.417 1347.784 1348.15 1348.516 1348.822 1349.068 1349.314 1349.561 1349.807 1349.856 1349.896 1349.936
1312.751 1313.439 1314.128 1314.817 1315.506 1316.169 1316.813 1317.457 1318.101 1318.745 1319.389 1320.033 1320.677 1321.321 1322.006 1322.739 1323.471 1324.204 1324.936 1325.669 1326.401 1327.134 1327.866 1328.599 1329.331 1330.064 1330.796 1331.529 1332.261 1332.994 1333.726 1334.459 1335.206 1335.997 1336.788 1337.579 1338.37 1339.056 1339.7 1340.344 1340.988 1341.616 1342.158 1342.7 1343.242 1343.784 1344.352 1344.938 1345.524 1346.11 1346.684 1347.05 1347.416 1347.782 1348.149 1348.47 1348.749 1349.028 1349.307 1349.585 1349.682 1349.771 1349.859
1313.12 1313.825 1314.53 1315.235 1315.94 1316.583 1317.178 1317.774 1318.369 1318.965 1319.561 1320.156 1320.752 1321.347 1322.006 1322.739 1323.471 1324.204 1324.936 1325.669 1326.401 1327.134 1327.866 1328.599 1329.331 1330.064 1330.796 1331.529 1332.261 1332.994 1333.726 1334.459 1335.201 1335.97 1336.739 1337.509 1338.278 1338.924 1339.519 1340.115 1340.711 1341.296 1341.827 1342.358 1342.889 1343.421 1343.985 1344.571 1345.157 1345.743 1346.316 1346.682 1347.049 1347.415 1347.781 1348.119 1348.43 1348.741 1349.052 1349.364 1349.508 1349.645 1349.782
1313.489 1314.21 1314.931 1315.652 1316.373 1316.996 1317.543 1318.09 1318.638 1319.185 1319.732 1320.279 1320.826 1321.373 1322.006 1322.739 1323.471 1324.204 1324.936 1325.669 1326.401 1327.134 1327.866 1328.599 1329.331 1330.064 1330.796 1331.529 1332.261 1332.994 1333.726 1334.459 1335.195 1335.943 1336.691 1337.438 1338.186 1338.792 1339.339 1339.886 1340.433 1340.976 1341.496 1342.016 1342.537 1343.057 1343.618 1344.204 1344.79 1345.376 1345.949 1346.315 1346.681 1347.047 1347.414 1347.768 1348.112 1348.455 1348.798 1349.142 1349.334 1349.519 1349.704
1313.871 1314.591 1315.311 1316.031 1316.751 1317.355 1317.871 1318.387 1318.903 1319.419 1319.933 1320.448 1320.962 1321.476 1322.087 1322.81 1323.533 1324.257 1324.98 1325.706 1326.432 1327.158 1327.884 1328.612 1329.341 1330.071 1330.8 1331.529 1332.254 1332.977 1333.7 1334.423 1335.146 1335.869 1336.592 1337.315 1338.039 1338.613 1339.128 1339.642 1340.156 1340.669 1341.176 1341.682 1342.189 1342.695 1343.244 1343.819 1344.394 1344.969 1345.532 1345.91 1346.287 1346.664 1347.041 1347.413 1347.779 1348.145 1348.511 1348.878 1349.113 1349.342 1349.571
1314.282 1314.959 1315.636 1316.313 1316.99 1317.582 1318.109 1318.635 1319.162 1319.688 1320.208 1320.728 1321.247 1321.767 1322.366 1323.057 1323.748 1324.439 1325.13 1325.833 1326.538 1327.242 1327.947 1328.657 1329.375 1330.094 1330.813 1331.531 1332.227 1332.918 1333.609 1334.3 1334.991 1335.682 1336.372 1337.063 1337.754 1338.323 1338.843 1339.363 1339.882 1340.396 1340.881 1341.366 1341.851 1342.336 1342.853 1343.391 1343.928 1344.465 1344.996 1345.411 1345.825 1346.24 1346.655 1347.045 1347.411 1347.778 1348.144 1348.51 1348.776 1349.037 1349.299
1314.694 1315.328 1315.961 1316.595 1317.229 1317.808 1318.346 1318.883 1319.421 1319.958 1320.483 1321.008 1321.533 1322.058 1322.645 1323.304 1323.962 1324.621 1325.279 1325.96 1326.643 1327.327 1328.01 1328.702 1329.41 1330.118 1330.825 1331.533 1332.201 1332.86 1333.518 1334.177 1334.835 1335.494 1336.152 1336.811 1337.469 1338.033 1338.558 1339.083 1339.608 1340.124 1340.587 1341.05 1341.514 1341.977 1342.463 1342.963 1343.462 1343.962 1344.459 1344.911 1345.364 1345.817 1346.269 1346.678 1347.044 1347.41 1347.776 1348.143 1348.44 1348.733 1349.027
1315.105 1315.696 1316.287 1316.878 1317.468 1318.035 1318.583 1319.131 1319.68 1320.227 1320.758 1321.288 1321.819 1322.349 1322.924 1323.55 1324.177 1324.803 1325.429 1326.088 1326.749 1327.411 1328.073 1328.747 1329.444 1330.141 1330.838 1331.535 1332.175 1332.801 1333.427 1334.054 1334.68 1335.306 1335.932 1336.559 1337.185 1337.743 1338.273 1338.804 1339.334 1339.851 1340.293 1340.734 1341.177 1341.618 1342.073 1342.535 1342.997 1343.459 1343.922 1344.412 1344.903 1345.393 1345.883 1346.31 1346.677 1347.043 1347.409 1347.775 1348.103 1348.429 1348.755
1315.516 1316.064 1316.612 1317.16 1317.708 1318.262 1318.821 1319.379 1319.938 1320.497 1321.033 1321.569 1322.104 1322.64 1323.203 1323.797 1324.391 1324.985 1325.579 1326.215 1326.855 1327.495 1328.135 1328.792 1329.478 1330.165 1330.851 1331.537 1332.149 1332.743 1333.337 1333.931 1334.525 1335.118 1335.712 1336.306 1336.9 1337.453 1337.989 1338.525 1339.06 1339.578 1339.998 1340.419 1340.839 1341.259 1341.682 1342.107 1342.531 1342.955 1343.386 1343.913 1344.441 1344.969 1345.497 1345.943 1346.309 1346.675 1347.042 1347.408 1347.767 1348.125 1348.483
1315.636 1316.169 1316.702 1317.235 1317.768 1318.32 1318.885 1319.451 1320.017 1320.582 1321.14 1321.697 1322.254 1322.812 1323.377 1323.951 1324.525 1325.098 1325.672 1326.294 1326.921 1327.548 1328.174 1328.816 1329.483 1330.151 1330.818 1331.485 1332.077 1332.651 1333.225 1333.798 1334.372 1334.946 1335.52 1336.094 1336.667 1337.204 1337.725 1338.246 1338.767 1339.269 1339.676 1340.083 1340.49 1340.897 1341.321 1341.757 1342.192 1342.628 1343.068 1343.589 1344.11 1344.631 1345.151 1345.598 1345.972 1346.347 1346.721 1347.096 1347.485 1347.876 1348.267
