data/zism_data/00321_01_D.txt
ncols         224
nrows         224
[rows 145 to 173 of 224, columns 130 to 194 of 224]
701.7907 701.7515 701.4997 701.2479 700.996 700.7455 700.5812 700.4168 700.2525 700.0881 701.541 704.8637 708.1864 711.5092 714.8319 720.5083 726.4089 732.3094 738.2099 743.312 747.0088 750.7056 754.4024 758.0992 757.1917 755.2155 753.2393 751.2631 748.7354 744.6451 740.5549 736.4647 732.3745 728.121 723.8009 719.4808 715.1607 711.2372 709.4054 707.5736 705.7418 703.91 702.7661 702.0644 701.3627 700.661 700.0 700.0 700.0 700.0 700.0 700.0 700.0 700.0 700.0 700.0 700.0 700.0 700.0 700.0 700.0 700.0 700.0 700.0 700.0
702.9957 702.8605 702.4472 702.0339 701.6206 701.2094 700.9428 700.6762 700.4095 700.1429 701.4037 704.4304 707.4571 710.4838 713.5105 718.8417 724.3923 729.9431 735.4936 740.3375 743.9374 747.5373 751.1372 754.7371 754.0867 752.4495 750.8124 749.1752 746.9908 743.2559 739.521 735.7861 732.0511 728.1414 724.1604 720.1793 716.1984 712.5359 710.5534 708.5709 706.5884 704.6058 703.3177 702.4761 701.6345 700.7928 700.0 700.0 700.0 700.0 700.0 700.0 700.0 700.0 700.0 700.0 700.0 700.0 700.0 700.0 700.0 700.0 700.0 700.0 700.0
704.2006 703.9694 703.3947 702.8199 702.2451 701.6733 701.3044 700.9355 700.5667 700.1978 701.2664 703.9971 706.7277 709.4584 712.1891 717.1751 722.3759 727.5767 732.7774 737.3631 740.8661 744.3691 747.8722 751.3752 750.9817 749.6836 748.3856 747.0875 745.2465 741.8668 738.4871 735.1074 731.7278 728.1619 724.5199 720.8779 717.236 713.8345 711.7014 709.5681 707.4349 705.3017 703.8694 702.8879 701.9063 700.9247 700.0 700.0 700.0 700.0 700.0 700.0 700.0 700.0 700.0 700.0 700.0 700.0 700.0 700.0 700.0 700.0 700.0 700.0 700.0
705.4055 705.0784 704.3422 703.6059 702.8696 702.1372 701.666 701.1949 700.7238 700.2526 701.1291 703.5637 705.9984 708.433 710.8677 715.5085 720.3594 725.2103 730.0612 734.3886 737.7947 741.2009 744.607 748.0132 747.8766 746.9177 745.9587 744.9997 743.502 740.4776 737.4532 734.4288 731.4044 728.1823 724.8794 721.5765 718.2737 715.1332 712.8493 710.5654 708.2815 705.9976 704.4211 703.2996 702.178 701.0565 700.0 700.0 700.0 700.0 700.0 700.0 700.0 700.0 700.0 700.0 700.0 700.0 700.0 700.0 700.0 700.0 700.0 700.0 700.0
706.6806 706.2406 705.3317 704.4227 703.5137 702.6096 702.0343 701.459 700.8837 700.3085 701.0054 703.1733 705.3413 707.5093 709.6772 713.9868 718.5003 723.0138 727.5272 731.5988 734.8925 738.1862 741.4798 744.7734 744.8575 744.1964 743.5353 742.8743 741.6835 738.9919 736.3004 733.6088 730.9172 728.0084 725.0109 722.0134 719.0159 716.113 713.709 711.3049 708.9009 706.4968 704.8129 703.592 702.3711 701.1501 700.0003 700.0059 700.0115 700.0172 700.0228 700.0227 700.0171 700.0115 700.0059 700.0002 700.0 700.0 700.0 700.0 700.0023 700.0079 700.0135 700.0191 700.0247
708.4912 707.8093 706.6419 705.4745 704.3072 703.1467 702.453 701.7593 701.0657 700.372 700.9855 703.1104 705.2352 707.3601 709.485 713.5696 717.8409 722.1122 726.3835 730.2167 733.2789 736.3411 739.4034 742.4656 742.4929 741.8157 741.1385 740.4612 739.3007 736.7706 734.2405 731.7104 729.1802 726.3527 723.4036 720.4545 717.5055 714.6614 712.3704 710.0793 707.7883 705.4973 703.9854 702.9744 701.9634 700.9524 700.0031 700.0572 700.1113 700.1653 700.2194 700.2186 700.1646 700.1105 700.0564 700.0024 700.0 700.0 700.0 700.0 700.0219 700.076 700.1301 700.1841 700.2382
710.3017 709.3778 707.9521 706.5264 705.1006 703.6838 702.8717 702.0596 701.2476 700.4355 700.9655 703.0473 705.1292 707.211 709.2928 713.1526 717.1816 721.2108 725.2397 728.8347 731.6655 734.4962 737.327 740.1578 740.1284 739.4351 738.7417 738.0483 736.918 734.5493 732.1807 729.8121 727.4434 724.697 721.7964 718.8958 715.9952 713.2098 711.0317 708.8538 706.6758 704.4978 703.158 702.3568 701.5557 700.7546 700.0059 700.1085 700.2109 700.3134 700.416 700.4145 700.312 700.2095 700.1069 700.0045 700.0 700.0 700.0 700.0 700.0416 700.1441 700.2466 700.3491 700.4516
712.1122 710.9464 709.2623 707.5782 705.8941 704.2209 703.2905 702.3599 701.4294 700.499 700.9455 702.9843 705.0231 707.0618 709.1006 712.7355 716.5223 720.3092 724.096 727.4526 730.052 732.6513 735.2507 737.85 737.7639 737.0544 736.3449 735.6354 734.5352 732.3281 730.1209 727.9137 725.7065 723.0413 720.1891 717.337 714.4849 711.7582 709.6932 707.6282 705.5633 703.4983 702.3304 701.7393 701.1481 700.5569 700.0087 700.1597 700.3106 700.4615 700.6125 700.6104 700.4594 700.3085 700.1575 700.0066 700.0 700.0 700.0 700.0 700.0613 700.2122 700.3632 700.5141 700.665
713.9229 712.515 710.5725 708.6301 706.6876 704.7581 703.7092 702.6603 701.6113 700.5624 700.9255 702.9213 704.917 706.9127 708.9084 712.3184 715.863 719.4077 722.9523 726.0706 728.4384 730.8063 733.1743 735.5422 735.3994 734.6737 733.9481 733.2224 732.1524 730.1067 728.061 726.0153 723.9697 721.3856 718.5819 715.7781 712.9745 710.3065 708.3546 706.4026 704.4507 702.4988 701.5029 701.1216 700.7404 700.3591 700.0115 700.2109 700.4103 700.6097 700.8091 700.8062 700.6068 700.4074 700.2081 700.0087 700.0 700.0 700.0 700.0 700.0809 700.2803 700.4797 700.6791 700.8785
716.0281 714.4541 712.3562 710.2584 708.1605 706.0748 704.8107 703.5466 702.2826 701.0186 701.255 703.2264 705.1978 707.1692 709.1406 712.4384 715.8625 719.2866 722.7106 725.6547 727.7537 729.8527 731.9517 734.0508 733.7302 732.848 731.9658 731.0836 729.8969 727.8473 725.7977 723.7482 721.6985 719.2121 716.5472 713.8824 711.2177 708.7159 707.0735 705.4312 703.7888 702.1465 701.4109 701.2584 701.1057 700.9531 700.8177 700.9626 701.1075 701.2523 701.3972 701.3254 701.0433 700.7612 700.479 700.1968 700.2771 700.3738 700.4706 700.5673 700.7874 701.1881 701.5888 701.9895 702.3902
718.3472 716.6619 714.4833 712.3047 710.1262 707.9567 706.4073 704.858 703.3087 701.7595 701.8379 703.7985 705.7592 707.7198 709.6804 712.9478 716.3395 719.7314 723.1231 725.9393 727.7422 729.5453 731.3483 733.1512 732.5652 731.4247 730.2841 729.1436 727.7336 725.5602 723.3868 721.2134 719.0401 716.663 714.2026 711.7424 709.2821 707.0243 705.8341 704.6439 703.4537 702.2635 701.8523 701.9419 702.0315 702.1211 702.2064 702.2221 702.2378 702.2535 702.2692 702.0792 701.6893 701.2996 700.9098 700.52 700.7551 701.0187 701.2823 701.546 701.9919 702.7048 703.4177 704.1306 704.8434
720.6661 718.8698 716.6104 714.351 712.0917 709.8385 708.0039 706.1694 704.3348 702.5002 702.4208 704.3706 706.3204 708.2703 710.2202 713.4571 716.8167 720.1761 723.5356 726.2239 727.7309 729.2379 730.7448 732.2518 731.4003 730.0014 728.6025 727.2036 725.5704 723.2732 720.976 718.6788 716.3817 714.1139 711.8582 709.6024 707.3467 705.3328 704.5947 703.8566 703.1185 702.3804 702.2936 702.6254 702.9573 703.2891 703.5951 703.4816 703.3681 703.2546 703.1411 702.8328 702.3354 701.838 701.3405 700.8431 701.2332 701.6636 702.0941 702.5245 703.1963 704.2214 705.2464 706.2715 707.2965
722.9851 721.0776 718.7375 716.3974 714.0573 711.7204 709.6005 707.4807 705.3609 703.2411 703.0036 704.9427 706.8818 708.8209 710.76 713.9665 717.2937 720.6209 723.9481 726.5085 727.7195 728.9304 730.1413 731.3522 730.2354 728.5781 726.9208 725.2635 723.407 720.9861 718.5651 716.1442 713.7231 711.5648 709.5135 707.4623 705.4111 703.6413 703.3553 703.0693 702.7834 702.4974 702.7349 703.309 703.883 704.4571 704.9838 704.7411 704.4984 704.2557 704.0131 703.5865 702.9814 702.3763 701.7713 701.1662 701.7112 702.3085 702.9059 703.5032 704.4008 705.738 707.0753 708.4125 709.7497
725.3269 723.3163 720.9051 718.4938 716.0826 713.6717 711.2816 708.8914 706.5013 704.1112 703.7242 705.6535 707.5828 709.512 711.4413 714.6121 717.9012 721.1902 724.4792 726.9069 727.8182 728.7296 729.6411 730.5524 729.1652 727.2444 725.3237 723.403 721.3212 718.7829 716.2447 713.7065 711.1683 709.1316 707.2996 705.4677 703.6357 702.1205 702.2754 702.4303 702.5852 702.7401 703.2905 704.095 704.8997 705.7042 706.4404 706.0648 705.6891 705.3135 704.9379 704.3945 703.6881 702.9817 702.2753 701.5688 702.2693 703.0338 703.7982 704.5626 705.6818 707.3204 708.959 710.5977 712.2363
728.1706 726.2369 723.9656 721.6943 719.423 717.1508 714.8199 712.489 710.1581 707.8272 707.477 709.417 711.3571 713.2971 715.2371 718.2565 721.3787 724.5009 727.623 729.8077 730.3423 730.8769 731.4115 731.9461 730.1822 727.8846 725.5871 723.2896 720.9363 718.425 715.9137 713.4024 710.8911 709.2483 707.96 706.6716 705.3833 704.356 704.7046 705.0533 705.402 705.7506 706.3604 707.1381 707.9158 708.6934 709.3918 708.8008 708.21 707.619 707.0281 706.3978 705.729 705.0602 704.3915 703.7228 704.5896 705.5263 706.463 707.3996 708.6473 710.3506 712.0538 713.7571 715.4603
731.0142 729.1573 727.0259 724.8946 722.7632 720.6299 718.3582 716.0864 713.8147 711.543 711.2296 713.1804 715.1312 717.082 719.0327 721.9007 724.8561 727.8114 730.7667 732.7084 732.8663 733.0241 733.1819 733.3398 731.1991 728.5248 725.8505 723.1762 720.5515 718.0671 715.5826 713.0983 710.6139 709.3649 708.6202 707.8755 707.1308 706.5913 707.1337 707.6761 708.2186 708.761 709.4303 710.181 710.9318 711.6826 712.343 711.5369 710.7307 709.9244 709.1182 708.4009 707.7698 707.1387 706.5076 705.8766 706.9098 708.0187 709.1276 710.2366 711.6129 713.3807 715.1485 716.9163 718.6841
733.858 732.0778 730.0864 728.095 726.1036 724.109 721.8965 719.684 717.4715 715.259 714.9823 716.9438 718.9054 720.8669 722.8285 725.5451 728.3336 731.122 733.9104 735.6093 735.3903 735.1714 734.9525 734.7335 732.216 729.1649 726.1138 723.0628 720.1666 717.7091 715.2516 712.7942 710.3367 709.4816 709.2805 709.0795 708.8784 708.8267 709.5629 710.2991 711.0353 711.7715 712.5002 713.2241 713.9479 714.6718 715.2944 714.2729 713.2514 712.2299 711.2084 710.4041 709.8107 709.2172 708.6238 708.0305 709.2301 710.5113 711.7924 713.0736 714.5784 716.4109 718.2433 720.0757 721.9081
736.7016 734.9982 733.1467 731.2953 729.4438 727.5881 725.4348 723.2814 721.1281 718.9749 718.7349 720.7072 722.6795 724.6519 726.6241 729.1893 731.8109 734.4325 737.0541 738.51 737.9143 737.3186 736.7229 736.1272 733.2329 729.8051 726.3772 722.9494 719.7817 717.3512 714.9207 712.4901 710.0595 709.5983 709.9408 710.2834 710.6259 711.0621 711.9921 712.9221 713.852 714.782 715.5701 716.267 716.9639 717.6609 718.2457 717.0089 715.7721 714.5353 713.2985 712.4072 711.8514 711.2957 710.74 710.1843 711.5503 713.0037 714.4572 715.9105 717.5439 719.441 721.338 723.235 725.132
739.6873 738.1171 736.493 734.8689 733.2448 731.6169 729.7303 727.8437 725.9571 724.0705 723.919 725.7738 727.6285 729.4833 731.3381 733.6858 736.0805 738.4752 740.8698 742.0593 741.1278 740.1963 739.2648 738.3333 735.2737 731.7203 728.1669 724.6135 721.4012 719.156 716.9107 714.6655 712.4202 712.2416 712.9067 713.5717 714.2367 714.9409 715.8517 716.7625 717.6733 718.584 719.2901 719.8646 720.439 721.0134 721.4745 720.0934 718.7123 717.3312 715.9501 715.0151 714.5134 714.0117 713.51 713.0084 714.4971 716.0764 717.6556 719.2349 720.9415 722.8349 724.7282 726.6216 728.5149
742.8108 741.4287 740.1168 738.8049 737.493 736.1796 734.7612 733.3428 731.9245 730.5062 730.4935 732.106 733.7186 735.3312 736.9437 739.0099 741.1193 743.2287 745.338 746.2384 745.0109 743.7833 742.5558 741.3282 738.3091 734.874 731.439 728.004 724.9678 723.0616 721.1555 719.2493 717.3431 717.3394 718.112 718.8846 719.6573 720.416 721.1006 721.7854 722.4702 723.1548 723.6414 724.0005 724.3597 724.7188 724.9727 723.5162 722.0598 720.6033 719.1469 718.2103 717.7785 717.3468 716.9151 716.4834 718.0524 719.7124 721.3724 723.0323 724.7587 726.582 728.4054 730.2288 732.0521
745.9343 744.7405 743.7407 742.741 741.7413 740.7424 739.7923 738.8422 737.8921 736.942 737.0681 738.4385 739.8088 741.1792 742.5496 744.3342 746.1583 747.9824 749.8065 750.4176 748.894 747.3705 745.8469 744.3234 741.3445 738.0279 734.7112 731.3947 728.5344 726.9674 725.4003 723.8333 722.2662 722.4372 723.3175 724.1978 725.0781 725.8912 726.3498 726.8085 727.2672 727.7258 727.9929 728.1367 728.2805 728.4243 728.471 726.9392 725.4074 723.8756 722.3438 721.4055 721.0438 720.6821 720.3203 719.9586 721.6078 723.3486 725.0893 726.83 728.5759 730.3293 732.0826 733.8361 735.5894
749.0578 748.0521 747.3646 746.6771 745.9896 745.305 744.8232 744.3414 743.8595 743.3777 743.6425 744.7707 745.8989 747.027 748.1552 749.6583 751.1971 752.7359 754.2747 754.5967 752.7771 750.9575 749.1379 747.3184 744.3799 741.1816 737.9834 734.7852 732.101 730.873 729.6451 728.4171 727.1892 727.5349 728.5228 729.5107 730.4987 731.3661 731.5988 731.8314 732.064 732.2966 732.3441 732.2726 732.2012 732.1297 731.9692 730.3621 728.7549 727.1478 725.5406 724.6007 724.3089 724.0172 723.7254 723.4336 725.1631 726.9846 728.8061 730.6276 732.393 734.0764 735.7598 737.4432 739.1266
752.1813 751.3637 750.9884 750.613 750.2377 749.8677 749.8541 749.8405 749.8269 749.8134 750.217 751.1029 751.9889 752.8749 753.7609 754.9824 756.236 757.4894 758.743 758.7758 756.6602 754.5446 752.429 750.3134 747.4152 744.3354 741.2556 738.1758 735.6675 734.7787 733.8898 733.001 732.1121 732.6325 733.7281 734.8237 735.9193 736.8412 736.8478 736.8543 736.8609 736.8674 736.6954 736.4086 736.1219 735.8351 735.4674 733.7849 732.1024 730.4199 728.7374 727.7958 727.574 727.3522 727.1304 726.9086 728.7185 730.6207 732.5229 734.425 736.2101 737.8235 739.437 741.0504 742.6639
756.3001 755.6364 755.3799 755.1234 754.8669 754.6192 754.9694 755.3195 755.6697 756.0199 756.5911 757.4177 758.2444 759.0711 759.8978 760.8538 761.822 762.7902 763.7584 763.5835 761.3966 759.2097 757.0228 754.8359 752.1603 749.3714 746.5825 743.7936 741.5656 740.927 740.2884 739.6498 739.0112 739.2872 739.9364 740.5856 741.2349 741.7706 741.7079 741.6451 741.5825 741.5197 741.2119 740.7463 740.2808 739.8153 739.2819 737.6442 736.0066 734.369 732.7313 731.858 731.7271 731.5961 731.4652 731.3343 733.1253 735.0037 736.8821 738.7605 740.486 741.9877 743.4894 744.991 746.4927
760.4486 759.9377 759.7942 759.6508 759.5073 759.3762 760.087 760.7978 761.5085 762.2194 762.9589 763.7318 764.5047 765.2775 766.0504 766.7412 767.4241 768.1071 768.79 768.4098 766.1583 763.9068 761.6553 759.4038 756.9564 754.4634 751.9705 749.4777 747.533 747.142 746.751 746.36 745.9691 745.9881 746.1744 746.3608 746.5472 746.6835 746.5562 746.4289 746.3016 746.1743 745.733 745.0899 744.4468 743.8036 743.1057 741.5165 739.9273 738.3381 736.7489 735.9458 735.9064 735.867 735.8276 735.7881 737.5574 739.4089 741.2604 743.1118 744.7755 746.1641 747.5528 748.9415 750.3301
764.5972 764.2391 764.2087 764.1783 764.1478 764.1334 765.2048 766.2762 767.3477 768.419 769.327 770.0461 770.7651 771.4842 772.2032 772.6288 773.0266 773.4242 773.8218 773.2363 770.9202 768.6041 766.288 763.9719 761.7526 759.5557 757.3588 755.1619 753.5007 753.3574 753.2139 753.0706 752.9271 752.6892 752.4127 752.1362 751.8596 751.5966 751.4047 751.2128 751.0209 750.829 750.2543 749.4336 748.6129 747.7921 746.9296 745.3889 743.8481 742.3074 740.7666 740.0338 740.0859 740.138 740.1901 740.2421 741.9896 743.8142 745.6388 747.4633 749.0651 750.3408 751.6164 752.892 754.1676
768.7456 768.5403 768.623 768.7056 768.7882 768.8904 770.3224 771.7545 773.1865 774.6185 775.6949 776.3602 777.0254 777.6906 778.3558 778.5163 778.6287 778.7411 778.8535 778.0626 775.6819 773.3013 770.9206 768.5399 766.5486 764.6478 762.7469 760.8461 759.4682 759.5724 759.6766 759.7808 759.885 759.3901 758.6507 757.9113 757.1719 756.5095 756.2531 755.9965 755.7401 755.4836 754.7755 753.7772 752.7787 751.7804 750.7534 749.2611 747.7688 746.2765 744.7842 744.1217 744.2653 744.4089 744.5524 744.696 746.4218 748.2194 750.017 751.8147 753.3546 754.5172 755.6798 756.8424 758.0049
773.0453 773.0294 773.2555 773.4816 773.7077 773.9572 775.8014 777.6455 779.4896 781.3337 782.6539 783.3683 784.0827 784.7971 785.5115 785.4222 785.2563 785.0904 784.9245 783.8726 781.2612 778.6498 776.0383 773.4269 771.5735 769.8962 768.2188 766.5414 765.3806 765.6832 765.9858 766.2885 766.5912 765.8816 764.7589 763.6361 762.5134 761.5092 761.1296 760.75 760.3704 759.9908 759.1464 758.0032 756.86 755.7167 754.5584 753.1543 751.7502 750.3462 748.9421 748.3493 748.5446 748.7399 748.9352 749.1305 750.7991 752.5348 754.2704 756.006 757.4908 758.6082 759.7256 760.8431 761.9605
777.5413 777.7622 778.1713 778.5804 778.9895 779.4264 781.7496 784.0727 786.3959 788.7191 790.381 791.2784 792.1757 793.0731 793.9705 793.6514 793.2164 792.7814 792.3463 790.9609 787.9028 784.8447 781.7865 778.7283 776.8956 775.3474 773.7992 772.251 771.2207 771.658 772.0952 772.5323 772.9696 772.1003 770.6976 769.295 767.8925 766.6212 766.0424 765.4637 764.885 764.3063 763.3217 762.0762 760.8307 759.5851 758.3386 757.0745 755.8104 754.5462 753.282 752.7582 752.9536 753.1488 753.3441 753.5394 755.1051 756.7331 758.3611 759.9891 761.4274 762.5878 763.7483 764.9088 766.0692
