data/zism_data/00326_02_D.txt
ncols         224
nrows         224
[rows 0 to 27 of 224, columns 63 to 125 of 224]
1796.297 1795.14 1793.982 1792.824 1790.211 1784.872 1779.533 1774.193 1768.854 1761.651 1753.993 1746.336 1738.679 1732.553 1730.767 1728.98 1727.194 1725.407 1724.408 1723.719 1723.029 1722.34 1721.21 1717.987 1714.765 1711.542 1708.32 1707.537 1708.184 1708.831 1709.478 1711.136 1723.414 1735.691 1747.969 1760.246 1769.604 1776.51 1783.416 1790.322 1797.228 1797.838 1798.448 1799.058 1799.668 1800.0 1800.0 1800.0 1800.0 1800.0 1800.0 1800.0 1800.0 1800.0 1800.0 1800.0 1800.0 1800.0 1800.0 1800.0 1800.0 1800.0 1800.0
1797.492 1796.608 1795.723 1794.839 1792.64 1787.977 1783.314 1778.65 1773.987 1767.8 1761.243 1754.686 1748.129 1742.907 1741.469 1740.031 1738.594 1737.156 1736.089 1735.169 1734.249 1733.329 1731.754 1727.067 1722.379 1717.692 1713.005 1711.41 1711.628 1711.846 1712.063 1713.382 1726.255 1739.128 1752.001 1764.874 1774.023 1780.044 1786.064 1792.085 1798.105 1798.522 1798.939 1799.356 1799.773 1800.0 1800.0 1800.0 1800.0 1800.0 1800.0 1800.0 1800.0 1800.0 1800.0 1800.0 1800.0 1800.0 1800.0 1800.0 1800.0 1800.0 1800.0
1798.687 1798.076 1797.465 1796.855 1795.069 1791.082 1787.095 1783.108 1779.12 1773.951 1768.493 1763.036 1757.579 1753.261 1752.172 1751.083 1749.994 1748.905 1747.771 1746.621 1745.47 1744.319 1742.298 1736.146 1729.994 1723.842 1717.69 1715.283 1715.072 1714.861 1714.649 1715.628 1729.096 1742.565 1756.034 1769.502 1778.442 1783.577 1788.712 1793.847 1798.983 1799.207 1799.43 1799.654 1799.878 1800.0 1800.0 1800.0 1800.0 1800.0 1800.0 1800.0 1800.0 1800.0 1800.0 1800.0 1800.0 1800.0 1800.0 1800.0 1800.0 1800.0 1800.0
1799.881 1799.544 1799.207 1798.87 1797.499 1794.187 1790.876 1787.565 1784.253 1780.101 1775.743 1771.386 1767.029 1763.615 1762.875 1762.134 1761.394 1760.654 1759.453 1758.072 1756.69 1755.309 1752.843 1745.226 1737.609 1729.992 1722.375 1719.157 1718.516 1717.876 1717.235 1717.873 1731.938 1746.002 1760.066 1774.13 1782.861 1787.111 1791.36 1795.61 1799.86 1799.891 1799.922 1799.953 1799.983 1800.0 1800.0 1800.0 1800.0 1800.0 1800.0 1800.0 1800.0 1800.0 1800.0 1800.0 1800.0 1800.0 1800.0 1800.0 1800.0 1800.0 1800.0
1801.129 1800.849 1800.569 1800.289 1799.165 1796.457 1793.75 1791.043 1788.335 1785.008 1781.529 1778.051 1774.572 1771.856 1771.297 1770.739 1770.18 1769.622 1768.557 1767.292 1766.026 1764.761 1762.321 1754.295 1746.268 1738.242 1730.216 1726.262 1724.696 1723.131 1721.565 1721.347 1735.276 1749.205 1763.134 1777.063 1785.405 1789.054 1792.703 1796.351 1800.0 1800.0 1800.0 1800.0 1800.0 1800.0 1800.0 1800.0 1800.0 1800.0 1800.0 1800.0 1800.0 1800.0 1800.0 1800.0 1800.0 1800.0 1800.0 1800.0 1800.0 1800.0 1800.0
1802.386 1802.123 1801.859 1801.595 1800.687 1798.569 1796.452 1794.335 1792.217 1789.679 1787.037 1784.396 1781.755 1779.696 1779.287 1778.879 1778.471 1778.063 1777.171 1776.088 1775.006 1773.923 1771.597 1763.361 1755.125 1746.89 1738.654 1733.981 1731.396 1728.811 1726.225 1725.052 1738.708 1752.363 1766.019 1779.675 1787.594 1790.696 1793.797 1796.899 1800.0 1800.0 1800.0 1800.0 1800.0 1800.0 1800.0 1800.0 1800.0 1800.0 1800.0 1800.0 1800.0 1800.0 1800.0 1800.0 1800.0 1800.0 1800.0 1800.0 1800.0 1800.0 1800.0
1803.644 1803.396 1803.149 1802.901 1802.208 1800.681 1799.154 1797.627 1796.1 1794.35 1792.545 1790.741 1788.937 1787.536 1787.278 1787.02 1786.762 1786.504 1785.785 1784.885 1783.985 1783.085 1780.872 1772.428 1763.983 1755.538 1747.093 1741.7 1738.095 1734.49 1730.886 1728.759 1742.14 1755.522 1768.904 1782.286 1789.783 1792.338 1794.892 1797.446 1800.0 1800.0 1800.0 1800.0 1800.0 1800.0 1800.0 1800.0 1800.0 1800.0 1800.0 1800.0 1800.0 1800.0 1800.0 1800.0 1800.0 1800.0 1800.0 1800.0 1800.0 1800.0 1800.0
1804.902 1804.67 1804.438 1804.207 1803.73 1802.793 1801.856 1800.919 1799.982 1799.021 1798.053 1797.086 1796.119 1795.376 1795.268 1795.16 1795.052 1794.944 1794.399 1793.681 1792.964 1792.246 1790.148 1781.494 1772.84 1764.186 1755.531 1749.418 1744.794 1740.17 1735.546 1732.464 1745.573 1758.681 1771.789 1784.898 1791.973 1793.979 1795.986 1797.993 1800.0 1800.0 1800.0 1800.0 1800.0 1800.0 1800.0 1800.0 1800.0 1800.0 1800.0 1800.0 1800.0 1800.0 1800.0 1800.0 1800.0 1800.0 1800.0 1800.0 1800.0 1800.0 1800.0
1806.044 1805.815 1805.585 1805.356 1805.027 1804.51 1803.994 1803.477 1802.961 1802.565 1802.198 1801.831 1801.464 1801.188 1801.168 1801.148 1801.129 1801.109 1800.695 1800.127 1799.558 1798.989 1797.043 1788.553 1780.062 1771.572 1763.081 1756.674 1751.487 1746.3 1741.113 1737.459 1749.904 1762.349 1774.794 1787.239 1793.767 1795.326 1796.884 1798.442 1800.0 1800.0 1800.0 1800.0 1800.0 1800.0 1800.0 1800.0 1800.0 1800.0 1800.0 1800.0 1800.0 1800.0 1800.0 1800.0 1800.0 1800.0 1800.0 1800.0 1800.0 1800.0 1800.0
1806.893 1806.631 1806.37 1806.109 1805.755 1805.227 1804.7 1804.173 1803.645 1803.247 1802.88 1802.513 1802.147 1801.852 1801.763 1801.673 1801.584 1801.494 1801.107 1800.603 1800.099 1799.594 1797.894 1790.515 1783.135 1775.755 1768.376 1762.754 1758.162 1753.571 1748.979 1745.726 1756.518 1767.311 1778.103 1788.896 1794.562 1795.921 1797.281 1798.64 1800.0 1800.0 1800.0 1800.0 1800.0 1800.0 1800.0 1800.0 1800.0 1800.0 1800.0 1800.0 1800.0 1800.0 1800.0 1800.0 1800.0 1800.0 1800.0 1800.0 1800.0 1800.0 1800.0
1807.741 1807.448 1807.154 1806.861 1806.482 1805.944 1805.406 1804.868 1804.33 1803.93 1803.563 1803.196 1802.829 1802.516 1802.357 1802.198 1802.039 1801.88 1801.519 1801.079 1800.639 1800.199 1798.746 1792.477 1786.208 1779.939 1773.67 1768.834 1764.838 1760.842 1756.846 1753.992 1763.132 1772.272 1781.412 1790.552 1795.356 1796.517 1797.678 1798.839 1800.0 1800.0 1800.0 1800.0 1800.0 1800.0 1800.0 1800.0 1800.0 1800.0 1800.0 1800.0 1800.0 1800.0 1800.0 1800.0 1800.0 1800.0 1800.0 1800.0 1800.0 1800.0 1800.0
1808.59 1808.265 1807.939 1807.613 1807.21 1806.661 1806.112 1805.563 1805.015 1804.612 1804.245 1803.879 1803.512 1803.181 1802.952 1802.723 1802.494 1802.265 1801.931 1801.555 1801.18 1800.804 1799.597 1794.439 1789.28 1784.122 1778.964 1774.914 1771.513 1768.113 1764.712 1762.259 1769.746 1777.234 1784.721 1792.209 1796.15 1797.113 1798.075 1799.037 1800.0 1800.0 1800.0 1800.0 1800.0 1800.0 1800.0 1800.0 1800.0 1800.0 1800.0 1800.0 1800.0 1800.0 1800.0 1800.0 1800.0 1800.0 1800.0 1800.0 1800.0 1800.0 1800.0
1809.439 1809.081 1808.723 1808.365 1807.937 1807.378 1806.818 1806.259 1805.699 1805.295 1804.928 1804.561 1804.194 1803.845 1803.547 1803.248 1802.949 1802.65 1802.343 1802.031 1801.72 1801.409 1800.448 1796.401 1792.353 1788.305 1784.258 1780.994 1778.189 1775.384 1772.579 1770.525 1776.36 1782.195 1788.03 1793.865 1796.944 1797.708 1798.472 1799.236 1800.0 1800.0 1800.0 1800.0 1800.0 1800.0 1800.0 1800.0 1800.0 1800.0 1800.0 1800.0 1800.0 1800.0 1800.0 1800.0 1800.0 1800.0 1800.0 1800.0 1800.0 1800.0 1800.0
1810.123 1809.705 1809.288 1808.87 1808.403 1807.84 1807.278 1806.715 1806.153 1805.723 1805.325 1804.927 1804.529 1804.154 1803.844 1803.534 1803.223 1802.913 1802.596 1802.275 1801.954 1801.634 1800.784 1797.419 1794.054 1790.69 1787.325 1784.667 1782.422 1780.178 1777.933 1776.292 1780.988 1785.684 1790.38 1795.075 1797.552 1798.164 1798.776 1799.388 1800.0 1800.0 1800.0 1800.0 1800.0 1800.0 1800.0 1800.0 1800.0 1800.0 1800.0 1800.0 1800.0 1800.0 1800.0 1800.0 1800.0 1800.0 1800.0 1800.0 1800.0 1800.0 1800.0
1810.743 1810.256 1809.769 1809.282 1808.768 1808.206 1807.643 1807.081 1806.518 1806.054 1805.613 1805.172 1804.731 1804.327 1804.028 1803.729 1803.429 1803.13 1802.788 1802.43 1802.072 1801.713 1800.923 1798.079 1795.234 1792.39 1789.546 1787.425 1785.728 1784.031 1782.333 1781.11 1784.862 1788.613 1792.365 1796.116 1798.088 1798.566 1799.044 1799.522 1800.0 1800.0 1800.0 1800.0 1800.0 1800.0 1800.0 1800.0 1800.0 1800.0 1800.0 1800.0 1800.0 1800.0 1800.0 1800.0 1800.0 1800.0 1800.0 1800.0 1800.0 1800.0 1800.0
1811.363 1810.807 1810.25 1809.693 1809.134 1808.572 1808.009 1807.447 1806.884 1806.385 1805.901 1805.417 1804.934 1804.501 1804.212 1803.923 1803.635 1803.346 1802.98 1802.585 1802.189 1801.793 1801.062 1798.738 1796.415 1794.091 1791.767 1790.183 1789.033 1787.884 1786.734 1785.928 1788.735 1791.542 1794.349 1797.156 1798.625 1798.969 1799.313 1799.656 1800.0 1800.0 1800.0 1800.0 1800.0 1800.0 1800.0 1800.0 1800.0 1800.0 1800.0 1800.0 1800.0 1800.0 1800.0 1800.0 1800.0 1800.0 1800.0 1800.0 1800.0 1800.0 1800.0
1811.984 1811.357 1810.731 1810.104 1809.5 1808.937 1808.375 1807.812 1807.25 1806.716 1806.189 1805.663 1805.136 1804.674 1804.396 1804.118 1803.84 1803.562 1803.173 1802.74 1802.306 1801.873 1801.201 1799.398 1797.595 1795.792 1793.988 1792.942 1792.339 1791.736 1791.134 1790.745 1792.608 1794.471 1796.334 1798.197 1799.161 1799.371 1799.581 1799.79 1800.0 1800.0 1800.0 1800.0 1800.0 1800.0 1800.0 1800.0 1800.0 1800.0 1800.0 1800.0 1800.0 1800.0 1800.0 1800.0 1800.0 1800.0 1800.0 1800.0 1800.0 1800.0 1800.0
1812.527 1811.835 1811.143 1810.451 1809.802 1809.233 1808.665 1808.096 1807.527 1806.961 1806.395 1805.829 1805.263 1804.773 1804.5 1804.228 1803.955 1803.683 1803.281 1802.828 1802.375 1801.922 1801.314 1799.973 1798.632 1797.292 1795.951 1795.368 1795.229 1795.09 1794.952 1794.916 1795.961 1797.005 1798.05 1799.095 1799.623 1799.717 1799.812 1799.906 1800.0 1800.0 1800.0 1800.0 1800.0 1800.0 1800.0 1800.0 1800.0 1800.0 1800.0 1800.0 1800.0 1800.0 1800.0 1800.0 1800.0 1800.0 1800.0 1800.0 1800.0 1800.0 1800.0
1812.684 1811.949 1811.214 1810.479 1809.789 1809.183 1808.577 1807.97 1807.364 1806.773 1806.185 1805.598 1805.01 1804.499 1804.205 1803.911 1803.617 1803.323 1802.965 1802.582 1802.199 1801.815 1801.295 1800.126 1798.957 1797.788 1796.618 1796.129 1796.039 1795.949 1795.858 1795.85 1796.707 1797.564 1798.421 1799.278 1799.709 1799.782 1799.854 1799.927 1800.0 1800.0 1800.0 1800.0 1800.0 1800.0 1800.0 1800.0 1800.0 1800.0 1800.0 1800.0 1800.0 1800.0 1800.0 1800.0 1800.0 1800.0 1800.0 1800.0 1800.0 1800.0 1800.0
1812.84 1812.063 1811.285 1810.507 1809.776 1809.132 1808.488 1807.845 1807.201 1806.585 1805.976 1805.367 1804.758 1804.226 1803.91 1803.595 1803.279 1802.964 1802.65 1802.336 1802.022 1801.709 1801.276 1800.279 1799.281 1798.284 1797.286 1796.891 1796.849 1796.807 1796.765 1796.785 1797.454 1798.123 1798.792 1799.461 1799.795 1799.846 1799.897 1799.949 1800.0 1800.0 1800.0 1800.0 1800.0 1800.0 1800.0 1800.0 1800.0 1800.0 1800.0 1800.0 1800.0 1800.0 1800.0 1800.0 1800.0 1800.0 1800.0 1800.0 1800.0 1800.0 1800.0
1812.997 1812.177 1811.356 1810.535 1809.763 1809.082 1808.4 1807.719 1807.037 1806.397 1805.767 1805.136 1804.506 1803.952 1803.615 1803.278 1802.941 1802.604 1802.334 1802.09 1801.846 1801.603 1801.258 1800.432 1799.606 1798.78 1797.954 1797.653 1797.659 1797.665 1797.672 1797.719 1798.2 1798.682 1799.163 1799.645 1799.881 1799.91 1799.94 1799.97 1800.0 1800.0 1800.0 1800.0 1800.0 1800.0 1800.0 1800.0 1800.0 1800.0 1800.0 1800.0 1800.0 1800.0 1800.0 1800.0 1800.0 1800.0 1800.0 1800.0 1800.0 1800.0 1800.0
1813.154 1812.29 1811.427 1810.563 1809.75 1809.031 1808.312 1807.593 1806.874 1806.209 1805.557 1804.905 1804.253 1803.678 1803.32 1802.961 1802.603 1802.244 1802.018 1801.844 1801.67 1801.496 1801.239 1800.585 1799.93 1799.276 1798.622 1798.415 1798.469 1798.524 1798.578 1798.653 1798.947 1799.241 1799.534 1799.828 1799.966 1799.975 1799.983 1799.992 1800.0 1800.0 1800.0 1800.0 1800.0 1800.0 1800.0 1800.0 1800.0 1800.0 1800.0 1800.0 1800.0 1800.0 1800.0 1800.0 1800.0 1800.0 1800.0 1800.0 1800.0 1800.0 1800.0
1813.038 1812.109 1811.179 1810.25 1809.382 1808.629 1807.875 1807.122 1806.369 1805.706 1805.066 1804.425 1803.784 1803.223 1802.885 1802.548 1802.21 1801.873 1801.682 1801.548 1801.414 1801.281 1801.079 1800.558 1800.036 1799.515 1798.993 1798.846 1798.92 1798.993 1799.067 1799.15 1799.341 1799.531 1799.722 1799.913 1800.0 1800.0 1800.0 1800.0 1800.0 1800.0 1800.0 1800.0 1800.0 1800.0 1800.0 1800.0 1800.0 1800.0 1800.0 1800.0 1800.0 1800.0 1800.0 1800.0 1800.0 1800.0 1800.0 1799.957 1799.905 1799.852 1799.8
1812.747 1811.737 1810.727 1809.717 1808.786 1808.0 1807.215 1806.429 1805.644 1805.001 1804.392 1803.784 1803.175 1802.65 1802.361 1802.072 1801.783 1801.494 1801.331 1801.219 1801.107 1800.995 1800.83 1800.416 1800.001 1799.587 1799.173 1799.066 1799.139 1799.213 1799.286 1799.365 1799.508 1799.65 1799.793 1799.935 1800.0 1800.0 1800.0 1800.0 1800.0 1800.0 1800.0 1800.0 1800.0 1800.0 1800.0 1800.0 1800.0 1800.0 1800.0 1800.0 1800.0 1800.0 1800.0 1800.0 1800.0 1800.0 1800.0 1799.886 1799.748 1799.61 1799.472
1812.456 1811.365 1810.275 1809.185 1808.189 1807.372 1806.554 1805.737 1804.919 1804.295 1803.719 1803.143 1802.566 1802.078 1801.837 1801.596 1801.355 1801.114 1800.981 1800.89 1800.8 1800.709 1800.58 1800.273 1799.966 1799.659 1799.352 1799.285 1799.359 1799.432 1799.505 1799.581 1799.675 1799.769 1799.863 1799.957 1800.0 1800.0 1800.0 1800.0 1800.0 1800.0 1800.0 1800.0 1800.0 1800.0 1800.0 1800.0 1800.0 1800.0 1800.0 1800.0 1800.0 1800.0 1800.0 1800.0 1800.0 1800.0 1800.0 1799.815 1799.591 1799.367 1799.143
1812.165 1810.994 1809.823 1808.652 1807.593 1806.743 1805.894 1805.044 1804.194 1803.59 1803.046 1802.502 1801.958 1801.505 1801.313 1801.12 1800.927 1800.735 1800.631 1800.562 1800.492 1800.423 1800.331 1800.131 1799.932 1799.732 1799.532 1799.505 1799.578 1799.651 1799.725 1799.796 1799.842 1799.887 1799.933 1799.979 1800.0 1800.0 1800.0 1800.0 1800.0 1800.0 1800.0 1800.0 1800.0 1800.0 1800.0 1800.0 1800.0 1800.0 1800.0 1800.0 1800.0 1800.0 1800.0 1800.0 1800.0 1800.0 1800.0 1799.744 1799.434 1799.125 1798.815
1811.897 1810.644 1809.392 1808.139 1807.015 1806.131 1805.247 1804.363 1803.479 1802.897 1802.387 1801.878 1801.369 1800.954 1800.809 1800.663 1800.517 1800.371 1800.295 1800.247 1800.198 1800.15 1800.093 1799.996 1799.9 1799.803 1799.706 1799.717 1799.79 1799.863 1799.937 1800.004 1800.005 1800.007 1800.009 1800.01 1800.011 1800.01 1800.009 1800.008 1800.007 1800.006 1800.004 1800.003 1800.001 1800.0 1800.0 1800.0 1800.0 1800.0 1799.997 1799.994 1799.991 1799.988 1799.983 1799.974 1799.964 1799.955 1799.946 1799.585 1799.15 1798.715 1798.281
1812.069 1810.71 1809.35 1807.99 1806.771 1805.818 1804.864 1803.91 1802.956 1802.429 1802.006 1801.583 1801.159 1800.813 1800.683 1800.553 1800.423 1800.293 1800.229 1800.192 1800.154 1800.117 1800.072 1799.997 1799.922 1799.847 1799.771 1799.79 1799.863 1799.937 1800.01 1800.08 1800.114 1800.147 1800.181 1800.215 1800.221 1800.204 1800.188 1800.171 1800.154 1800.12 1800.086 1800.052 1800.018 1800.0 1800.0 1800.0 1800.0 1800.0 1799.943 1799.881 1799.819 1799.757 1799.647 1799.456 1799.264 1799.072 1798.881 1797.779 1796.486 1795.193 1793.899
