data/zism_data/00327_01_D.txt
ncols         224
nrows         224
[rows 196 to 223 of 224, columns 63 to 125 of 224]
4700.091 4692.016 4683.94 4675.865 4669.262 4663.556 4657.85 4652.145 4646.438 4646.511 4646.742 4646.972 4647.203 4649.015 4654.103 4659.191 4664.28 4669.369 4675.555 4682.264 4688.973 4695.682 4702.472 4711.899 4721.327 4730.754 4740.181 4749.149 4757.374 4765.598 4773.823 4782.047 4790.637 4799.358 4808.08 4816.802 4825.619 4835.445 4845.271 4855.097 4864.923 4873.575 4880.723 4887.872 4895.02 4902.168 4905.094 4906.9 4908.708 4910.515 4911.499 4907.539 4903.579 4899.619 4895.659 4887.39 4874.724 4862.058 4849.391 4836.725 4823.892 4811.028 4798.164
4697.446 4690.212 4682.977 4675.742 4669.764 4664.552 4659.34 4654.128 4648.916 4649.436 4650.113 4650.79 4651.467 4653.546 4658.53 4663.513 4668.497 4673.48 4679.839 4686.853 4693.867 4700.88 4707.981 4717.929 4727.876 4737.823 4747.771 4756.961 4764.929 4772.896 4780.863 4788.831 4797.066 4805.399 4813.732 4822.064 4830.458 4839.485 4848.513 4857.54 4866.568 4874.833 4882.124 4889.414 4896.704 4903.994 4906.945 4908.747 4910.548 4912.35 4913.266 4908.859 4904.453 4900.047 4895.641 4887.141 4874.464 4861.787 4849.11 4836.434 4823.652 4810.851 4798.051
4694.802 4688.408 4682.013 4675.619 4670.266 4665.548 4660.83 4656.111 4651.393 4652.361 4653.485 4654.608 4655.732 4658.078 4662.956 4667.834 4672.713 4677.591 4684.124 4691.442 4698.76 4706.079 4713.491 4723.958 4734.425 4744.893 4755.36 4764.774 4772.484 4780.194 4787.904 4795.613 4803.495 4811.439 4819.383 4827.328 4835.296 4843.525 4851.754 4859.983 4868.213 4876.092 4883.524 4890.956 4898.388 4905.82 4908.796 4910.593 4912.39 4914.186 4915.033 4910.181 4905.328 4900.475 4895.622 4886.892 4874.204 4861.517 4848.83 4836.142 4823.412 4810.675 4797.937
4692.722 4686.992 4681.263 4675.533 4670.719 4666.462 4662.206 4657.949 4653.693 4655.038 4656.536 4658.034 4659.532 4662.114 4666.94 4671.766 4676.592 4681.418 4688.38 4696.358 4704.336 4712.314 4720.377 4731.208 4742.039 4752.87 4763.7 4773.276 4780.821 4788.366 4795.911 4803.457 4811.105 4818.792 4826.479 4834.165 4841.845 4849.461 4857.078 4864.693 4872.31 4879.813 4887.173 4894.532 4901.892 4909.251 4911.947 4913.407 4914.868 4916.328 4916.807 4911.396 4905.984 4900.573 4895.162 4886.188 4873.578 4860.968 4848.358 4835.748 4823.124 4810.498 4797.871
4691.932 4686.465 4680.998 4675.531 4671.058 4667.19 4663.323 4659.455 4655.587 4657.147 4658.855 4660.563 4662.272 4665.017 4669.912 4674.806 4679.701 4684.595 4692.576 4702.024 4711.473 4720.922 4730.412 4741.248 4752.084 4762.92 4773.756 4783.354 4790.946 4798.539 4806.131 4813.723 4821.416 4829.144 4836.873 4844.601 4852.303 4859.73 4867.157 4874.584 4882.011 4889.162 4895.959 4902.757 4909.555 4916.352 4918.066 4918.434 4918.801 4919.169 4918.595 4912.37 4906.144 4899.918 4893.693 4884.446 4872.114 4859.783 4847.451 4835.12 4822.725 4810.319 4797.913
4691.142 4685.938 4680.733 4675.529 4671.397 4667.918 4664.439 4660.96 4657.481 4659.256 4661.174 4663.093 4665.011 4667.92 4672.883 4677.846 4682.809 4687.771 4696.771 4707.691 4718.611 4729.53 4740.448 4751.289 4762.13 4772.972 4783.813 4793.431 4801.071 4808.711 4816.351 4823.99 4831.726 4839.496 4847.267 4855.037 4862.762 4870.0 4877.238 4884.476 4891.713 4898.512 4904.747 4910.982 4917.217 4923.453 4924.185 4923.46 4922.735 4922.01 4920.384 4913.344 4906.304 4899.264 4892.224 4882.704 4870.65 4858.597 4846.544 4834.491 4822.326 4810.141 4797.956
4690.352 4685.411 4680.469 4675.527 4671.736 4668.646 4665.556 4662.466 4659.375 4661.365 4663.494 4665.622 4667.75 4670.824 4675.855 4680.886 4685.917 4690.948 4700.966 4713.357 4725.748 4738.138 4750.483 4761.33 4772.176 4783.022 4793.869 4803.509 4811.196 4818.883 4826.57 4834.257 4842.036 4849.849 4857.661 4865.473 4873.22 4880.269 4887.317 4894.366 4901.415 4907.86 4913.534 4919.207 4924.88 4930.553 4930.304 4928.487 4926.669 4924.852 4922.172 4914.318 4906.464 4898.609 4890.755 4880.961 4869.187 4857.412 4845.637 4833.863 4821.927 4809.962 4797.998
4689.562 4684.883 4680.205 4675.526 4672.075 4669.374 4666.672 4663.971 4661.27 4663.474 4665.813 4668.151 4670.49 4673.728 4678.827 4683.926 4689.025 4694.125 4705.162 4719.023 4732.885 4746.747 4760.518 4771.37 4782.222 4793.074 4803.926 4813.587 4821.321 4829.056 4836.79 4844.524 4852.347 4860.201 4868.055 4875.91 4883.678 4890.538 4897.397 4904.257 4911.117 4917.21 4922.321 4927.432 4932.543 4937.654 4936.423 4933.513 4930.603 4927.692 4923.96 4915.292 4906.624 4897.955 4889.287 4879.219 4867.723 4856.227 4844.73 4833.234 4821.528 4809.784 4798.04
4690.37 4685.966 4681.561 4677.157 4673.892 4671.322 4668.752 4666.182 4663.612 4665.774 4668.065 4670.357 4672.648 4675.83 4680.855 4685.88 4690.905 4695.931 4707.535 4722.27 4737.004 4751.739 4766.373 4777.725 4789.077 4800.429 4811.781 4821.835 4829.791 4837.747 4845.703 4853.658 4861.646 4869.646 4877.645 4885.645 4893.559 4900.578 4907.597 4914.616 4921.635 4927.578 4932.143 4936.708 4941.272 4945.837 4943.678 4939.738 4935.799 4931.859 4927.132 4917.673 4908.214 4898.755 4889.296 4878.857 4867.418 4855.979 4844.539 4833.1 4821.687 4810.278 4798.869
4691.7 4687.574 4683.448 4679.322 4676.192 4673.669 4671.147 4668.624 4666.102 4668.137 4670.297 4672.457 4674.617 4677.671 4682.575 4687.479 4692.384 4697.288 4709.313 4724.725 4740.138 4755.55 4770.861 4782.875 4794.888 4806.902 4818.916 4829.486 4837.72 4845.955 4854.189 4862.423 4870.616 4878.794 4886.972 4895.15 4903.251 4910.543 4917.835 4925.128 4932.42 4938.279 4942.303 4946.326 4950.35 4954.374 4951.304 4946.356 4941.408 4936.459 4930.756 4920.514 4910.272 4900.031 4889.79 4878.947 4867.492 4856.037 4844.582 4833.126 4822.027 4810.991 4799.956
4693.03 4689.182 4685.335 4681.487 4678.492 4676.017 4673.542 4671.066 4668.59 4670.5 4672.528 4674.557 4676.586 4679.511 4684.295 4689.078 4693.862 4698.646 4711.091 4727.181 4743.271 4759.36 4775.349 4788.024 4800.7 4813.375 4826.051 4837.137 4845.649 4854.162 4862.675 4871.187 4879.585 4887.942 4896.298 4904.655 4912.943 4920.509 4928.074 4935.639 4943.205 4948.979 4952.462 4955.945 4959.428 4962.91 4958.93 4952.973 4947.017 4941.06 4934.379 4923.355 4912.331 4901.307 4890.283 4879.037 4867.566 4856.095 4844.624 4833.153 4822.367 4811.704 4801.042
4694.359 4690.791 4687.222 4683.653 4680.792 4678.364 4675.936 4673.508 4671.08 4672.862 4674.759 4676.657 4678.555 4681.352 4686.015 4690.677 4695.34 4700.003 4712.869 4729.636 4746.404 4763.171 4779.836 4793.174 4806.511 4819.849 4833.187 4844.788 4853.579 4862.37 4871.161 4879.952 4888.555 4897.09 4905.625 4914.161 4922.636 4930.474 4938.313 4946.151 4953.99 4959.681 4962.623 4965.564 4968.505 4971.447 4966.556 4959.59 4952.625 4945.66 4938.003 4926.196 4914.389 4902.583 4890.776 4879.127 4867.64 4856.153 4844.667 4833.18 4822.708 4812.417 4802.128
4695.837 4692.479 4689.122 4685.764 4683.016 4680.639 4678.263 4675.886 4673.509 4675.135 4676.87 4678.605 4680.341 4682.987 4687.519 4692.051 4696.583 4701.116 4714.315 4731.638 4748.961 4766.283 4783.505 4797.456 4811.406 4825.356 4839.307 4851.377 4860.408 4869.438 4878.468 4887.498 4896.309 4905.041 4913.773 4922.505 4931.182 4939.272 4947.362 4955.453 4963.543 4969.158 4971.604 4974.051 4976.497 4978.943 4973.17 4965.219 4957.269 4949.318 4940.724 4928.262 4915.8 4903.339 4890.877 4878.91 4867.446 4855.983 4844.52 4833.057 4822.881 4812.938 4802.995
4697.895 4694.484 4691.074 4687.664 4684.938 4682.63 4680.322 4678.013 4675.705 4677.056 4678.508 4679.959 4681.411 4683.811 4688.175 4692.539 4696.903 4701.268 4714.463 4731.859 4749.255 4766.651 4783.957 4798.328 4812.698 4827.069 4841.44 4853.803 4862.917 4872.031 4881.145 4890.259 4899.29 4908.289 4917.289 4926.289 4935.225 4943.483 4951.742 4960.0 4968.258 4973.83 4975.961 4978.092 4980.223 4982.354 4975.809 4966.965 4958.122 4949.278 4939.896 4927.283 4914.668 4902.054 4889.44 4877.484 4866.2 4854.915 4843.631 4832.346 4822.402 4812.701 4802.999
4699.952 4696.49 4693.027 4689.564 4686.861 4684.621 4682.381 4680.141 4677.9 4678.978 4680.146 4681.313 4682.481 4684.635 4688.831 4693.027 4697.223 4701.419 4714.61 4732.08 4749.55 4767.02 4784.409 4799.2 4813.991 4828.782 4843.573 4856.228 4865.426 4874.624 4883.822 4893.021 4902.27 4911.538 4920.805 4930.073 4939.268 4947.695 4956.121 4964.548 4972.974 4978.502 4980.318 4982.134 4983.95 4985.765 4978.448 4968.711 4958.975 4949.238 4939.069 4926.303 4913.536 4900.77 4888.003 4876.059 4864.953 4853.847 4842.741 4831.635 4821.924 4812.463 4803.003
4702.01 4698.495 4694.979 4691.464 4688.783 4686.611 4684.44 4682.268 4680.096 4680.899 4681.783 4682.667 4683.552 4685.459 4689.487 4693.515 4697.543 4701.571 4714.758 4732.301 4749.844 4767.388 4784.861 4800.072 4815.284 4830.495 4845.706 4858.652 4867.935 4877.217 4886.499 4895.781 4905.25 4914.786 4924.321 4933.857 4943.312 4951.906 4960.5 4969.095 4977.689 4983.174 4984.674 4986.175 4987.676 4989.176 4981.087 4970.457 4959.828 4949.198 4938.242 4925.323 4912.404 4899.485 4886.566 4874.633 4863.706 4852.779 4841.852 4830.924 4821.445 4812.226 4803.008
4704.067 4700.5 4696.932 4693.364 4690.706 4688.603 4686.499 4684.396 4682.292 4682.82 4683.421 4684.021 4684.622 4686.284 4690.144 4694.003 4697.863 4701.723 4714.905 4732.522 4750.139 4767.756 4785.313 4800.945 4816.576 4832.208 4847.839 4861.078 4870.444 4879.81 4889.176 4898.542 4908.23 4918.034 4927.837 4937.641 4947.355 4956.118 4964.88 4973.643 4982.405 4987.846 4989.031 4990.217 4991.402 4992.587 4983.726 4972.203 4960.68 4949.158 4937.414 4924.343 4911.271 4898.201 4885.129 4873.208 4862.459 4851.71 4840.962 4830.213 4820.966 4811.989 4803.012
4706.355 4702.615 4698.875 4695.134 4692.445 4690.396 4688.347 4686.298 4684.249 4684.656 4685.131 4685.605 4686.08 4687.693 4691.666 4695.638 4699.611 4703.583 4716.395 4733.41 4750.426 4767.441 4784.404 4799.675 4814.945 4830.216 4845.487 4858.551 4868.046 4877.541 4887.036 4896.531 4906.349 4916.283 4926.218 4936.152 4945.987 4954.771 4963.554 4972.337 4981.121 4986.406 4987.211 4988.017 4988.821 4989.626 4980.407 4968.533 4956.659 4944.784 4932.789 4920.069 4907.349 4894.629 4881.91 4870.322 4859.889 4849.456 4839.023 4828.59 4819.81 4811.328 4802.847
4708.765 4704.789 4700.812 4696.835 4694.085 4692.084 4690.082 4688.081 4686.079 4686.447 4686.879 4687.312 4687.744 4689.415 4693.65 4697.885 4702.121 4706.356 4718.6 4734.654 4750.708 4766.762 4782.77 4797.263 4811.756 4826.249 4840.742 4853.384 4863.031 4872.679 4882.326 4891.973 4901.874 4911.866 4921.858 4931.851 4941.734 4950.459 4959.185 4967.911 4976.636 4981.707 4982.097 4982.487 4982.877 4983.268 4973.911 4961.974 4950.037 4938.099 4926.139 4914.039 4901.938 4889.838 4877.739 4866.656 4856.612 4846.568 4836.523 4826.479 4818.293 4810.442 4802.59
4711.175 4706.962 4702.75 4698.537 4695.727 4693.772 4691.818 4689.863 4687.909 4688.237 4688.627 4689.018 4689.409 4691.136 4695.634 4700.132 4704.63 4709.128 4720.806 4735.898 4750.991 4766.083 4781.135 4794.851 4808.566 4822.282 4835.998 4848.217 4858.017 4867.817 4877.616 4887.416 4897.399 4907.449 4917.5 4927.55 4937.48 4946.148 4954.816 4963.484 4972.152 4977.008 4976.983 4976.958 4976.933 4976.908 4967.416 4955.415 4943.415 4931.415 4919.488 4908.008 4896.528 4885.048 4873.568 4862.991 4853.335 4843.68 4834.024 4824.369 4816.776 4809.555 4802.334
4713.586 4709.136 4704.687 4700.237 4697.367 4695.46 4693.553 4691.646 4689.739 4690.027 4690.376 4690.724 4691.073 4692.857 4697.618 4702.379 4707.14 4711.9 4723.011 4737.142 4751.273 4765.405 4779.5 4792.438 4805.376 4818.315 4831.253 4843.05 4853.002 4862.955 4872.906 4882.858 4892.924 4903.032 4913.141 4923.248 4933.227 4941.837 4950.447 4959.057 4967.667 4972.309 4971.869 4971.429 4970.989 4970.549 4960.919 4948.856 4936.792 4924.729 4912.838 4901.978 4891.117 4880.257 4869.397 4859.325 4850.059 4840.792 4831.525 4822.259 4815.259 4808.668 4802.078
4715.881 4711.197 4706.513 4701.829 4698.902 4697.046 4695.191 4693.335 4691.479 4691.786 4692.15 4692.516 4692.881 4694.771 4699.821 4704.871 4709.921 4714.971 4725.51 4738.66 4751.811 4764.96 4778.08 4790.201 4802.322 4814.444 4826.565 4837.897 4847.952 4858.006 4868.061 4878.116 4888.228 4898.361 4908.495 4918.627 4928.624 4937.171 4945.719 4954.266 4962.814 4967.275 4966.502 4965.73 4964.958 4964.185 4954.524 4942.508 4930.493 4918.477 4906.71 4896.44 4886.169 4875.898 4865.628 4856.028 4847.112 4838.196 4829.281 4820.365 4813.908 4807.894 4801.881
4717.164 4712.259 4707.354 4702.45 4699.495 4697.728 4695.962 4694.196 4692.429 4693.259 4694.16 4695.061 4695.962 4698.384 4703.959 4709.535 4715.11 4720.686 4730.611 4742.605 4754.6 4766.594 4778.558 4789.513 4800.468 4811.423 4822.378 4832.861 4842.58 4852.298 4862.017 4871.735 4881.565 4891.436 4901.306 4911.177 4920.924 4929.366 4937.809 4946.251 4954.693 4959.271 4958.897 4958.524 4958.151 4957.778 4949.015 4938.028 4927.042 4916.057 4905.218 4895.268 4885.318 4875.368 4865.417 4855.987 4847.087 4838.187 4829.287 4820.387 4814.021 4808.113 4802.204
4718.447 4713.321 4708.196 4703.07 4700.087 4698.41 4696.733 4695.056 4693.379 4694.733 4696.169 4697.606 4699.043 4701.998 4708.099 4714.199 4720.3 4726.4 4735.712 4746.551 4757.39 4768.229 4779.036 4788.825 4798.614 4808.403 4818.192 4827.825 4837.208 4846.59 4855.972 4865.354 4874.902 4884.51 4894.118 4903.726 4913.224 4921.561 4929.898 4938.236 4946.573 4951.267 4951.292 4951.319 4951.345 4951.371 4943.505 4933.548 4923.592 4913.636 4903.726 4894.096 4884.466 4874.836 4865.207 4855.946 4847.062 4838.177 4829.293 4820.409 4814.135 4808.331 4802.528
4719.729 4714.383 4709.037 4703.691 4700.68 4699.092 4697.504 4695.917 4694.329 4696.207 4698.179 4700.152 4702.124 4705.611 4712.237 4718.863 4725.489 4732.115 4740.813 4750.496 4760.179 4769.862 4779.514 4788.137 4796.759 4805.382 4814.005 4822.79 4831.835 4840.881 4849.928 4858.974 4868.239 4877.584 4886.93 4896.275 4905.524 4913.756 4921.988 4930.221 4938.453 4943.262 4943.688 4944.113 4944.539 4944.964 4937.996 4929.069 4920.142 4911.215 4902.233 4892.924 4883.615 4874.305 4864.996 4855.905 4847.036 4838.168 4829.299 4820.431 4814.248 4808.55 4802.852
4721.012 4715.445 4709.878 4704.312 4701.272 4699.774 4698.275 4696.777 4695.279 4697.68 4700.188 4702.697 4705.206 4709.225 4716.376 4723.527 4730.679 4737.83 4745.914 4754.441 4762.969 4771.497 4779.992 4787.449 4794.905 4802.362 4809.818 4817.753 4826.463 4835.173 4843.883 4852.593 4861.576 4870.659 4879.741 4888.824 4897.824 4905.951 4914.078 4922.206 4930.333 4935.258 4936.083 4936.907 4937.732 4938.557 4932.486 4924.589 4916.691 4908.794 4900.741 4891.752 4882.763 4873.774 4864.785 4855.864 4847.011 4838.158 4829.306 4820.453 4814.361 4808.768 4803.175
4722.0 4716.256 4710.512 4704.768 4701.737 4700.359 4698.982 4697.605 4696.228 4699.329 4702.552 4705.776 4708.999 4713.657 4721.287 4728.917 4736.548 4744.178 4751.784 4759.379 4766.974 4774.568 4782.122 4788.346 4794.569 4800.793 4807.017 4814.002 4822.22 4830.438 4838.655 4846.872 4855.612 4864.542 4873.472 4882.402 4891.254 4899.294 4907.333 4915.373 4923.413 4928.485 4929.759 4931.032 4932.305 4933.578 4928.431 4921.584 4914.736 4907.889 4900.793 4892.203 4883.612 4875.021 4866.431 4857.668 4848.73 4839.792 4830.854 4821.916 4815.692 4809.958 4804.224
4722.748 4716.862 4710.976 4705.09 4702.097 4700.867 4699.636 4698.406 4697.176 4701.12 4705.205 4709.29 4713.375 4718.757 4726.829 4734.9 4742.972 4751.043 4758.283 4765.126 4771.97 4778.813 4785.6 4790.536 4795.473 4800.41 4805.347 4811.3 4818.897 4826.495 4834.092 4841.689 4850.219 4859.085 4867.952 4876.819 4885.608 4893.574 4901.54 4909.506 4917.472 4922.718 4924.479 4926.241 4928.003 4929.765 4925.563 4919.782 4914.001 4908.22 4902.104 4893.976 4885.848 4877.72 4869.591 4860.979 4851.873 4842.767 4833.66 4824.554 4818.015 4811.939 4805.864
