data/zism_data/00324_01_D.txt
ncols         224
nrows         224
[rows 0 to 27 of 224, columns 0 to 63 of 224]
1447.2 1447.262 1447.325 1447.387 1447.467 1447.592 1447.717 1447.842 1447.967 1448.0 1448.0 1448.0 1448.0 1448.0 1448.0 1448.0 1448.0 1448.0 1448.0 1448.0 1448.0 1448.0 1447.971 1447.751 1447.53 1447.31 1447.089 1446.962 1446.899 1446.835 1446.771 1446.698 1446.468 1446.238 1446.007 1445.777 1445.492 1445.157 1444.823 1444.488 1444.154 1444.026 1443.9 1443.775 1443.65 1443.576 1443.566 1443.555 1443.544 1443.533 1443.455 1443.37 1443.286 1443.201 1443.109 1443.004 1442.899 1442.793 1442.688 1442.609 1442.536 1442.463 1442.389 1442.287
1447.055 1447.124 1447.192 1447.26 1447.348 1447.484 1447.621 1447.757 1447.894 1447.93 1447.93 1447.93 1447.93 1447.931 1447.938 1447.945 1447.952 1447.959 1447.961 1447.961 1447.961 1447.961 1447.933 1447.721 1447.51 1447.298 1447.086 1446.971 1446.922 1446.873 1446.824 1446.763 1446.508 1446.252 1445.997 1445.742 1445.423 1445.045 1444.667 1444.289 1443.912 1443.771 1443.635 1443.498 1443.362 1443.286 1443.286 1443.286 1443.286 1443.286 1443.215 1443.136 1443.057 1442.979 1442.893 1442.797 1442.701 1442.605 1442.508 1442.425 1442.345 1442.265 1442.184 1442.072
1447.042 1447.095 1447.147 1447.199 1447.266 1447.37 1447.474 1447.579 1447.683 1447.71 1447.71 1447.71 1447.71 1447.716 1447.745 1447.773 1447.801 1447.83 1447.839 1447.839 1447.839 1447.839 1447.815 1447.63 1447.445 1447.26 1447.075 1446.971 1446.922 1446.873 1446.824 1446.761 1446.474 1446.186 1445.899 1445.611 1445.26 1444.85 1444.44 1444.03 1443.62 1443.511 1443.407 1443.302 1443.198 1443.14 1443.14 1443.14 1443.14 1443.14 1443.054 1442.959 1442.864 1442.769 1442.676 1442.585 1442.494 1442.403 1442.313 1442.213 1442.111 1442.009 1441.907 1441.789
1447.029 1447.065 1447.101 1447.138 1447.184 1447.256 1447.328 1447.4 1447.472 1447.491 1447.491 1447.491 1447.491 1447.501 1447.551 1447.601 1447.651 1447.701 1447.717 1447.717 1447.717 1447.717 1447.697 1447.539 1447.38 1447.222 1447.064 1446.971 1446.922 1446.873 1446.824 1446.759 1446.439 1446.12 1445.8 1445.48 1445.097 1444.655 1444.212 1443.77 1443.328 1443.25 1443.178 1443.106 1443.034 1442.994 1442.994 1442.994 1442.994 1442.994 1442.893 1442.782 1442.671 1442.56 1442.459 1442.373 1442.288 1442.202 1442.117 1442.0 1441.876 1441.753 1441.63 1441.507
1447.016 1447.036 1447.056 1447.076 1447.102 1447.142 1447.182 1447.222 1447.262 1447.272 1447.272 1447.272 1447.272 1447.286 1447.358 1447.429 1447.5 1447.572 1447.596 1447.596 1447.596 1447.596 1447.578 1447.447 1447.316 1447.185 1447.053 1446.971 1446.922 1446.873 1446.824 1446.757 1446.405 1446.053 1445.702 1445.35 1444.934 1444.459 1443.985 1443.511 1443.036 1442.99 1442.95 1442.91 1442.87 1442.848 1442.848 1442.848 1442.848 1442.848 1442.732 1442.605 1442.478 1442.351 1442.242 1442.162 1442.082 1442.001 1441.921 1441.787 1441.642 1441.497 1441.352 1441.224
1447.003 1447.007 1447.011 1447.015 1447.02 1447.027 1447.035 1447.043 1447.051 1447.053 1447.053 1447.053 1447.053 1447.072 1447.164 1447.257 1447.35 1447.443 1447.474 1447.474 1447.474 1447.474 1447.46 1447.356 1447.251 1447.147 1447.042 1446.971 1446.922 1446.873 1446.824 1446.755 1446.371 1445.987 1445.603 1445.219 1444.771 1444.264 1443.758 1443.251 1442.744 1442.729 1442.722 1442.714 1442.706 1442.702 1442.702 1442.702 1442.702 1442.702 1442.571 1442.428 1442.285 1442.142 1442.025 1441.95 1441.875 1441.8 1441.725 1441.574 1441.407 1441.241 1441.075 1440.942
1447.0 1447.0 1447.0 1447.0 1447.0 1447.0 1447.0 1447.0 1447.0 1447.0 1447.0 1447.0 1447.0 1447.017 1447.098 1447.18 1447.262 1447.343 1447.37 1447.37 1447.37 1447.37 1447.355 1447.237 1447.118 1447.0 1446.882 1446.795 1446.729 1446.664 1446.599 1446.515 1446.127 1445.739 1445.351 1444.964 1444.522 1444.033 1443.543 1443.053 1442.563 1442.556 1442.556 1442.556 1442.556 1442.556 1442.556 1442.556 1442.556 1442.556 1442.41 1442.251 1442.092 1441.933 1441.801 1441.716 1441.63 1441.544 1441.458 1441.314 1441.159 1441.004 1440.849 1440.717
1447.0 1447.0 1447.0 1447.0 1447.0 1447.0 1447.0 1447.0 1447.0 1447.0 1447.0 1447.0 1447.0 1447.012 1447.072 1447.133 1447.193 1447.253 1447.273 1447.273 1447.273 1447.273 1447.254 1447.109 1446.964 1446.818 1446.673 1446.563 1446.476 1446.389 1446.302 1446.199 1445.816 1445.434 1445.051 1444.669 1444.247 1443.789 1443.332 1442.874 1442.416 1442.41 1442.41 1442.41 1442.41 1442.41 1442.41 1442.41 1442.41 1442.41 1442.25 1442.074 1441.899 1441.724 1441.576 1441.474 1441.372 1441.271 1441.169 1441.04 1440.906 1440.773 1440.639 1440.511
1447.0 1447.0 1447.0 1447.0 1447.0 1447.0 1447.0 1447.0 1447.0 1447.0 1447.0 1447.0 1447.0 1447.008 1447.047 1447.085 1447.124 1447.163 1447.176 1447.176 1447.176 1447.176 1447.153 1446.981 1446.809 1446.637 1446.465 1446.331 1446.223 1446.114 1446.006 1445.882 1445.505 1445.128 1444.751 1444.374 1443.972 1443.546 1443.121 1442.695 1442.27 1442.263 1442.263 1442.263 1442.263 1442.263 1442.263 1442.263 1442.263 1442.263 1442.089 1441.897 1441.706 1441.515 1441.351 1441.233 1441.115 1440.997 1440.879 1440.766 1440.654 1440.542 1440.429 1440.305
1447.0 1447.0 1447.0 1447.0 1447.0 1447.0 1447.0 1447.0 1447.0 1447.0 1447.0 1447.0 1447.0 1447.004 1447.021 1447.038 1447.055 1447.073 1447.078 1447.078 1447.078 1447.078 1447.052 1446.853 1446.655 1446.456 1446.257 1446.099 1445.969 1445.839 1445.71 1445.566 1445.194 1444.823 1444.451 1444.079 1443.696 1443.303 1442.91 1442.516 1442.123 1442.117 1442.117 1442.117 1442.117 1442.117 1442.117 1442.117 1442.117 1442.117 1441.928 1441.72 1441.513 1441.305 1441.125 1440.991 1440.857 1440.723 1440.589 1440.492 1440.401 1440.31 1440.22 1440.099
1446.976 1446.983 1446.989 1446.995 1447.0 1447.0 1447.0 1447.0 1447.0 1447.0 1447.0 1447.0 1447.0 1447.0 1447.0 1447.0 1447.0 1447.0 1446.998 1446.995 1446.992 1446.988 1446.956 1446.733 1446.509 1446.286 1446.062 1445.882 1445.732 1445.582 1445.432 1445.269 1444.905 1444.541 1444.176 1443.812 1443.449 1443.088 1442.727 1442.366 1442.005 1441.994 1441.987 1441.981 1441.975 1441.97 1441.967 1441.963 1441.96 1441.957 1441.758 1441.541 1441.324 1441.107 1440.915 1440.765 1440.614 1440.464 1440.314 1440.227 1440.151 1440.075 1440.0 1439.882
1446.856 1446.895 1446.933 1446.972 1447.0 1447.0 1447.0 1447.0 1447.0 1447.0 1447.0 1447.0 1447.0 1447.0 1447.0 1447.0 1447.0 1447.0 1446.987 1446.968 1446.949 1446.929 1446.881 1446.641 1446.402 1446.162 1445.922 1445.726 1445.56 1445.394 1445.228 1445.051 1444.703 1444.354 1444.006 1443.658 1443.32 1442.991 1442.662 1442.334 1442.005 1441.962 1441.923 1441.885 1441.846 1441.816 1441.797 1441.778 1441.759 1441.739 1441.554 1441.353 1441.152 1440.95 1440.762 1440.596 1440.43 1440.264 1440.098 1439.998 1439.912 1439.826 1439.739 1439.622
1446.736 1446.807 1446.878 1446.949 1447.0 1447.0 1447.0 1447.0 1447.0 1447.0 1447.0 1447.0 1447.0 1447.0 1447.0 1447.0 1447.0 1447.0 1446.976 1446.941 1446.906 1446.87 1446.806 1446.55 1446.294 1446.039 1445.783 1445.571 1445.388 1445.206 1445.024 1444.833 1444.5 1444.168 1443.836 1443.504 1443.191 1442.894 1442.598 1442.301 1442.004 1441.93 1441.859 1441.789 1441.718 1441.663 1441.628 1441.592 1441.557 1441.521 1441.349 1441.164 1440.979 1440.794 1440.61 1440.428 1440.245 1440.063 1439.881 1439.77 1439.673 1439.576 1439.479 1439.362
1446.616 1446.719 1446.822 1446.925 1447.0 1447.0 1447.0 1447.0 1447.0 1447.0 1447.0 1447.0 1447.0 1447.0 1447.0 1447.0 1447.0 1447.0 1446.966 1446.914 1446.863 1446.811 1446.731 1446.459 1446.187 1445.915 1445.643 1445.415 1445.216 1445.018 1444.82 1444.614 1444.298 1443.982 1443.667 1443.351 1443.062 1442.797 1442.533 1442.268 1442.004 1441.899 1441.796 1441.693 1441.59 1441.51 1441.458 1441.407 1441.355 1441.304 1441.145 1440.976 1440.807 1440.638 1440.458 1440.26 1440.061 1439.863 1439.664 1439.542 1439.434 1439.326 1439.219 1439.103
1446.496 1446.632 1446.767 1446.902 1447.0 1447.0 1447.0 1447.0 1447.0 1447.0 1447.0 1447.0 1447.0 1447.0 1447.0 1447.0 1447.0 1447.0 1446.955 1446.887 1446.82 1446.752 1446.656 1446.368 1446.08 1445.792 1445.504 1445.259 1445.045 1444.83 1444.615 1444.396 1444.096 1443.796 1443.497 1443.197 1442.932 1442.7 1442.468 1442.236 1442.003 1441.867 1441.732 1441.596 1441.461 1441.356 1441.289 1441.221 1441.153 1441.086 1440.94 1440.788 1440.635 1440.482 1440.306 1440.091 1439.877 1439.662 1439.448 1439.314 1439.195 1439.077 1438.958 1438.843
1446.39 1446.516 1446.643 1446.769 1446.861 1446.861 1446.861 1446.861 1446.861 1446.876 1446.896 1446.917 1446.937 1446.954 1446.954 1446.954 1446.954 1446.954 1446.898 1446.814 1446.73 1446.647 1446.541 1446.288 1446.035 1445.782 1445.529 1445.279 1445.031 1444.784 1444.536 1444.286 1444.006 1443.726 1443.445 1443.165 1442.918 1442.701 1442.484 1442.267 1442.05 1441.891 1441.734 1441.577 1441.42 1441.285 1441.177 1441.07 1440.962 1440.855 1440.705 1440.551 1440.397 1440.244 1440.067 1439.854 1439.64 1439.426 1439.213 1439.076 1438.953 1438.831 1438.708 1438.598
1446.29 1446.385 1446.479 1446.573 1446.642 1446.642 1446.642 1446.642 1446.642 1446.681 1446.733 1446.786 1446.839 1446.88 1446.88 1446.88 1446.88 1446.88 1446.814 1446.714 1446.614 1446.515 1446.403 1446.214 1446.026 1445.837 1445.649 1445.4 1445.109 1444.818 1444.528 1444.239 1443.98 1443.721 1443.462 1443.203 1442.969 1442.758 1442.546 1442.334 1442.123 1441.949 1441.775 1441.602 1441.429 1441.261 1441.1 1440.938 1440.777 1440.616 1440.452 1440.287 1440.123 1439.958 1439.779 1439.576 1439.373 1439.17 1438.967 1438.832 1438.71 1438.587 1438.465 1438.36
1446.191 1446.253 1446.315 1446.377 1446.422 1446.422 1446.422 1446.422 1446.422 1446.485 1446.57 1446.655 1446.74 1446.807 1446.807 1446.807 1446.807 1446.807 1446.73 1446.614 1446.498 1446.382 1446.265 1446.141 1446.017 1445.893 1445.769 1445.52 1445.187 1444.853 1444.519 1444.191 1443.954 1443.717 1443.479 1443.242 1443.021 1442.814 1442.608 1442.402 1442.196 1442.006 1441.817 1441.627 1441.438 1441.237 1441.022 1440.807 1440.592 1440.377 1440.198 1440.023 1439.848 1439.672 1439.491 1439.299 1439.106 1438.914 1438.722 1438.589 1438.466 1438.344 1438.221 1438.123
1446.092 1446.122 1446.152 1446.182 1446.203 1446.203 1446.203 1446.203 1446.203 1446.29 1446.407 1446.524 1446.641 1446.734 1446.734 1446.734 1446.734 1446.734 1446.646 1446.514 1446.382 1446.25 1446.128 1446.068 1446.008 1445.948 1445.889 1445.641 1445.264 1444.888 1444.511 1444.144 1443.928 1443.712 1443.496 1443.28 1443.072 1442.871 1442.67 1442.469 1442.269 1442.063 1441.858 1441.652 1441.447 1441.213 1440.944 1440.675 1440.407 1440.138 1439.945 1439.759 1439.573 1439.387 1439.203 1439.021 1438.84 1438.658 1438.477 1438.345 1438.223 1438.1 1437.978 1437.886
1446.0 1446.0 1446.0 1446.0 1446.0 1446.0 1446.0 1446.0 1446.0 1446.107 1446.251 1446.396 1446.541 1446.656 1446.656 1446.656 1446.656 1446.656 1446.56 1446.415 1446.27 1446.126 1446.0 1445.996 1445.992 1445.989 1445.985 1445.74 1445.331 1444.921 1444.511 1444.114 1443.918 1443.721 1443.525 1443.329 1443.134 1442.941 1442.749 1442.556 1442.363 1442.141 1441.918 1441.695 1441.472 1441.204 1440.882 1440.559 1440.236 1439.913 1439.704 1439.505 1439.307 1439.108 1438.92 1438.748 1438.577 1438.406 1438.235 1438.106 1437.984 1437.862 1437.741 1437.656
1446.0 1446.0 1446.0 1446.0 1446.0 1446.0 1446.0 1446.0 1446.0 1446.083 1446.195 1446.308 1446.42 1446.51 1446.51 1446.51 1446.51 1446.51 1446.435 1446.323 1446.21 1446.098 1445.993 1445.941 1445.89 1445.838 1445.786 1445.576 1445.257 1444.939 1444.62 1444.308 1444.107 1443.905 1443.703 1443.502 1443.327 1443.177 1443.027 1442.877 1442.728 1442.474 1442.219 1441.964 1441.709 1441.397 1441.015 1440.633 1440.252 1439.87 1439.621 1439.385 1439.148 1438.912 1438.702 1438.537 1438.371 1438.205 1438.04 1437.92 1437.809 1437.698 1437.587 1437.51
1446.0 1446.0 1446.0 1446.0 1446.0 1446.0 1446.0 1446.0 1446.0 1446.059 1446.139 1446.22 1446.3 1446.364 1446.364 1446.364 1446.364 1446.364 1446.31 1446.23 1446.15 1446.07 1445.987 1445.887 1445.787 1445.686 1445.586 1445.411 1445.183 1444.956 1444.729 1444.503 1444.296 1444.089 1443.882 1443.675 1443.52 1443.413 1443.306 1443.199 1443.092 1442.808 1442.52 1442.233 1441.946 1441.59 1441.149 1440.708 1440.267 1439.826 1439.538 1439.264 1438.99 1438.716 1438.485 1438.325 1438.165 1438.004 1437.844 1437.734 1437.634 1437.534 1437.433 1437.364
1446.0 1446.0 1446.0 1446.0 1446.0 1446.0 1446.0 1446.0 1446.0 1446.035 1446.083 1446.131 1446.179 1446.218 1446.218 1446.218 1446.218 1446.218 1446.186 1446.138 1446.09 1446.042 1445.981 1445.832 1445.684 1445.535 1445.387 1445.246 1445.11 1444.974 1444.838 1444.698 1444.485 1444.273 1444.06 1443.848 1443.713 1443.649 1443.585 1443.521 1443.457 1443.141 1442.822 1442.502 1442.183 1441.782 1441.282 1440.782 1440.283 1439.783 1439.455 1439.143 1438.832 1438.521 1438.268 1438.113 1437.958 1437.803 1437.648 1437.548 1437.459 1437.369 1437.28 1437.218
1446.0 1446.0 1446.0 1446.0 1446.0 1446.0 1446.0 1446.0 1446.0 1446.012 1446.027 1446.043 1446.059 1446.071 1446.071 1446.071 1446.071 1446.071 1446.061 1446.045 1446.029 1446.014 1445.974 1445.777 1445.581 1445.384 1445.187 1445.081 1445.036 1444.991 1444.947 1444.892 1444.674 1444.456 1444.239 1444.021 1443.906 1443.885 1443.864 1443.843 1443.822 1443.475 1443.123 1442.771 1442.42 1441.975 1441.416 1440.857 1440.298 1439.739 1439.372 1439.023 1438.674 1438.325 1438.051 1437.901 1437.752 1437.602 1437.453 1437.362 1437.284 1437.205 1437.126 1437.071
1445.934 1445.945 1445.956 1445.967 1445.977 1445.982 1445.988 1445.993 1445.999 1446.0 1446.0 1446.0 1446.0 1446.0 1446.0 1446.0 1446.0 1446.0 1445.989 1445.973 1445.956 1445.94 1445.899 1445.695 1445.491 1445.287 1445.083 1445.0 1445.0 1445.0 1445.0 1444.989 1444.793 1444.597 1444.401 1444.206 1444.112 1444.112 1444.112 1444.112 1444.112 1443.755 1443.393 1443.031 1442.67 1442.179 1441.531 1440.883 1440.234 1439.586 1439.184 1438.806 1438.427 1438.049 1437.764 1437.634 1437.503 1437.373 1437.242 1437.16 1437.086 1437.013 1436.939 1436.888
1445.806 1445.838 1445.87 1445.903 1445.931 1445.947 1445.963 1445.979 1445.996 1446.0 1446.0 1446.0 1446.0 1446.0 1446.0 1446.0 1446.0 1446.0 1445.968 1445.919 1445.87 1445.822 1445.757 1445.585 1445.413 1445.241 1445.07 1445.0 1445.0 1445.0 1445.0 1444.991 1444.844 1444.697 1444.549 1444.402 1444.331 1444.331 1444.331 1444.331 1444.331 1443.985 1443.634 1443.283 1442.932 1442.394 1441.628 1440.861 1440.095 1439.328 1438.897 1438.497 1438.097 1437.697 1437.411 1437.313 1437.214 1437.116 1437.018 1436.94 1436.867 1436.793 1436.72 1436.669
1445.677 1445.731 1445.785 1445.839 1445.885 1445.912 1445.939 1445.966 1445.993 1446.0 1446.0 1446.0 1446.0 1446.0 1446.0 1446.0 1446.0 1446.0 1445.946 1445.865 1445.784 1445.703 1445.615 1445.475 1445.336 1445.196 1445.057 1445.0 1445.0 1445.0 1445.0 1444.994 1444.895 1444.796 1444.697 1444.598 1444.55 1444.55 1444.55 1444.55 1444.55 1444.215 1443.874 1443.534 1443.194 1442.609 1441.724 1440.84 1439.955 1439.071 1438.609 1438.188 1437.767 1437.345 1437.058 1436.992 1436.926 1436.86 1436.793 1436.721 1436.648 1436.574 1436.501 1436.45
1445.548 1445.624 1445.699 1445.774 1445.839 1445.877 1445.915 1445.953 1445.99 1446.0 1446.0 1446.0 1446.0 1446.0 1446.0 1446.0 1446.0 1446.0 1445.925 1445.812 1445.698 1445.585 1445.473 1445.366 1445.258 1445.151 1445.044 1445.0 1445.0 1445.0 1445.0 1444.997 1444.946 1444.896 1444.845 1444.794 1444.77 1444.77 1444.77 1444.77 1444.77 1444.445 1444.115 1443.785 1443.456 1442.823 1441.821 1440.818 1439.816 1438.813 1438.322 1437.879 1437.436 1436.993 1436.705 1436.671 1436.637 1436.603 1436.569 1436.502 1436.428 1436.355 1436.281 1436.23
