data/zism_data/00334_01_D.txt
ncols         224
nrows         224
[rows 174 to 202 of 224, columns 132 to 197 of 224]
301.9644 299.445 299.265 299.0849 298.9048 298.7247 298.1274 297.04 295.9526 294.8652 293.7777 292.6198 291.4539 290.288 289.122 287.764 286.0259 284.2878 282.5497 280.8116 275.9671 270.2143 264.4614 258.7086 252.2789 243.3281 234.3773 225.4265 216.4758 210.8297 206.9659 203.1022 199.2384 195.8295 197.1586 198.4877 199.8168 201.1459 204.8068 210.5729 216.339 222.1051 227.8712 235.6262 243.4565 251.2869 259.1172 264.4171 265.9444 267.4716 268.9989 270.5262 265.3587 258.9105 252.4623 246.0141 238.3971 227.7353 217.0735 206.4117 195.7498 186.4549 177.7039 168.9529 160.2019 151.8031
302.1225 300.1617 300.2007 300.2397 300.2788 300.3178 299.7799 298.5642 297.3485 296.1329 294.9172 293.8265 292.7501 291.6736 290.5971 289.2933 287.5396 285.7859 284.0322 282.2784 277.0096 270.7128 264.416 258.1192 251.2481 242.2378 233.2274 224.2171 215.2068 209.5315 205.655 201.7785 197.902 194.4326 195.2039 195.9753 196.7467 197.518 200.3985 205.183 209.9676 214.7521 219.5367 226.3298 233.1991 240.0683 246.9375 251.5736 252.8802 254.1868 255.4934 256.8 252.4417 246.9996 241.5574 236.1153 229.4591 219.6396 209.8202 200.0007 190.1812 181.1913 172.5316 163.8718 155.2121 146.9149
302.5119 301.1401 301.3713 301.6025 301.8338 302.065 301.5621 300.197 298.8319 297.4667 296.1016 295.0819 294.1015 293.1212 292.1408 290.9007 289.147 287.3933 285.6396 283.8859 278.1957 271.3543 264.513 257.6716 250.3554 241.2704 232.1853 223.1002 214.0152 208.3276 204.4724 200.6173 196.7621 193.2649 193.4971 193.7292 193.9614 194.1935 196.2795 200.039 203.7985 207.558 211.3176 217.0753 222.9088 228.7423 234.5757 238.4868 239.5318 240.5769 241.6219 242.6669 239.127 234.7099 230.2928 225.8757 220.2045 211.266 202.3275 193.3889 184.4504 175.7915 167.2439 158.6962 150.1486 141.9716
302.9012 302.1185 302.5419 302.9653 303.3888 303.8122 303.3444 301.8298 300.3152 298.8006 297.2859 296.3372 295.453 294.5687 293.6844 292.5082 290.7545 289.0007 287.247 285.4933 279.3818 271.9959 264.61 257.2241 249.4628 240.303 231.1432 221.9834 212.8235 207.1237 203.2898 199.456 195.6222 192.0973 191.7902 191.4832 191.1761 190.869 192.1604 194.8949 197.6294 200.3639 203.0984 207.8208 212.6185 217.4162 222.2139 225.4 226.1835 226.9669 227.7504 228.5338 225.8123 222.4202 219.0282 215.6361 210.95 202.8924 194.8348 186.7772 178.7196 170.3917 161.9561 153.5206 145.0851 137.0284
303.2906 303.0969 303.7125 304.3282 304.9438 305.5594 305.1267 303.4626 301.7985 300.1344 298.4703 297.5926 296.8044 296.0162 295.228 294.1156 292.3619 290.6082 288.8544 287.1007 280.5679 272.6374 264.707 256.7765 248.5701 239.3356 230.101 220.8665 211.6319 205.9197 202.1072 198.2948 194.4823 190.9296 190.0834 189.2371 188.3908 187.5445 188.0414 189.7509 191.4604 193.1698 194.8793 198.5663 202.3283 206.0902 209.8521 212.3133 212.8351 213.357 213.8789 214.4007 212.4976 210.1306 207.7635 205.3965 201.6954 194.5188 187.3421 180.1655 172.9888 164.9919 156.6684 148.345 140.0216 132.0852
305.4636 305.9039 306.2723 306.6408 307.0092 307.3777 306.724 304.8697 303.0154 301.1611 299.3068 298.494 297.7998 297.1056 296.4113 295.3772 293.6706 291.964 290.2574 288.5508 281.672 273.2806 264.8892 256.4977 247.8918 238.486 229.0803 219.6745 210.2688 204.5271 200.7617 196.9964 193.2309 189.6847 188.4214 187.1581 185.8947 184.6314 184.5168 185.4391 186.3615 187.2838 188.2061 190.9594 193.782 196.6046 199.4272 201.1772 201.3282 201.4792 201.6302 201.7812 200.3875 198.6982 197.009 195.3198 192.3065 185.8436 179.3808 172.9179 166.455 158.93 150.9823 143.0345 135.0868 127.5291
310.2962 311.4373 310.9035 310.3697 309.8358 309.302 308.0456 305.9403 303.8351 301.7299 299.6247 298.8678 298.2643 297.6608 297.0573 296.1229 294.5338 292.9447 291.3555 289.7664 282.6539 273.9261 265.1984 256.4706 247.5328 237.8121 228.0913 218.3706 208.6498 202.8534 199.1734 195.4934 191.8134 188.3245 186.8263 185.3281 183.8298 182.3316 181.8783 182.3682 182.8581 183.348 183.8379 185.8089 187.836 189.8631 191.8902 192.9498 192.5669 192.184 191.8011 191.4182 190.0733 188.5442 187.0151 185.4861 182.7173 176.719 170.7206 164.7222 158.7238 151.881 144.702 137.5231 130.3441 123.5503
315.1288 316.9708 315.5346 314.0985 312.6624 311.2263 309.3671 307.011 304.6548 302.2987 299.9426 299.2415 298.7288 298.2161 297.7034 296.8687 295.397 293.9253 292.4536 290.982 283.6358 274.5717 265.5076 256.4435 247.1738 237.1381 227.1024 217.0667 207.0309 201.1796 197.585 193.9904 190.3959 186.9644 185.2312 183.4981 181.765 180.0318 179.2398 179.2973 179.3547 179.4122 179.4697 180.6584 181.89 183.1216 184.3532 184.7223 183.8055 182.8888 181.9721 181.0553 179.759 178.3901 177.0212 175.6523 173.1282 167.5943 162.0604 156.5265 150.9926 144.8319 138.4217 132.0116 125.6014 119.5714
319.9613 322.5042 320.1658 317.8274 315.489 313.1505 310.6886 308.0816 305.4746 302.8676 300.2605 299.6153 299.1933 298.7714 298.3494 297.6144 296.2602 294.906 293.5518 292.1975 284.6177 275.2173 265.8168 256.4164 246.8149 236.4642 226.1134 215.7627 205.412 199.5058 195.9966 192.4875 188.9784 185.6042 183.6362 181.6681 179.7001 177.7321 176.6013 176.2263 175.8514 175.4764 175.1015 175.508 175.944 176.3801 176.8162 176.4948 175.0442 173.5936 172.143 170.6924 169.4448 168.2361 167.0273 165.8186 163.539 158.4696 153.4002 148.3308 143.2614 137.7829 132.1415 126.5001 120.8587 115.5926
324.7939 328.0376 324.7969 321.5562 318.3155 315.0748 312.0101 309.1522 306.2943 303.4363 300.5784 299.989 299.6578 299.3266 298.9955 298.3602 297.1234 295.8867 294.6499 293.4131 285.5996 275.8628 266.126 256.3892 246.4559 235.7902 225.1245 214.4588 203.7931 197.832 194.4083 190.9845 187.5608 184.244 182.0411 179.8382 177.6352 175.4323 173.9628 173.1554 172.348 171.5406 170.7333 170.3575 169.998 169.6386 169.2792 168.2673 166.2829 164.2984 162.3139 160.3295 159.1306 158.082 157.0334 155.9848 153.9498 149.3449 144.7401 140.1351 135.5302 130.7338 125.8612 120.9886 116.116 111.6137
332.2436 335.3239 330.9389 326.5539 322.1689 317.784 313.9508 310.7658 307.5808 304.3958 301.2108 300.4683 300.0038 299.5393 299.0748 298.2655 296.7743 295.283 293.7917 292.3004 284.4014 274.6285 264.8557 255.0828 245.1597 234.6764 224.1931 213.7098 203.2266 197.382 194.0392 190.6964 187.3536 184.1011 181.7887 179.4764 177.164 174.8517 173.0677 171.7606 170.4536 169.1466 167.8396 166.8043 165.7794 164.7544 163.7294 162.1121 159.6117 157.1113 154.6109 152.1105 150.794 149.7039 148.6138 147.5237 145.5938 141.4758 137.3578 133.2398 129.1217 125.0363 120.9638 116.8913 112.8188 109.074
340.1941 342.9455 337.3699 331.7944 326.2188 320.6433 316.0099 312.4832 308.9566 305.4299 301.9033 300.9677 300.327 299.6863 299.0457 298.0101 296.1931 294.3762 292.5593 290.7423 282.7862 273.0346 263.2831 253.5316 243.6841 233.4784 223.2727 213.0671 202.8614 197.1661 193.9034 190.6407 187.378 184.191 181.7933 179.3955 176.9977 174.5999 172.5061 170.6865 168.867 167.0475 165.228 163.5568 161.8911 160.2255 158.5599 156.3534 153.3405 150.3276 147.3147 144.3018 142.8358 141.6656 140.4954 139.3252 137.4736 133.8468 130.22 126.5931 122.9663 119.5973 116.3309 113.0645 109.7981 106.8095
348.1446 350.567 343.8009 337.0348 330.2687 323.5026 318.069 314.2007 310.3324 306.4641 302.5957 301.4671 300.6502 299.8334 299.0166 297.7546 295.612 293.4694 291.3268 289.1842 281.1709 271.4407 261.7105 251.9804 242.2085 232.2804 222.3524 212.4243 202.4962 196.9502 193.7676 190.585 187.4023 184.281 181.7978 179.3146 176.8314 174.3482 171.9444 169.6125 167.2805 164.9485 162.6165 160.3092 158.0029 155.6966 153.3903 150.5946 147.0692 143.5439 140.0185 136.4931 134.8775 133.6273 132.377 131.1267 129.3535 126.2178 123.0822 119.9465 116.8109 114.1583 111.6981 109.2378 106.7775 104.5451
356.0951 358.1886 350.2319 342.2753 334.3186 326.3619 320.1281 315.9182 311.7082 307.4982 303.2882 301.9665 300.9735 299.9805 298.9875 297.4991 295.0309 292.5626 290.0943 287.6261 279.5556 269.8468 260.138 250.4292 240.7329 231.0825 221.432 211.7815 202.131 196.7343 193.6318 190.5292 187.4267 184.3709 181.8023 179.2337 176.6651 174.0965 171.3828 168.5384 165.6939 162.8494 160.0049 157.0617 154.1147 151.1677 148.2208 144.8358 140.798 136.7601 132.7222 128.6844 126.9193 125.5889 124.2586 122.9282 121.2334 118.5889 115.9444 113.2999 110.6554 108.7194 107.0652 105.411 103.7569 102.2806
362.9084 364.5147 355.7451 346.9754 338.2058 329.4361 322.617 318.0891 313.5611 309.0332 304.5052 302.8067 301.4302 300.0538 298.6773 296.7747 293.8311 290.8876 287.9441 285.0006 276.8334 267.1386 257.4438 247.7489 238.176 229.0564 219.9367 210.817 201.6974 196.607 193.6897 190.7723 187.855 184.9671 182.3857 179.8042 177.2227 174.6412 171.7269 168.512 165.2972 162.0824 158.8675 155.3263 151.7727 148.2192 144.6656 140.6785 136.0453 131.412 126.7787 122.1454 120.2287 118.8315 117.4344 116.0373 114.4313 112.2809 110.1306 107.9802 105.8299 104.4978 103.4913 102.4848 101.4784 100.6051
366.7589 367.4656 358.8668 350.268 341.6692 333.0703 326.2257 321.4414 316.6572 311.873 307.0888 304.5349 302.2348 299.9348 297.6347 294.8282 291.0197 287.2113 283.4029 279.5944 271.2274 261.5273 251.8271 242.1269 232.8018 224.8727 216.9436 209.0145 201.0853 196.7103 194.2522 191.794 189.3359 186.8824 184.4771 182.0717 179.6664 177.2611 174.4304 171.2155 168.0007 164.7858 161.571 157.5308 153.4593 149.3879 145.3164 140.6936 135.2488 129.8041 124.3593 118.9146 116.8406 115.4115 113.9823 112.5531 111.0632 109.4147 107.7662 106.1177 104.4693 103.4481 102.6765 101.9049 101.1333 100.4639
370.6094 370.4165 361.9885 353.5605 345.1325 336.7046 329.8343 324.7938 319.7533 314.7128 309.6723 306.263 303.0394 299.8157 296.5921 292.8817 288.2083 283.5349 278.8616 274.1882 265.6214 255.9159 246.2104 236.5049 227.4276 220.689 213.9504 207.2119 200.4733 196.8137 194.8147 192.8157 190.8167 188.7976 186.5685 184.3393 182.1102 179.881 177.1339 173.919 170.7042 167.4893 164.2745 159.7353 155.1459 150.5566 145.9672 140.7087 134.4524 128.1962 121.94 115.6837 113.4526 111.9914 110.5302 109.069 107.695 106.5484 105.4018 104.2552 103.1086 102.3983 101.8616 101.325 100.7883 100.3227
374.4599 373.3673 365.1102 356.8531 348.5959 340.3388 333.443 328.1462 322.8494 317.5526 312.2559 307.9912 303.844 299.6967 295.5495 290.9352 285.3969 279.8586 274.3203 268.782 260.0154 250.3046 240.5938 230.883 222.0535 216.5054 210.9573 205.4093 199.8612 196.917 195.3772 193.8374 192.2976 190.7128 188.6599 186.6069 184.5539 182.5009 179.8373 176.6225 173.4077 170.1928 166.978 161.9398 156.8325 151.7253 146.618 140.7237 133.656 126.5883 119.5206 112.4529 110.0645 108.5713 107.0781 105.5848 104.3269 103.6822 103.0375 102.3927 101.748 101.3486 101.0468 100.745 100.4433 100.1814
378.3104 376.3182 368.2319 360.1456 352.0593 343.973 337.0516 331.4986 325.9455 320.3925 314.8394 309.7193 304.6485 299.5777 294.5069 288.9887 282.5855 276.1823 269.7791 263.3759 254.4093 244.6932 234.9771 225.261 216.6793 212.3217 207.9642 203.6067 199.2491 197.0203 195.9397 194.8591 193.7784 192.628 190.7512 188.8744 186.9976 185.1208 182.5408 179.326 176.1111 172.8963 169.6814 164.1443 158.5191 152.894 147.2688 140.7388 132.8596 124.9804 117.1012 109.222 106.6765 105.1512 103.6259 102.1007 100.9588 100.8159 100.6731 100.5302 100.3873 100.2988 100.232 100.1651 100.0982 100.0402
375.3392 371.8133 363.9398 356.0663 348.1929 340.3194 333.6744 328.4723 323.2702 318.0681 312.866 307.2679 301.6249 295.9818 290.3387 284.2539 277.2951 270.3364 263.3776 256.4189 248.203 239.6196 231.0362 222.4529 215.1179 212.4321 209.7463 207.0605 204.3747 202.958 202.2257 201.4935 200.7613 199.9248 198.0027 196.0806 194.1584 192.2363 189.4943 186.0121 182.5299 179.0478 175.5656 170.0495 164.4565 158.8634 153.2703 146.6422 138.4709 130.2996 122.1283 113.957 110.86 108.7337 106.6074 104.481 102.8206 102.3737 101.9269 101.48 101.0332 100.7803 100.6046 100.429 100.2533 100.101
369.6531 364.3411 356.6972 349.0533 341.4094 333.7655 327.517 322.9075 318.2979 313.6884 309.0789 303.1532 297.0777 291.0023 284.9268 278.4095 271.0183 263.6271 256.2359 248.8447 241.7579 234.7601 227.7623 220.7645 215.074 214.2514 213.4288 212.6062 211.7836 211.2174 210.7895 210.3616 209.9337 209.3633 207.3076 205.252 203.1964 201.1408 198.1391 194.2832 190.4273 186.5714 182.7155 177.4276 172.0854 166.7433 161.4011 154.8889 146.6322 138.3755 130.1188 121.8621 118.0568 115.103 112.1491 109.1953 106.7636 105.6921 104.6205 103.549 102.4775 101.8711 101.4499 101.0286 100.6074 100.2422
363.9671 356.869 349.4547 342.0403 334.626 327.2117 321.3596 317.3427 313.3257 309.3088 305.2919 299.0385 292.5306 286.0227 279.5148 272.5651 264.7414 256.9178 249.0941 241.2705 235.3127 229.9005 224.4884 219.0762 215.03 216.0706 217.1113 218.1519 219.1925 219.4769 219.3533 219.2297 219.1062 218.8017 216.6126 214.4235 212.2345 210.0454 206.7839 202.5543 198.3247 194.095 189.8654 184.8056 179.7144 174.6232 169.532 163.1356 154.7935 146.4514 138.1093 129.7671 125.2535 121.4722 117.6909 113.9096 110.7066 109.0104 107.3142 105.618 103.9218 102.962 102.2951 101.6283 100.9614 100.3835
358.281 349.3968 342.2121 335.0273 327.8426 320.6578 315.2022 311.7779 308.3535 304.9292 301.5049 294.9238 287.9835 281.0431 274.1028 266.7207 258.4646 250.2085 241.9524 233.6963 228.8675 225.041 221.2144 217.3879 214.9861 217.8899 220.7938 223.6976 226.6015 227.7363 227.9171 228.0979 228.2786 228.2401 225.9176 223.595 221.2725 218.9499 215.4287 210.8254 206.222 201.6187 197.0153 192.1837 187.3434 182.5031 177.6628 171.3824 162.9548 154.5273 146.0997 137.6722 132.4503 127.8415 123.2327 118.6239 114.6497 112.3288 110.0079 107.687 105.3662 104.0528 103.1404 102.2279 101.3155 100.5247
352.9524 342.4621 335.4987 328.5354 321.572 314.6086 309.5015 306.5748 303.6481 300.7214 297.7947 290.9314 283.62 276.3086 268.9973 261.2861 252.7842 244.2822 235.7803 227.2784 223.7043 221.5714 219.4385 217.3056 216.6109 221.2724 225.9339 230.5954 235.2569 237.1893 237.6499 238.1104 238.571 238.769 236.232 233.6949 231.1579 228.6208 224.8118 219.8543 214.8969 209.9395 204.9821 200.3359 195.7015 191.0672 186.4328 180.2584 171.788 163.3176 154.8472 146.3768 140.5406 135.2082 129.8759 124.5435 119.8745 116.9339 113.9932 111.0526 108.112 106.2808 104.8913 103.5017 102.1121 100.904
349.5988 338.4962 331.709 324.9217 318.1345 311.3473 306.3231 303.3697 300.4163 297.4629 294.5095 287.6147 280.2713 272.9279 265.5844 258.1155 250.3984 242.6813 234.9642 227.2471 225.6227 225.78 225.9373 226.0947 227.454 233.2899 239.1259 244.9619 250.7979 253.2354 253.8401 254.4449 255.0496 255.3211 252.1221 248.923 245.724 242.525 238.2728 233.0698 227.8668 222.6638 217.4608 212.7646 208.0875 203.4104 198.7333 192.6105 184.3323 176.054 167.7758 159.4976 153.5668 148.085 142.6031 137.1213 132.1799 128.6467 125.1134 121.5801 118.0469 114.7906 111.6447 108.4987 105.3528 102.5987
346.2451 334.5302 327.9191 321.3081 314.6971 308.086 303.1447 300.1646 297.1845 294.2044 291.2243 284.298 276.9225 269.5471 262.1716 254.945 248.0127 241.0804 234.1482 227.2159 227.5411 229.9886 232.4362 234.8837 238.297 245.3075 252.3179 259.3284 266.3388 269.2816 270.0304 270.7793 271.5281 271.8732 268.0122 264.1512 260.2902 256.4292 251.7339 246.2853 240.8367 235.3882 229.9396 225.1932 220.4734 215.7536 211.0338 204.9626 196.8766 188.7905 180.7045 172.6185 166.5931 160.9617 155.3304 149.6991 144.4853 140.3594 136.2335 132.1076 127.9817 123.3004 118.3981 113.4958 108.5935 104.2933
342.8914 330.5642 324.1293 317.6945 311.2596 304.8247 299.9662 296.9594 293.9526 290.9459 287.9391 280.9813 273.5738 266.1663 258.7588 251.7744 245.627 239.4795 233.3321 227.1847 229.4594 234.1972 238.935 243.6728 249.1401 257.325 265.5099 273.6949 281.8798 285.3277 286.2207 287.1137 288.0067 288.4253 283.9023 279.3793 274.8564 270.3334 265.1949 259.5008 253.8066 248.1125 242.4184 237.6218 232.8593 228.0968 223.3343 217.3147 209.4209 201.527 193.6332 185.7393 179.6193 173.8385 168.0577 162.2769 156.7907 152.0722 147.3537 142.6351 137.9166 131.8102 125.1516 118.4929 111.8342 105.988
339.5378 326.5982 320.3395 314.0808 307.8221 301.5634 296.7878 293.7543 290.7208 287.6873 284.6538 277.6646 270.225 262.7855 255.346 248.6038 243.2412 237.8786 232.516 227.1534 231.3778 238.4058 245.4338 252.4618 259.9832 269.3426 278.702 288.0614 297.4207 301.3738 302.4109 303.4481 304.4852 304.9774 299.7924 294.6075 289.4225 284.2375 278.6559 272.7162 266.7765 260.8368 254.8971 250.0505 245.2453 240.44 235.6348 229.6668 221.9651 214.2635 206.5618 198.8602 192.6456 186.7153 180.785 174.8547 169.0961 163.785 158.4738 153.1627 147.8515 140.3201 131.905 123.4899 115.0749 107.6826
339.155 326.5229 320.5699 314.6168 308.6636 302.7105 298.0674 294.963 291.8587 288.7543 285.6499 278.8967 271.7281 264.5596 257.3911 251.0352 246.287 241.5388 236.7906 232.0424 237.2693 245.4133 253.5574 261.7015 270.2971 280.5754 290.8536 301.1318 311.41 315.7602 316.9131 318.0659 319.2188 319.7843 314.2309 308.6775 303.1241 297.5707 291.6405 285.37 279.0995 272.829 266.5585 261.537 256.5628 251.5886 246.6144 240.654 233.2235 225.7929 218.3624 210.9318 205.242 199.8851 194.5281 189.1712 183.6941 177.9039 172.1138 166.3236 160.5334 151.2615 140.604 129.9464 119.2889 109.92
