data/zism_data/00330_01_D.txt
ncols         224
nrows         224
[rows 174 to 202 of 224, columns 130 to 194 of 224]
1500.0 1500.0 1500.0 1500.0 1500.0 1500.0 1500.0 1500.0 1500.0 1500.0 1500.0 1500.0 1500.0 1500.0 1500.0 1500.0 1500.0 1500.0 1500.0 1500.0 1500.0 1499.99 1499.964 1499.938 1499.911 1499.885 1499.848 1499.809 1499.77 1499.731 1499.688 1499.636 1499.584 1499.532 1499.48 1499.376 1499.248 1499.121 1498.993 1498.866 1498.739 1498.612 1498.485 1498.358 1498.179 1497.956 1497.734 1497.512 1497.289 1497.094 1496.9 1496.705 1496.51 1496.358 1496.266 1496.174 1496.082 1495.99 1495.881 1495.769 1495.657 1495.545 1495.42 1495.261 1495.102
1500.0 1500.0 1500.0 1500.0 1500.0 1500.0 1500.0 1500.0 1500.0 1500.0 1500.0 1500.0 1500.0 1500.0 1500.0 1500.0 1500.0 1500.0 1500.0 1500.0 1500.0 1499.985 1499.949 1499.912 1499.875 1499.838 1499.786 1499.731 1499.676 1499.62 1499.56 1499.487 1499.413 1499.34 1499.266 1499.181 1499.091 1499.001 1498.911 1498.813 1498.654 1498.495 1498.336 1498.177 1497.971 1497.727 1497.484 1497.24 1496.996 1496.8 1496.606 1496.411 1496.216 1496.077 1496.017 1495.958 1495.898 1495.838 1495.721 1495.593 1495.465 1495.336 1495.198 1495.034 1494.87
1500.0 1500.0 1500.0 1500.0 1500.0 1500.0 1500.0 1500.0 1500.0 1500.0 1500.0 1500.0 1500.0 1500.0 1500.0 1500.0 1500.0 1500.0 1500.0 1500.0 1500.0 1499.981 1499.934 1499.886 1499.839 1499.791 1499.724 1499.652 1499.581 1499.51 1499.432 1499.337 1499.242 1499.147 1499.052 1498.986 1498.934 1498.881 1498.829 1498.76 1498.569 1498.378 1498.187 1497.995 1497.764 1497.498 1497.233 1496.968 1496.702 1496.506 1496.312 1496.117 1495.923 1495.796 1495.769 1495.741 1495.714 1495.686 1495.56 1495.416 1495.272 1495.128 1494.977 1494.807 1494.637
1499.899 1499.942 1499.986 1500.0 1500.0 1500.0 1500.0 1500.0 1500.0 1500.0 1500.0 1500.0 1499.977 1499.934 1499.89 1499.847 1499.803 1499.802 1499.802 1499.802 1499.802 1499.786 1499.748 1499.708 1499.67 1499.63 1499.575 1499.517 1499.458 1499.4 1499.325 1499.204 1499.083 1498.961 1498.84 1498.775 1498.736 1498.697 1498.658 1498.599 1498.385 1498.171 1497.957 1497.744 1497.514 1497.27 1497.027 1496.783 1496.54 1496.34 1496.14 1495.941 1495.742 1495.598 1495.535 1495.472 1495.409 1495.347 1495.238 1495.121 1495.004 1494.887 1494.757 1494.592 1494.427
1499.787 1499.878 1499.97 1500.0 1500.0 1500.0 1500.0 1500.0 1500.0 1500.0 1500.0 1500.0 1499.951 1499.86 1499.768 1499.676 1499.585 1499.581 1499.581 1499.581 1499.581 1499.57 1499.542 1499.514 1499.485 1499.457 1499.417 1499.375 1499.332 1499.29 1499.22 1499.072 1498.924 1498.776 1498.628 1498.562 1498.534 1498.505 1498.477 1498.425 1498.189 1497.954 1497.719 1497.484 1497.259 1497.042 1496.826 1496.609 1496.392 1496.187 1495.983 1495.778 1495.573 1495.409 1495.303 1495.198 1495.092 1494.986 1494.898 1494.813 1494.728 1494.643 1494.538 1494.378 1494.218
1499.674 1499.814 1499.954 1500.0 1500.0 1500.0 1500.0 1500.0 1500.0 1500.0 1500.0 1500.0 1499.926 1499.786 1499.646 1499.506 1499.366 1499.361 1499.361 1499.361 1499.361 1499.354 1499.337 1499.319 1499.301 1499.284 1499.259 1499.233 1499.206 1499.18 1499.116 1498.941 1498.766 1498.591 1498.416 1498.349 1498.331 1498.314 1498.296 1498.251 1497.994 1497.737 1497.481 1497.224 1497.004 1496.814 1496.624 1496.435 1496.245 1496.035 1495.825 1495.615 1495.405 1495.22 1495.071 1494.923 1494.774 1494.626 1494.557 1494.505 1494.452 1494.399 1494.319 1494.165 1494.01
1499.562 1499.75 1499.938 1500.0 1500.0 1500.0 1500.0 1500.0 1500.0 1500.0 1500.0 1500.0 1499.9 1499.712 1499.524 1499.336 1499.147 1499.141 1499.141 1499.141 1499.141 1499.138 1499.131 1499.124 1499.117 1499.11 1499.101 1499.091 1499.08 1499.07 1499.011 1498.809 1498.607 1498.406 1498.204 1498.136 1498.129 1498.122 1498.115 1498.077 1497.799 1497.521 1497.242 1496.964 1496.749 1496.586 1496.423 1496.26 1496.097 1495.883 1495.668 1495.452 1495.237 1495.031 1494.84 1494.648 1494.457 1494.265 1494.217 1494.197 1494.176 1494.156 1494.1 1493.951 1493.802
1499.447 1499.654 1499.861 1499.932 1499.936 1499.939 1499.943 1499.946 1499.943 1499.939 1499.935 1499.931 1499.819 1499.611 1499.404 1499.197 1498.99 1498.975 1498.967 1498.959 1498.951 1498.947 1498.947 1498.947 1498.947 1498.947 1498.939 1498.929 1498.919 1498.91 1498.849 1498.64 1498.431 1498.222 1498.012 1497.937 1497.924 1497.91 1497.897 1497.852 1497.57 1497.287 1497.005 1496.723 1496.515 1496.367 1496.219 1496.071 1495.923 1495.708 1495.491 1495.274 1495.057 1494.84 1494.623 1494.406 1494.19 1493.973 1493.935 1493.931 1493.927 1493.923 1493.881 1493.735 1493.589
1499.325 1499.5 1499.676 1499.743 1499.757 1499.772 1499.787 1499.798 1499.784 1499.769 1499.755 1499.74 1499.64 1499.465 1499.29 1499.115 1498.94 1498.905 1498.876 1498.847 1498.818 1498.8 1498.8 1498.8 1498.8 1498.8 1498.77 1498.733 1498.697 1498.66 1498.586 1498.404 1498.222 1498.039 1497.857 1497.765 1497.714 1497.662 1497.611 1497.536 1497.281 1497.026 1496.771 1496.515 1496.316 1496.163 1496.009 1495.856 1495.703 1495.493 1495.281 1495.07 1494.858 1494.647 1494.435 1494.224 1494.012 1493.8 1493.754 1493.74 1493.725 1493.71 1493.66 1493.514 1493.369
1499.204 1499.347 1499.49 1499.554 1499.579 1499.605 1499.63 1499.65 1499.625 1499.6 1499.574 1499.549 1499.461 1499.318 1499.175 1499.032 1498.889 1498.835 1498.785 1498.734 1498.683 1498.653 1498.653 1498.653 1498.653 1498.653 1498.601 1498.537 1498.474 1498.411 1498.324 1498.168 1498.013 1497.857 1497.702 1497.592 1497.503 1497.415 1497.326 1497.221 1496.993 1496.764 1496.536 1496.307 1496.117 1495.958 1495.8 1495.641 1495.483 1495.278 1495.071 1494.865 1494.659 1494.453 1494.247 1494.04 1493.834 1493.628 1493.574 1493.548 1493.523 1493.498 1493.44 1493.294 1493.148
1499.083 1499.194 1499.305 1499.365 1499.401 1499.438 1499.474 1499.502 1499.466 1499.43 1499.394 1499.358 1499.282 1499.171 1499.061 1498.95 1498.839 1498.766 1498.694 1498.622 1498.55 1498.506 1498.506 1498.506 1498.506 1498.506 1498.432 1498.341 1498.251 1498.161 1498.061 1497.932 1497.804 1497.675 1497.546 1497.419 1497.293 1497.167 1497.041 1496.906 1496.704 1496.502 1496.301 1496.099 1495.918 1495.754 1495.59 1495.426 1495.262 1495.062 1494.862 1494.661 1494.46 1494.259 1494.058 1493.857 1493.657 1493.456 1493.393 1493.357 1493.321 1493.285 1493.219 1493.073 1492.928
1498.962 1499.041 1499.119 1499.177 1499.223 1499.27 1499.317 1499.354 1499.307 1499.261 1499.214 1499.167 1499.103 1499.025 1498.946 1498.868 1498.789 1498.696 1498.603 1498.509 1498.416 1498.359 1498.359 1498.359 1498.359 1498.359 1498.262 1498.146 1498.029 1497.912 1497.799 1497.697 1497.595 1497.493 1497.391 1497.247 1497.083 1496.919 1496.756 1496.591 1496.416 1496.241 1496.066 1495.891 1495.719 1495.55 1495.381 1495.211 1495.042 1494.847 1494.652 1494.456 1494.261 1494.065 1493.87 1493.674 1493.479 1493.283 1493.213 1493.166 1493.119 1493.073 1492.999 1492.853 1492.707
1498.767 1498.88 1498.993 1499.057 1499.097 1499.136 1499.176 1499.208 1499.168 1499.128 1499.089 1499.049 1498.977 1498.878 1498.778 1498.679 1498.579 1498.473 1498.367 1498.261 1498.155 1498.085 1498.072 1498.059 1498.045 1498.032 1497.948 1497.848 1497.749 1497.649 1497.548 1497.442 1497.336 1497.23 1497.124 1496.986 1496.833 1496.681 1496.528 1496.374 1496.204 1496.033 1495.863 1495.693 1495.52 1495.346 1495.171 1494.996 1494.822 1494.632 1494.442 1494.252 1494.062 1493.872 1493.681 1493.491 1493.301 1493.111 1493.021 1492.95 1492.88 1492.809 1492.725 1492.606 1492.486
1498.557 1498.718 1498.879 1498.952 1498.981 1499.01 1499.039 1499.062 1499.033 1499.004 1498.975 1498.946 1498.862 1498.73 1498.599 1498.467 1498.335 1498.218 1498.101 1497.984 1497.867 1497.785 1497.756 1497.726 1497.697 1497.668 1497.603 1497.53 1497.457 1497.385 1497.301 1497.184 1497.067 1496.95 1496.833 1496.707 1496.576 1496.445 1496.313 1496.178 1496.008 1495.837 1495.667 1495.497 1495.321 1495.141 1494.961 1494.781 1494.601 1494.417 1494.232 1494.047 1493.863 1493.678 1493.493 1493.308 1493.124 1492.939 1492.827 1492.73 1492.632 1492.534 1492.44 1492.353 1492.265
1498.347 1498.556 1498.765 1498.847 1498.865 1498.883 1498.901 1498.916 1498.898 1498.879 1498.861 1498.843 1498.747 1498.583 1498.419 1498.255 1498.091 1497.963 1497.835 1497.708 1497.58 1497.485 1497.439 1497.394 1497.348 1497.303 1497.257 1497.211 1497.166 1497.12 1497.053 1496.925 1496.798 1496.67 1496.543 1496.427 1496.318 1496.208 1496.099 1495.982 1495.812 1495.641 1495.471 1495.301 1495.123 1494.937 1494.752 1494.566 1494.381 1494.202 1494.022 1493.843 1493.663 1493.484 1493.305 1493.125 1492.946 1492.766 1492.633 1492.509 1492.385 1492.26 1492.154 1492.099 1492.044
1498.136 1498.394 1498.652 1498.741 1498.749 1498.757 1498.764 1498.77 1498.763 1498.755 1498.747 1498.74 1498.632 1498.436 1498.24 1498.044 1497.848 1497.707 1497.569 1497.431 1497.292 1497.184 1497.123 1497.061 1497.0 1496.938 1496.912 1496.893 1496.874 1496.855 1496.805 1496.667 1496.529 1496.39 1496.252 1496.148 1496.06 1495.972 1495.884 1495.786 1495.616 1495.446 1495.275 1495.105 1494.924 1494.733 1494.542 1494.351 1494.161 1493.986 1493.812 1493.638 1493.464 1493.29 1493.116 1492.942 1492.768 1492.594 1492.439 1492.288 1492.137 1491.986 1491.869 1491.846 1491.823
1497.891 1498.179 1498.466 1498.56 1498.56 1498.56 1498.56 1498.56 1498.56 1498.56 1498.56 1498.56 1498.443 1498.225 1498.006 1497.787 1497.568 1497.429 1497.292 1497.155 1497.019 1496.909 1496.841 1496.773 1496.704 1496.636 1496.613 1496.599 1496.584 1496.571 1496.525 1496.389 1496.252 1496.115 1495.979 1495.883 1495.805 1495.728 1495.65 1495.562 1495.398 1495.234 1495.07 1494.906 1494.725 1494.529 1494.333 1494.136 1493.94 1493.767 1493.593 1493.42 1493.247 1493.077 1492.913 1492.749 1492.585 1492.421 1492.253 1492.084 1491.916 1491.747 1491.62 1491.606 1491.592
1497.562 1497.833 1498.104 1498.193 1498.193 1498.193 1498.193 1498.193 1498.193 1498.193 1498.193 1498.193 1498.076 1497.857 1497.638 1497.42 1497.201 1497.092 1496.988 1496.883 1496.779 1496.695 1496.643 1496.591 1496.538 1496.486 1496.426 1496.364 1496.301 1496.239 1496.166 1496.062 1495.957 1495.853 1495.748 1495.651 1495.558 1495.464 1495.37 1495.271 1495.128 1494.986 1494.843 1494.701 1494.526 1494.324 1494.123 1493.922 1493.72 1493.536 1493.352 1493.168 1492.984 1492.816 1492.674 1492.531 1492.389 1492.246 1492.086 1491.923 1491.76 1491.596 1491.46 1491.398 1491.336
1497.232 1497.487 1497.742 1497.825 1497.825 1497.825 1497.825 1497.825 1497.825 1497.825 1497.825 1497.825 1497.709 1497.49 1497.271 1497.052 1496.833 1496.756 1496.683 1496.611 1496.539 1496.481 1496.445 1496.409 1496.373 1496.336 1496.239 1496.129 1496.018 1495.908 1495.807 1495.735 1495.662 1495.59 1495.518 1495.42 1495.31 1495.2 1495.091 1494.979 1494.858 1494.737 1494.616 1494.495 1494.327 1494.12 1493.913 1493.707 1493.5 1493.305 1493.11 1492.915 1492.72 1492.556 1492.435 1492.313 1492.192 1492.071 1491.919 1491.761 1491.603 1491.445 1491.3 1491.19 1491.079
1496.902 1497.141 1497.379 1497.458 1497.458 1497.458 1497.458 1497.458 1497.458 1497.458 1497.458 1497.458 1497.341 1497.122 1496.904 1496.685 1496.466 1496.419 1496.379 1496.339 1496.299 1496.267 1496.247 1496.227 1496.207 1496.187 1496.052 1495.894 1495.735 1495.576 1495.448 1495.408 1495.368 1495.327 1495.287 1495.188 1495.063 1494.937 1494.811 1494.688 1494.588 1494.489 1494.389 1494.289 1494.128 1493.916 1493.704 1493.492 1493.279 1493.074 1492.868 1492.663 1492.457 1492.295 1492.195 1492.096 1491.996 1491.896 1491.752 1491.6 1491.447 1491.295 1491.14 1490.982 1490.823
1496.572 1496.795 1497.017 1497.091 1497.091 1497.091 1497.091 1497.091 1497.091 1497.091 1497.091 1497.091 1496.974 1496.755 1496.536 1496.317 1496.099 1496.083 1496.075 1496.067 1496.059 1496.053 1496.049 1496.045 1496.041 1496.037 1495.865 1495.659 1495.452 1495.245 1495.089 1495.081 1495.073 1495.065 1495.057 1494.957 1494.815 1494.673 1494.531 1494.397 1494.318 1494.24 1494.162 1494.084 1493.929 1493.712 1493.494 1493.277 1493.059 1492.843 1492.627 1492.41 1492.194 1492.034 1491.956 1491.878 1491.8 1491.721 1491.585 1491.438 1491.291 1491.144 1490.98 1490.773 1490.566
1496.214 1496.432 1496.651 1496.723 1496.723 1496.723 1496.723 1496.723 1496.723 1496.723 1496.723 1496.723 1496.619 1496.425 1496.23 1496.036 1495.841 1495.811 1495.786 1495.762 1495.738 1495.723 1495.723 1495.723 1495.723 1495.723 1495.543 1495.324 1495.105 1494.886 1494.723 1494.723 1494.723 1494.723 1494.723 1494.64 1494.518 1494.396 1494.275 1494.158 1494.077 1493.996 1493.915 1493.834 1493.682 1493.471 1493.26 1493.049 1492.839 1492.624 1492.409 1492.194 1491.979 1491.816 1491.727 1491.638 1491.549 1491.459 1491.333 1491.199 1491.065 1490.932 1490.776 1490.561 1490.346
1495.846 1496.065 1496.284 1496.356 1496.356 1496.356 1496.356 1496.356 1496.356 1496.356 1496.356 1496.356 1496.269 1496.107 1495.944 1495.782 1495.619 1495.559 1495.503 1495.446 1495.39 1495.356 1495.356 1495.356 1495.356 1495.356 1495.175 1494.956 1494.738 1494.519 1494.356 1494.356 1494.356 1494.356 1494.356 1494.294 1494.205 1494.115 1494.026 1493.936 1493.844 1493.753 1493.661 1493.569 1493.418 1493.218 1493.018 1492.818 1492.618 1492.409 1492.199 1491.99 1491.78 1491.611 1491.501 1491.39 1491.28 1491.169 1491.052 1490.935 1490.817 1490.699 1490.557 1490.347 1490.138
1495.479 1495.698 1495.916 1495.988 1495.988 1495.988 1495.988 1495.988 1495.988 1495.988 1495.988 1495.988 1495.919 1495.789 1495.658 1495.528 1495.398 1495.308 1495.219 1495.13 1495.042 1494.988 1494.988 1494.988 1494.988 1494.988 1494.808 1494.589 1494.37 1494.151 1493.988 1493.988 1493.988 1493.988 1493.988 1493.949 1493.892 1493.834 1493.777 1493.714 1493.612 1493.509 1493.407 1493.304 1493.154 1492.965 1492.776 1492.586 1492.397 1492.193 1491.989 1491.785 1491.581 1491.406 1491.274 1491.142 1491.01 1490.879 1490.772 1490.67 1490.569 1490.467 1490.338 1490.134 1489.93
1495.111 1495.33 1495.549 1495.621 1495.621 1495.621 1495.621 1495.621 1495.621 1495.621 1495.621 1495.621 1495.569 1495.47 1495.372 1495.274 1495.176 1495.056 1494.935 1494.815 1494.694 1494.621 1494.621 1494.621 1494.621 1494.621 1494.44 1494.222 1494.003 1493.784 1493.621 1493.621 1493.621 1493.621 1493.621 1493.604 1493.578 1493.553 1493.528 1493.493 1493.38 1493.266 1493.153 1493.04 1492.891 1492.712 1492.534 1492.355 1492.176 1491.978 1491.779 1491.581 1491.382 1491.202 1491.048 1490.895 1490.741 1490.588 1490.492 1490.406 1490.321 1490.235 1490.119 1489.92 1489.721
1494.72 1494.929 1495.137 1495.206 1495.206 1495.206 1495.206 1495.206 1495.206 1495.206 1495.206 1495.206 1495.169 1495.099 1495.03 1494.96 1494.891 1494.754 1494.615 1494.477 1494.338 1494.254 1494.254 1494.254 1494.254 1494.254 1494.076 1493.86 1493.645 1493.43 1493.27 1493.27 1493.27 1493.27 1493.27 1493.27 1493.27 1493.27 1493.27 1493.255 1493.136 1493.017 1492.898 1492.778 1492.632 1492.463 1492.294 1492.125 1491.956 1491.763 1491.57 1491.376 1491.183 1490.999 1490.829 1490.659 1490.488 1490.318 1490.226 1490.148 1490.07 1489.993 1489.885 1489.695 1489.505
1494.245 1494.405 1494.565 1494.618 1494.618 1494.618 1494.618 1494.618 1494.618 1494.618 1494.618 1494.618 1494.589 1494.536 1494.483 1494.429 1494.376 1494.271 1494.164 1494.057 1493.951 1493.886 1493.886 1493.886 1493.886 1493.886 1493.722 1493.522 1493.323 1493.124 1492.976 1492.976 1492.976 1492.976 1492.976 1492.976 1492.976 1492.976 1492.976 1492.963 1492.854 1492.746 1492.637 1492.529 1492.39 1492.226 1492.063 1491.899 1491.735 1491.548 1491.36 1491.172 1490.984 1490.803 1490.633 1490.463 1490.292 1490.122 1490.012 1489.913 1489.813 1489.714 1489.597 1489.428 1489.26
1493.769 1493.881 1493.993 1494.03 1494.03 1494.03 1494.03 1494.03 1494.03 1494.03 1494.03 1494.03 1494.01 1493.973 1493.935 1493.898 1493.861 1493.788 1493.713 1493.638 1493.564 1493.519 1493.519 1493.519 1493.519 1493.519 1493.368 1493.184 1493.001 1492.818 1492.682 1492.682 1492.682 1492.682 1492.682 1492.682 1492.682 1492.682 1492.682 1492.67 1492.572 1492.474 1492.377 1492.279 1492.148 1491.99 1491.831 1491.673 1491.515 1491.333 1491.15 1490.967 1490.785 1490.607 1490.437 1490.267 1490.096 1489.926 1489.798 1489.677 1489.557 1489.436 1489.308 1489.161 1489.015
1493.294 1493.357 1493.421 1493.442 1493.442 1493.442 1493.442 1493.442 1493.442 1493.442 1493.442 1493.442 1493.431 1493.409 1493.388 1493.367 1493.346 1493.304 1493.262 1493.219 1493.177 1493.151 1493.151 1493.151 1493.151 1493.151 1493.013 1492.846 1492.679 1492.512 1492.388 1492.388 1492.388 1492.388 1492.388 1492.388 1492.388 1492.388 1492.388 1492.377 1492.29 1492.203 1492.116 1492.029 1491.906 1491.753 1491.6 1491.447 1491.294 1491.117 1490.94 1490.763 1490.585 1490.411 1490.241 1490.071 1489.9 1489.73 1489.584 1489.442 1489.3 1489.158 1489.02 1488.895 1488.769
