data/zism_data/00336_01_D.txt
ncols         224
nrows         224
[rows 196 to 223 of 224, columns 64 to 127 of 224]
1801.31 1802.666 1804.021 1805.752 1808.469 1811.186 1813.904 1816.621 1819.756 1823.049 1826.343 1829.636 1832.928 1836.212 1839.496 1842.78 1846.065 1849.274 1852.438 1855.602 1858.766 1861.888 1864.478 1867.068 1869.658 1872.248 1874.012 1875.017 1876.023 1877.028 1878.034 1879.1 1880.168 1881.236 1882.304 1883.55 1885.042 1886.533 1888.024 1889.515 1890.491 1891.389 1892.287 1893.185 1893.894 1894.199 1894.504 1894.809 1895.114 1895.117 1895.03 1894.942 1894.855 1894.661 1894.085 1893.509 1892.933 1892.357 1891.634 1890.839 1890.043 1889.247 1888.426 1887.409
1800.934 1802.23 1803.527 1805.194 1807.836 1810.478 1813.121 1815.763 1818.819 1822.032 1825.245 1828.458 1831.647 1834.728 1837.808 1840.888 1843.968 1847.007 1850.021 1853.035 1856.049 1859.036 1861.679 1864.323 1866.967 1869.61 1871.394 1872.388 1873.383 1874.378 1875.373 1876.538 1877.708 1878.878 1880.048 1881.375 1882.92 1884.465 1886.01 1887.555 1888.65 1889.676 1890.703 1891.73 1892.592 1893.101 1893.609 1894.118 1894.627 1894.793 1894.856 1894.919 1894.981 1894.906 1894.336 1893.765 1893.194 1892.624 1891.907 1891.116 1890.326 1889.535 1888.733 1887.84
1800.558 1801.795 1803.032 1804.636 1807.203 1809.77 1812.337 1814.905 1817.881 1821.014 1824.146 1827.279 1830.367 1833.243 1836.119 1838.996 1841.872 1844.74 1847.604 1850.468 1853.331 1856.183 1858.88 1861.577 1864.275 1866.972 1868.775 1869.76 1870.744 1871.728 1872.712 1873.975 1875.247 1876.519 1877.791 1879.201 1880.799 1882.398 1883.996 1885.595 1886.808 1887.964 1889.12 1890.275 1891.289 1892.002 1892.715 1893.428 1894.141 1894.469 1894.682 1894.895 1895.108 1895.152 1894.586 1894.021 1893.456 1892.891 1892.179 1891.394 1890.609 1889.823 1889.04 1888.271
1800.38 1801.578 1802.776 1804.317 1806.758 1809.2 1811.641 1814.083 1816.932 1819.937 1822.941 1825.946 1828.899 1831.606 1834.312 1837.019 1839.726 1842.448 1845.179 1847.911 1850.642 1853.372 1856.092 1858.812 1861.532 1864.252 1866.081 1867.094 1868.106 1869.119 1870.131 1871.506 1872.891 1874.276 1875.662 1877.17 1878.846 1880.523 1882.2 1883.877 1885.228 1886.53 1887.833 1889.135 1890.313 1891.226 1892.14 1893.053 1893.967 1894.425 1894.745 1895.066 1895.387 1895.516 1894.956 1894.396 1893.836 1893.276 1892.569 1891.787 1891.006 1890.225 1889.459 1888.809
1800.659 1801.862 1803.066 1804.543 1806.743 1808.943 1811.143 1813.343 1815.955 1818.724 1821.492 1824.261 1827.003 1829.618 1832.234 1834.85 1837.465 1840.096 1842.736 1845.376 1848.016 1850.659 1853.33 1856.002 1858.674 1861.345 1863.213 1864.343 1865.474 1866.604 1867.735 1869.249 1870.773 1872.298 1873.823 1875.468 1877.279 1879.09 1880.901 1882.712 1884.244 1885.734 1887.224 1888.714 1890.082 1891.188 1892.295 1893.401 1894.508 1895.019 1895.35 1895.682 1896.013 1896.152 1895.597 1895.043 1894.488 1893.934 1893.228 1892.447 1891.665 1890.884 1890.131 1889.594
1800.937 1802.146 1803.355 1804.77 1806.728 1808.687 1810.646 1812.604 1814.978 1817.511 1820.043 1822.576 1825.107 1827.631 1830.156 1832.68 1835.204 1837.744 1840.293 1842.842 1845.391 1847.945 1850.568 1853.192 1855.815 1858.438 1860.344 1861.593 1862.842 1864.09 1865.339 1866.991 1868.656 1870.32 1871.984 1873.766 1875.712 1877.656 1879.601 1881.547 1883.259 1884.937 1886.615 1888.293 1889.85 1891.15 1892.45 1893.749 1895.049 1895.613 1895.955 1896.297 1896.64 1896.788 1896.239 1895.689 1895.14 1894.591 1893.887 1893.106 1892.324 1891.543 1890.803 1890.379
1801.216 1802.43 1803.644 1804.996 1806.714 1808.431 1810.148 1811.865 1814.002 1816.298 1818.594 1820.891 1823.211 1825.644 1828.077 1830.51 1832.944 1835.392 1837.85 1840.307 1842.765 1845.231 1847.806 1850.381 1852.956 1855.531 1857.476 1858.843 1860.209 1861.576 1862.943 1864.734 1866.538 1868.342 1870.145 1872.065 1874.144 1876.223 1878.302 1880.381 1882.275 1884.141 1886.006 1887.872 1889.619 1891.112 1892.604 1894.097 1895.59 1896.207 1896.56 1896.913 1897.266 1897.424 1896.88 1896.336 1895.792 1895.249 1894.546 1893.765 1892.984 1892.202 1891.476 1891.164
1801.494 1802.714 1803.933 1805.223 1806.699 1808.174 1809.65 1811.125 1813.025 1815.085 1817.145 1819.206 1821.315 1823.657 1825.999 1828.341 1830.683 1833.04 1835.406 1837.773 1840.139 1842.517 1845.044 1847.571 1850.098 1852.625 1854.608 1856.092 1857.577 1859.062 1860.546 1862.476 1864.42 1866.363 1868.307 1870.363 1872.577 1874.79 1877.003 1879.216 1881.291 1883.344 1885.398 1887.451 1889.387 1891.073 1892.759 1894.445 1896.131 1896.802 1897.165 1897.529 1897.892 1898.06 1897.521 1896.983 1896.444 1895.906 1895.206 1894.424 1893.643 1892.862 1892.148 1891.949
1801.349 1802.452 1803.556 1804.704 1805.97 1807.237 1808.504 1809.77 1811.47 1813.335 1815.199 1817.064 1819.011 1821.346 1823.682 1826.018 1828.353 1830.694 1833.038 1835.382 1837.726 1840.079 1842.541 1845.003 1847.466 1849.928 1851.961 1853.6 1855.239 1856.878 1858.517 1860.579 1862.654 1864.729 1866.804 1868.973 1871.271 1873.57 1875.869 1878.168 1880.392 1882.605 1884.818 1887.031 1889.112 1890.91 1892.708 1894.507 1896.305 1897.013 1897.391 1897.769 1898.148 1898.333 1897.824 1897.315 1896.807 1896.298 1895.637 1894.9 1894.163 1893.426 1892.757 1892.602
1801.064 1802.012 1802.96 1803.941 1805.009 1806.077 1807.145 1808.213 1809.726 1811.409 1813.091 1814.773 1816.573 1818.93 1821.287 1823.644 1826.001 1828.35 1830.694 1833.038 1835.382 1837.73 1840.122 1842.515 1844.907 1847.3 1849.386 1851.192 1852.997 1854.802 1856.608 1858.8 1861.003 1863.207 1865.411 1867.683 1870.052 1872.421 1874.789 1877.158 1879.522 1881.885 1884.248 1886.611 1888.822 1890.706 1892.59 1894.474 1896.358 1897.098 1897.493 1897.887 1898.281 1898.488 1898.016 1897.545 1897.074 1896.603 1895.994 1895.316 1894.638 1893.96 1893.345 1893.212
1800.78 1801.573 1802.365 1803.178 1804.048 1804.917 1805.787 1806.656 1807.983 1809.483 1810.982 1812.482 1814.135 1816.514 1818.892 1821.271 1823.649 1826.006 1828.35 1830.694 1833.038 1835.381 1837.703 1840.026 1842.349 1844.672 1846.812 1848.783 1850.755 1852.727 1854.699 1857.02 1859.353 1861.685 1864.017 1866.394 1868.833 1871.271 1873.709 1876.148 1878.651 1881.165 1883.678 1886.192 1888.532 1890.502 1892.472 1894.442 1896.412 1897.184 1897.594 1898.005 1898.415 1898.642 1898.209 1897.775 1897.341 1896.907 1896.35 1895.732 1895.113 1894.494 1893.934 1893.822
1800.496 1801.133 1801.77 1802.416 1803.087 1803.758 1804.429 1805.1 1806.239 1807.557 1808.874 1810.191 1811.697 1814.097 1816.497 1818.897 1821.297 1823.662 1826.006 1828.35 1830.694 1833.032 1835.285 1837.538 1839.791 1842.044 1844.237 1846.375 1848.513 1850.651 1852.789 1855.241 1857.702 1860.163 1862.624 1865.105 1867.613 1870.121 1872.629 1875.138 1877.781 1880.445 1883.108 1885.772 1888.242 1890.297 1892.353 1894.409 1896.465 1897.269 1897.696 1898.123 1898.549 1898.797 1898.401 1898.005 1897.609 1897.212 1896.707 1896.147 1895.588 1895.028 1894.522 1894.432
1800.219 1800.712 1801.205 1801.698 1802.187 1802.677 1803.167 1803.657 1804.628 1805.781 1806.935 1808.088 1809.461 1811.874 1814.286 1816.699 1819.112 1821.482 1823.826 1826.17 1828.514 1830.847 1833.047 1835.247 1837.446 1839.646 1841.885 1844.162 1846.438 1848.714 1850.99 1853.551 1856.12 1858.689 1861.258 1863.824 1866.385 1868.947 1871.509 1874.07 1876.807 1879.571 1882.335 1885.099 1887.661 1889.79 1891.92 1894.05 1896.179 1897.042 1897.523 1898.004 1898.485 1898.788 1898.451 1898.114 1897.778 1897.441 1897.003 1896.514 1896.025 1895.536 1895.096 1895.028
1799.969 1800.366 1800.763 1801.154 1801.531 1801.908 1802.285 1802.663 1803.536 1804.599 1805.661 1806.723 1808.016 1810.408 1812.799 1815.191 1817.582 1819.944 1822.288 1824.632 1826.976 1829.31 1831.52 1833.731 1835.941 1838.151 1840.41 1842.713 1845.016 1847.319 1849.622 1852.209 1854.805 1857.401 1859.997 1862.574 1865.125 1867.676 1870.227 1872.777 1875.429 1878.097 1880.764 1883.431 1885.936 1888.092 1890.249 1892.405 1894.562 1895.588 1896.272 1896.957 1897.642 1898.136 1897.944 1897.752 1897.56 1897.368 1897.057 1896.686 1896.315 1895.945 1895.612 1895.571
1799.72 1800.02 1800.32 1800.61 1800.875 1801.139 1801.404 1801.668 1802.445 1803.416 1804.387 1805.358 1806.572 1808.942 1811.312 1813.682 1816.052 1818.405 1820.749 1823.093 1825.437 1827.772 1829.994 1832.215 1834.436 1836.657 1838.935 1841.264 1843.594 1845.924 1848.254 1850.868 1853.491 1856.114 1858.736 1861.324 1863.865 1866.405 1868.945 1871.485 1874.051 1876.622 1879.193 1881.763 1884.211 1886.394 1888.577 1890.76 1892.944 1894.133 1895.021 1895.91 1896.799 1897.484 1897.437 1897.39 1897.342 1897.295 1897.111 1896.858 1896.606 1896.353 1896.128 1896.114
1799.47 1799.674 1799.877 1800.066 1800.218 1800.37 1800.522 1800.674 1801.353 1802.233 1803.113 1803.993 1805.128 1807.476 1809.825 1812.173 1814.522 1816.867 1819.211 1821.555 1823.899 1826.235 1828.467 1830.699 1832.931 1835.162 1837.459 1839.816 1842.172 1844.529 1846.886 1849.527 1852.176 1854.826 1857.476 1860.075 1862.604 1865.134 1867.663 1870.192 1872.673 1875.147 1877.622 1880.096 1882.486 1884.696 1886.906 1889.116 1891.326 1892.678 1893.77 1894.863 1895.955 1896.832 1896.929 1897.027 1897.125 1897.223 1897.165 1897.031 1896.896 1896.761 1896.644 1896.656
1799.221 1799.327 1799.434 1799.522 1799.562 1799.601 1799.64 1799.679 1800.261 1801.05 1801.839 1802.627 1803.684 1806.01 1808.338 1810.664 1812.991 1815.329 1817.673 1820.017 1822.361 1824.698 1826.94 1829.183 1831.425 1833.668 1835.984 1838.367 1840.751 1843.134 1845.517 1848.185 1850.862 1853.538 1856.215 1858.825 1861.344 1863.862 1866.381 1868.9 1871.295 1873.673 1876.05 1878.428 1880.76 1882.998 1885.234 1887.472 1889.708 1891.223 1892.519 1893.816 1895.112 1896.179 1896.422 1896.665 1896.907 1897.15 1897.22 1897.203 1897.186 1897.17 1897.16 1897.199
1799.115 1799.177 1799.24 1799.286 1799.286 1799.286 1799.286 1799.286 1799.781 1800.464 1801.148 1801.831 1802.783 1805.012 1807.24 1809.469 1811.697 1814.048 1816.472 1818.897 1821.321 1823.735 1826.013 1828.291 1830.569 1832.846 1835.184 1837.577 1839.97 1842.362 1844.755 1847.391 1850.035 1852.679 1855.323 1857.924 1860.467 1863.01 1865.553 1868.096 1870.475 1872.829 1875.184 1877.538 1879.856 1882.095 1884.334 1886.574 1888.813 1890.372 1891.725 1893.078 1894.432 1895.57 1895.933 1896.296 1896.659 1897.022 1897.206 1897.3 1897.394 1897.489 1897.577 1897.619
1799.085 1799.132 1799.178 1799.212 1799.212 1799.212 1799.212 1799.212 1799.626 1800.197 1800.767 1801.338 1802.173 1804.262 1806.351 1808.44 1810.529 1812.904 1815.452 1818.0 1820.548 1823.079 1825.406 1827.732 1830.058 1832.384 1834.745 1837.137 1839.53 1841.923 1844.315 1846.89 1849.469 1852.048 1854.628 1857.21 1859.796 1862.382 1864.967 1867.553 1869.952 1872.322 1874.693 1877.063 1879.388 1881.617 1883.846 1886.074 1888.303 1889.843 1891.174 1892.506 1893.838 1894.983 1895.453 1895.923 1896.394 1896.864 1897.155 1897.357 1897.558 1897.76 1897.942 1897.973
1799.056 1799.086 1799.117 1799.139 1799.139 1799.139 1799.139 1799.139 1799.471 1799.929 1800.387 1800.845 1801.563 1803.512 1805.462 1807.411 1809.361 1811.76 1814.431 1817.103 1819.774 1822.424 1824.798 1827.172 1829.547 1831.921 1834.305 1836.698 1839.091 1841.483 1843.876 1846.387 1848.903 1851.418 1853.933 1856.495 1859.124 1861.753 1864.382 1867.01 1869.429 1871.815 1874.202 1876.588 1878.921 1881.139 1883.357 1885.575 1887.793 1889.313 1890.624 1891.934 1893.245 1894.396 1894.973 1895.551 1896.128 1896.706 1897.104 1897.413 1897.722 1898.031 1898.307 1898.327
1799.026 1799.041 1799.055 1799.066 1799.066 1799.066 1799.066 1799.066 1799.316 1799.661 1800.007 1800.352 1800.952 1802.762 1804.573 1806.382 1808.193 1810.616 1813.411 1816.205 1819.0 1821.768 1824.191 1826.613 1829.036 1831.459 1833.866 1836.258 1838.651 1841.044 1843.437 1845.885 1848.336 1850.787 1853.238 1855.781 1858.453 1861.124 1863.796 1866.468 1868.905 1871.308 1873.711 1876.114 1878.454 1880.661 1882.868 1885.075 1887.282 1888.784 1890.073 1891.362 1892.651 1893.809 1894.493 1895.178 1895.863 1896.548 1897.054 1897.47 1897.886 1898.303 1898.672 1898.682
1799.0 1799.0 1799.0 1799.0 1799.0 1799.0 1799.0 1799.0 1799.173 1799.412 1799.65 1799.889 1800.377 1802.051 1803.724 1805.397 1807.07 1809.513 1812.421 1815.328 1818.236 1821.113 1823.601 1826.089 1828.577 1831.065 1833.516 1835.934 1838.352 1840.769 1843.187 1845.587 1847.987 1850.387 1852.787 1855.314 1858.016 1860.718 1863.42 1866.122 1868.574 1870.988 1873.401 1875.815 1878.159 1880.351 1882.544 1884.736 1886.929 1888.402 1889.658 1890.914 1892.17 1893.32 1894.087 1894.854 1895.621 1896.389 1896.986 1897.499 1898.012 1898.524 1898.978 1898.983
1799.0 1799.0 1799.0 1799.0 1799.0 1799.0 1799.0 1799.0 1799.134 1799.319 1799.504 1799.689 1800.114 1801.674 1803.235 1804.795 1806.356 1808.769 1811.699 1814.628 1817.557 1820.47 1823.172 1825.875 1828.577 1831.28 1833.962 1836.627 1839.291 1841.956 1844.62 1847.096 1849.565 1852.035 1854.505 1857.038 1859.66 1862.281 1864.903 1867.524 1869.937 1872.319 1874.701 1877.083 1879.388 1881.533 1883.677 1885.821 1887.966 1889.325 1890.447 1891.568 1892.69 1893.705 1894.332 1894.96 1895.588 1896.215 1896.766 1897.279 1897.792 1898.305 1898.764 1898.817
1799.0 1799.0 1799.0 1799.0 1799.0 1799.0 1799.0 1799.0 1799.095 1799.227 1799.358 1799.49 1799.85 1801.298 1802.746 1804.194 1805.641 1808.026 1810.977 1813.927 1816.878 1819.826 1822.743 1825.66 1828.577 1831.494 1834.408 1837.32 1840.231 1843.142 1846.054 1848.604 1851.143 1853.683 1856.222 1858.762 1861.303 1863.844 1866.385 1868.927 1871.301 1873.651 1876.0 1878.35 1880.618 1882.714 1884.81 1886.906 1889.002 1890.247 1891.235 1892.223 1893.21 1894.09 1894.578 1895.066 1895.554 1896.042 1896.547 1897.059 1897.572 1898.085 1898.55 1898.651
1799.0 1799.0 1799.0 1799.0 1799.0 1799.0 1799.0 1799.0 1799.056 1799.134 1799.212 1799.29 1799.586 1800.921 1802.257 1803.592 1804.927 1807.282 1810.255 1813.227 1816.199 1819.182 1822.314 1825.446 1828.577 1831.709 1834.855 1838.013 1841.171 1844.329 1847.487 1850.112 1852.721 1855.331 1857.94 1860.486 1862.947 1865.408 1867.868 1870.329 1872.665 1874.982 1877.299 1879.617 1881.848 1883.896 1885.944 1887.991 1890.039 1891.169 1892.023 1892.877 1893.73 1894.474 1894.823 1895.172 1895.52 1895.869 1896.327 1896.84 1897.352 1897.865 1898.336 1898.486
1799.0 1799.0 1799.0 1799.0 1799.0 1799.0 1799.0 1799.0 1799.017 1799.042 1799.066 1799.09 1799.322 1800.545 1801.767 1802.99 1804.213 1806.539 1809.532 1812.526 1815.52 1818.539 1821.885 1825.231 1828.578 1831.924 1835.301 1838.706 1842.111 1845.516 1848.921 1851.621 1854.299 1856.978 1859.657 1862.211 1864.591 1866.971 1869.351 1871.731 1874.029 1876.314 1878.599 1880.884 1883.078 1885.077 1887.077 1889.076 1891.076 1892.092 1892.811 1893.531 1894.25 1894.859 1895.068 1895.277 1895.486 1895.696 1896.107 1896.62 1897.133 1897.645 1898.122 1898.32
1799.164 1799.188 1799.211 1799.232 1799.244 1799.255 1799.267 1799.279 1799.291 1799.303 1799.315 1799.326 1799.528 1800.629 1801.73 1802.831 1803.932 1806.228 1809.245 1812.263 1815.281 1818.341 1821.934 1825.528 1829.121 1832.715 1836.312 1839.914 1843.516 1847.117 1850.719 1853.509 1856.275 1859.042 1861.808 1864.375 1866.665 1868.956 1871.247 1873.538 1875.744 1877.938 1880.132 1882.326 1884.441 1886.389 1888.338 1890.286 1892.234 1893.138 1893.726 1894.314 1894.903 1895.376 1895.437 1895.498 1895.559 1895.62 1895.938 1896.386 1896.834 1897.281 1897.707 1897.965
1799.462 1799.529 1799.595 1799.653 1799.686 1799.719 1799.753 1799.786 1799.819 1799.853 1799.886 1799.919 1800.116 1801.088 1802.06 1803.032 1804.005 1806.269 1809.313 1812.358 1815.403 1818.507 1822.374 1826.241 1830.109 1833.976 1837.785 1841.542 1845.3 1849.057 1852.814 1855.708 1858.576 1861.444 1864.313 1866.898 1869.092 1871.286 1873.48 1875.675 1877.747 1879.802 1881.856 1883.91 1885.914 1887.808 1889.703 1891.597 1893.492 1894.284 1894.744 1895.203 1895.663 1896.002 1895.907 1895.812 1895.717 1895.623 1895.811 1896.14 1896.47 1896.8 1897.129 1897.457
