data/zism_data/00338_01_D.txt
ncols         224
nrows         224
[rows 140 to 167 of 224, columns 0 to 62 of 224]
566.3373 570.4414 574.5456 578.6498 582.7064 586.6381 590.5696 594.5012 598.4328 602.7975 607.3152 611.8328 616.3504 621.2947 627.9149 634.5352 641.1555 647.7758 655.689 664.2487 672.8083 681.368 690.1363 700.2961 710.456 720.6159 730.7758 740.6819 750.4149 760.1477 769.8806 779.8489 793.6407 807.4326 821.2244 835.0163 847.1281 857.7001 868.272 878.8439 889.4159 898.9935 908.5564 918.1193 927.6821 936.4456 944.229 952.0125 959.7958 967.5793 972.2908 976.7097 981.1286 985.5475 988.6979 989.75 990.8022 991.8544 992.9065 992.6586 992.1642 991.6697 991.1753
567.4366 571.9929 576.5492 581.1055 585.8025 590.8698 595.9371 601.0044 606.0718 611.6478 617.4033 623.1588 628.9144 635.0092 642.4367 649.8644 657.292 664.7196 673.1639 682.1165 691.0691 700.0217 709.2405 720.2347 731.2288 742.2229 753.217 762.9084 771.7103 780.512 789.3138 798.2979 810.2435 822.1891 834.1348 846.0804 856.61 865.8418 875.0736 884.3054 893.5372 902.3368 911.1301 919.9233 928.7165 936.7417 943.8254 950.9091 957.9927 965.0764 969.5059 973.6826 977.8594 982.0361 985.0944 986.3026 987.5108 988.7191 989.9273 989.7405 989.2891 988.8378 988.3864
568.5361 573.5445 578.5529 583.5613 588.8986 595.1017 601.3048 607.5079 613.7109 620.4982 627.4918 634.4852 641.4787 648.7241 656.959 665.194 673.4291 681.6641 690.6394 699.985 709.3306 718.6761 728.3455 740.1738 752.0023 763.8306 775.659 785.1357 793.0064 800.877 808.7477 816.7476 826.8469 836.9462 847.0455 857.1449 866.0922 873.9838 881.8754 889.767 897.6586 905.6802 913.7038 921.7274 929.7509 937.0378 943.4218 949.8057 956.1896 962.5735 966.721 970.6555 974.5901 978.5246 981.4907 982.855 984.2194 985.5837 986.9481 986.8223 986.414 986.0057 985.5974
569.6355 575.096 580.5565 586.017 591.9947 599.3335 606.6723 614.0111 621.3499 629.3484 637.5798 645.8113 654.0427 662.4386 671.4809 680.5232 689.5656 698.6079 708.1143 717.8528 727.5914 737.3299 747.4497 760.1124 772.775 785.4376 798.1003 807.3622 814.3018 821.2413 828.1809 835.1966 843.4497 851.7028 859.9559 868.209 875.5742 882.1255 888.677 895.2284 901.7798 909.0236 916.2775 923.5314 930.7853 937.3339 943.0181 948.7023 954.3864 960.0706 963.9362 967.6285 971.3209 975.0132 977.8871 979.4076 980.928 982.4484 983.9689 983.9042 983.539 983.1737 982.8085
570.7349 576.6475 582.5601 588.4727 595.0907 603.5652 612.0398 620.5143 628.9888 638.1987 647.668 657.1373 666.6066 676.1531 686.0027 695.8524 705.7021 715.5518 725.5893 735.7207 745.8522 755.9836 766.554 780.0508 793.5477 807.0446 820.5415 829.5887 835.5972 841.6056 847.6141 853.6456 860.0525 866.4594 872.8662 879.2731 885.056 890.2673 895.4786 900.6898 905.9011 912.3669 918.8511 925.3354 931.8196 937.6301 942.6145 947.5989 952.5833 957.5677 961.1513 964.6014 968.0516 971.5018 974.2836 975.9601 977.6367 979.3132 980.9897 980.9861 980.6639 980.3417 980.0196
574.8424 581.7821 588.7218 595.6615 603.2473 612.5332 621.8192 631.105 640.3911 650.5859 661.1015 671.6171 682.1328 692.5963 702.8552 713.1143 723.3732 733.6323 743.9535 754.3058 764.6582 775.0106 785.6697 798.3742 811.0787 823.7832 836.4877 844.6426 849.6904 854.7382 859.786 864.84 869.9952 875.1505 880.3057 885.4609 890.2897 894.8192 899.3488 903.8783 908.4078 914.1682 919.9467 925.7251 931.5035 936.7323 941.2872 945.8422 950.3972 954.9521 958.3491 961.6356 964.9222 968.2087 970.8326 972.3606 973.8885 975.4164 976.9443 976.9739 976.7194 976.4648 976.2103
579.2363 587.2578 595.2793 603.3008 611.8855 621.952 632.0184 642.0848 652.1512 663.3096 674.8532 686.3969 697.9405 709.2989 719.9291 730.5596 741.1899 751.8203 762.4017 772.9586 783.5155 794.0724 804.7858 816.543 828.3002 840.0574 851.8146 859.0126 863.097 867.1813 871.2657 875.343 879.3032 883.2635 887.2238 891.1841 895.1184 899.029 902.9396 906.8501 910.7607 915.8225 920.9013 925.98 931.0588 935.7208 939.8721 944.0234 948.1747 952.3259 955.5452 958.6757 961.8062 964.9366 967.3964 968.7466 970.0969 971.4472 972.7975 972.8577 972.673 972.4885 972.3039
583.6303 592.7337 601.8371 610.9405 620.524 631.371 642.218 653.0649 663.9119 676.0337 688.6054 701.1771 713.7488 726.002 737.0037 748.0054 759.0073 770.009 780.8506 791.612 802.3735 813.1349 823.9025 834.7124 845.5223 856.3322 867.1421 873.3831 876.5041 879.625 882.7459 885.8463 888.6116 891.3768 894.1422 896.9075 899.9473 903.2389 906.5305 909.8221 913.1136 917.4769 921.856 926.235 930.614 934.7094 938.4569 942.2045 945.952 949.6996 952.7412 955.7156 958.69 961.6644 963.9599 965.1326 966.3052 967.4779 968.6506 968.7412 968.6266 968.512 968.3974
588.0242 598.2094 608.3947 618.5799 629.1623 640.7897 652.4172 664.0446 675.6721 688.7573 702.3571 715.9568 729.5565 742.7045 754.0776 765.4507 776.824 788.1971 799.2988 810.2648 821.2307 832.1967 843.0186 852.8812 862.7438 872.6064 882.469 887.7532 889.9107 892.0682 894.2257 896.3492 897.9195 899.4899 901.0602 902.6306 904.7761 907.4487 910.1213 912.7939 915.4666 919.1313 922.8107 926.49 930.1693 933.6979 937.0417 940.3856 943.7295 947.0734 949.9374 952.7557 955.574 958.3923 960.5236 961.5187 962.5137 963.5088 964.5038 964.6249 964.5803 964.5357 964.4911
594.7711 605.7651 616.7592 627.7533 639.1125 651.4328 663.7531 676.0732 688.3934 702.3183 716.8096 731.3008 745.7921 759.6691 771.1328 782.5965 794.0603 805.524 816.4035 826.9908 837.5782 848.1655 858.5039 867.1832 875.8625 884.5418 893.2211 897.6183 899.0912 900.5641 902.0371 903.4719 904.2881 905.1042 905.9204 906.7366 908.293 910.528 912.763 914.998 917.233 920.3441 923.468 926.5919 929.7158 932.7765 935.7595 938.7426 941.7256 944.7087 947.3721 950.0051 952.6381 955.271 957.2118 958.0078 958.8038 959.5997 960.3957 960.4915 960.4544 960.4174 960.3803
605.6584 616.9808 628.3032 639.6256 651.371 664.2296 677.088 689.9464 702.8049 717.3516 732.4941 747.6367 762.7792 777.0934 788.1534 799.2134 810.2735 821.3336 831.142 840.3244 849.5069 858.6893 867.5976 874.6784 881.7592 888.84 895.9207 899.5541 900.8333 902.1124 903.3916 904.6451 905.4828 906.3205 907.1582 907.9959 909.5008 911.6174 913.734 915.8506 917.9672 920.7795 923.6021 926.4246 929.2471 932.0135 934.7113 937.4091 940.1069 942.8046 945.227 947.6232 950.0193 952.4155 954.1194 954.6786 955.2377 955.7969 956.356 956.3281 956.1887 956.0494 955.9101
616.5461 628.1968 639.8476 651.4984 663.6299 677.0267 690.4235 703.8202 717.217 732.3854 748.1793 763.973 779.7668 794.5182 805.1745 815.8309 826.4874 837.1437 845.8809 853.6584 861.436 869.2136 876.6917 882.1738 887.656 893.1382 898.6204 901.49 902.5754 903.6607 904.7461 905.8184 906.6776 907.5368 908.3961 909.2552 910.7087 912.7069 914.7051 916.7032 918.7014 921.215 923.7361 926.2571 928.7783 931.2505 933.663 936.0755 938.488 940.9005 943.0818 945.2411 947.4005 949.5598 951.0269 951.3492 951.6716 951.9939 952.3162 952.1645 951.9229 951.6813 951.4397
627.4335 639.4125 651.3916 663.3707 675.8884 689.8234 703.7585 717.6934 731.6285 747.4188 763.8638 780.3088 796.7538 811.9424 822.1951 832.4479 842.7006 852.9533 860.6194 866.992 873.3647 879.7374 885.7853 889.669 893.5527 897.4363 901.32 903.4258 904.3174 905.209 906.1006 906.9916 907.8723 908.7531 909.6338 910.5146 911.9166 913.7963 915.6761 917.5558 919.4356 921.6504 923.8701 926.0898 928.3094 930.4876 932.6148 934.742 936.8692 938.9964 940.9367 942.8592 944.7817 946.7042 947.9345 948.02 948.1055 948.191 948.2766 948.0011 947.6572 947.3134 946.9695
638.3208 650.6282 662.9356 675.243 688.1468 702.6202 717.0935 731.5667 746.04 762.4521 779.5483 796.6446 813.7409 829.3667 839.2157 849.0648 858.9138 868.7629 875.3578 880.3256 885.2934 890.2612 894.879 897.1642 899.4493 901.7345 904.0197 905.3616 906.0594 906.7572 907.4551 908.1647 909.067 909.9693 910.8716 911.7739 913.1244 914.8857 916.6471 918.4084 920.1698 922.0858 924.0042 925.9224 927.8407 929.7247 931.5666 933.4085 935.2504 937.0923 938.7916 940.4773 942.163 943.8487 944.8422 944.6909 944.5395 944.3882 944.2369 943.8377 943.3916 942.9454 942.4993
650.4852 663.1559 675.8265 688.4972 701.8173 716.8464 731.8755 746.9044 761.9335 778.042 794.5315 811.0209 827.5104 842.4022 851.0176 859.633 868.2484 876.8638 882.4108 886.4237 890.4365 894.4493 898.1685 899.9297 901.6909 903.452 905.2132 906.3286 907.003 907.6774 908.3519 909.04 909.9507 910.8614 911.7721 912.6828 913.955 915.5587 917.1623 918.7659 920.3696 922.0724 923.7766 925.4808 927.1851 928.8485 930.4619 932.0753 933.6887 935.3021 936.7534 938.1891 939.6249 941.0607 941.8256 941.4811 941.1367 940.7922 940.4478 939.9061 939.3271 938.7482 938.1691
662.9456 675.9876 689.0297 702.0717 715.815 731.4039 746.9927 762.5815 778.1703 793.7605 809.3511 824.9417 840.5323 854.4183 861.6074 868.7964 875.9856 883.1747 887.6793 890.8417 894.0041 897.1665 900.1103 901.597 903.0836 904.5703 906.057 907.0706 907.7612 908.4518 909.1423 909.846 910.7621 911.6782 912.5943 913.5104 914.6981 916.1349 917.5717 919.0085 920.4453 921.9547 923.4651 924.9756 926.4861 927.946 929.3442 930.7423 932.1404 933.5385 934.7401 935.9228 937.1056 938.2884 938.8268 938.2993 937.7719 937.2444 936.7169 936.0286 935.3096 934.5906 933.8717
675.4064 688.8198 702.2332 715.6466 729.8132 745.9619 762.1105 778.2591 794.4078 809.4796 824.1713 838.863 853.5547 866.4348 872.1975 877.9603 883.723 889.4858 892.948 895.2599 897.5718 899.8837 902.0521 903.2643 904.4765 905.6887 906.9009 907.8127 908.5194 909.2261 909.9329 910.652 911.5735 912.495 913.4164 914.338 915.4412 916.7111 917.9811 919.251 920.5209 921.8369 923.1537 924.4704 925.787 927.0436 928.2264 929.4092 930.592 931.7748 932.7266 933.6564 934.5862 935.5161 935.8278 935.1174 934.4069 933.6965 932.986 932.1508 931.2919 930.433 929.5741
687.8668 701.6516 715.4363 729.2211 743.8109 760.5193 777.2278 793.9362 810.6446 825.1981 838.9909 852.7838 866.5767 878.4509 882.7873 887.1237 891.4602 895.7967 898.2164 899.6779 901.1393 902.6008 903.994 904.9316 905.8693 906.807 907.7447 908.5547 909.2776 910.0005 910.7234 911.4581 912.3849 913.3118 914.2386 915.1655 916.1843 917.2874 918.3904 919.4935 920.5966 921.7192 922.8422 923.9651 925.0881 926.1412 927.1087 928.0762 929.0436 930.0112 930.7133 931.3901 932.067 932.7438 932.829 931.9355 931.0421 930.1487 929.2552 928.2732 927.2744 926.2755 925.2767
699.9278 714.0151 728.1025 742.1899 757.0723 774.0471 791.0219 807.9965 824.9712 838.8644 851.6699 864.4755 877.281 888.1246 891.2607 894.3969 897.5331 900.6693 902.2606 903.0793 903.8981 904.7169 905.5242 906.2548 906.9854 907.716 908.4466 909.1797 909.9145 910.6493 911.3841 912.1289 913.0358 913.9428 914.8498 915.7567 916.6877 917.6408 918.5939 919.5469 920.5 921.4531 922.4061 923.3592 924.3123 925.1794 925.9415 926.7035 927.4655 928.2275 928.6769 929.0966 929.5162 929.9359 929.7972 928.7347 927.6724 926.6099 925.5475 924.4339 923.3105 922.1872 921.0638
710.8558 725.0508 739.2458 753.4409 768.2457 784.6552 801.0648 817.4742 833.8839 846.7146 858.2822 869.8498 881.4174 891.1606 893.7371 896.3135 898.8899 901.4662 902.8351 903.6 904.365 905.13 905.8884 906.6028 907.3173 908.0317 908.7462 909.4727 910.2075 910.9423 911.6771 912.4166 913.2321 914.0475 914.863 915.6784 916.5123 917.3631 918.2139 919.0647 919.9155 920.7663 921.6171 922.4679 923.3187 924.0498 924.6342 925.2186 925.8029 926.3873 926.5756 926.7261 926.8767 927.0272 926.6721 925.4805 924.2889 923.0973 921.9058 920.7037 919.4996 918.2955 917.0914
721.7842 736.0869 750.3895 764.6922 779.4194 795.2638 811.1082 826.9524 842.7968 854.5651 864.8947 875.2243 885.554 894.1968 896.2134 898.23 900.2467 902.2633 903.4096 904.1207 904.8319 905.543 906.2525 906.9508 907.6491 908.3474 909.0457 909.7657 910.5005 911.2353 911.9701 912.7043 913.4282 914.1522 914.8762 915.6001 916.3369 917.0854 917.8339 918.5825 919.331 920.0795 920.8281 921.5766 922.3251 922.9201 923.3268 923.7336 924.1403 924.5471 924.4742 924.3556 924.237 924.1185 923.5469 922.2261 920.9053 919.5846 918.2638 916.9733 915.6885 914.4036 913.1188
732.7122 747.1226 761.5328 775.9432 790.5928 805.8719 821.1512 836.4302 851.7094 862.4153 871.507 880.5986 889.6904 897.2329 898.6898 900.1466 901.6035 903.0603 903.9841 904.6415 905.2988 905.9561 906.6167 907.2988 907.981 908.6631 909.3453 910.0587 910.7935 911.5283 912.2631 912.992 913.6245 914.2569 914.8893 915.5217 916.1614 916.8077 917.4539 918.1002 918.7465 919.3928 920.039 920.6853 921.3315 921.7904 922.0195 922.2487 922.4777 922.7068 922.3728 921.9851 921.5975 921.2098 920.4218 918.9719 917.5219 916.072 914.622 913.243 911.8775 910.5119 909.1464
743.6402 758.1582 772.6762 787.1942 801.7661 816.4802 831.1942 845.908 860.6221 870.2654 878.1193 885.973 893.8268 900.269 901.1661 902.0632 902.9602 903.8573 904.5587 905.1622 905.7657 906.3691 906.9808 907.6468 908.3128 908.9788 909.6448 910.3517 911.0865 911.8213 912.5561 913.2797 913.8206 914.3616 914.9025 915.4434 915.986 916.53 917.074 917.618 918.162 918.706 919.25 919.794 920.338 920.6607 920.7122 920.7637 920.8152 920.8667 920.2715 919.6147 918.9579 918.3011 917.2968 915.7176 914.1385 912.5594 910.9802 909.5128 908.0665 906.6202 905.1739
752.0524 766.5901 781.1279 795.6656 810.0751 824.1475 838.2199 852.2921 866.3645 875.1233 882.0067 888.89 895.7734 901.403 902.1072 902.8114 903.5156 904.2199 904.8389 905.4153 905.9918 906.5682 907.1508 907.7739 908.3969 909.02 909.6431 910.3144 911.0187 911.7229 912.4271 913.1181 913.5943 914.0705 914.5467 915.0229 915.4951 915.9635 916.432 916.9005 917.369 917.845 918.3212 918.7973 919.2734 919.4927 919.3972 919.3016 919.2061 919.1105 918.3545 917.5356 916.7167 915.8978 914.7596 913.0933 911.4271 909.7608 908.0945 906.6 905.1379 903.6758 902.2138
759.4373 773.9589 788.4805 803.002 817.2146 830.6141 844.0137 857.4131 870.8127 878.7594 884.7816 890.8038 896.826 901.7605 902.4216 903.0828 903.744 904.4052 904.9991 905.5593 906.1196 906.6799 907.2414 907.8107 908.3799 908.9492 909.5184 910.1423 910.8035 911.4647 912.1259 912.7732 913.1956 913.6179 914.0402 914.4626 914.8753 915.2792 915.6832 916.087 916.491 916.913 917.3353 917.7576 918.1799 918.3091 918.079 917.8489 917.6188 917.3887 916.5128 915.5756 914.6382 913.7009 912.4626 910.7263 908.9901 907.2538 905.5176 904.0209 902.5696 901.1183 899.6671
766.8224 781.3279 795.8333 810.3387 824.3543 837.081 849.8077 862.5343 875.261 882.3956 887.5567 892.7177 897.8787 902.118 902.7361 903.3542 903.9723 904.5904 905.1592 905.7034 906.2475 906.7916 907.332 907.8475 908.3629 908.8784 909.3938 909.9702 910.5884 911.2065 911.8246 912.4282 912.7968 913.1653 913.5338 913.9023 914.2556 914.595 914.9343 915.2736 915.6129 915.981 916.3495 916.718 917.0864 917.1255 916.7609 916.3962 916.0315 915.6667 914.6711 913.6154 912.5597 911.504 910.1655 908.3593 906.553 904.7468 902.9406 901.4418 900.0013 898.5608 897.1202
774.2073 788.6966 803.1859 817.6752 831.4938 843.5477 855.6015 867.6553 879.7091 886.0318 890.3317 894.6315 898.9314 902.4755 903.0505 903.6256 904.2006 904.7757 905.3193 905.8474 906.3753 906.9033 907.4227 907.8843 908.3459 908.8075 909.2692 909.7982 910.3732 910.9482 911.5233 912.0833 912.398 912.7127 913.0274 913.3421 913.6359 913.9106 914.1854 914.4601 914.7349 915.049 915.3636 915.6783 915.993 915.942 915.4427 914.9435 914.4442 913.9449 912.8295 911.6553 910.4812 909.3071 907.8684 905.9922 904.1161 902.2399 900.3637 898.8628 897.433 896.0033 894.5735
781.6107 796.0486 810.4865 824.9244 838.5095 849.8502 861.1909 872.5314 883.8721 889.4109 892.9019 896.3929 899.884 902.7748 903.3076 903.8405 904.3733 904.9062 905.4233 905.9326 906.4418 906.951 907.4477 907.8597 908.2719 908.684 909.096 909.5799 910.1127 910.6456 911.1784 911.696 911.9664 912.2367 912.507 912.7773 913.0176 913.2303 913.443 913.6558 913.8685 914.1277 914.3878 914.6477 914.9077 914.7739 914.1572 913.5405 912.9239 912.3072 911.0961 909.8285 908.5608 907.2932 905.7721 903.8319 901.8918 899.9517 898.0115 896.4871 895.0415 893.5959 892.1503
