data/zism_data/00333_04_D.txt
ncols         224
nrows         224
[rows 196 to 223 of 224, columns 0 to 62 of 224]
1374.849 1374.849 1374.849 1374.849 1374.849 1374.849 1374.849 1374.849 1374.849 1374.849 1374.849 1374.849 1374.849 1374.849 1374.849 1374.849 1374.849 1374.849 1374.849 1374.849 1374.849 1374.849 1374.849 1374.849 1374.828 1374.803 1374.778 1374.753 1374.736 1374.736 1374.736 1374.736 1374.736 1374.754 1374.779 1374.804 1374.828 1374.841 1374.792 1374.742 1374.693 1374.643 1374.723 1374.892 1375.061 1375.231 1375.401 1375.607 1375.814 1376.02 1376.227 1376.411 1376.57 1376.728 1376.886 1377.044 1377.277 1377.519 1377.761 1378.004 1378.227 1378.409 1378.59
1375.215 1375.215 1375.215 1375.215 1375.215 1375.215 1375.215 1375.215 1375.215 1375.215 1375.215 1375.215 1375.215 1375.215 1375.215 1375.215 1375.215 1375.215 1375.215 1375.215 1375.215 1375.215 1375.215 1375.215 1375.185 1375.149 1375.114 1375.078 1375.053 1375.053 1375.053 1375.053 1375.053 1375.079 1375.115 1375.15 1375.186 1375.204 1375.133 1375.062 1374.991 1374.92 1374.979 1375.127 1375.275 1375.422 1375.572 1375.773 1375.974 1376.175 1376.376 1376.56 1376.724 1376.887 1377.051 1377.215 1377.429 1377.65 1377.871 1378.092 1378.295 1378.461 1378.626
1375.582 1375.582 1375.582 1375.582 1375.582 1375.582 1375.582 1375.582 1375.582 1375.582 1375.582 1375.582 1375.582 1375.582 1375.582 1375.582 1375.582 1375.582 1375.582 1375.582 1375.582 1375.582 1375.582 1375.582 1375.542 1375.495 1375.449 1375.403 1375.371 1375.371 1375.371 1375.371 1375.371 1375.404 1375.451 1375.497 1375.543 1375.567 1375.475 1375.382 1375.29 1375.198 1375.235 1375.361 1375.488 1375.614 1375.742 1375.938 1376.134 1376.33 1376.526 1376.709 1376.878 1377.047 1377.216 1377.385 1377.581 1377.78 1377.98 1378.179 1378.363 1378.513 1378.663
1375.948 1375.948 1375.948 1375.948 1375.948 1375.948 1375.948 1375.948 1375.948 1375.948 1375.948 1375.948 1375.948 1375.948 1375.948 1375.944 1375.94 1375.936 1375.932 1375.915 1375.882 1375.849 1375.816 1375.783 1375.744 1375.704 1375.663 1375.623 1375.594 1375.594 1375.594 1375.594 1375.594 1375.624 1375.664 1375.705 1375.745 1375.766 1375.685 1375.604 1375.524 1375.443 1375.474 1375.584 1375.693 1375.802 1375.913 1376.104 1376.294 1376.484 1376.675 1376.858 1377.032 1377.207 1377.381 1377.555 1377.747 1377.942 1378.137 1378.331 1378.513 1378.667 1378.821
1376.314 1376.314 1376.314 1376.314 1376.314 1376.314 1376.314 1376.314 1376.314 1376.314 1376.314 1376.314 1376.314 1376.314 1376.314 1376.305 1376.295 1376.286 1376.276 1376.238 1376.162 1376.087 1376.011 1375.936 1375.9 1375.87 1375.84 1375.811 1375.79 1375.79 1375.79 1375.79 1375.79 1375.812 1375.841 1375.871 1375.901 1375.916 1375.857 1375.797 1375.738 1375.678 1375.709 1375.802 1375.896 1375.989 1376.084 1376.269 1376.454 1376.639 1376.824 1377.007 1377.187 1377.366 1377.546 1377.726 1377.918 1378.113 1378.307 1378.502 1378.687 1378.852 1379.017
1376.68 1376.68 1376.68 1376.68 1376.68 1376.68 1376.68 1376.68 1376.68 1376.68 1376.68 1376.68 1376.68 1376.68 1376.68 1376.666 1376.651 1376.636 1376.621 1376.561 1376.443 1376.324 1376.206 1376.088 1376.056 1376.037 1376.018 1375.998 1375.985 1375.985 1375.985 1375.985 1375.985 1375.999 1376.018 1376.037 1376.056 1376.066 1376.028 1375.99 1375.952 1375.914 1375.944 1376.021 1376.098 1376.175 1376.255 1376.435 1376.614 1376.794 1376.974 1377.156 1377.341 1377.526 1377.711 1377.896 1378.089 1378.284 1378.478 1378.673 1378.862 1379.037 1379.213
1377.047 1377.047 1377.047 1377.047 1377.047 1377.047 1377.047 1377.047 1377.047 1377.047 1377.047 1377.047 1377.047 1377.047 1377.047 1377.026 1377.006 1376.986 1376.966 1376.884 1376.723 1376.562 1376.401 1376.24 1376.211 1376.203 1376.195 1376.186 1376.181 1376.181 1376.181 1376.181 1376.181 1376.187 1376.195 1376.203 1376.212 1376.216 1376.199 1376.183 1376.166 1376.149 1376.178 1376.24 1376.301 1376.362 1376.426 1376.6 1376.774 1376.949 1377.123 1377.305 1377.495 1377.686 1377.876 1378.066 1378.26 1378.455 1378.649 1378.844 1379.036 1379.222 1379.408
1377.413 1377.413 1377.413 1377.413 1377.413 1377.411 1377.401 1377.391 1377.38 1377.37 1377.365 1377.365 1377.365 1377.365 1377.365 1377.342 1377.319 1377.296 1377.272 1377.178 1376.993 1376.808 1376.623 1376.437 1376.413 1376.413 1376.413 1376.413 1376.413 1376.413 1376.413 1376.413 1376.413 1376.413 1376.413 1376.413 1376.413 1376.413 1376.413 1376.413 1376.413 1376.413 1376.44 1376.487 1376.533 1376.579 1376.628 1376.79 1376.952 1377.114 1377.276 1377.454 1377.65 1377.845 1378.041 1378.237 1378.432 1378.628 1378.824 1379.019 1379.212 1379.397 1379.582
1377.779 1377.779 1377.779 1377.779 1377.779 1377.771 1377.712 1377.654 1377.595 1377.536 1377.512 1377.512 1377.512 1377.512 1377.512 1377.494 1377.476 1377.458 1377.44 1377.368 1377.225 1377.083 1376.94 1376.798 1376.779 1376.779 1376.779 1376.779 1376.779 1376.779 1376.779 1376.779 1376.779 1376.779 1376.779 1376.779 1376.779 1376.779 1376.779 1376.779 1376.779 1376.779 1376.8 1376.836 1376.872 1376.907 1376.945 1377.069 1377.194 1377.319 1377.443 1377.603 1377.804 1378.005 1378.206 1378.407 1378.608 1378.809 1379.01 1379.211 1379.394 1379.536 1379.679
1378.146 1378.146 1378.146 1378.146 1378.146 1378.13 1378.023 1377.917 1377.81 1377.703 1377.658 1377.658 1377.658 1377.658 1377.658 1377.646 1377.633 1377.621 1377.608 1377.557 1377.458 1377.358 1377.258 1377.159 1377.146 1377.146 1377.146 1377.146 1377.146 1377.146 1377.146 1377.146 1377.146 1377.146 1377.146 1377.146 1377.146 1377.146 1377.146 1377.146 1377.146 1377.146 1377.16 1377.185 1377.21 1377.235 1377.261 1377.349 1377.436 1377.523 1377.61 1377.752 1377.958 1378.164 1378.371 1378.577 1378.783 1378.99 1379.196 1379.403 1379.576 1379.675 1379.775
1378.512 1378.512 1378.512 1378.512 1378.512 1378.489 1378.334 1378.18 1378.025 1377.87 1377.805 1377.805 1377.805 1377.805 1377.805 1377.797 1377.79 1377.783 1377.776 1377.747 1377.69 1377.633 1377.576 1377.519 1377.512 1377.512 1377.512 1377.512 1377.512 1377.512 1377.512 1377.512 1377.512 1377.512 1377.512 1377.512 1377.512 1377.512 1377.512 1377.512 1377.512 1377.512 1377.52 1377.534 1377.549 1377.563 1377.578 1377.628 1377.678 1377.728 1377.777 1377.901 1378.112 1378.324 1378.536 1378.747 1378.959 1379.171 1379.383 1379.594 1379.757 1379.814 1379.871
1378.878 1378.878 1378.878 1378.878 1378.878 1378.848 1378.646 1378.443 1378.24 1378.037 1377.951 1377.951 1377.951 1377.951 1377.951 1377.949 1377.948 1377.946 1377.944 1377.937 1377.922 1377.908 1377.894 1377.88 1377.878 1377.878 1377.878 1377.878 1377.878 1377.878 1377.878 1377.878 1377.878 1377.878 1377.878 1377.878 1377.878 1377.878 1377.878 1377.878 1377.878 1377.878 1377.88 1377.884 1377.887 1377.891 1377.895 1377.907 1377.919 1377.932 1377.944 1378.049 1378.266 1378.484 1378.701 1378.918 1379.135 1379.352 1379.569 1379.786 1379.939 1379.954 1379.968
1379.244 1379.237 1379.226 1379.215 1379.204 1379.165 1378.957 1378.749 1378.54 1378.332 1378.244 1378.244 1378.244 1378.244 1378.244 1378.237 1378.23 1378.223 1378.216 1378.205 1378.191 1378.177 1378.163 1378.148 1378.137 1378.126 1378.116 1378.105 1378.098 1378.098 1378.098 1378.098 1378.098 1378.098 1378.098 1378.098 1378.098 1378.098 1378.098 1378.098 1378.098 1378.098 1378.1 1378.103 1378.107 1378.11 1378.114 1378.121 1378.128 1378.135 1378.143 1378.244 1378.459 1378.675 1378.89 1379.105 1379.305 1379.502 1379.7 1379.897 1380.04 1380.065 1380.09
1379.61 1379.591 1379.565 1379.538 1379.511 1379.46 1379.268 1379.076 1378.884 1378.692 1378.61 1378.61 1378.61 1378.61 1378.61 1378.592 1378.575 1378.557 1378.539 1378.513 1378.478 1378.442 1378.406 1378.371 1378.343 1378.316 1378.29 1378.263 1378.244 1378.244 1378.244 1378.244 1378.244 1378.244 1378.244 1378.244 1378.244 1378.244 1378.244 1378.244 1378.244 1378.244 1378.249 1378.258 1378.267 1378.276 1378.285 1378.303 1378.321 1378.339 1378.356 1378.461 1378.671 1378.881 1379.091 1379.301 1379.472 1379.637 1379.802 1379.968 1380.101 1380.163 1380.226
1379.977 1379.946 1379.903 1379.86 1379.818 1379.756 1379.579 1379.403 1379.227 1379.051 1378.977 1378.977 1378.977 1378.977 1378.976 1378.948 1378.919 1378.891 1378.862 1378.821 1378.764 1378.707 1378.651 1378.594 1378.549 1378.506 1378.463 1378.421 1378.391 1378.391 1378.391 1378.391 1378.391 1378.391 1378.391 1378.391 1378.391 1378.391 1378.391 1378.391 1378.391 1378.391 1378.399 1378.413 1378.427 1378.442 1378.456 1378.485 1378.513 1378.542 1378.57 1378.679 1378.883 1379.088 1379.292 1379.497 1379.639 1379.772 1379.905 1380.039 1380.162 1380.261 1380.361
1380.343 1380.301 1380.242 1380.183 1380.124 1380.051 1379.891 1379.731 1379.571 1379.411 1379.343 1379.343 1379.343 1379.343 1379.343 1379.303 1379.264 1379.225 1379.186 1379.129 1379.051 1378.973 1378.894 1378.816 1378.755 1378.696 1378.637 1378.578 1378.537 1378.537 1378.537 1378.537 1378.537 1378.537 1378.537 1378.537 1378.537 1378.537 1378.537 1378.537 1378.537 1378.537 1378.549 1378.568 1378.588 1378.607 1378.627 1378.667 1378.706 1378.745 1378.784 1378.896 1379.095 1379.294 1379.494 1379.693 1379.806 1379.907 1380.008 1380.11 1380.222 1380.359 1380.496
1380.709 1380.654 1380.578 1380.501 1380.424 1380.338 1380.196 1380.054 1379.911 1379.769 1379.709 1379.709 1379.709 1379.709 1379.709 1379.658 1379.608 1379.557 1379.507 1379.436 1379.339 1379.241 1379.144 1379.047 1378.972 1378.901 1378.83 1378.759 1378.709 1378.709 1378.709 1378.709 1378.709 1378.708 1378.706 1378.704 1378.702 1378.701 1378.701 1378.701 1378.701 1378.701 1378.715 1378.738 1378.762 1378.786 1378.81 1378.857 1378.905 1378.952 1379.0 1379.112 1379.303 1379.494 1379.684 1379.875 1379.965 1380.041 1380.117 1380.193 1380.299 1380.469 1380.64
1381.075 1380.998 1380.889 1380.78 1380.671 1380.562 1380.452 1380.342 1380.232 1380.122 1380.075 1380.075 1380.075 1380.075 1380.075 1380.008 1379.942 1379.875 1379.809 1379.729 1379.631 1379.534 1379.437 1379.34 1379.279 1379.224 1379.169 1379.114 1379.075 1379.075 1379.075 1379.075 1379.075 1379.062 1379.044 1379.026 1379.009 1378.994 1378.994 1378.994 1378.994 1378.994 1379.004 1379.023 1379.041 1379.059 1379.078 1379.115 1379.152 1379.188 1379.225 1379.317 1379.476 1379.635 1379.793 1379.952 1380.061 1380.164 1380.267 1380.37 1380.495 1380.672 1380.848
1381.442 1381.341 1381.2 1381.059 1380.918 1380.787 1380.709 1380.631 1380.553 1380.475 1380.442 1380.442 1380.442 1380.442 1380.441 1380.358 1380.276 1380.193 1380.111 1380.022 1379.924 1379.827 1379.73 1379.633 1379.586 1379.547 1379.508 1379.469 1379.442 1379.442 1379.442 1379.442 1379.442 1379.417 1379.383 1379.349 1379.315 1379.287 1379.287 1379.287 1379.287 1379.287 1379.294 1379.307 1379.32 1379.333 1379.347 1379.373 1379.399 1379.425 1379.451 1379.522 1379.649 1379.776 1379.902 1380.029 1380.158 1380.288 1380.417 1380.547 1380.693 1380.874 1381.056
1381.808 1381.684 1381.511 1381.339 1381.166 1381.011 1380.965 1380.919 1380.873 1380.827 1380.808 1380.808 1380.808 1380.808 1380.807 1380.708 1380.61 1380.511 1380.413 1380.315 1380.218 1380.12 1380.023 1379.926 1379.893 1379.87 1379.847 1379.824 1379.808 1379.808 1379.808 1379.808 1379.808 1379.771 1379.721 1379.672 1379.622 1379.58 1379.58 1379.58 1379.58 1379.58 1379.584 1379.592 1379.599 1379.607 1379.615 1379.63 1379.646 1379.661 1379.676 1379.728 1379.822 1379.917 1380.011 1380.106 1380.255 1380.411 1380.568 1380.724 1380.89 1381.076 1381.263
1382.174 1382.028 1381.823 1381.618 1381.413 1381.236 1381.222 1381.208 1381.194 1381.18 1381.174 1381.174 1381.174 1381.174 1381.173 1381.059 1380.944 1380.829 1380.715 1380.608 1380.51 1380.413 1380.316 1380.219 1380.2 1380.193 1380.186 1380.179 1380.174 1380.174 1380.174 1380.174 1380.174 1380.126 1380.06 1379.994 1379.928 1379.873 1379.873 1379.873 1379.873 1379.873 1379.874 1379.876 1379.879 1379.881 1379.883 1379.888 1379.893 1379.897 1379.902 1379.933 1379.995 1380.058 1380.12 1380.183 1380.352 1380.535 1380.718 1380.901 1381.087 1381.279 1381.471
1382.463 1382.314 1382.113 1381.912 1381.712 1381.54 1381.54 1381.54 1381.54 1381.54 1381.525 1381.498 1381.47 1381.443 1381.415 1381.309 1381.202 1381.096 1380.989 1380.892 1380.807 1380.722 1380.637 1380.552 1380.54 1380.54 1380.54 1380.54 1380.538 1380.529 1380.52 1380.51 1380.501 1380.439 1380.357 1380.275 1380.193 1380.124 1380.124 1380.124 1380.124 1380.124 1380.124 1380.124 1380.124 1380.124 1380.124 1380.124 1380.124 1380.124 1380.124 1380.143 1380.186 1380.229 1380.271 1380.314 1380.493 1380.691 1380.888 1381.086 1381.283 1381.481 1381.679
1382.692 1382.557 1382.388 1382.219 1382.051 1381.907 1381.907 1381.907 1381.907 1381.907 1381.863 1381.788 1381.713 1381.637 1381.562 1381.482 1381.402 1381.323 1381.243 1381.17 1381.106 1381.043 1380.979 1380.915 1380.907 1380.907 1380.907 1380.907 1380.899 1380.874 1380.849 1380.824 1380.799 1380.72 1380.622 1380.524 1380.426 1380.344 1380.344 1380.344 1380.344 1380.344 1380.344 1380.344 1380.344 1380.344 1380.344 1380.344 1380.344 1380.344 1380.344 1380.358 1380.39 1380.422 1380.454 1380.486 1380.669 1380.872 1381.075 1381.278 1381.48 1381.683 1381.886
1382.921 1382.799 1382.663 1382.526 1382.39 1382.273 1382.273 1382.273 1382.273 1382.273 1382.202 1382.078 1381.955 1381.832 1381.709 1381.656 1381.603 1381.55 1381.497 1381.448 1381.406 1381.363 1381.321 1381.278 1381.273 1381.273 1381.273 1381.273 1381.26 1381.219 1381.178 1381.137 1381.096 1381.002 1380.888 1380.774 1380.659 1380.564 1380.564 1380.564 1380.564 1380.564 1380.564 1380.564 1380.564 1380.564 1380.564 1380.564 1380.564 1380.564 1380.564 1380.573 1380.594 1380.616 1380.637 1380.658 1380.845 1381.053 1381.261 1381.469 1381.677 1381.886 1382.094
1383.149 1383.042 1382.938 1382.833 1382.728 1382.639 1382.639 1382.639 1382.639 1382.639 1382.54 1382.369 1382.197 1382.026 1381.855 1381.829 1381.803 1381.776 1381.75 1381.726 1381.705 1381.684 1381.663 1381.642 1381.639 1381.639 1381.639 1381.639 1381.622 1381.565 1381.508 1381.45 1381.393 1381.283 1381.153 1381.023 1380.893 1380.783 1380.783 1380.783 1380.783 1380.783 1380.783 1380.783 1380.783 1380.783 1380.783 1380.783 1380.783 1380.783 1380.783 1380.788 1380.799 1380.809 1380.82 1380.83 1381.02 1381.234 1381.447 1381.661 1381.875 1382.088 1382.302
1383.379 1383.286 1383.213 1383.14 1383.067 1383.005 1383.004 1383.003 1383.003 1383.002 1382.876 1382.658 1382.439 1382.221 1382.004 1382.004 1382.003 1382.003 1382.003 1382.003 1382.003 1382.002 1382.002 1382.002 1382.002 1382.002 1382.002 1382.002 1381.98 1381.908 1381.835 1381.762 1381.689 1381.563 1381.417 1381.271 1381.126 1381.003 1381.003 1381.003 1381.003 1381.003 1381.003 1381.003 1381.003 1381.003 1381.003 1381.003 1381.003 1381.003 1381.003 1381.003 1381.003 1381.003 1381.003 1381.003 1381.196 1381.415 1381.634 1381.852 1382.071 1382.29 1382.509
1383.667 1383.582 1383.515 1383.447 1383.38 1383.316 1383.278 1383.241 1383.203 1383.165 1383.038 1382.846 1382.655 1382.463 1382.272 1382.256 1382.24 1382.224 1382.207 1382.193 1382.183 1382.172 1382.161 1382.15 1382.149 1382.149 1382.149 1382.149 1382.132 1382.075 1382.018 1381.962 1381.905 1381.783 1381.637 1381.491 1381.345 1381.223 1381.223 1381.223 1381.223 1381.223 1381.223 1381.223 1381.223 1381.223 1381.223 1381.223 1381.223 1381.223 1381.223 1381.223 1381.223 1381.223 1381.223 1381.223 1381.407 1381.615 1381.823 1382.031 1382.24 1382.454 1382.667
1383.956 1383.879 1383.817 1383.755 1383.693 1383.628 1383.553 1383.478 1383.402 1383.327 1383.2 1383.035 1382.87 1382.705 1382.541 1382.509 1382.476 1382.444 1382.412 1382.384 1382.363 1382.341 1382.319 1382.298 1382.295 1382.295 1382.295 1382.295 1382.283 1382.242 1382.202 1382.161 1382.12 1382.003 1381.857 1381.711 1381.565 1381.443 1381.443 1381.443 1381.443 1381.443 1381.443 1381.443 1381.443 1381.443 1381.443 1381.443 1381.443 1381.443 1381.443 1381.443 1381.443 1381.443 1381.443 1381.443 1381.617 1381.814 1382.012 1382.209 1382.41 1382.618 1382.826
