data/zism_data/00331_03_D.txt
ncols         224
nrows         224
[rows 84 to 111 of 224, columns 0 to 62 of 224]
1268.174 1269.444 1270.715 1271.985 1273.256 1274.828 1276.592 1278.356 1280.119 1281.889 1283.794 1285.699 1287.604 1289.509 1291.044 1292.169 1293.293 1294.418 1295.542 1295.045 1294.377 1293.709 1293.042 1291.907 1289.848 1287.789 1285.73 1283.671 1281.624 1279.582 1277.539 1275.496 1273.645 1272.575 1271.504 1270.433 1269.362 1269.145 1269.434 1269.723 1270.012 1270.347 1271.422 1272.497 1273.572 1274.647 1275.621 1276.488 1277.356 1278.223 1279.09 1280.093 1281.107 1282.122 1283.136 1284.317 1285.808 1287.299 1288.79 1290.281 1291.953 1293.675 1295.398
1267.232 1268.54 1269.848 1271.155 1272.463 1274.177 1276.149 1278.12 1280.091 1282.065 1284.109 1286.152 1288.196 1290.239 1291.864 1293.026 1294.188 1295.35 1296.512 1295.936 1295.177 1294.419 1293.661 1292.468 1290.414 1288.36 1286.307 1284.253 1282.208 1280.165 1278.123 1276.08 1274.232 1273.177 1272.122 1271.067 1270.013 1269.831 1270.168 1270.505 1270.842 1271.226 1272.354 1273.482 1274.61 1275.739 1276.81 1277.821 1278.832 1279.843 1280.854 1281.849 1282.842 1283.835 1284.828 1286.049 1287.694 1289.34 1290.985 1292.63 1294.618 1296.703 1298.787
1266.291 1267.636 1268.981 1270.326 1271.671 1273.527 1275.705 1277.884 1280.063 1282.242 1284.423 1286.605 1288.787 1290.969 1292.684 1293.884 1295.083 1296.282 1297.481 1296.826 1295.978 1295.129 1294.28 1293.029 1290.98 1288.932 1286.884 1284.835 1282.791 1280.749 1278.706 1276.664 1274.819 1273.78 1272.741 1271.702 1270.663 1270.518 1270.903 1271.288 1271.673 1272.104 1273.286 1274.467 1275.649 1276.83 1277.998 1279.153 1280.308 1281.463 1282.618 1283.604 1284.576 1285.548 1286.519 1287.781 1289.581 1291.38 1293.18 1294.979 1297.284 1299.73 1302.177
1265.349 1266.731 1268.114 1269.496 1270.878 1272.876 1275.262 1277.648 1280.035 1282.418 1284.738 1287.058 1289.378 1291.699 1293.505 1294.741 1295.977 1297.214 1298.45 1297.717 1296.778 1295.839 1294.9 1293.59 1291.547 1289.504 1287.461 1285.418 1283.375 1281.332 1279.29 1277.247 1275.406 1274.383 1273.36 1272.337 1271.314 1271.205 1271.637 1272.07 1272.503 1272.983 1274.217 1275.452 1276.687 1277.921 1279.187 1280.486 1281.784 1283.083 1284.381 1285.359 1286.31 1287.26 1288.211 1289.513 1291.467 1293.421 1295.375 1297.328 1299.949 1302.758 1305.566
1263.823 1265.271 1266.72 1268.168 1269.616 1271.661 1274.083 1276.505 1278.926 1281.347 1283.733 1286.12 1288.507 1290.894 1292.644 1293.688 1294.733 1295.777 1296.821 1295.871 1294.713 1293.554 1292.396 1290.99 1289.095 1287.201 1285.307 1283.412 1281.554 1279.708 1277.861 1276.014 1274.37 1273.549 1272.729 1271.908 1271.087 1271.14 1271.712 1272.283 1272.855 1273.47 1274.781 1276.093 1277.405 1278.717 1280.036 1281.364 1282.691 1284.019 1285.346 1286.404 1287.438 1288.473 1289.507 1290.993 1293.316 1295.639 1297.962 1300.285 1303.315 1306.542 1309.77
1262.231 1263.748 1265.266 1266.783 1268.3 1270.382 1272.82 1275.257 1277.695 1280.133 1282.579 1285.024 1287.47 1289.915 1291.592 1292.418 1293.244 1294.07 1294.896 1293.714 1292.321 1290.929 1289.536 1288.03 1286.301 1284.571 1282.842 1281.112 1279.46 1277.832 1276.203 1274.575 1273.149 1272.552 1271.955 1271.358 1270.761 1270.991 1271.711 1272.432 1273.152 1273.912 1275.304 1276.695 1278.087 1279.478 1280.846 1282.19 1283.533 1284.877 1286.22 1287.368 1288.498 1289.628 1290.758 1292.444 1295.161 1297.878 1300.595 1303.312 1306.76 1310.413 1314.066
1260.639 1262.225 1263.812 1265.398 1266.985 1269.103 1271.557 1274.01 1276.464 1278.92 1281.424 1283.928 1286.432 1288.936 1290.54 1291.148 1291.756 1292.364 1292.972 1291.557 1289.93 1288.303 1286.676 1285.07 1283.506 1281.941 1280.377 1278.812 1277.366 1275.956 1274.545 1273.135 1271.929 1271.555 1271.182 1270.808 1270.434 1270.841 1271.711 1272.58 1273.45 1274.354 1275.826 1277.297 1278.769 1280.24 1281.657 1283.016 1284.375 1285.735 1287.094 1288.331 1289.557 1290.783 1292.009 1293.895 1297.006 1300.116 1303.227 1306.338 1310.205 1314.284 1318.363
1259.047 1260.702 1262.358 1264.014 1265.669 1267.824 1270.294 1272.763 1275.233 1277.707 1280.269 1282.832 1285.394 1287.957 1289.488 1289.878 1290.268 1290.658 1291.047 1289.4 1287.539 1285.678 1283.816 1282.11 1280.711 1279.311 1277.912 1276.512 1275.272 1274.08 1272.887 1271.695 1270.708 1270.558 1270.408 1270.258 1270.108 1270.692 1271.71 1272.729 1273.747 1274.797 1276.348 1277.899 1279.45 1281.002 1282.467 1283.842 1285.218 1286.593 1287.969 1289.295 1290.616 1291.938 1293.26 1295.346 1298.851 1302.355 1305.86 1309.364 1313.65 1318.155 1322.659
1257.472 1259.162 1260.852 1262.542 1264.231 1266.401 1268.872 1271.344 1273.816 1276.291 1278.851 1281.411 1283.971 1286.531 1287.965 1288.152 1288.339 1288.527 1288.714 1286.881 1284.837 1282.792 1280.747 1278.961 1277.687 1276.412 1275.137 1273.862 1272.857 1271.934 1271.01 1270.087 1269.365 1269.463 1269.561 1269.659 1269.757 1270.508 1271.648 1272.787 1273.927 1275.096 1276.732 1278.368 1280.005 1281.641 1283.162 1284.564 1285.966 1287.368 1288.77 1290.186 1291.604 1293.021 1294.439 1296.709 1300.562 1304.415 1308.268 1312.121 1316.703 1321.49 1326.277
1255.933 1257.586 1259.238 1260.891 1262.544 1264.682 1267.127 1269.572 1272.017 1274.462 1276.894 1279.326 1281.758 1284.19 1285.477 1285.494 1285.511 1285.528 1285.545 1283.623 1281.499 1279.375 1277.25 1275.425 1274.193 1272.961 1271.729 1270.497 1269.787 1269.236 1268.685 1268.134 1267.77 1268.166 1268.562 1268.958 1269.354 1270.257 1271.46 1272.663 1273.867 1275.101 1276.833 1278.565 1280.297 1282.03 1283.624 1285.073 1286.523 1287.973 1289.423 1290.931 1292.444 1293.957 1295.471 1297.893 1302.001 1306.11 1310.218 1314.326 1318.956 1323.733 1328.509
1254.394 1256.01 1257.625 1259.24 1260.856 1262.964 1265.382 1267.801 1270.219 1272.632 1274.937 1277.241 1279.546 1281.85 1282.988 1282.835 1282.682 1282.529 1282.375 1280.366 1278.161 1275.957 1273.753 1271.889 1270.7 1269.51 1268.32 1267.131 1266.716 1266.538 1266.36 1266.182 1266.175 1266.869 1267.563 1268.257 1268.951 1270.005 1271.272 1272.54 1273.807 1275.107 1276.935 1278.763 1280.59 1282.418 1284.085 1285.582 1287.08 1288.578 1290.075 1291.676 1293.285 1294.894 1296.503 1299.077 1303.441 1307.804 1312.168 1316.532 1321.209 1325.975 1330.741
1252.856 1254.434 1256.012 1257.59 1259.168 1261.245 1263.637 1266.029 1268.421 1270.803 1272.98 1275.156 1277.333 1279.51 1280.5 1280.177 1279.853 1279.53 1279.206 1277.108 1274.824 1272.54 1270.256 1268.353 1267.206 1266.059 1264.912 1263.765 1263.646 1263.84 1264.035 1264.229 1264.581 1265.573 1266.565 1267.557 1268.548 1269.753 1271.084 1272.416 1273.747 1275.112 1277.036 1278.96 1280.883 1282.807 1284.546 1286.091 1287.637 1289.182 1290.728 1292.42 1294.125 1295.83 1297.535 1300.261 1304.88 1309.499 1314.118 1318.737 1323.463 1328.218 1332.973
1251.317 1252.858 1254.399 1255.939 1257.48 1259.527 1261.892 1264.257 1266.622 1268.974 1271.023 1273.072 1275.121 1277.17 1278.012 1277.518 1277.024 1276.531 1276.037 1273.85 1271.486 1269.122 1266.758 1264.818 1263.713 1262.609 1261.504 1260.4 1260.576 1261.143 1261.71 1262.276 1262.986 1264.276 1265.566 1266.856 1268.146 1269.502 1270.897 1272.292 1273.687 1275.118 1277.137 1279.157 1281.176 1283.196 1285.007 1286.6 1288.194 1289.787 1291.381 1293.165 1294.965 1296.766 1298.567 1301.444 1306.319 1311.193 1316.068 1320.943 1325.716 1330.46 1335.205
1250.809 1252.195 1253.582 1254.968 1256.355 1258.246 1260.455 1262.664 1264.874 1267.069 1268.945 1270.822 1272.699 1274.576 1275.27 1274.654 1274.039 1273.423 1272.807 1270.698 1268.432 1266.166 1263.9 1262.068 1261.095 1260.122 1259.149 1258.176 1258.545 1259.323 1260.1 1260.878 1261.786 1263.225 1264.663 1266.102 1267.54 1269.004 1270.483 1271.962 1273.441 1274.951 1276.957 1278.963 1280.97 1282.976 1284.804 1286.445 1288.086 1289.728 1291.369 1293.278 1295.211 1297.144 1299.077 1302.029 1306.872 1311.716 1316.559 1321.402 1325.854 1330.196 1334.538
1250.628 1251.823 1253.018 1254.213 1255.408 1257.104 1259.116 1261.129 1263.141 1265.139 1266.83 1268.521 1270.211 1271.902 1272.448 1271.725 1271.003 1270.281 1269.559 1267.579 1265.468 1263.356 1261.244 1259.569 1258.755 1257.942 1257.128 1256.315 1256.844 1257.781 1258.718 1259.656 1260.712 1262.251 1263.791 1265.331 1266.87 1268.429 1269.998 1271.568 1273.137 1274.729 1276.688 1278.646 1280.604 1282.563 1284.389 1286.078 1287.768 1289.457 1291.146 1293.192 1295.268 1297.345 1299.421 1302.424 1307.145 1311.866 1316.586 1321.307 1325.321 1329.136 1332.951
1250.447 1251.45 1252.454 1253.457 1254.46 1255.962 1257.777 1259.593 1261.408 1263.21 1264.715 1266.219 1267.723 1269.228 1269.625 1268.796 1267.968 1267.139 1266.311 1264.46 1262.503 1260.546 1258.589 1257.069 1256.415 1255.761 1255.108 1254.454 1255.142 1256.239 1257.336 1258.433 1259.637 1261.278 1262.919 1264.56 1266.201 1267.853 1269.513 1271.173 1272.833 1274.508 1276.418 1278.328 1280.239 1282.149 1283.975 1285.712 1287.449 1289.186 1290.924 1293.105 1295.325 1297.545 1299.765 1302.819 1307.417 1312.016 1316.614 1321.213 1324.788 1328.076 1331.364
1250.266 1251.078 1251.89 1252.702 1253.513 1254.82 1256.438 1258.057 1259.676 1261.281 1262.599 1263.917 1265.235 1266.553 1266.802 1265.867 1264.932 1263.997 1263.062 1261.342 1259.539 1257.736 1255.933 1254.569 1254.075 1253.581 1253.087 1252.593 1253.441 1254.697 1255.954 1257.211 1258.563 1260.305 1262.047 1263.789 1265.531 1267.278 1269.028 1270.779 1272.529 1274.286 1276.149 1278.011 1279.874 1281.736 1283.561 1285.346 1287.131 1288.916 1290.701 1293.018 1295.382 1297.746 1300.11 1303.214 1307.69 1312.166 1316.642 1321.118 1324.255 1327.016 1329.777
1250.116 1250.749 1251.382 1252.016 1252.649 1253.762 1255.177 1256.593 1258.009 1259.411 1260.536 1261.661 1262.786 1263.911 1264.029 1263.031 1262.035 1261.037 1260.04 1258.482 1256.865 1255.247 1253.63 1252.438 1252.089 1251.739 1251.39 1251.04 1252.011 1253.384 1254.756 1256.129 1257.59 1259.41 1261.23 1263.05 1264.869 1266.676 1268.474 1270.273 1272.071 1273.87 1275.679 1277.487 1279.296 1281.104 1282.927 1284.765 1286.603 1288.441 1290.279 1292.709 1295.19 1297.672 1300.153 1303.277 1307.595 1311.912 1316.229 1320.547 1323.244 1325.488 1327.731
1250.093 1250.604 1251.115 1251.626 1252.137 1253.062 1254.249 1255.436 1256.623 1257.797 1258.698 1259.599 1260.5 1261.402 1261.463 1260.594 1259.724 1258.855 1257.986 1256.728 1255.43 1254.132 1252.834 1251.882 1251.612 1251.342 1251.072 1250.803 1251.739 1253.042 1254.346 1255.65 1257.051 1258.85 1260.648 1262.447 1264.245 1265.96 1267.625 1269.291 1270.956 1272.625 1274.354 1276.083 1277.812 1279.54 1281.359 1283.271 1285.184 1287.096 1289.009 1291.449 1293.936 1296.422 1298.909 1301.927 1305.93 1309.934 1313.937 1317.94 1320.195 1321.96 1323.724
1250.071 1250.459 1250.848 1251.236 1251.625 1252.363 1253.321 1254.278 1255.236 1256.182 1256.86 1257.538 1258.215 1258.893 1258.897 1258.156 1257.414 1256.673 1255.931 1254.975 1253.996 1253.017 1252.039 1251.325 1251.135 1250.945 1250.755 1250.565 1251.467 1252.701 1253.936 1255.17 1256.512 1258.289 1260.066 1261.844 1263.621 1265.244 1266.777 1268.309 1269.841 1271.381 1273.03 1274.678 1276.327 1277.976 1279.791 1281.777 1283.765 1285.751 1287.738 1290.19 1292.682 1295.174 1297.666 1300.577 1304.266 1307.956 1311.645 1315.334 1317.146 1318.432 1319.718
1250.049 1250.315 1250.581 1250.847 1251.113 1251.663 1252.392 1253.121 1253.85 1254.567 1255.022 1255.476 1255.93 1256.384 1256.332 1255.718 1255.104 1254.49 1253.876 1253.221 1252.562 1251.902 1251.243 1250.768 1250.658 1250.548 1250.438 1250.328 1251.195 1252.36 1253.526 1254.691 1255.973 1257.729 1259.485 1261.241 1262.996 1264.529 1265.928 1267.327 1268.727 1270.136 1271.705 1273.274 1274.843 1276.412 1278.222 1280.284 1282.345 1284.406 1286.468 1288.93 1291.427 1293.925 1296.422 1299.227 1302.602 1305.978 1309.353 1312.728 1314.098 1314.904 1315.711
1250.026 1250.17 1250.314 1250.457 1250.601 1250.964 1251.464 1251.964 1252.464 1252.953 1253.183 1253.414 1253.645 1253.876 1253.766 1253.28 1252.794 1252.308 1251.821 1251.468 1251.127 1250.787 1250.447 1250.211 1250.181 1250.151 1250.12 1250.09 1250.923 1252.019 1253.115 1254.212 1255.434 1257.168 1258.903 1260.638 1262.372 1263.813 1265.079 1266.345 1267.612 1268.891 1270.38 1271.87 1273.359 1274.848 1276.654 1278.79 1280.926 1283.062 1285.198 1287.671 1290.173 1292.676 1295.178 1297.877 1300.938 1304.0 1307.061 1310.122 1311.049 1311.376 1311.704
1250.059 1250.137 1250.214 1250.292 1250.369 1250.616 1250.97 1251.324 1251.678 1252.022 1252.148 1252.274 1252.4 1252.526 1252.413 1252.035 1251.657 1251.278 1250.9 1250.696 1250.51 1250.324 1250.139 1250.024 1250.05 1250.077 1250.103 1250.13 1250.91 1251.921 1252.931 1253.942 1255.072 1256.693 1258.314 1259.935 1261.556 1262.858 1263.972 1265.085 1266.199 1267.332 1268.788 1270.243 1271.699 1273.155 1274.979 1277.19 1279.401 1281.611 1283.822 1286.327 1288.858 1291.389 1293.92 1296.567 1299.43 1302.293 1305.156 1308.019 1308.822 1309.047 1309.272
1250.127 1250.172 1250.218 1250.263 1250.309 1250.484 1250.743 1251.001 1251.259 1251.51 1251.604 1251.698 1251.792 1251.887 1251.802 1251.52 1251.237 1250.955 1250.672 1250.525 1250.393 1250.26 1250.127 1250.063 1250.132 1250.201 1250.27 1250.339 1251.056 1251.97 1252.885 1253.8 1254.82 1256.271 1257.721 1259.172 1260.622 1261.758 1262.706 1263.655 1264.603 1265.581 1267.031 1268.482 1269.932 1271.382 1273.241 1275.526 1277.811 1280.096 1282.381 1284.931 1287.505 1290.078 1292.652 1295.282 1298.017 1300.753 1303.488 1306.223 1307.098 1307.451 1307.804
1250.194 1250.207 1250.221 1250.234 1250.248 1250.353 1250.515 1250.678 1250.84 1250.998 1251.06 1251.122 1251.185 1251.247 1251.191 1251.004 1250.818 1250.631 1250.444 1250.355 1250.275 1250.196 1250.116 1250.101 1250.213 1250.324 1250.436 1250.547 1251.201 1252.02 1252.839 1253.658 1254.568 1255.848 1257.128 1258.408 1259.689 1260.657 1261.441 1262.224 1263.008 1263.83 1265.275 1266.72 1268.165 1269.61 1271.502 1273.862 1276.221 1278.581 1280.94 1283.536 1286.152 1288.768 1291.384 1293.997 1296.605 1299.212 1301.82 1304.427 1305.374 1305.854 1306.335
1250.261 1250.242 1250.224 1250.206 1250.187 1250.221 1250.288 1250.354 1250.421 1250.486 1250.516 1250.547 1250.577 1250.607 1250.58 1250.489 1250.398 1250.307 1250.216 1250.184 1250.158 1250.132 1250.105 1250.14 1250.294 1250.448 1250.602 1250.756 1251.347 1252.07 1252.793 1253.516 1254.315 1255.425 1256.535 1257.645 1258.755 1259.557 1260.175 1260.794 1261.412 1262.079 1263.518 1264.958 1266.398 1267.838 1269.763 1272.198 1274.631 1277.066 1279.5 1282.14 1284.799 1287.458 1290.116 1292.712 1295.192 1297.672 1300.152 1302.632 1303.65 1304.258 1304.866
1250.343 1250.295 1250.247 1250.199 1250.151 1250.116 1250.089 1250.063 1250.036 1250.011 1250.011 1250.011 1250.011 1250.011 1250.011 1250.011 1250.011 1250.011 1250.011 1250.033 1250.057 1250.081 1250.105 1250.186 1250.378 1250.57 1250.763 1250.955 1251.481 1252.109 1252.736 1253.364 1254.052 1254.987 1255.923 1256.858 1257.793 1258.428 1258.885 1259.342 1259.799 1260.313 1261.753 1263.193 1264.632 1266.072 1268.034 1270.542 1273.05 1275.557 1278.065 1280.75 1283.45 1286.149 1288.849 1291.43 1293.789 1296.148 1298.507 1300.867 1301.954 1302.684 1303.414
1250.71 1250.672 1250.635 1250.598 1250.56 1250.503 1250.434 1250.365 1250.296 1250.23 1250.23 1250.23 1250.23 1250.23 1250.23 1250.23 1250.23 1250.23 1250.23 1250.247 1250.266 1250.284 1250.303 1250.366 1250.516 1250.665 1250.815 1250.965 1251.412 1251.949 1252.486 1253.023 1253.588 1254.268 1254.948 1255.628 1256.308 1256.784 1257.14 1257.496 1257.851 1258.276 1259.817 1261.358 1262.899 1264.44 1266.482 1269.049 1271.615 1274.181 1276.747 1279.451 1282.167 1284.883 1287.599 1290.193 1292.563 1294.933 1297.303 1299.673 1300.775 1301.521 1302.267
