data/zism_data/00331_01_D.txt
ncols         224
nrows         224
[rows 28 to 55 of 224, columns 126 to 188 of 224]
1275.246 1276.454 1277.369 1277.36 1277.351 1277.342 1277.333 1277.217 1277.05 1276.883 1276.716 1276.63 1277.262 1277.894 1278.526 1279.158 1280.117 1281.361 1282.605 1283.849 1285.094 1286.81 1288.544 1290.278 1292.012 1292.947 1292.656 1292.364 1292.072 1291.78 1292.311 1293.016 1293.721 1294.426 1295.843 1299.333 1302.824 1306.315 1309.805 1315.193 1321.449 1327.705 1333.961 1339.748 1341.987 1344.227 1346.467 1348.707 1349.42 1348.87 1348.321 1347.772 1347.223 1344.313 1341.351 1338.388 1335.426 1331.733 1326.984 1322.236 1317.487 1312.738 1308.011
1279.116 1280.377 1281.284 1281.073 1280.861 1280.65 1280.439 1280.11 1279.725 1279.339 1278.954 1278.669 1279.27 1279.87 1280.47 1281.07 1282.016 1283.266 1284.515 1285.765 1287.015 1288.618 1290.235 1291.852 1293.469 1294.333 1294.042 1293.75 1293.458 1293.166 1293.67 1294.344 1295.017 1295.69 1297.152 1300.914 1304.676 1308.438 1312.2 1317.462 1323.409 1329.356 1335.303 1340.781 1342.707 1344.633 1346.558 1348.484 1348.819 1347.839 1346.859 1345.878 1344.898 1341.177 1337.395 1333.614 1329.832 1325.417 1320.088 1314.759 1309.43 1304.101 1299.063
1282.986 1284.301 1285.199 1284.785 1284.372 1283.958 1283.545 1283.003 1282.4 1281.796 1281.193 1280.709 1281.277 1281.845 1282.413 1282.982 1283.916 1285.171 1286.426 1287.68 1288.935 1290.426 1291.926 1293.426 1294.926 1295.719 1295.428 1295.136 1294.844 1294.552 1295.03 1295.671 1296.313 1296.954 1298.462 1302.495 1306.529 1310.562 1314.596 1319.73 1325.369 1331.007 1336.646 1341.814 1343.426 1345.038 1346.65 1348.261 1348.218 1346.807 1345.396 1343.984 1342.573 1338.041 1333.44 1328.839 1324.237 1319.101 1313.192 1307.283 1301.374 1295.465 1290.114
1286.856 1288.224 1289.114 1288.498 1287.882 1287.266 1286.651 1285.896 1285.075 1284.253 1283.431 1282.748 1283.284 1283.821 1284.357 1284.893 1285.815 1287.075 1288.336 1289.596 1290.856 1292.234 1293.617 1295.0 1296.383 1297.105 1296.814 1296.522 1296.23 1295.938 1296.39 1296.999 1297.608 1298.218 1299.771 1304.076 1308.381 1312.686 1316.991 1321.999 1327.329 1332.659 1337.989 1342.848 1344.145 1345.443 1346.741 1348.039 1347.618 1345.775 1343.933 1342.09 1340.248 1334.905 1329.484 1324.063 1318.642 1312.785 1306.296 1299.807 1293.318 1286.828 1281.165
1290.583 1291.927 1292.752 1291.942 1291.131 1290.32 1289.51 1288.57 1287.568 1286.566 1285.564 1284.715 1285.216 1285.718 1286.219 1286.72 1287.624 1288.88 1290.136 1291.392 1292.648 1293.892 1295.136 1296.379 1297.623 1298.266 1297.984 1297.703 1297.422 1297.141 1297.569 1298.149 1298.728 1299.307 1300.899 1305.441 1309.983 1314.524 1319.066 1323.953 1328.999 1334.044 1339.089 1343.653 1344.575 1345.497 1346.419 1347.341 1346.486 1344.162 1341.839 1339.515 1337.191 1331.033 1324.789 1318.546 1312.302 1305.759 1298.783 1291.807 1284.832 1277.856 1271.915
1293.726 1294.735 1295.266 1294.29 1293.315 1292.339 1291.363 1290.352 1289.323 1288.294 1287.266 1286.388 1286.841 1287.295 1287.748 1288.201 1289.06 1290.273 1291.487 1292.7 1293.914 1294.936 1295.951 1296.966 1297.98 1298.505 1298.277 1298.049 1297.821 1297.593 1298.014 1298.572 1299.13 1299.688 1301.288 1305.926 1310.563 1315.201 1319.838 1324.628 1329.487 1334.346 1339.205 1343.531 1343.825 1344.119 1344.413 1344.707 1343.192 1340.182 1337.172 1334.161 1331.151 1324.161 1317.082 1310.003 1302.924 1295.843 1288.761 1281.679 1274.596 1267.514 1261.436
1296.869 1297.543 1297.779 1296.639 1295.498 1294.358 1293.217 1292.134 1291.078 1290.023 1288.967 1288.061 1288.467 1288.872 1289.277 1289.683 1290.496 1291.667 1292.838 1294.009 1295.18 1295.98 1296.766 1297.552 1298.338 1298.745 1298.57 1298.396 1298.221 1298.046 1298.458 1298.995 1299.532 1300.069 1301.678 1306.411 1311.144 1315.877 1320.611 1325.303 1329.976 1334.648 1339.321 1343.409 1343.075 1342.741 1342.407 1342.073 1339.898 1336.202 1332.505 1328.808 1325.111 1317.289 1309.375 1301.46 1293.545 1285.927 1278.739 1271.55 1264.361 1257.172 1250.956
1300.012 1300.351 1300.293 1298.987 1297.682 1296.376 1295.071 1293.915 1292.833 1291.751 1290.669 1289.734 1290.092 1290.449 1290.807 1291.164 1291.932 1293.061 1294.189 1295.318 1296.446 1297.024 1297.581 1298.138 1298.696 1298.985 1298.863 1298.742 1298.62 1298.498 1298.902 1299.418 1299.934 1300.449 1302.067 1306.896 1311.725 1316.554 1321.383 1325.977 1330.464 1334.951 1339.437 1343.288 1342.326 1341.363 1340.401 1339.439 1336.604 1332.221 1327.838 1323.455 1319.071 1310.417 1301.667 1292.917 1284.167 1276.011 1268.716 1261.421 1254.125 1246.83 1240.477
1303.155 1303.158 1302.807 1301.336 1299.865 1298.395 1296.924 1295.697 1294.588 1293.479 1292.371 1291.407 1291.717 1292.026 1292.336 1292.646 1293.369 1294.455 1295.54 1296.626 1297.712 1298.068 1298.396 1298.725 1299.053 1299.225 1299.156 1299.088 1299.02 1298.951 1299.347 1299.841 1300.335 1300.83 1302.456 1307.381 1312.306 1317.231 1322.156 1326.652 1330.952 1335.253 1339.553 1343.166 1341.576 1339.986 1338.396 1336.806 1333.311 1328.241 1323.171 1318.101 1313.032 1303.545 1293.959 1284.374 1274.788 1266.095 1258.693 1251.292 1243.89 1236.489 1229.997
1305.884 1305.518 1304.838 1303.166 1301.493 1299.821 1298.149 1296.857 1295.752 1294.647 1293.542 1292.579 1292.871 1293.163 1293.455 1293.746 1294.407 1295.39 1296.373 1297.356 1298.339 1298.596 1298.826 1299.056 1299.286 1299.401 1299.339 1299.276 1299.214 1299.152 1299.562 1300.072 1300.582 1301.091 1302.708 1307.548 1312.388 1317.228 1322.069 1326.168 1329.928 1333.688 1337.448 1340.514 1338.329 1336.145 1333.96 1331.775 1327.839 1322.453 1317.068 1311.682 1306.297 1296.476 1286.556 1276.636 1266.716 1257.744 1250.142 1242.54 1234.939 1227.337 1220.881
1308.366 1307.613 1306.584 1304.688 1302.792 1300.896 1299.0 1297.65 1296.566 1295.482 1294.398 1293.455 1293.747 1294.038 1294.33 1294.622 1295.208 1296.053 1296.898 1297.743 1298.587 1298.819 1299.027 1299.236 1299.445 1299.538 1299.455 1299.371 1299.288 1299.205 1299.641 1300.188 1300.736 1301.283 1302.878 1307.526 1312.175 1316.823 1321.472 1324.996 1328.006 1331.016 1334.026 1336.361 1333.602 1330.843 1328.083 1325.324 1321.075 1315.593 1310.112 1304.631 1299.15 1289.291 1279.333 1269.376 1259.419 1250.32 1242.463 1234.606 1226.749 1218.892 1212.573
1310.849 1309.707 1308.329 1306.21 1304.091 1301.971 1299.852 1298.442 1297.38 1296.317 1295.254 1294.33 1294.622 1294.914 1295.205 1295.497 1296.01 1296.716 1297.423 1298.129 1298.835 1299.042 1299.229 1299.416 1299.603 1299.676 1299.571 1299.466 1299.362 1299.257 1299.721 1300.305 1300.889 1301.474 1303.047 1307.505 1311.962 1316.419 1320.876 1323.825 1326.084 1328.344 1330.603 1332.209 1328.875 1325.541 1322.207 1318.873 1314.311 1308.734 1303.157 1297.58 1292.003 1282.105 1272.111 1262.116 1252.122 1242.896 1234.784 1226.671 1218.559 1210.446 1204.265
1313.332 1311.801 1310.075 1307.732 1305.389 1303.046 1300.703 1299.234 1298.193 1297.152 1296.111 1295.206 1295.497 1295.789 1296.081 1296.373 1296.812 1297.38 1297.948 1298.516 1299.084 1299.264 1299.43 1299.596 1299.762 1299.813 1299.687 1299.561 1299.435 1299.31 1299.8 1300.422 1301.043 1301.665 1303.217 1307.483 1311.748 1316.014 1320.279 1322.654 1324.163 1325.672 1327.181 1328.057 1324.148 1320.239 1316.33 1312.421 1307.547 1301.874 1296.201 1290.529 1284.856 1274.92 1264.888 1254.856 1244.824 1235.473 1227.104 1218.737 1210.369 1202.001 1195.957
1315.825 1313.931 1311.874 1309.306 1306.738 1304.169 1301.601 1300.064 1299.033 1298.001 1296.969 1296.072 1296.359 1296.646 1296.932 1297.219 1297.584 1298.017 1298.451 1298.884 1299.318 1299.474 1299.62 1299.766 1299.912 1299.943 1299.798 1299.654 1299.509 1299.364 1299.881 1300.538 1301.195 1301.852 1303.377 1307.431 1311.486 1315.541 1319.595 1321.389 1322.149 1322.909 1323.669 1323.821 1319.376 1314.932 1310.487 1306.042 1300.877 1295.115 1289.354 1283.593 1277.832 1267.847 1257.766 1247.686 1237.606 1228.13 1219.527 1210.924 1202.321 1193.718 1187.827
1318.483 1316.626 1314.536 1311.712 1308.889 1306.065 1303.241 1301.499 1300.286 1299.074 1297.861 1296.793 1296.994 1297.196 1297.398 1297.599 1297.885 1298.244 1298.603 1298.961 1299.32 1299.474 1299.62 1299.766 1299.912 1299.951 1299.828 1299.705 1299.581 1299.458 1299.983 1300.645 1301.307 1301.969 1303.365 1306.898 1310.431 1313.964 1317.498 1318.628 1318.659 1318.689 1318.72 1318.239 1313.885 1309.53 1305.176 1300.822 1295.715 1289.985 1284.256 1278.527 1272.798 1262.589 1252.28 1241.971 1231.662 1222.09 1213.582 1205.075 1196.568 1188.061 1182.552
1321.141 1319.321 1317.198 1314.119 1311.04 1307.96 1304.881 1302.934 1301.54 1300.147 1298.753 1297.514 1297.63 1297.747 1297.863 1297.98 1298.186 1298.47 1298.754 1299.039 1299.323 1299.474 1299.62 1299.766 1299.912 1299.96 1299.858 1299.756 1299.654 1299.552 1300.084 1300.752 1301.419 1302.087 1303.353 1306.365 1309.377 1312.388 1315.4 1315.866 1315.168 1314.47 1313.771 1312.657 1308.393 1304.129 1299.865 1295.601 1290.553 1284.855 1279.158 1273.461 1267.764 1257.332 1246.794 1236.256 1225.718 1216.05 1207.638 1199.227 1190.816 1182.404 1177.276
1323.799 1322.016 1319.86 1316.525 1313.191 1309.856 1306.521 1304.369 1302.794 1301.219 1299.645 1298.234 1298.266 1298.297 1298.328 1298.36 1298.486 1298.696 1298.906 1299.116 1299.326 1299.474 1299.62 1299.766 1299.912 1299.968 1299.887 1299.807 1299.726 1299.645 1300.186 1300.859 1301.532 1302.204 1303.342 1305.832 1308.322 1310.812 1313.302 1313.104 1311.677 1310.25 1308.823 1307.075 1302.901 1298.728 1294.554 1290.381 1285.391 1279.725 1274.06 1268.395 1262.729 1252.074 1241.308 1230.541 1219.774 1210.01 1201.694 1193.379 1185.063 1176.748 1172.001
1326.457 1324.712 1322.522 1318.932 1315.342 1311.752 1308.161 1305.803 1304.048 1302.292 1300.537 1298.955 1298.901 1298.848 1298.794 1298.74 1298.787 1298.922 1299.058 1299.193 1299.328 1299.474 1299.62 1299.766 1299.912 1299.977 1299.917 1299.858 1299.798 1299.739 1300.287 1300.966 1301.644 1302.322 1303.33 1305.299 1307.267 1309.236 1311.204 1310.343 1308.186 1306.03 1303.874 1301.492 1297.41 1293.326 1289.244 1285.161 1280.229 1274.595 1268.962 1263.329 1257.695 1246.817 1235.822 1224.826 1213.831 1203.97 1195.75 1187.53 1179.31 1171.091 1166.726
1329.163 1327.434 1325.214 1321.444 1317.674 1313.904 1310.134 1307.537 1305.515 1303.493 1301.47 1299.638 1299.473 1299.308 1299.143 1298.978 1298.951 1299.046 1299.141 1299.235 1299.33 1299.474 1299.62 1299.766 1299.912 1299.983 1299.939 1299.896 1299.853 1299.809 1300.323 1300.954 1301.585 1302.217 1303.069 1304.566 1306.062 1307.559 1309.055 1307.742 1305.143 1302.544 1299.944 1297.171 1293.08 1288.988 1284.897 1280.805 1275.815 1270.081 1264.346 1258.612 1252.878 1241.944 1230.894 1219.844 1208.794 1198.992 1190.996 1183.0 1175.003 1167.007 1163.053
1331.921 1330.186 1327.937 1324.066 1320.195 1316.324 1312.453 1309.584 1307.205 1304.826 1302.447 1300.28 1299.977 1299.673 1299.37 1299.067 1298.973 1299.062 1299.151 1299.241 1299.33 1299.474 1299.62 1299.766 1299.912 1299.987 1299.954 1299.922 1299.889 1299.856 1300.288 1300.818 1301.348 1301.879 1302.548 1303.625 1304.701 1305.777 1306.853 1305.309 1302.566 1299.823 1297.08 1294.167 1289.964 1285.761 1281.557 1277.354 1272.182 1266.208 1260.235 1254.261 1248.287 1237.473 1226.551 1215.629 1204.707 1195.126 1187.486 1179.846 1172.206 1164.567 1161.054
1334.678 1332.938 1330.661 1326.688 1322.716 1318.744 1314.772 1311.63 1308.894 1306.159 1303.423 1300.922 1300.481 1300.039 1299.597 1299.156 1298.994 1299.078 1299.162 1299.246 1299.33 1299.474 1299.62 1299.766 1299.912 1299.991 1299.969 1299.947 1299.925 1299.903 1300.253 1300.682 1301.111 1301.541 1302.028 1302.683 1303.339 1303.995 1304.65 1302.876 1299.989 1297.103 1294.216 1291.163 1286.848 1282.533 1278.218 1273.903 1268.549 1262.336 1256.123 1249.91 1243.697 1233.002 1222.208 1211.413 1200.619 1191.259 1183.976 1176.693 1169.41 1162.126 1159.056
1337.435 1335.69 1333.384 1329.311 1325.237 1321.164 1317.091 1313.676 1310.584 1307.492 1304.4 1301.565 1300.985 1300.405 1299.825 1299.245 1299.016 1299.094 1299.173 1299.252 1299.33 1299.474 1299.62 1299.766 1299.912 1299.995 1299.984 1299.973 1299.961 1299.949 1300.218 1300.546 1300.874 1301.202 1301.507 1301.742 1301.977 1302.213 1302.448 1300.443 1297.413 1294.382 1291.352 1288.159 1283.732 1279.306 1274.879 1270.452 1264.917 1258.464 1252.011 1245.559 1239.106 1228.531 1217.865 1207.198 1196.531 1187.393 1180.466 1173.54 1166.613 1159.686 1157.057
1340.192 1338.442 1336.108 1331.933 1327.759 1323.584 1319.409 1315.722 1312.274 1308.825 1305.377 1302.207 1301.489 1300.771 1300.052 1299.334 1299.037 1299.111 1299.184 1299.257 1299.331 1299.474 1299.62 1299.766 1299.912 1300.0 1299.999 1299.998 1299.997 1299.996 1300.183 1300.41 1300.637 1300.864 1300.986 1300.801 1300.616 1300.431 1300.245 1298.01 1294.836 1291.662 1288.488 1285.155 1280.617 1276.078 1271.54 1267.001 1261.284 1254.592 1247.9 1241.208 1234.516 1224.061 1213.521 1202.982 1192.443 1183.526 1176.956 1170.386 1163.816 1157.246 1155.058
1339.815 1337.947 1335.589 1331.691 1327.792 1323.893 1319.994 1316.385 1312.918 1309.451 1305.983 1302.785 1301.953 1301.12 1300.288 1299.456 1299.098 1299.156 1299.215 1299.273 1299.331 1299.474 1299.62 1299.766 1299.912 1300.0 1300.0 1300.0 1300.0 1300.0 1300.144 1300.319 1300.494 1300.669 1300.72 1300.413 1300.106 1299.799 1299.493 1297.086 1293.72 1290.353 1286.987 1283.433 1278.465 1273.497 1268.528 1263.56 1257.629 1250.903 1244.177 1237.451 1230.725 1220.816 1210.835 1200.855 1190.874 1182.345 1175.916 1169.487 1163.058 1156.63 1154.569
1339.164 1337.168 1334.788 1331.198 1327.608 1324.018 1320.428 1316.927 1313.471 1310.014 1306.557 1303.357 1302.413 1301.469 1300.525 1299.581 1299.163 1299.205 1299.247 1299.29 1299.332 1299.474 1299.62 1299.766 1299.912 1300.0 1300.0 1300.0 1300.0 1300.0 1300.105 1300.232 1300.359 1300.485 1300.477 1300.074 1299.672 1299.269 1298.866 1296.295 1292.731 1289.168 1285.605 1281.824 1276.398 1270.972 1265.546 1260.12 1253.973 1247.231 1240.489 1233.747 1227.005 1217.679 1208.294 1198.909 1189.525 1181.398 1175.092 1168.785 1162.479 1156.172 1154.212
1338.513 1336.39 1333.987 1330.706 1327.424 1324.143 1320.862 1317.47 1314.023 1310.577 1307.131 1303.929 1302.874 1301.818 1300.762 1299.706 1299.227 1299.253 1299.28 1299.306 1299.332 1299.474 1299.62 1299.766 1299.912 1300.0 1300.0 1300.0 1300.0 1300.0 1300.065 1300.144 1300.223 1300.302 1300.234 1299.735 1299.237 1298.738 1298.24 1295.503 1291.743 1287.983 1284.222 1280.214 1274.33 1268.447 1262.563 1256.679 1250.317 1243.559 1236.801 1230.043 1223.285 1214.541 1205.753 1196.964 1188.175 1180.451 1174.267 1168.083 1161.899 1155.715 1153.854
1337.863 1335.611 1333.186 1330.214 1327.241 1324.268 1321.295 1318.012 1314.576 1311.141 1307.705 1304.502 1303.334 1302.167 1300.999 1299.831 1299.292 1299.302 1299.312 1299.323 1299.333 1299.474 1299.62 1299.766 1299.912 1300.0 1300.0 1300.0 1300.0 1300.0 1300.026 1300.057 1300.088 1300.119 1299.99 1299.396 1298.802 1298.207 1297.613 1294.711 1290.754 1286.797 1282.84 1278.604 1272.263 1265.922 1259.58 1253.239 1246.661 1239.887 1233.113 1226.339 1219.565 1211.404 1203.211 1195.018 1186.826 1179.504 1173.443 1167.381 1161.319 1155.258 1153.497
1336.391 1334.193 1331.887 1329.242 1326.596 1323.951 1321.305 1318.217 1314.911 1311.605 1308.3 1305.204 1303.953 1302.702 1301.45 1300.199 1299.598 1299.566 1299.534 1299.503 1299.471 1299.582 1299.698 1299.814 1299.93 1300.0 1300.0 1300.0 1300.0 1300.0 1300.0 1300.0 1300.0 1300.0 1299.838 1299.204 1298.57 1297.935 1297.301 1294.206 1289.985 1285.764 1281.542 1277.029 1270.304 1263.58 1256.855 1250.131 1243.348 1236.517 1229.687 1222.856 1216.025 1208.276 1200.505 1192.735 1184.966 1177.994 1172.178 1166.362 1160.546 1154.729 1153.098
