data/zism_data/00338_04_D.txt
ncols         224
nrows         224
[rows 145 to 173 of 224, columns 65 to 129 of 224]
798.4742 799.4532 799.6021 799.7133 799.8244 799.9355 800.0 800.0 800.0 800.0 800.0 799.9935 799.986 799.9786 799.9712 799.9612 799.9464 799.9316 799.9167 799.902 799.5923 799.2142 798.8361 798.4581 797.3911 794.5109 791.6309 788.7508 785.8707 780.4957 774.2404 767.9847 761.7294 754.8666 745.6189 736.3709 727.1232 717.8752 705.5651 691.7239 677.8822 664.041 650.6364 640.1468 629.6567 619.1671 608.677 603.8414 602.8669 601.8925 600.918 600.147 602.6832 605.2194 607.7555 610.2917 615.943 624.4501 632.957 641.4642 649.9711 660.9792 672.0237 683.0687 694.1132
797.7372 799.0716 799.3131 799.505 799.6969 799.8888 800.0 800.0 800.0 800.0 800.0 799.9887 799.9759 799.9631 799.9503 799.933 799.9075 799.8819 799.8563 799.8307 799.6282 799.3848 799.1412 798.8977 798.1164 795.9199 793.7234 791.527 789.3305 784.6152 779.0111 773.4067 767.8026 761.4316 752.0494 742.6669 733.2846 723.902 711.5938 697.8224 684.0507 670.2794 656.8052 645.3144 633.8232 622.3324 610.8412 605.369 604.007 602.645 601.283 600.1146 602.0909 604.0673 606.0436 608.02 612.9796 620.674 628.3682 636.0626 643.7568 654.594 665.4771 676.3605 687.2435
797.0003 798.6899 799.0241 799.2968 799.5693 799.842 800.0 800.0 800.0 800.0 800.0 799.9839 799.9658 799.9476 799.9294 799.9049 799.8685 799.8322 799.7958 799.7595 799.6642 799.5552 799.4463 799.3373 798.8417 797.3289 795.816 794.3032 792.7903 788.7347 783.7818 778.8287 773.8759 767.9967 758.4799 748.9628 739.446 729.9289 717.6223 703.921 690.2192 676.5179 662.9739 650.482 637.9897 625.4977 613.0054 606.8967 605.1472 603.3976 601.6481 600.0821 601.4987 602.9152 604.3317 605.7484 610.0161 616.8978 623.7793 630.661 637.5425 648.2087 658.9304 669.6523 680.3739
796.2634 798.3082 798.7351 799.0884 799.4418 799.7952 800.0 800.0 800.0 800.0 800.0 799.9792 799.9556 799.932 799.9084 799.8767 799.8296 799.7825 799.7354 799.6883 799.7002 799.7258 799.7513 799.7769 799.5671 798.7379 797.9086 797.0793 796.2501 792.8542 788.5526 784.2507 779.9491 774.5618 764.9104 755.2587 745.6074 735.9557 723.6509 710.0196 696.3878 682.7564 669.1426 655.6496 642.1561 628.6631 615.1697 608.4244 606.2873 604.1503 602.0132 600.0497 600.9064 601.7632 602.6199 603.4766 607.0527 613.1216 619.1904 625.2594 631.3281 641.8235 652.3837 662.9442 673.5043
793.9117 796.4096 797.2141 797.9417 798.6692 799.3967 799.8353 799.8753 799.9153 799.9553 799.9954 799.9233 799.8365 799.7498 799.663 799.5461 799.3727 799.1992 799.0257 798.8522 798.9062 799.013 799.1198 799.2266 799.1181 798.4433 797.7686 797.0938 796.4189 793.4034 789.5618 785.7201 781.8785 776.7548 766.5955 756.4357 746.2763 736.1166 723.7247 710.2167 696.7082 683.2001 669.697 656.2299 642.7625 629.2954 615.8279 609.0056 606.7211 604.4366 602.152 600.036 600.6576 601.2791 601.9006 602.5222 605.4132 610.3849 615.3563 620.328 625.2994 635.405 645.5858 655.767 665.9478
791.22 794.1917 795.4337 796.5972 797.7607 798.9243 799.6359 799.7244 799.8128 799.9013 799.9897 799.8567 799.6946 799.5325 799.3704 799.1519 798.8277 798.5035 798.1793 797.8552 797.9375 798.1143 798.291 798.4678 798.4219 797.7902 797.1584 796.5267 795.895 793.201 789.7792 786.3574 782.9356 778.0275 767.2815 756.535 745.789 735.0425 722.5449 709.1714 695.7974 682.424 669.0694 655.8445 642.6193 629.3944 616.1691 609.3875 607.0061 604.6248 602.2433 600.0264 600.481 600.9357 601.3903 601.845 604.0525 607.8669 611.6812 615.4956 619.3099 628.9796 638.7352 648.4911 658.2466
788.5284 791.9737 793.6534 795.2529 796.8523 798.4518 799.4365 799.5734 799.7103 799.8472 799.9841 799.79 799.5526 799.3151 799.0776 798.7576 798.2827 797.8079 797.3329 796.8581 796.9688 797.2156 797.4623 797.709 797.7257 797.137 796.5484 795.9597 795.371 792.9986 789.9966 786.9946 783.9927 779.3002 767.9675 756.6344 745.3017 733.9686 721.3651 708.1261 694.8867 681.6478 668.4418 655.4592 642.4761 629.4934 616.5103 609.7695 607.2911 604.8129 602.3346 600.0167 600.3045 600.5923 600.8801 601.1678 602.6918 605.349 608.006 610.6633 613.3203 622.5543 631.8846 641.2153 650.5457
785.8367 789.7557 791.873 793.9084 795.9438 797.9793 799.2371 799.4225 799.6078 799.7932 799.9785 799.7234 799.4106 799.0978 798.785 798.3633 797.7377 797.1122 796.4866 795.861 796.0001 796.3168 796.6335 796.9503 797.0295 796.4839 795.9383 795.3927 794.8471 792.7962 790.2141 787.6319 785.0497 780.5729 768.6535 756.7337 744.8143 732.8945 720.1852 707.0808 693.976 680.8716 667.8143 655.0738 642.3329 629.5925 616.8515 610.1514 607.5762 605.001 602.4258 600.007 600.1279 600.2488 600.3698 600.4907 601.3311 602.831 604.3309 605.8309 607.3307 616.1288 625.0339 633.9394 642.8445
782.47 786.8137 789.392 791.8901 794.3882 796.8863 798.4601 798.7591 799.058 799.3571 799.6561 799.362 798.9901 798.6182 798.2463 797.7225 796.9135 796.1046 795.2957 794.4868 794.54 794.7933 795.0466 795.2998 795.287 794.574 793.861 793.148 792.4351 790.5007 788.1354 785.77 783.4046 779.0287 766.7553 754.4816 742.2082 729.9344 717.2462 704.3505 691.4543 678.5587 665.741 653.4473 641.1531 628.8593 616.5652 610.0601 607.508 604.9561 602.404 600.0014 600.0251 600.0488 600.0725 600.0963 600.5098 601.2809 602.0519 602.8229 603.5939 612.2077 620.9366 629.6658 638.3948
777.3267 781.9666 785.0673 788.0983 791.1292 794.1602 796.1628 796.7471 797.3313 797.9156 798.4998 798.2245 797.8365 797.4485 797.0605 796.4324 795.3544 794.2764 793.1983 792.1203 791.7864 791.6252 791.4641 791.3029 790.7913 789.3569 787.9227 786.4884 785.0541 782.6969 780.014 777.3311 774.6481 770.0715 758.0565 746.0411 734.0261 722.0106 709.6777 697.1857 684.6932 672.2013 659.8632 648.5544 637.2452 625.9365 614.6273 608.7233 606.5104 604.2975 602.0846 600.0063 600.1162 600.2261 600.3359 600.4457 601.1083 602.2776 603.447 604.6163 605.7856 614.8773 624.0852 633.2935 642.5014
772.1834 777.1193 780.7427 784.3065 787.8702 791.4341 793.8655 794.735 795.6046 796.4741 797.3436 797.0871 796.6829 796.2787 795.8746 795.1425 793.7952 792.4481 791.101 789.7538 789.0328 788.4573 787.8817 787.3061 786.2955 784.1399 781.9844 779.8287 777.6732 774.8931 771.8927 768.8922 765.8917 761.1144 749.3577 737.6006 725.8439 714.0869 702.1091 690.0209 677.9322 665.8439 653.9854 643.6616 633.3373 623.0135 612.6893 607.3866 605.5128 603.639 601.7651 600.0114 600.2073 600.4033 600.5992 600.7952 601.7068 603.2745 604.842 606.4097 607.9773 617.5468 627.2338 636.9211 646.6081
767.0402 772.2721 776.418 780.5147 784.6113 788.708 791.5682 792.723 793.8777 795.0325 796.1874 795.9497 795.5294 795.109 794.6887 793.8524 792.2361 790.6199 789.0035 787.3873 786.2793 785.2892 784.2992 783.3092 781.7997 778.9228 776.046 773.1691 770.2924 767.0894 763.7714 760.4532 757.1353 752.1572 740.6589 729.1602 717.6619 706.1631 694.5406 682.8561 671.1711 659.4865 648.1075 638.7687 629.4295 620.0906 610.7514 606.0499 604.5151 602.9805 601.4457 600.0164 600.2985 600.5805 600.8626 601.1447 602.3053 604.2712 606.2371 608.2031 610.1689 620.2164 630.3824 640.5488 650.7147
761.8969 767.4249 772.0933 776.7229 781.3524 785.9819 789.2709 790.7109 792.151 793.5911 795.0312 794.8123 794.3758 793.9393 793.5028 792.5624 790.677 788.7916 786.9062 785.0208 783.5257 782.1213 780.7168 779.3123 777.3039 773.7057 770.1077 766.5095 762.9114 759.2855 755.65 752.0143 748.3788 743.2001 731.9601 720.7197 709.4797 698.2393 686.9721 675.6913 664.41 653.1292 642.2297 633.8758 625.5216 617.1677 608.8135 604.7131 603.5175 602.3219 601.1263 600.0214 600.3896 600.7578 601.126 601.4942 602.9038 605.2681 607.6322 609.9965 612.3607 622.8859 633.5309 644.1764 654.8214
758.379 764.324 769.3076 774.2477 779.1877 784.1278 787.6675 789.2758 790.8842 792.4924 794.1008 794.0561 793.7946 793.5331 793.2716 792.448 790.5704 788.6928 786.8152 784.9376 782.7974 780.5963 778.3951 776.194 773.3571 768.8464 764.336 759.8254 755.3149 750.732 746.1237 741.5151 736.9068 731.0027 720.0094 709.0156 698.0223 687.0286 676.4689 666.1262 655.783 645.4402 635.5191 628.4114 621.3036 614.1959 607.0881 603.6578 602.7389 601.8199 600.901 600.0853 600.9453 601.8052 602.6652 603.5253 605.7177 609.1315 612.5453 615.9592 619.373 629.9783 640.6889 651.3999 662.1105
755.4788 761.8867 767.1067 772.2728 777.4388 782.605 786.3278 788.0599 789.7921 791.5242 793.2563 793.4448 793.431 793.4171 793.4031 792.7803 791.0157 789.2512 787.4866 785.722 782.8387 779.6957 776.5526 773.4096 769.6189 764.1232 758.6277 753.132 747.6365 741.8936 736.0634 730.2331 724.403 717.5742 706.823 696.0715 685.3203 674.5687 664.8506 655.6489 646.447 637.2453 628.492 622.7299 616.9677 611.2056 605.4433 602.7094 602.0435 601.3775 600.7115 600.1715 601.6775 603.1833 604.6893 606.1953 609.3733 614.0844 618.7953 623.5064 628.2173 638.7512 649.3703 659.9898 670.6089
752.5786 759.4494 764.9058 770.298 775.6901 781.0823 784.9881 786.8441 788.7 790.5558 792.4118 792.8336 793.0673 793.301 793.5347 793.1127 791.4611 789.8096 788.158 786.5065 782.8799 778.7951 774.7101 770.6252 765.8807 759.4 752.9195 746.4388 739.9583 733.0552 726.0034 718.9513 711.8994 704.1458 693.6368 683.1275 672.6185 662.1091 653.2325 645.1719 637.1111 629.0505 621.465 617.0485 612.6318 608.2153 603.7986 601.761 601.348 600.9351 600.5221 600.2578 602.4097 604.5615 606.7133 608.8652 613.0289 619.0372 625.0452 631.0534 637.0614 647.5239 658.0516 668.5796 679.1072
749.6784 757.0121 762.7048 768.3231 773.9412 779.5595 783.6484 785.6282 787.6078 789.5875 791.5673 792.2223 792.7036 793.1849 793.6663 793.445 791.9065 790.368 788.8294 787.2909 782.9212 777.8945 772.8676 767.8408 762.1426 754.6768 747.2112 739.7454 732.2799 724.2168 715.9432 707.6693 699.3956 690.7172 680.4504 670.1833 659.9165 649.6494 641.6141 634.6947 627.775 620.8556 614.4379 611.3669 608.2959 605.2249 602.1538 600.8126 600.6526 600.4926 600.3326 600.3441 603.1419 605.9396 608.7374 611.5352 616.6846 623.99 631.2951 638.6005 645.9057 656.2968 666.733 677.1695 687.6057
747.5121 755.3013 761.2192 767.0524 772.8853 778.7184 782.9591 785.0037 787.0482 789.0927 791.1373 791.9674 792.6382 793.3091 793.98 793.9302 792.529 791.1279 789.7267 788.3255 783.3981 777.6522 771.9061 766.1603 759.7019 751.368 743.0345 734.7007 726.3671 717.2222 707.7914 698.3602 688.9294 679.3504 669.191 659.0313 648.8719 638.7122 631.3905 625.4877 619.5847 613.6818 608.303 606.4185 604.5339 602.6494 600.7647 600.048 600.1288 600.2097 600.2905 600.5676 604.0358 607.5037 610.9717 614.4398 620.507 628.9569 637.4066 645.8566 654.3063 664.6921 675.1061 685.5204 695.9343
748.832 757.041 763.1317 769.1263 775.1207 781.1152 785.3591 787.1884 789.0175 790.8467 792.676 793.4051 793.9898 794.5746 795.1594 795.1414 793.9931 792.845 791.6967 790.5486 785.944 780.5372 775.1302 769.7234 763.4249 754.7788 746.1331 737.487 728.8412 718.9863 708.7051 698.4235 688.1423 677.7773 667.0851 656.3925 645.7003 635.0076 627.7919 622.3143 616.8365 611.3589 606.4059 604.952 603.498 602.044 600.59 600.1567 600.4206 600.6844 600.9482 601.4433 605.6973 609.9511 614.205 618.459 625.121 633.9908 642.8603 651.7301 660.5996 671.2939 682.0146 692.7357 703.4565
750.1519 758.7808 765.0441 771.2002 777.356 783.5121 787.759 789.373 790.9869 792.6008 794.2148 794.8428 795.3414 795.84 796.3387 796.3525 795.4573 794.5621 793.6668 792.7716 788.4899 783.4222 778.3544 773.2866 767.1478 758.1895 749.2316 740.2733 731.3154 720.7504 709.6188 698.4868 687.3552 676.2042 664.9791 653.7537 642.5286 631.3031 624.1932 619.1409 614.0883 609.0359 604.5089 603.4855 602.4621 601.4387 600.4153 600.2655 600.7123 601.1591 601.6059 602.3189 607.3588 612.3985 617.4382 622.4781 629.735 639.0246 648.3139 657.6036 666.8929 677.8956 688.9231 699.951 710.9786
751.4717 760.5205 766.9565 773.274 779.5914 785.9089 790.159 791.5577 792.9563 794.3549 795.7536 796.2805 796.6929 797.1055 797.518 797.5636 796.9214 796.2792 795.6369 794.9947 791.0358 786.3072 781.5784 776.8499 770.8707 761.6002 752.3301 743.0596 733.7895 722.5145 710.5325 698.5501 686.5681 674.6312 662.8732 651.1149 639.3569 627.5986 620.5946 615.9674 611.3401 606.713 602.6119 602.019 601.4262 600.8334 600.2405 600.3742 601.004 601.6338 602.2636 603.1946 609.0203 614.8459 620.6715 626.4973 634.349 644.0585 653.7676 663.4771 673.1862 684.4973 695.8317 707.1664 718.5007
752.7916 762.2603 768.869 775.348 781.8268 788.3058 792.559 793.7423 794.9257 796.109 797.2924 797.7181 798.0445 798.3709 798.6973 798.7748 798.3855 797.9962 797.607 797.2177 793.5817 789.1922 784.8026 780.413 774.5936 765.0109 755.4286 745.8459 736.2636 724.2786 711.4462 698.6134 685.781 673.058 660.7673 648.4761 636.1853 623.894 616.996 612.794 608.5919 604.39 600.7148 600.5526 600.3903 600.2281 600.0659 600.483 601.2958 602.1085 602.9213 604.0703 610.6819 617.2933 623.9047 630.5164 638.963 649.0923 659.2213 669.3505 679.4795 691.0991 702.7402 714.3817 726.0228
755.2838 765.0549 771.4655 777.7236 783.9814 790.2396 794.2756 795.247 796.2184 797.1898 798.1613 798.4982 798.7518 799.0056 799.2592 799.3364 799.0828 798.829 798.5754 798.3217 795.1471 791.2945 787.4418 783.5892 778.2208 768.8627 759.5048 750.1467 740.7888 728.6058 715.4261 702.246 689.0663 676.006 663.4172 650.8279 638.2391 625.6498 618.3947 613.8062 609.2176 604.6292 600.6207 600.4798 600.3389 600.1981 600.0572 600.5638 601.5126 602.4614 603.4103 604.7208 611.9104 619.0997 626.289 633.4785 642.4066 652.9288 663.4507 673.973 684.4949 696.3201 708.1641 720.0084 731.8523
758.485 768.4875 774.4757 780.2817 786.0874 791.8934 795.579 796.3406 797.1021 797.8636 798.6251 798.8806 799.0696 799.2587 799.4478 799.5054 799.3163 799.1272 798.9381 798.749 796.1195 792.9236 789.7275 786.5316 781.7902 772.9811 764.1722 755.3632 746.5543 734.4827 721.2599 708.0367 694.814 681.6877 668.9429 656.1975 643.4526 630.7073 622.8152 617.3493 611.8833 606.4175 601.6166 601.2496 600.8828 600.5158 600.1489 600.6277 601.6842 602.7407 603.7972 605.2354 612.877 620.5185 628.1599 635.8016 645.1425 656.0415 666.9402 677.8392 688.7379 700.7065 712.6903 724.6746 736.6585
761.6861 771.9201 777.4859 782.8397 788.1934 793.5472 796.8826 797.4341 797.9857 798.5373 799.0889 799.2629 799.3875 799.512 799.6364 799.6743 799.5498 799.4254 799.3008 799.1763 797.0919 794.5526 792.0132 789.474 785.3596 777.0995 768.8397 760.5796 752.3198 740.3596 727.0938 713.8275 700.5617 687.3694 674.4685 661.5671 648.6661 635.7646 627.2356 620.8925 614.549 608.2059 602.6125 602.0195 601.4266 600.8336 600.2406 600.6917 601.8558 603.0199 604.184 605.7498 613.8437 621.9373 630.0308 638.1247 647.8784 659.1542 670.4296 681.7054 692.9808 705.0928 717.2166 729.3408 741.4647
764.8873 775.3527 780.4961 785.3978 790.2993 795.201 798.186 798.5277 798.8694 799.2111 799.5527 799.6453 799.7053 799.7651 799.8251 799.8433 799.7834 799.7234 799.6636 799.6036 798.0643 796.1817 794.299 792.4163 788.9289 781.2179 773.5071 765.7961 758.0853 746.2365 732.9276 719.6183 706.3094 693.0512 679.9941 666.9366 653.8796 640.822 631.6561 624.4355 617.2147 609.9942 603.6085 602.7894 601.9704 601.1514 600.3323 600.7557 602.0275 603.2992 604.5709 606.2643 614.8104 623.3561 631.9018 640.4478 650.6143 662.2668 673.919 685.5716 697.2238 709.4791 721.7429 734.0071 746.2708
767.8885 778.5277 783.273 787.7507 792.2282 796.7058 799.3646 799.5146 799.6647 799.8148 799.9649 799.9819 799.9816 799.9812 799.9808 799.9792 799.9753 799.9714 799.9675 799.9636 798.9171 797.6287 796.3402 795.0518 792.134 784.928 777.7222 770.5161 763.3103 751.589 738.2745 724.9596 711.6451 698.3605 685.1957 672.0305 658.8658 645.7006 635.9346 627.8679 619.8009 611.7342 604.5837 603.5434 602.503 601.4626 600.4222 600.8048 602.1592 603.5137 604.8681 606.6611 615.5821 624.5027 633.4233 642.3442 652.8904 664.9272 676.9636 689.0003 701.0367 713.3901 725.7478 738.106 750.4636
768.3318 778.4058 783.0648 787.4778 791.8907 796.3038 798.9432 799.1363 799.3295 799.5226 799.7158 799.733 799.7273 799.7215 799.7157 799.6919 799.6342 799.5764 799.5187 799.461 798.2384 796.7454 795.2524 793.7595 790.6772 783.4119 776.1469 768.8817 761.6166 750.23 737.3892 724.5479 711.707 698.9037 686.2503 673.5964 660.943 648.2891 638.3957 629.8823 621.3685 612.8551 605.2951 604.0933 602.8914 601.6896 600.4877 600.6641 601.7817 602.8994 604.017 605.5513 613.8586 622.1656 630.4727 638.78 649.2827 661.7985 674.3138 686.8297 699.345 711.2175 723.08 734.9429 746.8054
768.775 778.2838 782.8564 787.205 791.5533 795.9017 798.5218 798.758 798.9942 799.2303 799.4666 799.4841 799.473 799.4618 799.4507 799.4046 799.293 799.1815 799.0699 798.9584 797.5597 795.8622 794.1647 792.4672 789.2204 781.8959 774.5717 767.2473 759.923 748.871 736.5038 724.1362 711.769 699.447 687.3049 675.1624 663.0202 650.8777 640.8569 631.8967 622.9362 613.976 606.0065 604.6432 603.2798 601.9166 600.5532 600.5234 601.4042 602.285 603.1658 604.4415 612.1352 619.8286 627.522 635.2158 645.6749 658.6697 671.6641 684.659 697.6534 709.0447 720.4121 731.7798 743.1472
