data/zism_data/00338_02_D.txt
ncols         224
nrows         224
[rows 168 to 195 of 224, columns 126 to 188 of 224]
900.0 900.0 900.0 900.0 900.0 900.0 900.0 900.0 900.0 900.0 900.0 900.0 900.0 899.8875 899.5887 899.2899 898.9911 898.6924 898.056 897.3557 896.6553 895.9549 894.8517 892.8278 890.8038 888.7799 886.756 881.6815 875.686 869.6907 863.6951 857.4169 850.2016 842.9866 835.7712 828.5562 823.9601 820.5098 817.0596 813.6093 810.9435 812.4146 813.8856 815.3567 816.8277 816.4365 814.9194 813.4023 811.8852 810.2355 807.1954 804.1553 801.1151 798.075 794.9628 791.7919 788.621 785.4501 782.3171 781.763 781.2088 780.6547 780.1005
900.0 900.0 900.0 900.0 900.0 900.0 900.0 900.0 900.0 900.0 900.0 900.0 900.0 899.9097 899.6702 899.4307 899.1911 898.9515 898.4739 897.9512 897.4284 896.9056 895.967 894.0776 892.1882 890.2989 888.4095 883.1265 876.8187 870.5112 864.2035 857.7368 850.7421 843.7477 836.7531 829.7587 825.9225 823.468 821.0135 818.559 816.8752 819.256 821.6366 824.0173 826.3979 826.2188 824.4917 822.7646 821.0376 819.1354 815.3956 811.6558 807.9159 804.1761 800.4649 796.7773 793.0897 789.4022 785.7579 785.0638 784.3696 783.6755 782.9813
900.0 900.0 900.0 900.0 900.0 900.0 900.0 900.0 900.0 900.0 900.0 900.0 900.0 899.9321 899.7517 899.5714 899.391 899.2107 898.8918 898.5467 898.2015 897.8564 897.0823 895.3275 893.5726 891.8178 890.063 884.5714 877.9515 871.3318 864.7119 858.0565 851.2826 844.5089 837.7349 830.9612 827.8849 826.4261 824.9673 823.5085 822.8068 826.0971 829.3873 832.6777 835.9679 836.0006 834.0637 832.1266 830.1898 828.0351 823.5956 819.1561 814.7164 810.2769 805.9669 801.7626 797.5582 793.354 789.1985 788.3644 787.5303 786.6962 785.8621
900.0 900.0 900.0 900.0 900.0 900.0 900.0 900.0 900.0 900.0 900.0 900.0 900.0 899.9543 899.8332 899.7121 899.5909 899.4698 899.3097 899.1422 898.9747 898.8072 898.1976 896.5773 894.957 893.3367 891.7164 886.0163 879.0842 872.1523 865.2203 858.3763 851.8231 845.27 838.7168 832.1638 829.8472 829.3842 828.9211 828.458 828.7383 832.9382 837.1381 841.338 845.5378 845.7825 843.6356 841.4887 839.3419 836.9347 831.7955 826.6563 821.517 816.3778 811.4688 806.7479 802.0268 797.3058 792.6391 791.6651 790.691 789.717 788.7429
900.0 900.0 900.0 900.0 900.0 900.0 900.0 900.0 900.0 900.0 900.0 900.0 900.0 899.968 899.8832 899.7983 899.7134 899.6286 899.5437 899.4588 899.3739 899.2891 898.7808 897.3049 895.829 894.3531 892.8773 887.3658 880.636 873.9063 867.1765 860.64 854.7432 848.8466 842.9499 837.0533 835.5016 835.8508 836.2 836.5493 837.5314 841.8514 846.1713 850.4913 854.8112 855.199 853.2092 851.2193 849.2294 846.9493 841.6215 836.2936 830.9656 825.6378 820.0564 814.2684 808.4801 802.6921 796.9659 795.4555 793.945 792.4346 790.9241
900.0 900.0 900.0 900.0 900.0 900.0 900.0 900.0 900.0 900.0 900.0 900.0 900.0 899.9761 899.9128 899.8495 899.7861 899.7228 899.6594 899.5961 899.5327 899.4694 899.022 897.6968 896.3716 895.0465 893.7213 888.6541 882.4571 876.2603 870.0632 864.1532 859.193 854.233 849.2729 844.3129 843.5292 844.5728 845.6162 846.6598 848.1638 852.0963 856.0286 859.9611 863.8935 864.3801 862.7832 861.1862 859.5894 857.6801 852.4922 847.3043 842.1162 836.9283 830.6272 823.4183 816.2091 809.0002 801.8622 799.5605 797.2587 794.9571 792.6553
900.0 900.0 900.0 900.0 900.0 900.0 900.0 900.0 900.0 900.0 900.0 900.0 900.0 899.9843 899.9424 899.9006 899.8588 899.817 899.7752 899.7334 899.6916 899.6497 899.2632 898.0887 896.9142 895.7398 894.5653 889.9424 884.2783 878.6143 872.9501 867.6666 863.643 859.6196 855.5961 851.5727 851.5571 853.295 855.0328 856.7706 858.7965 862.3415 865.8863 869.4313 872.9761 873.5615 872.3575 871.1535 869.9496 868.4112 863.3633 858.3153 853.2672 848.2192 841.1984 832.5685 823.9384 815.3085 806.7586 803.6657 800.5726 797.4797 794.3866
900.0 900.0 900.0 900.0 900.0 900.0 900.0 900.0 900.0 900.0 900.0 900.0 900.0 899.9924 899.9721 899.9518 899.9315 899.9113 899.8909 899.8707 899.8504 899.8301 899.5044 898.4807 897.4569 896.4331 895.4094 891.2307 886.0993 880.9682 875.8369 871.1797 868.0928 865.006 861.9191 858.8323 859.5847 862.0169 864.449 866.8812 869.4289 872.5863 875.7436 878.901 882.0583 882.7426 881.9316 881.1205 880.3094 879.142 874.2339 869.3259 864.4177 859.5097 851.7692 841.7184 831.6674 821.6166 811.6549 807.7707 803.8864 800.0022 796.1179
900.0 900.0 900.0 900.0 900.0 900.0 900.0 900.0 900.0 900.0 900.0 900.0 900.0 900.0 900.0 900.0 900.0 900.0 899.9992 899.9983 899.9973 899.9964 899.7294 898.8541 897.9789 897.1037 896.2285 892.5052 887.9221 883.3391 878.7559 874.7303 872.5513 870.3724 868.1934 866.0145 867.4821 870.5453 873.6084 876.6716 879.6864 882.4473 885.2079 887.9688 890.7296 891.4986 891.0633 890.628 890.1927 889.3834 884.649 879.9147 875.1801 870.4457 862.0579 850.6901 839.3219 827.9542 816.6829 811.9958 807.3087 802.6216 797.9344
900.0 900.0 900.0 900.0 900.0 900.0 900.0 900.0 900.0 900.0 900.0 900.0 900.0 900.0 900.0 900.0 900.0 900.0 899.9857 899.9686 899.9515 899.9344 899.6905 898.9283 898.1661 897.4039 896.6417 893.5565 889.77 885.9835 882.197 878.8856 877.148 875.4105 873.6729 871.9352 873.2602 875.925 878.5898 881.2547 883.8481 886.0653 888.2824 890.4996 892.7167 893.3413 893.0029 892.6645 892.3261 891.6681 887.6549 883.6417 879.6284 875.6152 867.756 856.7596 845.7628 834.7664 823.8467 818.1694 812.4918 806.8144 801.1368
900.0 900.0 900.0 900.0 900.0 900.0 900.0 900.0 900.0 900.0 900.0 900.0 900.0 900.0 900.0 900.0 900.0 900.0 899.972 899.9388 899.9056 899.8724 899.6517 899.0025 898.3533 897.7042 897.055 894.6079 891.618 888.6281 885.6382 883.041 881.7448 880.4487 879.1524 877.8563 879.0384 881.305 883.5715 885.838 888.0099 889.6835 891.357 893.0306 894.704 895.1841 894.9426 894.7011 894.4596 893.9528 890.6608 887.3689 884.0768 880.7849 873.4543 862.8293 852.2039 841.5789 831.0109 824.3431 817.6751 811.0073 804.3393
900.0 900.0 900.0 900.0 900.0 900.0 900.0 900.0 900.0 900.0 900.0 900.0 900.0 900.0 900.0 900.0 900.0 900.0 899.9585 899.9091 899.8597 899.8104 899.6128 899.0767 898.5405 898.0044 897.4683 895.6592 893.4659 891.2726 889.0792 887.1963 886.3415 885.4867 884.6318 883.777 884.8165 886.6847 888.5529 890.4211 892.1716 893.3016 894.4315 895.5614 896.6913 897.0269 896.8823 896.7377 896.593 896.2374 893.6667 891.0959 888.5251 885.9544 879.1523 868.8987 858.6448 848.3912 838.1749 830.5167 822.8583 815.2001 807.5416
900.0 900.0 900.0 900.0 900.0 900.0 900.0 900.0 900.0 900.0 900.0 900.0 900.0 900.0 900.0 900.0 900.0 900.0 899.9449 899.8794 899.8138 899.7483 899.574 899.1509 898.7277 898.3046 897.8815 896.7106 895.3138 893.9171 892.5203 891.3516 890.9381 890.5247 890.1112 889.6978 890.5945 892.0645 893.5344 895.0043 896.3333 896.9196 897.5059 898.0922 898.6785 898.8697 898.822 898.7742 898.7264 898.522 896.6725 894.823 892.9734 891.124 884.8505 874.9683 865.0857 855.2035 845.3388 836.6902 828.0414 819.3928 810.744
900.0 900.0 900.0 900.0 900.0 900.0 900.0 900.0 900.0 900.0 900.0 900.0 900.0 900.0 900.0 900.0 900.0 900.0 899.9405 899.8698 899.799 899.7282 899.5764 899.239 898.9016 898.5642 898.2269 897.4633 896.571 895.6787 894.7864 894.0645 893.9067 893.749 893.5913 893.4335 894.1728 895.3045 896.4362 897.5679 898.5643 898.8472 899.1301 899.413 899.6959 899.8026 899.8026 899.8026 899.8026 899.6871 898.3595 897.032 895.7043 894.3768 888.8145 879.7979 870.7808 861.7642 852.7453 843.5978 834.45 825.3024 816.1546
900.0 900.0 900.0 900.0 900.0 900.0 900.0 900.0 900.0 900.0 900.0 900.0 900.0 900.0 900.0 900.0 900.0 900.0 899.9451 899.8796 899.8143 899.7489 899.6188 899.3406 899.0624 898.7843 898.5061 897.9257 897.2541 896.5825 895.9109 895.3759 895.2935 895.2112 895.1288 895.0464 895.6139 896.4658 897.3175 898.1694 898.9193 899.1323 899.3452 899.5582 899.7711 899.8514 899.8514 899.8514 899.8514 899.7645 898.7652 897.766 896.7667 895.7675 891.0937 883.4225 875.7512 868.08 860.3869 851.2179 842.0485 832.8795 823.7101
900.0 900.0 900.0 900.0 900.0 900.0 900.0 900.0 900.0 900.0 900.0 900.0 900.0 900.0 900.0 900.0 900.0 900.0 899.9496 899.8896 899.8296 899.7696 899.6612 899.4423 899.2233 899.0043 898.7854 898.3882 897.9373 897.4863 897.0354 896.6874 896.6804 896.6734 896.6664 896.6594 897.0551 897.627 898.1989 898.7709 899.2744 899.4174 899.5604 899.7034 899.8463 899.9002 899.9002 899.9002 899.9002 899.8419 899.171 898.5 897.8291 897.1581 893.373 887.0474 880.7217 874.3961 868.0288 858.8383 849.6473 840.4568 831.2659
900.0 900.0 900.0 900.0 900.0 900.0 900.0 900.0 900.0 900.0 900.0 900.0 900.0 900.0 900.0 900.0 900.0 900.0 899.9541 899.8995 899.8449 899.7903 899.7037 899.5439 899.3842 899.2244 899.0646 898.8507 898.6204 898.3902 898.1599 897.9989 898.0672 898.1356 898.2039 898.2722 898.4962 898.7883 899.0803 899.3724 899.6295 899.7025 899.7755 899.8485 899.9215 899.949 899.949 899.949 899.949 899.9193 899.5767 899.2341 898.8914 898.5488 895.6522 890.6722 885.692 880.712 875.6704 866.4583 857.2459 848.0338 838.8214
900.0 900.0 900.0 900.0 900.0 900.0 900.0 900.0 900.0 900.0 900.0 900.0 900.0 900.0 900.0 900.0 900.0 900.0 899.9586 899.9094 899.8602 899.811 899.7461 899.6456 899.545 899.4445 899.3439 899.3132 899.3036 899.294 899.2844 899.3104 899.4541 899.5978 899.7415 899.8851 899.9374 899.9495 899.9617 899.9739 899.9846 899.9876 899.9907 899.9937 899.9967 899.9979 899.9979 899.9979 899.9979 899.9966 899.9824 899.9681 899.9538 899.9396 897.9315 894.2971 890.6625 887.0281 883.3123 874.0787 864.8447 855.6111 846.3772
900.0 900.0 900.0 900.0 900.0 900.0 900.0 900.0 900.0 900.0 900.0 900.0 900.0 900.0 900.0 900.0 900.0 900.0 899.9675 899.9288 899.8901 899.8514 899.8009 899.7236 899.6462 899.5688 899.4914 899.4734 899.4734 899.4734 899.4734 899.5004 899.6165 899.7325 899.8486 899.9647 900.0 900.0 900.0 900.0 900.0 900.0 900.0 900.0 900.0 900.0 900.0 900.0 900.0 900.0 900.0 900.0 900.0 900.0 898.2999 895.2131 892.1261 889.0392 885.8722 877.2657 868.6591 860.0526 851.4459
900.0 900.0 900.0 900.0 900.0 900.0 900.0 900.0 900.0 900.0 900.0 900.0 900.0 900.0 900.0 900.0 900.0 900.0 899.9765 899.9486 899.9207 899.8928 899.8563 899.8005 899.7446 899.6888 899.6329 899.6199 899.6199 899.6199 899.6199 899.6394 899.7231 899.8069 899.8907 899.9745 900.0 900.0 900.0 900.0 900.0 900.0 900.0 900.0 900.0 900.0 900.0 900.0 900.0 900.0 900.0 900.0 900.0 900.0 898.5815 896.006 893.4304 890.8548 888.2012 880.2515 872.3015 864.3517 856.4017
900.0 900.0 900.0 900.0 900.0 900.0 900.0 900.0 900.0 900.0 900.0 900.0 900.0 900.0 900.0 900.0 900.0 900.0 899.9856 899.9684 899.9512 899.9341 899.9117 899.8774 899.8431 899.8087 899.7744 899.7664 899.7664 899.7664 899.7664 899.7784 899.8299 899.8813 899.9329 899.9843 900.0 900.0 900.0 900.0 900.0 900.0 900.0 900.0 900.0 900.0 900.0 900.0 900.0 900.0 900.0 900.0 900.0 900.0 898.8632 896.7989 894.7346 892.6703 890.5302 883.2371 875.9438 868.6507 861.3574
900.0 900.0 900.0 900.0 900.0 900.0 900.0 900.0 900.0 900.0 900.0 900.0 900.0 900.0 900.0 900.0 900.0 900.0 899.9946 899.9882 899.9818 899.9755 899.9671 899.9543 899.9415 899.9287 899.9159 899.913 899.913 899.913 899.913 899.9174 899.9366 899.9558 899.975 899.9941 900.0 900.0 900.0 900.0 900.0 900.0 900.0 900.0 900.0 900.0 900.0 900.0 900.0 900.0 900.0 900.0 900.0 900.0 899.1447 897.5918 896.0388 894.4859 892.8592 886.2228 879.5862 872.9498 866.3132
900.0 900.0 900.0 900.0 900.0 900.0 900.0 900.0 900.0 900.0 900.0 900.0 900.0 900.0 900.0 900.0 900.0 900.0 900.0 900.0 900.0 900.0 900.0 900.0 900.0 900.0 900.0 900.0 900.0 900.0 900.0 899.9985 899.9919 899.9854 899.9788 899.9723 899.9612 899.9481 899.9349 899.9218 899.9108 899.9108 899.9108 899.9108 899.9108 899.9054 899.8967 899.8879 899.8792 899.8657 899.8024 899.739 899.6757 899.6123 898.849 897.5147 896.1804 894.8461 893.4449 887.5001 881.5552 875.6104 869.6654
900.0 900.0 900.0 900.0 900.0 900.0 900.0 900.0 900.0 900.0 900.0 900.0 900.0 900.0 900.0 900.0 900.0 900.0 900.0 900.0 900.0 900.0 900.0 900.0 900.0 900.0 900.0 900.0 900.0 900.0 900.0 899.9948 899.972 899.9493 899.9266 899.9039 899.8654 899.8201 899.7747 899.7292 899.6911 899.6911 899.6911 899.6911 899.6911 899.6722 899.642 899.6117 899.5814 899.5347 899.3152 899.0958 898.8764 898.657 897.7079 896.1638 894.6194 893.0753 891.478 886.276 881.0739 875.8719 870.6697
900.0 900.0 900.0 900.0 900.0 900.0 900.0 900.0 900.0 900.0 900.0 900.0 900.0 900.0 900.0 900.0 900.0 900.0 900.0 900.0 900.0 900.0 900.0 900.0 900.0 900.0 900.0 900.0 900.0 900.0 900.0 899.991 899.9521 899.9133 899.8745 899.8356 899.7697 899.692 899.6143 899.5366 899.4713 899.4713 899.4713 899.4713 899.4713 899.439 899.3873 899.3354 899.2836 899.2037 898.8282 898.4526 898.0771 897.7016 896.5668 894.8127 893.0585 891.3044 889.511 885.0518 880.5925 876.1334 871.6741
900.0 900.0 900.0 900.0 900.0 900.0 900.0 900.0 900.0 900.0 900.0 900.0 900.0 900.0 900.0 900.0 900.0 900.0 900.0 900.0 900.0 900.0 900.0 900.0 900.0 900.0 900.0 900.0 900.0 900.0 900.0 899.9872 899.9323 899.8773 899.8223 899.7672 899.674 899.564 899.454 899.3441 899.2516 899.2516 899.2516 899.2516 899.2516 899.2059 899.1326 899.0592 898.9859 898.8727 898.3411 897.8095 897.2779 896.7463 895.4258 893.4617 891.4976 889.5336 887.5441 883.8278 880.1113 876.3949 872.6785
900.0 900.0 900.0 900.0 900.0 900.0 900.0 900.0 900.0 900.0 900.0 900.0 900.0 900.0 900.0 900.0 900.0 900.0 900.0 900.0 900.0 900.0 900.0 900.0 900.0 900.0 900.0 900.0 900.0 900.0 900.0 899.9835 899.9124 899.8412 899.77 899.6989 899.5782 899.436 899.2937 899.1514 899.0319 899.0319 899.0319 899.0319 899.0319 898.9727 898.8779 898.783 898.6881 898.5417 897.854 897.1663 896.4786 895.7909 894.2847 892.1107 889.9366 887.7627 885.5771 882.6036 879.6299 876.6564 873.6828
900.0 900.0 900.0 900.0 900.0 900.0 900.0 900.0 900.0 900.0 900.0 900.0 900.0 900.0 900.0 900.0 900.0 900.0 900.0 900.0 900.0 900.0 900.0 900.0 900.0 900.0 900.0 900.0 900.0 900.0 900.0 899.984 899.9152 899.8463 899.7773 899.7085 899.5917 899.4539 899.3162 899.1784 899.0626 899.0626 899.0626 899.0626 899.0626 899.0045 898.911 898.8176 898.7242 898.5744 897.8319 897.0894 896.3468 895.6043 894.0693 891.8879 889.7065 887.5251 885.3414 883.0002 880.6589 878.3177 875.9765
