data/zism_data/00330_02_D.txt
ncols         224
nrows         224
[rows 58 to 86 of 224, columns 66 to 131 of 224]
1499.0 1499.0 1499.0 1499.0 1499.0 1499.0 1499.0 1499.0 1499.0 1499.0 1499.0 1499.0 1499.0 1499.0 1499.0 1499.0 1499.0 1499.0 1499.0 1499.0 1499.0 1499.0 1499.0 1499.0 1499.0 1499.0 1499.0 1499.0 1499.0 1499.0 1499.0 1499.0 1499.0 1499.0 1499.0 1499.0 1499.0 1499.0 1499.0 1499.0 1499.0 1499.0 1499.0 1499.0 1499.0 1499.0 1499.0 1499.0 1499.0 1498.932 1498.791 1498.651 1498.51 1498.369 1498.293 1498.222 1498.152 1498.081 1498.032 1498.025 1498.017 1498.009 1498.002 1498.0 1498.0 1498.0
1499.0 1499.0 1499.0 1499.0 1499.0 1499.0 1499.0 1499.0 1499.0 1499.0 1499.0 1499.0 1499.0 1499.0 1499.0 1499.0 1499.0 1499.0 1499.0 1499.0 1499.0 1499.0 1499.0 1499.0 1499.0 1499.0 1499.0 1499.0 1499.0 1499.0 1499.0 1499.0 1499.0 1499.0 1499.0 1499.0 1499.0 1499.0 1499.0 1499.0 1498.992 1498.978 1498.965 1498.951 1498.937 1498.91 1498.883 1498.856 1498.829 1498.757 1498.639 1498.52 1498.401 1498.282 1498.217 1498.158 1498.099 1498.039 1498.0 1498.0 1498.0 1498.0 1498.0 1498.0 1498.0 1498.0
1499.0 1499.0 1499.0 1499.0 1499.0 1499.0 1499.0 1499.0 1499.0 1499.0 1499.0 1499.0 1499.0 1499.0 1499.0 1499.0 1499.0 1499.0 1499.0 1499.0 1499.0 1499.0 1499.0 1499.0 1499.0 1499.0 1499.0 1499.0 1499.0 1499.0 1499.0 1499.0 1499.0 1499.0 1499.0 1499.0 1499.0 1499.0 1499.0 1499.0 1498.982 1498.952 1498.922 1498.893 1498.862 1498.802 1498.743 1498.684 1498.625 1498.552 1498.466 1498.379 1498.292 1498.206 1498.159 1498.115 1498.072 1498.028 1498.0 1498.0 1498.0 1498.0 1498.0 1498.0 1498.0 1498.0
1499.0 1499.0 1499.0 1499.0 1499.0 1499.0 1499.0 1499.0 1499.0 1499.0 1499.0 1499.0 1499.0 1499.0 1499.0 1499.0 1499.0 1499.0 1499.0 1499.0 1499.0 1499.0 1499.0 1499.0 1499.0 1499.0 1499.0 1499.0 1499.0 1499.0 1499.0 1499.0 1499.0 1499.0 1499.0 1499.0 1499.0 1499.0 1499.0 1499.0 1498.972 1498.926 1498.88 1498.835 1498.787 1498.695 1498.604 1498.512 1498.421 1498.348 1498.293 1498.238 1498.184 1498.129 1498.1 1498.073 1498.045 1498.018 1498.0 1498.0 1498.0 1498.0 1498.0 1498.0 1498.0 1498.0
1499.0 1499.0 1499.0 1499.0 1499.0 1499.0 1499.0 1499.0 1499.0 1499.0 1499.0 1499.0 1499.0 1499.0 1499.0 1499.0 1499.0 1499.0 1499.0 1499.0 1499.0 1499.0 1499.0 1499.0 1499.0 1499.0 1499.0 1499.0 1499.0 1499.0 1499.0 1499.0 1499.0 1499.0 1499.0 1499.0 1499.0 1499.0 1499.0 1499.0 1498.962 1498.9 1498.838 1498.776 1498.711 1498.588 1498.464 1498.341 1498.217 1498.143 1498.12 1498.098 1498.075 1498.053 1498.041 1498.03 1498.019 1498.007 1498.0 1498.0 1498.0 1498.0 1498.0 1498.0 1498.0 1498.0
1499.0 1499.0 1499.0 1499.0 1499.0 1499.0 1499.0 1499.0 1499.0 1499.0 1499.0 1499.0 1499.0 1499.0 1499.0 1499.0 1499.0 1499.0 1499.0 1499.0 1499.0 1499.0 1499.0 1499.0 1499.0 1499.0 1499.0 1499.0 1499.0 1499.0 1499.0 1499.0 1499.0 1499.0 1499.0 1499.0 1499.0 1499.0 1499.0 1499.0 1498.949 1498.866 1498.783 1498.7 1498.615 1498.479 1498.343 1498.207 1498.071 1498.0 1498.0 1498.0 1498.0 1498.0 1498.0 1498.0 1498.0 1498.0 1498.0 1498.0 1498.0 1498.0 1498.0 1498.0 1498.0 1498.0
1499.0 1499.0 1499.0 1499.0 1499.0 1499.0 1499.0 1499.0 1499.0 1499.0 1499.0 1499.0 1499.0 1499.0 1499.0 1499.0 1499.0 1499.0 1499.0 1499.0 1499.0 1499.0 1499.0 1499.0 1499.0 1499.0 1499.0 1499.0 1499.0 1499.0 1499.0 1499.0 1499.0 1499.0 1499.0 1499.0 1499.0 1499.0 1499.0 1499.0 1498.929 1498.814 1498.699 1498.584 1498.47 1498.366 1498.262 1498.158 1498.054 1498.0 1498.0 1498.0 1498.0 1498.0 1498.0 1498.0 1498.0 1498.0 1498.0 1498.0 1498.0 1498.0 1498.0 1498.0 1498.0 1498.0
1499.0 1499.0 1499.0 1499.0 1499.0 1499.0 1499.0 1499.0 1499.0 1499.0 1499.0 1499.0 1499.0 1499.0 1499.0 1499.0 1499.0 1499.0 1499.0 1499.0 1499.0 1499.0 1499.0 1499.0 1499.0 1499.0 1499.0 1499.0 1499.0 1499.0 1499.0 1499.0 1499.0 1499.0 1499.0 1499.0 1499.0 1499.0 1499.0 1499.0 1498.909 1498.762 1498.615 1498.468 1498.324 1498.253 1498.181 1498.109 1498.037 1498.0 1498.0 1498.0 1498.0 1498.0 1498.0 1498.0 1498.0 1498.0 1498.0 1498.0 1498.0 1498.0 1498.0 1498.0 1498.0 1498.0
1499.0 1499.0 1499.0 1499.0 1499.0 1499.0 1499.0 1499.0 1499.0 1499.0 1499.0 1499.0 1499.0 1499.0 1499.0 1499.0 1499.0 1499.0 1499.0 1499.0 1499.0 1499.0 1499.0 1499.0 1499.0 1499.0 1499.0 1499.0 1499.0 1499.0 1499.0 1499.0 1499.0 1499.0 1499.0 1499.0 1499.0 1499.0 1499.0 1499.0 1498.889 1498.71 1498.53 1498.351 1498.179 1498.139 1498.1 1498.06 1498.021 1498.0 1498.0 1498.0 1498.0 1498.0 1498.0 1498.0 1498.0 1498.0 1498.0 1498.0 1498.0 1498.0 1498.0 1498.0 1498.0 1498.0
1499.0 1499.0 1499.0 1499.0 1499.0 1499.0 1499.0 1499.0 1499.0 1499.0 1499.0 1499.0 1499.0 1499.0 1499.0 1499.0 1499.0 1499.0 1499.0 1499.0 1499.0 1499.0 1499.0 1499.0 1499.0 1499.0 1499.0 1499.0 1499.0 1499.0 1499.0 1499.0 1499.0 1499.0 1499.0 1499.0 1499.0 1499.0 1499.0 1499.0 1498.869 1498.657 1498.446 1498.235 1498.034 1498.026 1498.019 1498.011 1498.004 1498.0 1498.0 1498.0 1498.0 1498.0 1498.0 1498.0 1498.0 1498.0 1498.0 1498.0 1498.0 1498.0 1498.0 1498.0 1498.0 1498.0
1499.0 1499.0 1499.0 1499.0 1499.0 1499.0 1499.0 1499.0 1499.0 1499.0 1499.0 1499.0 1499.0 1499.0 1499.0 1499.0 1499.0 1499.0 1499.0 1499.0 1499.0 1499.0 1499.0 1499.0 1499.0 1499.0 1499.0 1499.0 1499.0 1499.0 1499.0 1499.0 1499.0 1499.0 1499.0 1498.995 1498.971 1498.946 1498.921 1498.896 1498.767 1498.573 1498.378 1498.184 1498.0 1498.0 1498.0 1498.0 1498.0 1498.0 1498.0 1498.0 1498.0 1498.0 1498.0 1498.0 1498.0 1498.0 1498.0 1498.0 1498.0 1498.0 1498.0 1498.0 1498.0 1498.0
1499.0 1499.0 1499.0 1499.0 1499.0 1499.0 1499.0 1499.0 1499.0 1499.0 1499.0 1499.0 1499.0 1499.0 1499.0 1499.0 1499.0 1499.0 1499.0 1499.0 1499.0 1499.0 1499.0 1499.0 1499.0 1499.0 1499.0 1499.0 1499.0 1499.0 1499.0 1499.0 1499.0 1499.0 1499.0 1498.989 1498.932 1498.875 1498.819 1498.762 1498.64 1498.478 1498.316 1498.154 1498.0 1498.0 1498.0 1498.0 1498.0 1498.0 1498.0 1498.0 1498.0 1498.0 1498.0 1498.0 1498.0 1498.0 1498.0 1498.0 1498.0 1498.0 1498.0 1498.0 1498.0 1498.0
1499.0 1499.0 1499.0 1499.0 1499.0 1499.0 1499.0 1499.0 1499.0 1499.0 1499.0 1499.0 1499.0 1499.0 1499.0 1499.0 1499.0 1499.0 1499.0 1499.0 1499.0 1499.0 1499.0 1499.0 1499.0 1499.0 1499.0 1499.0 1499.0 1499.0 1499.0 1499.0 1499.0 1499.0 1499.0 1498.983 1498.894 1498.805 1498.716 1498.627 1498.513 1498.383 1498.253 1498.123 1498.0 1498.0 1498.0 1498.0 1498.0 1498.0 1498.0 1498.0 1498.0 1498.0 1498.0 1498.0 1498.0 1498.0 1498.0 1498.0 1498.0 1498.0 1498.0 1498.0 1498.0 1498.0
1499.0 1499.0 1499.0 1499.0 1499.0 1499.0 1499.0 1499.0 1499.0 1499.0 1499.0 1499.0 1499.0 1499.0 1499.0 1499.0 1499.0 1499.0 1499.0 1499.0 1499.0 1499.0 1499.0 1499.0 1499.0 1499.0 1499.0 1499.0 1499.0 1499.0 1499.0 1499.0 1499.0 1499.0 1499.0 1498.977 1498.856 1498.735 1498.613 1498.492 1498.386 1498.288 1498.19 1498.093 1498.0 1498.0 1498.0 1498.0 1498.0 1498.0 1498.0 1498.0 1498.0 1498.0 1498.0 1498.0 1498.0 1498.0 1498.0 1498.0 1498.0 1498.0 1498.0 1498.0 1498.0 1498.0
1499.0 1499.0 1499.0 1499.0 1499.0 1499.0 1499.0 1499.0 1499.0 1499.0 1499.0 1499.0 1499.0 1499.0 1499.0 1499.0 1499.0 1499.0 1499.0 1499.0 1499.0 1499.0 1499.0 1499.0 1499.0 1499.0 1498.997 1498.988 1498.98 1498.971 1498.962 1498.958 1498.956 1498.953 1498.951 1498.923 1498.784 1498.646 1498.507 1498.369 1498.273 1498.204 1498.135 1498.066 1498.0 1498.0 1498.0 1498.0 1498.0 1498.0 1498.0 1498.0 1498.0 1498.0 1497.998 1497.995 1497.993 1497.99 1497.986 1497.977 1497.968 1497.96 1497.951 1497.949 1497.949 1497.949
1499.0 1499.0 1499.0 1499.0 1499.0 1499.0 1499.0 1499.0 1499.0 1499.0 1499.0 1499.0 1499.0 1499.0 1499.0 1499.0 1499.0 1499.0 1499.0 1499.0 1499.0 1499.0 1499.0 1499.0 1499.0 1499.0 1498.985 1498.939 1498.892 1498.846 1498.8 1498.779 1498.766 1498.752 1498.739 1498.708 1498.602 1498.496 1498.389 1498.283 1498.21 1498.157 1498.104 1498.05 1498.0 1498.0 1498.0 1498.0 1498.0 1498.0 1498.0 1498.0 1498.0 1498.0 1497.988 1497.975 1497.962 1497.948 1497.924 1497.878 1497.831 1497.785 1497.739 1497.728 1497.728 1497.728
1499.0 1499.0 1499.0 1499.0 1499.0 1499.0 1499.0 1499.0 1499.0 1499.0 1499.0 1499.0 1499.0 1499.0 1499.0 1499.0 1499.0 1499.0 1499.0 1499.0 1499.0 1499.0 1499.0 1499.0 1499.0 1499.0 1498.973 1498.889 1498.805 1498.721 1498.638 1498.599 1498.575 1498.551 1498.527 1498.494 1498.42 1498.346 1498.272 1498.198 1498.146 1498.109 1498.072 1498.035 1498.0 1498.0 1498.0 1498.0 1498.0 1498.0 1498.0 1498.0 1498.0 1498.0 1497.978 1497.954 1497.93 1497.906 1497.862 1497.778 1497.694 1497.611 1497.527 1497.508 1497.508 1497.508
1499.0 1499.0 1499.0 1499.0 1499.0 1499.0 1499.0 1499.0 1499.0 1499.0 1499.0 1499.0 1499.0 1499.0 1499.0 1499.0 1499.0 1499.0 1499.0 1499.0 1499.0 1499.0 1499.0 1499.0 1499.0 1499.0 1498.96 1498.839 1498.718 1498.596 1498.475 1498.42 1498.385 1498.35 1498.316 1498.28 1498.238 1498.196 1498.154 1498.112 1498.083 1498.062 1498.041 1498.02 1498.0 1498.0 1498.0 1498.0 1498.0 1498.0 1498.0 1498.0 1498.0 1498.0 1497.968 1497.934 1497.899 1497.864 1497.8 1497.679 1497.557 1497.436 1497.315 1497.288 1497.288 1497.288
1499.0 1499.0 1499.0 1499.0 1499.0 1499.0 1499.0 1499.0 1499.0 1499.0 1499.0 1499.0 1499.0 1499.0 1499.0 1499.0 1499.0 1499.0 1499.0 1499.0 1499.0 1499.0 1499.0 1499.0 1499.0 1499.0 1498.948 1498.789 1498.63 1498.472 1498.313 1498.24 1498.195 1498.149 1498.104 1498.065 1498.055 1498.046 1498.036 1498.026 1498.019 1498.014 1498.01 1498.005 1498.0 1498.0 1498.0 1498.0 1498.0 1498.0 1498.0 1498.0 1498.0 1498.0 1497.959 1497.913 1497.868 1497.822 1497.738 1497.579 1497.421 1497.262 1497.103 1497.067 1497.067 1497.067
1499.0 1499.0 1499.0 1499.0 1499.0 1499.0 1499.0 1499.0 1499.0 1499.0 1499.0 1499.0 1499.0 1498.996 1498.992 1498.989 1498.985 1498.969 1498.939 1498.909 1498.88 1498.85 1498.847 1498.847 1498.847 1498.847 1498.799 1498.655 1498.511 1498.367 1498.223 1498.157 1498.116 1498.075 1498.033 1498.0 1498.0 1498.0 1498.0 1498.0 1498.0 1498.0 1498.0 1498.0 1498.0 1498.0 1498.0 1498.0 1498.0 1498.0 1498.0 1498.0 1498.0 1498.0 1497.945 1497.886 1497.826 1497.766 1497.672 1497.513 1497.354 1497.195 1497.036 1497.0 1497.0 1497.0
1499.0 1499.0 1499.0 1499.0 1499.0 1499.0 1499.0 1499.0 1499.0 1499.0 1499.0 1499.0 1499.0 1498.991 1498.981 1498.972 1498.963 1498.925 1498.852 1498.779 1498.706 1498.634 1498.626 1498.626 1498.626 1498.626 1498.591 1498.485 1498.378 1498.271 1498.165 1498.116 1498.086 1498.055 1498.025 1498.0 1498.0 1498.0 1498.0 1498.0 1498.0 1498.0 1498.0 1498.0 1498.0 1498.0 1498.0 1498.0 1498.0 1498.0 1498.0 1498.0 1498.0 1498.0 1497.931 1497.855 1497.779 1497.703 1497.604 1497.461 1497.318 1497.175 1497.032 1497.0 1497.0 1497.0
1499.0 1499.0 1499.0 1499.0 1499.0 1499.0 1499.0 1499.0 1499.0 1499.0 1499.0 1499.0 1499.0 1498.985 1498.971 1498.956 1498.942 1498.88 1498.764 1498.649 1498.533 1498.418 1498.406 1498.406 1498.406 1498.406 1498.383 1498.314 1498.245 1498.176 1498.107 1498.075 1498.055 1498.036 1498.016 1498.0 1498.0 1498.0 1498.0 1498.0 1498.0 1498.0 1498.0 1498.0 1498.0 1498.0 1498.0 1498.0 1498.0 1498.0 1498.0 1498.0 1498.0 1498.0 1497.916 1497.824 1497.732 1497.64 1497.536 1497.409 1497.282 1497.156 1497.029 1497.0 1497.0 1497.0
1499.0 1499.0 1499.0 1499.0 1499.0 1499.0 1499.0 1499.0 1499.0 1499.0 1499.0 1499.0 1498.999 1498.979 1498.96 1498.94 1498.92 1498.835 1498.677 1498.518 1498.36 1498.202 1498.185 1498.185 1498.185 1498.185 1498.175 1498.143 1498.112 1498.08 1498.049 1498.034 1498.025 1498.016 1498.007 1498.0 1498.0 1498.0 1498.0 1498.0 1498.0 1498.0 1498.0 1498.0 1498.0 1498.0 1498.0 1498.0 1498.0 1498.0 1498.0 1498.0 1498.0 1498.0 1497.901 1497.793 1497.685 1497.577 1497.468 1497.357 1497.247 1497.136 1497.025 1497.0 1497.0 1497.0
1499.0 1499.0 1499.0 1499.0 1499.0 1499.0 1499.0 1499.0 1499.0 1499.0 1499.0 1499.0 1498.999 1498.973 1498.947 1498.921 1498.895 1498.791 1498.598 1498.405 1498.213 1498.02 1498.0 1498.0 1498.0 1498.0 1498.0 1498.0 1498.0 1498.0 1498.0 1498.0 1498.0 1498.0 1498.0 1498.0 1498.0 1498.0 1498.0 1498.0 1498.0 1498.0 1498.0 1498.0 1498.0 1498.0 1498.0 1498.0 1498.0 1498.0 1498.0 1498.0 1498.0 1498.0 1497.886 1497.761 1497.636 1497.511 1497.396 1497.303 1497.209 1497.115 1497.021 1497.0 1497.0 1497.0
1499.0 1499.0 1499.0 1499.0 1499.0 1499.0 1499.0 1499.0 1499.0 1499.0 1499.0 1499.0 1498.999 1498.962 1498.925 1498.888 1498.852 1498.747 1498.565 1498.383 1498.201 1498.019 1498.0 1498.0 1498.0 1498.0 1498.0 1498.0 1498.0 1498.0 1498.0 1498.0 1498.0 1498.0 1498.0 1498.0 1498.0 1498.0 1498.0 1498.0 1498.0 1498.0 1498.0 1498.0 1498.0 1498.0 1498.0 1498.0 1498.0 1498.0 1498.0 1498.0 1498.0 1498.0 1497.866 1497.72 1497.573 1497.427 1497.306 1497.234 1497.161 1497.089 1497.016 1497.0 1497.0 1497.0
1499.0 1499.0 1499.0 1499.0 1499.0 1499.0 1499.0 1499.0 1499.0 1499.0 1499.0 1499.0 1498.998 1498.951 1498.903 1498.856 1498.808 1498.703 1498.532 1498.36 1498.189 1498.017 1498.0 1498.0 1498.0 1498.0 1498.0 1498.0 1498.0 1498.0 1498.0 1498.0 1498.0 1498.0 1498.0 1498.0 1498.0 1498.0 1498.0 1498.0 1498.0 1498.0 1498.0 1498.0 1498.0 1498.0 1498.0 1498.0 1498.0 1498.0 1498.0 1498.0 1498.0 1498.0 1497.847 1497.679 1497.511 1497.343 1497.215 1497.164 1497.113 1497.063 1497.011 1497.0 1497.0 1497.0
1499.0 1499.0 1499.0 1499.0 1499.0 1499.0 1499.0 1499.0 1499.0 1499.0 1499.0 1499.0 1498.998 1498.94 1498.881 1498.823 1498.765 1498.659 1498.498 1498.338 1498.177 1498.016 1498.0 1498.0 1498.0 1498.0 1498.0 1498.0 1498.0 1498.0 1498.0 1498.0 1498.0 1498.0 1498.0 1498.0 1498.0 1498.0 1498.0 1498.0 1498.0 1498.0 1498.0 1498.0 1498.0 1498.0 1498.0 1498.0 1498.0 1498.0 1498.0 1498.0 1498.0 1498.0 1497.827 1497.638 1497.449 1497.259 1497.125 1497.095 1497.066 1497.036 1497.007 1497.0 1497.0 1497.0
1499.0 1499.0 1499.0 1499.0 1499.0 1499.0 1499.0 1499.0 1499.0 1499.0 1499.0 1499.0 1498.997 1498.929 1498.86 1498.791 1498.722 1498.615 1498.465 1498.315 1498.165 1498.015 1498.0 1498.0 1498.0 1498.0 1498.0 1498.0 1498.0 1498.0 1498.0 1498.0 1498.0 1498.0 1498.0 1498.0 1498.0 1498.0 1498.0 1498.0 1498.0 1498.0 1498.0 1498.0 1498.0 1498.0 1498.0 1498.0 1498.0 1498.0 1498.0 1498.0 1498.0 1498.0 1497.808 1497.597 1497.386 1497.175 1497.034 1497.026 1497.018 1497.01 1497.002 1497.0 1497.0 1497.0
1499.0 1499.0 1499.0 1499.0 1499.0 1499.0 1499.0 1499.0 1499.0 1499.0 1499.0 1499.0 1498.997 1498.924 1498.851 1498.778 1498.705 1498.599 1498.453 1498.307 1498.161 1498.015 1498.0 1498.0 1498.0 1498.0 1498.0 1498.0 1498.0 1498.0 1498.0 1498.0 1498.0 1498.0 1498.0 1498.0 1498.0 1498.0 1498.0 1498.0 1498.0 1498.0 1498.0 1498.0 1498.0 1498.0 1498.0 1498.0 1498.0 1498.0 1498.0 1498.0 1498.0 1498.0 1497.8 1497.581 1497.363 1497.144 1497.0 1497.0 1497.0 1497.0 1497.0 1497.0 1497.0 1497.0
