data/zism_data/00336_04_D.txt
ncols         224
nrows         224
[rows 84 to 111 of 224, columns 0 to 62 of 224]
1916.322 1917.191 1918.059 1919.057 1920.212 1921.367 1922.522 1923.677 1923.623 1923.433 1923.244 1923.054 1922.959 1923.042 1923.126 1923.209 1923.292 1922.796 1922.152 1921.509 1920.865 1920.078 1918.854 1917.63 1916.406 1915.181 1913.587 1911.831 1910.076 1908.32 1906.623 1905.279 1903.935 1902.59 1901.246 1900.479 1900.105 1899.731 1899.357 1899.24 1904.75 1910.259 1915.77 1921.279 1930.583 1943.792 1957.001 1970.21 1983.419 1987.645 1991.318 1994.991 1998.664 2000.841 2000.689 2000.538 2000.386 2000.234 1998.814 1997.153 1995.492 1993.831 1993.663
1913.483 1914.392 1915.301 1916.303 1917.419 1918.535 1919.651 1920.767 1920.589 1920.266 1919.943 1919.62 1919.523 1919.85 1920.178 1920.506 1920.833 1920.567 1920.149 1919.731 1919.314 1918.714 1917.56 1916.405 1915.25 1914.095 1912.56 1910.858 1909.156 1907.454 1905.823 1904.608 1903.393 1902.178 1900.963 1900.278 1899.955 1899.632 1899.309 1899.241 1904.777 1910.314 1915.85 1921.387 1930.767 1944.102 1957.438 1970.773 1984.109 1988.141 1991.601 1995.061 1998.521 2000.416 1999.877 1999.338 1998.799 1998.26 1996.544 1994.605 1992.666 1990.726 1990.242
1911.014 1911.934 1912.854 1913.835 1914.892 1915.949 1917.006 1918.063 1917.706 1917.189 1916.673 1916.156 1916.019 1916.594 1917.168 1917.743 1918.317 1918.315 1918.165 1918.016 1917.866 1917.477 1916.355 1915.232 1914.109 1912.987 1911.503 1909.86 1908.217 1906.574 1905.008 1903.895 1902.782 1901.669 1900.556 1899.96 1899.717 1899.475 1899.232 1899.24 1904.766 1910.292 1915.818 1921.344 1930.699 1943.997 1957.295 1970.594 1983.891 1987.866 1991.267 1994.668 1998.069 1999.73 1998.687 1997.644 1996.6 1995.557 1993.477 1991.199 1988.922 1986.645 1985.883
1908.545 1909.475 1910.406 1911.367 1912.365 1913.363 1914.36 1915.358 1914.822 1914.112 1913.403 1912.693 1912.516 1913.337 1914.159 1914.98 1915.801 1916.063 1916.181 1916.3 1916.419 1916.24 1915.15 1914.059 1912.969 1911.879 1910.445 1908.861 1907.277 1905.693 1904.193 1903.181 1902.17 1901.159 1900.148 1899.641 1899.479 1899.317 1899.155 1899.24 1904.755 1910.27 1915.785 1921.3 1930.632 1943.892 1957.153 1970.413 1983.674 1987.591 1990.933 1994.275 1997.616 1999.045 1997.497 1995.949 1994.402 1992.854 1990.409 1987.794 1985.178 1982.563 1981.524
1906.076 1907.017 1907.958 1908.899 1909.838 1910.776 1911.715 1912.654 1911.938 1911.036 1910.133 1909.23 1909.013 1910.081 1911.149 1912.217 1913.285 1913.81 1914.197 1914.584 1914.972 1915.003 1913.944 1912.886 1911.828 1910.77 1909.387 1907.862 1906.338 1904.813 1903.377 1902.468 1901.559 1900.65 1899.74 1899.323 1899.241 1899.16 1899.078 1899.239 1904.744 1910.248 1915.752 1921.257 1930.565 1943.787 1957.01 1970.234 1983.456 1987.315 1990.598 1993.881 1997.164 1998.359 1996.307 1994.255 1992.203 1990.151 1987.341 1984.388 1981.435 1978.482 1977.165
1903.607 1904.559 1905.511 1906.431 1907.31 1908.19 1909.07 1909.95 1909.055 1907.959 1906.863 1905.767 1905.509 1906.824 1908.139 1909.454 1910.769 1911.558 1912.214 1912.869 1913.524 1913.765 1912.739 1911.713 1910.687 1909.661 1908.329 1906.864 1905.398 1903.932 1902.562 1901.755 1900.947 1900.14 1899.333 1899.005 1899.003 1899.002 1899.001 1899.239 1904.733 1910.226 1915.72 1921.213 1930.497 1943.683 1956.868 1970.053 1983.239 1987.04 1990.264 1993.488 1996.712 1997.673 1995.117 1992.561 1990.005 1987.448 1984.274 1980.983 1977.691 1974.4 1972.806
1903.103 1903.833 1904.563 1905.313 1906.086 1906.859 1907.632 1908.406 1907.597 1906.609 1905.621 1904.634 1904.422 1905.667 1906.911 1908.156 1909.4 1910.186 1910.856 1911.526 1912.196 1912.457 1911.469 1910.48 1909.492 1908.503 1907.242 1905.862 1904.481 1903.101 1901.821 1901.131 1900.442 1899.753 1899.063 1898.783 1898.783 1898.783 1898.783 1899.004 1904.08 1909.156 1914.231 1919.307 1927.975 1940.34 1952.705 1965.071 1977.436 1981.358 1984.761 1988.164 1991.567 1992.475 1989.505 1986.534 1983.563 1980.592 1977.152 1973.623 1970.094 1966.566 1964.858
1902.628 1903.133 1903.637 1904.214 1904.88 1905.546 1906.212 1906.878 1906.16 1905.285 1904.41 1903.535 1903.371 1904.54 1905.709 1906.879 1908.048 1908.828 1909.508 1910.189 1910.869 1911.148 1910.197 1909.246 1908.295 1907.344 1906.154 1904.86 1903.565 1902.271 1901.081 1900.51 1899.938 1899.367 1898.796 1898.564 1898.564 1898.564 1898.564 1898.766 1903.418 1908.07 1912.722 1917.374 1925.417 1936.95 1948.484 1960.018 1971.551 1975.597 1979.182 1982.767 1986.353 1987.211 1983.827 1980.443 1977.059 1973.675 1969.971 1966.206 1962.441 1958.676 1956.857
1902.153 1902.432 1902.712 1903.116 1903.675 1904.234 1904.792 1905.351 1904.723 1903.96 1903.198 1902.436 1902.319 1903.413 1904.507 1905.602 1906.696 1907.469 1908.16 1908.851 1909.543 1909.839 1908.925 1908.012 1907.099 1906.185 1905.066 1903.858 1902.649 1901.44 1900.341 1899.888 1899.435 1898.981 1898.528 1898.344 1898.344 1898.344 1898.344 1898.528 1902.756 1906.984 1911.212 1915.44 1922.858 1933.56 1944.262 1954.964 1965.666 1969.836 1973.603 1977.371 1981.139 1981.946 1978.149 1974.352 1970.555 1966.758 1962.789 1958.788 1954.787 1950.786 1948.855
1901.678 1901.732 1901.786 1902.018 1902.47 1902.921 1903.372 1903.824 1903.286 1902.636 1901.986 1901.337 1901.267 1902.286 1903.306 1904.325 1905.344 1906.11 1906.812 1907.514 1908.216 1908.529 1907.654 1906.778 1905.902 1905.026 1903.979 1902.856 1901.733 1900.61 1899.602 1899.266 1898.931 1898.596 1898.26 1898.124 1898.124 1898.124 1898.124 1898.29 1902.094 1905.898 1909.702 1913.506 1920.3 1930.17 1940.041 1949.911 1959.781 1964.075 1968.025 1971.975 1975.925 1976.681 1972.471 1968.261 1964.051 1959.841 1955.608 1951.371 1947.134 1942.897 1940.854
1901.421 1901.305 1901.19 1901.283 1901.632 1901.981 1902.329 1902.678 1902.235 1901.703 1901.17 1900.638 1900.616 1901.551 1902.485 1903.42 1904.354 1905.088 1905.771 1906.453 1907.135 1907.441 1906.596 1905.751 1904.906 1904.06 1903.095 1902.077 1901.058 1900.04 1899.129 1898.851 1898.573 1898.295 1898.017 1897.898 1897.886 1897.874 1897.863 1897.996 1901.32 1904.645 1907.969 1911.293 1917.391 1926.344 1935.296 1944.249 1953.201 1957.536 1961.587 1965.637 1969.688 1970.482 1966.211 1961.94 1957.669 1953.398 1949.018 1944.617 1940.216 1935.815 1933.653
1901.447 1901.235 1901.024 1901.02 1901.272 1901.524 1901.776 1902.029 1901.687 1901.278 1900.869 1900.46 1900.485 1901.323 1902.161 1902.999 1903.837 1904.504 1905.127 1905.751 1906.374 1906.641 1905.817 1904.993 1904.17 1903.346 1902.476 1901.587 1900.697 1899.808 1899.004 1898.704 1898.405 1898.106 1897.806 1897.662 1897.623 1897.585 1897.546 1897.63 1900.402 1903.174 1905.945 1908.717 1914.027 1921.949 1929.871 1937.794 1945.716 1949.986 1954.032 1958.077 1962.122 1963.069 1959.195 1955.321 1951.447 1947.573 1943.197 1938.727 1934.256 1929.785 1927.492
1901.474 1901.165 1900.857 1900.757 1900.913 1901.068 1901.224 1901.379 1901.138 1900.853 1900.567 1900.282 1900.354 1901.095 1901.836 1902.578 1903.319 1903.92 1904.484 1905.048 1905.613 1905.84 1905.038 1904.236 1903.434 1902.631 1901.858 1901.097 1900.336 1899.576 1898.879 1898.558 1898.237 1897.916 1897.595 1897.426 1897.361 1897.296 1897.23 1897.264 1899.483 1901.703 1903.922 1906.141 1910.663 1917.555 1924.447 1931.339 1938.231 1942.437 1946.476 1950.517 1954.557 1955.655 1952.178 1948.701 1945.224 1941.747 1937.376 1932.836 1928.296 1923.755 1921.332
1901.5 1901.095 1900.691 1900.494 1900.553 1900.612 1900.671 1900.73 1900.59 1900.428 1900.266 1900.104 1900.222 1900.867 1901.512 1902.157 1902.802 1903.335 1903.841 1904.346 1904.852 1905.04 1904.259 1903.478 1902.698 1901.917 1901.239 1900.607 1899.975 1899.343 1898.753 1898.411 1898.069 1897.726 1897.384 1897.19 1897.098 1897.006 1896.914 1896.898 1898.565 1900.231 1901.898 1903.565 1907.298 1913.16 1919.022 1924.884 1930.746 1934.887 1938.921 1942.956 1946.991 1948.241 1945.161 1942.082 1939.001 1935.922 1931.555 1926.945 1922.335 1917.725 1915.171
1901.527 1901.026 1900.524 1900.231 1900.193 1900.156 1900.118 1900.08 1900.042 1900.003 1899.964 1899.926 1900.091 1900.639 1901.188 1901.736 1902.284 1902.751 1903.198 1903.644 1904.09 1904.24 1903.48 1902.721 1901.961 1901.202 1900.621 1900.118 1899.614 1899.111 1898.628 1898.264 1897.901 1897.537 1897.173 1896.955 1896.836 1896.717 1896.598 1896.532 1897.646 1898.76 1899.874 1900.988 1903.934 1908.766 1913.598 1918.429 1923.261 1927.337 1931.366 1935.396 1939.425 1940.828 1938.145 1935.462 1932.779 1930.096 1925.734 1921.055 1916.375 1911.695 1909.011
1901.689 1901.148 1900.607 1900.259 1900.148 1900.038 1899.927 1899.817 1899.814 1899.822 1899.831 1899.84 1900.021 1900.525 1901.029 1901.533 1902.037 1902.444 1902.827 1903.209 1903.592 1903.712 1903.031 1902.35 1901.669 1900.988 1900.468 1900.017 1899.567 1899.117 1898.682 1898.345 1898.007 1897.669 1897.331 1897.051 1896.811 1896.57 1896.329 1896.134 1896.937 1897.74 1898.544 1899.347 1901.759 1905.826 1909.893 1913.96 1918.027 1921.83 1925.617 1929.404 1933.191 1934.631 1932.421 1930.211 1928.001 1925.791 1921.881 1917.648 1913.416 1909.183 1906.71
1901.869 1901.295 1900.722 1900.325 1900.145 1899.965 1899.785 1899.604 1899.628 1899.674 1899.72 1899.767 1899.959 1900.426 1900.892 1901.358 1901.825 1902.173 1902.491 1902.809 1903.127 1903.221 1902.625 1902.03 1901.435 1900.84 1900.375 1899.968 1899.561 1899.153 1898.76 1898.455 1898.149 1897.844 1897.538 1897.191 1896.817 1896.442 1896.067 1895.731 1896.255 1896.78 1897.304 1897.828 1899.739 1903.076 1906.414 1909.751 1913.089 1916.592 1920.105 1923.618 1927.131 1928.594 1926.867 1925.14 1923.412 1921.685 1918.285 1914.568 1910.85 1907.133 1904.914
1902.049 1901.443 1900.837 1900.392 1900.142 1899.892 1899.642 1899.392 1899.442 1899.526 1899.609 1899.693 1899.897 1900.326 1900.755 1901.184 1901.613 1901.902 1902.156 1902.409 1902.663 1902.729 1902.22 1901.71 1901.201 1900.692 1900.283 1899.919 1899.554 1899.19 1898.838 1898.565 1898.292 1898.018 1897.745 1897.331 1896.822 1896.313 1895.805 1895.328 1895.574 1895.819 1896.064 1896.309 1897.719 1900.327 1902.934 1905.542 1908.15 1911.353 1914.593 1917.832 1921.072 1922.557 1921.312 1920.068 1918.824 1917.58 1914.689 1911.487 1908.284 1905.082 1903.119
1902.228 1901.591 1900.953 1900.458 1900.138 1899.818 1899.499 1899.179 1899.256 1899.377 1899.499 1899.62 1899.835 1900.227 1900.618 1901.009 1901.4 1901.631 1901.82 1902.01 1902.199 1902.237 1901.814 1901.391 1900.967 1900.544 1900.191 1899.869 1899.548 1899.226 1898.916 1898.675 1898.434 1898.193 1897.951 1897.471 1896.828 1896.185 1895.542 1894.926 1894.892 1894.858 1894.824 1894.791 1895.699 1897.577 1899.455 1901.333 1903.212 1906.115 1909.08 1912.046 1915.012 1916.52 1915.758 1914.997 1914.235 1913.474 1911.094 1908.406 1905.719 1903.031 1901.324
1902.217 1901.561 1900.906 1900.385 1900.029 1899.674 1899.318 1898.963 1899.066 1899.222 1899.377 1899.533 1899.757 1900.111 1900.465 1900.818 1901.172 1901.355 1901.494 1901.634 1901.773 1901.789 1901.43 1901.071 1900.712 1900.353 1900.056 1899.786 1899.517 1899.247 1898.986 1898.779 1898.572 1898.365 1898.157 1897.624 1896.868 1896.113 1895.357 1894.621 1894.317 1894.013 1893.709 1893.406 1893.882 1895.161 1896.44 1897.719 1898.998 1901.553 1904.186 1906.819 1909.452 1910.92 1910.576 1910.231 1909.886 1909.542 1907.662 1905.492 1903.321 1901.151 1899.721
1901.823 1901.178 1900.534 1900.033 1899.71 1899.386 1899.063 1898.74 1898.871 1899.053 1899.235 1899.418 1899.646 1899.963 1900.279 1900.595 1900.911 1901.069 1901.187 1901.305 1901.423 1901.428 1901.091 1900.753 1900.416 1900.078 1899.836 1899.636 1899.436 1899.236 1899.041 1898.871 1898.701 1898.531 1898.362 1897.802 1896.977 1896.151 1895.326 1894.512 1893.956 1893.4 1892.844 1892.288 1892.47 1893.411 1894.352 1895.293 1896.234 1898.345 1900.527 1902.71 1904.892 1906.197 1906.137 1906.077 1906.016 1905.956 1904.559 1902.909 1901.259 1899.609 1898.5
1901.43 1900.796 1900.161 1899.681 1899.39 1899.099 1898.808 1898.517 1898.675 1898.884 1899.093 1899.302 1899.536 1899.814 1900.093 1900.371 1900.65 1900.783 1900.88 1900.976 1901.073 1901.068 1900.751 1900.435 1900.119 1899.803 1899.616 1899.486 1899.355 1899.225 1899.095 1898.963 1898.831 1898.698 1898.566 1897.981 1897.086 1896.19 1895.295 1894.404 1893.595 1892.787 1891.979 1891.171 1891.058 1891.661 1892.264 1892.867 1893.47 1895.137 1896.869 1898.601 1900.332 1901.474 1901.698 1901.922 1902.146 1902.37 1901.456 1900.327 1899.197 1898.068 1897.28
1901.036 1900.413 1899.789 1899.33 1899.071 1898.812 1898.553 1898.294 1898.479 1898.715 1898.951 1899.187 1899.425 1899.666 1899.907 1900.148 1900.389 1900.498 1900.573 1900.648 1900.723 1900.707 1900.412 1900.117 1899.822 1899.528 1899.396 1899.335 1899.275 1899.214 1899.149 1899.054 1898.96 1898.865 1898.771 1898.159 1897.194 1896.229 1895.264 1894.295 1893.235 1892.174 1891.114 1890.054 1889.647 1889.912 1890.177 1890.442 1890.707 1891.929 1893.21 1894.491 1895.772 1896.751 1897.26 1897.768 1898.276 1898.785 1898.354 1897.744 1897.135 1896.526 1896.06
1900.642 1900.03 1899.417 1898.978 1898.751 1898.524 1898.297 1898.071 1898.284 1898.547 1898.809 1899.072 1899.314 1899.518 1899.721 1899.925 1900.128 1900.212 1900.266 1900.319 1900.373 1900.346 1900.072 1899.799 1899.526 1899.253 1899.176 1899.185 1899.194 1899.204 1899.203 1899.146 1899.089 1899.032 1898.975 1898.337 1897.303 1896.268 1895.233 1894.186 1892.874 1891.561 1890.249 1888.937 1888.235 1888.162 1888.089 1888.016 1887.943 1888.721 1889.551 1890.382 1891.212 1892.028 1892.821 1893.613 1894.406 1895.199 1895.251 1895.162 1895.073 1894.984 1894.84
1900.138 1899.557 1898.976 1898.569 1898.374 1898.18 1897.985 1897.79 1898.035 1898.328 1898.622 1898.916 1899.178 1899.382 1899.586 1899.79 1899.993 1900.037 1900.039 1900.042 1900.045 1899.994 1899.78 1899.566 1899.352 1899.138 1899.099 1899.136 1899.173 1899.21 1899.235 1899.195 1899.155 1899.114 1899.074 1898.436 1897.39 1896.345 1895.299 1894.233 1892.714 1891.196 1889.677 1888.159 1887.159 1886.694 1886.228 1885.762 1885.297 1885.726 1886.211 1886.696 1887.181 1887.818 1888.694 1889.569 1890.445 1891.32 1891.629 1891.83 1892.03 1892.231 1892.305
1899.603 1899.059 1898.516 1898.144 1897.981 1897.819 1897.656 1897.494 1897.771 1898.097 1898.422 1898.749 1899.036 1899.25 1899.465 1899.679 1899.893 1899.892 1899.836 1899.779 1899.723 1899.645 1899.501 1899.356 1899.212 1899.068 1899.061 1899.114 1899.167 1899.22 1899.261 1899.232 1899.202 1899.172 1899.143 1898.512 1897.472 1896.432 1895.391 1894.322 1892.61 1890.899 1889.187 1887.476 1886.177 1885.304 1884.43 1883.557 1882.683 1882.791 1882.959 1883.128 1883.296 1883.751 1884.654 1885.556 1886.458 1887.361 1887.863 1888.289 1888.715 1889.141 1889.404
1899.068 1898.562 1898.056 1897.719 1897.588 1897.458 1897.328 1897.198 1897.506 1897.865 1898.223 1898.581 1898.893 1899.118 1899.343 1899.568 1899.794 1899.747 1899.632 1899.517 1899.401 1899.296 1899.221 1899.147 1899.072 1898.998 1899.023 1899.093 1899.162 1899.231 1899.287 1899.268 1899.249 1899.23 1899.212 1898.589 1897.554 1896.519 1895.484 1894.411 1892.506 1890.602 1888.697 1886.792 1885.195 1883.914 1882.632 1881.351 1880.07 1879.856 1879.708 1879.559 1879.411 1879.684 1880.613 1881.542 1882.472 1883.401 1884.097 1884.748 1885.4 1886.051 1886.504
1898.532 1898.064 1897.595 1897.294 1897.196 1897.098 1897.0 1896.902 1897.242 1897.633 1898.023 1898.413 1898.75 1898.986 1899.222 1899.458 1899.694 1899.603 1899.428 1899.254 1899.079 1898.947 1898.942 1898.937 1898.933 1898.928 1898.986 1899.071 1899.156 1899.242 1899.313 1899.305 1899.297 1899.289 1899.28 1898.665 1897.636 1896.606 1895.576 1894.5 1892.402 1890.305 1888.207 1886.109 1884.212 1882.524 1880.835 1879.146 1877.457 1876.921 1876.456 1875.991 1875.526 1875.617 1876.573 1877.529 1878.485 1879.441 1880.331 1881.207 1882.084 1882.961 1883.604
