data/zism_data/00338_03_D.txt
ncols         224
nrows         224
[rows 196 to 223 of 224, columns 63 to 125 of 224]
799.6503 799.2247 798.7991 798.3735 797.9479 797.6139 797.3075 797.0011 796.6946 796.5718 797.057 797.5422 798.0274 798.5126 798.8137 799.0341 799.2546 799.475 799.6722 799.7471 799.822 799.8969 799.9718 800.0 800.0 800.0 800.0 800.0 800.0 800.0 800.0 800.0 800.0 800.0 800.0 800.0 800.0 800.0 800.0 800.0 800.0 800.0 800.0 800.0 800.0 800.0 799.398 798.759 798.12 797.481 796.2422 794.1251 792.0081 789.8911 787.774 784.4949 781.0414 777.588 774.1346 770.7131 767.3555 763.9978 760.6402
799.7205 799.3649 799.0092 798.6536 798.298 797.976 797.6642 797.3524 797.0406 796.8887 797.2662 797.6438 798.0214 798.3989 798.6672 798.8876 799.108 799.3285 799.5309 799.6381 799.7452 799.8524 799.9596 800.0 800.0 800.0 800.0 800.0 800.0 800.0 800.0 800.0 800.0 800.0 800.0 800.0 800.0 800.0 800.0 800.0 800.0 800.0 800.0 800.0 800.0 800.0 799.616 799.2085 798.8009 798.3933 797.4231 795.629 793.835 792.0408 790.2468 787.2578 784.0897 780.9215 777.7534 774.6943 771.8533 769.0124 766.1715
799.7906 799.5049 799.2193 798.9337 798.648 798.3381 798.0209 797.7038 797.3866 797.2056 797.4755 797.7454 798.0153 798.2852 798.5207 798.7411 798.9615 799.182 799.3895 799.529 799.6685 799.808 799.9474 800.0 800.0 800.0 800.0 800.0 800.0 800.0 800.0 800.0 800.0 800.0 800.0 800.0 800.0 800.0 800.0 800.0 800.0 800.0 800.0 800.0 800.0 800.0 799.8341 799.658 799.4818 799.3057 798.604 797.1329 795.6618 794.1907 792.7195 790.0208 787.1379 784.255 781.3721 778.6754 776.3512 774.027 771.7028
799.8281 799.567 799.3058 799.0447 798.7835 798.507 798.2257 797.9445 797.6633 797.4984 797.7184 797.9386 798.1588 798.3789 798.5734 798.7566 798.9398 799.123 799.3025 799.4619 799.6212 799.7806 799.9399 800.0 800.0 800.0 800.0 800.0 800.0 800.0 800.0 800.0 800.0 800.0 800.0 800.0 800.0 800.0 800.0 800.0 800.0 800.0 800.0 800.0 800.0 800.0 799.8613 799.714 799.5667 799.4194 798.8006 797.4911 796.1818 794.8724 793.5629 791.2664 788.8217 786.377 783.9324 781.6243 779.5894 777.5545 775.5196
799.8558 799.6054 799.355 799.1047 798.8542 798.6174 798.3846 798.1519 797.9191 797.7839 797.9717 798.1595 798.3474 798.5352 798.6862 798.8209 798.9557 799.0905 799.2318 799.4073 799.5828 799.7584 799.9338 800.0 800.0 800.0 800.0 800.0 800.0 800.0 800.0 800.0 800.0 800.0 800.0 800.0 800.0 800.0 800.0 800.0 800.0 800.0 800.0 800.0 800.0 800.0 799.8309 799.6513 799.4717 799.2922 798.7 797.5036 796.3073 795.1108 793.9145 792.0538 790.0936 788.1334 786.1731 784.2615 782.4473 780.6331 778.8189
799.8835 799.6439 799.4042 799.1646 798.925 798.7278 798.5435 798.3592 798.1749 798.0693 798.2249 798.3804 798.536 798.6915 798.799 798.8853 798.9716 799.058 799.1611 799.3528 799.5444 799.7361 799.9278 800.0 800.0 800.0 800.0 800.0 800.0 800.0 800.0 800.0 800.0 800.0 800.0 800.0 800.0 800.0 800.0 800.0 800.0 800.0 800.0 800.0 800.0 800.0 799.8004 799.5886 799.3767 799.1649 798.5994 797.516 796.4327 795.3494 794.266 792.8414 791.3655 789.8897 788.4138 786.8988 785.3052 783.7117 782.1182
799.9113 799.6824 799.4535 799.2246 798.9957 798.8383 798.7025 798.5665 798.4307 798.3549 798.4781 798.6014 798.7246 798.8478 798.9117 798.9496 798.9875 799.0255 799.0905 799.2983 799.5061 799.7139 799.9217 800.0 800.0 800.0 800.0 800.0 800.0 800.0 800.0 800.0 800.0 800.0 800.0 800.0 800.0 800.0 800.0 800.0 800.0 800.0 800.0 800.0 800.0 800.0 799.77 799.5259 799.2817 799.0375 798.4987 797.5284 796.5582 795.5878 794.6176 793.6289 792.6375 791.646 790.6546 789.536 788.1631 786.7903 785.4175
799.9361 799.7262 799.5163 799.3063 799.0964 798.968 798.8642 798.7604 798.6566 798.5993 798.696 798.7928 798.8896 798.9865 799.0208 799.0278 799.0349 799.0419 799.0812 799.2911 799.5011 799.711 799.9209 800.0 800.0 800.0 800.0 800.0 800.0 800.0 800.0 800.0 800.0 800.0 800.0 800.0 800.0 800.0 800.0 800.0 800.0 799.9949 799.9844 799.9739 799.9634 799.9528 799.6642 799.3586 799.0529 798.7472 798.202 797.3061 796.4102 795.5143 794.6185 794.0038 793.4312 792.8587 792.2861 791.4884 790.2403 788.9922 787.744
799.9509 799.7894 799.6279 799.4664 799.3049 799.1671 799.0364 798.9056 798.7749 798.6957 798.7871 798.8785 798.97 799.0613 799.1165 799.1558 799.1951 799.2345 799.2933 799.4547 799.6162 799.7777 799.9391 800.0 800.0 800.0 800.0 800.0 800.0 800.0 800.0 800.0 800.0 800.0 800.0 800.0 800.0 800.0 800.0 800.0 800.0 799.9718 799.9128 799.8538 799.7949 799.7359 799.2874 798.8148 798.3422 797.8697 797.1992 796.2387 795.2783 794.3178 793.3573 792.8933 792.5038 792.1142 791.7247 790.9753 789.5066 788.0378 786.569
799.9656 799.8525 799.7396 799.6265 799.5135 799.3661 799.2085 799.0509 798.8932 798.7921 798.8781 798.9642 799.0502 799.1362 799.2123 799.2839 799.3555 799.4271 799.5053 799.6183 799.7313 799.8444 799.9574 800.0 800.0 800.0 800.0 800.0 800.0 800.0 800.0 800.0 800.0 800.0 800.0 800.0 800.0 800.0 800.0 800.0 800.0 799.9486 799.8412 799.7338 799.6264 799.519 798.9104 798.271 797.6316 796.9922 796.1963 795.1713 794.1462 793.1212 792.0961 791.7828 791.5763 791.3698 791.1631 790.4623 788.7728 787.0834 785.3939
799.9803 799.9158 799.8511 799.7866 799.722 799.5652 799.3807 799.1961 799.0115 798.8885 798.9692 799.0498 799.1305 799.2111 799.308 799.4119 799.5157 799.6197 799.7173 799.7819 799.8465 799.9111 799.9756 800.0 800.0 800.0 800.0 800.0 800.0 800.0 800.0 800.0 800.0 800.0 800.0 800.0 800.0 800.0 800.0 800.0 800.0 799.9255 799.7696 799.6138 799.4579 799.302 798.5335 797.7272 796.921 796.1147 795.1935 794.1038 793.0142 791.9246 790.835 790.6724 790.6488 790.6252 790.6017 789.9493 788.0391 786.129 784.2188
799.9951 799.9789 799.9628 799.9467 799.9305 799.7643 799.5529 799.3414 799.1299 798.9849 799.0602 799.1355 799.2108 799.2861 799.4037 799.5399 799.6761 799.8123 799.9293 799.9455 799.9616 799.9778 799.9939 800.0 800.0 800.0 800.0 800.0 800.0 800.0 800.0 800.0 800.0 800.0 800.0 800.0 800.0 800.0 800.0 800.0 800.0 799.9023 799.698 799.4937 799.2894 799.0851 798.1566 797.1835 796.2103 795.2372 794.1907 793.0364 791.8822 790.728 789.5737 789.5618 789.7213 789.8807 790.0402 789.4362 787.3054 785.1746 783.0437
800.0 800.0 800.0 800.0 800.0 799.8555 799.6673 799.4792 799.291 799.1611 799.2238 799.2865 799.3492 799.4119 799.5183 799.6437 799.7692 799.8946 800.0 800.0 800.0 800.0 800.0 800.0 800.0 800.0 800.0 800.0 800.0 800.0 800.0 800.0 800.0 800.0 800.0 800.0 799.9995 799.96 799.9205 799.881 799.8416 799.6623 799.3306 798.999 798.6672 798.3356 797.2053 796.0259 794.8464 793.667 792.4643 791.2275 789.9908 788.754 787.5173 787.4697 787.6004 787.7311 787.8619 787.207 784.9811 782.7552 780.5293
800.0 800.0 800.0 800.0 800.0 799.8927 799.753 799.6133 799.4736 799.377 799.4236 799.4702 799.5168 799.5634 799.6423 799.7355 799.8286 799.9217 800.0 800.0 800.0 800.0 800.0 800.0 800.0 800.0 800.0 800.0 800.0 800.0 800.0 800.0 800.0 800.0 800.0 800.0 799.9986 799.8999 799.8012 799.7025 799.6038 799.3139 798.8154 798.3168 797.8183 797.3198 795.9669 794.5614 793.1559 791.7504 790.3763 789.048 787.7197 786.3915 785.0632 784.8867 784.8828 784.879 784.8752 784.1199 781.8616 779.6035 777.3452
800.0 800.0 800.0 800.0 800.0 799.9299 799.8386 799.7474 799.6561 799.593 799.6235 799.6539 799.6843 799.7147 799.7664 799.8271 799.888 799.9489 800.0 800.0 800.0 800.0 800.0 800.0 800.0 800.0 800.0 800.0 800.0 800.0 800.0 800.0 800.0 800.0 800.0 800.0 799.9977 799.8398 799.6819 799.524 799.3661 798.9655 798.3001 797.6348 796.9694 796.304 794.7284 793.0969 791.4653 789.8338 788.2882 786.8684 785.4487 784.0289 782.6091 782.3036 782.1652 782.0268 781.8884 781.0327 778.7421 776.4516 774.1611
800.0 800.0 800.0 800.0 800.0 799.9671 799.9243 799.8815 799.8386 799.809 799.8233 799.8376 799.8519 799.8661 799.8904 799.9189 799.9474 799.976 800.0 800.0 800.0 800.0 800.0 800.0 800.0 800.0 800.0 800.0 800.0 800.0 800.0 800.0 800.0 800.0 800.0 800.0 799.9968 799.7797 799.5626 799.3455 799.1284 798.6171 797.7849 796.9526 796.1204 795.2881 793.49 791.6324 789.7748 787.9172 786.2001 784.6888 783.1776 781.6663 780.155 779.7205 779.4476 779.1746 778.9017 777.9455 775.6226 773.2998 770.977
800.0 800.0 800.0 800.0 800.0 800.0 800.0 800.0 800.0 800.0 800.0 800.0 800.0 800.0 800.0 800.0 800.0 800.0 800.0 800.0 800.0 800.0 800.0 799.9996 799.999 799.9984 799.9977 799.9971 799.9958 799.9946 799.9933 799.9921 799.9839 799.9702 799.9565 799.9427 799.9252 799.6439 799.3625 799.0812 798.7999 798.1726 797.1679 796.1632 795.1584 794.1537 792.1526 790.0902 788.0277 785.9653 784.0914 782.4936 780.8959 779.298 777.7003 777.1277 776.709 776.2902 775.8715 774.8109 772.4663 770.1218 767.7773
800.0 800.0 800.0 800.0 800.0 800.0 800.0 800.0 800.0 800.0 800.0 800.0 800.0 800.0 800.0 800.0 800.0 800.0 800.0 800.0 800.0 800.0 800.0 799.9963 799.9902 799.9843 799.9782 799.9717 799.9597 799.9477 799.9357 799.9236 799.8455 799.7134 799.5812 799.4491 799.3133 798.9297 798.5461 798.1625 797.7789 796.9954 795.7753 794.5553 793.3353 792.1153 790.0612 787.9556 785.8501 783.7446 781.8255 780.1793 778.533 776.8868 775.2405 774.4604 773.8102 773.1601 772.5099 771.3147 769.0294 766.7441 764.4587
800.0 800.0 800.0 800.0 800.0 800.0 800.0 800.0 800.0 800.0 800.0 800.0 800.0 800.0 800.0 800.0 800.0 800.0 800.0 800.0 800.0 800.0 800.0 799.9929 799.9815 799.9701 799.9587 799.9464 799.9236 799.9008 799.8781 799.8552 799.707 799.4565 799.2059 798.9554 798.7014 798.2156 797.7297 797.2438 796.758 795.8181 794.3828 792.9474 791.5121 790.0768 787.9696 785.821 783.6725 781.5239 779.5595 777.8648 776.1702 774.4755 772.7808 771.7931 770.9115 770.0299 769.1483 767.8185 765.5924 763.3663 761.1402
800.0 800.0 800.0 800.0 800.0 800.0 800.0 800.0 800.0 800.0 800.0 800.0 800.0 800.0 800.0 800.0 800.0 800.0 800.0 800.0 800.0 800.0 800.0 799.9896 799.9728 799.956 799.9392 799.921 799.8875 799.8539 799.8204 799.7869 799.5686 799.1996 798.8306 798.4617 798.0895 797.5014 796.9133 796.3251 795.737 794.6407 792.9902 791.3395 789.689 788.0383 785.8781 783.6865 781.4948 779.3032 777.2936 775.5504 773.8073 772.0642 770.321 769.1258 768.0128 766.8997 765.7866 764.3223 762.1554 759.9885 757.8216
800.0 800.0 800.0 800.0 800.0 800.0 800.0 800.0 800.0 800.0 800.0 800.0 800.0 800.0 800.0 800.0 800.0 800.0 800.0 800.0 800.0 800.0 800.0 799.9862 799.9641 799.9419 799.9197 799.8956 799.8513 799.807 799.7628 799.7184 799.4301 798.9427 798.4554 797.968 797.4777 796.7873 796.0969 795.4064 794.7161 793.4634 791.5975 789.7317 787.8658 785.9999 783.7866 781.5519 779.3172 777.0825 775.0276 773.236 771.4445 769.6529 767.8613 766.4585 765.114 763.7695 762.425 760.8261 758.7184 756.6107 754.5031
800.0 800.0 800.0 800.0 800.0 800.0 800.0 800.0 800.0 800.0 800.0 800.0 800.0 800.0 800.0 800.0 800.0 800.0 800.0 800.0 800.0 800.0 800.0 799.981 799.9504 799.9197 799.8892 799.8488 799.7055 799.5622 799.4189 799.2756 798.8508 798.1964 797.5419 796.8875 796.2308 795.4229 794.615 793.8071 792.9992 791.6478 789.7036 787.7592 785.8149 783.8707 781.6323 779.3759 777.1194 774.8629 772.7816 770.9568 769.132 767.3072 765.4824 763.9296 762.4175 760.9055 759.3934 757.6954 755.6257 753.5558 751.4861
800.0 800.0 800.0 800.0 800.0 800.0 800.0 800.0 800.0 800.0 800.0 800.0 800.0 800.0 800.0 800.0 800.0 800.0 800.0 800.0 800.0 800.0 800.0 799.9742 799.9329 799.8915 799.8502 799.7855 799.4753 799.1652 798.855 798.5449 797.9325 797.0735 796.2145 795.3555 794.4954 793.5583 792.6212 791.6841 790.7471 789.3411 787.4238 785.5064 783.5891 781.6717 779.4298 777.168 774.9061 772.6443 770.551 768.7047 766.8583 765.012 763.1656 761.507 759.8766 758.2461 756.6157 754.8459 752.7977 750.7495 748.7012
800.0 800.0 800.0 800.0 800.0 800.0 800.0 800.0 800.0 800.0 800.0 800.0 800.0 800.0 800.0 800.0 800.0 800.0 800.0 800.0 800.0 800.0 800.0 799.9675 799.9154 799.8633 799.8112 799.7221 799.2451 798.7681 798.2911 797.8141 797.0141 795.9506 794.887 793.8235 792.7599 791.6937 790.6274 789.5612 788.4949 787.0345 785.144 783.2535 781.3631 779.4727 777.2273 774.96 772.6928 770.4256 768.3204 766.4525 764.5847 762.7168 760.8489 759.0845 757.3356 755.5868 753.8379 751.9964 749.9697 747.943 745.9163
800.0 800.0 800.0 800.0 800.0 800.0 800.0 800.0 800.0 800.0 800.0 800.0 800.0 800.0 800.0 800.0 800.0 800.0 800.0 800.0 800.0 800.0 800.0 799.9608 799.8979 799.835 799.7722 799.6588 799.0149 798.371 797.7272 797.0833 796.0957 794.8276 793.5596 792.2916 791.0245 789.8291 788.6337 787.4382 786.2428 784.7278 782.8643 781.0007 779.1371 777.2736 775.0247 772.7521 770.4796 768.2069 766.0898 764.2004 762.311 760.4216 758.5322 756.662 754.7947 752.9274 751.0601 749.1469 747.1417 745.1365 743.1313
799.9935 799.9943 799.9951 799.9958 799.9966 799.9974 799.998 799.9988 799.9995 800.0 800.0 800.0 800.0 800.0 800.0 800.0 800.0 800.0 799.9999 799.9996 799.9993 799.999 799.9987 799.9515 799.876 799.8005 799.725 799.5854 798.7739 797.9623 797.1507 796.3391 795.1642 793.6927 792.2214 790.7499 789.2807 787.9568 786.633 785.3091 783.9853 782.4164 780.5801 778.7439 776.9077 775.0714 772.8215 770.546 768.2706 765.9952 763.8687 761.9601 760.0516 758.1431 756.2346 754.2605 752.2766 750.2927 748.3088 746.3243 744.3387 742.3531 740.3675
799.546 799.6006 799.6552 799.7098 799.7644 799.8148 799.864 799.9131 799.9623 800.0 800.0 800.0 800.0 800.0 800.0 800.0 800.0 800.0 799.9965 799.9747 799.9528 799.931 799.9092 799.7667 799.5512 799.3357 799.1202 798.8333 797.7957 796.758 795.7204 794.6827 793.3381 791.7429 790.1476 788.5524 786.9601 785.5609 784.1617 782.7625 781.3633 779.7808 777.9984 776.2159 774.4335 772.6511 770.5665 768.4633 766.3602 764.257 762.2917 760.5286 758.7654 757.0022 755.239 753.2885 751.31 749.3315 747.353 745.3344 743.2358 741.1371 739.0385
799.0984 799.2069 799.3153 799.4238 799.5322 799.6323 799.7299 799.8275 799.925 800.0 800.0 800.0 800.0 800.0 800.0 800.0 800.0 800.0 799.9931 799.9497 799.9064 799.863 799.8196 799.5818 799.2264 798.8709 798.5155 798.0811 796.8174 795.5537 794.29 793.0264 791.5119 789.7929 788.0739 786.3549 784.6395 783.1649 781.6904 780.2158 778.7412 777.1452 775.4166 773.688 771.9594 770.2308 768.3116 766.3806 764.4497 762.5187 760.7148 759.097 757.4791 755.8613 754.2433 752.3166 750.3434 748.3703 746.3972 744.3445 742.1329 739.9212 737.7095
