data/zism_data/00343_03_D.txt
ncols         224
nrows         224
[rows 0 to 27 of 224, columns 126 to 188 of 224]
4511.882 4512.727 4513.48 4514.233 4514.986 4515.739 4517.409 4519.669 4521.928 4524.188 4526.536 4529.906 4533.276 4536.646 4540.016 4543.582 4547.307 4551.032 4554.757 4558.475 4561.893 4565.311 4568.729 4572.147 4575.228 4577.962 4580.695 4583.429 4586.163 4588.409 4590.636 4592.863 4595.09 4597.928 4601.56 4605.192 4608.824 4612.456 4618.859 4625.551 4632.243 4638.936 4646.049 4653.86 4661.671 4669.482 4677.292 4685.094 4692.893 4700.692 4708.492 4715.577 4721.135 4726.693 4732.252 4737.81 4738.965 4738.948 4738.931 4738.914 4738.882 4738.807 4738.733
4507.894 4508.555 4509.427 4510.299 4511.171 4512.043 4513.977 4516.593 4519.21 4521.827 4524.526 4528.183 4531.839 4535.496 4539.152 4542.981 4546.949 4550.918 4554.886 4558.847 4562.465 4566.083 4569.701 4573.319 4576.595 4579.518 4582.441 4585.364 4588.287 4590.691 4593.075 4595.459 4597.843 4601.047 4605.317 4609.587 4613.857 4618.127 4625.355 4632.891 4640.427 4647.962 4656.02 4664.939 4673.858 4682.778 4691.698 4699.947 4708.077 4716.206 4724.335 4731.745 4737.617 4743.489 4749.361 4755.233 4756.214 4755.895 4755.575 4755.255 4754.75 4753.717 4752.686
4503.906 4504.382 4505.374 4506.365 4507.355 4508.347 4510.544 4513.518 4516.491 4519.465 4522.516 4526.459 4530.402 4534.346 4538.289 4542.38 4546.592 4550.804 4555.016 4559.219 4563.037 4566.855 4570.673 4574.492 4577.962 4581.074 4584.187 4587.299 4590.412 4592.973 4595.514 4598.055 4600.596 4604.166 4609.074 4613.982 4618.891 4623.798 4631.851 4640.23 4648.61 4656.989 4665.99 4676.019 4686.047 4696.075 4706.104 4714.801 4723.261 4731.72 4740.179 4747.914 4754.099 4760.285 4766.471 4772.657 4773.464 4772.842 4772.219 4771.597 4770.617 4768.628 4766.639
4501.945 4502.392 4503.504 4504.617 4505.729 4506.842 4509.231 4512.441 4515.651 4518.861 4522.145 4526.274 4530.404 4534.534 4538.663 4542.894 4547.206 4551.518 4555.83 4560.134 4564.07 4568.005 4571.94 4575.876 4579.566 4583.003 4586.44 4589.877 4593.314 4596.232 4599.131 4602.029 4604.928 4608.958 4614.459 4619.96 4625.461 4630.962 4639.749 4648.876 4658.004 4667.132 4676.957 4687.933 4698.909 4709.886 4720.862 4730.031 4738.875 4747.72 4756.564 4764.618 4770.981 4777.346 4783.709 4790.073 4790.432 4789.193 4787.954 4786.715 4784.941 4781.654 4778.366
4502.329 4502.923 4504.16 4505.397 4506.634 4507.871 4510.368 4513.676 4516.983 4520.291 4523.669 4527.869 4532.069 4536.269 4540.469 4544.695 4548.942 4553.189 4557.437 4561.678 4565.635 4569.592 4573.549 4577.506 4581.444 4585.363 4589.281 4593.2 4597.118 4600.622 4604.109 4607.597 4611.085 4615.684 4621.726 4627.768 4633.81 4639.852 4649.267 4659.033 4668.799 4678.565 4689.074 4700.813 4712.552 4724.291 4736.03 4745.695 4754.989 4764.282 4773.576 4781.942 4788.327 4794.713 4801.099 4807.484 4807.074 4804.856 4802.638 4800.42 4797.482 4792.501 4787.521
4502.713 4503.455 4504.816 4506.177 4507.539 4508.9 4511.505 4514.91 4518.315 4521.72 4525.193 4529.463 4533.734 4538.004 4542.274 4546.496 4550.679 4554.861 4559.043 4563.221 4567.2 4571.179 4575.158 4579.137 4583.323 4587.723 4592.122 4596.522 4600.922 4605.011 4609.088 4613.166 4617.243 4622.409 4628.992 4635.575 4642.158 4648.741 4658.785 4669.189 4679.593 4689.998 4701.191 4713.693 4726.195 4738.696 4751.198 4761.36 4771.102 4780.844 4790.586 4799.265 4805.672 4812.08 4818.487 4824.894 4823.716 4820.519 4817.322 4814.125 4810.022 4803.349 4796.675
4503.097 4503.986 4505.472 4506.958 4508.443 4509.929 4512.642 4516.144 4519.646 4523.148 4526.718 4531.058 4535.399 4539.739 4544.08 4548.297 4552.415 4556.533 4560.65 4564.765 4568.766 4572.766 4576.766 4580.767 4585.201 4590.082 4594.963 4599.844 4604.725 4609.4 4614.067 4618.733 4623.4 4629.135 4636.259 4643.383 4650.507 4657.63 4668.304 4679.346 4690.388 4701.43 4713.31 4726.574 4739.837 4753.102 4766.366 4777.024 4787.216 4797.407 4807.598 4816.589 4823.018 4829.447 4835.876 4842.305 4840.358 4836.182 4832.006 4827.831 4822.562 4814.196 4805.83
4503.48 4504.518 4506.127 4507.738 4509.348 4510.958 4513.779 4517.378 4520.978 4524.578 4528.242 4532.653 4537.063 4541.475 4545.885 4550.099 4554.151 4558.204 4562.257 4566.309 4570.331 4574.353 4578.375 4582.397 4587.08 4592.442 4597.804 4603.167 4608.529 4613.789 4619.045 4624.301 4629.558 4635.861 4643.526 4651.19 4658.855 4666.52 4677.822 4689.502 4701.183 4712.863 4725.427 4739.454 4753.48 4767.507 4781.533 4792.688 4803.329 4813.969 4824.609 4833.913 4840.363 4846.814 4853.265 4859.715 4856.999 4851.845 4846.69 4841.536 4835.102 4825.043 4814.984
4505.838 4507.158 4508.868 4510.577 4512.287 4513.996 4516.778 4520.249 4523.72 4527.191 4530.732 4535.073 4539.414 4543.754 4548.095 4552.232 4556.205 4560.178 4564.15 4568.128 4572.307 4576.486 4580.666 4584.845 4589.762 4595.44 4601.119 4606.797 4612.475 4618.251 4624.032 4629.813 4635.593 4642.48 4650.807 4659.133 4667.458 4675.784 4687.663 4699.911 4712.16 4724.408 4737.368 4751.505 4765.642 4779.779 4793.916 4805.103 4815.76 4826.418 4837.076 4846.159 4851.878 4857.598 4863.317 4869.037 4865.351 4859.163 4852.974 4846.786 4839.298 4828.127 4816.958
4508.351 4509.964 4511.771 4513.578 4515.384 4517.191 4519.922 4523.248 4526.573 4529.897 4533.297 4537.557 4541.816 4546.076 4550.335 4554.393 4558.284 4562.175 4566.067 4569.968 4574.315 4578.662 4583.009 4587.356 4592.508 4598.489 4604.47 4610.451 4616.432 4622.72 4629.02 4635.32 4641.619 4649.092 4658.088 4667.085 4676.082 4685.078 4697.529 4710.34 4723.151 4735.961 4749.294 4763.491 4777.688 4791.884 4806.081 4817.263 4827.904 4838.545 4849.187 4858.007 4862.937 4867.867 4872.797 4877.727 4873.055 4865.828 4858.601 4851.375 4842.841 4830.605 4818.37
4510.864 4512.77 4514.674 4516.578 4518.482 4520.387 4523.067 4526.246 4529.425 4532.604 4535.863 4540.041 4544.22 4548.398 4552.577 4556.552 4560.363 4564.173 4567.983 4571.809 4576.324 4580.838 4585.353 4589.867 4595.253 4601.538 4607.821 4614.105 4620.389 4627.188 4634.008 4640.827 4647.646 4655.703 4665.37 4675.038 4684.705 4694.372 4707.396 4720.769 4734.143 4747.516 4761.221 4775.478 4789.733 4803.99 4818.246 4829.423 4840.048 4850.673 4861.298 4869.855 4873.996 4878.136 4882.277 4886.417 4880.759 4872.494 4864.229 4855.963 4846.385 4833.083 4819.783
4513.376 4515.576 4517.577 4519.579 4521.58 4523.582 4526.211 4529.244 4532.277 4535.31 4538.428 4542.525 4546.623 4550.72 4554.817 4558.712 4562.441 4566.17 4569.9 4573.649 4578.332 4583.014 4587.696 4592.378 4597.999 4604.586 4611.172 4617.759 4624.346 4631.657 4638.995 4646.333 4653.671 4662.314 4672.652 4682.99 4693.328 4703.666 4717.262 4731.198 4745.134 4759.069 4773.148 4787.463 4801.779 4816.095 4830.41 4841.583 4852.191 4862.8 4873.409 4881.704 4885.054 4888.405 4891.756 4895.107 4888.463 4879.16 4869.856 4860.552 4849.928 4835.562 4821.195
4516.094 4518.432 4520.48 4522.528 4524.576 4526.625 4529.2 4532.114 4535.029 4537.943 4540.944 4544.939 4548.934 4552.929 4556.924 4560.741 4564.412 4568.083 4571.755 4575.451 4580.259 4585.066 4589.874 4594.681 4600.437 4607.167 4613.898 4620.629 4627.36 4634.956 4642.585 4650.214 4657.843 4666.864 4677.695 4688.525 4699.356 4710.187 4724.357 4738.874 4753.391 4767.908 4782.426 4796.945 4811.464 4825.983 4840.502 4851.351 4861.541 4871.731 4881.922 4889.59 4891.87 4894.149 4896.43 4898.709 4890.968 4880.561 4870.153 4859.746 4848.207 4833.465 4818.723
4519.131 4521.367 4523.383 4525.398 4527.414 4529.429 4531.946 4534.785 4537.624 4540.462 4543.383 4547.242 4551.102 4554.962 4558.822 4562.566 4566.216 4569.866 4573.515 4577.191 4582.059 4586.926 4591.792 4596.66 4602.395 4609.022 4615.651 4622.279 4628.907 4636.437 4644.001 4651.565 4659.128 4668.207 4679.254 4690.301 4701.349 4712.396 4727.14 4742.268 4757.396 4772.524 4787.584 4802.53 4817.476 4832.422 4847.369 4857.397 4866.544 4875.69 4884.837 4891.313 4892.084 4892.855 4893.626 4894.397 4885.386 4873.772 4862.159 4850.545 4838.298 4824.253 4810.209
4522.168 4524.302 4526.285 4528.268 4530.251 4532.234 4534.692 4537.456 4540.218 4542.981 4545.821 4549.546 4553.271 4556.995 4560.72 4564.391 4568.019 4571.647 4575.275 4578.932 4583.858 4588.785 4593.711 4598.638 4604.353 4610.878 4617.403 4623.928 4630.454 4637.917 4645.417 4652.916 4660.415 4669.55 4680.813 4692.077 4703.341 4714.604 4729.922 4745.661 4761.401 4777.14 4792.742 4808.115 4823.488 4838.862 4854.235 4863.444 4871.547 4879.65 4887.752 4893.037 4892.298 4891.561 4890.823 4890.084 4879.804 4866.984 4854.165 4841.345 4828.388 4815.042 4801.695
4525.206 4527.237 4529.188 4531.138 4533.089 4535.04 4537.438 4540.126 4542.813 4545.5 4548.26 4551.849 4555.439 4559.028 4562.618 4566.216 4569.823 4573.429 4577.036 4580.672 4585.658 4590.645 4595.63 4600.617 4606.311 4612.733 4619.155 4625.578 4632.0 4639.398 4646.832 4654.266 4661.7 4670.894 4682.374 4693.853 4705.333 4716.813 4732.705 4749.055 4765.406 4781.756 4797.9 4813.7 4829.501 4845.302 4861.102 4869.491 4876.55 4883.609 4890.668 4894.76 4892.513 4890.266 4888.019 4885.772 4874.222 4860.196 4846.17 4832.145 4818.478 4805.829 4793.18
4528.243 4530.171 4532.09 4534.008 4535.926 4537.845 4540.185 4542.796 4545.408 4548.02 4550.699 4554.153 4557.607 4561.061 4564.515 4568.042 4571.626 4575.211 4578.796 4582.413 4587.458 4592.504 4597.549 4602.595 4608.268 4614.588 4620.908 4627.228 4633.547 4640.878 4648.248 4655.617 4662.986 4672.237 4683.933 4695.629 4707.325 4719.021 4735.487 4752.449 4769.411 4786.373 4803.058 4819.286 4835.513 4851.741 4867.969 4875.538 4881.553 4887.568 4893.583 4896.483 4892.727 4888.971 4885.216 4881.46 4868.64 4853.408 4838.176 4822.945 4808.569 4796.617 4784.666
4531.644 4533.346 4535.149 4536.952 4538.754 4540.557 4542.766 4545.237 4547.708 4550.18 4552.716 4556.002 4559.289 4562.576 4565.862 4569.225 4572.649 4576.074 4579.499 4582.951 4587.667 4592.384 4597.101 4601.817 4607.307 4613.594 4619.88 4626.167 4632.453 4639.983 4647.561 4655.138 4662.714 4671.954 4683.353 4694.752 4706.151 4717.55 4734.119 4751.224 4768.33 4785.436 4802.11 4818.072 4834.033 4849.995 4865.956 4872.859 4878.135 4883.412 4888.688 4890.758 4885.979 4881.2 4876.421 4871.642 4858.852 4843.931 4829.01 4814.089 4800.107 4788.784 4777.461
4535.105 4536.562 4538.234 4539.907 4541.58 4543.252 4545.319 4547.639 4549.958 4552.278 4554.662 4557.775 4560.889 4564.002 4567.116 4570.299 4573.54 4576.78 4580.021 4583.285 4587.607 4591.929 4596.25 4600.572 4605.852 4612.116 4618.381 4624.646 4630.911 4638.685 4646.517 4654.348 4662.179 4671.395 4682.41 4693.425 4704.44 4715.456 4732.046 4749.217 4766.388 4783.559 4800.129 4815.707 4831.284 4846.861 4862.439 4868.701 4873.29 4877.88 4882.469 4883.771 4878.052 4872.332 4866.611 4860.891 4848.352 4833.999 4819.646 4805.293 4791.891 4781.185 4770.478
4538.567 4539.777 4541.32 4542.863 4544.406 4545.949 4547.872 4550.041 4552.209 4554.377 4556.607 4559.548 4562.488 4565.429 4568.369 4571.374 4574.43 4577.487 4580.544 4583.62 4587.546 4591.474 4595.4 4599.327 4604.396 4610.639 4616.882 4623.125 4629.368 4637.387 4645.473 4653.558 4661.644 4670.836 4681.467 4692.098 4702.729 4713.361 4729.974 4747.209 4764.445 4781.681 4798.147 4813.341 4828.534 4843.728 4858.921 4864.542 4868.445 4872.348 4876.25 4876.785 4870.124 4863.462 4856.801 4850.14 4837.852 4824.067 4810.281 4796.496 4783.675 4773.585 4763.495
4542.028 4542.992 4544.405 4545.818 4547.231 4548.645 4550.425 4552.442 4554.459 4556.476 4558.553 4561.32 4564.087 4566.855 4569.623 4572.448 4575.321 4578.194 4581.067 4583.954 4587.486 4591.018 4594.55 4598.083 4602.939 4609.161 4615.383 4621.604 4627.826 4636.089 4644.429 4652.768 4661.108 4670.277 4680.524 4690.771 4701.019 4711.266 4727.902 4745.203 4762.503 4779.803 4796.165 4810.975 4825.785 4840.594 4855.404 4860.384 4863.6 4866.815 4870.031 4869.798 4862.196 4854.594 4846.992 4839.389 4827.352 4814.135 4800.917 4787.7 4775.459 4765.985 4756.512
4545.625 4546.373 4547.667 4548.96 4550.254 4551.548 4553.187 4555.049 4556.911 4558.773 4560.69 4563.242 4565.793 4568.344 4570.895 4573.525 4576.219 4578.914 4581.608 4584.314 4587.565 4590.816 4594.067 4597.319 4602.025 4608.23 4614.436 4620.64 4626.846 4635.236 4643.71 4652.183 4660.656 4669.693 4679.463 4689.233 4699.004 4708.774 4725.153 4742.221 4759.288 4776.354 4792.356 4806.596 4820.835 4835.075 4849.314 4853.717 4856.354 4858.992 4861.63 4860.857 4852.801 4844.744 4836.687 4828.63 4816.992 4804.401 4791.81 4779.219 4767.577 4758.621 4749.667
4549.507 4550.107 4551.304 4552.5 4553.696 4554.893 4556.396 4558.095 4559.795 4561.495 4563.238 4565.48 4567.724 4569.966 4572.209 4574.608 4577.135 4579.662 4582.188 4584.73 4587.943 4591.156 4594.37 4597.583 4602.268 4608.467 4614.667 4620.866 4627.066 4635.337 4643.686 4652.035 4660.383 4669.056 4678.15 4687.245 4696.338 4705.433 4720.96 4737.156 4753.353 4769.549 4784.643 4797.915 4811.186 4824.458 4837.729 4841.691 4843.982 4846.274 4848.565 4847.743 4840.271 4832.798 4825.325 4817.852 4806.93 4795.091 4783.252 4771.413 4760.406 4751.76 4743.113
4553.39 4553.841 4554.94 4556.04 4557.138 4558.237 4559.604 4561.141 4562.678 4564.216 4565.785 4567.72 4569.654 4571.589 4573.523 4575.692 4578.051 4580.41 4582.769 4585.146 4588.321 4591.496 4594.671 4597.847 4602.51 4608.704 4614.898 4621.092 4627.287 4635.438 4643.662 4651.886 4660.111 4668.419 4676.837 4685.255 4693.673 4702.091 4716.767 4732.092 4747.418 4762.743 4776.93 4789.233 4801.537 4813.84 4826.143 4829.665 4831.61 4833.555 4835.5 4834.629 4827.74 4820.852 4813.963 4807.074 4796.869 4785.782 4774.694 4763.606 4753.236 4744.898 4736.56
4557.273 4557.576 4558.577 4559.579 4560.581 4561.583 4562.812 4564.187 4565.562 4566.937 4568.332 4569.958 4571.585 4573.211 4574.838 4576.775 4578.967 4581.158 4583.349 4585.561 4588.699 4591.836 4594.974 4598.111 4602.752 4608.941 4615.13 4621.318 4627.507 4635.538 4643.638 4651.738 4659.838 4667.783 4675.524 4683.267 4691.008 4698.75 4712.573 4727.028 4741.483 4755.938 4769.217 4780.552 4791.887 4803.223 4814.558 4817.639 4819.238 4820.836 4822.436 4821.515 4815.21 4808.906 4802.601 4796.296 4786.808 4776.472 4766.136 4755.801 4746.066 4738.036 4730.006
4561.156 4561.31 4562.214 4563.119 4564.023 4564.927 4566.02 4567.232 4568.445 4569.658 4570.879 4572.198 4573.516 4574.834 4576.152 4577.859 4579.882 4581.906 4583.93 4585.977 4589.076 4592.176 4595.275 4598.375 4602.994 4609.178 4615.361 4621.544 4627.728 4635.639 4643.614 4651.59 4659.565 4667.146 4674.211 4681.277 4688.343 4695.409 4708.379 4721.963 4735.548 4749.132 4761.504 4771.871 4782.238 4792.605 4802.973 4805.612 4806.865 4808.118 4809.371 4808.4 4802.68 4796.959 4791.239 4785.519 4776.747 4767.163 4757.579 4747.995 4738.896 4731.174 4723.453
4565.43 4565.495 4566.234 4566.973 4567.713 4568.452 4569.381 4570.432 4571.482 4572.533 4573.6 4574.855 4576.11 4577.366 4578.621 4580.177 4581.978 4583.779 4585.58 4587.413 4590.656 4593.9 4597.144 4600.387 4605.227 4611.71 4618.192 4624.675 4631.158 4638.85 4646.587 4654.324 4662.061 4669.308 4675.917 4682.527 4689.137 4695.747 4707.628 4720.059 4732.488 4744.918 4756.393 4766.287 4776.181 4786.076 4795.97 4798.722 4800.191 4801.661 4803.131 4802.477 4797.285 4792.094 4786.902 4781.711 4773.466 4764.41 4755.354 4746.297 4737.639 4730.111 4722.583
4569.812 4569.805 4570.36 4570.916 4571.471 4572.027 4572.785 4573.673 4574.562 4575.45 4576.368 4577.629 4578.89 4580.15 4581.411 4582.838 4584.401 4585.964 4587.527 4589.131 4592.57 4596.008 4599.446 4602.885 4608.013 4614.879 4621.746 4628.613 4635.48 4642.925 4650.391 4657.858 4665.324 4672.247 4678.462 4684.677 4690.892 4697.106 4707.834 4719.031 4730.228 4741.425 4752.004 4761.563 4771.122 4780.681 4790.24 4793.257 4795.1 4796.943 4798.786 4798.55 4793.872 4789.194 4784.517 4779.839 4772.07 4763.479 4754.887 4746.296 4738.024 4730.659 4723.293
