data/zism_data/00344_01_D.txt
ncols         224
nrows         224
[rows 180 to 209 of 224, columns 0 to 66 of 224]
1316.897 1317.181 1317.465 1317.75 1318.057 1318.424 1318.791 1319.159 1319.526 1319.873 1320.213 1320.552 1320.892 1321.217 1321.488 1321.758 1322.028 1322.298 1322.57 1322.842 1323.114 1323.385 1323.642 1323.793 1323.944 1324.095 1324.246 1324.405 1324.57 1324.735 1324.9 1325.068 1325.288 1325.509 1325.729 1325.949 1326.203 1326.487 1326.771 1327.055 1327.339 1327.443 1327.545 1327.646 1327.747 1328.007 1328.462 1328.917 1329.371 1329.826 1330.45 1331.089 1331.728 1332.368 1333.007 1333.646 1334.286 1334.925 1335.565 1336.47 1337.425 1338.38 1339.335 1340.23 1340.984 1341.739 1342.493
1316.923 1317.24 1317.556 1317.872 1318.202 1318.57 1318.937 1319.305 1319.672 1320.027 1320.377 1320.727 1321.078 1321.42 1321.727 1322.035 1322.343 1322.65 1322.902 1323.126 1323.35 1323.573 1323.791 1323.969 1324.147 1324.324 1324.502 1324.685 1324.871 1325.058 1325.244 1325.432 1325.653 1325.873 1326.094 1326.314 1326.585 1326.901 1327.217 1327.533 1327.849 1327.943 1328.034 1328.124 1328.215 1328.467 1328.916 1329.366 1329.815 1330.264 1330.843 1331.434 1332.026 1332.617 1333.208 1333.799 1334.39 1334.981 1335.573 1336.47 1337.425 1338.38 1339.335 1340.21 1340.9 1341.59 1342.281
1316.949 1317.298 1317.646 1317.995 1318.348 1318.716 1319.083 1319.45 1319.818 1320.181 1320.542 1320.903 1321.264 1321.622 1321.967 1322.312 1322.657 1323.003 1323.235 1323.41 1323.586 1323.761 1323.94 1324.145 1324.35 1324.554 1324.759 1324.965 1325.173 1325.381 1325.589 1325.797 1326.018 1326.238 1326.458 1326.679 1326.966 1327.314 1327.663 1328.011 1328.36 1328.443 1328.523 1328.603 1328.683 1328.926 1329.37 1329.814 1330.259 1330.703 1331.237 1331.78 1332.323 1332.865 1333.408 1333.951 1334.494 1335.037 1335.58 1336.47 1337.425 1338.38 1339.335 1340.19 1340.816 1341.442 1342.068
1316.986 1317.356 1317.726 1318.095 1318.468 1318.849 1319.229 1319.61 1319.99 1320.361 1320.728 1321.096 1321.463 1321.83 1322.195 1322.561 1322.926 1323.291 1323.512 1323.661 1323.811 1323.96 1324.119 1324.346 1324.573 1324.8 1325.027 1325.249 1325.467 1325.685 1325.904 1326.123 1326.352 1326.581 1326.81 1327.039 1327.341 1327.708 1328.076 1328.443 1328.81 1328.908 1329.001 1329.094 1329.187 1329.434 1329.868 1330.302 1330.737 1331.171 1331.654 1332.142 1332.63 1333.119 1333.616 1334.128 1334.64 1335.152 1335.665 1336.518 1337.436 1338.354 1339.272 1340.091 1340.683 1341.275 1341.867
1317.039 1317.414 1317.789 1318.164 1318.55 1318.963 1319.375 1319.788 1320.201 1320.58 1320.947 1321.315 1321.682 1322.048 1322.408 1322.768 1323.128 1323.487 1323.71 1323.865 1324.019 1324.174 1324.34 1324.583 1324.826 1325.069 1325.312 1325.538 1325.75 1325.963 1326.176 1326.391 1326.642 1326.893 1327.143 1327.394 1327.706 1328.073 1328.44 1328.808 1329.175 1329.32 1329.461 1329.603 1329.744 1330.01 1330.428 1330.847 1331.265 1331.683 1332.106 1332.53 1332.954 1333.377 1333.833 1334.339 1334.846 1335.353 1335.86 1336.636 1337.463 1338.29 1339.116 1339.875 1340.478 1341.081 1341.684
1317.093 1317.473 1317.853 1318.234 1318.632 1319.077 1319.521 1319.966 1320.411 1320.799 1321.166 1321.534 1321.901 1322.266 1322.62 1322.975 1323.329 1323.684 1323.909 1324.068 1324.228 1324.388 1324.561 1324.82 1325.079 1325.339 1325.598 1325.826 1326.034 1326.241 1326.449 1326.66 1326.932 1327.204 1327.476 1327.748 1328.07 1328.438 1328.805 1329.172 1329.54 1329.732 1329.922 1330.112 1330.301 1330.586 1330.989 1331.391 1331.793 1332.195 1332.558 1332.918 1333.277 1333.636 1334.049 1334.551 1335.052 1335.554 1336.055 1336.754 1337.49 1338.225 1338.961 1339.66 1340.273 1340.887 1341.501
1317.146 1317.531 1317.917 1318.303 1318.713 1319.19 1319.667 1320.145 1320.622 1321.018 1321.385 1321.752 1322.12 1322.484 1322.833 1323.182 1323.531 1323.88 1324.107 1324.272 1324.437 1324.602 1324.782 1325.057 1325.332 1325.608 1325.883 1326.115 1326.317 1326.519 1326.721 1326.929 1327.222 1327.516 1327.809 1328.103 1328.435 1328.802 1329.17 1329.537 1329.905 1330.144 1330.382 1330.62 1330.858 1331.163 1331.549 1331.935 1332.321 1332.707 1333.01 1333.305 1333.6 1333.895 1334.266 1334.762 1335.259 1335.755 1336.251 1336.872 1337.516 1338.161 1338.806 1339.444 1340.068 1340.693 1341.317
1317.198 1317.59 1317.981 1318.372 1318.795 1319.304 1319.814 1320.323 1320.832 1321.236 1321.604 1321.971 1322.339 1322.701 1323.045 1323.389 1323.733 1324.076 1324.305 1324.475 1324.646 1324.817 1325.003 1325.294 1325.586 1325.877 1326.168 1326.403 1326.6 1326.797 1326.994 1327.198 1327.513 1327.828 1328.142 1328.457 1328.8 1329.167 1329.535 1329.902 1330.269 1330.557 1330.843 1331.129 1331.415 1331.739 1332.109 1332.479 1332.849 1333.219 1333.462 1333.693 1333.924 1334.154 1334.483 1334.974 1335.465 1335.955 1336.446 1336.99 1337.543 1338.097 1338.65 1339.228 1339.864 1340.499 1341.134
1317.374 1317.77 1318.167 1318.563 1318.985 1319.472 1319.959 1320.447 1320.934 1321.353 1321.747 1322.142 1322.536 1322.915 1323.236 1323.556 1323.877 1324.197 1324.442 1324.65 1324.857 1325.065 1325.283 1325.577 1325.871 1326.165 1326.459 1326.695 1326.891 1327.087 1327.283 1327.484 1327.776 1328.067 1328.358 1328.65 1329.0 1329.403 1329.806 1330.21 1330.613 1330.966 1331.319 1331.671 1332.024 1332.365 1332.692 1333.019 1333.345 1333.672 1333.902 1334.122 1334.343 1334.563 1334.867 1335.307 1335.747 1336.188 1336.628 1337.136 1337.657 1338.178 1338.699 1339.252 1339.88 1340.508 1341.136
1317.573 1317.975 1318.376 1318.778 1319.195 1319.65 1320.105 1320.56 1321.016 1321.449 1321.876 1322.303 1322.729 1323.129 1323.422 1323.716 1324.01 1324.303 1324.568 1324.818 1325.069 1325.319 1325.575 1325.869 1326.163 1326.457 1326.751 1326.986 1327.182 1327.378 1327.574 1327.774 1328.033 1328.292 1328.552 1328.811 1329.168 1329.614 1330.06 1330.507 1330.953 1331.375 1331.798 1332.22 1332.642 1333.0 1333.278 1333.557 1333.836 1334.114 1334.34 1334.56 1334.781 1335.001 1335.282 1335.664 1336.045 1336.427 1336.808 1337.289 1337.788 1338.287 1338.787 1339.322 1339.939 1340.556 1341.173
1317.772 1318.179 1318.586 1318.993 1319.405 1319.828 1320.251 1320.674 1321.097 1321.546 1322.005 1322.464 1322.922 1323.342 1323.609 1323.876 1324.143 1324.41 1324.694 1324.987 1325.28 1325.574 1325.867 1326.161 1326.455 1326.749 1327.043 1327.278 1327.474 1327.67 1327.866 1328.064 1328.291 1328.518 1328.745 1328.972 1329.336 1329.825 1330.314 1330.804 1331.293 1331.785 1332.276 1332.768 1333.26 1333.635 1333.865 1334.095 1334.326 1334.556 1334.777 1334.998 1335.218 1335.439 1335.698 1336.02 1336.343 1336.665 1336.988 1337.441 1337.919 1338.397 1338.875 1339.392 1339.998 1340.604 1341.211
1317.971 1318.383 1318.796 1319.208 1319.615 1320.005 1320.396 1320.787 1321.178 1321.643 1322.134 1322.625 1323.116 1323.556 1323.796 1324.036 1324.276 1324.516 1324.82 1325.156 1325.492 1325.828 1326.159 1326.453 1326.747 1327.04 1327.334 1327.57 1327.766 1327.962 1328.158 1328.354 1328.549 1328.744 1328.939 1329.134 1329.504 1330.036 1330.568 1331.101 1331.633 1332.194 1332.755 1333.317 1333.878 1334.269 1334.452 1334.634 1334.816 1334.998 1335.215 1335.436 1335.656 1335.876 1336.113 1336.377 1336.64 1336.904 1337.167 1337.593 1338.049 1338.506 1338.963 1339.461 1340.057 1340.653 1341.248
1318.205 1318.619 1319.032 1319.446 1319.844 1320.203 1320.562 1320.921 1321.279 1321.747 1322.252 1322.758 1323.264 1323.713 1323.942 1324.171 1324.401 1324.63 1324.951 1325.318 1325.686 1326.053 1326.412 1326.71 1327.008 1327.306 1327.605 1327.84 1328.034 1328.227 1328.42 1328.612 1328.795 1328.978 1329.161 1329.344 1329.724 1330.285 1330.845 1331.406 1331.966 1332.568 1333.17 1333.772 1334.375 1334.778 1334.938 1335.098 1335.258 1335.418 1335.621 1335.829 1336.036 1336.244 1336.459 1336.688 1336.917 1337.146 1337.376 1337.797 1338.256 1338.714 1339.172 1339.67 1340.258 1340.846 1341.433
1318.537 1318.94 1319.343 1319.745 1320.127 1320.454 1320.78 1321.107 1321.433 1321.869 1322.342 1322.816 1323.289 1323.72 1323.981 1324.242 1324.504 1324.765 1325.097 1325.464 1325.832 1326.199 1326.56 1326.874 1327.188 1327.503 1327.817 1328.053 1328.235 1328.418 1328.6 1328.785 1329.011 1329.237 1329.463 1329.689 1330.083 1330.633 1331.183 1331.733 1332.282 1332.847 1333.412 1333.976 1334.541 1334.946 1335.154 1335.362 1335.57 1335.779 1335.942 1336.101 1336.26 1336.419 1336.617 1336.878 1337.14 1337.401 1337.662 1338.143 1338.666 1339.188 1339.711 1340.254 1340.841 1341.429 1342.017
1318.869 1319.261 1319.653 1320.045 1320.41 1320.705 1320.999 1321.293 1321.588 1321.991 1322.432 1322.874 1323.315 1323.726 1324.02 1324.313 1324.607 1324.9 1325.243 1325.61 1325.978 1326.345 1326.708 1327.038 1327.369 1327.699 1328.029 1328.265 1328.437 1328.609 1328.78 1328.958 1329.226 1329.495 1329.764 1330.033 1330.443 1330.982 1331.521 1332.06 1332.599 1333.126 1333.653 1334.18 1334.708 1335.113 1335.37 1335.626 1335.883 1336.139 1336.263 1336.374 1336.484 1336.595 1336.775 1337.069 1337.362 1337.656 1337.949 1338.489 1339.076 1339.663 1340.25 1340.837 1341.425 1342.013 1342.601
1319.2 1319.582 1319.963 1320.344 1320.693 1320.955 1321.218 1321.48 1321.742 1322.113 1322.522 1322.931 1323.34 1323.733 1324.058 1324.384 1324.71 1325.035 1325.389 1325.756 1326.124 1326.491 1326.856 1327.202 1327.549 1327.895 1328.242 1328.478 1328.639 1328.8 1328.961 1329.13 1329.442 1329.754 1330.065 1330.377 1330.802 1331.33 1331.858 1332.387 1332.915 1333.405 1333.895 1334.385 1334.874 1335.281 1335.585 1335.89 1336.195 1336.5 1336.583 1336.646 1336.709 1336.771 1336.933 1337.259 1337.584 1337.91 1338.236 1338.835 1339.486 1340.137 1340.789 1341.421 1342.009 1342.596 1343.184
1319.532 1319.903 1320.273 1320.644 1320.976 1321.206 1321.436 1321.666 1321.896 1322.235 1322.612 1322.989 1323.366 1323.739 1324.097 1324.455 1324.813 1325.17 1325.535 1325.902 1326.269 1326.637 1327.004 1327.366 1327.729 1328.091 1328.454 1328.69 1328.841 1328.991 1329.141 1329.303 1329.658 1330.012 1330.367 1330.721 1331.161 1331.678 1332.196 1332.714 1333.231 1333.684 1334.136 1334.589 1335.041 1335.448 1335.801 1336.154 1336.507 1336.86 1336.904 1336.918 1336.933 1336.947 1337.091 1337.449 1337.807 1338.165 1338.522 1339.181 1339.896 1340.612 1341.328 1342.004 1342.592 1343.18 1343.768
1319.855 1320.203 1320.552 1320.901 1321.22 1321.463 1321.706 1321.949 1322.192 1322.527 1322.895 1323.262 1323.629 1323.997 1324.364 1324.732 1325.099 1325.466 1325.819 1326.164 1326.509 1326.854 1327.2 1327.556 1327.912 1328.268 1328.624 1328.876 1329.057 1329.238 1329.419 1329.61 1329.978 1330.345 1330.712 1331.08 1331.5 1331.97 1332.439 1332.908 1333.378 1333.83 1334.282 1334.734 1335.187 1335.591 1335.935 1336.28 1336.625 1336.97 1337.0 1337.0 1337.0 1337.0 1337.143 1337.521 1337.9 1338.279 1338.657 1339.43 1340.278 1341.125 1341.973 1342.734 1343.3 1343.865 1344.43
1320.173 1320.495 1320.817 1321.139 1321.448 1321.723 1321.998 1322.273 1322.549 1322.892 1323.259 1323.627 1323.994 1324.361 1324.729 1325.096 1325.464 1325.831 1326.162 1326.475 1326.788 1327.1 1327.417 1327.757 1328.097 1328.437 1328.777 1329.051 1329.28 1329.509 1329.738 1329.975 1330.342 1330.71 1331.077 1331.445 1331.832 1332.237 1332.642 1333.047 1333.451 1333.919 1334.387 1334.855 1335.324 1335.722 1336.035 1336.347 1336.66 1336.973 1337.0 1337.0 1337.0 1337.0 1337.149 1337.544 1337.938 1338.333 1338.728 1339.638 1340.647 1341.655 1342.663 1343.527 1344.06 1344.593 1345.126
1320.492 1320.787 1321.082 1321.377 1321.676 1321.983 1322.29 1322.598 1322.905 1323.257 1323.624 1323.991 1324.359 1324.726 1325.094 1325.461 1325.828 1326.196 1326.505 1326.786 1327.067 1327.347 1327.633 1327.957 1328.281 1328.605 1328.929 1329.225 1329.503 1329.78 1330.057 1330.34 1330.707 1331.075 1331.442 1331.809 1332.163 1332.503 1332.844 1333.185 1333.525 1334.008 1334.492 1334.976 1335.461 1335.853 1336.134 1336.415 1336.695 1336.976 1337.0 1337.0 1337.0 1337.0 1337.155 1337.566 1337.977 1338.387 1338.798 1339.847 1341.016 1342.185 1343.354 1344.32 1344.821 1345.322 1345.823
1320.811 1321.079 1321.347 1321.616 1321.903 1322.243 1322.582 1322.922 1323.261 1323.621 1323.989 1324.356 1324.724 1325.091 1325.458 1325.826 1326.193 1326.561 1326.849 1327.097 1327.346 1327.594 1327.85 1328.158 1328.466 1328.774 1329.082 1329.4 1329.725 1330.051 1330.377 1330.704 1331.072 1331.439 1331.807 1332.174 1332.494 1332.77 1333.047 1333.323 1333.599 1334.096 1334.597 1335.097 1335.598 1335.985 1336.233 1336.482 1336.73 1336.978 1337.0 1337.0 1337.0 1337.0 1337.161 1337.588 1338.015 1338.442 1338.869 1340.055 1341.385 1342.714 1344.044 1345.112 1345.581 1346.05 1346.519
1321.123 1321.371 1321.619 1321.868 1322.149 1322.516 1322.884 1323.251 1323.619 1323.986 1324.354 1324.721 1325.088 1325.455 1325.819 1326.183 1326.547 1326.911 1327.18 1327.402 1327.624 1327.845 1328.077 1328.373 1328.669 1328.965 1329.261 1329.597 1329.961 1330.325 1330.689 1331.053 1331.418 1331.782 1332.147 1332.511 1332.802 1333.026 1333.249 1333.472 1333.695 1334.201 1334.71 1335.22 1335.729 1336.109 1336.329 1336.55 1336.77 1336.99 1337.019 1337.03 1337.04 1337.051 1337.223 1337.664 1338.104 1338.544 1338.984 1340.274 1341.726 1343.177 1344.628 1345.773 1346.219 1346.664 1347.109
1321.387 1321.663 1321.938 1322.213 1322.514 1322.881 1323.249 1323.616 1323.984 1324.351 1324.718 1325.086 1325.453 1325.814 1326.151 1326.489 1326.826 1327.163 1327.43 1327.663 1327.895 1328.128 1328.371 1328.683 1328.995 1329.307 1329.619 1329.946 1330.283 1330.62 1330.958 1331.295 1331.638 1331.981 1332.324 1332.668 1332.959 1333.204 1333.449 1333.693 1333.938 1334.407 1334.879 1335.351 1335.823 1336.182 1336.402 1336.622 1336.843 1337.063 1337.166 1337.257 1337.348 1337.438 1337.659 1338.094 1338.529 1338.964 1339.398 1340.571 1341.882 1343.194 1344.506 1345.564 1346.042 1346.519 1346.996
1321.652 1321.954 1322.256 1322.559 1322.879 1323.246 1323.613 1323.981 1324.348 1324.716 1325.083 1325.45 1325.818 1326.174 1326.484 1326.794 1327.104 1327.415 1327.68 1327.924 1328.167 1328.41 1328.665 1328.993 1329.321 1329.649 1329.978 1330.295 1330.605 1330.916 1331.226 1331.537 1331.859 1332.18 1332.502 1332.824 1333.116 1333.383 1333.649 1333.915 1334.181 1334.613 1335.047 1335.482 1335.916 1336.255 1336.475 1336.695 1336.916 1337.136 1337.312 1337.483 1337.655 1337.826 1338.095 1338.524 1338.954 1339.383 1339.813 1340.867 1342.039 1343.212 1344.385 1345.355 1345.865 1346.374 1346.884
1321.917 1322.246 1322.575 1322.904 1323.243 1323.611 1323.978 1324.346 1324.713 1325.08 1325.448 1325.815 1326.183 1326.533 1326.817 1327.1 1327.383 1327.667 1327.931 1328.185 1328.439 1328.693 1328.959 1329.303 1329.647 1329.991 1330.336 1330.644 1330.927 1331.211 1331.494 1331.779 1332.079 1332.379 1332.68 1332.98 1333.274 1333.561 1333.849 1334.136 1334.424 1334.819 1335.216 1335.613 1336.01 1336.328 1336.548 1336.768 1336.989 1337.209 1337.458 1337.71 1337.962 1338.214 1338.53 1338.955 1339.379 1339.803 1340.227 1341.163 1342.196 1343.229 1344.263 1345.146 1345.688 1346.229 1346.771
1322.182 1322.538 1322.894 1323.249 1323.608 1323.976 1324.343 1324.71 1325.078 1325.445 1325.813 1326.18 1326.547 1326.892 1327.149 1327.406 1327.662 1327.919 1328.181 1328.446 1328.711 1328.975 1329.253 1329.613 1329.973 1330.334 1330.694 1330.993 1331.249 1331.506 1331.763 1332.021 1332.3 1332.578 1332.857 1333.136 1333.431 1333.74 1334.049 1334.358 1334.667 1335.025 1335.385 1335.744 1336.104 1336.401 1336.621 1336.841 1337.062 1337.282 1337.605 1337.937 1338.269 1338.601 1338.966 1339.385 1339.804 1340.222 1340.641 1341.459 1342.353 1343.247 1344.141 1344.937 1345.511 1346.085 1346.658
1322.489 1322.838 1323.187 1323.537 1323.896 1324.281 1324.667 1325.052 1325.438 1325.797 1326.146 1326.495 1326.845 1327.174 1327.425 1327.676 1327.927 1328.178 1328.449 1328.731 1329.012 1329.294 1329.584 1329.933 1330.283 1330.632 1330.981 1331.272 1331.523 1331.774 1332.025 1332.278 1332.559 1332.841 1333.122 1333.404 1333.693 1333.991 1334.288 1334.585 1334.883 1335.228 1335.574 1335.92 1336.266 1336.563 1336.802 1337.041 1337.279 1337.518 1337.874 1338.241 1338.609 1338.976 1339.36 1339.77 1340.18 1340.591 1341.001 1341.696 1342.444 1343.193 1343.941 1344.641 1345.228 1345.816 1346.404
1322.827 1323.144 1323.462 1323.779 1324.124 1324.541 1324.959 1325.376 1325.794 1326.138 1326.455 1326.772 1327.089 1327.395 1327.657 1327.918 1328.18 1328.442 1328.731 1329.034 1329.337 1329.64 1329.944 1330.262 1330.579 1330.896 1331.213 1331.497 1331.759 1332.021 1332.282 1332.547 1332.849 1333.152 1333.455 1333.758 1334.039 1334.298 1334.558 1334.818 1335.078 1335.428 1335.779 1336.13 1336.482 1336.797 1337.068 1337.338 1337.609 1337.88 1338.239 1338.606 1338.973 1339.341 1339.72 1340.12 1340.52 1340.919 1341.319 1341.886 1342.484 1343.082 1343.681 1344.276 1344.864 1345.452 1346.039
1323.166 1323.451 1323.736 1324.021 1324.351 1324.801 1325.251 1325.701 1326.151 1326.479 1326.764 1327.048 1327.333 1327.616 1327.888 1328.161 1328.433 1328.706 1329.013 1329.337 1329.661 1329.986 1330.305 1330.59 1330.875 1331.16 1331.445 1331.723 1331.995 1332.267 1332.54 1332.815 1333.14 1333.464 1333.788 1334.113 1334.384 1334.606 1334.828 1335.051 1335.273 1335.628 1335.984 1336.341 1336.698 1337.03 1337.333 1337.636 1337.939 1338.242 1338.603 1338.971 1339.338 1339.706 1340.081 1340.47 1340.859 1341.248 1341.637 1342.076 1342.524 1342.972 1343.42 1343.911 1344.499 1345.087 1345.675
1323.505 1323.757 1324.01 1324.263 1324.579 1325.061 1325.543 1326.025 1326.507 1326.819 1327.072 1327.325 1327.578 1327.837 1328.12 1328.403 1328.686 1328.97 1329.294 1329.64 1329.986 1330.332 1330.666 1330.918 1331.171 1331.424 1331.677 1331.948 1332.231 1332.514 1332.797 1333.084 1333.43 1333.776 1334.121 1334.467 1334.729 1334.914 1335.099 1335.283 1335.468 1335.828 1336.189 1336.552 1336.914 1337.263 1337.598 1337.933 1338.268 1338.604 1338.968 1339.335 1339.703 1340.07 1340.442 1340.82 1341.198 1341.576 1341.955 1342.266 1342.564 1342.862 1343.16 1343.546 1344.134 1344.722 1345.31
