data/zism_data/00348_01_D.txt
ncols         224
nrows         224
[rows 140 to 167 of 224, columns 126 to 188 of 224]
1249.301 1249.31 1249.31 1249.31 1249.31 1249.304 1249.281 1249.258 1249.236 1249.213 1249.174 1249.128 1249.083 1249.037 1249.0 1249.0 1249.0 1249.0 1249.0 1249.0 1249.0 1249.0 1249.0 1249.0 1249.0 1249.0 1249.0 1249.0 1249.04 1249.108 1249.176 1249.245 1249.317 1249.469 1249.621 1249.773 1249.925 1250.0 1250.0 1250.0 1250.0 1250.0 1250.0 1250.0 1250.0 1250.0 1249.968 1249.895 1249.821 1249.748 1249.674 1249.535 1249.388 1249.241 1249.094 1249.0 1249.0 1249.0 1249.0 1249.0 1249.0 1249.0 1249.0
1249.444 1249.458 1249.458 1249.458 1249.458 1249.449 1249.415 1249.381 1249.348 1249.314 1249.256 1249.189 1249.122 1249.055 1249.0 1249.0 1249.0 1249.0 1249.0 1249.0 1249.0 1249.0 1249.0 1249.0 1249.0 1249.0 1249.0 1249.0 1249.058 1249.159 1249.26 1249.361 1249.463 1249.582 1249.702 1249.822 1249.941 1250.0 1250.0 1250.0 1250.0 1250.0 1250.0 1250.0 1250.0 1250.0 1249.968 1249.895 1249.821 1249.748 1249.674 1249.535 1249.388 1249.241 1249.094 1249.0 1249.0 1249.0 1249.0 1249.0 1249.0 1249.0 1249.0
1249.587 1249.605 1249.605 1249.605 1249.605 1249.594 1249.549 1249.505 1249.46 1249.416 1249.339 1249.25 1249.161 1249.072 1249.0 1249.0 1249.0 1249.0 1249.0 1249.0 1249.0 1249.0 1249.0 1249.0 1249.0 1249.0 1249.0 1249.0 1249.077 1249.211 1249.344 1249.478 1249.609 1249.696 1249.783 1249.87 1249.957 1250.0 1250.0 1250.0 1250.0 1250.0 1250.0 1250.0 1250.0 1250.0 1249.968 1249.895 1249.821 1249.748 1249.674 1249.535 1249.388 1249.241 1249.094 1249.0 1249.0 1249.0 1249.0 1249.0 1249.0 1249.0 1249.0
1249.692 1249.71 1249.71 1249.71 1249.71 1249.698 1249.656 1249.613 1249.571 1249.528 1249.441 1249.336 1249.232 1249.128 1249.041 1249.032 1249.022 1249.013 1249.003 1249.0 1249.0 1249.0 1249.0 1249.0 1249.0 1249.0 1249.0 1249.0 1249.091 1249.247 1249.404 1249.56 1249.713 1249.776 1249.84 1249.905 1249.969 1250.0 1250.0 1250.0 1250.0 1250.0 1250.0 1250.0 1250.0 1250.0 1249.968 1249.895 1249.821 1249.748 1249.674 1249.535 1249.388 1249.241 1249.094 1249.0 1249.0 1249.0 1249.0 1249.0 1249.0 1249.0 1249.0
1249.771 1249.783 1249.783 1249.783 1249.783 1249.775 1249.743 1249.711 1249.68 1249.648 1249.556 1249.441 1249.325 1249.21 1249.112 1249.086 1249.06 1249.035 1249.009 1249.0 1249.0 1249.0 1249.0 1249.0 1249.0 1249.0 1249.0 1249.0 1249.1 1249.273 1249.446 1249.618 1249.786 1249.833 1249.881 1249.929 1249.976 1250.0 1250.0 1250.0 1250.0 1250.0 1250.0 1250.0 1250.0 1250.0 1249.968 1249.895 1249.821 1249.748 1249.674 1249.535 1249.388 1249.241 1249.094 1249.0 1249.0 1249.0 1249.0 1249.0 1249.0 1249.0 1249.0
1249.849 1249.857 1249.857 1249.857 1249.857 1249.852 1249.831 1249.81 1249.789 1249.768 1249.671 1249.545 1249.419 1249.293 1249.183 1249.141 1249.099 1249.057 1249.015 1249.0 1249.0 1249.0 1249.0 1249.0 1249.0 1249.0 1249.0 1249.0 1249.109 1249.299 1249.488 1249.677 1249.859 1249.89 1249.922 1249.953 1249.984 1250.0 1250.0 1250.0 1250.0 1250.0 1250.0 1250.0 1250.0 1250.0 1249.968 1249.895 1249.821 1249.748 1249.674 1249.535 1249.388 1249.241 1249.094 1249.0 1249.0 1249.0 1249.0 1249.0 1249.0 1249.0 1249.0
1249.927 1249.931 1249.931 1249.931 1249.931 1249.928 1249.918 1249.908 1249.898 1249.888 1249.786 1249.649 1249.512 1249.375 1249.253 1249.195 1249.137 1249.078 1249.02 1249.0 1249.0 1249.0 1249.0 1249.0 1249.0 1249.0 1249.0 1249.0 1249.119 1249.324 1249.529 1249.735 1249.932 1249.947 1249.962 1249.977 1249.993 1250.0 1250.0 1250.0 1250.0 1250.0 1250.0 1250.0 1250.0 1250.0 1249.968 1249.895 1249.821 1249.748 1249.674 1249.535 1249.388 1249.241 1249.094 1249.0 1249.0 1249.0 1249.0 1249.0 1249.0 1249.0 1249.0
1250.0 1250.0 1250.0 1250.0 1250.0 1250.0 1250.0 1250.0 1250.0 1250.0 1249.895 1249.75 1249.605 1249.46 1249.329 1249.254 1249.18 1249.105 1249.031 1249.004 1249.003 1249.002 1249.001 1249.0 1249.0 1249.0 1249.0 1249.0 1249.128 1249.348 1249.569 1249.789 1250.0 1250.0 1250.0 1250.0 1250.0 1250.0 1250.0 1250.0 1250.0 1250.0 1250.0 1250.0 1250.0 1250.0 1249.968 1249.895 1249.821 1249.748 1249.674 1249.535 1249.388 1249.241 1249.094 1249.0 1249.0 1249.0 1249.0 1249.0 1249.0 1249.0 1249.0
1250.0 1250.0 1250.0 1250.0 1250.0 1250.0 1250.0 1250.0 1250.0 1250.0 1249.919 1249.806 1249.694 1249.582 1249.473 1249.383 1249.292 1249.201 1249.11 1249.067 1249.05 1249.033 1249.015 1249.0 1249.0 1249.0 1249.0 1249.0 1249.128 1249.348 1249.569 1249.789 1250.0 1250.0 1250.0 1250.0 1250.0 1250.0 1250.0 1250.0 1250.0 1250.0 1250.0 1250.0 1250.0 1250.0 1249.968 1249.895 1249.821 1249.748 1249.674 1249.535 1249.388 1249.241 1249.094 1249.0 1249.0 1249.0 1249.0 1249.0 1249.0 1249.0 1249.0
1250.0 1250.0 1250.0 1250.0 1250.0 1250.0 1250.0 1250.0 1250.0 1250.0 1249.942 1249.862 1249.783 1249.703 1249.618 1249.511 1249.404 1249.297 1249.19 1249.13 1249.097 1249.063 1249.03 1249.0 1249.0 1249.0 1249.0 1249.0 1249.128 1249.348 1249.569 1249.789 1250.0 1250.0 1250.0 1250.0 1250.0 1250.0 1250.0 1250.0 1250.0 1250.0 1250.0 1250.0 1250.0 1250.0 1249.968 1249.895 1249.821 1249.748 1249.674 1249.535 1249.388 1249.241 1249.094 1249.0 1249.0 1249.0 1249.0 1249.0 1249.0 1249.0 1249.0
1250.0 1250.0 1250.0 1250.0 1250.0 1250.0 1250.0 1250.0 1250.0 1250.0 1249.966 1249.918 1249.871 1249.824 1249.762 1249.639 1249.516 1249.392 1249.269 1249.194 1249.144 1249.094 1249.044 1249.0 1249.0 1249.0 1249.0 1249.0 1249.128 1249.348 1249.569 1249.789 1250.0 1250.0 1250.0 1250.0 1250.0 1250.0 1250.0 1250.0 1250.0 1250.0 1250.0 1250.0 1250.0 1250.0 1249.968 1249.895 1249.821 1249.748 1249.674 1249.535 1249.388 1249.241 1249.094 1249.0 1249.0 1249.0 1249.0 1249.0 1249.0 1249.0 1249.0
1250.0 1250.0 1250.0 1250.0 1250.0 1250.0 1250.0 1250.0 1250.0 1250.0 1249.989 1249.975 1249.96 1249.945 1249.907 1249.767 1249.628 1249.488 1249.348 1249.257 1249.191 1249.125 1249.058 1249.0 1249.0 1249.0 1249.0 1249.0 1249.128 1249.348 1249.569 1249.789 1250.0 1250.0 1250.0 1250.0 1250.0 1250.0 1250.0 1250.0 1250.0 1250.0 1250.0 1250.0 1250.0 1250.0 1249.968 1249.895 1249.821 1249.748 1249.674 1249.535 1249.388 1249.241 1249.094 1249.0 1249.0 1249.0 1249.0 1249.0 1249.0 1249.0 1249.0
1250.0 1250.0 1250.0 1250.0 1250.0 1250.0 1250.0 1250.0 1250.0 1250.0 1250.0 1250.0 1250.0 1250.0 1249.976 1249.846 1249.717 1249.588 1249.459 1249.372 1249.307 1249.243 1249.178 1249.121 1249.121 1249.121 1249.121 1249.121 1249.233 1249.427 1249.621 1249.815 1250.0 1250.0 1250.0 1250.0 1250.0 1250.0 1250.0 1250.0 1250.0 1250.0 1250.0 1250.0 1250.0 1250.0 1249.963 1249.878 1249.792 1249.707 1249.622 1249.492 1249.356 1249.221 1249.086 1249.0 1249.0 1249.0 1249.0 1249.0 1249.0 1249.0 1249.0
1250.0 1250.0 1250.0 1250.0 1250.0 1250.0 1250.0 1250.0 1250.0 1250.0 1250.0 1250.0 1250.0 1250.0 1249.982 1249.885 1249.788 1249.692 1249.595 1249.53 1249.482 1249.433 1249.385 1249.342 1249.342 1249.342 1249.342 1249.342 1249.426 1249.571 1249.716 1249.861 1250.0 1250.0 1250.0 1250.0 1250.0 1250.0 1250.0 1250.0 1250.0 1250.0 1250.0 1250.0 1250.0 1250.0 1249.953 1249.846 1249.739 1249.632 1249.525 1249.413 1249.299 1249.186 1249.072 1249.0 1249.0 1249.0 1249.0 1249.0 1249.0 1249.0 1249.0
1250.0 1250.0 1250.0 1250.0 1250.0 1250.0 1250.0 1250.0 1250.0 1250.0 1250.0 1250.0 1250.0 1250.0 1249.988 1249.924 1249.86 1249.796 1249.731 1249.688 1249.656 1249.624 1249.592 1249.564 1249.564 1249.564 1249.564 1249.564 1249.62 1249.716 1249.812 1249.908 1250.0 1250.0 1250.0 1250.0 1250.0 1250.0 1250.0 1250.0 1250.0 1250.0 1250.0 1250.0 1250.0 1250.0 1249.944 1249.815 1249.687 1249.558 1249.429 1249.334 1249.242 1249.15 1249.058 1249.0 1249.0 1249.0 1249.0 1249.0 1249.0 1249.0 1249.0
1250.0 1250.0 1250.0 1250.0 1250.0 1250.0 1250.0 1250.0 1250.0 1250.0 1250.0 1250.0 1250.0 1250.0 1249.994 1249.962 1249.931 1249.899 1249.868 1249.846 1249.831 1249.815 1249.799 1249.785 1249.785 1249.785 1249.785 1249.785 1249.813 1249.86 1249.907 1249.955 1250.0 1250.0 1250.0 1250.0 1250.0 1250.0 1250.0 1250.0 1250.0 1250.0 1250.0 1250.0 1250.0 1250.0 1249.935 1249.784 1249.634 1249.483 1249.333 1249.255 1249.185 1249.115 1249.045 1249.0 1249.0 1249.0 1249.0 1249.0 1249.0 1249.0 1249.0
1250.0 1250.0 1250.0 1250.0 1250.0 1250.0 1250.0 1250.0 1250.0 1250.0 1250.0 1250.0 1250.0 1250.0 1250.0 1250.0 1250.0 1250.0 1250.0 1250.0 1250.0 1250.0 1250.0 1250.0 1250.0 1250.0 1250.0 1250.0 1250.0 1250.0 1250.0 1250.0 1250.0 1250.0 1250.0 1250.0 1250.0 1250.0 1250.0 1250.0 1250.0 1250.0 1250.0 1250.0 1250.0 1250.0 1249.925 1249.754 1249.582 1249.41 1249.238 1249.177 1249.128 1249.08 1249.031 1249.0 1249.0 1249.0 1249.0 1249.0 1249.0 1249.0 1249.0
1250.0 1250.0 1250.0 1250.0 1250.0 1250.0 1250.0 1250.0 1250.0 1250.0 1250.0 1250.0 1250.0 1250.0 1250.0 1250.0 1250.0 1250.0 1250.0 1250.0 1250.0 1250.0 1250.0 1250.0 1250.0 1250.0 1250.0 1250.0 1250.0 1250.0 1250.0 1250.0 1250.0 1250.0 1250.0 1250.0 1250.0 1250.0 1250.0 1250.0 1250.0 1250.0 1250.0 1250.0 1250.0 1250.0 1249.921 1249.738 1249.555 1249.373 1249.19 1249.138 1249.1 1249.062 1249.024 1249.0 1249.0 1249.0 1249.0 1249.0 1249.0 1249.0 1249.0
1250.0 1250.0 1250.0 1250.0 1250.0 1250.0 1250.0 1250.0 1250.0 1250.0 1250.0 1250.0 1250.0 1250.0 1250.0 1250.0 1250.0 1250.0 1250.0 1250.0 1250.0 1250.0 1250.0 1250.0 1250.0 1250.0 1250.0 1250.0 1250.0 1250.0 1250.0 1250.0 1250.0 1250.0 1250.0 1250.0 1250.0 1250.0 1250.0 1250.0 1250.0 1250.0 1250.0 1250.0 1250.0 1250.0 1249.916 1249.722 1249.529 1249.335 1249.142 1249.098 1249.071 1249.044 1249.017 1249.0 1249.0 1249.0 1249.0 1249.0 1249.0 1249.0 1249.0
1250.0 1250.0 1250.0 1250.0 1250.0 1250.0 1250.0 1250.0 1250.0 1250.0 1250.0 1250.0 1250.0 1250.0 1250.0 1250.0 1250.0 1250.0 1250.0 1250.0 1250.0 1250.0 1250.0 1250.0 1250.0 1250.0 1250.0 1250.0 1250.0 1250.0 1250.0 1250.0 1250.0 1250.0 1250.0 1250.0 1250.0 1250.0 1250.0 1250.0 1250.0 1250.0 1250.0 1250.0 1250.0 1250.0 1249.911 1249.707 1249.503 1249.298 1249.094 1249.059 1249.043 1249.026 1249.01 1249.0 1249.0 1249.0 1249.0 1249.0 1249.0 1249.0 1249.0
1250.0 1250.0 1250.0 1250.0 1250.0 1250.0 1250.0 1250.0 1250.0 1250.0 1250.0 1250.0 1250.0 1250.0 1250.0 1250.0 1250.0 1250.0 1250.0 1250.0 1250.0 1250.0 1250.0 1250.0 1250.0 1250.0 1250.0 1250.0 1250.0 1250.0 1250.0 1250.0 1250.0 1250.0 1250.0 1250.0 1250.0 1250.0 1250.0 1250.0 1250.0 1250.0 1250.0 1250.0 1250.0 1250.0 1249.906 1249.691 1249.476 1249.261 1249.046 1249.019 1249.014 1249.009 1249.003 1249.0 1249.0 1249.0 1249.0 1249.0 1249.0 1249.0 1249.0
1250.0 1250.0 1250.0 1250.0 1250.0 1250.0 1250.0 1250.0 1250.0 1250.0 1250.0 1250.0 1250.0 1250.0 1250.0 1250.0 1250.0 1250.0 1250.0 1250.0 1250.0 1250.0 1250.0 1250.0 1250.0 1250.0 1250.0 1250.0 1250.0 1250.0 1250.0 1250.0 1250.0 1250.0 1250.0 1250.0 1250.0 1250.0 1250.0 1250.0 1250.0 1250.0 1250.0 1250.0 1250.0 1250.0 1249.915 1249.719 1249.524 1249.328 1249.133 1249.113 1249.113 1249.113 1249.113 1249.104 1249.079 1249.054 1249.029 1249.004 1249.0 1249.0 1249.0
1250.0 1250.0 1250.0 1250.0 1250.0 1250.0 1250.0 1250.0 1250.0 1250.0 1250.0 1250.0 1250.0 1250.0 1250.0 1250.0 1250.0 1250.0 1250.0 1250.0 1250.0 1250.0 1250.0 1250.0 1250.0 1250.0 1250.0 1250.0 1250.0 1250.0 1250.0 1250.0 1250.0 1250.0 1250.0 1250.0 1250.0 1250.0 1250.0 1250.0 1250.0 1250.0 1250.0 1250.0 1250.0 1250.0 1249.936 1249.789 1249.643 1249.496 1249.349 1249.334 1249.334 1249.334 1249.334 1249.308 1249.234 1249.16 1249.087 1249.013 1249.0 1249.0 1249.0
1250.0 1250.0 1250.0 1250.0 1250.0 1250.0 1250.0 1250.0 1250.0 1250.0 1250.0 1250.0 1250.0 1250.0 1250.0 1250.0 1250.0 1250.0 1250.0 1250.0 1250.0 1250.0 1250.0 1250.0 1250.0 1250.0 1250.0 1250.0 1250.0 1250.0 1250.0 1250.0 1250.0 1250.0 1250.0 1250.0 1250.0 1250.0 1250.0 1250.0 1250.0 1250.0 1250.0 1250.0 1250.0 1250.0 1249.957 1249.859 1249.762 1249.664 1249.566 1249.556 1249.556 1249.556 1249.556 1249.511 1249.389 1249.266 1249.144 1249.021 1249.0 1249.0 1249.0
1250.0 1250.0 1250.0 1250.0 1250.0 1250.0 1250.0 1250.0 1250.0 1250.0 1250.0 1250.0 1250.0 1250.0 1250.0 1250.0 1250.0 1250.0 1250.0 1250.0 1250.0 1250.0 1250.0 1250.0 1250.0 1250.0 1250.0 1250.0 1250.0 1250.0 1250.0 1250.0 1250.0 1250.0 1250.0 1250.0 1250.0 1250.0 1250.0 1250.0 1250.0 1250.0 1250.0 1250.0 1250.0 1250.0 1249.979 1249.929 1249.88 1249.831 1249.782 1249.777 1249.777 1249.777 1249.777 1249.715 1249.544 1249.372 1249.201 1249.03 1249.0 1249.0 1249.0
1250.0 1250.0 1250.0 1250.0 1250.0 1250.0 1250.0 1250.0 1250.0 1250.0 1250.0 1250.0 1250.0 1250.0 1250.0 1250.0 1250.0 1250.0 1250.0 1250.0 1250.0 1250.0 1250.0 1250.0 1250.0 1250.0 1250.0 1250.0 1250.0 1250.0 1250.0 1250.0 1250.0 1250.0 1250.0 1250.0 1250.0 1250.0 1250.0 1250.0 1250.0 1250.0 1250.0 1250.0 1250.0 1250.0 1250.0 1250.0 1249.999 1249.999 1249.998 1249.998 1249.998 1249.998 1249.998 1249.919 1249.699 1249.479 1249.258 1249.038 1249.0 1249.0 1249.0
1250.0 1250.0 1250.0 1250.0 1250.0 1250.0 1250.0 1250.0 1250.0 1250.0 1250.0 1250.0 1250.0 1250.0 1250.0 1250.0 1250.0 1250.0 1250.0 1250.0 1250.0 1250.0 1250.0 1250.0 1250.0 1250.0 1250.0 1250.0 1250.0 1250.0 1250.0 1250.0 1250.0 1250.0 1250.0 1250.0 1250.0 1250.0 1250.0 1250.0 1250.0 1250.0 1250.0 1250.0 1250.0 1250.0 1250.0 1250.0 1250.0 1250.0 1250.0 1250.0 1250.0 1250.0 1250.0 1249.938 1249.766 1249.594 1249.422 1249.25 1249.198 1249.171 1249.144
1250.0 1250.0 1250.0 1250.0 1250.0 1250.0 1250.0 1250.0 1250.0 1250.0 1250.0 1250.0 1250.0 1250.0 1250.0 1250.0 1250.0 1250.0 1250.0 1250.0 1250.0 1250.0 1250.0 1250.0 1250.0 1250.0 1250.0 1250.0 1250.0 1250.0 1250.0 1250.0 1250.0 1250.0 1250.0 1250.0 1250.0 1250.0 1250.0 1250.0 1250.0 1250.0 1250.0 1250.0 1250.0 1250.0 1250.0 1250.0 1250.0 1250.0 1250.0 1250.0 1250.0 1250.0 1250.0 1249.955 1249.832 1249.709 1249.586 1249.463 1249.396 1249.342 1249.288
