data/zism_data/00341_03_D.txt
ncols         224
nrows         224
[rows 112 to 139 of 224, columns 0 to 62 of 224]
1245.455 1245.89 1246.325 1246.76 1247.122 1247.293 1247.464 1247.635 1247.806 1248.583 1249.574 1250.565 1251.557 1252.635 1254.055 1255.475 1256.895 1258.315 1258.8 1258.818 1258.836 1258.854 1258.947 1259.542 1260.138 1260.733 1261.329 1261.716 1261.96 1262.205 1262.449 1262.678 1262.648 1262.618 1262.588 1262.558 1262.573 1262.628 1262.684 1262.739 1262.795 1263.767 1264.752 1265.737 1266.723 1267.846 1269.139 1270.431 1271.724 1273.017 1274.734 1276.492 1278.249 1280.007 1281.924 1284.106 1286.288 1288.47 1290.652 1293.51 1296.496 1299.481 1302.467
1244.996 1245.404 1245.812 1246.22 1246.592 1246.87 1247.149 1247.427 1247.705 1248.629 1249.781 1250.933 1252.085 1253.366 1255.156 1256.946 1258.736 1260.526 1261.188 1261.286 1261.385 1261.483 1261.642 1262.205 1262.769 1263.332 1263.895 1264.176 1264.266 1264.355 1264.444 1264.518 1264.354 1264.19 1264.026 1263.862 1263.771 1263.746 1263.721 1263.696 1263.671 1264.515 1265.372 1266.229 1267.085 1268.078 1269.236 1270.395 1271.554 1272.713 1274.394 1276.124 1277.855 1279.586 1281.523 1283.802 1286.08 1288.358 1290.637 1293.519 1296.515 1299.512 1302.508
1244.536 1244.918 1245.299 1245.68 1246.063 1246.448 1246.833 1247.219 1247.604 1248.675 1249.988 1251.3 1252.613 1254.098 1256.258 1258.417 1260.577 1262.737 1263.576 1263.755 1263.934 1264.112 1264.337 1264.868 1265.399 1265.93 1266.461 1266.637 1266.571 1266.505 1266.438 1266.358 1266.06 1265.762 1265.464 1265.166 1264.969 1264.864 1264.758 1264.653 1264.548 1265.264 1265.992 1266.72 1267.448 1268.309 1269.334 1270.359 1271.383 1272.408 1274.053 1275.757 1277.461 1279.165 1281.122 1283.497 1285.872 1288.246 1290.621 1293.528 1296.535 1299.542 1302.549
1245.285 1245.57 1245.855 1246.14 1246.458 1246.866 1247.273 1247.68 1248.088 1249.403 1251.04 1252.676 1254.312 1256.103 1258.501 1260.899 1263.297 1265.695 1266.634 1266.844 1267.054 1267.265 1267.499 1267.891 1268.285 1268.677 1269.071 1269.086 1268.843 1268.601 1268.358 1268.104 1267.665 1267.225 1266.785 1266.345 1266.013 1265.778 1265.543 1265.308 1265.074 1265.602 1266.142 1266.682 1267.222 1267.914 1268.792 1269.67 1270.547 1271.425 1273.021 1274.685 1276.35 1278.014 1280.005 1282.536 1285.066 1287.597 1290.128 1293.142 1296.248 1299.354 1302.459
1247.335 1247.448 1247.561 1247.674 1247.849 1248.187 1248.525 1248.862 1249.2 1250.866 1253.001 1255.136 1257.271 1259.478 1261.973 1264.467 1266.962 1269.456 1270.413 1270.602 1270.791 1270.979 1271.162 1271.303 1271.444 1271.585 1271.726 1271.521 1271.08 1270.64 1270.199 1269.749 1269.159 1268.57 1267.98 1267.39 1266.89 1266.473 1266.056 1265.639 1265.222 1265.5 1265.788 1266.076 1266.364 1266.845 1267.562 1268.279 1268.996 1269.713 1271.246 1272.856 1274.467 1276.078 1278.118 1280.869 1283.619 1286.37 1289.12 1292.332 1295.63 1298.929 1302.228
1249.384 1249.326 1249.267 1249.209 1249.241 1249.509 1249.776 1250.044 1250.312 1252.329 1254.962 1257.596 1260.229 1262.854 1265.445 1268.036 1270.626 1273.217 1274.193 1274.36 1274.527 1274.694 1274.825 1274.714 1274.603 1274.492 1274.382 1273.957 1273.318 1272.678 1272.039 1271.394 1270.654 1269.914 1269.174 1268.434 1267.768 1267.169 1266.569 1265.97 1265.371 1265.398 1265.434 1265.47 1265.506 1265.776 1266.332 1266.888 1267.444 1268.0 1269.47 1271.027 1272.584 1274.141 1276.231 1279.201 1282.172 1285.142 1288.113 1291.521 1295.013 1298.505 1301.996
1251.433 1251.203 1250.974 1250.744 1250.632 1250.83 1251.028 1251.227 1251.425 1253.792 1256.923 1260.055 1263.187 1266.229 1268.916 1271.604 1274.291 1276.979 1277.972 1278.117 1278.263 1278.409 1278.488 1278.126 1277.763 1277.4 1277.037 1276.392 1275.555 1274.717 1273.88 1273.039 1272.149 1271.259 1270.369 1269.479 1268.646 1267.864 1267.082 1266.301 1265.519 1265.295 1265.079 1264.864 1264.648 1264.706 1265.102 1265.497 1265.892 1266.288 1267.695 1269.198 1270.702 1272.205 1274.344 1277.534 1280.724 1283.915 1287.105 1290.711 1294.395 1298.08 1301.765
1253.483 1253.081 1252.68 1252.278 1252.023 1252.151 1252.28 1252.409 1252.537 1255.254 1258.885 1262.515 1266.146 1269.604 1272.388 1275.172 1277.956 1280.74 1281.751 1281.875 1281.999 1282.124 1282.152 1281.537 1280.922 1280.307 1279.693 1278.828 1277.792 1276.756 1275.72 1274.684 1273.644 1272.604 1271.563 1270.523 1269.523 1268.559 1267.595 1266.632 1265.668 1265.193 1264.725 1264.257 1263.789 1263.637 1263.872 1264.106 1264.341 1264.575 1265.919 1267.369 1268.819 1270.269 1272.457 1275.867 1279.277 1282.687 1286.097 1289.9 1293.778 1297.656 1301.533
1258.211 1257.741 1257.271 1256.8 1256.48 1256.553 1256.627 1256.701 1256.774 1259.531 1263.234 1266.938 1270.641 1274.109 1276.652 1279.195 1281.738 1284.281 1285.115 1285.096 1285.077 1285.057 1284.94 1284.166 1283.392 1282.618 1281.844 1280.823 1279.633 1278.443 1277.253 1276.062 1274.872 1273.682 1272.492 1271.302 1270.15 1269.033 1267.916 1266.8 1265.683 1264.986 1264.296 1263.605 1262.915 1262.542 1262.557 1262.572 1262.587 1262.602 1263.891 1265.302 1266.713 1268.124 1270.378 1274.028 1277.677 1281.326 1284.975 1288.888 1292.851 1296.814 1300.777
1263.197 1262.667 1262.138 1261.609 1261.231 1261.251 1261.271 1261.291 1261.311 1264.077 1267.813 1271.549 1275.284 1278.722 1280.992 1283.261 1285.531 1287.801 1288.44 1288.266 1288.091 1287.916 1287.643 1286.72 1285.796 1284.872 1283.948 1282.777 1281.436 1280.096 1278.756 1277.415 1276.075 1274.735 1273.395 1272.054 1270.752 1269.485 1268.219 1266.952 1265.685 1264.77 1263.859 1262.949 1262.039 1261.443 1261.233 1261.023 1260.813 1260.603 1261.839 1263.212 1264.585 1265.959 1268.281 1272.171 1276.062 1279.952 1283.843 1287.857 1291.895 1295.933 1299.972
1268.182 1267.594 1267.006 1266.418 1265.982 1265.949 1265.915 1265.881 1265.848 1268.624 1272.392 1276.16 1279.927 1283.336 1285.332 1287.328 1289.324 1291.32 1291.765 1291.435 1291.105 1290.775 1290.347 1289.273 1288.199 1287.125 1286.051 1284.73 1283.24 1281.749 1280.259 1278.768 1277.278 1275.788 1274.297 1272.807 1271.355 1269.938 1268.521 1267.104 1265.687 1264.553 1263.423 1262.293 1261.163 1260.345 1259.91 1259.475 1259.04 1258.604 1259.786 1261.122 1262.458 1263.794 1266.183 1270.315 1274.447 1278.578 1282.71 1286.826 1290.939 1295.052 1299.166
1273.168 1272.521 1271.874 1271.227 1270.734 1270.647 1270.559 1270.472 1270.385 1273.171 1276.971 1280.771 1284.571 1287.949 1289.672 1291.395 1293.117 1294.84 1295.09 1294.605 1294.119 1293.633 1293.051 1291.827 1290.603 1289.379 1288.155 1286.683 1285.043 1283.402 1281.762 1280.121 1278.481 1276.84 1275.2 1273.559 1271.957 1270.39 1268.823 1267.256 1265.689 1264.336 1262.987 1261.637 1260.287 1259.247 1258.587 1257.926 1257.266 1256.606 1257.734 1259.032 1260.33 1261.629 1264.085 1268.458 1272.831 1277.204 1281.577 1285.795 1289.983 1294.171 1298.359
1278.203 1277.558 1276.912 1276.267 1275.785 1275.732 1275.68 1275.627 1275.574 1278.246 1281.88 1285.513 1289.147 1292.311 1293.634 1294.956 1296.279 1297.601 1297.606 1296.952 1296.298 1295.644 1294.905 1293.599 1292.292 1290.986 1289.68 1288.139 1286.436 1284.734 1283.032 1281.327 1279.58 1277.834 1276.088 1274.341 1272.616 1270.91 1269.204 1267.498 1265.792 1264.214 1262.64 1261.064 1259.489 1258.244 1257.403 1256.561 1255.72 1254.878 1255.931 1257.164 1258.398 1259.631 1262.101 1266.618 1271.135 1275.651 1280.168 1284.415 1288.61 1292.805 1297.0
1283.332 1282.805 1282.277 1281.75 1281.409 1281.56 1281.712 1281.863 1282.014 1284.335 1287.421 1290.508 1293.595 1296.193 1296.872 1297.552 1298.231 1298.91 1298.572 1297.725 1296.878 1296.031 1295.13 1293.872 1292.614 1291.356 1290.098 1288.64 1287.045 1285.45 1283.855 1282.25 1280.482 1278.714 1276.946 1275.178 1273.381 1271.557 1269.733 1267.909 1266.085 1264.274 1262.463 1260.652 1258.841 1257.422 1256.485 1255.547 1254.609 1253.671 1254.608 1255.723 1256.838 1257.953 1260.334 1264.808 1269.282 1273.756 1278.23 1282.366 1286.438 1290.509 1294.581
1288.462 1288.052 1287.642 1287.233 1287.034 1287.389 1287.744 1288.098 1288.453 1290.423 1292.963 1295.503 1298.043 1300.075 1300.111 1300.147 1300.183 1300.219 1299.537 1298.497 1297.457 1296.417 1295.355 1294.145 1292.936 1291.726 1290.516 1289.141 1287.654 1286.166 1284.678 1283.172 1281.383 1279.594 1277.804 1276.015 1274.146 1272.204 1270.262 1268.32 1266.379 1264.333 1262.286 1260.24 1258.193 1256.601 1255.567 1254.532 1253.498 1252.463 1253.284 1254.281 1255.279 1256.276 1258.567 1262.998 1267.429 1271.86 1276.291 1280.317 1284.265 1288.214 1292.162
1293.591 1293.299 1293.008 1292.716 1292.659 1293.217 1293.776 1294.334 1294.893 1296.511 1298.505 1300.498 1302.491 1303.957 1303.349 1302.742 1302.135 1301.527 1300.503 1299.27 1298.037 1296.804 1295.58 1294.419 1293.257 1292.096 1290.935 1289.643 1288.262 1286.882 1285.501 1284.095 1282.284 1280.474 1278.663 1276.852 1274.911 1272.852 1270.792 1268.732 1266.672 1264.393 1262.11 1259.827 1257.545 1255.78 1254.649 1253.518 1252.387 1251.256 1251.961 1252.84 1253.719 1254.599 1256.8 1261.188 1265.577 1269.965 1274.353 1278.268 1282.093 1285.918 1289.744
1298.72 1298.546 1298.373 1298.199 1298.283 1299.045 1299.808 1300.57 1301.332 1302.6 1304.046 1305.493 1306.939 1307.838 1306.588 1305.337 1304.087 1302.836 1301.468 1300.042 1298.616 1297.19 1295.805 1294.692 1293.579 1292.466 1291.353 1290.144 1288.871 1287.597 1286.324 1285.018 1283.186 1281.354 1279.521 1277.689 1275.677 1273.499 1271.321 1269.143 1266.966 1264.452 1261.933 1259.415 1256.896 1254.958 1253.731 1252.503 1251.276 1250.048 1250.637 1251.399 1252.16 1252.922 1255.033 1259.379 1263.724 1268.069 1272.414 1276.219 1279.921 1283.623 1287.325
1303.4 1303.278 1303.156 1303.034 1303.143 1303.86 1304.577 1305.294 1306.011 1306.977 1308.03 1309.083 1310.136 1310.629 1308.922 1307.215 1305.507 1303.8 1302.199 1300.65 1299.102 1297.553 1296.077 1295.078 1294.08 1293.081 1292.083 1290.992 1289.838 1288.684 1287.53 1286.331 1284.399 1282.466 1280.534 1278.602 1276.456 1274.114 1271.773 1269.432 1267.09 1264.501 1261.909 1259.316 1256.724 1254.723 1253.449 1252.175 1250.901 1249.627 1250.183 1250.914 1251.645 1252.375 1254.4 1258.566 1262.731 1266.896 1271.062 1274.731 1278.305 1281.88 1285.454
1307.949 1307.859 1307.77 1307.68 1307.78 1308.379 1308.978 1309.577 1310.176 1310.853 1311.558 1312.262 1312.967 1313.101 1310.992 1308.882 1306.773 1304.664 1302.86 1301.21 1299.56 1297.91 1296.362 1295.497 1294.633 1293.768 1292.904 1291.94 1290.91 1289.879 1288.849 1287.759 1285.703 1283.647 1281.592 1279.536 1277.239 1274.721 1272.202 1269.684 1267.166 1264.548 1261.928 1259.309 1256.69 1254.66 1253.354 1252.048 1250.741 1249.435 1249.984 1250.709 1251.434 1252.16 1254.099 1258.044 1261.99 1265.935 1269.881 1273.407 1276.853 1280.299 1283.745
1312.498 1312.441 1312.383 1312.325 1312.416 1312.897 1313.378 1313.859 1314.341 1314.729 1315.086 1315.442 1315.798 1315.573 1313.061 1310.55 1308.039 1305.527 1303.522 1301.77 1300.018 1298.266 1296.647 1295.916 1295.186 1294.455 1293.725 1292.889 1291.982 1291.075 1290.167 1289.186 1287.007 1284.828 1282.649 1280.47 1278.022 1275.327 1272.632 1269.937 1267.241 1264.594 1261.948 1259.302 1256.656 1254.597 1253.259 1251.92 1250.582 1249.244 1249.784 1250.504 1251.224 1251.944 1253.797 1257.523 1261.249 1264.974 1268.7 1272.083 1275.4 1278.717 1282.035
1317.047 1317.022 1316.996 1316.971 1317.052 1317.415 1317.779 1318.142 1318.505 1318.606 1318.614 1318.621 1318.629 1318.044 1315.131 1312.217 1309.304 1306.391 1304.184 1302.33 1300.476 1298.622 1296.932 1296.335 1295.739 1295.142 1294.546 1293.838 1293.054 1292.27 1291.486 1290.614 1288.312 1286.009 1283.707 1281.405 1278.805 1275.933 1273.061 1270.189 1267.317 1264.641 1261.968 1259.295 1256.622 1254.534 1253.163 1251.793 1250.422 1249.052 1249.585 1250.3 1251.014 1251.729 1253.495 1257.001 1260.507 1264.013 1267.52 1270.759 1273.947 1277.136 1280.325
1321.624 1321.627 1321.63 1321.633 1321.706 1321.963 1322.219 1322.475 1322.732 1322.592 1322.313 1322.033 1321.754 1320.879 1317.663 1314.448 1311.232 1308.016 1305.644 1303.694 1301.743 1299.793 1298.026 1297.485 1296.944 1296.402 1295.861 1295.206 1294.474 1293.743 1293.011 1292.178 1289.716 1287.253 1284.79 1282.327 1279.522 1276.404 1273.286 1270.168 1267.051 1264.385 1261.725 1259.066 1256.407 1254.327 1252.957 1251.587 1250.217 1248.847 1249.378 1250.089 1250.801 1251.512 1253.206 1256.525 1259.844 1263.163 1266.483 1269.608 1272.696 1275.785 1278.873
1326.305 1326.325 1326.344 1326.364 1326.43 1326.622 1326.814 1327.006 1327.198 1327.006 1326.679 1326.351 1326.024 1325.127 1321.998 1318.868 1315.738 1312.608 1310.214 1308.189 1306.163 1304.138 1302.273 1301.48 1300.687 1299.893 1299.1 1298.209 1297.252 1296.295 1295.338 1294.276 1291.508 1288.74 1285.971 1283.203 1279.983 1276.351 1272.718 1269.086 1265.453 1262.949 1260.461 1257.973 1255.485 1253.558 1252.317 1251.075 1249.834 1248.593 1249.139 1249.856 1250.573 1251.29 1252.965 1256.225 1259.485 1262.745 1266.006 1269.13 1272.23 1275.329 1278.428
1330.987 1331.023 1331.058 1331.094 1331.154 1331.282 1331.41 1331.537 1331.665 1331.421 1331.045 1330.669 1330.293 1329.376 1326.332 1323.288 1320.243 1317.199 1314.784 1312.684 1310.583 1308.483 1306.52 1305.475 1304.43 1303.384 1302.339 1301.212 1300.03 1298.848 1297.666 1296.374 1293.3 1290.226 1287.152 1284.078 1280.444 1276.297 1272.15 1268.003 1263.856 1261.513 1259.197 1256.88 1254.564 1252.789 1251.676 1250.564 1249.451 1248.339 1248.901 1249.623 1250.345 1251.068 1252.724 1255.925 1259.126 1262.328 1265.529 1268.653 1271.763 1274.873 1277.983
1335.669 1335.721 1335.772 1335.824 1335.878 1335.942 1336.005 1336.068 1336.132 1335.835 1335.411 1334.987 1334.563 1333.624 1330.666 1327.708 1324.749 1321.791 1319.354 1317.179 1315.003 1312.828 1310.767 1309.47 1308.172 1306.875 1305.578 1304.215 1302.808 1301.401 1299.994 1298.472 1295.093 1291.713 1288.333 1284.954 1280.905 1276.244 1271.582 1266.92 1262.258 1260.077 1257.932 1255.788 1253.643 1252.02 1251.036 1250.052 1249.068 1248.084 1248.663 1249.39 1250.118 1250.845 1252.483 1255.625 1258.767 1261.91 1265.052 1268.176 1271.296 1274.417 1277.538
1340.351 1340.418 1340.486 1340.554 1340.602 1340.601 1340.6 1340.599 1340.598 1340.249 1339.777 1339.304 1338.832 1337.873 1335.0 1332.128 1329.255 1326.382 1323.924 1321.674 1319.423 1317.173 1315.014 1313.465 1311.915 1310.366 1308.817 1307.218 1305.586 1303.954 1302.321 1300.57 1296.885 1293.2 1289.515 1285.83 1281.366 1276.19 1271.014 1265.837 1260.661 1258.641 1256.668 1254.695 1252.722 1251.251 1250.396 1249.54 1248.685 1247.83 1248.425 1249.157 1249.89 1250.623 1252.242 1255.325 1258.408 1261.492 1264.575 1267.698 1270.83 1273.961 1277.093
1345.87 1346.015 1346.16 1346.305 1346.407 1346.396 1346.385 1346.374 1346.363 1345.868 1345.201 1344.534 1343.867 1342.818 1340.27 1337.721 1335.172 1332.624 1330.276 1328.029 1325.782 1323.534 1321.323 1319.348 1317.373 1315.398 1313.424 1311.217 1308.852 1306.488 1304.123 1301.649 1297.4 1293.15 1288.901 1284.652 1279.698 1274.099 1268.5 1262.901 1257.302 1255.509 1253.772 1252.035 1250.298 1249.042 1248.377 1247.712 1247.046 1246.381 1247.097 1247.944 1248.791 1249.638 1251.337 1254.443 1257.549 1260.655 1263.761 1267.006 1270.277 1273.548 1276.82
1351.87 1352.128 1352.385 1352.643 1352.832 1352.843 1352.854 1352.864 1352.875 1352.178 1351.233 1350.287 1349.342 1348.164 1346.077 1343.989 1341.901 1339.814 1337.652 1335.453 1333.254 1331.055 1328.817 1326.317 1323.816 1321.316 1318.816 1315.788 1312.4 1309.011 1305.622 1302.143 1297.18 1292.218 1287.256 1282.293 1276.806 1270.837 1264.868 1258.899 1252.93 1251.401 1249.938 1248.474 1247.01 1246.007 1245.567 1245.126 1244.686 1244.246 1245.143 1246.167 1247.191 1248.215 1250.05 1253.225 1256.401 1259.577 1262.753 1266.189 1269.675 1273.161 1276.646
