data/zism_data/00346_03_D.txt
ncols         224
nrows         224
[rows 56 to 83 of 224, columns 63 to 125 of 224]
958.7678 951.5289 944.29 937.0511 929.8121 933.6408 940.8105 947.98 955.1497 964.3302 980.1716 996.0131 1011.854 1027.696 1035.94 1040.861 1045.782 1050.703 1053.452 1044.752 1036.052 1027.352 1018.652 1008.481 997.4205 986.36 975.2994 964.3421 954.4684 944.5947 934.721 924.8473 917.8107 913.0885 908.3663 903.6441 898.9879 898.8168 898.6456 898.4745 898.3033 902.3084 910.8694 919.4304 927.9914 936.5524 952.9749 969.8811 986.7874 1003.694 1020.07 1035.67 1051.27 1066.87 1082.47 1095.476 1108.093 1120.71 1133.328 1144.583 1153.115 1161.648 1170.18
953.808 945.7914 937.7748 929.7583 921.7417 925.3994 932.5813 939.7631 946.9449 956.2365 972.5163 988.7961 1005.076 1021.356 1029.175 1033.294 1037.412 1041.53 1043.437 1033.688 1023.938 1014.189 1004.439 994.1578 983.5546 972.9514 962.3481 951.8936 942.9992 934.1048 925.2104 916.3161 910.5115 907.2275 903.9435 900.6595 897.4249 897.553 897.6812 897.8093 897.9374 902.1522 910.8254 919.4985 928.1717 936.8448 953.6134 970.8802 988.1469 1005.414 1022.24 1038.42 1054.6 1070.78 1086.96 1100.602 1113.864 1127.126 1140.387 1152.048 1160.507 1168.965 1177.424
950.7964 942.5423 934.2881 926.034 917.7798 920.8723 927.3901 933.9077 940.4255 948.9389 964.0632 979.1876 994.3119 1009.436 1016.393 1019.777 1023.161 1026.545 1027.83 1018.048 1008.266 998.4838 988.7021 978.9972 969.3389 959.6807 950.0224 940.5685 933.2617 925.9548 918.6479 911.3411 906.6779 904.1714 901.6649 899.1584 896.6929 897.0154 897.338 897.6605 897.983 902.3328 911.0761 919.8195 928.5627 937.3061 954.0381 971.2617 988.4852 1005.709 1022.702 1039.357 1056.012 1072.667 1089.323 1103.332 1116.945 1130.558 1144.17 1155.88 1163.782 1171.685 1179.587
947.7849 939.2932 930.8015 922.3098 913.818 916.3453 922.1989 928.0524 933.906 941.6414 955.6102 969.579 983.5478 997.5166 1003.611 1006.261 1008.91 1011.56 1012.222 1002.408 992.5933 982.779 972.9648 963.8367 955.1233 946.41 937.6966 929.2436 923.5242 917.8048 912.0854 906.366 902.8443 901.1153 899.3864 897.6573 895.9609 896.4778 896.9947 897.5116 898.0285 902.5133 911.3268 920.1403 928.9539 937.7674 954.4628 971.6431 988.8235 1006.004 1023.164 1040.295 1057.425 1074.555 1091.686 1106.063 1120.026 1133.99 1147.953 1159.711 1167.058 1174.404 1181.75
944.7734 936.0441 927.3148 918.5854 909.8561 911.8182 917.0077 922.1971 927.3865 934.3438 947.1571 959.9704 972.7837 985.597 990.8289 992.7441 994.6592 996.5743 996.6143 986.7676 976.9209 967.0742 957.2277 948.6761 940.9077 933.1392 925.3708 917.9186 913.7867 909.6548 905.5229 901.3911 899.0107 898.0592 897.1078 896.1563 895.2289 895.9402 896.6515 897.3627 898.074 902.6938 911.5775 920.4612 929.345 938.2287 954.8874 972.0246 989.1617 1006.299 1023.626 1041.232 1058.837 1076.443 1094.049 1108.793 1123.107 1137.422 1151.736 1163.543 1170.333 1177.123 1183.913
941.7618 932.795 923.8281 914.8612 905.8943 907.2911 911.8165 916.3417 920.8671 927.0463 938.704 950.3618 962.0196 973.6774 978.0468 979.2275 980.4083 981.5891 981.0067 971.1276 961.2485 951.3694 941.4905 933.5156 926.692 919.8685 913.045 906.5936 904.0492 901.5048 898.9604 896.416 895.1771 895.0032 894.8292 894.6553 894.4969 895.4026 896.3082 897.2139 898.1196 902.8743 911.8282 920.7822 929.7361 938.6899 955.3121 972.4061 989.5001 1006.594 1024.089 1042.169 1060.25 1078.331 1096.411 1111.523 1126.188 1140.854 1155.519 1167.374 1173.609 1179.843 1186.077
939.3693 930.2952 921.2211 912.147 903.0729 903.7508 907.3726 910.9942 914.616 919.7437 929.8601 939.9765 950.0929 960.2093 963.8228 964.5911 965.3595 966.1279 965.3077 956.1119 946.9162 937.7204 928.5248 921.4858 915.7509 910.0161 904.2812 898.9227 897.5161 896.1096 894.7031 893.2965 892.8519 893.1921 893.5322 893.8724 894.2279 895.6259 897.024 898.4221 899.8201 904.943 914.1294 923.3158 932.5022 941.6886 958.0153 974.7814 991.5475 1008.314 1025.597 1043.636 1061.676 1079.716 1097.755 1112.801 1127.397 1141.993 1156.589 1168.136 1173.586 1179.035 1184.484
937.614 928.5668 919.5197 910.4727 901.4255 901.2263 903.6979 906.1694 908.6411 912.4359 920.6138 928.7916 936.9695 945.1473 948.1144 948.8018 949.4892 950.1766 949.5148 941.7391 933.9634 926.1877 918.4122 912.679 908.1807 903.6823 899.184 895.0132 894.2817 893.5501 892.8185 892.087 892.0795 892.6626 893.2457 893.8289 894.4354 896.6326 898.8298 901.027 903.2242 908.9551 918.5411 928.1271 937.7131 947.2991 963.064 979.2091 995.3542 1011.499 1028.181 1045.649 1063.116 1080.583 1098.051 1112.585 1126.679 1140.773 1154.867 1165.739 1170.167 1174.596 1179.024
935.8586 926.8384 917.8184 908.7983 899.7781 898.7017 900.0232 901.3447 902.6662 905.1281 911.3674 917.6067 923.8461 930.0854 932.4061 933.0125 933.6189 934.2253 933.7218 927.3662 921.0107 914.6551 908.2996 903.8721 900.6104 897.3486 894.0869 891.1038 891.0472 890.9906 890.934 890.8774 891.307 892.1331 892.9592 893.7853 894.6429 897.6393 900.6356 903.632 906.6284 912.9673 922.9529 932.9385 942.924 952.9096 968.1127 983.6368 999.161 1014.685 1030.766 1047.661 1064.556 1081.451 1098.346 1112.368 1125.96 1139.552 1153.144 1163.341 1166.749 1170.157 1173.565
934.1032 925.1101 916.117 907.1239 898.1308 896.1771 896.3485 896.52 896.6913 897.8203 902.121 906.4218 910.7226 915.0234 916.6978 917.2232 917.7486 918.274 917.9288 912.9933 908.0579 903.1224 898.1871 895.0652 893.04 891.0149 888.9897 887.1944 887.8127 888.4312 889.0495 889.6679 890.5345 891.6036 892.6727 893.7418 894.8505 898.6459 902.4415 906.237 910.0325 916.9796 927.3647 937.7498 948.1349 958.5201 973.1614 988.0646 1002.968 1017.871 1033.35 1049.673 1065.995 1082.318 1098.641 1112.152 1125.242 1138.331 1151.421 1160.943 1163.331 1165.718 1168.106
932.3478 923.3818 914.4156 905.4495 896.4834 893.6526 892.674 891.6953 890.7166 890.5126 892.8748 895.2371 897.5994 899.9617 900.9898 901.4342 901.8786 902.323 902.1361 898.6207 895.1053 891.59 888.0746 886.2585 885.4699 884.6813 883.8926 883.285 884.5784 885.8717 887.165 888.4584 889.7621 891.0742 892.3862 893.6983 895.058 899.6526 904.2473 908.8419 913.4366 920.9917 931.7764 942.5611 953.3458 964.1305 978.21 992.4923 1006.775 1021.057 1035.935 1051.685 1067.435 1083.186 1098.936 1111.936 1124.523 1137.111 1149.698 1158.546 1159.913 1161.28 1162.647
926.6245 917.3496 908.0748 898.7999 889.5251 885.6083 883.3091 881.0099 878.7106 877.3901 879.3116 881.2333 883.1548 885.0765 886.6291 888.0203 889.4116 890.8028 891.6078 889.3214 887.035 884.7486 882.4623 881.6481 881.7242 881.8002 881.8763 882.1155 884.0684 886.0212 887.974 889.9268 891.9422 894.0085 896.075 898.1413 900.2609 905.9955 911.7302 917.465 923.1997 931.4839 942.5494 953.6149 964.6804 975.7458 989.3151 1003.038 1016.762 1030.485 1044.287 1058.205 1072.122 1086.04 1099.958 1111.087 1121.799 1132.51 1143.222 1150.328 1150.225 1150.122 1150.02
920.7207 911.1218 901.5229 891.9241 882.3253 877.3131 873.6855 870.058 866.4305 864.0032 865.5522 867.1013 868.6503 870.1993 872.3297 874.7145 877.0993 879.4841 881.3187 880.2527 879.1866 878.1205 877.0545 877.2285 878.1523 879.0762 879.9999 881.0706 883.6822 886.2938 888.9054 891.517 894.2565 897.1005 899.9444 902.7883 905.6909 912.5811 919.4713 926.3616 933.2519 942.2708 953.6116 964.9525 976.2933 987.6342 1000.695 1013.863 1027.03 1040.197 1052.902 1064.929 1076.957 1088.985 1101.013 1110.21 1118.983 1127.756 1136.529 1141.846 1140.253 1138.66 1137.067
914.8169 904.894 894.9712 885.0483 875.1255 869.0179 864.062 859.1062 854.1503 850.6164 851.7928 852.9692 854.1456 855.3221 858.0303 861.4086 864.787 868.1654 871.0297 871.184 871.3383 871.4925 871.6467 872.8089 874.5805 876.3521 878.1237 880.0256 883.296 886.5664 889.8368 893.1072 896.5709 900.1923 903.8138 907.4352 911.1208 919.1666 927.2124 935.2582 943.3041 953.0576 964.6738 976.29 987.9063 999.5226 1012.076 1024.687 1037.298 1049.909 1061.516 1071.654 1081.792 1091.93 1102.067 1109.333 1116.167 1123.001 1129.836 1133.364 1130.281 1127.197 1124.114
908.9131 898.6663 888.4194 878.1725 867.9257 860.7227 854.4385 848.1544 841.8702 837.2296 838.0334 838.8372 839.6411 840.4449 843.7308 848.1028 852.4747 856.8467 860.7407 862.1153 863.4899 864.8644 866.239 868.3893 871.0087 873.628 876.2474 878.9807 882.9098 886.839 890.7682 894.6973 898.8853 903.2842 907.6832 912.0822 916.5508 925.7521 934.9535 944.1549 953.3563 963.8444 975.736 987.6277 999.5193 1011.411 1023.456 1035.511 1047.566 1059.621 1070.131 1078.379 1086.626 1094.874 1103.122 1108.455 1113.351 1118.247 1123.143 1124.882 1120.308 1115.734 1111.161
903.23 892.4708 881.7116 870.9524 860.1932 852.4559 845.6309 838.806 831.981 826.8781 827.4795 828.0809 828.6824 829.2838 833.0115 838.1069 843.2023 848.2978 852.996 855.6 858.2039 860.8079 863.4117 866.5295 869.9581 873.3867 876.8152 880.3586 885.1077 889.8568 894.6058 899.3549 904.2919 909.3821 914.4724 919.5627 924.7224 934.5958 944.4693 954.3429 964.2164 975.087 987.0453 999.0035 1010.962 1022.92 1034.137 1045.309 1056.481 1067.653 1076.912 1083.37 1089.828 1096.286 1102.744 1106.191 1109.187 1112.183 1115.179 1115.164 1109.13 1103.095 1097.061
897.8514 886.3201 874.7887 863.2573 851.726 844.2286 837.9489 831.6694 825.3897 820.7132 821.347 821.9808 822.6147 823.2485 827.2302 832.6766 838.123 843.5695 848.7607 852.6065 856.4523 860.2982 864.1439 868.2007 872.3853 876.5698 880.7543 885.0785 890.8697 896.6609 902.4521 908.2433 913.9637 919.6263 925.2889 930.9516 936.6754 946.5541 956.4331 966.312 976.191 986.9585 998.6954 1010.432 1022.169 1033.906 1043.854 1053.692 1063.531 1073.369 1081.165 1085.97 1090.776 1095.582 1100.387 1102.013 1103.163 1104.312 1105.461 1103.742 1096.288 1088.833 1081.379
892.4728 880.1693 867.8658 855.5623 843.2588 836.0012 830.2669 824.5327 818.7985 814.5483 815.2145 815.8808 816.547 817.2133 821.449 827.2463 833.0437 838.8411 844.5253 849.613 854.7007 859.7885 864.876 869.872 874.8124 879.7529 884.6933 889.7983 896.6317 903.465 910.2983 917.1317 923.6355 929.8705 936.1055 942.3405 948.6284 958.5125 968.3969 978.2812 988.1655 998.83 1010.345 1021.861 1033.376 1044.892 1053.571 1062.076 1070.58 1079.085 1085.418 1088.571 1091.724 1094.878 1098.031 1097.836 1097.138 1096.441 1095.743 1092.32 1083.446 1074.571 1065.696
887.0942 874.0186 860.9429 847.8672 834.7916 827.7739 822.585 817.3961 812.2072 808.3834 809.0821 809.7807 810.4794 811.178 815.6677 821.816 827.9644 834.1127 840.29 846.6196 852.9492 859.2787 865.6082 871.5432 877.2396 882.936 888.6324 894.5182 902.3937 910.2692 918.1447 926.0201 933.3073 940.1146 946.922 953.7293 960.5813 970.4709 980.3606 990.2503 1000.14 1010.701 1021.996 1033.29 1044.584 1055.878 1063.288 1070.459 1077.629 1084.8 1089.67 1091.171 1092.672 1094.173 1095.675 1093.658 1091.114 1088.57 1086.026 1080.898 1070.604 1060.309 1050.014
881.7156 867.8678 854.02 840.1722 826.3243 819.5465 814.903 810.2595 805.6159 802.2186 802.9496 803.6807 804.4117 805.1427 809.8865 816.3857 822.8851 829.3844 836.0546 843.6261 851.1976 858.769 866.3404 873.2144 879.6667 886.1191 892.5715 899.2382 908.1558 917.0734 925.991 934.9085 942.9791 950.3588 957.7385 965.1182 972.5343 982.4293 992.3243 1002.219 1012.115 1022.573 1033.646 1044.718 1055.791 1066.864 1073.004 1078.842 1084.679 1090.516 1093.923 1093.772 1093.621 1093.469 1093.318 1089.48 1085.09 1080.699 1076.308 1069.476 1057.761 1046.047 1034.332
871.6777 859.0388 846.3999 833.761 821.1221 815.3259 811.5953 807.8647 804.134 801.575 802.8969 804.2189 805.5408 806.8628 812.3427 819.6418 826.9408 834.2398 841.6555 849.686 857.7165 865.7469 873.7773 881.2181 888.3023 895.3865 902.4707 909.7397 918.9501 928.1603 937.3706 946.5809 954.8642 962.3914 969.9186 977.4457 985.0045 994.7043 1004.404 1014.104 1023.804 1033.619 1043.558 1053.498 1063.438 1073.377 1078.115 1082.532 1086.95 1091.367 1093.119 1090.967 1088.815 1086.663 1084.511 1079.126 1073.256 1067.386 1061.516 1053.546 1041.376 1029.205 1017.034
861.0287 849.8586 838.6884 827.5183 816.3481 811.6307 808.8612 806.0917 803.3223 801.6555 803.6416 805.6277 807.6138 809.6 815.8793 824.0369 832.1945 840.3521 848.5462 856.9331 865.32 873.7068 882.0936 890.0523 897.7521 905.4518 913.1516 920.9996 930.4043 939.809 949.2136 958.6183 967.0396 974.6585 982.2775 989.8965 997.5424 1007.021 1016.5 1025.978 1035.457 1044.557 1053.244 1061.93 1070.617 1079.304 1082.621 1085.608 1088.594 1091.581 1091.652 1087.453 1083.255 1079.056 1074.858 1067.962 1060.661 1053.36 1046.059 1037.025 1024.525 1012.025 999.5252
850.3798 840.6783 830.977 821.2756 811.5742 807.9355 806.1272 804.3188 802.5104 801.736 804.3862 807.0366 809.6868 812.3372 819.4159 828.432 837.4482 846.4644 855.437 864.1802 872.9235 881.6667 890.4099 898.8865 907.2018 915.5172 923.8325 932.2595 941.8585 951.4576 961.0567 970.6558 979.2149 986.9257 994.6364 1002.347 1010.08 1019.337 1028.595 1037.852 1047.109 1055.495 1062.928 1070.363 1077.797 1085.231 1087.127 1088.683 1090.239 1091.795 1090.185 1083.94 1077.695 1071.45 1065.204 1056.797 1048.065 1039.333 1030.602 1020.504 1007.675 994.8453 982.0159
839.7308 831.4982 823.2655 815.0328 806.8002 804.2404 803.3932 802.5459 801.6987 801.8165 805.1309 808.4454 811.7598 815.0743 822.9525 832.8271 842.7019 852.5766 862.3278 871.4274 880.527 889.6266 898.7261 907.7206 916.6516 925.5825 934.5134 943.5193 953.3128 963.1063 972.8997 982.6932 991.3902 999.1928 1006.995 1014.798 1022.618 1031.654 1040.69 1049.726 1058.762 1066.432 1072.614 1078.795 1084.976 1091.157 1091.633 1091.758 1091.883 1092.008 1088.718 1080.426 1072.134 1063.843 1055.551 1045.632 1035.47 1025.307 1015.144 1003.983 990.8241 977.6654 964.5067
831.0537 824.1339 817.2141 810.2943 803.3744 801.6741 801.5494 801.4248 801.3002 802.1871 806.4249 810.6627 814.9005 819.1383 827.8046 838.4082 849.0119 859.6156 870.0172 879.3529 888.6887 898.0245 907.3602 916.6599 925.9378 935.2158 944.4937 953.8155 963.5986 973.3818 983.1649 992.9481 1001.664 1009.51 1017.355 1025.201 1033.06 1041.823 1050.587 1059.351 1068.114 1075.067 1080.045 1085.022 1089.999 1094.977 1094.083 1092.828 1091.572 1090.317 1085.507 1075.492 1065.477 1055.462 1045.447 1034.237 1022.848 1011.459 1000.07 988.0536 974.7816 961.5095 948.2374
826.0735 820.1743 814.275 808.3757 802.4764 801.2243 801.375 801.5258 801.6765 803.1017 808.7488 814.396 820.0432 825.6903 835.1235 846.2132 857.3029 868.3925 879.2043 888.5509 897.8975 907.2441 916.5905 925.7967 934.918 944.0394 953.1607 962.3053 971.6942 981.0832 990.4722 999.8611 1008.373 1016.17 1023.967 1031.764 1039.57 1047.966 1056.363 1064.759 1073.156 1079.385 1083.25 1087.115 1090.98 1094.845 1092.676 1090.136 1087.595 1085.055 1079.028 1067.895 1056.762 1045.63 1034.497 1022.409 1010.177 997.9461 985.7147 973.2337 960.2532 947.2726 934.2922
821.0934 816.2147 811.3359 806.4572 801.5785 800.7745 801.2006 801.6266 802.0527 804.0163 811.0728 818.1293 825.1858 832.2423 842.4426 854.0182 865.5938 877.1694 888.3914 897.7488 907.1062 916.4636 925.8209 934.9335 943.8983 952.863 961.8277 970.795 979.7899 988.7846 997.7794 1006.774 1015.082 1022.831 1030.579 1038.328 1046.08 1054.109 1062.139 1070.168 1078.197 1083.703 1086.456 1089.208 1091.961 1094.714 1091.27 1087.444 1083.619 1079.793 1072.549 1060.298 1048.048 1035.797 1023.547 1010.58 997.5066 984.4329 971.3591 958.4137 945.7248 933.0359 920.3469
816.1132 812.2551 808.3969 804.5387 800.6805 800.3247 801.0262 801.7276 802.4291 804.9309 813.3967 821.8626 830.3284 838.7943 849.7615 861.8231 873.8848 885.9464 897.5786 906.9468 916.3149 925.6832 935.0511 944.0704 952.8785 961.6866 970.4948 979.2849 987.8854 996.486 1005.087 1013.687 1021.792 1029.491 1037.191 1044.891 1052.59 1060.252 1067.914 1075.577 1083.239 1088.021 1089.661 1091.302 1092.942 1094.582 1089.863 1084.752 1079.642 1074.531 1066.07 1052.701 1039.333 1025.965 1012.596 998.7518 984.8358 970.9197 957.0036 943.5938 931.1964 918.7991 906.4017
