data/zism_data/00342_01_D.txt
ncols         224
nrows         224
[rows 0 to 27 of 224, columns 63 to 125 of 224]
4919.995 4917.467 4914.939 4912.412 4909.42 4905.207 4900.994 4896.781 4892.568 4887.945 4883.167 4878.388 4873.608 4869.072 4865.689 4862.306 4858.923 4855.54 4850.416 4844.239 4838.062 4831.885 4825.769 4820.432 4815.095 4809.757 4804.42 4799.448 4794.81 4790.172 4785.534 4780.896 4775.778 4770.647 4765.516 4760.385 4754.912 4748.969 4743.025 4737.082 4731.138 4725.888 4720.741 4715.594 4710.447 4706.455 4704.929 4703.404 4701.879 4700.354 4700.0 4700.0 4700.0 4700.0 4700.0 4700.0 4700.0 4700.0 4700.0 4700.0 4700.0 4700.0 4700.0
4919.022 4917.09 4915.158 4913.226 4910.825 4907.191 4903.558 4899.925 4896.292 4892.073 4887.632 4883.191 4878.75 4874.591 4871.771 4868.952 4866.132 4863.313 4858.411 4852.25 4846.089 4839.928 4833.773 4827.695 4821.618 4815.541 4809.463 4803.938 4798.918 4793.899 4788.88 4783.861 4778.545 4773.221 4767.896 4762.572 4756.938 4750.876 4744.815 4738.753 4732.692 4727.276 4721.958 4716.639 4711.32 4707.158 4705.467 4703.775 4702.084 4700.392 4700.0 4700.0 4700.0 4700.0 4700.0 4700.0 4700.0 4700.0 4700.0 4700.0 4700.0 4700.0 4700.0
4918.049 4916.712 4915.376 4914.039 4912.229 4909.176 4906.122 4903.068 4900.014 4896.2 4892.097 4887.994 4883.891 4880.109 4877.853 4875.597 4873.341 4871.084 4866.405 4860.26 4854.115 4847.97 4841.777 4834.959 4828.141 4821.323 4814.505 4808.427 4803.027 4797.626 4792.227 4786.826 4781.312 4775.794 4770.277 4764.759 4758.964 4752.784 4746.604 4740.425 4734.246 4728.666 4723.175 4717.685 4712.194 4707.862 4706.004 4704.146 4702.289 4700.431 4700.0 4700.0 4700.0 4700.0 4700.0 4700.0 4700.0 4700.0 4700.0 4700.0 4700.0 4700.0 4700.0
4917.076 4916.335 4915.594 4914.853 4913.635 4911.16 4908.686 4906.211 4903.737 4900.327 4896.563 4892.797 4889.033 4885.628 4883.935 4882.242 4880.55 4878.857 4874.399 4868.271 4862.142 4856.013 4849.781 4842.223 4834.664 4827.106 4819.547 4812.917 4807.135 4801.354 4795.573 4789.792 4784.079 4778.368 4772.658 4766.947 4760.99 4754.692 4748.395 4742.097 4735.799 4730.054 4724.392 4718.73 4713.068 4708.566 4706.542 4704.518 4702.494 4700.469 4700.0 4700.0 4700.0 4700.0 4700.0 4700.0 4700.0 4700.0 4700.0 4700.0 4700.0 4700.0 4700.0
4919.666 4919.901 4920.136 4920.372 4920.041 4918.22 4916.398 4914.578 4912.757 4909.523 4905.752 4901.982 4898.211 4894.746 4892.728 4890.71 4888.692 4886.674 4882.052 4875.854 4869.657 4863.46 4857.127 4849.056 4840.984 4832.913 4824.841 4817.49 4810.799 4804.109 4797.418 4790.727 4784.862 4779.022 4773.181 4767.341 4761.321 4755.053 4748.786 4742.518 4736.25 4730.499 4724.823 4719.148 4713.473 4708.935 4706.823 4704.712 4702.601 4700.49 4700.0 4700.0 4700.0 4700.0 4700.0 4700.0 4700.0 4700.0 4700.0 4700.0 4700.0 4700.0 4700.0
4922.308 4923.525 4924.742 4925.959 4926.52 4925.354 4924.187 4923.021 4921.854 4918.793 4915.012 4911.23 4907.449 4903.916 4901.56 4899.204 4896.848 4894.492 4889.699 4883.432 4877.165 4870.898 4864.463 4855.882 4847.301 4838.72 4830.139 4822.065 4814.458 4806.849 4799.241 4791.633 4785.616 4779.647 4773.678 4767.708 4761.627 4755.392 4749.157 4742.921 4736.686 4730.928 4725.243 4719.557 4713.871 4709.297 4707.101 4704.903 4702.707 4700.509 4700.0 4700.0 4700.0 4700.0 4700.0 4700.0 4700.0 4700.0 4700.0 4700.0 4700.0 4700.0 4700.0
4924.95 4927.149 4929.348 4931.547 4933.0 4932.488 4931.976 4931.464 4930.952 4928.063 4924.271 4920.479 4916.687 4913.086 4910.392 4907.698 4905.004 4902.311 4897.347 4891.01 4884.673 4878.336 4871.8 4862.709 4853.619 4844.528 4835.437 4826.641 4818.115 4809.59 4801.064 4792.539 4786.37 4780.272 4774.174 4768.076 4761.934 4755.731 4749.528 4743.325 4737.121 4731.358 4725.662 4719.965 4714.269 4709.661 4707.378 4705.095 4702.812 4700.529 4700.0 4700.0 4700.0 4700.0 4700.0 4700.0 4700.0 4700.0 4700.0 4700.0 4700.0 4700.0 4700.0
4927.593 4930.773 4933.954 4937.135 4939.479 4939.622 4939.764 4939.907 4940.05 4937.333 4933.53 4929.728 4925.925 4922.256 4919.224 4916.192 4913.161 4910.129 4904.994 4898.587 4892.181 4885.774 4879.137 4869.536 4859.936 4850.335 4840.735 4831.216 4821.773 4812.33 4802.887 4793.444 4787.124 4780.897 4774.671 4768.444 4762.241 4756.07 4749.898 4743.728 4737.557 4731.789 4726.082 4720.374 4714.667 4710.024 4707.655 4705.287 4702.918 4700.549 4700.0 4700.0 4700.0 4700.0 4700.0 4700.0 4700.0 4700.0 4700.0 4700.0 4700.0 4700.0 4700.0
4930.794 4934.941 4939.087 4943.233 4946.414 4947.055 4947.696 4948.337 4948.978 4946.359 4942.501 4938.644 4934.786 4930.951 4927.227 4923.502 4919.778 4916.053 4910.486 4903.805 4897.123 4890.441 4883.522 4873.552 4863.582 4853.611 4843.641 4833.668 4823.692 4813.716 4803.741 4793.765 4787.377 4781.096 4774.815 4768.535 4762.317 4756.188 4750.059 4743.929 4737.799 4732.032 4726.318 4720.605 4714.892 4710.229 4707.812 4705.395 4702.978 4700.561 4700.0 4700.0 4700.0 4700.0 4700.0 4700.0 4700.0 4700.0 4700.0 4700.0 4700.0 4700.0 4700.0
4934.724 4939.814 4944.905 4949.996 4953.942 4954.878 4955.814 4956.75 4957.687 4955.067 4951.097 4947.126 4943.156 4939.027 4934.149 4929.271 4924.394 4919.516 4913.176 4905.953 4898.729 4891.506 4884.07 4873.912 4863.754 4853.596 4843.438 4833.358 4823.35 4813.342 4803.334 4793.327 4786.979 4780.742 4774.503 4768.266 4762.096 4756.02 4749.944 4743.869 4737.792 4732.032 4726.318 4720.605 4714.892 4710.229 4707.812 4705.395 4702.978 4700.561 4700.0 4700.0 4700.0 4700.0 4700.0 4700.0 4700.0 4700.0 4700.0 4700.0 4700.0 4700.0 4700.0
4938.654 4944.688 4950.723 4956.758 4961.47 4962.701 4963.933 4965.164 4966.395 4963.775 4959.692 4955.609 4951.526 4947.104 4941.072 4935.041 4929.009 4922.978 4915.866 4908.101 4900.335 4892.57 4884.618 4874.272 4863.926 4853.581 4843.235 4833.048 4823.008 4812.968 4802.928 4792.888 4786.582 4780.387 4774.191 4767.997 4761.875 4755.852 4749.83 4743.808 4737.786 4732.032 4726.318 4720.605 4714.892 4710.229 4707.812 4705.395 4702.978 4700.561 4700.0 4700.0 4700.0 4700.0 4700.0 4700.0 4700.0 4700.0 4700.0 4700.0 4700.0 4700.0 4700.0
4942.583 4949.563 4956.542 4963.521 4968.998 4970.524 4972.051 4973.577 4975.104 4972.483 4968.287 4964.091 4959.896 4955.18 4947.995 4940.81 4933.625 4926.44 4918.556 4910.249 4901.941 4893.634 4885.166 4874.632 4864.099 4853.565 4843.032 4832.739 4822.667 4812.594 4802.522 4792.449 4786.184 4780.032 4773.879 4767.728 4761.653 4755.684 4749.715 4743.747 4737.778 4732.032 4726.318 4720.605 4714.892 4710.229 4707.812 4705.395 4702.978 4700.561 4700.0 4700.0 4700.0 4700.0 4700.0 4700.0 4700.0 4700.0 4700.0 4700.0 4700.0 4700.0 4700.0
4946.513 4954.437 4962.36 4970.283 4976.526 4978.348 4980.169 4981.991 4983.812 4981.191 4976.883 4972.574 4968.266 4963.256 4954.918 4946.58 4938.241 4929.902 4921.246 4912.396 4903.547 4894.698 4885.714 4874.992 4864.271 4853.55 4842.829 4832.429 4822.324 4812.22 4802.115 4792.011 4785.786 4779.677 4773.568 4767.458 4761.431 4755.516 4749.601 4743.687 4737.771 4732.032 4726.318 4720.605 4714.892 4710.229 4707.812 4705.395 4702.978 4700.561 4700.0 4700.0 4700.0 4700.0 4700.0 4700.0 4700.0 4700.0 4700.0 4700.0 4700.0 4700.0 4700.0
4950.166 4958.227 4966.288 4974.349 4980.664 4982.382 4984.1 4985.818 4987.536 4984.823 4980.425 4976.027 4971.63 4966.302 4956.554 4946.806 4937.057 4927.309 4917.831 4908.516 4899.201 4889.886 4880.473 4869.815 4859.158 4848.5 4837.843 4827.828 4818.403 4808.978 4799.552 4790.127 4784.125 4778.225 4772.324 4766.424 4760.602 4754.888 4749.174 4743.459 4737.745 4732.032 4726.318 4720.605 4714.892 4710.229 4707.812 4705.395 4702.978 4700.561 4700.0 4700.0 4700.0 4700.0 4700.0 4700.0 4700.0 4700.0 4700.0 4700.0 4700.0 4700.0 4700.0
4953.781 4961.875 4969.968 4978.062 4984.356 4985.919 4987.481 4989.044 4990.606 4987.788 4983.305 4978.821 4974.338 4968.688 4957.497 4946.305 4935.113 4923.922 4913.616 4903.844 4894.073 4884.302 4874.474 4863.913 4853.352 4842.791 4832.229 4822.664 4814.011 4805.359 4796.707 4788.054 4782.298 4776.628 4770.958 4765.289 4759.693 4754.199 4748.705 4743.211 4737.717 4732.032 4726.318 4720.605 4714.892 4710.229 4707.812 4705.395 4702.978 4700.561 4700.0 4700.0 4700.0 4700.0 4700.0 4700.0 4700.0 4700.0 4700.0 4700.0 4700.0 4700.0 4700.0
4957.397 4965.523 4973.648 4981.774 4988.05 4989.457 4990.863 4992.271 4993.677 4990.753 4986.184 4981.615 4977.046 4971.074 4958.439 4945.804 4933.169 4920.535 4909.4 4899.173 4888.946 4878.718 4868.474 4858.009 4847.545 4837.081 4826.616 4817.5 4809.62 4801.74 4793.86 4785.98 4780.471 4775.032 4769.593 4764.154 4758.785 4753.511 4748.236 4742.962 4737.688 4732.032 4726.318 4720.605 4714.892 4710.229 4707.812 4705.395 4702.978 4700.561 4700.0 4700.0 4700.0 4700.0 4700.0 4700.0 4700.0 4700.0 4700.0 4700.0 4700.0 4700.0 4700.0
4961.013 4969.171 4977.329 4985.486 4991.743 4992.994 4994.245 4995.497 4996.748 4993.719 4989.064 4984.409 4979.753 4973.459 4959.382 4945.304 4931.226 4917.147 4905.185 4894.501 4883.818 4873.135 4862.475 4852.106 4841.739 4831.371 4821.003 4812.336 4805.229 4798.122 4791.014 4783.907 4778.644 4773.436 4768.228 4763.02 4757.876 4752.822 4747.768 4742.713 4737.659 4732.032 4726.318 4720.605 4714.892 4710.229 4707.812 4705.395 4702.978 4700.561 4700.0 4700.0 4700.0 4700.0 4700.0 4700.0 4700.0 4700.0 4700.0 4700.0 4700.0 4700.0 4700.0
4963.632 4971.679 4979.726 4987.772 4993.909 4995.015 4996.121 4997.228 4998.334 4995.046 4990.089 4985.132 4980.174 4973.476 4958.507 4943.538 4928.569 4913.601 4901.17 4890.273 4879.377 4868.481 4857.639 4847.484 4837.329 4827.174 4817.019 4808.79 4802.326 4795.863 4789.399 4782.936 4777.835 4772.776 4767.716 4762.657 4757.639 4752.677 4747.716 4742.755 4737.793 4732.155 4726.415 4720.675 4714.935 4710.252 4707.83 4705.407 4702.984 4700.562 4700.0 4700.0 4700.0 4700.0 4700.0 4700.0 4700.0 4700.0 4700.0 4700.0 4700.0 4700.0 4700.0
4964.256 4971.906 4979.556 4987.206 4993.02 4994.003 4994.986 4995.969 4996.952 4993.098 4987.405 4981.713 4976.021 4968.752 4953.998 4939.244 4924.49 4909.735 4897.556 4886.934 4876.311 4865.688 4855.132 4845.422 4835.713 4826.003 4816.293 4808.479 4802.401 4796.324 4790.247 4784.17 4779.065 4773.989 4768.914 4763.838 4758.743 4753.621 4748.499 4743.376 4738.254 4732.524 4726.704 4720.883 4715.063 4710.32 4707.881 4705.443 4703.004 4700.565 4700.0 4700.0 4700.0 4700.0 4700.0 4700.0 4700.0 4700.0 4700.0 4700.0 4700.0 4700.0 4700.0
4964.88 4972.133 4979.386 4986.639 4992.131 4992.991 4993.851 4994.71 4995.57 4991.149 4984.722 4978.294 4971.867 4964.028 4949.489 4934.949 4920.41 4905.87 4893.942 4883.593 4873.245 4862.896 4852.625 4843.361 4834.097 4824.832 4815.567 4808.167 4802.477 4796.786 4791.095 4785.404 4780.295 4775.203 4770.111 4765.02 4759.847 4754.564 4749.281 4743.998 4738.715 4732.894 4726.993 4721.092 4715.19 4710.388 4707.934 4705.479 4703.024 4700.569 4700.0 4700.0 4700.0 4700.0 4700.0 4700.0 4700.0 4700.0 4700.0 4700.0 4700.0 4700.0 4700.0
4965.504 4972.36 4979.216 4986.072 4991.243 4991.979 4992.715 4993.452 4994.188 4989.2 4982.038 4974.875 4967.713 4959.305 4944.98 4930.655 4916.33 4902.005 4890.329 4880.253 4870.178 4860.103 4850.119 4841.299 4832.48 4823.661 4814.842 4807.856 4802.552 4797.247 4791.942 4786.638 4781.524 4776.417 4771.309 4766.201 4760.952 4755.507 4750.063 4744.619 4739.175 4733.264 4727.282 4721.3 4715.319 4710.457 4707.985 4705.515 4703.044 4700.573 4700.0 4700.0 4700.0 4700.0 4700.0 4700.0 4700.0 4700.0 4700.0 4700.0 4700.0 4700.0 4700.0
4966.129 4972.587 4979.046 4985.505 4990.354 4990.967 4991.58 4992.193 4992.806 4987.251 4979.354 4971.457 4963.559 4954.581 4940.471 4926.36 4912.25 4898.14 4886.715 4876.913 4867.112 4857.31 4847.612 4839.238 4830.864 4822.49 4814.116 4807.545 4802.627 4797.708 4792.791 4787.872 4782.754 4777.63 4772.506 4767.382 4762.056 4756.451 4750.846 4745.241 4739.636 4733.633 4727.571 4721.509 4715.447 4710.524 4708.038 4705.551 4703.063 4700.577 4700.0 4700.0 4700.0 4700.0 4700.0 4700.0 4700.0 4700.0 4700.0 4700.0 4700.0 4700.0 4700.0
4969.673 4975.315 4980.958 4986.6 4990.702 4990.755 4990.808 4990.86 4990.913 4985.238 4977.387 4969.535 4961.684 4952.947 4940.004 4927.062 4914.119 4901.176 4890.37 4880.854 4871.339 4861.824 4852.388 4843.972 4835.557 4827.141 4818.725 4811.896 4806.52 4801.144 4795.768 4790.392 4784.906 4779.417 4773.929 4768.44 4762.818 4757.01 4751.202 4745.394 4739.585 4733.52 4727.415 4721.31 4715.205 4710.273 4707.845 4705.418 4702.99 4700.563 4700.0 4700.0 4700.0 4700.0 4700.0 4700.0 4700.0 4700.0 4700.0 4700.0 4700.0 4700.0 4700.0
4974.029 4978.738 4983.446 4988.155 4991.394 4990.765 4990.136 4989.508 4988.879 4983.207 4975.618 4968.03 4960.441 4952.17 4940.66 4929.15 4917.64 4906.13 4896.043 4886.818 4877.592 4868.367 4859.187 4850.594 4842.001 4833.409 4824.816 4817.541 4811.473 4805.404 4799.336 4793.268 4787.315 4781.365 4775.415 4769.465 4763.484 4757.462 4751.439 4745.417 4739.394 4733.272 4727.135 4720.998 4714.861 4709.932 4707.585 4705.238 4702.891 4700.544 4700.0 4700.0 4700.0 4700.0 4700.0 4700.0 4700.0 4700.0 4700.0 4700.0 4700.0 4700.0 4700.0
4978.385 4982.16 4985.935 4989.71 4992.085 4990.775 4989.465 4988.155 4986.845 4981.175 4973.85 4966.524 4959.198 4951.394 4941.316 4931.239 4921.161 4911.084 4901.718 4892.782 4883.846 4874.91 4865.986 4857.216 4848.446 4839.677 4830.907 4823.186 4816.426 4809.666 4802.905 4796.145 4789.724 4783.312 4776.901 4770.489 4764.151 4757.914 4751.677 4745.439 4739.202 4733.024 4726.855 4720.686 4714.517 4709.592 4707.325 4705.059 4702.792 4700.525 4700.0 4700.0 4700.0 4700.0 4700.0 4700.0 4700.0 4700.0 4700.0 4700.0 4700.0 4700.0 4700.0
4982.741 4985.583 4988.424 4991.266 4992.776 4990.785 4988.793 4986.802 4984.811 4979.144 4972.081 4965.019 4957.956 4950.617 4941.972 4933.327 4924.682 4916.038 4907.392 4898.745 4890.099 4881.453 4872.785 4863.838 4854.891 4845.945 4836.998 4828.831 4821.378 4813.926 4806.474 4799.022 4792.132 4785.259 4778.387 4771.514 4764.818 4758.366 4751.914 4745.462 4739.01 4732.776 4726.575 4720.374 4714.172 4709.251 4707.065 4704.879 4702.693 4700.507 4700.0 4700.0 4700.0 4700.0 4700.0 4700.0 4700.0 4700.0 4700.0 4700.0 4700.0 4700.0 4700.0
4987.314 4989.217 4991.12 4993.022 4993.682 4991.069 4988.456 4985.843 4983.23 4977.559 4970.727 4963.895 4957.062 4950.121 4942.662 4935.203 4927.745 4920.286 4912.251 4903.869 4895.486 4887.104 4878.667 4869.547 4860.427 4851.307 4842.187 4833.609 4825.53 4817.45 4809.371 4801.291 4793.999 4786.731 4779.462 4772.194 4765.16 4758.449 4751.737 4745.026 4738.315 4732.071 4725.897 4719.723 4713.55 4708.689 4706.636 4704.583 4702.529 4700.476 4700.0 4700.0 4700.0 4700.0 4700.0 4700.0 4700.0 4700.0 4700.0 4700.0 4700.0 4700.0 4700.0
4992.605 4993.553 4994.5 4995.448 4995.299 4992.262 4989.225 4986.188 4983.151 4977.453 4970.744 4964.036 4957.327 4950.551 4943.463 4936.375 4929.286 4922.197 4914.413 4906.207 4898.001 4889.796 4881.512 4872.231 4862.95 4853.669 4844.388 4835.519 4827.025 4818.533 4810.04 4801.547 4794.071 4786.626 4779.181 4771.735 4764.427 4757.308 4750.189 4743.07 4735.951 4729.85 4723.901 4717.953 4712.004 4707.396 4705.648 4703.9 4702.153 4700.405 4700.0 4700.0 4700.0 4700.0 4700.0 4700.0 4700.0 4700.0 4700.0 4700.0 4700.0 4700.0 4700.0
