data/zism_data/00344_04_D.txt
ncols         224
nrows         224
[rows 186 to 216 of 224, columns 0 to 69 of 224]
1348.0 1348.0 1348.0 1348.0 1348.0 1348.0 1348.0 1348.0 1348.0 1348.0 1348.0 1348.0 1348.0 1348.0 1348.0 1348.0 1348.0 1348.0 1348.0 1348.0 1348.0 1348.0 1348.0 1348.0 1348.0 1348.0 1348.0 1348.0 1348.0 1348.0 1348.0 1348.0 1348.0 1348.0 1348.0 1348.0 1348.0 1348.0 1348.0 1348.0 1348.0 1348.0 1348.0 1348.0 1348.047 1348.12 1348.194 1348.267 1348.348 1348.495 1348.642 1348.789 1348.936 1349.0 1349.0 1349.0 1349.0 1349.0 1349.0 1349.0 1349.0 1349.0 1349.0 1349.0 1349.0 1349.0 1349.0 1349.0 1349.0 1349.0
1348.0 1348.0 1348.0 1348.0 1348.0 1348.0 1348.0 1348.0 1348.0 1348.0 1348.0 1348.0 1348.0 1348.0 1348.0 1348.0 1348.0 1348.0 1348.0 1348.0 1348.0 1348.0 1348.0 1348.0 1348.0 1348.0 1348.0 1348.0 1348.0 1348.0 1348.0 1348.0 1348.0 1348.0 1348.0 1348.0 1348.0 1348.0 1348.0 1348.0 1348.0 1348.0 1348.0 1348.0 1348.047 1348.12 1348.194 1348.267 1348.348 1348.495 1348.642 1348.789 1348.936 1349.0 1349.0 1349.0 1349.0 1349.0 1349.0 1349.0 1349.0 1349.0 1349.0 1349.0 1349.0 1349.0 1349.0 1349.0 1349.0 1349.0
1348.0 1348.0 1348.0 1348.0 1348.0 1348.0 1348.0 1348.0 1348.0 1348.0 1348.0 1348.0 1348.0 1348.0 1348.0 1348.0 1348.0 1348.0 1348.0 1348.0 1348.0 1348.0 1348.0 1348.0 1348.0 1348.0 1348.0 1348.0 1348.0 1348.0 1348.0 1348.0 1348.0 1348.0 1348.0 1348.0 1348.0 1348.0 1348.0 1348.0 1348.0 1348.0 1348.0 1348.0 1348.054 1348.14 1348.225 1348.311 1348.401 1348.536 1348.671 1348.806 1348.941 1349.0 1349.0 1349.0 1349.0 1349.0 1349.0 1349.0 1349.0 1349.0 1349.0 1349.0 1349.0 1349.0 1349.0 1349.0 1349.0 1349.0
1348.0 1348.0 1348.0 1348.0 1348.0 1348.0 1348.0 1348.0 1348.0 1348.0 1348.0 1348.0 1348.0 1348.0 1348.0 1348.0 1348.0 1348.0 1348.0 1348.0 1348.0 1348.0 1348.0 1348.0 1348.0 1348.0 1348.0 1348.0 1348.0 1348.0 1348.0 1348.0 1348.0 1348.0 1348.0 1348.0 1348.0 1348.0 1348.0 1348.0 1348.0 1348.0 1348.0 1348.0 1348.075 1348.193 1348.31 1348.428 1348.544 1348.647 1348.75 1348.852 1348.955 1349.0 1349.0 1349.0 1349.0 1349.0 1349.0 1349.0 1349.0 1349.0 1349.0 1349.0 1349.0 1349.0 1349.0 1349.0 1349.0 1349.0
1348.0 1348.0 1348.0 1348.0 1348.0 1348.0 1348.0 1348.0 1348.0 1348.0 1348.0 1348.0 1348.0 1348.0 1348.0 1348.0 1348.0 1348.0 1348.0 1348.0 1348.0 1348.0 1348.0 1348.0 1348.0 1348.0 1348.0 1348.0 1348.0 1348.0 1348.0 1348.0 1348.0 1348.0 1348.0 1348.0 1348.0 1348.0 1348.0 1348.0 1348.0 1348.0 1348.0 1348.0 1348.095 1348.245 1348.395 1348.545 1348.687 1348.757 1348.828 1348.899 1348.969 1349.0 1349.0 1349.0 1349.0 1349.0 1349.0 1349.0 1349.0 1349.0 1349.0 1349.0 1349.0 1349.0 1349.0 1349.0 1349.0 1349.0
1348.0 1348.0 1348.0 1348.0 1348.0 1348.0 1348.0 1348.0 1348.0 1348.0 1348.0 1348.0 1348.0 1348.0 1348.0 1348.0 1348.0 1348.0 1348.0 1348.0 1348.0 1348.0 1348.0 1348.0 1348.0 1348.0 1348.0 1348.0 1348.0 1348.0 1348.0 1348.0 1348.0 1348.0 1348.0 1348.0 1348.0 1348.0 1348.0 1348.0 1348.0 1348.0 1348.0 1348.0 1348.116 1348.298 1348.48 1348.662 1348.829 1348.868 1348.906 1348.945 1348.983 1349.0 1349.0 1349.0 1349.0 1349.0 1349.0 1349.0 1349.0 1349.0 1349.0 1349.0 1349.0 1349.0 1349.0 1349.0 1349.0 1349.0
1348.0 1348.0 1348.0 1348.0 1348.0 1348.0 1348.0 1348.0 1348.0 1348.0 1348.0 1348.0 1348.0 1348.0 1348.0 1348.0 1348.0 1348.0 1348.0 1348.0 1348.0 1348.0 1348.0 1348.0 1348.0 1348.0 1348.0 1348.0 1348.0 1348.0 1348.0 1348.0 1348.0 1348.0 1348.0 1348.0 1348.0 1348.0 1348.0 1348.0 1348.0 1348.0 1348.0 1348.0 1348.136 1348.351 1348.565 1348.779 1348.972 1348.978 1348.985 1348.991 1348.997 1349.0 1349.0 1349.0 1349.0 1349.0 1349.0 1349.0 1349.0 1349.0 1349.0 1349.0 1349.0 1349.0 1349.0 1349.0 1349.0 1349.0
1348.0 1348.0 1348.0 1348.0 1348.0 1348.0 1348.0 1348.0 1348.0 1348.0 1348.0 1348.0 1348.0 1348.0 1348.0 1348.0 1348.0 1348.0 1348.0 1348.0 1348.0 1348.0 1348.0 1348.0 1348.0 1348.0 1348.0 1348.0 1348.0 1348.0 1348.0 1348.0 1348.0 1348.0 1348.0 1348.0 1348.0 1348.0 1348.0 1348.005 1348.03 1348.056 1348.082 1348.108 1348.241 1348.436 1348.63 1348.825 1349.0 1349.0 1349.0 1349.0 1349.0 1349.0 1349.0 1349.0 1349.0 1349.0 1349.0 1349.0 1349.0 1349.0 1349.0 1349.0 1349.0 1349.0 1349.0 1349.0 1349.0 1349.0
1348.0 1348.0 1348.0 1348.0 1348.0 1348.0 1348.0 1348.0 1348.0 1348.0 1348.0 1348.0 1348.0 1348.0 1348.0 1348.0 1348.0 1348.0 1348.0 1348.0 1348.0 1348.0 1348.0 1348.0 1348.0 1348.0 1348.0 1348.0 1348.0 1348.0 1348.0 1348.0 1348.0 1348.0 1348.0 1348.0 1348.0 1348.0 1348.0 1348.01 1348.068 1348.126 1348.184 1348.242 1348.367 1348.529 1348.692 1348.854 1349.0 1349.0 1349.0 1349.0 1349.0 1349.0 1349.0 1349.0 1349.0 1349.0 1349.0 1349.0 1349.0 1349.0 1349.0 1349.0 1349.0 1349.0 1349.0 1349.0 1349.0 1349.0
1348.0 1348.0 1348.0 1348.0 1348.0 1348.0 1348.0 1348.0 1348.0 1348.0 1348.0 1348.0 1348.0 1348.0 1348.0 1348.0 1348.0 1348.0 1348.0 1348.0 1348.0 1348.0 1348.0 1348.0 1348.0 1348.0 1348.0 1348.0 1348.0 1348.0 1348.0 1348.0 1348.0 1348.0 1348.0 1348.0 1348.0 1348.0 1348.0 1348.016 1348.106 1348.196 1348.286 1348.376 1348.492 1348.622 1348.753 1348.883 1349.0 1349.0 1349.0 1349.0 1349.0 1349.0 1349.0 1349.0 1349.0 1349.0 1349.0 1349.0 1349.0 1349.0 1349.0 1349.0 1349.0 1349.0 1349.0 1349.0 1349.0 1349.0
1348.0 1348.0 1348.0 1348.0 1348.0 1348.0 1348.0 1348.0 1348.0 1348.0 1348.0 1348.0 1348.0 1348.0 1348.0 1348.0 1348.0 1348.0 1348.0 1348.0 1348.0 1348.0 1348.0 1348.0 1348.0 1348.0 1348.0 1348.0 1348.0 1348.0 1348.0 1348.0 1348.0 1348.0 1348.0 1348.0 1348.0 1348.0 1348.0 1348.021 1348.144 1348.266 1348.388 1348.51 1348.617 1348.716 1348.814 1348.912 1349.0 1349.0 1349.0 1349.0 1349.0 1349.0 1349.0 1349.0 1349.0 1349.0 1349.0 1349.0 1349.0 1349.0 1349.0 1349.0 1349.0 1349.0 1349.0 1349.0 1349.0 1349.0
1348.0 1348.0 1348.0 1348.0 1348.0 1348.0 1348.0 1348.0 1348.0 1348.0 1348.0 1348.0 1348.0 1348.0 1348.0 1348.0 1348.0 1348.0 1348.0 1348.0 1348.0 1348.0 1348.0 1348.0 1348.0 1348.0 1348.0 1348.0 1348.0 1348.0 1348.0 1348.0 1348.0 1348.0 1348.0 1348.0 1348.0 1348.0 1348.0 1348.026 1348.177 1348.328 1348.478 1348.629 1348.728 1348.798 1348.868 1348.937 1349.0 1349.0 1349.0 1349.0 1349.0 1349.0 1349.0 1349.0 1349.0 1349.0 1349.0 1349.0 1349.0 1349.0 1349.0 1349.0 1349.0 1349.0 1349.0 1349.0 1349.0 1349.0
1348.0 1348.0 1348.0 1348.0 1348.0 1348.0 1348.0 1348.0 1348.0 1348.0 1348.0 1348.0 1348.0 1348.0 1348.0 1348.0 1348.0 1348.0 1348.0 1348.0 1348.0 1348.0 1348.0 1348.0 1348.0 1348.0 1348.0 1348.0 1348.0 1348.0 1348.0 1348.0 1348.0 1348.0 1348.0 1348.0 1348.0 1348.0 1348.0 1348.029 1348.196 1348.363 1348.529 1348.696 1348.791 1348.844 1348.898 1348.952 1349.0 1349.0 1349.0 1349.0 1349.0 1349.0 1349.0 1349.0 1349.0 1349.0 1349.0 1349.0 1349.0 1349.0 1349.0 1349.0 1349.0 1349.0 1349.0 1349.0 1349.0 1349.0
1348.0 1348.0 1348.0 1348.0 1348.0 1348.0 1348.0 1348.0 1348.0 1348.0 1348.0 1348.0 1348.0 1348.0 1348.0 1348.0 1348.0 1348.0 1348.0 1348.0 1348.0 1348.0 1348.0 1348.0 1348.0 1348.0 1348.0 1348.0 1348.0 1348.0 1348.0 1348.0 1348.0 1348.0 1348.0 1348.0 1348.0 1348.0 1348.0 1348.032 1348.215 1348.398 1348.58 1348.763 1348.854 1348.891 1348.929 1348.966 1349.0 1349.0 1349.0 1349.0 1349.0 1349.0 1349.0 1349.0 1349.0 1349.0 1349.0 1349.0 1349.0 1349.0 1349.0 1349.0 1349.0 1349.0 1349.0 1349.0 1349.0 1349.0
1348.0 1348.0 1348.0 1348.0 1348.0 1348.0 1348.0 1348.0 1348.0 1348.0 1348.0 1348.0 1348.0 1348.0 1348.0 1348.0 1348.0 1348.0 1348.0 1348.0 1348.0 1348.0 1348.0 1348.0 1348.0 1348.0 1348.0 1348.0 1348.0 1348.0 1348.0 1348.0 1348.0 1348.0 1348.0 1348.0 1348.0 1348.0 1348.0 1348.035 1348.234 1348.432 1348.631 1348.83 1348.916 1348.938 1348.959 1348.981 1349.0 1349.0 1349.0 1349.0 1349.0 1349.0 1349.0 1349.0 1349.0 1349.0 1349.0 1349.0 1349.0 1349.0 1349.0 1349.0 1349.0 1349.0 1349.0 1349.0 1349.0 1349.0
1348.0 1348.0 1348.0 1348.0 1348.0 1348.0 1348.0 1348.0 1348.0 1348.0 1348.0 1348.0 1348.0 1348.0 1348.0 1348.0 1348.0 1348.0 1348.0 1348.0 1348.0 1348.0 1348.0 1348.0 1348.0 1348.0 1348.0 1348.0 1348.0 1348.0 1348.0 1348.0 1348.0 1348.0 1348.0 1348.0 1348.0 1348.0 1348.0 1348.037 1348.252 1348.468 1348.682 1348.898 1348.979 1348.984 1348.99 1348.995 1349.0 1349.0 1349.0 1349.0 1349.0 1349.0 1349.0 1349.0 1349.0 1349.0 1349.0 1349.0 1349.0 1349.0 1349.0 1349.0 1349.0 1349.0 1349.0 1349.0 1349.0 1349.0
1348.0 1348.0 1348.0 1348.0 1348.0 1348.0 1348.0 1348.0 1348.0 1348.0 1348.0 1348.0 1348.0 1348.0 1348.0 1348.0 1348.0 1348.0 1348.0 1348.0 1348.0 1348.0 1348.0 1348.0 1348.0 1348.0 1348.0 1348.0 1348.0 1348.0 1348.002 1348.009 1348.016 1348.023 1348.03 1348.042 1348.057 1348.071 1348.085 1348.131 1348.331 1348.53 1348.729 1348.928 1349.0 1349.0 1349.0 1349.0 1349.0 1349.0 1349.0 1349.0 1349.0 1349.0 1349.0 1349.0 1349.0 1349.0 1349.0 1349.0 1349.0 1349.0 1349.0 1349.0 1349.0 1349.0 1349.0 1349.0 1349.0 1349.0
1348.0 1348.0 1348.0 1348.0 1348.0 1348.0 1348.0 1348.0 1348.0 1348.0 1348.0 1348.0 1348.0 1348.0 1348.0 1348.0 1348.0 1348.0 1348.0 1348.0 1348.0 1348.0 1348.0 1348.0 1348.0 1348.0 1348.0 1348.0 1348.0 1348.0 1348.004 1348.022 1348.04 1348.058 1348.076 1348.106 1348.142 1348.178 1348.213 1348.272 1348.439 1348.606 1348.773 1348.94 1349.0 1349.0 1349.0 1349.0 1349.0 1349.0 1349.0 1349.0 1349.0 1349.0 1349.0 1349.0 1349.0 1349.0 1349.0 1349.0 1349.0 1349.0 1349.0 1349.0 1349.0 1349.0 1349.0 1349.0 1349.0 1349.0
1348.0 1348.0 1348.0 1348.0 1348.0 1348.0 1348.0 1348.0 1348.0 1348.0 1348.0 1348.0 1348.0 1348.0 1348.0 1348.0 1348.0 1348.0 1348.0 1348.0 1348.0 1348.0 1348.0 1348.0 1348.0 1348.0 1348.0 1348.0 1348.0 1348.0 1348.007 1348.036 1348.064 1348.093 1348.121 1348.17 1348.227 1348.284 1348.342 1348.412 1348.547 1348.682 1348.816 1348.951 1349.0 1349.0 1349.0 1349.0 1349.0 1349.0 1349.0 1349.0 1349.0 1349.0 1349.0 1349.0 1349.0 1349.0 1349.0 1349.0 1349.0 1349.0 1349.0 1349.0 1349.0 1349.0 1349.0 1349.0 1349.0 1349.0
1348.0 1348.0 1348.0 1348.0 1348.0 1348.0 1348.0 1348.0 1348.0 1348.0 1348.0 1348.0 1348.0 1348.0 1348.0 1348.0 1348.0 1348.0 1348.0 1348.0 1348.0 1348.0 1348.0 1348.0 1348.0 1348.0 1348.0 1348.0 1348.0 1348.0 1348.01 1348.049 1348.088 1348.128 1348.167 1348.234 1348.313 1348.391 1348.47 1348.552 1348.655 1348.758 1348.86 1348.963 1349.0 1349.0 1349.0 1349.0 1349.0 1349.0 1349.0 1349.0 1349.0 1349.0 1349.0 1349.0 1349.0 1349.0 1349.0 1349.0 1349.0 1349.0 1349.0 1349.0 1349.0 1349.0 1349.0 1349.0 1349.0 1349.0
1348.0 1348.0 1348.0 1348.0 1348.0 1348.0 1348.0 1348.0 1348.0 1348.0 1348.0 1348.0 1348.0 1348.0 1348.0 1348.0 1348.0 1348.001 1348.003 1348.004 1348.006 1348.007 1348.007 1348.007 1348.007 1348.007 1348.009 1348.012 1348.015 1348.018 1348.033 1348.081 1348.129 1348.177 1348.224 1348.307 1348.402 1348.498 1348.594 1348.686 1348.758 1348.83 1348.902 1348.974 1349.0 1349.0 1349.0 1349.0 1349.0 1349.0 1349.0 1349.0 1349.0 1349.0 1349.0 1349.0 1349.0 1349.0 1349.0 1349.0 1349.0 1349.0 1349.0 1349.0 1349.0 1349.0 1349.0 1349.0 1349.0 1349.0
1348.0 1348.0 1348.0 1348.0 1348.0 1348.0 1348.0 1348.0 1348.0 1348.0 1348.0 1348.0 1348.0 1348.0 1348.0 1348.0 1348.0 1348.015 1348.033 1348.05 1348.068 1348.08 1348.08 1348.08 1348.08 1348.08 1348.107 1348.143 1348.178 1348.213 1348.249 1348.286 1348.323 1348.361 1348.398 1348.462 1348.536 1348.61 1348.685 1348.756 1348.812 1348.868 1348.924 1348.98 1349.0 1349.0 1349.0 1349.0 1349.0 1349.0 1349.0 1349.0 1349.0 1349.0 1349.0 1349.0 1349.0 1349.0 1349.0 1349.0 1349.0 1349.0 1349.0 1349.0 1349.0 1349.0 1349.0 1349.0 1349.0 1349.0
1348.0 1348.0 1348.0 1348.0 1348.0 1348.0 1348.0 1348.0 1348.0 1348.0 1348.0 1348.0 1348.0 1348.0 1348.0 1348.0 1348.0 1348.029 1348.063 1348.096 1348.13 1348.153 1348.153 1348.153 1348.153 1348.153 1348.206 1348.273 1348.34 1348.408 1348.465 1348.492 1348.518 1348.545 1348.571 1348.616 1348.67 1348.723 1348.776 1348.826 1348.866 1348.906 1348.946 1348.986 1349.0 1349.0 1349.0 1349.0 1349.0 1349.0 1349.0 1349.0 1349.0 1349.0 1349.0 1349.0 1349.0 1349.0 1349.0 1349.0 1349.0 1349.0 1349.0 1349.0 1349.0 1349.0 1349.0 1349.0 1349.0 1349.0
1348.0 1348.0 1348.0 1348.0 1348.0 1348.0 1348.0 1348.0 1348.0 1348.0 1348.0 1348.0 1348.0 1348.0 1348.0 1348.0 1348.0 1348.043 1348.092 1348.142 1348.192 1348.226 1348.226 1348.226 1348.226 1348.226 1348.304 1348.403 1348.503 1348.602 1348.681 1348.697 1348.713 1348.729 1348.745 1348.771 1348.803 1348.835 1348.866 1348.897 1348.92 1348.944 1348.968 1348.991 1349.0 1349.0 1349.0 1349.0 1349.0 1349.0 1349.0 1349.0 1349.0 1349.0 1349.0 1349.0 1349.0 1349.0 1349.0 1349.0 1349.0 1349.0 1349.0 1349.0 1349.0 1349.0 1349.0 1349.0 1349.0 1349.0
1348.0 1348.0 1348.0 1348.0 1348.0 1348.0 1348.0 1348.0 1348.0 1348.0 1348.0 1348.0 1348.0 1348.0 1348.0 1348.0 1348.0 1348.056 1348.122 1348.188 1348.254 1348.299 1348.299 1348.299 1348.299 1348.299 1348.402 1348.534 1348.665 1348.797 1348.897 1348.902 1348.908 1348.913 1348.918 1348.927 1348.937 1348.947 1348.957 1348.967 1348.974 1348.982 1348.99 1348.997 1349.0 1349.0 1349.0 1349.0 1349.0 1349.0 1349.0 1349.0 1349.0 1349.0 1349.0 1349.0 1349.0 1349.0 1349.0 1349.0 1349.0 1349.0 1349.0 1349.0 1349.0 1349.0 1349.0 1349.0 1349.0 1349.0
1348.0 1348.0 1348.0 1348.0 1348.0 1348.0 1348.0 1348.0 1348.0 1348.0 1348.0 1348.0 1348.01 1348.035 1348.061 1348.086 1348.111 1348.171 1348.236 1348.301 1348.366 1348.41 1348.41 1348.41 1348.41 1348.41 1348.512 1348.642 1348.772 1348.902 1349.0 1349.0 1349.0 1349.0 1349.0 1349.0 1349.0 1349.0 1349.0 1349.0 1349.0 1349.0 1349.0 1349.0 1349.0 1349.0 1349.0 1349.0 1349.0 1349.0 1349.0 1349.0 1349.0 1349.0 1349.0 1349.0 1349.0 1349.0 1349.0 1349.0 1349.0 1349.0 1349.0 1349.0 1349.0 1349.0 1349.0 1349.0 1349.0 1349.0
1348.0 1348.0 1348.0 1348.0 1348.0 1348.0 1348.0 1348.0 1348.0 1348.0 1348.0 1348.0 1348.029 1348.102 1348.176 1348.25 1348.323 1348.376 1348.425 1348.474 1348.523 1348.556 1348.556 1348.556 1348.556 1348.556 1348.633 1348.73 1348.828 1348.926 1349.0 1349.0 1349.0 1349.0 1349.0 1349.0 1349.0 1349.0 1349.0 1349.0 1349.0 1349.0 1349.0 1349.0 1349.0 1349.0 1349.0 1349.0 1349.0 1349.0 1349.0 1349.0 1349.0 1349.0 1349.0 1349.0 1349.0 1349.0 1349.0 1349.0 1349.0 1349.0 1349.0 1349.0 1349.0 1349.0 1349.0 1349.0 1349.0 1349.0
1348.0 1348.0 1348.0 1348.0 1348.0 1348.0 1348.0 1348.0 1348.0 1348.0 1348.0 1348.0 1348.048 1348.17 1348.291 1348.413 1348.535 1348.581 1348.614 1348.647 1348.679 1348.702 1348.702 1348.702 1348.702 1348.702 1348.753 1348.819 1348.885 1348.95 1349.0 1349.0 1349.0 1349.0 1349.0 1349.0 1349.0 1349.0 1349.0 1349.0 1349.0 1349.0 1349.0 1349.0 1349.0 1349.0 1349.0 1349.0 1349.0 1349.0 1349.0 1349.0 1349.0 1349.0 1349.0 1349.0 1349.0 1349.0 1349.0 1349.0 1349.0 1349.0 1349.0 1349.0 1349.0 1349.0 1349.0 1349.0 1349.0 1349.0
1348.0 1348.0 1348.0 1348.0 1348.0 1348.0 1348.0 1348.0 1348.0 1348.0 1348.0 1348.0 1348.067 1348.237 1348.407 1348.577 1348.747 1348.786 1348.803 1348.819 1348.836 1348.848 1348.848 1348.848 1348.848 1348.848 1348.874 1348.908 1348.941 1348.975 1349.0 1349.0 1349.0 1349.0 1349.0 1349.0 1349.0 1349.0 1349.0 1349.0 1349.0 1349.0 1349.0 1349.0 1349.0 1349.0 1349.0 1349.0 1349.0 1349.0 1349.0 1349.0 1349.0 1349.0 1349.0 1349.0 1349.0 1349.0 1349.0 1349.0 1349.0 1349.0 1349.0 1349.0 1349.0 1349.0 1349.0 1349.0 1349.0 1349.0
1348.0 1348.0 1348.0 1348.0 1348.0 1348.0 1348.0 1348.0 1348.0 1348.0 1348.0 1348.0 1348.085 1348.304 1348.522 1348.74 1348.959 1348.991 1348.992 1348.992 1348.993 1348.994 1348.994 1348.994 1348.994 1348.994 1348.995 1348.996 1348.998 1348.999 1349.0 1349.0 1349.0 1349.0 1349.0 1349.0 1349.0 1349.0 1349.0 1349.0 1349.0 1349.0 1349.0 1349.0 1349.0 1349.0 1349.0 1349.0 1349.0 1349.0 1349.0 1349.0 1349.0 1349.0 1349.0 1349.0 1349.0 1349.0 1349.0 1349.0 1349.0 1349.0 1349.0 1349.0 1349.0 1349.0 1349.0 1349.0 1349.0 1349.0
1348.0 1348.0 1348.0 1348.007 1348.022 1348.038 1348.053 1348.069 1348.098 1348.129 1348.16 1348.191 1348.277 1348.452 1348.626 1348.8 1348.975 1349.0 1349.0 1349.0 1349.0 1349.0 1349.0 1349.0 1349.0 1349.0 1349.0 1349.0 1349.0 1349.0 1349.0 1349.0 1349.0 1349.0 1349.0 1349.0 1349.0 1349.0 1349.0 1349.0 1349.0 1349.0 1349.0 1349.0 1349.0 1349.0 1349.0 1349.0 1349.0 1349.0 1349.0 1349.0 1349.0 1349.0 1349.0 1349.0 1349.0 1349.0 1349.0 1349.0 1349.0 1349.0 1349.0 1349.0 1349.0 1349.0 1349.0 1349.0 1349.0 1349.0
