data/zism_data/00340_02_D.txt
ncols         224
nrows         224
[rows 56 to 83 of 224, columns 64 to 127 of 224]
1790.66 1789.638 1788.616 1787.537 1786.438 1785.34 1784.241 1783.128 1781.952 1780.777 1779.601 1778.426 1777.206 1775.961 1774.716 1773.47 1772.232 1771.06 1769.888 1768.715 1767.543 1766.411 1765.312 1764.213 1763.115 1762.016 1760.917 1759.818 1758.72 1757.621 1756.489 1755.313 1754.138 1752.962 1751.787 1750.772 1749.778 1748.784 1747.789 1746.827 1745.928 1745.03 1744.131 1743.232 1742.471 1741.747 1741.024 1740.301 1739.625 1739.105 1738.585 1738.066 1737.546 1737.38 1737.38 1737.38 1737.38 1737.355 1737.165 1736.974 1736.783 1736.593 1736.285 1735.894
1790.734 1789.744 1788.755 1787.684 1786.585 1785.487 1784.388 1783.269 1782.061 1780.853 1779.645 1778.438 1777.206 1775.961 1774.716 1773.47 1772.232 1771.06 1769.888 1768.715 1767.543 1766.411 1765.312 1764.213 1763.115 1762.016 1760.917 1759.818 1758.72 1757.621 1756.475 1755.267 1754.059 1752.852 1751.644 1750.582 1749.539 1748.497 1747.454 1746.436 1745.468 1744.499 1743.53 1742.561 1741.764 1741.014 1740.263 1739.513 1738.802 1738.217 1737.633 1737.049 1736.464 1736.278 1736.278 1736.278 1736.278 1736.259 1736.111 1735.964 1735.816 1735.668 1735.373 1734.97
1790.808 1789.85 1788.893 1787.831 1786.732 1785.634 1784.535 1783.409 1782.169 1780.929 1779.689 1778.449 1777.206 1775.961 1774.716 1773.47 1772.232 1771.06 1769.888 1768.715 1767.543 1766.411 1765.312 1764.213 1763.115 1762.016 1760.917 1759.818 1758.72 1757.621 1756.461 1755.221 1753.981 1752.741 1751.5 1750.392 1749.301 1748.21 1747.119 1746.046 1745.007 1743.968 1742.929 1741.891 1741.057 1740.28 1739.503 1738.726 1737.978 1737.329 1736.68 1736.031 1735.383 1735.176 1735.176 1735.176 1735.176 1735.162 1735.057 1734.953 1734.848 1734.744 1734.46 1734.047
1791.128 1790.176 1789.224 1788.163 1787.065 1785.966 1784.867 1783.738 1782.479 1781.221 1779.962 1778.703 1777.418 1776.119 1774.819 1773.52 1772.231 1771.05 1769.869 1768.688 1767.506 1766.345 1765.201 1764.057 1762.913 1761.77 1760.657 1759.545 1758.432 1757.32 1756.14 1754.872 1753.604 1752.336 1751.068 1749.934 1748.817 1747.7 1746.584 1745.498 1744.476 1743.453 1742.43 1741.407 1740.538 1739.712 1738.885 1738.058 1737.262 1736.567 1735.871 1735.176 1734.48 1734.231 1734.19 1734.15 1734.109 1734.062 1733.973 1733.885 1733.796 1733.707 1733.44 1733.043
1791.496 1790.544 1789.591 1788.531 1787.432 1786.333 1785.235 1784.103 1782.828 1781.553 1780.278 1779.003 1777.671 1776.307 1774.943 1773.579 1772.23 1771.038 1769.846 1768.654 1767.462 1766.267 1765.07 1763.872 1762.674 1761.476 1760.347 1759.219 1758.09 1756.962 1755.761 1754.466 1753.171 1751.876 1750.582 1749.425 1748.287 1747.149 1746.01 1744.921 1743.931 1742.94 1741.95 1740.959 1740.055 1739.175 1738.294 1737.414 1736.566 1735.828 1735.089 1734.351 1733.612 1733.316 1733.227 1733.138 1733.049 1732.961 1732.883 1732.805 1732.728 1732.65 1732.399 1732.024
1791.863 1790.911 1789.959 1788.898 1787.8 1786.701 1785.602 1784.467 1783.176 1781.885 1780.594 1779.303 1777.924 1776.495 1775.067 1773.638 1772.229 1771.026 1769.824 1768.621 1767.418 1766.19 1764.938 1763.686 1762.435 1761.183 1760.037 1758.893 1757.748 1756.603 1755.382 1754.06 1752.738 1751.417 1750.095 1748.916 1747.756 1746.597 1745.437 1744.344 1743.386 1742.428 1741.47 1740.512 1739.572 1738.638 1737.704 1736.769 1735.87 1735.089 1734.307 1733.526 1732.744 1732.401 1732.264 1732.126 1731.989 1731.86 1731.793 1731.726 1731.659 1731.592 1731.359 1731.005
1792.231 1791.278 1790.326 1789.266 1788.167 1787.068 1785.969 1784.831 1783.524 1782.217 1780.91 1779.602 1778.177 1776.683 1775.19 1773.697 1772.228 1771.015 1769.801 1768.588 1767.374 1766.112 1764.806 1763.501 1762.196 1760.89 1759.727 1758.567 1757.406 1756.245 1755.003 1753.654 1752.305 1750.957 1749.608 1748.407 1747.226 1746.045 1744.863 1743.767 1742.841 1741.915 1740.99 1740.064 1739.089 1738.101 1737.113 1736.125 1735.175 1734.35 1733.526 1732.701 1731.876 1731.487 1731.301 1731.115 1730.929 1730.759 1730.703 1730.647 1730.59 1730.534 1730.318 1729.985
1792.62 1791.658 1790.696 1789.622 1788.509 1787.395 1786.282 1785.13 1783.811 1782.493 1781.174 1779.856 1778.391 1776.843 1775.295 1773.747 1772.226 1770.989 1769.751 1768.514 1767.277 1765.979 1764.628 1763.276 1761.926 1760.574 1759.381 1758.189 1756.997 1755.806 1754.537 1753.168 1751.799 1750.43 1749.061 1747.863 1746.688 1745.513 1744.338 1743.249 1742.333 1741.416 1740.5 1739.583 1738.578 1737.547 1736.517 1735.486 1734.493 1733.622 1732.751 1731.88 1731.009 1730.572 1730.337 1730.103 1729.868 1729.659 1729.613 1729.568 1729.522 1729.476 1729.277 1728.966
1793.061 1792.066 1791.072 1789.954 1788.792 1787.63 1786.468 1785.276 1783.958 1782.64 1781.321 1780.003 1778.517 1776.937 1775.357 1773.776 1772.221 1770.93 1769.639 1768.348 1767.057 1765.719 1764.341 1762.963 1761.585 1760.207 1758.949 1757.693 1756.437 1755.181 1753.873 1752.499 1751.125 1749.75 1748.376 1747.24 1746.134 1745.029 1743.924 1742.868 1741.908 1740.948 1739.989 1739.029 1738.002 1736.955 1735.909 1734.862 1733.844 1732.919 1731.994 1731.069 1730.145 1729.657 1729.374 1729.091 1728.808 1728.558 1728.523 1728.488 1728.453 1728.419 1728.236 1727.947
1793.501 1792.474 1791.448 1790.286 1789.075 1787.865 1786.654 1785.423 1784.105 1782.787 1781.468 1780.15 1778.644 1777.031 1775.418 1773.806 1772.217 1770.872 1769.527 1768.182 1766.837 1765.46 1764.055 1762.65 1761.245 1759.84 1758.518 1757.198 1755.877 1754.556 1753.21 1751.83 1750.45 1749.07 1747.691 1746.615 1745.58 1744.545 1743.51 1742.486 1741.483 1740.481 1739.478 1738.475 1737.426 1736.363 1735.3 1734.238 1733.194 1732.216 1731.237 1730.259 1729.28 1728.742 1728.411 1728.08 1727.748 1727.457 1727.433 1727.409 1727.385 1727.361 1727.196 1726.928
1793.942 1792.883 1791.824 1790.617 1789.358 1788.099 1786.841 1785.57 1784.252 1782.934 1781.615 1780.297 1778.77 1777.125 1775.48 1773.835 1772.212 1770.813 1769.414 1768.016 1766.617 1765.2 1763.769 1762.337 1760.905 1759.473 1758.087 1756.702 1755.317 1753.931 1752.546 1751.161 1749.776 1748.391 1747.005 1745.991 1745.026 1744.061 1743.096 1742.104 1741.058 1740.013 1738.967 1737.921 1736.85 1735.771 1734.692 1733.613 1732.545 1731.513 1730.48 1729.448 1728.415 1727.828 1727.448 1727.068 1726.688 1726.356 1726.343 1726.33 1726.316 1726.303 1726.155 1725.908
1794.382 1793.291 1792.2 1790.949 1789.641 1788.334 1787.027 1785.717 1784.399 1783.081 1781.762 1780.444 1778.896 1777.219 1775.542 1773.865 1772.207 1770.755 1769.302 1767.849 1766.397 1764.941 1763.482 1762.024 1760.565 1759.106 1757.656 1756.206 1754.756 1753.306 1751.882 1750.492 1749.101 1747.711 1746.32 1745.368 1744.472 1743.577 1742.682 1741.722 1740.634 1739.545 1738.456 1737.367 1736.274 1735.179 1734.084 1732.989 1731.896 1730.809 1729.723 1728.637 1727.551 1726.913 1726.484 1726.056 1725.628 1725.255 1725.253 1725.25 1725.248 1725.245 1725.114 1724.889
1794.822 1793.674 1792.526 1791.233 1789.89 1788.546 1787.203 1785.86 1784.516 1783.173 1781.83 1780.487 1778.926 1777.241 1775.556 1773.872 1772.206 1770.741 1769.276 1767.811 1766.346 1764.868 1763.378 1761.888 1760.398 1758.909 1757.419 1755.929 1754.439 1752.95 1751.504 1750.117 1748.729 1747.341 1745.954 1744.946 1743.989 1743.031 1742.074 1741.064 1739.949 1738.833 1737.718 1736.603 1735.494 1734.387 1733.28 1732.173 1731.062 1729.938 1728.815 1727.692 1726.568 1725.885 1725.408 1724.932 1724.455 1724.039 1724.026 1724.014 1724.002 1723.989 1723.878 1723.696
1795.262 1794.049 1792.836 1791.503 1790.127 1788.752 1787.376 1786.0 1784.625 1783.25 1781.874 1780.498 1778.926 1777.241 1775.556 1773.872 1772.206 1770.741 1769.276 1767.811 1766.346 1764.85 1763.328 1761.806 1760.284 1758.762 1757.24 1755.718 1754.196 1752.674 1751.213 1749.831 1748.448 1747.066 1745.684 1744.587 1743.527 1742.467 1741.407 1740.322 1739.185 1738.048 1736.911 1735.775 1734.653 1733.535 1732.417 1731.299 1730.173 1729.017 1727.861 1726.705 1725.55 1724.823 1724.298 1723.773 1723.248 1722.787 1722.759 1722.73 1722.702 1722.673 1722.584 1722.449
1795.702 1794.425 1793.147 1791.773 1790.365 1788.957 1787.549 1786.141 1784.734 1783.326 1781.918 1780.51 1778.926 1777.241 1775.556 1773.872 1772.206 1770.741 1769.276 1767.811 1766.346 1764.833 1763.279 1761.724 1760.17 1758.616 1757.061 1755.507 1753.953 1752.398 1750.921 1749.544 1748.167 1746.791 1745.414 1744.227 1743.065 1741.903 1740.741 1739.58 1738.422 1737.263 1736.105 1734.947 1733.812 1732.683 1731.554 1730.426 1729.283 1728.095 1726.907 1725.719 1724.531 1723.762 1723.188 1722.614 1722.041 1721.536 1721.491 1721.447 1721.402 1721.357 1721.289 1721.203
1796.142 1794.8 1793.458 1792.043 1790.603 1789.163 1787.723 1786.282 1784.842 1783.402 1781.962 1780.522 1778.926 1777.241 1775.556 1773.872 1772.206 1770.741 1769.276 1767.811 1766.346 1764.816 1763.229 1761.642 1760.056 1758.469 1756.883 1755.296 1753.709 1752.123 1750.63 1749.258 1747.887 1746.515 1745.144 1743.867 1742.603 1741.338 1740.074 1738.838 1737.658 1736.478 1735.298 1734.118 1732.97 1731.831 1730.692 1729.552 1728.394 1727.174 1725.953 1724.733 1723.513 1722.7 1722.078 1721.456 1720.834 1720.285 1720.224 1720.163 1720.102 1720.042 1719.994 1719.957
1796.455 1795.074 1793.694 1792.251 1790.786 1789.321 1787.855 1786.391 1784.926 1783.461 1781.996 1780.531 1778.926 1777.241 1775.556 1773.872 1772.206 1770.737 1769.268 1767.799 1766.331 1764.777 1763.151 1761.524 1759.898 1758.272 1756.645 1755.019 1753.392 1751.766 1750.255 1748.892 1747.53 1746.167 1744.805 1743.455 1742.108 1740.76 1739.412 1738.115 1736.92 1735.725 1734.53 1733.334 1732.168 1731.009 1729.85 1728.691 1727.513 1726.27 1725.027 1723.785 1722.542 1721.695 1721.033 1720.372 1719.71 1719.123 1719.038 1718.952 1718.866 1718.78 1718.744 1718.744
1796.345 1795.013 1793.681 1792.251 1790.786 1789.321 1787.855 1786.391 1784.926 1783.461 1781.996 1780.531 1778.926 1777.241 1775.556 1773.872 1772.204 1770.719 1769.234 1767.75 1766.265 1764.669 1762.978 1761.287 1759.596 1757.905 1756.214 1754.523 1752.832 1751.141 1749.603 1748.262 1746.921 1745.58 1744.239 1742.873 1741.504 1740.134 1738.765 1737.455 1736.266 1735.076 1733.886 1732.696 1731.493 1730.286 1729.078 1727.871 1726.658 1725.426 1724.194 1722.962 1721.73 1720.88 1720.207 1719.534 1718.862 1718.259 1718.12 1717.98 1717.84 1717.701 1717.642 1717.642
1796.235 1794.952 1793.668 1792.251 1790.786 1789.321 1787.855 1786.391 1784.926 1783.461 1781.996 1780.531 1778.926 1777.241 1775.556 1773.872 1772.203 1770.702 1769.201 1767.7 1766.199 1764.561 1762.806 1761.05 1759.294 1757.539 1755.783 1754.028 1752.272 1750.516 1748.951 1747.631 1746.312 1744.993 1743.673 1742.291 1740.9 1739.509 1738.118 1736.796 1735.612 1734.427 1733.243 1732.058 1730.818 1729.563 1728.307 1727.051 1725.803 1724.582 1723.361 1722.14 1720.919 1720.064 1719.381 1718.697 1718.014 1717.395 1717.201 1717.008 1716.815 1716.621 1716.54 1716.54
1796.126 1794.891 1793.656 1792.251 1790.786 1789.321 1787.855 1786.391 1784.926 1783.461 1781.996 1780.531 1778.926 1777.241 1775.556 1773.872 1772.202 1770.684 1769.167 1767.65 1766.133 1764.453 1762.633 1760.813 1758.992 1757.172 1755.352 1753.532 1751.712 1749.892 1748.299 1747.001 1745.703 1744.405 1743.107 1741.708 1740.296 1738.883 1737.471 1736.136 1734.957 1733.778 1732.599 1731.42 1730.143 1728.839 1727.535 1726.231 1724.948 1723.738 1722.528 1721.317 1720.107 1719.248 1718.554 1717.86 1717.166 1716.531 1716.283 1716.036 1715.789 1715.542 1715.438 1715.438
1796.016 1794.83 1793.643 1792.251 1790.786 1789.321 1787.855 1786.391 1784.926 1783.461 1781.996 1780.531 1778.926 1777.241 1775.556 1773.872 1772.2 1770.667 1769.133 1767.6 1766.067 1764.345 1762.46 1760.575 1758.691 1756.806 1754.921 1753.036 1751.152 1749.267 1747.647 1746.37 1745.094 1743.818 1742.542 1741.126 1739.692 1738.258 1736.824 1735.477 1734.303 1733.13 1731.956 1730.782 1729.469 1728.116 1726.763 1725.411 1724.094 1722.894 1721.694 1720.495 1719.295 1718.433 1717.728 1717.023 1716.318 1715.666 1715.365 1715.064 1714.763 1714.462 1714.335 1714.335
1795.6 1794.439 1793.278 1791.909 1790.467 1789.024 1787.582 1786.139 1784.697 1783.254 1781.812 1780.369 1778.787 1777.125 1775.462 1773.8 1772.15 1770.623 1769.095 1767.568 1766.041 1764.3 1762.373 1760.446 1758.519 1756.592 1754.688 1752.783 1750.879 1748.974 1747.333 1746.033 1744.734 1743.434 1742.134 1740.707 1739.262 1737.818 1736.374 1735.005 1733.789 1732.572 1731.355 1730.138 1728.8 1727.429 1726.058 1724.687 1723.352 1722.137 1720.922 1719.707 1718.492 1717.597 1716.851 1716.106 1715.36 1714.67 1714.345 1714.02 1713.695 1713.37 1713.233 1713.233
1795.049 1793.904 1792.76 1791.419 1790.009 1788.598 1787.188 1785.778 1784.368 1782.958 1781.547 1780.137 1778.587 1776.957 1775.327 1773.697 1772.078 1770.567 1769.056 1767.545 1766.034 1764.283 1762.323 1760.364 1758.405 1756.446 1754.541 1752.636 1750.732 1748.827 1747.167 1745.824 1744.482 1743.139 1741.796 1740.359 1738.909 1737.46 1736.01 1734.617 1733.335 1732.054 1730.772 1729.491 1728.135 1726.758 1725.382 1724.005 1722.66 1721.418 1720.176 1718.934 1717.692 1716.752 1715.952 1715.153 1714.354 1713.615 1713.279 1712.943 1712.608 1712.272 1712.131 1712.131
1794.498 1793.37 1792.241 1790.928 1789.55 1788.172 1786.794 1785.417 1784.039 1782.661 1781.283 1779.905 1778.387 1776.789 1775.192 1773.594 1772.005 1770.511 1769.016 1767.521 1766.026 1764.265 1762.274 1760.282 1758.291 1756.299 1754.394 1752.489 1750.585 1748.68 1747.001 1745.616 1744.23 1742.844 1741.458 1740.011 1738.556 1737.101 1735.646 1734.228 1732.882 1731.536 1730.189 1728.843 1727.469 1726.087 1724.706 1723.324 1721.968 1720.699 1719.43 1718.161 1716.892 1715.907 1715.053 1714.2 1713.347 1712.56 1712.214 1711.867 1711.521 1711.174 1711.029 1711.029
1793.947 1792.835 1791.723 1790.438 1789.092 1787.746 1786.401 1785.055 1783.71 1782.364 1781.018 1779.673 1778.187 1776.622 1775.056 1773.491 1771.933 1770.455 1768.976 1767.497 1766.019 1764.248 1762.224 1760.2 1758.177 1756.153 1754.247 1752.342 1750.438 1748.533 1746.836 1745.407 1743.978 1742.549 1741.12 1739.664 1738.203 1736.743 1735.282 1733.839 1732.428 1731.017 1729.607 1728.196 1726.804 1725.417 1724.029 1722.642 1721.276 1719.98 1718.684 1717.388 1716.093 1715.062 1714.155 1713.248 1712.341 1711.505 1711.148 1710.791 1710.434 1710.077 1709.927 1709.927
1793.256 1792.17 1791.084 1789.832 1788.52 1787.208 1785.896 1784.584 1783.269 1781.954 1780.639 1779.324 1777.873 1776.344 1774.815 1773.287 1771.763 1770.299 1768.835 1767.371 1765.907 1764.135 1762.097 1760.059 1758.021 1755.983 1754.085 1752.189 1750.293 1748.397 1746.689 1745.226 1743.763 1742.299 1740.836 1739.371 1737.906 1736.442 1734.977 1733.51 1732.04 1730.57 1729.1 1727.63 1726.218 1724.821 1723.425 1722.029 1720.65 1719.325 1718.001 1716.677 1715.352 1714.268 1713.297 1712.326 1711.355 1710.462 1710.088 1709.714 1709.34 1708.966 1708.818 1708.834
1791.824 1790.819 1789.814 1788.614 1787.345 1786.077 1784.808 1783.535 1782.242 1780.948 1779.655 1778.361 1776.955 1775.486 1774.016 1772.547 1771.078 1769.619 1768.161 1766.702 1765.243 1763.517 1761.559 1759.602 1757.645 1755.688 1753.844 1752.002 1750.16 1748.318 1746.645 1745.193 1743.74 1742.287 1740.835 1739.371 1737.906 1736.442 1734.977 1733.499 1731.997 1730.495 1728.992 1727.49 1726.049 1724.626 1723.203 1721.781 1720.372 1719.01 1717.647 1716.285 1714.923 1713.747 1712.657 1711.568 1710.478 1709.476 1709.053 1708.631 1708.208 1707.786 1707.677 1707.796
1790.392 1789.468 1788.544 1787.397 1786.171 1784.946 1783.72 1782.486 1781.214 1779.942 1778.67 1777.398 1776.038 1774.627 1773.217 1771.807 1770.393 1768.939 1767.486 1766.032 1764.579 1762.899 1761.022 1759.146 1757.269 1755.392 1753.603 1751.815 1750.027 1748.238 1746.601 1745.159 1743.717 1742.276 1740.834 1739.371 1737.906 1736.442 1734.977 1733.488 1731.954 1730.419 1728.884 1727.35 1725.881 1724.432 1722.982 1721.532 1720.093 1718.694 1717.294 1715.894 1714.494 1713.225 1712.017 1710.809 1709.601 1708.49 1708.019 1707.548 1707.077 1706.606 1706.536 1706.757
