data/zism_data/00347_04_D.txt
ncols         224
nrows         224
[rows 112 to 139 of 224, columns 0 to 63 of 224]
859.001 848.463 837.9244 829.1693 822.4755 815.7819 809.0881 802.3945 798.5217 794.8694 791.217 787.5648 784.7422 783.2104 781.6788 780.147 778.6153 780.649 783.287 785.9251 788.5631 791.0347 793.1503 795.2661 797.3817 799.4974 800.0662 800.2054 800.3445 800.4837 800.5519 800.4028 800.2538 800.1049 799.9559 796.9065 792.6732 788.4399 784.2066 779.2328 770.7407 762.2488 753.7567 745.2648 737.1996 729.3767 721.554 713.731 705.3565 692.0932 678.8304 665.5671 652.3042 640.57 630.0124 619.4543 608.8967 598.6139 597.5432 596.4724 595.4016 594.3308 594.8139 596.8965
862.4443 852.7216 842.9985 834.5603 827.6073 820.6545 813.7015 806.7488 801.8204 797.0505 792.2803 787.5104 783.4666 780.5524 777.6384 774.7242 771.8101 773.7035 776.4117 779.1201 781.8283 784.7075 787.9517 791.1959 794.4401 797.6844 798.7141 799.1286 799.5432 799.9577 800.2427 800.1315 800.0203 799.9091 799.7979 796.7058 792.3969 788.0881 783.7792 778.695 769.9275 761.1602 752.3926 743.6254 735.2401 727.0716 718.9033 710.7348 702.1188 689.5358 676.9533 664.3704 651.7878 641.2346 632.2429 623.2509 614.2593 605.5404 605.9653 606.3902 606.8151 607.2401 608.6042 610.9352
865.8876 856.9802 848.0725 839.9514 832.7392 825.5272 818.315 811.103 805.1192 799.2316 793.3437 787.4561 782.1909 777.8944 773.598 769.3014 765.0049 766.7581 769.5365 772.315 775.0934 778.3803 782.753 787.1259 791.4985 795.8713 797.3618 798.0518 798.7418 799.4318 799.9337 799.8602 799.7868 799.7134 799.64 796.5052 792.1207 787.7363 783.3517 778.1572 769.1143 760.0717 751.0287 741.986 733.2806 724.7665 716.2527 707.7386 698.881 686.9785 675.0763 663.1736 651.2715 641.8992 634.4734 627.0475 619.6218 612.4669 614.3875 616.308 618.2287 620.1492 622.3945 624.9739
869.3309 861.2388 853.1465 845.3425 837.871 830.3999 822.9285 815.4573 808.418 801.4127 794.407 787.4017 780.9152 775.2364 769.5576 763.8786 758.1998 759.8126 762.6613 765.51 768.3586 772.0532 777.5544 783.0557 788.5569 794.0583 796.0096 796.975 797.9404 798.9058 799.6246 799.5889 799.5533 799.5177 799.4821 796.3045 791.8444 787.3845 782.9243 777.6194 768.3011 758.983 749.6647 740.3467 731.3211 722.4614 713.6021 704.7424 695.6433 684.4211 673.1992 661.977 650.7551 642.5637 636.704 630.8441 624.9844 619.3934 622.8097 626.2259 629.6422 633.0585 636.1848 639.0125
872.3923 865.1151 857.8375 850.3702 842.6827 834.9956 827.3082 819.621 811.5865 803.5251 795.4635 787.4021 779.7415 772.7051 765.6686 758.632 751.5955 752.9953 755.825 758.6547 761.4844 765.5093 772.0874 778.6656 785.2437 791.822 794.2658 795.5614 796.857 798.1525 799.1328 799.1488 799.1647 799.1807 799.1967 795.9633 791.4034 786.8438 782.2839 776.8505 767.2665 757.6827 748.0986 738.5149 729.2286 720.111 710.9937 701.8761 692.6232 682.1686 671.7144 661.2598 650.8056 643.8082 639.4703 635.1323 630.7944 626.7208 631.4993 636.2778 641.0566 645.8351 649.7573 652.7977
869.2496 862.7769 856.304 849.4934 842.2919 835.0907 827.8893 820.688 812.6387 804.5233 796.4077 788.2923 780.2248 772.2326 764.2404 756.2479 748.2557 748.2611 749.6221 750.9832 752.3443 755.4446 762.2602 769.076 775.8916 782.7074 786.158 788.674 791.1899 793.7057 795.6736 795.965 796.2562 796.5475 796.8389 793.3364 788.2852 783.2341 778.183 772.3249 762.6328 752.9411 743.249 733.5573 724.9756 717.0244 709.0734 701.1221 693.139 684.8712 676.6038 668.3361 660.0686 654.4768 650.9435 647.41 643.8767 640.561 644.535 648.509 652.4832 656.4572 659.7904 662.4636
866.1069 860.4387 854.7704 848.6166 841.9011 835.1859 828.4703 821.7551 813.6908 805.5214 797.3518 789.1824 780.7081 771.7601 762.8122 753.8639 744.916 743.527 743.4194 743.3118 743.2042 745.3798 752.4329 759.4863 766.5395 773.5929 778.0502 781.7865 785.5228 789.259 792.2144 792.7811 793.3478 793.9144 794.4811 790.7095 785.1669 779.6246 774.082 767.7993 757.9992 748.1995 738.3994 728.5997 720.7226 713.9377 707.153 700.368 693.6547 687.5739 681.4932 675.4123 669.3316 665.1453 662.4166 659.6877 656.959 654.4012 657.5707 660.7402 663.9098 667.0793 669.8234 672.1295
862.9642 858.1005 853.2368 847.7398 841.5103 835.2809 829.0514 822.8221 814.743 806.5196 798.296 790.0726 781.1914 771.2877 761.384 751.4799 741.5761 738.7928 737.2166 735.6403 734.064 735.315 742.6057 749.8967 757.1874 764.4783 769.9423 774.899 779.8557 784.8122 788.7552 789.5972 790.4393 791.2813 792.1234 788.0826 782.0486 776.015 769.981 763.2736 753.3655 743.4579 733.5498 723.6422 716.4696 710.851 705.2326 699.614 694.1705 690.2764 686.3825 682.4885 678.5946 675.8139 673.8897 671.9655 670.0413 668.2415 670.6064 672.9714 675.3364 677.7014 679.8565 681.7954
859.8214 855.7624 851.7032 846.863 841.1194 835.376 829.6324 823.8891 815.7951 807.5178 799.2402 790.9628 781.6747 770.8152 759.9557 749.0958 738.2363 734.0587 731.0138 727.9688 724.9239 725.2502 732.7785 740.307 747.8353 755.3638 761.8345 768.0116 774.1885 780.3655 785.296 786.4134 787.5308 788.6481 789.7656 785.4557 778.9304 772.4053 765.8801 758.7479 748.7319 738.7162 728.7002 718.6845 712.2166 707.7643 703.3122 698.8599 694.6863 692.9791 691.2719 689.5647 687.8575 686.4825 685.3629 684.2432 683.1236 682.0817 683.6421 685.2026 686.7631 688.3235 689.8896 691.4613
855.7635 852.4667 849.1699 844.9586 839.6898 834.421 829.1522 823.8834 816.171 808.2678 800.3644 792.4613 783.2795 772.1093 760.9392 749.7687 738.5986 733.1851 728.7477 724.3101 719.8726 718.9982 725.7357 732.4735 739.2111 745.9489 752.6537 759.3498 766.0455 772.7413 778.2112 779.9308 781.6503 783.3699 785.0894 781.3234 775.3181 769.313 763.3077 756.7123 747.3124 737.9127 728.5128 719.1132 713.2331 709.3527 705.4725 701.592 698.03 697.287 696.5441 695.801 695.058 694.2591 693.4172 692.5753 691.7335 690.9432 691.8851 692.827 693.7689 694.7108 695.7807 696.9824
850.8666 848.2934 845.7202 842.1123 837.3077 832.5034 827.6989 822.8945 815.9269 808.7905 801.6538 794.5174 785.9122 775.0228 764.1335 753.2438 742.3544 735.8505 730.0901 724.3296 718.5692 716.241 721.2454 726.2499 731.2542 736.2587 742.4896 749.0614 755.633 762.2046 767.8031 770.4243 773.0457 775.6669 778.2881 775.811 771.2529 766.6948 762.1366 756.9591 748.839 740.7191 732.5989 724.4791 719.0799 715.2265 711.3732 707.5198 703.9662 703.0666 702.167 701.2674 700.3679 699.3848 698.3378 697.2906 696.2436 695.2411 695.7349 696.2286 696.7223 697.216 697.8751 698.7042
845.9697 844.1201 842.2704 839.2659 834.9258 830.5858 826.2456 821.9056 815.6828 809.3131 802.9432 796.5735 788.5449 777.9363 767.3278 756.7188 746.1103 738.5158 731.4326 724.3491 717.2659 713.4839 716.755 720.0262 723.2973 726.5685 732.3254 738.7731 745.2205 751.6678 757.395 760.9178 764.4409 767.9639 771.4869 770.2988 767.1876 764.0766 760.9655 757.2059 750.3656 743.5255 736.6851 729.845 724.9267 721.1003 717.274 713.4476 709.9023 708.8461 707.79 706.7338 705.6777 704.5106 703.2584 702.006 700.7538 699.5391 699.5847 699.6302 699.6758 699.7213 699.9694 700.426
841.0728 839.9468 838.8207 836.4196 832.5438 828.6682 824.7924 820.9167 815.4387 809.8358 804.2326 798.6296 791.1776 780.8498 770.522 760.1939 749.8661 741.1812 732.775 724.3686 715.9625 710.7267 712.2646 713.8026 715.3404 716.8784 722.1613 728.4847 734.8079 741.1312 746.9868 751.4114 755.8362 760.2609 764.6856 764.7864 763.1224 761.4584 759.7944 757.4528 751.8922 746.3318 740.7712 735.2109 730.7735 726.9741 723.1748 719.3754 715.8385 714.6257 713.413 712.2002 710.9875 709.6364 708.1789 706.7214 705.2639 703.837 703.4344 703.0318 702.6292 702.2266 702.0638 702.1478
836.176 835.7735 835.3711 833.5732 830.1619 826.7505 823.3391 819.9278 815.1946 810.3584 805.522 800.6857 793.8102 783.7632 773.7162 763.6689 753.6219 743.8465 734.1175 724.3881 714.6592 707.9697 707.7744 707.579 707.3837 707.1883 711.9973 718.1966 724.3956 730.5946 736.5789 741.9052 747.2316 752.558 757.8845 759.2742 759.0573 758.8403 758.6233 757.6996 753.4188 749.1381 744.8574 740.5767 736.6202 732.8478 729.0755 725.3031 721.7745 720.4052 719.0359 717.6665 716.2972 714.762 713.0994 711.4366 709.774 708.1349 707.2841 706.4333 705.5826 704.7318 704.1581 703.8696
830.3765 830.2825 830.1886 828.7419 825.731 822.7203 819.7094 816.6985 812.2664 807.7232 803.1799 798.6368 792.1746 782.7277 773.2808 763.8336 754.3867 744.8183 735.2297 725.6409 716.0523 709.235 708.3387 707.4424 706.5461 705.6498 709.5929 714.8803 720.1676 725.4548 730.7957 736.3001 741.8047 747.309 752.8136 755.6 757.2772 758.9542 760.6313 761.5171 758.6438 755.7706 752.8974 750.0242 746.2997 742.0913 737.8831 733.6747 729.6376 727.1165 724.5955 722.0745 719.5535 717.2061 714.9924 712.7785 710.5648 708.389 707.4893 706.5894 705.6896 704.7897 704.1859 703.8866
824.5637 824.7722 824.9806 823.8814 821.2701 818.6589 816.0475 813.4363 809.2985 805.0416 800.7845 796.5275 790.4761 781.634 772.7919 763.9495 755.1074 745.7652 736.3386 726.9117 717.4851 710.5594 708.9775 707.3954 705.8134 704.2313 707.3027 711.6667 716.0306 720.3944 725.0807 730.7524 736.4244 742.0963 747.7682 751.9529 755.5307 759.1084 762.6862 765.3871 763.9233 762.4595 760.9956 759.5318 756.0356 751.3844 746.7334 742.0822 737.5289 733.8416 730.1543 726.4669 722.7796 719.6107 716.8408 714.0707 711.3008 708.5837 707.6407 706.6978 705.7547 704.8116 704.1832 703.8785
818.7509 819.2617 819.7726 819.0209 816.8091 814.5975 812.3857 810.1741 806.3307 802.3599 798.389 794.4182 788.7777 780.5403 772.303 764.0654 755.8281 746.7121 737.4474 728.1825 718.9179 711.8839 709.6162 707.3484 705.0806 702.8128 705.0125 708.4531 711.8936 715.334 719.3656 725.2048 731.0442 736.8834 742.7228 748.3057 753.7842 759.2625 764.741 769.2571 769.2027 769.1483 769.0938 769.0394 765.7715 760.6775 755.5837 750.4897 745.4203 740.5666 735.713 730.8593 726.0057 722.0153 718.6892 715.363 712.0368 708.7784 707.7922 706.806 705.8198 704.8336 704.1805 703.8705
812.9381 813.7513 814.5646 814.1603 812.3482 810.5361 808.7239 806.9119 803.3629 799.6782 795.9935 792.3089 787.0793 779.4467 771.8142 764.1814 756.5488 747.6589 738.5563 729.4534 720.3507 713.2084 710.2549 707.3014 704.3479 701.3943 702.7222 705.2394 707.7565 710.2736 713.6506 719.6572 725.664 731.6706 737.6774 744.6586 752.0377 759.4167 766.7959 773.1272 774.4822 775.8371 777.1921 778.547 775.5074 769.9706 764.434 758.8973 753.3117 747.2916 741.2717 735.2516 729.2318 724.4199 720.5377 716.6552 712.7728 708.9731 707.9437 706.9143 705.8849 704.8555 704.1779 703.8624
807.7178 808.717 809.7162 809.3911 807.5345 805.6781 803.8216 801.9651 798.4038 794.7094 791.0149 787.3206 782.3615 775.4356 768.5097 761.5836 754.6578 746.349 737.8062 729.263 720.7202 713.8489 710.5493 707.2496 703.95 700.6503 701.3379 703.133 704.9281 706.7232 709.4801 715.1786 720.8774 726.5759 732.2747 740.0098 748.5764 757.1428 765.7094 773.2566 775.9627 778.6688 781.3749 784.081 781.4528 775.7935 770.1343 764.475 758.6851 751.7364 744.788 737.8393 730.8909 725.4446 721.1541 716.8634 712.5729 708.3772 707.3628 706.3484 705.334 704.3196 703.6673 703.3877
803.2239 804.2662 805.3087 804.7337 802.2886 799.8436 797.3985 794.9535 791.0039 786.937 782.8699 778.8029 773.9424 767.8481 761.7538 755.6594 749.5651 742.2725 734.7772 727.2816 719.7862 713.6508 710.4214 707.1919 703.9625 700.733 701.064 702.3839 703.7038 705.0237 707.203 712.0106 716.8184 721.626 726.4338 734.1331 743.0129 751.8925 760.7723 768.8007 772.7866 776.7724 780.7583 784.7441 782.7517 777.3624 771.9732 766.5838 760.9719 753.386 745.8005 738.2147 730.6292 724.7776 720.2603 715.7428 711.2255 706.8121 705.8841 704.9561 704.0281 703.1001 702.5342 702.3409
798.7299 799.8155 800.9011 800.0764 797.0427 794.0091 790.9754 787.9418 783.6041 779.1645 774.7249 770.2853 765.5235 760.2607 754.998 749.7351 744.4724 738.196 731.7482 725.3001 718.8522 713.4528 710.2935 707.1342 703.975 700.8157 700.7901 701.6348 702.4796 703.3242 704.9259 708.8426 712.7595 716.6762 720.5931 728.2565 737.4495 746.6422 755.8351 764.3448 769.6105 774.876 780.1417 785.4072 784.0507 778.9313 773.8121 768.6926 763.2586 755.0356 746.813 738.59 730.3674 724.1106 719.3665 714.6222 709.8781 705.247 704.4054 703.5638 702.7222 701.8806 701.401 701.2942
794.236 795.3647 796.4935 795.419 791.7968 788.1746 784.5523 780.9302 776.2042 771.392 766.5798 761.7677 757.1045 752.6733 748.2421 743.8109 739.3797 734.1196 728.7192 723.3186 717.9183 713.2547 710.1656 707.0766 703.9875 700.8985 700.5162 700.8857 701.2552 701.6248 702.6488 705.6746 708.7006 711.7264 714.7523 722.3799 731.886 741.3918 750.8979 759.8889 766.4343 772.9796 779.5251 786.0704 785.3496 780.5002 775.6509 770.8015 765.5454 756.6853 747.8255 738.9654 730.1056 723.4436 718.4727 713.5016 708.5307 703.6819 702.9267 702.1715 701.4163 700.661 700.2679 700.2474
789.742 790.9139 792.0859 790.7616 786.5508 782.3401 778.1293 773.9186 768.8043 763.6196 758.4348 753.2501 748.6855 745.0859 741.4863 737.8866 734.287 730.0431 725.6902 721.3372 716.9843 713.0566 710.0378 707.0189 704.0001 700.9812 700.2423 700.1366 700.0309 699.9253 700.3717 702.5066 704.6416 706.7766 708.9115 716.5032 726.3225 736.1415 745.9608 755.4329 763.2582 771.0832 778.9084 786.7335 786.6486 782.0691 777.4897 772.9103 767.8322 758.3349 748.838 739.3408 729.8438 722.7766 717.5789 712.381 707.1833 702.1168 701.448 700.7792 700.1103 699.4415 699.1347 699.2007
787.8844 789.5679 791.2515 789.8805 784.9775 780.0748 775.1718 770.269 764.3246 758.299 752.2732 746.2476 741.402 738.3924 735.3828 732.373 729.3635 725.8605 722.2741 718.6876 715.1011 711.784 709.0424 706.3008 703.5593 700.8176 700.1182 699.986 699.8538 699.7216 700.1387 702.2355 704.3325 706.4294 708.5264 715.9654 725.5851 735.2045 744.8243 754.0233 761.2252 768.4268 775.6287 782.8304 782.4026 777.6395 772.8766 768.1136 762.9444 754.1757 745.4072 736.6384 727.8699 721.2728 716.3462 711.4195 706.493 701.6815 700.7293 699.7772 698.825 697.8728 697.2122 696.8518
786.2779 788.5175 790.7573 789.359 783.7541 778.1494 772.5444 766.9397 760.123 753.2119 746.3005 739.3894 734.2267 731.7841 729.3414 726.8987 724.4561 721.6678 718.8211 715.9743 713.1276 710.4091 707.9645 705.5198 703.0753 700.6306 700.0084 699.8924 699.7764 699.6605 700.1003 702.2404 704.3806 706.5206 708.6608 715.936 725.3073 734.6784 744.0497 752.9036 759.301 765.6981 772.0954 778.4925 777.6285 772.6387 767.649 762.6592 757.3734 749.4631 741.5532 733.6429 725.733 719.6891 715.0812 710.4731 705.8652 701.3538 700.0831 698.8123 697.5416 696.2708 695.2145 694.379
784.6713 787.4672 790.2631 788.8375 782.5306 776.2239 769.9171 763.6104 755.9214 748.1248 740.3279 732.5313 727.0514 725.1757 723.3 721.4243 719.5486 717.4751 715.3681 713.261 711.1541 709.0341 706.8865 704.7388 702.5912 700.4435 699.8986 699.7988 699.699 699.5992 700.062 702.2452 704.4286 706.6119 708.7953 715.9066 725.0295 734.1522 743.2753 751.784 757.3768 762.9693 768.562 774.1545 772.8545 767.6379 762.4215 757.2049 751.8024 744.7506 737.6992 730.6475 723.596 718.1055 713.8162 709.5267 705.2374 701.0261 699.4368 697.8475 696.2581 694.6688 693.2167 691.9061
783.0648 786.4168 789.7689 788.316 781.3072 774.2985 767.2897 760.281 751.7198 743.0377 734.3552 725.6731 719.876 718.5673 717.2587 715.9499 714.6412 713.2824 711.9152 710.5479 709.1806 707.6591 705.8085 703.9578 702.1072 700.2565 699.7888 699.7052 699.6216 699.538 700.0236 702.2501 704.4767 706.7031 708.9297 715.8771 724.7518 733.6261 742.5007 750.6644 755.4525 760.2405 765.0286 769.8167 768.0804 762.6371 757.1939 751.7505 746.2313 740.0381 733.8452 727.652 721.459 716.522 712.5512 708.5803 704.6096 700.6985 698.7906 696.8827 694.9747 693.0668 691.2191 689.4332
780.3705 784.3255 788.2806 787.2954 780.5978 773.9005 767.2029 760.5056 751.3533 742.0094 732.6652 723.3214 717.0599 715.5939 714.1277 712.6616 711.1955 710.2011 709.2867 708.3723 707.4578 706.3344 704.7645 703.1945 701.6245 700.0546 699.6796 699.6367 699.5937 699.5507 700.0921 702.4208 704.7496 707.0782 709.407 716.0762 724.5173 732.9581 741.3992 749.0843 753.1797 757.2751 761.3705 765.4658 763.4119 757.8639 752.316 746.7679 741.2167 735.6359 730.0553 724.4745 718.8938 714.4709 710.9388 707.4066 703.8744 700.3855 698.3462 696.3069 694.2676 692.2283 690.0536 687.7397
