data/zism_data/00351_01_D.txt
ncols         224
nrows         224
[rows 174 to 202 of 224, columns 130 to 194 of 224]
1364.048 1363.747 1363.465 1363.182 1362.9 1362.617 1362.25 1361.884 1361.518 1361.152 1360.812 1360.501 1360.191 1359.881 1359.571 1359.302 1359.037 1358.772 1358.507 1358.273 1358.095 1357.918 1357.74 1357.562 1357.495 1357.453 1357.411 1357.369 1357.338 1357.338 1357.338 1357.338 1357.338 1357.338 1357.338 1357.338 1357.338 1357.338 1357.338 1357.338 1357.338 1357.338 1357.302 1357.242 1357.183 1357.124 1357.059 1356.898 1356.738 1356.577 1356.417 1356.247 1356.07 1355.892 1355.714 1355.536 1355.559 1355.59 1355.621 1355.652 1355.696 1355.759 1355.821 1355.884 1355.946
1364.26 1363.985 1363.735 1363.485 1363.235 1362.983 1362.617 1362.25 1361.884 1361.518 1361.188 1360.899 1360.61 1360.321 1360.033 1359.775 1359.521 1359.267 1359.012 1358.792 1358.63 1358.468 1358.307 1358.145 1358.068 1358.009 1357.951 1357.893 1357.85 1357.85 1357.85 1357.85 1357.85 1357.85 1357.85 1357.85 1357.85 1357.85 1357.85 1357.85 1357.85 1357.85 1357.818 1357.764 1357.71 1357.656 1357.595 1357.43 1357.264 1357.098 1356.932 1356.768 1356.607 1356.445 1356.283 1356.122 1356.129 1356.144 1356.159 1356.175 1356.196 1356.226 1356.257 1356.287 1356.317
1364.486 1364.234 1364.013 1363.793 1363.572 1363.349 1362.983 1362.617 1362.25 1361.884 1361.564 1361.296 1361.028 1360.761 1360.493 1360.247 1360.003 1359.759 1359.514 1359.306 1359.159 1359.013 1358.866 1358.72 1358.633 1358.561 1358.489 1358.417 1358.363 1358.363 1358.363 1358.363 1358.363 1358.363 1358.363 1358.363 1358.363 1358.363 1358.363 1358.363 1358.363 1358.363 1358.333 1358.284 1358.235 1358.186 1358.129 1357.958 1357.786 1357.615 1357.443 1357.286 1357.141 1356.996 1356.852 1356.707 1356.701 1356.701 1356.701 1356.701 1356.699 1356.697 1356.694 1356.691 1356.688
1364.918 1364.665 1364.428 1364.191 1363.954 1363.715 1363.349 1362.983 1362.617 1362.25 1361.938 1361.686 1361.434 1361.183 1360.931 1360.687 1360.442 1360.198 1359.954 1359.745 1359.599 1359.452 1359.306 1359.159 1359.086 1359.03 1358.974 1358.917 1358.876 1358.876 1358.876 1358.876 1358.876 1358.876 1358.876 1358.876 1358.876 1358.876 1358.876 1358.876 1358.876 1358.876 1358.843 1358.788 1358.734 1358.679 1358.617 1358.435 1358.253 1358.07 1357.888 1357.741 1357.629 1357.516 1357.404 1357.292 1357.287 1357.287 1357.287 1357.287 1357.266 1357.215 1357.164 1357.113 1357.062
1365.351 1365.095 1364.842 1364.589 1364.336 1364.082 1363.715 1363.349 1362.983 1362.617 1362.311 1362.076 1361.84 1361.605 1361.369 1361.126 1360.882 1360.638 1360.393 1360.185 1360.038 1359.892 1359.745 1359.599 1359.539 1359.498 1359.458 1359.418 1359.389 1359.389 1359.389 1359.389 1359.389 1359.389 1359.389 1359.389 1359.389 1359.389 1359.389 1359.389 1359.389 1359.389 1359.352 1359.292 1359.232 1359.172 1359.105 1358.912 1358.719 1358.526 1358.333 1358.197 1358.117 1358.037 1357.956 1357.876 1357.873 1357.873 1357.873 1357.873 1357.832 1357.733 1357.634 1357.534 1357.435
1365.783 1365.525 1365.256 1364.987 1364.718 1364.448 1364.082 1363.715 1363.349 1362.983 1362.685 1362.466 1362.246 1362.027 1361.807 1361.565 1361.321 1361.077 1360.833 1360.624 1360.478 1360.331 1360.185 1360.038 1359.991 1359.967 1359.943 1359.919 1359.901 1359.901 1359.901 1359.901 1359.901 1359.901 1359.901 1359.901 1359.901 1359.901 1359.901 1359.901 1359.901 1359.901 1359.862 1359.796 1359.731 1359.666 1359.593 1359.389 1359.185 1358.981 1358.778 1358.653 1358.605 1358.557 1358.509 1358.461 1358.459 1358.459 1358.459 1358.459 1358.399 1358.251 1358.103 1357.956 1357.808
1366.216 1365.956 1365.671 1365.385 1365.1 1364.814 1364.448 1364.082 1363.715 1363.349 1363.059 1362.855 1362.652 1362.449 1362.246 1362.005 1361.761 1361.517 1361.272 1361.064 1360.917 1360.771 1360.624 1360.478 1360.444 1360.436 1360.428 1360.42 1360.414 1360.414 1360.414 1360.414 1360.414 1360.414 1360.414 1360.414 1360.414 1360.414 1360.414 1360.414 1360.414 1360.414 1360.371 1360.3 1360.23 1360.159 1360.08 1359.866 1359.651 1359.437 1359.222 1359.109 1359.093 1359.077 1359.061 1359.045 1359.045 1359.045 1359.045 1359.045 1358.965 1358.769 1358.573 1358.377 1358.181
1366.615 1366.354 1366.061 1365.768 1365.474 1365.181 1364.839 1364.497 1364.156 1363.814 1363.531 1363.317 1363.102 1362.888 1362.674 1362.449 1362.224 1361.999 1361.774 1361.583 1361.453 1361.323 1361.193 1361.063 1361.038 1361.038 1361.038 1361.038 1361.038 1361.038 1361.038 1361.038 1361.038 1361.038 1361.038 1361.038 1361.038 1361.038 1361.038 1361.038 1361.038 1361.038 1360.979 1360.881 1360.783 1360.685 1360.581 1360.37 1360.158 1359.946 1359.735 1359.622 1359.606 1359.59 1359.573 1359.557 1359.541 1359.524 1359.508 1359.492 1359.396 1359.185 1358.973 1358.761 1358.55
1366.981 1366.72 1366.427 1366.134 1365.841 1365.548 1365.254 1364.961 1364.667 1364.374 1364.1 1363.848 1363.596 1363.344 1363.092 1362.899 1362.711 1362.524 1362.336 1362.181 1362.083 1361.985 1361.887 1361.789 1361.771 1361.771 1361.771 1361.771 1361.771 1361.771 1361.771 1361.771 1361.771 1361.771 1361.771 1361.771 1361.771 1361.771 1361.771 1361.771 1361.771 1361.771 1361.682 1361.536 1361.39 1361.244 1361.095 1360.899 1360.704 1360.508 1360.313 1360.192 1360.143 1360.095 1360.046 1359.998 1359.949 1359.901 1359.852 1359.804 1359.696 1359.5 1359.305 1359.109 1358.914
1367.347 1367.086 1366.793 1366.5 1366.207 1365.915 1365.67 1365.424 1365.179 1364.934 1364.668 1364.379 1364.089 1363.8 1363.51 1363.348 1363.198 1363.048 1362.898 1362.779 1362.713 1362.647 1362.581 1362.516 1362.503 1362.503 1362.503 1362.503 1362.503 1362.503 1362.503 1362.503 1362.503 1362.503 1362.503 1362.503 1362.503 1362.503 1362.503 1362.503 1362.503 1362.503 1362.385 1362.191 1361.996 1361.802 1361.608 1361.429 1361.25 1361.07 1360.891 1360.762 1360.681 1360.6 1360.52 1360.439 1360.358 1360.277 1360.197 1360.116 1359.995 1359.816 1359.636 1359.457 1359.278
1367.713 1367.452 1367.159 1366.866 1366.573 1366.282 1366.085 1365.888 1365.691 1365.494 1365.237 1364.91 1364.583 1364.256 1363.929 1363.798 1363.685 1363.573 1363.46 1363.376 1363.343 1363.309 1363.276 1363.242 1363.236 1363.236 1363.236 1363.236 1363.236 1363.236 1363.236 1363.236 1363.236 1363.236 1363.236 1363.236 1363.236 1363.236 1363.236 1363.236 1363.236 1363.236 1363.088 1362.845 1362.603 1362.36 1362.122 1361.959 1361.796 1361.632 1361.469 1361.331 1361.218 1361.105 1360.993 1360.88 1360.767 1360.654 1360.541 1360.428 1360.295 1360.131 1359.968 1359.805 1359.641
1368.08 1367.818 1367.526 1367.232 1366.939 1366.649 1366.5 1366.351 1366.203 1366.054 1365.805 1365.441 1365.076 1364.712 1364.347 1364.247 1364.172 1364.097 1364.022 1363.974 1363.973 1363.971 1363.97 1363.968 1363.968 1363.968 1363.968 1363.968 1363.968 1363.968 1363.968 1363.968 1363.968 1363.968 1363.968 1363.968 1363.968 1363.968 1363.968 1363.968 1363.968 1363.968 1363.791 1363.5 1363.209 1362.918 1362.636 1362.489 1362.341 1362.194 1362.047 1361.901 1361.756 1361.611 1361.466 1361.321 1361.175 1361.03 1360.885 1360.74 1360.594 1360.447 1360.3 1360.153 1360.005
1368.509 1368.266 1367.994 1367.721 1367.449 1367.178 1366.995 1366.813 1366.63 1366.448 1366.195 1365.859 1365.524 1365.188 1364.853 1364.757 1364.684 1364.61 1364.537 1364.49 1364.49 1364.49 1364.49 1364.49 1364.49 1364.49 1364.49 1364.49 1364.49 1364.49 1364.49 1364.49 1364.49 1364.49 1364.49 1364.49 1364.49 1364.487 1364.467 1364.446 1364.426 1364.405 1364.234 1363.967 1363.7 1363.432 1363.172 1363.036 1362.9 1362.764 1362.628 1362.463 1362.27 1362.077 1361.885 1361.692 1361.544 1361.397 1361.25 1361.104 1360.939 1360.746 1360.553 1360.361 1360.168
1368.942 1368.718 1368.467 1368.216 1367.965 1367.714 1367.494 1367.274 1367.054 1366.834 1366.576 1366.273 1365.969 1365.666 1365.363 1365.27 1365.196 1365.123 1365.05 1365.003 1365.003 1365.003 1365.003 1365.003 1365.003 1365.003 1365.003 1365.003 1365.003 1365.003 1365.003 1365.003 1365.003 1365.003 1365.003 1365.003 1365.003 1364.996 1364.954 1364.912 1364.87 1364.828 1364.666 1364.425 1364.185 1363.944 1363.71 1363.585 1363.459 1363.334 1363.208 1363.024 1362.783 1362.542 1362.301 1362.06 1361.91 1361.763 1361.617 1361.47 1361.285 1361.044 1360.803 1360.563 1360.322
1369.374 1369.17 1368.94 1368.711 1368.481 1368.251 1367.994 1367.736 1367.478 1367.221 1366.957 1366.686 1366.415 1366.144 1365.873 1365.782 1365.709 1365.636 1365.563 1365.516 1365.516 1365.516 1365.516 1365.516 1365.516 1365.516 1365.516 1365.516 1365.516 1365.516 1365.516 1365.516 1365.516 1365.516 1365.516 1365.516 1365.516 1365.506 1365.442 1365.379 1365.315 1365.252 1365.097 1364.883 1364.67 1364.456 1364.248 1364.133 1364.019 1363.904 1363.789 1363.586 1363.297 1363.007 1362.718 1362.429 1362.276 1362.13 1361.983 1361.836 1361.632 1361.343 1361.053 1360.764 1360.475
1369.807 1369.621 1369.413 1369.205 1368.997 1368.788 1368.493 1368.197 1367.902 1367.607 1367.338 1367.099 1366.86 1366.622 1366.383 1366.295 1366.222 1366.149 1366.075 1366.029 1366.029 1366.029 1366.029 1366.029 1366.029 1366.029 1366.029 1366.029 1366.029 1366.029 1366.029 1366.029 1366.029 1366.029 1366.029 1366.029 1366.029 1366.015 1365.93 1365.845 1365.76 1365.676 1365.529 1365.342 1365.155 1364.968 1364.786 1364.682 1364.578 1364.474 1364.37 1364.147 1363.81 1363.472 1363.135 1362.797 1362.642 1362.496 1362.349 1362.203 1361.979 1361.641 1361.304 1360.966 1360.629
1370.221 1370.041 1369.85 1369.659 1369.468 1369.275 1368.96 1368.645 1368.329 1368.014 1367.745 1367.53 1367.314 1367.099 1366.884 1366.8 1366.729 1366.658 1366.587 1366.541 1366.541 1366.541 1366.541 1366.541 1366.541 1366.541 1366.541 1366.541 1366.541 1366.541 1366.541 1366.541 1366.541 1366.541 1366.541 1366.541 1366.541 1366.525 1366.421 1366.316 1366.212 1366.108 1365.966 1365.799 1365.633 1365.466 1365.303 1365.194 1365.086 1364.977 1364.869 1364.63 1364.263 1363.897 1363.531 1363.165 1362.988 1362.819 1362.651 1362.483 1362.232 1361.862 1361.491 1361.121 1360.75
1370.608 1370.413 1370.233 1370.052 1369.872 1369.69 1369.38 1369.07 1368.76 1368.451 1368.19 1367.985 1367.78 1367.576 1367.371 1367.293 1367.227 1367.162 1367.096 1367.054 1367.054 1367.054 1367.054 1367.054 1367.054 1367.054 1367.054 1367.054 1367.054 1367.054 1367.054 1367.054 1367.054 1367.054 1367.054 1367.054 1367.054 1367.035 1366.915 1366.794 1366.674 1366.554 1366.412 1366.256 1366.1 1365.944 1365.79 1365.654 1365.519 1365.384 1365.248 1364.996 1364.63 1364.263 1363.897 1363.531 1363.303 1363.081 1362.859 1362.637 1362.35 1361.969 1361.588 1361.206 1360.825
1370.995 1370.785 1370.616 1370.446 1370.277 1370.105 1369.801 1369.496 1369.192 1368.887 1368.634 1368.44 1368.246 1368.052 1367.858 1367.786 1367.726 1367.666 1367.605 1367.567 1367.567 1367.567 1367.567 1367.567 1367.567 1367.567 1367.567 1367.567 1367.567 1367.567 1367.567 1367.567 1367.567 1367.567 1367.567 1367.567 1367.567 1367.545 1367.409 1367.272 1367.136 1367.0 1366.858 1366.713 1366.568 1366.423 1366.276 1366.114 1365.952 1365.79 1365.628 1365.362 1364.996 1364.63 1364.263 1363.897 1363.618 1363.342 1363.066 1362.791 1362.468 1362.076 1361.684 1361.292 1360.9
1371.383 1371.158 1370.999 1370.84 1370.681 1370.52 1370.221 1369.922 1369.623 1369.324 1369.078 1368.895 1368.712 1368.529 1368.346 1368.28 1368.225 1368.17 1368.115 1368.08 1368.08 1368.08 1368.08 1368.08 1368.08 1368.08 1368.08 1368.08 1368.08 1368.08 1368.08 1368.08 1368.08 1368.08 1368.08 1368.08 1368.08 1368.055 1367.903 1367.75 1367.598 1367.445 1367.304 1367.17 1367.035 1366.901 1366.763 1366.574 1366.385 1366.196 1366.007 1365.728 1365.362 1364.996 1364.63 1364.263 1363.932 1363.603 1363.274 1362.945 1362.586 1362.183 1361.78 1361.377 1360.974
1371.77 1371.53 1371.382 1371.234 1371.086 1370.936 1370.642 1370.348 1370.054 1369.76 1369.523 1369.35 1369.178 1369.006 1368.833 1368.773 1368.723 1368.674 1368.624 1368.592 1368.592 1368.592 1368.592 1368.592 1368.592 1368.592 1368.592 1368.592 1368.592 1368.592 1368.592 1368.592 1368.592 1368.592 1368.592 1368.592 1368.592 1368.565 1368.397 1368.228 1368.06 1367.891 1367.75 1367.626 1367.503 1367.379 1367.25 1367.034 1366.818 1366.603 1366.387 1366.094 1365.728 1365.362 1364.996 1364.63 1364.247 1363.865 1363.482 1363.099 1362.703 1362.29 1361.876 1361.463 1361.049
1372.234 1372.007 1371.833 1371.659 1371.485 1371.309 1371.044 1370.778 1370.513 1370.247 1370.022 1369.841 1369.661 1369.481 1369.301 1369.249 1369.21 1369.17 1369.13 1369.105 1369.105 1369.105 1369.105 1369.105 1369.105 1369.105 1369.105 1369.105 1369.105 1369.105 1369.105 1369.105 1369.105 1369.105 1369.105 1369.105 1369.105 1369.078 1368.912 1368.746 1368.58 1368.413 1368.271 1368.144 1368.018 1367.891 1367.757 1367.51 1367.263 1367.016 1366.768 1366.447 1366.053 1365.659 1365.266 1364.872 1364.459 1364.045 1363.632 1363.218 1362.796 1362.363 1361.93 1361.496 1361.063
1372.712 1372.501 1372.295 1372.089 1371.883 1371.676 1371.443 1371.209 1370.976 1370.743 1370.529 1370.339 1370.148 1369.957 1369.766 1369.723 1369.694 1369.665 1369.636 1369.618 1369.618 1369.618 1369.618 1369.618 1369.618 1369.618 1369.618 1369.618 1369.618 1369.618 1369.618 1369.618 1369.618 1369.618 1369.618 1369.618 1369.618 1369.592 1369.431 1369.27 1369.109 1368.948 1368.805 1368.673 1368.541 1368.409 1368.268 1367.989 1367.709 1367.43 1367.151 1366.797 1366.371 1365.945 1365.519 1365.093 1364.653 1364.213 1363.772 1363.332 1362.885 1362.431 1361.976 1361.521 1361.066
1373.19 1372.996 1372.757 1372.519 1372.281 1372.043 1371.842 1371.641 1371.439 1371.238 1371.037 1370.836 1370.634 1370.432 1370.231 1370.197 1370.179 1370.16 1370.142 1370.131 1370.131 1370.131 1370.131 1370.131 1370.131 1370.131 1370.131 1370.131 1370.131 1370.131 1370.131 1370.131 1370.131 1370.131 1370.131 1370.131 1370.131 1370.106 1369.95 1369.795 1369.639 1369.483 1369.339 1369.202 1369.064 1368.927 1368.779 1368.468 1368.156 1367.844 1367.533 1367.147 1366.688 1366.23 1365.772 1365.314 1364.847 1364.38 1363.913 1363.445 1362.974 1362.498 1362.022 1361.545 1361.069
1373.668 1373.49 1373.22 1372.949 1372.679 1372.409 1372.24 1372.072 1371.903 1371.734 1371.545 1371.333 1371.12 1370.908 1370.696 1370.671 1370.663 1370.656 1370.648 1370.643 1370.643 1370.643 1370.643 1370.643 1370.643 1370.643 1370.643 1370.643 1370.643 1370.643 1370.643 1370.643 1370.643 1370.643 1370.643 1370.643 1370.643 1370.619 1370.469 1370.319 1370.169 1370.018 1369.873 1369.73 1369.587 1369.444 1369.29 1368.946 1368.602 1368.259 1367.915 1367.496 1367.006 1366.516 1366.026 1365.535 1365.041 1364.547 1364.053 1363.559 1363.063 1362.566 1362.068 1361.57 1361.072
1374.118 1373.952 1373.671 1373.389 1373.108 1372.828 1372.68 1372.532 1372.384 1372.235 1372.061 1371.856 1371.651 1371.446 1371.241 1371.223 1371.223 1371.223 1371.223 1371.223 1371.223 1371.223 1371.223 1371.223 1371.223 1371.223 1371.223 1371.223 1371.223 1371.223 1371.223 1371.223 1371.223 1371.216 1371.206 1371.196 1371.187 1371.153 1370.991 1370.83 1370.669 1370.508 1370.348 1370.188 1370.029 1369.869 1369.697 1369.329 1368.962 1368.594 1368.226 1367.783 1367.267 1366.751 1366.235 1365.719 1365.203 1364.687 1364.171 1363.655 1363.143 1362.636 1362.13 1361.624 1361.118
1374.505 1374.34 1374.096 1373.852 1373.608 1373.365 1373.212 1373.058 1372.905 1372.751 1372.596 1372.439 1372.283 1372.126 1371.969 1371.955 1371.955 1371.955 1371.955 1371.955 1371.955 1371.955 1371.955 1371.955 1371.955 1371.955 1371.955 1371.955 1371.955 1371.955 1371.955 1371.955 1371.955 1371.926 1371.884 1371.842 1371.8 1371.731 1371.521 1371.312 1371.103 1370.893 1370.688 1370.485 1370.283 1370.08 1369.868 1369.495 1369.121 1368.748 1368.375 1367.924 1367.397 1366.87 1366.344 1365.817 1365.29 1364.764 1364.237 1363.71 1363.2 1362.716 1362.231 1361.746 1361.261
1374.892 1374.727 1374.521 1374.314 1374.108 1373.902 1373.743 1373.584 1373.426 1373.267 1373.131 1373.023 1372.914 1372.806 1372.697 1372.688 1372.688 1372.688 1372.688 1372.688 1372.688 1372.688 1372.688 1372.688 1372.688 1372.688 1372.688 1372.688 1372.688 1372.688 1372.688 1372.688 1372.688 1372.635 1372.561 1372.487 1372.413 1372.309 1372.051 1371.794 1371.536 1371.278 1371.028 1370.782 1370.537 1370.292 1370.039 1369.66 1369.281 1368.903 1368.524 1368.065 1367.527 1366.99 1366.453 1365.915 1365.378 1364.84 1364.303 1363.765 1363.258 1362.795 1362.331 1361.868 1361.405
1375.28 1375.115 1374.946 1374.777 1374.608 1374.439 1374.275 1374.111 1373.947 1373.782 1373.666 1373.606 1373.546 1373.486 1373.426 1373.42 1373.42 1373.42 1373.42 1373.42 1373.42 1373.42 1373.42 1373.42 1373.42 1373.42 1373.42 1373.42 1373.42 1373.42 1373.42 1373.42 1373.42 1373.345 1373.239 1373.132 1373.026 1372.887 1372.581 1372.275 1371.969 1371.663 1371.368 1371.08 1370.791 1370.503 1370.209 1369.825 1369.441 1369.057 1368.673 1368.206 1367.658 1367.11 1366.562 1366.013 1365.465 1364.917 1364.369 1363.82 1363.315 1362.874 1362.432 1361.99 1361.548
