data/zism_data/00355_04_D.txt
ncols         224
nrows         224
[rows 84 to 111 of 224, columns 63 to 125 of 224]
4325.757 4340.82 4355.883 4370.945 4381.393 4390.211 4399.029 4407.847 4416.166 4422.329 4428.491 4434.654 4440.817 4446.825 4452.744 4458.663 4464.582 4471.0 4482.656 4494.312 4505.968 4517.624 4532.125 4549.088 4566.051 4583.014 4599.977 4617.151 4634.329 4651.507 4668.685 4683.923 4696.641 4709.359 4722.076 4734.794 4744.666 4754.165 4763.664 4773.162 4780.467 4783.381 4786.296 4789.211 4792.126 4788.712 4783.541 4778.37 4773.198 4768.925 4767.627 4766.329 4765.03 4763.732 4763.916 4764.792 4765.668 4766.545 4768.065 4773.876 4779.688 4785.499 4791.31
4344.146 4358.567 4372.988 4387.408 4397.88 4406.958 4416.037 4425.115 4433.546 4439.188 4444.829 4450.471 4456.113 4461.349 4466.354 4471.36 4476.365 4481.863 4492.53 4503.196 4513.863 4524.53 4537.946 4553.739 4569.532 4585.325 4601.119 4617.717 4634.327 4650.938 4667.548 4682.833 4696.394 4709.955 4723.516 4737.077 4748.496 4759.634 4770.772 4781.911 4790.67 4794.673 4798.675 4802.678 4806.68 4804.085 4799.658 4795.23 4790.803 4787.105 4785.826 4784.546 4783.266 4781.986 4782.176 4783.053 4783.93 4784.808 4786.347 4792.297 4798.249 4804.199 4810.15
4363.879 4377.476 4391.074 4404.67 4415.19 4424.624 4434.058 4443.491 4452.091 4457.103 4462.115 4467.127 4472.139 4476.591 4480.725 4484.858 4488.992 4493.612 4503.342 4513.072 4522.803 4532.533 4544.77 4559.174 4573.579 4587.983 4602.388 4618.234 4634.102 4649.969 4665.837 4681.034 4695.359 4709.685 4724.01 4738.336 4751.337 4764.166 4776.994 4789.822 4800.039 4805.031 4810.024 4815.017 4820.01 4818.376 4814.901 4811.426 4807.952 4805.011 4803.838 4802.666 4801.494 4800.322 4800.626 4801.622 4802.618 4803.614 4805.278 4811.401 4817.524 4823.647 4829.771
4383.612 4396.386 4409.16 4421.933 4432.5 4442.289 4452.078 4461.867 4470.637 4475.019 4479.401 4483.784 4488.166 4491.833 4495.095 4498.357 4501.619 4505.361 4514.155 4522.948 4531.742 4540.536 4551.593 4564.609 4577.625 4590.641 4603.657 4618.751 4633.876 4649.001 4664.125 4679.235 4694.325 4709.415 4724.504 4739.594 4754.179 4768.697 4783.215 4797.733 4809.407 4815.39 4821.373 4827.356 4833.339 4832.667 4830.145 4827.622 4825.1 4822.916 4821.852 4820.787 4819.722 4818.658 4819.077 4820.191 4821.306 4822.42 4824.21 4830.505 4836.801 4843.096 4849.391
4403.345 4415.295 4427.246 4439.196 4449.811 4459.955 4470.099 4480.243 4489.182 4492.935 4496.687 4500.44 4504.192 4507.076 4509.466 4511.855 4514.245 4517.11 4524.967 4532.824 4540.682 4548.539 4558.417 4570.044 4581.672 4593.299 4604.926 4619.269 4633.65 4648.033 4662.415 4677.437 4693.291 4709.145 4724.999 4740.853 4757.02 4773.228 4789.437 4805.645 4818.775 4825.749 4832.722 4839.695 4846.669 4846.957 4845.387 4843.818 4842.249 4840.821 4839.864 4838.907 4837.95 4836.994 4837.528 4838.761 4839.993 4841.226 4843.142 4849.609 4856.077 4862.544 4869.012
4423.684 4435.092 4446.5 4457.909 4468.686 4479.24 4489.794 4500.348 4509.53 4512.801 4516.071 4519.342 4522.613 4524.857 4526.518 4528.178 4529.838 4531.944 4538.739 4545.533 4552.328 4559.123 4567.7 4577.82 4587.94 4598.06 4608.18 4621.832 4635.534 4649.237 4662.94 4677.887 4694.45 4711.014 4727.577 4744.141 4761.444 4778.844 4796.245 4813.646 4827.821 4835.546 4843.271 4850.997 4858.722 4860.0 4859.487 4858.974 4858.461 4857.958 4857.488 4857.018 4856.548 4856.078 4856.86 4858.228 4859.595 4860.962 4862.983 4869.359 4875.735 4882.111 4888.487
4445.618 4457.225 4468.833 4480.44 4491.679 4502.787 4513.896 4525.004 4534.619 4537.798 4540.977 4544.157 4547.336 4549.32 4550.625 4551.93 4553.235 4554.896 4560.296 4565.697 4571.098 4576.498 4583.454 4591.754 4600.055 4608.356 4616.657 4629.777 4642.969 4656.161 4669.353 4684.256 4701.385 4718.514 4735.642 4752.771 4770.035 4787.316 4804.599 4821.881 4836.019 4843.868 4851.717 4859.565 4867.415 4869.76 4870.576 4871.393 4872.209 4873.072 4874.088 4875.104 4876.119 4877.135 4878.511 4880.056 4881.601 4883.146 4885.218 4890.809 4896.399 4901.989 4907.579
4467.551 4479.358 4491.165 4502.971 4514.671 4526.334 4537.997 4549.66 4559.707 4562.795 4565.883 4568.971 4572.059 4573.783 4574.733 4575.683 4576.632 4577.848 4581.854 4585.86 4589.867 4593.874 4599.208 4605.688 4612.17 4618.652 4625.133 4637.724 4650.404 4663.084 4675.765 4690.625 4708.319 4726.013 4743.706 4761.4 4778.625 4795.789 4812.953 4830.116 4844.216 4852.189 4860.162 4868.135 4876.107 4879.52 4881.666 4883.812 4885.958 4888.187 4890.688 4893.188 4895.689 4898.191 4900.162 4901.884 4903.607 4905.33 4907.454 4912.258 4917.063 4921.867 4926.671
4489.485 4501.491 4513.497 4525.502 4537.664 4549.881 4562.099 4574.316 4584.796 4587.792 4590.789 4593.785 4596.782 4598.247 4598.841 4599.435 4600.03 4600.799 4603.412 4606.024 4608.637 4611.249 4614.961 4619.623 4624.285 4628.948 4633.61 4645.67 4657.839 4670.008 4682.177 4696.994 4715.253 4733.512 4751.771 4770.03 4787.215 4804.261 4821.306 4838.351 4852.414 4860.51 4868.607 4876.704 4884.8 4889.28 4892.755 4896.231 4899.707 4903.3 4907.287 4911.274 4915.26 4919.247 4921.813 4923.713 4925.613 4927.513 4929.69 4933.708 4937.727 4941.746 4945.764
4511.419 4523.624 4535.828 4548.033 4560.657 4573.429 4586.201 4598.972 4609.885 4612.79 4615.694 4618.6 4621.504 4622.709 4622.949 4623.188 4623.427 4623.751 4624.97 4626.188 4627.406 4628.625 4630.714 4633.557 4636.4 4639.244 4642.086 4653.616 4665.274 4676.932 4688.589 4703.363 4722.187 4741.011 4759.835 4778.659 4795.806 4812.732 4829.66 4846.586 4860.611 4868.832 4877.052 4885.272 4893.493 4899.041 4903.845 4908.65 4913.455 4918.415 4923.887 4929.359 4934.831 4940.303 4943.463 4945.541 4947.619 4949.697 4951.925 4955.158 4958.391 4961.624 4964.856
4532.672 4544.674 4556.677 4568.679 4581.106 4593.685 4606.263 4618.841 4629.639 4632.767 4635.894 4639.022 4642.149 4643.351 4643.458 4643.564 4643.671 4643.831 4644.55 4645.27 4645.989 4646.708 4648.349 4650.785 4653.221 4655.657 4658.093 4669.074 4680.18 4691.287 4702.393 4716.468 4734.401 4752.334 4770.267 4788.201 4804.214 4819.976 4835.738 4851.5 4864.741 4872.938 4881.135 4889.332 4897.529 4903.648 4909.189 4914.731 4920.272 4926.004 4932.365 4938.726 4945.087 4951.448 4954.98 4957.188 4959.396 4961.603 4963.854 4966.388 4968.922 4971.457 4973.991
4553.686 4565.343 4577.001 4588.658 4600.658 4612.779 4624.9 4637.021 4647.51 4650.971 4654.432 4657.894 4661.355 4662.643 4662.696 4662.749 4662.802 4662.896 4663.433 4663.969 4664.506 4665.042 4666.646 4669.174 4671.702 4674.229 4676.757 4687.182 4697.723 4708.265 4718.806 4731.95 4748.479 4765.007 4781.535 4798.063 4812.558 4826.786 4841.014 4855.242 4867.435 4875.557 4883.678 4891.8 4899.921 4906.437 4912.506 4918.575 4924.644 4930.938 4937.977 4945.016 4952.055 4959.095 4962.919 4965.241 4967.562 4969.882 4972.144 4974.011 4975.877 4977.745 4979.611
4574.699 4586.012 4597.326 4608.639 4620.21 4631.874 4643.537 4655.2 4665.381 4669.176 4672.971 4676.766 4680.561 4681.936 4681.935 4681.934 4681.933 4681.962 4682.316 4682.669 4683.023 4683.376 4684.944 4687.563 4690.183 4692.802 4695.421 4705.291 4715.266 4725.243 4735.219 4747.433 4762.556 4777.68 4792.803 4807.926 4820.902 4833.596 4846.29 4858.984 4870.129 4878.175 4886.221 4894.268 4902.314 4909.226 4915.822 4922.419 4929.015 4935.872 4943.589 4951.307 4959.024 4966.741 4970.86 4973.293 4975.728 4978.161 4980.434 4981.633 4982.833 4984.032 4985.232
4595.712 4606.681 4617.65 4628.619 4639.763 4650.968 4662.174 4673.379 4683.252 4687.381 4691.509 4695.639 4699.767 4701.229 4701.173 4701.119 4701.064 4701.029 4701.199 4701.369 4701.54 4701.71 4703.243 4705.953 4708.664 4711.374 4714.085 4723.398 4732.81 4742.221 4751.631 4762.916 4776.633 4790.352 4804.07 4817.789 4829.246 4840.405 4851.565 4862.726 4872.823 4880.793 4888.765 4896.735 4904.707 4912.015 4919.139 4926.263 4933.387 4940.806 4949.201 4957.597 4965.992 4974.388 4978.8 4981.347 4983.894 4986.44 4988.724 4989.256 4989.789 4990.32 4990.853
4614.528 4625.494 4636.46 4647.426 4658.331 4669.215 4680.098 4690.981 4700.643 4705.038 4709.433 4713.828 4718.222 4719.743 4719.629 4719.517 4719.403 4719.294 4719.229 4719.165 4719.099 4719.034 4720.499 4723.285 4726.072 4728.859 4731.646 4740.26 4748.961 4757.662 4766.362 4776.572 4788.745 4800.917 4813.09 4825.263 4835.263 4844.979 4854.694 4864.41 4873.515 4881.399 4889.284 4897.169 4905.054 4912.585 4920.018 4927.451 4934.884 4942.623 4951.373 4960.122 4968.871 4977.621 4982.318 4985.119 4987.919 4990.72 4993.156 4993.156 4993.156 4993.156 4993.156
4624.707 4637.013 4649.319 4661.625 4673.036 4684.129 4695.222 4706.315 4716.147 4720.542 4724.937 4729.332 4733.727 4735.199 4735.01 4734.822 4734.634 4734.417 4733.911 4733.405 4732.898 4732.392 4733.66 4736.463 4739.266 4742.069 4744.872 4752.224 4759.644 4767.063 4774.483 4783.057 4793.13 4803.204 4813.277 4823.351 4832.142 4840.765 4849.388 4858.01 4866.344 4874.1 4881.855 4889.61 4897.366 4904.439 4911.324 4918.208 4925.092 4932.196 4940.024 4947.854 4955.683 4963.512 4968.466 4972.074 4975.682 4979.29 4982.428 4982.428 4982.428 4982.428 4982.428
4634.885 4648.532 4662.179 4675.825 4687.74 4699.043 4710.346 4721.649 4731.651 4736.046 4740.441 4744.836 4749.231 4750.655 4750.392 4750.128 4749.864 4749.541 4748.593 4747.645 4746.697 4745.75 4746.822 4749.641 4752.459 4755.279 4758.098 4764.188 4770.327 4776.465 4782.604 4789.541 4797.515 4805.49 4813.464 4821.438 4829.02 4836.55 4844.081 4851.611 4859.173 4866.8 4874.426 4882.052 4889.678 4896.294 4902.629 4908.965 4915.3 4921.768 4928.677 4935.585 4942.494 4949.403 4954.613 4959.029 4963.444 4967.859 4971.699 4971.699 4971.699 4971.699 4971.699
4645.064 4660.051 4675.038 4690.024 4702.444 4713.957 4725.471 4736.983 4747.156 4751.55 4755.945 4760.34 4764.735 4766.111 4765.772 4765.433 4765.094 4764.664 4763.275 4761.886 4760.496 4759.107 4759.983 4762.818 4765.653 4768.489 4771.324 4776.152 4781.01 4785.868 4790.725 4796.025 4801.9 4807.776 4813.651 4819.526 4825.899 4832.336 4838.774 4845.212 4852.003 4859.5 4866.997 4874.494 4881.991 4888.149 4893.935 4899.721 4905.508 4911.341 4917.329 4923.317 4929.306 4935.294 4940.761 4945.984 4951.207 4956.429 4960.971 4960.971 4960.971 4960.971 4960.971
4655.243 4671.57 4687.897 4704.224 4717.148 4728.871 4740.595 4752.317 4762.66 4767.055 4771.45 4775.845 4780.239 4781.568 4781.153 4780.739 4780.325 4779.787 4777.957 4776.126 4774.295 4772.465 4773.145 4775.996 4778.847 4781.699 4784.55 4788.116 4791.693 4795.27 4798.846 4802.51 4806.286 4810.062 4813.838 4817.614 4822.777 4828.123 4833.467 4838.813 4844.832 4852.2 4859.567 4866.936 4874.303 4880.003 4885.241 4890.478 4895.715 4900.914 4905.981 4911.049 4916.117 4921.185 4926.908 4932.938 4938.969 4944.999 4950.243 4950.243 4950.243 4950.243 4950.243
4657.572 4673.71 4689.849 4705.988 4718.615 4730.002 4741.39 4752.778 4762.904 4767.597 4772.29 4776.982 4781.675 4783.127 4782.738 4782.348 4781.959 4781.443 4779.598 4777.753 4775.908 4774.063 4774.486 4776.869 4779.252 4781.635 4784.018 4787.008 4790.007 4793.006 4796.005 4799.039 4802.119 4805.199 4808.279 4811.359 4815.698 4820.201 4824.705 4829.208 4834.527 4841.475 4848.423 4855.371 4862.319 4867.507 4872.206 4876.905 4881.604 4886.192 4890.416 4894.638 4898.861 4903.084 4908.392 4914.207 4920.021 4925.836 4930.892 4930.885 4930.877 4930.87 4930.863
4655.976 4671.161 4686.348 4701.534 4713.463 4724.242 4735.022 4745.801 4755.518 4760.657 4765.797 4770.936 4776.076 4777.738 4777.424 4777.11 4776.796 4776.366 4774.72 4773.074 4771.429 4769.783 4769.917 4771.589 4773.262 4774.934 4776.606 4779.364 4782.137 4784.91 4787.683 4790.591 4793.677 4796.762 4799.848 4802.933 4806.639 4810.427 4814.215 4818.002 4822.655 4829.038 4835.421 4841.804 4848.187 4852.834 4857.001 4861.167 4865.333 4869.325 4872.741 4876.156 4879.572 4882.987 4887.542 4892.631 4897.719 4902.807 4907.229 4907.211 4907.194 4907.176 4907.158
4654.379 4668.612 4682.846 4697.08 4708.311 4718.482 4728.653 4738.824 4748.132 4753.718 4759.304 4764.89 4770.477 4772.348 4772.11 4771.871 4771.632 4771.289 4769.842 4768.396 4766.949 4765.502 4765.347 4766.309 4767.271 4768.233 4769.195 4771.719 4774.266 4776.813 4779.36 4782.144 4785.234 4788.325 4791.416 4794.506 4797.581 4800.652 4803.724 4806.796 4810.783 4816.601 4822.419 4828.236 4834.054 4838.163 4841.795 4845.429 4849.062 4852.458 4855.066 4857.674 4860.282 4862.891 4866.693 4871.055 4875.417 4879.778 4883.567 4883.539 4883.51 4883.481 4883.453
4652.783 4666.063 4679.345 4692.625 4703.159 4712.722 4722.285 4731.848 4740.746 4746.779 4752.812 4758.844 4764.877 4766.959 4766.796 4766.632 4766.469 4766.211 4764.964 4763.717 4762.469 4761.222 4760.778 4761.029 4761.281 4761.533 4761.784 4764.075 4766.396 4768.717 4771.038 4773.696 4776.792 4779.888 4782.984 4786.08 4788.522 4790.878 4793.234 4795.59 4798.912 4804.164 4809.417 4814.669 4819.922 4823.49 4826.59 4829.691 4832.792 4835.59 4837.391 4839.192 4840.993 4842.794 4845.844 4849.479 4853.114 4856.75 4859.905 4859.866 4859.826 4859.787 4859.748
4650.732 4662.863 4674.995 4687.126 4696.846 4705.714 4714.582 4723.45 4731.843 4738.191 4744.539 4750.888 4757.236 4759.488 4759.414 4759.339 4759.265 4759.113 4758.149 4757.186 4756.223 4755.259 4754.659 4754.374 4754.088 4753.803 4753.518 4755.624 4757.766 4759.908 4762.049 4764.645 4767.831 4771.017 4774.203 4777.388 4779.35 4781.152 4782.954 4784.755 4787.525 4792.23 4796.937 4801.642 4806.348 4809.381 4811.95 4814.519 4817.088 4819.308 4820.373 4821.437 4822.501 4823.566 4825.898 4828.823 4831.749 4834.674 4837.209 4837.145 4837.081 4837.016 4836.952
4645.648 4655.32 4664.992 4674.664 4682.798 4690.39 4697.982 4705.574 4712.827 4718.615 4724.404 4730.192 4735.981 4738.144 4738.247 4738.35 4738.453 4738.538 4738.424 4738.312 4738.198 4738.085 4738.212 4738.545 4738.879 4739.212 4739.546 4741.794 4744.071 4746.347 4748.624 4751.579 4755.416 4759.252 4763.09 4766.927 4769.426 4771.75 4774.073 4776.397 4779.373 4783.653 4787.934 4792.214 4796.495 4799.027 4801.074 4803.121 4805.168 4806.926 4807.727 4808.527 4809.328 4810.128 4811.969 4814.297 4816.625 4818.953 4820.953 4820.771 4820.588 4820.405 4820.223
4640.565 4647.776 4654.988 4662.2 4668.75 4675.066 4681.383 4687.699 4693.811 4699.04 4704.268 4709.497 4714.726 4716.799 4717.08 4717.361 4717.642 4717.962 4718.699 4719.437 4720.174 4720.912 4721.765 4722.717 4723.67 4724.623 4725.575 4727.965 4730.375 4732.787 4735.198 4738.512 4743.0 4747.488 4751.977 4756.465 4759.501 4762.347 4765.193 4768.039 4771.221 4775.077 4778.932 4782.787 4786.643 4788.674 4790.198 4791.723 4793.248 4794.543 4795.08 4795.617 4796.154 4796.691 4798.041 4799.771 4801.501 4803.232 4804.697 4804.396 4804.095 4803.794 4803.493
4635.481 4640.233 4644.985 4649.737 4654.703 4659.743 4664.784 4669.825 4674.795 4679.464 4684.133 4688.802 4693.471 4695.455 4695.914 4696.372 4696.83 4697.387 4698.975 4700.563 4702.15 4703.739 4705.318 4706.889 4708.461 4710.032 4711.604 4714.135 4716.681 4719.227 4721.772 4725.445 4730.585 4735.725 4740.864 4746.004 4749.577 4752.945 4756.313 4759.681 4763.07 4766.5 4769.93 4773.36 4776.79 4778.32 4779.323 4780.325 4781.328 4782.161 4782.434 4782.708 4782.98 4783.253 4784.112 4785.246 4786.378 4787.511 4788.442 4788.022 4787.603 4787.183 4786.764
4630.398 4632.69 4634.982 4637.274 4640.655 4644.419 4648.185 4651.949 4655.779 4659.888 4663.998 4668.107 4672.216 4674.11 4674.747 4675.382 4676.019 4676.812 4679.25 4681.688 4684.126 4686.565 4688.871 4691.061 4693.251 4695.442 4697.633 4700.306 4702.986 4705.666 4708.346 4712.378 4718.169 4723.96 4729.751 4735.542 4739.653 4743.543 4747.433 4751.323 4754.918 4757.923 4760.928 4763.933 4766.938 4767.966 4768.447 4768.927 4769.407 4769.779 4769.788 4769.797 4769.807 4769.816 4770.184 4770.719 4771.255 4771.791 4772.186 4771.648 4771.11 4770.572 4770.034
