data/zism_data/00355_03_D.txt
ncols         224
nrows         224
[rows 140 to 167 of 224, columns 63 to 125 of 224]
4336.573 4338.251 4339.93 4341.608 4341.687 4337.554 4333.422 4329.29 4325.158 4322.905 4321.367 4319.829 4318.291 4316.449 4313.165 4309.88 4306.596 4303.311 4298.948 4293.933 4288.918 4283.903 4279.176 4278.126 4277.078 4276.028 4274.979 4274.683 4275.076 4275.47 4275.864 4276.257 4276.897 4277.545 4278.192 4278.839 4279.766 4281.078 4282.39 4283.702 4285.014 4287.375 4289.892 4292.41 4294.928 4299.25 4307.428 4315.606 4323.784 4331.962 4342.748 4354.321 4365.894 4377.467 4389.277 4401.939 4414.601 4427.262 4439.923 4451.089 4461.507 4471.925 4482.344
4323.75 4325.175 4326.601 4328.026 4327.949 4323.919 4319.89 4315.86 4311.83 4309.605 4308.067 4306.529 4304.991 4303.197 4300.187 4297.177 4294.167 4291.157 4287.28 4282.878 4278.477 4274.076 4269.965 4269.572 4269.18 4268.787 4268.395 4268.589 4269.322 4270.055 4270.788 4271.521 4272.489 4273.465 4274.44 4275.416 4276.68 4278.342 4280.003 4281.665 4283.327 4285.766 4288.322 4290.877 4293.433 4297.555 4305.022 4312.489 4319.957 4327.424 4338.045 4349.618 4361.191 4372.765 4384.565 4397.184 4409.802 4422.42 4435.039 4446.79 4458.107 4469.424 4480.741
4310.927 4312.099 4313.271 4314.444 4314.212 4310.284 4306.357 4302.429 4298.502 4296.306 4294.768 4293.229 4291.691 4289.944 4287.209 4284.474 4281.738 4279.003 4275.611 4271.824 4268.036 4264.248 4260.754 4261.018 4261.282 4261.546 4261.81 4262.496 4263.568 4264.64 4265.711 4266.783 4268.081 4269.385 4270.688 4271.993 4273.594 4275.605 4277.617 4279.629 4281.64 4284.158 4286.751 4289.344 4291.938 4295.858 4302.615 4309.372 4316.129 4322.886 4333.342 4344.916 4356.489 4368.062 4379.853 4392.428 4405.004 4417.579 4430.155 4442.49 4454.706 4466.922 4479.138
4298.104 4299.023 4299.942 4300.862 4300.475 4296.649 4292.824 4288.999 4285.174 4283.006 4281.467 4279.929 4278.391 4276.692 4274.231 4271.771 4269.31 4266.849 4263.943 4260.769 4257.595 4254.42 4251.543 4252.463 4253.384 4254.305 4255.226 4256.402 4257.813 4259.224 4260.635 4262.046 4263.672 4265.305 4266.937 4268.569 4270.508 4272.869 4275.231 4277.592 4279.954 4282.549 4285.18 4287.811 4290.442 4294.162 4300.208 4306.255 4312.301 4318.348 4328.639 4340.212 4351.786 4363.359 4375.141 4387.673 4400.206 4412.738 4425.271 4438.191 4451.306 4464.42 4477.535
4282.452 4283.656 4284.861 4286.066 4286.147 4283.27 4280.393 4277.516 4274.639 4272.801 4271.358 4269.915 4268.472 4266.868 4264.505 4262.143 4259.78 4257.417 4254.787 4251.995 4249.204 4246.413 4243.942 4245.588 4247.233 4248.878 4250.523 4252.273 4254.118 4255.963 4257.809 4259.653 4261.611 4263.571 4265.532 4267.493 4269.721 4272.319 4274.918 4277.516 4280.114 4282.896 4285.704 4288.513 4291.322 4295.196 4301.347 4307.497 4313.647 4319.797 4329.432 4340.118 4350.805 4361.491 4372.436 4384.31 4396.184 4408.058 4419.932 4433.058 4446.809 4460.56 4474.311
4266.263 4267.855 4269.448 4271.04 4271.707 4269.939 4268.171 4266.402 4264.634 4263.184 4261.854 4260.523 4259.193 4257.694 4255.396 4253.098 4250.799 4248.501 4246.107 4243.654 4241.202 4238.75 4236.648 4239.031 4241.413 4243.796 4246.179 4248.517 4250.814 4253.111 4255.408 4257.705 4259.995 4262.284 4264.573 4266.861 4269.371 4272.185 4274.998 4277.812 4280.625 4283.612 4286.625 4289.639 4292.652 4296.748 4303.157 4309.565 4315.974 4322.382 4331.267 4340.898 4350.53 4360.162 4370.112 4381.211 4392.31 4403.409 4414.508 4427.767 4442.104 4456.442 4470.78
4250.075 4252.055 4254.034 4256.014 4257.267 4256.608 4255.948 4255.289 4254.629 4253.566 4252.349 4251.132 4249.915 4248.521 4246.287 4244.053 4241.819 4239.585 4237.427 4235.313 4233.201 4231.087 4229.354 4232.473 4235.593 4238.713 4241.833 4244.76 4247.509 4250.259 4253.008 4255.757 4258.378 4260.996 4263.613 4266.23 4269.021 4272.049 4275.078 4278.107 4281.136 4284.329 4287.547 4290.765 4293.982 4298.3 4304.967 4311.634 4318.301 4324.968 4333.102 4341.678 4350.255 4358.832 4367.788 4378.112 4388.436 4398.76 4409.084 4422.475 4437.399 4452.324 4467.249
4233.886 4236.253 4238.621 4240.988 4242.828 4243.277 4243.726 4244.175 4244.625 4243.948 4242.844 4241.74 4240.636 4239.347 4237.178 4235.008 4232.839 4230.67 4228.747 4226.973 4225.199 4223.425 4222.059 4225.916 4229.773 4233.631 4237.488 4241.003 4244.205 4247.406 4250.607 4253.809 4256.762 4259.708 4262.653 4265.599 4268.67 4271.914 4275.158 4278.402 4281.646 4285.045 4288.468 4291.891 4295.313 4299.852 4306.777 4313.703 4320.628 4327.553 4334.937 4342.458 4349.98 4357.501 4365.464 4375.013 4384.562 4394.111 4403.66 4417.184 4432.695 4448.206 4463.717
4218.949 4221.504 4224.059 4226.614 4228.807 4230.047 4231.287 4232.528 4233.768 4233.48 4232.612 4231.744 4230.876 4229.828 4227.928 4226.028 4224.128 4222.229 4220.727 4219.465 4218.204 4216.943 4216.102 4220.645 4225.187 4229.729 4234.271 4238.348 4241.996 4245.645 4249.293 4252.942 4256.211 4259.469 4262.726 4265.984 4269.349 4272.862 4276.375 4279.889 4283.402 4287.159 4290.951 4294.744 4298.536 4303.417 4310.621 4317.826 4325.031 4332.236 4338.827 4345.233 4351.64 4358.045 4364.918 4373.471 4382.024 4390.577 4399.129 4412.347 4427.896 4443.444 4458.994
4206.871 4209.156 4211.442 4213.728 4215.744 4217.049 4218.354 4219.659 4220.963 4221.068 4220.717 4220.365 4220.014 4219.521 4218.359 4217.197 4216.034 4214.872 4214.214 4213.863 4213.511 4213.16 4213.203 4218.311 4223.418 4228.526 4233.634 4238.208 4242.292 4246.377 4250.461 4254.546 4258.094 4261.626 4265.158 4268.69 4272.38 4276.286 4280.193 4284.099 4288.005 4292.463 4297.004 4301.544 4306.085 4311.58 4319.113 4326.646 4334.18 4341.713 4347.417 4352.569 4357.721 4362.873 4368.438 4375.489 4382.54 4389.591 4396.642 4408.547 4422.879 4437.212 4451.544
4194.792 4196.809 4198.826 4200.843 4202.681 4204.051 4205.42 4206.79 4208.159 4208.656 4208.821 4208.986 4209.152 4209.214 4208.79 4208.365 4207.939 4207.515 4207.702 4208.26 4208.818 4209.376 4210.305 4215.978 4221.65 4227.323 4232.996 4238.067 4242.588 4247.109 4251.629 4256.15 4259.978 4263.784 4267.591 4271.397 4275.411 4279.71 4284.01 4288.309 4292.608 4297.768 4303.057 4308.346 4313.635 4319.744 4327.605 4335.467 4343.328 4351.189 4356.007 4359.904 4363.802 4367.7 4371.957 4377.506 4383.056 4388.604 4394.154 4404.748 4417.863 4430.979 4444.096
4182.714 4184.462 4186.209 4187.957 4189.619 4191.052 4192.486 4193.92 4195.354 4196.244 4196.926 4197.608 4198.29 4198.908 4199.22 4199.533 4199.845 4200.158 4201.19 4202.658 4204.125 4205.593 4207.406 4213.644 4219.882 4226.12 4232.358 4237.927 4242.884 4247.841 4252.797 4257.754 4261.86 4265.942 4270.023 4274.104 4278.442 4283.134 4287.827 4292.519 4297.211 4303.073 4309.11 4315.146 4321.184 4327.907 4336.097 4344.287 4352.477 4360.667 4364.596 4367.24 4369.884 4372.527 4375.477 4379.524 4383.571 4387.619 4391.666 4400.948 4412.848 4424.747 4436.646
4170.636 4172.115 4173.593 4175.072 4176.556 4178.054 4179.553 4181.052 4182.55 4183.832 4185.03 4186.229 4187.428 4188.601 4189.651 4190.701 4191.75 4192.801 4194.678 4197.055 4199.432 4201.81 4204.508 4211.311 4218.114 4224.917 4231.72 4237.788 4243.18 4248.573 4253.965 4259.358 4263.744 4268.1 4272.455 4276.811 4281.473 4286.558 4291.644 4296.729 4301.813 4308.377 4315.163 4321.948 4328.733 4336.071 4344.589 4353.107 4361.625 4370.144 4373.186 4374.576 4375.965 4377.355 4378.996 4381.541 4384.087 4386.632 4389.178 4397.148 4407.832 4418.515 4429.198
4160.387 4161.328 4162.269 4163.209 4164.159 4165.131 4166.103 4167.075 4168.047 4169.755 4171.744 4173.732 4175.72 4177.74 4179.908 4182.075 4184.243 4186.411 4189.356 4192.771 4196.186 4199.601 4203.296 4210.582 4217.868 4225.153 4232.439 4238.978 4244.831 4250.685 4256.538 4262.391 4267.113 4271.801 4276.489 4281.177 4286.229 4291.781 4297.333 4302.886 4308.438 4315.43 4322.636 4329.843 4337.05 4344.508 4352.503 4360.498 4368.493 4376.487 4378.928 4379.692 4380.456 4381.22 4382.176 4383.828 4385.479 4387.131 4388.783 4395.482 4404.705 4413.927 4423.15
4150.691 4151.013 4151.334 4151.656 4151.962 4152.229 4152.497 4152.764 4153.031 4155.177 4158.037 4160.897 4163.758 4166.712 4170.112 4173.512 4176.913 4180.313 4184.393 4188.885 4193.376 4197.868 4202.595 4210.338 4218.081 4225.824 4233.567 4240.569 4246.891 4253.212 4259.534 4265.856 4270.931 4275.969 4281.007 4286.044 4291.505 4297.547 4303.589 4309.631 4315.674 4323.009 4330.539 4338.069 4345.599 4353.028 4360.242 4367.457 4374.671 4381.886 4383.811 4384.138 4384.466 4384.794 4385.255 4386.196 4387.137 4388.079 4389.02 4394.459 4402.148 4409.837 4417.526
4140.995 4140.697 4140.4 4140.103 4139.767 4139.329 4138.891 4138.453 4138.015 4140.599 4144.331 4148.063 4151.795 4155.684 4160.316 4164.949 4169.582 4174.215 4179.431 4184.999 4190.566 4196.135 4201.894 4210.094 4218.294 4226.495 4234.696 4242.161 4248.951 4255.741 4262.53 4269.32 4274.749 4280.136 4285.524 4290.912 4296.781 4303.313 4309.845 4316.377 4322.909 4330.589 4338.442 4346.294 4354.147 4361.547 4367.981 4374.416 4380.85 4387.284 4388.692 4388.584 4388.476 4388.368 4388.333 4388.564 4388.795 4389.026 4389.256 4393.437 4399.592 4405.747 4411.901
4131.298 4130.382 4129.466 4128.549 4127.571 4126.428 4125.285 4124.141 4122.998 4126.02 4130.624 4135.228 4139.832 4144.656 4150.521 4156.386 4162.252 4168.117 4174.468 4181.112 4187.757 4194.401 4201.192 4209.85 4218.508 4227.166 4235.824 4243.752 4251.01 4258.269 4265.527 4272.785 4278.566 4284.304 4290.042 4295.779 4302.057 4309.079 4316.101 4323.122 4330.144 4338.169 4346.345 4354.52 4362.696 4370.067 4375.721 4381.375 4387.028 4392.682 4393.575 4393.031 4392.486 4391.942 4391.412 4390.933 4390.453 4389.973 4389.493 4392.414 4397.035 4401.656 4406.277
4122.232 4120.903 4119.573 4118.244 4116.85 4115.287 4113.723 4112.159 4110.596 4113.989 4119.267 4124.545 4129.822 4135.383 4142.292 4149.2 4156.108 4163.017 4170.349 4177.938 4185.526 4193.115 4200.816 4209.967 4219.118 4228.268 4237.419 4245.808 4253.5 4261.191 4268.883 4276.574 4282.672 4288.722 4294.772 4300.822 4307.389 4314.668 4321.948 4329.227 4336.506 4344.652 4352.927 4361.202 4369.477 4376.688 4381.628 4386.567 4391.506 4396.446 4396.912 4396.028 4395.144 4394.26 4393.368 4392.446 4391.524 4390.603 4389.681 4391.675 4395.127 4398.58 4402.033
4115.253 4114.193 4113.133 4112.073 4111.018 4109.976 4108.935 4107.893 4106.851 4110.4 4115.694 4120.988 4126.282 4131.928 4139.251 4146.574 4153.896 4161.219 4169.023 4177.118 4185.212 4193.307 4201.522 4211.281 4221.04 4230.798 4240.557 4249.403 4257.412 4265.421 4273.43 4281.439 4287.729 4293.967 4300.206 4306.444 4312.905 4319.673 4326.441 4333.209 4339.978 4347.5 4355.134 4362.769 4370.403 4377.021 4381.465 4385.909 4390.353 4394.797 4395.132 4394.227 4393.321 4392.416 4391.604 4391.128 4390.653 4390.178 4389.703 4391.875 4395.371 4398.867 4402.362
4108.274 4107.483 4106.692 4105.901 4105.185 4104.665 4104.146 4103.626 4103.107 4106.812 4112.122 4117.432 4122.741 4128.473 4136.21 4143.948 4151.685 4159.422 4167.697 4176.298 4184.898 4193.499 4202.227 4212.594 4222.961 4233.328 4243.695 4252.998 4261.324 4269.651 4277.978 4286.304 4292.786 4299.213 4305.64 4312.066 4318.422 4324.679 4330.936 4337.192 4343.449 4350.347 4357.341 4364.335 4371.33 4377.353 4381.302 4385.25 4389.2 4393.148 4393.352 4392.425 4391.498 4390.571 4389.839 4389.811 4389.782 4389.754 4389.726 4392.075 4395.614 4399.153 4402.691
4101.295 4100.773 4100.251 4099.729 4099.352 4099.354 4099.357 4099.36 4099.362 4103.223 4108.549 4113.875 4119.201 4125.018 4133.17 4141.321 4149.473 4157.625 4166.371 4175.478 4184.584 4193.691 4202.933 4213.908 4224.883 4235.858 4246.833 4256.592 4265.236 4273.881 4282.525 4291.169 4297.843 4304.458 4311.074 4317.689 4323.938 4329.684 4335.43 4341.175 4346.92 4353.195 4359.548 4365.902 4372.256 4377.685 4381.139 4384.592 4388.046 4391.5 4391.572 4390.624 4389.675 4388.726 4388.075 4388.493 4388.912 4389.33 4389.748 4392.275 4395.857 4399.439 4403.021
4094.317 4094.064 4093.811 4093.558 4093.519 4094.044 4094.569 4095.094 4095.618 4099.634 4104.976 4110.318 4115.66 4121.563 4130.129 4138.695 4147.261 4155.827 4165.045 4174.658 4184.271 4193.883 4203.638 4215.221 4226.805 4238.388 4249.971 4260.187 4269.149 4278.11 4287.072 4296.034 4302.9 4309.704 4316.507 4323.311 4329.455 4334.689 4339.923 4345.158 4350.392 4356.042 4361.756 4367.469 4373.182 4378.017 4380.976 4383.934 4386.893 4389.851 4389.792 4388.822 4387.852 4386.881 4386.31 4387.175 4388.041 4388.906 4389.771 4392.476 4396.101 4399.725 4403.35
4088.876 4089.042 4089.208 4089.374 4089.782 4090.829 4091.876 4092.923 4093.969 4098.217 4103.68 4109.143 4114.606 4120.635 4129.354 4138.072 4146.791 4155.509 4164.918 4174.744 4184.57 4194.397 4204.399 4216.658 4228.917 4241.176 4253.435 4264.001 4273.015 4282.028 4291.042 4300.055 4306.589 4313.05 4319.51 4325.97 4331.741 4336.562 4341.382 4346.202 4351.022 4356.026 4361.057 4366.089 4371.12 4375.354 4377.885 4380.416 4382.947 4385.478 4385.659 4385.132 4384.604 4384.077 4383.993 4385.503 4387.013 4388.523 4390.034 4393.245 4397.306 4401.367 4405.428
4084.107 4084.758 4085.408 4086.059 4086.962 4088.531 4090.1 4091.669 4093.238 4097.75 4103.38 4109.01 4114.64 4120.813 4129.57 4138.326 4147.082 4155.838 4165.315 4175.227 4185.14 4195.052 4205.186 4218.149 4231.114 4244.078 4257.042 4267.911 4276.86 4285.809 4294.758 4303.707 4309.68 4315.564 4321.449 4327.333 4332.614 4337.063 4341.512 4345.96 4350.409 4354.756 4359.088 4363.419 4367.751 4371.381 4373.514 4375.646 4377.779 4379.911 4380.497 4380.615 4380.734 4380.853 4381.433 4383.675 4385.917 4388.16 4390.402 4394.263 4398.932 4403.601 4408.271
4079.339 4080.474 4081.609 4082.744 4084.142 4086.233 4088.324 4090.415 4092.506 4097.283 4103.08 4108.876 4114.673 4120.992 4129.785 4138.579 4147.373 4156.167 4165.711 4175.71 4185.708 4195.707 4205.971 4219.641 4233.31 4246.979 4260.648 4271.821 4280.706 4289.59 4298.474 4307.358 4312.771 4318.079 4323.387 4328.695 4333.487 4337.564 4341.642 4345.719 4349.796 4353.486 4357.118 4360.75 4364.382 4367.409 4369.143 4370.877 4372.611 4374.345 4375.334 4376.099 4376.863 4377.628 4378.873 4381.847 4384.822 4387.796 4390.771 4395.28 4400.558 4405.835 4411.113
4074.571 4076.19 4077.809 4079.429 4081.322 4083.935 4086.548 4089.161 4091.775 4096.816 4102.78 4108.743 4114.707 4121.169 4130.001 4138.833 4147.664 4156.496 4166.108 4176.193 4186.277 4196.362 4206.757 4221.132 4235.506 4249.88 4264.255 4275.731 4284.551 4293.371 4302.19 4311.01 4315.861 4320.593 4325.326 4330.058 4334.359 4338.065 4341.771 4345.478 4349.183 4352.216 4355.148 4358.081 4361.013 4363.436 4364.771 4366.107 4367.443 4368.779 4370.172 4371.583 4372.993 4374.403 4376.313 4380.02 4383.726 4387.433 4391.139 4396.298 4402.184 4408.07 4413.956
4070.04 4072.181 4074.321 4076.462 4078.875 4082.002 4085.13 4088.257 4091.385 4096.715 4102.883 4109.05 4115.218 4121.855 4130.724 4139.592 4148.46 4157.329 4166.979 4177.104 4187.229 4197.353 4207.825 4222.745 4237.664 4252.584 4267.504 4279.193 4287.921 4296.648 4305.376 4314.104 4318.419 4322.604 4326.788 4330.972 4334.794 4338.117 4341.441 4344.764 4348.088 4350.485 4352.745 4355.003 4357.263 4359.106 4360.065 4361.023 4361.981 4362.939 4364.816 4366.971 4369.126 4371.281 4373.943 4378.427 4382.911 4387.395 4391.878 4397.711 4404.218 4410.725 4417.232
4066.761 4069.618 4072.474 4075.331 4078.393 4081.994 4085.595 4089.196 4092.798 4098.547 4105.113 4111.679 4118.245 4125.216 4134.117 4143.018 4151.918 4160.819 4170.354 4180.274 4190.194 4200.114 4210.375 4224.999 4239.623 4254.247 4268.87 4280.294 4288.785 4297.276 4305.767 4314.258 4318.175 4321.955 4325.735 4329.516 4332.918 4335.8 4338.683 4341.564 4344.447 4346.324 4348.05 4349.776 4351.502 4352.897 4353.586 4354.275 4354.964 4355.653 4358.44 4361.86 4365.28 4368.7 4372.572 4378.073 4383.574 4389.076 4394.577 4401.208 4408.404 4415.6 4422.795
