data/zism_data/00351_04_D.txt
ncols         224
nrows         224
[rows 56 to 83 of 224, columns 0 to 62 of 224]
1380.768 1380.658 1380.549 1380.414 1380.25 1380.085 1379.92 1379.756 1379.689 1379.633 1379.577 1379.521 1379.471 1379.435 1379.399 1379.362 1379.326 1379.172 1378.989 1378.806 1378.622 1378.426 1378.189 1377.953 1377.716 1377.48 1377.217 1376.942 1376.667 1376.392 1376.12 1375.863 1375.606 1375.349 1375.092 1374.966 1374.929 1374.893 1374.856 1374.815 1374.651 1374.487 1374.323 1374.16 1373.986 1373.803 1373.619 1373.436 1373.253 1373.207 1373.17 1373.132 1373.095 1373.001 1372.818 1372.636 1372.453 1372.271 1372.242 1372.242 1372.242 1372.242 1372.306
1381.333 1381.212 1381.092 1380.949 1380.779 1380.609 1380.439 1380.269 1380.245 1380.237 1380.229 1380.222 1380.2 1380.153 1380.106 1380.059 1380.012 1379.865 1379.692 1379.519 1379.347 1379.141 1378.835 1378.529 1378.222 1377.916 1377.635 1377.366 1377.096 1376.827 1376.564 1376.339 1376.114 1375.889 1375.664 1375.545 1375.498 1375.451 1375.404 1375.35 1375.138 1374.926 1374.714 1374.501 1374.309 1374.136 1373.964 1373.791 1373.618 1373.603 1373.598 1373.593 1373.588 1373.501 1373.286 1373.072 1372.857 1372.642 1372.608 1372.608 1372.608 1372.608 1372.672
1381.879 1381.739 1381.599 1381.447 1381.28 1381.114 1380.948 1380.781 1380.764 1380.764 1380.764 1380.764 1380.749 1380.705 1380.66 1380.616 1380.572 1380.412 1380.223 1380.034 1379.845 1379.625 1379.307 1378.99 1378.672 1378.355 1378.081 1377.826 1377.571 1377.316 1377.068 1376.862 1376.655 1376.449 1376.243 1376.114 1376.038 1375.962 1375.886 1375.804 1375.58 1375.356 1375.131 1374.907 1374.705 1374.525 1374.345 1374.165 1373.985 1373.958 1373.939 1373.921 1373.903 1373.813 1373.612 1373.41 1373.208 1373.007 1372.974 1372.974 1372.974 1372.974 1373.036
1382.422 1382.26 1382.099 1381.938 1381.776 1381.615 1381.454 1381.293 1381.277 1381.277 1381.277 1381.277 1381.264 1381.225 1381.186 1381.147 1381.108 1380.932 1380.722 1380.511 1380.301 1380.064 1379.747 1379.429 1379.112 1378.794 1378.532 1378.293 1378.054 1377.815 1377.583 1377.393 1377.203 1377.012 1376.822 1376.681 1376.573 1376.465 1376.357 1376.243 1376.014 1375.784 1375.555 1375.325 1375.115 1374.924 1374.733 1374.542 1374.352 1374.304 1374.264 1374.224 1374.185 1374.09 1373.91 1373.73 1373.55 1373.37 1373.341 1373.341 1373.341 1373.341 1373.399
1382.965 1382.782 1382.599 1382.428 1382.273 1382.117 1381.961 1381.806 1381.79 1381.79 1381.79 1381.79 1381.778 1381.745 1381.711 1381.677 1381.644 1381.452 1381.22 1380.988 1380.756 1380.504 1380.186 1379.869 1379.551 1379.234 1378.982 1378.759 1378.536 1378.314 1378.098 1377.924 1377.75 1377.576 1377.402 1377.248 1377.108 1376.967 1376.827 1376.683 1376.448 1376.213 1375.978 1375.743 1375.524 1375.323 1375.121 1374.92 1374.719 1374.65 1374.589 1374.528 1374.467 1374.367 1374.209 1374.05 1373.891 1373.732 1373.707 1373.707 1373.707 1373.707 1373.762
1383.508 1383.304 1383.099 1382.919 1382.769 1382.618 1382.468 1382.318 1382.302 1382.302 1382.302 1382.302 1382.293 1382.265 1382.236 1382.208 1382.18 1381.972 1381.719 1381.465 1381.212 1380.943 1380.626 1380.308 1379.991 1379.673 1379.433 1379.226 1379.019 1378.813 1378.613 1378.455 1378.297 1378.139 1377.981 1377.815 1377.642 1377.47 1377.297 1377.122 1376.882 1376.641 1376.401 1376.161 1375.934 1375.722 1375.51 1375.298 1375.086 1374.996 1374.913 1374.831 1374.748 1374.644 1374.507 1374.37 1374.233 1374.095 1374.073 1374.073 1374.073 1374.073 1374.125
1384.054 1383.83 1383.606 1383.416 1383.27 1383.123 1382.977 1382.83 1382.815 1382.815 1382.815 1382.815 1382.806 1382.778 1382.751 1382.723 1382.696 1382.471 1382.196 1381.921 1381.647 1381.363 1381.052 1380.74 1380.429 1380.118 1379.886 1379.69 1379.493 1379.296 1379.108 1378.97 1378.833 1378.696 1378.559 1378.381 1378.174 1377.968 1377.762 1377.554 1377.317 1377.079 1376.841 1376.603 1376.376 1376.161 1375.946 1375.731 1375.516 1375.404 1375.298 1375.193 1375.088 1374.973 1374.845 1374.717 1374.588 1374.46 1374.44 1374.44 1374.44 1374.44 1374.49
1384.608 1384.368 1384.127 1383.929 1383.782 1383.636 1383.489 1383.343 1383.328 1383.328 1383.328 1383.328 1383.315 1383.276 1383.238 1383.2 1383.162 1382.918 1382.621 1382.325 1382.029 1381.734 1381.445 1381.155 1380.865 1380.575 1380.347 1380.144 1379.942 1379.74 1379.552 1379.447 1379.342 1379.237 1379.132 1378.944 1378.701 1378.457 1378.213 1377.97 1377.754 1377.537 1377.321 1377.104 1376.897 1376.698 1376.499 1376.3 1376.101 1375.965 1375.832 1375.7 1375.568 1375.429 1375.279 1375.129 1374.979 1374.83 1374.806 1374.806 1374.806 1374.806 1374.859
1385.162 1384.905 1384.649 1384.442 1384.295 1384.149 1384.002 1383.856 1383.841 1383.841 1383.841 1383.841 1383.824 1383.775 1383.726 1383.677 1383.628 1383.365 1383.047 1382.729 1382.411 1382.106 1381.838 1381.569 1381.301 1381.033 1380.807 1380.599 1380.391 1380.184 1379.996 1379.923 1379.85 1379.777 1379.705 1379.508 1379.227 1378.945 1378.664 1378.386 1378.191 1377.996 1377.801 1377.606 1377.417 1377.234 1377.052 1376.869 1376.686 1376.525 1376.366 1376.207 1376.048 1375.884 1375.713 1375.542 1375.37 1375.199 1375.172 1375.172 1375.172 1375.172 1375.229
1385.716 1385.443 1385.17 1384.954 1384.808 1384.661 1384.515 1384.368 1384.354 1384.354 1384.354 1384.354 1384.333 1384.273 1384.213 1384.154 1384.094 1383.811 1383.472 1383.133 1382.794 1382.477 1382.231 1381.984 1381.737 1381.49 1381.267 1381.054 1380.841 1380.628 1380.44 1380.399 1380.359 1380.318 1380.278 1380.072 1379.753 1379.434 1379.115 1378.802 1378.629 1378.455 1378.282 1378.108 1377.938 1377.771 1377.604 1377.438 1377.271 1377.086 1376.9 1376.714 1376.528 1376.34 1376.147 1375.954 1375.762 1375.569 1375.538 1375.538 1375.538 1375.538 1375.598
1386.27 1385.981 1385.692 1385.467 1385.321 1385.174 1385.028 1384.881 1384.866 1384.866 1384.866 1384.866 1384.842 1384.771 1384.701 1384.63 1384.56 1384.258 1383.897 1383.537 1383.176 1382.849 1382.624 1382.398 1382.173 1381.948 1381.727 1381.509 1381.29 1381.072 1380.884 1380.876 1380.867 1380.859 1380.851 1380.635 1380.279 1379.922 1379.566 1379.219 1379.066 1378.914 1378.762 1378.61 1378.459 1378.308 1378.157 1378.007 1377.856 1377.647 1377.434 1377.221 1377.009 1376.795 1376.581 1376.367 1376.153 1375.939 1375.904 1375.904 1375.904 1375.904 1375.967
1386.875 1386.613 1386.352 1386.142 1385.996 1385.849 1385.703 1385.556 1385.541 1385.541 1385.541 1385.541 1385.506 1385.405 1385.304 1385.203 1385.102 1384.783 1384.409 1384.035 1383.661 1383.322 1383.09 1382.859 1382.627 1382.395 1382.186 1381.986 1381.786 1381.586 1381.411 1381.379 1381.347 1381.315 1381.284 1381.067 1380.725 1380.382 1380.04 1379.705 1379.543 1379.38 1379.218 1379.056 1378.897 1378.743 1378.589 1378.434 1378.28 1378.064 1377.844 1377.624 1377.404 1377.185 1376.965 1376.745 1376.526 1376.306 1376.271 1376.271 1376.271 1376.271 1376.334
1387.497 1387.279 1387.061 1386.875 1386.728 1386.582 1386.435 1386.289 1386.274 1386.274 1386.274 1386.274 1386.226 1386.087 1385.948 1385.81 1385.671 1385.336 1384.952 1384.567 1384.182 1383.831 1383.583 1383.335 1383.088 1382.84 1382.644 1382.471 1382.298 1382.125 1381.966 1381.891 1381.817 1381.742 1381.667 1381.453 1381.142 1380.832 1380.522 1380.217 1380.033 1379.849 1379.666 1379.482 1379.307 1379.142 1378.977 1378.812 1378.646 1378.43 1378.21 1377.99 1377.771 1377.551 1377.331 1377.111 1376.892 1376.672 1376.637 1376.637 1376.637 1376.637 1376.701
1388.12 1387.945 1387.77 1387.607 1387.461 1387.314 1387.168 1387.021 1387.006 1387.006 1387.006 1387.006 1386.945 1386.769 1386.593 1386.417 1386.241 1385.89 1385.494 1385.098 1384.703 1384.339 1384.076 1383.812 1383.548 1383.284 1383.102 1382.956 1382.81 1382.663 1382.521 1382.404 1382.286 1382.168 1382.051 1381.838 1381.56 1381.282 1381.004 1380.729 1380.524 1380.318 1380.113 1379.908 1379.717 1379.541 1379.365 1379.189 1379.013 1378.796 1378.576 1378.357 1378.137 1377.917 1377.697 1377.478 1377.258 1377.038 1377.003 1377.003 1377.003 1377.003 1377.067
1388.744 1388.611 1388.479 1388.34 1388.193 1388.047 1387.9 1387.754 1387.739 1387.739 1387.739 1387.739 1387.665 1387.451 1387.237 1387.023 1386.81 1386.443 1386.036 1385.63 1385.224 1384.848 1384.568 1384.288 1384.008 1383.729 1383.56 1383.441 1383.321 1383.202 1383.077 1382.916 1382.755 1382.595 1382.435 1382.223 1381.977 1381.732 1381.486 1381.241 1381.014 1380.787 1380.56 1380.334 1380.127 1379.94 1379.753 1379.567 1379.38 1379.162 1378.943 1378.723 1378.503 1378.283 1378.064 1377.844 1377.624 1377.404 1377.369 1377.369 1377.369 1377.369 1377.433
1389.373 1389.277 1389.182 1389.063 1388.915 1388.768 1388.62 1388.473 1388.45 1388.442 1388.434 1388.426 1388.335 1388.088 1387.84 1387.593 1387.346 1386.967 1386.553 1386.141 1385.727 1385.345 1385.055 1384.765 1384.475 1384.185 1384.027 1383.926 1383.825 1383.724 1383.61 1383.411 1383.213 1383.015 1382.816 1382.607 1382.39 1382.173 1381.957 1381.739 1381.495 1381.25 1381.006 1380.762 1380.541 1380.342 1380.144 1379.946 1379.747 1379.529 1379.309 1379.089 1378.869 1378.65 1378.43 1378.21 1377.99 1377.771 1377.736 1377.736 1377.736 1377.736 1377.799
1390.029 1389.944 1389.859 1389.744 1389.591 1389.438 1389.285 1389.132 1389.071 1389.02 1388.969 1388.918 1388.793 1388.53 1388.266 1388.003 1387.74 1387.366 1386.964 1386.561 1386.159 1385.788 1385.514 1385.24 1384.967 1384.693 1384.528 1384.411 1384.295 1384.178 1384.047 1383.832 1383.618 1383.403 1383.189 1382.983 1382.782 1382.581 1382.381 1382.178 1381.934 1381.69 1381.446 1381.202 1380.972 1380.758 1380.543 1380.329 1380.114 1379.895 1379.675 1379.455 1379.236 1379.016 1378.796 1378.576 1378.357 1378.137 1378.102 1378.102 1378.102 1378.102 1378.166
1390.685 1390.611 1390.537 1390.425 1390.267 1390.109 1389.95 1389.792 1389.692 1389.598 1389.504 1389.41 1389.251 1388.972 1388.693 1388.413 1388.134 1387.765 1387.373 1386.982 1386.59 1386.232 1385.974 1385.716 1385.458 1385.201 1385.03 1384.897 1384.764 1384.631 1384.484 1384.253 1384.023 1383.792 1383.562 1383.359 1383.174 1382.99 1382.805 1382.618 1382.374 1382.13 1381.885 1381.641 1381.404 1381.173 1380.943 1380.712 1380.482 1380.261 1380.041 1379.822 1379.602 1379.382 1379.162 1378.943 1378.723 1378.503 1378.468 1378.468 1378.468 1378.468 1378.532
1391.342 1391.278 1391.215 1391.106 1390.943 1390.779 1390.615 1390.452 1390.312 1390.175 1390.039 1389.902 1389.71 1389.414 1389.119 1388.823 1388.528 1388.164 1387.783 1387.402 1387.022 1386.675 1386.433 1386.192 1385.95 1385.708 1385.531 1385.382 1385.233 1385.084 1384.921 1384.674 1384.428 1384.181 1383.934 1383.734 1383.566 1383.397 1383.229 1383.057 1382.813 1382.569 1382.325 1382.081 1381.835 1381.589 1381.342 1381.095 1380.849 1380.627 1380.408 1380.188 1379.968 1379.748 1379.529 1379.309 1379.089 1378.87 1378.834 1378.834 1378.834 1378.834 1378.898
1391.998 1391.945 1391.892 1391.787 1391.619 1391.45 1391.281 1391.112 1390.933 1390.753 1390.573 1390.394 1390.168 1389.856 1389.545 1389.233 1388.922 1388.563 1388.193 1387.823 1387.453 1387.119 1386.893 1386.667 1386.442 1386.216 1386.033 1385.868 1385.703 1385.537 1385.358 1385.095 1384.833 1384.57 1384.307 1384.11 1383.958 1383.806 1383.653 1383.497 1383.253 1383.009 1382.764 1382.52 1382.267 1382.004 1381.741 1381.479 1381.216 1380.994 1380.774 1380.554 1380.334 1380.115 1379.895 1379.675 1379.455 1379.236 1379.201 1379.201 1379.201 1379.201 1379.264
1392.603 1392.55 1392.498 1392.394 1392.226 1392.059 1391.891 1391.724 1391.51 1391.291 1391.071 1390.852 1390.596 1390.272 1389.948 1389.624 1389.299 1388.942 1388.575 1388.209 1387.843 1387.52 1387.331 1387.142 1386.953 1386.765 1386.576 1386.388 1386.2 1386.012 1385.81 1385.528 1385.246 1384.964 1384.681 1384.48 1384.333 1384.187 1384.04 1383.89 1383.66 1383.429 1383.199 1382.968 1382.712 1382.43 1382.148 1381.865 1381.583 1381.341 1381.1 1380.86 1380.62 1380.396 1380.196 1379.997 1379.798 1379.599 1379.567 1379.567 1379.567 1379.567 1379.631
1393.178 1393.12 1393.063 1392.958 1392.796 1392.634 1392.472 1392.309 1392.062 1391.805 1391.549 1391.292 1391.008 1390.673 1390.338 1390.003 1389.668 1389.308 1388.942 1388.575 1388.209 1387.898 1387.758 1387.617 1387.476 1387.336 1387.144 1386.929 1386.714 1386.499 1386.271 1385.968 1385.664 1385.36 1385.056 1384.846 1384.7 1384.553 1384.407 1384.257 1384.048 1383.839 1383.63 1383.421 1383.166 1382.862 1382.558 1382.255 1381.951 1381.677 1381.404 1381.132 1380.859 1380.628 1380.461 1380.294 1380.127 1379.96 1379.933 1379.933 1379.933 1379.933 1379.997
1393.753 1393.69 1393.627 1393.522 1393.365 1393.208 1393.052 1392.895 1392.615 1392.32 1392.026 1391.731 1391.419 1391.073 1390.728 1390.382 1390.036 1389.674 1389.308 1388.942 1388.575 1388.277 1388.184 1388.092 1388.0 1387.907 1387.711 1387.469 1387.228 1386.986 1386.732 1386.407 1386.082 1385.756 1385.431 1385.212 1385.066 1384.919 1384.773 1384.625 1384.437 1384.25 1384.062 1383.874 1383.619 1383.294 1382.969 1382.643 1382.318 1382.012 1381.708 1381.403 1381.098 1380.86 1380.725 1380.591 1380.456 1380.321 1380.299 1380.299 1380.299 1380.299 1380.363
1394.328 1394.26 1394.192 1394.086 1393.934 1393.783 1393.632 1393.48 1393.167 1392.835 1392.503 1392.171 1391.83 1391.474 1391.117 1390.761 1390.405 1390.04 1389.674 1389.308 1388.942 1388.655 1388.611 1388.567 1388.522 1388.478 1388.278 1388.01 1387.741 1387.473 1387.193 1386.846 1386.5 1386.153 1385.806 1385.579 1385.432 1385.286 1385.139 1384.992 1384.826 1384.66 1384.493 1384.327 1384.072 1383.726 1383.379 1383.032 1382.686 1382.348 1382.011 1381.675 1381.338 1381.093 1380.99 1380.887 1380.785 1380.682 1380.666 1380.666 1380.666 1380.666 1380.729
1394.899 1394.826 1394.753 1394.646 1394.496 1394.347 1394.197 1394.047 1393.705 1393.342 1392.978 1392.615 1392.25 1391.882 1391.514 1391.146 1390.777 1390.413 1390.05 1389.688 1389.324 1389.05 1389.047 1389.044 1389.04 1389.037 1388.832 1388.538 1388.244 1387.95 1387.645 1387.279 1386.913 1386.547 1386.18 1385.944 1385.796 1385.648 1385.5 1385.352 1385.203 1385.055 1384.906 1384.757 1384.503 1384.14 1383.778 1383.415 1383.053 1382.687 1382.321 1381.954 1381.588 1381.337 1381.263 1381.19 1381.117 1381.044 1381.032 1381.032 1381.032 1381.032 1381.095
1395.422 1395.355 1395.288 1395.166 1394.979 1394.792 1394.604 1394.417 1394.1 1393.769 1393.438 1393.107 1392.755 1392.366 1391.976 1391.586 1391.197 1390.858 1390.533 1390.208 1389.882 1389.627 1389.586 1389.545 1389.504 1389.464 1389.239 1388.935 1388.63 1388.325 1388.012 1387.645 1387.279 1386.913 1386.547 1386.301 1386.137 1385.973 1385.809 1385.644 1385.469 1385.293 1385.117 1384.942 1384.695 1384.375 1384.056 1383.736 1383.417 1383.053 1382.687 1382.321 1381.954 1381.703 1381.63 1381.556 1381.483 1381.41 1381.398 1381.398 1381.398 1381.398 1381.457
1395.946 1395.884 1395.822 1395.687 1395.462 1395.237 1395.012 1394.787 1394.496 1394.197 1393.898 1393.599 1393.26 1392.849 1392.438 1392.027 1391.616 1391.303 1391.016 1390.728 1390.44 1390.204 1390.125 1390.047 1389.969 1389.89 1389.647 1389.331 1389.016 1388.701 1388.378 1388.012 1387.645 1387.279 1386.913 1386.657 1386.477 1386.297 1386.117 1385.936 1385.734 1385.531 1385.328 1385.126 1384.887 1384.61 1384.334 1384.057 1383.78 1383.419 1383.053 1382.687 1382.321 1382.069 1381.996 1381.922 1381.849 1381.776 1381.764 1381.764 1381.764 1381.764 1381.818
1396.469 1396.413 1396.356 1396.207 1395.944 1395.682 1395.42 1395.157 1394.891 1394.624 1394.357 1394.09 1393.766 1393.333 1392.901 1392.468 1392.036 1391.748 1391.498 1391.248 1390.998 1390.78 1390.664 1390.548 1390.432 1390.317 1390.054 1389.728 1389.402 1389.076 1388.744 1388.378 1388.012 1387.645 1387.279 1387.014 1386.818 1386.622 1386.425 1386.228 1385.999 1385.769 1385.54 1385.311 1385.079 1384.845 1384.612 1384.378 1384.144 1383.786 1383.419 1383.053 1382.687 1382.435 1382.362 1382.289 1382.215 1382.142 1382.13 1382.13 1382.13 1382.13 1382.18
