data/zism_data/00359_01_D.txt
ncols         224
nrows         224
[rows 196 to 223 of 224, columns 63 to 125 of 224]
1321.152 1319.056 1316.641 1314.226 1311.811 1309.618 1308.052 1306.487 1304.921 1303.355 1302.616 1302.169 1301.722 1301.275 1300.844 1300.471 1300.099 1299.726 1299.353 1299.055 1298.79 1298.525 1298.259 1298.083 1298.333 1298.583 1298.832 1299.082 1300.987 1303.774 1306.561 1309.349 1312.363 1316.891 1321.419 1325.947 1330.475 1334.983 1339.478 1343.973 1348.468 1352.86 1356.165 1359.47 1362.776 1366.081 1366.219 1363.92 1361.621 1359.322 1356.861 1350.839 1344.816 1338.794 1332.771 1326.853 1321.03 1315.206 1309.383 1303.56 1302.398 1301.236 1300.074
1324.959 1322.244 1319.134 1316.024 1312.914 1310.141 1308.32 1306.499 1304.678 1302.857 1302.072 1301.652 1301.232 1300.811 1300.412 1300.089 1299.765 1299.441 1299.118 1298.91 1298.753 1298.596 1298.44 1298.369 1298.705 1299.042 1299.378 1299.715 1301.894 1305.056 1308.218 1311.38 1314.758 1319.574 1324.39 1329.205 1334.021 1338.781 1343.504 1348.227 1352.95 1357.574 1361.162 1364.75 1368.337 1371.925 1372.167 1369.835 1367.504 1365.173 1362.667 1356.329 1349.992 1343.655 1337.317 1330.894 1324.392 1317.89 1311.388 1304.885 1303.436 1301.987 1300.537
1329.661 1326.016 1321.983 1317.95 1313.917 1310.42 1308.443 1306.466 1304.49 1302.513 1301.696 1301.288 1300.88 1300.472 1300.097 1299.842 1299.588 1299.333 1299.078 1298.918 1298.801 1298.683 1298.565 1298.534 1298.913 1299.291 1299.67 1300.049 1302.416 1305.844 1309.271 1312.699 1316.331 1321.325 1326.32 1331.314 1336.309 1341.256 1346.172 1351.089 1356.005 1360.82 1364.566 1368.312 1372.058 1375.804 1376.312 1374.33 1372.348 1370.366 1368.194 1361.849 1355.505 1349.16 1342.815 1335.884 1328.415 1320.947 1313.478 1306.01 1304.342 1302.674 1301.006
1334.448 1329.843 1324.866 1319.888 1314.91 1310.677 1308.553 1306.43 1304.306 1302.183 1301.335 1300.938 1300.541 1300.144 1299.794 1299.609 1299.425 1299.24 1299.056 1298.941 1298.856 1298.771 1298.686 1298.688 1299.105 1299.521 1299.938 1300.355 1302.902 1306.584 1310.267 1313.95 1317.826 1322.989 1328.152 1333.314 1338.477 1343.606 1348.712 1353.819 1358.925 1363.926 1367.819 1371.711 1375.604 1379.497 1380.287 1378.69 1377.094 1375.497 1373.695 1367.372 1361.049 1354.726 1348.403 1340.964 1332.501 1324.039 1315.577 1307.115 1305.235 1303.355 1301.476
1339.234 1333.671 1327.748 1321.826 1315.903 1310.933 1308.663 1306.393 1304.123 1301.853 1300.975 1300.589 1300.203 1299.817 1299.49 1299.376 1299.262 1299.148 1299.035 1298.964 1298.911 1298.859 1298.806 1298.842 1299.297 1299.751 1300.206 1300.661 1303.387 1307.325 1311.264 1315.202 1319.321 1324.652 1329.984 1335.315 1340.646 1345.956 1351.253 1356.549 1361.846 1367.033 1371.072 1375.111 1379.151 1383.19 1384.261 1383.051 1381.84 1380.629 1379.196 1372.895 1366.594 1360.292 1353.991 1346.044 1336.588 1327.131 1317.675 1308.219 1306.128 1304.037 1301.945
1344.021 1337.499 1330.631 1323.763 1316.896 1311.189 1308.773 1306.356 1303.939 1301.522 1300.615 1300.239 1299.864 1299.489 1299.186 1299.143 1299.099 1299.056 1299.013 1298.986 1298.966 1298.946 1298.926 1298.996 1299.489 1299.981 1300.474 1300.967 1303.873 1308.066 1312.26 1316.453 1320.816 1326.316 1331.815 1337.315 1342.814 1348.306 1353.793 1359.279 1364.766 1370.139 1374.325 1378.511 1382.697 1386.883 1388.236 1387.411 1386.585 1385.76 1384.697 1378.418 1372.138 1365.858 1359.579 1351.124 1340.674 1330.224 1319.774 1309.324 1307.021 1304.718 1302.415
1349.561 1342.41 1334.874 1327.338 1319.802 1313.513 1310.758 1308.003 1305.247 1302.492 1301.409 1300.916 1300.423 1299.93 1299.52 1299.413 1299.305 1299.198 1299.09 1299.048 1299.036 1299.023 1299.01 1299.087 1299.589 1300.09 1300.591 1301.092 1304.022 1308.247 1312.472 1316.697 1321.091 1326.615 1332.14 1337.664 1343.188 1348.682 1354.156 1359.63 1365.105 1370.48 1374.817 1379.153 1383.49 1387.827 1389.615 1389.443 1389.271 1389.099 1388.667 1382.526 1376.384 1370.242 1364.1 1355.279 1344.002 1332.725 1321.448 1310.172 1307.737 1305.302 1302.867
1356.288 1349.029 1341.26 1333.49 1325.72 1319.092 1315.696 1312.3 1308.904 1305.508 1304.02 1303.207 1302.393 1301.58 1300.86 1300.475 1300.091 1299.706 1299.322 1299.173 1299.128 1299.083 1299.037 1299.081 1299.544 1300.007 1300.47 1300.934 1303.641 1307.546 1311.45 1315.355 1319.444 1324.768 1330.091 1335.415 1340.738 1345.952 1351.094 1356.237 1361.38 1366.467 1370.961 1375.455 1379.949 1384.443 1386.908 1387.811 1388.714 1389.617 1390.228 1384.407 1378.585 1372.764 1366.942 1357.98 1346.138 1334.297 1322.455 1310.614 1308.173 1305.733 1303.293
1363.016 1355.648 1347.645 1339.642 1331.639 1324.67 1320.634 1316.597 1312.56 1308.523 1306.632 1305.498 1304.364 1303.23 1302.199 1301.538 1300.876 1300.215 1299.553 1299.298 1299.22 1299.142 1299.064 1299.074 1299.499 1299.925 1300.35 1300.775 1303.26 1306.844 1310.429 1314.013 1317.797 1322.92 1328.042 1333.165 1338.288 1343.221 1348.033 1352.844 1357.656 1362.453 1367.105 1371.757 1376.408 1381.06 1384.201 1386.179 1388.157 1390.136 1391.789 1386.288 1380.787 1375.286 1369.785 1360.681 1348.274 1335.868 1323.462 1311.056 1308.61 1306.164 1303.719
1369.743 1362.267 1354.03 1345.794 1337.557 1330.249 1325.571 1320.894 1316.216 1311.539 1309.243 1307.789 1306.335 1304.88 1303.538 1302.6 1301.662 1300.723 1299.785 1299.422 1299.312 1299.202 1299.091 1299.067 1299.455 1299.842 1300.229 1300.616 1302.88 1306.143 1309.407 1312.671 1316.151 1321.072 1325.994 1330.916 1335.837 1340.49 1344.971 1349.451 1353.931 1358.44 1363.249 1368.059 1372.868 1377.677 1381.494 1384.547 1387.601 1390.654 1393.35 1388.169 1382.988 1377.808 1372.627 1363.382 1350.411 1337.44 1324.469 1311.498 1309.047 1306.595 1304.144
1376.47 1368.885 1360.415 1351.945 1343.475 1335.827 1330.509 1325.191 1319.872 1314.554 1311.855 1310.08 1308.306 1306.531 1304.878 1303.662 1302.447 1301.232 1300.016 1299.547 1299.404 1299.261 1299.118 1299.061 1299.41 1299.759 1300.109 1300.458 1302.499 1305.442 1308.385 1311.329 1314.504 1319.225 1323.945 1328.666 1333.387 1337.76 1341.909 1346.058 1350.207 1354.427 1359.394 1364.36 1369.327 1374.294 1378.786 1382.915 1387.044 1391.172 1394.91 1390.05 1385.19 1380.329 1375.469 1366.083 1352.547 1339.011 1325.475 1311.94 1309.483 1307.026 1304.57
1378.969 1371.459 1363.004 1354.549 1346.094 1338.422 1332.969 1327.516 1322.063 1316.611 1313.74 1311.781 1309.822 1307.863 1306.021 1304.604 1303.187 1301.77 1300.352 1299.779 1299.576 1299.372 1299.168 1299.05 1299.338 1299.626 1299.913 1300.201 1301.899 1304.348 1306.798 1309.247 1311.924 1316.116 1320.307 1324.499 1328.691 1332.583 1336.284 1339.985 1343.685 1347.495 1352.445 1357.396 1362.347 1367.297 1372.219 1377.118 1382.017 1386.916 1391.418 1387.173 1382.929 1378.684 1374.439 1365.579 1352.486 1339.393 1326.301 1313.208 1310.718 1308.228 1305.738
1380.8 1373.392 1364.991 1356.591 1348.19 1340.544 1335.037 1329.53 1324.023 1318.516 1315.51 1313.388 1311.266 1309.144 1307.134 1305.527 1303.919 1302.312 1300.705 1300.029 1299.76 1299.491 1299.222 1299.039 1299.261 1299.484 1299.707 1299.929 1301.264 1303.192 1305.121 1307.049 1309.196 1312.807 1316.418 1320.028 1323.639 1327.02 1330.254 1333.487 1336.721 1340.1 1345.007 1349.915 1354.822 1359.729 1365.04 1370.661 1376.282 1381.904 1387.125 1383.543 1379.961 1376.379 1372.797 1364.567 1352.077 1339.587 1327.098 1314.608 1312.08 1309.552 1307.024
1382.63 1375.325 1366.979 1358.632 1350.286 1342.666 1337.104 1331.543 1325.982 1320.42 1317.281 1314.996 1312.711 1310.426 1308.247 1306.449 1304.652 1302.855 1301.057 1300.278 1299.944 1299.61 1299.276 1299.027 1299.185 1299.342 1299.5 1299.657 1300.63 1302.036 1303.443 1304.85 1306.469 1309.498 1312.528 1315.558 1318.587 1321.457 1324.224 1326.99 1329.757 1332.706 1337.569 1342.433 1347.297 1352.161 1357.861 1364.204 1370.548 1376.891 1382.832 1379.913 1376.993 1374.074 1371.154 1363.556 1351.669 1339.781 1327.894 1316.007 1313.441 1310.875 1308.309
1384.461 1377.258 1368.966 1360.674 1352.382 1344.788 1339.172 1333.557 1327.941 1322.325 1319.051 1316.603 1314.155 1311.707 1309.359 1307.372 1305.385 1303.397 1301.41 1300.527 1300.128 1299.729 1299.33 1299.016 1299.108 1299.201 1299.293 1299.385 1299.995 1300.88 1301.766 1302.652 1303.741 1306.19 1308.638 1311.087 1313.536 1315.894 1318.193 1320.493 1322.792 1325.311 1330.132 1334.952 1339.772 1344.593 1350.682 1357.748 1364.813 1371.879 1378.539 1376.282 1374.025 1371.768 1369.511 1362.545 1351.26 1339.976 1328.691 1317.407 1314.803 1312.199 1309.595
1383.99 1376.712 1368.352 1359.991 1351.63 1344.027 1338.572 1333.117 1327.661 1322.206 1319.003 1316.594 1314.185 1311.776 1309.46 1307.477 1305.494 1303.512 1301.529 1300.629 1300.203 1299.777 1299.352 1299.008 1299.053 1299.099 1299.144 1299.19 1299.543 1300.059 1300.576 1301.093 1301.791 1303.701 1305.611 1307.521 1309.431 1311.306 1313.158 1315.011 1316.864 1318.953 1323.524 1328.096 1332.667 1337.238 1343.439 1350.892 1358.346 1365.8 1372.862 1371.312 1369.761 1368.211 1366.66 1360.494 1350.097 1339.7 1329.303 1318.906 1316.27 1313.633 1310.996
1379.014 1371.314 1362.643 1353.973 1345.302 1337.623 1332.748 1327.874 1323.0 1318.126 1315.395 1313.421 1311.446 1309.472 1307.58 1305.982 1304.385 1302.788 1301.19 1300.442 1300.065 1299.688 1299.311 1299.006 1299.041 1299.075 1299.11 1299.145 1299.448 1299.894 1300.34 1300.786 1301.364 1302.817 1304.271 1305.724 1307.178 1308.627 1310.072 1311.518 1312.964 1314.624 1318.544 1322.464 1326.383 1330.303 1336.069 1343.257 1350.445 1357.632 1364.474 1363.717 1362.959 1362.202 1361.444 1356.411 1347.458 1338.506 1329.553 1320.6 1317.942 1315.284 1312.625
1374.038 1365.915 1356.935 1347.955 1338.975 1331.218 1326.925 1322.632 1318.339 1314.046 1311.788 1310.248 1308.708 1307.168 1305.699 1304.487 1303.276 1302.064 1300.852 1300.255 1299.927 1299.599 1299.271 1299.004 1299.028 1299.052 1299.075 1299.099 1299.352 1299.728 1300.103 1300.479 1300.936 1301.933 1302.931 1303.928 1304.926 1305.948 1306.986 1308.025 1309.063 1310.295 1313.563 1316.831 1320.099 1323.367 1328.7 1335.622 1342.543 1349.465 1356.087 1356.122 1356.157 1356.193 1356.228 1352.328 1344.819 1337.311 1329.803 1322.295 1319.615 1316.935 1314.255
1369.063 1360.516 1351.227 1341.938 1332.648 1324.814 1321.102 1317.39 1313.678 1309.965 1308.18 1307.074 1305.969 1304.864 1303.819 1302.992 1302.166 1301.34 1300.514 1300.068 1299.789 1299.51 1299.231 1299.002 1299.015 1299.028 1299.041 1299.054 1299.257 1299.562 1299.867 1300.172 1300.508 1301.049 1301.591 1302.132 1302.674 1303.27 1303.9 1304.531 1305.162 1305.966 1308.582 1311.199 1313.815 1316.432 1321.331 1327.986 1334.642 1341.297 1347.699 1348.527 1349.356 1350.184 1351.012 1348.244 1342.18 1336.117 1330.053 1323.989 1321.287 1318.585 1315.884
1364.087 1355.118 1345.519 1335.92 1326.321 1318.41 1315.278 1312.147 1309.016 1305.885 1304.572 1303.901 1303.23 1302.559 1301.938 1301.498 1301.057 1300.616 1300.175 1299.881 1299.651 1299.421 1299.19 1299.0 1299.002 1299.004 1299.006 1299.008 1299.162 1299.396 1299.631 1299.865 1300.08 1300.165 1300.251 1300.336 1300.421 1300.591 1300.814 1301.038 1301.262 1301.637 1303.602 1305.566 1307.531 1309.496 1313.962 1320.351 1326.74 1333.13 1339.312 1340.933 1342.554 1344.175 1345.796 1344.161 1339.541 1334.922 1330.302 1325.683 1322.96 1320.236 1317.513
1364.001 1355.15 1345.727 1336.304 1326.881 1319.045 1315.705 1312.364 1309.024 1305.684 1304.262 1303.518 1302.774 1302.03 1301.377 1301.057 1300.737 1300.417 1300.097 1299.846 1299.625 1299.404 1299.183 1299.0 1299.0 1299.0 1299.0 1299.0 1299.144 1299.365 1299.587 1299.808 1300.0 1300.0 1300.0 1300.0 1300.0 1300.09 1300.237 1300.385 1300.532 1300.819 1302.569 1304.319 1306.07 1307.82 1311.857 1317.654 1323.45 1329.247 1334.865 1336.541 1338.218 1339.894 1341.571 1340.352 1336.48 1332.607 1328.735 1324.862 1322.219 1319.575 1316.931
1365.04 1356.431 1347.296 1338.161 1329.025 1321.3 1317.569 1313.838 1310.107 1306.375 1304.711 1303.777 1302.843 1301.908 1301.12 1300.86 1300.6 1300.339 1300.079 1299.846 1299.625 1299.404 1299.183 1299.0 1299.0 1299.0 1299.0 1299.0 1299.144 1299.365 1299.587 1299.808 1300.0 1300.0 1300.0 1300.0 1300.0 1300.09 1300.237 1300.385 1300.532 1300.809 1302.445 1304.081 1305.718 1307.354 1310.964 1316.093 1321.221 1326.35 1331.324 1332.886 1334.449 1336.011 1337.574 1336.607 1333.321 1330.035 1326.749 1323.463 1320.922 1318.382 1315.841
1366.08 1357.712 1348.865 1340.017 1331.17 1323.555 1319.433 1315.311 1311.189 1307.067 1305.16 1304.036 1302.911 1301.787 1300.863 1300.663 1300.462 1300.262 1300.061 1299.846 1299.625 1299.404 1299.183 1299.0 1299.0 1299.0 1299.0 1299.0 1299.144 1299.365 1299.587 1299.808 1300.0 1300.0 1300.0 1300.0 1300.0 1300.09 1300.237 1300.385 1300.532 1300.799 1302.321 1303.843 1305.366 1306.888 1310.071 1314.532 1318.992 1323.453 1327.783 1329.232 1330.68 1332.129 1333.577 1332.862 1330.162 1327.462 1324.763 1322.063 1319.626 1317.188 1314.751
1367.119 1358.993 1350.433 1341.874 1333.314 1325.811 1321.297 1316.784 1312.271 1307.758 1305.609 1304.295 1302.98 1301.666 1300.606 1300.465 1300.325 1300.184 1300.043 1299.846 1299.625 1299.404 1299.183 1299.0 1299.0 1299.0 1299.0 1299.0 1299.144 1299.365 1299.587 1299.808 1300.0 1300.0 1300.0 1300.0 1300.0 1300.09 1300.237 1300.385 1300.532 1300.789 1302.197 1303.605 1305.014 1306.422 1309.178 1312.971 1316.764 1320.557 1324.243 1325.577 1326.911 1328.246 1329.58 1329.116 1327.003 1324.89 1322.777 1320.663 1318.329 1315.995 1313.661
1369.56 1361.823 1353.653 1345.483 1337.313 1329.956 1324.905 1319.854 1314.803 1309.752 1307.159 1305.432 1303.706 1301.979 1300.598 1300.459 1300.32 1300.181 1300.042 1299.856 1299.649 1299.442 1299.235 1299.064 1299.064 1299.064 1299.064 1299.064 1299.199 1299.406 1299.613 1299.82 1300.0 1300.0 1300.0 1300.0 1300.0 1300.084 1300.222 1300.36 1300.498 1300.733 1301.985 1303.237 1304.489 1305.741 1308.083 1311.265 1314.446 1317.627 1320.725 1321.984 1323.244 1324.503 1325.763 1325.536 1323.947 1322.358 1320.768 1319.179 1316.95 1314.72 1312.491
1375.47 1368.488 1360.958 1353.429 1345.899 1338.781 1332.829 1326.877 1320.924 1314.972 1311.433 1308.745 1306.057 1303.37 1301.206 1300.926 1300.645 1300.365 1300.085 1299.89 1299.732 1299.573 1299.415 1299.285 1299.285 1299.285 1299.285 1299.285 1299.388 1299.546 1299.704 1299.862 1300.0 1300.0 1300.0 1300.0 1300.0 1300.064 1300.17 1300.275 1300.381 1300.563 1301.554 1302.546 1303.537 1304.528 1306.49 1309.199 1311.908 1314.617 1317.264 1318.545 1319.826 1321.107 1322.389 1322.365 1321.145 1319.925 1318.705 1317.485 1315.364 1313.243 1311.123
1381.381 1375.152 1368.264 1361.375 1354.486 1347.607 1340.753 1333.899 1327.046 1320.192 1315.707 1312.058 1308.409 1304.76 1301.813 1301.392 1300.971 1300.549 1300.128 1299.924 1299.815 1299.705 1299.596 1299.506 1299.506 1299.506 1299.506 1299.506 1299.577 1299.686 1299.796 1299.905 1300.0 1300.0 1300.0 1300.0 1300.0 1300.044 1300.117 1300.19 1300.263 1300.393 1301.124 1301.854 1302.585 1303.316 1304.897 1307.134 1309.37 1311.607 1313.803 1315.106 1316.408 1317.711 1319.014 1319.194 1318.343 1317.492 1316.641 1315.791 1313.778 1311.766 1309.754
1387.292 1381.817 1375.569 1369.321 1363.073 1356.432 1348.677 1340.922 1333.167 1325.411 1319.981 1315.371 1310.761 1306.151 1302.421 1301.859 1301.296 1300.734 1300.171 1299.958 1299.897 1299.837 1299.776 1299.727 1299.727 1299.727 1299.727 1299.727 1299.766 1299.826 1299.887 1299.947 1300.0 1300.0 1300.0 1300.0 1300.0 1300.025 1300.065 1300.105 1300.146 1300.223 1300.693 1301.163 1301.633 1302.103 1303.304 1305.068 1306.833 1308.597 1310.342 1311.666 1312.991 1314.316 1315.64 1316.023 1315.541 1315.059 1314.578 1314.096 1312.193 1310.289 1308.386
