data/zism_data/00358_02_D.txt
ncols         224
nrows         224
[rows 0 to 28 of 224, columns 0 to 65 of 224]
803.3995 800.7424 798.0853 796.8043 797.21 797.6157 798.0215 798.4271 800.4734 802.7051 804.9366 807.1683 808.613 808.5823 808.5516 808.5209 808.4903 806.0692 803.0395 800.0099 796.9802 792.222 782.1759 772.1302 762.0842 752.0385 744.2309 737.4023 730.5739 723.7453 718.4568 722.254 726.0511 729.8483 733.6454 736.2032 737.9147 739.6262 741.3378 742.742 737.3858 732.0298 726.6737 721.3177 716.9431 713.579 710.215 706.8508 703.4867 706.736 710.3923 714.0488 717.705 722.4974 729.0563 735.6153 742.1745 748.7335 755.2125 761.676 768.1397 774.6032 779.7443 781.6453 783.5463 785.4473
805.2136 803.1951 801.1765 800.4086 801.1738 801.9389 802.7041 803.4693 805.2435 807.1318 809.0199 810.9081 812.0169 811.6643 811.3118 810.9592 810.6066 808.0303 804.8879 801.7457 798.6033 793.9387 784.617 775.2956 765.9739 756.6526 749.3453 742.9191 736.4932 730.067 725.0961 728.7109 732.3255 735.9403 739.5549 741.8602 743.2712 744.6823 746.0933 747.1899 741.3669 735.5442 729.7212 723.8984 719.0068 715.074 711.1412 707.2083 703.2756 706.1887 709.523 712.8575 716.1919 720.9415 727.8922 734.8428 741.7936 748.7443 755.7097 762.6775 769.6456 776.6134 782.1812 784.3182 786.4553 788.5923
807.0277 805.6476 804.2675 804.0126 805.1373 806.262 807.3867 808.5113 810.0134 811.5583 813.103 814.6479 815.4207 814.7463 814.0718 813.3973 812.7228 809.9915 806.7364 803.4814 800.2264 795.6553 787.0579 778.4609 769.8636 761.2665 754.4597 748.4359 742.4122 736.3884 731.7351 735.1675 738.5997 742.032 745.4643 747.517 748.6276 749.7382 750.8487 751.6376 745.3478 739.0583 732.7686 726.4791 721.0705 716.569 712.0676 707.5659 703.0645 705.6413 708.6537 711.6663 714.6788 719.3857 726.728 734.0703 741.4128 748.7551 756.2068 763.679 771.1514 778.6235 784.6179 786.991 789.3641 791.7373
808.8419 808.1002 807.3585 807.6169 809.101 810.5851 812.0693 813.5534 814.7835 815.9849 817.1863 818.3878 818.8247 817.8283 816.8319 815.8355 814.8391 811.9526 808.5849 805.2173 801.8495 797.372 789.499 781.6263 773.7534 765.8807 759.5742 753.9527 748.3315 742.71 738.3743 741.6243 744.8741 748.124 751.3739 753.174 753.9841 754.7942 755.6043 756.0854 749.329 742.5727 735.8162 729.0599 723.1342 718.064 712.9938 707.9235 702.8533 705.0939 707.7844 710.475 713.1656 717.8298 725.5638 733.2977 741.0319 748.7659 756.704 764.6805 772.6572 780.6337 787.0546 789.6639 792.2731 794.8824
814.5129 813.8599 813.2067 813.4069 814.6531 815.8992 817.1453 818.3914 819.0893 819.7252 820.3611 820.9971 820.9846 819.7561 818.5277 817.2993 816.0709 813.0728 809.6241 806.1755 802.7269 798.3446 791.1061 783.8679 776.6293 769.3911 763.8187 758.9751 754.1316 749.288 745.6116 748.8219 752.0321 755.2424 758.4526 760.0172 760.4581 760.899 761.3399 761.4589 754.4947 747.5307 740.5665 733.6025 727.2184 721.4315 715.6445 709.8574 704.0704 705.7919 707.9755 710.1591 712.3425 716.7584 724.646 732.5337 740.4216 748.3093 756.3847 764.4954 772.6064 780.7171 787.2496 789.9152 792.5807 795.2463
820.2407 819.6681 819.0955 819.2291 820.2285 821.2278 822.2271 823.2264 823.3882 823.4554 823.5226 823.5898 823.1261 821.6669 820.2079 818.7487 817.2896 814.1806 810.6514 807.1224 803.5932 799.3063 792.7009 786.0958 779.4904 772.8853 768.0505 763.9902 759.93 755.8697 752.8577 756.0304 759.2031 762.3758 765.5484 766.8779 766.9485 767.0192 767.0899 766.8459 759.6778 752.5099 745.3419 738.1741 731.3322 724.8264 718.3205 711.8145 705.3086 706.5082 708.182 709.8559 711.5297 715.694 723.7319 731.7698 739.808 747.8459 756.0535 764.293 772.5327 780.7722 787.4117 790.1309 792.85 795.5693
825.9687 825.4766 824.9844 825.0515 825.804 826.5566 827.3091 828.0616 827.6873 827.1857 826.6841 826.1826 825.2678 823.5779 821.8881 820.1982 818.5085 815.2885 811.6788 808.0693 804.4596 800.268 794.2958 788.3238 782.3516 776.3796 772.2825 769.0055 765.7286 762.4517 760.104 763.2392 766.3743 769.5095 772.6445 773.7388 773.4392 773.1396 772.8401 772.2331 764.8611 757.4894 750.1174 742.7457 735.4462 728.2214 720.9966 713.7715 706.5468 707.2245 708.3885 709.5527 710.7168 714.6296 722.8177 731.0059 739.1943 747.3824 755.7222 764.0905 772.459 780.8272 787.5737 790.3466 793.1194 795.8923
831.6965 831.2848 830.8731 830.8737 831.3794 831.8851 832.3909 832.8967 831.9863 830.916 829.8456 828.7753 827.4093 825.4888 823.5682 821.6477 819.7272 816.3962 812.7061 809.0161 805.326 801.2297 795.8906 790.5518 785.2127 779.8738 776.5143 774.0206 771.527 769.0334 767.35 770.4477 773.5452 776.6429 779.7404 780.5994 779.9296 779.2599 778.5901 777.6201 770.0443 762.4687 754.8928 747.3172 739.56 731.6163 723.6726 715.7286 707.7849 707.9408 708.5952 709.2495 709.9039 713.5652 721.9036 730.2419 738.5806 746.919 755.391 763.888 772.3853 780.8823 787.7358 790.5623 793.3887 796.2153
838.0363 837.5651 837.0939 836.8942 837.0272 837.1602 837.2932 837.4261 836.0339 834.4695 832.9051 831.3406 829.5364 827.2825 825.0287 822.7748 820.521 817.0266 813.2164 809.4062 805.5959 801.5554 796.8098 792.0644 787.3188 782.5734 779.9313 778.2093 776.4874 774.7654 773.7297 776.7432 779.7565 782.7699 785.7833 786.4644 785.5526 784.6409 783.7292 782.5322 775.0557 767.5795 760.103 752.6268 744.6002 736.0075 727.4149 718.8219 710.2293 709.6453 709.5544 709.4634 709.3724 712.5339 720.7542 728.9745 737.1951 745.4155 753.9475 762.5383 771.1293 779.7201 786.701 789.7375 792.7739 795.8105
845.1711 844.4585 843.7459 843.1722 842.7686 842.3651 841.9615 841.558 839.7546 837.7932 835.8317 833.8702 831.6447 828.9241 826.2035 823.4828 820.7622 817.0363 813.0543 809.0724 805.0905 801.054 796.8504 792.6469 788.4432 784.2397 782.2888 781.3233 780.3578 779.3924 778.9825 781.8511 784.7196 787.5882 790.4567 791.0344 790.0475 789.0607 788.0739 786.8265 779.8436 772.861 765.8781 758.8954 750.8442 741.6937 732.543 723.3922 714.2415 712.6346 711.4919 710.3493 709.2067 711.5454 719.299 727.0526 734.8064 742.56 751.0582 759.6972 768.3365 776.9756 784.1107 787.5602 791.0098 794.4595
852.3062 851.3522 850.3981 849.4504 848.5103 847.5703 846.6301 845.6901 843.4755 841.1169 838.7584 836.3998 833.7531 830.5656 827.3782 824.1908 821.0034 817.0459 812.8922 808.7387 804.585 800.5527 796.891 793.2294 789.5677 785.9061 784.6464 784.4374 784.2285 784.0195 784.2355 786.9593 789.6829 792.4066 795.1302 795.6046 794.5426 793.4807 792.4187 791.1209 784.6317 778.1426 771.6534 765.1643 757.0886 747.38 737.6714 727.9625 718.254 715.6239 713.4296 711.2353 709.0411 710.5569 717.8438 725.1306 732.4176 739.7044 748.1688 756.8561 765.5437 774.231 781.5201 785.3829 789.2455 793.1084
859.4411 858.2456 857.0501 855.7284 854.2518 852.7752 851.2986 849.822 847.1962 844.4406 841.6851 838.9294 835.8613 832.2071 828.553 824.8987 821.2446 817.0555 812.7302 808.405 804.0796 800.0513 796.9316 793.8119 790.6921 787.5724 787.0039 787.5514 788.0989 788.6465 789.4884 792.0673 794.6461 797.2249 799.8036 800.1746 799.0375 797.9005 796.7634 795.4152 789.4195 783.4241 777.4284 771.433 763.3326 753.0661 742.7996 732.5327 722.2662 718.6132 715.3672 712.1213 708.8754 709.5685 716.3885 723.2086 730.0289 736.8489 745.2795 754.0151 762.751 771.4866 778.9297 783.2056 787.4814 791.7574
866.5762 865.1393 863.7023 862.0066 859.9934 857.9803 855.9672 853.954 850.9171 847.7643 844.6118 841.4591 837.9697 833.8486 829.7278 825.6068 821.4858 817.0652 812.5681 808.0712 803.5741 799.55 796.9722 794.3945 791.8166 789.2389 789.3615 790.6655 791.9695 793.2736 794.7414 797.1754 799.6093 802.0433 804.4773 804.7447 803.5325 802.3204 801.1082 799.7096 794.2076 788.7057 783.2037 777.7018 769.5769 758.7524 747.928 737.1031 726.2786 721.6025 717.3049 713.0073 708.7097 708.58 714.9333 721.2866 727.6401 733.9933 742.39 751.174 759.9581 768.742 776.3392 781.0282 785.7172 790.4064
873.225 871.5087 869.7924 867.7337 865.2551 862.7767 860.2982 857.8197 854.4427 850.9641 847.4856 844.007 840.1575 835.6124 831.0675 826.5223 821.9774 817.3792 812.7674 808.1557 803.5438 799.575 797.5722 795.5696 793.5668 791.5642 792.1076 793.765 795.4223 797.0797 798.8156 801.0145 803.2135 805.4125 807.6115 807.7277 806.4214 805.1152 803.8089 802.3329 797.1205 791.9083 786.6959 781.4837 773.6491 763.1157 752.5823 742.0485 731.515 726.4728 721.7687 717.0646 712.3605 711.8063 717.707 723.6078 729.5087 735.4095 743.34 751.6552 759.9706 768.2858 775.5008 780.0195 784.5382 789.0571
879.8101 877.8094 875.8087 873.3885 870.454 867.5195 864.5849 861.6505 857.9427 854.1475 850.3525 846.5573 842.3559 837.3923 832.4288 827.4652 822.5018 817.7332 813.014 808.295 803.5758 799.6688 798.2456 796.8224 795.3992 793.976 794.9047 796.8625 798.8203 800.7781 802.7351 804.6873 806.6395 808.5917 810.5439 810.5025 809.0997 807.6969 806.294 804.7371 799.7876 794.8383 789.8887 784.9395 777.4365 767.3054 757.1744 747.043 736.9119 731.5898 726.5638 721.5377 716.5117 715.5851 721.0353 726.4854 731.9357 737.3857 744.7935 752.5721 760.3511 768.1298 774.8922 779.1641 783.436 787.708
886.3953 884.1104 881.8253 879.0436 875.653 872.2625 868.8718 865.4813 861.4428 857.3311 853.2195 849.1077 844.5543 839.1721 833.7902 828.4081 823.0262 818.0871 813.2606 808.4343 803.6078 799.7628 798.919 798.0753 797.2316 796.3878 797.702 799.9602 802.2184 804.4767 806.6548 808.3602 810.0656 811.771 813.4764 813.2775 811.7781 810.2787 808.7792 807.1413 802.4547 797.7683 793.0817 788.3953 781.224 771.4954 761.7667 752.0377 742.3091 736.707 731.3591 726.011 720.6631 719.3643 724.3636 729.3631 734.3627 739.3621 746.2469 753.4891 760.7315 767.9736 774.2835 778.3086 782.3337 786.3589
892.9804 890.4111 887.8416 884.6985 880.8518 877.0052 873.1586 869.312 864.9428 860.5145 856.0864 851.658 846.7526 840.952 835.1516 829.351 823.5505 818.441 813.5073 808.5737 803.6398 799.8566 799.5923 799.3281 799.0638 798.7996 800.4991 803.0578 805.6164 808.1751 810.5743 812.033 813.4915 814.9501 816.4088 816.0523 814.4563 812.8604 811.2643 809.5455 805.1218 800.6983 796.2746 791.8511 785.0114 775.6851 766.3589 757.0323 747.706 741.824 736.1542 730.4842 724.8144 723.1432 727.692 732.2407 736.7896 741.3384 747.7004 754.406 761.1119 767.8176 773.6749 777.4532 781.2314 785.0099
898.7651 895.9668 893.1684 889.7546 885.5859 881.4175 877.2489 873.0804 868.4279 863.7205 859.0134 854.306 849.0823 842.8901 836.698 830.5057 824.3137 819.1247 814.1909 809.2573 804.3235 800.6742 800.9537 801.2332 801.5126 801.7921 803.7453 806.431 809.1166 811.8023 814.2787 815.5209 816.7631 818.0053 819.2475 818.7321 817.0162 815.3005 813.5846 811.7585 807.5048 803.2511 798.9973 794.7437 788.185 779.254 770.3229 761.3916 752.4606 746.6082 740.9456 735.2827 729.6201 727.8482 732.1287 736.4092 740.6899 744.9704 750.8642 757.0637 763.2634 769.463 774.8224 778.1232 781.424 784.7249
902.9482 900.0319 897.1155 893.6125 889.3903 885.1682 880.9459 876.7238 871.8827 866.9714 862.0604 857.1491 851.6749 845.1447 838.6146 832.0843 825.5542 820.4677 815.7485 811.0295 806.3103 802.9391 803.6907 804.4423 805.1939 805.9455 807.8895 810.3552 812.8208 815.2865 817.5523 818.6389 819.7255 820.8121 821.8987 821.2213 819.3392 817.457 815.5749 813.589 809.3191 805.0494 800.7795 796.5098 790.1306 781.5805 773.0304 764.48 755.9299 750.7263 745.729 740.7314 735.7341 734.405 738.7821 743.1592 747.5364 751.9135 757.4484 763.2026 768.9571 774.7113 779.4824 781.8442 784.206 786.5679
907.1316 904.0972 901.0628 897.4707 893.1948 888.9191 884.6431 880.3674 875.3375 870.2224 865.1074 859.9923 854.2676 847.3992 840.5312 833.6629 826.7948 821.8108 817.3062 812.8018 808.2972 805.204 806.4279 807.6516 808.8754 810.0991 812.0338 814.2795 816.5251 818.7709 820.826 821.757 822.688 823.6191 824.55 823.7107 821.6622 819.6137 817.5652 815.4195 811.1335 806.8477 802.5618 798.2759 792.0764 783.9072 775.738 767.5685 759.3993 754.8446 750.5126 746.1804 741.8484 740.9621 745.4357 749.9094 754.3832 758.8569 764.0328 769.3417 774.6509 779.9598 784.1425 785.5653 786.9881 788.411
911.3148 908.1624 905.0099 901.3287 896.9992 892.6697 888.3402 884.0108 878.7923 873.4733 868.1544 862.8354 856.8601 849.6538 842.4478 835.2415 828.0353 823.1538 818.8638 814.574 810.284 807.4689 809.1649 810.8608 812.5567 814.2526 816.1779 818.2037 820.2294 822.2551 824.0996 824.8751 825.6505 826.4259 827.2013 826.2 823.9851 821.7703 819.5555 817.25 812.9479 808.646 804.3439 800.0421 794.022 786.2337 778.4454 770.6569 762.8686 758.9628 755.296 751.6292 747.9625 747.5189 752.0892 756.6594 761.2297 765.8 770.617 775.4807 780.3445 785.2081 788.8024 789.2863 789.7701 790.254
915.4981 912.2277 908.9572 905.1869 900.8037 896.4206 892.0374 887.6544 882.2472 876.7242 871.2015 865.6786 859.4528 851.9084 844.3644 836.82 829.2759 824.4969 820.4215 816.3463 812.2709 809.7338 811.902 814.0701 816.2382 818.4063 820.3223 822.128 823.9337 825.7394 827.3733 827.9932 828.613 829.2328 829.8526 828.6893 826.3081 823.927 821.5458 819.0805 814.7623 810.4443 806.1262 801.8082 795.9677 788.5603 781.153 773.7454 766.338 763.0811 760.0797 757.0781 754.0767 754.076 758.7428 763.4095 768.0765 772.7433 777.2014 781.6198 786.0383 790.4566 793.4625 793.0073 792.5522 792.0972
919.229 915.7482 912.2673 908.3419 903.8715 899.4012 894.9307 890.4604 885.0725 879.5808 874.0894 868.5977 862.4894 855.2242 847.9594 840.6943 833.4295 829.0455 825.3947 821.744 818.0931 815.8268 817.7953 819.7637 821.7321 823.7005 825.3472 826.8532 828.3591 829.8652 831.1982 831.5113 831.8244 832.1375 832.4506 831.0789 828.5566 826.0343 823.512 820.9148 816.6688 812.4229 808.1768 803.9308 798.3891 791.5138 784.6385 777.763 770.8877 768.1617 765.6913 763.2208 760.7503 761.03 765.5876 770.1453 774.703 779.2606 783.2882 787.215 791.142 795.0689 797.6215 796.8069 795.9924 795.1777
922.8343 919.1174 915.4005 911.3017 906.7347 902.1678 897.6007 893.0339 887.723 882.3279 876.933 871.5378 865.6493 858.8349 852.0207 845.2063 838.3922 834.4844 831.3165 828.1487 824.9807 822.9832 824.5653 826.1474 827.7295 829.3116 830.6168 831.8008 832.9849 834.169 835.1763 835.1406 835.105 835.0693 835.0337 833.4408 830.7844 828.1279 825.4715 822.7502 818.6007 814.4514 810.3019 806.1525 800.9426 794.6414 788.3402 782.0388 775.7375 773.5099 771.533 769.5561 767.5793 768.0944 772.4857 776.877 781.2684 785.6597 789.2368 792.6593 796.082 799.5045 801.6414 800.6283 799.6152 798.6021
926.4397 922.4868 918.5337 914.2616 909.598 904.9345 900.2709 895.6074 890.3735 885.075 879.7767 874.4781 868.8093 862.4456 856.0822 849.7184 843.3549 839.9236 837.2386 834.5536 831.8686 830.1397 831.3355 832.5313 833.7271 834.9229 835.8865 836.7487 837.6108 838.473 839.1545 838.7701 838.3857 838.0013 837.6169 835.8028 833.0122 830.2217 827.431 824.5856 820.5328 816.48 812.4271 808.3743 803.4963 797.7692 792.042 786.3146 780.5875 778.8582 777.3749 775.8917 774.4085 775.159 779.3839 783.6089 787.834 792.059 795.1856 798.1038 801.0221 803.9403 805.6614 804.4498 803.2382 802.0266
930.045 925.856 921.6669 917.2213 912.4611 907.7011 902.9409 898.1809 893.0239 887.822 882.6203 877.4183 871.9693 866.0563 860.1434 854.2304 848.3176 845.3626 843.1604 840.9583 838.7562 837.296 838.1055 838.915 839.7245 840.5339 841.1561 841.6964 842.2366 842.7769 843.1326 842.3994 841.6663 840.9332 840.2 838.1647 835.2399 832.3153 829.3906 826.421 822.4647 818.5085 814.5522 810.596 806.0499 800.8967 795.7437 790.5904 785.4373 784.2062 783.2167 782.2271 781.2375 782.2233 786.282 790.3406 794.3994 798.458 801.1342 803.548 805.962 808.3759 809.6814 808.2712 806.8611 805.4509
933.8195 929.428 925.0364 920.4338 915.572 910.7104 905.8487 900.9871 895.9156 890.8202 885.725 880.6296 875.4258 870.0182 864.6108 859.2032 853.7958 851.249 849.4301 847.6114 845.7926 844.5157 844.8966 845.2775 845.6583 846.0392 846.3096 846.5317 846.7537 846.9758 847.0098 845.9341 844.8585 843.7828 842.7071 840.4471 837.3783 834.3096 831.2407 828.1348 824.2116 820.2886 816.3654 812.4423 808.1682 803.5333 798.8983 794.2631 789.6281 788.8745 788.3599 787.8453 787.3307 788.5508 792.4692 796.3876 800.3062 804.2246 806.5287 808.5266 810.5246 812.5225 813.4839 811.9064 810.3288 808.7512
938.1539 933.6713 929.1885 924.4825 919.5027 914.5231 909.5433 904.5638 899.6057 894.6497 889.694 884.7382 879.8642 875.1434 870.4227 865.7018 860.9812 858.6164 856.8513 855.0862 853.321 851.9445 851.7567 851.5688 851.3809 851.1931 851.0776 850.9939 850.9101 850.8264 850.5522 849.1546 847.7571 846.3595 844.9619 842.4661 839.2202 835.9744 832.7285 829.4456 825.3453 821.2452 817.1449 813.0448 808.8448 804.5425 800.2401 795.9376 791.6353 791.2902 791.1887 791.0872 790.9857 792.4363 796.3011 800.1658 804.0308 807.8955 810.0873 811.9619 813.8364 815.7109 816.5661 814.9241 813.2822 811.6401
942.4886 937.9147 933.3406 928.5314 923.4337 918.336 913.2382 908.1406 903.2958 898.4794 893.6632 888.8469 884.3027 880.2687 876.2347 872.2007 868.1668 865.9841 864.2726 862.5612 860.8498 859.3736 858.6169 857.8604 857.1037 856.3471 855.8458 855.4562 855.0667 854.6771 854.0948 852.3752 850.6558 848.9363 847.2168 844.4852 841.0622 837.6393 834.2164 830.7563 826.479 822.2018 817.9245 813.6473 809.5215 805.5518 801.582 797.6122 793.6425 793.7059 794.0175 794.3292 794.6409 796.322 800.1331 803.9442 807.7554 811.5665 813.6461 815.3972 817.1483 818.8994 819.6483 817.942 816.2356 814.5292
