data/zism_data/00350_03_D.txt
ncols         224
nrows         224
[rows 140 to 167 of 224, columns 0 to 62 of 224]
1693.663 1693.485 1693.307 1693.129 1692.932 1692.686 1692.441 1692.195 1691.949 1691.686 1691.418 1691.149 1690.881 1690.592 1690.225 1689.857 1689.49 1689.122 1688.812 1688.529 1688.246 1687.964 1687.686 1687.446 1687.206 1686.966 1686.725 1686.41 1686.042 1685.675 1685.307 1684.948 1684.728 1684.507 1684.287 1684.067 1683.927 1683.862 1683.797 1683.733 1683.668 1683.087 1682.5 1681.912 1681.324 1680.587 1679.669 1678.75 1677.831 1676.913 1676.067 1675.227 1674.388 1673.548 1672.736 1671.967 1671.198 1670.429 1669.66 1668.999 1668.357 1667.715 1667.074
1693.603 1693.441 1693.279 1693.117 1692.922 1692.639 1692.355 1692.072 1691.788 1691.544 1691.313 1691.082 1690.851 1690.592 1690.225 1689.857 1689.49 1689.122 1688.833 1688.583 1688.332 1688.082 1687.839 1687.647 1687.455 1687.263 1687.071 1686.774 1686.407 1686.039 1685.672 1685.313 1685.093 1684.872 1684.652 1684.431 1684.25 1684.105 1683.959 1683.814 1683.669 1683.087 1682.5 1681.912 1681.324 1680.619 1679.77 1678.921 1678.072 1677.223 1676.397 1675.574 1674.751 1673.927 1673.141 1672.415 1671.689 1670.963 1670.237 1669.542 1668.852 1668.162 1667.472
1693.544 1693.397 1693.249 1693.102 1692.908 1692.59 1692.271 1691.953 1691.635 1691.408 1691.213 1691.018 1690.822 1690.592 1690.225 1689.857 1689.49 1689.122 1688.854 1688.634 1688.415 1688.196 1687.986 1687.839 1687.692 1687.545 1687.398 1687.122 1686.757 1686.393 1686.029 1685.673 1685.45 1685.228 1685.005 1684.783 1684.56 1684.338 1684.115 1683.892 1683.67 1683.087 1682.5 1681.912 1681.324 1680.648 1679.866 1679.084 1678.301 1677.519 1676.714 1675.907 1675.1 1674.293 1673.532 1672.845 1672.159 1671.472 1670.786 1670.061 1669.329 1668.597 1667.865
1693.491 1693.338 1693.186 1693.033 1692.836 1692.523 1692.211 1691.898 1691.585 1691.367 1691.183 1690.998 1690.814 1690.592 1690.225 1689.857 1689.49 1689.122 1688.865 1688.661 1688.458 1688.255 1688.059 1687.912 1687.765 1687.618 1687.471 1687.223 1686.907 1686.591 1686.275 1685.963 1685.708 1685.453 1685.199 1684.944 1684.689 1684.435 1684.18 1683.925 1683.67 1683.087 1682.5 1681.912 1681.324 1680.658 1679.897 1679.136 1678.375 1677.614 1676.831 1676.046 1675.26 1674.475 1673.722 1673.025 1672.328 1671.631 1670.933 1670.243 1669.554 1668.865 1668.175
1693.438 1693.28 1693.122 1692.964 1692.765 1692.457 1692.15 1691.843 1691.535 1691.327 1691.153 1690.979 1690.805 1690.592 1690.225 1689.857 1689.49 1689.122 1688.875 1688.688 1688.501 1688.313 1688.131 1687.984 1687.838 1687.691 1687.544 1687.325 1687.057 1686.789 1686.522 1686.253 1685.966 1685.679 1685.392 1685.105 1684.818 1684.531 1684.245 1683.958 1683.671 1683.087 1682.5 1681.912 1681.324 1680.668 1679.928 1679.189 1678.449 1677.71 1676.948 1676.184 1675.42 1674.656 1673.913 1673.205 1672.497 1671.789 1671.081 1670.425 1669.779 1669.132 1668.486
1693.385 1693.222 1693.058 1692.895 1692.693 1692.391 1692.089 1691.787 1691.485 1691.286 1691.123 1690.96 1690.797 1690.592 1690.225 1689.857 1689.49 1689.122 1688.886 1688.715 1688.544 1688.372 1688.204 1688.057 1687.911 1687.764 1687.617 1687.427 1687.207 1686.988 1686.768 1686.543 1686.224 1685.905 1685.586 1685.266 1684.947 1684.628 1684.309 1683.99 1683.671 1683.087 1682.5 1681.912 1681.324 1680.677 1679.959 1679.241 1678.523 1677.805 1677.065 1676.322 1675.58 1674.837 1674.103 1673.385 1672.666 1671.947 1671.229 1670.607 1670.003 1669.4 1668.797
1693.332 1693.163 1692.994 1692.826 1692.622 1692.325 1692.028 1691.732 1691.435 1691.245 1691.093 1690.941 1690.788 1690.592 1690.225 1689.857 1689.49 1689.122 1688.897 1688.742 1688.586 1688.431 1688.277 1688.13 1687.984 1687.837 1687.69 1687.528 1687.357 1687.186 1687.014 1686.833 1686.481 1686.13 1685.779 1685.428 1685.077 1684.725 1684.374 1684.023 1683.672 1683.087 1682.5 1681.912 1681.324 1680.687 1679.99 1679.294 1678.597 1677.901 1677.182 1676.46 1675.739 1675.018 1674.294 1673.564 1672.835 1672.106 1671.376 1670.789 1670.228 1669.668 1669.107
1693.223 1693.054 1692.885 1692.717 1692.518 1692.24 1691.962 1691.684 1691.406 1691.225 1691.078 1690.931 1690.784 1690.592 1690.225 1689.857 1689.49 1689.122 1688.902 1688.755 1688.608 1688.461 1688.314 1688.167 1688.02 1687.873 1687.726 1687.565 1687.394 1687.223 1687.052 1686.871 1686.528 1686.184 1685.841 1685.498 1685.142 1684.774 1684.407 1684.039 1683.672 1683.087 1682.5 1681.912 1681.324 1680.7 1680.033 1679.366 1678.699 1678.031 1677.33 1676.625 1675.92 1675.215 1674.505 1673.786 1673.067 1672.348 1671.629 1671.057 1670.513 1669.969 1669.424
1693.057 1692.894 1692.73 1692.567 1692.381 1692.135 1691.889 1691.643 1691.397 1691.225 1691.078 1690.931 1690.784 1690.592 1690.225 1689.857 1689.49 1689.122 1688.902 1688.755 1688.608 1688.461 1688.314 1688.167 1688.02 1687.873 1687.726 1687.536 1687.317 1687.098 1686.879 1686.655 1686.36 1686.065 1685.77 1685.474 1685.142 1684.774 1684.407 1684.039 1683.672 1683.087 1682.5 1681.912 1681.324 1680.717 1680.087 1679.458 1678.828 1678.198 1677.51 1676.815 1676.121 1675.427 1674.735 1674.049 1673.362 1672.675 1671.989 1671.413 1670.858 1670.303 1669.748
1692.891 1692.733 1692.575 1692.417 1692.244 1692.03 1691.816 1691.603 1691.389 1691.225 1691.078 1690.931 1690.784 1690.592 1690.225 1689.857 1689.49 1689.122 1688.902 1688.755 1688.608 1688.461 1688.314 1688.167 1688.02 1687.873 1687.726 1687.508 1687.24 1686.973 1686.706 1686.439 1686.192 1685.945 1685.698 1685.451 1685.142 1684.774 1684.407 1684.039 1683.672 1683.087 1682.5 1681.912 1681.324 1680.734 1680.142 1679.55 1678.957 1678.365 1677.69 1677.006 1676.323 1675.639 1674.966 1674.312 1673.657 1673.003 1672.348 1671.768 1671.203 1670.637 1670.072
1692.725 1692.573 1692.42 1692.267 1692.107 1691.925 1691.744 1691.562 1691.381 1691.225 1691.078 1690.931 1690.784 1690.592 1690.225 1689.857 1689.49 1689.122 1688.902 1688.755 1688.608 1688.461 1688.314 1688.167 1688.02 1687.873 1687.726 1687.479 1687.164 1686.848 1686.532 1686.223 1686.025 1685.826 1685.627 1685.428 1685.142 1684.774 1684.407 1684.039 1683.672 1683.087 1682.5 1681.912 1681.324 1680.751 1680.196 1679.641 1679.087 1678.532 1677.87 1677.197 1676.524 1675.851 1675.197 1674.575 1673.953 1673.33 1672.708 1672.124 1671.548 1670.971 1670.395
1692.56 1692.412 1692.265 1692.117 1691.969 1691.82 1691.671 1691.521 1691.372 1691.225 1691.078 1690.931 1690.784 1690.592 1690.225 1689.857 1689.49 1689.122 1688.902 1688.755 1688.608 1688.461 1688.314 1688.167 1688.02 1687.873 1687.726 1687.451 1687.087 1686.723 1686.359 1686.007 1685.857 1685.706 1685.556 1685.405 1685.142 1684.774 1684.407 1684.039 1683.672 1683.087 1682.5 1681.912 1681.324 1680.768 1680.25 1679.733 1679.216 1678.699 1678.05 1677.388 1676.725 1676.063 1675.428 1674.838 1674.248 1673.658 1673.068 1672.48 1671.893 1671.306 1670.719
1692.547 1692.401 1692.254 1692.107 1691.958 1691.806 1691.654 1691.502 1691.35 1691.198 1691.047 1690.895 1690.743 1690.549 1690.192 1689.834 1689.477 1689.119 1688.902 1688.755 1688.608 1688.461 1688.314 1688.167 1688.02 1687.873 1687.726 1687.466 1687.129 1686.791 1686.453 1686.125 1685.948 1685.771 1685.595 1685.418 1685.142 1684.774 1684.407 1684.039 1683.672 1683.087 1682.5 1681.912 1681.324 1680.769 1680.255 1679.74 1679.226 1678.711 1678.081 1677.44 1676.798 1676.157 1675.539 1674.961 1674.383 1673.805 1673.227 1672.679 1672.135 1671.592 1671.049
1692.547 1692.401 1692.254 1692.107 1691.957 1691.799 1691.642 1691.485 1691.327 1691.17 1691.013 1690.856 1690.698 1690.503 1690.156 1689.809 1689.462 1689.116 1688.902 1688.755 1688.608 1688.461 1688.314 1688.167 1688.02 1687.873 1687.726 1687.485 1687.18 1686.874 1686.569 1686.269 1686.06 1685.851 1685.642 1685.433 1685.142 1684.774 1684.407 1684.039 1683.672 1683.087 1682.5 1681.912 1681.324 1680.769 1680.255 1679.74 1679.226 1678.711 1678.101 1677.481 1676.86 1676.24 1675.64 1675.073 1674.506 1673.939 1673.372 1672.865 1672.37 1671.875 1671.38
1692.547 1692.401 1692.254 1692.107 1691.955 1691.792 1691.63 1691.467 1691.305 1691.142 1690.979 1690.817 1690.654 1690.456 1690.12 1689.784 1689.448 1689.112 1688.902 1688.755 1688.608 1688.461 1688.314 1688.167 1688.02 1687.873 1687.726 1687.504 1687.231 1686.958 1686.684 1686.413 1686.172 1685.931 1685.69 1685.449 1685.142 1684.774 1684.407 1684.039 1683.672 1683.087 1682.5 1681.912 1681.324 1680.769 1680.255 1679.74 1679.226 1678.711 1678.12 1677.521 1676.923 1676.324 1675.742 1675.185 1674.629 1674.072 1673.516 1673.052 1672.605 1672.158 1671.712
1692.547 1692.401 1692.254 1692.107 1691.954 1691.786 1691.618 1691.45 1691.282 1691.114 1690.946 1690.778 1690.61 1690.41 1690.084 1689.759 1689.434 1689.108 1688.902 1688.755 1688.608 1688.461 1688.314 1688.167 1688.02 1687.873 1687.726 1687.523 1687.282 1687.041 1686.8 1686.557 1686.284 1686.01 1685.737 1685.464 1685.142 1684.774 1684.407 1684.039 1683.672 1683.087 1682.5 1681.912 1681.324 1680.769 1680.255 1679.74 1679.226 1678.711 1678.14 1677.563 1676.985 1676.408 1675.843 1675.297 1674.751 1674.206 1673.66 1673.238 1672.84 1672.441 1672.043
1692.569 1692.416 1692.263 1692.111 1691.954 1691.789 1691.623 1691.457 1691.292 1691.12 1690.947 1690.773 1690.6 1690.4 1690.095 1689.79 1689.485 1689.18 1688.976 1688.824 1688.671 1688.518 1688.365 1688.208 1688.052 1687.896 1687.739 1687.547 1687.33 1687.113 1686.897 1686.675 1686.376 1686.076 1685.776 1685.477 1685.142 1684.774 1684.407 1684.039 1683.672 1683.093 1682.511 1681.929 1681.347 1680.794 1680.278 1679.761 1679.245 1678.729 1678.18 1677.628 1677.076 1676.525 1675.983 1675.457 1674.932 1674.406 1673.881 1673.485 1673.114 1672.743 1672.371
1692.629 1692.46 1692.291 1692.122 1691.959 1691.809 1691.66 1691.51 1691.36 1691.189 1691.01 1690.832 1690.653 1690.456 1690.189 1689.921 1689.654 1689.386 1689.185 1689.016 1688.847 1688.678 1688.507 1688.324 1688.141 1687.958 1687.774 1687.577 1687.371 1687.166 1686.96 1686.747 1686.432 1686.116 1685.8 1685.484 1685.142 1684.774 1684.407 1684.039 1683.672 1683.109 1682.543 1681.977 1681.411 1680.865 1680.343 1679.821 1679.3 1678.778 1678.258 1677.739 1677.219 1676.699 1676.191 1675.703 1675.215 1674.728 1674.24 1673.841 1673.459 1673.077 1672.695
1692.689 1692.504 1692.319 1692.134 1691.963 1691.83 1691.696 1691.563 1691.429 1691.258 1691.074 1690.89 1690.706 1690.512 1690.282 1690.053 1689.823 1689.593 1689.393 1689.208 1689.023 1688.838 1688.65 1688.44 1688.23 1688.019 1687.809 1687.608 1687.413 1687.218 1687.022 1686.819 1686.488 1686.156 1685.824 1685.492 1685.142 1684.774 1684.407 1684.039 1683.672 1683.125 1682.575 1682.025 1681.475 1680.935 1680.408 1679.881 1679.354 1678.827 1678.336 1677.849 1677.361 1676.874 1676.4 1675.95 1675.499 1675.049 1674.598 1674.197 1673.804 1673.411 1673.018
1692.749 1692.548 1692.347 1692.146 1691.968 1691.85 1691.733 1691.615 1691.498 1691.327 1691.138 1690.948 1690.759 1690.569 1690.376 1690.184 1689.991 1689.799 1689.601 1689.4 1689.199 1688.998 1688.792 1688.555 1688.318 1688.081 1687.844 1687.639 1687.454 1687.27 1687.085 1686.891 1686.543 1686.196 1685.848 1685.5 1685.142 1684.774 1684.407 1684.039 1683.672 1683.141 1682.607 1682.073 1681.539 1681.006 1680.473 1679.941 1679.409 1678.876 1678.414 1677.959 1677.503 1677.048 1676.609 1676.196 1675.783 1675.37 1674.957 1674.552 1674.149 1673.745 1673.342
1692.808 1692.591 1692.374 1692.157 1691.972 1691.871 1691.769 1691.668 1691.567 1691.396 1691.201 1691.006 1690.812 1690.625 1690.47 1690.315 1690.16 1690.005 1689.809 1689.592 1689.375 1689.158 1688.935 1688.671 1688.407 1688.143 1687.88 1687.669 1687.496 1687.322 1687.148 1686.964 1686.599 1686.235 1685.871 1685.507 1685.142 1684.774 1684.407 1684.039 1683.672 1683.156 1682.639 1682.121 1681.603 1681.076 1680.539 1680.001 1679.463 1678.925 1678.492 1678.069 1677.646 1677.223 1676.817 1676.442 1676.067 1675.691 1675.316 1674.908 1674.494 1674.08 1673.666
1692.946 1692.739 1692.531 1692.323 1692.14 1692.021 1691.901 1691.782 1691.663 1691.484 1691.284 1691.084 1690.884 1690.692 1690.532 1690.373 1690.213 1690.053 1689.861 1689.654 1689.446 1689.238 1689.022 1688.748 1688.474 1688.201 1687.927 1687.709 1687.529 1687.349 1687.169 1686.98 1686.638 1686.296 1685.954 1685.612 1685.263 1684.909 1684.554 1684.199 1683.844 1683.357 1682.868 1682.379 1681.89 1681.375 1680.828 1680.28 1679.733 1679.186 1678.766 1678.358 1677.95 1677.542 1677.149 1676.782 1676.414 1676.047 1675.679 1675.246 1674.8 1674.354 1673.908
1693.105 1692.914 1692.722 1692.53 1692.351 1692.205 1692.059 1691.913 1691.768 1691.578 1691.372 1691.167 1690.961 1690.761 1690.586 1690.41 1690.234 1690.059 1689.872 1689.681 1689.489 1689.297 1689.094 1688.815 1688.536 1688.257 1687.978 1687.751 1687.561 1687.37 1687.18 1686.982 1686.672 1686.362 1686.052 1685.742 1685.417 1685.079 1684.74 1684.402 1684.063 1683.608 1683.151 1682.694 1682.237 1681.735 1681.177 1680.619 1680.061 1679.503 1679.092 1678.694 1678.297 1677.9 1677.514 1677.146 1676.779 1676.412 1676.044 1675.579 1675.096 1674.612 1674.129
1693.264 1693.089 1692.913 1692.737 1692.563 1692.39 1692.217 1692.045 1691.872 1691.671 1691.46 1691.249 1691.038 1690.831 1690.639 1690.448 1690.256 1690.064 1689.883 1689.707 1689.532 1689.356 1689.166 1688.882 1688.598 1688.313 1688.029 1687.794 1687.592 1687.391 1687.19 1686.984 1686.706 1686.428 1686.151 1685.873 1685.572 1685.249 1684.927 1684.604 1684.282 1683.858 1683.434 1683.009 1682.584 1682.095 1681.526 1680.957 1680.389 1679.82 1679.417 1679.031 1678.644 1678.258 1677.879 1677.511 1677.144 1676.776 1676.409 1675.912 1675.391 1674.87 1674.349
1693.423 1693.264 1693.104 1692.945 1692.774 1692.575 1692.375 1692.176 1691.976 1691.764 1691.548 1691.332 1691.115 1690.901 1690.693 1690.485 1690.277 1690.069 1689.894 1689.734 1689.575 1689.415 1689.239 1688.949 1688.659 1688.369 1688.08 1687.836 1687.624 1687.412 1687.2 1686.986 1686.74 1686.495 1686.249 1686.004 1685.726 1685.42 1685.113 1684.807 1684.5 1684.109 1683.716 1683.324 1682.931 1682.455 1681.875 1681.296 1680.716 1680.137 1679.743 1679.368 1678.992 1678.616 1678.243 1677.876 1677.509 1677.141 1676.774 1676.246 1675.687 1675.128 1674.57
1693.561 1693.41 1693.26 1693.109 1692.94 1692.723 1692.506 1692.289 1692.073 1691.856 1691.639 1691.422 1691.205 1690.987 1690.767 1690.546 1690.326 1690.105 1689.929 1689.775 1689.621 1689.467 1689.295 1689.001 1688.707 1688.413 1688.119 1687.869 1687.649 1687.428 1687.208 1686.987 1686.767 1686.546 1686.326 1686.105 1685.847 1685.553 1685.259 1684.965 1684.671 1684.305 1683.937 1683.57 1683.202 1682.741 1682.163 1681.586 1681.009 1680.431 1680.042 1679.672 1679.301 1678.93 1678.555 1678.173 1677.792 1677.41 1677.029 1676.484 1675.908 1675.332 1674.755
1693.62 1693.454 1693.287 1693.121 1692.945 1692.744 1692.543 1692.342 1692.141 1691.94 1691.74 1691.539 1691.338 1691.133 1690.913 1690.692 1690.472 1690.251 1690.054 1689.868 1689.681 1689.495 1689.295 1689.001 1688.707 1688.413 1688.119 1687.869 1687.649 1687.428 1687.208 1686.987 1686.767 1686.546 1686.326 1686.105 1685.847 1685.553 1685.259 1684.965 1684.671 1684.305 1683.937 1683.57 1683.202 1682.762 1682.233 1681.704 1681.175 1680.646 1680.247 1679.86 1679.473 1679.086 1678.677 1678.231 1677.785 1677.339 1676.893 1676.383 1675.86 1675.338 1674.815
1693.68 1693.498 1693.315 1693.132 1692.949 1692.764 1692.58 1692.395 1692.21 1692.025 1691.841 1691.656 1691.471 1691.279 1691.059 1690.838 1690.618 1690.397 1690.178 1689.96 1689.741 1689.523 1689.295 1689.001 1688.707 1688.413 1688.119 1687.869 1687.649 1687.428 1687.208 1686.987 1686.767 1686.546 1686.326 1686.105 1685.847 1685.553 1685.259 1684.965 1684.671 1684.305 1683.937 1683.57 1683.202 1682.784 1682.303 1681.822 1681.342 1680.861 1680.451 1680.048 1679.645 1679.242 1678.798 1678.288 1677.778 1677.268 1676.758 1676.282 1675.813 1675.344 1674.875
