data/zism_data/00350_01_D.txt
ncols         224
nrows         224
[rows 174 to 202 of 224, columns 134 to 200 of 224]
1680.954 1680.457 1680.34 1680.366 1680.393 1680.419 1680.643 1681.716 1682.789 1683.862 1684.935 1685.741 1686.405 1687.07 1687.734 1688.272 1687.849 1687.425 1687.002 1686.579 1686.198 1685.848 1685.499 1685.149 1684.815 1684.842 1684.868 1684.894 1684.921 1685.022 1685.195 1685.369 1685.542 1685.715 1685.766 1685.813 1685.86 1685.907 1685.876 1685.744 1685.612 1685.48 1685.347 1685.228 1685.111 1684.993 1684.875 1684.8 1684.8 1684.8 1684.8 1684.8 1684.633 1684.43 1684.227 1684.024 1683.87 1683.835 1683.8 1683.764 1683.729 1683.443 1683.076 1682.709 1682.341 1681.974 1681.606
1680.281 1679.816 1679.645 1679.586 1679.527 1679.468 1679.612 1680.631 1681.65 1682.669 1683.689 1684.48 1685.15 1685.819 1686.489 1687.036 1686.644 1686.253 1685.862 1685.471 1685.123 1684.805 1684.487 1684.17 1683.869 1683.944 1684.018 1684.093 1684.168 1684.317 1684.538 1684.76 1684.982 1685.203 1685.209 1685.207 1685.206 1685.205 1685.159 1685.053 1684.948 1684.842 1684.737 1684.668 1684.604 1684.54 1684.476 1684.436 1684.436 1684.436 1684.436 1684.436 1684.295 1684.124 1683.953 1683.783 1683.632 1683.533 1683.433 1683.334 1683.234 1682.933 1682.565 1682.198 1681.831 1681.463 1681.096
1679.608 1679.175 1678.951 1678.806 1678.661 1678.516 1678.58 1679.546 1680.512 1681.477 1682.443 1683.219 1683.894 1684.569 1685.244 1685.799 1685.44 1685.081 1684.722 1684.363 1684.047 1683.761 1683.476 1683.19 1682.923 1683.046 1683.169 1683.292 1683.414 1683.612 1683.882 1684.152 1684.421 1684.691 1684.651 1684.602 1684.552 1684.503 1684.441 1684.362 1684.283 1684.205 1684.126 1684.109 1684.098 1684.088 1684.078 1684.071 1684.071 1684.071 1684.071 1684.071 1683.956 1683.818 1683.679 1683.541 1683.395 1683.231 1683.067 1682.903 1682.74 1682.422 1682.055 1681.687 1681.32 1680.953 1680.585
1678.934 1678.534 1678.257 1678.026 1677.795 1677.564 1677.549 1678.461 1679.373 1680.285 1681.197 1681.958 1682.638 1683.319 1683.999 1684.563 1684.236 1683.909 1683.582 1683.255 1682.971 1682.718 1682.465 1682.211 1681.977 1682.148 1682.319 1682.49 1682.661 1682.907 1683.225 1683.543 1683.861 1684.179 1684.094 1683.996 1683.898 1683.801 1683.723 1683.671 1683.619 1683.567 1683.515 1683.549 1683.592 1683.635 1683.679 1683.706 1683.706 1683.706 1683.706 1683.706 1683.618 1683.512 1683.406 1683.299 1683.157 1682.929 1682.701 1682.473 1682.245 1681.912 1681.544 1681.177 1680.809 1680.442 1680.075
1678.261 1677.893 1677.562 1677.246 1676.929 1676.613 1676.517 1677.376 1678.234 1679.093 1679.951 1680.697 1681.383 1682.069 1682.754 1683.326 1683.032 1682.737 1682.442 1682.148 1681.896 1681.675 1681.453 1681.232 1681.03 1681.25 1681.469 1681.688 1681.908 1682.202 1682.568 1682.934 1683.301 1683.667 1683.536 1683.39 1683.244 1683.098 1683.005 1682.98 1682.955 1682.93 1682.905 1682.989 1683.086 1683.183 1683.28 1683.341 1683.341 1683.341 1683.341 1683.341 1683.28 1683.206 1683.132 1683.057 1682.92 1682.627 1682.335 1682.042 1681.75 1681.401 1681.034 1680.666 1680.299 1679.931 1679.564
1677.672 1677.289 1676.911 1676.535 1676.158 1675.782 1675.591 1676.197 1676.802 1677.408 1678.014 1678.672 1679.358 1680.043 1680.729 1681.325 1681.236 1681.146 1681.057 1680.967 1680.835 1680.673 1680.51 1680.347 1680.2 1680.4 1680.599 1680.798 1680.998 1681.248 1681.547 1681.846 1682.146 1682.445 1682.408 1682.36 1682.313 1682.266 1682.256 1682.294 1682.333 1682.371 1682.409 1682.525 1682.649 1682.773 1682.897 1682.979 1682.984 1682.989 1682.994 1683.0 1682.879 1682.732 1682.585 1682.438 1682.232 1681.88 1681.529 1681.177 1680.826 1680.462 1680.095 1679.727 1679.36 1678.999 1678.663
1677.084 1676.685 1676.26 1675.825 1675.39 1674.955 1674.667 1675.016 1675.364 1675.712 1676.061 1676.629 1677.315 1678.001 1678.687 1679.307 1679.426 1679.546 1679.666 1679.785 1679.775 1679.672 1679.568 1679.464 1679.372 1679.55 1679.728 1679.906 1680.084 1680.289 1680.518 1680.748 1680.977 1681.207 1681.266 1681.321 1681.375 1681.43 1681.505 1681.608 1681.711 1681.814 1681.917 1682.063 1682.214 1682.365 1682.516 1682.616 1682.626 1682.637 1682.647 1682.658 1682.477 1682.255 1682.033 1681.811 1681.534 1681.124 1680.713 1680.302 1679.892 1679.514 1679.146 1678.779 1678.412 1678.058 1677.754
1676.497 1676.082 1675.609 1675.115 1674.621 1674.127 1673.743 1673.834 1673.926 1674.016 1674.108 1674.586 1675.272 1675.958 1676.644 1677.288 1677.617 1677.946 1678.274 1678.603 1678.715 1678.67 1678.626 1678.581 1678.545 1678.701 1678.858 1679.014 1679.171 1679.329 1679.489 1679.649 1679.809 1679.969 1680.125 1680.282 1680.438 1680.594 1680.755 1680.922 1681.089 1681.256 1681.424 1681.6 1681.778 1681.956 1682.134 1682.253 1682.269 1682.285 1682.301 1682.317 1682.074 1681.777 1681.48 1681.183 1680.836 1680.367 1679.897 1679.428 1678.958 1678.566 1678.198 1677.831 1677.463 1677.117 1676.845
1675.91 1675.478 1674.959 1674.406 1673.853 1673.3 1672.82 1672.653 1672.487 1672.321 1672.154 1672.544 1673.23 1673.916 1674.601 1675.27 1675.808 1676.345 1676.883 1677.421 1677.655 1677.669 1677.683 1677.698 1677.717 1677.852 1677.987 1678.122 1678.258 1678.37 1678.46 1678.55 1678.64 1678.731 1678.984 1679.242 1679.5 1679.759 1680.005 1680.237 1680.468 1680.699 1680.931 1681.138 1681.343 1681.547 1681.752 1681.89 1681.911 1681.933 1681.954 1681.975 1681.672 1681.3 1680.928 1680.556 1680.138 1679.61 1679.081 1678.553 1678.024 1677.617 1677.25 1676.882 1676.515 1676.175 1675.936
1675.37 1674.916 1674.38 1673.811 1673.243 1672.675 1672.151 1671.815 1671.479 1671.143 1670.807 1671.084 1671.689 1672.294 1672.899 1673.513 1674.201 1674.888 1675.576 1676.264 1676.598 1676.675 1676.753 1676.83 1676.91 1677.048 1677.186 1677.324 1677.461 1677.552 1677.597 1677.641 1677.686 1677.73 1678.058 1678.394 1678.73 1679.066 1679.379 1679.664 1679.949 1680.234 1680.518 1680.757 1680.991 1681.224 1681.458 1681.61 1681.62 1681.629 1681.638 1681.647 1681.27 1680.812 1680.354 1679.896 1679.403 1678.824 1678.246 1677.667 1677.088 1676.669 1676.301 1675.934 1675.567 1675.23 1675.003
1674.901 1674.415 1673.904 1673.384 1672.864 1672.344 1671.851 1671.472 1671.093 1670.714 1670.336 1670.469 1670.875 1671.282 1671.688 1672.135 1672.887 1673.639 1674.391 1675.142 1675.544 1675.691 1675.838 1675.985 1676.134 1676.309 1676.484 1676.66 1676.835 1676.939 1676.973 1677.006 1677.04 1677.074 1677.443 1677.822 1678.201 1678.579 1678.934 1679.256 1679.578 1679.901 1680.223 1680.494 1680.76 1681.026 1681.292 1681.451 1681.422 1681.394 1681.366 1681.337 1680.87 1680.31 1679.75 1679.19 1678.614 1677.998 1677.382 1676.765 1676.149 1675.72 1675.353 1674.986 1674.618 1674.278 1674.035
1674.431 1673.913 1673.428 1672.957 1672.485 1672.013 1671.551 1671.129 1670.708 1670.286 1669.864 1669.853 1670.061 1670.269 1670.477 1670.756 1671.572 1672.389 1673.205 1674.021 1674.49 1674.707 1674.924 1675.141 1675.357 1675.57 1675.783 1675.996 1676.209 1676.325 1676.348 1676.372 1676.395 1676.418 1676.828 1677.25 1677.672 1678.093 1678.488 1678.848 1679.208 1679.567 1679.927 1680.231 1680.529 1680.827 1681.125 1681.291 1681.225 1681.16 1681.094 1681.028 1680.47 1679.808 1679.146 1678.484 1677.825 1677.171 1676.518 1675.864 1675.21 1674.772 1674.405 1674.037 1673.67 1673.326 1673.067
1673.961 1673.411 1672.953 1672.529 1672.106 1671.682 1671.251 1670.786 1670.322 1669.857 1669.393 1669.237 1669.247 1669.257 1669.267 1669.377 1670.258 1671.139 1672.019 1672.9 1673.436 1673.723 1674.009 1674.296 1674.581 1674.831 1675.081 1675.332 1675.582 1675.712 1675.724 1675.737 1675.749 1675.762 1676.213 1676.678 1677.142 1677.607 1678.042 1678.44 1678.837 1679.234 1679.632 1679.969 1680.299 1680.629 1680.959 1681.132 1681.028 1680.925 1680.822 1680.718 1680.069 1679.306 1678.542 1677.779 1677.036 1676.345 1675.654 1674.962 1674.271 1673.824 1673.456 1673.089 1672.721 1672.374 1672.099
1673.492 1672.909 1672.477 1672.102 1671.727 1671.351 1670.951 1670.444 1669.936 1669.429 1668.921 1668.622 1668.433 1668.245 1668.056 1667.999 1668.944 1669.889 1670.834 1671.779 1672.382 1672.738 1673.095 1673.451 1673.804 1674.092 1674.38 1674.668 1674.956 1675.099 1675.1 1675.102 1675.104 1675.105 1675.598 1676.106 1676.613 1677.121 1677.597 1678.031 1678.466 1678.901 1679.336 1679.706 1680.068 1680.43 1680.792 1680.972 1680.831 1680.69 1680.549 1680.409 1679.669 1678.804 1677.938 1677.073 1676.247 1675.518 1674.789 1674.061 1673.332 1672.875 1672.508 1672.141 1671.773 1671.422 1671.131
1673.237 1672.694 1672.278 1671.911 1671.543 1671.176 1670.783 1670.282 1669.781 1669.281 1668.78 1668.453 1668.219 1667.985 1667.751 1667.641 1668.475 1669.308 1670.142 1670.976 1671.547 1671.928 1672.309 1672.69 1673.068 1673.375 1673.683 1673.99 1674.297 1674.476 1674.53 1674.584 1674.638 1674.692 1675.224 1675.77 1676.316 1676.862 1677.37 1677.828 1678.287 1678.746 1679.205 1679.598 1679.983 1680.369 1680.754 1680.921 1680.702 1680.483 1680.264 1680.045 1679.249 1678.331 1677.413 1676.495 1675.623 1674.861 1674.099 1673.337 1672.575 1672.084 1671.68 1671.277 1670.873 1670.491 1670.183
1673.022 1672.533 1672.132 1671.765 1671.397 1671.03 1670.64 1670.156 1669.671 1669.186 1668.701 1668.369 1668.119 1667.869 1667.619 1667.478 1668.167 1668.856 1669.545 1670.234 1670.754 1671.151 1671.548 1671.945 1672.339 1672.662 1672.986 1673.309 1673.633 1673.852 1673.971 1674.089 1674.207 1674.326 1674.896 1675.479 1676.062 1676.646 1677.184 1677.665 1678.145 1678.625 1679.106 1679.52 1679.927 1680.334 1680.741 1680.89 1680.585 1680.28 1679.975 1679.671 1678.824 1677.863 1676.903 1675.942 1675.03 1674.236 1673.442 1672.648 1671.854 1671.322 1670.875 1670.429 1669.983 1669.563 1669.24
1672.808 1672.372 1671.986 1671.619 1671.251 1670.884 1670.497 1670.029 1669.56 1669.091 1668.623 1668.286 1668.02 1667.754 1667.488 1667.315 1667.86 1668.404 1668.948 1669.493 1669.961 1670.374 1670.787 1671.2 1671.61 1671.95 1672.289 1672.629 1672.969 1673.228 1673.411 1673.594 1673.776 1673.959 1674.567 1675.188 1675.809 1676.43 1676.999 1677.501 1678.003 1678.504 1679.006 1679.442 1679.87 1680.299 1680.727 1680.859 1680.468 1680.078 1679.687 1679.297 1678.4 1677.396 1676.392 1675.389 1674.437 1673.611 1672.785 1671.958 1671.132 1670.56 1670.071 1669.582 1669.092 1668.636 1668.296
1672.594 1672.212 1671.84 1671.473 1671.105 1670.738 1670.355 1669.902 1669.449 1668.997 1668.544 1668.203 1667.92 1667.638 1667.356 1667.153 1667.552 1667.952 1668.352 1668.751 1669.168 1669.597 1670.026 1670.455 1670.881 1671.237 1671.593 1671.948 1672.304 1672.604 1672.851 1673.099 1673.345 1673.592 1674.239 1674.897 1675.556 1676.214 1676.814 1677.337 1677.86 1678.384 1678.907 1679.364 1679.814 1680.263 1680.713 1680.827 1680.351 1679.875 1679.399 1678.922 1677.975 1676.929 1675.882 1674.836 1673.844 1672.986 1672.127 1671.269 1670.411 1669.798 1669.266 1668.734 1668.202 1667.708 1667.353
1672.399 1672.06 1671.703 1671.339 1670.974 1670.609 1670.231 1669.795 1669.358 1668.922 1668.485 1668.144 1667.855 1667.565 1667.276 1667.051 1667.319 1667.587 1667.854 1668.122 1668.48 1668.904 1669.327 1669.751 1670.172 1670.544 1670.916 1671.287 1671.659 1672.0 1672.312 1672.623 1672.934 1673.245 1673.923 1674.612 1675.301 1675.99 1676.618 1677.169 1677.719 1678.269 1678.82 1679.293 1679.756 1680.22 1680.684 1680.768 1680.183 1679.598 1679.013 1678.427 1677.431 1676.347 1675.264 1674.18 1673.158 1672.284 1671.411 1670.538 1669.665 1669.019 1668.447 1667.875 1667.303 1666.775 1666.406
1672.257 1671.934 1671.589 1671.235 1670.882 1670.528 1670.161 1669.741 1669.321 1668.9 1668.479 1668.155 1667.881 1667.608 1667.334 1667.113 1667.284 1667.455 1667.627 1667.798 1668.078 1668.438 1668.797 1669.156 1669.516 1669.904 1670.292 1670.68 1671.068 1671.449 1671.825 1672.201 1672.576 1672.952 1673.642 1674.341 1675.041 1675.74 1676.394 1676.987 1677.58 1678.174 1678.767 1679.239 1679.698 1680.156 1680.615 1680.633 1679.876 1679.12 1678.363 1677.606 1676.562 1675.457 1674.352 1673.247 1672.219 1671.378 1670.537 1669.696 1668.855 1668.192 1667.588 1666.984 1666.38 1665.825 1665.451
1672.115 1671.808 1671.475 1671.132 1670.789 1670.446 1670.092 1669.687 1669.283 1668.878 1668.474 1668.165 1667.908 1667.651 1667.393 1667.174 1667.249 1667.324 1667.399 1667.474 1667.676 1667.971 1668.266 1668.561 1668.86 1669.264 1669.668 1670.072 1670.476 1670.898 1671.338 1671.778 1672.218 1672.658 1673.361 1674.071 1674.781 1675.491 1676.169 1676.805 1677.442 1678.078 1678.714 1679.186 1679.639 1680.092 1680.545 1680.498 1679.57 1678.641 1677.713 1676.785 1675.693 1674.567 1673.44 1672.314 1671.28 1670.471 1669.662 1668.853 1668.044 1667.365 1666.729 1666.093 1665.456 1664.876 1664.496
1671.973 1671.682 1671.362 1671.029 1670.697 1670.365 1670.022 1669.633 1669.245 1668.857 1668.468 1668.176 1667.935 1667.693 1667.452 1667.236 1667.214 1667.193 1667.171 1667.15 1667.274 1667.505 1667.735 1667.966 1668.205 1668.625 1669.045 1669.465 1669.885 1670.347 1670.852 1671.356 1671.86 1672.365 1673.079 1673.8 1674.521 1675.242 1675.945 1676.624 1677.303 1677.982 1678.661 1679.132 1679.58 1680.028 1680.476 1680.363 1679.263 1678.163 1677.063 1675.964 1674.824 1673.676 1672.529 1671.381 1670.34 1669.564 1668.787 1668.011 1667.234 1666.539 1665.87 1665.202 1664.533 1663.926 1663.541
1671.831 1671.556 1671.248 1670.926 1670.604 1670.283 1669.952 1669.579 1669.207 1668.835 1668.463 1668.186 1667.961 1667.736 1667.511 1667.298 1667.18 1667.062 1666.943 1666.825 1666.872 1667.038 1667.205 1667.371 1667.549 1667.985 1668.421 1668.857 1669.293 1669.796 1670.365 1670.934 1671.502 1672.071 1672.798 1673.529 1674.261 1674.993 1675.72 1676.442 1677.164 1677.886 1678.608 1679.079 1679.521 1679.964 1680.406 1680.228 1678.957 1677.685 1676.414 1675.142 1673.955 1672.786 1671.617 1670.448 1669.401 1668.657 1667.912 1667.168 1666.424 1665.712 1665.011 1664.311 1663.61 1662.977 1662.586
1671.557 1671.295 1671.003 1670.7 1670.396 1670.093 1669.771 1669.37 1668.969 1668.567 1668.166 1667.875 1667.644 1667.412 1667.18 1666.957 1666.799 1666.641 1666.482 1666.324 1666.33 1666.454 1666.579 1666.703 1666.842 1667.306 1667.769 1668.233 1668.696 1669.251 1669.895 1670.54 1671.184 1671.828 1672.582 1673.339 1674.097 1674.854 1675.612 1676.369 1677.126 1677.884 1678.641 1678.962 1679.234 1679.506 1679.778 1679.451 1678.072 1676.693 1675.314 1673.935 1672.734 1671.569 1670.405 1669.24 1668.2 1667.465 1666.731 1665.996 1665.261 1664.576 1663.907 1663.238 1662.569 1661.963 1661.586
1671.227 1670.976 1670.703 1670.421 1670.139 1669.857 1669.543 1669.094 1668.644 1668.195 1667.745 1667.427 1667.179 1666.932 1666.684 1666.445 1666.27 1666.096 1665.922 1665.747 1665.728 1665.82 1665.912 1666.004 1666.114 1666.61 1667.105 1667.601 1668.097 1668.708 1669.433 1670.158 1670.882 1671.607 1672.394 1673.184 1673.974 1674.763 1675.553 1676.342 1677.132 1677.921 1678.711 1678.818 1678.849 1678.88 1678.91 1678.401 1676.941 1675.482 1674.023 1672.563 1671.361 1670.212 1669.064 1667.916 1666.887 1666.152 1665.417 1664.683 1663.948 1663.307 1662.697 1662.087 1661.477 1660.922 1660.567
1670.897 1670.657 1670.402 1670.141 1669.881 1669.62 1669.315 1668.817 1668.32 1667.822 1667.324 1666.979 1666.715 1666.451 1666.188 1665.932 1665.742 1665.551 1665.361 1665.171 1665.125 1665.185 1665.246 1665.306 1665.386 1665.914 1666.442 1666.969 1667.497 1668.166 1668.97 1669.776 1670.581 1671.386 1672.207 1673.029 1673.85 1674.672 1675.494 1676.315 1677.137 1677.959 1678.78 1678.674 1678.464 1678.253 1678.043 1677.35 1675.811 1674.271 1672.731 1671.191 1669.988 1668.856 1667.723 1666.591 1665.574 1664.839 1664.104 1663.37 1662.635 1662.038 1661.487 1660.936 1660.385 1659.881 1659.547
1670.568 1670.338 1670.101 1669.862 1669.623 1669.384 1669.087 1668.541 1667.995 1667.449 1666.903 1666.531 1666.251 1665.971 1665.691 1665.42 1665.213 1665.007 1664.8 1664.594 1664.523 1664.551 1664.579 1664.607 1664.658 1665.218 1665.778 1666.338 1666.898 1667.623 1668.508 1669.394 1670.279 1671.164 1672.019 1672.873 1673.727 1674.581 1675.435 1676.288 1677.142 1677.996 1678.85 1678.531 1678.079 1677.627 1677.175 1676.3 1674.68 1673.059 1671.439 1669.819 1668.615 1667.499 1666.383 1665.267 1664.261 1663.526 1662.791 1662.056 1661.322 1660.77 1660.278 1659.786 1659.293 1658.84 1658.528
1670.206 1669.992 1669.773 1669.553 1669.332 1669.112 1668.82 1668.223 1667.626 1667.029 1666.432 1666.032 1665.736 1665.44 1665.143 1664.857 1664.641 1664.426 1664.21 1663.995 1663.904 1663.904 1663.904 1663.904 1663.93 1664.513 1665.097 1665.68 1666.264 1667.034 1667.985 1668.936 1669.887 1670.838 1671.732 1672.625 1673.517 1674.409 1675.29 1676.155 1677.02 1677.884 1678.749 1678.201 1677.493 1676.785 1676.078 1675.022 1673.353 1671.685 1670.017 1668.349 1667.157 1666.066 1664.975 1663.884 1662.902 1662.185 1661.467 1660.75 1660.033 1659.521 1659.076 1658.63 1658.185 1657.775 1657.487
1669.634 1669.468 1669.262 1669.042 1668.822 1668.601 1668.297 1667.63 1666.963 1666.297 1665.63 1665.194 1664.882 1664.57 1664.258 1663.961 1663.783 1663.605 1663.427 1663.25 1663.175 1663.175 1663.175 1663.175 1663.199 1663.75 1664.302 1664.853 1665.404 1666.142 1667.061 1667.98 1668.899 1669.818 1670.789 1671.762 1672.735 1673.707 1674.577 1675.313 1676.05 1676.786 1677.522 1676.643 1675.581 1674.52 1673.458 1672.237 1670.735 1669.233 1667.731 1666.229 1665.137 1664.132 1663.127 1662.121 1661.239 1660.655 1660.072 1659.489 1658.906 1658.402 1657.925 1657.448 1656.97 1656.545 1656.306
