data/zism_data/00353_01_D.txt
ncols         224
nrows         224
[rows 28 to 55 of 224, columns 128 to 191 of 224]
3899.706 3899.213 3899.343 3899.474 3899.604 3899.734 3899.813 3899.861 3899.909 3899.957 3900.006 3900.064 3900.121 3900.179 3900.237 3900.356 3900.52 3900.684 3900.847 3901.004 3901.064 3901.125 3901.186 3901.246 3901.283 3901.3 3901.317 3901.335 3901.349 3901.249 3901.149 3901.049 3900.95 3900.425 3899.493 3898.561 3897.63 3896.698 3894.068 3891.426 3888.784 3886.142 3882.766 3878.577 3874.389 3870.2 3866.011 3859.863 3853.626 3847.39 3841.153 3834.909 3828.656 3822.404 3816.151 3809.898 3807.283 3804.98 3802.677 3800.375 3799.0 3799.0 3799.0 3799.0
3900.095 3899.334 3899.454 3899.573 3899.692 3899.812 3899.877 3899.908 3899.94 3899.972 3900.006 3900.07 3900.133 3900.196 3900.259 3900.378 3900.536 3900.694 3900.852 3901.006 3901.105 3901.203 3901.302 3901.4 3901.46 3901.488 3901.516 3901.545 3901.569 3901.453 3901.337 3901.221 3901.105 3900.691 3899.992 3899.294 3898.595 3897.896 3895.737 3893.566 3891.396 3889.226 3886.241 3882.356 3878.471 3874.586 3870.701 3864.395 3857.979 3851.564 3845.148 3838.64 3832.013 3825.386 3818.759 3812.132 3809.038 3806.247 3803.457 3800.666 3799.0 3799.0 3799.0 3799.0
3900.484 3899.455 3899.564 3899.672 3899.781 3899.889 3899.94 3899.956 3899.971 3899.986 3900.007 3900.076 3900.144 3900.213 3900.281 3900.399 3900.552 3900.705 3900.857 3901.009 3901.145 3901.282 3901.418 3901.554 3901.638 3901.677 3901.716 3901.754 3901.789 3901.656 3901.524 3901.392 3901.26 3900.957 3900.492 3900.026 3899.561 3899.095 3897.405 3895.707 3894.008 3892.31 3889.717 3886.136 3882.554 3878.973 3875.392 3868.927 3862.333 3855.738 3849.144 3842.371 3835.37 3828.368 3821.367 3814.366 3810.793 3807.515 3804.236 3800.958 3799.0 3799.0 3799.0 3799.0
3900.925 3899.608 3899.697 3899.787 3899.876 3899.966 3900.0 3900.0 3900.0 3900.0 3900.007 3900.081 3900.155 3900.229 3900.302 3900.419 3900.567 3900.714 3900.862 3901.011 3901.184 3901.357 3901.53 3901.702 3901.809 3901.86 3901.912 3901.963 3902.009 3901.863 3901.717 3901.572 3901.426 3901.229 3900.984 3900.738 3900.492 3900.247 3899.012 3897.77 3896.528 3895.286 3893.085 3889.825 3886.564 3883.303 3880.042 3873.451 3866.709 3859.968 3853.226 3846.2 3838.812 3831.423 3824.034 3816.646 3812.583 3808.807 3805.031 3801.255 3799.0 3799.0 3799.0 3799.0
3902.21 3900.273 3900.21 3900.148 3900.086 3900.024 3900.0 3900.0 3900.0 3900.0 3900.007 3900.081 3900.155 3900.229 3900.302 3900.419 3900.567 3900.714 3900.862 3901.012 3901.196 3901.379 3901.563 3901.746 3901.878 3901.968 3902.057 3902.146 3902.23 3902.117 3902.004 3901.891 3901.778 3901.6 3901.359 3901.119 3900.879 3900.639 3899.614 3898.583 3897.553 3896.522 3894.716 3892.051 3889.387 3886.722 3884.058 3877.845 3871.472 3865.099 3858.726 3851.641 3843.645 3835.649 3827.653 3819.657 3814.943 3810.511 3806.079 3801.646 3799.0 3799.0 3799.0 3799.0
3903.495 3900.938 3900.724 3900.51 3900.296 3900.082 3900.0 3900.0 3900.0 3900.0 3900.007 3900.081 3900.155 3900.229 3900.302 3900.419 3900.567 3900.714 3900.862 3901.013 3901.207 3901.402 3901.596 3901.791 3901.948 3902.075 3902.203 3902.33 3902.451 3902.371 3902.29 3902.209 3902.129 3901.97 3901.735 3901.5 3901.265 3901.031 3900.216 3899.396 3898.577 3897.758 3896.346 3894.278 3892.21 3890.142 3888.074 3882.239 3876.235 3870.23 3864.226 3857.081 3848.478 3839.875 3831.272 3822.669 3817.303 3812.215 3807.126 3802.038 3799.0 3799.0 3799.0 3799.0
3904.78 3901.603 3901.237 3900.871 3900.505 3900.139 3900.0 3900.0 3900.0 3900.0 3900.007 3900.081 3900.155 3900.229 3900.302 3900.419 3900.567 3900.714 3900.862 3901.013 3901.219 3901.424 3901.629 3901.834 3902.018 3902.183 3902.348 3902.514 3902.673 3902.625 3902.577 3902.529 3902.48 3902.34 3902.11 3901.881 3901.652 3901.422 3900.817 3900.21 3899.602 3898.994 3897.976 3896.505 3895.033 3893.561 3892.089 3886.633 3880.998 3875.362 3869.726 3862.522 3853.312 3844.101 3834.891 3825.681 3819.662 3813.918 3808.174 3802.43 3799.0 3799.0 3799.0 3799.0
3906.065 3902.268 3901.75 3901.233 3900.715 3900.197 3900.0 3900.0 3900.0 3900.0 3900.007 3900.081 3900.155 3900.229 3900.302 3900.419 3900.567 3900.714 3900.862 3901.014 3901.23 3901.446 3901.662 3901.879 3902.088 3902.291 3902.494 3902.697 3902.894 3902.879 3902.863 3902.847 3902.832 3902.71 3902.486 3902.262 3902.038 3901.814 3901.419 3901.023 3900.627 3900.23 3899.607 3898.731 3897.856 3896.98 3896.105 3891.028 3885.76 3880.493 3875.226 3867.962 3858.145 3848.327 3838.51 3828.693 3822.022 3815.622 3809.222 3802.822 3799.0 3799.0 3799.0 3799.0
3907.834 3903.54 3902.732 3901.924 3901.116 3900.308 3900.0 3900.0 3900.0 3900.0 3900.007 3900.081 3900.155 3900.229 3900.302 3900.429 3900.594 3900.758 3900.923 3901.091 3901.312 3901.534 3901.755 3901.976 3902.199 3902.423 3902.647 3902.872 3903.09 3903.113 3903.135 3903.158 3903.181 3903.073 3902.84 3902.607 3902.375 3902.142 3901.859 3901.575 3901.291 3901.008 3900.59 3900.025 3899.461 3898.896 3898.331 3893.249 3887.963 3882.677 3877.391 3869.922 3859.662 3849.401 3839.141 3828.88 3822.143 3815.709 3809.276 3802.842 3799.0 3799.0 3799.0 3799.0
3910.048 3905.369 3904.144 3902.918 3901.693 3900.467 3900.0 3900.0 3900.0 3900.0 3900.007 3900.081 3900.155 3900.229 3900.302 3900.448 3900.645 3900.842 3901.039 3901.238 3901.459 3901.681 3901.902 3902.123 3902.349 3902.579 3902.808 3903.038 3903.263 3903.329 3903.395 3903.461 3903.527 3903.429 3903.175 3902.92 3902.666 3902.412 3902.15 3901.888 3901.625 3901.364 3900.981 3900.465 3899.949 3899.433 3898.917 3893.479 3887.819 3882.159 3876.499 3868.692 3858.138 3847.585 3837.031 3826.478 3820.213 3814.315 3808.418 3802.521 3799.0 3799.0 3799.0 3799.0
3912.261 3907.198 3905.555 3903.912 3902.269 3900.626 3900.0 3900.0 3900.0 3900.0 3900.007 3900.081 3900.155 3900.229 3900.302 3900.467 3900.697 3900.926 3901.156 3901.385 3901.606 3901.828 3902.049 3902.27 3902.499 3902.734 3902.969 3903.204 3903.436 3903.545 3903.654 3903.764 3903.873 3903.785 3903.51 3903.233 3902.958 3902.681 3902.441 3902.2 3901.96 3901.719 3901.371 3900.904 3900.437 3899.97 3899.502 3893.709 3887.675 3881.641 3875.607 3867.461 3856.615 3845.769 3834.923 3824.077 3818.282 3812.922 3807.561 3802.201 3799.0 3799.0 3799.0 3799.0
3914.475 3909.027 3906.967 3904.906 3902.846 3900.786 3900.0 3900.0 3900.0 3900.0 3900.007 3900.081 3900.155 3900.229 3900.302 3900.486 3900.748 3901.01 3901.272 3901.532 3901.753 3901.975 3902.196 3902.417 3902.649 3902.889 3903.13 3903.37 3903.608 3903.761 3903.914 3904.066 3904.219 3904.142 3903.844 3903.546 3903.249 3902.951 3902.732 3902.513 3902.294 3902.075 3901.762 3901.344 3900.925 3900.507 3900.088 3893.939 3887.531 3881.123 3874.715 3866.23 3855.092 3843.953 3832.814 3821.675 3816.351 3811.528 3806.704 3801.88 3799.0 3799.0 3799.0 3799.0
3916.689 3910.856 3908.378 3905.9 3903.423 3900.945 3900.0 3900.0 3900.0 3900.0 3900.007 3900.081 3900.155 3900.229 3900.302 3900.505 3900.8 3901.094 3901.389 3901.679 3901.9 3902.122 3902.343 3902.564 3902.799 3903.045 3903.291 3903.537 3903.781 3903.977 3904.173 3904.369 3904.565 3904.498 3904.179 3903.859 3903.54 3903.22 3903.023 3902.825 3902.628 3902.431 3902.152 3901.783 3901.413 3901.043 3900.674 3894.169 3887.387 3880.604 3873.823 3865.0 3853.568 3842.136 3830.705 3819.273 3814.421 3810.134 3805.847 3801.56 3799.0 3799.0 3799.0 3799.0
3918.546 3912.357 3909.537 3906.716 3903.896 3901.075 3900.0 3900.0 3900.0 3900.0 3900.007 3900.075 3900.144 3900.212 3900.281 3900.484 3900.785 3901.085 3901.385 3901.684 3901.953 3902.223 3902.492 3902.762 3903.016 3903.256 3903.497 3903.737 3903.976 3904.162 3904.348 3904.534 3904.72 3904.659 3904.361 3904.062 3903.764 3903.466 3903.231 3902.997 3902.763 3902.529 3902.208 3901.791 3901.374 3900.957 3900.54 3893.557 3886.278 3878.999 3871.719 3862.607 3851.15 3839.692 3828.235 3816.778 3812.432 3808.698 3804.964 3801.23 3799.0 3799.0 3799.0 3799.0
3920.398 3913.854 3910.692 3907.53 3904.368 3901.206 3900.0 3900.0 3900.0 3900.0 3900.006 3900.069 3900.132 3900.195 3900.258 3900.463 3900.769 3901.075 3901.38 3901.687 3902.005 3902.324 3902.642 3902.96 3903.233 3903.468 3903.703 3903.938 3904.172 3904.347 3904.522 3904.698 3904.873 3904.817 3904.541 3904.264 3903.987 3903.71 3903.438 3903.166 3902.894 3902.622 3902.258 3901.792 3901.326 3900.861 3900.395 3892.933 3885.155 3877.377 3869.599 3860.197 3848.718 3837.239 3825.76 3814.281 3810.443 3807.262 3804.081 3800.9 3799.0 3799.0 3799.0 3799.0
3922.25 3915.35 3911.847 3908.343 3904.84 3901.336 3900.0 3900.0 3900.0 3900.0 3900.006 3900.063 3900.121 3900.178 3900.236 3900.442 3900.753 3901.064 3901.375 3901.69 3902.057 3902.424 3902.792 3903.158 3903.45 3903.68 3903.91 3904.14 3904.368 3904.532 3904.696 3904.861 3905.025 3904.975 3904.72 3904.465 3904.21 3903.955 3903.646 3903.336 3903.026 3902.716 3902.308 3901.794 3901.279 3900.765 3900.25 3892.308 3884.032 3875.755 3867.478 3857.787 3846.286 3834.785 3823.285 3811.784 3808.454 3805.826 3803.198 3800.569 3799.0 3799.0 3799.0 3799.0
3924.103 3916.847 3913.001 3909.156 3905.311 3901.466 3900.0 3900.0 3900.0 3900.0 3900.005 3900.057 3900.11 3900.162 3900.214 3900.42 3900.737 3901.054 3901.37 3901.693 3902.109 3902.525 3902.941 3903.357 3903.668 3903.892 3904.117 3904.341 3904.563 3904.717 3904.87 3905.024 3905.177 3905.133 3904.9 3904.667 3904.433 3904.2 3903.853 3903.505 3903.157 3902.809 3902.359 3901.795 3901.232 3900.669 3900.105 3891.684 3882.909 3874.133 3865.357 3855.377 3843.854 3832.332 3820.81 3809.288 3806.465 3804.39 3802.314 3800.239 3799.0 3799.0 3799.0 3799.0
3925.235 3917.751 3913.745 3909.739 3905.732 3901.726 3900.18 3900.151 3900.122 3900.092 3900.069 3900.099 3900.128 3900.158 3900.188 3900.381 3900.691 3901.001 3901.311 3901.63 3902.087 3902.545 3903.002 3903.459 3903.808 3904.066 3904.323 3904.581 3904.836 3904.984 3905.131 3905.279 3905.426 3905.371 3905.12 3904.869 3904.619 3904.368 3903.986 3903.602 3903.219 3902.835 3902.263 3901.483 3900.703 3899.923 3899.142 3890.104 3880.693 3871.283 3861.872 3851.726 3840.64 3829.554 3818.468 3807.382 3804.995 3803.356 3801.717 3800.078 3799.105 3799.12 3799.134 3799.149
3925.486 3917.931 3913.984 3910.037 3906.091 3902.144 3900.581 3900.486 3900.392 3900.298 3900.212 3900.198 3900.184 3900.171 3900.157 3900.319 3900.607 3900.896 3901.184 3901.485 3901.975 3902.465 3902.955 3903.445 3903.852 3904.191 3904.531 3904.87 3905.203 3905.351 3905.499 3905.646 3905.794 3905.705 3905.389 3905.073 3904.758 3904.442 3904.027 3903.611 3903.195 3902.779 3901.989 3900.786 3899.583 3898.38 3897.177 3887.352 3877.139 3866.926 3856.713 3846.555 3836.466 3826.378 3816.289 3806.201 3804.163 3802.816 3801.47 3800.124 3799.338 3799.386 3799.433 3799.48
3925.737 3918.111 3914.224 3910.336 3906.449 3902.562 3900.981 3900.822 3900.663 3900.503 3900.354 3900.297 3900.24 3900.183 3900.126 3900.258 3900.524 3900.791 3901.057 3901.341 3901.863 3902.385 3902.908 3903.43 3903.897 3904.317 3904.738 3905.158 3905.571 3905.718 3905.866 3906.013 3906.161 3906.039 3905.658 3905.277 3904.897 3904.516 3904.068 3903.619 3903.171 3902.722 3901.715 3900.089 3898.463 3896.837 3895.211 3884.601 3873.585 3862.57 3851.554 3841.383 3832.292 3823.201 3814.111 3805.02 3803.33 3802.276 3801.223 3800.169 3799.572 3799.652 3799.731 3799.811
3925.988 3918.29 3914.463 3910.635 3906.808 3902.98 3901.382 3901.157 3900.933 3900.709 3900.497 3900.396 3900.296 3900.196 3900.095 3900.196 3900.441 3900.686 3900.931 3901.196 3901.75 3902.305 3902.86 3903.415 3903.941 3904.443 3904.945 3905.447 3905.938 3906.086 3906.233 3906.381 3906.529 3906.373 3905.927 3905.481 3905.036 3904.59 3904.109 3903.628 3903.147 3902.666 3901.44 3899.392 3897.343 3895.294 3893.245 3881.849 3870.031 3858.213 3846.395 3836.212 3828.119 3820.025 3811.932 3803.839 3802.497 3801.737 3800.976 3800.215 3799.806 3799.918 3800.03 3800.142
3926.239 3918.47 3914.702 3910.934 3907.166 3903.398 3901.782 3901.493 3901.204 3900.914 3900.639 3900.496 3900.352 3900.208 3900.064 3900.134 3900.358 3900.581 3900.804 3901.051 3901.638 3902.226 3902.813 3903.4 3903.986 3904.569 3905.152 3905.735 3906.306 3906.453 3906.601 3906.748 3906.896 3906.707 3906.196 3905.686 3905.175 3904.664 3904.15 3903.637 3903.123 3902.609 3901.166 3898.694 3896.223 3893.751 3891.279 3879.097 3866.477 3853.857 3841.237 3831.041 3823.945 3816.849 3809.753 3802.657 3801.665 3801.197 3800.729 3800.26 3800.039 3800.184 3800.329 3800.473
3927.889 3920.543 3917.107 3913.671 3910.235 3906.799 3905.101 3904.474 3903.847 3903.221 3902.604 3902.075 3901.546 3901.018 3900.489 3900.337 3900.454 3900.572 3900.689 3900.843 3901.532 3902.222 3902.911 3903.6 3904.262 3904.902 3905.542 3906.182 3906.805 3906.878 3906.952 3907.025 3907.098 3906.855 3906.309 3905.763 3905.217 3904.671 3903.952 3903.233 3902.514 3901.794 3899.75 3896.242 3892.734 3889.226 3885.717 3873.67 3861.237 3848.805 3836.372 3826.695 3820.543 3814.39 3808.237 3802.084 3801.272 3800.918 3800.565 3800.211 3800.241 3800.839 3801.437 3802.035
3929.672 3922.796 3919.718 3916.64 3913.562 3910.483 3908.697 3907.707 3906.717 3905.727 3904.742 3903.796 3902.849 3901.903 3900.957 3900.564 3900.568 3900.572 3900.575 3900.63 3901.427 3902.225 3903.023 3903.821 3904.562 3905.255 3905.949 3906.643 3907.317 3907.309 3907.301 3907.293 3907.285 3906.986 3906.407 3905.828 3905.25 3904.671 3903.732 3902.79 3901.848 3900.907 3898.226 3893.623 3889.02 3884.416 3879.813 3867.988 3855.837 3843.686 3831.536 3822.429 3817.214 3811.999 3806.784 3801.569 3800.921 3800.665 3800.409 3800.153 3800.44 3801.531 3802.622 3803.714
3931.456 3925.05 3922.329 3919.609 3916.888 3914.168 3912.293 3910.94 3909.587 3908.234 3906.88 3905.516 3904.152 3902.789 3901.425 3900.792 3900.682 3900.571 3900.461 3900.417 3901.323 3902.229 3903.135 3904.041 3904.861 3905.609 3906.357 3907.105 3907.829 3907.74 3907.65 3907.561 3907.472 3907.116 3906.505 3905.894 3905.282 3904.671 3903.511 3902.347 3901.183 3900.019 3896.702 3891.004 3885.305 3879.606 3873.908 3862.305 3850.437 3838.568 3826.699 3818.162 3813.885 3809.608 3805.331 3801.054 3800.57 3800.411 3800.253 3800.094 3800.638 3802.223 3803.808 3805.392
3933.239 3927.303 3924.94 3922.578 3920.215 3917.852 3915.89 3914.173 3912.457 3910.74 3909.018 3907.237 3905.455 3903.674 3901.893 3901.02 3900.795 3900.571 3900.347 3900.203 3901.218 3902.232 3903.247 3904.261 3905.159 3905.962 3906.764 3907.567 3908.341 3908.17 3908.0 3907.829 3907.658 3907.246 3906.603 3905.959 3905.315 3904.671 3903.291 3901.904 3900.518 3899.132 3895.178 3888.384 3881.591 3874.797 3868.003 3856.623 3845.036 3833.45 3821.863 3813.895 3810.556 3807.217 3803.878 3800.539 3800.219 3800.158 3800.097 3800.036 3800.837 3802.915 3804.993 3807.071
3935.552 3930.178 3928.133 3926.087 3924.041 3921.996 3919.989 3918.005 3916.021 3914.038 3912.037 3909.881 3907.725 3905.57 3903.414 3902.283 3901.886 3901.489 3901.092 3900.79 3901.865 3902.941 3904.017 3905.093 3906.002 3906.773 3907.544 3908.315 3909.056 3908.796 3908.536 3908.275 3908.015 3907.523 3906.808 3906.093 3905.378 3904.663 3902.882 3901.094 3899.305 3897.517 3892.869 3885.058 3877.247 3869.436 3861.625 3850.765 3839.769 3828.772 3817.776 3810.478 3807.909 3805.341 3802.772 3800.203 3800.034 3800.071 3800.107 3800.144 3801.214 3803.813 3806.414 3809.013
3938.744 3934.083 3932.286 3930.49 3928.694 3926.898 3924.918 3922.826 3920.734 3918.642 3916.513 3914.054 3911.595 3909.135 3906.676 3905.26 3904.592 3903.924 3903.256 3902.699 3903.759 3904.818 3905.878 3906.938 3907.745 3908.342 3908.939 3909.537 3910.106 3909.743 3909.38 3909.017 3908.654 3908.042 3907.191 3906.34 3905.49 3904.639 3902.163 3899.676 3897.188 3894.7 3889.262 3880.562 3871.862 3863.162 3854.461 3844.617 3834.721 3824.825 3814.929 3808.465 3806.39 3804.315 3802.24 3800.164 3800.124 3800.258 3800.392 3800.527 3801.884 3805.053 3808.222 3811.392
