data/zism_data/00351_03_D.txt
ncols         224
nrows         224
[rows 116 to 144 of 224, columns 130 to 194 of 224]
1404.217 1404.217 1404.217 1404.217 1404.217 1404.213 1403.994 1403.774 1403.554 1403.334 1403.138 1402.969 1402.8 1402.63 1402.461 1402.141 1401.806 1401.471 1401.136 1400.843 1400.625 1400.407 1400.189 1399.971 1399.761 1399.554 1399.346 1399.138 1398.984 1398.982 1398.981 1398.979 1398.977 1398.977 1398.977 1398.977 1398.977 1398.984 1399.033 1399.082 1399.131 1399.18 1399.31 1399.494 1399.677 1399.86 1400.036 1400.081 1400.127 1400.172 1400.218 1400.263 1400.308 1400.354 1400.399 1400.445 1400.64 1400.842 1401.044 1401.246 1401.449 1401.651 1401.853 1402.055 1402.257
1404.583 1404.583 1404.583 1404.583 1404.583 1404.58 1404.36 1404.14 1403.92 1403.701 1403.49 1403.29 1403.09 1402.89 1402.689 1402.357 1402.011 1401.666 1401.32 1401.012 1400.771 1400.529 1400.287 1400.046 1399.822 1399.602 1399.382 1399.162 1399.0 1399.0 1399.0 1399.0 1399.0 1399.0 1399.0 1399.0 1399.0 1399.01 1399.074 1399.137 1399.2 1399.264 1399.423 1399.644 1399.865 1400.086 1400.298 1400.361 1400.425 1400.488 1400.552 1400.632 1400.728 1400.824 1400.921 1401.017 1401.191 1401.368 1401.545 1401.722 1401.894 1402.06 1402.227 1402.393 1402.559
1404.949 1404.949 1404.949 1404.949 1404.949 1404.946 1404.726 1404.506 1404.287 1404.067 1403.836 1403.593 1403.35 1403.107 1402.864 1402.523 1402.172 1401.821 1401.47 1401.147 1400.873 1400.599 1400.325 1400.052 1399.822 1399.602 1399.382 1399.162 1399.0 1399.0 1399.0 1399.0 1399.0 1399.0 1399.0 1399.0 1399.0 1399.014 1399.098 1399.183 1399.268 1399.353 1399.544 1399.802 1400.061 1400.319 1400.568 1400.652 1400.737 1400.822 1400.907 1401.033 1401.199 1401.365 1401.532 1401.698 1401.849 1401.999 1402.149 1402.299 1402.438 1402.562 1402.685 1402.808 1402.931
1405.315 1405.315 1405.315 1405.315 1405.315 1405.312 1405.092 1404.873 1404.653 1404.433 1404.183 1403.897 1403.611 1403.325 1403.039 1402.689 1402.332 1401.976 1401.62 1401.282 1400.976 1400.67 1400.364 1400.058 1399.822 1399.602 1399.382 1399.162 1399.0 1399.0 1399.0 1399.0 1399.0 1399.0 1399.0 1399.0 1399.0 1399.017 1399.123 1399.23 1399.336 1399.442 1399.664 1399.96 1400.256 1400.552 1400.837 1400.944 1401.05 1401.156 1401.263 1401.435 1401.671 1401.907 1402.142 1402.378 1402.507 1402.63 1402.753 1402.877 1402.983 1403.063 1403.143 1403.223 1403.304
1405.682 1405.682 1405.682 1405.682 1405.682 1405.678 1405.459 1405.239 1405.019 1404.799 1404.529 1404.2 1403.871 1403.542 1403.213 1402.855 1402.493 1402.131 1401.77 1401.417 1401.078 1400.74 1400.402 1400.064 1399.822 1399.602 1399.382 1399.162 1399.0 1399.0 1399.0 1399.0 1399.0 1399.0 1399.0 1399.0 1399.0 1399.02 1399.148 1399.276 1399.404 1399.532 1399.785 1400.118 1400.452 1400.786 1401.107 1401.235 1401.363 1401.491 1401.619 1401.837 1402.142 1402.448 1402.753 1403.059 1403.165 1403.261 1403.358 1403.454 1403.527 1403.564 1403.601 1403.639 1403.676
1406.048 1406.047 1406.044 1406.042 1406.04 1406.035 1405.813 1405.591 1405.37 1405.148 1404.859 1404.493 1404.126 1403.76 1403.394 1403.027 1402.66 1402.293 1401.926 1401.559 1401.191 1400.824 1400.456 1400.088 1399.839 1399.616 1399.393 1399.171 1399.006 1399.005 1399.003 1399.002 1399.0 1399.003 1399.007 1399.011 1399.016 1399.043 1399.196 1399.349 1399.502 1399.655 1399.937 1400.304 1400.67 1401.036 1401.39 1401.543 1401.696 1401.848 1402.001 1402.261 1402.626 1402.991 1403.356 1403.721 1403.808 1403.883 1403.957 1404.032 1404.076 1404.076 1404.076 1404.076 1404.076
1406.414 1406.404 1406.385 1406.367 1406.349 1406.328 1406.09 1405.852 1405.614 1405.376 1405.079 1404.712 1404.346 1403.98 1403.614 1403.242 1402.87 1402.497 1402.125 1401.75 1401.372 1400.994 1400.615 1400.237 1399.968 1399.724 1399.48 1399.236 1399.052 1399.04 1399.028 1399.016 1399.004 1399.026 1399.062 1399.099 1399.135 1399.198 1399.399 1399.6 1399.801 1400.002 1400.304 1400.67 1401.036 1401.402 1401.759 1401.96 1402.161 1402.362 1402.563 1402.842 1403.196 1403.55 1403.904 1404.258 1404.355 1404.441 1404.526 1404.612 1404.662 1404.662 1404.662 1404.662 1404.662
1406.78 1406.761 1406.727 1406.692 1406.658 1406.62 1406.366 1406.112 1405.858 1405.604 1405.298 1404.932 1404.566 1404.2 1403.833 1403.457 1403.079 1402.701 1402.324 1401.942 1401.553 1401.164 1400.775 1400.385 1400.097 1399.831 1399.566 1399.3 1399.098 1399.075 1399.052 1399.03 1399.007 1399.049 1399.117 1399.186 1399.254 1399.352 1399.601 1399.851 1400.1 1400.349 1400.67 1401.036 1401.402 1401.769 1402.128 1402.377 1402.627 1402.876 1403.125 1403.423 1403.766 1404.109 1404.453 1404.796 1404.903 1404.999 1405.095 1405.191 1405.248 1405.248 1405.248 1405.248 1405.248
1407.146 1407.118 1407.068 1407.017 1406.967 1406.913 1406.643 1406.373 1406.103 1405.833 1405.518 1405.152 1404.786 1404.419 1404.053 1403.672 1403.288 1402.905 1402.522 1402.133 1401.733 1401.334 1400.934 1400.534 1400.226 1399.939 1399.652 1399.365 1399.144 1399.111 1399.077 1399.043 1399.01 1399.072 1399.172 1399.273 1399.374 1399.506 1399.804 1400.101 1400.399 1400.697 1401.036 1401.402 1401.769 1402.135 1402.497 1402.795 1403.092 1403.39 1403.688 1404.003 1404.336 1404.668 1405.001 1405.334 1405.45 1405.557 1405.664 1405.771 1405.834 1405.834 1405.834 1405.834 1405.834
1407.513 1407.475 1407.409 1407.342 1407.276 1407.206 1406.92 1406.634 1406.347 1406.061 1405.738 1405.372 1405.005 1404.639 1404.273 1403.886 1403.498 1403.109 1402.721 1402.325 1401.914 1401.504 1401.093 1400.682 1400.355 1400.046 1399.738 1399.43 1399.19 1399.146 1399.102 1399.057 1399.013 1399.094 1399.227 1399.36 1399.493 1399.66 1400.006 1400.352 1400.698 1401.044 1401.402 1401.769 1402.135 1402.501 1402.866 1403.212 1403.558 1403.904 1404.25 1404.584 1404.906 1405.228 1405.549 1405.871 1405.998 1406.115 1406.233 1406.35 1406.42 1406.42 1406.42 1406.42 1406.42
1407.879 1407.838 1407.764 1407.691 1407.618 1407.541 1407.239 1406.937 1406.634 1406.332 1406.0 1405.634 1405.268 1404.901 1404.535 1404.135 1403.732 1403.329 1402.926 1402.513 1402.082 1401.651 1401.221 1400.79 1400.446 1400.123 1399.799 1399.476 1399.225 1399.183 1399.14 1399.097 1399.055 1399.153 1399.309 1399.465 1399.621 1399.813 1400.201 1400.589 1400.977 1401.365 1401.753 1402.141 1402.53 1402.918 1403.305 1403.684 1404.062 1404.441 1404.82 1405.158 1405.457 1405.755 1406.054 1406.353 1406.5 1406.641 1406.782 1406.923 1407.006 1407.006 1407.006 1407.006 1407.006
1408.245 1408.204 1408.13 1408.057 1407.984 1407.907 1407.589 1407.27 1406.952 1406.634 1406.293 1405.927 1405.561 1405.194 1404.828 1404.409 1403.984 1403.559 1403.135 1402.698 1402.241 1401.783 1401.326 1400.869 1400.511 1400.177 1399.842 1399.508 1399.253 1399.221 1399.189 1399.157 1399.125 1399.238 1399.41 1399.582 1399.754 1399.966 1400.391 1400.817 1401.243 1401.668 1402.094 1402.519 1402.945 1403.37 1403.795 1404.195 1404.595 1404.995 1405.395 1405.728 1405.994 1406.261 1406.527 1406.794 1406.971 1407.144 1407.317 1407.49 1407.592 1407.592 1407.592 1407.592 1407.592
1408.611 1408.57 1408.497 1408.424 1408.35 1408.273 1407.939 1407.604 1407.27 1406.935 1406.586 1406.22 1405.854 1405.487 1405.121 1404.682 1404.236 1403.79 1403.344 1402.884 1402.4 1401.915 1401.431 1400.947 1400.576 1400.23 1399.885 1399.54 1399.28 1399.259 1399.237 1399.216 1399.195 1399.323 1399.51 1399.698 1399.887 1400.118 1400.582 1401.045 1401.508 1401.971 1402.434 1402.897 1403.36 1403.823 1404.284 1404.706 1405.127 1405.549 1405.971 1406.297 1406.532 1406.766 1407.0 1407.235 1407.441 1407.646 1407.851 1408.057 1408.178 1408.178 1408.178 1408.178 1408.178
1408.978 1408.936 1408.863 1408.79 1408.717 1408.639 1408.289 1407.938 1407.588 1407.237 1406.879 1406.513 1406.147 1405.78 1405.414 1404.955 1404.488 1404.02 1403.553 1403.069 1402.558 1402.047 1401.536 1401.025 1400.64 1400.284 1399.928 1399.573 1399.307 1399.297 1399.286 1399.276 1399.265 1399.407 1399.611 1399.815 1400.02 1400.271 1400.772 1401.272 1401.773 1402.274 1402.774 1403.275 1403.776 1404.276 1404.774 1405.217 1405.66 1406.103 1406.546 1406.867 1407.069 1407.271 1407.473 1407.676 1407.911 1408.149 1408.386 1408.623 1408.764 1408.764 1408.764 1408.764 1408.764
1409.343 1409.302 1409.228 1409.154 1409.079 1409.001 1408.636 1408.271 1407.905 1407.54 1407.173 1406.806 1406.438 1406.071 1405.703 1405.225 1404.737 1404.249 1403.761 1403.255 1402.717 1402.178 1401.64 1401.101 1400.703 1400.338 1399.973 1399.608 1399.338 1399.338 1399.338 1399.338 1399.338 1399.495 1399.716 1399.937 1400.158 1400.43 1400.967 1401.505 1402.042 1402.579 1403.117 1403.654 1404.192 1404.729 1405.263 1405.726 1406.189 1406.652 1407.116 1407.431 1407.603 1407.776 1407.948 1408.12 1408.384 1408.653 1408.922 1409.191 1409.35 1409.35 1409.35 1409.35 1409.35
1409.689 1409.65 1409.544 1409.437 1409.331 1409.221 1408.888 1408.555 1408.222 1407.889 1407.517 1407.101 1406.686 1406.27 1405.854 1405.382 1404.904 1404.427 1403.95 1403.435 1402.853 1402.272 1401.691 1401.109 1400.73 1400.396 1400.063 1399.73 1399.484 1399.484 1399.484 1399.484 1399.484 1399.675 1399.945 1400.214 1400.484 1400.798 1401.346 1401.894 1402.442 1402.99 1403.539 1404.087 1404.635 1405.183 1405.725 1406.167 1406.609 1407.051 1407.493 1407.819 1408.034 1408.25 1408.464 1408.68 1408.951 1409.225 1409.499 1409.773 1409.936 1409.936 1409.936 1409.936 1409.936
1410.034 1409.998 1409.86 1409.721 1409.582 1409.442 1409.141 1408.84 1408.539 1408.238 1407.861 1407.397 1406.933 1406.469 1406.004 1405.538 1405.071 1404.605 1404.138 1403.615 1402.99 1402.366 1401.742 1401.118 1400.756 1400.455 1400.154 1399.853 1399.631 1399.631 1399.631 1399.631 1399.631 1399.856 1400.174 1400.492 1400.809 1401.166 1401.724 1402.283 1402.842 1403.401 1403.96 1404.519 1405.078 1405.637 1406.188 1406.608 1407.029 1407.449 1407.869 1408.207 1408.465 1408.723 1408.981 1409.239 1409.518 1409.797 1410.077 1410.356 1410.522 1410.522 1410.522 1410.522 1410.522
1410.379 1410.346 1410.175 1410.005 1409.834 1409.662 1409.393 1409.124 1408.855 1408.587 1408.205 1407.693 1407.18 1406.667 1406.155 1405.694 1405.238 1404.783 1404.327 1403.794 1403.127 1402.46 1401.793 1401.126 1400.782 1400.513 1400.244 1399.976 1399.777 1399.777 1399.777 1399.777 1399.777 1400.037 1400.403 1400.769 1401.135 1401.533 1402.103 1402.673 1403.242 1403.812 1404.382 1404.951 1405.521 1406.091 1406.651 1407.049 1407.448 1407.847 1408.246 1408.595 1408.896 1409.197 1409.498 1409.799 1410.084 1410.369 1410.654 1410.939 1411.108 1411.108 1411.108 1411.108 1411.108
1410.724 1410.694 1410.491 1410.288 1410.085 1409.882 1409.645 1409.409 1409.172 1408.936 1408.549 1407.988 1407.427 1406.866 1406.306 1405.851 1405.405 1404.96 1404.515 1403.974 1403.264 1402.554 1401.844 1401.134 1400.808 1400.572 1400.335 1400.098 1399.924 1399.924 1399.924 1399.924 1399.924 1400.218 1400.632 1401.046 1401.461 1401.901 1402.482 1403.062 1403.643 1404.223 1404.803 1405.384 1405.964 1406.545 1407.113 1407.491 1407.868 1408.245 1408.623 1408.983 1409.327 1409.671 1410.015 1410.359 1410.651 1410.941 1411.232 1411.522 1411.694 1411.694 1411.694 1411.694 1411.694
1411.058 1411.026 1410.804 1410.582 1410.359 1410.137 1409.902 1409.666 1409.431 1409.196 1408.814 1408.261 1407.708 1407.156 1406.603 1406.149 1405.705 1405.26 1404.815 1404.273 1403.558 1402.844 1402.129 1401.415 1401.071 1400.812 1400.554 1400.296 1400.105 1400.105 1400.105 1400.105 1400.105 1400.428 1400.883 1401.338 1401.793 1402.27 1402.866 1403.463 1404.059 1404.655 1405.239 1405.815 1406.39 1406.966 1407.531 1407.912 1408.294 1408.676 1409.057 1409.44 1409.824 1410.208 1410.593 1410.977 1411.252 1411.522 1411.792 1412.062 1412.211 1412.186 1412.16 1412.135 1412.109
1411.381 1411.341 1411.113 1410.885 1410.657 1410.429 1410.162 1409.895 1409.627 1409.36 1408.993 1408.51 1408.027 1407.544 1407.061 1406.603 1406.148 1405.693 1405.237 1404.702 1404.025 1403.348 1402.671 1401.994 1401.591 1401.253 1400.914 1400.575 1400.325 1400.325 1400.325 1400.325 1400.325 1400.671 1401.158 1401.645 1402.132 1402.64 1403.258 1403.875 1404.493 1405.111 1405.69 1406.244 1406.798 1407.353 1407.899 1408.313 1408.726 1409.14 1409.554 1409.972 1410.394 1410.815 1411.237 1411.659 1411.889 1412.111 1412.332 1412.554 1412.654 1412.574 1412.495 1412.416 1412.336
1411.703 1411.655 1411.422 1411.189 1410.956 1410.722 1410.422 1410.123 1409.823 1409.524 1409.171 1408.758 1408.345 1407.932 1407.519 1407.057 1406.591 1406.125 1405.659 1405.13 1404.491 1403.851 1403.212 1402.573 1402.112 1401.693 1401.274 1400.854 1400.545 1400.545 1400.545 1400.545 1400.545 1400.913 1401.433 1401.952 1402.471 1403.01 1403.649 1404.288 1404.927 1405.566 1406.141 1406.673 1407.206 1407.739 1408.267 1408.713 1409.159 1409.605 1410.051 1410.504 1410.963 1411.422 1411.882 1412.341 1412.527 1412.7 1412.873 1413.047 1413.096 1412.963 1412.83 1412.697 1412.564
1412.025 1411.969 1411.731 1411.492 1411.254 1411.014 1410.682 1410.351 1410.019 1409.687 1409.35 1409.007 1408.664 1408.32 1407.977 1407.512 1407.035 1406.558 1406.081 1405.559 1404.957 1404.355 1403.753 1403.152 1402.633 1402.133 1401.633 1401.134 1400.764 1400.764 1400.764 1400.764 1400.764 1401.156 1401.707 1402.259 1402.81 1403.379 1404.04 1404.7 1405.361 1406.022 1406.591 1407.103 1407.614 1408.125 1408.635 1409.113 1409.591 1410.07 1410.548 1411.036 1411.532 1412.029 1412.526 1413.023 1413.164 1413.289 1413.414 1413.539 1413.538 1413.351 1413.165 1412.978 1412.791
1412.347 1412.284 1412.04 1411.796 1411.552 1411.307 1410.943 1410.579 1410.215 1409.851 1409.529 1409.255 1408.982 1408.708 1408.435 1407.966 1407.478 1406.991 1406.503 1405.988 1405.423 1404.859 1404.295 1403.73 1403.153 1402.573 1401.993 1401.413 1400.984 1400.984 1400.984 1400.984 1400.984 1401.399 1401.982 1402.566 1403.15 1403.749 1404.431 1405.113 1405.795 1406.477 1407.042 1407.532 1408.022 1408.512 1409.003 1409.513 1410.024 1410.534 1411.045 1411.567 1412.102 1412.636 1413.171 1413.705 1413.802 1413.878 1413.955 1414.032 1413.98 1413.74 1413.499 1413.259 1413.019
1412.52 1412.496 1412.307 1412.117 1411.928 1411.736 1411.415 1411.093 1410.772 1410.45 1410.144 1409.856 1409.567 1409.279 1408.99 1408.542 1408.079 1407.615 1407.152 1406.651 1406.084 1405.518 1404.951 1404.385 1403.815 1403.244 1402.672 1402.101 1401.679 1401.679 1401.679 1401.679 1401.679 1402.085 1402.656 1403.227 1403.798 1404.389 1405.082 1405.776 1406.469 1407.163 1407.726 1408.204 1408.682 1409.161 1409.641 1410.154 1410.667 1411.179 1411.692 1412.207 1412.724 1413.242 1413.759 1414.276 1414.354 1414.413 1414.471 1414.529 1414.449 1414.165 1413.881 1413.597 1413.313
1412.682 1412.7 1412.57 1412.439 1412.309 1412.177 1411.903 1411.63 1411.357 1411.084 1410.794 1410.484 1410.174 1409.864 1409.554 1409.128 1408.692 1408.255 1407.818 1407.333 1406.761 1406.189 1405.617 1405.045 1404.487 1403.932 1403.377 1402.822 1402.412 1402.412 1402.412 1402.412 1402.412 1402.806 1403.361 1403.916 1404.471 1405.05 1405.754 1406.458 1407.163 1407.867 1408.427 1408.895 1409.363 1409.83 1410.3 1410.813 1411.326 1411.839 1412.351 1412.856 1413.351 1413.847 1414.343 1414.839 1414.901 1414.943 1414.985 1415.027 1414.92 1414.593 1414.266 1413.939 1413.612
1412.843 1412.904 1412.833 1412.762 1412.69 1412.617 1412.392 1412.167 1411.942 1411.717 1411.443 1411.111 1410.78 1410.449 1410.117 1409.714 1409.304 1408.895 1408.485 1408.014 1407.437 1406.86 1406.283 1405.705 1405.159 1404.62 1404.082 1403.543 1403.144 1403.144 1403.144 1403.144 1403.144 1403.527 1404.066 1404.605 1405.144 1405.711 1406.426 1407.141 1407.856 1408.571 1409.129 1409.586 1410.043 1410.5 1410.96 1411.472 1411.985 1412.498 1413.011 1413.504 1413.978 1414.453 1414.927 1415.401 1415.447 1415.473 1415.499 1415.525 1415.391 1415.021 1414.651 1414.281 1413.911
1413.005 1413.109 1413.096 1413.084 1413.072 1413.057 1412.88 1412.704 1412.527 1412.35 1412.092 1411.739 1411.386 1411.034 1410.681 1410.3 1409.917 1409.534 1409.151 1408.696 1408.114 1407.531 1406.948 1406.366 1405.832 1405.309 1404.786 1404.263 1403.877 1403.877 1403.877 1403.877 1403.877 1404.248 1404.771 1405.294 1405.816 1406.371 1407.097 1407.823 1408.549 1409.275 1409.83 1410.276 1410.723 1411.169 1411.619 1412.132 1412.644 1413.157 1413.67 1414.152 1414.605 1415.058 1415.511 1415.964 1415.993 1416.003 1416.013 1416.023 1415.861 1415.449 1415.036 1414.623 1414.211
1413.221 1413.368 1413.415 1413.462 1413.508 1413.552 1413.399 1413.247 1413.094 1412.942 1412.698 1412.35 1412.002 1411.654 1411.306 1410.942 1410.575 1410.209 1409.843 1409.404 1408.836 1408.268 1407.7 1407.132 1406.614 1406.108 1405.601 1405.094 1404.72 1404.72 1404.72 1404.72 1404.72 1405.08 1405.586 1406.093 1406.599 1407.139 1407.854 1408.568 1409.282 1409.996 1410.543 1410.983 1411.422 1411.862 1412.305 1412.806 1413.306 1413.807 1414.307 1414.774 1415.207 1415.641 1416.074 1416.508 1416.526 1416.526 1416.526 1416.526 1416.351 1415.917 1415.484 1415.05 1414.617
