data/zism_data/00366_01_D.txt
ncols         224
nrows         224
[rows 112 to 139 of 224, columns 128 to 191 of 224]
942.6276 941.593 940.5584 939.9221 940.4144 940.9066 941.3989 941.8911 943.363 945.207 947.0511 948.8951 950.4153 950.5405 950.6656 950.7906 950.9158 948.9756 945.9341 942.8925 939.8509 936.9105 934.7413 932.5721 930.403 928.2339 927.2651 927.1666 927.068 926.9695 926.8659 926.6519 926.4378 926.2237 926.0096 925.9673 926.0918 926.2162 926.3408 926.4652 930.1771 933.9961 937.8151 941.6341 946.3669 952.2877 958.2084 964.1292 970.05 974.6587 979.1192 983.5797 988.0402 991.1277 991.7987 992.4697 993.1407 993.8116 990.9402 987.3229 983.7057 980.0885 975.9814 970.6741
949.812 948.5574 947.3027 946.4875 946.9175 947.3475 947.7775 948.2074 949.5473 951.233 952.9187 954.6044 955.9456 955.8032 955.6607 955.5182 955.3758 953.3929 950.4284 947.4639 944.4993 941.6207 939.3965 937.1724 934.9482 932.7241 931.6323 931.3615 931.0906 930.8197 930.5518 930.3488 930.1459 929.9429 929.74 929.7056 929.835 929.9644 930.0938 930.2233 933.5383 936.9485 940.3587 943.7689 948.0759 953.5489 959.0217 964.4947 969.9677 974.3318 978.5708 982.8098 987.0487 990.0026 990.6946 991.3867 992.0787 992.7708 990.1413 986.8126 983.4838 980.1552 976.3683 971.4592
956.1986 954.7496 953.3006 952.3347 952.7376 953.1406 953.5436 953.9465 955.2712 956.9461 958.621 960.2958 961.5622 961.0688 960.5753 960.0819 959.5884 957.561 954.7152 951.8695 949.0238 946.2445 943.9717 941.699 939.4263 937.1535 935.9693 935.5742 935.1791 934.7841 934.3992 934.2395 934.0798 933.92 933.7603 933.7253 933.8115 933.8977 933.9839 934.0701 936.9278 939.8682 942.8085 945.749 949.5134 954.3492 959.1849 964.0208 968.8566 972.9426 976.944 980.9454 984.9468 987.7765 988.5442 989.3118 990.0795 990.8471 988.485 985.4641 982.4431 979.4222 976.0214 971.6899
962.585 960.9417 959.2982 958.1816 958.5576 958.9335 959.3095 959.6855 960.9949 962.659 964.3231 965.9872 967.1786 966.3342 965.4898 964.6454 963.801 961.7289 959.002 956.275 953.548 950.8682 948.5468 946.2255 943.9041 941.5828 940.3062 939.7869 939.2676 938.7484 938.2466 938.1301 938.0135 937.897 937.7805 937.7449 937.7878 937.8309 937.8739 937.9169 940.3171 942.7878 945.2584 947.7289 950.9509 955.1495 959.3481 963.5468 967.7455 971.5534 975.3173 979.0811 982.8449 985.5505 986.3937 987.237 988.0803 988.9235 986.8288 984.1156 981.4024 978.6893 975.6745 971.9208
968.9717 967.1339 965.2961 964.0287 964.3777 964.7267 965.0757 965.4246 966.7188 968.3721 970.0254 971.6786 972.7952 971.5999 970.4044 969.209 968.0136 965.8969 963.2888 960.6806 958.0725 955.4919 953.122 950.7521 948.3821 946.0122 944.6431 943.9997 943.3562 942.7128 942.0941 942.0208 941.9474 941.8741 941.8008 941.7645 941.7643 941.7642 941.764 941.7639 943.7066 945.7074 947.7083 949.709 952.3884 955.9499 959.5114 963.0729 966.6344 970.1642 973.6904 977.2167 980.7429 983.3245 984.2433 985.1621 986.081 986.9998 985.1725 982.7671 980.3617 977.9563 975.3276 972.1516
975.3581 973.3259 971.2937 969.8756 970.1976 970.5196 970.8416 971.1636 972.4424 974.085 975.7275 977.37 978.4117 976.8653 975.3189 973.7725 972.2261 970.0648 967.5755 965.0861 962.5967 960.1156 957.6971 955.2786 952.86 950.4415 948.98 948.2123 947.4446 946.677 945.9414 945.9113 945.8812 945.851 945.8209 945.7841 945.7407 945.6973 945.654 945.6106 947.096 948.627 950.158 951.689 953.8259 956.7502 959.6746 962.5989 965.5234 968.775 972.0637 975.3524 978.6411 981.0984 982.0929 983.0873 984.0818 985.0762 983.5163 981.4186 979.321 977.2234 974.9807 972.3824
979.6429 977.7638 975.8846 974.569 974.8499 975.1308 975.4117 975.6926 976.8536 978.3492 979.8447 981.3403 982.2682 980.7512 979.2342 977.7171 976.2001 974.0682 971.6085 969.1487 966.689 964.225 961.7297 959.2344 956.7391 954.2438 952.738 951.9494 951.1608 950.3723 949.6215 949.7003 949.7791 949.8578 949.9367 949.9745 949.9724 949.9704 949.9683 949.9663 951.1426 952.3541 953.5656 954.777 956.5501 959.0533 961.5565 964.0597 966.5629 969.4572 972.3955 975.3339 978.2723 980.5048 981.4951 982.4852 983.4755 984.4657 983.2369 981.5409 979.8449 978.149 976.3644 974.3628
983.6123 981.9384 980.2644 979.0892 979.3268 979.5645 979.8022 980.0399 981.0678 982.396 983.7241 985.0523 985.8607 984.43 982.9994 981.5687 980.1381 978.0469 975.6033 973.1597 970.7161 968.2572 965.6809 963.1046 960.5283 957.952 956.4089 955.615 954.821 954.027 953.2762 953.4738 953.6714 953.869 954.0666 954.1904 954.2423 954.2943 954.3462 954.3981 955.2877 956.2021 957.1166 958.0311 959.4673 961.5817 963.6962 965.8106 967.925 970.4499 973.0211 975.5923 978.1636 980.1561 981.1301 982.1041 983.0781 984.0521 983.1639 981.8838 980.6036 979.3234 978.0078 976.6055
987.5818 986.113 984.6443 983.6094 983.804 983.9984 984.1929 984.3874 985.2821 986.4429 987.6036 988.7644 989.4532 988.1089 986.7647 985.4205 984.0762 982.0256 979.5982 977.1708 974.7435 972.2894 969.6321 966.9749 964.3176 961.6603 960.08 959.2807 958.4813 957.6819 956.9312 957.2475 957.5639 957.8803 958.1967 958.4064 958.5123 958.6183 958.7242 958.8302 959.4328 960.0503 960.6678 961.2853 962.3846 964.1102 965.8359 967.5615 969.2872 971.4427 973.6467 975.8508 978.0548 979.8073 980.7651 981.723 982.6807 983.6385 983.0911 982.2266 981.3622 980.4978 979.6512 978.8483
991.5511 990.2876 989.0241 988.1296 988.2809 988.4322 988.5834 988.7347 989.4963 990.4896 991.483 992.4764 993.0456 991.7878 990.5299 989.272 988.0142 986.0042 983.593 981.1818 978.7707 976.3216 973.5833 970.845 968.1067 965.3684 963.751 962.9463 962.1415 961.3367 960.5859 961.0211 961.4563 961.8915 962.3267 962.6222 962.7822 962.9421 963.1021 963.262 963.5779 963.8984 964.2188 964.5393 965.3017 966.6386 967.9755 969.3124 970.6493 972.4354 974.2723 976.1092 977.946 979.4586 980.4001 981.3418 982.2834 983.225 983.0181 982.5695 982.1208 981.6722 981.2946 981.0909
994.6238 993.5798 992.5359 991.7939 991.9073 992.0209 992.1343 992.2478 992.8711 993.6881 994.5051 995.3221 995.7695 994.6251 993.4806 992.3361 991.1917 989.2587 986.9051 984.5515 982.1979 979.7966 977.0313 974.266 971.5007 968.7354 967.1046 966.2963 965.4879 964.6796 963.9304 964.4825 965.0347 965.5869 966.139 966.5471 966.815 967.0829 967.3509 967.6188 967.763 967.9035 968.0439 968.1844 968.698 969.6965 970.6951 971.6936 972.6921 974.1188 975.5939 977.069 978.5441 979.8071 980.6965 981.5859 982.4753 983.3647 983.4462 983.3575 983.2688 983.1801 983.187 983.4279
995.903 995.1074 994.3119 993.7464 993.8329 993.9194 994.0059 994.0923 994.5673 995.1899 995.8125 996.4351 996.7563 995.7792 994.8022 993.8251 992.8481 991.0649 988.8517 986.6385 984.4252 982.1575 979.4731 976.7889 974.1046 971.4203 969.8235 969.0151 968.2068 967.3984 966.6542 967.3197 967.9853 968.6509 969.3164 969.8898 970.3738 970.8577 971.3417 971.8256 972.0284 972.223 972.4174 972.6119 973.0527 973.8136 974.5745 975.3355 976.0964 977.1837 978.3079 979.4319 980.5561 981.5502 982.3154 983.0806 983.8458 984.6111 984.8761 985.0358 985.1955 985.3552 985.5776 985.9536
997.1821 996.6349 996.0878 995.6989 995.7584 995.8178 995.8773 995.9368 996.2635 996.6917 997.1199 997.5481 997.7431 996.9334 996.1238 995.3141 994.5044 992.871 990.7982 988.7253 986.6525 984.5182 981.9149 979.3116 976.7083 974.105 972.5423 971.7339 970.9256 970.1172 969.3779 970.1569 970.9358 971.7147 972.4937 973.2325 973.9325 974.6324 975.3323 976.0322 976.2938 976.5422 976.7907 977.0392 977.4072 977.9305 978.4539 978.9773 979.5007 980.2485 981.0217 981.7948 982.5679 983.2932 983.9343 984.5753 985.2163 985.8574 986.306 986.7141 987.1221 987.5302 987.9681 988.479
998.4613 998.1625 997.8638 997.6514 997.6838 997.7163 997.7488 997.7813 997.9597 998.1935 998.4273 998.6611 998.7299 998.0876 997.4454 996.8031 996.1608 994.6771 992.7448 990.8123 988.8799 986.8791 984.3568 981.8345 979.3122 976.7899 975.2612 974.4528 973.6445 972.8361 972.1017 972.994 973.8864 974.7787 975.6711 976.5754 977.4913 978.4072 979.3231 980.239 980.5592 980.8617 981.1642 981.4667 981.7619 982.0477 982.3334 982.6192 982.905 983.3134 983.7355 984.1577 984.5799 985.0364 985.5532 986.07 986.5869 987.1037 987.7358 988.3923 989.0488 989.7053 990.3587 991.0046
999.7404 999.6901 999.6396 999.6038 999.6093 999.6148 999.6202 999.6257 999.6558 999.6953 999.7347 999.7742 999.7167 999.2418 998.7669 998.2921 997.8171 996.4833 994.6912 992.8992 991.1071 989.2398 986.7985 984.3572 981.9159 979.4746 977.98 977.1716 976.3632 975.5549 974.8254 975.8312 976.8369 977.8427 978.8484 979.9181 981.05 982.1818 983.3137 984.4456 984.8245 985.181 985.5375 985.894 986.1164 986.1646 986.2128 986.261 986.3093 986.3781 986.4493 986.5206 986.5917 986.7794 987.1721 987.5647 987.9573 988.35 989.1657 990.0706 990.9755 991.8803 992.7492 993.5302
999.2507 999.4529 999.6553 999.816 999.859 999.9021 999.9451 999.9882 999.9813 999.9554 999.9296 999.9038 999.79 999.2975 998.8049 998.3123 997.8198 996.5488 994.8627 993.1767 991.4906 989.7438 987.5341 985.3245 983.1148 980.9052 979.5977 978.9443 978.2908 977.6375 977.0596 978.1443 979.229 980.3137 981.3984 982.549 983.7634 984.9778 986.1923 987.4067 987.8154 988.2 988.5847 988.9693 989.1568 989.088 989.019 988.9502 988.8813 988.7815 988.6782 988.575 988.4716 988.4905 988.7245 988.9586 989.1926 989.4265 990.2066 991.1016 991.9966 992.8916 993.7402 994.4753
998.3106 998.7667 999.2227 999.5851 999.6822 999.7792 999.8763 999.9733 999.9578 999.8996 999.8414 999.7831 999.6309 999.0735 998.5162 997.9588 997.4014 996.1713 994.5825 992.9935 991.4047 989.7751 987.8354 985.8957 983.956 982.0163 980.935 980.476 980.017 979.558 979.1691 980.324 981.4789 982.6338 983.7887 984.9985 986.2615 987.5245 988.7875 990.0506 990.4817 990.8879 991.2942 991.7004 991.8625 991.7073 991.552 991.3967 991.2415 991.0165 990.7836 990.5507 990.3178 990.1934 990.2601 990.3267 990.3932 990.4599 991.1484 991.9678 992.7872 993.6066 994.3749 995.0183
997.3705 998.0804 998.7902 999.3543 999.5054 999.6564 999.8074 999.9584 999.9343 999.8438 999.7531 999.6625 999.4717 998.8495 998.2274 997.6052 996.983 995.7938 994.3021 992.8104 991.3187 989.8064 988.1367 986.467 984.7972 983.1275 982.2724 982.0078 981.7432 981.4786 981.2787 982.5038 983.7289 984.954 986.1791 987.4481 988.7597 990.0713 991.3829 992.6946 993.1481 993.5759 994.0037 994.4316 994.5684 994.3267 994.085 993.8434 993.6017 993.2515 992.889 992.5266 992.1641 991.8964 991.7956 991.6948 991.5941 991.4932 992.0902 992.834 993.5778 994.3216 995.0097 995.5613
996.4304 997.3941 998.3577 999.1235 999.3285 999.5335 999.7385 999.9435 999.9109 999.7878 999.6649 999.5418 999.3126 998.6256 997.9387 997.2516 996.5647 995.4163 994.0218 992.6273 991.2328 989.8377 988.438 987.0382 985.6384 984.2387 983.6097 983.5395 983.4693 983.3991 983.3882 984.6835 985.9788 987.274 988.5693 989.8976 991.2578 992.618 993.9783 995.3385 995.8143 996.2638 996.7132 997.1627 997.274 996.946 996.618 996.2899 995.9619 995.4865 994.9944 994.5023 994.0103 993.5993 993.3311 993.0629 992.7948 992.5266 993.032 993.7002 994.3684 995.0366 995.6444 996.1042
995.0097 996.3046 997.5995 998.6364 998.9419 999.2474 999.5529 999.8583 999.8248 999.6623 999.4999 999.3374 999.0671 998.3323 997.5974 996.8625 996.1277 995.0306 993.7404 992.4501 991.1599 989.8859 988.7364 987.5869 986.4374 985.2879 984.8678 984.9765 985.0852 985.1939 985.3568 986.7109 988.0652 989.4194 990.7736 992.1512 993.5516 994.952 996.3523 997.7527 998.2028 998.6245 999.0463 999.468 999.5237 999.1036 998.6836 998.2635 997.8434 997.2903 996.7222 996.1541 995.5859 995.0832 994.6955 994.3078 993.9202 993.5325 993.9407 994.5164 995.0921 995.6678 996.1817 996.5441
992.2274 994.0731 995.9188 997.4233 997.961 998.4987 999.0363 999.574 999.5613 999.3394 999.1176 998.8958 998.5773 997.8424 997.1075 996.3727 995.6378 994.6218 993.4557 992.2896 991.1235 989.9819 989.0268 988.0717 987.1166 986.1615 985.9013 986.145 986.3887 986.6324 986.9255 988.3068 989.6879 991.0692 992.4503 993.8495 995.2661 996.6826 998.0992 999.5158 999.8038 1000.058 1000.313 1000.567 1000.481 999.9529 999.4249 998.8969 998.3688 997.8726 997.3801 996.8876 996.395 995.9464 995.5749 995.2034 994.8319 994.4604 994.7554 995.1908 995.6261 996.0615 996.4427 996.6917
989.4449 991.8414 994.238 996.2101 996.98 997.7499 998.5197 999.2896 999.2978 999.0165 998.7353 998.454 998.0873 997.3525 996.6176 995.8828 995.1479 994.2129 993.171 992.1291 991.0872 990.0779 989.3173 988.5565 987.7958 987.0351 986.9349 987.3136 987.6923 988.071 988.4944 989.9026 991.3108 992.719 994.1272 995.5479 996.9807 998.4134 999.8462 1001.279 1001.405 1001.492 1001.579 1001.666 1001.438 1000.802 1000.166 999.5302 998.8941 998.455 998.038 997.6211 997.2042 996.8095 996.4542 996.0989 995.7437 995.3884 995.5703 995.8652 996.1602 996.4551 996.7039 996.8394
986.6626 989.6099 992.5572 994.9971 995.9991 997.0012 998.0032 999.0052 999.0343 998.6937 998.353 998.0124 997.5975 996.8626 996.1277 995.3929 994.6581 993.804 992.8863 991.9686 991.051 990.174 989.6077 989.0413 988.475 987.9086 987.9684 988.4821 988.9958 989.5095 990.0632 991.4984 992.9336 994.3688 995.804 997.2462 998.6951 1000.144 1001.593 1003.042 1003.006 1002.925 1002.845 1002.765 1002.396 1001.652 1000.908 1000.164 999.4194 999.0372 998.6959 998.3546 998.0132 997.6727 997.3336 996.9945 996.6555 996.3163 996.3851 996.5396 996.6942 996.8488 996.9649 996.9871
983.8801 987.3783 990.8763 993.7839 995.0182 996.2524 997.4866 998.7208 998.7708 998.3708 997.9708 997.5707 997.1076 996.3727 995.6379 994.903 994.1682 993.3951 992.6016 991.8081 991.0146 990.27 989.8981 989.5261 989.1542 988.7822 989.002 989.6506 990.2993 990.948 991.6321 993.0942 994.5564 996.0186 997.4808 998.9445 1000.41 1001.875 1003.34 1004.805 1004.607 1004.359 1004.111 1003.863 1003.353 1002.501 1001.649 1000.797 999.9448 999.6196 999.3538 999.0881 998.8223 998.5359 998.213 997.8901 997.5672 997.2443 997.1999 997.2141 997.2282 997.2424 997.226 997.1348
979.2134 983.2311 987.2486 990.6313 992.2151 993.7989 995.3827 996.9664 997.1746 996.8599 996.5452 996.2305 995.8611 995.2553 994.6496 994.0439 993.4382 992.8497 992.2704 991.691 991.1118 990.5727 990.3403 990.108 989.8756 989.6433 989.9478 990.6415 991.3351 992.0288 992.7609 994.3361 995.9114 997.4866 999.0619 1000.625 1002.177 1003.729 1005.281 1006.832 1006.41 1005.928 1005.446 1004.964 1004.242 1003.208 1002.174 1001.139 1000.105 999.8362 999.6538 999.4715 999.2892 999.0674 998.7764 998.4854 998.1943 997.9033 997.8066 997.7508 997.695 997.6392 997.5664 997.4517
973.8307 978.3559 982.881 986.7418 988.7197 990.6976 992.6755 994.6534 995.0718 994.8976 994.7233 994.549 994.327 993.8995 993.472 993.0444 992.6169 992.2524 991.9214 991.5905 991.2596 990.9539 990.8403 990.7267 990.6132 990.4996 990.8603 991.5648 992.2693 992.9738 993.7225 995.4435 997.1646 998.8856 1000.607 1002.299 1003.965 1005.63 1007.295 1008.96 1008.289 1007.548 1006.807 1006.066 1005.106 1003.861 1002.616 1001.371 1000.126 999.9138 999.8179 999.7219 999.626 999.473 999.2198 998.9666 998.7133 998.4601 998.3343 998.2353 998.1363 998.0373 997.9369 997.8331
968.4478 973.4806 978.5133 982.852 985.2241 987.5962 989.9683 992.3404 992.9691 992.9352 992.9013 992.8674 992.7929 992.5436 992.2943 992.045 991.7957 991.6551 991.5725 991.4899 991.4074 991.335 991.3403 991.3455 991.3508 991.356 991.7729 992.4882 993.2034 993.9187 994.6841 996.5509 998.4178 1000.285 1002.151 1003.974 1005.752 1007.531 1009.309 1011.088 1010.168 1009.168 1008.168 1007.168 1005.97 1004.514 1003.059 1001.603 1000.148 999.9914 999.9819 999.9723 999.9628 999.8786 999.6632 999.4478 999.2323 999.0169 998.8619 998.7198 998.5776 998.4354 998.3074 998.2144
963.0651 968.6055 974.1458 978.9624 981.7287 984.4949 987.2612 990.0275 990.8663 990.9728 991.0793 991.1859 991.2589 991.1877 991.1166 991.0455 990.9744 991.0577 991.2236 991.3894 991.5552 991.7162 991.8402 991.9642 992.0883 992.2123 992.6854 993.4115 994.1376 994.8636 995.6457 997.6583 999.671 1001.684 1003.696 1005.648 1007.54 1009.432 1011.324 1013.216 1012.048 1010.788 1009.529 1008.27 1006.833 1005.167 1003.501 1001.835 1000.169 1000.069 1000.146 1000.223 1000.3 1000.284 1000.107 999.929 999.7513 999.5737 999.3896 999.2042 999.0189 998.8334 998.678 998.5957
