data/zism_data/00360_01_D.txt
ncols         224
nrows         224
[rows 196 to 223 of 224, columns 0 to 62 of 224]
1236.295 1238.98 1241.666 1244.351 1247.127 1250.14 1253.153 1256.166 1259.179 1260.453 1261.113 1261.773 1262.432 1262.787 1261.944 1261.101 1260.258 1259.414 1259.355 1259.687 1260.02 1260.352 1261.044 1264.136 1267.227 1270.319 1273.41 1275.952 1278.117 1280.283 1282.449 1284.326 1281.508 1278.691 1275.873 1273.056 1270.501 1268.186 1265.871 1263.556 1261.241 1260.939 1260.667 1260.395 1260.122 1259.998 1260.057 1260.115 1260.173 1260.231 1260.381 1260.54 1260.698 1260.857 1260.763 1260.254 1259.744 1259.235 1258.725 1258.007 1257.249 1256.49 1255.732
1237.743 1240.494 1243.244 1245.994 1248.882 1252.133 1255.383 1258.634 1261.885 1263.416 1264.341 1265.265 1266.19 1266.774 1266.023 1265.271 1264.52 1263.768 1263.8 1264.225 1264.649 1265.073 1265.865 1269.114 1272.362 1275.61 1278.858 1281.267 1283.103 1284.94 1286.776 1288.338 1285.451 1282.563 1279.676 1276.788 1274.137 1271.704 1269.27 1266.836 1264.403 1263.987 1263.602 1263.216 1262.83 1262.539 1262.365 1262.192 1262.018 1261.844 1261.801 1261.77 1261.74 1261.709 1261.468 1260.877 1260.287 1259.696 1259.106 1258.293 1257.437 1256.582 1255.726
1239.192 1242.007 1244.822 1247.637 1250.638 1254.126 1257.614 1261.102 1264.591 1266.38 1267.569 1268.758 1269.947 1270.761 1270.101 1269.441 1268.782 1268.122 1268.246 1268.762 1269.278 1269.794 1270.687 1274.091 1277.496 1280.901 1284.305 1286.582 1288.089 1289.596 1291.103 1292.351 1289.394 1286.436 1283.478 1280.52 1277.774 1275.222 1272.669 1270.117 1267.564 1267.035 1266.536 1266.037 1265.538 1265.081 1264.674 1264.268 1263.862 1263.456 1263.22 1263.001 1262.781 1262.562 1262.172 1261.5 1260.829 1260.158 1259.486 1258.578 1257.626 1256.673 1255.72
1240.854 1243.779 1246.705 1249.631 1252.768 1256.464 1260.159 1263.854 1267.549 1269.566 1270.99 1272.415 1273.839 1274.863 1274.315 1273.767 1273.219 1272.671 1272.88 1273.467 1274.053 1274.64 1275.593 1278.99 1282.387 1285.784 1289.181 1291.248 1292.408 1293.568 1294.728 1295.65 1292.694 1289.739 1286.784 1283.829 1281.057 1278.454 1275.851 1273.248 1270.645 1269.994 1269.372 1268.75 1268.128 1267.507 1266.888 1266.268 1265.649 1265.029 1264.604 1264.196 1263.789 1263.382 1262.834 1262.056 1261.278 1260.5 1259.721 1258.718 1257.672 1256.625 1255.579
1243.282 1246.483 1249.684 1252.885 1256.249 1260.041 1263.834 1267.626 1271.419 1273.557 1275.11 1276.664 1278.218 1279.383 1279.019 1278.654 1278.29 1277.926 1278.192 1278.773 1279.354 1279.935 1280.806 1283.603 1286.401 1289.198 1291.996 1293.576 1294.326 1295.076 1295.825 1296.375 1293.685 1290.994 1288.303 1285.613 1283.069 1280.661 1278.252 1275.843 1273.434 1272.632 1271.854 1271.075 1270.297 1269.524 1268.759 1267.993 1267.228 1266.463 1265.857 1265.266 1264.675 1264.084 1263.347 1262.369 1261.391 1260.413 1259.435 1258.331 1257.204 1256.077 1254.949
1245.71 1249.186 1252.662 1256.139 1259.729 1263.619 1267.508 1271.398 1275.288 1277.547 1279.23 1280.914 1282.597 1283.902 1283.722 1283.541 1283.36 1283.179 1283.503 1284.079 1284.655 1285.231 1286.018 1288.216 1290.414 1292.613 1294.811 1295.904 1296.244 1296.583 1296.922 1297.101 1294.675 1292.249 1289.823 1287.397 1285.081 1282.867 1280.652 1278.438 1276.224 1275.27 1274.335 1273.4 1272.465 1271.541 1270.629 1269.718 1268.807 1267.896 1267.11 1266.335 1265.561 1264.786 1263.86 1262.682 1261.504 1260.326 1259.148 1257.945 1256.737 1255.528 1254.32
1248.138 1251.889 1255.641 1259.393 1263.209 1267.196 1271.183 1275.17 1279.157 1281.537 1283.35 1285.163 1286.976 1288.422 1288.425 1288.428 1288.431 1288.434 1288.815 1289.385 1289.956 1290.526 1291.231 1292.83 1294.428 1296.027 1297.626 1298.232 1298.161 1298.09 1298.019 1297.827 1295.665 1293.504 1291.342 1289.181 1287.093 1285.073 1283.053 1281.033 1279.013 1277.908 1276.817 1275.725 1274.633 1273.557 1272.5 1271.443 1270.386 1269.329 1268.363 1267.405 1266.447 1265.488 1264.372 1262.995 1261.617 1260.239 1258.862 1257.558 1256.269 1254.98 1253.69
1250.566 1254.593 1258.62 1262.647 1266.69 1270.774 1274.858 1278.942 1283.026 1285.527 1287.47 1289.413 1291.355 1292.942 1293.128 1293.315 1293.501 1293.688 1294.126 1294.691 1295.256 1295.822 1296.443 1297.443 1298.442 1299.442 1300.441 1300.56 1300.079 1299.597 1299.116 1298.552 1296.655 1294.759 1292.862 1290.965 1289.105 1287.28 1285.454 1283.628 1281.803 1280.546 1279.298 1278.05 1276.801 1275.573 1274.371 1273.168 1271.965 1270.763 1269.616 1268.474 1267.332 1266.191 1264.885 1263.307 1261.73 1260.153 1258.575 1257.172 1255.802 1254.431 1253.061
1253.25 1257.56 1261.87 1266.179 1270.396 1274.368 1278.339 1282.311 1286.283 1288.788 1290.776 1292.763 1294.751 1296.423 1296.856 1297.288 1297.721 1298.153 1298.626 1299.12 1299.613 1300.107 1300.594 1301.042 1301.49 1301.938 1302.386 1302.09 1301.286 1300.483 1299.679 1298.823 1297.11 1295.396 1293.683 1291.97 1290.348 1288.808 1287.269 1285.73 1284.191 1282.813 1281.437 1280.062 1278.686 1277.278 1275.831 1274.383 1272.935 1271.487 1270.135 1268.791 1267.447 1266.104 1264.635 1262.961 1261.287 1259.613 1257.938 1256.532 1255.176 1253.821 1252.465
1256.054 1260.65 1265.246 1269.842 1274.208 1277.969 1281.73 1285.491 1289.252 1291.707 1293.7 1295.693 1297.686 1299.418 1300.126 1300.834 1301.542 1302.25 1302.746 1303.137 1303.528 1303.919 1304.249 1304.167 1304.086 1304.005 1303.923 1303.246 1302.161 1301.077 1299.993 1298.88 1297.313 1295.745 1294.178 1292.611 1291.23 1290.02 1288.81 1287.6 1286.39 1284.906 1283.417 1281.928 1280.439 1278.838 1277.098 1275.359 1273.62 1271.88 1270.31 1268.755 1267.201 1265.647 1264.029 1262.306 1260.583 1258.861 1257.138 1255.774 1254.477 1253.181 1251.885
1258.858 1263.74 1268.623 1273.505 1278.021 1281.571 1285.121 1288.672 1292.222 1294.626 1296.624 1298.623 1300.621 1302.414 1303.397 1304.38 1305.363 1306.347 1306.867 1307.155 1307.443 1307.732 1307.903 1307.292 1306.682 1306.071 1305.461 1304.402 1303.037 1301.671 1300.306 1298.938 1297.516 1296.094 1294.673 1293.251 1292.112 1291.231 1290.351 1289.47 1288.59 1286.998 1285.396 1283.794 1282.192 1280.397 1278.366 1276.335 1274.304 1272.273 1270.485 1268.72 1266.955 1265.19 1263.423 1261.652 1259.88 1258.109 1256.337 1255.015 1253.778 1252.541 1251.305
1261.662 1266.831 1271.999 1277.168 1281.833 1285.172 1288.512 1291.852 1295.192 1297.544 1299.548 1301.552 1303.556 1305.409 1306.667 1307.926 1309.185 1310.443 1310.987 1311.172 1311.358 1311.544 1311.557 1310.417 1309.277 1308.138 1306.998 1305.558 1303.912 1302.266 1300.62 1298.995 1297.719 1296.443 1295.168 1293.892 1292.994 1292.443 1291.892 1291.341 1290.79 1289.091 1287.375 1285.66 1283.944 1281.956 1279.633 1277.311 1274.988 1272.666 1270.66 1268.685 1266.709 1264.734 1262.817 1260.997 1259.177 1257.357 1255.537 1254.257 1253.079 1251.902 1250.724
1264.076 1269.534 1274.993 1280.451 1285.282 1288.461 1291.639 1294.818 1297.996 1300.32 1302.342 1304.364 1306.385 1308.305 1309.824 1311.344 1312.863 1314.382 1314.959 1315.066 1315.172 1315.279 1315.16 1313.534 1311.908 1310.282 1308.657 1306.862 1304.951 1303.041 1301.131 1299.264 1298.105 1296.946 1295.787 1294.628 1293.931 1293.659 1293.386 1293.114 1292.841 1291.027 1289.19 1287.353 1285.516 1283.33 1280.716 1278.102 1275.488 1272.874 1270.66 1268.484 1266.308 1264.132 1262.079 1260.227 1258.376 1256.524 1254.673 1253.455 1252.357 1251.26 1250.162
1264.183 1269.954 1275.726 1281.498 1286.591 1289.9 1293.208 1296.516 1299.824 1302.249 1304.363 1306.476 1308.59 1310.618 1312.31 1314.002 1315.694 1317.386 1318.061 1318.227 1318.393 1318.559 1318.461 1316.603 1314.745 1312.887 1311.029 1309.04 1306.963 1304.885 1302.807 1300.779 1299.566 1298.353 1297.14 1295.927 1295.194 1294.9 1294.605 1294.311 1294.017 1292.038 1290.033 1288.029 1286.025 1283.616 1280.71 1277.804 1274.899 1271.993 1269.625 1267.309 1264.993 1262.677 1260.562 1258.781 1257.0 1255.218 1253.437 1252.398 1251.5 1250.603 1249.705
1264.29 1270.375 1276.46 1282.545 1287.901 1291.339 1294.776 1298.214 1301.652 1304.179 1306.384 1308.589 1310.795 1312.931 1314.796 1316.661 1318.525 1320.39 1321.162 1321.387 1321.613 1321.838 1321.762 1319.672 1317.581 1315.491 1313.401 1311.219 1308.974 1306.729 1304.483 1302.295 1301.028 1299.761 1298.494 1297.227 1296.456 1296.14 1295.825 1295.509 1295.193 1293.048 1290.877 1288.705 1286.533 1283.901 1280.704 1277.507 1274.309 1271.112 1268.591 1266.134 1263.678 1261.221 1259.045 1257.334 1255.623 1253.912 1252.201 1251.342 1250.644 1249.945 1249.247
1264.397 1270.795 1277.193 1283.591 1289.21 1292.777 1296.345 1299.912 1303.479 1306.108 1308.405 1310.702 1313.0 1315.244 1317.282 1319.319 1321.357 1323.394 1324.263 1324.548 1324.833 1325.118 1325.063 1322.74 1320.418 1318.095 1315.773 1313.397 1310.985 1308.572 1306.16 1303.81 1302.489 1301.168 1299.847 1298.526 1297.719 1297.381 1297.044 1296.707 1296.369 1294.059 1291.72 1289.381 1287.042 1284.186 1280.698 1277.209 1273.72 1270.231 1267.557 1264.959 1262.362 1259.765 1257.529 1255.888 1254.247 1252.606 1250.965 1250.285 1249.786 1249.288 1248.79
1264.504 1271.216 1277.927 1284.638 1290.519 1294.216 1297.913 1301.61 1305.307 1308.037 1310.426 1312.815 1315.204 1317.557 1319.767 1321.978 1324.188 1326.398 1327.365 1327.709 1328.053 1328.397 1328.363 1325.809 1323.254 1320.7 1318.145 1315.576 1312.996 1310.416 1307.836 1305.326 1303.951 1302.576 1301.201 1299.826 1298.981 1298.622 1298.263 1297.904 1297.545 1295.07 1292.563 1290.057 1287.551 1284.472 1280.691 1276.911 1273.131 1269.35 1266.522 1263.785 1261.047 1258.31 1256.012 1254.441 1252.871 1251.3 1249.73 1249.228 1248.93 1248.631 1248.332
1265.277 1272.018 1278.76 1285.502 1291.457 1295.339 1299.221 1303.104 1306.986 1309.854 1312.365 1314.875 1317.386 1319.851 1322.139 1324.426 1326.714 1329.002 1330.058 1330.498 1330.937 1331.377 1331.422 1328.832 1326.243 1323.653 1321.064 1318.306 1315.434 1312.562 1309.69 1306.883 1305.145 1303.407 1301.669 1299.931 1298.727 1298.011 1297.295 1296.579 1295.863 1293.189 1290.485 1287.782 1285.079 1281.883 1278.084 1274.285 1270.485 1266.686 1263.974 1261.366 1258.758 1256.149 1254.038 1252.748 1251.458 1250.168 1248.878 1248.561 1248.43 1248.298 1248.166
1266.477 1273.067 1279.658 1286.248 1292.154 1296.258 1300.362 1304.466 1308.569 1311.599 1314.25 1316.901 1319.552 1322.132 1324.436 1326.74 1329.044 1331.348 1332.488 1333.047 1333.605 1334.164 1334.324 1331.826 1329.328 1326.831 1324.333 1321.391 1318.147 1314.902 1311.657 1308.467 1306.168 1303.868 1301.569 1299.269 1297.497 1296.209 1294.921 1293.633 1292.345 1289.449 1286.53 1283.61 1280.691 1277.446 1273.804 1270.161 1266.519 1262.876 1260.454 1258.148 1255.842 1253.536 1251.77 1250.895 1250.021 1249.147 1248.272 1248.145 1248.159 1248.173 1248.187
1267.677 1274.116 1280.555 1286.995 1292.852 1297.177 1301.502 1305.828 1310.153 1313.344 1316.135 1318.927 1321.718 1324.413 1326.733 1329.054 1331.374 1333.694 1334.919 1335.596 1336.274 1336.951 1337.226 1334.82 1332.414 1330.008 1327.602 1324.477 1320.859 1317.242 1313.625 1310.051 1307.19 1304.329 1301.468 1298.607 1296.268 1294.407 1292.547 1290.686 1288.826 1285.709 1282.573 1279.438 1276.303 1273.01 1269.524 1266.038 1262.552 1259.066 1256.933 1254.93 1252.926 1250.923 1249.501 1249.043 1248.584 1248.126 1247.667 1247.729 1247.889 1248.048 1248.208
1268.877 1275.165 1281.453 1287.741 1293.55 1298.096 1302.643 1307.19 1311.736 1315.089 1318.021 1320.952 1323.884 1326.694 1329.031 1331.367 1333.704 1336.04 1337.35 1338.146 1338.942 1339.738 1340.128 1337.814 1335.5 1333.186 1330.872 1327.562 1323.572 1319.582 1315.592 1311.635 1308.213 1304.79 1301.367 1297.945 1295.039 1292.606 1290.173 1287.74 1285.307 1281.969 1278.618 1275.266 1271.915 1268.573 1265.244 1261.915 1258.585 1255.256 1253.413 1251.712 1250.011 1248.309 1247.233 1247.19 1247.148 1247.105 1247.062 1247.312 1247.618 1247.924 1248.229
1270.196 1276.31 1282.424 1288.538 1294.274 1299.016 1303.758 1308.5 1313.241 1316.755 1319.835 1322.915 1325.995 1328.927 1331.278 1333.63 1335.981 1338.332 1339.709 1340.6 1341.49 1342.381 1342.862 1340.615 1338.368 1336.121 1333.874 1330.355 1325.967 1321.578 1317.19 1312.826 1308.848 1304.87 1300.892 1296.914 1293.458 1290.479 1287.5 1284.521 1281.543 1278.007 1274.464 1270.92 1267.377 1264.012 1260.866 1257.721 1254.575 1251.429 1249.892 1248.508 1247.124 1245.74 1245.017 1245.386 1245.756 1246.125 1246.495 1246.939 1247.397 1247.855 1248.313
1273.048 1278.692 1284.337 1289.981 1295.338 1299.939 1304.541 1309.142 1313.743 1317.408 1320.742 1324.076 1327.41 1330.543 1332.889 1335.234 1337.58 1339.926 1341.157 1341.832 1342.506 1343.181 1343.442 1340.947 1338.452 1335.956 1333.461 1329.407 1324.29 1319.173 1314.056 1308.977 1304.524 1300.071 1295.618 1291.165 1287.374 1284.19 1281.006 1277.822 1274.638 1271.212 1267.782 1264.352 1260.922 1257.857 1255.24 1252.624 1250.007 1247.39 1246.363 1245.486 1244.61 1243.734 1243.465 1244.202 1244.938 1245.675 1246.412 1247.114 1247.81 1248.505 1249.201
1275.9 1281.075 1286.249 1291.423 1296.401 1300.862 1305.323 1309.784 1314.245 1318.061 1321.649 1325.236 1328.824 1332.159 1334.499 1336.839 1339.179 1341.519 1342.605 1343.064 1343.523 1343.981 1344.022 1341.279 1338.535 1335.791 1333.047 1328.46 1322.614 1316.767 1310.921 1305.128 1300.2 1295.272 1290.344 1285.415 1281.29 1277.901 1274.512 1271.123 1267.734 1264.416 1261.099 1257.783 1254.466 1251.702 1249.614 1247.527 1245.439 1243.352 1242.833 1242.465 1242.096 1241.727 1241.913 1243.017 1244.121 1245.225 1246.329 1247.289 1248.223 1249.156 1250.089
1278.752 1283.457 1288.161 1292.866 1297.465 1301.786 1306.106 1310.427 1314.747 1318.714 1322.555 1326.397 1330.238 1333.774 1336.109 1338.444 1340.779 1343.113 1344.053 1344.296 1344.539 1344.781 1344.602 1341.61 1338.618 1335.626 1332.634 1327.512 1320.937 1314.362 1307.787 1301.279 1295.876 1290.473 1285.069 1279.666 1275.207 1271.612 1268.018 1264.424 1260.829 1257.62 1254.417 1251.214 1248.011 1245.546 1243.988 1242.43 1240.871 1239.313 1239.304 1239.443 1239.582 1239.721 1240.362 1241.833 1243.304 1244.775 1246.246 1247.465 1248.635 1249.806 1250.977
1281.604 1285.839 1290.074 1294.309 1298.529 1302.709 1306.889 1311.069 1315.249 1319.367 1323.462 1327.557 1331.653 1335.39 1337.719 1340.048 1342.378 1344.707 1345.502 1345.528 1345.555 1345.582 1345.182 1341.942 1338.701 1335.461 1332.22 1326.565 1319.261 1311.956 1304.652 1297.431 1291.552 1285.674 1279.795 1273.917 1269.123 1265.323 1261.524 1257.724 1253.925 1250.825 1247.735 1244.645 1241.555 1239.391 1238.362 1237.333 1236.303 1235.274 1235.775 1236.421 1237.068 1237.714 1238.81 1240.648 1242.486 1244.325 1246.163 1247.64 1249.048 1250.457 1251.865
1284.518 1288.407 1292.297 1296.187 1300.11 1304.12 1308.131 1312.142 1316.153 1320.273 1324.431 1328.589 1332.746 1336.53 1338.842 1341.155 1343.467 1345.78 1346.328 1345.994 1345.66 1345.326 1344.518 1340.551 1336.584 1332.618 1328.651 1322.382 1314.54 1306.698 1298.855 1291.127 1285.245 1279.364 1273.482 1267.6 1262.76 1258.874 1254.988 1251.102 1247.216 1244.246 1241.29 1238.334 1235.378 1233.501 1232.949 1232.397 1231.845 1231.293 1232.248 1233.347 1234.446 1235.545 1237.064 1239.278 1241.493 1243.707 1245.921 1247.648 1249.282 1250.917 1252.551
1287.485 1291.137 1294.789 1298.441 1302.138 1305.955 1309.771 1313.587 1317.404 1321.397 1325.452 1329.508 1333.563 1337.259 1339.545 1341.83 1344.116 1346.401 1346.616 1345.796 1344.976 1344.156 1342.777 1337.671 1332.565 1327.459 1322.353 1315.4 1307.185 1298.97 1290.756 1282.7 1277.223 1271.746 1266.27 1260.793 1256.155 1252.285 1248.415 1244.545 1240.676 1237.855 1235.05 1232.245 1229.44 1227.841 1227.721 1227.601 1227.481 1227.361 1228.723 1230.227 1231.731 1233.235 1235.151 1237.749 1240.346 1242.944 1245.541 1247.511 1249.361 1251.212 1253.062
