data/zism_data/00361_01_D.txt
ncols         224
nrows         224
[rows 87 to 115 of 224, columns 64 to 127 of 224]
1443.84 1443.646 1443.452 1443.258 1443.039 1442.812 1442.584 1442.357 1442.145 1441.985 1441.825 1441.665 1441.504 1441.274 1441.014 1440.753 1440.493 1440.236 1439.995 1439.754 1439.514 1439.273 1439.033 1438.792 1438.552 1438.312 1438.073 1437.853 1437.632 1437.412 1437.191 1436.945 1436.678 1436.411 1436.143 1435.876 1435.602 1435.328 1435.054 1434.78 1434.509 1434.242 1433.975 1433.708 1433.441 1433.168 1432.894 1432.62 1432.345 1432.044 1431.704 1431.363 1431.022 1430.681 1430.451 1430.238 1430.024 1429.81 1429.554 1429.213 1428.873 1428.532 1428.191 1427.861
1444.192 1443.987 1443.783 1443.578 1443.336 1443.081 1442.827 1442.573 1442.342 1442.187 1442.032 1441.877 1441.722 1441.505 1441.261 1441.017 1440.772 1440.525 1440.263 1440.001 1439.739 1439.477 1439.252 1439.049 1438.846 1438.644 1438.439 1438.219 1437.999 1437.778 1437.558 1437.306 1437.027 1436.75 1436.471 1436.193 1435.881 1435.569 1435.258 1434.946 1434.679 1434.46 1434.242 1434.023 1433.805 1433.498 1433.187 1432.875 1432.563 1432.235 1431.884 1431.532 1431.181 1430.829 1430.621 1430.434 1430.248 1430.061 1429.819 1429.468 1429.116 1428.765 1428.413 1428.068
1444.544 1444.329 1444.113 1443.898 1443.632 1443.351 1443.07 1442.789 1442.539 1442.389 1442.24 1442.09 1441.94 1441.736 1441.508 1441.28 1441.052 1440.815 1440.531 1440.247 1439.964 1439.68 1439.47 1439.305 1439.141 1438.975 1438.806 1438.585 1438.365 1438.144 1437.924 1437.666 1437.377 1437.088 1436.799 1436.51 1436.16 1435.811 1435.462 1435.112 1434.849 1434.678 1434.508 1434.338 1434.168 1433.829 1433.48 1433.13 1432.781 1432.426 1432.064 1431.702 1431.339 1430.977 1430.791 1430.631 1430.471 1430.312 1430.084 1429.722 1429.36 1428.997 1428.635 1428.275
1444.8 1444.588 1444.376 1444.164 1443.893 1443.605 1443.317 1443.028 1442.769 1442.608 1442.447 1442.286 1442.125 1441.925 1441.707 1441.49 1441.272 1441.044 1440.761 1440.479 1440.196 1439.913 1439.712 1439.559 1439.406 1439.254 1439.096 1438.881 1438.666 1438.451 1438.237 1437.984 1437.702 1437.419 1437.136 1436.852 1436.485 1436.118 1435.75 1435.383 1435.111 1434.945 1434.778 1434.612 1434.445 1434.092 1433.727 1433.363 1432.998 1432.632 1432.265 1431.897 1431.53 1431.163 1430.979 1430.824 1430.669 1430.513 1430.287 1429.92 1429.552 1429.185 1428.818 1428.457
1444.967 1444.772 1444.576 1444.38 1444.121 1443.844 1443.566 1443.289 1443.032 1442.844 1442.656 1442.468 1442.28 1442.075 1441.863 1441.651 1441.438 1441.218 1440.957 1440.696 1440.435 1440.174 1439.974 1439.81 1439.647 1439.484 1439.317 1439.113 1438.909 1438.704 1438.5 1438.265 1438.004 1437.743 1437.481 1437.219 1436.851 1436.484 1436.116 1435.749 1435.46 1435.255 1435.051 1434.847 1434.642 1434.292 1433.933 1433.574 1433.214 1432.852 1432.484 1432.117 1431.75 1431.382 1431.185 1431.014 1430.842 1430.671 1430.434 1430.066 1429.699 1429.332 1428.964 1428.616
1445.135 1444.955 1444.776 1444.596 1444.349 1444.082 1443.816 1443.549 1443.294 1443.079 1442.865 1442.65 1442.435 1442.225 1442.019 1441.812 1441.605 1441.393 1441.153 1440.913 1440.674 1440.434 1440.235 1440.061 1439.887 1439.713 1439.537 1439.344 1439.151 1438.957 1438.764 1438.545 1438.306 1438.066 1437.826 1437.585 1437.217 1436.85 1436.483 1436.115 1435.808 1435.566 1435.324 1435.082 1434.84 1434.493 1434.139 1433.785 1433.431 1433.072 1432.704 1432.337 1431.969 1431.602 1431.391 1431.203 1431.016 1430.828 1430.58 1430.213 1429.845 1429.478 1429.111 1428.776
1445.302 1445.139 1444.975 1444.812 1444.577 1444.321 1444.065 1443.809 1443.557 1443.315 1443.073 1442.831 1442.589 1442.376 1442.174 1441.973 1441.771 1441.567 1441.349 1441.131 1440.913 1440.695 1440.497 1440.313 1440.128 1439.943 1439.758 1439.575 1439.393 1439.21 1439.028 1438.826 1438.608 1438.39 1438.171 1437.951 1437.584 1437.216 1436.849 1436.481 1436.156 1435.876 1435.597 1435.317 1435.037 1434.693 1434.344 1433.996 1433.648 1433.291 1432.924 1432.557 1432.189 1431.822 1431.597 1431.393 1431.189 1430.985 1430.727 1430.359 1429.992 1429.625 1429.257 1428.935
1445.47 1445.323 1445.175 1445.028 1444.805 1444.56 1444.315 1444.069 1443.819 1443.55 1443.281 1443.013 1442.744 1442.526 1442.33 1442.134 1441.938 1441.741 1441.545 1441.348 1441.152 1440.955 1440.759 1440.564 1440.368 1440.172 1439.979 1439.807 1439.635 1439.463 1439.292 1439.106 1438.91 1438.713 1438.516 1438.317 1437.95 1437.583 1437.215 1436.848 1436.504 1436.187 1435.87 1435.552 1435.235 1434.893 1434.55 1434.207 1433.864 1433.511 1433.144 1432.776 1432.409 1432.042 1431.802 1431.582 1431.362 1431.142 1430.873 1430.506 1430.138 1429.771 1429.404 1429.094
1445.797 1445.623 1445.45 1445.277 1445.049 1444.804 1444.559 1444.314 1444.066 1443.807 1443.548 1443.289 1443.03 1442.8 1442.583 1442.367 1442.15 1441.939 1441.765 1441.589 1441.414 1441.239 1441.051 1440.855 1440.659 1440.463 1440.268 1440.075 1439.883 1439.691 1439.498 1439.298 1439.092 1438.885 1438.679 1438.47 1438.103 1437.735 1437.368 1437.001 1436.662 1436.354 1436.046 1435.738 1435.43 1435.099 1434.766 1434.434 1434.101 1433.759 1433.402 1433.045 1432.688 1432.331 1432.066 1431.814 1431.562 1431.31 1431.03 1430.694 1430.358 1430.022 1429.686 1429.371
1446.128 1445.928 1445.728 1445.528 1445.293 1445.048 1444.803 1444.558 1444.313 1444.064 1443.816 1443.568 1443.32 1443.078 1442.84 1442.602 1442.363 1442.138 1441.985 1441.831 1441.678 1441.524 1441.344 1441.148 1440.952 1440.756 1440.559 1440.345 1440.131 1439.917 1439.703 1439.488 1439.27 1439.053 1438.836 1438.617 1438.249 1437.882 1437.515 1437.147 1436.813 1436.516 1436.219 1435.922 1435.624 1435.304 1434.982 1434.661 1434.339 1434.007 1433.661 1433.315 1432.969 1432.623 1432.33 1432.046 1431.762 1431.478 1431.188 1430.884 1430.58 1430.276 1429.972 1429.651
1446.459 1446.232 1446.005 1445.778 1445.537 1445.292 1445.047 1444.802 1444.559 1444.322 1444.084 1443.847 1443.609 1443.356 1443.096 1442.837 1442.577 1442.337 1442.205 1442.073 1441.941 1441.809 1441.637 1441.441 1441.245 1441.049 1440.85 1440.615 1440.379 1440.144 1439.908 1439.677 1439.449 1439.221 1438.993 1438.763 1438.396 1438.028 1437.661 1437.294 1436.965 1436.678 1436.392 1436.106 1435.819 1435.51 1435.199 1434.888 1434.577 1434.256 1433.921 1433.585 1433.25 1432.914 1432.595 1432.279 1431.963 1431.646 1431.345 1431.073 1430.802 1430.53 1430.259 1429.931
1446.79 1446.536 1446.282 1446.028 1445.781 1445.536 1445.292 1445.047 1444.806 1444.579 1444.353 1444.126 1443.899 1443.634 1443.353 1443.072 1442.79 1442.536 1442.425 1442.315 1442.204 1442.094 1441.93 1441.734 1441.538 1441.342 1441.141 1440.884 1440.627 1440.37 1440.113 1439.866 1439.628 1439.389 1439.15 1438.91 1438.542 1438.175 1437.807 1437.44 1437.117 1436.841 1436.565 1436.29 1436.014 1435.715 1435.415 1435.115 1434.815 1434.505 1434.18 1433.855 1433.531 1433.206 1432.86 1432.512 1432.163 1431.814 1431.502 1431.263 1431.024 1430.785 1430.545 1430.211
1447.058 1446.8 1446.542 1446.284 1446.032 1445.783 1445.533 1445.284 1445.041 1444.821 1444.6 1444.38 1444.159 1443.897 1443.617 1443.337 1443.056 1442.804 1442.702 1442.599 1442.497 1442.394 1442.224 1442.012 1441.8 1441.588 1441.372 1441.114 1440.856 1440.598 1440.34 1440.083 1439.827 1439.57 1439.314 1439.057 1438.709 1438.362 1438.015 1437.668 1437.354 1437.076 1436.797 1436.519 1436.24 1435.941 1435.64 1435.339 1435.039 1434.737 1434.435 1434.132 1433.829 1433.527 1433.156 1432.775 1432.394 1432.013 1431.679 1431.438 1431.197 1430.956 1430.715 1430.374
1447.24 1447.009 1446.777 1446.546 1446.293 1446.032 1445.772 1445.512 1445.261 1445.041 1444.82 1444.6 1444.379 1444.14 1443.891 1443.643 1443.395 1443.169 1443.056 1442.942 1442.829 1442.716 1442.518 1442.268 1442.019 1441.769 1441.521 1441.29 1441.059 1440.828 1440.596 1440.337 1440.053 1439.77 1439.487 1439.204 1438.905 1438.607 1438.308 1438.009 1437.71 1437.41 1437.11 1436.81 1436.51 1436.194 1435.877 1435.56 1435.244 1434.948 1434.683 1434.418 1434.153 1433.888 1433.494 1433.081 1432.668 1432.254 1431.882 1431.593 1431.304 1431.015 1430.725 1430.374
1447.421 1447.217 1447.013 1446.808 1446.553 1446.282 1446.011 1445.74 1445.481 1445.26 1445.04 1444.819 1444.599 1444.382 1444.166 1443.95 1443.734 1443.533 1443.409 1443.285 1443.161 1443.037 1442.812 1442.524 1442.237 1441.95 1441.67 1441.466 1441.262 1441.057 1440.853 1440.59 1440.28 1439.97 1439.66 1439.351 1439.101 1438.851 1438.6 1438.35 1438.066 1437.744 1437.423 1437.101 1436.78 1436.447 1436.114 1435.781 1435.448 1435.158 1434.931 1434.704 1434.477 1434.249 1433.832 1433.387 1432.941 1432.496 1432.086 1431.748 1431.411 1431.073 1430.735 1430.374
1447.603 1447.426 1447.248 1447.071 1446.813 1446.531 1446.25 1445.968 1445.7 1445.48 1445.26 1445.039 1444.819 1444.624 1444.441 1444.257 1444.074 1443.898 1443.763 1443.628 1443.493 1443.359 1443.105 1442.781 1442.456 1442.131 1441.819 1441.642 1441.464 1441.287 1441.109 1440.844 1440.507 1440.17 1439.833 1439.498 1439.296 1439.095 1438.893 1438.691 1438.422 1438.079 1437.736 1437.393 1437.05 1436.701 1436.352 1436.002 1435.653 1435.369 1435.179 1434.99 1434.8 1434.611 1434.171 1433.693 1433.215 1432.737 1432.29 1431.903 1431.517 1431.131 1430.745 1430.374
1447.785 1447.634 1447.484 1447.333 1447.074 1446.781 1446.489 1446.196 1445.92 1445.7 1445.479 1445.259 1445.038 1444.866 1444.715 1444.564 1444.413 1444.262 1444.117 1443.971 1443.826 1443.68 1443.399 1443.037 1442.674 1442.312 1441.968 1441.817 1441.667 1441.516 1441.366 1441.098 1440.734 1440.37 1440.006 1439.645 1439.492 1439.339 1439.185 1439.032 1438.778 1438.413 1438.049 1437.684 1437.319 1436.954 1436.589 1436.224 1435.858 1435.579 1435.428 1435.276 1435.124 1434.972 1434.509 1433.999 1433.488 1432.978 1432.493 1432.059 1431.624 1431.189 1430.755 1430.374
1447.993 1447.842 1447.69 1447.538 1447.277 1446.984 1446.69 1446.396 1446.12 1445.904 1445.688 1445.473 1445.257 1445.099 1444.966 1444.833 1444.7 1444.564 1444.412 1444.261 1444.109 1443.957 1443.683 1443.334 1442.985 1442.637 1442.303 1442.123 1441.943 1441.764 1441.584 1441.319 1440.984 1440.65 1440.315 1439.982 1439.793 1439.604 1439.415 1439.226 1438.958 1438.605 1438.252 1437.898 1437.545 1437.178 1436.811 1436.443 1436.076 1435.781 1435.592 1435.403 1435.214 1435.025 1434.577 1434.091 1433.605 1433.118 1432.652 1432.225 1431.798 1431.371 1430.944 1430.565
1448.206 1448.049 1447.892 1447.735 1447.473 1447.179 1446.885 1446.591 1446.316 1446.106 1445.896 1445.685 1445.475 1445.33 1445.213 1445.096 1444.979 1444.856 1444.699 1444.542 1444.385 1444.228 1443.965 1443.638 1443.311 1442.983 1442.666 1442.448 1442.231 1442.014 1441.796 1441.535 1441.238 1440.941 1440.644 1440.348 1440.11 1439.873 1439.635 1439.398 1439.113 1438.775 1438.438 1438.101 1437.764 1437.398 1437.031 1436.663 1436.296 1435.981 1435.744 1435.506 1435.269 1435.031 1434.605 1434.151 1433.697 1433.243 1432.804 1432.393 1431.982 1431.572 1431.161 1430.785
1448.419 1448.256 1448.094 1447.932 1447.668 1447.374 1447.08 1446.786 1446.513 1446.308 1446.103 1445.898 1445.693 1445.561 1445.46 1445.359 1445.259 1445.148 1444.986 1444.823 1444.661 1444.499 1444.247 1443.941 1443.636 1443.33 1443.029 1442.774 1442.519 1442.264 1442.008 1441.751 1441.492 1441.232 1440.973 1440.713 1440.427 1440.141 1439.855 1439.57 1439.267 1438.946 1438.625 1438.304 1437.983 1437.618 1437.25 1436.883 1436.516 1436.181 1435.895 1435.609 1435.323 1435.037 1434.633 1434.212 1433.79 1433.368 1432.956 1432.561 1432.166 1431.772 1431.377 1431.004
1448.631 1448.464 1448.296 1448.128 1447.863 1447.569 1447.276 1446.982 1446.71 1446.51 1446.31 1446.111 1445.911 1445.792 1445.707 1445.623 1445.538 1445.44 1445.273 1445.105 1444.937 1444.769 1444.529 1444.245 1443.961 1443.677 1443.392 1443.099 1442.806 1442.513 1442.221 1441.967 1441.745 1441.524 1441.302 1441.079 1440.745 1440.41 1440.076 1439.741 1439.421 1439.116 1438.811 1438.506 1438.201 1437.838 1437.47 1437.103 1436.735 1436.381 1436.047 1435.712 1435.378 1435.044 1434.661 1434.272 1433.883 1433.493 1433.107 1432.729 1432.351 1431.972 1431.594 1431.224
1448.783 1448.617 1448.45 1448.284 1448.026 1447.741 1447.456 1447.17 1446.907 1446.718 1446.529 1446.34 1446.151 1446.046 1445.978 1445.909 1445.841 1445.755 1445.579 1445.402 1445.225 1445.049 1444.818 1444.553 1444.289 1444.025 1443.755 1443.434 1443.112 1442.79 1442.468 1442.211 1442.006 1441.802 1441.597 1441.39 1441.03 1440.669 1440.309 1439.948 1439.617 1439.318 1439.019 1438.72 1438.421 1438.048 1437.67 1437.292 1436.914 1436.545 1436.188 1435.831 1435.474 1435.117 1434.754 1434.39 1434.026 1433.662 1433.297 1432.931 1432.566 1432.2 1431.834 1431.467
1448.804 1448.654 1448.504 1448.354 1448.12 1447.862 1447.603 1447.345 1447.108 1446.94 1446.773 1446.605 1446.437 1446.35 1446.298 1446.246 1446.193 1446.119 1445.926 1445.733 1445.541 1445.348 1445.121 1444.873 1444.624 1444.376 1444.121 1443.788 1443.455 1443.123 1442.79 1442.513 1442.282 1442.05 1441.819 1441.586 1441.247 1440.908 1440.569 1440.23 1439.902 1439.587 1439.272 1438.957 1438.641 1438.237 1437.827 1437.417 1437.007 1436.631 1436.307 1435.982 1435.657 1435.332 1434.983 1434.63 1434.276 1433.923 1433.568 1433.207 1432.847 1432.486 1432.126 1431.76
1448.825 1448.691 1448.557 1448.423 1448.214 1447.983 1447.751 1447.52 1447.308 1447.162 1447.016 1446.87 1446.724 1446.654 1446.618 1446.582 1446.546 1446.483 1446.274 1446.065 1445.856 1445.647 1445.424 1445.192 1444.96 1444.728 1444.486 1444.143 1443.799 1443.456 1443.113 1442.816 1442.558 1442.299 1442.041 1441.782 1441.464 1441.147 1440.829 1440.512 1440.188 1439.856 1439.525 1439.193 1438.862 1438.426 1437.984 1437.542 1437.099 1436.718 1436.425 1436.133 1435.84 1435.548 1435.212 1434.869 1434.527 1434.184 1433.838 1433.483 1433.128 1432.773 1432.418 1432.053
1448.846 1448.728 1448.61 1448.493 1448.308 1448.104 1447.899 1447.694 1447.508 1447.384 1447.259 1447.135 1447.01 1446.959 1446.939 1446.919 1446.899 1446.846 1446.621 1446.396 1446.171 1445.946 1445.727 1445.511 1445.295 1445.079 1444.851 1444.497 1444.143 1443.789 1443.435 1443.119 1442.833 1442.548 1442.263 1441.977 1441.681 1441.385 1441.089 1440.793 1440.473 1440.125 1439.778 1439.43 1439.083 1438.616 1438.141 1437.666 1437.192 1436.804 1436.544 1436.284 1436.023 1435.763 1435.441 1435.109 1434.777 1434.446 1434.108 1433.759 1433.409 1433.06 1432.71 1432.346
1448.867 1448.766 1448.664 1448.562 1448.402 1448.224 1448.047 1447.869 1447.709 1447.606 1447.503 1447.4 1447.297 1447.263 1447.259 1447.255 1447.252 1447.21 1446.969 1446.728 1446.486 1446.245 1446.03 1445.83 1445.63 1445.431 1445.217 1444.852 1444.487 1444.122 1443.757 1443.421 1443.109 1442.797 1442.485 1442.173 1441.899 1441.624 1441.35 1441.075 1440.758 1440.395 1440.031 1439.667 1439.303 1438.805 1438.298 1437.791 1437.284 1436.891 1436.663 1436.435 1436.207 1435.979 1435.67 1435.349 1435.028 1434.707 1434.379 1434.034 1433.69 1433.346 1433.002 1432.639
1448.894 1448.812 1448.731 1448.649 1448.521 1448.379 1448.236 1448.094 1447.965 1447.884 1447.802 1447.721 1447.64 1447.615 1447.615 1447.615 1447.615 1447.574 1447.321 1447.068 1446.815 1446.562 1446.326 1446.101 1445.876 1445.651 1445.417 1445.087 1444.757 1444.427 1444.096 1443.768 1443.441 1443.115 1442.788 1442.462 1442.176 1441.89 1441.604 1441.318 1440.993 1440.626 1440.258 1439.891 1439.523 1439.041 1438.551 1438.062 1437.572 1437.182 1436.937 1436.691 1436.446 1436.201 1435.885 1435.558 1435.231 1434.905 1434.583 1434.274 1433.964 1433.654 1433.344 1432.988
1448.922 1448.862 1448.802 1448.742 1448.648 1448.543 1448.438 1448.333 1448.239 1448.179 1448.119 1448.059 1447.999 1447.981 1447.981 1447.981 1447.981 1447.939 1447.675 1447.411 1447.147 1446.883 1446.62 1446.357 1446.095 1445.832 1445.568 1445.286 1445.004 1444.723 1444.441 1444.128 1443.791 1443.453 1443.116 1442.779 1442.472 1442.164 1441.856 1441.549 1441.213 1440.845 1440.478 1440.111 1439.743 1439.291 1438.834 1438.377 1437.919 1437.535 1437.257 1436.98 1436.702 1436.425 1436.095 1435.758 1435.42 1435.083 1434.769 1434.502 1434.235 1433.969 1433.702 1433.355
1448.95 1448.911 1448.873 1448.835 1448.774 1448.707 1448.64 1448.573 1448.512 1448.474 1448.436 1448.397 1448.359 1448.347 1448.347 1448.347 1448.347 1448.303 1448.029 1447.754 1447.479 1447.204 1446.914 1446.614 1446.313 1446.013 1445.719 1445.485 1445.252 1445.019 1444.785 1444.489 1444.141 1443.792 1443.444 1443.096 1442.767 1442.438 1442.109 1441.78 1441.433 1441.065 1440.698 1440.33 1439.963 1439.541 1439.116 1438.691 1438.266 1437.888 1437.578 1437.268 1436.958 1436.649 1436.306 1435.957 1435.609 1435.261 1434.954 1434.73 1434.507 1434.283 1434.059 1433.721
