data/zism_data/00367_02_D.txt
ncols         224
nrows         224
[rows 140 to 167 of 224, columns 64 to 127 of 224]
3640.434 3638.44 3636.447 3634.592 3632.787 3630.981 3629.175 3627.26 3624.874 3622.488 3620.103 3617.717 3615.471 3613.305 3611.139 3608.973 3606.863 3605.334 3603.806 3602.278 3600.75 3599.844 3599.474 3599.105 3598.736 3598.366 3598.211 3598.058 3597.906 3597.753 3597.603 3597.457 3597.31 3597.164 3597.017 3596.676 3596.31 3595.944 3595.577 3595.284 3595.138 3594.991 3594.845 3594.698 3594.552 3594.406 3594.259 3594.113 3593.949 3593.729 3593.51 3593.29 3593.07 3592.801 3592.508 3592.215 3591.922 3591.648 3591.501 3591.354 3591.208 3591.062 3590.788 3590.421
3637.584 3635.898 3634.212 3632.536 3630.865 3629.194 3627.523 3625.748 3623.529 3621.31 3619.091 3616.873 3614.794 3612.795 3610.795 3608.796 3606.843 3605.368 3603.894 3602.42 3600.946 3600.055 3599.67 3599.284 3598.899 3598.513 3598.326 3598.141 3597.956 3597.771 3597.603 3597.457 3597.31 3597.164 3597.017 3596.676 3596.31 3595.944 3595.577 3595.284 3595.138 3594.991 3594.845 3594.698 3594.552 3594.406 3594.259 3594.113 3593.949 3593.729 3593.51 3593.29 3593.07 3592.801 3592.508 3592.215 3591.922 3591.648 3591.501 3591.354 3591.208 3591.062 3590.788 3590.421
3634.735 3633.356 3631.976 3630.48 3628.944 3627.407 3625.87 3624.237 3622.184 3620.132 3618.08 3616.028 3614.116 3612.284 3610.452 3608.619 3606.823 3605.402 3603.982 3602.562 3601.141 3600.267 3599.865 3599.464 3599.062 3598.661 3598.441 3598.224 3598.007 3597.79 3597.603 3597.457 3597.31 3597.164 3597.017 3596.676 3596.31 3595.944 3595.577 3595.284 3595.138 3594.991 3594.845 3594.698 3594.552 3594.406 3594.259 3594.113 3593.949 3593.729 3593.51 3593.29 3593.07 3592.801 3592.508 3592.215 3591.922 3591.648 3591.501 3591.354 3591.208 3591.062 3590.788 3590.421
3631.886 3630.814 3629.741 3628.425 3627.022 3625.62 3624.218 3622.725 3620.84 3618.955 3617.069 3615.184 3613.439 3611.773 3610.108 3608.443 3606.803 3605.437 3604.07 3602.703 3601.337 3600.479 3600.061 3599.643 3599.226 3598.808 3598.556 3598.307 3598.057 3597.808 3597.603 3597.457 3597.31 3597.164 3597.017 3596.676 3596.31 3595.944 3595.577 3595.284 3595.138 3594.991 3594.845 3594.698 3594.552 3594.406 3594.259 3594.113 3593.949 3593.729 3593.51 3593.29 3593.07 3592.801 3592.508 3592.215 3591.922 3591.648 3591.501 3591.354 3591.208 3591.062 3590.788 3590.421
3629.037 3628.271 3627.505 3626.369 3625.101 3623.833 3622.566 3621.213 3619.495 3617.777 3616.058 3614.34 3612.761 3611.263 3609.764 3608.266 3606.783 3605.47 3604.158 3602.845 3601.532 3600.691 3600.257 3599.823 3599.389 3598.955 3598.671 3598.389 3598.108 3597.826 3597.603 3597.457 3597.31 3597.164 3597.017 3596.676 3596.31 3595.944 3595.577 3595.284 3595.138 3594.991 3594.845 3594.698 3594.552 3594.406 3594.259 3594.113 3593.949 3593.729 3593.51 3593.29 3593.07 3592.801 3592.508 3592.215 3591.922 3591.648 3591.501 3591.354 3591.208 3591.062 3590.788 3590.421
3625.805 3625.346 3624.886 3623.921 3622.778 3621.634 3620.491 3619.274 3617.744 3616.213 3614.683 3613.152 3611.722 3610.348 3608.974 3607.6 3606.24 3605.023 3603.806 3602.589 3601.373 3600.582 3600.16 3599.738 3599.316 3598.894 3598.624 3598.355 3598.087 3597.818 3597.603 3597.457 3597.31 3597.164 3597.017 3596.676 3596.31 3595.944 3595.577 3595.284 3595.138 3594.991 3594.845 3594.698 3594.552 3594.406 3594.259 3594.113 3593.949 3593.729 3593.51 3593.29 3593.07 3592.801 3592.508 3592.215 3591.922 3591.648 3591.501 3591.354 3591.208 3591.062 3590.788 3590.421
3622.368 3622.215 3622.063 3621.265 3620.24 3619.215 3618.19 3617.107 3615.776 3614.445 3613.113 3611.782 3610.489 3609.217 3607.946 3606.674 3605.417 3604.319 3603.221 3602.122 3601.024 3600.302 3599.907 3599.512 3599.117 3598.722 3598.489 3598.259 3598.028 3597.797 3597.603 3597.457 3597.31 3597.164 3597.017 3596.676 3596.31 3595.944 3595.577 3595.284 3595.138 3594.991 3594.845 3594.698 3594.552 3594.406 3594.259 3594.113 3593.949 3593.729 3593.51 3593.29 3593.07 3592.801 3592.508 3592.215 3591.922 3591.648 3591.501 3591.354 3591.208 3591.062 3590.788 3590.421
3618.93 3619.085 3619.24 3618.61 3617.703 3616.796 3615.889 3614.94 3613.808 3612.676 3611.544 3610.412 3609.256 3608.086 3606.917 3605.748 3604.595 3603.615 3602.635 3601.655 3600.675 3600.023 3599.655 3599.287 3598.919 3598.551 3598.355 3598.162 3597.969 3597.776 3597.603 3597.457 3597.31 3597.164 3597.017 3596.676 3596.31 3595.944 3595.577 3595.284 3595.138 3594.991 3594.845 3594.698 3594.552 3594.406 3594.259 3594.113 3593.949 3593.729 3593.51 3593.29 3593.07 3592.801 3592.508 3592.215 3591.922 3591.648 3591.501 3591.354 3591.208 3591.062 3590.788 3590.421
3615.493 3615.955 3616.416 3615.954 3615.165 3614.377 3613.589 3612.773 3611.84 3610.907 3609.974 3609.041 3608.023 3606.956 3605.889 3604.822 3603.772 3602.911 3602.049 3601.188 3600.326 3599.743 3599.402 3599.061 3598.72 3598.379 3598.221 3598.065 3597.91 3597.755 3597.603 3597.457 3597.31 3597.164 3597.017 3596.676 3596.31 3595.944 3595.577 3595.284 3595.138 3594.991 3594.845 3594.698 3594.552 3594.406 3594.259 3594.113 3593.949 3593.729 3593.51 3593.29 3593.07 3592.801 3592.508 3592.215 3591.922 3591.648 3591.501 3591.354 3591.208 3591.062 3590.788 3590.421
3612.158 3612.885 3613.612 3613.305 3612.633 3611.961 3611.289 3610.605 3609.868 3609.13 3608.393 3607.655 3606.776 3605.817 3604.858 3603.899 3602.958 3602.211 3601.464 3600.717 3599.97 3599.458 3599.149 3598.84 3598.53 3598.221 3598.094 3597.969 3597.845 3597.72 3597.585 3597.437 3597.288 3597.14 3596.992 3596.656 3596.295 3595.934 3595.574 3595.284 3595.138 3594.991 3594.845 3594.698 3594.552 3594.406 3594.259 3594.113 3593.949 3593.729 3593.51 3593.29 3593.07 3592.801 3592.508 3592.215 3591.922 3591.648 3591.501 3591.354 3591.208 3591.062 3590.788 3590.421
3609.598 3610.276 3610.954 3610.71 3610.141 3609.572 3609.002 3608.432 3607.862 3607.291 3606.72 3606.149 3605.427 3604.619 3603.81 3603.002 3602.206 3601.545 3600.885 3600.224 3599.563 3599.128 3598.889 3598.65 3598.41 3598.171 3598.023 3597.877 3597.731 3597.585 3597.431 3597.267 3597.102 3596.938 3596.773 3596.478 3596.166 3595.854 3595.542 3595.284 3595.138 3594.991 3594.845 3594.698 3594.552 3594.406 3594.259 3594.113 3593.949 3593.729 3593.51 3593.29 3593.07 3592.801 3592.508 3592.215 3591.922 3591.648 3591.501 3591.354 3591.208 3591.062 3590.788 3590.421
3607.037 3607.667 3608.297 3608.116 3607.649 3607.182 3606.715 3606.259 3605.855 3605.452 3605.048 3604.644 3604.078 3603.42 3602.763 3602.105 3601.455 3600.88 3600.305 3599.73 3599.156 3598.798 3598.629 3598.46 3598.29 3598.121 3597.953 3597.786 3597.618 3597.45 3597.277 3597.096 3596.916 3596.735 3596.554 3596.3 3596.037 3595.773 3595.509 3595.284 3595.138 3594.991 3594.845 3594.698 3594.552 3594.406 3594.259 3594.113 3593.949 3593.729 3593.51 3593.29 3593.07 3592.801 3592.508 3592.215 3591.922 3591.648 3591.501 3591.354 3591.208 3591.062 3590.788 3590.421
3604.477 3605.059 3605.64 3605.522 3605.157 3604.792 3604.427 3604.086 3603.849 3603.612 3603.375 3603.138 3602.729 3602.222 3601.715 3601.208 3600.703 3600.214 3599.726 3599.237 3598.748 3598.469 3598.369 3598.27 3598.17 3598.071 3597.883 3597.694 3597.505 3597.316 3597.123 3596.926 3596.729 3596.533 3596.336 3596.123 3595.907 3595.692 3595.477 3595.284 3595.138 3594.991 3594.845 3594.698 3594.552 3594.406 3594.259 3594.113 3593.949 3593.729 3593.51 3593.29 3593.07 3592.801 3592.508 3592.215 3591.922 3591.648 3591.501 3591.354 3591.208 3591.062 3590.788 3590.421
3601.917 3602.45 3602.983 3602.928 3602.665 3602.402 3602.14 3601.913 3601.843 3601.773 3601.703 3601.633 3601.38 3601.024 3600.667 3600.311 3599.951 3599.548 3599.146 3598.743 3598.341 3598.139 3598.109 3598.08 3598.051 3598.021 3597.813 3597.602 3597.392 3597.181 3596.969 3596.756 3596.543 3596.33 3596.117 3595.945 3595.778 3595.611 3595.445 3595.284 3595.138 3594.991 3594.845 3594.698 3594.552 3594.406 3594.259 3594.113 3593.949 3593.729 3593.51 3593.29 3593.07 3592.801 3592.508 3592.215 3591.922 3591.648 3591.501 3591.354 3591.208 3591.062 3590.788 3590.421
3600.634 3601.069 3601.503 3601.475 3601.283 3601.092 3600.9 3600.744 3600.744 3600.744 3600.744 3600.744 3600.575 3600.311 3600.046 3599.781 3599.51 3599.171 3598.833 3598.495 3598.157 3597.99 3597.971 3597.952 3597.934 3597.915 3597.71 3597.503 3597.296 3597.089 3596.879 3596.665 3596.452 3596.238 3596.025 3595.865 3595.712 3595.56 3595.407 3595.254 3595.101 3594.948 3594.796 3594.643 3594.505 3594.371 3594.237 3594.103 3593.949 3593.729 3593.51 3593.29 3593.07 3592.801 3592.508 3592.215 3591.922 3591.648 3591.501 3591.354 3591.208 3591.062 3590.795 3590.441
3600.277 3600.577 3600.877 3600.849 3600.706 3600.563 3600.42 3600.303 3600.303 3600.303 3600.303 3600.303 3600.166 3599.949 3599.733 3599.516 3599.293 3599.004 3598.714 3598.424 3598.134 3597.973 3597.922 3597.871 3597.82 3597.769 3597.585 3597.399 3597.213 3597.028 3596.834 3596.632 3596.429 3596.226 3596.023 3595.855 3595.692 3595.528 3595.365 3595.201 3595.038 3594.875 3594.711 3594.547 3594.424 3594.311 3594.199 3594.086 3593.949 3593.729 3593.51 3593.29 3593.07 3592.801 3592.508 3592.215 3591.922 3591.648 3591.501 3591.354 3591.208 3591.062 3590.807 3590.475
3599.919 3600.085 3600.251 3600.224 3600.129 3600.034 3599.939 3599.863 3599.863 3599.863 3599.863 3599.863 3599.755 3599.587 3599.419 3599.251 3599.077 3598.836 3598.594 3598.353 3598.112 3597.955 3597.872 3597.789 3597.705 3597.622 3597.459 3597.295 3597.131 3596.967 3596.79 3596.598 3596.406 3596.214 3596.022 3595.846 3595.672 3595.497 3595.323 3595.149 3594.975 3594.8 3594.626 3594.452 3594.343 3594.252 3594.161 3594.07 3593.949 3593.729 3593.51 3593.29 3593.07 3592.801 3592.508 3592.215 3591.922 3591.648 3591.501 3591.354 3591.208 3591.062 3590.82 3590.509
3599.562 3599.594 3599.625 3599.598 3599.552 3599.506 3599.459 3599.422 3599.422 3599.422 3599.422 3599.422 3599.345 3599.226 3599.106 3598.987 3598.861 3598.668 3598.475 3598.282 3598.089 3597.938 3597.822 3597.707 3597.591 3597.476 3597.333 3597.191 3597.048 3596.905 3596.746 3596.565 3596.384 3596.202 3596.021 3595.836 3595.651 3595.466 3595.281 3595.096 3594.911 3594.726 3594.541 3594.356 3594.261 3594.192 3594.123 3594.053 3593.949 3593.729 3593.51 3593.29 3593.07 3592.801 3592.508 3592.215 3591.922 3591.648 3591.501 3591.354 3591.208 3591.062 3590.832 3590.543
3599.26 3599.149 3599.038 3599.008 3599.006 3599.004 3599.002 3599.0 3599.0 3599.0 3599.0 3599.0 3598.952 3598.878 3598.803 3598.729 3598.648 3598.503 3598.357 3598.212 3598.067 3597.921 3597.774 3597.627 3597.479 3597.332 3597.209 3597.086 3596.963 3596.84 3596.697 3596.528 3596.358 3596.189 3596.02 3595.827 3595.632 3595.436 3595.24 3595.045 3594.849 3594.654 3594.458 3594.262 3594.181 3594.13 3594.08 3594.029 3593.94 3593.721 3593.501 3593.282 3593.063 3592.795 3592.503 3592.212 3591.92 3591.648 3591.501 3591.354 3591.208 3591.062 3590.844 3590.576
3600.149 3599.743 3599.336 3599.193 3599.142 3599.092 3599.041 3599.0 3599.0 3599.0 3599.0 3599.0 3598.932 3598.825 3598.718 3598.611 3598.504 3598.391 3598.278 3598.165 3598.052 3597.912 3597.749 3597.586 3597.422 3597.259 3597.114 3596.97 3596.825 3596.681 3596.542 3596.41 3596.279 3596.147 3596.015 3595.822 3595.621 3595.42 3595.219 3595.019 3594.818 3594.617 3594.416 3594.215 3594.102 3594.014 3593.926 3593.838 3593.723 3593.52 3593.317 3593.114 3592.911 3592.67 3592.411 3592.151 3591.892 3591.648 3591.501 3591.354 3591.208 3591.062 3590.851 3590.594
3601.039 3600.336 3599.634 3599.377 3599.278 3599.179 3599.08 3599.0 3599.0 3599.0 3599.0 3599.0 3598.911 3598.772 3598.633 3598.493 3598.359 3598.279 3598.198 3598.118 3598.037 3597.904 3597.724 3597.545 3597.365 3597.186 3597.02 3596.854 3596.687 3596.521 3596.387 3596.293 3596.199 3596.105 3596.011 3595.818 3595.611 3595.405 3595.198 3594.992 3594.786 3594.58 3594.373 3594.167 3594.024 3593.898 3593.772 3593.646 3593.506 3593.32 3593.133 3592.946 3592.759 3592.545 3592.318 3592.091 3591.864 3591.648 3591.501 3591.354 3591.208 3591.062 3590.857 3590.611
3601.929 3600.93 3599.931 3599.562 3599.415 3599.267 3599.12 3599.0 3599.0 3599.0 3599.0 3599.0 3598.891 3598.719 3598.548 3598.376 3598.215 3598.167 3598.119 3598.071 3598.022 3597.895 3597.699 3597.504 3597.308 3597.113 3596.925 3596.737 3596.55 3596.362 3596.231 3596.175 3596.119 3596.063 3596.007 3595.813 3595.601 3595.389 3595.178 3594.966 3594.754 3594.542 3594.331 3594.119 3593.945 3593.782 3593.618 3593.455 3593.29 3593.119 3592.948 3592.778 3592.607 3592.42 3592.225 3592.031 3591.836 3591.648 3591.501 3591.354 3591.208 3591.062 3590.863 3590.627
3602.819 3601.524 3600.229 3599.747 3599.551 3599.355 3599.159 3599.0 3599.0 3599.0 3599.0 3599.0 3598.87 3598.666 3598.462 3598.259 3598.071 3598.055 3598.039 3598.023 3598.007 3597.886 3597.675 3597.463 3597.251 3597.039 3596.83 3596.621 3596.412 3596.203 3596.076 3596.058 3596.039 3596.021 3596.002 3595.808 3595.591 3595.374 3595.157 3594.94 3594.723 3594.506 3594.288 3594.071 3593.867 3593.666 3593.464 3593.263 3593.073 3592.918 3592.764 3592.609 3592.455 3592.295 3592.133 3591.97 3591.808 3591.648 3591.501 3591.354 3591.208 3591.062 3590.87 3590.645
3604.937 3603.215 3601.493 3600.73 3600.305 3599.881 3599.456 3599.107 3599.083 3599.058 3599.033 3599.009 3598.86 3598.64 3598.42 3598.201 3598.0 3598.0 3598.0 3598.0 3598.0 3597.882 3597.662 3597.443 3597.223 3597.003 3596.783 3596.564 3596.344 3596.124 3596.0 3596.0 3596.0 3596.0 3596.0 3595.806 3595.586 3595.366 3595.146 3594.927 3594.707 3594.487 3594.268 3594.048 3593.828 3593.608 3593.388 3593.169 3592.966 3592.82 3592.673 3592.526 3592.38 3592.233 3592.087 3591.941 3591.794 3591.648 3591.501 3591.354 3591.208 3591.062 3590.877 3590.666
3608.248 3605.971 3603.695 3602.489 3601.661 3600.833 3600.004 3599.319 3599.246 3599.172 3599.099 3599.026 3598.86 3598.64 3598.42 3598.201 3598.0 3598.0 3598.0 3598.0 3598.0 3597.882 3597.662 3597.443 3597.223 3597.003 3596.783 3596.564 3596.344 3596.124 3596.0 3596.0 3596.0 3596.0 3596.0 3595.806 3595.586 3595.366 3595.146 3594.927 3594.707 3594.487 3594.268 3594.048 3593.828 3593.608 3593.388 3593.169 3592.966 3592.82 3592.673 3592.526 3592.38 3592.233 3592.087 3591.941 3591.794 3591.648 3591.501 3591.354 3591.208 3591.062 3590.887 3590.691
3611.558 3608.728 3605.897 3604.248 3603.016 3601.784 3600.552 3599.53 3599.408 3599.287 3599.166 3599.044 3598.86 3598.64 3598.42 3598.201 3598.0 3598.0 3598.0 3598.0 3598.0 3597.882 3597.662 3597.443 3597.223 3597.003 3596.783 3596.564 3596.344 3596.124 3596.0 3596.0 3596.0 3596.0 3596.0 3595.806 3595.586 3595.366 3595.146 3594.927 3594.707 3594.487 3594.268 3594.048 3593.828 3593.608 3593.388 3593.169 3592.966 3592.82 3592.673 3592.526 3592.38 3592.233 3592.087 3591.941 3591.794 3591.648 3591.501 3591.354 3591.208 3591.062 3590.896 3590.717
3614.869 3611.484 3608.099 3606.007 3604.372 3602.736 3601.101 3599.741 3599.571 3599.401 3599.231 3599.062 3598.86 3598.64 3598.42 3598.201 3598.0 3598.0 3598.0 3598.0 3598.0 3597.882 3597.662 3597.443 3597.223 3597.003 3596.783 3596.564 3596.344 3596.124 3596.0 3596.0 3596.0 3596.0 3596.0 3595.806 3595.586 3595.366 3595.146 3594.927 3594.707 3594.487 3594.268 3594.048 3593.828 3593.608 3593.388 3593.169 3592.966 3592.82 3592.673 3592.526 3592.38 3592.233 3592.087 3591.941 3591.794 3591.648 3591.501 3591.354 3591.208 3591.062 3590.906 3590.742
3618.18 3614.241 3610.301 3607.766 3605.727 3603.688 3601.649 3599.952 3599.734 3599.516 3599.297 3599.079 3598.86 3598.64 3598.42 3598.201 3598.0 3598.0 3598.0 3598.0 3598.0 3597.882 3597.662 3597.443 3597.223 3597.003 3596.783 3596.564 3596.344 3596.124 3596.0 3596.0 3596.0 3596.0 3596.0 3595.806 3595.586 3595.366 3595.146 3594.927 3594.707 3594.487 3594.268 3594.048 3593.828 3593.608 3593.388 3593.169 3592.966 3592.82 3592.673 3592.526 3592.38 3592.233 3592.087 3591.941 3591.794 3591.648 3591.501 3591.354 3591.208 3591.062 3590.915 3590.768
