data/zism_data/00365_03_D.txt
ncols         224
nrows         224
[rows 168 to 195 of 224, columns 0 to 62 of 224]
2091.846 2077.197 2062.547 2049.606 2037.625 2025.644 2013.663 2001.898 1991.692 1981.485 1971.279 1961.072 1952.21 1944.227 1936.245 1928.263 1920.407 1913.886 1907.366 1900.846 1894.326 1884.308 1871.633 1858.958 1846.282 1833.419 1817.006 1800.593 1784.179 1767.766 1752.522 1738.306 1724.09 1709.873 1695.643 1680.444 1665.245 1650.046 1634.847 1621.105 1608.84 1596.575 1584.309 1572.044 1564.344 1556.745 1549.146 1541.546 1536.013 1532.901 1529.789 1526.676 1523.564 1518.318 1512.941 1507.564 1502.187 1496.703 1491.072 1485.442 1479.812 1474.181 1466.374
2085.842 2071.895 2057.949 2045.627 2034.219 2022.81 2011.402 2000.177 1990.274 1980.37 1970.466 1960.562 1952.254 1944.99 1937.726 1930.463 1923.321 1917.465 1911.61 1905.755 1899.899 1890.509 1878.433 1866.358 1854.283 1841.993 1825.65 1809.307 1792.964 1776.62 1761.441 1747.284 1733.128 1718.971 1704.78 1688.262 1671.745 1655.227 1638.71 1623.802 1610.526 1597.25 1583.974 1570.699 1561.465 1552.32 1543.175 1534.03 1527.178 1523.012 1518.846 1514.68 1510.514 1504.998 1499.399 1493.801 1488.202 1482.333 1476.098 1469.862 1463.626 1457.391 1449.821
2079.838 2066.594 2053.35 2041.648 2030.813 2019.977 2009.141 1998.457 1988.855 1979.254 1969.653 1960.051 1952.297 1945.752 1939.208 1932.663 1926.235 1921.044 1915.853 1910.663 1905.472 1896.709 1885.234 1873.758 1862.283 1850.566 1834.293 1818.021 1801.748 1785.475 1770.36 1756.263 1742.165 1728.068 1713.917 1696.081 1678.245 1660.408 1642.573 1626.499 1612.212 1597.926 1583.639 1569.353 1558.585 1547.895 1537.204 1526.514 1518.342 1513.122 1507.903 1502.683 1497.463 1491.678 1485.858 1480.038 1474.218 1467.964 1461.123 1454.282 1447.442 1440.601 1433.268
2073.405 2060.835 2048.265 2037.173 2026.912 2016.651 2006.391 1996.248 1986.954 1977.66 1968.366 1959.072 1951.868 1946.032 1940.196 1934.36 1928.636 1924.096 1919.555 1915.014 1910.473 1902.322 1891.431 1880.539 1869.648 1858.49 1842.328 1826.166 1810.004 1793.842 1778.846 1764.876 1750.905 1736.934 1722.891 1703.866 1684.841 1665.816 1646.791 1629.608 1614.294 1598.979 1583.665 1568.351 1556.083 1543.883 1531.683 1519.483 1510.015 1503.749 1497.483 1491.217 1484.952 1478.859 1472.776 1466.694 1460.612 1453.977 1446.592 1439.206 1431.821 1424.436 1417.351
2061.47 2049.208 2036.947 2026.35 2016.689 2007.028 1997.367 1987.796 1978.869 1969.943 1961.016 1952.09 1945.384 1940.132 1934.88 1929.627 1924.476 1920.395 1916.313 1912.232 1908.15 1900.413 1889.9 1879.386 1868.873 1858.107 1842.572 1827.036 1811.501 1795.966 1781.79 1768.808 1755.827 1742.845 1729.783 1711.228 1692.674 1674.119 1655.564 1637.998 1621.435 1604.873 1588.31 1571.747 1558.422 1545.167 1531.913 1518.659 1508.187 1500.976 1493.764 1486.553 1479.341 1472.456 1465.59 1458.724 1451.858 1444.872 1437.725 1430.578 1423.43 1416.283 1409.573
2049.536 2037.582 2025.628 2015.526 2006.465 1997.404 1988.343 1979.343 1970.784 1962.225 1953.667 1945.108 1938.9 1934.231 1929.563 1924.894 1920.316 1916.694 1913.072 1909.45 1905.827 1898.504 1888.369 1878.234 1868.099 1857.723 1842.815 1827.907 1812.999 1798.09 1784.734 1772.741 1760.749 1748.756 1736.676 1718.591 1700.506 1682.422 1664.337 1646.388 1628.577 1610.766 1592.955 1575.144 1560.76 1546.452 1532.144 1517.836 1506.36 1498.203 1490.046 1481.888 1473.731 1466.052 1458.403 1450.753 1443.103 1435.768 1428.858 1421.949 1415.039 1408.13 1401.794
2037.602 2025.956 2014.31 2004.703 1996.242 1987.781 1979.319 1970.891 1962.7 1954.508 1946.317 1938.125 1932.416 1928.331 1924.246 1920.161 1916.156 1912.993 1909.831 1906.668 1903.505 1896.594 1886.838 1877.081 1867.324 1857.34 1843.058 1828.777 1814.496 1800.215 1787.678 1776.674 1765.671 1754.667 1743.568 1725.954 1708.339 1690.725 1673.11 1654.778 1635.719 1616.659 1597.599 1578.54 1563.098 1547.736 1532.375 1517.013 1504.533 1495.43 1486.327 1477.224 1468.121 1459.649 1451.216 1442.782 1434.349 1426.663 1419.992 1413.32 1406.648 1399.977 1394.016
2025.667 2014.329 2002.992 1993.88 1986.018 1978.157 1970.296 1962.439 1954.615 1946.791 1938.967 1931.143 1925.931 1922.43 1918.929 1915.428 1911.996 1909.293 1906.589 1903.886 1901.182 1894.685 1885.307 1875.928 1866.55 1856.956 1843.302 1829.648 1815.993 1802.339 1790.622 1780.607 1770.593 1760.578 1750.461 1733.316 1716.172 1699.028 1681.884 1663.169 1642.86 1622.552 1602.244 1581.936 1565.437 1549.021 1532.605 1516.19 1502.705 1492.657 1482.608 1472.559 1462.511 1453.246 1444.029 1434.812 1425.595 1417.559 1411.125 1404.691 1398.257 1391.823 1386.238
2016.758 2005.1 1993.441 1984.19 1976.292 1968.393 1960.494 1952.649 1945.193 1937.736 1930.28 1922.823 1917.873 1914.564 1911.255 1907.945 1904.684 1901.926 1899.169 1896.412 1893.654 1887.351 1878.354 1869.356 1860.359 1851.18 1838.57 1825.96 1813.349 1800.739 1789.976 1780.834 1771.693 1762.552 1753.306 1736.931 1720.556 1704.18 1687.805 1669.182 1648.28 1627.378 1606.475 1585.573 1568.388 1551.285 1534.182 1517.079 1502.92 1492.211 1481.501 1470.791 1460.082 1450.226 1440.423 1430.62 1420.816 1412.598 1406.529 1400.459 1394.39 1388.321 1383.107
2010.623 1998.067 1985.512 1975.54 1967.02 1958.5 1949.979 1941.634 1934.545 1927.456 1920.367 1913.278 1908.372 1904.895 1901.418 1897.942 1894.482 1891.2 1887.918 1884.637 1881.355 1875.043 1866.43 1857.816 1849.203 1840.46 1829.276 1818.093 1806.91 1795.726 1786.038 1777.664 1769.29 1760.916 1752.442 1737.11 1721.777 1706.445 1691.113 1673.018 1652.121 1631.224 1610.328 1589.431 1571.902 1554.448 1536.994 1519.54 1505.007 1493.897 1482.788 1471.678 1460.568 1450.308 1440.1 1429.891 1419.682 1411.435 1405.847 1400.258 1394.67 1389.082 1384.236
2004.487 1991.034 1977.582 1966.889 1957.748 1948.606 1939.465 1930.619 1923.897 1917.176 1910.454 1903.733 1898.871 1895.226 1891.582 1887.938 1884.279 1880.474 1876.668 1872.862 1869.056 1862.736 1854.506 1846.276 1838.046 1829.74 1819.983 1810.226 1800.47 1790.713 1782.101 1774.494 1766.888 1759.281 1751.578 1737.289 1722.999 1708.71 1694.421 1676.854 1655.962 1635.071 1614.18 1593.288 1575.416 1557.611 1539.805 1522.0 1507.093 1495.584 1484.074 1472.565 1461.056 1450.39 1439.776 1429.162 1418.548 1410.272 1405.165 1400.057 1394.95 1389.843 1385.365
1998.352 1984.002 1969.652 1958.239 1948.476 1938.713 1928.95 1919.604 1913.25 1906.895 1900.541 1894.187 1889.369 1885.557 1881.746 1877.934 1874.077 1869.747 1865.417 1861.087 1856.757 1850.429 1842.583 1834.736 1826.89 1819.019 1810.69 1802.36 1794.03 1785.7 1778.164 1771.324 1764.485 1757.646 1750.714 1737.468 1724.221 1710.975 1697.729 1680.69 1659.804 1638.918 1618.032 1597.146 1578.93 1560.773 1542.617 1524.46 1509.18 1497.271 1485.361 1473.452 1461.543 1450.472 1439.453 1428.434 1417.415 1409.109 1404.483 1399.856 1395.23 1390.604 1386.494
1992.216 1976.969 1961.722 1949.589 1939.204 1928.82 1918.435 1908.588 1902.602 1896.615 1890.628 1884.642 1879.868 1875.889 1871.909 1867.93 1863.875 1859.021 1854.167 1849.313 1844.458 1838.122 1830.659 1823.196 1815.734 1808.299 1801.396 1794.493 1787.59 1780.687 1774.226 1768.154 1762.082 1756.01 1749.85 1737.646 1725.443 1713.24 1701.036 1684.525 1663.645 1642.764 1621.884 1601.003 1582.444 1563.936 1545.428 1526.92 1511.267 1498.957 1486.648 1474.339 1462.03 1450.554 1439.13 1427.705 1416.281 1407.946 1403.801 1399.655 1395.51 1391.364 1387.623
1996.691 1981.596 1966.502 1953.753 1942.322 1930.891 1919.46 1908.562 1901.495 1894.427 1887.36 1880.293 1874.286 1868.974 1863.662 1858.35 1853.028 1847.603 1842.177 1836.752 1831.326 1825.036 1818.088 1811.14 1804.192 1797.279 1791.016 1784.752 1778.488 1772.225 1766.167 1760.291 1754.414 1748.537 1742.582 1731.249 1719.915 1708.581 1697.248 1682.032 1662.878 1643.724 1624.57 1605.417 1587.301 1569.207 1551.115 1533.021 1517.412 1504.713 1492.015 1479.316 1466.617 1455.143 1443.744 1432.344 1420.944 1412.748 1408.895 1405.041 1401.188 1397.335 1394.482
2001.482 1986.571 1971.661 1958.299 1945.809 1933.319 1920.829 1908.864 1900.673 1892.481 1884.29 1876.098 1868.821 1862.142 1855.462 1848.783 1842.163 1836.164 1830.166 1824.168 1818.169 1811.926 1805.497 1799.068 1792.639 1786.25 1780.602 1774.955 1769.307 1763.66 1757.985 1752.287 1746.589 1740.891 1735.124 1724.655 1714.186 1703.717 1693.248 1679.35 1661.974 1644.598 1627.222 1609.846 1592.197 1574.542 1556.886 1539.231 1523.679 1510.591 1497.503 1484.415 1471.328 1459.867 1448.505 1437.143 1425.781 1417.728 1414.161 1410.594 1407.028 1403.461 1401.512
2006.274 1991.546 1976.819 1962.846 1949.297 1935.747 1922.198 1909.166 1899.851 1890.535 1881.22 1871.904 1863.356 1855.309 1847.263 1839.216 1831.297 1824.726 1818.155 1811.583 1805.012 1798.817 1792.907 1786.996 1781.086 1775.22 1770.189 1765.157 1760.126 1755.095 1749.803 1744.283 1738.764 1733.244 1727.665 1718.061 1708.456 1698.852 1689.247 1676.668 1661.07 1645.472 1629.874 1614.276 1597.094 1579.876 1562.658 1545.441 1529.945 1516.469 1502.992 1489.515 1476.038 1464.59 1453.266 1441.942 1430.618 1422.709 1419.428 1416.148 1412.867 1409.587 1408.541
2011.065 1996.521 1981.978 1967.393 1952.784 1938.176 1923.567 1909.468 1899.029 1888.589 1878.15 1867.71 1857.891 1848.477 1839.063 1829.649 1820.431 1813.287 1806.143 1798.999 1791.855 1785.707 1780.316 1774.925 1769.533 1764.191 1759.776 1755.36 1750.945 1746.53 1741.621 1736.28 1730.938 1725.597 1720.206 1711.466 1702.727 1693.987 1685.247 1673.986 1660.166 1646.346 1632.526 1618.706 1601.99 1585.21 1568.43 1551.65 1536.212 1522.346 1508.48 1494.614 1480.748 1469.313 1458.027 1446.741 1435.455 1427.689 1424.695 1421.701 1418.707 1415.713 1415.571
2011.89 1997.985 1984.08 1969.478 1954.484 1939.491 1924.498 1909.941 1898.516 1887.091 1875.666 1864.241 1853.437 1843.04 1832.643 1822.245 1812.091 1804.506 1796.921 1789.336 1781.751 1775.528 1770.339 1765.151 1759.963 1754.829 1750.723 1746.617 1742.511 1738.406 1733.72 1728.525 1723.33 1718.135 1712.894 1704.542 1696.19 1687.838 1679.486 1668.998 1656.343 1643.688 1631.032 1618.377 1602.301 1586.15 1569.999 1553.847 1538.773 1524.961 1511.148 1497.336 1483.524 1472.379 1461.396 1450.414 1439.431 1432.135 1429.836 1427.537 1425.239 1422.94 1424.125
2007.246 1994.605 1981.965 1968.167 1953.719 1939.272 1924.824 1910.649 1898.43 1886.21 1873.991 1861.772 1850.379 1839.528 1828.677 1817.825 1807.234 1799.389 1791.545 1783.7 1775.856 1769.389 1763.968 1758.547 1753.127 1747.766 1743.547 1739.328 1735.109 1730.889 1726.205 1721.113 1716.021 1710.928 1705.785 1697.163 1688.54 1679.918 1671.296 1660.83 1648.494 1636.157 1623.821 1611.485 1596.288 1581.029 1565.769 1550.509 1536.222 1523.075 1509.927 1496.78 1483.632 1473.157 1462.845 1452.532 1442.22 1435.844 1434.804 1433.765 1432.725 1431.686 1434.781
2002.601 1991.225 1979.849 1966.856 1952.954 1939.053 1925.151 1911.358 1898.344 1885.33 1872.316 1859.302 1847.321 1836.016 1824.711 1813.406 1802.377 1794.273 1786.169 1778.065 1769.961 1763.25 1757.597 1751.944 1746.291 1740.704 1736.371 1732.039 1727.706 1723.373 1718.691 1713.701 1708.711 1703.721 1698.675 1689.783 1680.891 1671.998 1663.106 1652.662 1640.645 1628.627 1616.61 1604.593 1590.275 1575.907 1561.539 1547.171 1533.671 1521.189 1508.706 1496.223 1483.741 1473.935 1464.293 1454.651 1445.009 1439.553 1439.772 1439.992 1440.212 1440.431 1445.438
1997.957 1987.846 1977.734 1965.545 1952.189 1938.833 1925.477 1912.066 1898.258 1884.45 1870.641 1856.833 1844.263 1832.504 1820.745 1808.986 1797.52 1789.156 1780.793 1772.43 1764.067 1757.111 1751.226 1745.34 1739.455 1733.642 1729.196 1724.749 1720.303 1715.857 1711.176 1706.289 1701.402 1696.515 1691.566 1682.403 1673.241 1664.078 1654.915 1644.494 1632.796 1621.097 1609.399 1597.7 1584.262 1570.786 1557.31 1543.833 1531.121 1519.303 1507.485 1495.667 1483.849 1474.713 1465.741 1456.77 1447.798 1443.262 1444.741 1446.219 1447.698 1449.177 1456.094
1993.313 1984.466 1975.619 1964.235 1951.424 1938.614 1925.804 1912.775 1898.172 1883.569 1868.967 1854.364 1841.205 1828.992 1816.779 1804.566 1792.662 1784.04 1775.417 1766.794 1758.172 1750.973 1744.855 1738.737 1732.619 1726.58 1722.02 1717.46 1712.9 1708.34 1703.661 1698.877 1694.092 1689.308 1684.457 1675.024 1665.591 1656.158 1646.725 1636.326 1624.946 1613.567 1602.188 1590.808 1578.249 1565.665 1553.08 1540.495 1528.57 1517.417 1506.264 1495.11 1483.957 1475.491 1467.19 1458.888 1450.586 1446.971 1449.709 1452.447 1455.185 1457.923 1466.751
1982.767 1974.123 1965.478 1953.911 1940.703 1927.494 1914.285 1900.995 1887.125 1873.255 1859.386 1845.516 1833.185 1821.862 1810.539 1799.215 1788.136 1779.64 1771.143 1762.646 1754.149 1746.91 1740.625 1734.341 1728.057 1721.84 1716.913 1711.986 1707.059 1702.132 1697.233 1692.359 1687.485 1682.61 1677.665 1667.835 1658.005 1648.175 1638.345 1627.904 1616.843 1605.783 1594.722 1583.661 1572.23 1560.791 1549.352 1537.913 1527.197 1517.329 1507.46 1497.592 1487.724 1480.548 1473.537 1466.526 1459.515 1457.344 1461.736 1466.128 1470.519 1474.911 1483.57
1971.336 1962.735 1954.134 1942.236 1928.487 1914.738 1900.989 1887.342 1874.434 1861.526 1848.618 1835.71 1824.42 1814.188 1803.957 1793.725 1783.66 1775.347 1767.034 1758.721 1750.408 1743.159 1736.717 1730.276 1723.835 1717.45 1712.117 1706.785 1701.453 1696.12 1690.968 1685.975 1680.982 1675.989 1670.92 1660.674 1650.428 1640.182 1629.936 1619.444 1608.702 1597.96 1587.218 1576.476 1566.21 1555.954 1545.699 1535.443 1526.0 1517.51 1509.02 1500.53 1492.039 1486.247 1480.619 1474.992 1469.364 1468.716 1474.821 1480.926 1487.031 1493.136 1501.313
1959.905 1951.347 1942.789 1930.562 1916.272 1901.982 1887.692 1873.689 1861.743 1849.797 1837.851 1825.905 1815.655 1806.515 1797.375 1788.236 1779.183 1771.054 1762.925 1754.795 1746.666 1739.407 1732.809 1726.211 1719.614 1713.059 1707.321 1701.584 1695.846 1690.108 1684.704 1679.591 1674.479 1669.367 1664.175 1653.513 1642.851 1632.189 1621.527 1610.983 1600.56 1590.137 1579.714 1569.292 1560.19 1551.118 1542.046 1532.973 1524.804 1517.691 1510.579 1503.467 1496.355 1491.946 1487.702 1483.457 1479.213 1480.089 1487.907 1495.725 1503.543 1511.361 1519.056
1948.474 1939.959 1931.445 1918.887 1904.056 1889.226 1874.396 1860.036 1849.052 1838.068 1827.084 1816.1 1806.89 1798.842 1790.794 1782.746 1774.707 1766.761 1758.815 1750.87 1742.924 1735.656 1728.901 1722.147 1715.392 1708.668 1702.525 1696.382 1690.239 1684.096 1678.439 1673.208 1667.977 1662.746 1657.431 1646.352 1635.274 1624.196 1613.118 1602.523 1592.419 1582.315 1572.211 1562.107 1554.17 1546.281 1538.393 1530.504 1523.607 1517.873 1512.139 1506.405 1500.67 1497.644 1494.784 1491.923 1489.063 1491.462 1500.993 1510.524 1520.055 1529.586 1536.799
1936.289 1927.695 1919.101 1906.475 1891.584 1876.692 1861.801 1847.515 1837.575 1827.636 1817.696 1807.757 1799.52 1792.398 1785.276 1778.154 1770.988 1763.35 1755.712 1748.075 1740.437 1733.321 1726.601 1719.881 1713.161 1706.471 1700.361 1694.25 1688.139 1682.029 1676.464 1671.38 1666.295 1661.211 1656.037 1644.739 1633.441 1622.143 1610.845 1600.145 1590.051 1579.958 1569.864 1559.77 1552.697 1545.69 1538.683 1531.677 1525.82 1521.313 1516.805 1512.297 1507.789 1505.901 1504.172 1502.443 1500.715 1504.093 1514.396 1524.7 1535.003 1545.306 1551.658
1922.492 1913.557 1904.623 1892.491 1878.561 1864.631 1850.702 1837.41 1828.691 1819.973 1811.255 1802.537 1795.129 1788.58 1782.031 1775.482 1768.889 1761.824 1754.759 1747.694 1740.629 1734.012 1727.735 1721.458 1715.181 1708.961 1703.818 1698.675 1693.531 1688.388 1683.656 1679.285 1674.914 1670.542 1666.074 1654.976 1643.878 1632.78 1621.682 1610.761 1600.019 1589.277 1578.535 1567.792 1560.938 1554.169 1547.4 1540.631 1535.318 1531.713 1528.108 1524.502 1520.897 1519.621 1518.486 1517.352 1516.218 1519.413 1528.479 1537.545 1546.61 1555.676 1560.355
