data/zism_data/00363_01_D.txt
ncols         224
nrows         224
[rows 28 to 55 of 224, columns 128 to 191 of 224]
1365.616 1365.382 1365.148 1364.92 1364.711 1364.501 1364.292 1364.082 1363.908 1363.747 1363.587 1363.426 1363.282 1363.209 1363.137 1363.065 1362.993 1362.802 1362.547 1362.292 1362.036 1361.778 1361.495 1361.213 1360.93 1360.647 1360.394 1360.162 1359.931 1359.699 1359.462 1359.096 1358.73 1358.364 1357.998 1357.644 1357.301 1356.959 1356.616 1356.274 1355.992 1355.712 1355.432 1355.152 1354.802 1354.36 1353.919 1353.478 1353.036 1352.531 1352.019 1351.506 1350.994 1350.6 1350.416 1350.231 1350.047 1349.862 1349.709 1349.562 1349.415 1349.268 1349.163 1349.163
1366.099 1365.902 1365.706 1365.513 1365.33 1365.148 1364.966 1364.783 1364.644 1364.521 1364.397 1364.274 1364.155 1364.05 1363.946 1363.841 1363.737 1363.503 1363.199 1362.896 1362.592 1362.294 1362.038 1361.782 1361.526 1361.27 1361.013 1360.755 1360.496 1360.238 1359.973 1359.575 1359.177 1358.778 1358.38 1358.005 1357.651 1357.298 1356.945 1356.592 1356.273 1355.955 1355.637 1355.32 1354.953 1354.522 1354.092 1353.661 1353.23 1352.688 1352.132 1351.577 1351.021 1350.606 1350.438 1350.269 1350.101 1349.933 1349.782 1349.635 1349.488 1349.341 1349.237 1349.237
1366.582 1366.423 1366.264 1366.106 1365.95 1365.795 1365.639 1365.484 1365.379 1365.294 1365.208 1365.123 1365.027 1364.891 1364.754 1364.617 1364.481 1364.204 1363.852 1363.5 1363.148 1362.81 1362.581 1362.352 1362.123 1361.894 1361.632 1361.347 1361.062 1360.776 1360.484 1360.054 1359.623 1359.193 1358.762 1358.365 1358.001 1357.637 1357.273 1356.909 1356.554 1356.198 1355.843 1355.488 1355.104 1354.684 1354.264 1353.845 1353.425 1352.844 1352.246 1351.647 1351.048 1350.612 1350.459 1350.307 1350.155 1350.003 1349.855 1349.708 1349.561 1349.414 1349.31 1349.31
1367.016 1366.858 1366.7 1366.55 1366.425 1366.3 1366.175 1366.05 1365.971 1365.908 1365.846 1365.783 1365.703 1365.545 1365.387 1365.229 1365.071 1364.776 1364.409 1364.042 1363.674 1363.322 1363.091 1362.859 1362.628 1362.397 1362.135 1361.852 1361.57 1361.287 1360.996 1360.544 1360.093 1359.641 1359.189 1358.774 1358.396 1358.017 1357.639 1357.26 1356.893 1356.525 1356.158 1355.791 1355.381 1354.917 1354.453 1353.989 1353.525 1352.941 1352.343 1351.745 1351.148 1350.705 1350.536 1350.367 1350.198 1350.029 1349.897 1349.772 1349.647 1349.522 1349.433 1349.433
1367.426 1367.252 1367.078 1366.925 1366.832 1366.74 1366.647 1366.554 1366.495 1366.449 1366.402 1366.356 1366.286 1366.112 1365.938 1365.763 1365.589 1365.289 1364.922 1364.554 1364.187 1363.833 1363.586 1363.338 1363.09 1362.843 1362.584 1362.317 1362.051 1361.784 1361.508 1361.04 1360.572 1360.104 1359.636 1359.205 1358.811 1358.416 1358.022 1357.627 1357.259 1356.892 1356.524 1356.157 1355.717 1355.183 1354.649 1354.115 1353.581 1353.009 1352.433 1351.857 1351.28 1350.84 1350.639 1350.438 1350.236 1350.035 1349.923 1349.831 1349.738 1349.646 1349.58 1349.58
1367.836 1367.646 1367.456 1367.3 1367.239 1367.179 1367.118 1367.058 1367.02 1366.989 1366.959 1366.929 1366.869 1366.678 1366.488 1366.298 1366.108 1365.802 1365.434 1365.067 1364.699 1364.344 1364.08 1363.817 1363.553 1363.289 1363.033 1362.782 1362.532 1362.281 1362.02 1361.536 1361.052 1360.568 1360.084 1359.637 1359.226 1358.815 1358.405 1357.994 1357.625 1357.258 1356.89 1356.523 1356.053 1355.449 1354.845 1354.241 1353.637 1353.077 1352.522 1351.968 1351.413 1350.975 1350.741 1350.508 1350.274 1350.041 1349.95 1349.89 1349.829 1349.769 1349.726 1349.726
1368.247 1368.041 1367.834 1367.674 1367.646 1367.618 1367.59 1367.562 1367.544 1367.53 1367.516 1367.502 1367.452 1367.245 1367.039 1366.832 1366.626 1366.315 1365.947 1365.58 1365.212 1364.855 1364.575 1364.295 1364.015 1363.735 1363.482 1363.247 1363.013 1362.778 1362.532 1362.032 1361.532 1361.031 1360.531 1360.068 1359.641 1359.214 1358.787 1358.361 1357.991 1357.624 1357.257 1356.889 1356.389 1355.714 1355.041 1354.367 1353.693 1353.145 1352.612 1352.079 1351.546 1351.11 1350.844 1350.578 1350.312 1350.046 1349.977 1349.949 1349.921 1349.893 1349.873 1349.873
1368.674 1368.456 1368.238 1368.076 1368.076 1368.076 1368.076 1368.076 1368.076 1368.075 1368.074 1368.074 1368.032 1367.812 1367.592 1367.373 1367.153 1366.837 1366.469 1366.102 1365.734 1365.375 1365.079 1364.783 1364.487 1364.191 1363.937 1363.712 1363.487 1363.263 1363.026 1362.515 1362.005 1361.495 1360.985 1360.507 1360.059 1359.612 1359.165 1358.718 1358.34 1357.964 1357.588 1357.212 1356.681 1355.946 1355.211 1354.476 1353.741 1353.201 1352.682 1352.164 1351.645 1351.209 1350.92 1350.63 1350.34 1350.05 1350.007 1350.015 1350.024 1350.032 1350.042 1350.055
1369.216 1369.014 1368.812 1368.662 1368.662 1368.662 1368.662 1368.662 1368.658 1368.652 1368.646 1368.64 1368.594 1368.38 1368.166 1367.951 1367.737 1367.423 1367.055 1366.688 1366.321 1365.959 1365.647 1365.335 1365.023 1364.711 1364.431 1364.174 1363.917 1363.66 1363.393 1362.915 1362.438 1361.96 1361.482 1360.995 1360.499 1360.004 1359.508 1359.012 1358.57 1358.13 1357.689 1357.249 1356.681 1355.946 1355.211 1354.476 1353.741 1353.172 1352.621 1352.07 1351.519 1351.074 1350.817 1350.56 1350.302 1350.045 1350.06 1350.133 1350.206 1350.279 1350.363 1350.472
1369.758 1369.572 1369.386 1369.248 1369.248 1369.248 1369.248 1369.248 1369.24 1369.229 1369.217 1369.206 1369.157 1368.948 1368.739 1368.53 1368.321 1368.009 1367.641 1367.274 1366.906 1366.544 1366.215 1365.887 1365.559 1365.23 1364.925 1364.635 1364.346 1364.057 1363.761 1363.315 1362.87 1362.424 1361.979 1361.483 1360.939 1360.395 1359.851 1359.307 1358.801 1358.296 1357.791 1357.285 1356.681 1355.946 1355.211 1354.476 1353.741 1353.143 1352.559 1351.976 1351.393 1350.94 1350.715 1350.489 1350.264 1350.039 1350.114 1350.251 1350.389 1350.526 1350.684 1350.89
1370.3 1370.13 1369.96 1369.834 1369.834 1369.834 1369.834 1369.834 1369.822 1369.805 1369.788 1369.772 1369.72 1369.516 1369.312 1369.109 1368.905 1368.595 1368.227 1367.86 1367.493 1367.128 1366.783 1366.439 1366.094 1365.75 1365.419 1365.097 1364.776 1364.454 1364.129 1363.715 1363.302 1362.889 1362.475 1361.971 1361.379 1360.786 1360.194 1359.601 1359.031 1358.461 1357.892 1357.322 1356.681 1355.946 1355.211 1354.476 1353.741 1353.114 1352.498 1351.883 1351.267 1350.805 1350.612 1350.419 1350.226 1350.034 1350.167 1350.369 1350.571 1350.774 1351.005 1351.308
1370.841 1370.688 1370.534 1370.42 1370.42 1370.42 1370.42 1370.42 1370.404 1370.382 1370.36 1370.338 1370.282 1370.084 1369.886 1369.688 1369.489 1369.181 1368.813 1368.446 1368.078 1367.712 1367.351 1366.991 1366.63 1366.269 1365.913 1365.559 1365.205 1364.851 1364.496 1364.115 1363.734 1363.353 1362.972 1362.459 1361.818 1361.177 1360.536 1359.896 1359.261 1358.627 1357.993 1357.358 1356.681 1355.946 1355.211 1354.476 1353.741 1353.085 1352.437 1351.789 1351.141 1350.67 1350.51 1350.349 1350.188 1350.028 1350.22 1350.487 1350.754 1351.021 1351.326 1351.726
1371.4 1371.272 1371.144 1371.049 1371.049 1371.049 1371.049 1371.049 1371.02 1370.98 1370.94 1370.9 1370.828 1370.619 1370.411 1370.202 1369.994 1369.694 1369.345 1368.997 1368.648 1368.297 1367.93 1367.562 1367.195 1366.827 1366.46 1366.093 1365.725 1365.358 1364.99 1364.603 1364.217 1363.831 1363.445 1362.926 1362.277 1361.628 1360.979 1360.33 1359.666 1359.002 1358.337 1357.673 1356.975 1356.234 1355.493 1354.752 1354.011 1353.372 1352.745 1352.118 1351.491 1351.045 1350.917 1350.788 1350.66 1350.532 1350.732 1351.001 1351.27 1351.539 1351.854 1352.282
1371.971 1371.875 1371.779 1371.708 1371.708 1371.708 1371.708 1371.708 1371.66 1371.593 1371.526 1371.458 1371.361 1371.131 1370.901 1370.671 1370.441 1370.155 1369.838 1369.522 1369.205 1368.883 1368.516 1368.148 1367.781 1367.413 1367.046 1366.679 1366.311 1365.944 1365.574 1365.156 1364.737 1364.319 1363.901 1363.376 1362.749 1362.121 1361.494 1360.867 1360.198 1359.528 1358.859 1358.189 1357.483 1356.731 1355.979 1355.228 1354.476 1353.889 1353.322 1352.754 1352.186 1351.789 1351.693 1351.597 1351.501 1351.405 1351.575 1351.801 1352.027 1352.253 1352.531 1352.938
1372.542 1372.478 1372.414 1372.367 1372.367 1372.367 1372.367 1372.367 1372.299 1372.205 1372.111 1372.017 1371.894 1371.642 1371.391 1371.139 1370.888 1370.615 1370.331 1370.047 1369.763 1369.469 1369.102 1368.734 1368.367 1367.999 1367.632 1367.265 1366.897 1366.53 1366.159 1365.708 1365.257 1364.807 1364.356 1363.827 1363.221 1362.615 1362.009 1361.403 1360.73 1360.055 1359.38 1358.704 1357.991 1357.229 1356.466 1355.703 1354.941 1354.406 1353.898 1353.389 1352.881 1352.533 1352.47 1352.406 1352.342 1352.279 1352.419 1352.601 1352.784 1352.967 1353.209 1353.594
1373.112 1373.081 1373.05 1373.027 1373.027 1373.027 1373.027 1373.027 1372.939 1372.818 1372.697 1372.577 1372.427 1372.154 1371.881 1371.608 1371.335 1371.076 1370.824 1370.572 1370.32 1370.055 1369.688 1369.32 1368.953 1368.585 1368.218 1367.851 1367.483 1367.116 1366.743 1366.26 1365.777 1365.294 1364.811 1364.277 1363.693 1363.108 1362.524 1361.94 1361.262 1360.581 1359.901 1359.22 1358.499 1357.726 1356.953 1356.179 1355.406 1354.924 1354.474 1354.025 1353.575 1353.277 1353.246 1353.215 1353.183 1353.152 1353.262 1353.402 1353.542 1353.681 1353.886 1354.25
1373.688 1373.688 1373.688 1373.688 1373.688 1373.688 1373.688 1373.688 1373.581 1373.433 1373.285 1373.137 1372.962 1372.667 1372.373 1372.078 1371.784 1371.537 1371.316 1371.094 1370.873 1370.635 1370.268 1369.901 1369.534 1369.167 1368.8 1368.434 1368.067 1367.701 1367.328 1366.815 1366.301 1365.788 1365.274 1364.736 1364.173 1363.611 1363.048 1362.486 1361.802 1361.114 1360.427 1359.739 1359.01 1358.228 1357.446 1356.664 1355.882 1355.452 1355.062 1354.671 1354.281 1354.031 1354.03 1354.029 1354.027 1354.026 1354.107 1354.205 1354.303 1354.402 1354.571 1354.912
1374.42 1374.42 1374.42 1374.42 1374.42 1374.42 1374.42 1374.42 1374.29 1374.11 1373.929 1373.749 1373.544 1373.234 1372.923 1372.613 1372.302 1372.029 1371.775 1371.521 1371.268 1371.003 1370.652 1370.301 1369.95 1369.6 1369.259 1368.924 1368.59 1368.256 1367.915 1367.434 1366.953 1366.472 1365.991 1365.482 1364.946 1364.411 1363.875 1363.339 1362.599 1361.852 1361.105 1360.358 1359.622 1358.899 1358.176 1357.453 1356.73 1356.355 1356.018 1355.682 1355.345 1355.113 1355.063 1355.013 1354.963 1354.913 1354.995 1355.104 1355.213 1355.322 1355.486 1355.784
1375.153 1375.153 1375.153 1375.153 1375.153 1375.153 1375.153 1375.153 1374.999 1374.786 1374.574 1374.361 1374.127 1373.801 1373.474 1373.147 1372.821 1372.521 1372.235 1371.949 1371.663 1371.371 1371.036 1370.702 1370.367 1370.032 1369.717 1369.415 1369.113 1368.811 1368.503 1368.054 1367.605 1367.156 1366.707 1366.228 1365.719 1365.211 1364.702 1364.193 1363.396 1362.59 1361.784 1360.978 1360.234 1359.57 1358.906 1358.243 1357.579 1357.258 1356.975 1356.692 1356.41 1356.194 1356.095 1355.997 1355.899 1355.801 1355.882 1356.002 1356.122 1356.242 1356.401 1356.657
1375.885 1375.885 1375.885 1375.885 1375.885 1375.885 1375.885 1375.885 1375.708 1375.463 1375.218 1374.974 1374.71 1374.368 1374.025 1373.682 1373.339 1373.012 1372.694 1372.376 1372.057 1371.739 1371.421 1371.102 1370.784 1370.465 1370.175 1369.905 1369.636 1369.366 1369.09 1368.674 1368.257 1367.84 1367.424 1366.974 1366.492 1366.011 1365.529 1365.047 1364.193 1363.328 1362.463 1361.597 1360.845 1360.241 1359.636 1359.032 1358.428 1358.161 1357.932 1357.703 1357.474 1357.275 1357.128 1356.981 1356.835 1356.688 1356.77 1356.901 1357.031 1357.162 1357.316 1357.529
1376.618 1376.618 1376.618 1376.618 1376.618 1376.618 1376.618 1376.618 1376.417 1376.14 1375.863 1375.586 1375.293 1374.934 1374.575 1374.216 1373.857 1373.504 1373.153 1372.803 1372.452 1372.107 1371.805 1371.502 1371.2 1370.898 1370.633 1370.396 1370.159 1369.921 1369.678 1369.293 1368.909 1368.525 1368.141 1367.72 1367.266 1366.811 1366.356 1365.901 1364.99 1364.066 1363.141 1362.217 1361.457 1360.912 1360.367 1359.821 1359.276 1359.063 1358.888 1358.713 1358.538 1358.356 1358.161 1357.966 1357.771 1357.575 1357.658 1357.8 1357.941 1358.082 1358.232 1358.401
1377.35 1377.35 1377.35 1377.348 1377.337 1377.327 1377.317 1377.306 1377.098 1376.814 1376.531 1376.247 1375.948 1375.58 1375.213 1374.846 1374.478 1374.101 1373.718 1373.335 1372.952 1372.578 1372.277 1371.975 1371.674 1371.372 1371.117 1370.897 1370.677 1370.456 1370.23 1369.886 1369.542 1369.198 1368.853 1368.452 1367.996 1367.539 1367.083 1366.627 1365.724 1364.807 1363.89 1362.974 1362.235 1361.728 1361.222 1360.715 1360.208 1360.011 1359.849 1359.686 1359.524 1359.335 1359.099 1358.863 1358.627 1358.391 1358.459 1358.59 1358.722 1358.854 1358.992 1359.146
1378.083 1378.083 1378.083 1378.074 1378.043 1378.011 1377.979 1377.947 1377.749 1377.486 1377.224 1376.962 1376.68 1376.313 1375.945 1375.578 1375.211 1374.812 1374.397 1373.982 1373.567 1373.163 1372.845 1372.527 1372.209 1371.891 1371.63 1371.41 1371.189 1370.969 1370.745 1370.449 1370.153 1369.858 1369.562 1369.168 1368.68 1368.191 1367.702 1367.214 1366.388 1365.552 1364.716 1363.88 1363.194 1362.704 1362.213 1361.723 1361.232 1361.008 1360.813 1360.618 1360.424 1360.202 1359.934 1359.666 1359.398 1359.129 1359.165 1359.264 1359.363 1359.463 1359.582 1359.753
1378.815 1378.815 1378.815 1378.801 1378.748 1378.695 1378.641 1378.588 1378.399 1378.158 1377.918 1377.677 1377.413 1377.045 1376.678 1376.31 1375.943 1375.523 1375.076 1374.629 1374.181 1373.747 1373.413 1373.079 1372.745 1372.411 1372.143 1371.922 1371.702 1371.482 1371.26 1371.013 1370.765 1370.518 1370.27 1369.884 1369.363 1368.843 1368.322 1367.801 1367.052 1366.297 1365.542 1364.787 1364.154 1363.679 1363.205 1362.73 1362.256 1362.004 1361.777 1361.55 1361.323 1361.069 1360.769 1360.469 1360.168 1359.868 1359.87 1359.938 1360.004 1360.071 1360.173 1360.36
1379.548 1379.548 1379.548 1379.528 1379.453 1379.378 1379.303 1379.229 1379.049 1378.83 1378.611 1378.392 1378.145 1377.778 1377.41 1377.043 1376.676 1376.235 1375.755 1375.275 1374.796 1374.331 1373.981 1373.631 1373.281 1372.931 1372.656 1372.435 1372.215 1371.994 1371.775 1371.576 1371.377 1371.178 1370.979 1370.6 1370.047 1369.494 1368.941 1368.388 1367.717 1367.042 1366.368 1365.693 1365.113 1364.655 1364.196 1363.738 1363.28 1363.0 1362.741 1362.482 1362.223 1361.937 1361.604 1361.271 1360.938 1360.606 1360.576 1360.611 1360.646 1360.68 1360.764 1360.967
1380.28 1380.28 1380.28 1380.255 1380.159 1380.062 1379.966 1379.869 1379.7 1379.502 1379.305 1379.107 1378.878 1378.51 1378.143 1377.775 1377.408 1376.946 1376.434 1375.922 1375.41 1374.915 1374.549 1374.182 1373.816 1373.45 1373.168 1372.948 1372.727 1372.507 1372.29 1372.139 1371.989 1371.838 1371.688 1371.316 1370.731 1370.146 1369.56 1368.974 1368.381 1367.787 1367.194 1366.6 1366.072 1365.63 1365.188 1364.746 1364.304 1363.997 1363.705 1363.414 1363.122 1362.804 1362.439 1362.074 1361.709 1361.344 1361.282 1361.284 1361.287 1361.289 1361.354 1361.574
1380.809 1380.809 1380.809 1380.786 1380.698 1380.61 1380.522 1380.434 1380.26 1380.055 1379.849 1379.643 1379.412 1379.075 1378.737 1378.4 1378.062 1377.639 1377.169 1376.7 1376.23 1375.771 1375.394 1375.017 1374.639 1374.262 1373.973 1373.747 1373.522 1373.296 1373.072 1372.87 1372.668 1372.466 1372.264 1371.887 1371.339 1370.791 1370.243 1369.695 1369.109 1368.521 1367.933 1367.345 1366.843 1366.452 1366.061 1365.67 1365.279 1364.971 1364.672 1364.373 1364.074 1363.755 1363.403 1363.051 1362.698 1362.346 1362.284 1362.284 1362.284 1362.284 1362.334 1362.504
1381.322 1381.322 1381.322 1381.302 1381.224 1381.147 1381.07 1380.993 1380.814 1380.598 1380.381 1380.164 1379.931 1379.626 1379.321 1379.015 1378.71 1378.329 1377.908 1377.487 1377.066 1376.649 1376.261 1375.873 1375.485 1375.097 1374.8 1374.569 1374.338 1374.107 1373.875 1373.614 1373.353 1373.092 1372.831 1372.446 1371.941 1371.436 1370.931 1370.427 1369.841 1369.253 1368.665 1368.078 1367.599 1367.261 1366.924 1366.587 1366.25 1365.942 1365.638 1365.334 1365.03 1364.714 1364.377 1364.041 1363.705 1363.369 1363.31 1363.31 1363.31 1363.31 1363.344 1363.461
