data/zism_data/00365_04_D.txt
ncols         224
nrows         224
[rows 28 to 55 of 224, columns 126 to 188 of 224]
1633.232 1623.617 1619.255 1614.894 1610.532 1606.17 1608.215 1612.758 1617.302 1621.845 1627.709 1638.808 1649.908 1661.007 1672.107 1688.317 1706.895 1725.473 1744.05 1763.312 1786.023 1808.733 1831.444 1854.154 1869.967 1882.025 1894.083 1906.14 1916.841 1918.423 1920.005 1921.587 1923.169 1921.316 1917.281 1913.246 1909.211 1906.356 1914.928 1923.501 1932.073 1940.646 1955.959 1976.245 1996.531 2016.818 2036.128 2039.465 2042.802 2046.139 2049.476 2046.744 2038.834 2030.924 2023.014 2014.907 1997.875 1980.844 1963.812 1946.781 1932.469 1920.839 1909.208
1621.963 1612.645 1608.964 1605.284 1601.603 1597.922 1600.084 1604.525 1608.965 1613.406 1619.345 1631.222 1643.1 1654.977 1666.855 1684.269 1704.246 1724.223 1744.201 1764.644 1787.442 1810.239 1833.036 1855.833 1871.099 1882.265 1893.431 1904.597 1914.437 1915.365 1916.293 1917.221 1918.149 1915.378 1910.257 1905.136 1900.015 1896.177 1904.782 1913.387 1921.992 1930.597 1945.971 1966.338 1986.705 2007.073 2026.489 2030.333 2034.178 2038.023 2041.868 2039.761 2032.575 2025.389 2018.203 2010.798 1993.442 1976.087 1958.731 1941.375 1926.595 1914.354 1902.112
1611.0 1602.01 1598.966 1595.922 1592.879 1589.835 1592.107 1596.452 1600.797 1605.142 1611.159 1623.806 1636.453 1649.101 1661.748 1680.461 1701.983 1723.505 1745.026 1766.759 1789.557 1812.355 1835.152 1857.949 1872.551 1882.69 1892.83 1902.969 1911.808 1911.904 1911.999 1912.095 1912.19 1908.472 1902.331 1896.191 1890.05 1885.296 1893.984 1902.671 1911.359 1920.046 1935.569 1956.133 1976.696 1997.261 2016.89 2021.217 2025.544 2029.871 2034.198 2032.662 2026.124 2019.585 2013.047 2006.272 1988.77 1971.268 1953.765 1936.263 1921.163 1908.429 1895.695
1601.843 1593.359 1590.694 1588.028 1585.363 1582.697 1585.036 1589.327 1593.618 1597.909 1604.028 1617.394 1630.76 1644.126 1657.492 1678.073 1701.994 1725.915 1749.836 1773.487 1795.777 1818.067 1840.356 1862.645 1875.889 1884.207 1892.525 1900.844 1907.853 1906.062 1904.272 1902.481 1900.691 1895.857 1889.089 1882.322 1875.554 1870.267 1879.333 1888.399 1897.465 1906.53 1922.721 1944.165 1965.61 1987.055 2007.534 2012.19 2016.847 2021.504 2026.16 2024.881 2018.537 2012.193 2005.85 1999.284 1982.685 1966.085 1949.485 1932.886 1918.336 1905.808 1893.28
1592.686 1584.708 1582.421 1580.134 1577.847 1575.559 1577.966 1582.203 1586.44 1590.676 1596.897 1610.982 1625.067 1639.151 1653.237 1675.684 1702.005 1728.325 1754.646 1780.215 1801.997 1823.779 1845.56 1867.342 1879.227 1885.724 1892.221 1898.718 1903.897 1900.221 1896.544 1892.868 1889.191 1883.241 1875.847 1868.453 1861.058 1855.239 1864.682 1874.127 1883.571 1893.015 1909.872 1932.198 1954.523 1976.85 1998.177 2003.163 2008.15 2013.136 2018.122 2017.1 2010.951 2004.802 1998.652 1992.297 1976.6 1960.903 1945.205 1929.508 1915.51 1903.187 1890.864
1583.529 1576.057 1574.148 1572.239 1570.33 1568.422 1570.895 1575.078 1579.261 1583.444 1589.766 1604.569 1619.373 1634.177 1648.981 1673.296 1702.016 1730.735 1759.455 1786.943 1808.217 1829.491 1850.764 1872.038 1882.565 1887.24 1891.916 1896.592 1899.942 1894.379 1888.817 1883.254 1877.692 1870.626 1862.604 1854.583 1846.562 1840.209 1850.032 1859.854 1869.676 1879.499 1897.024 1920.23 1943.437 1966.644 1988.82 1994.136 1999.452 2004.768 2010.084 2009.319 2003.364 1997.409 1991.455 1985.309 1970.515 1955.72 1940.925 1926.13 1912.684 1900.566 1888.448
1574.372 1567.406 1565.876 1564.345 1562.814 1561.284 1563.825 1567.953 1572.082 1576.211 1582.635 1598.157 1613.68 1629.202 1644.725 1670.907 1702.026 1733.146 1764.265 1793.671 1814.437 1835.203 1855.969 1876.734 1885.903 1888.757 1891.612 1894.466 1895.986 1888.538 1881.089 1873.641 1866.193 1858.01 1849.362 1840.714 1832.066 1825.18 1835.381 1845.582 1855.782 1865.983 1884.176 1908.263 1932.35 1956.438 1979.464 1985.109 1990.755 1996.401 2002.046 2001.538 1995.778 1990.017 1984.257 1978.322 1964.429 1950.537 1936.645 1922.753 1909.858 1897.945 1886.033
1566.623 1559.772 1558.199 1556.626 1555.053 1553.48 1556.321 1560.884 1565.447 1570.01 1576.945 1593.286 1609.627 1625.967 1642.309 1669.402 1701.476 1733.55 1765.623 1795.718 1815.832 1835.945 1856.058 1876.171 1884.298 1885.9 1887.501 1889.103 1889.331 1880.324 1871.317 1862.31 1853.303 1844.311 1835.328 1826.345 1817.362 1810.269 1821.497 1832.725 1843.952 1855.18 1873.885 1898.105 1922.325 1946.545 1969.677 1974.991 1980.305 1985.618 1990.932 1989.899 1983.45 1977.002 1970.553 1963.956 1950.632 1937.309 1923.985 1910.661 1898.098 1886.285 1874.472
1559.836 1552.833 1550.93 1549.027 1547.125 1545.222 1548.523 1553.853 1559.183 1564.514 1572.24 1589.467 1606.694 1623.922 1641.149 1668.501 1700.542 1732.584 1764.625 1794.568 1813.931 1833.293 1852.655 1872.017 1879.319 1880.056 1880.793 1881.529 1880.831 1870.49 1860.148 1849.806 1839.464 1829.871 1820.753 1811.635 1802.517 1795.439 1808.136 1820.834 1833.532 1846.229 1865.341 1889.182 1913.024 1936.866 1959.596 1964.127 1968.657 1973.187 1977.717 1975.626 1967.886 1960.146 1952.405 1944.552 1931.568 1918.585 1905.602 1892.619 1880.239 1868.453 1856.667
1553.049 1545.893 1543.661 1541.428 1539.196 1536.964 1540.724 1546.822 1552.919 1559.017 1567.535 1585.649 1603.762 1621.875 1639.99 1667.6 1699.609 1731.618 1763.627 1793.419 1812.03 1830.641 1849.251 1867.862 1874.34 1874.212 1874.084 1873.956 1872.332 1860.655 1848.979 1837.302 1825.626 1815.431 1806.177 1796.924 1787.671 1780.609 1794.776 1808.944 1823.112 1837.279 1856.797 1880.26 1903.723 1927.187 1949.516 1953.262 1957.009 1960.756 1964.502 1961.354 1952.322 1943.289 1934.257 1925.147 1912.505 1899.862 1887.219 1874.577 1862.379 1850.62 1838.861
1546.261 1538.953 1536.391 1533.829 1531.267 1528.705 1532.925 1539.79 1546.656 1553.521 1562.83 1581.83 1600.83 1619.829 1638.83 1666.699 1698.675 1730.652 1762.628 1792.269 1810.129 1827.989 1845.848 1863.707 1869.36 1868.368 1867.375 1866.382 1863.833 1850.821 1837.81 1824.798 1811.787 1800.991 1791.602 1782.214 1772.826 1765.778 1781.416 1797.054 1812.691 1828.329 1848.253 1871.338 1894.423 1917.508 1939.435 1942.398 1945.361 1948.324 1951.287 1947.081 1936.757 1926.433 1916.109 1905.743 1893.441 1881.139 1868.836 1856.534 1844.519 1832.787 1821.055
1539.437 1531.97 1529.1 1526.229 1523.359 1520.489 1525.173 1532.804 1540.435 1548.066 1558.164 1578.041 1597.918 1617.795 1637.673 1665.785 1697.711 1729.637 1761.562 1791.035 1808.132 1825.229 1842.326 1859.423 1864.245 1862.383 1860.521 1858.659 1855.18 1840.83 1826.48 1812.13 1797.781 1786.43 1776.986 1767.542 1758.098 1751.135 1768.218 1785.303 1802.387 1819.47 1839.78 1862.469 1885.157 1907.847 1929.356 1931.565 1933.775 1935.984 1938.193 1932.962 1921.382 1909.802 1898.222 1886.633 1874.647 1862.66 1850.673 1838.686 1826.826 1815.092 1803.357
1531.782 1524.025 1521.317 1518.608 1515.9 1513.192 1518.447 1526.807 1535.168 1543.528 1554.345 1574.904 1595.462 1616.02 1636.579 1664.596 1696.068 1727.54 1759.011 1787.938 1804.024 1820.111 1836.197 1852.284 1856.126 1853.302 1850.479 1847.655 1843.155 1827.389 1811.624 1795.858 1780.092 1769.223 1761.465 1753.707 1745.949 1740.6 1758.608 1776.617 1794.625 1812.632 1832.877 1854.771 1876.666 1898.561 1919.316 1921.428 1923.54 1925.652 1927.764 1922.231 1910.176 1898.12 1886.065 1874.006 1861.781 1849.557 1837.332 1825.107 1812.8 1800.412 1788.023
1524.128 1516.079 1513.533 1510.987 1508.441 1505.895 1511.72 1520.81 1529.9 1538.99 1550.527 1571.766 1593.005 1614.245 1635.484 1663.407 1694.425 1725.442 1756.46 1784.84 1799.917 1814.993 1830.069 1845.145 1848.008 1844.222 1840.436 1836.651 1831.13 1813.948 1796.767 1779.585 1762.404 1752.015 1745.943 1739.871 1733.799 1730.065 1748.998 1767.93 1786.862 1805.794 1825.974 1847.074 1868.174 1889.274 1909.276 1911.29 1913.305 1915.32 1917.335 1911.501 1898.97 1886.439 1873.907 1861.378 1848.916 1836.453 1823.99 1811.528 1798.774 1785.732 1772.689
1516.474 1508.134 1505.75 1503.366 1500.982 1498.599 1504.994 1514.813 1524.633 1534.452 1546.709 1568.629 1590.549 1612.469 1634.39 1662.218 1692.781 1723.345 1753.909 1781.743 1795.809 1809.875 1823.94 1838.005 1839.89 1835.142 1830.394 1825.646 1819.105 1800.507 1781.91 1763.313 1744.715 1734.808 1730.422 1726.036 1721.65 1719.531 1739.387 1759.244 1779.1 1798.956 1819.071 1839.377 1859.682 1879.988 1899.235 1901.153 1903.07 1904.988 1906.905 1900.77 1887.763 1874.757 1861.75 1848.75 1836.05 1823.35 1810.649 1797.949 1784.747 1771.051 1757.355
1508.82 1500.188 1497.967 1495.745 1493.523 1491.302 1498.267 1508.816 1519.365 1529.914 1542.891 1565.492 1588.093 1610.694 1633.295 1661.028 1691.138 1721.248 1751.358 1778.646 1791.701 1804.756 1817.811 1830.866 1831.771 1826.061 1820.351 1814.642 1807.08 1787.066 1767.053 1747.04 1727.027 1717.6 1714.9 1712.2 1709.5 1708.996 1729.776 1750.558 1771.338 1792.118 1812.168 1831.679 1851.19 1870.702 1889.195 1891.015 1892.835 1894.656 1896.476 1890.039 1876.557 1863.075 1849.593 1836.122 1823.184 1810.246 1797.308 1784.37 1770.721 1756.371 1742.021
1499.761 1491.131 1489.509 1487.886 1486.263 1484.64 1492.45 1503.939 1515.428 1526.917 1540.709 1563.634 1586.559 1609.484 1632.41 1659.691 1688.991 1718.29 1747.589 1774.017 1785.966 1797.915 1809.863 1821.812 1821.244 1813.861 1806.478 1799.095 1790.009 1769.475 1748.94 1728.406 1707.872 1699.406 1698.608 1697.809 1697.011 1698.279 1719.57 1740.863 1762.155 1783.446 1803.268 1822.006 1840.744 1859.483 1877.241 1878.945 1880.649 1882.353 1884.058 1877.991 1865.292 1852.594 1839.896 1827.195 1814.336 1801.477 1788.618 1775.759 1761.841 1746.88 1731.919
1489.258 1480.931 1480.356 1479.782 1479.207 1478.633 1487.569 1500.214 1512.859 1525.505 1540.212 1563.094 1585.976 1608.857 1631.74 1658.203 1686.324 1714.445 1742.566 1767.812 1778.556 1789.299 1800.042 1810.786 1808.236 1798.448 1788.66 1778.873 1767.745 1747.611 1727.476 1707.342 1687.207 1680.195 1681.521 1682.846 1684.172 1687.373 1708.751 1730.13 1751.508 1772.886 1792.313 1810.3 1828.287 1846.274 1863.316 1864.885 1866.454 1868.023 1869.593 1864.586 1853.969 1843.351 1832.733 1822.076 1809.623 1797.169 1784.715 1772.261 1758.259 1742.731 1727.202
1478.755 1470.73 1471.204 1471.677 1472.151 1472.625 1482.687 1496.489 1510.291 1524.093 1539.715 1562.553 1585.392 1608.23 1631.07 1656.714 1683.657 1710.6 1737.543 1761.606 1771.145 1780.683 1790.222 1799.76 1795.228 1783.036 1770.843 1758.65 1745.481 1725.746 1706.012 1686.277 1666.542 1660.985 1664.434 1667.883 1671.333 1676.467 1697.932 1719.397 1740.862 1762.327 1781.357 1798.593 1815.829 1833.065 1849.391 1850.825 1852.259 1853.693 1855.127 1851.181 1842.644 1834.107 1825.571 1816.958 1804.91 1792.861 1780.813 1768.764 1754.677 1738.581 1722.485
1468.251 1460.529 1462.051 1463.573 1465.096 1466.618 1477.806 1492.764 1507.723 1522.681 1539.218 1562.013 1584.808 1607.604 1630.4 1655.225 1680.99 1706.755 1732.52 1755.4 1763.734 1772.067 1780.401 1788.734 1782.22 1767.623 1753.025 1738.428 1723.217 1703.882 1684.547 1665.213 1645.878 1641.774 1647.347 1652.921 1658.494 1665.561 1687.112 1708.664 1730.215 1751.767 1770.402 1786.886 1803.371 1819.856 1835.467 1836.766 1838.064 1839.363 1840.662 1837.777 1831.32 1824.864 1818.408 1811.839 1800.196 1788.553 1776.91 1765.267 1751.095 1734.432 1717.769
1457.748 1450.328 1452.899 1455.469 1458.04 1460.61 1472.925 1489.039 1505.155 1521.269 1538.721 1561.473 1584.225 1606.977 1629.73 1653.736 1678.323 1702.91 1727.496 1749.195 1756.323 1763.452 1770.58 1777.708 1769.213 1752.21 1735.207 1718.205 1700.953 1682.018 1663.083 1644.148 1625.213 1622.564 1630.261 1637.958 1645.655 1654.655 1676.293 1697.931 1719.569 1741.207 1759.446 1775.18 1790.913 1806.647 1821.542 1822.706 1823.87 1825.033 1826.197 1824.372 1819.996 1815.621 1811.245 1806.721 1795.483 1784.245 1773.007 1761.77 1747.514 1730.283 1713.052
1448.687 1442.164 1446.032 1449.901 1453.77 1457.638 1470.801 1487.588 1504.376 1521.163 1539.153 1561.908 1584.662 1607.417 1630.172 1653.287 1676.568 1699.85 1723.131 1743.357 1748.171 1752.984 1757.797 1762.611 1752.985 1735.497 1718.008 1700.521 1683.2 1667.001 1650.803 1634.605 1618.407 1617.089 1625.225 1633.36 1641.496 1650.842 1671.92 1692.998 1714.075 1735.153 1752.447 1766.951 1781.454 1795.959 1809.683 1810.645 1811.608 1812.57 1813.533 1812.485 1809.722 1806.958 1804.195 1801.277 1791.345 1781.414 1771.482 1761.551 1748.465 1732.271 1716.076
1439.714 1434.125 1439.307 1444.489 1449.67 1454.852 1468.846 1486.276 1503.708 1521.138 1539.642 1562.402 1585.162 1607.923 1630.683 1652.902 1674.87 1696.839 1718.807 1737.542 1739.972 1742.403 1744.833 1747.263 1736.558 1718.703 1700.847 1682.992 1665.724 1652.406 1639.088 1625.771 1612.453 1612.459 1620.93 1629.401 1637.871 1647.465 1667.943 1688.421 1708.899 1729.376 1745.691 1758.936 1772.18 1785.425 1797.951 1798.708 1799.465 1800.222 1800.979 1800.691 1799.511 1798.331 1797.152 1795.813 1787.243 1778.673 1770.104 1761.534 1749.696 1734.636 1719.576
1430.741 1426.086 1432.581 1439.076 1445.571 1452.066 1466.891 1484.965 1503.039 1521.113 1540.132 1562.897 1585.663 1608.428 1631.194 1652.517 1673.172 1693.827 1714.482 1731.727 1731.774 1731.821 1731.868 1731.915 1720.132 1701.909 1683.686 1665.463 1648.248 1637.811 1627.374 1616.936 1606.499 1607.829 1616.635 1625.441 1634.247 1644.088 1663.966 1683.844 1703.722 1723.6 1738.935 1750.92 1762.906 1774.891 1786.218 1786.77 1787.322 1787.874 1788.425 1788.897 1789.301 1789.705 1790.109 1790.348 1783.14 1775.933 1768.725 1761.517 1750.927 1737.002 1723.077
1421.768 1418.048 1425.856 1433.664 1441.472 1449.281 1464.937 1483.653 1502.371 1521.088 1540.621 1563.392 1586.163 1608.934 1631.705 1652.133 1671.474 1690.816 1710.157 1725.912 1723.576 1721.239 1718.903 1716.566 1703.706 1685.115 1666.524 1647.934 1630.772 1623.216 1615.659 1608.102 1600.545 1603.199 1612.34 1621.481 1630.622 1640.711 1659.989 1679.268 1698.546 1717.823 1732.179 1742.905 1753.631 1764.358 1774.486 1774.833 1775.179 1775.525 1775.871 1777.103 1779.091 1781.078 1783.065 1784.884 1779.038 1773.192 1767.346 1761.5 1752.157 1739.367 1726.577
1414.373 1411.869 1421.018 1430.167 1439.316 1448.465 1465.157 1484.792 1504.428 1524.063 1544.309 1566.977 1589.645 1612.314 1634.983 1654.153 1671.704 1689.255 1706.805 1720.714 1716.256 1711.799 1707.342 1702.884 1689.427 1671.069 1652.711 1634.354 1617.681 1612.325 1606.97 1601.615 1596.26 1599.953 1609.396 1618.838 1628.28 1638.572 1657.102 1675.633 1694.163 1712.692 1725.932 1735.27 1744.608 1753.946 1762.756 1762.927 1763.097 1763.268 1763.438 1765.222 1768.383 1771.543 1774.704 1777.697 1773.08 1768.462 1763.845 1759.228 1751.162 1739.697 1728.233
1409.432 1408.584 1419.117 1429.649 1440.181 1450.714 1468.762 1489.743 1510.724 1531.704 1552.97 1575.369 1597.767 1620.165 1642.564 1659.917 1674.933 1689.949 1704.965 1716.475 1710.305 1704.134 1697.964 1691.793 1678.488 1661.297 1644.107 1626.917 1611.408 1607.198 1602.989 1598.779 1594.569 1598.86 1608.551 1618.242 1627.933 1638.359 1655.911 1673.463 1691.014 1708.566 1720.476 1728.225 1735.974 1743.724 1751.029 1751.07 1751.111 1751.152 1751.192 1753.205 1756.901 1760.597 1764.292 1767.831 1764.235 1760.639 1757.043 1753.447 1746.705 1736.861 1727.017
1404.492 1405.299 1417.215 1429.131 1441.047 1452.962 1472.367 1494.693 1517.02 1539.346 1561.632 1583.76 1605.888 1628.016 1650.145 1665.68 1678.161 1690.643 1703.125 1712.237 1704.353 1696.469 1688.586 1680.702 1667.548 1651.526 1635.502 1619.48 1605.135 1602.071 1599.007 1595.943 1592.879 1597.767 1607.707 1617.646 1627.585 1638.145 1654.719 1671.293 1687.866 1704.44 1715.02 1721.181 1727.341 1733.501 1739.302 1739.213 1739.124 1739.036 1738.947 1741.188 1745.419 1749.65 1753.88 1757.964 1755.39 1752.815 1750.241 1747.666 1742.247 1734.025 1725.802
