data/zism_data/00368_04_D.txt
ncols         224
nrows         224
[rows 196 to 223 of 224, columns 63 to 125 of 224]
1332.159 1330.92 1329.681 1328.442 1327.098 1325.749 1324.401 1323.052 1321.753 1320.521 1319.289 1318.057 1316.825 1315.692 1314.573 1313.453 1312.334 1311.192 1310.008 1308.823 1307.639 1306.455 1305.251 1304.044 1302.836 1301.629 1300.534 1299.736 1298.939 1298.141 1297.343 1296.611 1295.902 1295.193 1294.484 1293.78 1293.093 1292.405 1291.718 1291.031 1290.41 1289.822 1289.234 1288.646 1288.039 1287.305 1286.57 1285.835 1285.1 1284.376 1283.658 1282.94 1282.223 1281.503 1280.751 1279.999 1279.247 1278.495 1277.684 1276.82 1275.955 1275.091 1274.226
1331.564 1330.303 1329.042 1327.781 1326.452 1325.12 1323.787 1322.455 1321.16 1319.917 1318.675 1317.432 1316.189 1315.065 1313.956 1312.848 1311.739 1310.606 1309.427 1308.248 1307.069 1305.89 1304.679 1303.461 1302.243 1301.024 1299.941 1299.214 1298.486 1297.759 1297.031 1296.305 1295.58 1294.855 1294.13 1293.416 1292.745 1292.074 1291.403 1290.732 1290.116 1289.528 1288.94 1288.352 1287.745 1287.011 1286.276 1285.541 1284.806 1284.075 1283.347 1282.618 1281.89 1281.161 1280.419 1279.678 1278.937 1278.196 1277.385 1276.509 1275.634 1274.759 1273.883
1330.925 1329.647 1328.369 1327.091 1325.776 1324.46 1323.144 1321.828 1320.543 1319.3 1318.057 1316.815 1315.572 1314.454 1313.351 1312.249 1311.147 1310.017 1308.835 1307.652 1306.47 1305.288 1304.085 1302.878 1301.671 1300.464 1299.402 1298.725 1298.048 1297.371 1296.694 1295.974 1295.24 1294.505 1293.77 1293.053 1292.405 1291.756 1291.108 1290.46 1289.843 1289.242 1288.641 1288.04 1287.422 1286.687 1285.952 1285.217 1284.482 1283.752 1283.023 1282.295 1281.567 1280.839 1280.117 1279.396 1278.674 1277.952 1277.15 1276.275 1275.4 1274.525 1273.65
1330.223 1328.934 1327.645 1326.356 1325.057 1323.757 1322.457 1321.157 1319.888 1318.662 1317.435 1316.209 1314.982 1313.866 1312.763 1311.661 1310.559 1309.423 1308.225 1307.026 1305.828 1304.63 1303.459 1302.295 1301.131 1299.967 1298.943 1298.287 1297.632 1296.977 1296.321 1295.607 1294.872 1294.137 1293.403 1292.692 1292.076 1291.46 1290.844 1290.229 1289.601 1288.968 1288.334 1287.701 1287.054 1286.319 1285.585 1284.85 1284.115 1283.394 1282.682 1281.97 1281.257 1280.547 1279.857 1279.168 1278.479 1277.79 1277.012 1276.153 1275.294 1274.435 1273.576
1329.521 1328.221 1326.922 1325.622 1324.338 1323.054 1321.77 1320.487 1319.234 1318.023 1316.813 1315.603 1314.393 1313.278 1312.176 1311.073 1309.971 1308.83 1307.615 1306.401 1305.186 1303.971 1302.833 1301.712 1300.591 1299.47 1298.484 1297.85 1297.216 1296.582 1295.948 1295.24 1294.505 1293.77 1293.035 1292.331 1291.748 1291.164 1290.581 1289.997 1289.359 1288.693 1288.027 1287.362 1286.687 1285.952 1285.217 1284.482 1283.748 1283.036 1282.34 1281.644 1280.948 1280.255 1279.598 1278.941 1278.284 1277.627 1276.873 1276.031 1275.188 1274.345 1273.502
1328.819 1327.509 1326.198 1324.888 1323.618 1322.351 1321.083 1319.816 1318.579 1317.385 1316.191 1314.997 1313.803 1312.69 1311.588 1310.486 1309.383 1308.236 1307.005 1305.775 1304.544 1303.313 1302.206 1301.129 1300.051 1298.974 1298.024 1297.412 1296.8 1296.187 1295.575 1294.872 1294.137 1293.403 1292.668 1291.97 1291.419 1290.868 1290.317 1289.766 1289.117 1288.419 1287.721 1287.022 1286.319 1285.585 1284.85 1284.115 1283.38 1282.678 1281.999 1281.319 1280.639 1279.963 1279.338 1278.714 1278.089 1277.465 1276.735 1275.908 1275.082 1274.255 1273.428
1328.117 1326.796 1325.474 1324.153 1322.899 1321.648 1320.396 1319.145 1317.925 1316.747 1315.569 1314.391 1313.213 1312.102 1311.0 1309.898 1308.796 1307.643 1306.396 1305.149 1303.902 1302.655 1301.58 1300.546 1299.511 1298.477 1297.565 1296.974 1296.383 1295.793 1295.202 1294.505 1293.77 1293.035 1292.3 1291.609 1291.091 1290.572 1290.053 1289.535 1288.875 1288.144 1287.414 1286.683 1285.952 1285.217 1284.482 1283.748 1283.013 1282.32 1281.657 1280.993 1280.33 1279.671 1279.078 1278.486 1277.894 1277.302 1276.596 1275.786 1274.976 1274.165 1273.355
1327.457 1326.153 1324.849 1323.546 1322.294 1321.045 1319.796 1318.547 1317.334 1316.172 1315.011 1313.849 1312.687 1311.566 1310.449 1309.333 1308.217 1307.054 1305.805 1304.556 1303.307 1302.058 1301.045 1300.086 1299.128 1298.169 1297.305 1296.689 1296.073 1295.457 1294.841 1294.151 1293.435 1292.719 1292.003 1291.324 1290.791 1290.258 1289.725 1289.192 1288.524 1287.789 1287.054 1286.319 1285.585 1284.85 1284.115 1283.38 1282.645 1281.971 1281.338 1280.705 1280.071 1279.437 1278.778 1278.12 1277.462 1276.804 1276.094 1275.337 1274.581 1273.824 1273.068
1326.804 1325.521 1324.239 1322.957 1321.706 1320.457 1319.208 1317.959 1316.753 1315.608 1314.462 1313.317 1312.171 1311.037 1309.905 1308.772 1307.64 1306.467 1305.217 1303.968 1302.719 1301.47 1300.522 1299.645 1298.768 1297.89 1297.076 1296.427 1295.779 1295.131 1294.482 1293.8 1293.105 1292.411 1291.717 1291.05 1290.496 1289.941 1289.386 1288.831 1288.156 1287.422 1286.687 1285.952 1285.217 1284.482 1283.748 1283.013 1282.278 1281.623 1281.022 1280.421 1279.82 1279.212 1278.472 1277.733 1276.994 1276.255 1275.537 1274.84 1274.143 1273.445 1272.748
1326.15 1324.889 1323.629 1322.368 1321.118 1319.869 1318.62 1317.371 1316.172 1315.043 1313.913 1312.784 1311.655 1310.508 1309.36 1308.211 1307.062 1305.879 1304.63 1303.38 1302.131 1300.882 1300.0 1299.204 1298.407 1297.611 1296.847 1296.166 1295.485 1294.804 1294.123 1293.448 1292.776 1292.103 1291.43 1290.777 1290.2 1289.624 1289.047 1288.471 1287.789 1287.054 1286.319 1285.585 1284.85 1284.115 1283.38 1282.646 1281.911 1281.275 1280.706 1280.138 1279.569 1278.986 1278.166 1277.346 1276.526 1275.705 1274.98 1274.343 1273.705 1273.067 1272.429
1325.496 1324.257 1323.018 1321.779 1320.53 1319.281 1318.032 1316.783 1315.591 1314.478 1313.365 1312.252 1311.139 1309.98 1308.815 1307.65 1306.485 1305.291 1304.042 1302.792 1301.543 1300.294 1299.478 1298.763 1298.047 1297.332 1296.617 1295.904 1295.191 1294.478 1293.764 1293.097 1292.446 1291.794 1291.143 1290.503 1289.905 1289.307 1288.709 1288.111 1287.422 1286.687 1285.952 1285.217 1284.482 1283.748 1283.013 1282.278 1281.543 1280.927 1280.391 1279.854 1279.318 1278.761 1277.86 1276.959 1276.058 1275.156 1274.423 1273.845 1273.267 1272.688 1272.11
1324.775 1323.571 1322.368 1321.165 1319.928 1318.69 1317.452 1316.213 1315.031 1313.925 1312.819 1311.713 1310.607 1309.433 1308.25 1307.067 1305.884 1304.687 1303.463 1302.239 1301.015 1299.791 1299.021 1298.356 1297.691 1297.026 1296.342 1295.607 1294.872 1294.137 1293.403 1292.744 1292.113 1291.481 1290.85 1290.221 1289.603 1288.986 1288.368 1287.75 1287.054 1286.319 1285.585 1284.85 1284.116 1283.392 1282.668 1281.944 1281.22 1280.611 1280.081 1279.55 1279.02 1278.465 1277.52 1276.576 1275.632 1274.687 1273.952 1273.41 1272.867 1272.325 1271.783
1323.916 1322.778 1321.639 1320.501 1319.298 1318.092 1316.886 1315.68 1314.512 1313.395 1312.278 1311.162 1310.045 1308.851 1307.646 1306.442 1305.237 1304.052 1302.904 1301.755 1300.607 1299.459 1298.694 1298.018 1297.342 1296.666 1295.974 1295.24 1294.505 1293.77 1293.035 1292.389 1291.773 1291.158 1290.543 1289.924 1289.29 1288.656 1288.022 1287.388 1286.687 1285.952 1285.217 1284.482 1283.753 1283.062 1282.37 1281.678 1280.987 1280.362 1279.783 1279.204 1278.624 1278.026 1277.114 1276.202 1275.29 1274.378 1273.653 1273.1 1272.546 1271.993 1271.44
1323.057 1321.984 1320.91 1319.837 1318.668 1317.494 1316.32 1315.147 1313.993 1312.865 1311.738 1310.61 1309.483 1308.268 1307.042 1305.816 1304.59 1303.417 1302.344 1301.271 1300.199 1299.126 1298.367 1297.68 1296.993 1296.307 1295.607 1294.872 1294.137 1293.403 1292.668 1292.033 1291.434 1290.835 1290.236 1289.627 1288.977 1288.326 1287.676 1287.026 1286.319 1285.585 1284.85 1284.115 1283.39 1282.731 1282.072 1281.412 1280.753 1280.113 1279.485 1278.857 1278.229 1277.587 1276.707 1275.828 1274.948 1274.068 1273.353 1272.789 1272.225 1271.661 1271.097
1322.199 1321.19 1320.181 1319.173 1318.037 1316.896 1315.755 1314.614 1313.474 1312.335 1311.197 1310.059 1308.921 1307.686 1306.438 1305.19 1303.943 1302.782 1301.785 1300.788 1299.79 1298.793 1298.039 1297.342 1296.645 1295.947 1295.24 1294.505 1293.77 1293.035 1292.3 1291.678 1291.095 1290.512 1289.929 1289.329 1288.663 1287.997 1287.33 1286.664 1285.952 1285.217 1284.482 1283.748 1283.027 1282.4 1281.773 1281.146 1280.52 1279.863 1279.187 1278.51 1277.834 1277.148 1276.301 1275.453 1274.606 1273.759 1273.054 1272.479 1271.904 1271.329 1270.754
1321.34 1320.396 1319.452 1318.508 1317.407 1316.298 1315.189 1314.081 1312.955 1311.806 1310.657 1309.507 1308.358 1307.103 1305.834 1304.565 1303.295 1302.147 1301.225 1300.304 1299.382 1298.461 1297.712 1297.004 1296.296 1295.588 1294.872 1294.137 1293.402 1292.668 1291.933 1291.322 1290.756 1290.189 1289.622 1289.032 1288.35 1287.667 1286.984 1286.302 1285.585 1284.85 1284.115 1283.38 1282.664 1282.069 1281.475 1280.88 1280.286 1279.614 1278.889 1278.164 1277.439 1276.709 1275.894 1275.079 1274.264 1273.449 1272.754 1272.168 1271.583 1270.997 1270.411
1320.475 1319.579 1318.683 1317.786 1316.693 1315.591 1314.489 1313.387 1312.267 1311.125 1309.982 1308.839 1307.697 1306.465 1305.221 1303.978 1302.734 1301.619 1300.742 1299.866 1298.99 1298.114 1297.369 1296.654 1295.94 1295.225 1294.505 1293.77 1293.035 1292.3 1291.565 1290.964 1290.409 1289.854 1289.299 1288.716 1288.022 1287.327 1286.633 1285.938 1285.217 1284.482 1283.748 1283.013 1282.299 1281.724 1281.149 1280.574 1279.999 1279.306 1278.532 1277.759 1276.985 1276.213 1275.456 1274.699 1273.943 1273.186 1272.504 1271.89 1271.277 1270.663 1270.049
1319.609 1318.756 1317.903 1317.05 1315.958 1314.856 1313.754 1312.652 1311.537 1310.405 1309.273 1308.141 1307.01 1305.813 1304.607 1303.401 1302.195 1301.117 1300.279 1299.441 1298.602 1297.764 1297.022 1296.302 1295.581 1294.861 1294.137 1293.402 1292.668 1291.933 1291.198 1290.604 1290.06 1289.516 1288.973 1288.396 1287.691 1286.985 1286.28 1285.575 1284.85 1284.115 1283.38 1282.645 1281.933 1281.375 1280.816 1280.257 1279.698 1278.983 1278.161 1277.339 1276.517 1275.702 1275.01 1274.318 1273.627 1272.935 1272.267 1271.621 1270.975 1270.328 1269.682
1318.743 1317.933 1317.123 1316.313 1315.224 1314.121 1313.019 1311.917 1310.807 1309.686 1308.565 1307.444 1306.323 1305.16 1303.992 1302.824 1301.656 1300.616 1299.816 1299.015 1298.214 1297.414 1296.674 1295.949 1295.223 1294.498 1293.77 1293.035 1292.3 1291.565 1290.831 1290.245 1289.712 1289.179 1288.646 1288.075 1287.359 1286.643 1285.927 1285.211 1284.482 1283.748 1283.013 1282.278 1281.568 1281.026 1280.483 1279.941 1279.398 1278.661 1277.79 1276.919 1276.048 1275.191 1274.564 1273.937 1273.31 1272.683 1272.029 1271.351 1270.672 1269.994 1269.316
1317.877 1317.11 1316.343 1315.576 1314.489 1313.387 1312.284 1311.182 1310.077 1308.966 1307.856 1306.746 1305.635 1304.508 1303.378 1302.247 1301.117 1300.115 1299.352 1298.589 1297.827 1297.064 1296.327 1295.596 1294.865 1294.134 1293.402 1292.668 1291.933 1291.198 1290.463 1289.885 1289.363 1288.841 1288.318 1287.755 1287.028 1286.301 1285.574 1284.847 1284.115 1283.38 1282.645 1281.911 1281.203 1280.677 1280.15 1279.624 1279.098 1278.338 1277.418 1276.499 1275.579 1274.681 1274.119 1273.556 1272.994 1272.432 1271.792 1271.081 1270.37 1269.659 1268.949
1317.086 1316.319 1315.551 1314.784 1313.688 1312.578 1311.467 1310.356 1309.25 1308.151 1307.052 1305.952 1304.853 1303.774 1302.699 1301.624 1300.548 1299.594 1298.868 1298.141 1297.415 1296.689 1295.959 1295.228 1294.497 1293.767 1293.039 1292.316 1291.594 1290.872 1290.15 1289.572 1289.045 1288.518 1287.991 1287.423 1286.692 1285.961 1285.231 1284.5 1283.772 1283.046 1282.32 1281.593 1280.894 1280.375 1279.857 1279.338 1278.82 1278.049 1277.106 1276.164 1275.221 1274.303 1273.776 1273.249 1272.722 1272.195 1271.559 1270.824 1270.089 1269.355 1268.62
1316.508 1315.617 1314.726 1313.834 1312.702 1311.559 1310.416 1309.273 1308.153 1307.064 1305.975 1304.887 1303.798 1302.812 1301.839 1300.866 1299.893 1299.017 1298.323 1297.63 1296.936 1296.242 1295.531 1294.817 1294.102 1293.388 1292.685 1292.011 1291.338 1290.664 1289.99 1289.389 1288.814 1288.238 1287.662 1287.059 1286.344 1285.63 1284.915 1284.201 1283.5 1282.806 1282.112 1281.418 1280.745 1280.21 1279.675 1279.141 1278.606 1277.858 1276.964 1276.069 1275.175 1274.3 1273.724 1273.149 1272.573 1271.997 1271.339 1270.604 1269.869 1269.134 1268.399
1315.931 1314.916 1313.9 1312.884 1311.716 1310.541 1309.365 1308.19 1307.055 1305.977 1304.899 1303.822 1302.744 1301.849 1300.979 1300.109 1299.239 1298.441 1297.779 1297.118 1296.456 1295.795 1295.103 1294.405 1293.707 1293.009 1292.331 1291.706 1291.081 1290.456 1289.831 1289.206 1288.582 1287.958 1287.334 1286.694 1285.996 1285.298 1284.6 1283.901 1283.228 1282.566 1281.905 1281.243 1280.596 1280.045 1279.494 1278.943 1278.392 1277.666 1276.821 1275.975 1275.13 1274.297 1273.673 1273.049 1272.424 1271.8 1271.118 1270.383 1269.649 1268.914 1268.179
1315.354 1314.214 1313.074 1311.935 1310.73 1309.522 1308.314 1307.106 1305.958 1304.89 1303.823 1302.756 1301.689 1300.887 1300.119 1299.351 1298.584 1297.864 1297.235 1296.606 1295.977 1295.348 1294.676 1293.994 1293.311 1292.629 1291.977 1291.4 1290.824 1290.247 1289.671 1289.023 1288.351 1287.678 1287.005 1286.33 1285.648 1284.966 1284.284 1283.602 1282.955 1282.326 1281.697 1281.068 1280.447 1279.88 1279.312 1278.745 1278.178 1277.474 1276.678 1275.881 1275.084 1274.294 1273.621 1272.949 1272.276 1271.603 1270.898 1270.163 1269.428 1268.693 1267.958
1314.777 1313.513 1312.249 1310.985 1309.744 1308.503 1307.263 1306.023 1304.86 1303.804 1302.747 1301.691 1300.635 1299.924 1299.259 1298.594 1297.929 1297.288 1296.691 1296.094 1295.497 1294.901 1294.248 1293.582 1292.916 1292.25 1291.622 1291.095 1290.567 1290.039 1289.511 1288.841 1288.119 1287.398 1286.676 1285.966 1285.3 1284.635 1283.969 1283.303 1282.683 1282.086 1281.49 1280.893 1280.298 1279.714 1279.131 1278.548 1277.964 1277.283 1276.535 1275.786 1275.038 1274.291 1273.57 1272.849 1272.127 1271.406 1270.677 1269.943 1269.208 1268.473 1267.738
1314.476 1313.154 1311.833 1310.511 1309.248 1307.987 1306.726 1305.465 1304.296 1303.255 1302.213 1301.172 1300.13 1299.457 1298.832 1298.206 1297.581 1296.969 1296.381 1295.793 1295.206 1294.618 1293.989 1293.351 1292.714 1292.076 1291.459 1290.897 1290.336 1289.775 1289.214 1288.53 1287.803 1287.076 1286.349 1285.638 1284.993 1284.347 1283.701 1283.055 1282.456 1281.88 1281.304 1280.728 1280.147 1279.536 1278.924 1278.313 1277.702 1277.024 1276.301 1275.578 1274.855 1274.132 1273.421 1272.71 1271.998 1271.287 1270.563 1269.829 1269.094 1268.359 1267.624
1314.281 1312.927 1311.573 1310.219 1308.938 1307.661 1306.384 1305.107 1303.936 1302.91 1301.885 1300.86 1299.834 1299.177 1298.568 1297.959 1297.35 1296.749 1296.161 1295.573 1294.985 1294.397 1293.795 1293.19 1292.584 1291.979 1291.367 1290.741 1290.115 1289.489 1288.863 1288.17 1287.454 1286.738 1286.022 1285.324 1284.7 1284.076 1283.452 1282.828 1282.246 1281.687 1281.127 1280.567 1279.996 1279.352 1278.708 1278.065 1277.421 1276.74 1276.033 1275.326 1274.619 1273.914 1273.235 1272.556 1271.877 1271.198 1270.49 1269.755 1269.02 1268.285 1267.551
1314.085 1312.699 1311.313 1309.926 1308.629 1307.335 1306.042 1304.749 1303.575 1302.566 1301.557 1300.548 1299.538 1298.897 1298.305 1297.712 1297.119 1296.528 1295.94 1295.353 1294.765 1294.177 1293.601 1293.028 1292.455 1291.882 1291.276 1290.585 1289.894 1289.203 1288.512 1287.811 1287.106 1286.4 1285.695 1285.01 1284.408 1283.805 1283.203 1282.6 1282.037 1281.493 1280.949 1280.406 1279.845 1279.169 1278.492 1277.816 1277.14 1276.455 1275.765 1275.074 1274.383 1273.695 1273.049 1272.402 1271.755 1271.109 1270.416 1269.682 1268.947 1268.212 1267.477
