data/zism_data/00379_01_D.txt
ncols         224
nrows         224
[rows 168 to 195 of 224, columns 0 to 62 of 224]
200.0 200.0 200.0 200.0 200.3857 201.7862 203.1867 204.5872 205.9877 214.7511 226.113 237.475 248.837 260.2617 271.9323 283.6031 295.274 306.9447 314.5827 320.2043 325.826 331.4476 336.1378 334.6189 333.1 331.5811 330.0621 332.7302 338.2576 343.7849 349.3123 355.0357 363.9449 372.8542 381.7634 390.6727 397.7389 403.1158 408.4928 413.8697 419.2466 421.2007 423.1044 425.0081 426.9118 427.0063 424.8828 422.7594 420.636 418.5126 425.5161 433.3888 441.2616 449.1343 458.4202 470.0431 481.666 493.2889 504.9118 510.8835 515.7834 520.6835 525.5835
200.0 200.0 200.0 200.0 200.2958 201.3698 202.4439 203.518 204.5921 212.6996 223.2896 233.8795 244.4695 255.4962 268.2389 280.9817 293.7245 306.4673 314.8903 321.1533 327.4164 333.6794 338.7196 335.6076 332.4956 329.3835 326.2715 327.6709 332.1512 336.6315 341.1118 345.8402 354.6001 363.36 372.12 380.8799 389.2646 397.3056 405.3465 413.3874 421.4283 424.3224 427.1407 429.9591 432.7774 432.4242 428.1832 423.9423 419.7013 415.4603 421.4588 428.4324 435.4061 442.3798 451.3598 463.6579 475.956 488.2541 500.5521 506.2001 510.5869 514.9738 519.3606
200.0 200.0 200.0 200.0 200.2293 201.0622 201.8951 202.7279 203.5607 210.8842 220.4986 230.1129 239.7272 250.2841 264.5439 278.8037 293.0636 307.3234 317.049 324.5074 331.9659 339.4244 345.3111 340.7195 336.128 331.5364 326.9449 327.2342 330.8568 334.4794 338.102 342.0423 351.1453 360.2483 369.3513 378.4543 387.8002 397.3689 406.9376 416.5063 426.0749 430.0372 433.9169 437.7967 441.6765 441.6116 436.7112 431.8109 426.9105 422.0102 427.5109 434.002 440.4933 446.9845 455.276 466.5449 477.8138 489.0826 500.3515 504.9702 508.3279 511.6854 515.043
200.0 200.0 200.0 200.0 200.1629 200.7545 201.3462 201.9378 202.5294 209.0689 217.7076 226.3463 234.985 245.0721 260.8488 276.6257 292.4026 308.1795 319.2077 327.8616 336.5154 345.1693 351.9025 345.8314 339.7604 333.6893 327.6183 326.7976 329.5625 332.3274 335.0923 338.2444 347.6905 357.1366 366.5827 376.0288 386.3358 397.4323 408.5287 419.6251 430.7216 435.752 440.6931 445.6343 450.5755 450.7989 445.2392 439.6795 434.1198 428.5601 433.5629 439.5717 445.5804 451.5892 459.1922 469.4319 479.6715 489.9112 500.1509 503.7404 506.0688 508.3971 510.7254
200.0 200.0 200.0 200.0 200.0965 200.4469 200.7973 201.1477 201.4981 207.2535 214.9166 222.5797 230.2427 239.8599 257.1537 274.4477 291.7417 309.0356 321.3665 331.2157 341.065 350.9142 358.4939 350.9433 343.3928 335.8422 328.2916 326.3609 328.2681 330.1753 332.0825 334.4466 344.2357 354.0249 363.8141 373.6032 384.8714 397.4956 410.1198 422.744 435.3682 441.4667 447.4694 453.472 459.4745 459.9863 453.7672 447.5481 441.3291 435.11 439.615 445.1413 450.6676 456.1939 463.1084 472.3189 481.5293 490.7398 499.9503 502.5106 503.8097 505.1087 506.4078
200.0 200.0 200.0 200.0 200.0301 200.1392 200.2484 200.3576 200.4668 205.4381 212.1256 218.813 225.5005 234.6478 253.4587 272.2697 291.0807 309.8918 323.5252 334.5699 345.6145 356.6591 365.0853 356.0552 347.0252 337.9951 328.965 325.9243 326.9738 328.0232 329.0727 330.6487 340.7809 350.9132 361.0454 371.1777 383.407 397.559 411.7109 425.8629 440.0148 447.1815 454.2455 461.3096 468.3735 469.1736 462.2952 455.4167 448.5383 441.6599 445.6671 450.7109 455.7547 460.7986 467.0246 475.2059 483.3871 491.5684 499.7497 501.2807 501.5505 501.8204 502.0902
200.0 200.0 200.0 200.0 200.0 200.0 200.0 200.0 200.0 204.3888 210.3266 216.2643 222.2021 230.971 250.8617 270.7525 290.6434 310.5342 325.2482 337.3739 349.4995 361.6251 370.8615 360.8361 350.8106 340.7852 330.7598 326.7393 326.8195 326.8997 326.98 327.6575 338.0419 348.4262 358.8106 369.1949 381.9653 396.9231 411.8809 426.8387 441.7965 449.6855 457.4706 465.2556 473.0406 474.2882 467.5222 460.7563 453.9903 447.2243 451.0204 455.8224 460.6245 465.4265 471.0709 478.1084 485.146 492.1836 499.2211 499.8132 499.1829 498.5526 497.9223
200.0 200.0 200.0 200.0 200.0 200.0 200.0 200.0 200.0 203.9728 209.3477 214.7226 220.0976 228.5636 249.1725 269.7817 290.3908 311.0 326.611 339.7229 352.8349 365.9468 375.9632 365.3428 354.7224 344.102 333.4816 328.5889 327.6077 326.6266 325.6454 325.3334 335.8947 346.4559 357.0172 367.5784 380.5424 395.7093 410.8762 426.0431 441.2099 449.5351 457.7597 465.9843 474.2088 476.0357 470.0202 464.0047 457.9892 451.9737 455.7959 460.555 465.3141 470.0732 475.2243 481.0237 486.823 492.6223 498.4216 498.1494 496.7257 495.3021 493.8784
200.0 200.0 200.0 200.0 200.0 200.0 200.0 200.0 200.0 203.5567 208.3688 213.1809 217.993 226.1561 247.4834 268.8108 290.1383 311.4657 327.9737 342.072 356.1703 370.2686 381.065 369.8496 358.6342 347.4188 336.2034 330.4385 328.396 326.3535 324.3109 323.0093 333.7474 344.4856 355.2237 365.9618 379.1196 394.4955 409.8714 425.2474 440.6233 449.3847 458.0488 466.713 475.377 477.7832 472.5182 467.2531 461.9881 456.7231 460.5714 465.2876 470.0038 474.72 479.3778 483.9388 488.4999 493.061 497.6221 496.4856 494.2686 492.0515 489.8345
200.0 200.0 200.0 200.0 200.0 200.0 200.0 200.0 200.0 203.1407 207.39 211.6392 215.8885 223.7486 245.7942 267.84 289.8857 311.9315 329.3365 344.4211 359.5057 374.5903 386.1668 374.3564 362.546 350.7355 338.9251 332.2881 329.1842 326.0803 322.9764 320.6852 331.6002 342.5152 353.4303 364.3453 377.6967 393.2817 408.8667 424.4517 440.0367 449.2343 458.338 467.4417 476.5453 479.5307 475.0161 470.5016 465.987 461.4725 465.3469 470.0202 474.6935 479.3668 483.5313 486.8541 490.1769 493.4997 496.8225 494.8218 491.8114 488.801 485.7906
200.0 200.0 200.0 200.0 200.0 200.0 200.0 200.0 200.0 202.7247 206.4111 210.0975 213.7839 221.3412 244.1051 266.8691 289.6332 312.3973 330.6992 346.7701 362.8411 378.912 391.2686 378.8631 366.4577 354.0523 341.6469 334.1378 329.9725 325.8072 321.6419 318.361 329.453 340.5449 351.6368 362.7288 376.2738 392.0679 407.8619 423.656 439.45 449.0839 458.6271 468.1703 477.7135 481.2782 477.5141 473.75 469.986 466.2219 470.1224 474.7527 479.3832 484.0136 487.6847 489.7693 491.8539 493.9384 496.023 493.158 489.3542 485.5505 481.7467
200.0 200.0 200.0 200.0 200.0 200.0 200.0 200.0 200.0 202.5296 205.952 209.3744 212.7968 219.8628 241.2425 262.6224 284.0022 305.3821 323.3419 339.5917 355.8416 372.0914 384.7659 373.6058 362.4457 351.2856 340.1255 332.865 328.2675 323.67 319.0724 315.3528 325.898 336.4433 346.9886 357.5339 370.8582 386.7303 402.6023 418.4743 434.3464 444.7349 455.0427 465.3506 475.6583 480.3251 478.0771 475.829 473.5809 471.3329 474.0478 477.2354 480.4229 483.6105 485.8685 486.589 487.3095 488.03 488.7505 486.0456 482.6911 479.3366 475.9821
200.0 200.0 200.0 200.0 200.0 200.0 200.0 200.0 200.0 202.3394 205.5045 208.6696 211.8347 218.4052 238.3537 258.3023 278.2509 298.1995 315.7895 332.2001 348.6107 365.0214 378.0036 368.13 358.2564 348.3828 338.5092 331.5223 326.5066 321.491 316.4754 312.3292 322.3116 332.294 342.2765 352.2589 365.3532 381.3003 397.2474 413.1945 429.1416 440.2919 451.3716 462.4514 473.531 479.3117 478.5967 477.8818 477.1668 476.4519 477.9542 479.6676 481.381 483.0944 483.9187 483.2722 482.6259 481.9794 481.333 478.8113 475.9339 473.0565 470.179
200.0 200.0 200.0 200.0 200.0 200.0 200.0 200.0 200.0 202.1492 205.0571 207.9648 210.8727 216.9477 235.4648 253.9822 272.4995 291.0169 308.237 324.8084 341.3799 357.9513 371.2412 362.6541 354.0671 345.48 336.8929 330.1796 324.7458 319.3121 313.8783 309.3056 318.7252 328.1448 337.5644 346.984 359.8483 375.8704 391.8925 407.9147 423.9369 435.8489 447.7005 459.5521 471.4037 478.2982 479.1164 479.9346 480.7527 481.5709 481.8605 482.0998 482.3391 482.5783 481.9688 479.9555 477.9422 475.9289 473.9156 471.577 469.1767 466.7763 464.376
200.0 200.0 200.0 200.0 200.0 200.0 200.0 200.0 200.0 201.9591 204.6096 207.2601 209.9106 215.4901 232.576 249.6621 266.7482 283.8343 300.6845 317.4167 334.149 350.8813 364.4788 357.1783 349.8777 342.5772 335.2766 328.8369 322.985 317.1331 311.2813 306.282 315.1388 323.9955 332.8523 341.709 354.3433 370.4405 386.5377 402.6349 418.7321 431.4059 444.0294 456.6529 469.2763 477.2848 479.6361 481.9874 484.3387 486.69 485.7669 484.532 483.2971 482.0623 480.019 476.6388 473.2586 469.8784 466.4982 464.3427 462.4194 460.4962 458.5729
200.0408 200.0298 200.0189 200.0079 200.0 200.0 200.0 200.0 200.0 201.798 204.2307 206.6633 209.096 214.2701 230.214 246.158 262.1021 278.0461 294.636 311.5488 328.4617 345.3745 359.3156 353.4462 347.5768 341.7074 335.838 329.6095 323.1357 316.6619 310.1881 304.5506 312.5027 320.4548 328.4069 336.3589 348.4454 364.3218 380.1983 396.0747 411.9512 425.2378 438.4864 451.735 464.9835 474.0614 478.0269 481.9924 485.9579 489.9234 488.0048 485.5258 483.0468 480.5679 477.2491 472.5414 467.8337 463.1261 458.4184 456.8999 455.9861 455.0724 454.1587
200.1406 200.1029 200.0651 200.0274 200.0 200.0 200.0 200.0 200.0 201.6792 203.951 206.2228 208.4947 213.3938 228.614 243.8343 259.0547 274.275 290.7631 307.885 325.0069 342.1288 356.4657 352.2366 348.0075 343.7784 339.5493 333.4418 326.0513 318.6609 311.2704 304.6883 311.2413 317.7943 324.3472 330.9002 341.9791 357.2069 372.4348 387.6626 402.8904 416.5744 430.2357 443.8971 457.5583 467.6414 473.3384 479.0354 484.7324 490.4294 487.8293 484.439 481.0487 477.6584 473.2929 467.3148 461.3367 455.3586 449.3805 449.1554 450.0214 450.8874 451.7534
200.2405 200.1759 200.1113 200.0468 200.0 200.0 200.0 200.0 200.0 201.5603 203.6713 205.7823 207.8933 212.5174 227.014 241.5106 256.0073 270.504 286.8902 304.2211 321.5521 338.883 353.6157 351.0269 348.4382 345.8495 343.2607 337.2741 328.9669 320.6599 312.3528 304.826 309.9799 315.1338 320.2876 325.4415 335.5128 350.092 364.6712 379.2504 393.8296 407.911 421.985 436.0591 450.1331 461.2214 468.6499 476.0784 483.5069 490.9354 487.6537 483.3522 479.0505 474.7489 469.3368 462.0883 454.8397 447.5912 440.3426 441.411 444.0567 446.7024 449.3481
200.3403 200.2489 200.1576 200.0662 200.0 200.0 200.0 200.0 200.0 201.4414 203.3916 205.3418 207.292 211.6411 225.4139 239.1869 252.9598 266.7328 283.0171 300.5571 318.0972 335.6372 350.7656 349.8172 348.8689 347.9205 346.9722 341.1065 331.8827 322.659 313.4352 304.9637 308.7184 312.4731 316.2279 319.9826 329.0464 342.9769 356.9074 370.838 384.7685 399.2473 413.7341 428.2209 442.7076 454.8012 463.9613 473.1213 482.2814 491.4414 487.4782 482.2653 477.0523 471.8393 465.3806 456.8615 448.3425 439.8234 431.3044 433.6663 438.0918 442.5173 446.9428
200.4401 200.322 200.2038 200.0856 200.0 200.0 200.0 200.0 200.0 201.3226 203.112 204.9013 206.6907 210.7647 223.8139 236.8632 249.9124 262.9617 279.1442 296.8932 314.6424 332.3914 347.9156 348.6076 349.2996 349.9916 350.6836 344.9388 334.7983 324.658 314.5175 305.1014 307.457 309.8127 312.1683 314.5239 322.5801 335.862 349.1439 362.4258 375.7077 390.5839 405.4834 420.383 435.2824 448.3813 459.2728 470.1643 481.0559 491.9474 487.3027 481.1784 475.0541 468.9298 461.4244 451.6349 441.8455 432.056 422.2665 425.9218 432.1271 438.3323 444.5375
201.1769 200.8609 200.5449 200.229 200.0 200.0 200.0 200.0 200.0 201.3035 203.067 204.8306 206.5941 210.6322 223.6057 236.5793 249.5528 262.5264 278.913 297.0061 315.0993 333.1924 349.1241 350.6464 352.1687 353.6911 355.2134 349.253 338.1823 327.1118 316.0411 305.6771 306.7957 307.9142 309.0327 310.1513 317.2845 329.9313 342.5781 355.2248 367.8716 382.3293 396.8137 411.2981 425.7823 439.208 451.336 463.464 475.592 487.7201 483.6943 478.1302 472.566 467.0018 459.7737 449.7937 439.8137 429.8337 419.8537 424.2825 431.444 438.6054 445.7669
202.0354 201.4889 200.9425 200.396 200.0 200.0 200.0 200.0 200.0 201.3035 203.067 204.8306 206.5941 210.642 223.6637 236.6855 249.7073 262.7292 279.3784 297.8414 316.3045 334.7675 351.1089 353.3066 355.5043 357.7021 359.8998 353.6592 341.6559 329.6526 317.6493 306.3366 306.2491 306.1615 306.0739 305.9864 312.2128 324.227 336.2413 348.2555 360.2698 374.153 388.0638 401.9746 415.8853 429.5081 442.7779 456.0477 469.3175 482.5872 479.4292 474.7067 469.9841 465.2615 458.5639 448.6 438.6361 428.6722 418.7083 423.811 431.7712 439.7314 447.6915
202.894 202.117 201.34 200.563 200.0 200.0 200.0 200.0 200.0 201.3035 203.067 204.8306 206.5941 210.6518 223.7218 236.7918 249.8619 262.9319 279.8439 298.6768 317.5096 336.3425 353.0936 355.9668 358.84 361.7131 364.5863 358.0655 345.1294 332.1935 319.2574 306.9962 305.7025 304.4088 303.1152 301.8215 307.1411 318.5228 329.9045 341.2862 352.6679 365.9768 379.314 392.6512 405.9883 419.8081 434.2197 448.6313 463.0429 477.4545 475.1641 471.2831 467.4022 463.5212 457.3542 447.4063 437.4585 427.5107 417.5628 423.3395 432.0984 440.8573 449.6162
203.7525 202.745 201.7375 200.7301 200.0 200.0 200.0 200.0 200.0 201.3035 203.067 204.8306 206.5941 210.6616 223.7798 236.8981 250.0164 263.1347 280.3093 299.5121 318.7148 337.9176 355.0784 358.627 362.1756 365.7241 369.2727 362.4718 348.603 334.7343 320.8654 307.6557 305.1559 302.6562 300.1564 297.6566 302.0693 312.8185 323.5677 334.3169 345.066 357.8005 370.5641 383.3277 396.0912 410.1082 425.6616 441.2149 456.7683 472.3217 470.899 467.8596 464.8203 461.7809 456.1444 446.2126 436.2809 426.3492 416.4174 422.868 432.4256 441.9832 451.5408
204.9777 203.6413 202.3049 200.9684 200.0 200.0 200.0 200.0 200.0 201.2906 203.0368 204.783 206.5292 210.575 223.6545 236.7342 249.8139 262.8936 280.1224 299.4258 318.7291 338.0325 355.2878 358.8908 362.4937 366.0966 369.6996 362.6736 348.3888 334.1042 319.8195 306.167 302.7868 299.4067 296.0266 292.6464 296.3881 306.6582 316.9283 327.1984 337.4685 349.792 362.1456 374.4993 386.8528 400.9443 417.166 433.3878 449.6095 465.8312 465.4334 463.4528 461.4722 459.4916 454.582 444.8285 435.075 425.3214 415.5679 422.1658 431.8649 441.5639 451.263
207.194 205.2625 203.3311 201.3996 200.0 200.0 200.0 200.0 200.0 201.2431 202.925 204.6068 206.2887 210.2277 223.0339 235.8402 248.6465 261.4528 278.1724 296.8485 315.5247 334.2009 350.6991 352.6778 354.6565 356.6352 358.6139 351.5117 338.2079 324.9043 311.6005 298.8721 295.4919 292.1118 288.7317 285.3515 289.0596 299.2654 309.4712 319.677 329.8828 342.237 354.6228 367.0086 379.3943 393.2289 408.8396 424.4502 440.0609 455.6715 456.7231 456.3882 456.0533 455.7184 452.0667 442.9296 433.7925 424.6554 415.5183 420.8402 428.9043 436.9684 445.0325
209.4102 206.8837 204.3573 201.8308 200.0 200.0 200.0 200.0 200.0 201.1956 202.8131 204.4306 206.0482 209.8804 222.4133 234.9462 247.4791 260.012 276.2223 294.2713 312.3204 330.3694 346.1103 346.4648 346.8192 347.1737 347.5282 340.3498 328.027 315.7043 303.3815 291.5771 288.197 284.8169 281.4367 278.0566 281.7312 291.8726 302.0141 312.1555 322.297 334.682 347.0999 359.5179 371.9358 385.5136 400.5131 415.5127 430.5122 445.5117 448.0128 449.3235 450.6343 451.9451 449.5513 441.0307 432.51 423.9894 415.4688 419.5146 425.9437 432.3729 438.802
211.6265 208.505 205.3835 202.262 200.0 200.0 200.0 200.0 200.0 201.148 202.7012 204.2544 205.8076 209.5332 221.7926 234.0521 246.3117 258.5712 274.2723 291.6941 309.116 326.5378 341.5215 340.2518 338.982 337.7122 336.4425 329.1878 317.846 306.5043 295.1625 284.2823 280.9021 277.522 274.1418 270.7617 274.4027 284.4798 294.5569 304.6341 314.7112 327.127 339.5771 352.0273 364.4773 377.7982 392.1867 406.5751 420.9635 435.352 439.3025 442.2589 445.2154 448.1719 447.0359 439.1317 431.2276 423.3234 415.4192 418.189 422.9832 427.7773 432.5715
