data/zism_data/00375_01_D.txt
ncols         224
nrows         224
[rows 0 to 27 of 224, columns 126 to 188 of 224]
1146.494 1144.714 1142.683 1140.652 1138.621 1136.571 1134.467 1132.363 1130.26 1128.156 1126.178 1124.247 1122.317 1120.386 1118.623 1117.58 1116.537 1115.493 1114.45 1114.838 1115.99 1117.141 1118.293 1119.499 1121.124 1122.75 1124.375 1126.001 1127.037 1127.646 1128.254 1128.863 1129.479 1130.259 1131.039 1131.819 1132.599 1133.076 1133.26 1133.443 1133.626 1133.81 1133.753 1133.688 1133.624 1133.559 1133.738 1134.231 1134.725 1135.219 1135.713 1136.833 1138.024 1139.216 1140.407 1141.522 1142.502 1143.483 1144.463 1145.444 1144.732 1143.664 1142.596
1146.489 1144.74 1142.741 1140.742 1138.744 1136.75 1134.771 1132.791 1130.812 1128.832 1127.002 1125.228 1123.454 1121.68 1120.091 1119.302 1118.513 1117.723 1116.934 1117.509 1118.811 1120.114 1121.417 1122.758 1124.394 1126.03 1127.667 1129.303 1130.306 1130.85 1131.394 1131.938 1132.483 1133.047 1133.61 1134.174 1134.738 1134.994 1134.951 1134.907 1134.864 1134.821 1134.416 1134.001 1133.585 1133.17 1133.021 1133.217 1133.414 1133.611 1133.808 1134.753 1135.782 1136.811 1137.84 1138.83 1139.752 1140.673 1141.594 1142.515 1141.753 1140.636 1139.519
1146.485 1144.766 1142.799 1140.833 1138.867 1136.929 1135.074 1133.219 1131.364 1129.508 1127.825 1126.208 1124.591 1122.974 1121.56 1121.024 1120.489 1119.953 1119.417 1120.179 1121.633 1123.087 1124.541 1126.017 1127.664 1129.311 1130.958 1132.605 1133.575 1134.054 1134.533 1135.013 1135.486 1135.834 1136.182 1136.53 1136.878 1136.912 1136.642 1136.372 1136.102 1135.831 1135.079 1134.313 1133.547 1132.78 1132.304 1132.203 1132.103 1132.003 1131.903 1132.672 1133.539 1134.406 1135.274 1136.139 1137.001 1137.862 1138.724 1139.586 1138.773 1137.608 1136.442
1146.48 1144.792 1142.858 1140.924 1138.99 1137.109 1135.378 1133.647 1131.916 1130.184 1128.649 1127.189 1125.728 1124.267 1123.028 1122.747 1122.465 1122.183 1121.901 1122.85 1124.455 1126.06 1127.665 1129.276 1130.934 1132.592 1134.249 1135.907 1136.844 1137.259 1137.673 1138.087 1138.489 1138.621 1138.753 1138.885 1139.017 1138.83 1138.333 1137.836 1137.339 1136.842 1135.743 1134.625 1133.508 1132.391 1131.587 1131.189 1130.792 1130.395 1129.998 1130.591 1131.297 1132.002 1132.707 1133.448 1134.25 1135.052 1135.855 1136.657 1135.794 1134.58 1133.366
1146.412 1144.762 1142.875 1140.988 1139.102 1137.286 1135.672 1134.057 1132.443 1130.829 1129.448 1128.156 1126.864 1125.571 1124.513 1124.463 1124.412 1124.362 1124.312 1125.418 1127.141 1128.865 1130.588 1132.302 1133.941 1135.58 1137.219 1138.858 1139.752 1140.106 1140.46 1140.814 1141.151 1141.119 1141.087 1141.055 1141.023 1140.656 1139.964 1139.271 1138.578 1137.886 1136.476 1135.045 1133.614 1132.183 1131.068 1130.365 1129.662 1128.959 1128.256 1128.625 1129.114 1129.604 1130.094 1130.646 1131.309 1131.972 1132.634 1133.297 1132.392 1131.158 1129.924
1146.176 1144.586 1142.785 1140.985 1139.185 1137.458 1135.941 1134.424 1132.907 1131.39 1130.181 1129.088 1127.996 1126.903 1126.04 1126.162 1126.285 1126.407 1126.529 1127.717 1129.473 1131.229 1132.985 1134.716 1136.257 1137.799 1139.341 1140.883 1141.708 1142.013 1142.318 1142.624 1142.913 1142.854 1142.796 1142.737 1142.678 1142.24 1141.434 1140.628 1139.822 1139.016 1137.393 1135.746 1134.099 1132.452 1131.072 1130.039 1129.007 1127.975 1126.942 1126.957 1127.091 1127.224 1127.357 1127.555 1127.867 1128.179 1128.49 1128.802 1127.881 1126.701 1125.521
1145.94 1144.41 1142.696 1140.982 1139.268 1137.631 1136.211 1134.791 1133.371 1131.951 1130.913 1130.021 1129.128 1128.235 1127.566 1127.862 1128.157 1128.452 1128.747 1130.016 1131.804 1133.593 1135.381 1137.129 1138.574 1140.018 1141.463 1142.907 1143.663 1143.92 1144.177 1144.434 1144.676 1144.59 1144.504 1144.418 1144.332 1143.823 1142.904 1141.984 1141.065 1140.146 1138.31 1136.447 1134.584 1132.721 1131.076 1129.714 1128.352 1126.99 1125.628 1125.29 1125.067 1124.844 1124.621 1124.464 1124.425 1124.386 1124.347 1124.307 1123.37 1122.244 1121.117
1145.704 1144.234 1142.606 1140.979 1139.351 1137.803 1136.48 1135.158 1133.835 1132.512 1131.646 1130.953 1130.26 1129.567 1129.093 1129.561 1130.029 1130.497 1130.965 1132.315 1134.136 1135.956 1137.777 1139.543 1140.89 1142.238 1143.585 1144.932 1145.619 1145.827 1146.036 1146.244 1146.438 1146.325 1146.212 1146.099 1145.986 1145.407 1144.374 1143.341 1142.309 1141.276 1139.227 1137.148 1135.069 1132.99 1131.079 1129.388 1127.697 1126.006 1124.315 1123.623 1123.043 1122.464 1121.884 1121.373 1120.983 1120.593 1120.203 1119.812 1118.859 1117.786 1116.714
1145.468 1144.057 1142.516 1140.975 1139.434 1137.975 1136.75 1135.524 1134.299 1133.073 1132.378 1131.885 1131.392 1130.899 1130.62 1131.261 1131.901 1132.542 1133.183 1134.614 1136.467 1138.32 1140.173 1141.956 1143.207 1144.457 1145.707 1146.957 1147.575 1147.735 1147.894 1148.054 1148.2 1148.061 1147.921 1147.781 1147.641 1146.99 1145.844 1144.698 1143.552 1142.406 1140.144 1137.849 1135.554 1133.259 1131.083 1129.063 1127.042 1125.022 1123.001 1121.955 1121.019 1120.084 1119.148 1118.282 1117.541 1116.8 1116.059 1115.318 1114.348 1113.329 1112.311
1144.68 1143.276 1141.765 1140.254 1138.744 1137.346 1136.27 1135.193 1134.117 1133.041 1132.537 1132.252 1131.967 1131.682 1131.603 1132.417 1133.23 1134.044 1134.858 1136.297 1138.071 1139.845 1141.618 1143.315 1144.424 1145.533 1146.642 1147.751 1148.302 1148.449 1148.596 1148.743 1148.879 1148.755 1148.633 1148.51 1148.386 1147.723 1146.536 1145.348 1144.16 1142.972 1140.457 1137.902 1135.347 1132.792 1130.347 1128.045 1125.743 1123.441 1121.139 1119.842 1118.657 1117.473 1116.288 1115.228 1114.387 1113.547 1112.706 1111.865 1111.025 1110.184 1109.343
1143.698 1142.28 1140.78 1139.28 1137.781 1136.435 1135.526 1134.617 1133.708 1132.799 1132.494 1132.419 1132.345 1132.27 1132.395 1133.382 1134.368 1135.354 1136.341 1137.763 1139.418 1141.073 1142.728 1144.301 1145.254 1146.206 1147.158 1148.111 1148.596 1148.743 1148.89 1149.037 1149.174 1149.083 1148.993 1148.902 1148.811 1148.156 1146.952 1145.748 1144.544 1143.34 1140.557 1137.727 1134.896 1132.066 1129.351 1126.784 1124.217 1121.651 1119.084 1117.57 1116.175 1114.78 1113.385 1112.187 1111.335 1110.484 1109.632 1108.781 1108.121 1107.502 1106.883
1142.715 1141.284 1139.795 1138.306 1136.817 1135.523 1134.781 1134.04 1133.298 1132.556 1132.451 1132.587 1132.723 1132.859 1133.187 1134.346 1135.505 1136.665 1137.824 1139.229 1140.765 1142.301 1143.837 1145.287 1146.083 1146.879 1147.675 1148.471 1148.89 1149.037 1149.184 1149.331 1149.469 1149.411 1149.353 1149.295 1149.236 1148.589 1147.369 1146.148 1144.928 1143.708 1140.657 1137.551 1134.446 1131.34 1128.354 1125.523 1122.691 1119.86 1117.029 1115.299 1113.693 1112.088 1110.482 1109.146 1108.283 1107.421 1106.559 1105.696 1105.218 1104.82 1104.422
1141.733 1140.289 1138.81 1137.332 1135.854 1134.612 1134.037 1133.463 1132.889 1132.314 1132.407 1132.754 1133.1 1133.447 1133.979 1135.311 1136.643 1137.975 1139.307 1140.694 1142.112 1143.529 1144.946 1146.273 1146.913 1147.552 1148.191 1148.83 1149.184 1149.331 1149.478 1149.625 1149.765 1149.739 1149.713 1149.687 1149.661 1149.021 1147.785 1146.549 1145.312 1144.076 1140.757 1137.376 1133.995 1130.614 1127.357 1124.261 1121.166 1118.07 1114.974 1113.028 1111.212 1109.395 1107.579 1106.105 1105.231 1104.358 1103.485 1102.612 1102.314 1102.138 1101.961
1140.516 1139.098 1137.667 1136.236 1134.804 1133.637 1133.22 1132.802 1132.384 1131.966 1132.236 1132.766 1133.297 1133.828 1134.532 1135.982 1137.432 1138.882 1140.332 1141.677 1142.967 1144.257 1145.547 1146.749 1147.288 1147.826 1148.365 1148.903 1149.229 1149.402 1149.574 1149.746 1149.91 1149.908 1149.906 1149.904 1149.902 1149.234 1147.92 1146.606 1145.292 1143.978 1140.413 1136.781 1133.149 1129.516 1126.034 1122.747 1119.46 1116.173 1112.886 1110.823 1108.898 1106.973 1105.048 1103.516 1102.673 1101.831 1100.989 1100.146 1100.0 1100.0 1100.0
1138.38 1137.142 1135.9 1134.658 1133.416 1132.418 1132.113 1131.809 1131.504 1131.2 1131.559 1132.171 1132.783 1133.395 1134.146 1135.499 1136.852 1138.204 1139.557 1140.763 1141.891 1143.019 1144.147 1145.22 1145.877 1146.534 1147.192 1147.849 1148.297 1148.594 1148.89 1149.186 1149.469 1149.456 1149.443 1149.43 1149.417 1148.583 1146.95 1145.318 1143.685 1142.053 1138.326 1134.537 1130.748 1126.959 1123.431 1120.241 1117.052 1113.862 1110.672 1108.881 1107.248 1105.614 1103.981 1102.704 1102.057 1101.409 1100.761 1100.113 1100.0 1100.0 1100.0
1136.244 1135.187 1134.133 1133.08 1132.027 1131.198 1131.007 1130.816 1130.625 1130.434 1130.883 1131.576 1132.269 1132.962 1133.761 1135.016 1136.272 1137.527 1138.783 1139.849 1140.815 1141.781 1142.747 1143.69 1144.467 1145.243 1146.019 1146.795 1147.365 1147.785 1148.206 1148.626 1149.028 1149.004 1148.98 1148.956 1148.933 1147.931 1145.98 1144.029 1142.078 1140.127 1136.239 1132.293 1128.348 1124.402 1120.828 1117.735 1114.643 1111.55 1108.458 1106.938 1105.597 1104.255 1102.913 1101.893 1101.44 1100.986 1100.532 1100.079 1100.0 1100.0 1100.0
1134.108 1133.231 1132.366 1131.502 1130.638 1129.979 1129.901 1129.823 1129.745 1129.668 1130.207 1130.981 1131.755 1132.529 1133.375 1134.533 1135.692 1136.85 1138.008 1138.935 1139.739 1140.543 1141.347 1142.161 1143.056 1143.951 1144.846 1145.741 1146.433 1146.977 1147.522 1148.067 1148.586 1148.552 1148.517 1148.483 1148.448 1147.28 1145.01 1142.74 1140.471 1138.201 1134.152 1130.05 1125.948 1121.846 1118.225 1115.229 1112.234 1109.239 1106.243 1104.996 1103.946 1102.896 1101.845 1101.082 1100.823 1100.563 1100.304 1100.045 1100.0 1100.0 1100.0
1131.972 1131.275 1130.599 1129.924 1129.249 1128.759 1128.795 1128.83 1128.866 1128.902 1129.531 1130.386 1131.241 1132.095 1132.989 1134.05 1135.111 1136.172 1137.234 1138.021 1138.663 1139.305 1139.947 1140.632 1141.645 1142.659 1143.673 1144.687 1145.5 1146.169 1146.838 1147.507 1148.145 1148.1 1148.054 1148.009 1147.964 1146.628 1144.04 1141.452 1138.863 1136.275 1132.065 1127.806 1123.547 1119.289 1115.621 1112.723 1109.825 1106.927 1104.029 1103.053 1102.295 1101.536 1100.778 1100.27 1100.206 1100.141 1100.076 1100.011 1100.0 1100.0 1100.0
1129.744 1129.239 1128.735 1128.231 1127.726 1127.387 1127.514 1127.642 1127.769 1127.897 1128.55 1129.403 1130.256 1131.109 1131.98 1132.93 1133.879 1134.829 1135.778 1136.445 1136.961 1137.477 1137.992 1138.563 1139.548 1140.532 1141.517 1142.502 1143.309 1143.987 1144.665 1145.343 1145.988 1145.918 1145.847 1145.777 1145.706 1144.224 1141.371 1138.518 1135.666 1132.813 1128.729 1124.609 1120.489 1116.369 1112.94 1110.409 1107.878 1105.347 1102.816 1102.052 1101.488 1100.924 1100.36 1100.0 1100.0 1100.0 1100.0 1100.0 1100.006 1100.013 1100.02
1127.469 1127.164 1126.822 1126.479 1126.137 1125.938 1126.147 1126.355 1126.564 1126.772 1127.416 1128.226 1129.036 1129.846 1130.66 1131.49 1132.321 1133.152 1133.983 1134.538 1134.945 1135.353 1135.761 1136.224 1137.106 1137.989 1138.871 1139.753 1140.489 1141.118 1141.748 1142.377 1142.974 1142.871 1142.768 1142.666 1142.563 1140.944 1137.854 1134.763 1131.673 1128.582 1124.77 1120.936 1117.102 1113.268 1110.219 1108.19 1106.161 1104.133 1102.104 1101.522 1101.104 1100.685 1100.267 1100.0 1100.0 1100.0 1100.0 1100.0 1100.015 1100.033 1100.051
1125.195 1125.089 1124.908 1124.728 1124.548 1124.49 1124.779 1125.069 1125.358 1125.648 1126.283 1127.05 1127.816 1128.583 1129.339 1130.051 1130.763 1131.475 1132.187 1132.63 1132.93 1133.23 1133.53 1133.885 1134.665 1135.445 1136.224 1137.004 1137.668 1138.249 1138.83 1139.411 1139.96 1139.825 1139.689 1139.554 1139.419 1137.664 1134.336 1131.008 1127.68 1124.352 1120.81 1117.263 1113.715 1110.167 1107.498 1105.971 1104.445 1102.918 1101.391 1100.992 1100.719 1100.446 1100.174 1100.0 1100.0 1100.0 1100.0 1100.0 1100.024 1100.053 1100.081
1122.92 1123.014 1122.995 1122.977 1122.958 1123.041 1123.412 1123.782 1124.153 1124.523 1125.149 1125.873 1126.596 1127.32 1128.019 1128.612 1129.205 1129.798 1130.391 1130.723 1130.915 1131.106 1131.298 1131.547 1132.224 1132.901 1133.578 1134.255 1134.848 1135.38 1135.912 1136.444 1136.946 1136.778 1136.611 1136.443 1136.275 1134.384 1130.818 1127.253 1123.687 1120.121 1116.851 1113.589 1110.328 1107.066 1104.777 1103.753 1102.728 1101.704 1100.679 1100.461 1100.334 1100.208 1100.081 1100.0 1100.0 1100.0 1100.0 1100.0 1100.033 1100.072 1100.112
1120.646 1120.936 1121.08 1121.224 1121.368 1121.593 1122.044 1122.496 1122.947 1123.399 1124.016 1124.697 1125.378 1126.059 1126.701 1127.177 1127.653 1128.129 1128.605 1128.827 1128.913 1129.0 1129.087 1129.227 1129.775 1130.322 1130.87 1131.418 1131.902 1132.34 1132.777 1133.215 1133.624 1133.402 1133.18 1132.958 1132.736 1130.755 1127.063 1123.372 1119.681 1115.99 1113.037 1110.107 1107.177 1104.246 1102.342 1101.771 1101.2 1100.629 1100.058 1100.0 1100.0 1100.0 1100.0 1100.0 1100.0 1100.0 1100.0 1100.0 1100.048 1100.106 1100.164
1118.376 1118.84 1119.152 1119.463 1119.775 1120.144 1120.677 1121.209 1121.742 1122.274 1122.887 1123.53 1124.173 1124.816 1125.407 1125.775 1126.143 1126.511 1126.879 1127.007 1127.007 1127.007 1127.008 1127.036 1127.276 1127.516 1127.756 1127.995 1128.119 1128.157 1128.195 1128.233 1128.251 1127.83 1127.408 1126.986 1126.564 1124.799 1121.729 1118.659 1115.588 1112.518 1110.197 1107.899 1105.6 1103.301 1101.81 1101.369 1100.927 1100.486 1100.045 1100.0 1100.0 1100.0 1100.0 1100.0 1100.0 1100.0 1100.0 1100.0 1100.106 1100.234 1100.363
1116.105 1116.745 1117.224 1117.703 1118.182 1118.696 1119.309 1119.923 1120.536 1121.15 1121.757 1122.362 1122.968 1123.573 1124.113 1124.373 1124.633 1124.893 1125.152 1125.187 1125.101 1125.015 1124.928 1124.845 1124.777 1124.709 1124.641 1124.573 1124.335 1123.974 1123.612 1123.251 1122.878 1122.257 1121.635 1121.014 1120.392 1118.844 1116.394 1113.945 1111.496 1109.046 1107.357 1105.69 1104.023 1102.356 1101.279 1100.967 1100.655 1100.343 1100.032 1100.0 1100.0 1100.0 1100.0 1100.0 1100.0 1100.0 1100.0 1100.0 1100.164 1100.363 1100.561
1113.834 1114.649 1115.295 1115.942 1116.588 1117.247 1117.942 1118.636 1119.331 1120.025 1120.627 1121.195 1121.762 1122.33 1122.819 1122.971 1123.123 1123.275 1123.427 1123.367 1123.194 1123.022 1122.849 1122.653 1122.278 1121.902 1121.526 1121.151 1120.552 1119.791 1119.03 1118.269 1117.505 1116.684 1115.863 1115.041 1114.22 1112.888 1111.06 1109.231 1107.403 1105.575 1104.517 1103.482 1102.447 1101.411 1100.747 1100.565 1100.383 1100.201 1100.018 1100.0 1100.0 1100.0 1100.0 1100.0 1100.0 1100.0 1100.0 1100.0 1100.222 1100.491 1100.759
1111.564 1112.553 1113.367 1114.181 1114.995 1115.799 1116.574 1117.349 1118.125 1118.9 1119.498 1120.027 1120.557 1121.087 1121.525 1121.569 1121.613 1121.657 1121.7 1121.547 1121.288 1121.029 1120.77 1120.462 1119.779 1119.095 1118.412 1117.728 1116.768 1115.608 1114.447 1113.287 1112.132 1111.111 1110.09 1109.069 1108.048 1106.932 1105.725 1104.518 1103.31 1102.103 1101.676 1101.273 1100.87 1100.467 1100.216 1100.163 1100.11 1100.058 1100.005 1100.0 1100.0 1100.0 1100.0 1100.0 1100.0 1100.0 1100.0 1100.0 1100.28 1100.619 1100.958
1110.145 1111.199 1112.087 1112.975 1113.863 1114.731 1115.539 1116.347 1117.155 1117.964 1118.531 1119.007 1119.483 1119.959 1120.338 1120.299 1120.261 1120.222 1120.184 1119.945 1119.6 1119.255 1118.91 1118.502 1117.616 1116.731 1115.846 1114.96 1113.845 1112.565 1111.284 1110.003 1108.735 1107.758 1106.781 1105.804 1104.827 1103.924 1103.094 1102.264 1101.434 1100.603 1100.455 1100.328 1100.2 1100.072 1100.006 1100.018 1100.031 1100.044 1100.057 1100.087 1100.119 1100.151 1100.183 1100.212 1100.234 1100.257 1100.279 1100.302 1100.615 1100.988 1101.362
