data/zism_data/00372_01_D.txt
ncols         224
nrows         224
[rows 196 to 223 of 224, columns 0 to 62 of 224]
3622.844 3624.947 3627.051 3629.154 3632.233 3635.325 3638.418 3641.51 3644.96 3648.874 3652.788 3656.702 3660.615 3664.732 3668.875 3673.018 3677.161 3681.023 3684.321 3687.619 3690.917 3694.215 3695.407 3696.012 3696.618 3697.224 3697.635 3697.396 3697.157 3696.918 3696.679 3697.01 3697.607 3698.204 3698.801 3699.337 3699.467 3699.596 3699.726 3699.855 3699.852 3699.752 3699.653 3699.553 3699.458 3699.497 3699.537 3699.577 3699.617 3699.661 3699.711 3699.761 3699.811 3699.86 3699.142 3698.363 3697.584 3696.806 3695.01 3691.531 3688.052 3684.573 3681.094
3622.081 3624.292 3626.502 3628.713 3631.841 3634.982 3638.123 3641.263 3644.645 3648.339 3652.032 3655.726 3659.42 3663.321 3667.25 3671.178 3675.107 3678.892 3682.388 3685.885 3689.382 3692.878 3694.121 3694.738 3695.354 3695.971 3696.359 3695.992 3695.624 3695.257 3694.889 3695.398 3696.317 3697.236 3698.155 3698.98 3699.179 3699.379 3699.578 3699.777 3699.772 3699.619 3699.465 3699.312 3699.165 3699.227 3699.288 3699.349 3699.41 3699.479 3699.555 3699.632 3699.709 3699.785 3699.009 3698.166 3697.323 3696.48 3694.621 3691.083 3687.546 3684.008 3680.47
3621.318 3623.636 3625.954 3628.272 3631.449 3634.638 3637.827 3641.017 3644.329 3647.803 3651.277 3654.751 3658.225 3661.911 3665.625 3669.339 3673.053 3676.76 3680.456 3684.151 3687.846 3691.541 3692.835 3693.463 3694.09 3694.717 3695.084 3694.588 3694.091 3693.595 3693.099 3693.786 3695.027 3696.268 3697.509 3698.623 3698.892 3699.161 3699.43 3699.699 3699.692 3699.485 3699.278 3699.071 3698.873 3698.956 3699.038 3699.121 3699.204 3699.296 3699.4 3699.503 3699.607 3699.71 3698.876 3697.969 3697.061 3696.154 3694.233 3690.636 3687.039 3683.442 3679.845
3620.101 3622.477 3624.854 3627.23 3630.444 3633.67 3636.896 3640.122 3643.384 3646.694 3650.003 3653.312 3656.622 3660.125 3663.654 3667.182 3670.711 3674.335 3678.149 3681.962 3685.776 3689.59 3690.896 3691.507 3692.117 3692.727 3693.061 3692.48 3691.899 3691.318 3690.737 3691.616 3693.179 3694.742 3696.305 3697.711 3698.066 3698.421 3698.776 3699.131 3699.114 3698.827 3698.541 3698.254 3697.981 3698.18 3698.379 3698.578 3698.777 3698.964 3699.138 3699.313 3699.487 3699.661 3698.812 3697.883 3696.953 3696.024 3694.095 3690.515 3686.934 3683.353 3679.772
3617.845 3620.168 3622.491 3624.813 3628.037 3631.274 3634.511 3637.748 3641.0 3644.271 3647.543 3650.815 3654.087 3657.481 3660.892 3664.303 3667.714 3671.237 3674.986 3678.736 3682.485 3686.234 3687.464 3687.994 3688.524 3689.054 3689.33 3688.765 3688.2 3687.635 3687.07 3688.174 3690.058 3691.943 3693.828 3695.53 3696.008 3696.486 3696.965 3697.443 3697.397 3696.971 3696.545 3696.119 3695.72 3696.252 3696.783 3697.315 3697.846 3698.289 3698.635 3698.981 3699.327 3699.673 3698.906 3698.052 3697.198 3696.343 3694.532 3691.139 3687.747 3684.354 3680.961
3615.59 3617.859 3620.128 3622.397 3625.63 3628.878 3632.126 3635.373 3638.615 3641.849 3645.083 3648.318 3651.552 3654.838 3658.13 3661.423 3664.716 3668.139 3671.824 3675.509 3679.194 3682.879 3684.031 3684.481 3684.93 3685.38 3685.598 3685.049 3684.5 3683.951 3683.402 3684.73 3686.937 3689.144 3691.351 3693.348 3693.95 3694.552 3695.154 3695.755 3695.68 3695.115 3694.549 3693.983 3693.459 3694.323 3695.188 3696.052 3696.916 3697.615 3698.132 3698.65 3699.168 3699.685 3699.0 3698.221 3697.442 3696.663 3694.969 3691.764 3688.559 3685.354 3682.149
3613.334 3615.55 3617.765 3619.981 3623.224 3626.482 3629.74 3632.999 3636.23 3639.427 3642.624 3645.82 3649.017 3652.194 3655.369 3658.543 3661.718 3665.042 3668.662 3672.282 3675.903 3679.523 3680.599 3680.968 3681.337 3681.706 3681.866 3681.333 3680.8 3680.268 3679.735 3681.287 3683.816 3686.345 3688.873 3691.167 3691.892 3692.617 3693.342 3694.068 3693.964 3693.259 3692.553 3691.848 3691.198 3692.395 3693.592 3694.789 3695.986 3696.94 3697.629 3698.319 3699.008 3699.697 3699.094 3698.39 3697.686 3696.982 3695.406 3692.389 3689.372 3686.354 3683.337
3611.079 3613.241 3615.402 3617.564 3620.817 3624.086 3627.355 3630.625 3633.846 3637.005 3640.164 3643.323 3646.482 3649.551 3652.607 3655.664 3658.72 3661.944 3665.5 3669.056 3672.612 3676.168 3677.167 3677.455 3677.744 3678.032 3678.134 3677.617 3677.101 3676.584 3676.067 3677.844 3680.695 3683.545 3686.396 3688.985 3689.834 3690.683 3691.531 3692.38 3692.247 3691.402 3690.558 3689.713 3688.937 3690.467 3691.996 3693.526 3695.055 3696.265 3697.126 3697.987 3698.848 3699.709 3699.188 3698.56 3697.931 3697.302 3695.844 3693.014 3690.184 3687.354 3684.525
3609.357 3611.453 3613.549 3615.645 3618.796 3621.962 3625.129 3628.296 3631.371 3634.326 3637.282 3640.238 3643.193 3646.059 3648.913 3651.766 3654.62 3657.62 3660.914 3664.208 3667.501 3670.795 3671.781 3672.127 3672.472 3672.818 3673.054 3672.929 3672.805 3672.68 3672.556 3674.421 3677.218 3680.014 3682.81 3685.344 3686.126 3686.908 3687.69 3688.472 3688.46 3687.872 3687.284 3686.696 3686.181 3688.095 3690.01 3691.925 3693.84 3695.35 3696.419 3697.488 3698.558 3699.627 3699.254 3698.769 3698.284 3697.799 3696.572 3694.115 3691.66 3689.204 3686.748
3607.809 3609.835 3611.862 3613.888 3616.9 3619.927 3622.955 3625.982 3628.866 3631.564 3634.262 3636.96 3639.658 3642.29 3644.913 3647.536 3650.159 3652.896 3655.863 3658.829 3661.796 3664.762 3665.757 3666.204 3666.652 3667.099 3667.533 3667.924 3668.314 3668.705 3669.095 3671.004 3673.624 3676.243 3678.862 3681.225 3681.878 3682.531 3683.185 3683.838 3683.996 3683.794 3683.593 3683.391 3683.262 3685.58 3687.897 3690.214 3692.531 3694.356 3695.646 3696.935 3698.224 3699.513 3699.311 3698.992 3698.673 3698.355 3697.395 3695.373 3693.352 3691.331 3689.309
3606.261 3608.218 3610.174 3612.131 3615.005 3617.893 3620.78 3623.668 3626.361 3628.802 3631.242 3633.683 3636.124 3638.521 3640.914 3643.306 3645.698 3648.173 3650.812 3653.451 3656.09 3658.729 3659.733 3660.282 3660.831 3661.381 3662.013 3662.918 3663.824 3664.729 3665.635 3667.587 3670.03 3672.472 3674.914 3677.106 3677.631 3678.156 3678.68 3679.204 3679.532 3679.717 3679.901 3680.086 3680.344 3683.064 3685.783 3688.503 3691.222 3693.363 3694.872 3696.381 3697.89 3699.4 3699.368 3699.215 3699.063 3698.91 3698.217 3696.631 3695.044 3693.457 3691.871
3604.714 3606.6 3608.487 3610.374 3613.11 3615.858 3618.606 3621.354 3623.856 3626.039 3628.222 3630.406 3632.589 3634.753 3636.914 3639.076 3641.237 3643.449 3645.761 3648.073 3650.384 3652.696 3653.708 3654.36 3655.011 3655.662 3656.492 3657.913 3659.333 3660.754 3662.174 3664.17 3666.436 3668.701 3670.966 3672.988 3673.383 3673.779 3674.175 3674.57 3675.068 3675.639 3676.21 3676.781 3677.426 3680.548 3683.67 3686.792 3689.913 3692.369 3694.098 3695.828 3697.557 3699.286 3699.424 3699.438 3699.452 3699.466 3699.041 3697.888 3696.736 3695.584 3694.432
3603.348 3605.12 3606.891 3608.662 3611.255 3613.861 3616.466 3619.071 3621.373 3623.28 3625.187 3627.094 3629.001 3630.882 3632.76 3634.637 3636.515 3638.43 3640.423 3642.415 3644.407 3646.399 3647.482 3648.313 3649.143 3649.974 3651.05 3652.94 3654.83 3656.72 3658.61 3660.619 3662.685 3664.75 3666.815 3668.647 3668.918 3669.189 3669.46 3669.732 3670.409 3671.382 3672.355 3673.327 3674.374 3677.901 3681.429 3684.957 3688.484 3691.263 3693.225 3695.188 3697.15 3699.112 3699.406 3699.57 3699.734 3699.898 3699.709 3698.937 3698.165 3697.393 3696.621
3602.7 3604.176 3605.652 3607.128 3609.564 3612.014 3614.463 3616.913 3618.975 3620.533 3622.092 3623.65 3625.208 3626.613 3627.996 3629.38 3630.764 3632.254 3633.957 3635.659 3637.361 3639.064 3640.462 3641.775 3643.089 3644.402 3645.917 3648.096 3650.276 3652.456 3654.635 3656.54 3658.315 3660.091 3661.867 3663.432 3663.596 3663.76 3663.924 3664.088 3664.988 3666.422 3667.856 3669.29 3670.797 3674.743 3678.689 3682.635 3686.581 3689.714 3691.961 3694.208 3696.454 3698.701 3699.095 3699.345 3699.595 3699.844 3699.772 3699.166 3698.561 3697.955 3697.349
3602.051 3603.232 3604.413 3605.594 3607.872 3610.167 3612.46 3614.755 3616.577 3617.787 3618.996 3620.206 3621.415 3622.343 3623.233 3624.123 3625.013 3626.078 3627.49 3628.903 3630.316 3631.729 3633.441 3635.238 3637.034 3638.83 3640.783 3643.252 3645.722 3648.191 3650.66 3652.46 3653.946 3655.432 3656.918 3658.217 3658.274 3658.331 3658.387 3658.444 3659.567 3661.462 3663.357 3665.253 3667.22 3671.584 3675.949 3680.313 3684.678 3688.165 3690.696 3693.227 3695.759 3698.29 3698.784 3699.12 3699.455 3699.791 3699.834 3699.395 3698.956 3698.517 3698.077
3601.402 3602.288 3603.174 3604.06 3606.181 3608.319 3610.458 3612.596 3614.179 3615.04 3615.901 3616.761 3617.622 3618.073 3618.469 3618.866 3619.263 3619.902 3621.025 3622.147 3623.271 3624.393 3626.421 3628.7 3630.98 3633.259 3635.649 3638.408 3641.168 3643.927 3646.686 3648.38 3649.577 3650.773 3651.969 3653.003 3652.952 3652.901 3652.851 3652.8 3654.145 3656.502 3658.859 3661.216 3663.643 3668.426 3673.209 3677.992 3682.775 3686.616 3689.432 3692.247 3695.063 3697.878 3698.473 3698.895 3699.316 3699.737 3699.897 3699.624 3699.351 3699.078 3698.805
3600.754 3601.344 3601.936 3602.526 3604.489 3606.472 3608.455 3610.438 3611.781 3612.293 3612.805 3613.317 3613.829 3613.803 3613.706 3613.609 3613.512 3613.725 3614.559 3615.392 3616.225 3617.058 3619.401 3622.163 3624.925 3627.687 3630.516 3633.565 3636.614 3639.662 3642.711 3644.301 3645.207 3646.114 3647.02 3647.788 3647.63 3647.472 3647.314 3647.156 3648.724 3651.542 3654.36 3657.178 3660.066 3665.267 3670.469 3675.67 3680.872 3685.068 3688.167 3691.267 3694.367 3697.467 3698.162 3698.669 3699.177 3699.684 3699.96 3699.853 3699.747 3699.64 3699.533
3600.357 3600.807 3601.257 3601.707 3603.418 3605.147 3606.876 3608.606 3609.712 3610.008 3610.304 3610.601 3610.897 3610.666 3610.366 3610.066 3609.766 3609.817 3610.57 3611.323 3612.077 3612.83 3615.273 3618.186 3621.099 3624.011 3626.958 3630.021 3633.083 3636.145 3639.207 3640.594 3641.197 3641.8 3642.403 3642.908 3642.765 3642.622 3642.48 3642.337 3644.231 3647.601 3650.972 3654.343 3657.777 3663.33 3668.884 3674.437 3679.99 3684.429 3687.653 3690.876 3694.099 3697.322 3698.054 3698.591 3699.128 3699.665 3699.984 3699.942 3699.901 3699.859 3699.817
3600.096 3600.487 3600.877 3601.268 3602.677 3604.1 3605.524 3606.948 3607.818 3607.969 3608.12 3608.272 3608.423 3608.133 3607.784 3607.436 3607.088 3607.117 3607.903 3608.688 3609.474 3610.26 3612.689 3615.575 3618.46 3621.346 3624.242 3627.17 3630.098 3633.026 3635.954 3637.086 3637.378 3637.669 3637.961 3638.206 3638.144 3638.082 3638.019 3637.957 3640.233 3644.205 3648.176 3652.148 3656.174 3662.044 3667.914 3673.784 3679.654 3684.276 3687.537 3690.798 3694.059 3697.319 3698.054 3698.591 3699.128 3699.665 3699.988 3699.957 3699.926 3699.895 3699.864
3599.834 3600.166 3600.498 3600.83 3601.936 3603.054 3604.171 3605.289 3605.924 3605.93 3605.937 3605.943 3605.949 3605.6 3605.203 3604.806 3604.41 3604.418 3605.236 3606.053 3606.871 3607.689 3610.104 3612.963 3615.822 3618.681 3621.525 3624.319 3627.113 3629.906 3632.7 3633.578 3633.558 3633.539 3633.519 3633.505 3633.523 3633.541 3633.559 3633.577 3636.236 3640.808 3645.381 3649.953 3654.572 3660.759 3666.945 3673.132 3679.318 3684.123 3687.422 3690.72 3694.018 3697.317 3698.054 3698.591 3699.128 3699.665 3699.992 3699.972 3699.952 3699.931 3699.911
3599.573 3599.845 3600.118 3600.391 3601.195 3602.007 3602.819 3603.631 3604.03 3603.891 3603.753 3603.614 3603.476 3603.066 3602.622 3602.177 3601.732 3601.719 3602.568 3603.418 3604.269 3605.118 3607.52 3610.352 3613.184 3616.016 3618.808 3621.468 3624.128 3626.787 3629.447 3630.07 3629.739 3629.408 3629.078 3628.803 3628.902 3629.0 3629.099 3629.198 3632.238 3637.411 3642.585 3647.758 3652.97 3659.473 3665.976 3672.479 3678.982 3683.97 3687.306 3690.642 3693.978 3697.314 3698.054 3698.591 3699.128 3699.665 3699.996 3699.987 3699.977 3699.968 3699.958
3599.33 3599.545 3599.76 3599.975 3600.495 3601.021 3601.546 3602.071 3602.254 3601.991 3601.728 3601.466 3601.203 3600.755 3600.282 3599.81 3599.337 3599.315 3600.192 3601.069 3601.947 3602.824 3605.186 3607.961 3610.736 3613.51 3616.22 3618.714 3621.208 3623.702 3626.197 3626.57 3625.95 3625.331 3624.711 3624.199 3624.409 3624.619 3624.828 3625.038 3628.461 3634.213 3639.966 3645.718 3651.501 3658.314 3665.126 3671.939 3678.751 3683.913 3687.272 3690.632 3693.992 3697.352 3698.085 3698.614 3699.142 3699.671 3699.999 3699.996 3699.992 3699.989 3699.986
3599.256 3599.422 3599.589 3599.756 3600.159 3600.566 3600.974 3601.381 3601.522 3601.319 3601.115 3600.912 3600.708 3600.404 3600.087 3599.77 3599.453 3599.529 3600.39 3601.251 3602.113 3602.974 3605.077 3607.524 3609.971 3612.419 3614.774 3616.823 3618.872 3620.92 3622.969 3623.138 3622.427 3621.717 3621.006 3620.465 3621.055 3621.646 3622.236 3622.827 3626.634 3632.772 3638.911 3645.05 3651.215 3658.275 3665.334 3672.393 3679.453 3684.697 3687.96 3691.223 3694.486 3697.75 3698.396 3698.839 3699.282 3699.724 3699.987 3699.951 3699.916 3699.88 3699.845
3599.182 3599.3 3599.418 3599.537 3599.823 3600.112 3600.401 3600.69 3600.791 3600.646 3600.502 3600.357 3600.213 3600.053 3599.892 3599.731 3599.569 3599.743 3600.589 3601.434 3602.279 3603.124 3604.967 3607.087 3609.207 3611.327 3613.328 3614.931 3616.535 3618.138 3619.741 3619.707 3618.905 3618.102 3617.3 3616.73 3617.701 3618.673 3619.644 3620.616 3624.807 3631.332 3637.857 3644.382 3650.929 3658.236 3665.542 3672.848 3680.154 3685.48 3688.647 3691.814 3694.98 3698.147 3698.708 3699.064 3699.421 3699.778 3699.975 3699.907 3699.839 3699.772 3699.704
3599.107 3599.177 3599.248 3599.317 3599.487 3599.658 3599.829 3600.0 3600.06 3599.974 3599.889 3599.803 3599.718 3599.703 3599.697 3599.691 3599.685 3599.958 3600.787 3601.616 3602.445 3603.274 3604.857 3606.65 3608.443 3610.236 3611.882 3613.04 3614.198 3615.356 3616.514 3616.275 3615.382 3614.489 3613.595 3612.995 3614.347 3615.7 3617.052 3618.405 3622.98 3629.891 3636.802 3643.714 3650.644 3658.197 3665.75 3673.302 3680.855 3686.264 3689.334 3692.405 3695.475 3698.545 3699.019 3699.29 3699.56 3699.831 3699.962 3699.863 3699.763 3699.663 3699.563
3599.033 3599.055 3599.077 3599.098 3599.151 3599.204 3599.257 3599.31 3599.329 3599.302 3599.275 3599.249 3599.222 3599.352 3599.502 3599.652 3599.801 3600.172 3600.985 3601.798 3602.611 3603.424 3604.748 3606.213 3607.679 3609.144 3610.435 3611.148 3611.861 3612.574 3613.287 3612.843 3611.859 3610.874 3609.89 3609.26 3610.993 3612.727 3614.46 3616.194 3621.153 3628.45 3635.748 3643.046 3650.358 3658.157 3665.957 3673.757 3681.557 3687.048 3690.022 3692.995 3695.969 3698.942 3699.33 3699.515 3699.7 3699.885 3699.95 3699.818 3699.686 3699.554 3699.422
3599.0 3599.0 3599.0 3599.0 3599.0 3599.0 3599.0 3599.0 3599.0 3599.0 3599.0 3599.0 3599.0 3599.194 3599.414 3599.634 3599.854 3600.243 3600.972 3601.701 3602.43 3603.158 3604.256 3605.457 3606.657 3607.857 3608.875 3609.291 3609.706 3610.121 3610.536 3610.117 3609.307 3608.498 3607.688 3607.284 3609.584 3611.885 3614.186 3616.486 3621.692 3629.003 3636.315 3643.626 3650.948 3658.602 3666.255 3673.909 3681.562 3686.957 3689.887 3692.817 3695.747 3698.677 3698.91 3698.933 3698.955 3698.978 3698.926 3698.753 3698.58 3698.407 3698.234
3599.0 3599.0 3599.0 3599.0 3599.0 3599.0 3599.0 3599.0 3599.0 3599.0 3599.0 3599.0 3599.0 3599.194 3599.414 3599.634 3599.854 3600.197 3600.786 3601.375 3601.965 3602.554 3603.453 3604.439 3605.425 3606.411 3607.223 3607.461 3607.699 3607.938 3608.176 3607.967 3607.549 3607.131 3606.712 3606.743 3609.762 3612.782 3615.802 3618.821 3624.161 3631.183 3638.204 3645.226 3652.253 3659.44 3666.626 3673.813 3681.0 3686.151 3689.081 3692.011 3694.941 3697.872 3697.896 3697.693 3697.49 3697.287 3697.077 3696.855 3696.634 3696.413 3696.191
