data/zism_data/00376_04_D.txt
ncols         224
nrows         224
[rows 196 to 223 of 224, columns 0 to 62 of 224]
4658.85 4690.95 4723.051 4752.203 4777.743 4803.281 4828.82 4854.359 4870.956 4886.544 4902.132 4917.72 4931.937 4943.583 4955.228 4966.873 4978.518 4990.532 5002.64 5014.748 5026.855 5038.683 5049.654 5060.625 5071.596 5082.567 5092.435 5101.82 5111.206 5120.591 5128.866 5130.589 5132.312 5134.034 5135.757 5132.577 5126.049 5119.522 5112.994 5106.425 5098.948 5091.471 5083.994 5076.516 5069.879 5064.107 5058.336 5052.564 5046.792 5037.955 5028.928 5019.901 5010.875 5002.827 4996.302 4989.777 4983.252 4976.727 4969.615 4962.392 4955.168 4947.944 4940.147
4648.535 4679.445 4710.357 4739.163 4765.392 4791.619 4817.848 4844.075 4860.268 4875.329 4890.389 4905.45 4919.158 4930.33 4941.501 4952.673 4963.844 4975.312 4986.854 4998.396 5009.939 5021.438 5032.802 5044.166 5055.53 5066.894 5077.836 5088.594 5099.352 5110.11 5120.152 5125.971 5131.79 5137.608 5143.427 5143.15 5138.711 5134.272 5129.833 5125.226 5116.925 5108.624 5100.323 5092.022 5083.755 5075.524 5067.292 5059.061 5050.83 5040.46 5029.958 5019.457 5008.956 4999.688 4992.34 4984.991 4977.643 4970.294 4962.431 4954.47 4946.509 4938.548 4930.476
4636.651 4666.114 4695.578 4723.902 4750.83 4777.757 4804.686 4831.613 4847.788 4862.75 4877.71 4892.672 4906.153 4916.86 4927.566 4938.273 4948.979 4959.867 4970.801 4981.735 4992.669 5003.699 5015.026 5026.352 5037.679 5049.005 5060.435 5071.911 5083.386 5094.862 5105.974 5114.943 5123.912 5132.881 5141.85 5144.193 5142.013 5139.833 5137.652 5135.226 5127.403 5119.581 5111.758 5103.936 5095.22 5085.586 5075.952 5066.318 5056.684 5045.017 5033.224 5021.431 5009.639 4999.304 4991.236 4983.169 4975.102 4967.035 4958.591 4950.076 4941.562 4933.047 4924.814
4622.469 4650.107 4677.747 4705.387 4733.032 4760.675 4788.319 4815.962 4832.684 4848.172 4863.661 4879.15 4892.818 4903.072 4913.327 4923.582 4933.836 4944.095 4954.356 4964.618 4974.878 4985.237 4995.897 5006.556 5017.215 5027.874 5038.933 5050.166 5061.399 5072.632 5083.793 5094.528 5105.262 5115.996 5126.73 5131.281 5131.609 5131.937 5132.264 5132.341 5126.903 5121.465 5116.027 5110.589 5103.155 5093.666 5084.177 5074.688 5065.2 5052.577 5039.762 5026.946 5014.131 5002.953 4994.32 4985.688 4977.055 4968.423 4959.649 4950.85 4942.049 4933.25 4925.026
4608.287 4634.101 4659.916 4686.873 4715.233 4743.592 4771.952 4800.312 4817.58 4833.596 4849.612 4865.628 4879.482 4889.285 4899.087 4908.89 4918.692 4928.324 4937.912 4947.5 4957.088 4966.776 4976.768 4986.759 4996.751 5006.743 5017.43 5028.421 5039.412 5050.403 5061.612 5074.112 5086.612 5099.112 5111.611 5118.369 5121.205 5124.041 5126.876 5129.456 5126.402 5123.349 5120.295 5117.242 5111.089 5101.746 5092.402 5083.059 5073.715 5060.138 5046.3 5032.462 5018.624 5006.602 4997.404 4988.207 4979.009 4969.811 4960.708 4951.623 4942.537 4933.452 4925.239
4594.105 4618.094 4642.084 4668.358 4697.435 4726.509 4755.585 4784.661 4802.475 4819.019 4835.562 4852.106 4866.147 4875.498 4884.848 4894.198 4903.548 4912.552 4921.468 4930.383 4939.298 4948.314 4957.639 4966.963 4976.288 4985.612 4995.927 5006.676 5017.424 5028.173 5039.432 5053.697 5067.962 5082.228 5096.492 5105.457 5110.801 5116.145 5121.489 5126.571 5125.902 5125.233 5124.564 5123.896 5119.023 5109.825 5100.627 5091.429 5082.231 5067.698 5052.838 5037.977 5023.117 5010.25 5000.488 4990.725 4980.962 4971.199 4961.766 4952.396 4943.025 4933.654 4925.451
4579.923 4602.088 4624.253 4649.844 4679.636 4709.427 4739.219 4769.01 4787.371 4804.442 4821.513 4838.584 4852.813 4861.71 4870.608 4879.507 4888.405 4896.78 4905.023 4913.266 4921.508 4929.853 4938.51 4947.167 4955.824 4964.48 4974.424 4984.931 4995.437 5005.944 5017.251 5033.282 5049.312 5065.343 5081.374 5092.544 5100.396 5108.249 5116.101 5123.686 5125.402 5127.117 5128.833 5130.548 5126.958 5117.905 5108.853 5099.799 5090.747 5075.259 5059.376 5043.492 5027.609 5013.899 5003.572 4993.244 4982.916 4972.587 4962.824 4953.169 4943.513 4933.857 4925.663
4566.6 4587.188 4607.776 4631.74 4659.842 4687.943 4716.045 4744.146 4763.773 4782.443 4801.113 4819.784 4835.344 4845.073 4854.801 4864.53 4874.258 4882.874 4891.207 4899.539 4907.872 4916.138 4924.203 4932.267 4940.332 4948.396 4957.951 4968.16 4978.368 4988.576 4999.641 5015.762 5031.882 5048.003 5064.123 5076.687 5086.823 5096.958 5107.094 5117.017 5122.264 5127.511 5132.758 5138.004 5136.729 5128.738 5120.749 5112.758 5104.768 5088.313 5071.336 5054.36 5037.384 5022.821 5012.012 5001.204 4990.394 4979.585 4969.883 4960.392 4950.9 4941.408 4933.194
4553.405 4572.453 4591.502 4613.697 4639.748 4665.798 4691.85 4717.9 4738.9 4759.331 4779.761 4800.192 4817.255 4828.007 4838.758 4849.509 4860.26 4869.247 4877.784 4886.321 4894.858 4903.136 4910.619 4918.102 4925.585 4933.068 4942.233 4952.135 4962.036 4971.938 4982.717 4998.676 5014.635 5030.594 5046.553 5060.388 5072.773 5085.159 5097.544 5109.78 5118.73 5127.681 5136.631 5145.581 5146.775 5139.985 5133.195 5126.405 5119.615 5102.19 5084.111 5066.031 5047.952 5032.534 5021.256 5009.979 4998.702 4987.425 4977.843 4968.583 4959.322 4950.062 4941.823
4540.21 4557.719 4575.229 4595.654 4619.654 4643.654 4667.655 4691.655 4714.028 4736.219 4758.409 4780.6 4799.167 4810.941 4822.715 4834.489 4846.263 4855.619 4864.361 4873.103 4881.845 4890.133 4897.035 4903.937 4910.838 4917.74 4926.515 4936.11 4945.704 4955.299 4965.792 4981.59 4997.388 5013.185 5028.982 5044.089 5058.725 5073.359 5087.995 5102.543 5115.197 5127.851 5140.504 5153.157 5156.821 5151.232 5145.642 5140.052 5134.462 5116.067 5096.885 5077.702 5058.519 5042.246 5030.5 5018.755 5007.009 4995.264 4985.802 4976.773 4967.744 4958.715 4950.453
4527.015 4542.984 4558.955 4577.611 4599.561 4621.51 4643.46 4665.409 4689.156 4713.107 4737.057 4761.008 4781.078 4793.875 4806.671 4819.468 4832.265 4841.992 4850.938 4859.885 4868.831 4877.13 4883.451 4889.771 4896.092 4902.412 4910.796 4920.084 4929.373 4938.661 4948.868 4964.504 4980.14 4995.776 5011.412 5027.79 5044.675 5061.56 5078.445 5095.307 5111.664 5128.021 5144.377 5160.734 5166.868 5162.479 5158.089 5153.699 5149.31 5129.945 5109.659 5089.373 5069.086 5051.958 5039.745 5027.531 5015.317 5003.104 4993.761 4984.964 4976.166 4967.369 4959.082
4514.516 4529.266 4544.016 4561.263 4581.573 4601.882 4622.192 4642.502 4667.082 4692.145 4717.208 4742.271 4763.408 4777.187 4790.964 4804.743 4818.521 4828.666 4837.887 4847.107 4856.328 4864.815 4871.059 4877.302 4883.545 4889.788 4898.165 4907.474 4916.783 4926.093 4936.276 4951.618 4966.96 4982.302 4997.644 5014.861 5033.361 5051.86 5070.36 5088.888 5108.046 5127.204 5146.361 5165.519 5173.568 5170.184 5166.799 5163.414 5160.029 5140.217 5119.395 5098.572 5077.749 5060.161 5047.604 5035.048 5022.491 5009.935 5000.417 4991.476 4982.535 4973.594 4965.001
4503.409 4517.577 4531.746 4548.305 4567.797 4587.289 4606.78 4626.272 4650.604 4675.484 4700.364 4725.244 4746.575 4761.252 4775.929 4790.606 4805.283 4815.941 4825.576 4835.211 4844.846 4853.875 4861.05 4868.224 4875.398 4882.573 4891.704 4901.692 4911.68 4921.667 4932.35 4947.132 4961.914 4976.696 4991.478 5008.673 5027.517 5046.361 5065.206 5084.106 5104.26 5124.413 5144.566 5164.719 5173.577 5170.806 5168.034 5165.263 5162.492 5143.278 5123.053 5102.828 5082.603 5065.342 5052.694 5040.046 5027.398 5014.75 5004.467 4994.633 4984.798 4974.964 4965.502
4492.302 4505.888 4519.476 4535.348 4554.021 4572.695 4591.369 4610.042 4634.127 4658.824 4683.52 4708.217 4729.741 4745.317 4760.893 4776.469 4792.045 4803.216 4813.266 4823.315 4833.365 4842.935 4851.041 4859.146 4867.252 4875.357 4885.244 4895.91 4906.576 4917.242 4928.423 4942.646 4956.867 4971.09 4985.312 5002.484 5021.673 5040.862 5060.051 5079.324 5100.474 5121.622 5142.772 5163.92 5173.585 5171.428 5169.27 5167.112 5164.955 5146.339 5126.712 5107.084 5087.457 5070.523 5057.784 5045.045 5032.305 5019.565 5008.517 4997.789 4987.061 4976.333 4966.003
4481.194 4494.2 4507.206 4522.39 4540.246 4558.101 4575.957 4593.812 4617.649 4642.164 4666.677 4691.19 4712.908 4729.383 4745.857 4762.333 4778.807 4790.491 4800.955 4811.419 4821.883 4831.995 4841.032 4850.069 4859.105 4868.142 4878.784 4890.128 4901.472 4912.816 4924.497 4938.159 4951.821 4965.484 4979.146 4996.296 5015.83 5035.362 5054.896 5074.542 5096.687 5118.832 5140.977 5163.122 5173.594 5172.05 5170.506 5168.961 5167.417 5149.401 5130.371 5111.34 5092.31 5075.705 5062.874 5050.043 5037.212 5024.381 5012.566 5000.945 4989.324 4977.703 4966.504
4470.087 4482.512 4494.936 4509.433 4526.47 4543.507 4560.544 4577.582 4601.172 4625.503 4649.833 4674.164 4696.075 4713.449 4730.822 4748.196 4765.57 4777.766 4788.645 4799.523 4810.401 4821.056 4831.023 4840.991 4850.959 4860.927 4872.324 4884.346 4896.369 4908.391 4920.57 4933.672 4946.775 4959.878 4972.98 4990.108 5009.986 5029.863 5049.741 5069.76 5092.901 5116.041 5139.182 5162.323 5173.602 5172.672 5171.741 5170.811 5169.88 5152.462 5134.029 5115.596 5097.164 5080.886 5067.964 5055.042 5042.119 5029.196 5016.616 5004.102 4991.586 4979.072 4967.004
4460.76 4472.556 4484.352 4498.398 4515.206 4532.012 4548.819 4565.626 4588.312 4611.662 4635.011 4658.361 4679.749 4697.46 4715.17 4732.881 4750.591 4763.49 4775.166 4786.84 4798.515 4810.027 4821.042 4832.057 4843.072 4854.086 4866.235 4878.88 4891.524 4904.169 4916.884 4930.01 4943.136 4956.263 4969.389 4986.191 5005.503 5024.816 5044.128 5063.572 5085.907 5108.241 5130.576 5152.91 5164.296 5164.413 5164.529 5164.646 5164.762 5148.8 5131.849 5114.896 5097.945 5082.587 5069.711 5056.834 5043.957 5031.081 5017.786 5004.412 4991.038 4977.664 4964.781
4451.886 4463.041 4474.196 4487.854 4504.581 4521.307 4538.033 4554.759 4576.372 4598.538 4620.703 4642.869 4663.552 4681.457 4699.361 4717.266 4735.169 4748.82 4761.389 4773.957 4786.525 4798.976 4811.067 4823.159 4835.25 4847.341 4860.241 4873.494 4886.747 4900.0 4913.259 4926.558 4939.856 4953.155 4966.453 4982.852 5001.368 5019.883 5038.4 5057.026 5078.096 5099.166 5120.235 5141.304 5152.62 5153.893 5155.167 5156.44 5157.714 5143.426 5128.181 5112.936 5097.69 5083.403 5070.607 5057.811 5045.015 5032.219 5018.222 5003.998 4989.773 4975.549 4961.864
4443.012 4453.526 4464.041 4477.31 4493.956 4510.601 4527.247 4543.892 4564.433 4585.415 4606.396 4627.377 4647.356 4665.454 4683.552 4701.65 4719.748 4734.15 4747.612 4761.074 4774.536 4787.925 4801.093 4814.26 4827.429 4840.596 4854.246 4868.107 4881.968 4895.83 4909.634 4923.105 4936.576 4950.047 4963.518 4979.513 4997.232 5014.951 5032.671 5050.48 5070.286 5090.09 5109.895 5129.699 5140.943 5143.374 5145.805 5148.235 5150.666 5138.053 5124.514 5110.974 5097.435 5084.218 5071.503 5058.788 5046.072 5033.357 5018.658 5003.583 4988.508 4973.434 4958.947
4434.138 4444.012 4453.886 4466.766 4483.331 4499.895 4516.46 4533.024 4552.494 4572.291 4592.088 4611.886 4631.159 4649.451 4667.743 4686.035 4704.327 4719.48 4733.835 4748.19 4762.546 4776.874 4791.118 4805.362 4819.607 4833.851 4848.251 4862.721 4877.19 4891.66 4906.01 4919.653 4933.296 4946.939 4960.582 4976.173 4993.097 5010.019 5026.942 5043.935 5062.475 5081.014 5099.554 5118.094 5129.266 5132.854 5136.442 5140.03 5143.618 5132.679 5120.846 5109.013 5097.18 5085.033 5072.399 5059.764 5047.129 5034.495 5019.094 5003.169 4987.244 4971.319 4956.03
4426.424 4435.528 4444.633 4456.957 4473.229 4489.5 4505.773 4522.044 4540.53 4559.265 4578.0 4596.736 4615.357 4633.764 4652.171 4670.578 4688.985 4704.786 4719.923 4735.061 4750.199 4765.337 4780.477 4795.616 4810.756 4825.896 4840.953 4855.975 4870.996 4886.018 4900.887 4914.86 4928.832 4942.805 4956.777 4972.195 4988.601 5005.006 5021.413 5037.858 5055.188 5072.517 5089.847 5107.176 5118.228 5122.815 5127.403 5131.991 5136.58 5127.403 5117.381 5107.357 5097.335 5086.412 5074.088 5061.765 5049.441 5037.117 5021.348 5004.925 4988.501 4972.078 4956.245
4421.997 4429.965 4437.934 4449.232 4464.61 4479.989 4495.367 4510.745 4528.497 4546.517 4564.536 4582.556 4600.672 4618.972 4637.271 4655.57 4673.869 4690.021 4705.628 4721.233 4736.84 4752.425 4767.947 4783.468 4798.991 4814.512 4829.959 4845.374 4860.788 4876.203 4891.52 4906.268 4921.015 4935.763 4950.511 4966.406 4983.087 4999.767 5016.447 5033.109 5049.384 5065.658 5081.933 5098.208 5108.997 5114.139 5119.282 5124.424 5129.566 5122.405 5114.487 5106.568 5098.65 5089.385 5078.025 5066.665 5055.305 5043.945 5028.749 5012.827 4996.904 4980.981 4965.332
4417.57 4424.403 4431.236 4441.506 4455.992 4470.477 4484.961 4499.446 4516.464 4533.768 4551.071 4568.375 4585.987 4604.179 4622.371 4640.563 4658.754 4675.257 4691.332 4707.406 4723.48 4739.513 4755.417 4771.32 4787.225 4803.128 4818.965 4834.772 4850.58 4866.387 4882.153 4897.676 4913.199 4928.722 4944.244 4960.617 4977.572 4994.527 5011.481 5028.36 5043.581 5058.8 5074.02 5089.239 5099.766 5105.463 5111.16 5116.857 5122.554 5117.407 5111.593 5105.779 5099.965 5092.358 5081.961 5071.565 5061.168 5050.772 5036.151 5020.729 5005.307 4989.885 4974.419
4413.143 4418.84 4424.538 4433.781 4447.373 4460.964 4474.556 4488.147 4504.431 4521.019 4537.606 4554.194 4571.302 4589.387 4607.47 4625.555 4643.638 4660.493 4677.036 4693.579 4710.121 4726.6 4742.887 4759.172 4775.459 4791.745 4807.971 4824.171 4840.372 4856.572 4872.786 4889.084 4905.382 4921.68 4937.978 4954.828 4972.058 4989.287 5006.516 5023.612 5037.776 5051.941 5066.106 5080.271 5090.536 5096.787 5103.038 5109.29 5115.541 5112.409 5108.699 5104.99 5101.281 5095.332 5085.898 5076.465 5067.032 5057.599 5043.552 5028.631 5013.709 4998.788 4983.506
4408.716 4413.278 4417.839 4426.056 4438.754 4451.452 4464.15 4476.848 4492.398 4508.27 4524.142 4540.014 4556.617 4574.594 4592.57 4610.547 4628.523 4645.729 4662.74 4679.751 4696.762 4713.688 4730.356 4747.024 4763.693 4780.361 4796.977 4813.57 4830.164 4846.757 4863.419 4880.493 4897.565 4914.638 4931.711 4949.04 4966.543 4984.047 5001.551 5018.863 5031.973 5045.082 5058.192 5071.302 5081.305 5088.111 5094.917 5101.722 5108.528 5107.411 5105.806 5104.201 5102.596 5098.305 5089.835 5081.366 5072.896 5064.427 5050.954 5036.533 5022.112 5007.691 4992.593
4406.496 4410.191 4413.886 4421.033 4432.413 4443.792 4455.171 4466.551 4481.891 4497.679 4513.467 4529.255 4545.774 4563.667 4581.559 4599.451 4617.343 4634.439 4651.333 4668.227 4685.122 4701.969 4718.677 4735.384 4752.091 4768.798 4785.661 4802.593 4819.524 4836.456 4853.462 4870.913 4888.363 4905.813 4923.263 4940.85 4958.53 4976.211 4993.892 5011.38 5024.648 5037.916 5051.184 5064.451 5074.846 5082.284 5089.722 5097.161 5104.599 5105.155 5105.288 5105.421 5105.554 5103.011 5096.304 5089.598 5082.892 5076.185 5063.818 5050.377 5036.937 5023.496 5008.95
4405.114 4408.045 4410.975 4417.037 4426.936 4436.835 4446.734 4456.634 4471.964 4487.908 4503.852 4519.796 4536.391 4554.208 4572.025 4589.842 4607.659 4624.469 4641.024 4657.579 4674.134 4690.704 4707.32 4723.935 4740.551 4757.167 4774.223 4791.472 4808.721 4825.97 4843.281 4860.958 4878.633 4896.31 4913.986 4931.748 4949.568 4967.389 4985.209 5002.859 5016.746 5030.632 5044.519 5058.405 5069.441 5077.541 5085.641 5093.741 5101.841 5103.942 5105.674 5107.405 5109.137 5108.375 5103.736 5099.097 5094.457 5089.817 5078.757 5066.479 5054.201 5041.923 5028.07
4403.732 4405.898 4408.065 4413.04 4421.459 4429.878 4438.298 4446.717 4462.037 4478.138 4494.237 4510.337 4527.008 4544.75 4562.491 4580.233 4597.974 4614.499 4630.715 4646.931 4663.147 4679.438 4695.963 4712.487 4729.011 4745.535 4762.784 4780.352 4797.918 4815.485 4833.1 4851.002 4868.904 4886.807 4904.709 4922.646 4940.606 4958.566 4976.527 4994.337 5008.843 5023.349 5037.854 5052.36 5064.036 5072.797 5081.56 5090.322 5099.084 5102.729 5106.059 5109.389 5112.719 5113.74 5111.167 5108.595 5106.022 5103.45 5093.696 5082.581 5071.465 5060.35 5047.19
