data/zism_data/00374_02_D.txt
ncols         224
nrows         224
[rows 196 to 223 of 224, columns 64 to 127 of 224]
1253.081 1251.842 1250.604 1250.057 1250.043 1250.028 1250.014 1250.0 1250.0 1250.0 1250.0 1250.0 1250.0 1250.0 1250.0 1250.0 1250.0 1250.033 1250.067 1250.1 1250.134 1250.429 1251.044 1251.66 1252.275 1252.89 1254.507 1256.211 1257.914 1259.618 1261.516 1263.718 1265.919 1268.121 1270.323 1272.417 1274.495 1276.573 1278.651 1280.57 1282.174 1283.778 1285.382 1286.986 1289.16 1291.474 1293.787 1296.1 1298.674 1301.931 1305.188 1308.445 1311.702 1315.738 1320.038 1324.338 1328.639 1332.964 1337.378 1341.792 1346.207 1350.621 1356.103 1362.067
1252.023 1251.192 1250.361 1250.0 1250.0 1250.0 1250.0 1250.0 1250.0 1250.0 1250.0 1250.0 1250.0 1250.0 1250.0 1250.0 1250.0 1250.0 1250.0 1250.0 1250.0 1250.205 1250.662 1251.119 1251.576 1252.033 1253.432 1254.912 1256.392 1257.872 1259.61 1261.751 1263.891 1266.031 1268.172 1270.299 1272.424 1274.549 1276.673 1278.646 1280.314 1281.982 1283.65 1285.318 1287.363 1289.5 1291.636 1293.773 1296.151 1299.166 1302.18 1305.194 1308.209 1312.123 1316.343 1320.563 1324.783 1329.078 1333.641 1338.203 1342.766 1347.329 1352.798 1358.677
1251.5 1250.884 1250.268 1250.0 1250.0 1250.0 1250.0 1250.0 1250.0 1250.0 1250.0 1250.0 1250.0 1250.0 1250.0 1250.0 1250.0 1250.0 1250.0 1250.0 1250.0 1250.152 1250.491 1250.83 1251.169 1251.507 1252.65 1253.861 1255.073 1256.285 1257.822 1259.865 1261.909 1263.953 1265.996 1268.129 1270.275 1272.422 1274.568 1276.601 1278.409 1280.216 1282.024 1283.832 1285.766 1287.73 1289.695 1291.66 1293.836 1296.566 1299.295 1302.025 1304.755 1308.493 1312.573 1316.654 1320.734 1324.965 1329.737 1334.51 1339.282 1344.054 1349.459 1355.15
1250.977 1250.576 1250.174 1250.0 1250.0 1250.0 1250.0 1250.0 1250.0 1250.0 1250.0 1250.0 1250.0 1250.0 1250.0 1250.0 1250.0 1250.0 1250.0 1250.0 1250.0 1250.099 1250.32 1250.541 1250.761 1250.982 1251.868 1252.811 1253.754 1254.697 1256.033 1257.98 1259.927 1261.874 1263.821 1265.959 1268.127 1270.295 1272.462 1274.557 1276.504 1278.451 1280.398 1282.345 1284.168 1285.962 1287.755 1289.548 1291.52 1293.966 1296.411 1298.856 1301.301 1304.863 1308.804 1312.745 1316.686 1320.853 1325.834 1330.816 1335.797 1340.779 1346.12 1351.623
1250.454 1250.268 1250.081 1250.0 1250.0 1250.0 1250.0 1250.0 1250.0 1250.0 1250.0 1250.0 1250.0 1250.0 1250.0 1250.0 1250.0 1250.0 1250.0 1250.0 1250.0 1250.046 1250.149 1250.251 1250.354 1250.456 1251.086 1251.76 1252.435 1253.11 1254.245 1256.095 1257.946 1259.796 1261.646 1263.789 1265.978 1268.167 1270.357 1272.512 1274.599 1276.685 1278.772 1280.859 1282.571 1284.193 1285.814 1287.435 1289.205 1291.366 1293.526 1295.687 1297.848 1301.233 1305.034 1308.835 1312.637 1316.74 1321.931 1327.122 1332.313 1337.504 1342.781 1348.096
1250.0 1250.0 1250.0 1250.0 1250.0 1250.0 1250.0 1250.0 1250.0 1250.0 1250.0 1250.0 1250.0 1250.0 1250.0 1250.0 1250.0 1250.0 1250.0 1250.0 1250.0 1250.0 1250.0 1250.0 1250.0 1250.0 1250.395 1250.824 1251.253 1251.681 1252.623 1254.363 1256.102 1257.842 1259.582 1261.715 1263.912 1266.109 1268.305 1270.504 1272.708 1274.912 1277.116 1279.32 1280.944 1282.427 1283.911 1285.394 1286.993 1288.898 1290.803 1292.708 1294.614 1297.818 1301.463 1305.109 1308.754 1312.772 1318.129 1323.486 1328.844 1334.201 1339.416 1344.565
1250.0 1250.0 1250.0 1250.0 1250.0 1250.0 1250.0 1250.0 1250.0 1250.0 1250.0 1250.0 1250.0 1250.0 1250.0 1250.0 1250.0 1250.0 1250.0 1250.0 1250.0 1250.0 1250.0 1250.0 1250.0 1250.0 1250.306 1250.638 1250.97 1251.302 1252.106 1253.641 1255.177 1256.713 1258.248 1260.28 1262.39 1264.501 1266.612 1268.743 1270.915 1273.086 1275.258 1277.429 1279.116 1280.686 1282.255 1283.824 1285.468 1287.309 1289.149 1290.99 1292.831 1295.822 1299.204 1302.587 1305.969 1309.755 1314.994 1320.234 1325.473 1330.712 1335.879 1341.012
1250.0 1250.0 1250.0 1250.0 1250.0 1250.0 1250.0 1250.0 1250.0 1250.0 1250.0 1250.0 1250.0 1250.0 1250.0 1250.0 1250.0 1250.0 1250.0 1250.0 1250.0 1250.0 1250.0 1250.0 1250.0 1250.0 1250.217 1250.452 1250.688 1250.924 1251.588 1252.92 1254.251 1255.583 1256.914 1258.844 1260.869 1262.894 1264.918 1266.981 1269.121 1271.26 1273.4 1275.539 1277.289 1278.944 1280.599 1282.254 1283.943 1285.719 1287.495 1289.271 1291.048 1293.826 1296.945 1300.065 1303.184 1306.739 1311.86 1316.981 1322.102 1327.223 1332.342 1337.459
1250.0 1250.0 1250.0 1250.0 1250.0 1250.0 1250.0 1250.0 1250.0 1250.0 1250.0 1250.0 1250.0 1250.0 1250.0 1250.0 1250.0 1250.0 1250.0 1250.0 1250.0 1250.0 1250.0 1250.0 1250.0 1250.0 1250.128 1250.267 1250.406 1250.545 1251.071 1252.198 1253.326 1254.453 1255.581 1257.408 1259.347 1261.286 1263.225 1265.22 1267.327 1269.434 1271.541 1273.649 1275.461 1277.202 1278.943 1280.684 1282.417 1284.129 1285.841 1287.553 1289.265 1291.83 1294.687 1297.543 1300.399 1303.722 1308.725 1313.728 1318.731 1323.734 1328.805 1333.906
1250.0 1250.0 1250.0 1250.0 1250.0 1250.0 1250.0 1250.0 1250.0 1250.0 1250.0 1250.0 1250.0 1250.0 1250.0 1250.0 1250.0 1250.0 1250.0 1250.0 1250.0 1250.0 1250.0 1250.0 1250.0 1250.0 1250.039 1250.081 1250.124 1250.166 1250.553 1251.477 1252.4 1253.324 1254.247 1255.972 1257.825 1259.678 1261.531 1263.458 1265.533 1267.608 1269.683 1271.758 1273.634 1275.461 1277.288 1279.115 1280.892 1282.539 1284.187 1285.834 1287.481 1289.835 1292.428 1295.021 1297.614 1300.705 1305.59 1310.475 1315.36 1320.245 1325.268 1330.353
1250.0 1250.0 1250.0 1250.0 1250.0 1250.0 1250.0 1250.0 1250.0 1250.0 1250.0 1250.0 1250.0 1250.0 1250.0 1250.0 1250.0 1250.0 1250.0 1250.0 1250.0 1250.0 1250.0 1250.0 1250.0 1250.0 1250.0 1250.0 1250.0 1250.0 1250.298 1251.06 1251.822 1252.583 1253.345 1254.961 1256.713 1258.465 1260.217 1262.063 1264.097 1266.13 1268.164 1270.198 1272.098 1273.965 1275.833 1277.7 1279.515 1281.192 1282.868 1284.545 1286.221 1288.431 1290.821 1293.211 1295.602 1298.454 1302.967 1307.48 1311.994 1316.507 1321.285 1326.182
1250.0 1250.0 1250.0 1250.0 1250.0 1250.0 1250.0 1250.0 1250.0 1250.0 1250.0 1250.0 1250.0 1250.0 1250.0 1250.0 1250.0 1250.0 1250.0 1250.0 1250.0 1250.0 1250.0 1250.0 1250.0 1250.0 1250.0 1250.0 1250.0 1250.0 1250.248 1250.88 1251.513 1252.146 1252.779 1254.28 1255.919 1257.558 1259.198 1260.953 1262.938 1264.923 1266.909 1268.894 1270.789 1272.662 1274.535 1276.408 1278.255 1280.033 1281.812 1283.59 1285.369 1287.488 1289.722 1291.957 1294.192 1296.798 1300.742 1304.686 1308.63 1312.574 1316.953 1321.528
1250.0 1250.0 1250.0 1250.0 1250.0 1250.0 1250.0 1250.0 1250.0 1250.0 1250.0 1250.0 1250.0 1250.0 1250.0 1250.0 1250.0 1250.0 1250.0 1250.0 1250.0 1250.0 1250.0 1250.0 1250.0 1250.0 1250.0 1250.0 1250.0 1250.0 1250.197 1250.701 1251.205 1251.709 1252.213 1253.599 1255.126 1256.652 1258.179 1259.842 1261.779 1263.716 1265.653 1267.59 1269.48 1271.358 1273.237 1275.115 1276.994 1278.874 1280.755 1282.635 1284.516 1286.545 1288.624 1290.703 1292.781 1295.142 1298.517 1301.892 1305.267 1308.642 1312.622 1316.875
1250.0 1250.0 1250.0 1250.0 1250.0 1250.0 1250.0 1250.0 1250.0 1250.0 1250.0 1250.0 1250.0 1250.0 1250.0 1250.0 1250.0 1250.0 1250.0 1250.0 1250.0 1250.0 1250.0 1250.0 1250.0 1250.0 1250.0 1250.0 1250.0 1250.0 1250.147 1250.522 1250.897 1251.272 1251.647 1252.918 1254.332 1255.746 1257.16 1258.732 1260.62 1262.509 1264.398 1266.286 1268.171 1270.055 1271.938 1273.822 1275.733 1277.716 1279.698 1281.681 1283.663 1285.602 1287.525 1289.448 1291.371 1293.486 1296.292 1299.098 1301.904 1304.71 1308.29 1312.221
1250.0 1250.0 1250.0 1250.0 1250.0 1250.0 1250.0 1250.0 1250.0 1250.0 1250.0 1250.0 1250.0 1250.0 1250.0 1250.0 1250.0 1250.0 1250.0 1250.0 1250.0 1250.0 1250.0 1250.0 1250.0 1250.0 1250.0 1250.0 1250.0 1250.0 1250.096 1250.343 1250.589 1250.835 1251.081 1252.237 1253.538 1254.839 1256.14 1257.621 1259.462 1261.302 1263.142 1264.983 1266.862 1268.751 1270.64 1272.529 1274.472 1276.557 1278.641 1280.726 1282.811 1284.659 1286.426 1288.194 1289.961 1291.831 1294.067 1296.304 1298.541 1300.777 1303.958 1307.567
1250.0 1250.0 1250.0 1250.0 1250.0 1250.0 1250.0 1250.0 1250.0 1250.0 1250.0 1250.0 1250.0 1250.0 1250.0 1250.0 1250.0 1250.0 1250.0 1250.0 1250.0 1250.0 1250.0 1250.0 1250.0 1250.0 1250.0 1250.0 1250.0 1250.0 1250.075 1250.267 1250.459 1250.651 1250.843 1251.899 1253.093 1254.286 1255.48 1256.889 1258.729 1260.569 1262.409 1264.249 1266.184 1268.143 1270.101 1272.059 1274.038 1276.07 1278.102 1280.134 1282.166 1283.952 1285.655 1287.357 1289.059 1290.824 1292.811 1294.799 1296.786 1298.773 1301.479 1304.509
1250.0 1250.0 1250.0 1250.0 1250.0 1250.0 1250.0 1250.0 1250.0 1250.0 1250.0 1250.0 1250.0 1250.0 1250.0 1250.0 1250.0 1250.0 1250.0 1250.0 1250.0 1250.0 1250.0 1250.0 1250.0 1250.0 1250.0 1250.0 1250.0 1250.0 1250.054 1250.193 1250.331 1250.469 1250.608 1251.563 1252.649 1253.736 1254.822 1256.159 1258.0 1259.839 1261.68 1263.52 1265.511 1267.539 1269.567 1271.595 1273.61 1275.588 1277.567 1279.545 1281.523 1283.248 1284.885 1286.524 1288.162 1289.822 1291.562 1293.303 1295.043 1296.783 1299.013 1301.464
1250.0 1250.0 1250.0 1250.0 1250.0 1250.0 1250.0 1250.0 1250.0 1250.0 1250.0 1250.0 1250.0 1250.0 1250.0 1250.0 1250.0 1250.0 1250.0 1250.0 1250.0 1250.0 1250.0 1250.0 1250.0 1250.0 1250.0 1250.0 1250.0 1250.0 1250.033 1250.118 1250.202 1250.287 1250.372 1251.227 1252.206 1253.185 1254.164 1255.43 1257.27 1259.11 1260.95 1262.79 1264.838 1266.936 1269.034 1271.132 1273.182 1275.106 1277.031 1278.956 1280.88 1282.543 1284.116 1285.69 1287.264 1288.82 1290.313 1291.807 1293.3 1294.793 1296.547 1298.418
1250.0 1250.0 1250.0 1250.0 1250.0 1250.0 1250.0 1250.0 1250.0 1250.0 1250.0 1250.0 1250.0 1250.0 1250.0 1250.0 1250.0 1250.0 1250.0 1250.0 1250.0 1250.0 1250.0 1250.0 1250.0 1250.0 1250.0 1250.0 1250.0 1250.0 1250.012 1250.043 1250.074 1250.105 1250.136 1250.892 1251.763 1252.635 1253.506 1254.701 1256.541 1258.38 1260.221 1262.061 1264.164 1266.332 1268.5 1270.668 1272.754 1274.625 1276.495 1278.366 1280.237 1281.838 1283.347 1284.857 1286.366 1287.818 1289.064 1290.311 1291.557 1292.803 1294.081 1295.372
1250.288 1250.17 1250.051 1250.0 1250.0 1250.0 1250.0 1250.0 1250.0 1250.0 1250.0 1250.0 1250.0 1250.0 1250.0 1250.0 1250.0 1250.0 1250.0 1250.0 1250.0 1250.0 1250.0 1250.0 1250.0 1250.0 1250.0 1250.0 1250.0 1250.0 1250.0 1250.0 1250.0 1250.0 1250.0 1250.68 1251.47 1252.259 1253.048 1254.194 1256.055 1257.915 1259.776 1261.636 1263.743 1265.91 1268.077 1270.244 1272.307 1274.095 1275.882 1277.67 1279.458 1281.003 1282.466 1283.929 1285.392 1286.777 1287.881 1288.985 1290.089 1291.193 1292.199 1293.16
1250.968 1250.57 1250.173 1250.0 1250.0 1250.0 1250.0 1250.0 1250.0 1250.0 1250.0 1250.0 1250.0 1250.0 1250.0 1250.0 1250.0 1250.0 1250.0 1250.0 1250.0 1250.0 1250.0 1250.0 1250.0 1250.0 1250.0 1250.0 1250.0 1250.0 1250.0 1250.0 1250.0 1250.0 1250.0 1250.639 1251.38 1252.12 1252.861 1253.991 1255.9 1257.809 1259.718 1261.627 1263.665 1265.736 1267.806 1269.877 1271.835 1273.5 1275.164 1276.828 1278.492 1279.99 1281.432 1282.873 1284.314 1285.682 1286.786 1287.891 1288.995 1290.099 1291.112 1292.084
1251.647 1250.971 1250.294 1250.0 1250.0 1250.0 1250.0 1250.0 1250.0 1250.0 1250.0 1250.0 1250.0 1250.0 1250.0 1250.0 1250.0 1250.0 1250.0 1250.0 1250.0 1250.0 1250.0 1250.0 1250.0 1250.0 1250.0 1250.0 1250.0 1250.0 1250.0 1250.0 1250.0 1250.0 1250.0 1250.597 1251.29 1251.982 1252.675 1253.789 1255.746 1257.703 1259.66 1261.617 1263.588 1265.561 1267.535 1269.509 1271.364 1272.904 1274.445 1275.986 1277.526 1278.977 1280.397 1281.817 1283.237 1284.588 1285.692 1286.796 1287.9 1289.004 1290.025 1291.008
1252.327 1251.371 1250.416 1250.0 1250.0 1250.0 1250.0 1250.0 1250.0 1250.0 1250.0 1250.0 1250.0 1250.0 1250.0 1250.0 1250.0 1250.0 1250.0 1250.0 1250.0 1250.0 1250.0 1250.0 1250.0 1250.0 1250.0 1250.0 1250.0 1250.0 1250.0 1250.0 1250.0 1250.0 1250.0 1250.555 1251.2 1251.844 1252.488 1253.586 1255.591 1257.597 1259.602 1261.608 1263.51 1265.387 1267.264 1269.141 1270.892 1272.309 1273.726 1275.144 1276.561 1277.964 1279.363 1280.761 1282.16 1283.494 1284.598 1285.702 1286.806 1287.91 1288.938 1289.932
1253.007 1251.772 1250.537 1250.0 1250.0 1250.0 1250.0 1250.0 1250.0 1250.0 1250.0 1250.0 1250.0 1250.0 1250.0 1250.0 1250.0 1250.0 1250.0 1250.0 1250.0 1250.0 1250.0 1250.0 1250.0 1250.0 1250.0 1250.0 1250.0 1250.0 1250.0 1250.0 1250.0 1250.0 1250.0 1250.514 1251.11 1251.705 1252.301 1253.383 1255.437 1257.491 1259.544 1261.598 1263.432 1265.213 1266.993 1268.774 1270.42 1271.714 1273.008 1274.302 1275.595 1276.951 1278.328 1279.705 1281.082 1282.4 1283.504 1284.608 1285.712 1286.816 1287.851 1288.856
1255.139 1253.694 1252.248 1251.643 1251.684 1251.726 1251.767 1251.801 1251.645 1251.489 1251.333 1251.177 1251.012 1250.838 1250.664 1250.49 1250.315 1250.253 1250.194 1250.134 1250.074 1250.037 1250.028 1250.019 1250.01 1250.001 1250.0 1250.0 1250.0 1250.0 1250.0 1250.0 1250.0 1250.0 1250.0 1250.516 1251.114 1251.712 1252.309 1253.369 1255.352 1257.335 1259.318 1261.301 1263.072 1264.793 1266.514 1268.234 1269.83 1271.096 1272.363 1273.629 1274.896 1276.212 1277.544 1278.877 1280.21 1281.499 1282.63 1283.762 1284.893 1286.025 1287.082 1288.106
1257.52 1255.876 1254.232 1253.567 1253.657 1253.747 1253.836 1253.91 1253.572 1253.233 1252.895 1252.556 1252.198 1251.819 1251.441 1251.063 1250.685 1250.55 1250.42 1250.291 1250.161 1250.081 1250.061 1250.041 1250.021 1250.002 1250.0 1250.0 1250.0 1250.0 1250.0 1250.0 1250.0 1250.0 1250.0 1250.525 1251.134 1251.742 1252.351 1253.387 1255.279 1257.17 1259.062 1260.954 1262.664 1264.331 1265.998 1267.665 1269.219 1270.475 1271.73 1272.986 1274.242 1275.519 1276.803 1278.088 1279.372 1280.63 1281.794 1282.958 1284.121 1285.285 1286.368 1287.413
1259.9 1258.057 1256.215 1255.491 1255.629 1255.767 1255.905 1256.019 1255.498 1254.977 1254.456 1253.935 1253.383 1252.801 1252.219 1251.636 1251.054 1250.846 1250.647 1250.448 1250.249 1250.125 1250.094 1250.064 1250.033 1250.002 1250.0 1250.0 1250.0 1250.0 1250.0 1250.0 1250.0 1250.0 1250.0 1250.534 1251.154 1251.773 1252.392 1253.406 1255.206 1257.006 1258.806 1260.607 1262.256 1263.87 1265.483 1267.096 1268.608 1269.853 1271.098 1272.343 1273.588 1274.826 1276.062 1277.298 1278.534 1279.762 1280.958 1282.154 1283.349 1284.545 1285.653 1286.72
1262.281 1260.239 1258.198 1257.416 1257.602 1257.788 1257.974 1258.128 1257.425 1256.721 1256.018 1255.314 1254.568 1253.782 1252.996 1252.209 1251.423 1251.143 1250.874 1250.605 1250.336 1250.169 1250.127 1250.086 1250.045 1250.003 1250.0 1250.0 1250.0 1250.0 1250.0 1250.0 1250.0 1250.0 1250.0 1250.543 1251.174 1251.804 1252.434 1253.424 1255.133 1256.842 1258.551 1260.26 1261.849 1263.408 1264.968 1266.527 1267.997 1269.231 1270.466 1271.7 1272.934 1274.134 1275.321 1276.509 1277.697 1278.893 1280.121 1281.35 1282.578 1283.806 1284.938 1286.027
