data/zism_data/00370_03_D.txt
ncols         224
nrows         224
[rows 0 to 27 of 224, columns 126 to 188 of 224]
1302.985 1304.171 1305.357 1306.572 1307.808 1309.045 1310.281 1311.473 1310.655 1309.837 1309.02 1308.202 1307.023 1305.418 1303.814 1302.209 1300.605 1300.354 1300.257 1300.161 1300.064 1300.027 1300.109 1300.191 1300.273 1300.354 1300.878 1301.532 1302.186 1302.839 1303.406 1303.652 1303.897 1304.142 1304.387 1304.473 1304.473 1304.473 1304.473 1304.548 1305.406 1306.264 1307.122 1307.979 1309.66 1312.084 1314.508 1316.932 1319.356 1319.746 1320.059 1320.372 1320.686 1320.873 1320.873 1320.873 1320.873 1320.873 1319.604 1318.093 1316.581 1315.07 1313.558
1304.243 1305.911 1307.58 1309.301 1311.058 1312.815 1314.573 1316.267 1315.138 1314.009 1312.879 1311.75 1310.084 1307.787 1305.49 1303.193 1300.896 1300.531 1300.386 1300.241 1300.096 1300.017 1300.066 1300.116 1300.165 1300.215 1300.532 1300.928 1301.324 1301.72 1302.063 1302.212 1302.36 1302.509 1302.657 1302.709 1302.709 1302.709 1302.709 1302.755 1303.274 1303.794 1304.314 1304.833 1305.851 1307.32 1308.788 1310.256 1311.724 1311.961 1312.15 1312.34 1312.53 1312.643 1312.643 1312.643 1312.643 1312.643 1311.875 1310.959 1310.044 1309.128 1308.213
1305.5 1307.652 1309.804 1312.03 1314.308 1316.586 1318.864 1321.061 1319.62 1318.18 1316.739 1315.299 1313.146 1310.156 1307.167 1304.177 1301.187 1300.708 1300.515 1300.322 1300.128 1300.006 1300.023 1300.04 1300.058 1300.075 1300.186 1300.324 1300.462 1300.6 1300.72 1300.772 1300.824 1300.876 1300.927 1300.946 1300.946 1300.946 1300.946 1300.962 1301.143 1301.324 1301.506 1301.687 1302.042 1302.555 1303.067 1303.58 1304.092 1304.175 1304.241 1304.307 1304.374 1304.413 1304.413 1304.413 1304.413 1304.413 1304.145 1303.825 1303.506 1303.186 1302.867
1308.247 1310.957 1313.667 1316.464 1319.322 1322.181 1325.039 1327.797 1326.053 1324.308 1322.564 1320.82 1318.053 1314.087 1310.121 1306.155 1302.189 1301.433 1301.042 1300.651 1300.26 1300.0 1300.0 1300.0 1300.0 1300.0 1300.0 1300.0 1300.0 1300.0 1300.0 1300.0 1300.0 1300.0 1300.0 1300.0 1300.0 1300.0 1300.0 1300.0 1300.0 1300.0 1300.0 1300.0 1300.0 1300.0 1300.0 1300.0 1300.0 1300.0 1300.0 1300.0 1300.0 1300.018 1300.063 1300.108 1300.152 1300.197 1300.246 1300.296 1300.346 1300.396 1300.45
1312.716 1316.07 1319.424 1322.869 1326.377 1329.885 1333.393 1336.78 1334.741 1332.701 1330.661 1328.621 1325.096 1319.825 1314.554 1309.283 1304.013 1302.79 1302.029 1301.267 1300.506 1300.0 1300.0 1300.0 1300.0 1300.0 1300.0 1300.0 1300.0 1300.0 1300.0 1300.0 1300.0 1300.0 1300.0 1300.0 1300.0 1300.0 1300.0 1300.0 1300.0 1300.0 1300.0 1300.0 1300.0 1300.0 1300.0 1300.0 1300.0 1300.0 1300.0 1300.0 1300.0 1300.057 1300.198 1300.34 1300.481 1300.623 1300.777 1300.934 1301.092 1301.249 1301.419
1317.185 1321.183 1325.182 1329.273 1333.431 1337.589 1341.747 1345.763 1343.428 1341.093 1338.758 1336.423 1332.138 1325.562 1318.987 1312.411 1305.836 1304.148 1303.016 1301.884 1300.752 1300.0 1300.0 1300.0 1300.0 1300.0 1300.0 1300.0 1300.0 1300.0 1300.0 1300.0 1300.0 1300.0 1300.0 1300.0 1300.0 1300.0 1300.0 1300.0 1300.0 1300.0 1300.0 1300.0 1300.0 1300.0 1300.0 1300.0 1300.0 1300.0 1300.0 1300.0 1300.0 1300.096 1300.334 1300.572 1300.81 1301.048 1301.308 1301.573 1301.837 1302.102 1302.389
1321.654 1326.297 1330.939 1335.678 1340.486 1345.294 1350.101 1354.746 1352.116 1349.485 1346.855 1344.225 1339.18 1331.3 1323.42 1315.54 1307.659 1305.505 1304.003 1302.5 1300.998 1300.0 1300.0 1300.0 1300.0 1300.0 1300.0 1300.0 1300.0 1300.0 1300.0 1300.0 1300.0 1300.0 1300.0 1300.0 1300.0 1300.0 1300.0 1300.0 1300.0 1300.0 1300.0 1300.0 1300.0 1300.0 1300.0 1300.0 1300.0 1300.0 1300.0 1300.0 1300.0 1300.134 1300.469 1300.804 1301.139 1301.473 1301.839 1302.211 1302.583 1302.955 1303.358
1326.122 1331.41 1336.697 1342.083 1347.54 1352.998 1358.455 1363.729 1360.803 1357.877 1354.952 1352.026 1346.222 1337.037 1327.853 1318.668 1309.483 1306.863 1304.99 1303.117 1301.244 1300.0 1300.0 1300.0 1300.0 1300.0 1300.0 1300.0 1300.0 1300.0 1300.0 1300.0 1300.0 1300.0 1300.0 1300.0 1300.0 1300.0 1300.0 1300.0 1300.0 1300.0 1300.0 1300.0 1300.0 1300.0 1300.0 1300.0 1300.0 1300.0 1300.0 1300.0 1300.0 1300.173 1300.605 1301.036 1301.467 1301.899 1302.37 1302.85 1303.329 1303.808 1304.328
1333.932 1338.848 1343.763 1348.953 1354.337 1359.722 1365.107 1370.302 1366.996 1363.691 1360.385 1357.079 1350.662 1340.591 1330.52 1320.449 1310.377 1307.517 1305.478 1303.439 1301.4 1300.141 1300.425 1300.708 1300.992 1301.276 1301.795 1302.383 1302.97 1303.558 1304.017 1303.997 1303.977 1303.957 1303.938 1303.529 1302.912 1302.294 1301.677 1301.092 1300.848 1300.604 1300.36 1300.116 1300.0 1300.0 1300.0 1300.0 1300.0 1300.125 1300.254 1300.384 1300.513 1300.973 1301.924 1302.875 1303.827 1304.778 1305.875 1306.999 1308.124 1309.249 1310.419
1342.003 1346.467 1350.932 1355.858 1361.114 1366.37 1371.626 1376.686 1372.994 1369.302 1365.61 1361.917 1354.899 1343.974 1333.049 1322.124 1311.199 1308.117 1305.928 1303.738 1301.549 1300.292 1300.882 1301.472 1302.062 1302.652 1303.73 1304.952 1306.173 1307.394 1308.348 1308.307 1308.265 1308.224 1308.182 1307.334 1306.051 1304.768 1303.484 1302.269 1301.762 1301.255 1300.748 1300.241 1300.0 1300.0 1300.0 1300.0 1300.0 1300.259 1300.528 1300.797 1301.067 1301.832 1303.336 1304.84 1306.345 1307.849 1309.611 1311.423 1313.235 1315.047 1316.911
1350.073 1354.087 1358.1 1362.764 1367.891 1373.018 1378.145 1383.071 1378.992 1374.913 1370.835 1366.756 1359.136 1347.358 1335.579 1323.8 1312.021 1308.717 1306.377 1304.037 1301.698 1300.444 1301.34 1302.236 1303.132 1304.028 1305.666 1307.521 1309.375 1311.23 1312.679 1312.616 1312.553 1312.491 1312.428 1311.139 1309.19 1307.241 1305.292 1303.446 1302.676 1301.906 1301.136 1300.365 1300.0 1300.0 1300.0 1300.0 1300.0 1300.394 1300.802 1301.211 1301.62 1302.69 1304.748 1306.805 1308.863 1310.92 1313.348 1315.847 1318.346 1320.845 1323.402
1358.144 1361.706 1365.269 1369.67 1374.668 1379.666 1384.664 1389.455 1384.99 1380.525 1376.059 1371.594 1363.373 1350.741 1338.108 1325.476 1312.844 1309.317 1306.827 1304.337 1301.846 1300.596 1301.798 1303.0 1304.202 1305.404 1307.601 1310.09 1312.578 1315.066 1317.01 1316.926 1316.841 1316.757 1316.673 1314.944 1312.33 1309.715 1307.1 1304.624 1303.59 1302.557 1301.524 1300.49 1300.0 1300.0 1300.0 1300.0 1300.0 1300.528 1301.077 1301.625 1302.173 1303.549 1306.16 1308.77 1311.38 1313.991 1317.085 1320.271 1323.457 1326.644 1329.894
1365.081 1368.174 1371.266 1375.292 1379.983 1384.674 1389.364 1393.848 1389.087 1384.325 1379.564 1374.802 1366.159 1352.956 1339.754 1326.552 1313.349 1309.746 1307.236 1304.726 1302.215 1301.16 1302.984 1304.807 1306.63 1308.453 1311.405 1314.686 1317.968 1321.25 1323.819 1323.736 1323.654 1323.571 1323.488 1321.167 1317.638 1314.11 1310.581 1307.22 1305.607 1303.993 1302.379 1300.766 1300.0 1300.0 1300.0 1300.0 1300.0 1300.697 1301.421 1302.144 1302.868 1304.59 1307.799 1311.009 1314.219 1317.428 1321.222 1325.127 1329.032 1332.937 1336.855
1370.255 1372.849 1375.442 1378.918 1383.024 1387.129 1391.235 1395.143 1390.226 1385.308 1380.391 1375.474 1366.688 1353.356 1340.025 1326.694 1313.362 1309.91 1307.582 1305.255 1302.927 1302.366 1305.301 1308.235 1311.17 1314.105 1318.114 1322.437 1326.76 1331.083 1334.482 1334.437 1334.391 1334.346 1334.301 1331.149 1326.321 1321.493 1316.665 1312.025 1309.337 1306.65 1303.963 1301.275 1300.0 1300.0 1300.0 1300.0 1300.0 1300.92 1301.874 1302.828 1303.783 1305.912 1309.793 1313.674 1317.555 1321.436 1325.981 1330.654 1335.327 1340.0 1344.545
1375.43 1377.524 1379.618 1382.544 1386.065 1389.585 1393.106 1396.438 1391.365 1386.292 1381.219 1376.146 1367.216 1353.756 1340.296 1326.836 1313.375 1310.074 1307.929 1305.784 1303.639 1303.572 1307.618 1311.664 1315.71 1319.756 1324.823 1330.187 1335.552 1340.917 1345.144 1345.137 1345.129 1345.122 1345.114 1341.131 1335.004 1328.877 1322.75 1316.83 1313.068 1309.307 1305.546 1301.785 1300.0 1300.0 1300.0 1300.0 1300.0 1301.142 1302.327 1303.513 1304.698 1307.235 1311.787 1316.339 1320.891 1325.443 1330.74 1336.181 1341.622 1347.063 1352.236
1380.604 1382.199 1383.793 1386.171 1389.106 1392.041 1394.976 1397.733 1392.504 1387.275 1382.047 1376.818 1367.745 1354.156 1340.567 1326.978 1313.389 1310.238 1308.275 1306.313 1304.35 1304.778 1309.936 1315.093 1320.25 1325.408 1331.532 1337.938 1344.344 1350.751 1355.807 1355.837 1355.867 1355.897 1355.927 1351.114 1343.687 1336.26 1328.834 1321.634 1316.799 1311.964 1307.129 1302.294 1300.0 1300.0 1300.0 1300.0 1300.0 1301.365 1302.781 1304.197 1305.613 1308.558 1313.781 1319.004 1324.227 1329.45 1335.5 1341.708 1347.917 1354.125 1359.927
1385.779 1386.874 1387.969 1389.797 1392.147 1394.497 1396.847 1399.027 1393.643 1388.259 1382.874 1377.49 1368.273 1354.555 1340.838 1327.12 1313.402 1310.402 1308.622 1306.842 1305.062 1305.984 1312.253 1318.522 1324.791 1331.059 1338.24 1345.688 1353.136 1360.584 1366.47 1366.538 1366.605 1366.673 1366.74 1361.096 1352.37 1343.644 1334.918 1326.439 1320.53 1314.621 1308.712 1302.803 1300.0 1300.0 1300.0 1300.0 1300.0 1301.587 1303.234 1304.881 1306.528 1309.88 1315.775 1321.669 1327.563 1333.457 1340.259 1347.236 1354.212 1361.188 1367.617
1388.968 1389.761 1390.555 1391.907 1393.658 1395.409 1397.16 1398.747 1392.991 1387.235 1381.479 1375.723 1366.466 1353.097 1339.728 1326.358 1312.989 1310.885 1310.064 1309.242 1308.42 1310.311 1317.567 1324.824 1332.08 1339.336 1346.424 1353.463 1360.502 1367.541 1373.098 1373.139 1373.18 1373.221 1373.262 1367.706 1359.132 1350.557 1341.983 1333.551 1326.6 1319.649 1312.699 1305.748 1302.183 1301.673 1301.163 1300.654 1300.144 1301.533 1302.993 1304.453 1305.913 1309.181 1315.145 1321.109 1327.073 1333.037 1340.318 1347.851 1355.383 1362.916 1369.773
1391.821 1392.346 1392.871 1393.761 1394.91 1396.06 1397.209 1398.199 1392.035 1385.871 1379.707 1373.543 1364.263 1351.324 1338.384 1325.444 1312.504 1311.423 1311.691 1311.959 1312.228 1315.167 1323.39 1331.612 1339.835 1348.058 1354.858 1361.241 1367.625 1374.009 1379.042 1379.046 1379.049 1379.052 1379.056 1373.745 1365.568 1357.39 1349.213 1341.053 1333.066 1325.079 1317.092 1309.106 1304.735 1303.63 1302.524 1301.418 1300.313 1301.431 1302.634 1303.836 1305.039 1308.14 1314.071 1320.003 1325.935 1331.866 1339.579 1347.633 1355.687 1363.74 1370.991
1394.674 1394.931 1395.187 1395.614 1396.162 1396.71 1397.259 1397.651 1391.079 1384.507 1377.935 1371.363 1362.06 1349.55 1337.04 1324.53 1312.02 1311.961 1313.319 1314.677 1316.035 1320.023 1329.212 1338.401 1347.59 1356.779 1363.291 1369.02 1374.749 1380.478 1384.986 1384.952 1384.918 1384.884 1384.849 1379.783 1372.004 1364.224 1356.444 1348.555 1339.532 1330.509 1321.486 1312.463 1307.288 1305.586 1303.885 1302.183 1300.482 1301.33 1302.275 1303.219 1304.164 1307.098 1312.997 1318.897 1324.797 1330.696 1338.841 1347.415 1355.99 1364.564 1372.21
1397.527 1397.515 1397.503 1397.467 1397.414 1397.361 1397.308 1397.103 1390.123 1383.143 1376.163 1369.183 1359.858 1347.777 1335.696 1323.615 1311.535 1312.498 1314.946 1317.394 1319.843 1324.879 1335.034 1345.19 1355.345 1365.501 1371.724 1376.798 1381.872 1386.946 1390.93 1390.859 1390.787 1390.715 1390.643 1385.822 1378.439 1371.057 1363.674 1356.057 1345.998 1335.939 1325.88 1315.82 1309.84 1307.543 1305.245 1302.948 1300.65 1301.229 1301.916 1302.603 1303.29 1306.056 1311.924 1317.791 1323.658 1329.526 1338.102 1347.197 1356.293 1365.388 1373.428
1400.107 1399.882 1399.656 1399.192 1398.558 1397.924 1397.29 1396.505 1388.956 1381.407 1373.858 1366.309 1356.91 1345.338 1333.765 1322.193 1310.62 1312.59 1316.1 1319.611 1323.122 1329.109 1339.994 1350.88 1361.766 1372.652 1378.547 1382.983 1387.419 1391.854 1395.332 1395.242 1395.151 1395.06 1394.97 1390.569 1383.844 1377.119 1370.394 1363.319 1352.597 1341.875 1331.152 1320.43 1313.687 1310.537 1307.387 1304.236 1301.086 1301.358 1301.76 1302.162 1302.564 1305.066 1310.697 1316.328 1321.96 1327.591 1336.505 1346.048 1355.59 1365.133 1373.544
1402.104 1401.782 1401.46 1400.642 1399.471 1398.301 1397.13 1395.799 1387.337 1378.876 1370.414 1361.952 1352.371 1341.475 1330.579 1319.683 1308.788 1311.727 1316.242 1320.757 1325.271 1332.001 1343.112 1354.224 1365.335 1376.446 1381.927 1385.762 1389.596 1393.431 1396.439 1396.37 1396.301 1396.232 1396.163 1392.558 1387.046 1381.535 1376.023 1370.067 1359.479 1348.891 1338.303 1327.715 1320.299 1315.747 1311.196 1306.644 1302.093 1301.983 1302.041 1302.099 1302.157 1304.184 1309.144 1314.104 1319.064 1324.025 1333.074 1342.907 1352.739 1362.572 1371.307
1404.102 1403.683 1403.264 1402.092 1400.385 1398.677 1396.969 1395.093 1385.719 1376.344 1366.97 1357.595 1347.832 1337.613 1327.394 1317.174 1306.955 1310.865 1316.384 1321.903 1327.422 1334.894 1346.23 1357.567 1368.904 1380.241 1385.308 1388.541 1391.774 1395.007 1397.546 1397.498 1397.451 1397.403 1397.355 1394.546 1390.248 1385.95 1381.652 1376.815 1366.361 1355.907 1345.453 1334.999 1326.911 1320.958 1315.005 1309.052 1303.099 1302.607 1302.322 1302.036 1301.751 1303.302 1307.591 1311.88 1316.169 1320.458 1329.644 1339.766 1349.888 1360.011 1369.071
1406.099 1405.583 1405.068 1403.542 1401.298 1399.053 1396.808 1394.388 1384.1 1373.813 1363.526 1353.239 1343.294 1333.751 1324.208 1314.665 1305.122 1310.003 1316.526 1323.049 1329.571 1337.786 1349.349 1360.911 1372.473 1384.036 1388.688 1391.32 1393.952 1396.583 1398.653 1398.626 1398.6 1398.574 1398.548 1396.535 1393.45 1390.366 1387.281 1383.563 1373.243 1362.923 1352.604 1342.284 1333.523 1326.168 1318.814 1311.46 1304.105 1303.231 1302.602 1301.973 1301.344 1302.42 1306.038 1309.656 1313.274 1316.892 1326.213 1336.625 1347.037 1357.45 1366.834
1408.096 1407.484 1406.871 1404.992 1402.211 1399.429 1396.648 1393.682 1382.482 1371.282 1360.082 1348.882 1338.755 1329.888 1321.022 1312.156 1303.289 1309.141 1316.668 1324.195 1331.721 1340.679 1352.467 1364.255 1376.042 1387.83 1392.068 1394.099 1396.129 1398.16 1399.759 1399.755 1399.75 1399.745 1399.741 1398.523 1396.652 1394.781 1392.91 1390.31 1380.125 1369.939 1359.754 1349.568 1340.135 1331.379 1322.623 1313.868 1305.112 1303.855 1302.883 1301.91 1300.938 1301.538 1304.485 1307.432 1310.379 1313.326 1322.782 1333.484 1344.187 1354.889 1364.597
1410.174 1409.574 1408.975 1406.876 1403.709 1400.541 1397.374 1394.021 1382.345 1370.669 1358.993 1347.318 1337.044 1328.417 1319.79 1311.163 1302.536 1308.676 1316.497 1324.318 1332.139 1341.308 1353.145 1364.981 1376.818 1388.655 1392.803 1394.703 1396.603 1398.502 1400.0 1400.0 1400.0 1400.0 1400.0 1399.111 1397.743 1396.375 1395.008 1392.954 1383.755 1374.557 1365.359 1356.161 1346.691 1336.975 1327.259 1317.543 1307.828 1305.933 1304.336 1302.738 1301.14 1301.16 1303.591 1306.022 1308.453 1310.884 1319.948 1330.28 1340.613 1350.945 1360.528
1412.275 1411.718 1411.161 1408.88 1405.369 1401.858 1398.347 1394.65 1382.62 1370.589 1358.559 1346.529 1336.118 1327.61 1319.101 1310.592 1302.083 1308.322 1316.24 1324.157 1332.074 1341.308 1353.145 1364.981 1376.818 1388.655 1392.803 1394.703 1396.603 1398.502 1400.0 1400.0 1400.0 1400.0 1400.0 1399.31 1398.248 1397.186 1396.124 1394.457 1386.483 1378.509 1370.535 1362.561 1353.231 1342.678 1332.125 1321.571 1311.018 1308.416 1306.114 1303.813 1301.512 1300.921 1302.88 1304.839 1306.797 1308.756 1317.279 1327.059 1336.838 1346.617 1355.949
