data/zism_data/00375_02_D.txt
ncols         224
nrows         224
[rows 140 to 167 of 224, columns 128 to 191 of 224]
1143.9 1143.648 1143.658 1143.99 1144.322 1144.653 1144.985 1145.482 1145.994 1146.506 1147.019 1147.504 1147.943 1148.383 1148.823 1149.263 1149.642 1150.01 1150.377 1150.744 1151.031 1151.134 1151.238 1151.341 1151.444 1151.393 1151.296 1151.199 1151.102 1151.026 1151.02 1151.014 1151.008 1151.002 1150.847 1150.626 1150.406 1150.185 1149.976 1149.826 1149.676 1149.526 1149.376 1149.276 1149.205 1149.135 1149.064 1149.0 1149.0 1149.0 1149.0 1149.0 1149.002 1149.005 1149.008 1149.011 1149.014 1149.014 1149.014 1149.014 1149.014 1148.876 1148.589 1148.301
1144.302 1144.012 1143.974 1144.247 1144.519 1144.791 1145.064 1145.545 1146.047 1146.548 1147.05 1147.526 1147.961 1148.395 1148.83 1149.264 1149.642 1150.01 1150.377 1150.744 1151.04 1151.17 1151.3 1151.43 1151.56 1151.52 1151.428 1151.337 1151.245 1151.166 1151.127 1151.089 1151.05 1151.012 1150.847 1150.626 1150.406 1150.185 1149.974 1149.807 1149.641 1149.475 1149.309 1149.212 1149.158 1149.104 1149.05 1149.0 1149.0 1149.0 1149.0 1149.0 1149.011 1149.03 1149.049 1149.068 1149.087 1149.087 1149.087 1149.087 1149.087 1148.841 1148.327 1147.812
1144.703 1144.375 1144.291 1144.504 1144.716 1144.929 1145.142 1145.609 1146.1 1146.59 1147.081 1147.549 1147.978 1148.407 1148.836 1149.265 1149.642 1150.01 1150.377 1150.744 1151.048 1151.205 1151.362 1151.519 1151.676 1151.646 1151.56 1151.474 1151.388 1151.305 1151.234 1151.163 1151.093 1151.022 1150.847 1150.626 1150.406 1150.185 1149.971 1149.788 1149.606 1149.424 1149.241 1149.149 1149.111 1149.073 1149.035 1149.0 1149.0 1149.0 1149.0 1149.0 1149.02 1149.055 1149.09 1149.126 1149.161 1149.161 1149.161 1149.161 1149.161 1148.806 1148.065 1147.324
1145.104 1144.739 1144.607 1144.76 1144.914 1145.067 1145.221 1145.672 1146.152 1146.632 1147.112 1147.571 1147.995 1148.418 1148.842 1149.266 1149.642 1150.01 1150.377 1150.744 1151.056 1151.24 1151.424 1151.608 1151.792 1151.773 1151.692 1151.611 1151.531 1151.445 1151.341 1151.238 1151.135 1151.031 1150.847 1150.626 1150.406 1150.185 1149.968 1149.77 1149.571 1149.372 1149.174 1149.085 1149.064 1149.042 1149.02 1149.0 1149.0 1149.0 1149.0 1149.0 1149.028 1149.08 1149.132 1149.183 1149.234 1149.234 1149.234 1149.234 1149.234 1148.771 1147.803 1146.835
1145.506 1145.103 1144.923 1145.017 1145.111 1145.205 1145.3 1145.736 1146.205 1146.674 1147.143 1147.594 1148.012 1148.43 1148.848 1149.267 1149.642 1150.01 1150.377 1150.744 1151.064 1151.275 1151.486 1151.697 1151.908 1151.9 1151.824 1151.749 1151.673 1151.584 1151.448 1151.313 1151.177 1151.041 1150.847 1150.626 1150.406 1150.185 1149.966 1149.751 1149.536 1149.321 1149.106 1149.022 1149.016 1149.011 1149.005 1149.0 1149.0 1149.0 1149.0 1149.0 1149.037 1149.105 1149.173 1149.241 1149.308 1149.308 1149.308 1149.308 1149.308 1148.736 1147.542 1146.347
1145.973 1145.5 1145.273 1145.346 1145.42 1145.493 1145.567 1145.975 1146.416 1146.857 1147.297 1147.73 1148.15 1148.57 1148.99 1149.41 1149.786 1150.153 1150.521 1150.888 1151.211 1151.431 1151.652 1151.872 1152.093 1152.087 1152.014 1151.94 1151.867 1151.769 1151.59 1151.412 1151.233 1151.054 1150.847 1150.626 1150.406 1150.185 1149.967 1149.757 1149.547 1149.337 1149.127 1149.061 1149.082 1149.103 1149.125 1149.144 1149.144 1149.144 1149.144 1149.144 1149.178 1149.241 1149.304 1149.367 1149.428 1149.365 1149.301 1149.238 1149.175 1148.322 1146.608 1144.894
1146.474 1145.915 1145.64 1145.714 1145.787 1145.86 1145.934 1146.308 1146.711 1147.114 1147.517 1147.928 1148.354 1148.779 1149.204 1149.63 1150.006 1150.374 1150.741 1151.109 1151.431 1151.652 1151.872 1152.093 1152.313 1152.308 1152.234 1152.161 1152.087 1151.978 1151.751 1151.524 1151.296 1151.069 1150.847 1150.626 1150.406 1150.185 1149.969 1149.775 1149.582 1149.388 1149.194 1149.155 1149.208 1149.262 1149.315 1149.364 1149.364 1149.364 1149.364 1149.364 1149.39 1149.437 1149.483 1149.53 1149.574 1149.413 1149.253 1149.092 1148.931 1147.705 1145.316 1142.928
1146.975 1146.33 1146.007 1146.081 1146.154 1146.228 1146.301 1146.641 1147.006 1147.371 1147.736 1148.126 1148.557 1148.988 1149.419 1149.849 1150.227 1150.594 1150.962 1151.329 1151.652 1151.872 1152.093 1152.313 1152.534 1152.528 1152.455 1152.381 1152.308 1152.187 1151.911 1151.636 1151.36 1151.084 1150.847 1150.626 1150.406 1150.185 1149.972 1149.794 1149.617 1149.439 1149.262 1149.248 1149.334 1149.42 1149.506 1149.585 1149.585 1149.585 1149.585 1149.585 1149.601 1149.632 1149.662 1149.693 1149.719 1149.462 1149.204 1148.946 1148.688 1147.089 1144.025 1140.961
1147.477 1146.745 1146.375 1146.448 1146.522 1146.595 1146.669 1146.974 1147.301 1147.629 1147.956 1148.324 1148.76 1149.197 1149.633 1150.069 1150.447 1150.815 1151.182 1151.55 1151.872 1152.093 1152.313 1152.534 1152.754 1152.749 1152.675 1152.602 1152.528 1152.396 1152.072 1151.748 1151.423 1151.099 1150.847 1150.626 1150.406 1150.185 1149.974 1149.813 1149.652 1149.49 1149.329 1149.342 1149.46 1149.579 1149.697 1149.805 1149.805 1149.805 1149.805 1149.805 1149.813 1149.827 1149.842 1149.856 1149.865 1149.51 1149.155 1148.8 1148.445 1146.472 1142.733 1138.995
1148.06 1147.189 1146.74 1146.808 1146.875 1146.943 1147.011 1147.284 1147.576 1147.868 1148.16 1148.509 1148.951 1149.394 1149.837 1150.28 1150.664 1151.037 1151.41 1151.783 1152.11 1152.33 1152.551 1152.771 1152.991 1152.982 1152.904 1152.825 1152.747 1152.602 1152.24 1151.878 1151.515 1151.153 1150.887 1150.662 1150.438 1150.214 1150.002 1149.853 1149.704 1149.555 1149.406 1149.44 1149.583 1149.726 1149.869 1150.0 1150.0 1150.0 1150.0 1150.0 1149.995 1149.985 1149.976 1149.967 1149.95 1149.461 1148.971 1148.481 1147.991 1145.646 1141.277 1136.908
1149.265 1147.854 1147.085 1147.105 1147.124 1147.143 1147.162 1147.416 1147.692 1147.968 1148.243 1148.588 1149.047 1149.506 1149.965 1150.424 1150.852 1151.273 1151.695 1152.117 1152.477 1152.698 1152.918 1153.138 1153.359 1153.317 1153.195 1153.073 1152.951 1152.784 1152.465 1152.146 1151.826 1151.507 1151.232 1150.975 1150.718 1150.462 1150.22 1150.055 1149.89 1149.725 1149.56 1149.566 1149.677 1149.788 1149.899 1150.0 1150.0 1150.0 1150.0 1150.0 1149.95 1149.86 1149.769 1149.679 1149.577 1148.666 1147.755 1146.844 1145.933 1143.229 1138.568 1133.907
1150.469 1148.519 1147.431 1147.401 1147.372 1147.343 1147.314 1147.548 1147.808 1148.067 1148.327 1148.668 1149.143 1149.618 1150.093 1150.569 1151.04 1151.51 1151.98 1152.45 1152.845 1153.065 1153.285 1153.506 1153.726 1153.651 1153.486 1153.321 1153.156 1152.965 1152.689 1152.413 1152.137 1151.861 1151.576 1151.287 1150.998 1150.709 1150.438 1150.256 1150.075 1149.894 1149.713 1149.693 1149.772 1149.85 1149.928 1150.0 1150.0 1150.0 1150.0 1150.0 1149.906 1149.734 1149.563 1149.391 1149.203 1147.871 1146.539 1145.207 1143.875 1140.811 1135.859 1130.907
1151.674 1149.183 1147.776 1147.698 1147.621 1147.543 1147.465 1147.68 1147.924 1148.167 1148.411 1148.747 1149.239 1149.73 1150.222 1150.713 1151.227 1151.746 1152.265 1152.784 1153.212 1153.432 1153.653 1153.873 1154.094 1153.985 1153.777 1153.569 1153.361 1153.147 1152.914 1152.681 1152.448 1152.216 1151.921 1151.6 1151.278 1150.957 1150.655 1150.458 1150.26 1150.063 1149.866 1149.82 1149.866 1149.912 1149.958 1150.0 1150.0 1150.0 1150.0 1150.0 1149.861 1149.609 1149.356 1149.104 1148.83 1147.076 1145.323 1143.57 1141.817 1138.394 1133.15 1127.906
1152.879 1149.848 1148.122 1147.995 1147.869 1147.742 1147.616 1147.813 1148.04 1148.267 1148.494 1148.827 1149.335 1149.842 1150.35 1150.857 1151.415 1151.983 1152.55 1153.118 1153.579 1153.8 1154.02 1154.241 1154.461 1154.319 1154.068 1153.817 1153.565 1153.328 1153.139 1152.949 1152.76 1152.57 1152.266 1151.912 1151.559 1151.205 1150.873 1150.66 1150.446 1150.232 1150.019 1149.947 1149.96 1149.974 1149.988 1150.0 1150.0 1150.0 1150.0 1150.0 1149.816 1149.483 1149.15 1148.816 1148.456 1146.282 1144.107 1141.933 1139.758 1135.977 1130.441 1124.906
1153.846 1150.538 1148.638 1148.463 1148.288 1148.113 1147.938 1148.124 1148.344 1148.564 1148.785 1149.123 1149.656 1150.189 1150.723 1151.256 1151.843 1152.44 1153.037 1153.635 1154.107 1154.293 1154.479 1154.665 1154.851 1154.682 1154.406 1154.131 1153.855 1153.598 1153.401 1153.205 1153.008 1152.812 1152.505 1152.15 1151.795 1151.44 1151.104 1150.868 1150.632 1150.396 1150.16 1150.044 1150.0 1149.956 1149.912 1149.86 1149.716 1149.572 1149.428 1149.284 1148.905 1148.334 1147.763 1147.192 1146.595 1144.206 1141.817 1139.428 1137.039 1133.231 1127.877 1122.523
1154.642 1151.247 1149.277 1149.054 1148.83 1148.606 1148.383 1148.564 1148.785 1149.005 1149.226 1149.576 1150.142 1150.707 1151.273 1151.839 1152.444 1153.058 1153.671 1154.285 1154.75 1154.877 1155.003 1155.13 1155.256 1155.066 1154.779 1154.493 1154.206 1153.931 1153.691 1153.451 1153.212 1152.972 1152.667 1152.334 1152.0 1151.667 1151.345 1151.082 1150.819 1150.556 1150.293 1150.119 1150.0 1149.88 1149.761 1149.618 1149.225 1148.833 1148.441 1148.048 1147.364 1146.442 1145.52 1144.599 1143.654 1141.201 1138.747 1136.293 1133.839 1130.249 1125.418 1120.588
1155.437 1151.956 1149.917 1149.645 1149.372 1149.1 1148.828 1149.005 1149.226 1149.446 1149.667 1150.029 1150.627 1151.225 1151.823 1152.421 1153.046 1153.675 1154.305 1154.935 1155.393 1155.46 1155.528 1155.595 1155.662 1155.449 1155.152 1154.855 1154.557 1154.263 1153.981 1153.698 1153.415 1153.132 1152.829 1152.517 1152.206 1151.894 1151.586 1151.296 1151.005 1150.715 1150.425 1150.194 1149.999 1149.804 1149.609 1149.376 1148.735 1148.094 1147.453 1146.813 1145.824 1144.551 1143.278 1142.005 1140.714 1138.196 1135.677 1133.159 1130.64 1127.266 1122.959 1118.652
1156.232 1152.665 1150.557 1150.236 1149.915 1149.594 1149.273 1149.446 1149.667 1149.887 1150.107 1150.482 1151.113 1151.743 1152.374 1153.004 1153.647 1154.293 1154.939 1155.585 1156.036 1156.044 1156.052 1156.06 1156.068 1155.833 1155.525 1155.217 1154.909 1154.596 1154.27 1153.944 1153.618 1153.292 1152.991 1152.701 1152.411 1152.121 1151.826 1151.509 1151.192 1150.875 1150.558 1150.27 1149.999 1149.729 1149.458 1149.134 1148.245 1147.355 1146.466 1145.577 1144.283 1142.66 1141.036 1139.412 1137.774 1135.191 1132.607 1130.024 1127.441 1124.283 1120.5 1116.717
1156.986 1153.368 1151.213 1150.851 1150.49 1150.129 1149.768 1149.938 1150.159 1150.379 1150.599 1150.984 1151.64 1152.295 1152.951 1153.607 1154.265 1154.923 1155.582 1156.24 1156.683 1156.631 1156.579 1156.527 1156.475 1156.218 1155.899 1155.58 1155.261 1154.93 1154.561 1154.191 1153.822 1153.452 1153.151 1152.879 1152.607 1152.335 1152.051 1151.702 1151.354 1151.005 1150.656 1150.297 1149.931 1149.565 1149.2 1148.766 1147.621 1146.475 1145.33 1144.185 1142.587 1140.621 1138.655 1136.689 1134.713 1132.093 1129.473 1126.853 1124.233 1121.311 1118.061 1114.81
1156.819 1153.924 1152.233 1152.018 1151.803 1151.588 1151.372 1151.555 1151.775 1151.996 1152.216 1152.552 1153.078 1153.604 1154.13 1154.656 1155.239 1155.833 1156.427 1157.02 1157.396 1157.274 1157.152 1157.03 1156.907 1156.626 1156.296 1155.966 1155.637 1155.286 1154.868 1154.45 1154.032 1153.614 1153.26 1152.934 1152.609 1152.283 1151.932 1151.448 1150.964 1150.48 1149.997 1149.26 1148.37 1147.481 1146.592 1145.642 1144.065 1142.488 1140.91 1139.333 1137.458 1135.341 1133.223 1131.106 1128.99 1126.953 1124.916 1122.879 1120.842 1118.571 1116.044 1113.517
1156.652 1154.481 1153.254 1153.185 1153.115 1153.046 1152.976 1153.171 1153.392 1153.612 1153.833 1154.12 1154.516 1154.913 1155.309 1155.706 1156.214 1156.742 1157.271 1157.8 1158.11 1157.917 1157.725 1157.532 1157.34 1157.034 1156.693 1156.353 1156.012 1155.643 1155.176 1154.709 1154.242 1153.776 1153.369 1152.99 1152.61 1152.23 1151.812 1151.193 1150.575 1149.956 1149.337 1148.223 1146.81 1145.397 1143.984 1142.519 1140.509 1138.5 1136.49 1134.481 1132.329 1130.06 1127.792 1125.523 1123.266 1121.813 1120.359 1118.906 1117.452 1115.831 1114.027 1112.224
1156.485 1155.038 1154.275 1154.351 1154.427 1154.504 1154.58 1154.788 1155.009 1155.229 1155.449 1155.687 1155.954 1156.221 1156.488 1156.755 1157.188 1157.652 1158.116 1158.58 1158.823 1158.561 1158.298 1158.035 1157.773 1157.442 1157.091 1156.739 1156.388 1155.999 1155.483 1154.968 1154.453 1153.937 1153.479 1153.045 1152.611 1152.178 1151.693 1150.939 1150.185 1149.431 1148.678 1147.186 1145.25 1143.313 1141.375 1139.395 1136.953 1134.512 1132.071 1129.629 1127.2 1124.78 1122.36 1119.941 1117.543 1116.673 1115.802 1114.932 1114.061 1113.091 1112.01 1110.93
1156.319 1155.595 1155.296 1155.518 1155.74 1155.962 1156.184 1156.405 1156.625 1156.846 1157.066 1157.255 1157.392 1157.53 1157.667 1157.805 1158.162 1158.561 1158.961 1159.36 1159.537 1159.204 1158.871 1158.538 1158.205 1157.85 1157.488 1157.126 1156.764 1156.355 1155.791 1155.227 1154.663 1154.099 1153.588 1153.1 1152.613 1152.125 1151.573 1150.684 1149.796 1148.907 1148.018 1146.15 1143.689 1141.228 1138.768 1136.271 1133.398 1130.524 1127.651 1124.778 1122.071 1119.5 1116.929 1114.358 1111.82 1111.533 1111.245 1110.958 1110.671 1110.35 1109.994 1109.637
1156.174 1156.023 1156.148 1156.612 1157.076 1157.54 1158.003 1158.267 1158.513 1158.758 1159.003 1159.148 1159.129 1159.109 1159.089 1159.07 1159.295 1159.566 1159.838 1160.109 1160.176 1159.773 1159.37 1158.967 1158.563 1158.146 1157.724 1157.301 1156.879 1156.413 1155.8 1155.188 1154.575 1153.963 1153.3 1152.616 1151.932 1151.248 1150.47 1149.197 1147.924 1146.651 1145.377 1143.133 1140.302 1137.471 1134.64 1131.803 1128.903 1126.003 1123.103 1120.203 1117.593 1115.219 1112.844 1110.47 1108.131 1108.216 1108.301 1108.386 1108.471 1108.597 1108.766 1108.936
1156.052 1156.327 1156.838 1157.636 1158.435 1159.233 1160.032 1160.369 1160.663 1160.957 1161.25 1161.357 1161.154 1160.95 1160.747 1160.544 1160.581 1160.664 1160.746 1160.829 1160.742 1160.269 1159.796 1159.322 1158.849 1158.332 1157.802 1157.272 1156.742 1156.181 1155.52 1154.859 1154.198 1153.537 1152.627 1151.608 1150.589 1149.57 1148.411 1146.511 1144.612 1142.712 1140.813 1138.195 1135.142 1132.09 1129.037 1126.03 1123.497 1120.964 1118.432 1115.899 1113.748 1111.908 1110.068 1108.229 1106.419 1106.672 1106.924 1107.176 1107.429 1107.802 1108.306 1108.811
1155.929 1156.631 1157.527 1158.66 1159.794 1160.927 1162.06 1162.471 1162.814 1163.156 1163.498 1163.566 1163.179 1162.792 1162.405 1162.018 1161.867 1161.761 1161.654 1161.548 1161.309 1160.765 1160.222 1159.678 1159.135 1158.519 1157.88 1157.242 1156.604 1155.949 1155.24 1154.53 1153.82 1153.111 1151.953 1150.599 1149.245 1147.892 1146.351 1143.825 1141.299 1138.773 1136.248 1133.255 1129.982 1126.708 1123.434 1120.257 1118.091 1115.925 1113.76 1111.594 1109.903 1108.597 1107.292 1105.987 1104.707 1105.127 1105.547 1105.966 1106.386 1107.006 1107.846 1108.685
1155.807 1156.935 1158.216 1159.684 1161.152 1162.621 1164.089 1164.573 1164.964 1165.355 1165.746 1165.775 1165.204 1164.634 1164.063 1163.493 1163.154 1162.858 1162.563 1162.267 1161.875 1161.261 1160.648 1160.034 1159.421 1158.705 1157.959 1157.213 1156.467 1155.718 1154.959 1154.201 1153.443 1152.684 1151.279 1149.591 1147.902 1146.214 1144.292 1141.139 1137.987 1134.835 1131.683 1128.317 1124.822 1121.326 1117.831 1114.483 1112.685 1110.887 1109.088 1107.29 1106.057 1105.287 1104.516 1103.746 1102.995 1103.582 1104.169 1104.756 1105.343 1106.211 1107.385 1108.559
1155.684 1157.239 1158.906 1160.708 1162.511 1164.314 1166.117 1166.675 1167.115 1167.554 1167.994 1167.983 1167.229 1166.475 1165.721 1164.967 1164.44 1163.955 1163.471 1162.987 1162.442 1161.758 1161.074 1160.39 1159.706 1158.892 1158.037 1157.183 1156.329 1155.486 1154.679 1153.872 1153.065 1152.258 1150.605 1148.582 1146.559 1144.536 1142.232 1138.454 1134.675 1130.896 1127.118 1123.378 1119.661 1115.945 1112.228 1108.71 1107.279 1105.848 1104.417 1102.985 1102.212 1101.976 1101.74 1101.505 1101.283 1102.037 1102.792 1103.546 1104.301 1105.416 1106.925 1108.434
