data/zism_data/00377_02_D.txt
ncols         224
nrows         224
[rows 112 to 139 of 224, columns 63 to 125 of 224]
1536.872 1536.006 1535.14 1534.274 1533.254 1532.137 1531.02 1529.902 1528.784 1527.609 1526.435 1525.26 1524.085 1522.863 1521.576 1520.29 1519.004 1517.717 1516.435 1515.154 1513.873 1512.592 1511.292 1509.928 1508.565 1507.201 1505.838 1504.849 1504.075 1503.301 1502.527 1501.775 1501.532 1501.289 1501.047 1500.804 1500.574 1500.361 1500.148 1499.935 1499.722 1499.596 1499.484 1499.373 1499.261 1499.169 1499.13 1499.091 1499.052 1499.013 1499.103 1499.258 1499.413 1499.569 1499.766 1500.554 1501.343 1502.132 1502.921 1504.083 1505.665 1507.246 1508.828
1537.509 1536.606 1535.703 1534.8 1533.756 1532.623 1531.49 1530.356 1529.223 1528.08 1526.937 1525.794 1524.651 1523.452 1522.176 1520.9 1519.624 1518.349 1517.112 1515.884 1514.656 1513.428 1512.179 1510.864 1509.548 1508.232 1506.917 1505.928 1505.128 1504.327 1503.527 1502.744 1502.368 1501.993 1501.618 1501.243 1500.923 1500.673 1500.423 1500.173 1499.923 1499.772 1499.64 1499.507 1499.375 1499.26 1499.2 1499.14 1499.08 1499.02 1499.159 1499.399 1499.639 1499.879 1500.16 1501.023 1501.886 1502.749 1503.612 1504.828 1506.442 1508.055 1509.669
1538.146 1537.206 1536.266 1535.325 1534.258 1533.109 1531.96 1530.811 1529.662 1528.551 1527.439 1526.328 1525.217 1524.041 1522.776 1521.51 1520.245 1518.98 1517.789 1516.614 1515.439 1514.264 1513.067 1511.799 1510.531 1509.263 1507.995 1507.008 1506.18 1505.354 1504.526 1503.712 1503.205 1502.697 1502.189 1501.681 1501.272 1500.985 1500.697 1500.41 1500.123 1499.949 1499.795 1499.642 1499.488 1499.352 1499.271 1499.19 1499.109 1499.028 1499.215 1499.54 1499.865 1500.19 1500.555 1501.492 1502.429 1503.366 1504.304 1505.574 1507.219 1508.865 1510.51
1538.878 1537.913 1536.949 1535.984 1534.9 1533.74 1532.579 1531.418 1530.259 1529.162 1528.065 1526.969 1525.872 1524.708 1523.45 1522.193 1520.935 1519.678 1518.513 1517.368 1516.223 1515.078 1513.912 1512.679 1511.446 1510.213 1508.98 1507.993 1507.148 1506.304 1505.459 1504.623 1504.004 1503.385 1502.766 1502.148 1501.654 1501.315 1500.976 1500.638 1500.299 1500.106 1499.938 1499.77 1499.602 1499.454 1499.363 1499.272 1499.181 1499.09 1499.33 1499.74 1500.149 1500.559 1501.01 1502.04 1503.07 1504.1 1505.13 1506.458 1508.12 1509.783 1511.446
1539.865 1538.911 1537.957 1537.003 1535.923 1534.762 1533.602 1532.441 1531.281 1530.153 1529.024 1527.896 1526.767 1525.584 1524.327 1523.069 1521.812 1520.555 1519.364 1518.187 1517.01 1515.833 1514.643 1513.41 1512.177 1510.944 1509.71 1508.728 1507.888 1507.048 1506.209 1505.376 1504.704 1504.032 1503.36 1502.689 1502.125 1501.696 1501.268 1500.839 1500.41 1500.208 1500.045 1499.883 1499.72 1499.581 1499.511 1499.442 1499.372 1499.302 1499.605 1500.1 1500.594 1501.089 1501.628 1502.801 1503.974 1505.148 1506.321 1507.714 1509.356 1510.997 1512.639
1540.852 1539.909 1538.965 1538.022 1536.946 1535.786 1534.625 1533.464 1532.303 1531.143 1529.983 1528.823 1527.662 1526.461 1525.204 1523.946 1522.689 1521.431 1520.214 1519.005 1517.797 1516.588 1515.374 1514.141 1512.908 1511.674 1510.441 1509.462 1508.627 1507.793 1506.959 1506.129 1505.404 1504.679 1503.954 1503.229 1502.596 1502.078 1501.559 1501.04 1500.521 1500.31 1500.152 1499.995 1499.838 1499.708 1499.66 1499.611 1499.563 1499.514 1499.88 1500.46 1501.039 1501.619 1502.246 1503.563 1504.879 1506.195 1507.511 1508.971 1510.591 1512.211 1513.832
1541.839 1540.906 1539.974 1539.041 1537.969 1536.808 1535.648 1534.487 1533.326 1532.134 1530.942 1529.75 1528.558 1527.338 1526.081 1524.823 1523.566 1522.308 1521.065 1519.824 1518.584 1517.343 1516.105 1514.871 1513.638 1512.405 1511.172 1510.196 1509.367 1508.538 1507.709 1506.882 1506.104 1505.326 1504.548 1503.77 1503.068 1502.459 1501.85 1501.241 1500.632 1500.412 1500.26 1500.108 1499.956 1499.836 1499.808 1499.781 1499.753 1499.726 1500.156 1500.82 1501.484 1502.148 1502.865 1504.324 1505.783 1507.243 1508.702 1510.227 1511.827 1513.426 1515.025
1542.826 1541.904 1540.982 1540.06 1538.992 1537.831 1536.671 1535.51 1534.348 1533.125 1531.901 1530.677 1529.453 1528.215 1526.957 1525.7 1524.443 1523.185 1521.915 1520.643 1519.371 1518.099 1516.835 1515.602 1514.369 1513.136 1511.903 1510.93 1510.106 1509.282 1508.459 1507.635 1506.804 1505.973 1505.142 1504.311 1503.539 1502.84 1502.141 1501.442 1500.743 1500.514 1500.367 1500.22 1500.074 1499.963 1499.957 1499.95 1499.944 1499.938 1500.431 1501.18 1501.929 1502.678 1503.483 1505.085 1506.688 1508.29 1509.893 1511.484 1513.062 1514.64 1516.218
1543.775 1542.875 1541.974 1541.074 1539.987 1538.782 1537.576 1536.37 1535.164 1533.897 1532.63 1531.363 1530.096 1528.82 1527.533 1526.245 1524.958 1523.67 1522.394 1521.12 1519.846 1518.572 1517.32 1516.143 1514.967 1513.79 1512.613 1511.635 1510.772 1509.908 1509.045 1508.18 1507.297 1506.413 1505.529 1504.645 1503.812 1503.041 1502.271 1501.5 1500.73 1500.501 1500.367 1500.234 1500.1 1500.017 1500.085 1500.152 1500.22 1500.287 1500.869 1501.714 1502.559 1503.404 1504.302 1505.962 1507.621 1509.28 1510.94 1512.575 1514.185 1515.794 1517.403
1544.708 1543.834 1542.961 1542.087 1540.971 1539.702 1538.433 1537.164 1535.894 1534.579 1533.264 1531.95 1530.635 1529.314 1527.984 1526.654 1525.324 1523.994 1522.719 1521.456 1520.193 1518.929 1517.704 1516.607 1515.509 1514.412 1513.314 1512.329 1511.407 1510.485 1509.563 1508.641 1507.704 1506.767 1505.831 1504.894 1504.003 1503.169 1502.335 1501.5 1500.667 1500.442 1500.324 1500.206 1500.088 1500.042 1500.205 1500.368 1500.531 1500.693 1501.374 1502.319 1503.265 1504.211 1505.205 1506.885 1508.566 1510.247 1511.927 1513.599 1515.261 1516.923 1518.586
1545.641 1544.794 1543.947 1543.099 1541.956 1540.623 1539.29 1537.957 1536.624 1535.261 1533.899 1532.536 1531.174 1529.808 1528.435 1527.063 1525.691 1524.318 1523.045 1521.792 1520.539 1519.286 1518.088 1517.07 1516.052 1515.034 1514.016 1513.022 1512.042 1511.062 1510.082 1509.102 1508.112 1507.122 1506.132 1505.142 1504.193 1503.296 1502.398 1501.5 1500.603 1500.382 1500.28 1500.178 1500.076 1500.066 1500.324 1500.583 1500.841 1501.099 1501.879 1502.925 1503.971 1505.018 1506.107 1507.809 1509.511 1511.213 1512.914 1514.623 1516.338 1518.053 1519.768
1546.574 1545.753 1544.933 1544.112 1542.94 1541.543 1540.147 1538.75 1537.353 1535.943 1534.533 1533.123 1531.713 1530.301 1528.886 1527.472 1526.057 1524.642 1523.37 1522.128 1520.886 1519.643 1518.471 1517.533 1516.595 1515.656 1514.718 1513.716 1512.677 1511.639 1510.601 1509.562 1508.519 1507.476 1506.434 1505.391 1504.384 1503.423 1502.462 1501.5 1500.539 1500.323 1500.236 1500.15 1500.064 1500.09 1500.444 1500.798 1501.152 1501.505 1502.383 1503.531 1504.678 1505.825 1507.01 1508.733 1510.456 1512.179 1513.902 1515.646 1517.414 1519.182 1520.951
1547.379 1546.582 1545.784 1544.987 1543.792 1542.344 1540.895 1539.447 1537.998 1536.557 1535.117 1533.676 1532.235 1530.792 1529.345 1527.898 1526.451 1525.004 1523.729 1522.492 1521.254 1520.016 1518.861 1517.984 1517.107 1516.229 1515.352 1514.34 1513.252 1512.164 1511.076 1509.987 1508.892 1507.797 1506.702 1505.607 1504.547 1503.532 1502.516 1501.501 1500.485 1500.285 1500.228 1500.171 1500.114 1500.188 1500.648 1501.107 1501.566 1502.026 1503.0 1504.241 1505.481 1506.721 1507.993 1509.726 1511.458 1513.191 1514.924 1516.692 1518.5 1520.308 1522.116
1547.434 1546.642 1545.85 1545.058 1543.875 1542.442 1541.01 1539.577 1538.146 1536.774 1535.402 1534.03 1532.658 1531.266 1529.845 1528.425 1527.004 1525.584 1524.288 1523.018 1521.749 1520.479 1519.289 1518.364 1517.438 1516.513 1515.588 1514.559 1513.471 1512.383 1511.295 1510.204 1509.062 1507.919 1506.776 1505.633 1504.547 1503.532 1502.516 1501.501 1500.485 1500.375 1500.424 1500.473 1500.522 1500.718 1501.341 1501.965 1502.588 1503.212 1504.274 1505.562 1506.85 1508.138 1509.451 1511.125 1512.799 1514.474 1516.148 1517.868 1519.639 1521.41 1523.181
1547.489 1546.703 1545.916 1545.129 1543.958 1542.541 1541.124 1539.708 1538.293 1536.99 1535.687 1534.384 1533.081 1531.74 1530.346 1528.952 1527.558 1526.164 1524.846 1523.545 1522.243 1520.942 1519.716 1518.743 1517.771 1516.798 1515.825 1514.779 1513.69 1512.602 1511.514 1510.422 1509.231 1508.041 1506.85 1505.66 1504.547 1503.532 1502.516 1501.501 1500.485 1500.465 1500.62 1500.775 1500.93 1501.247 1502.035 1502.823 1503.61 1504.398 1505.548 1506.883 1508.219 1509.554 1510.908 1512.524 1514.14 1515.756 1517.372 1519.044 1520.778 1522.511 1524.245
1547.544 1546.763 1545.982 1545.2 1544.04 1542.64 1541.239 1539.838 1538.44 1537.206 1535.972 1534.738 1533.504 1532.214 1530.846 1529.479 1528.111 1526.743 1525.404 1524.071 1522.738 1521.405 1520.144 1519.123 1518.102 1517.082 1516.061 1514.998 1513.91 1512.821 1511.733 1510.639 1509.401 1508.163 1506.924 1505.686 1504.547 1503.532 1502.516 1501.501 1500.485 1500.555 1500.816 1501.077 1501.338 1501.776 1502.728 1503.68 1504.632 1505.584 1506.821 1508.205 1509.588 1510.971 1512.366 1513.923 1515.481 1517.039 1518.596 1520.219 1521.916 1523.613 1525.31
1547.599 1546.823 1546.047 1545.271 1544.123 1542.738 1541.353 1539.969 1538.587 1537.422 1536.257 1535.092 1533.927 1532.687 1531.346 1530.005 1528.664 1527.323 1525.963 1524.598 1523.232 1521.867 1520.571 1519.503 1518.434 1517.366 1516.298 1515.217 1514.129 1513.041 1511.953 1510.856 1509.57 1508.284 1506.999 1505.713 1504.547 1503.532 1502.516 1501.501 1500.485 1500.646 1501.013 1501.38 1501.746 1502.305 1503.422 1504.538 1505.654 1506.771 1508.095 1509.526 1510.957 1512.388 1513.823 1515.323 1516.822 1518.321 1519.821 1521.396 1523.055 1524.715 1526.375
1547.45 1546.652 1545.853 1545.054 1543.936 1542.613 1541.291 1539.968 1538.649 1537.518 1536.388 1535.258 1534.127 1532.912 1531.579 1530.245 1528.912 1527.579 1526.206 1524.825 1523.444 1522.062 1520.749 1519.661 1518.573 1517.484 1516.396 1515.31 1514.225 1513.14 1512.055 1510.963 1509.7 1508.438 1507.175 1505.913 1504.781 1503.812 1502.843 1501.874 1500.905 1501.16 1501.63 1502.1 1502.569 1503.231 1504.45 1505.668 1506.887 1508.106 1509.478 1510.929 1512.38 1513.831 1515.284 1516.771 1518.259 1519.746 1521.234 1522.789 1524.421 1526.053 1527.685
1547.156 1546.315 1545.474 1544.633 1543.556 1542.328 1541.101 1539.874 1538.649 1537.529 1536.409 1535.29 1534.17 1532.958 1531.62 1530.281 1528.943 1527.605 1526.226 1524.84 1523.453 1522.067 1520.749 1519.661 1518.573 1517.484 1516.396 1515.314 1514.234 1513.154 1512.074 1510.99 1509.802 1508.614 1507.425 1506.237 1505.182 1504.292 1503.403 1502.513 1501.624 1501.976 1502.547 1503.117 1503.688 1504.439 1505.716 1506.994 1508.271 1509.548 1510.94 1512.391 1513.841 1515.292 1516.747 1518.255 1519.764 1521.273 1522.781 1524.338 1525.949 1527.559 1529.17
1546.861 1545.977 1545.094 1544.211 1543.176 1542.044 1540.912 1539.78 1538.649 1537.54 1536.431 1535.322 1534.213 1533.005 1531.661 1530.317 1528.974 1527.63 1526.246 1524.854 1523.463 1522.071 1520.749 1519.661 1518.573 1517.484 1516.396 1515.317 1514.242 1513.168 1512.094 1511.017 1509.903 1508.789 1507.675 1506.562 1505.583 1504.773 1503.963 1503.153 1502.342 1502.793 1503.464 1504.135 1504.807 1505.648 1506.983 1508.318 1509.654 1510.989 1512.401 1513.852 1515.303 1516.753 1518.209 1519.739 1521.269 1522.799 1524.329 1525.887 1527.476 1529.066 1530.655
1546.566 1545.64 1544.715 1543.789 1542.795 1541.759 1540.723 1539.686 1538.649 1537.551 1536.452 1535.354 1534.255 1533.051 1531.702 1530.353 1529.004 1527.655 1526.266 1524.869 1523.472 1522.075 1520.749 1519.661 1518.573 1517.484 1516.396 1515.32 1514.251 1513.182 1512.113 1511.045 1510.005 1508.965 1507.925 1506.886 1505.984 1505.253 1504.522 1503.792 1503.061 1503.609 1504.381 1505.153 1505.925 1506.856 1508.25 1509.644 1511.037 1512.431 1513.862 1515.313 1516.764 1518.215 1519.672 1521.223 1522.774 1524.326 1525.877 1527.436 1529.004 1530.572 1532.141
1546.274 1545.306 1544.339 1543.371 1542.418 1541.475 1540.531 1539.587 1538.641 1537.553 1536.465 1535.377 1534.289 1533.089 1531.736 1530.383 1529.031 1527.678 1526.284 1524.882 1523.48 1522.078 1520.749 1519.661 1518.574 1517.487 1516.399 1515.328 1514.265 1513.202 1512.139 1511.081 1510.117 1509.154 1508.19 1507.226 1506.403 1505.753 1505.103 1504.454 1503.804 1504.447 1505.316 1506.186 1507.055 1508.073 1509.523 1510.973 1512.423 1513.873 1515.324 1516.776 1518.227 1519.679 1521.138 1522.71 1524.281 1525.853 1527.425 1528.985 1530.532 1532.079 1533.626
1546.091 1545.112 1544.134 1543.156 1542.18 1541.204 1540.229 1539.253 1538.276 1537.188 1536.1 1535.012 1533.923 1532.748 1531.454 1530.159 1528.865 1527.57 1526.204 1524.823 1523.443 1522.062 1520.756 1519.701 1518.645 1517.589 1516.534 1515.511 1514.506 1513.502 1512.498 1511.501 1510.702 1509.903 1509.104 1508.304 1507.636 1507.129 1506.622 1506.116 1505.609 1506.233 1507.054 1507.876 1508.698 1509.672 1511.09 1512.509 1513.927 1515.345 1516.807 1518.29 1519.773 1521.257 1522.745 1524.306 1525.867 1527.428 1528.989 1530.533 1532.059 1533.585 1535.111
1545.907 1544.919 1543.93 1542.941 1541.941 1540.934 1539.927 1538.919 1537.911 1536.822 1535.734 1534.646 1533.558 1532.408 1531.171 1529.935 1528.699 1527.463 1526.124 1524.765 1523.405 1522.046 1520.764 1519.74 1518.716 1517.692 1516.668 1515.694 1514.748 1513.802 1512.856 1511.922 1511.287 1510.652 1510.017 1509.382 1508.868 1508.505 1508.141 1507.778 1507.414 1508.019 1508.793 1509.567 1510.341 1511.271 1512.658 1514.045 1515.431 1516.818 1518.289 1519.804 1521.319 1522.834 1524.352 1525.902 1527.452 1529.003 1530.553 1532.082 1533.587 1535.091 1536.596
1545.724 1544.725 1543.725 1542.726 1541.703 1540.663 1539.624 1538.585 1537.545 1536.457 1535.369 1534.281 1533.193 1532.067 1530.889 1529.711 1528.533 1527.355 1526.045 1524.706 1523.368 1522.029 1520.771 1519.779 1518.787 1517.795 1516.803 1515.877 1514.989 1514.102 1513.214 1512.343 1511.872 1511.402 1510.931 1510.46 1510.101 1509.881 1509.66 1509.44 1509.22 1509.805 1510.531 1511.257 1511.984 1512.871 1514.225 1515.58 1516.935 1518.29 1519.771 1521.318 1522.865 1524.412 1525.958 1527.498 1529.038 1530.578 1532.118 1533.631 1535.114 1536.598 1538.081
1545.541 1544.531 1543.521 1542.511 1541.464 1540.393 1539.322 1538.251 1537.18 1536.092 1535.004 1533.916 1532.828 1531.726 1530.606 1529.487 1528.367 1527.247 1525.965 1524.647 1523.33 1522.013 1520.778 1519.818 1518.858 1517.898 1516.938 1516.06 1515.231 1514.401 1513.572 1512.764 1512.458 1512.151 1511.845 1511.538 1511.334 1511.257 1511.179 1511.102 1511.025 1511.591 1512.269 1512.948 1513.627 1514.47 1515.793 1517.116 1518.439 1519.762 1521.254 1522.832 1524.411 1525.99 1527.565 1529.094 1530.624 1532.153 1533.682 1535.18 1536.642 1538.104 1539.566
1545.231 1544.244 1543.258 1542.271 1541.238 1540.174 1539.11 1538.047 1536.983 1535.894 1534.806 1533.718 1532.63 1531.542 1530.454 1529.366 1528.277 1527.189 1525.952 1524.682 1523.413 1522.144 1520.954 1520.025 1519.097 1518.168 1517.24 1516.426 1515.676 1514.927 1514.178 1513.453 1513.304 1513.154 1513.005 1512.856 1512.779 1512.794 1512.809 1512.823 1512.838 1513.391 1514.039 1514.687 1515.335 1516.147 1517.436 1518.724 1520.013 1521.302 1522.782 1524.361 1525.94 1527.519 1529.092 1530.581 1532.07 1533.56 1535.049 1536.513 1537.949 1539.385 1540.822
1544.772 1543.849 1542.926 1542.003 1541.027 1540.016 1539.005 1537.995 1536.983 1535.894 1534.806 1533.718 1532.63 1531.542 1530.454 1529.366 1528.277 1527.189 1526.017 1524.828 1523.638 1522.448 1521.326 1520.43 1519.533 1518.636 1517.74 1517.004 1516.361 1515.718 1515.075 1514.458 1514.457 1514.456 1514.455 1514.454 1514.474 1514.52 1514.567 1514.613 1514.66 1515.209 1515.846 1516.484 1517.121 1517.916 1519.167 1520.419 1521.67 1522.922 1524.365 1525.907 1527.448 1528.99 1530.524 1531.939 1533.354 1534.769 1536.184 1537.594 1538.999 1540.403 1541.807
