data/zism_data/00374_03_D.txt
ncols         224
nrows         224
[rows 29 to 57 of 224, columns 64 to 127 of 224]
1352.059 1352.221 1352.383 1352.545 1352.676 1350.745 1348.815 1346.884 1344.953 1343.641 1342.983 1342.325 1341.667 1341.009 1340.259 1339.505 1338.751 1337.997 1336.549 1334.173 1331.797 1329.42 1327.044 1324.162 1321.223 1318.285 1315.346 1312.708 1310.585 1308.461 1306.338 1304.214 1303.135 1302.254 1301.374 1300.493 1299.865 1299.797 1299.729 1299.661 1299.593 1299.188 1298.689 1298.19 1297.691 1297.206 1296.758 1296.31 1295.862 1295.414 1295.702 1296.27 1296.838 1297.406 1297.948 1298.385 1298.822 1299.259 1299.696 1299.856 1299.877 1299.898 1299.919 1299.877
1356.599 1356.659 1356.719 1356.779 1356.809 1354.808 1352.808 1350.807 1348.807 1347.378 1346.553 1345.729 1344.905 1344.08 1342.876 1341.655 1340.434 1339.213 1337.273 1334.37 1331.468 1328.565 1325.663 1322.477 1319.259 1316.041 1312.823 1309.991 1307.82 1305.648 1303.476 1301.304 1300.362 1299.653 1298.944 1298.235 1297.797 1297.96 1298.123 1298.286 1298.449 1298.237 1297.92 1297.604 1297.288 1296.908 1296.342 1295.776 1295.21 1294.644 1294.888 1295.44 1295.992 1296.543 1297.105 1297.709 1298.312 1298.916 1299.519 1299.745 1299.782 1299.819 1299.856 1299.805
1361.14 1361.098 1361.055 1361.013 1360.942 1358.871 1356.801 1354.731 1352.661 1351.115 1350.124 1349.133 1348.142 1347.151 1345.494 1343.805 1342.117 1340.429 1337.996 1334.568 1331.139 1327.71 1324.281 1320.791 1317.294 1313.797 1310.3 1307.275 1305.054 1302.834 1300.614 1298.394 1297.588 1297.051 1296.514 1295.977 1295.73 1296.123 1296.517 1296.911 1297.304 1297.285 1297.151 1297.018 1296.884 1296.611 1295.927 1295.243 1294.558 1293.874 1294.074 1294.61 1295.145 1295.681 1296.263 1297.032 1297.802 1298.572 1299.342 1299.634 1299.688 1299.741 1299.794 1299.734
1365.68 1365.536 1365.392 1365.247 1365.074 1362.934 1360.794 1358.654 1356.514 1354.851 1353.694 1352.537 1351.38 1350.223 1348.111 1345.955 1343.8 1341.644 1338.72 1334.765 1330.81 1326.855 1322.9 1319.106 1315.329 1311.553 1307.777 1304.558 1302.289 1300.021 1297.752 1295.483 1294.815 1294.449 1294.084 1293.719 1293.662 1294.286 1294.911 1295.535 1296.16 1296.334 1296.383 1296.432 1296.48 1296.313 1295.511 1294.709 1293.907 1293.104 1293.26 1293.78 1294.299 1294.819 1295.42 1296.356 1297.292 1298.229 1299.165 1299.523 1299.593 1299.662 1299.731 1299.662
1370.067 1369.735 1369.402 1369.07 1368.708 1366.318 1363.927 1361.537 1359.147 1357.153 1355.579 1354.004 1352.43 1350.855 1348.027 1345.142 1342.257 1339.372 1335.861 1331.513 1327.166 1322.818 1318.47 1314.596 1310.776 1306.956 1303.135 1299.865 1297.532 1295.199 1292.867 1290.534 1289.904 1289.597 1289.29 1288.983 1289.005 1289.754 1290.504 1291.254 1292.003 1292.488 1292.9 1293.312 1293.723 1293.874 1293.255 1292.636 1292.018 1291.399 1291.679 1292.3 1292.921 1293.542 1294.25 1295.318 1296.385 1297.453 1298.521 1298.842 1298.79 1298.738 1298.687 1298.472
1374.398 1373.845 1373.292 1372.74 1372.156 1369.449 1366.742 1364.035 1361.328 1358.924 1356.839 1354.755 1352.67 1350.586 1346.944 1343.232 1339.52 1335.808 1331.678 1326.986 1322.295 1317.603 1312.912 1309.042 1305.264 1301.487 1297.709 1294.44 1292.038 1289.635 1287.233 1284.831 1284.203 1283.912 1283.621 1283.33 1283.39 1284.225 1285.061 1285.896 1286.732 1287.572 1288.413 1289.254 1290.096 1290.641 1290.318 1289.995 1289.672 1289.348 1289.814 1290.58 1291.346 1292.112 1292.96 1294.146 1295.332 1296.517 1297.703 1297.949 1297.726 1297.502 1297.278 1296.867
1378.728 1377.955 1377.183 1376.41 1375.605 1372.581 1369.557 1366.534 1363.51 1360.694 1358.1 1355.505 1352.911 1350.316 1345.862 1341.323 1336.784 1332.245 1327.494 1322.459 1317.424 1312.389 1307.354 1303.487 1299.753 1296.018 1292.284 1289.016 1286.544 1284.072 1281.599 1279.127 1278.502 1278.227 1277.952 1277.677 1277.775 1278.696 1279.618 1280.539 1281.461 1282.656 1283.926 1285.197 1286.468 1287.409 1287.381 1287.353 1287.325 1287.297 1287.95 1288.861 1289.771 1290.682 1291.67 1292.974 1294.278 1295.582 1296.885 1297.056 1296.661 1296.266 1295.87 1295.263
1383.059 1382.066 1381.073 1380.08 1379.053 1375.713 1372.372 1369.032 1365.691 1362.465 1359.36 1356.256 1353.151 1350.046 1344.779 1339.413 1334.047 1328.681 1323.31 1317.932 1312.553 1307.174 1301.796 1297.933 1294.241 1290.55 1286.858 1283.591 1281.05 1278.508 1275.966 1273.424 1272.801 1272.542 1272.283 1272.024 1272.16 1273.167 1274.175 1275.182 1276.189 1277.739 1279.439 1281.14 1282.84 1284.177 1284.444 1284.711 1284.979 1285.246 1286.085 1287.141 1288.197 1289.253 1290.38 1291.802 1293.224 1294.646 1296.068 1296.164 1295.596 1295.029 1294.462 1293.658
1387.069 1385.826 1384.584 1383.342 1382.063 1378.335 1374.607 1370.879 1367.151 1363.468 1359.832 1356.195 1352.559 1348.922 1342.932 1336.834 1330.736 1324.638 1318.731 1313.079 1307.428 1301.776 1296.125 1292.292 1288.664 1285.036 1281.408 1278.183 1275.645 1273.108 1270.57 1268.032 1267.425 1267.183 1266.941 1266.699 1266.858 1267.902 1268.946 1269.99 1271.034 1272.876 1274.94 1277.003 1279.067 1280.752 1281.324 1281.896 1282.468 1283.04 1284.047 1285.22 1286.392 1287.565 1288.802 1290.309 1291.815 1293.322 1294.828 1294.814 1294.04 1293.265 1292.491 1291.468
1389.403 1387.758 1386.113 1384.468 1382.782 1378.297 1373.812 1369.327 1364.842 1360.456 1356.175 1351.895 1347.614 1343.333 1337.089 1330.755 1324.42 1318.086 1312.086 1306.531 1300.976 1295.421 1289.866 1286.197 1282.741 1279.285 1275.828 1272.857 1270.711 1268.565 1266.42 1264.274 1263.747 1263.526 1263.306 1263.085 1263.191 1264.015 1264.839 1265.662 1266.486 1268.293 1270.373 1272.452 1274.532 1276.319 1277.245 1278.172 1279.098 1280.025 1281.106 1282.246 1283.386 1284.527 1285.721 1287.136 1288.551 1289.966 1291.381 1291.075 1289.909 1288.743 1287.576 1286.216
1391.737 1389.689 1387.642 1385.594 1383.5 1378.258 1373.016 1367.774 1362.532 1357.444 1352.519 1347.594 1342.669 1337.744 1331.245 1324.675 1318.105 1311.535 1305.44 1299.982 1294.523 1289.065 1283.607 1280.102 1276.818 1273.533 1270.249 1267.53 1265.777 1264.023 1262.269 1260.516 1260.069 1259.87 1259.671 1259.472 1259.523 1260.127 1260.731 1261.335 1261.939 1263.71 1265.806 1267.901 1269.997 1271.886 1273.167 1274.448 1275.728 1277.009 1278.165 1279.273 1280.381 1281.489 1282.639 1283.963 1285.287 1286.611 1287.935 1287.337 1285.779 1284.22 1282.662 1280.964
1394.072 1391.621 1389.171 1386.72 1384.219 1378.22 1372.22 1366.222 1360.223 1354.432 1348.863 1343.294 1337.724 1332.155 1325.402 1318.596 1311.79 1304.983 1298.794 1293.433 1288.071 1282.709 1277.348 1274.007 1270.895 1267.782 1264.67 1262.204 1260.842 1259.481 1258.119 1256.757 1256.391 1256.213 1256.036 1255.859 1255.856 1256.24 1256.623 1257.007 1257.391 1259.127 1261.239 1263.35 1265.462 1267.453 1269.088 1270.723 1272.359 1273.994 1275.224 1276.299 1277.375 1278.451 1279.557 1280.79 1282.023 1283.255 1284.488 1283.599 1281.648 1279.698 1277.748 1275.712
1396.406 1393.553 1390.7 1387.847 1384.937 1378.181 1371.425 1364.669 1357.913 1351.42 1345.207 1338.993 1332.78 1326.566 1319.56 1312.517 1305.474 1298.431 1292.149 1286.884 1281.619 1276.354 1271.089 1267.912 1264.972 1262.031 1259.09 1256.878 1255.908 1254.938 1253.969 1252.999 1252.713 1252.557 1252.401 1252.245 1252.189 1252.352 1252.516 1252.679 1252.843 1254.544 1256.672 1258.799 1260.927 1263.02 1265.01 1266.999 1268.989 1270.978 1272.282 1273.326 1274.369 1275.413 1276.476 1277.617 1278.758 1279.9 1281.041 1279.86 1277.518 1275.176 1272.834 1270.459
1396.506 1392.949 1389.391 1385.834 1382.223 1374.98 1367.737 1360.494 1353.25 1346.251 1339.511 1332.771 1326.03 1319.29 1312.432 1305.569 1298.706 1291.843 1285.875 1281.107 1276.339 1271.57 1266.802 1264.03 1261.483 1258.937 1256.39 1254.517 1253.793 1253.069 1252.345 1251.621 1251.39 1251.252 1251.115 1250.977 1250.887 1250.904 1250.92 1250.937 1250.953 1252.453 1254.366 1256.278 1258.19 1260.137 1262.185 1264.234 1266.283 1268.331 1269.582 1270.53 1271.478 1272.426 1273.357 1274.22 1275.083 1275.946 1276.808 1275.544 1273.216 1270.889 1268.561 1266.24
1395.062 1390.592 1386.121 1381.651 1377.137 1369.593 1362.049 1354.505 1346.961 1339.591 1332.405 1325.219 1318.033 1310.847 1304.417 1298.021 1291.625 1285.229 1279.859 1275.864 1271.869 1267.874 1263.878 1261.677 1259.678 1257.679 1255.68 1254.206 1253.627 1253.048 1252.469 1251.89 1251.695 1251.574 1251.452 1251.331 1251.222 1251.142 1251.062 1250.982 1250.901 1252.086 1253.623 1255.159 1256.695 1258.325 1260.229 1262.132 1264.036 1265.94 1267.05 1267.858 1268.666 1269.475 1270.214 1270.668 1271.123 1271.578 1272.032 1270.829 1268.797 1266.764 1264.732 1262.734
1393.617 1388.234 1382.852 1377.469 1372.05 1364.206 1356.361 1348.517 1340.672 1332.931 1325.3 1317.668 1310.036 1302.405 1296.402 1290.473 1284.544 1278.615 1273.844 1270.621 1267.399 1264.177 1260.955 1259.324 1257.872 1256.421 1254.97 1253.894 1253.46 1253.026 1252.593 1252.159 1252.001 1251.895 1251.79 1251.684 1251.557 1251.38 1251.203 1251.026 1250.849 1251.719 1252.88 1254.04 1255.201 1256.513 1258.272 1260.031 1261.789 1263.548 1264.517 1265.186 1265.854 1266.523 1267.07 1267.117 1267.163 1267.21 1267.257 1266.114 1264.377 1262.64 1260.902 1259.228
1392.173 1385.877 1379.582 1373.286 1366.964 1358.819 1350.674 1342.528 1334.383 1326.271 1318.194 1310.117 1302.039 1293.962 1288.387 1282.925 1277.463 1272.001 1267.828 1265.379 1262.929 1260.48 1258.031 1256.971 1256.067 1255.163 1254.26 1253.583 1253.294 1253.005 1252.716 1252.427 1252.306 1252.217 1252.127 1252.038 1251.891 1251.618 1251.344 1251.071 1250.797 1251.352 1252.137 1252.922 1253.706 1254.701 1256.315 1257.929 1259.543 1261.156 1261.984 1262.513 1263.042 1263.572 1263.926 1263.565 1263.204 1262.842 1262.481 1261.399 1259.957 1258.515 1257.073 1255.722
1390.719 1383.524 1376.328 1369.132 1361.918 1353.484 1345.05 1336.617 1328.183 1319.707 1311.187 1302.667 1294.147 1285.626 1280.479 1275.486 1270.492 1265.498 1261.919 1260.232 1258.546 1256.86 1255.174 1254.673 1254.307 1253.94 1253.574 1253.288 1253.141 1252.993 1252.846 1252.698 1252.612 1252.537 1252.463 1252.388 1252.222 1251.855 1251.487 1251.12 1250.753 1250.997 1251.41 1251.824 1252.237 1252.918 1254.383 1255.848 1257.314 1258.779 1259.466 1259.857 1260.248 1260.639 1260.806 1260.047 1259.289 1258.531 1257.773 1256.755 1255.607 1254.46 1253.312 1252.282
1388.855 1381.315 1373.776 1366.236 1358.688 1350.501 1342.314 1334.127 1325.94 1317.435 1308.593 1299.75 1290.908 1282.066 1277.393 1272.909 1268.425 1263.942 1260.785 1259.405 1258.025 1256.645 1255.264 1254.858 1254.561 1254.264 1253.968 1253.72 1253.556 1253.393 1253.229 1253.065 1252.936 1252.813 1252.69 1252.567 1252.378 1252.043 1251.708 1251.373 1251.038 1251.162 1251.415 1251.667 1251.92 1252.402 1253.562 1254.721 1255.88 1257.039 1257.595 1257.922 1258.249 1258.576 1258.71 1258.054 1257.397 1256.741 1256.085 1255.269 1254.374 1253.479 1252.584 1251.789
1386.99 1379.107 1371.224 1363.341 1355.457 1347.517 1339.577 1331.637 1323.697 1315.163 1305.998 1296.834 1287.669 1278.505 1274.306 1270.332 1266.359 1262.385 1259.651 1258.577 1257.503 1256.429 1255.355 1255.042 1254.815 1254.588 1254.361 1254.152 1253.972 1253.792 1253.613 1253.433 1253.26 1253.089 1252.917 1252.746 1252.534 1252.231 1251.928 1251.625 1251.323 1251.328 1251.42 1251.511 1251.602 1251.887 1252.74 1253.594 1254.447 1255.3 1255.725 1255.987 1256.25 1256.512 1256.614 1256.06 1255.506 1254.952 1254.397 1253.784 1253.141 1252.498 1251.855 1251.296
1385.125 1376.899 1368.672 1360.445 1352.226 1344.533 1336.84 1329.148 1321.455 1312.891 1303.404 1293.917 1284.431 1274.944 1271.219 1267.755 1264.292 1260.828 1258.517 1257.75 1256.981 1256.214 1255.445 1255.226 1255.069 1254.912 1254.755 1254.584 1254.388 1254.192 1253.996 1253.8 1253.584 1253.365 1253.145 1252.925 1252.69 1252.419 1252.149 1251.878 1251.607 1251.494 1251.424 1251.355 1251.285 1251.372 1251.919 1252.466 1253.013 1253.56 1253.854 1254.052 1254.25 1254.448 1254.519 1254.066 1253.614 1253.162 1252.71 1252.299 1251.908 1251.518 1251.127 1250.803
1383.261 1374.69 1366.12 1357.55 1348.995 1341.55 1334.104 1326.658 1319.212 1310.619 1300.81 1291.001 1281.193 1271.384 1268.132 1265.179 1262.225 1259.272 1257.384 1256.922 1256.46 1255.998 1255.536 1255.411 1255.323 1255.236 1255.149 1255.015 1254.803 1254.591 1254.38 1254.167 1253.908 1253.641 1253.373 1253.105 1252.846 1252.607 1252.369 1252.13 1251.892 1251.66 1251.429 1251.198 1250.967 1250.856 1251.097 1251.339 1251.58 1251.821 1251.984 1252.117 1252.251 1252.384 1252.423 1252.073 1251.723 1251.372 1251.022 1250.813 1250.675 1250.537 1250.399 1250.31
1380.794 1372.473 1364.152 1355.831 1347.527 1340.423 1333.319 1326.215 1319.11 1310.688 1300.868 1291.048 1281.228 1271.408 1268.133 1265.155 1262.177 1259.199 1257.322 1256.918 1256.514 1256.11 1255.707 1255.593 1255.513 1255.432 1255.351 1255.221 1255.008 1254.794 1254.581 1254.367 1254.098 1253.818 1253.538 1253.259 1252.993 1252.757 1252.522 1252.286 1252.051 1251.758 1251.449 1251.14 1250.83 1250.611 1250.655 1250.7 1250.744 1250.789 1250.865 1250.953 1251.042 1251.13 1251.149 1250.884 1250.619 1250.354 1250.088 1250.005 1250.012 1250.019 1250.027 1250.078
1377.599 1370.244 1362.889 1355.535 1348.19 1341.542 1334.895 1328.247 1321.599 1313.588 1304.134 1294.679 1285.224 1275.769 1271.868 1268.219 1264.569 1260.921 1258.556 1257.91 1257.265 1256.62 1255.974 1255.774 1255.623 1255.473 1255.322 1255.154 1254.957 1254.76 1254.562 1254.365 1254.125 1253.878 1253.63 1253.382 1253.129 1252.861 1252.593 1252.326 1252.058 1251.775 1251.487 1251.199 1250.912 1250.692 1250.672 1250.652 1250.632 1250.612 1250.655 1250.722 1250.789 1250.856 1250.87 1250.669 1250.469 1250.268 1250.067 1250.016 1250.039 1250.062 1250.086 1250.159
1374.403 1368.015 1361.627 1355.239 1348.853 1342.662 1336.47 1330.279 1324.088 1316.489 1307.399 1298.309 1289.22 1280.13 1275.603 1271.282 1266.962 1262.642 1259.79 1258.903 1258.016 1257.129 1256.242 1255.954 1255.734 1255.514 1255.293 1255.087 1254.906 1254.725 1254.544 1254.362 1254.152 1253.937 1253.722 1253.506 1253.264 1252.965 1252.665 1252.365 1252.065 1251.792 1251.525 1251.259 1250.993 1250.773 1250.688 1250.604 1250.519 1250.435 1250.445 1250.49 1250.536 1250.581 1250.591 1250.455 1250.318 1250.182 1250.045 1250.026 1250.066 1250.105 1250.145 1250.241
1371.208 1365.786 1360.365 1354.943 1349.517 1343.782 1338.046 1332.311 1326.576 1319.39 1310.665 1301.94 1293.216 1284.491 1279.338 1274.346 1269.355 1264.364 1261.024 1259.895 1258.767 1257.638 1256.51 1256.135 1255.844 1255.554 1255.264 1255.02 1254.855 1254.69 1254.525 1254.36 1254.179 1253.996 1253.813 1253.63 1253.4 1253.068 1252.736 1252.404 1252.072 1251.808 1251.564 1251.319 1251.074 1250.854 1250.705 1250.556 1250.407 1250.258 1250.235 1250.259 1250.283 1250.307 1250.312 1250.24 1250.168 1250.096 1250.024 1250.037 1250.093 1250.148 1250.204 1250.323
1368.013 1363.558 1359.102 1354.647 1350.18 1344.901 1339.622 1334.344 1329.065 1322.29 1313.931 1305.571 1297.212 1288.852 1283.073 1277.41 1271.748 1266.085 1262.258 1260.888 1259.518 1258.147 1256.777 1256.315 1255.955 1255.595 1255.235 1254.953 1254.804 1254.655 1254.506 1254.357 1254.206 1254.055 1253.905 1253.754 1253.536 1253.172 1252.808 1252.443 1252.079 1251.825 1251.602 1251.379 1251.155 1250.935 1250.721 1250.508 1250.295 1250.081 1250.025 1250.027 1250.03 1250.032 1250.033 1250.025 1250.018 1250.01 1250.003 1250.048 1250.12 1250.191 1250.263 1250.405
1363.017 1359.532 1356.048 1352.564 1349.06 1344.219 1339.377 1334.536 1329.695 1323.281 1315.201 1307.122 1299.042 1290.962 1284.856 1278.841 1272.825 1266.809 1262.68 1261.078 1259.475 1257.873 1256.271 1255.825 1255.509 1255.193 1254.877 1254.634 1254.515 1254.396 1254.278 1254.159 1254.02 1253.878 1253.735 1253.593 1253.383 1253.025 1252.666 1252.308 1251.949 1251.691 1251.461 1251.23 1251.0 1250.782 1250.599 1250.416 1250.233 1250.05 1250.0 1250.0 1250.0 1250.0 1250.0 1250.0 1250.0 1250.0 1250.0 1250.106 1250.265 1250.424 1250.583 1250.818
1357.782 1355.269 1352.757 1350.245 1347.705 1343.298 1338.892 1334.485 1330.079 1324.019 1316.208 1308.397 1300.585 1292.774 1286.382 1280.055 1273.728 1267.4 1262.995 1261.161 1259.328 1257.495 1255.662 1255.245 1254.989 1254.732 1254.475 1254.281 1254.195 1254.108 1254.021 1253.935 1253.806 1253.669 1253.532 1253.395 1253.192 1252.844 1252.496 1252.149 1251.801 1251.537 1251.296 1251.055 1250.814 1250.598 1250.458 1250.318 1250.178 1250.039 1250.0 1250.0 1250.0 1250.0 1250.0 1250.0 1250.0 1250.0 1250.0 1250.17 1250.426 1250.682 1250.937 1251.276
