data/zism_data/00374_01_D.txt
ncols         224
nrows         224
[rows 196 to 223 of 224, columns 0 to 63 of 224]
1297.864 1297.537 1297.131 1296.725 1296.32 1294.027 1289.133 1284.239 1279.345 1274.451 1269.62 1264.797 1259.974 1255.15 1251.909 1251.451 1250.993 1250.534 1250.076 1250.0 1250.0 1250.0 1250.0 1250.004 1250.017 1250.03 1250.042 1250.055 1251.886 1254.244 1256.602 1258.96 1262.115 1267.708 1273.3 1278.892 1284.485 1287.996 1290.686 1293.377 1296.068 1298.324 1298.71 1299.096 1299.482 1299.869 1299.912 1299.78 1299.647 1299.514 1299.207 1297.74 1296.274 1294.807 1293.34 1292.028 1290.818 1289.609 1288.4 1287.347 1288.304 1289.261 1290.218 1291.174
1298.729 1298.292 1297.781 1297.27 1296.758 1294.447 1289.651 1284.855 1280.059 1275.264 1270.416 1265.562 1260.708 1255.854 1252.538 1251.929 1251.32 1250.711 1250.102 1250.0 1250.0 1250.0 1250.0 1250.0 1250.0 1250.0 1250.0 1250.0 1251.705 1253.904 1256.103 1258.302 1261.309 1266.788 1272.267 1277.746 1283.225 1286.809 1289.647 1292.485 1295.323 1297.723 1298.235 1298.748 1299.261 1299.774 1299.74 1299.424 1299.107 1298.791 1298.281 1296.487 1294.693 1292.9 1291.106 1289.652 1288.423 1287.194 1285.966 1284.9 1285.925 1286.949 1287.974 1288.999
1299.055 1298.481 1297.835 1297.19 1296.544 1294.236 1289.634 1285.031 1280.429 1275.826 1271.067 1266.288 1261.509 1256.73 1253.388 1252.575 1251.762 1250.949 1250.135 1250.0 1250.0 1250.0 1250.0 1250.0 1250.0 1250.0 1250.0 1250.0 1251.559 1253.57 1255.581 1257.592 1260.409 1265.689 1270.969 1276.25 1281.53 1285.201 1288.237 1291.274 1294.31 1296.904 1297.589 1298.273 1298.958 1299.643 1299.508 1298.95 1298.392 1297.833 1297.068 1294.92 1292.771 1290.623 1288.475 1286.899 1285.703 1284.506 1283.31 1282.281 1283.402 1284.524 1285.645 1286.766
1299.38 1298.669 1297.89 1297.11 1296.33 1294.025 1289.616 1285.207 1280.798 1276.389 1271.717 1267.013 1262.31 1257.606 1254.238 1253.221 1252.204 1251.187 1250.17 1250.0 1250.0 1250.0 1250.0 1250.0 1250.0 1250.0 1250.0 1250.0 1251.414 1253.237 1255.06 1256.883 1259.509 1264.59 1269.672 1274.754 1279.835 1283.592 1286.828 1290.063 1293.298 1296.085 1296.942 1297.798 1298.655 1299.511 1299.276 1298.476 1297.676 1296.876 1295.855 1293.352 1290.849 1288.347 1285.844 1284.146 1282.982 1281.818 1280.654 1279.662 1280.88 1282.098 1283.316 1284.533
1299.706 1298.858 1297.944 1297.03 1296.116 1293.815 1289.599 1285.383 1281.167 1276.951 1272.368 1267.739 1263.111 1258.482 1255.088 1253.867 1252.646 1251.425 1250.203 1250.0 1250.0 1250.0 1250.0 1250.0 1250.0 1250.0 1250.0 1250.0 1251.268 1252.903 1254.538 1256.173 1258.609 1263.492 1268.375 1273.258 1278.141 1281.984 1285.418 1288.852 1292.286 1295.266 1296.295 1297.323 1298.352 1299.38 1299.043 1298.002 1296.961 1295.919 1294.641 1291.784 1288.927 1286.07 1283.213 1281.394 1280.262 1279.13 1277.998 1277.043 1278.357 1279.672 1280.986 1282.301
1299.989 1299.037 1298.023 1297.009 1295.995 1293.736 1289.761 1285.785 1281.81 1277.835 1273.333 1268.767 1264.201 1259.635 1256.192 1254.726 1253.26 1251.794 1250.327 1250.068 1250.049 1250.031 1250.013 1250.0 1250.0 1250.0 1250.0 1250.0 1251.145 1252.621 1254.097 1255.573 1257.839 1262.52 1267.201 1271.881 1276.562 1280.459 1284.047 1287.635 1291.223 1294.356 1295.53 1296.703 1297.877 1299.05 1298.579 1297.26 1295.94 1294.62 1293.058 1289.878 1286.699 1283.519 1280.339 1278.433 1277.371 1276.309 1275.246 1274.366 1275.814 1277.261 1278.709 1280.157
1299.991 1299.154 1298.264 1297.373 1296.482 1294.528 1291.105 1287.683 1284.261 1280.838 1276.378 1271.79 1267.203 1262.615 1258.972 1256.99 1255.009 1253.027 1251.046 1250.584 1250.426 1250.268 1250.11 1250.0 1250.0 1250.0 1250.0 1250.0 1251.17 1252.678 1254.186 1255.695 1257.929 1262.385 1266.84 1271.295 1275.75 1279.484 1282.932 1286.38 1289.829 1292.843 1293.984 1295.125 1296.266 1297.407 1296.582 1294.742 1292.901 1291.061 1289.031 1285.739 1282.447 1279.154 1275.862 1274.101 1273.355 1272.61 1271.864 1271.305 1273.128 1274.952 1276.776 1278.599
1299.992 1299.272 1298.505 1297.737 1296.97 1295.319 1292.45 1289.581 1286.711 1283.842 1279.422 1274.813 1270.204 1265.595 1261.752 1259.255 1256.758 1254.261 1251.764 1251.1 1250.802 1250.505 1250.207 1250.0 1250.0 1250.0 1250.0 1250.0 1251.195 1252.735 1254.276 1255.816 1258.02 1262.249 1266.479 1270.709 1274.939 1278.508 1281.817 1285.126 1288.435 1291.329 1292.438 1293.547 1294.656 1295.765 1294.586 1292.224 1289.863 1287.502 1285.005 1281.599 1278.194 1274.789 1271.384 1269.769 1269.34 1268.911 1268.482 1268.244 1270.443 1272.643 1274.842 1277.042
1299.994 1299.389 1298.745 1298.101 1297.458 1296.111 1293.795 1291.478 1289.162 1286.846 1282.467 1277.836 1273.206 1268.576 1264.531 1261.519 1258.507 1255.494 1252.482 1251.615 1251.178 1250.741 1250.304 1250.0 1250.0 1250.0 1250.0 1250.0 1251.219 1252.792 1254.365 1255.938 1258.11 1262.114 1266.119 1270.123 1274.127 1277.532 1280.702 1283.871 1287.04 1289.816 1290.892 1291.969 1293.046 1294.122 1292.589 1289.707 1286.825 1283.943 1280.978 1277.46 1273.942 1270.424 1266.906 1265.437 1265.324 1265.212 1265.1 1265.183 1267.758 1270.333 1272.909 1275.484
1299.996 1299.506 1298.986 1298.466 1297.945 1296.903 1295.139 1293.376 1291.613 1289.849 1285.512 1280.86 1276.208 1271.556 1267.311 1263.783 1260.255 1256.728 1253.2 1252.131 1251.555 1250.978 1250.401 1250.0 1250.0 1250.0 1250.0 1250.0 1251.245 1252.849 1254.454 1256.06 1258.2 1261.979 1265.758 1269.537 1273.315 1276.557 1279.587 1282.616 1285.646 1288.302 1289.346 1290.391 1291.435 1292.48 1290.592 1287.189 1283.786 1280.383 1276.951 1273.32 1269.689 1266.059 1262.428 1261.104 1261.309 1261.514 1261.718 1262.122 1265.073 1268.024 1270.975 1273.927
1299.997 1299.612 1299.203 1298.794 1298.385 1297.542 1296.099 1294.657 1293.214 1291.771 1287.543 1282.976 1278.408 1273.84 1269.528 1265.666 1261.804 1257.941 1254.079 1252.811 1252.061 1251.312 1250.562 1250.063 1250.135 1250.208 1250.28 1250.353 1251.634 1253.265 1254.896 1256.527 1258.62 1262.125 1265.63 1269.135 1272.64 1275.59 1278.32 1281.05 1283.78 1286.153 1286.984 1287.815 1288.646 1289.478 1287.351 1283.696 1280.041 1276.385 1272.767 1269.392 1266.016 1262.641 1259.266 1258.225 1258.732 1259.238 1259.744 1260.455 1263.782 1267.109 1270.436 1273.763
1299.998 1299.709 1299.402 1299.095 1298.788 1298.063 1296.76 1295.457 1294.154 1292.851 1288.786 1284.385 1279.984 1275.582 1271.306 1267.251 1263.195 1259.14 1255.084 1253.618 1252.67 1251.722 1250.774 1250.175 1250.376 1250.578 1250.779 1250.98 1252.307 1253.96 1255.612 1257.265 1259.297 1262.491 1265.685 1268.878 1272.072 1274.629 1276.935 1279.241 1281.547 1283.508 1283.985 1284.462 1284.939 1285.416 1283.14 1279.442 1275.744 1272.046 1268.46 1265.627 1262.795 1259.962 1257.129 1256.479 1257.275 1258.071 1258.867 1259.874 1263.577 1267.28 1270.983 1274.686
1299.998 1299.806 1299.601 1299.396 1299.191 1298.584 1297.42 1296.257 1295.093 1293.93 1290.029 1285.794 1281.559 1277.324 1273.084 1268.835 1264.587 1260.338 1256.089 1254.425 1253.278 1252.132 1250.985 1250.287 1250.618 1250.948 1251.278 1251.608 1252.98 1254.654 1256.329 1258.003 1259.974 1262.857 1265.739 1268.621 1271.503 1273.668 1275.55 1277.432 1279.313 1280.864 1280.986 1281.109 1281.231 1281.354 1278.929 1275.188 1271.447 1267.706 1264.154 1261.863 1259.573 1257.282 1254.991 1254.732 1255.818 1256.904 1257.99 1259.294 1263.372 1267.451 1271.53 1275.608
1299.999 1299.902 1299.8 1299.697 1299.594 1299.104 1298.08 1297.057 1296.033 1295.009 1291.271 1287.203 1283.135 1279.066 1274.862 1270.42 1265.978 1261.536 1257.094 1255.232 1253.887 1252.541 1251.196 1250.4 1250.859 1251.318 1251.777 1252.236 1253.654 1255.349 1257.045 1258.74 1260.652 1263.222 1265.793 1268.364 1270.935 1272.707 1274.165 1275.622 1277.08 1278.219 1277.987 1277.755 1277.524 1277.292 1274.718 1270.934 1267.15 1263.366 1259.847 1258.099 1256.351 1254.602 1252.854 1252.985 1254.361 1255.737 1257.114 1258.713 1263.167 1267.622 1272.077 1276.531
1300.0 1299.999 1299.999 1299.998 1299.997 1299.625 1298.741 1297.857 1296.972 1296.088 1292.514 1288.612 1284.71 1280.808 1276.641 1272.005 1267.37 1262.734 1258.099 1256.04 1254.495 1252.951 1251.407 1250.512 1251.1 1251.688 1252.276 1252.863 1254.327 1256.044 1257.761 1259.478 1261.329 1263.588 1265.848 1268.107 1270.366 1271.746 1272.78 1273.813 1274.846 1275.575 1274.989 1274.402 1273.816 1273.23 1270.507 1266.68 1262.853 1259.026 1255.541 1254.335 1253.129 1251.923 1250.717 1251.238 1252.904 1254.571 1256.237 1258.132 1262.963 1267.793 1272.623 1277.454
1300.0 1299.985 1299.969 1299.953 1299.937 1299.523 1298.56 1297.596 1296.633 1295.67 1291.946 1287.885 1283.825 1279.764 1275.535 1271.01 1266.486 1261.961 1257.436 1255.54 1254.171 1252.801 1251.431 1250.692 1251.392 1252.093 1252.794 1253.495 1254.893 1256.493 1258.093 1259.693 1261.389 1263.379 1265.37 1267.36 1269.351 1270.446 1271.189 1271.931 1272.674 1273.12 1272.292 1271.463 1270.635 1269.806 1267.327 1263.995 1260.664 1257.332 1254.317 1253.408 1252.499 1251.59 1250.681 1251.556 1253.614 1255.671 1257.728 1260.007 1265.117 1270.227 1275.338 1280.448
1300.0 1299.969 1299.937 1299.905 1299.873 1299.416 1298.372 1297.329 1296.285 1295.241 1291.365 1287.143 1282.922 1278.7 1274.409 1269.997 1265.585 1261.173 1256.76 1255.031 1253.839 1252.646 1251.454 1250.872 1251.685 1252.499 1253.312 1254.126 1255.458 1256.939 1258.421 1259.903 1261.444 1263.166 1264.889 1266.611 1268.333 1269.144 1269.597 1270.049 1270.502 1270.668 1269.597 1268.527 1267.457 1266.387 1264.155 1261.322 1258.49 1255.658 1253.115 1252.502 1251.888 1251.274 1250.661 1251.889 1254.338 1256.788 1259.237 1261.899 1267.289 1272.678 1278.068 1283.457
1300.0 1299.954 1299.906 1299.858 1299.81 1299.309 1298.185 1297.061 1295.937 1294.812 1290.784 1286.401 1282.018 1277.635 1273.283 1268.983 1264.684 1260.385 1256.085 1254.522 1253.507 1252.492 1251.476 1251.052 1251.978 1252.904 1253.831 1254.757 1256.022 1257.386 1258.75 1260.114 1261.5 1262.953 1264.407 1265.861 1267.314 1267.842 1268.005 1268.167 1268.33 1268.215 1266.903 1265.591 1264.279 1262.968 1260.982 1258.65 1256.317 1253.984 1251.914 1251.595 1251.277 1250.959 1250.64 1252.222 1255.063 1257.905 1260.746 1263.792 1269.461 1275.129 1280.798 1286.467
1300.0 1299.939 1299.875 1299.81 1299.746 1299.202 1297.998 1296.793 1295.588 1294.383 1290.202 1285.658 1281.115 1276.571 1272.156 1267.97 1263.783 1259.596 1255.41 1254.014 1253.175 1252.337 1251.499 1251.232 1252.271 1253.31 1254.349 1255.388 1256.587 1257.833 1259.079 1260.324 1261.555 1262.74 1263.926 1265.111 1266.296 1266.54 1266.412 1266.285 1266.158 1265.762 1264.209 1262.655 1261.102 1259.548 1257.81 1255.977 1254.143 1252.309 1250.712 1250.689 1250.666 1250.643 1250.62 1252.555 1255.788 1259.021 1262.255 1265.684 1271.632 1277.58 1283.528 1289.476
1300.0 1299.827 1299.644 1299.461 1299.278 1298.535 1297.018 1295.501 1293.984 1292.466 1288.199 1283.596 1278.994 1274.391 1270.056 1266.191 1262.326 1258.461 1254.597 1253.392 1252.72 1252.047 1251.375 1251.226 1252.273 1253.32 1254.368 1255.415 1256.574 1257.765 1258.956 1260.147 1261.298 1262.324 1263.349 1264.375 1265.401 1265.438 1265.084 1264.731 1264.377 1263.779 1262.13 1260.48 1258.831 1257.181 1255.656 1254.194 1252.732 1251.271 1250.032 1250.279 1250.527 1250.774 1251.021 1253.329 1257.001 1260.674 1264.347 1268.183 1274.115 1280.047 1285.978 1291.91
1300.0 1299.582 1299.141 1298.701 1298.261 1297.104 1294.958 1292.813 1290.668 1288.522 1284.259 1279.737 1275.214 1270.692 1266.628 1263.37 1260.112 1256.854 1253.596 1252.618 1252.096 1251.574 1251.052 1250.966 1251.879 1252.792 1253.705 1254.618 1255.772 1256.995 1258.219 1259.442 1260.614 1261.629 1262.645 1263.66 1264.675 1264.608 1264.115 1263.622 1263.129 1262.437 1260.889 1259.342 1257.794 1256.247 1254.887 1253.624 1252.361 1251.098 1250.063 1250.547 1251.03 1251.513 1251.997 1254.702 1258.88 1263.057 1267.234 1271.509 1277.022 1282.534 1288.047 1293.56
1300.0 1299.337 1298.639 1297.941 1297.243 1295.672 1292.899 1290.126 1287.352 1284.579 1280.318 1275.877 1271.435 1266.993 1263.2 1260.549 1257.898 1255.246 1252.595 1251.843 1251.472 1251.1 1250.728 1250.707 1251.485 1252.264 1253.043 1253.822 1254.97 1256.226 1257.481 1258.737 1259.931 1260.935 1261.94 1262.944 1263.948 1263.778 1263.146 1262.513 1261.88 1261.094 1259.649 1258.203 1256.758 1255.312 1254.118 1253.054 1251.99 1250.925 1250.094 1250.814 1251.533 1252.253 1252.973 1256.076 1260.758 1265.44 1270.122 1274.834 1279.928 1285.022 1290.116 1295.21
1300.0 1299.093 1298.137 1297.181 1296.225 1294.241 1290.84 1287.438 1284.036 1280.635 1276.378 1272.017 1267.656 1263.295 1259.773 1257.728 1255.683 1253.639 1251.594 1251.069 1250.848 1250.626 1250.405 1250.447 1251.091 1251.736 1252.38 1253.025 1254.168 1255.456 1256.744 1258.032 1259.247 1260.241 1261.235 1262.228 1263.222 1262.949 1262.176 1261.404 1260.632 1259.752 1258.408 1257.065 1255.721 1254.378 1253.349 1252.484 1251.618 1250.753 1250.125 1251.081 1252.037 1252.993 1253.948 1257.449 1262.636 1267.823 1273.01 1278.159 1282.835 1287.51 1292.185 1296.86
1300.0 1298.848 1297.635 1296.421 1295.207 1292.81 1288.78 1284.751 1280.721 1276.691 1272.438 1268.157 1263.876 1259.596 1256.345 1254.907 1253.469 1252.031 1250.593 1250.294 1250.223 1250.152 1250.081 1250.187 1250.698 1251.208 1251.718 1252.229 1253.367 1254.687 1256.007 1257.327 1258.564 1259.547 1260.53 1261.513 1262.495 1262.119 1261.207 1260.295 1259.383 1258.409 1257.168 1255.926 1254.685 1253.443 1252.581 1251.914 1251.247 1250.58 1250.156 1251.348 1252.54 1253.732 1254.924 1258.823 1264.514 1270.206 1275.897 1281.484 1285.741 1289.997 1294.254 1298.51
1299.836 1298.224 1296.528 1294.832 1293.136 1290.276 1285.811 1281.345 1276.88 1272.415 1268.635 1264.939 1261.244 1257.548 1254.791 1253.684 1252.578 1251.472 1250.365 1250.147 1250.108 1250.068 1250.028 1250.133 1250.568 1251.004 1251.44 1251.875 1253.029 1254.39 1255.752 1257.113 1258.396 1259.437 1260.478 1261.519 1262.559 1262.326 1261.591 1260.856 1260.121 1259.323 1258.257 1257.191 1256.125 1255.059 1254.248 1253.569 1252.89 1252.21 1251.826 1253.406 1254.985 1256.565 1258.145 1262.115 1267.669 1273.224 1278.778 1284.194 1287.849 1291.503 1295.157 1298.812
1299.643 1297.535 1295.318 1293.101 1290.885 1287.553 1282.685 1277.817 1272.949 1268.081 1264.856 1261.832 1258.807 1255.783 1253.556 1252.734 1251.913 1251.091 1250.269 1250.108 1250.079 1250.049 1250.02 1250.113 1250.484 1250.855 1251.227 1251.598 1252.77 1254.175 1255.579 1256.984 1258.316 1259.426 1260.537 1261.648 1262.759 1262.711 1262.207 1261.702 1261.198 1260.623 1259.745 1258.867 1257.989 1257.11 1256.332 1255.604 1254.877 1254.149 1253.777 1255.77 1257.763 1259.756 1261.75 1265.736 1271.043 1276.35 1281.658 1286.799 1289.82 1292.841 1295.861 1298.882
1299.451 1296.846 1294.108 1291.371 1288.633 1284.831 1279.56 1274.289 1269.018 1263.748 1261.077 1258.724 1256.37 1254.017 1252.322 1251.785 1251.247 1250.71 1250.173 1250.068 1250.05 1250.031 1250.013 1250.093 1250.4 1250.707 1251.014 1251.321 1252.512 1253.959 1255.406 1256.854 1258.235 1259.416 1260.597 1261.777 1262.958 1263.095 1262.822 1262.549 1262.275 1261.923 1261.233 1260.543 1259.852 1259.162 1258.415 1257.64 1256.864 1256.088 1255.727 1258.134 1260.541 1262.947 1265.354 1269.357 1274.417 1279.477 1284.537 1289.404 1291.791 1294.178 1296.565 1298.952
1299.259 1296.157 1292.898 1289.64 1286.381 1282.108 1276.435 1270.761 1265.088 1259.414 1257.298 1255.616 1253.934 1252.252 1251.087 1250.835 1250.582 1250.329 1250.077 1250.028 1250.021 1250.013 1250.005 1250.074 1250.316 1250.558 1250.801 1251.043 1252.253 1253.744 1255.234 1256.724 1258.155 1259.406 1260.656 1261.906 1263.157 1263.48 1263.437 1263.395 1263.352 1263.223 1262.721 1262.219 1261.716 1261.214 1260.499 1259.675 1258.851 1258.027 1257.678 1260.498 1263.318 1266.138 1268.958 1272.977 1277.791 1282.604 1287.417 1292.009 1293.762 1295.516 1297.269 1299.023
