data/zism_data/00373_02_D.txt
ncols         224
nrows         224
[rows 0 to 27 of 224, columns 126 to 188 of 224]
1410.422 1410.444 1410.466 1410.488 1410.354 1410.027 1409.701 1409.375 1409.049 1408.527 1407.987 1407.446 1406.906 1406.559 1406.533 1406.506 1406.48 1406.454 1406.309 1406.142 1405.975 1405.808 1405.588 1405.246 1404.904 1404.562 1404.22 1403.924 1403.643 1403.361 1403.08 1402.797 1402.509 1402.221 1401.933 1401.646 1401.306 1400.944 1400.582 1400.22 1399.81 1399.145 1398.48 1397.816 1397.151 1395.83 1394.113 1392.396 1390.679 1388.943 1387.008 1385.073 1383.138 1381.203 1379.073 1376.783 1374.494 1372.205 1369.912 1367.368 1364.824 1362.28 1359.736
1407.656 1407.705 1407.754 1407.803 1407.72 1407.475 1407.23 1406.984 1406.739 1406.333 1405.911 1405.49 1405.068 1404.783 1404.724 1404.666 1404.607 1404.548 1404.403 1404.241 1404.08 1403.918 1403.729 1403.479 1403.229 1402.979 1402.729 1402.513 1402.307 1402.101 1401.895 1401.679 1401.429 1401.179 1400.929 1400.679 1400.419 1400.154 1399.889 1399.624 1399.309 1398.731 1398.153 1397.574 1396.996 1395.725 1394.035 1392.344 1390.654 1388.943 1387.008 1385.073 1383.138 1381.203 1379.081 1376.808 1374.535 1372.262 1369.986 1367.507 1365.028 1362.549 1360.07
1404.891 1404.966 1405.042 1405.118 1405.086 1404.922 1404.758 1404.594 1404.43 1404.139 1403.836 1403.533 1403.23 1403.007 1402.916 1402.825 1402.734 1402.643 1402.497 1402.341 1402.184 1402.028 1401.871 1401.713 1401.555 1401.396 1401.238 1401.101 1400.971 1400.84 1400.71 1400.561 1400.348 1400.136 1399.924 1399.712 1399.531 1399.363 1399.196 1399.028 1398.809 1398.317 1397.825 1397.333 1396.841 1395.619 1393.956 1392.293 1390.63 1388.943 1387.008 1385.073 1383.138 1381.203 1379.09 1376.833 1374.577 1372.32 1370.061 1367.646 1365.232 1362.818 1360.404
1402.125 1402.228 1402.331 1402.433 1402.453 1402.37 1402.286 1402.203 1402.12 1401.945 1401.761 1401.577 1401.393 1401.231 1401.108 1400.984 1400.861 1400.737 1400.591 1400.44 1400.289 1400.138 1400.013 1399.947 1399.88 1399.813 1399.747 1399.689 1399.635 1399.58 1399.525 1399.443 1399.268 1399.094 1398.92 1398.745 1398.643 1398.573 1398.502 1398.432 1398.308 1397.902 1397.497 1397.091 1396.686 1395.513 1393.877 1392.241 1390.605 1388.943 1387.008 1385.073 1383.138 1381.203 1379.099 1376.859 1374.618 1372.377 1370.135 1367.786 1365.436 1363.087 1360.737
1399.71 1399.848 1399.985 1400.122 1400.196 1400.191 1400.185 1400.18 1400.175 1400.091 1399.999 1399.906 1399.814 1399.697 1399.536 1399.376 1399.216 1399.055 1398.899 1398.743 1398.587 1398.431 1398.323 1398.323 1398.323 1398.323 1398.323 1398.323 1398.323 1398.323 1398.323 1398.29 1398.147 1398.005 1397.862 1397.719 1397.67 1397.661 1397.652 1397.643 1397.582 1397.242 1396.902 1396.562 1396.222 1395.094 1393.491 1391.888 1390.285 1388.653 1386.724 1384.795 1382.866 1380.937 1378.856 1376.651 1374.445 1372.24 1370.034 1367.76 1365.486 1363.212 1360.937
1398.22 1398.412 1398.603 1398.794 1398.929 1398.994 1399.059 1399.124 1399.189 1399.13 1399.06 1398.99 1398.919 1398.797 1398.588 1398.379 1398.17 1397.961 1397.769 1397.581 1397.393 1397.204 1397.073 1397.073 1397.073 1397.073 1397.073 1397.073 1397.073 1397.073 1397.073 1397.044 1396.918 1396.792 1396.665 1396.539 1396.472 1396.43 1396.389 1396.348 1396.26 1395.931 1395.602 1395.273 1394.944 1393.851 1392.297 1390.742 1389.187 1387.602 1385.694 1383.787 1381.879 1379.972 1377.948 1375.829 1373.711 1371.592 1369.472 1367.301 1365.129 1362.957 1360.786
1396.73 1396.976 1397.221 1397.467 1397.662 1397.798 1397.933 1398.068 1398.203 1398.171 1398.122 1398.073 1398.024 1397.896 1397.639 1397.381 1397.124 1396.866 1396.64 1396.419 1396.198 1395.978 1395.824 1395.824 1395.824 1395.824 1395.824 1395.824 1395.824 1395.824 1395.824 1395.799 1395.689 1395.578 1395.468 1395.358 1395.273 1395.2 1395.126 1395.052 1394.94 1394.621 1394.303 1393.985 1393.666 1392.608 1391.102 1389.596 1388.09 1386.55 1384.665 1382.779 1380.893 1379.007 1377.04 1375.008 1372.976 1370.943 1368.91 1366.841 1364.772 1362.703 1360.634
1395.241 1395.54 1395.839 1396.139 1396.396 1396.601 1396.807 1397.012 1397.217 1397.21 1397.183 1397.156 1397.129 1396.996 1396.69 1396.384 1396.078 1395.772 1395.51 1395.257 1395.004 1394.751 1394.575 1394.575 1394.575 1394.575 1394.575 1394.575 1394.575 1394.575 1394.575 1394.553 1394.459 1394.365 1394.271 1394.178 1394.075 1393.969 1393.863 1393.757 1393.619 1393.311 1393.004 1392.696 1392.389 1391.364 1389.907 1388.449 1386.992 1385.499 1383.635 1381.771 1379.906 1378.042 1376.133 1374.187 1372.241 1370.295 1368.349 1366.382 1364.416 1362.449 1360.483
1393.751 1394.104 1394.457 1394.811 1395.129 1395.405 1395.68 1395.956 1396.232 1396.25 1396.245 1396.239 1396.234 1396.096 1395.742 1395.387 1395.032 1394.677 1394.381 1394.095 1393.81 1393.525 1393.326 1393.326 1393.326 1393.326 1393.326 1393.326 1393.326 1393.326 1393.326 1393.308 1393.23 1393.152 1393.075 1392.997 1392.877 1392.739 1392.6 1392.461 1392.298 1392.001 1391.704 1391.408 1391.111 1390.121 1388.712 1387.303 1385.894 1384.448 1382.605 1380.762 1378.92 1377.077 1375.225 1373.365 1371.506 1369.646 1367.787 1365.923 1364.059 1362.195 1360.331
1392.71 1393.078 1393.445 1393.813 1394.147 1394.441 1394.735 1395.029 1395.323 1395.337 1395.325 1395.313 1395.301 1395.16 1394.805 1394.449 1394.094 1393.738 1393.424 1393.119 1392.813 1392.507 1392.287 1392.263 1392.239 1392.215 1392.191 1392.173 1392.157 1392.141 1392.125 1392.084 1391.958 1391.833 1391.708 1391.582 1391.448 1391.308 1391.17 1391.031 1390.862 1390.541 1390.219 1389.897 1389.575 1388.631 1387.311 1385.99 1384.67 1383.309 1381.52 1379.73 1377.941 1376.152 1374.337 1372.5 1370.662 1368.825 1366.988 1365.151 1363.314 1361.477 1359.64
1391.829 1392.196 1392.563 1392.931 1393.265 1393.559 1393.853 1394.147 1394.441 1394.441 1394.413 1394.384 1394.356 1394.211 1393.872 1393.532 1393.193 1392.854 1392.529 1392.207 1391.885 1391.563 1391.322 1391.265 1391.209 1391.153 1391.096 1391.054 1391.017 1390.979 1390.942 1390.867 1390.672 1390.476 1390.281 1390.085 1389.936 1389.808 1389.68 1389.552 1389.387 1389.027 1388.667 1388.308 1387.948 1387.054 1385.836 1384.618 1383.401 1382.139 1380.414 1378.69 1376.966 1375.241 1373.455 1371.618 1369.781 1367.944 1366.107 1364.27 1362.432 1360.595 1358.758
1390.947 1391.314 1391.682 1392.049 1392.383 1392.677 1392.971 1393.265 1393.559 1393.544 1393.5 1393.455 1393.411 1393.262 1392.939 1392.616 1392.293 1391.97 1391.634 1391.295 1390.957 1390.619 1390.356 1390.268 1390.179 1390.09 1390.001 1389.935 1389.876 1389.817 1389.758 1389.651 1389.385 1389.119 1388.854 1388.588 1388.425 1388.308 1388.191 1388.073 1387.911 1387.514 1387.116 1386.719 1386.321 1385.477 1384.361 1383.246 1382.131 1380.969 1379.309 1377.65 1375.99 1374.33 1372.573 1370.736 1368.899 1367.062 1365.225 1363.388 1361.551 1359.714 1357.876
1390.065 1390.432 1390.8 1391.167 1391.502 1391.796 1392.09 1392.383 1392.677 1392.648 1392.587 1392.526 1392.466 1392.313 1392.006 1391.699 1391.392 1391.085 1390.738 1390.384 1390.029 1389.675 1389.391 1389.27 1389.149 1389.028 1388.907 1388.817 1388.736 1388.655 1388.574 1388.434 1388.099 1387.763 1387.427 1387.091 1386.914 1386.808 1386.701 1386.594 1386.436 1386.0 1385.565 1385.13 1384.695 1383.9 1382.887 1381.874 1380.862 1379.799 1378.204 1376.609 1375.014 1373.42 1371.691 1369.854 1368.017 1366.18 1364.343 1362.506 1360.669 1358.832 1356.995
1389.187 1389.557 1389.928 1390.299 1390.635 1390.929 1391.223 1391.517 1391.811 1391.763 1391.683 1391.603 1391.523 1391.363 1391.073 1390.782 1390.492 1390.201 1389.844 1389.474 1389.105 1388.735 1388.431 1388.276 1388.122 1387.967 1387.812 1387.699 1387.599 1387.499 1387.399 1387.229 1386.827 1386.425 1386.024 1385.622 1385.426 1385.32 1385.215 1385.109 1384.945 1384.473 1384.001 1383.529 1383.057 1382.301 1381.374 1380.446 1379.519 1378.539 1377.005 1375.472 1373.939 1372.406 1370.714 1368.894 1367.073 1365.252 1363.432 1361.6 1359.768 1357.937 1356.105
1388.321 1388.708 1389.094 1389.481 1389.826 1390.12 1390.414 1390.708 1391.002 1390.925 1390.813 1390.7 1390.588 1390.414 1390.14 1389.865 1389.591 1389.317 1388.953 1388.573 1388.192 1387.812 1387.489 1387.296 1387.104 1386.911 1386.719 1386.589 1386.478 1386.367 1386.256 1386.066 1385.616 1385.166 1384.715 1384.265 1384.028 1383.885 1383.741 1383.598 1383.397 1382.892 1382.388 1381.884 1381.379 1380.621 1379.71 1378.799 1377.887 1376.926 1375.442 1373.957 1372.472 1370.988 1369.363 1367.623 1365.883 1364.144 1362.403 1360.599 1358.794 1356.989 1355.185
1387.455 1387.858 1388.261 1388.664 1389.018 1389.312 1389.606 1389.9 1390.194 1390.087 1389.942 1389.797 1389.653 1389.465 1389.207 1388.948 1388.69 1388.432 1388.062 1387.671 1387.28 1386.888 1386.546 1386.316 1386.086 1385.855 1385.625 1385.478 1385.357 1385.235 1385.113 1384.904 1384.405 1383.906 1383.407 1382.908 1382.63 1382.449 1382.268 1382.086 1381.848 1381.312 1380.775 1380.238 1379.701 1378.941 1378.046 1377.151 1376.256 1375.314 1373.878 1372.442 1371.006 1369.57 1368.011 1366.352 1364.694 1363.035 1361.375 1359.597 1357.819 1356.042 1354.264
1386.589 1387.008 1387.427 1387.847 1388.21 1388.504 1388.798 1389.092 1389.385 1389.249 1389.072 1388.895 1388.717 1388.516 1388.274 1388.032 1387.79 1387.548 1387.171 1386.769 1386.367 1385.965 1385.604 1385.336 1385.068 1384.8 1384.532 1384.368 1384.235 1384.103 1383.97 1383.741 1383.194 1382.646 1382.099 1381.551 1381.232 1381.013 1380.794 1380.575 1380.3 1379.731 1379.162 1378.593 1378.023 1377.261 1376.382 1375.503 1374.625 1373.701 1372.314 1370.927 1369.539 1368.151 1366.659 1365.082 1363.504 1361.926 1360.346 1358.596 1356.845 1355.094 1353.344
1385.723 1386.158 1386.594 1387.029 1387.401 1387.695 1387.989 1388.283 1388.577 1388.411 1388.202 1387.992 1387.782 1387.567 1387.341 1387.115 1386.889 1386.663 1386.28 1385.867 1385.455 1385.042 1384.661 1384.356 1384.05 1383.744 1383.438 1383.257 1383.114 1382.97 1382.827 1382.579 1381.983 1381.386 1380.79 1380.194 1379.834 1379.577 1379.32 1379.063 1378.752 1378.15 1377.549 1376.947 1376.345 1375.581 1374.719 1373.856 1372.993 1372.089 1370.75 1369.411 1368.072 1366.733 1365.308 1363.811 1362.314 1360.818 1359.318 1357.594 1355.871 1354.147 1352.423
1384.868 1385.33 1385.793 1386.255 1386.642 1386.936 1387.23 1387.524 1387.818 1387.642 1387.422 1387.201 1386.981 1386.764 1386.555 1386.345 1386.135 1385.926 1385.512 1385.06 1384.607 1384.155 1383.734 1383.387 1383.04 1382.693 1382.346 1382.127 1381.948 1381.769 1381.589 1381.308 1380.688 1380.069 1379.449 1378.83 1378.428 1378.123 1377.818 1377.512 1377.165 1376.6 1376.034 1375.469 1374.903 1374.14 1373.258 1372.375 1371.493 1370.572 1369.249 1367.926 1366.604 1365.281 1363.877 1362.408 1360.938 1359.469 1357.996 1356.328 1354.66 1352.993 1351.325
1384.018 1384.513 1385.008 1385.503 1385.907 1386.201 1386.495 1386.789 1387.083 1386.907 1386.687 1386.466 1386.246 1386.036 1385.842 1385.649 1385.455 1385.262 1384.805 1384.299 1383.793 1383.286 1382.815 1382.425 1382.034 1381.644 1381.253 1380.988 1380.76 1380.532 1380.304 1379.983 1379.352 1378.722 1378.092 1377.461 1377.019 1376.66 1376.3 1375.941 1375.56 1375.065 1374.569 1374.074 1373.578 1372.818 1371.898 1370.978 1370.057 1369.102 1367.779 1366.457 1365.134 1363.811 1362.408 1360.938 1359.469 1357.999 1356.527 1354.93 1353.332 1351.735 1350.137
1383.168 1383.695 1384.223 1384.75 1385.172 1385.466 1385.76 1386.054 1386.348 1386.172 1385.952 1385.732 1385.511 1385.307 1385.13 1384.953 1384.775 1384.598 1384.099 1383.538 1382.978 1382.417 1381.896 1381.462 1381.028 1380.595 1380.161 1379.848 1379.572 1379.295 1379.019 1378.657 1378.016 1377.375 1376.734 1376.093 1375.61 1375.197 1374.783 1374.37 1373.954 1373.529 1373.104 1372.679 1372.254 1371.497 1370.539 1369.58 1368.622 1367.632 1366.31 1364.987 1363.664 1362.342 1360.938 1359.469 1357.999 1356.529 1355.059 1353.531 1352.004 1350.477 1348.949
1382.318 1382.878 1383.438 1383.997 1384.438 1384.732 1385.026 1385.319 1385.613 1385.438 1385.217 1384.997 1384.776 1384.578 1384.417 1384.256 1384.095 1383.934 1383.392 1382.778 1382.163 1381.549 1380.976 1380.499 1380.023 1379.546 1379.069 1378.709 1378.384 1378.058 1377.733 1377.332 1376.68 1376.028 1375.376 1374.724 1374.201 1373.733 1373.266 1372.799 1372.349 1371.994 1371.639 1371.284 1370.929 1370.175 1369.179 1368.183 1367.187 1366.163 1364.84 1363.518 1362.195 1360.872 1359.469 1357.999 1356.529 1355.06 1353.59 1352.133 1350.676 1349.219 1347.761
1381.484 1382.071 1382.659 1383.247 1383.703 1383.997 1384.291 1384.585 1384.879 1384.703 1384.482 1384.262 1384.042 1383.846 1383.693 1383.54 1383.386 1383.233 1382.658 1382.003 1381.348 1380.693 1380.079 1379.558 1379.037 1378.517 1377.996 1377.593 1377.226 1376.858 1376.491 1376.055 1375.394 1374.733 1374.071 1373.41 1372.848 1372.329 1371.811 1371.292 1370.808 1370.503 1370.199 1369.894 1369.59 1368.836 1367.81 1366.784 1365.758 1364.706 1363.38 1362.055 1360.729 1359.404 1358.005 1356.547 1355.088 1353.63 1352.173 1350.799 1349.424 1348.05 1346.676
1380.749 1381.337 1381.924 1382.512 1382.968 1383.262 1383.556 1383.85 1384.144 1383.968 1383.748 1383.527 1383.307 1383.093 1382.891 1382.689 1382.488 1382.286 1381.744 1381.137 1380.531 1379.924 1379.329 1378.76 1378.191 1377.621 1377.052 1376.638 1376.271 1375.903 1375.536 1375.1 1374.439 1373.777 1373.116 1372.455 1371.87 1371.319 1370.768 1370.217 1369.693 1369.307 1368.922 1368.536 1368.151 1367.38 1366.375 1365.371 1364.366 1363.332 1361.985 1360.638 1359.291 1357.944 1356.583 1355.211 1353.839 1352.467 1351.098 1349.891 1348.684 1347.477 1346.27
1380.014 1380.602 1381.19 1381.777 1382.233 1382.527 1382.821 1383.115 1383.409 1383.233 1383.013 1382.792 1382.572 1382.34 1382.09 1381.839 1381.589 1381.338 1380.829 1380.271 1379.714 1379.156 1378.58 1377.962 1377.344 1376.726 1376.108 1375.683 1375.315 1374.948 1374.58 1374.145 1373.484 1372.822 1372.161 1371.499 1370.892 1370.309 1369.726 1369.142 1368.577 1368.111 1367.645 1367.178 1366.712 1365.923 1364.941 1363.958 1362.975 1361.959 1360.59 1359.221 1357.853 1356.484 1355.161 1353.875 1352.59 1351.304 1350.022 1348.983 1347.943 1346.904 1345.864
1379.279 1379.867 1380.455 1381.043 1381.498 1381.792 1382.086 1382.38 1382.674 1382.498 1382.278 1382.058 1381.837 1381.587 1381.288 1380.989 1380.69 1380.391 1379.915 1379.406 1378.896 1378.387 1377.83 1377.164 1376.497 1375.831 1375.164 1374.727 1374.36 1373.993 1373.625 1373.19 1372.528 1371.867 1371.206 1370.544 1369.915 1369.299 1368.683 1368.067 1367.462 1366.915 1366.367 1365.82 1365.273 1364.467 1363.506 1362.545 1361.584 1360.585 1359.195 1357.805 1356.414 1355.024 1353.739 1352.54 1351.341 1350.141 1348.947 1348.075 1347.203 1346.33 1345.458
1378.544 1379.132 1379.72 1380.308 1380.764 1381.057 1381.351 1381.645 1381.939 1381.764 1381.543 1381.323 1381.102 1380.834 1380.486 1380.139 1379.791 1379.443 1379.0 1378.54 1378.079 1377.619 1377.081 1376.365 1375.65 1374.935 1374.22 1373.772 1373.405 1373.037 1372.67 1372.234 1371.573 1370.912 1370.25 1369.589 1368.937 1368.289 1367.64 1366.992 1366.347 1365.719 1365.09 1364.462 1363.833 1363.011 1362.072 1361.132 1360.192 1359.212 1357.8 1356.388 1354.976 1353.564 1352.317 1351.204 1350.091 1348.979 1347.872 1347.167 1346.462 1345.757 1345.052
1377.828 1378.436 1379.043 1379.65 1380.107 1380.382 1380.657 1380.932 1381.206 1381.055 1380.864 1380.672 1380.48 1380.204 1379.789 1379.373 1378.958 1378.542 1378.111 1377.676 1377.242 1376.807 1376.294 1375.601 1374.908 1374.215 1373.522 1373.057 1372.66 1372.264 1371.868 1371.409 1370.745 1370.08 1369.416 1368.751 1368.064 1367.368 1366.671 1365.974 1365.28 1364.6 1363.919 1363.239 1362.558 1361.709 1360.759 1359.809 1358.859 1357.872 1356.49 1355.107 1353.725 1352.343 1351.16 1350.141 1349.12 1348.1 1347.086 1346.452 1345.819 1345.185 1344.551
