data/zism_data/00375_04_D.txt
ncols         224
nrows         224
[rows 116 to 144 of 224, columns 130 to 194 of 224]
1150.0 1150.0 1150.0 1150.0 1150.0 1150.0 1150.0 1150.0 1150.0 1150.0 1150.0 1150.0 1150.0 1150.0 1150.0 1150.0 1150.0 1150.0 1150.0 1150.001 1150.002 1150.003 1150.004 1150.004 1150.003 1150.002 1150.001 1150.0 1150.0 1150.0 1150.0 1150.0 1150.0 1150.0 1150.0 1150.0 1150.0 1150.0 1150.0 1150.0 1150.0 1150.0 1150.0 1150.0 1150.0 1150.0 1150.0 1150.0 1150.0 1150.0 1150.0 1150.0 1150.0 1150.0 1150.0 1150.0 1150.0 1150.0 1150.0 1150.0 1150.0 1150.0 1150.0 1150.0 1150.0
1150.0 1150.0 1150.0 1150.0 1150.0 1150.0 1150.0 1150.0 1150.0 1150.0 1150.0 1150.0 1150.0 1150.0 1150.0 1150.0 1150.0 1150.0 1150.005 1150.022 1150.039 1150.057 1150.074 1150.065 1150.047 1150.03 1150.013 1150.0 1150.0 1150.0 1150.0 1150.0 1150.0 1150.0 1150.0 1150.0 1150.0 1150.0 1150.0 1150.0 1150.0 1150.0 1150.0 1150.0 1150.0 1150.0 1150.0 1150.0 1150.0 1150.0 1150.0 1150.0 1150.0 1150.0 1150.0 1150.0 1150.0 1150.0 1150.0 1150.0 1150.0 1150.0 1150.0 1150.0 1150.0
1150.0 1150.0 1150.0 1150.0 1150.0 1150.0 1150.0 1150.0 1150.0 1150.0 1150.0 1150.0 1150.0 1150.0 1150.0 1150.0 1150.0 1150.0 1150.01 1150.043 1150.077 1150.11 1150.143 1150.126 1150.092 1150.059 1150.026 1150.0 1150.0 1150.0 1150.0 1150.0 1150.0 1150.0 1150.0 1150.0 1150.0 1150.0 1150.0 1150.0 1150.0 1150.0 1150.0 1150.0 1150.0 1150.0 1150.0 1150.0 1150.0 1150.0 1150.0 1150.0 1150.0 1150.0 1150.0 1150.0 1150.0 1150.0 1150.0 1150.0 1150.0 1150.0 1150.0 1150.0 1150.0
1150.0 1150.0 1150.0 1150.0 1150.0 1150.0 1150.0 1150.0 1150.0 1150.0 1150.0 1150.0 1150.0 1150.0 1150.0 1150.0 1150.0 1150.0 1150.015 1150.065 1150.114 1150.164 1150.213 1150.187 1150.137 1150.088 1150.038 1150.0 1150.0 1150.0 1150.0 1150.0 1150.0 1150.0 1150.0 1150.0 1150.0 1150.0 1150.0 1150.0 1150.0 1150.0 1150.0 1150.0 1150.0 1150.0 1150.0 1150.0 1150.0 1150.0 1150.0 1150.0 1150.0 1150.0 1150.0 1150.0 1150.0 1150.0 1150.0 1150.0 1150.0 1150.0 1150.0 1150.0 1150.0
1150.0 1150.0 1150.0 1150.0 1150.0 1150.0 1150.0 1150.0 1150.0 1150.0 1150.0 1150.0 1150.0 1150.0 1150.0 1150.0 1150.0 1150.0 1150.02 1150.086 1150.151 1150.217 1150.283 1150.248 1150.182 1150.116 1150.051 1150.0 1150.0 1150.0 1150.0 1150.0 1150.0 1150.0 1150.0 1150.0 1150.0 1150.0 1150.0 1150.0 1150.0 1150.0 1150.0 1150.0 1150.0 1150.0 1150.0 1150.0 1150.0 1150.0 1150.0 1150.0 1150.0 1150.0 1150.0 1150.0 1150.0 1150.0 1150.0 1150.0 1150.0 1150.0 1150.0 1150.0 1150.0
1150.0 1150.0 1150.0 1150.0 1150.0 1150.0 1150.0 1150.0 1150.0 1150.0 1150.0 1150.0 1150.0 1150.0 1150.085 1150.187 1150.288 1150.39 1150.498 1150.622 1150.746 1150.87 1150.995 1150.883 1150.699 1150.516 1150.333 1150.182 1150.14 1150.097 1150.055 1150.013 1150.0 1150.0 1150.0 1150.0 1150.0 1150.0 1150.0 1150.0 1150.0 1150.0 1150.0 1150.0 1150.0 1150.0 1150.0 1150.0 1150.0 1150.0 1150.0 1150.0 1150.0 1150.0 1150.0 1150.0 1150.0 1150.0 1150.0 1150.024 1150.075 1150.126 1150.176 1150.227 1150.302
1150.0 1150.0 1150.0 1150.0 1150.0 1150.0 1150.0 1150.0 1150.0 1150.0 1150.0 1150.0 1150.0 1150.0 1150.249 1150.544 1150.84 1151.136 1151.409 1151.631 1151.852 1152.073 1152.295 1152.043 1151.65 1151.256 1150.862 1150.531 1150.407 1150.284 1150.161 1150.037 1150.0 1150.0 1150.0 1150.0 1150.0 1150.0 1150.0 1150.0 1150.0 1150.0 1150.0 1150.0 1150.0 1150.0 1150.0 1150.0 1150.0 1150.0 1150.0 1150.0 1150.0 1150.0 1150.0 1150.0 1150.0 1150.0 1150.0 1150.071 1150.219 1150.367 1150.514 1150.662 1150.88
1150.0 1150.0 1150.0 1150.0 1150.0 1150.0 1150.0 1150.0 1150.0 1150.0 1150.0 1150.0 1150.0 1150.0 1150.412 1150.902 1151.392 1151.883 1152.321 1152.639 1152.958 1153.276 1153.595 1153.204 1152.6 1151.995 1151.391 1150.879 1150.675 1150.471 1150.266 1150.062 1150.0 1150.0 1150.0 1150.0 1150.0 1150.0 1150.0 1150.0 1150.0 1150.0 1150.0 1150.0 1150.0 1150.0 1150.0 1150.0 1150.0 1150.0 1150.0 1150.0 1150.0 1150.0 1150.0 1150.0 1150.0 1150.0 1150.0 1150.117 1150.362 1150.607 1150.852 1151.098 1151.458
1150.0 1150.0 1150.0 1150.0 1150.0 1150.0 1150.0 1150.0 1150.0 1150.0 1150.0 1150.0 1150.0 1150.0 1150.575 1151.26 1151.945 1152.629 1153.232 1153.648 1154.063 1154.479 1154.895 1154.365 1153.55 1152.735 1151.92 1151.228 1150.943 1150.657 1150.372 1150.087 1150.0 1150.0 1150.0 1150.0 1150.0 1150.0 1150.0 1150.0 1150.0 1150.0 1150.0 1150.0 1150.0 1150.0 1150.0 1150.0 1150.0 1150.0 1150.0 1150.0 1150.0 1150.0 1150.0 1150.0 1150.0 1150.0 1150.0 1150.164 1150.506 1150.848 1151.191 1151.533 1152.036
1150.0 1150.0 1150.0 1150.0 1150.0 1150.0 1150.0 1150.0 1150.0 1150.0 1150.0 1150.0 1150.0 1150.0 1150.739 1151.618 1152.497 1153.376 1154.143 1154.656 1155.169 1155.682 1156.195 1155.526 1154.501 1153.475 1152.449 1151.576 1151.21 1150.844 1150.478 1150.111 1150.0 1150.0 1150.0 1150.0 1150.0 1150.0 1150.0 1150.0 1150.0 1150.0 1150.0 1150.0 1150.0 1150.0 1150.0 1150.0 1150.0 1150.0 1150.0 1150.0 1150.0 1150.0 1150.0 1150.0 1150.0 1150.0 1150.0 1150.21 1150.65 1151.089 1151.529 1151.968 1152.615
1150.0 1150.0 1150.0 1150.0 1150.0 1150.0 1150.0 1150.0 1150.0 1150.08 1150.293 1150.506 1150.719 1150.932 1152.105 1153.46 1154.816 1156.171 1157.233 1157.625 1158.017 1158.409 1158.801 1157.959 1156.744 1155.529 1154.314 1153.252 1152.698 1152.145 1151.591 1151.037 1150.743 1150.562 1150.381 1150.2 1150.047 1150.036 1150.025 1150.015 1150.004 1150.0 1150.0 1150.0 1150.0 1150.0 1150.0 1150.0 1150.0 1150.0 1150.0 1150.0 1150.0 1150.0 1150.002 1150.13 1150.257 1150.385 1150.513 1151.075 1152.112 1153.149 1154.186 1155.223 1156.307
1150.0 1150.0 1150.0 1150.0 1150.0 1150.0 1150.0 1150.0 1150.0 1150.162 1150.59 1151.019 1151.448 1151.877 1153.489 1155.325 1157.161 1158.997 1160.355 1160.623 1160.891 1161.159 1161.427 1160.41 1159.006 1157.602 1156.198 1154.947 1154.205 1153.462 1152.719 1151.977 1151.497 1151.133 1150.768 1150.404 1150.094 1150.072 1150.051 1150.03 1150.008 1150.0 1150.0 1150.0 1150.0 1150.0 1150.0 1150.0 1150.0 1150.0 1150.0 1150.0 1150.0 1150.0 1150.004 1150.261 1150.518 1150.776 1151.033 1151.952 1153.594 1155.236 1156.877 1158.519 1160.045
1150.0 1150.0 1150.0 1150.0 1150.0 1150.0 1150.0 1150.0 1150.0 1150.243 1150.888 1151.533 1152.178 1152.823 1154.873 1157.189 1159.505 1161.822 1163.477 1163.621 1163.765 1163.908 1164.052 1162.861 1161.268 1159.675 1158.082 1156.643 1155.711 1154.779 1153.848 1152.916 1152.251 1151.703 1151.155 1150.607 1150.141 1150.109 1150.077 1150.044 1150.012 1150.0 1150.0 1150.0 1150.0 1150.0 1150.0 1150.0 1150.0 1150.0 1150.0 1150.0 1150.0 1150.0 1150.006 1150.392 1150.779 1151.166 1151.553 1152.829 1155.076 1157.322 1159.568 1161.815 1163.783
1150.0 1150.0 1150.0 1150.0 1150.0 1150.0 1150.0 1150.0 1150.0 1150.324 1151.185 1152.046 1152.907 1153.768 1156.256 1159.053 1161.85 1164.648 1166.599 1166.619 1166.638 1166.658 1166.677 1165.313 1163.531 1161.749 1159.967 1158.338 1157.217 1156.097 1154.976 1153.855 1153.005 1152.274 1151.542 1150.81 1150.188 1150.145 1150.102 1150.059 1150.016 1150.0 1150.0 1150.0 1150.0 1150.0 1150.0 1150.0 1150.0 1150.0 1150.0 1150.0 1150.0 1150.0 1150.007 1150.524 1151.041 1151.557 1152.073 1153.707 1156.558 1159.409 1162.26 1165.111 1167.521
1150.0 1150.0 1150.0 1150.0 1150.0 1150.0 1150.0 1150.0 1150.0 1150.425 1151.553 1152.681 1153.808 1154.936 1157.89 1161.189 1164.488 1167.788 1170.037 1169.886 1169.736 1169.585 1169.434 1167.831 1165.79 1163.748 1161.707 1159.827 1158.481 1157.135 1155.789 1154.443 1153.449 1152.609 1151.769 1150.928 1150.214 1150.166 1150.116 1150.068 1150.018 1150.0 1150.0 1150.0 1150.0 1150.0 1150.0 1150.0 1150.0 1150.0 1150.028 1150.079 1150.13 1150.181 1150.242 1151.012 1151.782 1152.552 1153.322 1155.288 1158.559 1161.831 1165.102 1168.374 1171.055
1150.0 1150.0 1150.0 1150.0 1150.0 1150.0 1150.0 1150.0 1150.0 1150.549 1152.006 1153.464 1154.921 1156.378 1159.828 1163.657 1167.486 1171.314 1173.863 1173.485 1173.108 1172.73 1172.352 1170.431 1168.044 1165.657 1163.27 1161.062 1159.446 1157.83 1156.214 1154.598 1153.511 1152.655 1151.798 1150.942 1150.214 1150.166 1150.116 1150.068 1150.018 1150.0 1150.0 1150.0 1150.0 1150.0 1150.0 1150.0 1150.0 1150.0 1150.09 1150.255 1150.419 1150.583 1150.763 1151.937 1153.112 1154.287 1155.462 1157.732 1161.198 1164.664 1168.13 1171.596 1174.339
1150.0 1150.0 1150.0 1150.0 1150.0 1150.0 1150.0 1150.0 1150.0 1150.673 1152.46 1154.246 1156.033 1157.82 1161.767 1166.125 1170.483 1174.841 1177.688 1177.084 1176.479 1175.875 1175.271 1173.032 1170.299 1167.567 1164.834 1162.298 1160.412 1158.526 1156.64 1154.754 1153.573 1152.701 1151.828 1150.956 1150.214 1150.166 1150.116 1150.068 1150.018 1150.0 1150.0 1150.0 1150.0 1150.0 1150.0 1150.0 1150.0 1150.0 1150.153 1150.431 1150.708 1150.986 1151.283 1152.863 1154.442 1156.022 1157.602 1160.177 1163.837 1167.497 1171.157 1174.818 1177.623
1150.0 1150.0 1150.0 1150.0 1150.0 1150.0 1150.0 1150.0 1150.0 1150.797 1152.913 1155.029 1157.145 1159.261 1163.706 1168.593 1173.48 1178.367 1181.514 1180.682 1179.851 1179.02 1178.189 1175.632 1172.554 1169.476 1166.397 1163.533 1161.377 1159.221 1157.065 1154.91 1153.635 1152.747 1151.858 1150.969 1150.214 1150.166 1150.116 1150.068 1150.018 1150.0 1150.0 1150.0 1150.0 1150.0 1150.0 1150.0 1150.0 1150.0 1150.215 1150.607 1150.998 1151.389 1151.803 1153.788 1155.773 1157.757 1159.742 1162.621 1166.476 1170.33 1174.185 1178.04 1180.907
1150.0 1150.0 1150.0 1150.0 1150.0 1150.0 1150.0 1150.0 1150.0 1150.922 1153.367 1155.812 1158.258 1160.703 1165.645 1171.062 1176.477 1181.894 1185.339 1184.281 1183.223 1182.165 1181.107 1178.232 1174.808 1171.385 1167.961 1164.769 1162.343 1159.917 1157.491 1155.065 1153.698 1152.793 1151.888 1150.983 1150.214 1150.166 1150.116 1150.068 1150.018 1150.0 1150.0 1150.0 1150.0 1150.0 1150.0 1150.0 1150.0 1150.0 1150.278 1150.782 1151.287 1151.792 1152.323 1154.713 1157.103 1159.492 1161.882 1165.065 1169.114 1173.163 1177.212 1181.261 1184.191
1150.0 1150.0 1150.0 1150.0 1150.0 1150.0 1150.0 1150.0 1150.0 1151.018 1153.719 1156.419 1159.12 1161.821 1166.988 1172.623 1178.257 1183.892 1187.324 1185.724 1184.124 1182.524 1180.923 1177.706 1174.001 1170.296 1166.59 1163.219 1160.952 1158.685 1156.418 1154.151 1152.958 1152.234 1151.51 1150.786 1150.171 1150.132 1150.093 1150.054 1150.015 1150.0 1150.0 1150.0 1150.0 1150.0 1150.0 1150.0 1150.0 1150.0 1150.414 1151.165 1151.916 1152.667 1153.445 1156.062 1158.679 1161.296 1163.914 1167.136 1171.02 1174.903 1178.787 1182.67 1185.456
1150.0 1150.0 1150.0 1150.0 1150.0 1150.0 1150.0 1150.0 1150.0 1151.111 1154.061 1157.01 1159.959 1162.908 1168.274 1174.097 1179.921 1185.744 1189.134 1186.962 1184.789 1182.616 1180.444 1176.882 1172.902 1168.921 1164.94 1161.404 1159.336 1157.269 1155.202 1153.135 1152.141 1151.617 1151.093 1150.569 1150.124 1150.096 1150.067 1150.039 1150.011 1150.0 1150.0 1150.0 1150.0 1150.0 1150.0 1150.0 1150.0 1150.0 1150.556 1151.567 1152.577 1153.587 1154.624 1157.451 1160.279 1163.107 1165.935 1169.172 1172.856 1176.539 1180.223 1183.907 1186.528
1150.0 1150.0 1150.0 1150.0 1150.0 1150.0 1150.0 1150.0 1150.0 1151.205 1154.402 1157.6 1160.798 1163.995 1169.559 1175.572 1181.584 1187.597 1190.944 1188.199 1185.454 1182.709 1179.964 1176.059 1171.803 1167.547 1163.29 1159.588 1157.721 1155.854 1153.986 1152.119 1151.325 1151.001 1150.676 1150.352 1150.077 1150.059 1150.042 1150.024 1150.007 1150.0 1150.0 1150.0 1150.0 1150.0 1150.0 1150.0 1150.0 1150.0 1150.699 1151.969 1153.238 1154.507 1155.803 1158.841 1161.879 1164.917 1167.956 1171.207 1174.691 1178.175 1181.659 1185.143 1187.6
1150.0 1150.0 1150.0 1150.0 1150.0 1150.0 1150.0 1150.0 1150.0 1151.299 1154.745 1158.191 1161.637 1165.083 1170.845 1177.047 1183.248 1189.45 1192.754 1189.437 1186.119 1182.802 1179.485 1175.235 1170.703 1166.172 1161.641 1157.773 1156.106 1154.438 1152.77 1151.103 1150.509 1150.384 1150.26 1150.135 1150.029 1150.023 1150.016 1150.009 1150.003 1150.0 1150.0 1150.0 1150.0 1150.0 1150.0 1150.0 1150.0 1150.0 1150.842 1152.37 1153.899 1155.428 1156.981 1160.23 1163.479 1166.728 1169.977 1173.243 1176.527 1179.811 1183.095 1186.379 1188.672
1150.0 1150.0 1150.0 1150.0 1150.0 1150.0 1150.0 1150.0 1150.0 1151.289 1154.711 1158.133 1161.555 1164.976 1170.666 1176.786 1182.906 1189.026 1192.176 1188.536 1184.897 1181.257 1177.618 1173.33 1168.847 1164.364 1159.88 1156.108 1154.689 1153.27 1151.851 1150.432 1150.0 1150.0 1150.0 1150.0 1150.0 1150.0 1150.0 1150.0 1150.0 1150.0 1150.0 1150.0 1150.0 1150.004 1150.053 1150.102 1150.151 1150.2 1151.184 1152.931 1154.678 1156.425 1158.195 1161.518 1164.841 1168.165 1171.488 1174.696 1177.778 1180.86 1183.943 1187.025 1189.202
1150.0 1150.0 1150.0 1150.0 1150.0 1150.0 1150.0 1150.0 1150.0 1151.11 1154.057 1157.004 1159.95 1162.897 1168.066 1173.657 1179.247 1184.838 1187.648 1184.1 1180.552 1177.005 1173.457 1169.639 1165.739 1161.839 1157.938 1154.69 1153.6 1152.511 1151.421 1150.332 1150.0 1150.0 1150.0 1150.0 1150.0 1150.0 1150.0 1150.0 1150.0 1150.0 1150.0 1150.0 1150.0 1150.016 1150.194 1150.372 1150.551 1150.729 1151.855 1153.753 1155.651 1157.55 1159.467 1162.639 1165.811 1168.982 1172.155 1175.185 1178.063 1180.94 1183.817 1186.694 1188.833
1150.0 1150.0 1150.0 1150.0 1150.0 1150.0 1150.0 1150.0 1150.0 1150.931 1153.403 1155.874 1158.345 1160.817 1165.465 1170.527 1175.589 1180.65 1183.12 1179.664 1176.208 1172.752 1169.296 1165.947 1162.63 1159.313 1155.996 1153.272 1152.512 1151.752 1150.992 1150.231 1150.0 1150.0 1150.0 1150.0 1150.0 1150.0 1150.0 1150.0 1150.0 1150.0 1150.0 1150.0 1150.0 1150.027 1150.335 1150.643 1150.951 1151.259 1152.526 1154.575 1156.625 1158.674 1160.738 1163.759 1166.78 1169.8 1172.821 1175.675 1178.347 1181.019 1183.691 1186.363 1188.465
1150.0 1150.0 1150.0 1150.0 1150.0 1150.0 1150.0 1150.0 1150.0 1150.752 1152.748 1154.745 1156.741 1158.737 1162.865 1167.398 1171.93 1176.462 1178.592 1175.228 1171.864 1168.5 1165.135 1162.256 1159.522 1156.788 1154.054 1151.855 1151.424 1150.993 1150.562 1150.131 1150.0 1150.0 1150.0 1150.0 1150.0 1150.0 1150.0 1150.0 1150.0 1150.0 1150.0 1150.0 1150.0 1150.038 1150.476 1150.913 1151.351 1151.788 1153.197 1155.398 1157.599 1159.799 1162.01 1164.879 1167.749 1170.618 1173.488 1176.165 1178.632 1181.099 1183.565 1186.032 1188.097
1150.0 1150.0 1150.0 1150.0 1150.0 1150.0 1150.0 1150.0 1150.0 1150.573 1152.094 1153.615 1155.136 1156.657 1160.265 1164.268 1168.271 1172.275 1174.063 1170.791 1167.519 1164.247 1160.975 1158.564 1156.413 1154.263 1152.112 1150.437 1150.335 1150.234 1150.132 1150.031 1150.0 1150.0 1150.0 1150.0 1150.0 1150.0 1150.0 1150.0 1150.0 1150.0 1150.0 1150.0 1150.0 1150.049 1150.616 1151.184 1151.751 1152.318 1153.868 1156.22 1158.572 1160.924 1163.281 1166.0 1168.718 1171.436 1174.155 1176.655 1178.916 1181.178 1183.439 1185.701 1187.728
1150.0 1150.0 1150.0 1150.0 1150.0 1150.0 1150.0 1150.0 1150.0 1150.454 1151.659 1152.863 1154.068 1155.273 1158.297 1161.667 1165.037 1168.406 1169.904 1167.123 1164.342 1161.561 1158.78 1156.788 1155.035 1153.281 1151.528 1150.172 1150.132 1150.092 1150.052 1150.012 1150.0 1150.0 1150.0 1150.0 1150.0 1150.0 1150.0 1150.0 1150.0 1150.0 1150.0 1150.0 1150.0 1150.07 1150.871 1151.672 1152.473 1153.274 1155.008 1157.502 1159.996 1162.49 1164.986 1167.649 1170.311 1172.974 1175.636 1178.035 1180.146 1182.257 1184.368 1186.479 1188.369
