data/zism_data/00389_04_D.txt
ncols         224
nrows         224
[rows 0 to 28 of 224, columns 0 to 65 of 224]
3500.0 3500.0 3500.0 3500.0 3500.0 3500.0 3500.0 3500.0 3500.0 3500.0 3500.0 3500.0 3500.0 3500.0 3500.0 3500.0 3500.0 3500.0 3500.0 3500.0 3500.0 3500.0 3500.0 3500.0 3500.0 3500.0 3500.0 3500.0 3500.0 3500.0 3500.0 3500.0 3500.0 3500.0 3500.0 3500.0 3500.0 3500.0 3500.0 3500.0 3500.0 3500.0 3500.0 3500.0 3500.249 3500.755 3501.26 3501.766 3502.271 3504.431 3506.692 3508.954 3511.216 3514.238 3518.444 3522.649 3526.855 3531.06 3536.7 3542.611 3548.523 3554.435 3560.231 3565.745 3571.258 3576.772
3500.0 3500.0 3500.0 3500.0 3500.0 3500.0 3500.0 3500.0 3500.0 3500.0 3500.0 3500.0 3500.0 3500.0 3500.0 3500.0 3500.0 3500.0 3500.0 3500.0 3500.0 3500.0 3500.0 3500.0 3500.0 3500.0 3500.0 3500.0 3500.0 3500.0 3500.0 3500.0 3500.0 3500.0 3500.0 3500.0 3500.0 3500.0 3500.0 3500.0 3500.0 3500.0 3500.0 3500.0 3500.35 3501.059 3501.768 3502.478 3503.187 3505.849 3508.631 3511.413 3514.195 3517.664 3522.202 3526.74 3531.279 3535.817 3541.614 3547.648 3553.684 3559.719 3565.517 3570.735 3575.954 3581.173
3500.0 3500.0 3500.0 3500.0 3500.0 3500.0 3500.0 3500.0 3500.0 3500.0 3500.0 3500.0 3500.0 3500.0 3500.0 3500.0 3500.0 3500.0 3500.0 3500.0 3500.0 3500.0 3500.0 3500.0 3500.0 3500.0 3500.0 3500.0 3500.0 3500.0 3500.0 3500.0 3500.0 3500.0 3500.0 3500.0 3500.0 3500.0 3500.0 3500.0 3500.0 3500.0 3500.0 3500.0 3500.45 3501.363 3502.277 3503.19 3504.103 3507.267 3510.57 3513.872 3517.175 3521.091 3525.962 3530.832 3535.703 3540.574 3546.527 3552.686 3558.844 3565.002 3570.803 3575.726 3580.65 3585.573
3500.0 3500.0 3500.0 3500.0 3500.0 3500.0 3500.0 3500.0 3500.0 3500.0 3500.0 3500.0 3500.0 3500.0 3500.0 3500.0 3500.0 3500.0 3500.0 3500.0 3500.0 3500.0 3500.0 3500.0 3500.0 3500.0 3500.0 3500.0 3500.0 3500.0 3500.0 3500.0 3500.0 3500.0 3500.0 3500.0 3500.0 3500.0 3500.0 3500.001 3500.02 3500.039 3500.059 3500.078 3500.661 3501.824 3502.987 3504.15 3505.313 3508.825 3512.481 3516.138 3519.794 3523.974 3528.968 3533.962 3538.956 3543.949 3549.835 3555.89 3561.946 3568.001 3573.639 3578.256 3582.872 3587.488
3500.0 3500.0 3500.0 3500.0 3500.0 3500.0 3500.0 3500.0 3500.0 3500.0 3500.0 3500.0 3500.0 3500.0 3500.0 3500.0 3500.0 3500.0 3500.0 3500.0 3500.0 3500.0 3500.0 3500.0 3500.0 3500.0 3500.0 3500.0 3500.0 3500.0 3500.0 3500.0 3500.0 3500.0 3500.0 3500.0 3500.0 3500.0 3500.0 3500.003 3500.065 3500.127 3500.189 3500.251 3501.007 3502.476 3503.944 3505.413 3506.882 3510.553 3514.36 3518.167 3521.974 3526.193 3531.052 3535.912 3540.771 3545.631 3551.176 3556.85 3562.524 3568.198 3573.473 3577.767 3582.062 3586.356
3500.0 3500.0 3500.0 3500.0 3500.0 3500.0 3500.0 3500.0 3500.0 3500.0 3500.0 3500.0 3500.0 3500.0 3500.0 3500.0 3500.0 3500.0 3500.0 3500.0 3500.0 3500.0 3500.0 3500.0 3500.0 3500.0 3500.0 3500.0 3500.0 3500.0 3500.0 3500.0 3500.0 3500.0 3500.0 3500.0 3500.0 3500.0 3500.0 3500.005 3500.11 3500.215 3500.32 3500.425 3501.353 3503.127 3504.902 3506.677 3508.451 3512.282 3516.239 3520.196 3524.153 3528.411 3533.136 3537.862 3542.587 3547.313 3552.515 3557.809 3563.102 3568.396 3573.306 3577.279 3581.251 3585.224
3500.0 3500.0 3500.0 3500.0 3500.0 3500.0 3500.0 3500.0 3500.0 3500.0 3500.0 3500.0 3500.0 3500.0 3500.0 3500.0 3500.0 3500.0 3500.0 3500.0 3500.0 3500.0 3500.0 3500.0 3500.0 3500.0 3500.0 3500.0 3500.0 3500.0 3500.0 3500.0 3500.0 3500.0 3500.0 3500.0 3500.0 3500.0 3500.0 3500.006 3500.155 3500.302 3500.451 3500.599 3501.699 3503.779 3505.86 3507.94 3510.021 3514.01 3518.118 3522.225 3526.332 3530.629 3535.22 3539.812 3544.403 3548.994 3553.855 3558.768 3563.68 3568.593 3573.139 3576.79 3580.441 3584.091
3500.0 3500.0 3500.0 3500.0 3500.0 3500.0 3500.0 3500.0 3500.0 3500.0 3500.0 3500.0 3500.0 3500.0 3500.0 3500.0 3500.0 3500.0 3500.0 3500.0 3500.0 3500.0 3500.0 3500.0 3500.0 3500.0 3500.0 3500.0 3500.0 3500.0 3500.0 3500.0 3500.0 3500.0 3500.0 3500.0 3500.0 3500.0 3500.0 3500.008 3500.199 3500.39 3500.581 3500.772 3502.045 3504.431 3506.817 3509.204 3511.59 3515.739 3519.997 3524.254 3528.511 3532.847 3537.304 3541.761 3546.219 3550.676 3555.196 3559.727 3564.259 3568.79 3572.973 3576.302 3579.63 3582.959
3500.0 3500.0 3500.0 3500.0 3500.0 3500.0 3500.0 3500.0 3500.0 3500.0 3500.0 3500.0 3499.995 3499.98 3499.966 3499.952 3499.937 3499.911 3499.882 3499.853 3499.824 3499.802 3499.802 3499.802 3499.802 3499.802 3499.816 3499.835 3499.854 3499.874 3499.894 3499.918 3499.942 3499.966 3499.99 3500.0 3500.0 3500.0 3500.0 3500.01 3500.254 3500.498 3500.741 3500.985 3502.359 3504.897 3507.435 3509.972 3512.51 3516.605 3520.796 3524.987 3529.177 3533.337 3537.448 3541.559 3545.67 3549.781 3553.966 3558.164 3562.363 3566.562 3570.433 3573.502 3576.572 3579.642
3500.0 3500.0 3500.0 3500.0 3500.0 3500.0 3500.0 3500.0 3500.0 3500.0 3500.0 3500.0 3499.989 3499.959 3499.928 3499.898 3499.867 3499.812 3499.751 3499.69 3499.629 3499.583 3499.583 3499.583 3499.583 3499.583 3499.611 3499.652 3499.693 3499.733 3499.776 3499.826 3499.877 3499.928 3499.979 3500.0 3500.0 3500.0 3500.0 3500.013 3500.31 3500.607 3500.905 3501.202 3502.669 3505.341 3508.013 3510.685 3513.357 3517.374 3521.473 3525.573 3529.672 3533.632 3537.372 3541.113 3544.854 3548.594 3552.445 3556.317 3560.188 3564.059 3567.625 3570.443 3573.26 3576.077
3500.0 3500.0 3500.0 3500.0 3500.0 3500.0 3500.0 3500.0 3500.0 3500.0 3500.0 3500.0 3499.984 3499.937 3499.89 3499.844 3499.797 3499.713 3499.62 3499.527 3499.433 3499.363 3499.363 3499.363 3499.363 3499.363 3499.406 3499.469 3499.531 3499.593 3499.657 3499.735 3499.813 3499.891 3499.969 3500.0 3500.0 3500.0 3500.0 3500.015 3500.366 3500.717 3501.068 3501.419 3502.979 3505.785 3508.592 3511.398 3514.204 3518.142 3522.151 3526.159 3530.167 3533.926 3537.297 3540.667 3544.038 3547.408 3550.925 3554.469 3558.013 3561.557 3564.818 3567.383 3569.948 3572.513
3500.0 3500.0 3500.0 3500.0 3500.0 3500.0 3500.0 3500.0 3500.0 3500.0 3500.0 3500.0 3499.978 3499.916 3499.853 3499.79 3499.727 3499.615 3499.489 3499.364 3499.238 3499.143 3499.143 3499.143 3499.143 3499.143 3499.201 3499.285 3499.369 3499.452 3499.539 3499.644 3499.748 3499.853 3499.958 3500.0 3500.0 3500.0 3500.0 3500.018 3500.422 3500.827 3501.231 3501.635 3503.29 3506.23 3509.17 3512.11 3515.051 3518.911 3522.828 3526.745 3530.662 3534.221 3537.221 3540.221 3543.222 3546.222 3549.405 3552.621 3555.838 3559.055 3562.01 3564.323 3566.636 3568.949
3500.0 3500.0 3500.0 3500.0 3500.0 3500.0 3500.0 3500.0 3500.0 3500.0 3500.0 3500.0 3499.971 3499.886 3499.802 3499.717 3499.633 3499.508 3499.373 3499.237 3499.102 3499.0 3499.0 3499.0 3499.0 3499.0 3499.063 3499.153 3499.243 3499.333 3499.429 3499.559 3499.688 3499.818 3499.948 3500.0 3500.0 3500.0 3500.0 3500.019 3500.458 3500.898 3501.338 3501.777 3503.466 3506.442 3509.417 3512.393 3515.368 3519.092 3522.862 3526.632 3530.402 3533.748 3536.436 3539.124 3541.813 3544.5 3547.383 3550.302 3553.222 3556.141 3558.828 3560.947 3563.065 3565.184
3500.0 3500.0 3500.0 3500.0 3500.0 3500.0 3500.0 3500.0 3500.0 3500.0 3500.0 3500.0 3499.959 3499.843 3499.726 3499.61 3499.493 3499.387 3499.284 3499.181 3499.078 3499.0 3499.0 3499.0 3499.0 3499.0 3499.048 3499.116 3499.185 3499.254 3499.335 3499.486 3499.637 3499.788 3499.939 3500.0 3500.0 3500.0 3500.0 3500.019 3500.458 3500.898 3501.338 3501.777 3503.392 3506.217 3509.042 3511.868 3514.693 3518.171 3521.688 3525.206 3528.724 3531.837 3534.321 3536.805 3539.29 3541.774 3544.421 3547.099 3549.777 3552.455 3554.946 3556.978 3559.011 3561.044
3500.0 3500.0 3500.0 3500.0 3500.0 3500.0 3500.0 3500.0 3500.0 3500.0 3500.0 3500.0 3499.948 3499.799 3499.651 3499.502 3499.353 3499.266 3499.195 3499.124 3499.053 3499.0 3499.0 3499.0 3499.0 3499.0 3499.033 3499.08 3499.127 3499.175 3499.24 3499.413 3499.585 3499.758 3499.93 3500.0 3500.0 3500.0 3500.0 3500.019 3500.458 3500.898 3501.338 3501.777 3503.318 3505.993 3508.668 3511.343 3514.018 3517.25 3520.515 3523.781 3527.046 3529.926 3532.207 3534.487 3536.767 3539.047 3541.459 3543.896 3546.332 3548.768 3551.063 3553.01 3554.957 3556.904
3500.0 3500.0 3500.0 3500.0 3500.0 3500.0 3500.0 3500.0 3500.0 3500.0 3500.0 3500.0 3499.937 3499.756 3499.575 3499.394 3499.213 3499.145 3499.107 3499.068 3499.029 3499.0 3499.0 3499.0 3499.0 3499.0 3499.018 3499.044 3499.07 3499.095 3499.146 3499.34 3499.533 3499.727 3499.921 3500.0 3500.0 3500.0 3500.0 3500.019 3500.458 3500.898 3501.338 3501.777 3503.244 3505.769 3508.293 3510.818 3513.343 3516.328 3519.342 3522.355 3525.368 3528.015 3530.092 3532.168 3534.244 3536.321 3538.497 3540.692 3542.887 3545.082 3547.18 3549.041 3550.902 3552.764
3500.0 3500.0 3500.0 3500.0 3500.0 3500.0 3500.0 3500.0 3500.0 3500.0 3500.0 3500.0 3499.926 3499.713 3499.5 3499.286 3499.073 3499.024 3499.018 3499.011 3499.005 3499.0 3499.0 3499.0 3499.0 3499.0 3499.003 3499.007 3499.012 3499.016 3499.051 3499.266 3499.482 3499.697 3499.913 3500.0 3500.0 3500.0 3500.0 3500.019 3500.458 3500.898 3501.338 3501.777 3503.17 3505.544 3507.919 3510.293 3512.668 3515.407 3518.168 3520.929 3523.691 3526.104 3527.977 3529.849 3531.722 3533.594 3535.535 3537.489 3539.442 3541.396 3543.298 3545.073 3546.848 3548.624
3500.0 3500.0 3500.0 3499.996 3499.988 3499.979 3499.97 3499.962 3499.934 3499.904 3499.874 3499.844 3499.762 3499.581 3499.399 3499.218 3499.037 3499.0 3499.0 3499.0 3499.0 3499.0 3499.0 3499.0 3499.0 3499.0 3499.0 3499.0 3499.0 3499.0 3499.029 3499.232 3499.435 3499.637 3499.84 3499.932 3499.949 3499.967 3499.984 3500.02 3500.468 3500.916 3501.364 3501.812 3503.099 3505.251 3507.402 3509.554 3511.705 3514.133 3516.578 3519.023 3521.468 3523.584 3525.189 3526.793 3528.398 3530.002 3531.737 3533.496 3535.255 3537.014 3538.77 3540.514 3542.26 3544.005
3500.0 3500.0 3500.0 3499.991 3499.972 3499.953 3499.934 3499.914 3499.852 3499.784 3499.717 3499.649 3499.559 3499.426 3499.293 3499.16 3499.027 3499.0 3499.0 3499.0 3499.0 3499.0 3499.0 3499.0 3499.0 3499.0 3499.0 3499.0 3499.0 3499.0 3499.026 3499.208 3499.389 3499.57 3499.751 3499.847 3499.886 3499.925 3499.963 3500.02 3500.479 3500.938 3501.396 3501.855 3503.029 3504.939 3506.849 3508.759 3510.669 3512.77 3514.882 3516.995 3519.107 3520.909 3522.229 3523.55 3524.87 3526.19 3527.726 3529.302 3530.879 3532.456 3534.077 3535.806 3537.535 3539.264
3500.0 3500.0 3500.0 3499.987 3499.957 3499.927 3499.896 3499.866 3499.769 3499.664 3499.559 3499.454 3499.356 3499.271 3499.187 3499.102 3499.017 3499.0 3499.0 3499.0 3499.0 3499.0 3499.0 3499.0 3499.0 3499.0 3499.0 3499.0 3499.0 3499.0 3499.023 3499.183 3499.343 3499.502 3499.662 3499.762 3499.823 3499.883 3499.943 3500.021 3500.49 3500.959 3501.429 3501.898 3502.959 3504.627 3506.296 3507.965 3509.634 3511.407 3513.187 3514.966 3516.746 3518.234 3519.27 3520.306 3521.342 3522.378 3523.715 3525.109 3526.503 3527.898 3529.384 3531.097 3532.81 3534.523
3500.0 3500.0 3500.0 3499.982 3499.941 3499.9 3499.859 3499.819 3499.687 3499.544 3499.401 3499.259 3499.153 3499.116 3499.08 3499.044 3499.007 3499.0 3499.0 3499.0 3499.0 3499.0 3499.0 3499.0 3499.0 3499.0 3499.0 3499.0 3499.0 3499.0 3499.02 3499.158 3499.297 3499.435 3499.573 3499.678 3499.759 3499.841 3499.922 3500.021 3500.501 3500.981 3501.462 3501.942 3502.889 3504.316 3505.743 3507.17 3508.598 3510.043 3511.49 3512.938 3514.385 3515.559 3516.311 3517.062 3517.814 3518.565 3519.704 3520.916 3522.127 3523.339 3524.692 3526.388 3528.085 3529.782
3500.0 3500.0 3500.0 3499.974 3499.916 3499.858 3499.8 3499.742 3499.59 3499.429 3499.267 3499.105 3499.0 3499.0 3499.0 3499.0 3499.0 3499.0 3499.0 3499.0 3499.0 3499.0 3499.0 3499.0 3499.0 3499.0 3499.0 3499.0 3499.0 3499.0 3499.017 3499.135 3499.253 3499.372 3499.49 3499.598 3499.7 3499.801 3499.903 3500.021 3500.496 3500.971 3501.446 3501.921 3502.758 3503.968 3505.177 3506.387 3507.596 3508.731 3509.862 3510.992 3512.122 3513.001 3513.489 3513.978 3514.466 3514.954 3515.895 3516.922 3517.948 3518.975 3520.188 3521.859 3523.529 3525.199
3500.0 3500.0 3500.0 3499.957 3499.861 3499.766 3499.67 3499.574 3499.453 3499.329 3499.205 3499.081 3499.0 3499.0 3499.0 3499.0 3499.0 3499.0 3499.0 3499.0 3499.0 3499.0 3499.0 3499.0 3499.0 3499.0 3499.0 3499.0 3499.0 3499.0 3499.015 3499.117 3499.219 3499.321 3499.423 3499.534 3499.652 3499.77 3499.887 3500.018 3500.44 3500.861 3501.283 3501.704 3502.443 3503.507 3504.572 3505.637 3506.701 3507.575 3508.437 3509.299 3510.161 3510.799 3511.089 3511.379 3511.668 3511.958 3512.705 3513.539 3514.372 3515.206 3516.265 3517.876 3519.487 3521.098
3500.0 3500.0 3500.0 3499.94 3499.807 3499.674 3499.541 3499.407 3499.316 3499.229 3499.143 3499.056 3499.0 3499.0 3499.0 3499.0 3499.0 3499.0 3499.0 3499.0 3499.0 3499.0 3499.0 3499.0 3499.0 3499.0 3499.0 3499.0 3499.0 3499.0 3499.012 3499.098 3499.184 3499.27 3499.356 3499.47 3499.604 3499.738 3499.872 3500.016 3500.384 3500.751 3501.119 3501.487 3502.127 3503.047 3503.967 3504.886 3505.806 3506.419 3507.013 3507.606 3508.2 3508.597 3508.688 3508.78 3508.871 3508.962 3509.515 3510.156 3510.796 3511.436 3512.341 3513.893 3515.445 3516.997
3500.0 3500.0 3500.0 3499.923 3499.752 3499.582 3499.411 3499.24 3499.179 3499.13 3499.081 3499.032 3499.0 3499.0 3499.0 3499.0 3499.0 3499.0 3499.0 3499.0 3499.0 3499.0 3499.0 3499.0 3499.0 3499.0 3499.0 3499.0 3499.0 3499.0 3499.01 3499.08 3499.15 3499.219 3499.289 3499.407 3499.557 3499.707 3499.857 3500.014 3500.328 3500.642 3500.956 3501.27 3501.812 3502.586 3503.361 3504.136 3504.911 3505.263 3505.588 3505.914 3506.239 3506.396 3506.288 3506.181 3506.073 3505.966 3506.325 3506.772 3507.22 3507.667 3508.417 3509.91 3511.404 3512.896
3500.0 3500.0 3500.0 3499.906 3499.698 3499.49 3499.281 3499.073 3499.042 3499.03 3499.019 3499.008 3499.0 3499.0 3499.0 3499.0 3499.0 3499.0 3499.0 3499.0 3499.0 3499.0 3499.0 3499.0 3499.0 3499.0 3499.0 3499.0 3499.0 3499.0 3499.008 3499.062 3499.115 3499.169 3499.223 3499.343 3499.509 3499.675 3499.841 3500.011 3500.272 3500.532 3500.793 3501.053 3501.496 3502.126 3502.756 3503.386 3504.016 3504.107 3504.164 3504.221 3504.278 3504.194 3503.888 3503.582 3503.276 3502.97 3503.135 3503.389 3503.643 3503.897 3504.494 3505.928 3507.362 3508.796
3500.0 3500.0 3500.0 3499.901 3499.682 3499.462 3499.242 3499.022 3499.0 3499.0 3499.0 3499.0 3499.0 3499.0 3499.0 3499.0 3499.0 3499.0 3499.0 3499.0 3499.0 3499.0 3499.0 3499.0 3499.0 3499.0 3499.0 3499.0 3499.0 3499.0 3499.006 3499.047 3499.089 3499.13 3499.171 3499.294 3499.473 3499.651 3499.829 3500.01 3500.239 3500.469 3500.698 3500.927 3501.293 3501.801 3502.309 3502.816 3503.324 3503.302 3503.248 3503.194 3503.139 3502.985 3502.675 3502.364 3502.054 3501.744 3501.833 3501.999 3502.164 3502.33 3502.795 3503.995 3505.194 3506.394
3500.0 3500.0 3500.0 3499.901 3499.682 3499.462 3499.242 3499.022 3499.0 3499.0 3499.0 3499.0 3499.0 3499.0 3499.0 3499.0 3499.0 3499.0 3499.0 3499.0 3499.0 3499.0 3499.0 3499.0 3499.0 3499.0 3499.0 3499.0 3499.0 3499.0 3499.004 3499.035 3499.066 3499.096 3499.127 3499.252 3499.441 3499.63 3499.819 3500.009 3500.217 3500.425 3500.632 3500.84 3501.14 3501.535 3501.93 3502.325 3502.72 3502.651 3502.554 3502.457 3502.36 3502.21 3501.981 3501.751 3501.521 3501.292 3501.358 3501.48 3501.603 3501.725 3502.07 3502.958 3503.847 3504.735
3500.0 3500.0 3500.0 3499.901 3499.682 3499.462 3499.242 3499.022 3499.0 3499.0 3499.0 3499.0 3499.0 3499.0 3499.0 3499.0 3499.0 3499.0 3499.0 3499.0 3499.0 3499.0 3499.0 3499.0 3499.0 3499.0 3499.0 3499.0 3499.0 3499.0 3499.003 3499.023 3499.043 3499.063 3499.083 3499.209 3499.409 3499.609 3499.809 3500.008 3500.194 3500.381 3500.567 3500.753 3500.987 3501.269 3501.552 3501.834 3502.116 3502.0 3501.86 3501.72 3501.58 3501.436 3501.287 3501.138 3500.988 3500.839 3500.882 3500.962 3501.042 3501.121 3501.345 3501.922 3502.5 3503.077
