data/zism_data/00385_02_D.txt
ncols         224
nrows         224
[rows 64 to 95 of 224, columns 71 to 141 of 224]
199.0501 199.0793 199.1085 199.1978 199.3262 199.4546 199.583 199.6987 199.4798 199.261 199.0421 198.8233 198.7126 198.7252 198.7379 198.7505 198.7632 199.6517 200.64 201.6282 202.6164 203.8226 205.4742 207.1258 208.7774 210.429 209.9024 208.6846 207.4668 206.249 205.1074 204.2914 203.4753 202.6592 201.8432 201.2124 200.6949 200.1775 199.66 199.1494 198.7652 198.381 197.9967 197.6125 196.719 195.2776 193.8361 192.3947 190.9533 189.6352 188.3289 187.0227 185.7165 182.8805 177.1153 171.3502 165.585 159.8198 152.1674 143.9632 135.7589 127.5544 120.1576 115.9041 111.6507 107.3972 103.1437 101.3702 101.0219 100.6737 100.3254
198.9339 198.9339 198.9339 199.0091 199.1333 199.2575 199.3817 199.4926 199.252 199.0115 198.7709 198.5303 198.402 198.4016 198.4012 198.4008 198.4004 198.6757 198.9824 199.289 199.5957 200.104 201.0247 201.9453 202.8659 203.7865 203.5765 203.0077 202.439 201.8702 201.3555 201.0711 200.7867 200.5023 200.2179 199.6898 199.0125 198.3353 197.658 196.9878 196.4489 195.9101 195.3713 194.8324 193.6336 191.7249 189.8161 187.9073 185.9986 184.4481 182.932 181.416 179.8999 176.9091 171.0942 165.2793 159.4645 153.6496 146.4889 138.9345 131.3802 123.8256 117.0766 113.4625 109.8485 106.2344 102.6204 101.1205 100.8357 100.5509 100.2661
198.7878 198.7878 198.7878 198.8339 198.9101 198.9864 199.0626 199.1255 198.837 198.5484 198.2599 197.9714 197.8672 197.9734 198.0797 198.1859 198.2921 198.5113 198.7433 198.9754 199.2074 199.5396 200.0764 200.6132 201.1501 201.6869 201.3278 200.6844 200.0411 199.3977 198.8154 198.4937 198.172 197.8503 197.5286 196.7912 195.7995 194.8077 193.8159 192.8332 192.0172 191.2011 190.3851 189.569 187.903 185.3227 182.7423 180.1619 177.5816 175.661 173.8038 171.9467 170.0895 166.9276 161.2673 155.607 149.9467 144.2864 138.0473 131.639 125.2306 118.822 113.1536 110.3658 107.5779 104.79 102.0022 100.8478 100.6323 100.4168 100.2013
198.6416 198.6416 198.6416 198.6587 198.687 198.7152 198.7435 198.7584 198.4219 198.0854 197.7489 197.4124 197.3325 197.5453 197.7581 197.9709 198.1838 198.3468 198.5043 198.6617 198.8191 198.9751 199.1282 199.2812 199.4343 199.5873 199.0791 198.3611 197.6431 196.9251 196.2753 195.9163 195.5573 195.1983 194.8393 193.8926 192.5864 191.2802 189.9739 188.6786 187.5854 186.4921 185.3989 184.3057 182.1725 178.9205 175.6685 172.4166 169.1646 166.8739 164.6756 162.4773 160.279 156.946 151.4403 145.9346 140.4289 134.9232 129.6058 124.3434 119.081 113.8185 109.2307 107.269 105.3073 103.3456 101.384 100.5752 100.429 100.2828 100.1366
198.4955 198.4955 198.4955 198.4836 198.4638 198.4441 198.4243 198.3913 198.0068 197.6224 197.2379 196.8534 196.7978 197.1172 197.4366 197.756 198.0755 198.1824 198.2652 198.348 198.4308 198.4106 198.1799 197.9492 197.7185 197.4877 196.8305 196.0378 195.2452 194.4526 193.7352 193.3389 192.9426 192.5462 192.1499 190.994 189.3733 187.7526 186.1319 184.524 183.1536 181.7832 180.4127 179.0423 176.4419 172.5183 168.5948 164.6712 160.7476 158.0869 155.5474 153.008 150.4686 146.9645 141.6134 136.2623 130.9111 125.56 121.1642 117.0478 112.9314 108.8149 105.3078 104.1723 103.0368 101.9013 100.7658 100.3025 100.2256 100.1487 100.0718
198.3494 198.3494 198.3494 198.3083 198.2406 198.1729 198.1052 198.0242 197.5918 197.1593 196.7269 196.2944 196.263 196.689 197.1151 197.5411 197.9671 198.018 198.0262 198.0343 198.0425 197.8462 197.2317 196.6172 196.0027 195.3882 194.5818 193.7145 192.8473 191.98 191.1951 190.7615 190.3278 189.8942 189.4606 188.0954 186.1602 184.2251 182.2899 180.3694 178.7218 177.0742 175.4266 173.7789 170.7113 166.1162 161.521 156.9258 152.3307 149.2998 146.4192 143.5387 140.6581 136.983 131.7864 126.5899 121.3934 116.1968 112.7227 109.7523 106.7819 103.8113 101.3848 101.0755 100.7662 100.4569 100.1476 100.0299 100.0223 100.0147 100.0071
197.1322 197.1085 197.0848 197.0082 196.8973 196.7863 196.6754 196.5527 196.1198 195.6868 195.2538 194.8209 194.9499 195.7198 196.4898 197.2598 198.0298 198.1511 198.1985 198.246 198.2935 198.0801 197.3334 196.5867 195.84 195.0933 194.1803 193.2147 192.2491 191.2835 190.4037 189.89 189.3764 188.8628 188.3491 186.6141 184.1319 181.6497 179.1674 176.6819 174.1353 171.5887 169.042 166.4954 162.8236 157.9413 153.059 148.1767 143.2944 140.4901 137.8855 135.2808 132.6762 129.4959 125.2134 120.931 116.6485 112.366 109.6034 107.2853 104.9672 102.6491 100.7688 100.5927 100.4165 100.2404 100.0643 100.0 100.0 100.0 100.0
195.7834 195.733 195.6826 195.5697 195.4162 195.2626 195.109 194.9454 194.5178 194.0901 193.6625 193.2348 193.541 194.6841 195.8272 196.9703 198.1134 198.3207 198.4215 198.5222 198.623 198.4121 197.5642 196.7162 195.8682 195.0202 194.0061 192.9392 191.8723 190.8054 189.8273 189.2284 188.6295 188.0305 187.4316 185.3071 182.2493 179.1914 176.1335 173.0519 169.5298 166.0077 162.4856 158.9635 154.6705 149.5484 144.4263 139.3041 134.182 131.6777 129.4248 127.172 124.9191 122.3156 119.0405 115.7655 112.4905 109.2155 107.1386 105.4121 103.6857 101.9592 100.5594 100.4313 100.3031 100.1749 100.0468 100.0 100.0 100.0 100.0
194.4346 194.3576 194.2805 194.1313 193.935 193.7388 193.5426 193.3381 192.9158 192.4935 192.0711 191.6488 192.1321 193.6483 195.1646 196.6809 198.1971 198.4904 198.6444 198.7985 198.9525 198.7442 197.795 196.8457 195.8965 194.9472 193.8318 192.6636 191.4954 190.3272 189.2509 188.5667 187.8825 187.1983 186.5142 184.0001 180.3667 176.7332 173.0995 169.4219 164.9243 160.4267 155.9291 151.4315 146.5175 141.1555 135.7936 130.4316 125.0696 122.8653 120.9642 119.0631 117.162 115.1352 112.8676 110.6001 108.3325 106.0649 104.6738 103.5389 102.4041 101.2693 100.35 100.2698 100.1896 100.1095 100.0293 100.0 100.0 100.0 100.0
193.0858 192.9821 192.8784 192.6928 192.4539 192.215 191.9762 191.7308 191.3138 190.8968 190.4798 190.0628 190.7232 192.6126 194.502 196.3914 198.2808 198.66 198.8674 199.0747 199.2821 199.0763 198.0258 196.9753 195.9247 194.8742 193.6575 192.388 191.1186 189.8491 188.6745 187.9051 187.1356 186.3661 185.5967 182.6931 178.484 174.2749 170.0656 165.7919 160.3188 154.8457 149.3727 143.8996 138.3645 132.7627 127.1608 121.559 115.9572 114.0528 112.5035 110.9542 109.4049 107.9548 106.6947 105.4346 104.1745 102.9144 102.2089 101.6658 101.1226 100.5794 100.1406 100.1084 100.0762 100.044 100.0118 100.0 100.0 100.0 100.0
191.3798 191.0779 190.7759 190.3591 189.8675 189.3759 188.8843 188.3977 188.0438 187.6899 187.336 186.9821 187.8929 190.2465 192.6001 194.9537 197.3072 197.8792 198.2484 198.6176 198.9868 198.8834 197.8139 196.7444 195.6749 194.6054 193.4135 192.1828 190.9522 189.7215 188.5908 187.8866 187.1824 186.4782 185.774 182.7238 178.2384 173.753 169.2675 164.6928 158.4614 152.2299 145.9985 139.7671 133.7124 127.848 121.9836 116.1192 110.2548 108.4695 107.0759 105.6823 104.2887 103.1676 102.5682 101.9689 101.3696 100.7702 100.5271 100.3883 100.2494 100.1105 100.0 100.0 100.0 100.0 100.0 100.0 100.0 100.0 100.0
188.9435 188.0925 187.2415 186.1949 185.0211 183.8473 182.6735 181.5362 181.3635 181.1908 181.0181 180.8454 182.1566 185.1605 188.1644 191.1683 194.1721 195.155 195.908 196.661 197.4139 197.6173 196.697 195.7767 194.8565 193.9362 193.0271 192.1216 191.2161 190.3105 189.514 189.183 188.8519 188.5208 188.1897 185.4895 181.3399 177.1902 173.0405 168.7684 162.2225 155.6766 149.1307 142.5847 136.2182 130.0446 123.8711 117.6975 111.524 109.4879 107.8491 106.2103 104.5716 103.2729 102.6256 101.9783 101.331 100.6837 100.4462 100.3287 100.2111 100.0935 100.0 100.0 100.0 100.0 100.0 100.0 100.0 100.0 100.0
186.5071 185.1071 183.7072 182.0308 180.1748 178.3187 176.4627 174.6747 174.6832 174.6917 174.7002 174.7087 176.4203 180.0744 183.7287 187.3828 191.037 192.4309 193.5676 194.7043 195.841 196.3511 195.5801 194.8091 194.038 193.267 192.6407 192.0603 191.4799 190.8996 190.4373 190.4793 190.5213 190.5634 190.6054 188.2551 184.4413 180.6275 176.8135 172.844 165.9836 159.1232 152.2628 145.4024 138.724 132.2413 125.7586 119.2759 112.7932 110.5063 108.6224 106.7384 104.8544 103.3783 102.683 101.9877 101.2924 100.5971 100.3653 100.2691 100.1728 100.0766 100.0 100.0 100.0 100.0 100.0 100.0 100.0 100.0 100.0
184.0708 182.1218 180.1728 177.8667 175.3284 172.7901 170.2519 167.8132 168.0029 168.1926 168.3823 168.5721 170.684 174.9884 179.293 183.5974 187.9019 189.7068 191.2273 192.7477 194.2682 195.085 194.4632 193.8414 193.2196 192.5978 192.2543 191.9991 191.7438 191.4886 191.3606 191.7757 192.1908 192.6059 193.0211 191.0208 187.5427 184.0647 180.5865 176.9196 169.7447 162.5698 155.3949 148.2201 141.2297 134.4379 127.6461 120.8542 114.0624 111.5247 109.3956 107.2665 105.1373 103.4836 102.7404 101.9971 101.2538 100.5106 100.2844 100.2095 100.1345 100.0596 100.0 100.0 100.0 100.0 100.0 100.0 100.0 100.0 100.0
181.6345 179.1364 176.6384 173.7026 170.4821 167.2616 164.0411 160.9517 161.3226 161.6935 162.0645 162.4354 164.9476 169.9024 174.8573 179.812 184.7668 186.9827 188.8869 190.7911 192.6953 193.8188 193.3463 192.8737 192.4012 191.9286 191.8679 191.9378 192.0077 192.0777 192.2839 193.0721 193.8603 194.6485 195.4367 193.7864 190.6441 187.5019 184.3596 180.9952 173.5058 166.0164 158.5271 151.0377 143.7355 136.6345 129.5336 122.4326 115.3316 112.5432 110.1688 107.7945 105.4202 103.589 102.7977 102.0065 101.2152 100.424 100.2035 100.1499 100.0963 100.0426 100.0 100.0 100.0 100.0 100.0 100.0 100.0 100.0 100.0
181.7109 178.6434 175.5759 171.4973 166.7612 162.0251 157.289 152.7401 153.133 153.5258 153.9187 154.3115 156.998 162.3007 167.6036 172.9064 178.2091 180.9665 183.4342 185.902 188.3697 190.0038 189.9338 189.8638 189.7937 189.7237 190.0595 190.524 190.9886 191.4531 192.0351 193.1188 194.2025 195.2862 196.3699 195.0325 192.2138 189.3951 186.5763 183.5306 176.2701 169.0096 161.7491 154.4886 147.3135 140.2302 133.1469 126.0636 118.9803 115.8093 113.0142 110.219 107.4239 105.1988 104.0654 102.9321 101.7987 100.6653 100.3396 100.2501 100.1607 100.0712 100.0 100.0 100.0 100.0 100.0 100.0 100.0 100.0 100.0
182.5532 178.91 175.2668 169.8892 163.3835 156.8778 150.3721 144.1172 144.4834 144.8495 145.2157 145.5819 148.3737 153.9323 159.4911 165.0497 170.6084 173.947 177.0331 180.1191 183.2051 185.412 185.8217 186.2314 186.6411 187.0507 187.8177 188.698 189.5783 190.4586 191.4292 192.7847 194.1402 195.4958 196.8513 195.8154 193.3166 190.8177 188.3187 185.5966 178.7306 171.8645 164.9985 158.1325 151.2183 144.2522 137.2862 130.3201 123.3541 119.7606 116.491 113.2215 109.952 107.2671 105.702 104.1369 102.5717 101.0066 100.5419 100.3992 100.2564 100.1136 100.0 100.0 100.0 100.0 100.0 100.0 100.0 100.0 100.0
183.3955 179.1765 174.9576 168.281 160.0057 151.7304 143.4551 135.4942 135.8338 136.1733 136.5128 136.8523 139.7495 145.5639 151.3786 157.1931 163.0076 166.9276 170.6319 174.3362 178.0405 180.8202 181.7096 182.599 183.4884 184.3778 185.5759 186.872 188.1681 189.4642 190.8232 192.4506 194.0779 195.7053 197.3327 196.5984 194.4193 192.2402 190.0611 187.6626 181.1911 174.7195 168.2479 161.7763 155.123 148.2742 141.4255 134.5767 127.7279 123.7118 119.9679 116.224 112.48 109.3355 107.3386 105.3416 103.3447 101.3478 100.7442 100.5482 100.3521 100.156 100.0 100.0 100.0 100.0 100.0 100.0 100.0 100.0 100.0
184.2377 179.4431 174.6485 166.6728 156.6279 146.583 136.5381 126.8713 127.1841 127.497 127.8099 128.1228 131.1252 137.1956 143.2661 149.3365 155.4069 159.9081 164.2307 168.5533 172.8759 176.2284 177.5975 178.9666 180.3357 181.7048 183.3342 185.046 186.7579 188.4698 190.2172 192.1164 194.0156 195.9148 197.814 197.3814 195.5221 193.6628 191.8035 189.7287 183.6516 177.5744 171.4973 165.4202 159.0278 152.2963 145.5647 138.8332 132.1017 127.663 123.4447 119.2264 115.0081 111.4038 108.9751 106.5464 104.1178 101.6891 100.9465 100.6972 100.4478 100.1984 100.0 100.0 100.0 100.0 100.0 100.0 100.0 100.0 100.0
185.0359 179.7734 174.5109 165.4364 153.8823 142.3281 130.774 119.6491 119.8547 120.0603 120.266 120.4716 123.4891 129.714 135.9391 142.164 148.3889 153.3691 158.2076 163.0461 167.8846 171.7197 173.5031 175.2866 177.07 178.8535 180.8255 182.8573 184.8891 186.9209 188.9743 191.1203 193.2663 195.4123 197.5582 197.3724 195.7599 194.1475 192.535 190.7142 185.0261 179.338 173.6499 167.9618 161.8464 155.2713 148.6963 142.1212 135.5461 130.761 126.1478 121.5346 116.9215 112.9451 110.1882 107.4312 104.6743 101.9173 101.0744 100.7914 100.5083 100.2252 100.0 100.0 100.0 100.0 100.0 100.0 100.0 100.0 100.0
185.6622 180.3517 175.0412 165.6475 153.5977 141.5479 129.498 117.8801 117.6647 117.4492 117.2338 117.0183 119.6994 125.6844 131.6696 137.6547 143.6397 148.7007 153.6564 158.6122 163.568 167.5343 169.4776 171.421 173.3643 175.3077 177.2778 179.2563 181.2348 183.2133 185.2518 187.5471 189.8423 192.1375 194.4327 194.2804 192.6306 190.9809 189.331 187.4937 182.1734 176.8531 171.5328 166.2124 160.4366 154.1707 147.9048 141.6388 135.3729 130.537 125.8386 121.1401 116.4417 112.4349 109.7526 107.0702 104.3879 101.7056 100.9126 100.6721 100.4317 100.1913 100.0 100.0 100.0 100.0 100.0 100.0 100.0 100.0 100.0
186.2885 180.93 175.5716 165.8586 153.3131 140.7675 128.222 116.1112 115.4746 114.8381 114.2016 113.565 115.9097 121.6548 127.4002 133.1453 138.8905 144.0322 149.1052 154.1783 159.2513 163.3489 165.4521 167.5554 169.6586 171.7619 173.7301 175.6553 177.5804 179.5056 181.5294 183.9738 186.4183 188.8628 191.3072 191.1884 189.5013 187.8142 186.1271 184.2731 179.3206 174.3681 169.4156 164.4631 159.0268 153.07 147.1132 141.1565 135.1997 130.313 125.5293 120.7456 115.9619 111.9247 109.317 106.7093 104.1015 101.4938 100.7507 100.5529 100.3552 100.1574 100.0 100.0 100.0 100.0 100.0 100.0 100.0 100.0 100.0
186.9147 181.5083 176.1019 166.0697 153.0285 139.9872 126.946 114.3422 113.2846 112.227 111.1694 110.1118 112.12 117.6253 123.1307 128.636 134.1413 139.3638 144.5541 149.7444 154.9346 159.1635 161.4266 163.6898 165.953 168.2161 170.1823 172.0542 173.9261 175.798 177.8069 180.4006 182.9943 185.588 188.1817 188.0964 186.372 184.6476 182.9231 181.0526 176.4678 171.8831 167.2984 162.7137 157.617 151.9693 146.3217 140.6741 135.0264 130.0891 125.2201 120.3511 115.482 111.4144 108.8814 106.3483 103.8152 101.2821 100.5889 100.4337 100.2786 100.1234 100.0 100.0 100.0 100.0 100.0 100.0 100.0 100.0 100.0
187.541 182.0866 176.6322 166.2808 152.7439 139.207 125.67 112.5732 111.0945 109.6159 108.1372 106.6585 108.3303 113.5957 118.8613 124.1267 129.3921 134.6953 140.0029 145.3104 150.618 154.9781 157.4012 159.8242 162.2473 164.6703 166.6346 168.4532 170.2718 172.0904 174.0845 176.8274 179.5703 182.3133 185.0562 185.0044 183.2427 181.4809 179.7192 177.832 173.6151 169.3982 165.1813 160.9644 156.2072 150.8687 145.5302 140.1917 134.8532 129.8651 124.9108 119.9565 115.0022 110.9042 108.4457 105.9873 103.5288 101.0704 100.427 100.3145 100.202 100.0895 100.0 100.0 100.0 100.0 100.0 100.0 100.0 100.0 100.0
187.0112 181.567 176.1228 165.8962 152.5585 139.2209 125.8833 112.9665 111.1592 109.3519 107.5446 105.7373 107.002 111.7707 116.5396 121.3084 126.0771 131.1583 136.275 141.3916 146.5083 150.7568 153.2302 155.7036 158.177 160.6504 162.5682 164.3095 166.0509 167.7922 169.7013 172.3264 174.9515 177.5767 180.2018 180.0077 178.0889 176.17 174.2511 172.235 168.4133 164.5916 160.7699 156.9481 152.5298 147.4696 142.4095 137.3493 132.2891 127.535 122.8104 118.0858 113.3612 109.516 107.3547 105.1934 103.0322 100.8709 100.3172 100.2336 100.15 100.0665 100.0 100.0 100.0 100.0 100.0 100.0 100.0 100.0 100.0
185.8375 180.436 175.0345 165.1798 152.4285 139.6772 126.9258 114.5639 112.4794 110.3949 108.3105 106.226 107.0442 111.1733 115.3026 119.4317 123.5608 128.2512 133.0054 137.7597 142.5139 146.5155 148.9783 151.441 153.9038 156.3665 158.2129 159.8636 161.5144 163.1651 164.9502 167.3088 169.6674 172.0261 174.3847 173.9506 171.8078 169.6651 167.5224 165.3148 161.9035 158.4922 155.0809 151.6696 147.5898 142.7908 137.9918 133.1928 128.3938 124.0321 119.7126 115.3931 111.0735 107.6389 105.8987 104.1585 102.4184 100.6782 100.2363 100.174 100.1118 100.0495 100.0 100.0 100.0 100.0 100.0 100.0 100.0 100.0 100.0
184.6638 179.305 173.9461 164.4635 152.2984 140.1334 127.9684 116.1612 113.7996 111.4379 109.0763 106.7147 107.0864 110.5759 114.0655 117.555 121.0445 125.3441 129.7359 134.1277 138.5196 142.2742 144.7263 147.1784 149.6305 152.0826 153.8577 155.4178 156.9779 158.538 160.1991 162.2912 164.3833 166.4754 168.5676 167.8934 165.5268 163.1602 160.7936 158.3946 155.3938 152.3929 149.392 146.3912 142.6499 138.112 133.5742 129.0363 124.4985 120.5293 116.6148 112.7003 108.7859 105.7618 104.4427 103.1237 101.8046 100.4855 100.1553 100.1144 100.0735 100.0326 100.0 100.0 100.0 100.0 100.0 100.0 100.0 100.0 100.0
183.4902 178.174 172.8578 163.7471 152.1684 140.5896 129.0109 117.7585 115.1197 112.481 109.8422 107.2034 107.1287 109.9785 112.8285 115.6783 118.5282 122.437 126.4664 130.4958 134.5252 138.033 140.4744 142.9158 145.3573 147.7987 149.5024 150.9719 152.4414 153.9109 155.448 157.2736 159.0992 160.9248 162.7505 161.8362 159.2458 156.6554 154.0648 151.4744 148.884 146.2935 143.7031 141.1127 137.7099 133.4332 129.1565 124.8798 120.6031 117.0264 113.517 110.0076 106.4982 103.8847 102.9868 102.0888 101.1908 100.2928 100.0744 100.0548 100.0352 100.0156 100.0 100.0 100.0 100.0 100.0 100.0 100.0 100.0 100.0
182.1457 176.8782 171.6106 162.9075 151.9699 141.0322 130.0945 119.4496 116.5337 113.6178 110.7019 107.786 107.2612 109.4637 111.6663 113.8688 116.0713 119.5771 123.2312 126.8853 130.5394 133.7859 136.1992 138.6124 141.0256 143.4388 145.0608 146.4315 147.8022 149.173 150.5792 152.1371 153.6949 155.2528 156.8106 155.6705 152.8797 150.0889 147.2981 144.5374 142.3351 140.1329 137.9306 135.7284 132.6686 128.6865 124.7043 120.7222 116.74 113.5759 110.4904 107.4049 104.3195 102.1204 101.6187 101.117 100.6152 100.1135 100.0 100.0 100.0 100.0 100.0 100.0 100.0 100.0 100.0 100.0 100.0 100.0 100.0
178.845 173.6947 168.5444 160.6561 150.987 141.3179 131.6488 122.2161 119.023 115.83 112.6369 109.4439 108.4277 109.8946 111.3615 112.8284 114.2953 117.257 120.3887 123.5205 126.6523 129.4727 131.6568 133.8408 136.0248 138.2088 139.6299 140.8087 141.9876 143.1664 144.3636 145.6389 146.9143 148.1896 149.465 148.2606 145.5391 142.8176 140.0961 137.4079 135.3389 133.27 131.201 129.132 126.4674 123.1622 119.857 116.5518 113.2465 110.7253 108.2795 105.8336 103.3877 101.6473 101.2575 100.8677 100.478 100.0882 100.0 100.0 100.0 100.0 100.0 100.0 100.0 100.0 100.0 100.0 100.0 100.0 100.0
175.5442 170.5112 165.4781 158.4047 150.0042 141.6037 133.2031 124.9826 121.5124 118.0421 114.5719 111.1017 109.5942 110.3255 111.0568 111.7881 112.5194 114.9369 117.5463 120.1557 122.7651 125.1595 127.1144 129.0692 131.024 132.9789 134.199 135.1859 136.1729 137.1598 138.1479 139.1407 140.1336 141.1264 142.1193 140.8507 138.1985 135.5463 132.894 130.2785 128.3427 126.407 124.4713 122.5356 120.2662 117.6379 115.0096 112.3813 109.753 107.8747 106.0685 104.2623 102.456 101.1742 100.8963 100.6185 100.3407 100.0629 100.0 100.0 100.0 100.0 100.0 100.0 100.0 100.0 100.0 100.0 100.0 100.0 100.0
172.2434 167.3277 162.4119 156.1533 149.0213 141.8894 134.7574 127.749 124.0017 120.2543 116.5069 112.7595 110.7607 110.7564 110.7521 110.7477 110.7434 112.6168 114.7039 116.7909 118.878 120.8463 122.572 124.2976 126.0232 127.7489 128.7681 129.5631 130.3582 131.1532 131.9322 132.6425 133.3529 134.0633 134.7736 133.4408 130.8579 128.275 125.692 123.149 121.3466 119.5441 117.7416 115.9392 114.065 112.1136 110.1623 108.2109 106.2596 105.0242 103.8575 102.6909 101.5243 100.701 100.5352 100.3693 100.2034 100.0375 100.0 100.0 100.0 100.0 100.0 100.0 100.0 100.0 100.0 100.0 100.0 100.0 100.0
