data/zism_data/00387_03_D.txt
ncols         224
nrows         224
[rows 196 to 223 of 224, columns 64 to 127 of 224]
488.3274 491.5557 493.9697 495.1019 496.2342 497.3664 498.4987 492.394 485.2128 478.0317 470.8504 462.1108 450.509 438.9069 427.3051 415.7032 411.3614 408.4591 405.5568 402.6545 401.8569 405.6035 409.35 413.0966 416.8432 430.6883 447.081 463.4735 479.8659 495.6479 509.8638 524.0796 538.2957 552.5115 559.4028 564.0139 568.625 573.236 577.6672 581.5424 585.4175 589.2927 593.168 594.3126 594.4298 594.5471 594.6643 594.663 594.2121 593.7612 593.3103 592.8594 593.3817 594.34 595.2983 596.2567 596.8357 595.5971 594.3585 593.1199 591.8814 586.3621 578.5848 570.8075
486.1535 490.4776 493.9291 496.0073 498.0856 500.1638 502.2421 495.9123 488.3319 480.7514 473.1709 463.8146 451.1968 438.5788 425.961 413.3432 409.1952 406.7266 404.258 401.7894 401.5904 406.2916 410.9927 415.694 420.3952 435.4019 453.0085 470.6148 488.2211 504.956 519.4557 533.9553 548.4553 562.9549 569.3051 573.1182 576.9313 580.7444 584.2852 586.9849 589.6846 592.3843 595.0841 596.0601 596.3875 596.7148 597.0422 597.2318 596.8985 596.5652 596.2319 595.8986 595.9788 596.2442 596.5096 596.775 596.6427 594.6042 592.5657 590.5272 588.4887 581.9653 573.0763 564.1873
478.2122 483.3598 488.0718 492.0984 496.125 500.1516 504.1783 498.9957 492.4433 485.8908 479.3383 470.5338 457.5931 444.6522 431.7114 418.7707 413.6574 410.0963 406.5351 402.9739 402.5001 408.6921 414.8841 421.0763 427.2683 442.9879 461.1112 479.2343 497.3572 514.2449 527.9642 541.6834 555.4029 569.1221 574.7288 577.8099 580.8911 583.9722 586.6967 588.32 589.9432 591.5665 593.1899 593.7425 593.8923 594.0421 594.1918 594.3385 594.4734 594.6084 594.7433 594.8783 594.5792 594.0858 593.5923 593.0988 592.1406 588.9557 585.7708 582.5859 579.401 572.1752 562.8179 553.4606
470.271 476.242 482.2144 488.1894 494.1645 500.1395 506.1145 502.0791 496.5547 491.0303 485.5057 477.2531 463.9894 450.7255 437.4619 424.1982 418.1197 413.4659 408.8121 404.1584 403.4097 411.0926 418.7755 426.4586 434.1414 450.574 469.214 487.8537 506.4934 523.5339 536.4727 549.4115 562.3505 575.2893 580.1525 582.5017 584.8508 587.2 589.1082 589.6551 590.2019 590.7487 591.2956 591.4249 591.397 591.3692 591.3414 591.4452 592.0484 592.6516 593.2548 593.858 593.1796 591.9272 590.6749 589.4225 587.6385 583.3071 578.9759 574.6446 570.3132 562.385 552.5594 542.7339
462.3296 469.1241 476.3571 484.2805 492.2039 500.1273 508.0507 505.1626 500.6661 496.1697 491.6732 483.9723 470.3857 456.7989 443.2123 429.6258 422.5819 416.8356 411.0892 405.3428 404.3194 413.4931 422.6669 431.8409 441.0146 458.1601 477.3169 496.4733 515.6296 532.8229 544.9813 557.1396 569.2982 581.4565 585.5763 587.1935 588.8106 590.4277 591.5198 590.9902 590.4606 589.9309 589.4013 589.1072 588.9018 588.6964 588.4909 588.5518 589.6233 590.6948 591.7662 592.8377 591.78 589.7688 587.7574 585.7462 583.1364 577.6586 572.1809 566.7032 561.2254 552.5947 542.301 532.0072
454.3883 462.0063 470.4998 480.3715 490.2434 500.1151 509.9869 508.246 504.7776 501.3091 497.8407 490.6915 476.782 462.8723 448.9628 435.0533 427.0442 420.2052 413.3662 406.5273 405.229 415.8936 426.5583 437.2231 447.8878 465.7462 485.4196 505.0927 524.7658 542.1118 553.4897 564.8677 576.2458 587.6238 591.0 591.8852 592.7704 593.6555 593.9313 592.3253 590.7192 589.1131 587.507 586.7896 586.4066 586.0235 585.6404 585.6585 587.1982 588.738 590.2776 591.8174 590.3805 587.6103 584.8401 582.0699 578.6343 572.0101 565.386 558.7619 552.1377 542.8046 532.0425 521.2806
448.5117 456.6242 466.1784 478.002 489.8259 501.6495 513.4731 512.7772 510.2188 507.6603 505.1019 498.6083 484.8871 471.1656 457.4444 443.7232 435.105 427.4988 419.8926 412.2863 410.7082 422.1451 433.582 445.0191 456.456 474.2517 493.6518 513.0515 532.4512 549.3293 559.741 570.1526 580.5645 590.9762 593.7557 594.1591 594.5626 594.966 594.6469 592.0967 589.5465 586.9963 584.446 583.0246 582.0278 581.0309 580.0341 579.5076 580.7648 582.022 583.2792 584.5365 582.4313 578.82 575.2087 571.5974 567.4322 560.6125 553.7929 546.9734 540.1537 531.4202 521.6771 511.934
443.6786 452.1195 462.6334 476.4107 490.1883 503.9656 517.7429 518.0402 516.3322 514.6241 512.916 507.1306 493.8561 480.5813 467.3069 454.0323 444.985 436.776 428.567 420.3579 418.4972 430.3432 442.1891 454.0353 465.8812 483.2221 501.9493 520.6763 539.4033 555.4999 564.8513 574.2028 583.5543 592.9057 595.1626 595.2108 595.259 595.3073 594.5052 591.0778 587.6503 584.2228 580.7953 578.5278 576.6968 574.8657 573.0347 571.7098 572.3051 572.9003 573.4955 574.0908 571.1711 566.6772 562.1832 557.6893 552.8431 546.3087 539.7743 533.24 526.7056 519.2298 511.2574 503.285
438.8456 447.6148 459.0885 474.8195 490.5507 506.2817 522.0126 523.3032 522.4456 521.5878 520.7302 515.6528 502.825 489.9969 477.1692 464.3414 454.8649 446.0531 437.2412 428.4294 426.2862 438.5412 450.7962 463.0514 475.3063 492.1924 510.2469 528.3011 546.3553 561.6705 569.9616 578.2527 586.5441 594.8352 596.5695 596.2625 595.9555 595.6486 594.3636 590.0589 585.7542 581.4493 577.1445 574.0311 571.3658 568.7006 566.0353 563.9122 563.8455 563.7787 563.7119 563.6451 559.9111 554.5345 549.1579 543.7813 538.2541 532.0049 525.7558 519.5068 513.2576 507.0395 500.8378 494.6361
434.0126 443.1101 455.5435 473.2282 490.9131 508.5978 526.2824 528.5662 528.5589 528.5516 528.5443 524.1749 511.7939 499.4126 487.0315 474.6504 464.7448 455.3302 445.9156 436.5009 434.0752 446.7392 459.4032 472.0674 484.7314 501.1626 518.5444 535.9258 553.3073 567.841 575.0719 582.3028 589.5338 596.7647 597.9764 597.3142 596.652 595.9898 594.222 589.04 583.8579 578.6759 573.4938 569.5344 566.0349 562.5354 559.0359 556.1146 555.3858 554.657 553.9283 553.1995 548.6511 542.3919 536.1326 529.8733 523.6651 517.7012 511.7373 505.7735 499.8096 494.8492 490.4182 485.9872
429.6729 439.0961 452.4683 472.0566 491.6452 511.2335 530.8218 534.063 534.8724 535.6817 536.491 532.7953 520.8253 508.8549 496.8848 484.9147 474.6946 464.8217 454.9489 445.076 442.4588 455.5073 468.5558 481.6046 494.6531 510.5136 527.0836 543.6534 560.2232 573.874 580.0396 586.2051 592.3707 598.5363 599.2303 598.2211 597.2119 596.2026 593.9551 587.8841 581.813 575.742 569.6708 564.8425 560.4818 556.121 551.7603 548.0012 546.5247 545.0481 543.5715 542.095 536.7557 529.6864 522.6169 515.5475 508.752 503.269 497.786 492.303 486.8199 483.2598 480.7139 478.168
430.0383 439.7629 453.8735 474.888 495.903 516.9175 537.9321 541.7891 543.0936 544.3981 545.7026 542.3522 530.4521 518.5518 506.6516 494.7515 485.3111 476.3586 467.406 458.4535 456.513 469.7122 482.9115 496.1109 509.3102 523.4946 537.928 552.361 566.7941 578.595 583.6464 588.6978 593.7493 598.8007 599.0251 597.7468 596.4684 595.1901 592.4944 585.4223 578.3502 571.278 564.2057 558.2903 552.8101 547.3298 541.8495 536.8778 533.835 530.7922 527.7495 524.7067 518.8011 511.6133 504.4254 497.2376 490.7493 487.6129 484.4766 481.3402 478.2039 477.4026 477.8331 478.2635
430.4036 440.4297 455.2787 477.7195 500.1608 522.6016 545.0425 549.5153 551.3149 553.1146 554.9142 551.9091 540.0789 528.2486 516.4184 504.5882 495.9275 487.8953 479.8632 471.831 470.5673 483.9172 497.2671 510.6173 523.9672 536.4758 548.7723 561.0686 573.3649 583.316 587.2533 591.1906 595.1279 599.0652 598.8199 597.2725 595.725 594.1776 591.0338 582.9605 574.8873 566.814 558.7407 551.7381 545.1384 538.5385 531.9388 525.7544 521.1453 516.5363 511.9273 507.3183 500.8465 493.5403 486.2339 478.9277 472.7466 471.9569 471.1672 470.3775 469.5878 471.5454 474.9522 478.359
430.769 441.0964 456.6838 480.551 504.4186 528.2858 552.1529 557.2415 559.5363 561.8311 564.126 561.4661 549.7059 537.9455 526.1853 514.4251 506.544 499.4322 492.3204 485.2086 484.6216 498.1223 511.6229 525.1238 538.6244 549.457 559.6167 569.7762 579.9358 588.037 590.8602 593.6833 596.5066 599.3298 598.6147 596.7981 594.9816 593.165 589.5731 580.4987 571.4244 562.35 553.2755 545.1859 537.4666 529.7473 522.028 514.6309 508.4555 502.2803 496.1051 489.9298 482.8916 475.467 468.0423 460.6176 454.7437 456.3007 457.8577 459.4146 460.9716 465.6882 472.0714 478.4546
431.1344 441.7632 458.089 483.3825 508.6764 533.9698 559.2632 564.9675 567.7575 570.5475 573.3376 571.0229 559.3328 547.6423 535.9521 524.2618 517.1605 510.969 504.7776 498.5862 498.6759 512.3272 525.9785 539.6301 553.2814 562.438 570.461 578.4838 586.5066 592.758 594.467 596.1761 597.8852 599.5942 598.4095 596.3238 594.2381 592.1525 588.1123 578.0369 567.9615 557.886 547.8104 538.6336 529.7949 520.956 512.1172 503.5074 495.7659 488.0244 480.283 472.5414 464.937 457.394 449.8508 442.3077 436.741 440.6447 444.5482 448.4518 452.3555 459.831 469.1906 478.5501
431.0611 441.7481 458.3295 484.1893 510.0496 535.9094 561.7693 568.0297 571.3742 574.7188 578.0634 576.3509 565.3501 554.3491 543.3483 532.3475 525.9371 520.4369 514.9367 509.4365 509.8593 523.0701 536.2809 549.4921 562.7029 570.4507 576.8206 583.1903 589.5601 594.2708 594.7271 595.1834 595.6398 596.0961 594.07 591.2711 588.4722 585.6734 580.896 570.009 559.122 548.235 537.3478 527.5488 518.1591 508.7693 499.3796 490.2572 482.1488 474.0404 465.9321 457.8236 450.7897 444.2371 437.6843 431.1316 426.7749 432.9403 439.1057 445.2711 451.4366 461.0824 472.5641 484.0457
430.5918 441.1173 457.5184 483.1683 508.8187 534.4686 560.1185 566.8812 570.8339 574.7867 578.7395 577.861 568.1089 558.3566 548.6046 538.8525 533.0529 528.037 523.0213 518.0055 518.4509 530.6876 542.9243 555.1611 567.3978 573.978 579.1315 584.2848 589.4382 592.8871 591.9656 591.0441 590.1225 589.201 585.9982 582.0851 578.1721 574.2591 568.4835 556.956 545.4285 533.901 522.3734 512.3719 502.9445 493.517 484.0897 475.0869 467.6942 460.3018 452.9092 445.5166 440.0796 435.5184 430.9571 426.3959 424.064 432.4147 440.7652 449.1158 457.4665 468.7514 481.584 494.4165
430.1224 440.4865 456.7073 482.1473 507.5877 533.0278 558.4678 565.7327 570.2936 574.8546 579.4156 579.3712 570.8677 562.3641 553.8607 545.3573 540.1686 535.6372 531.1058 526.5745 527.0425 538.3051 549.5675 560.8302 572.0927 577.5052 581.4423 585.3793 589.3162 591.5035 589.2041 586.9047 584.6053 582.3059 577.9264 572.8992 567.8721 562.845 556.071 543.9031 531.7351 519.5671 507.399 497.1951 487.73 478.2649 468.7999 459.9166 453.2398 446.5632 439.8865 433.2098 429.3695 426.7997 424.2299 421.6601 421.3531 431.889 442.4248 452.9605 463.4964 476.4203 490.6038 504.7873
429.6531 439.8557 455.8962 481.1263 506.3568 531.5869 556.817 564.5842 569.7534 574.9225 580.0918 580.8812 573.6265 566.3716 559.1169 551.8622 547.2844 543.2374 539.1904 535.1434 535.6343 545.9225 556.2108 566.4993 576.7875 581.0326 583.7532 586.4738 589.1943 590.1198 586.4426 582.7653 579.0881 575.4108 569.8546 563.7132 557.572 551.4307 543.6584 530.85 518.0416 505.2332 492.4245 482.0181 472.5154 463.0126 453.5099 444.7462 438.7853 432.8245 426.8637 420.9028 418.6594 418.0811 417.5027 416.9243 418.6422 431.3634 444.0843 456.8052 469.5264 484.0892 499.6237 515.1581
429.1838 439.2249 455.0851 480.1053 505.1259 530.1461 555.1663 563.4357 569.2131 574.9904 580.7679 582.3914 576.3853 570.3792 564.3731 558.367 554.4001 550.8375 547.2749 543.7123 544.2259 553.54 562.8541 572.1683 581.4824 584.5598 586.064 587.5682 589.0724 588.7362 583.6811 578.626 573.5709 568.5157 561.7828 554.5273 547.2719 540.0165 531.246 517.7971 504.3482 490.8993 477.4502 466.8413 457.301 447.7605 438.2202 429.5759 424.3309 419.0859 413.841 408.5959 407.9493 409.3624 410.7755 412.1886 415.9314 430.8377 445.7438 460.6499 475.5563 491.7581 508.6435 525.5288
428.1326 436.9161 451.4559 475.0568 498.6581 522.2589 545.8598 555.5232 563.113 570.7028 578.2927 581.6823 577.3571 573.0319 568.7067 564.3816 560.8522 557.4807 554.1092 550.7377 550.684 557.794 564.904 572.0141 579.1241 580.4492 580.3151 580.1808 580.0467 578.1323 571.653 565.1738 558.6945 552.2153 544.7538 536.9863 529.219 521.4517 512.5922 500.3606 488.1291 475.8975 463.6658 454.5029 446.4945 438.486 430.4776 423.325 419.4185 415.5121 411.6056 407.6991 409.24 413.2208 417.2017 421.1826 427.2759 443.4925 459.7089 475.9252 492.1418 507.6354 522.7478 537.8602
427.0548 434.5304 447.6975 469.8237 491.9503 514.0765 536.2027 547.3008 556.7582 566.2156 575.6732 580.8715 578.2471 575.6226 572.9982 570.3738 567.274 564.0801 560.8862 557.6923 557.0445 561.894 566.7436 571.5932 576.4427 575.9887 574.1968 572.405 570.6132 567.1059 559.2004 551.295 543.3893 535.4839 527.3144 519.0625 510.8108 502.5591 493.6523 482.7232 471.7941 460.8651 449.9358 442.2943 435.8898 429.4852 423.0807 417.4826 414.9431 412.4037 409.8643 407.3249 411.0803 417.6553 424.2304 430.8054 439.2643 456.7511 474.2376 491.7241 509.2109 523.8887 537.0851 550.2815
425.977 432.1447 443.9392 464.5907 485.2426 505.8941 526.5456 539.0786 550.4036 561.7285 573.0536 580.0607 579.137 578.2133 577.2896 576.3659 573.6958 570.6795 567.6632 564.6469 563.405 565.994 568.5831 571.1722 573.7614 571.5283 568.0787 564.6292 561.1796 556.0797 546.7479 537.4162 528.0844 518.7526 509.8751 501.1389 492.4028 483.6667 474.7126 465.0859 455.4593 445.8327 436.2059 430.0859 425.2852 420.4845 415.6839 411.6402 410.4678 409.2954 408.123 406.9507 412.9207 422.0898 431.259 440.4282 451.2526 470.0096 488.7662 507.5229 526.2798 540.1419 551.4223 562.7026
424.8991 429.759 440.1808 459.3577 478.5349 497.7117 516.8885 530.8563 544.0488 557.2414 570.4341 579.2499 580.027 580.804 581.581 582.358 580.1176 577.2789 574.4402 571.6015 569.7654 570.0941 570.4227 570.7513 571.08 567.0678 561.9605 556.8533 551.7462 545.0534 534.2954 523.5375 512.7794 502.0214 492.4359 483.2152 473.9948 464.7742 455.7728 447.4487 439.1245 430.8003 422.476 417.8775 414.6807 411.4838 408.287 405.7978 405.9924 406.1871 406.3817 406.5764 414.761 426.5242 438.2877 450.0509 463.2409 483.2681 503.2949 523.3217 543.3488 556.3951 565.7595 575.1238
427.4204 430.7413 439.5076 456.8454 474.1834 491.5211 508.8589 523.3986 537.5218 551.645 565.7684 575.6938 577.9092 580.1247 582.3401 584.5555 582.5762 579.7652 576.9542 574.1432 571.5538 569.4429 567.332 565.221 563.1101 557.5005 551.0083 544.5162 538.024 530.1941 518.9343 507.6746 496.4147 485.1549 475.6811 466.7632 457.8453 448.9275 440.5013 433.5942 426.687 419.7798 412.8725 409.5121 407.4861 405.4601 403.4341 402.1479 403.668 405.188 406.7081 408.2282 418.5425 432.7959 447.0495 461.3028 476.6939 497.5374 518.3804 539.2234 560.0669 572.1924 579.7199 587.2473
435.646 437.0616 443.7239 458.6451 473.5664 488.4876 503.4088 517.153 530.7217 544.2906 557.8596 567.7866 571.0247 574.2628 577.5008 580.7389 578.7536 575.7327 572.7117 569.6909 566.0958 561.2615 556.4272 551.5928 546.7585 539.8396 532.3947 524.9499 517.5051 509.2601 498.9638 488.6674 478.3709 468.0746 460.0116 452.6437 445.2759 437.9081 431.0439 425.7353 420.4267 415.118 409.8093 407.2379 405.6963 404.1546 402.613 401.9729 404.7524 407.532 410.3115 413.091 425.4008 441.9793 458.558 475.1365 492.468 513.4083 534.3483 555.2881 576.2285 587.267 593.0829 598.8987
443.8716 443.3818 447.9402 460.4447 472.9495 485.454 497.9586 510.9073 523.9218 536.9362 549.9509 559.8795 564.1401 568.4009 572.6616 576.9222 574.931 571.7001 568.4693 565.2385 560.6379 553.0802 545.5225 537.9647 530.407 522.1786 513.7811 505.3836 496.9862 488.3261 478.9932 469.6602 460.3272 450.9943 444.342 438.5242 432.7065 426.8888 421.5865 417.8764 414.1663 410.4562 406.746 404.9636 403.9064 402.8492 401.7919 401.7979 405.8369 409.8759 413.9148 417.9538 432.2591 451.1627 470.0666 488.9702 508.2421 529.2792 550.3161 571.3529 592.3901 602.3415 606.4459 610.5502
452.0972 449.7021 452.1565 462.2444 472.3326 482.4204 492.5084 504.6615 517.1216 529.5817 542.0421 551.9722 557.2555 562.5389 567.8222 573.1055 571.1083 567.6675 564.2268 560.7861 555.1799 544.8988 534.6177 524.3364 514.0553 504.5176 495.1673 485.8172 476.4671 467.3919 459.0224 450.6529 442.2833 433.9138 428.6723 424.4046 420.137 415.8694 412.1291 410.0175 407.9059 405.7943 403.6827 402.6893 402.1165 401.5437 400.9709 401.623 406.9214 412.2198 417.5182 422.8167 439.1174 460.3461 481.5752 502.804 524.0163 545.1504 566.2841 587.4177 608.5518 617.4161 619.8089 622.2017
