data/zism_data/00389_01_D.txt
ncols         224
nrows         224
[rows 145 to 173 of 224, columns 0 to 64 of 224]
3561.516 3563.914 3566.311 3568.709 3571.212 3573.718 3576.223 3578.728 3580.966 3582.854 3584.744 3586.633 3588.522 3590.031 3591.49 3592.949 3594.409 3595.407 3595.486 3595.564 3595.642 3595.72 3595.737 3595.737 3595.737 3595.737 3595.746 3595.785 3595.824 3595.863 3595.902 3596.247 3596.735 3597.223 3597.711 3598.155 3598.305 3598.456 3598.607 3598.758 3598.196 3597.116 3596.037 3594.957 3593.863 3592.271 3590.679 3589.087 3587.495 3585.845 3584.131 3582.417 3580.702 3578.989 3577.75 3576.549 3575.347 3574.146 3573.021 3572.025 3571.028 3570.032 3569.035 3567.918 3566.775
3565.112 3567.434 3569.757 3572.079 3574.677 3577.279 3579.881 3582.482 3584.663 3586.294 3587.926 3589.557 3591.188 3592.402 3593.561 3594.72 3595.878 3596.67 3596.727 3596.783 3596.84 3596.896 3596.909 3596.909 3596.909 3596.909 3596.915 3596.944 3596.972 3597.0 3597.029 3597.279 3597.632 3597.986 3598.34 3598.644 3598.612 3598.58 3598.549 3598.517 3597.828 3596.663 3595.498 3594.332 3593.155 3591.557 3589.96 3588.363 3586.765 3585.097 3583.351 3581.604 3579.858 3578.112 3576.841 3575.607 3574.374 3573.14 3571.948 3570.822 3569.697 3568.572 3567.446 3566.267 3565.075
3568.708 3570.955 3573.202 3575.45 3578.142 3580.84 3583.539 3586.237 3588.36 3589.733 3591.107 3592.481 3593.855 3594.773 3595.632 3596.49 3597.348 3597.932 3597.968 3598.003 3598.038 3598.073 3598.081 3598.081 3598.081 3598.081 3598.085 3598.102 3598.12 3598.137 3598.155 3598.31 3598.53 3598.75 3598.969 3599.132 3598.918 3598.704 3598.49 3598.276 3597.461 3596.21 3594.959 3593.708 3592.446 3590.844 3589.241 3587.638 3586.036 3584.349 3582.571 3580.792 3579.014 3577.235 3575.932 3574.667 3573.401 3572.135 3570.873 3569.619 3568.365 3567.111 3565.857 3564.615 3563.376
3572.303 3574.476 3576.648 3578.82 3581.606 3584.401 3587.196 3589.991 3592.056 3593.173 3594.289 3595.406 3596.522 3597.145 3597.703 3598.26 3598.818 3599.195 3599.208 3599.222 3599.236 3599.25 3599.253 3599.253 3599.253 3599.253 3599.254 3599.261 3599.268 3599.275 3599.281 3599.342 3599.427 3599.513 3599.599 3599.621 3599.225 3598.829 3598.432 3598.036 3597.094 3595.757 3594.42 3593.083 3591.738 3590.13 3588.522 3586.914 3585.306 3583.601 3581.791 3579.98 3578.169 3576.359 3575.023 3573.725 3572.427 3571.129 3569.799 3568.417 3567.034 3565.651 3564.268 3562.964 3561.676
3575.911 3577.981 3580.051 3582.121 3584.814 3587.517 3590.22 3592.923 3594.835 3595.717 3596.599 3597.481 3598.364 3598.764 3599.101 3599.438 3599.775 3600.0 3600.0 3600.0 3600.0 3600.0 3600.0 3600.0 3600.0 3600.0 3599.997 3599.986 3599.974 3599.962 3599.951 3599.947 3599.947 3599.947 3599.947 3599.874 3599.313 3598.751 3598.19 3597.628 3596.56 3595.123 3593.687 3592.25 3590.808 3589.185 3587.562 3585.939 3584.316 3582.601 3580.785 3578.97 3577.154 3575.339 3573.969 3572.635 3571.301 3569.967 3568.584 3567.119 3565.654 3564.189 3562.724 3561.367 3560.033
3579.538 3581.457 3583.377 3585.297 3587.571 3589.85 3592.129 3594.408 3595.996 3596.685 3597.374 3598.063 3598.752 3599.059 3599.316 3599.572 3599.829 3600.0 3600.0 3600.0 3600.0 3600.0 3600.0 3600.0 3600.0 3600.0 3599.99 3599.946 3599.902 3599.858 3599.814 3599.8 3599.8 3599.8 3599.8 3599.71 3599.014 3598.319 3597.623 3596.928 3595.731 3594.171 3592.612 3591.052 3589.489 3587.833 3586.178 3584.523 3582.868 3581.156 3579.384 3577.611 3575.838 3574.066 3572.66 3571.283 3569.906 3568.529 3567.119 3565.654 3564.189 3562.724 3561.259 3559.867 3558.49
3583.165 3584.934 3586.704 3588.473 3590.327 3592.182 3594.038 3595.893 3597.157 3597.653 3598.149 3598.645 3599.141 3599.354 3599.53 3599.707 3599.883 3600.0 3600.0 3600.0 3600.0 3600.0 3600.0 3600.0 3600.0 3600.0 3599.982 3599.906 3599.83 3599.754 3599.678 3599.654 3599.654 3599.654 3599.654 3599.546 3598.716 3597.886 3597.057 3596.227 3594.903 3593.219 3591.536 3589.853 3588.169 3586.482 3584.794 3583.107 3581.42 3579.712 3577.982 3576.252 3574.523 3572.793 3571.351 3569.931 3568.51 3567.091 3565.654 3564.189 3562.724 3561.259 3559.794 3558.366 3556.947
3586.792 3588.411 3590.03 3591.649 3593.083 3594.515 3595.946 3597.378 3598.319 3598.621 3598.924 3599.227 3599.53 3599.649 3599.745 3599.841 3599.936 3600.0 3600.0 3600.0 3600.0 3600.0 3600.0 3600.0 3600.0 3600.0 3599.975 3599.867 3599.758 3599.65 3599.542 3599.507 3599.507 3599.507 3599.507 3599.382 3598.418 3597.454 3596.491 3595.527 3594.074 3592.268 3590.461 3588.654 3586.85 3585.13 3583.411 3581.691 3579.971 3578.268 3576.581 3574.894 3573.207 3571.52 3570.041 3568.578 3567.115 3565.652 3564.189 3562.724 3561.259 3559.794 3558.329 3556.866 3555.403
3590.418 3591.887 3593.356 3594.825 3595.84 3596.847 3597.855 3598.863 3599.48 3599.589 3599.699 3599.809 3599.918 3599.944 3599.959 3599.975 3599.99 3600.0 3600.0 3600.0 3600.0 3600.0 3600.0 3600.0 3600.0 3600.0 3599.968 3599.827 3599.687 3599.546 3599.406 3599.361 3599.361 3599.361 3599.361 3599.218 3598.12 3597.022 3595.924 3594.826 3593.246 3591.316 3589.386 3587.456 3585.531 3583.779 3582.027 3580.275 3578.523 3576.823 3575.179 3573.535 3571.891 3570.248 3568.732 3567.226 3565.72 3564.214 3562.724 3561.259 3559.794 3558.329 3556.864 3555.365 3553.86
3592.518 3593.758 3594.999 3596.239 3597.008 3597.771 3598.533 3599.295 3599.752 3599.813 3599.873 3599.933 3599.993 3600.0 3600.0 3600.0 3600.0 3600.0 3600.0 3600.0 3600.0 3600.0 3600.0 3600.0 3600.0 3600.0 3599.958 3599.777 3599.595 3599.414 3599.232 3599.074 3598.926 3598.778 3598.63 3598.348 3597.172 3595.997 3594.822 3593.646 3592.058 3590.17 3588.282 3586.394 3584.509 3582.751 3580.993 3579.236 3577.478 3575.761 3574.091 3572.42 3570.75 3569.079 3567.509 3565.947 3564.385 3562.824 3561.285 3559.786 3558.286 3556.786 3555.286 3553.811 3552.341
3594.263 3595.257 3596.25 3597.244 3597.808 3598.367 3598.925 3599.484 3599.819 3599.863 3599.907 3599.951 3599.995 3600.0 3600.0 3600.0 3600.0 3600.0 3600.0 3600.0 3600.0 3600.0 3600.0 3600.0 3600.0 3600.0 3599.948 3599.724 3599.5 3599.275 3599.051 3598.754 3598.424 3598.094 3597.763 3597.314 3596.074 3594.834 3593.595 3592.355 3590.786 3588.979 3587.171 3585.363 3583.557 3581.799 3580.041 3578.283 3576.525 3574.789 3573.075 3571.362 3569.648 3567.935 3566.307 3564.686 3563.065 3561.444 3559.853 3558.31 3556.768 3555.225 3553.682 3552.244 3550.827
3596.008 3596.755 3597.501 3598.248 3598.608 3598.963 3599.318 3599.672 3599.885 3599.913 3599.941 3599.969 3599.997 3600.0 3600.0 3600.0 3600.0 3600.0 3600.0 3600.0 3600.0 3600.0 3600.0 3600.0 3600.0 3600.0 3599.938 3599.671 3599.404 3599.136 3598.869 3598.435 3597.922 3597.409 3596.896 3596.28 3594.976 3593.672 3592.368 3591.063 3589.514 3587.787 3586.06 3584.333 3582.605 3580.847 3579.089 3577.331 3575.573 3573.816 3572.06 3570.303 3568.546 3566.79 3565.104 3563.425 3561.745 3560.065 3558.421 3556.835 3555.25 3553.664 3552.078 3550.677 3549.314
3597.753 3598.253 3598.753 3599.253 3599.409 3599.559 3599.71 3599.861 3599.951 3599.963 3599.975 3599.987 3599.999 3600.0 3600.0 3600.0 3600.0 3600.0 3600.0 3600.0 3600.0 3600.0 3600.0 3600.0 3600.0 3600.0 3599.928 3599.618 3599.308 3598.998 3598.688 3598.115 3597.42 3596.725 3596.029 3595.246 3593.878 3592.509 3591.141 3589.772 3588.242 3586.596 3584.949 3583.302 3581.653 3579.895 3578.137 3576.379 3574.621 3572.843 3571.044 3569.244 3567.445 3565.646 3563.902 3562.164 3560.425 3558.686 3556.989 3555.36 3553.731 3552.103 3550.474 3549.11 3547.8
3599.098 3599.397 3599.697 3599.996 3600.0 3600.0 3600.0 3600.0 3600.0 3600.0 3600.0 3600.0 3600.0 3600.0 3600.0 3600.0 3600.0 3600.0 3600.0 3600.0 3600.0 3600.0 3600.0 3600.0 3600.0 3600.0 3599.916 3599.551 3599.187 3598.823 3598.458 3597.744 3596.865 3595.985 3595.106 3594.155 3592.724 3591.292 3589.861 3588.429 3586.904 3585.312 3583.719 3582.126 3580.529 3578.788 3577.047 3575.306 3573.564 3571.79 3569.98 3568.17 3566.36 3564.55 3562.763 3560.977 3559.192 3557.407 3555.662 3553.983 3552.305 3550.626 3548.948 3547.605 3546.333
3599.308 3599.538 3599.767 3599.997 3600.0 3600.0 3600.0 3600.0 3600.0 3600.0 3600.0 3600.0 3600.0 3600.0 3600.0 3600.0 3600.0 3600.0 3600.0 3600.0 3600.0 3600.0 3600.0 3600.0 3600.0 3600.0 3599.896 3599.446 3598.995 3598.545 3598.095 3597.225 3596.158 3595.091 3594.024 3592.902 3591.412 3589.921 3588.431 3586.94 3585.378 3583.764 3582.15 3580.535 3578.919 3577.243 3575.566 3573.889 3572.212 3570.51 3568.781 3567.051 3565.321 3563.592 3561.801 3560.004 3558.208 3556.412 3554.635 3552.886 3551.138 3549.39 3547.642 3546.278 3544.994
3599.519 3599.678 3599.838 3599.998 3600.0 3600.0 3600.0 3600.0 3600.0 3600.0 3600.0 3600.0 3600.0 3600.0 3600.0 3600.0 3600.0 3600.0 3600.0 3600.0 3600.0 3600.0 3600.0 3600.0 3600.0 3600.0 3599.876 3599.34 3598.804 3598.268 3597.732 3596.707 3595.452 3594.197 3592.942 3591.649 3590.1 3588.55 3587.001 3585.451 3583.852 3582.216 3580.58 3578.945 3577.31 3575.697 3574.085 3572.473 3570.86 3569.23 3567.581 3565.932 3564.283 3562.634 3560.838 3559.031 3557.225 3555.418 3553.607 3551.789 3549.971 3548.153 3546.335 3544.95 3543.656
3599.729 3599.819 3599.909 3599.999 3600.0 3600.0 3600.0 3600.0 3600.0 3600.0 3600.0 3600.0 3600.0 3600.0 3600.0 3600.0 3600.0 3600.0 3600.0 3600.0 3600.0 3600.0 3600.0 3600.0 3600.0 3600.0 3599.856 3599.234 3598.612 3597.99 3597.369 3596.188 3594.745 3593.303 3591.861 3590.396 3588.788 3587.179 3585.571 3583.962 3582.325 3580.668 3579.011 3577.354 3575.7 3574.152 3572.604 3571.056 3569.508 3567.95 3566.382 3564.813 3563.244 3561.676 3559.876 3558.059 3556.241 3554.424 3552.58 3550.692 3548.804 3546.917 3545.029 3543.623 3542.318
3599.939 3599.959 3599.979 3600.0 3600.0 3600.0 3600.0 3600.0 3600.0 3600.0 3600.0 3600.0 3600.0 3600.0 3600.0 3600.0 3600.0 3600.0 3600.0 3600.0 3600.0 3600.0 3600.0 3600.0 3600.0 3600.0 3599.836 3599.128 3598.421 3597.713 3597.005 3595.669 3594.039 3592.409 3590.779 3589.144 3587.476 3585.808 3584.141 3582.473 3580.799 3579.121 3577.442 3575.763 3574.091 3572.607 3571.124 3569.64 3568.156 3566.67 3565.182 3563.694 3562.206 3560.717 3558.914 3557.086 3555.257 3553.429 3551.552 3549.595 3547.637 3545.68 3543.723 3542.296 3540.98
3599.977 3599.985 3599.992 3600.0 3600.0 3600.0 3600.0 3600.0 3600.0 3600.0 3600.0 3600.0 3600.0 3600.0 3600.0 3600.0 3600.0 3600.0 3600.0 3600.0 3600.0 3600.0 3600.0 3600.0 3600.0 3600.0 3599.827 3599.083 3598.34 3597.596 3596.852 3595.428 3593.686 3591.944 3590.203 3588.459 3586.706 3584.953 3583.199 3581.446 3579.706 3577.976 3576.245 3574.515 3572.791 3571.28 3569.769 3568.259 3566.748 3565.244 3563.749 3562.254 3560.758 3559.263 3557.417 3555.544 3553.671 3551.797 3549.899 3547.959 3546.02 3544.081 3542.141 3540.702 3539.368
3599.945 3599.963 3599.981 3600.0 3600.0 3600.0 3600.0 3600.0 3600.0 3600.0 3600.0 3600.0 3600.0 3600.0 3600.0 3600.0 3600.0 3600.0 3600.0 3600.0 3600.0 3600.0 3600.0 3600.0 3600.0 3600.0 3599.824 3599.064 3598.304 3597.543 3596.783 3595.3 3593.478 3591.655 3589.833 3588.007 3586.157 3584.307 3582.458 3580.608 3578.79 3576.995 3575.2 3573.405 3571.616 3570.042 3568.467 3566.891 3565.316 3563.759 3562.221 3560.682 3559.144 3557.606 3555.702 3553.77 3551.837 3549.905 3547.99 3546.104 3544.219 3542.333 3540.447 3539.0 3537.644
3599.912 3599.941 3599.97 3600.0 3600.0 3600.0 3600.0 3600.0 3600.0 3600.0 3600.0 3600.0 3600.0 3600.0 3600.0 3600.0 3600.0 3600.0 3600.0 3600.0 3600.0 3600.0 3600.0 3600.0 3600.0 3600.0 3599.82 3599.044 3598.268 3597.491 3596.715 3595.172 3593.269 3591.366 3589.463 3587.555 3585.609 3583.662 3581.716 3579.769 3577.874 3576.014 3574.155 3572.296 3570.443 3568.803 3567.164 3565.524 3563.885 3562.273 3560.692 3559.111 3557.53 3555.948 3553.987 3551.996 3550.004 3548.013 3546.082 3544.25 3542.417 3540.585 3538.753 3537.297 3535.92
3599.88 3599.92 3599.96 3600.0 3600.0 3600.0 3600.0 3600.0 3600.0 3600.0 3600.0 3600.0 3600.0 3600.0 3600.0 3600.0 3600.0 3600.0 3600.0 3600.0 3600.0 3600.0 3600.0 3600.0 3600.0 3600.0 3599.816 3599.024 3598.232 3597.439 3596.647 3595.044 3593.061 3591.077 3589.094 3587.103 3585.06 3583.017 3580.974 3578.931 3576.957 3575.033 3573.11 3571.186 3569.269 3567.565 3565.861 3564.157 3562.454 3560.788 3559.164 3557.54 3555.916 3554.291 3552.272 3550.222 3548.171 3546.121 3544.173 3542.395 3540.616 3538.837 3537.059 3535.594 3534.196
3599.832 3599.888 3599.944 3599.999 3600.0 3600.0 3600.0 3600.0 3600.0 3600.0 3600.0 3600.0 3600.0 3599.999 3599.998 3599.998 3599.997 3599.996 3599.994 3599.992 3599.99 3599.989 3599.987 3599.985 3599.984 3599.982 3599.794 3598.988 3598.182 3597.376 3596.571 3594.916 3592.864 3590.813 3588.761 3586.699 3584.573 3582.446 3580.319 3578.192 3576.144 3574.153 3572.161 3570.169 3568.184 3566.399 3564.613 3562.828 3561.043 3559.307 3557.625 3555.944 3554.262 3552.581 3550.52 3548.429 3546.339 3544.248 3542.294 3540.565 3538.835 3537.106 3535.377 3533.901 3532.478
3599.703 3599.802 3599.9 3599.999 3600.0 3600.0 3600.0 3600.0 3600.0 3600.0 3600.0 3600.0 3600.0 3599.994 3599.988 3599.982 3599.976 3599.968 3599.955 3599.943 3599.93 3599.918 3599.905 3599.893 3599.88 3599.868 3599.672 3598.866 3598.06 3597.254 3596.448 3594.79 3592.733 3590.676 3588.619 3586.551 3584.408 3582.265 3580.122 3577.979 3575.875 3573.797 3571.72 3569.643 3567.569 3565.612 3563.655 3561.698 3559.741 3557.851 3556.036 3554.22 3552.404 3550.588 3548.573 3546.541 3544.51 3542.478 3540.571 3538.868 3537.166 3535.463 3533.761 3532.254 3530.788
3599.573 3599.715 3599.856 3599.998 3600.0 3600.0 3600.0 3600.0 3600.0 3600.0 3600.0 3600.0 3600.0 3599.99 3599.978 3599.967 3599.955 3599.939 3599.917 3599.893 3599.87 3599.847 3599.824 3599.801 3599.777 3599.754 3599.55 3598.744 3597.938 3597.132 3596.326 3594.665 3592.602 3590.54 3588.477 3586.402 3584.243 3582.084 3579.925 3577.766 3575.605 3573.442 3571.279 3569.115 3566.953 3564.825 3562.696 3560.567 3558.438 3556.396 3554.446 3552.496 3550.546 3548.596 3546.625 3544.653 3542.68 3540.708 3538.847 3537.172 3535.496 3533.82 3532.145 3530.607 3529.098
3599.444 3599.628 3599.813 3599.997 3600.0 3600.0 3600.0 3600.0 3600.0 3600.0 3600.0 3600.0 3600.0 3599.985 3599.968 3599.951 3599.934 3599.912 3599.878 3599.844 3599.81 3599.776 3599.742 3599.708 3599.674 3599.64 3599.427 3598.622 3597.816 3597.01 3596.204 3594.539 3592.471 3590.403 3588.335 3586.253 3584.078 3581.903 3579.728 3577.553 3575.335 3573.086 3570.837 3568.588 3566.338 3564.038 3561.737 3559.437 3557.136 3554.94 3552.855 3550.771 3548.688 3546.604 3544.678 3542.764 3540.851 3538.938 3537.124 3535.475 3533.826 3532.177 3530.529 3528.96 3527.408
3599.315 3599.542 3599.769 3599.997 3600.0 3600.0 3600.0 3600.0 3600.0 3600.0 3600.0 3600.0 3600.0 3599.98 3599.958 3599.936 3599.913 3599.884 3599.839 3599.794 3599.75 3599.705 3599.66 3599.616 3599.571 3599.527 3599.305 3598.5 3597.694 3596.888 3596.082 3594.413 3592.34 3590.267 3588.193 3586.105 3583.914 3581.723 3579.531 3577.34 3575.066 3572.731 3570.396 3568.062 3565.723 3563.25 3560.779 3558.306 3555.834 3553.484 3551.266 3549.047 3546.829 3544.611 3542.73 3540.876 3539.022 3537.167 3535.4 3533.779 3532.156 3530.535 3528.913 3527.313 3525.719
3599.214 3599.445 3599.677 3599.907 3599.93 3599.95 3599.969 3599.989 3600.0 3600.0 3600.0 3600.0 3600.0 3599.973 3599.942 3599.911 3599.88 3599.829 3599.738 3599.646 3599.555 3599.464 3599.334 3599.194 3599.053 3598.913 3598.614 3597.789 3596.963 3596.138 3595.313 3593.638 3591.566 3589.494 3587.422 3585.331 3583.114 3580.897 3578.68 3576.463 3574.16 3571.795 3569.429 3567.064 3564.694 3562.152 3559.609 3557.066 3554.524 3552.116 3549.855 3547.594 3545.334 3543.073 3541.201 3539.36 3537.519 3535.678 3533.901 3532.231 3530.561 3528.891 3527.22 3525.607 3524.005
3599.132 3599.342 3599.552 3599.761 3599.815 3599.867 3599.919 3599.971 3600.0 3600.0 3600.0 3600.0 3600.0 3599.963 3599.921 3599.88 3599.838 3599.757 3599.596 3599.435 3599.274 3599.113 3598.85 3598.56 3598.269 3597.979 3597.557 3596.699 3595.842 3594.984 3594.126 3592.445 3590.378 3588.312 3586.245 3584.155 3581.905 3579.656 3577.407 3575.158 3572.844 3570.485 3568.125 3565.765 3563.4 3560.852 3558.304 3555.756 3553.208 3550.805 3548.561 3546.316 3544.071 3541.826 3539.941 3538.084 3536.227 3534.37 3532.546 3530.78 3529.013 3527.246 3525.479 3523.862 3522.277
