data/zism_data/00387_04_D.txt
ncols         224
nrows         224
[rows 116 to 144 of 224, columns 130 to 194 of 224]
653.7587 652.7912 648.3495 642.5527 636.7558 630.9591 624.5715 615.8419 607.1122 598.3826 589.6526 580.1448 570.2764 560.4081 550.5397 539.7526 524.3303 508.9086 493.4869 478.0652 463.6764 449.85 436.0231 422.1967 409.5843 405.132 400.6797 396.2274 391.7751 389.9054 389.6764 389.4473 389.2183 389.0201 389.1198 389.2196 389.3194 389.4192 392.0747 396.6152 401.1556 405.6962 410.3454 416.7741 423.2028 429.6315 436.0602 443.1111 450.6925 458.2739 465.8552 473.3918 478.8971 484.4024 489.9079 495.4132 498.1449 498.1428 498.1406 498.1385 498.1363 493.667 489.1325 484.5981 480.0636
665.5139 666.5325 663.2366 658.2579 653.2792 648.3005 642.3625 632.621 622.8795 613.138 603.3961 593.1339 582.6304 572.127 561.6235 550.3472 535.1726 519.9985 504.8243 489.6502 474.6587 459.7666 444.874 429.9819 416.1881 409.7767 403.3652 396.9537 390.5423 386.9338 385.1062 383.2787 381.4511 379.7635 379.4327 379.1019 378.7711 378.4403 380.814 385.1822 389.5504 393.9188 398.3916 404.5782 410.7647 416.9512 423.1377 429.8825 437.1032 444.324 451.5447 458.7517 465.3335 471.9152 478.4972 485.079 488.7706 489.6135 490.4563 491.2992 492.1421 487.9077 483.5993 479.2909 474.9825
677.2689 680.2735 678.1234 673.9629 669.8022 665.6417 660.1531 649.3998 638.6464 627.8931 617.1393 606.1227 594.9841 583.8456 572.707 560.9417 546.0146 531.0881 516.1616 501.235 485.6408 469.683 453.7247 437.767 422.7918 414.4212 406.0506 397.68 389.3094 383.9623 380.5362 377.1102 373.6841 370.5072 369.7458 368.9844 368.223 367.4616 369.5534 373.7494 377.9454 382.1415 386.4381 392.3824 398.3268 404.2711 410.2154 416.6541 423.5142 430.3744 437.2345 444.1118 451.7701 459.4283 467.0867 474.7449 479.3965 481.0843 482.7722 484.46 486.1479 482.1485 478.0662 473.9838 469.9015
689.0239 694.0145 693.0102 689.6678 686.3253 682.9828 677.9438 666.1786 654.4134 642.6482 630.8826 619.1116 607.3379 595.5642 583.7906 571.5362 556.8568 542.1777 527.4988 512.8198 496.6229 479.5994 462.5754 445.552 429.3954 419.0657 408.736 398.4063 388.0766 380.9908 375.9662 370.9416 365.9171 361.2509 360.0589 358.8669 357.6749 356.483 358.2928 362.3166 366.3404 370.3643 374.4846 380.1867 385.8889 391.591 397.2931 403.4257 409.9252 416.4247 422.9243 429.472 438.2067 446.9413 455.6763 464.4109 470.0223 472.5552 475.088 477.6209 480.1538 476.3893 472.5331 468.6768 464.8205
686.504 691.703 691.646 689.5391 687.432 685.3251 681.4407 670.5101 659.5795 648.6489 637.7178 626.2133 614.4429 602.6725 590.9022 578.6988 564.3111 549.9239 535.5367 521.1495 505.049 488.0157 470.9818 453.9486 437.6219 426.0452 414.4684 402.8917 391.315 382.7131 376.0017 369.2903 362.5789 356.2836 354.0227 351.7617 349.5008 347.2399 348.5336 352.449 356.3644 360.2799 364.2876 369.8064 375.3253 380.8441 386.363 392.2538 398.4614 404.6691 410.8768 417.1435 426.0853 435.0272 443.9694 452.9113 458.9002 461.9785 465.0568 468.1351 471.2134 467.7861 464.2639 460.7417 457.2195
682.6138 687.8505 688.7217 687.8903 687.0588 686.2274 683.5655 673.6467 663.7279 653.8091 643.89 632.7498 621.0441 609.3383 597.6324 585.532 571.4403 557.3491 543.2579 529.1666 513.2297 496.288 479.3456 462.4038 446.0042 433.2488 420.4934 407.738 394.9826 384.8861 376.4793 368.0726 359.6658 351.7281 348.3369 344.9457 341.5545 338.1634 338.9185 342.7317 346.5448 350.3581 354.2592 359.6004 364.9417 370.2829 375.6242 381.2792 387.2017 393.1241 399.0465 405.0368 414.1024 423.1681 432.2341 441.2997 447.6103 451.2053 454.8002 458.3952 461.9903 458.9098 455.7321 452.5543 449.3765
678.7236 683.998 685.7974 686.2415 686.6857 687.1298 685.6902 676.7833 667.8763 658.9694 650.0621 639.2864 627.6452 616.004 604.3627 592.3652 578.5695 564.7742 550.979 537.1838 521.4105 504.5602 487.7094 470.8591 454.3864 440.4524 426.5183 412.5843 398.6502 387.059 376.9569 366.8549 356.7528 347.1726 342.6512 338.1296 333.6082 329.0869 329.3035 333.0143 336.7252 340.4362 344.2307 349.3944 354.5581 359.7217 364.8854 370.3047 375.9419 381.5791 387.2162 392.9301 402.1195 411.309 420.4987 429.6882 436.3204 440.432 444.5437 448.6553 452.7671 450.0336 447.2003 444.3669 441.5336
674.8334 680.1454 682.873 684.5927 686.3124 688.0322 687.8151 679.9199 672.0248 664.1298 656.2344 645.8231 634.2465 622.6698 611.0932 599.1984 585.6987 572.1995 558.7003 545.2011 529.5914 512.8326 496.0732 479.3145 462.7689 447.6561 432.5434 417.4306 402.3179 389.232 377.4346 365.6371 353.8397 342.617 336.9653 331.3135 325.6619 320.0102 319.6882 323.2968 326.9055 330.5142 334.2021 339.1882 344.1743 349.1603 354.1464 359.33 364.6819 370.0339 375.3858 380.8232 390.1364 399.4496 408.7632 418.0764 425.0303 429.6586 434.2869 438.9152 443.5437 441.1571 438.6683 436.1794 433.6906
667.239 672.3412 675.5583 678.0403 680.5223 683.0042 683.6122 676.7918 669.9713 663.1508 656.3301 646.7398 635.8666 624.9935 614.1202 602.9257 590.1099 577.2944 564.4789 551.6635 536.4354 519.8936 503.3513 486.8096 470.3379 454.3363 438.3348 422.3333 406.3318 392.1789 379.2013 366.2236 353.246 340.8543 334.1426 327.4307 320.7189 314.0072 312.9639 316.101 319.238 322.3752 325.5986 330.2354 334.8721 339.5088 344.1455 349.0313 354.1294 359.2275 364.3255 369.515 378.8467 388.1785 397.5106 406.8423 414.034 419.1162 424.1984 429.2806 434.363 432.4389 430.4127 428.3865 426.3602
652.5515 656.9702 659.8368 662.0981 664.3594 666.6207 667.2932 661.6676 656.042 650.4163 644.7905 636.8953 627.949 619.0026 610.0563 600.7058 589.3162 577.9271 566.5378 555.1487 540.7195 524.6353 508.5505 492.4663 476.3496 460.0144 443.6791 427.3439 411.0087 396.6077 383.4363 370.2649 357.0935 344.4396 336.8021 329.1644 321.5269 313.8895 311.7748 313.7332 315.6915 317.65 319.7235 323.6821 327.6406 331.5992 335.5578 340.0268 344.9311 349.8354 354.7397 359.7356 368.8844 378.0331 387.1822 396.331 403.5999 409.0158 414.4317 419.8476 425.2637 424.0234 422.6861 421.3488 420.0115
637.8641 641.5992 644.1152 646.1559 648.1965 650.2372 650.9742 646.5434 642.1126 637.6819 633.2509 627.0508 620.0314 613.0118 605.9923 598.4858 588.5226 578.5597 568.5968 558.6339 545.0038 529.377 513.7498 498.123 482.3613 465.6924 449.0235 432.3545 415.6856 401.0364 387.6713 374.3061 360.9409 348.0248 339.4616 330.8981 322.3349 313.7717 310.5857 311.3654 312.145 312.9247 313.8483 317.1288 320.4092 323.6896 326.9701 331.0223 335.7328 340.4434 345.1539 349.9563 358.9221 367.8878 376.8539 385.8197 393.1658 398.9154 404.6649 410.4146 416.1643 415.6079 414.9595 414.3112 413.6628
623.1766 626.2282 628.3937 630.2137 632.0337 633.8536 634.6552 631.4192 628.1833 624.9474 621.7113 617.2064 612.1137 607.0211 601.9283 596.2659 587.7289 579.1923 570.6557 562.1191 549.288 534.1187 518.949 503.7797 488.373 471.3704 454.3678 437.3651 420.3625 405.4652 391.9063 378.3474 364.7884 351.6101 342.1212 332.6319 323.1429 313.6539 309.3966 308.9976 308.5985 308.1995 307.9732 310.5755 313.1778 315.7801 318.3823 322.0178 326.5345 331.0513 335.5681 340.1769 348.9597 357.7425 366.5256 375.3083 382.7317 388.8149 394.8982 400.9815 407.065 407.1924 407.2329 407.2735 407.314
608.4891 610.8572 612.6722 614.2715 615.8708 617.4701 618.3361 616.295 614.254 612.2129 610.1718 607.3619 604.1961 601.0303 597.8644 594.046 586.9354 579.825 572.7147 565.6043 553.5722 538.8604 524.1482 509.4364 494.3848 477.0484 459.7121 442.3758 425.0394 409.894 396.1413 382.3886 368.6359 355.1953 344.7806 334.3656 323.9509 313.5362 308.2075 306.6298 305.052 303.4742 302.0981 304.0222 305.9464 307.8705 309.7946 313.0132 317.3362 321.6593 325.9823 330.3976 338.9974 347.5972 356.1972 364.797 372.2975 378.7145 385.1315 391.5485 397.9657 398.7769 399.5063 400.2358 400.9653
596.2052 598.2311 599.7255 601.0125 602.2996 603.5865 604.318 602.8471 601.3763 599.9054 598.4345 596.2768 593.801 591.3252 588.8494 585.6588 578.8627 572.0667 565.2708 558.4749 547.2543 533.6246 519.9946 506.365 492.3362 475.6239 458.9117 442.1995 425.4873 410.7714 397.3246 383.8779 370.4312 357.2332 346.4466 335.6597 324.873 314.0865 308.353 306.3461 304.3392 302.3322 300.5287 302.0537 303.5787 305.1036 306.6286 309.4353 313.3355 317.2357 321.136 325.1332 333.5292 341.9251 350.3214 358.7173 366.2344 372.8851 379.5359 386.1866 392.8376 394.5241 396.1382 397.7523 399.3665
584.6244 586.4081 587.5906 588.5385 589.4865 590.4344 590.9731 589.8898 588.8065 587.7231 586.6398 584.8291 582.6816 580.5341 578.3866 575.4683 568.6613 561.8546 555.0479 548.2412 537.8358 525.4709 513.1058 500.741 487.9303 472.1223 456.3143 440.5063 424.6983 410.6102 397.6155 384.6209 371.6263 358.8185 347.822 336.8251 325.8286 314.8321 308.8887 306.6719 304.4551 302.2383 300.2186 301.4261 302.6335 303.8409 305.0484 307.4446 310.855 314.2655 317.6759 321.1894 329.3755 337.5615 345.7478 353.9339 361.4497 368.305 375.1602 382.0155 388.871 391.4888 394.0448 396.6008 399.1568
573.0436 574.5851 575.4557 576.0646 576.6735 577.2823 577.6284 576.9325 576.2367 575.5408 574.845 573.3814 571.5622 569.743 567.9238 565.2776 558.46 551.6425 544.825 538.0076 528.4172 517.3173 506.2169 495.117 483.5244 468.6206 453.7168 438.813 423.9093 410.4489 397.9064 385.3639 372.8213 360.4037 349.1973 337.9905 326.7841 315.5778 309.4244 306.9977 304.571 302.1443 299.9085 300.7984 301.6883 302.5782 303.4681 305.4538 308.3745 311.2952 314.2158 317.2456 325.2217 333.1979 341.1743 349.1504 356.6651 363.7249 370.7846 377.8444 384.9044 388.4536 391.9514 395.4493 398.9472
561.4628 562.7621 563.3209 563.5906 563.8604 564.1302 564.2835 563.9752 563.6669 563.3585 563.0502 561.9337 560.4428 558.9519 557.4611 555.0871 548.2586 541.4304 534.6021 527.7739 518.9987 509.1636 499.3281 489.493 479.1186 465.119 451.1194 437.1198 423.1203 410.2877 398.1973 386.1068 374.0164 361.989 350.5727 339.156 327.7397 316.3234 309.9602 307.3236 304.687 302.0503 299.5984 300.1708 300.7431 301.3155 301.8878 303.4631 305.894 308.3249 310.7558 313.3018 321.068 328.8342 336.6007 344.3669 351.8804 359.1447 366.409 373.6733 380.9379 385.4182 389.858 394.2978 398.7376
550.1375 551.1815 551.4365 551.3837 551.3309 551.278 551.2213 551.1487 551.076 551.0035 550.9308 550.0284 548.7415 547.4547 546.1678 543.9709 537.1833 530.396 523.6087 516.8214 508.7963 500.0973 491.3979 482.6989 473.443 460.4433 447.4436 434.444 421.4443 409.2767 397.6383 386.0 374.3617 362.7362 351.2354 339.7342 328.2333 316.7325 310.2544 307.4805 304.7066 301.9326 299.3391 299.6984 300.0577 300.417 300.7763 302.0806 304.1911 306.3016 308.4121 310.6388 318.1335 325.6283 333.1232 340.618 348.0448 355.4047 362.7646 370.1246 377.4848 382.7181 387.9205 393.1229 398.3252
539.807 540.5442 540.5272 540.2161 539.9049 539.5938 539.2592 538.8314 538.4036 537.9757 537.5479 536.3417 534.775 533.2083 531.6415 529.2512 522.7058 516.1606 509.6155 503.0704 495.5419 487.4779 479.4137 471.3498 462.8244 451.1971 439.5699 427.9426 416.3154 404.9574 393.7712 382.5849 371.3987 360.2208 349.1236 338.0261 326.9289 315.8317 309.6086 306.98 304.3514 301.7227 299.2773 299.8304 300.3834 300.9365 301.4896 303.066 305.5156 307.9651 310.4147 312.9622 319.9456 326.929 333.9127 340.8961 347.9038 354.9354 361.9671 368.9987 376.0305 381.3229 386.5898 391.8568 397.1237
529.4763 529.9067 529.6177 529.0483 528.4788 527.9094 527.2969 526.5138 525.7308 524.9478 524.1647 522.6548 520.8082 518.9616 517.1151 514.5311 508.228 501.9251 495.6221 489.3192 482.2873 474.8584 467.4293 460.0004 452.2056 441.9508 431.696 421.4412 411.1864 400.6381 389.904 379.1698 368.4356 357.7053 347.0118 336.3179 325.6244 314.9309 308.9627 306.4795 303.9962 301.5128 299.2155 299.9623 300.7091 301.456 302.2028 304.0514 306.8401 309.6287 312.4174 315.2856 321.7577 328.2298 334.7021 341.1743 347.7628 354.4661 361.1694 367.8728 374.5763 379.9276 385.2591 390.5906 395.9221
519.1457 519.2693 518.7085 517.8807 517.0529 516.2251 515.3347 514.1965 513.0583 511.92 510.7818 508.9681 506.8417 504.7152 502.5888 499.8114 493.7505 487.6897 481.629 475.5683 469.0329 462.2391 455.4451 448.6513 441.587 432.7047 423.8223 414.9399 406.0575 396.3189 386.0368 375.7547 365.4727 355.1898 344.9 334.6098 324.3199 314.0301 308.3169 305.9789 303.641 301.3029 299.1537 300.0943 301.0349 301.9754 302.916 305.0368 308.1646 311.2923 314.42 317.6089 323.5697 329.5305 335.4916 341.4524 347.6218 353.9968 360.3719 366.7469 373.1221 378.5323 383.9284 389.3245 394.7206
508.8152 508.632 507.7993 506.7131 505.627 504.5408 503.3727 501.8792 500.3857 498.8923 497.3988 495.2814 492.8751 490.4688 488.0625 485.0916 479.2729 473.4544 467.6358 461.8173 455.7785 449.6198 443.4608 437.3022 430.9684 423.4585 415.9485 408.4386 400.9286 391.9996 382.1696 372.3397 362.5097 352.6744 342.7882 332.9017 323.0155 313.1293 307.671 305.4784 303.2858 301.093 299.0919 300.2263 301.3606 302.4949 303.6292 306.0222 309.489 312.9558 316.4226 319.9323 325.3818 330.8313 336.281 341.7306 347.4808 353.5275 359.5742 365.6209 371.6679 377.137 382.5977 388.0583 393.519
503.5015 503.0731 501.8455 500.3062 498.7668 497.2276 495.5351 493.2352 490.9354 488.6356 486.3357 483.4447 480.2801 477.1154 473.9507 470.3915 464.8423 459.2933 453.7444 448.1953 442.5698 436.9026 431.2353 425.5681 419.7776 413.1582 406.5388 399.9193 393.2999 384.9683 375.5494 366.1305 356.7116 347.3337 338.3536 329.3732 320.3931 311.4129 306.5056 304.6018 302.698 300.7942 299.0662 300.2166 301.3669 302.5173 303.6677 306.0536 309.4938 312.934 316.3742 319.8505 324.9665 330.0824 335.1985 340.3145 345.7545 351.5139 357.2733 363.0327 368.7923 374.2166 379.6359 385.0552 390.4745
501.0711 500.4328 498.7397 496.6353 494.5308 492.4264 490.0679 486.7024 483.3369 479.9714 476.6058 472.6712 468.4732 464.2751 460.0771 455.7027 450.4388 445.175 439.9113 434.6476 429.3875 424.1293 418.871 413.6129 408.2579 402.252 396.2462 390.2404 384.2345 376.3782 367.3469 358.3155 349.2841 340.3692 332.584 324.7985 317.0132 309.2279 305.0414 303.509 301.9766 300.4442 299.0612 300.1255 301.1898 302.254 303.3182 305.5368 308.7401 311.9435 315.1469 318.3865 323.2711 328.1556 333.0403 337.9248 343.1171 348.6127 354.1084 359.6041 365.1 370.4196 375.7366 381.0537 386.3708
498.6407 497.7924 495.6339 492.9644 490.2947 487.6252 484.6008 480.1696 475.7384 471.3072 466.8759 461.8977 456.6663 451.4348 446.2034 441.0138 436.0352 431.0567 426.0782 421.0997 416.205 411.356 406.5067 401.6576 396.7382 391.3459 385.9536 380.5614 375.1691 367.7882 359.1443 350.5005 341.8566 333.4048 326.8144 320.2237 313.6333 307.0429 303.5773 302.4163 301.2552 300.0942 299.0563 300.0344 301.0126 301.9907 302.9688 305.0199 307.9865 310.953 313.9196 316.9225 321.5756 326.2287 330.882 335.535 340.4796 345.7116 350.9435 356.1755 361.4076 366.6227 371.8374 377.0522 382.267
496.2102 495.1521 492.5281 489.2934 486.0586 482.8239 479.1335 473.6366 468.1397 462.6429 457.1458 451.1241 444.8592 438.5944 432.3295 426.3247 421.6313 416.9381 412.2449 407.5517 403.0224 398.5824 394.1422 389.7022 385.2183 380.4396 375.6609 370.8823 366.1036 359.198 350.9417 342.6853 334.429 326.4402 321.0446 315.6489 310.2534 304.8578 302.1132 301.3235 300.5339 299.7442 299.0514 299.9434 300.8354 301.7274 302.6194 304.5031 307.2328 309.9626 312.6923 315.4586 319.8802 324.3018 328.7236 333.1452 337.8421 342.8104 347.7786 352.7468 357.7152 362.8256 367.9381 373.0507 378.1632
493.836 492.6638 489.66 485.9419 482.2236 478.5055 474.2222 467.6985 461.1748 454.6512 448.1273 441.0713 433.7689 426.4664 419.1639 412.3293 407.8544 403.3796 398.9048 394.43 390.2137 386.1382 382.0626 377.987 373.8953 369.6948 365.4944 361.2939 357.0934 350.6703 342.8354 335.0005 327.1656 319.6681 315.4402 311.2121 306.9842 302.7563 300.7118 300.2776 299.8434 299.4092 299.0461 299.8474 300.6487 301.45 302.2513 303.9582 306.4377 308.9172 311.3967 313.9128 318.0921 322.2713 326.4507 330.6299 335.0942 339.8393 344.5845 349.3296 354.075 359.1357 364.2012 369.2666 374.332
492.2613 492.3377 490.1722 487.1322 484.0921 481.0521 477.215 470.2177 463.2204 456.2231 449.2256 441.2693 432.8689 424.4684 416.068 408.1959 402.989 397.7823 392.5755 387.3687 382.7202 378.3755 374.0307 369.6861 365.3698 361.2447 357.1196 352.9945 348.8694 343.0285 336.0978 329.1671 322.2365 315.6315 312.184 308.7364 305.2889 301.8414 300.2025 299.8975 299.5925 299.2874 299.0371 299.6824 300.3276 300.9728 301.618 303.0149 305.053 307.0912 309.1293 311.2051 314.9861 318.767 322.5481 326.329 330.7745 335.8748 340.9752 346.0756 351.1761 356.9688 362.7716 368.5744 374.3772
490.6865 492.0117 490.6844 488.3225 485.9606 483.5988 480.2078 472.7369 465.266 457.7951 450.3239 441.4673 431.9688 422.4704 412.972 404.0626 398.1237 392.1849 386.2462 380.3074 375.2266 370.6128 365.9989 361.3851 356.8444 352.7946 348.7449 344.6951 340.6454 335.3867 329.3602 323.3337 317.3073 311.5949 308.9279 306.2607 303.5936 300.9265 299.6932 299.5174 299.3416 299.1657 299.0282 299.5173 300.0064 300.4956 300.9847 302.0716 303.6684 305.2652 306.862 308.4973 311.88 315.2627 318.6455 322.0281 326.4547 331.9103 337.366 342.8216 348.2773 354.8019 361.3421 367.8822 374.4224
