data/zism_data/00388_04_D.txt
ncols         224
nrows         224
[rows 168 to 195 of 224, columns 0 to 62 of 224]
4599.946 4600.261 4600.575 4601.258 4602.368 4603.478 4604.587 4605.697 4609.016 4612.507 4615.999 4619.49 4622.396 4624.391 4626.387 4628.382 4630.377 4630.667 4630.667 4630.667 4630.667 4629.868 4627.364 4624.859 4622.354 4619.85 4616.886 4613.794 4610.703 4607.611 4604.634 4602.01 4599.386 4596.763 4594.139 4592.342 4590.883 4589.424 4587.965 4586.478 4584.856 4583.234 4581.612 4579.991 4578.091 4576.034 4573.976 4571.919 4569.873 4567.93 4565.986 4564.042 4562.099 4560.683 4559.673 4558.662 4557.652 4556.665 4556.466 4556.267 4556.068 4555.869 4555.727
4600.529 4601.037 4601.546 4602.65 4604.443 4606.236 4608.029 4609.823 4614.304 4618.996 4623.688 4628.379 4632.178 4634.588 4636.998 4639.408 4641.818 4642.167 4642.167 4642.167 4642.167 4641.252 4638.381 4635.511 4632.64 4629.77 4626.085 4622.176 4618.266 4614.356 4610.509 4606.857 4603.206 4599.554 4595.901 4593.715 4592.127 4590.539 4588.951 4587.349 4585.678 4584.008 4582.338 4580.667 4578.75 4576.693 4574.635 4572.578 4570.516 4568.417 4566.317 4564.218 4562.118 4560.385 4558.933 4557.481 4556.03 4554.606 4554.149 4553.692 4553.235 4552.777 4552.411
4601.112 4601.814 4602.516 4604.041 4606.518 4608.995 4611.472 4613.948 4619.593 4625.485 4631.377 4637.269 4641.96 4644.785 4647.609 4650.434 4653.258 4653.667 4653.667 4653.667 4653.667 4652.635 4649.399 4646.162 4642.926 4639.689 4635.285 4630.557 4625.829 4621.101 4616.385 4611.705 4607.025 4602.345 4597.665 4595.089 4593.371 4591.654 4589.937 4588.219 4586.5 4584.782 4583.063 4581.344 4579.41 4577.352 4575.295 4573.237 4571.16 4568.904 4566.648 4564.393 4562.137 4560.086 4558.193 4556.3 4554.407 4552.548 4551.833 4551.117 4550.401 4549.686 4549.095
4601.91 4602.845 4603.78 4605.75 4608.917 4612.084 4615.251 4618.418 4625.185 4632.231 4639.278 4646.325 4651.886 4655.133 4658.38 4661.628 4664.875 4665.365 4665.388 4665.411 4665.433 4664.307 4660.726 4657.145 4653.563 4649.982 4644.893 4639.384 4633.875 4628.366 4622.804 4617.078 4611.352 4605.626 4599.9 4596.89 4594.987 4593.085 4591.183 4589.298 4587.498 4585.697 4583.897 4582.097 4580.129 4578.065 4576.002 4573.939 4571.841 4569.434 4567.027 4564.62 4562.213 4559.855 4557.535 4555.216 4552.896 4550.615 4549.637 4548.659 4547.68 4546.702 4545.878
4605.46 4607.132 4608.805 4611.53 4615.473 4619.415 4623.356 4627.298 4634.655 4642.277 4649.9 4657.523 4663.643 4667.423 4671.203 4674.983 4678.764 4679.598 4679.933 4680.268 4680.602 4679.666 4676.015 4672.364 4668.713 4665.062 4659.721 4653.911 4648.101 4642.291 4636.187 4629.185 4622.184 4615.182 4608.18 4604.162 4601.36 4598.56 4595.758 4593.043 4590.737 4588.431 4586.125 4583.818 4581.616 4579.471 4577.328 4575.183 4573.003 4570.505 4568.006 4565.508 4563.009 4560.478 4557.921 4555.365 4552.809 4550.289 4548.993 4547.697 4546.401 4545.105 4543.926
4609.01 4611.42 4613.83 4617.31 4622.027 4626.744 4631.461 4636.178 4644.125 4652.323 4660.522 4668.721 4675.399 4679.712 4684.026 4688.339 4692.652 4693.831 4694.478 4695.125 4695.771 4695.025 4691.305 4687.583 4683.863 4680.142 4674.55 4668.438 4662.326 4656.215 4649.569 4641.292 4633.015 4624.738 4616.46 4611.434 4607.734 4604.034 4600.334 4596.789 4593.977 4591.165 4588.352 4585.54 4583.102 4580.877 4578.653 4576.428 4574.166 4571.576 4568.986 4566.396 4563.806 4561.101 4558.308 4555.514 4552.721 4549.962 4548.348 4546.735 4545.122 4543.508 4541.975
4612.56 4615.708 4618.855 4623.09 4628.582 4634.074 4639.566 4645.058 4653.595 4662.37 4671.145 4679.919 4687.156 4692.002 4696.849 4701.695 4706.541 4708.063 4709.022 4709.981 4710.94 4710.385 4706.594 4702.803 4699.012 4695.221 4689.378 4682.965 4676.552 4670.139 4662.952 4653.399 4643.847 4634.294 4624.741 4618.707 4614.107 4609.509 4604.91 4600.534 4597.216 4593.898 4590.58 4587.261 4584.589 4582.283 4579.978 4577.672 4575.329 4572.647 4569.966 4567.284 4564.603 4561.724 4558.694 4555.664 4552.633 4549.635 4547.704 4545.773 4543.842 4541.912 4540.023
4616.11 4619.995 4623.88 4628.87 4635.137 4641.404 4647.671 4653.938 4663.065 4672.416 4681.767 4691.117 4698.914 4704.292 4709.671 4715.05 4720.429 4722.296 4723.567 4724.838 4726.11 4725.745 4721.884 4718.022 4714.162 4710.301 4704.207 4697.492 4690.778 4684.063 4676.335 4665.507 4654.678 4643.85 4633.021 4625.979 4620.481 4614.983 4609.486 4604.279 4600.455 4596.631 4592.807 4588.983 4586.076 4583.689 4581.303 4578.917 4576.491 4573.718 4570.945 4568.172 4565.399 4562.347 4559.08 4555.813 4552.546 4549.308 4547.06 4544.812 4542.563 4540.315 4538.072
4620.913 4625.423 4629.934 4635.608 4642.631 4649.654 4656.676 4663.699 4673.386 4683.281 4693.177 4703.072 4711.453 4717.478 4723.501 4729.526 4735.55 4737.815 4739.444 4741.072 4742.701 4742.439 4738.141 4733.841 4729.543 4725.244 4718.707 4711.547 4704.388 4697.229 4689.038 4677.689 4666.341 4654.992 4643.644 4635.784 4629.348 4622.912 4616.477 4610.342 4605.638 4600.935 4596.231 4591.528 4588.191 4585.631 4583.072 4580.512 4577.922 4575.066 4572.21 4569.354 4566.498 4563.336 4559.939 4556.542 4553.145 4549.771 4547.2 4544.628 4542.057 4539.485 4536.882
4626.865 4631.897 4636.93 4643.227 4650.987 4658.747 4666.506 4674.266 4684.486 4694.898 4705.311 4715.723 4724.711 4731.483 4738.256 4745.028 4751.801 4754.515 4756.542 4758.569 4760.595 4760.358 4755.284 4750.21 4745.136 4740.063 4732.906 4725.171 4717.436 4709.701 4701.118 4689.941 4678.765 4667.589 4656.412 4647.911 4640.5 4633.091 4625.681 4618.529 4612.604 4606.678 4600.752 4594.827 4590.883 4588.065 4585.247 4582.429 4579.6 4576.668 4573.737 4570.805 4567.874 4564.661 4561.231 4557.802 4554.373 4550.958 4548.058 4545.158 4542.258 4539.358 4536.39
4632.817 4638.372 4643.926 4650.845 4659.342 4667.839 4676.337 4684.834 4695.587 4706.516 4717.445 4728.374 4737.969 4745.49 4753.01 4760.531 4768.052 4771.215 4773.64 4776.065 4778.49 4778.277 4772.428 4766.579 4760.73 4754.881 4747.105 4738.794 4730.483 4722.172 4713.197 4702.193 4691.189 4680.185 4669.181 4660.037 4651.653 4643.269 4634.885 4626.716 4619.568 4612.421 4605.273 4598.126 4593.575 4590.499 4587.422 4584.346 4581.276 4578.27 4575.263 4572.256 4569.25 4565.985 4562.524 4559.062 4555.6 4552.145 4548.917 4545.688 4542.46 4539.232 4535.898
4638.769 4644.845 4650.922 4658.463 4667.698 4676.933 4686.167 4695.402 4706.688 4718.133 4729.579 4741.024 4751.227 4759.496 4767.765 4776.034 4784.302 4787.915 4790.738 4793.562 4796.384 4796.195 4789.572 4782.948 4776.324 4769.7 4761.305 4752.417 4743.53 4734.644 4725.277 4714.445 4703.613 4692.782 4681.949 4672.164 4662.806 4653.447 4644.089 4634.903 4626.533 4618.164 4609.795 4601.426 4596.267 4592.932 4589.598 4586.263 4582.954 4579.872 4576.79 4573.708 4570.625 4567.31 4563.816 4560.322 4556.828 4553.332 4549.775 4546.219 4542.662 4539.105 4535.406
4644.721 4651.319 4657.918 4666.081 4676.053 4686.025 4695.998 4705.97 4717.788 4729.75 4741.712 4753.675 4764.485 4773.502 4782.519 4791.536 4800.553 4804.615 4807.836 4811.058 4814.279 4814.114 4806.715 4799.316 4791.917 4784.518 4775.504 4766.041 4756.578 4747.115 4737.357 4726.697 4716.038 4705.378 4694.718 4684.291 4673.958 4663.626 4653.293 4643.089 4633.499 4623.907 4614.316 4604.725 4598.959 4595.366 4591.773 4588.18 4584.631 4581.473 4578.316 4575.158 4572.001 4568.635 4565.108 4561.582 4558.056 4554.519 4550.634 4546.749 4542.864 4538.979 4534.914
4650.424 4657.101 4663.777 4672.159 4682.514 4692.867 4703.222 4713.576 4725.503 4737.554 4749.604 4761.655 4772.549 4781.646 4790.742 4799.838 4808.934 4813.294 4816.852 4820.409 4823.966 4824.197 4817.325 4810.452 4803.579 4796.707 4787.417 4777.457 4767.496 4757.536 4747.294 4736.195 4725.097 4713.998 4702.898 4692.023 4681.239 4670.455 4659.671 4649.027 4639.05 4629.074 4619.097 4609.12 4602.793 4598.539 4594.285 4590.031 4585.898 4582.833 4579.767 4576.701 4573.636 4570.348 4566.888 4563.429 4559.969 4556.497 4552.598 4548.698 4544.798 4540.898 4536.8
4656.121 4662.862 4669.603 4678.191 4688.917 4699.643 4710.368 4721.093 4733.118 4745.244 4757.37 4769.496 4780.459 4789.614 4798.77 4807.925 4817.081 4821.735 4825.625 4829.517 4833.407 4834.046 4827.739 4821.431 4815.124 4808.816 4799.262 4788.806 4778.351 4767.895 4757.168 4745.612 4734.055 4722.499 4710.942 4699.625 4688.404 4677.185 4665.964 4654.897 4644.56 4634.223 4623.885 4613.548 4606.661 4601.734 4596.808 4591.881 4587.153 4584.185 4581.216 4578.247 4575.278 4572.072 4568.683 4565.293 4561.903 4558.499 4554.594 4550.689 4546.784 4542.879 4538.756
4661.817 4668.622 4675.428 4684.224 4695.321 4706.417 4717.514 4728.611 4740.732 4752.934 4765.135 4777.336 4788.369 4797.583 4806.798 4816.013 4825.227 4830.175 4834.399 4838.624 4842.849 4843.896 4838.153 4832.411 4826.668 4820.926 4811.107 4800.156 4789.206 4778.254 4767.042 4755.028 4743.014 4731.0 4718.986 4707.226 4695.57 4683.914 4672.257 4660.768 4650.07 4639.372 4628.674 4617.976 4610.529 4604.93 4599.331 4593.731 4588.409 4585.537 4582.665 4579.793 4576.921 4573.796 4570.477 4567.157 4563.838 4560.501 4556.591 4552.68 4548.77 4544.859 4540.713
4667.513 4674.383 4681.253 4690.256 4701.724 4713.192 4724.661 4736.129 4748.347 4760.624 4772.9 4785.177 4796.278 4805.552 4814.826 4824.1 4833.374 4838.616 4843.174 4847.732 4852.291 4853.745 4848.567 4843.39 4838.213 4833.036 4822.953 4811.506 4800.06 4788.614 4776.915 4764.444 4751.972 4739.501 4727.029 4714.828 4702.735 4690.643 4678.551 4666.639 4655.58 4644.521 4633.462 4622.404 4614.397 4608.125 4601.853 4595.581 4589.664 4586.889 4584.114 4581.339 4578.564 4575.521 4572.271 4569.021 4565.772 4562.503 4558.587 4554.671 4550.756 4546.84 4542.669
4672.413 4679.293 4686.174 4695.311 4707.058 4718.805 4730.552 4742.298 4754.806 4767.373 4779.94 4792.507 4803.854 4813.305 4822.755 4832.206 4841.657 4847.07 4851.799 4856.529 4861.258 4862.945 4858.134 4853.323 4848.512 4843.701 4833.458 4821.707 4809.956 4798.204 4786.17 4773.271 4760.371 4747.471 4734.572 4721.986 4709.528 4697.07 4684.612 4672.319 4660.809 4649.299 4637.789 4626.279 4617.724 4610.847 4603.97 4597.093 4590.649 4588.048 4585.447 4582.846 4580.245 4577.35 4574.229 4571.108 4567.988 4564.846 4561.006 4557.167 4553.327 4549.487 4545.367
4676.214 4683.03 4689.847 4699.019 4710.917 4722.814 4734.712 4746.609 4759.672 4772.825 4785.979 4799.132 4810.97 4820.759 4830.549 4840.339 4850.129 4855.545 4860.221 4864.896 4869.571 4871.251 4866.532 4861.812 4857.092 4852.373 4842.116 4830.322 4818.527 4806.733 4794.571 4781.284 4767.997 4754.71 4741.423 4728.534 4715.806 4703.08 4690.352 4677.737 4665.651 4653.565 4641.479 4629.394 4620.303 4612.915 4605.526 4598.138 4591.264 4588.942 4586.621 4584.3 4581.979 4579.324 4576.413 4573.502 4570.592 4567.659 4564.008 4560.357 4556.705 4553.054 4549.088
4680.016 4686.768 4693.519 4702.727 4714.775 4726.823 4738.872 4750.919 4764.538 4778.277 4792.018 4805.758 4818.085 4828.214 4838.343 4848.472 4858.601 4864.021 4868.642 4873.263 4877.885 4879.557 4874.929 4870.301 4865.673 4861.045 4850.774 4838.937 4827.1 4815.262 4802.972 4789.297 4775.623 4761.948 4748.273 4735.081 4722.084 4709.089 4696.092 4683.155 4670.493 4657.831 4645.169 4632.507 4622.882 4614.983 4607.083 4599.184 4591.878 4589.836 4587.795 4585.754 4583.712 4581.298 4578.598 4575.896 4573.196 4570.473 4567.01 4563.547 4560.083 4556.621 4552.809
4683.818 4690.505 4697.191 4706.435 4718.634 4730.833 4743.032 4755.23 4769.403 4783.73 4798.057 4812.384 4825.201 4835.668 4846.136 4856.604 4867.072 4872.496 4877.063 4881.631 4886.198 4887.863 4883.327 4878.79 4874.253 4869.717 4859.433 4847.552 4835.671 4823.791 4811.373 4797.311 4783.249 4769.187 4755.125 4741.629 4728.363 4715.098 4701.833 4688.572 4675.334 4662.097 4648.859 4635.622 4625.462 4617.051 4608.64 4600.229 4592.492 4590.731 4588.969 4587.208 4585.446 4583.272 4580.782 4578.291 4575.8 4573.286 4570.012 4566.737 4563.462 4560.188 4556.529
4687.62 4694.242 4700.864 4710.143 4722.492 4734.842 4747.191 4759.541 4774.269 4789.182 4804.096 4819.009 4832.316 4843.123 4853.93 4864.737 4875.544 4880.97 4885.484 4889.998 4894.512 4896.169 4891.724 4887.279 4882.834 4878.389 4868.091 4856.167 4844.244 4832.32 4819.774 4805.325 4790.875 4776.426 4761.976 4748.176 4734.642 4721.107 4707.573 4693.99 4680.176 4666.363 4652.549 4638.735 4628.041 4619.119 4610.196 4601.274 4593.107 4591.625 4590.144 4588.662 4587.18 4585.247 4582.966 4580.685 4578.404 4576.1 4573.013 4569.927 4566.841 4563.754 4560.25
4691.505 4698.624 4705.743 4715.484 4728.256 4741.027 4753.799 4766.571 4781.557 4796.715 4811.874 4827.032 4840.475 4851.246 4862.018 4872.79 4883.561 4888.768 4893.031 4897.295 4901.558 4902.907 4898.029 4893.151 4888.273 4883.396 4872.663 4860.302 4847.943 4835.583 4822.766 4808.552 4794.337 4780.123 4765.908 4752.198 4738.694 4725.19 4711.686 4698.054 4683.814 4669.574 4655.334 4641.095 4630.126 4621.015 4611.904 4602.793 4594.487 4593.304 4592.121 4590.938 4589.755 4588.107 4586.102 4584.096 4582.091 4580.049 4576.8 4573.551 4570.302 4567.053 4563.546
4695.402 4703.103 4710.803 4721.07 4734.305 4747.54 4760.774 4774.009 4789.208 4804.56 4819.913 4835.265 4848.789 4859.469 4870.149 4880.83 4891.51 4896.464 4900.448 4904.431 4908.415 4909.41 4904.021 4898.631 4893.242 4887.853 4876.621 4863.766 4850.911 4838.056 4824.947 4811.061 4797.174 4783.288 4769.402 4755.841 4742.412 4728.983 4715.555 4701.915 4687.271 4672.628 4657.984 4643.341 4632.136 4622.886 4613.635 4604.384 4595.983 4595.101 4594.22 4593.338 4592.456 4591.101 4589.38 4587.66 4585.94 4584.169 4580.705 4577.241 4573.776 4570.313 4566.778
4699.299 4707.581 4715.863 4726.657 4740.354 4754.052 4767.75 4781.447 4796.859 4812.405 4827.951 4843.497 4857.104 4867.692 4878.281 4888.87 4899.458 4904.16 4907.864 4911.567 4915.271 4915.913 4910.012 4904.111 4898.211 4892.311 4880.58 4867.229 4853.879 4840.529 4827.127 4813.57 4800.012 4786.454 4772.896 4759.483 4746.13 4732.777 4719.424 4705.776 4690.729 4675.682 4660.634 4645.587 4634.147 4624.756 4615.366 4605.975 4597.479 4596.898 4596.318 4595.738 4595.157 4594.094 4592.659 4591.224 4589.789 4588.289 4584.61 4580.93 4577.251 4573.571 4570.01
4703.197 4712.06 4720.923 4732.243 4746.404 4760.564 4774.725 4788.885 4804.51 4820.25 4835.99 4851.729 4865.418 4875.915 4886.413 4896.91 4907.407 4911.856 4915.28 4918.704 4922.127 4922.415 4916.003 4909.591 4903.18 4896.768 4884.539 4870.693 4856.848 4843.002 4829.308 4816.079 4802.849 4789.62 4776.39 4763.126 4749.848 4736.571 4723.292 4709.637 4694.186 4678.735 4663.284 4647.833 4636.157 4626.627 4617.096 4607.566 4598.974 4598.695 4598.416 4598.137 4597.858 4597.087 4595.938 4594.788 4593.639 4592.409 4588.515 4584.62 4580.725 4576.83 4573.242
4707.099 4716.468 4725.837 4737.492 4751.791 4766.09 4780.389 4794.688 4810.5 4826.43 4842.36 4858.29 4872.161 4882.828 4893.494 4904.161 4914.828 4919.163 4922.425 4925.688 4928.95 4928.921 4921.863 4914.804 4907.745 4900.687 4887.927 4873.585 4859.243 4844.9 4830.882 4817.855 4804.829 4791.803 4778.776 4765.639 4752.457 4739.275 4726.093 4712.516 4697.053 4681.592 4666.13 4650.668 4638.978 4629.429 4619.88 4610.332 4601.754 4601.782 4601.81 4601.838 4601.865 4601.325 4600.347 4599.37 4598.392 4597.319 4593.055 4588.79 4584.525 4580.261 4576.547
4711.011 4720.724 4730.438 4742.021 4755.765 4769.51 4783.254 4796.999 4812.94 4829.053 4845.167 4861.28 4875.546 4886.939 4898.333 4909.726 4921.12 4925.639 4928.992 4932.346 4935.7 4935.435 4927.44 4919.444 4911.449 4903.454 4890.1 4875.256 4860.414 4845.571 4831.159 4818.068 4804.977 4791.886 4778.794 4765.738 4752.696 4739.655 4726.613 4713.294 4698.661 4684.029 4669.396 4654.763 4643.527 4634.22 4624.914 4615.607 4607.28 4607.625 4607.971 4608.316 4608.662 4608.219 4607.172 4606.124 4605.077 4603.916 4598.951 4593.987 4589.023 4584.059 4580.008
