data/zism_data/00380_01_D.txt
ncols         224
nrows         224
[rows 145 to 173 of 224, columns 0 to 63 of 224]
1323.517 1323.722 1323.926 1324.0 1324.0 1324.0 1324.0 1324.018 1324.163 1324.308 1324.454 1324.599 1324.702 1324.778 1324.854 1324.931 1325.016 1325.199 1325.382 1325.566 1325.749 1325.85 1325.888 1325.926 1325.964 1326.005 1326.113 1326.22 1326.327 1326.434 1326.545 1326.659 1326.773 1326.888 1327.003 1327.224 1327.446 1327.667 1327.889 1328.0 1328.0 1328.0 1328.0 1328.0 1328.217 1328.438 1328.659 1328.881 1329.0 1329.0 1329.0 1329.0 1329.0 1329.209 1329.43 1329.651 1329.873 1330.0 1330.0 1330.0 1330.0 1330.0 1330.17 1330.358
1323.479 1323.7 1323.921 1324.0 1324.0 1324.0 1324.0 1324.015 1324.139 1324.263 1324.386 1324.51 1324.618 1324.716 1324.813 1324.911 1325.015 1325.187 1325.36 1325.532 1325.705 1325.807 1325.856 1325.905 1325.954 1326.004 1326.079 1326.154 1326.229 1326.304 1326.417 1326.563 1326.709 1326.856 1327.003 1327.224 1327.446 1327.667 1327.889 1328.0 1328.0 1328.0 1328.0 1328.0 1328.217 1328.438 1328.659 1328.881 1329.0 1329.0 1329.0 1329.0 1329.0 1329.209 1329.43 1329.651 1329.873 1330.0 1330.0 1330.0 1330.0 1330.0 1330.2 1330.42
1323.377 1323.552 1323.726 1323.819 1323.866 1323.912 1323.959 1324.013 1324.121 1324.228 1324.335 1324.443 1324.554 1324.668 1324.782 1324.896 1325.012 1325.148 1325.283 1325.419 1325.555 1325.662 1325.748 1325.833 1325.919 1326.003 1326.061 1326.119 1326.178 1326.236 1326.35 1326.513 1326.676 1326.839 1327.003 1327.193 1327.383 1327.573 1327.764 1327.875 1327.906 1327.937 1327.968 1327.999 1328.201 1328.407 1328.613 1328.819 1328.937 1328.952 1328.968 1328.984 1328.999 1329.209 1329.43 1329.651 1329.873 1330.013 1330.044 1330.075 1330.107 1330.138 1330.313 1330.503
1323.272 1323.399 1323.525 1323.631 1323.726 1323.821 1323.917 1324.011 1324.102 1324.194 1324.285 1324.376 1324.491 1324.621 1324.751 1324.881 1325.008 1325.107 1325.205 1325.303 1325.401 1325.514 1325.637 1325.76 1325.883 1326.002 1326.044 1326.086 1326.128 1326.17 1326.286 1326.465 1326.644 1326.823 1327.002 1327.16 1327.318 1327.476 1327.634 1327.745 1327.808 1327.872 1327.935 1327.999 1328.186 1328.375 1328.565 1328.754 1328.871 1328.903 1328.935 1328.966 1328.998 1329.209 1329.43 1329.651 1329.873 1330.027 1330.09 1330.154 1330.217 1330.281 1330.43 1330.588
1323.168 1323.246 1323.323 1323.443 1323.587 1323.73 1323.874 1324.009 1324.084 1324.159 1324.235 1324.31 1324.428 1324.574 1324.72 1324.866 1325.005 1325.066 1325.126 1325.187 1325.247 1325.365 1325.526 1325.686 1325.847 1326.001 1326.027 1326.053 1326.079 1326.105 1326.221 1326.417 1326.612 1326.807 1327.002 1327.127 1327.253 1327.379 1327.504 1327.615 1327.711 1327.807 1327.902 1327.998 1328.17 1328.343 1328.517 1328.69 1328.806 1328.854 1328.901 1328.949 1328.997 1329.209 1329.43 1329.651 1329.873 1330.041 1330.136 1330.232 1330.328 1330.423 1330.546 1330.672
1323.063 1323.093 1323.122 1323.255 1323.448 1323.64 1323.832 1324.007 1324.066 1324.125 1324.184 1324.243 1324.365 1324.527 1324.689 1324.852 1325.002 1325.025 1325.048 1325.07 1325.093 1325.216 1325.414 1325.613 1325.812 1326.0 1326.01 1326.02 1326.03 1326.04 1326.157 1326.368 1326.58 1326.792 1327.001 1327.095 1327.188 1327.281 1327.375 1327.485 1327.613 1327.741 1327.869 1327.997 1328.154 1328.311 1328.469 1328.626 1328.74 1328.804 1328.868 1328.932 1328.996 1329.209 1329.43 1329.651 1329.873 1330.054 1330.182 1330.31 1330.438 1330.566 1330.663 1330.756
1323.0 1323.0 1323.0 1323.138 1323.353 1323.568 1323.783 1323.978 1324.029 1324.08 1324.131 1324.183 1324.31 1324.486 1324.662 1324.839 1325.0 1325.0 1325.0 1325.0 1325.0 1325.126 1325.347 1325.568 1325.79 1326.0 1326.0 1326.0 1326.0 1326.0 1326.118 1326.339 1326.561 1326.782 1327.001 1327.075 1327.149 1327.222 1327.296 1327.407 1327.554 1327.702 1327.849 1327.997 1328.144 1328.292 1328.439 1328.587 1328.701 1328.774 1328.848 1328.922 1328.996 1329.209 1329.43 1329.651 1329.873 1330.063 1330.21 1330.358 1330.505 1330.653 1330.734 1330.807
1323.0 1323.0 1323.0 1323.127 1323.326 1323.525 1323.724 1323.905 1323.962 1324.019 1324.075 1324.132 1324.268 1324.455 1324.642 1324.829 1325.0 1325.0 1325.0 1325.0 1325.0 1325.126 1325.347 1325.568 1325.79 1326.0 1326.0 1326.0 1326.0 1326.0 1326.118 1326.339 1326.561 1326.782 1327.001 1327.075 1327.149 1327.222 1327.296 1327.407 1327.554 1327.702 1327.849 1327.997 1328.144 1328.292 1328.439 1328.587 1328.701 1328.774 1328.848 1328.922 1328.996 1329.209 1329.43 1329.651 1329.873 1330.063 1330.21 1330.358 1330.505 1330.653 1330.734 1330.807
1323.0 1323.0 1323.0 1323.117 1323.3 1323.482 1323.665 1323.833 1323.895 1323.957 1324.019 1324.081 1324.225 1324.423 1324.621 1324.819 1325.0 1325.0 1325.0 1325.0 1325.0 1325.126 1325.347 1325.568 1325.79 1326.0 1326.0 1326.0 1326.0 1326.0 1326.118 1326.339 1326.561 1326.782 1327.001 1327.075 1327.149 1327.222 1327.296 1327.407 1327.554 1327.702 1327.849 1327.997 1328.144 1328.292 1328.439 1328.587 1328.701 1328.774 1328.848 1328.922 1328.996 1329.209 1329.43 1329.651 1329.873 1330.063 1330.21 1330.358 1330.505 1330.653 1330.734 1330.807
1323.0 1323.0 1323.0 1323.107 1323.273 1323.44 1323.606 1323.761 1323.828 1323.896 1323.963 1324.031 1324.183 1324.392 1324.601 1324.809 1325.0 1325.0 1325.0 1325.0 1325.0 1325.126 1325.347 1325.568 1325.79 1326.0 1326.0 1326.0 1326.0 1326.0 1326.118 1326.339 1326.561 1326.782 1327.001 1327.075 1327.149 1327.222 1327.296 1327.407 1327.554 1327.702 1327.849 1327.997 1328.144 1328.292 1328.439 1328.587 1328.701 1328.774 1328.848 1328.922 1328.996 1329.209 1329.43 1329.651 1329.873 1330.063 1330.21 1330.358 1330.505 1330.653 1330.734 1330.807
1323.0 1323.0 1323.0 1323.096 1323.247 1323.397 1323.547 1323.688 1323.761 1323.834 1323.907 1323.98 1324.141 1324.361 1324.58 1324.799 1325.0 1325.0 1325.0 1325.0 1325.0 1325.126 1325.347 1325.568 1325.79 1326.0 1326.0 1326.0 1326.0 1326.0 1326.118 1326.339 1326.561 1326.782 1327.001 1327.075 1327.149 1327.222 1327.296 1327.407 1327.554 1327.702 1327.849 1327.997 1328.144 1328.292 1328.439 1328.587 1328.701 1328.774 1328.848 1328.922 1328.996 1329.209 1329.43 1329.651 1329.873 1330.063 1330.21 1330.358 1330.505 1330.653 1330.734 1330.807
1322.916 1322.952 1322.987 1323.077 1323.198 1323.319 1323.44 1323.559 1323.659 1323.759 1323.86 1323.96 1324.134 1324.355 1324.576 1324.798 1325.0 1325.0 1325.0 1325.0 1325.0 1325.126 1325.347 1325.568 1325.79 1326.0 1326.0 1326.0 1326.0 1326.0 1326.118 1326.339 1326.561 1326.782 1327.001 1327.102 1327.202 1327.303 1327.403 1327.514 1327.635 1327.756 1327.876 1327.997 1328.157 1328.318 1328.479 1328.64 1328.761 1328.835 1328.908 1328.982 1329.056 1329.256 1329.464 1329.672 1329.88 1330.063 1330.21 1330.358 1330.505 1330.653 1330.734 1330.807
1322.815 1322.893 1322.972 1323.057 1323.145 1323.234 1323.323 1323.417 1323.549 1323.682 1323.815 1323.948 1324.134 1324.355 1324.576 1324.798 1325.0 1325.0 1325.0 1325.0 1325.0 1325.126 1325.347 1325.568 1325.79 1326.0 1326.0 1326.0 1326.0 1326.0 1326.118 1326.339 1326.561 1326.782 1327.002 1327.135 1327.267 1327.4 1327.533 1327.644 1327.732 1327.821 1327.909 1327.998 1328.173 1328.35 1328.527 1328.704 1328.834 1328.907 1328.981 1329.055 1329.129 1329.314 1329.506 1329.698 1329.89 1330.063 1330.21 1330.358 1330.505 1330.653 1330.734 1330.807
1322.713 1322.835 1322.956 1323.036 1323.092 1323.149 1323.205 1323.275 1323.44 1323.605 1323.77 1323.935 1324.134 1324.355 1324.576 1324.798 1325.0 1325.0 1325.0 1325.0 1325.0 1325.126 1325.347 1325.568 1325.79 1326.0 1326.0 1326.0 1326.0 1326.0 1326.118 1326.339 1326.561 1326.782 1327.002 1327.167 1327.332 1327.497 1327.662 1327.773 1327.83 1327.886 1327.943 1327.999 1328.189 1328.382 1328.575 1328.769 1328.907 1328.98 1329.054 1329.128 1329.202 1329.372 1329.547 1329.723 1329.899 1330.063 1330.21 1330.358 1330.505 1330.653 1330.734 1330.807
1322.611 1322.776 1322.941 1323.015 1323.039 1323.063 1323.088 1323.133 1323.33 1323.527 1323.725 1323.922 1324.134 1324.355 1324.576 1324.798 1325.0 1325.0 1325.0 1325.0 1325.0 1325.126 1325.347 1325.568 1325.79 1326.0 1326.0 1326.0 1326.0 1326.0 1326.118 1326.339 1326.561 1326.782 1327.003 1327.2 1327.397 1327.595 1327.792 1327.903 1327.927 1327.951 1327.975 1328.0 1328.205 1328.414 1328.623 1328.833 1328.98 1329.053 1329.127 1329.201 1329.275 1329.429 1329.589 1329.749 1329.908 1330.063 1330.21 1330.358 1330.505 1330.653 1330.734 1330.807
1322.524 1322.718 1322.912 1322.984 1322.988 1322.992 1322.996 1323.027 1323.248 1323.47 1323.691 1323.912 1324.131 1324.349 1324.566 1324.783 1324.982 1324.986 1324.99 1324.994 1324.998 1325.124 1325.343 1325.561 1325.78 1325.988 1325.99 1325.993 1325.996 1325.999 1326.117 1326.337 1326.557 1326.777 1326.997 1327.211 1327.426 1327.64 1327.855 1327.967 1327.975 1327.983 1327.992 1328.0 1328.213 1328.43 1328.647 1328.864 1329.017 1329.095 1329.173 1329.251 1329.329 1329.472 1329.62 1329.768 1329.915 1330.063 1330.212 1330.361 1330.51 1330.659 1330.74 1330.813
1322.476 1322.659 1322.843 1322.921 1322.942 1322.962 1322.982 1323.027 1323.248 1323.47 1323.691 1323.912 1324.121 1324.323 1324.524 1324.725 1324.91 1324.93 1324.951 1324.971 1324.991 1325.118 1325.326 1325.534 1325.742 1325.94 1325.953 1325.967 1325.98 1325.994 1326.114 1326.329 1326.543 1326.758 1326.972 1327.16 1327.347 1327.535 1327.722 1327.837 1327.878 1327.918 1327.959 1327.999 1328.197 1328.398 1328.599 1328.8 1328.952 1329.046 1329.14 1329.234 1329.328 1329.472 1329.62 1329.768 1329.915 1330.066 1330.22 1330.374 1330.528 1330.683 1330.764 1330.838
1322.428 1322.601 1322.773 1322.859 1322.895 1322.932 1322.968 1323.027 1323.248 1323.47 1323.691 1323.912 1324.112 1324.297 1324.482 1324.667 1324.839 1324.875 1324.911 1324.948 1324.984 1325.112 1325.309 1325.506 1325.703 1325.891 1325.916 1325.94 1325.964 1325.989 1326.111 1326.321 1326.53 1326.739 1326.948 1327.108 1327.269 1327.429 1327.59 1327.707 1327.78 1327.853 1327.926 1327.998 1328.181 1328.366 1328.551 1328.736 1328.886 1328.996 1329.107 1329.217 1329.327 1329.472 1329.62 1329.768 1329.915 1330.068 1330.227 1330.387 1330.547 1330.707 1330.788 1330.862
1322.381 1322.543 1322.704 1322.796 1322.849 1322.901 1322.954 1323.027 1323.248 1323.47 1323.691 1323.912 1324.102 1324.271 1324.44 1324.608 1324.767 1324.82 1324.872 1324.925 1324.977 1325.106 1325.292 1325.478 1325.665 1325.843 1325.878 1325.913 1325.949 1325.984 1326.109 1326.312 1326.516 1326.72 1326.923 1327.057 1327.19 1327.324 1327.458 1327.577 1327.682 1327.787 1327.893 1327.998 1328.165 1328.334 1328.503 1328.671 1328.821 1328.947 1329.073 1329.2 1329.326 1329.472 1329.62 1329.768 1329.915 1330.07 1330.235 1330.4 1330.565 1330.73 1330.813 1330.886
1322.333 1322.484 1322.635 1322.734 1322.802 1322.871 1322.94 1323.027 1323.248 1323.47 1323.691 1323.912 1324.092 1324.245 1324.397 1324.55 1324.695 1324.764 1324.833 1324.902 1324.97 1325.1 1325.275 1325.451 1325.626 1325.795 1325.841 1325.887 1325.933 1325.979 1326.106 1326.304 1326.503 1326.701 1326.898 1327.005 1327.112 1327.219 1327.325 1327.447 1327.585 1327.722 1327.86 1327.997 1328.149 1328.302 1328.455 1328.607 1328.755 1328.898 1329.04 1329.183 1329.325 1329.472 1329.62 1329.768 1329.915 1330.072 1330.243 1330.413 1330.584 1330.754 1330.837 1330.911
1322.271 1322.396 1322.521 1322.628 1322.724 1322.82 1322.916 1323.024 1323.224 1323.423 1323.622 1323.821 1323.989 1324.137 1324.284 1324.432 1324.575 1324.671 1324.767 1324.863 1324.959 1325.089 1325.247 1325.404 1325.562 1325.714 1325.778 1325.842 1325.906 1325.97 1326.101 1326.29 1326.479 1326.669 1326.857 1326.952 1327.046 1327.141 1327.236 1327.362 1327.521 1327.679 1327.838 1327.997 1328.144 1328.292 1328.439 1328.587 1328.735 1328.882 1329.03 1329.177 1329.325 1329.472 1329.62 1329.768 1329.915 1330.076 1330.256 1330.435 1330.615 1330.794 1330.878 1330.952
1322.201 1322.294 1322.387 1322.503 1322.631 1322.759 1322.887 1323.02 1323.187 1323.354 1323.521 1323.688 1323.843 1323.991 1324.138 1324.286 1324.432 1324.56 1324.688 1324.816 1324.945 1325.077 1325.213 1325.349 1325.485 1325.618 1325.703 1325.789 1325.875 1325.96 1326.095 1326.274 1326.452 1326.631 1326.808 1326.897 1326.987 1327.076 1327.165 1327.297 1327.472 1327.647 1327.821 1327.996 1328.144 1328.292 1328.439 1328.587 1328.735 1328.882 1329.03 1329.177 1329.325 1329.472 1329.62 1329.768 1329.915 1330.081 1330.271 1330.461 1330.652 1330.842 1330.927 1331.0
1322.131 1322.192 1322.253 1322.378 1322.538 1322.699 1322.859 1323.016 1323.151 1323.286 1323.42 1323.555 1323.697 1323.845 1323.992 1324.14 1324.289 1324.449 1324.61 1324.77 1324.931 1325.065 1325.179 1325.294 1325.408 1325.522 1325.629 1325.736 1325.843 1325.95 1326.089 1326.257 1326.425 1326.593 1326.759 1326.843 1326.927 1327.011 1327.095 1327.232 1327.423 1327.614 1327.805 1327.996 1328.144 1328.292 1328.439 1328.587 1328.735 1328.882 1329.03 1329.177 1329.325 1329.472 1329.62 1329.768 1329.915 1330.085 1330.286 1330.487 1330.688 1330.89 1330.975 1331.049
1322.062 1322.09 1322.119 1322.252 1322.445 1322.638 1322.831 1323.013 1323.115 1323.217 1323.319 1323.422 1323.551 1323.699 1323.846 1323.994 1324.146 1324.338 1324.531 1324.724 1324.917 1325.053 1325.146 1325.238 1325.331 1325.426 1325.554 1325.683 1325.811 1325.94 1326.084 1326.241 1326.398 1326.555 1326.711 1326.789 1326.868 1326.946 1327.025 1327.167 1327.374 1327.581 1327.788 1327.995 1328.144 1328.292 1328.439 1328.587 1328.735 1328.882 1329.03 1329.177 1329.325 1329.472 1329.62 1329.768 1329.915 1330.09 1330.302 1330.514 1330.725 1330.937 1331.024 1331.098
1321.991 1321.995 1321.999 1322.141 1322.361 1322.581 1322.801 1323.003 1323.077 1323.151 1323.225 1323.298 1323.418 1323.566 1323.715 1323.864 1324.019 1324.238 1324.458 1324.677 1324.897 1325.033 1325.107 1325.181 1325.255 1325.332 1325.482 1325.631 1325.781 1325.93 1326.077 1326.22 1326.364 1326.508 1326.651 1326.728 1326.806 1326.883 1326.961 1327.108 1327.326 1327.543 1327.761 1327.978 1328.131 1328.282 1328.434 1328.585 1328.735 1328.882 1329.03 1329.177 1329.325 1329.472 1329.62 1329.768 1329.915 1330.094 1330.315 1330.537 1330.758 1330.979 1331.069 1331.146
1321.915 1321.951 1321.987 1322.134 1322.343 1322.553 1322.762 1322.955 1323.028 1323.102 1323.176 1323.25 1323.375 1323.535 1323.695 1323.854 1324.018 1324.221 1324.424 1324.627 1324.831 1324.96 1325.034 1325.108 1325.182 1325.26 1325.426 1325.591 1325.757 1325.923 1326.059 1326.171 1326.282 1326.394 1326.505 1326.615 1326.725 1326.835 1326.945 1327.092 1327.277 1327.463 1327.648 1327.833 1328.017 1328.2 1328.384 1328.568 1328.735 1328.882 1329.03 1329.177 1329.325 1329.472 1329.62 1329.768 1329.915 1330.094 1330.315 1330.537 1330.758 1330.979 1331.089 1331.187
1321.839 1321.907 1321.975 1322.127 1322.326 1322.524 1322.723 1322.906 1322.98 1323.054 1323.127 1323.201 1323.333 1323.504 1323.674 1323.844 1324.016 1324.203 1324.391 1324.578 1324.765 1324.887 1324.961 1325.035 1325.109 1325.188 1325.37 1325.552 1325.733 1325.915 1326.042 1326.121 1326.201 1326.28 1326.36 1326.502 1326.644 1326.786 1326.928 1327.076 1327.229 1327.382 1327.535 1327.688 1327.902 1328.118 1328.334 1328.55 1328.735 1328.882 1329.03 1329.177 1329.325 1329.472 1329.62 1329.768 1329.915 1330.094 1330.315 1330.537 1330.758 1330.979 1331.108 1331.228
1321.762 1321.863 1321.964 1322.12 1322.308 1322.496 1322.684 1322.857 1322.931 1323.005 1323.079 1323.153 1323.291 1323.472 1323.653 1323.834 1324.015 1324.186 1324.357 1324.528 1324.699 1324.815 1324.888 1324.962 1325.036 1325.116 1325.314 1325.512 1325.71 1325.907 1326.025 1326.072 1326.119 1326.166 1326.214 1326.389 1326.563 1326.738 1326.912 1327.06 1327.181 1327.301 1327.422 1327.543 1327.788 1328.036 1328.285 1328.533 1328.735 1328.882 1329.03 1329.177 1329.325 1329.472 1329.62 1329.768 1329.915 1330.094 1330.315 1330.537 1330.758 1330.979 1331.128 1331.269
1321.686 1321.819 1321.952 1322.113 1322.29 1322.467 1322.644 1322.809 1322.883 1322.956 1323.03 1323.104 1323.249 1323.441 1323.633 1323.825 1324.013 1324.168 1324.323 1324.478 1324.633 1324.742 1324.815 1324.889 1324.963 1325.044 1325.258 1325.472 1325.686 1325.9 1326.008 1326.022 1326.037 1326.052 1326.069 1326.276 1326.482 1326.689 1326.896 1327.044 1327.132 1327.221 1327.309 1327.397 1327.674 1327.954 1328.235 1328.515 1328.735 1328.882 1329.03 1329.177 1329.325 1329.472 1329.62 1329.768 1329.915 1330.094 1330.315 1330.537 1330.758 1330.979 1331.147 1331.31
