data/zism_data/00386_01_D.txt
ncols         224
nrows         224
[rows 180 to 209 of 224, columns 0 to 68 of 224]
285.7859 285.9329 286.0799 286.2268 286.4001 286.6425 286.8849 287.1273 287.3697 287.5723 287.761 287.9496 288.1382 288.3269 288.5155 288.7042 288.8928 289.0814 289.2701 289.4587 289.6473 289.836 290.0192 290.1661 290.3131 290.4601 290.6071 290.7292 290.8345 290.9398 291.0451 291.1552 291.3439 291.5325 291.7211 291.9098 292.0933 292.2721 292.4508 292.6296 292.8084 292.8834 292.9569 293.0304 293.1038 293.229 293.4177 293.6063 293.795 293.9836 294.1342 294.2812 294.4281 294.5751 294.6944 294.7679 294.8413 294.9148 294.9883 295.1152 295.2523 295.3894 295.5266 295.6667 295.8136 295.9606 296.1076 296.2545 296.3451
285.7859 285.9329 286.0799 286.2268 286.4134 286.704 286.9946 287.2853 287.5759 287.7793 287.9518 288.1244 288.297 288.4695 288.6421 288.8146 288.9872 289.1597 289.3323 289.5048 289.6774 289.8499 290.0192 290.1661 290.3131 290.4601 290.6071 290.7388 290.8602 290.9815 291.1029 291.2272 291.3998 291.5724 291.7449 291.9175 292.1017 292.2965 292.4914 292.6862 292.8811 292.9563 293.0298 293.1033 293.1768 293.2948 293.4673 293.6399 293.8124 293.985 294.1342 294.2812 294.4281 294.5751 294.6944 294.7679 294.8413 294.9148 294.9883 295.1423 295.3116 295.4808 295.6501 295.8126 295.9595 296.1065 296.2535 296.4005 296.491
285.7859 285.9329 286.0799 286.2268 286.4266 286.7655 287.1044 287.4433 287.7822 287.9863 288.1427 288.2992 288.4557 288.6122 288.7686 288.9251 289.0816 289.238 289.3945 289.551 289.7075 289.8639 290.0192 290.1661 290.3131 290.4601 290.6071 290.7484 290.8858 291.0233 291.1607 291.2993 291.4557 291.6122 291.7687 291.9252 292.11 292.321 292.5319 292.7429 292.9538 293.0293 293.1028 293.1762 293.2497 293.3605 293.517 293.6734 293.8299 293.9864 294.1342 294.2812 294.4281 294.5751 294.6944 294.7679 294.8413 294.9148 294.9883 295.1693 295.3708 295.5722 295.7736 295.9585 296.1054 296.2524 296.3994 296.5464 296.6369
285.7859 285.9329 286.0799 286.2268 286.4345 286.8019 287.1693 287.5367 287.9041 288.1086 288.2556 288.4026 288.5495 288.6965 288.8434 288.9904 289.1374 289.2843 289.4313 289.5782 289.7252 289.8722 290.02 290.1736 290.3271 290.4807 290.6342 290.7799 290.9203 291.0607 291.2011 291.3418 291.4888 291.6358 291.7827 291.9297 292.115 292.3354 292.5559 292.7764 292.9968 293.0811 293.1633 293.2455 293.3278 293.4352 293.5734 293.7116 293.8498 293.988 294.1402 294.2937 294.4473 294.6008 294.7275 294.8097 294.892 294.9742 295.0565 295.242 295.4471 295.6522 295.8573 296.0461 296.1974 296.3488 296.5001 296.6515 296.7397
285.7859 285.9329 286.0799 286.2268 286.4345 286.8019 287.1693 287.5367 287.9041 288.1086 288.2556 288.4026 288.5495 288.6965 288.8434 288.9904 289.1374 289.2843 289.4313 289.5782 289.7252 289.8722 290.0221 290.1917 290.3614 290.531 290.7006 290.8433 290.9676 291.0919 291.2162 291.3418 291.4888 291.6358 291.7827 291.9297 292.115 292.3354 292.5559 292.7764 292.9968 293.1022 293.2059 293.3095 293.4132 293.5228 293.6396 293.7563 293.8731 293.9898 294.1549 294.3245 294.4941 294.6637 294.8085 294.9122 295.0159 295.1196 295.2233 295.3806 295.5482 295.7158 295.8834 296.0493 296.2114 296.3735 296.5356 296.6976 296.78
285.7859 285.9329 286.0799 286.2268 286.4345 286.8019 287.1693 287.5367 287.9041 288.1086 288.2556 288.4026 288.5495 288.6965 288.8434 288.9904 289.1374 289.2843 289.4313 289.5782 289.7252 289.8722 290.0242 290.2099 290.3956 290.5813 290.767 290.9067 291.0149 291.1231 291.2314 291.3418 291.4888 291.6358 291.7827 291.9297 292.115 292.3354 292.5559 292.7764 292.9968 293.1233 293.2484 293.3736 293.4987 293.6104 293.7057 293.8011 293.8964 293.9917 294.1696 294.3553 294.541 294.7267 294.8896 295.0147 295.1398 295.2649 295.39 295.5193 295.6494 295.7794 295.9095 296.0526 296.2254 296.3982 296.571 296.7438 296.8204
285.7859 285.9329 286.0799 286.2268 286.4345 286.8019 287.1693 287.5367 287.9041 288.1086 288.2556 288.4026 288.5495 288.6965 288.8434 288.9904 289.1374 289.2843 289.4313 289.5782 289.7252 289.8722 290.0263 290.2281 290.4299 290.6317 290.8335 290.9701 291.0622 291.1544 291.2465 291.3418 291.4888 291.6358 291.7827 291.9297 292.115 292.3354 292.5559 292.7764 292.9968 293.1444 293.291 293.4376 293.5842 293.6981 293.7719 293.8458 293.9197 293.9936 294.1842 294.386 294.5878 294.7896 294.9706 295.1172 295.2637 295.4103 295.5569 295.658 295.7505 295.8431 295.9356 296.0558 296.2394 296.4229 296.6064 296.7899 296.8608
285.7859 285.9329 286.0799 286.2268 286.4345 286.8019 287.1693 287.5367 287.9041 288.1086 288.2556 288.4026 288.5495 288.6965 288.8434 288.9904 289.1374 289.2843 289.4313 289.5782 289.7252 289.8722 290.0284 290.2463 290.4641 290.682 290.8999 291.0335 291.1095 291.1856 291.2617 291.3418 291.4888 291.6358 291.7827 291.9297 292.115 292.3354 292.5559 292.7764 292.9968 293.1656 293.3336 293.5016 293.6696 293.7857 293.8381 293.8906 293.943 293.9955 294.1989 294.4168 294.6346 294.8525 295.0516 295.2196 295.3876 295.5556 295.7237 295.7967 295.8517 295.9067 295.9617 296.0591 296.2534 296.4476 296.6418 296.8361 296.9012
285.7859 285.9329 286.0799 286.2268 286.4345 286.8019 287.1693 287.5367 287.9041 288.1086 288.2556 288.4026 288.5495 288.6965 288.8434 288.9904 289.1374 289.2843 289.4313 289.5782 289.7252 289.8722 290.0287 290.2492 290.4696 290.6901 290.9106 291.0597 291.1602 291.2607 291.3611 291.4651 291.6255 291.786 291.9465 292.107 292.2823 292.4713 292.6602 292.8492 293.0381 293.2142 293.3902 293.5661 293.7421 293.8731 293.9491 294.0251 294.1011 294.1771 294.3562 294.5452 294.7341 294.9231 295.1071 295.2831 295.459 295.635 295.8109 295.9029 295.9789 296.0549 296.1309 296.2324 296.3924 296.5523 296.7123 296.8722 296.942
285.7859 285.9329 286.0799 286.2268 286.4345 286.8019 287.1693 287.5367 287.9041 288.1086 288.2556 288.4026 288.5495 288.6965 288.8434 288.9904 289.1374 289.2843 289.4313 289.5782 289.7252 289.8722 290.0287 290.2492 290.4696 290.6901 290.9106 291.0788 291.2115 291.3441 291.4767 291.6119 291.7885 291.965 292.1416 292.3181 292.4816 292.633 292.7844 292.9359 293.0873 293.2682 293.4495 293.6308 293.8121 293.9605 294.0687 294.1768 294.285 294.3932 294.5408 294.6922 294.8437 294.9951 295.1578 295.3391 295.5204 295.7017 295.8831 296.0029 296.111 296.2192 296.3273 296.4382 296.5553 296.6723 296.7894 296.9065 296.9827
285.7859 285.9329 286.0799 286.2268 286.4345 286.8019 287.1693 287.5367 287.9041 288.1086 288.2556 288.4026 288.5495 288.6965 288.8434 288.9904 289.1374 289.2843 289.4313 289.5782 289.7252 289.8722 290.0287 290.2492 290.4696 290.6901 290.9106 291.0979 291.2627 291.4276 291.5923 291.7588 291.9514 292.144 292.3366 292.5293 292.6808 292.7947 292.9086 293.0226 293.1364 293.3221 293.5087 293.6954 293.8821 294.0479 294.1883 294.3286 294.4689 294.6092 294.7254 294.8393 294.9532 295.0671 295.2084 295.3951 295.5818 295.7685 295.9551 296.1028 296.2432 296.3835 296.5238 296.644 296.7182 296.7924 296.8665 296.9407 297.0235
285.7859 285.9329 286.0799 286.2268 286.4345 286.8019 287.1693 287.5367 287.9041 288.1086 288.2556 288.4026 288.5495 288.6965 288.8434 288.9904 289.1374 289.2843 289.4313 289.5782 289.7252 289.8722 290.0287 290.2492 290.4696 290.6901 290.9106 291.117 291.314 291.511 291.7079 291.9056 292.1143 292.323 292.5317 292.7404 292.8801 292.9565 293.0329 293.1093 293.1856 293.376 293.568 293.76 293.9521 294.1353 294.3078 294.4803 294.6528 294.8253 294.91 294.9864 295.0627 295.1391 295.2591 295.4511 295.6432 295.8352 296.0272 296.2028 296.3753 296.5478 296.7203 296.8498 296.8811 296.9124 296.9437 296.975 297.0643
285.7859 285.9329 286.0799 286.2268 286.4345 286.8019 287.1693 287.5367 287.9041 288.1086 288.2556 288.4026 288.5495 288.6965 288.8434 288.9904 289.1374 289.2843 289.4313 289.5782 289.7252 289.8722 290.0287 290.2492 290.4696 290.6901 290.9106 291.131 291.3514 291.5719 291.7923 292.0128 292.2332 292.4537 292.6741 292.8946 293.0286 293.0834 293.1382 293.1929 293.2477 293.4388 293.6318 293.8249 294.0179 294.211 294.404 294.5971 294.7902 294.9832 295.054 295.1131 295.1722 295.2314 295.3393 295.528 295.7167 295.9054 296.0941 296.2865 296.4796 296.6726 296.8657 297.0027 297.0113 297.02 297.0287 297.0374 297.1313
285.7859 285.9329 286.0799 286.2268 286.4345 286.8019 287.1693 287.5367 287.9041 288.1086 288.2556 288.4026 288.5495 288.6965 288.8434 288.9904 289.1374 289.2843 289.4313 289.5782 289.7252 289.8722 290.0287 290.2492 290.4696 290.6901 290.9106 291.131 291.3514 291.5719 291.7923 292.0128 292.2332 292.4537 292.6741 292.8946 293.0398 293.116 293.1922 293.2684 293.3447 293.5255 293.7078 293.8901 294.0724 294.2548 294.4371 294.6194 294.8018 294.9841 295.0883 295.1849 295.2815 295.3782 295.4994 295.6613 295.8232 295.9851 296.147 296.3261 296.5085 296.6908 296.8731 297.0124 297.0533 297.0941 297.135 297.1758 297.2689
285.7859 285.9329 286.0799 286.2268 286.4345 286.8019 287.1693 287.5367 287.9041 288.1086 288.2556 288.4026 288.5495 288.6965 288.8434 288.9904 289.1374 289.2843 289.4313 289.5782 289.7252 289.8722 290.0287 290.2492 290.4696 290.6901 290.9106 291.131 291.3514 291.5719 291.7923 292.0128 292.2332 292.4537 292.6741 292.8946 293.051 293.1486 293.2463 293.344 293.4416 293.6122 293.7838 293.9554 294.127 294.2986 294.4702 294.6418 294.8134 294.9851 295.1225 295.2567 295.3908 295.525 295.6595 295.7946 295.9297 296.0648 296.2 296.3658 296.5374 296.709 296.8806 297.0222 297.0952 297.1682 297.2413 297.3143 297.4066
285.7859 285.9329 286.0799 286.2268 286.4345 286.8019 287.1693 287.5367 287.9041 288.1086 288.2556 288.4026 288.5495 288.6965 288.8434 288.9904 289.1374 289.2843 289.4313 289.5782 289.7252 289.8722 290.0287 290.2492 290.4696 290.6901 290.9106 291.131 291.3514 291.5719 291.7923 292.0128 292.2332 292.4537 292.6741 292.8946 293.0621 293.1812 293.3004 293.4195 293.5386 293.6989 293.8597 294.0206 294.1815 294.3424 294.5033 294.6642 294.8251 294.986 295.1568 295.3285 295.5002 295.6718 295.8196 295.9279 296.0363 296.1446 296.2529 296.4054 296.5663 296.7272 296.8881 297.032 297.1372 297.2424 297.3475 297.4527 297.5443
285.7859 285.9329 286.0799 286.2268 286.4345 286.8019 287.1693 287.5367 287.9041 288.1086 288.2556 288.4026 288.5495 288.6965 288.8434 288.9904 289.1374 289.2843 289.4313 289.5782 289.7252 289.8722 290.0287 290.2492 290.4696 290.6901 290.9106 291.131 291.3514 291.5719 291.7923 292.0128 292.2332 292.4537 292.6741 292.8946 293.0733 293.2139 293.3544 293.495 293.6355 293.7856 293.9357 294.0859 294.2361 294.3862 294.5364 294.6866 294.8368 294.9869 295.191 295.4002 295.6095 295.8187 295.9798 296.0613 296.1428 296.2243 296.3058 296.445 296.5952 296.7454 296.8955 297.0418 297.1791 297.3165 297.4538 297.5912 297.6819
285.7859 285.9329 286.0799 286.2268 286.4345 286.8019 287.1693 287.5367 287.9041 288.1086 288.2556 288.4026 288.5495 288.6965 288.8434 288.9904 289.1374 289.2843 289.4313 289.5782 289.7252 289.8722 290.0287 290.2492 290.4696 290.6901 290.9106 291.131 291.3514 291.5719 291.7923 292.0128 292.2332 292.4537 292.6741 292.8946 293.0826 293.2408 293.399 293.5573 293.7155 293.8737 294.032 294.1902 294.3484 294.4915 294.6159 294.7403 294.8647 294.9892 295.2013 295.4217 295.6422 295.8626 296.0362 296.1322 296.2282 296.3242 296.4203 296.5591 296.7061 296.853 297.0 297.1435 297.2792 297.4149 297.5506 297.6863 297.7858
285.7859 285.9329 286.0799 286.2268 286.4345 286.8019 287.1693 287.5367 287.9041 288.1086 288.2556 288.4026 288.5495 288.6965 288.8434 288.9904 289.1374 289.2843 289.4313 289.5782 289.7252 289.8722 290.0287 290.2492 290.4696 290.6901 290.9106 291.131 291.3514 291.5719 291.7923 292.0128 292.2332 292.4537 292.6741 292.8946 293.0909 293.2653 293.4396 293.6139 293.7882 293.9625 294.1368 294.3112 294.4855 294.6229 294.7152 294.8074 294.8997 294.992 295.2013 295.4217 295.6422 295.8626 296.0483 296.1765 296.3047 296.4328 296.561 296.705 296.852 296.9989 297.1459 297.2845 297.4042 297.5238 297.6434 297.763 297.8752
285.7859 285.9329 286.0799 286.2268 286.4345 286.8019 287.1693 287.5367 287.9041 288.1086 288.2556 288.4026 288.5495 288.6965 288.8434 288.9904 289.1374 289.2843 289.4313 289.5782 289.7252 289.8722 290.0287 290.2492 290.4696 290.6901 290.9106 291.131 291.3514 291.5719 291.7923 292.0128 292.2332 292.4537 292.6741 292.8946 293.0993 293.2897 293.4801 293.6705 293.8609 294.0513 294.2417 294.4321 294.6225 294.7544 294.8145 294.8746 294.9347 294.9948 295.2013 295.4217 295.6422 295.8626 296.0604 296.2208 296.3811 296.5414 296.7018 296.8509 296.9979 297.1448 297.2918 297.4256 297.5291 297.6326 297.7361 297.8397 297.9646
285.7859 285.9329 286.0799 286.2268 286.4345 286.8019 287.1693 287.5367 287.9041 288.1086 288.2556 288.4026 288.5495 288.6965 288.8434 288.9904 289.1374 289.2843 289.4313 289.5782 289.7252 289.8722 290.0287 290.2492 290.4696 290.6901 290.9106 291.131 291.3514 291.5719 291.7923 292.0128 292.2332 292.4537 292.6741 292.8946 293.1077 293.3142 293.5207 293.7272 293.9337 294.1401 294.3466 294.5531 294.7596 294.8858 294.9138 294.9417 294.9696 294.9976 295.2013 295.4217 295.6422 295.8626 296.0725 296.265 296.4576 296.6501 296.8426 296.9968 297.1438 297.2907 297.4377 297.5666 297.654 297.7415 297.8289 297.9164 298.054
285.7897 285.9374 286.0851 286.2327 286.4405 286.8065 287.1725 287.5385 287.9045 288.1086 288.2556 288.4026 288.5495 288.6965 288.8434 288.9904 289.1374 289.2843 289.4313 289.5782 289.7252 289.8722 290.0287 290.2492 290.4696 290.6901 290.9106 291.131 291.3514 291.5719 291.7923 292.0128 292.2332 292.4537 292.6741 292.8946 293.115 293.3354 293.5559 293.7764 293.9968 294.2173 294.4377 294.6581 294.8786 295.0 295.0 295.0 295.0 295.0 295.2051 295.4298 295.6545 295.8792 296.1014 296.3198 296.5381 296.7564 296.9748 297.1331 297.2801 297.4271 297.574 297.6995 297.7758 297.8521 297.9284 298.0047 298.1514
285.8184 285.9714 286.1244 286.2775 286.4862 286.8415 287.1967 287.552 287.9073 288.1086 288.2556 288.4026 288.5495 288.6965 288.8434 288.9904 289.1374 289.2843 289.4313 289.5782 289.7252 289.8722 290.0287 290.2492 290.4696 290.6901 290.9106 291.131 291.3514 291.5719 291.7923 292.0128 292.2332 292.4537 292.6741 292.8946 293.115 293.3354 293.5559 293.7764 293.9968 294.2173 294.4377 294.6581 294.8786 295.0 295.0 295.0 295.0 295.0 295.2345 295.4913 295.7482 296.005 296.2413 296.4435 296.6458 296.848 297.0503 297.2061 297.353 297.5 297.647 297.779 297.8767 297.9744 298.0722 298.1699 298.301
285.847 286.0054 286.1638 286.3222 286.5319 286.8764 287.221 287.5656 287.9101 288.1086 288.2556 288.4026 288.5495 288.6965 288.8434 288.9904 289.1374 289.2843 289.4313 289.5782 289.7252 289.8722 290.0287 290.2492 290.4696 290.6901 290.9106 291.131 291.3514 291.5719 291.7923 292.0128 292.2332 292.4537 292.6741 292.8946 293.115 293.3354 293.5559 293.7764 293.9968 294.2173 294.4377 294.6581 294.8786 295.0 295.0 295.0 295.0 295.0 295.2639 295.5529 295.8419 296.1309 296.3811 296.5673 296.7534 296.9396 297.1258 297.279 297.426 297.573 297.7199 297.8584 297.9776 298.0968 298.216 298.3351 298.4506
285.8757 286.0395 286.2032 286.3669 286.5775 286.9114 287.2452 287.5791 287.9129 288.1086 288.2556 288.4026 288.5495 288.6965 288.8434 288.9904 289.1374 289.2843 289.4313 289.5782 289.7252 289.8722 290.0287 290.2492 290.4696 290.6901 290.9106 291.131 291.3514 291.5719 291.7923 292.0128 292.2332 292.4537 292.6741 292.8946 293.115 293.3354 293.5559 293.7764 293.9968 294.2173 294.4377 294.6581 294.8786 295.0 295.0 295.0 295.0 295.0 295.2932 295.6144 295.9356 296.2567 296.521 296.6911 296.8611 297.0312 297.2013 297.352 297.4989 297.6459 297.7929 297.9379 298.0785 298.2191 298.3598 298.5004 298.6003
285.9044 286.0735 286.2426 286.4117 286.6232 286.9464 287.2695 287.5926 287.9157 288.1086 288.2556 288.4026 288.5495 288.6965 288.8434 288.9904 289.1374 289.2843 289.4313 289.5782 289.7252 289.8722 290.0287 290.2492 290.4696 290.6901 290.9106 291.131 291.3514 291.5719 291.7923 292.0128 292.2332 292.4537 292.6741 292.8946 293.115 293.3354 293.5559 293.7764 293.9968 294.2173 294.4377 294.6581 294.8786 295.0 295.0 295.0 295.0 295.0 295.3226 295.6759 296.0293 296.3826 296.6608 296.8148 296.9688 297.1228 297.2768 297.4249 297.5719 297.7188 297.8658 298.0174 298.1794 298.3415 298.5036 298.6656 298.7499
285.9492 286.1266 286.3041 286.4816 286.6946 287.0009 287.3073 287.6137 287.9201 288.1086 288.2556 288.4026 288.5495 288.6965 288.8434 288.9904 289.1374 289.2843 289.4313 289.5782 289.7252 289.8722 290.0287 290.2492 290.4696 290.6901 290.9106 291.131 291.3514 291.5719 291.7923 292.0128 292.2332 292.4537 292.6741 292.8946 293.115 293.3354 293.5559 293.7764 293.9968 294.2173 294.4377 294.6581 294.8786 295.0 295.0 295.0 295.0 295.0 295.3355 295.7029 296.0703 296.4377 296.7221 296.869 297.016 297.1629 297.3099 297.4568 297.6038 297.7508 297.8978 298.054 298.2315 298.409 298.5865 298.7639 298.8381
286.0065 286.1947 286.3829 286.5711 286.7859 287.0709 287.3558 287.6407 287.9257 288.1086 288.2556 288.4026 288.5495 288.6965 288.8434 288.9904 289.1374 289.2843 289.4313 289.5782 289.7252 289.8722 290.0287 290.2492 290.4696 290.6901 290.9106 291.131 291.3514 291.5719 291.7923 292.0128 292.2332 292.4537 292.6741 292.8946 293.115 293.3354 293.5559 293.7764 293.9968 294.2173 294.4377 294.6581 294.8786 295.0 295.0 295.0 295.0 295.0 295.3355 295.7029 296.0703 296.4377 296.7221 296.869 297.016 297.1629 297.3099 297.4568 297.6038 297.7508 297.8978 298.0573 298.2455 298.4337 298.6219 298.8101 298.8785
286.0638 286.2628 286.4617 286.6606 286.8773 287.1408 287.4043 287.6678 287.9313 288.1086 288.2556 288.4026 288.5495 288.6965 288.8434 288.9904 289.1374 289.2843 289.4313 289.5782 289.7252 289.8722 290.0287 290.2492 290.4696 290.6901 290.9106 291.131 291.3514 291.5719 291.7923 292.0128 292.2332 292.4537 292.6741 292.8946 293.115 293.3354 293.5559 293.7764 293.9968 294.2173 294.4377 294.6581 294.8786 295.0 295.0 295.0 295.0 295.0 295.3355 295.7029 296.0703 296.4377 296.7221 296.869 297.016 297.1629 297.3099 297.4568 297.6038 297.7508 297.8978 298.0605 298.2595 298.4584 298.6573 298.8563 298.9189
286.1212 286.3308 286.5405 286.7501 286.9687 287.2107 287.4528 287.6948 287.9369 288.1086 288.2556 288.4026 288.5495 288.6965 288.8434 288.9904 289.1374 289.2843 289.4313 289.5782 289.7252 289.8722 290.0287 290.2492 290.4696 290.6901 290.9106 291.131 291.3514 291.5719 291.7923 292.0128 292.2332 292.4537 292.6741 292.8946 293.115 293.3354 293.5559 293.7764 293.9968 294.2173 294.4377 294.6581 294.8786 295.0 295.0 295.0 295.0 295.0 295.3355 295.7029 296.0703 296.4377 296.7221 296.869 297.016 297.1629 297.3099 297.4568 297.6038 297.7508 297.8978 298.0638 298.2735 298.4831 298.6927 298.9024 298.9593
