data/zism_data/00395_04_D.txt
ncols         224
nrows         224
[rows 116 to 144 of 224, columns 65 to 129 of 224]
1350.586 1350.137 1350.017 1350.012 1350.008 1350.004 1350.0 1350.0 1350.0 1350.0 1350.0 1350.0 1350.0 1350.0 1350.0 1350.0 1350.0 1350.0 1350.0 1350.0 1350.0 1350.0 1350.0 1350.0 1350.0 1350.0 1350.0 1350.0 1350.0 1350.033 1350.11 1350.187 1350.263 1350.34 1351.068 1351.882 1352.695 1353.509 1354.492 1355.815 1357.138 1358.462 1359.785 1360.705 1361.513 1362.321 1363.129 1363.969 1364.917 1365.865 1366.813 1367.762 1368.414 1368.929 1369.444 1369.958 1370.463 1370.905 1371.347 1371.789 1372.231 1372.376 1372.305 1372.234 1372.163
1351.14 1350.524 1350.304 1350.224 1350.144 1350.065 1350.0 1350.0 1350.0 1350.0 1350.0 1350.0 1350.0 1350.0 1350.0 1350.0 1350.0 1350.0 1350.0 1350.0 1350.0 1350.0 1350.0 1350.0 1350.0 1350.0 1350.0 1350.0 1350.0 1350.059 1350.195 1350.331 1350.467 1350.603 1351.457 1352.405 1353.353 1354.301 1355.401 1356.805 1358.209 1359.612 1361.016 1361.983 1362.829 1363.675 1364.52 1365.373 1366.252 1367.13 1368.008 1368.886 1369.539 1370.086 1370.632 1371.179 1371.718 1372.203 1372.688 1373.173 1373.658 1373.843 1373.81 1373.776 1373.743
1351.693 1350.91 1350.591 1350.436 1350.281 1350.126 1350.0 1350.0 1350.0 1350.0 1350.0 1350.0 1350.0 1350.0 1350.0 1350.0 1350.0 1350.0 1350.0 1350.0 1350.0 1350.0 1350.0 1350.0 1350.0 1350.0 1350.0 1350.0 1350.0 1350.085 1350.28 1350.475 1350.67 1350.865 1351.845 1352.928 1354.01 1355.093 1356.31 1357.794 1359.279 1360.763 1362.248 1363.262 1364.145 1365.029 1365.912 1366.778 1367.586 1368.394 1369.203 1370.011 1370.663 1371.242 1371.821 1372.401 1372.973 1373.501 1374.029 1374.557 1375.086 1375.31 1375.314 1375.319 1375.323
1352.246 1351.297 1350.878 1350.648 1350.417 1350.187 1350.0 1350.0 1350.0 1350.0 1350.0 1350.0 1350.0 1350.0 1350.0 1350.0 1350.0 1350.0 1350.0 1350.0 1350.0 1350.0 1350.0 1350.0 1350.0 1350.0 1350.0 1350.0 1350.0 1350.111 1350.365 1350.619 1350.874 1351.128 1352.233 1353.451 1354.668 1355.885 1357.218 1358.784 1360.349 1361.914 1363.48 1364.541 1365.462 1366.383 1367.304 1368.182 1368.921 1369.659 1370.397 1371.135 1371.787 1372.399 1373.01 1373.622 1374.228 1374.799 1375.37 1375.941 1376.513 1376.777 1376.819 1376.861 1376.903
1352.799 1351.683 1351.166 1350.86 1350.554 1350.248 1350.0 1350.0 1350.0 1350.0 1350.0 1350.0 1350.0 1350.0 1350.0 1350.0 1350.0 1350.0 1350.0 1350.0 1350.0 1350.0 1350.0 1350.0 1350.0 1350.0 1350.0 1350.0 1350.0 1350.136 1350.45 1350.763 1351.077 1351.391 1352.622 1353.974 1355.325 1356.677 1358.127 1359.773 1361.419 1363.065 1364.711 1365.819 1366.778 1367.737 1368.695 1369.587 1370.255 1370.923 1371.592 1372.26 1372.911 1373.555 1374.199 1374.843 1375.483 1376.097 1376.711 1377.325 1377.94 1378.244 1378.324 1378.403 1378.483
1353.193 1351.965 1351.378 1351.016 1350.655 1350.293 1350.0 1350.0 1350.0 1350.0 1350.0 1350.0 1350.0 1350.0 1350.0 1350.0 1350.0 1350.0 1350.0 1350.0 1350.0 1350.0 1350.0 1350.0 1350.0 1350.0 1350.0 1350.0 1350.0 1350.161 1350.531 1350.901 1351.271 1351.641 1352.985 1354.457 1355.93 1357.402 1358.953 1360.663 1362.373 1364.083 1365.793 1366.956 1367.966 1368.976 1369.987 1370.92 1371.597 1372.274 1372.951 1373.628 1374.27 1374.895 1375.521 1376.146 1376.771 1377.395 1378.019 1378.642 1379.266 1379.62 1379.78 1379.939 1380.099
1353.439 1352.152 1351.521 1351.122 1350.723 1350.324 1350.0 1350.0 1350.0 1350.0 1350.0 1350.0 1350.0 1350.0 1350.0 1350.0 1350.0 1350.0 1350.0 1350.0 1350.0 1350.0 1350.0 1350.0 1350.0 1350.0 1350.0 1350.0 1350.0 1350.184 1350.608 1351.032 1351.456 1351.879 1353.325 1354.905 1356.485 1358.065 1359.704 1361.463 1363.221 1364.979 1366.738 1367.961 1369.036 1370.111 1371.186 1372.188 1372.946 1373.703 1374.461 1375.219 1375.842 1376.403 1376.964 1377.525 1378.091 1378.693 1379.295 1379.898 1380.5 1380.914 1381.192 1381.469 1381.747
1353.685 1352.339 1351.665 1351.228 1350.791 1350.355 1350.0 1350.0 1350.0 1350.0 1350.0 1350.0 1350.0 1350.0 1350.0 1350.0 1350.0 1350.0 1350.0 1350.0 1350.0 1350.0 1350.0 1350.0 1350.0 1350.0 1350.0 1350.0 1350.0 1350.208 1350.685 1351.163 1351.64 1352.118 1353.665 1355.353 1357.04 1358.728 1360.455 1362.262 1364.069 1365.876 1367.683 1368.967 1370.107 1371.246 1372.386 1373.456 1374.294 1375.133 1375.971 1376.809 1377.415 1377.911 1378.407 1378.904 1379.411 1379.992 1380.572 1381.153 1381.733 1382.207 1382.603 1383.0 1383.396
1353.931 1352.526 1351.809 1351.334 1350.86 1350.385 1350.0 1350.0 1350.0 1350.0 1350.0 1350.0 1350.0 1350.0 1350.0 1350.0 1350.0 1350.0 1350.0 1350.0 1350.0 1350.0 1350.0 1350.0 1350.0 1350.0 1350.0 1350.0 1350.0 1350.231 1350.762 1351.294 1351.825 1352.357 1354.005 1355.801 1357.596 1359.391 1361.206 1363.062 1364.917 1366.772 1368.627 1369.973 1371.177 1372.381 1373.586 1374.724 1375.643 1376.562 1377.481 1378.4 1378.987 1379.419 1379.851 1380.283 1380.731 1381.29 1381.849 1382.408 1382.967 1383.5 1384.015 1384.53 1385.044
1354.177 1352.713 1351.952 1351.44 1350.928 1350.416 1350.0 1350.0 1350.0 1350.0 1350.0 1350.0 1350.0 1350.0 1350.0 1350.0 1350.0 1350.0 1350.0 1350.0 1350.0 1350.0 1350.0 1350.0 1350.0 1350.0 1350.0 1350.0 1350.0 1350.255 1350.84 1351.425 1352.01 1352.595 1354.346 1356.248 1358.151 1360.054 1361.957 1363.861 1365.765 1367.668 1369.572 1370.979 1372.248 1373.516 1374.785 1375.992 1376.991 1377.991 1378.991 1379.991 1380.56 1380.927 1381.294 1381.661 1382.051 1382.588 1383.126 1383.663 1384.201 1384.794 1385.427 1386.06 1386.693
1354.181 1352.716 1351.954 1351.442 1350.929 1350.416 1350.0 1350.0 1350.0 1350.0 1350.0 1350.0 1350.0 1350.0 1350.0 1350.0 1350.0 1350.0 1350.0 1350.0 1350.0 1350.0 1350.0 1350.0 1350.0 1350.0 1350.0 1350.0 1350.0 1350.255 1350.841 1351.427 1352.013 1352.599 1354.379 1356.315 1358.251 1360.187 1362.134 1364.102 1366.07 1368.038 1370.006 1371.561 1373.0 1374.44 1375.879 1377.218 1378.224 1379.231 1380.237 1381.244 1381.814 1382.18 1382.546 1382.912 1383.305 1383.868 1384.432 1384.996 1385.559 1386.177 1386.833 1387.489 1388.145
1354.181 1352.716 1351.954 1351.442 1350.929 1350.416 1350.0 1350.0 1350.0 1350.0 1350.0 1350.0 1350.0 1350.0 1350.0 1350.0 1350.0 1350.0 1350.0 1350.0 1350.0 1350.0 1350.0 1350.0 1350.0 1350.0 1350.0 1350.0 1350.0 1350.255 1350.841 1351.427 1352.013 1352.599 1354.407 1356.376 1358.344 1360.313 1362.303 1364.335 1366.368 1368.401 1370.433 1372.136 1373.748 1375.36 1376.972 1378.444 1379.456 1380.468 1381.479 1382.491 1383.063 1383.429 1383.796 1384.162 1384.557 1385.148 1385.739 1386.329 1386.92 1387.561 1388.238 1388.916 1389.593
1354.181 1352.716 1351.954 1351.442 1350.929 1350.416 1350.0 1350.0 1350.0 1350.0 1350.0 1350.0 1350.0 1350.0 1350.0 1350.0 1350.0 1350.0 1350.0 1350.0 1350.0 1350.0 1350.0 1350.0 1350.0 1350.0 1350.0 1350.0 1350.0 1350.255 1350.841 1351.427 1352.013 1352.599 1354.436 1356.437 1358.437 1360.438 1362.471 1364.568 1366.666 1368.763 1370.86 1372.712 1374.496 1376.28 1378.064 1379.67 1380.687 1381.704 1382.721 1383.739 1384.312 1384.678 1385.045 1385.411 1385.81 1386.427 1387.045 1387.663 1388.28 1388.945 1389.644 1390.343 1391.042
1354.181 1352.716 1351.954 1351.442 1350.929 1350.416 1350.0 1350.0 1350.0 1350.0 1350.0 1350.0 1350.0 1350.0 1350.0 1350.0 1350.0 1350.0 1350.0 1350.0 1350.0 1350.0 1350.0 1350.0 1350.0 1350.0 1350.0 1350.0 1350.0 1350.255 1350.841 1351.427 1352.013 1352.599 1354.464 1356.497 1358.531 1360.564 1362.64 1364.802 1366.963 1369.125 1371.287 1373.288 1375.244 1377.2 1379.156 1380.896 1381.919 1382.941 1383.964 1384.986 1385.562 1385.928 1386.294 1386.66 1387.063 1387.707 1388.352 1388.996 1389.641 1390.329 1391.05 1391.77 1392.491
1354.132 1352.723 1351.973 1351.455 1350.938 1350.42 1350.0 1350.0 1350.0 1350.0 1350.0 1350.0 1350.0 1350.0 1350.0 1350.0 1350.0 1350.0 1350.0 1350.0 1350.0 1350.0 1350.0 1350.0 1350.0 1350.01 1350.019 1350.029 1350.039 1350.331 1350.992 1351.653 1352.314 1352.975 1354.88 1356.948 1359.016 1361.084 1363.195 1365.392 1367.589 1369.787 1371.984 1374.044 1376.066 1378.089 1380.11 1381.915 1382.998 1384.082 1385.165 1386.249 1386.844 1387.21 1387.576 1387.942 1388.344 1388.984 1389.624 1390.264 1390.904 1391.588 1392.303 1393.019 1393.734
1354.025 1352.74 1352.014 1351.486 1350.957 1350.429 1350.0 1350.0 1350.0 1350.0 1350.0 1350.0 1350.0 1350.0 1350.0 1350.0 1350.0 1350.0 1350.0 1350.0 1350.0 1350.0 1350.0 1350.0 1350.0 1350.031 1350.062 1350.093 1350.124 1350.502 1351.33 1352.158 1352.985 1353.813 1355.771 1357.876 1359.982 1362.087 1364.224 1366.421 1368.618 1370.816 1373.013 1375.023 1376.98 1378.938 1380.895 1382.68 1383.892 1385.105 1386.318 1387.53 1388.166 1388.533 1388.899 1389.265 1389.661 1390.258 1390.855 1391.452 1392.049 1392.693 1393.371 1394.048 1394.726
1353.918 1352.756 1352.055 1351.516 1350.977 1350.438 1350.0 1350.0 1350.0 1350.0 1350.0 1350.0 1350.0 1350.0 1350.0 1350.0 1350.0 1350.0 1350.0 1350.0 1350.0 1350.0 1350.0 1350.0 1350.0 1350.052 1350.105 1350.157 1350.21 1350.672 1351.667 1352.662 1353.657 1354.651 1356.661 1358.805 1360.948 1363.091 1365.252 1367.45 1369.647 1371.844 1374.042 1376.001 1377.894 1379.787 1381.679 1383.445 1384.786 1386.128 1387.47 1388.812 1389.489 1389.855 1390.222 1390.588 1390.979 1391.532 1392.086 1392.64 1393.194 1393.798 1394.438 1395.078 1395.718
1353.811 1352.773 1352.096 1351.546 1350.996 1350.446 1350.0 1350.0 1350.0 1350.0 1350.0 1350.0 1350.0 1350.0 1350.0 1350.0 1350.0 1350.0 1350.0 1350.0 1350.0 1350.0 1350.0 1350.0 1350.0 1350.073 1350.147 1350.222 1350.296 1350.843 1352.005 1353.166 1354.328 1355.489 1357.552 1359.733 1361.914 1364.095 1366.281 1368.478 1370.676 1372.873 1375.071 1376.979 1378.807 1380.636 1382.464 1384.209 1385.68 1387.151 1388.622 1390.093 1390.812 1391.178 1391.544 1391.911 1392.296 1392.806 1393.317 1393.828 1394.339 1394.902 1395.505 1396.108 1396.71
1353.704 1352.79 1352.137 1351.576 1351.016 1350.455 1350.0 1350.0 1350.0 1350.0 1350.0 1350.0 1350.0 1350.0 1350.0 1350.0 1350.0 1350.0 1350.0 1350.0 1350.0 1350.0 1350.0 1350.0 1350.0 1350.094 1350.19 1350.286 1350.382 1351.014 1352.342 1353.67 1354.999 1356.327 1358.443 1360.661 1362.88 1365.098 1367.31 1369.507 1371.705 1373.902 1376.099 1377.957 1379.721 1381.485 1383.248 1384.974 1386.574 1388.174 1389.775 1391.375 1392.135 1392.501 1392.867 1393.233 1393.613 1394.08 1394.548 1395.016 1395.483 1396.007 1396.572 1397.137 1397.702
1353.282 1352.458 1351.878 1351.385 1350.893 1350.4 1350.0 1350.0 1350.0 1350.0 1350.0 1350.0 1350.0 1350.0 1350.0 1350.0 1350.0 1350.0 1350.0 1350.0 1350.0 1350.0 1350.0 1350.0 1350.0 1350.145 1350.292 1350.438 1350.585 1351.335 1352.87 1354.405 1355.939 1357.474 1359.677 1361.967 1364.258 1366.549 1368.798 1370.966 1373.134 1375.302 1377.47 1379.317 1381.075 1382.833 1384.591 1386.309 1387.89 1389.472 1391.054 1392.636 1393.33 1393.608 1393.885 1394.163 1394.457 1394.857 1395.257 1395.657 1396.057 1396.511 1397.004 1397.496 1397.989
1352.831 1352.092 1351.591 1351.174 1350.756 1350.339 1350.0 1350.0 1350.0 1350.0 1350.0 1350.0 1350.0 1350.0 1350.0 1350.0 1350.0 1350.0 1350.0 1350.0 1350.0 1350.0 1350.0 1350.0 1350.0 1350.198 1350.398 1350.599 1350.8 1351.672 1353.416 1355.161 1356.905 1358.65 1360.944 1363.309 1365.676 1368.041 1370.331 1372.466 1374.602 1376.738 1378.873 1380.713 1382.471 1384.229 1385.987 1387.697 1389.247 1390.796 1392.346 1393.896 1394.513 1394.694 1394.875 1395.056 1395.256 1395.586 1395.916 1396.246 1396.576 1396.957 1397.374 1397.792 1398.209
1352.379 1351.727 1351.304 1350.962 1350.62 1350.278 1350.0 1350.0 1350.0 1350.0 1350.0 1350.0 1350.0 1350.0 1350.0 1350.0 1350.0 1350.0 1350.0 1350.0 1350.0 1350.0 1350.0 1350.0 1350.0 1350.251 1350.505 1350.76 1351.014 1352.008 1353.962 1355.917 1357.871 1359.826 1362.21 1364.652 1367.093 1369.534 1371.863 1373.966 1376.07 1378.173 1380.276 1382.109 1383.867 1385.625 1387.384 1389.086 1390.603 1392.12 1393.638 1395.155 1395.696 1395.78 1395.864 1395.948 1396.055 1396.315 1396.575 1396.835 1397.096 1397.403 1397.745 1398.087 1398.429
1351.928 1351.361 1351.017 1350.75 1350.483 1350.216 1350.0 1350.0 1350.0 1350.0 1350.0 1350.0 1350.0 1350.0 1350.0 1350.0 1350.0 1350.0 1350.0 1350.0 1350.0 1350.0 1350.0 1350.0 1350.0 1350.304 1350.612 1350.92 1351.229 1352.344 1354.508 1356.673 1358.837 1361.001 1363.477 1365.994 1368.51 1371.027 1373.395 1375.466 1377.537 1379.608 1381.68 1383.506 1385.264 1387.022 1388.78 1390.474 1391.959 1393.445 1394.93 1396.415 1396.879 1396.867 1396.854 1396.841 1396.854 1397.045 1397.235 1397.425 1397.615 1397.849 1398.116 1398.383 1398.649
1351.533 1351.044 1350.768 1350.567 1350.365 1350.164 1350.0 1350.0 1350.0 1350.0 1350.0 1350.0 1350.0 1350.0 1350.0 1350.0 1350.0 1350.0 1350.0 1350.0 1350.0 1350.0 1350.0 1350.0 1350.0 1350.345 1350.695 1351.045 1351.395 1352.592 1354.891 1357.191 1359.49 1361.789 1364.333 1366.909 1369.484 1372.06 1374.461 1376.512 1378.563 1380.614 1382.665 1384.505 1386.288 1388.07 1389.853 1391.552 1392.974 1394.396 1395.818 1397.241 1397.615 1397.5 1397.384 1397.268 1397.186 1397.333 1397.479 1397.626 1397.772 1397.951 1398.152 1398.354 1398.555
1351.231 1350.807 1350.583 1350.43 1350.277 1350.124 1350.0 1350.0 1350.0 1350.0 1350.0 1350.0 1350.0 1350.0 1350.0 1350.0 1350.0 1350.0 1350.0 1350.0 1350.0 1350.0 1350.0 1350.0 1350.0 1350.366 1350.738 1351.109 1351.48 1352.695 1355.005 1357.315 1359.625 1361.935 1364.508 1367.116 1369.724 1372.333 1374.755 1376.806 1378.857 1380.908 1382.959 1384.85 1386.697 1388.544 1390.391 1392.113 1393.422 1394.732 1396.041 1397.35 1397.612 1397.383 1397.154 1396.925 1396.745 1396.892 1397.038 1397.185 1397.331 1397.482 1397.635 1397.788 1397.941
1350.929 1350.57 1350.399 1350.294 1350.189 1350.085 1350.0 1350.0 1350.0 1350.0 1350.0 1350.0 1350.0 1350.0 1350.0 1350.0 1350.0 1350.0 1350.0 1350.0 1350.0 1350.0 1350.0 1350.0 1350.0 1350.387 1350.78 1351.173 1351.566 1352.797 1355.118 1357.439 1359.76 1362.081 1364.684 1367.324 1369.965 1372.605 1375.049 1377.1 1379.151 1381.202 1383.253 1385.194 1387.106 1389.018 1390.929 1392.675 1393.871 1395.067 1396.264 1397.46 1397.608 1397.266 1396.925 1396.583 1396.305 1396.451 1396.598 1396.744 1396.891 1397.013 1397.117 1397.222 1397.327
1350.627 1350.332 1350.214 1350.158 1350.102 1350.046 1350.0 1350.0 1350.0 1350.0 1350.0 1350.0 1350.0 1350.0 1350.0 1350.0 1350.0 1350.0 1350.0 1350.0 1350.0 1350.0 1350.0 1350.0 1350.0 1350.408 1350.823 1351.238 1351.652 1352.9 1355.232 1357.563 1359.895 1362.226 1364.859 1367.532 1370.205 1372.877 1375.343 1377.394 1379.445 1381.496 1383.547 1385.539 1387.515 1389.491 1391.467 1393.236 1394.32 1395.403 1396.486 1397.569 1397.605 1397.15 1396.695 1396.24 1395.864 1396.01 1396.157 1396.303 1396.45 1396.544 1396.6 1396.656 1396.712
1350.325 1350.095 1350.029 1350.022 1350.014 1350.006 1350.0 1350.0 1350.0 1350.0 1350.0 1350.0 1350.0 1350.0 1350.0 1350.0 1350.0 1350.0 1350.0 1350.0 1350.0 1350.0 1350.0 1350.0 1350.0 1350.43 1350.866 1351.302 1351.738 1353.003 1355.345 1357.687 1360.03 1362.372 1365.035 1367.74 1370.445 1373.15 1375.637 1377.688 1379.739 1381.79 1383.84 1385.883 1387.924 1389.965 1392.006 1393.798 1394.768 1395.739 1396.709 1397.679 1397.601 1397.033 1396.465 1395.898 1395.423 1395.569 1395.716 1395.862 1396.009 1396.075 1396.083 1396.09 1396.098
1350.226 1350.047 1350.0 1350.0 1350.0 1350.0 1350.0 1350.0 1350.0 1350.0 1350.0 1350.0 1350.0 1350.0 1350.0 1350.0 1350.0 1350.0 1350.0 1350.0 1350.0 1350.0 1350.0 1350.0 1350.0 1350.389 1350.783 1351.177 1351.571 1352.784 1355.06 1357.336 1359.612 1361.888 1364.456 1367.062 1369.668 1372.274 1374.701 1376.77 1378.839 1380.908 1382.977 1384.969 1386.938 1388.908 1390.877 1392.623 1393.625 1394.627 1395.629 1396.63 1396.597 1396.079 1395.561 1395.043 1394.606 1394.712 1394.818 1394.923 1395.029 1395.073 1395.073 1395.073 1395.073
