data/zism_data/00398_04_D.txt
ncols         224
nrows         224
[rows 168 to 195 of 224, columns 130 to 194 of 224]
1896.538 1897.246 1897.953 1898.46 1898.846 1899.233 1899.62 1900.0 1900.0 1900.0 1900.0 1900.0 1899.961 1899.863 1899.766 1899.668 1899.571 1899.426 1899.269 1899.111 1898.954 1898.777 1898.51 1898.243 1897.975 1897.708 1897.6 1897.612 1897.625 1897.638 1897.65 1897.897 1898.156 1898.414 1898.672 1898.853 1898.888 1898.922 1898.956 1898.991 1899.1 1899.236 1899.373 1899.51 1899.639 1899.72 1899.8 1899.88 1899.96 1899.955 1899.867 1899.778 1899.69 1899.602 1899.498 1899.393 1899.287 1899.181 1899.099 1899.076 1899.053 1899.031 1899.008 1899.0 1899.0
1896.788 1897.411 1898.034 1898.502 1898.878 1899.254 1899.63 1900.0 1900.0 1900.0 1900.0 1900.0 1899.965 1899.878 1899.791 1899.704 1899.617 1899.479 1899.327 1899.175 1899.023 1898.855 1898.609 1898.363 1898.116 1897.87 1897.768 1897.775 1897.783 1897.79 1897.797 1897.999 1898.209 1898.419 1898.63 1898.785 1898.835 1898.886 1898.936 1898.986 1899.073 1899.172 1899.271 1899.371 1899.472 1899.59 1899.707 1899.825 1899.942 1899.974 1899.923 1899.872 1899.821 1899.769 1899.646 1899.514 1899.382 1899.25 1899.145 1899.112 1899.078 1899.045 1899.011 1899.0 1899.0
1897.039 1897.577 1898.115 1898.544 1898.91 1899.275 1899.64 1900.0 1900.0 1900.0 1900.0 1900.0 1899.969 1899.893 1899.817 1899.74 1899.664 1899.532 1899.386 1899.239 1899.093 1898.932 1898.707 1898.482 1898.257 1898.033 1897.937 1897.938 1897.941 1897.943 1897.945 1898.1 1898.262 1898.425 1898.588 1898.717 1898.783 1898.85 1898.916 1898.982 1899.046 1899.108 1899.17 1899.232 1899.305 1899.46 1899.615 1899.769 1899.924 1899.993 1899.979 1899.965 1899.951 1899.937 1899.793 1899.635 1899.476 1899.318 1899.191 1899.147 1899.103 1899.059 1899.015 1899.0 1899.0
1897.227 1897.694 1898.16 1898.56 1898.922 1899.283 1899.644 1900.0 1900.0 1900.0 1900.0 1900.0 1899.971 1899.899 1899.826 1899.754 1899.682 1899.552 1899.408 1899.263 1899.119 1898.963 1898.756 1898.549 1898.342 1898.135 1898.04 1898.03 1898.02 1898.01 1898.0 1898.119 1898.244 1898.369 1898.493 1898.607 1898.699 1898.791 1898.883 1898.975 1899.03 1899.072 1899.114 1899.155 1899.209 1899.354 1899.5 1899.646 1899.791 1899.878 1899.907 1899.937 1899.967 1899.997 1899.87 1899.724 1899.579 1899.433 1899.309 1899.238 1899.166 1899.095 1899.023 1899.0 1899.0
1897.379 1897.781 1898.184 1898.56 1898.922 1899.283 1899.644 1900.0 1900.0 1900.0 1900.0 1900.0 1899.971 1899.899 1899.826 1899.754 1899.682 1899.552 1899.408 1899.263 1899.119 1898.966 1898.775 1898.584 1898.393 1898.202 1898.105 1898.079 1898.053 1898.027 1898.001 1898.089 1898.182 1898.274 1898.367 1898.471 1898.595 1898.719 1898.843 1898.967 1899.023 1899.054 1899.084 1899.115 1899.156 1899.264 1899.372 1899.48 1899.589 1899.682 1899.759 1899.837 1899.914 1899.992 1899.903 1899.795 1899.687 1899.578 1899.47 1899.361 1899.253 1899.144 1899.036 1899.0 1899.0
1897.53 1897.869 1898.207 1898.56 1898.922 1899.283 1899.644 1900.0 1900.0 1900.0 1900.0 1900.0 1899.971 1899.899 1899.826 1899.754 1899.682 1899.552 1899.408 1899.263 1899.119 1898.969 1898.794 1898.619 1898.443 1898.269 1898.169 1898.127 1898.085 1898.044 1898.002 1898.058 1898.119 1898.18 1898.241 1898.335 1898.49 1898.646 1898.802 1898.958 1899.015 1899.035 1899.056 1899.076 1899.102 1899.173 1899.244 1899.316 1899.387 1899.485 1899.611 1899.736 1899.861 1899.987 1899.936 1899.865 1899.794 1899.723 1899.631 1899.485 1899.339 1899.194 1899.048 1899.0 1899.0
1897.681 1897.956 1898.231 1898.56 1898.922 1899.283 1899.644 1900.0 1900.0 1900.0 1900.0 1900.0 1899.971 1899.899 1899.826 1899.754 1899.682 1899.552 1899.408 1899.263 1899.119 1898.971 1898.812 1898.653 1898.494 1898.335 1898.234 1898.176 1898.118 1898.06 1898.003 1898.028 1898.057 1898.086 1898.115 1898.199 1898.386 1898.574 1898.762 1898.95 1899.007 1899.017 1899.026 1899.036 1899.049 1899.083 1899.117 1899.151 1899.185 1899.289 1899.462 1899.635 1899.809 1899.982 1899.97 1899.936 1899.902 1899.868 1899.792 1899.609 1899.426 1899.243 1899.06 1899.0 1899.0
1897.837 1898.05 1898.263 1898.565 1898.92 1899.276 1899.631 1899.981 1899.985 1899.989 1899.993 1899.998 1899.971 1899.9 1899.828 1899.757 1899.686 1899.556 1899.41 1899.265 1899.119 1898.975 1898.833 1898.691 1898.549 1898.407 1898.306 1898.234 1898.163 1898.092 1898.02 1898.016 1898.015 1898.014 1898.013 1898.086 1898.3 1898.514 1898.728 1898.943 1899.0 1899.0 1899.0 1899.0 1899.0 1899.0 1899.0 1899.0 1899.0 1899.109 1899.325 1899.541 1899.757 1899.973 1899.997 1899.997 1899.998 1899.999 1899.94 1899.727 1899.515 1899.302 1899.089 1899.017 1899.014
1898.049 1898.214 1898.379 1898.62 1898.906 1899.192 1899.479 1899.761 1899.813 1899.865 1899.917 1899.969 1899.975 1899.915 1899.854 1899.793 1899.733 1899.596 1899.44 1899.284 1899.128 1898.98 1898.87 1898.76 1898.651 1898.541 1898.459 1898.398 1898.337 1898.276 1898.216 1898.202 1898.19 1898.179 1898.167 1898.222 1898.404 1898.587 1898.769 1898.951 1899.0 1899.0 1899.0 1899.0 1899.0 1899.0 1899.0 1899.0 1899.0 1899.104 1899.309 1899.515 1899.72 1899.925 1899.957 1899.969 1899.98 1899.992 1899.953 1899.788 1899.624 1899.459 1899.294 1899.213 1899.172
1898.26 1898.377 1898.494 1898.674 1898.891 1899.109 1899.326 1899.542 1899.641 1899.741 1899.841 1899.941 1899.98 1899.93 1899.88 1899.829 1899.779 1899.637 1899.47 1899.303 1899.137 1898.986 1898.908 1898.83 1898.752 1898.674 1898.612 1898.562 1898.511 1898.461 1898.411 1898.388 1898.366 1898.344 1898.321 1898.358 1898.509 1898.659 1898.809 1898.96 1899.0 1899.0 1899.0 1899.0 1899.0 1899.0 1899.0 1899.0 1899.0 1899.099 1899.293 1899.488 1899.683 1899.877 1899.918 1899.94 1899.962 1899.984 1899.967 1899.85 1899.733 1899.616 1899.499 1899.408 1899.33
1898.472 1898.541 1898.61 1898.729 1898.877 1899.025 1899.174 1899.322 1899.469 1899.617 1899.764 1899.912 1899.984 1899.945 1899.905 1899.866 1899.826 1899.677 1899.5 1899.323 1899.146 1898.992 1898.946 1898.899 1898.853 1898.807 1898.765 1898.725 1898.686 1898.646 1898.607 1898.574 1898.541 1898.508 1898.475 1898.494 1898.613 1898.731 1898.85 1898.968 1899.0 1899.0 1899.0 1899.0 1899.0 1899.0 1899.0 1899.0 1899.0 1899.093 1899.277 1899.461 1899.645 1899.829 1899.878 1899.911 1899.944 1899.976 1899.98 1899.911 1899.842 1899.773 1899.703 1899.604 1899.489
1898.683 1898.704 1898.726 1898.784 1898.863 1898.942 1899.021 1899.102 1899.297 1899.493 1899.688 1899.884 1899.988 1899.959 1899.931 1899.902 1899.873 1899.718 1899.53 1899.342 1899.154 1898.997 1898.983 1898.969 1898.954 1898.94 1898.918 1898.889 1898.86 1898.831 1898.802 1898.759 1898.716 1898.673 1898.629 1898.63 1898.717 1898.804 1898.89 1898.977 1899.0 1899.0 1899.0 1899.0 1899.0 1899.0 1899.0 1899.0 1899.0 1899.088 1899.261 1899.435 1899.608 1899.781 1899.839 1899.882 1899.925 1899.969 1899.994 1899.972 1899.951 1899.929 1899.908 1899.799 1899.647
1898.812 1898.809 1898.806 1898.831 1898.874 1898.916 1898.958 1899.003 1899.22 1899.437 1899.654 1899.871 1899.991 1899.97 1899.949 1899.928 1899.907 1899.748 1899.552 1899.356 1899.161 1899.0 1899.0 1899.0 1899.0 1899.0 1898.988 1898.967 1898.946 1898.925 1898.903 1898.862 1898.82 1898.777 1898.735 1898.729 1898.792 1898.856 1898.919 1898.983 1899.0 1899.0 1899.0 1899.0 1899.0 1899.0 1899.0 1899.0 1899.0 1899.075 1899.223 1899.371 1899.52 1899.668 1899.745 1899.813 1899.882 1899.951 1900.0 1900.0 1900.0 1900.0 1900.0 1899.901 1899.752
1898.873 1898.865 1898.857 1898.874 1898.905 1898.937 1898.969 1899.003 1899.22 1899.437 1899.654 1899.871 1899.994 1899.978 1899.962 1899.946 1899.93 1899.768 1899.567 1899.366 1899.165 1899.0 1899.0 1899.0 1899.0 1899.0 1898.991 1898.975 1898.959 1898.943 1898.928 1898.897 1898.865 1898.833 1898.802 1898.797 1898.845 1898.892 1898.94 1898.987 1899.0 1899.0 1899.0 1899.0 1899.0 1899.0 1899.0 1899.0 1899.0 1899.056 1899.167 1899.278 1899.389 1899.5 1899.607 1899.712 1899.818 1899.924 1900.0 1900.0 1900.0 1900.0 1900.0 1899.926 1899.815
1898.935 1898.921 1898.908 1898.916 1898.937 1898.958 1898.979 1899.003 1899.22 1899.437 1899.654 1899.871 1899.996 1899.985 1899.975 1899.964 1899.954 1899.788 1899.582 1899.375 1899.169 1899.0 1899.0 1899.0 1899.0 1899.0 1898.994 1898.984 1898.973 1898.962 1898.952 1898.931 1898.91 1898.889 1898.868 1898.865 1898.897 1898.928 1898.96 1898.991 1899.0 1899.0 1899.0 1899.0 1899.0 1899.0 1899.0 1899.0 1899.0 1899.037 1899.111 1899.185 1899.259 1899.333 1899.468 1899.611 1899.754 1899.897 1900.0 1900.0 1900.0 1900.0 1900.0 1899.95 1899.877
1898.996 1898.978 1898.959 1898.958 1898.969 1898.979 1898.99 1899.003 1899.22 1899.437 1899.654 1899.871 1899.998 1899.993 1899.987 1899.982 1899.977 1899.808 1899.597 1899.385 1899.174 1899.0 1899.0 1899.0 1899.0 1899.0 1898.997 1898.992 1898.987 1898.981 1898.976 1898.966 1898.955 1898.945 1898.934 1898.933 1898.949 1898.964 1898.98 1898.996 1899.0 1899.0 1899.0 1899.0 1899.0 1899.0 1899.0 1899.0 1899.0 1899.019 1899.055 1899.092 1899.128 1899.165 1899.33 1899.51 1899.691 1899.871 1900.0 1900.0 1900.0 1900.0 1900.0 1899.975 1899.939
1899.059 1899.034 1899.009 1899.0 1899.0 1899.0 1899.0 1899.003 1899.22 1899.437 1899.654 1899.871 1900.0 1900.0 1900.0 1900.0 1900.0 1899.828 1899.612 1899.395 1899.178 1899.0 1899.0 1899.0 1899.0 1899.0 1899.0 1899.0 1899.0 1899.0 1899.0 1899.0 1899.0 1899.0 1899.0 1899.0 1899.0 1899.0 1899.0 1899.0 1899.0 1899.0 1899.0 1899.0 1899.0 1899.0 1899.0 1899.0 1899.0 1899.0 1899.0 1899.0 1899.0 1899.0 1899.194 1899.411 1899.628 1899.844 1900.0 1900.0 1900.0 1900.0 1900.0 1900.0 1900.0
1899.159 1899.092 1899.025 1899.0 1899.0 1899.0 1899.0 1899.003 1899.22 1899.437 1899.654 1899.871 1900.0 1900.0 1900.0 1900.0 1900.0 1899.828 1899.612 1899.395 1899.178 1899.0 1899.0 1899.0 1899.0 1899.0 1899.0 1899.0 1899.0 1899.0 1899.0 1899.0 1899.0 1899.0 1899.0 1899.0 1899.0 1899.0 1899.0 1899.0 1899.0 1899.0 1899.0 1899.0 1899.0 1899.0 1899.0 1899.0 1899.0 1899.0 1899.0 1899.0 1899.0 1899.0 1899.194 1899.411 1899.628 1899.844 1900.0 1900.0 1900.0 1900.0 1900.0 1900.0 1900.0
1899.26 1899.151 1899.041 1899.0 1899.0 1899.0 1899.0 1899.003 1899.22 1899.437 1899.654 1899.871 1900.0 1900.0 1900.0 1900.0 1900.0 1899.828 1899.612 1899.395 1899.178 1899.0 1899.0 1899.0 1899.0 1899.0 1899.0 1899.0 1899.0 1899.0 1899.0 1899.0 1899.0 1899.0 1899.0 1899.0 1899.0 1899.0 1899.0 1899.0 1899.0 1899.0 1899.0 1899.0 1899.0 1899.0 1899.0 1899.0 1899.0 1899.0 1899.0 1899.0 1899.0 1899.0 1899.194 1899.411 1899.628 1899.844 1900.0 1900.0 1900.0 1900.0 1900.0 1900.0 1900.0
1899.361 1899.209 1899.057 1899.0 1899.0 1899.0 1899.0 1899.003 1899.22 1899.437 1899.654 1899.871 1900.0 1900.0 1900.0 1900.0 1900.0 1899.828 1899.612 1899.395 1899.178 1899.0 1899.0 1899.0 1899.0 1899.0 1899.0 1899.0 1899.0 1899.0 1899.0 1899.0 1899.0 1899.0 1899.0 1899.0 1899.0 1899.0 1899.0 1899.0 1899.0 1899.0 1899.0 1899.0 1899.0 1899.0 1899.0 1899.0 1899.0 1899.0 1899.0 1899.0 1899.0 1899.0 1899.194 1899.411 1899.628 1899.844 1900.0 1900.0 1900.0 1900.0 1900.0 1900.0 1900.0
1899.462 1899.267 1899.072 1899.0 1899.0 1899.0 1899.0 1899.003 1899.22 1899.437 1899.654 1899.871 1900.0 1900.0 1900.0 1900.0 1900.0 1899.828 1899.612 1899.395 1899.178 1899.0 1899.0 1899.0 1899.0 1899.0 1899.0 1899.0 1899.0 1899.0 1899.0 1899.0 1899.0 1899.0 1899.0 1899.0 1899.0 1899.0 1899.0 1899.0 1899.0 1899.0 1899.0 1899.0 1899.0 1899.0 1899.0 1899.0 1899.0 1899.0 1899.0 1899.0 1899.0 1899.0 1899.194 1899.411 1899.628 1899.844 1900.0 1900.0 1900.0 1900.0 1900.0 1900.0 1900.0
1899.566 1899.372 1899.178 1899.105 1899.105 1899.105 1899.105 1899.109 1899.302 1899.496 1899.69 1899.884 1900.0 1900.0 1900.0 1900.0 1900.0 1899.84 1899.639 1899.437 1899.236 1899.068 1899.052 1899.037 1899.022 1899.007 1899.0 1899.0 1899.0 1899.0 1899.0 1899.0 1899.0 1899.0 1899.0 1899.0 1899.0 1899.0 1899.0 1899.0 1899.0 1899.0 1899.0 1899.0 1899.0 1899.0 1899.0 1899.0 1899.0 1899.0 1899.0 1899.0 1899.0 1899.0 1899.194 1899.411 1899.628 1899.844 1900.0 1900.0 1900.0 1900.0 1900.0 1900.0 1900.0
1899.673 1899.526 1899.38 1899.326 1899.326 1899.326 1899.326 1899.328 1899.474 1899.62 1899.767 1899.913 1900.0 1900.0 1900.0 1900.0 1900.0 1899.866 1899.696 1899.526 1899.356 1899.209 1899.162 1899.115 1899.068 1899.02 1899.0 1899.0 1899.0 1899.0 1899.0 1899.0 1899.0 1899.0 1899.0 1899.0 1899.0 1899.0 1899.0 1899.0 1899.0 1899.0 1899.0 1899.0 1899.0 1899.0 1899.0 1899.0 1899.0 1899.0 1899.0 1899.0 1899.0 1899.0 1899.194 1899.411 1899.628 1899.844 1900.0 1900.0 1900.0 1900.0 1900.0 1900.0 1900.0
1899.78 1899.681 1899.583 1899.546 1899.546 1899.546 1899.546 1899.548 1899.646 1899.745 1899.843 1899.941 1900.0 1900.0 1900.0 1900.0 1900.0 1899.891 1899.753 1899.615 1899.477 1899.35 1899.271 1899.192 1899.113 1899.034 1899.0 1899.0 1899.0 1899.0 1899.0 1899.0 1899.0 1899.0 1899.0 1899.0 1899.0 1899.0 1899.0 1899.0 1899.0 1899.0 1899.0 1899.0 1899.0 1899.0 1899.0 1899.0 1899.0 1899.0 1899.0 1899.0 1899.0 1899.0 1899.194 1899.411 1899.628 1899.844 1900.0 1900.0 1900.0 1900.0 1900.0 1900.0 1900.0
1899.887 1899.836 1899.786 1899.767 1899.767 1899.767 1899.767 1899.768 1899.818 1899.869 1899.919 1899.97 1900.0 1900.0 1900.0 1900.0 1900.0 1899.916 1899.81 1899.704 1899.598 1899.491 1899.38 1899.27 1899.159 1899.048 1899.0 1899.0 1899.0 1899.0 1899.0 1899.0 1899.0 1899.0 1899.0 1899.0 1899.0 1899.0 1899.0 1899.0 1899.0 1899.0 1899.0 1899.0 1899.0 1899.0 1899.0 1899.0 1899.0 1899.0 1899.0 1899.0 1899.0 1899.0 1899.194 1899.411 1899.628 1899.844 1900.0 1900.0 1900.0 1900.0 1900.0 1900.0 1900.0
1899.994 1899.991 1899.988 1899.987 1899.987 1899.987 1899.987 1899.987 1899.99 1899.993 1899.996 1899.998 1900.0 1900.0 1900.0 1900.0 1900.0 1899.941 1899.867 1899.793 1899.719 1899.632 1899.49 1899.347 1899.204 1899.062 1899.0 1899.0 1899.0 1899.0 1899.0 1899.0 1899.0 1899.0 1899.0 1899.0 1899.0 1899.0 1899.0 1899.0 1899.0 1899.0 1899.0 1899.0 1899.0 1899.0 1899.0 1899.0 1899.0 1899.0 1899.0 1899.0 1899.0 1899.0 1899.194 1899.411 1899.628 1899.844 1900.0 1900.0 1900.0 1900.0 1900.0 1900.0 1900.0
1900.0 1900.0 1900.0 1900.0 1900.0 1900.0 1900.0 1900.0 1900.0 1900.0 1900.0 1900.0 1900.0 1900.0 1900.0 1900.0 1900.0 1899.955 1899.897 1899.84 1899.783 1899.71 1899.565 1899.421 1899.276 1899.132 1899.061 1899.046 1899.031 1899.016 1899.001 1899.0 1899.0 1899.0 1899.0 1899.003 1899.013 1899.023 1899.033 1899.043 1899.072 1899.107 1899.142 1899.177 1899.208 1899.208 1899.208 1899.208 1899.208 1899.208 1899.208 1899.208 1899.208 1899.208 1899.361 1899.533 1899.705 1899.877 1900.0 1900.0 1900.0 1900.0 1900.0 1900.0 1900.0
1900.0 1900.0 1900.0 1900.0 1900.0 1900.0 1900.0 1900.0 1900.0 1900.0 1900.0 1900.0 1900.0 1900.0 1900.0 1900.0 1900.0 1899.967 1899.926 1899.885 1899.843 1899.783 1899.639 1899.494 1899.35 1899.205 1899.125 1899.094 1899.063 1899.032 1899.001 1899.0 1899.0 1899.0 1899.0 1899.007 1899.028 1899.048 1899.069 1899.09 1899.148 1899.22 1899.292 1899.365 1899.428 1899.428 1899.428 1899.428 1899.428 1899.428 1899.428 1899.428 1899.428 1899.428 1899.539 1899.663 1899.787 1899.911 1900.0 1900.0 1900.0 1900.0 1900.0 1900.0 1900.0
