data/zism_data/00393_03_D.txt
ncols         224
nrows         224
[rows 196 to 223 of 224, columns 126 to 188 of 224]
1517.213 1512.954 1510.422 1507.891 1505.359 1503.693 1505.143 1506.594 1508.045 1509.495 1509.897 1509.757 1509.618 1509.478 1509.185 1507.532 1505.88 1504.227 1502.574 1501.68 1501.425 1501.169 1500.913 1500.657 1500.682 1500.71 1500.739 1500.768 1500.747 1500.661 1500.575 1500.489 1500.403 1500.367 1500.338 1500.31 1500.281 1500.497 1501.254 1502.011 1502.768 1503.525 1503.861 1504.06 1504.258 1504.457 1504.74 1505.37 1506.0 1506.63 1507.26 1509.98 1513.888 1517.796 1521.703 1525.463 1527.503 1529.543 1531.584 1533.624 1532.754 1529.216 1525.679
1520.694 1515.85 1512.877 1509.904 1506.931 1505.022 1506.947 1508.871 1510.795 1512.719 1513.226 1513.0 1512.774 1512.548 1512.123 1509.932 1507.741 1505.55 1503.359 1502.112 1501.657 1501.202 1500.747 1500.292 1500.298 1500.31 1500.323 1500.335 1500.326 1500.289 1500.251 1500.214 1500.176 1500.16 1500.148 1500.135 1500.123 1500.234 1500.62 1501.005 1501.391 1501.776 1501.895 1501.927 1501.959 1501.991 1502.119 1502.641 1503.163 1503.685 1504.208 1506.676 1510.25 1513.824 1517.398 1520.845 1522.821 1524.797 1526.773 1528.749 1528.013 1524.793 1521.573
1524.155 1518.958 1515.775 1512.591 1509.408 1507.43 1509.793 1512.156 1514.519 1516.881 1517.441 1517.068 1516.696 1516.323 1515.715 1513.011 1510.307 1507.603 1504.899 1503.246 1502.474 1501.703 1500.931 1500.16 1500.117 1500.084 1500.051 1500.019 1500.0 1500.0 1500.0 1500.0 1500.0 1500.0 1500.0 1500.0 1500.0 1500.029 1500.122 1500.214 1500.307 1500.4 1500.353 1500.26 1500.167 1500.075 1500.082 1500.499 1500.916 1501.333 1501.75 1503.929 1507.109 1510.289 1513.469 1516.547 1518.446 1520.345 1522.244 1524.143 1523.548 1520.667 1517.786
1527.548 1522.799 1520.202 1517.605 1515.008 1513.559 1516.239 1518.92 1521.6 1524.28 1524.714 1523.986 1523.258 1522.531 1521.559 1518.431 1515.302 1512.172 1509.043 1506.804 1505.311 1503.818 1502.326 1500.833 1500.636 1500.458 1500.28 1500.102 1500.0 1500.0 1500.0 1500.0 1500.0 1500.0 1500.0 1500.0 1500.0 1500.022 1500.093 1500.164 1500.236 1500.307 1500.271 1500.199 1500.128 1500.057 1500.063 1500.383 1500.703 1501.023 1501.343 1503.103 1505.68 1508.257 1510.834 1513.348 1515.128 1516.909 1518.69 1520.471 1520.036 1517.569 1515.102
1530.941 1526.639 1524.629 1522.619 1520.609 1519.688 1522.686 1525.684 1528.682 1531.68 1531.987 1530.904 1529.821 1528.738 1527.404 1523.85 1520.296 1516.742 1513.188 1510.362 1508.148 1505.934 1503.72 1501.506 1501.155 1500.832 1500.508 1500.185 1500.0 1500.0 1500.0 1500.0 1500.0 1500.0 1500.0 1500.0 1500.0 1500.016 1500.065 1500.115 1500.164 1500.214 1500.189 1500.139 1500.089 1500.04 1500.044 1500.267 1500.49 1500.714 1500.937 1502.277 1504.251 1506.225 1508.199 1510.149 1511.811 1513.474 1515.136 1516.798 1516.523 1514.471 1512.418
1534.334 1530.48 1529.056 1527.633 1526.21 1525.817 1529.132 1532.448 1535.763 1539.079 1539.26 1537.821 1536.383 1534.945 1533.249 1529.27 1525.291 1521.311 1517.332 1513.92 1510.984 1508.049 1505.114 1502.179 1501.674 1501.206 1500.737 1500.268 1500.0 1500.0 1500.0 1500.0 1500.0 1500.0 1500.0 1500.0 1500.0 1500.009 1500.037 1500.065 1500.093 1500.121 1500.107 1500.079 1500.051 1500.023 1500.025 1500.151 1500.277 1500.404 1500.53 1501.451 1502.822 1504.193 1505.565 1506.95 1508.494 1510.038 1511.582 1513.126 1513.01 1511.372 1509.734
1537.727 1534.32 1533.484 1532.647 1531.81 1531.945 1535.578 1539.212 1542.845 1546.478 1546.533 1544.739 1542.946 1541.153 1539.094 1534.69 1530.285 1525.88 1521.476 1517.478 1513.821 1510.164 1506.508 1502.851 1502.193 1501.579 1500.965 1500.351 1500.0 1500.0 1500.0 1500.0 1500.0 1500.0 1500.0 1500.0 1500.0 1500.002 1500.009 1500.015 1500.022 1500.028 1500.025 1500.018 1500.012 1500.005 1500.006 1500.035 1500.065 1500.094 1500.124 1500.625 1501.393 1502.162 1502.93 1503.751 1505.177 1506.602 1508.028 1509.453 1509.497 1508.274 1507.051
1543.031 1540.208 1539.913 1539.618 1539.323 1539.894 1543.578 1547.263 1550.948 1554.633 1554.55 1552.521 1550.493 1548.464 1546.168 1541.511 1536.853 1532.196 1527.538 1522.849 1518.134 1513.42 1508.705 1503.99 1503.118 1502.302 1501.487 1500.672 1500.282 1500.461 1500.641 1500.821 1501.001 1501.024 1501.024 1501.024 1501.024 1500.998 1500.916 1500.834 1500.751 1500.669 1500.592 1500.517 1500.442 1500.367 1500.294 1500.227 1500.159 1500.092 1500.024 1500.302 1500.774 1501.247 1501.72 1502.25 1503.449 1504.647 1505.846 1507.044 1507.121 1506.171 1505.219
1549.172 1546.992 1547.219 1547.446 1547.673 1548.638 1552.258 1555.879 1559.499 1563.119 1562.894 1560.682 1558.47 1556.258 1553.78 1548.945 1544.11 1539.275 1534.439 1529.014 1523.094 1517.173 1511.253 1505.332 1504.22 1503.178 1502.137 1501.095 1500.687 1501.125 1501.563 1502.001 1502.439 1502.496 1502.496 1502.496 1502.496 1502.433 1502.233 1502.032 1501.831 1501.63 1501.443 1501.261 1501.078 1500.896 1500.717 1500.552 1500.388 1500.224 1500.06 1500.198 1500.51 1500.821 1501.132 1501.492 1502.416 1503.34 1504.264 1505.188 1505.244 1504.503 1503.762
1555.312 1553.775 1554.525 1555.274 1556.023 1557.383 1560.938 1564.494 1568.05 1571.605 1571.237 1568.842 1566.448 1564.053 1561.392 1556.379 1551.367 1546.354 1541.341 1535.179 1528.053 1520.927 1513.801 1506.675 1505.322 1504.054 1502.787 1501.519 1501.091 1501.788 1502.484 1503.181 1503.877 1503.968 1503.968 1503.968 1503.968 1503.869 1503.549 1503.23 1502.911 1502.592 1502.294 1502.004 1501.714 1501.424 1501.139 1500.878 1500.617 1500.356 1500.095 1500.095 1500.245 1500.395 1500.545 1500.734 1501.384 1502.033 1502.683 1503.333 1503.366 1502.835 1502.304
1561.453 1560.559 1561.83 1563.102 1564.373 1566.127 1569.618 1573.109 1576.6 1580.091 1579.581 1577.003 1574.425 1571.847 1569.004 1563.814 1558.623 1553.433 1548.242 1541.345 1533.012 1524.681 1516.349 1508.017 1506.424 1504.93 1503.437 1501.943 1501.496 1502.451 1503.406 1504.361 1505.316 1505.44 1505.44 1505.44 1505.44 1505.304 1504.866 1504.428 1503.991 1503.553 1503.146 1502.748 1502.35 1501.952 1501.562 1501.204 1500.846 1500.488 1500.13 1499.993 1499.981 1499.969 1499.957 1499.977 1500.352 1500.727 1501.102 1501.477 1501.488 1501.167 1500.846
1567.451 1567.138 1568.868 1570.597 1572.327 1574.412 1577.775 1581.137 1584.5 1587.863 1587.245 1584.57 1581.895 1579.221 1576.268 1570.852 1565.437 1560.021 1554.605 1546.99 1537.527 1528.063 1518.6 1509.137 1507.488 1505.954 1504.42 1502.886 1502.589 1503.947 1505.306 1506.664 1508.023 1508.203 1508.205 1508.208 1508.211 1508.013 1507.375 1506.736 1506.098 1505.459 1504.866 1504.288 1503.71 1503.132 1502.557 1501.999 1501.441 1500.883 1500.325 1500.012 1499.838 1499.663 1499.489 1499.34 1499.479 1499.618 1499.758 1499.897 1499.89 1499.749 1499.608
1572.734 1572.693 1574.562 1576.432 1578.302 1580.399 1583.315 1586.231 1589.147 1592.063 1591.513 1589.172 1586.831 1584.49 1581.79 1575.911 1570.033 1564.154 1558.276 1550.037 1539.814 1529.592 1519.37 1509.148 1508.364 1507.718 1507.072 1506.426 1507.12 1509.609 1512.098 1514.587 1517.075 1517.416 1517.435 1517.454 1517.473 1517.096 1515.844 1514.591 1513.339 1512.087 1510.933 1509.811 1508.69 1507.568 1506.416 1505.142 1503.868 1502.594 1501.32 1500.641 1500.3 1499.959 1499.618 1499.312 1499.408 1499.504 1499.6 1499.696 1499.686 1499.577 1499.469
1578.017 1578.247 1580.257 1582.267 1584.276 1586.386 1588.855 1591.324 1593.794 1596.263 1595.781 1593.773 1591.766 1589.759 1587.312 1580.97 1574.629 1568.288 1561.946 1553.083 1542.102 1531.121 1520.14 1509.159 1509.239 1509.481 1509.723 1509.965 1511.651 1515.27 1518.89 1522.509 1526.128 1526.63 1526.665 1526.7 1526.735 1526.178 1524.312 1522.446 1520.58 1518.715 1517.0 1515.335 1513.669 1512.004 1510.275 1508.285 1506.295 1504.305 1502.316 1501.271 1500.763 1500.255 1499.747 1499.284 1499.337 1499.39 1499.443 1499.496 1499.482 1499.406 1499.329
1583.3 1583.802 1585.952 1588.101 1590.251 1592.373 1594.396 1596.418 1598.441 1600.463 1600.048 1598.375 1596.701 1595.028 1592.834 1586.03 1579.225 1572.421 1565.617 1556.13 1544.39 1532.65 1520.91 1509.17 1510.114 1511.244 1512.375 1513.505 1516.182 1520.932 1525.681 1530.431 1535.18 1535.844 1535.895 1535.946 1535.997 1535.26 1532.781 1530.301 1527.822 1525.343 1523.067 1520.858 1518.649 1516.44 1514.134 1511.428 1508.722 1506.017 1503.311 1501.9 1501.226 1500.551 1499.876 1499.256 1499.266 1499.276 1499.286 1499.296 1499.278 1499.234 1499.19
1588.583 1589.357 1591.647 1593.936 1596.226 1598.36 1599.936 1601.512 1603.087 1604.663 1604.316 1602.977 1601.637 1600.297 1598.356 1591.089 1583.822 1576.554 1569.287 1559.177 1546.678 1534.179 1521.68 1509.181 1510.989 1513.008 1515.026 1517.045 1520.714 1526.593 1532.473 1538.353 1544.232 1545.058 1545.125 1545.192 1545.26 1544.342 1541.249 1538.156 1535.063 1531.97 1529.134 1526.381 1523.629 1520.876 1517.993 1514.571 1511.15 1507.728 1504.306 1502.53 1501.688 1500.847 1500.005 1499.228 1499.195 1499.162 1499.129 1499.096 1499.074 1499.062 1499.051
1594.815 1595.282 1597.2 1599.118 1601.036 1602.777 1603.878 1604.98 1606.082 1607.183 1606.752 1605.53 1604.308 1603.085 1601.236 1593.839 1586.442 1579.045 1571.648 1561.54 1549.154 1536.768 1524.382 1511.996 1514.863 1517.955 1521.047 1524.139 1528.567 1534.784 1541.001 1547.218 1553.435 1554.265 1554.287 1554.308 1554.33 1553.297 1549.934 1546.57 1543.207 1539.844 1536.539 1533.253 1529.967 1526.681 1523.238 1519.148 1515.059 1510.969 1506.88 1504.576 1503.286 1501.996 1500.706 1499.525 1499.596 1499.668 1499.739 1499.811 1499.958 1500.174 1500.39
1601.585 1601.417 1602.673 1603.929 1605.185 1606.301 1606.913 1607.525 1608.137 1608.748 1608.147 1606.919 1605.692 1604.464 1602.616 1595.279 1587.941 1580.603 1573.265 1563.514 1551.736 1539.958 1528.181 1516.403 1520.441 1524.712 1528.982 1533.253 1538.307 1544.411 1550.516 1556.62 1562.724 1563.469 1563.41 1563.351 1563.292 1562.179 1558.741 1555.302 1551.863 1548.424 1544.703 1540.89 1537.077 1533.263 1529.27 1524.54 1519.81 1515.08 1510.35 1507.426 1505.528 1503.63 1501.732 1500.006 1500.266 1500.526 1500.786 1501.045 1501.459 1502.015 1502.57
1608.356 1607.552 1608.146 1608.74 1609.334 1609.826 1609.948 1610.07 1610.192 1610.314 1609.542 1608.309 1607.076 1605.843 1603.996 1596.718 1589.439 1582.16 1574.882 1565.488 1554.319 1543.149 1531.979 1520.81 1526.019 1531.468 1536.917 1542.367 1548.048 1554.039 1560.03 1566.021 1572.012 1572.672 1572.532 1572.393 1572.253 1571.062 1567.547 1564.033 1560.519 1557.005 1552.868 1548.527 1544.186 1539.845 1535.303 1529.932 1524.562 1519.191 1513.821 1510.277 1507.771 1505.264 1502.758 1500.487 1500.936 1501.384 1501.832 1502.28 1502.961 1503.855 1504.75
1615.127 1613.688 1613.62 1613.552 1613.484 1613.35 1612.983 1612.615 1612.247 1611.879 1610.937 1609.698 1608.46 1607.222 1605.376 1598.157 1590.937 1583.718 1576.498 1567.463 1556.901 1546.34 1535.778 1525.217 1531.596 1538.224 1544.853 1551.481 1557.789 1563.667 1569.545 1575.423 1581.301 1581.876 1581.655 1581.435 1581.214 1579.944 1576.354 1572.765 1569.175 1565.586 1561.033 1556.164 1551.296 1546.428 1541.336 1535.325 1529.314 1523.302 1517.292 1513.128 1510.013 1506.899 1503.784 1500.969 1501.605 1502.242 1502.878 1503.515 1504.463 1505.696 1506.93
1621.889 1619.772 1618.986 1618.201 1617.415 1616.618 1615.783 1614.948 1614.112 1613.276 1612.171 1610.927 1609.682 1608.438 1606.604 1599.549 1592.493 1585.437 1578.382 1569.811 1559.968 1550.125 1540.282 1530.439 1537.747 1545.307 1552.867 1560.427 1567.175 1572.835 1578.496 1584.156 1589.816 1590.305 1590.019 1589.732 1589.445 1588.131 1584.545 1580.959 1577.373 1573.787 1568.901 1563.59 1558.279 1552.968 1547.406 1540.808 1534.21 1527.612 1521.015 1516.332 1512.738 1509.144 1505.55 1502.314 1503.215 1504.116 1505.017 1505.918 1507.168 1508.738 1510.308
1628.578 1625.437 1623.478 1621.519 1619.56 1617.783 1616.662 1615.542 1614.421 1613.3 1612.091 1610.835 1609.58 1608.325 1606.585 1600.552 1594.519 1588.486 1582.453 1575.23 1567.007 1558.784 1550.562 1542.339 1548.593 1555.061 1561.528 1567.996 1573.658 1578.242 1582.825 1587.409 1591.993 1592.388 1592.156 1591.923 1591.69 1590.615 1587.681 1584.746 1581.812 1578.877 1574.342 1569.284 1564.226 1559.168 1553.78 1547.037 1540.294 1533.551 1526.808 1522.44 1519.422 1516.404 1513.386 1510.751 1512.54 1514.329 1516.119 1517.908 1519.745 1521.627 1523.509
1635.268 1631.102 1627.97 1624.837 1621.705 1618.948 1617.542 1616.136 1614.73 1613.324 1612.01 1610.744 1609.478 1608.212 1606.566 1601.556 1596.546 1591.536 1586.525 1580.65 1574.047 1567.444 1560.841 1554.238 1559.44 1564.814 1570.189 1575.564 1580.14 1583.648 1587.155 1590.662 1594.17 1594.471 1594.292 1594.113 1593.934 1593.1 1590.817 1588.533 1586.25 1583.967 1579.783 1574.978 1570.173 1565.368 1560.155 1553.267 1546.378 1539.49 1532.602 1528.548 1526.106 1523.664 1521.222 1519.188 1521.865 1524.542 1527.22 1529.897 1532.322 1534.516 1536.71
1641.958 1636.767 1632.462 1628.156 1623.85 1620.112 1618.421 1616.73 1615.039 1613.347 1611.929 1610.653 1609.376 1608.099 1606.547 1602.56 1598.572 1594.585 1590.597 1586.069 1581.086 1576.103 1571.121 1566.138 1570.286 1574.568 1578.85 1583.132 1586.623 1589.054 1591.485 1593.916 1596.346 1596.555 1596.429 1596.304 1596.179 1595.584 1593.952 1592.32 1590.688 1589.057 1585.224 1580.672 1576.12 1571.568 1566.53 1559.496 1552.463 1545.429 1538.395 1534.657 1532.791 1530.924 1529.058 1527.625 1531.19 1534.755 1538.321 1541.886 1544.899 1547.405 1549.911
1648.648 1642.432 1636.953 1631.474 1625.995 1621.277 1619.301 1617.324 1615.347 1613.371 1611.849 1610.561 1609.274 1607.986 1606.528 1603.563 1600.599 1597.634 1594.669 1591.488 1588.125 1584.763 1581.4 1578.038 1581.132 1584.322 1587.511 1590.701 1593.106 1594.46 1595.814 1597.169 1598.523 1598.638 1598.566 1598.495 1598.424 1598.069 1597.088 1596.108 1595.127 1594.146 1590.665 1586.366 1582.067 1577.767 1572.905 1565.726 1558.547 1551.368 1544.189 1540.765 1539.475 1538.184 1536.894 1536.062 1540.515 1544.969 1549.422 1553.875 1557.476 1560.294 1563.113
1650.326 1643.582 1637.506 1631.431 1625.356 1620.19 1618.3 1616.409 1614.518 1612.628 1611.183 1609.969 1608.755 1607.542 1606.219 1603.937 1601.654 1599.372 1597.089 1594.756 1592.381 1590.005 1587.629 1585.254 1587.556 1589.927 1592.299 1594.67 1596.364 1597.151 1597.937 1598.723 1599.51 1599.575 1599.533 1599.49 1599.448 1599.227 1598.61 1597.994 1597.377 1596.761 1593.675 1589.782 1585.889 1581.995 1577.525 1570.681 1563.837 1556.993 1550.149 1547.338 1546.817 1546.296 1545.775 1545.657 1550.191 1554.724 1559.257 1563.791 1567.327 1569.949 1572.571
1648.372 1641.457 1635.204 1628.951 1622.698 1617.471 1615.935 1614.4 1612.865 1611.329 1610.095 1609.015 1607.936 1606.856 1605.699 1603.853 1602.006 1600.16 1598.313 1596.466 1594.618 1592.769 1590.921 1589.073 1590.773 1592.526 1594.278 1596.031 1597.285 1597.872 1598.459 1599.047 1599.634 1599.683 1599.651 1599.62 1599.588 1599.422 1598.962 1598.502 1598.041 1597.581 1594.923 1591.546 1588.17 1584.793 1580.872 1574.712 1568.552 1562.391 1556.231 1554.247 1554.636 1555.025 1555.414 1556.092 1560.12 1564.147 1568.175 1572.202 1575.201 1577.258 1579.315
1646.417 1639.332 1632.901 1626.471 1620.04 1614.751 1613.571 1612.391 1611.211 1610.031 1609.006 1608.061 1607.116 1606.171 1605.179 1603.769 1602.358 1600.948 1599.537 1598.175 1596.855 1595.534 1594.213 1592.892 1593.99 1595.124 1596.257 1597.391 1598.205 1598.594 1598.982 1599.37 1599.758 1599.79 1599.77 1599.749 1599.728 1599.618 1599.314 1599.01 1598.705 1598.401 1596.171 1593.311 1590.451 1587.592 1584.22 1578.743 1573.266 1567.789 1562.313 1561.156 1562.455 1563.753 1565.052 1566.528 1570.049 1573.57 1577.092 1580.613 1583.076 1584.568 1586.059
