data/zism_data/00396_02_D.txt
ncols         224
nrows         224
[rows 0 to 27 of 224, columns 126 to 188 of 224]
1433.731 1433.528 1433.381 1433.235 1433.088 1432.941 1432.9 1432.9 1432.9 1432.9 1432.92 1433.018 1433.115 1433.213 1433.311 1433.375 1433.424 1433.473 1433.522 1433.599 1433.821 1434.042 1434.263 1434.485 1434.69 1434.886 1435.083 1435.279 1435.489 1435.793 1436.096 1436.4 1436.703 1437.011 1437.322 1437.633 1437.943 1438.246 1438.468 1438.69 1438.913 1439.135 1439.353 1439.566 1439.78 1439.994 1440.213 1440.516 1440.818 1441.121 1441.423 1441.797 1442.233 1442.668 1443.104 1443.541 1444.065 1444.588 1445.112 1445.636 1446.107 1446.526 1446.944
1434.098 1433.906 1433.808 1433.71 1433.612 1433.514 1433.486 1433.486 1433.486 1433.486 1433.499 1433.565 1433.63 1433.695 1433.761 1433.804 1433.836 1433.869 1433.902 1433.965 1434.187 1434.408 1434.63 1434.851 1435.046 1435.226 1435.406 1435.586 1435.783 1436.092 1436.401 1436.709 1437.018 1437.305 1437.578 1437.851 1438.124 1438.397 1438.668 1438.939 1439.21 1439.481 1439.744 1440.001 1440.258 1440.515 1440.772 1441.032 1441.291 1441.55 1441.809 1442.187 1442.666 1443.144 1443.623 1444.101 1444.582 1445.063 1445.543 1446.024 1446.489 1446.941 1447.392
1434.464 1434.283 1434.234 1434.185 1434.135 1434.086 1434.072 1434.072 1434.072 1434.072 1434.079 1434.112 1434.145 1434.177 1434.21 1434.232 1434.248 1434.265 1434.281 1434.332 1434.553 1434.774 1434.996 1435.217 1435.401 1435.565 1435.729 1435.893 1436.077 1436.391 1436.705 1437.019 1437.334 1437.599 1437.835 1438.07 1438.305 1438.548 1438.867 1439.187 1439.507 1439.826 1440.135 1440.435 1440.736 1441.036 1441.332 1441.548 1441.764 1441.98 1442.196 1442.577 1443.098 1443.62 1444.142 1444.662 1445.099 1445.537 1445.974 1446.411 1446.872 1447.355 1447.839
1434.83 1434.661 1434.66 1434.66 1434.659 1434.658 1434.658 1434.658 1434.658 1434.658 1434.658 1434.659 1434.659 1434.66 1434.66 1434.66 1434.661 1434.661 1434.661 1434.698 1434.919 1435.141 1435.362 1435.583 1435.757 1435.905 1436.053 1436.2 1436.37 1436.69 1437.01 1437.329 1437.649 1437.894 1438.091 1438.288 1438.486 1438.699 1439.067 1439.435 1439.804 1440.172 1440.526 1440.87 1441.213 1441.557 1441.891 1442.063 1442.236 1442.409 1442.582 1442.966 1443.531 1444.096 1444.661 1445.223 1445.617 1446.011 1446.405 1446.799 1447.255 1447.771 1448.286
1435.16 1435.028 1435.028 1435.028 1435.028 1435.028 1435.028 1435.028 1435.028 1435.028 1435.028 1435.028 1435.028 1435.028 1435.028 1435.028 1435.028 1435.028 1435.028 1435.056 1435.23 1435.403 1435.577 1435.75 1435.938 1436.133 1436.329 1436.524 1436.731 1437.013 1437.296 1437.578 1437.86 1438.113 1438.347 1438.581 1438.815 1439.062 1439.431 1439.8 1440.169 1440.538 1440.896 1441.245 1441.595 1441.944 1442.286 1442.501 1442.716 1442.931 1443.145 1443.526 1444.049 1444.573 1445.095 1445.616 1446.02 1446.424 1446.828 1447.233 1447.701 1448.234 1448.766
1435.489 1435.394 1435.394 1435.394 1435.394 1435.394 1435.394 1435.394 1435.394 1435.394 1435.394 1435.394 1435.394 1435.394 1435.394 1435.394 1435.394 1435.394 1435.394 1435.414 1435.539 1435.664 1435.789 1435.914 1436.116 1436.36 1436.604 1436.848 1437.092 1437.337 1437.581 1437.826 1438.071 1438.332 1438.604 1438.875 1439.147 1439.428 1439.797 1440.166 1440.535 1440.904 1441.265 1441.62 1441.975 1442.33 1442.679 1442.937 1443.195 1443.453 1443.711 1444.089 1444.569 1445.049 1445.528 1446.007 1446.422 1446.837 1447.252 1447.667 1448.149 1448.698 1449.246
1435.818 1435.76 1435.76 1435.76 1435.76 1435.76 1435.76 1435.76 1435.76 1435.76 1435.76 1435.76 1435.76 1435.76 1435.76 1435.76 1435.76 1435.76 1435.76 1435.773 1435.849 1435.925 1436.001 1436.077 1436.294 1436.586 1436.879 1437.172 1437.453 1437.66 1437.867 1438.074 1438.281 1438.55 1438.86 1439.17 1439.479 1439.795 1440.163 1440.532 1440.901 1441.27 1441.634 1441.995 1442.355 1442.715 1443.073 1443.374 1443.675 1443.976 1444.277 1444.652 1445.088 1445.525 1445.961 1446.398 1446.823 1447.249 1447.675 1448.101 1448.597 1449.161 1449.726
1436.147 1436.126 1436.126 1436.126 1436.126 1436.126 1436.126 1436.126 1436.126 1436.126 1436.126 1436.126 1436.126 1436.126 1436.126 1436.126 1436.126 1436.126 1436.126 1436.131 1436.158 1436.186 1436.213 1436.241 1436.472 1436.813 1437.154 1437.496 1437.815 1437.984 1438.153 1438.322 1438.491 1438.769 1439.116 1439.464 1439.811 1440.161 1440.53 1440.899 1441.268 1441.636 1442.004 1442.369 1442.735 1443.101 1443.466 1443.81 1444.155 1444.499 1444.844 1445.214 1445.608 1446.001 1446.394 1446.789 1447.225 1447.662 1448.098 1448.535 1449.044 1449.625 1450.206
1436.588 1436.588 1436.588 1436.588 1436.588 1436.588 1436.588 1436.588 1436.588 1436.588 1436.585 1436.571 1436.557 1436.543 1436.529 1436.52 1436.513 1436.505 1436.499 1436.496 1436.517 1436.538 1436.56 1436.581 1436.813 1437.161 1437.509 1437.857 1438.178 1438.326 1438.473 1438.621 1438.769 1439.052 1439.42 1439.789 1440.158 1440.527 1440.896 1441.265 1441.634 1442.003 1442.372 1442.74 1443.109 1443.478 1443.847 1444.216 1444.585 1444.954 1445.323 1445.692 1446.061 1446.429 1446.798 1447.169 1447.611 1448.054 1448.497 1448.939 1449.464 1450.068 1450.672
1437.174 1437.174 1437.174 1437.174 1437.174 1437.174 1437.174 1437.174 1437.174 1437.174 1437.165 1437.118 1437.072 1437.025 1436.979 1436.948 1436.925 1436.901 1436.878 1436.87 1436.94 1437.01 1437.08 1437.15 1437.368 1437.667 1437.966 1438.265 1438.545 1438.692 1438.84 1438.987 1439.135 1439.418 1439.787 1440.156 1440.524 1440.893 1441.262 1441.631 1442.0 1442.369 1442.738 1443.107 1443.476 1443.844 1444.213 1444.582 1444.951 1445.32 1445.689 1446.058 1446.427 1446.796 1447.165 1447.535 1447.978 1448.42 1448.863 1449.306 1449.846 1450.483 1451.12
1437.76 1437.76 1437.76 1437.76 1437.76 1437.76 1437.76 1437.76 1437.76 1437.76 1437.744 1437.665 1437.586 1437.507 1437.428 1437.376 1437.337 1437.297 1437.258 1437.245 1437.363 1437.482 1437.6 1437.718 1437.922 1438.173 1438.423 1438.674 1438.911 1439.058 1439.206 1439.354 1439.501 1439.784 1440.153 1440.522 1440.891 1441.26 1441.628 1441.997 1442.366 1442.735 1443.104 1443.473 1443.842 1444.211 1444.58 1444.948 1445.317 1445.686 1446.055 1446.424 1446.793 1447.162 1447.531 1447.901 1448.344 1448.787 1449.229 1449.672 1450.229 1450.898 1451.567
1438.346 1438.346 1438.346 1438.346 1438.346 1438.346 1438.346 1438.346 1438.346 1438.346 1438.324 1438.212 1438.101 1437.99 1437.878 1437.805 1437.749 1437.693 1437.638 1437.619 1437.786 1437.953 1438.12 1438.287 1438.477 1438.679 1438.88 1439.082 1439.277 1439.425 1439.572 1439.72 1439.867 1440.15 1440.519 1440.888 1441.257 1441.626 1441.995 1442.364 1442.733 1443.101 1443.47 1443.839 1444.208 1444.577 1444.946 1445.315 1445.684 1446.052 1446.421 1446.79 1447.159 1447.528 1447.897 1448.268 1448.71 1449.153 1449.596 1450.038 1450.611 1451.313 1452.015
1438.932 1438.932 1438.932 1438.932 1438.932 1438.932 1438.932 1438.932 1438.932 1438.932 1438.903 1438.759 1438.615 1438.472 1438.328 1438.233 1438.161 1438.089 1438.018 1437.993 1438.209 1438.425 1438.64 1438.856 1439.031 1439.184 1439.338 1439.491 1439.643 1439.791 1439.938 1440.086 1440.234 1440.516 1440.885 1441.254 1441.623 1441.992 1442.361 1442.73 1443.099 1443.468 1443.837 1444.205 1444.574 1444.943 1445.312 1445.681 1446.05 1446.419 1446.788 1447.157 1447.526 1447.894 1448.263 1448.634 1449.077 1449.519 1449.962 1450.404 1450.994 1451.728 1452.462
1439.324 1439.324 1439.324 1439.324 1439.324 1439.324 1439.324 1439.324 1439.324 1439.324 1439.294 1439.146 1438.999 1438.851 1438.704 1438.607 1438.533 1438.459 1438.385 1438.356 1438.548 1438.741 1438.934 1439.126 1439.308 1439.485 1439.661 1439.837 1440.01 1440.157 1440.305 1440.452 1440.6 1440.856 1441.182 1441.508 1441.834 1442.164 1442.533 1442.902 1443.271 1443.64 1444.009 1444.377 1444.746 1445.115 1445.484 1445.853 1446.222 1446.591 1446.96 1447.334 1447.712 1448.091 1448.469 1448.85 1449.34 1449.831 1450.321 1450.812 1451.42 1452.143 1452.866
1439.69 1439.69 1439.69 1439.69 1439.69 1439.69 1439.69 1439.69 1439.69 1439.69 1439.66 1439.513 1439.365 1439.218 1439.07 1438.973 1438.899 1438.825 1438.752 1438.717 1438.877 1439.037 1439.197 1439.358 1439.549 1439.758 1439.966 1440.175 1440.376 1440.523 1440.671 1440.818 1440.966 1441.193 1441.47 1441.747 1442.025 1442.311 1442.679 1443.048 1443.417 1443.786 1444.155 1444.524 1444.893 1445.262 1445.63 1445.999 1446.368 1446.737 1447.106 1447.486 1447.875 1448.265 1448.654 1449.047 1449.591 1450.135 1450.68 1451.224 1451.851 1452.558 1453.265
1440.056 1440.056 1440.056 1440.056 1440.056 1440.056 1440.056 1440.056 1440.056 1440.056 1440.026 1439.879 1439.731 1439.584 1439.436 1439.339 1439.265 1439.192 1439.118 1439.077 1439.205 1439.333 1439.461 1439.589 1439.79 1440.031 1440.272 1440.513 1440.742 1440.89 1441.037 1441.185 1441.332 1441.529 1441.758 1441.987 1442.215 1442.457 1442.826 1443.195 1443.564 1443.933 1444.302 1444.67 1445.039 1445.408 1445.777 1446.146 1446.515 1446.884 1447.253 1447.638 1448.038 1448.438 1448.839 1449.243 1449.841 1450.44 1451.039 1451.637 1452.282 1452.973 1453.664
1440.422 1440.422 1440.422 1440.422 1440.422 1440.422 1440.422 1440.422 1440.422 1440.422 1440.393 1440.245 1440.098 1439.95 1439.802 1439.705 1439.632 1439.558 1439.484 1439.438 1439.534 1439.629 1439.724 1439.82 1440.031 1440.304 1440.578 1440.851 1441.108 1441.256 1441.403 1441.551 1441.698 1441.866 1442.046 1442.226 1442.406 1442.604 1442.972 1443.341 1443.71 1444.079 1444.448 1444.817 1445.186 1445.555 1445.924 1446.292 1446.661 1447.03 1447.399 1447.791 1448.202 1448.612 1449.023 1449.439 1450.092 1450.745 1451.397 1452.05 1452.714 1453.388 1454.063
1440.789 1440.789 1440.789 1440.789 1440.789 1440.789 1440.789 1440.789 1440.789 1440.789 1440.76 1440.62 1440.48 1440.339 1440.199 1440.099 1440.018 1439.937 1439.856 1439.802 1439.881 1439.96 1440.039 1440.119 1440.327 1440.606 1440.885 1441.164 1441.427 1441.585 1441.744 1441.902 1442.061 1442.212 1442.36 1442.507 1442.655 1442.822 1443.18 1443.538 1443.896 1444.255 1444.613 1444.971 1445.329 1445.687 1446.046 1446.415 1446.783 1447.152 1447.521 1447.912 1448.321 1448.73 1449.139 1449.554 1450.241 1450.928 1451.615 1452.301 1452.979 1453.649 1454.318
1441.155 1441.155 1441.155 1441.155 1441.155 1441.155 1441.155 1441.155 1441.155 1441.155 1441.131 1441.012 1440.894 1440.775 1440.656 1440.548 1440.446 1440.343 1440.241 1440.171 1440.266 1440.362 1440.457 1440.552 1440.735 1440.965 1441.196 1441.426 1441.651 1441.842 1442.033 1442.223 1442.414 1442.578 1442.726 1442.874 1443.021 1443.185 1443.511 1443.837 1444.162 1444.488 1444.814 1445.139 1445.465 1445.791 1446.119 1446.488 1446.857 1447.226 1447.594 1447.97 1448.353 1448.735 1449.117 1449.505 1450.187 1450.868 1451.549 1452.231 1452.914 1453.6 1454.286
1441.521 1441.521 1441.521 1441.521 1441.521 1441.521 1441.521 1441.521 1441.521 1441.521 1441.502 1441.405 1441.307 1441.21 1441.113 1440.998 1440.873 1440.749 1440.625 1440.54 1440.651 1440.763 1440.875 1440.986 1441.143 1441.325 1441.506 1441.688 1441.875 1442.098 1442.321 1442.545 1442.768 1442.945 1443.092 1443.24 1443.387 1443.549 1443.842 1444.135 1444.428 1444.722 1445.015 1445.308 1445.601 1445.895 1446.192 1446.561 1446.93 1447.299 1447.668 1448.029 1448.384 1448.739 1449.094 1449.456 1450.132 1450.808 1451.484 1452.16 1452.849 1453.551 1454.253
1441.887 1441.887 1441.887 1441.887 1441.887 1441.887 1441.887 1441.887 1441.887 1441.887 1441.872 1441.797 1441.721 1441.646 1441.57 1441.447 1441.301 1441.155 1441.009 1440.909 1441.036 1441.164 1441.292 1441.42 1441.551 1441.684 1441.817 1441.95 1442.099 1442.355 1442.61 1442.866 1443.121 1443.311 1443.459 1443.606 1443.754 1443.912 1444.173 1444.433 1444.694 1444.955 1445.216 1445.477 1445.738 1445.998 1446.265 1446.634 1447.003 1447.372 1447.741 1448.088 1448.416 1448.744 1449.072 1449.407 1450.078 1450.748 1451.419 1452.09 1452.784 1453.502 1454.22
1442.254 1442.254 1442.254 1442.254 1442.254 1442.254 1442.254 1442.254 1442.254 1442.254 1442.243 1442.189 1442.135 1442.081 1442.027 1441.896 1441.728 1441.561 1441.393 1441.278 1441.422 1441.566 1441.71 1441.854 1441.959 1442.043 1442.128 1442.212 1442.323 1442.611 1442.899 1443.187 1443.475 1443.677 1443.825 1443.972 1444.12 1444.275 1444.504 1444.732 1444.96 1445.189 1445.417 1445.645 1445.874 1446.102 1446.339 1446.708 1447.076 1447.445 1447.814 1448.146 1448.448 1448.749 1449.049 1449.358 1450.023 1450.689 1451.354 1452.019 1452.719 1453.453 1454.188
1442.792 1442.789 1442.776 1442.764 1442.751 1442.738 1442.716 1442.691 1442.666 1442.64 1442.607 1442.541 1442.474 1442.408 1442.342 1442.215 1442.06 1441.905 1441.75 1441.64 1441.762 1441.885 1442.007 1442.129 1442.236 1442.335 1442.434 1442.534 1442.658 1442.953 1443.248 1443.543 1443.839 1444.043 1444.191 1444.339 1444.486 1444.641 1444.862 1445.083 1445.305 1445.526 1445.733 1445.929 1446.125 1446.321 1446.524 1446.855 1447.186 1447.517 1447.848 1448.146 1448.415 1448.685 1448.955 1449.232 1449.858 1450.484 1451.11 1451.736 1452.418 1453.156 1453.894
1443.378 1443.371 1443.342 1443.313 1443.284 1443.255 1443.206 1443.148 1443.09 1443.032 1442.969 1442.881 1442.793 1442.705 1442.618 1442.499 1442.365 1442.231 1442.098 1442.001 1442.091 1442.181 1442.27 1442.36 1442.477 1442.609 1442.74 1442.872 1443.024 1443.32 1443.615 1443.91 1444.205 1444.41 1444.557 1444.705 1444.852 1445.007 1445.228 1445.45 1445.671 1445.892 1446.08 1446.244 1446.407 1446.571 1446.741 1447.023 1447.306 1447.588 1447.87 1448.128 1448.365 1448.603 1448.84 1449.085 1449.662 1450.239 1450.817 1451.394 1452.052 1452.79 1453.528
1443.964 1443.953 1443.908 1443.863 1443.818 1443.773 1443.695 1443.605 1443.515 1443.425 1443.33 1443.221 1443.112 1443.002 1442.893 1442.782 1442.67 1442.558 1442.446 1442.362 1442.419 1442.477 1442.534 1442.591 1442.718 1442.882 1443.046 1443.21 1443.391 1443.686 1443.981 1444.276 1444.571 1444.776 1444.924 1445.071 1445.219 1445.373 1445.594 1445.816 1446.037 1446.259 1446.428 1446.559 1446.69 1446.821 1446.958 1447.192 1447.425 1447.659 1447.892 1448.111 1448.315 1448.52 1448.725 1448.937 1449.466 1449.995 1450.523 1451.052 1451.686 1452.423 1453.161
1444.55 1444.535 1444.474 1444.413 1444.351 1444.29 1444.185 1444.062 1443.939 1443.817 1443.692 1443.561 1443.43 1443.299 1443.168 1443.065 1442.975 1442.885 1442.794 1442.723 1442.748 1442.773 1442.797 1442.822 1442.958 1443.155 1443.351 1443.548 1443.757 1444.052 1444.347 1444.642 1444.937 1445.142 1445.29 1445.437 1445.585 1445.739 1445.961 1446.182 1446.403 1446.625 1446.776 1446.874 1446.973 1447.072 1447.175 1447.36 1447.545 1447.73 1447.915 1448.093 1448.266 1448.438 1448.61 1448.79 1449.27 1449.75 1450.23 1450.71 1451.319 1452.057 1452.795
1445.085 1445.067 1444.994 1444.92 1444.846 1444.772 1444.646 1444.498 1444.35 1444.203 1444.057 1443.917 1443.777 1443.637 1443.496 1443.402 1443.328 1443.254 1443.18 1443.118 1443.11 1443.103 1443.095 1443.088 1443.227 1443.445 1443.664 1443.883 1444.111 1444.4 1444.689 1444.978 1445.266 1445.474 1445.63 1445.787 1445.943 1446.106 1446.327 1446.548 1446.77 1446.991 1447.125 1447.195 1447.265 1447.335 1447.409 1447.553 1447.697 1447.841 1447.985 1448.127 1448.267 1448.407 1448.547 1448.693 1449.118 1449.543 1449.968 1450.393 1450.977 1451.718 1452.458
1445.451 1445.434 1445.36 1445.286 1445.212 1445.139 1445.012 1444.864 1444.717 1444.569 1444.429 1444.322 1444.214 1444.107 1443.999 1443.914 1443.841 1443.767 1443.693 1443.625 1443.585 1443.545 1443.505 1443.465 1443.586 1443.794 1444.002 1444.21 1444.425 1444.687 1444.948 1445.21 1445.472 1445.693 1445.887 1446.081 1446.275 1446.472 1446.693 1446.915 1447.136 1447.357 1447.482 1447.536 1447.59 1447.644 1447.702 1447.829 1447.957 1448.084 1448.212 1448.329 1448.436 1448.544 1448.652 1448.765 1449.114 1449.463 1449.813 1450.162 1450.714 1451.465 1452.216
