data/zism_data/00392_03_D.txt
ncols         224
nrows         224
[rows 196 to 223 of 224, columns 126 to 188 of 224]
675.735 677.6983 679.4228 681.1473 682.8718 684.6086 686.3801 688.1516 689.9231 691.6946 693.65 695.6754 697.7007 699.726 702.0057 705.3812 708.7566 712.1321 715.5075 718.2366 720.6211 723.0056 725.3901 727.4543 727.0761 726.6979 726.3197 725.9415 724.7831 723.059 721.335 719.6109 717.738 712.5919 707.4456 702.2994 697.1531 688.0089 674.9807 661.9526 648.9244 635.8962 627.0916 618.4131 609.7345 601.056 595.8073 595.0174 594.2275 593.4376 592.6478 593.4584 594.4498 595.4412 596.4326 598.9809 604.2695 609.5582 614.8468 620.1354 628.6747 637.8984 647.1221
669.068 670.8155 672.2063 673.5971 674.9879 676.5258 678.4803 680.4348 682.3892 684.3438 686.4236 688.5513 690.6789 692.8065 695.1489 698.4167 701.6845 704.9523 708.2201 711.2242 714.0877 716.9512 719.8147 722.3716 722.5909 722.8102 723.0295 723.2488 722.5413 721.1616 719.782 718.4024 716.8686 711.9431 707.0176 702.092 697.1664 688.1691 675.2164 662.2635 649.3108 636.358 627.3778 618.5163 609.6547 600.7932 595.3802 594.4504 593.5206 592.5907 591.6609 592.4428 593.418 594.3932 595.3685 597.7876 602.7479 607.7082 612.6685 617.6288 626.3779 635.9244 645.471
662.401 663.9327 664.9898 666.0469 667.104 668.4429 670.5804 672.7179 674.8554 676.9929 679.1973 681.4272 683.657 685.8869 688.2921 691.4522 694.6124 697.7725 700.9327 704.2117 707.5543 710.8969 714.2394 717.2891 718.1058 718.9226 719.7394 720.5562 720.2994 719.2642 718.2291 717.194 715.9992 711.2944 706.5895 701.8846 697.1797 688.3294 675.452 662.5746 649.6971 636.8197 627.6641 618.6194 609.5749 600.5303 594.9531 593.8834 592.8136 591.7438 590.674 591.4272 592.3864 593.3454 594.3044 596.5943 601.2263 605.8583 610.4902 615.1223 624.0809 633.9504 643.8199
654.6151 656.0309 656.9817 657.9325 658.8832 660.2043 662.5744 664.9445 667.3146 669.6847 671.9464 674.1669 676.3874 678.6079 681.0039 684.1556 687.3074 690.4591 693.6108 697.0646 700.6794 704.2943 707.9091 711.2616 712.6138 713.9661 715.3183 716.6706 716.8649 716.2197 715.5745 714.9293 714.1088 709.4345 704.7601 700.0858 695.4114 686.7233 674.1362 661.5492 648.9621 636.375 627.2186 618.1647 609.1108 600.0569 594.4117 593.1979 591.984 590.7702 589.5563 590.3362 591.3411 592.346 593.351 595.611 600.08 604.5491 609.0181 613.4871 622.2812 631.9858 641.6904
646.4913 647.8215 648.7346 649.6476 650.5608 651.9185 654.5363 657.1539 659.7716 662.3893 664.688 666.8654 669.0429 671.2203 673.5854 676.7587 679.9319 683.1052 686.2785 689.8766 693.7014 697.5261 701.3508 704.9489 706.8178 708.6868 710.5558 712.4247 713.0703 712.8287 712.5872 712.3457 711.9102 707.209 702.5077 697.8064 693.1051 684.584 672.3522 660.1203 647.8885 635.6567 626.5524 617.5416 608.5306 599.5198 593.8358 592.4766 591.1175 589.7583 588.3991 589.2222 590.2917 591.3613 592.4308 594.6911 599.0471 603.4031 607.759 612.1151 620.6316 630.024 639.4164
638.3676 639.6119 640.4874 641.3629 642.2383 643.6328 646.498 649.3633 652.2286 655.0939 657.4296 659.564 661.6984 663.8328 666.167 669.3618 672.5566 675.7513 678.9462 682.6886 686.7233 690.7579 694.7926 698.6361 701.0218 703.4075 705.7933 708.179 709.2757 709.4378 709.6 709.7621 709.7116 704.9835 700.2552 695.527 690.7988 682.4446 670.5681 658.6915 646.8149 634.9383 625.8862 616.9183 607.9506 598.9827 593.2599 591.7554 590.2509 588.7464 587.2419 588.1083 589.2424 590.3765 591.5106 593.7712 598.0141 602.2571 606.5001 610.743 618.982 628.0623 637.1425
630.2438 631.4025 632.2402 633.078 633.9158 635.347 638.4599 641.5728 644.6857 647.7985 650.1711 652.2625 654.3539 656.4452 658.7485 661.9648 665.1812 668.3975 671.6138 675.5007 679.7452 683.9898 688.2344 692.3233 695.2258 698.1282 701.0307 703.9332 705.4811 706.0469 706.6127 707.1785 707.5129 702.7579 698.0028 693.2477 688.4926 680.3053 668.7839 657.2626 645.7413 634.22 625.22 616.2952 607.3704 598.4457 592.684 591.0341 589.3843 587.7345 586.0847 586.9944 588.1931 589.3918 590.5905 592.8512 596.9811 601.1111 605.241 609.3709 617.3324 626.1005 634.8685
622.6065 623.6707 624.4708 625.2709 626.071 627.5076 630.7475 633.9874 637.2274 640.4673 642.8446 644.894 646.9435 648.993 651.269 654.5209 657.7728 661.0247 664.2766 668.2631 672.6415 677.0199 681.3983 685.6559 688.9921 692.3282 695.6643 699.0004 700.9694 701.947 702.9247 703.9024 704.6321 699.9087 695.1852 690.4616 685.7381 677.7585 666.6158 655.4731 644.3304 633.1878 624.3008 615.4811 606.6614 597.8417 592.065 590.2441 588.4232 586.6024 584.7814 585.7245 586.9796 588.2347 589.4898 591.7464 595.7656 599.7849 603.8041 607.8233 615.5076 623.9635 632.4194
616.7207 617.6588 618.4212 619.1836 619.946 621.2747 624.2079 627.141 630.0742 633.0073 635.2728 637.2846 639.2964 641.3082 643.5698 646.9078 650.2458 653.5838 656.9218 660.847 665.0855 669.324 673.5624 677.7119 681.1826 684.6533 688.124 691.5947 693.876 695.295 696.7141 698.1331 699.2956 694.8143 690.333 685.8517 681.3704 673.7449 663.0651 652.3854 641.7056 631.0259 622.4711 613.9797 605.4883 596.9969 591.2911 589.2065 587.1219 585.0372 582.9526 583.8931 585.175 586.4571 587.7391 589.9758 593.8928 597.8097 601.7267 605.6437 613.0523 621.196 629.3397
610.8348 611.6467 612.3715 613.0963 613.821 615.0418 617.6682 620.2946 622.9209 625.5472 627.7009 629.675 631.6491 633.6232 635.8705 639.2946 642.7188 646.1429 649.567 653.4309 657.5294 661.628 665.7265 669.7679 673.3731 676.9784 680.5837 684.189 686.7827 688.6431 690.5034 692.3638 693.959 689.7199 685.4808 681.2416 677.0026 669.7313 659.5144 649.2976 639.0807 628.8639 620.6413 612.4782 604.3151 596.1521 590.5172 588.1688 585.8205 583.4721 581.1238 582.0616 583.3705 584.6794 585.9884 588.2052 592.0199 595.8346 599.6493 603.464 610.5969 618.4285 626.26
604.949 605.6347 606.3218 607.0089 607.696 608.8089 611.1285 613.4481 615.7676 618.0872 620.1291 622.0655 624.0019 625.9383 628.1713 631.6815 635.1917 638.702 642.2122 646.0148 649.9733 653.9319 657.8906 661.8238 665.5637 669.3035 673.0433 676.7831 679.6893 681.991 684.2928 686.5945 688.6223 684.6255 680.6286 676.6317 672.6348 665.7177 655.9637 646.2098 636.4559 626.702 618.8115 610.9768 603.142 595.3073 589.7433 587.1312 584.5191 581.907 579.2949 580.2302 581.566 582.9019 584.2377 586.4346 590.147 593.8594 597.5719 601.2843 608.1416 615.6609 623.1803
599.0631 599.6227 600.2721 600.9215 601.5709 602.576 604.5887 606.6016 608.6143 610.6271 612.5573 614.4559 616.3547 618.2534 620.472 624.0684 627.6647 631.261 634.8574 638.5986 642.4173 646.236 650.0546 653.8798 657.7542 661.6285 665.503 669.3774 672.5959 675.3391 678.0821 680.8252 683.2857 679.5311 675.7764 672.0217 668.267 661.704 652.413 643.122 633.831 624.54 616.9818 609.4753 601.9689 594.4625 588.9694 586.0935 583.2177 580.3419 577.466 578.3987 579.7615 581.1242 582.487 584.664 588.2742 591.8843 595.4945 599.1046 605.6863 612.8934 620.1006
595.5929 595.9628 596.4418 596.9207 597.3997 598.1669 599.7509 601.3348 602.9188 604.5028 606.2433 608.0434 609.8434 611.6435 613.7637 617.2632 620.7626 624.2621 627.7615 631.4059 635.1277 638.8495 642.5713 646.311 650.1871 654.0634 657.9396 661.8157 665.1432 668.0729 671.0026 673.9323 676.5938 673.3577 670.1215 666.8853 663.649 657.6255 648.8943 640.1631 631.4319 622.7007 615.4079 608.158 600.9081 593.6582 588.1939 585.0507 581.9076 578.7645 575.6213 576.6058 578.0565 579.5072 580.9578 583.2735 587.1115 590.9495 594.7875 598.6255 605.3149 612.6046 619.8943
593.3305 593.4789 593.721 593.9632 594.2053 594.6697 595.7639 596.8581 597.9523 599.0465 600.5585 602.2294 603.9002 605.5711 607.551 610.8621 614.1731 617.4842 620.7953 624.325 627.9714 631.6179 635.2643 638.9299 642.7415 646.5531 650.3647 654.1763 657.5109 660.4998 663.4887 666.4776 669.2244 666.6448 664.0652 661.4857 658.9061 653.5147 645.3918 637.2688 629.1459 621.0229 613.962 606.9327 599.9035 592.8743 587.4177 584.0054 580.5931 577.1808 573.7686 574.8323 576.4014 577.9704 579.5395 582.073 586.304 590.5349 594.7657 598.9967 605.9857 613.5552 621.1248
591.0682 590.995 591.0003 591.0056 591.0109 591.1725 591.7769 592.3813 592.9857 593.5901 594.8737 596.4153 597.957 599.4987 601.3382 604.4609 607.5836 610.7062 613.8289 617.244 620.8151 624.3862 627.9572 631.5487 635.2957 639.0427 642.7897 646.5367 649.8786 652.9267 655.9748 659.0229 661.8548 659.9319 658.009 656.0861 654.1632 649.4039 641.8892 634.3745 626.8597 619.345 612.516 605.7074 598.8989 592.0903 586.6414 582.96 579.2787 575.5973 571.9158 573.0587 574.7462 576.4337 578.1212 580.8725 585.4963 590.1202 594.744 599.3679 606.6564 614.5058 622.3553
588.8058 588.511 588.2795 588.048 587.8166 587.6754 587.7899 587.9045 588.0191 588.1337 589.1888 590.6013 592.0137 593.4262 595.1254 598.0597 600.994 603.9283 606.8626 610.163 613.6588 617.1545 620.6501 624.1675 627.85 631.5323 635.2148 638.8972 642.2462 645.3535 648.4608 651.5681 654.4852 653.219 651.9528 650.6865 649.4202 645.293 638.3865 631.4801 624.5736 617.6671 611.07 604.4821 597.8942 591.3063 585.8652 581.9146 577.9642 574.0137 570.0632 571.285 573.0909 574.8969 576.7028 579.6721 584.6888 589.7055 594.7223 599.739 607.327 615.4564 623.5858
586.631 586.1159 585.6488 585.1818 584.7147 584.2783 583.9286 583.579 583.2294 582.8798 583.7098 584.988 586.2664 587.5446 589.0994 591.8453 594.5913 597.3372 600.0831 603.2579 606.6614 610.0649 613.4684 616.8941 620.4888 624.0836 627.6783 631.273 634.6275 637.8077 640.988 644.1682 647.1825 646.5461 645.9096 645.2731 644.6367 641.1341 634.847 628.5601 622.2731 615.9861 609.6218 603.2552 596.8886 590.522 585.0846 580.8549 576.6254 572.3958 568.1661 569.4235 571.3004 573.1773 575.0542 578.2319 583.699 589.1661 594.6331 600.1002 608.0514 616.5255 624.9996
585.1245 584.3975 583.7043 583.0112 582.3181 581.6443 581.0256 580.4069 579.7881 579.1694 579.8005 580.9066 582.0126 583.1186 584.4981 587.0557 589.6132 592.1708 594.7283 597.6936 600.8765 604.0593 607.2421 610.4421 613.7731 617.1041 620.4351 623.7661 627.1127 630.4705 633.8284 637.1863 640.3889 640.1777 639.9664 639.7552 639.5439 636.6085 631.0266 625.4448 619.8629 614.281 608.1567 602.0161 595.8756 589.735 584.2709 579.686 575.1013 570.5164 565.9316 566.8917 568.478 570.0642 571.6505 574.9646 581.3198 587.6749 594.0301 600.3853 609.1845 618.4983 627.8121
583.6179 582.6791 581.7599 580.8406 579.9214 579.0104 578.1226 577.2347 576.3469 575.459 575.8912 576.825 577.7587 578.6925 579.8967 582.2659 584.6351 587.0043 589.3734 592.1293 595.0914 598.0536 601.0158 603.9901 607.0574 610.1246 613.1918 616.2591 619.5978 623.1332 626.6688 630.2042 633.5953 633.8093 634.0232 634.2371 634.4511 632.0828 627.2061 622.3293 617.4526 612.5759 606.6915 600.777 594.8625 588.9481 583.4572 578.5172 573.5771 568.637 563.697 564.3599 565.6555 566.9511 568.2467 571.6972 578.9405 586.1838 593.427 600.6703 610.3176 620.4711 630.6245
582.1114 580.9606 579.8154 578.6701 577.5248 576.3765 575.2195 574.0626 572.9056 571.7487 571.9819 572.7434 573.5049 574.2665 575.2954 577.4762 579.657 581.8378 584.0186 586.565 589.3065 592.048 594.7894 597.5381 600.3416 603.1451 605.9485 608.7521 612.0829 615.796 619.5091 623.2222 626.8017 627.4408 628.08 628.7191 629.3583 627.5572 623.3856 619.214 615.0424 610.8708 605.2263 599.5379 593.8495 588.161 582.6435 577.3482 572.053 566.7577 561.4623 561.8281 562.833 563.838 564.8429 568.4299 576.5612 584.6926 592.824 600.9553 611.4507 622.4438 633.437
580.6048 579.2422 577.8708 576.4996 575.1282 573.7426 572.3165 570.8904 569.4644 568.0383 568.0726 568.6619 569.2511 569.8404 570.694 572.6865 574.6788 576.6713 578.6637 581.0007 583.5215 586.0423 588.5631 591.0861 593.6259 596.1656 598.7053 601.2451 604.568 608.4587 612.3495 616.2402 620.0081 621.0724 622.1367 623.2011 624.2654 623.0316 619.5651 616.0986 612.6321 609.1657 603.7612 598.2988 592.8364 587.374 581.8298 576.1793 570.5288 564.8783 559.2277 559.2963 560.0106 560.7249 561.4391 565.1625 574.1819 583.2014 592.2209 601.2404 612.5839 624.4166 636.2494
580.1407 578.4788 576.781 575.0832 573.3854 571.6971 570.0353 568.3736 566.7118 565.05 564.8021 565.0913 565.3806 565.6698 566.2296 567.9545 569.6794 571.4044 573.1293 575.2234 577.5144 579.8054 582.0964 584.3787 586.5938 588.8089 591.024 593.2392 596.4423 600.3615 604.2808 608.2001 612.017 613.5795 615.1421 616.7047 618.2672 617.5809 614.7101 611.8392 608.9683 606.0975 600.6639 595.1537 589.6436 584.1335 578.474 572.6203 566.7667 560.9131 555.0594 554.7587 555.085 555.4113 555.7375 559.6014 569.6915 579.7816 589.8717 599.9618 612.1625 624.8076 637.4526
580.4784 578.45 576.3485 574.2471 572.1456 570.1041 568.2324 566.3608 564.4891 562.6174 562.023 561.9139 561.8049 561.6958 561.8704 563.267 564.6637 566.0603 567.4569 569.2823 571.3365 573.3907 575.4449 577.4747 579.3185 581.1622 583.0059 584.8497 587.8467 591.6799 595.5131 599.3463 603.1048 605.2217 607.3386 609.4556 611.5725 611.4188 609.0593 606.6998 604.3403 601.9808 596.3111 590.5426 584.7741 579.0057 573.1627 567.2229 561.2832 555.3434 549.4037 548.6783 548.5416 548.405 548.2684 552.2759 563.577 574.8782 586.1793 597.4805 610.5454 623.9817 637.418
580.8161 578.4211 575.916 573.4109 570.9058 568.5111 566.4296 564.348 562.2664 560.1848 559.244 558.7366 558.2292 557.7218 557.5112 558.5796 559.6479 560.7162 561.7845 563.3412 565.1586 566.976 568.7934 570.5708 572.0431 573.5154 574.9877 576.46 579.2511 582.9982 586.7452 590.4923 594.1926 596.8639 599.5352 602.2065 604.8778 605.2567 603.4085 601.5603 599.7122 597.864 591.9583 585.9315 579.9046 573.8778 567.8514 561.8254 555.7997 549.7737 543.7479 542.5978 541.9983 541.3988 540.7993 544.9504 557.4626 569.9747 582.4869 594.9991 608.9283 623.1558 637.3833
581.1539 578.3923 575.4835 572.5747 569.666 566.9182 564.6266 562.3352 560.0437 557.7522 556.4649 555.5591 554.6534 553.7477 553.1521 553.8921 554.6321 555.372 556.112 557.4002 558.9807 560.5613 562.1418 563.6668 564.7677 565.8687 566.9695 568.0704 570.6555 574.3164 577.9774 581.6384 585.2804 588.506 591.7317 594.9574 598.1831 599.0945 597.7577 596.4208 595.084 593.7473 587.6055 581.3203 575.0351 568.7499 562.54 556.428 550.3161 544.204 538.092 536.5173 535.455 534.3925 533.3301 537.6248 551.3481 565.0714 578.7946 592.5178 607.3113 622.33 637.3487
581.5105 578.3851 575.0762 571.7673 568.4585 565.3602 562.859 560.3578 557.8565 555.3553 553.7195 552.4127 551.1058 549.799 548.8146 549.2194 549.624 550.0287 550.4335 551.4487 552.7896 554.1304 555.4713 556.7417 557.4749 558.208 558.9412 559.6744 562.0538 565.6266 569.1995 572.7725 576.3542 580.1301 583.9059 587.6819 591.4578 592.8983 592.0699 591.2416 590.4133 589.5849 583.2139 576.6773 570.1408 563.6042 557.2172 551.0244 544.8316 538.6388 532.446 530.4568 528.9424 527.428 525.9135 530.3544 545.2768 560.1992 575.1215 590.0439 605.6934 621.496 637.2986
583.1543 579.8477 576.3827 572.9177 569.4528 566.1873 563.4869 560.7865 558.0861 555.3857 553.2661 551.3672 549.4682 547.5693 545.9523 545.5496 545.147 544.7444 544.3417 544.7918 545.6967 546.6016 547.5065 548.3777 548.9924 549.6072 550.2219 550.8367 553.0384 556.3906 559.7429 563.0951 566.4774 570.5224 574.5674 578.6125 582.6575 584.3889 583.8728 583.3566 582.8405 582.3243 576.1818 569.8713 563.5609 557.2504 551.1128 545.1998 539.287 533.374 527.4611 525.7567 524.5276 523.2984 522.0692 526.8325 542.1423 557.4523 572.7621 588.0721 604.0247 620.1125 636.2004
584.7982 581.3103 577.6892 574.0682 570.4471 567.0143 564.1148 561.2153 558.3157 555.4162 552.8127 550.3217 547.8306 545.3396 543.0899 541.8799 540.6699 539.46 538.2499 538.1349 538.6038 539.0727 539.5416 540.0137 540.51 541.0063 541.5026 541.999 544.0229 547.1545 550.2861 553.4176 556.6006 560.9147 565.2288 569.543 573.8571 575.8795 575.6755 575.4716 575.2676 575.0637 569.1498 563.0654 556.981 550.8965 545.0084 539.3753 533.7423 528.1093 522.4762 521.0566 520.1127 519.1688 518.2249 523.3104 539.0079 554.7053 570.4028 586.1002 602.3558 618.7289 635.1021
