data/zism_data/00399_02_D.txt
ncols         224
nrows         224
[rows 116 to 144 of 224, columns 0 to 65 of 224]
315.479 319.473 323.9854 328.4978 333.0103 337.7769 344.0307 350.2845 356.5383 362.7921 368.6666 374.2628 379.859 385.4552 391.0149 391.5999 392.1849 392.7699 393.3549 392.0045 388.1706 384.3366 380.5026 376.6686 368.764 360.2437 351.7233 343.2027 335.1699 328.2786 321.3874 314.4961 307.6048 304.8261 303.5692 302.3122 301.0551 300.0 300.0 300.0 300.0 300.0 300.0 300.0 300.0 300.0 300.0 300.0 300.0 300.0 300.0 300.0 300.0 300.0 300.0 300.0 300.0 300.0 300.0 300.0 300.0 300.0 300.0 300.0 300.0 300.0
321.5272 326.221 331.3187 336.4163 341.5141 346.666 352.1359 357.6058 363.0757 368.5456 373.5898 378.3217 383.0535 387.7853 392.4883 393.2612 394.0341 394.807 395.5799 394.5398 391.1729 387.806 384.4392 381.0723 373.2338 364.7188 356.2038 347.6885 339.4554 331.8823 324.3091 316.736 309.1629 305.9806 304.4229 302.8652 301.3076 300.0 300.0 300.0 300.0 300.0 300.0 300.0 300.0 300.0 300.0 300.0 300.0 300.0 300.0 300.0 300.0 300.0 300.0 300.0 300.0 300.0 300.0 300.0 300.0 300.0 300.0 300.0 300.0 300.0
328.009 333.2941 338.8477 344.4014 349.9552 355.3795 360.0477 364.7159 369.384 374.0521 378.2434 382.0846 385.9258 389.767 393.5865 394.4507 395.3149 396.179 397.0432 396.2249 393.2474 390.2699 387.2924 384.315 376.6262 368.2248 359.8233 351.4216 343.1197 335.0506 326.9816 318.9125 310.8435 307.2925 305.4131 303.5338 301.6544 300.0741 300.0573 300.0405 300.0237 300.0069 300.0006 300.0017 300.0027 300.0038 300.0048 300.0037 300.0027 300.0016 300.0006 300.0 300.0 300.0 300.0 300.0 300.0 300.0 300.0 300.0 300.0 300.0 300.0 300.0 300.0 300.0
336.2746 341.7047 347.1832 352.6617 358.1404 363.3727 367.1656 370.9586 374.7514 378.5443 381.7892 384.6317 387.4742 390.3168 393.1427 393.7008 394.2589 394.817 395.3752 394.4154 391.5077 388.6001 385.6924 382.7847 375.5901 367.7471 359.9041 352.0608 344.2305 336.4299 328.6294 320.8288 313.0282 309.2518 306.9644 304.6769 302.3895 300.4529 300.3501 300.2474 300.1447 300.042 300.0038 300.0102 300.0166 300.0231 300.0292 300.0228 300.0164 300.0099 300.0035 300.0 300.0 300.0 300.0 300.0 300.0 300.0 300.0 300.0 300.0 300.0 300.0 300.0 300.0 300.0
344.5403 350.1154 355.5187 360.922 366.3255 371.366 374.2836 377.2013 380.1189 383.0366 385.335 387.1789 389.0227 390.8665 392.6988 392.9509 393.2029 393.455 393.7071 392.6059 389.768 386.9302 384.0923 381.2545 374.5541 367.2695 359.9849 352.7 345.3413 337.8092 330.2771 322.745 315.2129 311.2112 308.5156 305.8201 303.1246 300.8316 300.643 300.4543 300.2657 300.0771 300.007 300.0188 300.0305 300.0424 300.0536 300.0418 300.03 300.0182 300.0065 300.0 300.0 300.0 300.0 300.0 300.0 300.0 300.0 300.0 300.0 300.0 300.0 300.0 300.0 300.0
352.8057 358.5257 363.8539 369.182 374.5104 379.3589 381.4013 383.4438 385.4862 387.5286 388.8807 389.7259 390.5711 391.4163 392.2549 392.201 392.147 392.093 392.0391 390.7964 388.0284 385.2603 382.4923 379.7242 373.5181 366.7919 360.0656 353.3392 346.4521 339.1885 331.9248 324.6612 317.3975 313.1704 310.0668 306.9633 303.8596 301.2103 300.9358 300.6613 300.3867 300.1122 300.0102 300.0273 300.0445 300.0616 300.078 300.0609 300.0437 300.0266 300.0094 300.0 300.0 300.0 300.0 300.0 300.0 300.0 300.0 300.0 300.0 300.0 300.0 300.0 300.0 300.0
361.0713 366.9363 372.1893 377.4424 382.6956 387.3521 388.5193 389.6865 390.8536 392.0208 392.4265 392.273 392.1195 391.9661 391.8111 391.4511 391.091 390.731 390.371 388.9869 386.2887 383.5905 380.8922 378.194 372.4821 366.3142 360.1464 353.9784 347.563 340.5678 333.5726 326.5774 319.5822 315.1298 311.6181 308.1064 304.5948 301.5891 301.2286 300.8682 300.5078 300.1473 300.0133 300.0359 300.0584 300.0809 300.1025 300.0799 300.0574 300.0349 300.0123 300.0 300.0 300.0 300.0 300.0 300.0 300.0 300.0 300.0 300.0 300.0 300.0 300.0 300.0 300.0
361.5345 367.3564 372.545 377.7336 382.9225 387.4939 388.4552 389.4166 390.3779 391.3393 391.5566 391.2278 390.8989 390.57 390.24 389.7493 389.2587 388.768 388.2773 386.8661 384.2734 381.6808 379.0882 376.4955 371.267 365.6396 360.0123 354.3848 348.4702 341.883 335.2959 328.7088 322.1216 317.5938 313.828 310.0622 306.2964 303.051 302.5259 302.0008 301.4757 300.9506 300.761 300.8032 300.8454 300.8876 300.9264 300.809 300.6916 300.5742 300.4568 300.3537 300.2678 300.1819 300.0959 300.01 300.0 300.0 300.0 300.0 300.0 300.0 300.0 300.0 300.0 300.0
358.0965 363.7814 368.911 374.0406 379.1703 383.7101 384.8003 385.8905 386.9808 388.071 388.4791 388.3865 388.2939 388.2012 388.1054 387.5718 387.0381 386.5045 385.9709 384.5896 382.1205 379.6514 377.1822 374.7131 369.9624 364.8665 359.7707 354.6747 349.2756 343.1662 337.0569 330.9476 324.8383 320.3102 316.3672 312.4243 308.4813 305.0543 304.3253 303.5962 302.8671 302.138 301.8808 301.9499 302.019 302.088 302.15 301.893 301.636 301.379 301.122 300.8841 300.6693 300.4546 300.2398 300.0251 300.0 300.0 300.0 300.0 300.0 300.0 300.0 300.0 300.0 300.0
354.6584 360.2063 365.2768 370.3473 375.418 379.9262 381.1453 382.3644 383.5835 384.8026 385.4015 385.5451 385.6887 385.8323 385.9707 385.3941 384.8176 384.241 383.6645 382.3131 379.9675 377.6219 375.2762 372.9306 368.6578 364.0935 359.5291 354.9647 350.081 344.4495 338.818 333.1865 327.555 323.0267 318.9065 314.7863 310.6662 307.0578 306.1247 305.1916 304.2585 303.3254 303.0007 303.0966 303.1925 303.2885 303.3736 302.977 302.5804 302.1838 301.7872 301.4146 301.071 300.7274 300.3838 300.0401 300.0 300.0 300.0 300.0 300.0 300.0 300.0 300.0 300.0 300.0
351.2203 356.6312 361.6426 366.6541 371.6657 376.1423 377.4903 378.8382 380.1862 381.5341 382.3239 382.7037 383.0836 383.4634 383.836 383.2165 382.597 381.9775 381.358 380.0366 377.8145 375.5923 373.3702 371.1481 367.3532 363.3204 359.2876 355.2546 350.8864 345.7327 340.5791 335.4254 330.2718 325.7432 321.4458 317.1485 312.8511 309.0612 307.9241 306.787 305.6499 304.5128 304.1206 304.2433 304.3661 304.4889 304.5972 304.061 303.5248 302.9886 302.4525 301.9451 301.4726 301.0001 300.5276 300.0552 300.0 300.0 300.0 300.0 300.0 300.0 300.0 300.0 300.0 300.0
347.1129 352.377 357.3435 362.3099 367.2765 371.7522 373.3577 374.9632 376.5687 378.1741 379.2611 379.9674 380.6736 381.3799 382.0765 381.451 380.8256 380.2001 379.5746 378.3114 376.2298 374.1481 372.0665 369.9849 366.6367 363.097 359.5573 356.0174 352.1196 347.3831 342.6467 337.9102 333.1738 328.6485 324.2013 319.7542 315.307 311.3603 310.0303 308.7003 307.3702 306.0402 305.5684 305.6899 305.8115 305.933 306.0374 305.3779 304.7184 304.0588 303.3993 302.7684 302.1722 301.5761 300.9799 300.3838 300.2769 300.2348 300.1927 300.1505 300.1142 300.0905 300.0669 300.0432 300.0196 300.0113
338.8141 343.8705 348.8799 353.8893 358.8988 363.5664 366.2349 368.9035 371.572 374.2405 376.2915 377.889 379.4865 381.084 382.6669 382.2669 381.8669 381.4669 381.067 380.0386 378.204 376.3693 374.5347 372.7 369.6035 366.3161 363.0287 359.7412 356.0314 351.3326 346.6337 341.9348 337.236 332.7365 328.3108 323.8851 319.4594 315.511 314.0575 312.6039 311.1504 309.6969 309.0699 309.0143 308.9586 308.903 308.8336 308.1526 307.4716 306.7906 306.1096 305.4256 304.7382 304.0508 303.3633 302.6759 302.2881 301.94 301.5918 301.2437 300.9434 300.748 300.5525 300.357 300.1616 300.0934
330.515 335.3637 340.416 345.4683 350.5208 355.3802 359.1119 362.8435 366.5752 370.3068 373.3217 375.8105 378.2992 380.7879 383.2573 383.0828 382.9083 382.7338 382.5594 381.766 380.1783 378.5906 377.003 375.4153 372.5704 369.5353 366.5003 363.4651 359.9434 355.2821 350.6208 345.9595 341.2983 336.8246 332.4204 328.0162 323.612 319.6617 318.0847 316.5077 314.9307 313.3537 312.5715 312.3387 312.1058 311.873 311.6299 310.9274 310.2249 309.5224 308.8199 308.0829 307.3042 306.5255 305.7468 304.9681 304.2994 303.6452 302.991 302.3369 301.7727 301.4054 301.0381 300.6709 300.3036 300.1756
322.2159 326.8569 331.9521 337.0474 342.1428 347.1941 351.9889 356.7836 361.5784 366.3731 370.352 373.732 377.112 380.4919 383.8477 383.8987 383.9497 384.0007 384.0518 383.4933 382.1526 380.8119 379.4712 378.1306 375.5373 372.7546 369.9719 367.189 363.8553 359.2317 354.608 349.9843 345.3606 340.9128 336.53 332.1473 327.7645 323.8125 322.112 320.4115 318.711 317.0105 316.0731 315.6631 315.2531 314.8431 314.4262 313.7022 312.9782 312.2543 311.5303 310.7402 309.8703 309.0003 308.1303 307.2603 306.3107 305.3505 304.3902 303.43 302.602 302.0629 301.5238 300.9847 300.4456 300.2577
313.9171 318.3504 323.4886 328.6267 333.7651 339.0083 344.8661 350.7239 356.5817 362.4395 367.3824 371.6536 375.9248 380.196 384.438 384.7145 384.9911 385.2676 385.5441 385.2205 384.1268 383.0331 381.9394 380.8457 378.5041 375.9737 373.4433 370.9128 367.7672 363.1811 358.595 354.0089 349.4227 345.0008 340.6395 336.2782 331.917 327.9631 326.1392 324.3151 322.4912 320.6672 319.5745 318.9874 318.4002 317.813 317.2224 316.477 315.7315 314.9861 314.2406 313.3975 312.4362 311.4749 310.5137 309.5525 308.3219 307.0556 305.7894 304.5232 303.4312 302.7203 302.0094 301.2985 300.5876 300.3398
308.9015 313.1566 318.2723 323.3881 328.504 333.8728 340.7218 347.5709 354.4199 361.269 366.9589 371.7978 376.6367 381.4756 386.2814 386.5742 386.8671 387.16 387.4529 387.2294 386.3435 385.4576 384.5717 383.6857 381.5764 379.282 376.9876 374.6931 371.7329 367.2138 362.6947 358.1756 353.6565 349.2683 344.9285 340.5887 336.2489 332.287 330.3003 328.3136 326.3269 324.3402 323.0531 322.2495 321.446 320.6424 319.8413 319.1528 318.4644 317.7758 317.0874 316.2829 315.3382 314.3936 313.4489 312.5042 311.1149 309.6668 308.2188 306.7707 305.4631 304.4627 303.4623 302.4619 301.4615 301.0095
305.9968 310.0927 315.144 320.1952 325.2467 330.6984 338.4925 346.2866 354.0807 361.8748 368.1722 373.3709 378.5695 383.7682 388.9302 389.1049 389.2797 389.4545 389.6292 389.4194 388.716 388.0126 387.3093 386.6059 384.7165 382.6476 380.5787 378.5098 375.7333 371.3001 366.8669 362.4337 358.0005 353.6511 349.3328 345.0145 340.6962 336.7221 334.5475 332.3728 330.1982 328.0237 326.5168 325.4716 324.4265 323.3813 322.3463 321.7652 321.1841 320.6029 320.0218 319.315 318.4563 317.5975 316.7387 315.8799 314.4106 312.8605 311.3104 309.7603 308.2682 306.9026 305.5371 304.1716 302.806 302.0568
303.0922 307.0289 312.0157 317.0025 321.9895 327.5241 336.2632 345.0023 353.7415 362.4806 369.3855 374.9439 380.5023 386.0607 391.5789 391.6356 391.6922 391.7489 391.8055 391.6093 391.0884 390.5676 390.0468 389.526 387.8564 386.0131 384.1697 382.3262 379.7335 375.3862 371.0389 366.6916 362.3443 358.0338 353.737 349.4402 345.1433 341.1571 338.7946 336.432 334.0695 331.7069 329.9805 328.6937 327.4069 326.1201 324.8511 324.3774 323.9037 323.4299 322.9562 322.3471 321.5742 320.8013 320.0285 319.2556 317.7062 316.0541 314.402 312.7499 311.0731 309.3425 307.6118 305.8811 304.1505 303.1041
300.1875 303.9649 308.8873 313.8097 318.7322 324.3498 334.0339 343.7181 353.4022 363.0864 370.5989 376.517 382.4351 388.3532 394.2278 394.1663 394.1048 394.0434 393.9819 393.7992 393.4609 393.1227 392.7845 392.4462 390.9965 389.3786 387.7608 386.1429 383.7338 379.4724 375.2111 370.9497 366.6883 362.4167 358.1414 353.866 349.5906 345.5923 343.0418 340.4913 337.9408 335.3904 333.4442 331.9158 330.3874 328.859 327.356 326.9897 326.6234 326.257 325.8907 325.3792 324.6922 324.0053 323.3183 322.6313 321.0019 319.2477 317.4936 315.7395 313.8782 311.7824 309.6865 307.5908 305.495 304.1515
297.5016 301.1008 305.918 310.7353 315.5527 321.2077 331.7633 342.3189 352.8745 363.43 371.5255 377.815 384.1044 390.3938 396.6363 396.4884 396.3405 396.1925 396.0446 395.8877 395.7191 395.5506 395.3821 395.2136 393.9757 392.5761 391.1765 389.7768 387.5483 383.3793 379.2102 375.0411 370.8721 366.6524 362.4139 358.1754 353.937 349.9406 347.2099 344.4792 341.7485 339.0178 336.8627 335.1055 333.3484 331.5912 329.8668 329.6065 329.3463 329.0861 328.8258 328.4078 327.7991 327.1903 326.5815 325.9727 324.2846 322.4537 320.6229 318.792 316.7686 314.3244 311.8801 309.4359 306.9916 305.3383
297.3422 300.5427 304.7854 309.0282 313.2711 318.4387 329.0158 339.5928 350.1698 360.7469 369.1425 375.9366 382.7307 389.5248 396.2704 396.4016 396.5329 396.6641 396.7954 396.8047 396.6577 396.5107 396.3636 396.2166 395.0981 393.8327 392.5674 391.3019 389.2173 385.2147 381.212 377.2094 373.2068 369.1888 365.1651 361.1414 357.1177 353.287 350.465 347.643 344.821 341.9991 339.7591 337.9214 336.0836 334.2459 332.4447 332.2758 332.1068 331.9378 331.7689 331.396 330.7765 330.157 329.5375 328.918 327.4182 325.8021 324.186 322.5699 320.645 318.0451 315.4451 312.8452 310.2452 308.1364
297.1828 299.9846 303.6529 307.3212 310.9897 315.6698 326.2683 336.8668 347.4653 358.0638 366.7596 374.0583 381.3571 388.6558 395.9044 396.3148 396.7253 397.1357 397.5461 397.7218 397.5963 397.4707 397.3452 397.2196 396.2205 395.0893 393.9582 392.8269 390.8862 387.05 383.2138 379.3776 375.5414 371.7251 367.9162 364.1072 360.2983 356.6332 353.72 350.8067 347.8935 344.9803 342.6553 340.7371 338.8188 336.9005 335.0226 334.9449 334.8672 334.7895 334.7118 334.3841 333.7538 333.1236 332.4933 331.8631 330.5518 329.1504 327.749 326.3477 324.5213 321.7656 319.0099 316.2543 313.4987 310.9344
297.0234 299.4264 302.5203 305.6142 308.7081 312.9008 323.5208 334.1407 344.7607 355.3807 364.3765 372.1799 379.9834 387.7868 395.5384 396.228 396.9177 397.6073 398.2969 398.6389 398.5349 398.4308 398.3267 398.2226 397.343 396.346 395.349 394.352 392.5551 388.8854 385.2156 381.5459 377.8761 374.2615 370.6674 367.0732 363.4791 359.9796 356.9751 353.9705 350.966 347.9615 345.5517 343.5529 341.5541 339.5553 337.6006 337.6141 337.6277 337.6413 337.6549 337.3722 336.7313 336.0903 335.4493 334.8083 333.6854 332.4988 331.3122 330.1256 328.3976 325.4863 322.5749 319.6636 316.7523 313.7325
296.864 298.8683 301.3877 303.9071 306.4266 310.1318 320.7733 331.4147 342.0561 352.6975 361.9935 370.3016 378.6097 386.9178 395.1724 396.1412 397.1101 398.0789 399.0477 399.556 399.4734 399.3908 399.3082 399.2256 398.4654 397.6026 396.7399 395.8771 394.2241 390.7208 387.2174 383.7141 380.2108 376.7979 373.4186 370.0392 366.6598 363.326 360.2302 357.1343 354.0385 350.9428 348.448 346.3687 344.2893 342.21 340.1785 340.2834 340.3882 340.4931 340.598 340.3604 339.7087 339.0569 338.4052 337.7535 336.8191 335.8472 334.8753 333.9035 332.274 329.207 326.1399 323.0728 320.0058 316.5305
297.7635 299.8846 302.5008 305.1169 307.7331 311.4407 321.533 331.6252 341.7174 351.8097 360.8504 369.1191 377.3879 385.6566 393.8747 395.1877 396.5008 397.8139 399.1269 399.8368 399.7727 399.7086 399.6446 399.5805 398.8314 397.9787 397.126 396.2733 394.6903 391.3978 388.1053 384.8127 381.5202 378.3167 375.1461 371.9756 368.8051 365.6528 362.5959 359.5388 356.4819 353.425 350.9264 348.8138 346.7013 344.5887 342.5257 342.6775 342.8293 342.9811 343.1328 342.9469 342.3524 341.758 341.1635 340.5691 339.8989 339.2187 338.5384 337.8582 336.5192 333.74 330.9607 328.1815 325.4023 321.9436
299.527 302.1855 305.4458 308.7062 311.9667 316.0764 325.1539 334.2314 343.3088 352.3863 360.7188 368.5044 376.2899 384.0755 391.8168 393.5272 395.2375 396.9479 398.6582 399.5985 399.5505 399.5026 399.4546 399.4066 398.5804 397.6364 396.6924 395.7484 394.1754 391.1299 388.0843 385.0388 381.9932 379.0053 376.0388 373.0723 370.1058 367.1481 364.2361 361.324 358.412 355.5001 353.0639 350.9568 348.8495 346.7424 344.6849 344.8474 345.0099 345.1724 345.3349 345.2059 344.7242 344.2425 343.7608 343.2791 342.935 342.6091 342.2832 341.9574 341.0654 338.9359 336.8063 334.6768 332.5472 329.4904
301.2906 304.4862 308.3909 312.2956 316.2003 320.7121 328.7748 336.8375 344.9002 352.9629 360.5872 367.8896 375.192 382.4944 389.7589 391.8666 393.9743 396.0819 398.1896 399.3602 399.3283 399.2965 399.2646 399.2328 398.3293 397.2941 396.2589 395.2236 393.6606 390.862 388.0634 385.2648 382.4662 379.694 376.9315 374.169 371.4066 368.6434 365.8763 363.1092 360.3422 357.5752 355.2015 353.0997 350.9978 348.896 346.844 347.0173 347.1905 347.3638 347.537 347.4649 347.0959 346.727 346.358 345.9891 345.9711 345.9996 346.0281 346.0565 345.6116 344.1318 342.6519 341.1721 339.6922 337.0371
303.054 306.787 311.3359 315.8848 320.4338 325.3476 332.3956 339.4435 346.4915 353.5395 360.4556 367.2748 374.0941 380.9133 387.7011 390.2061 392.7111 395.216 397.7209 399.1219 399.1062 399.0904 399.0747 399.0589 398.0783 396.9518 395.8253 394.6987 393.1457 390.5941 388.0424 385.4908 382.9392 380.3826 377.8241 375.2657 372.7072 370.1386 367.5165 364.8944 362.2723 359.6503 357.339 355.2425 353.1461 351.0496 349.0031 349.1871 349.3711 349.5551 349.739 349.7238 349.4676 349.2114 348.9552 348.6989 349.0071 349.39 349.7728 350.1556 350.1577 349.3275 348.4973 347.6671 346.8369 344.5836
