data/zism_data/00395_02_D.txt
ncols         224
nrows         224
[rows 29 to 57 of 224, columns 130 to 194 of 224]
1356.414 1355.755 1355.095 1354.436 1353.776 1353.106 1352.426 1351.745 1351.064 1350.384 1350.062 1349.769 1349.476 1349.183 1349.118 1349.432 1349.747 1350.061 1350.375 1351.104 1351.92 1352.737 1353.553 1354.404 1355.346 1356.288 1357.229 1358.171 1358.961 1359.693 1360.425 1361.157 1361.939 1362.954 1363.969 1364.984 1365.999 1367.014 1368.029 1369.044 1370.059 1371.077 1372.134 1373.19 1374.247 1375.304 1376.241 1377.068 1377.894 1378.721 1379.547 1380.303 1381.056 1381.809 1382.562 1383.272 1383.92 1384.569 1385.218 1385.866 1386.142 1386.362 1386.581 1386.801 1387.064
1358.76 1357.912 1357.064 1356.216 1355.368 1354.497 1353.601 1352.706 1351.81 1350.914 1350.472 1350.066 1349.659 1349.253 1349.157 1349.573 1349.99 1350.406 1350.822 1351.658 1352.582 1353.506 1354.431 1355.351 1356.26 1357.169 1358.079 1358.988 1359.687 1360.306 1360.926 1361.545 1362.227 1363.21 1364.193 1365.175 1366.158 1367.141 1368.123 1369.106 1370.089 1371.078 1372.157 1373.235 1374.313 1375.392 1376.314 1377.092 1377.87 1378.648 1379.426 1380.097 1380.764 1381.431 1382.098 1382.744 1383.36 1383.976 1384.593 1385.209 1385.448 1385.63 1385.812 1385.994 1386.233
1361.183 1360.153 1359.123 1358.093 1357.063 1355.996 1354.889 1353.782 1352.675 1351.568 1351.005 1350.485 1349.964 1349.444 1349.311 1349.82 1350.33 1350.839 1351.348 1352.282 1353.304 1354.327 1355.35 1356.332 1357.207 1358.082 1358.957 1359.832 1360.441 1360.95 1361.459 1361.968 1362.553 1363.5 1364.447 1365.393 1366.34 1367.288 1368.236 1369.185 1370.133 1371.092 1372.185 1373.277 1374.37 1375.463 1376.367 1377.098 1377.829 1378.56 1379.291 1379.879 1380.463 1381.047 1381.632 1382.215 1382.798 1383.382 1383.965 1384.548 1384.751 1384.897 1385.043 1385.189 1385.404
1364.855 1363.744 1362.633 1361.522 1360.412 1359.236 1357.989 1356.742 1355.495 1354.248 1353.55 1352.895 1352.24 1351.585 1351.346 1351.797 1352.247 1352.697 1353.147 1354.03 1355.004 1355.978 1356.953 1357.88 1358.685 1359.49 1360.295 1361.1 1361.644 1362.088 1362.532 1362.977 1363.492 1364.342 1365.191 1366.041 1366.891 1367.762 1368.646 1369.53 1370.413 1371.305 1372.296 1373.286 1374.276 1375.267 1376.108 1376.812 1377.516 1378.22 1378.924 1379.48 1380.032 1380.584 1381.136 1381.681 1382.215 1382.75 1383.285 1383.819 1384.007 1384.142 1384.277 1384.412 1384.614
1368.527 1367.335 1366.144 1364.952 1363.76 1362.475 1361.089 1359.702 1358.315 1356.928 1356.095 1355.306 1354.516 1353.726 1353.382 1353.773 1354.163 1354.554 1354.945 1355.778 1356.704 1357.63 1358.555 1359.429 1360.164 1360.899 1361.634 1362.369 1362.846 1363.226 1363.606 1363.985 1364.43 1365.183 1365.936 1366.689 1367.442 1368.236 1369.055 1369.875 1370.694 1371.518 1372.406 1373.295 1374.183 1375.071 1375.849 1376.526 1377.203 1377.88 1378.558 1379.082 1379.601 1380.121 1380.64 1381.146 1381.632 1382.118 1382.605 1383.091 1383.262 1383.387 1383.511 1383.635 1383.823
1372.199 1370.926 1369.654 1368.382 1367.109 1365.715 1364.188 1362.662 1361.135 1359.608 1358.64 1357.716 1356.792 1355.868 1355.417 1355.749 1356.08 1356.412 1356.744 1357.526 1358.403 1359.281 1360.158 1360.977 1361.642 1362.307 1362.972 1363.637 1364.048 1364.364 1364.679 1364.994 1365.369 1366.025 1366.681 1367.337 1367.993 1368.71 1369.465 1370.219 1370.974 1371.731 1372.517 1373.303 1374.089 1374.875 1375.59 1376.24 1376.891 1377.541 1378.191 1378.683 1379.17 1379.657 1380.145 1380.611 1381.049 1381.487 1381.925 1382.362 1382.518 1382.632 1382.745 1382.859 1383.032
1375.87 1374.517 1373.164 1371.811 1370.458 1368.955 1367.288 1365.622 1363.955 1362.288 1361.186 1360.127 1359.068 1358.009 1357.452 1357.725 1357.997 1358.269 1358.542 1359.274 1360.103 1360.932 1361.761 1362.525 1363.12 1363.715 1364.31 1364.906 1365.251 1365.502 1365.752 1366.003 1366.307 1366.866 1367.425 1367.984 1368.543 1369.184 1369.874 1370.564 1371.255 1371.944 1372.628 1373.312 1373.995 1374.679 1375.331 1375.954 1376.578 1377.201 1377.824 1378.284 1378.739 1379.194 1379.649 1380.076 1380.466 1380.855 1381.245 1381.634 1381.774 1381.877 1381.98 1382.083 1382.241
1379.277 1377.964 1376.651 1375.338 1374.025 1372.489 1370.711 1368.932 1367.154 1365.375 1364.142 1362.952 1361.761 1360.571 1359.898 1360.084 1360.269 1360.454 1360.639 1361.272 1361.999 1362.726 1363.453 1364.126 1364.657 1365.188 1365.718 1366.249 1366.53 1366.716 1366.902 1367.088 1367.323 1367.791 1368.259 1368.727 1369.194 1369.752 1370.363 1370.975 1371.586 1372.197 1372.795 1373.393 1373.992 1374.59 1375.17 1375.732 1376.295 1376.858 1377.42 1377.831 1378.236 1378.642 1379.048 1379.427 1379.768 1380.109 1380.449 1380.79 1380.91 1380.996 1381.083 1381.169 1381.315
1382.441 1381.279 1380.117 1378.954 1377.792 1376.294 1374.429 1372.564 1370.7 1368.835 1367.476 1366.156 1364.837 1363.517 1362.722 1362.794 1362.866 1362.938 1363.01 1363.499 1364.075 1364.652 1365.228 1365.776 1366.247 1366.719 1367.19 1367.661 1367.879 1368.001 1368.122 1368.244 1368.41 1368.792 1369.174 1369.555 1369.937 1370.405 1370.925 1371.445 1371.965 1372.486 1373.014 1373.542 1374.071 1374.599 1375.097 1375.569 1376.04 1376.511 1376.982 1377.327 1377.668 1378.01 1378.351 1378.671 1378.964 1379.256 1379.549 1379.841 1379.936 1380.001 1380.066 1380.131 1380.263
1385.605 1384.594 1383.582 1382.57 1381.559 1380.098 1378.147 1376.196 1374.246 1372.295 1370.81 1369.361 1367.912 1366.463 1365.545 1365.504 1365.463 1365.422 1365.381 1365.726 1366.151 1366.577 1367.003 1367.425 1367.837 1368.249 1368.662 1369.074 1369.229 1369.286 1369.342 1369.399 1369.498 1369.793 1370.089 1370.384 1370.68 1371.058 1371.487 1371.915 1372.344 1372.774 1373.233 1373.691 1374.149 1374.608 1375.025 1375.405 1375.785 1376.164 1376.544 1376.823 1377.1 1377.377 1377.653 1377.916 1378.16 1378.404 1378.648 1378.893 1378.962 1379.005 1379.049 1379.092 1379.212
1388.77 1387.909 1387.048 1386.187 1385.326 1383.902 1381.865 1379.828 1377.792 1375.755 1374.143 1372.565 1370.987 1369.409 1368.368 1368.214 1368.06 1367.906 1367.752 1367.953 1368.228 1368.503 1368.778 1369.074 1369.427 1369.78 1370.133 1370.486 1370.578 1370.57 1370.563 1370.555 1370.585 1370.794 1371.004 1371.213 1371.423 1371.712 1372.049 1372.385 1372.723 1373.063 1373.452 1373.84 1374.228 1374.617 1374.953 1375.241 1375.529 1375.818 1376.106 1376.32 1376.532 1376.744 1376.956 1377.161 1377.357 1377.552 1377.748 1377.944 1377.988 1378.01 1378.032 1378.054 1378.16
1391.933 1391.223 1390.513 1389.803 1389.093 1387.707 1385.583 1383.461 1381.338 1379.214 1377.477 1375.77 1374.063 1372.356 1371.191 1370.924 1370.657 1370.39 1370.123 1370.18 1370.304 1370.428 1370.552 1370.723 1371.017 1371.311 1371.605 1371.899 1371.927 1371.855 1371.783 1371.71 1371.672 1371.795 1371.919 1372.042 1372.165 1372.365 1372.61 1372.856 1373.101 1373.352 1373.671 1373.989 1374.307 1374.626 1374.881 1375.077 1375.274 1375.471 1375.667 1375.816 1375.964 1376.111 1376.259 1376.406 1376.553 1376.7 1376.847 1376.995 1377.014 1377.014 1377.015 1377.015 1377.109
1393.504 1392.918 1392.332 1391.746 1391.159 1389.891 1387.878 1385.865 1383.852 1381.839 1380.054 1378.287 1376.52 1374.752 1373.529 1373.208 1372.886 1372.565 1372.243 1372.2 1372.216 1372.232 1372.248 1372.323 1372.552 1372.782 1373.011 1373.24 1373.216 1373.095 1372.974 1372.853 1372.769 1372.865 1372.961 1373.056 1373.152 1373.257 1373.369 1373.48 1373.592 1373.713 1373.962 1374.21 1374.459 1374.707 1374.873 1374.962 1375.051 1375.14 1375.23 1375.313 1375.396 1375.478 1375.561 1375.657 1375.772 1375.887 1376.001 1376.116 1376.131 1376.131 1376.131 1376.131 1376.219
1395.05 1394.588 1394.126 1393.664 1393.201 1392.052 1390.152 1388.252 1386.352 1384.452 1382.62 1380.794 1378.967 1377.14 1375.861 1375.485 1375.11 1374.734 1374.359 1374.218 1374.126 1374.035 1373.943 1373.922 1374.087 1374.251 1374.416 1374.581 1374.503 1374.334 1374.164 1373.995 1373.867 1373.936 1374.004 1374.073 1374.142 1374.153 1374.13 1374.107 1374.084 1374.076 1374.254 1374.433 1374.611 1374.79 1374.865 1374.847 1374.829 1374.81 1374.792 1374.809 1374.827 1374.846 1374.864 1374.909 1374.991 1375.074 1375.156 1375.238 1375.249 1375.249 1375.249 1375.249 1375.332
1396.597 1396.259 1395.92 1395.582 1395.243 1394.212 1392.425 1390.639 1388.852 1387.065 1385.186 1383.3 1381.415 1379.529 1378.192 1377.763 1377.333 1376.904 1376.475 1376.235 1376.036 1375.837 1375.637 1375.521 1375.621 1375.721 1375.821 1375.921 1375.791 1375.573 1375.355 1375.137 1374.965 1375.006 1375.048 1375.09 1375.132 1375.049 1374.891 1374.734 1374.576 1374.438 1374.547 1374.655 1374.764 1374.872 1374.858 1374.732 1374.606 1374.48 1374.354 1374.305 1374.259 1374.213 1374.166 1374.161 1374.211 1374.261 1374.311 1374.361 1374.367 1374.367 1374.367 1374.367 1374.445
1398.144 1397.929 1397.715 1397.5 1397.285 1396.373 1394.699 1393.025 1391.351 1389.678 1387.752 1385.807 1383.862 1381.917 1380.523 1380.04 1379.557 1379.074 1378.591 1378.253 1377.946 1377.639 1377.332 1377.12 1377.155 1377.191 1377.226 1377.262 1377.079 1376.812 1376.546 1376.28 1376.062 1376.077 1376.092 1376.107 1376.121 1375.945 1375.653 1375.361 1375.069 1374.8 1374.839 1374.878 1374.916 1374.955 1374.851 1374.617 1374.384 1374.15 1373.916 1373.802 1373.691 1373.58 1373.469 1373.412 1373.43 1373.448 1373.466 1373.483 1373.486 1373.486 1373.486 1373.486 1373.558
1399.095 1398.951 1398.807 1398.663 1398.519 1397.732 1396.243 1394.755 1393.267 1391.779 1389.922 1388.036 1386.151 1384.265 1382.876 1382.31 1381.744 1381.178 1380.613 1380.186 1379.788 1379.39 1378.993 1378.696 1378.664 1378.633 1378.601 1378.57 1378.333 1378.018 1377.704 1377.389 1377.121 1377.078 1377.034 1376.991 1376.947 1376.693 1376.313 1375.932 1375.551 1375.193 1375.125 1375.058 1374.99 1374.922 1374.728 1374.418 1374.108 1373.798 1373.489 1373.307 1373.129 1372.951 1372.773 1372.664 1372.649 1372.635 1372.62 1372.606 1372.604 1372.604 1372.604 1372.604 1372.667
1399.315 1399.177 1399.038 1398.899 1398.761 1398.108 1396.894 1395.681 1394.467 1393.253 1391.606 1389.925 1388.243 1386.562 1385.257 1384.572 1383.888 1383.203 1382.519 1382.014 1381.546 1381.078 1380.611 1380.244 1380.143 1380.041 1379.94 1379.838 1379.547 1379.184 1378.821 1378.458 1378.133 1377.993 1377.852 1377.712 1377.572 1377.261 1376.848 1376.435 1376.022 1375.623 1375.405 1375.186 1374.968 1374.75 1374.464 1374.116 1373.768 1373.421 1373.073 1372.822 1372.575 1372.327 1372.079 1371.915 1371.869 1371.822 1371.775 1371.728 1371.722 1371.722 1371.722 1371.722 1371.77
1399.536 1399.403 1399.269 1399.136 1399.003 1398.484 1397.545 1396.606 1395.667 1394.728 1393.29 1391.813 1390.336 1388.86 1387.637 1386.834 1386.031 1385.229 1384.426 1383.842 1383.304 1382.767 1382.229 1381.792 1381.621 1381.45 1381.278 1381.107 1380.761 1380.35 1379.938 1379.526 1379.145 1378.908 1378.671 1378.433 1378.196 1377.829 1377.384 1376.938 1376.493 1376.053 1375.684 1375.315 1374.946 1374.577 1374.199 1373.814 1373.428 1373.043 1372.658 1372.338 1372.02 1371.702 1371.384 1371.167 1371.088 1371.009 1370.93 1370.851 1370.84 1370.84 1370.84 1370.84 1370.872
1399.757 1399.629 1399.501 1399.373 1399.245 1398.86 1398.196 1397.531 1396.866 1396.202 1394.974 1393.701 1392.429 1391.157 1390.017 1389.096 1388.175 1387.254 1386.333 1385.67 1385.063 1384.455 1383.848 1383.341 1383.099 1382.858 1382.617 1382.375 1381.975 1381.515 1381.055 1380.595 1380.157 1379.823 1379.489 1379.154 1378.82 1378.397 1377.919 1377.441 1376.964 1376.483 1375.963 1375.443 1374.924 1374.404 1373.934 1373.511 1373.089 1372.666 1372.243 1371.854 1371.466 1371.078 1370.69 1370.419 1370.307 1370.196 1370.084 1369.973 1369.958 1369.958 1369.958 1369.958 1369.975
1399.977 1399.855 1399.732 1399.61 1399.487 1399.237 1398.846 1398.456 1398.066 1397.676 1396.657 1395.59 1394.522 1393.455 1392.397 1391.358 1390.318 1389.279 1388.239 1387.499 1386.821 1386.143 1385.466 1384.889 1384.578 1384.266 1383.955 1383.644 1383.19 1382.681 1382.173 1381.664 1381.169 1380.738 1380.307 1379.876 1379.445 1378.964 1378.454 1377.945 1377.435 1376.913 1376.243 1375.572 1374.901 1374.231 1373.67 1373.209 1372.749 1372.288 1371.827 1371.369 1370.912 1370.454 1369.996 1369.67 1369.526 1369.383 1369.239 1369.095 1369.077 1369.077 1369.077 1369.077 1369.078
1400.87 1400.797 1400.724 1400.651 1400.578 1400.396 1400.093 1399.791 1399.489 1399.186 1398.236 1397.235 1396.235 1395.234 1394.22 1393.185 1392.15 1391.115 1390.08 1389.302 1388.579 1387.856 1387.133 1386.496 1386.086 1385.675 1385.264 1384.853 1384.326 1383.754 1383.183 1382.611 1382.048 1381.53 1381.012 1380.494 1379.976 1379.418 1378.837 1378.255 1377.674 1377.08 1376.333 1375.585 1374.837 1374.09 1373.444 1372.892 1372.339 1371.787 1371.235 1370.744 1370.256 1369.767 1369.279 1368.909 1368.704 1368.498 1368.293 1368.088 1368.048 1368.033 1368.018 1368.004 1367.989
1401.827 1401.808 1401.789 1401.77 1401.75 1401.629 1401.397 1401.165 1400.932 1400.7 1399.805 1398.858 1397.911 1396.964 1395.99 1394.971 1393.952 1392.933 1391.914 1391.104 1390.338 1389.572 1388.806 1388.109 1387.596 1387.083 1386.57 1386.057 1385.455 1384.818 1384.182 1383.546 1382.915 1382.311 1381.707 1381.102 1380.498 1379.861 1379.204 1378.547 1377.89 1377.222 1376.404 1375.587 1374.769 1373.952 1373.222 1372.573 1371.924 1371.274 1370.625 1370.106 1369.59 1369.075 1368.56 1368.147 1367.877 1367.607 1367.337 1367.067 1367.005 1366.974 1366.943 1366.912 1366.882
1402.784 1402.818 1402.853 1402.888 1402.923 1402.863 1402.701 1402.538 1402.376 1402.213 1401.373 1400.48 1399.587 1398.694 1397.76 1396.757 1395.754 1394.751 1393.748 1392.905 1392.096 1391.287 1390.478 1389.722 1389.107 1388.492 1387.876 1387.261 1386.584 1385.883 1385.182 1384.481 1383.782 1383.092 1382.401 1381.711 1381.02 1380.304 1379.572 1378.84 1378.107 1377.364 1376.476 1375.589 1374.701 1373.814 1373.0 1372.254 1371.508 1370.762 1370.016 1369.467 1368.925 1368.383 1367.84 1367.385 1367.051 1366.716 1366.382 1366.047 1365.962 1365.915 1365.868 1365.821 1365.774
1403.74 1403.829 1403.918 1404.006 1404.095 1404.097 1404.004 1403.912 1403.819 1403.727 1402.942 1402.102 1401.263 1400.424 1399.529 1398.542 1397.556 1396.569 1395.582 1394.707 1393.855 1393.002 1392.15 1391.335 1390.618 1389.9 1389.182 1388.465 1387.713 1386.947 1386.182 1385.416 1384.649 1383.872 1383.096 1382.319 1381.543 1380.747 1379.939 1379.132 1378.324 1377.506 1376.548 1375.591 1374.633 1373.676 1372.778 1371.935 1371.092 1370.249 1369.406 1368.829 1368.26 1367.691 1367.121 1366.624 1366.224 1365.825 1365.426 1365.027 1364.92 1364.856 1364.793 1364.73 1364.667
1405.386 1405.419 1405.452 1405.485 1405.518 1405.493 1405.406 1405.318 1405.231 1405.144 1404.379 1403.561 1402.743 1401.925 1401.055 1400.099 1399.142 1398.186 1397.229 1396.327 1395.436 1394.545 1393.653 1392.78 1391.954 1391.128 1390.302 1389.477 1388.648 1387.818 1386.988 1386.157 1385.324 1384.471 1383.619 1382.766 1381.914 1381.036 1380.143 1379.25 1378.357 1377.454 1376.426 1375.399 1374.372 1373.344 1372.386 1371.49 1370.595 1369.7 1368.804 1368.18 1367.564 1366.947 1366.331 1365.791 1365.358 1364.925 1364.491 1364.058 1363.922 1363.83 1363.739 1363.647 1363.557
1408.172 1407.968 1407.764 1407.56 1407.356 1407.159 1406.969 1406.78 1406.59 1406.4 1405.598 1404.748 1403.898 1403.047 1402.177 1401.275 1400.372 1399.47 1398.567 1397.647 1396.724 1395.801 1394.877 1393.948 1393.004 1392.059 1391.115 1390.171 1389.262 1388.368 1387.473 1386.578 1385.681 1384.769 1383.857 1382.946 1382.034 1381.07 1380.075 1379.079 1378.084 1377.081 1375.984 1374.887 1373.789 1372.692 1371.711 1370.837 1369.964 1369.09 1368.216 1367.514 1366.817 1366.119 1365.422 1364.843 1364.426 1364.008 1363.591 1363.174 1362.998 1362.858 1362.718 1362.578 1362.445
1410.957 1410.517 1410.076 1409.635 1409.194 1408.825 1408.533 1408.241 1407.949 1407.657 1406.817 1405.935 1405.052 1404.17 1403.3 1402.451 1401.603 1400.754 1399.905 1398.968 1398.012 1397.057 1396.101 1395.115 1394.053 1392.99 1391.927 1390.865 1389.877 1388.918 1387.958 1386.999 1386.038 1385.067 1384.096 1383.125 1382.154 1381.104 1380.007 1378.909 1377.812 1376.709 1375.542 1374.374 1373.207 1372.039 1371.036 1370.184 1369.332 1368.48 1367.627 1366.847 1366.07 1365.292 1364.514 1363.894 1363.493 1363.092 1362.691 1362.29 1362.074 1361.885 1361.697 1361.509 1361.332
1413.743 1413.065 1412.388 1411.71 1411.032 1410.49 1410.096 1409.702 1409.308 1408.913 1408.036 1407.122 1406.207 1405.292 1404.422 1403.628 1402.833 1402.038 1401.243 1400.289 1399.3 1398.312 1397.324 1396.283 1395.102 1393.921 1392.74 1391.558 1390.491 1389.468 1388.444 1387.42 1386.395 1385.365 1384.335 1383.305 1382.274 1381.139 1379.939 1378.739 1377.539 1376.336 1375.099 1373.862 1372.624 1371.387 1370.362 1369.531 1368.7 1367.87 1367.039 1366.181 1365.323 1364.464 1363.605 1362.946 1362.561 1362.176 1361.791 1361.406 1361.15 1360.913 1360.676 1360.439 1360.22
