data/zism_data/00398_03_D.txt
ncols         224
nrows         224
[rows 145 to 173 of 224, columns 64 to 127 of 224]
1830.262 1830.892 1830.515 1829.889 1829.263 1828.637 1827.683 1825.323 1822.964 1820.604 1818.244 1815.69 1812.994 1810.298 1807.602 1804.906 1804.42 1804.014 1803.609 1803.203 1803.13 1803.666 1804.203 1804.74 1805.276 1805.341 1805.24 1805.139 1805.038 1804.963 1805.062 1805.162 1805.262 1805.361 1809.443 1817.25 1825.056 1832.863 1840.67 1849.967 1859.421 1868.875 1878.329 1885.927 1889.032 1892.137 1895.242 1898.347 1898.968 1898.422 1897.876 1897.33 1896.686 1894.715 1892.744 1890.773 1888.802 1887.722 1887.703 1887.684 1887.664 1887.645 1889.466 1891.625
1833.783 1834.152 1833.588 1832.792 1831.996 1831.2 1830.081 1827.578 1825.075 1822.571 1820.068 1817.288 1814.306 1811.323 1808.34 1805.357 1804.825 1804.382 1803.939 1803.496 1803.424 1804.029 1804.635 1805.24 1805.846 1805.936 1805.846 1805.756 1805.666 1805.591 1805.627 1805.663 1805.699 1805.735 1809.813 1817.673 1825.533 1833.393 1841.253 1850.584 1860.07 1869.556 1879.042 1886.63 1889.629 1892.628 1895.627 1898.626 1899.296 1898.872 1898.448 1898.024 1897.519 1895.904 1894.289 1892.674 1891.058 1890.089 1889.889 1889.69 1889.49 1889.29 1890.813 1892.654
1837.304 1837.413 1836.661 1835.695 1834.729 1833.763 1832.479 1829.832 1827.186 1824.539 1821.893 1818.886 1815.617 1812.347 1809.078 1805.808 1805.23 1804.75 1804.27 1803.79 1803.717 1804.392 1805.067 1805.741 1806.416 1806.532 1806.452 1806.373 1806.293 1806.22 1806.192 1806.164 1806.136 1806.109 1810.183 1818.096 1826.01 1833.923 1841.836 1851.2 1860.718 1870.236 1879.754 1887.334 1890.227 1893.12 1896.012 1898.905 1899.624 1899.323 1899.021 1898.719 1898.352 1897.092 1895.833 1894.574 1893.314 1892.456 1892.076 1891.695 1891.315 1890.935 1892.161 1893.683
1840.913 1840.787 1839.824 1838.652 1837.481 1836.31 1834.825 1831.996 1829.167 1826.338 1823.51 1820.285 1816.771 1813.256 1809.742 1806.228 1805.621 1805.12 1804.619 1804.118 1804.059 1804.813 1805.566 1806.32 1807.073 1807.22 1807.154 1807.088 1807.022 1806.95 1806.836 1806.722 1806.608 1806.493 1810.406 1818.086 1825.766 1833.446 1841.126 1850.62 1860.306 1869.991 1879.677 1887.384 1890.304 1893.225 1896.146 1899.067 1899.862 1899.66 1899.458 1899.255 1899.0 1898.026 1897.051 1896.077 1895.102 1894.347 1893.854 1893.361 1892.868 1892.375 1893.354 1894.605
1844.724 1844.423 1843.195 1841.737 1840.278 1838.82 1837.051 1833.952 1830.852 1827.752 1824.653 1821.228 1817.565 1813.902 1810.239 1806.576 1805.979 1805.494 1805.009 1804.524 1804.511 1805.366 1806.22 1807.074 1807.929 1808.117 1808.073 1808.028 1807.984 1807.912 1807.66 1807.408 1807.155 1806.903 1810.291 1817.084 1823.877 1830.67 1837.463 1847.305 1857.469 1867.632 1877.795 1885.938 1889.194 1892.449 1895.704 1898.959 1899.895 1899.74 1899.586 1899.432 1899.229 1898.377 1897.524 1896.672 1895.819 1895.15 1894.7 1894.249 1893.799 1893.348 1894.195 1895.281
1848.535 1848.059 1846.566 1844.821 1843.076 1841.331 1839.278 1835.908 1832.537 1829.167 1825.796 1822.171 1818.359 1814.548 1810.736 1806.924 1806.338 1805.869 1805.399 1804.93 1804.963 1805.919 1806.874 1807.829 1808.784 1809.015 1808.991 1808.968 1808.945 1808.874 1808.484 1808.093 1807.703 1807.313 1810.175 1816.081 1821.988 1827.894 1833.8 1843.99 1854.631 1865.272 1875.914 1884.493 1888.083 1891.673 1895.263 1898.853 1899.927 1899.821 1899.714 1899.607 1899.458 1898.728 1897.997 1897.267 1896.537 1895.953 1895.546 1895.137 1894.729 1894.321 1895.036 1895.957
1852.346 1851.694 1849.937 1847.905 1845.873 1843.841 1841.505 1837.864 1834.222 1830.581 1826.94 1823.114 1819.154 1815.193 1811.233 1807.272 1806.696 1806.243 1805.789 1805.336 1805.416 1806.472 1807.528 1808.584 1809.64 1809.912 1809.91 1809.908 1809.906 1809.836 1809.308 1808.779 1808.251 1807.722 1810.06 1815.079 1820.099 1825.118 1830.137 1840.674 1851.794 1862.913 1874.032 1883.047 1886.972 1890.897 1894.821 1898.746 1899.96 1899.901 1899.842 1899.783 1899.687 1899.079 1898.471 1897.862 1897.254 1896.757 1896.391 1896.026 1895.66 1895.295 1895.877 1896.633
1856.156 1855.33 1853.308 1850.989 1848.67 1846.352 1843.732 1839.819 1835.907 1831.995 1828.083 1824.057 1819.948 1815.839 1811.729 1807.62 1807.054 1806.617 1806.18 1805.742 1805.868 1807.025 1808.182 1809.339 1810.496 1810.81 1810.829 1810.848 1810.867 1810.798 1810.132 1809.465 1808.798 1808.132 1809.944 1814.077 1818.209 1822.342 1826.474 1837.359 1848.956 1860.554 1872.151 1881.602 1885.861 1890.12 1894.38 1898.639 1899.992 1899.981 1899.97 1899.959 1899.916 1899.43 1898.944 1898.458 1897.972 1897.56 1897.237 1896.914 1896.591 1896.268 1896.717 1897.31
1859.909 1858.94 1856.676 1854.091 1851.506 1848.921 1846.056 1841.991 1837.927 1833.862 1829.797 1825.588 1821.273 1816.958 1812.643 1808.328 1807.707 1807.22 1806.734 1806.247 1806.38 1807.651 1808.921 1810.191 1811.461 1811.862 1811.96 1812.057 1812.155 1812.142 1811.378 1810.614 1809.85 1809.086 1810.375 1813.583 1816.792 1820.001 1823.21 1834.236 1846.087 1857.938 1869.789 1879.558 1884.29 1889.023 1893.755 1898.487 1900.0 1900.0 1900.0 1900.0 1899.972 1899.568 1899.163 1898.758 1898.354 1898.002 1897.713 1897.424 1897.136 1896.847 1897.204 1897.681
1863.644 1862.542 1860.044 1857.198 1854.353 1851.508 1848.41 1844.228 1840.047 1835.865 1831.683 1827.296 1822.758 1818.22 1813.682 1809.144 1808.449 1807.893 1807.337 1806.782 1806.911 1808.298 1809.685 1811.072 1812.459 1812.962 1813.155 1813.348 1813.541 1813.6 1812.751 1811.903 1811.054 1810.205 1810.969 1813.243 1815.518 1817.792 1820.066 1831.171 1843.208 1855.244 1867.281 1877.332 1882.58 1887.828 1893.075 1898.323 1900.0 1900.0 1900.0 1900.0 1899.977 1899.641 1899.306 1898.97 1898.635 1898.335 1898.078 1897.821 1897.564 1897.307 1897.584 1897.96
1867.38 1866.145 1863.411 1860.306 1857.2 1854.094 1850.763 1846.465 1842.167 1837.868 1833.57 1829.005 1824.244 1819.482 1814.721 1809.96 1809.191 1808.566 1807.941 1807.316 1807.443 1808.946 1810.45 1811.954 1813.458 1814.062 1814.35 1814.639 1814.928 1815.059 1814.125 1813.191 1812.257 1811.323 1811.564 1812.904 1814.243 1815.583 1816.922 1828.106 1840.328 1852.551 1864.774 1875.107 1880.87 1886.633 1892.395 1898.158 1900.0 1900.0 1900.0 1900.0 1899.982 1899.715 1899.449 1899.182 1898.915 1898.668 1898.443 1898.218 1897.993 1897.768 1897.965 1898.24
1871.115 1869.747 1866.779 1863.413 1860.047 1856.681 1853.117 1848.702 1844.287 1839.871 1835.456 1830.713 1825.729 1820.745 1815.761 1810.776 1809.932 1809.238 1808.545 1807.851 1807.974 1809.594 1811.215 1812.836 1814.456 1815.161 1815.545 1815.93 1816.314 1816.518 1815.499 1814.48 1813.461 1812.442 1812.159 1812.564 1812.969 1813.373 1813.778 1825.041 1837.449 1849.858 1862.266 1872.882 1879.16 1885.438 1891.716 1897.993 1900.0 1900.0 1900.0 1900.0 1899.986 1899.789 1899.591 1899.394 1899.196 1899.001 1898.808 1898.615 1898.421 1898.228 1898.345 1898.519
1874.782 1873.277 1870.068 1866.438 1862.807 1859.176 1855.369 1850.81 1846.251 1841.692 1837.133 1832.213 1827.029 1821.846 1816.662 1811.478 1810.577 1809.831 1809.086 1808.34 1808.468 1810.198 1811.928 1813.658 1815.389 1816.205 1816.702 1817.2 1817.697 1817.998 1816.973 1815.948 1814.923 1813.898 1813.272 1813.019 1812.766 1812.513 1812.26 1823.464 1835.876 1848.288 1860.7 1871.417 1878.034 1884.651 1891.268 1897.885 1900.0 1900.0 1900.0 1900.0 1899.99 1899.846 1899.701 1899.557 1899.412 1899.259 1899.095 1898.931 1898.767 1898.604 1898.655 1898.747
1878.224 1876.565 1873.101 1869.188 1865.276 1861.363 1857.285 1852.492 1847.699 1842.906 1838.113 1833.024 1827.719 1822.413 1817.107 1811.801 1810.901 1810.16 1809.42 1808.68 1808.841 1810.656 1812.471 1814.286 1816.101 1817.066 1817.733 1818.4 1819.067 1819.549 1818.779 1818.009 1817.239 1816.469 1816.1 1816.108 1816.115 1816.123 1816.13 1826.815 1838.627 1850.439 1862.251 1872.472 1878.845 1885.218 1891.59 1897.963 1900.0 1900.0 1900.0 1900.0 1899.99 1899.846 1899.701 1899.557 1899.412 1899.268 1899.126 1898.983 1898.841 1898.698 1898.735 1898.806
1881.667 1879.854 1876.133 1871.939 1867.745 1863.551 1859.2 1854.173 1849.147 1844.12 1839.094 1833.836 1828.408 1822.98 1817.552 1812.124 1811.224 1810.489 1809.754 1809.019 1809.214 1811.114 1813.014 1814.914 1816.814 1817.927 1818.764 1819.601 1820.438 1821.101 1820.586 1820.07 1819.555 1819.04 1818.929 1819.197 1819.465 1819.732 1820.0 1830.167 1841.379 1852.591 1863.803 1873.528 1879.656 1885.785 1891.913 1898.041 1900.0 1900.0 1900.0 1900.0 1899.99 1899.846 1899.701 1899.557 1899.412 1899.278 1899.157 1899.036 1898.914 1898.793 1898.816 1898.865
1885.109 1883.142 1879.165 1874.69 1870.214 1865.739 1861.115 1855.855 1850.595 1845.335 1840.075 1834.647 1829.097 1823.547 1817.997 1812.446 1811.548 1810.818 1810.088 1809.359 1809.587 1811.572 1813.557 1815.542 1817.527 1818.787 1819.794 1820.801 1821.808 1822.652 1822.392 1822.132 1821.872 1821.611 1821.758 1822.286 1822.814 1823.342 1823.87 1833.519 1844.131 1854.742 1865.354 1874.583 1880.467 1886.351 1892.235 1898.119 1900.0 1900.0 1900.0 1900.0 1899.99 1899.846 1899.701 1899.557 1899.412 1899.288 1899.188 1899.088 1898.988 1898.888 1898.896 1898.923
1888.552 1886.431 1882.198 1877.441 1872.684 1867.927 1863.031 1857.537 1852.043 1846.549 1841.055 1835.458 1829.786 1824.114 1818.441 1812.769 1811.871 1811.147 1810.422 1809.698 1809.96 1812.03 1814.1 1816.17 1818.24 1819.648 1820.825 1822.002 1823.179 1824.204 1824.198 1824.193 1824.188 1824.182 1824.587 1825.375 1826.163 1826.951 1827.74 1836.871 1846.882 1856.894 1866.906 1875.638 1881.278 1886.918 1892.558 1898.197 1900.0 1900.0 1900.0 1900.0 1899.99 1899.846 1899.701 1899.557 1899.412 1899.297 1899.219 1899.14 1899.061 1898.982 1898.976 1898.982
1890.578 1888.532 1884.369 1879.682 1874.995 1870.307 1865.433 1859.757 1854.081 1848.405 1842.73 1836.885 1830.917 1824.949 1818.981 1813.013 1812.088 1811.347 1810.606 1809.864 1810.136 1812.265 1814.394 1816.523 1818.653 1820.219 1821.588 1822.957 1824.326 1825.567 1825.946 1826.325 1826.704 1827.083 1827.798 1828.828 1829.858 1830.888 1831.918 1840.188 1849.223 1858.258 1867.292 1875.252 1880.61 1885.969 1891.327 1896.686 1898.635 1898.982 1899.329 1899.676 1899.992 1899.869 1899.747 1899.625 1899.502 1899.403 1899.33 1899.258 1899.186 1899.114 1899.102 1899.102
1891.984 1890.113 1886.165 1881.7 1877.236 1872.772 1868.048 1862.213 1856.378 1850.543 1844.708 1838.581 1832.241 1825.901 1819.562 1813.222 1812.259 1811.491 1810.723 1809.955 1810.226 1812.403 1814.58 1816.757 1818.934 1820.662 1822.233 1823.804 1825.375 1826.849 1827.669 1828.488 1829.308 1830.128 1831.177 1832.44 1833.704 1834.967 1836.231 1843.491 1851.384 1859.277 1867.169 1874.234 1879.295 1884.356 1889.417 1894.478 1896.672 1897.518 1898.365 1899.211 1899.994 1899.903 1899.813 1899.722 1899.632 1899.55 1899.477 1899.405 1899.333 1899.26 1899.249 1899.249
1893.391 1891.695 1887.96 1883.719 1879.478 1875.236 1870.663 1864.669 1858.674 1852.68 1846.686 1840.277 1833.566 1826.854 1820.142 1813.431 1812.429 1811.635 1810.84 1810.046 1810.317 1812.542 1814.766 1816.991 1819.216 1821.105 1822.878 1824.651 1826.423 1828.13 1829.391 1830.651 1831.912 1833.172 1834.555 1836.052 1837.55 1839.047 1840.544 1846.794 1853.545 1860.296 1867.047 1873.216 1877.98 1882.744 1887.507 1892.271 1894.709 1896.055 1897.401 1898.746 1899.996 1899.937 1899.879 1899.82 1899.761 1899.697 1899.624 1899.552 1899.48 1899.407 1899.396 1899.396
1894.797 1893.277 1889.755 1885.737 1881.719 1877.701 1873.279 1867.125 1860.971 1854.817 1848.664 1841.973 1834.89 1827.807 1820.723 1813.64 1812.599 1811.778 1810.957 1810.136 1810.407 1812.68 1814.952 1817.225 1819.497 1821.549 1823.523 1825.498 1827.472 1829.412 1831.113 1832.814 1834.516 1836.217 1837.934 1839.665 1841.396 1843.126 1844.857 1850.096 1855.705 1861.315 1866.924 1872.199 1876.665 1881.131 1885.597 1890.063 1892.746 1894.591 1896.436 1898.281 1899.998 1899.971 1899.945 1899.918 1899.891 1899.844 1899.771 1899.699 1899.627 1899.554 1899.543 1899.543
1895.986 1894.611 1891.268 1887.436 1883.605 1879.773 1875.477 1869.189 1862.902 1856.614 1850.326 1843.396 1835.995 1828.594 1821.193 1813.792 1812.697 1811.831 1810.965 1810.099 1810.35 1812.65 1814.95 1817.25 1819.55 1821.737 1823.886 1826.034 1828.182 1830.321 1832.397 1834.472 1836.547 1838.623 1840.62 1842.545 1844.47 1846.394 1848.319 1852.546 1857.016 1861.486 1865.956 1870.313 1874.397 1878.481 1882.565 1886.649 1889.606 1892.032 1894.458 1896.884 1899.156 1899.311 1899.467 1899.623 1899.779 1899.845 1899.805 1899.765 1899.725 1899.685 1899.678 1899.678
1896.023 1894.637 1891.288 1887.451 1883.614 1879.777 1875.477 1869.189 1862.902 1856.614 1850.326 1843.378 1835.945 1828.512 1821.079 1813.646 1812.412 1811.402 1810.393 1809.383 1809.513 1811.734 1813.954 1816.174 1818.395 1820.581 1822.756 1824.931 1827.106 1829.271 1831.367 1833.464 1835.561 1837.657 1839.657 1841.565 1843.474 1845.383 1847.292 1850.499 1853.843 1857.187 1860.531 1863.849 1867.105 1870.361 1873.616 1876.872 1880.253 1883.694 1887.135 1890.575 1893.858 1894.991 1896.124 1897.257 1898.39 1899.08 1899.242 1899.403 1899.565 1899.727 1899.752 1899.752
1896.06 1894.664 1891.308 1887.466 1883.624 1879.782 1875.477 1869.189 1862.902 1856.614 1850.326 1843.359 1835.895 1828.43 1820.965 1813.5 1812.126 1810.973 1809.821 1808.668 1808.677 1810.818 1812.958 1815.099 1817.24 1819.425 1821.627 1823.828 1826.03 1828.22 1830.338 1832.456 1834.574 1836.692 1838.693 1840.586 1842.479 1844.372 1846.265 1848.452 1850.67 1852.888 1855.107 1857.386 1859.813 1862.24 1864.667 1867.094 1870.901 1875.356 1879.811 1884.266 1888.561 1890.671 1892.781 1894.891 1897.001 1898.315 1898.678 1899.042 1899.405 1899.769 1899.825 1899.825
1896.097 1894.691 1891.328 1887.481 1883.634 1879.786 1875.477 1869.189 1862.902 1856.614 1850.326 1843.341 1835.844 1828.348 1820.851 1813.355 1811.841 1810.545 1809.248 1807.952 1807.84 1809.901 1811.963 1814.024 1816.085 1818.269 1820.497 1822.725 1824.953 1827.17 1829.309 1831.448 1833.587 1835.726 1837.73 1839.607 1841.484 1843.36 1845.237 1846.405 1847.497 1848.589 1849.682 1850.922 1852.521 1854.12 1855.718 1857.317 1861.549 1867.018 1872.488 1877.957 1883.264 1886.351 1889.438 1892.525 1895.613 1897.549 1898.115 1898.68 1899.245 1899.811 1899.899 1899.899
1896.135 1894.717 1891.349 1887.496 1883.643 1879.79 1875.477 1869.189 1862.902 1856.614 1850.326 1843.322 1835.794 1828.266 1820.737 1813.209 1811.556 1810.116 1808.676 1807.236 1807.004 1808.985 1810.967 1812.948 1814.93 1817.113 1819.368 1821.622 1823.877 1826.119 1828.28 1830.44 1832.6 1834.76 1836.766 1838.627 1840.488 1842.349 1844.21 1844.358 1844.324 1844.291 1844.257 1844.459 1845.229 1845.999 1846.769 1847.539 1852.197 1858.68 1865.164 1871.648 1877.966 1882.031 1886.095 1890.159 1894.224 1896.784 1897.551 1898.318 1899.086 1899.853 1899.972 1899.972
1895.39 1893.787 1890.263 1886.262 1882.262 1878.261 1873.847 1867.659 1861.47 1855.282 1849.094 1842.316 1835.106 1827.897 1820.688 1813.478 1811.742 1810.206 1808.669 1807.132 1806.732 1808.415 1810.098 1811.781 1813.465 1815.458 1817.561 1819.663 1821.766 1823.874 1826.022 1828.171 1830.319 1832.468 1834.497 1836.415 1838.333 1840.251 1842.168 1841.86 1841.316 1840.772 1840.229 1839.829 1839.777 1839.725 1839.673 1839.621 1843.776 1849.907 1856.039 1862.17 1868.245 1873.548 1878.851 1884.154 1889.457 1892.967 1894.34 1895.712 1897.085 1898.458 1898.865 1899.093
1894.172 1892.277 1888.508 1884.274 1880.04 1875.806 1871.232 1865.203 1859.174 1853.145 1847.116 1840.712 1834.033 1827.355 1820.677 1813.998 1812.215 1810.609 1809.003 1807.397 1806.8 1808.053 1809.306 1810.56 1811.813 1813.502 1815.344 1817.186 1819.029 1820.906 1823.023 1825.139 1827.256 1829.372 1831.438 1833.457 1835.476 1837.495 1839.513 1839.089 1838.408 1837.726 1837.044 1836.307 1835.437 1834.568 1833.698 1832.828 1835.92 1840.872 1845.824 1850.776 1855.848 1862.547 1869.247 1875.947 1882.647 1887.304 1889.527 1891.749 1893.972 1896.195 1897.043 1897.638
1892.955 1890.767 1886.753 1882.285 1877.817 1873.35 1868.617 1862.747 1856.877 1851.007 1845.138 1839.108 1832.96 1826.813 1820.666 1814.518 1812.687 1811.012 1809.337 1807.662 1806.869 1807.692 1808.515 1809.338 1810.161 1811.546 1813.128 1814.71 1816.292 1817.938 1820.023 1822.108 1824.192 1826.277 1828.38 1830.499 1832.619 1834.739 1836.858 1836.319 1835.499 1834.679 1833.859 1832.786 1831.098 1829.41 1827.723 1826.035 1828.063 1831.836 1835.609 1839.382 1843.451 1851.547 1859.644 1867.74 1875.837 1881.642 1884.714 1887.786 1890.859 1893.931 1895.222 1896.183
