data/zism_data/00406_02_D.txt
ncols         224
nrows         224
[rows 140 to 167 of 224, columns 0 to 63 of 224]
1835.637 1837.017 1838.398 1839.709 1840.935 1842.161 1843.387 1844.613 1845.327 1845.983 1846.639 1847.295 1847.493 1846.83 1846.168 1845.506 1844.844 1843.486 1841.95 1840.415 1838.88 1837.396 1836.07 1834.743 1833.417 1832.09 1831.683 1831.679 1831.675 1831.671 1831.895 1833.464 1835.032 1836.601 1838.17 1839.914 1841.779 1843.644 1845.508 1847.343 1848.525 1849.707 1850.89 1852.072 1853.027 1853.75 1854.472 1855.194 1855.917 1857.131 1858.377 1859.622 1860.867 1862.519 1864.804 1867.089 1869.374 1871.659 1875.146 1878.862 1882.577 1886.292 1889.569 1891.772
1834.857 1836.178 1837.5 1838.732 1839.856 1840.979 1842.103 1843.227 1843.916 1844.556 1845.196 1845.836 1846.018 1845.339 1844.661 1843.982 1843.304 1841.955 1840.436 1838.917 1837.398 1835.916 1834.546 1833.177 1831.807 1830.438 1830.003 1829.977 1829.952 1829.926 1830.155 1831.885 1833.615 1835.345 1837.075 1838.991 1841.033 1843.076 1845.118 1847.125 1848.361 1849.597 1850.833 1852.069 1853.025 1853.694 1854.362 1855.031 1855.699 1856.911 1858.156 1859.402 1860.647 1862.328 1864.689 1867.049 1869.409 1871.769 1875.178 1878.786 1882.394 1886.001 1889.21 1891.439
1834.077 1835.339 1836.601 1837.755 1838.777 1839.798 1840.82 1841.841 1842.505 1843.129 1843.753 1844.377 1844.542 1843.848 1843.153 1842.458 1841.764 1840.425 1838.922 1837.419 1835.916 1834.436 1833.023 1831.61 1830.198 1828.785 1828.322 1828.275 1828.228 1828.181 1828.415 1830.306 1832.198 1834.089 1835.981 1838.068 1840.288 1842.508 1844.728 1846.907 1848.197 1849.486 1850.776 1852.066 1853.023 1853.638 1854.253 1854.867 1855.482 1856.691 1857.936 1859.181 1860.426 1862.137 1864.573 1867.009 1869.444 1871.88 1875.21 1878.71 1882.21 1885.71 1888.85 1891.106
1833.297 1834.5 1835.703 1836.779 1837.698 1838.617 1839.536 1840.455 1841.095 1841.702 1842.31 1842.918 1843.067 1842.356 1841.646 1840.935 1840.224 1838.895 1837.408 1835.921 1834.435 1832.956 1831.5 1830.044 1828.588 1827.132 1826.642 1826.573 1826.504 1826.436 1826.675 1828.728 1830.781 1832.834 1834.887 1837.145 1839.542 1841.94 1844.337 1846.689 1848.032 1849.376 1850.72 1852.063 1853.021 1853.582 1854.143 1854.704 1855.265 1856.47 1857.715 1858.961 1860.206 1861.946 1864.457 1866.968 1869.479 1871.99 1875.242 1878.635 1882.027 1885.419 1888.49 1890.774
1832.518 1833.661 1834.805 1835.802 1836.619 1837.436 1838.253 1839.069 1839.684 1840.276 1840.867 1841.459 1841.592 1840.865 1840.138 1839.411 1838.684 1837.365 1835.894 1834.423 1832.953 1831.475 1829.976 1828.478 1826.979 1825.48 1824.961 1824.871 1824.781 1824.691 1824.934 1827.149 1829.363 1831.578 1833.792 1836.221 1838.797 1841.372 1843.947 1846.471 1847.868 1849.266 1850.663 1852.06 1853.019 1853.526 1854.033 1854.54 1855.047 1856.25 1857.495 1858.74 1859.985 1861.755 1864.342 1866.928 1869.514 1872.101 1875.274 1878.559 1881.844 1885.128 1888.131 1890.441
1831.315 1832.396 1833.478 1834.403 1835.139 1835.875 1836.61 1837.346 1837.957 1838.553 1839.15 1839.746 1839.895 1839.205 1838.514 1837.824 1837.134 1835.809 1834.323 1832.837 1831.351 1829.86 1828.353 1826.846 1825.339 1823.833 1823.265 1823.107 1822.95 1822.793 1822.995 1825.318 1827.642 1829.965 1832.288 1834.9 1837.709 1840.518 1843.327 1846.076 1847.499 1848.922 1850.345 1851.768 1852.689 1853.093 1853.497 1853.902 1854.306 1855.4 1856.536 1857.672 1858.809 1860.483 1862.994 1865.504 1868.015 1870.526 1873.656 1876.903 1880.151 1883.398 1886.426 1888.918
1829.888 1830.904 1831.921 1832.78 1833.445 1834.111 1834.777 1835.443 1836.061 1836.673 1837.286 1837.899 1838.081 1837.455 1836.829 1836.203 1835.577 1834.24 1832.722 1831.204 1829.685 1828.172 1826.676 1825.18 1823.684 1822.188 1821.56 1821.311 1821.062 1820.813 1820.949 1823.353 1825.757 1828.161 1830.565 1833.367 1836.439 1839.512 1842.585 1845.586 1847.02 1848.454 1849.888 1851.322 1852.185 1852.46 1852.734 1853.009 1853.284 1854.214 1855.183 1856.153 1857.122 1858.634 1860.989 1863.343 1865.698 1868.052 1871.157 1874.405 1877.652 1880.899 1884.004 1886.759
1828.461 1829.412 1830.364 1831.156 1831.752 1832.348 1832.943 1833.539 1834.165 1834.793 1835.422 1836.051 1836.266 1835.705 1835.144 1834.582 1834.021 1832.671 1831.121 1829.57 1828.02 1826.485 1825.0 1823.515 1822.029 1820.544 1819.855 1819.515 1819.174 1818.834 1818.903 1821.388 1823.873 1826.358 1828.843 1831.833 1835.17 1838.506 1841.843 1845.097 1846.542 1847.986 1849.431 1850.876 1851.68 1851.826 1851.972 1852.117 1852.263 1853.028 1853.83 1854.633 1855.436 1856.785 1858.983 1861.182 1863.38 1865.579 1868.659 1871.906 1875.154 1878.401 1881.582 1884.601
1827.033 1827.92 1828.808 1829.533 1830.058 1830.584 1831.11 1831.636 1832.269 1832.913 1833.558 1834.203 1834.451 1833.955 1833.458 1832.962 1832.465 1831.102 1829.52 1827.937 1826.354 1824.797 1823.323 1821.849 1820.374 1818.9 1818.15 1817.719 1817.287 1816.855 1816.857 1819.423 1821.989 1824.554 1827.12 1830.3 1833.9 1837.5 1841.101 1844.608 1846.063 1847.518 1848.974 1850.429 1851.176 1851.192 1851.209 1851.225 1851.242 1851.842 1852.478 1853.113 1853.749 1854.936 1856.978 1859.02 1861.063 1863.105 1866.161 1869.408 1872.655 1875.903 1879.16 1882.443
1825.572 1826.384 1827.197 1827.857 1828.33 1828.802 1829.275 1829.748 1830.386 1831.044 1831.701 1832.358 1832.635 1832.2 1831.764 1831.328 1830.892 1829.529 1827.928 1826.328 1824.728 1823.16 1821.691 1820.223 1818.754 1817.285 1816.472 1815.946 1815.421 1814.895 1814.829 1817.477 1820.125 1822.773 1825.422 1828.785 1832.636 1836.488 1840.339 1844.086 1845.542 1846.998 1848.453 1849.909 1850.601 1850.508 1850.415 1850.321 1850.228 1850.685 1851.176 1851.667 1852.157 1853.191 1855.069 1856.948 1858.826 1860.704 1863.717 1866.945 1870.173 1873.401 1876.71 1880.216
1823.85 1824.512 1825.173 1825.784 1826.332 1826.88 1827.428 1827.976 1828.608 1829.249 1829.891 1830.532 1830.81 1830.406 1830.003 1829.599 1829.196 1827.916 1826.412 1824.909 1823.406 1821.903 1820.402 1818.901 1817.4 1815.899 1814.998 1814.359 1813.72 1813.081 1812.932 1815.677 1818.422 1821.168 1823.913 1827.408 1831.415 1835.423 1839.431 1843.324 1844.698 1846.073 1847.448 1848.823 1849.493 1849.437 1849.382 1849.326 1849.271 1849.75 1850.262 1850.775 1851.287 1852.245 1853.897 1855.55 1857.202 1858.854 1861.691 1864.752 1867.813 1870.874 1874.041 1877.467
1822.128 1822.639 1823.15 1823.712 1824.335 1824.958 1825.582 1826.205 1826.83 1827.455 1828.08 1828.705 1828.984 1828.613 1828.241 1827.87 1827.499 1826.303 1824.896 1823.49 1822.083 1820.646 1819.112 1817.579 1816.046 1814.512 1813.523 1812.771 1812.019 1811.267 1811.036 1813.878 1816.72 1819.562 1822.404 1826.031 1830.195 1834.358 1838.522 1842.561 1843.855 1845.149 1846.443 1847.737 1848.385 1848.367 1848.349 1848.331 1848.313 1848.815 1849.349 1849.883 1850.417 1851.3 1852.726 1854.152 1855.578 1857.004 1859.664 1862.559 1865.453 1868.347 1871.372 1874.717
1820.406 1820.766 1821.127 1821.639 1822.338 1823.036 1823.735 1824.434 1825.052 1825.661 1826.27 1826.879 1827.158 1826.819 1826.48 1826.141 1825.803 1824.69 1823.38 1822.071 1820.761 1819.389 1817.823 1816.257 1814.692 1813.126 1812.048 1811.183 1810.318 1809.453 1809.139 1812.078 1815.017 1817.956 1820.895 1824.654 1828.974 1833.294 1837.613 1841.798 1843.011 1844.225 1845.438 1846.651 1847.277 1847.296 1847.316 1847.336 1847.356 1847.88 1848.435 1848.991 1849.546 1850.354 1851.554 1852.754 1853.954 1855.154 1857.638 1860.365 1863.093 1865.82 1868.703 1871.968
1818.683 1818.893 1819.103 1819.566 1820.341 1821.115 1821.889 1822.663 1823.274 1823.867 1824.459 1825.052 1825.332 1825.026 1824.719 1824.412 1824.106 1823.077 1821.864 1820.652 1819.439 1818.131 1816.533 1814.936 1813.338 1811.74 1810.573 1809.595 1808.617 1807.639 1807.243 1810.279 1813.314 1816.35 1819.386 1823.277 1827.753 1832.229 1836.705 1841.035 1842.168 1843.3 1844.433 1845.566 1846.168 1846.226 1846.283 1846.341 1846.398 1846.945 1847.522 1848.099 1848.676 1849.408 1850.382 1851.356 1852.33 1853.304 1855.612 1858.172 1860.733 1863.293 1866.035 1869.218
1816.913 1817.019 1817.125 1817.562 1818.405 1819.248 1820.092 1820.935 1821.583 1822.21 1822.836 1823.463 1823.774 1823.493 1823.213 1822.932 1822.652 1821.678 1820.528 1819.378 1818.228 1816.967 1815.368 1813.769 1812.17 1810.571 1809.367 1808.335 1807.303 1806.272 1805.803 1808.658 1811.513 1814.368 1817.223 1821.045 1825.527 1830.009 1834.491 1838.837 1840.179 1841.521 1842.863 1844.205 1845.011 1845.265 1845.519 1845.774 1846.028 1846.627 1847.247 1847.868 1848.488 1849.193 1850.032 1850.87 1851.709 1852.547 1854.567 1856.811 1859.055 1861.299 1863.703 1866.5
1815.107 1815.143 1815.179 1815.607 1816.515 1817.422 1818.33 1819.238 1819.956 1820.652 1821.349 1822.046 1822.41 1822.151 1821.892 1821.633 1821.374 1820.435 1819.322 1818.21 1817.097 1815.87 1814.293 1812.715 1811.138 1809.56 1808.355 1807.313 1806.27 1805.228 1804.695 1807.167 1809.64 1812.113 1814.585 1818.191 1822.571 1826.951 1831.331 1835.597 1837.359 1839.121 1840.883 1842.645 1843.818 1844.384 1844.95 1845.517 1846.083 1846.756 1847.436 1848.115 1848.795 1849.509 1850.277 1851.046 1851.814 1852.583 1854.234 1856.053 1857.872 1859.69 1861.616 1863.805
1813.302 1813.268 1813.234 1813.652 1814.624 1815.597 1816.569 1817.541 1818.329 1819.095 1819.862 1820.628 1821.046 1820.808 1820.571 1820.333 1820.096 1819.191 1818.116 1817.041 1815.967 1814.773 1813.217 1811.661 1810.105 1808.55 1807.343 1806.29 1805.237 1804.184 1803.586 1805.677 1807.767 1809.858 1811.948 1815.338 1819.616 1823.894 1828.171 1832.358 1834.539 1836.721 1838.903 1841.085 1842.624 1843.503 1844.381 1845.26 1846.139 1846.885 1847.624 1848.363 1849.102 1849.825 1850.523 1851.221 1851.92 1852.618 1853.901 1855.295 1856.688 1858.082 1859.53 1861.11
1811.496 1811.392 1811.288 1811.697 1812.734 1813.771 1814.808 1815.845 1816.702 1817.538 1818.375 1819.211 1819.681 1819.465 1819.25 1819.034 1818.818 1817.947 1816.91 1815.873 1814.836 1813.676 1812.142 1810.608 1809.073 1807.539 1806.332 1805.268 1804.204 1803.14 1802.477 1804.186 1805.894 1807.603 1809.311 1812.485 1816.661 1820.836 1825.011 1829.118 1831.72 1834.321 1836.923 1839.525 1841.431 1842.622 1843.812 1845.003 1846.194 1847.015 1847.813 1848.611 1849.408 1850.14 1850.769 1851.397 1852.026 1852.654 1853.568 1854.536 1855.505 1856.473 1857.443 1858.415
1809.708 1809.538 1809.368 1809.768 1810.867 1811.966 1813.065 1814.164 1815.088 1815.992 1816.896 1817.801 1818.323 1818.128 1817.934 1817.739 1817.545 1816.708 1815.707 1814.707 1813.706 1812.58 1811.068 1809.557 1808.046 1806.535 1805.331 1804.262 1803.194 1802.125 1801.405 1802.748 1804.09 1805.433 1806.776 1809.74 1813.812 1817.884 1821.956 1825.981 1828.989 1831.997 1835.004 1838.012 1840.275 1841.772 1843.269 1844.766 1846.262 1847.152 1848.004 1848.856 1849.708 1850.445 1851.003 1851.562 1852.12 1852.678 1853.232 1853.786 1854.339 1854.892 1855.396 1855.779
1808.309 1808.15 1807.99 1808.401 1809.511 1810.621 1811.731 1812.841 1813.78 1814.7 1815.62 1816.541 1817.081 1816.908 1816.735 1816.562 1816.389 1815.565 1814.575 1813.586 1812.596 1811.492 1810.04 1808.588 1807.136 1805.684 1804.585 1803.64 1802.694 1801.749 1801.135 1802.472 1803.809 1805.147 1806.484 1809.369 1813.312 1817.255 1821.198 1825.104 1828.214 1831.324 1834.434 1837.544 1839.943 1841.613 1843.282 1844.951 1846.62 1847.464 1848.256 1849.049 1849.842 1850.513 1850.996 1851.479 1851.962 1852.445 1852.829 1853.194 1853.559 1853.924 1854.239 1854.433
1806.91 1806.761 1806.612 1807.034 1808.155 1809.275 1810.396 1811.517 1812.472 1813.408 1814.345 1815.281 1815.839 1815.688 1815.536 1815.385 1815.234 1814.423 1813.444 1812.464 1811.485 1810.404 1809.012 1807.619 1806.226 1804.833 1803.838 1803.017 1802.195 1801.374 1800.865 1802.197 1803.528 1804.86 1806.192 1808.999 1812.812 1816.626 1820.439 1824.227 1827.439 1830.651 1833.863 1837.075 1839.612 1841.453 1843.295 1845.136 1846.977 1847.775 1848.509 1849.242 1849.976 1850.582 1850.99 1851.397 1851.805 1852.212 1852.426 1852.602 1852.779 1852.956 1853.083 1853.088
1805.511 1805.373 1805.235 1805.667 1806.798 1807.93 1809.062 1810.193 1811.164 1812.116 1813.069 1814.021 1814.597 1814.468 1814.338 1814.208 1814.078 1813.28 1812.312 1811.343 1810.375 1809.317 1807.983 1806.65 1805.316 1803.982 1803.091 1802.394 1801.696 1800.999 1800.594 1801.921 1803.247 1804.574 1805.901 1808.628 1812.312 1815.997 1819.681 1823.349 1826.664 1829.978 1833.293 1836.607 1839.28 1841.294 1843.308 1845.321 1847.335 1848.087 1848.761 1849.436 1850.11 1850.65 1850.983 1851.315 1851.647 1851.979 1852.022 1852.011 1851.999 1851.987 1851.926 1851.743
1804.112 1803.984 1803.857 1804.3 1805.442 1806.585 1807.727 1808.869 1809.855 1810.824 1811.793 1812.761 1813.356 1813.247 1813.139 1813.031 1812.922 1812.137 1811.18 1810.222 1809.265 1808.229 1806.955 1805.68 1804.406 1803.132 1802.345 1801.771 1801.197 1800.623 1800.324 1801.645 1802.966 1804.288 1805.609 1808.257 1811.813 1815.368 1818.923 1822.472 1825.889 1829.305 1832.722 1836.139 1838.949 1841.135 1843.321 1845.506 1847.692 1848.398 1849.014 1849.629 1850.244 1850.719 1850.976 1851.233 1851.49 1851.746 1851.619 1851.419 1851.219 1851.019 1850.769 1850.398
1803.122 1803.054 1802.987 1803.444 1804.545 1805.646 1806.748 1807.849 1808.799 1809.732 1810.665 1811.598 1812.173 1812.078 1811.983 1811.888 1811.793 1811.015 1810.063 1809.111 1808.158 1807.148 1805.96 1804.772 1803.585 1802.397 1801.73 1801.291 1800.852 1800.413 1800.241 1801.65 1803.059 1804.467 1805.876 1808.485 1811.913 1815.342 1818.771 1822.2 1825.631 1829.063 1832.494 1835.926 1838.786 1841.056 1843.327 1845.598 1847.868 1848.537 1849.106 1849.676 1850.245 1850.668 1850.864 1851.059 1851.254 1851.449 1851.22 1850.911 1850.601 1850.292 1849.946 1849.509
1802.529 1802.569 1802.609 1803.085 1804.094 1805.104 1806.114 1807.123 1807.987 1808.833 1809.68 1810.527 1811.048 1810.959 1810.869 1810.78 1810.69 1809.913 1808.961 1808.009 1807.056 1806.074 1804.999 1803.924 1802.849 1801.774 1801.243 1800.949 1800.656 1800.362 1800.341 1801.927 1803.513 1805.099 1806.685 1809.293 1812.598 1815.903 1819.208 1822.515 1825.877 1829.238 1832.6 1835.961 1838.786 1841.056 1843.327 1845.598 1847.868 1848.506 1849.043 1849.581 1850.118 1850.503 1850.649 1850.796 1850.943 1851.089 1850.826 1850.484 1850.142 1849.801 1849.447 1849.064
1801.936 1802.083 1802.231 1802.725 1803.643 1804.562 1805.48 1806.398 1807.174 1807.935 1808.696 1809.457 1809.923 1809.839 1809.755 1809.671 1809.587 1808.811 1807.859 1806.906 1805.954 1804.999 1804.038 1803.076 1802.114 1801.152 1800.756 1800.608 1800.459 1800.311 1800.44 1802.204 1803.967 1805.731 1807.495 1810.101 1813.282 1816.463 1819.645 1822.83 1826.122 1829.414 1832.705 1835.997 1838.786 1841.056 1843.327 1845.598 1847.868 1848.476 1848.981 1849.486 1849.991 1850.337 1850.435 1850.533 1850.631 1850.73 1850.431 1850.057 1849.683 1849.309 1848.948 1848.619
1801.343 1801.598 1801.854 1802.366 1803.192 1804.019 1804.846 1805.672 1806.362 1807.037 1807.711 1808.386 1808.799 1808.72 1808.641 1808.562 1808.484 1807.708 1806.756 1805.804 1804.852 1803.925 1803.076 1802.227 1801.379 1800.53 1800.269 1800.266 1800.263 1800.26 1800.539 1802.48 1804.422 1806.363 1808.305 1810.909 1813.967 1817.024 1820.081 1823.146 1826.367 1829.589 1832.811 1836.032 1838.786 1841.056 1843.327 1845.598 1847.868 1848.445 1848.918 1849.391 1849.864 1850.171 1850.221 1850.27 1850.32 1850.37 1850.036 1849.63 1849.224 1848.818 1848.449 1848.174
1800.75 1801.113 1801.476 1802.006 1802.741 1803.476 1804.212 1804.947 1805.55 1806.139 1806.727 1807.316 1807.674 1807.6 1807.527 1807.454 1807.38 1806.606 1805.654 1804.702 1803.75 1802.851 1802.115 1801.379 1800.643 1799.908 1799.783 1799.925 1800.067 1800.209 1800.638 1802.757 1804.876 1806.995 1809.115 1811.718 1814.651 1817.585 1820.518 1823.461 1826.613 1829.765 1832.916 1836.068 1838.786 1841.056 1843.327 1845.598 1847.868 1848.415 1848.855 1849.296 1849.736 1850.005 1850.006 1850.008 1850.009 1850.01 1849.642 1849.203 1848.765 1848.326 1847.951 1847.729
