data/zism_data/00401_01_D.txt
ncols         224
nrows         224
[rows 168 to 195 of 224, columns 126 to 188 of 224]
1555.259 1549.826 1544.393 1538.961 1533.528 1528.855 1525.2 1521.546 1517.891 1514.236 1512.22 1510.673 1509.126 1507.579 1506.067 1504.787 1503.507 1502.228 1500.948 1499.783 1498.743 1497.704 1496.664 1495.624 1494.733 1493.873 1493.012 1492.152 1490.757 1486.849 1482.94 1479.031 1475.123 1472.096 1469.866 1467.637 1465.408 1463.179 1463.072 1463.27 1463.468 1463.666 1464.232 1466.078 1467.923 1469.769 1471.614 1474.281 1477.558 1480.835 1484.112 1487.389 1492.617 1498.008 1503.4 1508.791 1514.667 1521.838 1529.009 1536.18 1543.351 1549.459 1554.922
1540.796 1535.025 1529.254 1523.482 1517.711 1513.187 1510.33 1507.474 1504.618 1501.761 1500.309 1499.26 1498.21 1497.16 1496.116 1495.112 1494.107 1493.103 1492.098 1491.581 1491.599 1491.617 1491.635 1491.653 1490.945 1490.085 1489.225 1488.365 1486.81 1481.986 1477.162 1472.339 1467.515 1464.031 1461.76 1459.488 1457.217 1454.946 1455.254 1455.933 1456.612 1457.291 1458.35 1460.724 1463.099 1465.473 1467.847 1471.097 1474.998 1478.899 1482.8 1486.702 1492.402 1498.254 1504.105 1509.956 1516.23 1523.634 1531.038 1538.442 1545.845 1552.328 1558.25
1529.807 1524.363 1518.918 1513.474 1508.03 1503.91 1501.564 1499.217 1496.871 1494.524 1493.269 1492.328 1491.386 1490.444 1489.519 1488.707 1487.894 1487.082 1486.269 1486.265 1487.15 1488.035 1488.92 1489.804 1489.198 1488.278 1487.357 1486.437 1484.638 1478.706 1472.774 1466.842 1460.911 1456.817 1454.388 1451.959 1449.53 1447.1 1448.003 1449.384 1450.766 1452.147 1453.938 1457.15 1460.362 1463.574 1466.786 1470.852 1475.553 1480.254 1484.954 1489.655 1495.708 1501.874 1508.04 1514.205 1520.677 1527.967 1535.257 1542.547 1549.837 1556.63 1563.12
1522.66 1518.279 1513.897 1509.516 1505.134 1501.705 1499.548 1497.392 1495.236 1493.08 1491.617 1490.353 1489.088 1487.824 1486.63 1485.918 1485.206 1484.494 1483.782 1484.143 1485.683 1487.224 1488.765 1490.305 1489.708 1488.661 1487.614 1486.566 1484.43 1477.177 1469.923 1462.669 1455.415 1450.544 1447.829 1445.114 1442.399 1439.684 1441.379 1443.707 1446.035 1448.363 1451.153 1455.544 1459.935 1464.327 1468.718 1473.857 1479.552 1485.247 1490.942 1496.637 1502.908 1509.227 1515.546 1521.865 1528.313 1535.106 1541.899 1548.692 1555.484 1562.517 1569.695
1515.513 1512.194 1508.876 1505.557 1502.239 1499.499 1497.533 1495.567 1493.601 1491.636 1489.964 1488.377 1486.791 1485.204 1483.74 1483.129 1482.518 1481.906 1481.295 1482.021 1484.217 1486.413 1488.609 1490.806 1490.218 1489.044 1487.87 1486.695 1484.223 1475.647 1467.071 1458.495 1449.92 1444.27 1441.27 1438.269 1435.269 1432.268 1434.755 1438.03 1441.304 1444.579 1448.368 1453.938 1459.509 1465.079 1470.649 1476.861 1483.551 1490.24 1496.929 1503.619 1510.108 1516.58 1523.053 1529.525 1535.949 1542.245 1548.541 1554.836 1561.132 1568.404 1576.27
1508.366 1506.11 1503.854 1501.599 1499.343 1497.293 1495.518 1493.742 1491.967 1490.191 1488.312 1486.402 1484.493 1482.583 1480.851 1480.34 1479.829 1479.318 1478.807 1479.898 1482.75 1485.602 1488.454 1491.306 1490.728 1489.427 1488.126 1486.824 1484.016 1474.118 1464.22 1454.322 1444.424 1437.996 1434.71 1431.424 1428.138 1424.852 1428.131 1432.352 1436.573 1440.795 1445.582 1452.332 1459.082 1465.831 1472.581 1479.866 1487.55 1495.233 1502.917 1510.6 1517.308 1523.933 1530.559 1537.185 1543.586 1549.384 1555.183 1560.981 1566.78 1574.292 1582.845
1501.219 1500.026 1498.833 1497.641 1496.448 1495.088 1493.502 1491.917 1490.332 1488.747 1486.659 1484.427 1482.195 1479.963 1477.962 1477.551 1477.141 1476.73 1476.32 1477.776 1481.283 1484.791 1488.299 1491.807 1491.238 1489.81 1488.382 1486.953 1483.808 1472.588 1461.368 1450.148 1438.928 1431.723 1428.151 1424.579 1421.008 1417.436 1421.507 1426.675 1431.843 1437.011 1442.797 1450.726 1458.655 1466.584 1474.513 1482.871 1491.549 1500.227 1508.904 1517.582 1524.508 1531.287 1538.066 1544.845 1551.222 1556.523 1561.825 1567.126 1572.428 1580.179 1589.42
1500.999 1500.079 1499.16 1498.241 1497.322 1496.094 1494.451 1492.808 1491.166 1489.523 1486.987 1484.194 1481.402 1478.609 1476.039 1475.0 1473.962 1472.923 1471.885 1472.926 1476.255 1479.583 1482.912 1486.24 1484.955 1482.697 1480.438 1478.18 1474.452 1463.812 1453.173 1442.533 1431.893 1425.711 1423.565 1421.418 1419.271 1417.124 1422.36 1428.657 1434.954 1441.25 1448.096 1456.845 1465.594 1474.343 1483.092 1492.063 1501.199 1510.334 1519.469 1528.605 1535.521 1542.251 1548.981 1555.711 1562.126 1567.699 1573.273 1578.847 1584.42 1592.274 1601.514
1501.091 1500.41 1499.729 1499.048 1498.366 1497.245 1495.533 1493.822 1492.11 1490.399 1487.404 1484.04 1480.676 1477.313 1474.16 1472.46 1470.761 1469.061 1467.362 1467.953 1471.065 1474.177 1477.289 1480.401 1478.366 1475.245 1472.125 1469.004 1464.682 1454.709 1444.736 1434.763 1424.789 1419.712 1419.067 1418.422 1417.777 1417.132 1423.551 1430.985 1438.418 1445.852 1453.76 1463.313 1472.866 1482.419 1491.972 1501.534 1511.103 1520.672 1530.241 1539.81 1546.706 1553.377 1560.049 1566.721 1573.178 1579.058 1584.938 1590.818 1596.699 1604.649 1613.857
1501.183 1500.74 1500.297 1499.854 1499.411 1498.396 1496.616 1494.836 1493.055 1491.275 1487.82 1483.886 1479.951 1476.016 1472.281 1469.92 1467.56 1465.199 1462.838 1462.981 1465.876 1468.771 1471.666 1474.561 1471.776 1467.794 1463.811 1459.829 1454.913 1445.606 1436.299 1426.992 1417.685 1413.713 1414.57 1415.426 1416.283 1417.14 1424.742 1433.313 1441.883 1450.454 1459.425 1469.781 1480.138 1490.494 1500.851 1511.005 1521.007 1531.01 1541.013 1551.016 1557.891 1564.504 1571.118 1577.732 1584.229 1590.416 1596.603 1602.79 1608.977 1617.024 1626.2
1501.276 1501.071 1500.865 1500.66 1500.455 1499.547 1497.698 1495.849 1494.0 1492.151 1488.237 1483.731 1479.225 1474.719 1470.402 1467.38 1464.359 1461.337 1458.315 1458.008 1460.687 1463.365 1466.043 1468.721 1465.187 1460.343 1455.498 1450.654 1445.143 1436.503 1427.862 1419.222 1410.581 1407.714 1410.072 1412.431 1414.789 1417.148 1425.932 1435.64 1445.348 1455.056 1465.089 1476.249 1487.41 1498.57 1509.73 1520.475 1530.912 1541.348 1551.785 1562.221 1569.076 1575.631 1582.187 1588.742 1595.281 1601.775 1608.269 1614.762 1621.256 1629.399 1638.543
1502.128 1501.945 1501.762 1501.579 1501.396 1500.461 1498.521 1496.58 1494.639 1492.698 1488.349 1483.308 1478.268 1473.229 1468.344 1464.529 1460.714 1456.899 1453.084 1452.036 1454.031 1456.026 1458.021 1460.016 1456.212 1451.186 1446.159 1441.133 1435.684 1428.248 1420.812 1413.376 1405.941 1404.44 1408.312 1412.184 1416.056 1419.928 1429.928 1440.807 1451.687 1462.567 1473.658 1485.485 1497.313 1509.14 1520.967 1532.049 1542.575 1553.102 1563.628 1574.155 1581.102 1587.75 1594.399 1601.047 1607.668 1614.215 1620.763 1627.31 1633.857 1641.479 1649.755
1503.953 1503.516 1503.079 1502.642 1502.205 1501.073 1499.011 1496.948 1494.886 1492.824 1488.069 1482.542 1477.016 1471.489 1466.058 1461.28 1456.503 1451.725 1446.948 1444.787 1445.502 1446.217 1446.932 1447.647 1444.188 1439.849 1435.51 1431.172 1426.621 1421.079 1415.536 1409.994 1404.451 1404.652 1410.052 1415.453 1420.853 1426.253 1437.508 1449.604 1461.7 1473.796 1485.942 1498.261 1510.58 1522.899 1535.218 1546.309 1556.487 1566.664 1576.842 1587.019 1594.203 1601.137 1608.071 1615.005 1621.76 1628.038 1634.315 1640.593 1646.871 1653.184 1659.518
1505.778 1505.087 1504.396 1503.705 1503.015 1501.685 1499.501 1497.317 1495.133 1492.949 1487.789 1481.776 1475.763 1469.75 1463.771 1458.031 1452.292 1446.552 1440.812 1437.537 1436.972 1436.408 1435.843 1435.278 1432.165 1428.513 1424.862 1421.21 1417.559 1413.91 1410.26 1406.611 1402.961 1404.864 1411.792 1418.721 1425.65 1432.578 1445.089 1458.401 1471.714 1485.026 1498.226 1511.037 1523.848 1536.659 1549.469 1560.57 1570.398 1580.227 1590.055 1599.884 1607.304 1614.524 1621.743 1628.963 1635.852 1641.86 1647.868 1653.876 1659.884 1664.888 1669.282
1507.602 1506.658 1505.713 1504.769 1503.824 1502.297 1499.992 1497.686 1495.38 1493.075 1487.509 1481.01 1474.51 1468.01 1461.485 1454.783 1448.08 1441.378 1434.676 1430.287 1428.443 1426.598 1424.754 1422.91 1420.141 1417.177 1414.213 1411.249 1408.496 1406.74 1404.984 1403.228 1401.471 1405.076 1413.533 1421.99 1430.446 1438.903 1452.669 1467.198 1481.727 1496.256 1510.51 1523.813 1537.115 1550.418 1563.72 1574.831 1584.31 1593.79 1603.269 1612.749 1620.406 1627.911 1635.416 1642.921 1649.944 1655.683 1661.421 1667.159 1672.898 1676.592 1679.045
1509.427 1508.229 1507.03 1505.832 1504.633 1502.909 1500.482 1498.055 1495.627 1493.2 1487.229 1480.243 1473.257 1466.271 1459.199 1451.534 1443.869 1436.204 1428.54 1423.037 1419.913 1416.789 1413.665 1410.541 1408.117 1405.84 1403.564 1401.287 1399.434 1399.571 1399.708 1399.845 1399.982 1405.288 1415.273 1425.258 1435.243 1445.228 1460.25 1475.995 1491.74 1507.486 1522.794 1536.588 1550.383 1564.177 1577.971 1589.091 1598.222 1607.352 1616.483 1625.613 1633.507 1641.297 1649.088 1656.879 1664.036 1669.505 1674.974 1680.443 1685.911 1688.297 1688.809
1508.407 1507.072 1505.736 1504.401 1503.066 1501.028 1498.051 1495.073 1492.096 1489.118 1482.745 1475.399 1468.053 1460.707 1453.331 1445.751 1438.171 1430.59 1423.01 1417.625 1414.653 1411.68 1408.708 1405.736 1403.818 1402.121 1400.425 1398.729 1397.559 1398.864 1400.168 1401.473 1402.777 1409.632 1421.511 1433.389 1445.268 1457.147 1472.286 1487.894 1503.501 1519.109 1534.135 1547.145 1560.156 1573.166 1586.176 1596.661 1605.267 1613.873 1622.479 1631.086 1638.69 1646.211 1653.732 1661.253 1668.05 1672.913 1677.776 1682.639 1687.501 1689.451 1689.629
1507.143 1505.681 1504.218 1502.756 1501.294 1498.932 1495.368 1491.804 1488.239 1484.675 1477.9 1470.204 1462.509 1454.814 1447.156 1439.75 1432.344 1424.939 1417.533 1412.37 1409.673 1406.975 1404.278 1401.581 1400.182 1399.057 1397.932 1396.807 1396.302 1398.712 1401.121 1403.531 1405.941 1414.331 1428.135 1441.938 1455.742 1469.546 1484.705 1500.059 1515.412 1530.766 1545.395 1557.512 1569.629 1581.745 1593.862 1603.656 1611.723 1619.789 1627.856 1635.923 1643.193 1650.396 1657.6 1664.804 1671.197 1675.425 1679.654 1683.882 1688.11 1689.698 1689.68
1505.879 1504.29 1502.7 1501.111 1499.522 1496.837 1492.685 1488.534 1484.382 1480.231 1473.054 1465.01 1456.966 1448.921 1440.98 1433.749 1426.518 1419.287 1412.055 1407.115 1404.693 1402.27 1399.848 1397.426 1396.547 1395.993 1395.439 1394.885 1395.045 1398.56 1402.075 1405.59 1409.105 1419.031 1434.759 1450.488 1466.216 1481.945 1497.124 1512.224 1527.324 1542.424 1556.656 1567.879 1579.102 1590.324 1601.547 1610.651 1618.178 1625.706 1633.233 1640.76 1647.696 1654.582 1661.469 1668.355 1674.344 1677.938 1681.531 1685.125 1688.719 1689.945 1689.732
1504.615 1502.898 1501.182 1499.466 1497.75 1494.741 1490.003 1485.264 1480.526 1475.787 1468.208 1459.815 1451.422 1443.029 1434.805 1427.748 1420.692 1413.635 1406.578 1401.86 1399.713 1397.565 1395.418 1393.271 1392.911 1392.929 1392.946 1392.963 1393.788 1398.408 1403.028 1407.649 1412.269 1423.73 1441.384 1459.037 1476.691 1494.344 1509.543 1524.389 1539.235 1554.081 1567.916 1578.245 1588.574 1598.904 1609.233 1617.646 1624.634 1631.622 1638.609 1645.597 1652.199 1658.768 1665.337 1671.906 1677.491 1680.45 1683.409 1686.369 1689.328 1690.192 1689.783
1505.48 1503.763 1502.046 1500.328 1498.611 1495.396 1490.177 1484.958 1479.739 1474.521 1466.439 1457.537 1448.635 1439.733 1431.062 1423.984 1416.906 1409.827 1402.749 1398.101 1396.124 1394.148 1392.171 1390.194 1390.227 1390.683 1391.14 1391.596 1392.947 1398.507 1404.066 1409.625 1415.185 1427.64 1446.339 1465.037 1483.736 1502.434 1517.42 1531.871 1546.323 1560.775 1574.124 1583.653 1593.183 1602.712 1612.241 1619.977 1626.378 1632.78 1639.182 1645.583 1651.683 1657.758 1663.833 1669.908 1674.992 1677.432 1679.871 1682.311 1684.751 1685.361 1684.858
1509.504 1507.971 1506.439 1504.907 1503.375 1500.127 1494.586 1489.045 1483.503 1477.962 1469.229 1459.581 1449.933 1440.286 1430.924 1423.534 1416.144 1408.754 1401.363 1396.559 1394.598 1392.638 1390.677 1388.716 1388.952 1389.652 1390.352 1391.051 1392.725 1398.977 1405.229 1411.481 1417.733 1430.381 1448.821 1467.261 1485.7 1504.139 1518.565 1532.414 1546.262 1560.111 1572.845 1581.713 1590.581 1599.45 1608.318 1615.396 1621.141 1626.887 1632.633 1638.379 1643.731 1649.049 1654.368 1659.686 1664.125 1666.216 1668.307 1670.397 1672.488 1673.002 1672.558
1513.526 1512.179 1510.832 1509.485 1508.138 1504.859 1498.995 1493.131 1487.267 1481.403 1472.018 1461.625 1451.232 1440.838 1430.786 1423.084 1415.382 1407.68 1399.977 1395.017 1393.073 1391.128 1389.183 1387.238 1387.678 1388.621 1389.563 1390.506 1392.502 1399.447 1406.391 1413.336 1420.281 1433.123 1451.303 1469.484 1487.664 1505.844 1519.71 1532.956 1546.202 1559.448 1571.566 1579.773 1587.98 1596.187 1604.394 1610.814 1615.904 1620.995 1626.085 1631.175 1635.778 1640.34 1644.903 1649.465 1653.259 1655.0 1656.742 1658.484 1660.225 1660.644 1660.258
1517.55 1516.387 1515.225 1514.063 1512.901 1509.59 1503.404 1497.217 1491.03 1484.844 1474.808 1463.669 1452.53 1441.391 1430.648 1422.634 1414.62 1406.606 1398.591 1393.476 1391.547 1389.618 1387.688 1385.759 1386.403 1387.589 1388.775 1389.962 1392.279 1399.917 1407.554 1415.192 1422.829 1435.864 1453.786 1471.707 1489.628 1507.549 1520.855 1533.498 1546.141 1558.784 1570.286 1577.832 1585.379 1592.925 1600.471 1606.233 1610.667 1615.102 1619.536 1623.971 1627.825 1631.631 1635.438 1639.244 1642.392 1643.785 1645.177 1646.57 1647.963 1648.285 1647.958
1521.573 1520.596 1519.619 1518.642 1517.665 1514.322 1507.813 1501.303 1494.794 1488.285 1477.598 1465.713 1453.828 1441.944 1430.51 1422.184 1413.858 1405.532 1397.205 1391.934 1390.021 1388.107 1386.194 1384.281 1385.128 1386.558 1387.987 1389.417 1392.056 1400.386 1408.717 1417.047 1425.377 1438.605 1456.268 1473.93 1491.592 1509.254 1522.0 1534.041 1546.081 1558.121 1569.007 1575.892 1582.777 1589.662 1596.547 1601.651 1605.43 1609.209 1612.988 1616.766 1619.872 1622.922 1625.972 1629.022 1631.525 1632.569 1633.612 1634.656 1635.7 1635.927 1635.657
1532.393 1531.414 1530.435 1529.456 1528.477 1524.716 1517.234 1509.752 1502.27 1494.787 1483.217 1470.474 1457.731 1444.988 1432.745 1423.943 1415.141 1406.339 1397.537 1391.861 1389.623 1387.384 1385.145 1382.906 1383.715 1385.168 1386.621 1388.074 1390.731 1399.052 1407.373 1415.694 1424.015 1436.391 1452.437 1468.483 1484.529 1500.575 1512.444 1523.712 1534.981 1546.25 1556.548 1563.484 1570.419 1577.355 1584.29 1589.56 1593.591 1597.622 1601.653 1605.684 1608.621 1611.466 1614.312 1617.158 1619.368 1619.88 1620.392 1620.904 1621.416 1621.059 1620.174
1544.097 1543.092 1542.086 1541.081 1540.075 1535.847 1527.307 1518.768 1510.228 1501.688 1489.203 1475.588 1461.973 1448.357 1435.289 1425.99 1416.691 1407.392 1398.093 1391.98 1389.371 1386.762 1384.153 1381.544 1382.285 1383.732 1385.18 1386.627 1389.263 1397.483 1405.704 1413.924 1422.145 1433.532 1447.785 1462.038 1476.292 1490.545 1501.495 1511.97 1522.446 1532.921 1542.636 1549.714 1556.793 1563.871 1570.949 1576.492 1580.893 1585.294 1589.695 1594.096 1596.94 1599.653 1602.367 1605.081 1607.043 1607.0 1606.957 1606.913 1606.87 1605.866 1604.277
1555.802 1554.77 1553.738 1552.706 1551.674 1546.978 1537.381 1527.783 1518.186 1508.589 1495.19 1480.702 1466.214 1451.726 1437.833 1428.037 1418.241 1408.445 1398.648 1392.099 1389.12 1386.141 1383.161 1380.182 1380.854 1382.296 1383.739 1385.181 1387.794 1395.914 1404.034 1412.154 1420.275 1430.673 1443.133 1455.594 1468.054 1480.515 1490.546 1500.228 1509.91 1519.593 1528.724 1535.945 1543.166 1550.387 1557.608 1563.424 1568.195 1572.966 1577.738 1582.509 1585.259 1587.84 1590.422 1593.003 1594.718 1594.12 1593.521 1592.923 1592.324 1590.672 1588.381
