data/zism_data/00408_04_D.txt
ncols         224
nrows         224
[rows 90 to 119 of 224, columns 132 to 197 of 224]
506.3405 510.2377 514.1351 518.0324 522.3087 528.0875 533.8662 539.645 545.4239 549.8899 553.7479 557.6059 561.4639 565.608 571.1949 576.7817 582.3685 587.9554 596.3253 606.2104 616.0958 625.981 635.6932 644.2427 652.7922 661.3418 669.8913 673.4498 673.8372 674.2245 674.6119 674.9616 674.9465 674.9315 674.9165 674.9014 674.9489 675.0425 675.136 675.2296 675.2005 673.1622 671.1239 669.0856 667.0473 663.3136 658.1335 652.9534 647.7733 642.5676 636.1978 629.8281 623.4582 617.0885 611.6514 607.1334 602.6155 598.0976 593.5795 591.5311 589.5188 587.5065 585.4941 584.1553 583.5832 583.011
507.8354 512.5938 517.3524 522.1108 527.22 533.72 540.2199 546.7198 553.22 557.3625 560.4132 563.4639 566.5146 569.9163 575.0889 580.2613 585.4337 590.606 599.6208 610.7277 621.835 632.9418 643.7468 652.5224 661.298 670.0736 678.8492 682.0479 681.7032 681.3586 681.014 680.6736 680.3733 680.073 679.7727 679.4724 679.4174 679.5433 679.6691 679.795 679.7792 677.4449 675.1106 672.7763 670.442 666.2119 660.3644 654.517 648.6695 642.8012 635.9902 629.1791 622.3679 615.5568 609.9873 605.6416 601.2959 596.9502 592.6044 590.8025 589.0377 587.2729 585.5082 584.7089 585.0087 585.3085
511.9593 517.5029 523.0466 528.5901 534.4097 541.3232 548.2368 555.1503 562.0641 565.9355 568.3981 570.8607 573.3233 576.12 580.6024 585.0845 589.5667 594.0488 603.1409 614.7429 626.3453 637.9474 649.2106 658.1964 667.1821 676.1678 685.1536 688.2047 687.4852 686.7657 686.0462 685.3432 684.8001 684.257 683.7139 683.1708 683.0608 683.2702 683.4797 683.6891 683.7357 681.1159 678.4962 675.8764 673.2567 668.5246 661.9903 655.4561 648.9218 642.3738 635.2045 628.0352 620.8656 613.6964 608.1043 604.067 600.0296 595.9922 591.9548 590.485 589.0526 587.6203 586.188 585.8402 586.7274 587.6144
521.4581 527.6315 533.8049 539.9782 546.2573 552.9555 559.6537 566.3521 573.0505 576.7582 579.0808 581.4034 583.7261 586.1985 589.4268 592.6548 595.8829 599.111 607.1199 617.7316 628.3437 638.9554 649.3795 658.5429 667.7062 676.8696 686.033 689.3702 689.006 688.6417 688.2775 687.8819 687.1827 686.4835 685.7843 685.0851 685.0173 685.4151 685.8129 686.2108 686.4197 683.5362 680.6527 677.7692 674.8857 669.6401 662.3793 655.1184 647.8575 640.5946 633.2369 625.8792 618.5213 611.1636 605.7735 602.3228 598.8721 595.4214 591.9707 591.008 590.0815 589.1552 588.2287 588.1528 589.0453 589.9378
530.9572 537.7602 544.5635 551.3665 558.105 564.588 571.071 577.554 584.0371 587.581 589.7637 591.9464 594.1291 596.2773 598.2513 600.2253 602.1993 604.1733 611.0989 620.7203 630.342 639.9634 649.5485 658.8895 668.2304 677.5714 686.9124 690.5359 690.5269 690.5178 690.5088 690.4206 689.5654 688.71 687.8547 686.9995 686.9738 687.56 688.1462 688.7324 689.1037 685.9565 682.8093 679.662 676.5148 670.7557 662.7682 654.7808 646.7933 638.8154 631.2693 623.7233 616.1769 608.6309 603.4427 600.5787 597.7147 594.8507 591.9866 591.531 591.1105 590.69 590.2695 590.4655 591.3634 592.2612
540.4561 547.8888 555.3218 562.7546 569.9526 576.2203 582.488 588.7557 595.0236 598.4036 600.4464 602.4891 604.5319 606.3558 607.0757 607.7957 608.5156 609.2356 615.0778 623.7089 632.3403 640.9714 649.7174 659.236 668.7546 678.2731 687.7917 691.7015 692.0477 692.3939 692.7401 692.9593 691.9479 690.9365 689.9252 688.9138 688.9303 689.7049 690.4794 691.254 691.7877 688.3767 684.9658 681.5548 678.1439 671.8713 663.1572 654.4432 645.7291 637.0362 629.3018 621.5673 613.8326 606.0981 601.1119 598.8346 596.5573 594.2799 592.0025 592.054 592.1394 592.2248 592.3102 592.7781 593.6814 594.5847
549.955 558.0174 566.0801 574.1426 581.8002 587.8525 593.905 599.9574 606.01 609.2263 611.1291 613.0319 614.9348 616.4343 615.9002 615.3661 614.832 614.2979 619.0568 626.6976 634.3386 641.9794 649.8864 659.5825 669.2787 678.9749 688.6711 692.8671 693.5685 694.2699 694.9713 695.498 694.3305 693.163 691.9955 690.8281 690.8868 691.8497 692.8127 693.7757 694.4717 690.797 687.1223 683.4476 679.7729 672.9868 663.5462 654.1056 644.6649 635.257 627.3342 619.4114 611.4883 603.5654 598.7811 597.0905 595.3998 593.7092 592.0184 592.577 593.1683 593.7596 594.351 595.0907 595.9994 596.908
558.061 566.3569 574.6531 582.9489 590.8458 597.1609 603.476 609.7912 616.1065 619.6483 621.9055 624.1628 626.42 628.0749 626.6911 625.3074 623.9238 622.54 625.8583 631.7367 637.6152 643.4935 649.7797 658.8077 667.8358 676.8638 685.8918 690.0554 691.1284 692.2014 693.2744 694.129 692.8667 691.6044 690.3422 689.0799 689.2115 690.371 691.5305 692.69 693.5413 689.3454 685.1496 680.9537 676.7579 669.481 659.5752 649.6695 639.7638 629.9139 622.5953 615.2767 607.9579 600.6393 596.4915 595.4692 594.447 593.4247 592.4023 593.155 593.9336 594.7122 595.4907 596.2715 597.0548 597.8381
565.7252 574.1287 582.5325 590.936 599.0023 605.7318 612.4614 619.1909 625.9207 629.9431 632.7117 635.4802 638.2488 640.211 638.106 636.0011 633.8962 631.7913 633.5556 637.4264 641.2974 645.1682 649.5856 657.6771 665.7686 673.8602 681.9517 685.9818 687.4315 688.8813 690.331 691.5201 690.1825 688.8448 687.5072 686.1696 686.3838 687.7424 689.1011 690.4598 691.4639 686.6653 681.8666 677.068 672.2694 664.5087 654.2208 643.933 633.6451 623.4398 616.977 610.5142 604.0511 597.5883 594.215 593.887 593.559 593.231 592.9031 593.7505 594.6152 595.4799 596.3446 597.0932 597.7097 598.3261
573.3893 581.9005 590.4119 598.9231 607.1588 614.3028 621.4467 628.5907 635.7349 640.2379 643.5178 646.7977 650.0775 652.3472 649.5209 646.6948 643.8687 641.0426 641.2528 643.1161 644.9796 646.8429 649.3915 656.5465 663.7015 670.8565 678.0115 681.9082 683.7347 685.5612 687.3876 688.9111 687.4982 686.0852 684.6722 683.2593 683.5561 685.1139 686.6716 688.2295 689.3867 683.9852 678.5837 673.1823 667.7808 659.5364 648.8664 638.1964 627.5264 616.9658 611.3587 605.7516 600.1443 594.5373 591.9385 592.3048 592.6711 593.0374 593.4037 594.3461 595.2969 596.2477 597.1984 597.9149 598.3645 598.8141
581.0536 589.6724 598.2915 606.9103 615.3155 622.8738 630.4323 637.9906 645.5493 650.5329 654.3241 658.1153 661.9065 664.4835 660.936 657.3887 653.8414 650.294 648.9501 648.806 648.6618 648.5176 649.1974 655.4159 661.6343 667.8528 674.0712 677.8345 680.0377 682.241 684.4442 686.3022 684.8139 683.3256 681.8372 680.3489 680.7284 682.4853 684.2422 685.9991 687.3093 681.3051 675.3008 669.2965 663.2922 654.564 643.5119 632.4598 621.4077 610.4916 605.7403 600.989 596.2375 591.4863 589.6619 590.7225 591.7831 592.8438 593.9044 594.9417 595.9786 597.0154 598.0523 598.7366 599.0193 599.3021
588.0291 596.7413 605.4537 614.1658 622.7152 630.6196 638.5239 646.4283 654.3329 659.7106 663.9182 668.1257 672.3332 675.1834 671.1874 667.1916 663.1958 659.2 656.623 654.8187 653.0142 651.2098 650.3064 655.4586 660.6108 665.7631 670.9152 674.3578 676.7141 679.0704 681.4267 683.4123 681.8047 680.1971 678.5895 676.9819 677.3078 679.0596 680.8113 682.5631 683.8362 677.2731 670.7099 664.1467 657.5836 648.5379 637.3744 626.2108 615.0473 604.0392 600.0835 596.1277 592.1718 588.216 587.1069 588.8035 590.5002 592.197 593.8937 595.032 596.1622 597.2923 598.4224 599.085 599.2152 599.3454
592.0646 600.809 609.5537 618.2982 626.8842 634.8423 642.8005 650.7587 658.7172 664.1193 668.3375 672.5558 676.7741 679.7518 676.4716 673.1917 669.9117 666.6317 664.1921 662.2101 660.2281 658.2461 656.9782 660.5104 664.0426 667.5748 671.1069 673.4297 674.9841 676.5385 678.0928 679.3228 677.4084 675.494 673.5797 671.6653 671.356 672.2305 673.105 673.9794 674.4044 667.4699 660.5353 653.6008 646.6663 638.013 627.8936 617.7742 607.6547 597.6799 594.2624 590.8448 587.4271 584.0096 583.3627 585.447 587.5312 589.6154 591.6997 592.9656 594.2195 595.4734 596.7274 597.413 597.4517 597.4904
596.1 604.8767 613.6537 622.4305 631.0532 639.0651 647.0771 655.0892 663.1014 668.5279 672.757 676.986 681.215 684.3201 681.7559 679.1917 676.6276 674.0634 671.7612 669.6016 667.442 665.2823 663.6501 665.5622 667.4744 669.3865 671.2986 672.5016 673.254 674.0064 674.7589 675.2332 673.0121 670.7909 668.5698 666.3486 665.4042 665.4014 665.3986 665.3958 664.9726 657.6667 650.3608 643.0549 635.749 627.4882 618.4128 609.3375 600.2622 591.3206 588.4413 585.562 582.6825 579.8032 579.6187 582.0904 584.5621 587.0339 589.5057 590.8991 592.2769 593.6545 595.0323 595.741 595.6882 595.6354
600.1354 608.9445 617.7538 626.5628 635.2221 643.2879 651.3538 659.4196 667.4857 672.9366 677.1764 681.4162 685.6559 688.8885 687.0401 685.1917 683.3434 681.4951 679.3302 676.993 674.6558 672.3186 670.3219 670.614 670.9061 671.1982 671.4903 671.5735 671.524 671.4744 671.4249 671.1436 668.6157 666.0878 663.5599 661.032 659.4525 658.5724 657.6923 656.8121 655.5408 647.8635 640.1863 632.509 624.8318 616.9633 608.9321 600.9009 592.8697 584.9612 582.6201 580.2791 577.9379 575.5967 575.8745 578.7338 581.593 584.4523 587.3116 588.8326 590.3342 591.8357 593.3372 594.0691 593.9248 593.7805
604.1709 613.0122 621.8538 630.6951 639.3911 647.5107 655.6304 663.75 671.8699 677.3452 681.5958 685.8464 690.0969 693.4568 692.3243 691.1918 690.0593 688.9268 686.8993 684.3845 681.8696 679.3548 676.9937 675.6658 674.3379 673.0099 671.682 670.6454 669.7939 668.9424 668.091 667.0541 664.2194 661.3846 658.55 655.7154 653.5007 651.7433 649.9859 648.2285 646.1089 638.0603 630.0117 621.9631 613.9145 606.4384 599.4513 592.4642 585.4771 578.6019 576.799 574.9962 573.1932 571.3903 572.1304 575.3772 578.624 581.8707 585.1176 586.7662 588.3915 590.0168 591.6421 592.3971 592.1613 591.9255
606.1253 614.7484 623.3719 631.9951 640.502 648.5486 656.5952 664.6418 672.6886 678.2623 682.6906 687.1188 691.5471 695.1456 694.5587 693.9717 693.3848 692.7978 691.0833 688.7548 686.4263 684.0979 681.8069 679.7672 677.7275 675.6878 673.6481 672.0468 670.7239 669.4011 668.0782 666.5779 663.3563 660.1346 656.913 653.6915 650.5482 647.4626 644.3771 641.2915 637.9156 629.7862 621.6567 613.5273 605.3978 598.2515 591.9446 585.6376 579.3307 573.1277 571.6359 570.1442 568.6524 567.1607 568.1378 571.5483 574.9589 578.3694 581.7801 583.6518 585.5011 587.3503 589.1996 590.1638 590.1204 590.0769
606.8065 615.0582 623.3103 631.5621 639.7422 647.6381 655.5339 663.4298 671.3259 677.0432 681.7513 686.4595 691.1677 695.0728 694.9271 694.7816 694.6359 694.4903 693.1962 691.2769 689.3574 687.438 685.4828 683.287 681.0912 678.8955 676.6997 674.8731 673.2812 671.6893 670.0973 668.3122 664.6547 660.9971 657.3395 653.6821 649.4306 644.7412 640.0518 635.3621 630.4802 622.4477 614.4151 606.3826 598.35 591.4951 585.6456 579.7962 573.9468 568.1951 566.8755 565.556 564.2365 562.917 563.9931 567.4306 570.8681 574.3055 577.7432 579.8964 582.0309 584.1654 586.2999 587.5871 587.9097 588.2322
607.4877 615.368 623.2487 631.1292 638.9823 646.7275 654.4727 662.2178 669.9633 675.824 680.8121 685.8002 690.7882 694.9999 695.2957 695.5914 695.8871 696.1829 695.3092 693.7988 692.2885 690.7781 689.1588 686.8069 684.4551 682.1032 679.7513 677.6995 675.8385 673.9774 672.1164 670.0466 665.9531 661.8596 657.7661 653.6726 648.313 642.0197 635.7263 629.4328 623.0449 615.1092 607.1735 599.2378 591.3021 584.7387 579.3467 573.9548 568.5628 563.2624 562.1152 560.9679 559.8206 558.6733 559.8485 563.3129 566.7773 570.2416 573.7062 576.1409 578.5607 580.9805 583.4002 585.0104 585.699 586.3876
608.1688 615.6779 623.1872 630.6962 638.2224 645.8169 653.4114 661.0059 668.6006 674.605 679.8729 685.1408 690.4088 694.927 695.6641 696.4012 697.1383 697.8754 697.4221 696.3209 695.2195 694.1182 692.8347 690.3268 687.8188 685.3109 682.8029 680.5259 678.3958 676.2656 674.1354 671.7809 667.2515 662.722 658.1926 653.6632 647.1955 639.2982 631.4009 623.5034 615.6095 607.7707 599.9319 592.0931 584.2543 577.9824 573.0479 568.1133 563.1788 558.3298 557.3547 556.3797 555.4047 554.4296 555.7039 559.1952 562.6865 566.1778 569.6692 572.3855 575.0905 577.7955 580.5005 582.4338 583.4883 584.5429
608.754 615.8826 623.0115 630.1401 637.3332 644.7822 652.2312 659.6802 667.1295 673.28 678.8292 684.3784 689.9275 694.7532 695.9301 697.1069 698.2836 699.4604 699.4181 698.7121 698.006 697.3 696.3436 693.704 691.0645 688.425 685.7854 683.3164 680.9559 678.5954 676.2349 673.6321 668.6808 663.7294 658.778 653.8267 646.2668 636.7829 627.2991 617.8149 608.4295 600.6571 592.8846 585.1122 577.3398 571.3259 566.8132 562.3004 557.7877 553.3553 552.5718 551.7883 551.0047 550.2211 551.6092 555.1379 558.6666 562.1953 565.724 568.7302 571.7286 574.7272 577.7256 579.9895 581.4169 582.8444
607.5566 614.1363 620.7161 627.2957 634.0407 641.4412 648.8418 656.2424 663.6432 669.9881 675.8441 681.7 687.556 692.7054 694.2913 695.8771 697.4629 699.0488 699.2413 698.6752 698.1091 697.543 696.7502 694.4335 692.1169 689.8003 687.4836 685.4396 683.5689 681.6982 679.8275 677.6536 672.5408 667.4279 662.3151 657.2024 648.8459 638.0972 627.3486 616.5995 605.9934 597.7204 589.4474 581.1744 572.9015 566.5265 561.7715 557.0165 552.2616 547.6042 547.3696 547.135 546.9005 546.6659 548.4431 552.2032 555.9633 559.7234 563.4836 566.9333 570.3785 573.8237 577.269 580.0047 581.9327 583.8607
606.3593 612.3899 618.4207 624.4513 630.7482 638.1003 645.4524 652.8045 660.1569 666.6961 672.8589 679.0216 685.1843 690.6575 692.6525 694.6473 696.6422 698.6371 699.0644 698.6382 698.212 697.7859 697.1567 695.163 693.1693 691.1757 689.1819 687.5629 686.182 684.801 683.4201 681.6751 676.4009 671.1265 665.8523 660.5781 651.4251 639.4116 627.3981 615.3842 603.5572 594.7837 586.0101 577.2366 568.4631 561.7269 556.7298 551.7326 546.7355 541.8529 542.1673 542.4818 542.7962 543.1106 545.2769 549.2684 553.2599 557.2515 561.2432 565.1365 569.0284 572.9203 576.8123 580.0198 582.4485 584.877
605.1619 610.6435 616.1254 621.607 627.4556 634.7593 642.063 649.3667 656.6707 663.4042 669.8737 676.3433 682.8128 688.6096 691.0137 693.4175 695.8215 698.2254 698.8875 698.6013 698.315 698.0288 697.5632 695.8925 694.2217 692.551 690.8802 689.6862 688.795 687.9039 687.0127 685.6965 680.2609 674.825 669.3893 663.9537 654.0043 640.726 627.4476 614.1689 601.1211 591.847 582.5729 573.2988 564.0248 556.9275 551.6881 546.4487 541.2094 536.1017 536.9651 537.8286 538.692 539.5554 542.1107 546.3336 550.5566 554.7796 559.0027 563.3397 567.6783 572.0169 576.3555 580.035 582.9642 585.8932
603.9645 608.8972 613.83 618.7626 624.1631 631.4184 638.6736 645.9289 653.1844 660.1123 666.8886 673.6649 680.4412 686.5618 689.3749 692.1878 695.0008 697.8137 698.7106 698.5643 698.418 698.2717 697.9698 696.622 695.2742 693.9263 692.5785 691.8094 691.408 691.0067 690.6053 689.718 684.1209 678.5236 672.9265 667.3293 656.5834 642.0403 627.4972 612.9536 598.6849 588.9103 579.1357 569.3611 559.5865 552.128 546.6464 541.1649 535.6833 530.3505 531.7629 533.1753 534.5878 536.0002 538.9445 543.3989 547.8533 552.3077 556.7623 561.5428 566.3282 571.1135 575.8989 580.0502 583.4799 586.9095
603.1888 607.5725 611.9563 616.34 621.2537 628.2687 635.2836 642.2986 649.3138 656.1981 663.0219 669.8457 676.6695 682.9016 686.1497 689.3976 692.6456 695.8935 697.0998 697.1945 697.2893 697.384 697.3556 696.4992 695.6429 694.7865 693.9301 693.504 693.3513 693.1985 693.0458 692.3334 686.1964 680.059 673.9219 667.7847 656.1473 640.4535 624.7596 609.0652 593.6981 583.6796 573.6612 563.6427 553.6243 546.1369 540.8098 535.4828 530.1557 524.9853 526.9155 528.8458 530.7761 532.7064 536.0714 540.8505 545.6297 550.4089 555.1882 560.2886 565.3936 570.4985 575.6035 580.0731 583.8192 587.5652
602.8668 606.7015 610.5363 614.371 618.7563 625.3246 631.8929 638.4611 645.0296 651.6143 658.2067 664.7991 671.3914 677.507 681.218 684.9288 688.6396 692.3503 693.9464 694.3909 694.8355 695.28 695.6432 695.4597 695.2761 695.0925 694.9089 694.7376 694.5741 694.4106 694.2471 693.4364 686.3521 679.2674 672.183 665.0987 652.4676 635.7457 619.0239 602.3015 585.9673 575.9812 565.995 556.0089 546.0227 538.8638 534.118 529.3723 524.6264 520.0352 522.4498 524.8644 527.2792 529.6938 533.5134 538.7178 543.9221 549.1265 554.3311 559.6179 564.9058 570.1938 575.4818 580.1041 583.9687 587.8331
602.5448 605.8305 609.1163 612.402 616.259 622.3805 628.5021 634.6236 640.7454 647.0305 653.3914 659.7524 666.1133 672.1123 676.2861 680.4598 684.6335 688.8072 690.7928 691.5872 692.3817 693.1761 693.9309 694.4201 694.9093 695.3985 695.8877 695.9712 695.7969 695.6226 695.4484 694.5393 686.5077 678.4758 670.4442 662.4126 648.7878 631.0379 613.288 595.5375 578.2365 568.2826 558.3287 548.3749 538.421 531.5906 527.4261 523.2616 519.097 515.0849 517.984 520.8831 523.7822 526.6813 530.9554 536.585 542.2145 547.8441 553.4739 558.9471 564.4181 569.889 575.36 580.1351 584.1182 588.101
602.2228 604.9595 607.6964 610.433 613.7616 619.4365 625.1113 630.7861 636.4612 642.4468 648.5762 654.7057 660.8353 666.7177 671.3544 675.991 680.6275 685.264 687.6394 688.7836 689.9279 691.0721 692.2186 693.3806 694.5425 695.7045 696.8665 697.2047 697.0197 696.8347 696.6497 695.6422 686.6634 677.6843 668.7054 659.7266 645.108 626.3301 607.5522 588.7737 570.5057 560.5841 550.6625 540.741 530.8195 524.3176 520.7343 517.151 513.5677 510.1348 513.5182 516.9017 520.2853 523.6687 528.3975 534.4522 540.507 546.5617 552.6166 558.2764 563.9304 569.5844 575.2383 580.1662 584.2676 588.3689
601.9008 604.0886 606.2764 608.4641 611.2643 616.4924 621.7206 626.9487 632.177 637.863 643.7611 649.6591 655.5572 661.3231 666.4227 671.5221 676.6215 681.7209 684.486 685.98 687.4741 688.9681 690.5063 692.341 694.1757 696.0105 697.8452 698.4383 698.2425 698.0467 697.8509 696.7452 686.8191 676.8927 666.9666 657.0405 641.4282 621.6224 601.8165 582.0099 562.7749 552.8856 542.9964 533.1071 523.2178 517.0446 514.0425 511.0405 508.0385 505.1847 509.0525 512.9203 516.7883 520.6562 525.8395 532.3195 538.7994 545.2793 551.7595 557.6057 563.4426 569.2796 575.1166 580.1973 584.4171 588.6368
