data/zism_data/00400_03_D.txt
ncols         224
nrows         224
[rows 0 to 27 of 224, columns 126 to 188 of 224]
3982.916 3985.803 3988.08 3990.357 3992.634 3994.61 3995.734 3996.857 3997.98 3999.103 3997.731 3995.412 3993.092 3990.772 3987.365 3979.272 3971.179 3963.086 3954.993 3947.161 3939.469 3931.777 3924.085 3917.197 3916.438 3915.679 3914.921 3914.162 3913.23 3912.172 3911.113 3910.055 3908.977 3907.463 3905.949 3904.435 3902.922 3903.1 3904.923 3906.746 3908.569 3910.392 3915.528 3920.764 3925.999 3931.234 3937.739 3945.893 3954.047 3962.201 3970.355 3977.303 3984.114 3990.926 3997.738 4003.563 4007.655 4011.746 4015.837 4019.928 4023.415 4026.775 4030.135
3976.46 3980.216 3983.227 3986.239 3989.25 3991.916 3993.6 3995.285 3996.97 3998.654 3997.848 3996.095 3994.343 3992.59 3989.787 3982.461 3975.135 3967.808 3960.482 3953.188 3945.912 3938.636 3931.359 3924.833 3924.026 3923.219 3922.411 3921.604 3920.345 3918.757 3917.17 3915.582 3913.955 3911.464 3908.973 3906.482 3903.991 3903.275 3904.282 3905.29 3906.297 3907.305 3911.998 3916.802 3921.605 3926.408 3932.732 3941.032 3949.332 3957.631 3965.931 3973.214 3980.382 3987.55 3994.718 4000.887 4005.296 4009.706 4014.116 4018.525 4022.394 4026.148 4029.902
3970.005 3974.628 3978.374 3982.12 3985.866 3989.221 3991.467 3993.713 3995.959 3998.206 3997.965 3996.779 3995.594 3994.408 3992.21 3985.65 3979.091 3972.531 3965.972 3959.216 3952.355 3945.495 3938.634 3932.469 3931.614 3930.758 3929.902 3929.047 3927.46 3925.343 3923.226 3921.11 3918.934 3915.466 3911.997 3908.529 3905.061 3903.449 3903.641 3903.833 3904.026 3904.218 3908.468 3912.84 3917.211 3921.582 3927.725 3936.171 3944.616 3953.062 3961.507 3969.125 3976.65 3984.174 3991.698 3998.21 4002.938 4007.666 4012.395 4017.123 4021.372 4025.521 4029.669
3962.969 3968.228 3972.644 3977.059 3981.474 3985.513 3988.486 3991.459 3994.432 3997.405 3997.714 3997.01 3996.306 3995.602 3993.949 3988.212 3982.474 3976.737 3970.999 3965.021 3958.914 3952.807 3946.7 3941.211 3940.432 3939.653 3938.874 3938.094 3936.336 3933.868 3931.4 3928.932 3926.38 3922.0 3917.619 3913.239 3908.858 3906.293 3905.492 3904.692 3903.891 3903.09 3906.8 3910.644 3914.488 3918.332 3924.17 3932.598 3941.027 3949.455 3957.884 3965.573 3973.178 3980.783 3988.389 3995.038 4000.005 4004.971 4009.938 4014.905 4019.536 4024.096 4028.656
3955.262 3960.888 3965.897 3970.906 3975.916 3980.633 3984.524 3988.415 3992.306 3996.197 3997.036 3996.716 3996.395 3996.074 3994.9 3990.048 3985.196 3980.344 3975.492 3970.568 3965.606 3960.644 3955.682 3951.23 3950.673 3950.115 3949.557 3949.0 3947.25 3944.636 3942.022 3939.408 3936.681 3931.463 3926.246 3921.028 3915.811 3912.225 3910.226 3908.226 3906.227 3904.227 3907.283 3910.49 3913.697 3916.904 3922.292 3930.516 3938.739 3946.962 3955.186 3962.64 3970.008 3977.376 3984.744 3991.294 3996.407 4001.519 4006.632 4011.744 4016.757 4021.75 4026.742
3947.554 3953.548 3959.151 3964.754 3970.357 3975.753 3980.562 3985.371 3990.18 3994.989 3996.359 3996.421 3996.484 3996.547 3995.851 3991.884 3987.918 3983.951 3979.985 3976.116 3972.298 3968.481 3964.663 3961.25 3960.913 3960.577 3960.24 3959.904 3958.163 3955.403 3952.643 3949.884 3946.98 3940.926 3934.872 3928.817 3922.763 3918.157 3914.959 3911.76 3908.562 3905.364 3907.767 3910.336 3912.906 3915.476 3920.415 3928.433 3936.451 3944.47 3952.488 3959.708 3966.838 3973.969 3981.099 3987.551 3992.809 3998.067 4003.325 4008.584 4013.979 4019.403 4024.827
3939.847 3946.208 3952.405 3958.602 3964.799 3970.874 3976.6 3982.327 3988.054 3993.781 3995.681 3996.127 3996.573 3997.02 3996.801 3993.72 3990.64 3987.559 3984.478 3981.663 3978.99 3976.318 3973.645 3971.269 3971.154 3971.039 3970.924 3970.809 3969.076 3966.171 3963.265 3960.36 3957.281 3950.389 3943.498 3936.607 3929.715 3924.089 3919.692 3915.295 3910.898 3906.501 3908.25 3910.183 3912.115 3914.048 3918.538 3926.351 3934.164 3941.977 3949.79 3956.776 3963.668 3970.561 3977.454 3983.807 3989.211 3994.615 4000.019 4005.423 4011.201 4017.057 4022.913
3932.14 3938.868 3945.659 3952.45 3959.241 3965.994 3972.639 3979.283 3985.928 3992.573 3995.004 3995.833 3996.663 3997.492 3997.752 3995.557 3993.361 3991.166 3988.971 3987.211 3985.683 3984.155 3982.627 3981.288 3981.395 3981.501 3981.607 3981.714 3979.99 3976.938 3973.887 3970.835 3967.581 3959.853 3952.124 3944.396 3936.667 3930.021 3924.425 3918.83 3913.234 3907.638 3908.734 3910.029 3911.325 3912.62 3916.66 3924.268 3931.876 3939.484 3947.092 3953.844 3960.499 3967.154 3973.809 3980.063 3985.613 3991.163 3996.713 4002.263 4008.422 4014.71 4020.999
3929.541 3936.345 3943.39 3950.434 3957.479 3964.478 3971.35 3978.221 3985.093 3991.964 3994.677 3995.81 3996.943 3998.075 3998.721 3997.266 3995.811 3994.356 3992.901 3991.782 3990.843 3989.904 3988.965 3988.167 3988.444 3988.722 3989.0 3989.277 3987.695 3984.763 3981.831 3978.899 3975.765 3968.171 3960.578 3952.984 3945.39 3938.517 3932.344 3926.17 3919.997 3913.824 3914.157 3914.686 3915.214 3915.742 3918.96 3925.677 3932.393 3939.11 3945.827 3952.238 3958.616 3964.993 3971.37 3977.41 3982.855 3988.301 3993.746 3999.191 4005.333 4011.623 4017.912
3927.341 3934.199 3941.47 3948.742 3956.013 3963.225 3970.269 3977.313 3984.358 3991.402 3994.378 3995.808 3997.237 3998.667 3999.691 3998.965 3998.239 3997.513 3996.787 3996.278 3995.884 3995.49 3995.096 3994.799 3995.244 3995.689 3996.135 3996.58 3995.148 3992.357 3989.566 3986.775 3983.784 3976.401 3969.018 3961.635 3954.251 3947.214 3940.511 3933.809 3927.106 3920.404 3919.967 3919.717 3919.468 3919.218 3921.587 3927.358 3933.13 3938.902 3944.673 3950.737 3956.833 3962.93 3969.027 3974.842 3980.163 3985.484 3990.805 3996.126 4002.22 4008.478 4014.734
3925.141 3932.053 3939.551 3947.049 3954.547 3961.972 3969.189 3976.406 3983.623 3990.84 3994.079 3995.805 3997.532 3999.259 4000.661 4000.664 4000.667 4000.67 4000.673 4000.773 4000.924 4001.076 4001.227 4001.432 4002.045 4002.657 4003.27 4003.882 4002.603 3999.952 3997.301 3994.65 3991.802 3984.63 3977.458 3970.285 3963.113 3955.91 3948.678 3941.447 3934.215 3926.983 3925.776 3924.749 3923.722 3922.695 3924.213 3929.04 3933.866 3938.693 3943.52 3949.235 3955.051 3960.867 3966.683 3972.274 3977.471 3982.668 3987.865 3993.062 3999.107 4005.332 4011.556
3922.941 3929.906 3937.632 3945.356 3953.081 3960.719 3968.109 3975.499 3982.888 3990.278 3993.78 3995.803 3997.827 3999.851 4001.631 4002.363 4003.095 4003.827 4004.559 4005.268 4005.965 4006.662 4007.358 4008.065 4008.845 4009.625 4010.405 4011.184 4010.057 4007.546 4005.036 4002.525 3999.821 3992.859 3985.897 3978.936 3971.974 3964.606 3956.846 3949.085 3941.324 3933.563 3931.586 3929.781 3927.976 3926.172 3926.839 3930.721 3934.603 3938.485 3942.366 3947.734 3953.269 3958.804 3964.339 3969.706 3974.779 3979.852 3984.924 3989.997 3995.994 4002.187 4008.379
3923.653 3930.265 3937.703 3945.142 3952.58 3959.972 3967.235 3974.497 3981.76 3989.022 3992.73 3995.087 3997.443 3999.8 4001.972 4003.348 4004.725 4006.101 4007.478 4008.728 4009.911 4011.094 4012.277 4013.438 4014.427 4015.417 4016.406 4017.396 4016.436 4014.064 4011.692 4009.32 4006.76 4000.063 3993.367 3986.67 3979.974 3972.631 3964.66 3956.689 3948.718 3940.747 3938.138 3935.689 3933.24 3930.79 3930.737 3933.799 3936.86 3939.922 3942.983 3947.92 3953.069 3958.217 3963.366 3968.391 3973.2 3978.01 3982.818 3987.627 3993.367 3999.303 4005.239
3928.896 3934.519 3940.872 3947.225 3953.578 3960.013 3966.682 3973.35 3980.019 3986.688 3990.513 3993.259 3996.004 3998.75 4001.333 4003.223 4005.113 4007.002 4008.891 4010.577 4012.154 4013.731 4015.309 4016.85 4018.115 4019.379 4020.644 4021.909 4021.144 4018.907 4016.669 4014.432 4012.016 4005.671 3999.326 3992.98 3986.635 3979.61 3971.925 3964.24 3956.556 3948.871 3945.845 3942.959 3940.072 3937.186 3936.613 3939.048 3941.483 3943.918 3946.354 3950.732 3955.33 3959.928 3964.525 3969.026 3973.354 3977.683 3982.011 3986.339 3991.496 3996.827 4002.158
3934.137 3938.773 3944.041 3949.308 3954.576 3960.054 3966.129 3972.203 3978.278 3984.353 3988.297 3991.431 3994.565 3997.699 4000.695 4003.098 4005.5 4007.903 4010.305 4012.427 4014.398 4016.369 4018.34 4020.262 4021.802 4023.342 4024.883 4026.423 4025.852 4023.749 4021.647 4019.545 4017.273 4011.279 4005.284 3999.29 3993.296 3986.589 3979.19 3971.792 3964.393 3956.995 3953.552 3950.229 3946.905 3943.581 3942.488 3944.297 3946.106 3947.915 3949.724 3953.544 3957.591 3961.638 3965.685 3969.66 3973.508 3977.355 3981.203 3985.051 3989.625 3994.351 3999.077
3939.38 3943.028 3947.21 3951.392 3955.574 3960.095 3965.576 3971.056 3976.537 3982.018 3986.08 3989.603 3993.126 3996.648 4000.057 4002.972 4005.888 4008.803 4011.719 4014.276 4016.641 4019.007 4021.372 4023.674 4025.49 4027.305 4029.121 4030.937 4030.559 4028.592 4026.625 4024.658 4022.531 4016.887 4011.244 4005.6 3999.957 3993.568 3986.456 3979.343 3972.231 3965.119 3961.26 3957.499 3953.737 3949.976 3948.364 3949.547 3950.729 3951.912 3953.094 3956.356 3959.852 3963.348 3966.845 3970.294 3973.661 3977.029 3980.396 3983.763 3987.753 3991.875 3995.996
3944.622 3947.282 3950.379 3953.475 3956.572 3960.136 3965.023 3969.909 3974.796 3979.683 3983.863 3987.775 3991.687 3995.598 3999.419 4002.847 4006.276 4009.704 4013.133 4016.125 4018.885 4021.644 4024.404 4027.086 4029.177 4031.268 4033.359 4035.45 4035.267 4033.435 4031.602 4029.77 4027.787 4022.495 4017.202 4011.91 4006.617 4000.547 3993.721 3986.895 3980.069 3973.242 3968.967 3964.769 3960.57 3956.371 3954.24 3954.796 3955.352 3955.908 3956.464 3959.167 3962.113 3965.059 3968.004 3970.928 3973.815 3976.702 3979.588 3982.475 3985.882 3989.399 3992.916
3951.064 3952.912 3955.099 3957.285 3959.472 3962.189 3966.408 3970.627 3974.846 3979.065 3983.022 3986.879 3990.736 3994.593 3998.425 4002.145 4005.864 4009.584 4013.304 4016.862 4020.335 4023.807 4027.28 4030.61 4032.861 4035.113 4037.364 4039.615 4039.421 4037.456 4035.491 4033.526 4031.423 4026.269 4021.115 4015.961 4010.807 4004.924 3998.333 3991.743 3985.152 3978.561 3974.353 3970.215 3966.077 3961.94 3959.738 3960.051 3960.364 3960.677 3960.99 3963.136 3965.489 3967.842 3970.196 3972.603 3975.106 3977.609 3980.112 3982.615 3985.639 3988.773 3991.906
3957.709 3958.774 3960.081 3961.388 3962.694 3964.583 3968.122 3971.661 3975.199 3978.738 3982.414 3986.141 3989.869 3993.596 3997.37 4001.344 4005.317 4009.291 4013.265 4017.411 4021.651 4025.89 4030.129 4034.154 4036.545 4038.937 4041.328 4043.719 4043.482 4041.339 4039.196 4037.052 4034.783 4029.731 4024.68 4019.629 4014.577 4008.86 4002.496 3996.132 3989.768 3983.404 3979.344 3975.352 3971.36 3967.369 3965.171 3965.306 3965.441 3965.575 3965.71 3967.3 3969.054 3970.808 3972.562 3974.454 3976.59 3978.726 3980.862 3982.997 3985.672 3988.46 3991.248
3964.355 3964.637 3965.064 3965.49 3965.917 3966.978 3969.836 3972.694 3975.552 3978.411 3981.805 3985.403 3989.001 3992.599 3996.316 4000.543 4004.771 4008.998 4013.226 4017.96 4022.966 4027.972 4032.978 4037.697 4040.229 4042.761 4045.292 4047.824 4047.543 4045.221 4042.9 4040.579 4038.143 4033.194 4028.246 4023.297 4018.348 4012.796 4006.659 4000.522 3994.385 3988.247 3984.335 3980.489 3976.643 3972.797 3970.605 3970.562 3970.518 3970.475 3970.431 3971.464 3972.619 3973.774 3974.928 3976.305 3978.074 3979.842 3981.611 3983.38 3985.705 3988.147 3990.59
3971.0 3970.5 3970.047 3969.593 3969.139 3969.372 3971.55 3973.728 3975.906 3978.084 3981.197 3984.665 3988.134 3991.602 3995.261 3999.743 4004.224 4008.705 4013.186 4018.51 4024.282 4030.055 4035.827 4041.24 4043.913 4046.585 4049.257 4051.929 4051.603 4049.104 4046.604 4044.104 4041.503 4036.657 4031.811 4026.965 4022.118 4016.732 4010.822 4004.911 3999.001 3993.091 3989.326 3985.626 3981.926 3978.226 3976.038 3975.817 3975.595 3975.374 3975.152 3975.629 3976.184 3976.739 3977.294 3978.156 3979.558 3980.959 3982.36 3983.762 3985.738 3987.835 3989.932
3977.547 3976.363 3975.157 3973.95 3972.744 3972.252 3973.784 3975.316 3976.848 3978.38 3981.161 3984.417 3987.674 3990.93 3994.467 3999.212 4003.957 4008.703 4013.448 4019.427 4026.065 4032.702 4039.34 4045.519 4048.2 4050.882 4053.564 4056.245 4055.789 4053.058 4050.327 4047.596 4044.776 4039.994 4035.213 4030.431 4025.65 4020.38 4014.636 4008.892 4003.148 3997.404 3993.857 3990.375 3986.893 3983.411 3981.284 3980.919 3980.553 3980.188 3979.823 3979.788 3979.79 3979.793 3979.795 3980.173 3981.213 3982.252 3983.291 3984.331 3986.001 3987.804 3989.607
3983.882 3982.226 3980.539 3978.852 3977.165 3976.168 3977.128 3978.088 3979.048 3980.007 3982.349 3985.217 3988.084 3990.951 3994.227 3999.258 4004.29 4009.321 4014.353 4021.132 4028.844 4036.556 4044.268 4051.366 4053.778 4056.189 4058.601 4061.013 4060.243 4057.166 4054.089 4051.013 4047.861 4043.064 4038.266 4033.468 4028.671 4023.412 4017.706 4012.0 4006.294 4000.588 3997.403 3994.293 3991.184 3988.075 3986.128 3985.692 3985.257 3984.822 3984.386 3983.936 3983.485 3983.034 3982.583 3982.544 3983.233 3983.921 3984.61 3985.298 3986.755 3988.375 3989.994
3990.217 3988.089 3985.921 3983.754 3981.586 3980.085 3980.472 3980.86 3981.247 3981.635 3983.537 3986.016 3988.494 3990.973 3993.987 3999.304 4004.622 4009.94 4015.258 4022.838 4031.624 4040.411 4049.197 4057.213 4059.355 4061.497 4063.638 4065.78 4064.697 4061.274 4057.852 4054.429 4050.947 4046.133 4041.319 4036.505 4031.691 4026.444 4020.776 4015.107 4009.439 4003.771 4000.949 3998.212 3995.475 3992.739 3990.972 3990.466 3989.96 3989.455 3988.949 3988.085 3987.18 3986.275 3985.37 3984.916 3985.253 3985.591 3985.928 3986.265 3987.51 3988.946 3990.382
3996.552 3993.952 3991.304 3988.656 3986.007 3984.002 3983.817 3983.632 3983.447 3983.262 3984.725 3986.815 3988.905 3990.995 3993.747 3999.351 4004.955 4010.559 4016.163 4024.543 4034.404 4044.265 4054.126 4063.06 4064.932 4066.804 4068.676 4070.548 4069.15 4065.382 4061.614 4057.846 4054.032 4049.202 4044.372 4039.542 4034.712 4029.476 4023.846 4018.215 4012.584 4006.954 4004.495 4002.131 3999.767 3997.402 3995.816 3995.24 3994.664 3994.088 3993.512 3992.233 3990.875 3989.516 3988.158 3987.287 3987.273 3987.26 3987.246 3987.233 3988.265 3989.517 3990.769
4002.886 3999.815 3996.686 3993.557 3990.428 3987.918 3987.161 3986.404 3985.646 3984.889 3985.913 3987.614 3989.315 3991.016 3993.507 3999.397 4005.287 4011.177 4017.067 4026.248 4037.183 4048.119 4059.054 4068.908 4070.51 4072.112 4073.713 4075.315 4073.604 4069.49 4065.377 4061.263 4057.118 4052.272 4047.426 4042.579 4037.733 4032.508 4026.915 4021.323 4015.73 4010.137 4008.041 4006.049 4004.058 4002.066 4000.659 4000.013 3999.367 3998.721 3998.075 3996.382 3994.57 3992.758 3990.946 3989.658 3989.294 3988.929 3988.564 3988.2 3989.019 3990.088 3991.156
4012.126 4008.526 4004.785 4001.045 3997.304 3994.094 3992.384 3990.674 3988.964 3987.254 3987.746 3989.075 3990.404 3991.734 3993.85 3999.359 4004.867 4010.376 4015.885 4025.157 4036.436 4047.715 4058.994 4069.232 4071.541 4073.849 4076.156 4078.465 4077.134 4073.165 4069.196 4065.227 4061.215 4056.242 4051.27 4046.298 4041.325 4036.071 4030.541 4025.011 4019.482 4013.952 4012.248 4010.659 4009.069 4007.48 4006.213 4005.366 4004.519 4003.671 4002.824 4000.718 3998.469 3996.22 3993.972 3992.288 3991.598 3990.907 3990.217 3989.527 3990.082 3990.9 3991.717
4022.173 4018.027 4013.639 4009.25 4004.862 4000.896 3998.128 3995.36 3992.591 3989.823 3989.758 3990.72 3991.682 3992.644 3994.356 3999.297 4004.239 4009.181 4014.123 4023.289 4034.708 4046.127 4057.547 4068.023 4071.308 4074.594 4077.879 4081.165 4080.407 4076.719 4073.031 4069.343 4065.592 4060.463 4055.334 4050.206 4045.077 4039.78 4034.321 4028.862 4023.402 4017.943 4016.639 4015.46 4014.281 4013.102 4011.964 4010.879 4009.794 4008.709 4007.625 4005.106 4002.425 3999.745 3997.064 3994.99 3993.98 3992.972 3991.963 3990.954 3991.231 3991.778 3992.326
