data/zism_data/00407_04_D.txt
ncols         224
nrows         224
[rows 0 to 27 of 224, columns 128 to 191 of 224]
1659.734 1659.441 1659.122 1658.803 1658.483 1658.158 1657.807 1657.455 1657.104 1656.753 1656.437 1656.141 1655.844 1655.548 1655.248 1654.897 1654.546 1654.195 1653.844 1653.492 1653.141 1652.79 1652.439 1652.088 1651.881 1651.684 1651.488 1651.292 1651.137 1651.055 1650.973 1650.891 1650.809 1650.666 1650.506 1650.347 1650.187 1650.039 1649.934 1649.83 1649.725 1649.62 1649.5 1649.373 1649.245 1649.117 1649.0 1649.0 1649.0 1649.0 1649.0 1649.0 1649.0 1649.0 1649.0 1649.0 1649.0 1649.0 1649.0 1649.0 1648.974 1648.906 1648.838 1648.769
1659.967 1659.684 1659.383 1659.082 1658.781 1658.461 1658.062 1657.662 1657.263 1656.865 1656.521 1656.211 1655.9 1655.589 1655.274 1654.906 1654.537 1654.169 1653.8 1653.433 1653.069 1652.704 1652.339 1651.974 1651.75 1651.536 1651.323 1651.109 1650.946 1650.873 1650.8 1650.727 1650.654 1650.501 1650.327 1650.153 1649.979 1649.825 1649.743 1649.661 1649.579 1649.497 1649.402 1649.299 1649.197 1649.094 1649.0 1649.0 1649.0 1649.0 1649.0 1649.0 1649.0 1649.0 1649.0 1649.0 1649.0 1649.0 1649.0 1649.0 1648.977 1648.916 1648.854 1648.792
1660.17 1659.895 1659.615 1659.336 1659.056 1658.743 1658.296 1657.849 1657.402 1656.955 1656.578 1656.24 1655.903 1655.565 1655.225 1654.851 1654.478 1654.104 1653.73 1653.36 1652.996 1652.631 1652.266 1651.901 1651.652 1651.412 1651.172 1650.932 1650.751 1650.678 1650.605 1650.532 1650.46 1650.303 1650.123 1649.944 1649.765 1649.611 1649.551 1649.49 1649.429 1649.368 1649.298 1649.222 1649.146 1649.07 1649.0 1649.0 1649.0 1649.0 1649.0 1649.0 1649.0 1649.0 1649.0 1649.0 1649.0 1649.0 1649.0 1649.0 1648.983 1648.938 1648.892 1648.846
1660.373 1660.106 1659.848 1659.589 1659.331 1659.025 1658.53 1658.035 1657.54 1657.045 1656.634 1656.27 1655.906 1655.541 1655.176 1654.797 1654.418 1654.039 1653.66 1653.288 1652.923 1652.558 1652.193 1651.828 1651.555 1651.288 1651.021 1650.754 1650.557 1650.484 1650.411 1650.338 1650.265 1650.104 1649.919 1649.735 1649.55 1649.397 1649.358 1649.318 1649.279 1649.239 1649.193 1649.144 1649.095 1649.045 1649.0 1649.0 1649.0 1649.0 1649.0 1649.0 1649.0 1649.0 1649.0 1649.0 1649.0 1649.0 1649.0 1649.0 1648.989 1648.959 1648.93 1648.9
1660.576 1660.317 1660.08 1659.843 1659.606 1659.307 1658.764 1658.221 1657.678 1657.136 1656.69 1656.299 1655.908 1655.518 1655.127 1654.743 1654.358 1653.974 1653.589 1653.215 1652.85 1652.485 1652.12 1651.756 1651.457 1651.164 1650.87 1650.577 1650.362 1650.289 1650.216 1650.143 1650.07 1649.905 1649.715 1649.525 1649.335 1649.183 1649.165 1649.147 1649.128 1649.11 1649.089 1649.066 1649.044 1649.021 1649.0 1649.0 1649.0 1649.0 1649.0 1649.0 1649.0 1649.0 1649.0 1649.0 1649.0 1649.0 1649.0 1649.0 1648.995 1648.981 1648.968 1648.954
1660.772 1660.515 1660.292 1660.068 1659.844 1659.547 1658.964 1658.38 1657.797 1657.213 1656.735 1656.319 1655.902 1655.486 1655.071 1654.678 1654.285 1653.892 1653.499 1653.118 1652.749 1652.379 1652.01 1651.64 1651.33 1651.024 1650.718 1650.412 1650.187 1650.11 1650.032 1649.955 1649.877 1649.712 1649.524 1649.335 1649.147 1649.0 1649.0 1649.0 1649.0 1649.0 1649.0 1649.0 1649.0 1649.0 1649.0 1649.0 1649.0 1649.0 1649.0 1649.0 1649.0 1649.0 1649.0 1649.0 1649.0 1649.0 1649.0 1649.0 1649.0 1649.0 1649.0 1649.0
1660.929 1660.636 1660.381 1660.125 1659.87 1659.547 1658.964 1658.38 1657.797 1657.213 1656.722 1656.284 1655.846 1655.409 1654.972 1654.552 1654.133 1653.713 1653.294 1652.883 1652.482 1652.081 1651.679 1651.278 1651.029 1650.792 1650.555 1650.319 1650.127 1650.018 1649.908 1649.799 1649.689 1649.551 1649.405 1649.26 1649.114 1649.0 1649.0 1649.0 1649.0 1649.0 1649.0 1649.0 1649.0 1649.0 1649.0 1649.0 1649.0 1649.0 1649.0 1649.0 1649.0 1649.0 1649.0 1649.0 1649.0 1649.0 1649.0 1649.0 1649.0 1649.0 1649.0 1649.0
1661.086 1660.757 1660.47 1660.183 1659.895 1659.547 1658.964 1658.38 1657.797 1657.213 1656.708 1656.249 1655.79 1655.331 1654.873 1654.427 1653.981 1653.535 1653.088 1652.649 1652.215 1651.782 1651.349 1650.916 1650.729 1650.561 1650.393 1650.225 1650.067 1649.926 1649.784 1649.643 1649.501 1649.39 1649.287 1649.184 1649.081 1649.0 1649.0 1649.0 1649.0 1649.0 1649.0 1649.0 1649.0 1649.0 1649.0 1649.0 1649.0 1649.0 1649.0 1649.0 1649.0 1649.0 1649.0 1649.0 1649.0 1649.0 1649.0 1649.0 1649.0 1649.0 1649.0 1649.0
1661.242 1660.879 1660.559 1660.24 1659.921 1659.547 1658.964 1658.38 1657.797 1657.213 1656.695 1656.215 1655.734 1655.254 1654.774 1654.301 1653.828 1653.356 1652.883 1652.414 1651.949 1651.484 1651.018 1650.553 1650.428 1650.329 1650.231 1650.132 1650.007 1649.834 1649.66 1649.487 1649.314 1649.229 1649.169 1649.108 1649.047 1649.0 1649.0 1649.0 1649.0 1649.0 1649.0 1649.0 1649.0 1649.0 1649.0 1649.0 1649.0 1649.0 1649.0 1649.0 1649.0 1649.0 1649.0 1649.0 1649.0 1649.0 1649.0 1649.0 1649.0 1649.0 1649.0 1649.0
1661.399 1661.0 1660.649 1660.297 1659.946 1659.547 1658.964 1658.38 1657.797 1657.213 1656.681 1656.18 1655.678 1655.177 1654.675 1654.176 1653.676 1653.177 1652.677 1652.179 1651.682 1651.185 1650.688 1650.191 1650.127 1650.098 1650.069 1650.039 1649.947 1649.742 1649.536 1649.331 1649.126 1649.068 1649.05 1649.032 1649.014 1649.0 1649.0 1649.0 1649.0 1649.0 1649.0 1649.0 1649.0 1649.0 1649.0 1649.0 1649.0 1649.0 1649.0 1649.0 1649.0 1649.0 1649.0 1649.0 1649.0 1649.0 1649.0 1649.0 1649.0 1649.0 1649.0 1649.0
1661.616 1661.179 1660.781 1660.382 1659.984 1659.547 1658.964 1658.38 1657.797 1657.213 1656.676 1656.165 1655.654 1655.144 1654.633 1654.122 1653.612 1653.101 1652.591 1652.08 1651.569 1651.059 1650.548 1650.037 1649.983 1649.964 1649.946 1649.928 1649.844 1649.644 1649.443 1649.243 1649.042 1649.0 1649.0 1649.0 1649.0 1649.0 1649.0 1649.0 1649.0 1649.0 1649.0 1649.0 1649.0 1649.0 1649.0 1649.0 1649.0 1649.0 1649.0 1649.0 1649.0 1649.0 1649.0 1649.0 1649.0 1649.0 1649.0 1649.0 1649.0 1649.0 1649.0 1649.0
1661.878 1661.401 1660.944 1660.487 1660.03 1659.547 1658.964 1658.38 1657.797 1657.213 1656.676 1656.165 1655.654 1655.144 1654.633 1654.122 1653.612 1653.101 1652.591 1652.08 1651.569 1651.059 1650.548 1650.037 1649.953 1649.903 1649.853 1649.802 1649.71 1649.541 1649.373 1649.204 1649.036 1649.0 1649.0 1649.0 1649.0 1649.0 1649.0 1649.0 1649.0 1649.0 1649.0 1649.0 1649.0 1649.0 1649.0 1649.0 1649.0 1649.0 1649.0 1649.0 1649.0 1649.0 1649.0 1649.0 1649.0 1649.0 1649.0 1649.0 1649.0 1649.0 1649.0 1649.0
1662.139 1661.624 1661.108 1660.592 1660.077 1659.547 1658.964 1658.38 1657.797 1657.213 1656.676 1656.165 1655.654 1655.144 1654.633 1654.122 1653.612 1653.101 1652.591 1652.08 1651.569 1651.059 1650.548 1650.037 1649.924 1649.841 1649.759 1649.677 1649.575 1649.439 1649.302 1649.166 1649.029 1649.0 1649.0 1649.0 1649.0 1649.0 1649.0 1649.0 1649.0 1649.0 1649.0 1649.0 1649.0 1649.0 1649.0 1649.0 1649.0 1649.0 1649.0 1649.0 1649.0 1649.0 1649.0 1649.0 1649.0 1649.0 1649.0 1649.0 1649.0 1649.0 1649.0 1649.0
1662.401 1661.846 1661.272 1660.698 1660.123 1659.547 1658.964 1658.38 1657.797 1657.213 1656.676 1656.165 1655.654 1655.144 1654.633 1654.122 1653.612 1653.101 1652.591 1652.08 1651.569 1651.059 1650.548 1650.037 1649.894 1649.78 1649.666 1649.552 1649.441 1649.336 1649.231 1649.127 1649.022 1649.0 1649.0 1649.0 1649.0 1649.0 1649.0 1649.0 1649.0 1649.0 1649.0 1649.0 1649.0 1649.0 1649.0 1649.0 1649.0 1649.0 1649.0 1649.0 1649.0 1649.0 1649.0 1649.0 1649.0 1649.0 1649.0 1649.0 1649.0 1649.0 1649.0 1649.0
1662.66 1662.067 1661.434 1660.802 1660.17 1659.547 1658.964 1658.38 1657.797 1657.213 1656.676 1656.165 1655.655 1655.144 1654.633 1654.123 1653.612 1653.101 1652.591 1652.08 1651.57 1651.059 1650.548 1650.038 1649.865 1649.72 1649.574 1649.428 1649.309 1649.236 1649.163 1649.09 1649.018 1649.002 1649.002 1649.002 1649.002 1649.002 1649.002 1649.002 1649.002 1649.002 1649.002 1649.002 1649.002 1649.002 1649.002 1649.002 1649.002 1649.002 1649.002 1649.002 1649.002 1649.001 1649.001 1649.001 1649.001 1649.001 1649.001 1649.001 1649.0 1649.0 1649.0 1649.0
1662.687 1662.087 1661.449 1660.812 1660.174 1659.547 1658.964 1658.38 1657.797 1657.213 1656.682 1656.183 1655.683 1655.183 1654.682 1654.166 1653.65 1653.134 1652.618 1652.11 1651.61 1651.11 1650.61 1650.11 1649.968 1649.854 1649.741 1649.627 1649.533 1649.477 1649.42 1649.363 1649.306 1649.294 1649.294 1649.294 1649.294 1649.294 1649.294 1649.294 1649.294 1649.294 1649.294 1649.294 1649.294 1649.294 1649.294 1649.294 1649.294 1649.294 1649.294 1649.275 1649.237 1649.2 1649.162 1649.125 1649.112 1649.102 1649.091 1649.08 1649.073 1649.073 1649.073 1649.073
1662.714 1662.107 1661.464 1660.821 1660.178 1659.547 1658.964 1658.38 1657.797 1657.213 1656.689 1656.2 1655.711 1655.221 1654.73 1654.209 1653.687 1653.166 1652.645 1652.139 1651.65 1651.161 1650.672 1650.182 1650.071 1649.989 1649.907 1649.825 1649.758 1649.717 1649.676 1649.635 1649.594 1649.586 1649.586 1649.586 1649.586 1649.586 1649.586 1649.586 1649.586 1649.586 1649.586 1649.586 1649.586 1649.586 1649.586 1649.586 1649.586 1649.586 1649.586 1649.547 1649.473 1649.398 1649.323 1649.248 1649.224 1649.203 1649.181 1649.16 1649.146 1649.146 1649.146 1649.146
1662.74 1662.127 1661.479 1660.831 1660.182 1659.547 1658.964 1658.38 1657.797 1657.213 1656.696 1656.217 1655.739 1655.26 1654.778 1654.252 1653.725 1653.198 1652.672 1652.169 1651.69 1651.212 1650.733 1650.254 1650.173 1650.123 1650.073 1650.024 1649.983 1649.958 1649.933 1649.908 1649.883 1649.878 1649.878 1649.878 1649.878 1649.878 1649.878 1649.878 1649.878 1649.878 1649.878 1649.878 1649.878 1649.878 1649.878 1649.878 1649.878 1649.878 1649.878 1649.82 1649.708 1649.596 1649.484 1649.372 1649.335 1649.303 1649.271 1649.24 1649.219 1649.219 1649.219 1649.219
1662.767 1662.147 1661.494 1660.84 1660.187 1659.547 1658.964 1658.38 1657.797 1657.213 1656.703 1656.235 1655.767 1655.299 1654.827 1654.295 1653.763 1653.231 1652.699 1652.198 1651.73 1651.263 1650.795 1650.327 1650.276 1650.258 1650.24 1650.222 1650.207 1650.198 1650.189 1650.18 1650.171 1650.169 1650.169 1650.169 1650.169 1650.169 1650.169 1650.169 1650.169 1650.169 1650.169 1650.169 1650.169 1650.169 1650.169 1650.169 1650.169 1650.169 1650.169 1650.093 1649.944 1649.795 1649.645 1649.496 1649.447 1649.404 1649.362 1649.319 1649.292 1649.292 1649.292 1649.292
1662.782 1662.159 1661.502 1660.846 1660.189 1659.552 1658.989 1658.426 1657.864 1657.301 1656.795 1656.321 1655.848 1655.374 1654.897 1654.379 1653.86 1653.341 1652.823 1652.337 1651.884 1651.432 1650.979 1650.526 1650.513 1650.534 1650.555 1650.575 1650.589 1650.589 1650.589 1650.589 1650.589 1650.589 1650.589 1650.589 1650.589 1650.589 1650.589 1650.589 1650.589 1650.589 1650.589 1650.589 1650.589 1650.589 1650.587 1650.566 1650.545 1650.524 1650.503 1650.404 1650.229 1650.054 1649.879 1649.704 1649.653 1649.609 1649.565 1649.521 1649.493 1649.493 1649.493 1649.493
1662.782 1662.159 1661.502 1660.846 1660.189 1659.561 1659.047 1658.532 1658.017 1657.503 1656.997 1656.497 1655.996 1655.496 1654.997 1654.516 1654.034 1653.553 1653.072 1652.615 1652.184 1651.752 1651.321 1650.889 1650.922 1650.991 1651.059 1651.128 1651.173 1651.173 1651.173 1651.173 1651.173 1651.173 1651.173 1651.173 1651.173 1651.173 1651.173 1651.173 1651.173 1651.173 1651.173 1651.173 1651.173 1651.173 1651.167 1651.098 1651.029 1650.96 1650.891 1650.763 1650.578 1650.392 1650.206 1650.021 1649.979 1649.945 1649.912 1649.879 1649.858 1649.858 1649.858 1649.858
1662.782 1662.159 1661.502 1660.846 1660.189 1659.571 1659.104 1658.638 1658.171 1657.704 1657.199 1656.672 1656.145 1655.618 1655.097 1654.653 1654.208 1653.764 1653.32 1652.893 1652.483 1652.073 1651.663 1651.253 1651.331 1651.448 1651.564 1651.681 1651.756 1651.756 1651.756 1651.756 1651.756 1651.756 1651.756 1651.756 1651.756 1651.756 1651.756 1651.756 1651.756 1651.756 1651.756 1651.756 1651.756 1651.756 1651.747 1651.63 1651.513 1651.396 1651.28 1651.122 1650.926 1650.73 1650.534 1650.338 1650.305 1650.282 1650.26 1650.237 1650.223 1650.223 1650.223 1650.223
1662.782 1662.159 1661.502 1660.846 1660.189 1659.581 1659.162 1658.743 1658.324 1657.905 1657.401 1656.847 1656.294 1655.74 1655.197 1654.79 1654.383 1653.976 1653.569 1653.171 1652.782 1652.393 1652.005 1651.616 1651.74 1651.905 1652.069 1652.234 1652.34 1652.34 1652.34 1652.34 1652.34 1652.34 1652.34 1652.34 1652.34 1652.34 1652.34 1652.34 1652.34 1652.34 1652.34 1652.34 1652.34 1652.34 1652.327 1652.162 1651.997 1651.833 1651.668 1651.482 1651.275 1651.068 1650.861 1650.654 1650.631 1650.619 1650.607 1650.595 1650.587 1650.587 1650.587 1650.587
1662.782 1662.159 1661.502 1660.846 1660.189 1659.591 1659.22 1658.849 1658.478 1658.107 1657.603 1657.023 1656.443 1655.863 1655.296 1654.927 1654.557 1654.187 1653.818 1653.449 1653.082 1652.714 1652.346 1651.979 1652.149 1652.362 1652.574 1652.787 1652.923 1652.923 1652.923 1652.923 1652.923 1652.923 1652.923 1652.923 1652.923 1652.923 1652.923 1652.923 1652.923 1652.923 1652.923 1652.923 1652.923 1652.923 1652.906 1652.694 1652.481 1652.269 1652.056 1651.841 1651.624 1651.406 1651.189 1650.971 1650.957 1650.956 1650.954 1650.953 1650.952 1650.952 1650.952 1650.952
1662.869 1662.272 1661.652 1661.033 1660.413 1659.84 1659.447 1659.055 1658.662 1658.27 1657.8 1657.286 1656.772 1656.257 1655.753 1655.388 1655.023 1654.659 1654.294 1653.929 1653.564 1653.2 1652.835 1652.47 1652.621 1652.812 1653.003 1653.194 1653.328 1653.361 1653.393 1653.425 1653.458 1653.472 1653.481 1653.49 1653.5 1653.507 1653.507 1653.507 1653.507 1653.507 1653.498 1653.484 1653.47 1653.456 1653.426 1653.207 1652.988 1652.769 1652.551 1652.353 1652.176 1651.999 1651.821 1651.644 1651.608 1651.58 1651.552 1651.524 1651.507 1651.507 1651.507 1651.507
1662.968 1662.402 1661.825 1661.248 1660.671 1660.125 1659.701 1659.276 1658.852 1658.427 1657.997 1657.562 1657.128 1656.693 1656.264 1655.899 1655.534 1655.169 1654.805 1654.44 1654.075 1653.71 1653.346 1652.981 1653.102 1653.261 1653.42 1653.579 1653.706 1653.776 1653.846 1653.915 1653.985 1654.015 1654.035 1654.055 1654.075 1654.09 1654.09 1654.09 1654.09 1654.09 1654.071 1654.041 1654.011 1653.982 1653.937 1653.718 1653.499 1653.28 1653.061 1652.888 1652.759 1652.629 1652.5 1652.371 1652.307 1652.247 1652.188 1652.128 1652.09 1652.09 1652.09 1652.09
1663.068 1662.532 1661.998 1661.463 1660.929 1660.41 1659.954 1659.498 1659.041 1658.585 1658.193 1657.839 1657.484 1657.13 1656.774 1656.409 1656.045 1655.68 1655.315 1654.95 1654.586 1654.221 1653.856 1653.491 1653.583 1653.71 1653.837 1653.965 1654.084 1654.191 1654.298 1654.405 1654.512 1654.559 1654.589 1654.62 1654.65 1654.674 1654.674 1654.674 1654.674 1654.674 1654.644 1654.599 1654.553 1654.507 1654.447 1654.228 1654.01 1653.791 1653.572 1653.423 1653.342 1653.26 1653.179 1653.097 1653.006 1652.915 1652.823 1652.732 1652.674 1652.674 1652.674 1652.674
1663.168 1662.662 1662.171 1661.679 1661.187 1660.696 1660.207 1659.719 1659.231 1658.743 1658.39 1658.115 1657.84 1657.566 1657.285 1656.92 1656.555 1656.191 1655.826 1655.461 1655.096 1654.732 1654.367 1654.002 1654.064 1654.159 1654.255 1654.35 1654.463 1654.607 1654.751 1654.895 1655.039 1655.102 1655.143 1655.184 1655.226 1655.258 1655.258 1655.258 1655.258 1655.258 1655.218 1655.156 1655.094 1655.032 1654.958 1654.739 1654.52 1654.301 1654.083 1653.958 1653.925 1653.891 1653.858 1653.824 1653.706 1653.582 1653.459 1653.335 1653.258 1653.258 1653.258 1653.258
