data/zism_data/00404_03_D.txt
ncols         224
nrows         224
[rows 196 to 223 of 224, columns 63 to 125 of 224]
4832.085 4838.679 4845.273 4851.867 4857.935 4862.616 4867.297 4871.979 4876.661 4879.734 4882.197 4884.66 4887.123 4888.943 4887.711 4886.48 4885.248 4884.017 4879.195 4872.203 4865.21 4858.218 4851.223 4844.192 4837.162 4830.131 4823.101 4816.506 4810.311 4804.116 4797.92 4791.725 4784.399 4777.038 4769.678 4762.317 4755.496 4749.417 4743.339 4737.261 4731.183 4729.383 4728.224 4727.066 4725.908 4724.591 4722.936 4721.28 4719.625 4717.969 4712.333 4705.494 4698.655 4691.816 4685.314 4680.025 4674.735 4669.446 4664.156 4661.107 4659.179 4657.25 4655.322
4819.306 4825.852 4832.397 4838.942 4845.138 4850.414 4855.69 4860.966 4866.242 4870.153 4873.545 4876.938 4880.33 4883.042 4882.518 4881.994 4881.47 4880.946 4876.937 4870.82 4864.703 4858.586 4852.447 4846.016 4839.585 4833.155 4826.724 4820.662 4814.937 4809.211 4803.486 4797.761 4791.346 4784.91 4778.473 4772.037 4766.003 4760.525 4755.046 4749.568 4744.089 4742.246 4740.946 4739.647 4738.349 4736.624 4733.991 4731.357 4728.724 4726.09 4719.945 4712.738 4705.532 4698.326 4691.718 4687.267 4682.814 4678.362 4673.911 4671.13 4669.186 4667.241 4665.296
4806.527 4813.024 4819.521 4826.018 4832.342 4838.212 4844.083 4849.953 4855.823 4860.571 4864.893 4869.215 4873.537 4877.139 4877.323 4877.508 4877.692 4877.876 4874.679 4869.438 4864.196 4858.955 4853.671 4847.84 4842.009 4836.178 4830.348 4824.817 4819.562 4814.307 4809.052 4803.797 4798.293 4792.781 4787.269 4781.756 4776.51 4771.632 4766.753 4761.875 4756.996 4755.108 4753.668 4752.229 4750.79 4748.658 4745.046 4741.435 4737.823 4734.211 4727.557 4719.983 4712.409 4704.835 4698.123 4694.508 4690.894 4687.279 4683.665 4681.153 4679.192 4677.231 4675.271
4793.748 4800.196 4806.644 4813.092 4819.545 4826.01 4832.475 4838.939 4845.404 4850.99 4856.241 4861.493 4866.744 4871.237 4872.129 4873.021 4873.914 4874.806 4872.421 4868.055 4863.689 4859.323 4854.895 4849.664 4844.433 4839.202 4833.971 4828.973 4824.188 4819.403 4814.618 4809.833 4805.24 4800.652 4796.064 4791.476 4787.018 4782.739 4778.46 4774.182 4769.903 4767.971 4766.391 4764.811 4763.231 4760.691 4756.102 4751.512 4746.922 4742.333 4735.168 4727.227 4719.286 4711.345 4704.526 4701.75 4698.973 4696.196 4693.419 4691.176 4689.199 4687.222 4685.245
4782.736 4789.326 4795.915 4802.504 4809.12 4815.805 4822.489 4829.174 4835.859 4841.706 4847.235 4852.765 4858.293 4863.117 4864.589 4866.061 4867.532 4869.004 4867.342 4863.785 4860.228 4856.67 4853.022 4848.212 4843.401 4838.591 4833.78 4829.239 4824.945 4820.651 4816.357 4812.063 4808.012 4803.968 4799.924 4795.881 4791.971 4788.246 4784.521 4780.796 4777.071 4775.298 4773.819 4772.34 4770.861 4768.531 4764.385 4760.239 4756.092 4751.946 4745.08 4737.392 4729.704 4722.017 4715.297 4712.065 4708.833 4705.6 4702.368 4699.661 4697.216 4694.771 4692.326
4771.818 4778.559 4785.3 4792.041 4798.821 4805.706 4812.59 4819.475 4826.359 4832.438 4838.21 4843.983 4849.755 4854.879 4856.924 4858.969 4861.013 4863.058 4862.113 4859.361 4856.609 4853.858 4850.986 4846.586 4842.187 4837.787 4833.387 4829.299 4825.497 4821.694 4817.892 4814.09 4810.562 4807.042 4803.523 4800.004 4796.629 4793.456 4790.282 4787.108 4783.935 4782.333 4780.967 4779.601 4778.235 4776.148 4772.521 4768.894 4765.266 4761.639 4755.112 4747.711 4740.31 4732.909 4726.3 4722.543 4718.787 4715.03 4711.273 4708.063 4705.127 4702.19 4699.254
4760.9 4767.792 4774.685 4781.577 4788.522 4795.606 4802.691 4809.775 4816.86 4823.17 4829.186 4835.201 4841.217 4846.642 4849.259 4851.876 4854.494 4857.111 4856.885 4854.938 4852.992 4851.045 4848.95 4844.961 4840.972 4836.983 4832.994 4829.358 4826.048 4822.738 4819.427 4816.117 4813.113 4810.117 4807.122 4804.127 4801.288 4798.666 4796.043 4793.421 4790.798 4789.367 4788.115 4786.863 4785.61 4783.766 4780.658 4777.549 4774.44 4771.332 4765.146 4758.031 4750.916 4743.801 4737.302 4733.021 4728.741 4724.46 4720.179 4716.467 4713.038 4709.61 4706.182
4749.983 4757.026 4764.069 4771.113 4778.223 4785.507 4792.792 4800.076 4807.361 4813.902 4820.161 4826.42 4832.679 4838.404 4841.594 4844.785 4847.975 4851.165 4851.656 4850.515 4849.374 4848.232 4846.915 4843.336 4839.757 4836.179 4832.601 4829.418 4826.6 4823.781 4820.963 4818.144 4815.663 4813.192 4810.721 4808.25 4805.947 4803.875 4801.804 4799.733 4797.662 4796.401 4795.263 4794.124 4792.985 4791.384 4788.794 4786.204 4783.614 4781.024 4775.179 4768.351 4761.522 4754.693 4748.305 4743.5 4738.695 4733.89 4729.085 4724.87 4720.95 4717.029 4713.109
4739.548 4746.864 4754.18 4761.496 4768.875 4776.42 4783.965 4791.51 4799.055 4805.742 4812.102 4818.461 4824.821 4830.693 4834.251 4837.809 4841.367 4844.925 4845.954 4845.455 4844.956 4844.457 4843.771 4840.711 4837.65 4834.59 4831.53 4828.832 4826.465 4824.099 4821.732 4819.366 4817.266 4815.175 4813.083 4810.992 4809.067 4807.372 4805.677 4803.982 4802.287 4801.154 4800.105 4799.057 4798.008 4796.61 4794.464 4792.318 4790.173 4788.027 4782.705 4776.424 4770.144 4763.863 4757.809 4752.571 4747.333 4742.094 4736.856 4732.111 4727.613 4723.115 4718.616
4729.748 4737.497 4745.245 4752.993 4760.779 4768.665 4776.55 4784.436 4792.322 4799.039 4805.313 4811.585 4817.859 4823.677 4827.332 4830.987 4834.642 4838.297 4839.629 4839.557 4839.485 4839.412 4839.171 4836.77 4834.369 4831.968 4829.567 4827.393 4825.426 4823.459 4821.493 4819.526 4817.622 4815.72 4813.817 4811.915 4810.161 4808.612 4807.063 4805.514 4803.965 4802.903 4801.914 4800.924 4799.935 4798.688 4796.888 4795.088 4793.288 4791.488 4786.931 4781.542 4776.153 4770.764 4765.34 4759.788 4754.236 4748.685 4743.133 4737.823 4732.633 4727.443 4722.253
4719.949 4728.129 4736.31 4744.491 4752.684 4760.91 4769.136 4777.362 4785.588 4792.336 4798.523 4804.71 4810.897 4816.66 4820.413 4824.165 4827.917 4831.67 4833.305 4833.659 4834.014 4834.368 4834.571 4832.829 4831.087 4829.346 4827.604 4825.954 4824.387 4822.82 4821.253 4819.687 4817.978 4816.265 4814.551 4812.838 4811.255 4809.852 4808.449 4807.046 4805.643 4804.651 4803.722 4802.792 4801.862 4800.765 4799.311 4797.857 4796.403 4794.949 4791.157 4786.66 4782.163 4777.666 4772.871 4767.006 4761.141 4755.275 4749.411 4743.534 4737.652 4731.771 4725.889
4710.149 4718.762 4727.375 4735.988 4744.588 4753.155 4761.721 4770.288 4778.854 4785.634 4791.734 4797.834 4803.935 4809.644 4813.493 4817.343 4821.193 4825.042 4826.98 4827.761 4828.543 4829.324 4829.971 4828.888 4827.806 4826.724 4825.641 4824.515 4823.348 4822.181 4821.014 4819.847 4818.333 4816.81 4815.285 4813.761 4812.35 4811.092 4809.835 4808.578 4807.321 4806.4 4805.53 4804.659 4803.789 4802.843 4801.735 4800.626 4799.518 4798.41 4795.384 4791.778 4788.172 4784.567 4780.402 4774.223 4768.045 4761.866 4755.688 4749.246 4742.672 4736.099 4729.525
4700.35 4709.395 4718.44 4727.485 4736.493 4745.399 4754.307 4763.213 4772.121 4778.931 4784.945 4790.959 4796.973 4802.627 4806.574 4810.521 4814.468 4818.415 4820.655 4821.863 4823.072 4824.28 4825.371 4824.947 4824.524 4824.101 4823.678 4823.076 4822.309 4821.542 4820.774 4820.007 4818.689 4817.354 4816.02 4814.685 4813.444 4812.333 4811.221 4810.11 4808.999 4808.148 4807.337 4806.527 4805.716 4804.92 4804.158 4803.396 4802.633 4801.871 4799.61 4796.896 4794.182 4791.468 4787.933 4781.441 4774.949 4768.457 4761.965 4754.958 4747.692 4740.427 4733.162
4698.015 4706.737 4715.459 4724.181 4732.832 4741.294 4749.757 4758.219 4766.682 4773.311 4779.243 4785.175 4791.107 4796.701 4800.686 4804.671 4808.656 4812.641 4815.149 4816.765 4818.381 4819.996 4821.494 4821.489 4821.483 4821.477 4821.471 4821.187 4820.647 4820.107 4819.567 4819.027 4817.885 4816.724 4815.563 4814.403 4813.312 4812.317 4811.322 4810.327 4809.332 4808.523 4807.742 4806.961 4806.18 4805.421 4804.708 4803.995 4803.283 4802.57 4800.572 4798.188 4795.802 4793.417 4790.225 4784.125 4778.026 4771.927 4765.827 4759.026 4751.874 4744.722 4737.57
4696.385 4704.713 4713.041 4721.369 4729.59 4737.534 4745.478 4753.421 4761.365 4767.792 4773.644 4779.495 4785.346 4790.878 4794.896 4798.913 4802.931 4806.948 4809.721 4811.742 4813.763 4815.784 4817.687 4818.075 4818.464 4818.853 4819.241 4819.255 4818.926 4818.597 4818.268 4817.939 4816.97 4815.983 4814.996 4814.008 4813.065 4812.183 4811.302 4810.42 4809.539 4808.768 4808.014 4807.26 4806.506 4805.772 4805.081 4804.39 4803.699 4803.007 4801.227 4799.117 4797.008 4794.898 4792.021 4786.381 4780.741 4775.102 4769.461 4762.939 4755.977 4749.013 4742.05
4694.756 4702.689 4710.623 4718.556 4726.349 4733.774 4741.199 4748.624 4756.048 4762.274 4768.044 4773.814 4779.585 4785.056 4789.105 4793.155 4797.205 4801.255 4804.293 4806.719 4809.145 4811.571 4813.878 4814.662 4815.445 4816.228 4817.012 4817.324 4817.206 4817.087 4816.969 4816.851 4816.056 4815.242 4814.427 4813.613 4812.817 4812.049 4811.281 4810.513 4809.745 4809.013 4808.286 4807.559 4806.832 4806.123 4805.454 4804.784 4804.115 4803.445 4801.881 4800.047 4798.213 4796.379 4793.818 4788.637 4783.457 4778.276 4773.095 4766.853 4760.079 4753.305 4746.531
4693.127 4700.666 4708.204 4715.743 4723.107 4730.013 4736.919 4743.826 4750.731 4756.756 4762.445 4768.134 4773.823 4779.233 4783.315 4787.397 4791.479 4795.562 4798.865 4801.696 4804.527 4807.359 4810.071 4811.249 4812.426 4813.604 4814.782 4815.393 4815.485 4815.578 4815.67 4815.763 4815.142 4814.5 4813.859 4813.217 4812.57 4811.916 4811.261 4810.606 4809.952 4809.258 4808.558 4807.858 4807.158 4806.475 4805.827 4805.179 4804.531 4803.883 4802.536 4800.977 4799.419 4797.86 4795.615 4790.894 4786.172 4781.451 4776.729 4770.766 4764.181 4757.597 4751.012
4693.079 4700.004 4706.931 4713.856 4720.628 4726.995 4733.36 4739.726 4746.092 4751.853 4757.384 4762.916 4768.446 4773.738 4777.889 4782.04 4786.19 4790.341 4793.944 4797.215 4800.486 4803.757 4806.898 4808.37 4809.841 4811.313 4812.785 4813.626 4813.891 4814.156 4814.42 4814.685 4814.198 4813.689 4813.18 4812.67 4812.137 4811.57 4811.003 4810.437 4809.87 4809.214 4808.545 4807.877 4807.208 4806.558 4805.947 4805.335 4804.724 4804.113 4802.954 4801.631 4800.308 4798.984 4797.028 4792.792 4788.555 4784.319 4780.083 4774.438 4768.09 4761.741 4755.393
4695.445 4701.425 4707.406 4713.386 4719.315 4725.108 4730.901 4736.694 4742.487 4747.891 4753.146 4758.401 4763.657 4768.742 4773.017 4777.292 4781.568 4785.843 4789.799 4793.562 4797.325 4801.087 4804.694 4806.307 4807.919 4809.531 4811.144 4812.112 4812.49 4812.868 4813.246 4813.624 4813.209 4812.77 4812.331 4811.892 4811.419 4810.901 4810.383 4809.865 4809.347 4808.73 4808.1 4807.469 4806.838 4806.232 4805.681 4805.129 4804.577 4804.025 4803.013 4801.863 4800.712 4799.562 4797.855 4794.143 4790.431 4786.719 4783.007 4777.742 4771.702 4765.662 4759.621
4697.812 4702.846 4707.881 4712.916 4718.001 4723.221 4728.441 4733.662 4738.882 4743.928 4748.908 4753.888 4758.867 4763.746 4768.146 4772.545 4776.945 4781.345 4785.654 4789.909 4794.163 4798.418 4802.491 4804.244 4805.997 4807.75 4809.502 4810.597 4811.088 4811.58 4812.072 4812.563 4812.219 4811.851 4811.482 4811.113 4810.702 4810.232 4809.763 4809.293 4808.824 4808.247 4807.654 4807.061 4806.468 4805.907 4805.415 4804.922 4804.43 4803.938 4803.072 4802.095 4801.118 4800.14 4798.682 4795.494 4792.306 4789.119 4785.931 4781.046 4775.314 4769.582 4763.85
4700.178 4704.267 4708.356 4712.445 4716.688 4721.334 4725.982 4730.629 4735.276 4739.965 4744.669 4749.374 4754.078 4758.75 4763.274 4767.798 4772.322 4776.846 4781.509 4786.255 4791.001 4795.748 4800.288 4802.181 4804.074 4805.968 4807.861 4809.082 4809.688 4810.292 4810.897 4811.502 4811.23 4810.932 4810.633 4810.334 4809.984 4809.563 4809.143 4808.722 4808.301 4807.764 4807.208 4806.653 4806.098 4805.582 4805.149 4804.716 4804.283 4803.85 4803.131 4802.327 4801.522 4800.718 4799.509 4796.846 4794.182 4791.519 4788.855 4784.351 4778.926 4773.502 4768.078
4702.545 4705.688 4708.831 4711.974 4715.374 4719.448 4723.522 4727.597 4731.671 4736.002 4740.431 4744.859 4749.288 4753.755 4758.403 4763.051 4767.7 4772.348 4777.364 4782.602 4787.84 4793.079 4798.084 4800.118 4802.152 4804.186 4806.22 4807.567 4808.286 4809.004 4809.723 4810.441 4810.241 4810.012 4809.784 4809.556 4809.267 4808.895 4808.522 4808.15 4807.778 4807.28 4806.763 4806.245 4805.728 4805.256 4804.883 4804.509 4804.136 4803.762 4803.19 4802.559 4801.927 4801.296 4800.336 4798.197 4796.058 4793.918 4791.779 4787.655 4782.539 4777.422 4772.306
4702.49 4704.943 4707.397 4709.85 4712.595 4716.106 4719.617 4723.128 4726.639 4730.688 4734.94 4739.193 4743.445 4747.82 4752.772 4757.725 4762.678 4767.63 4773.124 4778.944 4784.764 4790.584 4796.145 4798.381 4800.617 4802.853 4805.089 4806.525 4807.229 4807.934 4808.637 4809.341 4809.217 4809.069 4808.92 4808.771 4808.532 4808.166 4807.799 4807.433 4807.067 4806.635 4806.193 4805.752 4805.311 4804.893 4804.526 4804.16 4803.794 4803.428 4802.943 4802.423 4801.902 4801.382 4800.541 4798.541 4796.542 4794.542 4792.543 4788.503 4783.444 4778.384 4773.325
4702.097 4703.897 4705.696 4707.496 4709.612 4712.561 4715.51 4718.459 4721.408 4725.184 4729.275 4733.365 4737.456 4741.753 4747.036 4752.318 4757.601 4762.883 4768.871 4775.286 4781.7 4788.115 4794.242 4796.688 4799.135 4801.582 4804.029 4805.549 4806.221 4806.893 4807.564 4808.236 4808.189 4808.122 4808.055 4807.987 4807.794 4807.428 4807.062 4806.695 4806.329 4805.968 4805.607 4805.247 4804.886 4804.524 4804.158 4803.792 4803.425 4803.059 4802.653 4802.235 4801.818 4801.4 4800.658 4798.745 4796.832 4794.919 4793.006 4789.01 4783.972 4778.934 4773.896
4701.705 4702.851 4703.996 4705.142 4706.629 4709.017 4711.403 4713.79 4716.177 4719.681 4723.609 4727.538 4731.466 4735.688 4741.299 4746.911 4752.523 4758.135 4764.618 4771.627 4778.636 4785.645 4792.339 4794.997 4797.654 4800.312 4802.969 4804.574 4805.213 4805.852 4806.491 4807.13 4807.162 4807.175 4807.189 4807.202 4807.056 4806.69 4806.324 4805.958 4805.591 4805.301 4805.021 4804.742 4804.462 4804.155 4803.789 4803.422 4803.056 4802.69 4802.363 4802.048 4801.733 4801.418 4800.775 4798.948 4797.122 4795.295 4793.469 4789.516 4784.5 4779.483 4774.467
4701.312 4701.804 4702.296 4702.788 4703.646 4705.472 4707.296 4709.121 4710.946 4714.178 4717.944 4721.71 4725.477 4729.621 4735.563 4741.504 4747.446 4753.388 4760.365 4767.968 4775.572 4783.176 4790.436 4793.304 4796.173 4799.041 4801.909 4803.598 4804.204 4804.811 4805.418 4806.024 4806.134 4806.229 4806.323 4806.417 4806.318 4805.952 4805.586 4805.22 4804.854 4804.633 4804.435 4804.236 4804.038 4803.786 4803.42 4803.054 4802.688 4802.321 4802.073 4801.861 4801.649 4801.437 4800.892 4799.152 4797.412 4795.672 4793.932 4790.022 4785.027 4780.033 4775.038
4700.745 4700.767 4700.79 4700.813 4701.21 4702.593 4703.977 4705.36 4706.743 4709.633 4713.095 4716.558 4720.02 4723.927 4729.948 4735.968 4741.988 4748.009 4755.282 4763.313 4771.344 4779.375 4787.062 4790.343 4793.624 4796.905 4800.187 4802.122 4802.822 4803.522 4804.223 4804.924 4805.079 4805.218 4805.356 4805.495 4805.384 4804.928 4804.473 4804.017 4803.562 4803.412 4803.308 4803.204 4803.1 4802.918 4802.57 4802.221 4801.872 4801.523 4801.217 4800.922 4800.628 4800.334 4799.736 4798.046 4796.355 4794.665 4792.974 4789.196 4784.375 4779.553 4774.732
4699.866 4699.749 4699.63 4699.513 4699.746 4700.902 4702.059 4703.215 4704.371 4706.795 4709.701 4712.606 4715.512 4718.896 4724.548 4730.202 4735.854 4741.507 4748.723 4756.884 4765.044 4773.205 4781.068 4785.122 4789.176 4793.23 4797.284 4799.755 4800.774 4801.793 4802.813 4803.833 4803.976 4804.093 4804.21 4804.327 4804.099 4803.395 4802.69 4801.986 4801.282 4801.203 4801.218 4801.233 4801.249 4801.164 4800.863 4800.563 4800.263 4799.963 4799.352 4798.647 4797.942 4797.237 4796.314 4794.608 4792.901 4791.194 4789.488 4786.0 4781.622 4777.243 4772.864
