data/zism_data/00417_01_D.txt
ncols         224
nrows         224
[rows 28 to 55 of 224, columns 126 to 188 of 224]
3892.459 3899.352 3906.244 3913.136 3920.029 3926.659 3933.087 3939.516 3945.944 3952.348 3957.057 3961.767 3966.476 3971.186 3974.305 3975.587 3976.869 3978.15 3979.432 3973.872 3967.659 3961.448 3955.235 3948.239 3939.862 3931.485 3923.109 3914.732 3908.791 3903.416 3898.041 3892.665 3887.719 3883.988 3880.256 3876.525 3872.793 3869.051 3865.304 3861.557 3857.81 3854.01 3849.926 3845.842 3841.758 3837.674 3833.226 3828.543 3823.86 3819.177 3814.62 3812.097 3809.575 3807.052 3804.53 3803.062 3802.619 3802.175 3801.732 3801.289 3800.054 3798.784 3797.513
3893.848 3900.295 3906.742 3913.189 3919.636 3925.821 3931.804 3937.788 3943.771 3949.732 3954.233 3958.733 3963.233 3967.733 3970.611 3971.614 3972.617 3973.619 3974.622 3969.003 3962.753 3956.504 3950.254 3943.451 3935.676 3927.9 3920.124 3912.348 3906.821 3901.816 3896.811 3891.806 3887.108 3883.28 3879.452 3875.624 3871.796 3868.006 3864.233 3860.459 3856.685 3852.841 3848.623 3844.405 3840.187 3835.969 3831.569 3827.053 3822.536 3818.02 3813.646 3811.579 3809.512 3807.446 3805.379 3804.18 3803.822 3803.465 3803.108 3802.75 3801.54 3800.291 3799.042
3895.237 3901.239 3907.241 3913.242 3919.244 3924.984 3930.521 3936.059 3941.597 3947.117 3951.408 3955.699 3959.99 3964.281 3966.917 3967.641 3968.364 3969.088 3969.812 3964.134 3957.847 3951.56 3945.273 3938.664 3931.489 3924.314 3917.139 3909.964 3904.851 3900.216 3895.581 3890.946 3886.497 3882.572 3878.647 3874.723 3870.798 3866.962 3863.161 3859.361 3855.56 3851.672 3847.32 3842.968 3838.615 3834.263 3829.913 3825.562 3821.212 3816.862 3812.671 3811.06 3809.45 3807.839 3806.229 3805.298 3805.026 3804.755 3804.483 3804.211 3803.025 3801.798 3800.57
3897.233 3902.72 3908.207 3913.694 3919.181 3924.451 3929.555 3934.658 3939.762 3944.851 3948.98 3953.11 3957.239 3961.368 3963.863 3964.469 3965.074 3965.679 3966.285 3961.007 3955.168 3949.329 3943.49 3937.365 3930.737 3924.108 3917.479 3910.85 3905.861 3901.253 3896.645 3892.037 3887.587 3883.588 3879.589 3875.59 3871.591 3867.726 3863.917 3860.108 3856.299 3852.4 3848.027 3843.654 3839.281 3834.909 3830.693 3826.579 3822.464 3818.35 3814.39 3812.936 3811.481 3810.027 3808.573 3807.607 3807.114 3806.622 3806.129 3805.636 3804.328 3802.983 3801.638
3899.514 3904.454 3909.393 3914.333 3919.273 3924.062 3928.737 3933.411 3938.085 3942.75 3946.739 3950.729 3954.719 3958.708 3961.108 3961.671 3962.233 3962.796 3963.359 3958.694 3953.531 3948.368 3943.206 3937.7 3931.592 3925.484 3919.375 3913.267 3908.267 3903.525 3898.783 3894.041 3889.475 3885.412 3881.348 3877.284 3873.221 3869.338 3865.529 3861.72 3857.911 3854.017 3849.676 3845.335 3840.995 3836.654 3832.614 3828.768 3824.922 3821.076 3817.369 3815.931 3814.493 3813.055 3811.617 3810.474 3809.616 3808.759 3807.901 3807.044 3805.545 3804.018 3802.49
3901.794 3906.187 3910.579 3914.972 3919.364 3923.673 3927.918 3932.163 3936.408 3940.648 3944.498 3948.348 3952.198 3956.048 3958.354 3958.874 3959.393 3959.913 3960.432 3956.381 3951.895 3947.408 3942.921 3938.035 3932.448 3926.86 3921.272 3915.684 3910.673 3905.797 3900.92 3896.044 3891.363 3887.235 3883.107 3878.979 3874.851 3870.949 3867.14 3863.331 3859.522 3855.633 3851.325 3847.016 3842.708 3838.399 3834.535 3830.958 3827.38 3823.802 3820.349 3818.927 3817.505 3816.083 3814.661 3813.341 3812.118 3810.896 3809.674 3808.451 3806.763 3805.053 3803.343
3904.075 3907.92 3911.765 3915.61 3919.456 3923.284 3927.1 3930.916 3934.732 3938.546 3942.257 3945.967 3949.678 3953.388 3955.599 3956.076 3956.553 3957.03 3957.506 3954.068 3950.258 3946.447 3942.636 3938.37 3933.303 3928.236 3923.168 3918.101 3913.079 3908.069 3903.058 3898.048 3893.25 3889.058 3884.866 3880.673 3876.481 3872.561 3868.752 3864.943 3861.134 3857.25 3852.974 3848.697 3844.421 3840.145 3836.457 3833.147 3829.837 3826.528 3823.329 3821.923 3820.517 3819.111 3817.705 3816.208 3814.62 3813.033 3811.446 3809.859 3807.98 3806.088 3804.195
3906.18 3909.509 3912.838 3916.167 3919.495 3922.871 3926.283 3929.695 3933.106 3936.52 3940.072 3943.623 3947.175 3950.726 3952.84 3953.292 3953.743 3954.194 3954.646 3951.772 3948.582 3945.392 3942.202 3938.514 3933.95 3929.385 3924.821 3920.256 3915.275 3910.197 3905.118 3900.04 3895.18 3890.939 3886.698 3882.456 3878.215 3874.284 3870.481 3866.677 3862.874 3859.003 3854.773 3850.544 3846.314 3842.085 3838.545 3835.447 3832.35 3829.252 3826.251 3824.81 3823.37 3821.929 3820.488 3818.796 3816.861 3814.926 3812.991 3811.055 3809.002 3806.944 3804.885
3907.121 3910.138 3913.156 3916.174 3919.191 3922.298 3925.474 3928.65 3931.825 3935.002 3938.264 3941.526 3944.788 3948.05 3950.05 3950.593 3951.135 3951.678 3952.22 3949.585 3946.647 3943.71 3940.772 3937.385 3933.207 3929.028 3924.85 3920.672 3916.068 3911.365 3906.663 3901.96 3897.392 3893.204 3889.016 3884.829 3880.641 3876.757 3872.996 3869.235 3865.475 3861.663 3857.578 3853.494 3849.409 3845.324 3841.743 3838.484 3835.226 3831.968 3828.793 3826.977 3825.16 3823.344 3821.528 3819.531 3817.36 3815.188 3813.017 3810.846 3808.726 3806.608 3804.491
3908.062 3910.768 3913.474 3916.181 3918.887 3921.725 3924.665 3927.604 3930.544 3933.484 3936.457 3939.428 3942.401 3945.373 3947.26 3947.894 3948.528 3949.161 3949.795 3947.398 3944.713 3942.027 3939.341 3936.255 3932.463 3928.671 3924.879 3921.088 3916.861 3912.534 3908.207 3903.88 3899.603 3895.469 3891.335 3887.201 3883.067 3879.229 3875.511 3871.793 3868.076 3864.323 3860.383 3856.443 3852.504 3848.564 3844.941 3841.522 3838.103 3834.683 3831.335 3829.143 3826.951 3824.759 3822.567 3820.266 3817.859 3815.451 3813.044 3810.636 3808.45 3806.273 3804.097
3909.002 3911.397 3913.792 3916.188 3918.583 3921.152 3923.856 3926.56 3929.263 3931.967 3934.649 3937.331 3940.013 3942.696 3944.47 3945.195 3945.92 3946.645 3947.37 3945.211 3942.778 3940.344 3937.911 3935.125 3931.72 3928.314 3924.909 3921.503 3917.655 3913.703 3909.751 3905.8 3901.814 3897.734 3893.654 3889.573 3885.493 3881.701 3878.026 3874.351 3870.677 3866.983 3863.188 3859.393 3855.598 3851.803 3848.139 3844.559 3840.979 3837.398 3833.877 3831.309 3828.742 3826.174 3823.607 3821.001 3818.357 3815.714 3813.07 3810.427 3808.174 3805.938 3803.702
3909.943 3912.027 3914.111 3916.195 3918.279 3920.579 3923.047 3925.514 3927.982 3930.448 3932.841 3935.234 3937.626 3940.019 3941.68 3942.496 3943.313 3944.129 3944.945 3943.024 3940.843 3938.662 3936.48 3933.996 3930.976 3927.957 3924.938 3921.919 3918.448 3914.872 3911.296 3907.72 3904.026 3899.999 3895.973 3891.946 3887.919 3884.173 3880.541 3876.909 3873.278 3869.643 3865.993 3862.343 3858.693 3855.043 3851.337 3847.596 3843.855 3840.114 3836.419 3833.476 3830.533 3827.589 3824.646 3821.735 3818.856 3815.977 3813.097 3810.218 3807.897 3805.603 3803.308
3909.106 3911.06 3913.013 3914.966 3916.919 3919.077 3921.393 3923.708 3926.024 3928.338 3930.546 3932.755 3934.963 3937.172 3938.763 3939.639 3940.515 3941.391 3942.268 3940.58 3938.647 3936.715 3934.783 3932.579 3929.896 3927.214 3924.531 3921.848 3918.72 3915.489 3912.257 3909.025 3905.637 3901.804 3897.971 3894.138 3890.304 3886.601 3882.95 3879.299 3875.648 3871.991 3868.305 3864.62 3860.935 3857.249 3853.424 3849.509 3845.595 3841.68 3837.801 3834.488 3831.176 3827.863 3824.551 3821.374 3818.33 3815.286 3812.242 3809.198 3807.038 3804.917 3802.797
3906.982 3908.935 3910.889 3912.842 3914.795 3916.901 3919.126 3921.35 3923.574 3925.797 3927.898 3929.999 3932.101 3934.202 3935.752 3936.666 3937.58 3938.494 3939.408 3937.948 3936.263 3934.577 3932.892 3930.954 3928.572 3926.19 3923.808 3921.426 3918.615 3915.706 3912.796 3909.886 3906.813 3903.275 3899.737 3896.199 3892.661 3888.997 3885.281 3881.566 3877.85 3874.113 3870.261 3866.409 3862.558 3858.706 3854.705 3850.608 3846.511 3842.414 3838.341 3834.664 3830.986 3827.309 3823.631 3820.218 3817.062 3813.905 3810.748 3807.592 3805.754 3803.978 3802.2
3904.858 3906.811 3908.764 3910.718 3912.671 3914.726 3916.859 3918.992 3921.125 3923.256 3925.25 3927.244 3929.238 3931.232 3932.742 3933.694 3934.645 3935.596 3936.548 3935.317 3933.878 3932.44 3931.001 3929.33 3927.248 3925.166 3923.084 3921.003 3918.51 3915.923 3913.335 3910.747 3907.989 3904.746 3901.503 3898.26 3895.017 3891.393 3887.613 3883.833 3880.053 3876.235 3872.217 3868.199 3864.181 3860.163 3855.985 3851.706 3847.427 3843.147 3838.881 3834.839 3830.797 3826.755 3822.712 3819.062 3815.793 3812.524 3809.254 3805.985 3804.471 3803.038 3801.604
3902.734 3904.687 3906.64 3908.594 3910.547 3912.55 3914.592 3916.634 3918.676 3920.715 3922.602 3924.488 3926.375 3928.262 3929.732 3930.721 3931.71 3932.699 3933.688 3932.686 3931.494 3930.302 3929.11 3927.705 3925.924 3924.142 3922.361 3920.58 3918.405 3916.139 3913.874 3911.608 3909.164 3906.216 3903.268 3900.321 3897.373 3893.788 3889.944 3886.1 3882.256 3878.357 3874.173 3869.988 3865.804 3861.619 3857.266 3852.804 3848.342 3843.88 3839.422 3835.015 3830.608 3826.201 3821.793 3817.906 3814.524 3811.142 3807.76 3804.378 3803.188 3802.098 3801.008
3900.491 3902.457 3904.423 3906.389 3908.355 3910.315 3912.269 3914.223 3916.178 3918.13 3919.914 3921.699 3923.484 3925.268 3926.701 3927.726 3928.752 3929.777 3930.802 3930.032 3929.09 3928.148 3927.206 3926.067 3924.583 3923.098 3921.613 3920.129 3918.27 3916.324 3914.378 3912.432 3910.3 3907.643 3904.986 3902.328 3899.671 3896.125 3892.217 3888.309 3884.401 3880.422 3876.066 3871.71 3867.354 3862.998 3858.467 3853.824 3849.182 3844.539 3839.89 3835.129 3830.367 3825.606 3820.844 3816.732 3813.251 3809.77 3806.289 3802.807 3801.939 3801.19 3800.441
3894.292 3896.698 3899.104 3901.51 3903.916 3906.088 3908.08 3910.071 3912.063 3914.053 3915.913 3917.773 3919.633 3921.492 3922.965 3923.99 3925.016 3926.042 3927.067 3926.619 3926.031 3925.444 3924.856 3924.003 3922.685 3921.367 3920.048 3918.73 3917.107 3915.413 3913.719 3912.026 3910.116 3907.592 3905.069 3902.546 3900.022 3896.485 3892.534 3888.583 3884.633 3880.562 3875.857 3871.152 3866.447 3861.742 3857.0 3852.234 3847.468 3842.702 3837.937 3833.176 3828.414 3823.653 3818.891 3814.956 3811.823 3808.691 3805.558 3802.426 3801.824 3801.338 3800.852
3888.093 3890.938 3893.784 3896.63 3899.476 3901.86 3903.89 3905.919 3907.949 3909.977 3911.912 3913.847 3915.781 3917.716 3919.229 3920.255 3921.28 3922.306 3923.331 3923.207 3922.973 3922.74 3922.506 3921.939 3920.787 3919.635 3918.483 3917.332 3915.944 3914.503 3913.061 3911.62 3909.931 3907.542 3905.153 3902.763 3900.374 3896.846 3892.852 3888.858 3884.864 3880.701 3875.648 3870.594 3865.541 3860.487 3855.533 3850.644 3845.755 3840.865 3835.984 3831.222 3826.461 3821.699 3816.938 3813.18 3810.396 3807.612 3804.828 3802.044 3801.71 3801.486 3801.263
3881.893 3885.179 3888.465 3891.75 3895.036 3897.633 3899.7 3901.767 3903.834 3905.9 3907.91 3909.92 3911.93 3913.94 3915.494 3916.519 3917.545 3918.57 3919.595 3919.795 3919.915 3920.035 3920.156 3919.875 3918.89 3917.904 3916.918 3915.933 3914.782 3913.592 3912.403 3911.214 3909.746 3907.491 3905.236 3902.981 3900.726 3897.206 3893.169 3889.132 3885.095 3880.841 3875.439 3870.036 3864.634 3859.232 3854.067 3849.054 3844.041 3839.028 3834.03 3829.269 3824.508 3819.746 3814.985 3811.403 3808.968 3806.533 3804.098 3801.663 3801.595 3801.635 3801.674
3875.694 3879.419 3883.145 3886.871 3890.597 3893.406 3895.51 3897.615 3899.72 3901.824 3903.909 3905.994 3908.079 3910.164 3911.758 3912.783 3913.809 3914.834 3915.86 3916.382 3916.857 3917.331 3917.806 3917.812 3916.992 3916.173 3915.354 3914.534 3913.619 3912.682 3911.745 3910.807 3909.561 3907.44 3905.32 3903.199 3901.078 3897.566 3893.486 3889.406 3885.327 3880.981 3875.23 3869.479 3863.728 3857.977 3852.6 3847.464 3842.327 3837.191 3832.077 3827.316 3822.554 3817.793 3813.031 3809.627 3807.541 3805.454 3803.368 3801.282 3801.48 3801.782 3802.085
3868.17 3872.192 3876.214 3880.236 3884.258 3887.319 3889.64 3891.962 3894.284 3896.604 3898.847 3901.089 3903.332 3905.574 3907.298 3908.424 3909.549 3910.675 3911.8 3912.634 3913.439 3914.245 3915.05 3915.358 3914.79 3914.221 3913.653 3913.085 3912.403 3911.695 3910.986 3910.278 3909.23 3907.221 3905.211 3903.201 3901.191 3897.734 3893.686 3889.637 3885.589 3881.256 3875.421 3869.585 3863.75 3857.914 3852.481 3847.306 3842.131 3836.956 3831.812 3827.163 3822.515 3817.866 3813.218 3810.067 3808.37 3806.674 3804.977 3803.281 3803.595 3804.002 3804.408
3859.2 3863.362 3867.524 3871.685 3875.847 3879.202 3881.937 3884.671 3887.406 3890.138 3892.627 3895.116 3897.605 3900.094 3902.048 3903.383 3904.718 3906.052 3907.387 3908.518 3909.629 3910.74 3911.852 3912.479 3912.254 3912.029 3911.804 3911.579 3911.128 3910.624 3910.119 3909.615 3908.74 3906.816 3904.892 3902.968 3901.044 3897.692 3893.756 3889.821 3885.885 3881.679 3876.048 3870.416 3864.784 3859.153 3853.832 3848.711 3843.589 3838.468 3833.388 3828.976 3824.563 3820.151 3815.739 3812.924 3811.662 3810.4 3809.138 3807.876 3808.143 3808.48 3808.816
3850.232 3854.533 3858.834 3863.135 3867.436 3871.085 3874.233 3877.381 3880.529 3883.671 3886.407 3889.143 3891.879 3894.615 3896.798 3898.342 3899.886 3901.43 3902.974 3904.402 3905.819 3907.237 3908.654 3909.6 3909.719 3909.837 3909.956 3910.074 3909.853 3909.552 3909.252 3908.951 3908.25 3906.412 3904.573 3902.735 3900.897 3897.65 3893.827 3890.004 3886.181 3882.102 3876.675 3871.247 3865.819 3860.391 3855.183 3850.115 3845.048 3839.98 3834.964 3830.788 3826.612 3822.436 3818.259 3815.781 3814.954 3814.127 3813.3 3812.472 3812.691 3812.958 3813.225
3841.263 3845.704 3850.144 3854.584 3859.025 3862.969 3866.53 3870.091 3873.652 3877.204 3880.187 3883.17 3886.153 3889.135 3891.548 3893.301 3895.055 3896.808 3898.561 3900.287 3902.01 3903.732 3905.455 3906.721 3907.183 3907.645 3908.107 3908.569 3908.578 3908.481 3908.385 3908.288 3907.76 3906.007 3904.255 3902.502 3900.75 3897.607 3893.897 3890.187 3886.477 3882.525 3877.302 3872.078 3866.854 3861.63 3856.534 3851.52 3846.506 3841.492 3836.541 3832.6 3828.66 3824.72 3820.78 3818.639 3818.246 3817.853 3817.46 3817.068 3817.239 3817.436 3817.633
3832.294 3836.874 3841.454 3846.034 3850.614 3854.852 3858.826 3862.8 3866.774 3870.738 3873.967 3877.197 3880.427 3883.656 3886.298 3888.26 3890.223 3892.185 3894.148 3896.171 3898.2 3900.228 3902.257 3903.843 3904.648 3905.453 3906.259 3907.064 3907.303 3907.41 3907.517 3907.625 3907.269 3905.603 3903.936 3902.27 3900.603 3897.565 3893.968 3890.37 3886.773 3882.948 3877.929 3872.909 3867.889 3862.869 3857.885 3852.925 3847.965 3843.004 3838.117 3834.413 3830.709 3827.005 3823.3 3821.496 3821.538 3821.58 3821.622 3821.664 3821.787 3821.914 3822.042
3825.242 3829.698 3834.154 3838.609 3843.065 3847.296 3851.355 3855.414 3859.473 3863.521 3866.849 3870.176 3873.503 3876.83 3879.663 3881.924 3884.185 3886.447 3888.708 3891.145 3893.599 3896.053 3898.507 3900.531 3901.8 3903.068 3904.336 3905.604 3906.12 3906.461 3906.802 3907.143 3907.012 3905.546 3904.08 3902.614 3901.148 3898.407 3895.146 3891.885 3888.625 3885.157 3880.6 3876.042 3871.485 3866.928 3862.349 3857.755 3853.162 3848.569 3844.049 3840.705 3837.361 3834.018 3830.674 3829.023 3829.017 3829.01 3829.004 3828.998 3828.586 3828.156 3827.726
3818.34 3822.651 3826.961 3831.272 3835.583 3839.785 3843.903 3848.021 3852.139 3856.247 3859.659 3863.073 3866.486 3869.898 3872.919 3875.486 3878.053 3880.62 3883.188 3886.048 3888.937 3891.825 3894.714 3897.187 3898.927 3900.667 3902.407 3904.148 3904.944 3905.521 3906.098 3906.675 3906.774 3905.517 3904.26 3903.003 3901.746 3899.318 3896.411 3893.504 3890.598 3887.505 3883.43 3879.356 3875.281 3871.207 3867.055 3862.854 3858.652 3854.451 3850.321 3847.347 3844.374 3841.401 3838.427 3836.915 3836.823 3836.731 3836.639 3836.546 3835.561 3834.535 3833.51
