data/zism_data/00416_02_D.txt
ncols         224
nrows         224
[rows 140 to 167 of 224, columns 0 to 63 of 224]
1324.314 1325.757 1327.2 1328.755 1330.44 1332.125 1333.81 1335.495 1336.861 1338.203 1339.545 1340.887 1342.187 1343.421 1344.655 1345.889 1347.123 1347.595 1347.938 1348.28 1348.623 1349.016 1349.515 1350.014 1350.513 1351.012 1352.471 1354.196 1355.921 1357.646 1359.286 1360.669 1362.052 1363.434 1364.817 1366.24 1367.679 1369.117 1370.556 1372.346 1375.804 1379.261 1382.719 1386.177 1389.689 1393.232 1396.776 1400.319 1403.85 1407.274 1410.698 1414.122 1417.547 1419.329 1419.849 1420.368 1420.887 1421.455 1423.633 1425.81 1427.988 1430.166 1431.47 1431.874
1328.593 1330.155 1331.717 1333.383 1335.171 1336.958 1338.746 1340.533 1342.003 1343.447 1344.892 1346.336 1347.718 1349.0 1350.282 1351.565 1352.848 1353.437 1353.91 1354.382 1354.855 1355.31 1355.728 1356.146 1356.564 1356.982 1358.262 1359.782 1361.302 1362.822 1364.354 1365.926 1367.498 1369.069 1370.641 1372.372 1374.167 1375.962 1377.757 1379.868 1383.477 1387.086 1390.695 1394.303 1398.008 1401.767 1405.527 1409.286 1413.008 1416.406 1419.803 1423.2 1426.597 1428.383 1428.929 1429.476 1430.022 1430.62 1432.916 1435.213 1437.509 1439.806 1441.138 1441.477
1332.872 1334.553 1336.234 1338.011 1339.902 1341.792 1343.682 1345.572 1347.144 1348.691 1350.238 1351.785 1353.248 1354.579 1355.91 1357.241 1358.573 1359.28 1359.882 1360.484 1361.086 1361.604 1361.941 1362.278 1362.615 1362.952 1364.054 1365.369 1366.683 1367.998 1369.422 1371.183 1372.944 1374.705 1376.465 1378.504 1380.655 1382.807 1384.958 1387.39 1391.15 1394.91 1398.67 1402.43 1406.328 1410.303 1414.278 1418.253 1422.167 1425.537 1428.907 1432.278 1435.648 1437.437 1438.01 1438.584 1439.157 1439.784 1442.2 1444.615 1447.03 1449.446 1450.806 1451.081
1337.152 1338.951 1340.751 1342.64 1344.632 1346.625 1348.618 1350.61 1352.285 1353.935 1355.585 1357.234 1358.778 1360.158 1361.538 1362.918 1364.297 1365.123 1365.854 1366.586 1367.318 1367.898 1368.154 1368.41 1368.666 1368.922 1369.846 1370.955 1372.065 1373.174 1374.49 1376.44 1378.39 1380.34 1382.289 1384.635 1387.144 1389.651 1392.16 1394.912 1398.823 1402.734 1406.646 1410.557 1414.646 1418.838 1423.029 1427.22 1431.325 1434.669 1438.012 1441.355 1444.698 1446.491 1447.091 1447.692 1448.292 1448.949 1451.483 1454.017 1456.551 1459.085 1460.474 1460.684
1341.431 1343.349 1345.268 1347.268 1349.363 1351.458 1353.554 1355.649 1357.426 1359.179 1360.931 1362.683 1364.309 1365.737 1367.166 1368.594 1370.022 1370.966 1371.827 1372.688 1373.549 1374.192 1374.367 1374.542 1374.717 1374.892 1375.638 1376.542 1377.446 1378.35 1379.559 1381.697 1383.836 1385.975 1388.114 1390.768 1393.632 1396.496 1399.361 1402.434 1406.496 1410.559 1414.621 1418.684 1422.966 1427.373 1431.78 1436.188 1440.484 1443.8 1447.116 1450.433 1453.749 1455.545 1456.173 1456.8 1457.427 1458.114 1460.767 1463.42 1466.073 1468.725 1470.143 1470.288
1345.252 1347.3 1349.347 1351.424 1353.534 1355.643 1357.753 1359.863 1361.71 1363.537 1365.364 1367.191 1368.911 1370.465 1372.02 1373.574 1375.129 1376.18 1377.146 1378.112 1379.078 1379.797 1379.986 1380.175 1380.364 1380.554 1381.169 1381.904 1382.638 1383.372 1384.492 1386.791 1389.091 1391.39 1393.69 1396.699 1399.997 1403.295 1406.594 1410.059 1414.323 1418.585 1422.849 1427.111 1431.514 1435.997 1440.479 1444.961 1449.319 1452.573 1455.827 1459.081 1462.335 1464.07 1464.636 1465.203 1465.769 1466.388 1468.78 1471.171 1473.563 1475.954 1477.167 1477.166
1348.829 1351.011 1353.194 1355.328 1357.405 1359.483 1361.56 1363.637 1365.537 1367.424 1369.31 1371.196 1373.018 1374.74 1376.462 1378.183 1379.905 1381.059 1382.117 1383.175 1384.233 1385.035 1385.289 1385.543 1385.797 1386.051 1386.562 1387.145 1387.728 1388.311 1389.353 1391.798 1394.244 1396.689 1399.134 1402.523 1406.296 1410.07 1413.843 1417.741 1422.231 1426.721 1431.21 1435.7 1440.185 1444.667 1449.15 1453.632 1457.982 1461.155 1464.328 1467.5 1470.673 1472.312 1472.771 1473.229 1473.687 1474.188 1476.115 1478.042 1479.969 1481.896 1482.781 1482.591
1352.405 1354.723 1357.04 1359.232 1361.277 1363.322 1365.367 1367.412 1369.365 1371.31 1373.256 1375.201 1377.125 1379.014 1380.903 1382.792 1384.681 1385.938 1387.088 1388.238 1389.387 1390.272 1390.591 1390.91 1391.229 1391.547 1391.955 1392.387 1392.818 1393.25 1394.214 1396.805 1399.396 1401.987 1404.578 1408.346 1412.595 1416.844 1421.092 1425.422 1430.139 1434.855 1439.572 1444.289 1448.856 1453.338 1457.82 1462.303 1466.644 1469.736 1472.828 1475.92 1479.012 1480.554 1480.905 1481.255 1481.605 1481.988 1483.451 1484.914 1486.376 1487.839 1488.394 1488.016
1355.982 1358.434 1360.887 1363.136 1365.148 1367.161 1369.173 1371.186 1373.192 1375.197 1377.202 1379.207 1381.232 1383.288 1385.345 1387.401 1389.458 1390.818 1392.059 1393.301 1394.542 1395.51 1395.894 1396.277 1396.661 1397.045 1397.348 1397.628 1397.909 1398.19 1399.075 1401.812 1404.549 1407.286 1410.023 1414.171 1418.894 1423.618 1428.342 1433.104 1438.047 1442.991 1447.934 1452.877 1457.526 1462.009 1466.491 1470.974 1475.307 1478.318 1481.328 1484.339 1487.35 1488.797 1489.039 1489.281 1489.524 1489.788 1490.787 1491.785 1492.783 1493.782 1494.008 1493.441
1359.631 1362.196 1364.76 1367.058 1369.048 1371.037 1373.027 1375.016 1377.073 1379.134 1381.195 1383.256 1385.371 1387.57 1389.768 1391.966 1394.164 1395.622 1396.955 1398.288 1399.62 1400.68 1401.157 1401.633 1402.11 1402.586 1402.794 1402.927 1403.061 1403.194 1403.998 1406.854 1409.711 1412.567 1415.423 1419.91 1425.062 1430.214 1435.366 1440.513 1445.639 1450.765 1455.891 1461.016 1465.727 1470.202 1474.676 1479.151 1483.47 1486.407 1489.344 1492.28 1495.217 1496.591 1496.761 1496.932 1497.103 1497.285 1497.858 1498.431 1499.004 1499.577 1499.497 1498.746
1363.837 1366.337 1368.836 1371.122 1373.16 1375.198 1377.237 1379.275 1381.365 1383.458 1385.552 1387.646 1389.759 1391.903 1394.048 1396.192 1398.336 1399.86 1401.279 1402.698 1404.117 1405.334 1406.119 1406.903 1407.687 1408.472 1408.653 1408.668 1408.682 1408.697 1409.391 1412.167 1414.942 1417.717 1420.493 1425.006 1430.228 1435.45 1440.672 1445.85 1450.819 1455.788 1460.758 1465.727 1470.339 1474.749 1479.159 1483.569 1487.828 1490.743 1493.658 1496.573 1499.489 1500.969 1501.345 1501.72 1502.096 1502.474 1502.918 1503.361 1503.804 1504.247 1504.033 1503.141
1368.043 1370.478 1372.913 1375.186 1377.273 1379.36 1381.446 1383.533 1385.656 1387.782 1389.909 1392.035 1394.147 1396.237 1398.327 1400.417 1402.508 1404.098 1405.603 1407.109 1408.614 1409.988 1411.08 1412.172 1413.264 1414.357 1414.512 1414.408 1414.303 1414.199 1414.784 1417.479 1420.173 1422.867 1425.562 1430.101 1435.393 1440.686 1445.978 1451.187 1456.0 1460.812 1465.625 1470.437 1474.952 1479.297 1483.642 1487.987 1492.185 1495.079 1497.973 1500.866 1503.76 1505.346 1505.927 1506.509 1507.09 1507.663 1507.977 1508.29 1508.604 1508.918 1508.568 1507.536
1372.249 1374.619 1376.989 1379.25 1381.385 1383.521 1385.656 1387.792 1389.948 1392.107 1394.265 1396.424 1398.534 1400.571 1402.607 1404.643 1406.679 1408.336 1409.927 1411.519 1413.111 1414.642 1416.042 1417.442 1418.842 1420.241 1420.371 1420.148 1419.925 1419.702 1420.177 1422.791 1425.404 1428.017 1430.631 1435.196 1440.559 1445.922 1451.284 1456.524 1461.18 1465.836 1470.492 1475.148 1479.564 1483.844 1488.125 1492.405 1496.543 1499.415 1502.287 1505.159 1508.031 1509.724 1510.51 1511.297 1512.083 1512.852 1513.036 1513.22 1513.404 1513.588 1513.104 1511.932
1376.454 1378.76 1381.065 1383.314 1385.498 1387.682 1389.866 1392.05 1394.24 1396.431 1398.622 1400.813 1402.922 1404.904 1406.887 1408.869 1410.851 1412.573 1414.252 1415.93 1417.608 1419.296 1421.004 1422.711 1424.419 1426.127 1426.23 1425.888 1425.546 1425.204 1425.57 1428.103 1430.635 1433.168 1435.7 1440.292 1445.725 1451.158 1456.59 1461.861 1466.36 1470.859 1475.359 1479.858 1484.177 1488.392 1492.608 1496.824 1500.901 1503.751 1506.602 1509.452 1512.302 1514.102 1515.094 1516.085 1517.077 1518.041 1518.095 1518.15 1518.204 1518.259 1517.64 1516.327
1380.789 1383.052 1385.314 1387.539 1389.722 1391.904 1394.087 1396.269 1398.42 1400.568 1402.716 1404.865 1406.932 1408.872 1410.813 1412.754 1414.695 1416.498 1418.278 1420.059 1421.839 1423.649 1425.524 1427.399 1429.273 1431.148 1431.298 1430.968 1430.639 1430.31 1430.706 1433.324 1435.941 1438.558 1441.176 1445.764 1451.158 1456.551 1461.945 1467.133 1471.351 1475.568 1479.786 1484.004 1488.143 1492.237 1496.332 1500.426 1504.399 1507.297 1510.195 1513.092 1515.99 1517.921 1519.108 1520.296 1521.483 1522.635 1522.623 1522.61 1522.598 1522.585 1521.855 1520.387
1385.218 1387.453 1389.689 1391.882 1394.027 1396.172 1398.316 1400.461 1402.519 1404.57 1406.621 1408.672 1410.667 1412.575 1414.483 1416.392 1418.3 1420.196 1422.09 1423.983 1425.877 1427.785 1429.725 1431.664 1433.604 1435.543 1435.791 1435.57 1435.349 1435.128 1435.656 1438.479 1441.301 1444.124 1446.946 1451.51 1456.785 1462.059 1467.334 1472.36 1476.205 1480.05 1483.895 1487.74 1491.64 1495.573 1499.505 1503.438 1507.275 1510.27 1513.265 1516.26 1519.255 1521.335 1522.711 1524.087 1525.464 1526.799 1526.765 1526.731 1526.697 1526.663 1525.839 1524.203
1389.647 1391.855 1394.063 1396.225 1398.332 1400.438 1402.545 1404.652 1406.617 1408.571 1410.525 1412.478 1414.402 1416.278 1418.154 1420.03 1421.906 1423.894 1425.901 1427.908 1429.915 1431.921 1433.925 1435.93 1437.934 1439.938 1440.285 1440.172 1440.058 1439.945 1440.606 1443.633 1446.661 1449.689 1452.716 1457.255 1462.411 1467.567 1472.723 1477.586 1481.058 1484.531 1488.003 1491.475 1495.138 1498.908 1502.679 1506.449 1510.151 1513.243 1516.335 1519.427 1522.519 1524.748 1526.314 1527.879 1529.444 1530.963 1530.907 1530.851 1530.795 1530.74 1529.823 1528.019
1394.075 1396.257 1398.438 1400.567 1402.636 1404.706 1406.775 1408.844 1410.716 1412.572 1414.429 1416.285 1418.137 1419.98 1421.824 1423.668 1425.511 1427.592 1429.712 1431.833 1433.953 1436.057 1438.126 1440.195 1442.264 1444.333 1444.779 1444.774 1444.768 1444.763 1445.556 1448.788 1452.021 1455.254 1458.487 1463.001 1468.038 1473.075 1478.112 1482.812 1485.912 1489.012 1492.111 1495.211 1498.635 1502.244 1505.852 1509.461 1513.027 1516.216 1519.405 1522.595 1525.784 1528.162 1529.917 1531.671 1533.425 1535.126 1535.049 1534.972 1534.894 1534.817 1533.807 1531.836
1398.475 1400.631 1402.787 1404.886 1406.917 1408.949 1410.981 1413.013 1414.792 1416.553 1418.313 1420.073 1421.851 1423.657 1425.464 1427.27 1429.077 1431.244 1433.473 1435.702 1437.931 1440.129 1442.262 1444.395 1446.528 1448.661 1449.219 1449.339 1449.46 1449.58 1450.518 1453.955 1457.392 1460.829 1464.266 1468.743 1473.643 1478.544 1483.445 1487.97 1490.708 1493.446 1496.184 1498.923 1502.114 1505.563 1509.011 1512.46 1515.892 1519.178 1522.464 1525.75 1529.036 1531.555 1533.483 1535.412 1537.34 1539.21 1539.111 1539.012 1538.912 1538.813 1537.718 1535.598
1402.245 1404.411 1406.578 1408.67 1410.674 1412.679 1414.684 1416.689 1418.391 1420.071 1421.75 1423.429 1425.103 1426.769 1428.435 1430.101 1431.767 1433.91 1436.133 1438.356 1440.579 1442.79 1444.971 1447.153 1449.335 1451.516 1452.486 1453.12 1453.753 1454.386 1455.756 1459.376 1462.997 1466.618 1470.238 1474.4 1478.782 1483.165 1487.547 1491.623 1494.243 1496.862 1499.481 1502.101 1505.177 1508.512 1511.847 1515.182 1518.521 1521.894 1525.266 1528.639 1532.011 1534.482 1536.259 1538.037 1539.814 1541.536 1541.41 1541.284 1541.157 1541.031 1540.042 1538.165
1406.014 1408.191 1410.369 1412.454 1414.431 1416.409 1418.387 1420.365 1421.99 1423.588 1425.187 1426.785 1428.354 1429.88 1431.406 1432.932 1434.457 1436.575 1438.793 1441.011 1443.228 1445.45 1447.681 1449.911 1452.141 1454.372 1455.754 1456.9 1458.046 1459.192 1460.993 1464.798 1468.602 1472.406 1476.21 1480.057 1483.921 1487.785 1491.65 1495.276 1497.777 1500.278 1502.778 1505.279 1508.24 1511.461 1514.683 1517.905 1521.151 1524.61 1528.069 1531.527 1534.986 1537.409 1539.035 1540.661 1542.287 1543.862 1543.709 1543.556 1543.403 1543.249 1542.366 1540.732
1409.783 1411.971 1414.159 1416.238 1418.188 1420.139 1422.09 1424.041 1425.589 1427.106 1428.624 1430.141 1431.606 1432.991 1434.377 1435.762 1437.147 1439.24 1441.453 1443.665 1445.877 1448.111 1450.39 1452.669 1454.948 1457.227 1459.021 1460.68 1462.339 1463.998 1466.231 1470.219 1474.207 1478.195 1482.183 1485.715 1489.06 1492.406 1495.752 1498.93 1501.312 1503.693 1506.075 1508.457 1511.302 1514.411 1517.519 1520.628 1523.781 1527.326 1530.871 1534.416 1537.961 1540.337 1541.811 1543.286 1544.761 1546.188 1546.008 1545.828 1545.648 1545.468 1544.691 1543.299
1413.552 1415.751 1417.95 1420.021 1421.945 1423.869 1425.793 1427.717 1429.188 1430.624 1432.06 1433.496 1434.858 1436.103 1437.348 1438.593 1439.838 1441.905 1444.112 1446.319 1448.526 1450.772 1453.099 1455.427 1457.754 1460.082 1462.288 1464.46 1466.632 1468.804 1471.469 1475.641 1479.812 1483.984 1488.155 1491.372 1494.199 1497.027 1499.854 1502.583 1504.846 1507.109 1509.372 1511.635 1514.365 1517.36 1520.355 1523.35 1526.41 1530.042 1533.673 1537.305 1540.937 1543.264 1544.587 1545.911 1547.235 1548.514 1548.307 1548.1 1547.893 1547.686 1547.015 1545.866
1416.719 1418.926 1421.134 1423.213 1425.146 1427.078 1429.01 1430.943 1432.355 1433.727 1435.098 1436.47 1437.731 1438.822 1439.913 1441.004 1442.095 1444.072 1446.2 1448.328 1450.455 1452.688 1455.143 1457.599 1460.054 1462.51 1465.034 1467.576 1470.119 1472.662 1475.586 1479.675 1483.764 1487.854 1491.943 1494.871 1497.325 1499.779 1502.234 1504.63 1506.749 1508.869 1510.988 1513.108 1515.687 1518.528 1521.369 1524.209 1527.128 1530.739 1534.35 1537.962 1541.573 1543.888 1545.205 1546.523 1547.841 1549.118 1549.04 1548.962 1548.884 1548.806 1548.273 1547.271
1419.302 1421.514 1423.727 1425.83 1427.805 1429.781 1431.756 1433.732 1435.102 1436.425 1437.748 1439.071 1440.238 1441.161 1442.085 1443.008 1443.932 1445.755 1447.732 1449.708 1451.685 1453.88 1456.541 1459.201 1461.862 1464.523 1467.273 1470.048 1472.823 1475.598 1478.613 1482.362 1486.111 1489.86 1493.609 1496.274 1498.496 1500.718 1502.94 1505.115 1507.067 1509.019 1510.971 1512.924 1515.318 1517.965 1520.611 1523.257 1525.989 1529.476 1532.963 1536.45 1539.937 1542.274 1543.726 1545.179 1546.632 1548.048 1548.251 1548.454 1548.656 1548.859 1548.495 1547.548
1421.884 1424.102 1426.32 1428.446 1430.465 1432.484 1434.502 1436.521 1437.849 1439.124 1440.398 1441.672 1442.744 1443.5 1444.256 1445.012 1445.768 1447.439 1449.264 1451.089 1452.915 1455.072 1457.938 1460.804 1463.67 1466.536 1469.512 1472.519 1475.526 1478.533 1481.64 1485.048 1488.458 1491.866 1495.276 1497.677 1499.667 1501.656 1503.646 1505.6 1507.385 1509.17 1510.955 1512.739 1514.95 1517.401 1519.853 1522.305 1524.849 1528.212 1531.575 1534.938 1538.301 1540.66 1542.248 1543.835 1545.423 1546.979 1547.462 1547.946 1548.429 1548.913 1548.718 1547.824
1424.467 1426.69 1428.914 1431.062 1433.124 1435.186 1437.248 1439.31 1440.597 1441.822 1443.048 1444.274 1445.25 1445.839 1446.428 1447.016 1447.605 1449.122 1450.796 1452.47 1454.144 1456.264 1459.335 1462.406 1465.477 1468.548 1471.751 1474.99 1478.23 1481.469 1484.666 1487.735 1490.804 1493.873 1496.942 1499.079 1500.837 1502.595 1504.352 1506.085 1507.703 1509.32 1510.938 1512.555 1514.581 1516.838 1519.096 1521.353 1523.71 1526.949 1530.187 1533.426 1536.665 1539.046 1540.769 1542.492 1544.214 1545.909 1546.673 1547.438 1548.202 1548.966 1548.94 1548.101
1427.049 1429.278 1431.507 1433.679 1435.784 1437.889 1439.994 1442.099 1443.344 1444.521 1445.698 1446.875 1447.757 1448.178 1448.599 1449.02 1449.442 1450.805 1452.328 1453.851 1455.374 1457.456 1460.732 1464.009 1467.285 1470.561 1473.99 1477.462 1480.933 1484.405 1487.693 1490.422 1493.151 1495.879 1498.608 1500.482 1502.008 1503.533 1505.058 1506.571 1508.021 1509.471 1510.921 1512.371 1514.212 1516.275 1518.338 1520.401 1522.571 1525.685 1528.8 1531.914 1535.029 1537.433 1539.29 1541.148 1543.006 1544.84 1545.885 1546.93 1547.975 1549.02 1549.163 1548.377
