data/zism_data/00418_02_D.txt
ncols         224
nrows         224
[rows 196 to 223 of 224, columns 126 to 188 of 224]
1996.302 1986.909 1977.515 1968.122 1958.967 1957.809 1956.651 1955.493 1954.335 1949.999 1942.197 1934.394 1926.592 1918.789 1901.981 1884.469 1866.957 1849.444 1827.174 1797.033 1766.893 1736.753 1706.612 1682.861 1660.455 1638.049 1615.642 1599.352 1599.154 1598.956 1598.759 1598.561 1600.783 1603.924 1607.066 1610.207 1612.842 1613.075 1613.307 1613.54 1613.772 1609.272 1601.911 1594.55 1587.189 1578.905 1558.807 1538.71 1518.613 1498.516 1476.302 1452.148 1427.995 1403.841 1379.688 1353.994 1328.255 1302.516 1276.776 1255.52 1240.447 1225.374 1210.3
1975.784 1967.968 1960.152 1952.335 1944.745 1944.723 1944.7 1944.678 1944.656 1941.401 1934.621 1927.842 1921.062 1914.282 1897.118 1879.143 1861.168 1843.193 1819.981 1788.107 1756.234 1724.361 1692.487 1667.852 1644.74 1621.629 1598.517 1581.351 1579.83 1578.308 1576.786 1575.265 1577.512 1581.192 1584.871 1588.551 1591.915 1593.784 1595.653 1597.521 1599.39 1597.03 1592.112 1587.195 1582.277 1576.385 1558.026 1539.668 1521.309 1502.95 1481.945 1458.512 1435.08 1411.647 1388.215 1362.161 1336.029 1309.897 1283.765 1261.6 1244.906 1228.213 1211.519
1955.266 1949.026 1942.787 1936.548 1930.522 1931.635 1932.749 1933.862 1934.975 1932.803 1927.046 1921.288 1915.531 1909.774 1892.255 1873.817 1855.38 1836.942 1812.788 1779.181 1745.575 1711.969 1678.361 1652.842 1629.025 1605.209 1581.392 1563.35 1560.505 1557.659 1554.813 1551.967 1554.24 1558.458 1562.676 1566.893 1570.987 1574.492 1577.998 1581.503 1585.008 1584.787 1582.313 1579.839 1577.365 1573.866 1557.245 1540.625 1524.005 1507.385 1487.587 1464.876 1442.165 1419.454 1396.743 1370.328 1343.803 1317.279 1290.753 1267.679 1249.365 1231.052 1212.738
1935.975 1930.774 1925.574 1920.374 1915.385 1917.481 1919.578 1921.675 1923.772 1922.583 1917.81 1913.037 1908.264 1903.491 1885.661 1866.81 1847.96 1829.109 1804.215 1769.324 1734.434 1699.544 1664.653 1638.487 1614.156 1589.827 1565.497 1546.691 1542.42 1538.15 1533.88 1529.609 1531.685 1536.172 1540.658 1545.145 1549.67 1554.378 1559.085 1563.793 1568.5 1569.958 1569.452 1568.945 1568.438 1566.909 1552.292 1537.675 1523.057 1508.44 1490.21 1468.667 1447.124 1425.581 1404.039 1377.512 1350.838 1324.163 1297.488 1273.731 1253.999 1234.267 1214.534
1921.1 1915.0 1908.901 1902.802 1896.953 1899.486 1902.019 1904.552 1907.084 1906.527 1902.599 1898.671 1894.744 1890.815 1872.832 1853.75 1834.668 1815.586 1790.673 1756.115 1721.559 1687.003 1652.446 1626.484 1602.332 1578.18 1554.027 1534.858 1528.8 1522.743 1516.686 1510.628 1511.704 1515.492 1519.279 1523.066 1526.95 1531.297 1535.644 1539.991 1544.337 1545.817 1545.564 1545.31 1545.056 1543.976 1532.313 1520.651 1508.989 1497.327 1481.959 1463.193 1444.428 1425.662 1406.898 1381.157 1355.209 1329.262 1303.313 1279.686 1259.259 1238.832 1218.405
1906.225 1899.227 1892.229 1885.231 1878.522 1881.491 1884.46 1887.428 1890.397 1890.472 1887.389 1884.306 1881.223 1878.14 1860.003 1840.689 1821.376 1802.063 1777.131 1742.907 1708.685 1674.462 1640.239 1614.482 1590.507 1566.533 1542.558 1523.025 1515.181 1507.336 1499.492 1491.648 1491.725 1494.813 1497.9 1500.987 1504.231 1508.217 1512.203 1516.189 1520.176 1521.677 1521.677 1521.676 1521.675 1521.044 1512.336 1503.629 1494.921 1486.214 1473.708 1457.72 1441.732 1425.744 1409.756 1384.802 1359.581 1334.36 1309.138 1285.64 1264.519 1243.398 1222.277
1891.35 1883.453 1875.557 1867.66 1860.09 1863.495 1866.9 1870.305 1873.709 1874.416 1872.178 1869.94 1867.702 1865.464 1847.174 1827.629 1808.084 1788.539 1763.589 1729.699 1695.81 1661.921 1628.031 1602.479 1578.682 1554.885 1531.088 1511.192 1501.56 1491.929 1482.298 1472.667 1471.745 1474.133 1476.52 1478.908 1481.511 1485.137 1488.762 1492.387 1496.013 1497.536 1497.789 1498.041 1498.293 1498.11 1492.358 1486.605 1480.853 1475.1 1465.457 1452.246 1439.036 1425.826 1412.615 1388.447 1363.953 1339.458 1314.963 1291.594 1269.778 1247.964 1226.148
1876.476 1867.68 1858.884 1850.089 1841.659 1845.5 1849.341 1853.181 1857.022 1858.36 1856.967 1855.574 1854.182 1852.789 1834.345 1814.568 1794.792 1775.016 1750.047 1716.491 1682.936 1649.381 1615.824 1590.477 1566.857 1543.238 1519.618 1499.359 1487.941 1476.523 1465.105 1453.686 1451.766 1453.453 1455.141 1456.829 1458.792 1462.057 1465.321 1468.586 1471.851 1473.396 1473.901 1474.407 1474.912 1475.178 1472.38 1469.583 1466.785 1463.987 1457.206 1446.773 1436.34 1425.907 1415.474 1392.092 1368.324 1344.556 1320.787 1297.548 1275.038 1252.529 1230.019
1859.597 1849.008 1838.419 1827.83 1817.662 1821.627 1825.593 1829.558 1833.523 1835.435 1835.107 1834.779 1834.452 1834.124 1816.199 1796.898 1777.599 1758.298 1733.893 1701.044 1668.197 1635.349 1602.5 1578.002 1555.26 1532.519 1509.777 1489.932 1477.709 1465.487 1453.265 1441.042 1437.662 1437.642 1437.622 1437.602 1437.984 1440.276 1442.568 1444.86 1447.151 1448.325 1448.823 1449.321 1449.819 1450.232 1449.557 1448.882 1448.207 1447.532 1442.913 1434.678 1426.444 1418.209 1409.974 1387.984 1365.585 1343.185 1320.784 1298.474 1276.285 1254.097 1231.908
1841.781 1828.98 1816.179 1803.378 1791.062 1795.005 1798.948 1802.892 1806.836 1809.295 1810.135 1810.976 1811.816 1812.656 1795.565 1777.072 1758.579 1740.086 1716.517 1684.551 1652.586 1620.621 1588.655 1565.306 1543.769 1522.234 1500.698 1481.632 1469.065 1456.498 1443.931 1431.364 1426.309 1424.109 1421.91 1419.71 1418.072 1419.105 1420.137 1421.169 1422.202 1422.82 1423.189 1423.558 1423.927 1424.346 1425.404 1426.462 1427.52 1428.578 1425.793 1419.485 1413.177 1406.87 1400.562 1380.248 1359.517 1338.786 1318.053 1297.045 1275.653 1254.261 1232.869
1823.965 1808.951 1793.938 1778.925 1764.46 1768.382 1772.304 1776.225 1780.148 1783.154 1785.163 1787.171 1789.18 1791.188 1774.93 1757.244 1739.559 1721.873 1699.14 1668.056 1636.974 1605.892 1574.809 1552.609 1532.279 1511.949 1491.618 1473.332 1460.42 1447.508 1434.597 1421.685 1414.956 1410.577 1406.197 1401.817 1398.16 1397.932 1397.705 1397.478 1397.251 1397.314 1397.554 1397.794 1398.033 1398.458 1401.249 1404.04 1406.831 1409.622 1408.672 1404.291 1399.911 1395.53 1391.149 1372.512 1353.449 1334.386 1315.323 1295.616 1275.02 1254.426 1233.83
1806.149 1788.923 1771.698 1754.472 1737.859 1741.759 1745.66 1749.56 1753.46 1757.015 1760.191 1763.367 1766.544 1769.72 1754.296 1737.417 1720.539 1703.661 1681.763 1651.563 1621.363 1591.164 1560.963 1539.913 1520.788 1501.664 1482.539 1465.031 1451.775 1438.519 1425.263 1412.007 1403.604 1397.044 1390.485 1383.925 1378.248 1376.761 1375.274 1373.787 1372.301 1371.809 1371.92 1372.03 1372.141 1372.571 1377.095 1381.619 1386.143 1390.668 1391.551 1389.098 1386.644 1384.191 1381.737 1364.775 1347.381 1329.987 1312.592 1294.187 1274.388 1254.59 1234.791
1787.392 1768.188 1748.985 1729.781 1711.247 1715.166 1719.085 1723.003 1726.922 1730.928 1735.03 1739.132 1743.234 1747.336 1732.759 1716.722 1700.686 1684.649 1663.688 1634.579 1605.471 1576.363 1547.254 1527.287 1509.243 1491.2 1473.156 1456.355 1442.822 1429.29 1415.757 1402.225 1392.328 1383.812 1375.297 1366.781 1359.285 1356.631 1353.976 1351.322 1348.668 1347.622 1347.55 1347.477 1347.405 1347.771 1353.754 1359.736 1365.719 1371.702 1374.21 1373.532 1372.854 1372.176 1371.498 1356.317 1340.704 1325.09 1309.476 1292.444 1273.454 1254.465 1235.475
1763.091 1743.289 1723.489 1703.688 1684.581 1688.753 1692.924 1697.096 1701.267 1705.164 1708.76 1712.356 1715.952 1719.547 1705.902 1690.91 1675.918 1660.925 1641.49 1614.707 1587.924 1561.142 1534.358 1515.08 1497.38 1479.682 1461.982 1445.465 1432.056 1418.647 1405.239 1391.83 1381.507 1372.356 1363.205 1354.055 1345.925 1342.647 1339.368 1336.089 1332.81 1331.218 1330.645 1330.072 1329.499 1329.389 1335.21 1341.031 1346.853 1352.674 1355.565 1355.77 1355.975 1356.18 1356.385 1343.602 1330.432 1317.262 1304.092 1288.847 1270.74 1252.634 1234.526
1738.789 1718.39 1697.991 1677.593 1657.914 1662.338 1666.763 1671.187 1675.612 1679.398 1682.488 1685.578 1688.668 1691.758 1679.045 1665.097 1651.149 1637.201 1619.293 1594.834 1570.377 1545.919 1521.461 1502.872 1485.517 1468.163 1450.808 1434.575 1421.289 1408.005 1394.72 1381.434 1370.685 1360.899 1351.114 1341.328 1332.565 1328.662 1324.759 1320.856 1316.953 1314.813 1313.739 1312.666 1311.592 1311.006 1316.666 1322.326 1327.985 1333.645 1336.92 1338.007 1339.095 1340.183 1341.271 1330.886 1320.16 1309.434 1298.707 1285.25 1268.026 1250.802 1233.578
1714.487 1693.491 1672.495 1651.499 1631.247 1635.925 1640.602 1645.28 1649.958 1653.634 1656.218 1658.802 1661.386 1663.97 1652.188 1639.284 1626.381 1613.477 1597.096 1574.963 1552.83 1530.698 1508.565 1490.664 1473.654 1456.645 1439.634 1423.684 1410.523 1397.362 1384.201 1371.039 1359.864 1349.443 1339.022 1328.601 1319.206 1314.678 1310.151 1305.623 1301.095 1298.408 1296.834 1295.26 1293.686 1292.624 1298.122 1303.621 1309.119 1314.617 1318.275 1320.246 1322.216 1324.187 1326.157 1318.171 1309.888 1301.605 1293.322 1281.653 1265.311 1248.97 1232.629
1690.186 1668.592 1646.999 1625.406 1604.581 1609.511 1614.442 1619.372 1624.303 1627.869 1629.947 1632.025 1634.103 1636.182 1625.332 1613.472 1601.613 1589.753 1574.899 1555.091 1535.283 1515.476 1495.668 1478.457 1461.791 1445.126 1428.46 1412.794 1399.757 1386.719 1373.682 1360.644 1349.043 1337.987 1326.931 1315.875 1305.846 1300.694 1295.542 1290.39 1285.238 1282.004 1279.929 1277.854 1275.78 1274.242 1279.579 1284.916 1290.252 1295.589 1299.63 1302.484 1305.337 1308.19 1311.043 1305.456 1299.617 1293.777 1287.938 1278.056 1262.597 1247.139 1231.68
1666.588 1644.839 1623.09 1601.342 1580.343 1584.472 1588.6 1592.729 1596.857 1599.889 1601.723 1603.557 1605.391 1607.225 1597.871 1587.642 1577.413 1567.184 1554.151 1536.482 1518.813 1501.144 1483.475 1466.852 1450.449 1434.047 1417.644 1402.124 1388.929 1375.734 1362.538 1349.343 1337.667 1326.569 1315.471 1304.373 1294.221 1288.566 1282.911 1277.256 1271.601 1267.812 1265.152 1262.491 1259.831 1257.708 1262.464 1267.22 1271.976 1276.732 1280.703 1283.954 1287.205 1290.456 1293.707 1289.979 1286.043 1282.106 1278.17 1269.944 1255.8 1241.657 1227.513
1643.443 1621.823 1600.203 1578.584 1557.668 1560.316 1562.965 1565.613 1568.262 1570.485 1572.244 1574.003 1575.761 1577.52 1570.022 1561.801 1553.579 1545.358 1534.337 1518.686 1503.036 1487.385 1471.734 1455.636 1439.443 1423.25 1407.057 1391.597 1378.062 1364.528 1350.993 1337.459 1325.936 1315.176 1304.418 1293.658 1283.713 1277.633 1271.552 1265.472 1259.392 1255.044 1251.743 1248.442 1245.141 1242.362 1246.268 1250.173 1254.079 1257.985 1261.594 1264.931 1268.268 1271.605 1274.943 1272.727 1270.347 1267.966 1265.585 1258.93 1246.38 1233.829 1221.279
1620.297 1598.806 1577.316 1555.826 1534.992 1536.161 1537.329 1538.497 1539.665 1541.08 1542.764 1544.447 1546.13 1547.814 1542.173 1535.959 1529.745 1523.531 1514.522 1500.89 1487.258 1473.626 1459.993 1444.419 1428.436 1412.454 1396.47 1381.069 1367.195 1353.321 1339.448 1325.574 1314.203 1303.783 1293.364 1282.944 1273.205 1266.699 1260.193 1253.688 1247.182 1242.275 1238.333 1234.392 1230.45 1227.016 1230.071 1233.126 1236.182 1239.237 1242.484 1245.907 1249.331 1252.754 1256.177 1255.475 1254.65 1253.825 1252.999 1247.916 1236.958 1226.002 1215.044
1597.152 1575.79 1554.429 1533.069 1512.317 1512.005 1511.694 1511.382 1511.07 1511.676 1513.284 1514.893 1516.501 1518.109 1514.324 1510.118 1505.912 1501.706 1494.708 1483.094 1471.48 1459.867 1448.253 1433.203 1417.43 1401.657 1385.884 1370.541 1356.328 1342.116 1327.903 1313.69 1302.472 1292.391 1282.31 1272.229 1262.696 1255.766 1248.835 1241.904 1234.973 1229.506 1224.924 1220.342 1215.76 1211.67 1213.875 1216.08 1218.285 1220.49 1223.375 1226.885 1230.394 1233.904 1237.413 1238.224 1238.954 1239.684 1240.414 1236.902 1227.538 1218.174 1208.81
1574.281 1553.037 1531.794 1510.551 1489.872 1488.149 1486.426 1484.702 1482.979 1482.838 1484.423 1486.008 1487.593 1489.178 1487.158 1484.856 1482.554 1480.252 1475.173 1465.5 1455.828 1446.155 1436.482 1421.967 1406.431 1390.896 1375.361 1360.114 1345.627 1331.14 1316.653 1302.166 1291.107 1281.35 1271.594 1261.837 1252.5 1245.151 1237.802 1230.454 1223.105 1217.096 1211.896 1206.696 1201.496 1196.776 1198.197 1199.617 1201.037 1202.458 1204.996 1208.56 1212.123 1215.687 1219.25 1221.438 1223.584 1225.731 1227.877 1225.832 1218.005 1210.178 1202.351
1554.937 1533.661 1512.385 1491.109 1470.384 1468.128 1465.872 1463.616 1461.359 1461.249 1463.48 1465.711 1467.942 1470.173 1468.739 1467.018 1465.298 1463.577 1459.219 1450.499 1441.779 1433.059 1424.339 1410.478 1395.535 1380.592 1365.648 1350.984 1337.051 1323.118 1309.186 1295.253 1284.444 1274.822 1265.2 1255.578 1246.296 1238.624 1230.952 1223.281 1215.609 1209.274 1203.745 1198.217 1192.689 1187.669 1189.148 1190.628 1192.107 1193.587 1195.969 1199.177 1202.385 1205.594 1208.802 1210.624 1212.404 1214.185 1215.965 1214.052 1207.043 1200.034 1193.025
1535.592 1514.284 1492.976 1471.668 1450.896 1448.107 1445.317 1442.528 1439.739 1439.66 1442.537 1445.414 1448.291 1451.167 1450.319 1449.18 1448.041 1446.902 1443.265 1435.497 1427.73 1419.963 1412.195 1398.99 1384.638 1370.287 1355.936 1341.853 1328.474 1315.096 1301.718 1288.34 1277.781 1268.294 1258.806 1249.319 1240.091 1232.097 1224.102 1216.108 1208.113 1201.451 1195.594 1189.738 1183.881 1178.561 1180.1 1181.638 1183.177 1184.716 1186.94 1189.794 1192.647 1195.5 1198.353 1199.809 1201.223 1202.638 1204.052 1202.27 1196.08 1189.889 1183.698
1516.248 1494.907 1473.567 1452.226 1431.408 1428.086 1424.764 1421.442 1418.12 1418.071 1421.594 1425.117 1428.64 1432.162 1431.9 1431.342 1430.784 1430.226 1427.311 1420.496 1413.682 1406.867 1400.052 1387.501 1373.742 1359.983 1346.224 1332.723 1319.898 1307.075 1294.251 1281.427 1271.118 1261.766 1252.413 1243.06 1233.887 1225.57 1217.252 1208.935 1200.617 1193.629 1187.444 1181.259 1175.074 1169.453 1171.052 1172.649 1174.247 1175.845 1177.913 1180.411 1182.908 1185.406 1187.904 1188.995 1190.043 1191.092 1192.14 1190.49 1185.117 1179.745 1174.372
1496.903 1475.53 1454.157 1432.784 1411.919 1408.064 1404.209 1400.354 1396.499 1396.482 1400.651 1404.819 1408.988 1413.157 1413.481 1413.504 1413.527 1413.551 1411.356 1405.494 1399.633 1393.771 1387.909 1376.012 1362.845 1349.678 1336.511 1323.592 1311.322 1299.053 1286.783 1274.514 1264.455 1255.237 1246.019 1236.801 1227.683 1219.042 1210.402 1201.762 1193.121 1185.806 1179.293 1172.78 1166.267 1160.346 1162.003 1163.66 1165.317 1166.974 1168.885 1171.027 1173.17 1175.313 1177.455 1178.18 1178.862 1179.545 1180.227 1178.709 1174.154 1169.6 1165.045
1477.179 1456.207 1435.235 1414.263 1393.782 1389.802 1385.821 1381.84 1377.859 1378.104 1382.959 1387.814 1392.669 1397.524 1398.271 1398.697 1399.123 1399.548 1397.756 1392.295 1386.835 1381.374 1375.914 1364.464 1351.754 1339.043 1326.333 1313.893 1302.163 1290.433 1278.704 1266.974 1257.135 1248.014 1238.893 1229.771 1220.7 1211.866 1203.033 1194.2 1185.366 1177.889 1171.232 1164.576 1157.919 1151.869 1153.582 1155.296 1157.009 1158.723 1160.514 1162.376 1164.238 1166.101 1167.963 1168.456 1168.908 1169.36 1169.813 1168.32 1164.145 1159.97 1155.795
1457.127 1436.929 1416.732 1396.535 1376.814 1373.059 1369.305 1365.55 1361.795 1362.503 1368.08 1373.656 1379.232 1384.808 1385.837 1386.51 1387.184 1387.857 1386.191 1380.655 1375.119 1369.583 1364.047 1352.865 1340.493 1328.122 1315.75 1303.701 1292.499 1281.297 1270.095 1258.893 1249.245 1240.189 1231.132 1222.076 1213.044 1204.129 1195.215 1186.301 1177.387 1169.889 1163.249 1156.608 1149.968 1143.936 1145.704 1147.471 1149.238 1151.005 1152.71 1154.357 1156.004 1157.651 1159.298 1159.675 1160.014 1160.353 1160.693 1159.134 1154.959 1150.784 1146.609
