data/zism_data/00411_02_D.txt
ncols         224
nrows         224
[rows 28 to 55 of 224, columns 0 to 62 of 224]
1257.942 1242.785 1227.627 1220.059 1221.266 1222.473 1223.68 1224.886 1238.142 1252.338 1266.534 1280.73 1291.119 1295.583 1300.047 1304.511 1308.975 1308.849 1307.946 1307.042 1306.139 1304.829 1302.654 1300.478 1298.302 1296.127 1297.055 1298.845 1300.636 1302.426 1304.468 1307.279 1310.091 1312.902 1315.713 1318.018 1320.116 1322.214 1324.312 1326.036 1325.983 1325.931 1325.879 1325.826 1325.132 1324.073 1323.014 1321.955 1320.756 1318.318 1315.879 1313.441 1311.002 1307.1 1302.071 1297.043 1292.014 1286.722 1272.598 1258.474 1244.35 1230.226 1220.694
1256.067 1240.709 1225.351 1217.952 1219.755 1221.557 1223.36 1225.163 1238.547 1252.835 1267.124 1281.412 1291.939 1296.614 1301.289 1305.964 1310.64 1310.591 1309.742 1308.892 1308.043 1306.707 1304.331 1301.955 1299.579 1297.202 1297.828 1299.288 1300.748 1302.208 1304.044 1307.028 1310.013 1312.998 1315.982 1318.622 1321.121 1323.62 1326.119 1328.244 1328.598 1328.952 1329.306 1329.66 1329.044 1327.877 1326.709 1325.542 1324.229 1321.622 1319.016 1316.409 1313.803 1309.533 1303.985 1298.436 1292.888 1287.077 1272.476 1257.875 1243.274 1228.674 1219.239
1254.191 1238.633 1223.075 1215.844 1218.243 1220.642 1223.04 1225.439 1238.951 1253.332 1267.713 1282.093 1292.759 1297.645 1302.531 1307.418 1312.305 1312.333 1311.538 1310.743 1309.948 1308.584 1306.008 1303.431 1300.855 1298.278 1298.602 1299.731 1300.861 1301.99 1303.62 1306.778 1309.936 1313.094 1316.252 1319.226 1322.126 1325.026 1327.925 1330.453 1331.213 1331.973 1332.734 1333.494 1332.956 1331.68 1330.405 1329.129 1327.701 1324.927 1322.152 1319.378 1316.604 1311.967 1305.899 1299.83 1293.761 1287.431 1272.354 1257.277 1242.199 1227.122 1217.784
1252.316 1236.557 1220.798 1213.737 1216.732 1219.726 1222.721 1225.715 1239.356 1253.829 1268.302 1282.774 1293.578 1298.676 1303.774 1308.872 1313.969 1314.075 1313.334 1312.593 1311.852 1310.462 1307.685 1304.908 1302.131 1299.354 1299.375 1300.175 1300.974 1301.773 1303.196 1306.527 1309.858 1313.19 1316.521 1319.83 1323.131 1326.432 1329.732 1332.661 1333.828 1334.995 1336.161 1337.328 1336.868 1335.484 1334.1 1332.716 1331.174 1328.231 1325.289 1322.347 1319.404 1314.401 1307.813 1301.224 1294.635 1287.786 1272.232 1256.678 1241.124 1225.57 1216.329
1251.035 1235.15 1219.263 1212.429 1216.062 1219.695 1223.328 1226.961 1240.803 1255.443 1270.084 1284.723 1295.663 1300.844 1306.026 1311.208 1316.39 1316.58 1315.924 1315.268 1314.611 1313.187 1310.123 1307.058 1303.994 1300.929 1300.608 1301.048 1301.488 1301.929 1303.139 1306.705 1310.271 1313.837 1317.403 1321.082 1324.807 1328.531 1332.256 1335.572 1336.939 1338.307 1339.675 1341.043 1340.539 1338.971 1337.404 1335.836 1334.107 1330.944 1327.782 1324.62 1321.458 1316.008 1308.798 1301.588 1294.378 1286.922 1271.236 1255.549 1239.861 1224.174 1215.264
1250.528 1234.61 1218.691 1212.161 1216.487 1220.814 1225.14 1229.466 1243.605 1258.51 1273.416 1288.321 1299.39 1304.491 1309.591 1314.692 1319.793 1320.077 1319.546 1319.014 1318.483 1317.016 1313.55 1310.085 1306.62 1303.154 1302.436 1302.481 1302.526 1302.571 1303.56 1307.441 1311.321 1315.201 1319.081 1323.174 1327.354 1331.534 1335.714 1339.393 1340.696 1341.999 1343.302 1344.605 1343.898 1342.048 1340.199 1338.35 1336.338 1332.889 1329.44 1325.99 1322.542 1316.541 1308.578 1300.615 1292.652 1284.474 1269.102 1253.729 1238.356 1222.983 1214.704
1250.021 1234.07 1218.119 1211.893 1216.913 1221.932 1226.952 1231.971 1246.407 1261.578 1276.749 1291.919 1303.118 1308.137 1313.157 1318.176 1323.195 1323.575 1323.168 1322.761 1322.354 1320.844 1316.978 1313.111 1309.245 1305.379 1304.264 1303.914 1303.563 1303.213 1303.982 1308.176 1312.371 1316.565 1320.759 1325.266 1329.901 1334.536 1339.171 1343.215 1344.453 1345.691 1346.929 1348.167 1347.257 1345.125 1342.995 1340.863 1338.569 1334.833 1331.097 1327.361 1323.625 1317.074 1308.358 1299.642 1290.926 1282.026 1266.968 1251.909 1236.85 1221.792 1214.145
1249.513 1233.53 1217.546 1211.625 1217.338 1223.051 1228.764 1234.477 1249.209 1264.645 1280.081 1295.517 1306.846 1311.784 1316.722 1321.66 1326.598 1327.072 1326.79 1326.508 1326.225 1324.672 1320.405 1316.138 1311.871 1307.604 1306.093 1305.347 1304.601 1303.855 1304.403 1308.912 1313.42 1317.929 1322.437 1327.359 1332.449 1337.539 1342.629 1347.037 1348.21 1349.383 1350.556 1351.729 1350.615 1348.203 1345.79 1343.377 1340.801 1336.778 1332.754 1328.731 1324.708 1317.606 1308.138 1298.669 1289.2 1279.578 1264.834 1250.09 1235.345 1220.6 1213.585
1249.006 1232.99 1216.974 1211.357 1217.763 1224.169 1230.576 1236.982 1252.01 1267.712 1283.414 1299.115 1310.574 1315.43 1320.287 1325.144 1330.001 1330.57 1330.412 1330.254 1330.096 1328.5 1323.833 1319.165 1314.497 1309.829 1307.921 1306.779 1305.638 1304.497 1304.825 1309.647 1314.47 1319.293 1324.116 1329.451 1334.996 1340.541 1346.086 1350.859 1351.967 1353.075 1354.183 1355.291 1353.974 1351.28 1348.585 1345.891 1343.032 1338.722 1334.412 1330.101 1325.791 1318.139 1307.917 1297.696 1287.474 1277.13 1262.7 1248.27 1233.839 1219.409 1213.026
1246.661 1231.443 1216.225 1211.282 1218.219 1225.155 1232.092 1239.028 1254.272 1270.165 1286.058 1301.951 1313.573 1318.551 1323.53 1328.508 1333.486 1334.247 1334.293 1334.339 1334.385 1332.852 1327.946 1323.041 1318.135 1313.23 1310.848 1309.168 1307.488 1305.808 1305.905 1311.437 1316.97 1322.502 1328.035 1333.847 1339.772 1345.698 1351.624 1356.639 1357.331 1358.023 1358.715 1359.406 1357.674 1354.564 1351.455 1348.345 1345.067 1340.302 1335.536 1330.77 1326.005 1317.375 1305.772 1294.169 1282.566 1270.907 1257.36 1243.813 1230.265 1216.718 1211.145
1244.14 1229.8 1215.46 1211.226 1218.677 1226.128 1233.579 1241.03 1256.483 1272.56 1288.637 1304.714 1316.503 1321.622 1326.741 1331.861 1336.98 1337.942 1338.199 1338.456 1338.713 1337.253 1332.126 1326.998 1321.87 1316.743 1313.881 1311.648 1309.415 1307.182 1307.047 1313.327 1319.607 1325.887 1332.168 1338.461 1344.761 1351.06 1357.36 1362.606 1362.848 1363.09 1363.333 1363.575 1361.407 1357.869 1354.331 1350.794 1347.083 1341.847 1336.61 1331.373 1326.136 1316.486 1303.443 1290.399 1277.356 1264.324 1251.714 1239.104 1226.494 1213.883 1209.138
1241.62 1228.157 1214.694 1211.169 1219.135 1227.101 1235.067 1243.033 1258.693 1274.954 1291.216 1307.477 1319.433 1324.693 1329.953 1335.213 1340.473 1341.636 1342.104 1342.573 1343.041 1341.655 1336.305 1330.955 1325.605 1320.256 1316.913 1314.128 1311.342 1308.557 1308.19 1315.217 1322.245 1329.272 1336.3 1343.076 1349.75 1356.423 1363.096 1368.573 1368.365 1368.158 1367.95 1367.743 1365.139 1361.173 1357.208 1353.242 1349.1 1343.391 1337.683 1331.975 1326.267 1315.598 1301.114 1286.629 1272.145 1257.742 1246.069 1234.396 1222.722 1211.049 1207.132
1239.099 1226.514 1213.929 1211.113 1219.594 1228.074 1236.555 1245.035 1260.903 1277.349 1293.794 1310.24 1322.363 1327.764 1333.165 1338.566 1343.967 1345.331 1346.01 1346.69 1347.37 1346.056 1340.484 1334.912 1329.341 1323.769 1319.945 1316.607 1313.27 1309.932 1309.332 1317.107 1324.882 1332.658 1340.433 1347.691 1354.738 1361.785 1368.832 1374.539 1373.882 1373.225 1372.568 1371.911 1368.871 1364.478 1360.084 1355.691 1351.116 1344.936 1338.757 1332.578 1326.398 1314.71 1298.785 1282.859 1266.934 1251.159 1240.423 1229.687 1218.951 1208.215 1205.125
1238.064 1226.321 1214.577 1212.34 1221.096 1229.851 1238.607 1247.362 1263.022 1279.221 1295.421 1311.62 1323.718 1329.436 1335.153 1340.871 1346.588 1348.425 1349.605 1350.784 1351.963 1350.972 1345.343 1339.714 1334.086 1328.457 1324.129 1320.163 1316.196 1312.23 1311.28 1319.556 1327.833 1336.11 1344.387 1351.982 1359.299 1366.616 1373.933 1379.81 1378.852 1377.894 1376.936 1375.977 1372.613 1367.88 1363.147 1358.415 1353.462 1346.555 1339.648 1332.74 1325.833 1313.305 1296.454 1279.603 1262.752 1246.102 1236.182 1226.262 1216.343 1206.423 1204.081
1239.341 1228.382 1217.424 1215.563 1224.221 1232.879 1241.537 1250.195 1264.999 1280.283 1295.567 1310.85 1322.622 1328.93 1335.238 1341.546 1347.854 1350.588 1352.715 1354.842 1356.969 1356.688 1351.26 1345.831 1340.403 1334.975 1330.106 1325.391 1320.677 1315.963 1314.479 1322.875 1331.271 1339.667 1348.063 1355.77 1363.195 1370.62 1378.045 1384.0 1382.972 1381.943 1380.914 1379.886 1376.367 1371.434 1366.501 1361.568 1356.321 1348.287 1340.253 1332.219 1324.185 1311.097 1294.121 1277.145 1260.17 1243.417 1234.125 1224.834 1215.543 1206.252 1204.533
1240.617 1230.444 1220.271 1218.786 1227.347 1235.907 1244.468 1253.028 1266.976 1281.344 1295.712 1310.081 1321.526 1328.425 1335.323 1342.222 1349.12 1352.75 1355.825 1358.9 1361.976 1362.404 1357.176 1351.948 1346.72 1341.493 1336.082 1330.62 1325.158 1319.697 1317.678 1326.194 1334.709 1343.224 1351.739 1359.557 1367.091 1374.624 1382.158 1388.19 1387.091 1385.992 1384.893 1383.794 1380.122 1374.989 1369.855 1364.722 1359.18 1350.019 1340.859 1331.698 1322.537 1308.889 1291.788 1274.688 1257.588 1240.732 1232.069 1223.406 1214.743 1206.08 1204.985
1241.893 1232.506 1223.118 1222.009 1230.472 1238.935 1247.398 1255.861 1268.952 1282.405 1295.858 1309.311 1320.43 1327.919 1335.408 1342.897 1350.386 1354.912 1358.935 1362.958 1366.982 1368.12 1363.092 1358.065 1353.038 1348.01 1342.058 1335.849 1329.639 1323.43 1320.878 1329.512 1338.147 1346.781 1355.415 1363.345 1370.987 1378.629 1386.271 1392.38 1391.21 1390.041 1388.871 1387.702 1383.877 1378.543 1373.209 1367.875 1362.039 1351.751 1341.464 1331.176 1320.889 1306.68 1289.455 1272.23 1255.005 1238.047 1230.012 1221.978 1213.943 1205.909 1205.437
1243.169 1234.567 1225.965 1225.232 1233.598 1241.963 1250.328 1258.694 1270.929 1283.466 1296.004 1308.541 1319.334 1327.414 1335.493 1343.573 1351.652 1357.074 1362.045 1367.017 1371.988 1373.835 1369.009 1364.182 1359.355 1354.528 1348.034 1341.077 1334.12 1327.164 1324.078 1332.831 1341.585 1350.338 1359.092 1367.132 1374.883 1382.633 1390.383 1396.57 1395.33 1394.09 1392.85 1391.61 1387.632 1382.097 1376.563 1371.029 1364.898 1353.483 1342.069 1330.655 1319.241 1304.472 1287.123 1269.773 1252.423 1235.362 1227.956 1220.55 1213.144 1205.738 1205.888
1251.474 1242.942 1234.41 1232.937 1239.627 1246.317 1253.007 1259.696 1270.69 1282.02 1293.35 1304.68 1314.984 1323.691 1332.399 1341.106 1349.814 1356.371 1362.564 1368.756 1374.949 1377.904 1373.942 1369.979 1366.017 1362.054 1355.838 1348.996 1342.154 1335.311 1332.07 1339.845 1347.621 1355.396 1363.171 1370.38 1377.358 1384.335 1391.313 1396.862 1395.627 1394.392 1393.157 1391.922 1387.845 1382.152 1376.46 1370.768 1364.459 1352.691 1340.922 1329.154 1317.386 1302.52 1285.272 1268.023 1250.776 1233.829 1226.981 1220.132 1213.284 1206.436 1207.633
1260.834 1252.264 1243.694 1241.314 1246.092 1250.869 1255.647 1260.424 1270.119 1280.198 1290.277 1300.355 1310.146 1319.487 1328.828 1338.169 1347.51 1355.239 1362.693 1370.148 1377.603 1381.725 1378.727 1375.729 1372.731 1369.732 1363.917 1357.318 1350.719 1344.121 1340.782 1347.414 1354.047 1360.679 1367.311 1373.546 1379.619 1385.692 1391.765 1396.57 1395.351 1394.133 1392.914 1391.695 1387.527 1381.683 1375.839 1369.995 1363.526 1351.519 1339.512 1327.505 1315.499 1300.606 1283.494 1266.38 1249.268 1232.469 1226.167 1219.866 1213.565 1207.264 1209.572
1270.194 1261.586 1252.978 1249.691 1252.556 1255.422 1258.287 1261.152 1269.548 1278.375 1287.203 1296.03 1305.307 1315.282 1325.257 1335.232 1345.207 1354.106 1362.823 1371.54 1380.257 1385.546 1383.512 1381.478 1379.444 1377.41 1371.995 1365.64 1359.285 1352.931 1349.494 1354.983 1360.472 1365.961 1371.451 1376.712 1381.881 1387.049 1392.218 1396.278 1395.076 1393.873 1392.671 1391.468 1387.209 1381.213 1375.218 1369.222 1362.592 1350.347 1338.102 1325.857 1313.612 1298.692 1281.715 1264.738 1247.76 1231.108 1225.354 1219.6 1213.846 1208.093 1211.51
1279.554 1270.908 1262.262 1258.068 1259.021 1259.974 1260.927 1261.881 1268.977 1276.553 1284.13 1291.706 1300.469 1311.077 1321.686 1332.295 1342.903 1352.974 1362.953 1372.932 1382.911 1389.368 1388.298 1387.228 1386.158 1385.088 1380.073 1373.962 1367.851 1361.74 1358.206 1362.552 1366.898 1371.244 1375.59 1379.878 1384.142 1388.406 1392.67 1395.986 1394.8 1393.614 1392.427 1391.241 1386.891 1380.744 1374.596 1368.449 1361.659 1349.175 1336.692 1324.209 1311.726 1296.778 1279.937 1263.095 1246.253 1229.748 1224.541 1219.335 1214.128 1208.921 1213.449
1287.339 1278.727 1270.115 1265.273 1264.79 1264.308 1263.826 1263.343 1269.479 1276.132 1282.785 1289.438 1297.82 1308.893 1319.966 1331.039 1342.111 1352.847 1363.525 1374.203 1384.881 1392.053 1391.737 1391.42 1391.103 1390.787 1386.336 1380.736 1375.136 1369.537 1366.142 1369.494 1372.846 1376.198 1379.55 1382.776 1385.951 1389.126 1392.301 1394.657 1393.127 1391.597 1390.068 1388.538 1384.056 1377.896 1371.736 1365.577 1358.82 1346.77 1334.721 1322.672 1310.623 1295.951 1279.262 1262.572 1245.883 1229.533 1224.556 1219.58 1214.604 1209.628 1214.869
1292.172 1283.728 1275.283 1270.28 1269.256 1268.232 1267.208 1266.184 1271.994 1278.338 1284.682 1291.026 1299.278 1310.497 1321.716 1332.935 1344.154 1354.605 1364.926 1375.246 1385.567 1392.609 1392.65 1392.691 1392.732 1392.773 1389.193 1384.606 1380.019 1375.432 1372.625 1375.262 1377.899 1380.536 1383.173 1385.173 1386.912 1388.651 1390.39 1391.384 1388.835 1386.287 1383.739 1381.191 1376.499 1370.588 1364.678 1358.767 1352.406 1342.052 1331.699 1321.345 1310.992 1297.161 1280.656 1264.15 1247.645 1231.463 1226.124 1220.785 1215.446 1210.107 1215.316
1297.005 1288.728 1280.452 1275.287 1273.722 1272.156 1270.59 1269.024 1274.509 1280.544 1286.579 1292.615 1300.736 1312.101 1323.466 1334.832 1346.197 1356.364 1366.326 1376.289 1386.252 1393.166 1393.564 1393.963 1394.361 1394.76 1392.049 1388.475 1384.902 1381.328 1379.108 1381.03 1382.952 1384.874 1386.796 1387.569 1387.872 1388.176 1388.48 1388.111 1384.544 1380.977 1377.411 1373.844 1368.942 1363.281 1357.62 1351.958 1345.993 1337.335 1328.677 1320.019 1311.361 1298.371 1282.05 1265.729 1249.408 1233.394 1227.692 1221.99 1216.288 1210.586 1215.763
1301.837 1293.729 1285.62 1280.295 1278.187 1276.08 1273.972 1271.864 1277.023 1282.75 1288.477 1294.203 1302.193 1313.705 1325.217 1336.728 1348.24 1358.122 1367.727 1377.333 1386.938 1393.722 1394.478 1395.234 1395.99 1396.746 1394.906 1392.345 1389.785 1387.224 1385.591 1386.798 1388.005 1389.212 1390.418 1389.965 1388.833 1387.701 1386.57 1384.837 1380.252 1375.668 1371.083 1366.498 1361.385 1355.973 1350.561 1345.149 1339.58 1332.617 1325.655 1318.692 1311.729 1299.581 1283.444 1267.307 1251.17 1235.325 1229.26 1223.195 1217.13 1211.065 1216.21
1306.67 1298.729 1290.788 1285.302 1282.653 1280.003 1277.354 1274.705 1279.538 1284.956 1290.374 1295.792 1303.651 1315.309 1326.967 1338.625 1350.283 1359.88 1369.128 1378.376 1387.624 1394.278 1395.392 1396.505 1397.619 1398.732 1397.763 1396.215 1394.667 1393.119 1392.074 1392.566 1393.057 1393.549 1394.041 1392.361 1389.793 1387.226 1384.659 1381.564 1375.961 1370.358 1364.754 1359.151 1353.829 1348.666 1343.503 1338.34 1333.167 1327.9 1322.632 1317.365 1312.098 1300.791 1284.838 1268.885 1252.933 1237.256 1230.828 1224.4 1217.972 1211.544 1216.657
1308.006 1300.403 1292.801 1287.545 1285.003 1282.461 1279.919 1277.377 1281.906 1286.988 1292.071 1297.153 1304.745 1316.24 1327.735 1339.231 1350.726 1360.235 1369.408 1378.58 1387.752 1394.384 1395.586 1396.789 1397.991 1399.194 1398.578 1397.457 1396.335 1395.214 1394.439 1394.721 1395.004 1395.286 1395.568 1393.742 1391.055 1388.368 1385.681 1382.327 1375.799 1369.271 1362.744 1356.216 1350.221 1344.529 1338.836 1333.144 1327.529 1322.602 1317.674 1312.746 1307.819 1297.037 1281.752 1266.466 1251.181 1236.17 1230.359 1224.548 1218.737 1212.926 1218.128
