data/zism_data/00412_02_D.txt
ncols         224
nrows         224
[rows 140 to 167 of 224, columns 0 to 62 of 224]
1598.867 1599.063 1599.26 1599.456 1599.525 1599.588 1599.651 1599.713 1599.773 1599.828 1599.883 1599.938 1599.993 1600.0 1600.0 1600.0 1600.0 1600.0 1600.0 1600.0 1600.0 1600.0 1600.0 1600.0 1600.0 1600.0 1599.947 1599.727 1599.507 1599.287 1599.067 1598.898 1598.751 1598.604 1598.458 1598.302 1598.092 1597.882 1597.673 1597.463 1597.302 1597.17 1597.039 1596.908 1596.805 1597.101 1597.398 1597.694 1597.99 1598.207 1598.351 1598.495 1598.639 1598.783 1598.786 1598.786 1598.786 1598.786 1598.786 1598.786 1598.786 1598.786 1598.786
1599.183 1599.395 1599.608 1599.82 1599.849 1599.869 1599.889 1599.909 1599.928 1599.945 1599.963 1599.98 1599.998 1600.0 1600.0 1600.0 1600.0 1600.0 1600.0 1600.0 1600.0 1600.0 1600.0 1600.0 1600.0 1600.0 1599.947 1599.727 1599.507 1599.287 1599.067 1598.898 1598.751 1598.604 1598.458 1598.308 1598.141 1597.974 1597.808 1597.641 1597.49 1597.348 1597.206 1597.064 1596.954 1597.299 1597.643 1597.987 1598.332 1598.546 1598.642 1598.738 1598.834 1598.93 1598.932 1598.932 1598.932 1598.932 1598.932 1598.932 1598.932 1598.932 1598.932
1599.434 1599.646 1599.857 1600.069 1600.086 1600.094 1600.103 1600.112 1600.117 1600.117 1600.117 1600.117 1600.117 1600.117 1600.117 1600.117 1600.117 1600.11 1600.09 1600.07 1600.05 1600.03 1600.021 1600.016 1600.01 1600.004 1599.947 1599.727 1599.507 1599.287 1599.067 1598.906 1598.771 1598.635 1598.5 1598.362 1598.213 1598.063 1597.914 1597.764 1597.627 1597.497 1597.367 1597.238 1597.139 1597.489 1597.839 1598.189 1598.538 1598.753 1598.843 1598.934 1599.024 1599.115 1599.117 1599.117 1599.117 1599.117 1599.117 1599.117 1599.117 1599.117 1599.117
1599.629 1599.824 1600.02 1600.215 1600.247 1600.272 1600.296 1600.321 1600.335 1600.335 1600.335 1600.335 1600.335 1600.335 1600.335 1600.335 1600.335 1600.317 1600.259 1600.202 1600.145 1600.087 1600.062 1600.045 1600.029 1600.012 1599.947 1599.727 1599.507 1599.287 1599.067 1598.921 1598.807 1598.693 1598.579 1598.459 1598.304 1598.149 1597.994 1597.839 1597.719 1597.622 1597.524 1597.427 1597.356 1597.674 1597.991 1598.309 1598.627 1598.842 1598.965 1599.088 1599.21 1599.333 1599.335 1599.335 1599.335 1599.335 1599.335 1599.335 1599.335 1599.335 1599.335
1599.823 1600.003 1600.182 1600.362 1600.408 1600.449 1600.49 1600.53 1600.554 1600.554 1600.554 1600.554 1600.554 1600.554 1600.554 1600.554 1600.554 1600.523 1600.428 1600.334 1600.239 1600.144 1600.102 1600.075 1600.048 1600.021 1599.947 1599.727 1599.507 1599.287 1599.067 1598.936 1598.843 1598.751 1598.658 1598.555 1598.395 1598.235 1598.074 1597.914 1597.812 1597.746 1597.681 1597.615 1597.573 1597.858 1598.144 1598.429 1598.715 1598.932 1599.087 1599.242 1599.396 1599.551 1599.554 1599.554 1599.554 1599.554 1599.554 1599.554 1599.554 1599.554 1599.554
1600.018 1600.182 1600.345 1600.508 1600.57 1600.626 1600.683 1600.74 1600.773 1600.773 1600.773 1600.773 1600.773 1600.773 1600.773 1600.773 1600.773 1600.73 1600.598 1600.465 1600.333 1600.201 1600.142 1600.104 1600.067 1600.029 1599.947 1599.727 1599.507 1599.287 1599.067 1598.951 1598.88 1598.808 1598.737 1598.652 1598.486 1598.321 1598.155 1597.989 1597.904 1597.871 1597.838 1597.804 1597.79 1598.043 1598.296 1598.55 1598.803 1599.022 1599.209 1599.396 1599.582 1599.769 1599.773 1599.773 1599.773 1599.773 1599.773 1599.773 1599.773 1599.773 1599.773
1600.213 1600.36 1600.508 1600.655 1600.731 1600.804 1600.877 1600.949 1600.992 1600.992 1600.992 1600.992 1600.992 1600.992 1600.992 1600.992 1600.992 1600.937 1600.767 1600.597 1600.427 1600.257 1600.182 1600.134 1600.085 1600.037 1599.947 1599.727 1599.507 1599.287 1599.067 1598.965 1598.916 1598.866 1598.816 1598.748 1598.577 1598.406 1598.235 1598.064 1597.997 1597.995 1597.994 1597.993 1598.006 1598.228 1598.449 1598.67 1598.891 1599.112 1599.33 1599.549 1599.768 1599.987 1599.992 1599.992 1599.992 1599.992 1599.992 1599.992 1599.992 1599.992 1599.992
1600.407 1600.585 1600.762 1600.94 1601.003 1601.061 1601.119 1601.177 1601.204 1601.189 1601.174 1601.158 1601.143 1601.114 1601.083 1601.052 1601.021 1600.946 1600.78 1600.614 1600.448 1600.282 1600.199 1600.14 1600.081 1600.022 1599.925 1599.71 1599.495 1599.28 1599.065 1598.973 1598.935 1598.896 1598.857 1598.799 1598.633 1598.467 1598.301 1598.135 1598.089 1598.12 1598.151 1598.182 1598.222 1598.396 1598.57 1598.743 1598.917 1599.115 1599.335 1599.555 1599.775 1599.995 1600.0 1600.0 1600.0 1600.0 1600.0 1600.0 1600.0 1600.0 1600.0
1600.601 1600.811 1601.021 1601.231 1601.28 1601.322 1601.363 1601.405 1601.417 1601.385 1601.354 1601.322 1601.291 1601.232 1601.169 1601.106 1601.042 1600.948 1600.787 1600.626 1600.466 1600.305 1600.215 1600.145 1600.075 1600.005 1599.902 1599.693 1599.483 1599.273 1599.064 1598.981 1598.953 1598.925 1598.897 1598.849 1598.688 1598.527 1598.367 1598.206 1598.182 1598.245 1598.308 1598.371 1598.438 1598.563 1598.689 1598.814 1598.94 1599.115 1599.335 1599.555 1599.775 1599.995 1600.0 1600.0 1600.0 1600.0 1600.0 1600.0 1600.0 1600.0 1600.0
1600.795 1601.037 1601.279 1601.521 1601.556 1601.582 1601.608 1601.633 1601.629 1601.581 1601.534 1601.486 1601.439 1601.35 1601.254 1601.159 1601.064 1600.949 1600.794 1600.639 1600.483 1600.328 1600.231 1600.151 1600.07 1599.989 1599.879 1599.675 1599.471 1599.266 1599.062 1598.988 1598.971 1598.954 1598.937 1598.898 1598.743 1598.588 1598.432 1598.277 1598.274 1598.369 1598.464 1598.56 1598.654 1598.731 1598.808 1598.886 1598.963 1599.115 1599.335 1599.555 1599.775 1599.995 1600.0 1600.0 1600.0 1600.0 1600.0 1600.0 1600.0 1600.0 1600.0
1600.989 1601.263 1601.537 1601.811 1601.833 1601.842 1601.852 1601.862 1601.841 1601.777 1601.714 1601.65 1601.587 1601.468 1601.34 1601.213 1601.086 1600.951 1600.801 1600.651 1600.501 1600.351 1600.247 1600.156 1600.064 1599.973 1599.856 1599.657 1599.458 1599.259 1599.061 1598.995 1598.989 1598.983 1598.976 1598.948 1598.798 1598.648 1598.498 1598.348 1598.367 1598.494 1598.621 1598.748 1598.869 1598.898 1598.928 1598.957 1598.986 1599.115 1599.335 1599.555 1599.775 1599.995 1600.0 1600.0 1600.0 1600.0 1600.0 1600.0 1600.0 1600.0 1600.0
1601.232 1601.512 1601.793 1602.074 1602.074 1602.062 1602.049 1602.036 1601.996 1601.916 1601.836 1601.757 1601.677 1601.539 1601.392 1601.246 1601.099 1600.95 1600.797 1600.644 1600.491 1600.338 1600.22 1600.111 1600.003 1599.895 1599.77 1599.591 1599.412 1599.233 1599.054 1599.0 1599.0 1599.0 1599.0 1598.98 1598.845 1598.711 1598.577 1598.443 1598.472 1598.606 1598.741 1598.875 1599.0 1599.0 1599.0 1599.0 1599.0 1599.115 1599.335 1599.555 1599.775 1599.995 1600.0 1600.0 1600.0 1600.0 1600.0 1600.0 1600.0 1600.0 1600.0
1601.548 1601.797 1602.046 1602.294 1602.262 1602.218 1602.173 1602.128 1602.062 1601.966 1601.871 1601.775 1601.679 1601.539 1601.392 1601.246 1601.099 1600.945 1600.776 1600.607 1600.438 1600.268 1600.126 1599.991 1599.856 1599.72 1599.585 1599.449 1599.313 1599.177 1599.041 1599.0 1599.0 1599.0 1599.0 1598.984 1598.883 1598.781 1598.679 1598.577 1598.599 1598.701 1598.803 1598.905 1599.0 1599.0 1599.0 1599.0 1599.0 1599.115 1599.335 1599.555 1599.775 1599.995 1600.0 1600.0 1600.0 1600.0 1600.0 1600.0 1600.0 1600.0 1600.0
1601.865 1602.081 1602.298 1602.515 1602.45 1602.374 1602.297 1602.22 1602.129 1602.017 1601.905 1601.793 1601.681 1601.539 1601.392 1601.246 1601.099 1600.94 1600.754 1600.569 1600.384 1600.199 1600.032 1599.87 1599.708 1599.546 1599.401 1599.308 1599.215 1599.121 1599.028 1599.0 1599.0 1599.0 1599.0 1598.989 1598.92 1598.85 1598.78 1598.71 1598.725 1598.795 1598.865 1598.935 1599.0 1599.0 1599.0 1599.0 1599.0 1599.115 1599.335 1599.555 1599.775 1599.995 1600.0 1600.0 1600.0 1600.0 1600.0 1600.0 1600.0 1600.0 1600.0
1602.181 1602.366 1602.55 1602.735 1602.639 1602.53 1602.421 1602.312 1602.195 1602.067 1601.939 1601.811 1601.683 1601.539 1601.392 1601.246 1601.099 1600.934 1600.733 1600.532 1600.331 1600.13 1599.938 1599.75 1599.561 1599.372 1599.217 1599.166 1599.116 1599.066 1599.015 1599.0 1599.0 1599.0 1599.0 1598.994 1598.957 1598.919 1598.881 1598.843 1598.851 1598.889 1598.927 1598.965 1599.0 1599.0 1599.0 1599.0 1599.0 1599.115 1599.335 1599.555 1599.775 1599.995 1600.0 1600.0 1600.0 1600.0 1600.0 1600.0 1600.0 1600.0 1600.0
1602.498 1602.65 1602.803 1602.955 1602.827 1602.686 1602.545 1602.403 1602.261 1602.117 1601.973 1601.829 1601.685 1601.539 1601.392 1601.246 1601.099 1600.929 1600.712 1600.495 1600.277 1600.06 1599.844 1599.629 1599.413 1599.198 1599.032 1599.025 1599.017 1599.01 1599.002 1599.0 1599.0 1599.0 1599.0 1598.999 1598.994 1598.988 1598.982 1598.977 1598.978 1598.984 1598.989 1598.995 1599.0 1599.0 1599.0 1599.0 1599.0 1599.115 1599.335 1599.555 1599.775 1599.995 1600.0 1600.0 1600.0 1600.0 1600.0 1600.0 1600.0 1600.0 1600.0
1602.854 1603.001 1603.148 1603.294 1603.131 1602.953 1602.776 1602.598 1602.419 1602.237 1602.055 1601.872 1601.69 1601.505 1601.318 1601.132 1600.945 1600.752 1600.545 1600.338 1600.131 1599.925 1599.728 1599.535 1599.341 1599.147 1599.006 1599.033 1599.059 1599.086 1599.112 1599.12 1599.12 1599.12 1599.12 1599.12 1599.12 1599.12 1599.12 1599.12 1599.12 1599.12 1599.12 1599.12 1599.121 1599.13 1599.139 1599.147 1599.156 1599.257 1599.442 1599.626 1599.811 1599.996 1600.0 1600.0 1600.0 1600.0 1600.0 1600.0 1600.0 1600.0 1600.0
1603.219 1603.366 1603.513 1603.659 1603.46 1603.245 1603.03 1602.815 1602.595 1602.371 1602.146 1601.921 1601.696 1601.463 1601.228 1600.993 1600.759 1600.538 1600.348 1600.157 1599.966 1599.775 1599.607 1599.446 1599.284 1599.123 1599.014 1599.073 1599.131 1599.19 1599.248 1599.266 1599.266 1599.266 1599.266 1599.266 1599.266 1599.266 1599.266 1599.266 1599.266 1599.266 1599.266 1599.266 1599.268 1599.287 1599.307 1599.326 1599.346 1599.429 1599.571 1599.713 1599.855 1599.997 1600.0 1600.0 1600.0 1600.0 1600.0 1600.0 1600.0 1600.0 1600.0
1603.584 1603.731 1603.877 1604.024 1603.789 1603.536 1603.284 1603.031 1602.772 1602.505 1602.237 1601.969 1601.702 1601.421 1601.138 1600.855 1600.572 1600.325 1600.15 1599.975 1599.801 1599.626 1599.487 1599.357 1599.228 1599.099 1599.022 1599.112 1599.203 1599.294 1599.385 1599.412 1599.412 1599.412 1599.412 1599.412 1599.412 1599.412 1599.412 1599.412 1599.412 1599.412 1599.412 1599.412 1599.414 1599.444 1599.475 1599.505 1599.535 1599.601 1599.7 1599.8 1599.899 1599.998 1600.0 1600.0 1600.0 1600.0 1600.0 1600.0 1600.0 1600.0 1600.0
1603.949 1604.095 1604.242 1604.389 1604.118 1603.828 1603.538 1603.248 1602.949 1602.639 1602.328 1602.018 1601.707 1601.379 1601.048 1600.717 1600.386 1600.111 1599.953 1599.794 1599.635 1599.476 1599.366 1599.269 1599.171 1599.074 1599.029 1599.152 1599.275 1599.398 1599.521 1599.558 1599.558 1599.558 1599.558 1599.558 1599.558 1599.558 1599.558 1599.558 1599.558 1599.558 1599.558 1599.558 1599.561 1599.602 1599.643 1599.684 1599.724 1599.773 1599.83 1599.886 1599.943 1599.999 1600.0 1600.0 1600.0 1600.0 1600.0 1600.0 1600.0 1600.0 1600.0
1604.322 1604.466 1604.61 1604.754 1604.445 1604.116 1603.788 1603.459 1603.119 1602.763 1602.407 1602.051 1601.694 1601.333 1600.97 1600.607 1600.244 1599.956 1599.82 1599.684 1599.548 1599.413 1599.334 1599.272 1599.209 1599.147 1599.135 1599.285 1599.434 1599.584 1599.733 1599.787 1599.799 1599.812 1599.824 1599.833 1599.82 1599.808 1599.796 1599.783 1599.776 1599.772 1599.768 1599.764 1599.762 1599.8 1599.838 1599.876 1599.914 1599.942 1599.961 1599.98 1599.999 1600.018 1600.015 1600.01 1600.006 1600.002 1600.0 1600.0 1600.0 1600.0 1600.0
1604.719 1604.852 1604.986 1605.119 1604.769 1604.397 1604.026 1603.654 1603.267 1602.857 1602.448 1602.038 1601.628 1601.274 1600.927 1600.58 1600.234 1599.97 1599.877 1599.784 1599.691 1599.598 1599.562 1599.543 1599.523 1599.503 1599.527 1599.687 1599.847 1600.007 1600.167 1600.258 1600.319 1600.379 1600.44 1600.482 1600.421 1600.361 1600.3 1600.24 1600.204 1600.184 1600.164 1600.143 1600.124 1600.12 1600.115 1600.11 1600.105 1600.101 1600.099 1600.096 1600.094 1600.092 1600.072 1600.052 1600.031 1600.011 1600.0 1600.0 1600.0 1600.0 1600.0
1605.116 1605.239 1605.361 1605.484 1605.093 1604.678 1604.264 1603.849 1603.415 1602.952 1602.489 1602.026 1601.563 1601.215 1600.884 1600.553 1600.223 1599.984 1599.933 1599.883 1599.833 1599.783 1599.79 1599.813 1599.837 1599.86 1599.918 1600.089 1600.26 1600.431 1600.602 1600.729 1600.838 1600.947 1601.055 1601.131 1601.022 1600.914 1600.805 1600.696 1600.632 1600.596 1600.559 1600.523 1600.486 1600.439 1600.391 1600.343 1600.296 1600.26 1600.237 1600.213 1600.189 1600.165 1600.129 1600.093 1600.057 1600.021 1600.0 1600.0 1600.0 1600.0 1600.0
1605.514 1605.625 1605.737 1605.849 1605.417 1604.959 1604.502 1604.045 1603.563 1603.046 1602.53 1602.013 1601.496 1601.156 1600.841 1600.526 1600.212 1599.998 1599.99 1599.983 1599.976 1599.968 1600.018 1600.084 1600.15 1600.216 1600.31 1600.492 1600.673 1600.855 1601.036 1601.201 1601.358 1601.514 1601.671 1601.78 1601.623 1601.467 1601.31 1601.153 1601.06 1601.007 1600.955 1600.903 1600.848 1600.758 1600.667 1600.577 1600.486 1600.419 1600.374 1600.329 1600.284 1600.238 1600.186 1600.134 1600.082 1600.03 1600.0 1600.0 1600.0 1600.0 1600.0
1605.911 1606.012 1606.113 1606.214 1605.74 1605.24 1604.74 1604.24 1603.711 1603.141 1602.571 1602.001 1601.431 1601.097 1600.798 1600.5 1600.201 1600.012 1600.047 1600.083 1600.118 1600.153 1600.246 1600.355 1600.464 1600.573 1600.702 1600.894 1601.086 1601.278 1601.471 1601.672 1601.877 1602.082 1602.287 1602.429 1602.224 1602.019 1601.814 1601.609 1601.488 1601.419 1601.351 1601.283 1601.21 1601.077 1600.944 1600.81 1600.677 1600.578 1600.512 1600.445 1600.379 1600.312 1600.244 1600.175 1600.107 1600.039 1600.0 1600.0 1600.0 1600.0 1600.0
1606.364 1606.436 1606.508 1606.58 1606.092 1605.579 1605.065 1604.552 1604.003 1603.405 1602.807 1602.209 1601.611 1601.269 1600.964 1600.66 1600.355 1600.182 1600.278 1600.375 1600.472 1600.568 1600.714 1600.873 1601.032 1601.191 1601.365 1601.586 1601.807 1602.029 1602.25 1602.432 1602.597 1602.762 1602.927 1603.035 1602.826 1602.617 1602.408 1602.199 1602.066 1601.981 1601.897 1601.813 1601.722 1601.542 1601.362 1601.183 1601.003 1600.873 1600.789 1600.704 1600.62 1600.535 1600.451 1600.367 1600.282 1600.198 1600.136 1600.103 1600.07 1600.037 1600.004
1606.843 1606.878 1606.912 1606.947 1606.457 1605.944 1605.43 1604.917 1604.361 1603.747 1603.133 1602.519 1601.905 1601.547 1601.226 1600.906 1600.585 1600.423 1600.589 1600.756 1600.922 1601.088 1601.291 1601.503 1601.716 1601.928 1602.152 1602.411 1602.669 1602.928 1603.187 1603.325 1603.409 1603.494 1603.579 1603.621 1603.428 1603.235 1603.042 1602.849 1602.713 1602.612 1602.512 1602.411 1602.302 1602.074 1601.847 1601.619 1601.391 1601.229 1601.129 1601.028 1600.928 1600.828 1600.727 1600.627 1600.526 1600.426 1600.334 1600.252 1600.171 1600.09 1600.009
1607.322 1607.319 1607.316 1607.313 1606.822 1606.308 1605.795 1605.281 1604.72 1604.089 1603.459 1602.829 1602.199 1601.824 1601.488 1601.151 1600.815 1600.665 1600.901 1601.136 1601.372 1601.608 1601.867 1602.133 1602.399 1602.666 1602.939 1603.235 1603.531 1603.828 1604.124 1604.217 1604.222 1604.226 1604.23 1604.207 1604.03 1603.853 1603.676 1603.5 1603.359 1603.243 1603.126 1603.01 1602.883 1602.607 1602.331 1602.055 1601.779 1601.586 1601.469 1601.353 1601.236 1601.12 1601.003 1600.887 1600.77 1600.654 1600.532 1600.402 1600.273 1600.143 1600.014
