data/zism_data/00415_02_D.txt
ncols         224
nrows         224
[rows 140 to 167 of 224, columns 0 to 62 of 224]
1695.756 1698.047 1698.496 1698.946 1699.396 1699.846 1698.132 1695.289 1692.445 1689.602 1686.629 1682.419 1678.209 1674.0 1669.79 1668.398 1669.477 1670.556 1671.635 1672.714 1677.157 1681.702 1686.247 1690.791 1694.49 1696.965 1699.44 1701.915 1704.39 1705.793 1707.001 1708.21 1709.418 1710.45 1711.038 1711.626 1712.215 1712.803 1712.648 1712.208 1711.768 1711.328 1710.779 1709.665 1708.55 1707.435 1706.321 1704.873 1703.202 1701.53 1699.859 1698.223 1697.521 1696.818 1696.115 1695.412 1695.105 1695.236 1695.368 1695.499 1695.63 1696.145 1696.698
1693.875 1696.925 1697.633 1698.341 1699.049 1699.757 1698.631 1696.546 1694.461 1692.377 1690.152 1686.588 1683.024 1679.461 1675.897 1674.377 1674.648 1674.92 1675.191 1675.463 1679.402 1683.451 1687.501 1691.551 1694.954 1697.424 1699.894 1702.363 1704.833 1706.289 1707.562 1708.835 1710.108 1711.211 1711.885 1712.56 1713.234 1713.909 1713.898 1713.625 1713.352 1713.078 1712.702 1711.786 1710.871 1709.955 1709.04 1707.55 1705.674 1703.798 1701.922 1700.082 1699.186 1698.289 1697.393 1696.496 1696.024 1696.02 1696.017 1696.013 1696.01 1696.42 1696.871
1691.995 1695.803 1696.769 1697.736 1698.702 1699.668 1699.129 1697.803 1696.478 1695.152 1693.675 1690.757 1687.839 1684.921 1682.004 1680.355 1679.819 1679.283 1678.747 1678.212 1681.646 1685.201 1688.755 1692.31 1695.419 1697.883 1700.347 1702.812 1705.276 1706.786 1708.124 1709.461 1710.799 1711.972 1712.733 1713.493 1714.254 1715.014 1715.148 1715.042 1714.935 1714.829 1714.624 1713.908 1713.192 1712.475 1711.759 1710.226 1708.146 1706.066 1703.985 1701.941 1700.851 1699.761 1698.671 1697.58 1696.942 1696.804 1696.666 1696.528 1696.39 1696.695 1697.044
1689.433 1693.973 1695.328 1696.682 1698.037 1699.392 1699.42 1698.756 1698.091 1697.427 1696.605 1694.277 1691.949 1689.621 1687.294 1685.578 1684.399 1683.219 1682.04 1680.86 1683.817 1686.899 1689.98 1693.062 1695.881 1698.323 1700.764 1703.206 1705.647 1707.211 1708.615 1710.02 1711.424 1712.673 1713.53 1714.387 1715.244 1716.101 1716.396 1716.475 1716.554 1716.633 1716.614 1716.085 1715.556 1715.028 1714.499 1712.955 1710.731 1708.506 1706.282 1704.093 1702.834 1701.576 1700.317 1699.059 1698.249 1697.936 1697.623 1697.309 1696.996 1697.164 1697.379
1684.396 1689.57 1691.786 1694.002 1696.218 1698.434 1698.959 1698.601 1698.244 1697.886 1697.378 1695.438 1693.498 1691.558 1689.617 1688.057 1686.829 1685.601 1684.373 1683.145 1685.719 1688.408 1691.096 1693.785 1696.337 1698.693 1701.048 1703.403 1705.759 1707.373 1708.852 1710.332 1711.812 1713.153 1714.145 1715.136 1716.128 1717.12 1717.635 1717.966 1718.298 1718.63 1718.847 1718.464 1718.08 1717.697 1717.313 1715.873 1713.724 1711.575 1709.426 1707.307 1705.973 1704.639 1703.305 1701.972 1700.969 1700.333 1699.696 1699.06 1698.424 1698.338 1698.305
1679.358 1685.167 1688.244 1691.321 1694.398 1697.475 1698.498 1698.447 1698.396 1698.345 1698.152 1696.599 1695.046 1693.494 1691.941 1690.536 1689.259 1687.983 1686.707 1685.431 1687.622 1689.917 1692.213 1694.508 1696.793 1699.062 1701.332 1703.601 1705.87 1707.535 1709.09 1710.645 1712.2 1713.633 1714.76 1715.886 1717.012 1718.138 1718.873 1719.458 1720.043 1720.628 1721.081 1720.843 1720.604 1720.366 1720.128 1718.791 1716.718 1714.644 1712.57 1710.521 1709.112 1707.703 1706.293 1704.884 1703.689 1702.729 1701.77 1700.811 1699.852 1699.512 1699.231
1674.321 1680.763 1684.702 1688.64 1692.578 1696.517 1698.036 1698.292 1698.548 1698.804 1698.925 1697.76 1696.595 1695.43 1694.265 1693.015 1691.69 1690.365 1689.04 1687.716 1689.524 1691.427 1693.329 1695.232 1697.249 1699.432 1701.615 1703.798 1705.981 1707.697 1709.327 1710.958 1712.588 1714.114 1715.374 1716.635 1717.896 1719.157 1720.112 1720.95 1721.788 1722.626 1723.314 1723.221 1723.128 1723.036 1722.943 1721.709 1719.711 1717.713 1715.714 1713.735 1712.25 1710.766 1709.281 1707.797 1706.408 1705.126 1703.844 1702.562 1701.28 1700.686 1700.157
1669.284 1676.36 1681.16 1685.959 1690.759 1695.558 1697.575 1698.137 1698.7 1699.263 1699.698 1698.921 1698.143 1697.366 1696.588 1695.493 1694.12 1692.747 1691.374 1690.001 1691.426 1692.936 1694.446 1695.955 1697.705 1699.802 1701.899 1703.996 1706.093 1707.859 1709.565 1711.271 1712.976 1714.594 1715.989 1717.385 1718.78 1720.175 1721.351 1722.442 1723.532 1724.623 1725.547 1725.6 1725.652 1725.705 1725.757 1724.627 1722.704 1720.781 1718.858 1716.949 1715.389 1713.829 1712.269 1710.709 1709.128 1707.523 1705.918 1704.313 1702.708 1701.859 1701.084
1666.211 1673.089 1678.419 1683.749 1689.078 1694.408 1696.771 1697.585 1698.399 1699.213 1699.896 1699.339 1698.782 1698.224 1697.667 1696.733 1695.467 1694.202 1692.936 1691.67 1692.786 1693.974 1695.161 1696.349 1697.877 1699.899 1701.921 1703.943 1705.965 1707.846 1709.702 1711.557 1713.413 1715.182 1716.734 1718.287 1719.839 1721.391 1722.723 1723.97 1725.217 1726.464 1727.553 1727.814 1728.075 1728.336 1728.597 1727.692 1726.004 1724.316 1722.628 1720.951 1719.554 1718.157 1716.759 1715.362 1713.799 1712.054 1710.308 1708.562 1706.816 1705.526 1704.28
1664.019 1670.325 1676.036 1681.748 1687.46 1693.172 1695.815 1696.855 1697.895 1698.934 1699.836 1699.424 1699.012 1698.601 1698.189 1697.417 1696.329 1695.241 1694.153 1693.065 1693.904 1694.8 1695.697 1696.594 1697.922 1699.874 1701.826 1703.778 1705.73 1707.756 1709.794 1711.833 1713.871 1715.819 1717.538 1719.257 1720.976 1722.695 1724.155 1725.515 1726.875 1728.236 1729.457 1729.955 1730.453 1730.951 1731.448 1730.822 1729.441 1728.06 1726.679 1725.307 1724.179 1723.051 1721.922 1720.794 1719.345 1717.54 1715.735 1713.93 1712.125 1710.309 1708.492
1661.827 1667.56 1673.654 1679.748 1685.842 1691.936 1694.859 1696.124 1697.39 1698.656 1699.776 1699.51 1699.243 1698.977 1698.71 1698.1 1697.19 1696.28 1695.37 1694.459 1695.021 1695.627 1696.233 1696.84 1697.967 1699.849 1701.731 1703.614 1705.495 1707.665 1709.887 1712.108 1714.33 1716.456 1718.342 1720.228 1722.113 1723.999 1725.587 1727.06 1728.534 1730.007 1731.361 1732.096 1732.831 1733.565 1734.3 1733.952 1732.878 1731.803 1730.729 1729.663 1728.804 1727.945 1727.085 1726.226 1724.891 1723.026 1721.162 1719.298 1717.434 1715.092 1712.705
1659.634 1664.796 1671.272 1677.748 1684.224 1690.7 1693.902 1695.394 1696.886 1698.378 1699.717 1699.595 1699.474 1699.353 1699.231 1698.784 1698.052 1697.319 1696.586 1695.854 1696.138 1696.454 1696.77 1697.085 1698.012 1699.824 1701.637 1703.449 1705.261 1707.574 1709.979 1712.384 1714.788 1717.093 1719.145 1721.198 1723.251 1725.303 1727.019 1728.605 1730.192 1731.778 1733.266 1734.237 1735.208 1736.18 1737.151 1737.082 1736.314 1735.547 1734.779 1734.018 1733.428 1732.839 1732.249 1731.659 1730.436 1728.513 1726.589 1724.666 1722.743 1719.875 1716.917
1658.399 1662.906 1669.566 1676.225 1682.885 1689.545 1692.944 1694.642 1696.339 1698.037 1699.575 1699.598 1699.62 1699.642 1699.664 1699.37 1698.797 1698.224 1697.651 1697.078 1697.121 1697.184 1697.246 1697.309 1698.048 1699.767 1701.486 1703.205 1704.924 1707.346 1709.895 1712.444 1714.994 1717.448 1719.664 1721.88 1724.096 1726.312 1728.182 1729.918 1731.655 1733.392 1735.047 1736.278 1737.508 1738.739 1739.969 1740.196 1739.75 1739.303 1738.857 1738.415 1738.101 1737.788 1737.474 1737.16 1736.064 1734.1 1732.136 1730.172 1728.208 1724.833 1721.322
1661.991 1665.428 1671.269 1677.111 1682.952 1688.794 1691.98 1693.78 1695.58 1697.38 1699.023 1699.18 1699.337 1699.494 1699.651 1699.456 1698.953 1698.45 1697.947 1697.444 1697.427 1697.425 1697.423 1697.42 1698.036 1699.545 1701.054 1702.563 1704.072 1706.421 1708.922 1711.423 1713.923 1716.385 1718.746 1721.107 1723.468 1725.83 1727.985 1730.061 1732.136 1734.212 1736.212 1737.814 1739.416 1741.017 1742.619 1743.23 1743.177 1743.123 1743.07 1743.018 1743.016 1743.015 1743.013 1743.012 1742.105 1740.195 1738.285 1736.375 1734.464 1730.672 1726.698
1665.583 1667.949 1672.973 1677.996 1683.02 1688.043 1691.016 1692.918 1694.82 1696.722 1698.471 1698.763 1699.054 1699.345 1699.637 1699.542 1699.109 1698.676 1698.243 1697.81 1697.733 1697.666 1697.599 1697.532 1698.024 1699.323 1700.622 1701.921 1703.22 1705.496 1707.948 1710.401 1712.853 1715.321 1717.828 1720.334 1722.841 1725.347 1727.788 1730.203 1732.618 1735.032 1737.376 1739.35 1741.323 1743.296 1745.269 1746.264 1746.604 1746.943 1747.282 1747.621 1747.931 1748.242 1748.553 1748.863 1748.146 1746.29 1744.433 1742.577 1740.721 1736.511 1732.074
1669.175 1670.471 1674.676 1678.882 1683.087 1687.293 1690.052 1692.056 1694.061 1696.065 1697.919 1698.345 1698.771 1699.197 1699.623 1699.629 1699.266 1698.903 1698.54 1698.176 1698.038 1697.907 1697.776 1697.644 1698.012 1699.101 1700.19 1701.279 1702.369 1704.571 1706.975 1709.379 1711.783 1714.257 1716.909 1719.561 1722.213 1724.865 1727.591 1730.345 1733.099 1735.853 1738.541 1740.886 1743.23 1745.575 1747.919 1749.299 1750.031 1750.763 1751.495 1752.224 1752.846 1753.469 1754.092 1754.715 1754.187 1752.385 1750.582 1748.78 1746.977 1742.349 1737.45
1672.767 1672.992 1676.38 1679.767 1683.155 1686.542 1689.088 1691.195 1693.301 1695.407 1697.367 1697.928 1698.488 1699.049 1699.609 1699.715 1699.422 1699.129 1698.836 1698.543 1698.344 1698.148 1697.952 1697.756 1698.0 1698.879 1699.758 1700.637 1701.517 1703.646 1706.002 1708.357 1710.713 1713.194 1715.991 1718.788 1721.586 1724.383 1727.394 1730.487 1733.58 1736.673 1739.706 1742.422 1745.137 1747.853 1750.569 1752.333 1753.458 1754.583 1755.708 1756.826 1757.761 1758.696 1759.631 1760.566 1760.228 1758.479 1756.731 1754.982 1753.234 1748.188 1742.826
1676.825 1676.291 1678.887 1681.484 1684.081 1686.678 1688.923 1690.983 1693.044 1695.104 1697.029 1697.651 1698.274 1698.897 1699.519 1699.699 1699.489 1699.28 1699.071 1698.861 1698.632 1698.403 1698.173 1697.944 1698.089 1698.775 1699.462 1700.149 1700.835 1702.766 1704.921 1707.077 1709.232 1711.623 1714.607 1717.591 1720.575 1723.559 1726.839 1730.234 1733.628 1737.022 1740.365 1743.438 1746.512 1749.585 1752.659 1754.828 1756.391 1757.954 1759.517 1761.067 1762.297 1763.527 1764.757 1765.987 1765.777 1763.972 1762.167 1760.362 1758.557 1753.207 1747.516
1681.146 1680.025 1681.847 1683.669 1685.491 1687.313 1689.206 1691.138 1693.069 1695.0 1696.81 1697.454 1698.098 1698.742 1699.387 1699.625 1699.507 1699.389 1699.271 1699.153 1698.911 1698.666 1698.42 1698.174 1698.235 1698.739 1699.242 1699.746 1700.25 1701.91 1703.78 1705.651 1707.521 1709.768 1712.962 1716.155 1719.349 1722.543 1726.084 1729.758 1733.432 1737.106 1740.74 1744.164 1747.587 1751.01 1754.434 1757.021 1759.046 1761.072 1763.098 1765.105 1766.62 1768.135 1769.65 1771.165 1771.049 1769.126 1767.202 1765.279 1763.355 1757.764 1751.821
1685.466 1683.759 1684.806 1685.853 1686.9 1687.947 1689.49 1691.292 1693.094 1694.896 1696.591 1697.256 1697.922 1698.588 1699.254 1699.551 1699.524 1699.498 1699.472 1699.445 1699.19 1698.929 1698.667 1698.405 1698.381 1698.702 1699.022 1699.343 1699.664 1701.055 1702.64 1704.225 1705.81 1707.912 1711.316 1714.72 1718.123 1721.527 1725.329 1729.283 1733.237 1737.191 1741.116 1744.889 1748.662 1752.435 1756.209 1759.213 1761.701 1764.19 1766.679 1769.142 1770.943 1772.743 1774.543 1776.344 1776.321 1774.28 1772.238 1770.196 1768.154 1762.322 1756.125
1689.786 1687.494 1687.766 1688.037 1688.309 1688.581 1689.773 1691.446 1693.119 1694.792 1696.372 1697.059 1697.746 1698.434 1699.121 1699.477 1699.542 1699.607 1699.672 1699.737 1699.469 1699.191 1698.913 1698.635 1698.527 1698.665 1698.803 1698.94 1699.078 1700.199 1701.499 1702.799 1704.098 1706.057 1709.67 1713.284 1716.898 1720.511 1724.573 1728.807 1733.041 1737.275 1741.491 1745.614 1749.737 1753.86 1757.983 1761.405 1764.357 1767.308 1770.26 1773.179 1775.265 1777.351 1779.437 1781.522 1781.594 1779.433 1777.273 1775.113 1772.953 1766.879 1760.43
1694.012 1691.154 1690.688 1690.221 1689.754 1689.287 1690.13 1691.656 1693.183 1694.709 1696.158 1696.869 1697.58 1698.291 1699.001 1699.414 1699.566 1699.718 1699.869 1700.021 1699.745 1699.457 1699.168 1698.88 1698.696 1698.665 1698.634 1698.603 1698.572 1699.436 1700.462 1701.488 1702.514 1704.325 1708.106 1711.886 1715.667 1719.448 1723.75 1728.251 1732.752 1737.254 1741.75 1746.214 1750.679 1755.144 1759.609 1763.445 1766.86 1770.275 1773.69 1777.066 1779.4 1781.735 1784.069 1786.404 1786.567 1784.326 1782.086 1779.845 1777.604 1771.323 1764.654
1697.511 1694.246 1693.322 1692.398 1691.473 1690.549 1691.051 1692.298 1693.544 1694.791 1695.99 1696.739 1697.487 1698.235 1698.984 1699.44 1699.64 1699.84 1700.04 1700.241 1699.998 1699.741 1699.485 1699.229 1699.041 1698.95 1698.86 1698.769 1698.679 1699.379 1700.222 1701.066 1701.909 1703.542 1707.161 1710.781 1714.4 1718.019 1722.401 1727.074 1731.748 1736.422 1741.107 1745.852 1750.596 1755.341 1760.086 1764.315 1768.198 1772.081 1775.964 1779.79 1782.092 1784.394 1786.697 1788.999 1789.245 1787.214 1785.183 1783.152 1781.121 1774.893 1768.262
1701.01 1697.338 1695.956 1694.574 1693.193 1691.811 1691.972 1692.939 1693.906 1694.872 1695.822 1696.608 1697.394 1698.18 1698.966 1699.466 1699.714 1699.963 1700.212 1700.46 1700.25 1700.026 1699.802 1699.578 1699.385 1699.235 1699.085 1698.936 1698.786 1699.322 1699.983 1700.643 1701.303 1702.76 1706.218 1709.675 1713.133 1716.591 1721.052 1725.898 1730.744 1735.59 1740.464 1745.489 1750.514 1755.538 1760.563 1765.184 1769.536 1773.887 1778.239 1782.514 1784.784 1787.054 1789.324 1791.594 1791.923 1790.102 1788.281 1786.459 1784.638 1778.463 1771.869
1704.508 1700.429 1698.59 1696.751 1694.912 1693.073 1692.893 1693.58 1694.267 1694.954 1695.654 1696.477 1697.301 1698.125 1698.949 1699.492 1699.789 1700.086 1700.383 1700.68 1700.502 1700.311 1700.119 1699.927 1699.729 1699.52 1699.311 1699.102 1698.894 1699.266 1699.743 1700.22 1700.697 1701.977 1705.273 1708.57 1711.866 1715.163 1719.703 1724.721 1729.74 1734.758 1739.822 1745.126 1750.431 1755.735 1761.04 1766.054 1770.874 1775.693 1780.513 1785.238 1787.476 1789.714 1791.951 1794.189 1794.6 1792.989 1791.378 1789.767 1788.156 1782.033 1775.477
1708.007 1703.521 1701.224 1698.928 1696.631 1694.335 1693.814 1694.221 1694.628 1695.035 1695.485 1696.347 1697.208 1698.07 1698.931 1699.517 1699.863 1700.208 1700.554 1700.899 1700.755 1700.595 1700.436 1700.277 1700.073 1699.805 1699.537 1699.269 1699.001 1699.209 1699.503 1699.797 1700.092 1701.194 1704.329 1707.464 1710.599 1713.734 1718.354 1723.545 1728.735 1733.926 1739.179 1744.764 1750.348 1755.932 1761.517 1766.923 1772.211 1777.499 1782.787 1787.962 1790.168 1792.373 1794.578 1796.784 1797.278 1795.877 1794.475 1793.074 1791.673 1785.603 1779.085
1713.355 1708.496 1705.478 1702.461 1699.443 1696.426 1695.414 1695.449 1695.484 1695.519 1695.627 1696.438 1697.248 1698.058 1698.868 1699.472 1699.894 1700.317 1700.739 1701.161 1701.121 1701.067 1701.013 1700.959 1700.818 1700.551 1700.284 1700.017 1699.751 1699.836 1699.985 1700.135 1700.284 1701.178 1703.942 1706.706 1709.47 1712.234 1716.639 1721.675 1726.71 1731.746 1736.909 1742.738 1748.567 1754.397 1760.226 1766.01 1771.762 1777.515 1783.268 1788.894 1791.156 1793.418 1795.68 1797.942 1798.579 1797.416 1796.253 1795.09 1793.927 1788.37 1782.392
1719.988 1714.78 1710.858 1706.937 1703.015 1699.093 1697.484 1697.083 1696.682 1696.282 1695.985 1696.682 1697.379 1698.076 1698.773 1699.376 1699.895 1700.415 1700.934 1701.453 1701.568 1701.67 1701.771 1701.874 1701.842 1701.619 1701.395 1701.171 1700.947 1700.939 1700.97 1701.001 1701.032 1701.694 1703.941 1706.188 1708.435 1710.683 1714.669 1719.322 1723.976 1728.629 1733.507 1739.557 1745.607 1751.657 1757.707 1763.856 1770.072 1776.287 1782.503 1788.579 1790.959 1793.34 1795.72 1798.1 1798.922 1798.018 1797.113 1796.209 1795.304 1790.58 1785.49
