data/zism_data/00418_01_D.txt
ncols         224
nrows         224
[rows 56 to 83 of 224, columns 0 to 62 of 224]
2111.94 2101.945 2091.949 2081.953 2075.296 2068.689 2062.081 2055.474 2049.618 2044.74 2039.862 2034.985 2030.107 2026.759 2023.611 2020.464 2017.317 2014.485 2012.287 2010.088 2007.89 2005.691 2004.705 2004.055 2003.405 2002.755 2002.156 2001.726 2001.296 2000.866 2000.436 1999.552 1998.456 1997.36 1996.264 1995.104 1993.525 1991.946 1990.367 1988.788 1986.499 1983.694 1980.89 1978.085 1975.258 1971.677 1968.096 1964.515 1960.933 1956.679 1951.689 1946.7 1941.71 1936.721 1927.423 1917.789 1908.155 1898.521 1886.501 1870.535 1854.57 1838.604 1822.638
2112.481 2101.721 2090.961 2080.201 2073.172 2066.199 2059.225 2052.251 2046.065 2040.902 2035.739 2030.576 2025.413 2021.851 2018.499 2015.147 2011.795 2008.861 2006.765 2004.669 2002.573 2000.476 1999.668 1999.217 1998.767 1998.316 1997.916 1997.685 1997.454 1997.224 1996.993 1996.264 1995.302 1994.341 1993.379 1992.317 1990.587 1988.857 1987.127 1985.398 1982.933 1979.934 1976.936 1973.938 1970.912 1966.954 1962.996 1959.038 1955.08 1950.485 1945.194 1939.903 1934.612 1929.321 1919.672 1909.683 1899.694 1889.704 1877.258 1860.749 1844.239 1827.73 1811.22
2113.021 2101.497 2089.972 2078.448 2071.048 2063.708 2056.369 2049.029 2042.512 2037.063 2031.615 2026.167 2020.718 2016.942 2013.386 2009.829 2006.273 2003.237 2001.243 1999.249 1997.255 1995.261 1994.631 1994.38 1994.128 1993.876 1993.676 1993.644 1993.612 1993.581 1993.549 1992.975 1992.148 1991.321 1990.494 1989.529 1987.649 1985.768 1983.888 1982.007 1979.366 1976.175 1972.983 1969.791 1966.565 1962.231 1957.896 1953.561 1949.226 1944.29 1938.698 1933.106 1927.513 1921.921 1911.921 1901.576 1891.232 1880.887 1868.015 1850.962 1833.909 1816.856 1799.802
2112.988 2101.197 2089.406 2077.615 2069.77 2061.983 2054.196 2046.409 2039.526 2033.82 2028.113 2022.407 2016.7 2013.014 2009.592 2006.17 2002.749 1999.819 1997.873 1995.927 1993.981 1992.035 1991.397 1991.123 1990.849 1990.575 1990.36 1990.342 1990.324 1990.306 1990.288 1989.764 1989.004 1988.243 1987.483 1986.574 1984.679 1982.783 1980.888 1978.992 1976.343 1973.147 1969.952 1966.756 1963.526 1959.159 1954.791 1950.423 1946.056 1941.097 1935.492 1929.888 1924.284 1918.68 1908.781 1898.548 1888.314 1878.08 1865.5 1849.039 1832.578 1816.117 1799.656
2112.846 2100.883 2088.919 2076.956 2068.652 2060.403 2052.153 2043.903 2036.649 2030.689 2024.73 2018.77 2012.811 2009.271 2006.048 2002.826 1999.603 1996.819 1994.91 1993.002 1991.094 1989.185 1988.505 1988.167 1987.828 1987.489 1987.22 1987.181 1987.141 1987.101 1987.062 1986.568 1985.861 1985.154 1984.448 1983.587 1981.703 1979.818 1977.933 1976.048 1973.422 1970.259 1967.096 1963.932 1960.735 1956.399 1952.064 1947.729 1943.393 1938.472 1932.911 1927.349 1921.788 1916.227 1906.517 1896.482 1886.448 1876.413 1864.261 1848.608 1832.954 1817.3 1801.646
2112.704 2100.568 2088.433 2076.297 2067.535 2058.822 2050.109 2041.397 2033.771 2027.558 2021.346 2015.133 2008.921 2005.528 2002.504 1999.481 1996.458 1993.818 1991.948 1990.077 1988.207 1986.336 1985.614 1985.21 1984.807 1984.404 1984.08 1984.019 1983.958 1983.896 1983.835 1983.371 1982.718 1982.066 1981.413 1980.601 1978.727 1976.853 1974.979 1973.105 1970.502 1967.371 1964.24 1961.109 1957.943 1953.64 1949.337 1945.034 1940.731 1935.847 1930.329 1924.811 1919.293 1913.775 1904.252 1894.417 1884.581 1874.746 1863.022 1848.176 1833.329 1818.483 1803.637
2112.561 2100.254 2087.946 2075.638 2066.417 2057.242 2048.066 2038.891 2030.893 2024.428 2017.962 2011.497 2005.031 2001.785 1998.96 1996.136 1993.312 1990.818 1988.985 1987.152 1985.319 1983.486 1982.722 1982.254 1981.786 1981.318 1980.94 1980.857 1980.774 1980.692 1980.609 1980.175 1979.576 1978.977 1978.378 1977.614 1975.75 1973.887 1972.024 1970.161 1967.581 1964.483 1961.384 1958.285 1955.152 1950.881 1946.61 1942.34 1938.069 1933.222 1927.747 1922.272 1916.797 1911.322 1901.987 1892.351 1882.715 1873.079 1861.783 1847.744 1833.705 1819.666 1805.627
2112.297 2099.68 2087.062 2074.445 2064.808 2055.216 2045.623 2036.03 2027.756 2021.197 2014.637 2008.078 2001.518 1998.404 1995.741 1993.078 1990.415 1988.031 1986.203 1984.375 1982.547 1980.719 1979.871 1979.296 1978.721 1978.146 1977.668 1977.511 1977.355 1977.198 1977.042 1976.635 1976.111 1975.587 1975.063 1974.371 1972.56 1970.748 1968.937 1967.125 1964.599 1961.553 1958.508 1955.463 1952.385 1948.22 1944.056 1939.891 1935.726 1931.003 1925.671 1920.339 1915.007 1909.675 1900.666 1891.37 1882.073 1872.777 1861.906 1848.428 1834.951 1821.473 1807.996
2111.754 2098.513 2085.271 2072.029 2062.076 2052.171 2042.266 2032.361 2024.028 2017.737 2011.447 2005.156 1998.866 1995.849 1993.262 1990.675 1988.087 1985.729 1983.831 1981.933 1980.035 1978.137 1977.115 1976.335 1975.556 1974.776 1974.096 1973.746 1973.395 1973.045 1972.694 1972.31 1971.91 1971.51 1971.11 1970.545 1968.879 1967.212 1965.546 1963.88 1961.474 1958.531 1955.588 1952.645 1949.674 1945.784 1941.894 1938.004 1934.113 1929.711 1924.75 1919.79 1914.829 1909.869 1901.501 1892.866 1884.232 1875.598 1865.139 1851.661 1838.184 1824.707 1811.229
2111.212 2097.345 2083.479 2069.613 2059.343 2049.126 2038.909 2028.692 2020.299 2014.278 2008.257 2002.235 1996.214 1993.295 1990.783 1988.271 1985.759 1983.428 1981.46 1979.492 1977.524 1975.556 1974.358 1973.374 1972.39 1971.406 1970.524 1969.98 1969.435 1968.891 1968.347 1967.985 1967.709 1967.433 1967.156 1966.718 1965.197 1963.676 1962.155 1960.635 1958.349 1955.508 1952.667 1949.827 1946.963 1943.348 1939.732 1936.116 1932.5 1928.419 1923.83 1919.241 1914.651 1910.062 1902.335 1894.363 1886.391 1878.419 1868.372 1854.895 1841.417 1827.94 1814.462
2110.669 2096.178 2081.688 2067.197 2056.611 2046.081 2035.552 2025.023 2016.571 2010.818 2005.066 1999.314 1993.562 1990.741 1988.304 1985.867 1983.431 1981.127 1979.089 1977.051 1975.013 1972.975 1971.602 1970.413 1969.224 1968.036 1966.952 1966.214 1965.476 1964.738 1964.0 1963.661 1963.508 1963.356 1963.203 1962.891 1961.516 1960.14 1958.765 1957.389 1955.224 1952.485 1949.747 1947.008 1944.253 1940.911 1937.57 1934.229 1930.887 1927.127 1922.909 1918.691 1914.474 1910.256 1903.17 1895.86 1888.549 1881.239 1871.605 1858.128 1844.651 1831.173 1817.696
2110.126 2095.011 2079.896 2064.781 2053.878 2043.036 2032.195 2021.354 2012.842 2007.359 2001.876 1996.393 1990.91 1988.186 1985.825 1983.464 1981.102 1978.826 1976.718 1974.61 1972.502 1970.394 1968.845 1967.452 1966.059 1964.666 1963.379 1962.448 1961.516 1960.584 1959.653 1959.336 1959.307 1959.279 1959.25 1959.065 1957.834 1956.604 1955.374 1954.144 1952.099 1949.463 1946.826 1944.19 1941.542 1938.475 1935.408 1932.341 1929.274 1925.835 1921.989 1918.142 1914.296 1910.449 1904.004 1897.356 1890.708 1884.06 1874.839 1861.361 1847.884 1834.406 1820.929
2109.188 2093.411 2077.635 2061.858 2050.813 2039.837 2028.861 2017.885 2009.47 2004.384 1999.299 1994.213 1989.127 1986.389 1983.958 1981.527 1979.097 1976.751 1974.578 1972.404 1970.23 1968.056 1966.337 1964.743 1963.149 1961.556 1960.098 1959.088 1958.078 1957.068 1956.059 1955.737 1955.737 1955.737 1955.737 1955.594 1954.501 1953.408 1952.315 1951.222 1949.325 1946.845 1944.365 1941.884 1939.393 1936.526 1933.66 1930.793 1927.926 1924.729 1921.171 1917.614 1914.056 1910.498 1904.362 1898.025 1891.687 1885.35 1876.271 1862.657 1849.043 1835.429 1821.815
2108.129 2091.68 2075.231 2058.781 2047.647 2036.59 2025.534 2014.477 2006.206 2001.556 1996.906 1992.257 1987.607 1984.819 1982.275 1979.732 1977.188 1974.746 1972.508 1970.269 1968.031 1965.792 1963.903 1962.11 1960.317 1958.525 1956.903 1955.851 1954.798 1953.745 1952.692 1952.357 1952.357 1952.357 1952.357 1952.232 1951.273 1950.315 1949.356 1948.398 1946.657 1944.349 1942.041 1939.733 1937.414 1934.725 1932.036 1929.347 1926.658 1923.679 1920.385 1917.092 1913.798 1910.504 1904.577 1898.444 1892.311 1886.178 1877.159 1863.368 1849.576 1835.785 1821.993
2107.071 2089.949 2072.827 2055.705 2044.481 2033.344 2022.206 2011.069 2002.942 1998.728 1994.514 1990.3 1986.087 1983.249 1980.593 1977.936 1975.279 1972.74 1970.437 1968.134 1965.832 1963.529 1961.469 1959.477 1957.485 1955.493 1953.709 1952.613 1951.518 1950.422 1949.326 1948.977 1948.977 1948.977 1948.977 1948.869 1948.045 1947.221 1946.397 1945.573 1943.989 1941.853 1939.718 1937.582 1935.435 1932.924 1930.412 1927.901 1925.389 1922.63 1919.6 1916.57 1913.539 1910.509 1904.791 1898.862 1892.934 1887.005 1878.047 1864.078 1850.109 1836.14 1822.171
2106.013 2088.218 2070.423 2052.628 2041.315 2030.097 2018.879 2007.661 1999.678 1995.9 1992.122 1988.344 1984.567 1981.68 1978.91 1976.14 1973.37 1970.735 1968.367 1966.0 1963.632 1961.265 1959.035 1956.844 1954.653 1952.462 1950.515 1949.376 1948.237 1947.098 1945.959 1945.596 1945.596 1945.596 1945.596 1945.506 1944.817 1944.128 1943.438 1942.749 1941.321 1939.357 1937.394 1935.431 1933.456 1931.122 1928.789 1926.455 1924.121 1921.58 1918.814 1916.047 1913.281 1910.515 1905.005 1899.281 1893.557 1887.833 1878.936 1864.789 1850.642 1836.496 1822.349
2104.884 2086.655 2068.425 2050.196 2038.825 2027.555 2016.285 2005.015 1997.137 1993.671 1990.204 1986.738 1983.271 1980.313 1977.421 1974.53 1971.638 1968.89 1966.428 1963.965 1961.503 1959.041 1956.664 1954.31 1951.956 1949.602 1947.516 1946.316 1945.117 1943.917 1942.718 1942.326 1942.312 1942.299 1942.285 1942.199 1941.636 1941.072 1940.509 1939.945 1938.677 1936.896 1935.116 1933.337 1931.545 1929.37 1927.195 1925.02 1922.845 1920.481 1917.91 1915.338 1912.767 1910.196 1904.818 1899.221 1893.625 1888.028 1879.195 1865.009 1850.823 1836.637 1822.452
2103.519 2085.645 2067.771 2049.897 2038.574 2027.347 2016.119 2004.892 1996.995 1993.426 1989.857 1986.288 1982.719 1979.616 1976.574 1973.532 1970.489 1967.576 1964.92 1962.264 1959.608 1956.953 1954.499 1952.102 1949.705 1947.308 1945.161 1943.843 1942.525 1941.208 1939.89 1939.42 1939.347 1939.274 1939.201 1939.077 1938.61 1938.143 1937.677 1937.21 1936.11 1934.551 1932.991 1931.432 1929.858 1927.78 1925.702 1923.624 1921.546 1919.216 1916.613 1914.009 1911.405 1908.802 1903.302 1897.576 1891.85 1886.124 1877.369 1863.603 1849.837 1836.071 1822.305
2102.154 2084.635 2067.117 2049.598 2038.322 2027.138 2015.954 2004.77 1996.853 1993.181 1989.51 1985.839 1982.168 1978.92 1975.727 1972.534 1969.341 1966.262 1963.412 1960.563 1957.713 1954.864 1952.334 1949.894 1947.454 1945.014 1942.807 1941.37 1939.934 1938.498 1937.062 1936.514 1936.382 1936.25 1936.117 1935.954 1935.584 1935.215 1934.845 1934.475 1933.544 1932.205 1930.866 1929.528 1928.171 1926.189 1924.208 1922.227 1920.246 1917.952 1915.316 1912.68 1910.044 1907.408 1901.786 1895.931 1890.076 1884.221 1875.543 1862.197 1848.851 1835.505 1822.159
2100.79 2083.626 2066.462 2049.299 2038.071 2026.93 2015.789 2004.648 1996.71 1992.937 1989.163 1985.39 1981.616 1978.223 1974.879 1971.536 1968.192 1964.948 1961.905 1958.862 1955.818 1952.775 1950.17 1947.687 1945.203 1942.72 1940.452 1938.898 1937.343 1935.788 1934.234 1933.608 1933.416 1933.225 1933.034 1932.832 1932.559 1932.286 1932.013 1931.74 1930.977 1929.859 1928.741 1927.623 1926.483 1924.599 1922.715 1920.83 1918.946 1916.687 1914.019 1911.35 1908.682 1906.014 1900.27 1894.286 1888.301 1882.317 1873.717 1860.791 1847.865 1834.938 1822.012
2099.425 2082.616 2065.808 2049.0 2037.819 2026.721 2015.623 2004.526 1996.568 1992.692 1988.816 1984.941 1981.065 1977.526 1974.032 1970.537 1967.043 1963.635 1960.397 1957.16 1953.923 1950.686 1948.005 1945.479 1942.953 1940.426 1938.098 1936.425 1934.752 1933.079 1931.406 1930.702 1930.451 1930.2 1929.95 1929.709 1929.533 1929.357 1929.181 1929.005 1928.411 1927.514 1926.616 1925.719 1924.796 1923.009 1921.221 1919.434 1917.646 1915.422 1912.722 1910.021 1907.321 1904.62 1898.754 1892.641 1886.527 1880.414 1871.891 1859.385 1846.878 1834.372 1821.865
2096.052 2080.045 2064.037 2048.03 2036.955 2025.952 2014.95 2003.948 1995.97 1991.925 1987.879 1983.834 1979.789 1976.15 1972.565 1968.98 1965.394 1961.928 1958.699 1955.471 1952.242 1949.013 1946.309 1943.751 1941.193 1938.635 1936.229 1934.325 1932.421 1930.517 1928.614 1927.77 1927.423 1927.076 1926.728 1926.421 1926.375 1926.33 1926.284 1926.239 1925.804 1925.086 1924.368 1923.65 1922.906 1921.279 1919.652 1918.025 1916.399 1914.289 1911.654 1909.018 1906.383 1903.747 1897.836 1891.668 1885.5 1879.333 1870.864 1858.59 1846.316 1834.042 1821.769
2091.802 2076.79 2061.778 2046.766 2035.822 2024.938 2014.054 2003.17 1995.173 1990.928 1986.684 1982.439 1978.195 1974.476 1970.826 1967.177 1963.527 1960.05 1956.918 1953.786 1950.654 1947.522 1944.819 1942.234 1939.648 1937.063 1934.572 1932.388 1930.204 1928.021 1925.837 1924.827 1924.367 1923.907 1923.446 1923.059 1923.159 1923.259 1923.359 1923.459 1923.178 1922.622 1922.066 1921.509 1920.927 1919.489 1918.05 1916.612 1915.173 1913.214 1910.686 1908.158 1905.631 1903.103 1897.179 1890.99 1884.8 1878.611 1870.186 1858.063 1845.94 1833.816 1821.693
2087.551 2073.535 2059.519 2045.502 2034.69 2023.924 2013.159 2002.393 1994.376 1989.932 1985.489 1981.045 1976.601 1972.802 1969.088 1965.374 1961.659 1958.172 1955.137 1952.102 1949.067 1946.032 1943.328 1940.716 1938.104 1935.492 1932.914 1930.451 1927.987 1925.524 1923.06 1921.884 1921.311 1920.738 1920.164 1919.698 1919.943 1920.188 1920.434 1920.679 1920.553 1920.158 1919.763 1919.369 1918.949 1917.699 1916.449 1915.199 1913.948 1912.139 1909.719 1907.298 1904.878 1902.458 1896.522 1890.311 1884.1 1877.89 1869.508 1857.535 1845.563 1833.591 1821.618
2083.3 2070.279 2057.259 2044.239 2033.557 2022.91 2012.263 2001.616 1993.579 1988.936 1984.293 1979.651 1975.008 1971.129 1967.35 1963.571 1959.792 1956.293 1953.355 1950.417 1947.479 1944.541 1941.837 1939.198 1936.559 1933.92 1931.257 1928.514 1925.771 1923.027 1920.284 1918.941 1918.255 1917.569 1916.882 1916.337 1916.727 1917.118 1917.508 1917.899 1917.928 1917.694 1917.461 1917.228 1916.97 1915.909 1914.847 1913.785 1912.723 1911.063 1908.751 1906.438 1904.126 1901.813 1895.865 1889.633 1883.401 1877.168 1868.83 1857.008 1845.186 1833.365 1821.543
2079.206 2067.09 2054.975 2042.859 2032.345 2021.854 2011.363 2000.872 1992.835 1987.988 1983.14 1978.293 1973.446 1969.46 1965.586 1961.713 1957.839 1954.307 1951.458 1948.609 1945.76 1942.911 1940.224 1937.581 1934.939 1932.296 1929.574 1926.589 1923.605 1920.62 1917.635 1916.133 1915.325 1914.518 1913.71 1913.075 1913.593 1914.11 1914.628 1915.146 1915.327 1915.264 1915.2 1915.137 1915.05 1914.163 1913.276 1912.389 1911.502 1909.959 1907.702 1905.445 1903.188 1900.931 1894.92 1888.617 1882.313 1876.009 1867.702 1856.081 1844.459 1832.838 1821.217
2075.94 2064.25 2052.559 2040.869 2030.711 2020.575 2010.439 2000.304 1992.367 1987.288 1982.209 1977.131 1972.052 1967.815 1963.689 1959.562 1955.436 1951.751 1948.951 1946.15 1943.35 1940.549 1937.965 1935.441 1932.917 1930.392 1927.753 1924.73 1921.708 1918.686 1915.663 1914.036 1913.061 1912.086 1911.111 1910.335 1910.886 1911.436 1911.986 1912.536 1912.856 1913.007 1913.159 1913.311 1913.436 1912.651 1911.867 1911.082 1910.297 1908.703 1906.225 1903.747 1901.269 1898.791 1892.455 1885.818 1879.18 1872.543 1864.202 1853.044 1841.885 1830.727 1819.569
2072.674 2061.409 2050.144 2038.879 2029.077 2019.296 2009.516 1999.735 1991.899 1986.589 1981.279 1975.968 1970.658 1966.171 1961.792 1957.412 1953.033 1949.196 1946.443 1943.692 1940.939 1938.188 1935.706 1933.301 1930.895 1928.489 1925.932 1922.871 1919.811 1916.751 1913.691 1911.938 1910.796 1909.655 1908.513 1907.596 1908.179 1908.761 1909.344 1909.926 1910.384 1910.751 1911.119 1911.486 1911.823 1911.14 1910.458 1909.775 1909.092 1907.446 1904.747 1902.049 1899.35 1896.651 1889.99 1883.019 1876.048 1869.077 1860.703 1850.007 1839.312 1828.616 1817.921
