data/zism_data/00419_03_D.txt
ncols         224
nrows         224
[rows 140 to 167 of 224, columns 63 to 125 of 224]
4501.661 4501.684 4501.707 4501.729 4501.751 4501.49 4501.142 4500.794 4500.447 4499.75 4497.895 4496.041 4494.186 4492.331 4488.552 4483.931 4479.31 4474.689 4469.856 4463.911 4457.964 4452.019 4446.072 4439.828 4433.404 4426.979 4420.555 4414.152 4407.97 4401.789 4395.608 4389.427 4383.876 4378.84 4373.804 4368.768 4363.731 4358.678 4353.625 4348.571 4343.518 4338.812 4334.484 4330.158 4325.831 4321.503 4317.03 4312.547 4308.064 4303.582 4298.351 4292.025 4285.699 4279.374 4273.048 4267.46 4261.983 4256.505 4251.028 4245.922 4241.559 4237.196 4232.832
4501.17 4501.257 4501.344 4501.431 4501.518 4501.341 4501.084 4500.828 4500.571 4500.046 4498.631 4497.216 4495.801 4494.386 4490.782 4486.22 4481.657 4477.095 4472.282 4466.143 4460.004 4453.865 4447.726 4441.593 4435.463 4429.333 4423.204 4417.077 4410.976 4404.875 4398.774 4392.673 4387.135 4382.056 4376.978 4371.898 4366.819 4361.745 4356.669 4351.595 4346.52 4341.831 4337.563 4333.294 4329.026 4324.758 4320.682 4316.617 4312.553 4308.488 4303.697 4297.843 4291.989 4286.135 4280.281 4274.597 4268.937 4263.278 4257.618 4252.341 4247.827 4243.313 4238.8
4500.63 4500.793 4500.957 4501.12 4501.283 4501.189 4501.019 4500.848 4500.677 4500.313 4499.309 4498.305 4497.3 4496.296 4492.858 4488.356 4483.854 4479.353 4474.563 4468.254 4461.946 4455.638 4449.33 4443.314 4437.474 4431.634 4425.795 4419.939 4413.92 4407.9 4401.88 4395.86 4390.337 4385.218 4380.099 4374.979 4369.861 4364.772 4359.683 4354.593 4349.504 4344.831 4340.61 4336.39 4332.17 4327.95 4324.236 4320.553 4316.87 4313.187 4308.804 4303.397 4297.991 4292.584 4287.178 4281.403 4275.574 4269.745 4263.916 4258.474 4253.81 4249.145 4244.48
4499.392 4499.802 4500.211 4500.621 4501.031 4501.003 4500.843 4500.683 4500.523 4500.167 4499.163 4498.159 4497.154 4496.15 4492.765 4488.338 4483.911 4479.484 4474.784 4468.647 4462.511 4456.375 4450.238 4444.423 4438.804 4433.184 4427.564 4421.917 4415.988 4410.06 4404.131 4398.203 4392.72 4387.601 4382.482 4377.363 4372.245 4367.242 4362.238 4357.235 4352.231 4347.551 4343.224 4338.896 4334.569 4330.242 4326.39 4322.568 4318.745 4314.923 4310.499 4305.194 4299.889 4294.584 4289.28 4283.524 4277.7 4271.876 4266.052 4260.559 4255.728 4250.897 4246.066
4498.154 4498.81 4499.467 4500.123 4500.779 4500.817 4500.667 4500.518 4500.369 4500.021 4499.017 4498.013 4497.009 4496.004 4492.671 4488.319 4483.967 4479.615 4475.006 4469.041 4463.076 4457.111 4451.146 4445.533 4440.133 4434.733 4429.333 4423.895 4418.057 4412.22 4406.382 4400.545 4395.103 4389.984 4384.865 4379.746 4374.629 4369.712 4364.794 4359.876 4354.958 4350.272 4345.837 4341.403 4336.969 4332.534 4328.545 4324.583 4320.621 4316.659 4312.193 4306.991 4301.788 4296.585 4291.382 4285.644 4279.825 4274.007 4268.188 4262.643 4257.646 4252.649 4247.652
4496.916 4497.819 4498.722 4499.625 4500.527 4500.63 4500.492 4500.353 4500.215 4499.875 4498.871 4497.867 4496.863 4495.858 4492.578 4488.301 4484.024 4479.747 4475.228 4469.435 4463.641 4457.848 4452.054 4446.643 4441.462 4436.282 4431.102 4425.872 4420.126 4414.379 4408.633 4402.887 4397.486 4392.367 4387.248 4382.129 4377.014 4372.182 4367.35 4362.518 4357.686 4352.993 4348.451 4343.91 4339.368 4334.826 4330.699 4326.598 4322.497 4318.396 4313.888 4308.788 4303.687 4298.585 4293.484 4287.764 4281.951 4276.138 4270.324 4264.728 4259.564 4254.401 4249.238
4495.678 4496.827 4497.977 4499.126 4500.276 4500.444 4500.316 4500.188 4500.061 4499.729 4498.725 4497.721 4496.717 4495.712 4492.484 4488.282 4484.08 4479.878 4475.45 4469.828 4464.206 4458.584 4452.962 4447.752 4442.792 4437.831 4432.871 4427.85 4422.195 4416.54 4410.884 4405.229 4399.869 4394.75 4389.631 4384.512 4379.398 4374.652 4369.906 4365.16 4360.414 4355.714 4351.065 4346.416 4341.767 4337.118 4332.854 4328.613 4324.373 4320.132 4315.583 4310.584 4305.585 4300.586 4295.586 4289.884 4284.076 4278.269 4272.46 4266.813 4261.483 4256.153 4250.824
4492.896 4494.454 4496.013 4497.571 4499.129 4499.425 4499.34 4499.255 4499.169 4498.854 4497.775 4496.697 4495.618 4494.539 4491.34 4487.213 4483.086 4478.96 4474.645 4469.335 4464.025 4458.716 4453.407 4448.443 4443.689 4438.935 4434.181 4429.351 4423.72 4418.09 4412.459 4406.829 4401.448 4396.27 4391.092 4385.915 4380.742 4375.903 4371.064 4366.226 4361.387 4356.587 4351.828 4347.069 4342.311 4337.552 4333.092 4328.651 4324.209 4319.768 4315.025 4309.84 4304.656 4299.471 4294.287 4288.576 4282.787 4276.998 4271.208 4265.603 4260.362 4255.122 4249.882
4488.547 4490.68 4492.812 4494.943 4497.076 4497.562 4497.552 4497.542 4497.531 4497.239 4496.01 4494.781 4493.552 4492.324 4489.131 4485.079 4481.027 4476.976 4472.796 4467.942 4463.088 4458.234 4453.381 4448.709 4444.148 4439.587 4435.026 4430.368 4424.695 4419.021 4413.348 4407.675 4402.209 4396.914 4391.618 4386.323 4381.03 4375.917 4370.806 4365.693 4360.582 4355.584 4350.713 4345.842 4340.971 4336.099 4331.385 4326.682 4321.978 4317.274 4312.181 4306.52 4300.857 4295.196 4289.534 4283.79 4278.032 4272.275 4266.519 4261.05 4256.158 4251.266 4246.375
4484.199 4486.905 4489.61 4492.316 4495.021 4495.699 4495.764 4495.829 4495.893 4495.623 4494.245 4492.866 4491.487 4490.108 4486.922 4482.945 4478.968 4474.992 4470.948 4466.549 4462.151 4457.753 4453.355 4448.976 4444.607 4440.239 4435.871 4431.386 4425.669 4419.953 4414.237 4408.521 4402.971 4397.558 4392.144 4386.73 4381.317 4375.932 4370.547 4365.161 4359.776 4354.583 4349.599 4344.614 4339.63 4334.646 4329.679 4324.712 4319.746 4314.779 4309.337 4303.198 4297.059 4290.92 4284.782 4279.003 4273.278 4267.553 4261.828 4256.497 4251.954 4247.41 4242.867
4479.851 4483.13 4486.409 4489.688 4492.968 4493.835 4493.976 4494.115 4494.255 4494.008 4492.479 4490.95 4489.421 4487.892 4484.712 4480.811 4476.909 4473.007 4469.099 4465.157 4461.214 4457.271 4453.329 4449.242 4445.066 4440.892 4436.716 4432.403 4426.644 4420.885 4415.126 4409.367 4403.733 4398.202 4392.67 4387.139 4381.605 4375.947 4370.288 4364.629 4358.97 4353.58 4348.483 4343.387 4338.291 4333.194 4327.973 4322.743 4317.514 4312.285 4306.493 4299.877 4293.261 4286.645 4280.029 4274.216 4268.523 4262.831 4257.138 4251.944 4247.75 4243.555 4239.36
4475.503 4479.355 4483.208 4487.061 4490.914 4491.972 4492.187 4492.402 4492.617 4492.393 4490.713 4489.034 4487.355 4485.676 4482.503 4478.676 4474.85 4471.023 4467.251 4463.764 4460.277 4456.79 4453.303 4449.508 4445.525 4441.543 4437.562 4433.421 4427.619 4421.817 4416.015 4410.213 4404.495 4398.846 4393.196 4387.547 4381.893 4375.961 4370.029 4364.097 4358.165 4352.578 4347.369 4342.16 4336.951 4331.742 4326.266 4320.774 4315.282 4309.79 4303.648 4296.556 4289.463 4282.37 4275.277 4269.429 4263.769 4258.108 4252.448 4247.392 4243.545 4239.699 4235.853
4467.823 4471.748 4475.672 4479.597 4483.521 4484.642 4484.917 4485.192 4485.467 4485.343 4483.896 4482.45 4481.003 4479.557 4476.676 4473.168 4469.66 4466.152 4462.688 4459.458 4456.228 4452.998 4449.768 4446.097 4442.159 4438.22 4434.282 4430.218 4424.835 4419.453 4414.07 4408.687 4403.271 4397.826 4392.382 4386.938 4381.484 4375.433 4369.381 4363.33 4357.278 4351.39 4345.681 4339.972 4334.262 4328.553 4322.492 4316.41 4310.327 4304.245 4297.619 4290.198 4282.777 4275.356 4267.935 4262.116 4256.537 4250.958 4245.38 4240.441 4236.785 4233.127 4229.471
4459.881 4463.838 4467.794 4471.751 4475.708 4476.882 4477.216 4477.55 4477.884 4477.866 4476.682 4475.498 4474.314 4473.13 4470.564 4467.394 4464.224 4461.053 4457.912 4454.923 4451.935 4448.946 4445.957 4442.396 4438.49 4434.584 4430.678 4426.683 4421.756 4416.829 4411.902 4406.975 4401.89 4396.676 4391.462 4386.249 4381.021 4374.862 4368.703 4362.544 4356.386 4350.188 4343.948 4337.708 4331.468 4325.228 4318.556 4311.857 4305.158 4298.459 4291.338 4283.601 4275.864 4268.127 4260.39 4254.604 4249.111 4243.618 4238.125 4233.303 4229.823 4226.343 4222.862
4451.939 4455.928 4459.917 4463.906 4467.895 4469.122 4469.515 4469.907 4470.3 4470.389 4469.467 4468.546 4467.625 4466.704 4464.453 4461.62 4458.788 4455.955 4453.136 4450.388 4447.641 4444.893 4442.146 4438.696 4434.822 4430.948 4427.074 4423.148 4418.677 4414.206 4409.734 4405.262 4400.509 4395.526 4390.542 4385.559 4380.557 4374.292 4368.025 4361.759 4355.493 4348.986 4342.215 4335.445 4328.674 4321.903 4314.62 4307.304 4299.989 4292.673 4285.058 4277.004 4268.951 4260.897 4252.844 4247.092 4241.685 4236.277 4230.87 4226.164 4222.861 4219.558 4216.254
4443.998 4448.019 4452.04 4456.061 4460.082 4461.361 4461.813 4462.265 4462.717 4462.912 4462.253 4461.594 4460.936 4460.277 4458.341 4455.846 4453.351 4450.856 4448.359 4445.853 4443.347 4440.84 4438.334 4434.996 4431.154 4427.312 4423.47 4419.613 4415.598 4411.582 4407.566 4403.55 4399.128 4394.375 4389.623 4384.87 4380.094 4373.72 4367.347 4360.974 4354.601 4347.784 4340.482 4333.181 4325.88 4318.578 4310.683 4302.751 4294.819 4286.887 4278.778 4270.408 4262.038 4253.668 4245.298 4239.58 4234.258 4228.937 4223.615 4219.025 4215.899 4212.773 4209.646
4435.757 4439.77 4443.783 4447.795 4451.808 4453.116 4453.608 4454.1 4454.592 4454.865 4454.413 4453.962 4453.51 4453.059 4451.442 4449.315 4447.189 4445.063 4442.916 4440.662 4438.408 4436.155 4433.901 4430.723 4426.986 4423.25 4419.513 4415.786 4412.156 4408.527 4404.898 4401.269 4397.127 4392.569 4388.01 4383.451 4378.867 4372.55 4366.232 4359.915 4353.597 4346.689 4339.137 4331.585 4324.033 4316.481 4308.202 4299.877 4291.554 4283.229 4274.827 4266.31 4257.792 4249.275 4240.758 4235.024 4229.708 4224.392 4219.075 4214.449 4211.203 4207.956 4204.709
4426.979 4430.911 4434.843 4438.776 4442.708 4444.002 4444.499 4444.996 4445.493 4445.795 4445.451 4445.106 4444.762 4444.418 4443.128 4441.425 4439.722 4438.02 4436.272 4434.292 4432.312 4430.332 4428.351 4425.423 4421.922 4418.421 4414.92 4411.431 4408.065 4404.698 4401.332 4397.965 4394.013 4389.583 4385.153 4380.723 4376.27 4370.301 4364.333 4358.363 4352.394 4345.789 4338.488 4331.188 4323.888 4316.588 4308.333 4300.02 4291.707 4283.394 4275.061 4266.698 4258.336 4249.975 4241.613 4235.778 4230.323 4224.867 4219.412 4214.474 4210.574 4206.673 4202.772
4418.2 4422.052 4425.904 4429.756 4433.608 4434.887 4435.39 4435.892 4436.395 4436.726 4436.488 4436.251 4436.014 4435.777 4434.815 4433.535 4432.256 4430.976 4429.628 4427.922 4426.215 4424.508 4422.801 4420.124 4416.858 4413.593 4410.328 4407.077 4403.973 4400.87 4397.766 4394.662 4390.898 4386.597 4382.295 4377.994 4373.673 4368.053 4362.432 4356.812 4351.191 4344.888 4337.839 4330.792 4323.743 4316.695 4308.465 4300.163 4291.86 4283.557 4275.294 4267.087 4258.881 4250.674 4242.468 4236.532 4230.938 4225.342 4219.748 4214.5 4209.945 4205.39 4200.835
4409.421 4413.193 4416.965 4420.736 4424.508 4425.772 4426.28 4426.788 4427.296 4427.656 4427.526 4427.396 4427.266 4427.136 4426.501 4425.646 4424.79 4423.933 4422.985 4421.552 4420.118 4418.685 4417.251 4414.823 4411.794 4408.765 4405.736 4402.723 4399.882 4397.041 4394.199 4391.358 4387.784 4383.611 4379.438 4375.265 4371.077 4365.805 4360.532 4355.26 4349.988 4343.987 4337.191 4330.395 4323.598 4316.802 4308.597 4300.305 4292.013 4283.721 4275.527 4267.476 4259.425 4251.374 4243.323 4237.287 4231.552 4225.818 4220.083 4214.524 4209.316 4204.107 4198.899
4400.643 4404.334 4408.025 4411.717 4415.408 4416.658 4417.171 4417.684 4418.197 4418.586 4418.563 4418.541 4418.518 4418.496 4418.188 4417.755 4417.323 4416.89 4416.342 4415.182 4414.021 4412.861 4411.702 4409.523 4406.73 4403.937 4401.144 4398.369 4395.791 4393.212 4390.633 4388.055 4384.669 4380.625 4376.581 4372.537 4368.48 4363.556 4358.632 4353.709 4348.785 4343.086 4336.542 4329.998 4323.453 4316.909 4308.729 4300.447 4292.166 4283.885 4275.76 4267.865 4259.969 4252.074 4244.178 4238.041 4232.167 4226.293 4220.419 4214.549 4208.687 4202.825 4196.962
4391.761 4395.41 4399.059 4402.708 4406.356 4407.588 4408.089 4408.591 4409.093 4409.478 4409.478 4409.478 4409.478 4409.478 4409.281 4408.997 4408.713 4408.43 4408.044 4407.119 4406.194 4405.27 4404.345 4402.519 4400.147 4397.775 4395.404 4393.047 4390.845 4388.644 4386.442 4384.24 4381.288 4377.723 4374.158 4370.593 4367.018 4362.713 4358.408 4354.104 4349.799 4344.711 4338.77 4332.828 4326.886 4320.944 4313.179 4305.302 4297.424 4289.547 4281.64 4273.688 4265.737 4257.785 4249.834 4243.48 4237.365 4231.251 4225.136 4219.029 4212.935 4206.841 4200.747
4382.852 4386.468 4390.085 4393.702 4397.318 4398.53 4399.015 4399.501 4399.986 4400.359 4400.359 4400.359 4400.359 4400.359 4400.214 4400.005 4399.797 4399.588 4399.301 4398.602 4397.902 4397.203 4396.503 4395.055 4393.155 4391.256 4389.356 4387.465 4385.671 4383.876 4382.083 4380.288 4377.834 4374.843 4371.852 4368.861 4365.861 4362.248 4358.634 4355.021 4351.408 4347.014 4341.769 4336.524 4331.28 4326.035 4318.79 4311.422 4304.053 4296.685 4289.035 4280.971 4272.907 4264.843 4256.779 4250.177 4243.794 4237.412 4231.029 4224.704 4218.492 4212.28 4206.068
4373.942 4377.526 4381.111 4384.695 4388.28 4389.472 4389.941 4390.411 4390.88 4391.241 4391.241 4391.241 4391.241 4391.241 4391.148 4391.014 4390.88 4390.747 4390.559 4390.084 4389.61 4389.135 4388.661 4387.592 4386.164 4384.736 4383.308 4381.884 4380.497 4379.11 4377.723 4376.336 4374.381 4371.964 4369.546 4367.128 4364.704 4361.782 4358.86 4355.938 4353.017 4349.317 4344.769 4340.221 4335.673 4331.125 4324.4 4317.542 4310.683 4303.824 4296.43 4288.253 4280.077 4271.9 4263.724 4256.874 4250.224 4243.573 4236.922 4230.379 4224.049 4217.719 4211.39
4365.032 4368.584 4372.137 4375.689 4379.241 4380.413 4380.867 4381.32 4381.773 4382.122 4382.122 4382.122 4382.122 4382.122 4382.081 4382.022 4381.964 4381.905 4381.816 4381.567 4381.317 4381.068 4380.819 4380.129 4379.173 4378.216 4377.26 4376.302 4375.322 4374.343 4373.363 4372.384 4370.928 4369.084 4367.24 4365.396 4363.546 4361.316 4359.086 4356.855 4354.625 4351.62 4347.769 4343.918 4340.067 4336.216 4330.011 4323.662 4317.312 4310.962 4303.825 4295.536 4287.247 4278.958 4270.668 4263.571 4256.653 4249.734 4242.816 4236.054 4229.606 4223.159 4216.711
4356.454 4359.907 4363.36 4366.813 4370.266 4371.395 4371.822 4372.249 4372.675 4373.003 4373.003 4373.003 4373.003 4373.003 4373.003 4373.003 4373.003 4373.003 4372.993 4372.93 4372.867 4372.804 4372.741 4372.424 4371.952 4371.48 4371.009 4370.54 4370.096 4369.651 4369.207 4368.763 4367.924 4366.763 4365.601 4364.44 4363.272 4361.701 4360.129 4358.558 4356.986 4354.589 4351.29 4347.992 4344.693 4341.395 4335.637 4329.729 4323.82 4317.912 4311.039 4302.755 4294.471 4286.186 4277.902 4270.577 4263.396 4256.216 4249.035 4242.056 4235.478 4228.901 4222.323
4349.056 4352.171 4355.287 4358.402 4361.518 4362.519 4362.881 4363.244 4363.606 4363.884 4363.884 4363.884 4363.884 4363.884 4363.884 4363.884 4363.884 4363.884 4363.882 4363.868 4363.853 4363.838 4363.823 4363.854 4363.914 4363.973 4364.032 4364.133 4364.681 4365.229 4365.776 4366.323 4366.521 4366.431 4366.342 4366.252 4366.15 4365.12 4364.089 4363.059 4362.029 4359.932 4356.671 4353.41 4350.149 4346.888 4341.32 4335.609 4329.899 4324.189 4317.606 4309.745 4301.885 4294.023 4286.163 4278.684 4271.262 4263.84 4256.418 4249.22 4242.471 4235.723 4228.974
4341.658 4344.436 4347.213 4349.991 4352.769 4353.642 4353.94 4354.239 4354.537 4354.766 4354.766 4354.766 4354.766 4354.766 4354.766 4354.766 4354.766 4354.766 4354.771 4354.805 4354.838 4354.872 4354.905 4355.286 4355.875 4356.465 4357.055 4357.727 4359.266 4360.806 4362.345 4363.884 4365.117 4366.1 4367.083 4368.065 4369.027 4368.538 4368.049 4367.561 4367.072 4365.275 4362.052 4358.828 4355.605 4352.381 4347.002 4341.49 4335.979 4330.466 4324.173 4316.736 4309.299 4301.861 4294.424 4286.79 4279.127 4271.464 4263.801 4256.385 4249.465 4242.544 4235.624
