data/zism_data/00423_04_D.txt
ncols         224
nrows         224
[rows 140 to 167 of 224, columns 0 to 62 of 224]
1296.985 1297.009 1297.034 1297.057 1297.077 1297.098 1297.119 1297.14 1297.199 1297.261 1297.323 1297.385 1297.462 1297.561 1297.66 1297.759 1297.857 1297.923 1297.982 1298.041 1298.101 1298.141 1298.141 1298.141 1298.141 1298.141 1298.117 1298.086 1298.055 1298.023 1297.99 1297.947 1297.905 1297.862 1297.82 1297.808 1297.808 1297.808 1297.808 1297.815 1297.858 1297.9 1297.942 1297.985 1298.0 1298.0 1298.0 1298.0 1298.007 1298.08 1298.152 1298.225 1298.298 1298.389 1298.494 1298.6 1298.705 1298.809 1298.851 1298.894 1298.936 1298.979 1299.0
1296.961 1296.985 1297.01 1297.027 1297.037 1297.047 1297.057 1297.067 1297.096 1297.126 1297.156 1297.186 1297.258 1297.394 1297.531 1297.667 1297.803 1297.869 1297.923 1297.977 1298.031 1298.068 1298.068 1298.068 1298.068 1298.068 1298.056 1298.041 1298.026 1298.011 1297.986 1297.927 1297.869 1297.81 1297.752 1297.735 1297.735 1297.735 1297.735 1297.745 1297.803 1297.862 1297.92 1297.979 1298.0 1298.0 1298.0 1298.0 1298.004 1298.039 1298.074 1298.109 1298.144 1298.231 1298.358 1298.485 1298.612 1298.736 1298.795 1298.853 1298.912 1298.97 1299.0
1296.931 1296.958 1296.985 1297.0 1297.0 1297.0 1297.0 1297.0 1297.0 1297.0 1297.0 1297.0 1297.066 1297.235 1297.404 1297.573 1297.742 1297.808 1297.856 1297.904 1297.953 1297.986 1297.986 1297.986 1297.986 1297.986 1297.986 1297.986 1297.986 1297.986 1297.968 1297.895 1297.823 1297.75 1297.678 1297.657 1297.657 1297.657 1297.657 1297.67 1297.742 1297.814 1297.887 1297.959 1297.988 1297.991 1297.994 1297.997 1298.0 1298.0 1298.0 1298.0 1298.0 1298.082 1298.227 1298.372 1298.516 1298.659 1298.732 1298.804 1298.876 1298.949 1298.987
1296.822 1296.892 1296.962 1297.0 1297.0 1297.0 1297.0 1297.0 1297.0 1297.0 1297.0 1297.0 1297.051 1297.183 1297.314 1297.446 1297.577 1297.628 1297.666 1297.704 1297.741 1297.767 1297.767 1297.767 1297.767 1297.767 1297.767 1297.767 1297.767 1297.767 1297.753 1297.697 1297.64 1297.584 1297.527 1297.511 1297.511 1297.511 1297.511 1297.521 1297.577 1297.634 1297.69 1297.746 1297.8 1297.851 1297.902 1297.954 1298.0 1298.0 1298.0 1298.0 1298.0 1298.064 1298.176 1298.289 1298.402 1298.513 1298.569 1298.625 1298.682 1298.738 1298.784
1296.713 1296.826 1296.939 1297.0 1297.0 1297.0 1297.0 1297.0 1297.0 1297.0 1297.0 1297.0 1297.037 1297.131 1297.225 1297.319 1297.412 1297.449 1297.476 1297.503 1297.53 1297.548 1297.548 1297.548 1297.548 1297.548 1297.548 1297.548 1297.548 1297.548 1297.538 1297.498 1297.458 1297.417 1297.377 1297.365 1297.365 1297.365 1297.365 1297.372 1297.412 1297.453 1297.493 1297.533 1297.611 1297.711 1297.811 1297.91 1298.0 1298.0 1298.0 1298.0 1298.0 1298.046 1298.126 1298.207 1298.287 1298.366 1298.407 1298.447 1298.487 1298.527 1298.581
1296.604 1296.76 1296.916 1297.0 1297.0 1297.0 1297.0 1297.0 1297.0 1297.0 1297.0 1297.0 1297.022 1297.078 1297.135 1297.191 1297.248 1297.27 1297.286 1297.302 1297.318 1297.329 1297.329 1297.329 1297.329 1297.329 1297.329 1297.329 1297.329 1297.329 1297.323 1297.299 1297.275 1297.251 1297.226 1297.219 1297.219 1297.219 1297.219 1297.224 1297.248 1297.272 1297.296 1297.32 1297.423 1297.571 1297.719 1297.867 1298.0 1298.0 1298.0 1298.0 1298.0 1298.027 1298.076 1298.124 1298.172 1298.22 1298.244 1298.268 1298.293 1298.317 1298.378
1296.496 1296.695 1296.893 1297.0 1297.0 1297.0 1297.0 1297.0 1297.0 1297.0 1297.0 1297.0 1297.007 1297.026 1297.045 1297.064 1297.083 1297.09 1297.096 1297.101 1297.107 1297.11 1297.11 1297.11 1297.11 1297.11 1297.11 1297.11 1297.11 1297.11 1297.108 1297.1 1297.092 1297.084 1297.076 1297.073 1297.073 1297.073 1297.073 1297.075 1297.083 1297.091 1297.099 1297.107 1297.235 1297.431 1297.628 1297.824 1298.0 1298.0 1298.0 1298.0 1298.0 1298.009 1298.025 1298.042 1298.058 1298.074 1298.082 1298.09 1298.098 1298.106 1298.175
1296.393 1296.589 1296.786 1296.895 1296.903 1296.911 1296.919 1296.927 1296.938 1296.948 1296.959 1296.969 1296.978 1296.983 1296.989 1296.994 1296.999 1297.0 1297.0 1297.0 1297.0 1297.0 1297.0 1297.0 1297.0 1297.0 1297.0 1297.0 1297.0 1297.0 1297.0 1297.0 1297.0 1297.0 1297.0 1297.0 1297.0 1297.0 1297.0 1297.0 1297.0 1297.0 1297.0 1297.0 1297.125 1297.322 1297.518 1297.715 1297.892 1297.9 1297.908 1297.916 1297.924 1297.937 1297.953 1297.969 1297.984 1298.0 1298.0 1298.0 1298.0 1298.0 1298.065
1296.297 1296.445 1296.593 1296.684 1296.708 1296.732 1296.756 1296.78 1296.811 1296.844 1296.876 1296.908 1296.933 1296.95 1296.966 1296.982 1296.998 1297.0 1297.0 1297.0 1297.0 1297.0 1297.0 1297.0 1297.0 1297.0 1297.0 1297.0 1297.0 1297.0 1297.0 1297.0 1297.0 1297.0 1297.0 1297.0 1297.0 1297.0 1297.0 1297.0 1297.0 1297.0 1297.0 1297.0 1297.094 1297.243 1297.391 1297.539 1297.675 1297.699 1297.723 1297.747 1297.771 1297.809 1297.857 1297.905 1297.953 1298.0 1298.0 1298.0 1298.0 1298.0 1298.049
1296.2 1296.3 1296.4 1296.472 1296.512 1296.553 1296.593 1296.633 1296.685 1296.739 1296.792 1296.846 1296.889 1296.916 1296.943 1296.969 1296.996 1297.0 1297.0 1297.0 1297.0 1297.0 1297.0 1297.0 1297.0 1297.0 1297.0 1297.0 1297.0 1297.0 1297.0 1297.0 1297.0 1297.0 1297.0 1297.0 1297.0 1297.0 1297.0 1297.0 1297.0 1297.0 1297.0 1297.0 1297.064 1297.164 1297.264 1297.364 1297.458 1297.498 1297.538 1297.578 1297.618 1297.681 1297.761 1297.842 1297.922 1298.0 1298.0 1298.0 1298.0 1298.0 1298.033
1296.104 1296.155 1296.207 1296.261 1296.317 1296.373 1296.43 1296.486 1296.559 1296.634 1296.709 1296.784 1296.845 1296.882 1296.92 1296.957 1296.995 1297.0 1297.0 1297.0 1297.0 1297.0 1297.0 1297.0 1297.0 1297.0 1297.0 1297.0 1297.0 1297.0 1297.0 1297.0 1297.0 1297.0 1297.0 1297.0 1297.0 1297.0 1297.0 1297.0 1297.0 1297.0 1297.0 1297.0 1297.033 1297.085 1297.137 1297.188 1297.24 1297.297 1297.353 1297.409 1297.465 1297.553 1297.666 1297.778 1297.891 1298.0 1298.0 1298.0 1298.0 1298.0 1298.017
1296.007 1296.011 1296.014 1296.05 1296.122 1296.194 1296.266 1296.339 1296.433 1296.53 1296.626 1296.723 1296.8 1296.848 1296.897 1296.945 1296.993 1297.0 1297.0 1297.0 1297.0 1297.0 1297.0 1297.0 1297.0 1297.0 1297.0 1297.0 1297.0 1297.0 1297.0 1297.0 1297.0 1297.0 1297.0 1297.0 1297.0 1297.0 1297.0 1297.0 1297.0 1297.0 1297.0 1297.0 1297.002 1297.006 1297.009 1297.013 1297.023 1297.096 1297.168 1297.24 1297.313 1297.426 1297.57 1297.715 1297.86 1298.0 1298.0 1298.0 1298.0 1298.0 1298.001
1295.917 1295.932 1295.947 1295.987 1296.055 1296.124 1296.192 1296.261 1296.338 1296.416 1296.494 1296.572 1296.635 1296.674 1296.713 1296.752 1296.792 1296.797 1296.797 1296.797 1296.797 1296.797 1296.797 1296.797 1296.797 1296.797 1296.82 1296.85 1296.88 1296.91 1296.932 1296.932 1296.932 1296.932 1296.932 1296.932 1296.932 1296.932 1296.932 1296.935 1296.95 1296.965 1296.98 1296.995 1297.0 1297.0 1297.0 1297.0 1297.006 1297.065 1297.123 1297.182 1297.24 1297.338 1297.465 1297.592 1297.719 1297.843 1297.863 1297.883 1297.902 1297.922 1297.94
1295.828 1295.859 1295.89 1295.936 1295.999 1296.062 1296.125 1296.188 1296.245 1296.302 1296.359 1296.415 1296.461 1296.489 1296.517 1296.546 1296.574 1296.578 1296.578 1296.578 1296.578 1296.578 1296.578 1296.578 1296.578 1296.578 1296.627 1296.689 1296.751 1296.813 1296.859 1296.859 1296.859 1296.859 1296.859 1296.859 1296.859 1296.859 1296.859 1296.865 1296.896 1296.927 1296.958 1296.989 1297.0 1297.0 1297.0 1297.0 1297.004 1297.047 1297.089 1297.132 1297.174 1297.252 1297.358 1297.464 1297.569 1297.673 1297.714 1297.756 1297.797 1297.839 1297.875
1295.738 1295.785 1295.832 1295.884 1295.942 1296.0 1296.058 1296.116 1296.152 1296.188 1296.223 1296.258 1296.286 1296.304 1296.322 1296.339 1296.357 1296.359 1296.359 1296.359 1296.359 1296.359 1296.359 1296.359 1296.359 1296.359 1296.433 1296.527 1296.621 1296.715 1296.786 1296.786 1296.786 1296.786 1296.786 1296.786 1296.786 1296.786 1296.786 1296.795 1296.842 1296.889 1296.936 1296.983 1297.0 1297.0 1297.0 1297.0 1297.003 1297.029 1297.056 1297.082 1297.108 1297.167 1297.252 1297.336 1297.42 1297.504 1297.566 1297.629 1297.692 1297.755 1297.81
1295.649 1295.712 1295.775 1295.833 1295.886 1295.938 1295.991 1296.043 1296.06 1296.073 1296.087 1296.101 1296.112 1296.119 1296.126 1296.133 1296.14 1296.141 1296.141 1296.141 1296.141 1296.141 1296.141 1296.141 1296.141 1296.141 1296.239 1296.366 1296.492 1296.618 1296.714 1296.714 1296.714 1296.714 1296.714 1296.714 1296.714 1296.714 1296.714 1296.724 1296.788 1296.851 1296.914 1296.977 1297.0 1297.0 1297.0 1297.0 1297.001 1297.011 1297.022 1297.032 1297.042 1297.082 1297.145 1297.208 1297.271 1297.334 1297.418 1297.502 1297.587 1297.671 1297.745
1295.545 1295.613 1295.681 1295.746 1295.808 1295.871 1295.933 1295.995 1296.0 1296.0 1296.0 1296.0 1296.0 1296.0 1296.0 1296.0 1296.0 1296.0 1296.0 1296.0 1296.0 1296.0 1296.0 1296.0 1296.0 1296.0 1296.106 1296.241 1296.377 1296.512 1296.615 1296.615 1296.615 1296.615 1296.615 1296.615 1296.615 1296.615 1296.615 1296.626 1296.694 1296.762 1296.829 1296.897 1296.933 1296.95 1296.967 1296.984 1297.0 1297.0 1297.0 1297.0 1297.0 1297.026 1297.071 1297.116 1297.161 1297.208 1297.298 1297.388 1297.478 1297.569 1297.653
1295.416 1295.467 1295.519 1295.593 1295.693 1295.793 1295.893 1295.993 1296.0 1296.0 1296.0 1296.0 1296.0 1296.0 1296.0 1296.0 1296.0 1296.0 1296.0 1296.0 1296.0 1296.0 1296.0 1296.0 1296.0 1296.0 1296.081 1296.184 1296.287 1296.391 1296.469 1296.469 1296.469 1296.469 1296.469 1296.469 1296.469 1296.469 1296.469 1296.478 1296.529 1296.581 1296.632 1296.684 1296.745 1296.81 1296.876 1296.941 1297.0 1297.0 1297.0 1297.0 1297.0 1297.019 1297.054 1297.088 1297.123 1297.158 1297.227 1297.296 1297.365 1297.434 1297.516
1295.286 1295.322 1295.357 1295.44 1295.578 1295.715 1295.853 1295.99 1296.0 1296.0 1296.0 1296.0 1296.0 1296.0 1296.0 1296.0 1296.0 1296.0 1296.0 1296.0 1296.0 1296.0 1296.0 1296.0 1296.0 1296.0 1296.056 1296.127 1296.198 1296.269 1296.323 1296.323 1296.323 1296.323 1296.323 1296.323 1296.323 1296.323 1296.323 1296.329 1296.364 1296.4 1296.436 1296.471 1296.557 1296.67 1296.784 1296.898 1297.0 1297.0 1297.0 1297.0 1297.0 1297.013 1297.037 1297.061 1297.085 1297.109 1297.156 1297.204 1297.251 1297.299 1297.378
1295.157 1295.176 1295.196 1295.287 1295.462 1295.637 1295.812 1295.987 1296.0 1296.0 1296.0 1296.0 1296.0 1296.0 1296.0 1296.0 1296.0 1296.0 1296.0 1296.0 1296.0 1296.0 1296.0 1296.0 1296.0 1296.0 1296.031 1296.069 1296.108 1296.147 1296.177 1296.177 1296.177 1296.177 1296.177 1296.177 1296.177 1296.177 1296.177 1296.18 1296.2 1296.219 1296.239 1296.258 1296.369 1296.531 1296.693 1296.854 1297.0 1297.0 1297.0 1297.0 1297.0 1297.007 1297.02 1297.033 1297.046 1297.06 1297.086 1297.112 1297.138 1297.164 1297.24
1295.027 1295.031 1295.034 1295.135 1295.347 1295.56 1295.772 1295.985 1296.0 1296.0 1296.0 1296.0 1296.0 1296.0 1296.0 1296.0 1296.0 1296.0 1296.0 1296.0 1296.0 1296.0 1296.0 1296.0 1296.0 1296.0 1296.005 1296.012 1296.019 1296.026 1296.031 1296.031 1296.031 1296.031 1296.031 1296.031 1296.031 1296.031 1296.031 1296.031 1296.035 1296.038 1296.042 1296.045 1296.18 1296.391 1296.601 1296.811 1297.0 1297.0 1297.0 1297.0 1297.0 1297.001 1297.004 1297.006 1297.008 1297.01 1297.015 1297.02 1297.024 1297.029 1297.102
1295.0 1295.0 1295.0 1295.085 1295.267 1295.449 1295.632 1295.814 1295.835 1295.844 1295.852 1295.861 1295.867 1295.872 1295.876 1295.88 1295.884 1295.885 1295.885 1295.885 1295.885 1295.885 1295.885 1295.885 1295.885 1295.885 1295.892 1295.9 1295.909 1295.917 1295.927 1295.944 1295.961 1295.978 1295.995 1296.0 1296.0 1296.0 1296.0 1296.0 1296.0 1296.0 1296.0 1296.0 1296.116 1296.299 1296.481 1296.664 1296.829 1296.841 1296.854 1296.867 1296.88 1296.899 1296.925 1296.95 1296.975 1297.0 1297.0 1297.0 1297.0 1297.0 1297.06
1295.0 1295.0 1295.0 1295.062 1295.196 1295.331 1295.465 1295.599 1295.626 1295.646 1295.665 1295.684 1295.699 1295.709 1295.719 1295.728 1295.738 1295.739 1295.739 1295.739 1295.739 1295.739 1295.739 1295.739 1295.739 1295.739 1295.754 1295.773 1295.792 1295.812 1295.836 1295.874 1295.912 1295.951 1295.989 1296.0 1296.0 1296.0 1296.0 1296.0 1296.0 1296.0 1296.0 1296.0 1296.086 1296.22 1296.354 1296.488 1296.612 1296.64 1296.669 1296.698 1296.727 1296.772 1296.829 1296.887 1296.944 1297.0 1297.0 1297.0 1297.0 1297.0 1297.044
1295.0 1295.0 1295.0 1295.04 1295.126 1295.212 1295.298 1295.384 1295.417 1295.447 1295.477 1295.507 1295.531 1295.546 1295.561 1295.576 1295.591 1295.593 1295.593 1295.593 1295.593 1295.593 1295.593 1295.593 1295.593 1295.593 1295.617 1295.646 1295.676 1295.706 1295.744 1295.803 1295.863 1295.923 1295.983 1296.0 1296.0 1296.0 1296.0 1296.0 1296.0 1296.0 1296.0 1296.0 1296.055 1296.141 1296.227 1296.313 1296.394 1296.439 1296.484 1296.529 1296.574 1296.644 1296.734 1296.823 1296.913 1297.0 1297.0 1297.0 1297.0 1297.0 1297.028
1295.0 1295.0 1295.0 1295.017 1295.055 1295.093 1295.13 1295.168 1295.209 1295.249 1295.29 1295.33 1295.363 1295.383 1295.404 1295.424 1295.444 1295.447 1295.447 1295.447 1295.447 1295.447 1295.447 1295.447 1295.447 1295.447 1295.479 1295.52 1295.56 1295.601 1295.652 1295.733 1295.814 1295.895 1295.976 1296.0 1296.0 1296.0 1296.0 1296.0 1296.0 1296.0 1296.0 1296.0 1296.024 1296.062 1296.099 1296.137 1296.177 1296.238 1296.299 1296.36 1296.421 1296.516 1296.638 1296.76 1296.882 1297.0 1297.0 1297.0 1297.0 1297.0 1297.012
1294.969 1294.977 1294.985 1294.99 1294.993 1294.995 1294.997 1295.0 1295.043 1295.09 1295.137 1295.183 1295.221 1295.244 1295.267 1295.291 1295.314 1295.317 1295.317 1295.317 1295.317 1295.317 1295.317 1295.317 1295.317 1295.317 1295.354 1295.401 1295.447 1295.494 1295.552 1295.645 1295.739 1295.832 1295.925 1295.955 1295.96 1295.965 1295.969 1295.974 1295.98 1295.986 1295.992 1295.998 1296.0 1296.0 1296.0 1296.0 1296.007 1296.077 1296.147 1296.217 1296.287 1296.398 1296.542 1296.685 1296.829 1296.968 1296.975 1296.982 1296.989 1296.996 1297.0
1294.825 1294.87 1294.916 1294.947 1294.96 1294.973 1294.986 1294.999 1295.033 1295.069 1295.105 1295.141 1295.17 1295.188 1295.206 1295.224 1295.242 1295.244 1295.244 1295.244 1295.244 1295.244 1295.244 1295.244 1295.244 1295.244 1295.273 1295.308 1295.344 1295.38 1295.425 1295.497 1295.569 1295.641 1295.712 1295.752 1295.778 1295.804 1295.83 1295.857 1295.89 1295.923 1295.955 1295.988 1296.0 1296.0 1296.0 1296.0 1296.005 1296.059 1296.113 1296.167 1296.221 1296.316 1296.444 1296.571 1296.698 1296.823 1296.863 1296.902 1296.941 1296.98 1297.0
1294.681 1294.764 1294.847 1294.903 1294.927 1294.951 1294.974 1294.998 1295.023 1295.049 1295.074 1295.099 1295.119 1295.132 1295.144 1295.157 1295.17 1295.172 1295.172 1295.172 1295.172 1295.172 1295.172 1295.172 1295.172 1295.172 1295.191 1295.216 1295.242 1295.267 1295.298 1295.349 1295.399 1295.449 1295.5 1295.548 1295.596 1295.643 1295.691 1295.74 1295.8 1295.859 1295.919 1295.978 1296.0 1296.0 1296.0 1296.0 1296.004 1296.042 1296.079 1296.117 1296.155 1296.234 1296.346 1296.457 1296.568 1296.678 1296.75 1296.821 1296.892 1296.964 1297.0
