data/zism_data/00420_02_D.txt
ncols         224
nrows         224
[rows 196 to 223 of 224, columns 63 to 125 of 224]
4213.654 4222.6 4231.546 4240.493 4248.679 4256.83 4264.981 4273.132 4279.196 4282.379 4285.563 4288.746 4291.929 4290.367 4288.182 4285.997 4283.812 4279.789 4272.317 4264.845 4257.374 4249.902 4244.13 4238.753 4233.375 4227.998 4223.271 4220.255 4217.24 4214.224 4211.208 4209.289 4207.755 4206.222 4204.689 4203.124 4201.435 4199.745 4198.055 4196.365 4194.227 4191.863 4189.5 4187.137 4184.983 4184.228 4183.473 4182.717 4181.962 4180.037 4177.312 4174.587 4171.862 4168.931 4162.646 4156.362 4150.078 4143.794 4136.727 4128.94 4121.155 4113.37 4105.584
4208.483 4216.746 4225.008 4233.271 4241.689 4250.116 4258.541 4266.967 4273.594 4277.741 4281.888 4286.035 4290.182 4289.23 4287.611 4285.991 4284.371 4280.707 4273.208 4265.71 4258.211 4250.713 4244.512 4238.613 4232.713 4226.814 4221.687 4218.59 4215.493 4212.397 4209.3 4207.363 4205.835 4204.308 4202.78 4201.107 4198.863 4196.619 4194.375 4192.131 4189.301 4186.179 4183.057 4179.935 4177.063 4175.861 4174.659 4173.457 4172.255 4169.793 4166.471 4163.148 4159.826 4156.343 4150.236 4144.129 4138.023 4131.916 4125.203 4117.934 4110.665 4103.396 4096.127
4203.312 4210.891 4218.47 4226.049 4234.7 4243.401 4252.101 4260.801 4267.993 4273.103 4278.213 4283.323 4288.434 4288.094 4287.04 4285.985 4284.931 4281.625 4274.1 4266.575 4259.049 4251.524 4244.894 4238.473 4232.051 4225.629 4220.102 4216.924 4213.747 4210.57 4207.393 4205.438 4203.916 4202.394 4200.871 4199.09 4196.292 4193.493 4190.695 4187.896 4184.376 4180.495 4176.613 4172.732 4169.142 4167.494 4165.845 4164.196 4162.547 4159.549 4155.629 4151.71 4147.79 4143.754 4137.825 4131.896 4125.967 4120.038 4113.679 4106.927 4100.175 4093.423 4086.671
4199.262 4206.307 4213.352 4220.396 4229.18 4238.044 4246.907 4255.771 4263.391 4269.298 4275.204 4281.111 4287.018 4287.38 4287.015 4286.65 4286.285 4283.432 4275.913 4268.393 4260.874 4253.354 4246.167 4239.058 4231.949 4224.84 4218.787 4215.51 4212.234 4208.958 4205.683 4203.686 4202.141 4200.596 4199.052 4197.165 4193.937 4190.708 4187.48 4184.252 4180.151 4175.614 4171.077 4166.541 4162.298 4160.019 4157.74 4155.461 4153.182 4149.706 4145.411 4141.117 4136.823 4132.446 4126.729 4121.012 4115.295 4109.578 4103.51 4097.121 4090.731 4084.342 4077.952
4197.776 4204.627 4211.478 4218.329 4227.018 4235.79 4244.561 4253.333 4261.075 4267.396 4273.717 4280.038 4286.359 4287.631 4288.24 4288.85 4289.459 4287.269 4279.83 4272.391 4264.953 4257.514 4249.478 4241.303 4233.128 4224.953 4218.089 4214.673 4211.257 4207.841 4204.425 4202.329 4200.697 4199.066 4197.436 4195.451 4192.078 4188.704 4185.33 4181.957 4177.527 4172.571 4167.614 4162.657 4157.913 4154.584 4151.256 4147.927 4144.599 4140.776 4136.617 4132.457 4128.297 4124.064 4118.637 4113.211 4107.785 4102.358 4096.436 4090.056 4083.678 4077.299 4070.92
4196.291 4202.948 4209.605 4216.262 4224.854 4233.535 4242.215 4250.896 4258.759 4265.494 4272.229 4278.965 4285.701 4287.881 4289.465 4291.049 4292.632 4291.106 4283.748 4276.39 4269.032 4261.674 4252.788 4243.547 4234.307 4225.066 4217.391 4213.835 4210.279 4206.723 4203.167 4200.971 4199.254 4197.537 4195.82 4193.737 4190.218 4186.699 4183.18 4179.661 4174.903 4169.527 4164.15 4158.773 4153.527 4149.149 4144.771 4140.393 4136.015 4131.847 4127.821 4123.796 4119.771 4115.682 4110.546 4105.41 4100.274 4095.139 4089.36 4082.992 4076.624 4070.256 4063.888
4194.805 4201.269 4207.732 4214.195 4222.692 4231.281 4239.87 4248.458 4256.442 4263.593 4270.742 4277.892 4285.042 4288.132 4290.69 4293.248 4295.806 4294.943 4287.666 4280.388 4273.111 4265.833 4256.098 4245.792 4235.485 4225.179 4216.693 4212.998 4209.302 4205.606 4201.91 4199.613 4197.81 4196.007 4194.204 4192.023 4188.358 4184.694 4181.03 4177.365 4172.28 4166.483 4160.687 4154.891 4149.142 4143.714 4138.287 4132.859 4127.432 4122.917 4119.027 4115.136 4111.245 4107.299 4102.454 4097.609 4092.765 4087.919 4082.286 4075.928 4069.571 4063.214 4056.857
4193.32 4199.589 4205.859 4212.128 4220.529 4229.026 4237.523 4246.021 4254.126 4261.691 4269.255 4276.819 4284.384 4288.383 4291.916 4295.448 4298.98 4298.78 4291.583 4284.387 4277.19 4269.993 4259.408 4248.036 4236.664 4225.292 4215.996 4212.16 4208.324 4204.488 4200.652 4198.255 4196.366 4194.477 4192.587 4190.309 4186.499 4182.689 4178.88 4175.07 4169.656 4163.439 4157.223 4151.007 4144.756 4138.279 4131.802 4125.325 4118.848 4113.988 4110.231 4106.476 4102.719 4098.917 4094.363 4089.808 4085.254 4080.7 4075.211 4068.864 4062.518 4056.171 4049.825
4195.217 4201.735 4208.253 4214.771 4222.831 4230.961 4239.091 4247.221 4255.124 4262.713 4270.303 4277.892 4285.481 4290.22 4294.584 4298.949 4303.313 4303.797 4297.006 4290.214 4283.423 4276.631 4265.873 4254.194 4242.515 4230.836 4221.149 4216.702 4212.256 4207.81 4203.363 4200.629 4198.5 4196.37 4194.241 4191.806 4188.171 4184.537 4180.902 4177.268 4171.9 4165.666 4159.431 4153.196 4146.861 4139.854 4132.846 4125.838 4118.831 4113.614 4109.619 4105.624 4101.629 4097.587 4092.776 4087.965 4083.154 4078.342 4072.55 4065.857 4059.164 4052.471 4045.779
4198.221 4205.132 4212.043 4218.954 4226.593 4234.266 4241.938 4249.611 4257.205 4264.692 4272.18 4279.667 4287.154 4292.575 4297.726 4302.875 4308.026 4309.2 4302.92 4296.64 4290.36 4284.08 4273.37 4261.632 4249.893 4238.155 4228.214 4223.004 4217.793 4212.583 4207.372 4204.224 4201.803 4199.383 4196.963 4194.353 4190.999 4187.644 4184.29 4180.935 4175.735 4169.614 4163.492 4157.371 4151.086 4143.719 4136.35 4128.982 4121.614 4116.036 4111.681 4107.326 4102.97 4098.563 4093.316 4088.069 4082.821 4077.574 4071.331 4064.176 4057.02 4049.865 4042.709
4201.225 4208.529 4215.833 4223.136 4230.355 4237.57 4244.785 4252.0 4259.287 4266.671 4274.056 4281.441 4288.826 4294.93 4300.866 4306.802 4312.738 4314.604 4308.834 4303.066 4297.297 4291.528 4280.866 4269.069 4257.271 4245.474 4235.28 4229.305 4223.33 4217.355 4211.38 4207.817 4205.107 4202.396 4199.685 4196.9 4193.826 4190.751 4187.676 4184.602 4179.571 4173.563 4167.554 4161.545 4155.312 4147.583 4139.855 4132.126 4124.397 4118.459 4113.743 4109.027 4104.311 4099.539 4093.855 4088.172 4082.489 4076.806 4070.113 4062.494 4054.876 4047.258 4039.639
4204.229 4211.925 4219.622 4227.319 4234.117 4240.875 4247.632 4254.39 4261.368 4268.65 4275.933 4283.215 4290.498 4297.285 4304.007 4310.729 4317.451 4320.006 4314.749 4309.492 4304.234 4298.977 4288.363 4276.507 4264.65 4252.793 4242.346 4235.606 4228.867 4222.127 4215.388 4211.412 4208.41 4205.409 4202.407 4199.448 4196.653 4193.858 4191.063 4188.269 4183.406 4177.511 4171.615 4165.72 4159.538 4151.449 4143.359 4135.27 4127.181 4120.881 4115.805 4110.728 4105.651 4100.514 4094.395 4088.276 4082.157 4076.038 4068.895 4060.813 4052.732 4044.651 4036.569
4207.913 4216.051 4224.189 4232.327 4238.71 4245.015 4251.319 4257.624 4264.203 4271.163 4278.123 4285.083 4292.042 4299.14 4306.256 4313.372 4320.487 4323.483 4318.753 4314.023 4309.294 4304.564 4294.212 4282.555 4270.898 4259.241 4248.786 4241.493 4234.2 4226.907 4219.614 4215.296 4212.03 4208.763 4205.496 4202.369 4199.794 4197.219 4194.644 4192.069 4187.415 4181.721 4176.027 4170.333 4164.299 4156.004 4147.709 4139.415 4131.12 4124.531 4119.106 4113.682 4108.258 4102.773 4096.308 4089.842 4083.377 4076.911 4069.406 4060.949 4052.493 4044.036 4035.579
4214.273 4223.042 4231.809 4240.576 4246.571 4252.439 4258.307 4264.176 4270.002 4275.773 4281.543 4287.313 4293.084 4299.03 4305.0 4310.968 4316.938 4319.392 4315.254 4311.116 4306.979 4302.841 4293.588 4283.147 4272.707 4262.266 4252.768 4245.749 4238.731 4231.712 4224.694 4220.325 4216.891 4213.458 4210.023 4206.761 4204.169 4201.579 4198.987 4196.396 4192.103 4186.958 4181.813 4176.667 4171.164 4163.273 4155.382 4147.491 4139.599 4132.998 4127.278 4121.558 4115.837 4110.074 4103.614 4097.154 4090.694 4084.233 4076.715 4068.225 4059.736 4051.247 4042.758
4220.634 4230.032 4239.429 4248.826 4254.431 4259.863 4265.295 4270.728 4275.802 4280.383 4284.964 4289.544 4294.125 4298.92 4303.743 4308.565 4313.388 4315.3 4311.755 4308.209 4304.664 4301.118 4292.963 4283.739 4274.515 4265.291 4256.75 4250.006 4243.262 4236.518 4229.774 4225.354 4221.753 4218.152 4214.552 4211.152 4208.545 4205.938 4203.331 4200.723 4196.79 4192.194 4187.598 4183.002 4178.029 4170.542 4163.054 4155.566 4148.079 4141.466 4135.45 4129.433 4123.417 4117.375 4110.92 4104.465 4098.011 4091.556 4084.023 4075.501 4066.98 4058.458 4049.937
4226.995 4237.022 4247.049 4257.076 4262.291 4267.287 4272.284 4277.28 4281.602 4284.993 4288.384 4291.775 4295.167 4298.81 4302.486 4306.163 4309.839 4311.209 4308.255 4305.302 4302.349 4299.395 4292.339 4284.332 4276.324 4268.316 4260.732 4254.263 4247.793 4241.324 4234.854 4230.382 4226.615 4222.847 4219.08 4215.544 4212.92 4210.297 4207.674 4205.05 4201.478 4197.431 4193.384 4189.337 4184.894 4177.81 4170.726 4163.643 4156.559 4149.933 4143.621 4137.309 4130.996 4124.676 4118.227 4111.777 4105.328 4098.878 4091.331 4082.777 4074.223 4065.669 4057.116
4233.355 4244.012 4254.669 4265.326 4270.151 4274.711 4279.272 4283.833 4287.401 4289.603 4291.805 4294.006 4296.208 4298.7 4301.229 4303.759 4306.289 4307.118 4304.756 4302.395 4300.033 4297.672 4291.715 4284.924 4278.132 4271.341 4264.714 4258.52 4252.325 4246.13 4239.935 4235.411 4231.477 4227.542 4223.607 4219.936 4217.296 4214.656 4212.017 4209.377 4206.166 4202.667 4199.169 4195.672 4191.759 4185.079 4178.398 4171.719 4165.039 4158.401 4151.792 4145.185 4138.576 4131.977 4125.533 4119.089 4112.645 4106.2 4098.639 4090.053 4081.467 4072.881 4064.295
4239.776 4250.41 4261.043 4271.677 4275.957 4279.948 4283.938 4287.93 4290.791 4292.095 4293.398 4294.702 4296.005 4297.528 4299.08 4300.632 4302.184 4302.501 4300.503 4298.506 4296.509 4294.511 4289.263 4283.259 4277.256 4271.253 4265.306 4259.505 4253.704 4247.903 4242.102 4237.778 4233.975 4230.172 4226.369 4222.8 4220.151 4217.502 4214.854 4212.205 4209.19 4205.992 4202.794 4199.596 4196.011 4189.851 4183.69 4177.529 4171.369 4164.862 4158.119 4151.376 4144.634 4137.916 4131.6 4125.284 4118.968 4112.651 4105.305 4097.013 4088.721 4080.429 4072.138
4246.229 4256.491 4266.753 4277.016 4280.667 4284.017 4287.368 4290.718 4292.896 4293.457 4294.018 4294.579 4295.139 4295.791 4296.455 4297.119 4297.782 4297.604 4295.849 4294.094 4292.339 4290.583 4285.835 4280.392 4274.948 4269.504 4264.089 4258.745 4253.402 4248.059 4242.715 4238.725 4235.213 4231.701 4228.188 4224.85 4222.196 4219.542 4216.888 4214.233 4211.328 4208.297 4205.266 4202.234 4198.871 4193.292 4187.712 4182.133 4176.553 4170.254 4163.462 4156.671 4149.88 4143.127 4137.005 4130.883 4124.761 4118.639 4111.629 4103.805 4095.982 4088.158 4080.334
4252.681 4262.572 4272.463 4282.354 4285.376 4288.086 4290.796 4293.506 4295.001 4294.819 4294.637 4294.456 4294.273 4294.054 4293.83 4293.605 4293.381 4292.708 4291.195 4289.682 4288.169 4286.656 4282.407 4277.523 4272.64 4267.756 4262.872 4257.986 4253.1 4248.214 4243.328 4239.672 4236.451 4233.229 4230.007 4226.9 4224.24 4221.581 4218.921 4216.262 4213.466 4210.602 4207.737 4204.873 4201.73 4196.732 4191.734 4186.736 4181.737 4175.645 4168.805 4161.966 4155.126 4148.339 4142.411 4136.482 4130.554 4124.625 4117.953 4110.597 4103.242 4095.886 4088.531
4259.134 4268.654 4278.173 4287.693 4290.086 4292.156 4294.226 4296.295 4297.106 4296.181 4295.257 4294.332 4293.408 4292.317 4291.204 4290.091 4288.979 4287.812 4286.541 4285.27 4283.999 4282.728 4278.979 4274.655 4270.332 4266.007 4261.655 4257.227 4252.798 4248.37 4243.941 4240.62 4237.689 4234.758 4231.827 4228.95 4226.285 4223.62 4220.955 4218.29 4215.604 4212.906 4210.208 4207.511 4204.589 4200.172 4195.756 4191.339 4186.922 4181.037 4174.148 4167.26 4160.372 4153.551 4147.816 4142.082 4136.347 4130.612 4124.277 4117.389 4110.502 4103.615 4096.728
4265.382 4274.47 4283.558 4292.645 4294.416 4295.854 4297.291 4298.729 4298.875 4297.238 4295.601 4293.964 4292.328 4290.407 4288.448 4286.49 4284.532 4282.883 4281.812 4280.742 4279.671 4278.6 4275.32 4271.527 4267.734 4263.94 4260.092 4256.097 4252.102 4248.107 4244.112 4241.124 4238.491 4235.857 4233.225 4230.588 4227.938 4225.289 4222.639 4219.989 4217.402 4214.846 4212.29 4209.733 4206.997 4203.058 4199.119 4195.181 4191.242 4185.545 4178.648 4171.752 4164.855 4158.038 4152.516 4146.995 4141.473 4135.951 4129.957 4123.53 4117.103 4110.676 4104.249
4269.82 4277.939 4286.058 4294.177 4295.375 4296.258 4297.142 4298.025 4297.664 4295.585 4293.507 4291.429 4289.351 4286.965 4284.539 4282.112 4279.686 4277.671 4276.428 4275.186 4273.942 4272.7 4269.61 4266.091 4262.572 4259.054 4255.465 4251.69 4247.917 4244.142 4240.368 4237.704 4235.431 4233.159 4230.886 4228.577 4226.127 4223.676 4221.226 4218.775 4216.197 4213.555 4210.912 4208.27 4205.401 4201.027 4196.652 4192.277 4187.903 4182.234 4175.682 4169.129 4162.577 4156.107 4150.967 4145.828 4140.688 4135.549 4129.939 4123.9 4117.86 4111.821 4105.781
4274.259 4281.409 4288.558 4295.708 4296.333 4296.663 4296.992 4297.321 4296.453 4293.933 4291.414 4288.894 4286.375 4283.523 4280.628 4277.734 4274.839 4272.459 4271.044 4269.629 4268.214 4266.799 4263.899 4260.655 4257.411 4254.167 4250.837 4247.284 4243.73 4240.177 4236.624 4234.283 4232.372 4230.459 4228.547 4226.566 4224.315 4222.064 4219.813 4217.562 4214.992 4212.264 4209.535 4206.807 4203.806 4198.996 4194.185 4189.375 4184.563 4178.923 4172.715 4166.507 4160.299 4154.175 4149.418 4144.661 4139.904 4135.146 4129.922 4124.27 4118.618 4112.966 4107.314
4278.697 4284.878 4291.059 4297.239 4297.292 4297.067 4296.842 4296.617 4295.242 4292.281 4289.32 4286.359 4283.398 4280.082 4276.719 4273.356 4269.993 4267.248 4265.66 4264.073 4262.485 4260.898 4258.189 4255.219 4252.25 4249.28 4246.21 4242.877 4239.545 4236.212 4232.879 4230.863 4229.312 4227.76 4226.209 4224.556 4222.504 4220.452 4218.399 4216.347 4213.787 4210.972 4208.158 4205.343 4202.211 4196.964 4191.718 4186.471 4181.225 4175.612 4169.748 4163.885 4158.021 4152.244 4147.869 4143.494 4139.119 4134.744 4129.905 4124.64 4119.376 4114.111 4108.847
4283.135 4288.347 4293.559 4298.771 4298.251 4297.472 4296.692 4295.913 4294.031 4290.628 4287.226 4283.824 4280.422 4276.64 4272.809 4268.978 4265.146 4262.036 4260.276 4258.516 4256.757 4254.997 4252.478 4249.783 4247.088 4244.393 4241.583 4238.471 4235.359 4232.247 4229.135 4227.443 4226.252 4225.062 4223.871 4222.545 4220.692 4218.839 4216.986 4215.133 4212.582 4209.681 4206.78 4203.879 4200.616 4194.934 4189.25 4183.568 4177.886 4172.3 4166.781 4161.263 4155.744 4150.313 4146.32 4142.327 4138.334 4134.341 4129.887 4125.01 4120.133 4115.256 4110.379
4284.996 4289.693 4294.389 4299.086 4298.198 4297.057 4295.916 4294.774 4292.501 4288.666 4284.832 4280.997 4277.162 4272.987 4268.768 4264.548 4260.328 4256.911 4254.997 4253.083 4251.168 4249.254 4246.879 4244.396 4241.913 4239.43 4236.788 4233.724 4230.661 4227.598 4224.534 4222.966 4221.925 4220.885 4219.844 4218.644 4216.815 4214.986 4213.157 4211.329 4208.538 4205.267 4201.995 4198.724 4195.119 4189.291 4183.463 4177.635 4171.807 4166.319 4161.065 4155.811 4150.556 4145.392 4141.692 4137.992 4134.292 4130.593 4126.417 4121.802 4117.188 4112.575 4107.961
4284.755 4289.306 4293.857 4298.409 4297.319 4295.973 4294.627 4293.281 4290.71 4286.451 4282.191 4277.931 4273.671 4269.161 4264.619 4260.076 4255.533 4251.856 4249.802 4247.749 4245.694 4243.641 4241.37 4239.048 4236.727 4234.405 4231.854 4228.7 4225.545 4222.39 4219.235 4217.627 4216.565 4215.503 4214.441 4213.199 4211.252 4209.305 4207.357 4205.41 4202.179 4198.304 4194.43 4190.556 4186.438 4180.702 4174.965 4169.229 4163.492 4158.161 4153.105 4148.05 4142.995 4138.031 4134.552 4131.073 4127.594 4124.114 4120.127 4115.675 4111.223 4106.771 4102.318
