data/zism_data/00428_02_D.txt
ncols         224
nrows         224
[rows 140 to 167 of 224, columns 0 to 62 of 224]
1009.646 1009.902 1010.158 1007.962 1002.758 997.5539 992.35 987.1462 978.6337 969.7472 960.861 951.9745 945.2997 942.7712 940.2427 937.7142 935.1857 935.6808 936.9455 938.2102 939.475 940.5389 940.9887 941.4385 941.8883 942.3381 942.2252 941.866 941.5069 941.1477 940.4737 937.9414 935.4092 932.877 930.3448 929.5477 929.9356 930.3235 930.7114 931.3618 937.7905 944.2189 950.6475 957.076 964.6243 973.325 982.0257 990.7267 999.4274 1007.466 1015.464 1023.461 1031.459 1038.562 1044.271 1049.981 1055.692 1061.402 1062.824 1063.433 1064.043 1064.652 1064.526
1014.971 1015.586 1016.201 1014.404 1009.651 1004.897 1000.143 995.3891 987.5816 979.429 971.2767 963.1241 956.7137 953.5691 950.4246 947.28 944.1355 944.275 945.2504 946.2259 947.2014 948.0723 948.624 949.1755 949.7271 950.2787 950.4129 950.3644 950.316 950.2676 949.8693 947.4067 944.9441 942.4815 940.019 938.9478 938.8267 938.7057 938.5847 938.7513 945.2496 951.7477 958.246 964.7441 972.4888 981.5162 990.5437 999.5715 1008.599 1016.783 1024.914 1033.046 1041.177 1048.16 1053.356 1058.552 1063.748 1068.943 1070.072 1070.43 1070.787 1071.145 1070.633
1020.297 1021.271 1022.245 1020.847 1016.543 1012.24 1007.936 1003.632 996.5295 989.1108 981.6924 974.2738 968.1277 964.367 960.6064 956.8458 953.0853 952.8692 953.5554 954.2415 954.9277 955.6058 956.2592 956.9125 957.5659 958.2193 958.6006 958.8629 959.1251 959.3874 959.2648 956.8719 954.479 952.086 949.6931 948.3478 947.7178 947.0879 946.4579 946.1409 952.7089 959.2766 965.8445 972.4122 980.3532 989.7075 999.0617 1008.416 1017.77 1026.099 1034.365 1042.63 1050.896 1057.759 1062.44 1067.122 1071.803 1076.485 1077.32 1077.426 1077.532 1077.637 1076.74
1025.622 1026.955 1028.287 1027.29 1023.436 1019.582 1015.728 1011.874 1005.477 998.7924 992.1078 985.423 979.5413 975.1646 970.788 966.4113 962.0347 961.4631 961.86 962.257 962.6539 963.139 963.8942 964.6493 965.4045 966.1596 966.788 967.361 967.934 968.5069 968.6601 966.3368 964.0135 961.6902 959.3669 957.7475 956.6086 955.4698 954.331 953.5302 960.1678 966.8051 973.4427 980.08 988.2174 997.8984 1007.579 1017.261 1026.942 1035.416 1043.815 1052.214 1060.614 1067.357 1071.524 1075.692 1079.859 1084.026 1084.568 1084.422 1084.276 1084.13 1082.848
1030.947 1032.639 1034.331 1033.733 1030.329 1026.925 1023.521 1020.117 1014.425 1008.474 1002.523 996.5726 990.9553 985.9625 980.9699 975.9771 970.9846 970.0573 970.165 970.2726 970.3802 970.6725 971.5294 972.3864 973.2433 974.1002 974.9758 975.8594 976.743 977.6267 978.0557 975.802 973.5484 971.2947 969.0411 967.1475 965.4998 963.8521 962.2043 960.9197 967.627 974.3339 981.0411 987.7481 996.0818 1006.09 1016.097 1026.105 1036.113 1044.732 1053.265 1061.799 1070.332 1076.956 1080.609 1084.262 1087.915 1091.568 1091.816 1091.418 1091.02 1090.622 1088.955
1036.041 1038.016 1039.991 1039.711 1036.667 1033.623 1030.579 1027.535 1022.562 1017.371 1012.18 1006.99 1001.779 996.5314 991.2838 986.036 980.7884 979.4211 979.0414 978.6619 978.2822 978.2224 979.1403 980.0582 980.9763 981.8942 982.9963 984.179 985.3617 986.5444 987.2455 985.1052 982.9648 980.8245 978.6841 976.7279 974.8973 973.0668 971.2362 969.7831 976.6357 983.488 990.3405 997.1928 1005.727 1015.992 1026.256 1036.521 1046.786 1054.997 1063.082 1071.167 1079.252 1085.283 1088.119 1090.955 1093.791 1096.627 1096.318 1095.412 1094.506 1093.601 1091.373
1040.941 1043.136 1045.331 1045.299 1042.539 1039.779 1037.018 1034.258 1030.017 1025.608 1021.2 1016.791 1012.107 1006.908 1001.708 996.5087 991.3093 989.4308 988.3977 987.3646 986.3315 985.7857 986.7305 987.6752 988.6199 989.5646 990.8762 992.3481 993.8201 995.2921 996.2623 994.2719 992.2816 990.2911 988.3008 986.4596 984.72 982.9806 981.241 979.8841 986.9456 994.0068 1001.068 1008.129 1016.867 1027.33 1037.793 1048.256 1058.719 1066.059 1073.206 1080.354 1087.501 1092.543 1094.307 1096.072 1097.837 1099.601 1098.513 1096.884 1095.255 1093.627 1090.693
1045.842 1048.256 1050.67 1050.887 1048.411 1045.935 1043.458 1040.982 1037.472 1033.845 1030.219 1026.593 1022.436 1017.284 1012.133 1006.982 1001.831 999.441 997.7543 996.0677 994.381 993.3493 994.3209 995.2924 996.2639 997.2354 998.7563 1000.518 1002.279 1004.04 1005.279 1003.439 1001.599 999.7582 997.9178 996.1915 994.5431 992.8947 991.2462 989.9855 997.2559 1004.526 1011.796 1019.067 1028.008 1038.669 1049.33 1059.991 1070.652 1077.121 1083.331 1089.541 1095.751 1099.802 1100.496 1101.189 1101.882 1102.575 1100.709 1098.357 1096.005 1093.653 1090.013
1050.742 1053.376 1056.01 1056.475 1054.283 1052.09 1049.898 1047.706 1044.927 1042.083 1039.239 1036.394 1032.764 1027.661 1022.558 1017.455 1012.352 1009.451 1007.111 1004.771 1002.431 1000.913 1001.911 1002.91 1003.908 1004.906 1006.636 1008.687 1010.737 1012.788 1014.296 1012.606 1010.916 1009.225 1007.535 1005.924 1004.366 1002.809 1001.251 1000.087 1007.566 1015.045 1022.525 1030.004 1039.149 1050.008 1060.867 1071.727 1082.586 1088.182 1093.455 1098.728 1104.0 1107.062 1106.684 1106.306 1105.928 1105.55 1102.904 1099.829 1096.754 1093.679 1089.333
1055.642 1058.496 1061.349 1062.063 1060.155 1058.246 1056.338 1054.429 1052.382 1050.32 1048.258 1046.195 1043.092 1038.037 1032.983 1027.928 1022.873 1019.461 1016.467 1013.474 1010.48 1008.476 1009.501 1010.526 1011.552 1012.577 1014.516 1016.856 1019.196 1021.536 1023.313 1021.773 1020.232 1018.692 1017.151 1015.655 1014.189 1012.723 1011.256 1010.188 1017.876 1025.564 1033.252 1040.94 1050.289 1061.346 1072.404 1083.462 1094.519 1099.244 1103.579 1107.915 1112.25 1114.321 1112.872 1111.423 1109.973 1108.524 1105.1 1101.301 1097.503 1093.705 1088.653
1060.52 1063.545 1066.571 1067.605 1066.196 1064.788 1063.38 1061.972 1060.356 1058.717 1057.078 1055.438 1052.876 1048.582 1044.288 1039.994 1035.7 1032.734 1030.105 1027.477 1024.849 1022.97 1023.383 1023.796 1024.209 1024.622 1025.996 1027.791 1029.586 1031.381 1032.789 1031.91 1031.032 1030.154 1029.275 1028.792 1028.578 1028.364 1028.15 1028.29 1036.208 1044.126 1052.045 1059.963 1068.927 1078.969 1089.01 1099.052 1109.093 1112.001 1114.47 1116.939 1119.407 1119.711 1116.646 1113.582 1110.517 1107.453 1102.781 1097.806 1092.83 1087.855 1081.871
1065.397 1068.594 1071.791 1073.145 1072.24 1071.336 1070.431 1069.526 1068.337 1067.116 1065.895 1064.673 1062.651 1059.129 1055.606 1052.084 1048.561 1046.054 1043.806 1041.558 1039.31 1037.565 1037.357 1037.148 1036.94 1036.732 1037.529 1038.767 1040.005 1041.243 1042.271 1042.062 1041.854 1041.645 1041.436 1041.979 1043.035 1044.09 1045.146 1046.51 1054.659 1062.807 1070.956 1079.104 1087.676 1096.684 1105.691 1114.699 1123.707 1124.783 1125.372 1125.96 1126.549 1125.072 1120.385 1115.697 1111.009 1106.322 1100.397 1094.238 1088.078 1081.919 1075.0
1070.274 1073.642 1077.011 1078.685 1078.284 1077.883 1077.482 1077.081 1076.318 1075.515 1074.711 1073.907 1072.427 1069.675 1066.924 1064.173 1061.422 1059.375 1057.507 1055.639 1053.772 1052.16 1051.33 1050.5 1049.671 1048.841 1049.062 1049.743 1050.423 1051.104 1051.753 1052.214 1052.675 1053.136 1053.596 1055.165 1057.49 1059.816 1062.141 1064.729 1073.108 1081.487 1089.866 1098.245 1106.424 1114.398 1122.372 1130.346 1138.319 1137.565 1136.273 1134.981 1133.69 1130.434 1124.123 1117.813 1111.502 1105.191 1098.012 1090.669 1083.326 1075.983 1068.128
1075.151 1078.691 1082.23 1084.226 1084.328 1084.431 1084.533 1084.635 1084.299 1083.914 1083.528 1083.142 1082.202 1080.222 1078.242 1076.263 1074.283 1072.696 1071.208 1069.721 1068.233 1066.755 1065.304 1063.853 1062.402 1060.951 1060.595 1060.719 1060.842 1060.966 1061.235 1062.366 1063.496 1064.627 1065.757 1068.352 1071.947 1075.542 1079.137 1082.949 1091.559 1100.168 1108.777 1117.386 1125.173 1132.113 1139.053 1145.993 1152.933 1150.347 1147.175 1144.003 1140.831 1135.796 1127.862 1119.928 1111.994 1104.06 1095.628 1087.101 1078.573 1070.047 1061.257
1079.515 1083.064 1086.612 1088.774 1089.236 1089.697 1090.159 1090.621 1090.571 1090.463 1090.356 1090.248 1089.719 1088.398 1087.077 1085.757 1084.436 1083.284 1082.174 1081.065 1079.956 1078.69 1076.945 1075.2 1073.455 1071.71 1071.137 1071.077 1071.017 1070.957 1071.174 1073.032 1074.889 1076.746 1078.604 1082.045 1086.568 1091.091 1095.615 1100.302 1108.61 1116.918 1125.227 1133.535 1140.595 1146.371 1152.146 1157.922 1163.697 1159.54 1154.772 1150.004 1145.236 1138.521 1128.778 1119.036 1109.293 1099.551 1090.021 1080.533 1071.044 1061.555 1052.085
1083.193 1086.532 1089.872 1091.993 1092.621 1093.249 1093.876 1094.504 1094.553 1094.536 1094.52 1094.503 1094.21 1093.399 1092.587 1091.775 1090.963 1090.213 1089.479 1088.745 1088.01 1087.063 1085.462 1083.862 1082.261 1080.661 1080.352 1080.608 1080.864 1081.12 1081.724 1084.385 1087.046 1089.707 1092.367 1096.415 1101.41 1106.404 1111.399 1116.493 1123.789 1131.085 1138.38 1145.676 1151.563 1155.999 1160.436 1164.872 1169.309 1163.928 1157.944 1151.96 1145.976 1137.716 1125.917 1114.117 1102.317 1090.518 1080.102 1069.949 1059.796 1049.643 1039.833
1086.87 1090.001 1093.132 1095.213 1096.006 1096.8 1097.594 1098.388 1098.535 1098.61 1098.684 1098.759 1098.702 1098.399 1098.097 1097.794 1097.491 1097.143 1096.784 1096.424 1096.065 1095.435 1093.98 1092.524 1091.068 1089.613 1089.567 1090.139 1090.711 1091.283 1092.274 1095.739 1099.203 1102.667 1106.132 1110.785 1116.251 1121.717 1127.183 1132.685 1138.968 1145.251 1151.535 1157.818 1162.531 1165.628 1168.726 1171.823 1174.92 1168.317 1161.117 1153.916 1146.716 1136.911 1123.054 1109.198 1095.341 1081.485 1070.183 1059.366 1048.548 1037.731 1027.581
1090.548 1093.47 1096.392 1098.432 1099.392 1100.352 1101.311 1102.271 1102.517 1102.683 1102.849 1103.014 1103.194 1103.4 1103.606 1103.812 1104.018 1104.072 1104.088 1104.104 1104.119 1103.808 1102.497 1101.186 1099.875 1098.564 1098.782 1099.67 1100.558 1101.446 1102.824 1107.092 1111.36 1115.628 1119.896 1125.155 1131.093 1137.03 1142.968 1148.876 1154.147 1159.418 1164.689 1169.959 1173.499 1175.257 1177.015 1178.773 1180.531 1172.705 1164.289 1155.872 1147.456 1136.106 1120.193 1104.279 1088.365 1072.452 1060.264 1048.782 1037.301 1025.819 1015.33
1094.225 1096.938 1099.651 1101.651 1102.777 1103.903 1105.029 1106.155 1106.5 1106.756 1107.013 1107.27 1107.686 1108.401 1109.116 1109.831 1110.546 1111.002 1111.393 1111.783 1112.174 1112.181 1111.014 1109.848 1108.682 1107.515 1107.998 1109.202 1110.406 1111.61 1113.374 1118.446 1123.517 1128.589 1133.66 1139.526 1145.935 1152.344 1158.753 1165.068 1169.326 1173.584 1177.843 1182.101 1184.468 1184.886 1185.305 1185.724 1186.143 1177.093 1167.461 1157.828 1148.196 1135.301 1117.331 1099.36 1081.389 1063.419 1050.344 1038.199 1026.053 1013.907 1003.078
1096.6 1099.025 1101.45 1103.297 1104.435 1105.573 1106.711 1107.849 1108.311 1108.696 1109.081 1109.466 1110.02 1110.889 1111.759 1112.629 1113.499 1114.159 1114.767 1115.374 1115.981 1116.296 1115.717 1115.137 1114.558 1113.979 1115.213 1117.241 1119.269 1121.297 1123.8 1129.106 1134.413 1139.72 1145.026 1150.59 1156.329 1162.068 1167.807 1173.423 1176.343 1179.263 1182.183 1185.102 1186.116 1185.168 1184.219 1183.271 1182.323 1172.448 1162.023 1151.599 1141.174 1127.67 1109.375 1091.081 1072.786 1054.491 1042.044 1030.706 1019.368 1008.03 997.8519
1098.779 1100.904 1103.029 1104.706 1105.833 1106.961 1108.088 1109.216 1109.796 1110.315 1110.834 1111.353 1112.03 1113.001 1113.973 1114.944 1115.916 1116.751 1117.551 1118.351 1119.151 1119.772 1119.846 1119.921 1119.995 1120.069 1122.128 1125.056 1127.984 1130.912 1134.206 1139.662 1145.119 1150.576 1156.032 1161.157 1166.055 1170.953 1175.851 1180.603 1182.135 1183.667 1185.2 1186.732 1186.367 1184.047 1181.727 1179.408 1177.088 1166.447 1155.294 1144.141 1132.989 1119.016 1100.657 1082.298 1063.938 1045.58 1033.986 1023.677 1013.367 1003.058 993.6803
1100.958 1102.783 1104.608 1106.115 1107.231 1108.348 1109.465 1110.582 1111.282 1111.935 1112.588 1113.24 1114.039 1115.113 1116.186 1117.26 1118.333 1119.342 1120.335 1121.328 1122.321 1123.248 1123.976 1124.704 1125.432 1126.16 1129.044 1132.871 1136.699 1140.527 1144.612 1150.219 1155.826 1161.432 1167.039 1171.725 1175.782 1179.838 1183.895 1187.782 1187.927 1188.072 1188.217 1188.362 1186.617 1182.926 1179.235 1175.544 1171.853 1160.447 1148.565 1136.684 1124.802 1110.361 1091.938 1073.515 1055.091 1036.668 1025.929 1016.648 1007.367 998.0859 989.5085
1103.137 1104.662 1106.187 1107.524 1108.63 1109.736 1110.842 1111.948 1112.767 1113.554 1114.341 1115.128 1116.049 1117.225 1118.4 1119.575 1120.75 1121.934 1123.119 1124.305 1125.491 1126.725 1128.106 1129.487 1130.869 1132.25 1135.959 1140.687 1145.414 1150.142 1155.019 1160.776 1166.532 1172.289 1178.045 1182.292 1185.508 1188.724 1191.94 1194.962 1193.72 1192.477 1191.235 1189.993 1186.868 1181.806 1176.743 1171.681 1166.619 1154.446 1141.836 1129.226 1116.616 1101.706 1083.219 1064.731 1046.243 1027.756 1017.871 1009.619 1001.366 993.1138 985.3367
1105.017 1106.32 1107.624 1108.835 1109.934 1111.033 1112.132 1113.23 1114.154 1115.058 1115.962 1116.866 1117.892 1119.145 1120.399 1121.653 1122.906 1124.215 1125.539 1126.862 1128.186 1129.645 1131.518 1133.391 1135.263 1137.136 1141.337 1146.555 1151.774 1156.993 1162.284 1168.005 1173.727 1179.448 1185.169 1188.976 1191.474 1193.972 1196.471 1198.763 1196.507 1194.251 1191.995 1189.739 1185.642 1179.651 1173.66 1167.669 1161.677 1149.34 1136.613 1123.885 1111.157 1096.34 1078.272 1060.205 1042.136 1024.069 1014.818 1007.24 999.6624 992.0846 984.826
1106.237 1107.492 1108.748 1109.932 1111.031 1112.13 1113.229 1114.327 1115.323 1116.308 1117.292 1118.276 1119.364 1120.644 1121.924 1123.205 1124.485 1125.813 1127.152 1128.492 1129.831 1131.335 1133.342 1135.349 1137.356 1139.363 1143.317 1148.123 1152.929 1157.735 1162.61 1167.886 1173.163 1178.44 1183.717 1187.078 1189.132 1191.186 1193.24 1195.098 1192.654 1190.211 1187.768 1185.324 1181.156 1175.213 1169.27 1163.327 1157.384 1146.21 1134.715 1123.219 1111.724 1098.239 1081.661 1065.082 1048.503 1031.925 1022.821 1015.137 1007.451 999.7664 992.4038
1107.457 1108.664 1109.871 1111.029 1112.128 1113.227 1114.326 1115.424 1116.492 1117.557 1118.622 1119.687 1120.836 1122.143 1123.45 1124.757 1126.064 1127.41 1128.766 1130.121 1131.477 1133.026 1135.167 1137.307 1139.448 1141.589 1145.297 1149.691 1154.084 1158.478 1162.935 1167.767 1172.599 1177.432 1182.264 1185.181 1186.79 1188.399 1190.008 1191.433 1188.802 1186.171 1183.541 1180.91 1176.67 1170.776 1164.881 1158.986 1153.091 1143.08 1132.817 1122.553 1112.29 1100.138 1085.049 1069.959 1054.87 1039.781 1030.825 1023.033 1015.24 1007.448 999.9816
1108.677 1109.836 1110.995 1112.126 1113.225 1114.324 1115.423 1116.521 1117.662 1118.807 1119.952 1121.097 1122.308 1123.642 1124.975 1126.309 1127.643 1129.007 1130.379 1131.751 1133.122 1134.717 1136.991 1139.266 1141.541 1143.815 1147.277 1151.258 1155.24 1159.221 1163.261 1167.648 1172.036 1176.423 1180.811 1183.283 1184.448 1185.612 1186.777 1187.768 1184.95 1182.132 1179.313 1176.495 1172.184 1166.338 1160.491 1154.644 1148.798 1139.951 1130.919 1121.888 1112.857 1102.037 1088.437 1074.837 1061.236 1047.636 1038.828 1030.928 1023.029 1015.13 1007.559
1109.897 1111.007 1112.118 1113.223 1114.322 1115.421 1116.52 1117.618 1118.831 1120.056 1121.282 1122.507 1123.78 1125.14 1126.501 1127.862 1129.222 1130.605 1131.992 1133.38 1134.768 1136.407 1138.816 1141.224 1143.633 1146.042 1149.257 1152.826 1156.395 1159.964 1163.587 1167.529 1171.472 1175.415 1179.358 1181.386 1182.106 1182.826 1183.546 1184.104 1181.098 1178.092 1175.086 1172.08 1167.698 1161.9 1156.102 1150.303 1144.505 1136.821 1129.022 1121.222 1113.423 1103.936 1091.825 1079.714 1067.603 1055.492 1046.831 1038.825 1030.818 1022.812 1015.137
