data/zism_data/00421_02_D.txt
ncols         224
nrows         224
[rows 84 to 111 of 224, columns 63 to 125 of 224]
1546.148 1546.718 1547.287 1547.856 1549.678 1552.463 1555.248 1558.034 1560.838 1564.146 1567.454 1570.762 1574.069 1576.645 1578.51 1580.375 1582.239 1584.104 1584.77 1585.409 1586.049 1586.688 1587.095 1587.217 1587.339 1587.461 1587.584 1587.819 1588.065 1588.31 1588.556 1588.954 1589.591 1590.227 1590.864 1591.5 1592.208 1592.927 1593.647 1594.366 1594.973 1595.356 1595.738 1596.121 1596.503 1596.847 1597.182 1597.517 1597.852 1598.374 1599.389 1600.404 1601.419 1602.434 1602.715 1602.746 1602.777 1602.808 1602.778 1602.528 1602.278 1602.028 1601.777
1538.433 1539.821 1541.209 1542.597 1544.817 1547.678 1550.539 1553.399 1556.28 1559.684 1563.089 1566.494 1569.899 1572.615 1574.663 1576.711 1578.759 1580.807 1581.624 1582.414 1583.205 1583.995 1584.574 1584.896 1585.217 1585.539 1585.86 1586.28 1586.709 1587.137 1587.566 1588.089 1588.757 1589.426 1590.095 1590.764 1591.481 1592.206 1592.93 1593.655 1594.28 1594.706 1595.131 1595.557 1595.982 1596.344 1596.689 1597.035 1597.38 1597.853 1598.658 1599.463 1600.268 1601.073 1601.328 1601.397 1601.466 1601.534 1601.598 1601.644 1601.69 1601.737 1601.783
1530.718 1532.924 1535.131 1537.338 1539.957 1542.893 1545.829 1548.765 1551.721 1555.223 1558.725 1562.227 1565.729 1568.586 1570.817 1573.047 1575.278 1577.509 1578.478 1579.419 1580.36 1581.302 1582.054 1582.574 1583.095 1583.616 1584.137 1584.741 1585.353 1585.965 1586.576 1587.223 1587.924 1588.625 1589.326 1590.027 1590.754 1591.484 1592.214 1592.944 1593.587 1594.056 1594.524 1594.993 1595.462 1595.84 1596.196 1596.553 1596.909 1597.331 1597.926 1598.521 1599.116 1599.711 1599.941 1600.048 1600.154 1600.261 1600.418 1600.761 1601.103 1601.446 1601.788
1523.002 1526.028 1529.053 1532.078 1535.096 1538.107 1541.119 1544.13 1547.163 1550.762 1554.361 1557.959 1561.558 1564.556 1566.97 1569.384 1571.798 1574.212 1575.333 1576.424 1577.516 1578.608 1579.533 1580.253 1580.973 1581.693 1582.413 1583.202 1583.997 1584.792 1585.587 1586.358 1587.091 1587.824 1588.558 1589.291 1590.026 1590.762 1591.498 1592.233 1592.894 1593.406 1593.918 1594.429 1594.941 1595.336 1595.704 1596.071 1596.438 1596.81 1597.195 1597.58 1597.964 1598.349 1598.555 1598.699 1598.843 1598.987 1599.239 1599.877 1600.516 1601.155 1601.793
1519.017 1522.108 1525.199 1528.291 1531.435 1534.621 1537.807 1540.993 1544.194 1547.786 1551.377 1554.969 1558.561 1561.605 1564.118 1566.631 1569.144 1571.657 1572.903 1574.121 1575.339 1576.557 1577.645 1578.574 1579.503 1580.433 1581.362 1582.35 1583.343 1584.335 1585.328 1586.258 1587.088 1587.918 1588.748 1589.578 1590.288 1590.98 1591.671 1592.363 1592.979 1593.445 1593.91 1594.376 1594.842 1595.229 1595.597 1595.965 1596.333 1596.698 1597.056 1597.414 1597.772 1598.13 1598.349 1598.521 1598.693 1598.865 1599.129 1599.722 1600.315 1600.908 1601.501
1515.358 1518.449 1521.54 1524.631 1527.88 1531.249 1534.618 1537.987 1541.364 1544.939 1548.515 1552.09 1555.666 1558.749 1561.353 1563.958 1566.562 1569.167 1570.536 1571.878 1573.219 1574.561 1575.812 1576.951 1578.091 1579.23 1580.369 1581.557 1582.75 1583.942 1585.134 1586.224 1587.157 1588.089 1589.022 1589.954 1590.637 1591.28 1591.923 1592.566 1593.132 1593.544 1593.955 1594.367 1594.779 1595.156 1595.523 1595.891 1596.259 1596.622 1596.969 1597.316 1597.664 1598.011 1598.248 1598.447 1598.646 1598.844 1599.113 1599.63 1600.148 1600.665 1601.183
1511.699 1514.79 1517.881 1520.972 1524.324 1527.876 1531.428 1534.981 1538.533 1542.092 1545.652 1549.211 1552.771 1555.892 1558.588 1561.284 1563.98 1566.676 1568.169 1569.635 1571.1 1572.566 1573.979 1575.329 1576.678 1578.027 1579.377 1580.765 1582.156 1583.548 1584.939 1586.191 1587.226 1588.261 1589.296 1590.33 1590.985 1591.58 1592.174 1592.769 1593.285 1593.642 1594.0 1594.358 1594.716 1595.082 1595.45 1595.818 1596.186 1596.546 1596.882 1597.219 1597.555 1597.892 1598.146 1598.372 1598.597 1598.823 1599.096 1599.538 1599.981 1600.423 1600.865
1508.04 1511.131 1514.222 1517.313 1520.768 1524.504 1528.239 1531.974 1535.703 1539.246 1542.789 1546.332 1549.875 1553.036 1555.823 1558.611 1561.398 1564.186 1565.802 1567.391 1568.981 1570.57 1572.146 1573.706 1575.265 1576.825 1578.384 1579.973 1581.563 1583.154 1584.745 1586.158 1587.295 1588.432 1589.569 1590.707 1591.334 1591.88 1592.426 1592.972 1593.437 1593.741 1594.046 1594.35 1594.654 1595.009 1595.377 1595.745 1596.113 1596.469 1596.795 1597.121 1597.447 1597.773 1598.044 1598.297 1598.549 1598.802 1599.08 1599.447 1599.813 1600.18 1600.547
1505.564 1508.614 1511.663 1514.713 1518.239 1522.13 1526.021 1529.912 1533.788 1537.286 1540.783 1544.281 1547.779 1550.958 1553.83 1556.701 1559.573 1562.444 1564.198 1565.927 1567.656 1569.385 1571.118 1572.854 1574.59 1576.326 1578.062 1579.794 1581.525 1583.256 1584.987 1586.513 1587.721 1588.929 1590.137 1591.345 1591.929 1592.413 1592.896 1593.38 1593.785 1594.034 1594.282 1594.53 1594.778 1595.121 1595.487 1595.853 1596.219 1596.583 1596.939 1597.295 1597.652 1598.008 1598.304 1598.58 1598.856 1599.131 1599.402 1599.654 1599.906 1600.158 1600.41
1505.147 1508.084 1511.021 1513.958 1517.495 1521.493 1525.492 1529.491 1533.468 1536.868 1540.269 1543.67 1547.07 1550.238 1553.179 1556.12 1559.062 1562.003 1563.922 1565.818 1567.714 1569.611 1571.488 1573.343 1575.197 1577.052 1578.907 1580.682 1582.451 1584.22 1585.989 1587.544 1588.768 1589.992 1591.217 1592.441 1592.952 1593.35 1593.747 1594.145 1594.473 1594.662 1594.851 1595.04 1595.229 1595.556 1595.917 1596.277 1596.638 1597.026 1597.484 1597.943 1598.402 1598.86 1599.194 1599.486 1599.778 1600.07 1600.314 1600.383 1600.452 1600.52 1600.589
1504.731 1507.554 1510.378 1513.202 1516.75 1520.857 1524.963 1529.07 1533.147 1536.451 1539.754 1543.058 1546.362 1549.517 1552.529 1555.54 1558.551 1561.563 1563.646 1565.709 1567.773 1569.836 1571.858 1573.832 1575.805 1577.778 1579.751 1581.571 1583.377 1585.184 1586.99 1588.575 1589.815 1591.056 1592.296 1593.536 1593.976 1594.287 1594.599 1594.91 1595.161 1595.291 1595.42 1595.55 1595.68 1595.991 1596.346 1596.701 1597.057 1597.469 1598.03 1598.59 1599.151 1599.713 1600.085 1600.393 1600.701 1601.009 1601.225 1601.111 1600.997 1600.883 1600.768
1504.314 1507.025 1509.735 1512.446 1516.006 1520.22 1524.435 1528.649 1532.826 1536.033 1539.24 1542.447 1545.653 1548.796 1551.878 1554.959 1558.041 1561.122 1563.371 1565.601 1567.831 1570.061 1572.229 1574.32 1576.412 1578.504 1580.595 1582.459 1584.303 1586.148 1587.992 1589.606 1590.862 1592.119 1593.375 1594.632 1594.999 1595.224 1595.45 1595.675 1595.848 1595.919 1595.989 1596.06 1596.13 1596.426 1596.776 1597.125 1597.475 1597.911 1598.575 1599.238 1599.901 1600.565 1600.975 1601.299 1601.623 1601.948 1602.137 1601.839 1601.542 1601.245 1600.948
1503.898 1506.495 1509.093 1511.69 1515.262 1519.584 1523.906 1528.228 1532.506 1535.615 1538.725 1541.835 1544.945 1548.076 1551.227 1554.379 1557.53 1560.682 1563.095 1565.492 1567.889 1570.286 1572.599 1574.809 1577.02 1579.23 1581.44 1583.348 1585.23 1587.111 1588.993 1590.637 1591.909 1593.182 1594.455 1595.727 1596.023 1596.162 1596.301 1596.44 1596.536 1596.547 1596.559 1596.57 1596.581 1596.86 1597.205 1597.549 1597.894 1598.354 1599.12 1599.886 1600.651 1601.417 1601.865 1602.206 1602.546 1602.886 1603.048 1602.568 1602.087 1601.607 1601.127
1506.056 1508.671 1511.286 1513.901 1517.397 1521.569 1525.741 1529.913 1534.044 1537.083 1540.122 1543.161 1546.2 1549.276 1552.389 1555.501 1558.613 1561.726 1564.067 1566.391 1568.715 1571.039 1573.355 1575.662 1577.969 1580.276 1582.582 1584.545 1586.478 1588.41 1590.343 1592.001 1593.233 1594.465 1595.698 1596.93 1597.175 1597.263 1597.35 1597.438 1597.519 1597.584 1597.65 1597.715 1597.78 1598.189 1598.681 1599.172 1599.664 1600.429 1601.913 1603.396 1604.879 1606.363 1607.341 1608.147 1608.953 1609.759 1610.132 1608.949 1607.767 1606.584 1605.401
1508.817 1511.48 1514.144 1516.808 1520.205 1524.167 1528.129 1532.091 1536.018 1538.992 1541.966 1544.941 1547.915 1550.927 1553.974 1557.022 1560.07 1563.118 1565.331 1567.526 1569.72 1571.915 1574.201 1576.6 1578.998 1581.396 1583.795 1585.814 1587.801 1589.787 1591.774 1593.444 1594.622 1595.8 1596.979 1598.157 1598.358 1598.402 1598.447 1598.492 1598.57 1598.716 1598.863 1599.009 1599.155 1599.727 1600.402 1601.077 1601.752 1602.886 1605.232 1607.577 1609.922 1612.267 1613.89 1615.267 1616.644 1618.021 1618.662 1616.655 1614.648 1612.641 1610.634
1511.577 1514.29 1517.002 1519.714 1523.014 1526.766 1530.518 1534.27 1537.991 1540.901 1543.811 1546.72 1549.63 1552.577 1555.56 1558.543 1561.526 1564.509 1566.595 1568.66 1570.726 1572.791 1575.047 1577.537 1580.027 1582.517 1585.007 1587.083 1589.124 1591.164 1593.205 1594.887 1596.011 1597.135 1598.26 1599.384 1599.54 1599.542 1599.543 1599.545 1599.622 1599.849 1600.076 1600.303 1600.53 1601.264 1602.123 1602.981 1603.839 1605.344 1608.551 1611.758 1614.965 1618.172 1620.439 1622.387 1624.335 1626.283 1627.192 1624.361 1621.53 1618.699 1615.868
1514.338 1517.099 1519.859 1522.62 1525.823 1529.364 1532.906 1536.448 1539.965 1542.81 1545.655 1548.5 1551.345 1554.228 1557.146 1560.064 1562.983 1565.901 1567.859 1569.795 1571.731 1573.667 1575.894 1578.475 1581.057 1583.638 1586.22 1588.353 1590.447 1592.541 1594.635 1596.329 1597.4 1598.47 1599.541 1600.611 1600.723 1600.681 1600.64 1600.598 1600.673 1600.981 1601.289 1601.597 1601.905 1602.802 1603.844 1604.885 1605.926 1607.801 1611.87 1615.939 1620.008 1624.076 1626.988 1629.507 1632.026 1634.545 1635.722 1632.066 1628.411 1624.756 1621.101
1519.498 1522.033 1524.569 1527.104 1529.978 1533.113 1536.248 1539.384 1542.505 1545.266 1548.027 1550.789 1553.55 1556.331 1559.133 1561.934 1564.736 1567.537 1569.347 1571.135 1572.922 1574.71 1576.857 1579.445 1582.033 1584.62 1587.208 1589.359 1591.471 1593.583 1595.696 1597.391 1598.44 1599.488 1600.536 1601.585 1601.741 1601.756 1601.77 1601.785 1601.953 1602.43 1602.907 1603.384 1603.86 1605.018 1606.341 1607.665 1608.988 1611.278 1616.109 1620.941 1625.773 1630.604 1634.078 1637.089 1640.1 1643.111 1644.557 1640.364 1636.171 1631.978 1627.785
1531.649 1533.161 1534.673 1536.185 1538.06 1540.215 1542.369 1544.524 1546.696 1549.317 1551.938 1554.559 1557.18 1559.756 1562.289 1564.821 1567.353 1569.885 1571.489 1573.072 1574.655 1576.238 1578.163 1580.509 1582.854 1585.199 1587.545 1589.596 1591.623 1593.649 1595.675 1597.346 1598.464 1599.582 1600.701 1601.819 1602.283 1602.642 1603.001 1603.36 1603.901 1604.803 1605.705 1606.607 1607.509 1609.21 1611.104 1612.998 1614.893 1617.726 1623.032 1628.338 1633.643 1638.949 1642.739 1646.015 1649.29 1652.565 1654.281 1650.385 1646.488 1642.591 1638.694
1543.8 1544.288 1544.777 1545.265 1546.141 1547.316 1548.49 1549.665 1550.887 1553.368 1555.849 1558.33 1560.811 1563.181 1565.444 1567.707 1569.97 1572.233 1573.63 1575.009 1576.387 1577.765 1579.469 1581.572 1583.675 1585.778 1587.881 1589.834 1591.774 1593.714 1595.654 1597.3 1598.488 1599.677 1600.865 1602.053 1602.824 1603.528 1604.232 1604.936 1605.848 1607.175 1608.503 1609.831 1611.159 1613.401 1615.867 1618.332 1620.797 1624.175 1629.955 1635.735 1641.514 1647.294 1651.401 1654.94 1658.48 1662.019 1664.006 1660.405 1656.805 1653.204 1649.604
1555.951 1555.416 1554.881 1554.346 1554.223 1554.417 1554.611 1554.806 1555.078 1557.419 1559.76 1562.101 1564.442 1566.606 1568.6 1570.594 1572.587 1574.581 1575.772 1576.946 1578.119 1579.293 1580.775 1582.636 1584.496 1586.357 1588.218 1590.072 1591.926 1593.78 1595.633 1597.254 1598.512 1599.771 1601.029 1602.287 1603.365 1604.414 1605.462 1606.511 1607.795 1609.548 1611.301 1613.054 1614.808 1617.593 1620.629 1623.665 1626.702 1630.624 1636.878 1643.131 1649.385 1655.639 1660.063 1663.866 1667.669 1671.473 1673.731 1670.426 1667.122 1663.818 1660.514
1568.101 1566.543 1564.985 1563.427 1562.305 1561.519 1560.733 1559.946 1559.269 1561.469 1563.67 1565.871 1568.072 1570.031 1571.756 1573.48 1575.204 1576.928 1577.914 1578.883 1579.852 1580.821 1582.081 1583.699 1585.318 1586.936 1588.554 1590.31 1592.077 1593.845 1595.613 1597.208 1598.537 1599.865 1601.193 1602.522 1603.906 1605.3 1606.693 1608.087 1609.742 1611.921 1614.099 1616.278 1618.457 1621.784 1625.392 1628.999 1632.606 1637.072 1643.8 1650.528 1657.256 1663.983 1668.725 1672.792 1676.859 1680.926 1683.455 1680.447 1677.439 1674.431 1671.423
1575.585 1573.69 1571.796 1569.901 1568.407 1567.222 1566.037 1564.852 1563.784 1565.829 1567.875 1569.921 1571.967 1573.695 1575.116 1576.537 1577.958 1579.379 1580.099 1580.803 1581.507 1582.21 1583.223 1584.614 1586.005 1587.396 1588.787 1590.393 1592.018 1593.643 1595.267 1596.762 1598.055 1599.348 1600.64 1601.933 1603.379 1604.849 1606.319 1607.789 1609.581 1612.015 1614.45 1616.884 1619.319 1623.019 1627.027 1631.036 1635.044 1639.888 1646.931 1653.974 1661.017 1668.061 1672.987 1677.193 1681.399 1685.606 1688.326 1685.697 1683.069 1680.44 1677.811
1581.075 1579.138 1577.2 1575.262 1573.664 1572.328 1570.992 1569.656 1568.437 1570.321 1572.205 1574.09 1575.974 1577.462 1578.565 1579.668 1580.771 1581.875 1582.303 1582.716 1583.129 1583.542 1584.295 1585.465 1586.635 1587.805 1588.975 1590.41 1591.868 1593.326 1594.784 1596.145 1597.357 1598.569 1599.781 1600.993 1602.395 1603.827 1605.26 1606.692 1608.52 1611.137 1613.755 1616.372 1618.99 1622.99 1627.327 1631.664 1636.001 1641.151 1648.442 1655.733 1663.024 1670.315 1675.368 1679.661 1683.953 1688.246 1691.124 1688.91 1686.696 1684.482 1682.268
1586.566 1584.585 1582.604 1580.623 1578.921 1577.435 1575.948 1574.461 1573.091 1574.813 1576.536 1578.258 1579.981 1581.228 1582.013 1582.799 1583.584 1584.37 1584.506 1584.628 1584.751 1584.873 1585.367 1586.316 1587.265 1588.214 1589.163 1590.427 1591.718 1593.009 1594.3 1595.528 1596.659 1597.79 1598.921 1600.052 1601.411 1602.806 1604.201 1605.595 1607.459 1610.26 1613.06 1615.861 1618.661 1622.962 1627.627 1632.293 1636.958 1642.415 1649.954 1657.492 1665.031 1672.57 1677.75 1682.129 1686.508 1690.886 1693.922 1692.123 1690.323 1688.524 1686.725
1592.056 1590.032 1588.008 1585.984 1584.179 1582.541 1580.903 1579.266 1577.744 1579.305 1580.866 1582.427 1583.988 1584.994 1585.462 1585.93 1586.397 1586.865 1586.71 1586.541 1586.373 1586.204 1586.438 1587.167 1587.895 1588.623 1589.352 1590.444 1591.568 1592.692 1593.816 1594.911 1595.961 1597.012 1598.062 1599.112 1600.427 1601.784 1603.141 1604.498 1606.398 1609.381 1612.365 1615.349 1618.333 1622.933 1627.927 1632.922 1637.915 1643.678 1651.465 1659.251 1667.038 1674.825 1680.132 1684.597 1689.062 1693.527 1696.72 1695.335 1693.951 1692.566 1691.182
1596.842 1594.84 1592.838 1590.836 1588.994 1587.275 1585.556 1583.836 1582.23 1583.616 1585.003 1586.39 1587.777 1588.546 1588.714 1588.883 1589.052 1589.221 1588.804 1588.374 1587.945 1587.515 1587.516 1588.046 1588.575 1589.105 1589.635 1590.562 1591.523 1592.485 1593.447 1594.408 1595.37 1596.332 1597.293 1598.255 1599.503 1600.798 1602.092 1603.386 1605.271 1608.336 1611.402 1614.467 1617.533 1622.307 1627.498 1632.688 1637.878 1643.847 1651.865 1659.883 1667.901 1675.919 1681.443 1686.119 1690.795 1695.471 1698.924 1697.977 1697.029 1696.081 1695.133
1597.503 1595.905 1594.307 1592.71 1591.226 1589.83 1588.434 1587.038 1585.734 1586.873 1588.012 1589.151 1590.29 1590.841 1590.821 1590.801 1590.781 1590.762 1590.257 1589.741 1589.225 1588.709 1588.631 1589.091 1589.551 1590.01 1590.469 1591.267 1592.094 1592.921 1593.748 1594.575 1595.402 1596.229 1597.056 1597.883 1598.932 1600.016 1601.1 1602.184 1603.758 1606.312 1608.866 1611.42 1613.974 1618.185 1622.799 1627.413 1632.027 1637.615 1645.768 1653.92 1662.073 1670.225 1676.487 1682.105 1687.724 1693.343 1697.657 1697.275 1696.892 1696.51 1696.128
