data/zism_data/00425_02_D.txt
ncols         224
nrows         224
[rows 0 to 29 of 224, columns 0 to 66 of 224]
1418.0 1418.0 1418.0 1418.0 1418.0 1418.0 1418.0 1418.0 1417.865 1417.719 1417.573 1417.427 1417.331 1417.315 1417.298 1417.281 1417.265 1417.213 1417.155 1417.097 1417.039 1417.0 1417.0 1417.0 1417.0 1417.0 1417.0 1417.0 1417.0 1417.0 1417.0 1417.0 1417.0 1417.0 1417.0 1417.0 1417.0 1417.0 1417.0 1416.974 1416.827 1416.68 1416.533 1416.386 1416.286 1416.213 1416.14 1416.066 1416.0 1416.0 1416.0 1416.0 1416.0 1416.0 1416.0 1416.0 1416.0 1416.0 1416.0 1416.0 1416.0 1416.0 1416.0 1416.0 1416.0 1416.0 1416.0
1418.0 1418.0 1418.0 1418.0 1418.0 1418.0 1418.0 1418.0 1417.909 1417.812 1417.714 1417.617 1417.547 1417.519 1417.492 1417.465 1417.437 1417.352 1417.256 1417.161 1417.065 1417.0 1417.0 1417.0 1417.0 1417.0 1417.0 1417.0 1417.0 1417.0 1417.0 1417.0 1417.0 1417.0 1417.0 1417.0 1417.0 1417.0 1417.0 1416.974 1416.827 1416.68 1416.533 1416.386 1416.286 1416.213 1416.14 1416.066 1416.0 1416.0 1416.0 1416.0 1416.0 1416.0 1416.0 1416.0 1416.0 1416.0 1416.0 1416.0 1416.0 1416.0 1416.0 1416.0 1416.0 1416.0 1416.0
1418.0 1418.0 1418.0 1418.0 1418.0 1418.0 1418.0 1418.0 1417.954 1417.905 1417.856 1417.807 1417.762 1417.724 1417.686 1417.648 1417.61 1417.49 1417.357 1417.224 1417.091 1417.0 1417.0 1417.0 1417.0 1417.0 1417.0 1417.0 1417.0 1417.0 1417.0 1417.0 1417.0 1417.0 1417.0 1417.0 1417.0 1417.0 1417.0 1416.974 1416.827 1416.68 1416.533 1416.386 1416.286 1416.213 1416.14 1416.066 1416.0 1416.0 1416.0 1416.0 1416.0 1416.0 1416.0 1416.0 1416.0 1416.0 1416.0 1416.0 1416.0 1416.0 1416.0 1416.0 1416.0 1416.0 1416.0
1418.0 1418.0 1418.0 1418.0 1418.0 1418.0 1418.0 1418.0 1417.999 1417.999 1417.998 1417.997 1417.978 1417.929 1417.88 1417.831 1417.782 1417.629 1417.458 1417.287 1417.116 1417.0 1417.0 1417.0 1417.0 1417.0 1417.0 1417.0 1417.0 1417.0 1417.0 1417.0 1417.0 1417.0 1417.0 1417.0 1417.0 1417.0 1417.0 1416.974 1416.827 1416.68 1416.533 1416.386 1416.286 1416.213 1416.14 1416.066 1416.0 1416.0 1416.0 1416.0 1416.0 1416.0 1416.0 1416.0 1416.0 1416.0 1416.0 1416.0 1416.0 1416.0 1416.0 1416.0 1416.0 1416.0 1416.0
1418.0 1418.0 1418.0 1418.0 1418.0 1418.0 1418.0 1418.0 1418.0 1418.0 1418.0 1418.0 1417.985 1417.947 1417.908 1417.87 1417.831 1417.702 1417.557 1417.412 1417.267 1417.162 1417.141 1417.119 1417.098 1417.077 1417.06 1417.044 1417.028 1417.012 1417.0 1417.0 1417.0 1417.0 1417.0 1417.0 1417.0 1417.0 1417.0 1416.974 1416.827 1416.68 1416.533 1416.386 1416.286 1416.213 1416.14 1416.066 1416.0 1416.0 1416.0 1416.0 1416.0 1416.0 1416.0 1416.0 1416.0 1416.0 1416.0 1416.0 1416.0 1416.0 1416.0 1416.0 1416.0 1416.0 1416.0
1418.0 1418.0 1418.0 1418.0 1418.0 1418.0 1418.0 1418.0 1418.0 1418.0 1418.0 1418.0 1417.989 1417.962 1417.934 1417.906 1417.879 1417.774 1417.656 1417.538 1417.42 1417.326 1417.283 1417.24 1417.198 1417.155 1417.12 1417.088 1417.056 1417.024 1417.0 1417.0 1417.0 1417.0 1417.0 1417.0 1417.0 1417.0 1417.0 1416.974 1416.827 1416.68 1416.533 1416.386 1416.286 1416.213 1416.14 1416.066 1416.0 1416.0 1416.0 1416.0 1416.0 1416.0 1416.0 1416.0 1416.0 1416.0 1416.0 1416.0 1416.0 1416.0 1416.0 1416.0 1416.0 1416.0 1416.0
1418.0 1418.0 1418.0 1418.0 1418.0 1418.0 1418.0 1418.0 1418.0 1418.0 1418.0 1418.0 1417.993 1417.977 1417.96 1417.943 1417.926 1417.846 1417.755 1417.663 1417.572 1417.49 1417.426 1417.361 1417.297 1417.233 1417.181 1417.133 1417.085 1417.036 1417.0 1417.0 1417.0 1417.0 1417.0 1417.0 1417.0 1417.0 1417.0 1416.974 1416.827 1416.68 1416.533 1416.386 1416.286 1416.213 1416.14 1416.066 1416.0 1416.0 1416.0 1416.0 1416.0 1416.0 1416.0 1416.0 1416.0 1416.0 1416.0 1416.0 1416.0 1416.0 1416.0 1416.0 1416.0 1416.0 1416.0
1418.0 1418.0 1418.0 1418.0 1418.0 1418.0 1418.0 1418.0 1418.0 1418.0 1418.0 1418.0 1417.998 1417.992 1417.985 1417.979 1417.973 1417.917 1417.853 1417.789 1417.725 1417.654 1417.568 1417.482 1417.396 1417.311 1417.242 1417.177 1417.113 1417.048 1417.0 1417.0 1417.0 1417.0 1417.0 1417.0 1417.0 1417.0 1417.0 1416.974 1416.827 1416.68 1416.533 1416.386 1416.286 1416.213 1416.14 1416.066 1416.0 1416.0 1416.0 1416.0 1416.0 1416.0 1416.0 1416.0 1416.0 1416.0 1416.0 1416.0 1416.0 1416.0 1416.0 1416.0 1416.0 1416.0 1416.0
1418.0 1418.0 1418.0 1418.0 1418.0 1418.0 1418.0 1418.0 1418.0 1418.0 1418.0 1418.0 1418.0 1418.0 1418.0 1418.0 1418.0 1417.962 1417.918 1417.874 1417.829 1417.771 1417.682 1417.594 1417.505 1417.416 1417.334 1417.254 1417.173 1417.093 1417.03 1417.023 1417.016 1417.009 1417.002 1417.0 1417.0 1417.0 1417.0 1416.974 1416.827 1416.68 1416.533 1416.386 1416.286 1416.213 1416.14 1416.066 1416.0 1416.0 1416.0 1416.0 1416.0 1416.0 1416.0 1416.0 1416.0 1416.0 1416.0 1416.0 1416.0 1416.0 1416.0 1416.0 1416.0 1416.0 1416.0
1418.0 1418.0 1418.0 1418.0 1418.0 1418.0 1418.0 1418.0 1418.0 1418.0 1418.0 1418.0 1418.0 1418.0 1418.0 1418.0 1418.0 1417.971 1417.938 1417.904 1417.871 1417.827 1417.759 1417.692 1417.625 1417.558 1417.468 1417.371 1417.275 1417.178 1417.099 1417.076 1417.053 1417.03 1417.007 1417.0 1417.0 1417.0 1417.0 1416.974 1416.827 1416.68 1416.533 1416.386 1416.286 1416.213 1416.14 1416.066 1416.0 1416.0 1416.0 1416.0 1416.0 1416.0 1416.0 1416.0 1416.0 1416.0 1416.0 1416.0 1416.0 1416.0 1416.0 1416.0 1416.0 1416.0 1416.0
1418.0 1418.0 1418.0 1418.0 1418.0 1418.0 1418.0 1418.0 1418.0 1418.0 1418.0 1418.0 1418.0 1418.0 1418.0 1418.0 1418.0 1417.98 1417.958 1417.935 1417.912 1417.882 1417.837 1417.791 1417.745 1417.7 1417.602 1417.489 1417.376 1417.263 1417.169 1417.129 1417.09 1417.051 1417.011 1417.0 1417.0 1417.0 1417.0 1416.974 1416.827 1416.68 1416.533 1416.386 1416.286 1416.213 1416.14 1416.066 1416.0 1416.0 1416.0 1416.0 1416.0 1416.0 1416.0 1416.0 1416.0 1416.0 1416.0 1416.0 1416.0 1416.0 1416.0 1416.0 1416.0 1416.0 1416.0
1418.0 1418.0 1418.0 1418.0 1418.0 1418.0 1418.0 1418.0 1418.0 1418.0 1418.0 1418.0 1418.0 1418.0 1418.0 1418.0 1418.0 1417.99 1417.978 1417.966 1417.954 1417.938 1417.914 1417.89 1417.866 1417.842 1417.736 1417.607 1417.478 1417.349 1417.238 1417.182 1417.127 1417.072 1417.016 1417.0 1417.0 1417.0 1417.0 1416.974 1416.827 1416.68 1416.533 1416.386 1416.286 1416.213 1416.14 1416.066 1416.0 1416.0 1416.0 1416.0 1416.0 1416.0 1416.0 1416.0 1416.0 1416.0 1416.0 1416.0 1416.0 1416.0 1416.0 1416.0 1416.0 1416.0 1416.0
1418.0 1418.0 1418.0 1418.0 1418.0 1418.0 1418.0 1418.0 1418.0 1418.0 1418.0 1418.0 1418.0 1418.0 1418.0 1418.0 1418.0 1417.999 1417.998 1417.996 1417.995 1417.994 1417.991 1417.989 1417.986 1417.984 1417.87 1417.724 1417.579 1417.434 1417.307 1417.235 1417.164 1417.092 1417.021 1417.0 1417.0 1417.0 1417.0 1416.974 1416.827 1416.68 1416.533 1416.386 1416.286 1416.213 1416.14 1416.066 1416.0 1416.0 1416.0 1416.0 1416.0 1416.0 1416.0 1416.0 1416.0 1416.0 1416.0 1416.0 1416.0 1416.0 1416.0 1416.0 1416.0 1416.0 1416.0
1418.0 1418.0 1418.0 1418.0 1418.0 1418.0 1418.0 1418.0 1418.0 1418.0 1418.0 1418.0 1418.0 1418.0 1418.0 1418.0 1418.0 1418.0 1418.0 1418.0 1418.0 1418.0 1418.0 1418.0 1418.0 1418.0 1417.907 1417.789 1417.67 1417.552 1417.442 1417.359 1417.276 1417.193 1417.11 1417.073 1417.054 1417.035 1417.016 1416.972 1416.811 1416.649 1416.488 1416.327 1416.231 1416.172 1416.112 1416.053 1416.0 1416.0 1416.0 1416.0 1416.0 1416.0 1416.0 1416.0 1416.0 1416.0 1416.0 1416.0 1416.0 1416.0 1416.0 1416.0 1416.0 1416.0 1416.0
1418.0 1418.0 1418.0 1418.0 1418.0 1418.0 1418.0 1418.0 1418.0 1418.0 1418.0 1418.0 1418.0 1418.0 1418.0 1418.0 1418.0 1418.0 1418.0 1418.0 1418.0 1418.0 1418.0 1418.0 1418.0 1418.0 1417.933 1417.846 1417.76 1417.674 1417.586 1417.492 1417.399 1417.305 1417.211 1417.155 1417.115 1417.074 1417.034 1416.969 1416.792 1416.614 1416.437 1416.26 1416.168 1416.125 1416.082 1416.039 1416.0 1416.0 1416.0 1416.0 1416.0 1416.0 1416.0 1416.0 1416.0 1416.0 1416.0 1416.0 1416.0 1416.0 1416.0 1416.0 1416.0 1416.0 1416.0
1418.0 1418.0 1418.0 1418.0 1418.0 1418.0 1418.0 1418.0 1418.0 1418.0 1418.0 1418.0 1418.0 1418.0 1418.0 1418.0 1418.0 1418.0 1418.0 1418.0 1418.0 1418.0 1418.0 1418.0 1418.0 1418.0 1417.958 1417.904 1417.85 1417.796 1417.73 1417.625 1417.521 1417.417 1417.312 1417.238 1417.176 1417.113 1417.051 1416.966 1416.773 1416.579 1416.386 1416.192 1416.105 1416.078 1416.051 1416.024 1416.0 1416.0 1416.0 1416.0 1416.0 1416.0 1416.0 1416.0 1416.0 1416.0 1416.0 1416.0 1416.0 1416.0 1416.0 1416.0 1416.0 1416.0 1416.0
1418.0 1418.0 1418.0 1418.0 1418.0 1418.0 1418.0 1418.0 1418.0 1418.0 1418.0 1418.0 1418.0 1418.0 1418.0 1418.0 1418.0 1418.0 1418.0 1418.0 1418.0 1418.0 1418.0 1418.0 1418.0 1418.0 1417.983 1417.962 1417.94 1417.919 1417.874 1417.759 1417.643 1417.528 1417.413 1417.32 1417.236 1417.153 1417.069 1416.964 1416.754 1416.544 1416.334 1416.125 1416.042 1416.031 1416.02 1416.01 1416.0 1416.0 1416.0 1416.0 1416.0 1416.0 1416.0 1416.0 1416.0 1416.0 1416.0 1416.0 1416.0 1416.0 1416.0 1416.0 1416.0 1416.0 1416.0
1418.0 1418.0 1418.0 1418.0 1418.0 1418.0 1418.0 1418.0 1418.0 1418.0 1418.0 1418.0 1418.0 1418.0 1418.0 1418.0 1418.0 1418.0 1418.0 1418.0 1418.0 1418.0 1418.0 1418.0 1418.0 1418.0 1418.0 1418.0 1418.0 1418.0 1417.972 1417.859 1417.745 1417.632 1417.518 1417.409 1417.302 1417.195 1417.088 1416.964 1416.76 1416.556 1416.352 1416.147 1416.073 1416.073 1416.073 1416.073 1416.073 1416.073 1416.073 1416.073 1416.073 1416.067 1416.056 1416.046 1416.035 1416.025 1416.028 1416.032 1416.035 1416.039 1416.044 1416.051 1416.059 1416.066 1416.073
1418.0 1418.0 1418.0 1418.0 1418.0 1418.0 1418.0 1418.0 1418.0 1418.0 1418.0 1418.0 1418.0 1418.0 1418.0 1418.0 1418.0 1418.0 1418.0 1418.0 1418.0 1418.0 1418.0 1418.0 1418.0 1418.0 1418.0 1418.0 1418.0 1418.0 1417.979 1417.892 1417.806 1417.719 1417.632 1417.512 1417.378 1417.244 1417.111 1416.973 1416.817 1416.661 1416.505 1416.349 1416.293 1416.293 1416.293 1416.293 1416.293 1416.293 1416.293 1416.293 1416.293 1416.269 1416.226 1416.182 1416.14 1416.098 1416.112 1416.127 1416.141 1416.156 1416.177 1416.206 1416.234 1416.263 1416.292
1418.0 1418.0 1418.0 1418.0 1418.0 1418.0 1418.0 1418.0 1418.0 1418.0 1418.0 1418.0 1418.0 1418.0 1418.0 1418.0 1418.0 1418.0 1418.0 1418.0 1418.0 1418.0 1418.0 1418.0 1418.0 1418.0 1418.0 1418.0 1418.0 1418.0 1417.985 1417.926 1417.866 1417.806 1417.747 1417.615 1417.454 1417.294 1417.133 1416.981 1416.874 1416.766 1416.659 1416.552 1416.513 1416.513 1416.513 1416.513 1416.513 1416.513 1416.513 1416.513 1416.513 1416.47 1416.395 1416.319 1416.244 1416.172 1416.197 1416.222 1416.247 1416.272 1416.31 1416.36 1416.41 1416.46 1416.51
1418.0 1418.0 1418.0 1418.0 1418.0 1418.0 1418.0 1418.0 1418.0 1418.0 1418.0 1418.0 1418.0 1418.0 1418.0 1418.0 1418.0 1418.0 1418.0 1418.0 1418.0 1418.0 1418.0 1418.0 1418.0 1418.0 1418.0 1418.0 1418.0 1418.0 1417.992 1417.959 1417.926 1417.894 1417.861 1417.718 1417.53 1417.343 1417.155 1416.99 1416.931 1416.872 1416.813 1416.754 1416.732 1416.732 1416.732 1416.732 1416.732 1416.732 1416.732 1416.732 1416.732 1416.672 1416.564 1416.456 1416.349 1416.245 1416.281 1416.317 1416.353 1416.389 1416.442 1416.514 1416.586 1416.658 1416.729
1418.0 1418.0 1418.0 1418.0 1418.0 1418.0 1418.0 1418.0 1418.0 1418.0 1418.0 1418.0 1418.0 1418.0 1418.0 1418.0 1418.0 1418.0 1418.0 1418.0 1418.0 1418.0 1418.0 1418.0 1418.0 1418.0 1418.0 1418.0 1418.0 1418.0 1417.999 1417.993 1417.987 1417.981 1417.975 1417.821 1417.606 1417.392 1417.177 1416.998 1416.988 1416.977 1416.967 1416.956 1416.952 1416.952 1416.952 1416.952 1416.952 1416.952 1416.952 1416.952 1416.952 1416.873 1416.733 1416.593 1416.453 1416.319 1416.365 1416.412 1416.459 1416.505 1416.575 1416.668 1416.762 1416.855 1416.948
1418.0 1418.0 1418.0 1418.0 1418.0 1418.0 1418.0 1418.0 1418.0 1418.0 1418.0 1418.0 1418.0 1418.0 1418.0 1418.0 1418.0 1418.0 1418.0 1418.0 1418.0 1418.0 1418.0 1418.0 1418.0 1418.0 1418.0 1418.0 1418.0 1418.0 1418.0 1418.0 1418.0 1418.0 1418.0 1417.87 1417.688 1417.505 1417.323 1417.168 1417.142 1417.117 1417.092 1417.067 1417.049 1417.037 1417.024 1417.011 1417.0 1417.0 1417.0 1417.0 1417.0 1416.931 1416.81 1416.688 1416.566 1416.449 1416.49 1416.53 1416.571 1416.611 1416.672 1416.753 1416.834 1416.915 1416.996
1418.0 1418.0 1418.0 1418.0 1418.0 1418.0 1418.0 1418.0 1418.0 1418.0 1418.0 1418.0 1418.0 1418.0 1418.0 1418.0 1418.0 1418.0 1418.0 1418.0 1418.0 1418.0 1418.0 1418.0 1418.0 1418.0 1418.0 1418.0 1418.0 1418.0 1418.0 1418.0 1418.0 1418.0 1418.0 1417.905 1417.771 1417.637 1417.502 1417.382 1417.324 1417.267 1417.209 1417.151 1417.112 1417.083 1417.055 1417.026 1417.0 1417.0 1417.0 1417.0 1417.0 1416.949 1416.86 1416.771 1416.681 1416.595 1416.625 1416.655 1416.685 1416.714 1416.759 1416.819 1416.878 1416.938 1416.997
1418.0 1418.0 1418.0 1418.0 1418.0 1418.0 1418.0 1418.0 1418.0 1418.0 1418.0 1418.0 1418.0 1418.0 1418.0 1418.0 1418.0 1418.0 1418.0 1418.0 1418.0 1418.0 1418.0 1418.0 1418.0 1418.0 1418.0 1418.0 1418.0 1418.0 1418.0 1418.0 1418.0 1418.0 1418.0 1417.939 1417.854 1417.768 1417.682 1417.596 1417.506 1417.416 1417.326 1417.236 1417.175 1417.13 1417.085 1417.04 1417.0 1417.0 1417.0 1417.0 1417.0 1416.968 1416.911 1416.854 1416.796 1416.742 1416.761 1416.78 1416.799 1416.818 1416.846 1416.884 1416.922 1416.96 1416.998
1418.0 1418.0 1418.0 1418.0 1418.0 1418.0 1418.0 1418.0 1418.0 1418.0 1418.0 1418.0 1418.0 1418.0 1418.0 1418.0 1418.0 1418.0 1418.0 1418.0 1418.0 1418.0 1418.0 1418.0 1418.0 1418.0 1418.0 1418.0 1418.0 1418.0 1418.0 1418.0 1418.0 1418.0 1418.0 1417.974 1417.936 1417.899 1417.862 1417.81 1417.688 1417.566 1417.443 1417.321 1417.238 1417.177 1417.116 1417.055 1417.0 1417.0 1417.0 1417.0 1417.0 1416.986 1416.961 1416.936 1416.912 1416.888 1416.896 1416.904 1416.912 1416.921 1416.933 1416.95 1416.966 1416.983 1416.999
1418.019 1418.011 1418.004 1418.0 1418.0 1418.0 1418.0 1418.0 1418.0 1418.0 1418.0 1418.0 1418.0 1418.0 1418.0 1418.0 1418.0 1418.0 1418.0 1418.0 1418.0 1418.0 1418.0 1418.0 1418.0 1418.0 1418.0 1418.0 1418.0 1418.0 1418.0 1418.0 1418.0 1418.0 1418.0 1418.0 1418.0 1418.0 1418.0 1417.975 1417.833 1417.691 1417.549 1417.407 1417.306 1417.227 1417.149 1417.071 1417.0 1417.0 1417.0 1417.0 1417.0 1417.0 1417.0 1417.0 1417.0 1417.0 1417.0 1417.0 1417.0 1417.0 1417.0 1417.0 1417.0 1417.0 1417.0
1418.101 1418.061 1418.021 1418.0 1418.0 1418.0 1418.0 1418.0 1418.0 1418.0 1418.0 1418.0 1418.0 1418.0 1418.0 1418.0 1418.0 1418.0 1418.0 1418.0 1418.0 1418.0 1418.0 1418.0 1418.0 1418.0 1418.0 1418.0 1418.0 1418.0 1418.0 1418.0 1418.0 1418.0 1418.0 1418.0 1418.0 1418.0 1418.0 1417.979 1417.859 1417.738 1417.618 1417.497 1417.39 1417.29 1417.19 1417.09 1417.0 1417.0 1417.0 1417.0 1417.0 1417.0 1417.0 1417.0 1417.0 1417.0 1417.0 1417.0 1417.0 1417.0 1417.0 1417.0 1417.0 1417.0 1417.0
1418.183 1418.111 1418.039 1418.0 1418.0 1418.0 1418.0 1418.0 1418.0 1418.0 1418.0 1418.0 1418.0 1418.0 1418.0 1418.0 1418.0 1418.0 1418.0 1418.0 1418.0 1418.0 1418.0 1418.0 1418.0 1418.0 1418.0 1418.0 1418.0 1418.0 1418.0 1418.0 1418.0 1418.0 1418.0 1418.0 1418.0 1418.0 1418.0 1417.983 1417.884 1417.785 1417.686 1417.587 1417.474 1417.352 1417.231 1417.109 1417.0 1417.0 1417.0 1417.0 1417.0 1417.0 1417.0 1417.0 1417.0 1417.0 1417.0 1417.0 1417.0 1417.0 1417.0 1417.0 1417.0 1417.0 1417.0
1418.265 1418.16 1418.056 1418.0 1418.0 1418.0 1418.0 1418.0 1418.0 1418.0 1418.0 1418.0 1418.0 1418.0 1418.0 1418.0 1418.0 1418.0 1418.0 1418.0 1418.0 1418.0 1418.0 1418.0 1418.0 1418.0 1418.0 1418.0 1418.0 1418.0 1418.0 1418.0 1418.0 1418.0 1418.0 1418.0 1418.0 1418.0 1418.0 1417.987 1417.909 1417.832 1417.754 1417.677 1417.558 1417.415 1417.272 1417.129 1417.0 1417.0 1417.0 1417.0 1417.0 1417.0 1417.0 1417.0 1417.0 1417.0 1417.0 1417.0 1417.0 1417.0 1417.0 1417.0 1417.0 1417.0 1417.0
