data/zism_data/00420_03_D.txt
ncols         224
nrows         224
[rows 168 to 195 of 224, columns 0 to 62 of 224]
4226.6 4221.624 4216.647 4211.671 4207.66 4206.19 4204.72 4203.25 4201.78 4201.971 4202.747 4203.522 4204.299 4204.872 4204.646 4204.419 4204.194 4203.968 4202.626 4200.727 4198.828 4196.929 4194.59 4189.316 4184.042 4178.768 4173.495 4166.262 4157.691 4149.121 4140.55 4131.955 4122.958 4113.962 4104.965 4095.968 4086.619 4076.946 4067.273 4057.601 4047.928 4037.552 4027.167 4016.781 4006.395 3996.282 3986.503 3976.724 3966.946 3957.167 3946.794 3936.364 3925.934 3915.504 3907.321 3902.854 3898.386 3893.919 3889.452 3886.296 3883.388 3880.48 3877.572
4228.711 4224.079 4219.447 4214.815 4211.075 4209.68 4208.286 4206.891 4205.497 4205.993 4207.156 4208.32 4209.483 4210.386 4210.262 4210.139 4210.015 4209.891 4208.247 4205.842 4203.437 4201.031 4198.183 4192.376 4186.569 4180.763 4174.956 4167.382 4158.602 4149.821 4141.041 4132.244 4123.183 4114.122 4105.061 4095.999 4086.51 4076.627 4066.744 4056.861 4046.979 4036.064 4025.135 4014.205 4003.276 3992.808 3982.905 3973.003 3963.1 3953.198 3943.202 3933.198 3923.193 3913.188 3905.382 3901.21 3897.039 3892.868 3888.697 3885.578 3882.66 3879.741 3876.823
4230.822 4226.534 4222.247 4217.959 4214.489 4213.17 4211.851 4210.532 4209.212 4210.015 4211.566 4213.117 4214.668 4215.9 4215.879 4215.857 4215.836 4215.815 4213.867 4210.956 4208.045 4205.134 4201.776 4195.436 4189.097 4182.757 4176.417 4168.503 4159.513 4150.522 4141.532 4132.534 4123.408 4114.282 4105.156 4096.03 4086.4 4076.307 4066.215 4056.122 4046.03 4034.576 4023.103 4011.63 4000.157 3989.334 3979.308 3969.281 3959.255 3949.229 3939.61 3930.031 3920.452 3910.872 3903.442 3899.567 3895.692 3891.817 3887.941 3884.861 3881.932 3879.002 3876.073
4233.298 4229.393 4225.487 4221.583 4218.413 4217.182 4215.95 4214.718 4213.486 4214.551 4216.425 4218.3 4220.175 4221.672 4221.686 4221.699 4221.713 4221.727 4219.44 4216.004 4212.567 4209.131 4205.248 4198.382 4191.517 4184.651 4177.786 4169.523 4160.306 4151.089 4141.872 4132.655 4123.445 4114.234 4105.023 4095.812 4086.026 4075.713 4065.399 4055.086 4044.772 4032.823 4020.851 4008.877 3996.905 3985.755 3975.615 3965.476 3955.336 3945.197 3935.97 3926.831 3917.692 3908.552 3901.508 3897.927 3894.347 3890.767 3887.187 3884.153 3881.223 3878.294 3875.364
4240.447 4237.408 4234.37 4231.331 4228.857 4227.867 4226.878 4225.888 4224.899 4225.66 4227.04 4228.419 4229.799 4230.734 4229.924 4229.115 4228.305 4227.495 4224.417 4220.206 4215.994 4211.783 4207.168 4199.867 4192.565 4185.264 4177.963 4169.261 4159.603 4149.944 4140.286 4130.633 4121.078 4111.523 4101.968 4092.412 4082.273 4071.599 4060.925 4050.251 4039.577 4027.681 4015.767 4003.854 3991.94 3980.833 3970.715 3960.597 3950.479 3940.361 3931.711 3923.201 3914.692 3906.182 3899.635 3896.335 3893.034 3889.734 3886.434 3883.558 3880.763 3877.968 3875.173
4247.596 4245.424 4243.252 4241.08 4239.3 4238.553 4237.806 4237.059 4236.312 4236.77 4237.654 4238.539 4239.423 4239.796 4238.163 4236.53 4234.896 4233.264 4229.395 4224.408 4219.421 4214.434 4209.089 4201.352 4193.614 4185.877 4178.14 4168.999 4158.899 4148.799 4138.7 4128.611 4118.711 4108.812 4098.912 4089.012 4078.521 4067.486 4056.451 4045.416 4034.382 4022.539 4010.684 3998.83 3986.975 3975.91 3965.814 3955.717 3945.621 3935.524 3927.452 3919.572 3911.692 3903.812 3897.763 3894.743 3891.722 3888.701 3885.681 3882.963 3880.302 3877.642 3874.981
4254.746 4253.44 4252.135 4250.829 4249.744 4249.239 4248.734 4248.229 4247.724 4247.88 4248.269 4248.658 4249.047 4248.858 4246.402 4243.945 4241.488 4239.032 4234.372 4228.61 4222.848 4217.086 4211.01 4202.836 4194.663 4186.49 4178.317 4168.736 4158.195 4147.654 4137.113 4126.589 4116.345 4106.101 4095.856 4085.612 4074.768 4063.372 4051.977 4040.582 4029.186 4017.396 4005.601 3993.806 3982.01 3970.988 3960.913 3950.838 3940.763 3930.688 3923.192 3915.942 3908.692 3901.442 3895.891 3893.15 3890.41 3887.669 3884.928 3882.368 3879.842 3877.316 3874.79
4261.895 4261.456 4261.017 4260.578 4260.188 4259.925 4259.662 4259.399 4259.136 4258.989 4258.883 4258.777 4258.671 4257.921 4254.641 4251.36 4248.08 4244.8 4239.349 4232.812 4226.274 4219.737 4212.93 4204.321 4195.712 4187.103 4178.494 4168.474 4157.492 4146.509 4135.527 4124.567 4113.979 4103.39 4092.801 4082.212 4071.014 4059.259 4047.503 4035.747 4023.991 4012.254 4000.518 3988.781 3977.045 3966.065 3956.012 3945.958 3935.905 3925.852 3918.933 3912.313 3905.692 3899.072 3894.019 3891.558 3889.097 3886.636 3884.176 3881.773 3879.382 3876.99 3874.599
4268.822 4268.93 4269.037 4269.145 4269.173 4268.992 4268.812 4268.631 4268.45 4268.027 4267.519 4267.01 4266.501 4265.256 4261.119 4256.981 4252.844 4248.707 4242.449 4235.131 4227.813 4220.496 4212.969 4204.047 4195.126 4186.205 4177.283 4166.988 4155.755 4144.522 4133.29 4122.068 4111.042 4100.017 4088.991 4077.965 4066.406 4054.36 4042.314 4030.267 4018.221 4006.635 3995.057 3983.478 3971.899 3961.086 3951.212 3941.337 3931.462 3921.588 3915.319 3909.392 3903.466 3897.54 3892.987 3890.705 3888.423 3886.141 3883.859 3881.589 3879.321 3877.053 3874.785
4275.546 4275.907 4276.268 4276.628 4276.822 4276.576 4276.331 4276.086 4275.841 4275.166 4274.34 4273.514 4272.688 4271.009 4265.984 4260.958 4255.933 4250.907 4243.83 4235.726 4227.623 4219.519 4211.283 4202.162 4193.042 4183.92 4174.8 4164.379 4153.071 4141.763 4130.455 4119.133 4107.585 4096.037 4084.489 4072.941 4061.015 4048.742 4036.47 4024.198 4011.925 4000.58 3989.249 3977.918 3966.587 3956.055 3946.504 3936.952 3927.4 3917.849 3912.295 3907.123 3901.95 3896.778 3892.727 3890.531 3888.335 3886.139 3883.943 3881.782 3879.627 3877.472 3875.317
4282.271 4282.884 4283.498 4284.111 4284.47 4284.161 4283.851 4283.541 4283.231 4282.305 4281.161 4280.018 4278.874 4276.762 4270.849 4264.935 4259.021 4253.108 4245.21 4236.321 4227.432 4218.542 4209.597 4200.277 4190.957 4181.637 4172.317 4161.771 4150.387 4139.004 4127.621 4116.197 4104.127 4092.057 4079.987 4067.917 4055.623 4043.125 4030.626 4018.128 4005.629 3994.525 3983.441 3972.358 3961.274 3951.024 3941.795 3932.567 3923.338 3914.11 3909.272 3904.853 3900.434 3896.015 3892.466 3890.356 3888.247 3886.137 3884.027 3881.975 3879.932 3877.89 3875.848
4288.995 4289.861 4290.728 4291.594 4292.119 4291.745 4291.37 4290.996 4290.621 4289.443 4287.982 4286.521 4285.06 4282.515 4275.713 4268.912 4262.11 4255.309 4246.591 4236.916 4227.24 4217.565 4207.91 4198.391 4188.872 4179.353 4169.834 4159.163 4147.704 4136.245 4124.786 4113.261 4100.669 4088.077 4075.485 4062.892 4050.231 4037.507 4024.782 4012.058 3999.333 3988.47 3977.634 3966.798 3955.962 3945.993 3937.087 3928.182 3919.276 3910.37 3906.249 3902.584 3898.918 3895.252 3892.206 3890.182 3888.158 3886.135 3884.111 3882.167 3880.238 3878.309 3876.38
4295.719 4296.838 4297.958 4299.078 4299.768 4299.329 4298.89 4298.451 4298.012 4296.583 4294.804 4293.025 4291.246 4288.268 4280.578 4272.889 4265.199 4257.509 4247.972 4237.51 4227.049 4216.588 4206.224 4196.506 4186.788 4177.069 4167.352 4156.554 4145.02 4133.486 4121.951 4110.326 4097.211 4084.097 4070.982 4057.868 4044.839 4031.889 4018.938 4005.988 3993.037 3982.415 3971.826 3961.238 3950.649 3940.962 3932.379 3923.797 3915.214 3906.631 3903.226 3900.314 3897.402 3894.49 3891.945 3890.008 3888.07 3886.133 3884.195 3882.36 3880.544 3878.728 3876.912
4302.617 4303.065 4303.512 4303.959 4304.042 4303.162 4302.281 4301.401 4300.521 4298.615 4296.346 4294.077 4291.809 4288.374 4280.361 4272.348 4264.334 4256.321 4246.448 4235.645 4224.842 4214.04 4203.345 4193.376 4183.406 4173.437 4163.467 4152.352 4140.455 4128.558 4116.661 4104.685 4091.425 4078.165 4064.905 4051.645 4038.644 4025.88 4013.116 4000.352 3987.589 3977.068 3966.581 3956.094 3945.607 3936.28 3928.376 3920.471 3912.567 3904.663 3901.628 3899.056 3896.485 3893.914 3891.631 3889.827 3888.022 3886.218 3884.414 3882.704 3881.011 3879.319 3877.626
4309.521 4309.269 4309.016 4308.764 4308.214 4306.882 4305.55 4304.218 4302.886 4300.495 4297.731 4294.967 4292.203 4288.312 4279.992 4271.672 4263.352 4255.031 4244.837 4233.706 4222.575 4211.444 4200.431 4190.208 4179.986 4169.764 4159.541 4148.103 4135.834 4123.566 4111.297 4098.964 4085.569 4072.174 4058.78 4045.385 4032.424 4019.859 4007.294 3994.73 3982.165 3971.743 3961.353 3950.963 3940.573 3931.609 3924.393 3917.178 3909.963 3902.747 3900.072 3897.829 3895.586 3893.343 3891.316 3889.646 3887.976 3886.306 3884.636 3883.052 3881.483 3879.915 3878.346
4316.425 4315.473 4314.521 4313.568 4312.387 4310.603 4308.818 4307.034 4305.25 4302.375 4299.116 4295.857 4292.598 4288.25 4279.623 4270.996 4262.369 4253.742 4243.227 4231.767 4220.308 4208.848 4197.517 4187.042 4176.566 4166.091 4155.615 4143.854 4131.214 4118.574 4105.934 4093.243 4079.713 4066.184 4052.655 4039.125 4026.204 4013.838 4001.473 3989.107 3976.742 3966.418 3956.125 3945.832 3935.538 3926.937 3920.411 3913.885 3907.358 3900.832 3898.516 3896.601 3894.687 3892.772 3891.0 3889.465 3887.93 3886.394 3884.859 3883.4 3881.955 3880.51 3879.065
4323.328 4321.676 4320.024 4318.373 4316.56 4314.324 4312.087 4309.851 4307.614 4304.256 4300.501 4296.747 4292.993 4288.188 4279.254 4270.32 4261.386 4252.453 4241.616 4229.828 4218.041 4206.252 4194.603 4183.875 4173.146 4162.417 4151.689 4139.604 4126.593 4113.582 4100.57 4087.521 4073.858 4060.194 4046.53 4032.866 4019.983 4007.817 3995.651 3983.485 3971.319 3961.094 3950.897 3940.7 3930.504 3922.266 3916.428 3910.591 3904.754 3898.916 3896.96 3895.374 3893.787 3892.201 3890.685 3889.284 3887.883 3886.482 3885.082 3883.748 3882.427 3881.106 3879.785
4330.202 4327.737 4325.272 4322.808 4320.247 4317.434 4314.621 4311.808 4308.995 4305.015 4300.623 4296.23 4291.838 4286.487 4277.366 4268.246 4259.125 4250.005 4239.059 4227.201 4215.342 4203.484 4191.723 4180.608 4169.493 4158.378 4147.263 4134.822 4121.476 4108.129 4094.783 4081.415 4067.691 4053.967 4040.243 4026.519 4013.732 4001.804 3989.875 3977.947 3966.018 3956.017 3946.043 3936.071 3926.098 3918.279 3913.101 3907.923 3902.746 3897.568 3895.868 3894.499 3893.13 3891.761 3890.417 3889.115 3887.812 3886.51 3885.208 3883.999 3882.809 3881.619 3880.428
4337.033 4333.6 4330.166 4326.732 4323.264 4319.703 4316.142 4312.581 4309.019 4304.227 4299.001 4293.774 4288.548 4282.527 4273.385 4264.243 4255.101 4245.958 4235.196 4223.623 4212.05 4200.477 4188.889 4177.204 4165.518 4153.833 4142.147 4129.305 4115.674 4102.042 4088.41 4074.776 4061.095 4047.415 4033.734 4020.053 4007.438 3995.8 3984.162 3972.524 3960.886 3951.282 3941.707 3932.132 3922.558 3915.237 3910.678 3906.119 3901.56 3897.001 3895.414 3894.11 3892.805 3891.501 3890.215 3888.961 3887.708 3886.454 3885.2 3884.117 3883.067 3882.016 3880.966
4343.865 4339.462 4335.06 4330.658 4326.281 4321.972 4317.662 4313.353 4309.043 4303.439 4297.379 4291.318 4285.258 4278.567 4269.404 4260.24 4251.076 4241.913 4231.333 4220.045 4208.757 4197.47 4186.056 4173.8 4161.543 4149.288 4137.032 4123.789 4109.872 4095.955 4082.038 4068.137 4054.5 4040.862 4027.224 4013.586 4001.144 3989.797 3978.449 3967.102 3955.755 3946.547 3937.37 3928.194 3919.018 3912.194 3908.254 3904.314 3900.375 3896.435 3894.96 3893.72 3892.481 3891.241 3890.014 3888.809 3887.603 3886.398 3885.192 3884.235 3883.324 3882.414 3881.503
4350.696 4345.325 4339.954 4334.583 4329.298 4324.24 4319.183 4314.125 4309.067 4302.652 4295.757 4288.862 4281.967 4274.607 4265.422 4256.237 4247.052 4237.867 4227.47 4216.467 4205.465 4194.462 4183.222 4170.396 4157.569 4144.742 4131.916 4118.272 4104.07 4089.868 4075.665 4061.499 4047.904 4034.309 4020.715 4007.12 3994.85 3983.793 3972.736 3961.68 3950.623 3941.812 3933.034 3924.256 3915.478 3909.151 3905.831 3902.51 3899.189 3895.868 3894.507 3893.331 3892.156 3890.981 3889.813 3888.656 3887.499 3886.342 3885.184 3884.352 3883.582 3882.811 3882.041
4357.528 4351.188 4344.848 4338.508 4332.315 4326.509 4320.703 4314.897 4309.092 4301.864 4294.135 4286.406 4278.677 4270.648 4261.441 4252.234 4243.027 4233.821 4223.607 4212.89 4202.173 4191.456 4180.389 4166.992 4153.594 4140.197 4126.8 4112.755 4098.268 4083.78 4069.293 4054.86 4041.308 4027.757 4014.205 4000.654 3988.555 3977.79 3967.023 3956.257 3945.491 3937.077 3928.697 3920.317 3911.938 3906.109 3903.407 3900.705 3898.003 3895.302 3894.053 3892.942 3891.832 3890.721 3889.611 3888.502 3887.394 3886.285 3885.177 3884.47 3883.839 3883.209 3882.578
4358.491 4351.8 4345.109 4338.418 4331.82 4325.468 4319.115 4312.762 4306.41 4298.783 4290.706 4282.629 4274.553 4266.234 4256.963 4247.693 4238.422 4229.152 4218.767 4207.825 4196.883 4185.941 4174.645 4160.991 4147.337 4133.683 4120.029 4105.849 4091.31 4076.772 4062.233 4047.77 4034.533 4021.296 4008.059 3994.822 3982.945 3972.315 3961.686 3951.056 3940.426 3932.715 3925.047 3917.379 3909.711 3904.445 3902.124 3899.802 3897.481 3895.159 3893.96 3892.867 3891.774 3890.681 3889.604 3888.553 3887.502 3886.452 3885.401 3884.821 3884.33 3883.84 3883.349
4358.575 4351.625 4344.676 4337.727 4330.799 4323.93 4317.06 4310.191 4303.321 4295.357 4287.005 4278.654 4270.303 4261.751 4252.411 4243.071 4233.73 4224.39 4213.781 4202.537 4191.293 4180.05 4168.465 4154.601 4140.737 4126.873 4113.009 4098.734 4084.18 4069.625 4055.07 4040.612 4027.73 4014.849 4001.967 3989.085 3977.438 3966.921 3956.404 3945.887 3935.37 3928.409 3921.5 3914.591 3907.682 3902.989 3901.011 3899.034 3897.058 3895.081 3893.921 3892.839 3891.756 3890.674 3889.626 3888.635 3887.643 3886.652 3885.66 3885.207 3884.856 3884.506 3884.155
4358.658 4351.45 4344.243 4337.035 4329.778 4322.392 4315.006 4307.62 4300.233 4291.931 4283.305 4274.68 4266.054 4257.269 4247.859 4238.449 4229.038 4219.628 4208.794 4197.25 4185.704 4174.159 4162.285 4148.211 4134.137 4120.063 4105.989 4091.62 4077.049 4062.478 4047.907 4033.455 4020.928 4008.402 3995.875 3983.349 3971.93 3961.526 3951.122 3940.718 3930.314 3924.103 3917.952 3911.802 3905.652 3901.532 3899.899 3898.267 3896.634 3895.002 3893.882 3892.81 3891.739 3890.668 3889.649 3888.716 3887.784 3886.852 3885.919 3885.594 3885.383 3885.172 3884.961
4358.741 4351.275 4343.809 4336.343 4328.757 4320.854 4312.951 4305.048 4297.145 4288.505 4279.605 4270.705 4261.805 4252.787 4243.307 4233.826 4224.346 4214.866 4203.808 4191.961 4180.115 4168.269 4156.104 4141.821 4127.537 4113.253 4098.97 4084.506 4069.918 4055.331 4040.744 4026.297 4014.126 4001.954 3989.783 3977.612 3966.422 3956.131 3945.84 3935.55 3925.259 3919.796 3914.405 3909.014 3903.623 3900.075 3898.787 3897.499 3896.211 3894.923 3893.843 3892.782 3891.721 3890.661 3889.671 3888.798 3887.925 3887.052 3886.178 3885.98 3885.909 3885.838 3885.767
4357.112 4349.465 4341.818 4334.171 4326.349 4318.064 4309.78 4301.496 4293.212 4284.329 4275.235 4266.141 4257.047 4247.862 4238.317 4228.771 4219.227 4209.681 4198.42 4186.302 4174.183 4162.064 4149.64 4135.179 4120.718 4106.257 4091.796 4077.302 4062.784 4048.267 4033.749 4019.387 4007.547 3995.707 3983.867 3972.027 3961.089 3950.978 3940.867 3930.757 3920.646 3915.905 3911.244 3906.582 3901.921 3898.89 3897.859 3896.828 3895.797 3894.766 3893.749 3892.734 3891.718 3890.703 3889.771 3888.975 3888.18 3887.385 3886.59 3886.496 3886.534 3886.572 3886.61
4351.825 4344.162 4336.499 4328.835 4320.976 4312.601 4304.225 4295.849 4287.474 4278.551 4269.436 4260.32 4251.205 4241.991 4232.392 4222.793 4213.194 4203.595 4192.176 4179.848 4167.52 4155.191 4142.57 4128.001 4113.433 4098.864 4084.295 4069.907 4055.643 4041.378 4027.114 4013.006 4001.446 3989.886 3978.326 3966.766 3956.13 3946.342 3936.554 3926.767 3916.979 3912.901 3908.906 3904.912 3900.918 3898.287 3897.326 3896.365 3895.404 3894.443 3893.54 3892.643 3891.746 3890.849 3890.035 3889.358 3888.682 3888.005 3887.328 3887.289 3887.37 3887.451 3887.532
