data/zism_data/00436_03_D.txt
ncols         224
nrows         224
[rows 0 to 28 of 224, columns 65 to 129 of 224]
1497.984 1497.857 1497.731 1497.604 1497.51 1497.435 1497.359 1497.283 1497.194 1496.946 1496.697 1496.448 1496.199 1495.977 1495.783 1495.588 1495.394 1495.199 1494.962 1494.722 1494.481 1494.241 1493.975 1493.664 1493.353 1493.041 1492.73 1492.525 1492.347 1492.169 1491.991 1491.778 1491.445 1491.113 1490.78 1490.448 1490.094 1489.729 1489.364 1488.999 1488.635 1488.27 1487.905 1487.54 1487.176 1486.822 1486.479 1486.135 1485.792 1485.449 1485.244 1485.047 1484.849 1484.652 1484.399 1484.056 1483.712 1483.369 1483.026 1482.75 1482.491 1482.231 1481.971 1481.719 1481.489
1497.854 1497.7 1497.547 1497.394 1497.297 1497.232 1497.167 1497.102 1497.025 1496.797 1496.57 1496.342 1496.115 1495.904 1495.709 1495.515 1495.32 1495.126 1494.878 1494.627 1494.376 1494.125 1493.862 1493.578 1493.293 1493.009 1492.725 1492.512 1492.318 1492.124 1491.93 1491.708 1491.391 1491.075 1490.758 1490.442 1490.094 1489.729 1489.364 1488.999 1488.635 1488.27 1487.905 1487.54 1487.176 1486.828 1486.495 1486.162 1485.83 1485.497 1485.303 1485.116 1484.93 1484.743 1484.501 1484.168 1483.836 1483.503 1483.171 1482.91 1482.667 1482.423 1482.18 1481.938 1481.703
1497.723 1497.543 1497.363 1497.183 1497.083 1497.029 1496.974 1496.92 1496.855 1496.649 1496.443 1496.237 1496.031 1495.83 1495.636 1495.441 1495.247 1495.052 1494.795 1494.533 1494.271 1494.01 1493.75 1493.492 1493.234 1492.977 1492.719 1492.499 1492.289 1492.079 1491.869 1491.638 1491.338 1491.037 1490.737 1490.436 1490.094 1489.729 1489.364 1488.999 1488.635 1488.27 1487.905 1487.54 1487.176 1486.833 1486.511 1486.189 1485.868 1485.546 1485.362 1485.186 1485.01 1484.834 1484.603 1484.281 1483.959 1483.637 1483.316 1483.07 1482.843 1482.615 1482.388 1482.157 1481.917
1497.586 1497.412 1497.237 1497.063 1496.958 1496.892 1496.826 1496.76 1496.685 1496.503 1496.321 1496.139 1495.957 1495.771 1495.581 1495.392 1495.202 1495.012 1494.741 1494.463 1494.186 1493.909 1493.642 1493.394 1493.146 1492.897 1492.649 1492.424 1492.206 1491.987 1491.768 1491.534 1491.25 1490.966 1490.681 1490.397 1490.065 1489.707 1489.35 1488.993 1488.637 1488.294 1487.952 1487.609 1487.267 1486.936 1486.615 1486.294 1485.973 1485.651 1485.476 1485.308 1485.14 1484.973 1484.755 1484.457 1484.158 1483.859 1483.56 1483.314 1483.081 1482.847 1482.613 1482.376 1482.128
1497.442 1497.311 1497.179 1497.047 1496.933 1496.83 1496.726 1496.623 1496.516 1496.36 1496.205 1496.05 1495.894 1495.727 1495.548 1495.369 1495.191 1495.012 1494.721 1494.422 1494.123 1493.824 1493.54 1493.281 1493.022 1492.763 1492.504 1492.277 1492.059 1491.84 1491.621 1491.391 1491.123 1490.854 1490.586 1490.318 1490.002 1489.66 1489.319 1488.978 1488.641 1488.347 1488.053 1487.759 1487.464 1487.151 1486.819 1486.487 1486.155 1485.823 1485.652 1485.49 1485.328 1485.165 1484.965 1484.704 1484.443 1484.182 1483.921 1483.656 1483.39 1483.124 1482.858 1482.594 1482.335
1497.298 1497.21 1497.121 1497.032 1496.909 1496.768 1496.627 1496.486 1496.346 1496.218 1496.089 1495.96 1495.832 1495.683 1495.515 1495.347 1495.179 1495.011 1494.701 1494.38 1494.06 1493.74 1493.438 1493.168 1492.899 1492.629 1492.36 1492.13 1491.912 1491.693 1491.474 1491.248 1490.995 1490.743 1490.491 1490.239 1489.939 1489.614 1489.288 1488.963 1488.645 1488.399 1488.153 1487.907 1487.662 1487.366 1487.023 1486.681 1486.338 1485.995 1485.829 1485.672 1485.515 1485.358 1485.176 1484.952 1484.728 1484.505 1484.281 1483.997 1483.699 1483.401 1483.103 1482.812 1482.542
1497.154 1497.108 1497.063 1497.016 1496.885 1496.707 1496.528 1496.349 1496.177 1496.075 1495.973 1495.871 1495.77 1495.64 1495.483 1495.325 1495.168 1495.01 1494.681 1494.339 1493.997 1493.656 1493.336 1493.056 1492.776 1492.495 1492.215 1491.984 1491.765 1491.546 1491.327 1491.104 1490.868 1490.632 1490.396 1490.16 1489.876 1489.567 1489.258 1488.949 1488.649 1488.452 1488.254 1488.056 1487.859 1487.581 1487.227 1486.874 1486.521 1486.167 1486.006 1485.854 1485.702 1485.551 1485.386 1485.2 1485.014 1484.827 1484.641 1484.338 1484.008 1483.678 1483.348 1483.029 1482.749
1497.01 1497.007 1497.004 1497.001 1496.861 1496.645 1496.429 1496.213 1496.007 1495.932 1495.857 1495.782 1495.707 1495.596 1495.45 1495.303 1495.156 1495.01 1494.661 1494.297 1493.934 1493.571 1493.234 1492.943 1492.652 1492.361 1492.07 1491.837 1491.618 1491.399 1491.18 1490.961 1490.741 1490.521 1490.301 1490.081 1489.813 1489.52 1489.227 1488.934 1488.654 1488.504 1488.355 1488.205 1488.056 1487.795 1487.431 1487.068 1486.703 1486.34 1486.182 1486.036 1485.89 1485.743 1485.596 1485.447 1485.299 1485.15 1485.002 1484.68 1484.317 1483.955 1483.593 1483.247 1482.956
1496.946 1496.901 1496.856 1496.812 1496.684 1496.51 1496.335 1496.161 1495.994 1495.911 1495.828 1495.745 1495.662 1495.553 1495.417 1495.281 1495.145 1495.009 1494.678 1494.333 1493.988 1493.643 1493.321 1493.04 1492.758 1492.476 1492.194 1491.962 1491.743 1491.525 1491.306 1491.088 1490.874 1490.66 1490.446 1490.232 1489.967 1489.676 1489.384 1489.092 1488.813 1488.662 1488.511 1488.36 1488.209 1487.965 1487.635 1487.305 1486.975 1486.646 1486.462 1486.286 1486.11 1485.935 1485.757 1485.576 1485.396 1485.215 1485.034 1484.737 1484.412 1484.087 1483.762 1483.445 1483.153
1496.887 1496.794 1496.701 1496.608 1496.494 1496.368 1496.243 1496.117 1495.993 1495.9 1495.806 1495.712 1495.619 1495.509 1495.384 1495.259 1495.133 1495.008 1494.698 1494.374 1494.051 1493.728 1493.423 1493.152 1492.881 1492.61 1492.339 1492.109 1491.89 1491.672 1491.453 1491.236 1491.028 1490.819 1490.611 1490.402 1490.139 1489.847 1489.555 1489.263 1488.983 1488.827 1488.671 1488.515 1488.359 1488.132 1487.839 1487.547 1487.255 1486.962 1486.75 1486.542 1486.334 1486.126 1485.914 1485.696 1485.478 1485.26 1485.041 1484.771 1484.489 1484.207 1483.925 1483.641 1483.349
1496.829 1496.688 1496.546 1496.405 1496.305 1496.227 1496.15 1496.072 1495.992 1495.888 1495.784 1495.679 1495.575 1495.466 1495.351 1495.237 1495.122 1495.008 1494.718 1494.416 1494.114 1493.812 1493.525 1493.265 1493.004 1492.744 1492.483 1492.256 1492.037 1491.818 1491.6 1491.384 1491.181 1490.978 1490.775 1490.572 1490.31 1490.018 1489.727 1489.435 1489.154 1488.993 1488.831 1488.67 1488.508 1488.298 1488.043 1487.788 1487.533 1487.279 1487.038 1486.798 1486.558 1486.318 1486.072 1485.816 1485.56 1485.304 1485.049 1484.806 1484.567 1484.328 1484.089 1483.837 1483.545
1496.77 1496.581 1496.391 1496.202 1496.115 1496.086 1496.057 1496.027 1495.992 1495.877 1495.761 1495.646 1495.531 1495.422 1495.318 1495.214 1495.111 1495.007 1494.738 1494.457 1494.177 1493.896 1493.627 1493.377 1493.128 1492.878 1492.628 1492.403 1492.184 1491.965 1491.747 1491.532 1491.335 1491.137 1490.939 1490.741 1490.482 1490.19 1489.898 1489.606 1489.325 1489.159 1488.992 1488.825 1488.658 1488.465 1488.247 1488.03 1487.813 1487.595 1487.326 1487.053 1486.781 1486.509 1486.229 1485.936 1485.642 1485.349 1485.056 1484.841 1484.645 1484.448 1484.252 1484.033 1483.741
1496.772 1496.568 1496.363 1496.159 1496.081 1496.073 1496.064 1496.056 1496.039 1495.922 1495.805 1495.687 1495.57 1495.458 1495.353 1495.247 1495.141 1495.036 1494.787 1494.528 1494.269 1494.009 1493.758 1493.522 1493.285 1493.048 1492.811 1492.582 1492.354 1492.127 1491.9 1491.681 1491.488 1491.296 1491.103 1490.911 1490.66 1490.379 1490.097 1489.816 1489.543 1489.361 1489.178 1488.995 1488.812 1488.625 1488.432 1488.24 1488.047 1487.855 1487.564 1487.268 1486.972 1486.676 1486.376 1486.068 1485.76 1485.452 1485.145 1484.947 1484.774 1484.602 1484.43 1484.23 1483.942
1496.866 1496.7 1496.533 1496.366 1496.288 1496.258 1496.228 1496.198 1496.163 1496.056 1495.949 1495.843 1495.736 1495.619 1495.492 1495.365 1495.238 1495.111 1494.88 1494.643 1494.405 1494.167 1493.936 1493.715 1493.494 1493.273 1493.052 1492.81 1492.561 1492.312 1492.064 1491.829 1491.642 1491.455 1491.268 1491.081 1490.849 1490.595 1490.34 1490.086 1489.835 1489.62 1489.405 1489.19 1488.975 1488.774 1488.587 1488.4 1488.213 1488.026 1487.725 1487.419 1487.112 1486.805 1486.506 1486.22 1485.934 1485.647 1485.361 1485.163 1484.985 1484.807 1484.63 1484.428 1484.151
1496.961 1496.832 1496.702 1496.573 1496.494 1496.443 1496.392 1496.34 1496.286 1496.19 1496.094 1495.998 1495.902 1495.78 1495.631 1495.483 1495.334 1495.185 1494.974 1494.757 1494.541 1494.325 1494.113 1493.908 1493.704 1493.499 1493.294 1493.037 1492.767 1492.497 1492.227 1491.977 1491.795 1491.614 1491.432 1491.25 1491.038 1490.811 1490.583 1490.355 1490.126 1489.879 1489.631 1489.384 1489.137 1488.924 1488.742 1488.561 1488.379 1488.197 1487.887 1487.569 1487.252 1486.934 1486.637 1486.372 1486.107 1485.842 1485.577 1485.379 1485.196 1485.013 1484.83 1484.627 1484.361
1497.055 1496.964 1496.872 1496.78 1496.701 1496.628 1496.555 1496.483 1496.409 1496.324 1496.239 1496.153 1496.068 1495.94 1495.77 1495.6 1495.43 1495.26 1495.067 1494.872 1494.678 1494.483 1494.29 1494.102 1493.913 1493.724 1493.536 1493.265 1492.974 1492.682 1492.391 1492.125 1491.949 1491.772 1491.596 1491.42 1491.227 1491.026 1490.825 1490.625 1490.417 1490.137 1489.858 1489.579 1489.3 1489.074 1488.897 1488.721 1488.545 1488.368 1488.048 1487.72 1487.392 1487.063 1486.767 1486.524 1486.281 1486.037 1485.794 1485.595 1485.407 1485.218 1485.03 1484.825 1484.57
1497.15 1497.095 1497.042 1496.987 1496.908 1496.813 1496.719 1496.625 1496.532 1496.458 1496.383 1496.309 1496.234 1496.101 1495.909 1495.718 1495.527 1495.335 1495.161 1494.987 1494.814 1494.641 1494.468 1494.295 1494.123 1493.95 1493.777 1493.493 1493.18 1492.867 1492.554 1492.273 1492.102 1491.931 1491.76 1491.589 1491.416 1491.242 1491.068 1490.894 1490.708 1490.396 1490.085 1489.773 1489.462 1489.223 1489.052 1488.881 1488.71 1488.539 1488.209 1487.87 1487.531 1487.193 1486.898 1486.676 1486.454 1486.232 1486.01 1485.811 1485.617 1485.424 1485.23 1485.024 1484.779
1497.321 1497.281 1497.242 1497.203 1497.12 1497.014 1496.907 1496.801 1496.697 1496.624 1496.551 1496.478 1496.405 1496.269 1496.069 1495.87 1495.671 1495.472 1495.33 1495.192 1495.054 1494.916 1494.757 1494.564 1494.371 1494.178 1493.985 1493.719 1493.435 1493.151 1492.867 1492.601 1492.394 1492.187 1491.98 1491.773 1491.593 1491.428 1491.262 1491.096 1490.92 1490.636 1490.352 1490.068 1489.784 1489.54 1489.333 1489.126 1488.92 1488.713 1488.414 1488.11 1487.806 1487.503 1487.221 1486.974 1486.728 1486.482 1486.235 1486.027 1485.828 1485.629 1485.43 1485.218 1484.966
1497.505 1497.477 1497.448 1497.419 1497.334 1497.217 1497.099 1496.982 1496.868 1496.795 1496.722 1496.649 1496.576 1496.437 1496.233 1496.028 1495.824 1495.619 1495.512 1495.411 1495.311 1495.21 1495.066 1494.846 1494.626 1494.406 1494.186 1493.945 1493.699 1493.452 1493.206 1492.958 1492.709 1492.459 1492.209 1491.959 1491.768 1491.608 1491.448 1491.287 1491.12 1490.873 1490.627 1490.38 1490.134 1489.885 1489.636 1489.386 1489.136 1488.886 1488.626 1488.365 1488.104 1487.843 1487.576 1487.297 1487.019 1486.74 1486.462 1486.243 1486.039 1485.834 1485.63 1485.411 1485.148
1497.69 1497.672 1497.654 1497.636 1497.547 1497.419 1497.292 1497.164 1497.04 1496.967 1496.894 1496.821 1496.748 1496.606 1496.396 1496.186 1495.977 1495.767 1495.694 1495.631 1495.568 1495.505 1495.375 1495.128 1494.881 1494.634 1494.388 1494.171 1493.962 1493.753 1493.544 1493.316 1493.023 1492.731 1492.438 1492.146 1491.943 1491.788 1491.633 1491.479 1491.319 1491.11 1490.901 1490.692 1490.483 1490.231 1489.938 1489.645 1489.353 1489.06 1488.838 1488.62 1488.402 1488.184 1487.931 1487.62 1487.31 1486.999 1486.688 1486.459 1486.25 1486.04 1485.83 1485.605 1485.331
1497.874 1497.867 1497.86 1497.852 1497.761 1497.622 1497.484 1497.345 1497.211 1497.138 1497.065 1496.992 1496.919 1496.775 1496.56 1496.344 1496.129 1495.914 1495.876 1495.85 1495.825 1495.799 1495.683 1495.41 1495.136 1494.863 1494.589 1494.397 1494.225 1494.054 1493.882 1493.674 1493.338 1493.003 1492.667 1492.332 1492.118 1491.969 1491.819 1491.67 1491.518 1491.347 1491.175 1491.004 1490.832 1490.576 1490.24 1489.905 1489.569 1489.234 1489.05 1488.875 1488.7 1488.525 1488.286 1487.943 1487.601 1487.258 1486.915 1486.676 1486.46 1486.245 1486.03 1485.798 1485.513
1498.047 1498.047 1498.047 1498.047 1497.96 1497.824 1497.688 1497.553 1497.421 1497.343 1497.265 1497.187 1497.109 1496.965 1496.757 1496.548 1496.339 1496.131 1496.104 1496.091 1496.077 1496.063 1495.951 1495.666 1495.381 1495.096 1494.811 1494.63 1494.475 1494.321 1494.166 1493.967 1493.614 1493.261 1492.909 1492.556 1492.332 1492.176 1492.02 1491.864 1491.708 1491.561 1491.413 1491.266 1491.118 1490.864 1490.511 1490.158 1489.806 1489.453 1489.287 1489.13 1488.974 1488.818 1488.584 1488.223 1487.861 1487.5 1487.139 1486.885 1486.656 1486.427 1486.197 1485.953 1485.661
1498.194 1498.194 1498.194 1498.194 1498.127 1498.024 1497.92 1497.817 1497.714 1497.62 1497.526 1497.432 1497.338 1497.202 1497.025 1496.849 1496.673 1496.496 1496.432 1496.375 1496.319 1496.262 1496.13 1495.866 1495.603 1495.339 1495.076 1494.878 1494.697 1494.515 1494.334 1494.123 1493.807 1493.492 1493.177 1492.861 1492.63 1492.441 1492.253 1492.065 1491.879 1491.726 1491.573 1491.421 1491.268 1491.031 1490.715 1490.4 1490.085 1489.769 1489.575 1489.386 1489.198 1489.01 1488.76 1488.409 1488.058 1487.708 1487.357 1487.079 1486.818 1486.557 1486.295 1486.027 1485.735
1498.341 1498.341 1498.341 1498.341 1498.295 1498.224 1498.152 1498.081 1498.007 1497.897 1497.786 1497.676 1497.566 1497.438 1497.294 1497.15 1497.006 1496.861 1496.759 1496.66 1496.56 1496.461 1496.309 1496.067 1495.825 1495.583 1495.341 1495.126 1494.918 1494.71 1494.502 1494.278 1494.0 1493.723 1493.445 1493.167 1492.927 1492.706 1492.486 1492.265 1492.05 1491.892 1491.734 1491.575 1491.417 1491.197 1490.919 1490.641 1490.364 1490.086 1489.863 1489.642 1489.422 1489.201 1488.935 1488.595 1488.255 1487.916 1487.576 1487.273 1486.98 1486.687 1486.393 1486.1 1485.808
1498.488 1498.488 1498.488 1498.488 1498.463 1498.423 1498.384 1498.345 1498.3 1498.173 1498.047 1497.921 1497.794 1497.675 1497.563 1497.451 1497.339 1497.227 1497.086 1496.944 1496.802 1496.659 1496.489 1496.268 1496.047 1495.827 1495.606 1495.374 1495.139 1494.904 1494.67 1494.433 1494.193 1493.953 1493.713 1493.473 1493.224 1492.972 1492.719 1492.466 1492.221 1492.058 1491.894 1491.73 1491.567 1491.363 1491.123 1490.883 1490.643 1490.402 1490.15 1489.898 1489.645 1489.392 1489.111 1488.782 1488.452 1488.123 1487.794 1487.468 1487.142 1486.817 1486.491 1486.174 1485.882
1498.635 1498.635 1498.635 1498.635 1498.63 1498.623 1498.616 1498.609 1498.592 1498.45 1498.308 1498.165 1498.023 1497.912 1497.832 1497.752 1497.672 1497.592 1497.414 1497.229 1497.043 1496.858 1496.668 1496.469 1496.269 1496.07 1495.871 1495.622 1495.36 1495.099 1494.837 1494.589 1494.386 1494.184 1493.981 1493.778 1493.521 1493.237 1492.952 1492.667 1492.392 1492.223 1492.054 1491.885 1491.716 1491.53 1491.327 1491.124 1490.922 1490.719 1490.438 1490.154 1489.869 1489.584 1489.286 1488.968 1488.649 1488.331 1488.013 1487.662 1487.304 1486.947 1486.589 1486.247 1485.955
1498.724 1498.724 1498.724 1498.724 1498.724 1498.724 1498.724 1498.724 1498.715 1498.595 1498.474 1498.353 1498.232 1498.129 1498.044 1497.958 1497.873 1497.787 1497.624 1497.454 1497.285 1497.115 1496.934 1496.731 1496.528 1496.325 1496.122 1495.875 1495.615 1495.356 1495.097 1494.849 1494.638 1494.426 1494.215 1494.004 1493.75 1493.475 1493.2 1492.925 1492.657 1492.462 1492.267 1492.071 1491.876 1491.679 1491.48 1491.281 1491.083 1490.884 1490.589 1490.289 1489.988 1489.688 1489.382 1489.066 1488.75 1488.434 1488.117 1487.762 1487.397 1487.032 1486.668 1486.324 1486.044
1498.798 1498.798 1498.798 1498.798 1498.798 1498.798 1498.798 1498.798 1498.791 1498.703 1498.614 1498.526 1498.437 1498.342 1498.24 1498.139 1498.037 1497.935 1497.801 1497.663 1497.526 1497.389 1497.224 1497.01 1496.797 1496.583 1496.369 1496.128 1495.88 1495.631 1495.383 1495.138 1494.905 1494.672 1494.44 1494.207 1493.961 1493.707 1493.453 1493.2 1492.948 1492.721 1492.493 1492.266 1492.038 1491.823 1491.619 1491.415 1491.211 1491.007 1490.701 1490.39 1490.079 1489.768 1489.455 1489.139 1488.823 1488.507 1488.191 1487.835 1487.471 1487.106 1486.741 1486.401 1486.138
1498.871 1498.871 1498.871 1498.871 1498.871 1498.871 1498.871 1498.871 1498.867 1498.811 1498.754 1498.698 1498.641 1498.554 1498.436 1498.319 1498.201 1498.083 1497.977 1497.872 1497.767 1497.662 1497.514 1497.289 1497.065 1496.841 1496.616 1496.381 1496.144 1495.906 1495.668 1495.427 1495.173 1494.919 1494.665 1494.41 1494.171 1493.938 1493.706 1493.474 1493.24 1492.98 1492.72 1492.46 1492.201 1491.967 1491.758 1491.548 1491.339 1491.129 1490.813 1490.492 1490.17 1489.848 1489.529 1489.213 1488.897 1488.581 1488.264 1487.909 1487.544 1487.179 1486.815 1486.478 1486.231
