data/zism_data/00431_04_D.txt
ncols         224
nrows         224
[rows 112 to 139 of 224, columns 64 to 127 of 224]
1000.764 1000.45 1000.136 1000.0 1000.0 1000.0 1000.0 1000.0 1000.0 1000.0 1000.0 1000.0 1000.024 1000.073 1000.121 1000.169 1000.217 1000.298 1000.379 1000.46 1000.541 1000.899 1001.595 1002.291 1002.986 1003.682 1007.856 1012.331 1016.806 1021.28 1026.588 1033.191 1039.794 1046.397 1053.0 1055.648 1057.665 1059.681 1061.697 1063.994 1066.85 1069.707 1072.563 1075.42 1077.871 1080.224 1082.577 1084.93 1086.927 1087.99 1089.053 1090.116 1091.179 1091.811 1092.297 1092.782 1093.268 1093.708 1093.981 1094.254 1094.527 1094.8 1095.074 1095.349
1000.843 1000.497 1000.151 1000.0 1000.0 1000.0 1000.0 1000.0 1000.0 1000.0 1000.0 1000.0 1000.066 1000.195 1000.324 1000.454 1000.583 1000.718 1000.853 1000.989 1001.124 1001.407 1001.87 1002.333 1002.797 1003.26 1006.405 1009.782 1013.159 1016.536 1020.87 1026.694 1032.519 1038.343 1044.167 1047.249 1049.893 1052.537 1055.18 1058.176 1061.877 1065.577 1069.277 1072.977 1075.789 1078.385 1080.982 1083.578 1085.801 1087.042 1088.283 1089.525 1090.766 1091.56 1092.203 1092.846 1093.488 1094.052 1094.33 1094.609 1094.887 1095.166 1095.42 1095.662
1000.922 1000.543 1000.165 1000.0 1000.0 1000.0 1000.0 1000.0 1000.0 1000.0 1000.0 1000.0 1000.107 1000.317 1000.528 1000.738 1000.949 1001.138 1001.328 1001.517 1001.706 1001.914 1002.145 1002.376 1002.607 1002.838 1004.954 1007.233 1009.512 1011.791 1015.153 1020.198 1025.244 1030.289 1035.334 1038.85 1042.121 1045.392 1048.663 1052.359 1056.903 1061.446 1065.99 1070.534 1073.707 1076.547 1079.386 1082.226 1084.674 1086.094 1087.514 1088.934 1090.353 1091.31 1092.109 1092.909 1093.708 1094.396 1094.68 1094.964 1095.247 1095.531 1095.765 1095.975
1001.001 1000.59 1000.179 1000.0 1000.0 1000.0 1000.0 1000.0 1000.0 1000.0 1000.0 1000.0 1000.148 1000.439 1000.731 1001.023 1001.314 1001.559 1001.802 1002.046 1002.289 1002.422 1002.421 1002.419 1002.417 1002.415 1003.503 1004.684 1005.865 1007.047 1009.435 1013.702 1017.968 1022.235 1026.501 1030.451 1034.349 1038.248 1042.146 1046.541 1051.929 1057.316 1062.704 1068.091 1071.625 1074.708 1077.791 1080.874 1083.548 1085.146 1086.744 1088.343 1089.941 1091.06 1092.016 1092.972 1093.928 1094.74 1095.029 1095.318 1095.608 1095.897 1096.11 1096.287
1001.061 1000.625 1000.19 1000.0 1000.001 1000.002 1000.002 1000.003 1000.016 1000.028 1000.041 1000.053 1000.257 1000.645 1001.033 1001.422 1001.81 1002.118 1002.425 1002.731 1003.037 1003.109 1002.894 1002.678 1002.463 1002.247 1002.37 1002.522 1002.674 1002.825 1004.31 1007.868 1011.427 1014.985 1018.543 1022.914 1027.414 1031.914 1036.413 1041.465 1047.621 1053.776 1059.932 1066.088 1069.935 1073.222 1076.508 1079.795 1082.66 1084.417 1086.173 1087.93 1089.687 1090.956 1092.061 1093.165 1094.269 1095.194 1095.474 1095.754 1096.033 1096.313 1096.496 1096.635
1000.824 1000.486 1000.147 1000.006 1000.018 1000.029 1000.041 1000.06 1000.289 1000.518 1000.747 1000.976 1001.464 1002.204 1002.943 1003.683 1004.423 1004.94 1005.452 1005.964 1006.476 1006.702 1006.578 1006.455 1006.331 1006.208 1006.412 1006.645 1006.878 1007.111 1008.817 1012.813 1016.81 1020.806 1024.802 1029.387 1034.065 1038.744 1043.422 1048.439 1054.135 1059.831 1065.527 1071.223 1074.624 1077.467 1080.31 1083.153 1085.651 1087.24 1088.829 1090.418 1092.007 1093.238 1094.348 1095.458 1096.567 1097.441 1097.467 1097.492 1097.518 1097.543 1097.55 1097.549
1000.587 1000.346 1000.105 1000.013 1000.035 1000.057 1000.079 1000.117 1000.562 1001.007 1001.453 1001.898 1002.671 1003.762 1004.854 1005.945 1007.036 1007.762 1008.479 1009.197 1009.914 1010.295 1010.263 1010.232 1010.2 1010.168 1010.455 1010.769 1011.083 1011.397 1013.324 1017.758 1022.193 1026.627 1031.062 1035.86 1040.717 1045.574 1050.43 1055.414 1060.65 1065.886 1071.123 1076.359 1079.313 1081.713 1084.112 1086.512 1088.642 1090.063 1091.485 1092.906 1094.327 1095.52 1096.635 1097.75 1098.865 1099.688 1099.46 1099.231 1099.002 1098.774 1098.605 1098.462
1000.35 1000.206 1000.063 1000.019 1000.052 1000.085 1000.118 1000.174 1000.835 1001.497 1002.158 1002.82 1003.878 1005.321 1006.764 1008.207 1009.65 1010.584 1011.507 1012.429 1013.352 1013.888 1013.948 1014.008 1014.069 1014.129 1014.497 1014.893 1015.288 1015.683 1017.83 1022.703 1027.575 1032.448 1037.32 1042.333 1047.369 1052.404 1057.439 1062.388 1067.165 1071.941 1076.718 1081.495 1084.002 1085.958 1087.914 1089.87 1091.633 1092.887 1094.14 1095.394 1096.648 1097.802 1098.923 1100.043 1101.164 1101.936 1101.453 1100.97 1100.487 1100.004 1099.659 1099.376
1000.113 1000.067 1000.02 1000.025 1000.069 1000.113 1000.156 1000.231 1001.108 1001.986 1002.864 1003.742 1005.085 1006.879 1008.674 1010.468 1012.263 1013.406 1014.534 1015.662 1016.791 1017.481 1017.633 1017.785 1017.937 1018.09 1018.54 1019.016 1019.493 1019.969 1022.337 1027.648 1032.958 1038.269 1043.579 1048.807 1054.02 1059.234 1064.448 1069.362 1073.679 1077.996 1082.313 1086.63 1088.691 1090.204 1091.716 1093.229 1094.624 1095.71 1096.796 1097.882 1098.968 1100.084 1101.21 1102.336 1103.462 1104.183 1103.446 1102.709 1101.971 1101.234 1100.713 1100.29
1000.0 1000.0 1000.0 1000.034 1000.094 1000.155 1000.215 1000.313 1001.393 1002.473 1003.553 1004.633 1006.206 1008.259 1010.312 1012.365 1014.418 1015.828 1017.224 1018.62 1020.016 1020.969 1021.38 1021.791 1022.201 1022.612 1023.412 1024.246 1025.08 1025.914 1028.588 1034.122 1039.656 1045.19 1050.724 1055.886 1060.987 1066.089 1071.19 1075.857 1079.655 1083.453 1087.251 1091.049 1092.752 1093.945 1095.138 1096.331 1097.478 1098.5 1099.523 1100.546 1101.569 1102.685 1103.834 1104.982 1106.13 1106.846 1106.004 1105.162 1104.321 1103.479 1102.714 1101.983
1000.0 1000.0 1000.0 1000.046 1000.128 1000.21 1000.292 1000.417 1001.687 1002.956 1004.225 1005.495 1007.249 1009.475 1011.701 1013.927 1016.153 1017.885 1019.605 1021.326 1023.046 1024.363 1025.185 1026.006 1026.828 1027.65 1029.045 1030.49 1031.936 1033.381 1036.437 1041.998 1047.559 1053.121 1058.682 1063.52 1068.243 1072.966 1077.689 1081.912 1085.137 1088.362 1091.586 1094.811 1096.236 1097.224 1098.212 1099.199 1100.206 1101.261 1102.316 1103.371 1104.427 1105.58 1106.766 1107.952 1109.138 1109.89 1109.081 1108.272 1107.463 1106.653 1105.582 1104.391
1000.0 1000.0 1000.0 1000.059 1000.162 1000.266 1000.369 1000.522 1001.981 1003.44 1004.898 1006.357 1008.292 1010.692 1013.09 1015.49 1017.889 1019.941 1021.986 1024.031 1026.077 1027.757 1028.989 1030.222 1031.455 1032.688 1034.678 1036.735 1038.791 1040.847 1044.286 1049.874 1055.462 1061.051 1066.639 1071.155 1075.499 1079.843 1084.188 1087.968 1090.619 1093.27 1095.922 1098.573 1099.721 1100.503 1101.285 1102.067 1102.933 1104.021 1105.109 1106.197 1107.284 1108.474 1109.698 1110.922 1112.146 1112.935 1112.158 1111.381 1110.604 1109.828 1108.45 1106.8
1000.0 1000.0 1000.0 1000.071 1000.196 1000.321 1000.447 1000.627 1002.275 1003.923 1005.571 1007.219 1009.336 1011.908 1014.48 1017.052 1019.624 1021.998 1024.368 1026.737 1029.107 1031.15 1032.794 1034.438 1036.082 1037.725 1040.311 1042.979 1045.646 1048.314 1052.135 1057.75 1063.365 1068.981 1074.596 1078.789 1082.755 1086.721 1090.686 1094.023 1096.101 1098.179 1100.257 1102.335 1103.205 1103.782 1104.359 1104.935 1105.661 1106.782 1107.902 1109.022 1110.142 1111.368 1112.63 1113.892 1115.154 1115.979 1115.235 1114.49 1113.746 1113.002 1111.318 1109.208
1000.0 1000.0 1000.0 1000.083 1000.23 1000.377 1000.524 1000.732 1002.569 1004.406 1006.244 1008.081 1010.379 1013.124 1015.869 1018.614 1021.359 1024.055 1026.749 1029.443 1032.137 1034.544 1036.599 1038.653 1040.708 1042.763 1045.944 1049.223 1052.501 1055.78 1059.984 1065.626 1071.268 1076.911 1082.553 1086.423 1090.011 1093.598 1097.185 1100.078 1101.583 1103.088 1104.592 1106.097 1106.69 1107.061 1107.432 1107.803 1108.389 1109.542 1110.695 1111.847 1113.0 1114.262 1115.562 1116.862 1118.161 1119.024 1118.312 1117.6 1116.888 1116.176 1114.185 1111.616
1000.0 1000.0 1000.0 1000.074 1000.205 1000.337 1000.468 1000.655 1002.319 1003.983 1005.647 1007.311 1009.595 1012.481 1015.367 1018.254 1021.14 1024.224 1027.311 1030.399 1033.487 1036.308 1038.8 1041.293 1043.785 1046.278 1049.786 1053.383 1056.979 1060.576 1064.85 1070.178 1075.507 1080.835 1086.164 1089.632 1092.803 1095.975 1099.146 1101.73 1103.142 1104.553 1105.964 1107.375 1108.05 1108.546 1109.042 1109.538 1110.261 1111.579 1112.897 1114.215 1115.534 1116.926 1118.344 1119.761 1121.179 1122.191 1121.746 1121.301 1120.856 1120.411 1118.4 1115.68
1000.0 1000.0 1000.0 1000.065 1000.18 1000.295 1000.41 1000.575 1002.06 1003.546 1005.032 1006.517 1008.785 1011.811 1014.838 1017.865 1020.892 1024.365 1027.848 1031.33 1034.813 1038.048 1040.978 1043.909 1046.839 1049.77 1053.602 1057.512 1061.422 1065.333 1069.673 1074.682 1079.692 1084.701 1089.71 1092.775 1095.53 1098.285 1101.04 1103.318 1104.643 1105.968 1107.292 1108.617 1109.379 1110.005 1110.631 1111.257 1112.119 1113.605 1115.091 1116.577 1118.063 1119.587 1121.123 1122.66 1124.196 1125.361 1125.186 1125.012 1124.837 1124.662 1122.635 1119.769
1000.0 1000.0 1000.0 1000.056 1000.155 1000.253 1000.352 1000.495 1001.802 1003.109 1004.416 1005.723 1007.974 1011.142 1014.309 1017.476 1020.644 1024.506 1028.384 1032.261 1036.139 1039.787 1043.156 1046.525 1049.893 1053.262 1057.418 1061.642 1065.865 1070.089 1074.496 1079.186 1083.876 1088.566 1093.256 1095.919 1098.257 1100.596 1102.934 1104.906 1106.144 1107.382 1108.62 1109.859 1110.708 1111.464 1112.22 1112.975 1113.978 1115.632 1117.285 1118.939 1120.592 1122.247 1123.903 1125.558 1127.214 1128.53 1128.626 1128.722 1128.818 1128.914 1126.87 1123.858
1000.0 1000.0 1000.0 1000.047 1000.129 1000.212 1000.294 1000.415 1001.543 1002.672 1003.801 1004.929 1007.164 1010.472 1013.78 1017.088 1020.396 1024.647 1028.92 1033.192 1037.464 1041.527 1045.334 1049.141 1052.947 1056.754 1061.233 1065.771 1070.308 1074.846 1079.318 1083.689 1088.061 1092.432 1096.803 1099.062 1100.984 1102.906 1104.828 1106.494 1107.645 1108.797 1109.948 1111.1 1112.038 1112.923 1113.808 1114.694 1115.837 1117.658 1119.479 1121.3 1123.122 1124.908 1126.682 1128.457 1130.231 1131.7 1132.066 1132.432 1132.798 1133.165 1131.105 1127.947
1000.0 1000.0 1000.0 1000.037 1000.104 1000.17 1000.236 1000.334 1001.27 1002.206 1003.141 1004.077 1006.264 1009.666 1013.069 1016.471 1019.874 1024.438 1029.027 1033.616 1038.206 1042.575 1046.674 1050.773 1054.871 1058.97 1063.603 1068.282 1072.96 1077.639 1082.085 1086.168 1090.252 1094.336 1098.419 1100.439 1102.129 1103.82 1105.51 1107.018 1108.161 1109.303 1110.446 1111.589 1112.676 1113.75 1114.823 1115.897 1117.231 1119.251 1121.272 1123.292 1125.313 1127.268 1129.2 1131.132 1133.064 1134.719 1135.375 1136.031 1136.688 1137.344 1135.444 1132.388
1000.0 1000.0 1000.0 1000.028 1000.078 1000.128 1000.179 1000.253 1000.978 1001.703 1002.427 1003.152 1005.254 1008.695 1012.135 1015.575 1019.016 1023.797 1028.608 1033.419 1038.231 1042.773 1046.985 1051.198 1055.41 1059.623 1064.2 1068.808 1073.416 1078.025 1082.33 1086.165 1090.0 1093.835 1097.67 1099.651 1101.336 1103.02 1104.705 1106.238 1107.468 1108.697 1109.927 1111.156 1112.469 1113.802 1115.135 1116.468 1118.056 1120.314 1122.573 1124.831 1127.09 1129.258 1131.396 1133.534 1135.671 1137.555 1138.525 1139.495 1140.465 1141.434 1139.912 1137.261
1000.0 1000.0 1000.0 1000.019 1000.053 1000.087 1000.121 1000.172 1000.686 1001.2 1001.713 1002.227 1004.245 1007.723 1011.201 1014.679 1018.157 1023.157 1028.189 1033.222 1038.255 1042.971 1047.297 1051.623 1055.949 1060.275 1064.796 1069.334 1073.872 1078.411 1082.576 1086.162 1089.748 1093.334 1096.92 1098.862 1100.542 1102.221 1103.901 1105.459 1106.775 1108.091 1109.407 1110.723 1112.261 1113.854 1115.447 1117.039 1118.881 1121.377 1123.874 1126.37 1128.866 1131.248 1133.592 1135.935 1138.278 1140.391 1141.675 1142.958 1144.242 1145.525 1144.38 1142.135
1000.0 1000.0 1000.0 1000.01 1000.028 1000.045 1000.063 1000.091 1000.394 1000.697 1000.999 1001.302 1003.235 1006.751 1010.267 1013.783 1017.299 1022.516 1027.771 1033.026 1038.28 1043.169 1047.608 1052.048 1056.488 1060.927 1065.393 1069.861 1074.328 1078.796 1082.822 1086.159 1089.496 1092.833 1096.171 1098.074 1099.748 1101.422 1103.096 1104.68 1106.082 1107.484 1108.887 1110.289 1112.053 1113.906 1115.758 1117.61 1119.706 1122.44 1125.174 1127.909 1130.643 1133.239 1135.787 1138.336 1140.885 1143.227 1144.824 1146.422 1148.019 1149.616 1148.847 1147.008
1000.0 1000.0 1000.0 1000.001 1000.002 1000.004 1000.005 1000.01 1000.102 1000.194 1000.286 1000.378 1002.226 1005.779 1009.333 1012.887 1016.441 1021.876 1027.352 1032.829 1038.305 1043.367 1047.92 1052.473 1057.026 1061.58 1065.99 1070.387 1074.784 1079.182 1083.067 1086.156 1089.244 1092.333 1095.421 1097.285 1098.954 1100.623 1102.291 1103.9 1105.389 1106.878 1108.367 1109.856 1111.846 1113.958 1116.07 1118.182 1120.531 1123.503 1126.475 1129.447 1132.42 1135.229 1137.983 1140.738 1143.492 1146.063 1147.974 1149.885 1151.796 1153.707 1153.315 1151.881
1000.031 1000.046 1000.061 1000.117 1000.206 1000.295 1000.384 1000.479 1000.73 1000.982 1001.233 1001.484 1003.438 1007.044 1010.651 1014.257 1017.864 1023.266 1028.707 1034.148 1039.59 1044.605 1049.099 1053.593 1058.087 1062.581 1066.785 1070.964 1075.143 1079.323 1083.012 1085.941 1088.869 1091.798 1094.726 1096.538 1098.172 1099.806 1101.439 1102.999 1104.412 1105.824 1107.237 1108.649 1110.714 1112.937 1115.161 1117.384 1119.912 1123.241 1126.569 1129.898 1133.227 1136.361 1139.43 1142.498 1145.567 1148.461 1150.731 1153.0 1155.269 1157.538 1157.727 1156.976
1000.065 1000.096 1000.127 1000.246 1000.432 1000.618 1000.805 1001.0 1001.446 1001.893 1002.339 1002.785 1004.861 1008.522 1012.183 1015.843 1019.504 1024.849 1030.23 1035.612 1040.994 1045.943 1050.361 1054.78 1059.198 1063.616 1067.6 1071.547 1075.493 1079.44 1082.928 1085.706 1088.483 1091.26 1094.037 1095.795 1097.391 1098.987 1100.583 1102.087 1103.407 1104.728 1106.048 1107.369 1109.494 1111.815 1114.136 1116.456 1119.156 1122.853 1126.549 1130.245 1133.942 1137.412 1140.805 1144.198 1147.591 1150.818 1153.45 1156.081 1158.713 1161.344 1162.134 1162.091
1000.099 1000.146 1000.194 1000.374 1000.658 1000.942 1001.225 1001.522 1002.163 1002.803 1003.444 1004.085 1006.285 1010.0 1013.714 1017.429 1021.144 1026.432 1031.754 1037.076 1042.399 1047.281 1051.623 1055.966 1060.308 1064.651 1068.415 1072.129 1075.843 1079.557 1082.845 1085.47 1088.096 1090.722 1093.347 1095.052 1096.61 1098.168 1099.726 1101.174 1102.403 1103.632 1104.86 1106.089 1108.274 1110.692 1113.11 1115.529 1118.4 1122.464 1126.529 1130.593 1134.657 1138.463 1142.18 1145.897 1149.615 1153.175 1156.169 1159.163 1162.157 1165.151 1166.542 1167.207
1000.133 1000.196 1000.26 1000.503 1000.884 1001.265 1001.646 1002.043 1002.879 1003.714 1004.55 1005.385 1007.709 1011.478 1015.246 1019.015 1022.784 1028.015 1033.277 1038.54 1043.803 1048.619 1052.885 1057.152 1061.419 1065.686 1069.23 1072.711 1076.192 1079.674 1082.761 1085.235 1087.709 1090.184 1092.658 1094.309 1095.829 1097.349 1098.87 1100.262 1101.399 1102.535 1103.672 1104.809 1107.054 1109.57 1112.085 1114.601 1117.644 1122.076 1126.508 1130.94 1135.372 1139.513 1143.555 1147.597 1151.639 1155.532 1158.888 1162.245 1165.601 1168.957 1170.949 1172.323
1000.519 1000.647 1000.776 1001.133 1001.667 1002.2 1002.733 1003.288 1004.397 1005.507 1006.617 1007.726 1010.225 1014.072 1017.919 1021.767 1025.614 1030.756 1035.927 1041.098 1046.269 1051.0 1055.193 1059.386 1063.579 1067.773 1071.08 1074.31 1077.541 1080.771 1083.637 1085.935 1088.234 1090.532 1092.83 1094.398 1095.85 1097.302 1098.753 1100.082 1101.163 1102.244 1103.326 1104.407 1106.676 1109.234 1111.792 1114.35 1117.483 1122.13 1126.777 1131.424 1136.071 1140.492 1144.835 1149.18 1153.524 1157.728 1161.428 1165.128 1168.829 1172.529 1174.975 1176.854
