data/zism_data/00434_03_D.txt
ncols         224
nrows         224
[rows 116 to 144 of 224, columns 66 to 131 of 224]
212.1094 213.8186 215.6841 217.5495 219.415 221.2804 221.9261 222.1084 222.2906 222.4729 222.6101 222.5331 222.4561 222.3791 222.3022 223.9259 226.5779 229.2299 231.8819 234.3531 234.5093 234.6654 234.8215 234.9776 232.4125 227.353 222.2934 217.2339 212.1743 209.6307 207.1622 204.6936 202.2251 201.2895 202.4681 203.6468 204.8255 206.0041 209.6662 213.7007 217.7353 221.7698 225.1682 227.2075 229.2468 231.2861 233.3254 233.1681 232.3475 231.527 230.7065 230.7012 233.6307 236.5602 239.4896 242.419 245.7574 249.3003 252.8431 256.386 259.8131 262.358 264.9029 267.4478 269.9926 270.7432
210.2432 211.7588 213.5352 215.3116 217.088 218.8643 219.2882 219.1982 219.1081 219.0181 218.8754 218.4825 218.0897 217.6969 217.304 218.8177 221.484 224.1503 226.8166 229.315 229.6628 230.0106 230.3584 230.7062 228.4397 223.7768 219.1139 214.451 209.7881 207.5932 205.472 203.3508 201.2297 200.3932 201.3286 202.264 203.1995 204.1349 207.3808 210.9732 214.5656 218.158 221.1412 222.8229 224.5046 226.1863 227.868 227.5434 226.6131 225.6828 224.7524 224.6521 227.5393 230.4265 233.3137 236.201 240.0404 244.356 248.6717 252.9873 257.1924 260.5546 263.9168 267.279 270.6411 272.1129
208.3478 209.6856 211.3816 213.0775 214.7734 216.4693 216.7233 216.4294 216.1354 215.8415 215.4986 214.9234 214.3481 213.7729 213.1976 214.6024 217.2043 219.8062 222.4082 224.8527 225.281 225.7092 226.1375 226.5658 224.5813 220.3852 216.1891 211.993 207.7968 206.0375 204.3509 202.6643 200.9777 200.3075 201.039 201.7706 202.5021 203.2337 205.9584 208.9821 212.0058 215.0295 217.4868 218.7338 219.9809 221.228 222.4751 222.0745 221.1763 220.2782 219.3801 219.2991 222.1595 225.0199 227.8803 230.7407 235.1149 240.246 245.3772 250.5083 255.5246 259.6648 263.805 267.9452 272.0853 274.2137
206.4523 207.6125 209.228 210.8434 212.4588 214.0743 214.1584 213.6605 213.1627 212.6649 212.1219 211.3642 210.6066 209.8489 209.0912 210.3871 212.9247 215.4622 217.9998 220.3904 220.8991 221.4079 221.9166 222.4254 220.723 216.9936 213.2643 209.535 205.8056 204.4818 203.2298 201.9778 200.7258 200.2218 200.7495 201.2771 201.8048 202.3325 204.536 206.991 209.446 211.901 213.8323 214.6448 215.4573 216.2698 217.0823 216.6056 215.7396 214.8737 214.0078 213.9461 216.7797 219.6133 222.4468 225.2804 230.1894 236.136 242.0827 248.0294 253.8568 258.775 263.6932 268.6113 273.5294 276.3145
204.5569 205.5394 207.0744 208.6093 210.1443 211.6792 211.5934 210.8917 210.19 209.4883 208.7452 207.8051 206.865 205.9249 204.9848 206.1718 208.645 211.1181 213.5913 215.928 216.5173 217.1065 217.6958 218.285 216.8646 213.602 210.3394 207.0769 203.8143 202.9261 202.1087 201.2913 200.4738 200.1361 200.4599 200.7837 201.1074 201.4312 203.1137 204.9999 206.8862 208.7724 210.1778 210.5557 210.9336 211.3115 211.6894 211.1366 210.3029 209.4692 208.6355 208.5932 211.3999 214.2067 217.0134 219.8201 225.2638 232.026 238.7883 245.5505 252.1891 257.8852 263.5814 269.2775 274.9735 278.4153
202.8307 203.6396 205.0759 206.5122 207.9485 209.3848 209.1565 208.2957 207.4349 206.5741 205.6761 204.6012 203.5262 202.4513 201.3764 202.4437 204.8063 207.1689 209.5315 211.77 212.4202 213.0703 213.7204 214.3706 213.2217 210.4238 207.6259 204.8281 202.0302 201.5332 201.1049 200.6766 200.2483 200.0598 200.2021 200.3444 200.4867 200.629 201.8267 203.1827 204.5388 205.8948 206.8171 206.8129 206.8087 206.8045 206.8003 206.1982 205.4156 204.6329 203.8503 203.8421 206.6221 209.402 212.1819 214.9618 220.8702 228.343 235.8158 243.2886 250.6303 256.9728 263.3154 269.6579 276.0003 279.9862
202.2325 202.8954 204.1117 205.328 206.5443 207.7606 207.5728 206.8516 206.1303 205.409 204.6579 203.7654 202.8729 201.9804 201.0879 201.9631 203.9073 205.8513 207.7955 209.6408 210.2211 210.8015 211.3819 211.9623 211.0152 208.668 206.3208 203.9736 201.6264 201.2259 200.8834 200.541 200.1985 200.0463 200.1564 200.2665 200.3766 200.4867 201.4423 202.5247 203.6071 204.6895 205.4151 205.3787 205.3423 205.306 205.2696 204.796 204.1904 203.5848 202.9792 203.1038 205.8569 208.61 211.3631 214.1161 220.0228 227.5063 234.9898 242.4733 249.7978 255.9096 262.0215 268.1333 274.245 278.0244
201.6344 202.1512 203.1475 204.1438 205.1402 206.1365 205.9893 205.4075 204.8257 204.2439 203.6398 202.9297 202.2196 201.5095 200.7994 201.4826 203.0082 204.5338 206.0595 207.5116 208.0222 208.5328 209.0435 209.5541 208.8088 206.9123 205.0157 203.1192 201.2227 200.9186 200.662 200.4054 200.1488 200.0327 200.1107 200.1886 200.2665 200.3444 201.0578 201.8666 202.6754 203.4841 204.0132 203.9446 203.876 203.8074 203.7388 203.3938 202.9653 202.5367 202.1082 202.3655 205.0918 207.8181 210.5443 213.2706 219.1754 226.6697 234.1639 241.6581 248.9653 254.8465 260.7276 266.6087 272.4897 276.0627
201.0363 201.407 202.1833 202.9597 203.736 204.5124 204.4056 203.9633 203.521 203.0788 202.6216 202.0939 201.5663 201.0386 200.5109 201.0021 202.1092 203.2163 204.3234 205.3823 205.8232 206.2641 206.7049 207.1458 206.6023 205.1565 203.7106 202.2648 200.819 200.6113 200.4405 200.2697 200.099 200.0192 200.0649 200.1107 200.1564 200.2021 200.6734 201.2085 201.7437 202.2788 202.6112 202.5104 202.4096 202.3089 202.2081 201.9916 201.7401 201.4886 201.2372 201.6272 204.3266 207.0261 209.7255 212.4249 218.328 225.833 233.338 240.8429 248.1329 253.7833 259.4337 265.0841 270.7344 274.1009
200.4382 200.6628 201.2191 201.7755 202.3318 202.8882 202.822 202.5192 202.2164 201.9136 201.6034 201.2582 200.9129 200.5677 200.2224 200.5215 201.2101 201.8988 202.5874 203.253 203.6242 203.9953 204.3664 204.7376 204.3959 203.4007 202.4056 201.4104 200.4153 200.304 200.2191 200.1341 200.0492 200.0057 200.0192 200.0327 200.0463 200.0598 200.289 200.5505 200.812 201.0735 201.2092 201.0762 200.9433 200.8103 200.6773 200.5893 200.5149 200.4405 200.3661 200.8889 203.5615 206.2341 208.9067 211.5793 217.4806 224.9963 232.512 240.0277 247.3004 252.7201 258.1398 263.5595 268.9791 272.1392
200.163 200.3054 200.7102 201.115 201.5198 201.9246 201.8817 201.6686 201.4556 201.2425 201.0258 200.7914 200.557 200.3227 200.0883 200.2788 200.7263 201.1737 201.6211 202.0577 202.356 202.6543 202.9526 203.2508 203.0267 202.3236 201.6205 200.9174 200.2143 200.1525 200.1099 200.0673 200.0247 200.0 200.0 200.0 200.0 200.0 200.1112 200.239 200.3668 200.4947 200.541 200.4131 200.2853 200.1575 200.0296 200.0 200.0 200.0 200.0 200.5583 203.1263 205.6944 208.2623 210.8304 216.5008 223.7224 230.944 238.1656 245.1303 250.1358 255.1412 260.1467 265.1521 267.8642
200.122 200.2285 200.5313 200.8342 201.1371 201.44 201.4079 201.2484 201.089 200.9296 200.7674 200.5921 200.4168 200.2414 200.0661 200.2086 200.5434 200.8781 201.2129 201.5395 201.7627 201.9859 202.209 202.4322 202.2645 201.7384 201.2124 200.6864 200.1603 200.1141 200.0822 200.0504 200.0185 200.0 200.0 200.0 200.0 200.0 200.0832 200.1788 200.2745 200.3701 200.4048 200.3091 200.2135 200.1178 200.0222 200.0 200.0 200.0 200.0 200.5233 202.9304 205.3374 207.7445 210.1515 215.4249 222.1314 228.838 235.5445 241.9904 246.4486 250.9068 255.365 259.8232 261.9122
200.0809 200.1516 200.3525 200.5534 200.7544 200.9553 200.934 200.8282 200.7225 200.6167 200.5091 200.3928 200.2765 200.1602 200.0438 200.1384 200.3605 200.5826 200.8046 201.0213 201.1694 201.3174 201.4655 201.6136 201.5023 201.1533 200.8043 200.4554 200.1064 200.0757 200.0546 200.0334 200.0123 200.0 200.0 200.0 200.0 200.0 200.0552 200.1186 200.1821 200.2455 200.2685 200.2051 200.1416 200.0782 200.0147 200.0 200.0 200.0 200.0 200.4883 202.7344 204.9805 207.2266 209.4727 214.349 220.5405 226.732 232.9234 238.8505 242.7614 246.6724 250.5833 254.4942 255.9601
200.0399 200.0747 200.1737 200.2726 200.3716 200.4706 200.4601 200.408 200.3559 200.3038 200.2508 200.1935 200.1362 200.0789 200.0216 200.0682 200.1776 200.287 200.3964 200.5032 200.5761 200.649 200.722 200.7949 200.7401 200.5682 200.3962 200.2243 200.0524 200.0373 200.0269 200.0165 200.006 200.0 200.0 200.0 200.0 200.0 200.0272 200.0584 200.0897 200.121 200.1323 200.101 200.0698 200.0385 200.0072 200.0 200.0 200.0 200.0 200.4533 202.5385 204.6236 206.7087 208.7939 213.2732 218.9496 224.6259 230.3023 235.7106 239.0742 242.4379 245.8016 249.1652 250.0081
200.0 200.0 200.0 200.0 200.0 200.0 200.0 200.0 200.0 200.0 200.0 200.0 200.0 200.0 200.0 200.0 200.0 200.0 200.0 200.0 200.0 200.0 200.0 200.0 200.0 200.0 200.0 200.0 200.0 200.0 200.0 200.0 200.0 200.0 200.0 200.0 200.0 200.0 200.0 200.0 200.0 200.0 200.0 200.0 200.0 200.0 200.0 200.0 200.0 200.0 200.0 200.4177 202.3389 204.2601 206.1814 208.1026 212.1818 217.34 222.4982 227.6564 232.5458 235.3857 238.2256 241.0655 243.9053 244.1436
200.0 200.0 200.0 200.0 200.0 200.0 200.0 200.0 200.0 200.0 200.0 200.0 200.0 200.0 200.0 200.0 200.0 200.0 200.0 200.0 200.0 200.0 200.0 200.0 200.0 200.0 200.0 200.0 200.0 200.0 200.0 200.0 200.0 200.0 200.0 200.0 200.0 200.0 200.0 200.0 200.0 200.0 200.0 200.0 200.0 200.0 200.0 200.0 200.0 200.0 200.0 200.3605 202.0189 203.6772 205.3355 206.9938 210.5705 215.1063 219.6421 224.1779 228.5476 231.6504 234.7532 237.856 240.9588 241.2112
200.0 200.0 200.0 200.0 200.0 200.0 200.0 200.0 200.0 200.0 200.0 200.0 200.0 200.0 200.0 200.0 200.0 200.0 200.0 200.0 200.0 200.0 200.0 200.0 200.0 200.0 200.0 200.0 200.0 200.0 200.0 200.0 200.0 200.0 200.0 200.0 200.0 200.0 200.0 200.0 200.0 200.0 200.0 200.0 200.0 200.0 200.0 200.0 200.0 200.0 200.0 200.3034 201.6988 203.0943 204.4897 205.8851 208.9592 212.8727 216.7861 220.6996 224.5495 227.9152 231.2809 234.6466 238.0122 238.2789
200.0 200.0 200.0 200.0 200.0 200.0 200.0 200.0 200.0 200.0 200.0 200.0 200.0 200.0 200.0 200.0 200.0 200.0 200.0 200.0 200.0 200.0 200.0 200.0 200.0 200.0 200.0 200.0 200.0 200.0 200.0 200.0 200.0 200.0 200.0 200.0 200.0 200.0 200.0 200.0 200.0 200.0 200.0 200.0 200.0 200.0 200.0 200.0 200.0 200.0 200.0 200.2462 201.3788 202.5113 203.6438 204.7764 207.3479 210.639 213.9301 217.2211 220.5513 224.1799 227.8085 231.4371 235.0657 235.3466
200.0 200.0 200.0 200.0 200.0 200.0 200.0 200.0 200.0 200.0 200.0 200.0 200.0 200.0 200.0 200.0 200.0 200.0 200.0 200.0 200.0 200.0 200.0 200.0 200.0 200.0 200.0 200.0 200.0 200.0 200.0 200.0 200.0 200.0 200.0 200.0 200.0 200.0 200.0 200.0 200.0 200.0 200.0 200.0 200.0 200.0 200.0 200.0 200.0 200.0 200.0 200.1891 201.0587 201.9283 202.798 203.6676 205.7366 208.4053 211.074 213.7427 216.5531 220.4446 224.3362 228.2277 232.1191 232.4143
200.0 200.0 200.0 200.0 200.0 200.0 200.0 200.0 200.0 200.0 200.0 200.0 200.0 200.0 200.0 200.0 200.0 200.0 200.0 200.0 200.0 200.0 200.0 200.0 200.0 200.0 200.0 200.0 200.0 200.0 200.0 200.0 200.0 200.0 200.0 200.0 200.0 200.0 200.0 200.0 200.0 200.0 200.0 200.0 200.0 200.0 200.0 200.0 200.0 200.0 200.0 200.1576 200.8823 201.6071 202.3319 203.0567 204.9789 207.5 210.021 212.542 215.2789 219.6617 224.0444 228.4272 232.81 233.3912
200.0 200.0 200.0 200.0 200.0 200.0 200.0 200.0 200.0 200.0 200.0 200.0 200.0 200.0 200.0 200.0 200.0 200.0 200.0 200.0 200.0 200.0 200.0 200.0 200.0 200.0 200.0 200.0 200.0 200.0 200.0 200.0 200.0 200.0 200.0 200.0 200.0 200.0 200.0 200.0 200.0 200.0 200.0 200.0 200.0 200.0 200.0 200.0 200.0 200.0 200.0 200.1541 200.8627 201.5714 202.2801 202.9888 205.1525 208.0437 210.9349 213.8262 216.9762 222.0994 227.2226 232.3458 237.4689 238.6329
200.0 200.0 200.0 200.0 200.0 200.0 200.0 200.0 200.0 200.0 200.0 200.0 200.0 200.0 200.0 200.0 200.0 200.0 200.0 200.0 200.0 200.0 200.0 200.0 200.0 200.0 200.0 200.0 200.0 200.0 200.0 200.0 200.0 200.0 200.0 200.0 200.0 200.0 200.0 200.0 200.0 200.0 200.0 200.0 200.0 200.0 200.0 200.0 200.0 200.0 200.0 200.1506 200.8432 201.5358 202.2283 202.9209 205.326 208.5875 211.8489 215.1104 218.6735 224.5371 230.4008 236.2644 242.1279 243.8747
200.0 200.0 200.0 200.0 200.0 200.0 200.0 200.0 200.0 200.0 200.0 200.0 200.0 200.0 200.0 200.0 200.0 200.0 200.0 200.0 200.0 200.0 200.0 200.0 200.0 200.0 200.0 200.0 200.0 200.0 200.0 200.0 200.0 200.0 200.0 200.0 200.0 200.0 200.0 200.0 200.0 200.0 200.0 200.0 200.0 200.0 200.0 200.0 200.0 200.0 200.0 200.1471 200.8236 201.5 202.1765 202.853 205.4996 209.1312 212.7629 216.3945 220.3708 226.9749 233.5789 240.183 246.7869 249.1164
200.0 200.0 200.0 200.0 200.0 200.0 200.0 200.0 200.0 200.0 200.0 200.0 200.0 200.0 200.0 200.0 200.0 200.0 200.0 200.0 200.0 200.0 200.0 200.0 200.0 200.0 200.0 200.0 200.0 200.0 200.0 200.0 200.0 200.0 200.0 200.0 200.0 200.0 200.0 200.0 200.0 200.0 200.0 200.0 200.0 200.0 200.0 200.0 200.0 200.0 200.0 200.1436 200.804 201.4644 202.1247 202.7851 205.6732 209.675 213.6769 217.6787 222.0681 229.4126 236.7571 244.1015 251.4459 254.3581
200.0 200.0 200.0 200.0 200.0 200.0 200.0 200.0 200.0 200.0 200.0 200.0 200.0 200.0 200.0 200.0 200.0 200.0 200.0 200.0 200.0 200.0 200.0 200.0 200.0 200.0 200.0 200.0 200.0 200.0 200.0 200.0 200.0 200.0 200.0 200.0 200.0 200.0 200.0 200.0 200.0 200.0 200.0 200.0 200.0 200.0 200.0 200.1529 200.352 200.551 200.7501 201.1563 202.3082 203.4601 204.612 205.7639 209.1787 213.7249 218.2712 222.8174 227.7013 235.1591 242.6169 250.0748 257.5325 260.5692
200.0 200.0 200.0 200.0 200.0 200.0 200.0 200.0 200.0 200.0 200.0 200.0 200.0 200.0 200.0 200.0 200.0 200.0 200.0 200.0 200.0 200.0 200.0 200.0 200.0 200.0 200.0 200.0 200.0 200.0 200.0 200.0 200.0 200.0 200.0 200.0 200.0 200.0 200.0 200.0 200.0 200.0 200.0 200.0 200.0 200.0 200.0 200.3177 200.7314 201.1451 201.5588 202.2484 203.9315 205.6146 207.2976 208.9807 212.9445 218.0488 223.153 228.2572 233.6418 241.1641 248.6863 256.2085 263.7306 266.8559
200.0 200.0 200.0 200.0 200.0 200.0 200.0 200.0 200.0 200.0 200.0 200.0 200.0 200.0 200.0 200.0 200.0 200.0 200.0 200.0 200.0 200.0 200.0 200.0 200.0 200.0 200.0 200.0 200.0 200.0 200.0 200.0 200.0 200.0 200.0 200.0 200.0 200.0 200.0 200.0 200.0 200.0 200.0 200.0 200.0 200.0 200.0 200.4826 201.1109 201.7392 202.3675 203.3405 205.5548 207.769 209.9832 212.1974 216.7103 222.3725 228.0348 233.697 239.5823 247.1689 254.7556 262.3422 269.9286 273.1426
200.0 200.0 200.0 200.0 200.0 200.0 200.0 200.0 200.0 200.0 200.0 200.0 200.0 200.0 200.0 200.0 200.0 200.0 200.0 200.0 200.0 200.0 200.0 200.0 200.0 200.0 200.0 200.0 200.0 200.0 200.0 200.0 200.0 200.0 200.0 200.0 200.0 200.0 200.0 200.0 200.0 200.0 200.0 200.0 200.0 200.0 200.0 200.6474 201.4903 202.3333 203.1762 204.4326 207.1781 209.9234 212.6688 215.4142 220.4761 226.6964 232.9166 239.1368 245.5229 253.1739 260.8249 268.4759 276.1268 279.4294
200.0 200.0 200.0 200.0 200.0 200.0 200.0 200.0 200.0 200.0 200.0 200.0 200.0 200.0 200.0 200.0 200.0 200.0 200.0 200.0 200.0 200.0 200.0 200.0 200.0 200.0 200.0 200.0 200.0 200.0 200.0 200.0 200.0 200.0 200.0 200.0 200.0 200.0 200.0 200.0 200.0 200.0 200.0232 200.096 200.1688 200.2415 200.3143 201.2196 202.3762 203.5328 204.6893 206.2897 209.4874 212.6851 215.8828 219.0805 224.5021 231.0357 237.5693 244.1029 250.7496 258.2588 265.7679 273.2771 280.7861 284.0637
