data/zism_data/00432_03_D.txt
ncols         224
nrows         224
[rows 56 to 83 of 224, columns 0 to 62 of 224]
2104.716 2104.008 2103.3 2102.593 2101.885 2098.681 2093.903 2089.125 2084.346 2080.13 2088.203 2096.276 2104.35 2112.423 2122.869 2135.944 2149.019 2162.094 2175.169 2185.48 2195.502 2205.523 2215.545 2222.633 2223.917 2225.2 2226.484 2227.768 2225.638 2222.468 2219.299 2216.129 2213.888 2215.43 2216.972 2218.514 2220.056 2221.933 2224.008 2226.084 2228.16 2230.286 2233.229 2236.172 2239.114 2242.057 2244.598 2246.719 2248.84 2250.961 2253.083 2242.142 2230.06 2217.979 2205.898 2192.892 2178.17 2163.448 2148.727 2134.005 2122.532 2111.969 2101.407
2100.08 2098.719 2097.358 2095.996 2094.635 2090.977 2085.868 2080.76 2075.652 2071.125 2079.262 2087.399 2095.536 2103.674 2113.891 2126.414 2138.936 2151.458 2163.98 2173.984 2183.723 2193.463 2203.203 2210.155 2211.59 2213.026 2214.462 2215.897 2213.902 2210.861 2207.82 2204.779 2202.563 2203.708 2204.854 2206.0 2207.146 2208.94 2211.12 2213.299 2215.479 2217.723 2221.024 2224.324 2227.624 2230.925 2233.82 2236.293 2238.766 2241.239 2243.711 2233.373 2221.916 2210.459 2199.003 2186.591 2172.407 2158.223 2144.039 2129.855 2118.158 2107.157 2096.157
2095.937 2093.75 2091.563 2089.376 2087.19 2083.179 2078.017 2072.856 2067.694 2063.102 2070.939 2078.776 2086.613 2094.45 2104.492 2116.977 2129.461 2141.946 2154.431 2164.082 2173.435 2182.789 2192.143 2198.851 2200.324 2201.797 2203.271 2204.744 2202.716 2199.621 2196.527 2193.432 2191.027 2191.433 2191.839 2192.245 2192.651 2194.5 2197.205 2199.909 2202.614 2205.34 2208.404 2211.469 2214.533 2217.597 2220.247 2222.462 2224.678 2226.893 2229.109 2219.406 2208.662 2197.918 2187.174 2175.434 2161.845 2148.256 2134.667 2121.078 2109.922 2099.447 2088.972
2091.794 2088.781 2085.769 2082.757 2079.744 2075.381 2070.166 2064.951 2059.736 2055.079 2062.616 2070.153 2077.689 2085.227 2095.093 2107.54 2119.987 2132.434 2144.881 2154.179 2163.147 2172.115 2181.083 2187.547 2189.058 2190.568 2192.079 2193.59 2191.53 2188.382 2185.233 2182.085 2179.491 2179.157 2178.824 2178.49 2178.156 2180.06 2183.29 2186.52 2189.75 2192.956 2195.785 2198.614 2201.442 2204.271 2206.673 2208.632 2210.59 2212.548 2214.506 2205.438 2195.407 2185.376 2175.345 2164.277 2151.283 2138.289 2125.295 2112.302 2101.685 2091.736 2081.786
2087.651 2083.813 2079.975 2076.137 2072.299 2067.584 2062.315 2057.046 2051.777 2047.056 2054.293 2061.529 2068.766 2076.003 2085.694 2098.103 2110.513 2122.922 2135.332 2144.277 2152.859 2161.441 2170.023 2176.243 2177.791 2179.34 2180.888 2182.436 2180.344 2177.142 2173.94 2170.738 2167.955 2166.882 2165.808 2164.735 2163.661 2165.619 2169.375 2173.13 2176.885 2180.573 2183.166 2185.758 2188.351 2190.944 2193.1 2194.801 2196.502 2198.203 2199.904 2191.47 2182.153 2172.835 2163.517 2153.12 2140.721 2128.322 2115.923 2103.525 2093.449 2084.025 2074.601
2083.508 2078.844 2074.18 2069.517 2064.854 2059.786 2054.464 2049.141 2043.819 2039.033 2045.97 2052.906 2059.843 2066.779 2076.295 2088.667 2101.039 2113.411 2125.783 2134.375 2142.571 2150.767 2158.963 2164.939 2166.525 2168.111 2169.697 2171.282 2169.158 2165.902 2162.646 2159.391 2156.42 2154.606 2152.793 2150.98 2149.167 2151.179 2155.459 2159.74 2164.021 2168.189 2170.546 2172.903 2175.26 2177.617 2179.527 2180.97 2182.414 2183.858 2185.301 2177.503 2168.898 2160.293 2151.688 2141.963 2130.159 2118.355 2106.552 2094.748 2085.213 2076.314 2067.415
2081.529 2075.731 2069.933 2064.135 2058.336 2052.713 2047.2 2041.686 2036.173 2031.193 2037.866 2044.54 2051.213 2057.886 2067.212 2079.475 2091.738 2104.001 2116.264 2124.528 2132.372 2140.217 2148.061 2153.84 2155.531 2157.224 2158.916 2160.608 2158.323 2154.826 2151.329 2147.833 2144.575 2142.292 2140.008 2137.724 2135.441 2137.394 2141.859 2146.324 2150.79 2155.112 2157.122 2159.132 2161.142 2163.152 2164.751 2165.921 2167.092 2168.262 2169.433 2162.353 2154.554 2146.754 2138.955 2130.024 2118.995 2107.966 2096.937 2085.907 2076.957 2068.588 2060.22
2081.778 2074.527 2067.276 2060.026 2052.775 2046.386 2040.54 2034.694 2028.848 2023.541 2029.989 2036.437 2042.885 2049.334 2058.454 2070.535 2082.616 2094.697 2106.778 2114.738 2122.266 2129.794 2137.322 2142.95 2144.819 2146.688 2148.557 2150.426 2147.85 2143.919 2139.988 2136.057 2132.412 2129.936 2127.459 2124.983 2122.506 2124.283 2128.582 2132.881 2137.18 2141.319 2142.868 2144.417 2145.966 2147.515 2148.737 2149.618 2150.499 2151.38 2152.261 2145.987 2139.088 2132.189 2125.29 2117.28 2107.211 2097.141 2087.072 2077.002 2068.68 2060.848 2053.016
2082.027 2073.324 2064.62 2055.917 2047.213 2040.058 2033.88 2027.702 2021.524 2015.889 2022.112 2028.335 2034.558 2040.781 2049.697 2061.596 2073.494 2085.393 2097.292 2104.948 2112.16 2119.372 2126.583 2132.061 2134.106 2136.152 2138.198 2140.244 2137.376 2133.011 2128.646 2124.281 2120.25 2117.58 2114.911 2112.241 2109.572 2111.172 2115.305 2119.438 2123.571 2127.526 2128.615 2129.702 2130.79 2131.878 2132.724 2133.315 2133.906 2134.498 2135.09 2129.62 2123.622 2117.624 2111.625 2104.537 2095.427 2086.317 2077.207 2068.097 2060.404 2053.107 2045.811
2082.277 2072.12 2061.964 2051.808 2041.652 2033.731 2027.22 2020.71 2014.2 2008.237 2014.235 2020.233 2026.231 2032.229 2040.94 2052.656 2064.373 2076.089 2087.805 2095.158 2102.054 2108.949 2115.845 2121.171 2123.394 2125.617 2127.839 2130.062 2126.903 2122.104 2117.304 2112.505 2108.087 2105.225 2102.362 2099.5 2096.637 2098.062 2102.029 2105.995 2109.962 2113.734 2114.361 2114.988 2115.615 2116.242 2116.71 2117.012 2117.314 2117.616 2117.918 2113.254 2108.156 2103.058 2097.96 2091.793 2083.643 2075.492 2067.342 2059.191 2052.127 2045.367 2038.607
2082.526 2070.917 2059.308 2047.699 2036.09 2027.404 2020.561 2013.718 2006.875 2000.585 2006.358 2012.131 2017.903 2023.676 2032.182 2043.717 2055.251 2066.785 2078.319 2085.368 2091.948 2098.527 2105.106 2110.282 2112.681 2115.081 2117.481 2119.88 2116.43 2111.196 2105.963 2100.729 2095.925 2092.869 2089.814 2086.759 2083.703 2084.951 2088.752 2092.552 2096.353 2099.942 2100.107 2100.273 2100.439 2100.605 2100.696 2100.709 2100.721 2100.734 2100.747 2096.887 2092.69 2088.493 2084.296 2079.05 2071.859 2064.668 2057.477 2050.286 2043.85 2037.626 2031.402
2081.954 2069.528 2057.103 2044.677 2032.251 2023.016 2015.795 2008.574 2001.352 1994.685 2000.109 2005.534 2010.959 2016.383 2024.484 2035.548 2046.613 2057.678 2068.743 2075.359 2081.509 2087.659 2093.81 2098.744 2101.275 2103.805 2106.335 2108.866 2105.742 2100.895 2096.047 2091.2 2086.7 2083.615 2080.531 2077.447 2074.362 2074.878 2077.528 2080.177 2082.828 2085.301 2084.924 2084.547 2084.169 2083.792 2083.61 2083.63 2083.651 2083.671 2083.692 2080.883 2077.827 2074.772 2071.716 2067.593 2061.49 2055.386 2049.283 2043.18 2036.8 2030.343 2023.886
2081.345 2068.131 2054.917 2041.703 2028.49 2018.717 2011.115 2003.513 1995.911 1988.864 1993.935 1999.006 2004.077 2009.147 2016.833 2027.416 2037.998 2048.58 2059.162 2065.34 2071.056 2076.772 2082.488 2087.177 2089.836 2092.496 2095.155 2097.813 2095.044 2090.62 2086.196 2081.772 2077.608 2074.502 2071.397 2068.291 2065.185 2064.942 2066.397 2067.851 2069.306 2070.622 2069.698 2068.774 2067.85 2066.926 2066.474 2066.516 2066.558 2066.6 2066.642 2064.895 2062.992 2061.089 2059.186 2056.194 2051.184 2046.175 2041.165 2036.156 2029.806 2023.081 2016.356
2080.736 2066.734 2052.732 2038.73 2024.729 2014.417 2006.435 1998.453 1990.47 1983.044 1987.761 1992.478 1997.195 2001.912 2009.183 2019.282 2029.382 2039.482 2049.582 2055.321 2060.603 2065.884 2071.166 2075.61 2078.398 2081.186 2083.974 2086.761 2084.346 2080.346 2076.345 2072.345 2068.517 2065.39 2062.262 2059.135 2056.008 2055.006 2055.266 2055.525 2055.784 2055.942 2054.471 2053.001 2051.53 2050.06 2049.339 2049.403 2049.466 2049.529 2049.593 2048.907 2048.157 2047.406 2046.655 2044.795 2040.879 2036.963 2033.047 2029.131 2022.812 2015.819 2008.826
2080.126 2065.337 2050.547 2035.757 2020.967 2010.118 2001.755 1993.392 1985.029 1977.223 1981.586 1985.95 1990.313 1994.676 2001.532 2011.149 2020.767 2030.384 2040.002 2045.302 2050.149 2054.997 2059.844 2064.043 2066.96 2069.876 2072.792 2075.709 2073.649 2070.072 2066.495 2062.918 2059.425 2056.277 2053.128 2049.979 2046.831 2045.071 2044.135 2043.198 2042.262 2041.263 2039.245 2037.228 2035.211 2033.193 2032.204 2032.289 2032.373 2032.458 2032.543 2032.919 2033.321 2033.723 2034.125 2033.397 2030.574 2027.752 2024.929 2022.107 2015.818 2008.557 2001.295
2079.493 2064.514 2049.536 2034.557 2019.579 2008.248 1999.218 1990.188 1981.158 1972.674 1976.107 1979.54 1982.972 1986.405 1992.519 2001.602 2010.685 2019.768 2028.851 2033.805 2038.327 2042.848 2047.37 2051.423 2054.549 2057.675 2060.801 2063.927 2062.346 2059.33 2056.314 2053.298 2050.224 2046.917 2043.609 2040.302 2036.994 2034.693 2032.99 2031.286 2029.583 2027.855 2025.732 2023.61 2021.487 2019.364 2018.346 2018.482 2018.617 2018.753 2018.888 2019.887 2020.962 2022.036 2023.111 2023.042 2020.856 2018.67 2016.484 2014.297 2008.037 2000.634 1993.231
2078.825 2064.485 2050.144 2035.804 2021.463 2009.728 1999.637 1989.546 1979.454 1969.88 1971.586 1973.293 1975.0 1976.706 1981.625 1990.102 1998.58 2007.057 2015.535 2020.271 2024.616 2028.96 2033.305 2037.348 2040.796 2044.244 2047.692 2051.139 2050.208 2047.943 2045.677 2043.412 2040.872 2037.216 2033.56 2029.904 2026.248 2023.707 2021.826 2019.946 2018.066 2016.2 2014.582 2012.963 2011.344 2009.725 2009.009 2009.236 2009.463 2009.689 2009.916 2010.932 2012.017 2013.102 2014.188 2014.128 2011.948 2009.766 2007.586 2005.405 1999.17 1991.799 1984.429
2078.158 2064.455 2050.753 2037.05 2023.347 2011.208 2000.056 1988.903 1977.75 1967.085 1967.066 1967.046 1967.027 1967.007 1970.732 1978.603 1986.475 1994.346 2002.218 2006.737 2010.905 2015.073 2019.24 2023.274 2027.043 2030.813 2034.582 2038.352 2038.071 2036.556 2035.041 2033.526 2031.52 2027.516 2023.511 2019.507 2015.502 2012.72 2010.663 2008.606 2006.548 2004.546 2003.431 2002.316 2001.201 2000.087 1999.672 1999.99 2000.308 2000.626 2000.944 2001.977 2003.073 2004.169 2005.265 2005.214 2003.039 2000.863 1998.688 1996.512 1990.304 1982.965 1975.626
2077.491 2064.426 2051.361 2038.296 2025.231 2012.688 2000.474 1988.26 1976.046 1964.291 1962.545 1960.8 1959.054 1957.308 1959.838 1967.104 1974.37 1981.636 1988.901 1993.203 1997.194 2001.185 2005.175 2009.2 2013.291 2017.382 2021.473 2025.564 2025.933 2025.169 2024.404 2023.64 2022.168 2017.815 2013.462 2009.109 2004.756 2001.734 1999.499 1997.265 1995.031 1992.891 1992.281 1991.67 1991.059 1990.448 1990.336 1990.745 1991.153 1991.563 1991.971 1993.022 1994.129 1995.235 1996.342 1996.3 1994.13 1991.96 1989.79 1987.619 1981.438 1974.131 1966.824
2076.823 2064.396 2051.969 2039.542 2027.116 2014.168 2000.893 1987.618 1974.342 1961.496 1958.025 1954.553 1951.081 1947.609 1948.945 1955.605 1962.265 1968.925 1975.585 1979.669 1983.483 1987.297 1991.111 1995.125 1999.538 2003.951 2008.363 2012.776 2013.796 2013.782 2013.768 2013.754 2012.816 2008.115 2003.413 1998.712 1994.011 1990.747 1988.336 1985.925 1983.514 1981.237 1981.13 1981.023 1980.916 1980.809 1980.999 1981.499 1981.999 1982.499 1982.999 1984.067 1985.184 1986.301 1987.419 1987.386 1985.221 1983.056 1980.891 1978.727 1972.571 1965.297 1958.022
2071.791 2059.699 2047.607 2035.514 2023.422 2010.613 1997.352 1984.091 1970.83 1957.947 1953.298 1948.65 1944.002 1939.354 1939.557 1945.132 1950.708 1956.284 1961.859 1966.053 1970.103 1974.152 1978.201 1982.266 1986.36 1990.455 1994.549 1998.644 1999.634 1999.679 1999.723 1999.768 1998.92 1994.434 1989.948 1985.462 1980.976 1978.363 1976.86 1975.357 1973.855 1972.466 1972.91 1973.354 1973.798 1974.243 1974.712 1975.209 1975.705 1976.202 1976.698 1977.37 1978.057 1978.745 1979.432 1978.949 1976.297 1973.644 1970.992 1968.34 1962.332 1955.384 1948.435
2066.187 2054.389 2042.592 2030.795 2018.997 2006.397 1993.292 1980.187 1967.081 1954.297 1948.545 1942.793 1937.041 1931.288 1930.366 1934.795 1939.223 1943.652 1948.08 1952.427 1956.766 1961.105 1965.444 1969.565 1973.258 1976.95 1980.643 1984.335 1985.207 1985.22 1985.232 1985.244 1984.427 1980.231 1976.034 1971.838 1967.642 1965.796 1965.344 1964.891 1964.439 1964.072 1965.074 1966.076 1967.077 1968.079 1968.826 1969.306 1969.787 1970.267 1970.747 1970.969 1971.169 1971.368 1971.568 1970.575 1967.37 1964.166 1960.961 1957.757 1951.913 1945.329 1938.745
2060.583 2049.08 2037.577 2026.075 2014.572 2002.182 1989.232 1976.282 1963.332 1950.649 1943.792 1936.935 1930.079 1923.222 1921.176 1924.457 1927.738 1931.02 1934.301 1938.801 1943.429 1948.058 1952.686 1956.865 1960.155 1963.446 1966.736 1970.027 1970.78 1970.76 1970.74 1970.721 1969.935 1966.028 1962.121 1958.214 1954.307 1953.229 1953.827 1954.426 1955.024 1955.679 1957.238 1958.797 1960.356 1961.916 1962.939 1963.404 1963.868 1964.332 1964.797 1964.569 1964.28 1963.992 1963.704 1962.2 1958.444 1954.687 1950.93 1947.174 1941.494 1935.274 1929.055
2054.978 2043.771 2032.563 2021.355 2010.147 1997.966 1985.172 1972.377 1959.582 1947.0 1939.039 1931.078 1923.117 1915.156 1911.985 1914.119 1916.253 1918.387 1920.522 1925.175 1930.093 1935.01 1939.928 1944.165 1947.053 1949.941 1952.83 1955.718 1956.353 1956.301 1956.249 1956.197 1955.442 1951.825 1948.207 1944.59 1940.973 1940.661 1942.311 1943.96 1945.609 1947.285 1949.402 1951.519 1953.635 1955.752 1957.053 1957.501 1957.949 1958.398 1958.846 1958.168 1957.392 1956.616 1955.84 1953.826 1949.517 1945.208 1940.899 1936.591 1931.074 1925.22 1919.365
2048.058 2037.262 2026.467 2015.671 2004.876 1993.033 1980.53 1968.027 1955.524 1943.197 1934.714 1926.23 1917.747 1909.264 1905.36 1906.53 1907.7 1908.87 1910.039 1914.435 1919.168 1923.902 1928.635 1932.593 1935.014 1937.435 1939.856 1942.277 1942.767 1942.667 1942.568 1942.469 1941.806 1938.843 1935.881 1932.918 1929.956 1930.38 1932.814 1935.247 1937.68 1940.117 1942.614 1945.111 1947.608 1950.105 1951.574 1951.969 1952.364 1952.759 1953.154 1951.985 1950.68 1949.375 1948.07 1945.583 1940.903 1936.223 1931.543 1926.863 1921.768 1916.558 1911.347
2038.67 2028.507 2018.344 2008.181 1998.018 1986.755 1974.799 1962.843 1950.886 1939.107 1931.192 1923.277 1915.362 1907.446 1903.547 1904.094 1904.642 1905.19 1905.738 1909.104 1912.766 1916.427 1920.089 1923.136 1924.967 1926.799 1928.63 1930.462 1930.756 1930.582 1930.408 1930.234 1929.774 1928.152 1926.529 1924.907 1923.285 1924.386 1927.104 1929.821 1932.538 1935.246 1937.791 1940.336 1942.882 1945.427 1946.86 1947.132 1947.403 1947.675 1947.946 1946.211 1944.3 1942.39 1940.479 1937.587 1932.875 1928.162 1923.45 1918.738 1914.549 1910.507 1906.465
2029.281 2019.751 2010.22 2000.69 1991.16 1980.477 1969.068 1957.658 1946.249 1935.017 1927.67 1920.323 1912.976 1905.629 1901.733 1901.659 1901.585 1901.511 1901.437 1903.774 1906.363 1908.953 1911.542 1913.679 1914.921 1916.163 1917.405 1918.646 1918.745 1918.496 1918.247 1917.998 1917.742 1917.46 1917.178 1916.895 1916.613 1918.392 1921.394 1924.395 1927.396 1930.374 1932.968 1935.561 1938.155 1940.748 1942.146 1942.294 1942.443 1942.591 1942.739 1940.437 1937.92 1935.404 1932.887 1929.59 1924.846 1920.102 1915.357 1910.613 1907.33 1904.456 1901.583
2019.893 2010.995 2002.097 1993.199 1984.302 1974.199 1963.336 1952.474 1941.611 1930.927 1924.148 1917.369 1910.591 1903.812 1899.919 1899.224 1898.528 1897.832 1897.136 1898.444 1899.961 1901.478 1902.996 1904.222 1904.875 1905.527 1906.179 1906.831 1906.735 1906.411 1906.086 1905.762 1905.71 1906.768 1907.826 1908.884 1909.942 1912.398 1915.684 1918.969 1922.255 1925.503 1928.144 1930.786 1933.428 1936.07 1937.432 1937.457 1937.482 1937.507 1937.532 1934.662 1931.54 1928.418 1925.296 1921.594 1916.818 1912.041 1907.265 1902.488 1900.11 1898.406 1896.701
