data/zism_data/00434_04_D.txt
ncols         224
nrows         224
[rows 29 to 57 of 224, columns 0 to 64 of 224]
100.0 100.0 100.0 100.0 100.0 100.0 100.0 100.0 100.0 100.0 100.0 100.0 100.0 100.0 100.0 100.0 100.0 100.0 100.0 100.0 100.0 100.0 100.0 100.0 100.0 100.0 100.0 100.0 100.0 100.0 100.0 100.0 100.0 100.0 100.0 100.0563 100.151 100.2457 100.3404 100.4508 100.9057 101.3605 101.8154 102.2703 102.6365 102.9113 103.1861 103.4609 103.7357 103.2613 102.7409 102.2205 101.7 101.2798 101.0155 100.7512 100.4869 100.2226 101.8443 103.8236 105.803 107.7823 111.4867 119.4169 127.3472
100.0 100.0 100.0 100.0 100.0 100.0 100.0 100.0 100.0 100.0 100.0 100.0 100.0 100.0 100.0 100.0 100.0 100.0 100.0 100.0 100.0 100.0 100.0 100.0 100.0 100.0 100.0 100.0 100.0 100.0 100.0 100.0 100.0 100.0 100.0 100.0281 100.0754 100.1227 100.1699 100.2316 100.6098 100.988 101.3662 101.7445 102.0411 102.2539 102.4666 102.6794 102.8921 102.4591 101.9863 101.5136 101.0408 100.7129 100.6102 100.5076 100.4049 100.3023 101.9661 103.965 105.9639 107.9627 111.5032 118.8201 126.137
100.0 100.0 100.0 100.0 100.0 100.0 100.0 100.0 100.0 100.0 100.0 100.0 100.0 100.0 100.0 100.0 100.0 100.0 100.0 100.0 100.0 100.0 100.0 100.0 100.0 100.0 100.0 100.0 100.0 100.0 100.0 100.0 100.0 100.0 100.0 100.0217 100.0583 100.0948 100.1314 100.179 100.4714 100.7638 101.0561 101.3485 101.5779 101.7423 101.9068 102.0712 102.2357 101.901 101.5355 101.17 100.8046 100.5944 100.6259 100.6574 100.6889 100.7204 102.8115 105.2932 107.775 110.2567 114.1245 121.3878 128.651
100.0 100.0 100.0 100.0 100.0 100.0 100.0 100.0 100.0 100.0 100.0 100.0 100.0 100.0 100.0 100.0 100.0 100.0 100.0 100.0 100.0 100.0 100.0 100.0 100.0 100.0 100.0 100.0 100.0 100.0 100.0 100.0 100.0 100.0 100.0 100.0153 100.0412 100.067 100.0928 100.1265 100.333 100.5395 100.746 100.9526 101.1146 101.2307 101.3469 101.4631 101.5793 101.3428 101.0846 100.8265 100.5683 100.476 100.6416 100.8073 100.9729 101.1385 103.6569 106.6215 109.5862 112.5507 116.7459 123.9555 131.1651
100.0 100.0 100.0 100.0 100.0 100.0 100.0 100.0 100.0 100.0 100.0 100.0 100.0 100.0 100.0 100.0 100.0 100.0 100.0 100.0 100.0 100.0 100.0 100.0 100.0 100.0 100.0 100.0 100.0 100.0 100.0 100.0 100.0 100.0 100.0 100.009 100.024 100.0391 100.0542 100.0739 100.1946 100.3153 100.4359 100.5566 100.6513 100.7192 100.7871 100.8549 100.9228 100.7846 100.6338 100.4829 100.3321 100.3576 100.6573 100.9571 101.2569 101.5566 104.5023 107.9498 111.3973 114.8448 119.3673 126.5233 133.6792
100.0 100.0 100.0 100.0 100.0 100.0 100.0 100.0 100.0 100.0 100.0 100.0 100.0 100.0 100.0 100.0 100.0 100.0 100.0 100.0 100.0 100.0 100.0 100.0 100.0 100.0 100.0 100.0 100.0 100.0 100.0 100.0 100.0 100.0 100.0 100.0026 100.0069 100.0113 100.0156 100.0213 100.0562 100.091 100.1258 100.1607 100.188 100.2076 100.2272 100.2468 100.2664 100.2265 100.183 100.1394 100.0959 100.2392 100.673 101.1069 101.5409 101.9748 105.3478 109.2781 113.2085 117.1388 121.9887 129.091 136.1933
100.0 100.0 100.0 100.0 100.0 100.0 100.0 100.0 100.0 100.0 100.0 100.0 100.0 100.0 100.0 100.0 100.0 100.0 100.0 100.0 100.0 100.0 100.0 100.0 100.0 100.0 100.0 100.0 100.0 100.0 100.0 100.0 100.0 100.0 100.0 100.0 100.0 100.0 100.0 100.0 100.0 100.0 100.0 100.0 100.0 100.0 100.0 100.0 100.0 100.0 100.0 100.0 100.0 100.2635 100.9367 101.6099 102.2832 102.9564 106.7628 111.1632 115.5638 119.9642 125.1509 132.2633 139.3757
100.0 100.0 100.0 100.0 100.0 100.0 100.0 100.0 100.0 100.0 100.0 100.0 100.0 100.0 100.0 100.0 100.0 100.0 100.0 100.0 100.0 100.0 100.0 100.0 100.0 100.0 100.0 100.0 100.0 100.0 100.0 100.0 100.0 100.0 100.0 100.0 100.0 100.0 100.0 100.0 100.0 100.0 100.0 100.0 100.0 100.0 100.0 100.0 100.0 100.0 100.0 100.0 100.0 100.3852 101.3697 102.3541 103.3385 104.323 108.5668 113.4286 118.2906 123.1524 128.6824 135.8484 143.0145
100.0 100.0 100.0 100.0 100.0 100.0 100.0 100.0 100.0 100.0 100.0 100.0 100.0 100.0 100.0 100.0 100.0 100.0 100.0 100.0 100.0 100.0 100.0 100.0 100.0 100.0 100.0 100.0 100.0 100.0 100.0 100.0 100.0 100.0 100.0 100.0 100.0 100.0 100.0 100.0 100.0 100.0 100.0 100.0 100.0 100.0 100.0 100.0 100.0 100.0 100.0 100.0 100.0 100.507 101.8026 103.0982 104.3939 105.6895 110.3708 115.694 121.0175 126.3407 132.2139 139.4336 146.6533
100.0 100.0 100.0 100.0 100.0 100.0 100.0 100.0 100.0 100.0 100.0 100.0 100.0 100.0 100.0 100.0 100.0 100.0 100.0 100.0 100.0 100.0 100.0 100.0 100.0 100.0 100.0 100.0 100.0 100.0 100.0 100.0 100.0 100.0 100.0 100.0 100.0 100.0 100.0 100.0 100.0 100.0 100.0 100.0 100.0 100.0 100.0 100.0 100.0 100.0 100.0 100.0 100.0 100.6288 102.2356 103.8424 105.4493 107.0561 112.1748 117.9595 123.7443 129.5289 135.7453 143.0187 150.2921
100.0 100.0 100.0 100.0 100.0 100.0 100.0 100.0 100.0 100.0 100.0 100.0 100.0 100.0 100.0 100.0 100.0 100.0 100.0 100.0 100.0 100.0014 100.007 100.0126 100.0182 100.0238 100.031 100.0389 100.0469 100.0548 100.0606 100.0541 100.0476 100.041 100.0345 100.0296 100.0259 100.0222 100.0184 100.0148 100.0124 100.0101 100.0078 100.0054 100.0038 100.0029 100.0019 100.001 100.0001 100.0031 100.0063 100.0096 100.0129 100.7672 102.6896 104.612 106.5345 108.4569 113.995 120.2187 126.4426 132.6662 139.2048 146.5141 153.8233
100.0 100.0 100.0 100.0 100.0 100.0 100.0 100.0 100.0 100.0 100.0 100.0 100.0 100.0 100.0 100.0 100.0 100.0 100.0 100.0 100.0 100.0331 100.1675 100.3018 100.4362 100.5706 100.7439 100.9342 101.1246 101.3149 101.455 101.2982 101.1415 100.9847 100.8279 100.7111 100.6215 100.5319 100.4424 100.3542 100.2983 100.2423 100.1863 100.1303 100.0909 100.0685 100.0461 100.0237 100.0013 100.0738 100.1522 100.2306 100.309 101.2706 103.6062 105.9417 108.2774 110.6129 116.1718 122.3418 128.512 134.682 141.0798 148.035 154.9902
100.0 100.0 100.0 100.0 100.0 100.0 100.0 100.0 100.0 100.0 100.0 100.0 100.0 100.0 100.0 100.0 100.0 100.0 100.0 100.0 100.0 100.0648 100.328 100.5911 100.8542 101.1174 101.4568 101.8295 102.2023 102.5751 102.8493 102.5423 102.2354 101.9284 101.6214 101.3926 101.2171 101.0417 100.8663 100.6937 100.5841 100.4745 100.3648 100.2552 100.178 100.1341 100.0903 100.0464 100.0025 100.1446 100.2981 100.4516 100.6051 101.7741 104.5228 107.2715 110.0202 112.7689 118.3485 124.4649 130.5815 136.6978 142.9549 149.556 156.157
100.0 100.0 100.0 100.0 100.0 100.0 100.0 100.0 100.0 100.0 100.0 100.0 100.0 100.0 100.0 100.0 100.0 100.0 100.0 100.0 100.0 100.0965 100.4885 100.8804 101.2723 101.6642 102.1696 102.7249 103.28 103.8352 104.2437 103.7865 103.3293 102.872 102.4148 102.074 101.8128 101.5515 101.2902 101.0332 100.8699 100.7066 100.5434 100.3801 100.2651 100.1997 100.1344 100.0691 100.0038 100.2154 100.444 100.6726 100.9012 102.2776 105.4394 108.6012 111.7631 114.9249 120.5253 126.588 132.6509 138.7136 144.8299 151.0769 157.3239
100.0 100.0 100.0 100.0 100.0 100.0 100.0 100.0 100.0 100.0 100.0 100.0 100.0 100.0 100.0 100.0 100.0 100.0 100.0 100.0 100.0 100.1283 100.649 101.1696 101.6903 102.211 102.8825 103.6202 104.3578 105.0954 105.6381 105.0306 104.4232 103.8157 103.2083 102.7555 102.4084 102.0613 101.7142 101.3727 101.1558 100.9388 100.7219 100.505 100.3521 100.2654 100.1786 100.0918 100.005 100.2861 100.5898 100.8936 101.1973 102.7811 106.356 109.931 113.506 117.0809 122.7021 128.7111 134.7204 140.7294 146.705 152.5979 158.4908
100.0 100.0 100.0 100.0 100.0 100.0 100.0 100.0 100.0 100.0 100.0 100.0 100.0 100.0 100.0 100.0 100.0 100.0126 100.0285 100.0444 100.0602 100.2589 101.0167 101.7746 102.5324 103.2902 104.1793 105.1258 106.0722 107.0187 107.7343 107.0877 106.441 105.7944 105.1477 104.6171 104.1656 103.7142 103.2627 102.8127 102.394 101.9753 101.5567 101.1381 100.8255 100.622 100.4186 100.2152 100.0118 100.317 100.6535 100.9901 101.3266 102.9845 106.6976 110.4107 114.1239 117.837 123.3618 129.2299 135.0983 140.9664 146.7531 152.3395 157.9258
100.0 100.0 100.0 100.0 100.0 100.0 100.0 100.0 100.0 100.0 100.0 100.0 100.0 100.0 100.0 100.0 100.0 100.0383 100.0864 100.1344 100.1825 100.4913 101.5979 102.7045 103.8111 104.9177 106.0771 107.2596 108.4422 109.6247 110.5531 109.9815 109.41 108.8385 108.267 107.6935 107.1186 106.5437 105.9688 105.3854 104.6126 103.8399 103.0671 102.2943 101.6964 101.2783 100.8603 100.4423 100.0242 100.3069 100.6327 100.9585 101.2843 102.879 106.4472 110.0155 113.5838 117.1521 122.4598 128.0972 133.7349 139.3723 144.9205 150.2493 155.5781
100.0 100.0 100.0 100.0 100.0 100.0 100.0 100.0 100.0 100.0 100.0 100.0 100.0 100.0 100.0 100.0 100.0 100.064 100.1442 100.2245 100.3047 100.7237 102.1791 103.6344 105.0898 106.5451 107.9748 109.3935 110.8121 112.2307 113.3718 112.8754 112.379 111.8826 111.3862 110.7698 110.0715 109.3733 108.675 107.9581 106.8312 105.7044 104.5775 103.4506 102.5673 101.9346 101.302 100.6693 100.0367 100.2968 100.6119 100.9269 101.242 102.7735 106.1968 109.6202 113.0437 116.4671 121.5578 126.9645 132.3714 137.7782 143.0879 148.1592 153.2305
100.0 100.0 100.0 100.0 100.0 100.0 100.0 100.0 100.0 100.0 100.0 100.0 100.0 100.0 100.0 100.0 100.0 100.0896 100.2021 100.3145 100.4269 100.9562 102.7603 104.5643 106.3684 108.1725 109.8726 111.5274 113.182 114.8367 116.1906 115.7693 115.348 114.9267 114.5054 113.8462 113.0245 112.2028 111.3811 110.5308 109.0498 107.5689 106.0878 104.6069 103.4381 102.5909 101.7437 100.8964 100.0491 100.2867 100.591 100.8954 101.1997 102.6679 105.9464 109.225 112.5036 115.7821 120.6558 125.8318 131.008 136.1841 141.2552 146.069 150.8828
100.0 100.0 100.0 100.0 100.0 100.0 100.0 100.0 100.0 100.0 100.0 100.0 100.0 100.0 100.0 100.0 100.0 100.1153 100.2599 100.4045 100.5492 101.1886 103.3414 105.4942 107.6471 109.7999 111.7704 113.6612 115.5519 117.4427 119.0093 118.6631 118.317 117.9708 117.6246 116.9226 115.9775 115.0324 114.0873 113.1036 111.2684 109.4334 107.5982 105.7632 104.3091 103.2472 102.1853 101.1234 100.0616 100.2766 100.5702 100.8638 101.1574 102.5624 105.6961 108.8297 111.9635 115.0971 119.7538 124.6991 129.6446 134.5899 139.4226 143.9789 148.5351
100.0 100.0 100.0 100.0 100.0 100.0 100.0 100.0 100.0 100.0 100.0 100.0 100.0 100.0 100.0 100.0 100.0 100.2739 100.6175 100.9611 101.3047 102.1526 104.543 106.9334 109.3238 111.7141 113.8614 115.9023 117.9432 119.9842 121.7076 121.5578 121.4081 121.2583 121.1085 120.3648 119.2155 118.0661 116.9168 115.7231 113.5541 111.3851 109.2161 107.0472 105.3478 104.132 102.9162 101.7003 100.4845 100.6757 100.9536 101.2314 101.5092 102.7609 105.5273 108.2937 111.0602 113.8266 118.269 123.0291 127.7894 132.5495 137.2376 141.7486 146.2595
100.0 100.0 100.0 100.0 100.0 100.0 100.0 100.0 100.0 100.0 100.0 100.0 100.0 100.0 100.0 100.0 100.0 100.4407 100.9936 101.5464 102.0993 103.1617 105.7828 108.4039 111.025 113.646 115.9643 118.1501 120.3358 122.5217 124.3985 124.4526 124.5067 124.5609 124.615 123.8297 122.471 121.1125 119.7538 118.3456 115.8439 113.3423 110.8406 108.339 106.3969 105.0309 103.6648 102.2988 100.9327 101.1001 101.3618 101.6235 101.8853 102.9781 105.3635 107.749 110.1345 112.52 116.7484 121.326 125.9039 130.4816 135.0308 139.5096 143.9884
100.0 100.0 100.0 100.0 100.0 100.0 100.0 100.0 100.0 100.0 100.0 100.0 100.0 100.0 100.0 100.0 100.0 100.6075 101.3696 102.1317 102.8938 104.1707 107.0226 109.8744 112.7262 115.578 118.0672 120.3979 122.7285 125.0591 127.0894 127.3474 127.6054 127.8634 128.1214 127.2945 125.7266 124.1588 122.5909 120.9681 118.1337 115.2995 112.4652 109.6309 107.4461 105.9298 104.4135 102.8972 101.3809 101.5244 101.77 102.0157 102.2613 103.1952 105.1998 107.2043 109.2089 111.2134 115.2277 119.623 124.0184 128.4137 132.824 137.2706 141.7172
100.0 100.0 100.0 100.0 100.0 100.0 100.0 100.0 100.0 100.0 100.0 100.0 100.0 100.0 100.0 100.0 100.0 100.7743 101.7456 102.717 103.6883 105.1798 108.2624 111.3448 114.4274 117.5099 120.1701 122.6456 125.1211 127.5966 129.7803 130.2422 130.7041 131.166 131.6279 130.7594 128.9822 127.2052 125.428 123.5905 120.4236 117.2567 114.0897 110.9228 108.4952 106.8287 105.1622 103.4956 101.8291 101.9487 102.1783 102.4078 102.6373 103.4124 105.036 106.6596 108.2833 109.9069 113.7071 117.9199 122.1329 126.3458 130.6172 135.0316 139.446
100.0 100.0 100.0 100.0 100.0 100.0 100.0 100.0 100.0 100.0 100.0 100.0 100.0161 100.0623 100.1084 100.1546 100.2008 101.1496 102.3281 103.5066 104.6851 106.375 109.6295 112.8839 116.1384 119.3928 122.1973 124.8051 127.4129 130.0207 132.3427 132.9791 133.6155 134.2519 134.8882 134.0186 132.1204 130.2223 128.3241 126.3643 123.0473 119.7304 116.4134 113.0966 110.5561 108.8149 107.0738 105.3325 103.5914 103.6955 103.9131 104.1308 104.3484 104.9844 106.2712 107.5579 108.8447 110.1315 113.6152 117.5155 121.4159 125.3162 129.3234 133.5923 137.8611
100.0 100.0 100.0 100.0 100.0 100.0 100.0 100.0 100.0 100.0 100.0 100.0 100.0571 100.2214 100.3856 100.5498 100.714 101.8492 103.2316 104.614 105.9964 107.8598 111.1948 114.5297 117.8646 121.1995 124.1069 126.8274 129.5478 132.2683 134.7053 135.4705 136.2356 137.0008 137.7659 136.9581 135.076 133.194 131.3119 129.3733 126.1904 123.0077 119.8248 116.6421 114.1908 112.4926 110.7943 109.096 107.3978 107.4993 107.7116 107.9239 108.1362 108.6639 109.6824 110.7009 111.7194 112.7379 115.7459 119.1311 122.5165 125.9017 129.4499 133.3968 137.3437
100.0 100.0 100.0 100.0 100.0 100.0 100.0 100.0 100.0 100.0 100.0 100.0 100.0982 100.3804 100.6627 100.945 101.2272 102.5489 104.1352 105.7214 107.3077 109.3446 112.7601 116.1754 119.5909 123.0062 126.0165 128.8497 131.6827 134.5159 137.0679 137.9619 138.8558 139.7497 140.6436 139.8976 138.0316 136.1657 134.2997 132.3823 129.3336 126.285 123.2363 120.1877 117.8255 116.1702 114.5149 112.8596 111.2043 111.3032 111.5101 111.717 111.9239 112.3435 113.0937 113.8439 114.5941 115.3444 117.8766 120.7468 123.6171 126.4872 129.5763 133.2013 136.8263
100.0 100.0 100.0 100.0 100.0 100.0 100.0 100.0 100.0 100.0 100.0 100.0 100.1392 100.5395 100.9398 101.3401 101.7404 103.2486 105.0387 106.8289 108.6191 110.8294 114.3254 117.8212 121.3171 124.8129 127.9261 130.8719 133.8177 136.7635 139.4306 140.4533 141.4759 142.4986 143.5213 142.8371 140.9872 139.1374 137.2874 135.3913 132.4767 129.5623 126.6477 123.7332 121.4603 119.8479 118.2355 116.6231 115.0107 115.1071 115.3086 115.5102 115.7117 116.023 116.5049 116.9869 117.4689 117.9508 120.0073 122.3624 124.7176 127.0727 129.7027 133.0058 136.3089
100.0 100.0 100.0 100.0 100.0 100.0 100.0 100.0 100.0 100.0 100.0 100.0 100.1803 100.6986 101.217 101.7353 102.2536 103.9482 105.9423 107.9363 109.9304 112.3142 115.8906 119.4669 123.0434 126.6197 129.8357 132.8942 135.9526 139.0111 141.7932 142.9446 144.0961 145.2475 146.399 145.7766 143.9428 142.1091 140.2752 138.4003 135.6199 132.8395 130.0591 127.2787 125.095 123.5255 121.9561 120.3866 118.8171 118.9109 119.1071 119.3033 119.4995 119.7025 119.9162 120.1299 120.3436 120.5573 122.1381 123.9781 125.8182 127.6582 129.8291 132.8103 135.7915
