data/zism_data/00435_04_D.txt
ncols         224
nrows         224
[rows 30 to 59 of 224, columns 0 to 67 of 224]
1395.0 1395.0 1395.0 1395.067 1395.216 1395.365 1395.513 1395.662 1395.741 1395.812 1395.883 1395.954 1396.002 1396.006 1396.011 1396.016 1396.02 1396.193 1396.408 1396.623 1396.838 1397.0 1397.0 1397.0 1397.0 1397.0 1397.153 1397.373 1397.592 1397.812 1398.0 1398.0 1398.0 1398.0 1398.0 1398.045 1398.122 1398.198 1398.275 1398.354 1398.497 1398.641 1398.784 1398.927 1399.0 1399.0 1399.0 1399.0 1399.0 1399.0 1399.0 1399.0 1399.0 1399.0 1399.0 1399.0 1399.0 1399.0 1399.0 1399.0 1399.0 1399.0 1399.0 1399.0 1399.0 1399.0 1399.0 1399.0
1395.0 1395.0 1395.0 1395.074 1395.239 1395.404 1395.569 1395.734 1395.8 1395.855 1395.909 1395.964 1396.013 1396.05 1396.087 1396.123 1396.16 1396.313 1396.496 1396.679 1396.862 1397.0 1397.0 1397.0 1397.0 1397.0 1397.153 1397.373 1397.592 1397.812 1398.0 1398.0 1398.0 1398.0 1398.0 1398.058 1398.156 1398.254 1398.352 1398.45 1398.572 1398.694 1398.816 1398.938 1399.0 1399.0 1399.0 1399.0 1399.0 1399.0 1399.0 1399.0 1399.0 1399.0 1399.0 1399.0 1399.0 1399.0 1399.0 1399.0 1399.0 1399.0 1399.0 1399.0 1399.0 1399.0 1399.0 1399.0
1395.0 1395.0 1395.0 1395.081 1395.262 1395.443 1395.624 1395.805 1395.859 1395.897 1395.936 1395.975 1396.024 1396.093 1396.162 1396.231 1396.3 1396.434 1396.585 1396.736 1396.886 1397.0 1397.0 1397.0 1397.0 1397.0 1397.153 1397.373 1397.592 1397.812 1398.0 1398.0 1398.0 1398.0 1398.0 1398.071 1398.19 1398.309 1398.429 1398.547 1398.648 1398.748 1398.849 1398.949 1399.0 1399.0 1399.0 1399.0 1399.0 1399.0 1399.0 1399.0 1399.0 1399.0 1399.0 1399.0 1399.0 1399.0 1399.0 1399.0 1399.0 1399.0 1399.0 1399.0 1399.0 1399.0 1399.0 1399.0
1395.0 1395.0 1395.0 1395.089 1395.286 1395.483 1395.68 1395.877 1395.917 1395.94 1395.963 1395.985 1396.035 1396.136 1396.238 1396.339 1396.44 1396.555 1396.674 1396.792 1396.911 1397.0 1397.0 1397.0 1397.0 1397.0 1397.153 1397.373 1397.592 1397.812 1398.0 1398.0 1398.0 1398.0 1398.0 1398.084 1398.224 1398.365 1398.506 1398.644 1398.723 1398.802 1398.881 1398.96 1399.0 1399.0 1399.0 1399.0 1399.0 1399.0 1399.0 1399.0 1399.0 1399.0 1399.0 1399.0 1399.0 1399.0 1399.0 1399.0 1399.0 1399.0 1399.0 1399.0 1399.0 1399.0 1399.0 1399.0
1395.0 1395.0 1395.0 1395.096 1395.309 1395.522 1395.735 1395.949 1395.976 1395.983 1395.989 1395.996 1396.046 1396.18 1396.313 1396.447 1396.58 1396.676 1396.762 1396.849 1396.935 1397.0 1397.0 1397.0 1397.0 1397.0 1397.153 1397.373 1397.592 1397.812 1398.0 1398.0 1398.0 1398.0 1398.0 1398.096 1398.259 1398.421 1398.583 1398.741 1398.798 1398.856 1398.913 1398.971 1399.0 1399.0 1399.0 1399.0 1399.0 1399.0 1399.0 1399.0 1399.0 1399.0 1399.0 1399.0 1399.0 1399.0 1399.0 1399.0 1399.0 1399.0 1399.0 1399.0 1399.0 1399.0 1399.0 1399.0
1395.0 1395.0 1395.0 1395.099 1395.318 1395.538 1395.758 1395.978 1396.009 1396.018 1396.028 1396.037 1396.094 1396.241 1396.387 1396.534 1396.681 1396.761 1396.825 1396.888 1396.952 1397.004 1397.02 1397.036 1397.052 1397.068 1397.214 1397.418 1397.622 1397.826 1398.0 1398.0 1398.0 1398.0 1398.0 1398.105 1398.283 1398.46 1398.637 1398.809 1398.851 1398.894 1398.936 1398.979 1399.0 1399.0 1399.0 1399.0 1399.0 1399.0 1399.0 1399.0 1399.0 1399.0 1399.0 1399.0 1399.0 1399.0 1399.0 1399.0 1399.0 1399.0 1399.0 1399.0 1399.0 1399.0 1399.0 1399.0
1395.0 1395.0 1395.0 1395.099 1395.318 1395.538 1395.758 1395.978 1396.023 1396.049 1396.074 1396.1 1396.168 1396.314 1396.461 1396.607 1396.754 1396.821 1396.869 1396.917 1396.964 1397.01 1397.053 1397.096 1397.139 1397.182 1397.318 1397.495 1397.672 1397.849 1398.0 1398.0 1398.0 1398.0 1398.0 1398.112 1398.3 1398.488 1398.676 1398.857 1398.889 1398.921 1398.952 1398.984 1399.0 1399.0 1399.0 1399.0 1399.0 1399.0 1399.0 1399.0 1399.0 1399.0 1399.0 1399.0 1399.0 1399.0 1399.0 1399.0 1399.0 1399.0 1399.0 1399.0 1399.0 1399.0 1399.0 1399.0
1395.0 1395.0 1395.0 1395.099 1395.318 1395.538 1395.758 1395.978 1396.037 1396.079 1396.121 1396.163 1396.241 1396.387 1396.534 1396.681 1396.827 1396.882 1396.913 1396.945 1396.976 1397.017 1397.087 1397.156 1397.226 1397.296 1397.421 1397.571 1397.721 1397.872 1398.0 1398.0 1398.0 1398.0 1398.0 1398.118 1398.317 1398.516 1398.714 1398.905 1398.926 1398.947 1398.968 1398.989 1399.0 1399.0 1399.0 1399.0 1399.0 1399.0 1399.0 1399.0 1399.0 1399.0 1399.0 1399.0 1399.0 1399.0 1399.0 1399.0 1399.0 1399.0 1399.0 1399.0 1399.0 1399.0 1399.0 1399.0
1395.0 1395.0 1395.0 1395.099 1395.318 1395.538 1395.758 1395.978 1396.052 1396.11 1396.168 1396.226 1396.314 1396.461 1396.607 1396.754 1396.9 1396.942 1396.958 1396.973 1396.988 1397.024 1397.12 1397.217 1397.313 1397.409 1397.525 1397.648 1397.771 1397.895 1398.0 1398.0 1398.0 1398.0 1398.0 1398.125 1398.334 1398.543 1398.753 1398.954 1398.964 1398.974 1398.984 1398.995 1399.0 1399.0 1399.0 1399.0 1399.0 1399.0 1399.0 1399.0 1399.0 1399.0 1399.0 1399.0 1399.0 1399.0 1399.0 1399.0 1399.0 1399.0 1399.0 1399.0 1399.0 1399.0 1399.0 1399.0
1395.0 1395.0 1395.0 1395.099 1395.318 1395.538 1395.758 1395.978 1396.066 1396.139 1396.212 1396.286 1396.384 1396.531 1396.677 1396.824 1396.97 1397.0 1397.0 1397.0 1397.0 1397.031 1397.154 1397.278 1397.402 1397.525 1397.631 1397.729 1397.828 1397.926 1398.01 1398.01 1398.01 1398.01 1398.01 1398.139 1398.357 1398.574 1398.792 1399.0 1399.0 1399.0 1399.0 1399.0 1399.0 1399.0 1399.0 1399.0 1399.0 1399.0 1399.0 1399.0 1399.0 1399.0 1399.0 1399.0 1399.0 1399.0 1399.0 1399.0 1399.0 1399.0 1399.0 1399.0 1399.0 1399.0 1399.0 1399.0
1395.0 1395.0 1395.0 1395.099 1395.318 1395.538 1395.758 1395.978 1396.066 1396.139 1396.212 1396.286 1396.384 1396.531 1396.677 1396.824 1396.97 1397.0 1397.0 1397.0 1397.0 1397.04 1397.201 1397.362 1397.524 1397.685 1397.81 1397.918 1398.027 1398.136 1398.229 1398.229 1398.229 1398.229 1398.229 1398.33 1398.499 1398.669 1398.838 1399.0 1399.0 1399.0 1399.0 1399.0 1399.0 1399.0 1399.0 1399.0 1399.0 1399.0 1399.0 1399.0 1399.0 1399.0 1399.0 1399.0 1399.0 1399.0 1399.0 1399.0 1399.0 1399.0 1399.0 1399.0 1399.0 1399.0 1399.0 1399.0
1395.0 1395.0 1395.0 1395.099 1395.318 1395.538 1395.758 1395.978 1396.066 1396.139 1396.212 1396.286 1396.384 1396.531 1396.677 1396.824 1396.97 1397.0 1397.0 1397.0 1397.0 1397.049 1397.248 1397.447 1397.646 1397.844 1397.988 1398.108 1398.227 1398.347 1398.449 1398.449 1398.449 1398.449 1398.449 1398.521 1398.642 1398.763 1398.884 1399.0 1399.0 1399.0 1399.0 1399.0 1399.0 1399.0 1399.0 1399.0 1399.0 1399.0 1399.0 1399.0 1399.0 1399.0 1399.0 1399.0 1399.0 1399.0 1399.0 1399.0 1399.0 1399.0 1399.0 1399.0 1399.0 1399.0 1399.0 1399.0
1395.0 1395.0 1395.0 1395.099 1395.318 1395.538 1395.758 1395.978 1396.066 1396.139 1396.212 1396.286 1396.384 1396.531 1396.677 1396.824 1396.97 1397.0 1397.0 1397.0 1397.0 1397.058 1397.295 1397.531 1397.767 1398.004 1398.166 1398.297 1398.427 1398.557 1398.669 1398.669 1398.669 1398.669 1398.669 1398.712 1398.785 1398.858 1398.93 1399.0 1399.0 1399.0 1399.0 1399.0 1399.0 1399.0 1399.0 1399.0 1399.0 1399.0 1399.0 1399.0 1399.0 1399.0 1399.0 1399.0 1399.0 1399.0 1399.0 1399.0 1399.0 1399.0 1399.0 1399.0 1399.0 1399.0 1399.0 1399.0
1395.0 1395.0 1395.0 1395.099 1395.318 1395.538 1395.758 1395.978 1396.066 1396.139 1396.212 1396.286 1396.384 1396.531 1396.677 1396.824 1396.97 1397.0 1397.0 1397.0 1397.0 1397.068 1397.341 1397.615 1397.889 1398.163 1398.345 1398.486 1398.627 1398.768 1398.889 1398.889 1398.889 1398.889 1398.889 1398.903 1398.928 1398.952 1398.977 1399.0 1399.0 1399.0 1399.0 1399.0 1399.0 1399.0 1399.0 1399.0 1399.0 1399.0 1399.0 1399.0 1399.0 1399.0 1399.0 1399.0 1399.0 1399.0 1399.0 1399.0 1399.0 1399.0 1399.0 1399.0 1399.0 1399.0 1399.0 1399.0
1395.048 1395.071 1395.095 1395.203 1395.415 1395.627 1395.839 1396.051 1396.138 1396.211 1396.285 1396.358 1396.451 1396.582 1396.712 1396.843 1396.974 1397.017 1397.038 1397.059 1397.08 1397.161 1397.425 1397.689 1397.953 1398.217 1398.405 1398.559 1398.714 1398.868 1399.0 1399.0 1399.0 1399.0 1399.0 1399.0 1399.0 1399.0 1399.0 1399.0 1399.0 1399.0 1399.0 1399.0 1399.0 1399.0 1399.0 1399.0 1399.0 1399.0 1399.0 1399.0 1399.0 1399.0 1399.0 1399.0 1399.0 1399.0 1399.0 1399.0 1399.0 1399.0 1399.0 1399.0 1399.0 1399.0 1399.0 1399.0
1395.144 1395.216 1395.288 1395.416 1395.612 1395.807 1396.003 1396.199 1396.285 1396.358 1396.431 1396.504 1396.586 1396.685 1396.783 1396.882 1396.98 1397.051 1397.115 1397.179 1397.243 1397.342 1397.547 1397.752 1397.957 1398.162 1398.343 1398.513 1398.684 1398.854 1399.0 1399.0 1399.0 1399.0 1399.0 1399.0 1399.0 1399.0 1399.0 1399.0 1399.0 1399.0 1399.0 1399.0 1399.0 1399.0 1399.0 1399.0 1399.0 1399.0 1399.0 1399.0 1399.0 1399.0 1399.0 1399.0 1399.0 1399.0 1399.0 1399.0 1399.0 1399.0 1399.0 1399.0 1399.0 1399.0 1399.0 1399.0
1395.241 1395.361 1395.481 1395.628 1395.808 1395.988 1396.167 1396.347 1396.431 1396.504 1396.578 1396.651 1396.722 1396.788 1396.854 1396.92 1396.987 1397.085 1397.192 1397.299 1397.406 1397.523 1397.669 1397.815 1397.96 1398.106 1398.281 1398.467 1398.654 1398.84 1399.0 1399.0 1399.0 1399.0 1399.0 1399.0 1399.0 1399.0 1399.0 1399.0 1399.0 1399.0 1399.0 1399.0 1399.0 1399.0 1399.0 1399.0 1399.0 1399.0 1399.0 1399.0 1399.0 1399.0 1399.0 1399.0 1399.0 1399.0 1399.0 1399.0 1399.0 1399.0 1399.0 1399.0 1399.0 1399.0 1399.0 1399.0
1395.337 1395.506 1395.675 1395.841 1396.005 1396.168 1396.332 1396.495 1396.578 1396.651 1396.724 1396.797 1396.857 1396.891 1396.925 1396.959 1396.993 1397.12 1397.269 1397.419 1397.569 1397.704 1397.791 1397.877 1397.964 1398.051 1398.219 1398.421 1398.624 1398.827 1399.0 1399.0 1399.0 1399.0 1399.0 1399.0 1399.0 1399.0 1399.0 1399.0 1399.0 1399.0 1399.0 1399.0 1399.0 1399.0 1399.0 1399.0 1399.0 1399.0 1399.0 1399.0 1399.0 1399.0 1399.0 1399.0 1399.0 1399.0 1399.0 1399.0 1399.0 1399.0 1399.0 1399.0 1399.0 1399.0 1399.0 1399.0
1395.434 1395.651 1395.868 1396.053 1396.201 1396.348 1396.496 1396.643 1396.724 1396.797 1396.87 1396.944 1396.992 1396.994 1396.996 1396.998 1397.0 1397.154 1397.347 1397.539 1397.732 1397.884 1397.912 1397.94 1397.968 1397.996 1398.156 1398.375 1398.594 1398.813 1399.0 1399.0 1399.0 1399.0 1399.0 1399.0 1399.0 1399.0 1399.0 1399.0 1399.0 1399.0 1399.0 1399.0 1399.0 1399.0 1399.0 1399.0 1399.0 1399.0 1399.0 1399.0 1399.0 1399.0 1399.0 1399.0 1399.0 1399.0 1399.0 1399.0 1399.0 1399.0 1399.0 1399.0 1399.0 1399.0 1399.0 1399.0
1395.612 1395.873 1396.133 1396.328 1396.444 1396.561 1396.677 1396.793 1396.857 1396.915 1396.973 1397.031 1397.08 1397.11 1397.14 1397.171 1397.201 1397.33 1397.485 1397.64 1397.795 1397.917 1397.936 1397.955 1397.975 1397.994 1398.121 1398.296 1398.47 1398.644 1398.8 1398.845 1398.891 1398.936 1398.982 1399.0 1399.0 1399.0 1399.0 1399.0 1399.0 1399.0 1399.0 1399.0 1399.0 1399.0 1399.0 1399.0 1399.0 1399.0 1399.0 1399.0 1399.0 1399.0 1399.0 1399.0 1399.0 1399.0 1399.0 1399.0 1399.0 1399.0 1399.0 1399.0 1399.0 1399.0 1399.0 1399.0
1395.796 1396.099 1396.402 1396.607 1396.691 1396.775 1396.859 1396.943 1396.989 1397.031 1397.073 1397.115 1397.164 1397.226 1397.289 1397.352 1397.414 1397.516 1397.628 1397.74 1397.852 1397.94 1397.954 1397.968 1397.982 1397.996 1398.088 1398.214 1398.34 1398.466 1398.587 1398.681 1398.774 1398.868 1398.962 1399.0 1399.0 1399.0 1399.0 1399.0 1399.0 1399.0 1399.0 1399.0 1399.0 1399.0 1399.0 1399.0 1399.0 1399.0 1399.0 1399.0 1399.0 1399.0 1399.0 1399.0 1399.0 1399.0 1399.0 1399.0 1399.0 1399.0 1399.0 1399.0 1399.0 1399.0 1399.0 1399.0
1395.979 1396.325 1396.671 1396.885 1396.937 1396.989 1397.041 1397.092 1397.121 1397.147 1397.173 1397.199 1397.248 1397.343 1397.438 1397.533 1397.627 1397.702 1397.771 1397.84 1397.909 1397.963 1397.971 1397.98 1397.989 1397.997 1398.054 1398.132 1398.209 1398.287 1398.374 1398.516 1398.658 1398.8 1398.942 1399.0 1399.0 1399.0 1399.0 1399.0 1399.0 1399.0 1399.0 1399.0 1399.0 1399.0 1399.0 1399.0 1399.0 1399.0 1399.0 1399.0 1399.0 1399.0 1399.0 1399.0 1399.0 1399.0 1399.0 1399.0 1399.0 1399.0 1399.0 1399.0 1399.0 1399.0 1399.0 1399.0
1396.163 1396.552 1396.941 1397.164 1397.183 1397.203 1397.223 1397.242 1397.253 1397.263 1397.272 1397.282 1397.333 1397.46 1397.587 1397.714 1397.84 1397.887 1397.913 1397.939 1397.965 1397.986 1397.989 1397.992 1397.996 1397.999 1398.02 1398.05 1398.079 1398.109 1398.161 1398.352 1398.542 1398.732 1398.923 1399.0 1399.0 1399.0 1399.0 1399.0 1399.0 1399.0 1399.0 1399.0 1399.0 1399.0 1399.0 1399.0 1399.0 1399.0 1399.0 1399.0 1399.0 1399.0 1399.0 1399.0 1399.0 1399.0 1399.0 1399.0 1399.0 1399.0 1399.0 1399.0 1399.0 1399.0 1399.0 1399.0
1396.343 1396.753 1397.164 1397.391 1397.391 1397.391 1397.391 1397.391 1397.391 1397.391 1397.391 1397.391 1397.437 1397.571 1397.705 1397.839 1397.973 1398.0 1398.0 1398.0 1398.0 1398.002 1398.008 1398.014 1398.021 1398.027 1398.037 1398.05 1398.063 1398.075 1398.115 1398.316 1398.517 1398.718 1398.918 1399.0 1399.0 1399.0 1399.0 1399.0 1399.0 1399.0 1399.0 1399.0 1399.0 1399.0 1399.0 1399.0 1399.0 1399.0 1399.0 1399.0 1399.0 1399.0 1399.0 1399.0 1399.0 1399.0 1399.0 1399.0 1399.0 1399.0 1399.0 1399.0 1399.0 1399.0 1399.0 1399.0
1396.516 1396.917 1397.317 1397.537 1397.537 1397.537 1397.537 1397.537 1397.537 1397.537 1397.537 1397.537 1397.573 1397.674 1397.776 1397.878 1397.979 1398.0 1398.0 1398.0 1398.0 1398.005 1398.028 1398.05 1398.073 1398.095 1398.133 1398.178 1398.223 1398.267 1398.328 1398.48 1398.633 1398.786 1398.938 1399.0 1399.0 1399.0 1399.0 1399.0 1399.0 1399.0 1399.0 1399.0 1399.0 1399.0 1399.0 1399.0 1399.0 1399.0 1399.0 1399.0 1399.0 1399.0 1399.0 1399.0 1399.0 1399.0 1399.0 1399.0 1399.0 1399.0 1399.0 1399.0 1399.0 1399.0 1399.0 1399.0
1396.69 1397.08 1397.469 1397.684 1397.684 1397.684 1397.684 1397.684 1397.684 1397.684 1397.684 1397.684 1397.708 1397.777 1397.847 1397.916 1397.986 1398.0 1398.0 1398.0 1398.0 1398.01 1398.048 1398.086 1398.125 1398.163 1398.229 1398.306 1398.383 1398.46 1398.541 1398.645 1398.749 1398.853 1398.958 1399.0 1399.0 1399.0 1399.0 1399.0 1399.0 1399.0 1399.0 1399.0 1399.0 1399.0 1399.0 1399.0 1399.0 1399.0 1399.0 1399.0 1399.0 1399.0 1399.0 1399.0 1399.0 1399.0 1399.0 1399.0 1399.0 1399.0 1399.0 1399.0 1399.0 1399.0 1399.0 1399.0
1396.864 1397.243 1397.622 1397.83 1397.83 1397.83 1397.83 1397.83 1397.83 1397.83 1397.83 1397.83 1397.843 1397.88 1397.918 1397.955 1397.992 1398.0 1398.0 1398.0 1398.0 1398.013 1398.068 1398.123 1398.177 1398.232 1398.324 1398.434 1398.543 1398.652 1398.753 1398.809 1398.865 1398.921 1398.977 1399.0 1399.0 1399.0 1399.0 1399.0 1399.0 1399.0 1399.0 1399.0 1399.0 1399.0 1399.0 1399.0 1399.0 1399.0 1399.0 1399.0 1399.0 1399.0 1399.0 1399.0 1399.0 1399.0 1399.0 1399.0 1399.0 1399.0 1399.0 1399.0 1399.0 1399.0 1399.0 1399.0
1397.038 1397.406 1397.774 1397.977 1397.977 1397.977 1397.977 1397.977 1397.977 1397.977 1397.977 1397.977 1397.978 1397.984 1397.989 1397.994 1397.999 1398.0 1398.0 1398.0 1398.0 1398.017 1398.088 1398.159 1398.229 1398.3 1398.42 1398.561 1398.703 1398.844 1398.966 1398.974 1398.981 1398.989 1398.997 1399.0 1399.0 1399.0 1399.0 1399.0 1399.0 1399.0 1399.0 1399.0 1399.0 1399.0 1399.0 1399.0 1399.0 1399.0 1399.0 1399.0 1399.0 1399.0 1399.0 1399.0 1399.0 1399.0 1399.0 1399.0 1399.0 1399.0 1399.0 1399.0 1399.0 1399.0 1399.0 1399.0
1397.066 1397.432 1397.798 1398.0 1398.0 1398.0 1398.0 1398.0 1398.008 1398.017 1398.026 1398.035 1398.038 1398.029 1398.02 1398.011 1398.002 1398.0 1398.0 1398.0 1398.0 1398.018 1398.091 1398.165 1398.238 1398.311 1398.435 1398.582 1398.728 1398.875 1399.0 1399.0 1399.0 1399.0 1399.0 1399.0 1399.0 1399.0 1399.0 1399.0 1399.0 1399.0 1399.0 1399.0 1399.0 1399.0 1399.0 1399.0 1399.0 1399.0 1399.0 1399.0 1399.0 1399.0 1399.0 1399.0 1399.0 1399.0 1399.0 1399.0 1399.0 1399.0 1399.0 1399.0 1399.0 1399.0 1399.0 1399.0
1397.066 1397.432 1397.798 1398.0 1398.0 1398.0 1398.0 1398.0 1398.018 1398.037 1398.057 1398.077 1398.083 1398.063 1398.044 1398.024 1398.004 1398.0 1398.0 1398.0 1398.0 1398.018 1398.091 1398.165 1398.238 1398.311 1398.435 1398.582 1398.728 1398.875 1399.0 1399.0 1399.0 1399.0 1399.0 1399.0 1399.0 1399.0 1399.0 1399.0 1399.0 1399.0 1399.0 1399.0 1399.0 1399.0 1399.0 1399.0 1399.0 1399.0 1399.0 1399.0 1399.0 1399.0 1399.0 1399.0 1399.0 1399.0 1399.0 1399.0 1399.0 1399.0 1399.0 1399.0 1399.0 1399.0 1399.0 1399.0
