data/zism_data/00434_01_D.txt
ncols         224
nrows         224
[rows 87 to 115 of 224, columns 66 to 131 of 224]
100.0 100.0 100.0 100.0 100.0 100.0 100.0 100.0 100.0 100.0 100.0 100.0 100.0 100.0 100.0 100.0 100.0 100.0 100.0 100.0 100.0 100.0 100.0 100.0 100.5313 101.5495 102.5677 103.586 104.6042 107.6196 110.6947 113.7697 116.8448 119.8439 122.7384 125.6329 128.5274 131.4219 134.2468 137.0612 139.8757 142.6901 146.2697 151.4836 156.6976 161.9114 167.1254 171.9326 176.617 181.3014 185.9858 190.0157 191.6895 193.3632 195.0369 196.7106 197.6687 198.2689 198.8692 199.4694 199.9552 199.5684 199.1816 198.7948 198.4081 195.8824
100.0 100.0 100.0 100.0 100.0 100.0 100.0 100.0 100.0 100.0 100.0 100.0 100.0 100.0 100.0 100.0 100.0 100.0 100.0 100.0 100.0 100.0 100.0 100.0 100.4557 101.3291 102.2024 103.0758 103.9492 106.6166 109.3375 112.0584 114.7794 117.3433 119.6905 122.0377 124.3849 126.7322 128.9865 131.2269 133.4672 135.7076 138.8944 144.103 149.3116 154.5201 159.7286 165.1487 170.6325 176.1163 181.6002 186.3852 188.6544 190.9237 193.193 195.4622 196.7726 197.6036 198.4345 199.2654 199.939 199.4127 198.8864 198.3602 197.8339 194.8959
100.0 100.0 100.0 100.0 100.0 100.0 100.0 100.0 100.0 100.0 100.0 100.0 100.0 100.0 100.0 100.0 100.0 100.0 100.0 100.0 100.0 100.0 100.0 100.0 100.3801 101.1086 101.8371 102.5656 103.2941 105.6135 107.9803 110.3471 112.7139 114.8425 116.6425 118.4424 120.2423 122.0423 123.726 125.3923 127.0586 128.7248 131.5188 136.7221 141.9253 147.1284 152.3316 158.3645 164.6478 170.9311 177.2144 182.7545 185.6193 188.4842 191.349 194.2138 195.8765 196.9382 197.9998 199.0614 199.9228 199.257 198.5913 197.9255 197.2597 193.9092
100.8007 101.0105 101.2568 101.5032 101.7495 101.9958 102.0353 101.9961 101.9569 101.9177 101.8473 101.629 101.4107 101.1923 100.974 100.7801 100.6009 100.4218 100.2426 100.0752 100.0584 100.0416 100.0248 100.008 100.3206 100.935 101.5495 102.1639 102.7783 104.7859 106.835 108.8841 110.9332 112.6687 113.9718 115.2749 116.5779 117.881 119.1443 120.4017 121.659 122.9164 125.4257 130.6095 135.7934 140.9772 146.161 152.6185 159.4605 166.3025 173.1445 179.2392 182.6435 186.0479 189.4523 192.8567 194.8605 196.1641 197.4676 198.7712 199.8166 198.8937 197.9709 197.048 196.1252 192.4235
102.3353 102.9473 103.6658 104.3843 105.1028 105.8213 105.9363 105.822 105.7077 105.5934 105.3882 104.7514 104.1145 103.4777 102.8409 102.2752 101.7527 101.2302 100.7076 100.2194 100.1704 100.1214 100.0724 100.0234 100.2758 100.8044 101.333 101.8616 102.3902 104.1191 105.8838 107.6485 109.4133 110.7945 111.6469 112.4993 113.3517 114.2041 115.1847 116.1845 117.1843 118.1841 120.5077 125.6593 130.811 135.9626 141.1143 147.8239 155.0039 162.1839 169.364 175.8293 179.722 183.6146 187.5072 191.3998 193.7345 195.2903 196.846 198.4017 199.6278 198.3401 197.0524 195.7647 194.477 190.4802
103.8699 104.8841 106.0748 107.2654 108.456 109.6467 109.8373 109.6479 109.4584 109.269 108.929 107.8737 106.8183 105.763 104.7077 103.7704 102.9044 102.0385 101.1726 100.3635 100.2824 100.2012 100.12 100.0388 100.231 100.6738 101.1165 101.5592 102.002 103.4523 104.9327 106.413 107.8934 108.9204 109.3221 109.7238 110.1255 110.5272 111.2251 111.9674 112.7096 113.4519 115.5898 120.7093 125.8288 130.9482 136.0677 143.0295 150.5475 158.0655 165.5835 172.4196 176.8005 181.1814 185.5621 189.943 192.6086 194.4165 196.2244 198.0323 199.439 197.7864 196.1339 194.4814 192.8289 188.537
105.4046 106.8209 108.4838 110.1466 111.8094 113.4722 113.7383 113.4738 113.2093 112.9447 112.4699 110.9961 109.5222 108.0484 106.5745 105.2656 104.0562 102.8469 101.6376 100.5077 100.3943 100.281 100.1676 100.0542 100.1862 100.5431 100.9 101.2569 101.6138 102.7855 103.9815 105.1775 106.3735 107.0462 106.9973 106.9483 106.8993 106.8503 107.2654 107.7501 108.2349 108.7196 110.6718 115.7591 120.8464 125.9336 131.0209 138.2349 146.0909 153.947 161.803 169.0097 173.8789 178.748 183.6171 188.4862 191.4826 193.5427 195.6028 197.6629 199.2502 197.2328 195.2154 193.198 191.1806 186.5937
106.9392 108.7577 110.8927 113.0276 115.1626 117.2975 117.6393 117.2996 116.96 116.6203 116.0107 114.1183 112.226 110.3337 108.4414 106.7607 105.208 103.6553 102.1026 100.6519 100.5063 100.3607 100.2152 100.0696 100.1414 100.4125 100.6835 100.9546 101.2257 102.1187 103.0304 103.942 104.8537 105.1721 104.6725 104.1728 103.6731 103.1734 103.3058 103.533 103.7602 103.9874 105.754 110.8091 115.8642 120.9192 125.9743 133.4404 141.6345 149.8286 158.0226 165.6 170.9574 176.3147 181.672 187.0294 190.3567 192.6689 194.9812 197.2934 199.0614 196.6791 194.2969 191.9147 189.5325 184.6504
111.3123 113.7307 116.343 118.9553 121.5677 124.18 124.9121 124.9297 124.9474 124.965 124.6176 122.536 120.4544 118.3728 116.2913 113.874 111.2537 108.6335 106.0132 103.5288 102.7832 102.0375 101.2919 100.5463 100.2781 100.4477 100.6173 100.7869 100.9565 101.6514 102.3621 103.0727 103.7833 104.0258 103.6224 103.2191 102.8158 102.4124 102.5872 102.8486 103.11 103.3714 105.1277 110.0777 115.0277 119.9775 124.9275 132.0447 139.8161 147.5875 155.359 162.5724 167.7773 172.9821 178.1868 183.3916 186.9265 189.6263 192.3262 195.0261 197.153 194.9113 192.6696 190.4279 188.1862 183.5527
115.7699 118.7941 121.884 124.9738 128.0636 131.1534 132.2853 132.6732 133.061 133.4489 133.3755 131.1115 128.8475 126.5835 124.3195 121.1547 117.4453 113.736 110.0266 106.4872 105.1246 103.7619 102.3993 101.0367 100.4203 100.4879 100.5556 100.6232 100.6909 101.1901 101.7022 102.2143 102.7265 102.9012 102.6105 102.3198 102.0292 101.7385 101.9653 102.2696 102.5739 102.8783 104.6296 109.4723 114.3149 119.1575 124.0002 130.7504 138.0765 145.4026 152.7288 159.5564 164.5895 169.6227 174.6557 179.6888 183.4276 186.5191 189.6106 192.7022 195.1934 193.1073 191.0211 188.935 186.8489 182.4802
120.2275 123.8576 127.4249 130.9922 134.5596 138.1269 139.6585 140.4166 141.1746 141.9327 142.1334 139.687 137.2406 134.7942 132.3477 128.4355 123.6369 118.8385 114.0399 109.4456 107.466 105.4864 103.5067 101.5271 100.5624 100.5281 100.4938 100.4596 100.4253 100.7288 101.0424 101.356 101.6696 101.7766 101.5986 101.4206 101.2426 101.0646 101.3434 101.6906 102.0379 102.3852 104.1315 108.8669 113.6022 118.3375 123.0729 129.4561 136.337 143.2178 150.0986 156.5404 161.4018 166.2633 171.1246 175.9861 179.9287 183.4119 186.8951 190.3783 193.2338 191.3032 189.3727 187.4422 185.5117 181.4077
124.6853 128.9212 132.966 137.0109 141.0558 145.1006 147.032 148.1602 149.2885 150.4168 150.8916 148.2628 145.6339 143.0051 140.3763 135.7165 129.8288 123.9411 118.0534 112.4041 109.8075 107.2108 104.6142 102.0175 100.7046 100.5683 100.4321 100.2959 100.1596 100.2674 100.3825 100.4976 100.6127 100.6519 100.5866 100.5213 100.456 100.3907 100.7215 101.1116 101.5018 101.892 103.6334 108.2615 112.8895 117.5175 122.1455 128.1618 134.5973 141.0328 147.4683 153.5242 158.214 162.9037 167.5934 172.2831 176.4297 180.3045 184.1794 188.0543 191.2741 189.4991 187.7242 185.9493 184.1744 180.3351
129.2607 133.8743 138.2569 142.6394 147.022 151.4045 153.7103 155.2268 156.7432 158.2598 159.0491 156.3844 153.7197 151.055 148.3903 143.1718 136.4092 129.6466 122.884 116.3646 112.9592 109.5539 106.1486 102.7432 100.9868 100.7419 100.497 100.252 100.0071 100.0 100.0 100.0 100.0 100.0 100.0 100.0 100.0 100.0 100.3452 100.7423 101.1393 101.5363 103.1928 107.5399 111.887 116.2341 120.5812 126.1089 131.9931 137.8773 143.7614 149.3531 153.8914 158.4298 162.968 167.5064 171.826 176.0361 180.2463 184.4565 188.0043 186.5022 185.0001 183.498 181.996 178.498
133.9986 138.6754 143.2029 147.7303 152.2577 156.7852 159.4301 161.3598 163.2894 165.2191 166.3786 163.8803 161.3819 158.8835 156.3852 150.8682 143.5261 136.1841 128.8419 121.7073 117.2289 112.7505 108.272 103.7936 101.4624 101.0994 100.7365 100.3735 100.0105 100.0 100.0 100.0 100.0 100.0 100.0 100.0 100.0 100.0 100.3079 100.662 101.0161 101.3702 102.8316 106.6582 110.4849 114.3115 118.1381 123.0094 128.1961 133.3827 138.5694 143.5883 148.0033 152.4182 156.8331 161.248 165.6981 170.1658 174.6336 179.1013 182.9272 181.8597 180.7922 179.7247 178.6573 175.606
138.7364 143.4764 148.1487 152.821 157.4933 162.1656 165.1498 167.4926 169.8353 172.1781 173.7079 171.3759 169.0438 166.7118 164.3797 158.5643 150.6428 142.7213 134.7997 127.0499 121.4984 115.9469 110.3954 104.844 101.938 101.457 100.9759 100.4949 100.0139 100.0 100.0 100.0 100.0 100.0 100.0 100.0 100.0 100.0 100.2706 100.5818 100.893 101.2042 102.4703 105.7765 109.0827 112.3889 115.6951 119.91 124.3992 128.8884 133.3775 137.8237 142.1153 146.4068 150.6983 154.9899 159.5705 164.2958 169.021 173.7463 177.8503 177.2174 176.5845 175.9516 175.3187 172.7141
143.4743 148.2776 153.0947 157.9119 162.729 167.5462 170.8697 173.6256 176.3815 179.1374 181.0374 178.8717 176.706 174.5403 172.3746 166.2607 157.7597 149.2588 140.7577 132.3926 125.7681 119.1435 112.5189 105.8943 102.4135 101.8145 101.2154 100.6164 100.0174 100.0 100.0 100.0 100.0 100.0 100.0 100.0 100.0 100.0 100.2333 100.5015 100.7698 101.0381 102.109 104.8948 107.6806 110.4663 113.2521 116.8105 120.6022 124.3938 128.1855 132.059 136.2271 140.3953 144.5634 148.7315 153.4427 158.4255 163.4083 168.3911 172.7731 172.5749 172.3766 172.1783 171.98 169.8222
148.2121 153.0786 158.0406 163.0026 167.9646 172.9266 176.5894 179.7584 182.9274 186.0965 188.3667 186.3673 184.3679 182.3685 180.3691 173.9569 164.8764 155.796 146.7155 137.7352 130.0376 122.3399 114.6423 106.9447 102.8891 102.172 101.4549 100.7379 100.0208 100.0 100.0 100.0 100.0 100.0 100.0 100.0 100.0 100.0 100.1959 100.4213 100.6466 100.872 101.7478 104.0131 106.2785 108.5438 110.8091 113.7111 116.8053 119.8994 122.9936 126.2944 130.3392 134.3839 138.4286 142.4733 147.3151 152.5555 157.7958 163.0361 167.6962 167.9325 168.1688 168.4051 168.6414 166.9303
152.6337 157.1985 161.9135 166.6285 171.3434 176.0584 179.557 182.5933 185.6296 188.6659 190.7945 188.6115 186.4285 184.2456 182.0626 175.4904 166.2643 157.0384 147.8123 138.6835 130.7992 122.915 115.0307 107.1464 102.9887 102.2469 101.5051 100.7633 100.0215 100.0 100.0 100.0 100.0 100.0 100.0 100.0 100.0 100.0 100.1546 100.3323 100.5101 100.6878 101.3891 103.2086 105.0281 106.8477 108.6672 111.0268 113.5494 116.0721 118.5947 121.4032 125.2405 129.0779 132.9152 136.7525 141.4729 146.6349 151.7968 156.9588 161.5897 162.172 162.7542 163.3365 163.9187 162.5051
157.0077 161.2162 165.6253 170.0345 174.4436 178.8528 182.1116 184.9333 187.755 190.5767 192.487 190.0679 187.6489 185.2298 182.8108 176.0995 166.7929 157.4865 148.18 138.9726 131.0347 123.0968 115.1589 107.2209 103.0319 102.2794 101.5269 100.7744 100.0218 100.0 100.0 100.0 100.0 100.0 100.0 100.0 100.0 100.0 100.1126 100.242 100.3715 100.501 101.0307 102.4157 103.8007 105.1856 106.5706 108.4049 110.3749 112.3449 114.315 116.6431 120.2605 123.8779 127.4952 131.1126 135.6738 140.707 145.7401 150.7733 155.329 156.2439 157.1588 158.0737 158.9886 157.8499
161.3817 165.2338 169.3372 173.4405 177.5438 181.6472 184.6662 187.2733 189.8804 192.4875 194.1794 191.5243 188.8692 186.2141 183.5589 176.7085 167.3215 157.9346 148.5476 139.2617 131.2701 123.2786 115.287 107.2954 103.0752 102.3119 101.5486 100.7854 100.0221 100.0 100.0 100.0 100.0 100.0 100.0 100.0 100.0 100.0 100.0706 100.1518 100.2329 100.3141 100.6724 101.6228 102.5732 103.5235 104.4739 105.783 107.2004 108.6178 110.0352 111.883 115.2804 118.6778 122.0752 125.4726 129.8746 134.7791 139.6835 144.5879 149.0683 150.3158 151.5634 152.8109 154.0585 153.1948
165.7559 169.2516 173.0491 176.8466 180.6441 184.4416 187.221 189.6134 192.0059 194.3984 195.8719 192.9807 190.0895 187.1983 184.3071 177.3176 167.8501 158.3828 148.9153 139.5508 131.5056 123.4604 115.4151 107.3699 103.1184 102.3444 101.5704 100.7964 100.0224 100.0 100.0 100.0 100.0 100.0 100.0 100.0 100.0 100.0 100.0286 100.0615 100.0944 100.1273 100.3141 100.8299 101.3457 101.8614 102.3772 103.161 104.0258 104.8905 105.7553 107.1228 110.3002 113.4776 116.655 119.8324 124.0753 128.8509 133.6266 138.4022 142.8073 144.3876 145.9678 147.548 149.1282 148.5396
170.1798 173.3136 176.7403 180.167 183.5937 187.0203 189.4702 191.5488 193.6274 195.7061 196.8621 193.6356 190.4091 187.1826 183.9562 176.8978 167.5226 158.1476 148.7723 139.5085 131.6714 123.8343 115.9971 108.16 104.0604 103.3868 102.7133 102.0398 101.3662 101.3235 101.2995 101.2756 101.2516 101.1443 100.9219 100.6995 100.4771 100.2548 100.1826 100.133 100.0834 100.0338 100.0652 100.2695 100.4738 100.6782 100.8825 101.2787 101.7328 102.187 102.6411 103.6178 106.476 109.3343 112.1925 115.0507 119.0523 123.6256 128.1989 132.7722 137.0293 138.8755 140.7216 142.5678 144.4139 144.0481
174.7104 177.4706 180.3876 183.3045 186.2215 189.1384 191.0669 192.6197 194.1725 195.7254 196.3519 192.5781 188.8043 185.0306 181.2568 174.2798 165.366 156.4524 147.5386 138.7584 131.6885 124.6186 117.5487 110.4788 106.9225 106.587 106.2515 105.916 105.5805 105.4746 105.3755 105.2764 105.1774 104.7333 103.8134 102.8936 101.9737 101.0538 100.7554 100.5502 100.345 100.1398 100.0498 100.2058 100.3619 100.5179 100.674 100.9766 101.3234 101.6702 102.017 102.7943 105.1213 107.4484 109.7754 112.1024 115.6873 119.9012 124.115 128.3288 132.2824 134.252 136.2215 138.1911 140.1606 139.9061
179.2408 181.6274 184.0347 186.4419 188.8492 191.2564 192.6635 193.6906 194.7176 195.7446 195.8416 191.5206 187.1996 182.8786 178.5576 171.6619 163.2095 154.7573 146.3049 138.0083 131.7056 125.4029 119.1003 112.7976 109.7846 109.7871 109.7896 109.7921 109.7946 109.6255 109.4513 109.2772 109.103 108.3223 106.7049 105.0875 103.4702 101.8528 101.3281 100.9673 100.6065 100.2458 100.0344 100.1421 100.2499 100.3577 100.4654 100.6744 100.9139 101.1534 101.3929 101.9707 103.7666 105.5625 107.3584 109.1543 112.3225 116.1769 120.0312 123.8856 127.5357 129.6286 131.7216 133.8145 135.9075 135.7642
183.7714 185.7844 187.6819 189.5795 191.477 193.3745 194.2603 194.7615 195.2627 195.7639 195.3313 190.4631 185.5948 180.7265 175.8582 169.0439 161.0529 153.0621 145.0711 137.2581 131.7227 126.1873 120.6519 115.1165 112.6468 112.9873 113.3278 113.6683 114.0088 113.7766 113.5273 113.278 113.0287 111.9113 109.5964 107.2816 104.9667 102.6519 101.9009 101.3845 100.8681 100.3517 100.019 100.0785 100.1379 100.1974 100.2569 100.3722 100.5044 100.6366 100.7688 101.1472 102.4119 103.6766 104.9413 106.2061 108.9576 112.4524 115.9473 119.4422 122.7888 125.0051 127.2215 129.4379 131.6542 131.6222
188.3018 189.9412 191.329 192.7169 194.1047 195.4926 195.8569 195.8323 195.8078 195.7832 194.8211 189.4056 183.99 178.5745 173.159 166.426 158.8964 151.367 143.8374 136.508 131.7398 126.9716 122.2034 117.4352 115.5088 116.1874 116.8659 117.5444 118.2229 117.9276 117.6032 117.2788 116.9544 115.5002 112.4879 109.4755 106.4632 103.4509 102.4736 101.8017 101.1297 100.4577 100.0036 100.0148 100.026 100.0372 100.0484 100.0701 100.095 100.1198 100.1447 100.3237 101.0572 101.7908 102.5244 103.2579 105.5927 108.7281 111.8635 114.9989 118.0421 120.3818 122.7216 125.0613 127.401 127.4804
191.0306 192.3772 193.4078 194.4384 195.469 196.4996 196.4712 196.0403 195.6095 195.1786 193.8925 188.5437 183.195 177.8463 172.4975 166.3906 159.8253 153.2601 146.6947 140.3349 136.606 132.8771 129.1482 125.4193 124.119 125.0448 125.9707 126.8966 127.8224 127.4533 127.0456 126.6378 126.23 124.2404 120.069 115.8975 111.7262 107.5547 105.7355 104.2691 102.8028 101.3364 100.3139 100.2398 100.1656 100.0914 100.0172 100.0 100.0 100.0 100.0 100.1103 100.6177 101.125 101.6324 102.1398 104.099 106.7843 109.4695 112.1548 114.7971 117.1119 119.4267 121.7414 124.0562 124.2242
193.2155 194.2936 195.013 195.7325 196.4519 197.1713 196.7889 195.9879 195.1868 194.3857 192.8376 187.7411 182.6445 177.5479 172.4513 167.1349 161.6855 156.2363 150.7869 145.5435 142.9359 140.3284 137.7208 135.1132 134.464 135.6098 136.7557 137.9015 139.0473 138.6012 138.1077 137.614 137.1204 134.5354 129.0655 123.5957 118.1259 112.6561 109.809 107.3555 104.9019 102.4483 100.7226 100.5519 100.3811 100.2104 100.0396 100.0 100.0 100.0 100.0 100.0811 100.4544 100.8276 101.2009 101.5741 103.1703 105.378 107.5858 109.7935 112.0056 114.2506 116.4957 118.7407 120.9857 121.2356
195.4004 196.2101 196.6183 197.0266 197.4348 197.843 197.1067 195.9354 194.7641 193.5928 191.7827 186.9383 182.0939 177.2495 172.4051 167.8792 163.5459 159.2126 154.8793 150.7523 149.2661 147.7799 146.2937 144.8075 144.8093 146.1752 147.541 148.9068 150.2726 149.7496 149.1701 148.5907 148.0112 144.8306 138.0623 131.294 124.5259 117.7576 113.8827 110.4419 107.0011 103.5603 101.1313 100.864 100.5967 100.3293 100.062 100.0 100.0 100.0 100.0 100.052 100.2911 100.5302 100.7693 101.0084 102.2415 103.9718 105.702 107.4322 109.214 111.3893 113.5646 115.7399 117.9151 118.2469
