data/zism_data/00435_02_D.txt
ncols         224
nrows         224
[rows 145 to 173 of 224, columns 0 to 65 of 224]
1391.0 1391.0 1391.0 1391.066 1391.212 1391.359 1391.505 1391.652 1391.732 1391.806 1391.879 1391.952 1392.0 1392.0 1392.0 1392.0 1392.0 1392.175 1392.395 1392.615 1392.834 1393.0 1393.0 1393.0 1393.0 1393.0 1393.153 1393.373 1393.592 1393.812 1394.0 1394.0 1394.0 1394.0 1394.0 1394.044 1394.117 1394.19 1394.263 1394.34 1394.486 1394.633 1394.779 1394.926 1395.072 1395.219 1395.365 1395.512 1395.658 1395.736 1395.809 1395.882 1395.955 1396.0 1396.0 1396.0 1396.0 1396.0 1396.185 1396.404 1396.624 1396.844 1397.0 1397.0 1397.0 1397.0
1391.0 1391.0 1391.0 1391.066 1391.212 1391.359 1391.505 1391.652 1391.732 1391.806 1391.879 1391.952 1392.0 1392.0 1392.0 1392.0 1392.0 1392.175 1392.395 1392.615 1392.834 1393.0 1393.0 1393.0 1393.0 1393.0 1393.153 1393.373 1393.592 1393.812 1394.0 1394.0 1394.0 1394.0 1394.0 1394.044 1394.117 1394.19 1394.263 1394.34 1394.486 1394.633 1394.779 1394.926 1395.072 1395.219 1395.365 1395.512 1395.658 1395.736 1395.809 1395.882 1395.955 1396.0 1396.0 1396.0 1396.0 1396.0 1396.185 1396.404 1396.624 1396.844 1397.0 1397.0 1397.0 1397.0
1391.0 1391.0 1391.0 1391.066 1391.212 1391.359 1391.505 1391.652 1391.732 1391.806 1391.879 1391.952 1392.0 1392.0 1392.0 1392.0 1392.0 1392.175 1392.395 1392.615 1392.834 1393.0 1393.0 1393.0 1393.0 1393.0 1393.153 1393.373 1393.592 1393.812 1394.0 1394.0 1394.0 1394.0 1394.0 1394.044 1394.117 1394.19 1394.263 1394.34 1394.486 1394.633 1394.779 1394.926 1395.072 1395.219 1395.365 1395.512 1395.658 1395.736 1395.809 1395.882 1395.955 1396.0 1396.0 1396.0 1396.0 1396.0 1396.185 1396.404 1396.624 1396.844 1397.0 1397.0 1397.0 1397.0
1391.0 1391.0 1391.0 1391.066 1391.212 1391.359 1391.505 1391.652 1391.732 1391.806 1391.879 1391.952 1392.0 1392.0 1392.0 1392.0 1392.0 1392.175 1392.395 1392.615 1392.834 1393.0 1393.0 1393.0 1393.0 1393.0 1393.153 1393.373 1393.592 1393.812 1394.0 1394.0 1394.0 1394.0 1394.0 1394.044 1394.117 1394.19 1394.263 1394.34 1394.486 1394.633 1394.779 1394.926 1395.072 1395.219 1395.365 1395.512 1395.658 1395.736 1395.809 1395.882 1395.955 1396.0 1396.0 1396.0 1396.0 1396.0 1396.185 1396.404 1396.624 1396.844 1397.0 1397.0 1397.0 1397.0
1391.0 1391.0 1391.0 1391.066 1391.212 1391.359 1391.505 1391.652 1391.732 1391.806 1391.879 1391.952 1392.0 1392.0 1392.0 1392.0 1392.0 1392.175 1392.395 1392.615 1392.834 1393.0 1393.0 1393.0 1393.0 1393.0 1393.153 1393.373 1393.592 1393.812 1394.0 1394.0 1394.0 1394.0 1394.0 1394.044 1394.117 1394.19 1394.263 1394.34 1394.486 1394.633 1394.779 1394.926 1395.068 1395.207 1395.346 1395.484 1395.623 1395.708 1395.789 1395.87 1395.951 1396.0 1396.0 1396.0 1396.0 1396.0 1396.181 1396.397 1396.613 1396.829 1396.983 1396.987 1396.991 1396.995
1391.0 1391.0 1391.0 1391.066 1391.212 1391.359 1391.505 1391.652 1391.732 1391.806 1391.879 1391.952 1392.0 1392.0 1392.0 1392.0 1392.0 1392.175 1392.395 1392.615 1392.834 1393.0 1393.0 1393.0 1393.0 1393.0 1393.153 1393.373 1393.592 1393.812 1394.0 1394.0 1394.0 1394.0 1394.0 1394.044 1394.117 1394.19 1394.263 1394.34 1394.486 1394.633 1394.779 1394.926 1395.058 1395.175 1395.292 1395.41 1395.527 1395.63 1395.733 1395.835 1395.938 1396.0 1396.0 1396.0 1396.0 1396.0 1396.172 1396.378 1396.583 1396.788 1396.938 1396.952 1396.967 1396.982
1391.0 1391.0 1391.0 1391.066 1391.212 1391.359 1391.505 1391.652 1391.732 1391.806 1391.879 1391.952 1392.0 1392.0 1392.0 1392.0 1392.0 1392.175 1392.395 1392.615 1392.834 1393.0 1393.0 1393.0 1393.0 1393.0 1393.153 1393.373 1393.592 1393.812 1394.0 1394.0 1394.0 1394.0 1394.0 1394.044 1394.117 1394.19 1394.263 1394.34 1394.486 1394.633 1394.779 1394.926 1395.047 1395.143 1395.239 1395.335 1395.43 1395.553 1395.677 1395.801 1395.925 1396.0 1396.0 1396.0 1396.0 1396.0 1396.163 1396.358 1396.552 1396.747 1396.892 1396.917 1396.943 1396.968
1391.0 1391.0 1391.0 1391.066 1391.212 1391.359 1391.505 1391.652 1391.732 1391.806 1391.879 1391.952 1392.0 1392.0 1392.0 1392.0 1392.0 1392.175 1392.395 1392.615 1392.834 1393.0 1393.0 1393.0 1393.0 1393.0 1393.153 1393.373 1393.592 1393.812 1394.0 1394.0 1394.0 1394.0 1394.0 1394.044 1394.117 1394.19 1394.263 1394.34 1394.486 1394.633 1394.779 1394.926 1395.037 1395.111 1395.185 1395.26 1395.334 1395.475 1395.621 1395.766 1395.911 1396.0 1396.0 1396.0 1396.0 1396.0 1396.154 1396.338 1396.522 1396.705 1396.846 1396.882 1396.918 1396.954
1391.0 1391.0 1391.0 1391.066 1391.212 1391.359 1391.505 1391.652 1391.732 1391.806 1391.879 1391.952 1392.0 1392.0 1392.0 1392.0 1392.0 1392.175 1392.395 1392.615 1392.834 1393.0 1393.0 1393.0 1393.0 1393.0 1393.153 1393.373 1393.592 1393.812 1394.0 1394.0 1394.0 1394.0 1394.0 1394.044 1394.117 1394.19 1394.263 1394.34 1394.486 1394.633 1394.779 1394.926 1395.026 1395.079 1395.132 1395.185 1395.238 1395.398 1395.565 1395.732 1395.898 1396.0 1396.0 1396.0 1396.0 1396.0 1396.145 1396.318 1396.491 1396.664 1396.801 1396.847 1396.894 1396.941
1391.0 1391.0 1391.0 1391.066 1391.212 1391.359 1391.505 1391.652 1391.732 1391.806 1391.879 1391.952 1392.0 1392.0 1392.0 1392.0 1392.0 1392.175 1392.395 1392.615 1392.834 1393.001 1393.005 1393.01 1393.014 1393.018 1393.17 1393.385 1393.6 1393.816 1394.0 1394.0 1394.0 1394.0 1394.0 1394.049 1394.131 1394.213 1394.295 1394.379 1394.517 1394.655 1394.792 1394.93 1395.02 1395.06 1395.1 1395.14 1395.18 1395.352 1395.531 1395.711 1395.891 1396.0 1396.0 1396.0 1396.0 1396.0 1396.14 1396.307 1396.473 1396.64 1396.773 1396.827 1396.88 1396.933
1391.0 1391.0 1391.0 1391.066 1391.212 1391.359 1391.505 1391.652 1391.732 1391.806 1391.879 1391.952 1392.0 1392.0 1392.0 1392.0 1392.0 1392.175 1392.395 1392.615 1392.834 1393.002 1393.012 1393.022 1393.031 1393.041 1393.19 1393.4 1393.61 1393.82 1394.0 1394.0 1394.0 1394.0 1394.0 1394.055 1394.148 1394.24 1394.333 1394.427 1394.554 1394.681 1394.808 1394.936 1395.015 1395.044 1395.073 1395.103 1395.132 1395.313 1395.503 1395.694 1395.884 1396.0 1396.0 1396.0 1396.0 1396.0 1396.135 1396.297 1396.458 1396.619 1396.75 1396.809 1396.868 1396.926
1391.0 1391.0 1391.0 1391.066 1391.212 1391.359 1391.505 1391.652 1391.732 1391.806 1391.879 1391.952 1392.0 1392.0 1392.0 1392.0 1392.0 1392.175 1392.395 1392.615 1392.834 1393.004 1393.019 1393.034 1393.049 1393.064 1393.211 1393.416 1393.62 1393.825 1394.0 1394.0 1394.0 1394.0 1394.0 1394.061 1394.165 1394.268 1394.372 1394.476 1394.592 1394.708 1394.825 1394.941 1395.009 1395.028 1395.047 1395.065 1395.084 1395.274 1395.475 1395.677 1395.878 1396.0 1396.0 1396.0 1396.0 1396.0 1396.131 1396.287 1396.443 1396.598 1396.728 1396.792 1396.855 1396.919
1391.0 1391.0 1391.0 1391.066 1391.212 1391.359 1391.505 1391.652 1391.732 1391.806 1391.879 1391.952 1392.0 1392.0 1392.0 1392.0 1392.0 1392.175 1392.395 1392.615 1392.834 1393.005 1393.026 1393.046 1393.066 1393.087 1393.232 1393.431 1393.63 1393.83 1394.0 1394.0 1394.0 1394.0 1394.0 1394.068 1394.182 1394.296 1394.41 1394.524 1394.63 1394.735 1394.841 1394.946 1395.004 1395.012 1395.02 1395.028 1395.036 1395.236 1395.447 1395.659 1395.871 1396.0 1396.0 1396.0 1396.0 1396.0 1396.126 1396.277 1396.427 1396.578 1396.705 1396.774 1396.843 1396.913
1391.0 1391.0 1391.0 1391.066 1391.212 1391.359 1391.505 1391.652 1391.732 1391.806 1391.879 1391.952 1392.004 1392.017 1392.03 1392.042 1392.055 1392.222 1392.43 1392.637 1392.844 1393.007 1393.034 1393.061 1393.088 1393.116 1393.258 1393.45 1393.643 1393.835 1394.001 1394.01 1394.018 1394.026 1394.035 1394.109 1394.228 1394.348 1394.467 1394.585 1394.677 1394.769 1394.861 1394.953 1395.0 1395.0 1395.0 1395.0 1395.0 1395.199 1395.41 1395.622 1395.833 1395.965 1395.974 1395.982 1395.99 1395.999 1396.123 1396.27 1396.416 1396.563 1396.688 1396.761 1396.834 1396.908
1391.0 1391.0 1391.0 1391.066 1391.212 1391.359 1391.505 1391.652 1391.732 1391.806 1391.879 1391.952 1392.021 1392.082 1392.143 1392.204 1392.265 1392.404 1392.563 1392.721 1392.88 1393.009 1393.047 1393.085 1393.123 1393.161 1393.299 1393.481 1393.663 1393.845 1394.006 1394.047 1394.087 1394.128 1394.168 1394.249 1394.358 1394.466 1394.575 1394.682 1394.752 1394.823 1394.894 1394.964 1395.0 1395.0 1395.0 1395.0 1395.0 1395.169 1395.348 1395.527 1395.706 1395.831 1395.872 1395.912 1395.953 1395.994 1396.123 1396.27 1396.416 1396.563 1396.688 1396.761 1396.834 1396.908
1391.0 1391.0 1391.0 1391.066 1391.212 1391.359 1391.505 1391.652 1391.732 1391.806 1391.879 1391.952 1392.038 1392.147 1392.256 1392.365 1392.475 1392.585 1392.696 1392.806 1392.917 1393.012 1393.061 1393.109 1393.158 1393.207 1393.341 1393.512 1393.683 1393.854 1394.01 1394.083 1394.156 1394.229 1394.302 1394.389 1394.487 1394.585 1394.683 1394.778 1394.828 1394.877 1394.926 1394.975 1395.0 1395.0 1395.0 1395.0 1395.0 1395.138 1395.285 1395.432 1395.579 1395.697 1395.77 1395.843 1395.916 1395.988 1396.123 1396.27 1396.416 1396.563 1396.688 1396.761 1396.834 1396.908
1391.0 1391.0 1391.0 1391.066 1391.212 1391.359 1391.505 1391.652 1391.732 1391.806 1391.879 1391.952 1392.055 1392.212 1392.37 1392.527 1392.685 1392.766 1392.828 1392.891 1392.953 1393.015 1393.074 1393.133 1393.193 1393.252 1393.382 1393.542 1393.703 1393.863 1394.015 1394.12 1394.225 1394.33 1394.435 1394.529 1394.617 1394.704 1394.791 1394.875 1394.903 1394.931 1394.958 1394.986 1395.0 1395.0 1395.0 1395.0 1395.0 1395.108 1395.223 1395.338 1395.453 1395.563 1395.668 1395.773 1395.878 1395.983 1396.123 1396.27 1396.416 1396.563 1396.688 1396.761 1396.834 1396.908
1391.0 1391.0 1391.0 1391.066 1391.212 1391.359 1391.505 1391.652 1391.732 1391.806 1391.879 1391.952 1392.072 1392.277 1392.483 1392.689 1392.895 1392.948 1392.961 1392.975 1392.99 1393.017 1393.087 1393.158 1393.228 1393.298 1393.423 1393.573 1393.723 1393.872 1394.02 1394.157 1394.294 1394.431 1394.568 1394.67 1394.746 1394.822 1394.899 1394.972 1394.978 1394.984 1394.991 1394.997 1395.0 1395.0 1395.0 1395.0 1395.0 1395.078 1395.16 1395.243 1395.326 1395.43 1395.567 1395.704 1395.841 1395.978 1396.123 1396.27 1396.416 1396.563 1396.688 1396.761 1396.834 1396.908
1391.0 1391.0 1391.0 1391.066 1391.212 1391.359 1391.505 1391.652 1391.732 1391.806 1391.879 1391.952 1392.076 1392.296 1392.516 1392.736 1392.955 1393.0 1393.0 1393.0 1393.0 1393.018 1393.091 1393.165 1393.238 1393.311 1393.459 1393.64 1393.821 1394.001 1394.174 1394.298 1394.421 1394.545 1394.668 1394.755 1394.817 1394.879 1394.941 1395.0 1395.0 1395.0 1395.0 1395.0 1395.0 1395.0 1395.0 1395.0 1395.0 1395.069 1395.142 1395.216 1395.289 1395.391 1395.537 1395.684 1395.83 1395.977 1396.13 1396.284 1396.438 1396.592 1396.72 1396.786 1396.852 1396.917
1391.0 1391.0 1391.0 1391.066 1391.212 1391.359 1391.505 1391.652 1391.732 1391.806 1391.879 1391.952 1392.076 1392.296 1392.516 1392.736 1392.955 1393.0 1393.0 1393.0 1393.0 1393.018 1393.091 1393.165 1393.238 1393.311 1393.493 1393.722 1393.951 1394.18 1394.389 1394.48 1394.572 1394.663 1394.755 1394.819 1394.865 1394.911 1394.956 1395.0 1395.0 1395.0 1395.0 1395.0 1395.0 1395.0 1395.0 1395.0 1395.0 1395.069 1395.142 1395.216 1395.289 1395.391 1395.537 1395.684 1395.83 1395.977 1396.139 1396.303 1396.468 1396.633 1396.766 1396.821 1396.876 1396.931
1391.0 1391.0 1391.0 1391.066 1391.212 1391.359 1391.505 1391.652 1391.732 1391.806 1391.879 1391.952 1392.076 1392.296 1392.516 1392.736 1392.955 1393.0 1393.0 1393.0 1393.0 1393.018 1393.091 1393.165 1393.238 1393.311 1393.526 1393.804 1394.081 1394.358 1394.604 1394.663 1394.723 1394.782 1394.841 1394.883 1394.912 1394.942 1394.972 1395.0 1395.0 1395.0 1395.0 1395.0 1395.0 1395.0 1395.0 1395.0 1395.0 1395.069 1395.142 1395.216 1395.289 1395.391 1395.537 1395.684 1395.83 1395.977 1396.148 1396.323 1396.499 1396.674 1396.812 1396.856 1396.9 1396.944
1391.0 1391.0 1391.0 1391.066 1391.212 1391.359 1391.505 1391.652 1391.732 1391.806 1391.879 1391.952 1392.076 1392.296 1392.516 1392.736 1392.955 1393.0 1393.0 1393.0 1393.0 1393.018 1393.091 1393.165 1393.238 1393.311 1393.56 1393.885 1394.211 1394.537 1394.819 1394.846 1394.873 1394.9 1394.927 1394.946 1394.96 1394.974 1394.987 1395.0 1395.0 1395.0 1395.0 1395.0 1395.0 1395.0 1395.0 1395.0 1395.0 1395.069 1395.142 1395.216 1395.289 1395.391 1395.537 1395.684 1395.83 1395.977 1396.157 1396.343 1396.529 1396.716 1396.858 1396.891 1396.924 1396.958
1391.0 1391.0 1391.0 1391.066 1391.214 1391.361 1391.508 1391.656 1391.736 1391.808 1391.88 1391.953 1392.074 1392.286 1392.498 1392.71 1392.922 1392.971 1392.979 1392.986 1392.994 1393.018 1393.091 1393.165 1393.238 1393.311 1393.586 1393.95 1394.314 1394.677 1394.989 1394.991 1394.994 1394.996 1394.999 1395.0 1395.0 1395.0 1395.0 1395.0 1395.0 1395.0 1395.0 1395.0 1395.0 1395.0 1395.0 1395.0 1395.0 1395.069 1395.142 1395.216 1395.289 1395.391 1395.537 1395.684 1395.83 1395.977 1396.166 1396.364 1396.562 1396.76 1396.908 1396.934 1396.96 1396.987
1391.0 1391.0 1391.0 1391.069 1391.221 1391.374 1391.527 1391.679 1391.755 1391.822 1391.889 1391.956 1392.057 1392.221 1392.385 1392.548 1392.712 1392.79 1392.846 1392.902 1392.958 1393.018 1393.091 1393.165 1393.238 1393.311 1393.575 1393.923 1394.27 1394.618 1394.918 1394.936 1394.955 1394.974 1394.992 1395.0 1395.0 1395.0 1395.0 1395.0 1395.0 1395.0 1395.0 1395.0 1395.0 1395.0 1395.0 1395.0 1395.0 1395.069 1395.142 1395.216 1395.289 1395.391 1395.537 1395.684 1395.83 1395.977 1396.18 1396.394 1396.608 1396.822 1396.984 1397.021 1397.058 1397.095
1391.0 1391.0 1391.0 1391.071 1391.229 1391.387 1391.545 1391.703 1391.775 1391.836 1391.898 1391.96 1392.04 1392.156 1392.271 1392.387 1392.502 1392.609 1392.713 1392.817 1392.921 1393.018 1393.091 1393.165 1393.238 1393.311 1393.564 1393.896 1394.227 1394.558 1394.847 1394.882 1394.916 1394.951 1394.986 1395.0 1395.0 1395.0 1395.0 1395.0 1395.0 1395.0 1395.0 1395.0 1395.0 1395.0 1395.0 1395.0 1395.0 1395.069 1395.142 1395.216 1395.289 1395.391 1395.537 1395.684 1395.83 1395.977 1396.193 1396.423 1396.654 1396.884 1397.061 1397.108 1397.156 1397.204
1391.0 1391.0 1391.0 1391.073 1391.237 1391.4 1391.564 1391.727 1391.794 1391.851 1391.907 1391.963 1392.023 1392.091 1392.158 1392.225 1392.292 1392.427 1392.58 1392.732 1392.885 1393.018 1393.091 1393.165 1393.238 1393.311 1393.553 1393.868 1394.184 1394.499 1394.776 1394.827 1394.878 1394.928 1394.979 1395.0 1395.0 1395.0 1395.0 1395.0 1395.0 1395.0 1395.0 1395.0 1395.0 1395.0 1395.0 1395.0 1395.0 1395.069 1395.142 1395.216 1395.289 1395.391 1395.537 1395.684 1395.83 1395.977 1396.207 1396.453 1396.699 1396.945 1397.137 1397.196 1397.254 1397.312
1391.0 1391.0 1391.0 1391.076 1391.245 1391.413 1391.582 1391.751 1391.814 1391.865 1391.916 1391.967 1392.007 1392.026 1392.044 1392.063 1392.082 1392.246 1392.447 1392.648 1392.849 1393.018 1393.091 1393.165 1393.238 1393.311 1393.542 1393.841 1394.14 1394.439 1394.705 1394.772 1394.839 1394.906 1394.973 1395.0 1395.0 1395.0 1395.0 1395.0 1395.0 1395.0 1395.0 1395.0 1395.0 1395.0 1395.0 1395.0 1395.0 1395.069 1395.142 1395.216 1395.289 1395.391 1395.537 1395.684 1395.83 1395.977 1396.22 1396.483 1396.745 1397.007 1397.214 1397.283 1397.352 1397.421
1391.0 1391.0 1391.0 1391.08 1391.257 1391.435 1391.612 1391.789 1391.845 1391.888 1391.93 1391.972 1392.01 1392.04 1392.069 1392.098 1392.128 1392.286 1392.476 1392.666 1392.857 1393.023 1393.116 1393.209 1393.301 1393.394 1393.599 1393.853 1394.107 1394.361 1394.591 1394.684 1394.777 1394.87 1394.962 1395.0 1395.0 1395.0 1395.0 1395.0 1395.0 1395.0 1395.0 1395.0 1395.0 1395.0 1395.0 1395.0 1395.0 1395.069 1395.142 1395.216 1395.289 1395.402 1395.578 1395.754 1395.93 1396.106 1396.354 1396.616 1396.878 1397.14 1397.345 1397.408 1397.472 1397.535
1391.0 1391.0 1391.0 1391.085 1391.273 1391.461 1391.649 1391.837 1391.885 1391.916 1391.948 1391.979 1392.027 1392.105 1392.182 1392.26 1392.338 1392.467 1392.609 1392.751 1392.893 1393.031 1393.156 1393.281 1393.406 1393.531 1393.701 1393.89 1394.08 1394.269 1394.449 1394.574 1394.699 1394.824 1394.949 1395.0 1395.0 1395.0 1395.0 1395.0 1395.0 1395.0 1395.0 1395.0 1395.0 1395.0 1395.0 1395.0 1395.0 1395.069 1395.142 1395.216 1395.289 1395.421 1395.645 1395.869 1396.094 1396.318 1396.565 1396.816 1397.067 1397.319 1397.511 1397.558 1397.606 1397.653
