data/zism_data/00438_02_D.txt
ncols         224
nrows         224
[rows 112 to 139 of 224, columns 63 to 125 of 224]
1036.976 1044.451 1050.439 1055.917 1061.395 1066.873 1071.805 1074.165 1076.525 1078.885 1081.244 1079.473 1075.015 1070.556 1066.098 1061.777 1061.096 1060.414 1059.733 1059.052 1060.908 1065.658 1070.408 1075.158 1079.908 1079.126 1077.715 1076.304 1074.893 1072.405 1067.716 1063.027 1058.339 1053.65 1057.037 1062.987 1068.936 1074.886 1080.529 1084.862 1089.196 1093.529 1097.863 1099.057 1098.331 1097.605 1096.879 1096.034 1092.991 1089.948 1086.905 1083.862 1078.586 1070.906 1063.227 1055.547 1047.868 1042.34 1037.018 1031.697 1026.375 1023.196 1024.118
1035.916 1043.18 1049.443 1055.364 1061.284 1067.205 1072.615 1075.624 1078.633 1081.642 1084.65 1083.739 1080.276 1076.814 1073.352 1069.986 1069.167 1068.349 1067.531 1066.713 1068.052 1071.852 1075.652 1079.452 1083.252 1081.04 1078.144 1075.248 1072.352 1068.497 1062.679 1056.861 1051.042 1045.224 1048.608 1054.912 1061.215 1067.519 1073.735 1079.578 1085.421 1091.264 1097.107 1099.115 1098.778 1098.441 1098.104 1097.647 1094.976 1092.305 1089.635 1086.964 1082.021 1074.633 1067.245 1059.857 1052.469 1046.66 1041.003 1035.346 1029.689 1025.977 1025.988
1034.242 1041.147 1047.589 1053.873 1060.157 1066.441 1072.255 1075.857 1079.459 1083.061 1086.663 1086.668 1084.333 1081.998 1079.663 1077.385 1076.61 1075.834 1075.059 1074.283 1075.176 1077.971 1080.767 1083.562 1086.358 1082.705 1078.318 1073.931 1069.545 1064.332 1057.429 1050.526 1043.623 1036.72 1039.969 1046.438 1052.907 1059.376 1066.023 1073.426 1080.829 1088.233 1095.636 1098.435 1098.419 1098.402 1098.385 1098.254 1096.0 1093.746 1091.492 1089.238 1084.727 1077.788 1070.849 1063.91 1056.971 1050.894 1044.901 1038.907 1032.914 1028.648 1027.692
1032.567 1039.114 1045.736 1052.383 1059.03 1065.678 1071.896 1076.09 1080.285 1084.48 1088.675 1089.598 1088.39 1087.183 1085.975 1084.785 1084.052 1083.32 1082.587 1081.854 1082.3 1084.091 1085.882 1087.673 1089.464 1084.37 1078.492 1072.614 1066.737 1060.166 1052.179 1044.191 1036.203 1028.216 1031.329 1037.963 1044.598 1051.233 1058.31 1067.274 1076.237 1085.201 1094.165 1097.755 1098.059 1098.363 1098.667 1098.861 1097.024 1095.187 1093.35 1091.513 1087.434 1080.944 1074.453 1067.963 1061.473 1055.129 1048.798 1042.468 1036.138 1031.32 1029.396
1030.892 1037.081 1043.882 1050.893 1057.904 1064.914 1071.536 1076.324 1081.112 1085.9 1090.688 1092.527 1092.447 1092.367 1092.287 1092.185 1091.495 1090.805 1090.115 1089.425 1089.425 1090.211 1090.997 1091.783 1092.569 1086.034 1078.666 1071.297 1063.929 1056.001 1046.929 1037.856 1028.784 1019.712 1022.689 1029.489 1036.29 1043.09 1050.597 1061.121 1071.645 1082.169 1092.693 1097.075 1097.7 1098.324 1098.949 1099.469 1098.048 1096.628 1095.208 1093.787 1090.141 1084.099 1078.058 1072.016 1065.975 1059.363 1052.696 1046.029 1039.362 1033.991 1031.101
1029.635 1035.425 1042.312 1049.574 1056.837 1064.099 1071.01 1076.267 1081.524 1086.781 1092.038 1094.639 1095.511 1096.383 1097.255 1098.073 1097.448 1096.822 1096.197 1095.572 1095.218 1095.172 1095.127 1095.082 1095.037 1087.307 1078.702 1070.097 1061.492 1052.452 1042.524 1032.596 1022.668 1012.74 1015.433 1022.132 1028.831 1035.53 1043.172 1054.838 1066.504 1078.17 1089.836 1094.968 1096.101 1097.234 1098.367 1099.392 1098.401 1097.41 1096.42 1095.429 1092.193 1086.542 1080.892 1075.241 1069.591 1062.665 1055.617 1048.57 1041.522 1035.619 1031.908
1029.88 1035.125 1041.761 1048.874 1055.987 1063.1 1069.891 1075.169 1080.448 1085.726 1091.004 1093.807 1095.0 1096.193 1097.386 1098.517 1098.037 1097.556 1097.075 1096.594 1096.219 1095.965 1095.712 1095.458 1095.204 1087.165 1078.24 1069.314 1060.389 1051.123 1041.163 1031.203 1021.243 1011.282 1013.161 1018.797 1024.432 1030.068 1036.779 1048.082 1059.385 1070.687 1081.99 1087.719 1090.039 1092.358 1094.678 1096.853 1096.337 1095.822 1095.307 1094.792 1091.89 1086.421 1080.952 1075.483 1070.014 1062.612 1055.025 1047.438 1039.85 1033.492 1029.487
1030.124 1034.825 1041.21 1048.173 1055.137 1062.1 1068.772 1074.071 1079.371 1084.671 1089.97 1092.976 1094.49 1096.003 1097.516 1098.962 1098.626 1098.289 1097.952 1097.616 1097.22 1096.758 1096.296 1095.834 1095.372 1087.024 1077.778 1068.532 1059.286 1049.794 1039.802 1029.81 1019.817 1009.825 1010.889 1015.461 1020.034 1024.606 1030.386 1041.326 1052.265 1063.204 1074.144 1080.471 1083.977 1087.483 1090.989 1094.313 1094.274 1094.234 1094.194 1094.154 1091.587 1086.299 1081.012 1075.725 1070.438 1062.559 1054.432 1046.305 1038.178 1031.364 1027.065
1030.369 1034.525 1040.659 1047.473 1054.286 1061.1 1067.652 1072.973 1078.294 1083.615 1088.936 1092.145 1093.979 1095.813 1097.647 1099.407 1099.215 1099.022 1098.83 1098.638 1098.222 1097.551 1096.881 1096.211 1095.54 1086.882 1077.316 1067.749 1058.182 1048.465 1038.441 1028.417 1018.392 1008.368 1008.617 1012.126 1015.635 1019.143 1023.994 1034.569 1045.145 1055.721 1066.297 1073.223 1077.915 1082.607 1087.299 1091.774 1092.21 1092.646 1093.081 1093.517 1091.284 1086.178 1081.072 1075.967 1070.861 1062.506 1053.839 1045.173 1036.506 1029.237 1024.644
1030.614 1034.224 1040.108 1046.772 1053.436 1060.1 1066.533 1071.875 1077.218 1082.56 1087.902 1091.314 1093.468 1095.623 1097.777 1099.852 1099.804 1099.756 1099.708 1099.659 1099.223 1098.344 1097.466 1096.587 1095.708 1086.741 1076.854 1066.967 1057.079 1047.136 1037.08 1027.023 1016.967 1006.911 1006.345 1008.79 1011.236 1013.681 1017.601 1027.813 1038.026 1048.239 1058.451 1065.975 1071.853 1077.731 1083.61 1089.234 1090.146 1091.057 1091.969 1092.88 1090.98 1086.056 1081.133 1076.209 1071.285 1062.453 1053.247 1044.04 1034.834 1027.109 1022.223
1034.38 1037.363 1042.517 1048.415 1054.313 1060.211 1065.94 1070.873 1075.806 1080.738 1085.671 1089.167 1091.728 1094.288 1096.849 1099.322 1099.464 1099.607 1099.749 1099.891 1099.528 1098.587 1097.646 1096.704 1095.763 1086.694 1076.7 1066.706 1056.711 1046.693 1036.626 1026.559 1016.492 1006.425 1005.292 1006.995 1008.698 1010.401 1013.526 1022.723 1031.921 1041.118 1050.315 1057.807 1064.255 1070.704 1077.152 1083.334 1084.56 1085.787 1087.014 1088.24 1086.59 1081.844 1077.098 1072.353 1067.607 1059.212 1050.467 1041.722 1032.976 1025.59 1020.805
1039.906 1042.222 1046.405 1051.229 1056.053 1060.877 1065.611 1069.918 1074.226 1078.534 1082.841 1086.363 1089.372 1092.382 1095.391 1098.304 1098.66 1099.016 1099.373 1099.729 1099.484 1098.553 1097.623 1096.693 1095.762 1086.694 1076.7 1066.706 1056.711 1046.693 1036.626 1026.559 1016.492 1006.425 1004.85 1005.971 1007.091 1008.212 1010.61 1018.467 1026.323 1034.179 1042.035 1049.18 1055.89 1062.6 1069.311 1075.753 1077.214 1078.676 1080.138 1081.6 1080.156 1075.587 1071.017 1066.448 1061.878 1054.376 1046.593 1038.81 1031.026 1024.374 1019.888
1045.433 1047.08 1050.293 1054.043 1057.793 1061.543 1065.281 1068.964 1072.646 1076.329 1080.011 1083.558 1087.016 1090.475 1093.933 1097.286 1097.856 1098.426 1098.996 1099.566 1099.44 1098.52 1097.601 1096.681 1095.761 1086.694 1076.7 1066.706 1056.711 1046.693 1036.626 1026.559 1016.492 1006.425 1004.408 1004.946 1005.484 1006.022 1007.695 1014.21 1020.724 1027.239 1033.754 1040.553 1047.525 1054.497 1061.469 1068.171 1069.868 1071.565 1073.262 1074.959 1073.722 1069.329 1064.936 1060.542 1056.149 1049.54 1042.719 1035.897 1029.076 1023.158 1018.972
1050.959 1051.938 1054.181 1056.857 1059.533 1062.209 1064.952 1068.01 1071.067 1074.124 1077.181 1080.754 1084.661 1088.568 1092.475 1096.269 1097.052 1097.836 1098.62 1099.403 1099.396 1098.487 1097.578 1096.669 1095.76 1086.694 1076.7 1066.706 1056.711 1046.693 1036.626 1026.559 1016.492 1006.425 1003.966 1003.922 1003.877 1003.833 1004.779 1009.953 1015.126 1020.3 1025.474 1031.926 1039.159 1046.393 1053.627 1060.59 1062.522 1064.454 1066.386 1068.318 1067.288 1063.071 1058.854 1054.638 1050.421 1044.705 1038.845 1032.985 1027.126 1021.943 1018.055
1056.59 1056.967 1058.243 1059.827 1061.411 1062.995 1064.713 1067.063 1069.413 1071.762 1074.112 1077.647 1081.953 1086.259 1090.565 1094.753 1095.837 1096.92 1098.004 1099.087 1099.256 1098.381 1097.506 1096.631 1095.756 1086.694 1076.7 1066.706 1056.711 1046.693 1036.626 1026.559 1016.492 1006.425 1003.569 1003.002 1002.435 1001.867 1002.146 1006.038 1009.93 1013.822 1017.714 1023.758 1031.119 1038.479 1045.84 1052.932 1055.03 1057.129 1059.227 1061.325 1060.48 1056.469 1052.458 1048.446 1044.435 1039.643 1034.776 1029.909 1025.042 1020.626 1017.073
1063.017 1063.292 1063.627 1063.982 1064.337 1064.692 1065.163 1066.177 1067.19 1068.204 1069.218 1072.236 1076.558 1080.88 1085.202 1089.441 1091.481 1093.521 1095.561 1097.601 1098.379 1097.718 1097.057 1096.396 1095.734 1086.694 1076.7 1066.706 1056.711 1046.693 1036.626 1026.559 1016.492 1006.425 1003.516 1002.88 1002.243 1001.606 1001.672 1004.735 1007.799 1010.863 1013.927 1019.096 1025.553 1032.011 1038.469 1044.685 1046.426 1048.166 1049.906 1051.646 1050.822 1047.238 1043.654 1040.07 1036.486 1032.853 1029.215 1025.577 1021.94 1018.538 1015.589
1069.443 1069.618 1069.011 1068.137 1067.264 1066.39 1065.612 1065.29 1064.968 1064.646 1064.324 1066.826 1071.164 1075.502 1079.84 1084.129 1087.125 1090.122 1093.118 1096.115 1097.502 1097.055 1096.608 1096.16 1095.713 1086.694 1076.7 1066.706 1056.711 1046.693 1036.626 1026.559 1016.492 1006.425 1003.464 1002.757 1002.051 1001.345 1001.197 1003.433 1005.668 1007.904 1010.139 1014.434 1019.988 1025.543 1031.097 1036.439 1037.821 1039.203 1040.586 1041.968 1041.164 1038.007 1034.851 1031.694 1028.538 1026.064 1023.655 1021.246 1018.837 1016.45 1014.105
1075.87 1075.943 1074.396 1072.293 1070.19 1068.087 1066.062 1064.404 1062.746 1061.088 1059.431 1061.415 1065.769 1070.123 1074.477 1078.816 1082.769 1086.722 1090.675 1094.628 1096.626 1096.392 1096.158 1095.925 1095.691 1086.694 1076.7 1066.706 1056.711 1046.693 1036.626 1026.559 1016.492 1006.425 1003.411 1002.635 1001.86 1001.084 1000.722 1002.13 1003.537 1004.944 1006.351 1009.771 1014.423 1019.074 1023.726 1028.192 1029.216 1030.24 1031.265 1032.289 1031.505 1028.776 1026.047 1023.318 1020.589 1019.274 1018.094 1016.914 1015.735 1014.362 1012.62
1082.297 1082.268 1079.78 1076.448 1073.116 1069.784 1066.511 1063.518 1060.524 1057.53 1054.537 1056.004 1060.374 1064.744 1069.114 1073.504 1078.414 1083.323 1088.233 1093.142 1095.749 1095.729 1095.709 1095.689 1095.669 1086.694 1076.7 1066.706 1056.711 1046.693 1036.626 1026.559 1016.492 1006.425 1003.358 1002.513 1001.668 1000.823 1000.248 1000.827 1001.406 1001.985 1002.564 1005.109 1008.857 1012.606 1016.354 1019.945 1020.612 1021.278 1021.944 1022.61 1021.847 1019.546 1017.244 1014.943 1012.641 1012.484 1012.534 1012.583 1012.632 1012.274 1011.136
1086.778 1086.714 1083.567 1079.362 1075.158 1070.953 1066.712 1062.297 1057.883 1053.469 1049.055 1049.709 1053.66 1057.611 1061.562 1065.58 1071.368 1077.155 1082.943 1088.73 1091.984 1092.347 1092.71 1093.073 1093.436 1084.866 1075.279 1065.693 1056.106 1046.432 1036.58 1026.727 1016.875 1007.022 1003.876 1002.859 1001.842 1000.824 1000.036 1000.228 1000.42 1000.611 1000.803 1002.705 1005.653 1008.601 1011.549 1014.369 1014.816 1015.263 1015.711 1016.158 1015.497 1013.644 1011.791 1009.939 1008.086 1008.489 1009.109 1009.729 1010.349 1010.492 1009.722
1089.761 1089.713 1086.125 1081.321 1076.518 1071.715 1066.72 1060.82 1054.921 1049.021 1043.122 1042.734 1045.931 1049.129 1052.327 1055.649 1062.254 1068.859 1075.464 1082.069 1085.997 1086.873 1087.749 1088.625 1089.501 1081.631 1072.766 1063.901 1055.036 1045.971 1036.498 1027.025 1017.551 1008.078 1004.833 1003.565 1002.296 1001.028 1000.027 1000.171 1000.314 1000.458 1000.602 1002.038 1004.264 1006.491 1008.717 1010.847 1011.182 1011.517 1011.852 1012.187 1011.692 1010.304 1008.917 1007.529 1006.141 1006.643 1007.327 1008.011 1008.695 1008.945 1008.362
1092.744 1092.712 1088.682 1083.281 1077.879 1072.477 1066.728 1059.343 1051.958 1044.573 1037.188 1035.758 1038.202 1040.646 1043.09 1045.716 1053.139 1060.562 1067.984 1075.407 1080.011 1081.4 1082.788 1084.177 1085.566 1078.396 1070.253 1062.109 1053.966 1045.51 1036.416 1027.322 1018.228 1009.134 1005.79 1004.27 1002.751 1001.231 1000.018 1000.114 1000.209 1000.305 1000.4 1001.37 1002.875 1004.381 1005.886 1007.326 1007.548 1007.771 1007.994 1008.217 1007.888 1006.965 1006.042 1005.118 1004.195 1004.797 1005.545 1006.293 1007.041 1007.397 1007.002
1095.727 1095.711 1091.24 1085.24 1079.239 1073.239 1066.736 1057.866 1048.995 1040.125 1031.254 1028.782 1030.473 1032.164 1033.855 1035.784 1044.025 1052.265 1060.505 1068.745 1074.024 1075.926 1077.828 1079.73 1081.632 1075.162 1067.74 1060.317 1052.895 1045.048 1036.334 1027.619 1018.905 1010.19 1006.747 1004.976 1003.205 1001.435 1000.009 1000.056 1000.104 1000.151 1000.199 1000.703 1001.487 1002.271 1003.055 1003.804 1003.914 1004.025 1004.136 1004.246 1004.083 1003.625 1003.167 1002.708 1002.25 1002.951 1003.763 1004.576 1005.388 1005.85 1005.641
1098.669 1098.669 1093.758 1087.163 1080.568 1073.973 1066.721 1056.383 1046.044 1035.705 1025.366 1021.861 1022.802 1023.743 1024.684 1025.921 1034.952 1043.984 1053.016 1062.048 1067.987 1070.397 1072.808 1075.219 1077.629 1071.865 1065.169 1058.474 1051.779 1044.548 1036.222 1027.896 1019.569 1011.243 1007.704 1005.684 1003.664 1001.645 1000.008 1000.007 1000.005 1000.003 1000.002 1000.046 1000.118 1000.19 1000.262 1000.33 1000.33 1000.33 1000.329 1000.329 1000.329 1000.329 1000.329 1000.329 1000.329 1001.127 1002.001 1002.875 1003.749 1004.315 1004.292
1098.856 1098.824 1093.63 1086.666 1079.702 1072.738 1065.13 1054.486 1043.843 1033.2 1022.556 1018.63 1019.074 1019.518 1019.962 1020.685 1028.749 1036.814 1044.879 1052.943 1058.472 1061.107 1063.742 1066.377 1069.012 1064.282 1058.715 1053.147 1047.58 1041.427 1034.078 1026.73 1019.381 1012.033 1008.656 1006.54 1004.425 1002.309 1000.573 1000.459 1000.345 1000.231 1000.117 1000.079 1000.087 1000.095 1000.103 1000.109 1000.093 1000.077 1000.061 1000.044 1000.036 1000.036 1000.036 1000.036 1000.036 1000.751 1001.534 1002.317 1003.1 1003.635 1003.692
1099.043 1098.978 1093.502 1086.17 1078.837 1071.504 1063.538 1052.59 1041.642 1030.694 1019.747 1015.399 1015.346 1015.294 1015.241 1015.449 1022.546 1029.644 1036.742 1043.839 1048.957 1051.816 1054.676 1057.535 1060.395 1056.7 1052.26 1047.82 1043.38 1038.306 1031.935 1025.564 1019.193 1012.823 1009.609 1007.397 1005.185 1002.973 1001.138 1000.911 1000.685 1000.459 1000.233 1000.113 1000.056 1000.0 999.944 999.889 999.8567 999.8244 999.7921 999.7598 999.743 999.743 999.7431 999.7431 999.7431 1000.375 1001.067 1001.76 1002.452 1002.954 1003.091
1099.23 1099.133 1093.374 1085.673 1077.972 1070.27 1061.947 1050.694 1039.442 1028.189 1016.937 1012.168 1011.618 1011.069 1010.519 1010.213 1016.343 1022.474 1028.604 1034.734 1039.442 1042.526 1045.609 1048.693 1051.777 1049.118 1045.805 1042.493 1039.18 1035.184 1029.791 1024.398 1019.005 1013.612 1010.561 1008.253 1005.945 1003.637 1001.702 1001.364 1001.026 1000.687 1000.349 1000.146 1000.026 999.9054 999.7851 999.6684 999.6201 999.5718 999.5234 999.4751 999.4501 999.4501 999.4501 999.4501 999.4501 999.999 1000.601 1001.202 1001.804 1002.273 1002.491
1099.416 1099.288 1093.246 1085.176 1077.106 1069.036 1060.355 1048.798 1037.241 1025.684 1014.127 1008.937 1007.891 1006.844 1005.797 1004.977 1010.141 1015.304 1020.467 1025.63 1029.927 1033.235 1036.543 1039.852 1043.16 1041.536 1039.351 1037.166 1034.98 1032.063 1027.648 1023.233 1018.817 1014.402 1011.514 1009.109 1006.705 1004.3 1002.267 1001.816 1001.366 1000.916 1000.465 1000.18 999.9951 999.8107 999.6262 999.4479 999.3835 999.3192 999.2548 999.1904 999.1571 999.1571 999.1571 999.1571 999.1571 999.6231 1000.134 1000.645 1001.155 1001.593 1001.89
