data/zism_data/00433_02_D.txt
ncols         224
nrows         224
[rows 112 to 139 of 224, columns 126 to 188 of 224]
1759.42 1759.53 1759.64 1759.75 1759.98 1760.358 1760.736 1761.114 1761.492 1762.433 1763.428 1764.424 1765.419 1766.512 1767.766 1769.02 1770.274 1771.529 1772.926 1774.351 1775.775 1777.2 1778.526 1779.628 1780.73 1781.831 1782.933 1783.732 1784.439 1785.146 1785.854 1786.612 1787.538 1788.464 1789.391 1790.317 1791.354 1792.44 1793.527 1794.613 1795.609 1796.132 1796.655 1797.178 1797.701 1797.948 1798.029 1798.11 1798.191 1798.265 1798.265 1798.265 1798.265 1798.265 1798.275 1798.294 1798.312 1798.331 1798.351 1798.454 1798.557 1798.66 1798.763
1761.653 1761.709 1761.766 1761.822 1761.972 1762.238 1762.503 1762.768 1763.033 1763.882 1764.786 1765.69 1766.594 1767.638 1768.914 1770.19 1771.465 1772.741 1774.201 1775.695 1777.189 1778.684 1780.026 1781.02 1782.015 1783.009 1784.004 1784.687 1785.276 1785.866 1786.455 1787.082 1787.831 1788.58 1789.329 1790.079 1791.051 1792.121 1793.191 1794.262 1795.242 1795.749 1796.255 1796.762 1797.269 1797.531 1797.644 1797.757 1797.87 1797.973 1797.973 1797.973 1797.973 1797.973 1797.998 1798.044 1798.089 1798.134 1798.181 1798.305 1798.43 1798.554 1798.678
1763.886 1763.889 1763.891 1763.894 1763.964 1764.117 1764.27 1764.422 1764.575 1765.331 1766.144 1766.957 1767.769 1768.765 1770.062 1771.359 1772.656 1773.953 1775.475 1777.039 1778.603 1780.167 1781.525 1782.412 1783.3 1784.187 1785.074 1785.642 1786.113 1786.585 1787.056 1787.551 1788.124 1788.696 1789.268 1789.841 1790.748 1791.802 1792.856 1793.91 1794.875 1795.365 1795.856 1796.347 1796.837 1797.113 1797.258 1797.404 1797.549 1797.682 1797.682 1797.682 1797.682 1797.682 1797.721 1797.793 1797.865 1797.938 1798.011 1798.157 1798.302 1798.448 1798.594
1766.269 1766.254 1766.239 1766.224 1766.213 1766.207 1766.201 1766.196 1766.19 1766.858 1767.59 1768.322 1769.054 1770.024 1771.388 1772.753 1774.117 1775.482 1776.961 1778.463 1779.964 1781.466 1782.783 1783.68 1784.577 1785.474 1786.371 1786.851 1787.204 1787.558 1787.911 1788.297 1788.789 1789.281 1789.773 1790.266 1791.049 1791.96 1792.87 1793.781 1794.621 1795.085 1795.55 1796.014 1796.479 1796.745 1796.892 1797.039 1797.186 1797.323 1797.354 1797.384 1797.415 1797.445 1797.508 1797.597 1797.685 1797.774 1797.864 1798.011 1798.158 1798.305 1798.452
1768.661 1768.63 1768.598 1768.567 1768.475 1768.308 1768.142 1767.975 1767.809 1768.389 1769.041 1769.693 1770.344 1771.291 1772.725 1774.159 1775.593 1777.027 1778.459 1779.891 1781.323 1782.754 1784.028 1784.941 1785.854 1786.768 1787.681 1788.073 1788.309 1788.545 1788.78 1789.058 1789.475 1789.892 1790.309 1790.726 1791.382 1792.143 1792.904 1793.664 1794.374 1794.811 1795.249 1795.687 1796.124 1796.381 1796.528 1796.675 1796.822 1796.961 1797.024 1797.087 1797.149 1797.212 1797.298 1797.403 1797.508 1797.612 1797.718 1797.865 1798.012 1798.159 1798.306
1771.052 1771.005 1770.958 1770.91 1770.737 1770.41 1770.082 1769.755 1769.428 1769.921 1770.492 1771.063 1771.634 1772.557 1774.061 1775.564 1777.068 1778.572 1779.957 1781.319 1782.681 1784.043 1785.273 1786.202 1787.132 1788.061 1788.99 1789.296 1789.413 1789.531 1789.649 1789.818 1790.161 1790.503 1790.845 1791.187 1791.715 1792.326 1792.937 1793.547 1794.126 1794.537 1794.948 1795.359 1795.77 1796.016 1796.163 1796.31 1796.457 1796.599 1796.694 1796.789 1796.884 1796.979 1797.088 1797.209 1797.33 1797.451 1797.572 1797.719 1797.866 1798.013 1798.16
1773.444 1773.38 1773.317 1773.253 1772.999 1772.511 1772.023 1771.535 1771.047 1771.452 1771.943 1772.434 1772.925 1773.823 1775.397 1776.97 1778.544 1780.117 1781.454 1782.747 1784.039 1785.332 1786.518 1787.464 1788.409 1789.354 1790.299 1790.518 1790.518 1790.518 1790.517 1790.579 1790.846 1791.113 1791.38 1791.647 1792.049 1792.509 1792.97 1793.43 1793.879 1794.263 1794.647 1795.031 1795.415 1795.651 1795.798 1795.945 1796.092 1796.237 1796.364 1796.491 1796.618 1796.745 1796.878 1797.015 1797.152 1797.289 1797.426 1797.573 1797.72 1797.867 1798.014
1775.726 1775.638 1775.55 1775.463 1775.136 1774.518 1773.9 1773.281 1772.663 1773.008 1773.445 1773.882 1774.318 1775.19 1776.78 1778.37 1779.96 1781.551 1782.844 1784.081 1785.318 1786.555 1787.706 1788.661 1789.617 1790.572 1791.527 1791.688 1791.608 1791.528 1791.449 1791.429 1791.607 1791.784 1791.962 1792.14 1792.431 1792.772 1793.113 1793.454 1793.795 1794.141 1794.486 1794.831 1795.176 1795.401 1795.554 1795.707 1795.86 1796.013 1796.164 1796.315 1796.466 1796.617 1796.768 1796.919 1797.07 1797.221 1797.372 1797.511 1797.65 1797.789 1797.928
1777.829 1777.703 1777.578 1777.453 1777.07 1776.371 1775.672 1774.974 1774.275 1774.603 1775.029 1775.455 1775.881 1776.72 1778.24 1779.761 1781.281 1782.802 1784.057 1785.262 1786.467 1787.672 1788.8 1789.756 1790.711 1791.666 1792.621 1792.769 1792.674 1792.578 1792.482 1792.424 1792.489 1792.554 1792.62 1792.685 1792.893 1793.164 1793.436 1793.707 1793.981 1794.267 1794.553 1794.839 1795.125 1795.338 1795.507 1795.676 1795.846 1796.014 1796.176 1796.338 1796.499 1796.661 1796.823 1796.985 1797.146 1797.308 1797.469 1797.587 1797.704 1797.821 1797.939
1779.932 1779.769 1779.606 1779.443 1779.003 1778.224 1777.445 1776.666 1775.887 1776.198 1776.614 1777.029 1777.444 1778.25 1779.701 1781.151 1782.602 1784.053 1785.27 1786.443 1787.615 1788.788 1789.895 1790.85 1791.805 1792.76 1793.716 1793.851 1793.74 1793.628 1793.516 1793.419 1793.372 1793.324 1793.277 1793.229 1793.355 1793.557 1793.759 1793.96 1794.166 1794.393 1794.62 1794.847 1795.074 1795.275 1795.46 1795.646 1795.831 1796.015 1796.188 1796.36 1796.532 1796.705 1796.877 1797.05 1797.222 1797.395 1797.566 1797.662 1797.758 1797.854 1797.95
1782.034 1781.834 1781.634 1781.433 1780.937 1780.077 1779.218 1778.358 1777.499 1777.793 1778.198 1778.603 1779.007 1779.78 1781.161 1782.542 1783.923 1785.304 1786.483 1787.624 1788.764 1789.905 1790.989 1791.944 1792.899 1793.855 1794.81 1794.933 1794.805 1794.677 1794.55 1794.414 1794.254 1794.094 1793.934 1793.774 1793.818 1793.949 1794.081 1794.213 1794.351 1794.519 1794.687 1794.855 1795.023 1795.212 1795.414 1795.615 1795.816 1796.016 1796.199 1796.382 1796.566 1796.749 1796.932 1797.115 1797.298 1797.482 1797.663 1797.738 1797.812 1797.887 1797.961
1784.137 1783.899 1783.661 1783.424 1782.87 1781.93 1780.99 1780.05 1779.11 1779.388 1779.782 1780.176 1780.57 1781.31 1782.621 1783.933 1785.244 1786.556 1787.696 1788.805 1789.913 1791.021 1792.083 1793.038 1793.994 1794.949 1795.904 1796.015 1795.871 1795.727 1795.583 1795.41 1795.137 1794.865 1794.592 1794.319 1794.28 1794.342 1794.404 1794.466 1794.536 1794.645 1794.754 1794.864 1794.973 1795.149 1795.367 1795.584 1795.802 1796.017 1796.211 1796.405 1796.599 1796.793 1796.986 1797.18 1797.374 1797.568 1797.76 1797.813 1797.866 1797.919 1797.972
1785.993 1785.688 1785.382 1785.076 1784.496 1783.58 1782.664 1781.748 1780.831 1781.014 1781.302 1781.59 1781.877 1782.51 1783.713 1784.915 1786.118 1787.321 1788.475 1789.621 1790.767 1791.912 1792.984 1793.887 1794.79 1795.693 1796.597 1796.707 1796.577 1796.447 1796.318 1796.149 1795.851 1795.552 1795.254 1794.956 1794.875 1794.889 1794.904 1794.918 1794.944 1795.033 1795.123 1795.212 1795.301 1795.467 1795.679 1795.89 1796.102 1796.312 1796.499 1796.686 1796.874 1797.061 1797.234 1797.395 1797.556 1797.717 1797.877 1797.917 1797.958 1797.998 1798.038
1787.792 1787.411 1787.03 1786.649 1786.05 1785.182 1784.314 1783.446 1782.578 1782.648 1782.807 1782.966 1783.125 1783.633 1784.717 1785.802 1786.887 1787.972 1789.153 1790.352 1791.551 1792.75 1793.84 1794.679 1795.518 1796.356 1797.195 1797.307 1797.198 1797.09 1796.982 1796.829 1796.525 1796.221 1795.918 1795.614 1795.502 1795.473 1795.445 1795.416 1795.404 1795.483 1795.562 1795.64 1795.719 1795.874 1796.075 1796.276 1796.477 1796.676 1796.852 1797.029 1797.205 1797.382 1797.526 1797.645 1797.763 1797.881 1797.998 1798.028 1798.057 1798.087 1798.117
1789.59 1789.134 1788.679 1788.223 1787.603 1786.784 1785.964 1785.144 1784.325 1784.281 1784.312 1784.342 1784.372 1784.755 1785.722 1786.689 1787.656 1788.623 1789.83 1791.083 1792.336 1793.589 1794.696 1795.47 1796.245 1797.019 1797.794 1797.907 1797.82 1797.733 1797.647 1797.508 1797.199 1796.89 1796.581 1796.272 1796.129 1796.057 1795.986 1795.914 1795.865 1795.933 1796.0 1796.068 1796.136 1796.28 1796.471 1796.661 1796.851 1797.04 1797.205 1797.371 1797.537 1797.703 1797.819 1797.894 1797.97 1798.045 1798.12 1798.139 1798.157 1798.176 1798.195
1791.389 1790.858 1790.327 1789.796 1789.157 1788.386 1787.614 1786.843 1786.071 1785.915 1785.816 1785.718 1785.62 1785.878 1786.727 1787.576 1788.425 1789.274 1790.507 1791.814 1793.12 1794.427 1795.552 1796.262 1796.972 1797.682 1798.392 1798.507 1798.442 1798.376 1798.311 1798.188 1797.874 1797.559 1797.245 1796.931 1796.755 1796.641 1796.527 1796.412 1796.325 1796.382 1796.439 1796.496 1796.554 1796.687 1796.867 1797.046 1797.226 1797.403 1797.558 1797.714 1797.869 1798.024 1798.111 1798.144 1798.176 1798.209 1798.241 1798.249 1798.257 1798.266 1798.274
1793.029 1792.453 1791.877 1791.3 1790.651 1789.912 1789.174 1788.435 1787.696 1787.434 1787.218 1787.001 1786.784 1786.931 1787.677 1788.424 1789.17 1789.917 1791.151 1792.477 1793.803 1795.13 1796.253 1796.91 1797.568 1798.225 1798.883 1798.994 1798.939 1798.885 1798.831 1798.719 1798.418 1798.116 1797.815 1797.513 1797.335 1797.211 1797.088 1796.964 1796.874 1796.959 1797.044 1797.129 1797.214 1797.364 1797.554 1797.743 1797.933 1798.119 1798.266 1798.413 1798.56 1798.707 1798.781 1798.797 1798.812 1798.828 1798.842 1798.76 1798.679 1798.598 1798.516
1794.171 1793.643 1793.115 1792.587 1791.957 1791.202 1790.447 1789.693 1788.938 1788.596 1788.294 1787.991 1787.689 1787.762 1788.454 1789.147 1789.84 1790.533 1791.686 1792.927 1794.168 1795.408 1796.467 1797.108 1797.75 1798.391 1799.032 1799.123 1799.047 1798.972 1798.896 1798.784 1798.552 1798.32 1798.089 1797.857 1797.767 1797.74 1797.713 1797.685 1797.7 1797.935 1798.17 1798.406 1798.641 1798.894 1799.159 1799.424 1799.688 1799.943 1800.089 1800.236 1800.383 1800.53 1800.64 1800.72 1800.8 1800.88 1800.952 1800.533 1800.114 1799.695 1799.276
1795.313 1794.833 1794.353 1793.873 1793.263 1792.492 1791.721 1790.95 1790.179 1789.758 1789.37 1788.982 1788.594 1788.593 1789.232 1789.871 1790.51 1791.149 1792.222 1793.377 1794.532 1795.687 1796.681 1797.306 1797.931 1798.557 1799.182 1799.252 1799.155 1799.058 1798.961 1798.849 1798.687 1798.525 1798.362 1798.2 1798.199 1798.268 1798.337 1798.407 1798.526 1798.912 1799.297 1799.682 1800.068 1800.425 1800.764 1801.104 1801.443 1801.766 1801.913 1802.06 1802.207 1802.354 1802.5 1802.644 1802.788 1802.932 1803.063 1802.306 1801.549 1800.793 1800.036
1796.454 1796.023 1795.591 1795.16 1794.569 1793.782 1792.995 1792.208 1791.421 1790.92 1790.446 1789.972 1789.498 1789.423 1790.009 1790.595 1791.18 1791.766 1792.758 1793.827 1794.896 1795.965 1796.895 1797.504 1798.113 1798.722 1799.332 1799.382 1799.263 1799.145 1799.026 1798.914 1798.821 1798.729 1798.636 1798.544 1798.631 1798.797 1798.962 1799.128 1799.353 1799.888 1800.424 1800.959 1801.494 1801.955 1802.369 1802.784 1803.199 1803.59 1803.737 1803.884 1804.031 1804.178 1804.359 1804.567 1804.776 1804.984 1805.174 1804.079 1802.985 1801.89 1800.796
1797.596 1797.213 1796.83 1796.446 1795.875 1795.072 1794.269 1793.465 1792.662 1792.082 1791.522 1790.962 1790.403 1790.254 1790.786 1791.318 1791.85 1792.382 1793.294 1794.277 1795.261 1796.244 1797.109 1797.702 1798.295 1798.888 1799.481 1799.511 1799.371 1799.231 1799.091 1798.979 1798.956 1798.933 1798.91 1798.887 1799.063 1799.325 1799.587 1799.849 1800.179 1800.865 1801.55 1802.236 1802.921 1803.485 1803.974 1804.464 1804.954 1805.414 1805.561 1805.708 1805.855 1806.002 1806.218 1806.491 1806.763 1807.036 1807.284 1805.852 1804.42 1802.988 1801.556
1798.112 1797.788 1797.463 1797.139 1796.612 1795.836 1795.06 1794.284 1793.508 1792.894 1792.296 1791.697 1791.098 1790.904 1791.379 1791.854 1792.328 1792.803 1793.643 1794.551 1795.46 1796.368 1797.17 1797.729 1798.288 1798.847 1799.406 1799.453 1799.346 1799.239 1799.131 1799.059 1799.102 1799.145 1799.189 1799.232 1799.56 1800.012 1800.464 1800.917 1801.478 1802.616 1803.754 1804.892 1806.03 1807.042 1807.978 1808.913 1809.849 1810.734 1811.086 1811.438 1811.79 1812.142 1812.508 1812.884 1813.261 1813.638 1813.978 1811.856 1809.733 1807.61 1805.488
1798.321 1798.061 1797.801 1797.541 1797.071 1796.344 1795.616 1794.888 1794.161 1793.536 1792.921 1792.307 1791.692 1791.466 1791.881 1792.297 1792.713 1793.129 1793.9 1794.739 1795.578 1796.417 1797.157 1797.673 1798.189 1798.706 1799.222 1799.304 1799.256 1799.208 1799.159 1799.147 1799.254 1799.362 1799.469 1799.577 1800.088 1800.777 1801.465 1802.153 1803.008 1804.747 1806.485 1808.224 1809.962 1811.591 1813.154 1814.717 1816.279 1817.763 1818.421 1819.078 1819.736 1820.394 1820.965 1821.465 1821.965 1822.465 1822.914 1819.928 1816.943 1813.957 1810.971
1798.53 1798.335 1798.139 1797.944 1797.531 1796.851 1796.172 1795.492 1794.813 1794.178 1793.547 1792.916 1792.286 1792.027 1792.384 1792.741 1793.098 1793.454 1794.158 1794.927 1795.696 1796.465 1797.144 1797.617 1798.091 1798.564 1799.037 1799.155 1799.166 1799.176 1799.187 1799.235 1799.407 1799.578 1799.75 1799.922 1800.617 1801.541 1802.465 1803.389 1804.539 1806.878 1809.216 1811.555 1813.894 1816.14 1818.33 1820.52 1822.71 1824.793 1825.756 1826.719 1827.682 1828.646 1829.422 1830.045 1830.668 1831.292 1831.85 1828.001 1824.152 1820.304 1816.455
1798.74 1798.608 1798.477 1798.346 1797.99 1797.359 1796.728 1796.097 1795.465 1794.82 1794.173 1793.526 1792.879 1792.588 1792.886 1793.184 1793.482 1793.78 1794.415 1795.115 1795.814 1796.513 1797.131 1797.561 1797.992 1798.422 1798.853 1799.006 1799.075 1799.145 1799.214 1799.323 1799.559 1799.795 1800.031 1800.267 1801.146 1802.306 1803.466 1804.626 1806.069 1809.008 1811.948 1814.887 1817.826 1820.689 1823.506 1826.323 1829.14 1831.823 1833.091 1834.36 1835.629 1836.898 1837.879 1838.625 1839.372 1840.118 1840.786 1836.074 1831.362 1826.651 1821.939
1798.841 1798.771 1798.701 1798.631 1798.332 1797.754 1797.176 1796.598 1796.021 1795.377 1794.727 1794.077 1793.427 1793.114 1793.357 1793.599 1793.842 1794.085 1794.654 1795.285 1795.916 1796.546 1797.105 1797.5 1797.894 1798.289 1798.684 1798.87 1798.993 1799.116 1799.239 1799.401 1799.695 1799.989 1800.283 1800.577 1801.632 1803.02 1804.408 1805.796 1807.525 1811.052 1814.58 1818.107 1821.634 1825.105 1828.543 1831.982 1835.42 1838.697 1840.289 1841.881 1843.473 1845.064 1846.252 1847.111 1847.969 1848.827 1849.594 1844.107 1838.62 1833.132 1827.645
1797.998 1797.96 1797.922 1797.884 1797.646 1797.165 1796.683 1796.202 1795.72 1795.188 1794.651 1794.113 1793.576 1793.325 1793.546 1793.767 1793.989 1794.21 1794.726 1795.298 1795.87 1796.441 1796.967 1797.389 1797.81 1798.232 1798.653 1798.849 1798.978 1799.106 1799.235 1799.401 1799.695 1799.989 1800.283 1800.577 1801.744 1803.293 1804.842 1806.391 1808.331 1812.335 1816.339 1820.344 1824.348 1828.353 1832.359 1836.366 1840.372 1844.21 1846.279 1848.348 1850.417 1852.486 1853.894 1854.763 1855.632 1856.501 1857.278 1851.785 1846.293 1840.8 1835.308
1797.154 1797.148 1797.142 1797.136 1796.96 1796.575 1796.19 1795.805 1795.42 1794.999 1794.574 1794.149 1793.725 1793.535 1793.735 1793.935 1794.135 1794.335 1794.798 1795.311 1795.824 1796.337 1796.83 1797.278 1797.726 1798.174 1798.623 1798.829 1798.963 1799.097 1799.231 1799.401 1799.695 1799.989 1800.283 1800.577 1801.856 1803.566 1805.275 1806.985 1809.136 1813.618 1818.099 1822.58 1827.062 1831.601 1836.176 1840.75 1845.325 1849.723 1852.269 1854.815 1857.361 1859.907 1861.535 1862.415 1863.295 1864.175 1864.962 1859.464 1853.966 1848.468 1842.97
