data/zism_data/00448_04_D.txt
ncols         224
nrows         224
[rows 0 to 27 of 224, columns 126 to 188 of 224]
1214.812 1216.107 1217.403 1218.698 1219.421 1219.441 1219.462 1219.482 1219.503 1218.535 1217.474 1216.413 1215.352 1214.1 1212.533 1210.967 1209.4 1207.834 1206.31 1204.794 1203.278 1201.762 1200.66 1200.504 1200.348 1200.192 1200.036 1200.0 1200.0 1200.0 1200.0 1200.0 1200.0 1200.0 1200.0 1200.0 1200.0 1200.0 1200.0 1200.0 1200.0 1200.0 1200.0 1200.0 1200.0 1200.0 1200.0 1200.0 1200.0 1200.0 1200.0 1200.0 1200.0 1200.0 1199.881 1199.665 1199.449 1199.233 1199.022 1199.084 1199.146 1199.208 1199.27
1216.202 1217.5 1218.798 1220.096 1220.811 1220.811 1220.811 1220.811 1220.811 1219.802 1218.696 1217.591 1216.486 1215.17 1213.507 1211.844 1210.182 1208.519 1206.951 1205.402 1203.853 1202.303 1201.172 1200.994 1200.816 1200.638 1200.461 1200.37 1200.305 1200.24 1200.176 1200.119 1200.092 1200.064 1200.036 1200.008 1200.0 1200.0 1200.0 1200.0 1200.0 1200.0 1200.0 1200.0 1200.0 1200.0 1200.0 1200.0 1200.0 1200.0 1200.0 1200.0 1200.0 1200.0 1199.889 1199.687 1199.485 1199.283 1199.086 1199.237 1199.387 1199.538 1199.688
1217.764 1219.019 1220.274 1221.529 1222.22 1222.22 1222.22 1222.22 1222.22 1221.206 1220.096 1218.985 1217.874 1216.525 1214.782 1213.039 1211.296 1209.552 1207.963 1206.403 1204.843 1203.283 1202.128 1201.896 1201.665 1201.433 1201.202 1201.012 1200.835 1200.658 1200.481 1200.327 1200.251 1200.175 1200.099 1200.023 1200.0 1200.0 1200.0 1200.0 1200.0 1200.0 1200.0 1200.0 1200.0 1200.0 1200.0 1200.0 1200.0 1200.0 1200.0 1200.0 1200.0 1200.0 1199.906 1199.737 1199.567 1199.397 1199.234 1199.518 1199.803 1200.087 1200.372
1219.325 1220.538 1221.75 1222.962 1223.63 1223.63 1223.63 1223.63 1223.63 1222.611 1221.495 1220.379 1219.263 1217.88 1216.057 1214.233 1212.41 1210.586 1208.975 1207.404 1205.833 1204.263 1203.083 1202.798 1202.514 1202.229 1201.944 1201.655 1201.365 1201.076 1200.786 1200.535 1200.41 1200.286 1200.162 1200.038 1200.0 1200.0 1200.0 1200.0 1200.0 1200.0 1200.0 1200.0 1200.0 1200.0 1200.0 1200.0 1200.0 1200.0 1200.0 1200.0 1200.0 1200.0 1199.924 1199.786 1199.649 1199.511 1199.382 1199.8 1200.218 1200.637 1201.055
1220.887 1222.057 1223.226 1224.396 1225.04 1225.04 1225.04 1225.04 1225.04 1224.016 1222.894 1221.773 1220.652 1219.235 1217.331 1215.427 1213.524 1211.62 1209.987 1208.405 1206.824 1205.242 1204.039 1203.701 1203.362 1203.024 1202.685 1202.298 1201.896 1201.493 1201.091 1200.742 1200.57 1200.397 1200.225 1200.052 1200.0 1200.0 1200.0 1200.0 1200.0 1200.0 1200.0 1200.0 1200.0 1200.0 1200.0 1200.0 1200.0 1200.0 1200.0 1200.0 1200.0 1200.0 1199.942 1199.836 1199.731 1199.625 1199.529 1200.082 1200.634 1201.186 1201.739
1222.449 1223.576 1224.703 1225.83 1226.45 1226.45 1226.45 1226.45 1226.45 1225.421 1224.294 1223.167 1222.04 1220.59 1218.606 1216.622 1214.638 1212.654 1211.0 1209.407 1207.814 1206.222 1204.995 1204.602 1204.21 1203.817 1203.424 1202.938 1202.424 1201.909 1201.395 1200.948 1200.728 1200.508 1200.287 1200.067 1200.0 1200.0 1200.0 1200.0 1200.0 1200.0 1200.0 1200.0 1200.0 1200.0 1200.0 1200.0 1200.001 1200.001 1200.001 1200.001 1200.002 1200.002 1199.962 1199.889 1199.817 1199.744 1199.682 1200.37 1201.057 1201.744 1202.431
1224.064 1225.201 1226.339 1227.476 1228.086 1228.048 1228.011 1227.973 1227.935 1226.869 1225.705 1224.54 1223.376 1221.911 1219.948 1217.986 1216.023 1214.061 1212.315 1210.609 1208.905 1207.2 1205.834 1205.243 1204.652 1204.061 1203.47 1202.918 1202.376 1201.835 1201.294 1200.833 1200.64 1200.446 1200.252 1200.059 1200.0 1200.0 1200.0 1200.0 1200.0 1200.0 1200.0 1200.0 1200.0 1200.033 1200.087 1200.141 1200.195 1200.25 1200.326 1200.401 1200.476 1200.552 1200.672 1200.83 1200.988 1201.145 1201.317 1202.433 1203.549 1204.665 1205.781
1225.679 1226.827 1227.975 1229.123 1229.722 1229.647 1229.572 1229.496 1229.421 1228.317 1227.115 1225.914 1224.712 1223.231 1221.29 1219.349 1217.408 1215.467 1213.63 1211.812 1209.995 1208.177 1206.673 1205.884 1205.094 1204.305 1203.516 1202.897 1202.329 1201.761 1201.193 1200.718 1200.551 1200.384 1200.218 1200.051 1200.0 1200.0 1200.0 1200.0 1200.0 1200.0 1200.0 1200.0 1200.0 1200.067 1200.174 1200.282 1200.389 1200.5 1200.65 1200.801 1200.951 1201.101 1201.382 1201.77 1202.158 1202.547 1202.951 1204.496 1206.041 1207.585 1209.13
1227.293 1228.452 1229.611 1230.77 1231.358 1231.245 1231.132 1231.02 1230.907 1229.766 1228.526 1227.287 1226.048 1224.552 1222.632 1220.712 1218.793 1216.873 1214.945 1213.015 1211.085 1209.155 1207.511 1206.524 1205.537 1204.55 1203.562 1202.876 1202.282 1201.687 1201.092 1200.603 1200.463 1200.323 1200.183 1200.043 1200.0 1200.0 1200.0 1200.0 1200.0 1200.0 1200.0 1200.0 1200.0 1200.1 1200.261 1200.422 1200.583 1200.75 1200.975 1201.2 1201.425 1201.651 1202.093 1202.711 1203.329 1203.948 1204.586 1206.559 1208.532 1210.505 1212.479
1228.908 1230.078 1231.247 1232.417 1232.993 1232.843 1232.693 1232.543 1232.393 1231.214 1229.937 1228.66 1227.383 1225.872 1223.974 1222.076 1220.178 1218.279 1216.26 1214.217 1212.175 1210.132 1208.35 1207.165 1205.979 1204.794 1203.608 1202.856 1202.234 1201.613 1200.991 1200.487 1200.374 1200.261 1200.148 1200.034 1200.0 1200.0 1200.0 1200.0 1200.0 1200.0 1200.0 1200.0 1200.0 1200.134 1200.348 1200.563 1200.777 1200.999 1201.299 1201.6 1201.9 1202.2 1202.803 1203.651 1204.5 1205.349 1206.221 1208.622 1211.024 1213.426 1215.828
1230.619 1231.802 1232.984 1234.167 1234.73 1234.533 1234.336 1234.139 1233.943 1232.649 1231.252 1229.854 1228.456 1226.819 1224.785 1222.75 1220.716 1218.682 1216.556 1214.413 1212.269 1210.126 1208.258 1207.02 1205.782 1204.544 1203.306 1202.576 1201.999 1201.422 1200.845 1200.382 1200.293 1200.204 1200.116 1200.027 1200.0 1200.0 1200.0 1200.0 1200.0 1200.0 1200.0 1200.0 1200.0 1200.151 1200.394 1200.636 1200.879 1201.144 1201.642 1202.14 1202.638 1203.135 1204.001 1205.166 1206.33 1207.495 1208.683 1211.397 1214.112 1216.827 1219.542
1232.458 1233.657 1234.855 1236.054 1236.599 1236.344 1236.088 1235.832 1235.576 1234.067 1232.439 1230.811 1229.183 1227.273 1224.896 1222.519 1220.142 1217.765 1215.512 1213.283 1211.054 1208.824 1206.939 1205.84 1204.742 1203.643 1202.544 1201.953 1201.516 1201.079 1200.641 1200.29 1200.222 1200.155 1200.088 1200.021 1200.0 1200.0 1200.0 1200.0 1200.0 1200.0 1200.0 1200.0 1200.0 1200.148 1200.385 1200.622 1200.86 1201.151 1202.008 1202.865 1203.721 1204.578 1205.841 1207.434 1209.028 1210.621 1212.233 1215.109 1217.984 1220.86 1223.735
1234.297 1235.511 1236.726 1237.941 1238.469 1238.154 1237.839 1237.524 1237.21 1235.485 1233.627 1231.768 1229.91 1227.727 1225.007 1222.287 1219.567 1216.847 1214.468 1212.153 1209.838 1207.523 1205.62 1204.661 1203.702 1202.742 1201.783 1201.331 1201.033 1200.735 1200.437 1200.197 1200.151 1200.106 1200.06 1200.014 1200.0 1200.0 1200.0 1200.0 1200.0 1200.0 1200.0 1200.0 1200.0 1200.145 1200.376 1200.608 1200.84 1201.158 1202.374 1203.589 1204.805 1206.021 1207.681 1209.703 1211.725 1213.747 1215.784 1218.82 1221.857 1224.893 1227.929
1236.135 1237.366 1238.597 1239.828 1240.338 1239.964 1239.59 1239.217 1238.843 1236.903 1234.815 1232.726 1230.637 1228.181 1225.118 1222.055 1218.993 1215.93 1213.423 1211.023 1208.622 1206.221 1204.302 1203.482 1202.662 1201.841 1201.021 1200.709 1200.55 1200.392 1200.233 1200.105 1200.081 1200.056 1200.032 1200.007 1200.0 1200.0 1200.0 1200.0 1200.0 1200.0 1200.0 1200.0 1200.0 1200.141 1200.368 1200.594 1200.821 1201.165 1202.74 1204.314 1205.889 1207.464 1209.521 1211.972 1214.423 1216.873 1219.335 1222.532 1225.729 1228.926 1232.123
1237.974 1239.221 1240.468 1241.715 1242.207 1241.774 1241.342 1240.909 1240.477 1238.321 1236.002 1233.683 1231.364 1228.635 1225.229 1221.824 1218.418 1215.012 1212.379 1209.893 1207.406 1204.92 1202.983 1202.302 1201.622 1200.941 1200.26 1200.087 1200.068 1200.048 1200.029 1200.013 1200.01 1200.007 1200.004 1200.001 1200.0 1200.0 1200.0 1200.0 1200.0 1200.0 1200.0 1200.0 1200.0 1200.138 1200.359 1200.58 1200.801 1201.172 1203.105 1205.039 1206.973 1208.907 1211.361 1214.241 1217.12 1219.999 1222.886 1226.243 1229.601 1232.959 1236.316
1239.766 1240.919 1242.071 1243.224 1243.691 1243.319 1242.948 1242.576 1242.204 1240.164 1237.964 1235.765 1233.566 1230.808 1227.129 1223.449 1219.77 1216.09 1213.198 1210.456 1207.713 1204.971 1202.857 1202.182 1201.507 1200.832 1200.157 1200.0 1200.0 1200.0 1200.0 1200.0 1200.0 1200.0 1200.0 1200.0 1200.0 1200.0 1200.0 1200.0 1200.0 1200.0 1200.0 1200.0 1200.0 1200.137 1200.358 1200.578 1200.799 1201.18 1203.247 1205.314 1207.381 1209.448 1212.15 1215.37 1218.591 1221.811 1225.033 1228.386 1231.739 1235.091 1238.443
1241.551 1242.591 1243.631 1244.671 1245.113 1244.821 1244.53 1244.238 1243.947 1242.075 1240.052 1238.03 1236.007 1233.261 1229.319 1225.377 1221.435 1217.493 1214.321 1211.294 1208.268 1205.241 1202.925 1202.234 1201.543 1200.852 1200.16 1200.0 1200.0 1200.0 1200.0 1200.0 1200.0 1200.0 1200.0 1200.0 1200.0 1200.0 1200.0 1200.0 1200.0 1200.0 1200.0 1200.0 1200.0 1200.137 1200.358 1200.578 1200.799 1201.188 1203.352 1205.515 1207.678 1209.842 1212.767 1216.314 1219.862 1223.409 1226.953 1230.273 1233.594 1236.914 1240.234
1243.336 1244.263 1245.191 1246.118 1246.534 1246.323 1246.112 1245.901 1245.69 1243.986 1242.141 1240.295 1238.449 1235.714 1231.51 1227.305 1223.101 1218.896 1215.443 1212.133 1208.822 1205.511 1202.993 1202.286 1201.579 1200.871 1200.164 1200.0 1200.0 1200.0 1200.0 1200.0 1200.0 1200.0 1200.0 1200.0 1200.0 1200.0 1200.0 1200.0 1200.0 1200.0 1200.0 1200.0 1200.0 1200.137 1200.358 1200.578 1200.799 1201.197 1203.456 1205.716 1207.976 1210.236 1213.385 1217.259 1221.133 1225.007 1228.873 1232.161 1235.449 1238.737 1242.026
1245.121 1245.936 1246.751 1247.565 1247.956 1247.825 1247.694 1247.563 1247.433 1245.898 1244.229 1242.56 1240.891 1238.167 1233.7 1229.233 1224.766 1220.299 1216.566 1212.971 1209.376 1205.782 1203.061 1202.338 1201.615 1200.891 1200.168 1200.0 1200.0 1200.0 1200.0 1200.0 1200.0 1200.0 1200.0 1200.0 1200.0 1200.0 1200.0 1200.0 1200.0 1200.0 1200.0 1200.0 1200.0 1200.137 1200.358 1200.578 1200.799 1201.205 1203.561 1205.917 1208.274 1210.63 1214.002 1218.203 1222.404 1226.605 1230.792 1234.048 1237.304 1240.56 1243.816
1246.586 1247.283 1247.981 1248.679 1249.03 1248.957 1248.883 1248.81 1248.736 1247.359 1245.857 1244.356 1242.855 1240.189 1235.597 1231.004 1226.412 1221.82 1217.902 1214.112 1210.321 1206.531 1203.644 1202.823 1202.001 1201.18 1200.359 1200.14 1200.103 1200.066 1200.028 1200.0 1200.0 1200.0 1200.0 1200.0 1200.0 1200.0 1200.0 1200.0 1200.0 1200.0 1200.0 1200.0 1200.0 1200.156 1200.406 1200.655 1200.905 1201.346 1203.792 1206.239 1208.686 1211.132 1214.658 1219.063 1223.469 1227.875 1232.263 1235.481 1238.698 1241.916 1245.134
1247.261 1247.83 1248.399 1248.968 1249.249 1249.175 1249.102 1249.028 1248.955 1247.71 1246.353 1244.996 1243.639 1241.144 1236.767 1232.389 1228.011 1223.633 1219.767 1215.998 1212.229 1208.46 1205.497 1204.376 1203.254 1202.133 1201.012 1200.624 1200.459 1200.293 1200.127 1200.0 1200.0 1200.0 1200.0 1200.0 1200.0 1200.0 1200.0 1200.0 1200.0 1200.0 1200.0 1200.0 1200.0 1200.219 1200.571 1200.922 1201.274 1201.814 1204.336 1206.857 1209.379 1211.9 1215.407 1219.716 1224.025 1228.334 1232.627 1235.791 1238.955 1242.119 1245.283
1247.936 1248.377 1248.817 1249.258 1249.468 1249.394 1249.321 1249.247 1249.174 1248.061 1246.848 1245.636 1244.424 1242.1 1237.937 1233.773 1229.61 1225.446 1221.632 1217.885 1214.137 1210.39 1207.35 1205.929 1204.507 1203.086 1201.664 1201.109 1200.815 1200.52 1200.226 1200.0 1200.0 1200.0 1200.0 1200.0 1200.0 1200.0 1200.0 1200.0 1200.0 1200.0 1200.0 1200.0 1200.0 1200.283 1200.736 1201.189 1201.643 1202.283 1204.879 1207.476 1210.072 1212.669 1216.156 1220.368 1224.581 1228.794 1232.991 1236.101 1239.212 1242.322 1245.433
1248.612 1248.924 1249.235 1249.547 1249.686 1249.613 1249.539 1249.466 1249.392 1248.411 1247.344 1246.276 1245.209 1243.056 1239.107 1235.157 1231.208 1227.259 1223.498 1219.771 1216.045 1212.319 1209.203 1207.482 1205.76 1204.039 1202.317 1201.593 1201.171 1200.748 1200.325 1200.0 1200.0 1200.0 1200.0 1200.0 1200.0 1200.0 1200.0 1200.0 1200.0 1200.0 1200.0 1200.0 1200.0 1200.346 1200.901 1201.456 1202.012 1202.751 1205.422 1208.094 1210.766 1213.437 1216.904 1221.021 1225.137 1229.253 1233.354 1236.411 1239.468 1242.525 1245.583
1249.287 1249.47 1249.654 1249.837 1249.905 1249.832 1249.758 1249.685 1249.611 1248.762 1247.839 1246.917 1245.994 1244.011 1240.277 1236.542 1232.807 1229.072 1225.363 1221.658 1217.953 1214.249 1211.056 1209.035 1207.013 1204.992 1202.97 1202.078 1201.526 1200.975 1200.424 1200.0 1200.0 1200.0 1200.0 1200.0 1200.0 1200.0 1200.0 1200.0 1200.0 1200.0 1200.0 1200.0 1200.0 1200.409 1201.066 1201.723 1202.38 1203.219 1205.966 1208.712 1211.459 1214.205 1217.653 1221.673 1225.693 1229.713 1233.718 1236.722 1239.725 1242.728 1245.732
1249.56 1249.684 1249.808 1249.932 1249.941 1249.81 1249.679 1249.548 1249.417 1248.537 1247.586 1246.635 1245.684 1243.772 1240.271 1236.77 1233.269 1229.767 1226.229 1222.684 1219.139 1215.594 1212.43 1210.135 1207.84 1205.546 1203.251 1202.259 1201.659 1201.06 1200.46 1200.0 1200.0 1200.0 1200.0 1200.0 1200.0 1200.0 1200.0 1200.0 1200.011 1200.08 1200.149 1200.218 1200.287 1200.875 1201.776 1202.677 1203.578 1204.641 1207.413 1210.184 1212.956 1215.728 1219.081 1222.908 1226.736 1230.563 1234.376 1237.16 1239.945 1242.73 1245.515
1249.674 1249.766 1249.858 1249.949 1249.905 1249.693 1249.482 1249.271 1249.059 1248.084 1247.037 1245.99 1244.943 1243.061 1239.801 1236.541 1233.281 1230.02 1226.701 1223.37 1220.04 1216.709 1213.614 1211.057 1208.499 1205.942 1203.385 1202.319 1201.704 1201.088 1200.473 1200.0 1200.0 1200.0 1200.0 1200.0 1200.0 1200.0 1200.0 1200.0 1200.026 1200.192 1200.358 1200.523 1200.689 1201.499 1202.7 1203.901 1205.102 1206.44 1209.217 1211.994 1214.771 1217.548 1220.777 1224.374 1227.971 1231.568 1235.149 1237.65 1240.151 1242.652 1245.152
1249.788 1249.848 1249.908 1249.967 1249.869 1249.577 1249.285 1248.993 1248.702 1247.632 1246.488 1245.344 1244.201 1242.35 1239.331 1236.312 1233.293 1230.274 1227.173 1224.056 1220.94 1217.824 1214.798 1211.978 1209.158 1206.338 1203.519 1202.38 1201.748 1201.117 1200.485 1200.0 1200.0 1200.0 1200.0 1200.0 1200.0 1200.0 1200.0 1200.0 1200.042 1200.304 1200.566 1200.828 1201.09 1202.124 1203.625 1205.126 1206.627 1208.239 1211.021 1213.804 1216.586 1219.369 1222.473 1225.839 1229.206 1232.573 1235.923 1238.14 1240.357 1242.573 1244.79
1249.902 1249.93 1249.957 1249.985 1249.833 1249.461 1249.088 1248.716 1248.344 1247.179 1245.939 1244.699 1243.459 1241.639 1238.861 1236.083 1233.305 1230.527 1227.645 1224.742 1221.84 1218.938 1215.981 1212.899 1209.817 1206.735 1203.652 1202.44 1201.793 1201.145 1200.497 1200.0 1200.0 1200.0 1200.0 1200.0 1200.0 1200.0 1200.0 1200.0 1200.057 1200.416 1200.774 1201.132 1201.491 1202.748 1204.549 1206.35 1208.151 1210.038 1212.826 1215.614 1218.401 1221.189 1224.169 1227.305 1230.441 1233.578 1236.697 1238.629 1240.562 1242.495 1244.428
