data/zism_data/00440_03_D.txt
ncols         224
nrows         224
[rows 28 to 55 of 224, columns 0 to 62 of 224]
2191.207 2184.901 2178.365 2171.828 2165.292 2158.756 2151.094 2143.075 2135.056 2127.037 2119.628 2114.707 2109.787 2104.866 2099.945 2097.339 2096.064 2094.789 2093.514 2092.286 2091.64 2090.995 2090.35 2089.705 2089.238 2088.94 2088.643 2088.346 2088.049 2085.776 2083.396 2081.017 2078.637 2075.705 2071.897 2068.09 2064.283 2060.475 2056.173 2051.766 2047.359 2042.952 2038.297 2032.949 2027.6 2022.251 2016.902 2013.285 2010.406 2007.528 2004.649 2002.108 2001.662 2001.216 2000.771 2000.325 2000.119 2000.089 2000.059 2000.029 2000.0 2000.0 2000.0
2191.364 2184.894 2178.336 2171.779 2165.221 2158.663 2150.809 2142.544 2134.279 2126.013 2118.441 2113.692 2108.942 2104.192 2099.443 2097.053 2096.019 2094.985 2093.95 2092.96 2092.518 2092.076 2091.634 2091.192 2090.967 2090.948 2090.929 2090.911 2090.892 2088.704 2086.399 2084.094 2081.79 2078.829 2074.829 2070.829 2066.829 2062.829 2058.233 2053.51 2048.787 2044.064 2039.068 2033.307 2027.546 2021.786 2016.025 2012.276 2009.387 2006.498 2003.609 2001.088 2000.856 2000.624 2000.393 2000.161 2000.055 2000.041 2000.027 2000.014 2000.0 2000.0 2000.0
2191.499 2184.888 2178.312 2171.736 2165.16 2158.584 2150.566 2142.09 2133.614 2125.139 2117.427 2112.829 2108.23 2103.632 2099.033 2096.841 2096.032 2095.224 2094.415 2093.649 2093.427 2093.205 2092.983 2092.76 2092.806 2093.106 2093.407 2093.708 2094.008 2091.89 2089.642 2087.393 2085.145 2082.149 2077.968 2073.787 2069.605 2065.424 2060.553 2055.535 2050.518 2045.5 2040.197 2034.095 2027.992 2021.89 2015.787 2011.894 2008.944 2005.993 2003.043 2000.487 2000.377 2000.267 2000.157 2000.047 2000.0 2000.0 2000.0 2000.0 2000.0 2000.0 2000.0
2191.514 2184.888 2178.312 2171.736 2165.16 2158.584 2150.566 2142.09 2133.614 2125.139 2117.433 2112.867 2108.301 2103.734 2099.168 2097.073 2096.398 2095.723 2095.048 2094.429 2094.523 2094.616 2094.71 2094.803 2095.29 2096.153 2097.015 2097.878 2098.741 2096.6 2094.298 2091.997 2089.695 2086.622 2082.329 2078.035 2073.742 2069.448 2064.416 2059.227 2054.038 2048.849 2043.44 2037.412 2031.385 2025.357 2019.33 2015.207 2011.898 2008.59 2005.281 2002.357 2001.824 2001.291 2000.758 2000.226 2000.0 2000.0 2000.0 2000.0 2000.0 2000.0 2000.0
2191.528 2184.888 2178.312 2171.736 2165.16 2158.584 2150.566 2142.09 2133.614 2125.139 2117.44 2112.905 2108.371 2103.837 2099.302 2097.304 2096.763 2096.222 2095.681 2095.209 2095.618 2096.028 2096.437 2096.846 2097.775 2099.199 2100.624 2102.048 2103.473 2101.311 2098.955 2096.6 2094.244 2091.095 2086.69 2082.284 2077.878 2073.472 2068.279 2062.919 2057.558 2052.198 2046.682 2040.73 2034.777 2028.825 2022.872 2018.521 2014.853 2011.186 2007.518 2004.227 2003.271 2002.316 2001.36 2000.405 2000.0 2000.0 2000.0 2000.0 2000.0 2000.0 2000.0
2191.543 2184.888 2178.312 2171.736 2165.16 2158.584 2150.566 2142.09 2133.614 2125.139 2117.446 2112.944 2108.442 2103.939 2099.437 2097.535 2097.128 2096.721 2096.313 2095.989 2096.714 2097.439 2098.164 2098.889 2100.259 2102.246 2104.232 2106.219 2108.205 2106.021 2103.612 2101.203 2098.794 2095.569 2091.051 2086.532 2082.014 2077.496 2072.142 2066.61 2061.079 2055.547 2049.925 2044.047 2038.17 2032.292 2026.414 2021.834 2017.808 2013.782 2009.756 2006.097 2004.719 2003.34 2001.962 2000.584 2000.0 2000.0 2000.0 2000.0 2000.0 2000.0 2000.0
2191.557 2184.888 2178.312 2171.736 2165.16 2158.584 2150.566 2142.09 2133.614 2125.139 2117.452 2112.982 2108.512 2104.042 2099.572 2097.767 2097.493 2097.22 2096.946 2096.769 2097.81 2098.851 2099.892 2100.932 2102.744 2105.292 2107.841 2110.389 2112.938 2110.731 2108.269 2105.806 2103.344 2100.042 2095.412 2090.781 2086.15 2081.52 2076.005 2070.302 2064.599 2058.896 2053.167 2047.365 2041.562 2035.759 2029.957 2025.148 2020.763 2016.378 2011.994 2007.968 2006.166 2004.365 2002.564 2000.763 2000.0 2000.0 2000.0 2000.0 2000.0 2000.0 2000.0
2190.77 2183.944 2177.276 2170.608 2163.94 2157.271 2149.378 2141.097 2132.815 2124.533 2117.03 2112.7 2108.371 2104.041 2099.711 2098.068 2097.97 2097.871 2097.773 2097.797 2099.37 2100.943 2102.515 2104.088 2106.34 2109.24 2112.141 2115.041 2117.942 2115.591 2112.957 2110.323 2107.69 2104.231 2099.466 2094.701 2089.936 2085.17 2079.779 2074.255 2068.73 2063.206 2057.724 2052.359 2046.993 2041.628 2036.263 2031.483 2026.953 2022.423 2017.893 2013.593 2010.727 2007.86 2004.994 2002.127 2000.798 2000.598 2000.398 2000.197 2000.0 2000.0 2000.0
2189.435 2182.356 2175.533 2168.709 2161.886 2155.063 2147.38 2139.425 2131.469 2123.514 2116.316 2112.2 2108.084 2103.968 2099.853 2098.417 2098.522 2098.627 2098.732 2098.994 2101.246 2103.499 2105.752 2108.004 2110.695 2113.804 2116.913 2120.022 2123.132 2120.553 2117.667 2114.782 2111.897 2108.227 2103.311 2098.396 2093.481 2088.566 2083.493 2078.386 2073.279 2068.172 2063.178 2058.498 2053.817 2049.137 2044.457 2039.882 2035.352 2030.822 2026.292 2021.784 2017.413 2013.043 2008.673 2004.302 2002.142 2001.605 2001.067 2000.53 2000.0 2000.0 2000.0
2188.101 2180.768 2173.79 2166.811 2159.833 2152.854 2145.382 2137.753 2130.124 2122.495 2115.601 2111.699 2107.798 2103.896 2099.994 2098.766 2099.074 2099.383 2099.691 2100.191 2103.123 2106.056 2108.988 2111.92 2115.05 2118.367 2121.686 2125.004 2128.322 2125.515 2122.378 2119.241 2116.104 2112.221 2107.156 2102.092 2097.027 2091.961 2087.206 2082.517 2077.828 2073.138 2068.631 2064.636 2060.641 2056.646 2052.651 2048.281 2043.751 2039.221 2034.69 2029.974 2024.1 2018.226 2012.351 2006.477 2003.486 2002.611 2001.737 2000.862 2000.0 2000.0 2000.0
2186.766 2179.18 2172.046 2164.913 2157.779 2150.645 2143.383 2136.081 2128.779 2121.476 2114.886 2111.199 2107.511 2103.823 2100.136 2099.115 2099.626 2100.138 2100.65 2101.388 2105.0 2108.612 2112.224 2115.836 2119.405 2122.931 2126.458 2129.985 2133.511 2130.476 2127.088 2123.7 2120.312 2116.217 2111.002 2105.787 2100.572 2095.357 2090.92 2086.648 2082.376 2078.104 2074.085 2070.775 2067.465 2064.155 2060.845 2056.68 2052.15 2047.62 2043.089 2038.164 2030.786 2023.408 2016.03 2008.652 2004.83 2003.618 2002.406 2001.194 2000.0 2000.0 2000.0
2185.54 2177.704 2170.404 2163.104 2155.803 2148.503 2141.434 2134.437 2127.441 2120.444 2114.143 2110.674 2107.205 2103.735 2100.266 2099.473 2100.219 2100.964 2101.709 2102.714 2107.012 2111.31 2115.607 2119.905 2123.896 2127.594 2131.292 2134.99 2138.687 2135.418 2131.774 2128.13 2124.486 2120.178 2114.818 2109.458 2104.098 2098.738 2094.621 2090.769 2086.916 2083.063 2079.531 2076.897 2074.264 2071.631 2068.998 2065.041 2060.52 2055.998 2051.477 2046.355 2037.509 2028.663 2019.817 2010.971 2006.318 2004.743 2003.167 2001.592 2000.04 2000.032 2000.023
2186.697 2178.672 2170.965 2163.258 2155.551 2147.845 2140.563 2133.417 2126.271 2119.124 2112.764 2109.611 2106.458 2103.304 2100.151 2100.044 2101.689 2103.333 2104.978 2106.876 2111.993 2117.109 2122.226 2127.343 2131.398 2134.437 2137.477 2140.516 2143.556 2139.923 2135.931 2131.939 2127.947 2123.409 2118.006 2112.604 2107.201 2101.798 2098.049 2094.651 2091.253 2087.855 2084.789 2082.654 2080.518 2078.383 2076.247 2072.578 2068.255 2063.931 2059.608 2054.563 2045.037 2035.511 2025.985 2016.46 2010.978 2008.467 2005.955 2003.443 2000.965 2000.764 2000.563
2187.853 2179.64 2171.526 2163.413 2155.299 2147.186 2139.693 2132.396 2125.1 2117.804 2111.386 2108.549 2105.711 2102.873 2100.036 2100.615 2103.159 2105.703 2108.247 2111.038 2116.973 2122.909 2128.844 2134.78 2138.899 2141.281 2143.662 2146.043 2148.424 2144.427 2140.088 2135.748 2131.408 2126.64 2121.195 2115.749 2110.303 2104.858 2101.476 2098.533 2095.59 2092.647 2090.047 2088.41 2086.772 2085.134 2083.497 2080.115 2075.99 2071.865 2067.739 2062.771 2052.565 2042.359 2032.154 2021.948 2015.639 2012.191 2008.743 2005.294 2001.89 2001.497 2001.103
2189.01 2180.608 2172.088 2163.567 2155.047 2146.527 2138.822 2131.376 2123.93 2116.483 2110.008 2107.486 2104.964 2102.442 2099.92 2101.186 2104.629 2108.072 2111.515 2115.2 2121.954 2128.708 2135.463 2142.218 2146.401 2148.124 2149.846 2151.569 2153.292 2148.932 2144.244 2139.556 2134.869 2129.871 2124.383 2118.894 2113.406 2107.917 2104.904 2102.416 2099.927 2097.439 2095.306 2094.166 2093.026 2091.886 2090.746 2087.653 2083.725 2079.798 2075.871 2070.978 2060.093 2049.208 2038.322 2027.437 2020.3 2015.915 2011.53 2007.145 2002.816 2002.229 2001.643
2190.167 2181.576 2172.649 2163.722 2154.795 2145.868 2137.951 2130.355 2122.759 2115.163 2108.629 2106.423 2104.217 2102.011 2099.805 2101.757 2106.1 2110.442 2114.784 2119.362 2126.935 2134.508 2142.082 2149.655 2153.903 2154.967 2156.031 2157.096 2158.16 2153.437 2148.401 2143.365 2138.33 2133.102 2127.571 2122.04 2116.508 2110.977 2108.331 2106.298 2104.265 2102.232 2100.564 2099.922 2099.28 2098.638 2097.996 2095.19 2091.461 2087.731 2084.002 2079.186 2067.621 2056.056 2044.491 2032.926 2024.961 2019.639 2014.318 2008.996 2003.741 2002.961 2002.182
2192.378 2183.681 2174.516 2165.351 2156.186 2147.021 2138.869 2131.039 2123.209 2115.379 2108.66 2106.472 2104.283 2102.095 2099.907 2102.614 2108.135 2113.656 2119.177 2124.886 2132.999 2141.112 2149.224 2157.337 2161.492 2161.859 2162.225 2162.592 2162.958 2157.989 2152.732 2147.475 2142.218 2136.874 2131.392 2125.91 2120.428 2114.947 2112.485 2110.664 2108.843 2107.022 2105.58 2105.201 2104.822 2104.443 2104.064 2101.511 2098.03 2094.549 2091.067 2086.493 2075.129 2063.765 2052.401 2041.037 2032.561 2026.205 2019.849 2013.493 2007.209 2005.763 2004.316
2195.674 2186.957 2177.727 2168.498 2159.269 2150.04 2141.629 2133.477 2125.326 2117.175 2110.141 2107.664 2105.187 2102.709 2100.232 2103.765 2110.752 2117.74 2124.727 2131.815 2140.179 2148.543 2156.907 2165.271 2169.172 2168.8 2168.428 2168.056 2167.684 2162.59 2157.242 2151.895 2146.546 2141.203 2135.865 2130.528 2125.191 2119.853 2117.385 2115.527 2113.669 2111.811 2110.347 2109.989 2109.632 2109.274 2108.916 2106.58 2103.398 2100.217 2097.035 2092.872 2082.616 2072.36 2062.104 2051.848 2043.187 2035.696 2028.206 2020.715 2013.296 2010.694 2008.091
2198.97 2190.232 2180.938 2171.645 2162.352 2153.058 2144.388 2135.916 2127.443 2118.97 2111.623 2108.856 2106.09 2103.324 2100.557 2104.916 2113.37 2121.823 2130.277 2138.743 2147.358 2155.974 2164.59 2173.205 2176.851 2175.741 2174.63 2173.52 2172.409 2167.192 2161.753 2156.314 2150.875 2145.531 2140.338 2135.146 2129.953 2124.76 2122.287 2120.391 2118.495 2116.6 2115.114 2114.777 2114.441 2114.105 2113.768 2111.648 2108.766 2105.885 2103.003 2099.252 2090.104 2080.956 2071.807 2062.659 2053.813 2045.188 2036.563 2027.937 2019.383 2015.625 2011.866
2202.266 2193.508 2184.15 2174.792 2165.435 2156.077 2147.147 2138.354 2129.56 2120.767 2113.104 2110.049 2106.993 2103.938 2100.883 2106.067 2115.987 2125.907 2135.827 2145.671 2154.538 2163.405 2172.272 2181.139 2184.531 2182.682 2180.833 2178.984 2177.135 2171.793 2166.263 2160.733 2155.203 2149.86 2144.812 2139.763 2134.715 2129.667 2127.188 2125.255 2123.321 2121.388 2119.88 2119.565 2119.25 2118.936 2118.621 2116.717 2114.135 2111.553 2108.97 2105.631 2097.591 2089.551 2081.51 2073.47 2064.438 2054.679 2044.919 2035.159 2025.47 2020.556 2015.641
2205.563 2196.783 2187.361 2177.939 2168.517 2159.095 2149.907 2140.792 2131.677 2122.563 2114.585 2111.241 2107.896 2104.552 2101.208 2107.218 2118.605 2129.991 2141.378 2152.599 2161.717 2170.836 2179.955 2189.073 2192.211 2189.623 2187.036 2184.448 2181.861 2176.395 2170.774 2165.153 2159.532 2154.188 2149.285 2144.381 2139.477 2134.573 2132.089 2130.118 2128.147 2126.177 2124.647 2124.354 2124.06 2123.766 2123.473 2121.786 2119.503 2117.221 2114.938 2112.011 2105.079 2098.146 2091.214 2084.281 2075.064 2064.17 2053.276 2042.381 2031.557 2025.487 2019.416
2205.997 2197.354 2187.828 2178.302 2168.775 2159.249 2149.914 2140.639 2131.365 2122.09 2114.011 2110.801 2107.591 2104.381 2101.171 2107.458 2119.201 2130.945 2142.689 2154.24 2163.348 2172.457 2181.564 2190.673 2193.896 2191.488 2189.079 2186.671 2184.262 2179.083 2173.754 2168.425 2163.096 2157.986 2153.222 2148.458 2143.693 2138.929 2136.5 2134.568 2132.635 2130.703 2129.188 2128.845 2128.503 2128.16 2127.817 2126.018 2123.597 2121.175 2118.754 2115.768 2109.272 2102.777 2096.282 2089.787 2081.043 2070.647 2060.252 2049.856 2039.512 2032.608 2025.704
2206.254 2197.76 2188.126 2178.493 2168.859 2159.226 2149.751 2140.327 2130.902 2121.478 2113.31 2110.261 2107.211 2104.162 2101.113 2107.641 2119.674 2131.707 2143.74 2155.557 2164.638 2173.719 2182.801 2191.882 2195.213 2193.04 2190.867 2188.694 2186.521 2181.653 2176.64 2171.627 2166.614 2161.751 2157.126 2152.501 2147.875 2143.25 2140.881 2138.992 2137.102 2135.212 2133.715 2133.319 2132.923 2132.527 2132.13 2130.199 2127.612 2125.024 2122.437 2119.363 2113.264 2107.165 2101.065 2094.966 2086.735 2076.939 2067.143 2057.347 2047.582 2039.864 2032.147
2206.512 2198.165 2188.424 2178.684 2168.943 2159.203 2149.588 2140.014 2130.44 2120.866 2112.609 2109.72 2106.832 2103.943 2101.054 2107.825 2120.146 2132.468 2144.79 2156.874 2165.928 2174.982 2184.037 2193.092 2196.53 2194.592 2192.655 2190.717 2188.779 2184.223 2179.526 2174.829 2170.132 2165.516 2161.03 2156.544 2152.058 2147.572 2145.263 2143.416 2141.569 2139.722 2138.242 2137.793 2137.343 2136.893 2136.444 2134.38 2131.626 2128.873 2126.12 2122.958 2117.255 2111.552 2105.849 2100.146 2092.428 2083.231 2074.035 2064.838 2055.652 2047.121 2038.59
2206.77 2198.57 2188.722 2178.875 2169.027 2159.179 2149.426 2139.702 2129.978 2120.254 2111.908 2109.18 2106.452 2103.724 2100.996 2108.008 2120.619 2133.23 2145.841 2158.19 2167.218 2176.245 2185.273 2194.301 2197.846 2196.144 2194.442 2192.74 2191.038 2186.793 2182.412 2178.031 2173.649 2169.281 2164.934 2160.587 2156.24 2151.894 2149.644 2147.84 2146.036 2144.232 2142.77 2142.266 2141.763 2141.26 2140.757 2138.561 2135.642 2132.722 2129.803 2126.553 2121.246 2115.939 2110.632 2105.325 2098.121 2089.524 2080.927 2072.329 2063.721 2054.377 2045.032
2207.321 2199.378 2189.43 2179.481 2169.533 2159.585 2149.612 2139.631 2129.651 2119.67 2111.153 2108.598 2106.043 2103.488 2100.933 2108.12 2120.907 2133.693 2146.48 2158.992 2168.014 2177.036 2186.058 2195.08 2198.739 2197.263 2195.788 2194.313 2192.838 2188.879 2184.786 2180.694 2176.601 2172.491 2168.354 2164.218 2160.081 2155.945 2153.814 2152.109 2150.405 2148.7 2147.309 2146.798 2146.288 2145.777 2145.266 2143.012 2140.013 2137.014 2134.015 2130.734 2125.703 2120.673 2115.643 2110.612 2103.754 2095.553 2087.352 2079.151 2070.927 2061.146 2051.365
2208.328 2200.814 2190.775 2180.735 2170.696 2160.657 2150.341 2139.938 2129.534 2119.13 2110.312 2107.949 2105.587 2103.225 2100.862 2108.12 2120.907 2133.693 2146.48 2158.994 2168.043 2177.091 2186.14 2195.189 2198.97 2197.709 2196.448 2195.187 2193.926 2190.212 2186.365 2182.519 2178.672 2174.837 2171.022 2167.207 2163.391 2159.575 2157.656 2156.138 2154.621 2153.104 2151.868 2151.421 2150.975 2150.528 2150.082 2147.884 2144.938 2141.993 2139.047 2135.825 2130.886 2125.947 2121.007 2116.068 2109.294 2101.173 2093.053 2084.932 2076.79 2067.158 2057.527
2209.335 2202.25 2192.119 2181.989 2171.859 2161.729 2151.07 2140.244 2129.417 2118.591 2109.471 2107.301 2105.131 2102.961 2100.792 2108.12 2120.907 2133.693 2146.48 2158.996 2168.072 2177.147 2186.222 2195.298 2199.201 2198.155 2197.108 2196.061 2195.014 2191.544 2187.944 2184.343 2180.743 2177.184 2173.689 2170.195 2166.701 2163.206 2161.497 2160.167 2158.837 2157.507 2156.426 2156.044 2155.662 2155.279 2154.897 2152.756 2149.864 2146.972 2144.08 2140.917 2136.068 2131.22 2126.371 2121.523 2114.834 2106.794 2098.754 2090.713 2082.652 2073.171 2063.69
