data/zism_data/00447_02_D.txt
ncols         224
nrows         224
[rows 168 to 195 of 224, columns 0 to 62 of 224]
4022.879 4024.377 4025.875 4029.14 4034.569 4039.998 4045.427 4050.856 4059.224 4067.925 4076.625 4085.326 4094.14 4103.167 4112.194 4121.221 4130.247 4138.421 4146.377 4154.333 4162.29 4169.683 4175.352 4181.021 4186.69 4192.359 4194.934 4196.155 4197.376 4198.597 4199.653 4199.732 4199.811 4199.889 4199.968 4200.0 4200.0 4200.0 4200.0 4199.998 4199.941 4199.884 4199.828 4199.771 4199.253 4198.262 4197.271 4196.279 4195.287 4191.209 4186.941 4182.672 4178.404 4174.063 4169.605 4165.148 4160.691 4156.234 4155.172 4154.755 4154.338 4153.92 4153.466
4014.881 4016.494 4018.108 4021.418 4026.807 4032.195 4037.584 4042.972 4051.167 4059.678 4068.189 4076.7 4085.362 4094.307 4103.251 4112.196 4121.14 4129.647 4138.044 4146.44 4154.836 4162.826 4169.572 4176.319 4183.066 4189.813 4192.992 4194.611 4196.231 4197.85 4199.256 4199.401 4199.546 4199.691 4199.836 4199.901 4199.911 4199.921 4199.931 4199.94 4199.943 4199.945 4199.948 4199.951 4199.745 4199.325 4198.904 4198.484 4198.064 4195.144 4192.07 4188.996 4185.921 4182.573 4178.798 4175.022 4171.247 4167.472 4166.586 4166.25 4165.913 4165.576 4165.0
4006.242 4007.878 4009.513 4012.806 4018.13 4023.455 4028.779 4034.103 4042.214 4050.64 4059.066 4067.492 4076.05 4084.855 4093.661 4102.466 4111.271 4119.563 4127.725 4135.885 4144.046 4152.082 4159.731 4167.381 4175.031 4182.68 4186.763 4189.286 4191.808 4194.33 4196.567 4197.118 4197.669 4198.22 4198.771 4199.052 4199.147 4199.243 4199.338 4199.431 4199.455 4199.479 4199.502 4199.526 4199.413 4199.159 4198.904 4198.649 4198.395 4196.093 4193.666 4191.238 4188.811 4186.132 4183.062 4179.992 4176.921 4173.852 4173.115 4172.821 4172.526 4172.232 4171.656
3997.604 3999.261 4000.917 4004.193 4009.454 4014.714 4019.974 4025.234 4033.262 4041.602 4049.943 4058.283 4066.737 4075.403 4084.07 4092.737 4101.403 4109.479 4117.405 4125.331 4133.257 4141.337 4149.89 4158.443 4166.996 4175.548 4180.534 4183.959 4187.385 4190.81 4193.878 4194.835 4195.792 4196.75 4197.707 4198.203 4198.384 4198.565 4198.746 4198.921 4198.966 4199.012 4199.057 4199.102 4199.081 4198.992 4198.903 4198.814 4198.726 4197.043 4195.262 4193.481 4191.7 4189.69 4187.326 4184.961 4182.596 4180.231 4179.643 4179.392 4179.141 4178.889 4178.313
3988.966 3990.644 3992.322 3995.581 4000.777 4005.973 4011.169 4016.365 4024.31 4032.565 4040.819 4049.074 4057.424 4065.952 4074.479 4083.007 4091.534 4099.395 4107.086 4114.776 4122.467 4130.593 4140.049 4149.504 4158.96 4168.416 4174.305 4178.633 4182.962 4187.291 4191.189 4192.552 4193.916 4195.279 4196.643 4197.354 4197.621 4197.887 4198.153 4198.411 4198.478 4198.544 4198.611 4198.678 4198.75 4198.826 4198.903 4198.98 4199.057 4197.992 4196.858 4195.723 4194.589 4193.249 4191.589 4189.93 4188.271 4186.612 4186.172 4185.963 4185.754 4185.546 4184.968
3980.328 3982.027 3983.727 3986.968 3992.1 3997.232 4002.365 4007.496 4015.357 4023.527 4031.696 4039.865 4048.111 4056.5 4064.888 4073.277 4081.666 4089.311 4096.767 4104.222 4111.678 4119.849 4130.208 4140.566 4150.925 4161.284 4168.076 4173.308 4178.539 4183.771 4188.5 4190.27 4192.039 4193.809 4195.578 4196.505 4196.857 4197.209 4197.561 4197.901 4197.99 4198.078 4198.166 4198.254 4198.418 4198.66 4198.903 4199.145 4199.388 4198.942 4198.454 4197.966 4197.478 4196.808 4195.854 4194.899 4193.946 4192.992 4192.7 4192.534 4192.368 4192.202 4191.625
3971.812 3973.255 3974.698 3977.767 3982.829 3987.891 3992.953 3998.015 4005.826 4013.948 4022.07 4030.192 4038.34 4046.537 4054.734 4062.932 4071.129 4078.647 4085.994 4093.34 4100.687 4108.854 4119.534 4130.214 4140.894 4151.573 4159.022 4165.057 4171.092 4177.127 4182.623 4184.939 4187.255 4189.571 4191.887 4193.104 4193.571 4194.038 4194.504 4194.958 4195.114 4195.27 4195.426 4195.583 4195.994 4196.668 4197.343 4198.017 4198.691 4198.75 4198.771 4198.792 4198.813 4198.607 4198.049 4197.49 4196.932 4196.373 4196.138 4195.965 4195.792 4195.62 4194.932
3963.399 3964.355 3965.312 3968.08 3973.067 3978.054 3983.042 3988.029 3995.818 4003.924 4012.03 4020.135 4028.191 4036.153 4044.115 4052.077 4060.039 4067.506 4074.847 4082.188 4089.53 4097.653 4108.173 4118.692 4129.212 4139.731 4147.633 4154.389 4161.146 4167.902 4174.111 4177.09 4180.068 4183.047 4186.026 4187.594 4188.2 4188.805 4189.411 4190.001 4190.265 4190.528 4190.791 4191.054 4191.841 4193.167 4194.493 4195.819 4197.146 4197.615 4198.031 4198.448 4198.865 4198.954 4198.534 4198.114 4197.694 4197.274 4197.022 4196.801 4196.58 4196.359 4195.472
3954.986 3955.456 3955.926 3958.392 3963.305 3968.217 3973.13 3978.042 3985.81 3993.899 4001.989 4010.079 4018.042 4025.769 4033.496 4041.223 4048.95 4056.365 4063.701 4071.036 4078.372 4086.453 4096.812 4107.171 4117.53 4127.889 4136.244 4143.722 4151.199 4158.677 4165.599 4169.24 4172.881 4176.523 4180.164 4182.084 4182.829 4183.573 4184.317 4185.046 4185.416 4185.786 4186.156 4186.525 4187.688 4189.666 4191.644 4193.622 4195.6 4196.48 4197.292 4198.104 4198.916 4199.3 4199.019 4198.738 4198.458 4198.177 4197.906 4197.637 4197.368 4197.099 4196.011
3946.572 3946.556 3946.541 3948.705 3953.543 3958.38 3963.218 3968.056 3975.801 3983.875 3991.948 4000.022 4007.893 4015.385 4022.877 4030.369 4037.861 4045.224 4052.554 4059.885 4067.215 4075.252 4085.451 4095.649 4105.849 4116.047 4124.855 4133.054 4141.253 4149.452 4157.087 4161.391 4165.694 4169.999 4174.302 4176.574 4177.457 4178.341 4179.224 4180.09 4180.566 4181.043 4181.52 4181.997 4183.535 4186.165 4188.795 4191.425 4194.055 4195.345 4196.552 4197.759 4198.967 4199.646 4199.504 4199.362 4199.22 4199.079 4198.789 4198.472 4198.155 4197.838 4196.551
3938.159 3937.657 3937.155 3939.018 3943.781 3948.543 3953.306 3958.069 3965.792 3973.85 3981.908 3989.966 3997.744 4005.001 4012.258 4019.515 4026.771 4034.083 4041.408 4048.732 4056.058 4064.051 4074.09 4084.128 4094.167 4104.205 4113.466 4122.386 4131.307 4140.228 4148.575 4153.541 4158.508 4163.474 4168.44 4171.063 4172.086 4173.108 4174.131 4175.134 4175.718 4176.301 4176.885 4177.468 4179.382 4182.664 4185.945 4189.228 4192.509 4194.209 4195.813 4197.415 4199.018 4199.992 4199.989 4199.986 4199.983 4199.98 4199.673 4199.308 4198.942 4198.577 4197.09
3932.204 3931.054 3929.903 3931.19 3935.466 3939.741 3944.016 3948.291 3955.974 3964.042 3972.109 3980.177 3987.928 3995.086 4002.243 4009.401 4016.558 4024.074 4031.681 4039.288 4046.896 4055.035 4064.804 4074.572 4084.341 4094.109 4103.273 4112.173 4121.072 4129.972 4138.341 4143.578 4148.815 4154.052 4159.289 4162.023 4163.049 4164.075 4165.1 4166.109 4166.758 4167.406 4168.055 4168.704 4170.915 4174.733 4178.552 4182.371 4186.19 4188.382 4190.475 4192.567 4194.659 4196.033 4196.289 4196.545 4196.801 4197.058 4196.94 4196.751 4196.563 4196.375 4195.038
3926.304 3924.502 3922.7 3923.405 3927.183 3930.961 3934.739 3938.517 3946.159 3954.238 3962.316 3970.395 3978.119 3985.181 3992.242 3999.304 4006.365 4014.091 4021.987 4029.882 4037.778 4046.068 4055.564 4065.06 4074.556 4084.052 4093.107 4101.969 4110.832 4119.694 4128.068 4133.567 4139.066 4144.565 4150.064 4152.905 4153.93 4154.956 4155.981 4156.993 4157.706 4158.418 4159.131 4159.844 4162.351 4166.704 4171.057 4175.411 4179.764 4182.45 4185.034 4187.618 4190.202 4191.978 4192.495 4193.013 4193.531 4194.049 4194.126 4194.119 4194.112 4194.105 4192.927
3920.405 3917.951 3915.496 3915.619 3918.9 3922.181 3925.463 3928.744 3936.345 3944.434 3952.523 3960.613 3968.311 3975.276 3982.241 3989.206 3996.171 4004.108 4012.292 4020.477 4028.661 4037.101 4046.324 4055.548 4064.771 4073.995 4082.941 4091.766 4100.59 4109.416 4117.796 4123.557 4129.318 4135.079 4140.839 4143.786 4144.812 4145.837 4146.862 4147.877 4148.654 4149.431 4150.208 4150.985 4153.787 4158.675 4163.563 4168.45 4173.337 4176.518 4179.594 4182.669 4185.745 4187.922 4188.702 4189.481 4190.261 4191.041 4191.312 4191.487 4191.662 4191.836 4190.817
3914.505 3911.399 3908.293 3907.833 3910.618 3913.402 3916.186 3918.97 3926.531 3934.631 3942.73 3950.83 3958.502 3965.371 3972.24 3979.109 3985.978 3994.125 4002.598 4011.071 4019.543 4028.134 4037.085 4046.036 4054.987 4063.938 4072.775 4081.562 4090.35 4099.137 4107.524 4113.546 4119.569 4125.592 4131.614 4134.667 4135.693 4136.718 4137.744 4138.761 4139.602 4140.443 4141.284 4142.125 4145.224 4150.646 4156.067 4161.489 4166.911 4170.586 4174.153 4177.72 4181.287 4183.866 4184.908 4185.949 4186.991 4188.032 4188.498 4188.854 4189.211 4189.568 4188.707
3910.475 3906.966 3903.457 3902.556 3904.852 3907.148 3909.444 3911.74 3918.965 3926.745 3934.526 3942.307 3949.79 3956.716 3963.642 3970.567 3977.493 3985.812 3994.486 4003.16 4011.834 4020.507 4029.179 4037.851 4046.523 4055.195 4063.804 4072.386 4080.968 4089.55 4097.781 4103.945 4110.109 4116.274 4122.438 4125.506 4126.459 4127.413 4128.366 4129.311 4130.063 4130.815 4131.567 4132.32 4135.604 4141.495 4147.385 4153.276 4159.167 4163.248 4167.216 4171.186 4175.155 4178.107 4179.479 4180.85 4182.221 4183.592 4184.285 4184.849 4185.414 4185.978 4185.331
3909.149 3905.598 3902.046 3900.908 3902.729 3904.549 3906.369 3908.19 3914.65 3921.635 3928.619 3935.604 3942.665 3949.868 3957.072 3964.276 3971.479 3979.914 3988.663 3997.411 4006.16 4014.819 4023.202 4031.585 4039.969 4048.352 4056.561 4064.694 4072.827 4080.961 4088.803 4094.936 4101.068 4107.2 4113.332 4116.282 4117.06 4117.836 4118.613 4119.376 4119.818 4120.261 4120.703 4121.146 4124.457 4130.722 4136.986 4143.251 4149.516 4153.875 4158.116 4162.358 4166.6 4169.886 4171.684 4173.482 4175.281 4177.08 4178.047 4178.858 4179.668 4180.478 4180.127
3907.824 3904.229 3900.635 3899.26 3900.604 3901.949 3903.294 3904.639 3910.336 3916.525 3922.713 3928.901 3935.54 3943.021 3950.502 3957.984 3965.465 3974.016 3982.84 3991.663 4000.487 4009.131 4017.226 4025.32 4033.415 4041.51 4049.319 4057.003 4064.687 4072.372 4079.826 4085.926 4092.026 4098.126 4104.227 4107.059 4107.66 4108.26 4108.861 4109.441 4109.574 4109.707 4109.839 4109.971 4113.31 4119.949 4126.587 4133.226 4139.865 4144.502 4149.016 4153.531 4158.045 4161.664 4163.89 4166.116 4168.342 4170.568 4171.811 4172.866 4173.922 4174.979 4174.922
3906.498 3902.861 3899.224 3897.611 3898.48 3899.35 3900.219 3901.089 3906.022 3911.414 3916.806 3922.198 3928.414 3936.173 3943.932 3951.692 3959.451 3968.118 3977.017 3985.915 3994.813 4003.442 4011.249 4019.055 4026.861 4034.667 4042.076 4049.312 4056.547 4063.782 4070.848 4076.917 4082.985 4089.052 4095.121 4097.835 4098.259 4098.684 4099.108 4099.507 4099.329 4099.152 4098.974 4098.797 4102.163 4109.175 4116.188 4123.201 4130.213 4135.129 4139.916 4144.703 4149.489 4153.441 4156.095 4158.749 4161.402 4164.056 4165.573 4166.875 4168.176 4169.478 4169.717
3905.173 3901.493 3897.813 3895.963 3896.357 3896.75 3897.144 3897.538 3901.708 3906.304 3910.9 3915.496 3921.289 3929.326 3937.363 3945.4 3953.437 3962.22 3971.193 3980.167 3989.14 3997.754 4005.272 4012.79 4020.307 4027.825 4034.834 4041.62 4048.407 4055.194 4061.871 4067.907 4073.943 4079.979 4086.015 4088.612 4088.86 4089.108 4089.356 4089.572 4089.085 4088.597 4088.11 4087.623 4091.015 4098.402 4105.789 4113.176 4120.562 4125.757 4130.816 4135.875 4140.935 4145.22 4148.301 4151.381 4154.462 4157.543 4159.335 4160.883 4162.431 4163.978 4164.513
3906.802 3902.689 3898.576 3896.258 3896.14 3896.023 3895.905 3895.787 3899.077 3902.751 3906.425 3910.1 3915.169 3922.857 3930.543 3938.231 3945.917 3954.621 3963.584 3972.547 3981.51 3990.112 3997.61 4005.108 4012.606 4020.104 4026.883 4033.346 4039.809 4046.272 4052.647 4058.499 4064.35 4070.201 4076.052 4078.382 4078.305 4078.229 4078.153 4078.03 4076.878 4075.727 4074.575 4073.423 4076.73 4084.625 4092.52 4100.416 4108.311 4114.277 4120.125 4125.973 4131.82 4136.712 4140.118 4143.523 4146.928 4150.333 4152.35 4154.103 4155.856 4157.609 4158.397
3908.996 3904.376 3899.755 3896.925 3896.289 3895.653 3895.017 3894.381 3896.768 3899.496 3902.225 3904.953 3909.243 3916.46 3923.677 3930.893 3938.11 3946.697 3955.633 3964.569 3973.505 3982.095 3989.625 3997.156 4004.686 4012.216 4018.796 4024.96 4031.124 4037.288 4043.376 4049.013 4054.651 4060.289 4065.926 4067.959 4067.53 4067.101 4066.672 4066.18 4064.296 4062.413 4060.529 4058.645 4061.844 4070.273 4078.703 4087.133 4095.563 4102.396 4109.13 4115.865 4122.6 4128.15 4131.86 4135.57 4139.28 4142.99 4145.221 4147.172 4149.123 4151.073 4152.107
3911.191 3906.063 3900.935 3897.592 3896.437 3895.283 3894.129 3892.974 3894.459 3896.242 3898.024 3899.807 3903.316 3910.063 3916.809 3923.556 3930.302 3938.773 3947.682 3956.592 3965.501 3974.078 3981.641 3989.203 3996.766 4004.328 4010.709 4016.574 4022.439 4028.304 4034.104 4039.528 4044.952 4050.376 4055.8 4057.537 4056.755 4055.973 4055.192 4054.33 4051.715 4049.099 4046.483 4043.867 4046.958 4055.922 4064.886 4073.85 4082.814 4090.514 4098.135 4105.757 4113.378 4119.588 4123.603 4127.617 4131.632 4135.646 4138.092 4140.241 4142.389 4144.538 4145.817
3913.385 3907.75 3902.114 3898.259 3896.586 3894.913 3893.24 3891.568 3892.15 3892.987 3893.824 3894.661 3897.39 3903.666 3909.942 3916.219 3922.495 3930.849 3939.731 3948.614 3957.497 3966.062 3973.656 3981.251 3988.845 3996.439 4002.622 4008.188 4013.753 4019.319 4024.833 4030.043 4035.253 4040.464 4045.674 4047.114 4045.98 4044.845 4043.711 4042.481 4039.133 4035.785 4032.437 4029.089 4032.072 4041.57 4051.068 4060.567 4070.065 4078.632 4087.14 4095.649 4104.157 4111.027 4115.346 4119.665 4123.984 4128.303 4130.963 4133.31 4135.656 4138.002 4139.527
3916.992 3910.836 3904.679 3900.25 3897.936 3895.622 3893.308 3890.995 3890.671 3890.573 3890.474 3890.375 3892.275 3897.924 3903.573 3909.222 3914.871 3922.997 3931.755 3940.513 3949.271 3957.75 3965.376 3973.003 3980.629 3988.256 3994.27 3999.58 4004.889 4010.199 4015.45 4020.354 4025.258 4030.162 4035.066 4036.23 4034.84 4033.45 4032.059 4030.563 4026.737 4022.911 4019.085 4015.26 4018.112 4027.839 4037.565 4047.293 4057.019 4066.373 4075.704 4085.035 4094.365 4101.877 4106.56 4111.243 4115.926 4120.608 4123.566 4126.196 4128.827 4131.458 4133.299
3924.416 3917.704 3910.991 3905.819 3902.532 3899.246 3895.96 3892.674 3891.436 3890.428 3889.421 3888.414 3889.356 3893.952 3898.548 3903.145 3907.74 3915.343 3923.711 3932.078 3940.446 3948.639 3956.298 3963.956 3971.615 3979.273 3985.201 3990.372 3995.542 4000.713 4005.764 4010.113 4014.461 4018.809 4023.158 4024.099 4022.714 4021.329 4019.945 4018.463 4014.845 4011.228 4007.61 4003.993 4006.656 4015.784 4024.912 4034.041 4043.169 4053.097 4063.074 4073.052 4083.029 4091.14 4096.346 4101.552 4106.759 4111.965 4115.442 4118.591 4121.74 4124.889 4127.238
3931.84 3924.572 3917.304 3911.388 3907.129 3902.871 3898.612 3894.354 3892.2 3890.284 3888.369 3886.453 3886.437 3889.98 3893.523 3897.067 3900.61 3907.688 3915.666 3923.643 3931.621 3939.528 3947.219 3954.909 3962.6 3970.291 3976.131 3981.163 3986.195 3991.227 3996.079 3999.871 4003.664 4007.457 4011.249 4011.969 4010.589 4009.209 4007.83 4006.362 4002.953 3999.544 3996.135 3992.726 3995.199 4003.729 4012.259 4020.789 4029.319 4039.822 4050.445 4061.069 4071.693 4080.402 4086.132 4091.862 4097.592 4103.322 4107.318 4110.985 4114.653 4118.32 4121.177
3939.263 3931.44 3923.616 3916.957 3911.726 3906.495 3901.264 3896.033 3892.965 3890.14 3887.316 3884.492 3883.517 3886.008 3888.499 3890.99 3893.48 3900.034 3907.621 3915.209 3922.796 3930.417 3938.14 3945.863 3953.585 3961.308 3967.062 3971.955 3976.847 3981.74 3986.393 3989.63 3992.867 3996.104 3999.341 3999.838 3998.463 3997.089 3995.715 3994.261 3991.061 3987.86 3984.659 3981.458 3983.743 3991.675 3999.606 4007.538 4015.469 4026.546 4037.816 4049.087 4060.357 4069.665 4075.918 4082.172 4088.426 4094.679 4099.195 4103.38 4107.565 4111.751 4115.115
