data/zism_data/00445_02_D.txt
ncols         224
nrows         224
[rows 112 to 139 of 224, columns 63 to 125 of 224]
1417.685 1417.871 1418.057 1418.242 1418.453 1418.673 1418.893 1419.113 1419.38 1419.854 1420.327 1420.801 1421.274 1421.692 1422.078 1422.464 1422.849 1423.242 1423.701 1424.16 1424.619 1425.078 1425.545 1426.018 1426.492 1426.965 1427.439 1427.807 1428.173 1428.539 1428.906 1429.225 1429.484 1429.743 1430.002 1430.261 1430.452 1430.634 1430.817 1430.999 1431.206 1431.463 1431.721 1431.978 1432.235 1432.463 1432.683 1432.902 1433.122 1433.307 1433.379 1433.451 1433.522 1433.594 1433.731 1433.899 1434.066 1434.234 1434.435 1434.855 1435.275 1435.694 1436.114
1418.096 1418.314 1418.532 1418.75 1418.97 1419.189 1419.409 1419.629 1419.89 1420.332 1420.773 1421.214 1421.655 1422.071 1422.473 1422.875 1423.277 1423.686 1424.161 1424.636 1425.112 1425.587 1426.044 1426.485 1426.926 1427.367 1427.808 1428.176 1428.542 1428.908 1429.274 1429.608 1429.9 1430.191 1430.482 1430.774 1430.959 1431.13 1431.302 1431.473 1431.677 1431.945 1432.213 1432.481 1432.749 1432.979 1433.199 1433.419 1433.639 1433.819 1433.869 1433.919 1433.969 1434.019 1434.175 1434.38 1434.586 1434.792 1435.023 1435.427 1435.83 1436.234 1436.638
1418.507 1418.757 1419.008 1419.258 1419.486 1419.706 1419.926 1420.145 1420.401 1420.809 1421.218 1421.627 1422.036 1422.45 1422.869 1423.287 1423.705 1424.13 1424.621 1425.113 1425.604 1426.096 1426.543 1426.952 1427.36 1427.769 1428.178 1428.545 1428.911 1429.277 1429.643 1429.991 1430.315 1430.639 1430.962 1431.286 1431.466 1431.626 1431.787 1431.948 1432.148 1432.427 1432.705 1432.984 1433.263 1433.496 1433.715 1433.935 1434.155 1434.33 1434.359 1434.387 1434.415 1434.444 1434.618 1434.862 1435.105 1435.349 1435.611 1435.999 1436.386 1436.773 1437.161
1418.917 1419.2 1419.483 1419.766 1420.003 1420.222 1420.442 1420.662 1420.911 1421.287 1421.664 1422.04 1422.416 1422.83 1423.264 1423.699 1424.133 1424.574 1425.082 1425.589 1426.097 1426.605 1427.042 1427.418 1427.795 1428.171 1428.547 1428.913 1429.28 1429.646 1430.012 1430.374 1430.73 1431.087 1431.443 1431.799 1431.973 1432.123 1432.272 1432.422 1432.619 1432.908 1433.198 1433.488 1433.777 1434.012 1434.232 1434.452 1434.671 1434.842 1434.849 1434.855 1434.862 1434.869 1435.062 1435.344 1435.625 1435.906 1436.199 1436.57 1436.942 1437.313 1437.684
1419.161 1419.465 1419.769 1420.073 1420.332 1420.574 1420.816 1421.058 1421.327 1421.708 1422.089 1422.47 1422.851 1423.274 1423.721 1424.168 1424.615 1425.066 1425.556 1426.047 1426.537 1427.027 1427.451 1427.817 1428.184 1428.55 1428.916 1429.282 1429.649 1430.015 1430.381 1430.747 1431.114 1431.48 1431.846 1432.212 1432.407 1432.58 1432.753 1432.925 1433.138 1433.431 1433.724 1434.017 1434.31 1434.552 1434.779 1435.006 1435.233 1435.413 1435.435 1435.458 1435.48 1435.502 1435.681 1435.933 1436.185 1436.437 1436.702 1437.053 1437.405 1437.756 1438.107
1419.329 1419.65 1419.97 1420.291 1420.577 1420.852 1421.126 1421.401 1421.7 1422.102 1422.505 1422.908 1423.311 1423.749 1424.206 1424.664 1425.122 1425.58 1426.038 1426.495 1426.953 1427.411 1427.82 1428.186 1428.552 1428.919 1429.285 1429.651 1430.017 1430.384 1430.75 1431.116 1431.483 1431.849 1432.215 1432.581 1432.81 1433.02 1433.231 1433.441 1433.679 1433.972 1434.265 1434.558 1434.851 1435.101 1435.339 1435.577 1435.815 1436.011 1436.065 1436.12 1436.175 1436.23 1436.379 1436.571 1436.763 1436.956 1437.166 1437.496 1437.826 1438.155 1438.485
1419.498 1419.834 1420.171 1420.508 1420.822 1421.129 1421.436 1421.743 1422.073 1422.497 1422.921 1423.346 1423.77 1424.223 1424.691 1425.16 1425.628 1426.093 1426.519 1426.944 1427.37 1427.795 1428.189 1428.555 1428.921 1429.288 1429.654 1430.02 1430.386 1430.753 1431.119 1431.485 1431.851 1432.218 1432.584 1432.95 1433.212 1433.46 1433.709 1433.957 1434.22 1434.513 1434.806 1435.099 1435.392 1435.651 1435.899 1436.148 1436.397 1436.608 1436.696 1436.783 1436.87 1436.957 1437.076 1437.209 1437.342 1437.475 1437.631 1437.939 1438.247 1438.555 1438.863
1419.666 1420.019 1420.372 1420.725 1421.068 1421.407 1421.747 1422.086 1422.445 1422.891 1423.338 1423.784 1424.229 1424.697 1425.176 1425.656 1426.135 1426.607 1427.0 1427.393 1427.786 1428.179 1428.558 1428.924 1429.29 1429.656 1430.023 1430.389 1430.755 1431.122 1431.488 1431.854 1432.22 1432.587 1432.953 1433.319 1433.614 1433.901 1434.187 1434.473 1434.761 1435.054 1435.347 1435.64 1435.933 1436.2 1436.46 1436.719 1436.979 1437.206 1437.326 1437.445 1437.565 1437.685 1437.773 1437.847 1437.92 1437.994 1438.095 1438.382 1438.668 1438.955 1439.241
1419.813 1420.185 1420.557 1420.928 1421.302 1421.677 1422.052 1422.426 1422.818 1423.284 1423.75 1424.215 1424.681 1425.16 1425.647 1426.133 1426.62 1427.096 1427.462 1427.828 1428.194 1428.56 1428.927 1429.293 1429.659 1430.025 1430.392 1430.758 1431.124 1431.49 1431.857 1432.223 1432.589 1432.955 1433.322 1433.688 1434.013 1434.332 1434.651 1434.97 1435.282 1435.578 1435.874 1436.169 1436.465 1436.738 1437.005 1437.271 1437.538 1437.777 1437.926 1438.074 1438.223 1438.371 1438.436 1438.463 1438.489 1438.515 1438.573 1438.844 1439.114 1439.384 1439.655
1419.855 1420.259 1420.663 1421.068 1421.486 1421.909 1422.332 1422.756 1423.189 1423.666 1424.142 1424.619 1425.095 1425.571 1426.047 1426.523 1426.998 1427.464 1427.831 1428.197 1428.563 1428.929 1429.296 1429.662 1430.028 1430.394 1430.76 1431.127 1431.493 1431.859 1432.226 1432.592 1432.958 1433.324 1433.691 1434.057 1434.391 1434.721 1435.051 1435.381 1435.705 1436.017 1436.329 1436.641 1436.953 1437.222 1437.477 1437.733 1437.989 1438.223 1438.382 1438.541 1438.7 1438.859 1438.935 1438.973 1439.01 1439.047 1439.116 1439.397 1439.678 1439.959 1440.241
1419.897 1420.333 1420.77 1421.207 1421.669 1422.141 1422.613 1423.085 1423.56 1424.047 1424.535 1425.022 1425.51 1425.983 1426.447 1426.912 1427.377 1427.833 1428.2 1428.566 1428.932 1429.298 1429.665 1430.031 1430.397 1430.763 1431.13 1431.496 1431.862 1432.228 1432.594 1432.961 1433.327 1433.693 1434.059 1434.426 1434.77 1435.11 1435.451 1435.792 1436.129 1436.457 1436.785 1437.114 1437.442 1437.705 1437.95 1438.195 1438.44 1438.668 1438.838 1439.008 1439.178 1439.348 1439.435 1439.483 1439.53 1439.578 1439.658 1439.95 1440.242 1440.534 1440.826
1419.938 1420.407 1420.877 1421.346 1421.853 1422.374 1422.894 1423.415 1423.931 1424.429 1424.927 1425.426 1425.924 1426.394 1426.848 1427.302 1427.756 1428.202 1428.568 1428.935 1429.301 1429.667 1430.033 1430.4 1430.766 1431.132 1431.498 1431.865 1432.231 1432.597 1432.963 1433.33 1433.696 1434.062 1434.428 1434.795 1435.148 1435.5 1435.851 1436.203 1436.552 1436.897 1437.241 1437.586 1437.93 1438.188 1438.423 1438.657 1438.891 1439.113 1439.294 1439.475 1439.655 1439.836 1439.934 1439.993 1440.051 1440.11 1440.201 1440.503 1440.806 1441.109 1441.412
1419.98 1420.482 1420.983 1421.485 1422.036 1422.606 1423.175 1423.744 1424.302 1424.811 1425.32 1425.829 1426.338 1426.805 1427.248 1427.691 1428.135 1428.571 1428.937 1429.304 1429.67 1430.036 1430.402 1430.769 1431.135 1431.501 1431.867 1432.234 1432.6 1432.966 1433.332 1433.699 1434.065 1434.431 1434.797 1435.164 1435.526 1435.889 1436.251 1436.614 1436.976 1437.337 1437.697 1438.058 1438.418 1438.672 1438.895 1439.119 1439.342 1439.558 1439.75 1439.941 1440.133 1440.325 1440.433 1440.503 1440.572 1440.642 1440.743 1441.057 1441.37 1441.684 1441.998
1419.995 1420.507 1421.02 1421.533 1422.116 1422.723 1423.33 1423.937 1424.527 1425.039 1425.552 1426.065 1426.577 1427.05 1427.5 1427.951 1428.401 1428.845 1429.233 1429.62 1430.008 1430.395 1430.771 1431.137 1431.504 1431.87 1432.236 1432.602 1432.969 1433.335 1433.701 1434.068 1434.434 1434.8 1435.166 1435.532 1435.899 1436.265 1436.631 1436.997 1437.364 1437.73 1438.096 1438.462 1438.829 1439.097 1439.338 1439.579 1439.82 1440.048 1440.237 1440.425 1440.613 1440.801 1440.911 1440.985 1441.058 1441.131 1441.234 1441.538 1441.841 1442.144 1442.447
1419.995 1420.507 1421.02 1421.533 1422.14 1422.779 1423.419 1424.058 1424.674 1425.187 1425.7 1426.212 1426.725 1427.208 1427.674 1428.141 1428.607 1429.069 1429.489 1429.909 1430.329 1430.749 1431.14 1431.506 1431.873 1432.239 1432.605 1432.971 1433.338 1433.704 1434.07 1434.436 1434.803 1435.169 1435.535 1435.901 1436.268 1436.634 1437.0 1437.366 1437.732 1438.099 1438.465 1438.831 1439.198 1439.491 1439.764 1440.038 1440.311 1440.562 1440.74 1440.917 1441.095 1441.272 1441.379 1441.452 1441.525 1441.598 1441.699 1441.98 1442.262 1442.544 1442.825
1419.995 1420.507 1421.02 1421.533 1422.163 1422.836 1423.508 1424.18 1424.822 1425.334 1425.847 1426.36 1426.873 1427.366 1427.849 1428.331 1428.814 1429.294 1429.746 1430.198 1430.651 1431.103 1431.509 1431.875 1432.241 1432.608 1432.974 1433.34 1433.706 1434.073 1434.439 1434.805 1435.172 1435.538 1435.904 1436.27 1436.636 1437.003 1437.369 1437.735 1438.101 1438.468 1438.834 1439.2 1439.566 1439.885 1440.191 1440.497 1440.803 1441.076 1441.243 1441.41 1441.576 1441.743 1441.846 1441.919 1441.992 1442.066 1442.163 1442.423 1442.683 1442.943 1443.203
1419.995 1420.507 1421.02 1421.533 1422.188 1422.892 1423.596 1424.301 1424.969 1425.482 1425.995 1426.507 1427.02 1427.524 1428.023 1428.521 1429.02 1429.518 1430.003 1430.487 1430.972 1431.457 1431.878 1432.244 1432.61 1432.977 1433.343 1433.709 1434.075 1434.442 1434.808 1435.174 1435.54 1435.907 1436.273 1436.639 1437.005 1437.372 1437.738 1438.104 1438.47 1438.837 1439.203 1439.569 1439.935 1440.28 1440.618 1440.956 1441.294 1441.59 1441.746 1441.902 1442.058 1442.214 1442.313 1442.386 1442.46 1442.533 1442.628 1442.866 1443.104 1443.343 1443.581
1420.02 1420.529 1421.038 1421.547 1422.219 1422.949 1423.678 1424.408 1425.097 1425.609 1426.122 1426.635 1427.147 1427.66 1428.173 1428.686 1429.199 1429.711 1430.224 1430.737 1431.25 1431.762 1432.2 1432.573 1432.946 1433.319 1433.692 1434.062 1434.433 1434.804 1435.174 1435.543 1435.909 1436.276 1436.642 1437.008 1437.374 1437.74 1438.107 1438.473 1438.839 1439.205 1439.572 1439.938 1440.304 1440.67 1441.037 1441.403 1441.769 1442.086 1442.237 1442.389 1442.541 1442.692 1442.792 1442.866 1442.941 1443.016 1443.109 1443.322 1443.535 1443.748 1443.961
1420.207 1420.689 1421.171 1421.653 1422.302 1423.01 1423.718 1424.425 1425.097 1425.609 1426.122 1426.635 1427.147 1427.66 1428.173 1428.686 1429.199 1429.711 1430.224 1430.737 1431.25 1431.762 1432.226 1432.648 1433.069 1433.491 1433.912 1434.316 1434.719 1435.122 1435.525 1435.912 1436.278 1436.644 1437.011 1437.377 1437.743 1438.109 1438.476 1438.842 1439.208 1439.574 1439.941 1440.307 1440.673 1441.039 1441.406 1441.772 1442.138 1442.463 1442.653 1442.842 1443.032 1443.221 1443.34 1443.425 1443.511 1443.597 1443.692 1443.857 1444.021 1444.186 1444.35
1420.393 1420.848 1421.303 1421.758 1422.384 1423.07 1423.757 1424.443 1425.097 1425.609 1426.122 1426.635 1427.147 1427.66 1428.173 1428.686 1429.199 1429.711 1430.224 1430.737 1431.25 1431.762 1432.252 1432.722 1433.192 1433.663 1434.133 1434.569 1435.004 1435.44 1435.875 1436.281 1436.647 1437.013 1437.38 1437.746 1438.112 1438.478 1438.844 1439.211 1439.577 1439.943 1440.309 1440.676 1441.042 1441.408 1441.774 1442.141 1442.507 1442.841 1443.068 1443.296 1443.523 1443.75 1443.888 1443.985 1444.081 1444.177 1444.276 1444.392 1444.508 1444.624 1444.74
1420.58 1421.008 1421.436 1421.864 1422.467 1423.131 1423.796 1424.461 1425.097 1425.609 1426.122 1426.635 1427.147 1427.66 1428.173 1428.686 1429.199 1429.711 1430.224 1430.737 1431.25 1431.762 1432.278 1432.797 1433.316 1433.835 1434.353 1434.822 1435.29 1435.758 1436.226 1436.65 1437.016 1437.382 1437.748 1438.115 1438.481 1438.847 1439.213 1439.58 1439.946 1440.312 1440.678 1441.045 1441.411 1441.777 1442.143 1442.51 1442.876 1443.219 1443.484 1443.749 1444.014 1444.279 1444.437 1444.544 1444.651 1444.758 1444.86 1444.927 1444.995 1445.062 1445.129
1420.766 1421.167 1421.568 1421.969 1422.549 1423.192 1423.835 1424.478 1425.097 1425.609 1426.122 1426.635 1427.147 1427.66 1428.173 1428.686 1429.199 1429.711 1430.224 1430.737 1431.25 1431.762 1432.304 1432.872 1433.439 1434.007 1434.574 1435.075 1435.576 1436.076 1436.577 1437.019 1437.385 1437.751 1438.117 1438.484 1438.85 1439.216 1439.582 1439.948 1440.315 1440.681 1441.047 1441.413 1441.78 1442.146 1442.512 1442.878 1443.245 1443.596 1443.899 1444.202 1444.505 1444.808 1444.985 1445.103 1445.221 1445.339 1445.444 1445.463 1445.481 1445.5 1445.518
1421.061 1421.448 1421.836 1422.223 1422.766 1423.364 1423.962 1424.56 1425.141 1425.647 1426.153 1426.659 1427.165 1427.673 1428.183 1428.692 1429.202 1429.711 1430.224 1430.737 1431.25 1431.762 1432.314 1432.9 1433.486 1434.072 1434.658 1435.192 1435.724 1436.257 1436.79 1437.259 1437.646 1438.032 1438.418 1438.804 1439.182 1439.558 1439.934 1440.311 1440.687 1441.063 1441.44 1441.816 1442.192 1442.576 1442.963 1443.349 1443.735 1444.101 1444.398 1444.695 1444.993 1445.29 1445.482 1445.624 1445.766 1445.908 1446.032 1446.032 1446.032 1446.032 1446.032
1421.423 1421.805 1422.187 1422.569 1423.067 1423.605 1424.144 1424.682 1425.213 1425.708 1426.203 1426.698 1427.194 1427.694 1428.198 1428.703 1429.207 1429.711 1430.224 1430.737 1431.25 1431.762 1432.314 1432.9 1433.486 1434.072 1434.658 1435.224 1435.789 1436.354 1436.919 1437.421 1437.84 1438.258 1438.677 1439.096 1439.491 1439.884 1440.276 1440.669 1441.061 1441.454 1441.846 1442.239 1442.631 1443.044 1443.463 1443.882 1444.3 1444.683 1444.948 1445.213 1445.478 1445.743 1445.947 1446.121 1446.296 1446.47 1446.622 1446.622 1446.622 1446.622 1446.622
1421.785 1422.161 1422.538 1422.915 1423.367 1423.846 1424.325 1424.804 1425.285 1425.769 1426.253 1426.738 1427.222 1427.716 1428.214 1428.713 1429.211 1429.711 1430.224 1430.737 1431.25 1431.762 1432.314 1432.9 1433.486 1434.072 1434.658 1435.256 1435.853 1436.451 1437.049 1437.583 1438.034 1438.485 1438.936 1439.387 1439.801 1440.209 1440.618 1441.027 1441.436 1441.844 1442.253 1442.662 1443.07 1443.512 1443.964 1444.415 1444.866 1445.266 1445.499 1445.731 1445.964 1446.196 1446.411 1446.618 1446.825 1447.032 1447.212 1447.212 1447.212 1447.212 1447.212
1422.147 1422.518 1422.889 1423.26 1423.667 1424.087 1424.507 1424.926 1425.356 1425.83 1426.303 1426.777 1427.251 1427.737 1428.23 1428.723 1429.216 1429.711 1430.224 1430.737 1431.25 1431.762 1432.314 1432.9 1433.486 1434.072 1434.658 1435.288 1435.918 1436.548 1437.178 1437.744 1438.228 1438.711 1439.195 1439.679 1440.11 1440.535 1440.96 1441.385 1441.81 1442.235 1442.66 1443.085 1443.51 1443.98 1444.464 1444.948 1445.431 1445.849 1446.049 1446.249 1446.449 1446.649 1446.876 1447.115 1447.355 1447.594 1447.803 1447.803 1447.803 1447.803 1447.803
1422.51 1422.876 1423.242 1423.608 1423.975 1424.341 1424.707 1425.073 1425.458 1425.919 1426.381 1426.843 1427.304 1427.781 1428.267 1428.753 1429.238 1429.726 1430.241 1430.755 1431.269 1431.784 1432.334 1432.915 1433.496 1434.077 1434.658 1435.316 1435.976 1436.635 1437.294 1437.89 1438.402 1438.915 1439.428 1439.941 1440.391 1440.834 1441.277 1441.72 1442.162 1442.605 1443.048 1443.491 1443.934 1444.432 1444.947 1445.461 1445.975 1446.41 1446.582 1446.754 1446.926 1447.098 1447.335 1447.603 1447.87 1448.138 1448.371 1448.376 1448.381 1448.386 1448.391
1422.878 1423.245 1423.611 1423.977 1424.344 1424.71 1425.076 1425.442 1425.822 1426.262 1426.703 1427.143 1427.583 1428.035 1428.493 1428.952 1429.41 1429.875 1430.406 1430.936 1431.467 1431.998 1432.529 1433.062 1433.594 1434.126 1434.659 1435.316 1435.976 1436.635 1437.294 1437.89 1438.402 1438.915 1439.428 1439.941 1440.42 1440.895 1441.37 1441.846 1442.321 1442.796 1443.271 1443.746 1444.222 1444.74 1445.271 1445.801 1446.332 1446.782 1446.965 1447.147 1447.33 1447.513 1447.746 1448.003 1448.26 1448.516 1448.746 1448.8 1448.854 1448.907 1448.961
