data/zism_data/00449_02_D.txt
ncols         224
nrows         224
[rows 0 to 29 of 224, columns 132 to 197 of 224]
1258.205 1257.837 1257.469 1257.101 1256.733 1256.365 1255.997 1255.629 1255.261 1254.893 1254.525 1254.157 1253.834 1253.544 1253.255 1252.965 1252.675 1252.386 1252.097 1251.809 1251.52 1251.263 1251.037 1250.81 1250.584 1250.357 1250.277 1250.199 1250.121 1250.042 1250.034 1250.109 1250.183 1250.258 1250.333 1250.578 1250.836 1251.094 1251.352 1251.616 1251.889 1252.162 1252.435 1252.708 1252.981 1253.255 1253.529 1253.803 1254.023 1254.139 1254.254 1254.37 1254.485 1254.52 1254.536 1254.552 1254.568 1254.574 1254.559 1254.543 1254.527 1254.511 1254.602 1254.728 1254.853 1254.979
1258.205 1257.837 1257.469 1257.101 1256.733 1256.365 1255.997 1255.629 1255.261 1254.893 1254.525 1254.157 1253.807 1253.469 1253.131 1252.794 1252.459 1252.197 1251.935 1251.673 1251.411 1251.153 1250.9 1250.647 1250.394 1250.141 1250.108 1250.077 1250.047 1250.016 1250.068 1250.217 1250.366 1250.515 1250.664 1250.949 1251.244 1251.54 1251.835 1252.109 1252.35 1252.591 1252.832 1253.073 1253.38 1253.696 1254.012 1254.329 1254.573 1254.678 1254.783 1254.888 1254.993 1255.03 1255.051 1255.072 1255.093 1255.103 1255.081 1255.06 1255.039 1255.018 1255.083 1255.177 1255.271 1255.365
1258.205 1257.837 1257.469 1257.103 1256.737 1256.37 1256.004 1255.639 1255.274 1254.91 1254.546 1254.182 1253.822 1253.466 1253.11 1252.753 1252.402 1252.151 1251.899 1251.648 1251.397 1251.133 1250.858 1250.582 1250.306 1250.03 1250.042 1250.057 1250.073 1250.088 1250.199 1250.422 1250.646 1250.869 1251.093 1251.398 1251.709 1252.02 1252.331 1252.609 1252.835 1253.062 1253.288 1253.515 1253.842 1254.183 1254.525 1254.866 1255.124 1255.218 1255.312 1255.406 1255.501 1255.537 1255.559 1255.582 1255.604 1255.614 1255.592 1255.569 1255.547 1255.524 1255.578 1255.658 1255.737 1255.816
1258.205 1257.837 1257.469 1257.106 1256.745 1256.384 1256.024 1255.664 1255.31 1254.957 1254.603 1254.25 1253.913 1253.589 1253.264 1252.94 1252.618 1252.351 1252.083 1251.816 1251.549 1251.269 1250.978 1250.686 1250.395 1250.103 1250.156 1250.214 1250.272 1250.33 1250.498 1250.796 1251.094 1251.391 1251.689 1251.98 1252.27 1252.56 1252.85 1253.121 1253.363 1253.606 1253.848 1254.091 1254.415 1254.751 1255.087 1255.424 1255.674 1255.757 1255.841 1255.925 1256.008 1256.038 1256.055 1256.073 1256.09 1256.097 1256.08 1256.063 1256.045 1256.028 1256.096 1256.191 1256.286 1256.382
1258.205 1257.837 1257.469 1257.109 1256.754 1256.398 1256.043 1255.689 1255.346 1255.003 1254.66 1254.318 1254.003 1253.711 1253.418 1253.126 1252.834 1252.551 1252.268 1251.984 1251.701 1251.406 1251.098 1250.791 1250.483 1250.175 1250.27 1250.371 1250.471 1250.572 1250.797 1251.169 1251.541 1251.914 1252.286 1252.562 1252.831 1253.099 1253.368 1253.633 1253.891 1254.15 1254.408 1254.667 1254.988 1255.319 1255.65 1255.981 1256.224 1256.297 1256.37 1256.443 1256.516 1256.539 1256.551 1256.563 1256.575 1256.58 1256.568 1256.556 1256.544 1256.532 1256.613 1256.725 1256.836 1256.947
1258.205 1257.837 1257.469 1257.113 1256.762 1256.412 1256.062 1255.714 1255.382 1255.05 1254.717 1254.385 1254.094 1253.833 1253.573 1253.312 1253.05 1252.751 1252.452 1252.153 1251.854 1251.542 1251.218 1250.895 1250.571 1250.248 1250.384 1250.527 1250.67 1250.814 1251.095 1251.542 1251.989 1252.436 1252.883 1253.144 1253.392 1253.639 1253.886 1254.145 1254.419 1254.693 1254.968 1255.242 1255.561 1255.887 1256.213 1256.538 1256.774 1256.836 1256.899 1256.961 1257.023 1257.041 1257.047 1257.054 1257.06 1257.063 1257.057 1257.05 1257.043 1257.037 1257.131 1257.258 1257.386 1257.513
1258.205 1257.837 1257.469 1257.116 1256.771 1256.426 1256.082 1255.739 1255.417 1255.096 1254.774 1254.453 1254.184 1253.956 1253.727 1253.498 1253.266 1252.951 1252.636 1252.321 1252.006 1251.678 1251.339 1250.999 1250.66 1250.32 1250.498 1250.684 1250.87 1251.055 1251.394 1251.915 1252.437 1252.958 1253.479 1253.727 1253.953 1254.179 1254.405 1254.656 1254.947 1255.237 1255.528 1255.818 1256.135 1256.455 1256.775 1257.095 1257.324 1257.376 1257.428 1257.479 1257.531 1257.542 1257.543 1257.544 1257.546 1257.546 1257.545 1257.544 1257.542 1257.541 1257.649 1257.792 1257.935 1258.078
1258.368 1258.0 1257.632 1257.285 1256.949 1256.614 1256.278 1255.949 1255.682 1255.416 1255.148 1254.881 1254.627 1254.382 1254.138 1253.893 1253.645 1253.318 1252.991 1252.664 1252.337 1251.999 1251.652 1251.304 1250.957 1250.61 1250.826 1251.05 1251.274 1251.498 1251.87 1252.418 1252.965 1253.513 1254.061 1254.294 1254.503 1254.712 1254.921 1255.159 1255.441 1255.724 1256.006 1256.289 1256.599 1256.914 1257.229 1257.544 1257.774 1257.839 1257.904 1257.969 1258.034 1258.046 1258.046 1258.046 1258.046 1258.046 1258.046 1258.046 1258.046 1258.046 1258.139 1258.262 1258.386 1258.509
1258.585 1258.217 1257.849 1257.508 1257.183 1256.858 1256.533 1256.221 1256.023 1255.826 1255.628 1255.43 1255.187 1254.91 1254.633 1254.357 1254.078 1253.74 1253.402 1253.065 1252.727 1252.382 1252.029 1251.676 1251.324 1250.971 1251.223 1251.485 1251.746 1252.008 1252.405 1252.963 1253.521 1254.08 1254.638 1254.857 1255.05 1255.243 1255.436 1255.658 1255.925 1256.191 1256.458 1256.724 1257.028 1257.338 1257.647 1257.957 1258.191 1258.277 1258.363 1258.449 1258.536 1258.552 1258.552 1258.552 1258.552 1258.552 1258.552 1258.552 1258.552 1258.552 1258.621 1258.712 1258.803 1258.895
1258.802 1258.433 1258.065 1257.731 1257.417 1257.103 1256.789 1256.493 1256.364 1256.236 1256.107 1255.978 1255.746 1255.438 1255.129 1254.821 1254.51 1254.162 1253.814 1253.466 1253.118 1252.764 1252.406 1252.048 1251.69 1251.332 1251.621 1251.92 1252.218 1252.517 1252.939 1253.508 1254.077 1254.646 1255.215 1255.42 1255.597 1255.774 1255.951 1256.157 1256.408 1256.658 1256.909 1257.16 1257.457 1257.761 1258.065 1258.37 1258.607 1258.715 1258.822 1258.93 1259.037 1259.057 1259.057 1259.057 1259.057 1259.057 1259.057 1259.057 1259.057 1259.057 1259.102 1259.162 1259.221 1259.281
1259.018 1258.65 1258.282 1257.955 1257.651 1257.348 1257.044 1256.765 1256.705 1256.646 1256.586 1256.526 1256.306 1255.965 1255.625 1255.285 1254.943 1254.584 1254.226 1253.867 1253.508 1253.147 1252.783 1252.42 1252.057 1251.693 1252.019 1252.355 1252.691 1253.026 1253.474 1254.053 1254.633 1255.213 1255.792 1255.983 1256.144 1256.305 1256.466 1256.657 1256.891 1257.126 1257.36 1257.595 1257.886 1258.185 1258.484 1258.783 1259.024 1259.152 1259.281 1259.41 1259.539 1259.563 1259.563 1259.563 1259.563 1259.563 1259.563 1259.563 1259.563 1259.563 1259.584 1259.611 1259.639 1259.667
1259.28 1258.901 1258.522 1258.198 1257.905 1257.612 1257.319 1257.056 1257.061 1257.066 1257.071 1257.076 1256.868 1256.5 1256.132 1255.764 1255.396 1255.028 1254.66 1254.292 1253.924 1253.558 1253.194 1252.831 1252.467 1252.104 1252.457 1252.82 1253.184 1253.548 1254.011 1254.593 1255.176 1255.758 1256.34 1256.525 1256.679 1256.833 1256.986 1257.165 1257.382 1257.599 1257.817 1258.034 1258.32 1258.617 1258.913 1259.21 1259.458 1259.61 1259.764 1259.917 1260.069 1260.098 1260.098 1260.098 1260.098 1260.098 1260.098 1260.098 1260.098 1260.098 1260.098 1260.098 1260.098 1260.098
1259.83 1259.372 1258.913 1258.566 1258.283 1258.001 1257.719 1257.469 1257.512 1257.554 1257.596 1257.638 1257.446 1257.078 1256.71 1256.342 1255.974 1255.606 1255.238 1254.87 1254.502 1254.152 1253.821 1253.489 1253.157 1252.825 1253.147 1253.479 1253.811 1254.143 1254.567 1255.102 1255.636 1256.17 1256.705 1256.931 1257.132 1257.334 1257.535 1257.732 1257.923 1258.114 1258.304 1258.495 1258.792 1259.104 1259.417 1259.729 1260.002 1260.197 1260.393 1260.588 1260.784 1260.821 1260.821 1260.821 1260.821 1260.821 1260.821 1260.821 1260.821 1260.821 1260.821 1260.821 1260.821 1260.821
1260.38 1259.842 1259.304 1258.934 1258.662 1258.39 1258.118 1257.882 1257.962 1258.041 1258.121 1258.2 1258.024 1257.656 1257.288 1256.92 1256.552 1256.184 1255.816 1255.448 1255.08 1254.747 1254.447 1254.147 1253.847 1253.547 1253.838 1254.138 1254.438 1254.738 1255.123 1255.61 1256.096 1256.583 1257.07 1257.336 1257.585 1257.835 1258.084 1258.3 1258.464 1258.628 1258.792 1258.956 1259.263 1259.591 1259.92 1260.248 1260.546 1260.784 1261.022 1261.26 1261.498 1261.543 1261.543 1261.543 1261.543 1261.543 1261.543 1261.543 1261.543 1261.543 1261.543 1261.543 1261.543 1261.543
1260.931 1260.313 1259.694 1259.301 1259.04 1258.779 1258.518 1258.295 1258.412 1258.529 1258.646 1258.762 1258.601 1258.233 1257.865 1257.497 1257.13 1256.761 1256.393 1256.025 1255.657 1255.341 1255.073 1254.805 1254.537 1254.269 1254.529 1254.797 1255.065 1255.333 1255.679 1256.118 1256.557 1256.995 1257.434 1257.742 1258.039 1258.336 1258.633 1258.867 1259.004 1259.142 1259.279 1259.417 1259.734 1260.078 1260.423 1260.767 1261.09 1261.371 1261.651 1261.932 1262.212 1262.265 1262.265 1262.265 1262.265 1262.265 1262.265 1262.265 1262.265 1262.265 1262.265 1262.265 1262.265 1262.265
1261.481 1260.783 1260.085 1259.669 1259.419 1259.168 1258.918 1258.708 1258.862 1259.016 1259.17 1259.324 1259.179 1258.811 1258.443 1258.075 1257.707 1257.339 1256.971 1256.603 1256.235 1255.935 1255.699 1255.463 1255.227 1254.991 1255.22 1255.456 1255.692 1255.928 1256.235 1256.626 1257.017 1257.408 1257.799 1258.147 1258.492 1258.837 1259.182 1259.434 1259.545 1259.656 1259.767 1259.878 1260.205 1260.566 1260.926 1261.286 1261.634 1261.957 1262.28 1262.604 1262.927 1262.988 1262.988 1262.988 1262.988 1262.988 1262.988 1262.988 1262.988 1262.988 1262.988 1262.988 1262.988 1262.988
1262.226 1261.504 1260.781 1260.337 1260.056 1259.774 1259.493 1259.254 1259.39 1259.525 1259.661 1259.797 1259.649 1259.289 1258.93 1258.57 1258.211 1257.868 1257.525 1257.182 1256.839 1256.563 1256.35 1256.138 1255.925 1255.713 1255.919 1256.132 1256.344 1256.557 1256.829 1257.172 1257.515 1257.858 1258.201 1258.583 1258.967 1259.352 1259.736 1260.012 1260.124 1260.236 1260.348 1260.46 1260.773 1261.116 1261.459 1261.802 1262.144 1262.482 1262.82 1263.158 1263.496 1263.566 1263.574 1263.583 1263.591 1263.597 1263.597 1263.597 1263.597 1263.597 1263.597 1263.597 1263.597 1263.597
1263.15 1262.454 1261.759 1261.281 1260.93 1260.58 1260.229 1259.921 1259.988 1260.054 1260.121 1260.188 1260.019 1259.676 1259.332 1258.988 1258.646 1258.351 1258.056 1257.761 1257.465 1257.221 1257.025 1256.828 1256.631 1256.435 1256.626 1256.822 1257.019 1257.215 1257.457 1257.752 1258.047 1258.343 1258.638 1259.046 1259.462 1259.879 1260.295 1260.601 1260.739 1260.878 1261.017 1261.155 1261.43 1261.725 1262.02 1262.316 1262.622 1262.949 1263.276 1263.604 1263.931 1264.012 1264.036 1264.061 1264.085 1264.102 1264.102 1264.102 1264.102 1264.102 1264.102 1264.102 1264.102 1264.102
1264.074 1263.405 1262.736 1262.224 1261.805 1261.385 1260.966 1260.588 1260.586 1260.583 1260.581 1260.578 1260.39 1260.062 1259.734 1259.406 1259.082 1258.834 1258.587 1258.34 1258.092 1257.879 1257.699 1257.518 1257.338 1257.157 1257.332 1257.513 1257.693 1257.874 1258.085 1258.333 1258.58 1258.827 1259.075 1259.509 1259.957 1260.405 1260.854 1261.189 1261.354 1261.52 1261.685 1261.85 1262.087 1262.334 1262.581 1262.829 1263.1 1263.416 1263.733 1264.05 1264.366 1264.459 1264.499 1264.539 1264.579 1264.608 1264.608 1264.608 1264.608 1264.608 1264.608 1264.608 1264.608 1264.608
1264.998 1264.356 1263.713 1263.168 1262.679 1262.191 1261.702 1261.255 1261.184 1261.112 1261.041 1260.969 1260.76 1260.448 1260.136 1259.824 1259.517 1259.318 1259.118 1258.919 1258.719 1258.538 1258.373 1258.208 1258.044 1257.879 1258.039 1258.204 1258.368 1258.533 1258.713 1258.913 1259.112 1259.312 1259.512 1259.972 1260.452 1260.932 1261.412 1261.778 1261.969 1262.161 1262.353 1262.545 1262.743 1262.943 1263.142 1263.342 1263.578 1263.884 1264.19 1264.496 1264.802 1264.905 1264.961 1265.017 1265.073 1265.114 1265.114 1265.114 1265.114 1265.114 1265.114 1265.114 1265.114 1265.114
1265.922 1265.307 1264.691 1264.111 1263.554 1262.996 1262.438 1261.922 1261.782 1261.641 1261.5 1261.36 1261.13 1260.834 1260.538 1260.242 1259.953 1259.801 1259.649 1259.498 1259.346 1259.196 1259.047 1258.899 1258.75 1258.601 1258.745 1258.894 1259.043 1259.192 1259.342 1259.493 1259.645 1259.797 1259.948 1260.434 1260.947 1261.459 1261.971 1262.366 1262.584 1262.803 1263.021 1263.239 1263.4 1263.551 1263.703 1263.855 1264.056 1264.351 1264.646 1264.942 1265.237 1265.351 1265.423 1265.495 1265.568 1265.619 1265.619 1265.619 1265.619 1265.619 1265.619 1265.619 1265.619 1265.619
1266.182 1265.587 1264.993 1264.442 1263.917 1263.391 1262.865 1262.381 1262.262 1262.144 1262.026 1261.908 1261.697 1261.417 1261.137 1260.857 1260.582 1260.42 1260.259 1260.097 1259.936 1259.796 1259.678 1259.56 1259.441 1259.323 1259.438 1259.556 1259.674 1259.793 1259.938 1260.114 1260.29 1260.466 1260.642 1261.106 1261.592 1262.078 1262.565 1262.945 1263.166 1263.387 1263.607 1263.828 1263.998 1264.159 1264.321 1264.483 1264.67 1264.906 1265.143 1265.38 1265.616 1265.744 1265.846 1265.949 1266.051 1266.125 1266.125 1266.125 1266.125 1266.125 1266.125 1266.125 1266.125 1266.125
1266.372 1265.799 1265.226 1264.71 1264.227 1263.744 1263.26 1262.817 1262.731 1262.645 1262.558 1262.472 1262.284 1262.02 1261.756 1261.492 1261.231 1261.054 1260.876 1260.699 1260.521 1260.39 1260.304 1260.218 1260.131 1260.045 1260.129 1260.215 1260.302 1260.388 1260.53 1260.738 1260.946 1261.154 1261.362 1261.798 1262.253 1262.707 1263.162 1263.523 1263.744 1263.964 1264.185 1264.406 1264.589 1264.767 1264.944 1265.122 1265.298 1265.471 1265.644 1265.816 1265.989 1266.131 1266.265 1266.4 1266.534 1266.63 1266.63 1266.63 1266.63 1266.63 1266.63 1266.63 1266.63 1266.63
1266.562 1266.011 1265.459 1264.978 1264.537 1264.096 1263.656 1263.254 1263.199 1263.145 1263.09 1263.036 1262.871 1262.623 1262.375 1262.127 1261.881 1261.687 1261.494 1261.3 1261.107 1260.985 1260.93 1260.876 1260.821 1260.767 1260.82 1260.874 1260.929 1260.983 1261.122 1261.362 1261.602 1261.842 1262.082 1262.491 1262.914 1263.336 1263.759 1264.101 1264.322 1264.542 1264.763 1264.984 1265.181 1265.375 1265.568 1265.762 1265.926 1266.035 1266.144 1266.253 1266.362 1266.518 1266.684 1266.85 1267.017 1267.136 1267.136 1267.136 1267.136 1267.136 1267.136 1267.136 1267.136 1267.136
1266.753 1266.222 1265.692 1265.245 1264.847 1264.449 1264.051 1263.691 1263.668 1263.645 1263.623 1263.6 1263.458 1263.226 1262.993 1262.761 1262.53 1262.321 1262.111 1261.902 1261.692 1261.579 1261.556 1261.534 1261.511 1261.489 1261.51 1261.533 1261.556 1261.578 1261.715 1261.986 1262.258 1262.53 1262.802 1263.184 1263.574 1263.965 1264.356 1264.679 1264.899 1265.12 1265.341 1265.562 1265.773 1265.982 1266.192 1266.401 1266.555 1266.6 1266.645 1266.69 1266.736 1266.905 1267.103 1267.301 1267.5 1267.642 1267.642 1267.642 1267.642 1267.642 1267.642 1267.642 1267.642 1267.642
1267.035 1266.52 1266.005 1265.582 1265.214 1264.846 1264.478 1264.147 1264.147 1264.147 1264.147 1264.147 1264.029 1263.822 1263.615 1263.408 1263.202 1262.995 1262.788 1262.581 1262.374 1262.274 1262.274 1262.274 1262.274 1262.274 1262.274 1262.274 1262.274 1262.274 1262.4 1262.675 1262.951 1263.227 1263.503 1263.855 1264.214 1264.573 1264.932 1265.237 1265.46 1265.684 1265.908 1266.132 1266.351 1266.568 1266.786 1267.004 1267.149 1267.154 1267.158 1267.163 1267.167 1267.346 1267.566 1267.785 1268.004 1268.162 1268.163 1268.165 1268.166 1268.168 1268.168 1268.168 1268.168 1268.168
1267.54 1267.025 1266.51 1266.088 1265.72 1265.352 1264.984 1264.653 1264.653 1264.653 1264.653 1264.653 1264.562 1264.403 1264.244 1264.085 1263.926 1263.767 1263.608 1263.449 1263.29 1263.213 1263.213 1263.213 1263.213 1263.213 1263.213 1263.213 1263.213 1263.213 1263.309 1263.521 1263.733 1263.945 1264.157 1264.476 1264.803 1265.13 1265.456 1265.746 1265.981 1266.215 1266.45 1266.685 1266.895 1267.102 1267.309 1267.516 1267.66 1267.681 1267.701 1267.722 1267.742 1267.92 1268.134 1268.348 1268.562 1268.717 1268.724 1268.731 1268.738 1268.745 1268.746 1268.746 1268.746 1268.746
1268.046 1267.531 1267.016 1266.593 1266.225 1265.857 1265.489 1265.159 1265.159 1265.159 1265.159 1265.159 1265.095 1264.984 1264.873 1264.761 1264.65 1264.539 1264.428 1264.317 1264.206 1264.152 1264.152 1264.152 1264.152 1264.152 1264.152 1264.152 1264.152 1264.152 1264.219 1264.368 1264.516 1264.664 1264.812 1265.096 1265.391 1265.686 1265.981 1266.256 1266.501 1266.747 1266.992 1267.237 1267.44 1267.636 1267.833 1268.029 1268.171 1268.208 1268.244 1268.281 1268.317 1268.493 1268.702 1268.911 1269.119 1269.272 1269.285 1269.297 1269.309 1269.321 1269.324 1269.324 1269.324 1269.324
1268.552 1268.036 1267.521 1267.099 1266.731 1266.363 1265.995 1265.664 1265.664 1265.664 1265.664 1265.664 1265.628 1265.565 1265.501 1265.438 1265.375 1265.311 1265.248 1265.185 1265.121 1265.091 1265.091 1265.091 1265.091 1265.091 1265.091 1265.091 1265.091 1265.091 1265.129 1265.214 1265.298 1265.382 1265.467 1265.717 1265.98 1266.243 1266.506 1266.766 1267.022 1267.278 1267.533 1267.789 1267.984 1268.17 1268.356 1268.542 1268.682 1268.734 1268.787 1268.839 1268.892 1269.067 1269.27 1269.474 1269.677 1269.828 1269.845 1269.863 1269.88 1269.898 1269.902 1269.902 1269.902 1269.902
1269.057 1268.542 1268.027 1267.604 1267.237 1266.869 1266.5 1266.17 1266.17 1266.17 1266.17 1266.17 1266.161 1266.146 1266.13 1266.115 1266.099 1266.083 1266.068 1266.053 1266.037 1266.03 1266.03 1266.03 1266.03 1266.03 1266.03 1266.03 1266.03 1266.03 1266.039 1266.06 1266.08 1266.101 1266.122 1266.337 1266.569 1266.8 1267.031 1267.276 1267.542 1267.809 1268.075 1268.342 1268.529 1268.704 1268.879 1269.054 1269.193 1269.261 1269.33 1269.398 1269.467 1269.64 1269.838 1270.036 1270.234 1270.383 1270.406 1270.428 1270.451 1270.474 1270.48 1270.48 1270.48 1270.48
