data/zism_data/00444_04_D.txt
ncols         224
nrows         224
[rows 0 to 27 of 224, columns 63 to 125 of 224]
1242.359 1237.364 1232.37 1227.375 1223.436 1220.31 1217.183 1214.056 1210.996 1209.699 1208.402 1207.105 1205.808 1204.958 1204.544 1204.13 1203.716 1203.302 1203.094 1202.89 1202.686 1202.482 1202.37 1202.37 1202.37 1202.37 1202.37 1202.37 1202.37 1202.37 1202.37 1202.443 1202.63 1202.817 1203.004 1203.191 1203.708 1204.277 1204.847 1205.417 1206.218 1207.484 1208.75 1210.016 1211.282 1213.414 1215.757 1218.099 1220.442 1222.645 1224.481 1226.317 1228.152 1229.988 1232.852 1236.065 1239.278 1242.491 1245.491 1247.721 1249.952 1252.182 1254.413
1237.392 1232.405 1227.419 1222.432 1218.637 1215.76 1212.883 1210.005 1207.199 1206.289 1205.38 1204.47 1203.56 1203.003 1202.788 1202.573 1202.358 1202.143 1201.925 1201.707 1201.488 1201.27 1201.147 1201.142 1201.138 1201.133 1201.128 1201.126 1201.123 1201.121 1201.119 1201.141 1201.202 1201.262 1201.323 1201.384 1201.686 1202.027 1202.368 1202.709 1203.359 1204.627 1205.895 1207.164 1208.432 1210.51 1212.785 1215.06 1217.335 1219.485 1221.307 1223.128 1224.949 1226.77 1229.508 1232.557 1235.605 1238.654 1241.429 1243.219 1245.008 1246.797 1248.587
1232.59 1228.023 1223.456 1218.889 1215.638 1213.401 1211.163 1208.926 1206.744 1206.05 1205.355 1204.66 1203.966 1203.528 1203.34 1203.152 1202.964 1202.776 1202.569 1202.361 1202.153 1201.946 1201.819 1201.793 1201.767 1201.741 1201.715 1201.7 1201.687 1201.674 1201.661 1201.654 1201.655 1201.657 1201.658 1201.66 1201.847 1202.064 1202.282 1202.499 1202.98 1203.991 1205.001 1206.011 1207.021 1208.755 1210.664 1212.573 1214.483 1216.344 1218.079 1219.815 1221.55 1223.285 1225.856 1228.711 1231.567 1234.422 1236.995 1238.553 1240.111 1241.669 1243.228
1227.788 1223.641 1219.493 1215.345 1212.639 1211.041 1209.444 1207.846 1206.289 1205.81 1205.33 1204.851 1204.371 1204.053 1203.892 1203.731 1203.57 1203.409 1203.212 1203.016 1202.819 1202.622 1202.492 1202.444 1202.396 1202.349 1202.301 1202.275 1202.251 1202.227 1202.203 1202.166 1202.109 1202.051 1201.993 1201.936 1202.008 1202.102 1202.196 1202.289 1202.602 1203.354 1204.106 1204.858 1205.61 1206.999 1208.543 1210.087 1211.63 1213.203 1214.852 1216.501 1218.151 1219.8 1222.204 1224.866 1227.528 1230.189 1232.561 1233.888 1235.215 1236.542 1237.868
1222.987 1219.258 1215.53 1211.802 1209.64 1208.682 1207.724 1206.767 1205.834 1205.57 1205.305 1205.041 1204.777 1204.578 1204.444 1204.31 1204.176 1204.041 1203.856 1203.67 1203.484 1203.298 1203.164 1203.095 1203.026 1202.956 1202.887 1202.85 1202.815 1202.78 1202.746 1202.679 1202.562 1202.445 1202.329 1202.212 1202.17 1202.14 1202.109 1202.079 1202.224 1202.718 1203.212 1203.706 1204.199 1205.244 1206.422 1207.6 1208.778 1210.062 1211.625 1213.188 1214.751 1216.314 1218.553 1221.021 1223.489 1225.957 1228.127 1229.222 1230.318 1231.414 1232.509
1218.185 1214.876 1211.567 1208.258 1206.64 1206.323 1206.005 1205.687 1205.379 1205.33 1205.281 1205.231 1205.182 1205.103 1204.996 1204.889 1204.781 1204.674 1204.5 1204.325 1204.149 1203.974 1203.836 1203.746 1203.655 1203.564 1203.473 1203.424 1203.379 1203.333 1203.288 1203.192 1203.016 1202.84 1202.664 1202.488 1202.331 1202.177 1202.023 1201.87 1201.845 1202.081 1202.317 1202.553 1202.789 1203.488 1204.301 1205.113 1205.926 1206.921 1208.398 1209.875 1211.352 1212.829 1214.901 1217.176 1219.45 1221.725 1223.693 1224.557 1225.422 1226.286 1227.15
1215.76 1212.938 1210.116 1207.294 1206.041 1205.996 1205.951 1205.906 1205.862 1205.851 1205.84 1205.829 1205.819 1205.755 1205.639 1205.523 1205.407 1205.291 1205.11 1204.928 1204.746 1204.563 1204.422 1204.331 1204.24 1204.149 1204.058 1203.992 1203.929 1203.866 1203.803 1203.682 1203.472 1203.261 1203.051 1202.84 1202.639 1202.439 1202.24 1202.04 1201.94 1202.042 1202.143 1202.244 1202.346 1202.804 1203.35 1203.896 1204.441 1205.179 1206.421 1207.664 1208.907 1210.149 1211.917 1213.864 1215.811 1217.757 1219.431 1220.125 1220.818 1221.511 1222.204
1214.578 1212.277 1209.976 1207.676 1206.696 1206.731 1206.767 1206.802 1206.834 1206.77 1206.705 1206.64 1206.576 1206.472 1206.329 1206.186 1206.044 1205.901 1205.704 1205.505 1205.307 1205.108 1204.963 1204.883 1204.802 1204.722 1204.642 1204.557 1204.473 1204.388 1204.303 1204.161 1203.929 1203.697 1203.465 1203.233 1203.024 1202.819 1202.614 1202.409 1202.282 1202.314 1202.345 1202.377 1202.408 1202.68 1203.01 1203.341 1203.672 1204.167 1205.098 1206.029 1206.959 1207.89 1209.282 1210.831 1212.379 1213.928 1215.26 1215.814 1216.367 1216.921 1217.474
1213.395 1211.616 1209.837 1208.058 1207.35 1207.466 1207.583 1207.699 1207.806 1207.688 1207.57 1207.451 1207.333 1207.189 1207.019 1206.849 1206.68 1206.51 1206.297 1206.082 1205.868 1205.653 1205.504 1205.434 1205.364 1205.295 1205.225 1205.122 1205.016 1204.91 1204.803 1204.64 1204.386 1204.133 1203.879 1203.626 1203.409 1203.199 1202.988 1202.778 1202.625 1202.586 1202.547 1202.509 1202.47 1202.556 1202.671 1202.786 1202.902 1203.156 1203.775 1204.393 1205.012 1205.631 1206.647 1207.797 1208.948 1210.099 1211.089 1211.503 1211.916 1212.33 1212.744
1212.212 1210.954 1209.697 1208.44 1208.005 1208.202 1208.398 1208.595 1208.779 1208.607 1208.434 1208.262 1208.09 1207.906 1207.709 1207.513 1207.316 1207.12 1206.89 1206.659 1206.428 1206.198 1206.044 1205.985 1205.927 1205.868 1205.809 1205.687 1205.559 1205.431 1205.304 1205.118 1204.843 1204.568 1204.293 1204.019 1203.794 1203.578 1203.363 1203.147 1202.967 1202.858 1202.75 1202.641 1202.533 1202.431 1202.332 1202.232 1202.132 1202.145 1202.451 1202.758 1203.065 1203.372 1204.011 1204.764 1205.517 1206.27 1206.918 1207.192 1207.466 1207.74 1208.013
1211.265 1210.48 1209.694 1208.909 1208.712 1208.969 1209.225 1209.482 1209.721 1209.502 1209.283 1209.063 1208.844 1208.62 1208.392 1208.163 1207.935 1207.706 1207.465 1207.223 1206.981 1206.74 1206.585 1206.537 1206.489 1206.441 1206.393 1206.249 1206.097 1205.946 1205.794 1205.586 1205.292 1204.997 1204.703 1204.409 1204.178 1203.957 1203.736 1203.515 1203.309 1203.134 1202.958 1202.782 1202.606 1202.337 1202.046 1201.755 1201.463 1201.257 1201.273 1201.29 1201.306 1201.322 1201.613 1201.998 1202.382 1202.766 1203.098 1203.241 1203.383 1203.526 1203.668
1212.575 1211.784 1210.993 1210.202 1209.924 1210.041 1210.157 1210.274 1210.379 1210.176 1209.973 1209.77 1209.567 1209.31 1209.001 1208.692 1208.383 1208.073 1207.867 1207.663 1207.459 1207.255 1207.125 1207.088 1207.051 1207.014 1206.976 1206.789 1206.589 1206.389 1206.189 1205.952 1205.657 1205.363 1205.068 1204.774 1204.543 1204.322 1204.101 1203.881 1203.66 1203.442 1203.223 1203.004 1202.785 1202.534 1202.275 1202.016 1201.757 1201.55 1201.48 1201.41 1201.341 1201.271 1201.476 1201.774 1202.073 1202.371 1202.625 1202.719 1202.813 1202.907 1203.002
1213.884 1213.088 1212.291 1211.495 1211.136 1211.113 1211.09 1211.067 1211.038 1210.851 1210.664 1210.477 1210.29 1210.0 1209.61 1209.22 1208.83 1208.44 1208.269 1208.103 1207.936 1207.77 1207.666 1207.64 1207.613 1207.587 1207.56 1207.329 1207.081 1206.832 1206.583 1206.317 1206.022 1205.728 1205.434 1205.139 1204.908 1204.688 1204.467 1204.246 1204.011 1203.75 1203.488 1203.226 1202.964 1202.73 1202.503 1202.277 1202.05 1201.843 1201.687 1201.531 1201.375 1201.22 1201.339 1201.551 1201.763 1201.975 1202.152 1202.197 1202.243 1202.289 1202.335
1215.193 1214.391 1213.59 1212.788 1212.347 1212.185 1212.022 1211.859 1211.696 1211.525 1211.354 1211.183 1211.012 1210.689 1210.219 1209.748 1209.278 1208.807 1208.671 1208.542 1208.414 1208.285 1208.207 1208.191 1208.175 1208.159 1208.144 1207.869 1207.572 1207.275 1206.978 1206.682 1206.388 1206.093 1205.799 1205.505 1205.274 1205.053 1204.832 1204.611 1204.362 1204.057 1203.753 1203.448 1203.143 1202.927 1202.732 1202.538 1202.343 1202.136 1201.894 1201.652 1201.41 1201.168 1201.201 1201.328 1201.454 1201.58 1201.678 1201.676 1201.673 1201.671 1201.668
1216.502 1215.695 1214.888 1214.081 1213.559 1213.257 1212.954 1212.651 1212.354 1212.199 1212.044 1211.89 1211.735 1211.379 1210.828 1210.277 1209.726 1209.175 1209.073 1208.982 1208.891 1208.8 1208.747 1208.742 1208.737 1208.732 1208.727 1208.409 1208.064 1207.718 1207.373 1207.047 1206.753 1206.459 1206.164 1205.87 1205.639 1205.418 1205.197 1204.977 1204.713 1204.365 1204.018 1203.67 1203.322 1203.123 1202.961 1202.799 1202.636 1202.429 1202.101 1201.773 1201.445 1201.117 1201.064 1201.104 1201.145 1201.185 1201.205 1201.154 1201.103 1201.052 1201.001
1217.811 1216.927 1216.043 1215.159 1214.55 1214.154 1213.757 1213.36 1212.972 1212.799 1212.626 1212.453 1212.28 1211.909 1211.346 1210.783 1210.22 1209.657 1209.547 1209.448 1209.349 1209.249 1209.187 1209.17 1209.153 1209.135 1209.118 1208.794 1208.443 1208.092 1207.741 1207.409 1207.106 1206.803 1206.5 1206.197 1205.958 1205.729 1205.499 1205.27 1205.0 1204.649 1204.298 1203.947 1203.597 1203.391 1203.221 1203.051 1202.881 1202.658 1202.296 1201.933 1201.571 1201.209 1201.102 1201.082 1201.062 1201.042 1201.01 1200.936 1200.863 1200.789 1200.716
1219.12 1218.096 1217.072 1216.048 1215.348 1214.898 1214.447 1213.997 1213.555 1213.333 1213.112 1212.891 1212.669 1212.299 1211.784 1211.27 1210.755 1210.24 1210.085 1209.937 1209.789 1209.641 1209.538 1209.488 1209.439 1209.389 1209.34 1209.043 1208.724 1208.406 1208.087 1207.768 1207.449 1207.13 1206.811 1206.492 1206.236 1205.991 1205.745 1205.5 1205.23 1204.911 1204.593 1204.274 1203.956 1203.722 1203.509 1203.296 1203.083 1202.831 1202.48 1202.128 1201.777 1201.425 1201.293 1201.235 1201.177 1201.12 1201.059 1200.985 1200.911 1200.838 1200.764
1220.428 1219.264 1218.1 1216.937 1216.146 1215.641 1215.137 1214.633 1214.137 1213.868 1213.598 1213.328 1213.058 1212.689 1212.223 1211.756 1211.29 1210.824 1210.622 1210.426 1210.229 1210.033 1209.889 1209.807 1209.725 1209.643 1209.562 1209.292 1209.005 1208.719 1208.433 1208.127 1207.792 1207.457 1207.122 1206.786 1206.515 1206.253 1205.991 1205.73 1205.46 1205.173 1204.887 1204.601 1204.315 1204.053 1203.796 1203.54 1203.284 1203.005 1202.664 1202.323 1201.982 1201.642 1201.484 1201.389 1201.293 1201.198 1201.107 1201.034 1200.96 1200.887 1200.813
1221.736 1220.433 1219.129 1217.825 1216.943 1216.385 1215.827 1215.269 1214.72 1214.402 1214.084 1213.766 1213.447 1213.079 1212.661 1212.243 1211.825 1211.407 1211.159 1210.915 1210.67 1210.425 1210.239 1210.125 1210.011 1209.897 1209.783 1209.541 1209.287 1209.033 1208.779 1208.486 1208.135 1207.784 1207.432 1207.081 1206.793 1206.515 1206.237 1205.96 1205.69 1205.436 1205.182 1204.928 1204.674 1204.383 1204.084 1203.785 1203.486 1203.178 1202.848 1202.518 1202.188 1201.858 1201.675 1201.542 1201.409 1201.276 1201.156 1201.083 1201.009 1200.935 1200.862
1223.045 1221.601 1220.158 1218.714 1217.741 1217.129 1216.518 1215.906 1215.303 1214.936 1214.57 1214.203 1213.837 1213.469 1213.099 1212.73 1212.36 1211.991 1211.696 1211.403 1211.11 1210.817 1210.59 1210.444 1210.298 1210.151 1210.005 1209.79 1209.568 1209.346 1209.124 1208.845 1208.478 1208.11 1207.743 1207.375 1207.071 1206.777 1206.483 1206.19 1205.92 1205.698 1205.476 1205.255 1205.033 1204.714 1204.372 1204.03 1203.688 1203.352 1203.032 1202.713 1202.394 1202.075 1201.866 1201.696 1201.525 1201.354 1201.205 1201.131 1201.058 1200.984 1200.91
1221.921 1220.709 1219.496 1218.283 1217.457 1216.927 1216.397 1215.868 1215.345 1215.019 1214.693 1214.366 1214.04 1213.701 1213.348 1212.996 1212.644 1212.291 1212.006 1211.722 1211.438 1211.154 1210.927 1210.769 1210.612 1210.454 1210.296 1210.071 1209.84 1209.608 1209.377 1209.097 1208.739 1208.381 1208.024 1207.666 1207.35 1207.04 1206.729 1206.42 1206.129 1205.877 1205.625 1205.372 1205.12 1204.79 1204.442 1204.093 1203.744 1203.401 1203.072 1202.742 1202.413 1202.083 1201.872 1201.7 1201.528 1201.357 1201.218 1201.196 1201.175 1201.153 1201.132
1220.725 1219.754 1218.783 1217.813 1217.14 1216.696 1216.253 1215.809 1215.371 1215.088 1214.805 1214.521 1214.238 1213.928 1213.592 1213.256 1212.919 1212.583 1212.309 1212.036 1211.762 1211.489 1211.263 1211.095 1210.926 1210.758 1210.589 1210.353 1210.111 1209.869 1209.627 1209.344 1208.997 1208.651 1208.304 1207.957 1207.628 1207.302 1206.976 1206.649 1206.337 1206.053 1205.768 1205.484 1205.2 1204.859 1204.505 1204.151 1203.797 1203.447 1203.107 1202.767 1202.426 1202.086 1201.872 1201.7 1201.528 1201.357 1201.229 1201.262 1201.294 1201.326 1201.359
1219.528 1218.799 1218.071 1217.342 1216.823 1216.466 1216.108 1215.75 1215.397 1215.157 1214.917 1214.676 1214.436 1214.156 1213.835 1213.515 1213.195 1212.875 1212.611 1212.349 1212.087 1211.824 1211.599 1211.42 1211.241 1211.062 1210.883 1210.636 1210.383 1210.13 1209.877 1209.592 1209.256 1208.92 1208.584 1208.248 1207.906 1207.564 1207.222 1206.879 1206.546 1206.229 1205.912 1205.596 1205.279 1204.928 1204.568 1204.209 1203.85 1203.493 1203.142 1202.791 1202.44 1202.089 1201.872 1201.7 1201.528 1201.357 1201.241 1201.327 1201.413 1201.499 1201.586
1218.331 1217.845 1217.358 1216.872 1216.507 1216.235 1215.964 1215.692 1215.423 1215.226 1215.029 1214.831 1214.634 1214.383 1214.079 1213.775 1213.471 1213.167 1212.914 1212.663 1212.411 1212.159 1211.935 1211.745 1211.556 1211.366 1211.176 1210.918 1210.655 1210.391 1210.127 1209.84 1209.515 1209.189 1208.864 1208.539 1208.185 1207.826 1207.468 1207.109 1206.754 1206.405 1206.056 1205.707 1205.358 1204.997 1204.632 1204.267 1203.902 1203.538 1203.177 1202.815 1202.453 1202.092 1201.872 1201.7 1201.528 1201.357 1201.253 1201.393 1201.532 1201.672 1201.812
1216.923 1216.677 1216.43 1216.183 1215.974 1215.792 1215.611 1215.43 1215.249 1215.086 1214.923 1214.76 1214.598 1214.381 1214.113 1213.845 1213.577 1213.309 1213.078 1212.849 1212.619 1212.389 1212.176 1211.984 1211.792 1211.6 1211.408 1211.137 1210.858 1210.579 1210.301 1210.005 1209.681 1209.358 1209.035 1208.711 1208.349 1207.981 1207.613 1207.245 1206.877 1206.509 1206.141 1205.773 1205.405 1205.037 1204.669 1204.301 1203.933 1203.565 1203.197 1202.829 1202.461 1202.093 1201.878 1201.715 1201.552 1201.39 1201.323 1201.605 1201.886 1202.168 1202.45
1215.21 1215.199 1215.189 1215.179 1215.127 1215.043 1214.958 1214.874 1214.787 1214.646 1214.505 1214.363 1214.222 1214.049 1213.845 1213.642 1213.438 1213.235 1213.042 1212.85 1212.658 1212.465 1212.278 1212.097 1211.916 1211.735 1211.554 1211.263 1210.963 1210.663 1210.362 1210.049 1209.715 1209.381 1209.047 1208.713 1208.349 1207.981 1207.613 1207.245 1206.877 1206.509 1206.141 1205.773 1205.405 1205.037 1204.669 1204.301 1203.933 1203.565 1203.197 1202.829 1202.461 1202.093 1201.894 1201.753 1201.612 1201.47 1201.479 1202.03 1202.58 1203.131 1203.681
1213.496 1213.722 1213.949 1214.175 1214.281 1214.293 1214.305 1214.318 1214.325 1214.205 1214.086 1213.966 1213.846 1213.716 1213.577 1213.438 1213.299 1213.16 1213.006 1212.851 1212.697 1212.542 1212.38 1212.21 1212.04 1211.869 1211.699 1211.389 1211.068 1210.746 1210.424 1210.094 1209.749 1209.404 1209.059 1208.714 1208.349 1207.981 1207.613 1207.245 1206.877 1206.509 1206.141 1205.773 1205.405 1205.037 1204.669 1204.301 1203.933 1203.565 1203.197 1202.829 1202.461 1202.093 1201.911 1201.791 1201.671 1201.551 1201.635 1202.454 1203.274 1204.093 1204.913
1211.782 1212.245 1212.708 1213.171 1213.434 1213.543 1213.653 1213.762 1213.863 1213.765 1213.667 1213.568 1213.47 1213.384 1213.309 1213.235 1213.16 1213.086 1212.97 1212.853 1212.736 1212.619 1212.483 1212.323 1212.163 1212.004 1211.844 1211.516 1211.172 1210.829 1210.486 1210.138 1209.782 1209.427 1209.071 1208.716 1208.349 1207.981 1207.613 1207.245 1206.877 1206.509 1206.141 1205.773 1205.405 1205.037 1204.669 1204.301 1203.933 1203.565 1203.197 1202.829 1202.461 1202.093 1201.927 1201.828 1201.73 1201.631 1201.791 1202.879 1203.968 1205.056 1206.144
