data/zism_data/00448_02_D.txt
ncols         224
nrows         224
[rows 168 to 195 of 224, columns 0 to 62 of 224]
1168.021 1163.898 1159.775 1156.884 1155.416 1153.949 1152.481 1151.014 1150.796 1150.676 1150.556 1150.435 1150.41 1150.531 1150.652 1150.774 1150.895 1152.224 1153.758 1155.291 1156.825 1158.523 1160.572 1162.621 1164.67 1166.719 1168.844 1170.99 1173.136 1175.282 1177.379 1179.327 1181.274 1183.222 1185.17 1187.092 1189.004 1190.915 1192.827 1194.59 1195.648 1196.705 1197.763 1198.82 1199.203 1199.203 1199.203 1199.203 1199.202 1199.182 1199.163 1199.144 1199.125 1199.003 1198.802 1198.6 1198.399 1198.184 1197.508 1196.831 1196.155 1195.479 1194.979
1167.66 1163.201 1158.742 1155.714 1154.339 1152.964 1151.589 1150.215 1150.092 1150.067 1150.042 1150.017 1150.031 1150.105 1150.179 1150.254 1150.328 1151.701 1153.294 1154.888 1156.481 1158.254 1160.409 1162.565 1164.721 1166.876 1169.07 1171.274 1173.478 1175.682 1177.814 1179.724 1181.634 1183.544 1185.453 1187.398 1189.357 1191.315 1193.274 1195.088 1196.214 1197.339 1198.465 1199.591 1199.999 1199.999 1199.999 1199.999 1199.996 1199.972 1199.947 1199.923 1199.898 1199.777 1199.581 1199.385 1199.189 1198.981 1198.369 1197.757 1197.145 1196.533 1196.005
1170.551 1165.959 1161.366 1158.062 1156.248 1154.433 1152.619 1150.805 1150.581 1150.481 1150.381 1150.281 1150.3 1150.503 1150.706 1150.909 1151.112 1152.645 1154.405 1156.164 1157.923 1159.818 1162.0 1164.182 1166.365 1168.547 1170.709 1172.865 1175.021 1177.177 1179.248 1181.062 1182.875 1184.689 1186.502 1188.331 1190.167 1192.002 1193.838 1195.524 1196.499 1197.475 1198.451 1199.426 1199.79 1199.806 1199.822 1199.839 1199.85 1199.814 1199.779 1199.744 1199.708 1199.579 1199.378 1199.177 1198.975 1198.764 1198.205 1197.647 1197.088 1196.53 1196.061
1173.443 1168.716 1163.99 1160.41 1158.156 1155.903 1153.65 1151.396 1151.071 1150.896 1150.721 1150.546 1150.569 1150.9 1151.232 1151.563 1151.895 1153.589 1155.515 1157.44 1159.366 1161.382 1163.591 1165.8 1168.009 1170.219 1172.348 1174.456 1176.564 1178.672 1180.683 1182.4 1184.117 1185.834 1187.551 1189.265 1190.977 1192.689 1194.401 1195.959 1196.785 1197.611 1198.436 1199.262 1199.582 1199.614 1199.646 1199.678 1199.703 1199.657 1199.611 1199.565 1199.519 1199.382 1199.175 1198.968 1198.762 1198.546 1198.042 1197.537 1197.032 1196.527 1196.117
1176.335 1171.474 1166.613 1162.758 1160.065 1157.373 1154.68 1151.987 1151.56 1151.31 1151.06 1150.81 1150.838 1151.298 1151.758 1152.218 1152.678 1154.533 1156.625 1158.717 1160.808 1162.946 1165.182 1167.418 1169.654 1171.89 1173.988 1176.047 1178.107 1180.166 1182.117 1183.738 1185.359 1186.979 1188.6 1190.198 1191.787 1193.376 1194.965 1196.395 1197.071 1197.746 1198.422 1199.098 1199.373 1199.421 1199.47 1199.518 1199.556 1199.499 1199.442 1199.386 1199.329 1199.184 1198.972 1198.76 1198.548 1198.329 1197.878 1197.427 1196.975 1196.524 1196.173
1179.226 1174.232 1169.237 1165.106 1161.974 1158.842 1155.71 1152.578 1152.049 1151.724 1151.399 1151.074 1151.107 1151.696 1152.284 1152.873 1153.462 1155.478 1157.735 1159.993 1162.25 1164.51 1166.772 1169.035 1171.298 1173.561 1175.627 1177.638 1179.649 1181.661 1183.552 1185.076 1186.6 1188.124 1189.648 1191.131 1192.597 1194.063 1195.528 1196.831 1197.356 1197.882 1198.407 1198.933 1199.165 1199.229 1199.293 1199.358 1199.409 1199.341 1199.274 1199.207 1199.139 1198.987 1198.77 1198.552 1198.335 1198.112 1197.714 1197.317 1196.919 1196.521 1196.229
1181.444 1176.443 1171.443 1167.221 1163.899 1160.577 1157.255 1153.933 1153.328 1152.935 1152.542 1152.149 1152.178 1152.862 1153.547 1154.232 1154.916 1156.958 1159.23 1161.503 1163.775 1166.045 1168.311 1170.578 1172.844 1175.11 1177.172 1179.177 1181.182 1183.187 1185.056 1186.51 1187.963 1189.416 1190.87 1192.208 1193.499 1194.79 1196.081 1197.214 1197.594 1197.975 1198.355 1198.735 1198.906 1198.959 1199.012 1199.064 1199.104 1199.03 1198.957 1198.883 1198.81 1198.653 1198.433 1198.212 1197.992 1197.768 1197.438 1197.108 1196.778 1196.448 1196.22
1182.786 1177.946 1173.107 1169.033 1165.845 1162.657 1159.469 1156.281 1155.631 1155.179 1154.727 1154.275 1154.289 1155.027 1155.765 1156.503 1157.242 1159.136 1161.226 1163.316 1165.406 1167.543 1169.783 1172.022 1174.262 1176.501 1178.595 1180.648 1182.702 1184.755 1186.651 1188.067 1189.483 1190.899 1192.314 1193.47 1194.521 1195.571 1196.621 1197.53 1197.771 1198.012 1198.253 1198.494 1198.584 1198.588 1198.593 1198.597 1198.593 1198.52 1198.446 1198.373 1198.299 1198.143 1197.922 1197.702 1197.482 1197.26 1197.016 1196.772 1196.527 1196.283 1196.124
1184.128 1179.449 1174.77 1170.845 1167.791 1164.737 1161.683 1158.629 1157.934 1157.423 1156.912 1156.401 1156.4 1157.192 1157.984 1158.775 1159.567 1161.313 1163.221 1165.129 1167.037 1169.042 1171.254 1173.467 1175.68 1177.893 1180.018 1182.12 1184.221 1186.323 1188.246 1189.624 1191.003 1192.381 1193.759 1194.733 1195.542 1196.351 1197.16 1197.846 1197.948 1198.05 1198.151 1198.253 1198.262 1198.218 1198.174 1198.13 1198.083 1198.01 1197.936 1197.863 1197.789 1197.632 1197.412 1197.192 1196.971 1196.752 1196.594 1196.435 1196.277 1196.118 1196.029
1185.47 1180.952 1176.434 1172.657 1169.737 1166.817 1163.897 1160.977 1160.237 1159.667 1159.097 1158.527 1158.511 1159.356 1160.202 1161.047 1161.893 1163.491 1165.216 1166.942 1168.668 1170.54 1172.726 1174.912 1177.098 1179.284 1181.441 1183.591 1185.741 1187.89 1189.841 1191.182 1192.522 1193.863 1195.204 1195.996 1196.564 1197.132 1197.7 1198.162 1198.125 1198.087 1198.049 1198.012 1197.939 1197.847 1197.755 1197.663 1197.573 1197.499 1197.426 1197.352 1197.279 1197.122 1196.902 1196.681 1196.461 1196.245 1196.172 1196.099 1196.026 1195.953 1195.934
1186.813 1182.455 1178.098 1174.469 1171.683 1168.897 1166.111 1163.325 1162.54 1161.911 1161.282 1160.653 1160.622 1161.521 1162.42 1163.319 1164.218 1165.668 1167.212 1168.755 1170.299 1172.038 1174.198 1176.357 1178.516 1180.675 1182.864 1185.062 1187.26 1189.458 1191.436 1192.739 1194.042 1195.346 1196.649 1197.259 1197.586 1197.912 1198.239 1198.478 1198.301 1198.124 1197.948 1197.771 1197.617 1197.477 1197.336 1197.196 1197.062 1196.989 1196.915 1196.842 1196.768 1196.612 1196.391 1196.171 1195.95 1195.737 1195.75 1195.762 1195.775 1195.788 1195.839
1186.985 1183.002 1179.018 1175.664 1173.04 1170.416 1167.791 1165.167 1164.463 1163.91 1163.356 1162.802 1162.824 1163.739 1164.655 1165.57 1166.486 1167.897 1169.393 1170.888 1172.384 1174.085 1176.227 1178.369 1180.51 1182.652 1184.741 1186.816 1188.891 1190.966 1192.804 1193.917 1195.03 1196.143 1197.256 1197.683 1197.828 1197.974 1198.12 1198.187 1197.88 1197.573 1197.266 1196.959 1196.746 1196.585 1196.424 1196.263 1196.116 1196.089 1196.061 1196.034 1196.007 1195.907 1195.751 1195.596 1195.44 1195.291 1195.352 1195.414 1195.475 1195.537 1195.648
1186.973 1183.397 1179.82 1176.762 1174.304 1171.846 1169.387 1166.929 1166.327 1165.87 1165.412 1164.955 1165.04 1165.966 1166.892 1167.818 1168.745 1170.135 1171.603 1173.072 1174.541 1176.219 1178.344 1180.47 1182.595 1184.721 1186.69 1188.615 1190.539 1192.464 1194.136 1195.035 1195.934 1196.833 1197.732 1197.974 1197.948 1197.923 1197.897 1197.8 1197.365 1196.929 1196.494 1196.058 1195.787 1195.611 1195.434 1195.257 1195.1 1195.127 1195.153 1195.179 1195.206 1195.172 1195.091 1195.01 1194.93 1194.854 1194.959 1195.063 1195.168 1195.272 1195.442
1186.961 1183.792 1180.623 1177.86 1175.568 1173.276 1170.983 1168.691 1168.19 1167.83 1167.469 1167.108 1167.255 1168.192 1169.129 1170.066 1171.003 1172.372 1173.814 1175.256 1176.698 1178.353 1180.462 1182.572 1184.681 1186.79 1188.638 1190.413 1192.188 1193.963 1195.469 1196.153 1196.838 1197.522 1198.207 1198.266 1198.068 1197.871 1197.674 1197.413 1196.849 1196.285 1195.721 1195.157 1194.829 1194.636 1194.443 1194.25 1194.085 1194.165 1194.245 1194.325 1194.405 1194.436 1194.431 1194.425 1194.419 1194.418 1194.565 1194.713 1194.86 1195.007 1195.236
1186.95 1184.187 1181.425 1178.958 1176.832 1174.706 1172.579 1170.453 1170.054 1169.79 1169.526 1169.261 1169.471 1170.419 1171.367 1172.314 1173.262 1174.609 1176.025 1177.44 1178.855 1180.486 1182.58 1184.673 1186.766 1188.86 1190.586 1192.211 1193.836 1195.461 1196.802 1197.272 1197.742 1198.212 1198.682 1198.557 1198.188 1197.82 1197.451 1197.027 1196.334 1195.641 1194.948 1194.256 1193.871 1193.662 1193.453 1193.244 1193.07 1193.203 1193.337 1193.47 1193.604 1193.701 1193.77 1193.84 1193.909 1193.982 1194.172 1194.362 1194.552 1194.742 1195.03
1186.963 1184.539 1182.115 1179.909 1177.953 1175.998 1174.043 1172.087 1171.802 1171.646 1171.491 1171.336 1171.615 1172.57 1173.526 1174.481 1175.436 1176.78 1178.191 1179.601 1181.011 1182.622 1184.66 1186.698 1188.736 1190.774 1192.356 1193.81 1195.265 1196.719 1197.887 1198.175 1198.464 1198.753 1199.042 1198.756 1198.237 1197.717 1197.198 1196.628 1195.824 1195.02 1194.216 1193.412 1192.971 1192.736 1192.502 1192.267 1192.075 1192.259 1192.443 1192.627 1192.811 1192.974 1193.122 1193.27 1193.417 1193.567 1193.806 1194.046 1194.285 1194.524 1194.87
1187.039 1184.786 1182.534 1180.504 1178.73 1176.957 1175.184 1173.411 1173.268 1173.252 1173.236 1173.22 1173.584 1174.539 1175.494 1176.45 1177.405 1178.79 1180.249 1181.707 1183.166 1184.761 1186.649 1188.538 1190.426 1192.314 1193.691 1194.926 1196.161 1197.395 1198.372 1198.559 1198.746 1198.933 1199.12 1198.733 1198.111 1197.49 1196.868 1196.203 1195.329 1194.456 1193.582 1192.708 1192.211 1191.928 1191.646 1191.363 1191.132 1191.359 1191.585 1191.812 1192.039 1192.27 1192.503 1192.736 1192.969 1193.204 1193.508 1193.812 1194.115 1194.418 1194.82
1187.114 1185.033 1182.952 1181.099 1179.507 1177.917 1176.325 1174.734 1174.734 1174.857 1174.98 1175.103 1175.552 1176.508 1177.463 1178.418 1179.373 1180.8 1182.307 1183.814 1185.32 1186.901 1188.639 1190.377 1192.115 1193.853 1195.026 1196.041 1197.056 1198.071 1198.857 1198.943 1199.028 1199.113 1199.198 1198.709 1197.986 1197.263 1196.539 1195.778 1194.834 1193.891 1192.948 1192.004 1191.451 1191.12 1190.789 1190.458 1190.188 1190.458 1190.728 1190.997 1191.267 1191.565 1191.884 1192.203 1192.521 1192.842 1193.21 1193.577 1193.945 1194.313 1194.771
1187.19 1185.28 1183.371 1181.693 1180.285 1178.876 1177.467 1176.058 1176.199 1176.462 1176.725 1176.987 1177.521 1178.476 1179.432 1180.387 1181.342 1182.81 1184.365 1185.92 1187.475 1189.04 1190.628 1192.217 1193.805 1195.393 1196.361 1197.156 1197.952 1198.747 1199.343 1199.326 1199.309 1199.293 1199.276 1198.685 1197.86 1197.035 1196.21 1195.353 1194.339 1193.326 1192.313 1191.3 1190.691 1190.312 1189.933 1189.554 1189.245 1189.557 1189.87 1190.182 1190.495 1190.86 1191.264 1191.669 1192.074 1192.479 1192.911 1193.343 1193.775 1194.208 1194.722
1187.265 1185.527 1183.789 1182.288 1181.062 1179.835 1178.608 1177.381 1177.665 1178.067 1178.469 1178.871 1179.49 1180.445 1181.4 1182.355 1183.311 1184.82 1186.423 1188.026 1189.629 1191.18 1192.618 1194.056 1195.494 1196.932 1197.696 1198.271 1198.847 1199.423 1199.828 1199.709 1199.591 1199.473 1199.354 1198.662 1197.735 1196.808 1195.881 1194.927 1193.844 1192.762 1191.679 1190.596 1189.932 1189.504 1189.077 1188.649 1188.301 1188.657 1189.012 1189.368 1189.723 1190.155 1190.645 1191.135 1191.626 1192.116 1192.613 1193.109 1193.606 1194.102 1194.673
1187.452 1185.862 1184.273 1182.92 1181.84 1180.761 1179.682 1178.603 1178.983 1179.478 1179.973 1180.468 1181.152 1182.131 1183.109 1184.088 1185.066 1186.537 1188.092 1189.647 1191.202 1192.664 1193.929 1195.194 1196.459 1197.724 1198.326 1198.744 1199.162 1199.58 1199.831 1199.572 1199.313 1199.055 1198.796 1197.988 1196.955 1195.923 1194.89 1193.852 1192.789 1191.725 1190.661 1189.598 1188.961 1188.566 1188.172 1187.777 1187.464 1187.874 1188.284 1188.693 1189.103 1189.601 1190.165 1190.73 1191.294 1191.859 1192.431 1193.004 1193.576 1194.148 1194.795
1187.682 1186.232 1184.781 1183.565 1182.62 1181.674 1180.729 1179.784 1180.244 1180.814 1181.384 1181.954 1182.696 1183.707 1184.717 1185.728 1186.738 1188.141 1189.61 1191.079 1192.548 1193.894 1194.977 1196.06 1197.143 1198.226 1198.683 1198.967 1199.251 1199.535 1199.647 1199.233 1198.819 1198.404 1197.99 1197.061 1195.921 1194.782 1193.642 1192.525 1191.515 1190.505 1189.495 1188.485 1187.908 1187.578 1187.247 1186.917 1186.668 1187.137 1187.605 1188.074 1188.543 1189.105 1189.74 1190.374 1191.008 1191.643 1192.295 1192.948 1193.601 1194.253 1194.983
1187.912 1186.601 1185.29 1184.21 1183.399 1182.588 1181.776 1180.965 1181.504 1182.149 1182.794 1183.439 1184.24 1185.282 1186.325 1187.368 1188.411 1189.745 1191.128 1192.511 1193.895 1195.124 1196.025 1196.926 1197.826 1198.727 1199.04 1199.19 1199.34 1199.49 1199.463 1198.893 1198.324 1197.754 1197.185 1196.134 1194.887 1193.641 1192.394 1191.198 1190.241 1189.285 1188.328 1187.371 1186.855 1186.589 1186.323 1186.057 1185.872 1186.4 1186.927 1187.455 1187.983 1188.61 1189.314 1190.018 1190.722 1191.426 1192.159 1192.892 1193.625 1194.358 1195.171
1188.142 1186.97 1185.798 1184.856 1184.178 1183.501 1182.824 1182.146 1182.765 1183.485 1184.205 1184.925 1185.783 1186.858 1187.933 1189.008 1190.083 1191.348 1192.646 1193.944 1195.241 1196.354 1197.073 1197.792 1198.51 1199.228 1199.397 1199.413 1199.429 1199.445 1199.279 1198.554 1197.829 1197.104 1196.379 1195.207 1193.853 1192.5 1191.146 1189.87 1188.967 1188.064 1187.161 1186.258 1185.803 1185.601 1185.399 1185.198 1185.076 1185.662 1186.249 1186.836 1187.422 1188.115 1188.888 1189.662 1190.435 1191.21 1192.023 1192.837 1193.65 1194.463 1195.359
1188.365 1187.326 1186.288 1185.48 1184.936 1184.393 1183.849 1183.306 1183.987 1184.765 1185.542 1186.32 1187.226 1188.331 1189.436 1190.542 1191.647 1192.839 1194.045 1195.252 1196.458 1197.456 1198.007 1198.559 1199.11 1199.662 1199.689 1199.571 1199.453 1199.336 1199.025 1198.125 1197.224 1196.324 1195.424 1194.134 1192.685 1191.236 1189.786 1188.444 1187.607 1186.771 1185.934 1185.097 1184.721 1184.607 1184.493 1184.378 1184.342 1184.996 1185.651 1186.305 1186.959 1187.719 1188.559 1189.399 1190.239 1191.08 1191.966 1192.851 1193.737 1194.623 1195.599
1188.544 1187.608 1186.671 1185.979 1185.57 1185.16 1184.751 1184.341 1184.993 1185.727 1186.462 1187.197 1188.085 1189.211 1190.338 1191.465 1192.592 1193.682 1194.765 1195.848 1196.931 1197.819 1198.29 1198.761 1199.232 1199.703 1199.609 1199.357 1199.105 1198.853 1198.37 1197.181 1195.991 1194.802 1193.612 1192.219 1190.743 1189.267 1187.791 1186.451 1185.753 1185.056 1184.359 1183.661 1183.476 1183.581 1183.687 1183.792 1183.965 1184.737 1185.51 1186.282 1187.054 1187.892 1188.78 1189.668 1190.556 1191.445 1192.358 1193.27 1194.183 1195.095 1196.138
1188.723 1187.889 1187.054 1186.479 1186.203 1185.928 1185.652 1185.376 1185.998 1186.69 1187.381 1188.073 1188.944 1190.092 1191.24 1192.388 1193.537 1194.524 1195.484 1196.444 1197.404 1198.182 1198.573 1198.964 1199.354 1199.745 1199.528 1199.142 1198.757 1198.371 1197.716 1196.237 1194.758 1193.279 1191.8 1190.304 1188.802 1187.299 1185.796 1184.458 1183.9 1183.342 1182.784 1182.226 1182.231 1182.556 1182.881 1183.206 1183.588 1184.478 1185.368 1186.258 1187.149 1188.065 1189.001 1189.938 1190.874 1191.811 1192.75 1193.689 1194.629 1195.568 1196.677
1188.902 1188.17 1187.437 1186.978 1186.837 1186.695 1186.553 1186.412 1187.003 1187.652 1188.301 1188.95 1189.803 1190.972 1192.142 1193.312 1194.481 1195.366 1196.203 1197.04 1197.877 1198.546 1198.856 1199.166 1199.477 1199.787 1199.448 1198.928 1198.408 1197.888 1197.061 1195.293 1193.525 1191.756 1189.988 1188.39 1186.86 1185.33 1183.801 1182.465 1182.046 1181.627 1181.209 1180.79 1180.985 1181.53 1182.075 1182.62 1183.211 1184.219 1185.227 1186.235 1187.243 1188.238 1189.223 1190.207 1191.192 1192.176 1193.142 1194.108 1195.074 1196.04 1197.216
