data/zism_data/00459_02_D.txt
ncols         224
nrows         224
[rows 112 to 139 of 224, columns 126 to 188 of 224]
1054.276 1054.355 1054.433 1054.512 1054.592 1054.692 1054.792 1054.891 1054.991 1055.127 1055.303 1055.478 1055.653 1055.829 1055.821 1055.799 1055.777 1055.755 1055.734 1055.715 1055.696 1055.677 1055.658 1055.138 1054.512 1053.886 1053.26 1052.766 1052.619 1052.473 1052.327 1052.181 1052.65 1053.354 1054.057 1054.761 1055.837 1058.686 1061.534 1064.383 1067.231 1069.628 1071.752 1073.876 1076.0 1077.945 1077.603 1077.261 1076.919 1076.577 1075.563 1073.935 1072.306 1070.677 1069.049 1068.261 1067.499 1066.736 1065.974 1065.545 1065.575 1065.606 1065.636
1054.989 1054.978 1054.968 1054.957 1054.948 1054.979 1055.01 1055.042 1055.073 1055.138 1055.238 1055.339 1055.439 1055.54 1055.455 1055.356 1055.256 1055.157 1055.057 1054.958 1054.858 1054.759 1054.659 1054.112 1053.47 1052.827 1052.185 1051.665 1051.465 1051.265 1051.065 1050.865 1051.164 1051.653 1052.142 1052.631 1053.484 1056.069 1058.653 1061.237 1063.822 1066.124 1068.256 1070.388 1072.52 1074.478 1074.207 1073.936 1073.665 1073.395 1072.456 1070.906 1069.357 1067.807 1066.257 1065.611 1064.993 1064.374 1063.756 1063.468 1063.635 1063.803 1063.97
1055.747 1055.65 1055.554 1055.457 1055.363 1055.351 1055.339 1055.328 1055.316 1055.304 1055.292 1055.279 1055.267 1055.254 1055.101 1054.937 1054.773 1054.609 1054.445 1054.281 1054.117 1053.953 1053.789 1053.314 1052.775 1052.235 1051.695 1051.262 1051.11 1050.958 1050.807 1050.655 1050.882 1051.253 1051.623 1051.994 1052.675 1054.828 1056.982 1059.136 1061.289 1063.329 1065.299 1067.27 1069.24 1071.048 1070.772 1070.496 1070.22 1069.943 1069.05 1067.592 1066.134 1064.675 1063.217 1062.788 1062.391 1061.993 1061.595 1061.507 1061.847 1062.187 1062.526
1056.505 1056.323 1056.14 1055.957 1055.778 1055.723 1055.668 1055.614 1055.559 1055.47 1055.345 1055.219 1055.094 1054.969 1054.747 1054.519 1054.29 1054.062 1053.833 1053.604 1053.376 1053.147 1052.918 1052.517 1052.079 1051.642 1051.204 1050.859 1050.755 1050.652 1050.549 1050.446 1050.6 1050.853 1051.105 1051.357 1051.865 1053.588 1055.311 1057.034 1058.757 1060.534 1062.343 1064.152 1065.961 1067.619 1067.337 1067.056 1066.774 1066.492 1065.645 1064.278 1062.911 1061.544 1060.177 1059.965 1059.788 1059.611 1059.434 1059.546 1060.058 1060.57 1061.083
1057.264 1056.995 1056.726 1056.457 1056.193 1056.095 1055.997 1055.9 1055.802 1055.637 1055.398 1055.16 1054.921 1054.683 1054.394 1054.1 1053.807 1053.514 1053.221 1052.927 1052.634 1052.341 1052.048 1051.72 1051.384 1051.049 1050.714 1050.456 1050.401 1050.346 1050.291 1050.237 1050.318 1050.452 1050.586 1050.72 1051.055 1052.348 1053.64 1054.933 1056.225 1057.739 1059.387 1061.034 1062.682 1064.189 1063.902 1063.615 1063.328 1063.041 1062.239 1060.963 1059.688 1058.412 1057.137 1057.142 1057.186 1057.229 1057.273 1057.586 1058.27 1058.954 1059.639
1058.022 1057.667 1057.312 1056.957 1056.608 1056.467 1056.327 1056.186 1056.045 1055.803 1055.452 1055.1 1054.749 1054.397 1054.04 1053.682 1053.324 1052.966 1052.609 1052.251 1051.893 1051.535 1051.177 1050.922 1050.689 1050.456 1050.223 1050.053 1050.046 1050.04 1050.034 1050.027 1050.037 1050.052 1050.068 1050.083 1050.246 1051.108 1051.969 1052.831 1053.693 1054.944 1056.43 1057.916 1059.402 1060.76 1060.467 1060.175 1059.883 1059.59 1058.833 1057.649 1056.465 1055.281 1054.097 1054.319 1054.584 1054.848 1055.112 1055.625 1056.482 1057.338 1058.195
1058.571 1058.172 1057.773 1057.374 1056.981 1056.807 1056.632 1056.457 1056.283 1056.003 1055.609 1055.214 1054.82 1054.426 1054.031 1053.637 1053.243 1052.849 1052.454 1052.06 1051.666 1051.271 1050.877 1050.662 1050.484 1050.306 1050.129 1050.0 1050.0 1050.0 1050.0 1050.0 1050.0 1050.0 1050.0 1050.0 1050.115 1050.776 1051.436 1052.097 1052.757 1053.759 1054.966 1056.174 1057.382 1058.484 1058.243 1058.001 1057.76 1057.518 1056.903 1055.947 1054.99 1054.033 1053.077 1053.488 1053.94 1054.392 1054.844 1055.507 1056.461 1057.415 1058.369
1059.088 1058.651 1058.214 1057.778 1057.348 1057.141 1056.934 1056.727 1056.52 1056.208 1055.781 1055.355 1054.928 1054.502 1054.075 1053.648 1053.222 1052.795 1052.369 1051.942 1051.515 1051.089 1050.662 1050.481 1050.352 1050.223 1050.094 1050.0 1050.0 1050.0 1050.0 1050.0 1050.0 1050.0 1050.0 1050.0 1050.086 1050.58 1051.073 1051.567 1052.061 1052.815 1053.727 1054.638 1055.55 1056.382 1056.2 1056.017 1055.835 1055.653 1055.196 1054.486 1053.777 1053.068 1052.359 1052.955 1053.591 1054.226 1054.861 1055.666 1056.706 1057.746 1058.786
1059.605 1059.13 1058.656 1058.182 1057.714 1057.475 1057.236 1056.997 1056.757 1056.413 1055.954 1055.495 1055.036 1054.578 1054.119 1053.66 1053.201 1052.742 1052.283 1051.824 1051.365 1050.906 1050.447 1050.301 1050.22 1050.139 1050.058 1050.0 1050.0 1050.0 1050.0 1050.0 1050.0 1050.0 1050.0 1050.0 1050.057 1050.384 1050.711 1051.038 1051.365 1051.871 1052.487 1053.102 1053.718 1054.28 1054.157 1054.034 1053.91 1053.787 1053.488 1053.026 1052.565 1052.103 1051.642 1052.423 1053.241 1054.059 1054.877 1055.825 1056.951 1058.077 1059.203
1060.122 1059.61 1059.098 1058.586 1058.08 1057.809 1057.538 1057.266 1056.995 1056.618 1056.127 1055.636 1055.145 1054.653 1054.162 1053.671 1053.18 1052.688 1052.197 1051.706 1051.215 1050.724 1050.232 1050.12 1050.088 1050.056 1050.023 1050.0 1050.0 1050.0 1050.0 1050.0 1050.0 1050.0 1050.0 1050.0 1050.028 1050.188 1050.348 1050.508 1050.668 1050.927 1051.247 1051.566 1051.886 1052.177 1052.114 1052.05 1051.986 1051.922 1051.78 1051.566 1051.352 1051.138 1050.924 1051.89 1052.891 1053.892 1054.894 1055.983 1057.196 1058.408 1059.62
1060.641 1060.095 1059.549 1059.002 1058.463 1058.156 1057.849 1057.541 1057.234 1056.821 1056.292 1055.763 1055.234 1054.705 1054.186 1053.668 1053.15 1052.632 1052.118 1051.61 1051.103 1050.596 1050.088 1050.0 1050.0 1050.0 1050.0 1050.0 1050.0 1050.0 1050.0 1050.0 1050.0 1050.0 1050.0 1050.0 1050.008 1050.053 1050.098 1050.144 1050.189 1050.276 1050.39 1050.503 1050.616 1050.72 1050.708 1050.696 1050.684 1050.672 1050.667 1050.669 1050.67 1050.672 1050.673 1051.778 1052.915 1054.052 1055.19 1056.388 1057.668 1058.948 1060.229
1061.164 1060.591 1060.018 1059.445 1058.878 1058.528 1058.177 1057.827 1057.477 1057.018 1056.441 1055.863 1055.286 1054.709 1054.171 1053.637 1053.103 1052.568 1052.05 1051.559 1051.068 1050.577 1050.085 1050.0 1050.0 1050.0 1050.0 1050.0 1050.0 1050.0 1050.0 1050.0 1050.0 1050.0 1050.0 1050.0 1050.006 1050.04 1050.075 1050.109 1050.144 1050.211 1050.297 1050.383 1050.469 1050.551 1050.577 1050.603 1050.629 1050.654 1050.746 1050.898 1051.05 1051.202 1051.354 1052.505 1053.686 1054.866 1056.047 1057.283 1058.596 1059.908 1061.221
1061.687 1061.087 1060.487 1059.887 1059.293 1058.9 1058.507 1058.113 1057.72 1057.215 1056.589 1055.964 1055.338 1054.712 1054.156 1053.606 1053.055 1052.505 1051.983 1051.508 1051.033 1050.558 1050.083 1050.0 1050.0 1050.0 1050.0 1050.0 1050.0 1050.0 1050.0 1050.0 1050.0 1050.0 1050.0 1050.0 1050.004 1050.028 1050.052 1050.075 1050.099 1050.145 1050.204 1050.263 1050.323 1050.382 1050.446 1050.509 1050.573 1050.636 1050.825 1051.128 1051.43 1051.733 1052.036 1053.233 1054.457 1055.68 1056.904 1058.178 1059.523 1060.868 1062.213
1062.211 1061.584 1060.957 1060.33 1059.709 1059.272 1058.836 1058.399 1057.963 1057.412 1056.738 1056.064 1055.39 1054.716 1054.141 1053.575 1053.008 1052.441 1051.915 1051.457 1050.998 1050.539 1050.08 1050.0 1050.0 1050.0 1050.0 1050.0 1050.0 1050.0 1050.0 1050.0 1050.0 1050.0 1050.0 1050.0 1050.002 1050.015 1050.028 1050.041 1050.054 1050.079 1050.111 1050.144 1050.176 1050.214 1050.315 1050.416 1050.517 1050.618 1050.903 1051.357 1051.81 1052.264 1052.717 1053.961 1055.227 1056.494 1057.761 1059.074 1060.451 1061.828 1063.206
1062.734 1062.08 1061.426 1060.773 1060.124 1059.644 1059.165 1058.685 1058.205 1057.61 1056.887 1056.164 1055.442 1054.719 1054.126 1053.543 1052.961 1052.378 1051.848 1051.405 1050.963 1050.52 1050.077 1050.0 1050.0 1050.0 1050.0 1050.0 1050.0 1050.0 1050.0 1050.0 1050.0 1050.0 1050.0 1050.0 1050.0 1050.003 1050.005 1050.007 1050.009 1050.013 1050.019 1050.024 1050.03 1050.045 1050.184 1050.323 1050.461 1050.6 1050.982 1051.586 1052.19 1052.795 1053.399 1054.688 1055.998 1057.308 1058.617 1059.969 1061.379 1062.788 1064.198
1063.086 1062.414 1061.742 1061.07 1060.402 1059.871 1059.34 1058.808 1058.277 1057.65 1056.917 1056.185 1055.452 1054.72 1054.099 1053.488 1052.876 1052.264 1051.727 1051.313 1050.899 1050.486 1050.072 1050.0 1050.0 1050.0 1050.0 1050.0 1050.0 1050.0 1050.0 1050.0 1050.028 1050.067 1050.105 1050.144 1050.176 1050.176 1050.176 1050.176 1050.176 1050.184 1050.197 1050.209 1050.222 1050.253 1050.516 1050.778 1051.04 1051.303 1051.835 1052.616 1053.397 1054.177 1054.958 1056.261 1057.58 1058.898 1060.217 1061.542 1062.876 1064.211 1065.546
1063.396 1062.707 1062.019 1061.331 1060.645 1060.06 1059.475 1058.89 1058.305 1057.65 1056.917 1056.185 1055.452 1054.72 1054.069 1053.425 1052.781 1052.137 1051.592 1051.211 1050.829 1050.448 1050.066 1050.0 1050.0 1050.0 1050.0 1050.0 1050.0 1050.0 1050.0 1050.0 1050.063 1050.15 1050.237 1050.324 1050.396 1050.396 1050.396 1050.396 1050.396 1050.414 1050.443 1050.472 1050.501 1050.558 1050.965 1051.373 1051.781 1052.188 1052.886 1053.85 1054.814 1055.777 1056.741 1058.049 1059.368 1060.686 1062.005 1063.287 1064.519 1065.752 1066.984
1063.705 1063.0 1062.296 1061.591 1060.889 1060.25 1059.611 1058.972 1058.333 1057.65 1056.917 1056.185 1055.452 1054.72 1054.039 1053.363 1052.687 1052.01 1051.457 1051.108 1050.759 1050.41 1050.061 1050.0 1050.0 1050.0 1050.0 1050.0 1050.0 1050.0 1050.0 1050.0 1050.098 1050.234 1050.369 1050.505 1050.617 1050.617 1050.617 1050.617 1050.617 1050.645 1050.69 1050.735 1050.78 1050.862 1051.415 1051.968 1052.521 1053.074 1053.937 1055.084 1056.23 1057.377 1058.524 1059.837 1061.156 1062.474 1063.793 1065.032 1066.162 1067.292 1068.422
1064.014 1063.293 1062.573 1061.852 1061.132 1060.439 1059.747 1059.054 1058.361 1057.65 1056.917 1056.185 1055.452 1054.72 1054.009 1053.301 1052.592 1051.884 1051.323 1051.006 1050.689 1050.372 1050.055 1050.0 1050.0 1050.0 1050.0 1050.0 1050.0 1050.0 1050.0 1050.0 1050.133 1050.317 1050.501 1050.685 1050.837 1050.837 1050.837 1050.837 1050.837 1050.875 1050.937 1050.998 1051.059 1051.167 1051.865 1052.563 1053.262 1053.96 1054.988 1056.317 1057.647 1058.977 1060.306 1061.625 1062.944 1064.262 1065.581 1066.777 1067.805 1068.833 1069.86
1064.303 1063.555 1062.807 1062.06 1061.312 1060.58 1059.847 1059.115 1058.382 1057.65 1056.917 1056.185 1055.452 1054.72 1053.987 1053.255 1052.522 1051.79 1051.223 1050.93 1050.637 1050.344 1050.051 1050.0 1050.0 1050.0 1050.0 1050.008 1050.036 1050.064 1050.092 1050.12 1050.319 1050.582 1050.845 1051.108 1051.333 1051.372 1051.411 1051.451 1051.49 1051.55 1051.624 1051.697 1051.77 1051.895 1052.683 1053.47 1054.258 1055.045 1056.193 1057.672 1059.151 1060.63 1062.109 1063.452 1064.79 1066.128 1067.466 1068.631 1069.558 1070.485 1071.412
1064.539 1063.731 1062.924 1062.117 1061.312 1060.58 1059.847 1059.115 1058.382 1057.65 1056.917 1056.185 1055.452 1054.72 1053.987 1053.255 1052.522 1051.79 1051.223 1050.93 1050.637 1050.344 1050.051 1050.0 1050.0 1050.0 1050.0 1050.037 1050.173 1050.309 1050.445 1050.58 1050.929 1051.359 1051.79 1052.22 1052.608 1052.798 1052.988 1053.178 1053.368 1053.485 1053.559 1053.632 1053.705 1053.825 1054.543 1055.26 1055.978 1056.695 1057.838 1059.371 1060.904 1062.437 1063.969 1065.386 1066.8 1068.213 1069.627 1070.795 1071.625 1072.455 1073.285
1064.774 1063.907 1063.041 1062.175 1061.312 1060.58 1059.847 1059.115 1058.382 1057.65 1056.917 1056.185 1055.452 1054.72 1053.987 1053.255 1052.522 1051.79 1051.223 1050.93 1050.637 1050.344 1050.051 1050.0 1050.0 1050.0 1050.0 1050.067 1050.31 1050.554 1050.797 1051.041 1051.54 1052.137 1052.734 1053.331 1053.884 1054.224 1054.565 1054.906 1055.246 1055.421 1055.494 1055.567 1055.64 1055.755 1056.403 1057.05 1057.698 1058.345 1059.483 1061.069 1062.656 1064.243 1065.829 1067.321 1068.81 1070.299 1071.788 1072.959 1073.692 1074.425 1075.158
1065.009 1064.083 1063.158 1062.232 1061.312 1060.58 1059.847 1059.115 1058.382 1057.65 1056.917 1056.185 1055.452 1054.72 1053.987 1053.255 1052.522 1051.79 1051.223 1050.93 1050.637 1050.344 1050.051 1050.0 1050.0 1050.0 1050.0 1050.097 1050.448 1050.799 1051.15 1051.501 1052.151 1052.915 1053.679 1054.443 1055.159 1055.65 1056.142 1056.633 1057.125 1057.355 1057.429 1057.502 1057.575 1057.685 1058.263 1058.84 1059.418 1059.995 1061.127 1062.768 1064.408 1066.049 1067.689 1069.256 1070.82 1072.384 1073.948 1075.123 1075.759 1076.395 1077.031
1065.244 1064.259 1063.274 1062.29 1061.312 1060.58 1059.847 1059.115 1058.382 1057.65 1056.917 1056.185 1055.452 1054.72 1053.987 1053.255 1052.522 1051.79 1051.223 1050.93 1050.637 1050.344 1050.051 1050.0 1050.0 1050.0 1050.0 1050.126 1050.585 1051.044 1051.502 1051.961 1052.762 1053.692 1054.623 1055.554 1056.434 1057.077 1057.719 1058.361 1059.003 1059.291 1059.364 1059.437 1059.51 1059.615 1060.123 1060.63 1061.138 1061.645 1062.772 1064.466 1066.161 1067.855 1069.549 1071.19 1072.83 1074.47 1076.109 1077.286 1077.826 1078.365 1078.905
1065.362 1064.361 1063.36 1062.359 1061.365 1060.633 1059.9 1059.168 1058.435 1057.69 1056.93 1056.17 1055.411 1054.651 1053.92 1053.191 1052.463 1051.734 1051.178 1050.909 1050.639 1050.37 1050.1 1050.108 1050.174 1050.241 1050.307 1050.52 1051.117 1051.715 1052.312 1052.91 1053.807 1054.819 1055.831 1056.843 1057.806 1058.54 1059.275 1060.009 1060.743 1061.114 1061.266 1061.417 1061.568 1061.743 1062.22 1062.696 1063.173 1063.65 1064.765 1066.466 1068.168 1069.869 1071.57 1073.202 1074.831 1076.46 1078.089 1079.255 1079.784 1080.312 1080.84
1065.435 1064.434 1063.433 1062.432 1061.439 1060.706 1059.974 1059.241 1058.509 1057.745 1056.948 1056.151 1055.353 1054.556 1053.827 1053.104 1052.38 1051.657 1051.117 1050.88 1050.643 1050.405 1050.168 1050.257 1050.415 1050.573 1050.73 1051.051 1051.799 1052.547 1053.296 1054.044 1055.018 1056.078 1057.139 1058.199 1059.214 1060.019 1060.823 1061.627 1062.432 1062.896 1063.155 1063.414 1063.673 1063.946 1064.407 1064.867 1065.328 1065.788 1066.89 1068.581 1070.272 1071.962 1073.653 1075.242 1076.828 1078.414 1080.0 1081.151 1081.7 1082.25 1082.8
1065.509 1064.508 1063.507 1062.506 1061.512 1060.78 1060.047 1059.315 1058.582 1057.801 1056.966 1056.131 1055.295 1054.46 1053.734 1053.016 1052.298 1051.58 1051.056 1050.851 1050.646 1050.441 1050.236 1050.406 1050.656 1050.905 1051.154 1051.582 1052.481 1053.38 1054.279 1055.178 1056.229 1057.338 1058.446 1059.555 1060.623 1061.497 1062.371 1063.246 1064.12 1064.678 1065.044 1065.411 1065.778 1066.15 1066.594 1067.038 1067.483 1067.927 1069.016 1070.696 1072.375 1074.055 1075.735 1077.282 1078.825 1080.368 1081.911 1083.046 1083.617 1084.188 1084.76
1065.582 1064.581 1063.58 1062.579 1061.586 1060.853 1060.121 1059.388 1058.656 1057.856 1056.984 1056.111 1055.238 1054.365 1053.641 1052.928 1052.216 1051.504 1050.995 1050.822 1050.649 1050.476 1050.304 1050.555 1050.896 1051.237 1051.578 1052.114 1053.163 1054.213 1055.263 1056.312 1057.44 1058.597 1059.754 1060.911 1062.031 1062.975 1063.92 1064.864 1065.808 1066.459 1066.934 1067.408 1067.882 1068.353 1068.781 1069.209 1069.638 1070.066 1071.141 1072.81 1074.479 1076.148 1077.817 1079.322 1080.822 1082.322 1083.822 1084.941 1085.534 1086.127 1086.719
