data/zism_data/00456_02_D.txt
ncols         224
nrows         224
[rows 0 to 27 of 224, columns 126 to 188 of 224]
1202.251 1202.401 1202.552 1202.703 1202.83 1202.83 1202.83 1202.83 1202.83 1202.83 1202.83 1202.83 1202.83 1202.844 1202.984 1203.124 1203.264 1203.404 1203.542 1203.678 1203.815 1203.951 1204.087 1204.207 1204.327 1204.448 1204.568 1204.602 1204.556 1204.509 1204.462 1204.416 1204.415 1204.415 1204.415 1204.415 1204.415 1204.415 1204.415 1204.415 1204.415 1204.415 1204.415 1204.415 1204.415 1204.393 1204.34 1204.286 1204.232 1204.178 1204.023 1203.852 1203.682 1203.511 1203.372 1203.295 1203.218 1203.141 1203.063 1202.927 1202.776 1202.625 1202.474
1202.815 1203.024 1203.233 1203.442 1203.695 1204.181 1204.667 1205.153 1205.639 1205.73 1205.59 1205.45 1205.31 1205.146 1204.761 1204.377 1203.993 1203.609 1203.48 1203.541 1203.601 1203.662 1203.726 1203.853 1203.979 1204.106 1204.233 1204.286 1204.27 1204.254 1204.238 1204.222 1204.185 1204.148 1204.111 1204.074 1204.054 1204.054 1204.054 1204.054 1204.054 1204.054 1204.054 1204.054 1204.054 1204.037 1203.996 1203.956 1203.915 1203.874 1203.744 1203.601 1203.459 1203.316 1203.201 1203.139 1203.078 1203.017 1202.956 1202.831 1202.692 1202.553 1202.414
1203.737 1204.026 1204.315 1204.604 1205.024 1206.137 1207.251 1208.364 1209.478 1209.687 1209.366 1209.045 1208.725 1208.328 1207.258 1206.188 1205.117 1204.047 1203.561 1203.51 1203.459 1203.408 1203.365 1203.497 1203.629 1203.761 1203.893 1203.971 1203.997 1204.024 1204.05 1204.077 1203.993 1203.908 1203.823 1203.738 1203.692 1203.692 1203.692 1203.692 1203.692 1203.692 1203.692 1203.692 1203.692 1203.68 1203.65 1203.62 1203.59 1203.559 1203.464 1203.358 1203.252 1203.147 1203.062 1203.016 1202.971 1202.926 1202.88 1202.768 1202.639 1202.511 1202.383
1204.66 1205.028 1205.397 1205.765 1206.353 1208.094 1209.835 1211.576 1213.317 1213.644 1213.142 1212.641 1212.139 1211.51 1209.754 1207.998 1206.241 1204.485 1203.641 1203.479 1203.316 1203.153 1203.004 1203.141 1203.278 1203.416 1203.553 1203.656 1203.724 1203.793 1203.862 1203.931 1203.802 1203.669 1203.536 1203.403 1203.331 1203.331 1203.331 1203.331 1203.331 1203.331 1203.331 1203.331 1203.331 1203.323 1203.304 1203.284 1203.265 1203.245 1203.183 1203.114 1203.046 1202.978 1202.922 1202.893 1202.864 1202.834 1202.805 1202.704 1202.586 1202.469 1202.351
1205.582 1206.03 1206.478 1206.927 1207.681 1210.05 1212.419 1214.787 1217.156 1217.601 1216.918 1216.236 1215.553 1214.692 1212.25 1209.808 1207.365 1204.923 1203.722 1203.448 1203.173 1202.899 1202.642 1202.785 1202.928 1203.071 1203.214 1203.34 1203.452 1203.563 1203.675 1203.786 1203.61 1203.429 1203.249 1203.068 1202.97 1202.97 1202.97 1202.97 1202.97 1202.97 1202.97 1202.97 1202.97 1202.966 1202.957 1202.948 1202.939 1202.93 1202.902 1202.871 1202.84 1202.808 1202.783 1202.77 1202.756 1202.743 1202.73 1202.64 1202.533 1202.426 1202.319
1207.199 1207.756 1208.312 1208.869 1209.824 1212.886 1215.947 1219.009 1222.07 1222.628 1221.717 1220.807 1219.896 1218.746 1215.47 1212.195 1208.92 1205.645 1203.996 1203.561 1203.126 1202.691 1202.281 1202.426 1202.571 1202.715 1202.86 1203.007 1203.157 1203.307 1203.456 1203.606 1203.393 1203.175 1202.957 1202.739 1202.619 1202.616 1202.614 1202.611 1202.609 1202.608 1202.608 1202.608 1202.608 1202.608 1202.608 1202.608 1202.608 1202.608 1202.608 1202.608 1202.608 1202.608 1202.611 1202.619 1202.626 1202.634 1202.642 1202.567 1202.472 1202.377 1202.282
1212.433 1213.245 1214.057 1214.869 1216.203 1220.297 1224.39 1228.483 1232.577 1233.217 1231.833 1230.449 1229.065 1227.327 1222.457 1217.586 1212.715 1207.845 1205.276 1204.426 1203.576 1202.727 1201.919 1202.048 1202.177 1202.305 1202.434 1202.582 1202.747 1202.913 1203.079 1203.245 1203.048 1202.845 1202.643 1202.441 1202.323 1202.304 1202.285 1202.267 1202.248 1202.247 1202.247 1202.247 1202.247 1202.247 1202.247 1202.247 1202.247 1202.247 1202.247 1202.247 1202.247 1202.247 1202.266 1202.322 1202.377 1202.433 1202.488 1202.439 1202.366 1202.292 1202.219
1217.667 1218.734 1219.801 1220.868 1222.582 1227.707 1232.832 1237.957 1243.082 1243.805 1241.948 1240.091 1238.233 1235.908 1229.442 1222.977 1216.51 1210.044 1206.556 1205.291 1204.027 1202.762 1201.557 1201.67 1201.783 1201.896 1202.008 1202.156 1202.338 1202.52 1202.701 1202.883 1202.702 1202.516 1202.329 1202.143 1202.026 1201.992 1201.957 1201.923 1201.888 1201.886 1201.886 1201.886 1201.886 1201.886 1201.886 1201.886 1201.886 1201.886 1201.886 1201.886 1201.886 1201.886 1201.921 1202.024 1202.128 1202.231 1202.335 1202.312 1202.26 1202.208 1202.156
1222.901 1224.223 1225.546 1226.868 1228.961 1235.118 1241.274 1247.431 1253.588 1254.394 1252.063 1249.732 1247.402 1244.49 1236.428 1228.367 1220.305 1212.244 1207.836 1206.156 1204.477 1202.797 1201.195 1201.292 1201.389 1201.486 1201.582 1201.731 1201.929 1202.126 1202.324 1202.522 1202.357 1202.186 1202.016 1201.845 1201.73 1201.679 1201.629 1201.578 1201.528 1201.524 1201.524 1201.524 1201.524 1201.524 1201.524 1201.524 1201.524 1201.524 1201.524 1201.524 1201.524 1201.524 1201.576 1201.727 1201.879 1202.03 1202.181 1202.185 1202.154 1202.123 1202.092
1228.135 1229.713 1231.29 1232.868 1235.34 1242.528 1249.717 1256.905 1264.094 1264.983 1262.179 1259.375 1256.571 1253.071 1243.414 1233.758 1224.1 1214.443 1209.116 1207.022 1204.927 1202.833 1200.833 1200.914 1200.995 1201.076 1201.156 1201.306 1201.519 1201.733 1201.946 1202.16 1202.011 1201.857 1201.702 1201.548 1201.434 1201.367 1201.301 1201.234 1201.168 1201.163 1201.163 1201.163 1201.163 1201.163 1201.163 1201.163 1201.163 1201.163 1201.163 1201.163 1201.163 1201.163 1201.231 1201.43 1201.629 1201.828 1202.028 1202.057 1202.048 1202.038 1202.029
1234.205 1236.006 1237.807 1239.608 1242.3 1249.688 1257.077 1264.466 1271.855 1272.582 1269.404 1266.226 1263.048 1259.098 1248.315 1237.532 1226.75 1215.967 1210.039 1207.737 1205.435 1203.133 1200.948 1201.355 1201.761 1202.167 1202.573 1202.854 1203.016 1203.179 1203.341 1203.504 1203.088 1202.664 1202.239 1201.815 1201.62 1201.698 1201.776 1201.854 1201.932 1202.444 1202.989 1203.535 1204.08 1204.276 1203.943 1203.611 1203.278 1202.946 1202.547 1202.139 1201.73 1201.322 1201.115 1201.298 1201.481 1201.664 1201.847 1201.881 1201.881 1201.881 1201.881
1240.964 1242.962 1244.96 1246.957 1249.737 1256.642 1263.547 1270.452 1277.357 1277.721 1274.25 1270.779 1267.309 1263.021 1251.499 1239.977 1228.455 1216.933 1210.668 1208.329 1205.989 1203.65 1201.457 1202.469 1203.481 1204.494 1205.506 1206.027 1206.083 1206.139 1206.195 1206.251 1205.336 1204.406 1203.477 1202.547 1202.204 1202.559 1202.913 1203.268 1203.622 1205.077 1206.616 1208.156 1209.696 1210.248 1209.309 1208.371 1207.432 1206.493 1205.368 1204.215 1203.062 1201.909 1201.188 1201.302 1201.415 1201.529 1201.643 1201.664 1201.664 1201.664 1201.664
1247.724 1249.918 1252.112 1254.307 1257.175 1263.596 1270.017 1276.438 1282.859 1282.86 1279.096 1275.333 1271.57 1266.944 1254.683 1242.422 1230.161 1217.899 1211.297 1208.92 1206.544 1204.167 1201.964 1203.583 1205.202 1206.821 1208.439 1209.199 1209.149 1209.099 1209.048 1208.998 1207.583 1206.149 1204.714 1203.279 1202.788 1203.419 1204.05 1204.681 1205.313 1207.709 1210.243 1212.778 1215.312 1216.221 1214.676 1213.131 1211.586 1210.041 1208.189 1206.292 1204.394 1202.497 1201.261 1201.305 1201.35 1201.395 1201.439 1201.448 1201.448 1201.448 1201.448
1254.483 1256.874 1259.265 1261.657 1264.613 1270.55 1276.487 1282.424 1288.361 1287.999 1283.943 1279.887 1275.831 1270.868 1257.867 1244.867 1231.866 1218.866 1211.926 1209.512 1207.098 1204.685 1202.473 1204.698 1206.923 1209.148 1211.373 1212.372 1212.216 1212.059 1211.902 1211.746 1209.832 1207.891 1205.952 1204.012 1203.372 1204.28 1205.187 1206.095 1207.003 1210.342 1213.871 1217.4 1220.928 1222.194 1220.042 1217.891 1215.74 1213.589 1211.01 1208.368 1205.726 1203.084 1201.333 1201.309 1201.284 1201.26 1201.235 1201.231 1201.231 1201.231 1201.231
1261.242 1263.83 1266.418 1269.006 1272.051 1277.504 1282.957 1288.41 1293.863 1293.137 1288.789 1284.441 1280.092 1274.791 1261.051 1247.312 1233.572 1219.832 1212.555 1210.104 1207.653 1205.202 1202.981 1205.812 1208.643 1211.475 1214.306 1215.545 1215.282 1215.019 1214.756 1214.493 1212.079 1209.634 1207.189 1204.744 1203.956 1205.14 1206.324 1207.509 1208.693 1212.974 1217.498 1222.021 1226.545 1228.166 1225.409 1222.651 1219.894 1217.136 1213.831 1210.445 1207.058 1203.671 1201.406 1201.313 1201.219 1201.125 1201.032 1201.014 1201.014 1201.014 1201.014
1267.365 1269.682 1271.998 1274.315 1277.004 1281.649 1286.295 1290.941 1295.587 1294.782 1290.783 1286.784 1282.785 1277.779 1263.847 1249.916 1235.984 1222.052 1214.916 1212.856 1210.796 1208.735 1206.936 1210.892 1214.847 1218.802 1222.757 1224.685 1224.698 1224.712 1224.726 1224.739 1221.587 1218.387 1215.188 1211.989 1210.733 1211.791 1212.849 1213.907 1214.965 1219.92 1225.179 1230.438 1235.697 1237.763 1235.012 1232.26 1229.508 1226.756 1222.467 1217.948 1213.429 1208.909 1205.619 1204.71 1203.801 1202.892 1201.983 1201.69 1201.541 1201.392 1201.242
1273.443 1275.457 1277.471 1279.484 1281.786 1285.601 1289.417 1293.234 1297.05 1296.187 1292.581 1288.976 1285.371 1280.702 1266.616 1252.53 1238.444 1224.358 1217.397 1215.757 1214.117 1212.476 1211.13 1216.245 1221.359 1226.474 1231.589 1234.235 1234.552 1234.869 1235.186 1235.502 1231.594 1227.624 1223.653 1219.683 1217.938 1218.841 1219.745 1220.649 1221.552 1227.162 1233.139 1239.116 1245.093 1247.611 1244.907 1242.203 1239.499 1236.795 1231.504 1225.825 1220.146 1214.467 1210.118 1208.342 1206.565 1204.789 1203.013 1202.428 1202.119 1201.81 1201.501
1279.521 1281.232 1282.943 1284.653 1286.567 1289.553 1292.54 1295.526 1298.513 1297.591 1294.379 1291.168 1287.956 1283.625 1269.385 1255.145 1240.905 1226.664 1219.878 1218.658 1217.438 1216.218 1215.323 1221.598 1227.872 1234.146 1240.42 1243.785 1244.405 1245.025 1245.645 1246.265 1241.601 1236.86 1232.118 1227.377 1225.142 1225.891 1226.641 1227.39 1228.14 1234.404 1241.099 1247.794 1254.49 1257.458 1254.802 1252.146 1249.49 1246.833 1240.541 1233.702 1226.864 1220.025 1214.616 1211.973 1209.33 1206.687 1204.044 1203.166 1202.697 1202.229 1201.76
1285.6 1287.007 1288.415 1289.822 1291.349 1293.505 1295.662 1297.819 1299.975 1298.996 1296.177 1293.359 1290.541 1286.548 1272.154 1257.76 1243.365 1228.97 1222.358 1221.558 1220.759 1219.959 1219.517 1226.95 1234.384 1241.818 1249.252 1253.336 1254.259 1255.182 1256.105 1257.028 1251.609 1246.096 1240.583 1235.071 1232.346 1232.942 1233.537 1234.132 1234.727 1241.646 1249.059 1256.472 1263.885 1267.305 1264.696 1262.088 1259.48 1256.872 1249.577 1241.579 1233.581 1225.583 1219.114 1215.604 1212.094 1208.584 1205.074 1203.904 1203.276 1202.648 1202.02
1290.704 1291.77 1292.837 1293.903 1295.045 1296.579 1298.114 1299.648 1301.183 1300.179 1297.688 1295.196 1292.704 1289.024 1274.819 1260.614 1246.408 1232.202 1225.822 1225.286 1224.75 1224.215 1224.063 1232.371 1240.68 1248.988 1257.296 1261.939 1263.122 1264.306 1265.489 1266.672 1261.001 1255.228 1249.456 1243.684 1240.734 1241.143 1241.553 1241.964 1242.374 1249.409 1256.961 1264.514 1272.067 1275.651 1273.245 1270.839 1268.433 1266.027 1258.4 1249.989 1241.578 1233.167 1226.178 1221.94 1217.702 1213.464 1209.227 1207.492 1206.339 1205.186 1204.033
1293.762 1294.409 1295.055 1295.702 1296.46 1297.808 1299.157 1300.505 1301.854 1300.899 1298.593 1296.288 1293.982 1290.562 1277.266 1263.97 1250.674 1237.378 1231.35 1230.75 1230.15 1229.551 1229.35 1237.935 1246.52 1255.104 1263.689 1268.554 1269.907 1271.261 1272.615 1273.968 1269.101 1264.142 1259.183 1254.224 1251.603 1251.763 1251.923 1252.083 1252.243 1258.264 1264.742 1271.22 1277.699 1280.847 1278.967 1277.088 1275.208 1273.329 1266.774 1259.517 1252.26 1245.004 1238.626 1233.953 1229.279 1224.605 1219.931 1217.066 1214.62 1212.175 1209.73
1296.821 1297.047 1297.274 1297.5 1297.875 1299.038 1300.2 1301.362 1302.525 1301.618 1299.499 1297.38 1295.26 1292.099 1279.713 1267.326 1254.94 1242.553 1236.877 1236.214 1235.55 1234.886 1234.637 1243.498 1252.36 1261.221 1270.083 1275.169 1276.692 1278.216 1279.74 1281.264 1277.201 1273.056 1268.911 1264.766 1262.472 1262.382 1262.292 1262.202 1262.112 1267.118 1272.522 1277.927 1283.331 1286.042 1284.689 1283.336 1281.983 1280.63 1275.147 1269.045 1262.942 1256.84 1251.075 1245.965 1240.855 1235.745 1230.635 1226.639 1222.901 1219.164 1215.426
1299.88 1299.686 1299.492 1299.298 1299.291 1300.267 1301.243 1302.22 1303.196 1302.338 1300.405 1298.471 1296.538 1293.637 1282.16 1270.683 1259.205 1247.728 1242.405 1241.677 1240.95 1240.223 1239.924 1249.062 1258.2 1267.338 1276.476 1281.784 1283.478 1285.172 1286.866 1288.559 1285.301 1281.97 1278.638 1275.307 1273.341 1273.001 1272.661 1272.322 1271.982 1275.973 1280.303 1284.633 1288.963 1291.238 1290.411 1289.585 1288.759 1287.932 1283.521 1278.573 1273.625 1268.676 1263.524 1257.978 1252.432 1246.886 1241.34 1236.213 1231.183 1226.153 1221.123
1302.939 1302.325 1301.711 1301.097 1300.707 1301.497 1302.287 1303.077 1303.867 1303.057 1301.31 1299.563 1297.816 1295.175 1284.607 1274.039 1263.471 1252.903 1247.932 1247.141 1246.35 1245.558 1245.211 1254.625 1264.04 1273.454 1282.869 1288.399 1290.263 1292.127 1293.991 1295.855 1293.401 1290.883 1288.365 1285.848 1284.21 1283.62 1283.031 1282.441 1281.851 1284.828 1288.083 1291.339 1294.595 1296.434 1296.134 1295.834 1295.534 1295.234 1291.895 1288.101 1284.307 1280.512 1275.973 1269.991 1264.009 1258.026 1252.045 1245.786 1239.464 1233.141 1226.819
1307.189 1306.099 1305.008 1303.917 1303.063 1303.46 1303.856 1304.252 1304.649 1303.766 1302.133 1300.501 1298.868 1296.46 1287.183 1277.906 1268.629 1259.352 1254.924 1254.118 1253.312 1252.506 1252.108 1260.689 1269.27 1277.851 1286.433 1291.475 1293.177 1294.879 1296.581 1298.283 1296.39 1294.445 1292.499 1290.554 1289.23 1288.647 1288.064 1287.481 1286.898 1289.201 1291.729 1294.258 1296.787 1298.258 1298.134 1298.009 1297.885 1297.76 1295.185 1292.243 1289.301 1286.359 1282.598 1277.252 1271.906 1266.559 1261.213 1254.85 1248.251 1241.652 1235.052
1311.927 1310.337 1308.746 1307.155 1305.805 1305.723 1305.641 1305.558 1305.476 1304.47 1302.922 1301.375 1299.828 1297.643 1289.812 1281.982 1274.151 1266.32 1262.514 1261.714 1260.913 1260.112 1259.663 1266.958 1274.252 1281.546 1288.84 1293.104 1294.508 1295.912 1297.317 1298.721 1297.29 1295.818 1294.346 1292.874 1291.858 1291.387 1290.915 1290.444 1289.973 1291.741 1293.685 1295.629 1297.572 1298.704 1298.612 1298.519 1298.427 1298.334 1296.397 1294.183 1291.97 1289.756 1286.842 1282.57 1278.298 1274.026 1269.754 1263.706 1257.245 1250.784 1244.323
1316.666 1314.575 1312.484 1310.394 1308.547 1307.986 1307.425 1306.864 1306.303 1305.174 1303.712 1302.249 1300.787 1298.825 1292.441 1286.057 1279.673 1273.289 1270.105 1269.309 1268.514 1267.719 1267.219 1273.226 1279.233 1285.24 1291.247 1294.733 1295.839 1296.946 1298.052 1299.159 1298.19 1297.192 1296.193 1295.194 1294.487 1294.127 1293.767 1293.407 1293.047 1294.282 1295.64 1296.999 1298.358 1299.151 1299.09 1299.029 1298.969 1298.908 1297.609 1296.124 1294.639 1293.154 1291.086 1287.888 1284.691 1281.493 1278.296 1272.562 1266.239 1259.916 1253.593
1321.404 1318.813 1316.223 1313.632 1311.289 1310.249 1309.21 1308.17 1307.13 1305.878 1304.501 1303.123 1301.746 1300.008 1295.07 1290.133 1285.196 1280.258 1277.695 1276.905 1276.115 1275.325 1274.775 1279.495 1284.214 1288.934 1293.654 1296.362 1297.171 1297.979 1298.788 1299.597 1299.09 1298.565 1298.039 1297.514 1297.115 1296.867 1296.619 1296.37 1296.122 1296.822 1297.596 1298.369 1299.143 1299.597 1299.568 1299.539 1299.51 1299.482 1298.82 1298.064 1297.308 1296.552 1295.33 1293.207 1291.083 1288.96 1286.837 1281.417 1275.233 1269.048 1262.864
