data/zism_data/00450_04_D.txt
ncols         224
nrows         224
[rows 196 to 223 of 224, columns 0 to 62 of 224]
1124.453 1118.803 1113.154 1107.73 1102.582 1097.434 1092.286 1087.138 1079.774 1072.158 1064.543 1056.928 1049.05 1040.677 1032.304 1023.931 1015.558 1011.906 1009.455 1007.005 1004.555 1004.198 1010.247 1016.295 1022.343 1028.391 1036.748 1046.117 1055.485 1064.854 1074.271 1083.984 1093.695 1103.407 1113.119 1124.335 1136.58 1148.824 1161.069 1173.362 1186.726 1200.089 1213.453 1226.816 1238.511 1248.488 1258.464 1268.442 1278.418 1285.972 1293.376 1300.781 1308.185 1314.524 1319.205 1323.887 1328.568 1333.25 1338.697 1344.289 1349.882 1355.474 1361.135
1119.995 1114.973 1109.951 1105.039 1100.262 1095.484 1090.706 1085.929 1078.66 1071.109 1063.558 1056.007 1048.186 1039.855 1031.525 1023.195 1014.865 1011.286 1008.916 1006.547 1004.177 1003.771 1009.374 1014.977 1020.58 1026.182 1034.087 1043.0 1051.912 1060.824 1069.711 1078.452 1087.193 1095.934 1104.674 1115.493 1127.733 1139.972 1152.211 1164.556 1179.218 1193.879 1208.541 1223.203 1235.731 1246.062 1256.393 1266.724 1277.055 1285.028 1292.856 1300.685 1308.513 1315.381 1320.754 1326.128 1331.501 1336.875 1343.168 1349.635 1356.102 1362.569 1369.045
1115.537 1111.143 1106.749 1102.349 1097.941 1093.534 1089.127 1084.719 1077.545 1070.059 1062.573 1055.086 1047.321 1039.034 1030.747 1022.46 1014.173 1010.667 1008.377 1006.088 1003.799 1003.344 1008.502 1013.659 1018.817 1023.974 1031.426 1039.882 1048.338 1056.795 1065.151 1072.921 1080.69 1088.46 1096.229 1106.651 1118.886 1131.119 1143.353 1155.749 1171.709 1187.669 1203.63 1219.59 1232.951 1243.636 1254.321 1265.006 1275.691 1284.085 1292.337 1300.589 1308.841 1316.238 1322.303 1328.369 1334.435 1340.5 1347.639 1354.98 1362.322 1369.664 1376.955
1119.264 1115.061 1110.857 1106.438 1101.754 1097.07 1092.385 1087.701 1079.876 1071.695 1063.515 1055.335 1047.052 1038.577 1030.102 1021.627 1013.152 1009.787 1007.722 1005.658 1003.593 1003.305 1008.45 1013.595 1018.74 1023.884 1031.262 1039.617 1047.971 1056.326 1064.521 1071.777 1079.033 1086.289 1093.544 1103.265 1114.67 1126.074 1137.478 1149.077 1164.959 1180.841 1196.724 1212.606 1226.01 1236.864 1247.717 1258.571 1269.425 1278.022 1286.479 1294.937 1303.394 1311.177 1317.91 1324.643 1331.376 1338.109 1345.816 1353.706 1361.597 1369.487 1377.332
1125.461 1121.317 1117.173 1112.574 1107.418 1102.262 1097.105 1091.949 1083.246 1074.143 1065.04 1055.937 1046.963 1038.23 1029.498 1020.765 1012.033 1008.829 1007.033 1005.236 1003.44 1003.383 1008.646 1013.909 1019.172 1024.434 1031.852 1040.212 1048.571 1056.932 1065.077 1071.957 1078.838 1085.718 1092.598 1101.526 1111.852 1122.177 1132.503 1143.049 1158.438 1173.826 1189.215 1204.603 1217.813 1228.779 1239.745 1250.712 1261.678 1270.413 1279.01 1287.607 1296.204 1304.33 1311.723 1319.116 1326.509 1333.902 1342.093 1350.434 1358.775 1367.116 1375.435
1131.659 1127.574 1123.489 1118.711 1113.082 1107.453 1101.825 1096.197 1086.617 1076.591 1066.565 1056.539 1046.873 1037.883 1028.893 1019.903 1010.913 1007.871 1006.343 1004.815 1003.287 1003.461 1008.842 1014.223 1019.604 1024.984 1032.441 1040.807 1049.172 1057.537 1065.633 1072.138 1078.642 1085.147 1091.652 1099.786 1109.034 1118.281 1127.528 1137.021 1151.916 1166.811 1181.706 1196.601 1209.616 1220.695 1231.774 1242.853 1253.932 1262.804 1271.541 1280.278 1289.014 1297.483 1305.536 1313.589 1321.642 1329.695 1338.369 1347.161 1355.953 1364.745 1373.538
1137.857 1133.831 1129.805 1124.847 1118.746 1112.645 1106.545 1100.444 1089.987 1079.038 1068.09 1057.141 1046.784 1037.536 1028.288 1019.041 1009.793 1006.913 1005.653 1004.393 1003.133 1003.539 1009.038 1014.537 1020.036 1025.535 1033.031 1041.402 1049.772 1058.143 1066.189 1072.318 1078.447 1084.577 1090.706 1098.047 1106.216 1114.385 1122.554 1130.993 1145.395 1159.796 1174.198 1188.599 1201.419 1212.61 1223.802 1234.994 1246.185 1255.196 1264.072 1272.948 1281.824 1290.636 1299.349 1308.062 1316.775 1325.488 1334.646 1343.889 1353.132 1362.374 1371.641
1144.032 1139.895 1135.758 1130.525 1123.948 1117.372 1110.796 1104.22 1092.972 1081.197 1069.422 1057.647 1046.673 1037.199 1027.726 1018.252 1008.779 1006.056 1005.051 1004.047 1003.043 1003.694 1009.412 1015.129 1020.846 1026.564 1034.205 1042.688 1051.172 1059.655 1067.786 1073.84 1079.893 1085.947 1092.0 1098.935 1106.472 1114.009 1121.547 1129.347 1142.945 1156.542 1170.139 1183.737 1195.944 1206.72 1217.496 1228.272 1239.048 1247.954 1256.744 1265.535 1274.325 1283.303 1292.572 1301.841 1311.11 1320.379 1329.986 1339.657 1349.329 1359.0 1368.72
1150.128 1145.267 1140.405 1134.554 1127.489 1120.425 1113.36 1106.296 1094.57 1082.317 1070.065 1057.812 1046.487 1036.901 1027.315 1017.728 1008.142 1005.563 1004.768 1003.973 1003.178 1004.13 1010.427 1016.724 1023.021 1029.317 1037.482 1046.464 1055.447 1064.429 1073.132 1080.189 1087.245 1094.302 1101.359 1109.281 1117.795 1126.308 1134.822 1143.473 1155.15 1166.827 1178.503 1190.18 1200.271 1208.729 1217.187 1225.646 1234.104 1242.031 1249.926 1257.82 1265.714 1274.219 1283.67 1293.121 1302.573 1312.024 1321.954 1331.974 1341.994 1352.013 1362.112
1156.224 1150.638 1145.052 1138.583 1131.03 1123.477 1115.924 1108.372 1096.167 1083.437 1070.707 1057.977 1046.302 1036.603 1026.904 1017.205 1007.506 1005.071 1004.485 1003.899 1003.313 1004.566 1011.442 1018.318 1025.195 1032.071 1040.759 1050.24 1059.721 1069.203 1078.478 1086.538 1094.598 1102.658 1110.718 1119.628 1129.118 1138.608 1148.098 1157.6 1167.356 1177.111 1186.867 1196.623 1204.598 1210.738 1216.879 1223.019 1229.16 1236.109 1243.107 1250.106 1257.104 1265.134 1274.768 1284.402 1294.036 1303.669 1313.921 1324.29 1334.658 1345.027 1355.504
1162.32 1156.01 1149.699 1142.612 1134.57 1126.53 1118.489 1110.448 1097.765 1084.557 1071.35 1058.142 1046.116 1036.304 1026.493 1016.681 1006.869 1004.578 1004.202 1003.825 1003.449 1005.002 1012.457 1019.913 1027.369 1034.824 1044.036 1054.016 1063.996 1073.977 1083.824 1092.887 1101.95 1111.014 1120.077 1129.974 1140.441 1150.907 1161.374 1171.726 1179.562 1187.396 1195.232 1203.066 1208.924 1212.747 1216.57 1220.393 1224.216 1230.186 1236.289 1242.391 1248.494 1256.049 1265.866 1275.682 1285.498 1295.315 1305.889 1316.606 1327.323 1338.041 1348.896
1168.416 1161.381 1154.346 1146.641 1138.111 1129.582 1121.053 1112.524 1099.362 1085.677 1071.992 1058.307 1045.93 1036.006 1026.082 1016.157 1006.233 1004.086 1003.919 1003.751 1003.584 1005.437 1013.473 1021.508 1029.543 1037.578 1047.313 1057.792 1068.271 1078.751 1089.17 1099.237 1109.303 1119.37 1129.436 1140.32 1151.764 1163.207 1174.65 1185.853 1191.767 1197.681 1203.596 1209.51 1213.251 1214.756 1216.262 1217.767 1219.272 1224.264 1229.47 1234.677 1239.883 1246.965 1256.964 1266.962 1276.961 1286.96 1297.856 1308.922 1319.988 1331.054 1342.288
1170.954 1163.199 1155.443 1147.087 1137.995 1128.902 1119.809 1110.717 1097.5 1083.817 1070.134 1056.45 1044.189 1034.591 1024.995 1015.397 1005.8 1003.813 1003.761 1003.71 1003.659 1005.7 1014.139 1022.578 1031.018 1039.457 1049.966 1061.38 1072.795 1084.21 1095.533 1106.321 1117.108 1127.895 1138.682 1150.239 1162.323 1174.406 1186.49 1198.304 1204.19 1210.075 1215.961 1221.846 1225.129 1225.733 1226.337 1226.941 1227.544 1230.909 1234.443 1237.977 1241.511 1247.073 1255.787 1264.502 1273.217 1281.931 1292.02 1302.369 1312.718 1323.067 1333.791
1171.714 1163.239 1154.765 1145.743 1136.049 1126.356 1116.662 1106.969 1093.908 1080.466 1067.025 1053.583 1041.669 1032.619 1023.569 1014.519 1005.47 1003.648 1003.667 1003.685 1003.704 1005.875 1014.631 1023.387 1032.143 1040.899 1052.306 1064.875 1077.443 1090.011 1102.405 1113.772 1125.138 1136.505 1147.872 1159.945 1172.5 1185.056 1197.612 1209.917 1216.72 1223.523 1230.327 1237.129 1240.783 1241.193 1241.604 1242.014 1242.425 1243.837 1245.311 1246.785 1248.259 1251.777 1258.474 1265.171 1271.869 1278.566 1287.282 1296.381 1305.48 1314.579 1324.35
1172.473 1163.28 1154.086 1144.399 1134.104 1123.81 1113.515 1103.221 1090.316 1077.115 1063.915 1050.715 1039.149 1030.646 1022.144 1013.641 1005.139 1003.484 1003.573 1003.661 1003.749 1006.051 1015.123 1024.196 1033.268 1042.341 1054.647 1068.369 1082.091 1095.813 1109.277 1121.223 1133.169 1145.115 1157.061 1169.65 1182.678 1195.706 1208.734 1221.531 1229.251 1236.972 1244.692 1252.413 1256.436 1256.653 1256.871 1257.088 1257.306 1256.766 1256.18 1255.593 1255.007 1256.481 1261.161 1265.841 1270.521 1275.201 1282.544 1290.393 1298.242 1306.09 1314.908
1173.233 1163.321 1153.408 1143.054 1132.159 1121.264 1110.368 1099.473 1086.724 1073.765 1060.806 1047.847 1036.629 1028.674 1020.719 1012.763 1004.808 1003.32 1003.478 1003.636 1003.794 1006.227 1015.616 1025.005 1034.394 1043.783 1056.988 1071.863 1086.739 1101.614 1116.149 1128.674 1141.2 1153.726 1166.251 1179.355 1192.856 1206.355 1219.855 1233.144 1241.782 1250.42 1259.058 1267.696 1272.089 1272.114 1272.138 1272.162 1272.187 1269.695 1267.048 1264.401 1261.754 1261.185 1263.848 1266.51 1269.173 1271.835 1277.806 1284.405 1291.004 1297.602 1305.467
1173.464 1162.905 1152.345 1141.388 1129.943 1118.499 1107.054 1095.61 1082.993 1070.244 1057.495 1044.745 1033.871 1026.509 1019.148 1011.787 1004.425 1003.119 1003.354 1003.588 1003.823 1006.385 1016.065 1025.745 1035.425 1045.105 1059.133 1075.064 1090.994 1106.925 1122.434 1135.457 1148.48 1161.503 1174.526 1188.084 1202.009 1215.934 1229.859 1243.596 1253.216 1262.836 1272.455 1282.075 1287.006 1287.11 1287.214 1287.318 1287.422 1283.269 1278.854 1274.438 1270.023 1267.578 1268.198 1268.819 1269.439 1270.059 1274.614 1279.914 1285.215 1290.516 1297.378
1169.671 1159.01 1148.348 1137.265 1125.665 1114.065 1102.464 1090.864 1078.203 1065.422 1052.64 1039.859 1029.293 1022.882 1016.47 1010.058 1003.647 1002.636 1002.999 1003.362 1003.726 1006.408 1016.185 1025.962 1035.739 1045.515 1059.785 1076.022 1092.258 1108.495 1124.246 1137.141 1150.035 1162.929 1175.823 1189.368 1203.357 1217.346 1231.336 1245.199 1256.288 1267.378 1278.468 1289.557 1296.299 1298.566 1300.832 1303.099 1305.365 1301.767 1297.807 1293.848 1289.889 1286.848 1285.236 1283.625 1282.013 1280.401 1283.202 1286.839 1290.477 1294.114 1299.594
1165.878 1155.115 1144.351 1133.142 1121.386 1109.63 1097.875 1086.119 1073.413 1060.599 1047.786 1034.972 1024.716 1019.254 1013.792 1008.33 1002.868 1002.152 1002.644 1003.137 1003.629 1006.432 1016.306 1026.179 1036.052 1045.925 1060.437 1076.98 1093.522 1110.064 1126.059 1138.825 1151.59 1164.355 1177.121 1190.651 1204.705 1218.758 1232.812 1246.801 1259.361 1271.92 1284.48 1297.04 1305.593 1310.022 1314.45 1318.879 1323.308 1320.264 1316.761 1313.258 1309.755 1306.118 1302.275 1298.431 1294.587 1290.743 1291.79 1293.764 1295.738 1297.713 1301.811
1162.085 1151.22 1140.354 1129.019 1117.107 1105.196 1093.285 1081.374 1068.623 1055.777 1042.931 1030.085 1020.139 1015.626 1011.114 1006.602 1002.09 1001.669 1002.29 1002.911 1003.532 1006.456 1016.426 1026.396 1036.365 1046.335 1061.089 1077.938 1094.786 1111.634 1127.871 1140.508 1153.145 1165.782 1178.418 1191.935 1206.053 1220.171 1234.289 1248.403 1262.433 1276.463 1290.493 1304.523 1314.887 1321.478 1328.069 1334.66 1341.25 1338.762 1335.715 1332.668 1329.621 1325.389 1319.313 1313.237 1307.161 1301.085 1300.378 1300.689 1301.0 1301.311 1304.028
1158.292 1147.325 1136.357 1124.896 1112.829 1100.762 1088.695 1076.628 1063.833 1050.955 1038.077 1025.199 1015.561 1011.999 1008.436 1004.873 1001.311 1001.186 1001.935 1002.685 1003.435 1006.48 1016.546 1026.613 1036.679 1046.745 1061.742 1078.896 1096.049 1113.204 1129.684 1142.192 1154.7 1167.208 1179.716 1193.218 1207.401 1221.583 1235.766 1250.005 1265.505 1281.005 1296.506 1312.006 1324.181 1332.934 1341.687 1350.44 1359.193 1357.26 1354.669 1352.078 1349.487 1344.659 1336.351 1328.043 1319.735 1311.427 1308.966 1307.614 1306.262 1304.909 1306.245
1159.402 1148.569 1137.736 1126.125 1113.56 1100.995 1088.429 1075.865 1062.717 1049.504 1036.29 1023.077 1013.377 1010.263 1007.15 1004.037 1000.924 1000.941 1001.756 1002.571 1003.386 1006.49 1016.599 1026.707 1036.815 1046.924 1062.025 1079.313 1096.599 1113.886 1130.472 1142.924 1155.376 1167.828 1180.28 1193.766 1207.958 1222.15 1236.342 1250.625 1266.917 1283.207 1299.499 1315.789 1329.056 1339.21 1349.364 1359.518 1369.672 1369.204 1368.082 1366.96 1365.838 1361.64 1352.659 1343.678 1334.697 1325.716 1322.106 1319.515 1316.924 1314.334 1314.728
1164.283 1153.767 1143.251 1131.472 1118.145 1104.818 1091.49 1078.164 1064.428 1050.646 1036.864 1023.081 1013.033 1009.984 1006.935 1003.886 1000.837 1000.881 1001.712 1002.543 1003.374 1006.49 1016.599 1026.707 1036.815 1046.924 1062.025 1079.313 1096.599 1113.886 1130.472 1142.924 1155.376 1167.828 1180.28 1193.746 1207.907 1222.066 1236.227 1250.49 1267.05 1283.609 1300.168 1316.727 1330.533 1341.502 1352.471 1363.441 1374.41 1376.107 1377.233 1378.359 1379.485 1376.862 1368.406 1359.951 1351.496 1343.04 1338.748 1335.245 1331.742 1328.239 1328.032
1169.165 1158.965 1148.765 1136.818 1122.729 1108.641 1094.552 1080.463 1066.139 1051.788 1037.437 1023.086 1012.689 1009.704 1006.72 1003.735 1000.751 1000.821 1001.668 1002.514 1003.361 1006.49 1016.599 1026.707 1036.815 1046.924 1062.025 1079.313 1096.599 1113.886 1130.472 1142.924 1155.376 1167.828 1180.28 1193.727 1207.855 1221.983 1236.111 1250.356 1267.183 1284.011 1300.839 1317.666 1332.009 1343.794 1355.578 1367.364 1379.148 1383.01 1386.384 1389.758 1393.132 1392.083 1384.153 1376.224 1368.294 1360.365 1355.389 1350.974 1346.559 1342.144 1341.337
1174.046 1164.163 1154.28 1142.165 1127.314 1112.464 1097.612 1082.762 1067.85 1052.93 1038.011 1023.091 1012.345 1009.425 1006.505 1003.585 1000.665 1000.76 1001.623 1002.486 1003.349 1006.49 1016.599 1026.707 1036.815 1046.924 1062.025 1079.313 1096.599 1113.886 1130.472 1142.924 1155.376 1167.828 1180.28 1193.708 1207.804 1221.899 1235.995 1250.221 1267.317 1284.412 1301.508 1318.604 1333.485 1346.085 1358.685 1371.286 1383.886 1389.913 1395.535 1401.157 1406.779 1407.304 1399.901 1392.497 1385.093 1377.689 1372.031 1366.704 1361.377 1356.05 1354.641
1178.946 1169.383 1159.82 1147.544 1131.942 1116.34 1100.738 1085.136 1069.627 1054.129 1038.631 1023.133 1012.03 1009.167 1006.304 1003.441 1000.578 1000.698 1001.577 1002.456 1003.335 1006.488 1016.597 1026.706 1036.815 1046.923 1062.025 1079.313 1096.599 1113.886 1130.472 1142.924 1155.376 1167.828 1180.28 1193.688 1207.749 1221.809 1235.87 1250.074 1267.42 1284.765 1302.112 1319.457 1334.862 1348.268 1361.674 1375.081 1388.487 1396.673 1404.537 1412.402 1420.266 1422.375 1415.53 1408.685 1401.84 1394.995 1388.667 1382.438 1376.208 1369.979 1367.974
1185.117 1176.112 1167.106 1155.123 1139.488 1123.854 1108.22 1092.586 1075.951 1059.203 1042.455 1025.706 1013.636 1010.339 1007.041 1003.744 1000.446 1000.491 1001.386 1002.281 1003.176 1006.35 1016.491 1026.632 1036.773 1046.914 1062.025 1079.313 1096.599 1113.886 1130.472 1142.924 1155.376 1167.828 1180.28 1193.563 1207.415 1221.266 1235.118 1249.079 1265.443 1281.807 1298.171 1314.535 1329.513 1343.064 1356.615 1370.166 1383.717 1393.67 1403.402 1413.134 1422.866 1427.207 1423.163 1419.118 1415.074 1411.03 1404.946 1398.475 1392.004 1385.533 1383.268
1191.287 1182.84 1174.392 1162.702 1147.035 1131.369 1115.703 1100.036 1082.275 1064.276 1046.278 1028.279 1015.243 1011.511 1007.779 1004.047 1000.315 1000.284 1001.195 1002.106 1003.018 1006.211 1016.384 1026.557 1036.731 1046.904 1062.025 1079.313 1096.599 1113.886 1130.472 1142.924 1155.376 1167.828 1180.28 1193.439 1207.081 1220.724 1234.366 1248.084 1263.466 1278.848 1294.23 1309.612 1324.164 1337.86 1351.555 1365.252 1378.947 1390.668 1402.267 1413.866 1425.465 1432.039 1430.795 1429.552 1428.308 1427.064 1421.224 1414.511 1407.799 1401.087 1398.562
