data/zism_data/00451_03_D.txt
ncols         224
nrows         224
[rows 56 to 83 of 224, columns 0 to 62 of 224]
1166.807 1164.499 1162.19 1155.311 1143.795 1132.279 1120.764 1109.248 1095.135 1080.946 1066.756 1052.566 1040.726 1031.804 1022.882 1013.96 1005.038 1003.45 1002.493 1001.536 1000.578 1000.069 1000.242 1000.416 1000.59 1000.763 1002.981 1005.502 1008.023 1010.544 1015.254 1024.117 1032.979 1041.842 1050.704 1065.271 1081.089 1096.907 1112.725 1127.359 1139.158 1150.958 1162.758 1174.558 1179.971 1183.473 1186.975 1190.478 1192.851 1191.734 1190.617 1189.5 1188.384 1186.211 1183.627 1181.042 1178.458 1175.755 1172.56 1169.366 1166.172 1162.977 1161.339
1145.106 1143.931 1142.757 1137.172 1127.112 1117.053 1106.993 1096.934 1083.803 1070.581 1057.359 1044.137 1033.478 1026.002 1018.526 1011.05 1003.574 1002.376 1001.717 1001.057 1000.398 1000.093 1000.329 1000.564 1000.8 1001.036 1003.88 1007.113 1010.346 1013.579 1019.445 1030.304 1041.163 1052.022 1062.881 1079.047 1096.377 1113.707 1131.037 1146.19 1156.14 1166.089 1176.038 1185.987 1189.779 1191.73 1193.681 1195.632 1196.539 1194.221 1191.903 1189.585 1187.267 1184.124 1180.659 1177.194 1173.729 1170.191 1166.347 1162.503 1158.658 1154.814 1152.934
1127.46 1126.427 1125.393 1120.427 1111.472 1102.516 1093.561 1084.606 1072.758 1060.824 1048.891 1036.957 1027.591 1021.414 1015.237 1009.061 1002.884 1001.908 1001.378 1000.849 1000.32 1000.292 1001.031 1001.77 1002.509 1003.248 1008.118 1013.603 1019.088 1024.572 1032.283 1044.214 1056.145 1068.075 1080.006 1094.825 1110.276 1125.728 1141.179 1154.307 1161.88 1169.453 1177.026 1184.599 1186.84 1187.486 1188.133 1188.78 1188.41 1184.901 1181.392 1177.883 1174.374 1170.831 1167.274 1163.717 1160.16 1156.455 1152.135 1147.814 1143.494 1139.173 1136.559
1109.815 1108.922 1108.029 1103.682 1095.831 1087.98 1080.129 1072.278 1061.713 1051.067 1040.422 1029.777 1021.704 1016.826 1011.948 1007.071 1002.193 1001.439 1001.04 1000.641 1000.241 1000.492 1001.734 1002.976 1004.219 1005.461 1012.357 1020.093 1027.829 1035.566 1045.121 1058.123 1071.126 1084.129 1097.131 1110.602 1124.175 1137.748 1151.322 1162.424 1167.621 1172.818 1178.014 1183.211 1183.901 1183.243 1182.585 1181.927 1180.28 1175.58 1170.881 1166.181 1161.481 1157.537 1153.889 1150.24 1146.591 1142.719 1137.922 1133.125 1128.329 1123.532 1120.185
1092.17 1091.417 1090.665 1086.937 1080.19 1073.443 1066.696 1059.95 1050.668 1041.311 1031.953 1022.596 1015.817 1012.238 1008.66 1005.081 1001.503 1000.971 1000.702 1000.432 1000.163 1000.691 1002.437 1004.182 1005.928 1007.674 1016.595 1026.583 1036.571 1046.559 1057.959 1072.033 1086.107 1100.182 1114.256 1126.379 1138.074 1149.769 1161.464 1170.541 1173.362 1176.182 1179.002 1181.823 1180.961 1178.999 1177.036 1175.074 1172.151 1166.26 1160.369 1154.479 1148.588 1144.244 1140.503 1136.762 1133.022 1128.983 1123.71 1118.437 1113.164 1107.891 1103.81
1074.524 1073.912 1073.301 1070.192 1064.549 1058.907 1053.264 1047.622 1039.623 1031.554 1023.485 1015.416 1009.93 1007.65 1005.371 1003.091 1000.812 1000.503 1000.363 1000.224 1000.084 1000.89 1003.139 1005.388 1007.638 1009.887 1020.833 1033.073 1045.313 1057.553 1070.797 1085.943 1101.089 1116.235 1131.381 1142.156 1151.973 1161.789 1171.606 1178.658 1179.102 1179.546 1179.99 1180.434 1178.022 1174.755 1171.488 1168.221 1164.021 1156.94 1149.858 1142.777 1135.695 1130.951 1127.118 1123.285 1119.452 1115.247 1109.498 1103.748 1097.999 1092.249 1087.435
1059.32 1058.838 1058.357 1055.825 1051.215 1046.605 1041.994 1037.384 1030.723 1024.001 1017.279 1010.557 1006.189 1004.745 1003.3 1001.856 1000.411 1000.237 1000.171 1000.105 1000.04 1001.095 1003.864 1006.633 1009.401 1012.17 1024.791 1038.877 1052.963 1067.05 1081.439 1096.403 1111.368 1126.332 1141.296 1149.844 1156.985 1164.126 1171.267 1175.791 1174.062 1172.332 1170.603 1168.873 1165.552 1161.754 1157.956 1154.158 1149.491 1142.139 1134.786 1127.434 1120.082 1115.395 1111.748 1108.1 1104.453 1100.415 1094.757 1089.099 1083.442 1077.784 1072.78
1046.628 1046.265 1045.903 1043.907 1040.255 1036.603 1032.95 1029.298 1024.031 1018.717 1013.402 1008.088 1004.659 1003.571 1002.484 1001.397 1000.31 1000.178 1000.129 1000.079 1000.03 1001.307 1004.612 1007.916 1011.221 1014.525 1028.459 1043.975 1059.49 1075.005 1089.822 1103.314 1116.806 1130.298 1143.79 1149.205 1152.85 1156.494 1160.138 1161.618 1157.923 1154.229 1150.535 1146.84 1143.271 1139.738 1136.205 1132.672 1128.371 1121.696 1115.02 1108.345 1101.669 1097.511 1094.334 1091.158 1087.981 1084.454 1079.473 1074.492 1069.511 1064.53 1059.894
1033.936 1033.692 1033.449 1031.989 1029.295 1026.6 1023.906 1021.212 1017.339 1013.432 1009.525 1005.618 1003.128 1002.398 1001.668 1000.938 1000.208 1000.12 1000.086 1000.053 1000.02 1001.52 1005.36 1009.2 1013.04 1016.881 1032.128 1049.073 1066.017 1082.961 1098.205 1110.225 1122.245 1134.264 1146.284 1148.567 1148.714 1148.862 1149.01 1147.444 1141.785 1136.126 1130.467 1124.807 1120.989 1117.722 1114.454 1111.187 1107.252 1101.253 1095.254 1089.255 1083.256 1079.626 1076.921 1074.215 1071.509 1068.493 1064.189 1059.884 1055.58 1051.275 1047.008
1021.244 1021.12 1020.995 1020.071 1018.335 1016.598 1014.862 1013.126 1010.648 1008.148 1005.648 1003.148 1001.597 1001.224 1000.852 1000.479 1000.106 1000.061 1000.044 1000.027 1000.01 1001.732 1006.108 1010.484 1014.86 1019.236 1035.797 1054.17 1072.544 1090.917 1106.588 1117.135 1127.683 1138.23 1148.778 1147.928 1144.579 1141.23 1137.881 1133.271 1125.647 1118.023 1110.399 1102.775 1098.708 1095.706 1092.704 1089.702 1086.132 1080.81 1075.487 1070.165 1064.843 1061.742 1059.507 1057.272 1055.038 1052.532 1048.904 1045.276 1041.649 1038.021 1034.122
1008.552 1008.547 1008.542 1008.153 1007.375 1006.596 1005.818 1005.04 1003.956 1002.864 1001.771 1000.679 1000.067 1000.051 1000.036 1000.02 1000.004 1000.003 1000.002 1000.001 1000.0 1001.944 1006.856 1011.768 1016.68 1021.592 1039.466 1059.268 1079.07 1098.873 1114.97 1124.046 1133.121 1142.196 1151.272 1147.289 1140.444 1133.598 1126.752 1119.097 1109.509 1099.92 1090.331 1080.742 1076.428 1073.691 1070.954 1068.217 1065.013 1060.367 1055.722 1051.076 1046.43 1043.858 1042.094 1040.33 1038.566 1036.572 1033.62 1030.669 1027.718 1024.766 1021.237
1006.313 1006.313 1006.313 1006.025 1005.443 1004.862 1004.281 1003.7 1002.892 1002.079 1001.265 1000.451 1000.0 1000.0 1000.0 1000.0 1000.0 1000.086 1000.179 1000.272 1000.365 1002.627 1008.199 1013.771 1019.343 1024.915 1041.879 1060.537 1079.195 1097.853 1112.239 1118.527 1124.815 1131.103 1137.391 1131.725 1123.438 1115.151 1106.864 1098.453 1089.747 1081.041 1072.335 1063.629 1059.897 1057.653 1055.409 1053.166 1050.579 1046.937 1043.294 1039.651 1036.008 1033.996 1032.62 1031.245 1029.869 1028.312 1026.007 1023.701 1021.395 1019.089 1016.317
1004.55 1004.55 1004.55 1004.342 1003.923 1003.504 1003.085 1002.666 1002.084 1001.498 1000.911 1000.325 1000.0 1000.0 1000.0 1000.0 1000.0 1000.176 1000.366 1000.557 1000.747 1003.331 1009.569 1015.807 1022.045 1028.283 1044.234 1061.631 1079.028 1096.425 1109.002 1112.443 1115.884 1119.325 1122.766 1115.482 1105.847 1096.213 1086.578 1077.515 1069.821 1062.127 1054.433 1046.74 1043.629 1041.888 1040.147 1038.407 1036.45 1033.825 1031.199 1028.574 1025.949 1024.499 1023.508 1022.516 1021.525 1020.403 1018.742 1017.08 1015.418 1013.757 1011.759
1002.786 1002.786 1002.786 1002.659 1002.402 1002.146 1001.889 1001.633 1001.276 1000.917 1000.558 1000.199 1000.0 1000.0 1000.0 1000.0 1000.0 1000.265 1000.553 1000.841 1001.129 1004.035 1010.939 1017.843 1024.746 1031.65 1046.59 1062.726 1078.861 1094.997 1105.766 1106.359 1106.953 1107.547 1108.14 1099.239 1088.257 1077.274 1066.291 1056.577 1049.895 1043.214 1036.532 1029.85 1027.36 1026.123 1024.885 1023.648 1022.32 1020.713 1019.105 1017.498 1015.89 1015.002 1014.395 1013.788 1013.181 1012.494 1011.477 1010.459 1009.442 1008.424 1007.2
1001.022 1001.022 1001.022 1000.976 1000.882 1000.787 1000.693 1000.599 1000.468 1000.337 1000.205 1000.073 1000.0 1000.0 1000.0 1000.0 1000.0 1000.355 1000.74 1001.126 1001.511 1004.739 1012.309 1019.879 1027.448 1035.018 1048.946 1063.82 1078.695 1093.569 1102.529 1100.275 1098.022 1095.768 1093.515 1082.997 1070.666 1058.335 1046.005 1035.639 1029.969 1024.3 1018.63 1012.961 1011.091 1010.357 1009.623 1008.89 1008.191 1007.601 1007.011 1006.421 1005.831 1005.505 1005.283 1005.06 1004.837 1004.585 1004.212 1003.838 1003.465 1003.091 1002.642
1000.0 1000.0 1000.0 1000.0 1000.0 1000.0 1000.0 1000.0 1000.04 1000.081 1000.122 1000.163 1000.277 1000.481 1000.686 1000.891 1001.096 1002.21 1003.403 1004.596 1005.788 1009.789 1018.079 1026.369 1034.659 1042.949 1055.193 1068.026 1080.859 1093.692 1100.454 1095.708 1090.963 1086.217 1081.471 1070.135 1057.352 1044.57 1031.788 1021.41 1016.778 1012.146 1007.513 1002.881 1001.506 1001.105 1000.704 1000.303 1000.0 1000.0 1000.0 1000.0 1000.0 1000.0 1000.0 1000.0 1000.0 1000.0 1000.0 1000.0 1000.0 1000.0 1000.0
1000.0 1000.0 1000.0 1000.0 1000.0 1000.0 1000.0 1000.0 1000.134 1000.273 1000.411 1000.55 1000.935 1001.627 1002.319 1003.011 1003.703 1006.5 1009.479 1012.458 1015.437 1020.833 1029.918 1039.004 1048.089 1057.175 1066.809 1076.523 1086.238 1095.953 1099.983 1093.234 1086.486 1079.737 1072.989 1061.936 1049.939 1037.941 1025.944 1016.435 1012.875 1009.314 1005.754 1002.193 1001.14 1000.836 1000.533 1000.229 1000.0 1000.0 1000.0 1000.0 1000.0 1000.0 1000.0 1000.0 1000.0 1000.0 1000.0 1000.0 1000.0 1000.0 1000.0
1000.0 1000.0 1000.0 1000.0 1000.0 1000.0 1000.0 1000.0 1000.229 1000.465 1000.701 1000.936 1001.593 1002.772 1003.951 1005.13 1006.31 1010.791 1015.556 1020.321 1025.086 1031.876 1041.757 1051.639 1061.52 1071.401 1078.424 1085.021 1091.618 1098.215 1099.512 1090.76 1082.009 1073.258 1064.507 1053.737 1042.525 1031.312 1020.1 1011.461 1008.972 1006.483 1003.995 1001.506 1000.774 1000.568 1000.362 1000.156 1000.0 1000.0 1000.0 1000.0 1000.0 1000.0 1000.0 1000.0 1000.0 1000.0 1000.0 1000.0 1000.0 1000.0 1000.0
1000.0 1000.0 1000.0 1000.0 1000.0 1000.0 1000.0 1000.0 1000.324 1000.657 1000.99 1001.323 1002.251 1003.918 1005.584 1007.25 1008.916 1015.081 1021.633 1028.184 1034.735 1042.919 1053.596 1064.273 1074.951 1085.628 1090.039 1093.518 1096.997 1100.476 1099.04 1088.286 1077.532 1066.778 1056.024 1045.538 1035.111 1024.683 1014.256 1006.486 1005.069 1003.652 1002.235 1000.818 1000.408 1000.3 1000.191 1000.082 1000.0 1000.0 1000.0 1000.0 1000.0 1000.0 1000.0 1000.0 1000.0 1000.0 1000.0 1000.0 1000.0 1000.0 1000.0
1000.0 1000.0 1000.0 1000.0 1000.0 1000.0 1000.0 1000.0 1000.418 1000.849 1001.28 1001.71 1002.909 1005.063 1007.216 1009.37 1011.523 1019.372 1027.709 1036.047 1044.385 1053.963 1065.435 1076.908 1088.381 1099.854 1101.654 1102.015 1102.376 1102.738 1098.569 1085.812 1073.056 1060.299 1047.542 1037.339 1027.697 1018.054 1008.412 1001.512 1001.166 1000.821 1000.476 1000.131 1000.042 1000.031 1000.02 1000.009 1000.0 1000.0 1000.0 1000.0 1000.0 1000.0 1000.0 1000.0 1000.0 1000.0 1000.0 1000.0 1000.0 1000.0 1000.0
1000.058 1000.087 1000.115 1000.351 1000.796 1001.241 1001.686 1002.131 1003.298 1004.486 1005.675 1006.863 1009.116 1012.69 1016.263 1019.837 1023.411 1033.104 1043.324 1053.543 1063.763 1074.221 1085.045 1095.868 1106.692 1117.515 1116.263 1113.214 1110.166 1107.117 1100.114 1085.613 1071.112 1056.611 1042.11 1032.489 1023.937 1015.386 1006.834 1000.753 1000.575 1000.397 1000.219 1000.041 1000.0 1000.0 1000.0 1000.0 1000.0 1000.0 1000.0 1000.0 1000.0 1000.145 1000.346 1000.547 1000.747 1000.923 1000.995 1001.067 1001.139 1001.211 1001.215
1000.124 1000.185 1000.246 1000.748 1001.696 1002.644 1003.593 1004.541 1006.543 1008.576 1010.609 1012.642 1016.05 1021.166 1026.283 1031.399 1036.515 1048.076 1060.19 1072.304 1084.417 1095.689 1105.673 1115.658 1125.642 1135.627 1131.264 1124.768 1118.271 1111.775 1101.924 1085.712 1069.501 1053.289 1037.078 1028.077 1020.657 1013.236 1005.816 1000.547 1000.417 1000.288 1000.159 1000.03 1000.0 1000.0 1000.0 1000.0 1000.0 1000.0 1000.0 1000.0 1000.0 1000.308 1000.736 1001.165 1001.593 1001.968 1002.121 1002.274 1002.427 1002.58 1002.589
1000.189 1000.283 1000.377 1001.144 1002.596 1004.048 1005.5 1006.951 1009.788 1012.665 1015.542 1018.42 1022.984 1029.643 1036.302 1042.961 1049.62 1063.047 1077.055 1091.064 1105.072 1117.156 1126.302 1135.447 1144.593 1153.738 1146.266 1136.321 1126.377 1116.432 1103.733 1085.811 1067.89 1049.968 1032.046 1023.665 1017.376 1011.087 1004.798 1000.34 1000.26 1000.18 1000.099 1000.019 1000.0 1000.0 1000.0 1000.0 1000.0 1000.0 1000.0 1000.0 1000.0 1000.472 1001.127 1001.783 1002.439 1003.012 1003.246 1003.481 1003.715 1003.949 1003.964
1000.255 1000.381 1000.507 1001.541 1003.496 1005.452 1007.407 1009.362 1013.033 1016.754 1020.476 1024.198 1029.918 1038.12 1046.321 1054.523 1062.725 1078.018 1093.921 1109.824 1125.726 1138.623 1146.93 1155.236 1163.543 1171.849 1161.267 1147.875 1134.482 1121.09 1105.543 1085.911 1066.278 1046.646 1027.014 1019.253 1014.095 1008.938 1003.78 1000.134 1000.103 1000.071 1000.039 1000.007 1000.0 1000.0 1000.0 1000.0 1000.0 1000.0 1000.0 1000.0 1000.0 1000.635 1001.518 1002.401 1003.284 1004.057 1004.372 1004.688 1005.003 1005.318 1005.338
1000.697 1001.042 1001.387 1002.933 1005.696 1008.46 1011.223 1013.987 1018.457 1022.978 1027.499 1032.02 1038.916 1048.762 1058.608 1068.454 1078.3 1094.681 1111.624 1128.566 1145.509 1158.513 1165.502 1172.491 1179.481 1186.47 1173.427 1157.404 1141.38 1125.357 1107.608 1086.588 1065.567 1044.546 1023.526 1016.167 1011.803 1007.44 1003.076 1000.0 1000.0 1000.0 1000.0 1000.0 1000.013 1000.03 1000.047 1000.064 1000.122 1000.309 1000.495 1000.681 1000.868 1002.101 1003.742 1005.383 1007.024 1008.45 1008.982 1009.514 1010.047 1010.579 1010.505
1001.846 1002.76 1003.673 1006.19 1010.334 1014.478 1018.621 1022.765 1027.969 1033.205 1038.44 1043.675 1051.786 1063.467 1075.148 1086.829 1098.51 1114.518 1130.897 1147.277 1163.657 1175.445 1180.22 1184.995 1189.771 1194.546 1180.26 1163.138 1146.016 1128.893 1110.154 1088.349 1066.543 1044.738 1022.932 1015.565 1011.364 1007.163 1002.962 1000.0 1000.0 1000.0 1000.0 1000.0 1000.051 1000.116 1000.182 1000.247 1000.474 1001.196 1001.918 1002.641 1003.363 1006.008 1009.403 1012.798 1016.193 1019.123 1020.126 1021.129 1022.132 1023.135 1022.783
1002.995 1004.477 1005.959 1009.447 1014.971 1020.495 1026.019 1031.543 1037.481 1043.431 1049.381 1055.331 1064.656 1078.172 1091.688 1105.204 1118.72 1134.354 1150.171 1165.988 1181.804 1192.376 1194.938 1197.499 1200.061 1202.622 1187.092 1168.871 1150.651 1132.43 1112.7 1090.109 1067.519 1044.929 1022.338 1014.963 1010.925 1006.886 1002.847 1000.0 1000.0 1000.0 1000.0 1000.0 1000.088 1000.202 1000.317 1000.431 1000.825 1002.083 1003.342 1004.6 1005.858 1009.915 1015.064 1020.213 1025.362 1029.797 1031.27 1032.744 1034.218 1035.692 1035.061
1004.144 1006.195 1008.245 1012.704 1019.609 1026.513 1033.417 1040.322 1046.993 1053.657 1060.322 1066.986 1077.525 1092.876 1108.228 1123.578 1138.93 1154.191 1169.445 1184.699 1199.952 1209.308 1209.656 1210.003 1210.351 1210.698 1193.925 1174.605 1155.286 1135.966 1115.246 1091.87 1068.495 1045.12 1021.745 1014.361 1010.485 1006.609 1002.733 1000.0 1000.0 1000.0 1000.0 1000.0 1000.126 1000.289 1000.452 1000.615 1001.177 1002.971 1004.765 1006.559 1008.353 1013.822 1020.725 1027.627 1034.53 1040.47 1042.414 1044.359 1046.304 1048.249 1047.339
