data/zism_data/00457_02_D.txt
ncols         224
nrows         224
[rows 140 to 167 of 224, columns 63 to 125 of 224]
1699.515 1699.033 1698.551 1698.069 1697.229 1695.719 1694.208 1692.698 1691.188 1688.809 1686.219 1683.629 1681.039 1678.277 1675.027 1671.777 1668.526 1665.276 1660.396 1654.873 1649.35 1643.827 1638.136 1631.646 1625.156 1618.667 1612.177 1609.493 1609.041 1608.588 1608.136 1607.968 1610.788 1613.607 1616.427 1619.247 1621.726 1623.92 1626.114 1628.308 1630.502 1629.845 1629.189 1628.533 1627.877 1626.258 1623.492 1620.726 1617.961 1615.195 1613.306 1611.5 1609.695 1607.889 1607.775 1610.547 1613.318 1616.09 1618.861 1622.247 1625.761 1629.276 1632.79
1699.37 1699.055 1698.74 1698.425 1697.751 1696.402 1695.054 1693.705 1692.357 1689.914 1687.205 1684.497 1681.788 1678.806 1675.049 1671.292 1667.535 1663.779 1658.677 1653.047 1647.416 1641.785 1636.042 1629.762 1623.482 1617.203 1610.923 1608.277 1607.76 1607.243 1606.725 1606.479 1609.078 1611.677 1614.275 1616.874 1619.232 1621.388 1623.544 1625.7 1627.856 1627.222 1626.587 1625.953 1625.318 1623.765 1621.118 1618.47 1615.823 1613.176 1611.435 1609.781 1608.126 1606.471 1606.421 1609.106 1611.791 1614.476 1617.162 1620.501 1623.978 1627.455 1630.931
1699.225 1699.077 1698.929 1698.781 1698.272 1697.085 1695.899 1694.712 1693.525 1691.019 1688.191 1685.364 1682.537 1679.335 1675.071 1670.808 1666.544 1662.281 1656.959 1651.22 1645.482 1639.743 1633.947 1627.878 1621.808 1615.739 1609.67 1607.06 1606.479 1605.897 1605.315 1604.99 1607.368 1609.746 1612.123 1614.501 1616.738 1618.856 1620.974 1623.093 1625.211 1624.598 1623.985 1623.372 1622.759 1621.271 1618.743 1616.214 1613.686 1611.158 1609.565 1608.061 1606.557 1605.053 1605.066 1607.665 1610.264 1612.863 1615.462 1618.755 1622.194 1625.633 1629.072
1699.08 1699.099 1699.119 1699.138 1698.794 1697.769 1696.744 1695.719 1694.694 1692.124 1689.178 1686.232 1683.286 1679.864 1675.094 1670.323 1665.553 1660.783 1655.24 1649.394 1643.548 1637.701 1631.853 1625.994 1620.135 1614.276 1608.417 1605.844 1605.197 1604.551 1603.904 1603.502 1605.658 1607.815 1609.971 1612.128 1614.243 1616.324 1618.405 1620.485 1622.566 1621.974 1621.383 1620.791 1620.2 1618.778 1616.368 1613.958 1611.549 1609.139 1607.694 1606.341 1604.989 1603.636 1603.711 1606.224 1608.737 1611.25 1613.763 1617.009 1620.411 1623.812 1627.214
1698.935 1699.121 1699.308 1699.494 1699.316 1698.452 1697.589 1696.726 1695.862 1693.228 1690.164 1687.099 1684.035 1680.393 1675.116 1669.839 1664.562 1659.285 1653.522 1647.568 1641.614 1635.659 1629.758 1624.11 1618.461 1612.812 1607.163 1604.627 1603.916 1603.205 1602.494 1602.013 1603.948 1605.884 1607.819 1609.755 1611.749 1613.792 1615.835 1617.877 1619.92 1619.35 1618.78 1618.211 1617.641 1616.285 1613.994 1611.702 1609.411 1607.12 1605.823 1604.622 1603.42 1602.218 1602.357 1604.783 1607.21 1609.637 1612.063 1615.264 1618.627 1621.991 1625.354
1698.349 1698.744 1699.14 1699.536 1699.546 1698.834 1698.122 1697.41 1696.697 1694.193 1691.252 1688.312 1685.371 1681.729 1676.1 1670.471 1664.842 1659.213 1653.208 1647.054 1640.901 1634.747 1628.711 1623.23 1617.75 1612.269 1606.788 1604.273 1603.498 1602.722 1601.946 1601.381 1603.029 1604.676 1606.324 1607.972 1609.787 1611.743 1613.699 1615.655 1617.61 1617.108 1616.605 1616.102 1615.6 1614.357 1612.234 1610.11 1607.987 1605.864 1604.71 1603.648 1602.587 1601.526 1601.693 1603.956 1606.219 1608.481 1610.744 1613.801 1617.025 1620.249 1623.473
1697.526 1698.154 1698.781 1699.409 1699.621 1699.055 1698.488 1697.921 1697.355 1695.083 1692.395 1689.708 1687.021 1683.496 1677.598 1671.699 1665.8 1659.902 1653.642 1647.241 1640.839 1634.438 1628.222 1622.887 1617.552 1612.217 1606.881 1604.38 1603.539 1602.699 1601.858 1601.206 1602.53 1603.854 1605.178 1606.503 1608.109 1609.951 1611.794 1613.637 1615.479 1615.068 1614.657 1614.246 1613.835 1612.731 1610.802 1608.872 1606.943 1605.014 1604.0 1603.073 1602.147 1601.22 1601.396 1603.455 1605.513 1607.571 1609.629 1612.49 1615.519 1618.549 1621.579
1696.704 1697.563 1698.423 1699.282 1699.696 1699.275 1698.854 1698.433 1698.012 1695.972 1693.538 1691.105 1688.671 1685.263 1679.095 1672.927 1666.759 1660.59 1654.077 1647.427 1640.778 1634.128 1627.733 1622.543 1617.354 1612.164 1606.974 1604.486 1603.581 1602.675 1601.77 1601.031 1602.031 1603.032 1604.033 1605.034 1606.43 1608.16 1609.889 1611.619 1613.348 1613.029 1612.709 1612.39 1612.071 1611.105 1609.37 1607.635 1605.899 1604.164 1603.29 1602.498 1601.707 1600.915 1601.1 1602.953 1604.807 1606.66 1608.513 1611.178 1614.014 1616.849 1619.685
1695.882 1696.973 1698.064 1699.156 1699.771 1699.496 1699.221 1698.945 1698.67 1696.862 1694.682 1692.501 1690.321 1687.03 1680.592 1674.155 1667.717 1661.279 1654.511 1647.614 1640.717 1633.819 1627.244 1622.2 1617.156 1612.112 1607.068 1604.592 1603.622 1602.652 1601.682 1600.856 1601.533 1602.21 1602.887 1603.565 1604.752 1606.368 1607.985 1609.601 1611.217 1610.989 1610.762 1610.534 1610.306 1609.479 1607.938 1606.397 1604.856 1603.315 1602.581 1601.923 1601.266 1600.609 1600.804 1602.452 1604.101 1605.749 1607.397 1609.866 1612.508 1615.15 1617.791
1695.048 1696.367 1697.687 1699.006 1699.818 1699.681 1699.544 1699.406 1699.269 1697.7 1695.782 1693.864 1691.947 1688.805 1682.195 1675.584 1668.974 1662.363 1655.396 1648.289 1641.182 1634.074 1627.349 1622.437 1617.526 1612.614 1607.703 1605.201 1604.112 1603.023 1601.934 1600.967 1601.289 1601.61 1601.931 1602.252 1603.209 1604.7 1606.19 1607.681 1609.171 1609.03 1608.889 1608.748 1608.607 1607.912 1606.559 1605.206 1603.853 1602.499 1601.903 1601.379 1600.855 1600.33 1600.535 1601.984 1603.432 1604.881 1606.329 1608.588 1611.017 1613.447 1615.876
1694.124 1695.642 1697.161 1698.68 1699.651 1699.594 1699.538 1699.481 1699.425 1698.14 1696.557 1694.973 1693.39 1690.643 1684.598 1678.554 1672.51 1666.465 1659.716 1652.69 1645.663 1638.637 1631.984 1627.105 1622.225 1617.346 1612.467 1609.641 1608.018 1606.395 1604.773 1603.266 1602.984 1602.701 1602.419 1602.136 1602.697 1603.967 1605.236 1606.506 1607.775 1607.683 1607.59 1607.497 1607.405 1606.801 1605.588 1604.375 1603.161 1601.948 1601.473 1601.067 1600.661 1600.256 1600.475 1601.762 1603.049 1604.336 1605.623 1607.564 1609.643 1611.722 1613.801
1693.199 1694.917 1696.635 1698.354 1699.483 1699.507 1699.531 1699.556 1699.58 1698.58 1697.331 1696.082 1694.833 1692.48 1687.002 1681.524 1676.046 1670.567 1664.036 1657.091 1650.145 1643.199 1636.619 1631.772 1626.925 1622.078 1617.231 1614.081 1611.924 1609.768 1607.611 1605.565 1604.679 1603.793 1602.906 1602.02 1602.185 1603.234 1604.282 1605.331 1606.379 1606.335 1606.291 1606.247 1606.203 1605.689 1604.616 1603.543 1602.47 1601.397 1601.042 1600.755 1600.468 1600.181 1600.416 1601.541 1602.666 1603.791 1604.916 1606.54 1608.268 1609.997 1611.725
1692.275 1694.192 1696.11 1698.028 1699.315 1699.42 1699.525 1699.631 1699.736 1699.021 1698.106 1697.191 1696.276 1694.318 1689.406 1684.494 1679.581 1674.669 1668.356 1661.491 1654.627 1647.762 1641.254 1636.439 1631.625 1626.81 1621.995 1618.52 1615.83 1613.14 1610.45 1607.864 1606.374 1604.884 1603.394 1601.904 1601.673 1602.5 1603.328 1604.155 1604.983 1604.987 1604.992 1604.996 1605.001 1604.577 1603.645 1602.712 1601.779 1600.846 1600.611 1600.443 1600.275 1600.106 1600.356 1601.319 1602.283 1603.246 1604.209 1605.515 1606.893 1608.272 1609.65
1691.35 1693.467 1695.584 1697.702 1699.147 1699.333 1699.519 1699.705 1699.891 1699.461 1698.88 1698.3 1697.719 1696.156 1691.81 1687.464 1683.117 1678.771 1672.676 1665.892 1659.108 1652.324 1645.889 1641.107 1636.324 1631.542 1626.76 1622.96 1619.736 1616.513 1613.289 1610.163 1608.069 1605.975 1603.881 1601.787 1601.161 1601.767 1602.374 1602.98 1603.587 1603.64 1603.693 1603.746 1603.799 1603.466 1602.673 1601.88 1601.088 1600.295 1600.181 1600.131 1600.081 1600.031 1600.296 1601.098 1601.899 1602.701 1603.503 1604.491 1605.519 1606.546 1607.574
1689.877 1692.246 1694.616 1696.986 1698.644 1698.967 1699.29 1699.614 1699.937 1699.691 1699.307 1698.923 1698.539 1697.296 1693.619 1689.942 1686.265 1682.588 1676.969 1670.585 1664.201 1657.816 1651.703 1646.878 1642.053 1637.229 1632.404 1628.341 1624.724 1621.107 1617.49 1613.953 1611.249 1608.544 1605.84 1603.136 1601.992 1602.159 1602.326 1602.493 1602.659 1602.723 1602.787 1602.851 1602.915 1602.654 1602.004 1601.355 1600.706 1600.057 1600.0 1600.0 1600.0 1600.0 1600.247 1600.915 1601.583 1602.251 1602.919 1603.677 1604.454 1605.232 1606.009
1688.005 1690.666 1693.327 1695.988 1697.897 1698.398 1698.9 1699.401 1699.902 1699.769 1699.482 1699.195 1698.909 1697.931 1694.998 1692.065 1689.132 1686.199 1681.242 1675.489 1669.736 1663.982 1658.373 1653.451 1648.529 1643.608 1638.686 1634.403 1630.495 1626.587 1622.679 1618.822 1615.504 1612.185 1608.866 1605.548 1603.798 1603.366 1602.935 1602.503 1602.071 1602.119 1602.167 1602.215 1602.263 1602.059 1601.555 1601.051 1600.547 1600.044 1600.0 1600.0 1600.0 1600.0 1600.205 1600.76 1601.315 1601.869 1602.424 1603.016 1603.615 1604.215 1604.814
1686.134 1689.086 1692.038 1694.99 1697.151 1697.83 1698.509 1699.188 1699.867 1699.847 1699.657 1699.468 1699.278 1698.566 1696.377 1694.188 1691.999 1689.81 1685.516 1680.393 1675.271 1670.148 1665.043 1660.024 1655.005 1649.986 1644.967 1640.465 1636.266 1632.067 1627.868 1623.692 1619.759 1615.826 1611.892 1607.959 1605.604 1604.574 1603.544 1602.514 1601.484 1601.515 1601.547 1601.578 1601.61 1601.464 1601.106 1600.747 1600.389 1600.031 1600.0 1600.0 1600.0 1600.0 1600.163 1600.605 1601.046 1601.488 1601.93 1602.354 1602.776 1603.198 1603.619
1684.262 1687.505 1690.748 1693.991 1696.404 1697.261 1698.118 1698.975 1699.832 1699.925 1699.833 1699.74 1699.647 1699.201 1697.756 1696.311 1694.865 1693.42 1689.789 1685.297 1680.806 1676.313 1671.713 1666.597 1661.481 1656.365 1651.249 1646.528 1642.038 1637.547 1633.057 1628.562 1624.014 1619.466 1614.918 1610.371 1607.409 1605.781 1604.153 1602.524 1600.896 1600.911 1600.927 1600.942 1600.958 1600.869 1600.656 1600.444 1600.231 1600.018 1600.0 1600.0 1600.0 1600.0 1600.121 1600.45 1600.778 1601.107 1601.435 1601.693 1601.937 1602.18 1602.424
1682.413 1685.942 1689.472 1693.001 1695.663 1696.696 1697.729 1698.762 1699.796 1699.998 1699.999 1699.999 1700.0 1699.81 1699.084 1698.357 1697.63 1696.904 1693.924 1690.056 1686.188 1682.321 1678.22 1673.01 1667.801 1662.592 1657.382 1652.443 1647.663 1642.882 1638.102 1633.29 1628.154 1623.018 1617.881 1612.745 1609.196 1606.981 1604.766 1602.551 1600.337 1600.335 1600.334 1600.332 1600.331 1600.297 1600.224 1600.152 1600.079 1600.006 1600.0 1600.0 1600.0 1600.0 1600.081 1600.299 1600.516 1600.734 1600.953 1601.053 1601.129 1601.204 1601.28
1681.037 1684.756 1688.474 1692.193 1695.026 1696.199 1697.372 1698.546 1699.719 1699.958 1699.969 1699.98 1699.992 1699.853 1699.288 1698.723 1698.158 1697.593 1695.003 1691.615 1688.227 1684.839 1681.133 1675.913 1670.693 1665.473 1660.252 1655.136 1650.081 1645.025 1639.97 1634.906 1629.753 1624.6 1619.448 1614.295 1610.563 1608.025 1605.487 1602.948 1600.41 1600.376 1600.343 1600.309 1600.275 1600.231 1600.174 1600.118 1600.061 1600.005 1600.0 1600.0 1600.0 1600.0 1600.063 1600.232 1600.402 1600.571 1600.74 1600.877 1601.007 1601.136 1601.266
1679.662 1683.569 1687.476 1691.384 1694.388 1695.702 1697.016 1698.329 1699.643 1699.918 1699.94 1699.962 1699.984 1699.895 1699.492 1699.089 1698.685 1698.282 1696.082 1693.174 1690.266 1687.358 1684.046 1678.815 1673.584 1668.353 1663.122 1657.829 1652.498 1647.168 1641.837 1636.521 1631.352 1626.183 1621.015 1615.846 1611.931 1609.069 1606.207 1603.345 1600.484 1600.417 1600.351 1600.285 1600.219 1600.165 1600.125 1600.084 1600.044 1600.004 1600.0 1600.0 1600.0 1600.0 1600.045 1600.166 1600.287 1600.408 1600.528 1600.701 1600.885 1601.068 1601.252
1678.287 1682.383 1686.479 1690.575 1693.751 1695.205 1696.659 1698.113 1699.566 1699.877 1699.91 1699.943 1699.976 1699.937 1699.696 1699.454 1699.213 1698.971 1697.161 1694.733 1692.305 1689.876 1686.959 1681.717 1676.476 1671.234 1665.992 1660.521 1654.916 1649.311 1643.705 1638.136 1632.951 1627.766 1622.581 1617.396 1613.298 1610.113 1606.928 1603.742 1600.557 1600.459 1600.36 1600.262 1600.163 1600.099 1600.075 1600.05 1600.026 1600.002 1600.0 1600.0 1600.0 1600.0 1600.027 1600.099 1600.172 1600.244 1600.317 1600.525 1600.763 1601.0 1601.238
1676.912 1681.197 1685.481 1689.766 1693.114 1694.708 1696.302 1697.896 1699.49 1699.837 1699.88 1699.924 1699.968 1699.979 1699.9 1699.82 1699.74 1699.66 1698.24 1696.292 1694.343 1692.395 1689.872 1684.62 1679.367 1674.115 1668.862 1663.214 1657.334 1651.453 1645.573 1639.751 1634.55 1629.349 1624.148 1618.947 1614.666 1611.157 1607.648 1604.139 1600.63 1600.5 1600.369 1600.238 1600.107 1600.033 1600.025 1600.017 1600.009 1600.001 1600.0 1600.0 1600.0 1600.0 1600.009 1600.033 1600.057 1600.081 1600.104 1600.349 1600.641 1600.932 1601.224
1675.238 1679.667 1684.096 1688.526 1692.039 1693.836 1695.633 1697.43 1699.227 1699.653 1699.746 1699.839 1699.932 1700.0 1700.0 1700.0 1700.0 1700.0 1698.709 1696.91 1695.11 1693.311 1690.876 1685.427 1679.978 1674.529 1669.08 1663.268 1657.244 1651.22 1645.196 1639.261 1634.266 1629.27 1624.274 1619.278 1615.062 1611.5 1607.939 1604.377 1600.816 1600.636 1600.457 1600.277 1600.098 1600.0 1600.0 1600.0 1600.0 1600.0 1600.0 1600.0 1600.0 1600.0 1600.0 1600.0 1600.0 1600.0 1600.0 1600.321 1600.71 1601.099 1601.489
1673.271 1677.803 1682.335 1686.867 1690.539 1692.6 1694.661 1696.723 1698.784 1699.331 1699.51 1699.689 1699.868 1700.0 1700.0 1700.0 1700.0 1700.0 1698.585 1696.613 1694.641 1692.669 1690.027 1684.201 1678.374 1672.547 1666.721 1660.76 1654.719 1648.679 1642.639 1636.726 1632.151 1627.576 1623.0 1618.425 1614.515 1611.163 1607.812 1604.461 1601.11 1600.865 1600.621 1600.377 1600.133 1600.0 1600.0 1600.0 1600.0 1600.0 1600.0 1600.0 1600.0 1600.0 1600.0 1600.0 1600.0 1600.0 1600.0 1600.437 1600.966 1601.496 1602.025
1671.305 1675.939 1680.573 1685.208 1689.039 1691.364 1693.689 1696.015 1698.34 1699.009 1699.274 1699.539 1699.804 1700.0 1700.0 1700.0 1700.0 1700.0 1698.462 1696.317 1694.172 1692.028 1689.177 1682.974 1676.77 1670.566 1664.362 1658.251 1652.195 1646.138 1640.082 1634.191 1630.036 1625.881 1621.726 1617.572 1613.968 1610.827 1607.686 1604.545 1601.404 1601.095 1600.786 1600.477 1600.168 1600.0 1600.0 1600.0 1600.0 1600.0 1600.0 1600.0 1600.0 1600.0 1600.0 1600.0 1600.0 1600.0 1600.0 1600.553 1601.222 1601.892 1602.561
1669.339 1674.075 1678.812 1683.549 1687.538 1690.128 1692.718 1695.307 1697.897 1698.686 1699.037 1699.389 1699.74 1700.0 1700.0 1700.0 1700.0 1700.0 1698.338 1696.021 1693.704 1691.387 1688.328 1681.747 1675.166 1668.584 1662.003 1655.742 1649.67 1643.597 1637.525 1631.656 1627.921 1624.187 1620.453 1616.718 1613.421 1610.49 1607.559 1604.628 1601.698 1601.324 1600.95 1600.577 1600.203 1600.0 1600.0 1600.0 1600.0 1600.0 1600.0 1600.0 1600.0 1600.0 1600.0 1600.0 1600.0 1600.0 1600.0 1600.669 1601.478 1602.288 1603.098
1667.373 1672.212 1677.051 1681.89 1686.038 1688.892 1691.746 1694.599 1697.453 1698.364 1698.801 1699.239 1699.677 1700.0 1700.0 1700.0 1700.0 1700.0 1698.214 1695.724 1693.235 1690.745 1687.479 1680.52 1673.561 1666.603 1659.644 1653.234 1647.145 1641.056 1634.968 1629.12 1625.807 1622.493 1619.179 1615.865 1612.874 1610.153 1607.433 1604.712 1601.991 1601.553 1601.115 1600.677 1600.238 1600.0 1600.0 1600.0 1600.0 1600.0 1600.0 1600.0 1600.0 1600.0 1600.0 1600.0 1600.0 1600.0 1600.0 1600.785 1601.734 1602.684 1603.634
