data/zism_data/00452_03_D.txt
ncols         224
nrows         224
[rows 0 to 30 of 224, columns 70 to 139 of 224]
374.5044 376.6747 379.0816 382.2723 385.463 388.6536 391.8443 394.47 396.8486 399.2271 401.6057 405.2466 415.5429 425.8393 436.1356 446.4318 454.1174 460.2245 466.3316 472.4386 477.2396 468.3257 459.4119 450.4981 441.5843 433.3458 425.6583 417.9707 410.2832 402.7028 402.4056 402.1084 401.8111 401.5139 402.9757 406.3564 409.737 413.1177 416.4983 424.8198 433.4453 442.0707 450.6962 459.0017 466.8387 474.6755 482.5125 490.3494 493.0256 494.9277 496.8298 498.7319 500.0 500.0 500.0 500.0 500.0 500.0 500.0 500.0 500.0 500.0 500.0 500.0 500.0 500.0 501.3044 503.1045 504.9045 506.7046
371.7822 375.5888 379.2987 382.6885 386.0783 389.4681 392.858 395.0426 396.6999 398.3572 400.0146 402.7746 411.3485 419.9225 428.4965 437.0703 444.3384 450.8169 457.2953 463.7737 469.0214 461.3456 453.6697 445.9938 438.318 430.9469 423.8245 416.7021 409.5797 402.5584 402.4065 402.2546 402.1027 401.9508 403.9981 408.4445 412.8909 417.3372 421.7836 430.6992 439.8899 449.0805 458.2711 466.445 473.1301 479.8151 486.5002 493.1854 495.1965 496.5066 497.8166 499.1266 500.0 500.0 500.0 500.0 500.0 500.0 500.0 500.0 500.0 500.0 500.0 500.0 500.0 500.0 500.9183 502.1855 503.4527 504.7199
369.0599 374.5028 379.5158 383.1047 386.6937 390.2827 393.8717 395.6151 396.5512 397.4872 398.4233 400.3025 407.154 414.0056 420.8571 427.7085 434.559 441.4089 448.2587 455.1086 460.803 454.3651 447.9272 441.4894 435.0515 428.5479 421.9907 415.4334 408.8762 402.414 402.4074 402.4009 402.3943 402.3878 405.0206 410.5327 416.0448 421.5569 427.0691 436.5789 446.3347 456.0905 465.8463 473.8885 479.4218 484.9549 490.4882 496.0214 497.3675 498.0854 498.8034 499.5214 500.0 500.0 500.0 500.0 500.0 500.0 500.0 500.0 500.0 500.0 500.0 500.0 500.0 500.0 500.5321 501.2665 502.0008 502.7352
367.9061 374.7434 380.748 383.9945 387.241 390.4874 393.7339 394.6947 394.6556 394.6166 394.5775 395.4425 401.0747 406.7069 412.3391 417.9711 424.6011 431.8344 439.0677 446.3011 452.5012 447.8526 443.204 438.5555 433.9069 428.3745 422.1213 415.8681 409.6148 403.4514 403.3919 403.3324 403.2729 403.2133 406.1143 412.2447 418.3752 424.5057 430.6361 440.1037 449.7766 459.4495 469.1223 476.7883 481.5155 486.2426 490.9698 495.697 496.5408 496.8022 497.0635 497.3248 497.5232 497.5957 497.6683 497.7408 497.8134 498.0979 498.4365 498.775 499.1136 499.4004 499.5406 499.6809 499.8211 499.9614 500.6962 501.657 502.6178 503.5786
368.6748 376.6102 383.2249 385.4648 387.7047 389.9446 392.1845 391.9442 390.6187 389.2932 387.9677 387.6553 392.6846 397.7139 402.7433 407.7725 414.4235 422.0552 429.6868 437.3185 444.0966 441.9132 439.7298 437.5464 435.363 430.9294 424.66 418.3906 412.1212 405.9376 405.5821 405.2265 404.871 404.5154 407.2953 413.4957 419.6962 425.8966 432.0971 440.7422 449.5377 458.3333 467.1288 474.1183 478.4633 482.8083 487.1533 491.4984 492.0396 492.0103 491.981 491.9516 492.0101 492.2441 492.4781 492.7121 492.9461 493.8641 494.9562 496.0483 497.1404 498.0657 498.5181 498.9706 499.423 499.8754 501.5348 503.6528 505.7708 507.8889
369.4436 378.4769 385.7016 386.935 388.1684 389.4018 390.6352 389.1936 386.5818 383.9699 381.358 379.8683 384.2948 388.7213 393.1478 397.5742 404.2463 412.2762 420.3062 428.3361 435.6923 435.974 436.2557 436.5375 436.8192 433.4841 427.1986 420.9131 414.6276 408.4237 407.7722 407.1206 406.469 405.8174 408.4763 414.7467 421.0171 427.2875 433.5579 441.3806 449.2989 457.2171 465.1353 471.4484 475.4113 479.3741 483.337 487.2999 487.5386 487.2186 486.8986 486.5786 486.4971 486.8926 487.2881 487.6836 488.0791 489.6305 491.4761 493.3218 495.1674 496.731 497.4956 498.2603 499.0248 499.7895 502.3734 505.6486 508.9238 512.199
370.2123 380.3437 388.1784 388.4053 388.6321 388.859 389.0859 386.4431 382.5448 378.6465 374.7482 372.081 375.9046 379.7283 383.552 387.3755 394.0687 402.497 410.9252 419.3535 427.2877 430.0346 432.7816 435.5284 438.2754 436.039 429.7373 423.4356 417.134 410.9099 409.9623 409.0147 408.0671 407.1194 409.6573 415.9977 422.3381 428.6785 435.0189 442.0191 449.06 456.1009 463.1417 468.7784 472.3592 475.9398 479.5205 483.1013 483.0374 482.4267 481.8161 481.2054 480.984 481.541 482.0979 482.6549 483.2119 485.3967 487.9959 490.5951 493.1943 495.3963 496.4731 497.5499 498.6267 499.7035 503.2119 507.6444 512.0768 516.5093
370.981 382.2104 390.6552 389.8755 389.0959 388.3162 387.5366 383.6926 378.5079 373.3232 368.1386 364.2939 367.5148 370.7357 373.9565 377.1773 383.8915 392.718 401.5446 410.3712 418.8834 424.0955 429.3075 434.5195 439.7315 438.5937 432.2759 425.9581 419.6403 413.3961 412.1524 410.9088 409.6651 408.4214 410.8383 417.2487 423.659 430.0694 436.4797 442.6576 448.8211 454.9847 461.1482 466.1086 469.3071 472.5056 475.7042 478.9028 478.5363 477.635 476.7337 475.8325 475.4711 476.1895 476.908 477.6264 478.3448 481.1631 484.5158 487.8685 491.2212 494.0617 495.4507 496.8396 498.2286 499.6175 504.0505 509.6401 515.2298 520.8195
372.6137 382.2811 389.1962 386.9941 384.792 382.5899 380.3878 375.428 369.2616 363.0952 356.9289 352.4621 356.9566 361.4512 365.9457 370.4401 378.6661 389.1484 399.6308 410.1131 420.2644 426.9405 433.6165 440.2925 446.9685 446.4876 440.1682 433.8487 427.5293 421.2755 419.4843 417.6931 415.9019 414.1108 416.25 422.6772 429.1043 435.5314 441.9585 446.4726 450.8689 455.2652 459.6616 462.9202 464.513 466.1058 467.6986 469.2914 468.1179 466.5294 464.9409 463.3524 462.6447 463.6987 464.7527 465.8067 466.8607 471.2228 476.427 481.6311 486.8352 491.2857 493.6011 495.9164 498.2318 500.5471 505.4289 511.2859 517.1429 522.9999
374.344 382.149 387.2929 383.6213 379.9497 376.2782 372.6066 366.5405 359.4268 352.3131 345.1994 340.1732 346.1533 352.1334 358.1135 364.0935 373.9997 386.2798 398.5599 410.8401 422.7504 430.7774 438.8045 446.8315 454.8586 454.9846 448.6652 442.3457 436.0263 429.7642 427.3971 425.0299 422.6628 420.2957 422.1396 428.5775 435.0154 441.4532 447.8911 450.6463 453.1749 455.7035 458.2321 459.6732 459.522 459.3709 459.2197 459.0685 457.0309 454.7104 452.3899 450.0694 448.9921 450.4014 451.8106 453.2198 454.6291 460.6379 467.8175 474.9971 482.1765 488.347 491.6581 494.9692 498.2803 501.5914 506.8683 512.8922 518.916 524.9399
376.0742 382.0169 385.3896 380.2486 375.1076 369.9666 364.8256 357.6534 349.5923 341.5313 333.4704 327.8847 335.3503 342.816 350.2816 357.7471 369.3333 383.4112 397.4891 411.567 425.2362 434.6142 443.9923 453.3703 462.7483 463.4814 457.1619 450.8425 444.523 438.2525 435.3095 432.3665 429.4234 426.4804 428.029 434.4776 440.9263 447.3749 453.8235 454.8199 455.4809 456.1418 456.8027 456.4263 454.5313 452.6362 450.7411 448.846 445.9444 442.8919 439.8394 436.7869 435.34 437.1045 438.869 440.6335 442.3979 450.0534 459.2083 468.3633 477.518 485.4083 489.7151 494.022 498.3289 502.6357 508.3076 514.4984 520.6891 526.8798
377.8045 381.8849 383.4862 376.8758 370.2653 363.6549 357.0444 348.7659 339.7575 330.7492 321.7409 315.5958 324.547 333.4982 342.4494 351.4005 364.6669 380.5426 396.4183 412.2939 427.7221 438.4512 449.1802 459.9093 470.6384 471.9784 465.6589 459.3395 453.0201 446.7412 443.2223 439.7033 436.1843 432.6653 433.9185 440.378 446.8373 453.2968 459.7562 458.9937 457.7869 456.58 455.3732 453.1794 449.5403 445.9012 442.2622 438.6231 434.8575 431.073 427.2884 423.5038 421.6874 423.8071 425.9268 428.0466 430.1663 439.4685 450.5988 461.7292 472.8594 482.4695 487.7722 493.0748 498.3774 503.68 509.7471 516.1046 522.4622 528.8198
378.4612 380.4939 380.2481 372.4547 364.6613 356.8678 349.0744 340.3902 331.3164 322.2425 313.1687 307.1713 317.3946 327.6179 337.8412 348.0644 362.6365 379.8381 397.0398 414.2414 430.9357 442.3025 453.6692 465.036 476.4028 478.2478 472.3253 466.4027 460.4802 454.5901 450.9034 447.2166 443.5298 439.843 440.8947 447.1159 453.3371 459.5583 465.7794 463.57 460.8419 458.1137 455.3855 451.6461 446.426 441.2059 435.9858 430.7657 426.5595 422.5053 418.4512 414.397 412.7264 415.823 418.9195 422.016 425.1125 435.9934 448.8557 461.7181 474.5802 485.4661 490.7516 496.0371 501.3227 506.6082 512.0847 517.6337 523.1828 528.7319
377.1049 376.7424 374.507 366.0677 357.6283 349.189 340.7496 332.9734 325.4875 318.0015 310.5155 305.9918 317.0871 328.1824 339.2777 350.3728 365.5485 383.1915 400.8345 418.4776 435.514 446.181 456.8481 467.5151 478.1821 480.3412 475.5598 470.7784 465.9969 461.24 458.1508 455.0614 451.9721 448.8828 449.9091 455.4251 460.9412 466.4572 471.9733 468.9016 465.3015 461.7013 458.1012 453.326 446.8302 440.3345 433.8387 427.3429 423.4898 420.0331 416.5764 413.1198 412.5616 417.8003 423.0391 428.2779 433.5166 445.8491 459.9871 474.1251 488.2629 499.5918 502.9611 506.3304 509.6998 513.0691 516.1068 519.0184 521.9299 524.8416
375.7487 372.991 368.7661 359.6809 350.5956 341.5104 332.4251 325.5569 319.6588 313.7606 307.8623 304.8123 316.7796 328.7468 340.7141 352.6811 368.4604 386.5448 404.6292 422.7136 440.0921 450.0594 460.0268 469.9941 479.9614 482.4346 478.7942 475.1538 471.5135 467.8897 465.3979 462.9061 460.4142 457.9223 458.9231 463.7341 468.545 473.356 478.167 474.233 469.7609 465.2888 460.8167 455.0058 447.2343 439.463 431.6916 423.9202 420.4202 417.5609 414.7017 411.8425 412.3967 419.7776 427.1586 434.5395 441.9205 455.7043 471.118 486.5317 501.9451 513.717 515.1702 516.6234 518.0766 519.5298 520.1287 520.4029 520.6771 520.9514
374.3924 369.2395 363.025 353.2939 343.5627 333.8315 324.1003 318.1402 313.8298 309.5195 305.2091 303.6328 316.4721 329.3113 342.1505 354.9895 371.3724 389.8982 408.424 426.9497 444.6704 453.938 463.2056 472.4732 481.7408 484.528 482.0287 479.5295 477.0302 474.5397 472.6453 470.7509 468.8566 466.9622 467.9375 472.0433 476.1491 480.255 484.3608 479.5646 474.2206 468.8765 463.5324 456.6857 447.6385 438.5916 429.5445 420.4973 417.3505 415.0887 412.827 410.5652 412.2318 421.755 431.2782 440.8014 450.3246 465.56 482.2494 498.9387 515.6277 527.8427 527.3797 526.9167 526.4537 525.9907 524.1507 521.7875 519.4243 517.061
373.0362 365.4881 357.2841 346.907 336.53 326.1529 315.7758 310.7237 308.0011 305.2786 302.556 302.4534 316.1646 329.8757 343.5869 357.2978 374.2843 393.2515 412.2186 431.1857 449.2485 457.8164 466.3843 474.9522 483.5201 486.6214 485.2632 483.9049 482.5467 481.1894 479.8925 478.5956 477.2986 476.0017 476.9515 480.3522 483.753 487.1537 490.5545 484.896 478.68 472.464 466.248 458.3655 448.0427 437.7201 427.3974 417.0746 414.2809 412.6166 410.9523 409.2879 412.0669 423.7323 435.3977 447.063 458.7285 475.4153 493.3803 511.3453 529.31 541.968 539.5888 537.2097 534.8305 532.4514 528.1726 523.1721 518.1714 513.1709
371.5111 363.2154 354.4454 344.1046 333.7639 323.4231 313.0823 308.5726 306.6142 304.6557 302.6972 303.2596 317.1133 330.967 344.8208 358.6743 375.0138 392.8563 410.6988 428.5413 445.5057 453.2495 460.9932 468.737 476.4807 480.223 480.7008 481.1787 481.6566 482.1227 481.7922 481.4617 481.1312 480.8007 481.9749 484.7907 487.6065 490.4223 493.2381 487.9973 482.2608 476.5243 470.7878 463.2332 453.0162 442.7995 432.5826 422.3657 420.5157 419.9207 419.3258 418.7308 422.788 436.1494 449.5108 462.8722 476.2336 491.9182 508.1942 524.4703 540.746 551.5853 547.0197 542.4542 537.8886 533.3231 528.0016 522.393 516.7844 511.1758
369.943 361.3189 352.3455 342.2146 332.0837 321.9529 311.822 307.7619 306.3578 304.9537 303.5497 304.5712 318.3819 332.1926 346.0033 359.8137 375.1877 391.5069 407.8261 424.1454 439.6445 446.5325 453.4204 460.3083 467.1963 471.6627 474.1536 476.6445 479.1354 481.6008 482.3307 483.0605 483.7904 484.5203 485.9826 488.244 490.5054 492.7668 495.0282 490.5311 485.6181 480.7051 475.7921 468.9125 459.1531 449.3939 439.6345 429.8751 429.1191 429.7137 430.3083 430.903 436.2806 451.2245 466.1684 481.1122 496.0561 510.1139 523.9462 537.7786 551.6107 560.0554 553.2346 546.4137 539.5929 532.7721 526.7634 521.0632 515.3631 509.6629
368.375 359.4226 350.2456 340.3246 330.4037 320.4827 310.5618 306.9512 306.1015 305.2518 304.4021 305.8828 319.6504 333.418 347.1857 360.9531 375.3616 390.1576 404.9536 419.7496 433.7835 439.8157 445.8479 451.88 457.9122 463.1027 467.6066 472.1105 476.6144 481.079 482.8692 484.6594 486.4496 488.2398 489.9902 491.6972 493.4042 495.1112 496.8182 493.0648 488.9753 484.8858 480.7963 474.5916 465.2898 455.988 446.6862 437.3843 437.7223 439.5064 441.2906 443.0746 449.7728 466.2991 482.8254 499.3517 515.8779 528.309 539.6977 551.0864 562.4749 568.5251 559.4492 550.3732 541.2972 532.2211 525.5251 519.7335 513.9418 508.1502
366.8069 357.5262 348.1456 338.4346 328.7236 319.0125 309.3015 306.1405 305.8452 305.5499 305.2546 307.1944 320.9189 334.6436 348.3681 362.0925 375.5355 388.8082 402.0809 415.3537 427.9224 433.0987 438.2751 443.4514 448.6277 454.5424 461.0594 467.5764 474.0933 480.5571 483.4077 486.2582 489.1088 491.9594 493.9979 495.1505 496.3031 497.4557 498.6084 495.5985 492.3326 489.0666 485.8007 480.271 471.4266 462.5824 453.7381 444.8937 446.3258 449.2995 452.2731 455.2468 463.2655 481.3742 499.483 517.5917 535.7004 546.5047 555.4497 564.3947 573.3395 576.9952 565.664 554.3327 543.0015 531.6702 524.2868 518.4037 512.5206 506.6374
364.735 355.4721 346.1863 336.8244 327.4625 318.1007 308.7388 306.0144 306.1939 306.3734 306.5529 308.8617 322.3974 335.933 349.4687 363.0041 375.4547 387.2493 399.0439 410.8384 421.9964 426.4694 430.9424 435.4155 439.8885 446.5016 454.8606 463.2195 471.5784 479.8706 483.625 487.3794 491.1339 494.8883 497.1796 497.8746 498.5696 499.2647 499.9597 497.6129 495.079 492.545 490.0111 485.1784 476.9799 468.7815 460.583 452.3845 454.7473 458.6942 462.6413 466.5883 475.5782 494.6541 513.73 532.8058 551.8817 561.1172 567.8479 574.5787 581.3093 582.8833 569.8458 556.8083 543.7709 530.7334 522.9427 517.1458 511.3488 505.5519
361.1226 352.9361 344.6568 336.07 327.4832 318.8965 310.3097 307.9822 308.3931 308.8041 309.215 311.6171 324.5176 337.4182 350.3187 363.2191 374.5952 385.0495 395.5038 405.9581 415.8718 420.108 424.3442 428.5804 432.8167 440.0496 449.7272 459.4048 469.0825 478.6803 482.8599 487.0396 491.2193 495.3989 497.8348 498.3684 498.9019 499.4355 499.9691 498.0388 495.957 493.8752 491.7933 487.7252 480.7484 473.7719 466.7952 459.8185 462.6121 466.8712 471.1304 475.3896 484.2827 502.4436 520.6044 538.7653 556.9261 564.7704 569.9886 575.207 580.4252 580.8741 567.8098 554.7454 541.681 528.6166 521.2748 516.1077 510.9405 505.7733
357.51 350.4001 343.1274 335.3157 327.504 319.6923 311.8806 309.95 310.5924 311.2348 311.8772 314.3726 326.638 338.9034 351.1688 363.434 373.7356 382.8496 391.9637 401.0778 409.7471 413.7465 417.7459 421.7453 425.7447 433.5975 444.5938 455.5901 466.5864 477.4901 482.0949 486.6998 491.3047 495.9095 498.4901 498.8622 499.2343 499.6064 499.9784 498.4648 496.8351 495.2054 493.5757 490.2719 484.5171 478.7623 473.0074 467.2526 470.477 475.0484 479.6198 484.1911 492.9873 510.2332 527.479 544.7249 561.9707 568.4236 572.1295 575.8352 579.541 578.865 565.7737 552.6824 539.5911 526.4998 519.6069 515.0695 510.5321 505.9946
353.8975 347.864 341.5979 334.5613 327.5247 320.4881 313.4514 311.9178 312.7916 313.6655 314.5393 317.128 328.7583 340.3886 352.0189 363.649 372.876 380.6498 388.4236 396.1974 403.6224 407.385 411.1476 414.9101 418.6727 427.1454 439.4604 451.7754 464.0904 476.2998 481.3298 486.3599 491.39 496.4202 499.1453 499.3559 499.5666 499.7772 499.9878 498.8907 497.7131 496.5355 495.3579 492.8187 488.2857 483.7527 479.2197 474.6867 478.3419 483.2255 488.1091 492.9926 501.6919 518.0228 534.3536 550.6844 567.0153 572.077 574.2702 576.4635 578.6567 576.8558 563.7376 550.6194 537.5012 524.383 517.9391 514.0314 510.1237 506.216
350.2849 345.3279 340.0685 333.8069 327.5454 321.2839 315.0224 313.8856 314.9909 316.0962 317.2015 319.8835 330.8786 341.8738 352.869 363.8639 372.0164 378.4499 384.8835 391.317 397.4977 401.0235 404.5492 408.075 411.6007 420.6932 434.3269 447.9607 461.5944 475.1095 480.5648 486.0201 491.4755 496.9308 499.8006 499.8497 499.8989 499.948 499.9972 499.3166 498.5912 497.8657 497.1402 495.3655 492.0543 488.7432 485.432 482.1208 486.2069 491.4026 496.5984 501.7941 510.3965 525.8124 541.2281 556.644 572.0598 575.7302 576.411 577.0918 577.7725 574.8467 561.7015 548.5565 535.4113 522.2662 516.2712 512.9932 509.7153 506.4373
343.7566 339.6328 335.2311 329.9095 324.5878 319.2661 313.9444 313.2156 314.4962 315.7767 317.0573 319.8947 330.9399 341.9851 353.0304 364.0754 371.9552 377.921 383.8867 389.8524 395.5945 398.9883 402.382 405.7758 409.1696 418.2299 431.9131 445.5962 459.2793 472.8473 478.5929 484.3387 490.0845 495.8302 498.9516 499.21 499.4683 499.7267 499.985 499.3404 498.6402 497.94 497.2399 495.8164 493.3339 490.8514 488.369 485.8864 490.7037 496.616 502.5284 508.4406 517.222 531.7416 546.261 560.7806 575.3001 578.5352 578.8979 579.2606 579.6234 576.5491 563.7366 550.924 538.1114 525.2988 519.2006 515.6537 512.1069 508.5601
335.9527 332.5555 328.9466 324.6368 320.3271 316.0173 311.7076 311.3915 312.8228 314.2541 315.6854 318.7052 330.1003 341.4954 352.8905 364.2854 372.2434 378.123 384.0026 389.8822 395.5382 398.8458 402.1535 405.4611 408.7687 417.5118 430.689 443.8661 457.0433 470.116 476.0931 482.0703 488.0475 494.0247 497.4445 498.0742 498.704 499.3337 499.9635 499.1883 498.3266 497.465 496.6033 495.3504 493.5246 491.6988 489.873 488.0471 493.727 500.5328 507.3386 514.1444 523.2254 536.8568 550.4882 564.1196 577.751 580.9689 581.5362 582.1035 582.6707 579.8755 567.5527 555.2299 542.9072 530.5844 524.1412 519.9323 515.7234 511.5146
328.1487 325.4781 322.6621 319.3642 316.0664 312.7686 309.4707 309.5675 311.1495 312.7315 314.3135 317.5157 329.2607 341.0057 352.7506 364.4954 372.5315 378.325 384.1185 389.912 395.4819 398.7034 401.9249 405.1464 408.368 416.7937 429.4649 442.1361 454.8073 467.3848 473.5933 479.802 486.0106 492.2193 495.9374 496.9386 497.9397 498.9408 499.942 499.0362 498.0131 496.9899 495.9668 494.8844 493.7152 492.5461 491.377 490.2078 496.7503 504.4496 512.1489 519.8481 529.2288 541.972 554.7154 567.4587 580.202 583.4027 584.1745 584.9464 585.7181 583.2018 571.3688 559.5358 547.7029 535.8699 529.0819 524.2109 519.34 514.4691
320.3448 318.4008 316.3775 314.0916 311.8057 309.5198 307.2339 307.7435 309.4762 311.2089 312.9416 316.3263 328.4211 340.5159 352.6108 364.7054 372.8197 378.5271 384.2344 389.9418 395.4255 398.5609 401.6964 404.8318 407.9671 416.0755 428.2408 440.406 452.5713 464.6535 471.0935 477.5336 483.9737 490.4138 494.4303 495.8029 497.1754 498.5479 499.9204 498.8841 497.6995 496.5149 495.3302 494.4184 493.9059 493.3934 492.8809 492.3684 499.7735 508.3663 516.9591 525.5519 535.2321 547.0873 558.9425 570.7977 582.6529 585.8365 586.8128 587.7892 588.7655 586.5281 575.1849 563.8418 552.4986 541.1555 534.0225 528.4896 522.9566 517.4236
313.2365 311.9559 310.6545 309.2838 307.913 306.5423 305.1715 306.0879 308.0049 309.9218 311.8387 315.4219 327.7901 340.1584 352.5266 364.8947 373.0695 378.7087 384.3479 389.9871 395.3972 398.402 401.4068 404.4117 407.4165 415.1772 426.8178 438.4584 450.0989 461.6685 468.4133 475.1582 481.9031 488.6479 492.985 494.6954 496.4058 498.1162 499.8265 498.5033 496.9934 495.4835 493.9736 493.1466 493.3197 493.4927 493.6658 493.8388 502.2724 511.9451 521.6179 531.2906 541.3872 552.3317 563.2761 574.2206 585.165 588.274 589.3886 590.5032 591.6177 589.639 578.8956 568.1522 557.4089 546.6655 539.1304 532.8145 526.4985 520.1826
