data/zism_data/00456_04_D.txt
ncols         224
nrows         224
[rows 0 to 27 of 224, columns 126 to 188 of 224]
1399.034 1397.631 1396.228 1394.824 1392.608 1386.108 1379.607 1373.106 1366.605 1361.794 1357.974 1354.153 1350.333 1346.386 1341.312 1336.238 1331.163 1326.089 1321.125 1316.244 1311.363 1306.482 1301.874 1303.281 1304.688 1306.096 1307.503 1314.751 1327.509 1340.268 1353.027 1365.786 1372.804 1379.738 1386.671 1393.604 1397.638 1398.218 1398.798 1399.378 1399.958 1400.0 1400.0 1400.0 1400.0 1399.708 1398.975 1398.243 1397.51 1396.777 1392.412 1387.502 1382.592 1377.682 1370.591 1359.276 1347.962 1336.647 1325.333 1319.284 1314.457 1309.63 1304.804
1399.265 1398.196 1397.128 1396.06 1394.393 1389.567 1384.741 1379.916 1375.09 1371.398 1368.37 1365.342 1362.315 1358.944 1352.535 1346.126 1339.717 1333.307 1327.0 1320.768 1314.536 1308.304 1302.413 1304.022 1305.631 1307.241 1308.85 1316.508 1329.873 1343.238 1356.603 1369.969 1376.282 1382.493 1388.703 1394.913 1398.461 1398.839 1399.217 1399.595 1399.973 1400.0 1400.0 1400.0 1400.0 1399.81 1399.332 1398.855 1398.378 1397.9 1394.387 1390.418 1386.45 1382.481 1376.043 1364.824 1353.605 1342.386 1331.168 1324.191 1318.2 1312.209 1306.217
1399.495 1398.762 1398.029 1397.296 1396.177 1393.027 1389.877 1386.726 1383.576 1381.002 1378.767 1376.532 1374.296 1371.502 1363.758 1356.014 1348.27 1340.526 1332.874 1325.292 1317.709 1310.126 1302.951 1304.763 1306.574 1308.386 1310.197 1318.265 1332.236 1346.208 1360.179 1374.151 1379.761 1385.248 1390.735 1396.221 1399.284 1399.46 1399.635 1399.811 1399.987 1400.0 1400.0 1400.0 1400.0 1399.911 1399.689 1399.467 1399.245 1399.023 1396.362 1393.334 1390.307 1387.28 1381.495 1370.372 1359.249 1348.126 1337.003 1329.099 1321.943 1314.787 1307.631
1399.705 1399.275 1398.846 1398.417 1397.789 1396.11 1394.432 1392.754 1391.076 1389.419 1387.774 1386.13 1384.485 1382.1 1373.157 1364.213 1355.27 1346.326 1337.546 1328.887 1320.228 1311.569 1303.377 1305.442 1307.507 1309.573 1311.638 1320.092 1334.572 1349.053 1363.534 1378.016 1382.963 1387.771 1392.579 1397.387 1400.0 1400.0 1400.0 1400.0 1400.0 1400.0 1400.0 1400.0 1400.0 1400.0 1400.0 1400.0 1400.0 1400.0 1398.118 1395.953 1393.788 1391.624 1386.472 1375.538 1364.604 1353.67 1342.736 1333.983 1325.737 1317.491 1309.245
1399.771 1399.437 1399.104 1398.77 1398.24 1396.674 1395.107 1393.54 1391.974 1389.879 1387.474 1385.069 1382.664 1379.566 1370.33 1361.094 1351.858 1342.622 1334.154 1326.262 1318.368 1310.475 1303.041 1305.708 1308.374 1311.041 1313.707 1322.381 1336.723 1351.066 1365.409 1379.752 1384.32 1388.745 1393.17 1397.595 1400.0 1400.0 1400.0 1400.0 1400.0 1400.0 1400.0 1400.0 1400.0 1400.0 1400.0 1400.0 1400.0 1400.0 1398.409 1396.579 1394.75 1392.92 1388.267 1378.147 1368.026 1357.906 1347.785 1338.707 1329.87 1321.034 1312.197
1399.836 1399.599 1399.361 1399.123 1398.692 1397.237 1395.782 1394.327 1392.872 1390.339 1387.173 1384.008 1380.842 1377.031 1367.502 1357.974 1348.446 1338.917 1330.763 1323.636 1316.509 1309.381 1302.706 1305.974 1309.241 1312.508 1315.776 1324.67 1338.874 1353.079 1367.284 1381.488 1385.677 1389.719 1393.761 1397.803 1400.0 1400.0 1400.0 1400.0 1400.0 1400.0 1400.0 1400.0 1400.0 1400.0 1400.0 1400.0 1400.0 1400.0 1398.7 1397.206 1395.712 1394.217 1390.062 1380.755 1371.448 1362.141 1352.835 1343.43 1334.004 1324.577 1315.15
1399.902 1399.76 1399.618 1399.476 1399.143 1397.8 1396.457 1395.113 1393.77 1390.799 1386.873 1382.947 1379.021 1374.496 1364.675 1354.854 1345.033 1335.212 1327.372 1321.011 1314.649 1308.288 1302.371 1306.239 1310.108 1313.976 1317.845 1326.96 1341.026 1355.092 1369.158 1383.224 1387.034 1390.693 1394.352 1398.011 1400.0 1400.0 1400.0 1400.0 1400.0 1400.0 1400.0 1400.0 1400.0 1400.0 1400.0 1400.0 1400.0 1400.0 1398.992 1397.832 1396.673 1395.514 1391.856 1383.363 1374.87 1366.377 1357.884 1348.154 1338.137 1328.12 1318.103
1399.968 1399.922 1399.876 1399.829 1399.594 1398.363 1397.131 1395.9 1394.668 1391.259 1386.572 1381.885 1377.199 1371.962 1361.848 1351.735 1341.621 1331.508 1323.981 1318.385 1312.789 1307.194 1302.036 1306.505 1310.975 1315.444 1319.913 1329.249 1343.177 1357.105 1371.033 1384.961 1388.391 1391.667 1394.943 1398.219 1400.0 1400.0 1400.0 1400.0 1400.0 1400.0 1400.0 1400.0 1400.0 1400.0 1400.0 1400.0 1400.0 1400.0 1399.283 1398.459 1397.635 1396.81 1393.651 1385.972 1378.292 1370.613 1362.933 1352.878 1342.27 1331.663 1321.055
1400.0 1400.0 1400.0 1400.0 1399.767 1398.307 1396.846 1395.385 1393.924 1389.85 1384.243 1378.637 1373.03 1366.98 1357.009 1347.038 1337.066 1327.094 1320.271 1315.799 1311.326 1306.854 1302.79 1307.709 1312.628 1317.547 1322.466 1331.826 1345.376 1358.927 1372.477 1386.028 1389.178 1392.176 1395.174 1398.172 1399.813 1399.841 1399.868 1399.896 1399.923 1399.941 1399.957 1399.974 1399.99 1400.0 1400.0 1400.0 1400.0 1400.0 1399.438 1398.792 1398.146 1397.5 1394.68 1387.649 1380.618 1373.588 1366.557 1356.325 1345.35 1334.375 1323.4
1400.0 1400.0 1400.0 1400.0 1399.68 1397.671 1395.663 1393.654 1391.646 1386.695 1380.019 1373.343 1366.668 1359.713 1350.289 1340.866 1331.442 1322.018 1316.263 1313.248 1310.233 1307.218 1304.562 1309.789 1315.017 1320.245 1325.472 1334.673 1347.622 1360.571 1373.521 1386.47 1389.434 1392.251 1395.068 1397.884 1399.452 1399.533 1399.614 1399.694 1399.775 1399.826 1399.874 1399.922 1399.971 1400.0 1400.0 1400.0 1400.0 1400.0 1399.466 1398.852 1398.238 1397.624 1394.993 1388.457 1381.921 1375.385 1368.849 1358.58 1347.446 1336.311 1325.177
1400.0 1400.0 1400.0 1400.0 1399.592 1397.036 1394.48 1391.924 1389.367 1383.54 1375.795 1368.05 1360.306 1352.446 1343.57 1334.694 1325.818 1316.943 1312.256 1310.698 1309.141 1307.583 1306.333 1311.87 1317.406 1322.942 1328.478 1337.519 1349.867 1362.216 1374.564 1386.912 1389.689 1392.325 1394.961 1397.597 1399.091 1399.225 1399.359 1399.493 1399.627 1399.711 1399.791 1399.871 1399.952 1400.0 1400.0 1400.0 1400.0 1400.0 1399.494 1398.912 1398.329 1397.747 1395.306 1389.264 1383.223 1377.181 1371.14 1360.836 1349.541 1338.247 1326.953
1400.0 1400.0 1400.0 1400.0 1399.505 1396.401 1393.297 1390.193 1387.089 1380.385 1371.571 1362.757 1353.943 1345.179 1336.851 1328.523 1320.195 1311.867 1308.249 1308.148 1308.048 1307.947 1308.105 1313.95 1319.795 1325.639 1331.484 1340.365 1352.112 1363.86 1375.607 1387.355 1389.944 1392.4 1394.855 1397.31 1398.73 1398.917 1399.104 1399.291 1399.478 1399.596 1399.708 1399.82 1399.932 1400.0 1400.0 1400.0 1400.0 1400.0 1399.521 1398.971 1398.421 1397.871 1395.619 1390.072 1384.525 1378.978 1373.432 1363.091 1351.637 1340.184 1328.73
1400.0 1400.0 1400.0 1400.0 1399.418 1395.766 1392.114 1388.462 1384.81 1377.23 1367.347 1357.464 1347.581 1337.911 1330.131 1322.351 1314.571 1306.791 1304.241 1305.598 1306.955 1308.312 1309.877 1316.03 1322.183 1328.336 1334.49 1343.212 1354.358 1365.504 1376.651 1387.797 1390.2 1392.474 1394.749 1397.023 1398.369 1398.609 1398.849 1399.09 1399.33 1399.481 1399.625 1399.769 1399.913 1400.0 1400.0 1400.0 1400.0 1400.0 1399.549 1399.031 1398.513 1397.994 1395.932 1390.88 1385.828 1380.775 1375.723 1365.346 1353.733 1342.12 1330.506
1400.0 1400.0 1400.0 1400.0 1399.41 1395.711 1392.011 1388.311 1384.612 1377.028 1367.168 1357.307 1347.447 1337.864 1330.742 1323.62 1316.499 1309.377 1307.657 1309.97 1312.285 1314.599 1317.053 1322.601 1328.149 1333.697 1339.245 1346.949 1356.686 1366.424 1376.161 1385.899 1388.383 1390.76 1393.137 1395.515 1397.048 1397.577 1398.106 1398.635 1399.164 1399.366 1399.542 1399.718 1399.894 1400.0 1400.0 1400.0 1400.0 1400.0 1399.552 1399.037 1398.521 1398.006 1395.962 1390.957 1385.952 1380.948 1375.943 1365.562 1353.934 1342.306 1330.677
1400.0 1400.0 1400.0 1400.0 1399.411 1395.717 1392.023 1388.328 1384.634 1377.14 1367.417 1357.695 1347.973 1338.582 1332.131 1325.679 1319.227 1312.775 1311.859 1315.077 1318.296 1321.514 1324.802 1329.648 1334.494 1339.34 1344.186 1350.78 1359.023 1367.266 1375.51 1383.753 1386.346 1388.856 1391.366 1393.877 1395.626 1396.469 1397.311 1398.154 1398.997 1399.251 1399.459 1399.667 1399.875 1400.0 1400.0 1400.0 1400.0 1400.0 1399.552 1399.037 1398.521 1398.006 1395.962 1390.957 1385.952 1380.948 1375.943 1365.562 1353.934 1342.306 1330.677
1400.0 1400.0 1400.0 1400.0 1399.412 1395.723 1392.034 1388.345 1384.656 1377.251 1367.667 1358.083 1348.499 1339.301 1333.519 1327.738 1321.956 1316.174 1316.062 1320.185 1324.307 1328.429 1332.552 1336.696 1340.84 1344.984 1349.128 1354.612 1361.36 1368.109 1374.858 1381.607 1384.309 1386.952 1389.596 1392.239 1394.203 1395.36 1396.517 1397.673 1398.83 1399.136 1399.376 1399.616 1399.856 1400.0 1400.0 1400.0 1400.0 1400.0 1399.552 1399.037 1398.521 1398.006 1395.962 1390.957 1385.952 1380.948 1375.943 1365.562 1353.934 1342.306 1330.677
1400.0 1400.0 1400.0 1400.0 1399.413 1395.729 1392.046 1388.362 1384.678 1377.362 1367.916 1358.471 1349.025 1340.019 1334.908 1329.796 1324.685 1319.573 1320.265 1325.291 1330.318 1335.344 1340.301 1343.743 1347.185 1350.627 1354.069 1358.443 1363.697 1368.952 1374.206 1379.46 1382.272 1385.049 1387.825 1390.601 1392.781 1394.251 1395.722 1397.192 1398.663 1399.021 1399.293 1399.565 1399.837 1400.0 1400.0 1400.0 1400.0 1400.0 1399.552 1399.037 1398.521 1398.006 1395.962 1390.957 1385.952 1380.948 1375.943 1365.562 1353.934 1342.306 1330.677
1400.0 1400.0 1400.0 1400.0 1399.438 1395.917 1392.395 1388.873 1385.351 1378.383 1369.395 1360.406 1351.418 1342.888 1338.417 1333.946 1329.475 1325.005 1326.262 1331.797 1337.333 1342.868 1348.282 1351.028 1353.774 1356.52 1359.266 1362.552 1366.348 1370.143 1373.939 1377.735 1380.423 1383.095 1385.767 1388.439 1390.69 1392.438 1394.187 1395.936 1397.684 1398.225 1398.671 1399.117 1399.563 1399.846 1399.884 1399.921 1399.958 1399.995 1399.552 1399.037 1398.521 1398.006 1395.962 1390.957 1385.952 1380.948 1375.943 1365.615 1354.052 1342.488 1330.925
1400.0 1400.0 1400.0 1400.0 1399.525 1396.546 1393.566 1390.587 1387.607 1381.618 1373.863 1366.109 1358.354 1350.991 1347.089 1343.187 1339.285 1335.383 1336.625 1341.709 1346.792 1351.876 1356.828 1358.893 1360.958 1363.023 1365.089 1367.338 1369.761 1372.185 1374.608 1377.032 1379.029 1381.021 1383.012 1385.004 1386.972 1388.912 1390.852 1392.792 1394.732 1395.77 1396.737 1397.704 1398.672 1399.319 1399.484 1399.649 1399.814 1399.979 1399.552 1399.037 1398.521 1398.006 1395.962 1390.957 1385.952 1380.948 1375.943 1365.797 1354.456 1343.116 1331.776
1400.0 1400.0 1400.0 1400.0 1399.611 1397.175 1394.738 1392.301 1389.863 1384.852 1378.332 1371.811 1365.291 1359.094 1355.761 1352.428 1349.095 1345.762 1346.989 1351.62 1356.252 1360.883 1365.373 1366.758 1368.142 1369.526 1370.911 1372.124 1373.175 1374.226 1375.278 1376.329 1377.636 1378.947 1380.257 1381.568 1383.253 1385.385 1387.516 1389.648 1391.78 1393.315 1394.803 1396.292 1397.78 1398.792 1399.085 1399.377 1399.669 1399.962 1399.552 1399.037 1398.521 1398.006 1395.962 1390.957 1385.952 1380.948 1375.943 1365.978 1354.861 1343.744 1332.627
1400.0 1400.0 1400.0 1400.0 1399.698 1397.803 1395.909 1394.014 1392.12 1388.087 1382.8 1377.513 1372.227 1367.196 1364.432 1361.669 1358.905 1356.141 1357.352 1361.531 1365.711 1369.89 1373.918 1374.622 1375.326 1376.029 1376.733 1376.909 1376.589 1376.268 1375.947 1375.626 1376.243 1376.872 1377.502 1378.132 1379.535 1381.858 1384.181 1386.504 1388.827 1390.86 1392.87 1394.879 1396.889 1398.265 1398.685 1399.105 1399.525 1399.945 1399.552 1399.037 1398.521 1398.006 1395.962 1390.957 1385.952 1380.948 1375.943 1366.159 1355.266 1344.372 1333.479
1400.0 1400.0 1400.0 1400.0 1399.784 1398.432 1397.08 1395.728 1394.376 1391.321 1387.269 1383.216 1379.163 1375.299 1373.104 1370.91 1368.715 1366.52 1367.716 1371.443 1375.17 1378.898 1382.464 1382.487 1382.509 1382.532 1382.555 1381.695 1380.002 1378.309 1376.616 1374.924 1374.849 1374.798 1374.747 1374.697 1375.817 1378.332 1380.846 1383.361 1385.875 1388.405 1390.936 1393.466 1395.997 1397.738 1398.285 1398.833 1399.381 1399.929 1399.552 1399.037 1398.521 1398.006 1395.962 1390.957 1385.952 1380.948 1375.943 1366.34 1355.67 1345.0 1334.33
1399.695 1399.775 1399.854 1399.933 1399.84 1398.835 1397.831 1396.827 1395.822 1393.403 1390.155 1386.907 1383.659 1380.563 1378.815 1377.066 1375.318 1373.57 1374.656 1377.859 1381.062 1384.265 1387.319 1387.094 1386.869 1386.644 1386.419 1385.104 1382.76 1380.417 1378.073 1375.73 1374.605 1373.499 1372.392 1371.285 1371.535 1373.401 1375.266 1377.131 1378.997 1382.127 1385.356 1388.584 1391.813 1394.269 1395.557 1396.846 1398.135 1399.423 1399.25 1398.858 1398.465 1398.072 1396.183 1391.394 1386.606 1381.818 1377.03 1368.161 1358.346 1348.531 1338.715
1399.246 1399.442 1399.639 1399.835 1399.881 1399.131 1398.382 1397.633 1396.884 1394.938 1392.291 1389.644 1386.997 1384.481 1383.121 1381.761 1380.401 1379.04 1379.973 1382.618 1385.262 1387.907 1390.425 1390.157 1389.89 1389.622 1389.354 1387.86 1385.208 1382.556 1379.904 1377.252 1374.907 1372.566 1370.226 1367.885 1366.986 1367.804 1368.621 1369.439 1370.256 1374.036 1378.046 1382.057 1386.068 1389.405 1391.725 1394.046 1396.366 1398.687 1398.805 1398.593 1398.382 1398.17 1396.508 1392.039 1387.57 1383.101 1378.632 1370.76 1362.099 1353.438 1344.776
1398.796 1399.11 1399.423 1399.737 1399.921 1399.427 1398.933 1398.44 1397.946 1396.473 1394.427 1392.381 1390.335 1388.398 1387.427 1386.455 1385.483 1384.511 1385.29 1387.376 1389.462 1391.548 1393.531 1393.22 1392.91 1392.6 1392.29 1390.616 1387.656 1384.695 1381.734 1378.774 1375.208 1371.634 1368.059 1364.485 1362.437 1362.207 1361.976 1361.746 1361.516 1365.945 1370.737 1375.53 1380.322 1384.541 1387.893 1391.245 1394.597 1397.95 1398.36 1398.329 1398.298 1398.267 1396.834 1392.684 1388.534 1384.384 1380.234 1373.359 1365.852 1358.345 1350.838
1398.347 1398.777 1399.208 1399.638 1399.962 1399.723 1399.485 1399.246 1399.008 1398.009 1396.564 1395.119 1393.674 1392.316 1391.733 1391.149 1390.565 1389.982 1390.607 1392.135 1393.662 1395.19 1396.636 1396.283 1395.931 1395.578 1395.225 1393.372 1390.103 1386.834 1383.565 1380.296 1375.51 1370.702 1365.893 1361.085 1357.888 1356.61 1355.332 1354.054 1352.776 1357.854 1363.428 1369.002 1374.577 1379.677 1384.061 1388.445 1392.829 1397.213 1397.915 1398.065 1398.215 1398.365 1397.159 1393.328 1389.497 1385.666 1381.836 1375.958 1369.604 1363.252 1356.898
1397.828 1398.394 1398.959 1399.525 1400.0 1400.0 1400.0 1400.0 1400.0 1399.451 1398.58 1397.71 1396.839 1396.035 1395.817 1395.599 1395.382 1395.164 1395.639 1396.63 1397.622 1398.613 1399.545 1399.158 1398.771 1398.384 1397.997 1395.987 1392.446 1388.905 1385.364 1381.822 1375.805 1369.752 1363.698 1357.645 1353.303 1350.998 1348.694 1346.389 1344.084 1349.769 1356.077 1362.386 1368.694 1374.651 1380.075 1385.5 1390.925 1396.35 1397.37 1397.73 1398.089 1398.448 1397.497 1394.008 1390.52 1387.031 1383.542 1378.652 1373.437 1368.221 1363.006
1396.317 1397.276 1398.235 1399.194 1400.0 1400.0 1400.0 1400.0 1400.0 1399.572 1398.893 1398.213 1397.534 1396.907 1396.737 1396.567 1396.397 1396.228 1396.598 1397.371 1398.145 1398.918 1399.645 1399.343 1399.041 1398.739 1398.438 1396.595 1393.298 1390.002 1386.705 1383.408 1376.011 1368.554 1361.096 1353.639 1348.203 1345.176 1342.148 1339.12 1336.092 1341.773 1348.135 1354.496 1360.858 1367.313 1373.908 1380.503 1387.098 1393.693 1395.402 1396.378 1397.354 1398.331 1398.014 1395.196 1392.377 1389.558 1386.74 1382.71 1378.398 1374.087 1369.776
