data/zism_data/00457_04_D.txt
ncols         224
nrows         224
[rows 112 to 139 of 224, columns 0 to 62 of 224]
1589.549 1587.927 1586.306 1584.684 1582.59 1580.474 1578.358 1576.242 1574.345 1572.758 1571.171 1569.585 1567.998 1566.233 1564.441 1562.65 1560.858 1559.032 1557.134 1555.236 1553.338 1551.44 1550.229 1549.208 1548.187 1547.166 1546.071 1544.741 1543.41 1542.08 1540.75 1539.648 1538.646 1537.645 1536.643 1535.656 1534.753 1533.85 1532.947 1532.044 1531.133 1530.218 1529.302 1528.387 1527.498 1526.988 1526.478 1525.968 1525.458 1525.928 1527.298 1528.667 1530.036 1531.405 1533.135 1534.873 1536.611 1538.349 1539.527 1539.976 1540.426 1540.875 1541.324
1589.811 1588.135 1586.46 1584.784 1582.667 1580.53 1578.392 1576.255 1574.296 1572.59 1570.885 1569.18 1567.475 1565.685 1563.882 1562.08 1560.277 1558.449 1556.567 1554.686 1552.804 1550.922 1549.626 1548.492 1547.357 1546.223 1545.038 1543.692 1542.345 1540.999 1539.653 1538.49 1537.407 1536.324 1535.242 1534.162 1533.097 1532.032 1530.967 1529.902 1528.968 1528.117 1527.267 1526.416 1525.596 1525.215 1524.835 1524.454 1524.073 1524.541 1525.786 1527.031 1528.276 1529.522 1531.091 1532.667 1534.244 1535.82 1537.002 1537.673 1538.343 1539.013 1539.683
1590.073 1588.344 1586.614 1584.885 1582.744 1580.585 1578.426 1576.267 1574.247 1572.423 1570.599 1568.775 1566.951 1565.137 1563.323 1561.51 1559.697 1557.866 1556.001 1554.135 1552.27 1550.404 1549.023 1547.775 1546.528 1545.281 1544.005 1542.643 1541.28 1539.918 1538.555 1537.331 1536.168 1535.004 1533.841 1532.667 1531.441 1530.214 1528.988 1527.761 1526.803 1526.017 1525.231 1524.445 1523.694 1523.443 1523.191 1522.94 1522.689 1523.154 1524.275 1525.396 1526.517 1527.638 1529.047 1530.461 1531.876 1533.29 1534.478 1535.369 1536.26 1537.151 1538.043
1590.335 1588.552 1586.768 1584.985 1582.822 1580.641 1578.46 1576.28 1574.198 1572.255 1570.313 1568.37 1566.428 1564.588 1562.764 1560.94 1559.116 1557.284 1555.435 1553.585 1551.736 1549.887 1548.42 1547.059 1545.698 1544.338 1542.973 1541.594 1540.215 1538.837 1537.458 1536.173 1534.928 1533.684 1532.439 1531.173 1529.785 1528.397 1527.008 1525.62 1524.638 1523.917 1523.195 1522.474 1521.792 1521.67 1521.548 1521.426 1521.304 1521.766 1522.763 1523.761 1524.758 1525.755 1527.002 1528.255 1529.508 1530.761 1531.953 1533.065 1534.177 1535.29 1536.402
1590.576 1588.744 1586.912 1585.079 1582.895 1580.694 1578.493 1576.292 1574.15 1572.091 1570.032 1567.973 1565.914 1564.051 1562.216 1560.382 1558.548 1556.714 1554.882 1553.05 1551.218 1549.385 1547.835 1546.363 1544.891 1543.418 1541.963 1540.563 1539.162 1537.761 1536.361 1535.012 1533.686 1532.36 1531.035 1529.676 1528.134 1526.593 1525.051 1523.51 1522.501 1521.834 1521.167 1520.501 1519.878 1519.882 1519.885 1519.888 1519.892 1520.355 1521.239 1522.124 1523.008 1523.893 1524.991 1526.095 1527.199 1528.302 1529.501 1530.824 1532.147 1533.47 1534.792
1590.478 1588.678 1586.878 1585.078 1582.895 1580.694 1578.493 1576.292 1574.116 1571.976 1569.837 1567.697 1565.557 1563.683 1561.849 1560.015 1558.181 1556.358 1554.558 1552.758 1550.958 1549.158 1547.547 1545.989 1544.43 1542.871 1541.324 1539.81 1538.296 1536.782 1535.269 1533.822 1532.404 1530.987 1529.569 1528.13 1526.573 1525.015 1523.457 1521.899 1520.818 1520.044 1519.27 1518.495 1517.776 1517.838 1517.901 1517.964 1518.026 1518.554 1519.509 1520.463 1521.418 1522.372 1523.526 1524.683 1525.841 1526.998 1528.244 1529.605 1530.965 1532.326 1533.686
1590.38 1588.612 1586.844 1585.077 1582.895 1580.694 1578.493 1576.292 1574.083 1571.862 1569.642 1567.421 1565.2 1563.316 1561.482 1559.647 1557.813 1556.001 1554.233 1552.466 1550.698 1548.931 1547.259 1545.614 1543.969 1542.325 1540.684 1539.057 1537.43 1535.803 1534.176 1532.631 1531.122 1529.613 1528.104 1526.585 1525.011 1523.437 1521.863 1520.289 1519.136 1518.254 1517.372 1516.49 1515.673 1515.795 1515.917 1516.039 1516.161 1516.754 1517.778 1518.803 1519.828 1520.852 1522.06 1523.271 1524.483 1525.694 1526.987 1528.385 1529.783 1531.181 1532.58
1590.281 1588.546 1586.811 1585.075 1582.895 1580.694 1578.493 1576.292 1574.049 1571.748 1569.447 1567.145 1564.844 1562.948 1561.114 1559.28 1557.446 1555.644 1553.909 1552.173 1550.438 1548.703 1546.971 1545.24 1543.509 1541.778 1540.045 1538.305 1536.564 1534.824 1533.084 1531.441 1529.84 1528.239 1526.638 1525.039 1523.449 1521.859 1520.269 1518.679 1517.454 1516.464 1515.474 1514.484 1513.57 1513.751 1513.933 1514.114 1514.296 1514.953 1516.048 1517.143 1518.237 1519.332 1520.594 1521.859 1523.125 1524.39 1525.729 1527.165 1528.601 1530.037 1531.473
1590.183 1588.48 1586.777 1585.074 1582.895 1580.694 1578.493 1576.292 1574.016 1571.634 1569.251 1566.869 1564.487 1562.581 1560.747 1558.913 1557.078 1555.287 1553.584 1551.881 1550.178 1548.476 1546.683 1544.866 1543.049 1541.231 1539.405 1537.552 1535.699 1533.845 1531.992 1530.25 1528.558 1526.865 1525.173 1523.494 1521.887 1520.281 1518.675 1517.068 1515.772 1514.674 1513.576 1512.478 1511.468 1511.708 1511.949 1512.189 1512.43 1513.153 1514.318 1515.482 1516.647 1517.812 1519.128 1520.447 1521.766 1523.086 1524.472 1525.946 1527.42 1528.893 1530.367
1590.276 1588.58 1586.884 1585.188 1583.034 1580.858 1578.683 1576.507 1574.24 1571.845 1569.449 1567.053 1564.658 1562.709 1560.827 1558.945 1557.063 1555.232 1553.508 1551.784 1550.06 1548.336 1546.49 1544.609 1542.727 1540.846 1538.951 1537.01 1535.068 1533.127 1531.186 1529.35 1527.56 1525.77 1523.981 1522.212 1520.558 1518.905 1517.251 1515.598 1514.238 1513.066 1511.894 1510.722 1509.643 1509.898 1510.153 1510.408 1510.663 1511.439 1512.694 1513.948 1515.203 1516.457 1517.831 1519.207 1520.583 1521.959 1523.384 1524.873 1526.362 1527.851 1529.34
1590.546 1588.834 1587.122 1585.41 1583.301 1581.174 1579.047 1576.919 1574.701 1572.354 1570.007 1567.66 1565.313 1563.29 1561.317 1559.343 1557.369 1555.454 1553.66 1551.866 1550.072 1548.278 1546.382 1544.458 1542.534 1540.61 1538.666 1536.66 1534.654 1532.648 1530.642 1528.715 1526.823 1524.931 1523.039 1521.171 1519.443 1517.714 1515.985 1514.256 1512.84 1511.625 1510.41 1509.195 1508.074 1508.302 1508.53 1508.758 1508.986 1509.805 1511.168 1512.53 1513.892 1515.255 1516.689 1518.124 1519.559 1520.995 1522.451 1523.934 1525.418 1526.902 1528.385
1590.816 1589.087 1587.359 1585.631 1583.568 1581.489 1579.41 1577.332 1575.162 1572.864 1570.565 1568.266 1565.968 1563.872 1561.807 1559.741 1557.676 1555.676 1553.812 1551.948 1550.084 1548.22 1546.275 1544.308 1542.34 1540.373 1538.381 1536.31 1534.24 1532.169 1530.098 1528.081 1526.086 1524.091 1522.097 1520.131 1518.327 1516.522 1514.718 1512.914 1511.442 1510.184 1508.926 1507.667 1506.504 1506.705 1506.906 1507.107 1507.308 1508.172 1509.642 1511.112 1512.582 1514.052 1515.546 1517.041 1518.536 1520.03 1521.518 1522.996 1524.474 1525.952 1527.43
1591.085 1589.341 1587.596 1585.852 1583.834 1581.804 1579.774 1577.744 1575.623 1573.373 1571.123 1568.873 1566.623 1564.454 1562.297 1560.14 1557.983 1555.898 1553.964 1552.03 1550.096 1548.162 1546.168 1544.157 1542.147 1540.137 1538.096 1535.961 1533.825 1531.69 1529.555 1527.446 1525.349 1523.252 1521.155 1519.091 1517.211 1515.331 1513.452 1511.572 1510.044 1508.743 1507.441 1506.14 1504.935 1505.109 1505.283 1505.457 1505.631 1506.538 1508.116 1509.694 1511.272 1512.85 1514.404 1515.958 1517.512 1519.066 1520.585 1522.057 1523.53 1525.003 1526.476
1591.355 1589.594 1587.834 1586.073 1584.101 1582.12 1580.138 1578.157 1576.084 1573.883 1571.681 1569.479 1567.278 1565.035 1562.787 1560.538 1558.289 1556.12 1554.116 1552.112 1550.108 1548.104 1546.061 1544.007 1541.954 1539.9 1537.811 1535.611 1533.411 1531.211 1529.011 1526.811 1524.612 1522.412 1520.213 1518.051 1516.095 1514.14 1512.185 1510.23 1508.646 1507.302 1505.957 1504.613 1503.366 1503.513 1503.66 1503.807 1503.954 1504.904 1506.59 1508.276 1509.961 1511.647 1513.262 1514.875 1516.489 1518.102 1519.652 1521.119 1522.586 1524.054 1525.521
1592.179 1590.434 1588.69 1586.945 1584.974 1582.993 1581.012 1579.032 1576.947 1574.714 1572.481 1570.248 1568.016 1565.68 1563.329 1560.978 1558.627 1556.328 1554.137 1551.946 1549.755 1547.564 1545.43 1543.312 1541.194 1539.076 1536.934 1534.717 1532.5 1530.283 1528.066 1525.827 1523.579 1521.33 1519.081 1516.874 1514.896 1512.918 1510.941 1508.963 1507.442 1506.214 1504.985 1503.757 1502.623 1502.833 1503.044 1503.254 1503.465 1504.463 1506.182 1507.901 1509.62 1511.339 1512.987 1514.633 1516.279 1517.925 1519.493 1520.961 1522.428 1523.895 1525.362
1593.012 1591.283 1589.554 1587.826 1585.856 1583.875 1581.894 1579.913 1577.815 1575.55 1573.285 1571.02 1568.755 1566.326 1563.873 1561.419 1558.966 1556.536 1554.156 1551.777 1549.397 1547.017 1544.791 1542.609 1540.426 1538.244 1536.049 1533.816 1531.583 1529.349 1527.116 1524.838 1522.541 1520.244 1517.947 1515.695 1513.696 1511.696 1509.697 1507.698 1506.24 1505.131 1504.021 1502.911 1501.892 1502.167 1502.443 1502.718 1502.993 1504.038 1505.79 1507.542 1509.293 1511.045 1512.725 1514.403 1516.081 1517.76 1519.346 1520.814 1522.281 1523.748 1525.215
1593.844 1592.132 1590.419 1588.707 1586.738 1584.757 1582.776 1580.795 1578.684 1576.386 1574.089 1571.791 1569.494 1566.972 1564.416 1561.86 1559.304 1556.744 1554.176 1551.607 1549.039 1546.47 1544.153 1541.906 1539.658 1537.411 1535.163 1532.914 1530.664 1528.415 1526.166 1523.849 1521.504 1519.158 1516.812 1514.516 1512.495 1510.474 1508.453 1506.433 1505.039 1504.048 1503.057 1502.066 1501.162 1501.502 1501.841 1502.181 1502.521 1503.614 1505.398 1507.182 1508.966 1510.75 1512.462 1514.173 1515.884 1517.594 1519.199 1520.667 1522.134 1523.601 1525.068
1594.677 1592.981 1591.284 1589.588 1587.62 1585.639 1583.658 1581.677 1579.552 1577.222 1574.892 1572.563 1570.233 1567.617 1564.959 1562.301 1559.643 1556.952 1554.195 1551.438 1548.68 1545.923 1543.514 1541.202 1538.89 1536.578 1534.277 1532.012 1529.746 1527.481 1525.215 1522.86 1520.466 1518.072 1515.677 1513.337 1511.294 1509.252 1507.21 1505.167 1503.837 1502.965 1502.093 1501.22 1500.431 1500.836 1501.24 1501.645 1502.049 1503.19 1505.007 1506.823 1508.639 1510.456 1512.2 1513.943 1515.686 1517.429 1519.052 1520.52 1521.987 1523.454 1524.921
1595.373 1593.749 1592.124 1590.5 1588.493 1586.468 1584.444 1582.419 1580.236 1577.828 1575.42 1573.012 1570.604 1567.893 1565.137 1562.382 1559.626 1556.833 1553.965 1551.096 1548.228 1545.359 1542.88 1540.508 1538.136 1535.764 1533.408 1531.102 1528.796 1526.49 1524.184 1521.792 1519.361 1516.93 1514.5 1512.135 1510.136 1508.138 1506.139 1504.141 1502.913 1502.181 1501.449 1500.717 1500.065 1500.556 1501.047 1501.538 1502.029 1503.205 1505.007 1506.81 1508.612 1510.415 1512.151 1513.885 1515.619 1517.353 1518.971 1520.439 1521.906 1523.373 1524.84
1595.902 1594.417 1592.933 1591.449 1589.355 1587.234 1585.112 1582.991 1580.695 1578.152 1575.609 1573.066 1570.523 1567.715 1564.868 1562.021 1559.173 1556.313 1553.429 1550.544 1547.66 1544.775 1542.25 1539.824 1537.398 1534.972 1532.558 1530.182 1527.807 1525.43 1523.054 1520.625 1518.173 1515.721 1513.269 1510.904 1509.03 1507.155 1505.281 1503.406 1502.329 1501.764 1501.199 1500.635 1500.146 1500.75 1501.354 1501.959 1502.563 1503.756 1505.488 1507.221 1508.953 1510.686 1512.362 1514.037 1515.712 1517.387 1518.971 1520.439 1521.906 1523.373 1524.84
1596.43 1595.086 1593.742 1592.398 1590.218 1587.999 1585.781 1583.562 1581.154 1578.476 1575.798 1573.121 1570.443 1567.538 1564.599 1561.66 1558.72 1555.794 1552.893 1549.992 1547.092 1544.191 1541.62 1539.14 1536.66 1534.181 1531.709 1529.263 1526.817 1524.371 1521.925 1519.459 1516.985 1514.511 1512.038 1509.674 1507.923 1506.173 1504.422 1502.672 1501.745 1501.347 1500.949 1500.552 1500.227 1500.944 1501.662 1502.379 1503.097 1504.307 1505.97 1507.632 1509.294 1510.957 1512.573 1514.189 1515.805 1517.42 1518.971 1520.439 1521.906 1523.373 1524.84
1596.959 1595.755 1594.551 1593.347 1591.08 1588.765 1586.449 1584.133 1581.613 1578.8 1575.988 1573.175 1570.363 1567.36 1564.329 1561.299 1558.268 1555.274 1552.357 1549.44 1546.523 1543.606 1540.99 1538.456 1535.922 1533.389 1530.859 1528.343 1525.827 1523.311 1520.795 1518.293 1515.797 1513.302 1510.807 1508.444 1506.817 1505.191 1503.564 1501.938 1501.161 1500.93 1500.7 1500.469 1500.308 1501.138 1501.969 1502.8 1503.63 1504.859 1506.451 1508.043 1509.635 1511.228 1512.785 1514.341 1515.898 1517.454 1518.971 1520.439 1521.906 1523.373 1524.84
1597.488 1596.424 1595.36 1594.296 1591.943 1589.53 1587.117 1584.705 1582.071 1579.124 1576.177 1573.229 1570.282 1567.182 1564.06 1560.938 1557.815 1554.755 1551.821 1548.888 1545.955 1543.022 1540.359 1537.772 1535.184 1532.597 1530.01 1527.423 1524.837 1522.251 1519.665 1517.127 1514.61 1512.093 1509.576 1507.213 1505.711 1504.208 1502.706 1501.203 1500.577 1500.513 1500.45 1500.386 1500.389 1501.333 1502.276 1503.22 1504.164 1505.41 1506.932 1508.454 1509.977 1511.499 1512.996 1514.493 1515.99 1517.487 1518.971 1520.439 1521.906 1523.373 1524.84
1597.025 1596.097 1595.168 1594.239 1591.883 1589.462 1587.041 1584.62 1581.934 1578.872 1575.81 1572.747 1569.685 1566.448 1563.184 1559.921 1556.658 1553.516 1550.626 1547.736 1544.845 1541.955 1539.248 1536.592 1533.936 1531.28 1528.633 1526.016 1523.399 1520.782 1518.165 1515.668 1513.223 1510.778 1508.333 1506.065 1504.785 1503.505 1502.225 1500.945 1500.459 1500.484 1500.509 1500.534 1500.622 1501.615 1502.608 1503.601 1504.594 1505.837 1507.309 1508.781 1510.253 1511.725 1513.202 1514.679 1516.156 1517.633 1519.093 1520.531 1521.968 1523.406 1524.844
1596.468 1595.674 1594.88 1594.087 1591.736 1589.315 1586.894 1584.473 1581.741 1578.565 1575.39 1572.214 1569.038 1565.66 1562.251 1558.842 1555.433 1552.209 1549.368 1546.526 1543.684 1540.842 1538.091 1535.365 1532.639 1529.912 1527.206 1524.562 1521.918 1519.274 1516.63 1514.181 1511.817 1509.453 1507.088 1504.925 1503.876 1502.828 1501.78 1500.731 1500.386 1500.491 1500.597 1500.703 1500.87 1501.906 1502.942 1503.978 1505.015 1506.253 1507.676 1509.099 1510.523 1511.946 1513.406 1514.867 1516.328 1517.789 1519.226 1520.631 1522.036 1523.442 1524.847
1595.911 1595.252 1594.593 1593.934 1591.589 1589.168 1586.747 1584.326 1581.547 1578.258 1574.969 1571.681 1568.392 1564.872 1561.318 1557.763 1554.209 1550.902 1548.109 1545.316 1542.523 1539.73 1536.934 1534.138 1531.341 1528.545 1525.779 1523.108 1520.437 1517.766 1515.095 1512.694 1510.411 1508.127 1505.844 1503.784 1502.968 1502.151 1501.335 1500.518 1500.313 1500.499 1500.686 1500.872 1501.117 1502.197 1503.276 1504.355 1505.435 1506.668 1508.043 1509.418 1510.793 1512.168 1513.611 1515.056 1516.5 1517.945 1519.359 1520.732 1522.105 1523.478 1524.851
1595.354 1594.829 1594.305 1593.781 1591.442 1589.021 1586.6 1584.179 1581.353 1577.951 1574.549 1571.147 1567.745 1564.084 1560.384 1556.684 1552.984 1549.596 1546.851 1544.106 1541.362 1538.617 1535.777 1532.911 1530.044 1527.178 1524.352 1521.654 1518.956 1516.258 1513.56 1511.207 1509.005 1506.802 1504.6 1502.644 1502.059 1501.474 1500.89 1500.305 1500.239 1500.507 1500.774 1501.042 1501.365 1502.488 1503.61 1504.733 1505.855 1507.084 1508.41 1509.737 1511.063 1512.389 1513.816 1515.244 1516.673 1518.101 1519.491 1520.832 1522.173 1523.514 1524.854
1593.963 1593.583 1593.204 1592.825 1590.539 1588.167 1585.795 1583.422 1580.609 1577.169 1573.729 1570.289 1566.849 1563.145 1559.401 1555.657 1551.913 1548.498 1545.766 1543.033 1540.3 1537.567 1534.647 1531.674 1528.701 1525.728 1522.813 1520.087 1517.36 1514.633 1511.906 1509.661 1507.627 1505.593 1503.558 1501.772 1501.369 1500.965 1500.562 1500.158 1500.215 1500.567 1500.92 1501.272 1501.677 1502.834 1503.992 1505.149 1506.307 1507.528 1508.808 1510.088 1511.368 1512.648 1514.037 1515.429 1516.821 1518.213 1519.574 1520.895 1522.215 1523.536 1524.856
