data/zism_data/00461_01_D.txt
ncols         224
nrows         224
[rows 58 to 86 of 224, columns 64 to 127 of 224]
1509.694 1509.806 1509.919 1510.0 1510.0 1510.0 1510.0 1510.0 1510.0 1510.0 1510.0 1510.0 1510.009 1510.063 1510.117 1510.171 1510.224 1510.348 1510.514 1510.68 1510.846 1511.0 1511.0 1511.0 1511.0 1511.0 1511.053 1511.156 1511.259 1511.361 1511.464 1511.58 1511.698 1511.815 1511.932 1512.068 1512.229 1512.39 1512.551 1512.712 1512.783 1512.84 1512.897 1512.954 1513.01 1513.066 1513.121 1513.176 1513.232 1513.327 1513.434 1513.542 1513.649 1513.736 1513.749 1513.762 1513.775 1513.788 1513.823 1513.869 1513.914 1513.96 1514.0 1514.0
1509.781 1509.862 1509.942 1510.0 1510.0 1510.0 1510.0 1510.0 1510.0 1510.0 1510.0 1510.0 1510.012 1510.082 1510.152 1510.221 1510.291 1510.411 1510.561 1510.711 1510.861 1511.0 1511.0 1511.0 1511.0 1511.0 1511.062 1511.18 1511.299 1511.418 1511.536 1511.638 1511.739 1511.84 1511.941 1512.088 1512.297 1512.506 1512.716 1512.925 1512.978 1513.009 1513.039 1513.069 1513.106 1513.156 1513.206 1513.256 1513.306 1513.425 1513.564 1513.703 1513.843 1513.953 1513.955 1513.957 1513.96 1513.962 1513.968 1513.976 1513.985 1513.993 1514.0 1514.0
1509.8 1509.874 1509.947 1510.0 1510.0 1510.0 1510.0 1510.0 1510.0 1510.0 1510.0 1510.0 1510.017 1510.115 1510.214 1510.312 1510.41 1510.523 1510.644 1510.766 1510.887 1511.002 1511.027 1511.052 1511.077 1511.102 1511.173 1511.287 1511.401 1511.515 1511.628 1511.71 1511.791 1511.872 1511.953 1512.092 1512.312 1512.532 1512.752 1512.971 1513.05 1513.108 1513.166 1513.224 1513.288 1513.366 1513.444 1513.522 1513.6 1513.712 1513.833 1513.954 1514.076 1514.171 1514.171 1514.171 1514.171 1514.171 1514.171 1514.171 1514.171 1514.171 1514.169 1514.157
1509.8 1509.874 1509.947 1510.0 1510.0 1510.0 1510.0 1510.0 1510.0 1510.0 1510.0 1510.0 1510.023 1510.153 1510.283 1510.414 1510.544 1510.649 1510.738 1510.828 1510.917 1511.004 1511.061 1511.118 1511.175 1511.233 1511.314 1511.417 1511.52 1511.623 1511.726 1511.787 1511.846 1511.906 1511.965 1512.092 1512.312 1512.532 1512.752 1512.971 1513.087 1513.188 1513.289 1513.389 1513.494 1513.61 1513.725 1513.841 1513.956 1514.052 1514.141 1514.23 1514.32 1514.39 1514.39 1514.39 1514.39 1514.39 1514.39 1514.39 1514.39 1514.39 1514.386 1514.358
1509.8 1509.874 1509.947 1510.0 1510.0 1510.0 1510.0 1510.0 1510.0 1510.0 1510.0 1510.0 1510.028 1510.191 1510.353 1510.516 1510.678 1510.775 1510.832 1510.89 1510.947 1511.006 1511.096 1511.185 1511.274 1511.363 1511.454 1511.546 1511.639 1511.731 1511.823 1511.863 1511.901 1511.94 1511.978 1512.092 1512.312 1512.532 1512.752 1512.971 1513.125 1513.268 1513.411 1513.554 1513.701 1513.854 1514.007 1514.159 1514.312 1514.392 1514.449 1514.506 1514.564 1514.609 1514.609 1514.609 1514.609 1514.609 1514.609 1514.609 1514.609 1514.609 1514.604 1514.559
1509.8 1509.874 1509.947 1510.0 1510.0 1510.0 1510.0 1510.0 1510.0 1510.0 1510.0 1510.0 1510.034 1510.228 1510.423 1510.617 1510.812 1510.901 1510.926 1510.951 1510.977 1511.009 1511.13 1511.251 1511.372 1511.494 1511.594 1511.676 1511.758 1511.839 1511.921 1511.94 1511.957 1511.973 1511.99 1512.092 1512.312 1512.532 1512.752 1512.971 1513.162 1513.348 1513.534 1513.72 1513.907 1514.098 1514.288 1514.478 1514.668 1514.732 1514.757 1514.782 1514.808 1514.828 1514.828 1514.828 1514.828 1514.828 1514.828 1514.828 1514.828 1514.828 1514.82 1514.76
1509.81 1509.88 1509.949 1510.0 1510.0 1510.0 1510.0 1510.0 1510.0 1510.0 1510.0 1510.0 1510.038 1510.258 1510.478 1510.698 1510.917 1511.0 1511.0 1511.0 1511.0 1511.011 1511.16 1511.308 1511.457 1511.606 1511.715 1511.788 1511.862 1511.935 1512.008 1512.018 1512.026 1512.034 1512.042 1512.136 1512.35 1512.564 1512.779 1512.993 1513.208 1513.423 1513.638 1513.853 1514.07 1514.29 1514.51 1514.729 1514.949 1515.0 1515.0 1515.0 1515.0 1515.0 1515.0 1515.0 1515.0 1515.0 1515.005 1515.011 1515.018 1515.025 1515.024 1514.966
1509.853 1509.907 1509.961 1510.0 1510.0 1510.0 1510.0 1510.0 1510.0 1510.0 1510.0 1510.0 1510.038 1510.258 1510.478 1510.698 1510.917 1511.0 1511.0 1511.0 1511.0 1511.012 1511.171 1511.33 1511.49 1511.649 1511.764 1511.837 1511.91 1511.984 1512.057 1512.103 1512.148 1512.194 1512.239 1512.344 1512.531 1512.719 1512.906 1513.093 1513.286 1513.48 1513.674 1513.868 1514.07 1514.29 1514.51 1514.729 1514.949 1515.0 1515.0 1515.0 1515.0 1515.0 1515.0 1515.0 1515.0 1515.0 1515.026 1515.065 1515.104 1515.142 1515.178 1515.189
1509.897 1509.935 1509.973 1510.0 1510.0 1510.0 1510.0 1510.0 1510.0 1510.0 1510.0 1510.0 1510.038 1510.258 1510.478 1510.698 1510.917 1511.0 1511.0 1511.0 1511.0 1511.012 1511.182 1511.353 1511.523 1511.693 1511.812 1511.886 1511.959 1512.032 1512.105 1512.188 1512.271 1512.353 1512.436 1512.552 1512.712 1512.873 1513.034 1513.194 1513.365 1513.538 1513.71 1513.883 1514.07 1514.29 1514.51 1514.729 1514.949 1515.0 1515.0 1515.0 1515.0 1515.0 1515.0 1515.0 1515.0 1515.0 1515.047 1515.118 1515.189 1515.26 1515.332 1515.412
1509.941 1509.962 1509.984 1510.0 1510.0 1510.0 1510.0 1510.0 1510.0 1510.0 1510.0 1510.0 1510.038 1510.258 1510.478 1510.698 1510.917 1511.0 1511.0 1511.0 1511.0 1511.013 1511.194 1511.375 1511.556 1511.736 1511.861 1511.934 1512.008 1512.081 1512.154 1512.273 1512.393 1512.513 1512.633 1512.759 1512.893 1513.027 1513.161 1513.295 1513.444 1513.595 1513.746 1513.897 1514.07 1514.29 1514.51 1514.729 1514.949 1515.0 1515.0 1515.0 1515.0 1515.0 1515.0 1515.0 1515.0 1515.0 1515.069 1515.172 1515.275 1515.378 1515.486 1515.636
1509.984 1509.99 1509.996 1510.0 1510.0 1510.0 1510.0 1510.0 1510.0 1510.0 1510.0 1510.0 1510.038 1510.258 1510.478 1510.698 1510.917 1511.0 1511.0 1511.0 1511.0 1511.014 1511.205 1511.397 1511.588 1511.78 1511.91 1511.983 1512.056 1512.129 1512.203 1512.358 1512.515 1512.673 1512.83 1512.967 1513.074 1513.181 1513.288 1513.396 1513.522 1513.652 1513.782 1513.912 1514.07 1514.29 1514.51 1514.729 1514.949 1515.0 1515.0 1515.0 1515.0 1515.0 1515.0 1515.0 1515.0 1515.0 1515.09 1515.225 1515.36 1515.495 1515.64 1515.859
1510.0 1510.0 1510.0 1510.0 1510.0 1510.0 1510.0 1510.0 1510.015 1510.036 1510.056 1510.077 1510.128 1510.328 1510.527 1510.726 1510.925 1511.0 1511.0 1511.0 1511.0 1511.014 1511.213 1511.412 1511.611 1511.809 1511.943 1512.016 1512.089 1512.162 1512.236 1512.4 1512.568 1512.735 1512.903 1513.045 1513.153 1513.261 1513.369 1513.477 1513.592 1513.707 1513.822 1513.937 1514.085 1514.301 1514.517 1514.734 1514.95 1515.016 1515.036 1515.057 1515.078 1515.096 1515.106 1515.117 1515.127 1515.137 1515.231 1515.368 1515.504 1515.64 1515.789 1516.041
1510.0 1510.0 1510.0 1510.0 1510.0 1510.0 1510.0 1510.0 1510.038 1510.091 1510.143 1510.196 1510.269 1510.436 1510.603 1510.77 1510.937 1511.0 1511.0 1511.0 1511.0 1511.015 1511.219 1511.423 1511.627 1511.831 1511.967 1512.04 1512.114 1512.187 1512.26 1512.42 1512.582 1512.744 1512.906 1513.052 1513.176 1513.3 1513.424 1513.548 1513.655 1513.76 1513.864 1513.969 1514.107 1514.318 1514.529 1514.74 1514.951 1515.04 1515.093 1515.146 1515.198 1515.245 1515.272 1515.298 1515.324 1515.351 1515.44 1515.56 1515.68 1515.8 1515.937 1516.198
1510.0 1510.0 1510.0 1510.0 1510.0 1510.0 1510.0 1510.0 1510.061 1510.146 1510.231 1510.316 1510.409 1510.544 1510.679 1510.814 1510.949 1511.0 1511.0 1511.0 1511.0 1511.015 1511.225 1511.434 1511.644 1511.853 1511.991 1512.065 1512.138 1512.211 1512.284 1512.439 1512.595 1512.752 1512.909 1513.059 1513.199 1513.339 1513.479 1513.619 1513.719 1513.813 1513.906 1514.0 1514.13 1514.335 1514.541 1514.747 1514.952 1515.065 1515.15 1515.234 1515.319 1515.395 1515.437 1515.479 1515.522 1515.564 1515.648 1515.752 1515.856 1515.96 1516.084 1516.356
1510.0 1510.0 1510.0 1510.0 1510.0 1510.0 1510.0 1510.0 1510.085 1510.201 1510.318 1510.435 1510.549 1510.652 1510.755 1510.858 1510.961 1511.0 1511.0 1511.0 1511.0 1511.016 1511.23 1511.445 1511.66 1511.875 1512.016 1512.089 1512.162 1512.235 1512.309 1512.458 1512.609 1512.761 1512.912 1513.066 1513.222 1513.378 1513.534 1513.69 1513.782 1513.866 1513.949 1514.032 1514.152 1514.353 1514.553 1514.753 1514.954 1515.09 1515.206 1515.323 1515.44 1515.544 1515.602 1515.661 1515.719 1515.778 1515.856 1515.944 1516.032 1516.12 1516.231 1516.514
1510.0 1510.0 1510.0 1510.0 1510.0 1510.0 1510.0 1510.0 1510.107 1510.255 1510.402 1510.55 1510.684 1510.757 1510.829 1510.901 1510.973 1511.002 1511.006 1511.009 1511.013 1511.032 1511.248 1511.464 1511.68 1511.897 1512.039 1512.115 1512.191 1512.266 1512.342 1512.484 1512.628 1512.772 1512.916 1513.072 1513.244 1513.416 1513.587 1513.759 1513.847 1513.923 1513.998 1514.074 1514.187 1514.379 1514.571 1514.763 1514.955 1515.113 1515.261 1515.409 1515.556 1515.688 1515.761 1515.834 1515.908 1515.981 1516.055 1516.129 1516.204 1516.278 1516.378 1516.67
1510.0 1510.0 1510.0 1510.0 1510.0 1510.0 1510.0 1510.0 1510.119 1510.282 1510.446 1510.61 1510.755 1510.811 1510.867 1510.923 1510.979 1511.032 1511.084 1511.135 1511.187 1511.247 1511.415 1511.583 1511.751 1511.92 1512.056 1512.164 1512.271 1512.379 1512.487 1512.599 1512.711 1512.823 1512.935 1513.077 1513.259 1513.441 1513.624 1513.806 1513.924 1514.031 1514.139 1514.246 1514.367 1514.517 1514.666 1514.816 1514.965 1515.126 1515.289 1515.453 1515.617 1515.761 1515.834 1515.907 1515.981 1516.054 1516.139 1516.229 1516.319 1516.41 1516.522 1516.798
1510.0 1510.0 1510.0 1510.0 1510.0 1510.0 1510.0 1510.0 1510.13 1510.31 1510.49 1510.669 1510.825 1510.865 1510.905 1510.945 1510.985 1511.062 1511.162 1511.261 1511.361 1511.462 1511.582 1511.703 1511.823 1511.943 1512.073 1512.213 1512.352 1512.492 1512.632 1512.714 1512.794 1512.874 1512.954 1513.081 1513.274 1513.467 1513.66 1513.853 1514.0 1514.14 1514.28 1514.419 1514.548 1514.655 1514.762 1514.869 1514.975 1515.138 1515.318 1515.497 1515.677 1515.834 1515.907 1515.98 1516.054 1516.127 1516.222 1516.329 1516.435 1516.542 1516.666 1516.926
1510.0 1510.0 1510.0 1510.0 1510.0 1510.0 1510.0 1510.0 1510.142 1510.338 1510.533 1510.729 1510.895 1510.919 1510.943 1510.967 1510.991 1511.092 1511.24 1511.388 1511.535 1511.678 1511.75 1511.822 1511.894 1511.966 1512.09 1512.261 1512.433 1512.605 1512.777 1512.828 1512.876 1512.924 1512.972 1513.086 1513.289 1513.493 1513.697 1513.901 1514.077 1514.248 1514.42 1514.592 1514.729 1514.793 1514.857 1514.921 1514.985 1515.15 1515.346 1515.542 1515.738 1515.907 1515.98 1516.053 1516.126 1516.2 1516.306 1516.428 1516.551 1516.673 1516.81 1517.054
1510.0 1510.0 1510.0 1510.0 1510.0 1510.0 1510.0 1510.0 1510.153 1510.365 1510.577 1510.789 1510.965 1510.973 1510.981 1510.989 1510.997 1511.122 1511.318 1511.514 1511.71 1511.893 1511.917 1511.941 1511.965 1511.989 1512.106 1512.31 1512.514 1512.718 1512.922 1512.943 1512.959 1512.975 1512.991 1513.09 1513.305 1513.519 1513.733 1513.948 1514.153 1514.357 1514.561 1514.765 1514.91 1514.931 1514.953 1514.974 1514.995 1515.163 1515.375 1515.586 1515.798 1515.98 1516.053 1516.126 1516.199 1516.273 1516.39 1516.528 1516.667 1516.805 1516.954 1517.182
1510.0 1510.0 1510.0 1510.004 1510.021 1510.037 1510.053 1510.069 1510.221 1510.425 1510.628 1510.832 1511.001 1511.006 1511.012 1511.017 1511.022 1511.158 1511.372 1511.587 1511.801 1512.002 1512.023 1512.045 1512.066 1512.088 1512.204 1512.408 1512.611 1512.815 1513.019 1513.043 1513.062 1513.08 1513.099 1513.197 1513.403 1513.609 1513.816 1514.022 1514.231 1514.44 1514.649 1514.858 1515.005 1515.021 1515.037 1515.054 1515.07 1515.23 1515.433 1515.637 1515.841 1516.018 1516.102 1516.186 1516.27 1516.354 1516.473 1516.609 1516.744 1516.88 1517.025 1517.239
1510.0 1510.0 1510.0 1510.013 1510.062 1510.11 1510.158 1510.206 1510.344 1510.515 1510.687 1510.858 1511.003 1511.019 1511.035 1511.051 1511.067 1511.2 1511.404 1511.607 1511.811 1512.005 1512.069 1512.133 1512.198 1512.262 1512.382 1512.554 1512.725 1512.897 1513.068 1513.128 1513.184 1513.24 1513.297 1513.405 1513.584 1513.764 1513.943 1514.123 1514.309 1514.497 1514.685 1514.872 1515.015 1515.064 1515.112 1515.16 1515.208 1515.351 1515.523 1515.694 1515.866 1516.023 1516.128 1516.234 1516.339 1516.444 1516.556 1516.67 1516.785 1516.899 1517.024 1517.227
1510.0 1510.0 1510.0 1510.022 1510.102 1510.183 1510.263 1510.343 1510.466 1510.606 1510.745 1510.885 1511.005 1511.031 1511.058 1511.085 1511.112 1511.242 1511.435 1511.628 1511.821 1512.008 1512.115 1512.222 1512.329 1512.436 1512.56 1512.699 1512.839 1512.978 1513.118 1513.213 1513.306 1513.4 1513.494 1513.612 1513.765 1513.918 1514.071 1514.224 1514.388 1514.554 1514.721 1514.887 1515.026 1515.106 1515.186 1515.266 1515.347 1515.472 1515.612 1515.751 1515.891 1516.028 1516.154 1516.281 1516.408 1516.535 1516.639 1516.732 1516.825 1516.918 1517.022 1517.215
1510.0 1510.0 1510.0 1510.031 1510.143 1510.256 1510.368 1510.48 1510.589 1510.696 1510.804 1510.911 1511.006 1511.044 1511.081 1511.119 1511.156 1511.284 1511.466 1511.649 1511.831 1512.011 1512.161 1512.31 1512.46 1512.61 1512.738 1512.845 1512.952 1513.06 1513.167 1513.298 1513.429 1513.56 1513.691 1513.82 1513.946 1514.072 1514.198 1514.324 1514.467 1514.612 1514.756 1514.901 1515.036 1515.148 1515.26 1515.373 1515.485 1515.594 1515.701 1515.808 1515.916 1516.032 1516.18 1516.328 1516.477 1516.625 1516.722 1516.793 1516.865 1516.937 1517.021 1517.203
1510.0 1510.0 1510.0 1510.04 1510.184 1510.328 1510.473 1510.617 1510.712 1510.787 1510.862 1510.938 1511.008 1511.057 1511.105 1511.153 1511.201 1511.326 1511.498 1511.669 1511.841 1512.014 1512.206 1512.399 1512.592 1512.784 1512.915 1512.991 1513.066 1513.141 1513.217 1513.383 1513.551 1513.719 1513.888 1514.027 1514.127 1514.226 1514.326 1514.425 1514.545 1514.669 1514.792 1514.916 1515.046 1515.19 1515.335 1515.479 1515.624 1515.715 1515.79 1515.866 1515.941 1516.037 1516.206 1516.376 1516.545 1516.715 1516.805 1516.855 1516.905 1516.956 1517.02 1517.192
1510.046 1510.071 1510.095 1510.151 1510.288 1510.424 1510.561 1510.697 1510.777 1510.835 1510.894 1510.952 1511.009 1511.063 1511.117 1511.171 1511.225 1511.348 1511.514 1511.68 1511.846 1512.015 1512.215 1512.415 1512.615 1512.816 1512.965 1513.069 1513.172 1513.275 1513.378 1513.528 1513.679 1513.83 1513.981 1514.113 1514.221 1514.329 1514.436 1514.544 1514.664 1514.786 1514.908 1515.03 1515.157 1515.294 1515.43 1515.567 1515.703 1515.806 1515.9 1515.993 1516.086 1516.191 1516.337 1516.483 1516.629 1516.775 1516.859 1516.913 1516.967 1517.021 1517.087 1517.253
1510.094 1510.146 1510.198 1510.27 1510.396 1510.521 1510.647 1510.773 1510.838 1510.881 1510.923 1510.965 1511.01 1511.069 1511.129 1511.188 1511.247 1511.369 1511.53 1511.69 1511.851 1512.015 1512.221 1512.426 1512.632 1512.838 1513.006 1513.142 1513.277 1513.412 1513.547 1513.677 1513.807 1513.936 1514.066 1514.191 1514.309 1514.427 1514.546 1514.664 1514.786 1514.908 1515.03 1515.152 1515.275 1515.401 1515.527 1515.653 1515.779 1515.896 1516.01 1516.125 1516.24 1516.355 1516.474 1516.594 1516.713 1516.832 1516.911 1516.97 1517.03 1517.089 1517.16 1517.32
1510.143 1510.222 1510.3 1510.388 1510.504 1510.619 1510.734 1510.849 1510.9 1510.926 1510.952 1510.978 1511.011 1511.076 1511.14 1511.205 1511.269 1511.39 1511.546 1511.701 1511.856 1512.015 1512.226 1512.437 1512.648 1512.859 1513.048 1513.215 1513.382 1513.55 1513.717 1513.827 1513.935 1514.043 1514.151 1514.268 1514.397 1514.526 1514.655 1514.784 1514.907 1515.029 1515.151 1515.274 1515.393 1515.509 1515.624 1515.739 1515.854 1515.985 1516.121 1516.257 1516.393 1516.52 1516.612 1516.705 1516.797 1516.89 1516.964 1517.028 1517.093 1517.157 1517.232 1517.387
1510.192 1510.297 1510.402 1510.507 1510.612 1510.716 1510.82 1510.925 1510.961 1510.971 1510.981 1510.992 1511.012 1511.082 1511.152 1511.222 1511.292 1511.411 1511.561 1511.711 1511.861 1512.016 1512.232 1512.448 1512.665 1512.881 1513.089 1513.288 1513.487 1513.687 1513.886 1513.976 1514.063 1514.15 1514.237 1514.346 1514.485 1514.625 1514.765 1514.905 1515.029 1515.151 1515.273 1515.395 1515.512 1515.616 1515.721 1515.825 1515.929 1516.075 1516.232 1516.389 1516.547 1516.684 1516.75 1516.816 1516.881 1516.947 1517.016 1517.086 1517.155 1517.225 1517.304 1517.454
