data/zism_data/00463_04_D.txt
ncols         224
nrows         224
[rows 140 to 167 of 224, columns 63 to 125 of 224]
4718.378 4713.088 4707.797 4702.507 4696.792 4691.056 4685.321 4679.586 4673.635 4667.387 4661.139 4654.89 4648.642 4642.633 4636.656 4630.679 4624.701 4619.379 4615.284 4611.188 4607.093 4602.998 4602.341 4602.481 4602.623 4602.764 4604.04 4608.303 4612.565 4616.829 4621.091 4624.952 4628.671 4632.39 4636.109 4639.255 4640.15 4641.046 4641.942 4642.837 4642.628 4641.866 4641.104 4640.342 4639.458 4637.752 4636.047 4634.341 4632.636 4630.667 4628.518 4626.369 4624.219 4622.06 4619.744 4617.428 4615.111 4612.795 4610.208 4607.371 4604.534 4601.698 4598.861
4723.918 4718.472 4713.026 4707.58 4701.508 4695.408 4689.308 4683.208 4676.831 4670.072 4663.314 4656.555 4649.796 4643.582 4637.438 4631.294 4625.151 4619.697 4615.538 4611.378 4607.218 4603.059 4602.067 4601.811 4601.554 4601.298 4601.937 4604.933 4607.929 4610.924 4613.92 4617.411 4621.076 4624.741 4628.406 4631.644 4633.199 4634.755 4636.312 4637.868 4638.176 4637.859 4637.543 4637.227 4636.787 4635.522 4634.257 4632.992 4631.727 4630.08 4628.172 4626.265 4624.357 4622.434 4620.257 4618.081 4615.904 4613.727 4611.321 4608.705 4606.088 4603.472 4600.855
4729.458 4723.856 4718.255 4712.653 4706.225 4699.76 4693.295 4686.829 4680.026 4672.758 4665.489 4658.221 4650.952 4644.531 4638.22 4631.911 4625.6 4620.016 4615.792 4611.567 4607.343 4603.12 4601.793 4601.139 4600.486 4599.832 4599.834 4601.563 4603.292 4605.02 4606.749 4609.869 4613.48 4617.092 4620.703 4624.032 4626.249 4628.465 4630.681 4632.898 4633.723 4633.853 4633.982 4634.111 4634.116 4633.292 4632.467 4631.642 4630.817 4629.493 4627.827 4626.161 4624.495 4622.807 4620.77 4618.733 4616.696 4614.659 4612.435 4610.038 4607.642 4605.246 4602.849
4732.116 4726.452 4720.789 4715.125 4708.341 4701.506 4694.672 4687.837 4680.552 4672.645 4664.738 4656.832 4648.924 4642.335 4635.918 4629.501 4623.085 4617.594 4613.839 4610.085 4606.33 4602.576 4601.355 4600.723 4600.09 4599.458 4599.324 4600.499 4601.673 4602.848 4604.023 4606.631 4609.744 4612.858 4615.971 4618.928 4621.266 4623.605 4625.943 4628.282 4629.422 4629.963 4630.504 4631.045 4631.445 4630.902 4630.359 4629.817 4629.274 4628.147 4626.62 4625.093 4623.566 4622.021 4620.17 4618.32 4616.469 4614.619 4612.587 4610.39 4608.192 4605.995 4603.797
4734.032 4728.331 4722.63 4716.929 4709.789 4702.584 4695.379 4688.174 4680.392 4671.813 4663.236 4654.658 4646.08 4639.332 4632.824 4626.316 4619.808 4614.469 4611.321 4608.173 4605.025 4601.877 4600.875 4600.372 4599.868 4599.365 4599.222 4600.026 4600.83 4601.635 4602.439 4604.498 4607.0 4609.501 4612.002 4614.467 4616.79 4619.113 4621.435 4623.758 4625.161 4626.104 4627.048 4627.992 4628.773 4628.472 4628.171 4627.87 4627.569 4626.606 4625.192 4623.778 4622.364 4620.936 4619.284 4617.632 4615.981 4614.329 4612.493 4610.489 4608.485 4606.48 4604.476
4735.949 4730.21 4724.471 4718.732 4711.237 4703.661 4696.086 4688.51 4680.231 4670.982 4661.733 4652.484 4643.235 4636.329 4629.729 4623.13 4616.531 4611.343 4608.802 4606.26 4603.719 4601.178 4600.395 4600.021 4599.646 4599.271 4599.12 4599.553 4599.987 4600.421 4600.855 4602.365 4604.254 4606.144 4608.033 4610.007 4612.313 4614.62 4616.927 4619.233 4620.899 4622.246 4623.592 4624.938 4626.101 4626.042 4625.982 4625.923 4625.863 4625.066 4623.765 4622.463 4621.162 4619.852 4618.398 4616.945 4615.492 4614.039 4612.399 4610.588 4608.777 4606.966 4605.155
4737.866 4732.089 4726.313 4720.536 4712.685 4704.739 4696.793 4688.847 4680.071 4670.151 4660.23 4650.311 4640.39 4633.325 4626.635 4619.944 4613.253 4608.217 4606.283 4604.348 4602.414 4600.479 4599.915 4599.669 4599.424 4599.178 4599.018 4599.081 4599.145 4599.208 4599.271 4600.232 4601.509 4602.787 4604.064 4605.547 4607.837 4610.128 4612.418 4614.708 4616.638 4618.387 4620.136 4621.885 4623.429 4623.611 4623.793 4623.976 4624.158 4623.526 4622.337 4621.148 4619.959 4618.767 4617.513 4616.258 4615.004 4613.75 4612.305 4610.688 4609.07 4607.452 4605.834
4738.117 4732.238 4726.361 4720.483 4712.333 4704.081 4695.829 4687.576 4678.447 4668.107 4657.768 4647.429 4637.089 4630.144 4623.643 4617.142 4610.641 4605.908 4604.492 4603.075 4601.658 4600.241 4599.83 4599.653 4599.476 4599.299 4599.101 4598.848 4598.595 4598.342 4598.089 4598.581 4599.337 4600.092 4600.848 4601.894 4604.081 4606.267 4608.453 4610.64 4612.743 4614.804 4616.865 4618.927 4620.771 4621.171 4621.571 4621.971 4622.371 4621.906 4620.85 4619.794 4618.739 4617.682 4616.605 4615.53 4614.454 4613.378 4612.112 4610.671 4609.23 4607.79 4606.349
4732.902 4726.713 4720.524 4714.334 4706.079 4697.73 4689.381 4681.032 4672.018 4662.086 4652.155 4642.224 4632.293 4626.377 4620.987 4615.598 4610.208 4606.279 4605.087 4603.896 4602.705 4601.513 4601.041 4600.735 4600.429 4600.123 4599.793 4599.4 4599.008 4598.615 4598.223 4598.512 4599.042 4599.572 4600.102 4600.889 4602.684 4604.478 4606.272 4608.067 4610.05 4612.127 4614.205 4616.282 4618.159 4618.699 4619.238 4619.778 4620.317 4620.027 4619.17 4618.313 4617.456 4616.592 4615.629 4614.666 4613.703 4612.74 4611.592 4610.274 4608.957 4607.64 4606.322
4727.688 4721.188 4714.687 4708.186 4699.825 4691.379 4682.934 4674.488 4665.589 4656.066 4646.543 4637.02 4627.496 4622.61 4618.332 4614.054 4609.776 4606.65 4605.684 4604.718 4603.752 4602.786 4602.251 4601.816 4601.382 4600.947 4600.485 4599.953 4599.421 4598.889 4598.356 4598.443 4598.747 4599.052 4599.356 4599.884 4601.287 4602.689 4604.092 4605.494 4607.357 4609.451 4611.544 4613.638 4615.547 4616.226 4616.905 4617.584 4618.264 4618.148 4617.489 4616.831 4616.172 4615.503 4614.652 4613.802 4612.952 4612.101 4611.072 4609.878 4608.684 4607.49 4606.296
4722.474 4715.662 4708.85 4702.038 4693.571 4685.028 4676.486 4667.944 4659.161 4650.045 4640.93 4631.815 4622.7 4618.843 4615.676 4612.51 4609.343 4607.021 4606.28 4605.54 4604.799 4604.059 4603.462 4602.898 4602.334 4601.771 4601.177 4600.506 4599.834 4599.162 4598.49 4598.374 4598.453 4598.532 4598.611 4598.879 4599.89 4600.9 4601.911 4602.921 4604.665 4606.774 4608.884 4610.994 4612.935 4613.754 4614.572 4615.391 4616.21 4616.269 4615.809 4615.349 4614.889 4614.413 4613.676 4612.938 4612.2 4611.463 4610.552 4609.481 4608.411 4607.34 4606.27
4717.26 4710.136 4703.013 4695.889 4687.316 4678.677 4670.039 4661.399 4652.732 4644.024 4635.317 4626.61 4617.903 4615.077 4613.021 4610.966 4608.911 4607.391 4606.876 4606.361 4605.846 4605.332 4604.672 4603.98 4603.288 4602.595 4601.87 4601.058 4600.247 4599.436 4598.624 4598.304 4598.158 4598.011 4597.865 4597.874 4598.493 4599.111 4599.73 4600.349 4601.972 4604.098 4606.224 4608.35 4610.323 4611.281 4612.24 4613.198 4614.156 4614.39 4614.128 4613.867 4613.606 4613.324 4612.699 4612.074 4611.449 4610.824 4610.031 4609.084 4608.138 4607.191 4606.244
4712.791 4705.756 4698.721 4691.686 4683.49 4675.241 4666.993 4658.744 4650.724 4643.02 4635.315 4627.611 4619.907 4618.074 4617.011 4615.948 4614.885 4613.978 4613.36 4612.743 4612.125 4611.508 4610.341 4609.047 4607.754 4606.46 4605.177 4603.923 4602.669 4601.416 4600.162 4599.475 4598.987 4598.5 4598.013 4597.683 4597.971 4598.259 4598.547 4598.835 4600.212 4602.134 4604.056 4605.978 4607.788 4608.85 4609.912 4610.973 4612.035 4612.439 4612.395 4612.351 4612.306 4612.233 4611.703 4611.173 4610.643 4610.113 4609.435 4608.623 4607.81 4606.998 4606.185
4708.685 4701.935 4695.185 4688.434 4680.852 4673.231 4665.61 4657.99 4650.878 4644.468 4638.058 4631.647 4625.237 4624.38 4624.251 4624.123 4623.995 4623.604 4622.724 4621.843 4620.962 4620.082 4618.19 4616.064 4613.938 4611.813 4609.764 4607.92 4606.075 4604.23 4602.386 4601.251 4600.367 4599.482 4598.598 4597.89 4597.877 4597.864 4597.852 4597.839 4598.909 4600.519 4602.129 4603.74 4605.29 4606.438 4607.586 4608.733 4609.881 4610.455 4610.636 4610.816 4610.998 4611.142 4610.698 4610.254 4609.81 4609.365 4608.802 4608.129 4607.456 4606.783 4606.11
4704.58 4698.114 4691.648 4685.183 4678.213 4671.221 4664.228 4657.236 4651.032 4645.916 4640.8 4635.684 4630.567 4630.687 4631.492 4632.298 4633.104 4633.231 4632.087 4630.944 4629.8 4628.656 4626.04 4623.082 4620.124 4617.166 4614.351 4611.916 4609.481 4607.046 4604.61 4603.028 4601.746 4600.464 4599.182 4598.097 4597.783 4597.47 4597.157 4596.843 4597.605 4598.904 4600.203 4601.502 4602.792 4604.026 4605.26 4606.494 4607.728 4608.47 4608.876 4609.283 4609.689 4610.051 4609.693 4609.334 4608.976 4608.618 4608.168 4607.635 4607.102 4606.568 4606.035
4700.474 4694.293 4688.112 4681.931 4675.575 4669.21 4662.846 4656.482 4651.186 4647.364 4643.542 4639.72 4635.897 4636.993 4638.732 4640.472 4642.212 4642.858 4641.451 4640.044 4638.637 4637.23 4633.889 4630.099 4626.309 4622.518 4618.938 4615.912 4612.887 4609.861 4606.835 4604.804 4603.125 4601.446 4599.767 4598.304 4597.689 4597.076 4596.461 4595.847 4596.301 4597.289 4598.276 4599.264 4600.295 4601.615 4602.934 4604.254 4605.574 4606.485 4607.117 4607.749 4608.381 4608.96 4608.688 4608.415 4608.143 4607.87 4607.535 4607.141 4606.747 4606.354 4605.96
4696.878 4690.969 4685.061 4679.151 4673.432 4667.72 4662.009 4656.297 4651.905 4649.331 4646.757 4644.183 4641.609 4643.607 4646.206 4648.804 4651.403 4652.521 4650.862 4649.205 4647.546 4645.888 4641.844 4637.247 4632.649 4628.052 4623.729 4620.125 4616.521 4612.916 4609.312 4606.814 4604.707 4602.599 4600.491 4598.624 4597.701 4596.779 4595.856 4594.934 4595.075 4595.747 4596.419 4597.091 4597.857 4599.25 4600.643 4602.035 4603.428 4604.499 4605.351 4606.202 4607.054 4607.846 4607.672 4607.499 4607.325 4607.151 4606.938 4606.687 4606.437 4606.186 4605.936
4697.427 4691.69 4685.953 4680.216 4675.32 4670.462 4665.604 4660.747 4657.217 4655.518 4653.819 4652.12 4650.421 4652.735 4655.575 4658.415 4661.255 4662.477 4660.663 4658.849 4657.035 4655.221 4650.66 4645.461 4640.263 4635.064 4630.173 4626.091 4622.009 4617.927 4613.845 4610.718 4607.929 4605.139 4602.35 4599.864 4598.571 4597.278 4595.985 4594.692 4594.477 4594.8 4595.123 4595.446 4595.904 4597.265 4598.625 4599.986 4601.346 4602.506 4603.53 4604.553 4605.577 4606.542 4606.573 4606.604 4606.634 4606.664 4606.638 4606.559 4606.48 4606.401 4606.323
4697.976 4692.411 4686.845 4681.28 4677.208 4673.204 4669.2 4665.196 4662.528 4661.705 4660.881 4660.057 4659.234 4661.862 4664.944 4668.026 4671.107 4672.432 4670.462 4668.493 4666.523 4664.554 4659.476 4653.676 4647.875 4642.075 4636.617 4632.057 4627.498 4622.938 4618.378 4614.623 4611.151 4607.68 4604.208 4601.104 4599.44 4597.777 4596.114 4594.45 4593.879 4593.853 4593.827 4593.801 4593.952 4595.28 4596.608 4597.937 4599.265 4600.514 4601.709 4602.904 4604.1 4605.239 4605.474 4605.708 4605.942 4606.177 4606.337 4606.431 4606.523 4606.617 4606.709
4698.524 4693.131 4687.738 4682.344 4679.096 4675.946 4672.795 4669.645 4667.84 4667.892 4667.943 4667.995 4668.046 4670.99 4674.313 4677.636 4680.96 4682.388 4680.263 4678.137 4676.012 4673.887 4668.291 4661.89 4655.488 4649.087 4643.061 4638.023 4632.986 4627.948 4622.911 4618.526 4614.374 4610.22 4606.067 4602.344 4600.31 4598.276 4596.242 4594.208 4593.281 4592.906 4592.531 4592.156 4591.999 4593.295 4594.591 4595.887 4597.183 4598.521 4599.889 4601.255 4602.623 4603.936 4604.375 4604.813 4605.251 4605.69 4606.038 4606.302 4606.567 4606.832 4607.097
4699.073 4693.852 4688.63 4683.409 4680.984 4678.688 4676.391 4674.094 4673.152 4674.079 4675.005 4675.932 4676.858 4680.117 4683.682 4687.247 4690.812 4692.344 4690.063 4687.782 4685.5 4683.22 4677.106 4670.104 4663.101 4656.099 4649.505 4643.99 4638.475 4632.959 4627.443 4622.431 4617.596 4612.761 4607.926 4603.584 4601.18 4598.775 4596.371 4593.967 4592.683 4591.959 4591.235 4590.511 4590.046 4591.311 4592.574 4593.838 4595.102 4596.529 4598.068 4599.606 4601.146 4602.632 4603.275 4603.917 4604.56 4605.203 4605.738 4606.174 4606.611 4607.047 4607.484
4701.415 4696.28 4691.145 4686.01 4684.308 4682.762 4681.215 4679.669 4679.521 4681.299 4683.077 4684.855 4686.634 4689.909 4693.38 4696.852 4700.323 4701.723 4699.239 4696.755 4694.272 4691.788 4685.352 4677.998 4670.643 4663.289 4656.3 4650.271 4644.243 4638.214 4632.186 4626.603 4621.177 4615.751 4610.325 4605.415 4602.532 4599.648 4596.765 4593.881 4592.199 4591.117 4590.036 4588.954 4588.149 4589.193 4590.236 4591.28 4592.323 4593.676 4595.24 4596.803 4598.367 4599.901 4600.963 4602.024 4603.085 4604.146 4604.992 4605.642 4606.292 4606.941 4607.59
4705.238 4700.119 4695.0 4689.881 4688.817 4687.937 4687.056 4686.176 4686.763 4689.373 4691.984 4694.594 4697.205 4700.249 4703.35 4706.45 4709.551 4710.626 4707.9 4705.175 4702.45 4699.725 4693.125 4685.626 4678.126 4670.627 4663.384 4656.813 4650.242 4643.671 4637.101 4630.995 4625.054 4619.113 4613.171 4607.735 4604.283 4600.83 4597.377 4593.925 4591.81 4590.363 4588.916 4587.469 4586.298 4586.966 4587.633 4588.301 4588.969 4590.111 4591.578 4593.045 4594.513 4595.991 4597.648 4599.305 4600.962 4602.619 4603.879 4604.776 4605.672 4606.569 4607.465
4709.062 4703.958 4698.856 4693.753 4693.326 4693.111 4692.897 4692.682 4694.005 4697.448 4700.89 4704.333 4707.776 4710.588 4713.319 4716.049 4718.78 4719.529 4716.562 4713.595 4710.628 4707.661 4700.898 4693.254 4685.61 4677.966 4670.468 4663.355 4656.242 4649.128 4642.016 4635.388 4628.931 4622.475 4616.018 4610.055 4606.034 4602.012 4597.99 4593.968 4591.42 4589.608 4587.796 4585.984 4584.447 4584.739 4585.03 4585.322 4585.614 4586.547 4587.917 4589.288 4590.658 4592.08 4594.333 4596.586 4598.839 4601.092 4602.766 4603.91 4605.053 4606.196 4607.34
4712.885 4707.798 4702.711 4697.625 4697.835 4698.286 4698.738 4699.189 4701.247 4705.522 4709.797 4714.072 4718.347 4720.929 4723.289 4725.648 4728.008 4728.432 4725.223 4722.015 4718.806 4715.598 4708.671 4700.883 4693.093 4685.304 4677.552 4669.896 4662.241 4654.586 4646.931 4639.78 4632.808 4625.836 4618.864 4612.375 4607.785 4603.193 4598.603 4594.012 4591.03 4588.854 4586.676 4584.5 4582.596 4582.511 4582.427 4582.343 4582.259 4582.982 4584.256 4585.53 4586.804 4588.169 4591.018 4593.867 4596.716 4599.564 4601.653 4603.043 4604.434 4605.824 4607.215
4716.708 4711.638 4706.567 4701.497 4702.344 4703.461 4704.578 4705.695 4708.489 4713.596 4718.704 4723.811 4728.917 4731.269 4733.258 4735.248 4737.237 4737.334 4733.884 4730.434 4726.984 4723.534 4716.445 4708.511 4700.577 4692.643 4684.636 4676.438 4668.241 4660.043 4651.846 4644.173 4636.686 4629.198 4621.71 4614.695 4609.536 4604.375 4599.215 4594.056 4590.641 4588.099 4585.557 4583.015 4580.744 4580.284 4579.825 4579.365 4578.905 4579.417 4580.595 4581.772 4582.949 4584.258 4587.703 4591.147 4594.593 4598.038 4600.54 4602.177 4603.814 4605.452 4607.089
4723.287 4718.487 4713.686 4708.885 4709.982 4711.347 4712.712 4714.077 4717.153 4722.589 4728.026 4733.463 4738.899 4740.98 4742.62 4744.26 4745.9 4745.566 4741.531 4737.495 4733.459 4729.424 4721.789 4713.318 4704.848 4696.377 4687.896 4679.383 4670.871 4662.358 4653.846 4645.851 4638.038 4630.226 4622.413 4615.087 4609.67 4604.253 4598.836 4593.419 4589.728 4586.9 4584.073 4581.245 4578.668 4577.763 4576.859 4575.955 4575.05 4575.055 4575.68 4576.306 4576.931 4577.719 4581.152 4584.584 4588.017 4591.449 4594.176 4596.256 4598.336 4600.417 4602.497
4729.907 4725.38 4720.854 4716.327 4717.667 4719.273 4720.879 4722.485 4725.837 4731.596 4737.355 4743.114 4748.873 4750.682 4751.973 4753.264 4754.555 4753.788 4749.162 4744.536 4739.91 4735.284 4727.097 4718.084 4709.071 4700.059 4691.098 4682.274 4673.45 4664.626 4655.802 4647.488 4639.354 4631.219 4623.084 4615.45 4609.78 4604.111 4598.442 4592.772 4588.808 4585.695 4582.583 4579.471 4576.588 4575.238 4573.888 4572.538 4571.188 4570.68 4570.747 4570.813 4570.881 4571.142 4574.553 4577.963 4581.375 4584.786 4587.735 4590.261 4592.786 4595.312 4597.838
