data/zism_data/00462_04_D.txt
ncols         224
nrows         224
[rows 168 to 195 of 224, columns 64 to 127 of 224]
1524.194 1524.215 1524.235 1524.357 1524.483 1524.609 1524.735 1524.826 1524.868 1524.911 1524.953 1524.995 1525.009 1525.02 1525.03 1525.041 1525.12 1525.33 1525.54 1525.75 1525.96 1526.0 1526.0 1526.0 1526.0 1526.012 1526.054 1526.096 1526.138 1526.18 1526.323 1526.501 1526.68 1526.858 1527.0 1527.0 1527.0 1527.0 1527.0 1527.047 1527.117 1527.188 1527.258 1527.339 1527.489 1527.639 1527.789 1527.939 1527.942 1527.843 1527.745 1527.646 1527.542 1527.357 1527.171 1526.986 1526.8 1526.58 1526.328 1526.076 1525.823 1525.571 1525.33 1525.088
1524.294 1524.326 1524.358 1524.469 1524.585 1524.7 1524.815 1524.893 1524.919 1524.945 1524.971 1524.997 1525.014 1525.03 1525.046 1525.062 1525.143 1525.348 1525.552 1525.757 1525.961 1526.0 1526.0 1526.0 1526.0 1526.007 1526.033 1526.059 1526.085 1526.111 1526.262 1526.456 1526.651 1526.845 1527.0 1527.0 1527.0 1527.0 1527.0 1527.029 1527.072 1527.115 1527.159 1527.22 1527.397 1527.574 1527.751 1527.928 1527.964 1527.903 1527.843 1527.782 1527.714 1527.534 1527.354 1527.174 1526.994 1526.788 1526.557 1526.326 1526.096 1525.865 1525.613 1525.361
1524.395 1524.438 1524.48 1524.582 1524.686 1524.791 1524.895 1524.96 1524.97 1524.979 1524.989 1524.999 1525.019 1525.04 1525.061 1525.083 1525.166 1525.365 1525.564 1525.763 1525.963 1526.0 1526.0 1526.0 1526.0 1526.003 1526.012 1526.022 1526.032 1526.042 1526.2 1526.411 1526.621 1526.832 1527.0 1527.0 1527.0 1527.0 1527.0 1527.011 1527.027 1527.043 1527.06 1527.1 1527.305 1527.509 1527.713 1527.917 1527.986 1527.964 1527.941 1527.918 1527.887 1527.712 1527.537 1527.362 1527.188 1526.995 1526.786 1526.577 1526.368 1526.159 1525.897 1525.634
1524.503 1524.548 1524.593 1524.68 1524.77 1524.859 1524.948 1525.0 1525.0 1525.0 1525.0 1525.0 1525.026 1525.054 1525.083 1525.112 1525.197 1525.389 1525.581 1525.772 1525.964 1526.0 1526.0 1526.0 1526.0 1526.0 1526.0 1526.0 1526.0 1526.0 1526.163 1526.383 1526.604 1526.824 1527.0 1527.0 1527.0 1527.0 1527.0 1527.0 1527.0 1527.0 1527.0 1527.029 1527.249 1527.47 1527.69 1527.911 1528.0 1528.0 1528.0 1528.0 1527.991 1527.835 1527.678 1527.522 1527.365 1527.187 1526.989 1526.791 1526.593 1526.395 1526.137 1525.878
1524.624 1524.657 1524.691 1524.758 1524.825 1524.893 1524.961 1525.0 1525.0 1525.0 1525.0 1525.0 1525.035 1525.075 1525.114 1525.154 1525.243 1525.423 1525.604 1525.785 1525.966 1526.0 1526.0 1526.0 1526.0 1526.0 1526.0 1526.0 1526.0 1526.0 1526.163 1526.383 1526.604 1526.824 1527.0 1527.0 1527.0 1527.0 1527.0 1527.0 1527.0 1527.0 1527.0 1527.029 1527.249 1527.47 1527.69 1527.911 1528.0 1528.0 1528.0 1528.0 1527.993 1527.875 1527.756 1527.638 1527.519 1527.356 1527.153 1526.949 1526.746 1526.542 1526.311 1526.079
1524.744 1524.767 1524.79 1524.835 1524.881 1524.927 1524.973 1525.0 1525.0 1525.0 1525.0 1525.0 1525.045 1525.095 1525.145 1525.196 1525.288 1525.458 1525.628 1525.798 1525.968 1526.0 1526.0 1526.0 1526.0 1526.0 1526.0 1526.0 1526.0 1526.0 1526.163 1526.383 1526.604 1526.824 1527.0 1527.0 1527.0 1527.0 1527.0 1527.0 1527.0 1527.0 1527.0 1527.029 1527.249 1527.47 1527.69 1527.911 1528.0 1528.0 1528.0 1528.0 1527.995 1527.915 1527.834 1527.753 1527.673 1527.525 1527.316 1527.107 1526.898 1526.689 1526.485 1526.28
1524.864 1524.876 1524.889 1524.912 1524.937 1524.961 1524.986 1525.0 1525.0 1525.0 1525.0 1525.0 1525.054 1525.115 1525.177 1525.238 1525.333 1525.492 1525.652 1525.811 1525.97 1526.0 1526.0 1526.0 1526.0 1526.0 1526.0 1526.0 1526.0 1526.0 1526.163 1526.383 1526.604 1526.824 1527.0 1527.0 1527.0 1527.0 1527.0 1527.0 1527.0 1527.0 1527.0 1527.029 1527.249 1527.47 1527.69 1527.911 1528.0 1528.0 1528.0 1528.0 1527.998 1527.955 1527.912 1527.869 1527.826 1527.694 1527.48 1527.265 1527.051 1526.837 1526.659 1526.481
1524.984 1524.986 1524.987 1524.99 1524.993 1524.995 1524.998 1525.0 1525.0 1525.0 1525.0 1525.0 1525.064 1525.136 1525.208 1525.28 1525.378 1525.527 1525.675 1525.824 1525.972 1526.0 1526.0 1526.0 1526.0 1526.0 1526.0 1526.0 1526.0 1526.0 1526.163 1526.383 1526.604 1526.824 1527.0 1527.0 1527.0 1527.0 1527.0 1527.0 1527.0 1527.0 1527.0 1527.029 1527.249 1527.47 1527.69 1527.911 1528.0 1528.0 1528.0 1528.0 1528.0 1527.995 1527.99 1527.985 1527.98 1527.863 1527.643 1527.423 1527.204 1526.984 1526.833 1526.682
1525.067 1525.034 1525.001 1525.0 1525.0 1525.0 1525.0 1525.0 1525.0 1525.0 1525.0 1525.0 1525.065 1525.138 1525.212 1525.285 1525.384 1525.531 1525.678 1525.825 1525.972 1526.0 1526.0 1526.0 1526.0 1526.0 1526.0 1526.0 1526.0 1526.0 1526.163 1526.383 1526.604 1526.824 1527.0 1527.0 1527.0 1527.0 1527.0 1527.0 1527.0 1527.0 1527.0 1527.029 1527.249 1527.47 1527.69 1527.911 1528.0 1528.0 1528.0 1528.0 1528.0 1528.0 1528.0 1528.0 1528.0 1527.907 1527.729 1527.551 1527.373 1527.195 1527.061 1526.928
1525.145 1525.074 1525.003 1525.0 1525.0 1525.0 1525.0 1525.0 1525.0 1525.0 1525.0 1525.0 1525.065 1525.138 1525.212 1525.285 1525.384 1525.531 1525.678 1525.825 1525.972 1526.0 1526.0 1526.0 1526.0 1526.0 1526.0 1526.0 1526.0 1526.0 1526.163 1526.383 1526.604 1526.824 1527.0 1527.0 1527.0 1527.0 1527.0 1527.0 1527.0 1527.0 1527.0 1527.029 1527.249 1527.47 1527.69 1527.911 1528.0 1528.0 1528.0 1528.0 1528.0 1528.0 1528.0 1528.0 1528.0 1527.932 1527.803 1527.674 1527.544 1527.415 1527.298 1527.181
1525.222 1525.113 1525.005 1525.0 1525.0 1525.0 1525.0 1525.0 1525.0 1525.0 1525.0 1525.0 1525.065 1525.138 1525.212 1525.285 1525.384 1525.531 1525.678 1525.825 1525.972 1526.0 1526.0 1526.0 1526.0 1526.0 1526.0 1526.0 1526.0 1526.0 1526.163 1526.383 1526.604 1526.824 1527.0 1527.0 1527.0 1527.0 1527.0 1527.0 1527.0 1527.0 1527.0 1527.029 1527.249 1527.47 1527.69 1527.911 1528.0 1528.0 1528.0 1528.0 1528.0 1528.0 1528.0 1528.0 1528.0 1527.958 1527.877 1527.796 1527.716 1527.635 1527.535 1527.434
1525.299 1525.153 1525.006 1525.0 1525.0 1525.0 1525.0 1525.0 1525.0 1525.0 1525.0 1525.0 1525.065 1525.138 1525.212 1525.285 1525.384 1525.531 1525.678 1525.825 1525.972 1526.0 1526.0 1526.0 1526.0 1526.0 1526.0 1526.0 1526.0 1526.0 1526.163 1526.383 1526.604 1526.824 1527.0 1527.0 1527.0 1527.0 1527.0 1527.0 1527.0 1527.0 1527.0 1527.029 1527.249 1527.47 1527.69 1527.911 1528.0 1528.0 1528.0 1528.0 1528.0 1528.0 1528.0 1528.0 1528.0 1527.983 1527.951 1527.919 1527.887 1527.855 1527.771 1527.687
1525.335 1525.171 1525.007 1525.0 1525.0 1525.0 1525.0 1525.0 1525.0 1525.0 1525.0 1525.0 1525.065 1525.138 1525.212 1525.285 1525.384 1525.531 1525.678 1525.825 1525.972 1526.0 1526.0 1526.0 1526.0 1526.001 1526.007 1526.013 1526.018 1526.024 1526.184 1526.399 1526.614 1526.829 1527.0 1527.0 1527.0 1527.0 1527.0 1527.006 1527.015 1527.025 1527.034 1527.07 1527.287 1527.504 1527.72 1527.937 1528.033 1528.046 1528.058 1528.071 1528.083 1528.068 1528.053 1528.038 1528.024 1528.015 1528.011 1528.007 1528.004 1528.0 1527.933 1527.865
1525.291 1525.149 1525.006 1525.0 1525.0 1525.0 1525.0 1525.0 1525.0 1525.0 1525.0 1525.0 1525.065 1525.138 1525.212 1525.285 1525.384 1525.531 1525.678 1525.825 1525.972 1526.0 1526.0 1526.0 1526.0 1526.006 1526.028 1526.049 1526.071 1526.093 1526.245 1526.444 1526.643 1526.842 1527.0 1527.0 1527.0 1527.0 1527.0 1527.024 1527.06 1527.097 1527.133 1527.191 1527.397 1527.603 1527.809 1528.015 1528.129 1528.18 1528.23 1528.281 1528.326 1528.268 1528.21 1528.151 1528.094 1528.058 1528.044 1528.029 1528.015 1528.0 1527.949 1527.897
1525.247 1525.126 1525.005 1525.0 1525.0 1525.0 1525.0 1525.0 1525.0 1525.0 1525.0 1525.0 1525.065 1525.138 1525.212 1525.285 1525.384 1525.531 1525.678 1525.825 1525.972 1526.0 1526.0 1526.0 1526.0 1526.01 1526.048 1526.086 1526.124 1526.162 1526.307 1526.49 1526.672 1526.855 1527.0 1527.0 1527.0 1527.0 1527.0 1527.042 1527.105 1527.169 1527.232 1527.313 1527.508 1527.703 1527.898 1528.093 1528.225 1528.314 1528.402 1528.491 1528.568 1528.467 1528.366 1528.265 1528.163 1528.102 1528.076 1528.051 1528.026 1528.0 1527.965 1527.929
1525.203 1525.104 1525.004 1525.0 1525.0 1525.0 1525.0 1525.0 1525.0 1525.0 1525.0 1525.0 1525.065 1525.138 1525.212 1525.285 1525.384 1525.531 1525.678 1525.825 1525.972 1526.0 1526.0 1526.0 1526.0 1526.015 1526.069 1526.123 1526.177 1526.232 1526.369 1526.535 1526.701 1526.867 1527.0 1527.0 1527.0 1527.0 1527.0 1527.06 1527.151 1527.241 1527.331 1527.434 1527.618 1527.802 1527.987 1528.171 1528.321 1528.448 1528.574 1528.7 1528.811 1528.667 1528.522 1528.378 1528.233 1528.145 1528.109 1528.073 1528.037 1528.0 1527.981 1527.962
1525.158 1525.081 1525.003 1525.0 1525.0 1525.0 1525.0 1525.0 1525.0 1525.0 1525.0 1525.0 1525.065 1525.138 1525.212 1525.285 1525.384 1525.531 1525.678 1525.825 1525.972 1526.0 1526.0 1526.0 1526.0 1526.019 1526.09 1526.16 1526.231 1526.301 1526.43 1526.58 1526.73 1526.88 1527.0 1527.0 1527.0 1527.0 1527.0 1527.078 1527.196 1527.313 1527.43 1527.555 1527.729 1527.902 1528.076 1528.249 1528.417 1528.582 1528.746 1528.91 1529.054 1528.866 1528.678 1528.491 1528.303 1528.189 1528.142 1528.095 1528.048 1528.001 1527.997 1527.994
1525.123 1525.063 1525.003 1525.0 1525.0 1525.0 1525.0 1525.017 1525.056 1525.096 1525.135 1525.175 1525.233 1525.293 1525.353 1525.413 1525.508 1525.669 1525.829 1525.989 1526.149 1526.179 1526.179 1526.179 1526.179 1526.196 1526.256 1526.316 1526.377 1526.437 1526.542 1526.663 1526.783 1526.904 1527.005 1527.032 1527.058 1527.084 1527.111 1527.23 1527.397 1527.563 1527.729 1527.896 1528.063 1528.23 1528.397 1528.564 1528.739 1528.919 1529.1 1529.28 1529.435 1529.182 1528.929 1528.676 1528.423 1528.267 1528.201 1528.134 1528.068 1528.001 1527.961 1527.922
1525.09 1525.046 1525.002 1525.0 1525.0 1525.0 1525.0 1525.037 1525.125 1525.213 1525.302 1525.39 1525.439 1525.483 1525.527 1525.571 1525.661 1525.838 1526.014 1526.19 1526.367 1526.4 1526.4 1526.4 1526.4 1526.412 1526.456 1526.5 1526.544 1526.589 1526.665 1526.753 1526.842 1526.93 1527.012 1527.071 1527.13 1527.188 1527.247 1527.414 1527.634 1527.854 1528.075 1528.288 1528.449 1528.611 1528.773 1528.934 1529.114 1529.305 1529.496 1529.687 1529.848 1529.525 1529.201 1528.878 1528.555 1528.354 1528.266 1528.178 1528.089 1528.001 1527.913 1527.825
1525.057 1525.029 1525.001 1525.0 1525.0 1525.0 1525.0 1525.057 1525.194 1525.331 1525.468 1525.605 1525.645 1525.673 1525.701 1525.729 1525.814 1526.007 1526.199 1526.392 1526.584 1526.621 1526.621 1526.621 1526.621 1526.628 1526.656 1526.684 1526.712 1526.74 1526.788 1526.844 1526.9 1526.956 1527.019 1527.11 1527.201 1527.292 1527.384 1527.597 1527.871 1528.146 1528.42 1528.68 1528.836 1528.992 1529.148 1529.305 1529.488 1529.69 1529.892 1530.094 1530.261 1529.867 1529.474 1529.08 1528.686 1528.441 1528.331 1528.221 1528.111 1528.002 1527.865 1527.728
1525.024 1525.012 1525.0 1525.0 1525.0 1525.0 1525.0 1525.078 1525.264 1525.449 1525.635 1525.82 1525.852 1525.864 1525.875 1525.887 1525.967 1526.176 1526.385 1526.594 1526.802 1526.842 1526.842 1526.842 1526.842 1526.845 1526.856 1526.868 1526.88 1526.891 1526.912 1526.935 1526.958 1526.981 1527.025 1527.149 1527.272 1527.396 1527.52 1527.78 1528.109 1528.437 1528.766 1529.071 1529.222 1529.373 1529.524 1529.675 1529.862 1530.075 1530.288 1530.5 1530.674 1530.21 1529.746 1529.282 1528.818 1528.528 1528.396 1528.265 1528.133 1528.002 1527.817 1527.632
1525.027 1525.037 1525.048 1525.052 1525.055 1525.058 1525.061 1525.153 1525.369 1525.585 1525.801 1526.017 1526.043 1526.044 1526.046 1526.047 1526.125 1526.344 1526.563 1526.781 1527.0 1527.053 1527.067 1527.08 1527.094 1527.103 1527.098 1527.094 1527.089 1527.084 1527.07 1527.051 1527.033 1527.015 1527.034 1527.201 1527.368 1527.534 1527.701 1528.004 1528.374 1528.745 1529.115 1529.458 1529.619 1529.78 1529.94 1530.101 1530.284 1530.481 1530.679 1530.876 1531.032 1530.51 1529.988 1529.466 1528.944 1528.607 1528.441 1528.274 1528.107 1527.94 1527.734 1527.527
1525.121 1525.17 1525.218 1525.234 1525.247 1525.261 1525.275 1525.367 1525.567 1525.766 1525.966 1526.166 1526.195 1526.202 1526.209 1526.216 1526.295 1526.508 1526.722 1526.935 1527.149 1527.24 1527.302 1527.364 1527.427 1527.466 1527.445 1527.425 1527.404 1527.383 1527.316 1527.233 1527.15 1527.066 1527.048 1527.285 1527.522 1527.76 1527.997 1528.33 1528.711 1529.093 1529.474 1529.833 1530.042 1530.251 1530.461 1530.67 1530.824 1530.941 1531.057 1531.174 1531.251 1530.702 1530.153 1529.604 1529.055 1528.669 1528.432 1528.195 1527.957 1527.72 1527.561 1527.403
1525.215 1525.302 1525.388 1525.416 1525.44 1525.465 1525.49 1525.581 1525.765 1525.948 1526.131 1526.315 1526.347 1526.359 1526.372 1526.384 1526.464 1526.672 1526.881 1527.089 1527.297 1527.426 1527.537 1527.648 1527.76 1527.83 1527.793 1527.756 1527.719 1527.682 1527.563 1527.414 1527.266 1527.118 1527.062 1527.37 1527.677 1527.985 1528.292 1528.656 1529.048 1529.44 1529.832 1530.207 1530.465 1530.723 1530.981 1531.239 1531.365 1531.4 1531.436 1531.471 1531.471 1530.895 1530.318 1529.742 1529.166 1528.73 1528.423 1528.115 1527.808 1527.5 1527.388 1527.279
1525.31 1525.434 1525.558 1525.598 1525.633 1525.669 1525.704 1525.795 1525.962 1526.129 1526.297 1526.464 1526.499 1526.517 1526.534 1526.552 1526.634 1526.837 1527.04 1527.242 1527.445 1527.613 1527.773 1527.932 1528.092 1528.193 1528.14 1528.087 1528.033 1527.98 1527.809 1527.596 1527.383 1527.17 1527.077 1527.454 1527.832 1528.21 1528.588 1528.982 1529.385 1529.788 1530.191 1530.581 1530.888 1531.195 1531.502 1531.808 1531.906 1531.86 1531.814 1531.768 1531.69 1531.087 1530.484 1529.88 1529.277 1528.792 1528.414 1528.036 1527.658 1527.281 1527.215 1527.155
1525.404 1525.566 1525.728 1525.78 1525.826 1525.872 1525.919 1526.009 1526.16 1526.311 1526.462 1526.613 1526.651 1526.674 1526.697 1526.72 1526.804 1527.001 1527.199 1527.396 1527.593 1527.8 1528.008 1528.216 1528.425 1528.557 1528.487 1528.418 1528.348 1528.279 1528.055 1527.777 1527.5 1527.222 1527.091 1527.539 1527.987 1528.435 1528.883 1529.308 1529.722 1530.136 1530.55 1530.956 1531.311 1531.667 1532.022 1532.377 1532.446 1532.319 1532.192 1532.065 1531.909 1531.279 1530.649 1530.019 1529.388 1528.853 1528.405 1527.957 1527.509 1527.061 1527.043 1527.031
1525.474 1525.65 1525.826 1525.903 1525.977 1526.05 1526.124 1526.223 1526.358 1526.492 1526.627 1526.762 1526.853 1526.939 1527.025 1527.11 1527.243 1527.463 1527.683 1527.904 1528.124 1528.315 1528.499 1528.682 1528.866 1528.976 1528.89 1528.804 1528.719 1528.633 1528.384 1528.078 1527.772 1527.466 1527.318 1527.792 1528.265 1528.739 1529.212 1529.658 1530.091 1530.524 1530.957 1531.374 1531.693 1532.011 1532.33 1532.648 1532.668 1532.485 1532.301 1532.118 1531.909 1531.292 1530.676 1530.059 1529.443 1528.901 1528.427 1527.954 1527.48 1527.007 1527.0 1527.0
1525.537 1525.718 1525.899 1526.008 1526.114 1526.22 1526.326 1526.437 1526.556 1526.674 1526.792 1526.911 1527.072 1527.239 1527.406 1527.573 1527.769 1528.022 1528.275 1528.528 1528.781 1528.938 1529.073 1529.208 1529.343 1529.413 1529.311 1529.209 1529.107 1529.005 1528.74 1528.418 1528.096 1527.773 1527.615 1528.099 1528.583 1529.068 1529.552 1530.016 1530.471 1530.925 1531.379 1531.807 1532.061 1532.315 1532.568 1532.822 1532.787 1532.554 1532.322 1532.09 1531.837 1531.247 1530.658 1530.068 1529.479 1528.944 1528.46 1527.976 1527.491 1527.007 1527.0 1527.0
