data/zism_data/00468_01_D.txt
ncols         224
nrows         224
[rows 0 to 27 of 224, columns 126 to 188 of 224]
4326.814 4320.419 4314.673 4308.926 4303.18 4298.52 4296.94 4295.36 4293.78 4292.201 4291.189 4290.393 4289.597 4288.801 4287.85 4286.229 4284.608 4282.987 4281.367 4278.879 4275.931 4272.981 4270.033 4267.033 4263.643 4260.252 4256.862 4253.472 4249.632 4245.466 4241.3 4237.135 4232.934 4227.958 4222.981 4218.004 4213.028 4207.94 4202.743 4197.545 4192.348 4187.151 4181.006 4174.834 4168.662 4162.49 4156.385 4150.367 4144.35 4138.332 4132.314 4126.129 4119.926 4113.722 4107.519 4101.922 4097.396 4092.869 4088.343 4083.816 4080.246 4076.877 4073.509
4326.814 4320.475 4314.798 4309.122 4303.445 4298.894 4297.529 4296.165 4294.8 4293.436 4292.639 4292.058 4291.478 4290.897 4290.159 4288.743 4287.326 4285.91 4284.494 4282.033 4279.014 4275.995 4272.976 4269.902 4266.409 4262.917 4259.424 4255.932 4251.993 4247.73 4243.468 4239.205 4234.903 4229.733 4224.563 4219.393 4214.223 4208.916 4203.476 4198.037 4192.597 4187.158 4181.006 4174.834 4168.662 4162.49 4156.387 4150.375 4144.362 4138.35 4132.338 4126.222 4120.093 4113.965 4107.837 4102.376 4098.092 4093.808 4089.523 4085.239 4081.862 4078.677 4075.491
4326.814 4320.531 4314.924 4309.317 4303.711 4299.267 4298.118 4296.969 4295.819 4294.67 4294.089 4293.724 4293.358 4292.993 4292.468 4291.256 4290.045 4288.833 4287.622 4285.186 4282.097 4279.008 4275.919 4272.771 4269.176 4265.582 4261.987 4258.392 4254.354 4249.995 4245.635 4241.275 4236.872 4231.508 4226.145 4220.781 4215.417 4209.892 4204.21 4198.528 4192.846 4187.165 4181.006 4174.834 4168.662 4162.49 4156.389 4150.382 4144.375 4138.369 4132.362 4126.313 4120.261 4114.208 4108.155 4102.831 4098.788 4094.746 4090.704 4086.662 4083.478 4080.476 4077.473
4326.814 4320.586 4315.05 4309.513 4303.977 4299.641 4298.707 4297.772 4296.839 4295.905 4295.539 4295.389 4295.239 4295.089 4294.777 4293.77 4292.763 4291.756 4290.749 4288.338 4285.18 4282.021 4278.862 4275.641 4271.943 4268.247 4264.549 4260.853 4256.715 4252.259 4247.802 4243.346 4238.841 4233.284 4227.726 4222.168 4216.611 4210.867 4204.943 4199.02 4193.096 4187.172 4181.006 4174.834 4168.662 4162.49 4156.392 4150.39 4144.389 4138.387 4132.386 4126.406 4120.428 4114.451 4108.473 4103.284 4099.484 4095.684 4091.885 4088.084 4085.094 4082.275 4079.455
4327.407 4321.33 4315.911 4310.492 4305.073 4300.857 4300.048 4299.239 4298.431 4297.622 4297.362 4297.31 4297.259 4297.208 4296.96 4295.872 4294.782 4293.693 4292.604 4290.123 4286.899 4283.676 4280.453 4277.15 4273.25 4269.35 4265.45 4261.55 4257.314 4252.835 4248.356 4243.877 4239.349 4233.735 4228.122 4222.508 4216.895 4211.095 4205.115 4199.134 4193.154 4187.173 4181.084 4174.991 4168.898 4162.806 4156.799 4150.903 4145.008 4139.113 4133.218 4127.397 4121.585 4115.773 4109.961 4104.877 4101.075 4097.273 4093.472 4089.67 4086.699 4083.904 4081.108
4328.008 4322.083 4316.783 4311.482 4306.182 4302.085 4301.4 4300.715 4300.03 4299.346 4299.19 4299.235 4299.281 4299.326 4299.142 4297.966 4296.792 4295.616 4294.441 4291.888 4288.6 4285.312 4282.023 4278.641 4274.536 4270.431 4266.327 4262.222 4257.888 4253.387 4248.887 4244.386 4239.835 4234.167 4228.5 4222.833 4217.166 4211.312 4205.278 4199.244 4193.209 4187.175 4181.162 4175.15 4169.138 4163.126 4157.212 4151.424 4145.636 4139.849 4134.061 4128.401 4122.756 4117.111 4111.466 4106.487 4102.68 4098.873 4095.065 4091.258 4088.304 4085.53 4082.756
4328.609 4322.837 4317.655 4312.473 4307.291 4303.314 4302.753 4302.192 4301.63 4301.069 4301.018 4301.16 4301.303 4301.445 4301.323 4300.062 4298.8 4297.539 4296.278 4293.652 4290.3 4286.947 4283.594 4280.13 4275.821 4271.512 4267.203 4262.894 4258.461 4253.939 4249.417 4244.895 4240.321 4234.6 4228.878 4223.157 4217.436 4211.529 4205.441 4199.353 4193.265 4187.176 4181.241 4175.309 4169.378 4163.447 4157.625 4151.945 4146.265 4140.585 4134.905 4129.406 4123.928 4118.449 4112.971 4108.096 4104.284 4100.471 4096.659 4092.846 4089.909 4087.156 4084.404
4329.21 4323.591 4318.527 4313.463 4308.399 4304.542 4304.105 4303.668 4303.23 4302.793 4302.846 4303.085 4303.325 4303.564 4303.504 4302.157 4300.809 4299.462 4298.114 4295.417 4292.0 4288.583 4285.165 4281.621 4277.107 4272.593 4268.08 4263.566 4259.035 4254.491 4249.948 4245.404 4240.807 4235.032 4229.257 4223.482 4217.707 4211.746 4205.604 4199.462 4193.32 4187.178 4181.319 4175.468 4169.618 4163.767 4158.038 4152.465 4146.893 4141.321 4135.749 4130.411 4125.099 4119.788 4114.476 4109.706 4105.888 4102.07 4098.252 4094.434 4091.514 4088.782 4086.052
4330.253 4324.943 4320.15 4315.357 4310.564 4306.905 4306.46 4306.016 4305.571 4305.126 4305.105 4305.245 4305.384 4305.524 4305.368 4303.942 4302.515 4301.088 4299.662 4296.932 4293.506 4290.08 4286.654 4283.086 4278.431 4273.776 4269.121 4264.466 4259.809 4255.15 4250.491 4245.833 4241.124 4235.309 4229.494 4223.679 4217.864 4211.868 4205.696 4199.523 4193.351 4187.179 4181.468 4175.771 4170.073 4164.376 4158.793 4153.359 4147.925 4142.49 4137.056 4131.809 4126.582 4121.355 4116.129 4111.366 4107.418 4103.471 4099.524 4095.576 4092.677 4089.998 4087.318
4331.869 4327.075 4322.75 4318.425 4314.1 4310.741 4310.119 4309.497 4308.874 4308.252 4307.924 4307.708 4307.493 4307.277 4306.82 4305.323 4303.827 4302.331 4300.834 4298.122 4294.76 4291.399 4288.038 4284.52 4279.806 4275.091 4270.377 4265.663 4260.844 4255.948 4251.052 4246.157 4241.22 4235.384 4229.548 4223.711 4217.875 4211.868 4205.696 4199.523 4193.351 4187.179 4181.708 4176.258 4170.809 4165.359 4159.993 4154.737 4149.48 4144.224 4138.967 4133.718 4128.47 4123.222 4117.974 4113.092 4108.854 4104.616 4100.378 4096.14 4093.265 4090.677 4088.09
4333.485 4329.206 4325.35 4321.493 4317.636 4314.577 4313.777 4312.977 4312.177 4311.377 4310.744 4310.172 4309.602 4309.03 4308.271 4306.705 4305.139 4303.572 4302.006 4299.311 4296.015 4292.718 4289.421 4285.954 4281.18 4276.407 4271.633 4266.86 4261.878 4256.746 4251.613 4246.481 4241.317 4235.459 4229.601 4223.744 4217.886 4211.868 4205.696 4199.523 4193.351 4187.179 4181.949 4176.747 4171.544 4166.342 4161.194 4156.115 4151.036 4145.957 4140.878 4135.627 4130.358 4125.088 4119.819 4114.818 4110.289 4105.76 4101.232 4096.703 4093.854 4091.357 4088.861
4335.101 4331.337 4327.949 4324.561 4321.172 4318.413 4317.435 4316.458 4315.48 4314.503 4313.563 4312.636 4311.71 4310.784 4309.724 4308.087 4306.451 4304.814 4303.178 4300.501 4297.269 4294.037 4290.805 4287.387 4282.555 4277.722 4272.889 4268.057 4262.913 4257.543 4252.174 4246.805 4241.414 4235.534 4229.655 4223.775 4217.896 4211.868 4205.696 4199.523 4193.351 4187.179 4182.189 4177.234 4172.28 4167.325 4162.394 4157.493 4152.591 4147.69 4142.789 4137.537 4132.246 4126.955 4121.664 4116.544 4111.725 4106.905 4102.086 4097.267 4094.442 4092.037 4089.632
4336.717 4333.469 4330.548 4327.628 4324.708 4322.249 4321.094 4319.938 4318.784 4317.628 4316.382 4315.1 4313.818 4312.537 4311.175 4309.469 4307.762 4306.056 4304.35 4301.69 4298.523 4295.355 4292.188 4288.821 4283.929 4279.037 4274.146 4269.253 4263.948 4258.342 4252.735 4247.129 4241.51 4235.609 4229.708 4223.808 4217.907 4211.868 4205.696 4199.523 4193.351 4187.179 4182.43 4177.723 4173.016 4168.309 4163.594 4158.871 4154.147 4149.423 4144.7 4139.447 4134.134 4128.821 4123.509 4118.27 4113.16 4108.05 4102.94 4097.83 4095.03 4092.717 4090.404
4337.873 4335.055 4332.57 4330.085 4327.6 4325.44 4324.203 4322.965 4321.728 4320.49 4319.042 4317.515 4315.988 4314.46 4312.876 4311.047 4309.219 4307.39 4305.562 4302.827 4299.61 4296.393 4293.176 4289.759 4284.818 4279.876 4274.935 4269.993 4264.587 4258.844 4253.101 4247.358 4241.608 4235.705 4229.801 4223.898 4217.995 4211.967 4205.818 4199.669 4193.521 4187.373 4182.675 4178.02 4173.366 4168.711 4164.046 4159.367 4154.688 4150.008 4145.329 4140.036 4134.673 4129.31 4123.947 4118.68 4113.579 4108.478 4103.377 4098.276 4095.55 4093.323 4091.097
4338.969 4336.57 4334.516 4332.461 4330.407 4328.547 4327.24 4325.932 4324.625 4323.317 4321.683 4319.924 4318.165 4316.406 4314.61 4312.652 4310.694 4308.736 4306.778 4303.957 4300.675 4297.394 4294.112 4290.633 4285.643 4280.653 4275.663 4270.673 4265.174 4259.308 4253.441 4247.574 4241.706 4235.802 4229.899 4223.996 4218.092 4212.078 4205.957 4199.835 4193.713 4187.591 4182.92 4178.293 4173.666 4169.038 4164.399 4159.747 4155.095 4150.442 4145.79 4140.451 4135.035 4129.618 4124.202 4118.917 4113.864 4108.812 4103.76 4098.707 4096.061 4093.92 4091.78
4340.064 4338.085 4336.462 4334.838 4333.214 4331.654 4330.276 4328.899 4327.521 4326.144 4324.323 4322.333 4320.342 4318.352 4316.343 4314.256 4312.169 4310.082 4307.995 4305.087 4301.741 4298.395 4295.048 4291.506 4286.468 4281.429 4276.391 4271.353 4265.762 4259.771 4253.781 4247.79 4241.803 4235.9 4229.997 4224.093 4218.19 4212.189 4206.095 4200.0 4193.905 4187.811 4183.167 4178.566 4173.965 4169.365 4164.753 4160.127 4155.502 4150.876 4146.251 4140.867 4135.396 4129.926 4124.456 4119.154 4114.15 4109.146 4104.142 4099.138 4096.571 4094.517 4092.463
4341.16 4339.601 4338.408 4337.214 4336.021 4334.761 4333.313 4331.866 4330.418 4328.971 4326.962 4324.741 4322.519 4320.297 4318.077 4315.861 4313.645 4311.428 4309.212 4306.217 4302.806 4299.396 4295.984 4292.379 4287.292 4282.206 4277.119 4272.032 4266.35 4260.235 4254.121 4248.006 4241.901 4235.998 4230.094 4224.191 4218.288 4212.301 4206.233 4200.165 4194.097 4188.029 4183.412 4178.839 4174.265 4169.691 4165.106 4160.508 4155.91 4151.311 4146.712 4141.282 4135.758 4130.234 4124.709 4119.392 4114.436 4109.48 4104.525 4099.569 4097.082 4095.114 4093.146
4342.586 4341.346 4340.474 4339.602 4338.729 4337.687 4336.163 4334.638 4333.113 4331.588 4329.394 4326.944 4324.495 4322.045 4319.597 4317.157 4314.716 4312.276 4309.835 4306.688 4303.165 4299.641 4296.117 4292.411 4287.311 4282.211 4277.112 4272.013 4266.344 4260.262 4254.179 4248.097 4242.027 4236.223 4230.418 4224.613 4218.809 4212.921 4206.954 4200.987 4195.02 4189.052 4184.45 4179.889 4175.328 4170.767 4166.179 4161.557 4156.935 4152.313 4147.691 4142.133 4136.469 4130.805 4125.141 4119.729 4114.763 4109.797 4104.831 4099.864 4097.449 4095.57 4093.692
4344.673 4343.552 4342.782 4342.012 4341.242 4340.251 4338.635 4337.019 4335.403 4333.787 4331.407 4328.737 4326.066 4323.396 4320.691 4317.836 4314.981 4312.126 4309.271 4305.844 4302.11 4298.376 4294.642 4290.757 4285.717 4280.677 4275.636 4270.596 4265.152 4259.414 4253.676 4247.938 4242.211 4236.703 4231.194 4225.686 4220.177 4214.561 4208.841 4203.121 4197.401 4191.682 4187.071 4182.494 4177.917 4173.339 4168.689 4163.943 4159.197 4154.452 4149.706 4143.854 4137.878 4131.902 4125.926 4120.269 4115.173 4110.078 4104.982 4099.887 4097.529 4095.747 4093.966
4346.76 4345.758 4345.09 4344.422 4343.755 4342.816 4341.108 4339.4 4337.693 4335.985 4333.42 4330.529 4327.638 4324.748 4321.785 4318.516 4315.247 4311.977 4308.708 4304.999 4301.055 4297.111 4293.167 4289.104 4284.123 4279.142 4274.161 4269.18 4263.959 4258.566 4253.173 4247.78 4242.395 4237.182 4231.97 4226.757 4221.545 4216.201 4210.728 4205.256 4199.784 4194.312 4189.692 4185.099 4180.506 4175.912 4171.199 4166.329 4161.46 4156.59 4151.721 4145.576 4139.288 4132.999 4126.711 4120.808 4115.583 4110.358 4105.134 4099.909 4097.609 4095.924 4094.24
4348.847 4347.963 4347.398 4346.833 4346.267 4345.38 4343.581 4341.782 4339.982 4338.184 4335.433 4332.322 4329.21 4326.099 4322.879 4319.195 4315.511 4311.828 4308.144 4304.154 4300.0 4295.846 4291.693 4287.45 4282.528 4277.606 4272.685 4267.763 4262.768 4257.719 4252.67 4247.622 4242.579 4237.662 4232.746 4227.829 4222.913 4217.84 4212.615 4207.391 4202.166 4196.941 4192.314 4187.704 4183.095 4178.485 4173.708 4168.715 4163.722 4158.729 4153.735 4147.298 4140.697 4134.096 4127.496 4121.347 4115.993 4110.639 4105.285 4099.932 4097.689 4096.101 4094.513
4350.934 4350.169 4349.706 4349.243 4348.78 4347.944 4346.054 4344.163 4342.272 4340.382 4337.446 4334.114 4330.782 4327.45 4323.973 4319.875 4315.776 4311.678 4307.58 4303.309 4298.945 4294.582 4290.218 4285.797 4280.934 4276.071 4271.209 4266.346 4261.576 4256.871 4252.167 4247.463 4242.762 4238.142 4233.521 4228.901 4224.281 4219.479 4214.502 4209.525 4204.548 4199.571 4194.935 4190.309 4185.684 4181.058 4176.218 4171.101 4165.984 4160.867 4155.75 4149.02 4142.106 4135.194 4128.281 4121.886 4116.403 4110.92 4105.437 4099.954 4097.769 4096.278 4094.787
4354.388 4353.499 4352.822 4352.145 4351.468 4350.398 4348.214 4346.03 4343.845 4341.661 4338.494 4334.954 4331.414 4327.873 4324.197 4319.932 4315.668 4311.404 4307.14 4302.795 4298.407 4294.019 4289.63 4285.21 4280.541 4275.873 4271.204 4266.536 4262.068 4257.746 4253.424 4249.103 4244.779 4240.421 4236.063 4231.705 4227.347 4222.695 4217.76 4212.824 4207.888 4202.952 4198.146 4193.344 4188.542 4183.74 4178.724 4173.428 4168.132 4162.836 4157.541 4150.568 4143.407 4136.245 4129.083 4122.512 4116.979 4111.447 4105.915 4100.383 4098.214 4096.752 4095.291
4358.222 4357.141 4356.162 4355.184 4354.206 4352.822 4350.288 4347.753 4345.219 4342.685 4339.274 4335.529 4331.784 4328.039 4324.178 4319.817 4315.456 4311.095 4306.734 4302.373 4298.012 4293.65 4289.289 4284.919 4280.482 4276.045 4271.608 4267.171 4263.028 4259.099 4255.17 4251.242 4247.305 4243.2 4239.095 4234.99 4230.884 4226.35 4221.397 4216.446 4211.494 4206.542 4201.521 4196.499 4191.476 4186.453 4181.228 4175.738 4170.249 4164.759 4159.27 4152.069 4144.676 4137.283 4129.89 4123.161 4117.602 4112.043 4106.484 4100.925 4098.76 4097.309 4095.859
4362.056 4360.782 4359.503 4358.223 4356.944 4355.246 4352.361 4349.478 4346.593 4343.709 4340.053 4336.104 4332.155 4328.205 4324.16 4319.702 4315.244 4310.786 4306.328 4301.951 4297.617 4293.282 4288.948 4284.629 4280.423 4276.217 4272.012 4267.806 4263.988 4260.453 4256.917 4253.38 4249.831 4245.979 4242.126 4238.274 4234.422 4230.004 4225.036 4220.068 4215.1 4210.131 4204.896 4199.653 4194.409 4189.166 4183.731 4178.048 4172.365 4166.682 4160.999 4153.571 4145.946 4138.321 4130.697 4123.811 4118.225 4112.639 4107.053 4101.467 4099.306 4097.866 4096.426
4365.891 4364.424 4362.843 4361.262 4359.681 4357.669 4354.435 4351.201 4347.967 4344.733 4340.833 4336.679 4332.525 4328.371 4324.142 4319.587 4315.032 4310.477 4305.922 4301.529 4297.222 4292.914 4288.607 4284.338 4280.364 4276.39 4272.416 4268.441 4264.949 4261.806 4258.663 4255.52 4252.356 4248.757 4245.158 4241.559 4237.96 4233.658 4228.674 4223.689 4218.705 4213.721 4208.271 4202.807 4197.343 4191.878 4186.235 4180.358 4174.481 4168.604 4162.727 4155.072 4147.216 4139.359 4131.503 4124.46 4118.847 4113.234 4107.621 4102.008 4099.852 4098.423 4096.994
4369.535 4367.865 4365.987 4364.108 4362.229 4359.922 4356.402 4352.882 4349.362 4345.842 4341.747 4337.434 4333.12 4328.807 4324.434 4319.806 4315.178 4310.55 4305.921 4301.535 4297.277 4293.019 4288.761 4284.564 4280.831 4277.098 4273.366 4269.633 4266.428 4263.605 4260.783 4257.96 4255.11 4251.664 4248.218 4244.772 4241.326 4237.092 4232.091 4227.091 4222.09 4217.09 4211.436 4205.762 4200.089 4194.416 4188.589 4182.563 4176.537 4170.511 4164.485 4156.701 4148.718 4140.736 4132.753 4125.602 4119.913 4114.225 4108.536 4102.848 4100.632 4099.147 4097.663
4372.55 4370.641 4368.477 4366.313 4364.149 4361.612 4358.017 4354.421 4350.826 4347.23 4343.106 4338.782 4334.458 4330.134 4325.753 4321.13 4316.508 4311.885 4307.263 4302.958 4298.824 4294.69 4290.556 4286.5 4283.042 4279.583 4276.125 4272.667 4269.624 4266.882 4264.14 4261.398 4258.619 4254.995 4251.371 4247.748 4244.124 4239.793 4234.777 4229.76 4224.744 4219.727 4213.906 4208.06 4202.214 4196.368 4190.444 4184.418 4178.393 4172.367 4166.341 4158.755 4150.993 4143.231 4135.469 4128.372 4122.447 4116.521 4110.596 4104.671 4102.188 4100.429 4098.669
