data/zism_data/00463_01_D.txt
ncols         224
nrows         224
[rows 0 to 27 of 224, columns 0 to 62 of 224]
4279.139 4285.706 4292.273 4298.84 4306.931 4319.029 4331.128 4343.227 4355.326 4366.493 4377.332 4388.171 4399.009 4409.55 4418.921 4428.292 4437.664 4447.035 4455.349 4463.136 4470.922 4478.708 4487.06 4499.176 4511.293 4523.41 4535.527 4549.944 4565.931 4581.918 4597.906 4613.693 4626.237 4638.781 4651.325 4663.868 4675.769 4687.081 4698.393 4709.704 4721.016 4728.631 4736.192 4743.753 4751.313 4758.248 4764.413 4770.578 4776.743 4782.908 4789.176 4795.455 4801.734 4808.012 4815.017 4823.221 4831.426 4839.63 4847.835 4855.76 4863.631 4871.503 4879.375
4276.813 4282.721 4288.628 4294.536 4302.037 4313.729 4325.42 4337.113 4348.805 4359.908 4370.804 4381.7 4392.596 4403.221 4412.781 4422.341 4431.901 4441.461 4450.124 4458.337 4466.55 4474.764 4483.565 4496.286 4509.006 4521.727 4534.447 4549.66 4566.574 4583.489 4600.403 4617.099 4630.229 4643.36 4656.491 4669.622 4682.298 4694.557 4706.815 4719.075 4731.333 4739.353 4747.31 4755.267 4763.224 4770.187 4775.931 4781.675 4787.419 4793.163 4798.788 4804.401 4810.015 4815.628 4821.699 4828.527 4835.355 4842.183 4849.01 4856.184 4863.424 4870.664 4877.903
4276.005 4281.698 4287.391 4293.084 4300.352 4311.765 4323.178 4334.591 4346.004 4357.082 4368.042 4379.002 4389.963 4400.706 4410.593 4420.48 4430.368 4440.256 4449.399 4458.171 4466.943 4475.715 4485.065 4498.269 4511.473 4524.676 4537.88 4553.359 4570.392 4587.424 4604.457 4621.286 4634.803 4648.321 4661.838 4675.355 4688.435 4701.112 4713.79 4726.468 4739.146 4747.234 4755.256 4763.277 4771.298 4777.938 4782.881 4787.826 4792.77 4797.714 4802.725 4807.743 4812.76 4817.778 4823.269 4829.543 4835.818 4842.093 4848.368 4854.849 4861.369 4867.889 4874.409
4275.198 4280.676 4286.154 4291.632 4298.668 4309.802 4320.936 4332.069 4343.203 4354.256 4365.281 4376.305 4387.33 4398.19 4408.405 4418.621 4428.835 4439.051 4448.676 4458.006 4467.337 4476.667 4486.565 4500.252 4513.939 4527.626 4541.313 4557.058 4574.209 4591.359 4608.51 4625.473 4639.377 4653.281 4667.185 4681.089 4694.571 4707.668 4720.764 4733.861 4746.957 4755.116 4763.202 4771.287 4779.373 4785.688 4789.832 4793.977 4798.121 4802.265 4806.662 4811.084 4815.505 4819.927 4824.838 4830.56 4836.282 4842.003 4847.725 4853.513 4859.314 4865.115 4870.916
4274.391 4279.654 4284.917 4290.181 4296.983 4307.838 4318.693 4329.547 4340.402 4351.43 4362.519 4373.608 4384.697 4395.675 4406.218 4416.761 4427.303 4437.846 4447.952 4457.841 4467.73 4477.619 4488.065 4502.235 4516.406 4530.576 4544.746 4560.757 4578.026 4595.295 4612.564 4629.66 4643.951 4658.241 4672.532 4686.822 4700.708 4714.224 4727.739 4741.254 4754.769 4762.997 4771.147 4779.297 4787.448 4793.439 4796.783 4800.127 4803.471 4806.815 4810.599 4814.425 4818.25 4822.076 4826.408 4831.577 4836.745 4841.914 4847.083 4852.178 4857.259 4862.34 4867.422
4273.583 4278.631 4283.68 4288.729 4295.299 4305.875 4316.45 4327.025 4337.601 4348.604 4359.757 4370.911 4382.064 4393.161 4404.03 4414.9 4425.771 4436.641 4447.229 4457.676 4468.123 4478.57 4489.565 4504.219 4518.872 4533.525 4548.179 4564.457 4581.843 4599.23 4616.618 4633.848 4648.524 4663.202 4677.879 4692.556 4706.845 4720.779 4734.713 4748.647 4762.581 4770.878 4779.093 4787.308 4795.522 4801.189 4803.733 4806.278 4808.822 4811.366 4814.537 4817.766 4820.996 4824.226 4827.978 4832.593 4837.209 4841.825 4846.44 4850.842 4855.204 4859.566 4863.928
4277.269 4282.832 4288.396 4293.958 4300.898 4311.459 4322.021 4332.582 4343.143 4353.955 4364.854 4375.755 4386.655 4397.515 4408.215 4418.915 4429.615 4440.316 4451.116 4461.967 4472.817 4483.668 4495.061 4510.071 4525.081 4540.091 4555.102 4571.282 4588.261 4605.241 4622.22 4639.046 4653.376 4667.706 4682.036 4696.366 4710.236 4723.684 4737.132 4750.58 4764.027 4772.104 4780.102 4788.1 4796.098 4801.499 4803.715 4805.933 4808.149 4810.367 4813.083 4815.847 4818.611 4821.375 4824.784 4829.259 4833.733 4838.207 4842.682 4846.799 4850.849 4854.899 4858.949
4282.38 4288.689 4294.999 4301.309 4308.809 4319.439 4330.07 4340.701 4351.332 4361.9 4372.446 4382.992 4393.538 4404.048 4414.421 4424.794 4435.167 4445.54 4456.467 4467.672 4478.877 4490.082 4501.824 4517.151 4532.478 4547.805 4563.132 4579.099 4595.504 4611.909 4628.314 4644.565 4658.315 4672.066 4685.816 4699.566 4712.755 4725.43 4738.104 4750.779 4763.454 4771.218 4778.91 4786.602 4794.294 4799.446 4801.486 4803.526 4805.565 4807.605 4809.919 4812.259 4814.6 4816.939 4820.08 4824.543 4829.007 4833.471 4837.934 4841.896 4845.764 4849.631 4853.499
4287.491 4294.547 4301.603 4308.659 4316.719 4327.419 4338.12 4348.821 4359.521 4369.846 4380.037 4390.229 4400.42 4410.582 4420.627 4430.672 4440.718 4450.763 4461.818 4473.377 4484.937 4496.496 4508.587 4524.231 4539.875 4555.519 4571.162 4586.917 4602.748 4618.578 4634.409 4650.085 4663.255 4676.425 4689.596 4702.766 4715.274 4727.176 4739.078 4750.979 4762.881 4770.333 4777.718 4785.104 4792.49 4797.394 4799.256 4801.119 4802.982 4804.844 4806.756 4808.671 4810.587 4812.503 4815.375 4819.828 4824.281 4828.734 4833.187 4836.994 4840.679 4844.363 4848.048
4292.603 4300.405 4308.207 4316.009 4324.629 4335.399 4346.17 4356.94 4367.711 4377.792 4387.628 4397.466 4407.303 4417.116 4426.833 4436.551 4446.269 4455.987 4467.169 4479.083 4490.996 4502.91 4515.351 4531.312 4547.272 4563.232 4579.192 4594.734 4609.991 4625.247 4640.502 4655.604 4668.195 4680.785 4693.375 4705.966 4717.793 4728.922 4740.051 4751.179 4762.308 4769.446 4776.526 4783.606 4790.686 4795.342 4797.027 4798.712 4800.398 4802.083 4803.592 4805.083 4806.575 4808.067 4810.671 4815.113 4819.555 4823.997 4828.439 4832.091 4835.593 4839.096 4842.598
4297.4 4305.782 4314.163 4322.545 4331.572 4342.299 4353.026 4363.753 4374.48 4384.364 4393.949 4403.534 4413.12 4422.706 4432.297 4441.889 4451.48 4461.072 4472.444 4484.707 4496.969 4509.232 4521.992 4538.071 4554.149 4570.227 4586.305 4601.5 4616.09 4630.681 4645.271 4659.711 4671.7 4683.688 4695.676 4707.665 4718.822 4729.219 4739.616 4750.013 4760.409 4767.282 4774.104 4780.925 4787.746 4792.192 4793.726 4795.259 4796.793 4798.326 4799.485 4800.607 4801.73 4802.853 4805.236 4809.705 4814.173 4818.641 4823.11 4826.695 4830.113 4833.531 4836.95
4300.922 4309.202 4317.481 4325.761 4334.575 4344.797 4355.02 4365.242 4375.465 4385.339 4395.091 4404.843 4414.595 4424.454 4434.738 4445.022 4455.307 4465.59 4477.412 4490.002 4502.592 4515.183 4528.137 4543.523 4558.909 4574.294 4589.68 4603.977 4617.532 4631.086 4644.64 4658.063 4669.359 4680.655 4691.951 4703.246 4713.779 4723.612 4733.445 4743.278 4753.111 4759.912 4766.669 4773.426 4780.183 4784.571 4786.056 4787.542 4789.027 4790.512 4791.534 4792.512 4793.489 4794.467 4796.827 4801.472 4806.118 4810.763 4815.409 4819.289 4823.024 4826.759 4830.494
4304.444 4312.622 4320.799 4328.977 4337.578 4347.296 4357.014 4366.731 4376.449 4386.314 4396.233 4406.151 4416.069 4426.202 4437.179 4448.156 4459.132 4470.109 4482.38 4495.298 4508.215 4521.133 4534.282 4548.976 4563.668 4578.361 4593.054 4606.455 4618.973 4631.491 4644.009 4656.416 4667.019 4677.622 4688.225 4698.828 4708.735 4718.004 4727.273 4736.542 4745.812 4752.542 4759.234 4765.926 4772.619 4776.95 4778.387 4779.824 4781.261 4782.698 4783.583 4784.416 4785.249 4786.081 4788.417 4793.24 4798.063 4802.886 4807.708 4811.883 4815.935 4819.986 4824.038
4307.966 4316.042 4324.117 4332.192 4340.581 4349.794 4359.007 4368.22 4377.433 4387.29 4397.375 4407.459 4417.544 4427.95 4439.62 4451.289 4462.958 4474.628 4487.348 4500.593 4513.838 4527.083 4540.427 4554.428 4568.428 4582.428 4596.429 4608.933 4620.414 4631.896 4643.377 4654.768 4664.679 4674.589 4684.5 4694.41 4703.691 4712.397 4721.102 4729.808 4738.513 4745.171 4751.799 4758.427 4765.055 4769.329 4770.717 4772.106 4773.495 4774.883 4775.632 4776.32 4777.007 4777.695 4780.008 4785.008 4790.008 4795.008 4800.008 4804.477 4808.845 4813.214 4817.583
4311.488 4319.462 4327.435 4335.409 4343.584 4352.292 4361.0 4369.709 4378.417 4388.266 4398.517 4408.768 4419.019 4429.698 4442.061 4454.422 4466.784 4479.146 4492.315 4505.889 4519.461 4533.034 4546.572 4559.88 4573.188 4586.496 4599.803 4611.41 4621.855 4632.301 4642.746 4653.121 4662.338 4671.556 4680.774 4689.992 4698.648 4706.79 4714.931 4723.073 4731.214 4737.801 4744.364 4750.928 4757.491 4761.708 4763.048 4764.388 4765.729 4767.069 4767.681 4768.224 4768.767 4769.31 4771.599 4776.775 4781.953 4787.13 4792.307 4797.071 4801.756 4806.441 4811.126
4311.526 4319.411 4327.296 4335.181 4343.267 4351.883 4360.5 4369.115 4377.731 4387.848 4398.494 4409.14 4419.786 4430.934 4444.053 4457.172 4470.292 4483.411 4496.767 4510.241 4523.715 4537.19 4550.524 4562.928 4575.332 4587.735 4600.139 4610.869 4620.455 4630.042 4639.628 4649.174 4658.057 4666.94 4675.823 4684.706 4692.978 4700.688 4708.399 4716.11 4723.821 4729.763 4735.679 4741.595 4747.511 4751.308 4752.508 4753.708 4754.908 4756.108 4756.681 4757.195 4757.709 4758.223 4760.625 4766.149 4771.674 4777.199 4782.724 4787.86 4792.924 4797.987 4803.051
4309.561 4317.365 4325.17 4332.974 4341.042 4349.803 4358.564 4367.325 4376.086 4386.629 4397.802 4408.974 4420.146 4431.875 4445.788 4459.702 4473.616 4487.53 4500.922 4514.053 4527.183 4540.313 4553.215 4564.594 4575.972 4587.351 4598.729 4608.592 4617.422 4626.251 4635.081 4643.906 4652.66 4661.414 4670.168 4678.923 4686.948 4694.304 4701.661 4709.017 4716.374 4721.342 4726.276 4731.209 4736.143 4739.312 4740.318 4741.325 4742.332 4743.338 4743.929 4744.48 4745.032 4745.583 4748.177 4754.147 4760.117 4766.088 4772.058 4777.614 4783.09 4788.567 4794.044
4307.596 4315.32 4323.044 4330.768 4338.817 4347.723 4356.629 4365.535 4374.441 4385.411 4397.109 4408.808 4420.506 4432.815 4447.523 4462.232 4476.941 4491.649 4505.077 4517.864 4530.65 4543.438 4555.907 4566.26 4576.612 4586.965 4597.318 4606.316 4614.388 4622.46 4630.533 4638.637 4647.263 4655.888 4664.514 4673.139 4680.917 4687.92 4694.922 4701.924 4708.926 4712.921 4716.872 4720.823 4724.774 4727.315 4728.129 4728.942 4729.755 4730.569 4731.177 4731.766 4732.355 4732.944 4735.729 4742.145 4748.561 4754.977 4761.393 4767.367 4773.257 4779.147 4785.038
4305.631 4313.274 4320.917 4328.561 4336.592 4345.643 4354.694 4363.745 4372.796 4384.192 4396.417 4408.642 4420.866 4433.756 4449.259 4464.762 4480.265 4495.769 4509.231 4521.675 4534.118 4546.562 4558.598 4567.926 4577.253 4586.581 4595.908 4604.04 4611.355 4618.67 4625.985 4633.369 4641.866 4650.362 4658.859 4667.355 4674.888 4681.535 4688.183 4694.831 4701.479 4704.5 4707.469 4710.437 4713.406 4715.319 4715.939 4716.559 4717.179 4717.799 4718.425 4719.052 4719.678 4720.305 4723.281 4730.142 4737.004 4743.866 4750.727 4757.12 4763.424 4769.728 4776.031
4304.169 4311.779 4319.388 4326.998 4335.05 4344.269 4353.488 4362.707 4371.925 4383.72 4396.425 4409.129 4421.833 4435.232 4451.358 4467.484 4483.61 4499.737 4513.114 4525.117 4537.121 4549.124 4560.647 4568.972 4577.296 4585.62 4593.944 4601.249 4607.858 4614.467 4621.076 4627.788 4636.174 4644.561 4652.947 4661.333 4668.642 4674.961 4681.28 4687.6 4693.919 4696.022 4698.063 4700.104 4702.146 4703.46 4703.885 4704.309 4704.733 4705.158 4705.791 4706.443 4707.096 4707.749 4710.892 4718.154 4725.417 4732.679 4739.941 4746.748 4753.469 4760.19 4766.912
4309.104 4317.271 4325.439 4333.607 4342.19 4351.865 4361.541 4371.215 4380.891 4392.726 4405.322 4417.919 4430.517 4443.514 4458.083 4472.652 4487.221 4501.79 4513.539 4523.878 4534.217 4544.556 4554.538 4562.143 4569.748 4577.352 4584.957 4591.932 4598.476 4605.021 4611.565 4618.224 4626.739 4635.254 4643.77 4652.285 4659.655 4665.974 4672.293 4678.613 4684.932 4686.813 4688.628 4690.444 4692.26 4693.349 4693.548 4693.747 4693.946 4694.145 4694.65 4695.185 4695.719 4696.254 4699.259 4706.349 4713.439 4720.53 4727.621 4734.793 4741.981 4749.169 4756.357
4314.038 4322.764 4331.491 4340.217 4349.33 4359.461 4369.593 4379.725 4389.856 4401.73 4414.22 4426.71 4439.199 4451.795 4464.807 4477.819 4490.831 4503.843 4513.964 4522.638 4531.313 4539.987 4548.428 4555.313 4562.199 4569.084 4575.97 4582.614 4589.094 4595.574 4602.054 4608.66 4617.304 4625.948 4634.592 4643.236 4650.667 4656.987 4663.306 4669.625 4675.945 4677.604 4679.194 4680.784 4682.374 4683.238 4683.211 4683.185 4683.158 4683.131 4683.509 4683.926 4684.342 4684.759 4687.625 4694.544 4701.462 4708.381 4715.3 4722.837 4730.493 4738.148 4745.803
4318.973 4328.257 4337.542 4346.827 4356.47 4367.058 4377.646 4388.233 4398.821 4410.736 4423.118 4435.5 4447.882 4460.077 4471.531 4482.987 4494.442 4505.897 4514.389 4521.398 4528.409 4535.418 4542.318 4548.484 4554.65 4560.816 4566.982 4573.297 4579.712 4586.128 4592.543 4599.096 4607.869 4616.642 4625.415 4634.188 4641.681 4648.0 4654.319 4660.639 4666.958 4668.395 4669.759 4671.124 4672.488 4673.126 4672.875 4672.623 4672.37 4672.118 4672.369 4672.667 4672.965 4673.264 4675.992 4682.739 4689.485 4696.232 4702.979 4710.882 4719.004 4727.127 4735.25
4323.907 4333.75 4343.593 4353.436 4363.61 4374.654 4385.698 4396.743 4407.787 4419.741 4432.016 4444.291 4456.565 4468.358 4478.256 4488.154 4498.052 4507.95 4514.813 4520.159 4525.505 4530.85 4536.209 4541.656 4547.102 4552.549 4557.995 4563.979 4570.331 4576.682 4583.033 4589.531 4598.434 4607.335 4616.237 4625.139 4632.694 4639.013 4645.333 4651.652 4657.971 4659.185 4660.324 4661.463 4662.603 4663.015 4662.538 4662.06 4661.583 4661.105 4661.228 4661.408 4661.588 4661.769 4664.358 4670.934 4677.508 4684.083 4690.659 4698.927 4707.516 4716.106 4724.695
4330.034 4340.095 4350.156 4360.218 4370.554 4381.613 4392.672 4403.73 4414.79 4426.331 4438.043 4449.755 4461.467 4472.531 4481.044 4489.558 4498.072 4506.586 4512.172 4516.295 4520.418 4524.541 4528.75 4533.529 4538.308 4543.087 4547.867 4553.6 4559.985 4566.371 4572.756 4579.309 4588.576 4597.842 4607.109 4616.375 4624.082 4630.357 4636.632 4642.908 4649.184 4650.212 4651.165 4652.117 4653.069 4653.215 4652.375 4651.535 4650.695 4649.854 4649.866 4649.958 4650.05 4650.142 4652.706 4659.356 4666.006 4672.656 4679.306 4687.873 4696.803 4705.734 4714.664
4337.302 4347.256 4357.21 4367.164 4377.31 4387.961 4398.612 4409.263 4419.914 4430.61 4441.324 4452.037 4462.75 4472.771 4480.065 4487.36 4494.655 4501.95 4506.597 4509.92 4513.243 4516.566 4519.998 4524.16 4528.322 4532.483 4536.645 4542.205 4548.719 4555.233 4561.748 4568.456 4578.313 4588.17 4598.027 4607.885 4615.829 4622.018 4628.208 4634.397 4640.587 4641.466 4642.268 4643.07 4643.872 4643.713 4642.379 4641.045 4639.711 4638.377 4638.291 4638.324 4638.357 4638.391 4641.034 4647.996 4654.958 4661.919 4668.881 4677.682 4686.833 4695.983 4705.134
4344.571 4354.417 4364.264 4374.11 4384.066 4394.309 4404.552 4414.794 4425.037 4434.89 4444.604 4454.319 4464.034 4473.01 4479.086 4485.163 4491.239 4497.315 4501.022 4503.545 4506.068 4508.59 4511.247 4514.791 4518.335 4521.879 4525.424 4530.81 4537.453 4544.096 4550.739 4557.603 4568.05 4578.498 4588.946 4599.394 4607.576 4613.679 4619.783 4625.886 4631.99 4632.72 4633.372 4634.023 4634.674 4634.212 4632.383 4630.555 4628.727 4626.899 4626.716 4626.69 4626.665 4626.639 4629.363 4636.636 4643.909 4651.182 4658.455 4667.491 4676.862 4686.232 4695.604
4351.839 4361.579 4371.317 4381.057 4390.822 4400.657 4410.492 4420.326 4430.161 4439.169 4447.885 4456.601 4465.317 4473.25 4478.107 4482.965 4487.822 4492.679 4495.447 4497.169 4498.893 4500.615 4502.495 4505.422 4508.349 4511.275 4514.203 4519.414 4526.186 4532.958 4539.73 4546.749 4557.788 4568.826 4579.865 4590.903 4599.322 4605.34 4611.358 4617.375 4623.394 4623.974 4624.475 4624.976 4625.477 4624.71 4622.388 4620.065 4617.743 4615.421 4615.142 4615.057 4614.972 4614.887 4617.692 4625.276 4632.861 4640.445 4648.029 4657.3 4666.891 4676.482 4686.073
