data/zism_data/00466_03_D.txt
ncols         224
nrows         224
[rows 56 to 83 of 224, columns 126 to 188 of 224]
1387.892 1382.607 1377.323 1367.391 1355.181 1342.971 1330.761 1319.36 1316.177 1312.995 1309.812 1306.629 1306.161 1308.321 1310.481 1312.641 1314.801 1316.576 1318.32 1320.065 1321.809 1324.112 1327.475 1330.838 1334.202 1337.565 1340.004 1342.158 1344.312 1346.466 1348.227 1348.227 1348.227 1348.227 1348.227 1348.151 1348.025 1347.898 1347.772 1347.636 1347.027 1346.418 1345.809 1345.2 1343.841 1341.517 1339.193 1336.87 1334.546 1331.209 1327.703 1324.197 1320.69 1317.584 1315.534 1313.484 1311.434 1309.383 1307.954 1306.8 1305.645 1304.49 1303.324
1388.068 1382.655 1377.243 1366.868 1354.061 1341.254 1328.448 1316.577 1314.215 1311.853 1309.491 1307.129 1307.457 1310.39 1313.323 1316.255 1319.188 1321.35 1323.452 1325.553 1327.655 1330.317 1334.042 1337.768 1341.493 1345.219 1347.907 1350.274 1352.641 1355.008 1356.944 1356.944 1356.944 1356.944 1356.944 1356.845 1356.681 1356.518 1356.354 1356.178 1355.404 1354.63 1353.856 1353.082 1351.417 1348.608 1345.8 1342.991 1340.182 1336.375 1332.399 1328.424 1324.449 1320.937 1318.647 1316.357 1314.066 1311.776 1310.167 1308.857 1307.548 1306.239 1304.926
1386.904 1380.969 1375.035 1364.572 1351.889 1339.207 1326.524 1314.908 1314.124 1313.34 1312.555 1311.771 1313.369 1317.271 1321.174 1325.076 1328.979 1331.095 1333.07 1335.044 1337.019 1339.572 1343.221 1346.87 1350.518 1354.167 1356.863 1359.264 1361.665 1364.066 1366.03 1366.03 1366.03 1366.03 1366.03 1365.753 1365.292 1364.831 1364.37 1363.897 1362.801 1361.705 1360.609 1359.512 1357.531 1354.412 1351.293 1348.174 1345.055 1341.066 1336.931 1332.795 1328.66 1324.948 1322.351 1319.754 1317.156 1314.559 1312.618 1310.966 1309.314 1307.662 1306.038
1385.486 1378.954 1372.423 1361.939 1349.518 1337.096 1324.675 1313.451 1314.388 1315.325 1316.262 1317.199 1320.155 1325.065 1329.975 1334.885 1339.795 1341.782 1343.538 1345.294 1347.051 1349.405 1352.894 1356.383 1359.872 1363.361 1366.019 1368.42 1370.821 1373.222 1375.186 1375.186 1375.186 1375.186 1375.186 1374.701 1373.893 1373.086 1372.279 1371.459 1370.011 1368.563 1367.115 1365.668 1363.367 1359.971 1356.575 1353.179 1349.783 1345.667 1341.43 1337.194 1332.958 1329.084 1326.167 1323.25 1320.333 1317.416 1315.114 1313.084 1311.054 1309.024 1307.058
1384.068 1376.94 1369.811 1359.306 1347.146 1334.986 1322.826 1311.994 1314.652 1317.311 1319.969 1322.627 1326.942 1332.859 1338.776 1344.693 1350.61 1352.469 1354.007 1355.545 1357.082 1359.238 1362.568 1365.897 1369.226 1372.555 1375.175 1377.576 1379.977 1382.378 1384.342 1384.342 1384.342 1384.342 1384.342 1383.649 1382.495 1381.341 1380.187 1379.021 1377.222 1375.422 1373.622 1371.823 1369.203 1365.53 1361.857 1358.183 1354.51 1350.268 1345.93 1341.593 1337.255 1333.22 1329.983 1326.747 1323.51 1320.273 1317.611 1315.202 1312.794 1310.385 1308.077
1382.65 1374.925 1367.2 1356.674 1344.775 1332.876 1320.977 1310.537 1314.917 1319.296 1323.676 1328.056 1333.729 1340.653 1347.577 1354.502 1361.426 1363.156 1364.475 1365.795 1367.114 1369.072 1372.241 1375.41 1378.579 1381.749 1384.331 1386.732 1389.133 1391.535 1393.498 1393.498 1393.498 1393.498 1393.498 1392.597 1391.096 1389.596 1388.096 1386.583 1384.432 1382.281 1380.129 1377.978 1375.039 1371.089 1367.139 1363.188 1359.238 1354.869 1350.43 1345.991 1341.552 1337.356 1333.8 1330.243 1326.687 1323.13 1320.108 1317.321 1314.534 1311.746 1309.097
1381.435 1373.378 1365.322 1355.137 1343.908 1332.68 1321.451 1311.747 1317.52 1323.294 1329.067 1334.841 1341.523 1349.084 1356.645 1364.206 1371.767 1373.438 1374.644 1375.85 1377.056 1378.91 1381.993 1385.077 1388.16 1391.244 1393.753 1396.084 1398.416 1400.747 1402.654 1402.654 1402.654 1402.654 1402.654 1401.538 1399.681 1397.823 1395.966 1394.095 1391.519 1388.943 1386.368 1383.792 1380.515 1376.339 1372.163 1367.986 1363.81 1359.291 1354.716 1350.14 1345.564 1341.179 1337.297 1333.414 1329.532 1325.65 1322.242 1319.044 1315.846 1312.648 1309.631
1380.714 1372.978 1365.241 1356.284 1346.729 1337.174 1327.619 1319.491 1325.856 1332.221 1338.586 1344.951 1351.786 1359.075 1366.364 1373.654 1380.943 1382.728 1384.077 1385.427 1386.777 1388.758 1391.937 1395.117 1398.296 1401.476 1403.824 1405.916 1408.008 1410.1 1411.81 1411.81 1411.81 1411.81 1411.81 1410.464 1408.223 1405.981 1403.74 1401.481 1398.303 1395.125 1391.948 1388.77 1385.11 1380.832 1376.555 1372.277 1367.999 1363.275 1358.475 1353.676 1348.876 1344.235 1340.012 1335.788 1331.565 1327.341 1323.489 1319.801 1316.113 1312.425 1308.975
1379.994 1372.577 1365.161 1357.432 1349.55 1341.668 1333.787 1327.235 1334.192 1341.148 1348.105 1355.062 1362.049 1369.067 1376.084 1383.101 1390.119 1392.017 1393.511 1395.004 1396.498 1398.606 1401.882 1405.157 1408.432 1411.708 1413.896 1415.748 1417.6 1419.452 1420.966 1420.966 1420.966 1420.966 1420.966 1419.389 1416.764 1414.14 1411.515 1408.868 1405.088 1401.307 1397.527 1393.747 1389.705 1385.326 1380.947 1376.568 1372.189 1367.258 1362.235 1357.212 1352.188 1347.291 1342.727 1338.162 1333.597 1329.033 1324.736 1320.557 1316.379 1312.201 1308.319
1379.274 1372.177 1365.08 1358.579 1352.371 1346.163 1339.954 1334.979 1342.527 1350.076 1357.624 1365.172 1372.313 1379.058 1385.804 1392.549 1399.295 1401.307 1402.944 1404.581 1406.219 1408.455 1411.826 1415.198 1418.569 1421.94 1423.968 1425.58 1427.192 1428.804 1430.122 1430.122 1430.122 1430.122 1430.122 1428.315 1425.306 1422.298 1419.289 1416.254 1411.872 1407.49 1403.107 1398.725 1394.3 1389.819 1385.339 1380.859 1376.379 1371.242 1365.995 1360.747 1355.5 1350.347 1345.441 1340.536 1335.63 1330.724 1325.983 1321.314 1316.646 1311.977 1307.664
1378.554 1371.777 1364.999 1359.727 1355.192 1350.657 1346.122 1342.723 1350.863 1359.003 1367.143 1375.282 1382.576 1389.049 1395.523 1401.997 1408.471 1410.596 1412.377 1414.159 1415.94 1418.303 1421.771 1425.238 1428.705 1432.172 1434.039 1435.412 1436.784 1438.156 1439.278 1439.278 1439.278 1439.278 1439.278 1437.24 1433.848 1430.456 1427.064 1423.641 1418.656 1413.672 1408.687 1403.702 1398.894 1394.313 1389.731 1385.15 1380.569 1375.225 1369.754 1364.283 1358.812 1353.403 1348.156 1342.909 1337.663 1332.416 1327.23 1322.071 1316.912 1311.753 1307.008
1377.6 1371.584 1365.568 1361.671 1358.814 1355.956 1353.099 1351.24 1359.53 1367.82 1376.11 1384.401 1391.656 1397.909 1404.162 1410.415 1416.668 1419.086 1421.2 1423.315 1425.429 1428.011 1431.479 1434.948 1438.417 1441.885 1443.597 1444.765 1445.932 1447.1 1448.055 1448.055 1448.055 1448.055 1448.055 1445.896 1442.301 1438.706 1435.112 1431.475 1425.727 1419.979 1414.23 1408.482 1402.948 1397.691 1392.433 1387.175 1381.917 1376.268 1370.554 1364.839 1359.125 1353.508 1348.148 1342.789 1337.43 1332.07 1326.906 1321.828 1316.75 1311.672 1306.995
1376.565 1371.465 1366.365 1363.897 1362.718 1361.539 1360.36 1360.029 1368.314 1376.599 1384.884 1393.168 1400.318 1406.369 1412.419 1418.47 1424.521 1427.294 1429.808 1432.322 1434.836 1437.668 1441.105 1444.542 1447.978 1451.415 1452.972 1453.948 1454.924 1455.9 1456.698 1456.698 1456.698 1456.698 1456.698 1454.455 1450.722 1446.989 1443.256 1439.468 1432.899 1426.33 1419.76 1413.191 1406.812 1400.674 1394.537 1388.4 1382.263 1376.274 1370.308 1364.344 1358.379 1352.571 1347.18 1341.789 1336.397 1331.006 1326.027 1321.232 1316.436 1311.641 1307.21
1375.529 1371.346 1367.163 1366.122 1366.622 1367.122 1367.621 1368.818 1377.098 1385.378 1393.657 1401.936 1408.98 1414.829 1420.677 1426.525 1432.373 1435.502 1438.416 1441.329 1444.243 1447.326 1450.731 1454.135 1457.54 1460.945 1462.348 1463.132 1463.916 1464.701 1465.342 1465.342 1465.342 1465.342 1465.342 1463.016 1459.144 1455.272 1451.4 1447.46 1440.071 1432.681 1425.291 1417.901 1410.675 1403.658 1396.642 1389.626 1382.609 1376.279 1370.063 1363.848 1357.632 1351.635 1346.211 1340.788 1335.365 1329.941 1325.149 1320.636 1316.123 1311.609 1307.424
1374.493 1371.226 1367.96 1368.348 1370.526 1372.705 1374.883 1377.608 1385.882 1394.156 1402.43 1410.704 1417.643 1423.289 1428.934 1434.58 1440.225 1443.71 1447.023 1450.337 1453.65 1456.984 1460.356 1463.729 1467.102 1470.475 1471.724 1472.316 1472.908 1473.501 1473.985 1473.985 1473.985 1473.985 1473.985 1471.576 1467.565 1463.555 1459.545 1455.453 1447.242 1439.032 1430.821 1422.611 1414.538 1406.642 1398.747 1390.851 1382.955 1376.284 1369.818 1363.352 1356.886 1350.698 1345.243 1339.787 1334.332 1328.877 1324.271 1320.04 1315.809 1311.578 1307.639
1374.2 1371.891 1369.582 1371.294 1374.977 1378.661 1382.344 1386.438 1394.7 1402.962 1411.223 1419.485 1426.312 1431.75 1437.188 1442.626 1448.064 1451.801 1455.402 1459.004 1462.606 1466.085 1469.332 1472.58 1475.827 1479.074 1480.166 1480.59 1481.015 1481.439 1481.786 1481.786 1481.786 1481.786 1481.786 1479.323 1475.224 1471.124 1467.024 1462.83 1453.854 1444.878 1435.902 1426.926 1418.041 1409.273 1400.505 1391.737 1382.969 1375.928 1369.176 1362.425 1355.673 1349.265 1343.76 1338.256 1332.751 1327.247 1322.858 1318.962 1315.066 1311.17 1307.529
1377.112 1375.932 1374.753 1377.344 1381.785 1386.225 1390.665 1395.444 1403.663 1411.882 1420.101 1428.32 1435.01 1440.219 1445.428 1450.637 1455.846 1459.387 1462.797 1466.207 1469.617 1472.788 1475.508 1478.228 1480.947 1483.667 1484.585 1484.946 1485.306 1485.667 1485.962 1485.962 1485.962 1485.962 1485.962 1483.572 1479.595 1475.618 1471.641 1467.557 1458.053 1448.549 1439.046 1429.542 1419.992 1410.381 1400.771 1391.162 1381.552 1374.015 1366.827 1359.638 1352.45 1345.691 1340.064 1334.437 1328.81 1323.183 1319.144 1315.808 1312.471 1309.135 1306.027
1380.023 1379.973 1379.924 1383.395 1388.592 1393.789 1398.985 1404.449 1412.626 1420.803 1428.979 1437.156 1443.708 1448.688 1453.667 1458.647 1463.627 1466.974 1470.192 1473.41 1476.628 1479.491 1481.683 1483.876 1486.068 1488.26 1489.005 1489.301 1489.598 1489.894 1490.137 1490.137 1490.137 1490.137 1490.137 1487.821 1483.967 1480.112 1476.258 1472.283 1462.252 1452.221 1442.189 1432.158 1421.942 1411.49 1401.038 1390.586 1380.134 1372.103 1364.477 1356.852 1349.226 1342.117 1336.367 1330.618 1324.868 1319.119 1315.43 1312.653 1309.877 1307.1 1304.525
1382.934 1384.014 1385.095 1389.445 1395.399 1401.353 1407.306 1413.455 1421.589 1429.723 1437.857 1445.991 1452.406 1457.156 1461.907 1466.657 1471.408 1474.56 1477.587 1480.613 1483.639 1486.195 1487.859 1489.524 1491.188 1492.853 1493.424 1493.656 1493.889 1494.122 1494.312 1494.312 1494.312 1494.312 1494.312 1492.07 1488.338 1484.606 1480.874 1477.01 1466.451 1455.892 1445.333 1434.774 1423.893 1412.599 1401.305 1390.011 1378.717 1370.19 1362.128 1354.065 1346.003 1338.542 1332.67 1326.798 1320.926 1315.054 1311.717 1309.499 1307.282 1305.064 1303.022
1385.846 1388.056 1390.266 1395.496 1402.206 1408.917 1415.627 1422.461 1430.552 1438.644 1446.735 1454.826 1461.103 1465.625 1470.146 1474.668 1479.189 1482.147 1484.981 1487.815 1490.65 1492.898 1494.035 1495.172 1496.309 1497.446 1497.843 1498.012 1498.181 1498.349 1498.487 1498.487 1498.487 1498.487 1498.487 1496.319 1492.709 1489.1 1485.491 1481.736 1470.65 1459.563 1448.476 1437.39 1425.844 1413.708 1401.572 1389.436 1377.3 1368.278 1359.778 1351.279 1342.779 1334.969 1328.974 1322.979 1316.984 1310.99 1308.003 1306.345 1304.687 1303.029 1301.52
1388.475 1391.241 1394.006 1399.589 1406.554 1413.518 1420.482 1427.54 1435.555 1443.569 1451.584 1459.599 1465.838 1470.358 1474.878 1479.398 1483.917 1486.565 1489.065 1491.564 1494.064 1495.991 1496.831 1497.672 1498.512 1499.353 1499.647 1499.772 1499.897 1500.022 1500.12 1500.092 1500.065 1500.038 1500.011 1497.983 1494.625 1491.267 1487.91 1484.396 1473.0 1461.603 1450.206 1438.809 1426.917 1414.387 1401.858 1389.328 1376.799 1367.568 1358.889 1350.211 1341.533 1333.572 1327.502 1321.432 1315.363 1309.293 1306.438 1305.003 1303.568 1302.134 1300.839
1390.945 1393.939 1396.934 1402.571 1409.503 1416.435 1423.367 1430.388 1438.307 1446.226 1454.144 1462.063 1468.32 1472.968 1477.615 1482.263 1486.911 1489.183 1491.267 1493.351 1495.435 1497.032 1497.708 1498.383 1499.058 1499.734 1499.964 1500.057 1500.151 1500.244 1500.307 1500.237 1500.167 1500.098 1500.028 1498.178 1495.145 1492.113 1489.08 1485.882 1474.299 1462.715 1451.132 1439.549 1427.491 1414.823 1402.155 1389.487 1376.819 1367.54 1358.83 1350.12 1341.41 1333.412 1327.294 1321.177 1315.059 1308.942 1306.094 1304.691 1303.288 1301.886 1300.625
1393.414 1396.638 1399.862 1405.553 1412.453 1419.353 1426.253 1433.236 1441.059 1448.882 1456.705 1464.527 1470.802 1475.578 1480.353 1485.129 1489.905 1491.801 1493.469 1495.138 1496.806 1498.074 1498.584 1499.094 1499.604 1500.115 1500.282 1500.343 1500.404 1500.465 1500.495 1500.382 1500.27 1500.157 1500.045 1498.373 1495.666 1492.958 1490.251 1487.368 1475.598 1463.828 1452.058 1440.288 1428.065 1415.258 1402.452 1389.645 1376.839 1367.513 1358.771 1350.028 1341.286 1333.252 1327.087 1320.921 1314.756 1308.59 1305.75 1304.379 1303.008 1301.638 1300.41
1395.884 1399.337 1402.79 1408.535 1415.403 1422.271 1429.139 1436.084 1443.811 1451.538 1459.265 1466.992 1473.284 1478.188 1483.091 1487.995 1492.899 1494.419 1495.672 1496.924 1498.177 1499.116 1499.461 1499.806 1500.151 1500.495 1500.599 1500.628 1500.657 1500.687 1500.682 1500.527 1500.372 1500.217 1500.062 1498.569 1496.186 1493.804 1491.421 1488.853 1476.897 1464.941 1452.984 1441.028 1428.639 1415.694 1402.749 1389.804 1376.858 1367.485 1358.711 1349.937 1341.163 1333.093 1326.879 1320.666 1314.452 1308.238 1305.406 1304.067 1302.728 1301.389 1300.196
1398.117 1401.734 1405.35 1411.098 1417.89 1424.681 1431.473 1438.344 1446.018 1453.693 1461.368 1469.042 1475.386 1480.443 1485.499 1490.556 1495.613 1496.8 1497.681 1498.561 1499.442 1500.085 1500.276 1500.468 1500.659 1500.85 1500.895 1500.895 1500.895 1500.895 1500.86 1500.666 1500.472 1500.278 1500.084 1498.744 1496.642 1494.541 1492.44 1490.144 1478.027 1465.911 1453.794 1441.677 1429.153 1416.107 1403.061 1390.015 1376.968 1367.581 1358.808 1350.034 1341.26 1333.175 1326.904 1320.633 1314.362 1308.091 1305.236 1303.889 1302.542 1301.196 1300.0
1397.868 1400.963 1404.057 1409.268 1415.516 1421.764 1428.012 1434.425 1442.504 1450.584 1458.663 1466.743 1473.498 1478.97 1484.442 1489.915 1495.387 1496.688 1497.66 1498.631 1499.603 1500.294 1500.453 1500.612 1500.772 1500.931 1500.969 1500.969 1500.969 1500.969 1500.933 1500.739 1500.545 1500.351 1500.157 1498.708 1496.426 1494.143 1491.861 1489.39 1477.385 1465.38 1453.375 1441.37 1429.037 1416.284 1403.531 1390.778 1378.025 1368.972 1360.539 1352.107 1343.674 1335.793 1329.368 1322.943 1316.517 1310.092 1306.893 1305.12 1303.347 1301.574 1299.999
1397.619 1400.192 1402.764 1407.438 1413.143 1418.847 1424.552 1430.506 1438.99 1447.475 1455.959 1464.444 1471.609 1477.497 1483.385 1489.273 1495.161 1496.577 1497.639 1498.701 1499.763 1500.503 1500.63 1500.757 1500.884 1501.012 1501.042 1501.042 1501.042 1501.042 1501.006 1500.812 1500.618 1500.424 1500.23 1498.673 1496.209 1493.745 1491.281 1488.635 1476.742 1464.849 1452.956 1441.063 1428.921 1416.461 1404.002 1391.542 1379.082 1370.363 1362.271 1354.18 1346.088 1338.412 1331.832 1325.253 1318.672 1312.093 1308.551 1306.351 1304.152 1301.953 1299.998
1397.371 1399.421 1401.471 1405.608 1410.769 1415.93 1421.091 1426.587 1435.476 1444.366 1453.255 1462.145 1469.72 1476.024 1482.328 1488.632 1494.935 1496.466 1497.618 1498.771 1499.924 1500.711 1500.807 1500.902 1500.997 1501.092 1501.115 1501.115 1501.115 1501.115 1501.08 1500.886 1500.692 1500.498 1500.304 1498.637 1495.992 1493.347 1490.702 1487.88 1476.099 1464.318 1452.537 1440.756 1428.806 1416.639 1404.472 1392.305 1380.138 1371.754 1364.003 1356.253 1348.502 1341.031 1334.297 1327.562 1320.828 1314.093 1310.208 1307.583 1304.957 1302.331 1299.996
