data/zism_data/00463_03_D.txt
ncols         224
nrows         224
[rows 28 to 55 of 224, columns 126 to 188 of 224]
4492.24 4490.219 4488.652 4487.085 4485.518 4483.894 4482.104 4480.315 4478.526 4476.737 4475.373 4474.168 4472.965 4471.761 4470.941 4471.772 4472.603 4473.434 4474.266 4475.685 4477.418 4479.151 4480.884 4482.648 4484.652 4486.655 4488.659 4490.662 4494.125 4498.647 4503.169 4507.692 4512.439 4522.148 4531.857 4541.566 4551.276 4560.958 4570.615 4580.272 4589.929 4599.586 4608.794 4617.99 4627.185 4636.38 4645.471 4654.425 4663.379 4672.334 4681.288 4690.258 4699.229 4708.201 4717.173 4726.259 4735.546 4744.833 4754.12 4763.407 4774.72 4786.459 4798.198
4500.908 4498.736 4496.882 4495.028 4493.174 4491.223 4488.998 4486.773 4484.548 4482.323 4480.546 4478.941 4477.335 4475.729 4474.495 4474.857 4475.219 4475.581 4475.943 4476.918 4478.22 4479.522 4480.824 4482.188 4484.028 4485.867 4487.707 4489.546 4492.755 4496.956 4501.156 4505.357 4509.797 4519.5 4529.204 4538.908 4548.611 4558.556 4568.735 4578.914 4589.093 4599.272 4608.362 4617.42 4626.479 4635.537 4644.377 4652.933 4661.49 4670.046 4678.603 4686.969 4695.313 4703.657 4712.001 4720.678 4729.94 4739.202 4748.463 4757.725 4768.914 4780.508 4792.102
4509.732 4507.381 4505.189 4502.997 4500.804 4498.491 4495.836 4493.182 4490.527 4487.873 4485.694 4483.696 4481.699 4479.701 4478.065 4477.987 4477.909 4477.831 4477.752 4478.294 4479.167 4480.039 4480.911 4481.883 4483.609 4485.336 4487.063 4488.79 4491.758 4495.626 4499.494 4503.361 4507.477 4517.041 4526.605 4536.169 4545.733 4555.881 4566.597 4577.313 4588.029 4598.745 4607.705 4616.613 4625.521 4634.428 4642.999 4651.131 4659.264 4667.396 4675.528 4683.296 4691.023 4698.75 4706.477 4714.771 4724.065 4733.359 4742.653 4751.947 4763.03 4774.49 4785.95
4518.556 4516.026 4513.496 4510.965 4508.434 4505.759 4502.675 4499.591 4496.506 4493.422 4490.841 4488.452 4486.063 4483.673 4481.636 4481.117 4480.599 4480.08 4479.562 4479.67 4480.113 4480.556 4480.999 4481.578 4483.191 4484.806 4486.419 4488.034 4490.761 4494.296 4497.831 4501.366 4505.157 4514.581 4524.005 4533.43 4542.854 4553.207 4564.459 4575.712 4586.965 4598.218 4607.047 4615.805 4624.562 4633.32 4641.621 4649.329 4657.037 4664.745 4672.454 4679.624 4686.733 4693.842 4700.952 4708.864 4718.19 4727.516 4736.842 4746.168 4757.146 4768.472 4779.798
4527.38 4524.671 4521.802 4518.933 4516.064 4513.027 4509.514 4506.0 4502.486 4498.972 4495.989 4493.208 4490.426 4487.645 4485.207 4484.248 4483.289 4482.33 4481.371 4481.046 4481.06 4481.073 4481.086 4481.272 4482.773 4484.275 4485.776 4487.277 4489.765 4492.966 4496.168 4499.37 4502.837 4512.122 4521.406 4530.691 4539.976 4550.532 4562.321 4574.111 4585.901 4597.69 4606.39 4614.997 4623.604 4632.211 4640.243 4647.527 4654.811 4662.095 4669.379 4675.951 4682.443 4688.935 4695.427 4702.957 4712.315 4721.674 4731.032 4740.391 4751.263 4762.455 4773.646
4536.281 4533.423 4530.272 4527.122 4523.972 4520.611 4516.657 4512.703 4508.749 4504.795 4501.377 4498.162 4494.947 4491.733 4488.86 4487.459 4486.059 4484.658 4483.257 4482.554 4482.224 4481.893 4481.563 4481.428 4482.788 4484.147 4485.507 4486.866 4489.096 4491.958 4494.819 4497.68 4500.813 4509.925 4519.037 4528.148 4537.26 4547.97 4560.232 4572.495 4584.757 4597.02 4605.456 4613.778 4622.101 4630.423 4638.1 4644.938 4651.777 4658.615 4665.454 4671.492 4677.439 4683.387 4689.335 4696.531 4705.923 4715.315 4724.707 4734.099 4744.925 4756.053 4767.18
4545.375 4542.445 4539.155 4535.865 4532.575 4528.989 4524.568 4520.147 4515.726 4511.305 4507.369 4503.617 4499.866 4496.114 4492.721 4490.875 4489.029 4487.183 4485.336 4484.395 4483.935 4483.476 4483.016 4482.743 4483.887 4485.032 4486.177 4487.322 4489.253 4491.755 4494.256 4496.758 4499.536 4508.39 4517.244 4526.098 4534.952 4545.692 4558.267 4570.84 4583.414 4595.988 4603.829 4611.528 4619.228 4626.927 4634.035 4640.374 4646.713 4653.052 4659.391 4665.056 4670.644 4676.231 4681.819 4688.799 4698.229 4707.659 4717.088 4726.518 4737.444 4748.684 4759.924
4554.469 4551.467 4548.037 4544.607 4541.177 4537.367 4532.479 4527.591 4522.703 4517.814 4513.361 4509.072 4504.784 4500.495 4496.583 4494.291 4491.999 4489.707 4487.415 4486.234 4485.646 4485.058 4484.47 4484.057 4484.987 4485.917 4486.847 4487.777 4489.41 4491.552 4493.694 4495.835 4498.258 4506.854 4515.451 4524.047 4532.643 4543.415 4556.3 4569.186 4582.071 4594.956 4602.201 4609.277 4616.354 4623.431 4629.97 4635.81 4641.649 4647.489 4653.329 4658.619 4663.848 4669.076 4674.304 4681.068 4690.535 4700.002 4709.47 4718.937 4729.962 4741.315 4752.669
4563.563 4560.488 4556.919 4553.35 4549.78 4545.745 4540.39 4535.035 4529.679 4524.324 4519.353 4514.527 4509.702 4504.876 4500.444 4497.707 4494.969 4492.232 4489.494 4488.075 4487.357 4486.64 4485.923 4485.372 4486.087 4486.802 4487.518 4488.233 4489.566 4491.349 4493.131 4494.913 4496.98 4505.319 4513.657 4521.996 4530.334 4541.137 4554.334 4567.531 4580.728 4593.924 4600.573 4607.027 4613.481 4619.935 4625.904 4631.245 4636.585 4641.926 4647.267 4652.183 4657.052 4661.92 4666.789 4673.337 4682.842 4692.347 4701.852 4711.356 4722.481 4733.947 4745.413
4572.657 4569.51 4565.801 4562.092 4558.383 4554.123 4548.301 4542.479 4536.656 4530.834 4525.345 4519.982 4514.62 4509.258 4504.306 4501.123 4497.939 4494.756 4491.573 4489.915 4489.068 4488.223 4487.376 4486.687 4487.187 4487.688 4488.188 4488.688 4489.723 4491.146 4492.568 4493.991 4495.703 4503.783 4511.864 4519.945 4528.026 4538.86 4552.368 4565.876 4579.384 4592.892 4598.946 4604.777 4610.607 4616.438 4621.839 4626.681 4631.522 4636.363 4641.205 4645.747 4650.255 4654.764 4659.273 4665.605 4675.148 4684.69 4694.233 4703.775 4715.0 4726.579 4738.157
4583.98 4580.598 4576.56 4572.521 4568.482 4563.799 4557.288 4550.777 4544.267 4537.756 4531.81 4526.077 4520.345 4514.612 4509.265 4505.578 4501.892 4498.205 4494.518 4492.5 4491.375 4490.248 4489.122 4488.162 4488.471 4488.78 4489.089 4489.398 4490.232 4491.446 4492.66 4493.874 4495.354 4502.668 4509.983 4517.298 4524.613 4534.794 4547.76 4560.726 4573.692 4586.658 4592.803 4598.745 4604.686 4610.627 4616.067 4620.855 4625.644 4630.432 4635.22 4640.121 4645.034 4649.947 4654.86 4661.459 4671.023 4680.588 4690.152 4699.717 4710.516 4721.575 4732.634
4596.161 4592.479 4588.038 4583.596 4579.155 4573.972 4566.688 4559.405 4552.121 4544.837 4538.456 4532.417 4526.379 4520.341 4514.646 4510.433 4506.22 4502.007 4497.793 4495.373 4493.909 4492.444 4490.979 4489.7 4489.826 4489.953 4490.079 4490.206 4490.875 4491.939 4493.002 4494.066 4495.36 4501.714 4508.068 4514.422 4520.776 4530.042 4542.139 4554.235 4566.331 4578.427 4584.927 4591.261 4597.594 4603.927 4609.64 4614.546 4619.453 4624.359 4629.265 4634.805 4640.416 4646.027 4651.639 4658.688 4668.269 4677.85 4687.43 4697.011 4707.183 4717.479 4727.776
4608.341 4604.36 4599.516 4594.672 4589.828 4584.146 4576.089 4568.032 4559.975 4551.918 4545.103 4538.758 4532.414 4526.069 4520.027 4515.288 4510.548 4505.809 4501.069 4498.246 4496.443 4494.64 4492.837 4491.237 4491.181 4491.125 4491.069 4491.013 4491.519 4492.432 4493.346 4494.259 4495.367 4500.76 4506.153 4511.546 4516.938 4525.291 4536.517 4547.743 4558.969 4570.196 4577.052 4583.777 4590.502 4597.228 4603.213 4608.238 4613.262 4618.286 4623.311 4629.489 4635.799 4642.108 4648.417 4655.917 4665.514 4675.111 4684.708 4694.304 4703.85 4713.384 4722.918
4620.521 4616.241 4610.994 4605.747 4600.5 4594.319 4585.489 4576.659 4567.829 4559.0 4551.749 4545.098 4538.448 4531.797 4525.408 4520.142 4514.876 4509.611 4504.346 4501.118 4498.977 4496.836 4494.695 4492.775 4492.536 4492.297 4492.059 4491.82 4492.162 4492.925 4493.688 4494.451 4495.374 4499.806 4504.238 4508.669 4513.102 4520.539 4530.895 4541.251 4551.608 4561.965 4569.176 4576.293 4583.41 4590.527 4596.786 4601.929 4607.071 4612.213 4617.356 4624.174 4631.181 4638.188 4645.196 4653.147 4662.76 4672.373 4681.985 4691.598 4700.516 4709.288 4718.06
4632.514 4628.028 4622.498 4616.968 4611.438 4604.857 4595.3 4585.744 4576.187 4566.631 4558.895 4551.85 4544.806 4537.761 4530.951 4525.147 4519.345 4513.542 4507.739 4504.091 4501.592 4499.093 4496.594 4494.337 4493.923 4493.51 4493.096 4492.683 4492.864 4493.477 4494.09 4494.703 4495.442 4498.975 4502.508 4506.041 4509.574 4516.132 4525.629 4535.126 4544.624 4554.121 4561.676 4569.174 4576.672 4584.17 4590.731 4596.072 4601.414 4606.755 4612.097 4619.472 4627.076 4634.681 4642.285 4650.595 4660.148 4669.701 4679.254 4688.807 4697.106 4705.141 4713.175
4643.53 4639.332 4634.14 4628.947 4623.755 4617.299 4607.259 4597.219 4587.18 4577.14 4568.652 4560.753 4552.855 4544.957 4537.341 4530.942 4524.543 4518.145 4511.746 4507.589 4504.628 4501.668 4498.707 4496.026 4495.479 4494.931 4494.383 4493.835 4493.873 4494.335 4494.798 4495.26 4495.832 4498.79 4501.748 4504.707 4507.665 4513.532 4522.223 4530.915 4539.606 4548.298 4556.144 4563.964 4571.784 4579.604 4586.617 4592.582 4598.546 4604.51 4610.475 4617.976 4625.65 4633.324 4640.998 4649.188 4658.284 4667.381 4676.478 4685.574 4693.292 4700.72 4708.148
4654.546 4650.635 4645.781 4640.927 4636.073 4629.741 4619.218 4608.695 4598.172 4587.649 4578.409 4569.657 4560.905 4552.153 4543.732 4536.737 4529.743 4522.748 4515.753 4511.088 4507.666 4504.243 4500.82 4497.716 4497.034 4496.352 4495.67 4494.988 4494.882 4495.194 4495.506 4495.818 4496.221 4498.604 4500.988 4503.372 4505.756 4510.931 4518.817 4526.704 4534.59 4542.476 4550.611 4558.753 4566.896 4575.038 4582.504 4589.091 4595.678 4602.266 4608.853 4616.479 4624.223 4631.967 4639.711 4647.78 4656.42 4665.061 4673.701 4682.341 4689.479 4696.299 4703.121
4665.562 4661.938 4657.423 4652.907 4648.392 4642.183 4631.177 4620.17 4609.164 4598.158 4588.167 4578.561 4568.955 4559.35 4550.123 4542.532 4534.941 4527.351 4519.76 4514.586 4510.702 4506.818 4502.934 4499.405 4498.589 4497.772 4496.957 4496.14 4495.891 4496.053 4496.214 4496.376 4496.61 4498.419 4500.229 4502.038 4503.847 4508.331 4515.411 4522.492 4529.573 4536.654 4545.078 4553.542 4562.007 4570.472 4578.391 4585.601 4592.811 4600.021 4607.23 4614.983 4622.797 4630.611 4638.424 4646.372 4654.556 4662.74 4670.924 4679.108 4685.665 4691.879 4698.093
4676.578 4673.242 4669.064 4664.887 4660.709 4654.625 4643.135 4631.646 4620.156 4608.667 4597.924 4587.464 4577.005 4566.545 4556.514 4548.327 4540.141 4531.954 4523.767 4518.085 4513.739 4509.393 4505.047 4501.094 4500.144 4499.194 4498.243 4497.293 4496.9 4496.912 4496.923 4496.934 4496.999 4498.233 4499.468 4500.703 4501.938 4505.729 4512.005 4518.281 4524.556 4530.832 4539.545 4548.332 4557.119 4565.905 4574.277 4582.11 4589.943 4597.775 4605.608 4613.487 4621.371 4629.254 4637.138 4644.964 4652.692 4660.419 4668.147 4675.875 4681.851 4687.458 4693.066
4683.494 4680.587 4676.941 4673.294 4669.648 4664.031 4652.83 4641.628 4630.427 4619.226 4608.083 4596.962 4585.842 4574.722 4564.085 4555.53 4546.976 4538.421 4529.866 4523.751 4518.937 4514.123 4509.309 4504.895 4503.53 4502.166 4500.802 4499.438 4498.772 4498.614 4498.456 4498.298 4498.194 4499.298 4500.402 4501.506 4502.609 4506.128 4511.994 4517.859 4523.725 4529.59 4538.152 4546.795 4555.438 4564.081 4572.392 4580.272 4588.153 4596.033 4603.914 4611.418 4618.879 4626.341 4633.803 4641.167 4648.357 4655.548 4662.739 4669.93 4675.643 4681.046 4686.448
4687.658 4685.278 4682.292 4679.306 4676.32 4671.401 4661.005 4650.609 4640.213 4629.817 4618.511 4606.859 4595.208 4583.556 4572.447 4563.678 4554.908 4546.139 4537.369 4530.872 4525.585 4520.298 4515.011 4510.11 4508.144 4506.179 4504.213 4502.248 4501.224 4500.883 4500.542 4500.202 4499.931 4501.201 4502.471 4503.742 4505.012 4508.54 4514.26 4519.98 4525.7 4531.421 4539.536 4547.722 4555.909 4564.095 4572.001 4579.543 4587.085 4594.628 4602.17 4608.964 4615.675 4622.385 4629.095 4635.765 4642.365 4648.965 4655.565 4662.166 4667.83 4673.297 4678.764
4691.823 4689.969 4687.644 4685.318 4682.993 4678.772 4669.181 4659.591 4650.0 4640.409 4628.94 4616.756 4604.573 4592.39 4580.809 4571.825 4562.841 4553.856 4544.873 4537.992 4532.232 4526.473 4520.714 4515.325 4512.758 4510.191 4507.625 4505.058 4503.675 4503.152 4502.628 4502.105 4501.667 4503.104 4504.541 4505.978 4507.414 4510.95 4516.525 4522.101 4527.676 4533.251 4540.919 4548.649 4556.379 4564.109 4571.611 4578.815 4586.019 4593.223 4600.427 4606.511 4612.47 4618.428 4624.386 4630.363 4636.373 4642.382 4648.392 4654.402 4660.016 4665.548 4671.079
4695.987 4694.66 4692.995 4691.33 4689.665 4686.142 4677.357 4668.572 4659.787 4651.001 4639.368 4626.653 4613.938 4601.224 4589.171 4579.972 4570.773 4561.574 4552.375 4545.112 4538.88 4532.648 4526.417 4520.541 4517.372 4514.204 4511.036 4507.868 4506.127 4505.421 4504.715 4504.009 4503.404 4505.007 4506.61 4508.213 4509.816 4513.361 4518.792 4524.222 4529.652 4535.083 4542.303 4549.577 4556.85 4564.124 4571.22 4578.086 4584.952 4591.817 4598.683 4604.058 4609.265 4614.471 4619.678 4624.962 4630.381 4635.8 4641.219 4646.638 4652.203 4657.799 4663.395
4700.0 4699.186 4698.165 4697.143 4696.122 4693.286 4685.311 4677.335 4669.36 4661.385 4649.618 4636.411 4623.204 4609.996 4597.506 4588.105 4578.705 4569.305 4559.904 4552.271 4545.582 4538.892 4532.202 4525.852 4522.101 4518.349 4514.598 4510.846 4508.754 4507.866 4506.978 4506.089 4505.315 4507.067 4508.819 4510.571 4512.323 4515.86 4521.131 4526.402 4531.672 4536.943 4543.708 4550.518 4557.327 4564.137 4570.819 4577.337 4583.855 4590.373 4596.891 4601.568 4606.039 4610.509 4614.979 4619.587 4624.44 4629.292 4634.145 4638.997 4644.533 4650.212 4655.892
4700.0 4699.349 4698.531 4697.714 4696.896 4694.454 4687.408 4680.361 4673.314 4666.268 4655.15 4642.485 4629.82 4617.155 4605.132 4595.876 4586.621 4577.365 4568.11 4560.472 4553.696 4546.92 4540.144 4533.707 4529.848 4525.989 4522.13 4518.271 4516.028 4514.957 4513.886 4512.815 4511.853 4513.288 4514.724 4516.159 4517.594 4520.697 4525.42 4530.143 4534.866 4539.589 4545.687 4551.825 4557.963 4564.102 4570.144 4576.06 4581.977 4587.893 4593.81 4598.123 4602.254 4606.386 4610.519 4614.935 4619.851 4624.768 4629.685 4634.602 4640.641 4646.917 4653.192
4700.0 4699.511 4698.898 4698.285 4697.671 4695.622 4689.504 4683.386 4677.269 4671.151 4660.682 4648.559 4636.436 4624.313 4612.758 4603.647 4594.537 4585.426 4576.316 4568.672 4561.81 4554.948 4548.087 4541.561 4537.594 4533.628 4529.662 4525.695 4523.302 4522.048 4520.795 4519.541 4518.391 4519.509 4520.627 4521.746 4522.865 4525.534 4529.709 4533.885 4538.06 4542.236 4547.666 4553.133 4558.6 4564.067 4569.468 4574.783 4580.099 4585.414 4590.729 4594.677 4598.471 4602.264 4606.058 4610.282 4615.263 4620.244 4625.225 4630.206 4636.749 4643.621 4650.493
4700.0 4699.674 4699.265 4698.855 4698.446 4696.79 4691.601 4686.412 4681.223 4676.034 4666.213 4654.633 4643.052 4631.472 4620.384 4611.418 4602.453 4593.487 4584.521 4576.872 4569.924 4562.977 4556.029 4549.415 4545.341 4541.268 4537.194 4533.12 4530.576 4529.14 4527.703 4526.267 4524.928 4525.73 4526.532 4527.333 4528.135 4530.37 4533.998 4537.626 4541.254 4544.882 4549.644 4554.44 4559.236 4564.032 4568.792 4573.506 4578.22 4582.934 4587.648 4591.231 4594.687 4598.142 4601.597 4605.629 4610.674 4615.72 4620.766 4625.811 4632.857 4640.325 4647.792
4700.0 4699.836 4699.631 4699.426 4699.221 4697.958 4693.698 4689.438 4685.177 4680.917 4671.745 4660.707 4649.668 4638.63 4628.01 4619.189 4610.369 4601.548 4592.728 4585.072 4578.039 4571.005 4563.972 4557.269 4553.088 4548.907 4544.726 4540.545 4537.849 4536.23 4534.612 4532.993 4531.466 4531.951 4532.436 4532.921 4533.406 4535.207 4538.288 4541.368 4544.448 4547.528 4551.623 4555.748 4559.873 4563.998 4568.117 4572.229 4576.342 4580.455 4584.567 4587.786 4590.903 4594.02 4597.137 4600.976 4606.086 4611.196 4616.306 4621.416 4628.966 4637.029 4645.093
