data/zism_data/00460_04_D.txt
ncols         224
nrows         224
[rows 56 to 83 of 224, columns 0 to 62 of 224]
1028.647 1028.495 1028.343 1028.191 1028.039 1027.879 1027.679 1027.479 1027.279 1027.078 1026.92 1026.792 1026.664 1026.536 1026.409 1026.299 1026.19 1026.08 1025.97 1025.85 1025.717 1025.583 1025.45 1025.316 1025.146 1024.97 1024.794 1024.618 1024.462 1024.352 1024.243 1024.133 1024.023 1023.887 1023.742 1023.597 1023.451 1023.298 1023.103 1022.908 1022.713 1022.518 1022.273 1021.994 1021.715 1021.436 1021.159 1020.952 1020.744 1020.537 1020.329 1020.095 1019.828 1019.561 1019.294 1019.027 1018.802 1018.583 1018.363 1018.144 1017.917 1017.675 1017.432
1028.987 1028.841 1028.694 1028.547 1028.4 1028.243 1028.027 1027.811 1027.594 1027.378 1027.216 1027.094 1026.971 1026.849 1026.726 1026.627 1026.528 1026.429 1026.33 1026.212 1026.068 1025.923 1025.779 1025.635 1025.449 1025.257 1025.065 1024.873 1024.709 1024.61 1024.511 1024.412 1024.313 1024.165 1023.998 1023.831 1023.664 1023.497 1023.323 1023.149 1022.976 1022.802 1022.547 1022.236 1021.925 1021.614 1021.306 1021.131 1020.955 1020.78 1020.605 1020.378 1020.09 1019.802 1019.513 1019.225 1019.016 1018.818 1018.62 1018.422 1018.204 1017.94 1017.676
1029.349 1029.175 1028.988 1028.802 1028.616 1028.43 1028.252 1028.073 1027.895 1027.717 1027.561 1027.421 1027.282 1027.142 1027.003 1026.924 1026.844 1026.765 1026.686 1026.571 1026.412 1026.253 1026.093 1025.934 1025.74 1025.541 1025.342 1025.143 1024.968 1024.848 1024.728 1024.609 1024.489 1024.335 1024.17 1024.004 1023.838 1023.673 1023.507 1023.341 1023.175 1023.01 1022.774 1022.489 1022.204 1021.92 1021.637 1021.431 1021.224 1021.018 1020.812 1020.579 1020.315 1020.05 1019.785 1019.52 1019.289 1019.063 1018.837 1018.612 1018.38 1018.135 1017.89
1029.716 1029.506 1029.272 1029.038 1028.803 1028.584 1028.454 1028.323 1028.193 1028.063 1027.915 1027.754 1027.593 1027.432 1027.272 1027.214 1027.156 1027.098 1027.04 1026.931 1026.755 1026.58 1026.404 1026.229 1026.028 1025.824 1025.62 1025.415 1025.228 1025.082 1024.935 1024.789 1024.642 1024.486 1024.325 1024.165 1024.005 1023.844 1023.684 1023.524 1023.363 1023.203 1022.991 1022.744 1022.497 1022.249 1022.002 1021.753 1021.504 1021.255 1021.006 1020.765 1020.532 1020.299 1020.066 1019.834 1019.574 1019.31 1019.047 1018.784 1018.534 1018.316 1018.098
1030.082 1029.838 1029.556 1029.273 1028.991 1028.737 1028.655 1028.573 1028.491 1028.408 1028.269 1028.086 1027.904 1027.722 1027.54 1027.504 1027.467 1027.431 1027.394 1027.29 1027.098 1026.907 1026.716 1026.524 1026.317 1026.107 1025.897 1025.688 1025.489 1025.316 1025.143 1024.969 1024.796 1024.636 1024.481 1024.326 1024.171 1024.016 1023.861 1023.706 1023.551 1023.396 1023.208 1022.999 1022.789 1022.579 1022.367 1022.076 1021.784 1021.492 1021.201 1020.95 1020.749 1020.549 1020.348 1020.147 1019.858 1019.557 1019.257 1018.956 1018.689 1018.498 1018.306
1030.448 1030.17 1029.839 1029.509 1029.178 1028.891 1028.857 1028.823 1028.788 1028.754 1028.622 1028.419 1028.215 1028.011 1027.809 1027.794 1027.779 1027.764 1027.748 1027.649 1027.442 1027.234 1027.027 1026.819 1026.605 1026.39 1026.175 1025.96 1025.749 1025.55 1025.35 1025.15 1024.95 1024.787 1024.637 1024.487 1024.338 1024.188 1024.038 1023.889 1023.739 1023.589 1023.426 1023.253 1023.081 1022.909 1022.733 1022.398 1022.064 1021.729 1021.395 1021.136 1020.967 1020.798 1020.63 1020.461 1020.143 1019.804 1019.466 1019.128 1018.844 1018.679 1018.514
1030.773 1030.476 1030.121 1029.765 1029.41 1029.105 1029.095 1029.086 1029.077 1029.068 1028.943 1028.733 1028.524 1028.314 1028.106 1028.097 1028.088 1028.078 1028.069 1027.969 1027.753 1027.538 1027.322 1027.106 1026.889 1026.672 1026.454 1026.237 1026.018 1025.795 1025.571 1025.348 1025.124 1024.957 1024.811 1024.665 1024.52 1024.373 1024.224 1024.075 1023.926 1023.777 1023.623 1023.467 1023.31 1023.153 1022.992 1022.64 1022.288 1021.935 1021.583 1021.323 1021.176 1021.028 1020.881 1020.733 1020.405 1020.053 1019.7 1019.348 1019.059 1018.908 1018.758
1030.998 1030.719 1030.395 1030.072 1029.749 1029.466 1029.425 1029.384 1029.342 1029.301 1029.181 1029.004 1028.826 1028.649 1028.472 1028.431 1028.389 1028.348 1028.307 1028.194 1027.989 1027.784 1027.578 1027.373 1027.162 1026.95 1026.738 1026.526 1026.306 1026.067 1025.827 1025.588 1025.348 1025.177 1025.031 1024.885 1024.739 1024.591 1024.432 1024.272 1024.112 1023.952 1023.772 1023.578 1023.384 1023.19 1022.993 1022.684 1022.374 1022.064 1021.755 1021.516 1021.363 1021.211 1021.058 1020.905 1020.614 1020.304 1019.994 1019.685 1019.42 1019.254 1019.087
1031.222 1030.961 1030.67 1030.379 1030.088 1029.828 1029.755 1029.681 1029.608 1029.534 1029.419 1029.274 1029.128 1028.983 1028.838 1028.765 1028.691 1028.618 1028.544 1028.418 1028.224 1028.029 1027.835 1027.641 1027.436 1027.229 1027.022 1026.816 1026.594 1026.339 1026.083 1025.828 1025.572 1025.397 1025.251 1025.105 1024.959 1024.809 1024.639 1024.468 1024.298 1024.128 1023.921 1023.69 1023.458 1023.227 1022.994 1022.727 1022.46 1022.194 1021.927 1021.709 1021.551 1021.393 1021.235 1021.076 1020.822 1020.555 1020.289 1020.022 1019.781 1019.599 1019.416
1031.446 1031.204 1030.945 1030.686 1030.426 1030.19 1030.084 1029.979 1029.873 1029.768 1029.658 1029.544 1029.431 1029.318 1029.204 1029.099 1028.993 1028.888 1028.782 1028.642 1028.459 1028.275 1028.091 1027.908 1027.709 1027.507 1027.306 1027.105 1026.883 1026.611 1026.339 1026.068 1025.796 1025.616 1025.471 1025.325 1025.179 1025.027 1024.846 1024.665 1024.484 1024.303 1024.07 1023.801 1023.532 1023.263 1022.995 1022.771 1022.547 1022.323 1022.099 1021.902 1021.738 1021.575 1021.411 1021.248 1021.031 1020.807 1020.583 1020.359 1020.143 1019.944 1019.745
1031.671 1031.447 1031.22 1030.992 1030.765 1030.551 1030.414 1030.276 1030.138 1030.001 1029.896 1029.814 1029.733 1029.652 1029.57 1029.433 1029.295 1029.158 1029.02 1028.867 1028.694 1028.521 1028.348 1028.175 1027.982 1027.786 1027.59 1027.394 1027.171 1026.883 1026.596 1026.308 1026.02 1025.836 1025.69 1025.544 1025.399 1025.245 1025.053 1024.862 1024.67 1024.478 1024.219 1023.912 1023.606 1023.3 1022.996 1022.815 1022.633 1022.452 1022.271 1022.095 1021.926 1021.757 1021.588 1021.42 1021.24 1021.058 1020.877 1020.696 1020.504 1020.289 1020.074
1031.949 1031.735 1031.528 1031.321 1031.114 1030.916 1030.766 1030.616 1030.466 1030.316 1030.211 1030.138 1030.065 1029.992 1029.918 1029.764 1029.611 1029.457 1029.303 1029.135 1028.949 1028.763 1028.577 1028.391 1028.198 1028.003 1027.808 1027.614 1027.395 1027.119 1026.843 1026.567 1026.291 1026.096 1025.93 1025.764 1025.599 1025.427 1025.225 1025.022 1024.82 1024.617 1024.357 1024.057 1023.756 1023.456 1023.159 1022.984 1022.81 1022.636 1022.462 1022.29 1022.119 1021.949 1021.779 1021.609 1021.432 1021.253 1021.075 1020.897 1020.71 1020.503 1020.296
1032.246 1032.04 1031.849 1031.658 1031.467 1031.281 1031.126 1030.971 1030.815 1030.66 1030.552 1030.479 1030.406 1030.334 1030.26 1030.095 1029.931 1029.766 1029.602 1029.419 1029.211 1029.004 1028.797 1028.589 1028.393 1028.198 1028.004 1027.809 1027.597 1027.342 1027.088 1026.833 1026.578 1026.369 1026.177 1025.984 1025.792 1025.596 1025.383 1025.17 1024.957 1024.744 1024.492 1024.213 1023.934 1023.655 1023.378 1023.199 1023.019 1022.84 1022.66 1022.485 1022.315 1022.144 1021.974 1021.804 1021.617 1021.429 1021.24 1021.051 1020.862 1020.671 1020.48
1032.544 1032.344 1032.169 1031.994 1031.819 1031.646 1031.486 1031.325 1031.165 1031.004 1030.894 1030.821 1030.748 1030.675 1030.602 1030.427 1030.251 1030.076 1029.901 1029.702 1029.474 1029.245 1029.016 1028.787 1028.588 1028.394 1028.199 1028.005 1027.798 1027.565 1027.332 1027.099 1026.865 1026.643 1026.423 1026.204 1025.985 1025.766 1025.542 1025.318 1025.094 1024.87 1024.627 1024.369 1024.111 1023.854 1023.598 1023.413 1023.228 1023.043 1022.858 1022.68 1022.51 1022.34 1022.17 1021.999 1021.803 1021.604 1021.404 1021.205 1021.013 1020.838 1020.663
1032.842 1032.649 1032.49 1032.331 1032.172 1032.012 1031.846 1031.68 1031.514 1031.348 1031.236 1031.163 1031.09 1031.017 1030.943 1030.758 1030.572 1030.386 1030.2 1029.986 1029.736 1029.486 1029.236 1028.985 1028.784 1028.589 1028.395 1028.2 1028.0 1027.788 1027.576 1027.365 1027.153 1026.916 1026.67 1026.424 1026.179 1025.935 1025.7 1025.466 1025.231 1024.997 1024.761 1024.525 1024.289 1024.053 1023.818 1023.627 1023.437 1023.247 1023.057 1022.876 1022.705 1022.535 1022.365 1022.195 1021.989 1021.779 1021.569 1021.359 1021.165 1021.006 1020.847
1033.15 1032.965 1032.819 1032.673 1032.527 1032.377 1032.205 1032.033 1031.86 1031.688 1031.57 1031.491 1031.412 1031.333 1031.253 1031.057 1030.862 1030.666 1030.471 1030.246 1029.984 1029.721 1029.459 1029.196 1028.989 1028.791 1028.592 1028.394 1028.196 1028.0 1027.805 1027.609 1027.414 1027.169 1026.907 1026.644 1026.382 1026.122 1025.877 1025.632 1025.387 1025.142 1024.912 1024.693 1024.474 1024.255 1024.037 1023.842 1023.646 1023.451 1023.255 1023.073 1022.907 1022.74 1022.574 1022.408 1022.198 1021.982 1021.766 1021.55 1021.356 1021.207 1021.058
1033.507 1033.331 1033.185 1033.039 1032.893 1032.742 1032.559 1032.376 1032.193 1032.01 1031.869 1031.758 1031.647 1031.536 1031.424 1031.223 1031.022 1030.821 1030.62 1030.404 1030.168 1029.933 1029.697 1029.461 1029.239 1029.019 1028.799 1028.579 1028.365 1028.164 1027.963 1027.762 1027.562 1027.335 1027.1 1026.864 1026.628 1026.389 1026.133 1025.877 1025.622 1025.366 1025.132 1024.913 1024.694 1024.475 1024.257 1024.056 1023.855 1023.654 1023.453 1023.278 1023.133 1022.988 1022.843 1022.698 1022.505 1022.305 1022.105 1021.906 1021.717 1021.552 1021.387
1033.865 1033.697 1033.551 1033.405 1033.259 1033.107 1032.913 1032.719 1032.526 1032.332 1032.168 1032.025 1031.881 1031.738 1031.595 1031.389 1031.182 1030.976 1030.77 1030.562 1030.353 1030.144 1029.935 1029.726 1029.489 1029.248 1029.007 1028.765 1028.535 1028.328 1028.122 1027.916 1027.71 1027.501 1027.292 1027.083 1026.874 1026.656 1026.39 1026.123 1025.856 1025.59 1025.351 1025.133 1024.914 1024.695 1024.476 1024.27 1024.064 1023.858 1023.651 1023.483 1023.359 1023.236 1023.112 1022.989 1022.812 1022.628 1022.445 1022.261 1022.078 1021.897 1021.716
1034.222 1034.063 1033.917 1033.771 1033.626 1033.471 1033.267 1033.063 1032.858 1032.654 1032.467 1032.291 1032.116 1031.941 1031.766 1031.554 1031.342 1031.131 1030.919 1030.721 1030.538 1030.356 1030.174 1029.991 1029.739 1029.477 1029.214 1028.951 1028.704 1028.492 1028.281 1028.069 1027.858 1027.667 1027.485 1027.303 1027.12 1026.923 1026.646 1026.368 1026.091 1025.814 1025.571 1025.352 1025.134 1024.915 1024.696 1024.484 1024.273 1024.061 1023.85 1023.688 1023.586 1023.484 1023.381 1023.279 1023.119 1022.952 1022.784 1022.616 1022.439 1022.242 1022.045
1034.579 1034.43 1034.284 1034.138 1033.992 1033.836 1033.621 1033.406 1033.191 1032.976 1032.766 1032.558 1032.351 1032.144 1031.937 1031.72 1031.503 1031.286 1031.069 1030.879 1030.723 1030.568 1030.412 1030.256 1029.989 1029.705 1029.421 1029.137 1028.873 1028.656 1028.439 1028.222 1028.005 1027.833 1027.678 1027.522 1027.367 1027.19 1026.902 1026.614 1026.326 1026.038 1025.791 1025.572 1025.353 1025.134 1024.916 1024.699 1024.482 1024.265 1024.048 1023.893 1023.812 1023.731 1023.651 1023.57 1023.427 1023.275 1023.123 1022.971 1022.8 1022.587 1022.374
1034.854 1034.695 1034.539 1034.383 1034.227 1034.064 1033.862 1033.66 1033.458 1033.257 1033.047 1032.832 1032.616 1032.401 1032.185 1031.956 1031.727 1031.498 1031.269 1031.075 1030.925 1030.776 1030.627 1030.478 1030.216 1029.938 1029.66 1029.382 1029.118 1028.889 1028.66 1028.431 1028.202 1028.031 1027.882 1027.733 1027.583 1027.413 1027.135 1026.857 1026.579 1026.301 1026.051 1025.822 1025.593 1025.364 1025.135 1024.923 1024.711 1024.499 1024.287 1024.132 1024.046 1023.959 1023.872 1023.786 1023.644 1023.494 1023.345 1023.196 1023.03 1022.828 1022.626
1035.083 1034.903 1034.731 1034.559 1034.387 1034.214 1034.039 1033.864 1033.689 1033.514 1033.319 1033.109 1032.898 1032.688 1032.478 1032.233 1031.988 1031.743 1031.498 1031.292 1031.137 1030.983 1030.828 1030.674 1030.43 1030.173 1029.917 1029.66 1029.406 1029.161 1028.916 1028.671 1028.426 1028.247 1028.092 1027.938 1027.783 1027.612 1027.355 1027.098 1026.842 1026.585 1026.335 1026.09 1025.845 1025.6 1025.355 1025.154 1024.953 1024.751 1024.55 1024.391 1024.283 1024.175 1024.067 1023.959 1023.81 1023.655 1023.501 1023.346 1023.185 1023.01 1022.835
1035.312 1035.112 1034.924 1034.735 1034.547 1034.365 1034.216 1034.068 1033.92 1033.771 1033.59 1033.386 1033.181 1032.976 1032.771 1032.51 1032.249 1031.988 1031.726 1031.51 1031.35 1031.19 1031.03 1030.87 1030.644 1030.409 1030.173 1029.938 1029.695 1029.433 1029.172 1028.911 1028.65 1028.463 1028.303 1028.143 1027.983 1027.811 1027.575 1027.34 1027.104 1026.869 1026.618 1026.357 1026.096 1025.835 1025.575 1025.385 1025.194 1025.004 1024.813 1024.65 1024.521 1024.391 1024.262 1024.133 1023.976 1023.816 1023.656 1023.496 1023.34 1023.191 1023.043
1035.541 1035.32 1035.116 1034.912 1034.707 1034.515 1034.394 1034.272 1034.15 1034.029 1033.862 1033.663 1033.463 1033.264 1033.064 1032.787 1032.509 1032.232 1031.955 1031.727 1031.562 1031.396 1031.231 1031.066 1030.858 1030.644 1030.43 1030.216 1029.983 1029.706 1029.428 1029.151 1028.874 1028.679 1028.513 1028.348 1028.183 1028.01 1027.796 1027.581 1027.367 1027.153 1026.902 1026.625 1026.348 1026.07 1025.795 1025.615 1025.436 1025.255 1025.076 1024.909 1024.758 1024.607 1024.457 1024.306 1024.142 1023.977 1023.812 1023.646 1023.495 1023.373 1023.251
1035.776 1035.536 1035.317 1035.098 1034.879 1034.678 1034.58 1034.481 1034.383 1034.285 1034.132 1033.939 1033.746 1033.553 1033.359 1033.067 1032.774 1032.482 1032.19 1031.95 1031.778 1031.606 1031.434 1031.262 1031.07 1030.876 1030.681 1030.487 1030.263 1029.974 1029.684 1029.394 1029.104 1028.9 1028.728 1028.556 1028.384 1028.208 1028.013 1027.819 1027.624 1027.43 1027.179 1026.889 1026.599 1026.309 1026.022 1025.851 1025.679 1025.508 1025.337 1025.167 1024.998 1024.828 1024.659 1024.49 1024.32 1024.149 1023.979 1023.809 1023.661 1023.562 1023.463
1036.072 1035.829 1035.61 1035.391 1035.172 1034.969 1034.86 1034.751 1034.643 1034.534 1034.385 1034.208 1034.031 1033.854 1033.676 1033.379 1033.081 1032.783 1032.486 1032.234 1032.04 1031.847 1031.653 1031.46 1031.266 1031.071 1030.876 1030.682 1030.465 1030.197 1029.928 1029.66 1029.391 1029.177 1028.984 1028.79 1028.597 1028.403 1028.209 1028.014 1027.82 1027.625 1027.387 1027.118 1026.85 1026.581 1026.314 1026.133 1025.951 1025.769 1025.587 1025.416 1025.257 1025.099 1024.94 1024.781 1024.613 1024.442 1024.272 1024.102 1023.947 1023.827 1023.706
1036.368 1036.122 1035.903 1035.684 1035.465 1035.261 1035.141 1035.022 1034.902 1034.782 1034.639 1034.478 1034.317 1034.156 1033.994 1033.691 1033.388 1033.085 1032.782 1032.517 1032.302 1032.088 1031.873 1031.658 1031.461 1031.266 1031.072 1030.877 1030.667 1030.42 1030.173 1029.925 1029.678 1029.455 1029.24 1029.025 1028.81 1028.599 1028.404 1028.21 1028.015 1027.82 1027.595 1027.348 1027.1 1026.853 1026.607 1026.415 1026.222 1026.03 1025.837 1025.665 1025.517 1025.369 1025.221 1025.073 1024.906 1024.735 1024.565 1024.395 1024.234 1024.092 1023.95
1036.664 1036.415 1036.196 1035.977 1035.758 1035.552 1035.422 1035.292 1035.161 1035.031 1034.892 1034.747 1034.602 1034.457 1034.311 1034.003 1033.694 1033.386 1033.078 1032.801 1032.565 1032.329 1032.092 1031.856 1031.656 1031.462 1031.267 1031.073 1030.869 1030.643 1030.417 1030.191 1029.965 1029.732 1029.496 1029.26 1029.023 1028.794 1028.599 1028.405 1028.21 1028.016 1027.803 1027.577 1027.351 1027.125 1026.9 1026.697 1026.494 1026.29 1026.087 1025.914 1025.777 1025.639 1025.502 1025.365 1025.198 1025.028 1024.858 1024.688 1024.52 1024.357 1024.193
