data/zism_data/00460_03_D.txt
ncols         224
nrows         224
[rows 28 to 55 of 224, columns 128 to 191 of 224]
1017.697 1017.687 1017.677 1017.667 1017.657 1017.674 1017.704 1017.733 1017.763 1017.803 1017.929 1018.055 1018.181 1018.307 1018.438 1018.574 1018.71 1018.846 1018.982 1019.128 1019.274 1019.42 1019.566 1019.74 1019.959 1020.178 1020.397 1020.616 1020.714 1020.787 1020.86 1020.933 1021.025 1021.17 1021.316 1021.462 1021.608 1021.654 1021.654 1021.654 1021.654 1021.654 1021.654 1021.654 1021.654 1021.654 1021.654 1021.654 1021.654 1021.654 1021.654 1021.654 1021.654 1021.654 1021.654 1021.654 1021.654 1021.654 1021.654 1021.654 1021.654 1021.654 1021.654 1021.654
1018.04 1018.035 1018.031 1018.026 1018.022 1018.029 1018.043 1018.057 1018.07 1018.097 1018.234 1018.37 1018.507 1018.644 1018.783 1018.924 1019.066 1019.207 1019.348 1019.494 1019.64 1019.786 1019.932 1020.106 1020.325 1020.544 1020.763 1020.982 1021.08 1021.153 1021.226 1021.299 1021.391 1021.537 1021.683 1021.828 1021.974 1022.02 1022.02 1022.02 1022.02 1022.02 1022.02 1022.02 1022.02 1022.02 1022.02 1022.02 1022.02 1022.02 1022.02 1022.02 1022.02 1022.02 1022.02 1022.02 1022.02 1022.02 1022.02 1022.02 1022.02 1022.02 1022.02 1022.02
1018.365 1018.362 1018.36 1018.358 1018.355 1018.359 1018.366 1018.373 1018.38 1018.401 1018.547 1018.693 1018.839 1018.985 1019.13 1019.273 1019.417 1019.56 1019.704 1019.852 1020.0 1020.148 1020.297 1020.473 1020.692 1020.91 1021.129 1021.348 1021.447 1021.52 1021.592 1021.665 1021.757 1021.903 1022.049 1022.195 1022.341 1022.386 1022.386 1022.386 1022.386 1022.386 1022.386 1022.386 1022.386 1022.386 1022.386 1022.386 1022.386 1022.386 1022.386 1022.386 1022.386 1022.386 1022.386 1022.386 1022.386 1022.386 1022.386 1022.386 1022.386 1022.386 1022.386 1022.386
1018.581 1018.562 1018.544 1018.525 1018.507 1018.538 1018.593 1018.648 1018.703 1018.768 1018.913 1019.059 1019.205 1019.351 1019.487 1019.615 1019.742 1019.87 1019.997 1020.16 1020.325 1020.489 1020.653 1020.839 1021.058 1021.277 1021.495 1021.714 1021.813 1021.886 1021.959 1022.032 1022.123 1022.269 1022.415 1022.561 1022.707 1022.753 1022.753 1022.753 1022.753 1022.753 1022.753 1022.753 1022.753 1022.753 1022.753 1022.753 1022.753 1022.753 1022.753 1022.753 1022.753 1022.753 1022.753 1022.753 1022.753 1022.753 1022.753 1022.753 1022.753 1022.753 1022.753 1022.753
1018.796 1018.762 1018.728 1018.693 1018.659 1018.717 1018.82 1018.923 1019.026 1019.134 1019.28 1019.426 1019.571 1019.717 1019.845 1019.956 1020.068 1020.18 1020.291 1020.469 1020.649 1020.829 1021.01 1021.205 1021.424 1021.643 1021.862 1022.081 1022.179 1022.252 1022.325 1022.398 1022.49 1022.635 1022.781 1022.927 1023.073 1023.119 1023.119 1023.119 1023.119 1023.119 1023.119 1023.119 1023.119 1023.119 1023.119 1023.119 1023.119 1023.119 1023.119 1023.119 1023.119 1023.119 1023.119 1023.119 1023.119 1023.119 1023.119 1023.119 1023.119 1023.119 1023.119 1023.119
1019.012 1018.962 1018.911 1018.861 1018.811 1018.896 1019.047 1019.198 1019.349 1019.5 1019.646 1019.792 1019.938 1020.084 1020.203 1020.298 1020.394 1020.489 1020.585 1020.777 1020.974 1021.17 1021.366 1021.571 1021.79 1022.009 1022.228 1022.447 1022.545 1022.618 1022.691 1022.764 1022.856 1023.002 1023.148 1023.293 1023.439 1023.485 1023.485 1023.485 1023.485 1023.485 1023.485 1023.485 1023.485 1023.485 1023.485 1023.485 1023.485 1023.485 1023.485 1023.485 1023.485 1023.485 1023.485 1023.485 1023.485 1023.485 1023.485 1023.485 1023.485 1023.485 1023.485 1023.485
1019.228 1019.162 1019.095 1019.029 1018.962 1019.074 1019.274 1019.473 1019.672 1019.866 1020.012 1020.158 1020.304 1020.45 1020.56 1020.64 1020.719 1020.799 1020.878 1021.086 1021.298 1021.51 1021.723 1021.938 1022.156 1022.375 1022.594 1022.813 1022.912 1022.984 1023.057 1023.13 1023.222 1023.368 1023.514 1023.66 1023.806 1023.851 1023.851 1023.851 1023.851 1023.851 1023.851 1023.851 1023.851 1023.851 1023.851 1023.851 1023.851 1023.851 1023.851 1023.851 1023.851 1023.851 1023.851 1023.851 1023.851 1023.851 1023.851 1023.851 1023.851 1023.851 1023.851 1023.851
1019.506 1019.439 1019.373 1019.306 1019.24 1019.352 1019.552 1019.751 1019.951 1020.146 1020.291 1020.437 1020.583 1020.729 1020.839 1020.919 1020.998 1021.077 1021.157 1021.383 1021.614 1021.846 1022.077 1022.301 1022.514 1022.726 1022.939 1023.151 1023.251 1023.328 1023.404 1023.48 1023.575 1023.724 1023.873 1024.022 1024.171 1024.218 1024.218 1024.218 1024.218 1024.218 1024.218 1024.218 1024.218 1024.218 1024.218 1024.218 1024.218 1024.218 1024.218 1024.218 1024.218 1024.218 1024.218 1024.218 1024.218 1024.218 1024.218 1024.218 1024.218 1024.218 1024.218 1024.218
1019.826 1019.77 1019.714 1019.658 1019.602 1019.697 1019.864 1020.032 1020.2 1020.365 1020.511 1020.657 1020.803 1020.949 1021.065 1021.155 1021.245 1021.335 1021.425 1021.672 1021.925 1022.178 1022.431 1022.663 1022.865 1023.067 1023.269 1023.471 1023.573 1023.655 1023.736 1023.818 1023.918 1024.072 1024.227 1024.381 1024.535 1024.584 1024.584 1024.584 1024.584 1024.584 1024.584 1024.584 1024.584 1024.584 1024.584 1024.584 1024.584 1024.584 1024.584 1024.584 1024.584 1024.584 1024.584 1024.584 1024.584 1024.584 1024.584 1024.584 1024.584 1024.584 1024.584 1024.584
1020.146 1020.101 1020.055 1020.01 1019.965 1020.041 1020.177 1020.313 1020.448 1020.585 1020.731 1020.877 1021.023 1021.169 1021.29 1021.391 1021.492 1021.592 1021.693 1021.961 1022.235 1022.51 1022.784 1023.025 1023.217 1023.408 1023.599 1023.79 1023.895 1023.982 1024.069 1024.156 1024.261 1024.421 1024.58 1024.74 1024.9 1024.95 1024.95 1024.95 1024.95 1024.95 1024.95 1024.95 1024.95 1024.95 1024.95 1024.95 1024.95 1024.95 1024.95 1024.95 1024.95 1024.95 1024.95 1024.95 1024.95 1024.95 1024.95 1024.95 1024.95 1024.95 1024.95 1024.95
1020.466 1020.431 1020.397 1020.362 1020.328 1020.386 1020.49 1020.593 1020.697 1020.805 1020.951 1021.096 1021.242 1021.388 1021.516 1021.627 1021.739 1021.85 1021.961 1022.25 1022.546 1022.842 1023.137 1023.388 1023.568 1023.748 1023.929 1024.109 1024.217 1024.309 1024.401 1024.493 1024.604 1024.769 1024.934 1025.099 1025.265 1025.316 1025.316 1025.316 1025.316 1025.316 1025.316 1025.316 1025.316 1025.316 1025.316 1025.316 1025.316 1025.316 1025.316 1025.316 1025.316 1025.316 1025.316 1025.316 1025.316 1025.316 1025.316 1025.316 1025.316 1025.316 1025.316 1025.316
1020.784 1020.759 1020.734 1020.709 1020.683 1020.725 1020.799 1020.873 1020.946 1021.028 1021.174 1021.32 1021.467 1021.613 1021.746 1021.868 1021.989 1022.11 1022.232 1022.54 1022.856 1023.172 1023.488 1023.747 1023.917 1024.088 1024.259 1024.429 1024.54 1024.637 1024.735 1024.832 1024.948 1025.119 1025.289 1025.459 1025.629 1025.684 1025.685 1025.686 1025.688 1025.689 1025.69 1025.691 1025.691 1025.692 1025.692 1025.692 1025.692 1025.692 1025.692 1025.692 1025.692 1025.692 1025.692 1025.692 1025.692 1025.692 1025.692 1025.692 1025.692 1025.692 1025.692 1025.692
1021.072 1021.026 1020.979 1020.932 1020.886 1020.934 1021.03 1021.125 1021.22 1021.322 1021.479 1021.636 1021.793 1021.95 1022.085 1022.201 1022.317 1022.433 1022.549 1022.853 1023.163 1023.474 1023.784 1024.044 1024.225 1024.407 1024.588 1024.769 1024.886 1024.989 1025.092 1025.194 1025.315 1025.485 1025.655 1025.825 1025.995 1026.072 1026.105 1026.139 1026.172 1026.204 1026.22 1026.237 1026.254 1026.271 1026.278 1026.278 1026.278 1026.278 1026.278 1026.278 1026.278 1026.278 1026.278 1026.278 1026.278 1026.278 1026.278 1026.278 1026.278 1026.278 1026.278 1026.278
1021.36 1021.292 1021.224 1021.156 1021.088 1021.144 1021.261 1021.377 1021.494 1021.616 1021.784 1021.951 1022.119 1022.287 1022.424 1022.535 1022.645 1022.756 1022.867 1023.165 1023.47 1023.775 1024.08 1024.341 1024.533 1024.725 1024.917 1025.109 1025.232 1025.34 1025.449 1025.557 1025.681 1025.851 1026.021 1026.191 1026.362 1026.46 1026.526 1026.591 1026.657 1026.718 1026.751 1026.784 1026.817 1026.849 1026.864 1026.864 1026.864 1026.864 1026.864 1026.864 1026.864 1026.864 1026.864 1026.864 1026.864 1026.864 1026.864 1026.864 1026.864 1026.864 1026.864 1026.864
1021.648 1021.559 1021.469 1021.38 1021.291 1021.354 1021.492 1021.63 1021.768 1021.91 1022.088 1022.267 1022.445 1022.624 1022.763 1022.868 1022.974 1023.079 1023.184 1023.477 1023.777 1024.077 1024.377 1024.638 1024.841 1025.044 1025.247 1025.449 1025.578 1025.692 1025.806 1025.919 1026.047 1026.217 1026.387 1026.558 1026.728 1026.848 1026.946 1027.043 1027.141 1027.233 1027.282 1027.33 1027.379 1027.428 1027.45 1027.45 1027.45 1027.45 1027.45 1027.45 1027.45 1027.45 1027.45 1027.45 1027.45 1027.45 1027.45 1027.45 1027.45 1027.45 1027.45 1027.45
1021.936 1021.825 1021.714 1021.604 1021.493 1021.563 1021.723 1021.882 1022.042 1022.204 1022.393 1022.582 1022.771 1022.96 1023.102 1023.202 1023.302 1023.402 1023.502 1023.789 1024.084 1024.378 1024.673 1024.936 1025.149 1025.362 1025.576 1025.789 1025.925 1026.044 1026.162 1026.281 1026.413 1026.583 1026.754 1026.924 1027.094 1027.236 1027.366 1027.496 1027.625 1027.747 1027.812 1027.877 1027.942 1028.007 1028.036 1028.036 1028.036 1028.036 1028.036 1028.036 1028.036 1028.036 1028.036 1028.036 1028.036 1028.036 1028.036 1028.036 1028.036 1028.036 1028.036 1028.036
1022.181 1022.073 1021.964 1021.856 1021.748 1021.814 1021.966 1022.117 1022.269 1022.426 1022.623 1022.82 1023.017 1023.214 1023.365 1023.476 1023.586 1023.697 1023.807 1024.085 1024.369 1024.652 1024.936 1025.195 1025.413 1025.632 1025.851 1026.07 1026.217 1026.349 1026.481 1026.614 1026.757 1026.932 1027.108 1027.283 1027.459 1027.614 1027.76 1027.906 1028.052 1028.189 1028.262 1028.335 1028.408 1028.481 1028.514 1028.514 1028.514 1028.514 1028.514 1028.514 1028.514 1028.514 1028.514 1028.514 1028.514 1028.514 1028.514 1028.514 1028.514 1028.514 1028.514 1028.514
1022.383 1022.301 1022.22 1022.138 1022.056 1022.106 1022.221 1022.335 1022.449 1022.573 1022.775 1022.978 1023.18 1023.383 1023.55 1023.688 1023.825 1023.962 1024.099 1024.362 1024.63 1024.898 1025.166 1025.414 1025.633 1025.852 1026.071 1026.29 1026.455 1026.608 1026.762 1026.915 1027.077 1027.263 1027.449 1027.635 1027.822 1027.98 1028.126 1028.272 1028.418 1028.555 1028.628 1028.701 1028.774 1028.847 1028.88 1028.88 1028.88 1028.88 1028.88 1028.88 1028.88 1028.88 1028.88 1028.88 1028.88 1028.88 1028.88 1028.88 1028.88 1028.88 1028.88 1028.88
1022.585 1022.53 1022.475 1022.42 1022.365 1022.398 1022.475 1022.552 1022.629 1022.72 1022.928 1023.135 1023.343 1023.551 1023.736 1023.899 1024.063 1024.227 1024.391 1024.64 1024.891 1025.143 1025.395 1025.634 1025.853 1026.072 1026.291 1026.509 1026.692 1026.867 1027.042 1027.217 1027.397 1027.594 1027.791 1027.988 1028.184 1028.346 1028.492 1028.638 1028.784 1028.922 1028.994 1029.067 1029.14 1029.213 1029.246 1029.246 1029.246 1029.246 1029.246 1029.246 1029.246 1029.246 1029.246 1029.246 1029.246 1029.246 1029.246 1029.246 1029.246 1029.246 1029.246 1029.246
1022.787 1022.758 1022.73 1022.702 1022.673 1022.691 1022.73 1022.77 1022.809 1022.867 1023.08 1023.293 1023.506 1023.72 1023.921 1024.111 1024.302 1024.492 1024.683 1024.917 1025.153 1025.389 1025.625 1025.854 1026.073 1026.292 1026.51 1026.729 1026.929 1027.126 1027.322 1027.518 1027.717 1027.925 1028.132 1028.34 1028.547 1028.713 1028.859 1029.004 1029.15 1029.288 1029.361 1029.434 1029.507 1029.579 1029.613 1029.613 1029.613 1029.613 1029.613 1029.613 1029.613 1029.613 1029.613 1029.613 1029.613 1029.613 1029.613 1029.613 1029.613 1029.613 1029.613 1029.613
1022.988 1022.987 1022.985 1022.984 1022.982 1022.983 1022.985 1022.987 1022.99 1023.014 1023.232 1023.451 1023.669 1023.888 1024.106 1024.323 1024.541 1024.758 1024.975 1025.195 1025.415 1025.634 1025.854 1026.073 1026.292 1026.511 1026.73 1026.949 1027.167 1027.384 1027.602 1027.82 1028.037 1028.256 1028.474 1028.692 1028.91 1029.079 1029.225 1029.371 1029.517 1029.654 1029.727 1029.8 1029.873 1029.946 1029.979 1029.979 1029.979 1029.979 1029.979 1029.979 1029.979 1029.979 1029.979 1029.979 1029.979 1029.979 1029.979 1029.979 1029.979 1029.979 1029.979 1029.979
1023.253 1023.253 1023.253 1023.253 1023.253 1023.267 1023.287 1023.307 1023.327 1023.366 1023.575 1023.784 1023.993 1024.201 1024.421 1024.65 1024.879 1025.108 1025.337 1025.556 1025.775 1025.994 1026.212 1026.427 1026.636 1026.845 1027.054 1027.262 1027.471 1027.68 1027.889 1028.098 1028.314 1028.553 1028.792 1029.031 1029.27 1029.445 1029.591 1029.737 1029.883 1030.02 1030.093 1030.166 1030.239 1030.312 1030.345 1030.345 1030.345 1030.345 1030.345 1030.345 1030.345 1030.345 1030.345 1030.345 1030.345 1030.345 1030.345 1030.345 1030.345 1030.345 1030.345 1030.345
1023.522 1023.522 1023.522 1023.522 1023.522 1023.549 1023.591 1023.633 1023.674 1023.732 1023.93 1024.128 1024.326 1024.524 1024.744 1024.984 1025.223 1025.463 1025.703 1025.922 1026.141 1026.36 1026.579 1026.789 1026.987 1027.186 1027.384 1027.582 1027.78 1027.978 1028.176 1028.374 1028.588 1028.849 1029.109 1029.369 1029.63 1029.811 1029.957 1030.103 1030.249 1030.386 1030.459 1030.532 1030.605 1030.678 1030.711 1030.711 1030.711 1030.711 1030.711 1030.711 1030.711 1030.711 1030.711 1030.711 1030.711 1030.711 1030.711 1030.711 1030.711 1030.711 1030.711 1030.711
1023.79 1023.79 1023.79 1023.79 1023.79 1023.832 1023.895 1023.958 1024.021 1024.097 1024.284 1024.471 1024.659 1024.846 1025.067 1025.318 1025.568 1025.818 1026.068 1026.288 1026.507 1026.726 1026.945 1027.151 1027.339 1027.526 1027.714 1027.901 1028.088 1028.276 1028.463 1028.651 1028.862 1029.144 1029.426 1029.707 1029.989 1030.178 1030.323 1030.469 1030.615 1030.753 1030.826 1030.899 1030.972 1031.045 1031.078 1031.078 1031.078 1031.078 1031.078 1031.078 1031.078 1031.078 1031.078 1031.078 1031.078 1031.078 1031.078 1031.078 1031.078 1031.078 1031.078 1031.078
1024.059 1024.059 1024.059 1024.059 1024.059 1024.115 1024.2 1024.284 1024.368 1024.462 1024.639 1024.815 1024.992 1025.169 1025.39 1025.651 1025.912 1026.173 1026.434 1026.655 1026.874 1027.092 1027.311 1027.513 1027.69 1027.867 1028.044 1028.22 1028.397 1028.574 1028.75 1028.927 1029.136 1029.439 1029.742 1030.046 1030.349 1030.544 1030.69 1030.836 1030.981 1031.119 1031.192 1031.265 1031.338 1031.411 1031.444 1031.444 1031.444 1031.444 1031.444 1031.444 1031.444 1031.444 1031.444 1031.444 1031.444 1031.444 1031.444 1031.444 1031.444 1031.444 1031.444 1031.444
1024.319 1024.326 1024.332 1024.338 1024.344 1024.415 1024.516 1024.618 1024.719 1024.827 1024.995 1025.163 1025.332 1025.5 1025.715 1025.972 1026.229 1026.486 1026.743 1026.958 1027.17 1027.383 1027.595 1027.792 1027.964 1028.137 1028.309 1028.481 1028.662 1028.845 1029.028 1029.21 1029.423 1029.725 1030.026 1030.328 1030.629 1030.828 1030.981 1031.133 1031.285 1031.429 1031.515 1031.6 1031.686 1031.771 1031.81 1031.81 1031.81 1031.81 1031.81 1031.81 1031.81 1031.81 1031.81 1031.81 1031.81 1031.81 1031.81 1031.81 1031.81 1031.81 1031.81 1031.81
1024.567 1024.59 1024.612 1024.634 1024.657 1024.739 1024.851 1024.964 1025.076 1025.193 1025.356 1025.518 1025.681 1025.844 1026.043 1026.273 1026.503 1026.734 1026.964 1027.162 1027.358 1027.555 1027.751 1027.941 1028.118 1028.296 1028.474 1028.651 1028.859 1029.074 1029.289 1029.504 1029.731 1029.995 1030.26 1030.524 1030.788 1030.986 1031.154 1031.322 1031.49 1031.653 1031.77 1031.888 1032.005 1032.123 1032.176 1032.176 1032.176 1032.176 1032.176 1032.176 1032.176 1032.176 1032.176 1032.176 1032.176 1032.176 1032.176 1032.176 1032.176 1032.176 1032.176 1032.176
1024.815 1024.854 1024.892 1024.93 1024.969 1025.064 1025.187 1025.309 1025.432 1025.559 1025.716 1025.873 1026.031 1026.188 1026.37 1026.574 1026.778 1026.981 1027.185 1027.366 1027.547 1027.727 1027.908 1028.089 1028.272 1028.455 1028.638 1028.821 1029.057 1029.304 1029.551 1029.797 1030.039 1030.266 1030.493 1030.719 1030.946 1031.143 1031.328 1031.512 1031.696 1031.876 1032.026 1032.175 1032.325 1032.475 1032.542 1032.542 1032.542 1032.542 1032.542 1032.542 1032.542 1032.542 1032.542 1032.542 1032.542 1032.542 1032.542 1032.542 1032.542 1032.542 1032.542 1032.542
