data/zism_data/00469_01_D.txt
ncols         224
nrows         224
[rows 196 to 223 of 224, columns 64 to 127 of 224]
1502.426 1501.717 1501.009 1500.3 1500.642 1501.301 1501.96 1502.619 1503.795 1506.68 1509.566 1512.452 1515.337 1516.973 1518.062 1519.152 1520.241 1520.543 1516.693 1512.843 1508.993 1505.143 1506.33 1510.562 1514.795 1519.028 1523.948 1536.091 1548.234 1560.376 1572.519 1580.649 1585.504 1590.36 1595.215 1599.903 1593.207 1586.511 1579.815 1573.119 1566.217 1559.092 1551.967 1544.842 1537.717 1542.011 1547.008 1552.004 1557.001 1562.017 1567.062 1572.106 1577.15 1582.194 1583.159 1583.51 1583.863 1584.214 1584.001 1582.657 1581.313 1579.969 1578.625 1577.779
1502.325 1501.67 1501.016 1500.361 1500.988 1502.003 1503.017 1504.031 1505.644 1509.24 1512.836 1516.433 1520.029 1521.72 1522.578 1523.436 1524.293 1524.291 1519.752 1515.213 1510.674 1506.135 1506.271 1509.233 1512.195 1515.158 1518.927 1531.172 1543.417 1555.662 1567.907 1576.637 1582.499 1588.361 1594.223 1599.913 1593.939 1587.964 1581.989 1576.014 1569.862 1563.518 1557.173 1550.828 1544.484 1548.823 1553.82 1558.817 1563.813 1568.642 1573.223 1577.804 1582.386 1586.967 1587.852 1588.183 1588.513 1588.844 1588.74 1587.767 1586.794 1585.822 1584.849 1583.979
1502.224 1501.623 1501.023 1500.422 1501.334 1502.704 1504.074 1505.443 1507.494 1511.801 1516.107 1520.414 1524.72 1526.467 1527.093 1527.719 1528.346 1528.039 1522.811 1517.583 1512.355 1507.127 1506.212 1507.904 1509.595 1511.287 1513.906 1526.253 1538.601 1550.948 1563.295 1572.625 1579.494 1586.363 1593.231 1599.924 1594.67 1589.417 1584.163 1578.91 1573.508 1567.943 1562.379 1556.815 1551.251 1555.636 1560.632 1565.629 1570.626 1575.266 1579.385 1583.503 1587.622 1591.74 1592.546 1592.855 1593.164 1593.473 1593.478 1592.877 1592.276 1591.675 1591.073 1590.18
1502.084 1501.597 1501.111 1500.625 1502.056 1504.065 1506.075 1508.085 1510.786 1515.777 1520.768 1525.759 1530.75 1532.458 1532.73 1533.002 1533.274 1532.554 1526.599 1520.644 1514.69 1508.735 1506.937 1507.652 1508.367 1509.082 1510.808 1523.158 1535.508 1547.858 1560.207 1569.913 1577.462 1585.011 1592.56 1599.933 1595.332 1590.731 1586.13 1581.529 1576.836 1572.042 1567.249 1562.455 1557.662 1561.98 1566.859 1571.738 1576.616 1580.977 1584.579 1588.18 1591.782 1595.383 1596.092 1596.366 1596.64 1596.914 1596.99 1596.671 1596.351 1596.031 1595.711 1594.862
1501.852 1501.619 1501.385 1501.152 1503.634 1506.935 1510.237 1513.539 1517.377 1522.992 1528.607 1534.223 1539.838 1541.294 1540.931 1540.568 1540.205 1538.821 1532.054 1525.286 1518.519 1511.752 1509.456 1509.864 1510.272 1510.68 1512.107 1524.231 1536.354 1548.478 1560.602 1570.171 1577.655 1585.14 1592.624 1599.94 1595.835 1591.729 1587.623 1583.517 1579.44 1575.395 1571.349 1567.304 1563.258 1567.255 1571.746 1576.237 1580.729 1584.599 1587.56 1590.521 1593.482 1596.443 1597.012 1597.222 1597.431 1597.641 1597.699 1597.455 1597.21 1596.965 1596.721 1596.072
1501.62 1501.64 1501.66 1501.679 1505.212 1509.805 1514.399 1518.992 1523.967 1530.207 1536.447 1542.686 1548.926 1550.13 1549.132 1548.134 1547.136 1545.088 1537.508 1529.928 1522.348 1514.768 1511.975 1512.076 1512.178 1512.279 1513.406 1525.304 1537.201 1549.099 1560.997 1570.428 1577.848 1585.268 1592.688 1599.948 1596.337 1592.726 1589.115 1585.505 1582.044 1578.747 1575.449 1572.152 1568.855 1572.53 1576.634 1580.737 1584.841 1588.221 1590.542 1592.862 1595.183 1597.504 1597.932 1598.077 1598.223 1598.368 1598.408 1598.239 1598.069 1597.9 1597.731 1597.282
1501.389 1501.661 1501.934 1502.206 1506.79 1512.675 1518.56 1524.446 1530.558 1537.422 1544.286 1551.15 1558.014 1558.967 1557.333 1555.7 1554.067 1551.356 1542.963 1534.57 1526.177 1517.785 1514.494 1514.289 1514.083 1513.878 1514.705 1526.376 1538.048 1549.72 1561.391 1570.686 1578.041 1585.396 1592.751 1599.955 1596.839 1593.724 1590.608 1587.493 1584.648 1582.099 1579.55 1577.001 1574.452 1577.805 1581.521 1585.237 1588.953 1591.843 1593.523 1595.203 1596.884 1598.564 1598.853 1598.933 1599.014 1599.094 1599.117 1599.023 1598.929 1598.835 1598.741 1598.492
1501.157 1501.683 1502.208 1502.734 1508.368 1515.545 1522.722 1529.899 1537.148 1544.637 1552.125 1559.613 1567.102 1567.803 1565.534 1563.266 1560.997 1557.623 1548.417 1539.212 1530.006 1520.801 1517.013 1516.501 1515.988 1515.476 1516.004 1527.449 1538.895 1550.34 1561.786 1570.943 1578.234 1585.524 1592.815 1599.962 1597.342 1594.721 1592.101 1589.48 1587.252 1585.451 1583.65 1581.849 1580.048 1583.08 1586.408 1589.737 1593.066 1595.465 1596.505 1597.545 1598.584 1599.624 1599.773 1599.789 1599.805 1599.821 1599.825 1599.807 1599.788 1599.77 1599.751 1599.702
1501.637 1502.68 1503.722 1504.764 1511.218 1519.305 1527.392 1535.48 1543.423 1550.886 1558.35 1565.814 1573.277 1574.043 1571.877 1569.712 1567.547 1564.303 1555.376 1546.449 1537.522 1528.595 1524.599 1523.586 1522.572 1521.558 1521.56 1532.232 1542.904 1553.576 1564.248 1572.801 1579.625 1586.45 1593.274 1599.968 1597.762 1595.555 1593.349 1591.143 1589.315 1587.902 1586.488 1585.074 1583.66 1586.284 1589.156 1592.028 1594.901 1596.911 1597.659 1598.407 1599.155 1599.902 1600.0 1600.0 1600.0 1600.0 1600.0 1600.0 1600.0 1600.0 1600.0 1600.0
1502.351 1503.995 1505.641 1507.286 1514.483 1523.356 1532.229 1541.102 1549.594 1556.821 1564.048 1571.275 1578.501 1579.434 1577.613 1575.792 1573.972 1571.119 1562.827 1554.535 1546.243 1537.951 1533.843 1532.264 1530.685 1529.106 1528.509 1538.229 1547.948 1557.667 1567.386 1575.182 1581.409 1587.636 1593.863 1599.974 1598.155 1596.336 1594.517 1592.698 1591.202 1590.057 1588.913 1587.768 1586.623 1588.811 1591.205 1593.598 1595.991 1597.644 1598.215 1598.785 1599.355 1599.926 1600.0 1600.0 1600.0 1600.0 1600.0 1600.0 1600.0 1600.0 1600.0 1600.0
1503.064 1505.311 1507.559 1509.807 1517.748 1527.407 1537.066 1546.725 1555.765 1562.755 1569.745 1576.735 1583.725 1584.826 1583.349 1581.873 1580.396 1577.935 1570.278 1562.621 1554.964 1547.307 1543.086 1540.942 1538.797 1536.653 1535.458 1544.225 1552.991 1561.758 1570.524 1577.563 1583.193 1588.822 1594.452 1599.979 1598.548 1597.117 1595.685 1594.254 1593.089 1592.213 1591.338 1590.462 1589.586 1591.339 1593.253 1595.167 1597.081 1598.378 1598.771 1599.163 1599.556 1599.949 1600.0 1600.0 1600.0 1600.0 1600.0 1600.0 1600.0 1600.0 1600.0 1600.0
1503.777 1506.627 1509.478 1512.329 1521.013 1531.457 1541.902 1552.347 1561.936 1568.689 1575.443 1582.196 1588.949 1590.217 1589.085 1587.953 1586.821 1584.75 1577.729 1570.707 1563.685 1556.663 1552.329 1549.62 1546.911 1544.201 1542.407 1550.221 1558.035 1565.849 1573.662 1579.944 1584.976 1590.009 1595.041 1599.985 1598.941 1597.897 1596.854 1595.81 1594.975 1594.369 1593.762 1593.156 1592.55 1593.866 1595.301 1596.737 1598.172 1599.112 1599.327 1599.542 1599.757 1599.972 1600.0 1600.0 1600.0 1600.0 1600.0 1600.0 1600.0 1600.0 1600.0 1600.0
1504.459 1507.877 1511.296 1514.714 1524.085 1535.252 1546.42 1557.587 1567.654 1574.077 1580.499 1586.922 1593.344 1594.731 1593.914 1593.097 1592.28 1590.588 1584.282 1577.976 1571.67 1565.365 1560.99 1557.783 1554.577 1551.37 1549.039 1555.906 1562.773 1569.639 1576.506 1582.069 1586.568 1591.067 1595.566 1599.99 1599.281 1598.572 1597.864 1597.155 1596.603 1596.221 1595.839 1595.456 1595.074 1596.014 1597.034 1598.055 1599.075 1599.71 1599.78 1599.85 1599.921 1599.991 1600.0 1600.0 1600.0 1600.0 1600.0 1600.0 1600.0 1600.0 1600.0 1599.949
1505.021 1508.87 1512.719 1516.568 1526.402 1538.043 1549.684 1561.325 1571.594 1577.317 1583.04 1588.762 1594.485 1595.797 1595.179 1594.562 1593.944 1592.584 1587.312 1582.039 1576.767 1571.494 1567.365 1563.927 1560.489 1557.051 1554.428 1560.369 1566.31 1572.251 1578.191 1583.184 1587.403 1591.623 1595.842 1599.992 1599.412 1598.833 1598.253 1597.674 1597.212 1596.878 1596.545 1596.211 1595.877 1596.667 1597.526 1598.385 1599.244 1599.777 1599.831 1599.885 1599.939 1599.993 1600.0 1600.0 1600.0 1600.0 1600.0 1600.0 1600.0 1600.0 1600.0 1599.701
1505.582 1509.862 1514.142 1518.422 1528.719 1540.834 1552.949 1565.063 1575.534 1580.557 1585.58 1590.603 1595.626 1596.864 1596.445 1596.026 1595.608 1594.58 1590.341 1586.102 1581.863 1577.625 1573.74 1570.071 1566.401 1562.732 1559.817 1564.832 1569.847 1574.862 1579.877 1584.3 1588.239 1592.178 1596.118 1599.994 1599.543 1599.093 1598.643 1598.192 1597.821 1597.536 1597.251 1596.965 1596.68 1597.321 1598.018 1598.716 1599.414 1599.843 1599.881 1599.919 1599.957 1599.995 1600.0 1600.0 1600.0 1600.0 1600.0 1600.0 1600.0 1600.0 1600.0 1599.452
1506.144 1510.854 1515.565 1520.275 1531.037 1543.625 1556.213 1568.802 1579.474 1583.797 1588.12 1592.444 1596.767 1597.93 1597.711 1597.491 1597.272 1596.576 1593.371 1590.165 1586.96 1583.754 1580.115 1576.214 1572.313 1568.413 1565.206 1569.295 1573.385 1577.474 1581.563 1585.415 1589.075 1592.734 1596.394 1599.995 1599.674 1599.353 1599.032 1598.711 1598.43 1598.193 1597.957 1597.72 1597.483 1597.974 1598.511 1599.047 1599.583 1599.91 1599.932 1599.954 1599.975 1599.997 1600.0 1600.0 1600.0 1600.0 1600.0 1600.0 1600.0 1600.0 1600.0 1599.203
1506.706 1511.847 1516.988 1522.129 1533.354 1546.416 1559.478 1572.54 1583.413 1587.037 1590.661 1594.284 1597.908 1598.997 1598.976 1598.956 1598.936 1598.572 1596.4 1594.228 1592.056 1589.885 1586.491 1582.358 1578.226 1574.094 1570.595 1573.759 1576.922 1580.085 1583.249 1586.531 1589.91 1593.29 1596.669 1599.997 1599.805 1599.613 1599.422 1599.23 1599.039 1598.851 1598.663 1598.474 1598.286 1598.628 1599.003 1599.377 1599.752 1599.977 1599.982 1599.988 1599.994 1599.999 1600.0 1600.0 1600.0 1600.0 1600.0 1600.0 1600.0 1600.0 1600.0 1598.954
1507.024 1512.336 1517.648 1522.959 1534.173 1547.168 1560.163 1573.158 1583.961 1587.499 1591.037 1594.575 1598.113 1599.256 1599.35 1599.445 1599.54 1599.367 1597.782 1596.198 1594.614 1593.029 1590.032 1586.181 1582.329 1578.478 1575.181 1577.699 1580.217 1582.735 1585.254 1588.038 1591.039 1594.041 1597.042 1599.998 1599.851 1599.704 1599.557 1599.41 1599.258 1599.101 1598.943 1598.786 1598.628 1598.906 1599.21 1599.515 1599.819 1600.0 1600.0 1600.0 1600.0 1600.0 1600.0 1600.0 1600.0 1600.0 1600.0 1600.0 1600.0 1600.0 1600.0 1598.132
1507.213 1512.557 1517.901 1523.245 1534.193 1546.833 1559.473 1572.113 1582.698 1586.479 1590.259 1594.039 1597.82 1599.085 1599.249 1599.414 1599.579 1599.52 1598.286 1597.051 1595.817 1594.582 1592.062 1588.765 1585.468 1582.171 1579.337 1581.36 1583.383 1585.406 1587.43 1589.754 1592.325 1594.896 1597.467 1599.998 1599.851 1599.704 1599.557 1599.41 1599.268 1599.132 1598.997 1598.861 1598.725 1598.983 1599.266 1599.549 1599.832 1600.0 1600.0 1600.0 1600.0 1600.0 1600.0 1600.0 1600.0 1600.0 1600.0 1600.0 1600.0 1600.0 1600.0 1597.003
1507.401 1512.778 1518.154 1523.531 1534.213 1546.498 1558.782 1571.067 1581.436 1585.458 1589.481 1593.504 1597.526 1598.914 1599.148 1599.383 1599.617 1599.674 1598.789 1597.904 1597.02 1596.135 1594.092 1591.35 1588.607 1585.865 1583.493 1585.021 1586.549 1588.077 1589.605 1591.47 1593.61 1595.751 1597.891 1599.998 1599.851 1599.704 1599.557 1599.41 1599.279 1599.164 1599.05 1598.936 1598.821 1599.061 1599.322 1599.583 1599.845 1600.0 1600.0 1600.0 1600.0 1600.0 1600.0 1600.0 1600.0 1600.0 1600.0 1600.0 1600.0 1600.0 1600.0 1595.875
1507.59 1512.999 1518.407 1523.816 1534.233 1546.163 1558.092 1570.021 1580.174 1584.438 1588.703 1592.968 1597.233 1598.743 1599.047 1599.352 1599.656 1599.827 1599.292 1598.757 1598.223 1597.688 1596.123 1593.934 1591.746 1589.558 1587.65 1588.683 1589.715 1590.748 1591.781 1593.186 1594.896 1596.606 1598.315 1599.998 1599.851 1599.704 1599.557 1599.41 1599.289 1599.196 1599.103 1599.01 1598.918 1599.138 1599.378 1599.618 1599.858 1600.0 1600.0 1600.0 1600.0 1600.0 1600.0 1600.0 1600.0 1600.0 1600.0 1600.0 1600.0 1600.0 1600.0 1594.746
1508.199 1513.615 1519.031 1524.447 1534.535 1546.035 1557.534 1569.033 1578.907 1583.396 1587.884 1592.372 1596.861 1598.497 1598.886 1599.275 1599.663 1599.956 1599.743 1599.529 1599.316 1599.103 1597.985 1596.321 1594.656 1592.992 1591.522 1592.099 1592.675 1593.251 1593.828 1594.805 1596.108 1597.412 1598.715 1599.998 1599.854 1599.711 1599.567 1599.423 1599.314 1599.242 1599.17 1599.098 1599.026 1599.225 1599.441 1599.656 1599.872 1600.0 1600.0 1600.0 1600.0 1600.0 1599.996 1599.992 1599.987 1599.983 1599.959 1599.894 1599.83 1599.765 1599.701 1593.34
1512.533 1517.733 1522.934 1528.134 1537.334 1547.741 1558.147 1568.554 1577.602 1582.15 1586.698 1591.245 1595.793 1597.593 1598.192 1598.791 1599.389 1599.87 1599.726 1599.583 1599.439 1599.296 1598.362 1596.951 1595.54 1594.128 1592.88 1593.343 1593.806 1594.27 1594.733 1595.555 1596.671 1597.786 1598.901 1599.998 1599.887 1599.776 1599.664 1599.553 1599.468 1599.412 1599.357 1599.301 1599.245 1599.399 1599.567 1599.734 1599.901 1600.0 1600.0 1600.0 1600.0 1600.0 1599.959 1599.911 1599.864 1599.817 1599.552 1598.852 1598.153 1597.453 1596.754 1589.465
1516.866 1521.852 1526.837 1531.822 1540.133 1549.447 1558.761 1568.075 1576.298 1580.904 1585.511 1590.118 1594.725 1596.69 1597.498 1598.307 1599.115 1599.783 1599.71 1599.636 1599.563 1599.49 1598.74 1597.581 1596.423 1595.264 1594.237 1594.587 1594.938 1595.288 1595.638 1596.306 1597.233 1598.16 1599.087 1599.999 1599.92 1599.841 1599.762 1599.682 1599.622 1599.583 1599.543 1599.504 1599.464 1599.574 1599.692 1599.811 1599.929 1600.0 1600.0 1600.0 1600.0 1600.0 1599.921 1599.831 1599.74 1599.65 1599.145 1597.81 1596.475 1595.141 1593.806 1585.591
1521.2 1525.97 1530.74 1535.51 1542.931 1551.153 1559.374 1567.596 1574.993 1579.659 1584.325 1588.991 1593.657 1595.786 1596.804 1597.823 1598.841 1599.697 1599.693 1599.69 1599.686 1599.683 1599.117 1598.212 1597.306 1596.401 1595.594 1595.832 1596.069 1596.306 1596.544 1597.057 1597.795 1598.534 1599.272 1599.999 1599.953 1599.906 1599.859 1599.812 1599.776 1599.753 1599.73 1599.706 1599.683 1599.748 1599.818 1599.888 1599.958 1600.0 1600.0 1600.0 1600.0 1600.0 1599.884 1599.75 1599.617 1599.483 1598.738 1596.768 1594.798 1592.828 1590.859 1581.717
1525.534 1530.088 1534.643 1539.198 1545.73 1552.859 1559.988 1567.117 1573.688 1578.413 1583.139 1587.864 1592.589 1594.882 1596.11 1597.339 1598.567 1599.61 1599.677 1599.743 1599.81 1599.876 1599.495 1598.842 1598.189 1597.537 1596.952 1597.076 1597.201 1597.325 1597.449 1597.808 1598.358 1598.908 1599.458 1600.0 1599.985 1599.971 1599.956 1599.942 1599.931 1599.923 1599.916 1599.909 1599.902 1599.922 1599.943 1599.965 1599.987 1600.0 1600.0 1600.0 1600.0 1600.0 1599.846 1599.67 1599.493 1599.317 1598.331 1595.726 1593.121 1590.516 1587.911 1577.842
1531.569 1535.678 1539.786 1543.894 1549.472 1555.493 1561.515 1567.536 1573.22 1577.785 1582.35 1586.915 1591.48 1593.868 1595.304 1596.739 1598.174 1599.402 1599.539 1599.676 1599.812 1599.949 1599.694 1599.202 1598.711 1598.219 1597.775 1597.831 1597.887 1597.943 1597.998 1598.263 1598.699 1599.135 1599.571 1600.0 1599.988 1599.976 1599.964 1599.952 1599.916 1599.854 1599.792 1599.73 1599.667 1599.625 1599.583 1599.542 1599.5 1599.435 1599.334 1599.233 1599.132 1599.031 1598.474 1597.848 1597.223 1596.597 1595.017 1591.528 1588.039 1584.55 1581.061 1570.936
1538.994 1542.467 1545.94 1549.413 1553.984 1558.886 1563.787 1568.689 1573.434 1577.66 1581.886 1586.112 1590.339 1592.765 1594.405 1596.045 1597.685 1599.096 1599.303 1599.509 1599.716 1599.922 1599.747 1599.342 1598.937 1598.531 1598.163 1598.187 1598.21 1598.234 1598.257 1598.478 1598.86 1599.242 1599.624 1600.0 1599.966 1599.933 1599.899 1599.866 1599.765 1599.589 1599.414 1599.239 1599.063 1598.943 1598.826 1598.709 1598.593 1598.408 1598.124 1597.84 1597.557 1597.273 1596.013 1594.607 1593.2 1591.794 1589.331 1584.755 1580.179 1575.602 1571.026 1561.556
