data/zism_data/00461_02_D.txt
ncols         224
nrows         224
[rows 58 to 86 of 224, columns 66 to 131 of 224]
1517.426 1517.381 1517.345 1517.309 1517.273 1517.238 1517.204 1517.17 1517.135 1517.101 1517.205 1517.387 1517.57 1517.752 1517.925 1517.998 1518.071 1518.145 1518.218 1518.34 1518.504 1518.669 1518.833 1518.998 1519.106 1519.213 1519.321 1519.428 1519.538 1519.65 1519.762 1519.875 1519.987 1520.047 1520.101 1520.155 1520.209 1520.293 1520.44 1520.586 1520.733 1520.879 1520.911 1520.911 1520.911 1520.911 1520.928 1521.001 1521.075 1521.148 1521.221 1521.318 1521.425 1521.532 1521.64 1521.751 1521.886 1522.021 1522.156 1522.291 1522.397 1522.482 1522.566 1522.651 1522.736 1522.824
1517.553 1517.495 1517.448 1517.402 1517.355 1517.305 1517.239 1517.172 1517.106 1517.04 1517.139 1517.332 1517.525 1517.718 1517.901 1517.974 1518.047 1518.12 1518.193 1518.318 1518.488 1518.658 1518.828 1518.998 1519.137 1519.277 1519.416 1519.556 1519.67 1519.75 1519.83 1519.91 1519.991 1520.062 1520.131 1520.201 1520.271 1520.366 1520.513 1520.659 1520.806 1520.952 1520.984 1520.984 1520.984 1520.984 1521.001 1521.074 1521.148 1521.221 1521.294 1521.412 1521.552 1521.691 1521.831 1521.968 1522.093 1522.217 1522.342 1522.466 1522.573 1522.669 1522.764 1522.859 1522.954 1523.01
1517.824 1517.745 1517.667 1517.589 1517.511 1517.436 1517.375 1517.314 1517.254 1517.193 1517.25 1517.375 1517.499 1517.623 1517.745 1517.844 1517.942 1518.04 1518.139 1518.28 1518.46 1518.639 1518.818 1518.997 1519.144 1519.291 1519.437 1519.584 1519.704 1519.79 1519.875 1519.961 1520.047 1520.133 1520.219 1520.304 1520.39 1520.488 1520.609 1520.731 1520.852 1520.974 1521.029 1521.067 1521.104 1521.142 1521.185 1521.246 1521.307 1521.367 1521.428 1521.547 1521.694 1521.84 1521.987 1522.129 1522.243 1522.356 1522.47 1522.584 1522.678 1522.759 1522.84 1522.921 1523.002 1523.08
1518.134 1518.033 1517.918 1517.802 1517.687 1517.585 1517.54 1517.495 1517.451 1517.406 1517.411 1517.445 1517.478 1517.512 1517.554 1517.684 1517.814 1517.945 1518.075 1518.237 1518.427 1518.617 1518.807 1518.997 1519.144 1519.291 1519.437 1519.584 1519.711 1519.813 1519.915 1520.016 1520.118 1520.22 1520.322 1520.424 1520.525 1520.623 1520.712 1520.802 1520.891 1520.981 1521.067 1521.153 1521.238 1521.324 1521.4 1521.445 1521.49 1521.534 1521.579 1521.693 1521.839 1521.986 1522.132 1522.273 1522.376 1522.479 1522.582 1522.685 1522.763 1522.823 1522.883 1522.942 1523.003 1523.119
1518.445 1518.322 1518.169 1518.016 1517.863 1517.734 1517.705 1517.676 1517.648 1517.619 1517.572 1517.515 1517.458 1517.4 1517.362 1517.524 1517.687 1517.849 1518.012 1518.195 1518.395 1518.596 1518.797 1518.997 1519.144 1519.291 1519.437 1519.584 1519.718 1519.836 1519.953 1520.071 1520.189 1520.307 1520.425 1520.543 1520.661 1520.758 1520.816 1520.873 1520.93 1520.988 1521.105 1521.238 1521.372 1521.506 1521.615 1521.644 1521.673 1521.701 1521.73 1521.839 1521.985 1522.132 1522.278 1522.418 1522.51 1522.603 1522.695 1522.787 1522.848 1522.886 1522.925 1522.963 1523.004 1523.157
1518.755 1518.61 1518.42 1518.23 1518.039 1517.883 1517.87 1517.857 1517.845 1517.832 1517.733 1517.585 1517.437 1517.289 1517.17 1517.365 1517.559 1517.754 1517.948 1518.152 1518.363 1518.574 1518.786 1518.997 1519.144 1519.291 1519.437 1519.584 1519.725 1519.859 1519.993 1520.126 1520.26 1520.394 1520.528 1520.662 1520.796 1520.893 1520.919 1520.944 1520.969 1520.995 1521.142 1521.324 1521.506 1521.688 1521.83 1521.843 1521.856 1521.868 1521.881 1521.985 1522.131 1522.278 1522.424 1522.562 1522.644 1522.726 1522.807 1522.889 1522.933 1522.95 1522.967 1522.984 1523.005 1523.196
1519.031 1518.876 1518.666 1518.457 1518.247 1518.075 1518.065 1518.055 1518.045 1518.035 1517.893 1517.677 1517.46 1517.244 1517.065 1517.274 1517.484 1517.693 1517.903 1518.118 1518.338 1518.557 1518.777 1518.997 1519.152 1519.307 1519.461 1519.615 1519.766 1519.911 1520.057 1520.202 1520.347 1520.494 1520.64 1520.787 1520.933 1521.032 1521.035 1521.039 1521.042 1521.046 1521.21 1521.42 1521.63 1521.839 1522.002 1522.008 1522.015 1522.022 1522.029 1522.128 1522.271 1522.415 1522.558 1522.692 1522.764 1522.836 1522.908 1522.98 1523.015 1523.023 1523.031 1523.039 1523.052 1523.267
1519.177 1519.057 1518.896 1518.734 1518.573 1518.431 1518.373 1518.314 1518.256 1518.198 1518.049 1517.849 1517.648 1517.448 1517.279 1517.441 1517.602 1517.764 1517.925 1518.118 1518.338 1518.557 1518.777 1518.997 1519.189 1519.381 1519.573 1519.765 1519.934 1520.074 1520.214 1520.354 1520.494 1520.64 1520.786 1520.933 1521.079 1521.183 1521.203 1521.222 1521.242 1521.261 1521.392 1521.553 1521.714 1521.876 1522.009 1522.048 1522.087 1522.125 1522.164 1522.263 1522.39 1522.517 1522.645 1522.764 1522.831 1522.897 1522.964 1523.031 1523.085 1523.13 1523.176 1523.221 1523.271 1523.458
1519.323 1519.239 1519.125 1519.012 1518.899 1518.787 1518.68 1518.574 1518.468 1518.361 1518.205 1518.021 1517.837 1517.652 1517.494 1517.607 1517.721 1517.834 1517.947 1518.118 1518.338 1518.557 1518.777 1518.997 1519.226 1519.455 1519.684 1519.914 1520.102 1520.236 1520.371 1520.506 1520.64 1520.786 1520.932 1521.078 1521.225 1521.334 1521.37 1521.405 1521.441 1521.476 1521.573 1521.686 1521.8 1521.913 1522.016 1522.087 1522.158 1522.229 1522.3 1522.398 1522.509 1522.62 1522.731 1522.836 1522.897 1522.959 1523.02 1523.082 1523.156 1523.238 1523.321 1523.404 1523.489 1523.649
1519.469 1519.42 1519.355 1519.29 1519.224 1519.142 1518.988 1518.833 1518.679 1518.525 1518.361 1518.193 1518.025 1517.856 1517.708 1517.774 1517.839 1517.904 1517.97 1518.118 1518.338 1518.557 1518.777 1518.997 1519.263 1519.529 1519.796 1520.063 1520.27 1520.399 1520.528 1520.658 1520.787 1520.931 1521.078 1521.224 1521.371 1521.486 1521.537 1521.589 1521.64 1521.692 1521.754 1521.819 1521.885 1521.95 1522.024 1522.127 1522.23 1522.333 1522.436 1522.533 1522.628 1522.723 1522.818 1522.908 1522.964 1523.02 1523.077 1523.133 1523.226 1523.346 1523.466 1523.586 1523.707 1523.841
1519.615 1519.602 1519.584 1519.567 1519.55 1519.498 1519.295 1519.093 1518.89 1518.688 1518.517 1518.365 1518.213 1518.061 1517.923 1517.94 1517.958 1517.975 1517.992 1518.118 1518.338 1518.557 1518.777 1518.997 1519.3 1519.604 1519.908 1520.212 1520.438 1520.562 1520.685 1520.809 1520.933 1521.077 1521.224 1521.37 1521.517 1521.637 1521.704 1521.772 1521.839 1521.907 1521.935 1521.952 1521.97 1521.987 1522.031 1522.166 1522.301 1522.436 1522.571 1522.668 1522.747 1522.826 1522.905 1522.98 1523.031 1523.082 1523.133 1523.183 1523.296 1523.454 1523.611 1523.769 1523.925 1524.032
1519.76 1519.76 1519.76 1519.76 1519.76 1519.725 1519.536 1519.347 1519.158 1518.969 1518.812 1518.672 1518.533 1518.393 1518.265 1518.258 1518.251 1518.244 1518.237 1518.352 1518.572 1518.792 1519.011 1519.231 1519.547 1519.865 1520.182 1520.499 1520.727 1520.839 1520.951 1521.063 1521.174 1521.299 1521.425 1521.551 1521.676 1521.781 1521.844 1521.907 1521.97 1522.033 1522.052 1522.059 1522.066 1522.073 1522.11 1522.25 1522.39 1522.529 1522.669 1522.756 1522.819 1522.882 1522.945 1523.01 1523.082 1523.155 1523.228 1523.301 1523.417 1523.564 1523.71 1523.857 1524.003 1524.118
1519.906 1519.906 1519.906 1519.906 1519.906 1519.88 1519.739 1519.598 1519.458 1519.317 1519.183 1519.055 1518.926 1518.797 1518.677 1518.66 1518.642 1518.625 1518.607 1518.717 1518.937 1519.156 1519.376 1519.596 1519.912 1520.229 1520.547 1520.864 1521.085 1521.181 1521.277 1521.372 1521.468 1521.562 1521.656 1521.75 1521.844 1521.922 1521.969 1522.016 1522.063 1522.11 1522.134 1522.151 1522.169 1522.186 1522.23 1522.359 1522.487 1522.616 1522.745 1522.818 1522.865 1522.912 1522.959 1523.014 1523.125 1523.235 1523.345 1523.455 1523.565 1523.675 1523.784 1523.894 1524.004 1524.146
1520.052 1520.052 1520.052 1520.052 1520.052 1520.035 1519.942 1519.849 1519.757 1519.664 1519.555 1519.437 1519.319 1519.2 1519.09 1519.062 1519.033 1519.005 1518.977 1519.082 1519.301 1519.521 1519.741 1519.961 1520.277 1520.594 1520.911 1521.229 1521.443 1521.523 1521.602 1521.682 1521.762 1521.826 1521.887 1521.949 1522.011 1522.063 1522.093 1522.124 1522.155 1522.186 1522.215 1522.243 1522.271 1522.3 1522.349 1522.467 1522.585 1522.703 1522.822 1522.88 1522.911 1522.942 1522.973 1523.019 1523.167 1523.315 1523.462 1523.61 1523.714 1523.786 1523.858 1523.93 1524.005 1524.173
1520.198 1520.198 1520.198 1520.198 1520.198 1520.19 1520.145 1520.101 1520.056 1520.011 1519.927 1519.819 1519.712 1519.604 1519.502 1519.463 1519.424 1519.386 1519.347 1519.446 1519.666 1519.886 1520.106 1520.325 1520.641 1520.959 1521.276 1521.594 1521.801 1521.864 1521.928 1521.992 1522.056 1522.089 1522.119 1522.149 1522.178 1522.203 1522.218 1522.233 1522.248 1522.262 1522.296 1522.335 1522.374 1522.413 1522.468 1522.575 1522.683 1522.791 1522.898 1522.943 1522.957 1522.972 1522.987 1523.024 1523.209 1523.394 1523.579 1523.764 1523.862 1523.897 1523.932 1523.966 1524.006 1524.201
1520.344 1520.345 1520.346 1520.347 1520.348 1520.35 1520.352 1520.354 1520.357 1520.359 1520.299 1520.203 1520.106 1520.01 1519.919 1519.875 1519.832 1519.789 1519.745 1519.844 1520.067 1520.289 1520.511 1520.733 1521.042 1521.351 1521.661 1521.971 1522.167 1522.212 1522.258 1522.304 1522.349 1522.353 1522.35 1522.348 1522.346 1522.344 1522.344 1522.344 1522.344 1522.344 1522.382 1522.43 1522.478 1522.526 1522.586 1522.685 1522.785 1522.885 1522.984 1523.016 1523.016 1523.016 1523.016 1523.044 1523.262 1523.479 1523.697 1523.914 1524.007 1524.009 1524.011 1524.014 1524.022 1524.239
1520.49 1520.503 1520.52 1520.537 1520.554 1520.575 1520.609 1520.643 1520.678 1520.712 1520.677 1520.602 1520.528 1520.453 1520.387 1520.419 1520.45 1520.482 1520.513 1520.664 1520.918 1521.172 1521.427 1521.681 1521.89 1522.098 1522.307 1522.515 1522.634 1522.637 1522.64 1522.643 1522.646 1522.616 1522.582 1522.547 1522.513 1522.49 1522.49 1522.49 1522.49 1522.49 1522.519 1522.557 1522.594 1522.631 1522.689 1522.816 1522.942 1523.068 1523.195 1523.235 1523.235 1523.235 1523.235 1523.259 1523.444 1523.63 1523.815 1524.0 1524.098 1524.133 1524.167 1524.201 1524.24 1524.408
1520.636 1520.66 1520.694 1520.727 1520.76 1520.8 1520.866 1520.932 1520.999 1521.065 1521.055 1521.002 1520.949 1520.895 1520.856 1520.962 1521.068 1521.175 1521.281 1521.484 1521.77 1522.056 1522.342 1522.629 1522.738 1522.845 1522.952 1523.059 1523.102 1523.062 1523.022 1522.983 1522.943 1522.88 1522.813 1522.747 1522.68 1522.636 1522.636 1522.636 1522.636 1522.636 1522.657 1522.683 1522.71 1522.737 1522.793 1522.946 1523.099 1523.252 1523.405 1523.454 1523.454 1523.454 1523.454 1523.474 1523.627 1523.78 1523.933 1524.087 1524.19 1524.256 1524.323 1524.389 1524.457 1524.577
1520.782 1520.818 1520.867 1520.917 1520.966 1521.024 1521.123 1521.221 1521.32 1521.419 1521.434 1521.402 1521.37 1521.338 1521.324 1521.505 1521.687 1521.868 1522.049 1522.303 1522.622 1522.94 1523.258 1523.576 1523.586 1523.592 1523.597 1523.603 1523.57 1523.487 1523.405 1523.322 1523.24 1523.143 1523.044 1522.946 1522.847 1522.782 1522.782 1522.782 1522.782 1522.782 1522.794 1522.81 1522.826 1522.842 1522.896 1523.076 1523.256 1523.435 1523.615 1523.672 1523.672 1523.672 1523.672 1523.688 1523.81 1523.931 1524.052 1524.173 1524.281 1524.38 1524.478 1524.577 1524.675 1524.747
1520.928 1520.976 1521.041 1521.106 1521.172 1521.249 1521.38 1521.51 1521.641 1521.772 1521.812 1521.802 1521.791 1521.78 1521.793 1522.049 1522.305 1522.561 1522.816 1523.123 1523.473 1523.824 1524.174 1524.524 1524.435 1524.339 1524.242 1524.146 1524.037 1523.912 1523.787 1523.662 1523.536 1523.406 1523.276 1523.145 1523.015 1522.928 1522.928 1522.928 1522.928 1522.928 1522.932 1522.937 1522.942 1522.948 1523.0 1523.206 1523.413 1523.619 1523.826 1523.891 1523.891 1523.891 1523.891 1523.903 1523.992 1524.081 1524.171 1524.26 1524.373 1524.503 1524.634 1524.765 1524.892 1524.916
1521.154 1521.211 1521.282 1521.353 1521.423 1521.506 1521.645 1521.783 1521.922 1522.06 1522.127 1522.154 1522.181 1522.208 1522.258 1522.554 1522.85 1523.146 1523.441 1523.759 1524.095 1524.432 1524.769 1525.105 1524.966 1524.819 1524.673 1524.526 1524.378 1524.226 1524.074 1523.922 1523.77 1523.628 1523.486 1523.345 1523.204 1523.108 1523.103 1523.098 1523.092 1523.087 1523.09 1523.095 1523.101 1523.106 1523.159 1523.371 1523.583 1523.794 1524.006 1524.079 1524.087 1524.095 1524.103 1524.119 1524.184 1524.249 1524.314 1524.38 1524.492 1524.638 1524.785 1524.931 1525.074 1525.079
1521.461 1521.524 1521.589 1521.654 1521.719 1521.795 1521.918 1522.04 1522.162 1522.285 1522.38 1522.461 1522.541 1522.621 1522.721 1523.022 1523.323 1523.624 1523.925 1524.214 1524.491 1524.769 1525.047 1525.325 1525.185 1525.038 1524.892 1524.745 1524.592 1524.429 1524.267 1524.104 1523.941 1523.807 1523.677 1523.546 1523.416 1523.324 1523.308 1523.292 1523.276 1523.259 1523.269 1523.285 1523.301 1523.317 1523.374 1523.57 1523.766 1523.961 1524.157 1524.236 1524.26 1524.284 1524.308 1524.335 1524.385 1524.434 1524.483 1524.532 1524.638 1524.784 1524.931 1525.077 1525.22 1525.236
1521.767 1521.836 1521.896 1521.955 1522.015 1522.084 1522.19 1522.297 1522.403 1522.509 1522.633 1522.767 1522.901 1523.035 1523.183 1523.49 1523.796 1524.103 1524.409 1524.668 1524.887 1525.107 1525.326 1525.545 1525.404 1525.257 1525.111 1524.964 1524.806 1524.633 1524.459 1524.286 1524.113 1523.987 1523.867 1523.747 1523.628 1523.539 1523.512 1523.485 1523.459 1523.432 1523.447 1523.474 1523.501 1523.527 1523.59 1523.769 1523.949 1524.128 1524.308 1524.393 1524.433 1524.473 1524.513 1524.552 1524.585 1524.619 1524.652 1524.685 1524.784 1524.93 1525.077 1525.223 1525.366 1525.393
1522.073 1522.148 1522.202 1522.257 1522.311 1522.373 1522.463 1522.553 1522.644 1522.734 1522.886 1523.073 1523.261 1523.448 1523.646 1523.958 1524.269 1524.581 1524.893 1525.123 1525.284 1525.444 1525.604 1525.764 1525.622 1525.476 1525.329 1525.183 1525.02 1524.836 1524.652 1524.468 1524.284 1524.167 1524.058 1523.948 1523.839 1523.754 1523.717 1523.679 1523.642 1523.604 1523.626 1523.663 1523.701 1523.738 1523.805 1523.968 1524.132 1524.295 1524.459 1524.549 1524.606 1524.662 1524.718 1524.769 1524.786 1524.803 1524.82 1524.837 1524.929 1525.076 1525.222 1525.369 1525.512 1525.55
1522.38 1522.46 1522.509 1522.558 1522.608 1522.661 1522.736 1522.81 1522.884 1522.959 1523.139 1523.38 1523.62 1523.861 1524.108 1524.425 1524.742 1525.059 1525.377 1525.578 1525.68 1525.781 1525.883 1525.984 1525.841 1525.695 1525.548 1525.402 1525.234 1525.04 1524.845 1524.651 1524.456 1524.346 1524.248 1524.15 1524.051 1523.97 1523.921 1523.873 1523.825 1523.777 1523.804 1523.852 1523.901 1523.949 1524.02 1524.167 1524.315 1524.462 1524.61 1524.706 1524.778 1524.851 1524.923 1524.986 1524.987 1524.988 1524.989 1524.99 1525.075 1525.222 1525.368 1525.515 1525.658 1525.707
1522.676 1522.753 1522.802 1522.851 1522.9 1522.95 1523.009 1523.067 1523.125 1523.183 1523.363 1523.613 1523.862 1524.111 1524.365 1524.667 1524.969 1525.272 1525.574 1525.772 1525.88 1525.988 1526.095 1526.203 1526.045 1525.884 1525.722 1525.561 1525.383 1525.182 1524.982 1524.782 1524.581 1524.463 1524.355 1524.248 1524.14 1524.052 1524.003 1523.954 1523.905 1523.856 1523.884 1523.933 1523.982 1524.031 1524.102 1524.249 1524.395 1524.542 1524.688 1524.775 1524.833 1524.891 1524.949 1525.003 1525.028 1525.053 1525.078 1525.103 1525.193 1525.329 1525.466 1525.602 1525.736 1525.785
1522.972 1523.045 1523.094 1523.143 1523.191 1523.239 1523.281 1523.323 1523.366 1523.408 1523.586 1523.84 1524.095 1524.349 1524.606 1524.893 1525.179 1525.466 1525.752 1525.948 1526.067 1526.185 1526.303 1526.422 1526.248 1526.071 1525.893 1525.716 1525.526 1525.32 1525.115 1524.909 1524.703 1524.575 1524.457 1524.338 1524.22 1524.125 1524.076 1524.027 1523.978 1523.929 1523.957 1524.006 1524.055 1524.104 1524.175 1524.322 1524.468 1524.615 1524.761 1524.837 1524.879 1524.921 1524.963 1525.007 1525.058 1525.11 1525.162 1525.214 1525.308 1525.434 1525.56 1525.686 1525.809 1525.858
1523.268 1523.337 1523.386 1523.434 1523.483 1523.528 1523.554 1523.58 1523.606 1523.633 1523.808 1524.068 1524.328 1524.587 1524.848 1525.119 1525.389 1525.659 1525.93 1526.124 1526.253 1526.382 1526.511 1526.64 1526.451 1526.258 1526.064 1525.871 1525.67 1525.459 1525.248 1525.037 1524.826 1524.687 1524.558 1524.429 1524.3 1524.198 1524.149 1524.1 1524.051 1524.002 1524.03 1524.079 1524.128 1524.177 1524.248 1524.395 1524.541 1524.688 1524.834 1524.899 1524.925 1524.951 1524.977 1525.01 1525.089 1525.167 1525.245 1525.324 1525.423 1525.539 1525.654 1525.769 1525.882 1525.931
1523.564 1523.629 1523.677 1523.726 1523.775 1523.817 1523.827 1523.837 1523.847 1523.857 1524.03 1524.295 1524.561 1524.826 1525.09 1525.344 1525.599 1525.853 1526.107 1526.3 1526.44 1526.58 1526.719 1526.859 1526.655 1526.445 1526.235 1526.026 1525.813 1525.597 1525.381 1525.164 1524.948 1524.799 1524.66 1524.52 1524.38 1524.271 1524.222 1524.173 1524.124 1524.075 1524.103 1524.152 1524.201 1524.25 1524.321 1524.468 1524.614 1524.76 1524.907 1524.961 1524.971 1524.981 1524.991 1525.014 1525.119 1525.224 1525.329 1525.434 1525.539 1525.643 1525.748 1525.852 1525.955 1526.004
