data/zism_data/00475_02_D.txt
ncols         224
nrows         224
[rows 168 to 195 of 224, columns 63 to 125 of 224]
4224.316 4214.855 4205.394 4195.933 4187.978 4180.092 4172.206 4164.319 4157.781 4153.103 4148.424 4143.746 4139.067 4133.624 4128.079 4122.535 4116.991 4112.236 4108.962 4105.688 4102.414 4099.139 4103.831 4110.372 4116.914 4123.454 4130.962 4141.016 4151.069 4161.123 4171.176 4178.031 4183.756 4189.482 4195.207 4200.05 4201.425 4202.801 4204.176 4205.552 4206.501 4207.236 4207.972 4208.707 4209.377 4209.617 4209.855 4210.095 4210.334 4210.278 4210.02 4209.762 4209.504 4209.225 4208.593 4207.961 4207.33 4206.698 4205.92 4205.007 4204.094 4203.181 4202.268
4232.124 4222.953 4213.783 4204.612 4196.428 4188.289 4180.15 4172.01 4165.086 4159.837 4154.588 4149.339 4144.09 4138.237 4132.306 4126.374 4120.442 4115.268 4111.515 4107.761 4104.008 4100.255 4104.909 4111.515 4118.121 4124.726 4132.336 4142.588 4152.841 4163.094 4173.346 4180.046 4185.491 4190.937 4196.382 4200.981 4202.255 4203.528 4204.801 4206.074 4207.003 4207.76 4208.517 4209.274 4209.966 4210.221 4210.476 4210.731 4210.986 4210.917 4210.627 4210.337 4210.047 4209.735 4209.066 4208.397 4207.728 4207.058 4206.248 4205.308 4204.368 4203.428 4202.488
4239.931 4231.051 4222.171 4213.292 4204.878 4196.486 4188.094 4179.701 4172.391 4166.571 4160.751 4154.932 4149.113 4142.851 4136.532 4130.212 4123.893 4118.299 4114.067 4109.835 4105.603 4101.371 4105.987 4112.657 4119.328 4125.998 4133.709 4144.161 4154.613 4165.064 4175.516 4182.061 4187.227 4192.392 4197.558 4201.913 4203.084 4204.255 4205.426 4206.597 4207.506 4208.285 4209.063 4209.841 4210.554 4210.825 4211.096 4211.368 4211.639 4211.558 4211.235 4210.913 4210.59 4210.246 4209.539 4208.832 4208.125 4207.418 4206.576 4205.609 4204.642 4203.675 4202.708
4247.738 4239.149 4230.56 4221.971 4213.328 4204.683 4196.038 4187.392 4179.695 4173.305 4166.915 4160.525 4154.135 4147.465 4140.758 4134.051 4127.344 4121.331 4116.62 4111.909 4107.197 4102.486 4107.065 4113.799 4120.535 4127.269 4135.082 4145.733 4156.384 4167.035 4177.686 4184.076 4188.961 4193.847 4198.733 4202.844 4203.913 4204.982 4206.05 4207.119 4208.009 4208.809 4209.608 4210.409 4211.142 4211.429 4211.717 4212.004 4212.292 4212.198 4211.843 4211.488 4211.134 4210.756 4210.012 4209.267 4208.522 4207.778 4206.903 4205.91 4204.916 4203.922 4202.928
4255.191 4247.043 4238.896 4230.748 4221.955 4213.131 4204.309 4195.486 4187.402 4180.336 4173.271 4166.206 4159.141 4152.096 4145.053 4138.011 4130.969 4124.6 4119.491 4114.383 4109.274 4104.167 4108.547 4115.13 4121.713 4128.296 4136.0 4146.65 4157.3 4167.95 4178.6 4184.923 4189.719 4194.515 4199.311 4203.351 4204.418 4205.486 4206.555 4207.623 4208.537 4209.375 4210.213 4211.051 4211.814 4212.078 4212.343 4212.607 4212.872 4212.749 4212.362 4211.975 4211.587 4211.177 4210.381 4209.586 4208.791 4207.996 4207.084 4206.067 4205.049 4204.032 4203.015
4262.416 4254.806 4247.197 4239.587 4230.694 4221.742 4212.79 4203.838 4195.367 4187.559 4179.75 4171.942 4164.134 4156.737 4149.393 4142.05 4134.706 4128.02 4122.567 4117.114 4111.662 4106.209 4110.289 4116.581 4122.874 4129.166 4136.623 4147.144 4157.665 4168.187 4178.707 4185.021 4189.849 4194.677 4199.505 4203.583 4204.716 4205.849 4206.981 4208.114 4209.082 4209.969 4210.855 4211.741 4212.54 4212.756 4212.972 4213.188 4213.404 4213.242 4212.823 4212.404 4211.984 4211.54 4210.685 4209.831 4208.976 4208.122 4207.171 4206.132 4205.093 4204.054 4203.015
4269.641 4262.57 4255.499 4248.427 4239.434 4230.353 4221.271 4212.19 4203.332 4194.781 4186.23 4177.679 4169.128 4161.378 4153.733 4146.088 4138.443 4131.44 4125.643 4119.846 4114.049 4108.251 4112.03 4118.032 4124.034 4130.036 4137.247 4147.639 4158.03 4168.422 4178.814 4185.118 4189.978 4194.838 4199.699 4203.816 4205.013 4206.21 4207.408 4208.605 4209.627 4210.562 4211.497 4212.432 4213.266 4213.434 4213.601 4213.769 4213.936 4213.736 4213.284 4212.833 4212.381 4211.903 4210.989 4210.075 4209.161 4208.248 4207.257 4206.197 4205.136 4204.076 4203.015
4276.866 4270.333 4263.8 4257.267 4248.173 4238.962 4229.752 4220.542 4211.296 4202.003 4192.709 4183.416 4174.122 4166.02 4158.073 4150.126 4142.18 4134.861 4128.719 4122.578 4116.436 4110.294 4113.772 4119.483 4125.195 4130.906 4137.87 4148.133 4158.396 4168.659 4178.921 4185.215 4190.107 4195.0 4199.893 4204.049 4205.311 4206.573 4207.834 4209.096 4210.172 4211.156 4212.139 4213.122 4213.993 4214.111 4214.23 4214.35 4214.469 4214.229 4213.746 4213.262 4212.778 4212.266 4211.292 4210.319 4209.346 4208.374 4207.344 4206.262 4205.18 4204.098 4203.016
4283.822 4277.838 4271.854 4265.87 4256.696 4247.376 4238.057 4228.738 4219.131 4209.128 4199.125 4189.123 4179.119 4170.679 4162.443 4154.208 4145.972 4138.361 4131.921 4125.48 4119.04 4112.6 4115.768 4121.166 4126.565 4131.963 4138.657 4148.759 4158.861 4168.964 4179.066 4185.338 4190.258 4195.179 4200.099 4204.291 4205.617 4206.943 4208.27 4209.596 4210.725 4211.754 4212.783 4213.813 4214.718 4214.792 4214.865 4214.939 4215.013 4214.735 4214.218 4213.701 4213.184 4212.637 4211.608 4210.58 4209.551 4208.522 4207.454 4206.351 4205.248 4204.145 4203.042
4286.413 4281.15 4275.887 4270.624 4261.692 4252.594 4243.495 4234.396 4224.848 4214.678 4204.508 4194.338 4184.168 4175.633 4167.311 4158.989 4150.667 4143.156 4137.162 4131.168 4125.175 4119.181 4121.888 4126.613 4131.339 4136.064 4142.086 4151.521 4160.957 4170.391 4179.826 4185.888 4190.76 4195.632 4200.504 4204.67 4206.061 4207.452 4208.843 4210.234 4211.391 4212.431 4213.471 4214.512 4215.426 4215.505 4215.584 4215.664 4215.743 4215.439 4214.874 4214.308 4213.742 4213.15 4212.121 4211.092 4210.063 4209.035 4207.958 4206.839 4205.72 4204.601 4203.481
4289.003 4284.461 4279.92 4275.378 4266.689 4257.811 4248.934 4240.055 4230.564 4220.228 4209.891 4199.555 4189.218 4180.586 4172.179 4163.771 4155.363 4147.951 4142.403 4136.857 4131.31 4125.763 4128.007 4132.06 4136.113 4140.166 4145.517 4154.284 4163.051 4171.819 4180.586 4186.438 4191.262 4196.085 4200.909 4205.049 4206.504 4207.96 4209.416 4210.872 4212.057 4213.108 4214.159 4215.21 4216.135 4216.22 4216.304 4216.389 4216.473 4216.143 4215.529 4214.915 4214.3 4213.663 4212.634 4211.605 4210.576 4209.547 4208.463 4207.327 4206.192 4205.056 4203.921
4291.593 4287.773 4283.953 4280.133 4271.686 4263.028 4254.372 4245.714 4236.281 4225.777 4215.274 4204.771 4194.267 4185.54 4177.046 4168.552 4160.058 4152.745 4147.645 4142.545 4137.444 4132.345 4134.127 4137.507 4140.887 4144.267 4148.947 4157.047 4165.146 4173.247 4181.346 4186.989 4191.764 4196.539 4201.313 4205.428 4206.949 4208.469 4209.989 4211.509 4212.724 4213.786 4214.847 4215.909 4216.844 4216.934 4217.024 4217.114 4217.204 4216.846 4216.184 4215.521 4214.859 4214.175 4213.146 4212.117 4211.088 4210.06 4208.967 4207.815 4206.664 4205.512 4204.361
4294.184 4291.085 4287.986 4284.887 4276.683 4268.246 4259.81 4251.373 4241.998 4231.327 4220.657 4209.986 4199.316 4190.494 4181.914 4173.333 4164.753 4157.54 4152.886 4148.233 4143.579 4138.926 4140.247 4142.954 4145.661 4148.368 4152.376 4159.809 4167.241 4174.674 4182.106 4187.539 4192.265 4196.992 4201.718 4205.808 4207.393 4208.977 4210.562 4212.147 4213.39 4214.462 4215.535 4216.607 4217.553 4217.648 4217.743 4217.838 4217.934 4217.55 4216.839 4216.128 4215.417 4214.688 4213.659 4212.63 4211.601 4210.572 4209.471 4208.303 4207.136 4205.968 4204.8
4295.824 4293.291 4290.757 4288.224 4280.461 4272.461 4264.461 4256.46 4247.324 4236.621 4225.917 4215.214 4204.51 4195.678 4187.091 4178.504 4169.917 4162.786 4158.382 4153.979 4149.576 4145.173 4146.194 4148.474 4150.754 4153.035 4156.572 4163.419 4170.266 4177.113 4183.959 4189.077 4193.583 4198.089 4202.595 4206.518 4208.148 4209.778 4211.408 4213.039 4214.293 4215.36 4216.427 4217.494 4218.43 4218.492 4218.555 4218.617 4218.68 4218.25 4217.486 4216.721 4215.956 4215.175 4214.138 4213.101 4212.064 4211.027 4209.917 4208.738 4207.56 4206.381 4205.203
4296.54 4294.421 4292.302 4290.184 4283.057 4275.702 4268.348 4260.994 4252.272 4241.666 4231.059 4220.453 4209.846 4201.087 4192.57 4184.053 4175.536 4168.471 4164.126 4159.783 4155.438 4151.095 4151.974 4154.066 4156.158 4158.25 4161.511 4167.853 4174.193 4180.534 4186.875 4191.573 4195.692 4199.811 4203.929 4207.548 4209.206 4210.863 4212.52 4214.177 4215.426 4216.472 4217.517 4218.563 4219.471 4219.463 4219.456 4219.448 4219.44 4218.948 4218.124 4217.3 4216.476 4215.638 4214.585 4213.532 4212.479 4211.425 4210.304 4209.121 4207.937 4206.753 4205.569
4297.256 4295.552 4293.848 4292.144 4285.652 4278.944 4272.235 4265.527 4257.221 4246.711 4236.201 4225.692 4215.182 4206.496 4198.049 4189.602 4181.155 4174.156 4169.871 4165.586 4161.301 4157.017 4157.754 4159.658 4161.561 4163.464 4166.451 4172.286 4178.121 4183.956 4189.791 4194.07 4197.801 4201.533 4205.264 4208.579 4210.263 4211.948 4213.632 4215.316 4216.56 4217.583 4218.607 4219.631 4220.511 4220.434 4220.356 4220.279 4220.201 4219.645 4218.762 4217.878 4216.995 4216.101 4215.032 4213.962 4212.893 4211.824 4210.692 4209.503 4208.314 4207.125 4205.936
4297.973 4296.683 4295.393 4294.103 4288.248 4282.185 4276.123 4270.06 4262.169 4251.756 4241.343 4230.931 4220.518 4211.905 4203.527 4195.151 4186.773 4179.841 4175.615 4171.39 4167.164 4162.938 4163.534 4165.249 4166.964 4168.68 4171.39 4176.719 4182.048 4187.377 4192.706 4196.567 4199.911 4203.254 4206.598 4209.61 4211.321 4213.032 4214.743 4216.455 4217.693 4218.695 4219.697 4220.7 4221.552 4221.404 4221.257 4221.109 4220.962 4220.342 4219.4 4218.458 4217.515 4216.564 4215.479 4214.393 4213.308 4212.222 4211.08 4209.885 4208.691 4207.496 4206.302
4298.689 4297.813 4296.938 4296.063 4290.844 4285.427 4280.01 4274.593 4267.118 4256.801 4246.485 4236.169 4225.853 4217.313 4209.006 4200.7 4192.393 4185.526 4181.359 4177.193 4173.026 4168.86 4169.314 4170.841 4172.368 4173.895 4176.329 4181.152 4185.975 4190.798 4195.621 4199.064 4202.021 4204.976 4207.932 4210.641 4212.379 4214.117 4215.855 4217.593 4218.826 4219.807 4220.788 4221.768 4222.592 4222.375 4222.158 4221.94 4221.723 4221.04 4220.038 4219.036 4218.035 4217.027 4215.926 4214.824 4213.722 4212.621 4211.468 4210.268 4209.068 4207.868 4206.668
4298.943 4298.235 4297.527 4296.819 4292.259 4287.524 4282.79 4278.055 4271.114 4261.132 4251.15 4241.167 4231.185 4222.455 4213.888 4205.321 4196.755 4189.718 4185.549 4181.38 4177.211 4173.042 4173.343 4174.681 4176.02 4177.358 4179.542 4183.952 4188.362 4192.771 4197.181 4200.55 4203.551 4206.552 4209.552 4212.314 4214.136 4215.957 4217.779 4219.6 4220.733 4221.522 4222.312 4223.101 4223.734 4223.329 4222.923 4222.517 4222.111 4221.273 4220.141 4219.008 4217.875 4216.737 4215.511 4214.285 4213.059 4211.833 4210.656 4209.522 4208.389 4207.256 4206.123
4299.176 4298.624 4298.072 4297.52 4293.621 4289.57 4285.519 4281.467 4275.068 4265.43 4255.792 4246.155 4236.517 4227.583 4218.742 4209.901 4201.061 4193.843 4189.668 4185.494 4181.319 4177.145 4177.292 4178.442 4179.592 4180.742 4182.677 4186.678 4190.678 4194.679 4198.68 4201.989 4205.055 4208.12 4211.186 4214.017 4215.924 4217.832 4219.739 4221.647 4222.676 4223.266 4223.856 4224.446 4224.881 4224.282 4223.682 4223.083 4222.483 4221.487 4220.219 4218.952 4217.684 4216.412 4215.057 4213.702 4212.347 4210.992 4209.789 4208.726 4207.662 4206.599 4205.536
4299.409 4299.013 4298.617 4298.221 4294.983 4291.615 4288.248 4284.88 4279.022 4269.729 4260.435 4251.142 4241.849 4232.712 4223.597 4214.481 4205.366 4197.967 4193.787 4189.607 4185.428 4181.248 4181.241 4182.203 4183.165 4184.126 4185.812 4189.403 4192.995 4196.587 4200.178 4203.429 4206.559 4209.689 4212.819 4215.719 4217.712 4219.706 4221.7 4223.693 4224.619 4225.01 4225.4 4225.792 4226.028 4225.235 4224.441 4223.648 4222.855 4221.7 4220.298 4218.896 4217.494 4216.087 4214.603 4213.119 4211.634 4210.15 4208.922 4207.929 4206.935 4205.942 4204.949
4299.642 4299.402 4299.163 4298.923 4296.345 4293.661 4290.977 4288.292 4282.976 4274.027 4265.078 4256.129 4247.18 4237.841 4228.451 4219.062 4209.671 4202.092 4197.906 4193.721 4189.536 4185.351 4185.19 4185.963 4186.737 4187.51 4188.947 4192.129 4195.312 4198.494 4201.677 4204.868 4208.063 4211.258 4214.453 4217.421 4219.5 4221.581 4223.66 4225.74 4226.561 4226.753 4226.945 4227.137 4227.175 4226.188 4225.201 4224.213 4223.227 4221.913 4220.376 4218.84 4217.303 4215.762 4214.148 4212.535 4210.922 4209.309 4208.055 4207.132 4206.208 4205.285 4204.361
4299.8 4299.666 4299.532 4299.398 4297.352 4295.218 4293.084 4290.95 4286.149 4277.669 4269.189 4260.71 4252.23 4242.79 4233.223 4223.657 4214.091 4206.317 4201.903 4197.49 4193.077 4188.664 4188.293 4188.86 4189.428 4189.995 4191.206 4194.108 4197.01 4199.912 4202.814 4206.029 4209.354 4212.679 4216.004 4219.094 4221.262 4223.43 4225.598 4227.766 4228.482 4228.473 4228.463 4228.454 4228.29 4227.096 4225.902 4224.708 4223.514 4222.025 4220.334 4218.644 4216.953 4215.261 4213.556 4211.85 4210.145 4208.439 4207.189 4206.358 4205.526 4204.695 4203.863
4299.848 4299.747 4299.645 4299.543 4297.838 4296.06 4294.281 4292.502 4288.181 4280.352 4272.524 4264.695 4256.867 4247.473 4237.875 4228.276 4218.677 4210.69 4205.722 4200.754 4195.787 4190.819 4190.156 4190.492 4190.828 4191.164 4192.181 4194.992 4197.803 4200.614 4203.424 4206.782 4210.333 4213.884 4217.435 4220.724 4222.983 4225.243 4227.502 4229.762 4230.373 4230.159 4229.945 4229.73 4229.359 4227.939 4226.52 4225.099 4223.679 4221.99 4220.116 4218.242 4216.368 4214.502 4212.759 4211.016 4209.272 4207.529 4206.327 4205.619 4204.911 4204.203 4203.496
4299.896 4299.827 4299.758 4299.688 4298.324 4296.901 4295.478 4294.054 4290.213 4283.035 4275.858 4268.681 4261.503 4252.157 4242.526 4232.896 4223.265 4215.063 4209.541 4204.019 4198.497 4192.975 4192.019 4192.124 4192.228 4192.333 4193.157 4195.876 4198.596 4201.315 4204.034 4207.535 4211.313 4215.089 4218.866 4222.354 4224.705 4227.056 4229.407 4231.758 4232.263 4231.844 4231.426 4231.007 4230.429 4228.783 4227.136 4225.49 4223.844 4221.954 4219.897 4217.84 4215.784 4213.743 4211.962 4210.181 4208.4 4206.62 4205.463 4204.879 4204.295 4203.711 4203.127
4299.945 4299.908 4299.871 4299.834 4298.811 4297.743 4296.674 4295.606 4292.245 4285.718 4279.192 4272.667 4266.14 4256.841 4247.178 4237.515 4227.851 4219.436 4213.359 4207.283 4201.207 4195.13 4193.882 4193.755 4193.628 4193.501 4194.133 4196.761 4199.389 4202.017 4204.644 4208.289 4212.292 4216.294 4220.297 4223.984 4226.427 4228.869 4231.312 4233.754 4234.153 4233.53 4232.907 4232.284 4231.498 4229.625 4227.753 4225.881 4224.009 4221.918 4219.679 4217.439 4215.199 4212.984 4211.166 4209.347 4207.528 4205.71 4204.6 4204.14 4203.68 4203.22 4202.759
4299.993 4299.988 4299.984 4299.979 4299.297 4298.584 4297.871 4297.159 4294.276 4288.401 4282.526 4276.652 4270.777 4261.525 4251.829 4242.134 4232.438 4223.809 4217.178 4210.547 4203.917 4197.286 4195.746 4195.387 4195.029 4194.67 4195.109 4197.645 4200.182 4202.718 4205.254 4209.042 4213.271 4217.5 4221.729 4225.614 4228.148 4230.682 4233.216 4235.75 4236.043 4235.216 4234.388 4233.561 4232.567 4230.469 4228.371 4226.272 4224.174 4221.883 4219.46 4217.038 4214.615 4212.225 4210.369 4208.512 4206.656 4204.8 4203.737 4203.4 4203.064 4202.728 4202.392
4299.958 4299.972 4299.985 4300.0 4299.486 4298.949 4298.412 4297.875 4295.362 4290.125 4284.888 4279.65 4274.413 4265.467 4256.033 4246.6 4237.167 4228.509 4221.306 4214.102 4206.898 4199.695 4197.874 4197.303 4196.731 4196.16 4196.499 4199.233 4201.968 4204.703 4207.438 4211.39 4215.771 4220.152 4224.534 4228.515 4230.919 4233.324 4235.729 4238.133 4238.213 4237.13 4236.047 4234.964 4233.703 4231.25 4228.797 4226.344 4223.891 4221.289 4218.587 4215.884 4213.182 4210.533 4208.764 4206.994 4205.225 4203.455 4202.52 4202.348 4202.177 4202.006 4201.835
