data/zism_data/00472_01_D.txt
ncols         224
nrows         224
[rows 29 to 57 of 224, columns 130 to 194 of 224]
3977.469 3986.98 3996.612 4006.244 4015.876 4025.509 4032.973 4039.613 4046.253 4052.893 4059.063 4063.207 4067.351 4071.495 4075.639 4078.018 4079.454 4080.891 4082.327 4083.502 4082.682 4081.862 4081.042 4080.222 4075.537 4068.051 4060.564 4053.077 4045.403 4033.599 4021.795 4009.991 3998.188 3989.432 3983.637 3977.843 3972.048 3966.253 3965.873 3965.654 3965.434 3965.215 3966.776 3970.65 3974.524 3978.399 3982.273 3988.259 3994.484 4000.708 4006.933 4015.16 4026.911 4038.663 4050.414 4062.166 4073.2 4084.084 4094.967 4105.851 4116.162 4125.069 4133.977 4142.885 4151.793
3970.82 3979.713 3989.006 3998.299 4007.592 4016.885 4024.323 4031.054 4037.786 4044.517 4050.82 4055.277 4059.733 4064.189 4068.645 4071.185 4072.702 4074.219 4075.737 4076.991 4076.235 4075.48 4074.724 4073.969 4069.049 4061.11 4053.171 4045.232 4037.137 4025.592 4014.046 4002.501 3990.955 3982.605 3977.36 3972.114 3966.869 3961.623 3961.744 3962.026 3962.307 3962.588 3964.656 3969.048 3973.438 3977.83 3982.22 3988.975 3995.996 4003.017 4010.039 4019.017 4031.442 4043.866 4056.29 4068.714 4079.492 4089.924 4100.355 4110.786 4120.692 4129.309 4137.926 4146.543 4155.161
3964.075 3972.388 3981.309 3990.23 3999.151 4008.072 4015.38 4022.075 4028.77 4035.464 4041.698 4045.946 4050.194 4054.442 4058.689 4061.08 4062.48 4063.88 4065.281 4066.435 4065.719 4065.002 4064.285 4063.569 4058.724 4050.887 4043.05 4035.212 4027.239 4016.275 4005.31 3994.346 3983.381 3975.578 3970.844 3966.111 3961.378 3956.645 3957.341 3958.2 3959.059 3959.918 3962.493 3967.298 3972.103 3976.908 3981.713 3989.018 3996.604 4004.191 4011.778 4021.343 4034.388 4047.434 4060.48 4073.525 4084.226 4094.432 4104.639 4114.845 4124.5 4132.8 4141.101 4149.402 4157.703
3957.285 3965.035 3973.569 3982.102 3990.636 3999.169 4006.3 4012.898 4019.496 4026.094 4032.164 4035.96 4039.755 4043.551 4047.347 4049.443 4050.634 4051.824 4053.014 4053.986 4053.297 4052.607 4051.917 4051.228 4046.603 4039.126 4031.65 4024.173 4016.576 4006.344 3996.112 3985.879 3975.647 3968.455 3964.217 3959.979 3955.741 3951.503 3952.81 3954.282 3955.755 3957.227 3960.308 3965.479 3970.65 3975.821 3980.992 3988.745 3996.789 4004.834 4012.878 4022.951 4036.594 4050.237 4063.88 4077.523 4088.23 4098.318 4108.406 4118.494 4127.969 4135.942 4143.914 4151.887 4159.859
3950.495 3957.683 3965.829 3973.975 3982.121 3990.267 3997.221 4003.722 4010.223 4016.724 4022.63 4025.974 4029.317 4032.661 4036.004 4037.807 4038.787 4039.768 4040.748 4041.538 4040.875 4040.212 4039.549 4038.886 4034.483 4027.366 4020.25 4013.134 4005.915 3996.414 3986.914 3977.413 3967.913 3961.333 3957.59 3953.847 3950.104 3946.362 3948.279 3950.365 3952.45 3954.537 3958.123 3963.66 3969.197 3974.734 3980.271 3988.472 3996.974 4005.476 4013.978 4024.559 4038.8 4053.04 4067.281 4081.521 4092.234 4102.204 4112.173 4122.143 4131.439 4139.083 4146.727 4154.371 4162.015
3943.705 3950.33 3958.089 3965.847 3973.606 3981.365 3988.142 3994.546 4000.95 4007.354 4013.096 4015.988 4018.879 4021.771 4024.662 4026.17 4026.941 4027.711 4028.482 4029.089 4028.453 4027.817 4027.181 4026.546 4022.362 4015.607 4008.851 4002.095 3995.252 3986.484 3977.716 3968.947 3960.179 3954.211 3950.963 3947.715 3944.468 3941.22 3943.747 3946.447 3949.146 3951.846 3955.938 3961.841 3967.744 3973.647 3979.551 3988.2 3997.159 4006.119 4015.078 4026.167 4041.005 4055.843 4070.681 4085.519 4096.238 4106.089 4115.94 4125.792 4134.908 4142.224 4149.54 4156.855 4164.171
3937.048 3943.089 3950.413 3957.736 3965.059 3972.383 3978.974 3985.286 3991.599 3997.912 4003.5 4005.964 4008.429 4010.894 4013.358 4014.594 4015.174 4015.754 4016.335 4016.776 4016.163 4015.55 4014.937 4014.324 4010.358 4003.963 3997.567 3991.172 3984.704 3976.647 3968.59 3960.533 3952.477 3947.11 3944.358 3941.605 3938.853 3936.101 3939.243 3942.562 3945.881 3949.2 3953.81 3960.099 3966.387 3972.676 3978.965 3988.073 3997.5 4006.927 4016.354 4027.91 4043.215 4058.52 4073.824 4089.129 4099.824 4109.549 4119.273 4128.998 4137.931 4144.923 4151.917 4158.91 4165.902
3931.277 3936.593 3943.163 3949.733 3956.302 3962.872 3969.217 3975.476 3981.735 3987.993 3993.489 3995.695 3997.901 4000.108 4002.314 4003.421 4003.942 4004.463 4004.984 4005.373 4004.755 4004.136 4003.518 4002.899 3999.137 3993.097 3987.057 3981.016 3974.913 3967.432 3959.951 3952.471 3944.99 3940.158 3937.901 3935.644 3933.387 3931.13 3934.925 3938.9 3942.875 3946.851 3952.057 3958.862 3965.667 3972.473 3979.279 3988.918 3998.878 4008.838 4018.797 4030.547 4045.448 4060.349 4075.25 4090.152 4100.625 4110.167 4119.708 4129.25 4137.97 4144.678 4151.385 4158.093 4164.801
3925.507 3930.097 3935.913 3941.729 3947.545 3953.362 3959.459 3965.665 3971.87 3978.075 3983.478 3985.426 3987.374 3989.322 3991.269 3992.248 3992.71 3993.172 3993.633 3993.969 3993.345 3992.721 3992.098 3991.474 3987.916 3982.231 3976.545 3970.86 3965.122 3958.217 3951.313 3944.407 3937.503 3933.206 3931.445 3929.683 3927.921 3926.159 3930.605 3935.238 3939.87 3944.502 3950.304 3957.626 3964.948 3972.27 3979.592 3989.763 4000.256 4010.749 4021.241 4033.185 4047.682 4062.179 4076.677 4091.174 4101.426 4110.785 4120.144 4129.502 4138.009 4144.432 4150.854 4157.277 4163.699
3919.736 3923.601 3928.663 3933.726 3938.789 3943.851 3949.703 3955.854 3962.005 3968.156 3973.467 3975.156 3976.846 3978.536 3980.225 3981.075 3981.478 3981.88 3982.283 3982.566 3981.937 3981.307 3980.678 3980.049 3976.695 3971.365 3966.035 3960.705 3955.332 3949.003 3942.674 3936.345 3930.016 3926.255 3924.988 3923.721 3922.454 3921.188 3926.287 3931.575 3936.864 3942.153 3948.551 3956.39 3964.228 3972.067 3979.906 3990.608 4001.634 4012.659 4023.685 4035.822 4049.916 4064.009 4078.103 4092.197 4102.228 4111.403 4120.579 4129.754 4138.049 4144.186 4150.323 4156.46 4162.597
3913.966 3917.104 3921.414 3925.722 3930.031 3934.341 3939.946 3946.043 3952.14 3958.237 3963.456 3964.887 3966.318 3967.749 3969.18 3969.902 3970.246 3970.589 3970.932 3971.162 3970.528 3969.893 3969.258 3968.624 3965.473 3960.498 3955.524 3950.549 3945.541 3939.788 3934.035 3928.282 3922.529 3919.302 3918.531 3917.76 3916.988 3916.217 3921.968 3927.913 3933.859 3939.804 3946.798 3955.153 3963.509 3971.865 3980.22 3991.453 4003.012 4014.57 4026.128 4038.459 4052.149 4065.839 4079.529 4093.219 4103.028 4112.021 4121.014 4130.006 4138.088 4143.94 4149.792 4155.644 4161.496
3910.07 3912.558 3916.098 3919.638 3923.177 3926.718 3931.696 3937.222 3942.747 3948.273 3953.001 3954.296 3955.59 3956.885 3958.179 3958.969 3959.491 3960.012 3960.533 3960.913 3960.217 3959.521 3958.825 3958.129 3955.189 3950.623 3946.056 3941.49 3936.906 3931.938 3926.97 3922.002 3917.034 3914.512 3914.367 3914.222 3914.077 3913.931 3920.326 3926.916 3933.505 3940.095 3947.683 3956.567 3965.452 3974.337 3983.222 3994.792 4006.664 4018.537 4030.41 4042.676 4055.635 4068.594 4081.552 4094.511 4103.833 4112.39 4120.947 4129.503 4137.187 4142.732 4148.276 4153.821 4159.366
3907.534 3909.424 3912.184 3914.943 3917.703 3920.462 3924.54 3929.118 3933.696 3938.274 3942.224 3943.47 3944.717 3945.963 3947.209 3948.21 3949.082 3949.953 3950.824 3951.501 3950.703 3949.905 3949.106 3948.308 3945.584 3941.464 3937.345 3933.225 3929.109 3925.078 3921.046 3917.015 3912.983 3911.289 3911.865 3912.441 3913.017 3913.593 3920.625 3927.85 3935.075 3942.3 3950.48 3959.903 3969.326 3978.749 3988.172 3999.937 4011.966 4023.995 4036.024 4048.038 4060.028 4072.018 4084.008 4095.998 4104.64 4112.578 4120.516 4128.454 4135.604 4140.826 4146.048 4151.27 4156.491
3904.999 3906.291 3908.27 3910.249 3912.228 3914.207 3917.383 3921.014 3924.645 3928.276 3931.448 3932.646 3933.844 3935.041 3936.239 3937.452 3938.673 3939.894 3941.115 3942.09 3941.189 3940.288 3939.387 3938.487 3935.979 3932.306 3928.634 3924.961 3921.313 3918.218 3915.123 3912.028 3908.933 3908.066 3909.363 3910.66 3911.958 3913.255 3920.925 3928.785 3936.645 3944.504 3953.278 3963.239 3973.2 3983.162 3993.123 4005.082 4017.267 4029.452 4041.637 4053.4 4064.421 4075.442 4086.464 4097.485 4105.447 4112.766 4120.085 4127.404 4134.021 4138.92 4143.819 4148.718 4153.617
3902.462 3903.158 3904.356 3905.555 3906.754 3907.952 3910.227 3912.91 3915.594 3918.278 3920.672 3921.821 3922.97 3924.12 3925.269 3926.693 3928.264 3929.835 3931.406 3932.678 3931.675 3930.672 3929.669 3928.666 3926.374 3923.148 3919.922 3916.696 3913.516 3911.358 3909.199 3907.041 3904.882 3904.843 3906.861 3908.88 3910.898 3912.917 3921.224 3929.719 3938.214 3946.709 3956.076 3966.575 3977.074 3987.574 3998.073 4010.228 4022.569 4034.91 4047.251 4058.762 4068.815 4078.867 4088.919 4098.972 4106.254 4112.955 4119.654 4126.354 4132.438 4137.014 4141.59 4146.166 4150.742
3900.0 3900.114 3900.552 3900.99 3901.428 3901.867 3903.257 3905.01 3906.762 3908.514 3910.143 3911.239 3912.334 3913.43 3914.525 3916.146 3918.046 3919.947 3921.847 3923.4 3922.304 3921.207 3920.111 3919.015 3916.945 3914.169 3911.393 3908.617 3905.908 3904.675 3903.443 3902.21 3900.977 3901.768 3904.524 3907.281 3910.038 3912.794 3921.736 3930.862 3939.988 3949.114 3959.067 3970.096 3981.124 3992.153 4003.182 4015.505 4027.974 4040.444 4052.913 4064.156 4073.24 4082.324 4091.408 4100.492 4107.092 4113.168 4119.244 4125.32 4130.867 4135.117 4139.366 4143.616 4147.865
3900.0 3900.089 3900.43 3900.771 3901.113 3901.454 3902.537 3903.902 3905.266 3906.631 3907.903 3908.772 3909.642 3910.512 3911.381 3912.695 3914.245 3915.796 3917.346 3918.614 3917.722 3916.83 3915.938 3915.047 3913.39 3911.179 3908.969 3906.758 3904.614 3903.947 3903.279 3902.611 3901.944 3903.671 3907.725 3911.778 3915.832 3919.886 3929.346 3938.967 3948.588 3958.209 3968.543 3979.803 3991.063 4002.323 4013.584 4025.21 4036.877 4048.544 4060.212 4070.6 4078.737 4086.874 4095.011 4103.147 4108.938 4114.233 4119.529 4124.825 4129.689 4133.498 4137.306 4141.114 4144.922
3900.0 3900.064 3900.308 3900.552 3900.797 3901.041 3901.816 3902.794 3903.771 3904.748 3905.663 3906.306 3906.95 3907.593 3908.237 3909.244 3910.445 3911.645 3912.846 3913.828 3913.14 3912.453 3911.766 3911.079 3909.836 3908.19 3906.544 3904.899 3903.32 3903.218 3903.115 3903.013 3902.91 3905.574 3910.925 3916.276 3921.627 3926.978 3936.956 3947.073 3957.189 3967.305 3978.019 3989.511 4001.002 4012.494 4023.986 4034.915 4045.78 4056.646 4067.511 4077.044 4084.234 4091.424 4098.613 4105.803 4110.783 4115.298 4119.814 4124.329 4128.512 4131.878 4135.245 4138.612 4141.979
3900.0 3900.039 3900.186 3900.333 3900.481 3900.628 3901.096 3901.686 3902.276 3902.865 3903.423 3903.84 3904.258 3904.675 3905.093 3905.793 3906.644 3907.494 3908.345 3909.042 3908.559 3908.076 3907.593 3907.111 3906.281 3905.201 3904.12 3903.04 3902.027 3902.489 3902.952 3903.414 3903.877 3907.477 3914.125 3920.773 3927.421 3934.07 3944.566 3955.178 3965.789 3976.401 3987.495 3999.219 4010.941 4022.665 4034.388 4044.619 4054.683 4064.746 4074.81 4083.489 4089.731 4095.973 4102.215 4108.458 4112.629 4116.364 4120.099 4123.834 4127.334 4130.259 4133.185 4136.11 4139.035
3900.0 3900.013 3900.064 3900.114 3900.165 3900.215 3900.376 3900.578 3900.78 3900.982 3901.183 3901.374 3901.565 3901.757 3901.948 3902.342 3902.843 3903.344 3903.845 3904.255 3903.977 3903.699 3903.421 3903.142 3902.727 3902.211 3901.696 3901.181 3900.733 3901.76 3902.788 3903.816 3904.844 3909.38 3917.325 3925.271 3933.216 3941.161 3952.177 3963.283 3974.39 3985.496 3996.972 4008.926 4020.881 4032.835 4044.79 4054.324 4063.586 4072.847 4082.108 4089.933 4095.228 4100.523 4105.818 4111.113 4114.475 4117.429 4120.384 4123.338 4126.156 4128.64 4131.124 4133.608 4136.092
3900.0 3900.0 3900.0 3900.0 3900.0 3900.0 3900.0 3900.0 3900.0 3900.0 3900.012 3900.078 3900.144 3900.21 3900.276 3900.484 3900.769 3901.054 3901.339 3901.574 3901.428 3901.283 3901.137 3900.991 3900.865 3900.752 3900.64 3900.528 3900.506 3902.48 3904.454 3906.428 3908.402 3914.044 3923.251 3932.457 3941.664 3950.87 3962.128 3973.446 3984.765 3996.083 4007.562 4019.249 4030.935 4042.622 4054.309 4062.959 4071.266 4079.574 4087.881 4094.8 4099.273 4103.748 4108.221 4112.695 4115.463 4117.871 4120.279 4122.688 4124.989 4127.029 4129.069 4131.109 4133.149
3900.0 3900.0 3900.0 3900.0 3900.0 3900.0 3900.0 3900.0 3900.0 3900.0 3900.009 3900.059 3900.109 3900.158 3900.208 3900.365 3900.58 3900.795 3901.01 3901.19 3901.098 3901.006 3900.914 3900.822 3900.849 3900.963 3901.077 3901.191 3901.445 3904.78 3908.116 3911.451 3914.787 3921.721 3932.149 3942.577 3953.006 3963.434 3974.633 3985.855 3997.077 4008.298 4019.369 4030.243 4041.116 4051.99 4062.864 4070.426 4077.614 4084.801 4091.989 4097.946 4101.736 4105.526 4109.317 4113.107 4115.516 4117.633 4119.751 4121.869 4123.834 4125.428 4127.021 4128.614 4130.207
3900.0 3900.0 3900.0 3900.0 3900.0 3900.0 3900.0 3900.0 3900.0 3900.0 3900.006 3900.04 3900.073 3900.107 3900.14 3900.247 3900.392 3900.537 3900.682 3900.805 3900.767 3900.729 3900.691 3900.653 3900.834 3901.174 3901.514 3901.854 3902.383 3907.08 3911.778 3916.475 3921.172 3929.397 3941.047 3952.697 3964.348 3975.998 3987.138 3998.263 4009.388 4020.513 4031.175 4041.236 4051.297 4061.358 4071.419 4077.893 4083.961 4090.029 4096.097 4101.092 4104.199 4107.306 4110.412 4113.519 4115.568 4117.396 4119.223 4121.05 4122.679 4123.826 4124.972 4126.119 4127.265
3900.0 3900.0 3900.0 3900.0 3900.0 3900.0 3900.0 3900.0 3900.0 3900.0 3900.003 3900.021 3900.038 3900.055 3900.073 3900.127 3900.203 3900.278 3900.353 3900.421 3900.437 3900.452 3900.468 3900.484 3900.819 3901.385 3901.95 3902.516 3903.321 3909.38 3915.439 3921.499 3927.558 3937.073 3949.945 3962.817 3975.689 3988.562 3999.643 4010.671 4021.699 4032.727 4042.981 4052.23 4061.478 4070.726 4079.975 4085.359 4090.308 4095.256 4100.205 4104.238 4106.662 4109.084 4111.508 4113.931 4115.622 4117.158 4118.694 4120.23 4121.524 4122.224 4122.923 4123.623 4124.323
3900.0 3900.0 3900.0 3900.0 3900.0 3900.0 3900.0 3900.0 3900.0 3900.0 3900.0 3900.001 3900.002 3900.004 3900.005 3900.009 3900.014 3900.019 3900.024 3900.036 3900.106 3900.176 3900.245 3900.315 3900.803 3901.595 3902.387 3903.179 3904.26 3911.68 3919.101 3926.522 3933.943 3944.749 3958.843 3972.938 3987.032 4001.126 4012.149 4023.08 4034.011 4044.942 4054.788 4063.223 4071.659 4080.094 4088.53 4092.826 4096.655 4100.484 4104.313 4107.385 4109.125 4110.864 4112.604 4114.343 4115.674 4116.92 4118.166 4119.411 4120.369 4120.622 4120.875 4121.128 4121.38
3900.0 3900.0 3900.0 3900.0 3900.0 3900.0 3900.0 3900.0 3900.0 3900.0 3900.0 3900.0 3900.0 3900.0 3900.0 3900.0 3900.0 3900.0 3900.0 3900.022 3900.216 3900.409 3900.603 3900.796 3902.136 3904.307 3906.478 3908.65 3911.119 3920.146 3929.173 3938.201 3947.228 3958.612 3972.285 3985.959 3999.632 4013.306 4023.602 4033.797 4043.992 4054.188 4063.11 4070.379 4077.647 4084.916 4092.184 4095.818 4099.042 4102.265 4105.488 4108.086 4109.581 4111.076 4112.571 4114.067 4115.145 4116.135 4117.125 4118.115 4118.804 4118.754 4118.705 4118.656 4118.607
3900.0 3900.0 3900.0 3900.0 3900.0 3900.0 3900.0 3900.0 3900.0 3900.0 3900.0 3900.0 3900.0 3900.0 3900.0 3900.0 3900.0 3900.0 3900.0 3900.037 3900.36 3900.682 3901.005 3901.328 3903.574 3907.214 3910.855 3914.496 3918.441 3929.094 3939.747 3950.399 3961.052 3972.959 3986.083 3999.208 4012.332 4025.456 4034.973 4044.383 4053.792 4063.202 4071.161 4077.234 4083.308 4089.381 4095.455 4098.459 4101.118 4103.776 4106.435 4108.596 4109.881 4111.167 4112.452 4113.737 4114.569 4115.307 4116.043 4116.781 4117.206 4116.866 4116.526 4116.186 4115.846
3900.0 3900.0 3900.0 3900.0 3900.0 3900.0 3900.0 3900.0 3900.0 3900.0 3900.0 3900.0 3900.0 3900.0 3900.0 3900.0 3900.0 3900.0 3900.0 3900.052 3900.504 3900.956 3901.408 3901.859 3905.011 3910.122 3915.232 3920.342 3925.763 3938.041 3950.32 3962.598 3974.876 3987.305 3999.88 4012.456 4025.031 4037.606 4046.345 4054.968 4063.592 4072.215 4079.211 4084.09 4088.968 4093.847 4098.726 4101.102 4103.195 4105.288 4107.381 4109.105 4110.181 4111.256 4112.332 4113.407 4113.994 4114.479 4114.962 4115.447 4115.608 4114.977 4114.347 4113.716 4113.085
3900.0 3900.0 3900.0 3900.0 3900.0 3900.0 3900.0 3900.0 3900.0 3900.0 3900.0 3900.0 3900.0 3900.0 3900.0 3900.0 3900.0 3900.0 3900.0 3900.067 3900.648 3901.229 3901.81 3902.391 3906.449 3913.029 3919.608 3926.188 3933.086 3946.989 3960.893 3974.796 3988.7 4001.651 4013.678 4025.704 4037.731 4049.757 4057.716 4065.554 4073.392 4081.229 4087.261 4090.945 4094.629 4098.313 4101.997 4103.743 4105.271 4106.799 4108.328 4109.615 4110.481 4111.347 4112.212 4113.078 4113.419 4113.65 4113.881 4114.113 4114.01 4113.088 4112.167 4111.246 4110.325
