data/zism_data/00477_04_D.txt
ncols         224
nrows         224
[rows 150 to 179 of 224, columns 134 to 200 of 224]
1363.053 1364.193 1365.332 1366.472 1367.649 1368.987 1370.325 1371.663 1373.001 1374.242 1375.421 1376.599 1377.777 1378.958 1380.228 1381.498 1382.768 1384.038 1385.316 1386.606 1387.895 1389.185 1390.474 1391.756 1393.036 1394.316 1395.596 1396.696 1397.307 1397.919 1398.53 1399.141 1399.433 1399.579 1399.724 1399.869 1400.0 1400.0 1400.0 1400.0 1400.0 1400.0 1400.0 1400.0 1400.0 1400.0 1399.918 1399.831 1399.743 1399.656 1399.599 1399.599 1399.599 1399.599 1399.599 1399.573 1399.539 1399.505 1399.471 1399.24 1398.123 1397.006 1395.89 1394.773 1392.601 1389.72 1386.839
1362.073 1363.239 1364.405 1365.571 1366.773 1368.127 1369.481 1370.835 1372.189 1373.466 1374.692 1375.918 1377.144 1378.371 1379.62 1380.869 1382.117 1383.366 1384.628 1385.907 1387.186 1388.464 1389.743 1391.078 1392.422 1393.766 1395.11 1396.282 1396.99 1397.697 1398.404 1399.111 1399.433 1399.579 1399.724 1399.869 1400.0 1400.0 1400.0 1400.0 1400.0 1400.0 1400.0 1400.0 1400.0 1400.0 1399.873 1399.738 1399.602 1399.467 1399.379 1399.379 1399.379 1399.379 1399.379 1399.369 1399.357 1399.344 1399.332 1399.064 1397.655 1396.245 1394.835 1393.426 1391.002 1387.897 1384.792
1361.093 1362.285 1363.478 1364.671 1365.897 1367.267 1368.637 1370.007 1371.377 1372.689 1373.963 1375.237 1376.511 1377.785 1379.012 1380.24 1381.467 1382.695 1383.94 1385.208 1386.476 1387.744 1389.012 1390.4 1391.808 1393.216 1394.624 1395.869 1396.672 1397.475 1398.278 1399.081 1399.433 1399.579 1399.724 1399.869 1400.0 1400.0 1400.0 1400.0 1400.0 1400.0 1400.0 1400.0 1400.0 1400.0 1399.829 1399.645 1399.462 1399.278 1399.159 1399.159 1399.159 1399.159 1399.159 1399.166 1399.175 1399.183 1399.192 1398.889 1397.186 1395.484 1393.781 1392.078 1389.403 1386.074 1382.746
1360.194 1361.406 1362.618 1363.83 1365.075 1366.463 1367.85 1369.238 1370.625 1371.962 1373.267 1374.571 1375.876 1377.178 1378.405 1379.632 1380.859 1382.085 1383.33 1384.598 1385.865 1387.133 1388.401 1389.825 1391.277 1392.728 1394.18 1395.475 1396.347 1397.22 1398.093 1398.965 1399.35 1399.512 1399.673 1399.835 1399.98 1399.985 1399.989 1399.994 1399.998 1400.0 1400.0 1400.0 1400.0 1400.0 1399.796 1399.578 1399.36 1399.142 1398.994 1398.978 1398.962 1398.946 1398.93 1398.913 1398.896 1398.879 1398.863 1398.489 1396.517 1394.545 1392.573 1390.601 1387.695 1384.164 1380.632
1359.51 1360.722 1361.934 1363.146 1364.396 1365.804 1367.213 1368.622 1370.031 1371.367 1372.655 1373.944 1375.232 1376.52 1377.8 1379.08 1380.36 1381.64 1382.927 1384.221 1385.515 1386.81 1388.104 1389.523 1390.964 1392.405 1393.846 1395.133 1396.006 1396.878 1397.751 1398.624 1399.048 1399.269 1399.489 1399.709 1399.909 1399.929 1399.949 1399.97 1399.99 1400.0 1400.0 1400.0 1400.0 1400.0 1399.796 1399.578 1399.36 1399.142 1398.974 1398.899 1398.824 1398.75 1398.675 1398.53 1398.364 1398.198 1398.032 1397.499 1395.319 1393.139 1390.959 1388.78 1385.702 1382.021 1378.34
1358.827 1360.038 1361.25 1362.463 1363.716 1365.146 1366.576 1368.006 1369.436 1370.771 1372.043 1373.316 1374.589 1375.862 1377.196 1378.529 1379.862 1381.195 1382.523 1383.844 1385.165 1386.486 1387.807 1389.221 1390.651 1392.082 1393.512 1394.791 1395.664 1396.536 1397.409 1398.282 1398.747 1399.026 1399.304 1399.583 1399.837 1399.873 1399.91 1399.946 1399.983 1400.0 1400.0 1400.0 1400.0 1400.0 1399.796 1399.578 1399.36 1399.142 1398.953 1398.82 1398.687 1398.553 1398.42 1398.147 1397.832 1397.517 1397.202 1396.509 1394.121 1391.734 1389.346 1386.958 1383.708 1379.878 1376.048
1358.143 1359.355 1360.567 1361.779 1363.036 1364.488 1365.939 1367.391 1368.842 1370.175 1371.432 1372.688 1373.945 1375.204 1376.591 1377.977 1379.364 1380.75 1382.12 1383.467 1384.815 1386.163 1387.51 1388.919 1390.339 1391.758 1393.178 1394.449 1395.322 1396.195 1397.067 1397.94 1398.445 1398.783 1399.12 1399.457 1399.766 1399.818 1399.87 1399.922 1399.975 1400.0 1400.0 1400.0 1400.0 1400.0 1399.796 1399.578 1399.36 1399.142 1398.933 1398.741 1398.549 1398.357 1398.165 1397.765 1397.3 1396.836 1396.372 1395.519 1392.923 1390.328 1387.733 1385.137 1381.714 1377.735 1373.756
1357.459 1358.671 1359.883 1361.095 1362.357 1363.829 1365.302 1366.775 1368.248 1369.58 1370.82 1372.061 1373.301 1374.546 1375.986 1377.426 1378.866 1380.305 1381.716 1383.091 1384.465 1385.839 1387.213 1388.617 1390.026 1391.435 1392.844 1394.108 1394.98 1395.853 1396.725 1397.598 1398.144 1398.54 1398.936 1399.331 1399.694 1399.762 1399.83 1399.899 1399.967 1400.0 1400.0 1400.0 1400.0 1400.0 1399.796 1399.578 1399.36 1399.142 1398.912 1398.662 1398.411 1398.161 1397.91 1397.382 1396.768 1396.155 1395.541 1394.528 1391.725 1388.922 1386.119 1383.316 1379.72 1375.592 1371.464
1356.876 1358.127 1359.377 1360.628 1361.921 1363.396 1364.871 1366.345 1367.82 1369.157 1370.405 1371.653 1372.901 1374.152 1375.56 1376.968 1378.376 1379.784 1381.171 1382.529 1383.887 1385.246 1386.604 1387.96 1389.316 1390.672 1392.027 1393.262 1394.169 1395.077 1395.984 1396.891 1397.509 1397.995 1398.48 1398.966 1399.413 1399.532 1399.651 1399.771 1399.89 1399.953 1399.964 1399.976 1399.988 1399.999 1399.796 1399.578 1399.36 1399.142 1398.873 1398.51 1398.147 1397.783 1397.42 1396.674 1395.811 1394.948 1394.085 1392.859 1390.002 1387.146 1384.29 1381.433 1377.835 1373.74 1369.644
1356.331 1357.635 1358.939 1360.243 1361.578 1363.048 1364.517 1365.987 1367.456 1368.801 1370.064 1371.328 1372.592 1373.857 1375.202 1376.546 1377.89 1379.234 1380.571 1381.897 1383.224 1384.55 1385.876 1387.169 1388.455 1389.742 1391.028 1392.225 1393.18 1394.136 1395.091 1396.046 1396.749 1397.335 1397.922 1398.508 1399.054 1399.237 1399.42 1399.603 1399.786 1399.888 1399.916 1399.943 1399.971 1399.998 1399.796 1399.578 1399.36 1399.142 1398.826 1398.33 1397.834 1397.337 1396.841 1395.843 1394.693 1393.542 1392.392 1390.931 1388.08 1385.229 1382.378 1379.527 1375.991 1371.997 1368.002
1355.787 1357.144 1358.501 1359.858 1361.236 1362.7 1364.164 1365.628 1367.092 1368.444 1369.724 1371.004 1372.283 1373.563 1374.843 1376.124 1377.404 1378.684 1379.971 1381.265 1382.56 1383.854 1385.149 1386.377 1387.594 1388.812 1390.029 1391.188 1392.191 1393.195 1394.198 1395.201 1395.988 1396.676 1397.364 1398.051 1398.694 1398.941 1399.188 1399.435 1399.682 1399.823 1399.866 1399.91 1399.954 1399.997 1399.796 1399.578 1399.36 1399.142 1398.779 1398.15 1397.521 1396.891 1396.262 1395.012 1393.574 1392.136 1390.698 1389.003 1386.157 1383.312 1380.466 1377.62 1374.147 1370.254 1366.361
1355.242 1356.652 1358.063 1359.473 1360.893 1362.351 1363.81 1365.269 1366.728 1368.088 1369.383 1370.679 1371.975 1373.269 1374.485 1375.701 1376.918 1378.134 1379.371 1380.633 1381.896 1383.158 1384.421 1385.585 1386.733 1387.881 1389.029 1390.151 1391.202 1392.254 1393.305 1394.356 1395.227 1396.016 1396.805 1397.594 1398.334 1398.645 1398.956 1399.267 1399.577 1399.758 1399.818 1399.877 1399.937 1399.996 1399.796 1399.578 1399.36 1399.142 1398.733 1397.97 1397.208 1396.445 1395.682 1394.182 1392.456 1390.73 1389.004 1387.075 1384.234 1381.394 1378.554 1375.714 1372.304 1368.511 1364.719
1354.715 1356.159 1357.602 1359.045 1360.489 1361.936 1363.383 1364.83 1366.277 1367.637 1368.942 1370.246 1371.55 1372.851 1374.019 1375.186 1376.353 1377.52 1378.719 1379.959 1381.199 1382.439 1383.679 1384.798 1385.898 1386.997 1388.096 1389.193 1390.283 1391.374 1392.465 1393.556 1394.503 1395.384 1396.265 1397.145 1397.974 1398.344 1398.714 1399.084 1399.454 1399.674 1399.754 1399.834 1399.915 1399.995 1399.801 1399.589 1399.376 1399.164 1398.723 1397.861 1396.999 1396.136 1395.274 1393.578 1391.629 1389.679 1387.729 1385.618 1382.783 1379.948 1377.113 1374.278 1370.931 1367.24 1363.549
1354.275 1355.655 1357.034 1358.413 1359.797 1361.202 1362.606 1364.01 1365.415 1366.742 1368.02 1369.297 1370.575 1371.851 1373.039 1374.228 1375.416 1376.605 1377.825 1379.087 1380.348 1381.609 1382.87 1384.034 1385.181 1386.328 1387.475 1388.607 1389.697 1390.788 1391.879 1392.97 1393.95 1394.878 1395.807 1396.736 1397.612 1398.019 1398.426 1398.834 1399.241 1399.501 1399.624 1399.746 1399.869 1399.992 1399.831 1399.651 1399.47 1399.289 1398.89 1398.087 1397.283 1396.479 1395.675 1394.054 1392.185 1390.315 1388.445 1386.401 1383.571 1380.741 1377.912 1375.082 1371.797 1368.208 1364.618
1353.835 1355.151 1356.466 1357.781 1359.106 1360.467 1361.829 1363.191 1364.552 1365.847 1367.098 1368.349 1369.6 1370.85 1372.06 1373.27 1374.48 1375.69 1376.931 1378.214 1379.496 1380.779 1382.061 1383.269 1384.464 1385.659 1386.854 1388.021 1389.111 1390.202 1391.293 1392.384 1393.396 1394.373 1395.35 1396.327 1397.249 1397.694 1398.139 1398.583 1399.028 1399.328 1399.493 1399.658 1399.824 1399.989 1399.861 1399.712 1399.564 1399.415 1399.057 1398.312 1397.567 1396.822 1396.077 1394.531 1392.741 1390.951 1389.161 1387.183 1384.359 1381.534 1378.71 1375.885 1372.664 1369.175 1365.687
1353.395 1354.646 1355.898 1357.15 1358.414 1359.733 1361.052 1362.371 1363.69 1364.952 1366.176 1367.401 1368.625 1369.849 1371.081 1372.312 1373.543 1374.774 1376.037 1377.341 1378.645 1379.948 1381.252 1382.504 1383.747 1384.99 1386.233 1387.435 1388.525 1389.616 1390.707 1391.798 1392.843 1393.868 1394.893 1395.917 1396.887 1397.369 1397.851 1398.333 1398.814 1399.154 1399.362 1399.57 1399.778 1399.986 1399.891 1399.774 1399.658 1399.541 1399.224 1398.538 1397.851 1397.165 1396.478 1395.007 1393.297 1391.587 1389.878 1387.965 1385.146 1382.327 1379.508 1376.689 1373.53 1370.143 1366.755
1352.955 1354.142 1355.33 1356.518 1357.722 1358.999 1360.275 1361.552 1362.828 1364.057 1365.255 1366.452 1367.65 1368.849 1370.101 1371.354 1372.606 1373.859 1375.143 1376.468 1377.793 1379.118 1380.443 1381.739 1383.03 1384.321 1385.612 1386.849 1387.939 1389.03 1390.121 1391.212 1392.29 1393.363 1394.436 1395.508 1396.524 1397.044 1397.563 1398.082 1398.601 1398.981 1399.232 1399.482 1399.733 1399.984 1399.921 1399.836 1399.751 1399.667 1399.391 1398.763 1398.135 1397.507 1396.879 1395.483 1393.853 1392.224 1390.594 1388.748 1385.934 1383.12 1380.306 1377.493 1374.396 1371.11 1367.824
1352.458 1353.529 1354.6 1355.67 1356.779 1358.049 1359.319 1360.59 1361.86 1363.125 1364.385 1365.646 1366.907 1368.169 1369.492 1370.816 1372.14 1373.463 1374.81 1376.186 1377.562 1378.939 1380.315 1381.634 1382.943 1384.251 1385.56 1386.807 1387.884 1388.962 1390.039 1391.117 1392.172 1393.216 1394.26 1395.304 1396.297 1396.837 1397.377 1397.917 1398.457 1398.85 1399.107 1399.363 1399.62 1399.877 1399.857 1399.817 1399.778 1399.738 1399.525 1398.988 1398.452 1397.916 1397.379 1396.153 1394.715 1393.278 1391.841 1390.18 1387.514 1384.849 1382.183 1379.517 1376.559 1373.404 1370.248
1351.928 1352.849 1353.771 1354.692 1355.683 1356.969 1358.256 1359.542 1360.828 1362.17 1363.548 1364.926 1366.304 1367.683 1369.108 1370.532 1371.957 1373.382 1374.816 1376.261 1377.707 1379.152 1380.598 1381.927 1383.236 1384.545 1385.853 1387.094 1388.15 1389.207 1390.263 1391.319 1392.316 1393.286 1394.255 1395.225 1396.152 1396.702 1397.253 1397.803 1398.354 1398.744 1398.985 1399.225 1399.466 1399.707 1399.735 1399.749 1399.763 1399.777 1399.637 1399.213 1398.788 1398.364 1397.939 1396.939 1395.762 1394.586 1393.41 1392.005 1389.573 1387.142 1384.711 1382.28 1379.505 1376.499 1373.493
1351.398 1352.17 1352.942 1353.714 1354.587 1355.89 1357.192 1358.494 1359.797 1361.216 1362.711 1364.206 1365.701 1367.197 1368.723 1370.249 1371.775 1373.301 1374.822 1376.336 1377.851 1379.366 1380.881 1382.22 1383.529 1384.838 1386.146 1387.381 1388.416 1389.451 1390.486 1391.521 1392.46 1393.355 1394.25 1395.145 1396.006 1396.568 1397.129 1397.69 1398.251 1398.638 1398.863 1399.087 1399.312 1399.537 1399.614 1399.681 1399.748 1399.815 1399.749 1399.437 1399.124 1398.812 1398.499 1397.725 1396.809 1395.894 1394.979 1393.83 1391.633 1389.436 1387.239 1385.042 1382.45 1379.594 1376.737
1350.867 1351.49 1352.113 1352.737 1353.492 1354.81 1356.128 1357.447 1358.765 1360.261 1361.874 1363.486 1365.098 1366.711 1368.338 1369.965 1371.592 1373.219 1374.828 1376.412 1377.996 1379.58 1381.164 1382.513 1383.822 1385.13 1386.439 1387.668 1388.682 1389.696 1390.709 1391.723 1392.604 1393.425 1394.245 1395.066 1395.861 1396.433 1397.005 1397.577 1398.148 1398.532 1398.741 1398.95 1399.158 1399.367 1399.493 1399.613 1399.734 1399.854 1399.862 1399.661 1399.46 1399.26 1399.059 1398.511 1397.856 1397.202 1396.548 1395.655 1393.693 1391.73 1389.767 1387.805 1385.396 1382.689 1379.981
1350.37 1350.848 1351.327 1351.805 1352.445 1353.777 1355.108 1356.44 1357.771 1359.343 1361.072 1362.8 1364.528 1366.256 1367.988 1369.72 1371.452 1373.184 1374.881 1376.535 1378.188 1379.841 1381.494 1382.853 1384.162 1385.471 1386.78 1388.003 1388.992 1389.982 1390.972 1391.961 1392.781 1393.523 1394.264 1395.006 1395.731 1396.309 1396.888 1397.466 1398.044 1398.424 1398.619 1398.815 1399.01 1399.206 1399.378 1399.548 1399.719 1399.889 1399.967 1399.871 1399.776 1399.68 1399.585 1399.252 1398.846 1398.441 1398.035 1397.39 1395.669 1393.948 1392.227 1390.506 1388.293 1385.751 1383.209
1350.3 1350.688 1351.075 1351.463 1352.026 1353.336 1354.646 1355.957 1357.267 1358.892 1360.721 1362.551 1364.38 1366.211 1368.092 1369.973 1371.854 1373.735 1375.547 1377.269 1378.991 1380.714 1382.436 1383.806 1385.115 1386.423 1387.732 1388.939 1389.87 1390.801 1391.732 1392.663 1393.373 1393.982 1394.59 1395.199 1395.799 1396.33 1396.86 1397.39 1397.921 1398.288 1398.505 1398.722 1398.939 1399.156 1399.339 1399.52 1399.701 1399.882 1399.974 1399.9 1399.826 1399.752 1399.678 1399.419 1399.104 1398.789 1398.474 1397.964 1396.578 1395.193 1393.808 1392.422 1390.568 1388.398 1386.229
1350.23 1350.527 1350.824 1351.121 1351.607 1352.896 1354.185 1355.474 1356.763 1358.44 1360.371 1362.302 1364.232 1366.165 1368.195 1370.226 1372.256 1374.286 1376.212 1378.003 1379.795 1381.587 1383.379 1384.758 1386.067 1387.376 1388.685 1389.876 1390.748 1391.62 1392.493 1393.365 1393.965 1394.441 1394.916 1395.392 1395.868 1396.35 1396.833 1397.315 1397.797 1398.153 1398.391 1398.629 1398.867 1399.105 1399.3 1399.492 1399.684 1399.875 1399.981 1399.929 1399.876 1399.823 1399.77 1399.586 1399.362 1399.137 1398.913 1398.538 1397.488 1396.438 1395.388 1394.339 1392.842 1391.045 1389.249
1350.16 1350.366 1350.573 1350.78 1351.188 1352.455 1353.723 1354.991 1356.258 1357.989 1360.021 1362.053 1364.085 1366.12 1368.299 1370.478 1372.658 1374.837 1376.877 1378.738 1380.599 1382.46 1384.321 1385.71 1387.019 1388.328 1389.637 1390.812 1391.626 1392.44 1393.254 1394.067 1394.558 1394.9 1395.242 1395.584 1395.936 1396.371 1396.805 1397.24 1397.674 1398.018 1398.277 1398.536 1398.796 1399.055 1399.261 1399.464 1399.666 1399.869 1399.989 1399.958 1399.926 1399.895 1399.863 1399.753 1399.619 1399.485 1399.351 1399.112 1398.397 1397.683 1396.969 1396.255 1395.116 1393.692 1392.268
1350.09 1350.206 1350.322 1350.438 1350.768 1352.015 1353.261 1354.508 1355.754 1357.537 1359.671 1361.804 1363.937 1366.074 1368.403 1370.731 1373.059 1375.388 1377.542 1379.472 1381.402 1383.333 1385.263 1386.662 1387.971 1389.28 1390.589 1391.748 1392.504 1393.259 1394.014 1394.769 1395.15 1395.359 1395.568 1395.777 1396.005 1396.391 1396.777 1397.164 1397.551 1397.882 1398.163 1398.443 1398.724 1399.005 1399.222 1399.435 1399.649 1399.862 1399.996 1399.986 1399.976 1399.966 1399.956 1399.92 1399.877 1399.833 1399.79 1399.686 1399.307 1398.928 1398.55 1398.171 1397.39 1396.339 1395.288
1350.061 1350.139 1350.217 1350.295 1350.604 1351.892 1353.182 1354.47 1355.759 1357.614 1359.838 1362.061 1364.284 1366.51 1368.88 1371.249 1373.618 1375.987 1378.174 1380.126 1382.078 1384.03 1385.983 1387.421 1388.771 1390.122 1391.473 1392.65 1393.361 1394.071 1394.782 1395.493 1395.804 1395.933 1396.061 1396.19 1396.338 1396.648 1396.959 1397.27 1397.581 1397.874 1398.151 1398.428 1398.705 1398.982 1399.18 1399.374 1399.567 1399.76 1399.894 1399.919 1399.944 1399.969 1399.994 1400.0 1400.0 1400.0 1400.0 1399.965 1399.772 1399.578 1399.385 1399.192 1398.649 1397.871 1397.093
1350.069 1350.158 1350.247 1350.336 1350.672 1352.062 1353.452 1354.842 1356.232 1358.176 1360.479 1362.782 1365.085 1367.388 1369.699 1372.009 1374.32 1376.63 1378.775 1380.706 1382.637 1384.568 1386.498 1388.002 1389.432 1390.863 1392.293 1393.521 1394.199 1394.878 1395.557 1396.235 1396.514 1396.611 1396.708 1396.805 1396.913 1397.123 1397.332 1397.542 1397.751 1397.982 1398.233 1398.483 1398.733 1398.984 1399.136 1399.281 1399.426 1399.571 1399.691 1399.764 1399.837 1399.91 1399.983 1400.0 1400.0 1400.0 1400.0 1399.974 1399.828 1399.683 1399.538 1399.393 1398.977 1398.38 1397.783
1350.077 1350.177 1350.276 1350.376 1350.74 1352.231 1353.722 1355.214 1356.705 1358.737 1361.12 1363.503 1365.885 1368.266 1370.518 1372.77 1375.022 1377.274 1379.376 1381.286 1383.195 1385.105 1387.014 1388.583 1390.093 1391.604 1393.114 1394.391 1395.038 1395.684 1396.331 1396.978 1397.225 1397.29 1397.355 1397.42 1397.489 1397.597 1397.706 1397.814 1397.922 1398.09 1398.314 1398.538 1398.762 1398.985 1399.091 1399.188 1399.285 1399.383 1399.488 1399.609 1399.73 1399.851 1399.972 1400.0 1400.0 1400.0 1400.0 1399.982 1399.885 1399.788 1399.69 1399.593 1399.305 1398.889 1398.473
1350.085 1350.196 1350.306 1350.416 1350.808 1352.4 1353.993 1355.585 1357.178 1359.298 1361.761 1364.224 1366.686 1369.143 1371.337 1373.53 1375.724 1377.917 1379.977 1381.865 1383.754 1385.642 1387.53 1389.164 1390.754 1392.344 1393.935 1395.261 1395.876 1396.491 1397.105 1397.72 1397.936 1397.969 1398.001 1398.034 1398.064 1398.072 1398.079 1398.086 1398.093 1398.199 1398.396 1398.593 1398.79 1398.987 1399.046 1399.095 1399.145 1399.194 1399.285 1399.454 1399.623 1399.792 1399.961 1400.0 1400.0 1400.0 1400.0 1399.991 1399.942 1399.892 1399.843 1399.794 1399.633 1399.399 1399.164
