data/zism_data/00476_04_D.txt
ncols         224
nrows         224
[rows 28 to 55 of 224, columns 126 to 188 of 224]
1437.524 1448.437 1459.349 1470.261 1481.135 1490.73 1500.326 1509.922 1519.518 1528.897 1538.042 1547.186 1556.33 1565.474 1572.009 1578.34 1584.671 1591.001 1595.365 1596.476 1597.586 1598.696 1599.807 1593.162 1584.885 1576.608 1568.33 1557.681 1540.787 1523.894 1507.001 1490.107 1474.776 1460.038 1445.3 1430.561 1417.21 1410.448 1403.685 1396.922 1390.159 1381.081 1370.602 1360.123 1349.644 1339.517 1333.887 1328.257 1322.626 1316.996 1314.573 1315.089 1315.606 1316.122 1316.639 1317.576 1318.526 1319.476 1320.427 1324.365 1332.427 1340.489 1348.551
1436.382 1447.267 1458.153 1469.038 1479.886 1489.481 1499.077 1508.673 1518.268 1527.785 1537.214 1546.644 1556.073 1565.503 1572.093 1578.461 1584.83 1591.198 1595.567 1596.629 1597.691 1598.753 1599.815 1593.162 1584.885 1576.608 1568.33 1557.669 1540.732 1523.796 1506.86 1489.923 1474.576 1459.832 1445.089 1430.345 1417.089 1410.897 1404.705 1398.513 1392.32 1383.111 1372.078 1361.045 1350.012 1339.243 1331.852 1324.462 1317.072 1309.681 1306.197 1306.294 1306.391 1306.487 1306.584 1307.943 1309.34 1310.737 1312.133 1316.564 1325.181 1333.797 1342.413
1437.587 1448.257 1458.927 1469.597 1480.228 1489.56 1498.892 1508.223 1517.555 1527.032 1536.667 1546.302 1555.938 1565.573 1572.199 1578.591 1584.983 1591.374 1595.742 1596.762 1597.782 1598.802 1599.823 1593.185 1584.936 1576.687 1568.437 1557.837 1541.049 1524.262 1507.475 1490.688 1475.648 1461.272 1446.896 1432.519 1419.629 1413.796 1407.964 1402.131 1396.299 1386.791 1375.062 1363.333 1351.603 1340.067 1331.011 1321.955 1312.899 1303.842 1299.361 1299.072 1298.783 1298.494 1298.206 1299.923 1301.7 1303.478 1305.255 1310.076 1319.095 1328.115 1337.134
1445.97 1455.849 1465.728 1475.607 1485.439 1493.699 1501.96 1510.221 1518.481 1527.381 1536.979 1546.577 1556.174 1565.772 1572.375 1578.746 1585.115 1591.486 1595.832 1596.83 1597.829 1598.828 1599.826 1593.279 1585.142 1577.006 1568.87 1558.554 1542.504 1526.455 1510.405 1494.355 1480.61 1467.741 1454.872 1442.003 1430.308 1424.19 1418.072 1411.954 1405.836 1395.517 1382.657 1369.798 1356.938 1344.254 1333.82 1323.386 1312.952 1302.517 1297.23 1296.662 1296.093 1295.525 1294.956 1296.838 1298.793 1300.748 1302.702 1307.601 1316.562 1325.522 1334.482
1454.354 1463.442 1472.529 1481.617 1490.65 1497.839 1505.029 1512.218 1519.408 1527.731 1537.291 1546.851 1556.41 1565.97 1572.551 1578.9 1585.248 1591.597 1595.922 1596.899 1597.876 1598.853 1599.83 1593.372 1585.349 1577.325 1569.302 1559.272 1543.959 1528.647 1513.335 1498.022 1485.572 1474.21 1462.848 1451.486 1440.987 1434.583 1428.18 1421.777 1415.374 1404.243 1390.253 1376.263 1362.273 1348.441 1336.629 1324.817 1313.005 1301.192 1295.1 1294.252 1293.403 1292.555 1291.707 1293.753 1295.885 1298.017 1300.15 1305.127 1314.028 1322.929 1331.83
1462.738 1471.035 1479.331 1487.627 1495.86 1501.979 1508.097 1514.215 1520.334 1528.08 1537.603 1547.125 1556.647 1566.169 1572.727 1579.054 1585.381 1591.708 1596.011 1596.967 1597.923 1598.878 1599.834 1593.465 1585.555 1577.645 1569.734 1559.989 1545.414 1530.839 1516.264 1501.689 1490.534 1480.679 1470.825 1460.97 1451.666 1444.977 1438.289 1431.6 1424.912 1412.969 1397.848 1382.728 1367.608 1352.628 1339.437 1326.247 1313.058 1299.867 1292.97 1291.842 1290.714 1289.585 1288.457 1290.667 1292.977 1295.287 1297.598 1302.653 1311.495 1320.337 1329.178
1471.122 1478.627 1486.132 1493.637 1501.071 1506.118 1511.166 1516.213 1521.26 1528.43 1537.914 1547.399 1556.883 1566.368 1572.903 1579.209 1585.514 1591.82 1596.101 1597.035 1597.969 1598.903 1599.838 1593.559 1585.761 1577.964 1570.167 1560.707 1546.869 1533.031 1519.194 1505.356 1495.496 1487.149 1478.801 1470.453 1462.344 1455.37 1448.397 1441.423 1434.45 1421.695 1405.444 1389.194 1372.943 1356.814 1342.246 1327.678 1313.111 1298.542 1290.84 1289.432 1288.024 1286.615 1285.207 1287.582 1290.07 1292.557 1295.045 1300.179 1308.961 1317.744 1326.527
1474.226 1481.946 1489.665 1497.384 1505.023 1509.982 1514.94 1519.899 1524.857 1531.858 1541.087 1550.316 1559.545 1568.774 1574.902 1580.789 1586.675 1592.562 1596.542 1597.371 1598.199 1599.027 1599.856 1594.192 1587.161 1580.131 1573.1 1564.513 1551.829 1539.146 1526.463 1513.779 1504.695 1496.979 1489.263 1481.547 1473.785 1465.803 1457.822 1449.841 1441.859 1428.058 1410.738 1393.419 1376.099 1358.925 1343.617 1328.31 1313.003 1297.695 1289.407 1287.555 1285.702 1283.85 1281.997 1284.413 1286.956 1289.499 1292.042 1297.182 1305.906 1314.629 1323.353
1475.176 1483.52 1491.863 1500.207 1508.461 1513.732 1519.003 1524.273 1529.544 1536.543 1545.428 1554.312 1563.196 1572.081 1577.645 1582.951 1588.256 1593.561 1597.126 1597.815 1598.503 1599.192 1599.88 1595.046 1589.049 1583.052 1577.054 1569.581 1558.221 1546.861 1535.502 1524.142 1515.622 1508.18 1500.739 1493.297 1485.536 1476.251 1466.968 1457.684 1448.4 1433.458 1415.093 1396.73 1378.365 1360.189 1344.402 1328.615 1312.829 1297.042 1288.259 1285.895 1283.531 1281.167 1278.803 1281.209 1283.758 1286.306 1288.855 1293.973 1302.638 1311.302 1319.966
1476.126 1485.094 1494.062 1503.03 1511.9 1517.482 1523.065 1528.648 1534.231 1541.228 1549.768 1558.308 1566.848 1575.388 1580.388 1585.112 1589.836 1594.56 1597.71 1598.259 1598.807 1599.356 1599.905 1595.9 1590.936 1585.972 1581.009 1574.648 1564.613 1554.577 1544.542 1534.506 1526.549 1519.382 1512.215 1505.048 1497.287 1486.7 1476.114 1465.527 1454.94 1438.857 1419.448 1400.041 1380.632 1361.452 1345.186 1328.921 1312.655 1296.389 1287.11 1284.235 1281.36 1278.484 1275.609 1278.006 1280.56 1283.113 1285.667 1290.764 1299.369 1307.974 1316.579
1477.076 1486.668 1496.26 1505.852 1515.338 1521.233 1527.128 1533.023 1538.918 1545.913 1554.109 1562.304 1570.5 1578.695 1583.131 1587.274 1591.416 1595.559 1598.294 1598.703 1599.112 1599.52 1599.929 1596.753 1592.823 1588.893 1584.963 1579.716 1571.004 1562.293 1553.582 1544.87 1537.477 1530.584 1523.692 1516.799 1509.038 1497.148 1485.26 1473.371 1461.481 1444.256 1423.803 1403.351 1382.899 1362.716 1345.971 1329.226 1312.482 1295.737 1285.962 1282.575 1279.188 1275.802 1272.415 1274.802 1277.361 1279.921 1282.48 1287.555 1296.101 1304.647 1313.193
1475.692 1485.976 1496.26 1506.544 1516.718 1523.202 1529.687 1536.171 1542.655 1549.836 1557.776 1565.716 1573.655 1581.596 1585.535 1589.162 1592.788 1596.415 1598.785 1599.076 1599.367 1599.658 1599.949 1597.55 1594.584 1591.618 1588.652 1584.451 1577.001 1569.551 1562.101 1554.65 1547.693 1540.924 1534.154 1527.385 1519.514 1506.412 1493.31 1480.208 1467.106 1448.877 1427.547 1406.218 1384.887 1363.859 1346.676 1329.493 1312.311 1295.128 1284.858 1280.925 1276.991 1273.058 1269.125 1271.363 1273.785 1276.207 1278.63 1283.601 1292.089 1300.576 1309.064
1463.223 1474.519 1485.815 1497.111 1508.323 1516.712 1525.102 1533.492 1541.882 1550.136 1558.243 1566.35 1574.456 1582.563 1586.325 1589.747 1593.169 1596.592 1598.83 1599.11 1599.391 1599.671 1599.951 1598.074 1595.744 1593.413 1591.082 1587.607 1581.12 1574.633 1568.147 1561.66 1554.535 1547.168 1539.801 1532.434 1523.933 1510.045 1496.158 1482.27 1468.382 1449.803 1428.387 1406.972 1385.555 1364.429 1347.004 1329.579 1312.155 1294.73 1283.97 1279.321 1274.672 1270.022 1265.373 1266.801 1268.411 1270.02 1271.63 1276.108 1284.542 1292.975 1301.409
1450.754 1463.062 1475.37 1487.678 1499.927 1510.222 1520.518 1530.813 1541.108 1550.436 1558.71 1566.984 1575.257 1583.531 1587.115 1590.333 1593.55 1596.768 1598.875 1599.144 1599.414 1599.683 1599.953 1598.599 1596.903 1595.208 1593.512 1590.762 1585.239 1579.716 1574.193 1568.669 1561.377 1553.412 1545.448 1537.483 1528.352 1513.678 1499.005 1484.332 1469.658 1450.729 1429.227 1407.725 1386.223 1364.999 1347.332 1329.665 1311.998 1294.331 1283.083 1277.717 1272.352 1266.987 1261.622 1262.24 1263.037 1263.834 1264.63 1268.614 1276.994 1285.374 1293.754
1438.286 1451.605 1464.925 1478.245 1491.532 1503.732 1515.933 1528.134 1540.334 1550.736 1559.177 1567.617 1576.058 1584.499 1587.905 1590.918 1593.931 1596.944 1598.92 1599.178 1599.437 1599.696 1599.955 1599.124 1598.063 1597.003 1595.942 1593.918 1589.358 1584.798 1580.239 1575.679 1568.219 1559.657 1551.095 1542.533 1532.771 1517.312 1501.853 1486.394 1470.934 1451.656 1430.067 1408.479 1386.891 1365.569 1347.66 1329.751 1311.842 1293.933 1282.195 1276.114 1270.032 1263.951 1257.87 1257.679 1257.663 1257.647 1257.631 1261.121 1269.447 1277.773 1286.099
1425.817 1440.149 1454.48 1468.811 1483.137 1497.242 1511.349 1525.454 1539.561 1551.037 1559.644 1568.251 1576.859 1585.466 1588.695 1591.504 1594.312 1597.121 1598.965 1599.213 1599.461 1599.709 1599.957 1599.649 1599.223 1598.798 1598.372 1597.074 1593.477 1589.881 1586.285 1582.688 1575.061 1565.901 1556.742 1547.582 1537.191 1520.945 1504.7 1488.455 1472.21 1452.582 1430.907 1409.233 1387.558 1366.14 1347.988 1329.837 1311.686 1293.534 1281.307 1274.51 1267.713 1260.916 1254.119 1253.117 1252.289 1251.46 1250.631 1253.628 1261.9 1270.172 1278.444
1415.936 1430.84 1445.744 1460.648 1475.579 1491.405 1507.232 1523.057 1538.884 1551.357 1560.172 1568.987 1577.803 1586.618 1589.647 1592.224 1594.8 1597.377 1599.067 1599.29 1599.514 1599.738 1599.961 1599.861 1599.693 1599.526 1599.358 1598.349 1595.125 1591.902 1588.679 1585.456 1577.699 1568.22 1558.742 1549.263 1538.561 1522.052 1505.542 1489.033 1472.524 1453.029 1431.728 1410.428 1389.127 1368.058 1349.938 1331.819 1313.701 1295.581 1282.966 1275.394 1267.823 1260.252 1252.681 1250.528 1248.536 1246.545 1244.553 1246.626 1254.306 1261.985 1269.665
1407.526 1422.753 1437.98 1453.207 1468.498 1485.939 1503.38 1520.821 1538.262 1551.688 1560.735 1569.781 1578.828 1587.875 1590.691 1593.02 1595.349 1597.678 1599.202 1599.393 1599.584 1599.776 1599.967 1599.897 1599.772 1599.647 1599.522 1598.555 1595.369 1592.184 1588.998 1585.813 1577.95 1568.309 1558.669 1549.029 1538.199 1521.722 1505.245 1488.769 1472.291 1453.204 1432.539 1411.874 1391.208 1370.741 1352.81 1334.88 1316.949 1299.018 1286.072 1277.693 1269.315 1260.936 1252.557 1249.058 1245.705 1242.352 1238.999 1239.905 1246.685 1253.466 1260.247
1399.115 1414.666 1430.215 1445.765 1461.417 1480.472 1499.528 1518.584 1537.64 1552.019 1561.297 1570.575 1579.854 1589.132 1591.735 1593.817 1595.898 1597.979 1599.336 1599.495 1599.654 1599.813 1599.972 1599.932 1599.851 1599.769 1599.687 1598.761 1595.613 1592.465 1589.318 1586.17 1578.2 1568.398 1558.597 1548.795 1537.838 1521.393 1504.948 1488.504 1472.058 1453.38 1433.349 1413.319 1393.289 1373.424 1355.682 1337.94 1320.198 1302.456 1289.178 1279.991 1270.806 1261.62 1252.434 1247.589 1242.874 1238.159 1233.444 1233.183 1239.065 1244.946 1250.828
1390.705 1406.578 1422.451 1438.324 1454.336 1475.006 1495.677 1516.347 1537.018 1552.35 1561.86 1571.37 1580.879 1590.389 1592.779 1594.613 1596.447 1598.281 1599.471 1599.598 1599.725 1599.851 1599.978 1599.968 1599.929 1599.891 1599.852 1598.968 1595.857 1592.747 1589.637 1586.527 1578.451 1568.487 1558.524 1548.561 1537.476 1521.063 1504.651 1488.239 1471.826 1453.555 1434.16 1414.765 1395.369 1376.108 1358.554 1341.0 1323.447 1305.893 1292.284 1282.29 1272.297 1262.303 1252.31 1246.12 1240.043 1233.967 1227.89 1226.461 1231.444 1236.427 1241.41
1383.515 1399.699 1415.882 1432.065 1448.417 1470.415 1492.414 1514.412 1536.411 1552.528 1562.23 1571.932 1581.634 1591.336 1593.567 1595.214 1596.862 1598.509 1599.574 1599.676 1599.778 1599.88 1599.982 1600.0 1600.0 1600.0 1600.0 1599.142 1596.026 1592.911 1589.795 1586.679 1578.436 1568.244 1558.052 1547.86 1536.606 1520.303 1504.002 1487.7 1471.397 1453.56 1434.795 1416.03 1397.264 1378.599 1361.213 1343.827 1326.442 1309.056 1295.125 1284.361 1273.597 1262.833 1252.069 1244.634 1237.299 1229.964 1222.628 1220.104 1224.217 1228.33 1232.443
1387.133 1403.516 1419.898 1436.281 1452.791 1473.578 1494.366 1515.153 1535.941 1551.351 1560.897 1570.443 1579.988 1589.534 1592.084 1594.086 1596.089 1598.092 1599.394 1599.539 1599.685 1599.83 1599.975 1600.0 1600.0 1600.0 1600.0 1599.035 1595.532 1592.029 1588.526 1585.023 1576.076 1565.06 1554.045 1543.029 1531.234 1515.734 1500.234 1484.734 1469.234 1452.061 1433.877 1415.693 1397.508 1379.382 1361.985 1344.589 1327.193 1309.796 1295.627 1284.416 1273.205 1261.994 1250.783 1243.001 1235.322 1227.642 1219.962 1216.981 1220.48 1223.979 1227.479
1390.752 1407.333 1423.915 1440.496 1457.165 1476.741 1496.318 1515.894 1535.47 1550.174 1559.564 1568.954 1578.343 1587.733 1590.601 1592.958 1595.316 1597.674 1599.215 1599.403 1599.591 1599.779 1599.967 1600.0 1600.0 1600.0 1600.0 1598.929 1595.038 1591.147 1587.257 1583.366 1573.716 1561.876 1550.038 1538.198 1525.862 1511.164 1496.466 1481.768 1467.07 1450.562 1432.959 1415.356 1397.753 1380.165 1362.757 1345.35 1327.943 1310.536 1296.129 1284.471 1272.813 1261.156 1249.498 1241.368 1233.344 1225.32 1217.296 1213.857 1216.743 1219.629 1222.514
1394.37 1411.151 1427.931 1444.712 1461.539 1479.904 1498.269 1516.634 1535.0 1548.998 1558.231 1567.465 1576.698 1585.932 1589.118 1591.831 1594.544 1597.257 1599.035 1599.266 1599.497 1599.729 1599.96 1600.0 1600.0 1600.0 1600.0 1598.822 1594.544 1590.266 1585.987 1581.709 1571.355 1558.693 1546.03 1533.368 1520.491 1506.594 1492.698 1478.803 1464.906 1449.063 1432.041 1415.02 1397.998 1380.948 1363.529 1346.112 1328.694 1311.276 1296.63 1284.526 1272.422 1260.317 1248.213 1239.736 1231.367 1222.999 1214.63 1210.734 1213.006 1215.278 1217.55
1397.988 1414.968 1431.948 1448.927 1465.913 1483.067 1500.221 1517.375 1534.529 1547.821 1556.898 1565.976 1575.053 1584.131 1587.634 1590.703 1593.771 1596.84 1598.855 1599.13 1599.404 1599.678 1599.952 1600.0 1600.0 1600.0 1600.0 1598.715 1594.049 1589.384 1584.718 1580.052 1568.995 1555.509 1542.023 1528.537 1515.119 1502.025 1488.931 1475.837 1462.743 1447.563 1431.123 1414.683 1398.242 1381.731 1364.302 1346.873 1329.445 1312.016 1297.132 1284.581 1272.03 1259.479 1246.928 1238.103 1229.39 1220.677 1211.964 1207.61 1209.268 1210.927 1212.585
1401.411 1418.803 1436.195 1453.587 1470.935 1486.817 1502.7 1518.582 1534.465 1546.814 1555.309 1563.805 1572.3 1580.796 1584.37 1587.559 1590.748 1593.938 1595.967 1596.078 1596.188 1596.298 1596.409 1596.742 1597.123 1597.503 1597.883 1596.837 1592.036 1587.235 1582.435 1577.634 1566.331 1552.556 1538.782 1525.008 1511.423 1498.735 1486.048 1473.36 1460.672 1445.895 1429.853 1413.812 1397.77 1381.628 1364.191 1346.755 1329.319 1311.882 1296.676 1283.514 1270.352 1257.189 1244.027 1235.382 1226.872 1218.363 1209.853 1205.573 1207.129 1208.685 1210.241
1404.684 1422.652 1440.62 1458.588 1476.457 1491.021 1505.585 1520.148 1534.712 1545.938 1553.524 1561.11 1568.695 1576.281 1579.734 1582.865 1585.995 1589.125 1590.996 1590.783 1590.571 1590.358 1590.146 1590.979 1592.032 1593.085 1594.138 1593.595 1588.854 1584.112 1579.371 1574.629 1563.432 1549.781 1536.131 1522.481 1509.016 1496.43 1483.845 1471.26 1458.674 1444.097 1428.313 1412.53 1396.747 1380.844 1363.402 1345.96 1328.519 1311.077 1295.483 1281.583 1267.684 1253.784 1239.885 1231.825 1223.939 1216.054 1208.168 1204.373 1206.219 1208.066 1209.912
1407.957 1426.502 1445.045 1463.589 1481.979 1495.224 1508.469 1521.714 1534.959 1545.062 1551.738 1558.414 1565.091 1571.767 1575.099 1578.17 1581.241 1584.312 1586.024 1585.489 1584.953 1584.418 1583.882 1585.215 1586.941 1588.667 1590.393 1590.354 1585.672 1580.989 1576.307 1571.625 1560.533 1547.007 1533.48 1519.953 1506.609 1494.125 1481.643 1469.16 1456.676 1442.298 1426.773 1411.248 1395.723 1380.059 1362.612 1345.165 1327.718 1310.271 1294.29 1279.653 1265.016 1250.379 1235.742 1228.267 1221.006 1213.745 1206.483 1203.172 1205.309 1207.447 1209.584
