data/zism_data/00477_01_D.txt
ncols         224
nrows         224
[rows 196 to 223 of 224, columns 128 to 191 of 224]
1357.108 1357.835 1358.563 1359.29 1360.017 1361.097 1362.188 1363.279 1364.369 1365.471 1366.591 1367.71 1368.83 1369.949 1371.316 1372.743 1374.171 1375.599 1377.045 1378.556 1380.068 1381.58 1383.092 1384.585 1386.068 1387.551 1389.034 1390.51 1391.859 1393.207 1394.555 1395.904 1396.886 1397.45 1398.015 1398.58 1399.144 1399.337 1399.481 1399.624 1399.768 1399.877 1399.906 1399.934 1399.963 1399.992 1400.0 1400.0 1400.0 1400.0 1400.0 1400.0 1400.0 1400.0 1400.0 1399.984 1399.956 1399.927 1399.898 1399.869 1399.603 1399.327 1399.052 1398.776
1358.207 1358.934 1359.661 1360.389 1361.116 1362.196 1363.287 1364.377 1365.468 1366.566 1367.675 1368.783 1369.892 1371.001 1372.417 1373.909 1375.4 1376.891 1378.383 1379.873 1381.364 1382.854 1384.345 1385.823 1387.296 1388.768 1390.241 1391.7 1392.926 1394.152 1395.378 1396.604 1397.486 1397.976 1398.466 1398.956 1399.446 1399.583 1399.673 1399.764 1399.854 1399.923 1399.941 1399.959 1399.977 1399.995 1400.0 1400.0 1400.0 1400.0 1400.0 1400.0 1400.0 1400.0 1400.0 1399.99 1399.972 1399.954 1399.936 1399.918 1399.672 1399.418 1399.164 1398.909
1359.306 1360.033 1360.76 1361.487 1362.215 1363.295 1364.385 1365.476 1366.567 1367.661 1368.759 1369.857 1370.955 1372.053 1373.518 1375.074 1376.629 1378.185 1379.721 1381.19 1382.659 1384.128 1385.598 1387.062 1388.524 1389.985 1391.447 1392.891 1393.994 1395.097 1396.201 1397.304 1398.086 1398.501 1398.917 1399.332 1399.748 1399.829 1399.866 1399.903 1399.94 1399.968 1399.976 1399.983 1399.99 1399.998 1400.0 1400.0 1400.0 1400.0 1400.0 1400.0 1400.0 1400.0 1400.0 1399.996 1399.989 1399.981 1399.974 1399.966 1399.742 1399.509 1399.276 1399.043
1360.324 1361.055 1361.785 1362.516 1363.246 1364.303 1365.369 1366.436 1367.502 1368.579 1369.673 1370.767 1371.861 1372.955 1374.442 1376.026 1377.61 1379.193 1380.744 1382.177 1383.61 1385.044 1386.477 1387.905 1389.33 1390.755 1392.18 1393.584 1394.588 1395.591 1396.594 1397.598 1398.312 1398.695 1399.078 1399.461 1399.844 1399.907 1399.928 1399.949 1399.97 1399.986 1399.989 1399.993 1399.996 1399.999 1400.0 1400.0 1400.0 1400.0 1400.0 1400.0 1400.0 1400.0 1400.0 1400.0 1400.0 1400.0 1400.0 1400.0 1399.804 1399.6 1399.397 1399.193
1361.161 1361.902 1362.643 1363.384 1364.125 1365.104 1366.091 1367.077 1368.064 1369.096 1370.201 1371.305 1372.41 1373.515 1374.961 1376.491 1378.022 1379.552 1381.046 1382.41 1383.774 1385.138 1386.502 1387.844 1389.173 1390.503 1391.832 1393.142 1394.098 1395.053 1396.009 1396.964 1397.682 1398.129 1398.576 1399.023 1399.47 1399.602 1399.692 1399.783 1399.873 1399.94 1399.954 1399.968 1399.982 1399.996 1400.0 1400.0 1400.0 1400.0 1400.0 1400.0 1400.0 1400.0 1400.0 1400.0 1400.0 1400.0 1400.0 1400.0 1399.85 1399.694 1399.539 1399.383
1361.997 1362.748 1363.5 1364.252 1365.004 1365.906 1366.812 1367.719 1368.626 1369.613 1370.728 1371.844 1372.959 1374.074 1375.48 1376.957 1378.434 1379.911 1381.349 1382.643 1383.938 1385.233 1386.527 1387.783 1389.017 1390.25 1391.483 1392.7 1393.608 1394.515 1395.423 1396.331 1397.053 1397.564 1398.075 1398.585 1399.096 1399.297 1399.457 1399.616 1399.776 1399.895 1399.919 1399.944 1399.969 1399.993 1400.0 1400.0 1400.0 1400.0 1400.0 1400.0 1400.0 1400.0 1400.0 1400.0 1400.0 1400.0 1400.0 1400.0 1399.896 1399.789 1399.681 1399.573
1362.833 1363.595 1364.358 1365.12 1365.882 1366.707 1367.534 1368.361 1369.187 1370.13 1371.256 1372.382 1373.508 1374.634 1375.999 1377.423 1378.846 1380.27 1381.651 1382.876 1384.102 1385.327 1386.553 1387.722 1388.86 1389.997 1391.135 1392.258 1393.118 1393.978 1394.837 1395.697 1396.424 1396.998 1397.573 1398.148 1398.723 1398.992 1399.221 1399.449 1399.678 1399.849 1399.884 1399.92 1399.955 1399.99 1400.0 1400.0 1400.0 1400.0 1400.0 1400.0 1400.0 1400.0 1400.0 1400.0 1400.0 1400.0 1400.0 1400.0 1399.942 1399.883 1399.823 1399.763
1363.669 1364.442 1365.215 1365.988 1366.761 1367.509 1368.255 1369.002 1369.749 1370.647 1371.783 1372.92 1374.057 1375.193 1376.518 1377.888 1379.259 1380.629 1381.953 1383.109 1384.266 1385.422 1386.578 1387.661 1388.703 1389.745 1390.786 1391.816 1392.628 1393.44 1394.251 1395.063 1395.794 1396.433 1397.072 1397.71 1398.349 1398.687 1398.985 1399.283 1399.581 1399.803 1399.849 1399.895 1399.941 1399.987 1400.0 1400.0 1400.0 1400.0 1400.0 1400.0 1400.0 1400.0 1400.0 1400.0 1400.0 1400.0 1400.0 1400.0 1399.989 1399.977 1399.965 1399.953
1364.407 1365.146 1365.886 1366.625 1367.365 1368.104 1368.843 1369.583 1370.322 1371.196 1372.282 1373.37 1374.457 1375.544 1376.777 1378.046 1379.315 1380.584 1381.814 1382.901 1383.988 1385.075 1386.162 1387.184 1388.17 1389.156 1390.142 1391.119 1391.927 1392.735 1393.543 1394.351 1395.093 1395.759 1396.426 1397.092 1397.759 1398.161 1398.528 1398.895 1399.263 1399.549 1399.646 1399.742 1399.839 1399.936 1399.969 1399.977 1399.985 1399.993 1399.999 1399.991 1399.983 1399.975 1399.967 1399.959 1399.951 1399.943 1399.935 1399.927 1399.919 1399.911 1399.903 1399.895
1365.113 1365.804 1366.496 1367.188 1367.879 1368.632 1369.388 1370.143 1370.898 1371.755 1372.772 1373.79 1374.808 1375.826 1376.951 1378.103 1379.255 1380.407 1381.53 1382.548 1383.565 1384.583 1385.601 1386.571 1387.515 1388.458 1389.401 1390.338 1391.157 1391.975 1392.794 1393.613 1394.368 1395.05 1395.733 1396.415 1397.098 1397.563 1397.999 1398.436 1398.872 1399.226 1399.387 1399.547 1399.708 1399.869 1399.928 1399.946 1399.965 1399.984 1399.998 1399.979 1399.96 1399.942 1399.923 1399.904 1399.885 1399.867 1399.848 1399.829 1399.811 1399.792 1399.773 1399.755
1365.818 1366.462 1367.106 1367.75 1368.393 1369.161 1369.932 1370.703 1371.474 1372.314 1373.262 1374.211 1375.16 1376.108 1377.126 1378.161 1379.195 1380.23 1381.246 1382.195 1383.143 1384.092 1385.04 1385.958 1386.859 1387.76 1388.661 1389.557 1390.387 1391.216 1392.045 1392.875 1393.643 1394.341 1395.04 1395.738 1396.437 1396.965 1397.47 1397.976 1398.482 1398.904 1399.128 1399.353 1399.577 1399.802 1399.887 1399.916 1399.945 1399.974 1399.996 1399.967 1399.938 1399.908 1399.879 1399.849 1399.82 1399.791 1399.761 1399.732 1399.703 1399.673 1399.644 1399.615
1366.524 1367.12 1367.716 1368.312 1368.907 1369.689 1370.476 1371.263 1372.05 1372.873 1373.752 1374.632 1375.511 1376.39 1377.3 1378.218 1379.135 1380.053 1380.962 1381.842 1382.721 1383.6 1384.479 1385.345 1386.203 1387.062 1387.92 1388.777 1389.617 1390.457 1391.297 1392.136 1392.918 1393.632 1394.347 1395.061 1395.775 1396.367 1396.942 1397.517 1398.092 1398.581 1398.869 1399.158 1399.446 1399.735 1399.845 1399.885 1399.925 1399.965 1399.995 1399.955 1399.915 1399.875 1399.835 1399.795 1399.755 1399.715 1399.675 1399.635 1399.595 1399.555 1399.515 1399.475
1367.168 1367.72 1368.272 1368.825 1369.377 1370.166 1370.963 1371.76 1372.556 1373.355 1374.159 1374.963 1375.766 1376.57 1377.376 1378.183 1378.99 1379.797 1380.604 1381.414 1382.224 1383.034 1383.844 1384.661 1385.481 1386.3 1387.12 1387.942 1388.794 1389.647 1390.5 1391.353 1392.147 1392.874 1393.601 1394.328 1395.055 1395.715 1396.366 1397.016 1397.667 1398.23 1398.587 1398.943 1399.3 1399.656 1399.796 1399.849 1399.901 1399.954 1399.993 1399.94 1399.887 1399.835 1399.782 1399.711 1399.626 1399.541 1399.456 1399.37 1399.301 1399.232 1399.163 1399.094
1367.568 1368.094 1368.62 1369.145 1369.671 1370.444 1371.224 1372.005 1372.786 1373.536 1374.238 1374.941 1375.643 1376.346 1377.063 1377.785 1378.507 1379.228 1379.954 1380.695 1381.436 1382.177 1382.918 1383.695 1384.494 1385.292 1386.09 1386.893 1387.767 1388.641 1389.515 1390.389 1391.194 1391.922 1392.649 1393.376 1394.103 1394.852 1395.604 1396.356 1397.108 1397.767 1398.209 1398.651 1399.093 1399.535 1399.713 1399.787 1399.862 1399.936 1399.99 1399.916 1399.842 1399.768 1399.694 1399.515 1399.248 1398.982 1398.716 1398.449 1398.276 1398.105 1397.935 1397.765
1367.969 1368.468 1368.967 1369.465 1369.964 1370.721 1371.486 1372.25 1373.015 1373.717 1374.318 1374.919 1375.52 1376.121 1376.751 1377.387 1378.024 1378.66 1379.304 1379.976 1380.647 1381.319 1381.991 1382.729 1383.506 1384.284 1385.061 1385.844 1386.739 1387.635 1388.53 1389.425 1390.242 1390.969 1391.696 1392.424 1393.151 1393.989 1394.842 1395.695 1396.549 1397.304 1397.831 1398.358 1398.885 1399.413 1399.631 1399.726 1399.822 1399.917 1399.987 1399.892 1399.797 1399.701 1399.606 1399.318 1398.87 1398.423 1397.975 1397.528 1397.25 1396.979 1396.707 1396.436
1368.369 1368.841 1369.314 1369.786 1370.258 1370.999 1371.747 1372.496 1373.245 1373.897 1374.397 1374.897 1375.397 1375.897 1376.438 1376.99 1377.541 1378.092 1378.654 1379.257 1379.859 1380.461 1381.064 1381.763 1382.519 1383.275 1384.031 1384.795 1385.712 1386.629 1387.545 1388.462 1389.29 1390.017 1390.744 1391.471 1392.198 1393.126 1394.081 1395.035 1395.989 1396.841 1397.454 1398.066 1398.678 1399.291 1399.548 1399.665 1399.782 1399.899 1399.985 1399.868 1399.751 1399.635 1399.518 1399.121 1398.492 1397.864 1397.235 1396.607 1396.225 1395.852 1395.48 1395.107
1368.769 1369.215 1369.661 1370.106 1370.552 1371.276 1372.009 1372.742 1373.474 1374.078 1374.477 1374.875 1375.274 1375.673 1376.126 1376.592 1377.058 1377.524 1378.004 1378.537 1379.07 1379.604 1380.137 1380.798 1381.532 1382.267 1383.001 1383.746 1384.684 1385.622 1386.56 1387.498 1388.338 1389.065 1389.792 1390.519 1391.246 1392.263 1393.319 1394.375 1395.43 1396.379 1397.076 1397.774 1398.471 1399.169 1399.466 1399.604 1399.742 1399.88 1399.982 1399.844 1399.706 1399.568 1399.43 1398.924 1398.115 1397.305 1396.495 1395.686 1395.199 1394.726 1394.252 1393.778
1368.877 1369.286 1369.694 1370.103 1370.511 1371.189 1371.874 1372.56 1373.245 1373.79 1374.112 1374.434 1374.756 1375.078 1375.483 1375.909 1376.335 1376.761 1377.205 1377.714 1378.223 1378.732 1379.241 1379.873 1380.576 1381.279 1381.982 1382.697 1383.642 1384.588 1385.533 1386.478 1387.343 1388.115 1388.887 1389.66 1390.432 1391.504 1392.616 1393.727 1394.839 1395.847 1396.612 1397.378 1398.143 1398.908 1399.263 1399.453 1399.644 1399.834 1399.981 1399.835 1399.69 1399.545 1399.399 1398.846 1397.956 1397.066 1396.176 1395.286 1394.589 1393.9 1393.21 1392.52
1368.829 1369.195 1369.561 1369.927 1370.293 1370.907 1371.529 1372.15 1372.772 1373.253 1373.511 1373.769 1374.027 1374.285 1374.665 1375.074 1375.484 1375.894 1376.326 1376.835 1377.344 1377.853 1378.362 1378.97 1379.636 1380.302 1380.967 1381.647 1382.592 1383.538 1384.483 1385.428 1386.325 1387.167 1388.008 1388.85 1389.692 1390.8 1391.943 1393.087 1394.23 1395.278 1396.102 1396.926 1397.75 1398.574 1398.995 1399.255 1399.515 1399.774 1399.981 1399.835 1399.69 1399.545 1399.399 1398.832 1397.915 1396.998 1396.082 1395.165 1394.2 1393.234 1392.267 1391.3
1368.781 1369.105 1369.428 1369.751 1370.074 1370.625 1371.183 1371.741 1372.298 1372.715 1372.909 1373.103 1373.297 1373.491 1373.846 1374.24 1374.634 1375.028 1375.447 1375.956 1376.465 1376.974 1377.483 1378.068 1378.696 1379.324 1379.953 1380.597 1381.542 1382.488 1383.433 1384.379 1385.308 1386.219 1387.129 1388.04 1388.951 1390.095 1391.271 1392.447 1393.622 1394.71 1395.592 1396.475 1397.358 1398.24 1398.727 1399.056 1399.385 1399.714 1399.981 1399.835 1399.69 1399.545 1399.399 1398.817 1397.874 1396.93 1395.987 1395.044 1393.811 1392.568 1391.324 1390.08
1368.733 1369.014 1369.295 1369.575 1369.856 1370.344 1370.837 1371.331 1371.825 1372.178 1372.308 1372.438 1372.568 1372.698 1373.027 1373.405 1373.783 1374.161 1374.568 1375.077 1375.586 1376.095 1376.604 1377.165 1377.756 1378.347 1378.938 1379.547 1380.492 1381.438 1382.383 1383.329 1384.29 1385.27 1386.25 1387.23 1388.21 1389.391 1390.599 1391.806 1393.014 1394.141 1395.083 1396.024 1396.965 1397.906 1398.459 1398.857 1399.256 1399.654 1399.981 1399.835 1399.69 1399.545 1399.399 1398.802 1397.833 1396.863 1395.893 1394.923 1393.422 1391.902 1390.381 1388.861
1368.667 1368.9 1369.133 1369.365 1369.598 1370.021 1370.45 1370.878 1371.307 1371.597 1371.668 1371.738 1371.809 1371.88 1372.185 1372.549 1372.913 1373.276 1373.672 1374.179 1374.687 1375.195 1375.703 1376.243 1376.801 1377.359 1377.917 1378.495 1379.434 1380.374 1381.314 1382.254 1383.244 1384.292 1385.339 1386.386 1387.433 1388.648 1389.886 1391.124 1392.362 1393.53 1394.537 1395.544 1396.551 1397.558 1398.178 1398.645 1399.112 1399.579 1399.966 1399.824 1399.682 1399.54 1399.398 1398.792 1397.803 1396.814 1395.825 1394.836 1393.083 1391.3 1389.518 1387.735
1368.443 1368.58 1368.717 1368.854 1368.99 1369.338 1369.692 1370.047 1370.401 1370.637 1370.686 1370.735 1370.785 1370.834 1371.136 1371.499 1371.863 1372.226 1372.619 1373.117 1373.614 1374.111 1374.608 1375.148 1375.711 1376.274 1376.838 1377.417 1378.304 1379.191 1380.078 1380.964 1381.948 1383.043 1384.138 1385.234 1386.329 1387.564 1388.818 1390.071 1391.325 1392.543 1393.678 1394.813 1395.947 1397.082 1397.785 1398.316 1398.847 1399.377 1399.824 1399.714 1399.604 1399.494 1399.383 1398.818 1397.877 1396.936 1395.995 1395.054 1393.179 1391.269 1389.359 1387.448
1368.219 1368.26 1368.301 1368.342 1368.383 1368.655 1368.935 1369.215 1369.494 1369.676 1369.704 1369.732 1369.76 1369.788 1370.086 1370.449 1370.813 1371.177 1371.567 1372.054 1372.54 1373.027 1373.513 1374.052 1374.621 1375.19 1375.758 1376.34 1377.174 1378.007 1378.841 1379.674 1380.652 1381.795 1382.938 1384.081 1385.224 1386.479 1387.749 1389.019 1390.288 1391.556 1392.818 1394.081 1395.344 1396.606 1397.391 1397.986 1398.581 1399.176 1399.682 1399.604 1399.525 1399.447 1399.369 1398.844 1397.951 1397.058 1396.165 1395.272 1393.276 1391.238 1389.2 1387.161
1367.995 1367.94 1367.885 1367.83 1367.775 1367.973 1368.178 1368.383 1368.588 1368.716 1368.723 1368.729 1368.736 1368.743 1369.036 1369.399 1369.763 1370.127 1370.515 1370.991 1371.467 1371.943 1372.419 1372.957 1373.531 1374.105 1374.679 1375.264 1376.044 1376.824 1377.604 1378.384 1379.356 1380.547 1381.738 1382.929 1384.12 1385.395 1386.68 1387.966 1389.252 1390.569 1391.959 1393.349 1394.74 1396.13 1396.997 1397.656 1398.315 1398.974 1399.54 1399.493 1399.447 1399.401 1399.354 1398.871 1398.026 1397.18 1396.335 1395.49 1393.372 1391.206 1389.041 1386.875
1367.771 1367.62 1367.469 1367.318 1367.168 1367.29 1367.42 1367.551 1367.681 1367.755 1367.741 1367.726 1367.712 1367.697 1367.986 1368.349 1368.713 1369.077 1369.463 1369.928 1370.393 1370.859 1371.324 1371.862 1372.441 1373.02 1373.6 1374.187 1374.913 1375.64 1376.367 1377.094 1378.06 1379.299 1380.538 1381.777 1383.016 1384.31 1385.612 1386.913 1388.215 1389.582 1391.1 1392.618 1394.136 1395.654 1396.604 1397.326 1398.049 1398.771 1399.397 1399.383 1399.369 1399.354 1399.34 1398.897 1398.1 1397.302 1396.505 1395.708 1393.469 1391.175 1388.881 1386.588
1367.403 1367.189 1366.974 1366.76 1366.546 1366.596 1366.655 1366.714 1366.773 1366.797 1366.767 1366.737 1366.707 1366.677 1366.963 1367.327 1367.69 1368.054 1368.436 1368.885 1369.334 1369.782 1370.231 1370.759 1371.332 1371.905 1372.478 1373.057 1373.754 1374.451 1375.148 1375.845 1376.779 1377.984 1379.189 1380.394 1381.598 1382.895 1384.204 1385.513 1386.822 1388.214 1389.801 1391.389 1392.976 1394.563 1395.569 1396.344 1397.119 1397.894 1398.567 1398.567 1398.567 1398.567 1398.567 1398.16 1397.417 1396.673 1395.93 1395.186 1392.973 1390.704 1388.435 1386.166
1366.919 1366.667 1366.415 1366.164 1365.912 1365.894 1365.884 1365.874 1365.863 1365.841 1365.8 1365.759 1365.719 1365.678 1365.962 1366.325 1366.689 1367.053 1367.43 1367.858 1368.285 1368.713 1369.14 1369.65 1370.207 1370.764 1371.321 1371.884 1372.571 1373.257 1373.944 1374.63 1375.511 1376.615 1377.718 1378.822 1379.925 1381.21 1382.519 1383.828 1385.137 1386.535 1388.144 1389.753 1391.361 1392.97 1394.013 1394.83 1395.648 1396.465 1397.175 1397.175 1397.175 1397.175 1397.175 1396.8 1396.115 1395.431 1394.746 1394.061 1391.993 1389.874 1387.754 1385.634
