data/zism_data/00474_03_D.txt
ncols         224
nrows         224
[rows 196 to 223 of 224, columns 126 to 188 of 224]
1990.963 1990.646 1990.328 1990.011 1989.694 1989.362 1989.021 1988.679 1988.337 1987.995 1987.628 1987.262 1986.896 1986.53 1986.231 1986.012 1985.792 1985.572 1985.353 1984.999 1984.633 1984.266 1983.9 1983.538 1983.184 1982.83 1982.477 1982.123 1981.759 1981.392 1981.026 1980.66 1980.303 1979.974 1979.645 1979.315 1978.986 1978.587 1978.16 1977.733 1977.305 1976.888 1976.522 1976.155 1975.789 1975.423 1975.101 1974.808 1974.515 1974.222 1973.934 1973.727 1973.519 1973.312 1973.104 1972.922 1972.763 1972.604 1972.445 1972.286 1971.933 1971.571 1971.209
1990.964 1990.656 1990.347 1990.038 1989.729 1989.401 1989.058 1988.715 1988.372 1988.029 1987.662 1987.296 1986.93 1986.564 1986.266 1986.046 1985.826 1985.606 1985.387 1985.036 1984.674 1984.311 1983.949 1983.581 1983.203 1982.826 1982.449 1982.071 1981.703 1981.337 1980.97 1980.604 1980.238 1979.872 1979.505 1979.139 1978.773 1978.349 1977.902 1977.455 1977.008 1976.574 1976.208 1975.842 1975.475 1975.109 1974.785 1974.489 1974.192 1973.895 1973.603 1973.387 1973.171 1972.955 1972.739 1972.552 1972.395 1972.237 1972.079 1971.922 1971.557 1971.184 1970.81
1990.969 1990.697 1990.426 1990.155 1989.883 1989.569 1989.22 1988.872 1988.523 1988.175 1987.808 1987.442 1987.076 1986.71 1986.411 1986.192 1985.972 1985.752 1985.532 1985.197 1984.85 1984.504 1984.158 1983.782 1983.357 1982.931 1982.506 1982.08 1981.703 1981.337 1980.97 1980.604 1980.238 1979.872 1979.505 1979.139 1978.773 1978.326 1977.847 1977.368 1976.889 1976.428 1976.062 1975.696 1975.33 1974.963 1974.63 1974.317 1974.004 1973.691 1973.385 1973.185 1972.985 1972.785 1972.585 1972.382 1972.176 1971.971 1971.765 1971.559 1971.162 1970.756 1970.35
1990.973 1990.739 1990.505 1990.271 1990.037 1989.736 1989.382 1989.028 1988.674 1988.321 1987.954 1987.588 1987.222 1986.856 1986.557 1986.338 1986.118 1985.898 1985.678 1985.358 1985.027 1984.697 1984.366 1983.984 1983.51 1983.036 1982.563 1982.089 1981.703 1981.337 1980.97 1980.604 1980.238 1979.872 1979.505 1979.139 1978.773 1978.304 1977.793 1977.281 1976.77 1976.282 1975.916 1975.55 1975.184 1974.818 1974.474 1974.145 1973.816 1973.488 1973.167 1972.983 1972.799 1972.615 1972.431 1972.212 1971.958 1971.704 1971.45 1971.196 1970.766 1970.329 1969.891
1990.977 1990.781 1990.584 1990.388 1990.191 1989.903 1989.544 1989.185 1988.826 1988.466 1988.1 1987.734 1987.368 1987.001 1986.703 1986.484 1986.264 1986.044 1985.824 1985.518 1985.204 1984.889 1984.575 1984.185 1983.664 1983.142 1982.62 1982.098 1981.703 1981.337 1980.97 1980.604 1980.238 1979.872 1979.505 1979.139 1978.773 1978.281 1977.738 1977.195 1976.651 1976.136 1975.77 1975.404 1975.038 1974.672 1974.318 1973.974 1973.629 1973.284 1972.949 1972.781 1972.613 1972.446 1972.278 1972.042 1971.74 1971.438 1971.136 1970.834 1970.371 1969.901 1969.431
1990.982 1990.823 1990.663 1990.504 1990.345 1990.07 1989.706 1989.341 1988.977 1988.612 1988.246 1987.88 1987.514 1987.147 1986.849 1986.629 1986.41 1986.19 1985.97 1985.679 1985.38 1985.082 1984.783 1984.387 1983.817 1983.247 1982.677 1982.107 1981.703 1981.337 1980.97 1980.604 1980.238 1979.872 1979.505 1979.139 1978.773 1978.258 1977.683 1977.108 1976.532 1975.991 1975.624 1975.258 1974.892 1974.526 1974.163 1973.802 1973.441 1973.08 1972.731 1972.579 1972.428 1972.276 1972.124 1971.871 1971.521 1971.171 1970.821 1970.471 1969.976 1969.474 1968.972
1991.126 1990.962 1990.798 1990.634 1990.469 1990.201 1989.852 1989.504 1989.155 1988.807 1988.44 1988.074 1987.708 1987.342 1987.034 1986.792 1986.552 1986.31 1986.069 1985.771 1985.468 1985.164 1984.86 1984.466 1983.912 1983.358 1982.804 1982.25 1981.839 1981.463 1981.086 1980.709 1980.329 1979.942 1979.554 1979.167 1978.779 1978.266 1977.701 1977.136 1976.572 1976.036 1975.656 1975.275 1974.895 1974.515 1974.151 1973.799 1973.447 1973.095 1972.752 1972.552 1972.353 1972.153 1971.953 1971.662 1971.281 1970.901 1970.52 1970.14 1969.643 1969.141 1968.639
1991.342 1991.151 1990.96 1990.769 1990.578 1990.313 1989.992 1989.67 1989.348 1989.026 1988.659 1988.293 1987.927 1987.561 1987.238 1986.964 1986.691 1986.418 1986.145 1985.83 1985.51 1985.19 1984.87 1984.483 1983.977 1983.471 1982.965 1982.46 1982.045 1981.652 1981.26 1980.867 1980.467 1980.047 1979.627 1979.208 1978.788 1978.288 1977.756 1977.223 1976.691 1976.179 1975.777 1975.375 1974.973 1974.572 1974.213 1973.882 1973.552 1973.221 1972.893 1972.613 1972.333 1972.054 1971.774 1971.432 1971.03 1970.628 1970.227 1969.825 1969.342 1968.856 1968.37
1991.558 1991.34 1991.122 1990.905 1990.687 1990.426 1990.131 1989.836 1989.541 1989.244 1988.878 1988.512 1988.146 1987.779 1987.442 1987.136 1986.831 1986.526 1986.221 1985.888 1985.552 1985.216 1984.881 1984.501 1984.043 1983.585 1983.127 1982.669 1982.251 1981.842 1981.433 1981.024 1980.604 1980.153 1979.701 1979.249 1978.797 1978.311 1977.811 1977.31 1976.809 1976.321 1975.898 1975.475 1975.052 1974.629 1974.275 1973.965 1973.656 1973.347 1973.034 1972.674 1972.314 1971.954 1971.594 1971.202 1970.779 1970.356 1969.933 1969.51 1969.042 1968.572 1968.101
1991.774 1991.529 1991.285 1991.04 1990.796 1990.538 1990.27 1990.001 1989.733 1989.463 1989.097 1988.731 1988.365 1987.998 1987.646 1987.308 1986.971 1986.634 1986.297 1985.946 1985.594 1985.243 1984.891 1984.518 1984.108 1983.699 1983.289 1982.879 1982.457 1982.032 1981.607 1981.182 1980.742 1980.258 1979.774 1979.291 1978.807 1978.334 1977.865 1977.397 1976.928 1976.464 1976.019 1975.575 1975.13 1974.686 1974.336 1974.048 1973.76 1973.472 1973.176 1972.735 1972.295 1971.855 1971.415 1970.973 1970.528 1970.083 1969.639 1969.194 1968.741 1968.287 1967.833
1991.99 1991.72 1991.451 1991.182 1990.913 1990.657 1990.412 1990.166 1989.92 1989.673 1989.309 1988.944 1988.58 1988.216 1987.849 1987.48 1987.111 1986.742 1986.372 1986.009 1985.645 1985.282 1984.919 1984.555 1984.188 1983.822 1983.456 1983.09 1982.663 1982.222 1981.781 1981.34 1980.881 1980.37 1979.86 1979.35 1978.84 1978.378 1977.936 1977.494 1977.052 1976.607 1976.143 1975.68 1975.216 1974.753 1974.407 1974.136 1973.866 1973.595 1973.31 1972.796 1972.282 1971.768 1971.253 1970.764 1970.299 1969.834 1969.369 1968.905 1968.463 1968.021 1967.58
1992.208 1991.933 1991.659 1991.385 1991.11 1990.843 1990.581 1990.319 1990.058 1989.795 1989.452 1989.109 1988.766 1988.423 1988.053 1987.652 1987.251 1986.849 1986.448 1986.111 1985.78 1985.449 1985.117 1984.774 1984.407 1984.041 1983.675 1983.309 1982.869 1982.412 1981.955 1981.498 1981.034 1980.55 1980.067 1979.583 1979.1 1978.627 1978.158 1977.689 1977.22 1976.753 1976.295 1975.837 1975.379 1974.921 1974.564 1974.272 1973.98 1973.688 1973.382 1972.852 1972.322 1971.792 1971.261 1970.759 1970.283 1969.807 1969.332 1968.856 1968.399 1967.941 1967.484
1992.426 1992.146 1991.866 1991.587 1991.307 1991.028 1990.751 1990.473 1990.195 1989.917 1989.595 1989.274 1988.952 1988.631 1988.257 1987.824 1987.391 1986.957 1986.524 1986.213 1985.914 1985.615 1985.316 1984.992 1984.626 1984.26 1983.894 1983.527 1983.075 1982.601 1982.128 1981.655 1981.187 1980.73 1980.273 1979.816 1979.359 1978.875 1978.38 1977.884 1977.389 1976.9 1976.447 1975.995 1975.542 1975.089 1974.721 1974.408 1974.095 1973.781 1973.454 1972.908 1972.362 1971.816 1971.269 1970.753 1970.267 1969.781 1969.294 1968.808 1968.335 1967.861 1967.388
1992.644 1992.359 1992.074 1991.789 1991.504 1991.214 1990.92 1990.626 1990.333 1990.039 1989.739 1989.438 1989.138 1988.838 1988.461 1987.996 1987.531 1987.065 1986.6 1986.315 1986.048 1985.781 1985.514 1985.211 1984.845 1984.479 1984.113 1983.746 1983.28 1982.791 1982.302 1981.813 1981.339 1980.909 1980.479 1980.049 1979.619 1979.124 1978.602 1978.079 1977.557 1977.047 1976.599 1976.152 1975.705 1975.257 1974.879 1974.544 1974.209 1973.874 1973.526 1972.964 1972.402 1971.839 1971.277 1970.748 1970.251 1969.754 1969.257 1968.76 1968.271 1967.781 1967.292
1992.863 1992.572 1992.282 1991.991 1991.701 1991.399 1991.089 1990.78 1990.47 1990.161 1989.882 1989.603 1989.324 1989.046 1988.665 1988.168 1987.67 1987.173 1986.675 1986.418 1986.183 1985.948 1985.713 1985.43 1985.064 1984.698 1984.331 1983.965 1983.486 1982.981 1982.476 1981.971 1981.492 1981.089 1980.686 1980.282 1979.879 1979.372 1978.823 1978.274 1977.726 1977.194 1976.752 1976.31 1975.868 1975.426 1975.036 1974.68 1974.324 1973.968 1973.599 1973.02 1972.442 1971.863 1971.285 1970.743 1970.235 1969.727 1969.219 1968.712 1968.207 1967.701 1967.196
1993.082 1992.797 1992.513 1992.228 1991.944 1991.642 1991.328 1991.013 1990.698 1990.384 1990.104 1989.825 1989.545 1989.265 1988.877 1988.365 1987.852 1987.339 1986.826 1986.566 1986.329 1986.093 1985.856 1985.578 1985.229 1984.88 1984.53 1984.181 1983.699 1983.186 1982.673 1982.161 1981.676 1981.271 1980.867 1980.462 1980.057 1979.545 1978.989 1978.433 1977.877 1977.341 1976.91 1976.479 1976.048 1975.617 1975.21 1974.818 1974.427 1974.035 1973.633 1973.047 1972.461 1971.875 1971.289 1970.74 1970.227 1969.714 1969.202 1968.689 1968.176 1967.663 1967.151
1993.303 1993.034 1992.766 1992.497 1992.229 1991.937 1991.628 1991.319 1991.009 1990.7 1990.399 1990.098 1989.797 1989.495 1989.096 1988.583 1988.071 1987.558 1987.045 1986.755 1986.487 1986.218 1985.949 1985.663 1985.346 1985.028 1984.711 1984.394 1983.918 1983.405 1982.892 1982.38 1981.888 1981.457 1981.025 1980.594 1980.162 1979.65 1979.105 1978.56 1978.014 1977.49 1977.075 1976.66 1976.245 1975.83 1975.4 1974.96 1974.52 1974.081 1973.633 1973.047 1972.461 1971.875 1971.289 1970.74 1970.227 1969.714 1969.202 1968.689 1968.176 1967.663 1967.151
1993.523 1993.271 1993.018 1992.766 1992.513 1992.232 1991.928 1991.624 1991.32 1991.016 1990.693 1990.371 1990.048 1989.726 1989.315 1988.802 1988.29 1987.777 1987.264 1986.945 1986.644 1986.343 1986.043 1985.748 1985.462 1985.177 1984.892 1984.606 1984.137 1983.624 1983.111 1982.598 1982.1 1981.642 1981.184 1980.725 1980.267 1979.755 1979.22 1978.686 1978.151 1977.638 1977.239 1976.84 1976.441 1976.042 1975.589 1975.101 1974.614 1974.126 1973.633 1973.047 1972.461 1971.875 1971.289 1970.74 1970.227 1969.714 1969.202 1968.689 1968.176 1967.663 1967.151
1993.744 1993.508 1993.271 1993.035 1992.798 1992.527 1992.228 1991.93 1991.631 1991.332 1990.988 1990.644 1990.3 1989.956 1989.534 1989.021 1988.508 1987.996 1987.483 1987.134 1986.802 1986.469 1986.136 1985.832 1985.579 1985.326 1985.073 1984.819 1984.355 1983.843 1983.33 1982.817 1982.312 1981.827 1981.342 1980.857 1980.372 1979.86 1979.336 1978.812 1978.288 1977.787 1977.404 1977.021 1976.638 1976.255 1975.779 1975.243 1974.707 1974.171 1973.633 1973.047 1972.461 1971.875 1971.289 1970.74 1970.227 1969.714 1969.202 1968.689 1968.176 1967.663 1967.151
1993.965 1993.744 1993.524 1993.303 1993.083 1992.822 1992.528 1992.235 1991.942 1991.647 1991.282 1990.917 1990.552 1990.186 1989.753 1989.24 1988.727 1988.214 1987.702 1987.324 1986.959 1986.594 1986.229 1985.917 1985.696 1985.474 1985.253 1985.032 1984.574 1984.062 1983.549 1983.036 1982.524 1982.012 1981.5 1980.989 1980.477 1979.965 1979.451 1978.938 1978.425 1977.935 1977.568 1977.201 1976.834 1976.467 1975.968 1975.385 1974.801 1974.217 1973.633 1973.047 1972.461 1971.875 1971.289 1970.74 1970.227 1969.714 1969.202 1968.689 1968.176 1967.663 1967.151
1994.324 1994.109 1993.895 1993.68 1993.465 1993.186 1992.857 1992.529 1992.2 1991.871 1991.504 1991.138 1990.772 1990.406 1989.979 1989.481 1988.984 1988.486 1987.989 1987.583 1987.186 1986.79 1986.393 1986.049 1985.798 1985.548 1985.298 1985.047 1984.609 1984.127 1983.645 1983.163 1982.677 1982.179 1981.682 1981.184 1980.687 1980.178 1979.666 1979.153 1978.64 1978.145 1977.743 1977.341 1976.939 1976.537 1976.036 1975.47 1974.904 1974.339 1973.77 1973.154 1972.537 1971.921 1971.304 1970.74 1970.227 1969.714 1969.202 1968.689 1968.186 1967.683 1967.181
1994.689 1994.48 1994.271 1994.061 1993.852 1993.554 1993.188 1992.822 1992.456 1992.089 1991.723 1991.357 1990.991 1990.625 1990.205 1989.724 1989.242 1988.761 1988.279 1987.846 1987.417 1986.988 1986.559 1986.183 1985.901 1985.618 1985.336 1985.053 1984.635 1984.185 1983.735 1983.285 1982.827 1982.345 1981.864 1981.382 1980.901 1980.397 1979.885 1979.372 1978.859 1978.358 1977.919 1977.479 1977.04 1976.6 1976.097 1975.553 1975.009 1974.465 1973.914 1973.266 1972.617 1971.968 1971.32 1970.74 1970.227 1969.714 1969.202 1968.689 1968.196 1967.704 1967.213
1995.055 1994.851 1994.647 1994.443 1994.239 1993.922 1993.518 1993.115 1992.711 1992.308 1991.942 1991.576 1991.21 1990.843 1990.431 1989.966 1989.5 1989.035 1988.57 1988.108 1987.647 1987.186 1986.725 1986.317 1986.003 1985.688 1985.374 1985.059 1984.661 1984.243 1983.825 1983.407 1982.977 1982.511 1982.046 1981.58 1981.115 1980.616 1980.103 1979.591 1979.078 1978.571 1978.094 1977.617 1977.141 1976.664 1976.159 1975.636 1975.113 1974.59 1974.058 1973.378 1972.697 1972.016 1971.335 1970.74 1970.227 1969.714 1969.202 1968.689 1968.207 1967.725 1967.244
1995.42 1995.221 1995.023 1994.824 1994.625 1994.29 1993.849 1993.408 1992.967 1992.527 1992.161 1991.795 1991.428 1991.062 1990.657 1990.208 1989.759 1989.309 1988.86 1988.371 1987.878 1987.385 1986.892 1986.452 1986.105 1985.758 1985.412 1985.065 1984.687 1984.301 1983.915 1983.529 1983.127 1982.677 1982.228 1981.779 1981.329 1980.835 1980.322 1979.81 1979.297 1978.784 1978.27 1977.755 1977.241 1976.727 1976.22 1975.719 1975.218 1974.716 1974.203 1973.49 1972.777 1972.064 1971.351 1970.74 1970.227 1969.714 1969.202 1968.689 1968.217 1967.746 1967.276
1995.783 1995.574 1995.364 1995.154 1994.944 1994.595 1994.14 1993.684 1993.229 1992.774 1992.408 1992.042 1991.676 1991.309 1990.905 1990.458 1990.01 1989.562 1989.114 1988.615 1988.11 1987.606 1987.101 1986.647 1986.281 1985.914 1985.548 1985.182 1984.811 1984.438 1984.066 1983.693 1983.3 1982.848 1982.396 1981.944 1981.492 1980.993 1980.474 1979.955 1979.436 1978.915 1978.38 1977.844 1977.309 1976.774 1976.266 1975.776 1975.286 1974.795 1974.291 1973.565 1972.839 1972.112 1971.386 1970.774 1970.274 1969.774 1969.273 1968.773 1968.298 1967.823 1967.349
1996.144 1995.897 1995.649 1995.402 1995.155 1994.802 1994.368 1993.934 1993.499 1993.066 1992.7 1992.333 1991.967 1991.601 1991.187 1990.718 1990.249 1989.78 1989.311 1988.829 1988.346 1987.863 1987.379 1986.939 1986.572 1986.206 1985.84 1985.474 1985.089 1984.701 1984.313 1983.924 1983.511 1983.027 1982.543 1982.059 1981.575 1981.055 1980.52 1979.985 1979.45 1978.916 1978.386 1977.856 1977.326 1976.797 1976.287 1975.792 1975.296 1974.8 1974.292 1973.582 1972.872 1972.161 1971.451 1970.864 1970.395 1969.927 1969.459 1968.991 1968.491 1967.99 1967.489
1996.504 1996.22 1995.935 1995.651 1995.366 1995.009 1994.596 1994.183 1993.77 1993.358 1992.992 1992.625 1992.259 1991.893 1991.469 1990.979 1990.488 1989.998 1989.507 1989.043 1988.581 1988.119 1987.658 1987.23 1986.864 1986.498 1986.132 1985.766 1985.368 1984.964 1984.559 1984.155 1983.721 1983.205 1982.689 1982.173 1981.657 1981.116 1980.565 1980.014 1979.463 1978.916 1978.392 1977.868 1977.343 1976.819 1976.309 1975.807 1975.306 1974.805 1974.293 1973.599 1972.905 1972.21 1971.516 1970.953 1970.517 1970.08 1969.644 1969.208 1968.684 1968.157 1967.629
1996.865 1996.543 1996.221 1995.899 1995.577 1995.215 1994.824 1994.432 1994.041 1993.65 1993.283 1992.917 1992.551 1992.185 1991.751 1991.239 1990.727 1990.215 1989.703 1989.257 1988.816 1988.376 1987.936 1987.522 1987.156 1986.79 1986.424 1986.057 1985.647 1985.226 1984.806 1984.385 1983.932 1983.384 1982.835 1982.287 1981.739 1981.178 1980.611 1980.044 1979.477 1978.917 1978.398 1977.879 1977.36 1976.841 1976.33 1975.823 1975.317 1974.81 1974.294 1973.616 1972.938 1972.259 1971.581 1971.042 1970.638 1970.234 1969.83 1969.426 1968.878 1968.323 1967.769
