data/zism_data/00472_04_D.txt
ncols         224
nrows         224
[rows 0 to 27 of 224, columns 126 to 188 of 224]
4080.823 4083.351 4085.879 4088.407 4088.926 4086.982 4085.038 4083.094 4081.15 4070.948 4059.958 4048.969 4037.98 4028.805 4022.629 4016.453 4010.278 4004.102 4006.775 4011.127 4015.479 4019.831 4024.541 4030.07 4035.599 4041.128 4046.657 4047.087 4045.979 4044.87 4043.762 4041.117 4033.383 4025.649 4017.915 4010.182 3999.337 3987.13 3974.923 3962.717 3951.207 3943.369 3935.532 3927.694 3919.857 3915.685 3913.73 3911.775 3909.82 3908.211 3910.243 3912.274 3914.306 3916.337 3923.154 3933.875 3944.595 3955.316 3966.151 3984.773 4003.395 4022.017 4040.639
4071.572 4074.126 4076.681 4079.236 4079.784 4077.872 4075.961 4074.049 4072.137 4062.478 4052.081 4041.684 4031.287 4022.803 4017.483 4012.163 4006.844 4001.523 4004.433 4008.903 4013.373 4017.844 4022.467 4027.442 4032.417 4037.391 4042.366 4042.139 4040.341 4038.544 4036.746 4033.34 4024.605 4015.87 4007.135 3998.4 3987.273 3975.098 3962.924 3950.75 3939.472 3932.921 3926.37 3919.819 3913.268 3909.987 3908.683 3907.379 3906.075 3905.151 3908.21 3911.27 3914.33 3917.389 3925.738 3938.402 3951.066 3963.729 3976.491 3995.887 4015.285 4034.682 4054.079
4062.319 4064.901 4067.483 4070.064 4070.642 4068.762 4066.883 4065.004 4063.125 4054.009 4044.204 4034.399 4024.594 4016.801 4012.337 4007.873 4003.409 3998.945 4002.091 4006.679 4011.268 4015.857 4020.394 4024.814 4029.234 4033.655 4038.075 4037.19 4034.703 4032.217 4029.73 4025.563 4015.826 4006.09 3996.354 3986.618 3975.208 3963.066 3950.924 3938.782 3927.737 3922.472 3917.208 3911.943 3906.679 3904.288 3903.636 3902.983 3902.331 3902.09 3906.178 3910.265 3914.353 3918.441 3928.322 3942.929 3957.536 3972.143 3986.831 4007.003 4027.175 4047.347 4067.519
4053.002 4055.589 4058.176 4060.763 4061.293 4059.304 4057.314 4055.324 4053.335 4044.885 4035.819 4026.754 4017.688 4010.677 4007.064 4003.451 3999.838 3996.225 3999.645 4004.398 4009.151 4013.904 4018.372 4022.189 4026.007 4029.824 4033.642 4031.896 4028.472 4025.047 4021.622 4016.548 4006.006 3995.465 3984.923 3974.382 3963.315 3952.018 3940.721 3929.423 3919.269 3915.141 3911.013 3906.885 3902.757 3901.118 3900.984 3900.849 3900.715 3901.086 3906.768 3912.449 3918.131 3923.813 3935.226 3951.313 3967.402 3983.49 3999.631 4019.32 4039.01 4058.7 4078.39
4043.605 4046.17 4048.736 4051.301 4051.692 4049.417 4047.142 4044.867 4042.592 4034.957 4026.813 4018.667 4010.522 4004.403 4001.635 3998.867 3996.1 3993.332 3997.071 4002.045 4007.019 4011.992 4016.412 4019.568 4022.723 4025.879 4029.034 4026.18 4021.512 4016.844 4012.176 4006.015 3994.908 3983.802 3972.696 3961.589 3951.631 3942.174 3932.718 3923.261 3914.806 3911.631 3908.456 3905.28 3902.105 3901.046 3901.267 3901.488 3901.709 3902.604 3910.573 3918.542 3926.511 3934.48 3947.425 3964.427 3981.431 3998.434 4015.447 4033.113 4050.779 4068.445 4086.111
4034.208 4036.752 4039.296 4041.84 4042.09 4039.53 4036.97 4034.41 4031.85 4025.031 4017.806 4010.581 4003.356 3998.129 3996.207 3994.284 3992.361 3990.438 3994.498 3999.692 4004.886 4010.081 4014.453 4016.947 4019.44 4021.933 4024.427 4020.464 4014.553 4008.642 4002.73 3995.483 3983.811 3972.14 3960.468 3948.797 3939.947 3932.331 3924.715 3917.099 3910.343 3908.121 3905.898 3903.676 3901.453 3900.975 3901.551 3902.127 3902.703 3904.121 3914.378 3924.634 3934.891 3945.147 3959.623 3977.541 3995.46 4013.378 4031.263 4046.905 4062.548 4078.19 4093.832
4024.812 4027.334 4029.856 4032.378 4032.489 4029.643 4026.798 4023.952 4021.107 4015.103 4008.799 4002.495 3996.19 3991.855 3990.778 3989.7 3988.622 3987.544 3991.924 3997.339 4002.754 4008.169 4012.494 4014.325 4016.156 4017.988 4019.819 4014.748 4007.593 4000.439 3993.284 3984.951 3972.714 3960.477 3948.24 3936.004 3928.262 3922.487 3916.712 3910.937 3905.88 3904.611 3903.341 3902.071 3900.801 3900.903 3901.834 3902.766 3903.697 3905.639 3918.182 3930.726 3943.27 3955.814 3971.822 3990.655 4009.489 4028.322 4047.08 4060.698 4074.317 4087.935 4101.554
4015.415 4017.916 4020.416 4022.917 4022.887 4019.757 4016.626 4013.495 4010.365 4005.177 3999.792 3994.408 3989.025 3985.582 3985.349 3985.116 3984.884 3984.651 3989.351 3994.987 4000.622 4006.258 4010.534 4011.704 4012.873 4014.042 4015.212 4009.032 4000.634 3992.236 3983.838 3974.418 3961.616 3948.815 3936.013 3923.211 3916.578 3912.644 3908.71 3904.775 3901.418 3901.101 3900.783 3900.466 3900.149 3900.832 3902.118 3903.405 3904.691 3907.156 3921.987 3936.818 3951.65 3966.481 3984.021 4003.769 4023.517 4043.265 4062.896 4074.49 4086.085 4097.68 4109.274
4003.708 4006.269 4008.831 4011.392 4011.527 4008.686 4005.845 4003.005 4000.165 3995.127 3989.88 3984.633 3979.385 3976.182 3976.359 3976.537 3976.714 3976.891 3982.342 3988.793 3995.244 4001.695 4006.195 4006.233 4006.271 4006.309 4006.348 3999.456 3990.472 3981.489 3972.505 3962.999 3951.765 3940.531 3929.296 3918.063 3912.521 3909.47 3906.418 3903.367 3900.85 3901.147 3901.444 3901.741 3902.038 3904.397 3908.002 3911.607 3915.213 3919.88 3935.698 3951.516 3967.334 3983.151 4000.109 4017.996 4035.884 4053.771 4071.54 4081.3 4091.06 4100.819 4110.579
3991.74 3994.371 3997.003 3999.634 3999.967 3997.481 3994.996 3992.511 3990.025 3985.063 3979.864 3974.666 3969.467 3966.43 3966.968 3967.505 3968.043 3968.581 3974.831 3982.165 3989.499 3996.833 4001.586 4000.44 3999.294 3998.148 3997.003 3989.444 3979.948 3970.453 3960.958 3951.479 3942.053 3932.628 3923.202 3913.776 3909.324 3907.048 3904.772 3902.496 3900.722 3901.595 3902.468 3903.341 3904.214 3908.373 3914.519 3920.665 3926.81 3933.87 3950.528 3967.185 3983.843 4000.5 4016.638 4032.35 4048.063 4063.776 4079.376 4087.322 4095.268 4103.213 4111.159
3979.772 3982.474 3985.175 3987.876 3988.407 3986.277 3984.147 3982.017 3979.887 3974.999 3969.849 3964.699 3959.549 3956.677 3957.576 3958.474 3959.373 3960.271 3967.321 3975.538 3983.754 3991.971 3996.977 3994.647 3992.318 3989.988 3987.658 3979.432 3969.425 3959.419 3949.412 3939.959 3932.342 3924.725 3917.107 3909.49 3906.128 3904.627 3903.126 3901.625 3900.594 3902.043 3903.492 3904.941 3906.39 3912.349 3921.035 3929.721 3938.407 3947.86 3965.357 3982.854 4000.352 4017.849 4033.166 4046.704 4060.242 4073.78 4087.211 4093.343 4099.475 4105.607 4111.739
3967.804 3970.576 3973.347 3976.118 3976.847 3975.072 3973.297 3971.522 3969.748 3964.935 3959.833 3954.731 3949.63 3946.925 3948.184 3949.443 3950.702 3951.961 3959.811 3968.91 3978.009 3987.108 3992.369 3988.855 3985.341 3981.827 3978.313 3969.419 3958.901 3948.384 3937.865 3928.44 3922.631 3916.822 3911.013 3905.204 3902.931 3902.205 3901.479 3900.753 3900.466 3902.491 3904.516 3906.541 3908.566 3916.325 3927.552 3938.778 3950.005 3961.85 3980.187 3998.523 4016.861 4035.198 4049.694 4061.058 4072.421 4083.785 4095.046 4099.365 4103.683 4108.001 4112.319
3956.118 3958.892 3961.666 3964.44 3965.343 3963.953 3962.564 3961.174 3959.784 3955.178 3950.265 3945.352 3940.439 3937.958 3939.499 3941.04 3942.581 3944.122 3952.353 3961.852 3971.35 3980.849 3986.109 3981.681 3977.253 3972.824 3968.396 3959.417 3949.063 3938.71 3928.356 3919.409 3915.12 3910.832 3906.543 3902.254 3900.91 3900.854 3900.799 3900.743 3901.2 3904.363 3907.526 3910.688 3913.851 3923.351 3936.684 3950.016 3963.349 3977.105 3995.308 4013.511 4031.715 4049.918 4063.266 4072.654 4082.041 4091.428 4100.723 4103.682 4106.642 4109.601 4112.56
3944.959 3947.61 3950.26 3952.91 3953.943 3952.995 3952.046 3951.098 3950.15 3945.994 3941.534 3937.073 3932.612 3930.464 3932.139 3933.815 3935.49 3937.166 3944.993 3953.986 3962.979 3971.971 3976.755 3971.917 3967.08 3962.243 3957.405 3949.431 3940.509 3931.588 3922.666 3915.046 3911.737 3908.428 3905.119 3901.81 3901.093 3901.511 3901.929 3902.347 3903.552 3908.906 3914.259 3919.612 3924.965 3936.097 3950.721 3965.346 3979.97 3994.735 4010.979 4027.223 4043.467 4059.711 4071.296 4079.079 4086.862 4094.645 4102.352 4104.805 4107.258 4109.711 4112.165
3933.801 3936.327 3938.854 3941.38 3942.543 3942.036 3941.53 3941.022 3940.516 3936.811 3932.803 3928.794 3924.786 3922.969 3924.78 3926.59 3928.4 3930.21 3937.633 3946.12 3954.607 3963.094 3967.401 3962.155 3956.908 3951.661 3946.415 3939.445 3931.955 3924.466 3916.976 3910.683 3908.353 3906.024 3903.695 3901.365 3901.276 3902.168 3903.06 3903.951 3905.903 3913.448 3920.992 3928.536 3936.08 3948.842 3964.758 3980.674 3996.59 4012.365 4026.649 4040.934 4055.219 4069.504 4079.325 4085.504 4091.683 4097.862 4103.98 4105.927 4107.875 4109.822 4111.77
3922.643 3925.045 3927.448 3929.85 3931.143 3931.078 3931.012 3930.947 3930.881 3927.628 3924.072 3920.515 3916.959 3915.475 3917.42 3919.365 3921.309 3923.254 3930.273 3938.254 3946.235 3954.216 3958.047 3952.391 3946.735 3941.08 3935.424 3929.459 3923.401 3917.344 3911.286 3906.32 3904.97 3903.62 3902.27 3900.92 3901.459 3902.825 3904.19 3905.555 3908.255 3917.99 3927.725 3937.46 3947.195 3961.587 3978.795 3996.003 4013.211 4029.995 4042.32 4054.646 4066.971 4079.297 4087.354 4091.929 4096.504 4101.079 4105.609 4107.05 4108.491 4109.933 4111.374
3911.484 3913.763 3916.042 3918.32 3919.744 3920.12 3920.495 3920.871 3921.247 3918.445 3915.341 3912.236 3909.132 3907.981 3910.06 3912.14 3914.219 3916.298 3922.913 3930.388 3937.863 3945.338 3948.692 3942.628 3936.563 3930.498 3924.433 3919.474 3914.848 3910.222 3905.595 3901.956 3901.586 3901.216 3900.846 3900.476 3901.642 3903.481 3905.32 3907.159 3910.606 3922.532 3934.458 3946.384 3958.31 3974.333 3992.832 4011.332 4029.832 4047.625 4057.99 4068.357 4078.723 4089.089 4095.383 4098.354 4101.325 4104.296 4107.237 4108.173 4109.108 4110.043 4110.979
3907.43 3909.289 3911.148 3913.006 3914.202 3914.586 3914.97 3915.354 3915.738 3913.502 3911.017 3908.532 3906.047 3905.173 3906.962 3908.751 3910.54 3912.33 3917.91 3924.21 3930.51 3936.81 3939.583 3934.293 3929.003 3923.713 3918.424 3914.41 3910.783 3907.155 3903.528 3900.771 3900.9 3901.029 3901.158 3901.287 3903.52 3906.673 3909.827 3912.98 3917.698 3930.67 3943.64 3956.612 3969.582 3985.63 4003.538 4021.447 4039.355 4056.484 4065.427 4074.37 4083.314 4092.257 4097.562 4099.898 4102.235 4104.572 4106.885 4107.624 4108.362 4109.1 4109.838
3905.184 3906.548 3907.911 3909.275 3910.152 3910.434 3910.716 3910.997 3911.279 3909.639 3907.816 3905.993 3904.17 3903.558 3904.949 3906.34 3907.73 3909.121 3913.507 3918.462 3923.416 3928.37 3930.534 3926.321 3922.108 3917.895 3913.681 3910.6 3907.861 3905.121 3902.382 3900.395 3900.9 3901.406 3901.912 3902.417 3905.828 3910.51 3915.192 3919.874 3925.998 3939.722 3953.447 3967.172 3980.896 3996.56 4013.397 4030.235 4047.071 4063.11 4070.767 4078.424 4086.082 4093.739 4098.252 4100.201 4102.15 4104.099 4106.029 4106.649 4107.269 4107.889 4108.509
3902.938 3903.807 3904.675 3905.543 3906.102 3906.282 3906.461 3906.64 3906.82 3905.775 3904.614 3903.453 3902.292 3901.943 3902.935 3903.928 3904.92 3905.913 3909.104 3912.713 3916.322 3919.931 3921.487 3918.35 3915.213 3912.076 3908.939 3906.79 3904.938 3903.087 3901.236 3900.018 3900.9 3901.783 3902.665 3903.548 3908.137 3914.347 3920.558 3926.769 3934.297 3948.775 3963.253 3977.731 3992.209 4007.49 4023.256 4039.022 4054.788 4069.737 4076.108 4082.478 4088.849 4095.22 4098.942 4100.503 4102.065 4103.626 4105.173 4105.674 4106.176 4106.677 4107.179
3900.693 3901.066 3901.439 3901.812 3902.052 3902.129 3902.206 3902.283 3902.36 3901.912 3901.413 3900.914 3900.415 3900.328 3900.922 3901.516 3902.11 3902.705 3904.702 3906.965 3909.228 3911.491 3912.438 3910.378 3908.318 3906.257 3904.197 3902.979 3902.016 3901.053 3900.089 3899.642 3900.901 3902.16 3903.419 3904.678 3910.445 3918.185 3925.924 3933.663 3942.596 3957.828 3973.059 3988.291 4003.522 4018.42 4033.115 4047.81 4062.505 4076.364 4081.448 4086.532 4091.617 4096.701 4099.632 4100.806 4101.98 4103.154 4104.316 4104.7 4105.083 4105.466 4105.849
3899.0 3899.0 3899.0 3899.0 3899.0 3899.0 3899.0 3899.0 3899.0 3899.0 3899.0 3899.0 3899.0 3899.105 3899.383 3899.661 3899.939 3900.217 3901.254 3902.436 3903.617 3904.799 3905.261 3904.08 3902.898 3901.717 3900.535 3900.072 3899.826 3899.58 3899.333 3899.559 3901.349 3903.139 3904.929 3906.719 3913.552 3922.594 3931.634 3940.676 3950.738 3966.186 3981.634 3997.082 4012.53 4026.744 4040.213 4053.682 4067.15 4079.796 4083.798 4087.801 4091.803 4095.805 4098.07 4098.917 4099.765 4100.612 4101.451 4101.733 4102.015 4102.297 4102.579
3899.0 3899.0 3899.0 3899.0 3899.0 3899.0 3899.0 3899.0 3899.0 3899.0 3899.0 3899.0 3899.0 3899.08 3899.294 3899.507 3899.721 3899.934 3900.731 3901.638 3902.545 3903.452 3903.807 3902.9 3901.993 3901.086 3900.179 3899.928 3899.875 3899.823 3899.771 3900.378 3903.168 3905.959 3908.75 3911.541 3919.103 3928.752 3938.401 3948.051 3958.396 3972.418 3986.44 4000.462 4014.483 4027.101 4038.868 4050.636 4062.404 4073.457 4077.002 4080.547 4084.092 4087.636 4089.618 4090.326 4091.033 4091.741 4092.441 4092.675 4092.908 4093.142 4093.375
3899.0 3899.0 3899.0 3899.0 3899.0 3899.0 3899.0 3899.0 3899.0 3899.0 3899.0 3899.0 3899.0 3899.056 3899.205 3899.354 3899.503 3899.652 3900.207 3900.84 3901.472 3902.104 3902.352 3901.719 3901.087 3900.455 3899.822 3899.784 3899.925 3900.067 3900.208 3901.196 3904.988 3908.78 3912.572 3916.364 3924.653 3934.911 3945.168 3955.426 3966.055 3978.651 3991.246 4003.841 4016.437 4027.457 4037.523 4047.591 4057.658 4067.118 4070.206 4073.293 4076.38 4079.467 4081.167 4081.735 4082.302 4082.869 4083.431 4083.616 4083.802 4083.987 4084.172
3899.0 3899.0 3899.0 3899.0 3899.0 3899.0 3899.0 3899.0 3899.0 3899.0 3899.0 3899.0 3899.0 3899.032 3899.116 3899.2 3899.284 3899.369 3899.683 3900.041 3900.399 3900.757 3900.897 3900.539 3900.181 3899.823 3899.465 3899.64 3899.975 3900.31 3900.645 3902.014 3906.807 3911.6 3916.393 3921.186 3930.203 3941.069 3951.935 3962.801 3973.714 3984.883 3996.052 4007.221 4018.39 4027.813 4036.179 4044.545 4052.912 4060.78 4063.409 4066.039 4068.669 4071.299 4072.716 4073.143 4073.571 4073.998 4074.421 4074.558 4074.695 4074.831 4074.968
3899.0 3899.0 3899.0 3899.0 3899.0 3899.0 3899.0 3899.0 3899.0 3899.0 3899.0 3899.0 3899.0 3899.007 3899.027 3899.047 3899.066 3899.086 3899.159 3899.243 3899.326 3899.41 3899.443 3899.359 3899.276 3899.192 3899.109 3899.495 3900.024 3900.553 3901.082 3902.832 3908.626 3914.42 3920.215 3926.009 3935.754 3947.228 3958.701 3970.176 3981.373 3991.116 4000.858 4010.601 4020.343 4028.168 4034.834 4041.5 4048.166 4054.44 4056.613 4058.785 4060.957 4063.13 4064.264 4064.552 4064.839 4065.127 4065.411 4065.5 4065.588 4065.676 4065.764
3899.0 3899.0 3899.0 3899.0 3899.0 3899.0 3899.0 3899.0 3899.0 3899.0 3899.0 3899.0 3899.0 3899.0 3899.0 3899.0 3899.0 3899.0 3899.0 3899.0 3899.0 3899.0 3899.0 3899.0 3899.0 3899.0 3899.0 3899.466 3900.073 3900.679 3901.286 3903.196 3909.422 3915.648 3921.874 3928.1 3937.655 3948.666 3959.677 3970.689 3981.313 3989.899 3998.484 4007.07 4015.656 4022.155 4027.393 4032.632 4037.87 4042.786 4044.317 4045.848 4047.38 4048.911 4049.713 4049.921 4050.128 4050.336 4050.542 4050.695 4050.847 4050.999 4051.151
3899.0 3899.0 3899.0 3899.0 3899.0 3899.0 3899.0 3899.0 3899.0 3899.0 3899.0 3899.0 3899.0 3899.0 3899.0 3899.0 3899.0 3899.0 3899.0 3899.0 3899.0 3899.0 3899.0 3899.0 3899.0 3899.0 3899.0 3899.487 3900.12 3900.754 3901.387 3903.36 3909.769 3916.178 3922.588 3928.997 3937.959 3948.04 3958.119 3968.2 3977.876 3985.423 3992.969 4000.516 4008.063 4013.355 4017.286 4021.216 4025.146 4028.805 4029.615 4030.425 4031.235 4032.045 4032.494 4032.647 4032.801 4032.955 4033.11 4033.375 4033.64 4033.906 4034.171
