data/zism_data/00479_04_D.txt
ncols         224
nrows         224
[rows 28 to 55 of 224, columns 64 to 127 of 224]
818.6937 818.566 820.5566 822.5473 824.538 826.5286 831.054 836.2601 841.4661 846.6722 852.0244 857.876 863.7277 869.5793 875.431 880.9468 886.2929 891.639 896.9852 902.2655 906.9684 911.6713 916.3742 921.0771 924.588 927.0843 929.5805 932.0767 934.5729 933.3168 931.9767 930.6366 929.2964 927.4932 925.0398 922.5864 920.1331 917.6797 915.2384 912.7991 910.3598 907.9205 908.1816 914.9907 921.7999 928.6089 935.4181 945.7828 957.463 969.1428 980.8231 991.0356 993.9728 996.91 999.8472 1002.784 1003.691 1003.276 1002.861 1002.446 1001.941 999.4612 996.9819 994.5025
822.1221 822.2744 824.5555 826.8365 829.1176 831.3987 835.9092 841.0186 846.1278 851.2371 856.4681 862.1154 867.7626 873.4099 879.0572 884.5759 890.0295 895.4832 900.9369 906.3518 911.4258 916.4997 921.5737 926.6476 930.3874 932.9911 935.5949 938.1987 940.8025 939.8433 938.8044 937.7654 936.7264 934.9961 932.2953 929.5946 926.8939 924.1931 920.6042 916.8634 913.1227 909.3819 908.4891 914.5023 920.5154 926.5285 932.5416 943.1036 955.3485 967.593 979.8379 990.5862 993.9161 997.2458 1000.576 1003.905 1005.253 1005.312 1005.37 1005.428 1005.406 1003.626 1001.846 1000.065
825.6579 826.048 828.4905 830.9329 833.3753 835.8177 840.2849 845.2957 850.3066 855.3174 860.4359 865.9224 871.4089 876.8953 882.3818 887.9501 893.5598 899.1694 904.7791 910.3714 915.8116 921.2518 926.6921 932.1323 936.1525 938.9639 941.7753 944.5867 947.398 946.7869 946.0992 945.4114 944.7237 943.176 940.4215 937.667 934.9124 932.1579 927.6508 922.8441 918.0374 913.2307 911.3649 916.6304 921.8959 927.1615 932.427 942.8472 955.1743 967.5011 979.8283 990.6899 994.2864 997.883 1001.48 1005.076 1006.733 1007.127 1007.522 1007.916 1008.238 1006.965 1005.692 1004.419
829.444 829.9739 832.2764 834.579 836.8817 839.1843 843.5412 848.4499 853.3585 858.2672 863.2932 868.7205 874.1478 879.5752 885.0025 890.7296 896.6082 902.4867 908.3653 914.2354 920.0305 925.8257 931.6208 937.416 941.8377 945.0901 948.3425 951.5949 954.8473 954.7035 954.4837 954.2639 954.0441 952.9352 950.5787 948.2222 945.8656 943.509 938.6191 933.2961 927.9731 922.6501 920.2335 924.8643 929.4951 934.126 938.7568 948.244 959.5278 970.8113 982.0951 992.084 995.6536 999.2233 1002.793 1006.362 1008.018 1008.429 1008.84 1009.25 1009.59 1008.376 1007.162 1005.948
833.2301 833.8996 836.0624 838.2252 840.3879 842.5507 846.7975 851.6039 856.4105 861.2169 866.1505 871.5186 876.8868 882.2549 887.6231 893.5089 899.6564 905.804 911.9514 918.0992 924.2493 930.3995 936.5496 942.6997 947.5228 951.2162 954.9096 958.603 962.2964 962.6199 962.868 963.1161 963.3643 962.6943 960.7357 958.7772 956.8186 954.86 949.5872 943.7479 937.9086 932.0694 929.1019 933.098 937.0942 941.0903 945.0865 953.6407 963.8812 974.1213 984.3618 993.478 997.0208 1000.563 1004.106 1007.649 1009.304 1009.731 1010.158 1010.584 1010.942 1009.787 1008.632 1007.478
837.0162 837.8254 839.8483 841.8713 843.8942 845.9171 850.0538 854.7581 859.4624 864.1667 869.0078 874.3168 879.6258 884.9348 890.2438 896.2883 902.7048 909.1212 915.5377 921.9631 928.4682 934.9733 941.4784 947.9835 953.208 957.3424 961.4768 965.6112 969.7456 970.5365 971.2526 971.9686 972.6847 972.4535 970.8929 969.3323 967.7717 966.2112 960.5555 954.2 947.8444 941.4888 937.9705 941.3319 944.6934 948.0549 951.4163 959.0375 968.2346 977.4315 986.6286 994.872 998.3879 1001.904 1005.42 1008.935 1010.59 1011.033 1011.476 1011.918 1012.294 1011.198 1010.103 1009.007
840.8024 841.7512 843.6343 845.5175 847.4005 849.2836 853.3101 857.9122 862.5143 867.1165 871.8651 877.1149 882.3647 887.6146 892.8644 899.0678 905.7531 912.4385 919.1238 925.8271 932.6871 939.5471 946.4072 953.2672 958.8932 963.4686 968.0441 972.6194 977.1949 978.4531 979.6371 980.8211 982.0051 982.2127 981.0501 979.8875 978.7249 977.5623 971.5239 964.652 957.7801 950.9082 946.839 949.5658 952.2926 955.0193 957.7462 964.4343 972.5881 980.7416 988.8954 996.2661 999.755 1003.244 1006.733 1010.222 1011.875 1012.334 1012.793 1013.253 1013.646 1012.61 1011.573 1010.537
844.7181 845.7833 847.5057 849.2283 850.9508 852.6733 856.3956 860.6549 864.9142 869.1735 873.6238 878.7274 883.8309 888.9344 894.038 900.3378 907.2422 914.1467 921.0512 927.9938 935.271 942.5482 949.8254 957.1027 963.3514 968.7246 974.0978 979.471 984.8442 986.9712 989.0256 991.0799 993.1343 994.0054 993.2159 992.4263 991.6368 990.8473 985.0035 978.2957 971.588 964.8802 960.6219 962.3033 963.9847 965.6661 967.3475 972.8313 979.7219 986.6122 993.5027 999.7802 1003.018 1006.256 1009.494 1012.732 1014.075 1014.185 1014.296 1014.406 1014.461 1013.313 1012.166 1011.019
848.6724 849.8468 851.4026 852.9584 854.5142 856.0699 859.4305 863.2756 867.1208 870.966 875.057 879.9884 884.9199 889.8513 894.7828 901.1605 908.2693 915.3782 922.4871 929.6577 937.3705 945.0834 952.7962 960.509 967.4462 973.7228 979.9996 986.2762 992.553 995.6677 998.7117 1001.756 1004.8 1006.401 1005.977 1005.553 1005.129 1004.706 999.2275 992.8854 986.5434 980.2014 975.8613 976.3755 976.8898 977.4041 977.9183 982.1173 987.6795 993.2415 998.8037 1003.922 1006.843 1009.764 1012.685 1015.605 1016.546 1016.199 1015.852 1015.505 1015.116 1013.807 1012.499 1011.19
852.6266 853.9103 855.2994 856.6884 858.0775 859.4666 862.4653 865.8964 869.3275 872.7585 876.4902 881.2495 886.0089 890.7682 895.5276 901.9833 909.2965 916.6097 923.923 931.3216 939.47 947.6185 955.767 963.9155 971.5409 978.7211 985.9013 993.0815 1000.262 1004.364 1008.398 1012.431 1016.465 1018.796 1018.738 1018.68 1018.622 1018.564 1013.451 1007.475 1001.499 995.5225 991.1006 990.4478 989.7949 989.1421 988.4892 991.4034 995.6372 999.8708 1004.105 1008.065 1010.668 1013.272 1015.875 1018.478 1019.017 1018.213 1017.409 1016.605 1015.771 1014.301 1012.831 1011.361
856.5809 857.9739 859.1962 860.4185 861.6409 862.8632 865.5002 868.5172 871.5341 874.5511 877.9233 882.5106 887.0978 891.6851 896.2723 902.806 910.3237 917.8412 925.3589 932.9855 941.5696 950.1536 958.7377 967.3218 975.6357 983.7194 991.8031 999.8868 1007.971 1013.061 1018.084 1023.107 1028.13 1031.192 1031.499 1031.807 1032.115 1032.422 1027.675 1022.065 1016.454 1010.844 1006.34 1004.52 1002.7 1000.88 999.0601 1000.689 1003.595 1006.5 1009.406 1012.207 1014.493 1016.779 1019.065 1021.352 1021.488 1020.227 1018.966 1017.704 1016.427 1014.795 1013.164 1011.533
860.3613 861.8595 862.9686 864.0778 865.1869 866.2961 868.593 871.2089 873.8248 876.4407 879.4576 883.8453 888.233 892.6207 897.0085 903.5806 911.2568 918.9331 926.6094 934.4152 943.3591 952.3031 961.247 970.191 979.159 988.1475 997.136 1006.125 1015.113 1021.155 1027.132 1033.108 1039.084 1042.828 1043.439 1044.049 1044.66 1045.27 1040.979 1035.849 1030.719 1025.589 1021.176 1018.504 1015.832 1013.159 1010.487 1011.032 1012.767 1014.502 1016.237 1017.981 1019.766 1021.55 1023.335 1025.12 1024.681 1022.797 1020.912 1019.028 1017.144 1015.262 1013.381 1011.499
863.6003 865.1906 866.3536 867.5165 868.6794 869.8423 871.8666 874.1222 876.3777 878.6334 881.3069 885.4095 889.5122 893.6149 897.7176 904.2047 911.8971 919.5895 927.2819 935.1148 944.1825 953.2501 962.3177 971.3854 980.9012 990.7986 1000.696 1010.594 1020.491 1027.374 1034.189 1041.004 1047.82 1052.098 1052.816 1053.534 1054.253 1054.971 1051.411 1047.12 1042.829 1038.538 1034.758 1032.214 1029.671 1027.128 1024.585 1024.67 1025.727 1026.785 1027.842 1028.841 1029.55 1030.259 1030.968 1031.677 1030.125 1027.1 1024.075 1021.051 1018.053 1015.644 1013.236 1010.827
866.8392 868.5218 869.7385 870.9551 872.1719 873.3885 875.1401 877.0354 878.9307 880.8259 883.1561 886.9738 890.7914 894.6091 898.4267 904.8288 912.5373 920.2458 927.9544 935.8145 945.0058 954.1971 963.3885 972.5798 982.6435 993.4498 1004.256 1015.062 1025.869 1033.592 1041.246 1048.901 1056.555 1061.368 1062.194 1063.02 1063.845 1064.671 1061.844 1058.392 1054.94 1051.488 1048.339 1045.925 1043.51 1041.096 1038.682 1038.308 1038.688 1039.067 1039.447 1039.702 1039.335 1038.969 1038.602 1038.235 1035.568 1031.403 1027.238 1023.073 1018.962 1016.026 1013.091 1010.155
870.0781 871.8528 873.1233 874.3938 875.6642 876.9348 878.4137 879.9486 881.4835 883.0184 885.0054 888.538 892.0706 895.6032 899.1358 905.4529 913.1776 920.9022 928.6269 936.5141 945.8292 955.1442 964.4592 973.7743 984.3857 996.1009 1007.816 1019.531 1031.246 1039.81 1048.304 1056.797 1065.29 1070.638 1071.572 1072.505 1073.438 1074.371 1072.276 1069.663 1067.05 1064.437 1061.92 1059.635 1057.35 1055.065 1052.78 1051.945 1051.647 1051.35 1051.052 1050.562 1049.12 1047.678 1046.235 1044.793 1041.011 1035.706 1030.401 1025.096 1019.871 1016.409 1012.946 1009.483
873.317 875.184 876.5082 877.8325 879.1567 880.481 881.6873 882.8618 884.0364 885.211 886.8547 890.1022 893.3498 896.5974 899.8449 906.077 913.8178 921.5587 929.2994 937.2137 946.6525 956.0912 965.53 974.9687 986.128 998.752 1011.376 1024.0 1036.624 1046.029 1055.361 1064.693 1074.026 1079.908 1080.949 1081.99 1083.031 1084.072 1082.709 1080.935 1079.161 1077.386 1075.501 1073.345 1071.189 1069.033 1066.877 1065.583 1064.608 1063.632 1062.657 1061.423 1058.905 1056.387 1053.869 1051.351 1046.454 1040.009 1033.564 1027.118 1020.78 1016.791 1012.801 1008.811
876.0601 877.9719 879.3499 880.7279 882.106 883.484 884.4297 885.2593 886.0889 886.9185 888.2603 891.3535 894.4466 897.5397 900.6328 907.079 915.2201 923.3612 931.5023 939.8115 949.5967 959.382 969.1672 978.9525 990.54 1003.662 1016.784 1029.906 1043.028 1052.204 1061.292 1070.38 1079.468 1085.17 1086.118 1087.067 1088.016 1088.964 1087.989 1086.685 1085.382 1084.078 1082.613 1080.759 1078.905 1077.051 1075.197 1073.911 1072.834 1071.757 1070.68 1069.239 1065.991 1062.744 1059.496 1056.248 1050.508 1043.145 1035.782 1028.42 1021.191 1016.901 1012.611 1008.321
878.6048 880.5424 881.9742 883.406 884.8378 886.2697 886.9597 887.4504 887.9412 888.432 889.4885 892.4794 895.4704 898.4613 901.4523 908.2321 916.9271 925.6222 934.3173 943.1683 953.3892 963.61 973.8309 984.0518 996.0198 1009.475 1022.93 1036.386 1049.841 1058.362 1066.772 1075.183 1083.593 1088.828 1089.604 1090.381 1091.157 1091.934 1091.209 1090.228 1089.247 1088.266 1087.138 1085.655 1084.172 1082.689 1081.207 1080.114 1079.167 1078.219 1077.271 1075.838 1071.999 1068.159 1064.32 1060.481 1054.005 1045.814 1037.623 1029.432 1021.403 1016.903 1012.403 1007.903
881.1495 883.113 884.5986 886.0842 887.5698 889.0554 889.4896 889.6416 889.7936 889.9455 890.7167 893.6055 896.4942 899.3829 902.2717 909.3851 918.6342 927.8832 937.1323 946.5252 957.1817 967.8382 978.4947 989.1512 1001.5 1015.288 1029.077 1042.866 1056.655 1064.52 1072.253 1079.986 1087.719 1092.485 1093.09 1093.694 1094.299 1094.903 1094.429 1093.771 1093.112 1092.454 1091.663 1090.551 1089.439 1088.328 1087.216 1086.318 1085.499 1084.681 1083.862 1082.437 1078.006 1073.575 1069.145 1064.714 1057.503 1048.484 1039.464 1030.445 1021.615 1016.905 1012.195 1007.486
883.6943 885.6835 887.2229 888.7623 890.3017 891.8411 892.0196 891.8328 891.6459 891.459 891.9449 894.7315 897.5181 900.3046 903.0911 910.5382 920.3412 930.1443 939.9473 949.8821 960.9742 972.0664 983.1585 994.2507 1006.979 1021.102 1035.224 1049.346 1063.469 1070.678 1077.733 1084.789 1091.844 1096.143 1096.576 1097.008 1097.44 1097.873 1097.649 1097.313 1096.977 1096.642 1096.188 1095.447 1094.706 1093.966 1093.225 1092.522 1091.832 1091.143 1090.453 1089.036 1084.014 1078.991 1073.969 1068.946 1061.001 1051.153 1041.306 1031.458 1021.826 1016.907 1011.987 1007.068
886.3679 888.4114 889.9986 891.5858 893.1729 894.7601 894.6517 894.0881 893.5245 892.9608 893.1439 895.8802 898.6165 901.3527 904.0891 911.866 922.191 932.5161 942.8411 953.2947 964.8774 976.4601 988.0428 999.6254 1012.659 1026.927 1041.194 1055.462 1069.73 1076.278 1082.652 1089.026 1095.401 1099.236 1099.507 1099.779 1100.05 1100.321 1100.296 1100.22 1100.144 1100.068 1099.89 1099.467 1099.043 1098.62 1098.196 1097.66 1097.081 1096.503 1095.924 1094.516 1088.995 1083.474 1077.953 1072.431 1063.901 1053.411 1042.922 1032.433 1022.18 1017.086 1011.992 1006.898
889.6071 891.8293 893.438 895.0467 896.6554 898.264 897.7321 896.6252 895.5184 894.4116 894.2145 897.1283 900.0421 902.9558 905.8696 913.9598 924.6667 935.3737 946.0806 956.9517 969.2658 981.5799 993.894 1006.208 1019.212 1032.802 1046.392 1059.983 1073.573 1079.427 1085.107 1090.788 1096.469 1099.851 1100.01 1100.168 1100.326 1100.485 1100.429 1100.337 1100.245 1100.153 1099.987 1099.644 1099.302 1098.959 1098.616 1098.125 1097.579 1097.032 1096.486 1095.089 1089.477 1083.864 1078.252 1072.639 1064.18 1053.868 1043.557 1033.245 1023.161 1018.045 1012.93 1007.814
892.8463 895.2473 896.8774 898.5076 900.1378 901.768 900.8124 899.1624 897.5124 895.8624 895.2852 898.3764 901.4677 904.5589 907.6501 916.0536 927.1424 938.2312 949.32 960.6087 973.6542 986.6998 999.7453 1012.791 1025.765 1038.677 1051.59 1064.503 1077.415 1082.576 1087.563 1092.549 1097.536 1100.467 1100.512 1100.558 1100.603 1100.648 1100.563 1100.454 1100.346 1100.238 1100.084 1099.822 1099.56 1099.298 1099.036 1098.59 1098.076 1097.562 1097.048 1095.663 1089.959 1084.255 1078.551 1072.847 1064.459 1054.325 1044.191 1034.057 1024.141 1019.004 1013.867 1008.73
896.0854 898.6652 900.3168 901.9686 903.6202 905.2719 903.8926 901.6995 899.5063 897.3131 896.3558 899.6245 902.8932 906.162 909.4307 918.1474 929.618 941.0887 952.5594 964.2657 978.0426 991.8195 1005.596 1019.373 1032.318 1044.553 1056.788 1069.023 1081.258 1085.725 1090.018 1094.311 1098.604 1101.082 1101.015 1100.947 1100.88 1100.812 1100.696 1100.572 1100.447 1100.323 1100.182 1100.0 1099.819 1099.637 1099.456 1099.055 1098.574 1098.092 1097.61 1096.236 1090.441 1084.646 1078.85 1073.055 1064.738 1054.782 1044.825 1034.869 1025.122 1019.963 1014.805 1009.646
899.3246 902.0831 903.7563 905.4295 907.1027 908.7759 906.973 904.2366 901.5002 898.7639 897.4265 900.8727 904.3188 907.765 911.2112 920.2411 932.0937 943.9462 955.7988 967.9227 982.431 996.9394 1011.448 1025.956 1038.87 1050.428 1061.985 1073.543 1085.1 1088.874 1092.473 1096.072 1099.671 1101.698 1101.517 1101.337 1101.156 1100.976 1100.829 1100.689 1100.548 1100.408 1100.279 1100.178 1100.077 1099.977 1099.876 1099.521 1099.071 1098.622 1098.172 1096.81 1090.923 1085.036 1079.149 1073.263 1065.018 1055.239 1045.459 1035.68 1026.102 1020.922 1015.742 1010.562
904.2992 907.7405 910.0291 912.3175 914.606 916.8945 914.3757 910.566 906.7563 902.9467 900.7933 904.3039 907.8145 911.325 914.8356 924.2276 936.5928 948.958 961.3232 973.9185 988.5363 1003.154 1017.772 1032.39 1044.94 1055.732 1066.523 1077.315 1088.106 1091.337 1094.397 1097.458 1100.519 1102.192 1101.916 1101.64 1101.364 1101.089 1100.818 1100.548 1100.278 1100.008 1099.784 1099.668 1099.553 1099.437 1099.322 1098.844 1098.233 1097.621 1097.009 1095.49 1089.469 1083.448 1077.428 1071.407 1063.489 1054.336 1045.183 1036.031 1027.06 1022.078 1017.095 1012.113
910.1791 914.5665 917.78 920.9937 924.2072 927.4208 924.0336 918.874 913.7144 908.5548 905.3582 908.8741 912.39 915.9059 919.4218 929.2015 942.1476 955.0936 968.0397 981.1346 995.5372 1009.94 1024.342 1038.745 1050.758 1060.738 1070.717 1080.697 1090.676 1093.441 1096.045 1098.648 1101.252 1102.622 1102.26 1101.898 1101.537 1101.175 1100.731 1100.273 1099.815 1099.357 1098.98 1098.8 1098.62 1098.44 1098.26 1097.572 1096.697 1095.822 1094.947 1093.182 1087.005 1080.828 1074.652 1068.475 1061.017 1052.725 1044.432 1036.14 1028.006 1023.336 1018.665 1013.995
916.059 921.3923 925.5309 929.6696 933.8082 937.9469 933.6914 927.1819 920.6724 914.1628 909.923 913.4442 916.9655 920.4868 924.008 934.1754 947.7023 961.2292 974.7561 988.3505 1002.538 1016.726 1030.913 1045.1 1056.576 1065.744 1074.911 1084.078 1093.246 1095.546 1097.692 1099.839 1101.985 1103.052 1102.604 1102.157 1101.709 1101.261 1100.644 1099.997 1099.351 1098.705 1098.176 1097.931 1097.687 1097.442 1097.198 1096.3 1095.162 1094.023 1092.884 1090.874 1084.541 1078.209 1071.876 1065.543 1058.545 1051.113 1043.681 1036.25 1028.953 1024.594 1020.235 1015.876
