data/zism_data/00473_02_D.txt
ncols         224
nrows         224
[rows 120 to 149 of 224, columns 0 to 65 of 224]
1200.0 1200.0 1200.0 1200.0 1200.0 1200.0 1200.0 1200.0 1200.0 1200.0 1200.0 1200.0 1200.03 1200.108 1200.185 1200.263 1200.34 1200.683 1201.07 1201.458 1201.845 1202.441 1203.483 1204.525 1205.568 1206.61 1207.958 1209.39 1210.823 1212.256 1213.509 1214.215 1214.921 1215.626 1216.332 1216.635 1216.774 1216.912 1217.05 1217.484 1219.32 1221.155 1222.991 1224.827 1227.36 1230.29 1233.219 1236.149 1239.095 1242.185 1245.276 1248.366 1251.456 1254.623 1257.849 1261.075 1264.3 1267.508 1270.103 1272.698 1275.292 1277.887 1280.272 1282.442 1284.611 1286.781
1200.0 1200.0 1200.0 1200.0 1200.0 1200.0 1200.0 1200.0 1200.0 1200.0 1200.0 1200.0 1200.041 1200.145 1200.25 1200.354 1200.459 1200.921 1201.443 1201.965 1202.488 1203.215 1204.382 1205.548 1206.715 1207.881 1209.319 1210.833 1212.347 1213.86 1215.208 1216.049 1216.89 1217.73 1218.571 1218.99 1219.236 1219.483 1219.729 1220.244 1222.037 1223.829 1225.622 1227.414 1229.87 1232.703 1235.535 1238.368 1241.229 1244.346 1247.463 1250.581 1253.698 1256.904 1260.178 1263.453 1266.727 1269.981 1272.532 1275.084 1277.636 1280.187 1282.532 1284.664 1286.795 1288.927
1200.0 1200.0 1200.0 1200.0 1200.0 1200.0 1200.0 1200.0 1200.02 1200.042 1200.063 1200.085 1200.18 1200.391 1200.602 1200.813 1201.023 1201.604 1202.246 1202.889 1203.532 1204.363 1205.596 1206.829 1208.062 1209.295 1210.814 1212.412 1214.011 1215.609 1217.051 1218.016 1218.981 1219.946 1220.911 1221.439 1221.788 1222.137 1222.486 1223.07 1224.775 1226.479 1228.183 1229.887 1232.247 1234.979 1237.71 1240.442 1243.214 1246.346 1249.478 1252.609 1255.741 1258.962 1262.253 1265.544 1268.834 1272.104 1274.668 1277.232 1279.797 1282.361 1284.674 1286.728 1288.782 1290.837
1200.0 1200.0 1200.0 1200.0 1200.0 1200.0 1200.0 1200.0 1200.08 1200.167 1200.253 1200.339 1200.578 1201.053 1201.528 1202.004 1202.479 1203.176 1203.911 1204.646 1205.38 1206.258 1207.443 1208.627 1209.812 1210.996 1212.576 1214.266 1215.956 1217.646 1219.183 1220.251 1221.318 1222.386 1223.453 1224.076 1224.517 1224.957 1225.398 1226.028 1227.554 1229.08 1230.606 1232.132 1234.358 1236.982 1239.605 1242.229 1244.903 1248.024 1251.145 1254.266 1257.387 1260.576 1263.818 1267.06 1270.302 1273.528 1276.217 1278.905 1281.594 1284.282 1286.581 1288.478 1290.376 1292.274
1200.0 1200.0 1200.0 1200.0 1200.0 1200.0 1200.0 1200.0 1200.14 1200.291 1200.443 1200.594 1200.975 1201.715 1202.455 1203.195 1203.935 1204.749 1205.575 1206.402 1207.228 1208.153 1209.289 1210.425 1211.561 1212.697 1214.338 1216.12 1217.902 1219.684 1221.315 1222.485 1223.655 1224.825 1225.995 1226.713 1227.245 1227.778 1228.31 1228.985 1230.333 1231.681 1233.029 1234.376 1236.469 1238.985 1241.501 1244.016 1246.592 1249.702 1252.812 1255.922 1259.032 1262.19 1265.383 1268.577 1271.77 1274.953 1277.765 1280.578 1283.39 1286.203 1288.487 1290.229 1291.97 1293.711
1200.0 1200.0 1200.0 1200.0 1200.0 1200.0 1200.0 1200.0 1200.2 1200.416 1200.632 1200.848 1201.373 1202.377 1203.382 1204.386 1205.391 1206.321 1207.24 1208.158 1209.076 1210.048 1211.136 1212.223 1213.31 1214.397 1216.1 1217.974 1219.847 1221.721 1223.447 1224.719 1225.992 1227.265 1228.537 1229.35 1229.974 1230.599 1231.223 1231.942 1233.112 1234.281 1235.451 1236.621 1238.58 1240.988 1243.396 1245.803 1248.281 1251.381 1254.48 1257.579 1260.678 1263.803 1266.948 1270.093 1273.238 1276.377 1279.313 1282.25 1285.187 1288.124 1290.394 1291.979 1293.563 1295.148
1200.0 1200.0 1200.0 1200.0 1200.0 1200.0 1200.0 1200.0 1200.26 1200.541 1200.822 1201.103 1201.77 1203.039 1204.308 1205.577 1206.846 1207.894 1208.904 1209.914 1210.924 1211.943 1212.982 1214.021 1215.059 1216.098 1217.862 1219.827 1221.793 1223.758 1225.578 1226.954 1228.329 1229.704 1231.079 1231.987 1232.703 1233.419 1234.135 1234.899 1235.891 1236.882 1237.874 1238.865 1240.691 1242.991 1245.291 1247.591 1249.97 1253.059 1256.147 1259.235 1262.324 1265.417 1268.513 1271.609 1274.706 1277.801 1280.862 1283.923 1286.984 1290.045 1292.301 1293.729 1295.157 1296.585
1200.792 1200.934 1201.076 1201.172 1201.215 1201.258 1201.301 1201.344 1201.66 1201.997 1202.334 1202.671 1203.417 1204.8 1206.183 1207.566 1208.949 1210.04 1211.082 1212.123 1213.165 1214.194 1215.197 1216.2 1217.203 1218.206 1219.926 1221.845 1223.765 1225.685 1227.485 1228.92 1230.354 1231.789 1233.224 1234.229 1235.059 1235.888 1236.718 1237.566 1238.504 1239.442 1240.38 1241.318 1243.029 1245.177 1247.326 1249.475 1251.7 1254.601 1257.502 1260.403 1263.304 1266.271 1269.289 1272.307 1275.324 1278.342 1281.385 1284.429 1287.472 1290.515 1292.747 1294.143 1295.539 1296.935
1201.785 1202.105 1202.425 1202.642 1202.739 1202.836 1202.933 1203.03 1203.4 1203.791 1204.182 1204.573 1205.381 1206.84 1208.298 1209.757 1211.216 1212.332 1213.389 1214.447 1215.505 1216.535 1217.506 1218.476 1219.447 1220.417 1222.067 1223.906 1225.744 1227.583 1229.334 1230.817 1232.301 1233.784 1235.267 1236.371 1237.319 1238.267 1239.216 1240.158 1241.075 1241.991 1242.908 1243.825 1245.423 1247.41 1249.397 1251.384 1253.44 1256.109 1258.778 1261.447 1264.116 1266.933 1269.864 1272.795 1275.726 1278.659 1281.648 1284.637 1287.627 1290.616 1292.82 1294.216 1295.612 1297.008
1202.778 1203.276 1203.775 1204.112 1204.263 1204.414 1204.565 1204.716 1205.14 1205.585 1206.03 1206.475 1207.346 1208.88 1210.414 1211.948 1213.483 1214.623 1215.697 1216.771 1217.845 1218.876 1219.814 1220.752 1221.69 1222.629 1224.208 1225.966 1227.723 1229.481 1231.183 1232.715 1234.247 1235.779 1237.311 1238.513 1239.58 1240.647 1241.714 1242.751 1243.646 1244.541 1245.436 1246.331 1247.819 1249.643 1251.468 1253.293 1255.18 1257.617 1260.053 1262.49 1264.927 1267.594 1270.439 1273.284 1276.129 1278.976 1281.911 1284.846 1287.781 1290.717 1292.894 1294.29 1295.686 1297.082
1203.771 1204.448 1205.125 1205.582 1205.787 1205.992 1206.197 1206.402 1206.88 1207.379 1207.878 1208.377 1209.31 1210.92 1212.53 1214.14 1215.75 1216.915 1218.005 1219.096 1220.186 1221.217 1222.123 1223.029 1223.934 1224.84 1226.349 1228.026 1229.702 1231.379 1233.032 1234.612 1236.193 1237.774 1239.354 1240.655 1241.84 1243.026 1244.212 1245.344 1246.217 1247.09 1247.964 1248.837 1250.214 1251.876 1253.539 1255.202 1256.92 1259.125 1261.329 1263.534 1265.738 1268.256 1271.014 1273.773 1276.531 1279.293 1282.174 1285.055 1287.936 1290.818 1292.967 1294.363 1295.759 1297.155
1205.181 1206.008 1206.834 1207.394 1207.644 1207.895 1208.145 1208.396 1208.898 1209.42 1209.942 1210.464 1211.425 1213.068 1214.711 1216.354 1217.997 1219.179 1220.283 1221.386 1222.49 1223.516 1224.377 1225.237 1226.098 1226.958 1228.402 1230.007 1231.613 1233.218 1234.833 1236.478 1238.123 1239.768 1241.412 1242.804 1244.091 1245.379 1246.667 1247.883 1248.76 1249.637 1250.514 1251.391 1252.682 1254.209 1255.735 1257.261 1258.835 1260.833 1262.831 1264.828 1266.826 1269.188 1271.828 1274.469 1277.11 1279.755 1282.524 1285.294 1288.063 1290.833 1292.93 1294.336 1295.742 1297.148
1207.771 1208.668 1209.564 1210.172 1210.444 1210.716 1210.988 1211.26 1211.704 1212.161 1212.618 1213.075 1213.963 1215.52 1217.076 1218.633 1220.19 1221.364 1222.473 1223.582 1224.691 1225.695 1226.474 1227.254 1228.034 1228.813 1230.205 1231.768 1233.33 1234.892 1236.501 1238.254 1240.007 1241.759 1243.512 1244.973 1246.315 1247.656 1248.998 1250.272 1251.225 1252.178 1253.13 1254.083 1255.36 1256.821 1258.283 1259.744 1261.246 1263.109 1264.972 1266.835 1268.698 1270.884 1273.32 1275.756 1278.191 1280.629 1283.123 1285.617 1288.111 1290.605 1292.582 1294.025 1295.469 1296.913
1210.361 1211.328 1212.295 1212.95 1213.243 1213.537 1213.831 1214.125 1214.51 1214.902 1215.295 1215.687 1216.501 1217.971 1219.442 1220.912 1222.382 1223.548 1224.663 1225.777 1226.892 1227.873 1228.572 1229.271 1229.969 1230.668 1232.009 1233.528 1235.047 1236.566 1238.169 1240.03 1241.891 1243.751 1245.612 1247.142 1248.538 1249.934 1251.33 1252.661 1253.69 1254.718 1255.746 1256.775 1258.038 1259.434 1260.831 1262.228 1263.658 1265.385 1267.113 1268.841 1270.569 1272.581 1274.811 1277.042 1279.272 1281.503 1283.721 1285.94 1288.159 1290.377 1292.233 1293.714 1295.196 1296.677
1212.951 1213.988 1215.025 1215.728 1216.043 1216.358 1216.674 1216.989 1217.316 1217.643 1217.971 1218.298 1219.039 1220.423 1221.807 1223.191 1224.575 1225.733 1226.853 1227.973 1229.092 1230.052 1230.67 1231.287 1231.905 1232.523 1233.812 1235.288 1236.764 1238.24 1239.837 1241.805 1243.774 1245.743 1247.712 1249.312 1250.762 1252.211 1253.661 1255.051 1256.155 1257.258 1258.362 1259.466 1260.715 1262.047 1263.379 1264.711 1266.069 1267.662 1269.255 1270.847 1272.44 1274.277 1276.303 1278.328 1280.354 1282.377 1284.32 1286.263 1288.206 1290.15 1291.884 1293.403 1294.923 1296.442
1215.541 1216.648 1217.755 1218.506 1218.843 1219.18 1219.516 1219.853 1220.122 1220.384 1220.647 1220.91 1221.578 1222.875 1224.173 1225.47 1226.768 1227.918 1229.043 1230.168 1231.293 1232.231 1232.768 1233.304 1233.841 1234.378 1235.615 1237.048 1238.481 1239.913 1241.505 1243.581 1245.658 1247.735 1249.812 1251.481 1252.985 1254.489 1255.993 1257.44 1258.619 1259.799 1260.978 1262.158 1263.393 1264.66 1265.927 1267.194 1268.48 1269.938 1271.396 1272.854 1274.312 1275.974 1277.794 1279.615 1281.435 1283.25 1284.918 1286.586 1288.254 1289.922 1291.535 1293.092 1294.65 1296.207
1218.293 1219.427 1220.562 1221.353 1221.747 1222.141 1222.534 1222.928 1223.169 1223.399 1223.628 1223.857 1224.443 1225.584 1226.724 1227.865 1229.006 1230.111 1231.21 1232.31 1233.409 1234.322 1234.836 1235.35 1235.865 1236.379 1237.609 1239.038 1240.466 1241.895 1243.477 1245.528 1247.58 1249.632 1251.683 1253.368 1254.902 1256.436 1257.97 1259.46 1260.739 1262.017 1263.296 1264.574 1265.842 1267.103 1268.364 1269.624 1270.903 1272.344 1273.784 1275.224 1276.664 1278.241 1279.922 1281.604 1283.285 1284.96 1286.415 1287.87 1289.325 1290.781 1292.214 1293.625 1295.036 1296.447
1221.107 1222.252 1223.397 1224.227 1224.691 1225.155 1225.619 1226.083 1226.309 1226.516 1226.724 1226.932 1227.433 1228.39 1229.347 1230.304 1231.261 1232.308 1233.369 1234.431 1235.492 1236.379 1236.894 1237.408 1237.922 1238.437 1239.675 1241.114 1242.554 1243.993 1245.565 1247.541 1249.517 1251.493 1253.469 1255.146 1256.702 1258.258 1259.814 1261.34 1262.727 1264.114 1265.5 1266.887 1268.203 1269.48 1270.758 1272.035 1273.331 1274.798 1276.265 1277.733 1279.2 1280.724 1282.292 1283.86 1285.428 1286.988 1288.254 1289.52 1290.786 1292.052 1293.283 1294.478 1295.673 1296.869
1223.921 1225.077 1226.233 1227.101 1227.635 1228.169 1228.703 1229.237 1229.449 1229.635 1229.821 1230.007 1230.423 1231.196 1231.97 1232.743 1233.517 1234.504 1235.528 1236.552 1237.575 1238.437 1238.951 1239.465 1239.98 1240.494 1241.741 1243.191 1244.641 1246.091 1247.652 1249.553 1251.453 1253.354 1255.254 1256.925 1258.503 1260.08 1261.658 1263.221 1264.715 1266.21 1267.704 1269.199 1270.565 1271.858 1273.152 1274.445 1275.759 1277.253 1278.747 1280.241 1281.735 1283.207 1284.662 1286.117 1287.571 1289.015 1290.092 1291.169 1292.247 1293.324 1294.353 1295.332 1296.311 1297.29
1226.734 1227.901 1229.068 1229.974 1230.579 1231.183 1231.787 1232.392 1232.588 1232.753 1232.917 1233.082 1233.413 1234.002 1234.592 1235.182 1235.772 1236.701 1237.687 1238.673 1239.659 1240.494 1241.009 1241.523 1242.037 1242.552 1243.807 1245.268 1246.729 1248.19 1249.74 1251.565 1253.39 1255.215 1257.04 1258.704 1260.303 1261.902 1263.501 1265.101 1266.704 1268.306 1269.909 1271.511 1272.927 1274.236 1275.546 1276.855 1278.186 1279.708 1281.229 1282.75 1284.271 1285.691 1287.032 1288.373 1289.714 1291.043 1291.931 1292.819 1293.707 1294.595 1295.422 1296.185 1296.948 1297.711
1229.556 1230.713 1231.869 1232.803 1233.478 1234.154 1234.829 1235.505 1235.684 1235.825 1235.966 1236.107 1236.36 1236.786 1237.213 1237.64 1238.066 1238.947 1239.904 1240.861 1241.819 1242.634 1243.148 1243.661 1244.174 1244.688 1245.927 1247.367 1248.807 1250.247 1251.766 1253.523 1255.28 1257.038 1258.795 1260.463 1262.095 1263.727 1265.359 1267.001 1268.692 1270.383 1272.075 1273.766 1275.233 1276.573 1277.913 1279.253 1280.612 1282.139 1283.665 1285.192 1286.719 1288.072 1289.292 1290.512 1291.732 1292.937 1293.65 1294.364 1295.077 1295.79 1296.43 1296.993 1297.557 1298.12
1232.413 1233.467 1234.521 1235.434 1236.185 1236.936 1237.687 1238.438 1238.594 1238.702 1238.81 1238.919 1239.122 1239.473 1239.824 1240.176 1240.527 1241.405 1242.373 1243.341 1244.31 1245.131 1245.639 1246.147 1246.655 1247.163 1248.278 1249.561 1250.845 1252.129 1253.521 1255.246 1256.971 1258.696 1260.421 1262.137 1263.85 1265.563 1267.276 1268.986 1270.682 1272.379 1274.076 1275.772 1277.3 1278.732 1280.163 1281.595 1283.028 1284.468 1285.909 1287.349 1288.79 1290.017 1291.08 1292.143 1293.206 1294.256 1294.856 1295.456 1296.056 1296.656 1297.174 1297.608 1298.042 1298.476
1235.269 1236.221 1237.172 1238.065 1238.892 1239.719 1240.546 1241.372 1241.503 1241.579 1241.655 1241.731 1241.885 1242.161 1242.436 1242.711 1242.987 1243.864 1244.843 1245.822 1246.801 1247.628 1248.13 1248.633 1249.135 1249.638 1250.629 1251.756 1252.883 1254.01 1255.277 1256.969 1258.662 1260.354 1262.047 1263.812 1265.605 1267.399 1269.193 1270.971 1272.673 1274.375 1276.077 1277.779 1279.367 1280.891 1282.414 1283.938 1285.444 1286.798 1288.152 1289.506 1290.86 1291.961 1292.868 1293.774 1294.681 1295.575 1296.062 1296.549 1297.035 1297.522 1297.919 1298.223 1298.527 1298.832
1238.126 1238.974 1239.823 1240.697 1241.599 1242.501 1243.404 1244.306 1244.412 1244.456 1244.499 1244.543 1244.648 1244.848 1245.047 1245.247 1245.447 1246.322 1247.312 1248.302 1249.292 1250.124 1250.621 1251.119 1251.616 1252.113 1252.98 1253.951 1254.921 1255.892 1257.032 1258.692 1260.353 1262.013 1263.673 1265.486 1267.36 1269.235 1271.11 1272.956 1274.663 1276.371 1278.078 1279.785 1281.434 1283.049 1284.665 1286.28 1287.86 1289.128 1290.395 1291.663 1292.931 1293.906 1294.656 1295.406 1296.156 1296.895 1297.268 1297.641 1298.015 1298.388 1298.663 1298.838 1299.013 1299.187
1240.982 1241.729 1242.474 1243.328 1244.306 1245.284 1246.262 1247.24 1247.321 1247.332 1247.344 1247.355 1247.41 1247.535 1247.659 1247.783 1247.908 1248.781 1249.781 1250.782 1251.783 1252.621 1253.113 1253.604 1254.096 1254.588 1255.332 1256.146 1256.959 1257.773 1258.788 1260.416 1262.043 1263.671 1265.299 1267.16 1269.116 1271.071 1273.027 1274.941 1276.654 1278.366 1280.079 1281.792 1283.501 1285.208 1286.915 1288.622 1290.276 1291.458 1292.639 1293.82 1295.001 1295.85 1296.444 1297.037 1297.63 1298.214 1298.474 1298.734 1298.994 1299.254 1299.408 1299.453 1299.498 1299.543
1243.776 1244.476 1245.176 1246.031 1247.067 1248.103 1249.139 1250.175 1250.279 1250.311 1250.343 1250.375 1250.429 1250.52 1250.611 1250.702 1250.793 1251.608 1252.545 1253.483 1254.42 1255.202 1255.653 1256.104 1256.556 1257.007 1257.622 1258.283 1258.943 1259.604 1260.493 1262.078 1263.662 1265.247 1266.832 1268.666 1270.6 1272.535 1274.47 1276.37 1278.105 1279.841 1281.577 1283.313 1285.062 1286.819 1288.575 1290.332 1292.018 1293.081 1294.145 1295.208 1296.271 1296.998 1297.467 1297.935 1298.403 1298.864 1299.052 1299.241 1299.43 1299.619 1299.715 1299.715 1299.715 1299.715
1246.536 1247.22 1247.903 1248.773 1249.857 1250.942 1252.026 1253.111 1253.264 1253.344 1253.425 1253.505 1253.585 1253.665 1253.745 1253.826 1253.906 1254.631 1255.466 1256.301 1257.135 1257.829 1258.221 1258.612 1259.004 1259.396 1259.88 1260.389 1260.899 1261.408 1262.171 1263.707 1265.244 1266.78 1268.316 1270.082 1271.941 1273.8 1275.659 1277.502 1279.27 1281.039 1282.807 1284.575 1286.353 1288.137 1289.92 1291.704 1293.401 1294.329 1295.257 1296.185 1297.114 1297.721 1298.081 1298.442 1298.802 1299.156 1299.297 1299.437 1299.577 1299.717 1299.788 1299.788 1299.788 1299.788
1249.296 1249.964 1250.631 1251.514 1252.647 1253.781 1254.914 1256.047 1256.248 1256.377 1256.506 1256.635 1256.741 1256.81 1256.879 1256.949 1257.018 1257.654 1258.386 1259.119 1259.851 1260.455 1260.788 1261.12 1261.452 1261.785 1262.137 1262.496 1262.854 1263.213 1263.849 1265.337 1266.824 1268.312 1269.8 1271.498 1273.281 1275.065 1276.848 1278.635 1280.435 1282.236 1284.036 1285.837 1287.644 1289.455 1291.265 1293.076 1294.783 1295.576 1296.37 1297.163 1297.956 1298.444 1298.696 1298.949 1299.201 1299.449 1299.54 1299.632 1299.724 1299.815 1299.862 1299.862 1299.862 1299.862
1252.056 1252.708 1253.359 1254.256 1255.438 1256.619 1257.801 1258.983 1259.233 1259.411 1259.588 1259.766 1259.896 1259.955 1260.014 1260.072 1260.131 1260.677 1261.307 1261.937 1262.566 1263.082 1263.355 1263.628 1263.901 1264.174 1264.395 1264.602 1264.81 1265.017 1265.527 1266.966 1268.406 1269.845 1271.284 1272.914 1274.622 1276.329 1278.037 1279.767 1281.6 1283.433 1285.266 1287.099 1288.935 1290.773 1292.61 1294.448 1296.166 1296.824 1297.482 1298.14 1298.799 1299.166 1299.311 1299.455 1299.6 1299.741 1299.784 1299.827 1299.87 1299.913 1299.935 1299.935 1299.935 1299.935
1254.816 1255.453 1256.091 1256.997 1258.215 1259.433 1260.651 1261.868 1262.172 1262.403 1262.635 1262.867 1263.026 1263.074 1263.122 1263.17 1263.217 1263.678 1264.209 1264.74 1265.27 1265.7 1265.913 1266.126 1266.339 1266.551 1266.648 1266.712 1266.776 1266.84 1267.23 1268.617 1270.004 1271.39 1272.777 1274.341 1275.978 1277.615 1279.251 1280.926 1282.784 1284.641 1286.498 1288.355 1290.202 1292.042 1293.882 1295.722 1297.43 1297.961 1298.491 1299.022 1299.553 1299.81 1299.858 1299.906 1299.954 1300.0 1300.0 1300.0 1300.0 1300.0 1300.0 1300.0 1300.0 1300.0
