data/zism_data/00478_04_D.txt
ncols         224
nrows         224
[rows 28 to 55 of 224, columns 126 to 188 of 224]
1352.264 1341.825 1331.387 1323.672 1317.911 1312.15 1306.39 1300.777 1303.401 1306.026 1308.65 1311.274 1316.514 1324.909 1333.304 1341.699 1350.095 1358.299 1366.48 1374.661 1382.842 1387.555 1385.032 1382.51 1379.988 1377.466 1370.552 1362.247 1353.942 1345.637 1337.525 1330.206 1322.887 1315.569 1308.25 1305.376 1305.108 1304.841 1304.573 1304.468 1306.675 1308.882 1311.089 1313.297 1314.91 1315.932 1316.955 1317.977 1318.999 1317.517 1315.866 1314.214 1312.563 1310.782 1308.784 1306.786 1304.788 1302.79 1302.002 1301.501 1301.001 1300.501 1300.115
1349.632 1338.94 1328.249 1320.786 1315.639 1310.491 1305.344 1300.345 1303.562 1306.778 1309.995 1313.211 1318.935 1327.686 1336.436 1345.187 1353.937 1361.971 1369.915 1377.859 1385.803 1390.335 1387.748 1385.161 1382.574 1379.988 1372.825 1364.213 1355.602 1346.99 1338.586 1331.042 1323.497 1315.952 1308.408 1305.626 1305.638 1305.651 1305.663 1305.849 1308.503 1311.157 1313.811 1316.465 1318.301 1319.323 1320.345 1321.368 1322.39 1320.464 1318.339 1316.214 1314.089 1311.891 1309.57 1307.249 1304.928 1302.607 1301.786 1301.324 1300.861 1300.398 1300.046
1346.756 1335.88 1325.005 1317.852 1313.369 1308.886 1304.403 1300.065 1303.756 1307.447 1311.137 1314.828 1320.924 1329.923 1338.922 1347.921 1356.92 1364.781 1372.5 1380.218 1387.936 1392.291 1389.628 1386.966 1384.303 1381.641 1374.234 1365.325 1356.415 1347.506 1338.848 1331.225 1323.602 1315.979 1308.356 1305.829 1306.289 1306.75 1307.211 1307.84 1310.868 1313.896 1316.923 1319.951 1321.926 1322.853 1323.78 1324.707 1325.633 1323.277 1320.699 1318.12 1315.542 1312.951 1310.339 1307.727 1305.115 1302.503 1301.646 1301.208 1300.77 1300.332 1300.0
1343.421 1332.492 1321.563 1314.829 1311.105 1307.382 1303.658 1300.07 1304.013 1307.957 1311.901 1315.844 1322.101 1331.148 1340.196 1349.243 1358.291 1365.976 1373.489 1381.003 1388.517 1392.702 1389.942 1387.183 1384.423 1381.664 1374.021 1364.832 1355.643 1346.454 1337.609 1330.185 1322.761 1315.338 1307.914 1305.942 1307.167 1308.392 1309.617 1310.976 1314.241 1317.506 1320.77 1324.035 1325.99 1326.643 1327.295 1327.947 1328.6 1325.838 1322.845 1319.852 1316.859 1313.922 1311.078 1308.234 1305.391 1302.547 1301.646 1301.208 1300.77 1300.332 1300.0
1340.086 1329.104 1318.12 1311.806 1308.841 1305.877 1302.912 1300.074 1304.271 1308.468 1312.664 1316.861 1323.278 1332.374 1341.47 1350.566 1359.662 1367.17 1374.479 1381.788 1389.098 1393.113 1390.256 1387.4 1384.544 1381.687 1373.809 1364.339 1354.87 1345.401 1336.37 1329.145 1321.921 1314.696 1307.472 1306.055 1308.045 1310.034 1312.024 1314.113 1317.614 1321.116 1324.617 1328.119 1330.055 1330.432 1330.81 1331.188 1331.566 1328.398 1324.991 1321.583 1318.176 1314.892 1311.817 1308.742 1305.667 1302.592 1301.646 1301.208 1300.77 1300.332 1300.0
1336.752 1325.715 1314.678 1308.783 1306.578 1304.372 1302.167 1300.079 1304.528 1308.978 1313.428 1317.878 1324.455 1333.599 1342.743 1351.888 1361.032 1368.364 1375.469 1382.573 1389.678 1393.524 1390.57 1387.617 1384.664 1381.71 1373.596 1363.847 1354.098 1344.349 1335.131 1328.105 1321.08 1314.055 1307.03 1306.169 1308.923 1311.677 1314.43 1317.249 1320.987 1324.726 1328.464 1332.203 1334.119 1334.222 1334.325 1334.429 1334.532 1330.958 1327.137 1323.315 1319.493 1315.863 1312.556 1309.249 1305.943 1302.636 1301.646 1301.208 1300.77 1300.332 1300.0
1333.417 1322.326 1311.236 1305.76 1304.314 1302.867 1301.421 1300.083 1304.786 1309.489 1314.191 1318.894 1325.631 1334.824 1344.017 1353.21 1362.403 1369.558 1376.459 1383.359 1390.259 1393.935 1390.885 1387.834 1384.784 1381.734 1373.383 1363.354 1353.325 1343.297 1333.892 1327.066 1320.24 1313.413 1306.587 1306.282 1309.8 1313.319 1316.837 1320.385 1324.361 1328.336 1332.311 1336.286 1338.183 1338.012 1337.841 1337.669 1337.498 1333.519 1329.283 1325.046 1320.81 1316.833 1313.295 1309.757 1306.219 1302.681 1301.646 1301.208 1300.77 1300.332 1300.0
1337.319 1325.952 1314.585 1308.582 1306.427 1304.272 1302.117 1300.089 1305.143 1310.197 1315.25 1320.304 1327.303 1336.651 1345.999 1355.348 1364.696 1371.54 1378.071 1384.602 1391.133 1394.373 1390.745 1387.118 1383.49 1379.863 1371.171 1360.876 1350.58 1340.285 1330.834 1324.874 1318.914 1312.955 1306.995 1307.388 1311.506 1315.624 1319.742 1323.855 1327.894 1331.933 1335.972 1340.01 1341.783 1341.302 1340.82 1340.339 1339.857 1335.595 1331.078 1326.56 1322.043 1317.817 1314.083 1310.349 1306.615 1302.881 1301.78 1301.306 1300.832 1300.359 1300.0
1342.744 1331.054 1319.365 1312.634 1309.461 1306.289 1303.116 1300.096 1305.521 1310.946 1316.371 1321.796 1329.079 1338.605 1348.131 1357.656 1367.182 1373.688 1379.815 1385.943 1392.07 1394.816 1390.511 1386.205 1381.899 1377.593 1368.538 1357.979 1347.419 1336.86 1327.393 1322.44 1317.487 1312.534 1307.581 1308.702 1313.386 1318.069 1322.753 1327.396 1331.461 1335.527 1339.593 1343.658 1345.286 1344.486 1343.687 1342.888 1342.089 1337.57 1332.799 1328.029 1323.258 1318.803 1314.881 1310.958 1307.036 1303.114 1301.942 1301.425 1300.908 1300.391 1300.0
1348.169 1336.157 1324.144 1316.686 1312.496 1308.306 1304.116 1300.103 1305.899 1311.696 1317.492 1323.288 1330.855 1340.559 1350.262 1359.965 1369.669 1375.836 1381.559 1387.283 1393.006 1395.26 1390.276 1385.292 1380.308 1375.324 1365.905 1355.082 1344.259 1333.436 1323.953 1320.006 1316.06 1312.114 1308.167 1310.017 1315.266 1320.515 1325.763 1330.936 1335.029 1339.121 1343.214 1347.306 1348.788 1347.671 1346.554 1345.438 1344.321 1339.544 1334.521 1329.497 1324.474 1319.79 1315.679 1311.568 1307.457 1303.347 1302.103 1301.544 1300.984 1300.424 1300.0
1353.595 1341.259 1328.923 1320.738 1315.53 1310.323 1305.115 1300.109 1306.277 1312.445 1318.613 1324.781 1332.631 1342.512 1352.393 1362.274 1372.155 1377.983 1383.303 1388.623 1393.942 1395.704 1390.041 1384.379 1378.717 1373.054 1363.272 1352.185 1341.098 1330.011 1320.512 1317.573 1314.633 1311.693 1308.753 1311.332 1317.146 1322.96 1328.774 1334.476 1338.596 1342.715 1346.835 1350.954 1352.29 1350.855 1349.421 1347.987 1346.552 1341.519 1336.242 1330.966 1325.689 1320.776 1316.477 1312.178 1307.879 1303.579 1302.265 1301.662 1301.059 1300.456 1300.0
1357.728 1345.251 1332.774 1324.063 1318.054 1312.046 1306.037 1300.247 1306.605 1312.962 1319.32 1325.677 1333.611 1343.447 1353.282 1363.118 1372.954 1378.494 1383.495 1388.496 1393.498 1394.849 1388.587 1382.325 1376.063 1369.801 1359.882 1348.805 1337.728 1326.651 1317.369 1315.501 1313.634 1311.766 1309.899 1313.179 1319.478 1325.777 1332.076 1338.235 1342.409 1346.584 1350.758 1354.932 1356.098 1354.271 1352.443 1350.616 1348.789 1343.343 1337.653 1331.963 1326.272 1321.072 1316.697 1312.323 1307.948 1303.574 1302.264 1301.686 1301.107 1300.528 1300.087
1358.907 1346.704 1334.502 1325.727 1319.412 1313.096 1306.781 1300.685 1306.817 1312.948 1319.08 1325.211 1332.77 1342.051 1351.333 1360.614 1369.895 1375.263 1380.141 1385.018 1389.895 1391.027 1384.345 1377.663 1370.982 1364.3 1354.762 1344.32 1333.878 1323.437 1314.904 1314.258 1313.613 1312.968 1312.322 1316.244 1322.844 1329.445 1336.045 1342.494 1346.787 1351.079 1355.372 1359.665 1360.606 1358.214 1355.821 1353.429 1351.036 1344.823 1338.353 1331.882 1325.411 1319.789 1315.597 1311.406 1307.214 1303.022 1301.892 1301.491 1301.089 1300.688 1300.374
1360.086 1348.158 1336.23 1327.391 1320.769 1314.147 1307.524 1301.124 1307.029 1312.934 1318.84 1324.745 1331.929 1340.656 1349.383 1358.109 1366.836 1372.033 1376.786 1381.54 1386.293 1387.205 1380.104 1373.002 1365.9 1358.798 1349.642 1339.835 1330.029 1320.222 1312.439 1313.016 1313.592 1314.169 1314.745 1319.309 1326.211 1333.113 1340.015 1346.753 1351.164 1355.575 1359.986 1364.397 1365.115 1362.157 1359.199 1356.241 1353.283 1346.304 1339.052 1331.801 1324.55 1318.505 1314.497 1310.488 1306.48 1302.471 1301.519 1301.296 1301.072 1300.849 1300.661
1361.265 1349.612 1337.958 1329.055 1322.126 1315.197 1308.268 1301.562 1307.241 1312.92 1318.6 1324.279 1331.088 1339.26 1347.433 1355.605 1363.777 1368.802 1373.432 1378.061 1382.691 1383.384 1375.862 1368.34 1360.818 1353.297 1344.522 1335.351 1326.179 1317.008 1309.974 1311.773 1313.571 1315.37 1317.168 1322.374 1329.577 1336.781 1343.984 1351.011 1355.541 1360.071 1364.6 1369.13 1369.623 1366.1 1362.577 1359.054 1355.531 1347.784 1339.752 1331.72 1323.688 1317.222 1313.396 1309.571 1305.745 1301.92 1301.147 1301.101 1301.055 1301.009 1300.948
1362.444 1351.065 1339.686 1330.72 1323.484 1316.248 1309.012 1302.0 1307.453 1312.906 1318.36 1323.813 1330.247 1337.865 1345.483 1353.101 1360.719 1365.571 1370.077 1374.583 1379.089 1379.562 1371.62 1363.679 1355.737 1347.795 1339.402 1330.866 1322.33 1313.793 1307.51 1310.53 1313.551 1316.571 1319.592 1325.439 1332.944 1340.448 1347.953 1355.27 1359.918 1364.566 1369.214 1373.862 1374.131 1370.043 1365.955 1361.866 1357.778 1349.265 1340.452 1331.639 1322.827 1315.938 1312.296 1308.653 1305.011 1301.369 1300.774 1300.906 1301.038 1301.169 1301.235
1361.933 1350.74 1339.548 1330.767 1323.717 1316.667 1309.617 1302.793 1308.475 1314.157 1319.839 1325.521 1331.896 1339.107 1346.318 1353.528 1360.739 1364.677 1368.203 1371.73 1375.257 1374.965 1366.704 1358.444 1350.184 1341.923 1334.317 1326.917 1319.517 1312.118 1306.946 1310.978 1315.01 1319.042 1323.074 1329.514 1337.366 1345.219 1353.072 1360.695 1365.052 1369.41 1373.768 1378.125 1377.812 1372.851 1367.89 1362.929 1357.968 1349.015 1339.793 1330.571 1321.348 1314.346 1311.088 1307.831 1304.574 1301.317 1300.855 1301.059 1301.263 1301.467 1301.58
1360.953 1349.922 1338.891 1330.365 1323.639 1316.912 1310.185 1303.684 1309.721 1315.758 1321.796 1327.833 1334.236 1341.081 1347.926 1354.771 1361.615 1364.431 1366.741 1369.052 1371.362 1370.153 1361.601 1353.05 1344.499 1335.948 1329.241 1323.117 1316.993 1310.869 1306.911 1311.895 1316.88 1321.865 1326.85 1333.869 1342.083 1350.296 1358.51 1366.443 1370.397 1374.351 1378.305 1382.259 1381.264 1375.344 1369.425 1363.506 1357.586 1348.286 1338.756 1329.227 1319.698 1312.667 1309.851 1307.036 1304.22 1301.404 1301.062 1301.309 1301.556 1301.803 1301.941
1359.973 1349.103 1338.233 1329.964 1323.56 1317.156 1310.752 1304.575 1310.967 1317.36 1323.752 1330.145 1336.577 1343.055 1349.534 1356.013 1362.492 1364.185 1365.279 1366.373 1367.466 1365.34 1356.499 1347.657 1338.815 1329.973 1324.165 1319.317 1314.469 1309.621 1306.875 1312.813 1318.75 1324.688 1330.626 1338.225 1346.799 1355.373 1363.947 1372.191 1375.741 1379.291 1382.841 1386.392 1384.715 1377.837 1370.96 1364.082 1357.205 1347.556 1337.72 1327.884 1318.048 1310.988 1308.614 1306.24 1303.865 1301.491 1301.269 1301.559 1301.849 1302.139 1302.302
1358.992 1348.284 1337.576 1329.562 1323.481 1317.4 1311.319 1305.465 1312.213 1318.961 1325.709 1332.457 1338.917 1345.03 1351.143 1357.255 1363.368 1363.94 1363.817 1363.693 1363.57 1360.528 1351.396 1342.263 1333.13 1323.998 1319.089 1315.516 1311.945 1308.373 1306.84 1313.73 1320.621 1327.511 1334.402 1342.581 1351.516 1360.45 1369.385 1377.939 1381.085 1384.232 1387.378 1390.525 1388.166 1380.33 1372.495 1364.659 1356.823 1346.826 1336.683 1326.54 1316.397 1309.31 1307.377 1305.444 1303.511 1301.578 1301.475 1301.809 1302.142 1302.475 1302.662
1357.741 1347.259 1336.776 1329.124 1323.5 1317.877 1312.254 1306.856 1313.93 1321.003 1328.077 1335.151 1341.694 1347.598 1353.502 1359.406 1365.31 1365.035 1363.984 1362.934 1361.883 1358.108 1348.65 1339.192 1329.733 1320.275 1316.069 1313.528 1310.986 1308.444 1307.891 1315.551 1323.212 1330.873 1338.534 1346.992 1355.918 1364.844 1373.77 1382.29 1385.034 1387.778 1390.522 1393.266 1390.346 1381.789 1373.232 1364.676 1356.119 1345.914 1335.597 1325.281 1314.964 1307.919 1306.391 1304.863 1303.335 1301.807 1301.803 1302.163 1302.522 1302.882 1303.08
1355.719 1345.646 1335.573 1328.58 1323.797 1319.014 1314.231 1309.661 1316.978 1324.294 1331.609 1338.926 1345.709 1351.85 1357.99 1364.131 1370.272 1369.927 1368.769 1367.611 1366.453 1362.468 1352.584 1342.7 1332.817 1322.933 1318.879 1316.671 1314.462 1312.254 1312.019 1319.933 1327.847 1335.76 1343.674 1351.561 1359.432 1367.303 1375.174 1382.681 1385.027 1387.372 1389.718 1392.064 1388.921 1380.315 1371.71 1363.105 1354.5 1344.484 1334.372 1324.26 1314.148 1307.343 1306.116 1304.89 1303.663 1302.437 1302.474 1302.812 1303.15 1303.488 1303.658
1353.698 1344.034 1334.37 1328.037 1324.094 1320.151 1316.207 1312.467 1320.025 1327.584 1335.142 1342.7 1349.723 1356.101 1362.479 1368.856 1375.234 1374.82 1373.554 1372.288 1371.022 1366.827 1356.518 1346.209 1335.9 1325.591 1321.688 1319.813 1317.939 1316.065 1316.147 1324.314 1332.481 1340.648 1348.815 1356.13 1362.946 1369.761 1376.577 1383.073 1385.02 1386.967 1388.915 1390.862 1387.496 1378.842 1370.188 1361.535 1352.881 1343.053 1333.146 1323.239 1313.332 1306.767 1305.842 1304.917 1303.992 1303.067 1303.145 1303.461 1303.777 1304.094 1304.236
1351.677 1342.422 1333.167 1327.494 1324.391 1321.287 1318.183 1315.273 1323.073 1330.874 1338.674 1346.475 1353.738 1360.352 1366.967 1373.581 1380.196 1379.712 1378.339 1376.965 1375.592 1371.186 1360.451 1349.717 1338.983 1328.249 1324.497 1322.956 1321.416 1319.875 1320.276 1328.696 1337.115 1345.535 1353.955 1360.699 1366.459 1372.22 1377.98 1383.464 1385.013 1386.562 1388.111 1389.66 1386.071 1377.369 1368.667 1359.965 1351.262 1341.623 1331.921 1322.218 1312.515 1306.191 1305.568 1304.944 1304.32 1303.697 1303.815 1304.11 1304.405 1304.7 1304.814
1349.656 1340.81 1331.964 1326.951 1324.687 1322.424 1320.16 1318.078 1326.121 1334.164 1342.207 1350.249 1357.752 1364.604 1371.455 1378.306 1385.158 1384.605 1383.124 1381.643 1380.162 1375.545 1364.385 1353.226 1342.066 1330.907 1327.306 1326.099 1324.892 1323.686 1324.404 1333.077 1341.75 1350.423 1359.096 1365.268 1369.973 1374.679 1379.384 1383.855 1385.006 1386.157 1387.307 1388.458 1384.646 1375.895 1367.145 1358.394 1349.644 1340.193 1330.695 1321.197 1311.699 1305.615 1305.293 1304.971 1304.649 1304.327 1304.486 1304.759 1305.033 1305.306 1305.392
1349.587 1341.485 1333.383 1329.095 1327.543 1325.992 1324.441 1323.056 1330.943 1338.831 1346.718 1354.605 1361.892 1368.455 1375.018 1381.581 1388.144 1387.605 1386.175 1384.746 1383.316 1378.903 1368.265 1357.627 1346.989 1336.352 1333.239 1332.509 1331.779 1331.049 1332.066 1340.295 1348.525 1356.754 1364.984 1370.244 1373.763 1377.282 1380.801 1384.116 1384.526 1384.936 1385.346 1385.756 1381.74 1373.318 1364.898 1356.477 1348.056 1339.194 1330.302 1321.41 1312.519 1306.813 1306.482 1306.151 1305.82 1305.489 1305.526 1305.65 1305.775 1305.899 1305.858
1350.207 1342.967 1335.726 1332.186 1331.302 1330.419 1329.535 1328.801 1336.392 1343.983 1351.574 1359.165 1366.076 1372.165 1378.254 1384.343 1390.433 1389.937 1388.615 1387.293 1385.971 1381.908 1372.126 1362.344 1352.562 1342.78 1340.274 1340.072 1339.869 1339.667 1340.974 1348.515 1356.055 1363.595 1371.136 1375.364 1377.651 1379.937 1382.223 1384.329 1383.878 1383.427 1382.975 1382.524 1378.31 1370.352 1362.394 1354.436 1346.478 1338.347 1330.203 1322.06 1313.916 1308.636 1308.187 1307.737 1307.288 1306.839 1306.696 1306.627 1306.558 1306.488 1306.284
1350.828 1344.448 1338.069 1335.278 1335.062 1334.845 1334.629 1334.546 1341.841 1349.135 1356.43 1363.725 1370.259 1375.875 1381.49 1387.106 1392.722 1392.268 1391.054 1389.84 1388.625 1384.912 1375.987 1367.061 1358.135 1349.209 1347.309 1347.634 1347.96 1348.285 1349.882 1356.734 1363.585 1370.437 1377.288 1380.485 1381.538 1382.592 1383.645 1384.543 1383.23 1381.918 1380.605 1379.292 1374.881 1367.386 1359.891 1352.396 1344.901 1337.499 1330.104 1322.709 1315.314 1310.46 1309.892 1309.324 1308.756 1308.188 1307.867 1307.604 1307.34 1307.077 1306.711
