data/zism_data/00471_01_D.txt
ncols         224
nrows         224
[rows 62 to 92 of 224, columns 70 to 139 of 224]
200.0 200.0 200.0 200.0 200.0 200.0 200.0 200.0 200.0 200.0 200.0 200.0 200.0 200.0 200.0 200.0 200.0 200.0 200.0 200.0 200.1314 201.642 203.1526 204.6632 206.1739 209.3806 213.9709 218.5611 223.1514 227.7373 232.0237 236.3102 240.5967 244.8832 249.2883 253.823 258.3577 262.8924 267.4271 274.1172 280.9399 287.7627 294.5854 302.3617 311.5343 320.7067 329.8793 339.0519 342.8443 345.8297 348.8151 351.8004 351.3289 343.9435 336.5582 329.1728 321.7874 316.9094 312.6695 308.4296 304.1898 300.9378 300.4845 300.0313 299.5781 299.1248 299.0 299.0 299.0 299.0
200.0 200.0 200.0 200.0 200.0 200.0 200.0 200.0 200.0 200.0 200.0 200.0 200.0 200.0 200.0 200.0 200.0 200.0 200.0 200.0 200.13 201.6245 203.119 204.6135 206.108 209.2365 213.698 218.1594 222.6208 227.0737 230.9467 234.8198 238.6928 242.5658 246.3316 249.9804 253.6292 257.278 260.9268 266.999 273.2204 279.4417 285.6631 292.8032 301.2885 309.7737 318.259 326.7444 330.4565 333.4526 336.4487 339.4448 339.3026 332.8837 326.4648 320.0458 313.6269 310.0877 307.2814 304.4751 301.6689 299.5605 299.4294 299.2983 299.1672 299.0361 299.0 299.0 299.0 299.0
200.0 200.0 200.0 200.0 200.0 200.0 200.0 200.0 200.0 200.0 200.0 200.0 200.0 200.0 200.0 200.0 200.0 200.0 200.0 200.0 200.1286 201.607 203.0854 204.5638 206.0422 209.0925 213.4251 217.7577 222.0903 226.4102 229.8697 233.3293 236.7889 240.2485 243.3749 246.1378 248.9007 251.6635 254.4264 259.8808 265.5008 271.1208 276.7408 283.2447 291.0428 298.8407 306.6387 314.4368 318.0686 321.0755 324.0824 327.0892 327.2763 321.8239 316.3714 310.9189 305.4664 303.266 301.8933 300.5206 299.148 298.1832 298.3743 298.5653 298.7563 298.9474 299.0 299.0 299.0 299.0
200.0 200.0 200.0 200.0 200.0 200.0 200.0 200.0 200.0 200.0 200.0 200.0 200.0 200.0 200.0 200.0 200.0 200.0 200.0 200.0 200.121 201.5129 202.9047 204.2966 205.6884 208.5231 212.5349 216.5467 220.5584 224.5545 227.4865 230.4184 233.3504 236.2823 238.8934 241.1542 243.4151 245.676 247.9369 253.139 258.5221 263.9052 269.2884 275.4268 282.6712 289.9156 297.16 304.4044 307.9924 311.0319 314.0714 317.1108 317.6823 313.3178 308.9532 304.5887 300.2242 299.058 298.7058 298.3536 298.0015 297.8218 298.1309 298.44 298.7491 299.0582 299.1204 299.0888 299.0572 299.0256
200.0 200.0 200.0 200.0 200.0 200.0 200.0 200.0 200.0 200.0 200.0 200.0 200.0 200.0 200.0 200.0 200.0 200.0 200.0 200.0 200.1061 201.3261 202.5462 203.7662 204.9863 207.4392 210.8979 214.3567 217.8154 221.2568 223.523 225.7892 228.0553 230.3215 232.5672 234.7905 237.0138 239.2371 241.4604 246.8525 252.4397 258.0269 263.614 269.7146 276.5671 283.4195 290.272 297.1245 300.7126 303.8112 306.9097 310.0082 311.0307 307.9011 304.7715 301.6419 298.5123 298.0118 298.1804 298.3491 298.5177 298.6894 298.8696 299.0498 299.2301 299.4103 299.3864 299.2851 299.1837 299.0823
200.0 200.0 200.0 200.0 200.0 200.0 200.0 200.0 200.0 200.0 200.0 200.0 200.0 200.0 200.0 200.0 200.0 200.0 200.0 200.0 200.0911 201.1394 202.1876 203.2359 204.2841 206.3553 209.261 212.1667 215.0724 217.9591 219.5595 221.1599 222.7603 224.3607 226.241 228.4267 230.6125 232.7982 234.9839 240.5661 246.3573 252.1485 257.9396 264.0024 270.463 276.9234 283.3839 289.8445 293.4329 296.5905 299.748 302.9056 304.3791 302.4844 300.5898 298.6951 296.8004 296.9656 297.655 298.3445 299.0339 299.5569 299.6083 299.6597 299.711 299.7624 299.6525 299.4813 299.3101 299.1389
200.0 200.0 200.0 200.0 200.0 200.0 200.0 200.0 200.0 200.0 200.0 200.0 200.0 200.0 200.0 200.0 200.0 200.0 200.0 200.0 200.0762 200.9526 201.8291 202.7055 203.5819 205.2713 207.624 209.9767 212.3293 214.6615 215.596 216.5306 217.4653 218.3999 219.9148 222.063 224.2111 226.3593 228.5074 234.2796 240.2748 246.2701 252.2653 258.2903 264.3589 270.4273 276.4959 282.5645 286.1531 289.3698 292.5864 295.803 297.7275 297.0678 296.408 295.7483 295.0885 295.9194 297.1296 298.3399 299.5502 300.4245 300.347 300.2695 300.192 300.1145 299.9185 299.6776 299.4366 299.1956
200.0 200.0 200.0 200.0 200.0 200.0 200.0 200.0 200.0 200.0 200.0 200.0 200.0 200.0 200.0 200.0 200.0 200.0 200.0 200.0 200.0613 200.7659 201.4705 202.1751 202.8797 204.1874 205.987 207.7867 209.5863 211.3638 211.6326 211.9014 212.1702 212.439 213.5887 215.6992 217.8098 219.9203 222.0309 227.9931 234.1924 240.3917 246.5909 252.5781 258.2547 263.9312 269.6079 275.2845 278.8734 282.149 285.4247 288.7004 291.0759 291.6511 292.2263 292.8015 293.3766 294.8732 296.6043 298.3354 300.0664 301.2921 301.0857 300.8793 300.673 300.4666 300.1846 299.8738 299.563 299.2522
200.0 200.0 200.0 200.0 200.0 200.0 200.0 200.0 200.0 200.0 200.0 200.0 200.0 200.0 200.0 200.0 200.0 200.0 200.0 200.0 200.0488 200.6103 201.1718 201.7333 202.2948 203.3284 204.7472 206.1659 207.5846 208.985 209.1331 209.2812 209.4293 209.5774 210.7261 212.9664 215.2067 217.4471 219.6874 225.5566 231.6491 237.7416 243.8341 249.6531 255.0717 260.4901 265.9087 271.3273 274.9671 278.3401 281.713 285.086 287.7802 289.117 290.4537 291.7904 293.1272 295.1362 297.3164 299.4965 301.6766 303.1907 302.8172 302.4437 302.0703 301.6968 301.6369 301.6961 301.7554 301.8147
200.0 200.0 200.0 200.0 200.0 200.0 200.0 200.0 200.0 200.0 200.0 200.0 200.0 200.0 200.0 200.0 200.0 200.0 200.0 200.0 200.0367 200.4586 200.8805 201.3024 201.7243 202.4971 203.5561 204.6151 205.6741 206.7192 206.8136 206.908 207.0024 207.0969 208.2895 210.6801 213.0708 215.4614 217.852 223.5934 229.5409 235.4885 241.436 247.0709 252.2478 257.4247 262.6016 267.7786 271.4756 274.9506 278.4256 281.9006 284.8972 286.9373 288.9774 291.0175 293.0576 295.5602 298.1806 300.8011 303.4214 305.216 304.6707 304.1255 303.5802 303.0349 303.235 303.7184 304.2019 304.6853
200.0 200.0 200.0 200.0 200.0 200.0 200.0 200.0 200.0 200.0 200.0 200.0 200.0 200.0 200.0 200.0 200.0 200.0 200.0 200.0 200.0246 200.3069 200.5892 200.8715 201.1538 201.6658 202.3651 203.0643 203.7636 204.4534 204.4941 204.5348 204.5756 204.6163 205.8528 208.3938 210.9348 213.4757 216.0167 221.6302 227.4328 233.2354 239.038 244.4886 249.424 254.3592 259.2946 264.2299 267.9841 271.5611 275.1381 278.7151 282.0143 284.7577 287.5011 290.2445 292.9879 295.9842 299.0449 302.1056 305.1662 307.2414 306.5243 305.8072 305.0901 304.373 304.8332 305.7408 306.6483 307.5559
200.0 200.0 200.0 200.0 200.0 200.0 200.0 200.0 200.0 200.0 200.0 200.0 200.0 200.0 200.0 200.0 200.0 200.0 200.0 200.0 200.0124 200.1551 200.2979 200.4406 200.5833 200.8344 201.174 201.5135 201.8531 202.1875 202.1746 202.1617 202.1487 202.1358 203.4162 206.1075 208.7988 211.4901 214.1814 219.667 225.3247 230.9823 236.6399 241.9064 246.6001 251.2938 255.9875 260.6812 264.4926 268.1716 271.8506 275.5296 279.1312 282.578 286.0247 289.4715 292.9183 296.4082 299.9092 303.4101 306.911 309.2668 308.3778 307.4889 306.6 305.7111 306.4313 307.763 309.0948 310.4265
200.0 200.0 200.0 200.0 200.0 200.0 200.0 200.0 200.0 200.0 200.0 200.0 200.0 200.0 200.0 200.0 200.0 200.0 200.0 200.0 200.004 200.0494 200.0949 200.1403 200.1858 200.2563 200.3472 200.4381 200.5291 200.6188 200.6262 200.6337 200.6411 200.6485 202.0005 204.8192 207.6379 210.4566 213.2754 218.5737 224.0246 229.4755 234.9265 239.9642 244.3969 248.8296 253.2623 257.695 261.5595 265.3388 269.118 272.8973 276.7543 280.7669 284.7794 288.792 292.8046 296.7771 300.7395 304.7018 308.6641 311.3925 310.6245 309.8566 309.0886 308.3206 309.6217 311.7091 313.7966 315.884
200.0 200.0 200.0 200.0 200.0 200.0 200.0 200.0 200.0 200.0 200.0 200.0 200.0 200.0 200.0 200.0 200.0 200.0 200.0 200.0 200.003 200.0377 200.0725 200.1072 200.1419 200.1958 200.2652 200.3347 200.4041 200.4751 200.6544 200.8337 201.0129 201.1922 202.6723 205.5715 208.4708 211.37 214.2693 219.2587 224.3767 229.4948 234.6128 239.3307 243.4628 247.5947 251.7268 255.8588 259.7682 263.644 267.52 271.3959 275.4122 279.7093 284.0064 288.3036 292.6007 297.0333 301.5004 305.9674 310.4344 313.7235 313.675 313.6265 313.5779 313.5294 316.0675 319.5885 323.1095 326.6305
200.0 200.0 200.0 200.0 200.0 200.0 200.0 200.0 200.0 200.0 200.0 200.0 200.0 200.0 200.0 200.0 200.0 200.0 200.0 200.0 200.0021 200.0261 200.05 200.074 200.098 200.1352 200.1832 200.2312 200.2791 200.3315 200.6826 201.0336 201.3847 201.7358 203.3441 206.3239 209.3036 212.2834 215.2632 219.9437 224.7289 229.514 234.2991 238.6972 242.5286 246.3599 250.1913 254.0226 257.9768 261.9493 265.9219 269.8944 274.07 278.6517 283.2334 287.8151 292.3968 297.2895 302.2613 307.233 312.2047 316.0546 316.7255 317.3964 318.0673 318.7382 322.5132 327.4678 332.4224 337.377
200.0 200.0 200.0 200.0 200.0 200.0 200.0 200.0 200.0 200.0 200.0 200.0 200.0 200.0 200.0 200.0 200.0 200.0 200.0 200.0 200.0011 200.0144 200.0276 200.0409 200.0541 200.0747 200.1012 200.1277 200.1542 200.1879 200.7107 201.2336 201.7565 202.2794 204.0159 207.0762 210.1365 213.1969 216.2572 220.6287 225.081 229.5332 233.9854 238.0637 241.5944 245.125 248.6557 252.1864 256.1854 260.2546 264.3238 268.3929 272.7278 277.5941 282.4604 287.3267 292.1929 297.5456 303.0221 308.4986 313.975 318.3856 319.776 321.1663 322.5566 323.947 328.959 335.3471 341.7353 348.1235
200.0 200.0 200.0 200.0 200.0 200.0 200.0 200.0 200.0 200.0 200.0 200.0 200.0 200.0 200.0 200.0 200.0 200.0 200.0 200.0 200.0002 200.0027 200.0052 200.0077 200.0103 200.0141 200.0191 200.0242 200.0292 200.0442 200.7389 201.4336 202.1283 202.8231 204.6877 207.8285 210.9694 214.1102 217.2511 221.3137 225.4331 229.5524 233.6718 237.4302 240.6602 243.8902 247.1202 250.3502 254.394 258.5598 262.7257 266.8915 271.3857 276.5365 281.6874 286.8382 291.9891 297.8018 303.783 309.7642 315.7453 320.7166 322.8264 324.9362 327.046 329.1558 335.4047 343.2264 351.0482 358.87
200.0 200.0 200.0 200.0 200.0 200.0 200.0 200.0 200.0 200.0 200.0 200.0 200.0 200.0 200.0 200.0 200.0 200.0 200.0 200.0 200.0 200.0 200.0 200.0 200.0 200.0 200.0 200.0 200.0 200.0127 200.8874 201.7622 202.6369 203.5117 205.4615 208.5842 211.7068 214.8295 217.9521 221.8086 225.7103 229.612 233.5136 237.0992 240.222 243.3447 246.4674 249.5902 253.5465 257.628 261.7094 265.7908 270.1836 275.1993 280.215 285.2307 290.2463 296.247 302.4984 308.7497 315.0009 320.3349 323.0695 325.8041 328.5387 331.2733 337.8355 345.8522 353.8689 361.8856
200.0 200.0 200.0 200.0 200.0 200.0 200.0 200.0 200.0 200.0 200.0 200.0 200.0 200.0 200.0 200.0 200.0 200.0 200.0 200.0 200.0 200.0 200.0 200.0 200.0 200.0 200.0 200.0 200.0 200.0153 201.0726 202.1299 203.1873 204.2446 206.2665 209.3409 212.4152 215.4895 218.5638 222.2455 225.9647 229.6838 233.4029 236.8604 239.9348 243.0092 246.0836 249.1581 252.9868 256.9286 260.8704 264.8122 269.0243 273.7769 278.5294 283.282 288.0346 294.1402 300.5902 307.0403 313.4902 319.1264 322.457 325.7875 329.1181 332.4486 339.0427 346.8768 354.711 362.5451
200.0 200.0 200.0 200.0 200.0 200.0 200.0 200.0 200.0 200.0 200.0 200.0 200.0 200.0 200.0 200.0 200.0 200.0 200.0 200.0 200.0 200.0 200.0 200.0 200.0 200.0 200.0 200.0 200.0 200.018 201.2578 202.4977 203.7376 204.9774 207.0715 210.0975 213.1235 216.1495 219.1755 222.6825 226.2191 229.7556 233.2922 236.6216 239.6477 242.6738 245.6999 248.726 252.427 256.2292 260.0314 263.8336 267.865 272.3544 276.8439 281.3334 285.8229 292.0335 298.6822 305.3308 311.9794 317.918 321.8445 325.771 329.6975 333.624 340.2498 347.9014 355.553 363.2047
200.0 200.0 200.0 200.0 200.0 200.0 200.0 200.0 200.0 200.0 200.0 200.0 200.0 200.0 200.0 200.0 200.0 200.0 200.0 200.0 200.0 200.0 200.0 200.0 200.0 200.0 200.0 200.0 200.0 200.0206 201.443 202.8654 204.2879 205.7103 207.8765 210.8542 213.8319 216.8095 219.7872 223.1194 226.4734 229.8274 233.1815 236.3828 239.3606 242.3383 245.3161 248.2939 251.8672 255.5298 259.1924 262.8551 266.7056 270.932 275.1584 279.3848 283.6112 289.9267 296.774 303.6214 310.4686 316.7095 321.2319 325.7544 330.2769 334.7993 341.457 348.9261 356.3951 363.8642
200.0 200.0 200.0 200.0 200.0 200.0 200.0 200.0 200.0 200.0 200.0 200.0 200.0 200.0 200.0 200.0 200.0 200.0 200.0 200.0 200.0 200.0 200.0 200.0 200.0 200.0 200.0 200.0 200.0 200.0228 201.5982 203.1735 204.7489 206.3242 208.5492 211.483 214.4167 217.3504 220.2842 223.4718 226.6751 229.8784 233.0817 236.1761 239.111 242.0459 244.9809 247.9158 251.3574 254.8749 258.3925 261.91 265.5762 269.5395 273.5027 277.466 281.4293 287.7169 294.5961 301.4753 308.3544 314.7027 319.5468 324.3909 329.235 334.0791 340.538 347.6105 354.683 361.7556
200.0 200.0 200.0 200.0 200.0 200.0 200.0 200.0 200.0 200.0 200.0 200.0 200.0 200.0 200.0 200.0 200.0 200.0 200.0 200.0 200.0 200.0 200.0 200.0 200.0 200.0 200.0 200.0 200.0 200.0234 201.6363 203.2492 204.8621 206.4751 208.7068 211.6138 214.5206 217.4276 220.3344 223.4953 226.6717 229.8481 233.0246 236.0943 239.0078 241.9212 244.8347 247.7481 251.0422 254.3933 257.7444 261.0955 264.563 268.2632 271.9634 275.6636 279.3638 285.1059 291.3676 297.6294 303.891 309.5883 313.6861 317.7839 321.8817 325.9796 331.342 337.185 343.028 348.871
200.0 200.0 200.0 200.0 200.0 200.0 200.0 200.0 200.0 200.0 200.0 200.0 200.0 200.0 200.0 200.0 200.0 200.0 200.0 200.0 200.0 200.0 200.0 200.0 200.0 200.0 200.0 200.0 200.0 200.0239 201.6744 203.3249 204.9754 206.6259 208.8645 211.7446 214.6246 217.5047 220.3847 223.5187 226.6683 229.8179 232.9675 236.0125 238.9045 241.7965 244.6885 247.5805 250.727 253.9116 257.0963 260.281 263.5498 266.987 270.4241 273.8612 277.2983 282.4948 288.1391 293.7834 299.4276 304.4738 307.8254 311.1769 314.5285 317.88 322.146 326.7595 331.373 335.9864
200.0 200.0 200.0 200.0 200.0 200.0 200.0 200.0 200.0 200.0 200.0 200.0 200.0 200.0 200.0 200.0 200.0 200.0 200.0 200.0 200.0 200.0 200.0 200.0 200.0 200.0 200.0 200.0 200.0 200.0245 201.7125 203.4006 205.0887 206.7768 209.0221 211.8754 214.7286 217.5818 220.435 223.5421 226.6649 229.7876 232.9104 235.9308 238.8013 241.6717 244.5423 247.4128 250.4118 253.43 256.4482 259.4665 262.5367 265.7107 268.8848 272.0588 275.2328 279.8838 284.9106 289.9375 294.9643 299.3594 301.9647 304.57 307.1753 309.7805 312.95 316.334 319.7179 323.1018
200.0 200.0 200.0 200.0 200.0 200.0 200.0 200.0 200.0 200.0 200.0 200.0 200.0 200.0 200.0 200.0 200.0 200.0 200.0 200.0 200.0 200.0 200.0 200.0 200.0 200.0 200.0 200.0 200.0 200.025 201.7507 203.4763 205.202 206.9277 209.1798 212.0061 214.8325 217.6589 220.4852 223.5655 226.6614 229.7573 232.8532 235.849 238.698 241.547 244.3961 247.2451 250.0965 252.9483 255.8002 258.652 261.5235 264.4344 267.3454 270.2564 273.1674 277.2727 281.6822 286.0916 290.5009 294.245 296.104 297.963 299.822 301.681 303.7541 305.9085 308.0629 310.2173
200.0 200.0 200.0 200.0 200.0 200.0 200.0 200.0 200.0 200.0 200.0 200.0 200.0 200.0 200.0 200.0 200.0 200.0 200.0 200.0 200.0 200.0 200.0 200.0 200.0 200.0171 200.0481 200.0792 200.1102 200.1661 201.9086 203.6512 205.3937 207.1363 209.3563 212.0972 214.8381 217.579 220.3199 223.2887 226.2715 229.2544 232.2372 235.1389 237.9216 240.7043 243.487 246.2697 249.0068 251.737 254.4672 257.1974 259.9209 262.6308 265.3408 268.0507 270.7607 274.4348 278.3544 282.2739 286.1934 289.4771 290.9588 292.4405 293.9222 295.404 296.947 298.5133 300.0797 301.646
200.0 200.0 200.0 200.0 200.0 200.0 200.0 200.0 200.0 200.0 200.0 200.0 200.0 200.0 200.0 200.0 200.0 200.0 200.0 200.0 200.0 200.0 200.0 200.0 200.0 200.0437 200.1231 200.2024 200.2818 200.3853 202.1333 203.8812 205.6291 207.377 209.5434 212.1662 214.7889 217.4117 220.0345 222.8447 225.6665 228.4882 231.31 234.0789 236.7703 239.4617 242.1532 244.8447 247.4858 250.1193 252.7529 255.3864 257.99 260.5335 263.077 265.6205 268.164 271.4706 274.9713 278.4721 281.9728 284.902 286.2119 287.5219 288.8318 290.1417 291.4701 292.8056 294.141 295.4765
200.0 200.0 200.0 200.0 200.0 200.0 200.0 200.0 200.0 200.0 200.0 200.0 200.0 200.0 200.0 200.0 200.0 200.0 200.0 200.0 200.0 200.0 200.0 200.0 200.0 200.0703 200.198 200.3257 200.4534 200.6046 202.3579 204.1112 205.8645 207.6178 209.7304 212.2351 214.7397 217.2444 219.7491 222.4007 225.0614 227.7221 230.3828 233.0189 235.6191 238.2192 240.8194 243.4196 245.9647 248.5016 251.0386 253.5755 256.0591 258.4362 260.8132 263.1903 265.5674 268.5063 271.5883 274.6702 277.7521 280.327 281.4651 282.6032 283.7413 284.8794 285.9932 287.0978 288.2024 289.3069
200.0 200.0 200.0 200.0 200.0 200.0 200.0 200.0 200.0 200.0 200.0 200.0 200.0 200.0 200.0 200.0 200.0 200.0 200.0 200.0 200.0 200.0 200.0 200.0 200.0 200.0969 200.2729 200.4489 200.625 200.8239 202.5826 204.3412 206.0999 207.8586 209.9175 212.304 214.6906 217.0771 219.4636 221.9567 224.4563 226.9559 229.4555 231.9589 234.4678 236.9767 239.4856 241.9945 244.4437 246.884 249.3242 251.7645 254.1282 256.3389 258.5495 260.7601 262.9707 265.542 268.2052 270.8683 273.5315 275.752 276.7183 277.6846 278.6508 279.6172 280.5163 281.39 282.2637 283.1374
200.0 200.0 200.0 200.0 200.0 200.0 200.0 200.0 200.0 200.0 200.0 200.0 200.0 200.0 200.0 200.0 200.0 200.0 200.0 200.0 200.0 200.0 200.0 200.0 200.0 200.1214 200.3419 200.5623 200.7827 201.0255 202.7835 204.5415 206.2995 208.0575 210.0555 212.3152 214.575 216.8348 219.0946 221.4278 223.7655 226.1031 228.4408 230.8127 233.2346 235.6565 238.0784 240.5004 242.8531 245.1954 247.5378 249.8801 252.1251 254.1753 256.2255 258.2757 260.3259 262.5466 264.8108 267.075 269.3392 271.2216 272.0226 272.8235 273.6245 274.4255 275.1349 275.8096 276.4843 277.1591
