data/zism_data/00484_02_D.txt
ncols         224
nrows         224
[rows 28 to 55 of 224, columns 0 to 62 of 224]
1498.286 1498.479 1498.672 1498.865 1502.449 1506.242 1510.034 1513.827 1518.483 1524.526 1530.568 1536.61 1542.652 1547.979 1553.156 1558.332 1563.508 1567.355 1567.573 1567.79 1568.007 1568.225 1557.714 1542.824 1527.934 1513.044 1498.701 1487.405 1476.109 1464.814 1453.518 1443.977 1435.635 1427.294 1418.952 1410.815 1408.133 1405.45 1402.768 1400.085 1398.515 1398.157 1397.8 1397.443 1397.086 1396.888 1396.704 1396.52 1396.336 1396.151 1395.963 1395.775 1395.587 1395.399 1395.198 1394.993 1394.788 1394.584 1394.337 1393.962 1393.586 1393.211 1392.835
1497.994 1498.09 1498.186 1498.282 1501.019 1503.918 1506.817 1509.716 1513.603 1519.075 1524.547 1530.018 1535.49 1541.714 1548.096 1554.478 1560.86 1565.824 1566.919 1568.013 1569.108 1570.203 1559.705 1544.476 1529.247 1514.019 1499.348 1487.788 1476.229 1464.669 1453.109 1443.44 1435.06 1426.681 1418.302 1410.134 1407.608 1405.081 1402.555 1400.028 1398.544 1398.198 1397.851 1397.505 1397.158 1396.917 1396.685 1396.452 1396.22 1395.984 1395.743 1395.501 1395.259 1395.017 1394.745 1394.464 1394.184 1393.904 1393.582 1393.132 1392.681 1392.23 1391.78
1497.701 1497.701 1497.7 1497.699 1499.589 1501.594 1503.6 1505.605 1508.723 1513.624 1518.525 1523.426 1528.327 1535.448 1543.036 1550.623 1558.211 1564.293 1566.265 1568.237 1570.209 1572.181 1561.697 1546.129 1530.561 1514.993 1499.995 1488.171 1476.348 1464.525 1452.701 1442.902 1434.485 1426.068 1417.651 1409.453 1407.082 1404.712 1402.342 1399.971 1398.574 1398.238 1397.903 1397.567 1397.231 1396.946 1396.665 1396.385 1396.104 1395.818 1395.522 1395.226 1394.931 1394.635 1394.291 1393.936 1393.581 1393.225 1392.828 1392.302 1391.776 1391.25 1390.724
1497.409 1497.311 1497.214 1497.116 1498.158 1499.27 1500.382 1501.494 1503.842 1508.173 1512.504 1516.834 1521.165 1529.182 1537.975 1546.769 1555.562 1562.762 1565.611 1568.46 1571.31 1574.159 1563.689 1547.781 1531.874 1515.967 1500.641 1488.554 1476.467 1464.38 1452.293 1442.365 1433.91 1425.455 1417.0 1408.771 1406.557 1404.343 1402.129 1399.914 1398.604 1398.279 1397.954 1397.629 1397.304 1396.975 1396.646 1396.317 1395.988 1395.651 1395.302 1394.952 1394.603 1394.253 1393.838 1393.407 1392.977 1392.546 1392.073 1391.472 1390.87 1390.269 1389.668
1497.185 1497.003 1496.822 1496.641 1497.01 1497.413 1497.816 1498.219 1499.89 1503.594 1507.299 1511.003 1514.707 1523.134 1532.555 1541.976 1551.396 1559.256 1562.854 1566.452 1570.05 1573.648 1563.439 1547.595 1531.75 1515.906 1500.599 1488.285 1475.971 1463.658 1451.344 1441.349 1432.938 1424.526 1416.115 1407.935 1405.92 1403.906 1401.891 1399.877 1398.696 1398.424 1398.152 1397.881 1397.609 1397.232 1396.847 1396.461 1396.076 1395.682 1395.273 1394.865 1394.456 1394.047 1393.555 1393.042 1392.53 1392.017 1391.462 1390.78 1390.098 1389.416 1388.734
1497.169 1496.945 1496.72 1496.496 1496.726 1496.984 1497.241 1497.499 1498.774 1501.682 1504.59 1507.497 1510.405 1517.75 1526.03 1534.31 1542.59 1549.71 1553.663 1557.616 1561.569 1565.522 1556.334 1541.781 1527.229 1512.676 1498.447 1486.02 1473.594 1461.167 1448.74 1438.872 1430.751 1422.63 1414.51 1406.622 1404.941 1403.26 1401.58 1399.899 1398.98 1398.891 1398.802 1398.714 1398.625 1398.188 1397.722 1397.256 1396.79 1396.317 1395.833 1395.349 1394.865 1394.381 1393.792 1393.177 1392.562 1391.947 1391.291 1390.512 1389.733 1388.954 1388.176
1497.154 1496.886 1496.619 1496.351 1496.442 1496.554 1496.667 1496.779 1497.659 1499.77 1501.881 1503.992 1506.103 1512.367 1519.506 1526.645 1533.783 1540.163 1544.472 1548.78 1553.088 1557.397 1549.229 1535.968 1522.707 1509.447 1496.295 1483.756 1471.216 1458.676 1446.136 1436.395 1428.565 1420.735 1412.904 1405.309 1403.962 1402.615 1401.268 1399.921 1399.264 1399.358 1399.452 1399.546 1399.641 1399.145 1398.598 1398.051 1397.504 1396.952 1396.393 1395.833 1395.274 1394.715 1394.028 1393.311 1392.594 1391.877 1391.12 1390.244 1389.369 1388.493 1387.617
1497.138 1496.828 1496.517 1496.207 1496.158 1496.125 1496.092 1496.059 1496.543 1497.858 1499.172 1500.486 1501.801 1506.984 1512.982 1518.979 1524.977 1530.617 1535.281 1539.944 1544.608 1549.271 1542.124 1530.155 1518.186 1506.217 1494.144 1481.491 1468.839 1456.186 1443.533 1433.918 1426.379 1418.839 1411.3 1403.996 1402.983 1401.97 1400.957 1399.944 1399.547 1399.825 1400.102 1400.379 1400.656 1400.101 1399.473 1398.845 1398.217 1397.587 1396.953 1396.318 1395.683 1395.048 1394.265 1393.445 1392.626 1391.806 1390.949 1389.976 1389.004 1388.031 1387.058
1497.123 1496.769 1496.416 1496.062 1495.874 1495.695 1495.517 1495.339 1495.428 1495.945 1496.463 1496.981 1497.498 1501.6 1506.457 1511.314 1516.17 1521.07 1526.089 1531.108 1536.127 1541.146 1535.019 1524.341 1513.664 1502.987 1491.992 1479.226 1466.461 1453.695 1440.929 1431.442 1424.193 1416.943 1409.695 1402.684 1402.004 1401.325 1400.645 1399.966 1399.831 1400.292 1400.752 1401.212 1401.672 1401.057 1400.348 1399.64 1398.931 1398.222 1397.512 1396.802 1396.092 1395.382 1394.502 1393.58 1392.658 1391.736 1390.778 1389.708 1388.639 1387.569 1386.5
1497.206 1496.829 1496.452 1496.075 1495.81 1495.552 1495.294 1495.036 1494.927 1495.057 1495.188 1495.318 1495.448 1498.607 1502.404 1506.201 1509.997 1513.995 1518.543 1523.091 1527.639 1532.186 1526.642 1516.979 1507.316 1497.653 1487.541 1474.932 1462.324 1449.715 1437.107 1428.147 1421.679 1415.211 1408.743 1402.51 1402.532 1402.553 1402.574 1402.595 1403.069 1404.036 1405.004 1405.971 1406.939 1405.942 1404.774 1403.606 1402.439 1401.303 1400.224 1399.145 1398.066 1396.988 1395.906 1394.824 1393.742 1392.66 1391.548 1390.343 1389.138 1387.933 1386.728
1497.329 1496.936 1496.543 1496.149 1495.833 1495.521 1495.209 1494.897 1494.668 1494.573 1494.477 1494.381 1494.286 1496.556 1499.324 1502.093 1504.862 1507.894 1511.645 1515.396 1519.147 1522.898 1517.765 1509.006 1500.247 1491.489 1482.184 1469.839 1457.494 1445.149 1432.804 1424.531 1419.037 1413.543 1408.05 1402.786 1403.653 1404.519 1405.385 1406.251 1407.47 1409.073 1410.675 1412.278 1413.88 1412.374 1410.598 1408.822 1407.046 1405.347 1403.784 1402.221 1400.657 1399.094 1397.771 1396.506 1395.241 1393.976 1392.688 1391.333 1389.977 1388.621 1387.265
1497.452 1497.043 1496.633 1496.224 1495.856 1495.49 1495.124 1494.759 1494.41 1494.088 1493.766 1493.444 1493.123 1494.505 1496.245 1497.986 1499.726 1501.792 1504.747 1507.701 1510.656 1513.61 1508.889 1501.034 1493.179 1485.325 1476.827 1464.746 1452.665 1440.584 1428.502 1420.915 1416.395 1411.875 1407.356 1403.062 1404.774 1406.485 1408.196 1409.908 1411.871 1414.108 1416.346 1418.584 1420.822 1418.806 1416.422 1414.038 1411.654 1409.392 1407.344 1405.296 1403.248 1401.2 1399.635 1398.187 1396.739 1395.291 1393.829 1392.322 1390.816 1389.309 1387.803
1497.575 1497.15 1496.724 1496.298 1495.878 1495.459 1495.04 1494.62 1494.151 1493.603 1493.056 1492.508 1491.96 1492.453 1493.166 1493.878 1494.59 1495.69 1497.848 1500.006 1502.164 1504.322 1500.012 1493.061 1486.111 1479.161 1471.47 1459.652 1447.835 1436.018 1424.2 1417.298 1413.753 1410.208 1406.662 1403.338 1405.895 1408.451 1411.007 1413.564 1416.272 1419.145 1422.017 1424.89 1427.763 1425.238 1422.246 1419.254 1416.262 1413.436 1410.904 1408.371 1405.839 1403.307 1401.5 1399.869 1398.238 1396.607 1394.969 1393.312 1391.655 1389.998 1388.341
1497.721 1497.295 1496.868 1496.441 1495.989 1495.535 1495.081 1494.627 1494.056 1493.297 1492.538 1491.78 1491.021 1490.725 1490.527 1490.329 1490.131 1490.355 1491.729 1493.104 1494.479 1495.853 1491.892 1485.754 1479.615 1473.477 1466.543 1455.175 1443.807 1432.439 1421.071 1414.893 1412.26 1409.627 1406.994 1404.58 1407.983 1411.385 1414.788 1418.19 1421.584 1424.967 1428.35 1431.733 1435.117 1432.148 1428.628 1425.109 1421.589 1418.256 1415.248 1412.24 1409.233 1406.225 1404.108 1402.206 1400.305 1398.404 1396.511 1394.642 1392.773 1390.905 1389.036
1497.965 1497.603 1497.241 1496.879 1496.476 1496.071 1495.665 1495.259 1494.662 1493.758 1492.854 1491.95 1491.046 1490.392 1489.79 1489.189 1488.587 1488.32 1488.968 1489.616 1490.264 1490.912 1487.035 1481.311 1475.587 1469.863 1463.47 1453.351 1443.232 1433.112 1422.993 1417.706 1415.719 1413.731 1411.744 1409.983 1414.236 1418.489 1422.742 1426.996 1430.82 1434.176 1437.532 1440.889 1444.245 1441.11 1437.413 1433.716 1430.019 1426.414 1422.971 1419.527 1416.083 1412.64 1409.917 1407.37 1404.823 1402.276 1399.78 1397.437 1395.095 1392.752 1390.41
1498.209 1497.912 1497.615 1497.317 1496.963 1496.606 1496.249 1495.892 1495.269 1494.219 1493.17 1492.121 1491.071 1490.058 1489.053 1488.048 1487.042 1486.286 1486.207 1486.128 1486.049 1485.97 1482.177 1476.868 1471.558 1466.249 1460.397 1451.527 1442.656 1433.786 1424.915 1420.518 1419.177 1417.836 1416.495 1415.387 1420.49 1425.594 1430.698 1435.801 1440.056 1443.385 1446.715 1450.044 1453.374 1450.073 1446.199 1442.324 1438.449 1434.573 1430.693 1426.814 1422.934 1419.055 1415.728 1412.535 1409.342 1406.149 1403.049 1400.233 1397.417 1394.6 1391.784
1498.453 1498.221 1497.988 1497.755 1497.451 1497.142 1496.833 1496.524 1495.875 1494.681 1493.486 1492.291 1491.096 1489.725 1488.316 1486.907 1485.498 1484.251 1483.445 1482.64 1481.834 1481.029 1477.32 1472.425 1467.529 1462.635 1457.325 1449.703 1442.081 1434.459 1426.837 1423.331 1422.635 1421.94 1421.245 1420.791 1426.745 1432.698 1438.652 1444.606 1449.292 1452.595 1455.897 1459.2 1462.502 1459.036 1454.984 1450.932 1446.88 1442.732 1438.416 1434.101 1429.785 1425.47 1421.538 1417.699 1413.86 1410.021 1406.318 1403.028 1399.738 1396.448 1393.159
1498.698 1498.529 1498.361 1498.193 1497.938 1497.677 1497.417 1497.157 1496.482 1495.142 1493.802 1492.462 1491.122 1489.391 1487.579 1485.766 1483.953 1482.216 1480.684 1479.152 1477.62 1476.088 1472.462 1467.982 1463.501 1459.021 1454.252 1447.879 1441.505 1435.132 1428.759 1426.143 1426.094 1426.044 1425.995 1426.194 1432.998 1439.803 1446.607 1453.412 1458.528 1461.804 1465.079 1468.355 1471.63 1467.999 1463.769 1459.539 1455.31 1450.891 1446.139 1441.388 1436.636 1431.884 1427.348 1422.863 1418.378 1413.893 1409.586 1405.823 1402.06 1398.296 1394.533
1498.813 1498.688 1498.563 1498.438 1498.234 1498.026 1497.818 1497.609 1496.972 1495.646 1494.321 1492.995 1491.669 1489.807 1487.832 1485.857 1483.882 1481.898 1479.888 1477.877 1475.867 1473.857 1470.316 1466.151 1461.985 1457.82 1453.47 1448.09 1442.71 1437.33 1431.95 1430.043 1430.508 1430.973 1431.438 1432.139 1439.105 1446.071 1453.038 1460.004 1465.182 1468.409 1471.637 1474.864 1478.091 1474.77 1470.88 1466.991 1463.102 1458.831 1453.888 1448.946 1444.003 1439.06 1434.081 1429.092 1424.103 1419.115 1414.324 1410.141 1405.957 1401.773 1397.589
1498.861 1498.768 1498.676 1498.583 1498.432 1498.278 1498.123 1497.969 1497.402 1496.173 1494.944 1493.715 1492.487 1490.61 1488.598 1486.585 1484.572 1482.466 1480.106 1477.746 1475.386 1473.026 1469.571 1465.67 1461.768 1457.866 1453.871 1449.352 1444.833 1440.314 1435.795 1434.503 1435.415 1436.327 1437.239 1438.363 1445.136 1451.908 1458.681 1465.453 1470.502 1473.67 1476.838 1480.006 1483.175 1480.408 1477.127 1473.846 1470.565 1466.658 1461.651 1456.644 1451.636 1446.629 1441.291 1435.871 1430.452 1425.033 1419.821 1415.245 1410.668 1406.091 1401.514
1498.909 1498.849 1498.789 1498.728 1498.63 1498.529 1498.429 1498.328 1497.831 1496.7 1495.568 1494.436 1493.304 1491.413 1489.363 1487.313 1485.262 1483.035 1480.325 1477.615 1474.905 1472.195 1468.827 1465.189 1461.551 1457.913 1454.272 1450.614 1446.956 1443.299 1439.641 1438.964 1440.323 1441.681 1443.04 1444.588 1451.167 1457.745 1464.324 1470.903 1475.822 1478.931 1482.04 1485.149 1488.258 1486.046 1483.373 1480.7 1478.027 1474.485 1469.413 1464.342 1459.27 1454.198 1448.5 1442.651 1436.801 1430.951 1425.318 1420.348 1415.379 1410.409 1405.439
1498.958 1498.93 1498.902 1498.874 1498.828 1498.781 1498.734 1498.688 1498.261 1497.226 1496.191 1495.156 1494.121 1492.216 1490.128 1488.04 1485.952 1483.604 1480.544 1477.484 1474.424 1471.365 1468.082 1464.707 1461.333 1457.959 1454.673 1451.876 1449.08 1446.283 1443.487 1443.425 1445.23 1447.036 1448.841 1450.812 1457.197 1463.582 1469.967 1476.352 1481.142 1484.192 1487.241 1490.291 1493.341 1491.684 1489.619 1487.555 1485.49 1482.313 1477.176 1472.04 1466.903 1461.767 1455.71 1449.43 1443.149 1436.869 1430.815 1425.452 1420.09 1414.727 1409.365
1499.0 1499.0 1499.0 1499.0 1499.0 1499.0 1499.0 1499.0 1498.644 1497.716 1496.789 1495.861 1494.933 1493.011 1490.88 1488.749 1486.618 1484.149 1480.76 1477.37 1473.981 1470.592 1467.372 1464.22 1461.069 1457.918 1454.94 1452.929 1450.917 1448.905 1446.893 1447.373 1449.555 1451.737 1453.919 1456.245 1462.406 1468.567 1474.728 1480.889 1485.544 1488.554 1491.565 1494.576 1497.587 1496.48 1495.017 1493.554 1492.09 1489.312 1484.22 1479.128 1474.035 1468.943 1462.631 1456.023 1449.414 1442.806 1436.417 1430.697 1424.977 1419.258 1413.538
1499.0 1499.0 1499.0 1499.0 1499.0 1499.0 1499.0 1499.0 1498.712 1497.962 1497.212 1496.462 1495.712 1493.754 1491.542 1489.33 1487.118 1484.539 1480.955 1477.373 1473.789 1470.206 1466.896 1463.696 1460.496 1457.297 1454.32 1452.583 1450.845 1449.108 1447.371 1447.908 1449.998 1452.089 1454.179 1456.401 1462.137 1467.873 1473.609 1479.345 1483.823 1486.931 1490.039 1493.147 1496.255 1495.666 1494.757 1493.848 1492.939 1490.793 1486.471 1482.148 1477.826 1473.503 1467.628 1461.374 1455.121 1448.868 1442.717 1436.879 1431.041 1425.203 1419.365
1499.0 1499.0 1499.0 1499.0 1499.0 1499.0 1499.0 1499.0 1498.78 1498.208 1497.635 1497.063 1496.491 1494.497 1492.204 1489.912 1487.619 1484.928 1481.151 1477.375 1473.598 1469.821 1466.42 1463.172 1459.924 1456.676 1453.699 1452.236 1450.774 1449.311 1447.848 1448.442 1450.441 1452.44 1454.439 1456.558 1461.868 1467.179 1472.49 1477.8 1482.103 1485.308 1488.513 1491.717 1494.922 1494.851 1494.497 1494.142 1493.787 1492.274 1488.721 1485.168 1481.616 1478.063 1472.624 1466.726 1460.828 1454.93 1449.017 1443.061 1437.104 1431.148 1425.192
1499.0 1499.0 1499.0 1499.0 1499.0 1499.0 1499.0 1499.0 1498.848 1498.454 1498.059 1497.664 1497.27 1495.24 1492.867 1490.493 1488.12 1485.318 1481.347 1477.377 1473.406 1469.436 1465.944 1462.647 1459.351 1456.054 1453.079 1451.89 1450.702 1449.514 1448.325 1448.977 1450.884 1452.791 1454.699 1456.714 1461.599 1466.485 1471.37 1476.255 1480.383 1483.685 1486.986 1490.288 1493.59 1494.037 1494.236 1494.436 1494.636 1493.755 1490.972 1488.189 1485.406 1482.623 1477.62 1472.077 1466.534 1460.992 1455.318 1449.243 1443.168 1437.093 1431.018
1499.0 1499.0 1499.0 1499.0 1499.0 1499.0 1499.0 1499.0 1498.917 1498.699 1498.482 1498.265 1498.048 1495.983 1493.529 1491.074 1488.62 1485.708 1481.543 1477.379 1473.214 1469.05 1465.468 1462.123 1458.778 1455.433 1452.458 1451.544 1450.63 1449.717 1448.803 1449.511 1451.327 1453.143 1454.959 1456.87 1461.331 1465.791 1470.251 1474.711 1478.663 1482.062 1485.46 1488.859 1492.257 1493.222 1493.976 1494.73 1495.484 1495.236 1493.223 1491.209 1489.196 1487.183 1482.616 1477.429 1472.241 1467.054 1461.618 1455.425 1449.232 1443.039 1436.845
1499.0 1499.0 1499.0 1499.0 1499.0 1499.0 1499.0 1499.0 1498.94 1498.784 1498.628 1498.472 1498.316 1496.307 1493.908 1491.509 1489.11 1486.251 1482.135 1478.02 1473.905 1469.789 1466.258 1462.965 1459.672 1456.379 1453.408 1452.232 1451.055 1449.878 1448.701 1448.843 1449.884 1450.926 1451.967 1453.111 1456.977 1460.844 1464.71 1468.577 1472.362 1476.058 1479.754 1483.45 1487.146 1488.794 1490.264 1491.735 1493.205 1493.761 1492.709 1491.656 1490.604 1489.551 1485.784 1481.356 1476.928 1472.501 1467.65 1461.507 1455.364 1449.22 1443.077
