data/zism_data/00480_04_D.txt
ncols         224
nrows         224
[rows 31 to 61 of 224, columns 136 to 203 of 224]
587.4996 586.3379 585.1761 584.0144 582.8527 582.5107 582.5485 582.5862 582.624 582.8326 583.9028 584.973 586.0431 587.1132 588.0407 588.8904 589.7402 590.59 591.4517 592.3934 593.3351 594.2768 595.2185 596.0807 596.8924 597.7041 598.5158 599.2809 599.5941 599.9073 600.2205 600.5337 600.7728 600.9571 601.1415 601.3259 601.5124 601.7341 601.9557 602.1774 602.399 602.7001 603.069 603.4379 603.8068 604.1708 604.3189 604.4669 604.615 604.763 604.6881 604.3935 604.0988 603.8042 603.5095 602.9778 602.4427 601.9075 601.3724 600.9749 600.7342 600.4935 600.2528 600.0121 600.2102 600.4315 600.6528 600.8742
585.2365 584.1126 582.9887 581.8648 580.7408 580.4922 580.6489 580.8055 580.9622 581.2789 582.4031 583.5273 584.6515 585.7757 586.8412 587.8747 588.9082 589.9417 590.9808 592.0576 593.1345 594.2112 595.2881 596.216 597.0493 597.8826 598.7159 599.4961 599.7606 600.0252 600.2898 600.5543 600.7665 600.9401 601.1136 601.2872 601.4661 601.731 601.9958 602.2607 602.5256 602.8466 603.2155 603.5844 603.9532 604.3188 604.5317 604.7446 604.9575 605.1703 605.1603 604.9305 604.7007 604.4709 604.2411 603.673 603.1 602.5271 601.9541 601.4784 601.1134 600.7484 600.3834 600.0184 600.2102 600.4315 600.6528 600.8742
582.9734 581.8873 580.8013 579.7152 578.6291 578.4736 578.7492 579.0247 579.3003 579.7252 580.9035 582.0817 583.2599 584.4382 585.6417 586.8589 588.0762 589.2934 590.5099 591.7219 592.9338 594.1458 595.3577 596.3513 597.2062 598.0612 598.9161 599.7113 599.9272 600.1431 600.3591 600.575 600.7603 600.9231 601.0858 601.2486 601.4197 601.7278 602.0359 602.3441 602.6522 602.9931 603.362 603.7308 604.0997 604.4667 604.7444 605.0222 605.2999 605.5776 605.6324 605.4675 605.3026 605.1376 604.9727 604.3682 603.7574 603.1466 602.5358 601.9819 601.4926 601.0032 600.5139 600.0247 600.2102 600.4315 600.6528 600.8742
580.7103 579.662 578.6138 577.5656 576.5173 576.4551 576.8495 577.244 577.6384 578.1715 579.4038 580.6361 581.8683 583.1006 584.4421 585.8431 587.2441 588.6451 590.0391 591.3862 592.7332 594.0802 595.4272 596.4866 597.3632 598.2397 599.1163 599.9265 600.0938 600.261 600.4283 600.5956 600.7541 600.9061 601.058 601.21 601.3734 601.7247 602.0761 602.4274 602.7787 603.1396 603.5085 603.8774 604.2463 604.6146 604.9572 605.2997 605.6424 605.985 606.1046 606.0045 605.9044 605.8043 605.7042 605.0635 604.4148 603.7662 603.1176 602.4853 601.8717 601.2581 600.6445 600.0309 600.2102 600.4315 600.6528 600.8742
577.9059 577.0176 576.1292 575.2408 574.3524 574.444 574.9894 575.5349 576.0803 576.7515 578.0572 579.3628 580.6683 581.9739 583.402 584.8969 586.3917 587.8865 589.3788 590.8546 592.3303 593.806 595.2817 596.4161 597.3335 598.2509 599.1683 600.0132 600.1543 600.2955 600.4366 600.5777 600.7096 600.8347 600.9598 601.0849 601.2229 601.5725 601.9222 602.2718 602.6214 603.0005 603.4047 603.8089 604.2131 604.6176 605.0347 605.4517 605.8688 606.2859 606.5108 606.5462 606.5816 606.6169 606.6523 606.0175 605.3727 604.728 604.0833 603.395 602.6571 601.9192 601.1813 600.4434 600.5036 600.6061 600.7086 600.8112
574.7319 574.0867 573.4415 572.7963 572.1511 572.4379 573.1563 573.8747 574.5931 575.423 576.8151 578.2071 579.5992 580.9912 582.4708 583.998 585.5253 587.0526 588.5892 590.1892 591.7892 593.3892 594.9893 596.205 597.1765 598.1479 599.1194 600.0122 600.1425 600.2728 600.4031 600.5335 600.639 600.7263 600.8135 600.9008 601.0013 601.3185 601.6357 601.9529 602.2701 602.6663 603.1299 603.5936 604.0573 604.5217 605.0198 605.5179 606.0161 606.5143 606.8719 607.0911 607.3102 607.5293 607.7485 607.1481 606.5358 605.9235 605.3113 604.5821 603.7199 602.8577 601.9955 601.1333 600.9974 600.8999 600.8025 600.7051
571.558 571.1559 570.7539 570.3519 569.9499 570.4318 571.3232 572.2145 573.1058 574.0944 575.5729 577.0515 578.53 580.0085 581.5396 583.0992 584.6589 586.2186 587.7995 589.5239 591.2482 592.9725 594.6968 595.9938 597.0193 598.0449 599.0704 600.0112 600.1307 600.2502 600.3698 600.4893 600.5684 600.6179 600.6673 600.7167 600.7797 601.0645 601.3492 601.634 601.9188 602.3322 602.8552 603.3783 603.9014 604.4257 605.0049 605.5842 606.1634 606.7426 607.233 607.6359 608.0388 608.4417 608.8445 608.2788 607.699 607.1191 606.5392 605.7692 604.7827 603.7962 602.8097 601.8232 601.4911 601.1937 600.8964 600.5989
568.384 568.2252 568.0663 567.9075 567.7487 568.4258 569.4901 570.5543 571.6186 572.7657 574.3308 575.8958 577.4608 579.0258 580.6083 582.2004 583.7925 585.3846 587.0099 588.8585 590.7071 592.5557 594.4044 595.7828 596.8623 597.9418 599.0214 600.0102 600.1189 600.2276 600.3363 600.445 600.4978 600.5094 600.521 600.5326 600.558 600.8104 601.0627 601.3151 601.5674 601.998 602.5805 603.163 603.7455 604.3298 604.9901 605.6503 606.3107 606.9709 607.5941 608.1808 608.7674 609.354 609.9407 609.4095 608.8621 608.3146 607.7672 606.9564 605.8455 604.7347 603.6239 602.5131 601.9849 601.4875 600.9902 600.4929
565.224 565.3147 565.4054 565.4961 565.5869 566.4655 567.709 568.9526 570.1962 571.5073 573.1595 574.8117 576.4639 578.116 579.748 581.369 582.9901 584.611 586.2762 588.2385 590.2009 592.1632 594.1256 595.5795 596.7103 597.841 598.9718 600.0062 600.1069 600.2077 600.3084 600.4091 600.4374 600.4124 600.3873 600.3622 600.3511 600.5685 600.7858 601.0032 601.2205 601.6667 602.3082 602.9498 603.5912 604.235 604.9803 605.7257 606.4711 607.2164 607.9722 608.7383 609.5045 610.2706 611.0368 610.5423 610.0294 609.5165 609.0036 608.1548 606.9234 605.6921 604.4607 603.2294 602.5076 601.8129 601.1182 600.4235
562.3726 562.8523 563.3321 563.8119 564.2917 565.5114 567.0739 568.6362 570.1987 571.7929 573.5478 575.3027 577.0575 578.8123 580.449 582.0214 583.5938 585.1661 586.7735 588.617 590.4604 592.3039 594.1473 595.5485 596.6684 597.7884 598.9083 599.938 600.0928 600.2476 600.4023 600.5571 600.6021 600.5663 600.5304 600.4945 600.4679 600.5934 600.7189 600.8444 600.9698 601.4 602.0901 602.7803 603.4704 604.1655 605.0837 606.002 606.9203 607.8386 608.7238 609.5764 610.429 611.2816 612.1343 611.7209 611.2891 610.8572 610.4254 609.602 608.3328 607.0636 605.7944 604.5253 603.6682 602.833 601.9978 601.1625
559.5211 560.3899 561.2587 562.1276 562.9965 564.5573 566.4386 568.3199 570.2012 572.0785 573.9361 575.7936 577.6511 579.5086 581.15 582.6737 584.1974 585.7211 587.2709 588.9954 590.72 592.4446 594.1691 595.5175 596.6266 597.7357 598.8449 599.8699 600.0787 600.2875 600.4963 600.7051 600.7668 600.7202 600.6735 600.6268 600.5847 600.6183 600.6519 600.6855 600.7191 601.1332 601.872 602.6108 603.3495 604.0959 605.1871 606.2784 607.3696 608.4609 609.4755 610.4145 611.3536 612.2927 613.2318 612.8995 612.5487 612.1979 611.8472 611.0493 609.7422 608.4352 607.1282 605.8212 604.8288 603.8531 602.8774 601.9016
556.6695 557.9275 559.1854 560.4434 561.7014 563.6032 565.8034 568.0035 570.2037 572.3641 574.3243 576.2845 578.2447 580.2049 581.851 583.326 584.8011 586.2762 587.7682 589.3739 590.9796 592.5853 594.1909 595.4864 596.5848 597.6831 598.7814 599.8016 600.0645 600.3273 600.5902 600.853 600.9315 600.874 600.8165 600.759 600.7015 600.6432 600.585 600.5267 600.4684 600.8665 601.6539 602.4413 603.2287 604.0264 605.2905 606.5547 607.8189 609.0831 610.2271 611.2526 612.2781 613.3036 614.3292 614.0781 613.8083 613.5386 613.2689 612.4965 611.1516 609.8068 608.4619 607.1171 605.9894 604.8732 603.757 602.6407
553.818 555.465 557.1121 558.7591 560.4062 562.6492 565.1682 567.6872 570.2062 572.6497 574.7126 576.7755 578.8383 580.9011 582.5519 583.9784 585.4048 586.8313 588.2656 589.7524 591.2391 592.726 594.2127 595.4554 596.5429 597.6305 598.718 599.7335 600.0504 600.3672 600.6841 601.001 601.0962 601.0279 600.9595 600.8912 600.8182 600.6681 600.518 600.3679 600.2177 600.5997 601.4358 602.2718 603.1078 603.9568 605.394 606.8311 608.2682 609.7053 610.9787 612.0907 613.2026 614.3146 615.4266 615.2567 615.0681 614.8794 614.6907 613.9437 612.561 611.1783 609.7957 608.413 607.15 605.8932 604.6365 603.3798
552.1872 554.1913 556.1956 558.1997 560.2039 562.7288 565.4947 568.2607 571.0266 573.692 575.8495 578.0071 580.1646 582.3221 583.9334 585.2473 586.5613 587.8752 589.1868 590.4827 591.7787 593.0747 594.3707 595.4985 596.5192 597.54 598.5609 599.5224 599.9093 600.2962 600.6831 601.0699 601.2423 601.2564 601.2705 601.2846 601.2827 601.0194 600.7561 600.4928 600.2295 600.5742 601.4375 602.3009 603.1642 604.0433 605.6347 607.2261 608.8176 610.409 611.8066 613.013 614.2194 615.4258 616.6323 616.5121 616.3726 616.233 616.0934 615.3674 613.9734 612.5796 611.1857 609.7918 608.4454 607.1014 605.7574 604.4135
551.813 554.1414 556.4698 558.7983 561.1268 563.8724 566.8113 569.7502 572.6891 575.5131 577.7571 580.0012 582.2451 584.4891 586.0154 587.151 588.2866 589.4222 590.5442 591.5754 592.6066 593.6377 594.6689 595.6177 596.5143 597.4108 598.3073 599.1642 599.6376 600.111 600.5844 601.0577 601.3694 601.5618 601.7542 601.9467 602.1051 601.7067 601.3083 600.9099 600.5115 600.7968 601.6656 602.5344 603.4031 604.2904 606.0169 607.7434 609.47 611.1965 612.7128 614.022 615.3311 616.6401 617.9493 617.8466 617.7232 617.5999 617.4766 616.7667 615.389 614.0113 612.6337 611.256 609.8796 608.5032 607.1268 605.7504
551.4388 554.0915 556.7441 559.3969 562.0496 565.0161 568.1279 571.2398 574.3516 577.3342 579.6647 581.9952 584.3257 586.6561 588.0975 589.0547 590.012 590.9692 591.9017 592.668 593.4344 594.2007 594.9671 595.7371 596.5093 597.2815 598.0537 598.8061 599.3659 599.9257 600.4856 601.0454 601.4964 601.8672 602.238 602.6088 602.9275 602.394 601.8605 601.327 600.7934 601.0195 601.8936 602.7678 603.642 604.5375 606.3991 608.2607 610.1224 611.9841 613.6191 615.0309 616.4427 617.8545 619.2663 619.181 619.0739 618.9668 618.8596 618.166 616.8045 615.4431 614.0816 612.7202 611.3137 609.905 608.4962 607.0873
551.0646 554.0416 557.0185 559.9954 562.9724 566.1598 569.4446 572.7294 576.0142 579.1553 581.5723 583.9893 586.4062 588.8231 590.1794 590.9584 591.7373 592.5162 593.2592 593.7607 594.2622 594.7637 595.2653 595.8563 596.5043 597.1522 597.8001 598.4479 599.0942 599.7405 600.3868 601.0331 601.6235 602.1726 602.7217 603.2708 603.7499 603.0812 602.4126 601.744 601.0754 601.2421 602.1217 603.0013 603.8809 604.7845 606.7813 608.778 610.7748 612.7715 614.5255 616.0399 617.5543 619.0688 620.5833 620.5155 620.4246 620.3337 620.2427 619.5653 618.22 616.8748 615.5295 614.1843 612.7479 611.3067 609.8655 608.4242
550.6905 553.9916 557.2928 560.594 563.8953 567.3034 570.7612 574.2189 577.6766 580.9764 583.4799 585.9833 588.4868 590.9901 592.2615 592.8621 593.4626 594.0632 594.6166 594.8533 595.09 595.3267 595.5635 595.9756 596.4993 597.0229 597.5466 598.0898 598.8225 599.5553 600.288 601.0208 601.7505 602.478 603.2054 603.9329 604.5723 603.7685 602.9648 602.1611 601.3574 601.4648 602.3498 603.2347 604.1198 605.0316 607.1635 609.2953 611.4272 613.5591 615.4317 617.0489 618.666 620.2831 621.9003 621.85 621.7753 621.7006 621.6259 620.9646 619.6356 618.3065 616.9775 615.6485 614.1821 612.7085 611.2348 609.7611
548.7856 552.691 556.5964 560.5018 564.4073 568.2607 572.09 575.9192 579.7484 583.3338 585.6896 588.0453 590.4009 592.7567 593.9626 594.5427 595.1227 595.7028 596.2258 596.3657 596.5056 596.6455 596.7854 597.0995 597.5244 597.9492 598.374 598.83 599.5881 600.3462 601.1043 601.8625 602.9752 604.3493 605.7235 607.0977 608.3522 607.6476 606.9429 606.2383 605.5336 605.4918 606.0157 606.5395 607.0634 607.6179 609.5641 611.5103 613.4566 615.4028 617.1427 618.6793 620.2158 621.7524 623.2889 623.2885 623.2657 623.2428 623.22 622.5701 621.2064 619.8427 618.4789 617.1152 615.6453 614.1698 612.6942 611.2186
546.7866 551.3134 555.8403 560.3672 564.8942 569.2065 573.4195 577.6324 581.8454 585.7242 587.9178 590.1114 592.3049 594.4985 595.6404 596.2096 596.7789 597.3481 597.8505 597.9039 597.9574 598.0108 598.0643 598.2853 598.6129 598.9404 599.2679 599.6377 600.4174 601.1972 601.9769 602.7567 604.2673 606.3171 608.3668 610.4166 612.3143 611.7231 611.132 610.5408 609.9496 609.7531 609.8932 610.0333 610.1735 610.3481 612.089 613.8298 615.5707 617.3116 618.9033 620.348 621.7926 623.2373 624.682 624.7335 624.7647 624.7959 624.8271 624.1884 622.7867 621.3852 619.9836 618.5821 617.1103 615.6348 614.1592 612.6837
544.7875 549.9359 555.0842 560.2325 565.381 570.1523 574.749 579.3457 583.9424 588.1146 590.1461 592.1776 594.209 596.2404 597.3181 597.8765 598.435 598.9934 599.4752 599.4422 599.4092 599.3761 599.3431 599.4711 599.7013 599.9316 600.1618 600.4455 601.2468 602.0482 602.8495 603.6509 605.5595 608.2848 611.0101 613.7355 616.2764 615.7987 615.321 614.8433 614.3656 614.0142 613.7707 613.5271 613.2836 613.0784 614.6139 616.1494 617.6849 619.2203 620.6638 622.0166 623.3694 624.7222 626.0751 626.1785 626.2638 626.349 626.4343 625.8066 624.3671 622.9278 621.4884 620.049 618.5753 617.0997 615.6242 614.1486
542.7885 548.5582 554.3281 560.0979 565.8679 571.0982 576.0786 581.059 586.0394 590.5051 592.3744 594.2437 596.113 597.9823 598.9958 599.5435 600.0911 600.6387 601.1 600.9805 600.8609 600.7414 600.6219 600.6568 600.7898 600.9227 601.0557 601.2532 602.0762 602.8992 603.7221 604.5451 606.8517 610.2526 613.6534 617.0544 620.2385 619.8743 619.51 619.1458 618.7816 618.2755 617.6482 617.0209 616.3937 615.8087 617.1388 618.4689 619.799 621.1291 622.4244 623.6853 624.9462 626.2072 627.4681 627.6235 627.7628 627.9021 628.0414 627.4248 625.9475 624.4703 622.9931 621.5159 620.0403 618.5648 617.0892 615.6136
541.2814 547.5543 553.8272 560.1001 566.3732 571.9108 577.1078 582.3049 587.5019 592.131 593.8953 595.6596 597.4238 599.1881 600.2083 600.8234 601.4384 602.0535 602.5852 602.5569 602.5285 602.5002 602.4718 602.5706 602.7501 602.9296 603.1091 603.3597 604.2994 605.2391 606.1788 607.1186 609.7833 613.7201 617.6569 621.5939 625.2859 624.9718 624.6576 624.3434 624.0292 623.3151 622.2598 621.2045 620.1491 619.1401 620.2332 621.3261 622.4192 623.5121 624.6083 625.7076 626.8069 627.9062 629.0055 629.1535 629.2876 629.4218 629.5558 628.9326 627.4471 625.9617 624.4763 622.9908 621.5007 620.0104 618.5201 617.0297
540.5399 547.1317 553.7234 560.3151 566.907 572.516 577.6698 582.8237 587.9775 592.5678 594.3159 596.064 597.812 599.5601 600.697 601.5012 602.3054 603.1096 603.8535 604.1927 604.5319 604.871 605.2101 605.6169 606.0666 606.5163 606.966 607.4863 608.6908 609.8953 611.0998 612.3043 615.2649 619.5206 623.7762 628.032 632.0219 631.6591 631.2962 630.9334 630.5706 629.5659 628.0134 626.4608 624.9083 623.4067 624.2133 625.0199 625.8265 626.6331 627.4509 628.28 629.1091 629.9382 630.7673 630.8156 630.8524 630.8892 630.9261 630.2687 628.8211 627.3735 625.9259 624.4783 622.9542 621.426 619.8978 618.3696
539.7984 546.709 553.6196 560.5301 567.4409 573.1213 578.2319 583.3424 588.453 593.0046 594.7365 596.4683 598.2002 599.932 601.1857 602.179 603.1724 604.1656 605.1219 605.8285 606.5352 607.2418 607.9485 608.6632 609.3831 610.103 610.8229 611.6129 613.0822 614.5515 616.0208 617.4901 620.7465 625.321 629.8956 634.4703 638.7578 638.3463 637.9349 637.5234 637.112 635.8165 633.7669 631.7172 629.6676 627.6734 628.1935 628.7136 629.2338 629.7539 630.2936 630.8525 631.4113 631.9702 632.5291 632.4776 632.4172 632.3567 632.2963 631.6049 630.1951 628.7853 627.3755 625.9658 624.4077 622.8416 621.2756 619.7096
539.0569 546.2863 553.5157 560.7451 567.9748 573.7265 578.7939 583.8612 588.9286 593.4413 595.157 596.8727 598.5883 600.304 601.6744 602.8568 604.0393 605.2218 606.3902 607.4644 608.5385 609.6126 610.6868 611.7095 612.6996 613.6897 614.6798 615.7394 617.4735 619.2076 620.9417 622.6758 626.2281 631.1215 636.0149 640.9084 645.4937 645.0336 644.5735 644.1134 643.6533 642.0673 639.5204 636.9736 634.4268 631.94 632.1737 632.4074 632.6411 632.8748 633.1362 633.4249 633.7136 634.0023 634.291 634.1396 633.9819 633.8242 633.6665 632.941 631.569 630.1971 628.8251 627.4532 625.8611 624.2572 622.6534 621.0495
538.3154 545.8636 553.4119 560.9601 568.5087 574.3318 579.3559 584.38 589.4041 593.8782 595.5776 597.2771 598.9765 600.6759 602.1631 603.5347 604.9063 606.2779 607.6585 609.1002 610.5418 611.9835 613.4251 614.7559 616.0162 617.2764 618.5367 619.866 621.8649 623.8638 625.8627 627.8615 631.7098 636.9221 642.1343 647.3467 652.2296 651.7208 651.2122 650.7034 650.1947 648.318 645.274 642.23 639.186 636.2067 636.1539 636.1011 636.0484 635.9957 635.9788 635.9973 636.0157 636.0342 636.0527 635.8017 635.5467 635.2917 635.0367 634.2771 632.943 631.6089 630.2748 628.9407 627.3145 625.6729 624.0312 622.3895
544.2226 551.1675 558.1125 565.0575 572.0027 577.0806 581.2937 585.5068 589.72 593.51 595.166 596.822 598.4779 600.1339 601.7929 603.4536 605.1143 606.775 608.4796 610.4795 612.4794 614.4794 616.4793 618.3145 620.0449 621.7752 623.5056 625.3113 627.8475 630.3838 632.92 635.4562 639.418 644.4312 649.4445 654.4578 659.1276 658.175 657.2225 656.2699 655.3174 653.1224 649.8675 646.6125 643.3575 640.1664 639.868 639.5698 639.2715 638.9732 638.7052 638.4671 638.229 637.991 637.7529 637.2903 636.8245 636.3586 635.8928 634.9983 633.6156 632.233 630.8505 629.4679 627.8249 626.1682 624.5114 622.8546
551.3906 557.5574 563.7242 569.8911 576.058 580.2358 583.4924 586.7489 590.0055 592.9892 594.5966 596.2039 597.8112 599.4186 601.2598 603.2285 605.1973 607.166 609.2157 611.8101 614.4045 616.999 619.5934 621.9702 624.2085 626.4468 628.6852 631.0065 634.1317 637.2571 640.3824 643.5076 647.5484 652.2643 656.9803 661.6965 666.0562 664.5849 663.1136 661.6422 660.1709 657.6525 654.2408 650.8292 647.4175 644.0678 643.5317 642.9957 642.4595 641.9235 641.4095 640.9175 640.4254 639.9333 639.4412 638.746 638.0477 637.3495 636.6513 635.6028 634.1553 632.7078 631.2604 629.813 628.1565 626.4889 624.8213 623.1537
558.5588 563.9474 569.3361 574.7247 580.1135 583.3911 585.691 587.991 590.291 592.4683 594.0271 595.5858 597.1445 598.7032 600.7268 603.0035 605.2803 607.5571 609.9519 613.1408 616.3297 619.5187 622.7076 625.6259 628.3723 631.1186 633.8649 636.7018 640.4161 644.1306 647.8448 651.5591 655.6789 660.0976 664.5164 668.9352 672.985 670.9949 669.0048 667.0146 665.0245 662.1827 658.6143 655.0458 651.4775 647.9694 647.1954 646.4216 645.6476 644.8738 644.1139 643.3679 642.6218 641.8757 641.1296 640.2017 639.2711 638.3405 637.4099 636.2073 634.6949 633.1827 631.6703 630.1581 628.488 626.8096 625.1313 623.4528
565.727 570.3374 574.9478 579.5583 584.1689 586.5464 587.8898 589.2332 590.5765 591.9475 593.4576 594.9677 596.4778 597.9879 600.1937 602.7785 605.3633 607.9481 610.6881 614.4715 618.2549 622.0383 625.8217 629.2817 632.536 635.7903 639.0446 642.397 646.7004 651.004 655.3073 659.6107 663.8094 667.9308 672.0524 676.174 679.9138 677.4048 674.8959 672.387 669.8781 666.7128 662.9877 659.2626 655.5374 651.8708 650.8592 649.8475 648.8358 647.8241 646.8183 645.8182 644.8181 643.8181 642.818 641.6573 640.4944 639.3314 638.1685 636.8118 635.2346 633.6575 632.0803 630.5032 628.8196 627.1304 625.4412 623.752
