data/zism_data/00484_04_D.txt
ncols         224
nrows         224
[rows 28 to 55 of 224, columns 64 to 127 of 224]
1299.688 1299.627 1299.566 1299.543 1299.768 1299.994 1300.219 1300.444 1302.945 1307.145 1311.345 1315.545 1319.743 1323.841 1327.939 1332.037 1336.135 1336.715 1333.108 1329.501 1325.894 1322.287 1317.973 1313.579 1309.184 1304.79 1301.676 1301.042 1300.407 1299.773 1299.138 1299.0 1299.0 1299.0 1299.0 1299.0 1299.0 1299.0 1299.0 1299.0 1299.017 1299.042 1299.067 1299.092 1299.124 1299.211 1299.299 1299.387 1299.474 1299.572 1299.679 1299.786 1299.892 1299.999 1299.913 1299.825 1299.738 1299.65 1299.543 1299.411 1299.28 1299.148 1299.016 1298.533
1299.893 1299.838 1299.782 1299.776 1300.099 1300.421 1300.743 1301.065 1304.353 1309.856 1315.358 1320.86 1326.36 1331.685 1337.01 1342.336 1347.661 1348.373 1343.592 1338.812 1334.032 1329.251 1323.657 1317.971 1312.285 1306.599 1302.562 1301.717 1300.873 1300.028 1299.184 1299.0 1299.0 1299.0 1299.0 1299.0 1299.0 1299.0 1299.0 1299.0 1299.024 1299.06 1299.095 1299.131 1299.177 1299.302 1299.427 1299.553 1299.678 1299.766 1299.825 1299.883 1299.941 1300.0 1299.876 1299.75 1299.625 1299.5 1299.388 1299.294 1299.2 1299.106 1299.012 1298.58
1300.098 1300.048 1299.999 1300.01 1300.429 1300.848 1301.267 1301.686 1305.761 1312.566 1319.371 1326.176 1332.977 1339.529 1346.082 1352.635 1359.187 1360.03 1354.076 1348.123 1342.169 1336.215 1329.341 1322.363 1315.385 1308.408 1303.447 1302.393 1301.338 1300.284 1299.229 1299.0 1299.0 1299.0 1299.0 1299.0 1299.0 1299.0 1299.0 1299.0 1299.031 1299.078 1299.124 1299.171 1299.23 1299.393 1299.556 1299.719 1299.882 1299.961 1299.97 1299.98 1299.99 1300.0 1299.838 1299.675 1299.512 1299.349 1299.233 1299.176 1299.12 1299.063 1299.007 1298.627
1300.585 1300.395 1300.205 1300.135 1300.875 1301.614 1302.353 1303.092 1308.01 1316.049 1324.087 1332.126 1340.141 1346.487 1352.834 1359.181 1365.527 1366.026 1359.564 1353.102 1346.64 1340.178 1333.033 1325.81 1318.587 1311.364 1306.124 1304.722 1303.321 1301.919 1300.517 1300.075 1299.899 1299.723 1299.547 1299.394 1299.321 1299.248 1299.175 1299.103 1299.119 1299.181 1299.243 1299.304 1299.374 1299.515 1299.656 1299.796 1299.937 1299.979 1299.94 1299.901 1299.863 1299.824 1299.68 1299.535 1299.39 1299.245 1299.148 1299.112 1299.076 1299.04 1299.004 1298.663
1301.144 1300.776 1300.408 1300.234 1301.35 1302.465 1303.581 1304.697 1310.473 1319.728 1328.983 1338.238 1347.443 1353.219 1358.995 1364.772 1370.548 1370.582 1363.781 1356.98 1350.179 1343.377 1336.217 1329.016 1321.814 1314.613 1309.257 1307.473 1305.689 1303.905 1302.121 1301.423 1301.026 1300.63 1300.233 1299.889 1299.724 1299.56 1299.396 1299.231 1299.228 1299.306 1299.384 1299.462 1299.542 1299.645 1299.748 1299.851 1299.954 1299.952 1299.865 1299.778 1299.691 1299.604 1299.491 1299.379 1299.266 1299.154 1299.081 1299.062 1299.042 1299.022 1299.002 1298.696
1301.703 1301.157 1300.612 1300.332 1301.825 1303.317 1304.81 1306.303 1312.935 1323.407 1333.879 1344.35 1354.746 1359.951 1365.157 1370.363 1375.568 1375.138 1367.997 1360.857 1353.717 1346.577 1339.401 1332.221 1325.041 1317.862 1312.39 1310.224 1308.057 1305.891 1303.725 1302.771 1302.154 1301.537 1300.92 1300.384 1300.128 1299.872 1299.616 1299.36 1299.337 1299.431 1299.525 1299.619 1299.71 1299.775 1299.84 1299.905 1299.971 1299.925 1299.79 1299.654 1299.519 1299.383 1299.303 1299.222 1299.142 1299.062 1299.015 1299.011 1299.008 1299.004 1299.0 1298.729
1302.262 1301.538 1300.815 1300.43 1302.3 1304.169 1306.038 1307.908 1315.398 1327.086 1338.774 1350.462 1362.048 1366.683 1371.318 1375.953 1380.589 1379.693 1372.214 1364.735 1357.255 1349.776 1342.585 1335.427 1328.269 1321.111 1315.522 1312.974 1310.426 1307.878 1305.329 1304.12 1303.282 1302.444 1301.606 1300.878 1300.531 1300.183 1299.836 1299.488 1299.446 1299.556 1299.666 1299.776 1299.877 1299.905 1299.932 1299.96 1299.988 1299.899 1299.715 1299.531 1299.347 1299.163 1299.114 1299.066 1299.018 1298.97 1298.948 1298.961 1298.973 1298.986 1298.998 1298.762
1302.81 1301.938 1301.066 1300.604 1302.873 1305.142 1307.412 1309.681 1317.815 1330.328 1342.841 1355.355 1367.747 1371.862 1375.977 1380.092 1384.207 1382.99 1375.425 1367.861 1360.297 1352.732 1345.662 1338.648 1331.634 1324.621 1319.018 1316.15 1313.282 1310.413 1307.545 1306.06 1304.96 1303.859 1302.759 1301.796 1301.306 1300.817 1300.327 1299.838 1299.722 1299.794 1299.865 1299.936 1300.0 1300.0 1300.0 1300.0 1300.0 1299.879 1299.66 1299.44 1299.221 1299.002 1298.96 1298.92 1298.88 1298.839 1298.823 1298.837 1298.851 1298.866 1298.88 1298.684
1303.33 1302.388 1301.446 1300.983 1303.715 1306.447 1309.18 1311.912 1320.105 1332.376 1344.647 1356.918 1369.066 1372.799 1376.532 1380.265 1383.997 1382.85 1375.894 1368.938 1361.982 1355.026 1348.448 1341.913 1335.378 1328.843 1323.506 1320.487 1317.468 1314.448 1311.429 1309.617 1308.14 1306.663 1305.185 1303.867 1303.098 1302.328 1301.559 1300.79 1300.455 1300.338 1300.221 1300.104 1300.0 1300.0 1300.0 1300.0 1300.0 1299.879 1299.66 1299.44 1299.221 1299.002 1298.901 1298.802 1298.702 1298.603 1298.536 1298.513 1298.49 1298.466 1298.443 1298.304
1303.849 1302.838 1301.826 1301.362 1304.557 1307.753 1310.948 1314.143 1322.395 1334.424 1346.453 1358.482 1370.385 1373.736 1377.087 1380.437 1383.788 1382.711 1376.363 1370.015 1363.667 1357.319 1351.234 1345.178 1339.122 1333.066 1327.993 1324.823 1321.654 1318.484 1315.314 1313.174 1311.32 1309.466 1307.612 1305.939 1304.89 1303.84 1302.791 1301.742 1301.188 1300.883 1300.578 1300.272 1300.0 1300.0 1300.0 1300.0 1300.0 1299.879 1299.66 1299.44 1299.221 1299.002 1298.843 1298.684 1298.525 1298.366 1298.25 1298.189 1298.128 1298.067 1298.006 1297.924
1304.369 1303.287 1302.205 1301.742 1305.4 1309.058 1312.716 1316.374 1324.685 1336.472 1348.259 1360.046 1371.705 1374.673 1377.642 1380.61 1383.579 1382.572 1376.832 1371.092 1365.352 1359.613 1354.019 1348.442 1342.865 1337.289 1332.48 1329.16 1325.839 1322.519 1319.198 1316.731 1314.5 1312.269 1310.038 1308.01 1306.681 1305.352 1304.023 1302.694 1301.922 1301.428 1300.934 1300.44 1300.0 1300.0 1300.0 1300.0 1300.0 1299.879 1299.66 1299.44 1299.221 1299.002 1298.784 1298.566 1298.348 1298.13 1297.964 1297.865 1297.766 1297.668 1297.569 1297.544
1304.889 1303.737 1302.585 1302.121 1306.242 1310.363 1314.484 1318.604 1326.975 1338.52 1350.064 1361.609 1373.024 1375.61 1378.197 1380.783 1383.369 1382.432 1377.301 1372.169 1367.038 1361.906 1356.805 1351.707 1346.609 1341.512 1336.968 1333.496 1330.025 1326.554 1323.083 1320.288 1317.68 1315.073 1312.465 1310.082 1308.473 1306.864 1305.255 1303.646 1302.655 1301.972 1301.29 1300.608 1300.0 1300.0 1300.0 1300.0 1300.0 1299.879 1299.66 1299.44 1299.221 1299.002 1298.725 1298.448 1298.171 1297.894 1297.678 1297.541 1297.405 1297.268 1297.132 1297.163
1304.861 1303.691 1302.521 1302.077 1306.474 1310.871 1315.267 1319.664 1328.183 1339.78 1351.376 1362.973 1374.438 1376.888 1379.339 1381.79 1384.241 1383.365 1378.527 1373.689 1368.852 1364.014 1359.144 1354.271 1349.397 1344.524 1340.13 1336.663 1333.196 1329.729 1326.263 1323.307 1320.494 1317.681 1314.868 1312.247 1310.29 1308.334 1306.377 1304.421 1303.218 1302.391 1301.564 1300.737 1300.0 1300.0 1300.0 1300.0 1300.0 1299.892 1299.697 1299.501 1299.306 1299.11 1298.826 1298.542 1298.257 1297.973 1297.719 1297.505 1297.291 1297.077 1296.863 1296.747
1304.641 1303.47 1302.3 1301.884 1306.49 1311.097 1315.704 1320.31 1329.008 1340.761 1352.514 1364.267 1375.884 1378.287 1380.689 1383.092 1385.494 1384.675 1380.02 1375.365 1370.711 1366.056 1361.326 1356.587 1351.848 1347.109 1342.824 1339.416 1336.009 1332.601 1329.194 1326.138 1323.179 1320.22 1317.262 1314.445 1312.117 1309.789 1307.461 1305.134 1303.72 1302.764 1301.808 1300.852 1300.0 1300.0 1300.0 1300.0 1300.0 1299.91 1299.747 1299.584 1299.42 1299.257 1298.984 1298.71 1298.437 1298.163 1297.875 1297.57 1297.264 1296.959 1296.654 1296.319
1304.42 1303.25 1302.08 1301.69 1306.507 1311.323 1316.14 1320.957 1329.833 1341.743 1353.651 1365.561 1377.331 1379.685 1382.039 1384.393 1386.747 1385.985 1381.513 1377.042 1372.57 1368.098 1363.508 1358.903 1354.299 1349.695 1345.518 1342.17 1338.822 1335.473 1332.125 1328.968 1325.864 1322.76 1319.656 1316.643 1313.944 1311.245 1308.545 1305.846 1304.223 1303.138 1302.052 1300.967 1300.0 1300.0 1300.0 1300.0 1300.0 1299.928 1299.797 1299.666 1299.535 1299.404 1299.142 1298.879 1298.616 1298.353 1298.032 1297.635 1297.238 1296.841 1296.444 1295.891
1304.199 1303.029 1301.859 1301.497 1306.523 1311.55 1316.577 1321.603 1330.659 1342.724 1354.789 1366.854 1378.778 1381.083 1383.389 1385.694 1388.0 1387.295 1383.006 1378.718 1374.429 1370.141 1365.689 1361.22 1356.75 1352.28 1348.212 1344.923 1341.634 1338.345 1335.056 1331.798 1328.549 1325.3 1322.051 1318.841 1315.771 1312.7 1309.629 1306.559 1304.726 1303.511 1302.297 1301.082 1300.0 1300.0 1300.0 1300.0 1300.0 1299.946 1299.847 1299.748 1299.65 1299.551 1299.3 1299.048 1298.795 1298.543 1298.188 1297.7 1297.211 1296.723 1296.234 1295.462
1303.965 1302.778 1301.591 1301.222 1306.306 1311.389 1316.473 1321.557 1330.701 1342.878 1355.055 1367.232 1379.266 1381.546 1383.825 1386.105 1388.385 1387.758 1383.67 1379.583 1375.495 1371.408 1367.155 1362.883 1358.611 1354.339 1350.429 1347.218 1344.007 1340.797 1337.586 1334.241 1330.859 1327.477 1324.095 1320.71 1317.316 1313.921 1310.526 1307.132 1305.123 1303.806 1302.49 1301.173 1300.0 1300.0 1300.0 1300.0 1300.0 1299.962 1299.892 1299.822 1299.752 1299.683 1299.448 1299.212 1298.976 1298.74 1298.36 1297.791 1297.223 1296.654 1296.085 1295.117
1303.682 1302.414 1301.146 1300.639 1305.206 1309.773 1314.34 1318.907 1327.8 1339.923 1352.046 1364.17 1376.151 1378.49 1380.829 1383.168 1385.507 1385.035 1381.216 1377.398 1373.58 1369.761 1365.927 1362.091 1358.255 1354.42 1350.848 1347.788 1344.728 1341.668 1338.608 1335.229 1331.76 1328.292 1324.824 1321.34 1317.8 1314.26 1310.72 1307.18 1305.123 1303.806 1302.49 1301.173 1300.0 1300.0 1300.0 1300.0 1300.0 1299.97 1299.917 1299.863 1299.81 1299.756 1299.559 1299.361 1299.163 1298.964 1298.589 1297.983 1297.376 1296.77 1296.164 1295.087
1303.398 1302.049 1300.701 1300.056 1304.107 1308.157 1312.207 1316.258 1324.899 1336.968 1349.037 1361.107 1373.036 1375.434 1377.833 1380.231 1382.629 1382.312 1378.762 1375.213 1371.664 1368.115 1364.7 1361.3 1357.9 1354.5 1351.267 1348.358 1345.449 1342.54 1339.63 1336.216 1332.662 1329.108 1325.553 1321.969 1318.284 1314.599 1310.914 1307.229 1305.123 1303.806 1302.49 1301.173 1300.0 1300.0 1300.0 1300.0 1300.0 1299.979 1299.942 1299.905 1299.867 1299.83 1299.67 1299.51 1299.349 1299.188 1298.818 1298.174 1297.53 1296.886 1296.242 1295.057
1303.115 1301.685 1300.256 1299.474 1303.007 1306.541 1310.075 1313.608 1321.997 1334.013 1346.028 1358.044 1369.921 1372.379 1374.836 1377.293 1379.751 1379.589 1376.309 1373.029 1369.748 1366.468 1363.472 1360.508 1357.544 1354.581 1351.687 1348.928 1346.17 1343.411 1340.652 1337.204 1333.563 1329.923 1326.282 1322.599 1318.769 1314.938 1311.108 1307.277 1305.123 1303.806 1302.49 1301.173 1300.0 1300.0 1300.0 1300.0 1300.0 1299.988 1299.967 1299.946 1299.924 1299.903 1299.781 1299.658 1299.535 1299.412 1299.047 1298.365 1297.683 1297.002 1296.32 1295.027
1302.831 1301.321 1299.811 1298.891 1301.908 1304.925 1307.942 1310.959 1319.096 1331.058 1343.02 1354.981 1366.806 1369.323 1371.839 1374.356 1376.873 1376.866 1373.855 1370.844 1367.833 1364.822 1362.245 1359.717 1357.189 1354.661 1352.106 1349.498 1346.89 1344.282 1341.675 1338.191 1334.465 1330.738 1327.012 1323.229 1319.253 1315.277 1311.302 1307.326 1305.123 1303.806 1302.49 1301.173 1300.0 1300.0 1300.0 1300.0 1300.0 1299.997 1299.992 1299.987 1299.982 1299.977 1299.892 1299.807 1299.722 1299.637 1299.276 1298.556 1297.837 1297.118 1296.399 1294.996
1302.466 1300.886 1299.306 1298.28 1300.945 1303.61 1306.275 1308.941 1316.525 1327.785 1339.043 1350.302 1361.436 1364.03 1366.624 1369.218 1371.812 1372.027 1369.41 1366.793 1364.176 1361.558 1359.232 1356.938 1354.645 1352.351 1350.016 1347.599 1345.182 1342.765 1340.349 1337.0 1333.393 1329.785 1326.178 1322.505 1318.603 1314.702 1310.801 1306.9 1304.766 1303.515 1302.265 1301.014 1299.902 1299.924 1299.946 1299.968 1299.99 1300.0 1300.0 1300.0 1300.0 1300.0 1299.906 1299.81 1299.715 1299.62 1299.282 1298.628 1297.973 1297.319 1296.665 1295.334
1302.062 1300.418 1298.773 1297.655 1300.046 1302.437 1304.827 1307.218 1314.109 1324.362 1334.614 1344.867 1355.01 1357.69 1360.37 1363.05 1365.73 1366.199 1364.033 1361.868 1359.703 1357.538 1355.383 1353.229 1351.076 1348.922 1346.75 1344.544 1342.337 1340.13 1337.923 1334.789 1331.397 1328.005 1324.613 1321.146 1317.422 1313.699 1309.975 1306.252 1304.241 1303.088 1301.934 1300.781 1299.758 1299.813 1299.867 1299.921 1299.976 1300.0 1300.0 1300.0 1300.0 1300.0 1299.874 1299.746 1299.619 1299.491 1299.184 1298.643 1298.101 1297.56 1297.019 1295.844
1301.659 1299.95 1298.241 1297.031 1299.147 1301.263 1303.379 1305.495 1311.693 1320.939 1330.185 1339.431 1348.583 1351.349 1354.116 1356.882 1359.648 1360.37 1358.657 1356.944 1355.231 1353.518 1351.535 1349.521 1347.507 1345.493 1343.485 1341.489 1339.492 1337.495 1335.498 1332.578 1329.401 1326.224 1323.047 1319.787 1316.242 1312.696 1309.15 1305.604 1303.717 1302.661 1301.604 1300.547 1299.615 1299.701 1299.788 1299.875 1299.961 1300.0 1300.0 1300.0 1300.0 1300.0 1299.841 1299.682 1299.522 1299.362 1299.086 1298.657 1298.229 1297.801 1297.373 1296.353
1301.255 1299.482 1297.708 1296.406 1298.248 1300.089 1301.931 1303.773 1309.277 1317.516 1325.756 1333.995 1342.157 1345.009 1347.862 1350.714 1353.566 1354.541 1353.28 1352.019 1350.758 1349.497 1347.686 1345.812 1343.938 1342.065 1340.22 1338.433 1336.646 1334.859 1333.072 1330.366 1327.405 1324.443 1321.482 1318.429 1315.061 1311.692 1308.324 1304.956 1303.193 1302.233 1301.273 1300.314 1299.471 1299.59 1299.709 1299.828 1299.947 1300.0 1300.0 1300.0 1300.0 1300.0 1299.809 1299.617 1299.425 1299.233 1298.988 1298.672 1298.357 1298.042 1297.727 1296.863
1300.667 1298.832 1296.997 1295.606 1297.172 1298.739 1300.305 1301.871 1306.688 1313.931 1321.175 1328.418 1335.599 1338.524 1341.449 1344.373 1347.298 1348.524 1347.729 1346.933 1346.137 1345.342 1343.691 1341.944 1340.197 1338.45 1336.761 1335.185 1333.609 1332.033 1330.457 1327.953 1325.192 1322.431 1319.67 1316.814 1313.626 1310.439 1307.251 1304.064 1302.446 1301.612 1300.779 1299.946 1299.221 1299.391 1299.561 1299.731 1299.901 1299.979 1299.98 1299.982 1299.983 1299.985 1299.757 1299.527 1299.297 1299.067 1298.842 1298.624 1298.406 1298.189 1297.971 1297.251
1299.049 1297.171 1295.293 1293.828 1295.114 1296.4 1297.687 1298.973 1303.134 1309.441 1315.748 1322.055 1328.313 1331.232 1334.152 1337.071 1339.99 1341.459 1341.202 1340.944 1340.687 1340.429 1338.882 1337.189 1335.496 1333.802 1332.223 1330.862 1329.501 1328.14 1326.779 1324.415 1321.772 1319.13 1316.487 1313.767 1310.779 1307.791 1304.802 1301.814 1300.456 1299.913 1299.371 1298.828 1298.38 1298.706 1299.032 1299.358 1299.684 1299.837 1299.85 1299.862 1299.874 1299.887 1299.589 1299.289 1298.989 1298.689 1298.429 1298.223 1298.016 1297.808 1297.602 1296.963
1297.43 1295.509 1293.588 1292.049 1293.056 1294.062 1295.069 1296.075 1299.58 1304.951 1310.321 1315.692 1321.027 1323.941 1326.854 1329.768 1332.682 1334.394 1334.675 1334.956 1335.236 1335.517 1334.073 1332.433 1330.794 1329.155 1327.683 1326.538 1325.392 1324.247 1323.101 1320.877 1318.353 1315.828 1313.304 1310.721 1307.932 1305.142 1302.353 1299.564 1298.466 1298.214 1297.962 1297.71 1297.538 1298.02 1298.502 1298.984 1299.467 1299.696 1299.719 1299.742 1299.766 1299.789 1299.422 1299.052 1298.682 1298.312 1298.017 1297.821 1297.625 1297.428 1297.232 1296.675
