data/zism_data/00488_03_D.txt
ncols         224
nrows         224
[rows 29 to 57 of 224, columns 130 to 194 of 224]
1051.843 1051.495 1051.148 1050.987 1050.917 1050.848 1050.778 1050.703 1050.581 1050.46 1050.338 1050.216 1050.141 1050.106 1050.071 1050.036 1050.001 1050.0 1050.0 1050.0 1050.0 1050.0 1050.0 1050.0 1050.0 1050.0 1050.0 1050.0 1050.0 1050.0 1050.0 1050.0 1050.0 1050.0 1050.0 1050.0 1050.0 1050.0 1050.0 1050.0 1050.0 1050.0 1050.0 1050.0 1050.0 1050.0 1050.0 1050.0 1050.0 1050.0 1050.0 1050.0 1050.0 1050.0 1050.0 1050.0 1050.0 1050.0 1050.0 1050.0 1050.0 1050.0 1050.0 1050.0 1050.0
1051.539 1051.186 1050.833 1050.685 1050.637 1050.589 1050.54 1050.488 1050.404 1050.319 1050.234 1050.15 1050.098 1050.073 1050.049 1050.025 1050.001 1050.0 1050.0 1050.0 1050.0 1050.0 1050.0 1050.0 1050.0 1050.0 1050.0 1050.0 1050.0 1050.0 1050.0 1050.0 1050.0 1050.0 1050.0 1050.0 1050.0 1050.0 1050.0 1050.0 1050.0 1050.0 1050.0 1050.0 1050.0 1050.0 1050.0 1050.0 1050.0 1050.0 1050.0 1050.0 1050.0 1050.0 1050.0 1050.0 1050.0 1050.0 1050.0 1050.0 1050.0 1050.0 1050.0 1050.0 1050.0
1051.235 1050.877 1050.519 1050.383 1050.356 1050.329 1050.302 1050.273 1050.226 1050.178 1050.131 1050.084 1050.055 1050.041 1050.027 1050.014 1050.0 1050.0 1050.0 1050.0 1050.0 1050.0 1050.0 1050.0 1050.0 1050.0 1050.0 1050.0 1050.0 1050.0 1050.0 1050.0 1050.0 1050.0 1050.0 1050.0 1050.0 1050.0 1050.0 1050.0 1050.0 1050.0 1050.0 1050.0 1050.0 1050.0 1050.0 1050.0 1050.0 1050.0 1050.0 1050.0 1050.0 1050.0 1050.0 1050.0 1050.0 1050.0 1050.0 1050.0 1050.0 1050.0 1050.0 1050.0 1050.0
1050.931 1050.568 1050.205 1050.082 1050.076 1050.07 1050.064 1050.058 1050.048 1050.038 1050.028 1050.018 1050.012 1050.009 1050.006 1050.003 1050.0 1050.0 1050.0 1050.0 1050.0 1050.0 1050.0 1050.0 1050.0 1050.0 1050.0 1050.0 1050.0 1050.0 1050.0 1050.0 1050.0 1050.0 1050.0 1050.0 1050.0 1050.0 1050.0 1050.0 1050.0 1050.0 1050.0 1050.0 1050.0 1050.0 1050.0 1050.0 1050.0 1050.0 1050.0 1050.0 1050.0 1050.0 1050.0 1050.0 1050.0 1050.0 1050.0 1050.0 1050.0 1050.0 1050.0 1050.0 1050.0
1050.75 1050.428 1050.106 1050.0 1050.0 1050.0 1050.0 1050.0 1050.0 1050.0 1050.0 1050.0 1050.0 1050.0 1050.0 1050.0 1050.0 1050.0 1050.0 1050.0 1050.0 1050.0 1050.0 1050.0 1050.0 1050.0 1050.019 1050.042 1050.066 1050.089 1050.106 1050.106 1050.106 1050.106 1050.106 1050.106 1050.106 1050.106 1050.106 1050.106 1050.098 1050.09 1050.082 1050.074 1050.063 1050.047 1050.031 1050.016 1050.0 1050.0 1050.0 1050.0 1050.0 1050.0 1050.0 1050.0 1050.0 1050.0 1050.0 1050.0 1050.0 1050.0 1050.0 1050.0 1050.0
1050.614 1050.35 1050.087 1050.0 1050.0 1050.0 1050.0 1050.0 1050.0 1050.0 1050.0 1050.0 1050.0 1050.0 1050.0 1050.0 1050.0 1050.0 1050.0 1050.0 1050.0 1050.0 1050.0 1050.0 1050.0 1050.0 1050.046 1050.101 1050.156 1050.211 1050.252 1050.252 1050.252 1050.252 1050.252 1050.252 1050.252 1050.252 1050.252 1050.25 1050.232 1050.213 1050.195 1050.177 1050.148 1050.111 1050.074 1050.038 1050.001 1050.0 1050.0 1050.0 1050.0 1050.0 1050.0 1050.0 1050.0 1050.0 1050.0 1050.0 1050.0 1050.0 1050.0 1050.0 1050.0
1050.477 1050.272 1050.067 1050.0 1050.0 1050.0 1050.0 1050.0 1050.0 1050.0 1050.0 1050.0 1050.0 1050.0 1050.0 1050.0 1050.0 1050.0 1050.0 1050.0 1050.0 1050.0 1050.0 1050.0 1050.0 1050.0 1050.072 1050.159 1050.246 1050.333 1050.398 1050.398 1050.398 1050.398 1050.398 1050.398 1050.398 1050.398 1050.398 1050.395 1050.366 1050.337 1050.308 1050.279 1050.234 1050.176 1050.118 1050.059 1050.001 1050.0 1050.0 1050.0 1050.0 1050.0 1050.0 1050.0 1050.0 1050.0 1050.0 1050.0 1050.0 1050.0 1050.0 1050.0 1050.0
1050.341 1050.194 1050.048 1050.0 1050.0 1050.0 1050.0 1050.0 1050.0 1050.0 1050.0 1050.0 1050.0 1050.0 1050.0 1050.0 1050.0 1050.0 1050.0 1050.0 1050.0 1050.0 1050.0 1050.0 1050.0 1050.0 1050.098 1050.217 1050.336 1050.455 1050.544 1050.544 1050.544 1050.544 1050.544 1050.544 1050.544 1050.544 1050.544 1050.54 1050.5 1050.46 1050.42 1050.381 1050.319 1050.24 1050.161 1050.081 1050.002 1050.0 1050.0 1050.0 1050.0 1050.0 1050.0 1050.0 1050.0 1050.0 1050.0 1050.0 1050.0 1050.0 1050.0 1050.0 1050.0
1050.219 1050.125 1050.031 1050.0 1050.0 1050.0 1050.0 1050.0 1050.0 1050.0 1050.0 1050.0 1050.0 1050.0 1050.0 1050.0 1050.0 1050.0 1050.0 1050.0 1050.0 1050.002 1050.007 1050.012 1050.017 1050.023 1050.142 1050.285 1050.428 1050.572 1050.678 1050.678 1050.678 1050.678 1050.678 1050.678 1050.678 1050.678 1050.678 1050.673 1050.626 1050.579 1050.532 1050.485 1050.413 1050.319 1050.225 1050.131 1050.037 1050.03 1050.025 1050.02 1050.015 1050.011 1050.008 1050.005 1050.003 1050.0 1050.0 1050.0 1050.0 1050.0 1050.0 1050.0 1050.0
1050.169 1050.096 1050.024 1050.0 1050.0 1050.0 1050.0 1050.0 1050.0 1050.0 1050.0 1050.0 1050.0 1050.0 1050.0 1050.0 1050.0 1050.0 1050.0 1050.0 1050.0 1050.015 1050.052 1050.089 1050.126 1050.163 1050.274 1050.402 1050.529 1050.656 1050.751 1050.751 1050.751 1050.751 1050.751 1050.751 1050.751 1050.751 1050.751 1050.747 1050.711 1050.675 1050.638 1050.602 1050.546 1050.473 1050.401 1050.328 1050.256 1050.218 1050.181 1050.144 1050.107 1050.077 1050.059 1050.04 1050.021 1050.003 1050.0 1050.0 1050.0 1050.0 1050.0 1050.0 1050.0
1050.119 1050.068 1050.017 1050.0 1050.0 1050.0 1050.0 1050.0 1050.0 1050.0 1050.0 1050.0 1050.0 1050.0 1050.0 1050.0 1050.0 1050.0 1050.0 1050.0 1050.0 1050.027 1050.096 1050.165 1050.234 1050.303 1050.407 1050.519 1050.63 1050.741 1050.824 1050.824 1050.824 1050.824 1050.824 1050.824 1050.824 1050.824 1050.824 1050.821 1050.796 1050.77 1050.744 1050.719 1050.679 1050.628 1050.577 1050.525 1050.474 1050.405 1050.336 1050.267 1050.198 1050.144 1050.109 1050.075 1050.04 1050.005 1050.0 1050.0 1050.0 1050.0 1050.0 1050.0 1050.0
1050.07 1050.04 1050.01 1050.0 1050.0 1050.0 1050.0 1050.0 1050.0 1050.0 1050.0 1050.0 1050.0 1050.0 1050.0 1050.0 1050.0 1050.0 1050.0 1050.0 1050.0 1050.04 1050.141 1050.242 1050.343 1050.443 1050.54 1050.635 1050.731 1050.826 1050.897 1050.897 1050.897 1050.897 1050.897 1050.897 1050.897 1050.897 1050.897 1050.896 1050.88 1050.865 1050.85 1050.835 1050.812 1050.782 1050.752 1050.722 1050.692 1050.593 1050.492 1050.391 1050.29 1050.21 1050.16 1050.109 1050.059 1050.008 1050.0 1050.0 1050.0 1050.0 1050.0 1050.0 1050.0
1050.02 1050.012 1050.003 1050.0 1050.0 1050.0 1050.0 1050.0 1050.0 1050.0 1050.0 1050.0 1050.0 1050.0 1050.0 1050.0 1050.0 1050.0 1050.0 1050.0 1050.0 1050.052 1050.185 1050.318 1050.451 1050.584 1050.673 1050.752 1050.832 1050.911 1050.97 1050.97 1050.97 1050.97 1050.97 1050.97 1050.97 1050.97 1050.97 1050.97 1050.965 1050.961 1050.957 1050.952 1050.946 1050.937 1050.928 1050.919 1050.911 1050.781 1050.648 1050.515 1050.382 1050.276 1050.21 1050.144 1050.077 1050.011 1050.0 1050.0 1050.0 1050.0 1050.0 1050.0 1050.0
1050.0 1050.0 1050.0 1050.0 1050.0 1050.0 1050.0 1050.0 1050.0 1050.0 1050.0 1050.0 1050.0 1050.0 1050.0 1050.0 1050.0 1050.0 1050.0 1050.0 1050.0 1050.061 1050.217 1050.372 1050.527 1050.682 1050.762 1050.826 1050.889 1050.953 1051.0 1051.0 1051.0 1051.0 1051.0 1051.0 1051.0 1051.0 1051.0 1051.0 1051.0 1051.0 1051.0 1051.0 1051.0 1051.0 1051.0 1051.0 1051.0 1050.876 1050.749 1050.622 1050.495 1050.39 1050.317 1050.244 1050.171 1050.098 1050.07 1050.052 1050.033 1050.014 1050.0 1050.0 1050.0
1050.0 1050.0 1050.0 1050.0 1050.0 1050.0 1050.0 1050.0 1050.0 1050.0 1050.0 1050.0 1050.0 1050.0 1050.0 1050.0 1050.0 1050.0 1050.0 1050.0 1050.0 1050.068 1050.239 1050.41 1050.581 1050.753 1050.822 1050.87 1050.917 1050.965 1051.0 1051.0 1051.0 1051.0 1051.0 1051.0 1051.0 1051.0 1051.0 1051.0 1051.0 1051.0 1051.0 1051.0 1051.0 1051.0 1051.0 1051.0 1051.0 1050.907 1050.812 1050.717 1050.622 1050.536 1050.463 1050.39 1050.317 1050.244 1050.189 1050.139 1050.088 1050.037 1050.0 1050.0 1050.0
1050.0 1050.0 1050.0 1050.0 1050.0 1050.0 1050.0 1050.0 1050.0 1050.0 1050.0 1050.0 1050.0 1050.0 1050.0 1050.0 1050.0 1050.0 1050.0 1050.0 1050.0 1050.074 1050.261 1050.448 1050.636 1050.823 1050.882 1050.913 1050.945 1050.976 1051.0 1051.0 1051.0 1051.0 1051.0 1051.0 1051.0 1051.0 1051.0 1051.0 1051.0 1051.0 1051.0 1051.0 1051.0 1051.0 1051.0 1051.0 1051.0 1050.938 1050.875 1050.812 1050.749 1050.682 1050.609 1050.536 1050.463 1050.39 1050.309 1050.226 1050.143 1050.06 1050.0 1050.0 1050.0
1050.0 1050.0 1050.0 1050.0 1050.0 1050.0 1050.0 1050.0 1050.0 1050.0 1050.0 1050.0 1050.0 1050.0 1050.0 1050.0 1050.0 1050.0 1050.0 1050.0 1050.0 1050.08 1050.283 1050.487 1050.69 1050.893 1050.942 1050.957 1050.973 1050.988 1051.0 1051.0 1051.0 1051.0 1051.0 1051.0 1051.0 1051.0 1051.0 1051.0 1051.0 1051.0 1051.0 1051.0 1051.0 1051.0 1051.0 1051.0 1051.0 1050.969 1050.938 1050.907 1050.876 1050.828 1050.755 1050.682 1050.609 1050.536 1050.428 1050.313 1050.198 1050.084 1050.0 1050.0 1050.0
1050.029 1050.024 1050.018 1050.014 1050.01 1050.007 1050.003 1050.0 1050.0 1050.0 1050.0 1050.0 1050.0 1050.0 1050.001 1050.001 1050.001 1050.001 1050.002 1050.002 1050.003 1050.089 1050.307 1050.526 1050.744 1050.962 1051.0 1051.0 1051.0 1051.0 1051.0 1051.0 1051.0 1051.0 1051.0 1051.0 1051.0 1051.0 1051.0 1051.0 1051.0 1051.0 1051.0 1051.0 1051.0 1051.0 1051.0 1051.0 1051.0 1051.0 1051.0 1051.0 1051.0 1050.97 1050.897 1050.824 1050.751 1050.678 1050.544 1050.398 1050.252 1050.106 1050.0 1050.0 1050.0
1051.353 1051.103 1050.853 1050.657 1050.489 1050.32 1050.151 1050.0 1050.0 1050.0 1050.0 1050.0 1050.006 1050.017 1050.028 1050.038 1050.049 1050.071 1050.092 1050.114 1050.136 1050.223 1050.409 1050.595 1050.781 1050.967 1051.0 1051.0 1051.0 1051.0 1051.0 1051.0 1051.0 1051.0 1051.0 1051.0 1051.0 1051.0 1051.0 1051.0 1051.0 1051.0 1051.0 1051.0 1051.0 1051.0 1051.0 1051.0 1051.0 1051.0 1051.0 1051.0 1051.0 1050.97 1050.897 1050.824 1050.751 1050.678 1050.544 1050.398 1050.252 1050.106 1050.0 1050.0 1050.0
1052.677 1052.182 1051.687 1051.3 1050.967 1050.633 1050.299 1050.0 1050.0 1050.0 1050.0 1050.0 1050.011 1050.033 1050.054 1050.076 1050.098 1050.14 1050.183 1050.226 1050.269 1050.356 1050.51 1050.664 1050.819 1050.973 1051.0 1051.0 1051.0 1051.0 1051.0 1051.0 1051.0 1051.0 1051.0 1051.0 1051.0 1051.0 1051.0 1051.0 1051.0 1051.0 1051.0 1051.0 1051.0 1051.0 1051.0 1051.0 1051.0 1051.0 1051.0 1051.0 1051.0 1050.97 1050.897 1050.824 1050.751 1050.678 1050.544 1050.398 1050.252 1050.106 1050.0 1050.0 1050.0
1054.0 1053.261 1052.521 1051.943 1051.445 1050.946 1050.448 1050.0 1050.0 1050.0 1050.0 1050.0 1050.017 1050.049 1050.081 1050.114 1050.146 1050.209 1050.273 1050.338 1050.402 1050.489 1050.611 1050.734 1050.856 1050.979 1051.0 1051.0 1051.0 1051.0 1051.0 1051.0 1051.0 1051.0 1051.0 1051.0 1051.0 1051.0 1051.0 1051.0 1051.0 1051.0 1051.0 1051.0 1051.0 1051.0 1051.0 1051.0 1051.0 1051.0 1051.0 1051.0 1051.0 1050.97 1050.897 1050.824 1050.751 1050.678 1050.544 1050.398 1050.252 1050.106 1050.0 1050.0 1050.0
1055.324 1054.34 1053.355 1052.586 1051.923 1051.259 1050.596 1050.0 1050.0 1050.0 1050.0 1050.0 1050.023 1050.066 1050.108 1050.151 1050.194 1050.278 1050.364 1050.449 1050.535 1050.622 1050.713 1050.803 1050.894 1050.984 1051.0 1051.0 1051.0 1051.0 1051.0 1051.0 1051.0 1051.0 1051.0 1051.0 1051.0 1051.0 1051.0 1051.0 1051.0 1051.0 1051.0 1051.0 1051.0 1051.0 1051.0 1051.0 1051.0 1051.0 1051.0 1051.0 1051.0 1050.97 1050.897 1050.824 1050.751 1050.678 1050.544 1050.398 1050.252 1050.106 1050.0 1050.0 1050.0
1057.04 1055.789 1054.538 1053.535 1052.653 1051.772 1050.89 1050.1 1050.107 1050.114 1050.121 1050.129 1050.158 1050.207 1050.255 1050.304 1050.352 1050.434 1050.517 1050.6 1050.682 1050.759 1050.824 1050.89 1050.956 1051.021 1051.027 1051.02 1051.013 1051.005 1051.0 1051.0 1051.0 1051.0 1051.0 1051.0 1051.0 1051.0 1051.0 1051.0 1051.0 1051.0 1051.0 1051.0 1051.0 1051.0 1051.0 1051.0 1051.0 1050.995 1050.99 1050.986 1050.981 1050.944 1050.862 1050.779 1050.696 1050.614 1050.49 1050.359 1050.227 1050.096 1050.0 1050.0 1050.0
1059.229 1057.685 1056.141 1054.853 1053.69 1052.526 1051.363 1050.32 1050.344 1050.367 1050.39 1050.413 1050.45 1050.498 1050.547 1050.596 1050.644 1050.695 1050.746 1050.797 1050.848 1050.898 1050.948 1050.998 1051.047 1051.097 1051.087 1051.064 1051.04 1051.017 1051.0 1051.0 1051.0 1051.0 1051.0 1051.0 1051.0 1051.0 1051.0 1051.0 1051.0 1051.0 1051.0 1051.0 1051.0 1051.0 1051.0 1051.0 1051.0 1050.985 1050.969 1050.954 1050.938 1050.887 1050.783 1050.679 1050.575 1050.471 1050.371 1050.272 1050.172 1050.073 1050.0 1050.0 1050.0
1061.418 1059.582 1057.745 1056.171 1054.726 1053.28 1051.835 1050.541 1050.58 1050.619 1050.658 1050.697 1050.742 1050.79 1050.839 1050.887 1050.936 1050.956 1050.975 1050.994 1051.013 1051.038 1051.072 1051.105 1051.139 1051.173 1051.147 1051.107 1051.068 1051.029 1051.0 1051.0 1051.0 1051.0 1051.0 1051.0 1051.0 1051.0 1051.0 1051.0 1051.0 1051.0 1051.0 1051.0 1051.0 1051.0 1051.0 1051.0 1051.0 1050.974 1050.948 1050.922 1050.896 1050.83 1050.704 1050.579 1050.454 1050.329 1050.252 1050.184 1050.117 1050.049 1050.0 1050.0 1050.0
1063.607 1061.478 1059.349 1057.49 1055.762 1054.034 1052.307 1050.761 1050.816 1050.871 1050.927 1050.982 1051.033 1051.082 1051.131 1051.179 1051.228 1051.217 1051.204 1051.191 1051.178 1051.177 1051.195 1051.213 1051.231 1051.249 1051.206 1051.151 1051.096 1051.041 1051.0 1051.0 1051.0 1051.0 1051.0 1051.0 1051.0 1051.0 1051.0 1051.0 1051.0 1051.0 1051.0 1051.0 1051.0 1051.0 1051.0 1051.0 1051.0 1050.964 1050.927 1050.891 1050.854 1050.772 1050.626 1050.479 1050.333 1050.186 1050.133 1050.097 1050.062 1050.026 1050.0 1050.0 1050.0
1065.796 1063.375 1060.953 1058.808 1056.798 1054.788 1052.779 1050.982 1051.053 1051.124 1051.195 1051.266 1051.325 1051.374 1051.422 1051.471 1051.52 1051.478 1051.433 1051.388 1051.344 1051.317 1051.319 1051.321 1051.323 1051.325 1051.266 1051.195 1051.124 1051.053 1051.0 1051.0 1051.0 1051.0 1051.0 1051.0 1051.0 1051.0 1051.0 1051.0 1051.0 1051.0 1051.0 1051.0 1051.0 1051.0 1051.0 1051.0 1051.0 1050.954 1050.906 1050.859 1050.812 1050.715 1050.547 1050.38 1050.212 1050.044 1050.014 1050.01 1050.006 1050.003 1050.0 1050.0 1050.0
1067.546 1065.057 1062.568 1060.37 1058.313 1056.256 1054.2 1052.343 1052.247 1052.151 1052.054 1051.958 1051.904 1051.887 1051.87 1051.853 1051.835 1051.756 1051.675 1051.593 1051.512 1051.462 1051.462 1051.462 1051.462 1051.462 1051.402 1051.329 1051.256 1051.183 1051.122 1051.094 1051.065 1051.037 1051.009 1051.0 1051.0 1051.0 1051.0 1051.0 1051.0 1051.0 1051.0 1051.0 1050.977 1050.935 1050.892 1050.85 1050.808 1050.768 1050.729 1050.69 1050.651 1050.571 1050.434 1050.297 1050.159 1050.022 1050.0 1050.0 1050.0 1050.0 1050.0 1050.0 1050.0
1069.238 1066.712 1064.185 1061.964 1059.891 1057.818 1055.746 1053.856 1053.568 1053.28 1052.992 1052.704 1052.521 1052.429 1052.338 1052.246 1052.154 1052.036 1051.918 1051.799 1051.68 1051.608 1051.608 1051.608 1051.608 1051.608 1051.548 1051.475 1051.402 1051.329 1051.259 1051.199 1051.139 1051.079 1051.019 1051.0 1051.0 1051.0 1051.0 1051.0 1051.0 1051.0 1051.0 1051.0 1050.951 1050.86 1050.77 1050.68 1050.59 1050.56 1050.531 1050.503 1050.474 1050.416 1050.316 1050.216 1050.116 1050.016 1050.0 1050.0 1050.0 1050.0 1050.0 1050.0 1050.0
