data/zism_data/00483_04_D.txt
ncols         224
nrows         224
[rows 58 to 86 of 224, columns 0 to 64 of 224]
1305.137 1305.855 1306.585 1307.314 1308.044 1308.773 1309.503 1310.232 1310.962 1311.691 1312.474 1313.295 1314.117 1314.938 1315.759 1316.475 1317.191 1317.907 1318.623 1319.345 1320.075 1320.804 1321.534 1322.263 1322.814 1323.338 1323.862 1324.386 1324.968 1325.684 1326.4 1327.116 1327.832 1328.398 1328.909 1329.42 1329.93 1330.453 1331.036 1331.62 1332.203 1332.787 1333.3 1333.765 1334.229 1334.694 1335.164 1335.867 1336.569 1337.272 1337.974 1338.605 1339.149 1339.693 1340.237 1340.781 1341.395 1342.018 1342.641 1343.265 1343.807 1344.171 1344.536 1344.901 1345.266
1305.151 1305.855 1306.585 1307.314 1308.044 1308.773 1309.503 1310.232 1310.962 1311.691 1312.437 1313.194 1313.952 1314.709 1315.466 1316.166 1316.866 1317.566 1318.266 1318.979 1319.708 1320.438 1321.167 1321.897 1322.462 1323.002 1323.542 1324.082 1324.67 1325.37 1326.07 1326.77 1327.47 1328.032 1328.543 1329.053 1329.564 1330.086 1330.67 1331.254 1331.837 1332.421 1332.953 1333.45 1333.946 1334.443 1334.944 1335.614 1336.285 1336.955 1337.626 1338.244 1338.798 1339.353 1339.907 1340.462 1341.068 1341.68 1342.293 1342.906 1343.44 1343.805 1344.17 1344.535 1344.899
1305.164 1305.855 1306.585 1307.314 1308.044 1308.773 1309.503 1310.232 1310.962 1311.691 1312.4 1313.093 1313.786 1314.479 1315.173 1315.857 1316.541 1317.225 1317.909 1318.613 1319.342 1320.072 1320.801 1321.531 1322.109 1322.666 1323.222 1323.778 1324.372 1325.056 1325.74 1326.424 1327.108 1327.666 1328.177 1328.687 1329.198 1329.72 1330.304 1330.887 1331.471 1332.054 1332.606 1333.134 1333.663 1334.192 1334.723 1335.362 1336.0 1336.638 1337.277 1337.882 1338.448 1339.013 1339.578 1340.143 1340.741 1341.343 1341.945 1342.547 1343.074 1343.439 1343.804 1344.168 1344.533
1305.178 1305.855 1306.585 1307.314 1308.044 1308.773 1309.503 1310.232 1310.962 1311.691 1312.363 1312.992 1313.621 1314.25 1314.88 1315.547 1316.215 1316.883 1317.551 1318.246 1318.976 1319.705 1320.435 1321.164 1321.757 1322.329 1322.901 1323.474 1324.075 1324.743 1325.411 1326.078 1326.746 1327.3 1327.81 1328.321 1328.831 1329.354 1329.937 1330.521 1331.105 1331.688 1332.258 1332.819 1333.38 1333.941 1334.503 1335.109 1335.715 1336.322 1336.928 1337.521 1338.097 1338.673 1339.249 1339.825 1340.414 1341.005 1341.597 1342.188 1342.708 1343.073 1343.437 1343.802 1344.167
1305.128 1305.791 1306.509 1307.228 1307.947 1308.667 1309.397 1310.126 1310.855 1311.585 1312.232 1312.819 1313.406 1313.992 1314.579 1315.233 1315.886 1316.54 1317.193 1317.876 1318.596 1319.316 1320.037 1320.757 1321.362 1321.951 1322.539 1323.127 1323.734 1324.384 1325.035 1325.685 1326.335 1326.892 1327.413 1327.935 1328.456 1328.989 1329.578 1330.168 1330.758 1331.348 1331.937 1332.525 1333.113 1333.701 1334.289 1334.867 1335.444 1336.022 1336.599 1337.177 1337.756 1338.335 1338.914 1339.493 1340.065 1340.636 1341.207 1341.779 1342.286 1342.654 1343.022 1343.39 1343.757
1304.922 1305.569 1306.25 1306.931 1307.613 1308.301 1309.03 1309.76 1310.489 1311.219 1311.872 1312.469 1313.067 1313.664 1314.262 1314.905 1315.547 1316.19 1316.833 1317.496 1318.184 1318.872 1319.56 1320.248 1320.864 1321.468 1322.072 1322.676 1323.288 1323.917 1324.546 1325.175 1325.804 1326.382 1326.941 1327.5 1328.058 1328.626 1329.237 1329.848 1330.459 1331.07 1331.677 1332.282 1332.886 1333.49 1334.094 1334.65 1335.206 1335.762 1336.318 1336.877 1337.44 1338.003 1338.566 1339.129 1339.661 1340.189 1340.718 1341.246 1341.728 1342.106 1342.485 1342.863 1343.242
1304.716 1305.347 1305.99 1306.634 1307.278 1307.935 1308.664 1309.394 1310.123 1310.853 1311.512 1312.12 1312.728 1313.336 1313.944 1314.577 1315.209 1315.841 1316.473 1317.115 1317.771 1318.427 1319.084 1319.74 1320.365 1320.985 1321.605 1322.226 1322.842 1323.45 1324.057 1324.665 1325.273 1325.872 1326.468 1327.065 1327.661 1328.263 1328.895 1329.528 1330.161 1330.793 1331.418 1332.039 1332.659 1333.279 1333.898 1334.432 1334.967 1335.502 1336.036 1336.577 1337.123 1337.67 1338.217 1338.764 1339.257 1339.743 1340.229 1340.714 1341.17 1341.559 1341.948 1342.337 1342.726
1304.51 1305.124 1305.731 1306.337 1306.944 1307.568 1308.298 1309.027 1309.757 1310.486 1311.152 1311.771 1312.389 1313.008 1313.627 1314.248 1314.87 1315.491 1316.113 1316.735 1317.359 1317.983 1318.607 1319.231 1319.866 1320.502 1321.138 1321.775 1322.396 1322.982 1323.569 1324.155 1324.741 1325.362 1325.996 1326.63 1327.263 1327.9 1328.554 1329.208 1329.862 1330.516 1331.159 1331.796 1332.432 1333.068 1333.702 1334.215 1334.729 1335.242 1335.755 1336.276 1336.807 1337.338 1337.869 1338.4 1338.853 1339.296 1339.739 1340.182 1340.611 1341.011 1341.411 1341.811 1342.211
1304.304 1304.902 1305.471 1306.041 1306.61 1307.202 1307.932 1308.661 1309.391 1310.12 1310.792 1311.421 1312.051 1312.68 1313.309 1313.92 1314.531 1315.142 1315.752 1316.355 1316.947 1317.539 1318.131 1318.723 1319.367 1320.019 1320.672 1321.324 1321.95 1322.515 1323.08 1323.645 1324.21 1324.852 1325.523 1326.194 1326.865 1327.537 1328.213 1328.888 1329.563 1330.238 1330.9 1331.552 1332.205 1332.857 1333.506 1333.998 1334.49 1334.982 1335.474 1335.976 1336.491 1337.006 1337.521 1338.035 1338.449 1338.849 1339.25 1339.65 1340.053 1340.464 1340.874 1341.285 1341.696
1304.017 1304.61 1305.169 1305.728 1306.288 1306.871 1307.592 1308.314 1309.036 1309.757 1310.416 1311.028 1311.641 1312.253 1312.866 1313.485 1314.105 1314.725 1315.345 1315.952 1316.544 1317.135 1317.727 1318.318 1318.976 1319.645 1320.313 1320.982 1321.624 1322.208 1322.791 1323.374 1323.957 1324.611 1325.292 1325.973 1326.653 1327.332 1327.997 1328.662 1329.327 1329.992 1330.645 1331.29 1331.935 1332.579 1333.22 1333.687 1334.153 1334.62 1335.086 1335.569 1336.072 1336.575 1337.078 1337.58 1337.997 1338.401 1338.806 1339.211 1339.616 1340.022 1340.427 1340.833 1341.238
1303.701 1304.292 1304.852 1305.411 1305.97 1306.552 1307.263 1307.974 1308.685 1309.395 1310.034 1310.62 1311.206 1311.791 1312.378 1313.013 1313.649 1314.285 1314.921 1315.542 1316.144 1316.746 1317.348 1317.951 1318.624 1319.309 1319.993 1320.677 1321.341 1321.956 1322.571 1323.186 1323.801 1324.464 1325.145 1325.826 1326.507 1327.182 1327.826 1328.469 1329.113 1329.757 1330.391 1331.02 1331.649 1332.277 1332.902 1333.342 1333.782 1334.222 1334.661 1335.125 1335.617 1336.109 1336.601 1337.093 1337.527 1337.953 1338.38 1338.806 1339.222 1339.617 1340.012 1340.407 1340.802
1303.385 1303.975 1304.534 1305.094 1305.653 1306.233 1306.933 1307.633 1308.333 1309.034 1309.653 1310.212 1310.771 1311.33 1311.889 1312.541 1313.193 1313.845 1314.497 1315.131 1315.744 1316.357 1316.97 1317.583 1318.272 1318.972 1319.673 1320.373 1321.058 1321.705 1322.352 1322.999 1323.646 1324.318 1324.999 1325.68 1326.361 1327.032 1327.654 1328.277 1328.899 1329.521 1330.138 1330.75 1331.363 1331.976 1332.584 1332.997 1333.41 1333.823 1334.237 1334.681 1335.162 1335.643 1336.125 1336.606 1337.058 1337.505 1337.953 1338.401 1338.828 1339.212 1339.597 1339.981 1340.365
1303.069 1303.658 1304.217 1304.776 1305.336 1305.914 1306.603 1307.293 1307.983 1308.672 1309.271 1309.803 1310.336 1310.868 1311.401 1312.069 1312.737 1313.405 1314.073 1314.721 1315.345 1315.968 1316.592 1317.215 1317.92 1318.636 1319.353 1320.069 1320.774 1321.453 1322.133 1322.812 1323.491 1324.172 1324.852 1325.533 1326.214 1326.882 1327.483 1328.084 1328.685 1329.286 1329.884 1330.481 1331.077 1331.674 1332.266 1332.652 1333.039 1333.425 1333.812 1334.236 1334.707 1335.178 1335.648 1336.119 1336.588 1337.057 1337.526 1337.995 1338.434 1338.808 1339.181 1339.555 1339.928
1302.748 1303.334 1303.897 1304.461 1305.024 1305.604 1306.281 1306.958 1307.634 1308.311 1308.894 1309.408 1309.921 1310.435 1310.95 1311.633 1312.316 1312.999 1313.681 1314.347 1314.989 1315.631 1316.273 1316.916 1317.626 1318.346 1319.067 1319.787 1320.502 1321.206 1321.909 1322.612 1323.315 1323.999 1324.676 1325.353 1326.03 1326.691 1327.271 1327.852 1328.433 1329.013 1329.594 1330.174 1330.755 1331.336 1331.911 1332.282 1332.653 1333.024 1333.395 1333.805 1334.263 1334.721 1335.179 1335.637 1336.123 1336.614 1337.104 1337.594 1338.046 1338.41 1338.775 1339.14 1339.505
1302.405 1302.983 1303.568 1304.152 1304.737 1305.332 1305.988 1306.643 1307.299 1307.954 1308.537 1309.067 1309.596 1310.126 1310.657 1311.35 1312.044 1312.738 1313.431 1314.126 1314.821 1315.517 1316.213 1316.909 1317.584 1318.256 1318.929 1319.601 1320.279 1320.972 1321.664 1322.357 1323.049 1323.715 1324.37 1325.026 1325.681 1326.322 1326.887 1327.451 1328.016 1328.58 1329.145 1329.709 1330.274 1330.839 1331.4 1331.802 1332.205 1332.608 1333.011 1333.429 1333.866 1334.302 1334.739 1335.175 1335.678 1336.19 1336.702 1337.214 1337.679 1338.044 1338.409 1338.774 1339.138
1302.062 1302.632 1303.238 1303.844 1304.45 1305.06 1305.695 1306.329 1306.963 1307.597 1308.18 1308.726 1309.271 1309.817 1310.364 1311.068 1311.772 1312.477 1313.181 1313.905 1314.654 1315.403 1316.152 1316.902 1317.542 1318.167 1318.791 1319.415 1320.056 1320.738 1321.42 1322.102 1322.784 1323.431 1324.065 1324.699 1325.333 1325.953 1326.502 1327.05 1327.599 1328.147 1328.696 1329.244 1329.793 1330.341 1330.887 1331.322 1331.757 1332.192 1332.627 1333.053 1333.468 1333.884 1334.299 1334.714 1335.233 1335.766 1336.3 1336.833 1337.313 1337.678 1338.042 1338.407 1338.772
1301.718 1302.281 1302.908 1303.536 1304.163 1304.789 1305.401 1306.014 1306.627 1307.24 1307.823 1308.385 1308.946 1309.508 1310.071 1310.786 1311.501 1312.216 1312.931 1313.684 1314.487 1315.289 1316.092 1316.895 1317.5 1318.077 1318.653 1319.229 1319.833 1320.505 1321.176 1321.847 1322.518 1323.146 1323.759 1324.372 1324.985 1325.584 1326.117 1326.649 1327.182 1327.714 1328.247 1328.779 1329.312 1329.844 1330.375 1330.842 1331.309 1331.776 1332.243 1332.677 1333.071 1333.465 1333.859 1334.253 1334.788 1335.343 1335.897 1336.452 1336.947 1337.312 1337.676 1338.041 1338.406
1301.375 1301.93 1302.579 1303.228 1303.877 1304.517 1305.108 1305.7 1306.291 1306.882 1307.466 1308.044 1308.621 1309.199 1309.778 1310.504 1311.229 1311.955 1312.681 1313.464 1314.319 1315.176 1316.031 1316.888 1317.459 1317.987 1318.515 1319.043 1319.61 1320.271 1320.931 1321.592 1322.252 1322.862 1323.454 1324.045 1324.636 1325.216 1325.732 1326.249 1326.765 1327.281 1327.798 1328.314 1328.831 1329.347 1329.863 1330.362 1330.861 1331.36 1331.859 1332.301 1332.674 1333.046 1333.419 1333.791 1334.343 1334.919 1335.495 1336.071 1336.581 1336.945 1337.31 1337.675 1338.04
1301.104 1301.642 1302.292 1302.942 1303.592 1304.233 1304.827 1305.421 1306.015 1306.609 1307.21 1307.818 1308.425 1309.032 1309.641 1310.37 1311.1 1311.829 1312.559 1313.346 1314.208 1315.07 1315.932 1316.793 1317.356 1317.874 1318.391 1318.908 1319.463 1320.106 1320.749 1321.392 1322.035 1322.617 1323.177 1323.737 1324.297 1324.85 1325.371 1325.892 1326.413 1326.933 1327.45 1327.964 1328.479 1328.993 1329.507 1330.024 1330.542 1331.059 1331.577 1332.028 1332.4 1332.771 1333.143 1333.514 1334.055 1334.618 1335.181 1335.745 1336.25 1336.628 1337.006 1337.385 1337.763
1300.875 1301.391 1302.03 1302.669 1303.308 1303.943 1304.552 1305.162 1305.772 1306.382 1307.012 1307.657 1308.302 1308.947 1309.592 1310.322 1311.051 1311.781 1312.51 1313.288 1314.129 1314.969 1315.809 1316.65 1317.219 1317.747 1318.275 1318.803 1319.359 1319.981 1320.602 1321.224 1321.846 1322.395 1322.917 1323.439 1323.962 1324.486 1325.023 1325.56 1326.097 1326.634 1327.161 1327.68 1328.199 1328.719 1329.238 1329.767 1330.295 1330.823 1331.351 1331.813 1332.195 1332.578 1332.96 1333.342 1333.856 1334.387 1334.918 1335.449 1335.939 1336.339 1336.739 1337.138 1337.538
1300.646 1301.139 1301.767 1302.396 1303.024 1303.652 1304.278 1304.904 1305.53 1306.155 1306.814 1307.496 1308.178 1308.86 1309.543 1310.273 1311.002 1311.732 1312.461 1313.23 1314.049 1314.868 1315.687 1316.506 1317.082 1317.62 1318.159 1318.698 1319.255 1319.855 1320.456 1321.056 1321.656 1322.172 1322.657 1323.142 1323.627 1324.123 1324.676 1325.229 1325.781 1326.334 1326.871 1327.396 1327.92 1328.445 1328.97 1329.509 1330.048 1330.587 1331.125 1331.598 1331.991 1332.384 1332.777 1333.17 1333.656 1334.156 1334.655 1335.154 1335.628 1336.049 1336.471 1336.892 1337.313
1300.417 1300.887 1301.505 1302.122 1302.74 1303.361 1304.003 1304.645 1305.287 1305.929 1306.616 1307.335 1308.055 1308.775 1309.494 1310.224 1310.953 1311.683 1312.412 1313.172 1313.969 1314.767 1315.565 1316.362 1316.944 1317.494 1318.043 1318.593 1319.151 1319.73 1320.309 1320.888 1321.466 1321.949 1322.397 1322.844 1323.292 1323.759 1324.328 1324.897 1325.466 1326.035 1326.581 1327.111 1327.641 1328.171 1328.702 1329.251 1329.801 1330.35 1330.9 1331.383 1331.787 1332.191 1332.594 1332.998 1333.457 1333.924 1334.391 1334.858 1335.318 1335.76 1336.203 1336.645 1337.088
1300.231 1300.68 1301.287 1301.894 1302.501 1303.115 1303.77 1304.425 1305.08 1305.735 1306.448 1307.203 1307.959 1308.714 1309.469 1310.193 1310.918 1311.642 1312.366 1313.114 1313.89 1314.666 1315.442 1316.219 1316.806 1317.365 1317.924 1318.482 1319.041 1319.599 1320.157 1320.715 1321.273 1321.727 1322.144 1322.561 1322.977 1323.421 1324.004 1324.587 1325.17 1325.753 1326.307 1326.84 1327.373 1327.906 1328.44 1328.997 1329.555 1330.112 1330.669 1331.162 1331.576 1331.99 1332.403 1332.817 1333.253 1333.692 1334.131 1334.571 1335.017 1335.478 1335.94 1336.401 1336.863
1300.497 1300.941 1301.537 1302.133 1302.73 1303.332 1303.971 1304.61 1305.25 1305.889 1306.604 1307.375 1308.146 1308.918 1309.688 1310.354 1311.019 1311.685 1312.351 1313.055 1313.81 1314.565 1315.32 1316.075 1316.655 1317.208 1317.762 1318.315 1318.865 1319.407 1319.949 1320.491 1321.033 1321.51 1321.964 1322.418 1322.873 1323.346 1323.924 1324.502 1325.08 1325.658 1326.196 1326.708 1327.22 1327.732 1328.244 1328.78 1329.316 1329.852 1330.388 1330.871 1331.29 1331.71 1332.129 1332.548 1332.999 1333.454 1333.909 1334.364 1334.82 1335.276 1335.732 1336.188 1336.645
1300.762 1301.202 1301.787 1302.373 1302.958 1303.55 1304.173 1304.796 1305.419 1306.042 1306.76 1307.547 1308.334 1309.121 1309.907 1310.514 1311.121 1311.728 1312.335 1312.997 1313.731 1314.464 1315.198 1315.931 1316.504 1317.052 1317.6 1318.148 1318.69 1319.215 1319.741 1320.267 1320.793 1321.294 1321.785 1322.276 1322.768 1323.272 1323.845 1324.417 1324.99 1325.562 1326.086 1326.576 1327.067 1327.557 1328.048 1328.563 1329.078 1329.592 1330.107 1330.581 1331.005 1331.43 1331.854 1332.279 1332.745 1333.216 1333.687 1334.158 1334.623 1335.074 1335.525 1335.975 1336.426
1301.028 1301.463 1302.037 1302.612 1303.187 1303.767 1304.374 1304.981 1305.588 1306.195 1306.915 1307.719 1308.522 1309.325 1310.127 1310.675 1311.223 1311.771 1312.319 1312.939 1313.651 1314.363 1315.075 1315.788 1316.353 1316.895 1317.438 1317.981 1318.514 1319.024 1319.533 1320.043 1320.553 1321.077 1321.606 1322.134 1322.663 1323.198 1323.765 1324.333 1324.9 1325.467 1325.976 1326.445 1326.914 1327.383 1327.852 1328.346 1328.839 1329.332 1329.826 1330.29 1330.72 1331.15 1331.58 1332.01 1332.49 1332.977 1333.464 1333.952 1334.426 1334.871 1335.317 1335.762 1336.208
1301.293 1301.723 1302.288 1302.852 1303.416 1303.984 1304.575 1305.166 1305.757 1306.349 1307.071 1307.891 1308.71 1309.529 1310.346 1310.835 1311.325 1311.814 1312.303 1312.881 1313.572 1314.262 1314.953 1315.644 1316.202 1316.739 1317.276 1317.814 1318.338 1318.832 1319.326 1319.819 1320.313 1320.86 1321.426 1321.992 1322.559 1323.124 1323.686 1324.248 1324.809 1325.371 1325.865 1326.313 1326.761 1327.208 1327.657 1328.129 1328.6 1329.072 1329.544 1330.0 1330.435 1330.87 1331.305 1331.74 1332.236 1332.739 1333.242 1333.745 1334.229 1334.669 1335.109 1335.549 1335.99
1301.957 1302.346 1302.857 1303.368 1303.878 1304.402 1305.003 1305.604 1306.204 1306.805 1307.51 1308.291 1309.072 1309.852 1310.631 1311.047 1311.463 1311.879 1312.296 1312.811 1313.455 1314.099 1314.742 1315.386 1315.955 1316.513 1317.071 1317.629 1318.163 1318.644 1319.125 1319.605 1320.086 1320.641 1321.225 1321.809 1322.392 1322.971 1323.525 1324.078 1324.632 1325.185 1325.67 1326.108 1326.546 1326.984 1327.422 1327.898 1328.375 1328.851 1329.327 1329.782 1330.211 1330.641 1331.07 1331.499 1331.992 1332.494 1332.996 1333.498 1333.983 1334.429 1334.876 1335.322 1335.768
1302.964 1303.282 1303.702 1304.122 1304.542 1304.993 1305.625 1306.258 1306.891 1307.524 1308.193 1308.888 1309.584 1310.279 1310.972 1311.303 1311.633 1311.964 1312.295 1312.732 1313.306 1313.88 1314.454 1315.029 1315.626 1316.226 1316.827 1317.428 1317.989 1318.459 1318.929 1319.399 1319.869 1320.422 1321.005 1321.589 1322.172 1322.75 1323.292 1323.835 1324.378 1324.921 1325.402 1325.839 1326.277 1326.715 1327.154 1327.657 1328.16 1328.663 1329.166 1329.629 1330.042 1330.455 1330.868 1331.281 1331.758 1332.244 1332.73 1333.216 1333.695 1334.157 1334.62 1335.082 1335.544
