data/zism_data/00483_03_D.txt
ncols         224
nrows         224
[rows 0 to 27 of 224, columns 0 to 62 of 224]
1302.551 1302.227 1301.904 1301.58 1301.257 1300.981 1300.735 1300.489 1300.244 1300.021 1300.307 1300.593 1300.879 1301.165 1301.339 1301.389 1301.44 1301.49 1301.541 1301.211 1300.842 1300.472 1300.103 1299.801 1299.635 1299.469 1299.303 1299.136 1299.05 1298.988 1298.925 1298.863 1298.821 1298.862 1298.903 1298.944 1298.985 1299.02 1299.052 1299.084 1299.116 1299.146 1299.146 1299.146 1299.146 1299.146 1299.131 1299.099 1299.067 1299.035 1299.003 1299.0 1299.0 1299.0 1299.0 1299.0 1299.0 1299.0 1299.0 1299.0 1299.025 1299.057 1299.089
1303.94 1303.467 1302.993 1302.52 1302.047 1301.638 1301.269 1300.901 1300.532 1300.193 1300.5 1300.807 1301.115 1301.422 1301.625 1301.713 1301.801 1301.889 1301.977 1301.626 1301.23 1300.834 1300.438 1300.099 1299.874 1299.649 1299.424 1299.199 1299.103 1299.046 1298.989 1298.932 1298.891 1298.916 1298.941 1298.966 1298.991 1299.03 1299.078 1299.126 1299.174 1299.22 1299.22 1299.22 1299.22 1299.22 1299.196 1299.148 1299.1 1299.052 1299.004 1299.0 1299.0 1299.0 1299.0 1299.0 1299.0 1299.0 1299.0 1299.0 1299.038 1299.086 1299.134
1305.328 1304.706 1304.083 1303.46 1302.838 1302.295 1301.804 1301.312 1300.82 1300.365 1300.693 1301.022 1301.351 1301.679 1301.911 1302.037 1302.162 1302.287 1302.413 1302.042 1301.619 1301.196 1300.773 1300.397 1300.113 1299.829 1299.545 1299.262 1299.156 1299.104 1299.053 1299.001 1298.961 1298.97 1298.979 1298.988 1298.997 1299.04 1299.104 1299.168 1299.233 1299.293 1299.293 1299.293 1299.293 1299.293 1299.262 1299.198 1299.133 1299.069 1299.005 1299.0 1299.0 1299.0 1299.0 1299.0 1299.0 1299.0 1299.0 1299.0 1299.05 1299.114 1299.178
1306.787 1306.036 1305.286 1304.535 1303.784 1303.149 1302.588 1302.026 1301.464 1300.941 1301.247 1301.554 1301.861 1302.168 1302.388 1302.512 1302.637 1302.761 1302.885 1302.494 1302.049 1301.605 1301.16 1300.749 1300.407 1300.064 1299.722 1299.379 1299.265 1299.222 1299.178 1299.134 1299.099 1299.099 1299.099 1299.099 1299.099 1299.14 1299.206 1299.271 1299.337 1299.399 1299.399 1299.399 1299.399 1299.399 1299.36 1299.28 1299.2 1299.12 1299.039 1299.026 1299.019 1299.012 1299.005 1299.008 1299.029 1299.051 1299.072 1299.094 1299.15 1299.216 1299.281
1308.331 1307.479 1306.627 1305.774 1304.922 1304.245 1303.678 1303.111 1302.544 1302.012 1302.244 1302.476 1302.708 1302.94 1303.098 1303.174 1303.25 1303.326 1303.402 1302.993 1302.532 1302.071 1301.61 1301.169 1300.768 1300.366 1299.965 1299.564 1299.444 1299.411 1299.378 1299.345 1299.318 1299.318 1299.318 1299.318 1299.318 1299.35 1299.399 1299.449 1299.499 1299.546 1299.546 1299.546 1299.546 1299.546 1299.499 1299.402 1299.306 1299.21 1299.114 1299.085 1299.062 1299.038 1299.015 1299.024 1299.094 1299.164 1299.234 1299.303 1299.357 1299.407 1299.457
1309.875 1308.922 1307.968 1307.014 1306.06 1305.34 1304.768 1304.195 1303.623 1303.083 1303.24 1303.397 1303.554 1303.711 1303.807 1303.835 1303.864 1303.892 1303.92 1303.491 1303.014 1302.537 1302.06 1301.589 1301.129 1300.668 1300.208 1299.748 1299.624 1299.601 1299.579 1299.556 1299.538 1299.538 1299.538 1299.538 1299.538 1299.559 1299.593 1299.627 1299.66 1299.692 1299.692 1299.692 1299.692 1299.692 1299.637 1299.525 1299.413 1299.301 1299.188 1299.143 1299.104 1299.065 1299.026 1299.041 1299.159 1299.277 1299.395 1299.512 1299.565 1299.598 1299.632
1311.42 1310.364 1309.309 1308.253 1307.198 1306.436 1305.858 1305.28 1304.703 1304.154 1304.236 1304.318 1304.401 1304.483 1304.517 1304.497 1304.477 1304.457 1304.437 1303.989 1303.496 1303.003 1302.51 1302.008 1301.49 1300.971 1300.452 1299.933 1299.803 1299.791 1299.779 1299.767 1299.758 1299.758 1299.758 1299.758 1299.758 1299.769 1299.787 1299.804 1299.822 1299.839 1299.839 1299.839 1299.839 1299.839 1299.776 1299.648 1299.519 1299.391 1299.263 1299.202 1299.146 1299.091 1299.036 1299.058 1299.224 1299.39 1299.556 1299.722 1299.772 1299.789 1299.807
1312.964 1311.807 1310.65 1309.493 1308.336 1307.531 1306.948 1306.365 1305.782 1305.225 1305.232 1305.24 1305.247 1305.255 1305.227 1305.159 1305.091 1305.022 1304.954 1304.487 1303.978 1303.469 1302.96 1302.428 1301.851 1301.273 1300.695 1300.118 1299.982 1299.981 1299.98 1299.979 1299.978 1299.978 1299.978 1299.978 1299.978 1299.979 1299.98 1299.982 1299.984 1299.985 1299.985 1299.985 1299.985 1299.985 1299.915 1299.77 1299.626 1299.482 1299.338 1299.26 1299.189 1299.118 1299.046 1299.075 1299.289 1299.503 1299.717 1299.931 1299.979 1299.981 1299.982
1314.242 1313.089 1311.936 1310.783 1309.631 1308.824 1308.236 1307.647 1307.059 1306.495 1306.471 1306.447 1306.423 1306.399 1306.331 1306.215 1306.099 1305.983 1305.867 1305.354 1304.801 1304.247 1303.693 1303.124 1302.526 1301.928 1301.33 1300.732 1300.57 1300.542 1300.513 1300.484 1300.461 1300.461 1300.461 1300.461 1300.461 1300.443 1300.414 1300.385 1300.356 1300.327 1300.283 1300.24 1300.197 1300.154 1300.056 1299.9 1299.745 1299.589 1299.434 1299.363 1299.3 1299.236 1299.173 1299.198 1299.388 1299.578 1299.768 1299.958 1300.0 1300.0 1300.0
1315.49 1314.353 1313.216 1312.08 1310.943 1310.139 1309.545 1308.952 1308.358 1307.788 1307.737 1307.687 1307.636 1307.585 1307.48 1307.316 1307.152 1306.988 1306.823 1306.263 1305.661 1305.059 1304.457 1303.851 1303.237 1302.623 1302.009 1301.395 1301.205 1301.144 1301.083 1301.022 1300.974 1300.974 1300.974 1300.974 1300.974 1300.935 1300.874 1300.814 1300.753 1300.69 1300.599 1300.507 1300.416 1300.325 1300.197 1300.031 1299.865 1299.698 1299.532 1299.47 1299.418 1299.365 1299.312 1299.333 1299.491 1299.649 1299.807 1299.965 1300.0 1300.0 1300.0
1316.738 1315.617 1314.497 1313.376 1312.255 1311.454 1310.855 1310.256 1309.657 1309.081 1309.003 1308.926 1308.849 1308.771 1308.63 1308.417 1308.205 1307.993 1307.78 1307.172 1306.522 1305.872 1305.222 1304.578 1303.948 1303.318 1302.688 1302.058 1301.84 1301.747 1301.654 1301.561 1301.486 1301.486 1301.486 1301.486 1301.486 1301.428 1301.335 1301.242 1301.149 1301.053 1300.914 1300.775 1300.635 1300.496 1300.338 1300.161 1299.984 1299.807 1299.631 1299.578 1299.536 1299.494 1299.452 1299.469 1299.595 1299.721 1299.847 1299.972 1300.0 1300.0 1300.0
1317.986 1316.882 1315.777 1314.672 1313.568 1312.77 1312.165 1311.561 1310.956 1310.374 1310.27 1310.166 1310.061 1309.957 1309.779 1309.518 1309.258 1308.998 1308.737 1308.08 1307.382 1306.684 1305.986 1305.305 1304.659 1304.013 1303.367 1302.721 1302.474 1302.349 1302.224 1302.099 1301.999 1301.999 1301.999 1301.999 1301.999 1301.921 1301.796 1301.671 1301.546 1301.417 1301.229 1301.042 1300.854 1300.667 1300.479 1300.292 1300.104 1299.917 1299.729 1299.685 1299.654 1299.623 1299.592 1299.604 1299.698 1299.792 1299.886 1299.979 1300.0 1300.0 1300.0
1319.231 1318.126 1317.021 1315.915 1314.81 1314.014 1313.414 1312.813 1312.213 1311.633 1311.498 1311.363 1311.229 1311.094 1310.874 1310.56 1310.246 1309.932 1309.618 1308.928 1308.198 1307.469 1306.739 1306.038 1305.39 1304.743 1304.096 1303.448 1303.191 1303.053 1302.914 1302.776 1302.659 1302.631 1302.603 1302.575 1302.548 1302.43 1302.26 1302.09 1301.92 1301.746 1301.513 1301.279 1301.045 1300.812 1300.596 1300.4 1300.203 1300.007 1299.811 1299.774 1299.752 1299.729 1299.707 1299.716 1299.783 1299.851 1299.918 1299.985 1300.0 1300.0 1300.0
1320.471 1319.333 1318.196 1317.058 1315.921 1315.126 1314.547 1313.968 1313.389 1312.827 1312.655 1312.483 1312.311 1312.139 1311.869 1311.491 1311.113 1310.735 1310.357 1309.66 1308.931 1308.201 1307.472 1306.779 1306.158 1305.538 1304.917 1304.297 1304.062 1303.945 1303.828 1303.711 1303.595 1303.487 1303.379 1303.271 1303.163 1302.973 1302.733 1302.494 1302.254 1302.013 1301.736 1301.46 1301.183 1300.907 1300.667 1300.465 1300.263 1300.062 1299.86 1299.828 1299.811 1299.794 1299.777 1299.783 1299.835 1299.886 1299.937 1299.989 1300.0 1300.0 1300.0
1321.71 1320.541 1319.371 1318.202 1317.032 1316.238 1315.68 1315.122 1314.564 1314.022 1313.813 1313.603 1313.394 1313.184 1312.864 1312.422 1311.98 1311.537 1311.095 1310.393 1309.663 1308.934 1308.204 1307.52 1306.927 1306.333 1305.739 1305.145 1304.933 1304.837 1304.742 1304.646 1304.532 1304.344 1304.156 1303.967 1303.779 1303.515 1303.206 1302.897 1302.588 1302.279 1301.959 1301.64 1301.321 1301.002 1300.737 1300.53 1300.323 1300.116 1299.909 1299.882 1299.87 1299.858 1299.846 1299.851 1299.886 1299.922 1299.957 1299.992 1300.0 1300.0 1300.0
1322.949 1321.748 1320.546 1319.345 1318.143 1317.349 1316.813 1316.277 1315.74 1315.217 1314.97 1314.723 1314.476 1314.229 1313.859 1313.353 1312.847 1312.34 1311.834 1311.125 1310.396 1309.666 1308.937 1308.262 1307.695 1307.128 1306.56 1305.993 1305.804 1305.73 1305.655 1305.581 1305.468 1305.2 1304.932 1304.663 1304.395 1304.057 1303.679 1303.301 1302.922 1302.545 1302.183 1301.821 1301.459 1301.097 1300.808 1300.596 1300.383 1300.171 1299.958 1299.935 1299.929 1299.922 1299.916 1299.919 1299.938 1299.957 1299.976 1299.996 1300.0 1300.0 1300.0
1324.189 1322.955 1321.722 1320.488 1319.254 1318.461 1317.946 1317.431 1316.916 1316.411 1316.127 1315.843 1315.559 1315.275 1314.854 1314.284 1313.713 1313.143 1312.572 1311.858 1311.128 1310.399 1309.669 1309.003 1308.463 1307.922 1307.382 1306.842 1306.675 1306.622 1306.569 1306.516 1306.405 1306.056 1305.708 1305.359 1305.011 1304.6 1304.152 1303.704 1303.256 1302.811 1302.406 1302.001 1301.597 1301.192 1300.879 1300.661 1300.443 1300.225 1300.008 1299.989 1299.988 1299.987 1299.986 1299.986 1299.99 1299.993 1299.996 1299.999 1300.0 1300.0 1300.0
1325.211 1324.035 1322.858 1321.682 1320.506 1319.714 1319.165 1318.616 1318.068 1317.528 1317.198 1316.868 1316.538 1316.207 1315.745 1315.136 1314.527 1313.917 1313.308 1312.59 1311.861 1311.131 1310.402 1309.756 1309.277 1308.797 1308.317 1307.838 1307.646 1307.542 1307.438 1307.334 1307.174 1306.783 1306.393 1306.003 1305.612 1305.148 1304.639 1304.13 1303.621 1303.112 1302.605 1302.098 1301.591 1301.084 1300.737 1300.556 1300.375 1300.195 1300.015 1300.0 1300.0 1300.0 1300.0 1300.0 1300.0 1300.0 1300.0 1300.0 1300.02 1300.046 1300.071
1326.178 1325.082 1323.986 1322.89 1321.793 1321.003 1320.406 1319.809 1319.212 1318.625 1318.246 1317.868 1317.49 1317.112 1316.609 1315.967 1315.326 1314.685 1314.044 1313.323 1312.593 1311.864 1311.134 1310.512 1310.102 1309.692 1309.281 1308.871 1308.643 1308.469 1308.296 1308.122 1307.9 1307.477 1307.055 1306.633 1306.21 1305.697 1305.129 1304.561 1303.994 1303.423 1302.798 1302.173 1301.549 1300.924 1300.54 1300.408 1300.276 1300.143 1300.011 1300.0 1300.0 1300.0 1300.0 1300.0 1300.0 1300.0 1300.0 1300.0 1300.045 1300.103 1300.16
1327.145 1326.129 1325.113 1324.097 1323.081 1322.292 1321.647 1321.002 1320.357 1319.721 1319.295 1318.869 1318.442 1318.016 1317.472 1316.799 1316.126 1315.453 1314.779 1314.055 1313.326 1312.596 1311.867 1311.268 1310.927 1310.586 1310.246 1309.905 1309.639 1309.396 1309.153 1308.911 1308.626 1308.172 1307.717 1307.263 1306.808 1306.246 1305.619 1304.993 1304.366 1303.733 1302.991 1302.249 1301.507 1300.765 1300.344 1300.26 1300.175 1300.091 1300.007 1300.0 1300.0 1300.0 1300.0 1300.0 1300.0 1300.0 1300.0 1300.0 1300.07 1300.16 1300.249
1328.111 1327.176 1326.24 1325.304 1324.368 1323.581 1322.888 1322.195 1321.502 1320.818 1320.344 1319.869 1319.395 1318.92 1318.336 1317.631 1316.926 1316.22 1315.515 1314.788 1314.058 1313.329 1312.599 1312.024 1311.752 1311.481 1311.21 1310.939 1310.636 1310.324 1310.011 1309.699 1309.352 1308.866 1308.379 1307.893 1307.406 1306.795 1306.11 1305.425 1304.739 1304.044 1303.184 1302.324 1301.465 1300.605 1300.148 1300.112 1300.075 1300.039 1300.003 1300.0 1300.0 1300.0 1300.0 1300.0 1300.0 1300.0 1300.0 1300.0 1300.095 1300.217 1300.339
1329.109 1328.221 1327.334 1326.447 1325.56 1324.775 1324.055 1323.334 1322.614 1321.903 1321.387 1320.871 1320.355 1319.839 1319.216 1318.475 1317.734 1316.992 1316.251 1315.535 1314.821 1314.107 1313.393 1312.845 1312.622 1312.399 1312.176 1311.953 1311.613 1311.236 1310.859 1310.483 1310.076 1309.546 1309.015 1308.485 1307.954 1307.293 1306.554 1305.816 1305.077 1304.327 1303.387 1302.448 1301.509 1300.57 1300.082 1300.065 1300.048 1300.031 1300.013 1300.017 1300.022 1300.027 1300.033 1300.036 1300.036 1300.036 1300.036 1300.036 1300.153 1300.303 1300.453
1330.199 1329.263 1328.328 1327.393 1326.457 1325.677 1324.994 1324.311 1323.628 1322.952 1322.414 1321.877 1321.34 1320.802 1320.146 1319.356 1318.567 1317.777 1316.988 1316.325 1315.675 1315.026 1314.376 1313.865 1313.626 1313.387 1313.148 1312.909 1312.528 1312.103 1311.679 1311.254 1310.793 1310.182 1309.572 1308.961 1308.35 1307.636 1306.86 1306.084 1305.307 1304.524 1303.622 1302.721 1301.819 1300.917 1300.414 1300.328 1300.241 1300.154 1300.068 1300.085 1300.112 1300.139 1300.165 1300.183 1300.183 1300.183 1300.183 1300.183 1300.312 1300.478 1300.644
1331.289 1330.305 1329.322 1328.338 1327.355 1326.579 1325.933 1325.288 1324.642 1324.001 1323.442 1322.883 1322.325 1321.766 1321.075 1320.237 1319.4 1318.562 1317.725 1317.116 1316.53 1315.945 1315.359 1314.885 1314.63 1314.375 1314.12 1313.865 1313.443 1312.971 1312.498 1312.025 1311.509 1310.819 1310.128 1309.437 1308.747 1307.979 1307.165 1306.352 1305.538 1304.722 1303.857 1302.993 1302.129 1301.264 1300.746 1300.59 1300.434 1300.278 1300.122 1300.154 1300.202 1300.25 1300.298 1300.329 1300.329 1300.329 1300.329 1300.329 1300.471 1300.653 1300.835
1332.379 1331.347 1330.316 1329.284 1328.253 1327.481 1326.873 1326.265 1325.656 1325.05 1324.47 1323.89 1323.309 1322.729 1322.004 1321.119 1320.233 1319.348 1318.462 1317.906 1317.385 1316.864 1316.342 1315.905 1315.634 1315.363 1315.092 1314.821 1314.359 1313.838 1313.317 1312.796 1312.226 1311.455 1310.684 1309.914 1309.143 1308.322 1307.471 1306.62 1305.769 1304.919 1304.092 1303.265 1302.438 1301.612 1301.079 1300.853 1300.628 1300.402 1300.177 1300.222 1300.292 1300.361 1300.431 1300.476 1300.476 1300.476 1300.476 1300.476 1300.63 1300.828 1301.026
1333.469 1332.389 1331.309 1330.23 1329.15 1328.383 1327.812 1327.241 1326.671 1326.099 1325.497 1324.896 1324.294 1323.693 1322.934 1322.0 1321.066 1320.133 1319.199 1318.697 1318.24 1317.782 1317.325 1316.925 1316.638 1316.351 1316.064 1315.777 1315.274 1314.705 1314.136 1313.567 1312.943 1312.092 1311.241 1310.39 1309.539 1308.664 1307.776 1306.888 1305.999 1305.117 1304.327 1303.538 1302.748 1301.959 1301.411 1301.116 1300.821 1300.526 1300.231 1300.291 1300.382 1300.472 1300.563 1300.622 1300.622 1300.622 1300.622 1300.622 1300.789 1301.003 1301.217
1334.481 1333.394 1332.307 1331.221 1330.134 1329.336 1328.721 1328.106 1327.491 1326.877 1326.269 1325.661 1325.053 1324.445 1323.686 1322.76 1321.834 1320.908 1319.982 1319.498 1319.06 1318.622 1318.185 1317.787 1317.469 1317.151 1316.834 1316.516 1315.972 1315.358 1314.745 1314.132 1313.467 1312.591 1311.716 1310.84 1309.965 1309.091 1308.217 1307.343 1306.469 1305.602 1304.831 1304.06 1303.29 1302.519 1301.967 1301.644 1301.32 1300.996 1300.673 1300.719 1300.798 1300.877 1300.955 1301.012 1301.026 1301.041 1301.056 1301.071 1301.219 1301.405 1301.59
1335.46 1334.384 1333.307 1332.231 1331.155 1330.313 1329.617 1328.922 1328.227 1327.536 1326.928 1326.32 1325.712 1325.104 1324.36 1323.466 1322.572 1321.678 1320.784 1320.303 1319.866 1319.428 1318.99 1318.58 1318.225 1317.87 1317.515 1317.159 1316.574 1315.917 1315.261 1314.605 1313.906 1313.031 1312.155 1311.28 1310.405 1309.554 1308.717 1307.881 1307.045 1306.213 1305.453 1304.693 1303.933 1303.173 1302.621 1302.287 1301.953 1301.618 1301.284 1301.305 1301.357 1301.409 1301.461 1301.507 1301.544 1301.58 1301.616 1301.652 1301.768 1301.905 1302.042
