data/zism_data/00486_02_D.txt
ncols         224
nrows         224
[rows 28 to 55 of 224, columns 126 to 188 of 224]
880.3997 889.4099 895.2816 901.1531 907.0248 912.8964 916.3713 918.9115 921.4518 923.992 927.6144 935.5272 943.4399 951.3527 959.2657 968.9199 979.3806 989.8412 1000.302 1010.697 1020.761 1030.824 1040.887 1050.951 1064.392 1079.673 1094.955 1110.236 1125.127 1137.399 1149.671 1161.943 1174.216 1184.417 1193.301 1202.186 1211.071 1219.755 1226.493 1233.232 1239.971 1246.71 1253.005 1258.972 1264.939 1270.906 1276.773 1280.986 1285.199 1289.412 1293.625 1297.481 1301.03 1304.579 1308.128 1311.776 1319.911 1328.046 1336.181 1344.315 1350.355 1354.329 1358.304
886.3975 896.6992 903.8786 911.058 918.2374 925.4169 929.704 932.8632 936.0224 939.1816 943.2061 950.6614 958.1166 965.5719 973.0274 982.0623 991.8287 1001.595 1011.362 1021.199 1031.398 1041.595 1051.793 1061.991 1074.989 1089.511 1104.034 1118.556 1132.691 1144.226 1155.761 1167.296 1178.83 1188.534 1197.075 1205.615 1214.155 1222.53 1229.301 1236.072 1242.843 1249.614 1255.86 1261.72 1267.58 1273.439 1279.199 1283.326 1287.453 1291.581 1295.708 1299.477 1302.94 1306.403 1309.866 1313.406 1320.41 1327.414 1334.419 1341.423 1346.75 1350.423 1354.096
892.3953 903.9885 912.4756 920.9629 929.4501 937.9373 943.0367 946.8148 950.593 954.3711 958.7978 965.7955 972.7933 979.7911 986.7891 995.2047 1004.277 1013.349 1022.421 1031.702 1042.035 1052.367 1062.699 1073.032 1085.586 1099.349 1113.113 1126.876 1140.255 1151.053 1161.85 1172.648 1183.445 1192.652 1200.848 1209.044 1217.239 1225.305 1232.108 1238.912 1245.715 1252.518 1258.716 1264.468 1270.22 1275.972 1281.626 1285.667 1289.708 1293.749 1297.79 1301.473 1304.85 1308.227 1311.604 1315.035 1320.909 1326.783 1332.657 1338.532 1343.146 1346.517 1349.889
898.3931 911.2777 921.0728 930.8678 940.6628 950.4578 956.3694 960.7665 965.1636 969.5607 974.3894 980.9297 987.47 994.0103 1000.551 1008.347 1016.725 1025.103 1033.481 1042.204 1052.672 1063.139 1073.606 1084.073 1096.182 1109.187 1122.192 1135.196 1147.819 1157.879 1167.94 1178.0 1188.06 1196.77 1204.621 1212.472 1220.324 1228.08 1234.916 1241.751 1248.587 1255.422 1261.572 1267.217 1272.861 1278.505 1284.052 1288.007 1291.962 1295.917 1299.872 1303.469 1306.76 1310.051 1313.341 1316.664 1321.408 1326.152 1330.896 1335.64 1339.541 1342.611 1345.681
904.0229 917.9734 928.9574 939.9415 950.9255 961.9096 968.5719 973.5486 978.5255 983.5022 988.7173 994.8776 1001.038 1007.198 1013.359 1020.692 1028.568 1036.445 1044.322 1052.656 1063.299 1073.942 1084.585 1095.228 1106.873 1119.063 1131.254 1143.445 1155.248 1164.451 1173.654 1182.857 1192.06 1200.208 1207.687 1215.165 1222.643 1230.066 1236.946 1243.827 1250.708 1257.588 1263.735 1269.34 1274.946 1280.552 1286.06 1289.974 1293.889 1297.803 1301.718 1305.237 1308.42 1311.602 1314.785 1317.979 1321.726 1325.472 1329.219 1332.965 1336.199 1338.927 1341.656
908.1531 922.2505 933.9396 945.6288 957.3179 969.0071 976.1692 981.5658 986.9625 992.3591 997.8965 1003.992 1010.088 1016.184 1022.279 1029.787 1037.949 1046.111 1054.273 1062.902 1073.89 1084.877 1095.865 1106.852 1117.946 1129.097 1140.249 1151.401 1162.126 1169.983 1177.841 1185.698 1193.555 1200.882 1207.87 1214.859 1221.847 1228.834 1235.812 1242.79 1249.767 1256.745 1263.072 1268.92 1274.767 1280.615 1286.36 1290.42 1294.48 1298.539 1302.599 1306.078 1309.062 1312.045 1315.028 1318.018 1321.307 1324.596 1327.885 1331.174 1333.926 1336.148 1338.371
912.2834 926.5276 938.9219 951.3161 963.7103 976.1046 983.7665 989.583 995.3996 1001.216 1007.076 1013.107 1019.138 1025.169 1031.2 1038.883 1047.33 1055.777 1064.224 1073.148 1084.481 1095.813 1107.144 1118.476 1129.019 1139.131 1149.245 1159.357 1169.004 1175.515 1182.027 1188.539 1195.051 1201.555 1208.054 1214.552 1221.051 1227.603 1234.678 1241.752 1248.827 1255.901 1262.409 1268.499 1274.589 1280.679 1286.66 1290.865 1295.071 1299.276 1303.481 1306.919 1309.703 1312.487 1315.272 1318.057 1320.888 1323.72 1326.551 1329.382 1331.652 1333.369 1335.086
916.4138 930.8049 943.9043 957.0036 970.1029 983.2023 991.3642 997.6005 1003.837 1010.073 1016.255 1022.222 1028.188 1034.155 1040.121 1047.978 1056.711 1065.443 1074.175 1083.395 1095.072 1106.748 1118.424 1130.101 1140.092 1149.166 1158.24 1167.314 1175.882 1181.048 1186.214 1191.38 1196.547 1202.228 1208.237 1214.246 1220.255 1226.372 1233.543 1240.715 1247.886 1255.057 1261.746 1268.078 1274.41 1280.742 1286.961 1291.311 1295.661 1300.012 1304.362 1307.76 1310.345 1312.93 1315.515 1318.096 1320.469 1322.843 1325.217 1327.591 1329.379 1330.59 1331.801
920.5441 935.0821 948.8865 962.6909 976.4953 990.2997 998.9615 1005.618 1012.274 1018.93 1025.434 1031.336 1037.238 1043.14 1049.042 1057.073 1066.091 1075.109 1084.126 1093.641 1105.662 1117.683 1129.704 1141.724 1151.165 1159.2 1167.235 1175.27 1182.759 1186.58 1190.401 1194.221 1198.042 1202.901 1208.421 1213.939 1219.458 1225.141 1232.409 1239.677 1246.946 1254.214 1261.083 1267.657 1274.231 1280.806 1287.261 1291.756 1296.252 1300.748 1305.244 1308.601 1310.987 1313.373 1315.759 1318.134 1320.051 1321.967 1323.883 1325.8 1327.106 1327.811 1328.516
923.3047 937.1547 951.3161 965.4775 979.639 993.8005 1002.935 1010.109 1017.283 1024.457 1031.446 1037.702 1043.959 1050.215 1056.471 1064.752 1073.97 1083.189 1092.407 1102.064 1113.933 1125.802 1137.67 1149.539 1158.428 1165.694 1172.961 1180.228 1186.935 1189.88 1192.824 1195.769 1198.714 1202.865 1207.783 1212.701 1217.619 1222.758 1230.052 1237.347 1244.641 1251.935 1259.022 1265.957 1272.892 1279.827 1286.629 1291.264 1295.898 1300.532 1305.167 1308.464 1310.62 1312.776 1314.933 1317.078 1318.716 1320.354 1321.992 1323.63 1324.626 1324.991 1325.355
925.2531 937.9199 952.232 966.5442 980.8563 995.1685 1004.76 1012.509 1020.259 1028.009 1035.58 1042.439 1049.298 1056.157 1063.016 1071.591 1080.96 1090.329 1099.698 1109.407 1120.829 1132.251 1143.673 1155.095 1163.432 1170.091 1176.749 1183.408 1189.508 1191.855 1194.203 1196.55 1198.898 1202.409 1206.659 1210.909 1215.16 1219.693 1226.971 1234.249 1241.527 1248.805 1256.133 1263.499 1270.864 1278.23 1285.446 1290.214 1294.983 1299.752 1304.521 1307.747 1309.655 1311.564 1313.473 1315.372 1316.838 1318.303 1319.769 1321.235 1322.024 1322.146 1322.268
927.2015 938.6851 953.1479 967.6108 982.0736 996.5365 1006.584 1014.91 1023.236 1031.562 1039.713 1047.175 1054.637 1062.099 1069.561 1078.429 1087.949 1097.469 1106.989 1116.749 1127.725 1138.7 1149.675 1160.65 1168.437 1174.487 1180.537 1186.587 1192.081 1193.831 1195.581 1197.331 1199.081 1201.952 1205.535 1209.118 1212.701 1216.628 1223.89 1231.152 1238.413 1245.675 1253.244 1261.04 1268.836 1276.632 1284.262 1289.165 1294.069 1298.972 1303.875 1307.029 1308.691 1310.352 1312.013 1313.666 1314.96 1316.253 1317.547 1318.84 1319.422 1319.302 1319.182
929.15 939.4503 954.0638 968.6774 983.2909 997.9045 1008.409 1017.31 1026.212 1035.114 1043.847 1051.911 1059.976 1068.041 1076.105 1085.268 1094.938 1104.609 1114.279 1124.091 1134.62 1145.149 1155.677 1166.206 1173.441 1178.883 1184.325 1189.767 1194.654 1195.807 1196.959 1198.112 1199.265 1201.495 1204.411 1207.326 1210.242 1213.563 1220.808 1228.054 1235.3 1242.545 1250.355 1258.582 1266.808 1275.035 1283.078 1288.116 1293.154 1298.192 1303.23 1306.312 1307.726 1309.139 1310.553 1311.96 1313.082 1314.203 1315.324 1316.445 1316.82 1316.458 1316.095
931.3073 940.4337 955.142 969.8503 984.5585 999.2668 1010.194 1019.647 1029.101 1038.553 1047.844 1056.488 1065.132 1073.776 1082.421 1091.871 1101.694 1111.518 1121.342 1131.21 1141.302 1151.394 1161.487 1171.579 1178.272 1183.115 1187.958 1192.801 1197.093 1197.675 1198.258 1198.841 1199.423 1201.036 1203.302 1205.568 1207.835 1210.566 1217.803 1225.04 1232.277 1239.514 1247.564 1256.213 1264.862 1273.511 1281.959 1287.115 1292.271 1297.427 1302.583 1305.587 1306.755 1307.922 1309.089 1310.252 1311.203 1312.154 1313.104 1314.055 1314.228 1313.632 1313.037
936.8334 944.9348 958.8359 972.7369 986.6379 1000.539 1011.352 1020.961 1030.571 1040.18 1049.635 1058.484 1067.333 1076.182 1085.031 1094.678 1104.695 1114.713 1124.73 1134.715 1144.539 1154.362 1164.185 1174.008 1180.314 1184.705 1189.096 1193.487 1197.368 1197.821 1198.275 1198.728 1199.182 1200.527 1202.438 1204.349 1206.26 1208.68 1216.03 1223.38 1230.73 1238.08 1246.345 1255.285 1264.224 1273.164 1281.878 1286.888 1291.899 1296.91 1301.921 1304.736 1305.677 1306.618 1307.559 1308.498 1309.309 1310.12 1310.931 1311.742 1311.801 1311.12 1310.439
942.3594 949.436 962.5298 975.6235 988.7173 1001.811 1012.51 1022.275 1032.041 1041.806 1051.427 1060.481 1069.534 1078.587 1087.641 1097.485 1107.696 1117.907 1128.119 1138.221 1147.775 1157.329 1166.883 1176.437 1182.355 1186.294 1190.233 1194.172 1197.643 1197.967 1198.291 1198.616 1198.94 1200.018 1201.573 1203.13 1204.685 1206.794 1214.257 1221.72 1229.183 1236.646 1245.127 1254.357 1263.587 1272.817 1281.796 1286.662 1291.527 1296.393 1301.258 1303.884 1304.599 1305.315 1306.03 1306.744 1307.415 1308.086 1308.757 1309.428 1309.375 1308.608 1307.84
947.8854 953.9372 966.2237 978.5102 990.7966 1003.083 1013.668 1023.589 1033.511 1043.432 1053.219 1062.477 1071.735 1080.993 1090.251 1100.292 1110.697 1121.102 1131.507 1141.727 1151.012 1160.297 1169.581 1178.866 1184.397 1187.884 1191.37 1194.857 1197.918 1198.113 1198.308 1198.503 1198.698 1199.509 1200.709 1201.91 1203.111 1204.908 1212.484 1220.06 1227.636 1235.213 1243.908 1253.429 1262.949 1272.47 1281.715 1286.435 1291.155 1295.875 1300.596 1303.033 1303.522 1304.011 1304.5 1304.99 1305.521 1306.053 1306.584 1307.115 1306.949 1306.095 1305.241
953.4115 958.4384 969.9176 981.3968 992.876 1004.355 1014.826 1024.903 1034.981 1045.058 1055.011 1064.474 1073.936 1083.398 1092.861 1103.1 1113.698 1124.297 1134.896 1145.232 1154.248 1163.264 1172.28 1181.295 1186.438 1189.473 1192.508 1195.543 1198.193 1198.259 1198.325 1198.391 1198.457 1199.0 1199.845 1200.691 1201.536 1203.022 1210.711 1218.4 1226.089 1233.779 1242.689 1252.5 1262.312 1272.124 1281.634 1286.208 1290.783 1295.358 1299.933 1302.181 1302.444 1302.708 1302.971 1303.237 1303.628 1304.019 1304.41 1304.801 1304.522 1303.583 1302.643
959.7171 963.684 974.3348 984.9857 995.6365 1006.287 1016.698 1027.016 1037.334 1047.651 1057.814 1067.362 1076.911 1086.459 1096.008 1106.252 1116.818 1127.384 1137.95 1148.208 1156.912 1165.617 1174.321 1183.026 1187.833 1190.518 1193.204 1195.889 1198.229 1198.247 1198.266 1198.284 1198.302 1198.685 1199.299 1199.913 1200.527 1201.805 1209.521 1217.236 1224.952 1232.667 1241.724 1251.771 1261.818 1271.865 1281.59 1286.059 1290.528 1294.997 1299.466 1301.591 1301.715 1301.839 1301.963 1302.089 1302.34 1302.592 1302.843 1303.094 1302.603 1301.38 1300.156
966.8374 969.7075 979.5079 989.3083 999.1087 1008.909 1019.318 1029.964 1040.61 1051.256 1061.673 1071.184 1080.694 1090.205 1099.716 1109.764 1120.061 1130.358 1140.655 1150.63 1158.979 1167.328 1175.677 1184.027 1188.552 1190.995 1193.438 1195.881 1198.015 1198.071 1198.127 1198.183 1198.239 1198.574 1199.086 1199.597 1200.109 1201.289 1208.939 1216.59 1224.241 1231.892 1241.024 1251.248 1261.472 1271.697 1281.587 1285.991 1290.395 1294.8 1299.204 1301.273 1301.348 1301.424 1301.499 1301.575 1301.687 1301.798 1301.909 1302.021 1301.213 1299.5 1297.787
973.9574 975.7308 984.6808 993.6308 1002.581 1011.531 1021.937 1032.911 1043.886 1054.86 1065.532 1075.005 1084.478 1093.951 1103.424 1113.276 1123.304 1133.332 1143.36 1153.051 1161.045 1169.039 1177.033 1185.027 1189.27 1191.471 1193.672 1195.873 1197.801 1197.895 1197.988 1198.082 1198.176 1198.463 1198.872 1199.282 1199.691 1200.772 1208.358 1215.944 1223.531 1231.117 1240.323 1250.725 1261.127 1271.53 1281.583 1285.923 1290.262 1294.602 1298.942 1300.955 1300.982 1301.009 1301.036 1301.062 1301.033 1301.005 1300.976 1300.947 1299.824 1297.621 1295.418
981.0775 981.7541 989.8537 997.9533 1006.053 1014.152 1024.556 1035.859 1047.162 1058.464 1069.391 1078.826 1088.261 1097.697 1107.132 1116.789 1126.547 1136.306 1146.065 1155.473 1163.112 1170.75 1178.389 1186.028 1189.989 1191.948 1193.906 1195.865 1197.587 1197.718 1197.85 1197.981 1198.113 1198.352 1198.659 1198.966 1199.273 1200.255 1207.777 1215.298 1222.82 1230.342 1239.623 1250.203 1260.782 1271.362 1281.579 1285.854 1290.13 1294.405 1298.68 1300.637 1300.616 1300.594 1300.573 1300.548 1300.38 1300.211 1300.042 1299.874 1298.434 1295.741 1293.049
988.1975 987.7774 995.0266 1002.276 1009.525 1016.774 1027.176 1038.807 1050.438 1062.069 1073.25 1082.647 1092.045 1101.443 1110.841 1120.301 1129.791 1139.28 1148.77 1157.894 1165.178 1172.462 1179.745 1187.029 1190.708 1192.424 1194.14 1195.857 1197.373 1197.542 1197.711 1197.88 1198.049 1198.24 1198.445 1198.65 1198.855 1199.738 1207.195 1214.653 1222.109 1229.567 1238.923 1249.68 1260.437 1271.195 1281.575 1285.786 1289.997 1294.207 1298.418 1300.319 1300.249 1300.179 1300.109 1300.034 1299.726 1299.417 1299.109 1298.8 1297.044 1293.862 1290.68
994.7675 993.4554 1000.097 1006.738 1013.38 1020.021 1030.399 1042.234 1054.07 1065.906 1077.231 1086.531 1095.832 1105.132 1114.433 1123.54 1132.558 1141.575 1150.593 1159.261 1166.17 1173.079 1179.987 1186.896 1190.67 1192.738 1194.807 1196.875 1198.722 1199.082 1199.442 1199.803 1200.163 1200.317 1200.341 1200.364 1200.388 1201.089 1208.363 1215.637 1222.91 1230.184 1239.402 1250.055 1260.708 1271.361 1281.651 1286.005 1290.359 1294.713 1299.067 1300.984 1300.821 1300.658 1300.495 1300.318 1299.528 1298.739 1297.948 1297.158 1294.738 1290.709 1286.68
1001.289 999.1034 1005.158 1011.213 1017.268 1023.322 1033.675 1045.704 1057.734 1069.763 1081.222 1090.421 1099.619 1108.817 1118.016 1126.756 1135.283 1143.811 1152.339 1160.537 1167.069 1173.6 1180.132 1186.664 1190.567 1193.039 1195.511 1197.983 1200.207 1200.772 1201.337 1201.902 1202.466 1202.585 1202.42 1202.255 1202.09 1202.603 1209.683 1216.763 1223.843 1230.922 1239.984 1250.508 1261.031 1271.555 1281.733 1286.248 1290.764 1295.279 1299.795 1301.734 1301.474 1301.214 1300.954 1300.672 1299.371 1298.07 1296.768 1295.467 1292.35 1287.445 1282.539
1007.811 1004.751 1010.219 1015.688 1021.156 1026.624 1036.952 1049.174 1061.398 1073.621 1085.214 1094.31 1103.406 1112.502 1121.598 1129.971 1138.009 1146.047 1154.085 1161.812 1167.967 1174.122 1180.277 1186.432 1190.464 1193.339 1196.215 1199.09 1201.693 1202.462 1203.231 1204.001 1204.77 1204.853 1204.5 1204.146 1203.793 1204.117 1211.003 1217.889 1224.775 1231.661 1240.567 1250.961 1261.355 1271.75 1281.815 1286.492 1291.169 1295.846 1300.523 1302.484 1302.127 1301.771 1301.414 1301.026 1299.213 1297.401 1295.588 1293.776 1289.964 1284.18 1278.397
1014.333 1010.399 1015.281 1020.162 1025.044 1029.925 1040.228 1052.644 1065.061 1077.478 1089.205 1098.199 1107.193 1116.187 1125.181 1133.186 1140.735 1148.283 1155.831 1163.087 1168.865 1174.644 1180.422 1186.2 1190.36 1193.639 1196.919 1200.198 1203.178 1204.152 1205.126 1206.1 1207.074 1207.121 1206.579 1206.037 1205.496 1205.631 1212.323 1219.016 1225.708 1232.4 1241.149 1251.414 1261.679 1271.945 1281.897 1286.736 1291.574 1296.412 1301.251 1303.234 1302.781 1302.327 1301.873 1301.38 1299.056 1296.732 1294.408 1292.084 1287.576 1280.916 1274.255
1023.415 1019.027 1023.207 1027.387 1031.567 1035.747 1045.713 1057.937 1070.161 1082.385 1093.943 1102.857 1111.771 1120.685 1129.599 1137.361 1144.589 1151.818 1159.046 1166.023 1171.73 1177.437 1183.144 1188.851 1193.273 1196.995 1200.718 1204.44 1207.818 1208.884 1209.949 1211.014 1212.079 1211.984 1211.152 1210.321 1209.489 1209.319 1215.567 1221.815 1228.063 1234.31 1242.707 1252.688 1262.67 1272.651 1282.351 1287.445 1292.54 1297.634 1302.728 1304.723 1304.072 1303.422 1302.771 1302.071 1299.11 1296.148 1293.187 1290.225 1285.053 1277.702 1270.351
