data/zism_data/00488_01_D.txt
ncols         224
nrows         224
[rows 87 to 115 of 224, columns 0 to 63 of 224]
1050.0 1050.0 1050.0 1050.0 1050.0 1050.0 1050.0 1050.0 1050.0 1050.0 1050.0 1050.0 1050.0 1050.0 1050.0 1050.0 1050.0 1050.0 1050.0 1049.923 1049.839 1049.754 1049.67 1049.568 1049.434 1049.3 1049.166 1049.031 1048.84 1048.632 1048.424 1048.216 1047.989 1047.687 1047.384 1047.082 1046.779 1046.533 1046.32 1046.107 1045.894 1045.676 1045.378 1045.081 1044.783 1044.485 1044.158 1043.799 1043.44 1043.081 1042.722 1042.492 1042.273 1042.054 1041.836 1041.594 1041.31 1041.026 1040.742 1040.458 1040.244 1040.049 1039.854 1039.66
1050.0 1050.0 1050.0 1050.0 1050.0 1050.0 1050.0 1050.0 1050.0 1050.0 1050.0 1050.0 1050.0 1050.0 1050.0 1050.0 1050.0 1050.0 1050.0 1049.895 1049.778 1049.661 1049.545 1049.433 1049.331 1049.229 1049.126 1049.024 1048.812 1048.567 1048.321 1048.076 1047.827 1047.561 1047.296 1047.031 1046.765 1046.543 1046.346 1046.149 1045.952 1045.748 1045.434 1045.121 1044.807 1044.494 1044.166 1043.823 1043.48 1043.137 1042.794 1042.565 1042.346 1042.127 1041.908 1041.674 1041.411 1041.149 1040.886 1040.623 1040.414 1040.219 1040.025 1039.83
1050.0 1050.0 1050.0 1050.0 1050.0 1050.0 1050.0 1050.0 1050.0 1050.0 1050.0 1050.0 1050.0 1050.0 1050.0 1050.0 1050.0 1050.0 1050.0 1049.866 1049.717 1049.569 1049.42 1049.298 1049.228 1049.157 1049.087 1049.016 1048.783 1048.501 1048.218 1047.936 1047.664 1047.436 1047.208 1046.979 1046.751 1046.553 1046.372 1046.191 1046.01 1045.82 1045.49 1045.161 1044.831 1044.502 1044.173 1043.846 1043.519 1043.192 1042.865 1042.638 1042.419 1042.2 1041.981 1041.755 1041.513 1041.272 1041.03 1040.789 1040.584 1040.389 1040.195 1040.0
1050.0 1050.0 1050.0 1050.0 1050.0 1050.0 1050.0 1050.0 1050.0 1050.0 1050.0 1050.0 1050.0 1050.0 1050.0 1050.0 1050.0 1050.0 1050.0 1049.837 1049.656 1049.476 1049.296 1049.163 1049.124 1049.086 1049.047 1049.009 1048.755 1048.435 1048.115 1047.795 1047.501 1047.31 1047.119 1046.928 1046.738 1046.563 1046.398 1046.233 1046.068 1045.892 1045.547 1045.201 1044.855 1044.51 1044.181 1043.87 1043.559 1043.248 1042.937 1042.711 1042.492 1042.273 1042.054 1041.835 1041.615 1041.395 1041.174 1040.954 1040.754 1040.56 1040.365 1040.171
1050.0 1050.0 1050.0 1050.0 1050.0 1050.0 1050.0 1050.0 1050.0 1050.0 1050.0 1050.0 1050.0 1050.0 1050.0 1050.0 1050.0 1050.0 1050.0 1049.808 1049.595 1049.383 1049.171 1049.028 1049.021 1049.015 1049.008 1049.001 1048.726 1048.369 1048.012 1047.655 1047.338 1047.184 1047.031 1046.877 1046.724 1046.573 1046.424 1046.275 1046.125 1045.964 1045.603 1045.241 1044.88 1044.518 1044.189 1043.894 1043.599 1043.304 1043.009 1042.784 1042.565 1042.346 1042.127 1041.915 1041.717 1041.518 1041.319 1041.12 1040.924 1040.73 1040.535 1040.341
1050.0 1050.0 1050.0 1050.0 1050.0 1050.0 1050.0 1050.0 1050.0 1050.0 1050.0 1050.0 1050.0 1050.0 1050.0 1050.0 1050.0 1050.0 1050.0 1049.802 1049.583 1049.364 1049.145 1049.0 1049.0 1049.0 1049.0 1049.0 1048.72 1048.356 1047.991 1047.626 1047.305 1047.159 1047.013 1046.867 1046.721 1046.575 1046.429 1046.283 1046.137 1045.979 1045.614 1045.249 1044.885 1044.52 1044.203 1043.937 1043.67 1043.404 1043.137 1042.927 1042.72 1042.514 1042.308 1042.104 1041.906 1041.707 1041.508 1041.309 1041.111 1040.912 1040.713 1040.514
1050.0 1050.0 1050.0 1050.0 1050.0 1050.0 1050.0 1050.0 1050.0 1050.0 1050.0 1050.0 1050.0 1050.0 1050.0 1050.0 1050.0 1050.0 1050.0 1049.802 1049.583 1049.364 1049.145 1049.0 1049.0 1049.0 1049.0 1049.0 1048.72 1048.356 1047.991 1047.626 1047.305 1047.159 1047.013 1046.867 1046.721 1046.575 1046.429 1046.283 1046.137 1045.979 1045.614 1045.249 1044.885 1044.52 1044.219 1043.984 1043.75 1043.515 1043.281 1043.087 1042.897 1042.707 1042.516 1042.321 1042.117 1041.913 1041.709 1041.505 1041.301 1041.097 1040.893 1040.689
1050.0 1050.0 1050.0 1050.0 1050.0 1050.0 1050.0 1050.0 1050.0 1050.0 1050.0 1050.0 1050.0 1050.0 1050.0 1050.0 1050.0 1050.0 1050.0 1049.802 1049.583 1049.364 1049.145 1049.0 1049.0 1049.0 1049.0 1049.0 1048.72 1048.356 1047.991 1047.626 1047.305 1047.159 1047.013 1046.867 1046.721 1046.575 1046.429 1046.283 1046.137 1045.979 1045.614 1045.249 1044.885 1044.52 1044.234 1044.032 1043.829 1043.627 1043.424 1043.248 1043.073 1042.899 1042.725 1042.538 1042.329 1042.12 1041.91 1041.701 1041.491 1041.282 1041.073 1040.863
1050.0 1050.0 1050.0 1050.0 1050.0 1050.0 1050.0 1050.0 1050.0 1050.0 1050.0 1050.0 1050.0 1050.0 1050.0 1050.0 1050.0 1050.0 1050.0 1049.802 1049.583 1049.364 1049.145 1049.0 1049.0 1049.0 1049.0 1049.0 1048.72 1048.356 1047.991 1047.626 1047.305 1047.159 1047.013 1046.867 1046.721 1046.575 1046.429 1046.283 1046.137 1045.979 1045.614 1045.249 1044.885 1044.52 1044.25 1044.079 1043.909 1043.738 1043.568 1043.408 1043.25 1043.092 1042.933 1042.755 1042.541 1042.326 1042.111 1041.896 1041.682 1041.467 1041.252 1041.038
1050.0 1050.0 1050.0 1050.0 1050.0 1050.0 1050.0 1050.0 1050.0 1050.0 1049.992 1049.985 1049.978 1049.971 1049.966 1049.963 1049.961 1049.959 1049.956 1049.767 1049.557 1049.348 1049.139 1048.998 1048.99 1048.983 1048.976 1048.969 1048.693 1048.335 1047.978 1047.62 1047.305 1047.159 1047.013 1046.867 1046.721 1046.575 1046.429 1046.283 1046.137 1045.979 1045.624 1045.269 1044.914 1044.559 1044.303 1044.151 1043.999 1043.847 1043.695 1043.552 1043.41 1043.268 1043.125 1042.957 1042.739 1042.521 1042.304 1042.086 1041.873 1041.662 1041.45 1041.238
1050.0 1050.0 1050.0 1050.0 1050.0 1050.0 1050.0 1050.0 1050.0 1049.998 1049.959 1049.92 1049.881 1049.842 1049.815 1049.802 1049.789 1049.776 1049.763 1049.611 1049.444 1049.277 1049.111 1048.987 1048.948 1048.909 1048.869 1048.83 1048.572 1048.246 1047.92 1047.595 1047.305 1047.159 1047.013 1046.867 1046.721 1046.575 1046.429 1046.283 1046.137 1045.982 1045.669 1045.357 1045.044 1044.732 1044.485 1044.306 1044.128 1043.949 1043.77 1043.64 1043.514 1043.387 1043.261 1043.104 1042.892 1042.68 1042.468 1042.255 1042.068 1041.889 1041.709 1041.529
1050.0 1050.0 1050.0 1050.0 1050.0 1050.0 1050.0 1050.0 1050.0 1049.997 1049.926 1049.855 1049.784 1049.713 1049.664 1049.64 1049.617 1049.593 1049.569 1049.455 1049.331 1049.206 1049.082 1048.976 1048.905 1048.834 1048.763 1048.692 1048.45 1048.156 1047.863 1047.569 1047.305 1047.159 1047.013 1046.867 1046.721 1046.575 1046.429 1046.283 1046.137 1045.984 1045.714 1045.444 1045.174 1044.904 1044.666 1044.461 1044.256 1044.051 1043.846 1043.728 1043.617 1043.507 1043.396 1043.252 1043.045 1042.838 1042.631 1042.424 1042.264 1042.116 1041.968 1041.82
1050.0 1050.0 1050.0 1050.0 1050.0 1050.0 1050.0 1050.0 1050.0 1049.995 1049.892 1049.789 1049.686 1049.583 1049.513 1049.479 1049.444 1049.41 1049.376 1049.299 1049.217 1049.136 1049.054 1048.965 1048.862 1048.759 1048.656 1048.553 1048.329 1048.067 1047.805 1047.543 1047.305 1047.159 1047.013 1046.867 1046.721 1046.575 1046.429 1046.283 1046.137 1045.987 1045.759 1045.532 1045.305 1045.077 1044.848 1044.616 1044.384 1044.152 1043.921 1043.815 1043.721 1043.626 1043.532 1043.4 1043.198 1042.997 1042.795 1042.593 1042.459 1042.343 1042.227 1042.111
1050.0 1050.0 1050.0 1050.0 1050.0 1050.0 1050.0 1050.0 1050.0 1049.994 1049.859 1049.724 1049.589 1049.454 1049.362 1049.317 1049.272 1049.227 1049.182 1049.143 1049.104 1049.065 1049.026 1048.955 1048.82 1048.685 1048.55 1048.415 1048.207 1047.977 1047.748 1047.518 1047.305 1047.159 1047.013 1046.867 1046.721 1046.575 1046.429 1046.283 1046.137 1045.989 1045.804 1045.62 1045.435 1045.25 1045.029 1044.771 1044.512 1044.254 1043.996 1043.903 1043.824 1043.746 1043.668 1043.548 1043.352 1043.155 1042.959 1042.762 1042.654 1042.57 1042.486 1042.402
1050.0 1050.0 1050.0 1050.0 1050.0 1050.0 1050.0 1050.0 1050.0 1049.994 1049.848 1049.702 1049.556 1049.41 1049.308 1049.256 1049.204 1049.152 1049.1 1049.073 1049.049 1049.025 1049.0 1048.933 1048.78 1048.627 1048.474 1048.321 1048.142 1047.954 1047.767 1047.58 1047.398 1047.242 1047.086 1046.929 1046.773 1046.623 1046.477 1046.331 1046.185 1046.038 1045.868 1045.698 1045.527 1045.357 1045.153 1044.913 1044.674 1044.434 1044.195 1044.093 1044.002 1043.912 1043.821 1043.696 1043.505 1043.314 1043.123 1042.932 1042.833 1042.76 1042.687 1042.614
1050.0 1050.0 1050.0 1050.0 1050.0 1050.0 1050.0 1050.0 1050.0 1049.994 1049.848 1049.702 1049.556 1049.41 1049.306 1049.249 1049.191 1049.134 1049.076 1049.049 1049.025 1049.0 1048.976 1048.905 1048.741 1048.578 1048.414 1048.251 1048.105 1047.966 1047.827 1047.687 1047.541 1047.369 1047.196 1047.024 1046.852 1046.696 1046.55 1046.404 1046.258 1046.111 1045.941 1045.771 1045.6 1045.43 1045.247 1045.05 1044.853 1044.656 1044.459 1044.336 1044.219 1044.101 1043.984 1043.843 1043.658 1043.472 1043.286 1043.1 1043.003 1042.93 1042.857 1042.784
1050.0 1050.0 1050.0 1050.0 1050.0 1050.0 1050.0 1050.0 1050.0 1049.994 1049.848 1049.702 1049.556 1049.41 1049.303 1049.241 1049.178 1049.115 1049.052 1049.025 1049.0 1048.976 1048.952 1048.877 1048.703 1048.529 1048.354 1048.18 1048.069 1047.978 1047.886 1047.795 1047.684 1047.496 1047.307 1047.119 1046.931 1046.769 1046.623 1046.477 1046.331 1046.184 1046.014 1045.843 1045.673 1045.503 1045.341 1045.186 1045.032 1044.877 1044.723 1044.578 1044.435 1044.291 1044.148 1043.991 1043.811 1043.63 1043.45 1043.27 1043.173 1043.1 1043.027 1042.954
1050.0 1050.0 1050.0 1050.0 1050.0 1050.0 1050.0 1050.0 1050.0 1049.994 1049.848 1049.702 1049.556 1049.41 1049.301 1049.233 1049.165 1049.097 1049.029 1049.0 1048.976 1048.952 1048.927 1048.849 1048.664 1048.479 1048.295 1048.11 1048.033 1047.989 1047.946 1047.902 1047.827 1047.622 1047.418 1047.214 1047.01 1046.842 1046.696 1046.55 1046.404 1046.257 1046.087 1045.916 1045.746 1045.576 1045.434 1045.323 1045.211 1045.099 1044.987 1044.822 1044.651 1044.481 1044.311 1044.139 1043.964 1043.789 1043.614 1043.439 1043.343 1043.27 1043.197 1043.124
1050.0 1050.0 1050.0 1050.0 1050.0 1050.0 1050.0 1050.0 1050.0 1049.994 1049.851 1049.708 1049.564 1049.421 1049.31 1049.234 1049.159 1049.083 1049.007 1048.977 1048.952 1048.927 1048.901 1048.82 1048.626 1048.432 1048.239 1048.045 1048.0 1048.0 1048.0 1048.0 1047.957 1047.741 1047.525 1047.309 1047.093 1046.921 1046.775 1046.629 1046.483 1046.336 1046.169 1046.002 1045.835 1045.669 1045.546 1045.47 1045.395 1045.319 1045.243 1045.058 1044.863 1044.668 1044.473 1044.288 1044.121 1043.954 1043.787 1043.62 1043.524 1043.448 1043.373 1043.297
1050.0 1050.0 1050.0 1050.0 1050.0 1050.0 1050.0 1050.0 1050.0 1049.995 1049.884 1049.773 1049.662 1049.55 1049.441 1049.333 1049.226 1049.118 1049.01 1048.968 1048.932 1048.896 1048.86 1048.775 1048.592 1048.409 1048.226 1048.043 1048.0 1048.0 1048.0 1048.0 1047.964 1047.78 1047.595 1047.411 1047.227 1047.067 1046.921 1046.775 1046.629 1046.484 1046.355 1046.225 1046.095 1045.966 1045.847 1045.739 1045.631 1045.524 1045.416 1045.223 1045.023 1044.822 1044.622 1044.447 1044.317 1044.187 1044.057 1043.928 1043.815 1043.708 1043.6 1043.492
1050.0 1050.0 1050.0 1050.0 1050.0 1050.0 1050.0 1050.0 1050.0 1049.997 1049.917 1049.838 1049.759 1049.68 1049.572 1049.432 1049.292 1049.153 1049.013 1048.958 1048.911 1048.865 1048.818 1048.729 1048.557 1048.385 1048.213 1048.04 1048.0 1048.0 1048.0 1048.0 1047.97 1047.818 1047.666 1047.513 1047.361 1047.213 1047.067 1046.921 1046.775 1046.632 1046.54 1046.448 1046.355 1046.263 1046.147 1046.008 1045.868 1045.728 1045.589 1045.388 1045.183 1044.977 1044.771 1044.605 1044.513 1044.421 1044.328 1044.236 1044.106 1043.967 1043.827 1043.688
1050.0 1050.0 1050.0 1050.0 1050.0 1050.0 1050.0 1050.0 1050.0 1049.998 1049.951 1049.903 1049.856 1049.809 1049.702 1049.531 1049.359 1049.188 1049.016 1048.948 1048.891 1048.834 1048.777 1048.684 1048.523 1048.361 1048.199 1048.038 1048.0 1048.0 1048.0 1048.0 1047.976 1047.856 1047.736 1047.615 1047.495 1047.359 1047.213 1047.067 1046.921 1046.781 1046.725 1046.67 1046.615 1046.56 1046.448 1046.276 1046.105 1045.933 1045.762 1045.554 1045.343 1045.132 1044.921 1044.764 1044.709 1044.654 1044.599 1044.544 1044.398 1044.226 1044.055 1043.883
1050.0 1050.0 1050.0 1050.0 1050.0 1050.0 1050.0 1050.0 1050.0 1049.999 1049.984 1049.969 1049.953 1049.938 1049.833 1049.63 1049.426 1049.223 1049.019 1048.939 1048.871 1048.803 1048.735 1048.639 1048.488 1048.337 1048.186 1048.035 1048.0 1048.0 1048.0 1048.0 1047.983 1047.894 1047.806 1047.718 1047.629 1047.505 1047.359 1047.213 1047.067 1046.929 1046.911 1046.893 1046.875 1046.857 1046.748 1046.545 1046.341 1046.138 1045.934 1045.719 1045.503 1045.286 1045.07 1044.923 1044.906 1044.888 1044.87 1044.852 1044.689 1044.485 1044.282 1044.078
1050.0 1050.0 1050.0 1050.0 1050.0 1050.003 1050.009 1050.014 1050.02 1050.026 1050.037 1050.048 1050.059 1050.07 1049.968 1049.741 1049.514 1049.286 1049.059 1048.972 1048.899 1048.826 1048.753 1048.658 1048.521 1048.383 1048.245 1048.108 1048.076 1048.076 1048.076 1048.076 1048.063 1047.998 1047.933 1047.869 1047.804 1047.688 1047.543 1047.397 1047.251 1047.113 1047.108 1047.102 1047.097 1047.091 1046.988 1046.783 1046.578 1046.373 1046.168 1045.958 1045.747 1045.536 1045.326 1045.181 1045.159 1045.137 1045.115 1045.093 1044.919 1044.703 1044.487 1044.271
1050.0 1050.0 1050.0 1050.0 1050.0 1050.01 1050.026 1050.042 1050.058 1050.075 1050.108 1050.14 1050.172 1050.205 1050.106 1049.863 1049.62 1049.377 1049.134 1049.045 1048.972 1048.899 1048.826 1048.737 1048.615 1048.493 1048.372 1048.25 1048.222 1048.222 1048.222 1048.222 1048.212 1048.163 1048.115 1048.066 1048.017 1047.907 1047.761 1047.616 1047.47 1047.331 1047.315 1047.299 1047.283 1047.267 1047.171 1046.993 1046.814 1046.636 1046.457 1046.264 1046.069 1045.875 1045.68 1045.531 1045.467 1045.402 1045.337 1045.273 1045.094 1044.883 1044.672 1044.462
1050.0 1050.0 1050.0 1050.0 1050.0 1050.016 1050.043 1050.07 1050.097 1050.125 1050.178 1050.232 1050.286 1050.339 1050.245 1049.985 1049.726 1049.467 1049.208 1049.118 1049.045 1048.972 1048.899 1048.815 1048.709 1048.604 1048.498 1048.392 1048.367 1048.367 1048.367 1048.367 1048.361 1048.328 1048.296 1048.263 1048.23 1048.126 1047.98 1047.834 1047.688 1047.55 1047.523 1047.496 1047.469 1047.442 1047.354 1047.203 1047.051 1046.899 1046.747 1046.571 1046.392 1046.213 1046.035 1045.881 1045.774 1045.667 1045.559 1045.452 1045.268 1045.063 1044.857 1044.652
1050.0 1050.0 1050.0 1050.0 1050.0 1050.023 1050.06 1050.098 1050.135 1050.174 1050.249 1050.324 1050.399 1050.474 1050.383 1050.108 1049.833 1049.558 1049.283 1049.191 1049.118 1049.045 1048.972 1048.893 1048.803 1048.714 1048.624 1048.534 1048.513 1048.513 1048.513 1048.513 1048.51 1048.493 1048.476 1048.46 1048.443 1048.345 1048.199 1048.053 1047.907 1047.768 1047.73 1047.693 1047.656 1047.618 1047.538 1047.412 1047.287 1047.162 1047.037 1046.877 1046.714 1046.552 1046.389 1046.231 1046.081 1045.931 1045.781 1045.632 1045.443 1045.242 1045.042 1044.842
1050.0 1050.0 1050.0 1050.0 1050.0 1050.029 1050.078 1050.126 1050.174 1050.224 1050.32 1050.416 1050.513 1050.609 1050.521 1050.23 1049.939 1049.648 1049.357 1049.264 1049.191 1049.118 1049.045 1048.972 1048.898 1048.824 1048.75 1048.677 1048.659 1048.659 1048.659 1048.659 1048.659 1048.658 1048.657 1048.657 1048.656 1048.564 1048.418 1048.272 1048.126 1047.986 1047.938 1047.89 1047.842 1047.794 1047.721 1047.622 1047.524 1047.425 1047.326 1047.183 1047.037 1046.89 1046.743 1046.581 1046.388 1046.196 1046.004 1045.811 1045.617 1045.422 1045.227 1045.033
1050.0 1050.0 1050.0 1050.0 1050.0 1050.07 1050.184 1050.299 1050.413 1050.527 1050.634 1050.742 1050.849 1050.956 1050.86 1050.538 1050.216 1049.894 1049.572 1049.434 1049.315 1049.197 1049.079 1048.981 1048.923 1048.865 1048.807 1048.749 1048.736 1048.736 1048.736 1048.736 1048.736 1048.736 1048.736 1048.736 1048.736 1048.663 1048.548 1048.432 1048.317 1048.204 1048.146 1048.087 1048.028 1047.969 1047.894 1047.802 1047.71 1047.618 1047.525 1047.375 1047.219 1047.063 1046.906 1046.739 1046.549 1046.36 1046.17 1045.981 1045.791 1045.602 1045.412 1045.223
