data/zism_data/00484_01_D.txt
ncols         224
nrows         224
[rows 116 to 144 of 224, columns 128 to 191 of 224]
1501.344 1500.861 1500.378 1500.0 1500.0 1500.0 1500.0 1500.0 1500.0 1500.0 1500.0 1500.0 1500.0 1500.0 1500.0 1500.0 1500.0 1500.0 1500.0 1500.0 1500.0 1500.0 1500.0 1500.0 1500.0 1500.0 1500.019 1500.063 1500.107 1500.151 1500.195 1500.761 1501.407 1502.052 1502.697 1503.356 1504.045 1504.734 1505.423 1506.112 1505.84 1505.254 1504.667 1504.081 1503.52 1503.064 1502.608 1502.152 1501.696 1506.044 1513.12 1520.197 1527.273 1534.49 1543.328 1552.166 1561.004 1569.842 1574.091 1574.133 1574.174 1574.216 1574.258 1567.634
1501.389 1500.89 1500.391 1500.0 1500.0 1500.0 1500.0 1500.0 1500.0 1500.0 1500.0 1500.0 1500.0 1500.0 1500.0 1500.0 1500.0 1500.0 1500.0 1500.0 1500.0 1500.0 1500.0 1500.0 1500.0 1500.0 1500.026 1500.086 1500.146 1500.206 1500.266 1501.018 1501.873 1502.728 1503.583 1504.456 1505.371 1506.287 1507.202 1508.117 1507.779 1507.031 1506.283 1505.536 1504.776 1503.964 1503.153 1502.342 1501.531 1505.962 1513.372 1520.782 1528.193 1535.807 1545.787 1555.766 1565.745 1575.724 1580.718 1581.142 1581.566 1581.99 1582.414 1575.804
1501.401 1500.898 1500.394 1500.0 1500.0 1500.0 1500.0 1500.0 1500.0 1500.0 1500.0 1500.0 1500.0 1500.0 1500.0 1500.0 1500.0 1500.0 1500.0 1500.0 1500.0 1500.0 1500.0 1500.0 1500.0 1500.0 1500.043 1500.145 1500.247 1500.348 1500.45 1501.417 1502.513 1503.609 1504.706 1505.829 1507.01 1508.191 1509.373 1510.554 1510.244 1509.446 1508.649 1507.851 1506.982 1505.818 1504.655 1503.492 1502.329 1506.716 1514.258 1521.8 1529.341 1537.145 1547.977 1558.809 1569.641 1580.472 1586.087 1586.919 1587.752 1588.584 1589.416 1583.004
1501.281 1500.821 1500.36 1500.0 1500.0 1500.0 1500.0 1500.0 1500.0 1500.0 1500.0 1500.0 1500.0 1500.0 1500.0 1500.0 1500.0 1500.0 1500.0 1500.0 1500.0 1500.0 1500.0 1500.0 1500.0 1500.0 1500.106 1500.353 1500.599 1500.846 1501.093 1502.402 1503.87 1505.338 1506.806 1508.318 1509.93 1511.542 1513.154 1514.766 1514.87 1514.481 1514.093 1513.704 1513.098 1511.596 1510.093 1508.591 1507.088 1510.907 1517.749 1524.591 1531.433 1538.566 1549.064 1559.562 1570.06 1580.558 1586.283 1587.632 1588.981 1590.33 1591.679 1586.219
1501.161 1500.744 1500.327 1500.0 1500.0 1500.0 1500.0 1500.0 1500.0 1500.0 1500.0 1500.0 1500.0 1500.0 1500.0 1500.0 1500.0 1500.0 1500.0 1500.0 1500.0 1500.0 1500.0 1500.0 1500.0 1500.0 1500.168 1500.56 1500.952 1501.344 1501.737 1503.387 1505.227 1507.066 1508.905 1510.808 1512.85 1514.892 1516.935 1518.977 1519.496 1519.517 1519.537 1519.558 1519.214 1517.373 1515.531 1513.69 1511.848 1515.098 1521.24 1527.382 1533.524 1539.987 1550.151 1560.316 1570.48 1580.645 1586.479 1588.345 1590.211 1592.076 1593.942 1589.435
1501.042 1500.667 1500.293 1500.0 1500.0 1500.0 1500.0 1500.0 1500.0 1500.0 1500.0 1500.0 1500.0 1500.0 1500.0 1500.0 1500.0 1500.0 1500.0 1500.0 1500.0 1500.0 1500.0 1500.0 1500.0 1500.0 1500.23 1500.767 1501.305 1501.843 1502.38 1504.373 1506.583 1508.794 1511.005 1513.297 1515.77 1518.243 1520.716 1523.189 1524.122 1524.552 1524.981 1525.411 1525.33 1523.149 1520.969 1518.788 1516.608 1519.288 1524.731 1530.173 1535.616 1541.408 1551.239 1561.069 1570.9 1580.73 1586.675 1589.057 1591.44 1593.822 1596.205 1592.65
1500.922 1500.591 1500.259 1500.0 1500.0 1500.0 1500.0 1500.0 1500.0 1500.0 1500.0 1500.0 1500.0 1500.0 1500.0 1500.0 1500.0 1500.0 1500.0 1500.0 1500.0 1500.0 1500.0 1500.0 1500.0 1500.0 1500.292 1500.975 1501.658 1502.341 1503.024 1505.358 1507.94 1510.522 1513.104 1515.786 1518.69 1521.594 1524.497 1527.401 1528.748 1529.587 1530.426 1531.264 1531.446 1528.926 1526.407 1523.887 1521.367 1523.479 1528.222 1532.964 1537.707 1542.829 1552.326 1561.823 1571.32 1580.817 1586.871 1589.77 1592.669 1595.569 1598.468 1595.865
1500.872 1500.559 1500.245 1500.0 1500.0 1500.0 1500.0 1500.0 1500.0 1500.0 1500.0 1500.0 1500.0 1500.0 1500.0 1500.0 1500.0 1500.0 1500.0 1500.0 1500.0 1500.0 1500.0 1500.0 1500.0 1500.0 1500.374 1501.249 1502.124 1502.999 1503.874 1506.6 1509.603 1512.607 1515.611 1518.694 1521.953 1525.211 1528.47 1531.729 1533.44 1534.645 1535.849 1537.054 1537.559 1535.184 1532.81 1530.436 1528.062 1529.688 1533.587 1537.487 1541.387 1545.668 1554.361 1563.054 1571.747 1580.44 1586.268 1589.468 1592.669 1595.87 1599.07 1597.167
1500.857 1500.549 1500.241 1500.0 1500.0 1500.0 1500.0 1500.0 1500.0 1500.0 1500.0 1500.0 1500.0 1500.0 1500.0 1500.0 1500.0 1500.0 1500.0 1500.0 1500.0 1500.0 1500.0 1500.0 1500.0 1500.0 1500.466 1501.556 1502.647 1503.737 1504.827 1507.97 1511.42 1514.87 1518.321 1521.81 1525.387 1528.963 1532.539 1536.116 1538.164 1539.714 1541.263 1542.812 1543.67 1541.683 1539.696 1537.709 1535.722 1536.906 1539.89 1542.875 1545.86 1549.216 1556.871 1564.525 1572.179 1579.833 1585.265 1588.659 1592.054 1595.448 1598.842 1597.511
1500.842 1500.539 1500.237 1500.0 1500.0 1500.0 1500.0 1500.0 1500.0 1500.0 1500.0 1500.0 1500.0 1500.0 1500.0 1500.0 1500.0 1500.0 1500.0 1500.0 1500.0 1500.0 1500.0 1500.0 1500.0 1500.0 1500.558 1501.864 1503.169 1504.475 1505.78 1509.339 1513.237 1517.134 1521.031 1524.927 1528.821 1532.715 1536.609 1540.503 1542.889 1544.783 1546.677 1548.57 1549.781 1548.182 1546.582 1544.983 1543.384 1544.124 1546.194 1548.263 1550.333 1552.765 1559.38 1565.995 1572.611 1579.226 1584.262 1587.85 1591.438 1595.026 1598.615 1597.856
1500.827 1500.53 1500.233 1500.0 1500.0 1500.0 1500.0 1500.0 1500.0 1500.0 1500.0 1500.0 1500.0 1500.0 1500.0 1500.0 1500.0 1500.0 1500.0 1500.0 1500.0 1500.0 1500.0 1500.0 1500.0 1500.0 1500.65 1502.171 1503.692 1505.213 1506.734 1510.709 1515.053 1519.397 1523.741 1528.043 1532.255 1536.466 1540.678 1544.889 1547.614 1549.852 1552.09 1554.329 1555.892 1554.68 1553.468 1552.257 1551.045 1551.342 1552.497 1553.651 1554.806 1556.313 1561.89 1567.466 1573.042 1578.619 1583.259 1587.041 1590.823 1594.605 1598.387 1598.201
1500.95 1500.609 1500.267 1500.0 1500.0 1500.0 1500.0 1500.0 1500.0 1500.0 1500.0 1500.0 1500.0 1500.0 1500.0 1500.0 1500.0 1500.0 1500.0 1500.0 1500.0 1500.0 1500.0 1500.0 1500.0 1500.0 1500.742 1502.476 1504.211 1505.946 1507.68 1512.085 1516.891 1521.696 1526.502 1531.217 1535.735 1540.253 1544.771 1549.289 1552.337 1554.904 1557.471 1560.039 1561.94 1561.105 1560.269 1559.434 1558.599 1558.484 1558.778 1559.073 1559.367 1560.002 1564.56 1569.118 1573.677 1578.235 1582.461 1586.384 1590.306 1594.228 1598.151 1598.472
1501.939 1501.242 1500.545 1500.0 1500.0 1500.0 1500.0 1500.0 1500.0 1500.0 1500.0 1500.0 1500.0 1500.0 1500.0 1500.0 1500.0 1500.0 1500.0 1500.0 1500.0 1500.0 1500.0 1500.0 1500.0 1500.0 1500.829 1502.768 1504.708 1506.647 1508.586 1513.5 1518.859 1524.219 1529.579 1534.75 1539.505 1544.26 1549.015 1553.769 1557.05 1559.849 1562.647 1565.446 1567.594 1567.065 1566.536 1566.008 1565.479 1565.146 1564.924 1564.702 1564.479 1564.568 1568.238 1571.908 1575.578 1579.249 1582.949 1586.678 1590.406 1594.135 1597.863 1598.281
1502.927 1501.875 1500.823 1500.0 1500.0 1500.0 1500.0 1500.0 1500.0 1500.0 1500.0 1500.0 1500.0 1500.0 1500.0 1500.0 1500.0 1500.0 1500.0 1500.0 1500.0 1500.0 1500.0 1500.0 1500.0 1500.0 1500.917 1503.06 1505.204 1507.348 1509.492 1514.914 1520.828 1526.742 1532.657 1538.283 1543.275 1548.266 1553.258 1558.25 1561.763 1564.793 1567.823 1570.853 1573.247 1573.026 1572.804 1572.582 1572.36 1571.809 1571.07 1570.331 1569.592 1569.134 1571.916 1574.698 1577.48 1580.262 1583.437 1586.972 1590.506 1594.041 1597.576 1598.09
1503.916 1502.509 1501.101 1500.0 1500.0 1500.0 1500.0 1500.0 1500.0 1500.0 1500.0 1500.0 1500.0 1500.0 1500.0 1500.0 1500.0 1500.0 1500.0 1500.0 1500.0 1500.0 1500.0 1500.0 1500.0 1500.0 1501.004 1503.352 1505.701 1508.049 1510.397 1516.328 1522.797 1529.266 1535.734 1541.816 1547.045 1552.273 1557.502 1562.73 1566.476 1569.738 1572.999 1576.261 1578.901 1578.986 1579.071 1579.156 1579.241 1578.471 1577.216 1575.96 1574.704 1573.7 1575.594 1577.488 1579.382 1581.276 1583.924 1587.265 1590.607 1593.948 1597.289 1597.9
1504.904 1503.142 1501.379 1500.0 1500.0 1500.0 1500.0 1500.0 1500.0 1500.0 1500.0 1500.0 1500.0 1500.0 1500.0 1500.0 1500.0 1500.0 1500.0 1500.0 1500.0 1500.0 1500.0 1500.0 1500.0 1500.0 1501.091 1503.644 1506.197 1508.75 1511.303 1517.743 1524.766 1531.789 1538.812 1545.349 1550.814 1556.28 1561.745 1567.21 1571.189 1574.682 1578.175 1581.668 1584.555 1584.946 1585.338 1585.73 1586.122 1585.134 1583.361 1581.589 1579.817 1578.266 1579.272 1580.277 1581.283 1582.289 1584.412 1587.559 1590.707 1593.854 1597.001 1597.709
1506.426 1504.213 1502.0 1500.256 1500.197 1500.138 1500.079 1500.02 1500.0 1500.0 1500.0 1500.0 1500.0 1500.0 1500.0 1500.0 1500.0 1500.0 1500.0 1500.0 1500.0 1500.0 1500.0 1500.0 1500.0 1500.0 1501.127 1503.763 1506.399 1509.036 1511.672 1518.36 1525.655 1532.951 1540.247 1547.058 1552.799 1558.541 1564.282 1570.023 1574.178 1577.814 1581.45 1585.086 1588.111 1588.623 1589.135 1589.647 1590.159 1589.185 1587.368 1585.551 1583.733 1582.106 1582.666 1583.225 1583.785 1584.345 1586.057 1588.823 1591.59 1594.357 1597.124 1597.811
1508.291 1505.567 1502.842 1500.677 1500.521 1500.365 1500.209 1500.053 1500.0 1500.0 1500.0 1500.0 1500.0 1500.0 1500.0 1500.0 1500.0 1500.0 1500.0 1500.0 1500.0 1500.0 1500.0 1500.0 1500.0 1500.0 1501.129 1503.771 1506.412 1509.054 1511.696 1518.464 1525.851 1533.238 1540.625 1547.593 1553.636 1559.679 1565.722 1571.765 1576.058 1579.781 1583.503 1587.225 1590.319 1590.831 1591.343 1591.855 1592.367 1591.558 1589.999 1588.44 1586.881 1585.478 1585.877 1586.275 1586.674 1587.072 1588.445 1590.711 1592.978 1595.244 1597.51 1598.101
1510.155 1506.92 1503.684 1501.097 1500.844 1500.592 1500.339 1500.086 1500.0 1500.0 1500.0 1500.0 1500.0 1500.0 1500.0 1500.0 1500.0 1500.0 1500.0 1500.0 1500.0 1500.0 1500.0 1500.0 1500.0 1500.0 1501.132 1503.779 1506.426 1509.073 1511.719 1518.568 1526.047 1533.525 1541.004 1548.129 1554.473 1560.817 1567.161 1573.506 1577.939 1581.747 1585.555 1589.364 1592.527 1593.039 1593.551 1594.063 1594.574 1593.931 1592.63 1591.33 1590.029 1588.851 1589.088 1589.325 1589.562 1589.799 1590.833 1592.599 1594.365 1596.13 1597.896 1598.391
1512.02 1508.273 1504.526 1501.517 1501.168 1500.818 1500.469 1500.119 1500.0 1500.0 1500.0 1500.0 1500.0 1500.0 1500.0 1500.0 1500.0 1500.0 1500.0 1500.0 1500.0 1500.0 1500.0 1500.0 1500.0 1500.0 1501.134 1503.786 1506.439 1509.091 1511.743 1518.672 1526.242 1533.812 1541.382 1548.664 1555.31 1561.956 1568.601 1575.247 1579.819 1583.714 1587.608 1591.502 1594.735 1595.247 1595.759 1596.271 1596.782 1596.303 1595.261 1594.219 1593.177 1592.224 1592.299 1592.375 1592.45 1592.526 1593.222 1594.487 1595.752 1597.017 1598.282 1598.682
1513.836 1509.595 1505.354 1501.938 1501.492 1501.045 1500.599 1500.152 1500.0 1500.0 1500.0 1500.0 1500.0 1500.0 1500.0 1500.0 1500.0 1500.0 1500.0 1500.0 1500.0 1500.0 1500.0 1500.0 1500.0 1500.0 1501.128 1503.766 1506.404 1509.042 1511.68 1518.652 1526.274 1533.896 1541.518 1548.926 1555.859 1562.792 1569.726 1576.659 1581.387 1585.394 1589.401 1593.408 1596.734 1597.258 1597.781 1598.304 1598.828 1598.514 1597.723 1596.933 1596.143 1595.41 1595.338 1595.266 1595.194 1595.122 1595.5 1596.291 1597.081 1597.871 1598.661 1598.964
1515.102 1510.565 1506.027 1502.359 1501.815 1501.272 1500.728 1500.185 1500.0 1500.0 1500.0 1500.0 1500.0 1500.0 1500.0 1500.0 1500.0 1500.0 1500.0 1500.0 1500.0 1500.0 1500.0 1500.0 1500.0 1500.0 1501.024 1503.42 1505.816 1508.212 1510.607 1517.197 1524.415 1531.634 1538.852 1546.022 1553.084 1560.147 1567.209 1574.272 1579.348 1583.775 1588.202 1592.629 1596.321 1596.99 1597.659 1598.327 1598.996 1598.848 1598.235 1597.622 1597.01 1596.442 1596.386 1596.33 1596.274 1596.219 1596.512 1597.124 1597.737 1598.35 1598.962 1599.154
1516.367 1511.534 1506.701 1502.779 1502.139 1501.499 1500.858 1500.218 1500.0 1500.0 1500.0 1500.0 1500.0 1500.0 1500.0 1500.0 1500.0 1500.0 1500.0 1500.0 1500.0 1500.0 1500.0 1500.0 1500.0 1500.0 1500.921 1503.074 1505.228 1507.381 1509.535 1515.742 1522.557 1529.371 1536.186 1543.118 1550.31 1557.501 1564.693 1571.885 1577.309 1582.156 1587.003 1591.85 1595.908 1596.722 1597.536 1598.35 1599.164 1599.182 1598.747 1598.312 1597.877 1597.473 1597.434 1597.394 1597.354 1597.315 1597.523 1597.958 1598.393 1598.828 1599.263 1599.345
1517.632 1512.503 1507.374 1503.2 1502.462 1501.725 1500.988 1500.251 1500.0 1500.0 1500.0 1500.0 1500.0 1500.0 1500.0 1500.0 1500.0 1500.0 1500.0 1500.0 1500.0 1500.0 1500.0 1500.0 1500.0 1500.0 1500.817 1502.729 1504.64 1506.551 1508.462 1514.287 1520.698 1527.109 1533.52 1540.214 1547.535 1554.856 1562.177 1569.498 1575.271 1580.537 1585.804 1591.071 1595.495 1596.454 1597.414 1598.373 1599.332 1599.516 1599.258 1599.001 1598.744 1598.505 1598.481 1598.458 1598.435 1598.411 1598.534 1598.792 1599.049 1599.307 1599.564 1599.536
1518.898 1513.473 1508.047 1503.62 1502.786 1501.952 1501.118 1500.284 1500.0 1500.0 1500.0 1500.0 1500.0 1500.0 1500.0 1500.0 1500.0 1500.0 1500.0 1500.0 1500.0 1500.0 1500.0 1500.0 1500.0 1500.0 1500.714 1502.383 1504.052 1505.721 1507.39 1512.832 1518.839 1524.846 1530.854 1537.311 1544.761 1552.211 1559.661 1567.111 1573.232 1578.918 1584.605 1590.291 1595.082 1596.186 1597.291 1598.396 1599.5 1599.85 1599.77 1599.69 1599.61 1599.536 1599.529 1599.522 1599.515 1599.507 1599.546 1599.625 1599.705 1599.785 1599.865 1599.726
1519.59 1513.987 1508.384 1503.809 1502.932 1502.054 1501.176 1500.299 1500.0 1500.0 1500.0 1500.0 1500.0 1500.0 1500.0 1500.0 1500.0 1500.0 1500.0 1500.0 1500.0 1500.0 1500.0 1500.0 1500.0 1500.0 1500.601 1502.007 1503.413 1504.82 1506.226 1511.246 1516.808 1522.37 1527.933 1534.085 1541.543 1549.001 1556.458 1563.916 1570.326 1576.394 1582.462 1588.53 1593.693 1595.139 1596.585 1598.031 1599.476 1600.0 1600.0 1600.0 1600.0 1599.997 1599.962 1599.926 1599.891 1599.855 1599.843 1599.851 1599.86 1599.869 1599.878 1599.628
1519.815 1514.131 1508.448 1503.809 1502.932 1502.054 1501.176 1500.299 1500.0 1500.0 1500.0 1500.0 1500.0 1500.0 1500.0 1500.0 1500.0 1500.0 1500.0 1500.0 1500.0 1500.0 1500.0 1500.0 1500.0 1500.0 1500.481 1501.608 1502.734 1503.86 1504.986 1509.553 1514.637 1519.72 1524.803 1530.598 1537.964 1545.33 1552.696 1560.062 1566.714 1573.131 1579.549 1585.967 1591.51 1593.456 1595.402 1597.349 1599.295 1600.0 1600.0 1600.0 1600.0 1599.992 1599.892 1599.792 1599.692 1599.591 1599.557 1599.582 1599.607 1599.632 1599.657 1599.293
1520.039 1514.275 1508.511 1503.809 1502.932 1502.054 1501.176 1500.299 1500.0 1500.0 1500.0 1500.0 1500.0 1500.0 1500.0 1500.0 1500.0 1500.0 1500.0 1500.0 1500.0 1500.0 1500.0 1500.0 1500.0 1500.0 1500.362 1501.208 1502.054 1502.901 1503.747 1507.861 1512.465 1517.069 1521.674 1527.11 1534.385 1541.659 1548.934 1556.208 1563.101 1569.869 1576.636 1583.404 1589.326 1591.773 1594.22 1596.667 1599.114 1600.0 1600.0 1600.0 1600.0 1599.987 1599.822 1599.657 1599.493 1599.328 1599.271 1599.312 1599.353 1599.394 1599.435 1598.958
1520.264 1514.419 1508.574 1503.809 1502.932 1502.054 1501.176 1500.299 1500.0 1500.0 1500.0 1500.0 1500.0 1500.0 1500.0 1500.0 1500.0 1500.0 1500.0 1500.0 1500.0 1500.0 1500.0 1500.0 1500.0 1500.0 1500.242 1500.809 1501.375 1501.941 1502.508 1506.169 1510.294 1514.419 1518.544 1523.622 1530.805 1537.989 1545.172 1552.355 1559.488 1566.606 1573.724 1580.841 1587.143 1590.09 1593.037 1595.985 1598.932 1600.0 1600.0 1600.0 1600.0 1599.982 1599.752 1599.523 1599.294 1599.064 1598.984 1599.042 1599.099 1599.157 1599.214 1598.623
