data/zism_data/00485_03_D.txt
ncols         224
nrows         224
[rows 29 to 57 of 224, columns 130 to 194 of 224]
1399.442 1399.314 1399.241 1399.167 1399.094 1399.02 1399.0 1399.0 1399.0 1399.0 1399.0 1399.0 1399.0 1399.0 1399.0 1399.027 1399.068 1399.108 1399.149 1399.195 1399.276 1399.358 1399.44 1399.521 1399.58 1399.62 1399.661 1399.702 1399.744 1399.801 1399.858 1399.915 1399.972 1400.019 1400.055 1400.092 1400.128 1400.165 1400.404 1400.649 1400.894 1401.138 1401.524 1402.091 1402.659 1403.226 1403.793 1404.596 1405.424 1406.253 1407.082 1407.937 1408.84 1409.742 1410.645 1411.547 1412.534 1413.538 1414.542 1415.547 1416.513 1417.387 1418.261 1419.135 1420.008
1399.472 1399.351 1399.282 1399.212 1399.143 1399.073 1399.054 1399.054 1399.054 1399.054 1399.054 1399.054 1399.054 1399.054 1399.054 1399.088 1399.14 1399.191 1399.243 1399.301 1399.408 1399.516 1399.623 1399.73 1399.809 1399.867 1399.926 1399.984 1400.04 1400.043 1400.046 1400.05 1400.053 1400.048 1400.036 1400.024 1400.012 1400.0 1400.202 1400.411 1400.619 1400.828 1401.186 1401.739 1402.292 1402.844 1403.397 1404.218 1405.069 1405.921 1406.772 1407.676 1408.67 1409.664 1410.659 1411.653 1412.677 1413.707 1414.737 1415.767 1416.772 1417.715 1418.657 1419.6 1420.543
1399.595 1399.503 1399.449 1399.396 1399.343 1399.289 1399.275 1399.275 1399.275 1399.275 1399.275 1399.275 1399.275 1399.275 1399.275 1399.315 1399.378 1399.44 1399.503 1399.575 1399.72 1399.865 1400.01 1400.155 1400.272 1400.368 1400.464 1400.56 1400.649 1400.565 1400.482 1400.399 1400.316 1400.244 1400.183 1400.123 1400.062 1400.002 1400.155 1400.315 1400.475 1400.635 1400.947 1401.456 1401.966 1402.475 1402.985 1403.87 1404.797 1405.724 1406.651 1407.624 1408.677 1409.731 1410.785 1411.839 1412.877 1413.913 1414.948 1415.984 1417.007 1417.998 1418.989 1419.981 1420.972
1399.718 1399.654 1399.617 1399.58 1399.542 1399.505 1399.495 1399.495 1399.495 1399.495 1399.495 1399.495 1399.495 1399.495 1399.495 1399.543 1399.616 1399.689 1399.763 1399.849 1400.031 1400.214 1400.397 1400.58 1400.735 1400.869 1401.003 1401.136 1401.257 1401.088 1400.918 1400.748 1400.579 1400.44 1400.331 1400.222 1400.112 1400.003 1400.108 1400.219 1400.331 1400.442 1400.708 1401.174 1401.64 1402.107 1402.573 1403.521 1404.524 1405.526 1406.529 1407.572 1408.685 1409.798 1410.911 1412.024 1413.078 1414.119 1415.16 1416.201 1417.241 1418.281 1419.321 1420.361 1421.401
1399.841 1399.805 1399.784 1399.763 1399.742 1399.721 1399.716 1399.716 1399.716 1399.716 1399.716 1399.716 1399.716 1399.716 1399.716 1399.771 1399.854 1399.939 1400.023 1400.122 1400.343 1400.564 1400.785 1401.005 1401.198 1401.369 1401.541 1401.713 1401.866 1401.61 1401.354 1401.098 1400.842 1400.636 1400.478 1400.32 1400.162 1400.005 1400.061 1400.124 1400.186 1400.249 1400.468 1400.891 1401.315 1401.738 1402.161 1403.173 1404.251 1405.329 1406.407 1407.52 1408.692 1409.865 1411.037 1412.21 1413.278 1414.325 1415.371 1416.417 1417.476 1418.564 1419.653 1420.741 1421.83
1399.964 1399.956 1399.952 1399.947 1399.942 1399.937 1399.936 1399.936 1399.936 1399.936 1399.936 1399.936 1399.936 1399.936 1399.936 1399.998 1400.093 1400.188 1400.282 1400.396 1400.655 1400.913 1401.172 1401.43 1401.66 1401.87 1402.079 1402.289 1402.474 1402.132 1401.79 1401.447 1401.105 1400.831 1400.625 1400.419 1400.212 1400.006 1400.014 1400.028 1400.042 1400.056 1400.229 1400.609 1400.989 1401.369 1401.749 1402.824 1403.978 1405.132 1406.286 1407.468 1408.7 1409.932 1411.164 1412.396 1413.479 1414.53 1415.582 1416.634 1417.71 1418.847 1419.984 1421.122 1422.259
1400.0 1400.0 1400.0 1400.0 1400.0 1400.0 1400.0 1400.0 1400.0 1400.0 1400.004 1400.027 1400.05 1400.073 1400.096 1400.218 1400.393 1400.568 1400.742 1400.93 1401.214 1401.499 1401.784 1402.069 1402.316 1402.537 1402.757 1402.978 1403.172 1402.781 1402.391 1402.0 1401.61 1401.276 1400.999 1400.721 1400.443 1400.165 1400.134 1400.111 1400.088 1400.065 1400.187 1400.497 1400.807 1401.117 1401.427 1402.525 1403.712 1404.899 1406.086 1407.321 1408.639 1409.958 1411.276 1412.594 1413.738 1414.845 1415.952 1417.058 1418.176 1419.32 1420.463 1421.607 1422.75
1400.0 1400.0 1400.0 1400.0 1400.0 1400.0 1400.0 1400.0 1400.0 1400.0 1400.01 1400.066 1400.121 1400.177 1400.232 1400.436 1400.718 1401.001 1401.284 1401.569 1401.875 1402.182 1402.488 1402.795 1403.051 1403.272 1403.492 1403.713 1403.905 1403.482 1403.059 1402.636 1402.214 1401.823 1401.464 1401.105 1400.746 1400.387 1400.323 1400.268 1400.212 1400.157 1400.225 1400.454 1400.683 1400.912 1401.141 1402.245 1403.449 1404.652 1405.856 1407.136 1408.551 1409.967 1411.382 1412.797 1414.021 1415.203 1416.386 1417.568 1418.736 1419.869 1421.002 1422.135 1423.267
1400.0 1400.0 1400.0 1400.0 1400.0 1400.0 1400.0 1400.0 1400.0 1400.0 1400.017 1400.104 1400.192 1400.28 1400.368 1400.653 1401.044 1401.434 1401.825 1402.208 1402.536 1402.864 1403.192 1403.52 1403.786 1404.006 1404.227 1404.447 1404.638 1404.183 1403.728 1403.273 1402.818 1402.37 1401.93 1401.49 1401.05 1400.61 1400.512 1400.424 1400.337 1400.249 1400.263 1400.411 1400.559 1400.707 1400.855 1401.966 1403.186 1404.405 1405.625 1406.951 1408.463 1409.976 1411.488 1413.001 1414.303 1415.562 1416.82 1418.078 1419.297 1420.418 1421.54 1422.662 1423.784
1400.0 1400.0 1400.0 1400.0 1400.0 1400.0 1400.0 1400.0 1400.0 1400.0 1400.023 1400.143 1400.263 1400.383 1400.503 1400.87 1401.369 1401.868 1402.366 1402.848 1403.197 1403.547 1403.896 1404.246 1404.521 1404.741 1404.962 1405.182 1405.372 1404.884 1404.396 1403.909 1403.421 1402.917 1402.396 1401.875 1401.354 1400.833 1400.701 1400.581 1400.461 1400.341 1400.302 1400.369 1400.436 1400.502 1400.569 1401.687 1402.922 1404.158 1405.394 1406.765 1408.375 1409.985 1411.595 1413.205 1414.586 1415.92 1417.254 1418.588 1419.857 1420.968 1422.079 1423.19 1424.301
1400.0 1400.0 1400.0 1400.0 1400.0 1400.0 1400.0 1400.0 1400.0 1400.0 1400.031 1400.196 1400.361 1400.525 1400.69 1401.133 1401.724 1402.314 1402.905 1403.471 1403.845 1404.22 1404.595 1404.97 1405.256 1405.476 1405.697 1405.917 1406.106 1405.602 1405.098 1404.594 1404.09 1403.552 1402.982 1402.412 1401.842 1401.272 1401.103 1400.946 1400.788 1400.631 1400.538 1400.529 1400.519 1400.51 1400.5 1401.607 1402.839 1404.071 1405.304 1406.703 1408.394 1410.086 1411.778 1413.47 1414.92 1416.319 1417.718 1419.117 1420.433 1421.545 1422.656 1423.768 1424.88
1400.0 1400.0 1400.0 1400.0 1400.0 1400.0 1400.0 1400.0 1400.0 1400.0 1400.05 1400.318 1400.585 1400.853 1401.12 1401.609 1402.216 1402.823 1403.429 1404.014 1404.432 1404.851 1405.269 1405.687 1405.99 1406.211 1406.431 1406.652 1406.843 1406.399 1405.954 1405.509 1405.065 1404.608 1404.141 1403.674 1403.206 1402.739 1402.515 1402.298 1402.081 1401.865 1401.715 1401.651 1401.588 1401.525 1401.461 1402.475 1403.61 1404.745 1405.88 1407.221 1408.924 1410.626 1412.329 1414.032 1415.497 1416.912 1418.327 1419.743 1421.085 1422.251 1423.417 1424.582 1425.748
1400.0 1400.0 1400.0 1400.0 1400.0 1400.0 1400.0 1400.0 1400.0 1400.0 1400.07 1400.44 1400.81 1401.18 1401.55 1402.085 1402.708 1403.331 1403.954 1404.558 1405.02 1405.481 1405.942 1406.404 1406.725 1406.946 1407.166 1407.387 1407.581 1407.195 1406.81 1406.425 1406.04 1405.665 1405.3 1404.935 1404.57 1404.205 1403.927 1403.651 1403.375 1403.099 1402.891 1402.774 1402.657 1402.539 1402.422 1403.343 1404.38 1405.418 1406.456 1407.739 1409.453 1411.166 1412.88 1414.593 1416.074 1417.505 1418.937 1420.368 1421.738 1422.958 1424.177 1425.397 1426.616
1400.0 1400.0 1400.0 1400.0 1400.0 1400.0 1400.0 1400.0 1400.0 1400.0 1400.089 1400.562 1401.034 1401.507 1401.979 1402.561 1403.2 1403.839 1404.479 1405.102 1405.607 1406.111 1406.616 1407.12 1407.46 1407.68 1407.901 1408.121 1408.318 1407.992 1407.666 1407.34 1407.015 1406.721 1406.459 1406.197 1405.934 1405.672 1405.339 1405.003 1404.668 1404.332 1404.068 1403.897 1403.725 1403.554 1403.383 1404.21 1405.151 1406.092 1407.033 1408.257 1409.982 1411.706 1413.43 1415.155 1416.651 1418.098 1419.546 1420.993 1422.391 1423.664 1424.938 1426.211 1427.485
1400.0 1400.0 1400.0 1400.0 1400.0 1400.0 1400.0 1400.0 1400.0 1400.0 1400.108 1400.684 1401.259 1401.834 1402.409 1403.037 1403.692 1404.348 1405.003 1405.646 1406.194 1406.741 1407.289 1407.837 1408.195 1408.415 1408.636 1408.856 1409.055 1408.789 1408.522 1408.256 1407.99 1407.777 1407.618 1407.458 1407.298 1407.139 1406.751 1406.356 1405.961 1405.566 1405.245 1405.019 1404.794 1404.569 1404.343 1405.078 1405.922 1406.766 1407.609 1408.776 1410.511 1412.246 1413.981 1415.716 1417.227 1418.691 1420.155 1421.619 1423.043 1424.371 1425.698 1427.026 1428.353
1400.0 1400.0 1400.0 1400.0 1400.0 1400.0 1400.03 1400.071 1400.113 1400.154 1400.306 1400.936 1401.565 1402.195 1402.824 1403.481 1404.153 1404.825 1405.496 1406.156 1406.723 1407.289 1407.856 1408.423 1408.801 1409.042 1409.283 1409.524 1409.745 1409.525 1409.304 1409.083 1408.862 1408.716 1408.641 1408.567 1408.493 1408.418 1408.085 1407.745 1407.404 1407.064 1406.781 1406.574 1406.367 1406.16 1405.953 1406.602 1407.349 1408.095 1408.841 1409.92 1411.583 1413.247 1414.91 1416.573 1418.088 1419.572 1421.055 1422.538 1423.991 1425.369 1426.748 1428.126 1429.504
1400.0 1400.0 1400.0 1400.0 1400.0 1400.0 1400.077 1400.183 1400.289 1400.395 1400.605 1401.262 1401.918 1402.575 1403.231 1403.908 1404.596 1405.284 1405.972 1406.646 1407.219 1407.791 1408.363 1408.935 1409.334 1409.608 1409.881 1410.155 1410.408 1410.225 1410.042 1409.859 1409.676 1409.587 1409.588 1409.589 1409.591 1409.592 1409.377 1409.155 1408.933 1408.711 1408.521 1408.374 1408.226 1408.078 1407.931 1408.499 1409.148 1409.797 1410.447 1411.42 1412.965 1414.509 1416.054 1417.598 1419.11 1420.615 1422.12 1423.625 1425.108 1426.534 1427.961 1429.388 1430.815
1400.0 1400.0 1400.0 1400.0 1400.0 1400.0 1400.124 1400.295 1400.466 1400.637 1400.904 1401.588 1402.271 1402.955 1403.638 1404.335 1405.039 1405.743 1406.448 1407.137 1407.714 1408.292 1408.87 1409.447 1409.867 1410.173 1410.479 1410.785 1411.071 1410.926 1410.781 1410.636 1410.49 1410.458 1410.535 1410.612 1410.689 1410.766 1410.668 1410.565 1410.462 1410.359 1410.262 1410.174 1410.085 1409.997 1409.909 1410.396 1410.948 1411.5 1412.052 1412.92 1414.346 1415.772 1417.198 1418.623 1420.132 1421.659 1423.186 1424.712 1426.224 1427.699 1429.175 1430.65 1432.125
1400.0 1400.0 1400.0 1400.0 1400.0 1400.0 1400.171 1400.406 1400.642 1400.878 1401.203 1401.914 1402.624 1403.335 1404.045 1404.762 1405.483 1406.203 1406.923 1407.627 1408.21 1408.793 1409.376 1409.959 1410.401 1410.739 1411.077 1411.416 1411.734 1411.627 1411.52 1411.412 1411.305 1411.329 1411.482 1411.634 1411.787 1411.939 1411.959 1411.975 1411.99 1412.006 1412.003 1411.974 1411.945 1411.916 1411.887 1412.293 1412.747 1413.202 1413.657 1414.42 1415.727 1417.034 1418.341 1419.648 1421.154 1422.703 1424.251 1425.799 1427.34 1428.864 1430.388 1431.912 1433.436
1400.0 1400.0 1400.0 1400.0 1400.0 1400.0 1400.215 1400.513 1400.81 1401.107 1401.487 1402.222 1402.956 1403.691 1404.426 1405.161 1405.896 1406.63 1407.365 1408.083 1408.675 1409.266 1409.857 1410.448 1410.91 1411.277 1411.644 1412.012 1412.36 1412.299 1412.237 1412.175 1412.113 1412.197 1412.424 1412.651 1412.878 1413.105 1413.239 1413.371 1413.502 1413.633 1413.719 1413.746 1413.774 1413.801 1413.828 1414.158 1414.522 1414.886 1415.25 1415.914 1417.106 1418.297 1419.489 1420.68 1422.182 1423.749 1425.316 1426.883 1428.451 1430.019 1431.588 1433.157 1434.725
1400.0 1400.0 1400.0 1400.0 1400.0 1400.0 1400.239 1400.568 1400.898 1401.228 1401.634 1402.369 1403.103 1403.838 1404.573 1405.308 1406.043 1406.777 1407.512 1408.234 1408.858 1409.481 1410.105 1410.728 1411.203 1411.571 1411.938 1412.306 1412.659 1412.711 1412.762 1412.814 1412.865 1413.038 1413.33 1413.622 1413.914 1414.206 1414.426 1414.643 1414.861 1415.078 1415.225 1415.279 1415.333 1415.388 1415.442 1415.745 1416.077 1416.409 1416.741 1417.353 1418.458 1419.563 1420.668 1421.773 1423.255 1424.817 1426.378 1427.94 1429.507 1431.086 1432.666 1434.245 1435.825
1400.0 1400.0 1400.0 1400.0 1400.0 1400.0 1400.262 1400.624 1400.986 1401.348 1401.781 1402.516 1403.25 1403.985 1404.72 1405.455 1406.19 1406.924 1407.659 1408.385 1409.041 1409.697 1410.353 1411.009 1411.497 1411.865 1412.232 1412.6 1412.958 1413.123 1413.288 1413.453 1413.618 1413.88 1414.236 1414.593 1414.949 1415.306 1415.612 1415.916 1416.22 1416.524 1416.731 1416.812 1416.893 1416.974 1417.056 1417.333 1417.632 1417.932 1418.231 1418.791 1419.81 1420.828 1421.847 1422.865 1424.328 1425.885 1427.441 1428.997 1430.563 1432.154 1433.744 1435.334 1436.925
1400.0 1400.0 1400.0 1400.0 1400.0 1400.0 1400.286 1400.68 1401.075 1401.469 1401.928 1402.662 1403.397 1404.132 1404.867 1405.602 1406.337 1407.071 1407.806 1408.536 1409.224 1409.912 1410.601 1411.289 1411.791 1412.159 1412.526 1412.894 1413.257 1413.535 1413.813 1414.092 1414.37 1414.721 1415.142 1415.564 1415.985 1416.406 1416.798 1417.188 1417.578 1417.969 1418.237 1418.345 1418.453 1418.561 1418.67 1418.92 1419.187 1419.454 1419.721 1420.229 1421.161 1422.094 1423.026 1423.958 1425.401 1426.952 1428.503 1430.054 1431.62 1433.221 1434.822 1436.423 1438.024
1400.0 1400.0 1400.0 1400.0 1400.0 1400.0 1400.309 1400.736 1401.163 1401.59 1402.075 1402.809 1403.544 1404.279 1405.014 1405.749 1406.484 1407.218 1407.953 1408.686 1409.407 1410.128 1410.849 1411.569 1412.085 1412.453 1412.82 1413.187 1413.556 1413.948 1414.339 1414.731 1415.122 1415.562 1416.048 1416.534 1417.021 1417.507 1417.984 1418.461 1418.937 1419.414 1419.742 1419.878 1420.013 1420.148 1420.283 1420.508 1420.742 1420.977 1421.211 1421.667 1422.513 1423.359 1424.205 1425.051 1426.475 1428.02 1429.566 1431.111 1432.676 1434.288 1435.9 1437.512 1439.124
1400.0 1400.0 1400.0 1400.0 1400.0 1400.0 1400.286 1400.681 1401.077 1401.472 1401.926 1402.633 1403.34 1404.048 1404.755 1405.502 1406.271 1407.039 1407.807 1408.576 1409.341 1410.106 1410.871 1411.637 1412.205 1412.63 1413.056 1413.481 1413.909 1414.393 1414.876 1415.36 1415.844 1416.366 1416.926 1417.486 1418.047 1418.607 1419.122 1419.637 1420.151 1420.666 1421.051 1421.268 1421.485 1421.702 1421.919 1422.126 1422.331 1422.536 1422.741 1423.157 1423.944 1424.731 1425.518 1426.305 1427.676 1429.171 1430.665 1432.159 1433.68 1435.266 1436.852 1438.438 1440.025
1400.0 1400.0 1400.0 1400.0 1400.0 1400.0 1400.228 1400.542 1400.856 1401.17 1401.549 1402.208 1402.867 1403.525 1404.184 1404.953 1405.781 1406.609 1407.437 1408.263 1409.083 1409.902 1410.721 1411.541 1412.191 1412.719 1413.247 1413.775 1414.304 1414.864 1415.423 1415.982 1416.541 1417.142 1417.783 1418.424 1419.065 1419.707 1420.225 1420.739 1421.253 1421.768 1422.207 1422.548 1422.89 1423.231 1423.572 1423.767 1423.945 1424.123 1424.302 1424.687 1425.436 1426.185 1426.934 1427.683 1428.977 1430.385 1431.792 1433.2 1434.644 1436.176 1437.708 1439.241 1440.773
1400.0 1400.0 1400.0 1400.0 1400.0 1400.0 1400.169 1400.402 1400.635 1400.868 1401.172 1401.783 1402.393 1403.003 1403.613 1404.404 1405.291 1406.178 1407.066 1407.951 1408.824 1409.698 1410.571 1411.444 1412.177 1412.808 1413.438 1414.069 1414.699 1415.334 1415.969 1416.604 1417.239 1417.918 1418.64 1419.362 1420.084 1420.807 1421.327 1421.841 1422.356 1422.87 1423.363 1423.829 1424.294 1424.76 1425.225 1425.408 1425.56 1425.711 1425.862 1426.216 1426.927 1427.639 1428.35 1429.061 1430.277 1431.598 1432.92 1434.241 1435.608 1437.087 1438.565 1440.043 1441.521
1400.0 1400.0 1400.0 1400.0 1400.0 1400.0 1400.11 1400.262 1400.415 1400.567 1400.796 1401.358 1401.919 1402.481 1403.042 1403.855 1404.802 1405.748 1406.695 1407.639 1408.566 1409.494 1410.421 1411.348 1412.163 1412.896 1413.629 1414.363 1415.095 1415.805 1416.516 1417.226 1417.936 1418.694 1419.497 1420.3 1421.103 1421.906 1422.429 1422.943 1423.458 1423.972 1424.519 1425.109 1425.699 1426.288 1426.878 1427.05 1427.174 1427.298 1427.422 1427.745 1428.419 1429.093 1429.766 1430.44 1431.577 1432.812 1434.047 1435.283 1436.573 1437.997 1439.421 1440.845 1442.269
1400.0 1400.0 1400.0 1400.0 1400.0 1400.0 1400.053 1400.126 1400.199 1400.272 1400.428 1400.939 1401.451 1401.963 1402.475 1403.308 1404.313 1405.317 1406.322 1407.324 1408.305 1409.286 1410.267 1411.248 1412.145 1412.98 1413.816 1414.652 1415.486 1416.272 1417.059 1417.846 1418.632 1419.468 1420.35 1421.233 1422.115 1422.998 1423.526 1424.043 1424.56 1425.077 1425.679 1426.392 1427.104 1427.817 1428.529 1428.693 1428.794 1428.895 1428.997 1429.291 1429.924 1430.558 1431.191 1431.825 1432.881 1434.027 1435.173 1436.319 1437.53 1438.901 1440.271 1441.642 1443.013
