data/zism_data/00497_01_D.txt
ncols         224
nrows         224
[rows 168 to 195 of 224, columns 128 to 191 of 224]
4412.792 4403.644 4394.496 4385.23 4375.632 4366.034 4356.436 4346.837 4338.064 4329.604 4321.144 4312.684 4305.576 4304.293 4303.011 4301.729 4300.446 4301.514 4303.835 4306.157 4308.478 4311.182 4316.804 4322.426 4328.048 4333.671 4339.394 4345.191 4350.988 4356.784 4362.428 4364.714 4367.0 4369.286 4371.571 4374.005 4376.584 4379.162 4381.741 4384.319 4388.785 4393.307 4397.829 4402.351 4408.394 4416.416 4424.437 4432.458 4440.479 4449.688 4459.03 4468.373 4477.715 4486.974 4496.084 4505.195 4514.305 4523.416 4532.588 4541.773 4550.958 4560.144 4568.498 4574.818
4408.162 4399.046 4389.931 4380.729 4371.281 4361.833 4352.386 4342.938 4334.705 4326.934 4319.163 4311.392 4304.874 4303.752 4302.632 4301.511 4300.39 4301.167 4302.955 4304.744 4306.532 4308.703 4313.787 4318.87 4323.954 4329.038 4334.641 4340.621 4346.601 4352.581 4358.428 4361.354 4364.28 4367.207 4370.133 4373.174 4376.329 4379.483 4382.638 4385.792 4390.677 4395.613 4400.549 4405.486 4411.63 4419.345 4427.059 4434.773 4442.488 4451.332 4460.303 4469.274 4478.246 4487.244 4496.29 4505.335 4514.381 4523.427 4532.588 4541.773 4550.958 4560.144 4568.498 4574.818
4403.532 4394.448 4385.365 4376.227 4366.93 4357.632 4348.335 4339.039 4331.347 4324.265 4317.182 4310.1 4304.171 4303.212 4302.252 4301.293 4300.333 4300.819 4302.075 4303.33 4304.586 4306.223 4310.769 4315.314 4319.86 4324.405 4329.889 4336.051 4342.214 4348.377 4354.427 4357.994 4361.56 4365.127 4368.694 4372.344 4376.074 4379.804 4383.534 4387.265 4392.568 4397.919 4403.27 4408.621 4414.866 4422.274 4429.682 4437.089 4444.497 4452.976 4461.576 4470.175 4478.775 4487.513 4496.495 4505.476 4514.457 4523.438 4532.588 4541.773 4550.958 4560.144 4568.498 4574.818
4398.902 4389.851 4380.8 4371.724 4362.578 4353.432 4344.286 4335.14 4327.988 4321.595 4315.202 4308.809 4303.469 4302.671 4301.874 4301.076 4300.277 4300.471 4301.194 4301.917 4302.64 4303.744 4307.751 4311.758 4315.766 4319.773 4325.136 4331.481 4337.827 4344.173 4350.426 4354.633 4358.84 4363.048 4367.255 4371.513 4375.819 4380.125 4384.431 4388.737 4394.46 4400.226 4405.991 4411.756 4418.103 4425.203 4432.304 4439.405 4446.506 4454.62 4462.848 4471.077 4479.305 4487.783 4496.7 4505.616 4514.533 4523.449 4532.588 4541.773 4550.958 4560.144 4568.498 4574.818
4394.674 4385.623 4376.571 4367.531 4358.522 4349.514 4340.505 4331.497 4324.852 4319.104 4313.357 4307.611 4302.824 4302.175 4301.525 4300.875 4300.226 4300.295 4300.747 4301.199 4301.651 4302.479 4306.17 4309.862 4313.554 4317.246 4322.655 4329.308 4335.961 4342.615 4349.184 4353.894 4358.604 4363.314 4368.024 4372.713 4377.383 4382.052 4386.721 4391.39 4397.323 4403.292 4409.263 4415.233 4421.607 4428.506 4435.405 4442.304 4449.203 4456.951 4464.794 4472.639 4480.482 4488.641 4497.352 4506.063 4514.774 4523.485 4532.588 4541.773 4550.958 4560.144 4568.498 4574.818
4390.704 4381.631 4372.559 4363.536 4354.657 4345.777 4336.898 4328.018 4321.857 4316.729 4311.602 4306.474 4302.216 4301.706 4301.197 4300.687 4300.177 4300.228 4300.578 4300.928 4301.277 4301.995 4305.515 4309.034 4312.554 4316.073 4321.634 4328.675 4335.716 4342.757 4349.714 4354.839 4359.963 4365.088 4370.213 4375.221 4380.116 4385.011 4389.907 4394.802 4400.809 4406.849 4412.889 4418.929 4425.284 4432.048 4438.813 4445.577 4452.341 4459.723 4467.174 4474.625 4482.076 4489.876 4498.291 4506.707 4515.122 4523.537 4532.588 4541.773 4550.958 4560.144 4568.498 4574.818
4386.734 4377.64 4368.546 4359.541 4350.791 4342.041 4333.29 4324.54 4318.863 4314.354 4309.845 4305.336 4301.607 4301.238 4300.868 4300.499 4300.128 4300.162 4300.409 4300.657 4300.904 4301.511 4304.858 4308.206 4311.553 4314.9 4320.614 4328.042 4335.47 4342.899 4350.245 4355.784 4361.323 4366.862 4372.401 4377.729 4382.85 4387.971 4393.092 4398.213 4404.295 4410.405 4416.515 4422.625 4428.961 4435.591 4442.221 4448.851 4455.48 4462.495 4469.553 4476.611 4483.669 4491.112 4499.231 4507.35 4515.469 4523.588 4532.588 4541.773 4550.958 4560.144 4568.498 4574.818
4382.765 4373.649 4364.533 4355.546 4346.925 4338.304 4329.683 4321.062 4315.869 4311.979 4308.089 4304.199 4300.999 4300.769 4300.54 4300.31 4300.08 4300.095 4300.24 4300.385 4300.531 4301.027 4304.202 4307.377 4310.553 4313.728 4319.593 4327.409 4335.225 4343.041 4350.776 4356.729 4362.683 4368.636 4374.59 4380.236 4385.583 4390.931 4396.278 4401.625 4407.781 4413.961 4420.141 4426.321 4432.638 4439.134 4445.629 4452.124 4458.619 4465.267 4471.932 4478.597 4485.263 4492.347 4500.17 4507.993 4515.816 4523.64 4532.588 4541.773 4550.958 4560.144 4568.498 4574.818
4379.033 4369.875 4360.718 4351.73 4343.226 4334.722 4326.217 4317.713 4312.984 4309.689 4306.395 4303.1 4300.408 4300.314 4300.22 4300.126 4300.033 4300.043 4300.109 4300.175 4300.242 4300.654 4303.706 4306.758 4309.811 4312.863 4318.888 4327.068 4335.249 4343.43 4351.529 4357.828 4364.128 4370.428 4376.728 4382.635 4388.162 4393.688 4399.215 4404.742 4410.971 4417.221 4423.471 4429.72 4436.027 4442.408 4448.789 4455.17 4461.551 4467.857 4474.155 4480.454 4486.751 4493.502 4501.048 4508.595 4516.141 4523.688 4532.588 4541.773 4550.958 4560.144 4568.498 4574.818
4379.156 4369.633 4360.109 4350.829 4342.239 4333.648 4325.058 4316.467 4311.866 4308.782 4305.697 4302.612 4300.104 4300.08 4300.056 4300.032 4300.008 4300.236 4300.598 4300.96 4301.323 4302.075 4305.806 4309.536 4313.267 4316.997 4323.304 4331.479 4339.655 4347.83 4355.89 4361.426 4366.961 4372.497 4378.032 4383.271 4388.222 4393.172 4398.124 4403.074 4409.349 4415.664 4421.978 4428.292 4434.729 4441.325 4447.921 4454.518 4461.114 4467.491 4473.842 4480.194 4486.546 4493.345 4500.929 4508.513 4516.097 4523.681 4532.588 4541.773 4550.958 4560.144 4568.498 4574.818
4379.28 4369.39 4359.501 4349.928 4341.251 4332.574 4323.898 4315.221 4310.749 4307.874 4304.999 4302.125 4299.8 4299.846 4299.892 4299.938 4299.984 4300.429 4301.087 4301.746 4302.404 4303.497 4307.905 4312.314 4316.723 4321.131 4327.72 4335.89 4344.06 4352.23 4360.252 4365.023 4369.794 4374.565 4379.336 4383.906 4388.281 4392.656 4397.031 4401.406 4407.727 4414.106 4420.485 4426.864 4433.431 4440.242 4447.054 4453.865 4460.677 4467.124 4473.53 4479.936 4486.341 4493.188 4500.809 4508.431 4516.053 4523.674 4532.588 4541.773 4550.958 4560.144 4568.498 4574.818
4379.403 4369.147 4358.892 4349.026 4340.264 4331.5 4322.738 4313.975 4309.631 4306.966 4304.301 4301.637 4299.496 4299.612 4299.728 4299.844 4299.959 4300.622 4301.577 4302.531 4303.485 4304.918 4310.005 4315.092 4320.179 4325.265 4332.136 4340.301 4348.465 4356.63 4364.614 4368.621 4372.627 4376.634 4380.641 4384.542 4388.341 4392.14 4395.939 4399.738 4406.105 4412.548 4418.992 4425.436 4432.133 4439.16 4446.186 4453.213 4460.24 4466.757 4473.217 4479.676 4486.136 4493.03 4500.69 4508.349 4516.009 4523.668 4532.588 4541.773 4550.958 4560.144 4568.498 4574.818
4379.527 4368.905 4358.284 4348.125 4339.276 4330.427 4321.578 4312.729 4308.514 4306.059 4303.604 4301.149 4299.191 4299.377 4299.563 4299.75 4299.936 4300.815 4302.065 4303.316 4304.566 4306.34 4312.104 4317.87 4323.634 4329.399 4336.552 4344.711 4352.871 4361.03 4368.975 4372.218 4375.46 4378.703 4381.945 4385.178 4388.401 4391.624 4394.847 4398.07 4404.483 4410.991 4417.5 4424.007 4430.834 4438.077 4445.319 4452.561 4459.803 4466.39 4472.904 4479.417 4485.931 4492.873 4500.57 4508.267 4515.964 4523.662 4532.588 4541.773 4550.958 4560.144 4568.498 4574.818
4380.187 4369.112 4358.037 4347.505 4338.51 4329.515 4320.52 4311.524 4307.443 4305.228 4303.013 4300.798 4299.056 4299.35 4299.644 4299.938 4300.232 4301.519 4303.335 4305.152 4306.969 4309.299 4315.548 4321.798 4328.047 4334.296 4341.596 4349.657 4357.718 4365.779 4373.604 4376.255 4378.905 4381.555 4384.205 4386.859 4389.518 4392.176 4394.833 4397.492 4403.59 4409.792 4415.993 4422.194 4428.87 4436.16 4443.451 4450.742 4458.033 4464.826 4471.562 4478.299 4485.036 4492.18 4500.043 4507.906 4515.77 4523.632 4532.588 4541.773 4550.958 4560.144 4568.498 4574.818
4381.368 4369.755 4358.142 4347.159 4337.959 4328.759 4319.56 4310.36 4306.417 4304.471 4302.525 4300.579 4299.083 4299.522 4299.962 4300.401 4300.841 4302.719 4305.364 4308.01 4310.655 4313.753 4320.298 4326.844 4333.389 4339.934 4347.249 4355.122 4362.994 4370.867 4378.494 4380.719 4382.943 4385.168 4387.394 4389.557 4391.661 4393.764 4395.868 4397.972 4403.406 4408.94 4414.474 4420.008 4426.257 4433.435 4440.612 4447.79 4454.968 4462.098 4469.222 4476.346 4483.47 4490.967 4499.121 4507.274 4515.428 4523.582 4532.588 4541.773 4550.958 4560.144 4568.498 4574.818
4382.549 4370.398 4358.247 4346.812 4337.408 4328.004 4318.6 4309.196 4305.391 4303.714 4302.038 4300.361 4299.11 4299.695 4300.28 4300.865 4301.449 4303.919 4307.393 4310.868 4314.342 4318.207 4325.048 4331.89 4338.731 4345.572 4352.902 4360.586 4368.271 4375.955 4383.383 4385.183 4386.982 4388.782 4390.582 4392.254 4393.804 4395.353 4396.902 4398.452 4403.222 4408.088 4412.955 4417.821 4423.644 4430.708 4437.773 4444.838 4451.903 4459.369 4466.881 4474.393 4481.904 4489.754 4498.198 4506.643 4515.087 4523.531 4532.588 4541.773 4550.958 4560.144 4568.498 4574.818
4383.73 4371.041 4358.352 4346.466 4336.857 4327.249 4317.64 4308.031 4304.365 4302.958 4301.55 4300.143 4299.138 4299.868 4300.598 4301.328 4302.058 4305.119 4309.422 4313.725 4318.028 4322.66 4329.798 4336.935 4344.073 4351.21 4358.555 4366.051 4373.547 4381.042 4388.272 4389.646 4391.021 4392.396 4393.77 4394.952 4395.947 4396.942 4397.937 4398.932 4403.038 4407.237 4411.436 4415.635 4421.031 4427.982 4434.934 4441.886 4448.838 4456.641 4464.54 4472.439 4480.339 4488.541 4497.276 4506.011 4514.746 4523.481 4532.588 4541.773 4550.958 4560.144 4568.498 4574.818
4384.912 4371.684 4358.457 4346.119 4336.306 4326.493 4316.68 4306.867 4303.339 4302.201 4301.063 4299.924 4299.165 4300.041 4300.916 4301.792 4302.667 4306.318 4311.451 4316.583 4321.715 4327.114 4334.547 4341.981 4349.415 4356.848 4364.208 4371.516 4378.823 4386.13 4393.162 4394.111 4395.06 4396.009 4396.958 4397.649 4398.09 4398.531 4398.971 4399.412 4402.854 4406.385 4409.917 4413.448 4418.418 4425.257 4432.095 4438.934 4445.773 4453.913 4462.2 4470.486 4478.773 4487.328 4496.353 4505.379 4514.405 4523.43 4532.588 4541.773 4550.958 4560.144 4568.498 4574.818
4382.505 4369.614 4356.724 4344.704 4335.155 4325.606 4316.057 4306.507 4303.099 4302.023 4300.948 4299.873 4299.192 4300.213 4301.234 4302.255 4303.275 4307.303 4312.935 4318.566 4324.198 4330.056 4337.642 4345.227 4352.812 4360.397 4367.602 4374.531 4381.459 4388.388 4395.059 4396.078 4397.096 4398.114 4399.132 4399.908 4400.448 4400.988 4401.528 4402.068 4405.355 4408.724 4412.092 4415.461 4420.229 4426.815 4433.402 4439.989 4446.576 4454.414 4462.393 4470.372 4478.351 4486.647 4495.5 4504.353 4513.206 4522.059 4531.403 4540.852 4550.299 4559.747 4568.301 4574.667
4379.935 4367.421 4354.907 4343.241 4333.977 4324.712 4315.449 4306.185 4302.894 4301.872 4300.851 4299.829 4299.22 4300.386 4301.552 4302.718 4303.884 4308.278 4314.395 4320.511 4326.626 4332.93 4340.661 4348.391 4356.122 4363.853 4370.894 4377.435 4383.976 4390.517 4396.821 4397.931 4399.041 4400.15 4401.26 4402.146 4402.816 4403.485 4404.154 4404.823 4407.978 4411.207 4414.436 4417.664 4422.241 4428.569 4434.897 4441.226 4447.554 4455.061 4462.701 4470.341 4477.981 4485.991 4494.65 4503.31 4511.969 4520.628 4530.166 4539.888 4549.61 4559.332 4568.096 4574.51
4377.365 4365.228 4353.09 4341.777 4332.798 4323.819 4314.84 4305.862 4302.688 4301.721 4300.753 4299.785 4299.247 4300.559 4301.87 4303.182 4304.493 4309.253 4315.854 4322.455 4329.055 4335.803 4343.679 4351.555 4359.431 4367.307 4374.185 4380.338 4386.492 4392.645 4398.583 4399.785 4400.986 4402.187 4403.388 4404.385 4405.184 4405.982 4406.78 4407.579 4410.601 4413.69 4416.779 4419.868 4424.252 4430.323 4436.393 4442.462 4448.533 4455.708 4463.01 4470.311 4477.612 4485.335 4493.8 4502.266 4510.731 4519.197 4528.927 4538.924 4548.921 4558.917 4567.89 4574.353
4374.794 4363.034 4351.273 4340.313 4331.62 4322.926 4314.232 4305.539 4302.483 4301.569 4300.655 4299.742 4299.274 4300.731 4302.188 4303.645 4305.102 4310.229 4317.313 4324.398 4331.483 4338.677 4346.698 4354.719 4362.741 4370.762 4377.476 4383.242 4389.008 4394.774 4400.345 4401.638 4402.931 4404.224 4405.516 4406.624 4407.551 4408.479 4409.406 4410.334 4413.224 4416.173 4419.122 4422.071 4426.265 4432.076 4437.888 4443.699 4449.511 4456.356 4463.318 4470.28 4477.242 4484.679 4492.95 4501.222 4509.494 4517.766 4527.689 4537.96 4548.232 4558.503 4567.685 4574.196
4371.64 4359.992 4348.344 4337.607 4329.45 4321.293 4313.136 4304.979 4302.136 4301.313 4300.491 4299.668 4299.291 4300.834 4302.377 4303.92 4305.463 4310.79 4318.134 4325.479 4332.823 4340.235 4348.17 4356.105 4364.041 4371.976 4378.53 4384.083 4389.636 4395.189 4400.569 4402.124 4403.678 4405.232 4406.787 4408.114 4409.218 4410.323 4411.428 4412.533 4415.398 4418.317 4421.235 4424.153 4428.226 4433.798 4439.372 4444.944 4450.517 4457.051 4463.694 4470.336 4476.979 4484.142 4492.219 4500.297 4508.375 4516.453 4526.554 4537.08 4547.606 4558.132 4567.506 4574.06
4367.631 4355.708 4343.786 4333.082 4325.829 4318.576 4311.323 4304.07 4301.583 4300.905 4300.228 4299.55 4299.291 4300.834 4302.377 4303.92 4305.463 4310.744 4318.019 4325.293 4332.567 4339.869 4347.378 4354.889 4362.398 4369.908 4376.309 4381.905 4387.501 4393.097 4398.54 4400.606 4402.672 4404.738 4406.804 4408.508 4409.86 4411.212 4412.565 4413.917 4416.916 4419.963 4423.01 4426.058 4430.112 4435.475 4440.838 4446.201 4451.564 4457.815 4464.167 4470.519 4476.871 4483.778 4491.662 4499.546 4507.431 4515.315 4525.568 4536.32 4547.073 4557.825 4567.369 4573.955
4363.622 4351.425 4339.228 4328.556 4322.208 4315.859 4309.511 4303.162 4301.028 4300.496 4299.964 4299.432 4299.291 4300.834 4302.377 4303.92 4305.463 4310.698 4317.903 4325.107 4332.312 4339.502 4346.587 4353.671 4360.756 4367.84 4374.087 4379.727 4385.366 4391.005 4396.511 4399.088 4401.666 4404.243 4406.82 4408.902 4410.502 4412.102 4413.702 4415.302 4418.433 4421.609 4424.786 4427.962 4431.999 4437.151 4442.305 4447.458 4452.611 4458.58 4464.641 4470.702 4476.763 4483.415 4491.105 4498.796 4506.486 4514.176 4524.583 4535.561 4546.54 4557.518 4567.232 4573.85
4359.612 4347.141 4334.669 4324.031 4318.587 4313.143 4307.698 4302.254 4300.475 4300.087 4299.701 4299.314 4299.291 4300.834 4302.377 4303.92 4305.463 4310.653 4317.787 4324.922 4332.056 4339.135 4345.795 4352.454 4359.114 4365.773 4371.866 4377.548 4383.23 4388.913 4394.482 4397.571 4400.66 4403.749 4406.837 4409.296 4411.144 4412.991 4414.839 4416.687 4419.95 4423.256 4426.562 4429.867 4433.885 4438.828 4443.771 4448.714 4453.657 4459.344 4465.115 4470.885 4476.656 4483.052 4490.548 4498.045 4505.542 4513.038 4523.598 4534.802 4546.006 4557.21 4567.095 4573.745
4355.603 4342.857 4330.111 4319.506 4314.966 4310.426 4305.886 4301.346 4299.92 4299.679 4299.438 4299.196 4299.291 4300.834 4302.377 4303.92 4305.463 4310.607 4317.672 4324.736 4331.801 4338.769 4345.003 4351.237 4357.471 4363.706 4369.645 4375.37 4381.095 4386.821 4392.454 4396.054 4399.654 4403.254 4406.854 4409.69 4411.786 4413.881 4415.976 4418.071 4421.467 4424.902 4428.337 4431.772 4435.771 4440.504 4445.238 4449.971 4454.704 4460.108 4465.588 4471.068 4476.548 4482.688 4489.991 4497.294 4504.597 4511.9 4522.612 4534.043 4545.473 4556.903 4566.958 4573.64
4352.449 4339.962 4327.476 4317.186 4313.123 4309.059 4304.995 4300.931 4299.683 4299.503 4299.324 4299.146 4299.26 4300.637 4302.015 4303.392 4304.77 4309.459 4315.915 4322.371 4328.827 4335.198 4340.924 4346.65 4352.376 4358.103 4363.765 4369.382 4374.999 4380.615 4386.171 4390.397 4394.624 4398.85 4403.077 4406.313 4408.586 4410.86 4413.134 4415.407 4418.567 4421.754 4424.941 4428.127 4432.154 4437.271 4442.388 4447.505 4452.622 4458.676 4464.836 4470.997 4477.157 4483.825 4491.385 4498.945 4506.505 4514.065 4524.466 4535.464 4546.462 4557.46 4567.192 4573.819
