data/zism_data/00493_03_D.txt
ncols         224
nrows         224
[rows 168 to 195 of 224, columns 63 to 125 of 224]
1329.749 1326.249 1322.749 1319.25 1313.5 1301.83 1290.161 1278.491 1266.821 1244.696 1218.598 1192.5 1166.402 1140.841 1117.837 1094.833 1071.828 1048.824 1034.914 1026.503 1018.091 1009.68 1001.863 1001.645 1001.427 1001.209 1000.991 1003.822 1009.449 1015.075 1020.702 1026.328 1037.586 1049.011 1060.436 1071.862 1081.881 1089.961 1098.041 1106.121 1114.201 1121.268 1128.182 1135.097 1142.012 1150.0 1160.281 1170.561 1180.841 1191.122 1202.895 1215.119 1227.343 1239.567 1252.98 1270.671 1288.363 1306.054 1323.746 1339.357 1353.927 1368.498 1383.068
1340.043 1336.73 1333.418 1330.105 1324.715 1313.857 1303.0 1292.142 1281.285 1259.46 1233.469 1207.478 1181.487 1155.682 1130.765 1105.847 1080.93 1056.013 1040.576 1030.872 1021.168 1011.463 1002.426 1001.936 1001.445 1000.955 1000.465 1002.51 1006.881 1011.252 1015.623 1019.994 1030.198 1040.576 1050.954 1061.332 1070.661 1078.544 1086.426 1094.308 1102.19 1109.872 1117.525 1125.177 1132.829 1141.982 1154.341 1166.7 1179.059 1191.418 1204.65 1218.146 1231.641 1245.137 1259.676 1277.972 1296.267 1314.562 1332.857 1347.576 1360.506 1373.436 1386.366
1348.292 1344.698 1341.103 1337.509 1332.101 1321.92 1311.74 1301.559 1291.379 1270.61 1245.819 1221.029 1196.238 1171.252 1145.346 1119.439 1093.532 1067.625 1050.594 1038.93 1027.266 1015.602 1004.707 1003.656 1002.605 1001.554 1000.503 1001.806 1005.269 1008.731 1012.193 1015.656 1024.998 1034.516 1044.035 1053.553 1062.601 1071.001 1079.4 1087.8 1096.199 1104.91 1113.668 1122.425 1131.183 1141.428 1154.852 1168.276 1181.7 1195.125 1208.757 1222.451 1236.146 1249.841 1264.578 1283.068 1301.557 1320.046 1338.536 1352.654 1364.586 1376.517 1388.449
1355.438 1351.309 1347.18 1343.052 1337.423 1327.846 1318.269 1308.693 1299.116 1279.811 1256.81 1233.81 1210.809 1187.217 1160.818 1134.42 1108.021 1081.623 1062.962 1048.978 1034.995 1021.012 1007.914 1006.146 1004.379 1002.612 1000.845 1001.43 1004.171 1006.912 1009.653 1012.394 1020.979 1029.738 1038.497 1047.257 1056.245 1065.547 1074.85 1084.152 1093.455 1103.417 1113.479 1123.54 1133.602 1144.901 1158.843 1172.786 1186.728 1200.67 1214.131 1227.447 1240.762 1254.077 1268.512 1286.975 1305.437 1323.9 1342.363 1356.037 1367.317 1378.597 1389.877
1362.583 1357.92 1353.257 1348.594 1342.745 1333.772 1324.799 1315.826 1306.853 1289.012 1267.801 1246.59 1225.38 1203.181 1176.291 1149.401 1122.511 1095.621 1075.329 1059.026 1042.724 1026.421 1011.12 1008.637 1006.154 1003.671 1001.188 1001.054 1003.073 1005.093 1007.112 1009.132 1016.959 1024.96 1032.96 1040.961 1049.888 1060.094 1070.3 1080.505 1090.711 1101.925 1113.29 1124.655 1136.021 1148.373 1162.834 1177.295 1191.755 1206.216 1219.506 1232.442 1245.378 1258.314 1272.445 1290.882 1309.318 1327.754 1346.19 1359.42 1370.048 1380.676 1391.304
1369.729 1364.532 1359.334 1354.137 1348.066 1339.697 1331.328 1322.959 1314.59 1298.213 1278.792 1259.371 1239.95 1219.145 1191.764 1164.382 1137.0 1109.619 1087.696 1069.074 1050.453 1031.831 1014.327 1011.128 1007.928 1004.729 1001.53 1000.677 1001.976 1003.274 1004.572 1005.87 1012.94 1020.181 1027.423 1034.665 1043.532 1054.641 1065.749 1076.858 1087.967 1100.432 1113.101 1125.77 1138.439 1151.845 1166.824 1181.804 1196.783 1211.762 1224.88 1237.437 1249.994 1262.55 1276.379 1294.789 1313.198 1331.607 1350.016 1362.804 1372.78 1382.755 1392.731
1376.611 1370.936 1365.261 1359.586 1353.32 1345.501 1337.682 1329.863 1322.044 1307.084 1289.411 1271.738 1254.064 1234.633 1206.848 1179.063 1151.278 1123.493 1100.042 1079.212 1058.382 1037.552 1017.941 1013.934 1009.928 1005.922 1001.916 1000.325 1000.949 1001.573 1002.196 1002.82 1009.156 1015.664 1022.171 1028.679 1037.504 1049.525 1061.547 1073.569 1085.59 1099.295 1113.251 1127.208 1141.164 1155.594 1171.036 1186.478 1201.92 1217.362 1230.295 1242.471 1254.647 1266.823 1280.328 1298.619 1316.91 1335.2 1353.491 1365.788 1375.087 1384.386 1393.685
1380.473 1374.969 1369.465 1363.96 1357.8 1349.911 1342.023 1334.134 1326.245 1312.18 1295.768 1279.356 1262.944 1244.66 1217.484 1190.308 1163.132 1135.957 1112.149 1090.378 1068.608 1046.837 1026.22 1020.365 1014.51 1008.655 1002.8 1000.253 1000.738 1001.222 1001.707 1002.192 1008.083 1014.136 1020.19 1026.243 1035.236 1048.283 1061.331 1074.378 1087.426 1102.221 1117.279 1132.336 1147.393 1162.517 1177.782 1193.048 1208.313 1223.579 1236.167 1247.948 1259.729 1271.509 1284.451 1301.571 1318.692 1335.812 1352.933 1364.198 1372.535 1380.873 1389.21
1384.334 1379.001 1373.668 1368.335 1362.279 1354.321 1346.363 1338.405 1330.447 1317.276 1302.125 1286.974 1271.823 1254.686 1228.12 1201.553 1174.987 1148.42 1124.256 1101.545 1078.834 1056.123 1034.499 1026.795 1019.092 1011.388 1003.684 1000.18 1000.526 1000.872 1001.218 1001.563 1007.01 1012.609 1018.208 1023.807 1032.968 1047.041 1061.115 1075.188 1089.262 1105.148 1121.306 1137.464 1153.622 1169.439 1184.528 1199.618 1214.707 1229.796 1242.04 1253.425 1264.81 1276.196 1288.573 1304.524 1320.474 1336.424 1352.375 1362.609 1369.984 1377.359 1384.735
1388.196 1383.034 1377.872 1372.71 1366.759 1358.731 1350.703 1342.676 1334.648 1322.372 1308.482 1294.592 1280.702 1264.713 1238.756 1212.798 1186.841 1160.884 1136.363 1112.711 1089.06 1065.408 1042.778 1033.226 1023.673 1014.121 1004.568 1000.108 1000.315 1000.522 1000.728 1000.935 1005.937 1011.082 1016.227 1021.371 1030.7 1045.799 1060.899 1075.998 1091.098 1108.075 1125.333 1142.592 1159.851 1176.362 1191.274 1206.187 1221.1 1236.013 1247.913 1258.902 1269.892 1280.882 1292.696 1307.476 1322.256 1337.036 1351.817 1361.019 1367.433 1373.846 1380.26
1392.057 1387.066 1382.075 1377.084 1371.238 1363.141 1355.044 1346.947 1338.85 1327.469 1314.839 1302.21 1289.581 1274.74 1249.392 1224.043 1198.695 1173.347 1148.47 1123.878 1099.286 1074.693 1051.057 1039.656 1028.255 1016.854 1005.453 1000.035 1000.103 1000.171 1000.239 1000.307 1004.864 1009.554 1014.245 1018.936 1028.432 1044.557 1060.683 1076.808 1092.933 1111.001 1129.361 1147.72 1166.08 1183.284 1198.021 1212.757 1227.493 1242.23 1253.785 1264.379 1274.974 1285.568 1296.818 1310.428 1324.039 1337.649 1351.259 1359.43 1364.881 1370.333 1375.785
1393.494 1389.121 1384.749 1380.376 1374.991 1366.939 1358.887 1350.836 1342.784 1332.034 1320.259 1308.484 1296.709 1282.748 1258.402 1234.056 1209.71 1185.364 1160.571 1135.508 1110.445 1085.382 1061.179 1047.984 1034.788 1021.593 1008.398 1001.856 1001.414 1000.972 1000.53 1000.087 1004.066 1008.177 1012.288 1016.399 1025.566 1041.707 1057.848 1073.989 1090.13 1109.027 1128.337 1147.646 1166.956 1184.902 1199.932 1214.962 1229.991 1245.021 1256.498 1266.901 1277.305 1287.709 1298.466 1310.497 1322.527 1334.558 1346.588 1353.257 1357.244 1361.231 1365.219
1392.608 1389.283 1385.958 1382.633 1378.049 1370.152 1362.255 1354.358 1346.461 1336.091 1324.781 1313.471 1302.161 1288.823 1265.856 1242.889 1219.921 1196.954 1172.667 1147.583 1122.499 1097.414 1073.065 1058.128 1043.191 1028.253 1013.316 1005.49 1004.182 1002.874 1001.566 1000.258 1003.532 1006.943 1010.354 1013.765 1022.126 1037.316 1052.506 1067.696 1082.886 1102.36 1122.477 1142.594 1162.711 1181.442 1197.215 1212.988 1228.76 1244.533 1256.186 1266.595 1277.004 1287.413 1297.746 1307.805 1317.864 1327.922 1337.981 1342.696 1344.738 1346.78 1348.822
1391.722 1389.444 1387.167 1384.889 1381.106 1373.365 1365.623 1357.881 1350.139 1340.148 1329.303 1318.458 1307.613 1294.899 1273.31 1251.721 1230.132 1208.544 1184.763 1159.657 1134.552 1109.446 1084.951 1068.271 1051.592 1034.913 1018.234 1009.123 1006.95 1004.776 1002.603 1000.429 1002.999 1005.709 1008.42 1011.131 1018.687 1032.926 1047.165 1061.404 1075.643 1095.694 1116.618 1137.542 1158.465 1177.983 1194.499 1211.014 1227.529 1244.045 1255.874 1266.288 1276.703 1287.117 1297.026 1305.113 1313.2 1321.287 1329.374 1332.135 1332.232 1332.329 1332.426
1390.837 1389.606 1388.376 1387.145 1384.164 1376.577 1368.99 1361.404 1353.817 1344.205 1333.825 1323.445 1313.064 1300.974 1280.764 1260.554 1240.344 1220.133 1196.859 1171.732 1146.605 1121.478 1096.836 1078.415 1059.994 1041.573 1023.152 1012.757 1009.718 1006.679 1003.639 1000.6 1002.465 1004.475 1006.486 1008.497 1015.247 1028.535 1041.823 1055.111 1068.399 1089.028 1110.759 1132.489 1154.219 1174.524 1191.782 1209.04 1226.298 1243.556 1255.562 1265.982 1276.401 1286.821 1296.305 1302.421 1308.536 1314.652 1320.768 1321.574 1319.726 1317.878 1316.03
1389.951 1389.768 1389.585 1389.401 1387.222 1379.79 1372.358 1364.926 1357.494 1348.263 1338.347 1328.432 1318.516 1307.05 1288.219 1269.387 1250.555 1231.723 1208.955 1183.806 1158.658 1133.51 1108.722 1088.559 1068.396 1048.233 1028.07 1016.39 1012.485 1008.581 1004.676 1000.771 1001.931 1003.242 1004.552 1005.863 1011.808 1024.145 1036.482 1048.819 1061.156 1082.362 1104.899 1127.437 1149.974 1171.065 1189.066 1207.067 1225.067 1243.068 1255.25 1265.675 1276.1 1286.525 1295.585 1299.729 1303.873 1308.017 1312.161 1311.013 1307.22 1303.427 1299.634
1385.609 1386.946 1388.283 1389.62 1388.716 1381.912 1375.108 1368.304 1361.5 1352.541 1342.763 1332.986 1323.208 1311.986 1293.904 1275.822 1257.74 1239.658 1217.774 1193.59 1169.407 1145.223 1121.28 1100.422 1079.563 1058.705 1037.846 1024.888 1019.172 1013.456 1007.74 1002.023 1002.582 1003.329 1004.075 1004.822 1009.771 1020.518 1031.265 1042.011 1052.758 1073.457 1095.649 1117.841 1140.033 1161.13 1179.889 1198.648 1217.406 1236.165 1248.879 1259.767 1270.655 1281.543 1290.654 1293.364 1296.075 1298.785 1301.496 1299.101 1294.152 1289.204 1284.256
1381.053 1383.94 1386.827 1389.713 1390.113 1383.966 1377.819 1371.673 1365.526 1356.833 1347.173 1337.513 1327.853 1316.852 1299.481 1282.109 1264.738 1247.367 1226.389 1203.232 1180.074 1156.917 1133.88 1112.391 1090.902 1069.413 1047.924 1033.688 1026.102 1018.515 1010.929 1003.342 1003.307 1003.498 1003.689 1003.879 1007.822 1016.939 1026.056 1035.172 1044.289 1064.413 1086.188 1107.963 1129.738 1150.794 1170.311 1189.829 1209.346 1228.864 1242.131 1253.511 1264.891 1276.271 1285.462 1286.772 1288.083 1289.393 1290.704 1287.104 1281.05 1274.995 1268.941
1376.497 1380.933 1385.37 1389.806 1391.509 1386.02 1380.531 1375.041 1369.552 1361.126 1351.583 1342.041 1332.498 1321.718 1305.057 1288.396 1271.736 1255.075 1235.005 1212.873 1190.742 1168.61 1146.479 1124.36 1102.24 1080.121 1058.001 1042.488 1033.031 1023.575 1014.118 1004.661 1004.032 1003.667 1003.302 1002.937 1005.872 1013.359 1020.846 1028.333 1035.82 1055.369 1076.728 1098.086 1119.444 1140.457 1160.734 1181.01 1201.287 1221.563 1235.384 1247.255 1259.127 1270.998 1280.269 1280.18 1280.09 1280.001 1279.911 1275.108 1267.947 1260.787 1253.626
1371.941 1377.927 1383.913 1389.899 1392.906 1388.074 1383.242 1378.41 1373.578 1365.418 1355.993 1346.568 1337.143 1326.583 1310.633 1294.683 1278.733 1262.783 1243.62 1222.515 1201.409 1180.304 1159.079 1136.329 1113.579 1090.828 1068.078 1051.288 1039.961 1028.634 1017.307 1005.98 1004.757 1003.836 1002.915 1001.994 1003.922 1009.78 1015.637 1021.494 1027.352 1046.326 1067.267 1088.208 1109.15 1130.121 1151.157 1172.192 1193.227 1214.262 1228.636 1241.0 1253.362 1265.725 1275.077 1273.588 1272.098 1270.609 1269.119 1263.111 1254.845 1246.578 1238.311
1366.283 1373.833 1381.382 1388.932 1393.294 1389.271 1385.247 1381.224 1377.2 1369.367 1360.085 1350.803 1341.522 1331.182 1315.813 1300.445 1285.076 1269.708 1251.393 1231.297 1211.202 1191.107 1170.786 1147.586 1124.387 1101.187 1077.987 1060.163 1047.266 1034.369 1021.472 1008.576 1006.617 1004.985 1003.353 1001.721 1002.649 1007.107 1011.566 1016.024 1020.482 1038.551 1058.662 1078.773 1098.884 1119.442 1140.956 1162.47 1183.983 1205.497 1220.315 1233.112 1245.909 1258.706 1268.179 1265.687 1263.196 1260.704 1258.213 1251.334 1242.261 1233.188 1224.116
1358.767 1367.904 1377.04 1386.177 1391.982 1389.022 1386.062 1383.102 1380.141 1372.736 1363.641 1354.547 1345.453 1335.33 1320.325 1305.32 1290.314 1275.309 1257.744 1238.632 1219.52 1200.407 1180.988 1157.645 1134.301 1110.957 1087.613 1069.165 1055.204 1041.244 1027.284 1013.324 1010.39 1007.786 1005.181 1002.577 1002.516 1005.965 1009.413 1012.862 1016.31 1032.919 1051.501 1070.084 1088.667 1108.186 1129.705 1151.224 1172.743 1194.262 1209.34 1222.473 1235.607 1248.74 1258.405 1255.582 1252.759 1249.936 1247.113 1239.924 1230.553 1221.181 1211.809
1351.252 1361.975 1372.698 1383.422 1390.67 1388.773 1386.876 1384.98 1383.083 1376.106 1367.198 1358.291 1349.383 1339.478 1324.836 1310.195 1295.553 1280.911 1264.096 1245.966 1227.838 1209.708 1191.191 1167.703 1144.214 1120.726 1097.238 1078.166 1063.142 1048.119 1033.096 1018.072 1014.163 1010.586 1007.009 1003.432 1002.384 1004.822 1007.261 1009.699 1012.138 1027.286 1044.34 1061.395 1078.45 1096.929 1118.454 1139.978 1161.502 1183.026 1198.364 1211.834 1225.304 1238.775 1248.631 1245.477 1242.322 1239.168 1236.014 1228.515 1218.844 1209.173 1199.502
1343.736 1356.046 1368.356 1380.667 1389.358 1388.524 1387.691 1386.857 1386.024 1379.475 1370.755 1362.034 1353.314 1343.627 1329.348 1315.07 1300.791 1286.512 1270.447 1253.301 1236.155 1219.009 1201.393 1177.761 1154.128 1130.495 1106.863 1087.167 1071.081 1054.994 1038.907 1022.82 1017.937 1013.387 1008.838 1004.288 1002.251 1003.68 1005.108 1006.537 1007.966 1021.653 1037.18 1052.706 1068.232 1085.673 1107.202 1128.732 1150.261 1171.791 1187.389 1201.195 1215.002 1228.809 1238.857 1235.371 1231.886 1228.4 1224.915 1217.106 1207.136 1197.166 1187.195
1336.22 1350.117 1364.014 1377.911 1388.045 1388.275 1388.505 1388.735 1388.965 1382.845 1374.311 1365.778 1357.244 1347.775 1333.86 1319.944 1306.029 1292.114 1276.798 1260.635 1244.473 1228.31 1211.595 1187.819 1164.042 1140.265 1116.488 1096.169 1079.019 1061.869 1044.719 1027.569 1021.71 1016.188 1010.666 1005.144 1002.118 1002.537 1002.956 1003.375 1003.794 1016.02 1030.019 1044.017 1058.015 1074.416 1095.951 1117.486 1139.021 1160.556 1176.413 1190.557 1204.7 1218.843 1229.082 1225.266 1221.449 1217.632 1213.816 1205.697 1195.427 1185.158 1174.888
1328.913 1343.445 1357.976 1372.508 1383.501 1385.18 1386.86 1388.539 1390.219 1385.016 1377.197 1369.378 1361.559 1352.698 1338.889 1325.08 1311.271 1297.461 1282.098 1265.794 1249.49 1233.187 1216.378 1193.105 1169.832 1146.558 1123.285 1103.184 1085.992 1068.8 1051.608 1034.416 1027.465 1020.82 1014.176 1007.531 1003.567 1003.302 1003.037 1002.772 1002.507 1013.171 1025.473 1037.776 1050.079 1065.123 1086.024 1106.925 1127.826 1148.727 1164.544 1178.827 1193.11 1207.392 1217.738 1213.912 1210.086 1206.26 1202.433 1193.643 1182.371 1171.098 1159.826
1321.657 1336.59 1351.522 1366.455 1378.163 1381.387 1384.611 1387.834 1391.058 1386.892 1379.917 1372.943 1365.968 1357.812 1344.046 1330.279 1316.513 1302.746 1287.139 1270.418 1253.698 1236.978 1219.83 1197.22 1174.609 1151.998 1129.387 1109.713 1092.729 1075.745 1058.761 1041.777 1033.707 1025.903 1018.098 1010.294 1005.405 1004.536 1003.667 1002.798 1001.93 1011.004 1021.57 1032.136 1042.703 1056.312 1076.422 1096.532 1116.642 1136.752 1152.456 1166.829 1181.203 1195.576 1206.009 1202.252 1198.495 1194.739 1190.982 1181.431 1168.983 1156.535 1144.087
1314.402 1329.735 1345.068 1360.401 1372.825 1377.593 1382.361 1387.129 1391.898 1388.768 1382.638 1376.507 1370.377 1362.926 1349.202 1335.479 1321.755 1308.031 1292.18 1275.043 1257.906 1240.769 1223.283 1201.335 1179.386 1157.438 1135.49 1116.241 1099.465 1082.69 1065.915 1049.139 1039.949 1030.985 1022.021 1013.057 1007.242 1005.769 1004.297 1002.824 1001.352 1008.838 1017.667 1026.497 1035.326 1047.501 1066.82 1086.139 1105.458 1124.777 1140.368 1154.832 1169.296 1183.761 1194.279 1190.592 1186.905 1183.217 1179.53 1169.219 1155.595 1141.972 1128.348
