data/zism_data/00490_02_D.txt
ncols         224
nrows         224
[rows 29 to 57 of 224, columns 0 to 63 of 224]
1368.712 1368.712 1368.712 1368.689 1368.633 1368.576 1368.519 1368.462 1368.436 1368.417 1368.398 1368.379 1368.378 1368.454 1368.529 1368.605 1368.681 1368.712 1368.712 1368.712 1368.712 1368.712 1368.712 1368.712 1368.712 1368.712 1368.712 1368.712 1368.712 1368.712 1368.712 1368.712 1368.712 1368.712 1368.712 1368.712 1368.712 1368.712 1368.712 1368.712 1368.712 1368.712 1368.712 1368.712 1368.712 1368.712 1368.712 1368.712 1368.712 1368.771 1368.932 1369.092 1369.252 1369.413 1369.595 1369.784 1369.973 1370.162 1370.353 1370.555 1370.758 1370.96 1371.163 1371.333
1369.301 1369.301 1369.301 1369.266 1369.177 1369.088 1368.999 1368.911 1368.869 1368.839 1368.81 1368.78 1368.779 1368.897 1369.015 1369.134 1369.252 1369.301 1369.301 1369.301 1369.301 1369.301 1369.301 1369.301 1369.301 1369.301 1369.301 1369.301 1369.301 1369.301 1369.301 1369.301 1369.301 1369.301 1369.301 1369.301 1369.301 1369.301 1369.301 1369.301 1369.301 1369.301 1369.301 1369.301 1369.301 1369.301 1369.301 1369.301 1369.301 1369.348 1369.477 1369.605 1369.734 1369.862 1370.025 1370.197 1370.37 1370.543 1370.722 1370.93 1371.137 1371.345 1371.553 1371.74
1369.89 1369.89 1369.89 1369.842 1369.721 1369.6 1369.479 1369.359 1369.302 1369.262 1369.221 1369.181 1369.179 1369.34 1369.501 1369.662 1369.823 1369.89 1369.89 1369.89 1369.89 1369.89 1369.89 1369.89 1369.89 1369.89 1369.89 1369.89 1369.89 1369.89 1369.89 1369.89 1369.89 1369.89 1369.89 1369.89 1369.89 1369.89 1369.89 1369.89 1369.89 1369.89 1369.89 1369.89 1369.89 1369.89 1369.89 1369.89 1369.89 1369.925 1370.022 1370.118 1370.215 1370.311 1370.454 1370.611 1370.768 1370.925 1371.091 1371.304 1371.517 1371.73 1371.943 1372.148
1370.39 1370.382 1370.374 1370.315 1370.178 1370.041 1369.904 1369.767 1369.706 1369.664 1369.623 1369.581 1369.584 1369.774 1369.965 1370.155 1370.346 1370.431 1370.443 1370.455 1370.466 1370.478 1370.478 1370.478 1370.478 1370.478 1370.478 1370.478 1370.478 1370.478 1370.478 1370.478 1370.478 1370.478 1370.478 1370.478 1370.478 1370.478 1370.478 1370.478 1370.478 1370.478 1370.478 1370.478 1370.478 1370.478 1370.478 1370.478 1370.478 1370.504 1370.572 1370.641 1370.709 1370.778 1370.898 1371.035 1371.172 1371.309 1371.459 1371.676 1371.894 1372.111 1372.328 1372.541
1370.621 1370.581 1370.541 1370.475 1370.37 1370.265 1370.16 1370.055 1370.022 1370.007 1369.992 1369.976 1369.999 1370.178 1370.358 1370.538 1370.718 1370.827 1370.887 1370.947 1371.007 1371.066 1371.067 1371.067 1371.067 1371.067 1371.067 1371.067 1371.067 1371.067 1371.067 1371.067 1371.067 1371.067 1371.067 1371.067 1371.067 1371.067 1371.067 1371.067 1371.067 1371.067 1371.067 1371.067 1371.067 1371.067 1371.067 1371.067 1371.067 1371.087 1371.139 1371.192 1371.244 1371.297 1371.389 1371.494 1371.599 1371.704 1371.827 1372.044 1372.262 1372.479 1372.696 1372.891
1370.851 1370.779 1370.707 1370.635 1370.562 1370.489 1370.416 1370.343 1370.337 1370.349 1370.36 1370.372 1370.414 1370.583 1370.752 1370.921 1371.09 1371.223 1371.331 1371.439 1371.547 1371.654 1371.656 1371.656 1371.656 1371.656 1371.656 1371.656 1371.656 1371.656 1371.656 1371.656 1371.656 1371.656 1371.656 1371.656 1371.656 1371.656 1371.656 1371.656 1371.656 1371.656 1371.656 1371.656 1371.656 1371.656 1371.656 1371.656 1371.656 1371.669 1371.706 1371.742 1371.779 1371.815 1371.88 1371.953 1372.026 1372.099 1372.195 1372.412 1372.63 1372.847 1373.064 1373.241
1371.081 1370.978 1370.874 1370.795 1370.754 1370.713 1370.672 1370.631 1370.653 1370.691 1370.729 1370.767 1370.829 1370.987 1371.146 1371.304 1371.463 1371.62 1371.775 1371.931 1372.087 1372.243 1372.245 1372.245 1372.245 1372.245 1372.245 1372.245 1372.245 1372.245 1372.245 1372.245 1372.245 1372.245 1372.245 1372.245 1372.245 1372.245 1372.245 1372.245 1372.245 1372.245 1372.245 1372.245 1372.245 1372.245 1372.245 1372.245 1372.245 1372.252 1372.273 1372.293 1372.314 1372.334 1372.371 1372.412 1372.453 1372.494 1372.563 1372.78 1372.998 1373.215 1373.432 1373.591
1371.312 1371.176 1371.04 1370.955 1370.946 1370.937 1370.928 1370.919 1370.968 1371.033 1371.098 1371.163 1371.244 1371.392 1371.539 1371.687 1371.835 1372.016 1372.219 1372.423 1372.627 1372.831 1372.834 1372.834 1372.834 1372.834 1372.834 1372.834 1372.834 1372.834 1372.834 1372.834 1372.834 1372.834 1372.834 1372.834 1372.834 1372.834 1372.834 1372.834 1372.834 1372.834 1372.834 1372.834 1372.834 1372.834 1372.834 1372.834 1372.834 1372.835 1372.84 1372.844 1372.849 1372.853 1372.861 1372.87 1372.879 1372.888 1372.931 1373.148 1373.366 1373.583 1373.8 1373.942
1371.641 1371.496 1371.351 1371.273 1371.296 1371.319 1371.342 1371.365 1371.427 1371.5 1371.572 1371.644 1371.726 1371.848 1371.97 1372.092 1372.214 1372.387 1372.597 1372.807 1373.016 1373.226 1373.236 1373.244 1373.252 1373.259 1373.264 1373.264 1373.264 1373.264 1373.264 1373.264 1373.264 1373.264 1373.264 1373.264 1373.264 1373.264 1373.264 1373.264 1373.264 1373.264 1373.264 1373.264 1373.264 1373.264 1373.264 1373.264 1373.264 1373.264 1373.264 1373.264 1373.264 1373.264 1373.264 1373.264 1373.264 1373.264 1373.298 1373.512 1373.725 1373.939 1374.152 1374.302
1372.009 1371.864 1371.719 1371.654 1371.709 1371.764 1371.819 1371.873 1371.942 1372.015 1372.087 1372.16 1372.235 1372.325 1372.415 1372.505 1372.595 1372.749 1372.948 1373.147 1373.346 1373.545 1373.566 1373.584 1373.602 1373.621 1373.632 1373.632 1373.632 1373.632 1373.632 1373.632 1373.632 1373.632 1373.632 1373.632 1373.632 1373.632 1373.632 1373.632 1373.632 1373.632 1373.632 1373.632 1373.632 1373.632 1373.632 1373.632 1373.632 1373.632 1373.632 1373.632 1373.632 1373.632 1373.632 1373.632 1373.632 1373.632 1373.666 1373.874 1374.082 1374.29 1374.498 1374.666
1372.377 1372.232 1372.087 1372.034 1372.121 1372.208 1372.295 1372.382 1372.458 1372.53 1372.602 1372.675 1372.744 1372.802 1372.86 1372.918 1372.976 1373.111 1373.299 1373.487 1373.676 1373.864 1373.895 1373.924 1373.953 1373.982 1374.0 1374.0 1374.0 1374.0 1374.0 1374.0 1374.0 1374.0 1374.0 1374.0 1374.0 1374.0 1374.0 1374.0 1374.0 1374.0 1374.0 1374.0 1374.0 1374.0 1374.0 1374.0 1374.0 1374.0 1374.0 1374.0 1374.0 1374.0 1374.0 1374.0 1374.0 1374.0 1374.033 1374.236 1374.438 1374.641 1374.844 1375.03
1372.745 1372.6 1372.455 1372.415 1372.534 1372.653 1372.772 1372.891 1372.973 1373.045 1373.118 1373.19 1373.253 1373.279 1373.305 1373.331 1373.357 1373.472 1373.65 1373.828 1374.005 1374.183 1374.225 1374.264 1374.304 1374.344 1374.368 1374.368 1374.368 1374.368 1374.368 1374.368 1374.368 1374.368 1374.368 1374.368 1374.368 1374.368 1374.368 1374.368 1374.368 1374.368 1374.368 1374.368 1374.368 1374.368 1374.368 1374.368 1374.368 1374.368 1374.368 1374.368 1374.368 1374.368 1374.368 1374.368 1374.368 1374.368 1374.4 1374.597 1374.795 1374.992 1375.19 1375.395
1373.103 1372.962 1372.821 1372.792 1372.933 1373.073 1373.214 1373.355 1373.445 1373.521 1373.598 1373.674 1373.736 1373.736 1373.736 1373.736 1373.736 1373.837 1374.007 1374.178 1374.349 1374.52 1374.572 1374.621 1374.67 1374.719 1374.75 1374.75 1374.75 1374.75 1374.75 1374.75 1374.75 1374.75 1374.75 1374.75 1374.75 1374.75 1374.75 1374.75 1374.75 1374.75 1374.75 1374.75 1374.75 1374.75 1374.75 1374.75 1374.75 1374.75 1374.75 1374.75 1374.75 1374.75 1374.75 1374.75 1374.75 1374.75 1374.781 1374.974 1375.167 1375.36 1375.554 1375.772
1373.415 1373.296 1373.176 1373.151 1373.271 1373.39 1373.51 1373.629 1373.732 1373.829 1373.927 1374.025 1374.104 1374.104 1374.104 1374.104 1374.104 1374.211 1374.392 1374.574 1374.756 1374.937 1374.994 1375.048 1375.103 1375.158 1375.191 1375.191 1375.191 1375.191 1375.191 1375.191 1375.191 1375.191 1375.191 1375.191 1375.191 1375.191 1375.191 1375.191 1375.191 1375.191 1375.191 1375.191 1375.191 1375.191 1375.191 1375.191 1375.191 1375.191 1375.191 1375.191 1375.191 1375.191 1375.191 1375.191 1375.191 1375.191 1375.223 1375.416 1375.609 1375.802 1375.995 1376.205
1373.728 1373.629 1373.531 1373.511 1373.609 1373.707 1373.806 1373.904 1374.018 1374.138 1374.257 1374.376 1374.472 1374.472 1374.472 1374.472 1374.472 1374.585 1374.777 1374.97 1375.162 1375.354 1375.416 1375.476 1375.536 1375.596 1375.633 1375.633 1375.633 1375.633 1375.633 1375.633 1375.633 1375.633 1375.633 1375.633 1375.633 1375.633 1375.633 1375.633 1375.633 1375.633 1375.633 1375.633 1375.633 1375.633 1375.633 1375.633 1375.633 1375.633 1375.633 1375.633 1375.633 1375.633 1375.633 1375.633 1375.633 1375.633 1375.664 1375.857 1376.051 1376.244 1376.437 1376.637
1374.04 1373.963 1373.886 1373.87 1373.947 1374.024 1374.101 1374.178 1374.305 1374.446 1374.586 1374.726 1374.84 1374.84 1374.84 1374.84 1374.84 1374.959 1375.162 1375.365 1375.568 1375.771 1375.839 1375.904 1375.969 1376.034 1376.075 1376.075 1376.075 1376.075 1376.075 1376.075 1376.075 1376.075 1376.075 1376.075 1376.075 1376.075 1376.075 1376.075 1376.075 1376.075 1376.075 1376.075 1376.075 1376.075 1376.075 1376.075 1376.075 1376.075 1376.075 1376.075 1376.075 1376.075 1376.075 1376.075 1376.075 1376.075 1376.106 1376.299 1376.492 1376.685 1376.878 1377.07
1374.353 1374.297 1374.242 1374.23 1374.286 1374.341 1374.397 1374.452 1374.592 1374.754 1374.916 1375.077 1375.208 1375.208 1375.208 1375.208 1375.208 1375.334 1375.547 1375.761 1375.975 1376.188 1376.261 1376.332 1376.402 1376.473 1376.516 1376.516 1376.516 1376.516 1376.516 1376.516 1376.516 1376.516 1376.516 1376.516 1376.516 1376.516 1376.516 1376.516 1376.516 1376.516 1376.516 1376.516 1376.516 1376.516 1376.516 1376.516 1376.516 1376.516 1376.516 1376.516 1376.516 1376.516 1376.516 1376.516 1376.516 1376.516 1376.548 1376.741 1376.934 1377.127 1377.32 1377.503
1374.738 1374.676 1374.614 1374.601 1374.663 1374.725 1374.788 1374.85 1374.994 1375.16 1375.325 1375.491 1375.629 1375.65 1375.671 1375.692 1375.713 1375.843 1376.05 1376.257 1376.463 1376.67 1376.745 1376.817 1376.889 1376.962 1377.006 1377.006 1377.006 1377.006 1377.006 1377.006 1377.006 1377.006 1377.006 1377.006 1377.006 1377.006 1377.006 1377.006 1377.006 1377.006 1377.006 1377.006 1377.006 1377.006 1377.006 1377.006 1377.006 1377.006 1377.006 1377.006 1377.006 1377.006 1377.006 1377.006 1377.006 1377.006 1377.037 1377.223 1377.409 1377.595 1377.781 1377.95
1375.162 1375.078 1374.995 1374.977 1375.061 1375.145 1375.228 1375.312 1375.456 1375.616 1375.776 1375.937 1376.076 1376.129 1376.182 1376.235 1376.289 1376.423 1376.613 1376.804 1376.995 1377.185 1377.26 1377.332 1377.405 1377.477 1377.522 1377.522 1377.522 1377.522 1377.522 1377.522 1377.522 1377.522 1377.522 1377.522 1377.522 1377.522 1377.522 1377.522 1377.522 1377.522 1377.522 1377.522 1377.522 1377.522 1377.522 1377.522 1377.522 1377.522 1377.522 1377.522 1377.522 1377.522 1377.522 1377.522 1377.522 1377.522 1377.55 1377.725 1377.901 1378.076 1378.252 1378.404
1375.585 1375.48 1375.375 1375.354 1375.459 1375.564 1375.669 1375.774 1375.918 1376.073 1376.228 1376.383 1376.524 1376.609 1376.694 1376.779 1376.864 1377.002 1377.177 1377.351 1377.526 1377.701 1377.775 1377.847 1377.92 1377.992 1378.037 1378.037 1378.037 1378.037 1378.037 1378.037 1378.037 1378.037 1378.037 1378.037 1378.037 1378.037 1378.037 1378.037 1378.037 1378.037 1378.037 1378.037 1378.037 1378.037 1378.037 1378.037 1378.037 1378.037 1378.037 1378.037 1378.037 1378.037 1378.037 1378.037 1378.037 1378.037 1378.063 1378.228 1378.393 1378.558 1378.723 1378.858
1376.009 1375.882 1375.756 1375.73 1375.856 1375.983 1376.109 1376.235 1376.38 1376.53 1376.679 1376.828 1376.972 1377.089 1377.206 1377.323 1377.44 1377.581 1377.74 1377.899 1378.058 1378.216 1378.29 1378.362 1378.435 1378.507 1378.552 1378.552 1378.552 1378.552 1378.552 1378.552 1378.552 1378.552 1378.552 1378.552 1378.552 1378.552 1378.552 1378.552 1378.552 1378.552 1378.552 1378.552 1378.552 1378.552 1378.552 1378.552 1378.552 1378.552 1378.552 1378.552 1378.552 1378.552 1378.552 1378.552 1378.552 1378.552 1378.577 1378.731 1378.885 1379.039 1379.193 1379.312
1376.443 1376.302 1376.162 1376.133 1376.273 1376.414 1376.555 1376.695 1376.838 1376.98 1377.123 1377.266 1377.409 1377.554 1377.699 1377.844 1377.988 1378.133 1378.278 1378.423 1378.568 1378.713 1378.788 1378.863 1378.937 1379.012 1379.059 1379.063 1379.068 1379.072 1379.076 1379.077 1379.077 1379.077 1379.077 1379.077 1379.077 1379.077 1379.077 1379.077 1379.077 1379.077 1379.077 1379.077 1379.077 1379.077 1379.077 1379.077 1379.077 1379.077 1379.077 1379.077 1379.077 1379.077 1379.077 1379.077 1379.077 1379.077 1379.1 1379.24 1379.381 1379.521 1379.662 1379.764
1376.948 1376.84 1376.731 1376.709 1376.817 1376.926 1377.035 1377.143 1377.266 1377.393 1377.52 1377.647 1377.777 1377.922 1378.067 1378.212 1378.356 1378.501 1378.646 1378.791 1378.936 1379.08 1379.172 1379.262 1379.353 1379.443 1379.513 1379.549 1379.585 1379.621 1379.658 1379.666 1379.666 1379.666 1379.666 1379.666 1379.666 1379.666 1379.666 1379.666 1379.666 1379.666 1379.666 1379.666 1379.666 1379.666 1379.666 1379.666 1379.666 1379.666 1379.666 1379.666 1379.666 1379.666 1379.666 1379.666 1379.666 1379.666 1379.683 1379.792 1379.901 1380.009 1380.118 1380.203
1377.454 1377.377 1377.301 1377.285 1377.362 1377.438 1377.515 1377.592 1377.695 1377.806 1377.917 1378.028 1378.145 1378.29 1378.435 1378.579 1378.724 1378.869 1379.014 1379.159 1379.304 1379.448 1379.556 1379.662 1379.769 1379.875 1379.967 1380.035 1380.103 1380.171 1380.239 1380.254 1380.254 1380.254 1380.254 1380.254 1380.254 1380.254 1380.254 1380.254 1380.254 1380.254 1380.254 1380.254 1380.254 1380.254 1380.254 1380.254 1380.254 1380.254 1380.254 1380.254 1380.254 1380.254 1380.254 1380.254 1380.254 1380.254 1380.267 1380.344 1380.42 1380.497 1380.574 1380.642
1377.96 1377.915 1377.87 1377.861 1377.906 1377.95 1377.995 1378.04 1378.124 1378.219 1378.314 1378.409 1378.513 1378.658 1378.803 1378.948 1379.092 1379.237 1379.382 1379.527 1379.672 1379.816 1379.939 1380.062 1380.184 1380.307 1380.421 1380.521 1380.621 1380.721 1380.821 1380.843 1380.843 1380.843 1380.843 1380.843 1380.843 1380.843 1380.843 1380.843 1380.843 1380.843 1380.843 1380.843 1380.843 1380.843 1380.843 1380.843 1380.843 1380.843 1380.843 1380.843 1380.843 1380.843 1380.843 1380.843 1380.843 1380.843 1380.85 1380.895 1380.94 1380.985 1381.029 1381.08
1378.465 1378.452 1378.44 1378.437 1378.45 1378.463 1378.475 1378.488 1378.553 1378.632 1378.711 1378.79 1378.881 1379.026 1379.171 1379.316 1379.46 1379.605 1379.75 1379.895 1380.04 1380.184 1380.323 1380.462 1380.6 1380.739 1380.875 1381.007 1381.139 1381.271 1381.403 1381.432 1381.432 1381.432 1381.432 1381.432 1381.432 1381.432 1381.432 1381.432 1381.432 1381.432 1381.432 1381.432 1381.432 1381.432 1381.432 1381.432 1381.432 1381.432 1381.432 1381.432 1381.432 1381.432 1381.432 1381.432 1381.432 1381.432 1381.434 1381.447 1381.459 1381.472 1381.485 1381.519
1378.888 1378.888 1378.888 1378.888 1378.888 1378.888 1378.888 1378.888 1378.945 1379.018 1379.09 1379.163 1379.249 1379.394 1379.539 1379.683 1379.828 1379.973 1380.118 1380.263 1380.408 1380.552 1380.704 1380.855 1381.006 1381.157 1381.315 1381.482 1381.649 1381.817 1381.984 1382.021 1382.021 1382.021 1382.021 1382.021 1382.021 1382.021 1382.021 1382.021 1382.021 1382.021 1382.021 1382.021 1382.021 1382.021 1382.021 1382.021 1382.021 1382.021 1382.021 1382.021 1382.021 1382.021 1382.021 1382.021 1382.021 1382.021 1382.021 1382.021 1382.021 1382.021 1382.021 1382.044
1379.256 1379.256 1379.256 1379.256 1379.256 1379.256 1379.256 1379.256 1379.313 1379.386 1379.458 1379.531 1379.617 1379.762 1379.907 1380.052 1380.196 1380.341 1380.486 1380.631 1380.776 1380.921 1381.082 1381.244 1381.406 1381.568 1381.746 1381.951 1382.155 1382.36 1382.564 1382.61 1382.61 1382.61 1382.61 1382.61 1382.61 1382.61 1382.61 1382.61 1382.61 1382.61 1382.61 1382.61 1382.61 1382.61 1382.61 1382.61 1382.61 1382.61 1382.61 1382.61 1382.61 1382.61 1382.61 1382.61 1382.61 1382.61 1382.61 1382.61 1382.61 1382.61 1382.61 1382.627
1379.624 1379.624 1379.624 1379.624 1379.624 1379.624 1379.624 1379.624 1379.682 1379.754 1379.826 1379.899 1379.985 1380.13 1380.275 1380.42 1380.564 1380.709 1380.854 1380.999 1381.144 1381.288 1381.461 1381.633 1381.806 1381.979 1382.177 1382.419 1382.661 1382.903 1383.145 1383.198 1383.198 1383.198 1383.198 1383.198 1383.198 1383.198 1383.198 1383.198 1383.198 1383.198 1383.198 1383.198 1383.198 1383.198 1383.198 1383.198 1383.198 1383.198 1383.198 1383.198 1383.198 1383.198 1383.198 1383.198 1383.198 1383.198 1383.198 1383.198 1383.198 1383.198 1383.198 1383.21
