data/zism_data/00495_03_D.txt
ncols         224
nrows         224
[rows 84 to 111 of 224, columns 0 to 62 of 224]
1417.51 1417.478 1417.447 1417.415 1417.382 1417.342 1417.303 1417.264 1417.224 1417.214 1417.214 1417.214 1417.214 1417.194 1417.094 1416.994 1416.894 1416.795 1416.697 1416.6 1416.503 1416.406 1416.318 1416.294 1416.271 1416.247 1416.224 1416.125 1415.975 1415.826 1415.676 1415.535 1415.535 1415.535 1415.535 1415.535 1415.523 1415.499 1415.476 1415.452 1415.428 1415.234 1415.037 1414.84 1414.644 1414.535 1414.535 1414.535 1414.535 1414.535 1414.535 1414.535 1414.535 1414.535 1414.492 1414.376 1414.26 1414.145 1414.03 1413.797 1413.542 1413.288 1413.033
1417.857 1417.804 1417.751 1417.698 1417.642 1417.576 1417.509 1417.443 1417.377 1417.36 1417.36 1417.36 1417.36 1417.346 1417.279 1417.211 1417.143 1417.076 1416.978 1416.865 1416.751 1416.638 1416.535 1416.495 1416.455 1416.416 1416.376 1416.3 1416.198 1416.097 1415.995 1415.9 1415.9 1415.9 1415.9 1415.9 1415.879 1415.839 1415.8 1415.76 1415.72 1415.542 1415.361 1415.18 1414.999 1414.9 1414.9 1414.9 1414.9 1414.9 1414.9 1414.9 1414.9 1414.9 1414.864 1414.77 1414.676 1414.582 1414.488 1414.282 1414.054 1413.826 1413.598
1418.204 1418.13 1418.056 1417.981 1417.902 1417.809 1417.716 1417.623 1417.53 1417.506 1417.506 1417.506 1417.506 1417.499 1417.463 1417.428 1417.392 1417.357 1417.259 1417.13 1417.0 1416.871 1416.751 1416.696 1416.64 1416.584 1416.528 1416.474 1416.421 1416.368 1416.315 1416.265 1416.265 1416.265 1416.265 1416.265 1416.235 1416.18 1416.124 1416.068 1416.012 1415.849 1415.685 1415.52 1415.355 1415.265 1415.265 1415.265 1415.265 1415.265 1415.265 1415.265 1415.265 1415.265 1415.237 1415.165 1415.092 1415.019 1414.947 1414.766 1414.565 1414.364 1414.163
1418.552 1418.456 1418.36 1418.264 1418.162 1418.042 1417.922 1417.803 1417.683 1417.652 1417.652 1417.652 1417.652 1417.651 1417.648 1417.645 1417.641 1417.638 1417.54 1417.395 1417.249 1417.104 1416.968 1416.896 1416.825 1416.753 1416.681 1416.649 1416.644 1416.639 1416.634 1416.629 1416.629 1416.629 1416.629 1416.629 1416.592 1416.52 1416.448 1416.376 1416.304 1416.157 1416.008 1415.86 1415.711 1415.629 1415.629 1415.629 1415.629 1415.629 1415.629 1415.629 1415.629 1415.629 1415.61 1415.559 1415.508 1415.456 1415.405 1415.251 1415.077 1414.902 1414.728
1418.841 1418.734 1418.626 1418.518 1418.413 1418.315 1418.217 1418.118 1418.02 1417.994 1417.994 1417.994 1417.994 1417.987 1417.954 1417.92 1417.886 1417.853 1417.753 1417.62 1417.488 1417.355 1417.231 1417.162 1417.094 1417.025 1416.957 1416.911 1416.883 1416.854 1416.825 1416.798 1416.798 1416.798 1416.798 1416.798 1416.767 1416.708 1416.649 1416.59 1416.531 1416.413 1416.295 1416.177 1416.059 1415.994 1415.994 1415.994 1415.994 1415.994 1415.994 1415.994 1415.994 1415.994 1415.979 1415.94 1415.901 1415.861 1415.822 1415.7 1415.562 1415.424 1415.286
1419.124 1419.006 1418.888 1418.769 1418.664 1418.592 1418.521 1418.449 1418.378 1418.359 1418.359 1418.359 1418.359 1418.344 1418.273 1418.202 1418.131 1418.06 1417.958 1417.842 1417.725 1417.609 1417.499 1417.436 1417.373 1417.309 1417.246 1417.184 1417.123 1417.062 1417.001 1416.944 1416.944 1416.944 1416.944 1416.944 1416.921 1416.878 1416.835 1416.792 1416.749 1416.664 1416.578 1416.492 1416.406 1416.359 1416.359 1416.359 1416.359 1416.359 1416.359 1416.359 1416.359 1416.359 1416.348 1416.319 1416.291 1416.262 1416.234 1416.145 1416.044 1415.944 1415.844
1419.407 1419.278 1419.149 1419.02 1418.915 1418.87 1418.825 1418.78 1418.735 1418.724 1418.724 1418.724 1418.724 1418.702 1418.593 1418.484 1418.375 1418.267 1418.163 1418.063 1417.963 1417.862 1417.768 1417.71 1417.652 1417.594 1417.536 1417.457 1417.364 1417.271 1417.177 1417.089 1417.089 1417.089 1417.089 1417.089 1417.075 1417.049 1417.022 1416.995 1416.968 1416.915 1416.861 1416.807 1416.753 1416.724 1416.724 1416.724 1416.724 1416.724 1416.724 1416.724 1416.724 1416.724 1416.717 1416.699 1416.681 1416.663 1416.645 1416.59 1416.527 1416.464 1416.401
1419.691 1419.551 1419.411 1419.271 1419.165 1419.147 1419.129 1419.111 1419.093 1419.088 1419.088 1419.088 1419.088 1419.059 1418.912 1418.766 1418.62 1418.474 1418.369 1418.284 1418.2 1418.116 1418.036 1417.983 1417.931 1417.878 1417.825 1417.729 1417.604 1417.479 1417.354 1417.235 1417.235 1417.235 1417.235 1417.235 1417.23 1417.219 1417.208 1417.197 1417.187 1417.165 1417.144 1417.122 1417.1 1417.088 1417.088 1417.088 1417.088 1417.088 1417.088 1417.088 1417.088 1417.088 1417.086 1417.078 1417.071 1417.064 1417.057 1417.035 1417.009 1416.984 1416.959
1419.961 1419.825 1419.688 1419.552 1419.453 1419.453 1419.453 1419.453 1419.453 1419.441 1419.426 1419.41 1419.394 1419.349 1419.19 1419.031 1418.872 1418.712 1418.603 1418.519 1418.435 1418.351 1418.272 1418.227 1418.181 1418.136 1418.09 1417.991 1417.854 1417.718 1417.582 1417.453 1417.453 1417.453 1417.453 1417.453 1417.453 1417.453 1417.453 1417.453 1417.453 1417.469 1417.485 1417.5 1417.516 1417.525 1417.525 1417.525 1417.525 1417.525 1417.525 1417.525 1417.525 1417.525 1417.525 1417.525 1417.525 1417.525 1417.525 1417.525 1417.525 1417.525 1417.525
1420.206 1420.102 1419.998 1419.893 1419.818 1419.818 1419.818 1419.818 1419.818 1419.771 1419.706 1419.642 1419.578 1419.503 1419.381 1419.259 1419.138 1419.016 1418.898 1418.782 1418.666 1418.549 1418.444 1418.409 1418.374 1418.34 1418.305 1418.229 1418.125 1418.02 1417.916 1417.818 1417.818 1417.818 1417.818 1417.818 1417.818 1417.818 1417.818 1417.818 1417.818 1417.881 1417.945 1418.009 1418.073 1418.109 1418.109 1418.109 1418.109 1418.109 1418.109 1418.109 1418.109 1418.109 1418.109 1418.109 1418.109 1418.109 1418.109 1418.109 1418.109 1418.109 1418.109
1420.451 1420.379 1420.307 1420.235 1420.183 1420.183 1420.183 1420.183 1420.183 1420.1 1419.987 1419.875 1419.763 1419.656 1419.572 1419.488 1419.404 1419.32 1419.193 1419.044 1418.896 1418.748 1418.615 1418.591 1418.567 1418.543 1418.519 1418.467 1418.395 1418.323 1418.251 1418.183 1418.183 1418.183 1418.183 1418.183 1418.183 1418.183 1418.183 1418.183 1418.183 1418.293 1418.406 1418.518 1418.63 1418.692 1418.692 1418.692 1418.692 1418.692 1418.692 1418.692 1418.692 1418.692 1418.692 1418.692 1418.692 1418.692 1418.692 1418.692 1418.692 1418.692 1418.692
1420.696 1420.656 1420.616 1420.576 1420.547 1420.547 1420.547 1420.547 1420.547 1420.429 1420.268 1420.108 1419.947 1419.81 1419.763 1419.716 1419.67 1419.623 1419.487 1419.307 1419.126 1418.946 1418.787 1418.774 1418.76 1418.747 1418.734 1418.705 1418.665 1418.625 1418.585 1418.547 1418.547 1418.547 1418.547 1418.547 1418.547 1418.547 1418.547 1418.547 1418.547 1418.706 1418.866 1419.027 1419.187 1419.276 1419.276 1419.276 1419.276 1419.276 1419.276 1419.276 1419.276 1419.276 1419.276 1419.276 1419.276 1419.276 1419.276 1419.276 1419.276 1419.276 1419.276
1420.941 1420.933 1420.926 1420.918 1420.912 1420.912 1420.912 1420.912 1420.912 1420.758 1420.549 1420.34 1420.131 1419.963 1419.954 1419.945 1419.936 1419.927 1419.782 1419.569 1419.357 1419.144 1418.959 1418.956 1418.953 1418.951 1418.948 1418.943 1418.935 1418.927 1418.919 1418.912 1418.912 1418.912 1418.912 1418.912 1418.912 1418.912 1418.912 1418.912 1418.912 1419.118 1419.327 1419.536 1419.744 1419.859 1419.859 1419.859 1419.859 1419.859 1419.859 1419.859 1419.859 1419.859 1419.859 1419.859 1419.859 1419.859 1419.859 1419.859 1419.859 1419.859 1419.859
1421.156 1421.144 1421.132 1421.12 1421.111 1421.111 1421.111 1421.111 1421.111 1420.975 1420.791 1420.607 1420.423 1420.27 1420.238 1420.205 1420.173 1420.14 1420.004 1419.816 1419.628 1419.44 1419.277 1419.277 1419.277 1419.277 1419.277 1419.277 1419.277 1419.277 1419.277 1419.277 1419.277 1419.277 1419.277 1419.277 1419.277 1419.277 1419.277 1419.277 1419.277 1419.47 1419.666 1419.862 1420.058 1420.177 1420.202 1420.226 1420.25 1420.275 1420.277 1420.277 1420.277 1420.277 1420.283 1420.299 1420.316 1420.332 1420.348 1420.358 1420.366 1420.374 1420.382
1421.362 1421.334 1421.305 1421.277 1421.257 1421.257 1421.257 1421.257 1421.257 1421.156 1421.021 1420.885 1420.75 1420.626 1420.551 1420.475 1420.4 1420.325 1420.203 1420.058 1419.913 1419.768 1419.642 1419.642 1419.642 1419.642 1419.642 1419.642 1419.642 1419.642 1419.642 1419.642 1419.642 1419.642 1419.642 1419.642 1419.642 1419.642 1419.642 1419.642 1419.642 1419.803 1419.967 1420.131 1420.295 1420.41 1420.467 1420.524 1420.58 1420.637 1420.642 1420.642 1420.642 1420.642 1420.656 1420.694 1420.731 1420.769 1420.807 1420.829 1420.847 1420.866 1420.885
1421.568 1421.523 1421.479 1421.435 1421.403 1421.403 1421.403 1421.403 1421.403 1421.338 1421.251 1421.163 1421.076 1420.982 1420.864 1420.746 1420.627 1420.509 1420.401 1420.299 1420.197 1420.095 1420.006 1420.006 1420.006 1420.006 1420.006 1420.006 1420.006 1420.006 1420.006 1420.006 1420.006 1420.006 1420.006 1420.006 1420.006 1420.006 1420.006 1420.006 1420.006 1420.136 1420.268 1420.4 1420.531 1420.644 1420.732 1420.821 1420.91 1420.999 1421.006 1421.006 1421.006 1421.006 1421.029 1421.088 1421.147 1421.206 1421.265 1421.3 1421.329 1421.359 1421.388
1421.774 1421.713 1421.653 1421.592 1421.548 1421.548 1421.548 1421.548 1421.548 1421.52 1421.48 1421.441 1421.402 1421.338 1421.177 1421.016 1420.855 1420.694 1420.6 1420.541 1420.482 1420.423 1420.371 1420.371 1420.371 1420.371 1420.371 1420.371 1420.371 1420.371 1420.371 1420.371 1420.371 1420.371 1420.371 1420.371 1420.371 1420.371 1420.371 1420.371 1420.371 1420.469 1420.569 1420.668 1420.768 1420.877 1420.998 1421.119 1421.24 1421.361 1421.371 1421.371 1421.371 1421.371 1421.401 1421.482 1421.563 1421.643 1421.724 1421.771 1421.811 1421.851 1421.891
1421.998 1421.928 1421.857 1421.787 1421.736 1421.734 1421.734 1421.733 1421.731 1421.725 1421.717 1421.709 1421.701 1421.656 1421.466 1421.276 1421.086 1420.896 1420.813 1420.782 1420.751 1420.721 1420.694 1420.694 1420.694 1420.694 1420.694 1420.694 1420.694 1420.694 1420.694 1420.694 1420.696 1420.698 1420.701 1420.703 1420.707 1420.714 1420.722 1420.729 1420.736 1420.805 1420.876 1420.946 1421.017 1421.123 1421.273 1421.423 1421.573 1421.723 1421.736 1421.736 1421.736 1421.736 1421.773 1421.871 1421.969 1422.067 1422.165 1422.224 1422.276 1422.328 1422.38
1422.303 1422.249 1422.194 1422.14 1422.099 1422.093 1422.086 1422.08 1422.073 1422.034 1421.983 1421.932 1421.881 1421.808 1421.651 1421.493 1421.335 1421.177 1421.083 1421.02 1420.958 1420.895 1420.84 1420.84 1420.84 1420.84 1420.84 1420.84 1420.84 1420.84 1420.84 1420.841 1420.854 1420.866 1420.879 1420.892 1420.921 1420.966 1421.011 1421.055 1421.1 1421.154 1421.208 1421.263 1421.317 1421.422 1421.588 1421.754 1421.92 1422.086 1422.101 1422.101 1422.101 1422.101 1422.138 1422.235 1422.333 1422.432 1422.529 1422.602 1422.67 1422.739 1422.807
1422.608 1422.57 1422.531 1422.493 1422.462 1422.45 1422.439 1422.427 1422.415 1422.343 1422.249 1422.155 1422.061 1421.961 1421.835 1421.71 1421.584 1421.458 1421.353 1421.259 1421.164 1421.069 1420.986 1420.986 1420.986 1420.986 1420.986 1420.986 1420.986 1420.986 1420.986 1420.988 1421.011 1421.034 1421.058 1421.081 1421.135 1421.218 1421.3 1421.382 1421.464 1421.503 1421.541 1421.58 1421.618 1421.721 1421.903 1422.085 1422.267 1422.45 1422.465 1422.465 1422.465 1422.465 1422.502 1422.6 1422.698 1422.796 1422.894 1422.981 1423.065 1423.149 1423.233
1422.913 1422.891 1422.868 1422.846 1422.825 1422.808 1422.791 1422.774 1422.757 1422.651 1422.515 1422.378 1422.241 1422.113 1422.02 1421.926 1421.833 1421.74 1421.624 1421.497 1421.37 1421.243 1421.132 1421.132 1421.132 1421.132 1421.132 1421.132 1421.132 1421.132 1421.132 1421.134 1421.168 1421.202 1421.237 1421.271 1421.35 1421.469 1421.589 1421.709 1421.828 1421.852 1421.874 1421.896 1421.919 1422.02 1422.218 1422.416 1422.615 1422.813 1422.83 1422.83 1422.83 1422.83 1422.867 1422.965 1423.063 1423.161 1423.259 1423.359 1423.459 1423.559 1423.66
1423.218 1423.212 1423.205 1423.199 1423.189 1423.166 1423.144 1423.121 1423.099 1422.96 1422.781 1422.601 1422.421 1422.266 1422.204 1422.143 1422.082 1422.021 1421.894 1421.735 1421.576 1421.417 1421.278 1421.278 1421.278 1421.278 1421.278 1421.278 1421.278 1421.278 1421.278 1421.281 1421.325 1421.37 1421.415 1421.46 1421.564 1421.721 1421.878 1422.035 1422.193 1422.201 1422.207 1422.213 1422.219 1422.319 1422.533 1422.748 1422.962 1423.176 1423.195 1423.195 1423.195 1423.195 1423.232 1423.33 1423.428 1423.526 1423.624 1423.737 1423.854 1423.97 1424.086
1423.56 1423.56 1423.56 1423.56 1423.546 1423.495 1423.443 1423.392 1423.341 1423.203 1423.033 1422.864 1422.695 1422.545 1422.473 1422.4 1422.328 1422.256 1422.133 1421.985 1421.837 1421.688 1421.56 1421.56 1421.56 1421.56 1421.56 1421.56 1421.56 1421.56 1421.56 1421.562 1421.604 1421.647 1421.689 1421.731 1421.829 1421.977 1422.125 1422.274 1422.422 1422.453 1422.483 1422.513 1422.543 1422.65 1422.85 1423.051 1423.251 1423.452 1423.487 1423.507 1423.527 1423.547 1423.599 1423.704 1423.808 1423.913 1424.018 1424.132 1424.247 1424.363 1424.479
1423.924 1423.924 1423.924 1423.924 1423.899 1423.805 1423.711 1423.617 1423.523 1423.405 1423.278 1423.152 1423.025 1422.902 1422.792 1422.682 1422.573 1422.463 1422.353 1422.242 1422.131 1422.021 1421.924 1421.924 1421.924 1421.924 1421.924 1421.924 1421.924 1421.924 1421.924 1421.926 1421.958 1421.99 1422.021 1422.053 1422.125 1422.236 1422.347 1422.458 1422.568 1422.647 1422.725 1422.803 1422.881 1423.0 1423.168 1423.337 1423.505 1423.673 1423.736 1423.788 1423.84 1423.892 1423.968 1424.083 1424.199 1424.314 1424.429 1424.536 1424.641 1424.746 1424.851
1424.289 1424.289 1424.289 1424.289 1424.251 1424.115 1423.978 1423.841 1423.704 1423.607 1423.523 1423.439 1423.356 1423.259 1423.112 1422.965 1422.817 1422.67 1422.572 1422.499 1422.426 1422.353 1422.289 1422.289 1422.289 1422.289 1422.289 1422.289 1422.289 1422.289 1422.289 1422.29 1422.311 1422.332 1422.353 1422.374 1422.422 1422.495 1422.568 1422.641 1422.715 1422.84 1422.967 1423.093 1423.219 1423.35 1423.486 1423.623 1423.759 1423.895 1423.984 1424.068 1424.152 1424.237 1424.337 1424.463 1424.589 1424.715 1424.841 1424.94 1425.035 1425.129 1425.224
1424.654 1424.654 1424.654 1424.654 1424.604 1424.425 1424.245 1424.065 1423.885 1423.808 1423.768 1423.727 1423.686 1423.616 1423.432 1423.247 1423.062 1422.877 1422.792 1422.756 1422.72 1422.685 1422.654 1422.654 1422.654 1422.654 1422.654 1422.654 1422.654 1422.654 1422.654 1422.655 1422.665 1422.675 1422.685 1422.695 1422.719 1422.754 1422.79 1422.825 1422.861 1423.034 1423.208 1423.383 1423.558 1423.701 1423.805 1423.909 1424.013 1424.117 1424.232 1424.348 1424.465 1424.581 1424.705 1424.842 1424.979 1425.116 1425.253 1425.345 1425.428 1425.512 1425.596
1425.007 1425.007 1425.007 1425.007 1424.947 1424.729 1424.51 1424.292 1424.073 1424.015 1424.013 1424.011 1424.009 1423.963 1423.745 1423.527 1423.309 1423.091 1423.018 1423.016 1423.014 1423.013 1423.011 1423.011 1423.011 1423.011 1423.011 1423.011 1423.011 1423.01 1423.01 1423.01 1423.01 1423.01 1423.011 1423.011 1423.012 1423.014 1423.015 1423.017 1423.019 1423.234 1423.453 1423.671 1423.89 1424.044 1424.119 1424.195 1424.27 1424.345 1424.486 1424.633 1424.78 1424.927 1425.074 1425.221 1425.368 1425.515 1425.662 1425.748 1425.822 1425.896 1425.971
1425.153 1425.153 1425.153 1425.153 1425.104 1424.922 1424.741 1424.561 1424.38 1424.303 1424.264 1424.224 1424.185 1424.119 1423.949 1423.779 1423.61 1423.44 1423.361 1423.327 1423.293 1423.259 1423.23 1423.23 1423.23 1423.23 1423.23 1423.227 1423.221 1423.215 1423.21 1423.205 1423.21 1423.216 1423.222 1423.227 1423.248 1423.281 1423.315 1423.349 1423.383 1423.562 1423.743 1423.924 1424.105 1424.255 1424.368 1424.481 1424.594 1424.707 1424.851 1424.998 1425.145 1425.292 1425.439 1425.586 1425.733 1425.88 1426.027 1426.126 1426.216 1426.307 1426.397
