data/zism_data/00498_01_D.txt
ncols         224
nrows         224
[rows 140 to 167 of 224, columns 63 to 125 of 224]
1239.955 1239.808 1239.661 1239.514 1239.367 1239.239 1239.117 1238.994 1238.872 1238.738 1238.567 1238.395 1238.224 1238.052 1237.865 1237.671 1237.477 1237.283 1237.113 1237.066 1237.019 1236.972 1236.925 1236.878 1236.831 1236.784 1236.737 1236.686 1236.592 1236.498 1236.404 1236.311 1236.204 1236.086 1235.969 1235.852 1235.736 1235.736 1235.736 1235.736 1235.736 1235.737 1235.739 1235.741 1235.743 1235.745 1235.746 1235.747 1235.748 1235.749 1235.75 1235.75 1235.75 1235.75 1235.75 1235.877 1236.024 1236.171 1236.318 1236.363 1236.201 1236.04 1235.879
1239.955 1239.808 1239.661 1239.514 1239.367 1239.239 1239.117 1238.994 1238.872 1238.738 1238.567 1238.395 1238.224 1238.052 1237.873 1237.689 1237.506 1237.323 1237.164 1237.127 1237.091 1237.055 1237.019 1236.983 1236.947 1236.911 1236.874 1236.835 1236.763 1236.69 1236.618 1236.546 1236.464 1236.373 1236.283 1236.192 1236.103 1236.103 1236.103 1236.103 1236.103 1236.109 1236.122 1236.135 1236.148 1236.161 1236.167 1236.174 1236.18 1236.187 1236.191 1236.191 1236.191 1236.191 1236.191 1236.318 1236.465 1236.612 1236.759 1236.822 1236.714 1236.607 1236.5
1239.955 1239.808 1239.661 1239.514 1239.367 1239.239 1239.117 1238.994 1238.872 1238.738 1238.567 1238.395 1238.224 1238.052 1237.88 1237.708 1237.536 1237.363 1237.214 1237.189 1237.164 1237.138 1237.113 1237.088 1237.062 1237.037 1237.011 1236.984 1236.933 1236.882 1236.832 1236.781 1236.723 1236.66 1236.597 1236.533 1236.471 1236.471 1236.471 1236.471 1236.471 1236.482 1236.506 1236.529 1236.553 1236.577 1236.589 1236.601 1236.613 1236.625 1236.632 1236.632 1236.632 1236.632 1236.632 1236.759 1236.906 1237.053 1237.2 1237.28 1237.227 1237.174 1237.121
1239.955 1239.808 1239.661 1239.514 1239.367 1239.239 1239.117 1238.994 1238.872 1238.738 1238.567 1238.395 1238.224 1238.052 1237.888 1237.726 1237.565 1237.403 1237.265 1237.25 1237.236 1237.221 1237.207 1237.192 1237.178 1237.163 1237.149 1237.133 1237.104 1237.074 1237.045 1237.016 1236.983 1236.947 1236.91 1236.874 1236.838 1236.838 1236.838 1236.838 1236.838 1236.855 1236.889 1236.923 1236.958 1236.992 1237.01 1237.028 1237.045 1237.062 1237.073 1237.073 1237.073 1237.073 1237.073 1237.2 1237.347 1237.494 1237.641 1237.739 1237.74 1237.741 1237.741
1239.955 1239.808 1239.661 1239.514 1239.367 1239.239 1239.117 1238.994 1238.872 1238.738 1238.567 1238.395 1238.224 1238.052 1237.895 1237.744 1237.594 1237.443 1237.316 1237.312 1237.308 1237.304 1237.301 1237.297 1237.293 1237.289 1237.286 1237.282 1237.274 1237.267 1237.259 1237.252 1237.243 1237.234 1237.224 1237.215 1237.206 1237.206 1237.206 1237.206 1237.206 1237.227 1237.272 1237.318 1237.363 1237.408 1237.432 1237.455 1237.477 1237.5 1237.513 1237.513 1237.513 1237.513 1237.513 1237.641 1237.788 1237.935 1238.082 1238.198 1238.253 1238.308 1238.362
1240.096 1239.938 1239.781 1239.623 1239.466 1239.341 1239.225 1239.11 1238.994 1238.867 1238.699 1238.531 1238.363 1238.195 1238.056 1237.93 1237.805 1237.679 1237.573 1237.573 1237.573 1237.573 1237.573 1237.573 1237.573 1237.573 1237.573 1237.573 1237.573 1237.573 1237.573 1237.573 1237.573 1237.573 1237.573 1237.573 1237.573 1237.573 1237.573 1237.573 1237.573 1237.603 1237.666 1237.729 1237.792 1237.855 1237.889 1237.92 1237.952 1237.983 1238.002 1238.002 1238.002 1238.002 1238.002 1238.13 1238.277 1238.424 1238.571 1238.697 1238.781 1238.865 1238.949
1240.311 1240.138 1239.964 1239.79 1239.616 1239.496 1239.391 1239.286 1239.182 1239.064 1238.901 1238.739 1238.576 1238.414 1238.299 1238.206 1238.112 1238.019 1237.94 1237.94 1237.94 1237.94 1237.94 1237.94 1237.94 1237.94 1237.94 1237.94 1237.94 1237.94 1237.94 1237.94 1237.94 1237.94 1237.94 1237.94 1237.94 1237.94 1237.94 1237.94 1237.94 1237.981 1238.066 1238.15 1238.235 1238.32 1238.364 1238.407 1238.449 1238.491 1238.517 1238.517 1238.517 1238.517 1238.517 1238.644 1238.791 1238.938 1239.085 1239.217 1239.317 1239.417 1239.517
1240.527 1240.337 1240.147 1239.957 1239.767 1239.651 1239.557 1239.463 1239.37 1239.261 1239.104 1238.947 1238.79 1238.632 1238.542 1238.481 1238.42 1238.359 1238.308 1238.308 1238.308 1238.308 1238.308 1238.308 1238.308 1238.308 1238.308 1238.308 1238.308 1238.308 1238.308 1238.308 1238.308 1238.308 1238.308 1238.308 1238.308 1238.308 1238.308 1238.308 1238.308 1238.359 1238.465 1238.571 1238.677 1238.784 1238.84 1238.893 1238.946 1238.999 1239.031 1239.031 1239.031 1239.031 1239.031 1239.159 1239.306 1239.453 1239.6 1239.736 1239.853 1239.969 1240.086
1240.742 1240.536 1240.33 1240.124 1239.918 1239.806 1239.723 1239.64 1239.557 1239.458 1239.307 1239.155 1239.003 1238.851 1238.785 1238.757 1238.728 1238.699 1238.675 1238.675 1238.675 1238.675 1238.675 1238.675 1238.675 1238.675 1238.675 1238.675 1238.675 1238.675 1238.675 1238.675 1238.675 1238.675 1238.675 1238.675 1238.675 1238.675 1238.675 1238.675 1238.675 1238.736 1238.864 1238.992 1239.12 1239.248 1239.315 1239.379 1239.443 1239.507 1239.545 1239.545 1239.545 1239.545 1239.545 1239.673 1239.82 1239.967 1240.114 1240.256 1240.389 1240.521 1240.654
1240.934 1240.718 1240.502 1240.286 1240.07 1239.963 1239.89 1239.816 1239.743 1239.652 1239.505 1239.357 1239.21 1239.062 1239.017 1239.017 1239.017 1239.017 1239.017 1239.017 1239.017 1239.017 1239.017 1239.017 1239.017 1239.017 1239.017 1239.017 1239.017 1239.017 1239.017 1239.017 1239.017 1239.018 1239.019 1239.019 1239.02 1239.025 1239.03 1239.035 1239.04 1239.113 1239.26 1239.407 1239.554 1239.701 1239.78 1239.856 1239.931 1240.006 1240.053 1240.056 1240.06 1240.064 1240.068 1240.195 1240.341 1240.486 1240.632 1240.778 1240.926 1241.073 1241.221
1240.946 1240.767 1240.589 1240.411 1240.233 1240.135 1240.061 1239.988 1239.914 1239.823 1239.67 1239.516 1239.364 1239.211 1239.164 1239.164 1239.164 1239.164 1239.164 1239.164 1239.164 1239.164 1239.164 1239.164 1239.164 1239.164 1239.164 1239.164 1239.164 1239.164 1239.164 1239.164 1239.167 1239.173 1239.179 1239.185 1239.192 1239.24 1239.288 1239.337 1239.385 1239.48 1239.627 1239.774 1239.921 1240.068 1240.163 1240.255 1240.346 1240.438 1240.507 1240.543 1240.579 1240.615 1240.651 1240.773 1240.908 1241.043 1241.178 1241.319 1241.472 1241.625 1241.778
1240.957 1240.817 1240.676 1240.536 1240.395 1240.306 1240.233 1240.159 1240.086 1239.993 1239.834 1239.676 1239.518 1239.359 1239.311 1239.311 1239.311 1239.311 1239.311 1239.311 1239.311 1239.311 1239.311 1239.311 1239.311 1239.311 1239.311 1239.311 1239.311 1239.311 1239.311 1239.311 1239.317 1239.329 1239.34 1239.352 1239.364 1239.456 1239.547 1239.638 1239.73 1239.848 1239.995 1240.142 1240.289 1240.436 1240.546 1240.653 1240.761 1240.869 1240.961 1241.029 1241.098 1241.166 1241.235 1241.352 1241.476 1241.6 1241.724 1241.86 1242.018 1242.177 1242.335
1240.969 1240.866 1240.763 1240.661 1240.558 1240.478 1240.404 1240.331 1240.257 1240.163 1239.999 1239.835 1239.672 1239.508 1239.458 1239.458 1239.458 1239.458 1239.458 1239.458 1239.458 1239.458 1239.458 1239.458 1239.458 1239.458 1239.458 1239.458 1239.458 1239.458 1239.458 1239.458 1239.467 1239.484 1239.501 1239.518 1239.536 1239.671 1239.805 1239.94 1240.075 1240.215 1240.362 1240.509 1240.656 1240.803 1240.928 1241.052 1241.176 1241.3 1241.415 1241.516 1241.617 1241.718 1241.818 1241.93 1242.044 1242.157 1242.27 1242.4 1242.564 1242.728 1242.892
1240.98 1240.915 1240.851 1240.786 1240.721 1240.649 1240.576 1240.502 1240.429 1240.333 1240.164 1239.995 1239.826 1239.656 1239.605 1239.605 1239.605 1239.605 1239.605 1239.605 1239.605 1239.605 1239.605 1239.605 1239.605 1239.605 1239.605 1239.605 1239.605 1239.605 1239.605 1239.605 1239.617 1239.639 1239.662 1239.684 1239.708 1239.886 1240.064 1240.242 1240.419 1240.583 1240.729 1240.876 1241.023 1241.17 1241.311 1241.451 1241.591 1241.731 1241.869 1242.002 1242.135 1242.269 1242.402 1242.509 1242.611 1242.714 1242.816 1242.941 1243.11 1243.279 1243.449
1241.115 1241.072 1241.029 1240.987 1240.944 1240.87 1240.787 1240.705 1240.622 1240.523 1240.374 1240.224 1240.075 1239.925 1239.88 1239.88 1239.88 1239.88 1239.88 1239.88 1239.88 1239.88 1239.88 1239.88 1239.88 1239.88 1239.88 1239.88 1239.88 1239.88 1239.88 1239.88 1239.891 1239.913 1239.934 1239.956 1239.979 1240.15 1240.321 1240.492 1240.663 1240.825 1240.978 1241.132 1241.285 1241.438 1241.606 1241.775 1241.944 1242.113 1242.273 1242.42 1242.567 1242.714 1242.86 1242.978 1243.092 1243.206 1243.319 1243.455 1243.636 1243.817 1243.998
1241.339 1241.307 1241.275 1241.243 1241.211 1241.127 1241.028 1240.929 1240.83 1240.728 1240.616 1240.505 1240.393 1240.281 1240.247 1240.247 1240.247 1240.247 1240.247 1240.247 1240.247 1240.247 1240.247 1240.247 1240.247 1240.247 1240.247 1240.247 1240.247 1240.247 1240.247 1240.247 1240.256 1240.272 1240.288 1240.304 1240.321 1240.449 1240.577 1240.704 1240.832 1240.977 1241.141 1241.305 1241.469 1241.633 1241.838 1242.044 1242.251 1242.458 1242.64 1242.787 1242.934 1243.081 1243.228 1243.369 1243.51 1243.651 1243.791 1243.951 1244.148 1244.345 1244.542
1241.562 1241.541 1241.52 1241.499 1241.478 1241.384 1241.269 1241.154 1241.039 1240.933 1240.859 1240.785 1240.711 1240.637 1240.615 1240.615 1240.615 1240.615 1240.615 1240.615 1240.615 1240.615 1240.615 1240.615 1240.615 1240.615 1240.615 1240.615 1240.615 1240.615 1240.615 1240.615 1240.62 1240.631 1240.641 1240.652 1240.664 1240.748 1240.833 1240.917 1241.002 1241.129 1241.304 1241.479 1241.654 1241.829 1242.069 1242.314 1242.558 1242.803 1243.007 1243.154 1243.301 1243.448 1243.595 1243.76 1243.928 1244.095 1244.263 1244.446 1244.659 1244.872 1245.086
1241.786 1241.776 1241.765 1241.755 1241.745 1241.641 1241.51 1241.378 1241.247 1241.138 1241.101 1241.065 1241.029 1240.993 1240.982 1240.982 1240.982 1240.982 1240.982 1240.982 1240.982 1240.982 1240.982 1240.982 1240.982 1240.982 1240.982 1240.982 1240.982 1240.982 1240.982 1240.982 1240.985 1240.99 1240.995 1241.0 1241.006 1241.047 1241.089 1241.13 1241.171 1241.281 1241.467 1241.653 1241.838 1242.024 1242.301 1242.583 1242.865 1243.148 1243.375 1243.522 1243.669 1243.816 1243.963 1244.151 1244.346 1244.54 1244.735 1244.941 1245.171 1245.4 1245.63
1242.01 1242.01 1242.01 1242.01 1242.01 1241.896 1241.749 1241.601 1241.453 1241.34 1241.34 1241.34 1241.34 1241.34 1241.34 1241.34 1241.34 1241.34 1241.34 1241.34 1241.34 1241.34 1241.34 1241.34 1241.34 1241.34 1241.34 1241.34 1241.34 1241.34 1241.34 1241.34 1241.34 1241.34 1241.34 1241.34 1241.34 1241.342 1241.344 1241.346 1241.348 1241.443 1241.638 1241.834 1242.029 1242.225 1242.536 1242.854 1243.172 1243.49 1243.74 1243.887 1244.035 1244.182 1244.33 1244.542 1244.764 1244.986 1245.208 1245.437 1245.681 1245.925 1246.169
1242.23 1242.23 1242.23 1242.23 1242.23 1242.104 1241.94 1241.776 1241.613 1241.487 1241.487 1241.487 1241.487 1241.487 1241.487 1241.487 1241.487 1241.487 1241.487 1241.487 1241.487 1241.487 1241.487 1241.487 1241.487 1241.487 1241.487 1241.487 1241.487 1241.487 1241.487 1241.487 1241.487 1241.487 1241.487 1241.487 1241.487 1241.538 1241.589 1241.64 1241.69 1241.805 1241.99 1242.174 1242.359 1242.544 1242.849 1243.162 1243.475 1243.788 1244.04 1244.204 1244.368 1244.531 1244.695 1244.938 1245.192 1245.446 1245.701 1245.944 1246.167 1246.389 1246.611
1242.45 1242.45 1242.45 1242.45 1242.45 1242.312 1242.132 1241.952 1241.772 1241.634 1241.634 1241.634 1241.634 1241.634 1241.634 1241.634 1241.634 1241.634 1241.634 1241.634 1241.634 1241.634 1241.634 1241.634 1241.634 1241.634 1241.634 1241.634 1241.634 1241.634 1241.634 1241.634 1241.634 1241.634 1241.634 1241.634 1241.635 1241.734 1241.834 1241.933 1242.032 1242.167 1242.341 1242.515 1242.689 1242.863 1243.162 1243.47 1243.777 1244.085 1244.34 1244.521 1244.701 1244.881 1245.061 1245.333 1245.62 1245.907 1246.193 1246.451 1246.652 1246.853 1247.054
1242.671 1242.671 1242.671 1242.671 1242.671 1242.52 1242.324 1242.128 1241.931 1241.781 1241.781 1241.781 1241.781 1241.781 1241.781 1241.781 1241.781 1241.781 1241.781 1241.781 1241.781 1241.781 1241.781 1241.781 1241.781 1241.781 1241.781 1241.781 1241.781 1241.781 1241.781 1241.781 1241.781 1241.781 1241.781 1241.781 1241.783 1241.931 1242.079 1242.226 1242.374 1242.53 1242.693 1242.856 1243.019 1243.182 1243.476 1243.778 1244.08 1244.382 1244.641 1244.837 1245.033 1245.23 1245.426 1245.729 1246.048 1246.367 1246.686 1246.959 1247.138 1247.317 1247.496
1242.891 1242.891 1242.891 1242.891 1242.891 1242.728 1242.516 1242.303 1242.091 1241.928 1241.928 1241.928 1241.928 1241.928 1241.928 1241.928 1241.928 1241.928 1241.928 1241.928 1241.928 1241.928 1241.928 1241.928 1241.928 1241.928 1241.928 1241.928 1241.928 1241.928 1241.928 1241.928 1241.928 1241.928 1241.928 1241.928 1241.93 1242.127 1242.323 1242.52 1242.716 1242.892 1243.044 1243.196 1243.349 1243.501 1243.789 1244.086 1244.382 1244.679 1244.941 1245.154 1245.366 1245.579 1245.791 1246.125 1246.476 1246.827 1247.179 1247.466 1247.623 1247.781 1247.939
1243.071 1243.06 1243.049 1243.038 1243.027 1242.87 1242.669 1242.468 1242.266 1242.112 1242.112 1242.112 1242.112 1242.112 1242.112 1242.112 1242.112 1242.112 1242.113 1242.118 1242.124 1242.129 1242.135 1242.144 1242.154 1242.165 1242.176 1242.186 1242.186 1242.186 1242.186 1242.186 1242.186 1242.186 1242.186 1242.186 1242.189 1242.385 1242.581 1242.777 1242.972 1243.146 1243.296 1243.446 1243.595 1243.745 1244.031 1244.324 1244.618 1244.912 1245.179 1245.405 1245.63 1245.856 1246.082 1246.427 1246.788 1247.15 1247.512 1247.804 1247.957 1248.109 1248.262
1243.212 1243.179 1243.146 1243.114 1243.081 1242.948 1242.785 1242.621 1242.458 1242.332 1242.332 1242.332 1242.332 1242.332 1242.332 1242.332 1242.332 1242.332 1242.335 1242.351 1242.367 1242.384 1242.4 1242.426 1242.459 1242.491 1242.524 1242.554 1242.554 1242.554 1242.554 1242.554 1242.554 1242.554 1242.554 1242.554 1242.556 1242.703 1242.85 1242.998 1243.145 1243.296 1243.451 1243.606 1243.761 1243.916 1244.202 1244.496 1244.79 1245.084 1245.354 1245.591 1245.828 1246.065 1246.301 1246.638 1246.989 1247.34 1247.691 1247.979 1248.143 1248.306 1248.469
1243.352 1243.298 1243.244 1243.189 1243.135 1243.026 1242.901 1242.775 1242.649 1242.553 1242.553 1242.553 1242.553 1242.553 1242.553 1242.553 1242.553 1242.553 1242.557 1242.584 1242.611 1242.638 1242.665 1242.709 1242.763 1242.818 1242.872 1242.921 1242.921 1242.921 1242.921 1242.921 1242.921 1242.921 1242.921 1242.921 1242.923 1243.021 1243.12 1243.218 1243.317 1243.445 1243.606 1243.766 1243.927 1244.087 1244.373 1244.667 1244.961 1245.255 1245.53 1245.778 1246.025 1246.273 1246.52 1246.849 1247.189 1247.529 1247.87 1248.155 1248.329 1248.503 1248.677
1243.492 1243.417 1243.341 1243.265 1243.189 1243.104 1243.016 1242.929 1242.841 1242.773 1242.773 1242.773 1242.773 1242.773 1242.773 1242.773 1242.773 1242.773 1242.779 1242.817 1242.855 1242.893 1242.931 1242.992 1243.068 1243.144 1243.219 1243.289 1243.289 1243.289 1243.289 1243.289 1243.289 1243.289 1243.289 1243.289 1243.289 1243.339 1243.389 1243.439 1243.489 1243.595 1243.761 1243.927 1244.093 1244.258 1244.545 1244.839 1245.133 1245.427 1245.706 1245.964 1246.223 1246.481 1246.74 1247.06 1247.389 1247.719 1248.048 1248.33 1248.515 1248.699 1248.884
1243.633 1243.535 1243.438 1243.341 1243.243 1243.182 1243.132 1243.082 1243.032 1242.994 1242.994 1242.994 1242.994 1242.994 1242.994 1242.994 1242.994 1242.994 1243.001 1243.05 1243.099 1243.147 1243.196 1243.275 1243.372 1243.47 1243.567 1243.656 1243.656 1243.656 1243.656 1243.656 1243.656 1243.656 1243.656 1243.656 1243.656 1243.657 1243.659 1243.66 1243.662 1243.744 1243.916 1244.087 1244.258 1244.43 1244.716 1245.01 1245.304 1245.598 1245.882 1246.151 1246.42 1246.689 1246.958 1247.271 1247.589 1247.908 1248.227 1248.505 1248.7 1248.896 1249.092
