data/zism_data/00492_02_D.txt
ncols         224
nrows         224
[rows 196 to 223 of 224, columns 0 to 62 of 224]
4431.072 4423.875 4416.679 4409.482 4403.967 4398.502 4393.037 4387.572 4382.841 4379.036 4375.232 4371.427 4367.623 4364.176 4360.763 4357.35 4353.938 4350.882 4348.399 4345.916 4343.434 4340.951 4340.52 4340.436 4340.353 4340.27 4341.165 4344.081 4346.998 4349.915 4352.832 4356.891 4361.24 4365.59 4369.94 4374.493 4379.602 4384.71 4389.819 4394.928 4402.744 4411.517 4420.289 4429.061 4437.975 4447.42 4456.867 4466.313 4475.758 4481.607 4485.773 4489.94 4494.105 4497.572 4497.14 4496.707 4496.275 4495.842 4495.45 4495.083 4494.714 4494.346 4493.979
4434.008 4426.254 4418.501 4410.748 4405.181 4399.679 4394.177 4388.675 4383.979 4380.3 4376.621 4372.941 4369.263 4365.942 4362.655 4359.369 4356.083 4353.106 4350.628 4348.15 4345.672 4343.194 4342.878 4342.928 4342.979 4343.028 4344.033 4347.009 4349.985 4352.961 4355.937 4359.842 4363.983 4368.125 4372.267 4376.634 4381.619 4386.604 4391.588 4396.572 4404.364 4413.147 4421.93 4430.713 4439.594 4448.844 4458.093 4467.343 4476.593 4482.278 4486.296 4490.313 4494.331 4497.661 4497.163 4496.664 4496.166 4495.667 4495.219 4494.799 4494.379 4493.96 4493.542
4436.941 4428.626 4420.313 4411.998 4406.383 4400.849 4395.315 4389.782 4385.124 4381.573 4378.022 4374.472 4370.921 4367.728 4364.57 4361.412 4358.253 4355.356 4352.878 4350.4 4347.922 4345.444 4345.238 4345.416 4345.594 4345.772 4346.882 4349.917 4352.952 4355.987 4359.021 4362.773 4366.706 4370.639 4374.572 4378.754 4383.616 4388.478 4393.339 4398.201 4405.961 4414.744 4423.527 4432.31 4441.148 4450.195 4459.241 4468.288 4477.335 4482.865 4486.749 4490.633 4494.516 4497.724 4497.167 4496.61 4496.053 4495.497 4494.992 4494.519 4494.046 4493.573 4493.104
4439.874 4430.999 4422.124 4413.248 4407.586 4402.02 4396.454 4390.888 4386.27 4382.847 4379.424 4376.001 4372.579 4369.515 4366.484 4363.454 4360.424 4357.606 4355.128 4352.65 4350.172 4347.694 4347.597 4347.904 4348.21 4348.517 4349.732 4352.826 4355.919 4359.013 4362.106 4365.703 4369.428 4373.153 4376.878 4380.875 4385.613 4390.352 4395.091 4399.83 4407.558 4416.341 4425.124 4433.906 4442.702 4451.546 4460.39 4469.233 4478.077 4483.451 4487.202 4490.952 4494.702 4497.788 4497.172 4496.557 4495.941 4495.325 4494.765 4494.239 4493.712 4493.186 4492.666
4442.806 4433.37 4423.935 4414.498 4408.789 4403.191 4397.593 4391.995 4387.415 4384.121 4380.826 4377.531 4374.237 4371.301 4368.399 4365.497 4362.595 4359.856 4357.378 4354.9 4352.422 4349.944 4349.957 4350.392 4350.826 4351.261 4352.582 4355.734 4358.886 4362.039 4365.191 4368.634 4372.15 4375.667 4379.184 4382.995 4387.611 4392.227 4396.843 4401.458 4409.154 4417.938 4426.72 4435.503 4444.256 4452.897 4461.538 4470.178 4478.819 4484.038 4487.654 4491.271 4494.888 4497.852 4497.177 4496.503 4495.828 4495.154 4494.538 4493.958 4493.379 4492.799 4492.227
4446.106 4436.228 4426.35 4416.472 4410.565 4404.776 4398.987 4393.199 4388.555 4385.357 4382.159 4378.961 4375.763 4372.943 4370.16 4367.376 4364.592 4361.939 4359.495 4357.051 4354.606 4352.163 4352.244 4352.753 4353.262 4353.771 4355.139 4358.278 4361.418 4364.558 4367.698 4371.01 4374.365 4377.721 4381.077 4384.751 4389.292 4393.832 4398.373 4402.913 4410.715 4419.669 4428.622 4437.576 4446.415 4454.822 4463.23 4471.639 4480.047 4485.0 4488.336 4491.673 4495.01 4497.73 4497.016 4496.303 4495.589 4494.876 4494.223 4493.605 4492.988 4492.371 4491.762
4450.027 4439.909 4429.791 4419.672 4413.312 4407.064 4400.816 4394.568 4389.687 4386.532 4383.376 4380.221 4377.066 4374.342 4371.66 4368.978 4366.296 4363.74 4361.387 4359.033 4356.68 4354.327 4354.407 4354.9 4355.394 4355.887 4357.2 4360.206 4363.212 4366.218 4369.225 4372.446 4375.721 4378.997 4382.273 4385.889 4390.435 4394.981 4399.527 4404.073 4412.216 4421.629 4431.042 4440.455 4449.597 4457.722 4465.847 4473.972 4482.097 4486.6 4489.407 4492.215 4495.022 4497.293 4496.575 4495.856 4495.137 4494.418 4493.756 4493.128 4492.5 4491.872 4491.253
4453.949 4443.59 4433.232 4422.873 4416.06 4409.352 4402.645 4395.937 4390.818 4387.706 4384.593 4381.481 4378.369 4375.742 4373.161 4370.58 4368.0 4365.541 4363.278 4361.016 4358.753 4356.491 4356.571 4357.048 4357.525 4358.002 4359.261 4362.134 4365.006 4367.879 4370.751 4373.882 4377.077 4380.273 4383.469 4387.028 4391.579 4396.13 4400.682 4405.233 4413.717 4423.589 4433.461 4443.333 4452.779 4460.621 4468.463 4476.305 4484.146 4488.199 4490.478 4492.756 4495.035 4496.857 4496.133 4495.409 4494.685 4493.96 4493.29 4492.651 4492.012 4491.374 4490.743
4457.871 4447.271 4436.672 4426.073 4418.807 4411.64 4404.473 4397.306 4391.95 4388.88 4385.811 4382.741 4379.671 4377.141 4374.661 4372.182 4369.703 4367.342 4365.17 4362.999 4360.827 4358.655 4358.734 4359.196 4359.657 4360.118 4361.322 4364.061 4366.8 4369.54 4372.278 4375.318 4378.433 4381.549 4384.665 4388.166 4392.723 4397.279 4401.836 4406.393 4415.218 4425.549 4435.881 4446.212 4455.961 4463.52 4471.079 4478.638 4486.196 4489.798 4491.548 4493.298 4495.048 4496.421 4495.691 4494.962 4494.232 4493.503 4492.823 4492.174 4491.525 4490.875 4490.233
4461.792 4450.952 4440.113 4429.273 4421.554 4413.928 4406.302 4398.675 4393.082 4390.055 4387.028 4384.001 4380.974 4378.54 4376.162 4373.784 4371.407 4369.143 4367.062 4364.981 4362.9 4360.819 4360.898 4361.343 4361.789 4362.233 4363.383 4365.989 4368.594 4371.2 4373.806 4376.754 4379.789 4382.825 4385.86 4389.305 4393.867 4398.429 4402.991 4407.553 4416.719 4427.51 4438.3 4449.091 4459.144 4466.419 4473.695 4480.97 4488.246 4491.397 4492.619 4493.84 4495.061 4495.985 4495.25 4494.515 4493.78 4493.045 4492.357 4491.697 4491.037 4490.377 4489.724
4465.256 4454.7 4444.145 4433.589 4425.318 4417.116 4408.914 4400.712 4394.746 4391.604 4388.462 4385.319 4382.177 4379.799 4377.494 4375.188 4372.883 4370.701 4368.715 4366.729 4364.743 4362.757 4362.782 4363.149 4363.516 4363.883 4364.936 4367.408 4369.88 4372.352 4374.824 4377.635 4380.532 4383.429 4386.326 4389.673 4394.249 4398.825 4403.4 4407.976 4417.359 4428.439 4439.519 4450.599 4460.839 4467.927 4475.016 4482.104 4489.192 4492.068 4492.973 4493.877 4494.781 4495.434 4494.681 4493.928 4493.176 4492.423 4491.731 4491.078 4490.423 4489.77 4489.126
4468.591 4458.467 4448.345 4438.221 4429.372 4420.561 4411.75 4402.938 4396.563 4393.26 4389.958 4386.655 4383.353 4381.019 4378.778 4376.537 4374.295 4372.189 4370.299 4368.409 4366.52 4364.63 4364.587 4364.858 4365.128 4365.399 4366.344 4368.683 4371.021 4373.359 4375.698 4378.358 4381.1 4383.842 4386.584 4389.823 4394.415 4399.006 4403.598 4408.189 4417.754 4429.075 4440.395 4451.715 4462.112 4469.04 4475.968 4482.896 4489.824 4492.474 4493.122 4493.77 4494.418 4494.85 4494.076 4493.302 4492.528 4491.753 4491.061 4490.417 4489.774 4489.131 4488.502
4471.925 4462.234 4452.544 4442.854 4433.426 4424.005 4414.585 4405.166 4398.378 4394.916 4391.453 4387.99 4384.528 4382.239 4380.062 4377.884 4375.708 4373.678 4371.884 4370.09 4368.296 4366.503 4366.392 4366.566 4366.741 4366.916 4367.752 4369.957 4372.162 4374.367 4376.572 4379.082 4381.668 4384.256 4386.843 4389.972 4394.58 4399.188 4403.795 4408.403 4418.15 4429.71 4441.271 4452.832 4463.385 4470.152 4476.92 4483.688 4490.456 4492.88 4493.271 4493.663 4494.055 4494.266 4493.471 4492.675 4491.88 4491.084 4490.39 4489.758 4489.125 4488.492 4487.879
4475.26 4466.001 4456.744 4447.486 4437.479 4427.45 4417.421 4407.392 4400.195 4396.572 4392.949 4389.326 4385.703 4383.458 4381.345 4379.232 4377.12 4375.166 4373.468 4371.771 4370.073 4368.376 4368.197 4368.275 4368.354 4368.432 4369.16 4371.231 4373.303 4375.374 4377.446 4379.805 4382.237 4384.669 4387.102 4390.122 4394.745 4399.369 4403.993 4408.616 4418.545 4430.346 4442.147 4453.948 4464.658 4471.265 4477.872 4484.479 4491.087 4493.286 4493.421 4493.556 4493.691 4493.682 4492.865 4492.048 4491.232 4490.415 4489.72 4489.098 4488.476 4487.854 4487.255
4478.074 4469.198 4460.322 4451.446 4440.988 4430.483 4419.978 4409.473 4401.941 4398.162 4394.382 4390.603 4386.824 4384.63 4382.587 4380.544 4378.501 4376.626 4375.022 4373.417 4371.813 4370.209 4369.971 4369.965 4369.959 4369.954 4370.584 4372.532 4374.48 4376.428 4378.376 4380.594 4382.882 4385.169 4387.456 4390.368 4394.985 4399.602 4404.219 4408.836 4418.886 4430.853 4442.819 4454.787 4465.602 4472.09 4478.578 4485.065 4491.553 4493.564 4493.479 4493.395 4493.311 4493.111 4492.268 4491.425 4490.582 4489.739 4489.036 4488.419 4487.802 4487.184 4486.596
4478.604 4469.889 4461.173 4452.458 4442.108 4431.71 4421.312 4410.913 4403.379 4399.461 4395.543 4391.625 4387.707 4385.588 4383.642 4381.695 4379.748 4377.963 4376.439 4374.915 4373.391 4371.867 4371.613 4371.575 4371.537 4371.499 4372.083 4373.95 4375.818 4377.686 4379.553 4381.675 4383.86 4386.046 4388.232 4391.041 4395.551 4400.062 4404.571 4409.082 4418.985 4430.792 4442.598 4454.405 4465.106 4471.653 4478.199 4484.746 4491.292 4493.282 4493.139 4492.996 4492.853 4492.596 4491.705 4490.813 4489.922 4489.031 4488.297 4487.659 4487.02 4486.381 4485.777
4479.135 4470.58 4462.024 4453.469 4443.228 4432.937 4422.645 4412.354 4404.818 4400.761 4396.704 4392.647 4388.59 4386.547 4384.697 4382.846 4380.995 4379.301 4377.856 4376.413 4374.968 4373.524 4373.255 4373.185 4373.115 4373.045 4373.581 4375.368 4377.156 4378.943 4380.731 4382.755 4384.839 4386.923 4389.008 4391.714 4396.117 4400.521 4404.924 4409.327 4419.084 4430.731 4442.377 4454.023 4464.611 4471.216 4477.821 4484.427 4491.032 4493.0 4492.798 4492.596 4492.395 4492.08 4491.141 4490.202 4489.263 4488.323 4487.558 4486.898 4486.238 4485.578 4484.958
4479.666 4471.271 4462.875 4454.48 4444.348 4434.163 4423.979 4413.794 4406.257 4402.061 4397.865 4393.669 4389.473 4387.506 4385.751 4383.997 4382.242 4380.638 4379.274 4377.91 4376.546 4375.182 4374.897 4374.795 4374.693 4374.591 4375.079 4376.786 4378.494 4380.201 4381.908 4383.835 4385.818 4387.801 4389.784 4392.387 4396.683 4400.98 4405.276 4409.573 4419.184 4430.67 4442.156 4453.642 4464.115 4470.779 4477.443 4484.107 4490.771 4492.718 4492.458 4492.197 4491.936 4491.565 4490.578 4489.59 4488.603 4487.616 4486.819 4486.138 4485.456 4484.775 4484.139
4480.196 4471.961 4463.727 4455.492 4445.468 4435.39 4425.313 4415.234 4407.695 4403.36 4399.025 4394.69 4390.356 4388.465 4386.806 4385.148 4383.49 4381.975 4380.691 4379.407 4378.124 4376.84 4376.539 4376.405 4376.271 4376.136 4376.577 4378.204 4379.831 4381.458 4383.085 4384.916 4386.797 4388.678 4390.56 4393.06 4397.25 4401.439 4405.629 4409.818 4419.283 4430.609 4441.935 4453.261 4463.619 4470.342 4477.065 4483.788 4490.511 4492.437 4492.117 4491.797 4491.478 4491.049 4490.014 4488.979 4487.943 4486.908 4486.08 4485.377 4484.674 4483.972 4483.32
4480.282 4472.255 4464.228 4456.201 4446.486 4436.721 4426.956 4417.191 4409.787 4405.364 4400.941 4396.518 4392.095 4390.267 4388.685 4387.104 4385.523 4384.076 4382.843 4381.611 4380.379 4379.147 4378.834 4378.678 4378.521 4378.364 4378.801 4380.465 4382.13 4383.794 4385.458 4387.286 4389.154 4391.022 4392.891 4395.257 4398.982 4402.708 4406.433 4410.157 4419.094 4429.871 4440.646 4451.423 4461.395 4468.344 4475.293 4482.243 4489.193 4491.211 4490.921 4490.632 4490.342 4489.947 4488.961 4487.976 4486.991 4486.005 4485.195 4484.49 4483.785 4483.08 4482.427
4480.062 4472.275 4464.489 4456.702 4447.435 4438.124 4428.813 4419.502 4412.328 4407.852 4403.375 4398.898 4394.422 4392.647 4391.13 4389.613 4388.096 4386.701 4385.5 4384.3 4383.101 4381.9 4381.579 4381.406 4381.233 4381.06 4381.525 4383.307 4385.088 4386.87 4388.652 4390.542 4392.458 4394.375 4396.292 4398.502 4401.517 4404.531 4407.546 4410.561 4418.708 4428.667 4438.625 4448.584 4457.983 4465.274 4472.565 4479.857 4487.148 4489.337 4489.139 4488.94 4488.741 4488.44 4487.573 4486.705 4485.837 4484.969 4484.209 4483.515 4482.821 4482.126 4481.483
4479.842 4472.295 4464.749 4457.203 4448.384 4439.527 4430.67 4421.813 4414.869 4410.339 4405.809 4401.279 4396.749 4395.028 4393.575 4392.123 4390.669 4389.326 4388.158 4386.99 4385.822 4384.653 4384.323 4384.134 4383.945 4383.756 4384.249 4386.148 4388.047 4389.947 4391.846 4393.797 4395.762 4397.727 4399.691 4401.747 4404.051 4406.355 4408.659 4410.963 4418.321 4427.463 4436.604 4445.747 4454.571 4462.204 4469.837 4477.471 4485.104 4487.464 4487.356 4487.248 4487.14 4486.934 4486.184 4485.434 4484.683 4483.933 4483.224 4482.541 4481.857 4481.173 4480.54
4479.622 4472.315 4465.01 4457.704 4449.333 4440.93 4432.527 4424.124 4417.41 4412.826 4408.243 4403.66 4399.076 4397.41 4396.021 4394.631 4393.243 4391.951 4390.815 4389.679 4388.543 4387.407 4387.067 4386.862 4386.657 4386.453 4386.972 4388.989 4391.006 4393.023 4395.04 4397.053 4399.066 4401.079 4403.092 4404.992 4406.585 4408.179 4409.773 4411.367 4417.935 4426.26 4434.583 4442.908 4451.159 4459.134 4467.109 4475.084 4483.06 4485.59 4485.573 4485.556 4485.539 4485.428 4484.795 4484.162 4483.53 4482.897 4482.239 4481.566 4480.893 4480.22 4479.596
4494.137 4490.842 4487.547 4484.253 4478.234 4472.135 4466.035 4459.936 4453.771 4447.527 4441.282 4435.037 4428.792 4424.277 4419.928 4415.578 4411.229 4408.231 4407.403 4406.575 4405.747 4404.919 4405.56 4406.45 4407.34 4408.23 4408.958 4409.352 4409.746 4410.14 4410.534 4410.321 4409.953 4409.585 4409.217 4408.673 4407.648 4406.624 4405.599 4404.574 4407.325 4411.408 4415.491 4419.574 4424.69 4433.69 4442.691 4451.692 4460.694 4467.854 4474.155 4480.455 4486.755 4493.025 4499.127 4505.229 4511.332 4517.434 4524.847 4533.051 4541.256 4549.461 4557.639
4495.572 4492.516 4489.459 4486.403 4480.448 4474.406 4468.365 4462.324 4456.11 4449.68 4443.25 4436.82 4430.39 4425.584 4420.933 4416.281 4411.63 4408.402 4407.458 4406.513 4405.569 4404.625 4405.212 4406.06 4406.908 4407.755 4408.439 4408.786 4409.132 4409.479 4409.825 4409.602 4409.234 4408.866 4408.498 4407.975 4407.03 4406.084 4405.139 4404.194 4406.375 4409.659 4412.942 4416.226 4420.561 4428.848 4437.134 4445.42 4453.707 4460.688 4467.056 4473.425 4479.794 4486.129 4492.273 4498.418 4504.563 4510.707 4518.646 4527.672 4536.697 4545.722 4554.707
4497.008 4494.19 4491.372 4488.553 4482.662 4476.678 4470.695 4464.711 4458.449 4451.833 4445.218 4438.603 4431.988 4426.89 4421.937 4416.984 4412.031 4408.573 4407.512 4406.452 4405.391 4404.33 4404.865 4405.67 4406.475 4407.281 4407.921 4408.219 4408.518 4408.817 4409.116 4408.883 4408.515 4408.147 4407.779 4407.277 4406.412 4405.546 4404.68 4403.814 4405.425 4407.909 4410.394 4412.879 4416.433 4424.004 4431.577 4439.149 4446.721 4453.52 4459.958 4466.396 4472.833 4479.233 4485.42 4491.606 4497.793 4503.98 4512.447 4522.292 4532.138 4541.983 4551.774
4498.444 4495.864 4493.284 4490.703 4484.875 4478.95 4473.025 4467.1 4460.788 4453.987 4447.187 4440.386 4433.585 4428.197 4422.942 4417.688 4412.433 4408.744 4407.567 4406.39 4405.212 4404.035 4404.517 4405.28 4406.043 4406.806 4407.402 4407.653 4407.904 4408.155 4408.406 4408.164 4407.796 4407.428 4407.06 4406.58 4405.793 4405.007 4404.22 4403.434 4404.475 4406.16 4407.846 4409.531 4412.304 4419.161 4426.019 4432.876 4439.734 4446.353 4452.859 4459.366 4465.873 4472.337 4478.566 4484.795 4491.024 4497.253 4506.247 4516.913 4527.579 4538.245 4548.842
4499.758 4497.335 4494.912 4492.489 4486.63 4480.669 4474.708 4468.747 4462.292 4455.216 4448.14 4441.063 4433.987 4428.431 4423.019 4417.607 4412.195 4408.414 4407.245 4406.077 4404.908 4403.74 4404.178 4404.89 4405.601 4406.312 4406.856 4407.058 4407.259 4407.461 4407.663 4407.421 4407.066 4406.712 4406.357 4405.912 4405.216 4404.52 4403.825 4403.129 4403.75 4404.834 4405.92 4407.005 4409.149 4415.277 4421.405 4427.533 4433.661 4439.953 4446.322 4452.691 4459.061 4465.418 4471.71 4478.003 4484.295 4490.588 4499.948 4511.162 4522.376 4533.591 4544.756
