data/zism_data/00491_01_D.txt
ncols         224
nrows         224
[rows 29 to 57 of 224, columns 0 to 65 of 224]
213.8735 211.2667 208.66 206.0532 203.6817 202.8788 202.076 201.2731 200.4703 200.1207 200.0902 200.0597 200.0292 200.0 200.0 200.0 200.0 200.0 200.0 200.0 200.0 200.0 200.0 200.0 200.0 200.0 200.0 200.0 200.0 200.0 200.0 200.0 200.0 200.0 200.0 200.0 200.0 200.0 200.0 200.0 200.0 200.0199 200.0453 200.0708 200.0962 200.1277 200.1786 200.2294 200.2803 200.3312 200.3007 200.2345 200.1684 200.1023 200.0447 200.0345 200.0243 200.0142 200.004 200.0 200.0 200.0 200.0 200.0 200.0 200.0
221.8078 218.0002 214.1927 210.3851 206.8793 205.3849 203.8906 202.3963 200.902 200.248 200.1853 200.1226 200.06 200.0 200.0 200.0 200.0 200.0 200.0 200.0 200.0 200.0 200.0 200.0 200.0 200.0 200.0 200.0 200.0 200.0 200.0 200.0 200.0 200.0 200.0 200.0 200.0 200.0 200.0 200.0 200.0 200.0409 200.0931 200.1454 200.1976 200.2623 200.3668 200.4713 200.5757 200.6802 200.6175 200.4817 200.3459 200.2101 200.0918 200.0709 200.05 200.0291 200.0082 200.0 200.0 200.0 200.0 200.0 200.0 200.0
229.7421 224.7337 219.7254 214.717 210.0768 207.8911 205.7053 203.5195 201.3337 200.3752 200.2804 200.1856 200.0907 200.0 200.0 200.0 200.0 200.0 200.0 200.0 200.0 200.0 200.0 200.0 200.0 200.0 200.0 200.0 200.0 200.0 200.0 200.0 200.0 200.0 200.0 200.0 200.0 200.0 200.0 200.0 200.0 200.0619 200.1409 200.22 200.299 200.3969 200.555 200.7131 200.8711 201.0292 200.9344 200.7289 200.5234 200.3179 200.1388 200.1072 200.0756 200.044 200.0124 200.0 200.0 200.0 200.0 200.0 200.0 200.0
237.6764 231.4673 225.2581 219.0489 213.2744 210.3972 207.5199 204.6427 201.7655 200.5025 200.3755 200.2485 200.1215 200.0 200.0 200.0 200.0 200.0 200.0 200.0 200.0 200.0 200.0 200.0 200.0 200.0 200.0 200.0 200.0 200.0 200.0 200.0 200.0 200.0 200.0 200.0 200.0 200.0 200.0 200.0 200.0 200.0828 200.1887 200.2945 200.4004 200.5315 200.7432 200.9549 201.1665 201.3782 201.2512 200.976 200.7009 200.4257 200.1859 200.1436 200.1012 200.0589 200.0166 200.0 200.0 200.0 200.0 200.0 200.0 200.0
245.6057 238.6354 231.6651 224.6948 218.1714 214.6276 211.0838 207.5399 203.9961 202.2673 201.8157 201.3641 200.9125 200.4763 200.3767 200.2772 200.1776 200.078 200.0438 200.0749 200.106 200.1372 200.1683 200.1399 200.1087 200.0777 200.0465 200.0257 200.0195 200.0133 200.007 200.0008 200.0 200.0 200.0 200.0 200.021 200.0853 200.1496 200.2138 200.2781 200.443 200.6358 200.8286 201.0214 201.1988 201.3272 201.4556 201.584 201.7124 201.5173 201.1807 200.8441 200.5076 200.2148 200.1659 200.117 200.0681 200.0191 200.0 200.0 200.0 200.0 200.0 200.0 200.0
253.527 246.4923 239.4577 232.423 225.7619 221.5909 217.4199 213.2488 209.0778 206.6274 205.3878 204.1482 202.9086 201.7074 201.3505 200.9936 200.6367 200.2798 200.1571 200.2686 200.3802 200.4917 200.6032 200.5014 200.3899 200.2784 200.1668 200.0921 200.0698 200.0475 200.0252 200.0029 200.0 200.0 200.0 200.0 200.0751 200.3056 200.5361 200.7666 200.9971 201.3407 201.7158 202.0908 202.4659 202.7102 202.5384 202.3665 202.1947 202.0229 201.7029 201.3181 200.9333 200.5485 200.2148 200.1659 200.117 200.0681 200.0191 200.0 200.0 200.0 200.0 200.0 200.0 200.0
261.4482 254.3492 247.2503 240.1512 233.3524 228.5541 223.756 218.9577 214.1595 210.9875 208.9599 206.9323 204.9046 202.9385 202.3242 201.71 201.0958 200.4816 200.2704 200.4624 200.6543 200.8462 201.0382 200.8629 200.671 200.479 200.2871 200.1586 200.1202 200.0818 200.0434 200.005 200.0 200.0 200.0 200.0 200.1293 200.526 200.9227 201.3193 201.716 202.2384 202.7957 203.3531 203.9104 204.2216 203.7495 203.2775 202.8055 202.3335 201.8886 201.4555 201.0224 200.5894 200.2148 200.1659 200.117 200.0681 200.0191 200.0 200.0 200.0 200.0 200.0 200.0 200.0
269.3695 262.2061 255.0428 247.8795 240.9429 235.5174 230.092 224.6666 219.2412 215.3476 212.532 209.7163 206.9007 204.1696 203.298 202.4265 201.5549 200.6833 200.3837 200.6561 200.9284 201.2008 201.4731 201.2245 200.9521 200.6797 200.4074 200.225 200.1705 200.1161 200.0616 200.0071 200.0 200.0 200.0 200.0 200.1835 200.7464 201.3092 201.8721 202.4349 203.1361 203.8757 204.6153 205.3549 205.733 204.9607 204.1885 203.4163 202.6441 202.0742 201.5929 201.1116 200.6303 200.2148 200.1659 200.117 200.0681 200.0191 200.0 200.0 200.0 200.0 200.0 200.0 200.0
277.2907 270.063 262.8354 255.6077 248.5333 242.4807 236.4281 230.3755 224.3229 219.7077 216.104 212.5004 208.8967 205.4007 204.2718 203.1429 202.014 200.8851 200.497 200.8498 201.2025 201.5553 201.9081 201.586 201.2332 200.8805 200.5277 200.2915 200.2209 200.1503 200.0798 200.0092 200.0 200.0 200.0 200.0 200.2377 200.9668 201.6958 202.4249 203.1539 204.0338 204.9557 205.8775 206.7994 207.2444 206.1719 205.0995 204.0271 202.9546 202.2598 201.7303 201.2007 200.6712 200.2148 200.1659 200.117 200.0681 200.0191 200.0 200.0 200.0 200.0 200.0 200.0 200.0
282.4927 275.9656 269.4386 262.9115 256.4891 250.7643 245.0396 239.3148 233.5901 228.4921 223.8352 219.1783 214.5214 209.99 208.2191 206.4482 204.6773 202.9064 202.5957 203.7451 204.8946 206.044 207.1935 206.6007 205.9288 205.2569 204.585 203.9082 203.2247 202.5411 201.8575 201.174 201.5 201.9776 202.4551 202.9326 203.7294 205.1862 206.6429 208.0996 209.5563 210.3288 210.9111 211.4935 212.0758 212.0036 209.8484 207.6932 205.538 203.3828 202.3372 201.7771 201.217 200.6569 200.1759 200.1359 200.0958 200.0557 200.0157 200.0 200.0 200.0 200.0 200.0 200.0 200.0
287.1171 281.4531 275.7892 270.1251 264.5225 259.3283 254.1343 248.9402 243.7461 238.216 232.4496 226.6832 220.9167 215.2925 212.7979 210.3034 207.8088 205.3142 205.116 207.2143 209.3125 211.4107 213.509 212.6037 211.562 210.5202 209.4784 208.279 206.8557 205.4323 204.009 202.5857 203.3187 204.3751 205.4316 206.4881 207.9512 210.2549 212.5585 214.8622 217.1658 217.77 217.902 218.0341 218.1661 217.4525 214.0484 210.6443 207.2401 203.836 202.3917 201.8048 201.2178 200.6309 200.1289 200.0995 200.0702 200.0408 200.0115 200.0 200.0 200.0 200.0 200.0 200.0 200.0
291.7415 286.9406 282.1397 277.3388 272.5558 267.8924 263.229 258.5656 253.9022 247.94 241.064 234.188 227.312 220.595 217.3768 214.1585 210.9402 207.722 207.6364 210.6834 213.7304 216.7774 219.8245 218.6067 217.1951 215.7835 214.3718 212.6498 210.4867 208.3236 206.1605 203.9973 205.1373 206.7727 208.4081 210.0435 212.173 215.3236 218.4742 221.6248 224.7753 225.2112 224.8929 224.5747 224.2564 222.9015 218.2484 213.5954 208.9423 204.2892 202.4461 201.8324 201.2187 200.6049 200.0818 200.0632 200.0445 200.0259 200.0073 200.0 200.0 200.0 200.0 200.0 200.0 200.0
296.366 292.4281 288.4903 284.5524 280.5892 276.4564 272.3237 268.1909 264.0582 257.664 249.6784 241.6929 233.7073 225.8975 221.9556 218.0137 214.0717 210.1298 210.1567 214.1525 218.1483 222.1441 226.14 224.6097 222.8282 221.0468 219.2653 217.0206 214.1177 211.2148 208.3119 205.409 206.9559 209.1703 211.3846 213.599 216.3948 220.3923 224.3898 228.3874 232.3849 232.6524 231.8838 231.1152 230.3467 228.3505 222.4485 216.5465 210.6444 204.7424 202.5005 201.86 201.2195 200.579 200.0347 200.0268 200.0189 200.011 200.0031 200.0 200.0 200.0 200.0 200.0 200.0 200.0
300.0249 296.9135 293.8021 290.6907 287.5455 284.1744 280.8033 277.4323 274.0612 267.6537 259.1092 250.5649 242.0205 233.6432 228.9409 224.2387 219.5365 214.8342 214.842 219.5598 224.2777 228.9955 233.7133 232.1099 230.2192 228.3285 226.4377 223.8274 220.1947 216.5618 212.929 209.2962 211.075 213.6654 216.2559 218.8463 222.0514 226.5269 231.0023 235.4777 239.9531 239.8211 238.4092 236.9973 235.5854 232.8709 226.0115 219.1521 212.2926 205.4333 202.8353 202.1018 201.3683 200.6347 200.0124 200.0096 200.0067 200.0039 200.0011 200.0 200.0 200.0 200.0 200.0 200.0 200.0
300.9754 298.5877 296.2 293.8123 291.4802 289.5189 287.5576 285.5963 283.635 278.3886 270.8305 263.2724 255.7143 248.2429 242.6776 237.1124 231.5471 225.9818 225.601 230.4046 235.2083 240.0119 244.8155 243.8106 242.5417 241.2728 240.0039 237.4685 233.1334 228.7984 224.4633 220.1282 221.6476 224.0452 226.4427 228.8403 231.7336 235.6516 239.5696 243.4876 247.4055 246.2252 243.6286 241.032 238.4354 234.7861 227.7873 220.7885 213.7897 206.7909 203.9566 202.9443 201.932 200.9198 200.0594 200.0459 200.0324 200.0188 200.0053 200.0 200.0 200.0 200.0 200.0 200.0 200.0
301.9258 300.2618 298.5978 296.9338 295.4149 294.8634 294.3118 293.7603 293.2087 289.1236 282.5518 275.98 269.4082 262.8427 256.4143 249.986 243.5577 237.1294 236.36 241.2494 246.1389 251.0283 255.9178 255.5114 254.8642 254.2171 253.57 251.1095 246.0722 241.0349 235.9976 230.9603 232.2203 234.425 236.6296 238.8342 241.4158 244.7764 248.1369 251.4975 254.858 252.6293 248.8479 245.0666 241.2853 236.7013 229.5631 222.4249 215.2867 208.1485 205.0779 203.7869 202.4958 201.2048 200.1065 200.0823 200.058 200.0338 200.0095 200.0 200.0 200.0 200.0 200.0 200.0 200.0
302.8763 301.936 300.9957 300.0554 299.3496 300.2079 301.0661 301.9243 302.7825 299.8585 294.273 288.6875 283.102 277.4424 270.151 262.8597 255.5683 248.277 247.1189 252.0942 257.0695 262.0447 267.02 267.2121 267.1868 267.1614 267.1361 264.7505 259.011 253.2714 247.5319 241.7923 242.793 244.8047 246.8165 248.8282 251.098 253.9011 256.7042 259.5073 262.3104 259.0334 254.0673 249.1013 244.1353 238.6165 231.3389 224.0613 216.7837 209.5061 206.1992 204.6294 203.0596 201.4899 200.1536 200.1186 200.0836 200.0487 200.0137 200.0 200.0 200.0 200.0 200.0 200.0 200.0
303.8268 303.6101 303.3935 303.1769 303.2844 305.5523 307.8203 310.0883 312.3562 310.5935 305.9943 301.3951 296.7959 292.0421 283.8877 275.7333 267.5789 259.4246 257.8779 262.9389 268.0 273.0611 278.1222 278.9128 279.5093 280.1058 280.7023 278.3916 271.9498 265.5079 259.0661 252.6243 253.3656 255.1845 257.0033 258.8221 260.7802 263.0258 265.2715 267.5172 269.7629 265.4374 259.2867 253.136 246.9852 240.5317 233.1147 225.6977 218.2807 210.8638 207.3205 205.472 203.6234 201.7749 200.2007 200.155 200.1093 200.0636 200.0179 200.0 200.0 200.0 200.0 200.0 200.0 200.0
303.6099 303.6512 303.6925 303.7338 304.1994 307.4941 310.7887 314.0833 317.378 317.3017 314.8534 312.405 309.9566 307.2415 298.6559 290.0706 281.485 272.8996 270.2525 273.5437 276.8349 280.1261 283.4173 283.9927 284.4447 284.8967 285.3487 282.8633 276.2038 269.5442 262.8847 256.2252 255.5454 255.7627 255.9799 256.1971 256.8671 258.4726 260.0781 261.6837 263.2892 259.1557 253.428 247.7004 241.9727 236.0521 229.5174 222.9828 216.4482 209.9136 206.7402 205.0374 203.3346 201.6318 200.1818 200.1404 200.099 200.0576 200.0162 200.0 200.0 200.0 200.0 200.0 200.0 200.0
302.8946 302.9949 303.0952 303.1954 303.8249 307.9827 312.1404 316.2981 320.4558 322.2904 322.4902 322.6899 322.8897 322.6968 313.8648 305.0328 296.2007 287.3687 283.3171 284.0459 284.7747 285.5035 286.2324 286.2451 286.2254 286.2056 286.1859 283.4191 276.7488 270.0785 263.4083 256.7379 254.141 252.155 250.169 248.183 247.148 248.078 249.0081 249.9382 250.8683 247.4564 242.8384 238.2205 233.6025 228.8415 223.6256 218.4097 213.1937 207.9778 205.4332 204.0574 202.6816 201.3058 200.1347 200.104 200.0734 200.0427 200.012 200.0 200.0 200.0 200.0 200.0 200.0 200.0
302.1793 302.3386 302.4978 302.6571 303.4504 308.4712 313.492 318.5128 323.5336 327.279 330.127 332.9749 335.8228 338.1522 329.0736 319.995 310.9163 301.8377 296.3816 294.5481 292.7145 290.881 289.0475 288.4976 288.0061 287.5146 287.023 283.9749 277.2939 270.6128 263.9318 257.2507 252.7365 248.5473 244.3582 240.169 237.4289 237.6835 237.9381 238.1927 238.4474 235.7571 232.2488 228.7405 225.2322 221.631 217.7337 213.8365 209.9393 206.042 204.1263 203.0775 202.0287 200.9799 200.0876 200.0677 200.0477 200.0278 200.0078 200.0 200.0 200.0 200.0 200.0 200.0 200.0
301.464 301.6823 301.9005 302.1187 303.0759 308.9598 314.8436 320.7275 326.6114 332.2676 337.7638 343.2598 348.756 353.6076 344.2824 334.9572 325.632 316.3068 309.4462 305.0503 300.6544 296.2585 291.8625 290.7501 289.7868 288.8235 287.8602 284.5308 277.839 271.1471 264.4553 257.7635 251.332 244.9396 238.5473 232.1549 227.7098 227.2889 226.8681 226.4473 226.0264 224.0578 221.6592 219.2606 216.862 214.4204 211.8419 209.2633 206.6848 204.1063 202.8194 202.0975 201.3757 200.6539 200.0406 200.0313 200.0221 200.0128 200.0036 200.0 200.0 200.0 200.0 200.0 200.0 200.0
300.7234 300.9731 301.2228 301.4725 302.5414 309.0721 315.6026 322.1332 328.6637 335.9783 343.8445 351.7106 359.5768 366.6972 357.4116 348.1261 338.8405 329.555 321.5439 314.8072 308.0704 301.3338 294.597 292.8057 291.239 289.6724 288.1058 284.3957 277.6396 270.8834 264.1273 257.3712 249.3453 241.1288 232.9125 224.6961 218.8551 217.9231 216.9911 216.0591 215.1272 213.8454 212.4666 211.0877 209.7088 208.306 206.8268 205.3476 203.8684 202.3893 201.6422 201.2154 200.7886 200.3618 200.0 200.0 200.0 200.0 200.0 200.0 200.0 200.0 200.0 200.0 200.0 200.0
299.8258 299.9361 300.0464 300.1567 301.0135 306.8473 312.681 318.5147 324.3484 331.7527 340.262 348.7713 357.2806 365.0953 357.6269 350.1587 342.6903 335.2221 327.6371 319.9356 312.234 304.5325 296.831 293.6389 290.6518 287.6647 284.6776 279.9699 272.8171 265.6643 258.5115 251.3587 243.7425 236.0567 228.3711 220.6853 215.368 214.9452 214.5225 214.0997 213.677 212.8667 211.9489 211.031 210.1131 208.9982 207.2564 205.5145 203.7727 202.0308 201.2709 200.9406 200.6103 200.28 200.0 200.0 200.0 200.0 200.0 200.0 200.0 200.0 200.0 200.0 200.0 200.0
298.9282 298.8991 298.8701 298.841 299.4857 304.6226 309.7594 314.8963 320.0332 327.527 336.6796 345.832 354.9845 363.4934 357.8423 352.1913 346.5402 340.8892 333.7304 325.0641 316.3976 307.7313 299.0649 294.4722 290.0646 285.657 281.2494 275.5441 267.9946 260.4451 252.8957 245.3462 238.1397 230.9846 223.8297 216.6746 211.8809 211.9674 212.0539 212.1403 212.2268 211.8881 211.4312 210.9743 210.5175 209.6905 207.686 205.6815 203.6769 201.6724 200.8997 200.6659 200.4321 200.1982 200.0 200.0 200.0 200.0 200.0 200.0 200.0 200.0 200.0 200.0 200.0 200.0
298.0306 297.8621 297.6937 297.5252 297.9578 302.3979 306.8378 311.2779 315.7179 323.3014 333.0971 342.8927 352.6884 361.8915 358.0576 354.2238 350.39 346.5562 339.8237 330.1925 320.5612 310.9301 301.2988 295.3054 289.4774 283.6493 277.8213 271.1183 263.1722 255.226 247.2799 239.3337 232.5369 225.9126 219.2882 212.6638 208.3939 208.9896 209.5853 210.181 210.7766 210.9094 210.9135 210.9176 210.9218 210.3828 208.1156 205.8484 203.5812 201.314 200.5284 200.3911 200.2538 200.1164 200.0 200.0 200.0 200.0 200.0 200.0 200.0 200.0 200.0 200.0 200.0 200.0
297.133 296.8251 296.5173 296.2094 296.4299 300.1731 303.9163 307.6594 311.4026 319.0758 329.5147 339.9535 350.3923 360.2896 358.273 356.2564 354.2399 352.2233 345.917 335.321 324.7249 314.1288 303.5327 296.1387 288.8901 281.6416 274.3931 266.6925 258.3497 250.0068 241.664 233.3212 226.9342 220.8405 214.7468 208.6531 204.9068 206.0117 207.1166 208.2216 209.3265 209.9307 210.3958 210.8609 211.3261 211.075 208.5451 206.0153 203.4854 200.9556 200.1572 200.1163 200.0755 200.0346 200.0 200.0 200.0 200.0 200.0 200.0 200.0 200.0 200.0 200.0 200.0 200.0
297.2216 296.6538 296.086 295.5182 295.4359 298.5903 301.7448 304.8993 308.0538 315.0033 324.6232 334.2431 343.8631 353.0265 352.1471 351.2678 350.3884 349.509 344.1373 334.2734 324.4095 314.5456 304.6817 297.2203 289.868 282.5158 275.1636 267.5077 259.4205 251.3332 243.246 235.1587 229.2638 223.6977 218.1316 212.5654 209.2923 210.7581 212.2239 213.6897 215.1555 215.703 215.9954 216.2878 216.5803 216.0138 212.7143 209.4148 206.1153 202.8159 201.7536 201.6702 201.5867 201.5033 201.4762 201.7637 202.0512 202.3387 202.6262 202.8403 203.0072 203.1741 203.341 203.4523 202.7661 202.0799
298.0341 297.1179 296.2016 295.2853 294.8336 297.4789 300.1241 302.7694 305.4147 311.0432 318.771 326.4987 334.2266 341.6079 341.3664 341.1249 340.8835 340.642 336.5782 328.6922 320.8062 312.9202 305.0341 298.4841 291.9949 285.5056 279.0164 272.1703 264.8175 257.4646 250.1118 242.7589 237.4165 232.3756 227.3348 222.294 219.457 221.1747 222.8925 224.6102 226.3279 226.431 226.0855 225.74 225.3946 224.0697 219.6285 215.1873 210.7461 206.305 204.7946 204.5664 204.3382 204.11 204.0361 204.8221 205.6081 206.3941 207.1802 207.7655 208.2218 208.6782 209.1345 209.4387 207.5626 205.6865
