data/zism_data/00498_02_D.txt
ncols         224
nrows         224
[rows 112 to 139 of 224, columns 126 to 188 of 224]
1203.166 1203.503 1203.839 1204.176 1204.555 1204.986 1205.417 1205.849 1206.28 1206.679 1207.075 1207.472 1207.868 1208.269 1208.679 1209.089 1209.499 1209.909 1210.54 1211.214 1211.886 1212.559 1213.199 1213.764 1214.328 1214.893 1215.458 1216.031 1216.607 1217.184 1217.76 1218.324 1218.848 1219.372 1219.896 1220.42 1220.878 1221.307 1221.736 1222.166 1222.637 1223.329 1224.021 1224.714 1225.406 1226.125 1226.859 1227.594 1228.329 1229.064 1229.799 1230.533 1231.268 1232.003 1232.738 1233.473 1234.208 1234.943 1235.681 1236.636 1237.591 1238.546 1239.502
1203.62 1203.965 1204.31 1204.656 1205.041 1205.475 1205.909 1206.344 1206.778 1207.155 1207.527 1207.899 1208.271 1208.666 1209.1 1209.534 1209.968 1210.401 1211.034 1211.705 1212.375 1213.046 1213.677 1214.221 1214.764 1215.307 1215.851 1216.411 1216.977 1217.542 1218.108 1218.658 1219.16 1219.661 1220.162 1220.663 1221.113 1221.54 1221.968 1222.395 1222.862 1223.534 1224.207 1224.88 1225.552 1226.261 1226.991 1227.722 1228.452 1229.182 1229.906 1230.63 1231.354 1232.078 1232.799 1233.519 1234.238 1234.958 1235.681 1236.636 1237.591 1238.546 1239.502
1204.042 1204.392 1204.743 1205.093 1205.474 1205.892 1206.311 1206.729 1207.147 1207.532 1207.915 1208.298 1208.68 1209.098 1209.576 1210.053 1210.53 1211.007 1211.615 1212.248 1212.88 1213.513 1214.122 1214.676 1215.23 1215.784 1216.338 1216.905 1217.476 1218.047 1218.618 1219.165 1219.634 1220.103 1220.572 1221.041 1221.499 1221.954 1222.408 1222.862 1223.346 1223.987 1224.627 1225.267 1225.908 1226.597 1227.317 1228.036 1228.756 1229.474 1230.171 1230.868 1231.564 1232.261 1232.95 1233.631 1234.313 1234.995 1235.681 1236.636 1237.591 1238.546 1239.502
1204.464 1204.82 1205.175 1205.531 1205.908 1206.31 1206.712 1207.114 1207.516 1207.91 1208.303 1208.697 1209.09 1209.531 1210.051 1210.572 1211.092 1211.612 1212.195 1212.79 1213.385 1213.98 1214.566 1215.131 1215.696 1216.26 1216.825 1217.399 1217.975 1218.552 1219.128 1219.672 1220.109 1220.545 1220.981 1221.418 1221.885 1222.367 1222.848 1223.329 1223.831 1224.439 1225.047 1225.655 1226.263 1226.933 1227.642 1228.351 1229.06 1229.765 1230.435 1231.105 1231.775 1232.445 1233.1 1233.744 1234.388 1235.032 1235.681 1236.636 1237.591 1238.546 1239.502
1204.885 1205.247 1205.608 1205.969 1206.342 1206.727 1207.113 1207.499 1207.885 1208.287 1208.691 1209.095 1209.5 1209.964 1210.527 1211.091 1211.654 1212.218 1212.776 1213.333 1213.89 1214.447 1215.01 1215.586 1216.161 1216.737 1217.313 1217.893 1218.475 1219.057 1219.638 1220.179 1220.583 1220.987 1221.391 1221.795 1222.272 1222.78 1223.288 1223.797 1224.316 1224.891 1225.467 1226.042 1226.618 1227.27 1227.968 1228.666 1229.364 1230.057 1230.7 1231.343 1231.986 1232.628 1233.251 1233.857 1234.463 1235.069 1235.681 1236.636 1237.591 1238.546 1239.502
1205.307 1205.674 1206.041 1206.407 1206.775 1207.145 1207.514 1207.884 1208.253 1208.664 1209.079 1209.494 1209.909 1210.396 1211.003 1211.61 1212.217 1212.823 1213.357 1213.876 1214.395 1214.915 1215.454 1216.041 1216.627 1217.214 1217.8 1218.387 1218.974 1219.561 1220.149 1220.686 1221.057 1221.429 1221.801 1222.172 1222.658 1223.193 1223.729 1224.264 1224.801 1225.344 1225.887 1226.43 1226.973 1227.606 1228.293 1228.98 1229.668 1230.349 1230.964 1231.58 1232.196 1232.812 1233.402 1233.97 1234.538 1235.107 1235.681 1236.636 1237.591 1238.546 1239.502
1205.682 1206.049 1206.417 1206.784 1207.151 1207.519 1207.886 1208.254 1208.621 1209.024 1209.431 1209.839 1210.245 1210.733 1211.355 1211.977 1212.599 1213.22 1213.752 1214.266 1214.781 1215.295 1215.832 1216.42 1217.007 1217.595 1218.183 1218.749 1219.309 1219.869 1220.429 1220.95 1221.346 1221.741 1222.137 1222.532 1223.054 1223.63 1224.207 1224.783 1225.353 1225.887 1226.421 1226.955 1227.49 1228.098 1228.751 1229.404 1230.057 1230.702 1231.267 1231.833 1232.398 1232.964 1233.538 1234.12 1234.703 1235.285 1235.872 1236.785 1237.698 1238.611 1239.524
1206.049 1206.416 1206.784 1207.151 1207.519 1207.886 1208.254 1208.621 1208.988 1209.382 1209.778 1210.174 1210.571 1211.056 1211.688 1212.321 1212.953 1213.586 1214.119 1214.634 1215.148 1215.662 1216.199 1216.787 1217.375 1217.963 1218.551 1219.092 1219.619 1220.146 1220.674 1221.178 1221.606 1222.034 1222.462 1222.89 1223.451 1224.071 1224.691 1225.31 1225.915 1226.444 1226.973 1227.502 1228.031 1228.613 1229.228 1229.843 1230.459 1231.065 1231.576 1232.088 1232.599 1233.11 1233.673 1234.276 1234.88 1235.484 1236.091 1236.956 1237.82 1238.685 1239.549
1206.416 1206.784 1207.151 1207.519 1207.886 1208.254 1208.621 1208.988 1209.356 1209.74 1210.125 1210.51 1210.896 1211.378 1212.022 1212.665 1213.308 1213.952 1214.487 1215.001 1215.516 1216.03 1216.567 1217.154 1217.742 1218.33 1218.918 1219.434 1219.929 1220.424 1220.919 1221.406 1221.866 1222.327 1222.787 1223.248 1223.849 1224.512 1225.174 1225.837 1226.478 1227.001 1227.525 1228.048 1228.571 1229.128 1229.706 1230.283 1230.86 1231.427 1231.885 1232.342 1232.8 1233.257 1233.807 1234.432 1235.058 1235.683 1236.311 1237.127 1237.943 1238.759 1239.574
1206.784 1207.151 1207.519 1207.886 1208.254 1208.621 1208.988 1209.356 1209.723 1210.097 1210.472 1210.846 1211.221 1211.701 1212.355 1213.009 1213.663 1214.318 1214.854 1215.369 1215.883 1216.397 1216.934 1217.522 1218.11 1218.698 1219.285 1219.777 1220.24 1220.702 1221.165 1221.634 1222.127 1222.62 1223.112 1223.605 1224.246 1224.952 1225.658 1226.364 1227.04 1227.558 1228.076 1228.594 1229.112 1229.644 1230.183 1230.723 1231.262 1231.79 1232.193 1232.597 1233.0 1233.404 1233.941 1234.588 1235.235 1235.882 1236.531 1237.298 1238.065 1238.833 1239.6
1207.053 1207.421 1207.788 1208.156 1208.523 1208.89 1209.258 1209.625 1209.993 1210.37 1210.748 1211.126 1211.504 1211.989 1212.648 1213.308 1213.967 1214.627 1215.166 1215.682 1216.198 1216.714 1217.252 1217.838 1218.424 1219.01 1219.596 1220.076 1220.524 1220.972 1221.421 1221.885 1222.405 1222.925 1223.445 1223.964 1224.634 1225.368 1226.103 1226.838 1227.538 1228.052 1228.567 1229.081 1229.595 1230.11 1230.624 1231.138 1231.653 1232.155 1232.53 1232.904 1233.279 1233.653 1234.179 1234.828 1235.477 1236.125 1236.775 1237.499 1238.223 1238.947 1239.671
1207.127 1207.494 1207.862 1208.229 1208.596 1208.964 1209.331 1209.699 1210.066 1210.473 1210.883 1211.294 1211.705 1212.207 1212.861 1213.515 1214.17 1214.824 1215.366 1215.888 1216.41 1216.931 1217.471 1218.051 1218.632 1219.213 1219.793 1220.289 1220.758 1221.228 1221.698 1222.183 1222.719 1223.255 1223.791 1224.327 1225.001 1225.736 1226.471 1227.205 1227.905 1228.42 1228.934 1229.448 1229.963 1230.477 1230.992 1231.506 1232.02 1232.524 1232.921 1233.317 1233.713 1234.109 1234.624 1235.235 1235.846 1236.457 1237.069 1237.76 1238.452 1239.143 1239.835
1207.2 1207.568 1207.935 1208.302 1208.67 1209.037 1209.405 1209.772 1210.14 1210.576 1211.019 1211.462 1211.905 1212.425 1213.074 1213.723 1214.372 1215.021 1215.567 1216.094 1216.621 1217.148 1217.689 1218.265 1218.84 1219.415 1219.99 1220.501 1220.993 1221.484 1221.975 1222.481 1223.033 1223.585 1224.137 1224.689 1225.368 1226.103 1226.838 1227.573 1228.273 1228.787 1229.301 1229.816 1230.33 1230.845 1231.359 1231.873 1232.388 1232.894 1233.311 1233.729 1234.147 1234.565 1235.068 1235.641 1236.214 1236.788 1237.362 1238.021 1238.681 1239.34 1239.999
1207.274 1207.641 1208.009 1208.376 1208.743 1209.111 1209.478 1209.846 1210.213 1210.679 1211.154 1211.63 1212.105 1212.644 1213.287 1213.931 1214.574 1215.217 1215.767 1216.3 1216.832 1217.365 1217.908 1218.478 1219.048 1219.618 1220.188 1220.714 1221.227 1221.74 1222.252 1222.778 1223.347 1223.915 1224.483 1225.052 1225.736 1226.471 1227.205 1227.94 1228.64 1229.154 1229.669 1230.183 1230.698 1231.212 1231.726 1232.241 1232.755 1233.263 1233.702 1234.142 1234.581 1235.021 1235.513 1236.048 1236.583 1237.119 1237.656 1238.282 1238.909 1239.536 1240.163
1207.347 1207.715 1208.082 1208.449 1208.817 1209.184 1209.552 1209.919 1210.286 1210.782 1211.29 1211.798 1212.305 1212.862 1213.5 1214.138 1214.776 1215.414 1215.968 1216.506 1217.043 1217.581 1218.127 1218.692 1219.256 1219.82 1220.385 1220.926 1221.461 1221.995 1222.53 1223.076 1223.661 1224.245 1224.83 1225.414 1226.103 1226.838 1227.573 1228.308 1229.007 1229.522 1230.036 1230.551 1231.065 1231.579 1232.094 1232.608 1233.122 1233.632 1234.093 1234.554 1235.015 1235.476 1235.957 1236.455 1236.952 1237.45 1237.949 1238.543 1239.138 1239.732 1240.327
1207.073 1207.445 1207.817 1208.189 1208.562 1208.938 1209.314 1209.69 1210.066 1210.592 1211.132 1211.673 1212.213 1212.801 1213.468 1214.135 1214.802 1215.469 1216.024 1216.559 1217.094 1217.628 1218.173 1218.74 1219.308 1219.876 1220.443 1221.005 1221.566 1222.126 1222.687 1223.259 1223.873 1224.487 1225.1 1225.714 1226.4 1227.118 1227.835 1228.553 1229.24 1229.763 1230.286 1230.809 1231.332 1231.854 1232.377 1232.901 1233.423 1233.944 1234.44 1234.935 1235.431 1235.926 1236.411 1236.888 1237.365 1237.842 1238.321 1238.904 1239.488 1240.072 1240.655
1206.711 1207.089 1207.466 1207.843 1208.224 1208.611 1208.998 1209.385 1209.771 1210.328 1210.901 1211.473 1212.046 1212.668 1213.373 1214.078 1214.782 1215.487 1216.044 1216.574 1217.103 1217.632 1218.174 1218.747 1219.321 1219.894 1220.467 1221.051 1221.638 1222.226 1222.813 1223.414 1224.06 1224.706 1225.352 1225.998 1226.679 1227.375 1228.071 1228.767 1229.437 1229.971 1230.505 1231.039 1231.572 1232.106 1232.64 1233.174 1233.708 1234.241 1234.775 1235.308 1235.841 1236.375 1236.868 1237.329 1237.789 1238.25 1238.713 1239.291 1239.869 1240.447 1241.025
1206.349 1206.732 1207.114 1207.497 1207.886 1208.284 1208.681 1209.079 1209.477 1210.064 1210.669 1211.274 1211.879 1212.535 1213.278 1214.021 1214.763 1215.506 1216.064 1216.588 1217.112 1217.636 1218.176 1218.755 1219.333 1219.911 1220.49 1221.096 1221.71 1222.325 1222.939 1223.568 1224.247 1224.925 1225.604 1226.282 1226.958 1227.632 1228.307 1228.981 1229.635 1230.18 1230.724 1231.269 1231.813 1232.358 1232.902 1233.447 1233.992 1234.538 1235.11 1235.681 1236.252 1236.823 1237.324 1237.769 1238.214 1238.658 1239.104 1239.677 1240.25 1240.823 1241.396
1205.987 1206.375 1206.763 1207.151 1207.548 1207.956 1208.365 1208.773 1209.182 1209.799 1210.437 1211.074 1211.711 1212.403 1213.183 1213.964 1214.744 1215.524 1216.084 1216.603 1217.121 1217.639 1218.178 1218.762 1219.345 1219.929 1220.513 1221.141 1221.783 1222.424 1223.065 1223.723 1224.434 1225.145 1225.856 1226.566 1227.237 1227.89 1228.542 1229.195 1229.833 1230.388 1230.943 1231.499 1232.054 1232.609 1233.165 1233.72 1234.276 1234.836 1235.445 1236.053 1236.662 1237.271 1237.781 1238.209 1238.638 1239.066 1239.496 1240.064 1240.631 1241.198 1241.766
1205.626 1206.021 1206.416 1206.811 1207.223 1207.658 1208.093 1208.527 1208.962 1209.596 1210.249 1210.902 1211.555 1212.269 1213.086 1213.903 1214.72 1215.536 1216.099 1216.614 1217.128 1217.642 1218.179 1218.767 1219.355 1219.943 1220.53 1221.175 1221.836 1222.497 1223.159 1223.837 1224.572 1225.307 1226.042 1226.776 1227.447 1228.089 1228.732 1229.374 1230.004 1230.564 1231.125 1231.685 1232.246 1232.807 1233.367 1233.928 1234.488 1235.056 1235.698 1236.341 1236.983 1237.626 1238.154 1238.589 1239.023 1239.458 1239.895 1240.455 1241.016 1241.576 1242.137
1205.27 1205.675 1206.081 1206.486 1206.937 1207.441 1207.946 1208.451 1208.956 1209.567 1210.187 1210.807 1211.428 1212.135 1212.984 1213.833 1214.682 1215.531 1216.099 1216.614 1217.128 1217.642 1218.179 1218.767 1219.355 1219.943 1220.53 1221.175 1221.836 1222.497 1223.159 1223.837 1224.572 1225.307 1226.042 1226.776 1227.462 1228.126 1228.79 1229.454 1230.1 1230.65 1231.2 1231.749 1232.299 1232.849 1233.399 1233.948 1234.498 1235.058 1235.722 1236.386 1237.05 1237.714 1238.291 1238.795 1239.3 1239.805 1240.311 1240.861 1241.41 1241.96 1242.51
1204.913 1205.329 1205.746 1206.162 1206.65 1207.225 1207.8 1208.375 1208.95 1209.537 1210.125 1210.713 1211.301 1212.0 1212.881 1213.763 1214.645 1215.526 1216.099 1216.614 1217.128 1217.642 1218.179 1218.767 1219.355 1219.943 1220.53 1221.175 1221.836 1222.497 1223.159 1223.837 1224.572 1225.307 1226.042 1226.776 1227.477 1228.163 1228.848 1229.534 1230.196 1230.735 1231.274 1231.813 1232.352 1232.891 1233.43 1233.969 1234.508 1235.06 1235.745 1236.431 1237.117 1237.802 1238.427 1239.002 1239.577 1240.152 1240.727 1241.266 1241.805 1242.344 1242.883
1204.556 1204.983 1205.41 1205.838 1206.363 1207.008 1207.653 1208.299 1208.944 1209.507 1210.063 1210.619 1211.174 1211.865 1212.779 1213.693 1214.607 1215.521 1216.099 1216.614 1217.128 1217.642 1218.179 1218.767 1219.355 1219.943 1220.53 1221.175 1221.836 1222.497 1223.159 1223.837 1224.572 1225.307 1226.042 1226.776 1227.492 1228.199 1228.906 1229.614 1230.292 1230.821 1231.349 1231.877 1232.405 1232.933 1233.462 1233.99 1234.518 1235.062 1235.769 1236.476 1237.183 1237.891 1238.564 1239.209 1239.854 1240.5 1241.143 1241.672 1242.2 1242.728 1243.256
1204.199 1204.637 1205.075 1205.513 1206.076 1206.791 1207.507 1208.222 1208.938 1209.478 1210.001 1210.524 1211.048 1211.73 1212.677 1213.623 1214.569 1215.516 1216.099 1216.614 1217.128 1217.642 1218.179 1218.767 1219.355 1219.943 1220.53 1221.175 1221.836 1222.497 1223.159 1223.837 1224.572 1225.307 1226.042 1226.776 1227.507 1228.236 1228.965 1229.694 1230.389 1230.906 1231.424 1231.941 1232.458 1232.976 1233.493 1234.01 1234.528 1235.063 1235.792 1236.521 1237.25 1237.979 1238.7 1239.416 1240.131 1240.847 1241.56 1242.077 1242.594 1243.112 1243.629
1203.866 1204.338 1204.81 1205.282 1205.874 1206.613 1207.352 1208.091 1208.829 1209.385 1209.922 1210.46 1210.998 1211.693 1212.649 1213.604 1214.559 1215.514 1216.099 1216.614 1217.128 1217.642 1218.179 1218.767 1219.355 1219.943 1220.53 1221.169 1221.822 1222.476 1223.129 1223.798 1224.517 1225.236 1225.955 1226.675 1227.399 1228.126 1228.853 1229.58 1230.275 1230.797 1231.319 1231.841 1232.363 1232.895 1233.433 1233.971 1234.509 1235.064 1235.799 1236.533 1237.268 1238.003 1238.725 1239.436 1240.148 1240.859 1241.568 1242.106 1242.644 1243.182 1243.719
1203.541 1204.056 1204.572 1205.087 1205.705 1206.449 1207.194 1207.938 1208.682 1209.267 1209.837 1210.408 1210.978 1211.693 1212.649 1213.604 1214.559 1215.514 1216.099 1216.614 1217.128 1217.642 1218.179 1218.767 1219.355 1219.943 1220.53 1221.16 1221.803 1222.446 1223.089 1223.744 1224.442 1225.139 1225.837 1226.534 1227.245 1227.961 1228.677 1229.393 1230.08 1230.613 1231.146 1231.679 1232.212 1232.769 1233.339 1233.909 1234.479 1235.064 1235.799 1236.533 1237.268 1238.003 1238.707 1239.386 1240.065 1240.744 1241.422 1241.992 1242.562 1243.132 1243.703
1203.216 1203.775 1204.333 1204.892 1205.536 1206.286 1207.035 1207.785 1208.534 1209.15 1209.752 1210.355 1210.958 1211.693 1212.649 1213.604 1214.559 1215.514 1216.099 1216.614 1217.128 1217.642 1218.179 1218.767 1219.355 1219.943 1220.53 1221.152 1221.784 1222.416 1223.048 1223.69 1224.366 1225.042 1225.718 1226.394 1227.09 1227.796 1228.501 1229.206 1229.886 1230.43 1230.974 1231.518 1232.061 1232.642 1233.245 1233.847 1234.45 1235.064 1235.799 1236.533 1237.268 1238.003 1238.689 1239.336 1239.983 1240.629 1241.275 1241.878 1242.48 1243.083 1243.686
1202.891 1203.493 1204.095 1204.697 1205.367 1206.122 1206.877 1207.632 1208.387 1209.032 1209.667 1210.302 1210.938 1211.693 1212.649 1213.604 1214.559 1215.514 1216.099 1216.614 1217.128 1217.642 1218.179 1218.767 1219.355 1219.943 1220.53 1221.144 1221.765 1222.386 1223.007 1223.636 1224.29 1224.945 1225.599 1226.254 1226.936 1227.63 1228.325 1229.02 1229.692 1230.246 1230.801 1231.356 1231.91 1232.515 1233.15 1233.785 1234.42 1235.064 1235.799 1236.533 1237.268 1238.003 1238.672 1239.286 1239.9 1240.514 1241.129 1241.764 1242.399 1243.034 1243.669
