data/zism_data/00493_02_D.txt
ncols         224
nrows         224
[rows 28 to 55 of 224, columns 126 to 188 of 224]
1591.424 1609.672 1627.92 1646.168 1664.404 1682.228 1700.052 1717.875 1735.698 1749.45 1758.76 1768.07 1777.38 1786.69 1788.799 1790.347 1791.894 1793.441 1792.87 1788.795 1784.721 1780.646 1776.571 1772.907 1769.328 1765.75 1762.171 1760.582 1764.229 1767.876 1771.522 1775.169 1778.817 1782.466 1786.115 1789.764 1793.761 1799.413 1805.064 1810.716 1816.368 1821.396 1826.048 1830.7 1835.353 1839.77 1841.187 1842.604 1844.022 1845.439 1844.716 1842.032 1839.348 1836.664 1833.98 1827.659 1821.23 1814.801 1808.371 1803.158 1799.622 1796.086 1792.549
1590.543 1608.866 1627.189 1645.512 1663.822 1681.677 1699.533 1717.388 1735.244 1749.352 1759.373 1769.393 1779.414 1789.435 1793.321 1796.728 1800.135 1803.542 1804.659 1801.99 1799.32 1796.651 1793.982 1790.994 1787.939 1784.884 1781.83 1780.404 1783.265 1786.126 1788.987 1791.848 1794.482 1797.031 1799.579 1802.127 1805.051 1809.762 1814.473 1819.184 1823.896 1828.66 1833.456 1838.253 1843.049 1847.679 1850.181 1852.683 1855.185 1857.687 1857.65 1855.287 1852.923 1850.56 1848.196 1841.999 1835.687 1829.376 1823.064 1817.546 1813.123 1808.699 1804.276
1589.662 1608.06 1626.458 1644.856 1663.239 1681.126 1699.014 1716.902 1734.79 1749.254 1759.986 1770.717 1781.448 1792.179 1797.842 1803.109 1808.375 1813.642 1816.448 1815.184 1813.92 1812.656 1811.392 1809.081 1806.55 1804.019 1801.488 1800.225 1802.301 1804.376 1806.452 1808.527 1810.148 1811.595 1813.042 1814.49 1816.341 1820.112 1823.883 1827.653 1831.424 1835.924 1840.864 1845.805 1850.746 1855.588 1859.175 1862.761 1866.348 1869.935 1870.584 1868.541 1866.498 1864.456 1862.413 1856.339 1850.145 1843.951 1837.757 1831.934 1826.624 1821.313 1816.003
1588.781 1607.254 1625.727 1644.199 1662.656 1680.576 1698.496 1716.415 1734.335 1749.156 1760.599 1772.04 1783.482 1794.924 1802.363 1809.49 1816.616 1823.742 1828.237 1828.378 1828.519 1828.661 1828.802 1827.168 1825.161 1823.154 1821.146 1820.047 1821.337 1822.627 1823.917 1825.207 1825.813 1826.16 1826.506 1826.853 1827.631 1830.462 1833.292 1836.122 1838.952 1843.187 1848.272 1853.357 1858.442 1863.497 1868.169 1872.84 1877.511 1882.183 1883.518 1881.796 1880.074 1878.351 1876.629 1870.679 1864.602 1858.526 1852.449 1846.322 1840.125 1833.927 1827.73
1585.706 1604.245 1622.784 1641.323 1659.85 1677.966 1696.082 1714.198 1732.314 1747.621 1759.865 1772.108 1784.351 1796.594 1805.808 1814.786 1823.763 1832.741 1838.947 1840.57 1842.192 1843.815 1845.437 1844.556 1843.148 1841.74 1840.332 1839.503 1840.197 1840.891 1841.585 1842.279 1842.054 1841.48 1840.906 1840.332 1840.182 1842.044 1843.906 1845.769 1847.631 1851.46 1856.477 1861.495 1866.512 1871.562 1877.023 1882.484 1887.946 1893.407 1895.317 1893.973 1892.628 1891.283 1889.938 1884.267 1878.468 1872.668 1866.868 1860.611 1853.724 1846.838 1839.952
1573.688 1592.259 1610.83 1629.401 1647.984 1666.966 1685.948 1704.929 1723.911 1740.229 1753.643 1767.056 1780.469 1793.883 1804.867 1815.661 1826.456 1837.25 1845.263 1848.675 1852.088 1855.5 1858.913 1859.094 1858.594 1858.094 1857.595 1857.472 1858.343 1859.213 1860.083 1860.954 1860.642 1859.881 1859.12 1858.359 1857.866 1858.649 1859.432 1860.215 1860.998 1863.841 1867.929 1872.016 1876.104 1880.261 1885.311 1890.361 1895.411 1900.461 1902.492 1901.757 1901.021 1900.285 1899.55 1894.794 1889.919 1885.043 1880.167 1874.496 1867.727 1860.958 1854.189
1561.67 1580.274 1598.877 1617.479 1636.119 1655.966 1675.814 1695.661 1715.508 1732.838 1747.422 1762.005 1776.588 1791.172 1803.926 1816.537 1829.148 1841.76 1851.579 1856.781 1861.984 1867.186 1872.389 1873.631 1874.04 1874.448 1874.857 1875.442 1876.488 1877.535 1878.582 1879.628 1879.23 1878.281 1877.333 1876.385 1875.551 1875.254 1874.958 1874.662 1874.365 1876.222 1879.38 1882.538 1885.696 1888.961 1893.6 1898.238 1902.876 1907.515 1909.667 1909.541 1909.414 1909.287 1909.161 1905.321 1901.37 1897.419 1893.467 1888.381 1881.73 1875.079 1868.427
1549.652 1568.287 1586.922 1605.557 1624.253 1644.966 1665.679 1686.392 1707.105 1725.446 1741.2 1756.953 1772.707 1788.461 1802.984 1817.413 1831.841 1846.269 1857.895 1864.887 1871.88 1878.872 1885.865 1888.169 1889.486 1890.803 1892.12 1893.411 1894.635 1895.858 1897.081 1898.304 1897.818 1896.683 1895.548 1894.413 1893.236 1891.86 1890.484 1889.109 1887.733 1888.604 1890.832 1893.06 1895.288 1897.661 1901.888 1906.115 1910.342 1914.569 1916.842 1917.325 1917.807 1918.29 1918.773 1915.848 1912.821 1909.794 1906.768 1902.267 1895.733 1889.2 1882.666
1537.634 1556.302 1574.969 1593.636 1612.388 1633.966 1655.545 1677.123 1698.702 1718.054 1734.978 1751.902 1768.825 1785.75 1802.043 1818.288 1834.533 1850.778 1864.211 1872.993 1881.776 1890.558 1899.34 1902.706 1904.932 1907.157 1909.383 1911.381 1912.78 1914.18 1915.579 1916.978 1916.406 1915.083 1913.761 1912.439 1910.92 1908.465 1906.01 1903.556 1901.101 1900.985 1902.283 1903.581 1904.88 1906.361 1910.176 1913.992 1917.807 1921.623 1924.017 1925.109 1926.2 1927.292 1928.384 1926.374 1924.272 1922.17 1920.068 1916.152 1909.736 1903.32 1896.904
1527.255 1545.542 1563.828 1582.115 1600.518 1622.831 1645.145 1667.458 1689.772 1709.836 1727.447 1745.058 1762.669 1780.28 1797.394 1814.47 1831.545 1848.621 1863.086 1873.236 1883.386 1893.535 1903.685 1908.236 1911.608 1914.98 1918.352 1921.332 1923.28 1925.228 1927.176 1929.124 1928.854 1927.741 1926.627 1925.514 1924.158 1921.65 1919.142 1916.635 1914.127 1913.694 1914.515 1915.337 1916.158 1917.151 1920.344 1923.537 1926.73 1929.922 1932.113 1933.384 1934.656 1935.927 1937.199 1936.053 1934.835 1933.617 1932.399 1929.124 1923.013 1916.903 1910.792
1517.847 1535.508 1553.17 1570.831 1588.647 1611.617 1634.588 1657.558 1680.529 1701.128 1719.14 1737.151 1755.163 1773.175 1790.546 1807.868 1825.189 1842.51 1857.55 1868.817 1880.083 1891.349 1902.616 1908.424 1913.084 1917.744 1922.404 1926.528 1929.246 1931.964 1934.681 1937.399 1937.662 1936.992 1936.322 1935.652 1934.759 1932.807 1930.855 1928.903 1926.951 1926.597 1927.21 1927.823 1928.436 1929.182 1931.627 1934.072 1936.516 1938.961 1940.755 1941.951 1943.148 1944.345 1945.541 1945.229 1944.871 1944.513 1944.155 1941.555 1935.861 1930.167 1924.473
1508.439 1525.475 1542.511 1559.547 1576.775 1600.403 1624.031 1647.658 1671.287 1692.42 1710.833 1729.245 1747.657 1766.07 1783.698 1801.266 1818.833 1836.4 1852.013 1864.397 1876.78 1889.163 1901.546 1908.613 1914.56 1920.508 1926.455 1931.725 1935.212 1938.699 1942.186 1945.673 1946.469 1946.243 1946.017 1945.79 1945.36 1943.964 1942.568 1941.171 1939.775 1939.501 1939.905 1940.31 1940.715 1941.213 1942.91 1944.606 1946.303 1948.0 1949.396 1950.518 1951.64 1952.762 1953.884 1954.404 1954.907 1955.409 1955.912 1953.985 1948.708 1943.431 1938.153
1499.031 1515.442 1531.853 1548.264 1564.904 1589.188 1613.474 1637.759 1662.044 1683.712 1702.526 1721.339 1740.151 1758.965 1776.85 1794.664 1812.476 1830.289 1846.477 1859.977 1873.477 1886.977 1900.477 1908.801 1916.036 1923.271 1930.507 1936.922 1941.178 1945.434 1949.691 1953.948 1955.277 1955.494 1955.711 1955.928 1955.962 1955.121 1954.28 1953.439 1952.599 1952.404 1952.6 1952.797 1952.993 1953.244 1954.192 1955.141 1956.089 1957.038 1958.038 1959.085 1960.132 1961.179 1962.226 1963.58 1964.943 1966.306 1967.669 1966.416 1961.555 1956.695 1951.834
1490.537 1506.327 1522.117 1537.908 1553.959 1578.73 1603.503 1628.275 1653.048 1675.135 1694.293 1713.45 1732.608 1751.766 1769.89 1787.933 1805.976 1824.02 1840.763 1855.357 1869.951 1884.544 1899.138 1908.724 1917.255 1925.786 1934.318 1941.89 1946.939 1951.988 1957.037 1962.086 1963.967 1964.642 1965.318 1965.994 1966.503 1966.218 1965.933 1965.648 1965.363 1965.255 1965.255 1965.254 1965.254 1965.268 1965.474 1965.68 1965.885 1966.091 1966.7 1967.679 1968.657 1969.635 1970.614 1972.742 1974.904 1977.067 1979.229 1978.601 1974.125 1969.649 1965.172
1496.783 1512.023 1527.263 1542.503 1557.954 1580.471 1602.989 1625.506 1648.023 1668.665 1687.262 1705.859 1724.455 1743.053 1761.116 1779.138 1797.159 1815.181 1832.185 1847.506 1862.826 1878.147 1893.468 1904.362 1914.326 1924.289 1934.253 1943.183 1949.398 1955.612 1961.825 1968.04 1970.752 1972.133 1973.514 1974.896 1976.084 1976.354 1976.625 1976.896 1977.167 1977.262 1977.25 1977.239 1977.228 1977.185 1976.733 1976.282 1975.83 1975.379 1975.69 1976.701 1977.711 1978.722 1979.732 1981.685 1983.666 1985.646 1987.627 1986.835 1982.22 1977.605 1972.99
1503.03 1517.72 1532.409 1547.098 1561.949 1582.211 1602.474 1622.736 1642.999 1662.196 1680.232 1698.267 1716.303 1734.339 1752.342 1770.342 1788.342 1806.343 1823.607 1839.655 1855.702 1871.749 1887.797 1900.001 1911.397 1922.792 1934.187 1944.477 1951.856 1959.235 1966.614 1973.993 1977.537 1979.624 1981.71 1983.797 1985.664 1986.491 1987.317 1988.144 1988.97 1989.268 1989.246 1989.224 1989.202 1989.101 1987.993 1986.884 1985.775 1984.667 1984.68 1985.723 1986.765 1987.808 1988.85 1990.628 1992.427 1994.225 1996.025 1995.069 1990.315 1985.561 1980.807
1509.276 1523.416 1537.554 1551.693 1565.945 1583.952 1601.959 1619.967 1637.974 1655.727 1673.202 1690.676 1708.15 1725.625 1743.567 1761.547 1779.525 1797.505 1815.029 1831.804 1848.578 1865.352 1882.126 1895.64 1908.467 1921.295 1934.122 1945.77 1954.314 1962.858 1971.402 1979.946 1984.322 1987.114 1989.906 1992.698 1995.245 1996.627 1998.01 1999.392 2000.774 2001.274 2001.242 2001.209 2001.176 2001.018 1999.252 1997.486 1995.72 1993.954 1993.67 1994.745 1995.82 1996.894 1997.969 1999.57 2001.188 2002.805 2004.422 2003.303 1998.41 1993.517 1988.624
1515.523 1529.112 1542.7 1556.288 1569.94 1585.692 1601.445 1617.197 1632.95 1649.257 1666.171 1683.084 1699.998 1716.911 1734.793 1752.751 1770.708 1788.667 1806.452 1823.953 1841.453 1858.954 1876.455 1891.278 1905.538 1919.797 1934.057 1947.063 1956.772 1966.481 1976.19 1985.899 1991.107 1994.605 1998.102 2001.599 2004.826 2006.764 2008.702 2010.64 2012.578 2013.281 2013.237 2013.194 2013.151 2012.935 2010.512 2008.088 2005.665 2003.242 2002.66 2003.767 2004.874 2005.98 2007.087 2008.513 2009.949 2011.384 2012.82 2011.537 2006.505 2001.473 1996.441
1525.472 1538.375 1551.277 1564.179 1577.111 1591.05 1604.99 1618.928 1632.868 1647.751 1663.665 1679.578 1695.491 1711.405 1728.753 1746.214 1763.675 1781.136 1798.656 1816.278 1833.899 1851.52 1869.142 1884.638 1899.687 1914.735 1929.784 1943.752 1954.874 1965.996 1977.118 1988.24 1994.663 1999.299 2003.936 2008.572 2012.915 2015.864 2018.812 2021.76 2024.709 2025.959 2026.182 2026.405 2026.627 2026.653 2024.158 2021.663 2019.168 2016.673 2015.835 2016.517 2017.198 2017.88 2018.561 2018.763 2018.951 2019.138 2019.326 2017.012 2011.248 2005.484 1999.72
1539.29 1551.365 1563.438 1575.512 1587.601 1600.188 1612.776 1625.363 1637.95 1651.431 1665.886 1680.34 1694.795 1709.25 1725.57 1742.037 1758.504 1774.971 1791.679 1808.787 1825.896 1843.004 1860.112 1875.616 1890.783 1905.949 1921.115 1935.628 1948.423 1961.218 1974.012 1986.807 1994.844 2001.073 2007.302 2013.531 2019.447 2023.881 2028.315 2032.749 2037.183 2039.339 2040.117 2040.896 2041.675 2042.255 2040.3 2038.345 2036.389 2034.434 2033.383 2033.161 2032.94 2032.718 2032.497 2030.379 2028.205 2026.031 2023.856 2019.605 2012.489 2005.373 1998.257
1553.108 1564.354 1575.599 1586.845 1598.091 1609.326 1620.562 1631.797 1643.033 1655.11 1668.106 1681.102 1694.098 1707.094 1722.387 1737.86 1753.333 1768.806 1784.701 1801.297 1817.892 1834.487 1851.083 1866.595 1881.879 1897.162 1912.446 1927.505 1941.973 1956.44 1970.907 1985.374 1995.025 2002.847 2010.667 2018.489 2025.979 2031.898 2037.818 2043.737 2049.656 2052.718 2054.053 2055.387 2056.722 2057.857 2056.441 2055.025 2053.61 2052.194 2050.93 2049.805 2048.681 2047.556 2046.432 2041.995 2037.458 2032.922 2028.386 2022.198 2013.73 2005.262 1996.794
1566.926 1577.343 1587.761 1598.178 1608.58 1618.464 1628.348 1638.231 1648.115 1658.789 1670.327 1681.864 1693.401 1704.939 1719.204 1733.683 1748.162 1762.641 1777.724 1793.807 1809.889 1825.971 1842.054 1857.573 1872.975 1888.376 1903.777 1919.382 1935.522 1951.661 1967.801 1983.941 1995.207 2004.62 2014.033 2023.447 2032.511 2039.916 2047.32 2054.725 2062.13 2066.098 2067.988 2069.878 2071.769 2073.458 2072.582 2071.706 2070.83 2069.954 2068.477 2066.45 2064.422 2062.395 2060.367 2053.61 2046.712 2039.814 2032.916 2024.791 2014.971 2005.151 1995.331
1580.743 1590.333 1599.922 1609.511 1619.07 1627.601 1636.133 1644.665 1653.197 1662.469 1672.548 1682.626 1692.705 1702.783 1716.021 1729.506 1742.991 1756.476 1770.746 1786.316 1801.885 1817.455 1833.024 1848.552 1864.071 1879.589 1895.109 1911.259 1929.071 1946.883 1964.695 1982.508 1995.388 2006.394 2017.399 2028.405 2039.042 2047.933 2056.823 2065.713 2074.603 2079.477 2081.923 2084.369 2086.815 2089.06 2088.723 2088.387 2088.051 2087.714 2086.024 2083.094 2080.163 2077.233 2074.302 2065.226 2055.966 2046.706 2037.446 2027.383 2016.212 2005.04 1993.869
1589.028 1598.197 1607.366 1616.534 1625.679 1633.999 1642.319 1650.639 1658.959 1667.609 1676.617 1685.625 1694.633 1703.641 1715.529 1727.641 1739.754 1751.867 1764.829 1779.198 1793.566 1807.935 1822.303 1837.41 1852.674 1867.936 1883.199 1899.181 1917.054 1934.927 1952.799 1970.672 1983.993 1995.583 2007.174 2018.764 2030.079 2040.086 2050.093 2060.1 2070.107 2076.787 2081.455 2086.122 2090.79 2095.243 2096.95 2098.657 2100.365 2102.072 2101.27 2098.169 2095.067 2091.966 2088.865 2078.945 2068.823 2058.7 2048.577 2037.852 2026.297 2014.742 2003.187
1596.829 1605.614 1614.398 1623.182 1631.949 1640.157 1648.365 1656.573 1664.781 1672.876 1680.848 1688.819 1696.791 1704.762 1715.271 1725.978 1736.685 1747.393 1759.004 1772.112 1785.219 1798.327 1811.435 1826.084 1841.059 1856.033 1871.007 1886.758 1904.551 1922.343 1940.136 1957.929 1971.587 1983.675 1995.762 2007.849 2019.763 2030.855 2041.947 2053.038 2064.13 2072.693 2079.729 2086.763 2093.799 2100.605 2104.487 2108.368 2112.25 2116.132 2116.315 2113.106 2109.898 2106.69 2103.482 2092.848 2081.994 2071.139 2060.284 2049.009 2037.154 2025.3 2013.445
1604.631 1613.03 1621.43 1629.829 1638.22 1646.315 1654.411 1662.507 1670.603 1678.143 1685.078 1692.013 1698.948 1705.883 1715.013 1724.315 1733.617 1742.919 1753.18 1765.026 1776.873 1788.719 1800.566 1814.758 1829.444 1844.129 1858.815 1874.335 1892.047 1909.76 1927.472 1945.185 1959.181 1971.766 1984.35 1996.934 2009.448 2021.624 2033.8 2045.976 2058.153 2068.6 2078.002 2087.405 2096.807 2105.967 2112.023 2118.079 2124.136 2130.192 2131.359 2128.044 2124.729 2121.414 2118.099 2106.751 2095.165 2083.578 2071.991 2060.166 2048.012 2035.858 2023.704
1612.432 1620.447 1628.462 1636.476 1644.49 1652.474 1660.457 1668.441 1676.424 1683.411 1689.309 1695.207 1701.106 1707.004 1714.756 1722.652 1730.549 1738.445 1747.355 1757.941 1768.526 1779.111 1789.697 1803.431 1817.829 1832.226 1846.624 1861.911 1879.544 1897.176 1914.809 1932.441 1946.776 1959.857 1972.938 1986.02 1999.132 2012.393 2025.654 2038.914 2052.176 2064.507 2076.276 2088.046 2099.815 2111.328 2119.559 2127.79 2136.021 2144.253 2146.404 2142.982 2139.56 2136.138 2132.716 2120.655 2108.336 2096.017 2083.698 2071.323 2058.869 2046.417 2033.964
1614.735 1622.299 1629.863 1637.428 1645.0 1652.84 1660.679 1668.519 1676.358 1682.984 1688.286 1693.588 1698.889 1704.191 1711.084 1718.101 1725.118 1732.135 1740.104 1749.648 1759.192 1768.735 1778.279 1791.465 1805.419 1819.372 1833.325 1848.274 1865.841 1883.408 1900.975 1918.543 1933.391 1947.205 1961.019 1974.833 1988.754 2003.184 2017.614 2032.043 2046.473 2060.375 2073.958 2087.54 2101.122 2114.43 2124.228 2134.025 2143.823 2153.62 2156.785 2153.87 2150.955 2148.041 2145.126 2133.176 2120.956 2108.736 2096.516 2084.218 2071.812 2059.407 2047.001
