data/zism_data/00491_04_D.txt
ncols         224
nrows         224
[rows 28 to 55 of 224, columns 130 to 194 of 224]
107.8049 109.983 112.8631 115.7431 118.6233 121.0463 121.5899 122.1335 122.6771 123.2207 122.4387 120.9496 119.4605 117.9715 116.3077 113.2116 110.1156 107.0194 103.9234 102.604 102.6512 102.6984 102.7456 102.9208 108.8593 114.7975 120.7357 126.6741 133.8804 142.4698 151.0596 159.6491 168.2389 164.8005 160.5232 156.2458 151.9685 150.3374 152.8232 155.3088 157.7946 160.2802 167.539 175.6549 183.7705 191.8864 195.9397 190.708 185.4761 180.2444 175.0127 168.0876 160.6305 153.1731 145.716 138.9601 134.7285 130.4971 126.2655 122.034 119.4334 117.6219 115.8104 113.9989 112.1852
112.8923 116.227 120.4542 124.6813 128.9087 132.4464 133.1496 133.8528 134.556 135.2593 134.0194 131.7432 129.4671 127.1909 124.6565 120.005 115.3535 110.7018 106.0504 103.9272 103.7491 103.5711 103.393 103.3512 109.4473 115.5432 121.6391 127.7352 134.4723 141.9087 149.3454 156.7819 164.2186 160.0001 154.9686 149.9369 144.9054 142.8438 145.4022 147.9606 150.519 153.0773 160.6869 169.2034 177.7195 186.236 190.3257 184.2977 178.2695 172.2415 166.2135 159.23 151.9464 144.6626 137.3791 130.9165 127.4093 123.9022 120.3951 116.888 114.766 113.3142 111.8624 110.4106 109.0232
118.606 123.2067 128.9026 134.5984 140.2945 145.0461 145.9155 146.7849 147.6543 148.5237 146.7752 143.6306 140.486 137.3414 133.8471 127.4857 121.1243 114.7626 108.4012 105.3832 104.937 104.4909 104.0448 103.7404 109.815 115.8894 121.9639 128.0385 134.0337 139.9424 145.8514 151.7602 157.6691 152.8449 147.2721 141.699 136.1262 133.821 136.5992 139.3773 142.1556 144.9337 152.8766 161.7469 170.6168 179.4871 183.6074 176.8719 170.1362 163.4007 156.6651 149.802 142.8991 135.9959 129.0929 123.1076 120.426 117.7444 115.0627 112.3811 110.8715 109.9289 108.9864 108.0438 107.2152
124.3197 130.1864 137.351 144.5155 151.6803 157.6458 158.6814 159.7169 160.7525 161.7881 159.5311 155.5179 151.5049 147.492 143.0377 134.9664 126.895 118.8234 110.7521 106.8391 106.1249 105.4108 104.6966 104.1296 110.1827 116.2357 122.2886 128.3417 133.5951 137.9762 142.3574 146.7384 151.1197 145.6898 139.5756 133.4611 127.3469 124.7982 127.7962 130.7941 133.7922 136.7901 145.0664 154.2904 163.5141 172.7381 176.8892 169.4462 162.0029 154.5598 147.1168 140.374 133.8517 127.3291 120.8068 115.2988 113.4427 111.5866 109.7304 107.8743 106.977 106.5436 106.1103 105.677 105.4073
130.0334 137.1661 145.7994 154.4326 163.0662 170.2455 171.4473 172.649 173.8507 175.0524 172.2869 167.4053 162.5239 157.6425 152.2283 142.447 132.6658 122.8842 113.103 108.295 107.3128 106.3307 105.3485 104.5188 110.5504 116.5819 122.6133 128.645 133.1565 136.0099 138.8633 141.7167 144.5702 138.5346 131.8791 125.2232 118.5677 115.7754 118.9932 122.2109 125.4288 128.6465 137.2561 146.8339 156.4114 165.9892 170.171 162.0204 153.8696 145.719 137.5684 130.9461 124.8043 118.6624 112.5207 107.49 106.4594 105.4287 104.398 103.3674 103.0825 103.1584 103.2343 103.3102 103.5994
135.3766 143.3968 153.0013 162.6058 172.2106 180.1932 181.5077 182.8222 184.1367 185.4512 182.2869 176.7337 171.1807 165.6277 159.4657 148.3118 137.1579 126.0036 114.8497 109.3123 108.0957 106.8791 105.6624 104.5968 110.3277 116.0585 121.7892 127.5201 131.2769 132.8803 134.4838 136.0872 137.6906 131.5668 124.9039 118.2408 111.5779 108.7765 111.9821 115.1877 118.3933 121.5988 130.0292 139.3977 148.7658 158.1343 162.1349 153.8674 145.5995 137.3319 129.0643 123.024 117.6841 112.344 107.0041 102.8013 102.6922 102.5832 102.4741 102.3651 102.6632 103.1583 103.6534 104.1485 104.9131
139.7884 147.7453 157.071 166.3968 175.7229 183.477 184.7701 186.0631 187.3561 188.6492 185.362 179.632 173.9021 168.1722 161.7954 150.1162 138.437 126.7573 115.0781 109.2275 107.8608 106.4941 105.1273 103.8931 108.6216 113.3499 118.0782 122.8066 125.7763 126.8277 127.879 128.9303 129.9817 125.0695 119.7413 114.413 109.0848 106.863 109.4736 112.0841 114.6947 117.3052 124.268 132.0123 139.7563 147.5006 150.7874 143.8867 136.9857 130.0849 123.1842 118.8862 115.4064 111.9265 108.4467 105.9525 107.0066 108.0607 109.1148 110.1689 110.9764 111.6644 112.3525 113.0406 114.0709
144.2003 152.0938 161.1408 170.1878 179.2351 186.7608 188.0325 189.304 190.5756 191.8472 188.4372 182.5302 176.6234 170.7167 164.1251 151.9205 139.716 127.5111 115.3065 109.1427 107.6259 106.1091 104.5923 103.1894 106.9154 110.6413 114.3671 118.0931 120.2758 120.775 121.2742 121.7735 122.2727 118.5722 114.5787 110.5852 106.5917 104.9495 106.9651 108.9805 110.9961 113.0116 118.5069 124.6269 130.7468 136.8669 139.4399 133.906 128.3719 122.838 117.3041 114.7483 113.1286 111.5089 109.8893 109.1037 111.321 113.5382 115.7556 117.9728 119.2895 120.1706 121.0516 121.9326 123.2287
148.6122 156.4423 165.2105 173.9788 182.7473 190.0447 191.2948 192.545 193.7951 195.0452 191.5124 185.4285 179.3448 173.2611 166.4547 153.7249 140.9951 128.2648 115.535 109.0579 107.391 105.7241 104.0572 102.4857 105.2092 107.9327 110.6561 113.3796 114.7752 114.7224 114.6695 114.6166 114.5637 112.0749 109.4162 106.7573 104.0986 103.036 104.4565 105.877 107.2975 108.7179 112.7457 117.2416 121.7373 126.2332 128.0924 123.9253 119.7581 115.591 111.424 110.6104 110.8509 111.0914 111.3319 112.2549 115.6354 119.0158 122.3963 125.7766 127.6027 128.6767 129.7507 130.8247 132.3864
153.0241 160.7908 169.2803 177.7698 186.2596 193.3285 194.5572 195.7859 197.0145 198.2432 194.5876 188.3268 182.0662 175.8056 168.7844 155.5293 142.2741 129.0185 115.7634 108.9731 107.1561 105.3391 103.5221 101.782 103.5031 105.2241 106.9451 108.6661 109.2747 108.6697 108.0647 107.4597 106.8548 105.5776 104.2536 102.9295 101.6055 101.1226 101.948 102.7734 103.5989 104.4243 106.9845 109.8562 112.7278 115.5995 116.7449 113.9447 111.1443 108.3441 105.5439 106.4725 108.5731 110.6738 112.7745 115.4061 119.9498 124.4933 129.037 133.5805 135.9159 137.1829 138.4498 139.7168 141.5442
151.6955 159.5839 168.2556 176.9274 185.5994 192.8478 194.2449 195.6419 197.0389 198.436 194.5063 187.7354 180.9648 174.1941 166.7412 153.6968 140.6523 127.6074 114.563 107.948 106.2792 104.6105 102.9416 101.3355 102.5499 103.7643 104.9787 106.1931 106.5216 105.8835 105.2455 104.6075 103.9694 103.1774 102.3747 101.572 100.7692 100.4981 101.0539 101.6096 102.1655 102.7212 104.5333 106.571 108.6086 110.6463 111.4436 109.406 107.3683 105.3307 103.2931 105.2389 108.4365 111.6343 114.832 118.6121 124.4895 130.3666 136.244 142.1211 144.9275 146.248 147.5685 148.889 150.6512
148.1637 156.2448 165.2757 174.3065 183.3377 190.9222 192.5605 194.1988 195.837 197.4753 193.2134 185.8046 178.3961 170.9875 163.0196 150.4683 137.9171 125.3654 112.8141 106.5621 105.156 103.7498 102.3437 100.9877 101.8858 102.7839 103.682 104.5801 104.823 104.3511 103.8793 103.4074 102.9356 102.3499 101.7562 101.1625 100.5689 100.3683 100.7794 101.1904 101.6014 102.0125 103.3526 104.8596 106.3665 107.8734 108.463 106.9561 105.4492 103.9423 102.4354 105.1199 109.1218 113.1237 117.1255 121.8391 129.1156 136.3919 143.6684 150.9446 154.2072 155.5278 156.8483 158.1688 159.7387
144.6318 152.9057 162.2957 171.6857 181.076 188.9966 190.8761 192.7556 194.6351 196.5146 191.9206 183.8738 175.8273 167.7809 159.298 147.2399 135.1818 123.1233 111.0652 105.1761 104.0327 102.8892 101.7458 100.6398 101.2216 101.8034 102.3852 102.967 103.1244 102.8187 102.513 102.2074 101.9017 101.5223 101.1377 100.7531 100.3685 100.2386 100.5049 100.7712 101.0374 101.3037 102.1719 103.1481 104.1243 105.1005 105.4825 104.5063 103.5301 102.5539 101.5777 105.001 109.807 114.6131 119.4191 125.0662 133.7418 142.4171 151.0927 159.7681 163.4869 164.8075 166.128 167.4486 168.8262
141.0999 149.5666 159.3157 169.0649 178.8143 187.071 189.1918 191.3125 193.4332 195.5539 190.6278 181.9431 173.2587 164.5742 155.5764 144.0115 132.4466 120.8813 109.3164 103.7902 102.9094 102.0286 101.1478 100.292 100.5575 100.823 101.0885 101.354 101.4258 101.2863 101.1468 101.0073 100.8678 100.6947 100.5192 100.3437 100.1682 100.1089 100.2304 100.3519 100.4734 100.5949 100.9911 101.4366 101.8821 102.3276 102.5019 102.0564 101.6109 101.1655 100.72 104.8821 110.4922 116.1025 121.7126 128.2932 138.368 148.4424 158.5171 168.5916 172.7666 174.0872 175.4078 176.7283 177.9137
139.6018 148.0784 157.876 167.6735 177.4714 185.7719 187.9179 190.0637 192.2096 194.3555 189.1844 180.1105 171.0369 161.9634 152.6662 141.5385 130.4108 119.2827 108.1551 102.9042 102.1742 101.4442 100.7141 100.0 100.0 100.0 100.0 100.0 100.0 100.0 100.0 100.0 100.0 100.0145 100.03 100.0455 100.061 100.0643 100.0488 100.0333 100.0179 100.0024 100.0 100.0 100.0 100.0 100.0 100.0 100.0 100.0 100.0 104.6493 110.7597 116.8703 122.9807 130.159 141.1827 152.206 163.2297 174.253 178.7323 180.0452 181.358 182.6708 183.6772
148.7345 156.2659 164.4875 172.7091 180.931 187.7479 188.7895 189.8312 190.8728 191.9145 186.9535 178.791 170.6288 162.4665 153.9973 143.0143 132.0313 121.048 110.0649 104.6315 103.4673 102.3031 101.1389 100.0 100.0 100.0 100.0 100.0 100.0 100.0 100.0 100.0 100.0 100.1047 100.2167 100.3287 100.4406 100.465 100.353 100.241 100.129 100.017 100.0 100.0 100.0 100.0 100.0 100.0 100.0 100.0 100.0 103.8213 108.8435 113.8658 118.888 124.9094 134.5286 144.1476 153.7668 163.3857 167.3746 168.6392 169.9038 171.1684 172.0657
157.8673 164.4534 171.099 177.7447 184.3906 189.7238 189.6612 189.5986 189.536 189.4734 184.7227 177.4715 170.2206 162.9697 155.3285 144.4902 133.6519 122.8132 111.9748 106.3589 104.7605 103.1621 101.5637 100.0 100.0 100.0 100.0 100.0 100.0 100.0 100.0 100.0 100.0 100.1949 100.4034 100.6118 100.8203 100.8656 100.6571 100.4487 100.2402 100.0317 100.0 100.0 100.0 100.0 100.0 100.0 100.0 100.0 100.0 102.9933 106.9272 110.8613 114.7953 119.6597 127.8746 136.0891 144.3039 152.5185 156.0168 157.2332 158.4496 159.666 160.4542
167.0001 172.6408 177.7105 182.7803 187.8502 191.6997 190.5329 189.366 188.1992 187.0323 182.4919 176.1521 169.8124 163.4728 156.6597 145.966 135.2724 124.5784 113.8847 108.0863 106.0537 104.0211 101.9884 100.0 100.0 100.0 100.0 100.0 100.0 100.0 100.0 100.0 100.0 100.2851 100.59 100.895 101.2 101.2663 100.9613 100.6563 100.3514 100.0464 100.0 100.0 100.0 100.0 100.0 100.0 100.0 100.0 100.0 102.1653 105.011 107.8568 110.7026 114.4101 121.2205 128.0307 134.841 141.6512 144.6591 145.8273 146.9954 148.1635 148.8427
176.1328 180.8283 184.3221 187.8159 191.3098 193.6757 191.4045 189.1335 186.8624 184.5912 180.2611 174.8326 169.4043 163.976 157.9908 147.4418 136.8929 126.3436 115.7946 109.8137 107.3469 104.8801 102.4132 100.0 100.0 100.0 100.0 100.0 100.0 100.0 100.0 100.0 100.0 100.3753 100.7767 101.1782 101.5796 101.6669 101.2654 100.864 100.4625 100.0611 100.0 100.0 100.0 100.0 100.0 100.0 100.0 100.0 100.0 101.3373 103.0948 104.8524 106.6099 109.1605 114.5664 119.9722 125.3782 130.7839 133.3014 134.4213 135.5412 136.6611 137.2312
181.6956 185.0738 186.7864 188.4989 190.2115 190.9964 187.9675 184.9387 181.9099 178.881 175.2582 171.3186 167.3791 163.4397 158.881 149.2467 139.6124 129.9778 120.3435 114.221 110.8003 107.3795 103.9587 100.6102 100.5107 100.4112 100.3117 100.2123 100.2355 100.3928 100.55 100.7072 100.8644 101.4451 102.0553 102.6656 103.2758 103.3758 102.6821 101.9885 101.2948 100.6012 100.4031 100.294 100.185 100.0759 100.0 100.0 100.0 100.0 100.0 100.873 102.0204 103.1678 104.3152 106.1339 110.3696 114.6052 118.8409 123.0765 125.1085 126.0743 127.04 128.0058 128.4664
184.8637 186.6753 186.4689 186.2625 186.056 185.1947 181.6404 178.0862 174.5321 170.9778 168.396 166.3327 164.2694 162.2061 159.4753 151.2722 143.069 134.8656 126.6624 120.4259 115.7027 110.9794 106.256 101.6296 101.3639 101.0982 100.8326 100.5669 100.6291 101.0489 101.4688 101.8887 102.3086 103.1719 104.0663 104.9606 105.8549 105.9622 104.845 103.7279 102.6107 101.4936 101.0766 100.7853 100.494 100.2027 100.0 100.0 100.0 100.0 100.0 100.6528 101.5106 102.3686 103.2264 104.5984 107.8209 111.0434 114.266 117.4885 119.0384 119.779 120.5196 121.2602 121.6111
188.0319 188.2768 186.1515 184.0261 181.9006 179.3929 175.3133 171.2338 167.1543 163.0747 161.5338 161.3467 161.1597 160.9726 160.0697 153.2977 146.5256 139.7534 132.9813 126.6308 120.605 114.5792 108.5532 102.649 102.2171 101.7852 101.3534 100.9215 101.0226 101.7051 102.3877 103.0702 103.7527 104.8988 106.0772 107.2557 108.4341 108.5486 107.0079 105.4673 103.9267 102.3861 101.7501 101.2766 100.803 100.3294 100.0 100.0 100.0 100.0 100.0 100.4325 101.0009 101.5693 102.1377 103.0628 105.2723 107.4816 109.6911 111.9004 112.9683 113.4837 113.9992 114.5147 114.7558
191.2 189.8784 185.834 181.7897 177.7452 173.5912 168.9862 164.3814 159.7766 155.1716 154.6715 156.3608 158.0499 159.7391 160.6641 155.3232 149.9823 144.6412 139.3002 132.8358 125.5074 118.1791 110.8505 103.6684 103.0703 102.4723 101.8742 101.2761 101.4161 102.3613 103.3065 104.2517 105.1969 106.6257 108.0882 109.5508 111.0133 111.135 109.1708 107.2067 105.2426 103.2785 102.4236 101.7678 101.112 100.4562 100.0 100.0 100.0 100.0 100.0 100.2122 100.4911 100.7701 101.049 101.5273 102.7236 103.9199 105.1162 106.3124 106.8982 107.1885 107.4788 107.7691 107.9004
194.118 191.2444 185.2982 179.3519 173.4054 167.6251 162.5272 157.4296 152.3319 147.234 147.7327 151.2163 154.6997 158.1831 160.8638 156.9625 153.0611 149.1596 145.2582 138.7232 130.1627 121.6022 113.0415 104.6506 103.8906 103.1306 102.3707 101.6107 101.7896 102.9925 104.1955 105.3984 106.6014 108.34 110.1159 111.8919 113.6679 113.8114 111.4154 109.0194 106.6233 104.2274 103.142 102.2918 101.4416 100.5914 100.0 100.0 100.0 100.0 100.0 100.0 100.0 100.0 100.0 100.0475 100.2658 100.4842 100.7026 100.9209 101.0412 101.114 101.1868 101.2596 101.2849
190.4307 186.3952 178.9962 171.5972 164.198 157.3205 152.5872 147.854 143.1209 138.3876 138.7719 141.8855 144.9991 148.1127 150.6444 148.4048 146.1652 143.9256 141.686 136.228 128.2948 120.3615 112.4279 104.6495 103.8413 103.0331 102.2249 101.4167 101.6319 102.9635 104.2951 105.6267 106.9584 109.7226 112.5867 115.451 118.3152 118.8652 115.8151 112.7651 109.715 106.6651 105.0438 103.679 102.3142 100.9494 100.0 100.0 100.0 100.0 100.0 100.0 100.0 100.0 100.0 100.037 100.2071 100.3772 100.5473 100.7174 100.8111 100.8678 100.9245 100.9812 101.001
186.7433 181.546 172.6943 163.8426 154.9906 147.016 142.6472 138.2785 133.9099 129.5411 129.811 132.5548 135.2985 138.0423 140.425 139.8472 139.2694 138.6916 138.1138 133.7328 126.4268 119.1207 111.8144 104.6485 103.792 102.9356 102.0791 101.2227 101.4742 102.9345 104.3948 105.855 107.3153 111.1052 115.0576 119.0101 122.9624 123.9189 120.2148 116.5108 112.8067 109.1028 106.9457 105.0663 103.1869 101.3074 100.0 100.0 100.0 100.0 100.0 100.0 100.0 100.0 100.0 100.0265 100.1484 100.2702 100.3921 100.5139 100.581 100.6217 100.6623 100.7029 100.717
183.056 176.6968 166.3924 156.088 145.7832 136.7114 132.7071 128.703 124.6989 120.6946 120.8501 123.2241 125.598 127.9719 130.2056 131.2896 132.3736 133.4576 134.5415 131.2377 124.5588 117.8799 111.2008 104.6474 103.7427 102.838 101.9333 101.0286 101.3166 102.9055 104.4944 106.0833 107.6723 112.4878 117.5284 122.5691 127.6097 128.9727 124.6145 120.2566 115.8985 111.5405 108.8476 106.4535 104.0595 101.6654 100.0 100.0 100.0 100.0 100.0 100.0 100.0 100.0 100.0 100.016 100.0896 100.1632 100.2368 100.3104 100.351 100.3755 100.4001 100.4246 100.4331
179.3686 171.8475 160.0904 148.3333 136.5758 126.4068 122.7671 119.1275 115.4879 111.8482 111.8892 113.8933 115.8974 117.9015 119.9862 122.732 125.4777 128.2236 130.9693 128.7425 122.6908 116.6391 110.5872 104.6464 103.6934 102.7405 101.7876 100.8346 101.1589 102.8764 104.5941 106.3116 108.0293 113.8704 119.9992 126.1282 132.2569 134.0264 129.0143 124.0023 118.9902 113.9782 110.7495 107.8407 104.9321 102.0234 100.0 100.0 100.0 100.0 100.0 100.0 100.0 100.0 100.0 100.0055 100.0309 100.0562 100.0816 100.1069 100.1209 100.1294 100.1378 100.1463 100.1492
