data/zism_data/00491_02_D.txt
ncols         224
nrows         224
[rows 87 to 115 of 224, columns 67 to 133 of 224]
109.1259 107.215 105.3043 103.3935 101.4826 101.0213 100.9124 100.8036 100.6948 100.5791 100.4439 100.3087 100.1734 100.0382 100.0 100.0 100.0 100.0 100.0 100.0 100.0 100.0 100.0 100.0 100.0 100.0 100.0 100.0078 100.098 100.1881 100.2783 100.3684 100.4708 100.5835 100.6962 100.8089 100.9216 101.0568 101.192 101.3273 101.4625 101.4742 101.339 101.2038 101.0686 100.9334 100.7364 100.5336 100.3307 100.1279 100.0 100.0 100.0 100.0 100.0 100.0 100.0 100.0 100.0 100.0 100.0 100.0 100.0 100.0 100.0 100.0 100.0
108.922 107.227 105.532 103.837 102.142 101.7408 101.6544 101.5679 101.4815 101.3712 101.1935 101.0158 100.8381 100.6604 100.6027 100.5924 100.5821 100.5718 100.5596 100.539 100.5183 100.4976 100.477 100.4563 100.4357 100.415 100.3943 100.3819 100.4556 100.5293 100.603 100.6767 100.7768 100.8991 101.0214 101.1437 101.266 101.4058 101.5456 101.6855 101.8253 101.8296 101.6726 101.5155 101.3585 101.2014 100.9868 100.7667 100.5466 100.3265 100.1877 100.1877 100.1877 100.1877 100.1877 100.1821 100.1752 100.1683 100.1614 100.1496 100.1255 100.1014 100.0773 100.0532 100.0393 100.029 100.0186
110.2596 108.6289 106.9983 105.3676 103.7369 103.2707 103.0878 102.9048 102.7219 102.5277 102.3018 102.0758 101.8499 101.6239 101.5411 101.5147 101.4883 101.4619 101.4309 101.378 101.3252 101.2724 101.2195 101.1667 101.1139 101.0611 101.0083 100.9632 100.9994 101.0355 101.0717 101.1079 101.1909 101.3132 101.4355 101.5577 101.68 101.8091 101.9383 102.0674 102.1965 102.1876 102.0145 101.8413 101.6682 101.4951 101.2791 101.059 100.8389 100.6188 100.48 100.48 100.48 100.48 100.48 100.4655 100.4479 100.4303 100.4126 100.3826 100.321 100.2593 100.1977 100.1361 100.1005 100.0741 100.0477
111.5972 110.0309 108.4645 106.8982 105.3318 104.8006 104.5212 104.2418 103.9623 103.6843 103.4101 103.1359 102.8617 102.5875 102.4795 102.437 102.3945 102.352 102.3021 102.2171 102.1321 102.0471 101.9621 101.8771 101.7921 101.7072 101.6222 101.5445 101.5431 101.5418 101.5404 101.5391 101.6049 101.7272 101.8495 101.9718 102.0941 102.2125 102.3309 102.4493 102.5677 102.5456 102.3564 102.1672 101.978 101.7887 101.5713 101.3512 101.1311 100.911 100.7723 100.7723 100.7723 100.7723 100.7723 100.7489 100.7206 100.6922 100.6639 100.6155 100.5164 100.4173 100.3181 100.219 100.1617 100.1192 100.0767
112.9348 111.4328 109.9308 108.4288 106.9268 106.3306 105.9546 105.5787 105.2028 104.8408 104.5183 104.1959 103.8734 103.551 103.4178 103.3593 103.3007 103.2421 103.1733 103.0562 102.939 102.8218 102.7047 102.5875 102.4704 102.3532 102.2361 102.1258 102.0869 102.048 102.0092 101.9703 102.019 102.1413 102.2636 102.3859 102.5082 102.6158 102.7235 102.8312 102.9388 102.9036 102.6983 102.493 102.2877 102.0824 101.8636 101.6435 101.4234 101.2033 101.0646 101.0646 101.0646 101.0646 101.0646 101.0323 100.9933 100.9542 100.9151 100.8485 100.7118 100.5752 100.4385 100.3018 100.2229 100.1643 100.1057
114.2948 112.8541 111.4135 109.9728 108.5321 107.8716 107.4009 106.9302 106.4595 106.0152 105.6458 105.2764 104.907 104.5376 104.3769 104.2983 104.2198 104.1413 104.0502 103.8996 103.749 103.5983 103.4477 103.2971 103.1465 102.9959 102.8453 102.7013 102.6267 102.552 102.4773 102.4027 102.4353 102.558 102.6807 102.8034 102.9261 103.0183 103.1106 103.2028 103.295 103.2452 103.0264 102.8076 102.5888 102.37 102.1524 101.9349 101.7173 101.4998 101.3613 101.3574 101.3535 101.3497 101.3458 101.3054 101.2574 101.2093 101.1613 101.0782 100.9061 100.7341 100.562 100.39 100.2918 100.2197 100.1477
115.9116 114.4977 113.0838 111.67 110.2561 109.5405 108.9947 108.449 107.9032 107.3951 106.9935 106.5919 106.1904 105.7888 105.5728 105.43 105.2871 105.1443 104.9917 104.7928 104.5939 104.3951 104.1962 103.9973 103.7985 103.5997 103.4008 103.2114 103.1206 103.0299 102.9391 102.8484 102.8766 103.0047 103.1327 103.2608 103.3889 103.4114 103.4339 103.4565 103.479 103.3987 103.196 102.9932 102.7905 102.5878 102.4009 102.2156 102.0302 101.8449 101.7088 101.6567 101.6045 101.5524 101.5003 101.4604 101.4231 101.3857 101.3484 101.27 101.0872 100.9044 100.7217 100.5389 100.4498 100.3938 100.3378
117.5283 116.1412 114.7542 113.3671 111.98 111.2093 110.5885 109.9677 109.3469 108.7749 108.3412 107.9075 107.4737 107.04 106.7688 106.5616 106.3544 106.1472 105.9331 105.686 105.4389 105.1918 104.9447 104.6976 104.4505 104.2034 103.9563 103.7214 103.6146 103.5078 103.401 103.2941 103.3179 103.4513 103.5847 103.7182 103.8516 103.8045 103.7573 103.7101 103.663 103.5522 103.3655 103.1789 102.9922 102.8056 102.6495 102.4963 102.3431 102.1899 102.0563 101.9559 101.8555 101.7552 101.6548 101.6154 101.5888 101.5622 101.5356 101.4618 101.2683 101.0748 100.8813 100.6878 100.6079 100.5679 100.528
119.1451 117.7848 116.4245 115.0643 113.704 112.8782 112.1823 111.4864 110.7906 110.1547 109.6888 109.223 108.7571 108.2912 107.9647 107.6932 107.4217 107.1502 106.8746 106.5792 106.2839 105.9885 105.6931 105.3978 105.1025 104.8071 104.5118 104.2315 104.1086 103.9857 103.8628 103.7399 103.7592 103.898 104.0368 104.1756 104.3143 104.1975 104.0807 103.9638 103.847 103.7056 103.5351 103.3645 103.194 103.0234 102.8981 102.777 102.656 102.535 102.4038 102.2551 102.1065 101.9579 101.8093 101.7704 101.7545 101.7386 101.7227 101.6536 101.4494 101.2452 101.041 100.8368 100.7659 100.742 100.7182
120.7618 119.4283 118.0949 116.7615 115.428 114.547 113.7761 113.0052 112.2343 111.5346 111.0365 110.5385 110.0404 109.5424 109.1607 108.8249 108.4891 108.1532 107.816 107.4724 107.1288 106.7852 106.4416 106.098 105.7545 105.4109 105.0673 104.7415 104.6026 104.4636 104.3246 104.1856 104.2005 104.3447 104.4888 104.6329 104.7771 104.5906 104.404 104.2175 104.031 103.8591 103.7046 103.5501 103.3957 103.2412 103.1466 103.0578 102.9689 102.88 102.7513 102.5544 102.3576 102.1607 101.9638 101.9253 101.9202 101.915 101.9098 101.8454 101.6305 101.4155 101.2006 100.9857 100.9239 100.9161 100.9084
122.1796 120.8451 119.5107 118.1763 116.8418 115.9294 115.1195 114.3097 113.4998 112.7629 112.2327 111.7025 111.1723 110.6421 110.2112 109.8194 109.4275 109.0357 108.6453 108.2618 107.8783 107.4948 107.1113 106.7383 106.3715 106.0047 105.6379 105.2894 105.1344 104.9793 104.8243 104.6692 104.6661 104.7906 104.9151 105.0396 105.1641 104.9495 104.735 104.5205 104.3059 104.1135 103.9473 103.7811 103.615 103.4488 103.3623 103.2834 103.2044 103.1255 102.9975 102.7857 102.574 102.3622 102.1504 102.0998 102.0832 102.0665 102.0498 101.9796 101.7734 101.5672 101.361 101.1548 101.0969 101.0913 101.0858
123.4124 122.0511 120.6899 119.3287 117.9674 117.0454 116.2302 115.415 114.5998 113.8505 113.2881 112.7258 112.1634 111.6011 111.1264 110.6863 110.2463 109.8062 109.3704 108.9547 108.539 108.1234 107.7077 107.3228 106.956 106.5892 106.2224 105.8726 105.7014 105.5303 105.3592 105.188 105.1542 105.2359 105.3175 105.3991 105.4807 105.2769 105.0731 104.8692 104.6654 104.4617 104.258 104.0543 103.8506 103.6469 103.5473 103.4577 103.368 103.2784 103.1495 102.9539 102.7582 102.5625 102.3668 102.2925 102.2436 102.1948 102.146 102.0602 101.8808 101.7014 101.522 101.3426 101.2838 101.2675 101.2512
124.6451 123.2571 121.8691 120.481 119.093 118.1614 117.3408 116.5203 115.6997 114.9381 114.3436 113.749 113.1545 112.56 112.0416 111.5533 111.065 110.5767 110.0955 109.6476 109.1998 108.752 108.3041 107.9074 107.5405 107.1737 106.8069 106.4557 106.2685 106.0813 105.894 105.7068 105.6424 105.6811 105.7198 105.7586 105.7973 105.6042 105.4111 105.218 105.0249 104.8099 104.5686 104.3274 104.0862 103.845 103.7324 103.632 103.5316 103.4313 103.3016 103.122 102.9424 102.7628 102.5832 102.4851 102.4041 102.3231 102.2421 102.1409 101.9883 101.8357 101.6831 101.5305 101.4707 101.4437 101.4167
125.8779 124.4631 123.0482 121.6334 120.2186 119.2774 118.4515 117.6256 116.7996 116.0257 115.399 114.7723 114.1456 113.5189 112.9569 112.4203 111.8838 111.3472 110.8205 110.3405 109.8605 109.3805 108.9005 108.4919 108.1251 107.7582 107.3914 107.0388 106.8355 106.6322 106.4289 106.2256 106.1305 106.1264 106.1222 106.1181 106.1139 105.9315 105.7492 105.5668 105.3844 105.1581 104.8793 104.6006 104.3218 104.0431 103.9174 103.8063 103.6952 103.5841 103.4537 103.2902 103.1267 102.9631 102.7996 102.6777 102.5646 102.4514 102.3383 102.2215 102.0957 101.9699 101.8441 101.7183 101.6576 101.6199 101.5822
127.1107 125.669 124.2274 122.7858 121.3441 120.3934 119.5621 118.7309 117.8996 117.1133 116.4544 115.7956 115.1367 114.4779 113.8721 113.2873 112.7025 112.1177 111.5456 111.0334 110.5212 110.0091 109.4969 109.0764 108.7096 108.3428 107.976 107.6219 107.4026 107.1832 106.9638 106.7444 106.6187 106.5716 106.5246 106.4776 106.4305 106.2589 106.0872 105.9156 105.7439 105.5062 105.19 104.8737 104.5575 104.2412 104.1025 103.9807 103.8588 103.737 103.6057 103.4583 103.3109 103.1635 103.016 102.8704 102.725 102.5797 102.4344 102.3022 102.2032 102.1042 102.0052 101.9062 101.8445 101.7961 101.7476
127.668 126.2662 124.8644 123.4626 122.0608 121.1218 120.2954 119.469 118.6427 117.8556 117.1799 116.5043 115.8287 115.153 114.5447 113.9629 113.3811 112.7994 112.2241 111.6798 111.1354 110.5911 110.0468 109.5918 109.1891 108.7864 108.3837 107.9982 107.7935 107.5887 107.384 107.1793 107.0286 106.9233 106.818 106.7127 106.6074 106.4157 106.2241 106.0324 105.8407 105.6077 105.3257 105.0437 104.7617 104.4797 104.3388 104.2114 104.084 103.9566 103.822 103.6753 103.5286 103.3818 103.2351 103.0757 102.9136 102.7515 102.5894 102.4411 102.3279 102.2147 102.1015 101.9883 101.9226 101.8737 101.8248
128.1945 126.8355 125.4766 124.1177 122.7588 121.8325 121.0114 120.1904 119.3694 118.5821 117.8904 117.1987 116.5069 115.8152 115.2062 114.6298 114.0534 113.4769 112.9005 112.324 111.7475 111.171 110.5945 110.1039 109.6637 109.2235 108.7833 108.3649 108.1763 107.9877 107.799 107.6104 107.435 107.2707 107.1065 106.9422 106.7779 106.5648 106.3517 106.1385 105.9254 105.698 105.4535 105.209 104.9645 104.72 104.5775 104.4447 104.3119 104.1791 104.0412 103.8945 103.7478 103.601 103.4543 103.2816 103.1034 102.9252 102.7471 102.5827 102.4534 102.3241 102.1948 102.0655 101.9957 101.9467 101.8978
128.7209 127.4048 126.0888 124.7728 123.4567 122.5432 121.7275 120.9118 120.0961 119.3086 118.6008 117.893 117.1852 116.4774 115.8677 115.2966 114.7255 114.1545 113.5769 112.9682 112.3596 111.7509 111.1422 110.6161 110.1384 109.6606 109.1829 108.7317 108.5591 108.3866 108.214 108.0415 107.8414 107.6181 107.3949 107.1717 106.9484 106.7139 106.4793 106.2447 106.0101 105.7882 105.5812 105.3742 105.1672 104.9603 104.8161 104.678 104.5398 104.4017 104.2604 104.1137 103.967 103.8202 103.6735 103.4875 103.2933 103.099 102.9047 102.7243 102.5789 102.4335 102.2882 102.1428 102.0687 102.0198 101.9709
129.2473 127.9741 126.701 125.4278 124.1547 123.2538 122.4435 121.6332 120.8229 120.0351 119.3112 118.5873 117.8634 117.1395 116.5291 115.9634 115.3977 114.832 114.2533 113.6125 112.9716 112.3308 111.69 111.1283 110.613 110.0978 109.5825 109.0984 108.942 108.7855 108.629 108.4726 108.2478 107.9656 107.6834 107.4011 107.1189 106.8629 106.6069 106.3509 106.0949 105.8784 105.7089 105.5395 105.37 105.2006 105.0548 104.9113 104.7678 104.6243 104.4796 104.3329 104.1862 104.0394 103.8927 103.6934 103.4831 103.2727 103.0624 102.8658 102.7044 102.543 102.3815 102.2201 102.1418 102.0929 102.044
129.575 128.3532 127.1314 125.9096 124.6877 123.8046 123.0039 122.2032 121.4025 120.6192 119.8856 119.152 118.4183 117.6847 117.0723 116.5078 115.9432 115.3787 114.7974 114.1371 113.4768 112.8165 112.1562 111.5743 111.0384 110.5025 109.9667 109.463 109.2972 109.1315 108.9657 108.8 108.5493 108.2271 107.905 107.5828 107.2606 106.9832 106.7057 106.4283 106.1508 105.9301 105.7771 105.624 105.4709 105.3179 105.1764 105.036 104.8956 104.7551 104.6124 104.4657 104.319 104.1722 104.0255 103.8182 103.5981 103.378 103.1579 102.9558 102.7994 102.643 102.4866 102.3302 102.2423 102.1786 102.1149
129.5974 128.4399 127.2824 126.1249 124.9674 124.1098 123.3252 122.5405 121.7559 120.9846 120.2509 119.5173 118.7837 118.05 117.4338 116.8639 116.294 115.7241 115.1384 114.4781 113.8178 113.1575 112.4971 111.9187 111.3881 110.8576 110.3271 109.8241 109.6101 109.3961 109.1821 108.9682 108.6896 108.3567 108.0238 107.6909 107.358 107.0592 106.7602 106.4613 106.1624 105.9228 105.7536 105.5845 105.4153 105.2462 105.118 104.9937 104.8693 104.745 104.6124 104.4657 104.319 104.1722 104.0255 103.8182 103.5981 103.378 103.1579 102.9664 102.8475 102.7287 102.6098 102.4909 102.3851 102.2839 102.1826
129.6198 128.5266 127.4334 126.3403 125.2471 124.415 123.6464 122.8779 122.1093 121.3499 120.6163 119.8826 119.149 118.4154 117.7953 117.22 116.6447 116.0694 115.4794 114.8191 114.1587 113.4984 112.8381 112.263 111.7379 111.2127 110.6875 110.1852 109.923 109.6608 109.3985 109.1363 108.8299 108.4863 108.1427 107.799 107.4555 107.1351 106.8148 106.4944 106.1741 105.9154 105.7302 105.545 105.3598 105.1745 105.0596 104.9513 104.8431 104.7349 104.6124 104.4657 104.319 104.1722 104.0255 103.8182 103.5981 103.378 103.1579 102.977 102.8957 102.8143 102.733 102.6516 102.5279 102.3891 102.2504
129.6422 128.6133 127.5844 126.5556 125.5267 124.7202 123.9677 123.2152 122.4628 121.7152 120.9816 120.248 119.5143 118.7807 118.1568 117.5761 116.9955 116.4148 115.8203 115.16 114.4997 113.8394 113.1791 112.6074 112.0876 111.5677 111.048 110.5463 110.2359 109.9254 109.6149 109.3045 108.9702 108.6158 108.2615 107.9072 107.5529 107.2111 106.8693 106.5275 106.1857 105.9081 105.7068 105.5055 105.3042 105.1029 105.0012 104.909 104.8169 104.7247 104.6124 104.4657 104.319 104.1722 104.0255 103.8182 103.5981 103.378 103.1579 102.9876 102.9438 102.9 102.8561 102.8123 102.6706 102.4943 102.3181
129.6645 128.7 127.7355 126.7709 125.8064 125.0254 124.289 123.5526 122.8162 122.0805 121.3469 120.6133 119.8796 119.146 118.5183 117.9323 117.3463 116.7602 116.1613 115.501 114.8407 114.1804 113.52 112.9517 112.4373 111.9228 111.4084 110.9075 110.5488 110.19 109.8313 109.4726 109.1105 108.7454 108.3804 108.0153 107.6503 107.2871 106.9238 106.5606 106.1974 105.9008 105.6834 105.466 105.2486 105.0312 104.9428 104.8667 104.7907 104.7146 104.6124 104.4657 104.319 104.1722 104.0255 103.8182 103.5981 103.378 103.1579 102.9982 102.9919 102.9856 102.9793 102.973 102.8134 102.5996 102.3858
129.3844 128.4887 127.5929 126.6972 125.8015 125.0361 124.3024 123.5687 122.835 122.0967 121.3452 120.5937 119.8422 119.0908 118.4381 117.8245 117.2108 116.5971 115.9753 115.315 114.6547 113.9944 113.3341 112.7579 112.231 111.704 111.1771 110.6641 110.2973 109.9305 109.5637 109.1968 108.83 108.4632 108.0963 107.7295 107.3626 106.9958 106.629 106.2622 105.8954 105.6077 105.4144 105.2211 105.0277 104.8344 104.7547 104.6858 104.6169 104.5479 104.4486 104.2974 104.1463 103.9951 103.8439 103.6689 103.489 103.309 103.1291 102.9975 102.9886 102.9796 102.9707 102.9618 102.8034 102.5922 102.381
129.0434 128.2173 127.3912 126.5652 125.7391 124.9874 124.2537 123.52 122.7863 122.0424 121.2695 120.4966 119.7236 118.9507 118.269 117.6231 116.9773 116.3314 115.6831 115.0228 114.3625 113.7022 113.0418 112.4555 111.9125 111.3695 110.8265 110.2988 109.932 109.5651 109.1983 108.8315 108.4647 108.0978 107.731 107.3641 106.9973 106.6305 106.2637 105.8969 105.53 105.2571 105.0959 104.9348 104.7736 104.6124 104.5404 104.4768 104.4133 104.3497 104.2518 104.0953 103.9387 103.7822 103.6256 103.4896 103.3579 103.2262 103.0945 102.9944 102.9748 102.9552 102.9355 102.9159 102.7626 102.5621 102.3617
128.7023 127.9459 127.1895 126.4332 125.6768 124.9386 124.2049 123.4713 122.7376 121.9881 121.1937 120.3994 119.605 118.8107 118.0998 117.4218 116.7438 116.0658 115.3909 114.7306 114.0702 113.4099 112.7496 112.1531 111.594 111.0349 110.4758 109.9335 109.5667 109.1998 108.833 108.4662 108.0994 107.7325 107.3657 106.9988 106.632 106.2652 105.8984 105.5315 105.1647 104.9065 104.7775 104.6484 104.5194 104.3904 104.3261 104.2679 104.2097 104.1515 104.055 103.8931 103.7312 103.5693 103.4074 103.3103 103.2268 103.1433 103.0599 102.9914 102.9611 102.9307 102.9003 102.87 102.7218 102.5321 102.3423
128.3612 127.6745 126.9878 126.3011 125.6144 124.8899 124.1562 123.4226 122.6889 121.9337 121.118 120.3022 119.4864 118.6706 117.9306 117.2204 116.5103 115.8001 115.0986 114.4383 113.778 113.1177 112.4573 111.8507 111.2756 110.7004 110.1252 109.5681 109.2013 108.8345 108.4677 108.1009 107.734 107.3672 107.0004 106.6335 106.2667 105.8999 105.533 105.1662 104.7994 104.5558 104.459 104.3621 104.2653 104.1684 104.1118 104.0589 104.0061 103.9533 103.8582 103.6909 103.5236 103.3564 103.1891 103.1309 103.0957 103.0605 103.0253 102.9884 102.9473 102.9062 102.8651 102.824 102.681 102.502 102.323
128.0905 127.4488 126.8072 126.1656 125.524 124.8013 124.059 123.3166 122.5742 121.8078 120.9735 120.1392 119.3048 118.4705 117.7011 116.9574 116.2136 115.4698 114.7411 114.0837 113.4262 112.7688 112.1114 111.503 110.9233 110.3436 109.764 109.2026 108.8328 108.4631 108.0934 107.7237 107.3556 106.9887 106.6219 106.255 105.8882 105.5373 105.1864 104.8355 104.4846 104.2571 104.1765 104.0959 104.0153 103.9347 103.8883 103.8452 103.802 103.7589 103.6706 103.5052 103.3398 103.1744 103.009 102.9803 102.9803 102.9803 102.9803 102.9648 102.9101 102.8554 102.8007 102.746 102.6127 102.4516 102.2906
