data/zism_data/00497_04_D.txt
ncols         224
nrows         224
[rows 56 to 83 of 224, columns 64 to 127 of 224]
4300.0 4300.0 4300.0 4301.434 4302.932 4304.431 4305.93 4308.735 4313.343 4317.951 4322.559 4327.167 4332.082 4337.037 4341.992 4346.947 4351.857 4356.683 4361.508 4366.333 4371.159 4375.006 4378.625 4382.244 4385.863 4390.137 4396.137 4402.135 4408.135 4414.133 4423.251 4433.47 4443.688 4453.907 4463.819 4472.526 4481.234 4489.941 4498.648 4506.789 4514.645 4522.502 4530.359 4538.237 4546.261 4554.284 4562.308 4570.331 4578.807 4587.592 4596.377 4605.162 4613.978 4623.293 4632.608 4641.924 4651.239 4659.286 4666.17 4673.055 4679.939 4686.823 4689.385 4691.882
4300.0 4300.0 4300.0 4301.773 4303.627 4305.481 4307.335 4310.523 4315.551 4320.579 4325.606 4330.634 4335.555 4340.461 4345.368 4350.275 4355.05 4359.58 4364.109 4368.639 4373.168 4376.5 4379.554 4382.608 4385.662 4389.475 4395.286 4401.096 4406.907 4412.718 4422.252 4433.1 4443.949 4454.797 4465.273 4474.287 4483.301 4492.315 4501.33 4509.561 4517.402 4525.243 4533.083 4540.938 4548.886 4556.834 4564.782 4572.73 4581.243 4590.141 4599.039 4607.937 4616.854 4626.1 4635.346 4644.591 4653.836 4661.816 4668.636 4675.456 4682.275 4689.095 4691.406 4693.651
4300.102 4300.142 4300.183 4302.466 4304.852 4307.238 4309.624 4313.26 4318.622 4323.983 4329.345 4334.707 4339.723 4344.694 4349.666 4354.637 4359.405 4363.792 4368.18 4372.567 4376.955 4380.117 4382.995 4385.873 4388.75 4392.5 4398.543 4404.586 4410.629 4416.672 4426.251 4437.077 4447.904 4458.73 4469.157 4478.012 4486.867 4495.722 4504.577 4512.558 4520.101 4527.646 4535.189 4542.786 4550.736 4558.686 4566.635 4574.585 4582.856 4591.347 4599.837 4608.328 4616.816 4625.268 4633.72 4642.171 4650.623 4658.206 4664.992 4671.779 4678.566 4685.353 4688.239 4691.067
4300.222 4300.312 4300.4 4303.227 4306.178 4309.128 4312.079 4316.177 4321.856 4327.535 4333.214 4338.894 4344.023 4349.081 4354.138 4359.195 4363.98 4368.255 4372.529 4376.803 4381.078 4384.136 4386.911 4389.687 4392.462 4396.224 4402.579 4408.934 4415.29 4421.645 4431.197 4441.878 4452.56 4463.241 4473.502 4482.109 4490.716 4499.324 4507.931 4515.596 4522.79 4529.984 4537.178 4544.473 4552.438 4560.405 4568.37 4576.336 4584.313 4592.298 4600.283 4608.268 4616.225 4623.746 4631.266 4638.786 4646.307 4653.43 4660.19 4666.95 4673.71 4680.47 4684.087 4687.659
4300.343 4300.48 4300.618 4303.987 4307.503 4311.019 4314.535 4319.093 4325.09 4331.087 4337.084 4343.081 4348.323 4353.467 4358.61 4363.754 4368.556 4372.717 4376.878 4381.04 4385.201 4388.155 4390.828 4393.501 4396.175 4399.948 4406.615 4413.283 4419.95 4426.617 4436.144 4446.68 4457.216 4467.752 4477.847 4486.206 4494.566 4502.925 4511.285 4518.634 4525.479 4532.323 4539.167 4546.16 4554.142 4562.124 4570.105 4578.088 4585.771 4593.25 4600.728 4608.207 4615.634 4622.224 4628.813 4635.402 4641.991 4648.655 4655.388 4662.121 4668.854 4675.586 4679.936 4684.25
4300.464 4300.65 4300.836 4304.748 4308.829 4312.91 4316.991 4322.01 4328.325 4334.639 4340.954 4347.268 4352.624 4357.853 4363.083 4368.313 4373.131 4377.179 4381.228 4385.276 4389.324 4392.174 4394.745 4397.316 4399.887 4403.672 4410.651 4417.631 4424.61 4431.59 4441.091 4451.481 4461.873 4472.263 4482.191 4490.303 4498.416 4506.527 4514.64 4521.673 4528.167 4534.662 4541.156 4547.847 4555.845 4563.843 4571.841 4579.839 4587.228 4594.201 4601.173 4608.146 4615.043 4620.701 4626.359 4632.017 4637.675 4643.88 4650.586 4657.292 4663.998 4670.704 4675.785 4680.842
4300.554 4300.793 4301.032 4305.345 4309.843 4314.341 4318.839 4324.223 4330.831 4337.438 4344.044 4350.651 4356.216 4361.645 4367.072 4372.5 4377.421 4381.391 4385.36 4389.33 4393.299 4396.094 4398.616 4401.138 4403.66 4407.438 4414.52 4421.603 4428.686 4435.768 4445.041 4455.086 4465.132 4475.178 4484.775 4492.611 4500.448 4508.284 4516.121 4522.847 4529.018 4535.189 4541.36 4547.753 4555.63 4563.507 4571.384 4579.261 4586.38 4592.981 4599.582 4606.183 4612.695 4617.762 4622.829 4627.896 4632.963 4638.899 4645.633 4652.367 4659.101 4665.834 4671.594 4677.339
4300.568 4300.872 4301.176 4305.543 4310.095 4314.646 4319.198 4324.711 4331.55 4338.388 4345.227 4352.065 4358.076 4363.977 4369.879 4375.781 4381.012 4384.987 4388.962 4392.937 4396.912 4399.773 4402.376 4404.979 4407.581 4411.305 4417.978 4424.652 4431.325 4437.999 4446.548 4455.76 4464.971 4474.183 4483.045 4490.537 4498.029 4505.521 4513.013 4519.452 4525.364 4531.277 4537.189 4543.299 4550.718 4558.138 4565.557 4572.977 4579.884 4586.442 4593.0 4599.558 4606.043 4611.353 4616.662 4621.971 4627.28 4633.417 4640.312 4647.207 4654.103 4660.998 4667.306 4673.606
4300.583 4300.951 4301.319 4305.741 4310.347 4314.952 4319.558 4325.199 4332.269 4339.339 4346.409 4353.479 4359.935 4366.31 4372.686 4379.061 4384.603 4388.583 4392.564 4396.544 4400.524 4403.452 4406.136 4408.819 4411.502 4415.172 4421.437 4427.701 4433.965 4440.23 4448.056 4456.433 4464.81 4473.187 4481.315 4488.462 4495.61 4502.757 4509.904 4516.056 4521.71 4527.365 4533.019 4538.844 4545.806 4552.768 4559.73 4566.692 4573.388 4579.903 4586.418 4592.933 4599.392 4604.943 4610.495 4616.046 4621.598 4627.934 4634.991 4642.047 4649.104 4656.161 4663.018 4669.872
4300.597 4301.03 4301.463 4305.938 4310.598 4315.258 4319.917 4325.687 4332.989 4340.29 4347.591 4354.893 4361.794 4368.643 4375.492 4382.341 4388.194 4392.18 4396.166 4400.151 4404.137 4407.131 4409.896 4412.66 4415.424 4419.039 4424.895 4430.75 4436.605 4442.46 4449.563 4457.106 4464.649 4472.192 4479.584 4486.387 4493.19 4499.993 4506.796 4512.661 4518.057 4523.453 4528.849 4534.39 4540.894 4547.398 4553.902 4560.407 4566.892 4573.364 4579.836 4586.308 4592.74 4598.534 4604.328 4610.121 4615.915 4622.452 4629.67 4636.888 4644.106 4651.324 4658.73 4666.139
4300.612 4301.109 4301.606 4306.137 4310.85 4315.563 4320.277 4326.175 4333.708 4341.241 4348.773 4356.307 4363.653 4370.976 4378.299 4385.622 4391.785 4395.776 4399.768 4403.759 4407.75 4410.811 4413.655 4416.5 4419.345 4422.906 4428.353 4433.799 4439.245 4444.691 4451.071 4457.779 4464.488 4471.196 4477.854 4484.313 4490.771 4497.229 4503.688 4509.266 4514.403 4519.541 4524.679 4529.935 4535.981 4542.028 4548.075 4554.123 4560.396 4566.825 4573.254 4579.683 4586.089 4592.125 4598.16 4604.196 4610.232 4616.969 4624.349 4631.728 4639.108 4646.487 4654.442 4662.405
4300.353 4300.784 4301.215 4305.47 4309.899 4314.328 4318.757 4324.527 4332.148 4339.77 4347.391 4355.012 4362.654 4370.299 4377.944 4385.59 4391.995 4396.075 4400.155 4404.235 4408.314 4411.332 4414.103 4416.873 4419.643 4423.011 4427.953 4432.895 4437.837 4442.779 4448.439 4454.353 4460.267 4466.181 4472.184 4478.532 4484.881 4491.229 4497.578 4503.194 4508.443 4513.692 4518.941 4524.285 4530.261 4536.236 4542.211 4548.187 4554.51 4561.071 4567.631 4574.192 4580.739 4587.065 4593.391 4599.717 4606.042 4612.996 4620.525 4628.054 4635.583 4643.112 4651.294 4659.485
4299.998 4300.316 4300.634 4304.498 4308.523 4312.548 4316.574 4322.126 4329.785 4337.444 4345.103 4352.761 4360.646 4368.56 4376.474 4384.389 4391.01 4395.209 4399.407 4403.606 4407.804 4410.739 4413.38 4416.021 4418.663 4421.789 4426.192 4430.596 4435.0 4439.403 4444.347 4449.48 4454.614 4459.748 4465.122 4471.444 4477.766 4484.087 4490.409 4496.177 4501.668 4507.16 4512.651 4518.214 4524.254 4530.294 4536.334 4542.374 4548.838 4555.593 4562.348 4569.102 4575.85 4582.482 4589.115 4595.747 4602.38 4609.556 4617.23 4624.905 4632.58 4640.254 4648.549 4656.853
4299.643 4299.848 4300.053 4303.526 4307.147 4310.769 4314.391 4319.725 4327.421 4335.118 4342.814 4350.511 4358.638 4366.821 4375.004 4383.188 4390.026 4394.343 4398.66 4402.977 4407.293 4410.146 4412.658 4415.169 4417.682 4420.566 4424.432 4428.297 4432.163 4436.028 4440.254 4444.607 4448.96 4453.313 4458.061 4464.355 4470.65 4476.945 4483.24 4489.161 4494.894 4500.628 4506.361 4512.144 4518.248 4524.353 4530.457 4536.561 4543.167 4550.116 4557.063 4564.012 4570.96 4577.899 4584.839 4591.778 4598.717 4606.116 4613.936 4621.755 4629.576 4637.395 4645.804 4654.221
4299.288 4299.38 4299.472 4302.554 4305.771 4308.99 4312.208 4317.324 4325.058 4332.792 4340.526 4348.26 4356.629 4365.082 4373.534 4381.987 4389.042 4393.477 4397.913 4402.348 4406.783 4409.552 4411.935 4414.318 4416.701 4419.344 4422.671 4425.998 4429.325 4432.652 4436.161 4439.734 4443.307 4446.879 4450.999 4457.267 4463.535 4469.803 4476.071 4482.144 4488.12 4494.095 4500.071 4506.072 4512.241 4518.411 4524.58 4530.749 4537.496 4544.638 4551.78 4558.922 4566.07 4573.316 4580.563 4587.809 4595.055 4602.676 4610.641 4618.606 4626.571 4634.537 4643.059 4651.589
4299.0 4299.0 4299.0 4301.679 4304.48 4307.282 4310.083 4314.923 4322.576 4330.229 4337.882 4345.536 4354.091 4362.765 4371.439 4380.113 4387.36 4391.932 4396.504 4401.076 4405.648 4408.331 4410.575 4412.82 4415.064 4417.465 4420.275 4423.085 4425.896 4428.706 4431.578 4434.471 4437.365 4440.259 4443.835 4450.093 4456.352 4462.61 4468.868 4475.136 4481.409 4487.682 4493.954 4500.233 4506.549 4512.867 4519.183 4525.5 4532.445 4539.82 4547.194 4554.568 4561.952 4569.483 4577.015 4584.547 4592.079 4599.887 4607.949 4616.01 4624.072 4632.134 4640.699 4649.271
4299.0 4299.0 4299.0 4301.226 4303.554 4305.881 4308.208 4312.525 4319.587 4326.648 4333.709 4340.77 4349.271 4357.961 4366.651 4375.341 4382.674 4387.461 4392.248 4397.036 4401.823 4404.402 4406.469 4408.536 4410.603 4412.757 4415.142 4417.527 4419.913 4422.297 4424.879 4427.531 4430.182 4432.833 4436.23 4442.553 4448.876 4455.199 4461.521 4468.166 4474.972 4481.777 4488.583 4495.391 4502.214 4509.037 4515.859 4522.682 4530.069 4537.842 4545.615 4553.387 4561.157 4568.883 4576.608 4584.333 4592.059 4599.901 4607.85 4615.798 4623.747 4631.696 4640.0 4648.308
4299.0 4299.0 4299.0 4300.773 4302.627 4304.481 4306.334 4310.128 4316.597 4323.066 4329.535 4336.004 4344.451 4353.157 4361.863 4370.57 4377.987 4382.99 4387.993 4392.995 4397.998 4400.474 4402.363 4404.252 4406.141 4408.05 4410.01 4411.969 4413.929 4415.889 4418.181 4420.59 4423.0 4425.409 4428.625 4435.013 4441.4 4447.788 4454.175 4461.196 4468.535 4475.874 4483.212 4490.549 4497.878 4505.207 4512.536 4519.864 4527.693 4535.865 4544.035 4552.207 4560.363 4568.282 4576.201 4584.12 4592.04 4599.915 4607.751 4615.586 4623.422 4631.258 4639.3 4647.345
4299.0 4299.0 4299.0 4300.32 4301.7 4303.081 4304.46 4307.73 4313.607 4319.484 4325.361 4331.238 4339.63 4348.353 4357.075 4365.798 4373.301 4378.519 4383.737 4388.955 4394.172 4396.545 4398.256 4399.968 4401.68 4403.342 4404.877 4406.412 4407.946 4409.481 4411.483 4413.65 4415.817 4417.984 4421.021 4427.472 4433.924 4440.376 4446.829 4454.227 4462.098 4469.97 4477.841 4485.708 4493.542 4501.377 4509.211 4517.046 4525.317 4533.887 4542.456 4551.025 4559.568 4567.681 4575.794 4583.907 4592.02 4599.929 4607.652 4615.375 4623.097 4630.82 4638.6 4646.381
4299.0 4299.0 4299.0 4299.867 4300.773 4301.68 4302.586 4305.333 4310.618 4315.903 4321.188 4326.472 4334.811 4343.549 4352.288 4361.026 4368.615 4374.048 4379.481 4384.915 4390.348 4392.616 4394.15 4395.684 4397.218 4398.635 4399.745 4400.854 4401.963 4403.073 4404.785 4406.709 4408.634 4410.559 4413.416 4419.932 4426.449 4432.965 4439.482 4447.257 4455.661 4464.065 4472.47 4480.866 4489.207 4497.547 4505.888 4514.229 4522.941 4531.909 4540.876 4549.844 4558.773 4567.081 4575.387 4583.694 4592.0 4599.943 4607.553 4615.163 4622.772 4630.382 4637.901 4645.418
4299.0 4299.0 4299.0 4299.618 4300.263 4300.909 4301.554 4303.814 4308.301 4312.788 4317.275 4321.762 4329.333 4337.308 4345.284 4353.259 4360.363 4365.833 4371.303 4376.773 4382.243 4384.773 4386.62 4388.467 4390.314 4392.033 4393.414 4394.795 4396.176 4397.557 4399.658 4402.013 4404.369 4406.724 4410.002 4416.906 4423.81 4430.713 4437.618 4445.742 4454.477 4463.211 4471.946 4480.666 4489.282 4497.898 4506.515 4515.132 4524.049 4533.171 4542.293 4551.416 4560.499 4568.958 4577.417 4585.877 4594.336 4602.3 4609.811 4617.321 4624.832 4632.342 4639.657 4646.968
4299.0 4299.0 4299.0 4299.484 4299.989 4300.495 4301.0 4302.795 4306.367 4309.938 4313.51 4317.082 4323.481 4330.251 4337.021 4343.791 4350.086 4355.491 4360.896 4366.302 4371.708 4374.706 4377.145 4379.584 4382.023 4384.355 4386.403 4388.452 4390.5 4392.548 4395.424 4398.592 4401.76 4404.928 4408.97 4416.445 4423.919 4431.394 4438.868 4447.326 4456.276 4465.226 4474.176 4483.102 4491.863 4500.625 4509.387 4518.149 4527.135 4536.273 4545.412 4554.55 4563.656 4572.245 4580.833 4589.422 4598.01 4605.988 4613.407 4620.826 4628.245 4635.664 4642.808 4649.947
4299.0 4299.0 4299.0 4299.35 4299.715 4300.081 4300.447 4301.775 4304.432 4307.089 4309.746 4312.403 4317.63 4323.194 4328.758 4334.322 4339.809 4345.149 4350.49 4355.831 4361.171 4364.638 4367.669 4370.701 4373.732 4376.677 4379.393 4382.108 4384.824 4387.54 4391.191 4395.171 4399.152 4403.133 4407.938 4415.983 4424.028 4432.073 4440.119 4448.91 4458.075 4467.241 4476.406 4485.538 4494.445 4503.352 4512.259 4521.167 4530.221 4539.375 4548.53 4557.685 4566.813 4575.531 4584.249 4592.966 4601.684 4609.676 4617.004 4624.331 4631.658 4638.985 4645.958 4652.926
4299.0 4299.0 4299.0 4299.216 4299.442 4299.667 4299.893 4300.756 4302.498 4304.24 4305.981 4307.723 4311.778 4316.137 4320.495 4324.854 4329.531 4334.808 4340.083 4345.36 4350.636 4354.571 4358.194 4361.818 4365.441 4368.999 4372.382 4375.765 4379.148 4382.531 4386.957 4391.75 4396.544 4401.337 4406.907 4415.522 4424.138 4432.753 4441.369 4450.495 4459.875 4469.255 4478.636 4487.974 4497.026 4506.079 4515.131 4524.184 4533.307 4542.478 4551.648 4560.819 4569.971 4578.818 4587.665 4596.511 4605.358 4613.364 4620.6 4627.836 4635.072 4642.308 4649.109 4655.904
4299.0 4299.0 4299.0 4299.092 4299.188 4299.284 4299.38 4299.81 4300.701 4301.591 4302.481 4303.372 4306.305 4309.506 4312.707 4315.908 4319.794 4324.964 4330.134 4335.305 4340.475 4344.856 4349.053 4353.25 4357.448 4361.606 4365.66 4369.713 4373.768 4377.821 4383.0 4388.576 4394.152 4399.728 4406.03 4415.187 4424.344 4433.5 4442.657 4452.096 4461.675 4471.255 4480.835 4490.364 4499.549 4508.734 4517.919 4527.105 4536.29 4545.476 4554.661 4563.847 4573.019 4581.981 4590.943 4599.905 4608.867 4616.878 4624.019 4631.16 4638.3 4645.44 4652.081 4658.713
4299.0 4299.0 4299.0 4299.071 4299.146 4299.22 4299.295 4299.636 4300.343 4301.05 4301.758 4302.465 4304.801 4307.351 4309.901 4312.451 4315.725 4320.356 4324.989 4329.621 4334.253 4338.842 4343.422 4348.001 4352.581 4357.209 4361.969 4366.728 4371.487 4376.246 4381.951 4387.989 4394.028 4400.067 4406.786 4416.173 4425.562 4434.95 4444.338 4453.875 4463.487 4473.1 4482.711 4492.268 4501.453 4510.639 4519.824 4529.009 4538.194 4547.38 4556.565 4565.751 4574.922 4583.852 4592.781 4601.71 4610.64 4618.566 4625.572 4632.578 4639.584 4646.59 4653.17 4659.744
4299.0 4299.0 4299.0 4299.051 4299.104 4299.157 4299.21 4299.461 4299.985 4300.51 4301.034 4301.559 4303.298 4305.196 4307.095 4308.993 4311.655 4315.749 4319.843 4323.937 4328.031 4332.829 4337.791 4342.752 4347.714 4352.813 4358.278 4363.742 4369.206 4374.67 4380.901 4387.403 4393.904 4400.406 4407.541 4417.16 4426.779 4436.399 4446.019 4455.655 4465.299 4474.944 4484.588 4494.173 4503.358 4512.543 4521.729 4530.914 4540.099 4549.285 4558.47 4567.656 4576.824 4585.722 4594.619 4603.516 4612.414 4620.254 4627.125 4633.997 4640.868 4647.74 4654.259 4660.773
4299.0 4299.0 4299.0 4299.03 4299.062 4299.093 4299.125 4299.287 4299.628 4299.969 4300.311 4300.652 4301.794 4303.042 4304.289 4305.536 4307.586 4311.142 4314.697 4318.253 4321.809 4326.815 4332.159 4337.503 4342.847 4348.417 4354.587 4360.756 4366.925 4373.094 4379.852 4386.816 4393.781 4400.745 4408.295 4418.146 4427.998 4437.848 4447.699 4457.434 4467.111 4476.788 4486.464 4496.077 4505.262 4514.448 4523.633 4532.818 4542.003 4551.189 4560.375 4569.56 4578.727 4587.592 4596.457 4605.322 4614.187 4621.941 4628.679 4635.416 4642.152 4648.889 4655.349 4661.804
