data/zism_data/00508_02_D.txt
ncols         224
nrows         224
[rows 56 to 83 of 224, columns 0 to 62 of 224]
3723.9 3730.467 3737.035 3743.81 3750.84 3757.869 3764.899 3771.928 3775.531 3778.747 3781.963 3785.179 3789.267 3794.988 3800.708 3806.429 3812.15 3816.569 3820.657 3824.745 3828.833 3833.445 3839.661 3845.877 3852.094 3858.309 3863.409 3868.021 3872.632 3877.244 3881.577 3884.266 3886.955 3889.643 3892.332 3894.285 3895.736 3897.187 3898.637 3900.218 3904.655 3909.093 3913.53 3917.968 3921.296 3923.481 3925.667 3927.853 3930.039 3931.125 3932.143 3933.161 3934.18 3936.195 3939.761 3943.327 3946.893 3950.459 3953.108 3955.583 3958.058 3960.533 3964.182
3729.655 3737.116 3744.577 3751.936 3759.17 3766.404 3773.638 3780.872 3784.742 3788.233 3791.723 3795.214 3799.621 3805.745 3811.87 3817.995 3824.119 3828.787 3833.085 3837.383 3841.681 3846.595 3853.392 3860.189 3866.987 3873.784 3879.274 3884.192 3889.111 3894.029 3898.547 3900.703 3902.859 3905.015 3907.171 3908.63 3909.612 3910.594 3911.577 3912.677 3916.383 3920.089 3923.794 3927.5 3930.459 3932.65 3934.841 3937.032 3939.223 3940.249 3941.203 3942.156 3943.11 3945.091 3948.667 3952.244 3955.821 3959.398 3961.741 3963.85 3965.959 3968.068 3971.338
3735.41 3743.764 3752.119 3760.062 3767.501 3774.939 3782.378 3789.816 3793.954 3797.719 3801.484 3805.249 3809.975 3816.504 3823.032 3829.56 3836.088 3841.006 3845.514 3850.022 3854.53 3859.745 3867.123 3874.501 3881.88 3889.259 3895.139 3900.365 3905.59 3910.815 3915.518 3917.141 3918.764 3920.387 3922.01 3922.975 3923.489 3924.003 3924.517 3925.138 3928.112 3931.085 3934.058 3937.032 3939.623 3941.819 3944.015 3946.212 3948.408 3949.374 3950.263 3951.152 3952.041 3953.986 3957.574 3961.161 3964.749 3968.336 3970.374 3972.116 3973.86 3975.603 3978.494
3739.65 3748.491 3757.332 3765.606 3773.186 3780.766 3788.346 3795.925 3800.792 3805.351 3809.911 3814.471 3819.846 3826.751 3833.656 3840.561 3847.466 3852.613 3857.313 3862.012 3866.712 3871.959 3878.883 3885.807 3892.73 3899.654 3905.238 3910.237 3915.235 3920.233 3924.756 3926.48 3928.204 3929.927 3931.651 3932.606 3933.037 3933.467 3933.897 3934.429 3937.186 3939.944 3942.701 3945.458 3948.033 3950.42 3952.808 3955.195 3957.583 3958.532 3959.393 3960.253 3961.114 3963.039 3966.619 3970.2 3973.78 3977.36 3979.244 3980.807 3982.369 3983.932 3986.434
3743.604 3752.854 3762.104 3770.661 3778.37 3786.079 3793.788 3801.497 3807.179 3812.632 3818.086 3823.539 3829.626 3836.903 3844.179 3851.455 3858.731 3864.104 3868.992 3873.88 3878.768 3883.997 3890.27 3896.542 3902.814 3909.087 3914.244 3918.914 3923.584 3928.254 3932.529 3934.473 3936.417 3938.362 3940.306 3941.344 3941.764 3942.184 3942.603 3943.119 3945.758 3948.397 3951.036 3953.675 3956.301 3958.915 3961.528 3964.141 3966.755 3967.697 3968.536 3969.375 3970.215 3972.123 3975.692 3979.261 3982.831 3986.4 3988.161 3989.578 3990.995 3992.412 3994.522
3747.557 3757.216 3766.875 3775.716 3783.554 3791.392 3799.23 3807.068 3813.566 3819.913 3826.26 3832.607 3839.406 3847.054 3854.701 3862.349 3869.997 3875.594 3880.671 3885.747 3890.824 3896.034 3901.656 3907.277 3912.898 3918.519 3923.25 3927.592 3931.933 3936.275 3940.301 3942.466 3944.631 3946.796 3948.96 3950.082 3950.491 3950.9 3951.309 3951.809 3954.33 3956.85 3959.371 3961.891 3964.569 3967.408 3970.248 3973.087 3975.927 3976.862 3977.679 3978.497 3979.315 3981.205 3984.764 3988.323 3991.882 3995.44 3997.077 3998.348 3999.62 4000.892 4002.61
3751.51 3761.578 3771.647 3780.771 3788.738 3796.706 3804.673 3812.64 3819.954 3827.194 3834.434 3841.675 3849.186 3857.205 3865.224 3873.243 3881.262 3887.086 3892.351 3897.615 3902.88 3908.072 3913.042 3918.012 3922.982 3927.952 3932.256 3936.269 3940.282 3944.296 3948.073 3950.458 3952.844 3955.23 3957.615 3958.82 3959.218 3959.616 3960.014 3960.5 3962.902 3965.304 3967.706 3970.108 3972.837 3975.902 3978.968 3982.034 3985.099 3986.027 3986.823 3987.619 3988.416 3990.289 3993.837 3997.385 4000.933 4004.48 4005.993 4007.119 4008.246 4009.373 4010.699
3754.786 3764.921 3775.056 3784.238 3792.253 3800.267 3808.282 3816.297 3824.24 3832.176 3840.111 3848.046 3856.118 3864.447 3872.775 3881.103 3889.431 3895.534 3901.071 3906.608 3912.145 3917.457 3922.084 3926.71 3931.337 3935.964 3940.062 3943.928 3947.795 3951.661 3955.343 3957.931 3960.519 3963.108 3965.696 3967.112 3967.727 3968.342 3968.957 3969.647 3971.981 3974.316 3976.65 3978.984 3981.716 3984.857 3987.998 3991.139 3994.28 3995.167 3995.916 3996.664 3997.413 3999.229 4002.705 4006.182 4009.658 4013.135 4014.537 4015.546 4016.555 4017.564 4018.517
3756.514 3765.933 3775.352 3784.077 3791.952 3799.827 3807.701 3815.576 3823.723 3831.901 3840.078 3848.256 3856.544 3865.039 3873.534 3882.029 3890.524 3897.03 3903.03 3909.029 3915.029 3920.779 3925.766 3930.754 3935.741 3940.728 3945.123 3949.259 3953.395 3957.53 3961.465 3964.215 3966.965 3969.715 3972.464 3974.384 3975.736 3977.089 3978.441 3979.838 3982.221 3984.604 3986.987 3989.37 3991.994 3994.865 3997.737 4000.609 4003.481 4004.251 4004.892 4005.533 4006.174 4007.842 4011.109 4014.375 4017.642 4020.908 4022.232 4023.188 4024.143 4025.098 4025.717
3758.242 3766.945 3775.649 3783.917 3791.651 3799.386 3807.121 3814.855 3823.206 3831.625 3840.045 3848.465 3856.969 3865.632 3874.293 3882.956 3891.617 3898.526 3904.989 3911.451 3917.913 3924.101 3929.449 3934.797 3940.145 3945.493 3950.185 3954.59 3958.994 3963.399 3967.588 3970.499 3973.41 3976.322 3979.233 3981.656 3983.746 3985.836 3987.926 3990.03 3992.462 3994.893 3997.324 3999.756 4002.271 4004.874 4007.477 4010.079 4012.682 4013.335 4013.868 4014.402 4014.935 4016.456 4019.512 4022.569 4025.626 4028.682 4029.927 4030.829 4031.73 4032.632 4032.918
3759.97 3767.958 3775.945 3783.756 3791.351 3798.945 3806.54 3814.135 3822.688 3831.351 3840.012 3848.675 3857.395 3866.224 3875.052 3883.882 3892.71 3900.022 3906.947 3913.872 3920.798 3927.423 3933.132 3938.84 3944.549 3950.257 3955.246 3959.92 3964.594 3969.268 3973.71 3976.783 3979.856 3982.928 3986.001 3988.928 3991.755 3994.583 3997.41 4000.222 4002.702 4005.181 4007.661 4010.141 4012.549 4014.882 4017.216 4019.549 4021.883 4022.419 4022.844 4023.27 4023.696 4025.069 4027.916 4030.762 4033.609 4036.456 4037.622 4038.47 4039.317 4040.165 4040.118
3761.698 3768.97 3776.241 3783.595 3791.05 3798.504 3805.959 3813.414 3822.171 3831.075 3839.98 3848.884 3857.82 3866.816 3875.812 3884.808 3893.803 3901.517 3908.906 3916.294 3923.682 3930.746 3936.815 3942.884 3948.953 3955.022 3960.308 3965.251 3970.194 3975.137 3979.833 3983.067 3986.301 3989.535 3992.77 3996.2 3999.765 4003.329 4006.894 4010.414 4012.942 4015.47 4017.998 4020.527 4022.826 4024.891 4026.955 4029.02 4031.084 4031.503 4031.821 4032.139 4032.457 4033.682 4036.319 4038.956 4041.593 4044.23 4045.317 4046.111 4046.905 4047.698 4047.319
3764.299 3770.35 3776.401 3782.732 3789.406 3796.08 3802.754 3809.428 3818.019 3826.827 3835.634 3844.442 3853.448 3862.825 3872.203 3881.581 3890.958 3899.218 3907.193 3915.168 3923.143 3930.788 3937.425 3944.061 3950.698 3957.334 3963.135 3968.571 3974.006 3979.442 3984.633 3988.38 3992.127 3995.874 3999.621 4003.737 4008.105 4012.473 4016.842 4021.133 4023.726 4026.319 4028.912 4031.505 4033.64 4035.303 4036.966 4038.629 4040.292 4040.618 4040.861 4041.105 4041.348 4042.391 4044.677 4046.964 4049.25 4051.537 4052.176 4052.502 4052.828 4053.155 4052.219
3767.163 3771.842 3776.52 3781.657 3787.357 3793.057 3798.757 3804.457 3812.77 3821.378 3829.987 3838.595 3847.626 3857.451 3867.275 3877.1 3886.924 3895.772 3904.371 3912.971 3921.57 3929.841 3937.108 3944.374 3951.64 3958.906 3965.288 3971.284 3977.279 3983.274 3989.033 3993.4 3997.766 4002.132 4006.498 4011.354 4016.546 4021.738 4026.929 4032.011 4034.674 4037.337 4040.001 4042.664 4044.617 4045.838 4047.06 4048.282 4049.503 4049.743 4049.921 4050.1 4050.279 4051.129 4053.022 4054.916 4056.809 4058.702 4058.781 4058.516 4058.25 4057.984 4056.425
3770.027 3773.333 3776.639 3780.583 3785.309 3790.034 3794.76 3799.485 3807.521 3815.93 3824.339 3832.749 3841.805 3852.077 3862.347 3872.619 3882.89 3892.326 3901.55 3910.774 3919.998 3928.894 3936.79 3944.686 3952.582 3960.478 3967.441 3973.996 3980.551 3987.106 3993.434 3998.419 4003.404 4008.389 4013.374 4018.971 4024.987 4031.002 4037.017 4042.889 4045.622 4048.355 4051.089 4053.822 4055.593 4056.373 4057.153 4057.934 4058.714 4058.867 4058.981 4059.095 4059.209 4059.866 4061.367 4062.867 4064.368 4065.868 4065.386 4064.529 4063.671 4062.813 4060.631
3772.892 3774.825 3776.758 3779.508 3783.26 3787.011 3790.762 3794.514 3802.271 3810.482 3818.692 3826.902 3835.984 3846.702 3857.42 3868.138 3878.855 3888.88 3898.729 3908.576 3918.425 3927.947 3936.473 3944.998 3953.524 3962.05 3969.594 3976.709 3983.824 3990.939 3997.835 4003.439 4009.043 4014.647 4020.251 4026.589 4033.427 4040.266 4047.105 4053.768 4056.571 4059.374 4062.177 4064.98 4066.569 4066.908 4067.247 4067.586 4067.925 4067.991 4068.041 4068.091 4068.14 4068.604 4069.711 4070.819 4071.927 4073.034 4071.992 4070.542 4069.093 4067.643 4064.837
3776.296 3776.948 3777.599 3779.242 3782.101 3784.959 3787.818 3790.676 3798.026 3805.884 3813.741 3821.598 3830.572 3841.638 3852.704 3863.77 3874.836 3885.364 3895.756 3906.147 3916.538 3926.61 3935.703 3944.796 3953.889 3962.982 3971.092 3978.773 3986.454 3994.135 4001.621 4007.957 4014.292 4020.627 4026.963 4033.965 4041.422 4048.88 4056.337 4063.592 4066.38 4069.168 4071.956 4074.744 4076.159 4076.159 4076.159 4076.159 4076.159 4076.159 4076.159 4076.159 4076.159 4076.452 4077.203 4077.954 4078.705 4079.456 4077.87 4075.84 4073.811 4071.782 4068.363
3781.489 3781.161 3780.833 3781.656 3783.89 3786.124 3788.358 3790.592 3797.105 3804.102 3811.098 3818.094 3826.513 3837.601 3848.688 3859.776 3870.863 3881.615 3892.281 3902.947 3913.613 3923.98 3933.434 3942.887 3952.341 3961.794 3970.423 3978.691 3986.958 3995.226 4003.374 4010.812 4018.251 4025.69 4033.128 4040.543 4047.941 4055.34 4062.738 4069.923 4072.415 4074.907 4077.399 4079.891 4081.156 4081.156 4081.156 4081.156 4081.156 4081.156 4081.156 4081.156 4081.156 4081.357 4081.871 4082.385 4082.899 4083.413 4081.336 4078.769 4076.201 4073.634 4069.634
3786.682 3785.374 3784.067 3784.07 3785.68 3787.289 3788.899 3790.509 3796.185 3802.32 3808.455 3814.59 3822.455 3833.564 3844.673 3855.782 3866.891 3877.865 3888.806 3899.746 3910.687 3921.35 3931.164 3940.978 3950.793 3960.607 3969.753 3978.608 3987.462 3996.317 4005.126 4013.668 4022.21 4030.752 4039.294 4047.121 4054.46 4061.799 4069.138 4076.254 4078.45 4080.646 4082.842 4085.038 4086.152 4086.152 4086.152 4086.152 4086.152 4086.152 4086.152 4086.152 4086.152 4086.261 4086.538 4086.815 4087.092 4087.369 4084.803 4081.697 4078.591 4075.486 4070.906
3791.875 3789.588 3787.301 3786.484 3787.469 3788.454 3789.44 3790.425 3795.264 3800.538 3805.812 3811.085 3818.396 3829.527 3840.657 3851.788 3862.919 3874.116 3885.331 3896.546 3907.761 3918.72 3928.895 3939.069 3949.244 3959.419 3969.083 3978.525 3987.966 3997.407 4006.878 4016.523 4026.169 4035.814 4045.46 4053.699 4060.979 4068.259 4075.539 4082.585 4084.485 4086.385 4088.285 4090.185 4091.149 4091.149 4091.149 4091.149 4091.149 4091.149 4091.149 4091.149 4091.149 4091.165 4091.205 4091.246 4091.286 4091.326 4088.27 4084.625 4080.981 4077.337 4072.177
3797.068 3793.801 3790.534 3788.897 3789.259 3789.619 3789.98 3790.341 3794.343 3798.756 3803.168 3807.581 3814.338 3825.49 3836.642 3847.794 3858.946 3870.367 3881.857 3893.346 3904.836 3916.09 3926.625 3937.161 3947.696 3958.232 3968.414 3978.442 3988.47 3998.498 4008.63 4019.379 4030.128 4040.877 4051.625 4060.278 4067.498 4074.719 4081.94 4088.916 4090.52 4092.124 4093.728 4095.332 4096.146 4096.146 4096.146 4096.146 4096.146 4096.146 4096.146 4096.146 4096.146 4096.069 4095.872 4095.676 4095.479 4095.283 4091.736 4087.554 4083.372 4079.189 4073.448
3805.05 3801.133 3797.216 3794.825 3794.303 3793.781 3793.259 3792.738 3796.229 3800.174 3804.118 3808.063 3814.375 3825.126 3835.876 3846.627 3857.377 3868.395 3879.481 3890.567 3901.654 3912.608 3923.16 3933.711 3944.263 3954.815 3965.196 3975.504 3985.812 3996.119 4006.6 4018.104 4029.608 4041.112 4052.616 4061.749 4069.262 4076.775 4084.289 4091.538 4092.977 4094.416 4095.855 4097.294 4098.024 4098.024 4098.024 4098.024 4098.024 4098.024 4098.024 4098.024 4098.024 4097.93 4097.687 4097.445 4097.203 4096.96 4093.388 4089.184 4084.98 4080.776 4074.797
3814.252 3809.829 3805.406 3802.289 3800.771 3799.254 3797.737 3796.219 3799.344 3802.992 3806.641 3810.289 3816.204 3826.368 3836.531 3846.696 3856.859 3867.2 3877.587 3887.973 3898.36 3908.754 3919.171 3929.588 3940.005 3950.422 3960.864 3971.317 3981.77 3992.223 4002.915 4015.022 4027.129 4039.236 4051.343 4060.985 4068.946 4076.906 4084.866 4092.538 4093.869 4095.201 4096.532 4097.863 4098.539 4098.539 4098.539 4098.539 4098.539 4098.539 4098.539 4098.539 4098.539 4098.458 4098.254 4098.049 4097.845 4097.64 4094.246 4090.246 4086.247 4082.248 4076.18
3823.454 3818.526 3813.597 3809.753 3807.24 3804.727 3802.213 3799.7 3802.458 3805.81 3809.163 3812.515 3818.033 3827.61 3837.187 3846.764 3856.341 3866.006 3875.693 3885.379 3895.066 3904.9 3915.182 3925.465 3935.747 3946.03 3956.531 3967.13 3977.728 3988.326 3999.23 4011.94 4024.65 4037.36 4050.069 4060.222 4068.629 4077.036 4085.443 4093.538 4094.761 4095.985 4097.208 4098.433 4099.053 4099.053 4099.053 4099.053 4099.053 4099.053 4099.053 4099.053 4099.053 4098.988 4098.821 4098.654 4098.487 4098.32 4095.104 4091.309 4087.514 4083.719 4077.563
3832.657 3827.222 3821.787 3817.218 3813.708 3810.199 3806.69 3803.182 3805.572 3808.629 3811.685 3814.741 3819.862 3828.853 3837.843 3846.833 3855.823 3864.811 3873.798 3882.785 3891.772 3901.045 3911.193 3921.341 3931.489 3941.637 3952.199 3962.943 3973.686 3984.43 3995.546 4008.858 4022.171 4035.484 4048.796 4059.459 4068.313 4077.166 4086.02 4094.537 4095.653 4096.769 4097.885 4099.001 4099.567 4099.567 4099.567 4099.567 4099.567 4099.567 4099.567 4099.567 4099.567 4099.517 4099.388 4099.258 4099.129 4099.0 4095.961 4092.371 4088.781 4085.191 4078.945
3842.37 3836.564 3830.758 3825.567 3821.129 3816.691 3812.253 3807.816 3809.763 3812.43 3815.098 3817.766 3822.401 3830.726 3839.051 3847.376 3855.7 3864.015 3872.327 3880.639 3888.952 3897.692 3907.743 3917.793 3927.843 3937.893 3948.519 3959.397 3970.274 3981.152 3992.448 4006.209 4019.97 4033.731 4047.491 4058.565 4067.805 4077.044 4086.284 4095.168 4096.24 4097.313 4098.384 4099.456 4100.0 4100.0 4100.0 4100.0 4100.0 4100.0 4100.0 4100.0 4100.0 4099.959 4099.854 4099.75 4099.646 4099.541 4096.572 4093.061 4089.549 4086.037 4079.635
3854.781 3849.314 3843.847 3838.584 3833.57 3828.557 3823.543 3818.529 3819.629 3821.42 3823.21 3825.001 3828.688 3835.931 3843.173 3850.416 3857.659 3865.321 3873.089 3880.858 3888.627 3896.981 3907.128 3917.275 3927.423 3937.57 3948.277 3959.231 3970.184 3981.137 3992.444 4005.839 4019.234 4032.629 4046.023 4056.987 4066.292 4075.595 4084.9 4093.858 4095.221 4096.583 4097.946 4099.309 4100.0 4100.0 4100.0 4100.0 4100.0 4100.0 4100.0 4100.0 4100.0 4099.942 4099.794 4099.647 4099.5 4099.352 4095.883 4091.785 4087.686 4083.588 4076.673
3867.192 3862.064 3856.936 3851.601 3846.011 3840.422 3834.832 3829.242 3829.496 3830.409 3831.322 3832.235 3834.974 3841.135 3847.295 3853.457 3859.617 3866.626 3873.851 3881.076 3888.302 3896.27 3906.514 3916.758 3927.002 3937.246 3948.036 3959.064 3970.093 3981.122 3992.44 4005.469 4018.498 4031.527 4044.555 4055.409 4064.778 4074.146 4083.515 4092.548 4094.202 4095.855 4097.508 4099.162 4100.0 4100.0 4100.0 4100.0 4100.0 4100.0 4100.0 4100.0 4100.0 4099.925 4099.735 4099.544 4099.354 4099.163 4095.194 4090.509 4085.824 4081.139 4073.71
