data/zism_data/00509_01_D.txt
ncols         224
nrows         224
[rows 140 to 167 of 224, columns 64 to 127 of 224]
412.7665 405.0908 401.4598 399.8583 398.2567 396.6552 395.2007 395.4361 395.6715 395.907 396.1424 396.0924 395.7504 395.4084 395.0663 394.7243 389.0545 382.8464 376.6385 370.4305 360.6674 343.4306 326.1941 308.9576 291.7211 276.0577 260.9576 245.8575 230.7574 218.2507 220.3721 222.4936 224.6151 226.7365 233.5043 243.8535 254.2028 264.5519 274.9011 269.7584 264.2806 258.8029 253.3252 246.3129 236.9296 227.5465 218.1634 208.7801 205.8514 204.4655 203.0796 201.6937 200.8958 202.1686 203.4413 204.7141 205.9868 213.873 225.5555 237.2382 248.9207 260.2253 264.2613 268.2972
406.6215 400.8683 398.502 397.8352 397.1684 396.5016 395.9201 396.3202 396.7202 397.1203 397.5204 397.412 396.7832 396.1544 395.5255 394.8967 388.6797 381.898 375.1164 368.3349 358.3851 341.775 325.1652 308.5554 291.9456 276.7721 262.1128 247.4535 232.7942 220.7755 223.651 226.5266 229.4022 232.2778 239.2688 249.4321 259.5955 269.7587 279.922 273.7045 267.1327 260.561 253.9893 246.1919 236.5006 226.8094 217.1183 207.427 204.636 203.4944 202.3528 201.2112 200.4697 201.137 201.8043 202.4716 203.1389 210.261 221.0885 231.9161 242.7436 253.2994 258.6313 263.9631
400.4765 396.6458 395.5443 395.8121 396.08 396.3479 396.6395 397.2042 397.769 398.3336 398.8984 398.7316 397.816 396.9004 395.9847 395.0691 388.3048 380.9495 373.5944 366.2392 356.1028 340.1194 324.1364 308.1533 292.1702 277.4865 263.2679 249.0495 234.831 223.3002 226.9299 230.5596 234.1894 237.819 245.0334 255.0107 264.9882 274.9655 284.9429 277.6507 269.9848 262.3192 254.6535 246.0709 236.0715 226.0724 216.0732 206.0739 203.4206 202.5233 201.626 200.7287 200.0435 200.1054 200.1673 200.2292 200.291 206.6491 216.6215 226.594 236.5664 246.3735 253.0013 259.6289
391.3844 388.4892 388.4528 389.8509 391.2489 392.6469 394.0297 395.2358 396.442 397.6482 398.8544 398.8775 397.6894 396.5013 395.3131 394.125 386.5117 378.2491 369.9866 361.7241 351.4177 336.8145 322.2115 307.6085 293.0055 280.218 268.0805 255.943 243.8055 233.9937 237.3 240.6062 243.9126 247.2188 253.455 261.9494 270.4441 278.9385 287.433 280.1726 272.5715 264.9704 257.3694 248.6169 238.0854 227.5542 217.0229 206.4914 203.6749 202.7024 201.7299 200.7574 200.0 200.0 200.0 200.0 200.0 205.2925 213.6231 221.9539 230.2846 238.5112 244.7373 250.9634
381.9568 379.8848 380.8909 383.4413 385.9918 388.5422 391.0408 392.9428 394.8447 396.7466 398.6486 398.8898 397.4308 395.9719 394.5129 393.0539 384.5571 375.3492 366.1414 356.9336 346.4591 333.3217 320.1846 307.0475 293.9103 283.1793 273.3094 263.4396 253.5697 245.6169 248.4771 251.3373 254.1976 257.0578 262.179 269.043 275.9071 282.7711 289.6351 282.5326 275.1279 267.7233 260.3188 251.4665 240.3774 229.2885 218.1996 207.1105 204.0963 203.0123 201.9283 200.8443 200.0 200.0 200.0 200.0 200.0 204.1926 210.792 217.3914 223.9908 230.5423 236.1736 241.8048
372.5293 371.2805 373.329 377.0318 380.7347 384.4376 388.052 390.6497 393.2474 395.845 398.4427 398.9021 397.1722 395.4424 393.7126 391.9828 382.6026 372.4493 362.2962 352.1431 341.5005 329.829 318.1577 306.4864 294.8151 286.1405 278.5383 270.9361 263.3339 257.2401 259.6543 262.0684 264.4826 266.8967 270.903 276.1365 281.3701 286.6036 291.8371 284.8925 277.6843 270.4762 263.2682 254.316 242.6693 231.0228 219.3763 207.7296 204.5178 203.3223 202.1267 200.9311 200.0 200.0 200.0 200.0 200.0 203.0927 207.9608 212.8289 217.697 222.5734 227.6098 232.6462
363.1018 362.6761 365.7671 370.6223 375.4776 380.3329 385.0632 388.3566 391.65 394.9435 398.2369 398.9143 396.9137 394.913 392.9123 390.9117 380.648 369.5494 358.451 347.3525 336.542 326.3363 316.1309 305.9254 295.7199 289.1017 283.7672 278.4326 273.0981 268.8633 270.8314 272.7995 274.7676 276.7357 279.627 283.2301 286.8332 290.4362 294.0392 287.2523 280.2407 273.2291 266.2176 257.1656 244.9613 232.7572 220.553 208.3487 204.9393 203.6322 202.3251 201.018 200.0 200.0 200.0 200.0 200.0 201.9928 205.1296 208.2664 211.4032 214.6045 219.0461 223.4876
353.2205 353.3327 357.2188 362.9982 368.7776 374.5571 380.2088 384.3905 388.5723 392.7541 396.9359 397.9201 395.6307 393.3414 391.052 388.7626 377.8763 366.1212 354.3663 342.6114 331.7831 322.9025 314.022 305.1416 296.2611 291.368 287.9017 284.4355 280.9692 278.2598 279.8192 281.3787 282.9382 284.4976 286.4696 288.7595 291.0495 293.3395 295.6294 288.9059 281.9873 275.0688 268.1503 259.0612 246.6184 234.1759 221.7334 209.2906 205.8675 204.6005 203.3334 202.0663 201.0417 200.8705 200.6993 200.5281 200.3569 201.4377 203.2373 205.0368 206.8364 208.734 212.5184 216.3026
342.4417 342.5273 346.7192 352.9713 359.2234 365.4755 371.6636 377.1148 382.5659 388.0171 393.4684 394.9346 392.3212 389.7079 387.0945 384.4811 373.4879 361.6478 349.8079 337.968 327.4195 319.5852 311.7511 303.917 296.0829 292.2596 289.8715 287.4834 285.0953 283.2513 284.4762 285.701 286.9259 288.1507 289.5901 291.1949 292.7997 294.4045 296.0092 289.162 282.1319 275.1019 268.0719 259.0695 247.0198 234.9702 222.9207 210.871 207.7981 206.871 205.9439 205.0168 204.1441 203.463 202.7819 202.1008 201.4197 201.9603 203.2022 204.4441 205.6859 207.0149 210.0184 213.0219
331.6628 331.7219 336.2197 342.9445 349.6692 356.394 363.1185 369.8391 376.5596 383.2802 390.0008 391.9491 389.0117 386.0744 383.137 380.1997 369.0995 357.1744 345.2495 333.3247 323.0558 316.2679 309.4802 302.6924 295.9047 293.1512 291.8412 290.5313 289.2214 288.2428 289.1331 290.0233 290.9136 291.8039 292.7107 293.6303 294.5499 295.4695 296.3891 289.4182 282.2765 275.1349 267.9934 259.0778 247.4211 235.7646 224.1081 212.4514 209.7287 209.1416 208.5544 207.9672 207.2464 206.0555 204.8645 203.6735 202.4826 202.4829 203.1671 203.8513 204.5355 205.2957 207.5185 209.7412
320.8839 320.9165 325.7202 332.9176 340.115 347.3124 354.5734 362.5633 370.5533 378.5432 386.5333 388.9636 385.7023 382.4409 379.1795 375.9182 364.7111 352.701 340.6912 328.6813 318.6921 312.9507 307.2093 301.4678 295.7264 294.0428 293.811 293.5793 293.3475 293.2343 293.79 294.3456 294.9013 295.457 295.8312 296.0656 296.3 296.5345 296.7689 289.6743 282.4211 275.168 267.915 259.0861 247.8224 236.559 225.2955 214.0319 211.6593 211.4121 211.1648 210.9176 210.3488 208.648 206.9471 205.2463 203.5454 203.0055 203.132 203.2585 203.385 203.5765 205.0185 206.4605
310.1051 310.1111 315.2206 322.8907 330.5608 338.2308 346.0282 355.2876 364.5469 373.8062 383.0657 385.9781 382.3928 378.8075 375.2221 371.6367 360.3227 348.2276 336.1328 324.0379 314.3285 309.6334 304.9383 300.2433 295.5482 294.9343 295.7807 296.6272 297.4736 298.2258 298.4469 298.668 298.8891 299.1101 298.9518 298.501 298.0502 297.5995 297.1487 289.9305 282.5657 275.2011 267.8365 259.0943 248.2237 237.3533 226.4829 215.6123 213.59 213.6826 213.7753 213.868 213.4512 211.2405 209.0298 206.819 204.6083 203.5281 203.097 202.6658 202.2346 201.8574 202.5186 203.1798
306.1964 306.1964 310.7102 317.4887 324.2672 331.0458 338.0051 347.0421 356.0791 365.1161 374.1532 376.8458 373.0434 369.2409 365.4384 361.6359 350.639 338.9151 327.1914 315.4677 306.0953 301.6658 297.2362 292.8067 288.3772 288.821 291.0085 293.196 295.3835 297.3248 297.877 298.4291 298.9813 299.5335 299.2948 298.4465 297.5983 296.75 295.9017 288.3809 280.7157 273.0506 265.3854 257.316 248.6217 239.9277 231.2336 222.5394 221.8513 223.077 224.3027 225.5284 225.7422 222.3929 219.0437 215.6944 212.3451 209.8585 207.867 205.8755 203.884 202.006 202.3097 202.6135
304.2967 304.2967 307.9512 313.4393 318.9273 324.4153 330.1347 338.5131 346.8914 355.2698 363.6483 365.9159 361.9276 357.9393 353.9509 349.9626 339.4068 328.1874 316.9683 305.7491 296.7306 292.3382 287.9459 283.5536 279.1613 280.6592 284.2646 287.8701 291.4756 294.7005 295.7784 296.8564 297.9344 299.0123 298.8256 297.6639 296.5023 295.3407 294.1791 286.3033 278.2823 270.2614 262.2405 255.0152 249.0188 243.0226 237.0263 231.03 231.964 234.5547 237.1453 239.736 240.7203 236.0487 231.377 226.7053 222.0337 217.8873 214.0423 210.1973 206.3523 202.7009 202.7709 202.8409
302.3971 302.3971 305.1923 309.3898 313.5873 317.7849 322.2643 329.9841 337.7038 345.4236 353.1434 354.986 350.8118 346.6376 342.4633 338.2892 328.1746 317.4598 306.7451 296.0305 287.3658 283.0107 278.6555 274.3004 269.9453 272.4973 277.5208 282.5442 287.5677 292.0762 293.6799 295.2837 296.8874 298.4911 298.3563 296.8813 295.4063 293.9314 292.4564 284.2258 275.8489 267.4722 259.0955 252.7143 249.4159 246.1174 242.819 239.5206 242.0767 246.0323 249.988 253.9436 255.6985 249.7044 243.7104 237.7163 231.7222 225.916 220.2176 214.5191 208.8206 203.3957 203.2321 203.0684
300.4975 300.4975 302.4333 305.3404 308.2474 311.1544 314.3939 321.455 328.5162 335.5773 342.6385 344.0561 339.696 335.336 330.9758 326.6158 316.9424 306.7321 296.522 286.3118 278.0011 273.6831 269.3652 265.0472 260.7293 264.3355 270.7769 277.2183 283.6598 289.4519 291.5814 293.7109 295.8405 297.97 297.887 296.0987 294.3104 292.522 290.7337 282.1482 273.4156 264.6831 255.9506 250.4135 249.8129 249.2123 248.6118 248.0112 252.1895 257.51 262.8306 268.1513 270.6766 263.3602 256.0438 248.7272 241.4108 233.9448 226.3929 218.8408 211.2889 204.0906 203.6932 203.2959
299.3391 299.3864 300.5722 302.3293 304.0863 305.8434 307.9565 314.1623 320.368 326.5738 332.7797 333.7471 329.3518 324.9565 320.5612 316.1659 306.9394 297.2246 287.51 277.7954 269.7563 265.2394 260.7226 256.2058 251.6889 255.9335 263.3128 270.6922 278.0716 284.7711 287.6355 290.4999 293.3643 296.2287 296.4798 294.7165 292.9532 291.19 289.4267 280.8027 272.0301 263.2577 254.4853 249.8383 251.5647 253.291 255.0173 256.7436 262.3571 268.8999 275.4426 281.9855 285.2129 276.7675 268.3221 259.8764 251.431 242.385 232.9942 223.6033 214.2125 205.2512 204.5504 203.8497
300.9412 301.2115 302.0545 303.1849 304.3154 305.4458 306.8553 311.4731 316.0909 320.7086 325.3265 325.7504 321.881 318.0114 314.1419 310.2724 301.5137 292.261 283.0085 273.7559 265.6824 260.0873 254.4923 248.8974 243.3024 246.637 253.1667 259.6964 266.2261 272.4319 276.8098 281.1878 285.5658 289.9438 291.5795 291.1015 290.6235 290.1455 289.6675 282.1831 274.5471 266.9111 259.2752 255.6896 258.3613 261.0329 263.7045 266.3762 272.7294 279.9626 287.1958 294.4291 298.1038 289.2495 280.3951 271.5405 262.6861 252.3573 241.1821 230.0067 218.8315 208.1461 206.8824 205.6186
302.5432 303.0366 303.5368 304.0406 304.5444 305.0482 305.7542 308.7839 311.8137 314.8435 317.8733 317.7538 314.41 311.0663 307.7225 304.3788 296.0881 287.2974 278.5069 269.7164 261.6084 254.9352 248.2621 241.5889 234.9158 237.3406 243.0206 248.7006 254.3807 260.0927 265.9842 271.8757 277.7673 283.6588 286.6792 287.4865 288.2937 289.101 289.9083 283.5635 277.064 270.5645 264.0651 261.5409 265.1579 268.7749 272.3918 276.0088 283.1016 291.0253 298.9489 306.8727 310.9947 301.7314 292.468 283.2046 273.9412 262.3296 249.37 236.4101 223.4505 211.0411 209.2143 207.3876
304.1453 304.8616 305.0192 304.8963 304.7735 304.6506 304.653 306.0948 307.5366 308.9784 310.4202 309.7571 306.9391 304.1212 301.3032 298.4853 290.6624 282.3338 274.0054 265.6769 257.5345 249.7831 242.0318 234.2805 226.5293 228.0441 232.8745 237.7048 242.5352 247.7534 255.1585 262.5636 269.9688 277.3739 281.7789 283.8714 285.964 288.0565 290.149 284.9439 279.5809 274.218 268.855 267.3922 271.9545 276.5168 281.0791 285.6414 293.4739 302.088 310.7021 319.3163 323.8856 314.2133 304.5411 294.8686 285.1963 272.3019 257.5579 242.8136 228.0695 213.936 211.5462 209.1566
305.7474 306.6867 306.5015 305.752 305.0025 304.2531 303.5518 303.4056 303.2594 303.1132 302.967 301.7604 299.4683 297.1761 294.8839 292.5917 285.2368 277.3702 269.5038 261.6374 253.4605 244.631 235.8015 226.9721 218.1427 218.7477 222.7283 226.7091 230.6898 235.4142 244.3329 253.2515 262.1703 271.089 276.8786 280.2564 283.6342 287.012 290.3898 286.3243 282.0978 277.8714 273.645 273.2435 278.7512 284.2588 289.7664 295.2741 303.8461 313.1507 322.4552 331.7599 336.7765 326.6953 316.6141 306.5327 296.4514 282.2742 265.7458 249.217 232.6885 216.8309 213.8782 210.9255
313.6563 315.0016 314.3141 312.6068 310.8994 309.192 307.4915 305.8711 304.2507 302.6303 301.0099 299.2253 297.2726 295.3199 293.3672 291.4146 284.2628 276.5858 268.9089 261.232 252.9483 243.389 233.8299 224.2708 214.7116 214.3663 217.3179 220.2694 223.221 227.1257 236.4055 245.6854 254.9654 264.2452 271.0952 276.0724 281.0496 286.0267 291.0038 288.3278 285.4863 282.6448 279.8033 280.5815 286.9518 293.3219 299.6921 306.0623 314.5365 323.5137 332.4908 341.4681 346.1904 335.9314 325.6724 315.4133 305.1543 290.1994 272.549 254.8981 237.2476 220.2923 216.7075 213.1228
324.9666 326.8164 325.5407 322.6968 319.8528 317.0089 314.1498 311.1165 308.0833 305.0501 302.0168 299.6356 297.9219 296.2082 294.4945 292.7809 285.6897 278.0552 270.4208 262.7864 254.3569 244.2558 234.1549 224.054 213.9531 212.6358 214.4613 216.2869 218.1125 221.0216 230.0412 239.0608 248.0805 257.1001 264.8357 271.5815 278.3274 285.0732 291.819 290.6673 289.3448 288.0222 286.6997 288.7214 295.9095 303.0976 310.2856 317.4738 325.3985 333.4993 341.6001 349.701 353.729 343.417 333.105 322.7928 312.4807 297.0207 278.6053 260.1898 241.7745 224.059 219.805 215.551
336.2769 338.6313 336.7673 332.7868 328.8063 324.8259 320.8081 316.362 311.9159 307.4698 303.0237 300.0458 298.5712 297.0965 295.6218 294.1472 287.1166 279.5245 271.9326 264.3408 255.7654 245.1226 234.4799 223.8372 213.1945 210.9052 211.6048 212.3044 213.004 214.9175 223.6768 232.4362 241.1957 249.955 258.5761 267.0906 275.6053 284.1198 292.6342 293.0068 293.2032 293.3997 293.5961 296.8612 304.8673 312.8733 320.8792 328.8853 336.2605 343.4849 350.7094 357.9339 361.2677 350.9026 340.5375 330.1723 319.8072 303.8419 284.6618 265.4814 246.3013 227.8258 222.9025 217.9793
347.5872 350.4461 347.9938 342.8768 337.7598 332.6428 327.4663 321.6074 315.7485 309.8896 304.0305 300.4561 299.2205 297.9848 296.7491 295.5135 288.5434 280.9939 273.4445 265.8952 257.174 245.9893 234.8049 223.6204 212.436 209.1746 208.7482 208.3219 207.8956 208.8134 217.3125 225.8116 234.3109 242.81 252.3166 262.5997 272.8831 283.1663 293.4495 295.3463 297.0617 298.7771 300.4925 305.0011 313.8251 322.6489 331.4727 340.2967 347.1224 353.4706 359.8186 366.1668 368.8064 358.3882 347.9701 337.5518 327.1336 310.6631 290.7182 270.773 250.8281 231.5926 226.0 220.4075
358.7001 361.9667 358.9338 352.7403 346.5468 340.3532 334.0753 326.8287 319.5821 312.3355 305.0887 300.907 299.8629 298.8188 297.7747 296.7305 289.8695 282.4207 274.972 267.5233 258.7063 247.0129 235.3197 223.6265 211.9333 207.7453 206.2427 204.7402 203.2377 203.1955 211.3892 219.5829 227.7768 235.9705 246.288 258.2426 270.1975 282.1521 294.1068 297.4724 300.6524 303.8323 307.0122 312.6633 322.132 331.6007 341.0693 350.5381 356.811 362.32 367.829 373.3381 375.3461 365.0275 354.7089 344.3901 334.0715 317.1957 296.5558 275.9156 255.2758 235.3462 229.0778 222.8096
367.7569 370.4234 366.8895 360.2445 353.5996 346.9547 340.1714 331.7989 323.4263 315.0538 306.6811 301.7802 300.4334 299.0866 297.7398 296.393 290.1457 283.4032 276.6608 269.9184 261.527 249.669 237.8112 225.9534 214.0955 209.4534 207.3933 205.3331 203.273 202.6403 210.0587 217.477 224.8955 232.3138 242.6658 255.279 267.8924 280.5055 293.1187 297.3768 301.4543 305.5317 309.6091 315.35 323.6611 331.972 340.2829 348.5939 354.2791 359.3367 364.3943 369.4519 371.4819 362.8521 354.2223 345.5923 336.9625 320.7229 300.115 279.5067 258.8987 238.9627 231.9509 224.9391
376.8138 378.8801 374.8451 367.7488 360.6525 353.5562 346.2675 336.769 327.2706 317.7721 308.2735 302.6534 301.0039 299.3544 297.7049 296.0554 290.4218 284.3857 278.3496 272.3136 264.3478 252.3251 240.3026 228.2802 216.2577 211.1615 208.5438 205.926 203.3083 202.0852 208.7282 215.3711 222.0142 228.6572 239.0435 252.3153 265.5872 278.8589 292.1306 297.2812 302.2562 307.2311 312.206 318.0368 325.1901 332.3433 339.4965 346.6497 351.7473 356.3534 360.9595 365.5657 367.6177 360.6767 353.7357 346.7946 339.8536 324.2502 303.6741 283.0977 262.5217 242.5793 234.8239 227.0686
