data/zism_data/00500_01_D.txt
ncols         224
nrows         224
[rows 112 to 139 of 224, columns 126 to 188 of 224]
444.6064 436.6628 428.5957 420.5287 412.4618 405.72 402.7336 399.7471 396.7606 393.7742 390.7444 387.6982 384.652 381.6058 378.0538 372.3232 366.5925 360.8618 355.1311 354.4242 356.3966 358.369 360.3414 362.4936 366.0168 369.5399 373.063 376.5861 376.7371 374.4433 372.1495 369.8557 367.1998 356.579 345.958 335.3371 324.7161 316.6056 310.9339 305.2621 299.5903 293.9186 295.2797 296.8507 298.4218 299.9928 302.8731 307.4554 312.0376 316.6198 321.2021 318.5416 315.0633 311.585 308.1066 300.1874 284.4523 268.7171 252.9819 237.2467 228.3805 220.9604 213.5402
452.1597 442.8668 433.0914 423.316 413.5408 405.5198 402.4696 399.4194 396.3692 393.3191 391.5187 390.1934 388.868 387.5427 385.5359 380.5939 375.652 370.71 365.7681 365.0442 366.5699 368.0956 369.6213 371.1808 372.9981 374.8155 376.6328 378.4501 377.4323 374.3592 371.286 368.2128 364.8353 354.7629 344.6903 334.6178 324.5453 316.7975 311.308 305.8186 300.3292 294.8398 296.5612 298.4979 300.4346 302.3712 306.1615 312.3614 318.5612 324.7611 330.961 328.5427 325.1513 321.7599 318.3686 309.9118 292.5399 275.1681 257.7962 240.4243 230.8456 222.9075 214.9694
448.9261 438.7378 427.9311 417.1244 406.3179 397.7783 395.6623 393.5462 391.4302 389.3142 388.8159 388.9322 389.0485 389.1649 388.5469 384.7658 380.9848 377.2037 373.4227 372.8385 373.9592 375.08 376.2007 377.2357 377.6167 377.9978 378.3788 378.7598 377.1572 374.1165 371.0757 368.0349 364.7403 355.8612 346.982 338.1028 329.2236 321.7543 315.6547 309.5551 303.4555 297.3559 298.8289 300.528 302.2271 303.9262 308.1362 315.6104 323.0844 330.5586 338.0327 336.3696 333.6748 330.98 328.2852 319.94 301.6503 283.3605 265.0707 246.7809 236.1906 227.2212 218.2517
445.6927 434.6089 422.771 410.933 399.0952 390.037 388.8551 387.6733 386.4914 385.3095 386.113 387.671 389.229 390.787 391.5577 388.9376 386.3174 383.6972 381.077 380.6325 381.3483 382.0641 382.7798 383.2903 382.2351 381.1799 380.1248 379.0696 376.8821 373.8738 370.8654 367.8571 364.6453 356.9595 349.2736 341.5877 333.9017 326.7109 320.0012 313.2914 306.5816 299.8719 301.0965 302.558 304.0196 305.481 310.1108 318.8592 327.6074 336.3558 345.1042 344.1963 342.198 340.1997 338.2015 329.968 310.7603 291.5526 272.3449 253.1372 241.5354 231.5347 221.534
442.4592 430.4799 417.6107 404.7414 391.8723 382.2955 382.0478 381.8001 381.5524 381.3047 383.4102 386.4098 389.4095 392.4091 394.5687 393.1094 391.6502 390.1909 388.7317 388.4268 388.7376 389.0484 389.3592 389.3451 386.8537 384.3622 381.8708 379.3793 376.607 373.6311 370.6552 367.6792 364.5504 358.0579 351.5653 345.0727 338.58 331.6678 324.3478 317.0279 309.7079 302.388 303.3642 304.5882 305.8121 307.036 312.0855 322.1082 332.1306 342.1533 352.1759 352.0232 350.7215 349.4198 348.1181 339.9962 319.8706 299.745 279.6194 259.4938 246.8803 235.8483 224.8163
439.2258 426.3511 412.4505 398.55 384.6496 374.5543 375.2407 375.9271 376.6136 377.3 380.7073 385.1487 389.59 394.0313 397.5796 397.2812 396.9828 396.6844 396.386 396.2208 396.1267 396.0325 395.9384 395.3997 391.4721 387.5444 383.6168 379.6891 376.3319 373.3884 370.4449 367.5014 364.4554 359.1562 353.8568 348.5575 343.2582 336.6245 328.6943 320.7642 312.8341 304.904 305.6319 306.6182 307.6046 308.5909 314.0601 325.357 336.6537 347.9505 359.2474 359.8498 359.2447 358.6396 358.0344 350.0241 328.9806 307.9371 286.8936 265.8501 252.2251 240.1618 228.0985
419.632 407.987 395.6375 383.2879 370.9387 362.4159 364.7361 367.0564 369.3766 371.6968 376.5987 382.4817 388.3647 394.2477 398.9937 398.8421 398.6905 398.5388 398.3871 398.1865 397.9597 397.7329 397.5061 396.9118 393.5152 390.1185 386.7219 383.3253 380.4986 378.0852 375.6718 373.2584 370.7177 365.3769 360.0361 354.6953 349.3544 342.1501 333.1356 324.1211 315.1065 306.092 306.2112 306.6031 306.995 307.3869 311.8779 321.6976 331.5172 341.3369 351.1567 351.9018 351.6223 351.3428 351.0633 344.1223 325.457 306.7917 288.1264 269.4611 256.5807 244.9182 233.2556
397.5848 387.4882 377.0771 366.6659 356.2549 349.6185 353.6774 357.7363 361.7951 365.854 372.2794 379.604 386.9287 394.2533 400.1684 400.0113 399.8543 399.6973 399.5402 399.2778 398.9592 398.6407 398.3221 397.7424 395.1718 392.6013 390.0308 387.4603 385.3314 383.5227 381.7141 379.9054 377.9333 372.3658 366.7982 361.2307 355.6631 347.7609 337.5909 327.4208 317.2508 307.0807 306.5373 306.2813 306.0252 305.7691 309.0722 317.0022 324.932 332.8619 340.7919 341.5879 341.5784 341.5688 341.5593 335.8312 320.0385 304.2457 288.4529 272.6602 260.7878 249.7408 238.6937
375.5369 366.9887 358.516 350.0433 341.5707 336.8206 342.6182 348.4158 354.2134 360.011 367.9599 376.7262 385.4926 394.2589 401.343 401.1806 401.0182 400.8557 400.6933 400.3692 399.9588 399.5484 399.138 398.573 396.8286 395.0842 393.3398 391.5954 390.1643 388.9605 387.7566 386.5527 385.1492 379.355 373.5606 367.7663 361.972 353.3719 342.0463 330.7207 319.3951 308.0695 306.8634 305.9594 305.0553 304.1512 306.2664 312.3065 318.3466 324.3867 330.4268 331.2736 331.5341 331.7945 332.055 327.5399 314.6197 301.6996 288.7795 275.8593 264.9951 254.5636 244.132
353.4898 346.4899 339.9556 333.4213 326.8871 324.0232 331.5595 339.0957 346.632 354.1682 363.6405 373.8485 384.0565 394.2645 402.5176 402.3498 402.182 402.0142 401.8464 401.4605 400.9583 400.4561 399.954 399.4036 398.4853 397.567 396.6487 395.7304 394.9971 394.398 393.7989 393.1997 392.3648 386.3439 380.3228 374.3017 368.2806 358.9828 346.5016 334.0205 321.5394 309.0583 307.1895 305.6375 304.0854 302.5334 303.4608 307.6111 311.7613 315.9117 320.062 320.9597 321.4901 322.0205 322.5509 319.2488 309.2012 299.1536 289.106 279.0584 269.2021 259.3861 249.5702
336.0376 330.771 326.2723 321.7736 317.2749 316.3181 325.3969 334.4756 343.5544 352.6331 363.1028 374.1009 385.099 396.0971 404.9366 404.4772 404.0178 403.5584 403.099 402.688 402.3029 401.9177 401.5325 401.1984 401.2538 401.3093 401.3647 401.4201 401.0804 400.4543 399.8282 399.2021 398.3107 391.586 384.8612 378.1364 371.4116 361.4584 348.3689 335.2794 322.1899 309.1004 306.9047 305.0341 303.1634 301.2928 301.3999 304.078 306.756 309.4341 312.1121 312.9753 313.6335 314.2917 314.9499 312.7707 305.5975 298.4243 291.2511 284.0779 275.3089 266.2038 257.0988
327.7755 324.612 322.3435 320.075 317.8065 318.7982 329.0272 339.2562 349.4852 359.7141 370.1288 380.6139 391.099 401.5841 409.8444 408.521 407.1977 405.8743 404.5509 404.188 404.3375 404.4869 404.6364 404.9221 406.2464 407.5708 408.8952 410.2196 409.6651 407.7484 405.8317 403.915 401.7171 393.3346 384.952 376.5694 368.1868 357.6631 345.0597 332.4562 319.8527 307.2492 305.3979 303.8674 302.337 300.8066 300.8289 302.8698 304.9106 306.9514 308.9923 309.6501 310.1517 310.6533 311.1549 309.9186 305.6237 301.3288 297.0339 292.739 285.2154 277.0121 268.8089
319.5136 318.4532 318.4148 318.3765 318.3381 321.2782 332.6573 344.0365 355.4157 366.7949 377.1545 387.1266 397.0988 407.0709 414.7521 412.5648 410.3774 408.1901 406.0027 405.688 406.3721 407.0561 407.7401 408.6455 411.2389 413.8322 416.4255 419.0188 418.2495 415.0422 411.835 408.6277 405.1233 395.0831 385.0428 375.0024 364.962 353.8681 341.7506 329.6331 317.5156 305.3981 303.8911 302.7008 301.5106 300.3203 300.2579 301.6616 303.0652 304.4689 305.8726 306.325 306.67 307.015 307.36 307.0667 305.6499 304.2332 302.8164 301.3997 295.1216 287.8201 280.5186
311.2515 312.2942 314.486 316.6779 318.8697 323.7583 336.2877 348.8171 361.3465 373.8759 384.1805 393.6396 403.0988 412.5579 419.66 416.6086 413.5573 410.5059 407.4546 407.188 408.4067 409.6253 410.844 412.3692 416.2314 420.0938 423.9561 427.8183 426.8342 422.3363 417.8385 413.3406 408.5297 396.8317 385.1335 373.4354 361.7372 350.0728 338.4413 326.8098 315.1783 303.5468 302.3843 301.5342 300.6841 299.8341 299.6869 300.4533 301.2198 301.9863 302.7527 302.9998 303.1882 303.3766 303.5649 304.2146 305.6761 307.1377 308.5992 310.0607 305.0281 298.6284 292.2288
302.9896 306.1353 310.5574 314.9794 319.4013 326.2383 339.9179 353.5974 367.277 380.9566 391.2062 400.1524 409.0986 418.0447 424.5677 420.6523 416.737 412.8217 408.9064 408.688 410.4413 412.1945 413.9478 416.0927 421.2239 426.3551 431.4863 436.6176 435.4185 429.6302 423.8418 418.0534 411.9359 398.5802 385.2243 371.8684 358.5125 346.2778 335.1323 323.9867 312.8412 301.6957 300.8775 300.3676 299.8577 299.3478 299.1159 299.2451 299.3745 299.5038 299.633 299.6747 299.7065 299.7383 299.7701 301.3626 305.7023 310.0421 314.3817 318.7214 314.9344 309.4364 303.9385
304.2218 309.3618 316.1043 322.8467 329.5891 338.3458 352.8097 367.2736 381.7375 396.2013 405.503 412.843 420.183 427.5229 432.6696 428.3681 424.0666 419.765 415.4635 415.6924 418.3375 420.9825 423.6276 426.5094 431.1965 435.8837 440.5708 445.2579 442.5927 434.597 426.6013 418.6057 410.3311 395.9202 381.5091 367.0981 352.687 340.5609 330.6546 320.7483 310.8419 300.9356 300.2956 299.9322 299.5688 299.2054 299.0 299.0 299.0 299.0 299.0 299.0 299.0 299.0 299.0 301.2986 307.6426 313.9867 320.3307 326.6747 324.2336 319.943 315.6524
307.8707 314.9772 324.063 333.1489 342.2345 352.9036 368.0586 383.2136 398.3686 413.5236 421.6501 427.1057 432.5612 438.0168 441.5843 437.0182 432.4521 427.886 423.32 424.0977 427.7255 431.3532 434.981 438.6295 442.4365 446.2435 450.0505 453.8575 449.4075 438.9713 428.5351 418.0989 407.4506 392.1381 376.8253 361.5125 346.1997 334.3551 325.8796 317.4042 308.9287 300.4532 299.9491 299.6829 299.4167 299.1505 299.0 299.0 299.0 299.0 299.0 299.0 299.0 299.0 299.0 301.9442 310.07 318.1959 326.3218 334.4477 333.3779 330.3724 327.3668
311.5198 320.5928 332.0221 343.4514 354.8804 367.4619 383.308 399.1541 415.0003 430.8464 437.7977 441.3688 444.9399 448.5111 450.4992 445.6686 440.838 436.0073 431.1767 432.5033 437.1138 441.7243 446.3348 450.75 453.6768 456.6037 459.5305 462.4573 456.2226 443.3457 430.4689 417.5921 404.5701 388.3558 372.1413 355.9267 339.7122 328.149 321.1045 314.06 307.0154 299.9709 299.6026 299.4336 299.2646 299.0955 299.0 299.0 299.0 299.0 299.0 299.0 299.0 299.0 299.0 302.5898 312.4975 322.4053 332.313 342.2208 342.5226 340.8021 339.0816
315.1687 326.2083 339.9809 353.7535 367.5258 382.0196 398.5569 415.0942 431.6314 448.1687 453.9447 455.6315 457.3182 459.0049 459.4139 454.3187 449.2235 444.1283 439.0331 440.9086 446.5018 452.095 457.6882 462.8701 464.9168 466.9635 469.0102 471.0569 463.0374 447.72 432.4026 417.0853 401.6897 384.5737 367.4574 350.3412 333.2249 321.9432 316.3296 310.7159 305.1022 299.4886 299.2561 299.1843 299.1124 299.0406 299.0 299.0 299.0 299.0 299.0 299.0 299.0 299.0 299.0 303.2354 314.925 326.6145 338.3041 349.9937 351.6669 351.2315 350.796
320.8459 333.2356 348.6938 364.1521 379.61 395.394 412.1013 428.8085 445.5157 462.2229 466.7965 466.7594 466.7223 466.6851 465.724 460.7826 455.8412 450.8998 445.9584 448.2656 454.4386 460.6116 466.7847 472.3534 473.3142 474.2751 475.236 476.1968 466.5584 449.2357 431.913 414.5902 397.2617 379.806 362.35 344.894 327.438 316.6226 312.2582 307.8937 303.5293 299.1648 299.0301 299.0217 299.0132 299.0048 299.022 299.0728 299.1235 299.1742 299.2249 299.4313 299.6552 299.8792 300.1032 304.929 317.8539 330.7788 343.7037 356.6287 359.0477 359.255 359.4623
332.269 344.2625 359.5426 374.8227 390.1024 405.4139 420.8145 436.215 451.6155 467.0161 470.3105 469.0045 467.6985 466.3925 464.6538 461.0515 457.4492 453.8468 450.2445 452.6512 458.2626 463.8741 469.4856 474.3645 473.6569 472.9493 472.2417 471.5341 460.7469 442.652 424.5571 406.4622 388.4496 372.2466 356.0432 339.8399 323.6366 313.8109 310.1808 306.5507 302.9206 299.2905 299.1456 299.1048 299.0639 299.0231 299.1066 299.3516 299.5967 299.8418 300.0869 301.0844 302.1669 303.2493 304.3318 309.5916 322.2033 334.815 347.4268 360.0385 361.4308 360.461 359.4913
343.6924 355.2898 370.3917 385.4936 400.5952 415.4342 429.528 443.6218 457.7156 471.8094 473.8245 471.2496 468.6747 466.0998 463.5836 461.3204 459.0572 456.7939 454.5307 457.0369 462.0868 467.1367 472.1867 476.3756 473.9995 471.6235 469.2474 466.8713 454.9352 436.0681 417.201 398.334 379.6372 364.6868 349.7362 334.7856 319.8349 310.9991 308.1033 305.2076 302.3119 299.4162 299.2611 299.1879 299.1147 299.0414 299.1911 299.6305 300.07 300.5094 300.9489 302.7375 304.6786 306.6196 308.5606 314.2543 326.5529 338.8514 351.15 363.4485 363.8139 361.6671 359.5203
355.1155 366.3167 381.2404 396.1642 411.0877 425.4541 438.2412 451.0283 463.8155 476.6026 477.3383 473.4946 469.6508 465.8071 462.5134 461.5893 460.6651 459.741 458.8168 461.4225 465.9109 470.3993 474.8876 478.3867 474.3422 470.2977 466.2531 462.2086 449.1237 429.4844 409.8452 390.206 370.8251 357.1274 343.4294 329.7314 316.0334 308.1873 306.0259 303.8646 301.7032 299.5418 299.3766 299.271 299.1653 299.0597 299.2756 299.9094 300.5432 301.177 301.8109 304.3907 307.1902 309.9897 312.7892 318.9169 330.9023 342.8877 354.873 366.8584 366.197 362.8731 359.5493
366.5389 377.344 392.0896 406.8352 421.5805 435.4743 446.9547 458.4351 469.9155 481.3959 480.8524 475.7397 470.627 465.5144 461.4432 461.8582 462.2731 462.6881 463.103 465.8083 469.7351 473.6619 477.5887 480.3979 474.6848 468.9718 463.2588 457.5458 443.312 422.9005 402.4891 382.0777 362.0128 349.5677 337.1224 324.6771 312.2318 305.3755 303.9485 302.5215 301.0945 299.6675 299.4921 299.3541 299.2161 299.078 299.3601 300.1883 301.0165 301.8447 302.6729 306.0438 309.7019 313.3599 317.018 323.5797 335.2519 346.9241 358.5963 370.2684 368.5801 364.0792 359.5782
374.1333 383.0309 395.7083 408.3858 421.063 433.1047 443.3448 453.585 463.8251 474.0653 472.7314 466.9994 461.2673 455.5353 451.1437 452.5261 453.9085 455.2908 456.6732 459.8387 463.9552 468.0717 472.1883 475.1115 468.9351 462.7588 456.5824 450.4061 436.6731 417.4617 398.2502 379.0387 360.1499 348.3589 336.5677 324.7765 312.9853 306.3414 304.698 303.0545 301.411 299.7675 299.714 299.7079 299.7018 299.6957 300.4856 302.3104 304.135 305.9598 307.7845 312.0561 316.6041 321.152 325.6999 332.1627 341.9956 351.8285 361.6614 371.4943 368.4297 362.6499 356.8701
380.2729 386.6887 396.5799 406.471 416.362 426.0273 435.0524 444.0775 453.1027 462.1278 460.1894 454.0848 447.9802 441.8756 437.3373 439.5459 441.7545 443.963 446.1716 449.9343 454.5261 459.1178 463.7095 467.0521 460.8704 454.6887 448.5069 442.3252 429.72 412.4578 395.1956 377.9334 360.9277 349.5633 338.1987 326.8341 315.4695 308.7428 306.5215 304.3003 302.079 299.8578 299.9762 300.1645 300.3528 300.5411 302.0067 305.1328 308.2588 311.3849 314.5109 319.7249 325.1746 330.6243 336.074 342.2353 349.649 357.0628 364.4765 371.8902 367.3165 360.2192 353.1219
386.4126 390.3467 397.4514 404.5562 411.6609 418.9496 426.7597 434.5698 442.3799 450.19 447.647 441.1698 434.6927 428.2155 423.5304 426.5652 429.6 432.6348 435.6696 440.0296 445.0966 450.1635 455.2304 458.9925 452.8054 446.6183 440.4312 434.244 422.7666 407.4538 392.1409 376.8281 361.7055 350.7677 339.8298 328.8918 317.9539 311.1443 308.3452 305.5461 302.7471 299.948 300.2385 300.6212 301.0039 301.3866 303.5279 307.9554 312.3827 316.8101 321.2375 327.3939 333.7454 340.0969 346.4484 352.3083 357.3028 362.2972 367.2917 372.2862 366.2034 357.7885 349.3736
392.5522 394.0045 398.323 402.6415 406.9599 411.8722 418.4673 425.0624 431.6575 438.2525 435.105 428.2553 421.4055 414.5558 409.724 413.585 417.446 421.307 425.168 430.1253 435.6674 441.2095 446.7516 450.9332 444.7407 438.5482 432.3557 426.1631 415.8134 402.4499 389.0864 375.7228 362.4833 351.9721 341.4608 330.9494 320.4381 313.5457 310.1688 306.792 303.4151 300.0382 300.5007 301.0779 301.6549 302.2321 305.049 310.7778 316.5064 322.2352 327.964 335.0626 342.3159 349.5692 356.8225 362.3809 364.9562 367.5316 370.1069 372.6822 365.0902 355.3578 345.6255
