data/zism_data/00507_01_D.txt
ncols         224
nrows         224
[rows 196 to 223 of 224, columns 0 to 62 of 224]
3407.799 3398.993 3390.187 3381.381 3371.433 3358.479 3345.525 3332.571 3319.617 3304.022 3287.497 3270.971 3254.445 3239.481 3230.652 3221.823 3212.995 3204.166 3201.043 3200.774 3200.504 3200.234 3200.0 3200.0 3200.0 3200.0 3200.0 3200.0 3200.0 3200.0 3200.0 3200.477 3208.707 3216.937 3225.166 3233.396 3246.154 3263.064 3279.974 3296.883 3313.793 3328.035 3342.238 3356.441 3370.643 3382.787 3392.408 3402.028 3411.648 3421.269 3430.492 3439.678 3448.864 3458.049 3467.135 3476.057 3484.978 3493.899 3502.82 3509.41 3515.559 3521.708 3527.856
3408.12 3399.228 3390.336 3381.444 3371.495 3358.767 3346.039 3333.311 3320.583 3305.227 3288.943 3272.66 3256.376 3241.54 3232.388 3223.236 3214.084 3204.933 3201.605 3201.191 3200.776 3200.361 3200.0 3200.0 3200.0 3200.0 3200.0 3200.0 3200.0 3200.0 3200.0 3200.477 3208.707 3216.937 3225.166 3233.396 3246.053 3262.769 3279.485 3296.201 3312.917 3326.503 3340.044 3353.585 3367.126 3378.833 3388.292 3397.75 3407.209 3416.668 3425.878 3435.063 3444.249 3453.435 3462.527 3471.464 3480.402 3489.339 3498.276 3504.647 3510.532 3516.417 3522.302
3408.441 3399.462 3390.484 3381.506 3371.557 3359.055 3346.553 3334.052 3321.55 3306.431 3290.39 3274.349 3258.307 3243.598 3234.124 3224.649 3215.174 3205.7 3202.168 3201.608 3201.047 3200.487 3200.0 3200.0 3200.0 3200.0 3200.0 3200.0 3200.0 3200.0 3200.0 3200.477 3208.707 3216.937 3225.166 3233.396 3245.952 3262.474 3278.996 3295.518 3312.041 3324.972 3337.851 3350.729 3363.608 3374.878 3384.175 3393.472 3402.77 3412.067 3421.263 3430.448 3439.634 3448.82 3457.918 3466.872 3475.825 3484.779 3493.732 3499.884 3505.505 3511.126 3516.747
3408.7 3399.652 3390.604 3381.556 3371.652 3359.492 3347.333 3335.173 3323.013 3308.358 3292.823 3277.288 3261.752 3247.373 3237.534 3227.696 3217.857 3208.018 3204.065 3203.055 3202.045 3201.035 3200.152 3200.117 3200.083 3200.048 3200.014 3200.0 3200.0 3200.0 3200.0 3200.472 3208.624 3216.775 3224.926 3233.077 3245.386 3261.508 3277.63 3293.752 3309.874 3322.181 3334.432 3346.684 3358.935 3369.808 3378.993 3388.178 3397.363 3406.548 3415.728 3424.907 3434.086 3443.266 3452.355 3461.297 3470.239 3479.181 3488.122 3494.08 3499.472 3504.863 3510.255
3408.821 3399.74 3390.66 3381.58 3371.819 3360.268 3348.716 3337.165 3325.614 3311.937 3297.51 3283.084 3268.657 3255.069 3244.773 3234.477 3224.18 3213.884 3209.014 3206.858 3204.701 3202.544 3200.65 3200.502 3200.355 3200.207 3200.06 3200.0 3200.0 3200.0 3200.0 3200.458 3208.35 3216.243 3224.136 3232.028 3243.76 3259.01 3274.26 3289.51 3304.759 3316.513 3328.215 3339.917 3351.619 3362.19 3371.375 3380.56 3389.745 3398.931 3408.091 3417.248 3426.406 3435.564 3444.612 3453.478 3462.344 3471.211 3480.077 3485.896 3491.137 3496.378 3501.619
3408.941 3399.828 3390.716 3381.603 3371.987 3361.043 3350.1 3339.157 3328.214 3315.516 3302.198 3288.88 3275.562 3262.765 3252.011 3241.258 3230.504 3219.75 3213.964 3210.66 3207.357 3204.054 3201.148 3200.887 3200.627 3200.366 3200.106 3200.0 3200.0 3200.0 3200.0 3200.443 3208.077 3215.711 3223.346 3230.98 3242.133 3256.51 3270.888 3285.266 3299.644 3310.844 3321.997 3333.15 3344.303 3354.572 3363.757 3372.942 3382.127 3391.313 3400.453 3409.589 3418.725 3427.861 3436.867 3445.658 3454.449 3463.24 3472.031 3477.712 3482.802 3487.892 3492.983
3409.061 3399.916 3390.771 3381.627 3372.154 3361.819 3351.484 3341.149 3330.814 3319.094 3306.885 3294.676 3282.467 3270.461 3259.25 3248.039 3236.827 3225.616 3218.913 3214.463 3210.013 3205.564 3201.646 3201.272 3200.899 3200.525 3200.152 3200.0 3200.0 3200.0 3200.0 3200.427 3207.804 3215.18 3222.556 3229.932 3240.506 3254.012 3267.518 3281.023 3294.53 3305.176 3315.78 3326.384 3336.988 3346.954 3356.139 3365.324 3374.51 3383.695 3392.815 3401.93 3411.045 3420.159 3429.124 3437.839 3446.555 3455.271 3463.986 3469.528 3474.467 3479.407 3484.347
3409.181 3400.004 3390.827 3381.65 3372.322 3362.595 3352.868 3343.141 3333.414 3322.673 3311.573 3300.472 3289.372 3278.157 3266.488 3254.82 3243.151 3231.482 3223.862 3218.266 3212.67 3207.073 3202.144 3201.657 3201.171 3200.684 3200.198 3200.0 3200.0 3200.0 3200.0 3200.413 3207.53 3214.648 3221.766 3228.883 3238.879 3251.513 3264.146 3276.781 3289.414 3299.507 3309.562 3319.617 3329.672 3339.336 3348.521 3357.707 3366.892 3376.077 3385.178 3394.271 3403.364 3412.457 3421.379 3430.02 3438.66 3447.3 3455.94 3461.343 3466.132 3470.921 3475.71
3409.211 3400.026 3390.841 3381.656 3372.367 3362.807 3353.246 3343.685 3334.125 3323.802 3313.21 3302.618 3292.027 3281.237 3269.666 3258.096 3246.525 3234.955 3226.906 3220.618 3214.329 3208.041 3202.499 3201.932 3201.365 3200.797 3200.23 3200.0 3200.0 3200.0 3200.0 3200.385 3207.025 3213.666 3220.306 3226.946 3236.311 3248.175 3260.038 3271.901 3283.765 3293.421 3303.044 3312.668 3322.292 3331.618 3340.58 3349.542 3358.504 3367.467 3376.484 3385.507 3394.53 3403.552 3412.335 3420.722 3429.108 3437.495 3445.881 3451.134 3455.793 3460.451 3465.11
3409.211 3400.026 3390.841 3381.656 3372.373 3362.834 3353.295 3343.756 3334.217 3324.13 3313.851 3303.571 3293.292 3282.807 3271.517 3260.226 3248.936 3237.645 3229.327 3222.495 3215.663 3208.831 3202.807 3202.17 3201.533 3200.896 3200.259 3200.0 3200.0 3200.0 3200.0 3200.353 3206.444 3212.536 3218.627 3224.718 3233.436 3244.562 3255.688 3266.814 3277.94 3287.198 3296.429 3305.66 3314.891 3323.868 3332.533 3341.199 3349.865 3358.531 3367.445 3376.381 3385.318 3394.255 3402.866 3410.941 3419.015 3427.089 3435.164 3440.263 3444.798 3449.332 3453.867
3409.211 3400.026 3390.841 3381.656 3372.379 3362.862 3353.344 3343.826 3334.309 3324.458 3314.491 3304.524 3294.557 3284.378 3273.367 3262.356 3251.346 3240.335 3231.748 3224.372 3216.997 3209.621 3203.116 3202.408 3201.701 3200.994 3200.287 3200.0 3200.0 3200.0 3200.0 3200.321 3205.864 3211.406 3216.948 3222.49 3230.561 3240.95 3251.338 3261.727 3272.115 3280.976 3289.813 3298.651 3307.489 3316.117 3324.487 3332.857 3341.227 3349.597 3358.406 3367.256 3376.107 3384.958 3393.398 3401.16 3408.922 3416.684 3424.447 3429.392 3433.802 3438.214 3442.625
3409.211 3400.026 3390.841 3381.656 3372.385 3362.889 3353.393 3343.897 3334.401 3324.787 3315.132 3305.477 3295.822 3285.948 3275.218 3264.487 3253.756 3243.025 3234.169 3226.25 3218.331 3210.411 3203.424 3202.647 3201.87 3201.093 3200.315 3200.0 3200.0 3200.0 3200.0 3200.29 3205.283 3210.276 3215.269 3220.263 3227.686 3237.337 3246.988 3256.639 3266.29 3274.753 3283.198 3291.643 3300.088 3308.366 3316.44 3324.514 3332.588 3340.662 3349.366 3358.131 3366.895 3375.66 3383.929 3391.379 3398.829 3406.279 3413.729 3418.52 3422.807 3427.094 3431.382
3409.211 3400.026 3390.841 3381.656 3372.362 3362.781 3353.201 3343.62 3334.04 3324.542 3315.074 3305.605 3296.137 3286.465 3275.997 3265.529 3255.06 3244.592 3235.607 3227.365 3219.123 3210.881 3203.607 3202.788 3201.97 3201.151 3200.332 3200.0 3200.0 3200.0 3200.0 3200.265 3204.83 3209.396 3213.961 3218.527 3225.44 3234.506 3243.571 3252.636 3261.702 3269.742 3277.767 3285.792 3293.816 3301.699 3309.407 3317.115 3324.823 3332.531 3341.077 3349.703 3358.329 3366.955 3375.039 3382.227 3389.415 3396.603 3403.791 3408.425 3412.574 3416.723 3420.872
3409.211 3400.026 3390.841 3381.656 3372.224 3362.143 3352.062 3341.981 3331.9 3322.045 3312.269 3302.494 3292.719 3282.842 3272.568 3262.293 3252.018 3241.743 3233.186 3225.488 3217.789 3210.091 3203.299 3202.55 3201.801 3201.052 3200.304 3200.0 3200.0 3200.0 3200.0 3200.268 3204.881 3209.495 3214.109 3218.723 3225.666 3234.742 3243.818 3252.894 3261.97 3269.49 3276.988 3284.485 3291.983 3299.287 3306.354 3313.422 3320.49 3327.557 3335.733 3344.014 3352.296 3360.577 3368.422 3375.546 3382.669 3389.792 3396.916 3401.376 3405.332 3409.287 3413.243
3409.211 3400.026 3390.841 3381.656 3372.086 3361.504 3350.923 3340.341 3329.76 3319.547 3309.465 3299.383 3289.301 3279.219 3269.138 3259.057 3248.976 3238.895 3230.765 3223.61 3216.455 3209.301 3202.99 3202.312 3201.633 3200.954 3200.275 3200.0 3200.0 3200.0 3200.0 3200.27 3204.933 3209.595 3214.258 3218.92 3225.891 3234.978 3244.065 3253.152 3262.239 3269.239 3276.209 3283.179 3290.149 3296.875 3303.302 3309.729 3316.156 3322.583 3330.388 3338.325 3346.262 3354.199 3361.805 3368.864 3375.923 3382.982 3390.041 3394.328 3398.089 3401.851 3405.613
3409.211 3400.026 3390.841 3381.656 3371.948 3360.866 3349.784 3338.702 3327.62 3317.05 3306.661 3296.272 3285.883 3275.596 3265.709 3255.822 3245.935 3236.047 3228.344 3221.733 3215.122 3208.51 3202.682 3202.073 3201.465 3200.856 3200.247 3200.0 3200.0 3200.0 3200.0 3200.273 3204.984 3209.695 3214.406 3219.117 3226.116 3235.214 3244.312 3253.409 3262.507 3268.988 3275.43 3281.873 3288.315 3294.463 3300.249 3306.036 3311.822 3317.609 3325.044 3332.636 3340.229 3347.822 3355.188 3362.183 3369.177 3376.171 3383.166 3387.28 3390.847 3394.415 3397.983
3409.211 3400.026 3390.841 3381.656 3371.811 3360.228 3348.645 3337.062 3325.479 3314.552 3303.856 3293.161 3282.465 3271.973 3262.279 3252.586 3242.893 3233.199 3225.923 3219.855 3213.788 3207.72 3202.374 3201.835 3201.296 3200.757 3200.219 3200.0 3200.0 3200.0 3200.0 3200.276 3205.035 3209.794 3214.554 3219.313 3226.342 3235.45 3244.559 3253.667 3262.776 3268.737 3274.652 3280.566 3286.481 3292.051 3297.197 3302.343 3307.489 3312.635 3319.7 3326.948 3334.196 3341.444 3348.572 3355.501 3362.431 3369.361 3376.29 3380.231 3383.605 3386.979 3390.353
3407.289 3397.991 3388.694 3379.396 3369.461 3357.848 3346.235 3334.623 3323.01 3312.12 3301.486 3290.852 3280.218 3269.804 3260.256 3250.707 3241.158 3231.61 3224.585 3218.822 3213.06 3207.297 3202.22 3201.716 3201.212 3200.708 3200.205 3200.0 3200.0 3200.0 3200.0 3200.3 3205.465 3210.631 3215.797 3220.963 3228.418 3237.973 3247.527 3257.082 3266.636 3272.517 3278.343 3284.169 3289.995 3295.55 3300.771 3305.993 3311.214 3316.436 3322.994 3329.68 3336.366 3343.052 3349.59 3355.883 3362.175 3368.468 3374.761 3378.39 3381.515 3384.639 3387.763
3404.341 3394.871 3385.402 3375.932 3365.933 3354.541 3343.148 3331.756 3320.364 3309.723 3299.347 3288.972 3278.596 3268.412 3258.982 3249.552 3240.122 3230.691 3223.824 3218.239 3212.654 3207.069 3202.149 3201.661 3201.173 3200.686 3200.198 3200.0 3200.0 3200.0 3200.0 3200.334 3206.097 3211.861 3217.624 3223.387 3231.482 3241.715 3251.948 3262.18 3272.413 3278.447 3284.418 3290.39 3296.361 3302.201 3307.88 3313.56 3319.239 3324.917 3330.896 3336.904 3342.912 3348.919 3354.679 3360.031 3365.381 3370.732 3376.083 3379.327 3382.171 3385.016 3387.86
3401.393 3391.751 3382.11 3372.468 3362.405 3351.233 3340.061 3328.89 3317.718 3307.326 3297.208 3287.091 3276.974 3267.02 3257.708 3248.396 3239.085 3229.773 3223.064 3217.656 3212.249 3206.841 3202.078 3201.606 3201.135 3200.663 3200.191 3200.0 3200.0 3200.0 3200.0 3200.369 3206.729 3213.09 3219.451 3225.812 3234.546 3245.457 3256.368 3267.279 3278.19 3284.376 3290.493 3296.61 3302.727 3308.853 3314.989 3321.126 3327.262 3333.399 3338.799 3344.128 3349.457 3354.787 3359.769 3364.178 3368.587 3372.996 3377.406 3380.264 3382.828 3385.393 3387.957
3398.446 3388.631 3378.817 3369.003 3358.876 3347.925 3336.974 3326.023 3315.072 3304.928 3295.07 3285.211 3275.352 3265.628 3256.435 3247.241 3238.048 3228.854 3222.303 3217.073 3211.844 3206.614 3202.007 3201.551 3201.096 3200.64 3200.185 3200.0 3200.0 3200.0 3200.0 3200.403 3207.362 3214.32 3221.278 3228.236 3237.61 3249.199 3260.789 3272.378 3283.967 3290.306 3296.569 3302.831 3309.093 3315.504 3322.098 3328.693 3335.287 3341.881 3346.701 3351.352 3356.003 3360.654 3364.859 3368.326 3371.793 3375.26 3378.728 3381.201 3383.485 3385.77 3388.054
3395.358 3385.385 3375.412 3365.44 3355.263 3344.548 3333.834 3323.12 3312.405 3302.541 3292.977 3283.413 3273.849 3264.384 3255.302 3246.22 3237.139 3228.057 3221.646 3216.569 3211.493 3206.417 3201.945 3201.504 3201.062 3200.621 3200.179 3200.0 3200.0 3200.0 3200.0 3200.436 3207.947 3215.458 3222.969 3230.481 3240.474 3252.743 3265.012 3277.281 3289.551 3296.125 3302.616 3309.108 3315.599 3322.324 3329.337 3336.35 3343.363 3350.375 3354.658 3358.681 3362.703 3366.726 3370.208 3372.798 3375.388 3377.978 3380.567 3382.67 3384.682 3386.693 3388.704
3391.03 3381.02 3371.01 3360.999 3350.899 3340.561 3330.223 3319.885 3309.548 3300.24 3291.295 3282.35 3273.405 3264.443 3255.416 3246.388 3237.36 3228.332 3221.899 3216.764 3211.628 3206.493 3201.969 3201.522 3201.075 3200.628 3200.181 3200.0 3200.0 3200.0 3200.0 3200.445 3208.118 3215.79 3223.463 3231.136 3241.569 3254.532 3267.496 3280.459 3293.423 3300.962 3308.422 3315.882 3323.342 3330.635 3337.723 3344.811 3351.899 3358.988 3363.105 3366.939 3370.773 3374.607 3377.857 3380.14 3382.423 3384.706 3386.989 3388.862 3390.658 3392.454 3394.249
3386.702 3376.654 3366.606 3356.558 3346.534 3336.573 3326.612 3316.651 3306.69 3297.938 3289.612 3281.286 3272.96 3264.503 3255.529 3246.555 3237.581 3228.607 3222.153 3216.958 3211.763 3206.569 3201.992 3201.54 3201.088 3200.636 3200.184 3200.0 3200.0 3200.0 3200.0 3200.454 3208.288 3216.123 3223.957 3231.791 3242.664 3256.322 3269.979 3283.637 3297.295 3305.799 3314.228 3322.657 3331.085 3338.946 3346.109 3353.273 3360.436 3367.6 3371.552 3375.197 3378.843 3382.489 3385.506 3387.482 3389.458 3391.434 3393.41 3395.053 3396.634 3398.215 3399.795
3382.375 3372.289 3362.203 3352.117 3342.17 3332.586 3323.001 3313.417 3303.833 3295.636 3287.93 3280.223 3272.516 3264.563 3255.643 3246.722 3237.802 3228.882 3222.406 3217.152 3211.898 3206.645 3202.016 3201.559 3201.101 3200.643 3200.186 3200.0 3200.0 3200.0 3200.0 3200.464 3208.459 3216.455 3224.451 3232.446 3243.758 3258.11 3272.463 3286.815 3301.167 3310.636 3320.034 3329.431 3338.829 3347.256 3354.495 3361.734 3368.973 3376.212 3379.998 3383.456 3386.913 3390.37 3393.154 3394.823 3396.493 3398.162 3399.831 3401.245 3402.61 3403.975 3405.341
3378.047 3367.924 3357.8 3347.677 3337.805 3328.598 3319.391 3310.183 3300.976 3293.335 3286.247 3279.159 3272.071 3264.622 3255.756 3246.89 3238.023 3229.157 3222.66 3217.346 3212.033 3206.72 3202.04 3201.577 3201.114 3200.651 3200.188 3200.0 3200.0 3200.0 3200.0 3200.473 3208.63 3216.787 3224.944 3233.102 3244.853 3259.899 3274.946 3289.992 3305.039 3315.473 3325.839 3336.206 3346.572 3355.567 3362.881 3370.196 3377.51 3384.824 3388.445 3391.714 3394.983 3398.252 3400.803 3402.165 3403.528 3404.89 3406.253 3407.437 3408.587 3409.737 3410.886
3376.223 3366.429 3356.636 3346.842 3337.286 3328.354 3319.423 3310.492 3301.56 3294.273 3287.567 3280.861 3274.155 3267.016 3258.177 3249.338 3240.499 3231.66 3224.908 3219.201 3213.494 3207.787 3202.743 3202.12 3201.498 3200.875 3200.253 3200.0 3200.0 3200.0 3200.0 3200.468 3208.547 3216.625 3224.704 3232.782 3244.803 3260.437 3276.071 3291.705 3307.339 3318.588 3329.772 3340.956 3352.14 3361.592 3368.923 3376.253 3383.583 3390.914 3394.618 3397.978 3401.337 3404.696 3407.359 3408.872 3410.384 3411.896 3413.408 3414.876 3416.335 3417.795 3419.254
3376.441 3367.277 3358.113 3348.949 3339.903 3331.165 3322.427 3313.69 3304.952 3297.855 3291.338 3284.82 3278.302 3271.315 3262.481 3253.647 3244.813 3235.98 3228.785 3222.411 3216.036 3209.661 3204.0 3203.092 3202.184 3201.276 3200.368 3200.0 3200.0 3200.0 3200.0 3200.452 3208.256 3216.061 3223.865 3231.668 3243.819 3259.954 3276.088 3292.223 3308.358 3320.298 3332.176 3344.054 3355.933 3365.753 3373.051 3380.349 3387.647 3394.945 3398.937 3402.614 3406.291 3409.968 3413.026 3415.06 3417.094 3419.128 3421.163 3423.334 3425.53 3427.727 3429.924
