data/zism_data/00503_01_D.txt
ncols         224
nrows         224
[rows 174 to 202 of 224, columns 128 to 191 of 224]
1200.086 1200.122 1200.159 1200.196 1200.202 1200.188 1200.174 1200.16 1200.315 1202.422 1204.528 1206.635 1208.742 1214.351 1222.816 1231.281 1239.746 1248.209 1256.605 1265.0 1273.395 1281.791 1287.495 1290.429 1293.364 1296.298 1299.232 1299.479 1299.625 1299.771 1299.917 1300.0 1300.0 1300.0 1300.0 1300.0 1299.53 1299.012 1298.494 1297.975 1295.764 1290.755 1285.745 1280.735 1275.725 1265.108 1253.484 1241.861 1230.238 1220.749 1215.821 1210.892 1205.964 1201.036 1200.0 1200.0 1200.0 1200.0 1200.0 1200.0 1200.0 1200.0 1200.0 1203.127
1200.0 1200.0 1200.0 1200.0 1200.0 1200.0 1200.0 1200.0 1200.171 1202.31 1204.45 1206.59 1208.729 1214.127 1222.181 1230.236 1238.29 1246.344 1254.377 1262.41 1270.442 1278.475 1284.123 1287.316 1290.509 1293.702 1296.895 1297.452 1297.91 1298.368 1298.826 1299.15 1299.3 1299.451 1299.601 1299.751 1299.083 1298.329 1297.575 1296.822 1294.312 1288.898 1283.484 1278.07 1272.656 1262.32 1251.101 1239.882 1228.662 1219.541 1214.899 1210.258 1205.617 1200.975 1200.0 1200.0 1200.0 1200.0 1200.0 1200.0 1200.0 1200.0 1200.0 1202.643
1200.0 1200.0 1200.0 1200.0 1200.0 1200.0 1200.0 1200.0 1200.171 1202.316 1204.461 1206.606 1208.751 1213.917 1221.547 1229.177 1236.806 1244.437 1252.098 1259.76 1267.421 1275.083 1280.67 1284.121 1287.572 1291.023 1294.474 1295.352 1296.132 1296.913 1297.694 1298.268 1298.574 1298.88 1299.187 1299.493 1298.615 1297.614 1296.613 1295.612 1292.788 1286.949 1281.11 1275.271 1269.433 1259.392 1248.598 1237.804 1227.009 1218.273 1213.932 1209.592 1205.252 1200.912 1200.0 1200.0 1200.0 1200.0 1200.0 1200.0 1200.0 1200.0 1200.0 1202.143
1200.0 1200.0 1200.0 1200.0 1200.0 1200.0 1200.0 1200.0 1200.171 1202.322 1204.472 1206.623 1208.773 1213.707 1220.912 1228.117 1235.322 1242.529 1249.819 1257.11 1264.401 1271.691 1277.217 1280.926 1284.635 1288.344 1292.054 1293.251 1294.355 1295.458 1296.562 1297.386 1297.848 1298.31 1298.772 1299.235 1298.147 1296.899 1295.651 1294.402 1291.264 1285.0 1278.737 1272.473 1266.209 1256.465 1246.095 1235.725 1225.356 1217.005 1212.966 1208.927 1204.888 1200.849 1200.0 1200.0 1200.0 1200.0 1200.0 1200.0 1200.0 1200.0 1200.0 1201.643
1200.0 1200.0 1200.0 1200.0 1200.0 1200.0 1200.0 1200.0 1200.172 1202.328 1204.484 1206.639 1208.795 1213.498 1220.278 1227.058 1233.838 1240.621 1247.541 1254.46 1261.38 1268.299 1273.764 1277.731 1281.698 1285.666 1289.633 1291.151 1292.577 1294.003 1295.429 1296.504 1297.122 1297.74 1298.358 1298.976 1297.68 1296.184 1294.688 1293.193 1289.74 1283.052 1276.363 1269.674 1262.986 1253.537 1243.592 1233.647 1223.702 1215.737 1211.999 1208.261 1204.523 1200.785 1200.0 1200.0 1200.0 1200.0 1200.0 1200.0 1200.0 1200.0 1200.0 1201.143
1200.0 1200.0 1200.0 1200.0 1200.0 1200.0 1200.0 1200.0 1200.161 1202.175 1204.189 1206.204 1208.218 1212.554 1218.784 1225.014 1231.244 1237.482 1244.085 1250.687 1257.29 1263.892 1269.296 1273.465 1277.634 1281.803 1285.973 1287.818 1289.575 1291.332 1293.089 1294.428 1295.221 1296.015 1296.808 1297.602 1296.141 1294.445 1292.749 1291.054 1287.345 1280.307 1273.269 1266.232 1259.194 1250.118 1240.675 1231.233 1221.791 1214.278 1210.887 1207.495 1204.104 1200.713 1200.0 1200.0 1200.0 1200.0 1200.0 1200.0 1200.0 1200.0 1200.0 1200.836
1200.0 1200.0 1200.0 1200.0 1200.0 1200.0 1200.0 1200.0 1200.132 1201.786 1203.44 1205.094 1206.748 1210.517 1216.01 1221.503 1226.996 1232.509 1238.875 1245.24 1251.606 1257.972 1263.314 1267.601 1271.889 1276.177 1280.464 1282.645 1284.746 1286.848 1288.949 1290.571 1291.569 1292.567 1293.564 1294.562 1293.003 1291.179 1289.354 1287.529 1283.651 1276.377 1269.102 1261.828 1254.553 1245.966 1237.142 1228.318 1219.494 1212.535 1209.557 1206.58 1203.603 1200.626 1200.0 1200.0 1200.0 1200.0 1200.0 1200.0 1200.0 1200.0 1200.0 1200.816
1200.0 1200.0 1200.0 1200.0 1200.0 1200.0 1200.0 1200.0 1200.103 1201.397 1202.691 1203.984 1205.278 1208.479 1213.235 1217.992 1222.749 1227.535 1233.664 1239.793 1245.922 1252.052 1257.332 1261.738 1266.144 1270.55 1274.956 1277.472 1279.918 1282.364 1284.809 1286.714 1287.916 1289.119 1290.321 1291.523 1289.866 1287.913 1285.959 1284.005 1279.957 1272.446 1264.935 1257.424 1249.913 1241.813 1233.608 1225.403 1217.197 1210.791 1208.228 1205.665 1203.102 1200.539 1200.0 1200.0 1200.0 1200.0 1200.0 1200.0 1200.0 1200.0 1200.0 1200.797
1200.0 1200.0 1200.0 1200.0 1200.0 1200.0 1200.0 1200.0 1200.074 1201.008 1201.941 1202.875 1203.808 1206.441 1210.461 1214.481 1218.501 1222.561 1228.454 1234.346 1240.239 1246.132 1251.35 1255.874 1260.398 1264.923 1269.447 1272.299 1275.089 1277.879 1280.669 1282.857 1284.264 1285.67 1287.077 1288.484 1286.729 1284.646 1282.564 1280.481 1276.263 1268.516 1260.768 1253.02 1245.273 1237.661 1230.074 1222.488 1214.901 1209.048 1206.899 1204.75 1202.601 1200.452 1200.0 1200.0 1200.0 1200.0 1200.0 1200.0 1200.0 1200.0 1200.0 1200.777
1200.0 1200.0 1200.0 1200.0 1200.0 1200.0 1200.0 1200.0 1200.046 1200.619 1201.192 1201.765 1202.338 1204.404 1207.687 1210.97 1214.253 1217.587 1223.243 1228.899 1234.555 1240.211 1245.368 1250.011 1254.653 1259.296 1263.938 1267.127 1270.261 1273.395 1276.529 1279.0 1280.611 1282.222 1283.833 1285.444 1283.592 1281.38 1279.168 1276.957 1272.57 1264.585 1256.601 1248.617 1240.632 1233.509 1226.541 1219.572 1212.604 1207.304 1205.569 1203.834 1202.099 1200.365 1200.0 1200.0 1200.0 1200.0 1200.0 1200.0 1200.0 1200.0 1200.0 1200.757
1200.0 1200.0 1200.0 1200.0 1200.0 1200.0 1200.0 1200.0 1200.034 1200.454 1200.874 1201.295 1201.715 1203.349 1205.972 1208.595 1211.218 1213.896 1219.035 1224.175 1229.314 1234.454 1239.249 1243.689 1248.129 1252.57 1257.01 1260.292 1263.531 1266.77 1270.009 1272.494 1273.998 1275.501 1277.005 1278.509 1276.718 1274.585 1272.451 1270.318 1266.15 1258.615 1251.08 1243.545 1236.01 1229.538 1223.255 1216.973 1210.69 1205.96 1204.544 1203.129 1201.713 1200.297 1200.0 1200.0 1200.0 1200.0 1200.0 1200.0 1200.0 1200.0 1200.0 1201.161
1200.0 1200.0 1200.0 1200.0 1200.0 1200.0 1200.0 1200.0 1200.025 1200.332 1200.64 1200.947 1201.255 1202.482 1204.46 1206.437 1208.415 1210.449 1215.019 1219.588 1224.158 1228.727 1233.103 1237.28 1241.457 1245.634 1249.81 1253.14 1256.438 1259.736 1263.034 1265.48 1266.817 1268.154 1269.491 1270.828 1269.129 1267.114 1265.099 1263.084 1259.208 1252.254 1245.3 1238.346 1231.392 1225.6 1220.017 1214.434 1208.85 1204.692 1203.577 1202.463 1201.349 1200.234 1200.0 1200.0 1200.0 1200.0 1200.0 1200.0 1200.0 1200.0 1200.0 1201.645
1200.0 1200.0 1200.0 1200.0 1200.0 1200.0 1200.0 1200.0 1200.016 1200.21 1200.405 1200.599 1200.794 1201.615 1202.947 1204.28 1205.612 1207.003 1211.002 1215.002 1219.001 1223.0 1226.958 1230.871 1234.784 1238.697 1242.611 1245.988 1249.345 1252.703 1256.06 1258.466 1259.637 1260.807 1261.977 1263.148 1261.54 1259.643 1257.746 1255.85 1252.266 1245.893 1239.52 1233.147 1226.774 1221.663 1216.778 1211.894 1207.01 1203.424 1202.611 1201.797 1200.984 1200.171 1200.0 1200.0 1200.0 1200.0 1200.0 1200.0 1200.0 1200.0 1200.0 1202.129
1200.0 1200.0 1200.0 1200.0 1200.0 1200.0 1200.0 1200.0 1200.006 1200.088 1200.17 1200.251 1200.333 1200.748 1201.435 1202.122 1202.809 1203.556 1206.986 1210.415 1213.844 1217.274 1220.812 1224.462 1228.111 1231.761 1235.411 1238.836 1242.252 1245.669 1249.085 1251.452 1252.456 1253.46 1254.463 1255.467 1253.951 1252.172 1250.394 1248.616 1245.325 1239.532 1233.74 1227.947 1222.155 1217.725 1213.54 1209.355 1205.17 1202.156 1201.644 1201.132 1200.62 1200.108 1200.0 1200.0 1200.0 1200.0 1200.0 1200.0 1200.0 1200.0 1200.0 1202.613
1200.0 1200.0 1200.0 1200.0 1200.0 1200.0 1200.0 1200.0 1200.0 1200.0 1200.0 1200.0 1200.0 1200.114 1200.322 1200.529 1200.736 1201.001 1203.849 1206.696 1209.543 1212.391 1215.466 1218.777 1222.087 1225.397 1228.707 1232.042 1235.377 1238.712 1242.048 1244.295 1245.129 1245.963 1246.797 1247.631 1246.252 1244.643 1243.033 1241.424 1238.482 1233.334 1228.187 1223.039 1217.892 1214.141 1210.642 1207.142 1203.643 1201.171 1200.892 1200.615 1200.336 1200.058 1200.0 1200.0 1200.0 1200.0 1200.005 1200.023 1200.04 1200.058 1200.076 1203.22
1200.0 1200.0 1200.0 1200.0 1200.0 1200.0 1200.0 1200.0 1200.0 1200.0 1200.0 1200.0 1200.0 1200.088 1200.247 1200.406 1200.564 1200.769 1203.003 1205.237 1207.472 1209.706 1212.206 1214.978 1217.751 1220.523 1223.296 1226.18 1229.069 1231.958 1234.847 1236.766 1237.422 1238.079 1238.735 1239.392 1238.268 1236.96 1235.652 1234.344 1231.895 1227.559 1223.224 1218.889 1214.553 1211.478 1208.629 1205.781 1202.932 1200.921 1200.703 1200.484 1200.265 1200.046 1200.0 1200.0 1200.0 1200.0 1200.021 1200.104 1200.186 1200.269 1200.351 1204.146
1200.0 1200.0 1200.0 1200.0 1200.0 1200.0 1200.0 1200.0 1200.0 1200.0 1200.0 1200.0 1200.0 1200.061 1200.172 1200.282 1200.393 1200.536 1202.157 1203.779 1205.4 1207.022 1208.945 1211.18 1213.414 1215.649 1217.884 1220.319 1222.761 1225.204 1227.647 1229.236 1229.715 1230.194 1230.673 1231.152 1230.285 1229.278 1228.271 1227.264 1225.308 1221.785 1218.261 1214.738 1211.215 1208.815 1206.617 1204.419 1202.22 1200.672 1200.513 1200.353 1200.193 1200.034 1200.0 1200.0 1200.0 1200.0 1200.038 1200.185 1200.332 1200.479 1200.626 1205.072
1200.0 1200.0 1200.0 1200.0 1200.0 1200.0 1200.0 1200.0 1200.0 1200.0 1200.0 1200.0 1200.0 1200.034 1200.096 1200.159 1200.221 1200.303 1201.312 1202.32 1203.329 1204.337 1205.685 1207.381 1209.078 1210.775 1212.472 1214.457 1216.454 1218.45 1220.446 1221.706 1222.007 1222.309 1222.61 1222.912 1222.301 1221.595 1220.889 1220.183 1218.722 1216.01 1213.299 1210.588 1207.876 1206.152 1204.604 1203.057 1201.509 1200.423 1200.323 1200.222 1200.122 1200.021 1200.0 1200.0 1200.0 1200.0 1200.055 1200.267 1200.478 1200.69 1200.901 1205.997
1200.0 1200.0 1200.0 1200.0 1200.0 1200.0 1200.0 1200.0 1200.0 1200.0 1200.0 1200.0 1200.0 1200.008 1200.021 1200.035 1200.049 1200.071 1200.466 1200.862 1201.257 1201.652 1202.424 1203.583 1204.742 1205.901 1207.06 1208.596 1210.146 1211.696 1213.246 1214.176 1214.3 1214.424 1214.548 1214.672 1214.317 1213.913 1213.508 1213.103 1212.135 1210.236 1208.336 1206.437 1204.538 1203.488 1202.592 1201.695 1200.798 1200.174 1200.133 1200.091 1200.05 1200.009 1200.0 1200.0 1200.0 1200.0 1200.072 1200.348 1200.624 1200.9 1201.176 1206.923
1200.0 1200.0 1200.0 1200.0 1200.0 1200.0 1200.0 1200.0 1200.0 1200.0 1200.0 1200.0 1200.0 1200.0 1200.0 1200.0 1200.0 1200.004 1200.19 1200.376 1200.563 1200.749 1201.261 1202.109 1202.958 1203.806 1204.654 1205.841 1207.041 1208.241 1209.44 1210.146 1210.208 1210.27 1210.332 1210.394 1210.156 1209.887 1209.618 1209.349 1208.651 1207.245 1205.838 1204.431 1203.025 1202.302 1201.702 1201.102 1200.502 1200.087 1200.066 1200.046 1200.025 1200.004 1200.0 1200.0 1200.0 1200.0 1200.125 1200.604 1201.083 1201.562 1202.041 1208.42
1200.0 1200.0 1200.0 1200.0 1200.0 1200.0 1200.0 1200.0 1200.0 1200.0 1200.0 1200.0 1200.0 1200.0 1200.0 1200.0 1200.0 1200.003 1200.141 1200.279 1200.416 1200.554 1200.933 1201.561 1202.189 1202.816 1203.444 1204.323 1205.211 1206.098 1206.986 1207.508 1207.554 1207.6 1207.646 1207.692 1207.516 1207.317 1207.118 1206.919 1206.402 1205.361 1204.32 1203.279 1202.238 1201.704 1201.26 1200.816 1200.372 1200.064 1200.049 1200.034 1200.019 1200.003 1200.0 1200.0 1200.0 1200.0 1200.192 1200.929 1201.667 1202.404 1203.141 1210.144
1200.0 1200.0 1200.0 1200.0 1200.0 1200.0 1200.0 1200.0 1200.0 1200.0 1200.0 1200.0 1200.0 1200.0 1200.0 1200.0 1200.0 1200.002 1200.091 1200.181 1200.27 1200.359 1200.605 1201.013 1201.42 1201.827 1202.234 1202.804 1203.38 1203.956 1204.532 1204.871 1204.9 1204.93 1204.96 1204.99 1204.876 1204.747 1204.617 1204.488 1204.153 1203.478 1202.803 1202.127 1201.452 1201.105 1200.817 1200.529 1200.241 1200.042 1200.032 1200.022 1200.012 1200.002 1200.0 1200.0 1200.0 1200.0 1200.26 1201.255 1202.25 1203.245 1204.241 1211.868
1200.0 1200.0 1200.0 1200.0 1200.0 1200.0 1200.0 1200.0 1200.0 1200.0 1200.0 1200.0 1200.0 1200.0 1200.0 1200.0 1200.0 1200.001 1200.042 1200.083 1200.124 1200.165 1200.278 1200.464 1200.651 1200.838 1201.024 1201.286 1201.55 1201.814 1202.078 1202.233 1202.247 1202.26 1202.274 1202.288 1202.235 1202.176 1202.117 1202.058 1201.904 1201.595 1201.285 1200.975 1200.666 1200.507 1200.375 1200.243 1200.111 1200.019 1200.015 1200.01 1200.005 1200.001 1200.0 1200.0 1200.0 1200.0 1200.327 1201.58 1202.834 1204.087 1205.34 1213.592
1200.0 1200.0 1200.0 1200.0 1200.0 1200.0 1200.0 1200.0 1200.0 1200.0 1200.0 1200.0 1200.0 1200.0 1200.0 1200.0 1200.0 1200.0 1200.0 1200.0 1200.0 1200.0 1200.0 1200.0 1200.0 1200.0 1200.0 1200.0 1200.0 1200.0 1200.0 1200.0 1200.0 1200.0 1200.0 1200.0 1200.0 1200.0 1200.0 1200.0 1200.0 1200.0 1200.0 1200.0 1200.0 1200.0 1200.0 1200.0 1200.0 1200.0 1200.0 1200.0 1200.0 1200.0 1200.0 1200.0 1200.0 1200.0 1200.399 1201.928 1203.456 1204.985 1206.514 1215.314
1200.0 1200.0 1200.0 1200.0 1200.0 1200.0 1200.0 1200.0 1200.0 1200.0 1200.0 1200.0 1200.0 1200.0 1200.0 1200.0 1200.0 1200.0 1200.0 1200.0 1200.0 1200.0 1200.0 1200.0 1200.0 1200.0 1200.0 1200.0 1200.0 1200.0 1200.0 1200.0 1200.0 1200.0 1200.0 1200.0 1200.0 1200.0 1200.0 1200.0 1200.0 1200.0 1200.0 1200.0 1200.0 1200.0 1200.0 1200.0 1200.0 1200.0 1200.0 1200.0 1200.0 1200.0 1200.0 1200.0 1200.0 1200.0 1200.496 1202.395 1204.295 1206.195 1208.095 1217.022
1200.0 1200.0 1200.0 1200.0 1200.0 1200.0 1200.0 1200.0 1200.0 1200.0 1200.0 1200.0 1200.0 1200.0 1200.0 1200.0 1200.0 1200.0 1200.0 1200.0 1200.0 1200.0 1200.0 1200.0 1200.0 1200.0 1200.0 1200.0 1200.0 1200.0 1200.0 1200.0 1200.0 1200.0 1200.0 1200.0 1200.0 1200.0 1200.0 1200.0 1200.0 1200.0 1200.0 1200.0 1200.0 1200.0 1200.0 1200.0 1200.0 1200.0 1200.0 1200.0 1200.0 1200.0 1200.0 1200.0 1200.0 1200.0 1200.592 1202.863 1205.134 1207.405 1209.676 1218.73
1200.0 1200.0 1200.0 1200.0 1200.0 1200.0 1200.0 1200.0 1200.0 1200.0 1200.0 1200.0 1200.0 1200.0 1200.0 1200.0 1200.0 1200.0 1200.0 1200.0 1200.0 1200.0 1200.0 1200.0 1200.0 1200.0 1200.0 1200.0 1200.0 1200.0 1200.0 1200.0 1200.0 1200.0 1200.0 1200.0 1200.0 1200.0 1200.0 1200.0 1200.0 1200.0 1200.0 1200.0 1200.0 1200.0 1200.0 1200.0 1200.0 1200.0 1200.0 1200.0 1200.0 1200.0 1200.0 1200.0 1200.0 1200.0 1200.689 1203.331 1205.973 1208.615 1211.257 1220.438
1200.0 1200.0 1200.0 1200.0 1200.0 1200.0 1200.0 1200.0 1200.0 1200.0 1200.0 1200.0 1200.0 1200.0 1200.0 1200.0 1200.0 1200.0 1200.0 1200.0 1200.0 1200.0 1200.0 1200.0 1200.0 1200.0 1200.0 1200.0 1200.0 1200.0 1200.0 1200.0 1200.0 1200.0 1200.0 1200.0 1200.0 1200.0 1200.0 1200.0 1200.0 1200.0 1200.0 1200.0 1200.0 1200.0 1200.0 1200.0 1200.0 1200.0 1200.0 1200.0 1200.0 1200.0 1200.0 1200.0 1200.0 1200.0 1200.786 1203.799 1206.812 1209.825 1212.838 1222.146
1200.0 1200.0 1200.0 1200.0 1200.0 1200.0 1200.0 1200.0 1200.0 1200.0 1200.0 1200.0 1200.0 1200.0 1200.0 1200.0 1200.0 1200.0 1200.0 1200.0 1200.0 1200.0 1200.0 1200.0 1200.0 1200.0 1200.0 1200.0 1200.0 1200.0 1200.0 1200.0 1200.0 1200.0 1200.0 1200.0 1200.0 1200.0 1200.0 1200.0 1200.0 1200.0 1200.0 1200.0 1200.0 1200.0 1200.0 1200.0 1200.0 1200.0 1200.0 1200.0 1200.0 1200.0 1200.0 1200.0 1200.0 1200.0 1200.947 1204.576 1208.204 1211.833 1215.462 1224.865
