data/zism_data/00504_03_D.txt
ncols         224
nrows         224
[rows 84 to 111 of 224, columns 126 to 188 of 224]
4693.167 4682.115 4671.468 4660.82 4650.173 4640.185 4632.063 4623.941 4615.82 4607.698 4603.982 4601.941 4599.9 4597.859 4596.105 4595.591 4595.076 4594.562 4594.047 4593.597 4593.179 4592.762 4592.345 4591.942 4591.649 4591.357 4591.065 4590.773 4590.699 4590.782 4590.865 4590.948 4591.039 4591.303 4591.568 4591.832 4592.096 4592.413 4592.78 4593.147 4593.515 4593.882 4594.25 4594.617 4594.984 4595.352 4595.719 4596.087 4596.454 4596.822 4597.189 4597.657 4598.137 4598.616 4599.096 4600.363 4603.018 4605.672 4608.326 4610.98 4615.605 4620.646 4625.687
4700.309 4689.029 4678.087 4667.145 4656.203 4645.759 4636.726 4627.693 4618.66 4609.627 4605.451 4603.12 4600.789 4598.458 4596.47 4595.956 4595.441 4594.927 4594.412 4593.972 4593.57 4593.169 4592.768 4592.376 4592.051 4591.727 4591.403 4591.079 4590.975 4591.031 4591.087 4591.144 4591.207 4591.417 4591.628 4591.839 4592.05 4592.34 4592.707 4593.075 4593.442 4593.809 4594.177 4594.544 4594.912 4595.279 4595.646 4596.014 4596.381 4596.749 4597.116 4597.488 4597.86 4598.232 4598.605 4599.588 4601.647 4603.707 4605.766 4607.825 4611.944 4616.497 4621.049
4707.451 4695.943 4684.706 4673.469 4662.232 4651.333 4641.388 4631.444 4621.5 4611.556 4606.918 4604.298 4601.678 4599.058 4596.834 4596.32 4595.806 4595.292 4594.777 4594.347 4593.962 4593.577 4593.191 4592.81 4592.453 4592.097 4591.74 4591.384 4591.251 4591.281 4591.31 4591.34 4591.375 4591.532 4591.689 4591.846 4592.003 4592.267 4592.634 4593.001 4593.369 4593.736 4594.104 4594.471 4594.839 4595.206 4595.574 4595.941 4596.309 4596.676 4597.043 4597.319 4597.583 4597.849 4598.114 4598.813 4600.278 4601.742 4603.206 4604.67 4608.283 4612.348 4616.413
4714.594 4702.856 4691.325 4679.793 4668.262 4656.906 4646.051 4635.195 4624.34 4613.484 4608.387 4605.477 4602.567 4599.658 4597.199 4596.685 4596.17 4595.656 4595.142 4594.722 4594.353 4593.984 4593.615 4593.244 4592.855 4592.466 4592.078 4591.689 4591.527 4591.53 4591.533 4591.536 4591.543 4591.646 4591.75 4591.853 4591.957 4592.194 4592.561 4592.929 4593.296 4593.663 4594.031 4594.398 4594.766 4595.133 4595.5 4595.868 4596.235 4596.603 4596.97 4597.149 4597.307 4597.465 4597.623 4598.039 4598.908 4599.777 4600.646 4601.515 4604.622 4608.198 4611.775
4715.851 4704.169 4692.655 4681.142 4669.628 4658.232 4647.167 4636.104 4625.04 4613.975 4608.757 4605.76 4602.763 4599.766 4597.242 4596.756 4596.271 4595.785 4595.3 4594.892 4594.524 4594.157 4593.789 4593.423 4593.064 4592.707 4592.348 4591.99 4591.814 4591.771 4591.728 4591.685 4591.646 4591.725 4591.804 4591.882 4591.961 4592.165 4592.488 4592.813 4593.137 4593.46 4593.827 4594.194 4594.562 4594.929 4595.297 4595.664 4596.031 4596.399 4596.766 4596.936 4597.083 4597.229 4597.376 4597.731 4598.453 4599.175 4599.897 4600.619 4603.288 4606.368 4609.447
4716.439 4704.844 4693.384 4681.924 4670.464 4659.074 4647.881 4636.688 4625.495 4614.302 4609.002 4605.941 4602.879 4599.818 4597.248 4596.795 4596.341 4595.888 4595.435 4595.037 4594.67 4594.302 4593.935 4593.573 4593.252 4592.932 4592.611 4592.291 4592.103 4592.011 4591.919 4591.828 4591.743 4591.8 4591.857 4591.915 4591.972 4592.14 4592.416 4592.691 4592.967 4593.243 4593.608 4593.976 4594.343 4594.71 4595.078 4595.445 4595.813 4596.18 4596.547 4596.717 4596.864 4597.011 4597.158 4597.478 4598.103 4598.728 4599.354 4599.979 4602.22 4604.801 4607.382
4717.026 4705.519 4694.113 4682.706 4671.3 4659.916 4648.594 4637.272 4625.951 4614.63 4609.247 4606.122 4602.996 4599.87 4597.254 4596.833 4596.412 4595.99 4595.569 4595.183 4594.816 4594.448 4594.081 4593.723 4593.44 4593.157 4592.874 4592.591 4592.391 4592.251 4592.111 4591.971 4591.839 4591.875 4591.911 4591.946 4591.982 4592.115 4592.343 4592.571 4592.798 4593.026 4593.389 4593.757 4594.124 4594.492 4594.859 4595.227 4595.594 4595.961 4596.329 4596.498 4596.645 4596.792 4596.938 4597.224 4597.752 4598.281 4598.81 4599.339 4601.151 4603.234 4605.316
4717.614 4706.194 4694.841 4683.488 4672.136 4660.757 4649.307 4637.857 4626.407 4614.957 4609.493 4606.302 4603.112 4599.922 4597.26 4596.871 4596.482 4596.093 4595.704 4595.329 4594.961 4594.594 4594.227 4593.874 4593.628 4593.382 4593.137 4592.891 4592.679 4592.491 4592.303 4592.115 4591.936 4591.95 4591.964 4591.979 4591.993 4592.091 4592.271 4592.45 4592.629 4592.808 4593.17 4593.538 4593.905 4594.273 4594.64 4595.008 4595.375 4595.742 4596.11 4596.279 4596.426 4596.573 4596.72 4596.97 4597.402 4597.834 4598.267 4598.699 4600.083 4601.667 4603.251
4717.494 4706.289 4695.123 4683.958 4672.792 4661.541 4650.042 4638.545 4627.047 4615.549 4609.997 4606.704 4603.411 4600.118 4597.375 4596.998 4596.622 4596.246 4595.869 4595.499 4595.131 4594.764 4594.396 4594.046 4593.826 4593.605 4593.385 4593.165 4592.947 4592.732 4592.517 4592.302 4592.094 4592.057 4592.021 4591.983 4591.946 4591.992 4592.118 4592.244 4592.369 4592.495 4592.845 4593.202 4593.559 4593.916 4594.28 4594.652 4595.025 4595.398 4595.771 4595.955 4596.117 4596.28 4596.443 4596.68 4597.047 4597.415 4597.782 4598.15 4599.198 4600.389 4601.58
4715.927 4705.197 4694.493 4683.788 4673.084 4662.204 4650.824 4639.444 4628.064 4616.684 4611.032 4607.557 4604.082 4600.606 4597.71 4597.307 4596.904 4596.5 4596.098 4595.718 4595.35 4594.983 4594.616 4594.265 4594.045 4593.824 4593.604 4593.383 4593.175 4592.976 4592.777 4592.578 4592.381 4592.231 4592.082 4591.933 4591.783 4591.74 4591.802 4591.863 4591.925 4591.986 4592.304 4592.628 4592.953 4593.278 4593.63 4594.019 4594.408 4594.796 4595.186 4595.415 4595.625 4595.836 4596.047 4596.315 4596.683 4597.05 4597.417 4597.785 4598.687 4599.701 4600.715
4714.36 4704.105 4693.862 4683.619 4673.375 4662.867 4651.604 4640.343 4629.081 4617.819 4612.067 4608.41 4604.752 4601.095 4598.045 4597.615 4597.186 4596.755 4596.326 4595.937 4595.569 4595.202 4594.834 4594.484 4594.264 4594.043 4593.823 4593.602 4593.403 4593.221 4593.038 4592.854 4592.668 4592.406 4592.144 4591.882 4591.62 4591.489 4591.486 4591.483 4591.48 4591.478 4591.762 4592.054 4592.347 4592.639 4592.981 4593.386 4593.791 4594.195 4594.6 4594.874 4595.133 4595.393 4595.652 4595.95 4596.318 4596.685 4597.053 4597.42 4598.176 4599.013 4599.85
4712.794 4703.014 4693.231 4683.449 4673.667 4663.53 4652.386 4641.242 4630.098 4618.954 4613.103 4609.263 4605.423 4601.583 4598.381 4597.924 4597.467 4597.011 4596.554 4596.155 4595.788 4595.42 4595.053 4594.703 4594.482 4594.262 4594.042 4593.821 4593.632 4593.465 4593.298 4593.131 4592.955 4592.581 4592.206 4591.831 4591.456 4591.237 4591.17 4591.103 4591.036 4590.969 4591.22 4591.48 4591.741 4592.001 4592.331 4592.752 4593.173 4593.594 4594.015 4594.334 4594.642 4594.949 4595.256 4595.585 4595.953 4596.32 4596.688 4597.055 4597.665 4598.325 4598.985
4711.227 4701.922 4692.601 4683.28 4673.958 4664.192 4653.167 4642.141 4631.115 4620.088 4614.138 4610.116 4606.094 4602.071 4598.716 4598.232 4597.749 4597.266 4596.782 4596.374 4596.007 4595.64 4595.272 4594.922 4594.701 4594.481 4594.26 4594.04 4593.86 4593.709 4593.558 4593.407 4593.242 4592.755 4592.268 4591.78 4591.293 4590.986 4590.854 4590.723 4590.592 4590.46 4590.678 4590.906 4591.134 4591.363 4591.682 4592.119 4592.556 4592.993 4593.43 4593.794 4594.149 4594.505 4594.861 4595.221 4595.588 4595.956 4596.323 4596.69 4597.154 4597.637 4598.121
4712.328 4703.61 4694.925 4686.239 4677.554 4668.452 4658.166 4647.88 4637.595 4627.31 4620.811 4615.752 4610.693 4605.635 4601.341 4600.342 4599.343 4598.345 4597.346 4596.743 4596.352 4595.959 4595.568 4595.196 4594.976 4594.755 4594.535 4594.314 4594.132 4593.977 4593.821 4593.667 4593.495 4592.964 4592.434 4591.903 4591.372 4591.014 4590.822 4590.63 4590.438 4590.247 4590.428 4590.62 4590.812 4591.003 4591.298 4591.727 4592.156 4592.584 4593.013 4593.387 4593.754 4594.122 4594.489 4594.856 4595.224 4595.591 4595.958 4596.326 4596.744 4597.172 4597.601
4714.275 4706.179 4698.186 4690.192 4682.198 4673.851 4664.504 4655.156 4645.809 4636.461 4629.274 4622.907 4616.54 4610.173 4604.692 4603.023 4601.354 4599.686 4598.017 4597.16 4596.736 4596.312 4595.888 4595.488 4595.268 4595.047 4594.827 4594.606 4594.417 4594.251 4594.085 4593.92 4593.737 4593.185 4592.633 4592.081 4591.529 4591.129 4590.879 4590.628 4590.377 4590.127 4590.27 4590.424 4590.579 4590.733 4591.0 4591.412 4591.825 4592.237 4592.65 4593.022 4593.389 4593.757 4594.124 4594.492 4594.859 4595.226 4595.594 4595.961 4596.366 4596.778 4597.191
4716.223 4708.749 4701.446 4694.144 4686.842 4679.251 4670.842 4662.432 4654.023 4645.613 4637.736 4630.062 4622.387 4614.712 4608.043 4605.704 4603.365 4601.026 4598.688 4597.577 4597.121 4596.665 4596.208 4595.78 4595.559 4595.339 4595.118 4594.898 4594.703 4594.526 4594.35 4594.173 4593.979 4593.406 4592.832 4592.259 4591.685 4591.246 4590.936 4590.626 4590.316 4590.007 4590.111 4590.229 4590.345 4590.462 4590.701 4591.097 4591.494 4591.89 4592.287 4592.657 4593.024 4593.392 4593.759 4594.127 4594.494 4594.861 4595.229 4595.596 4595.988 4596.384 4596.781
4718.17 4711.318 4704.708 4698.097 4691.486 4684.651 4677.18 4669.708 4662.237 4654.766 4646.199 4637.216 4628.234 4619.251 4611.394 4608.385 4605.376 4602.367 4599.358 4597.994 4597.505 4597.017 4596.529 4596.071 4595.851 4595.63 4595.41 4595.19 4594.988 4594.801 4594.614 4594.427 4594.222 4593.626 4593.032 4592.437 4591.841 4591.361 4590.993 4590.624 4590.256 4589.887 4589.954 4590.033 4590.112 4590.191 4590.402 4590.782 4591.163 4591.543 4591.923 4592.292 4592.66 4593.027 4593.395 4593.762 4594.129 4594.497 4594.864 4595.231 4595.61 4595.99 4596.371
4720.768 4714.566 4708.688 4702.809 4696.931 4690.902 4684.448 4677.994 4671.541 4665.086 4655.91 4645.699 4635.487 4625.276 4616.252 4612.341 4608.43 4604.519 4600.608 4598.839 4598.212 4597.584 4596.957 4596.376 4596.143 4595.911 4595.678 4595.445 4595.228 4595.021 4594.815 4594.609 4594.385 4593.774 4593.163 4592.551 4591.94 4591.429 4591.014 4590.6 4590.186 4589.771 4589.796 4589.834 4589.872 4589.91 4590.09 4590.458 4590.825 4591.193 4591.56 4591.927 4592.295 4592.663 4593.03 4593.396 4593.761 4594.125 4594.489 4594.854 4595.223 4595.593 4595.964
4726.141 4720.711 4715.738 4710.766 4705.793 4700.789 4695.691 4690.593 4685.495 4680.397 4670.949 4659.848 4648.748 4637.646 4627.543 4621.74 4615.937 4610.134 4604.33 4601.515 4600.292 4599.07 4597.848 4596.733 4596.436 4596.139 4595.842 4595.545 4595.27 4595.01 4594.75 4594.49 4594.215 4593.609 4593.003 4592.397 4591.792 4591.288 4590.885 4590.481 4590.078 4589.674 4589.642 4589.621 4589.599 4589.578 4589.726 4590.093 4590.46 4590.828 4591.195 4591.563 4591.93 4592.298 4592.665 4593.025 4593.374 4593.722 4594.07 4594.418 4594.798 4595.185 4595.572
4731.513 4726.855 4722.789 4718.723 4714.656 4710.675 4706.933 4703.191 4699.45 4695.708 4685.989 4673.998 4662.007 4650.017 4638.835 4631.139 4623.443 4615.748 4608.052 4604.19 4602.373 4600.556 4598.739 4597.09 4596.729 4596.368 4596.006 4595.645 4595.312 4594.998 4594.685 4594.372 4594.045 4593.445 4592.844 4592.244 4591.643 4591.148 4590.755 4590.362 4589.969 4589.576 4589.487 4589.407 4589.327 4589.247 4589.361 4589.729 4590.096 4590.463 4590.831 4591.198 4591.565 4591.933 4592.3 4592.655 4592.987 4593.319 4593.651 4593.984 4594.374 4594.777 4595.179
4736.886 4733.0 4729.84 4726.679 4723.519 4720.561 4718.175 4715.79 4713.404 4711.019 4701.028 4688.148 4675.267 4662.387 4650.126 4640.538 4630.95 4621.362 4611.774 4606.866 4604.454 4602.042 4599.629 4597.448 4597.022 4596.596 4596.171 4595.745 4595.354 4594.986 4594.62 4594.252 4593.875 4593.28 4592.685 4592.09 4591.495 4591.007 4590.625 4590.243 4589.861 4589.479 4589.333 4589.193 4589.054 4588.915 4588.997 4589.364 4589.731 4590.099 4590.466 4590.833 4591.201 4591.568 4591.936 4592.284 4592.601 4592.917 4593.233 4593.549 4593.95 4594.369 4594.787
4742.258 4739.145 4736.891 4734.636 4732.382 4730.447 4729.417 4728.389 4727.359 4726.33 4716.068 4702.298 4688.527 4674.757 4661.417 4649.938 4638.457 4626.977 4615.496 4609.542 4606.535 4603.527 4600.52 4597.805 4597.315 4596.825 4596.335 4595.845 4595.396 4594.975 4594.554 4594.133 4593.706 4593.116 4592.526 4591.936 4591.346 4590.867 4590.496 4590.124 4589.752 4589.381 4589.178 4588.98 4588.782 4588.584 4588.632 4588.999 4589.366 4589.734 4590.101 4590.469 4590.836 4591.203 4591.571 4591.914 4592.214 4592.514 4592.814 4593.114 4593.525 4593.96 4594.395
4747.827 4745.423 4743.938 4742.453 4740.968 4739.785 4739.457 4739.128 4738.8 4738.472 4728.248 4714.263 4700.277 4686.292 4672.506 4659.576 4646.645 4633.715 4620.784 4613.658 4609.626 4605.595 4601.564 4597.943 4597.448 4596.954 4596.459 4595.965 4595.494 4595.04 4594.585 4594.131 4593.672 4593.107 4592.543 4591.979 4591.414 4590.934 4590.537 4590.14 4589.742 4589.345 4589.11 4588.879 4588.649 4588.418 4588.431 4588.758 4589.085 4589.413 4589.741 4590.092 4590.446 4590.8 4591.154 4591.488 4591.785 4592.082 4592.379 4592.677 4593.101 4593.552 4594.002
4753.516 4751.781 4750.982 4750.184 4749.385 4748.788 4748.76 4748.731 4748.704 4748.676 4738.678 4724.891 4711.104 4697.317 4683.469 4669.359 4655.25 4641.14 4627.03 4618.655 4613.337 4608.019 4602.701 4597.946 4597.484 4597.022 4596.56 4596.098 4595.627 4595.152 4594.676 4594.2 4593.722 4593.195 4592.668 4592.141 4591.614 4591.128 4590.683 4590.237 4589.792 4589.346 4589.094 4588.848 4588.601 4588.354 4588.33 4588.593 4588.856 4589.119 4589.382 4589.708 4590.041 4590.373 4590.706 4591.027 4591.33 4591.633 4591.936 4592.238 4592.676 4593.144 4593.61
4759.205 4758.14 4758.027 4757.915 4757.802 4757.79 4758.063 4758.334 4758.607 4758.879 4749.107 4735.519 4721.93 4708.342 4694.433 4679.144 4663.854 4648.565 4633.276 4623.651 4617.047 4610.443 4603.838 4597.95 4597.52 4597.09 4596.66 4596.23 4595.761 4595.264 4594.767 4594.27 4593.772 4593.283 4592.793 4592.304 4591.814 4591.323 4590.829 4590.335 4589.842 4589.348 4589.079 4588.816 4588.553 4588.291 4588.229 4588.428 4588.626 4588.825 4589.024 4589.324 4589.635 4589.946 4590.257 4590.567 4590.875 4591.184 4591.492 4591.799 4592.252 4592.735 4593.218
4764.894 4764.499 4765.072 4765.646 4766.219 4766.793 4767.365 4767.938 4768.51 4769.083 4759.537 4746.147 4732.757 4719.366 4705.396 4688.928 4672.459 4655.991 4639.522 4628.648 4620.757 4612.867 4604.976 4597.954 4597.556 4597.158 4596.76 4596.362 4595.895 4595.376 4594.857 4594.338 4593.823 4593.371 4592.919 4592.467 4592.015 4591.518 4590.975 4590.433 4589.891 4589.349 4589.063 4588.784 4588.505 4588.227 4588.128 4588.262 4588.397 4588.531 4588.666 4588.94 4589.229 4589.52 4589.809 4590.107 4590.421 4590.734 4591.047 4591.361 4591.828 4592.327 4592.826
4770.468 4770.725 4771.962 4773.199 4774.436 4775.574 4776.43 4777.287 4778.143 4779.0 4769.695 4756.529 4743.363 4730.197 4716.193 4698.575 4680.957 4663.339 4645.721 4633.615 4624.448 4615.282 4606.115 4597.968 4597.597 4597.225 4596.854 4596.482 4596.014 4595.477 4594.938 4594.401 4593.868 4593.452 4593.037 4592.621 4592.205 4591.702 4591.113 4590.525 4589.937 4589.348 4589.043 4588.747 4588.451 4588.155 4588.019 4588.091 4588.163 4588.235 4588.308 4588.556 4588.824 4589.092 4589.36 4589.646 4589.965 4590.284 4590.603 4590.922 4591.403 4591.917 4592.432
4773.922 4774.492 4775.97 4777.448 4778.926 4780.238 4781.079 4781.919 4782.759 4783.6 4774.803 4762.345 4749.887 4737.429 4723.886 4705.673 4687.46 4669.247 4651.034 4638.019 4627.774 4617.53 4607.286 4598.178 4597.726 4597.274 4596.822 4596.37 4595.881 4595.364 4594.848 4594.332 4593.82 4593.415 4593.01 4592.604 4592.2 4591.696 4591.097 4590.498 4589.899 4589.3 4588.953 4588.614 4588.275 4587.936 4587.764 4587.81 4587.855 4587.9 4587.945 4588.167 4588.408 4588.649 4588.891 4589.164 4589.494 4589.823 4590.153 4590.482 4590.965 4591.479 4591.994
