data/zism_data/00500_04_D.txt
ncols         224
nrows         224
[rows 196 to 223 of 224, columns 126 to 188 of 224]
471.3065 474.2363 477.1661 480.0959 480.8229 478.8498 476.8766 474.9035 472.9304 473.2267 473.7391 474.2516 474.764 472.3248 465.0041 457.6832 450.3626 443.0417 439.023 435.6303 432.2378 428.8451 428.5493 435.3316 442.1141 448.8964 455.6789 465.9223 477.2109 488.4991 499.7877 511.4665 524.4394 537.4118 550.3847 563.3572 563.3348 557.627 551.9193 546.2114 539.9142 530.5077 521.1015 511.695 502.2888 495.9837 491.554 487.1241 482.6944 477.8387 468.5131 459.1875 449.8615 440.5359 434.5025 431.1553 427.808 424.4608 421.4132 438.738 456.0633 473.388 490.7134
477.5949 479.7471 481.8994 484.0515 484.7821 483.7702 482.7582 481.7463 480.7344 481.0452 481.4821 481.9189 482.3557 478.9191 469.0768 459.2341 449.3917 439.549 433.585 428.3563 423.1278 417.8992 416.6072 424.3128 432.0187 439.7244 447.4303 459.4473 472.7664 486.0849 499.404 512.5759 525.2626 537.9489 550.6356 563.3218 562.1118 554.8218 547.532 540.2419 532.267 520.6789 509.0912 497.5031 485.9153 478.3271 473.1576 467.9879 462.8184 457.4019 449.3938 441.3857 433.3773 425.3691 421.7864 421.8141 421.8418 421.8695 422.1886 442.305 462.4222 482.5387 502.6558
479.1004 480.7051 482.3098 483.9145 484.5411 483.9688 483.3965 482.8242 482.252 482.408 482.6334 482.8588 483.0842 478.8975 467.4143 455.9307 444.4475 432.9639 425.9926 419.8768 413.7612 407.6453 406.0226 414.6691 423.3159 431.9623 440.6091 453.8636 468.5096 483.1552 497.8012 511.794 523.6248 535.4551 547.2859 559.1163 556.9644 548.6948 540.4255 532.1559 523.1252 510.0786 497.0324 483.9858 470.9396 462.7791 457.5732 452.3672 447.1613 441.8358 435.2569 428.678 422.0988 415.52 413.7357 415.863 417.9904 420.1177 422.5316 444.4164 466.3021 488.187 510.0726
473.6022 474.9963 476.3904 477.7845 478.1496 477.2534 476.3571 475.4608 474.5645 474.3177 474.1328 473.9478 473.7628 469.1881 457.354 445.5194 433.6853 421.8507 415.2456 409.632 404.0185 398.4049 397.4257 407.0386 416.6519 426.2649 435.8782 449.5849 464.5279 479.4704 494.4135 508.2424 518.3831 528.5234 538.6641 548.8044 546.0706 537.7039 529.3374 520.9706 511.7945 498.3484 484.9027 471.4565 458.0108 450.3189 446.1066 441.894 437.6817 433.4019 428.4157 423.4297 418.4434 413.4573 412.5164 414.8759 417.2354 419.5949 422.2415 444.3963 466.5519 488.7068 510.8624
468.1041 469.2876 470.4711 471.6546 471.7582 470.5379 469.3176 468.0973 466.8771 466.2274 465.6321 465.0367 464.4414 459.4788 447.2937 435.1082 422.9231 410.7375 404.4986 399.3872 394.2759 389.1644 388.8287 399.4082 409.988 420.5674 431.1473 445.3062 460.5462 475.7857 491.0257 504.6909 513.1415 521.5917 530.0423 538.4926 535.1768 526.7129 518.2493 509.7854 500.4639 486.6182 472.7729 458.9272 445.082 437.8587 434.6399 431.4209 428.2021 424.968 421.5746 418.1813 414.7879 411.3946 411.2972 413.8889 416.4806 419.0722 421.9515 444.3763 466.8018 489.2266 511.6522
462.6059 463.5788 464.5518 465.5247 465.3667 463.8224 462.2781 460.7339 459.1896 458.1371 457.1314 456.1257 455.1201 449.7694 437.2334 424.6969 412.1608 399.6243 393.7516 389.1423 384.5333 379.924 380.2318 391.7777 403.3241 414.87 426.4164 441.0275 456.5645 472.101 487.6379 501.1393 507.8998 514.66 521.4205 528.1808 524.283 515.722 507.1612 498.6001 489.1333 474.888 460.6432 446.3979 432.1531 425.3985 423.1732 420.9478 418.7225 416.5341 414.7335 412.933 411.1324 409.3318 410.078 412.9018 415.7256 418.5494 421.6614 444.3561 467.0517 489.7464 512.442
457.1077 457.8701 458.6324 459.3948 458.9753 457.107 455.2387 453.3704 451.5022 450.0468 448.6308 447.2147 445.7987 440.0601 427.173 414.2856 401.3986 388.5111 383.0046 378.8975 374.7906 370.6836 371.6348 384.1472 396.6601 409.1726 421.6855 436.7488 452.5828 468.4162 484.2502 497.5878 502.6582 507.7284 512.7988 517.869 513.3892 504.731 496.0731 487.4149 477.8026 463.1578 448.5135 433.8687 419.2243 412.9383 411.7065 410.4747 409.2429 408.1002 407.8924 407.6847 407.4769 407.2692 408.8588 411.9147 414.9707 418.0266 421.3714 444.3361 467.3015 490.2662 513.2318
457.6463 458.2075 458.7686 459.3298 458.0506 454.5155 450.9803 447.4453 443.9102 440.4262 436.9472 433.468 429.989 423.1704 410.8292 398.4875 386.1463 373.8047 369.5098 366.7407 363.9717 361.2026 363.5187 377.4578 391.3973 405.3364 419.2759 434.5952 450.3318 466.0678 481.8044 494.9137 499.3222 503.7307 508.1392 512.5476 508.6579 501.1373 493.617 486.0964 477.8019 465.4244 453.0474 440.6699 428.2928 423.3458 422.8915 422.4373 421.983 421.4935 420.6343 419.7751 418.916 418.0568 418.0284 418.6778 419.3272 419.9766 420.9096 441.1159 461.3228 481.5291 501.7361
459.0904 459.4518 459.8131 460.1745 457.9459 452.5426 447.1391 441.7357 436.3325 430.576 424.786 418.9959 413.206 405.2036 393.5426 381.8813 370.2204 358.5591 355.6027 354.2969 352.9912 351.6854 355.4747 370.9094 386.3446 401.7793 417.2145 432.7604 448.3404 463.9198 479.4998 492.3712 496.2721 500.173 504.0739 507.9748 504.8508 498.6531 492.4556 486.2579 479.5005 469.7905 460.0808 450.3707 440.661 437.1834 437.4743 437.7652 438.0561 438.161 436.3138 434.4665 432.6192 430.772 428.7563 426.6034 424.4504 422.2974 420.4221 437.4156 454.4098 471.4034 488.3976
460.5344 460.696 460.8576 461.0193 457.8412 450.5696 443.2978 436.0263 428.7547 420.7257 412.6249 404.5238 396.423 387.2367 376.2561 365.2751 354.2945 343.3135 341.6956 341.8531 342.0107 342.1682 347.4307 364.361 381.2919 398.2223 415.1532 430.9256 446.349 461.7718 477.1952 489.8286 493.222 496.6153 500.0087 503.402 501.0437 496.1689 491.2943 486.4194 481.1992 474.1566 467.1142 460.0716 453.0291 451.0211 452.0571 453.0931 454.1291 454.8285 451.9932 449.1579 446.3225 443.4872 439.4843 434.529 429.5735 424.6183 419.9345 433.7154 447.4968 461.2776 475.059
461.9785 461.9403 461.9022 461.864 457.7365 448.5967 439.4566 430.3168 421.177 410.8755 400.4638 390.0517 379.64 369.2699 358.9696 348.6689 338.3686 328.068 327.7885 329.4094 331.0302 332.6511 339.3866 357.8126 376.2392 394.6652 413.0918 429.0908 444.3576 459.6238 474.8906 487.2861 490.1719 493.0576 495.9435 498.8292 497.2366 493.6847 490.1329 486.5809 482.8979 478.5227 474.1476 469.7724 465.3973 464.8587 466.6398 468.4211 470.2022 471.496 467.6726 463.8493 460.0258 456.2025 450.2122 442.4546 434.6967 426.9391 419.447 430.0152 440.5837 451.1519 461.7205
464.8923 464.6957 464.4992 464.3026 459.3674 448.6239 437.88 427.1365 416.3931 404.1724 391.8115 379.4501 367.0892 355.8401 346.4307 337.021 327.6117 318.202 319.1795 322.127 325.0743 328.0218 335.9118 355.0991 374.287 393.4743 412.6623 428.7147 443.8213 458.9274 474.034 486.3089 489.2055 492.1021 494.9987 497.8953 497.056 494.5822 492.1084 489.6346 487.2729 485.5021 483.7315 481.9607 480.1901 480.9705 483.2934 485.6163 487.9392 489.6437 484.8557 480.0677 475.2795 470.4915 462.8109 452.7711 442.7309 432.6911 422.9079 430.5891 438.2706 445.9518 453.6333
470.7456 470.4734 470.2013 469.9291 464.4694 452.6514 440.8329 429.0148 417.1967 403.7635 390.1768 376.5897 363.0031 351.4845 343.3873 335.2898 327.1926 319.0951 321.167 325.1674 329.1678 333.1682 341.5754 360.0554 378.5359 397.0158 415.4964 431.2562 446.1954 461.134 476.0732 488.4624 492.4067 496.3508 500.295 504.2392 504.1281 502.2429 500.3577 498.4724 497.0005 497.7084 498.4163 499.1241 499.832 501.6305 504.0884 506.5463 509.0042 510.7521 505.0462 499.3402 493.6341 487.9281 479.1511 467.8693 456.5871 445.3053 434.2657 439.7114 445.1572 450.6029 456.0487
476.5989 476.2512 475.9034 475.5556 469.5715 456.6788 443.7857 430.8931 418.0004 403.3545 388.5421 373.7292 358.9169 347.1289 340.3438 333.5586 326.7735 319.9882 323.1544 328.2079 333.2611 338.3146 347.2391 365.0116 382.7848 400.5573 418.3305 433.7977 448.5694 463.3407 478.1124 490.616 495.6078 500.5995 505.5914 510.5831 511.2003 509.9036 508.6069 507.3102 506.7282 509.9147 513.1011 516.2875 519.4739 522.2905 524.8834 527.4763 530.0692 531.8605 525.2366 518.6127 511.9886 505.3647 495.4913 482.9676 470.4433 457.9196 445.6235 448.8336 452.0439 455.254 458.4642
482.4522 482.0289 481.6055 481.1822 474.6736 460.7063 446.7386 432.7714 418.8041 402.9456 386.9075 370.8688 354.8307 342.7733 337.3004 331.8273 326.3544 320.8813 325.1418 331.2483 337.3546 343.4611 352.9027 369.9679 387.0337 404.0988 421.1646 436.3392 450.9435 465.5473 480.1516 492.7695 498.809 504.8482 510.8877 516.927 518.2725 517.5643 516.8562 516.1481 516.4559 522.1209 527.7858 533.4509 539.1158 542.9505 545.6783 548.4063 551.1342 552.9689 545.4271 537.8853 530.3432 522.8013 511.8315 498.0658 484.2996 470.5338 456.9814 457.9559 458.9305 459.905 460.8796
488.3055 487.8065 487.3076 486.8086 479.7756 464.7338 449.6914 434.6496 419.6078 402.5366 385.2728 368.0084 350.7446 338.4177 334.257 330.0961 325.9353 321.7744 327.1292 334.2887 341.4479 348.6074 358.5663 374.9241 391.2825 407.6403 423.9987 438.8806 453.3175 467.7539 482.1908 494.923 502.0101 509.0969 516.184 523.2709 525.3446 525.225 525.1054 524.9858 526.1834 534.3271 542.4705 550.6142 558.7576 563.6104 566.4732 569.3361 572.199 574.0771 565.6174 557.1577 548.6976 540.2378 528.1716 513.1639 498.1556 483.1479 468.3391 467.0781 465.817 464.5561 463.295
486.0064 485.9957 485.985 485.9742 479.5743 465.3431 451.1115 436.8803 422.6491 407.3705 391.9927 376.6144 361.2366 350.5017 347.4465 344.3911 341.3359 338.2805 344.0309 351.4514 358.8716 366.292 375.8163 390.1498 404.4839 418.8174 433.1514 446.6452 459.886 473.1264 486.3672 498.3636 506.24 514.1161 521.9925 529.8686 531.9781 531.5648 531.1514 530.7381 531.7038 539.9415 548.1789 556.4166 564.654 569.5807 572.5054 575.4302 578.3549 580.31 572.0858 563.8615 555.637 547.4127 535.8587 521.5889 507.3186 493.0488 478.9577 477.0408 475.1239 473.207 471.29
481.6321 482.2532 482.8742 483.4952 478.0231 465.0824 452.1413 439.2007 426.26 413.5389 400.8393 388.1391 375.4395 366.7704 364.768 362.7657 360.7633 358.761 364.729 372.2088 379.6884 387.1682 396.0157 407.9897 419.9641 431.9381 443.9125 455.7393 467.5222 479.3046 491.0875 502.1319 510.7318 519.3314 527.9313 536.5309 538.5001 537.5684 536.6367 535.705 536.1532 543.8779 551.6024 559.3271 567.0516 571.812 574.7798 577.7477 580.7156 582.7562 575.0611 567.366 559.6706 551.9755 541.3431 528.3152 515.2869 502.259 489.3881 487.2175 485.0468 482.8761 480.7054
477.2579 478.5107 479.7635 481.0162 476.4718 464.8217 453.1712 441.5211 429.8709 419.7074 409.6858 399.6639 389.6423 383.039 382.0896 381.1402 380.1908 379.2414 385.4272 392.9663 400.5052 408.0444 416.2151 425.8295 435.4443 445.0588 454.6736 464.8335 475.1584 485.4829 495.8078 505.9001 515.2236 524.5466 533.8701 543.1932 545.022 543.5719 542.1219 540.6719 540.6025 547.8143 555.0258 562.2375 569.4491 574.0431 577.0541 580.0653 583.0764 585.2025 578.0364 570.8704 563.7042 556.5382 546.8276 535.0416 523.2552 511.4692 499.8186 497.3941 494.9696 492.5452 490.1207
472.8836 474.7681 476.6527 478.5373 474.9206 464.561 454.201 443.8414 433.4818 425.8758 418.5323 411.1886 403.8452 399.3077 399.4112 399.5147 399.6183 399.7218 406.1253 413.7238 421.3221 428.9206 436.4144 443.6693 450.9245 458.1795 465.4347 473.9276 482.7946 491.6612 500.5281 509.6684 519.7153 529.762 539.8089 549.8555 551.5439 549.5755 547.6071 545.6387 545.0519 551.7507 558.4493 565.1481 571.8466 576.2742 579.3285 582.3829 585.4371 587.6486 581.0118 574.3749 567.7379 561.101 552.312 541.7679 531.2235 520.6794 510.249 507.5708 504.8925 502.2143 499.536
464.8646 467.657 470.4494 473.2417 471.0688 462.8096 454.5502 446.291 438.0319 433.3355 428.9786 424.6216 420.2647 417.9746 419.1029 420.2312 421.3595 422.4878 428.4676 435.3676 442.2674 449.1674 455.3604 459.9374 464.5147 469.0918 473.669 479.9559 486.7592 493.5623 500.3656 507.9171 517.9481 527.9786 538.0096 548.0402 549.9354 548.2712 546.6071 544.943 544.6415 551.5261 558.4103 565.2947 572.179 576.7904 580.0273 583.2644 586.5013 588.8942 582.4259 575.9576 569.4891 563.0208 554.7991 545.1476 535.4957 525.8442 516.293 513.5807 510.8684 508.1562 505.4438
446.5189 451.0013 455.4838 459.9662 460.6988 456.8348 452.9708 449.1068 445.2429 444.4537 443.9573 443.461 442.9647 443.4366 445.5098 447.5831 449.6563 451.7296 455.468 459.5224 463.5767 467.6311 470.7549 471.7523 472.7497 473.747 474.7444 477.298 480.3215 483.3449 486.3685 490.5272 498.4469 506.3663 514.2859 522.2053 525.291 526.2617 527.2325 528.2033 530.4619 539.5116 548.561 557.6108 566.6602 572.4476 576.2623 580.0771 583.8918 586.738 579.4166 572.0952 564.7736 557.4521 548.7937 539.045 529.296 519.5472 509.9088 507.7851 505.6613 503.5376 501.4138
428.1733 434.3457 440.5183 446.6907 450.3288 450.8601 451.3913 451.9226 452.4539 455.5717 458.9359 462.3002 465.6644 468.8983 471.9164 474.9347 477.9528 480.971 482.4682 483.677 484.8857 486.0945 486.1494 483.567 480.9846 478.4022 475.8197 474.6401 473.8839 473.1277 472.3715 473.1375 478.9459 484.7541 490.5625 496.3707 500.6467 504.2524 507.858 511.4637 516.2823 527.4973 538.7119 549.9269 561.1415 568.1049 572.4973 576.8898 581.2822 584.5818 576.4073 568.2328 560.0581 551.8836 542.7883 532.9424 523.0962 513.2503 503.5246 501.9894 500.4542 498.9191 497.3839
409.8275 417.69 425.5527 433.4152 439.9588 444.8853 449.8119 454.7384 459.6649 466.6899 473.9147 481.1396 488.3643 494.3603 498.3233 502.2865 506.2496 510.2128 509.4687 507.8318 506.195 504.5581 501.544 495.3819 489.2195 483.0574 476.8951 471.9821 467.4461 462.9103 458.3743 455.7476 459.4447 463.1417 466.8389 470.5359 476.0022 482.2429 488.4834 494.7241 502.1026 515.4829 528.8627 542.243 555.6227 563.7621 568.7322 573.7025 578.6727 582.4256 573.398 564.3704 555.3426 546.315 536.7829 526.8398 516.8964 506.9533 497.1404 496.1938 495.2471 494.3005 493.3539
391.4818 401.0343 410.5871 420.1396 429.5887 438.9105 448.2325 457.5542 466.8759 477.8081 488.8934 499.979 511.0643 519.8222 524.7302 529.6384 534.5464 539.4546 536.4691 531.9866 527.5042 523.0217 516.9386 507.1967 497.4545 487.7126 477.9704 469.3242 461.0084 452.693 444.3772 438.3576 439.9435 441.5293 443.1152 444.701 451.3578 460.2334 469.1087 477.9844 487.9229 503.4685 519.0135 534.559 550.104 559.4193 564.9672 570.5153 576.0632 580.2694 570.3887 560.5081 550.6271 540.7464 530.7775 520.7372 510.6966 500.6563 490.7561 490.3981 490.04 489.682 489.3239
378.9928 390.1454 401.2984 412.451 424.1743 436.5963 449.0187 461.4406 473.8626 486.1102 498.3406 510.5716 522.8021 532.0399 536.3278 540.6157 544.9034 549.1914 545.0735 539.3613 533.6493 527.9371 520.4628 508.9604 497.4577 485.9554 474.4526 462.8856 451.2985 439.7119 428.1248 419.33 419.7827 420.2354 420.6882 421.1409 429.4627 441.2278 452.9925 464.7575 477.5336 495.6437 513.7531 531.8632 549.9726 560.029 565.2156 570.4023 575.5889 579.3406 568.0277 556.7148 545.4016 534.0886 523.1792 512.5995 502.0196 491.4399 481.0079 480.628 480.2481 479.8682 479.4883
368.7292 381.4478 394.1668 406.8854 420.643 435.6731 450.7038 465.7339 480.7641 493.342 505.6859 518.0302 530.3741 539.2249 542.2977 545.3705 548.4434 551.5163 546.6872 540.3594 534.0319 527.7041 519.4761 506.9047 494.3328 481.7614 469.1895 455.0102 440.3452 425.6806 411.0156 399.6799 399.3712 399.0625 398.7539 398.4452 408.6125 423.3637 438.1144 452.8656 468.5847 489.411 510.2365 531.0628 551.8884 562.5207 566.9891 571.4576 575.926 578.8783 565.9131 552.9479 539.9822 527.017 514.9756 503.6886 492.4012 481.1142 469.9813 469.3476 468.7139 468.0802 467.4466
358.4657 372.7503 387.0353 401.3198 417.1117 434.75 452.3889 470.0273 487.6656 500.5739 513.0312 525.4889 537.9462 546.4097 548.2676 550.1254 551.9833 553.8411 548.301 541.3576 534.4144 527.4711 518.4896 504.8489 491.2079 477.5673 463.9262 447.1349 429.3918 411.6494 393.9063 380.0298 378.9597 377.8896 376.8195 375.7495 387.7623 405.4996 423.2364 440.9737 459.6357 483.1783 506.7199 530.2625 553.8041 565.0124 568.7626 572.5129 576.2631 578.416 563.7985 549.181 534.5629 519.9454 506.7721 494.7776 482.7828 470.7884 458.9547 458.0672 457.1797 456.2923 455.4048
