data/zism_data/00512_04_D.txt
ncols         224
nrows         224
[rows 196 to 223 of 224, columns 0 to 62 of 224]
1469.727 1467.993 1466.259 1464.505 1462.724 1460.943 1459.163 1457.382 1456.182 1455.047 1453.913 1452.778 1451.921 1451.586 1451.25 1450.914 1450.578 1450.44 1450.353 1450.266 1450.179 1450.107 1450.082 1450.057 1450.032 1450.008 1450.0 1450.0 1450.0 1450.0 1450.0 1450.0 1450.0 1450.0 1450.0 1450.0 1450.0 1450.0 1450.0 1450.0 1450.0 1450.0 1450.0 1450.0 1450.0 1450.0 1450.0 1450.0 1450.0 1450.0 1450.0 1450.0 1450.0 1450.01 1450.035 1450.06 1450.084 1450.109 1450.739 1451.484 1452.228 1452.972 1454.151
1470.365 1468.62 1466.876 1465.134 1463.397 1461.659 1459.921 1458.184 1457.002 1455.884 1454.765 1453.647 1452.75 1452.269 1451.788 1451.308 1450.827 1450.63 1450.505 1450.381 1450.256 1450.153 1450.118 1450.082 1450.047 1450.011 1450.0 1450.0 1450.0 1450.0 1450.0 1450.0 1450.0 1450.0 1450.0 1450.0 1450.0 1450.0 1450.0 1450.0 1450.0 1450.0 1450.0 1450.0 1450.0 1450.0 1450.0 1450.0 1450.0 1450.0 1450.0 1450.0 1450.0 1450.014 1450.05 1450.085 1450.121 1450.156 1450.783 1451.522 1452.262 1453.001 1454.23
1471.003 1469.248 1467.492 1465.764 1464.069 1462.375 1460.68 1458.985 1457.823 1456.72 1455.618 1454.515 1453.579 1452.953 1452.327 1451.702 1451.076 1450.82 1450.658 1450.495 1450.333 1450.2 1450.153 1450.107 1450.06 1450.014 1450.0 1450.0 1450.0 1450.0 1450.0 1450.0 1450.0 1450.0 1450.0 1450.0 1450.0 1450.0 1450.0 1450.0 1450.0 1450.0 1450.0 1450.0 1450.0 1450.0 1450.0 1450.0 1450.0 1450.0 1450.0 1450.0 1450.0 1450.018 1450.064 1450.111 1450.157 1450.204 1450.828 1451.561 1452.295 1453.029 1454.309
1471.907 1470.161 1468.416 1466.714 1465.067 1463.419 1461.771 1460.124 1458.947 1457.824 1456.7 1455.577 1454.598 1453.889 1453.18 1452.471 1451.763 1451.407 1451.141 1450.876 1450.61 1450.388 1450.298 1450.208 1450.117 1450.027 1450.0 1450.0 1450.0 1450.0 1450.0 1450.0 1450.0 1450.0 1450.0 1450.0 1450.0 1450.0 1450.0 1450.0 1450.0 1450.0 1450.0 1450.0 1450.0 1450.0 1450.0 1450.0 1450.0 1450.0 1450.0 1450.0 1450.0 1450.089 1450.314 1450.541 1450.767 1450.993 1451.748 1452.604 1453.461 1454.317 1455.709
1472.891 1471.162 1469.432 1467.761 1466.162 1464.563 1462.963 1461.364 1460.163 1459.008 1457.852 1456.696 1455.674 1454.901 1454.128 1453.355 1452.582 1452.115 1451.725 1451.336 1450.947 1450.619 1450.475 1450.331 1450.187 1450.044 1450.0 1450.0 1450.0 1450.0 1450.0 1450.0 1450.0 1450.0 1450.0 1450.0 1450.0 1450.0 1450.0 1450.0 1450.0 1450.0 1450.0 1450.0 1450.0 1450.0 1450.0 1450.0 1450.0 1450.0 1450.0 1450.0 1450.0 1450.179 1450.635 1451.092 1451.549 1452.006 1452.934 1453.951 1454.968 1455.985 1457.509
1473.876 1472.162 1470.449 1468.809 1467.257 1465.706 1464.155 1462.604 1461.38 1460.192 1459.004 1457.816 1456.75 1455.913 1455.075 1454.238 1453.4 1452.822 1452.309 1451.797 1451.284 1450.849 1450.652 1450.455 1450.257 1450.06 1450.0 1450.0 1450.0 1450.0 1450.0 1450.0 1450.0 1450.0 1450.0 1450.0 1450.0 1450.0 1450.0 1450.0 1450.0 1450.0 1450.0 1450.0 1450.0 1450.0 1450.0 1450.0 1450.0 1450.0 1450.0 1450.0 1450.0 1450.269 1450.956 1451.644 1452.331 1453.019 1454.119 1455.297 1456.475 1457.653 1459.308
1474.86 1473.163 1471.466 1469.856 1468.353 1466.85 1465.347 1463.845 1462.596 1461.376 1460.156 1458.936 1457.827 1456.925 1456.023 1455.121 1454.219 1453.529 1452.893 1452.257 1451.621 1451.08 1450.829 1450.578 1450.327 1450.076 1450.0 1450.0 1450.0 1450.0 1450.0 1450.0 1450.0 1450.0 1450.0 1450.0 1450.0 1450.0 1450.0 1450.0 1450.0 1450.0 1450.0 1450.0 1450.0 1450.0 1450.0 1450.0 1450.0 1450.0 1450.0 1450.0 1450.0 1450.359 1451.277 1452.196 1453.114 1454.032 1455.304 1456.643 1457.982 1459.321 1461.108
1475.794 1474.112 1472.43 1470.849 1469.392 1467.935 1466.478 1465.021 1463.745 1462.49 1461.234 1459.978 1458.822 1457.851 1456.88 1455.909 1454.938 1454.141 1453.387 1452.633 1451.88 1451.241 1450.953 1450.664 1450.376 1450.088 1450.0 1450.0 1450.0 1450.0 1450.0 1450.0 1450.0 1450.0 1450.0 1450.0 1450.0 1450.0 1450.0 1450.0 1450.0 1450.0 1450.0 1450.0 1450.0 1450.0 1450.0 1450.0 1450.0 1450.016 1450.034 1450.052 1450.069 1450.535 1451.699 1452.863 1454.027 1455.191 1456.655 1458.176 1459.697 1461.218 1463.152
1476.548 1474.877 1473.205 1471.647 1470.228 1468.808 1467.389 1465.97 1464.654 1463.35 1462.046 1460.742 1459.524 1458.467 1457.411 1456.354 1455.297 1454.405 1453.555 1452.705 1451.855 1451.149 1450.882 1450.615 1450.348 1450.081 1450.0 1450.0 1450.0 1450.0 1450.0 1450.0 1450.0 1450.0 1450.0 1450.0 1450.0 1450.0 1450.0 1450.0 1450.0 1450.0 1450.0 1450.0 1450.0 1450.0 1450.0 1450.0 1450.0 1450.092 1450.19 1450.288 1450.386 1451.019 1452.483 1453.948 1455.412 1456.877 1458.605 1460.384 1462.162 1463.941 1466.078
1477.302 1475.641 1473.98 1472.445 1471.063 1469.682 1468.3 1466.918 1465.563 1464.211 1462.858 1461.506 1460.227 1459.084 1457.942 1456.799 1455.656 1454.67 1453.724 1452.777 1451.83 1451.056 1450.811 1450.565 1450.32 1450.075 1450.0 1450.0 1450.0 1450.0 1450.0 1450.0 1450.0 1450.0 1450.0 1450.0 1450.0 1450.0 1450.0 1450.0 1450.0 1450.0 1450.0 1450.0 1450.0 1450.0 1450.0 1450.0 1450.0 1450.168 1450.347 1450.525 1450.703 1451.503 1453.268 1455.033 1456.797 1458.563 1460.555 1462.591 1464.627 1466.663 1469.003
1478.056 1476.406 1474.756 1473.243 1471.899 1470.555 1469.211 1467.867 1466.472 1465.071 1463.671 1462.27 1460.929 1459.701 1458.473 1457.244 1456.016 1454.935 1453.892 1452.849 1451.805 1450.964 1450.74 1450.516 1450.292 1450.068 1450.0 1450.0 1450.0 1450.0 1450.0 1450.0 1450.0 1450.0 1450.0 1450.0 1450.0 1450.0 1450.0 1450.0 1450.0 1450.0 1450.0 1450.0 1450.0 1450.0 1450.0 1450.0 1450.0 1450.244 1450.503 1450.762 1451.021 1451.987 1454.052 1456.117 1458.183 1460.248 1462.505 1464.799 1467.092 1469.386 1471.929
1478.81 1477.171 1475.531 1474.041 1472.735 1471.428 1470.122 1468.815 1467.381 1465.932 1464.483 1463.034 1461.632 1460.318 1459.004 1457.689 1456.375 1455.2 1454.06 1452.92 1451.78 1450.872 1450.669 1450.467 1450.264 1450.062 1450.0 1450.0 1450.0 1450.0 1450.0 1450.0 1450.0 1450.0 1450.0 1450.0 1450.0 1450.0 1450.0 1450.0 1450.0 1450.0 1450.0 1450.0 1450.0 1450.0 1450.0 1450.0 1450.0 1450.32 1450.659 1450.999 1451.338 1452.47 1454.836 1457.202 1459.568 1461.934 1464.455 1467.006 1469.557 1472.109 1474.855
1479.313 1477.681 1476.048 1474.553 1473.227 1471.901 1470.575 1469.248 1467.794 1466.326 1464.857 1463.389 1461.961 1460.611 1459.261 1457.911 1456.561 1455.373 1454.226 1453.079 1451.932 1451.021 1450.829 1450.637 1450.445 1450.254 1450.19 1450.183 1450.176 1450.169 1450.158 1450.122 1450.086 1450.05 1450.015 1450.0 1450.0 1450.0 1450.0 1450.0 1450.0 1450.0 1450.0 1450.0 1450.0 1450.0 1450.0 1450.0 1450.0 1450.335 1450.69 1451.046 1451.401 1452.586 1455.059 1457.532 1460.005 1462.478 1465.152 1467.864 1470.576 1473.288 1476.141
1479.69 1478.063 1476.436 1474.922 1473.548 1472.173 1470.799 1469.424 1467.96 1466.486 1465.013 1463.539 1462.104 1460.743 1459.383 1458.022 1456.661 1455.501 1454.391 1453.282 1452.173 1451.291 1451.104 1450.918 1450.731 1450.545 1450.476 1450.458 1450.44 1450.422 1450.394 1450.305 1450.215 1450.126 1450.036 1450.0 1450.0 1450.0 1450.0 1450.0 1450.0 1450.0 1450.0 1450.0 1450.0 1450.0 1450.0 1450.0 1450.0 1450.32 1450.659 1450.999 1451.338 1452.516 1455.0 1457.484 1459.968 1462.452 1465.222 1468.047 1470.872 1473.697 1476.608
1480.067 1478.445 1476.824 1475.291 1473.869 1472.446 1471.023 1469.6 1468.126 1466.647 1465.168 1463.689 1462.247 1460.875 1459.504 1458.132 1456.761 1455.628 1454.557 1453.485 1452.413 1451.561 1451.38 1451.198 1451.017 1450.836 1450.761 1450.733 1450.704 1450.676 1450.63 1450.487 1450.344 1450.201 1450.058 1450.0 1450.0 1450.0 1450.0 1450.0 1450.0 1450.0 1450.0 1450.0 1450.0 1450.0 1450.0 1450.0 1450.0 1450.305 1450.628 1450.951 1451.275 1452.448 1454.942 1457.437 1459.931 1462.426 1465.293 1468.23 1471.168 1474.105 1477.074
1480.444 1478.828 1477.211 1475.66 1474.189 1472.718 1471.247 1469.776 1468.293 1466.808 1465.323 1463.839 1462.39 1461.007 1459.625 1458.243 1456.861 1455.756 1454.722 1453.688 1452.653 1451.83 1451.655 1451.479 1451.303 1451.128 1451.047 1451.008 1450.968 1450.929 1450.867 1450.67 1450.473 1450.277 1450.08 1450.0 1450.0 1450.0 1450.0 1450.0 1450.0 1450.0 1450.0 1450.0 1450.0 1450.0 1450.0 1450.0 1450.0 1450.289 1450.597 1450.904 1451.211 1452.378 1454.884 1457.389 1459.894 1462.4 1465.363 1468.413 1471.463 1474.513 1477.541
1480.777 1479.166 1477.554 1475.987 1474.475 1472.962 1471.449 1469.937 1468.454 1466.975 1465.495 1464.016 1462.568 1461.178 1459.788 1458.398 1457.008 1455.934 1454.939 1453.945 1452.951 1452.158 1451.983 1451.807 1451.631 1451.455 1451.362 1451.305 1451.248 1451.191 1451.106 1450.859 1450.612 1450.365 1450.117 1450.015 1450.011 1450.007 1450.004 1450.0 1450.0 1450.0 1450.0 1450.0 1450.0 1450.0 1450.0 1450.0 1450.0 1450.269 1450.554 1450.84 1451.125 1452.274 1454.766 1457.258 1459.75 1462.242 1465.28 1468.422 1471.565 1474.707 1477.776
1480.777 1479.166 1477.554 1475.992 1474.49 1472.988 1471.486 1469.985 1468.58 1467.186 1465.793 1464.399 1463.013 1461.639 1460.265 1458.891 1457.518 1456.494 1455.558 1454.623 1453.688 1452.929 1452.71 1452.492 1452.273 1452.054 1451.899 1451.772 1451.646 1451.519 1451.371 1451.097 1450.823 1450.549 1450.275 1450.142 1450.106 1450.07 1450.034 1450.0 1450.0 1450.0 1450.0 1450.0 1450.0 1450.0 1450.0 1450.0 1450.0 1450.208 1450.429 1450.651 1450.872 1451.904 1454.197 1456.49 1458.784 1461.077 1464.03 1467.108 1470.185 1473.263 1476.251
1480.777 1479.166 1477.554 1475.997 1474.506 1473.015 1471.523 1470.032 1468.706 1467.398 1466.091 1464.783 1463.458 1462.1 1460.742 1459.385 1458.027 1457.053 1456.177 1455.301 1454.425 1453.7 1453.438 1453.176 1452.915 1452.653 1452.437 1452.24 1452.044 1451.847 1451.636 1451.335 1451.034 1450.733 1450.432 1450.27 1450.201 1450.133 1450.065 1450.0 1450.0 1450.0 1450.0 1450.0 1450.0 1450.0 1450.0 1450.0 1450.0 1450.148 1450.304 1450.461 1450.618 1451.533 1453.628 1455.723 1457.817 1459.912 1462.779 1465.793 1468.806 1471.82 1474.726
1480.777 1479.166 1477.554 1476.002 1474.521 1473.041 1471.56 1470.08 1468.832 1467.61 1466.388 1465.166 1463.903 1462.561 1461.22 1459.878 1458.536 1457.613 1456.796 1455.979 1455.161 1454.471 1454.166 1453.861 1453.557 1453.252 1452.974 1452.708 1452.442 1452.176 1451.901 1451.573 1451.245 1450.917 1450.589 1450.397 1450.297 1450.196 1450.096 1450.0 1450.0 1450.0 1450.0 1450.0 1450.0 1450.0 1450.0 1450.0 1450.0 1450.087 1450.179 1450.272 1450.364 1451.162 1453.059 1454.955 1456.851 1458.747 1461.529 1464.478 1467.427 1470.376 1473.201
1480.777 1479.166 1477.554 1476.006 1474.537 1473.067 1471.598 1470.128 1468.958 1467.822 1466.686 1465.55 1464.348 1463.022 1461.697 1460.371 1459.046 1458.173 1457.415 1456.656 1455.898 1455.241 1454.894 1454.546 1454.199 1453.851 1453.512 1453.176 1452.84 1452.504 1452.165 1451.811 1451.456 1451.101 1450.747 1450.524 1450.392 1450.259 1450.127 1450.0 1450.0 1450.0 1450.0 1450.0 1450.0 1450.0 1450.0 1450.0 1450.0 1450.026 1450.054 1450.082 1450.11 1450.792 1452.49 1454.187 1455.885 1457.583 1460.278 1463.163 1466.048 1468.932 1471.676
1480.755 1479.174 1477.593 1476.067 1474.608 1473.149 1471.69 1470.231 1469.12 1468.049 1466.977 1465.906 1464.766 1463.499 1462.233 1460.966 1459.699 1458.867 1458.147 1457.427 1456.706 1456.064 1455.662 1455.259 1454.856 1454.454 1454.045 1453.633 1453.221 1452.81 1452.4 1452.0 1451.6 1451.201 1450.801 1450.556 1450.415 1450.275 1450.134 1450.0 1450.0 1450.0 1450.0 1450.0 1450.0 1450.0 1450.0 1450.0 1450.0 1450.0 1450.0 1450.0 1450.0 1450.577 1452.052 1453.527 1455.002 1456.477 1459.006 1461.736 1464.465 1467.195 1469.804
1480.716 1479.188 1477.661 1476.169 1474.721 1473.273 1471.824 1470.376 1469.31 1468.287 1467.264 1466.24 1465.164 1463.989 1462.813 1461.637 1460.461 1459.666 1458.967 1458.268 1457.569 1456.927 1456.46 1455.993 1455.526 1455.059 1454.575 1454.083 1453.59 1453.098 1452.611 1452.152 1451.694 1451.235 1450.776 1450.513 1450.383 1450.254 1450.124 1450.0 1450.0 1450.0 1450.0 1450.0 1450.0 1450.0 1450.0 1450.0 1450.0 1450.0 1450.0 1450.0 1450.0 1450.483 1451.716 1452.95 1454.183 1455.417 1457.718 1460.222 1462.726 1465.23 1467.666
1480.677 1479.203 1477.729 1476.271 1474.834 1473.396 1471.959 1470.522 1469.5 1468.525 1467.55 1466.575 1465.562 1464.478 1463.393 1462.309 1461.224 1460.464 1459.787 1459.109 1458.432 1457.79 1457.259 1456.728 1456.196 1455.665 1455.105 1454.532 1453.959 1453.387 1452.822 1452.304 1451.787 1451.269 1450.751 1450.471 1450.352 1450.233 1450.114 1450.0 1450.0 1450.0 1450.0 1450.0 1450.0 1450.0 1450.0 1450.0 1450.0 1450.0 1450.0 1450.0 1450.0 1450.388 1451.38 1452.372 1453.365 1454.357 1456.43 1458.709 1460.988 1463.266 1465.528
1480.637 1479.217 1477.797 1476.374 1474.947 1473.52 1472.094 1470.667 1469.69 1468.763 1467.837 1466.91 1465.96 1464.967 1463.974 1462.98 1461.987 1461.263 1460.607 1459.951 1459.295 1458.654 1458.058 1457.462 1456.866 1456.271 1455.635 1454.982 1454.328 1453.675 1453.033 1452.457 1451.88 1451.303 1450.727 1450.428 1450.32 1450.212 1450.104 1450.0 1450.0 1450.0 1450.0 1450.0 1450.0 1450.0 1450.0 1450.0 1450.0 1450.0 1450.0 1450.0 1450.0 1450.294 1451.044 1451.795 1452.546 1453.297 1455.142 1457.195 1459.249 1461.302 1463.39
1480.599 1479.233 1477.867 1476.479 1475.064 1473.649 1472.234 1470.819 1469.886 1469.007 1468.127 1467.248 1466.361 1465.458 1464.554 1463.651 1462.748 1462.058 1461.422 1460.787 1460.152 1459.51 1458.851 1458.192 1457.532 1456.873 1456.162 1455.43 1454.697 1453.965 1453.247 1452.612 1451.977 1451.342 1450.708 1450.391 1450.293 1450.194 1450.095 1450.001 1450.001 1450.001 1450.0 1450.0 1450.0 1450.0 1450.0 1450.0 1450.0 1450.0 1450.0 1450.0 1450.0 1450.2 1450.712 1451.223 1451.734 1452.246 1453.864 1455.692 1457.521 1459.349 1461.262
1480.583 1479.319 1478.055 1476.759 1475.425 1474.09 1472.756 1471.421 1470.491 1469.607 1468.722 1467.838 1466.949 1466.051 1465.153 1464.255 1463.357 1462.638 1461.965 1461.292 1460.62 1459.946 1459.27 1458.595 1457.919 1457.244 1456.529 1455.796 1455.064 1454.331 1453.614 1452.984 1452.355 1451.726 1451.096 1450.741 1450.572 1450.404 1450.235 1450.074 1450.057 1450.041 1450.025 1450.008 1450.0 1450.0 1450.0 1450.0 1450.0 1450.0 1450.0 1450.0 1450.0 1450.164 1450.585 1451.005 1451.425 1451.845 1453.273 1454.892 1456.511 1458.13 1459.851
1480.567 1479.405 1478.243 1477.04 1475.786 1474.532 1473.277 1472.024 1471.097 1470.207 1469.317 1468.427 1467.537 1466.644 1465.751 1464.859 1463.966 1463.219 1462.508 1461.798 1461.087 1460.382 1459.69 1458.998 1458.307 1457.615 1456.895 1456.162 1455.43 1454.697 1453.981 1453.357 1452.733 1452.109 1451.485 1451.09 1450.852 1450.614 1450.375 1450.146 1450.114 1450.081 1450.049 1450.016 1450.0 1450.0 1450.0 1450.0 1450.0 1450.0 1450.0 1450.0 1450.0 1450.129 1450.458 1450.787 1451.116 1451.445 1452.682 1454.092 1455.502 1456.911 1458.44
