data/zism_data/00517_03_D.txt
ncols         224
nrows         224
[rows 31 to 61 of 224, columns 0 to 69 of 224]
1351.276 1351.422 1351.568 1351.714 1351.86 1351.927 1351.946 1351.964 1351.982 1352.0 1352.0 1352.0 1352.0 1352.0 1352.026 1352.081 1352.135 1352.19 1352.244 1352.348 1352.458 1352.567 1352.676 1352.748 1352.748 1352.748 1352.748 1352.748 1352.748 1352.748 1352.748 1352.748 1352.748 1352.748 1352.748 1352.748 1352.748 1352.748 1352.748 1352.748 1352.748 1352.748 1352.748 1352.748 1352.748 1352.748 1352.686 1352.559 1352.431 1352.304 1352.177 1352.133 1352.096 1352.06 1352.024 1352.0 1352.0 1352.0 1352.0 1352.0 1351.943 1351.87 1351.797 1351.724 1351.636 1351.49 1351.344 1351.198 1351.052 1351.0
1351.203 1351.349 1351.495 1351.641 1351.786 1351.864 1351.898 1351.933 1351.967 1352.0 1352.0 1352.0 1352.0 1352.0 1352.018 1352.057 1352.095 1352.134 1352.173 1352.246 1352.323 1352.4 1352.477 1352.529 1352.529 1352.529 1352.529 1352.529 1352.529 1352.529 1352.529 1352.529 1352.529 1352.529 1352.529 1352.529 1352.529 1352.529 1352.529 1352.529 1352.529 1352.529 1352.529 1352.529 1352.529 1352.529 1352.485 1352.395 1352.305 1352.215 1352.125 1352.094 1352.068 1352.042 1352.017 1352.0 1352.0 1352.0 1352.0 1352.0 1351.943 1351.87 1351.797 1351.724 1351.636 1351.49 1351.344 1351.198 1351.052 1351.0
1351.13 1351.276 1351.421 1351.567 1351.713 1351.801 1351.851 1351.901 1351.952 1352.0 1352.0 1352.0 1352.0 1352.0 1352.011 1352.033 1352.056 1352.078 1352.101 1352.144 1352.189 1352.234 1352.279 1352.309 1352.309 1352.309 1352.309 1352.309 1352.309 1352.309 1352.309 1352.309 1352.309 1352.309 1352.309 1352.309 1352.309 1352.309 1352.309 1352.309 1352.309 1352.309 1352.309 1352.309 1352.309 1352.309 1352.283 1352.231 1352.178 1352.125 1352.073 1352.055 1352.04 1352.025 1352.01 1352.0 1352.0 1352.0 1352.0 1352.0 1351.943 1351.87 1351.797 1351.724 1351.636 1351.49 1351.344 1351.198 1351.052 1351.0
1351.056 1351.202 1351.348 1351.494 1351.64 1351.737 1351.804 1351.87 1351.936 1352.0 1352.0 1352.0 1352.0 1352.0 1352.003 1352.01 1352.016 1352.023 1352.029 1352.042 1352.055 1352.068 1352.081 1352.089 1352.089 1352.089 1352.089 1352.089 1352.089 1352.089 1352.089 1352.089 1352.089 1352.089 1352.089 1352.089 1352.089 1352.089 1352.089 1352.089 1352.089 1352.089 1352.089 1352.089 1352.089 1352.089 1352.082 1352.067 1352.051 1352.036 1352.021 1352.016 1352.011 1352.007 1352.003 1352.0 1352.0 1352.0 1352.0 1352.0 1351.943 1351.87 1351.797 1351.724 1351.636 1351.49 1351.344 1351.198 1351.052 1351.0
1351.023 1351.15 1351.277 1351.404 1351.531 1351.636 1351.728 1351.82 1351.912 1352.0 1352.0 1352.0 1352.0 1352.0 1352.0 1352.0 1352.0 1352.0 1352.0 1352.0 1352.0 1352.0 1352.0 1352.0 1352.0 1352.0 1352.0 1352.0 1352.0 1352.0 1352.0 1352.0 1352.0 1352.0 1352.0 1352.0 1352.0 1352.0 1352.0 1352.0 1352.0 1352.0 1352.0 1352.0 1352.0 1352.0 1352.0 1352.0 1352.0 1352.0 1352.0 1352.0 1352.0 1352.0 1352.0 1352.0 1352.0 1352.0 1352.0 1352.0 1351.943 1351.87 1351.797 1351.724 1351.636 1351.49 1351.344 1351.198 1351.052 1351.0
1351.017 1351.112 1351.207 1351.302 1351.396 1351.509 1351.633 1351.757 1351.881 1352.0 1352.0 1352.0 1352.0 1352.0 1352.0 1352.0 1352.0 1352.0 1352.0 1352.0 1352.0 1352.0 1352.0 1352.0 1352.0 1352.0 1352.0 1352.0 1352.0 1352.0 1352.0 1352.0 1352.0 1352.0 1352.0 1352.0 1352.0 1352.0 1352.0 1352.0 1352.0 1352.0 1352.0 1352.0 1352.0 1352.0 1352.0 1352.0 1352.0 1352.0 1352.0 1352.0 1352.0 1352.0 1352.0 1352.0 1352.0 1352.0 1352.0 1352.0 1351.943 1351.87 1351.797 1351.724 1351.636 1351.49 1351.344 1351.198 1351.052 1351.0
1351.011 1351.074 1351.137 1351.2 1351.262 1351.382 1351.538 1351.695 1351.851 1352.0 1352.0 1352.0 1352.0 1352.0 1352.0 1352.0 1352.0 1352.0 1352.0 1352.0 1352.0 1352.0 1352.0 1352.0 1352.0 1352.0 1352.0 1352.0 1352.0 1352.0 1352.0 1352.0 1352.0 1352.0 1352.0 1352.0 1352.0 1352.0 1352.0 1352.0 1352.0 1352.0 1352.0 1352.0 1352.0 1352.0 1352.0 1352.0 1352.0 1352.0 1352.0 1352.0 1352.0 1352.0 1352.0 1352.0 1352.0 1352.0 1352.0 1352.0 1351.943 1351.87 1351.797 1351.724 1351.636 1351.49 1351.344 1351.198 1351.052 1351.0
1351.006 1351.036 1351.067 1351.098 1351.128 1351.255 1351.444 1351.632 1351.82 1352.0 1352.0 1352.0 1352.0 1352.0 1352.0 1352.0 1352.0 1352.0 1352.0 1352.0 1352.0 1352.0 1352.0 1352.0 1352.0 1352.0 1352.0 1352.0 1352.0 1352.0 1352.0 1352.0 1352.0 1352.0 1352.0 1352.0 1352.0 1352.0 1352.0 1352.0 1352.0 1352.0 1352.0 1352.0 1352.0 1352.0 1352.0 1352.0 1352.0 1352.0 1352.0 1352.0 1352.0 1352.0 1352.0 1352.0 1352.0 1352.0 1352.0 1352.0 1351.943 1351.87 1351.797 1351.724 1351.636 1351.49 1351.344 1351.198 1351.052 1351.0
1351.0 1351.0 1351.0 1351.0 1351.0 1351.133 1351.35 1351.567 1351.784 1351.992 1351.993 1351.995 1351.997 1351.999 1352.0 1352.0 1352.0 1352.0 1352.0 1352.0 1352.0 1352.0 1352.0 1352.0 1352.0 1352.0 1352.0 1352.0 1352.0 1352.0 1352.0 1352.0 1352.0 1352.0 1352.0 1352.0 1352.0 1352.0 1352.0 1352.0 1352.0 1352.0 1352.0 1352.0 1352.0 1352.0 1352.0 1352.0 1352.0 1352.0 1352.0 1352.0 1352.0 1352.0 1352.0 1352.0 1352.0 1352.0 1352.0 1352.0 1351.942 1351.868 1351.795 1351.721 1351.632 1351.487 1351.342 1351.197 1351.052 1351.0
1351.0 1351.0 1351.0 1351.0 1351.0 1351.107 1351.281 1351.455 1351.63 1351.798 1351.843 1351.887 1351.932 1351.977 1352.0 1352.0 1352.0 1352.0 1352.0 1352.0 1352.0 1352.0 1352.0 1352.0 1352.0 1352.0 1352.0 1352.0 1352.0 1352.0 1352.0 1352.0 1352.0 1352.0 1352.0 1352.0 1352.0 1352.0 1352.0 1352.0 1352.0 1352.0 1352.0 1352.0 1352.0 1352.0 1352.0 1352.0 1352.0 1352.0 1352.0 1352.0 1352.0 1352.0 1352.0 1352.0 1352.0 1352.0 1352.0 1352.0 1351.926 1351.83 1351.735 1351.64 1351.539 1351.415 1351.291 1351.168 1351.044 1351.0
1351.0 1351.0 1351.0 1351.0 1351.0 1351.081 1351.212 1351.344 1351.475 1351.605 1351.692 1351.779 1351.867 1351.954 1352.0 1352.0 1352.0 1352.0 1352.0 1352.0 1352.0 1352.0 1352.0 1352.0 1352.0 1352.0 1352.0 1352.0 1352.0 1352.0 1352.0 1352.0 1352.0 1352.0 1352.0 1352.0 1352.0 1352.0 1352.0 1352.0 1352.0 1352.0 1352.0 1352.0 1352.0 1352.0 1352.0 1352.0 1352.0 1352.0 1352.0 1352.0 1352.0 1352.0 1352.0 1352.0 1352.0 1352.0 1352.0 1352.0 1351.909 1351.792 1351.676 1351.559 1351.445 1351.343 1351.241 1351.139 1351.037 1351.0
1351.0 1351.0 1351.0 1351.0 1351.0 1351.054 1351.143 1351.232 1351.321 1351.411 1351.541 1351.671 1351.802 1351.932 1352.0 1352.0 1352.0 1352.0 1352.0 1352.0 1352.0 1352.0 1352.0 1352.0 1352.0 1352.0 1352.0 1352.0 1352.0 1352.0 1352.0 1352.0 1352.0 1352.0 1352.0 1352.0 1352.0 1352.0 1352.0 1352.0 1352.0 1352.0 1352.0 1352.0 1352.0 1352.0 1352.0 1352.0 1352.0 1352.0 1352.0 1352.0 1352.0 1352.0 1352.0 1352.0 1352.0 1352.0 1352.0 1352.0 1351.892 1351.754 1351.616 1351.478 1351.352 1351.271 1351.191 1351.11 1351.029 1351.0
1351.0 1351.0 1351.0 1351.0 1351.0 1351.028 1351.074 1351.12 1351.166 1351.218 1351.391 1351.563 1351.736 1351.909 1352.0 1352.0 1352.0 1352.0 1352.0 1352.0 1352.0 1352.0 1352.0 1352.0 1352.0 1352.0 1352.0 1352.0 1352.0 1352.0 1352.0 1352.0 1352.0 1352.0 1352.0 1352.0 1352.0 1352.0 1352.0 1352.0 1352.0 1352.0 1352.0 1352.0 1352.0 1352.0 1352.0 1352.0 1352.0 1352.0 1352.0 1352.0 1352.0 1352.0 1352.0 1352.0 1352.0 1352.0 1352.0 1352.0 1351.875 1351.716 1351.557 1351.397 1351.259 1351.2 1351.14 1351.081 1351.021 1351.0
1351.0 1351.0 1351.0 1351.0 1351.0 1351.013 1351.035 1351.057 1351.078 1351.107 1351.28 1351.454 1351.627 1351.801 1351.892 1351.892 1351.892 1351.892 1351.892 1351.892 1351.892 1351.892 1351.892 1351.892 1351.892 1351.892 1351.892 1351.892 1351.892 1351.892 1351.892 1351.892 1351.895 1351.911 1351.926 1351.942 1351.958 1351.969 1351.977 1351.985 1351.993 1352.0 1352.0 1352.0 1352.0 1352.0 1352.0 1352.0 1352.0 1352.0 1352.0 1352.0 1352.0 1352.0 1352.0 1351.994 1351.975 1351.957 1351.938 1351.92 1351.793 1351.636 1351.479 1351.322 1351.189 1351.146 1351.102 1351.059 1351.016 1351.0
1351.0 1351.0 1351.0 1351.0 1351.0 1351.01 1351.026 1351.043 1351.059 1351.08 1351.211 1351.342 1351.473 1351.603 1351.672 1351.672 1351.672 1351.672 1351.672 1351.672 1351.672 1351.672 1351.672 1351.672 1351.672 1351.672 1351.672 1351.672 1351.672 1351.672 1351.672 1351.672 1351.681 1351.729 1351.777 1351.825 1351.873 1351.906 1351.93 1351.953 1351.977 1352.0 1352.0 1352.0 1352.0 1352.0 1352.0 1352.0 1352.0 1352.0 1352.0 1352.0 1352.0 1352.0 1352.0 1351.98 1351.925 1351.869 1351.813 1351.757 1351.643 1351.513 1351.382 1351.252 1351.142 1351.11 1351.077 1351.044 1351.012 1351.0
1351.0 1351.0 1351.0 1351.0 1351.0 1351.007 1351.018 1351.029 1351.04 1351.054 1351.142 1351.23 1351.318 1351.406 1351.452 1351.452 1351.452 1351.452 1351.452 1351.452 1351.452 1351.452 1351.452 1351.452 1351.452 1351.452 1351.452 1351.452 1351.452 1351.452 1351.452 1351.452 1351.468 1351.548 1351.628 1351.708 1351.788 1351.843 1351.882 1351.922 1351.962 1352.0 1352.0 1352.0 1352.0 1352.0 1352.0 1352.0 1352.0 1352.0 1352.0 1352.0 1352.0 1352.0 1352.0 1351.967 1351.874 1351.781 1351.688 1351.594 1351.493 1351.389 1351.286 1351.182 1351.096 1351.074 1351.052 1351.03 1351.008 1351.0
1351.0 1351.0 1351.0 1351.0 1351.0 1351.003 1351.009 1351.015 1351.02 1351.028 1351.073 1351.118 1351.163 1351.209 1351.232 1351.232 1351.232 1351.232 1351.232 1351.232 1351.232 1351.232 1351.232 1351.232 1351.232 1351.232 1351.232 1351.232 1351.232 1351.232 1351.232 1351.232 1351.255 1351.367 1351.479 1351.59 1351.702 1351.779 1351.835 1351.891 1351.947 1352.0 1352.0 1352.0 1352.0 1352.0 1352.0 1352.0 1352.0 1352.0 1352.0 1352.0 1352.0 1352.0 1352.0 1351.954 1351.824 1351.693 1351.562 1351.432 1351.343 1351.266 1351.189 1351.112 1351.049 1351.038 1351.027 1351.015 1351.004 1351.0
1351.0 1351.0 1351.0 1351.0 1351.0 1351.0 1351.0 1351.001 1351.001 1351.001 1351.004 1351.006 1351.009 1351.011 1351.013 1351.013 1351.013 1351.013 1351.013 1351.013 1351.013 1351.013 1351.013 1351.013 1351.013 1351.013 1351.013 1351.013 1351.013 1351.013 1351.013 1351.013 1351.041 1351.185 1351.329 1351.473 1351.617 1351.716 1351.788 1351.86 1351.932 1352.0 1352.0 1352.0 1352.0 1352.0 1352.0 1352.0 1352.0 1352.0 1352.0 1352.0 1352.0 1352.0 1352.0 1351.941 1351.773 1351.605 1351.437 1351.269 1351.193 1351.143 1351.093 1351.042 1351.003 1351.002 1351.001 1351.001 1351.0 1351.0
1351.0 1351.0 1351.0 1351.0 1351.0 1351.0 1351.0 1351.0 1351.0 1351.0 1351.0 1351.0 1351.0 1351.0 1351.0 1351.0 1351.0 1351.0 1351.0 1351.0 1351.0 1351.0 1351.0 1351.0 1351.0 1351.0 1351.0 1351.0 1351.0 1351.0 1351.0 1351.0 1351.023 1351.139 1351.254 1351.37 1351.486 1351.565 1351.623 1351.681 1351.739 1351.795 1351.825 1351.855 1351.885 1351.916 1351.938 1351.953 1351.969 1351.984 1351.999 1351.958 1351.913 1351.868 1351.822 1351.746 1351.611 1351.476 1351.341 1351.206 1351.146 1351.108 1351.069 1351.03 1351.0 1351.0 1351.0 1351.0 1351.0 1351.0
1351.0 1351.0 1351.0 1351.0 1351.0 1351.0 1351.0 1351.0 1351.0 1351.0 1351.0 1351.0 1351.0 1351.0 1351.0 1351.0 1351.0 1351.0 1351.0 1351.0 1351.0 1351.0 1351.0 1351.0 1351.0 1351.0 1351.0 1351.0 1351.0 1351.0 1351.0 1351.0 1351.016 1351.1 1351.184 1351.267 1351.351 1351.408 1351.45 1351.492 1351.534 1351.577 1351.639 1351.701 1351.764 1351.826 1351.873 1351.904 1351.935 1351.966 1351.998 1351.914 1351.821 1351.727 1351.634 1351.539 1351.442 1351.344 1351.246 1351.149 1351.106 1351.078 1351.05 1351.022 1351.0 1351.0 1351.0 1351.0 1351.0 1351.0
1351.0 1351.0 1351.0 1351.0 1351.0 1351.0 1351.0 1351.0 1351.0 1351.0 1351.0 1351.0 1351.0 1351.0 1351.0 1351.0 1351.0 1351.0 1351.0 1351.0 1351.0 1351.0 1351.0 1351.0 1351.0 1351.0 1351.0 1351.0 1351.0 1351.0 1351.0 1351.0 1351.01 1351.062 1351.113 1351.165 1351.216 1351.252 1351.278 1351.303 1351.329 1351.359 1351.453 1351.548 1351.642 1351.736 1351.807 1351.855 1351.902 1351.949 1351.996 1351.87 1351.728 1351.587 1351.445 1351.332 1351.272 1351.212 1351.152 1351.092 1351.065 1351.048 1351.031 1351.014 1351.0 1351.0 1351.0 1351.0 1351.0 1351.0
1351.0 1351.0 1351.0 1351.0 1351.0 1351.0 1351.0 1351.0 1351.0 1351.0 1351.0 1351.0 1351.0 1351.0 1351.0 1351.0 1351.0 1351.0 1351.0 1351.0 1351.0 1351.0 1351.0 1351.0 1351.0 1351.0 1351.0 1351.0 1351.0 1351.0 1351.0 1351.0 1351.004 1351.023 1351.043 1351.062 1351.082 1351.095 1351.105 1351.115 1351.125 1351.141 1351.267 1351.394 1351.52 1351.647 1351.742 1351.805 1351.869 1351.932 1351.995 1351.826 1351.636 1351.447 1351.257 1351.126 1351.103 1351.08 1351.057 1351.035 1351.025 1351.018 1351.012 1351.005 1351.0 1351.0 1351.0 1351.0 1351.0 1351.0
1351.0 1351.0 1351.0 1351.0 1351.0 1351.0 1351.0 1351.0 1351.0 1351.0 1351.0 1351.0 1351.0 1351.0 1351.0 1351.0 1351.0 1351.0 1351.0 1351.0 1351.0 1351.0 1351.0 1351.0 1351.0 1351.0 1351.0 1351.0 1351.0 1351.0 1351.0 1351.0 1351.0 1351.0 1351.0 1351.0 1351.0 1351.0 1351.0 1351.0 1351.0 1351.008 1351.141 1351.275 1351.408 1351.541 1351.642 1351.709 1351.775 1351.842 1351.909 1351.73 1351.53 1351.33 1351.13 1351.0 1351.0 1351.0 1351.0 1351.0 1351.0 1351.0 1351.0 1351.0 1351.0 1351.0 1351.0 1351.0 1351.0 1351.0
1351.0 1351.0 1351.0 1351.0 1351.0 1351.0 1351.0 1351.0 1351.0 1351.0 1351.0 1351.0 1351.0 1351.0 1351.0 1351.0 1351.0 1351.0 1351.0 1351.0 1351.0 1351.0 1351.0 1351.0 1351.0 1351.0 1351.0 1351.0 1351.0 1351.0 1351.0 1351.0 1351.0 1351.0 1351.0 1351.0 1351.0 1351.0 1351.0 1351.0 1351.0 1351.006 1351.107 1351.208 1351.31 1351.411 1351.488 1351.538 1351.589 1351.64 1351.69 1351.555 1351.403 1351.251 1351.099 1351.0 1351.0 1351.0 1351.0 1351.0 1351.0 1351.0 1351.0 1351.0 1351.0 1351.0 1351.0 1351.0 1351.0 1351.0
1351.0 1351.0 1351.0 1351.0 1351.0 1351.0 1351.0 1351.0 1351.0 1351.0 1351.0 1351.0 1351.0 1351.0 1351.0 1351.0 1351.0 1351.0 1351.0 1351.0 1351.0 1351.0 1351.0 1351.0 1351.0 1351.0 1351.0 1351.0 1351.0 1351.0 1351.0 1351.0 1351.0 1351.0 1351.0 1351.0 1351.0 1351.0 1351.0 1351.0 1351.0 1351.004 1351.073 1351.142 1351.212 1351.281 1351.333 1351.368 1351.402 1351.437 1351.472 1351.379 1351.275 1351.171 1351.068 1351.0 1351.0 1351.0 1351.0 1351.0 1351.0 1351.0 1351.0 1351.0 1351.0 1351.0 1351.0 1351.0 1351.0 1351.0
1351.0 1351.0 1351.0 1351.0 1351.0 1351.0 1351.0 1351.0 1351.0 1351.0 1351.0 1351.0 1351.0 1351.0 1351.0 1351.0 1351.0 1351.0 1351.0 1351.0 1351.0 1351.0 1351.0 1351.0 1351.0 1351.0 1351.0 1351.0 1351.0 1351.0 1351.0 1351.0 1351.0 1351.0 1351.0 1351.0 1351.0 1351.0 1351.0 1351.0 1351.0 1351.002 1351.039 1351.077 1351.114 1351.151 1351.179 1351.198 1351.216 1351.235 1351.253 1351.203 1351.148 1351.092 1351.036 1351.0 1351.0 1351.0 1351.0 1351.0 1351.0 1351.0 1351.0 1351.0 1351.0 1351.0 1351.0 1351.0 1351.0 1351.0
1351.0 1351.0 1351.0 1351.0 1351.0 1351.0 1351.0 1351.0 1351.0 1351.0 1351.0 1351.0 1351.0 1351.0 1351.0 1351.0 1351.0 1351.0 1351.0 1351.0 1351.0 1351.0 1351.0 1351.0 1351.0 1351.0 1351.0 1351.0 1351.0 1351.0 1351.0 1351.0 1351.0 1351.0 1351.0 1351.0 1351.0 1351.0 1351.0 1351.0 1351.0 1351.0 1351.005 1351.01 1351.016 1351.021 1351.025 1351.027 1351.03 1351.032 1351.035 1351.028 1351.02 1351.013 1351.005 1351.0 1351.0 1351.0 1351.0 1351.0 1351.0 1351.0 1351.0 1351.0 1351.0 1351.0 1351.0 1351.0 1351.0 1351.0
1350.938 1350.938 1350.938 1350.938 1350.938 1350.938 1350.938 1350.938 1350.938 1350.938 1350.938 1350.938 1350.938 1350.938 1350.938 1350.938 1350.938 1350.938 1350.938 1350.938 1350.938 1350.938 1350.938 1350.938 1350.938 1350.938 1350.938 1350.938 1350.945 1350.954 1350.963 1350.972 1350.98 1350.985 1350.989 1350.994 1350.998 1351.0 1351.0 1351.0 1351.0 1351.0 1351.0 1351.0 1351.0 1351.0 1351.0 1351.0 1351.0 1351.0 1351.0 1351.0 1351.0 1351.0 1351.0 1351.0 1351.0 1351.0 1351.0 1351.0 1351.0 1351.0 1351.0 1351.0 1351.0 1351.0 1351.0 1351.0 1351.0 1351.0
1350.865 1350.865 1350.865 1350.865 1350.865 1350.865 1350.865 1350.865 1350.865 1350.865 1350.865 1350.865 1350.865 1350.865 1350.865 1350.865 1350.865 1350.865 1350.865 1350.865 1350.865 1350.865 1350.865 1350.865 1350.865 1350.865 1350.865 1350.865 1350.88 1350.9 1350.92 1350.939 1350.957 1350.967 1350.977 1350.986 1350.996 1351.0 1351.0 1351.0 1351.0 1351.0 1351.0 1351.0 1351.0 1351.0 1351.0 1351.0 1351.0 1351.0 1351.0 1351.0 1351.0 1351.0 1351.0 1351.0 1351.0 1351.0 1351.0 1351.0 1351.0 1351.0 1351.0 1351.0 1351.0 1351.0 1351.0 1351.0 1351.0 1351.0
1350.792 1350.792 1350.792 1350.792 1350.792 1350.792 1350.792 1350.792 1350.792 1350.792 1350.792 1350.792 1350.792 1350.792 1350.792 1350.792 1350.792 1350.792 1350.792 1350.792 1350.792 1350.792 1350.792 1350.792 1350.792 1350.792 1350.792 1350.792 1350.815 1350.846 1350.876 1350.906 1350.934 1350.949 1350.964 1350.979 1350.994 1351.0 1351.0 1351.0 1351.0 1351.0 1351.0 1351.0 1351.0 1351.0 1351.0 1351.0 1351.0 1351.0 1351.0 1351.0 1351.0 1351.0 1351.0 1351.0 1351.0 1351.0 1351.0 1351.0 1351.0 1351.0 1351.0 1351.0 1351.0 1351.0 1351.0 1351.0 1351.0 1351.0
1350.719 1350.719 1350.719 1350.719 1350.719 1350.719 1350.719 1350.719 1350.719 1350.719 1350.719 1350.719 1350.719 1350.719 1350.719 1350.719 1350.719 1350.719 1350.719 1350.719 1350.719 1350.719 1350.719 1350.719 1350.719 1350.719 1350.719 1350.719 1350.75 1350.791 1350.832 1350.873 1350.91 1350.931 1350.951 1350.972 1350.992 1351.0 1351.0 1351.0 1351.0 1351.0 1351.0 1351.0 1351.0 1351.0 1351.0 1351.0 1351.0 1351.0 1351.0 1351.0 1351.0 1351.0 1351.0 1351.0 1351.0 1351.0 1351.0 1351.0 1351.0 1351.0 1351.0 1351.0 1351.0 1351.0 1351.0 1351.0 1351.0 1351.0
