data/zism_data/00516_02_D.txt
ncols         224
nrows         224
[rows 168 to 195 of 224, columns 126 to 188 of 224]
1645.079 1645.833 1646.586 1647.34 1648.077 1648.281 1648.485 1648.689 1648.894 1649.0 1649.0 1649.0 1649.0 1649.0 1649.0 1649.0 1649.0 1649.0 1648.966 1648.878 1648.789 1648.7 1648.611 1648.5 1648.385 1648.27 1648.155 1648.112 1648.258 1648.405 1648.551 1648.698 1648.821 1648.937 1649.052 1649.167 1649.29 1649.452 1649.615 1649.777 1649.939 1650.0 1650.0 1650.0 1650.0 1650.0 1649.994 1649.989 1649.984 1649.979 1649.963 1649.936 1649.91 1649.884 1649.858 1649.756 1649.651 1649.547 1649.442 1649.335 1649.226 1649.116 1649.006
1645.666 1646.29 1646.914 1647.539 1648.15 1648.338 1648.526 1648.714 1648.902 1649.0 1649.0 1649.0 1649.0 1649.0 1649.0 1649.0 1649.0 1649.0 1648.96 1648.855 1648.75 1648.645 1648.54 1648.453 1648.371 1648.288 1648.205 1648.185 1648.332 1648.478 1648.625 1648.771 1648.871 1648.954 1649.037 1649.12 1649.219 1649.398 1649.576 1649.755 1649.933 1650.0 1650.0 1650.0 1650.0 1649.999 1649.989 1649.978 1649.967 1649.957 1649.924 1649.871 1649.818 1649.765 1649.712 1649.504 1649.292 1649.08 1648.868 1648.683 1648.535 1648.388 1648.24
1646.252 1646.747 1647.242 1647.738 1648.223 1648.395 1648.567 1648.739 1648.91 1649.0 1649.0 1649.0 1649.0 1649.0 1649.0 1649.0 1649.0 1649.0 1648.954 1648.833 1648.712 1648.591 1648.469 1648.407 1648.356 1648.306 1648.255 1648.259 1648.405 1648.552 1648.698 1648.845 1648.922 1648.972 1649.023 1649.073 1649.149 1649.343 1649.538 1649.732 1649.927 1650.0 1650.0 1650.0 1650.0 1649.999 1649.983 1649.967 1649.951 1649.935 1649.885 1649.806 1649.726 1649.646 1649.566 1649.253 1648.933 1648.613 1648.293 1648.03 1647.845 1647.66 1647.474
1646.839 1647.204 1647.57 1647.936 1648.296 1648.452 1648.608 1648.763 1648.919 1649.0 1649.0 1649.0 1649.0 1649.0 1649.0 1649.0 1649.0 1649.0 1648.948 1648.811 1648.673 1648.536 1648.399 1648.36 1648.342 1648.323 1648.305 1648.332 1648.479 1648.625 1648.772 1648.918 1648.972 1648.99 1649.008 1649.026 1649.078 1649.289 1649.499 1649.71 1649.921 1650.0 1650.0 1650.0 1650.0 1649.998 1649.977 1649.956 1649.934 1649.913 1649.847 1649.74 1649.633 1649.526 1649.419 1649.001 1648.574 1648.146 1647.719 1647.377 1647.154 1646.932 1646.709
1647.433 1647.684 1647.935 1648.186 1648.433 1648.558 1648.684 1648.809 1648.935 1649.0 1649.0 1649.0 1649.0 1649.0 1649.0 1649.0 1649.0 1649.0 1648.95 1648.818 1648.685 1648.553 1648.42 1648.397 1648.397 1648.397 1648.397 1648.434 1648.566 1648.699 1648.831 1648.964 1649.015 1649.036 1649.057 1649.078 1649.13 1649.329 1649.528 1649.726 1649.925 1650.0 1650.0 1650.0 1650.0 1649.996 1649.946 1649.896 1649.846 1649.796 1649.685 1649.518 1649.352 1649.185 1649.019 1648.462 1647.894 1647.327 1646.759 1646.304 1646.006 1645.708 1645.41
1648.038 1648.192 1648.346 1648.5 1648.652 1648.729 1648.806 1648.883 1648.96 1649.0 1649.0 1649.0 1649.0 1649.0 1649.0 1649.0 1649.0 1649.0 1648.962 1648.862 1648.762 1648.662 1648.562 1648.544 1648.544 1648.544 1648.544 1648.572 1648.672 1648.772 1648.872 1648.972 1649.05 1649.12 1649.189 1649.259 1649.342 1649.493 1649.643 1649.793 1649.943 1650.0 1650.0 1650.0 1650.0 1649.992 1649.883 1649.773 1649.664 1649.555 1649.362 1649.093 1648.824 1648.556 1648.287 1647.55 1646.799 1646.048 1645.297 1644.685 1644.263 1643.841 1643.419
1648.643 1648.7 1648.758 1648.815 1648.871 1648.9 1648.928 1648.957 1648.985 1649.0 1649.0 1649.0 1649.0 1649.0 1649.0 1649.0 1649.0 1649.0 1648.974 1648.907 1648.839 1648.771 1648.703 1648.691 1648.691 1648.691 1648.691 1648.71 1648.778 1648.846 1648.913 1648.981 1649.085 1649.203 1649.321 1649.439 1649.554 1649.656 1649.758 1649.86 1649.962 1650.0 1650.0 1650.0 1650.0 1649.988 1649.819 1649.651 1649.482 1649.313 1649.039 1648.668 1648.297 1647.926 1647.555 1646.637 1645.703 1644.77 1643.836 1643.065 1642.519 1641.974 1641.428
1649.249 1649.209 1649.169 1649.129 1649.09 1649.07 1649.05 1649.03 1649.01 1649.0 1649.0 1649.0 1649.0 1649.0 1649.0 1649.0 1649.0 1649.0 1648.987 1648.951 1648.915 1648.88 1648.844 1648.838 1648.838 1648.838 1648.838 1648.848 1648.884 1648.919 1648.955 1648.99 1649.121 1649.287 1649.453 1649.62 1649.766 1649.82 1649.873 1649.927 1649.98 1650.0 1650.0 1650.0 1650.0 1649.984 1649.756 1649.528 1649.3 1649.072 1648.716 1648.243 1647.77 1647.296 1646.823 1645.725 1644.608 1643.491 1642.374 1641.445 1640.776 1640.107 1639.437
1649.854 1649.717 1649.58 1649.444 1649.309 1649.241 1649.172 1649.104 1649.036 1649.0 1649.0 1649.0 1649.0 1649.0 1649.0 1649.0 1649.0 1649.0 1648.999 1648.995 1648.992 1648.989 1648.986 1648.985 1648.985 1648.985 1648.985 1648.986 1648.989 1648.993 1648.996 1648.999 1649.156 1649.37 1649.585 1649.8 1649.979 1649.983 1649.988 1649.993 1649.998 1650.0 1650.0 1650.0 1650.0 1649.979 1649.692 1649.405 1649.118 1648.831 1648.394 1647.818 1647.242 1646.667 1646.091 1644.812 1643.512 1642.213 1640.913 1639.826 1639.032 1638.239 1637.446
1649.624 1649.545 1649.467 1649.388 1649.31 1649.271 1649.231 1649.192 1649.153 1649.118 1649.089 1649.06 1649.031 1649.002 1649.0 1649.0 1649.0 1649.0 1649.0 1649.0 1649.0 1649.0 1649.0 1649.024 1649.053 1649.082 1649.111 1649.135 1649.144 1649.154 1649.164 1649.173 1649.307 1649.488 1649.669 1649.85 1650.0 1650.0 1650.0 1650.0 1650.0 1650.0 1650.0 1650.0 1650.0 1649.978 1649.67 1649.363 1649.055 1648.748 1648.234 1647.532 1646.83 1646.128 1645.426 1644.013 1642.578 1641.144 1639.709 1638.48 1637.534 1636.588 1635.642
1649.301 1649.297 1649.294 1649.29 1649.287 1649.285 1649.283 1649.282 1649.28 1649.25 1649.188 1649.127 1649.066 1649.004 1649.0 1649.0 1649.0 1649.0 1649.0 1649.0 1649.0 1649.0 1649.0 1649.051 1649.112 1649.173 1649.235 1649.285 1649.305 1649.326 1649.346 1649.366 1649.472 1649.61 1649.748 1649.886 1650.0 1650.0 1650.0 1650.0 1650.0 1650.0 1650.0 1650.0 1650.0 1649.977 1649.653 1649.329 1649.006 1648.682 1648.093 1647.262 1646.431 1645.6 1644.769 1643.226 1641.662 1640.099 1638.535 1637.165 1636.063 1634.961 1633.859
1648.977 1649.049 1649.121 1649.193 1649.263 1649.299 1649.335 1649.371 1649.407 1649.381 1649.288 1649.194 1649.1 1649.007 1649.0 1649.0 1649.0 1649.0 1649.0 1649.0 1649.0 1649.0 1649.0 1649.077 1649.171 1649.265 1649.358 1649.435 1649.466 1649.497 1649.528 1649.559 1649.637 1649.732 1649.827 1649.922 1650.0 1650.0 1650.0 1650.0 1650.0 1650.0 1650.0 1650.0 1650.0 1649.975 1649.635 1649.296 1648.956 1648.616 1647.953 1646.992 1646.032 1645.071 1644.111 1642.439 1640.746 1639.054 1637.361 1635.851 1634.592 1633.334 1632.076
1648.653 1648.8 1648.948 1649.095 1649.24 1649.314 1649.387 1649.461 1649.535 1649.513 1649.387 1649.261 1649.135 1649.009 1649.0 1649.0 1649.0 1649.0 1649.0 1649.0 1649.0 1649.0 1649.0 1649.104 1649.23 1649.356 1649.482 1649.584 1649.626 1649.668 1649.71 1649.752 1649.802 1649.853 1649.905 1649.957 1650.0 1650.0 1650.0 1650.0 1650.0 1650.0 1650.0 1650.0 1650.0 1649.974 1649.618 1649.262 1648.906 1648.55 1647.812 1646.722 1645.632 1644.543 1643.453 1641.652 1639.83 1638.008 1636.186 1634.536 1633.121 1631.707 1630.293
1648.375 1648.584 1648.793 1649.002 1649.208 1649.315 1649.422 1649.53 1649.637 1649.623 1649.477 1649.33 1649.184 1649.037 1649.027 1649.027 1649.027 1649.027 1649.028 1649.032 1649.036 1649.04 1649.044 1649.162 1649.305 1649.447 1649.59 1649.706 1649.751 1649.796 1649.84 1649.885 1649.914 1649.937 1649.959 1649.981 1650.0 1650.0 1650.0 1650.0 1650.0 1650.0 1650.0 1650.0 1650.0 1649.974 1649.618 1649.261 1648.905 1648.548 1647.761 1646.579 1645.398 1644.216 1643.034 1641.128 1639.2 1637.272 1635.345 1633.567 1631.997 1630.426 1628.856
1648.176 1648.423 1648.669 1648.916 1649.159 1649.294 1649.428 1649.562 1649.697 1649.697 1649.55 1649.404 1649.257 1649.111 1649.1 1649.1 1649.1 1649.1 1649.106 1649.12 1649.135 1649.15 1649.164 1649.276 1649.408 1649.539 1649.671 1649.776 1649.81 1649.844 1649.879 1649.913 1649.935 1649.952 1649.969 1649.986 1650.0 1650.0 1650.0 1650.0 1650.0 1650.0 1650.0 1650.0 1650.0 1649.976 1649.646 1649.317 1648.987 1648.658 1647.87 1646.661 1645.452 1644.244 1643.035 1641.065 1639.073 1637.081 1635.088 1633.208 1631.481 1629.755 1628.028
1647.977 1648.262 1648.546 1648.83 1649.111 1649.272 1649.434 1649.595 1649.756 1649.77 1649.624 1649.477 1649.331 1649.184 1649.174 1649.174 1649.174 1649.174 1649.183 1649.209 1649.234 1649.26 1649.285 1649.389 1649.51 1649.631 1649.753 1649.847 1649.87 1649.894 1649.917 1649.94 1649.955 1649.967 1649.979 1649.99 1650.0 1650.0 1650.0 1650.0 1650.0 1650.0 1650.0 1650.0 1650.0 1649.978 1649.675 1649.373 1649.07 1648.767 1647.978 1646.742 1645.507 1644.271 1643.036 1641.003 1638.946 1636.889 1634.832 1632.848 1630.965 1629.083 1627.2
1647.779 1648.101 1648.423 1648.745 1649.063 1649.251 1649.439 1649.627 1649.816 1649.844 1649.697 1649.551 1649.404 1649.258 1649.247 1649.247 1649.247 1649.247 1649.261 1649.297 1649.333 1649.369 1649.406 1649.503 1649.613 1649.724 1649.834 1649.917 1649.93 1649.943 1649.955 1649.968 1649.976 1649.982 1649.989 1649.995 1650.0 1650.0 1650.0 1650.0 1650.0 1650.0 1650.0 1650.0 1650.0 1649.98 1649.704 1649.428 1649.153 1648.877 1648.086 1646.824 1645.562 1644.299 1643.037 1640.94 1638.818 1636.697 1634.575 1632.489 1630.45 1628.411 1626.372
1647.58 1647.94 1648.3 1648.659 1649.015 1649.23 1649.445 1649.66 1649.875 1649.917 1649.771 1649.624 1649.478 1649.331 1649.321 1649.321 1649.321 1649.321 1649.338 1649.385 1649.432 1649.479 1649.526 1649.617 1649.716 1649.816 1649.915 1649.988 1649.99 1649.991 1649.993 1649.995 1649.996 1649.997 1649.998 1649.999 1650.0 1650.0 1650.0 1650.0 1650.0 1650.0 1650.0 1650.0 1650.0 1649.982 1649.733 1649.484 1649.235 1648.987 1648.195 1646.906 1645.616 1644.327 1643.037 1640.877 1638.691 1636.505 1634.319 1632.129 1629.934 1627.739 1625.544
1647.826 1648.152 1648.478 1648.805 1649.127 1649.32 1649.513 1649.706 1649.899 1649.943 1649.823 1649.703 1649.583 1649.464 1649.455 1649.455 1649.455 1649.455 1649.47 1649.51 1649.55 1649.59 1649.63 1649.703 1649.782 1649.862 1649.942 1650.0 1650.0 1650.0 1650.0 1650.0 1650.0 1650.0 1650.0 1650.0 1650.0 1650.0 1650.0 1650.0 1650.0 1650.0 1650.0 1650.0 1650.0 1649.982 1649.729 1649.476 1649.223 1648.969 1648.178 1646.893 1645.608 1644.322 1643.037 1640.866 1638.669 1636.472 1634.274 1632.063 1629.832 1627.601 1625.37
1648.165 1648.443 1648.721 1648.999 1649.273 1649.434 1649.595 1649.755 1649.916 1649.958 1649.871 1649.783 1649.696 1649.608 1649.602 1649.602 1649.602 1649.602 1649.613 1649.642 1649.671 1649.7 1649.729 1649.783 1649.841 1649.899 1649.958 1650.0 1650.0 1650.0 1650.0 1650.0 1650.0 1650.0 1650.0 1650.0 1650.0 1650.0 1650.0 1650.0 1650.0 1650.0 1650.0 1650.0 1650.0 1649.981 1649.717 1649.453 1649.189 1648.926 1648.135 1646.86 1645.586 1644.311 1643.037 1640.866 1638.669 1636.472 1634.274 1632.058 1629.816 1627.575 1625.333
1648.505 1648.734 1648.963 1649.193 1649.419 1649.547 1649.676 1649.804 1649.933 1649.974 1649.918 1649.863 1649.808 1649.753 1649.749 1649.749 1649.749 1649.749 1649.756 1649.774 1649.792 1649.811 1649.829 1649.863 1649.9 1649.937 1649.973 1650.0 1650.0 1650.0 1650.0 1650.0 1650.0 1650.0 1650.0 1650.0 1650.0 1650.0 1650.0 1650.0 1650.0 1650.0 1650.0 1650.0 1650.0 1649.98 1649.706 1649.431 1649.156 1648.882 1648.091 1646.828 1645.564 1644.3 1643.037 1640.866 1638.669 1636.472 1634.274 1632.054 1629.801 1627.549 1625.296
1648.844 1649.025 1649.206 1649.387 1649.565 1649.661 1649.757 1649.854 1649.95 1649.989 1649.966 1649.943 1649.92 1649.897 1649.896 1649.896 1649.896 1649.896 1649.899 1649.906 1649.914 1649.922 1649.929 1649.943 1649.958 1649.974 1649.989 1650.0 1650.0 1650.0 1650.0 1650.0 1650.0 1650.0 1650.0 1650.0 1650.0 1650.0 1650.0 1650.0 1650.0 1650.0 1650.0 1650.0 1650.0 1649.979 1649.694 1649.409 1649.123 1648.838 1648.048 1646.795 1645.542 1644.289 1643.036 1640.866 1638.669 1636.472 1634.274 1632.049 1629.786 1627.523 1625.26
1649.143 1649.281 1649.418 1649.555 1649.69 1649.759 1649.827 1649.896 1649.964 1650.0 1650.0 1650.0 1650.0 1650.0 1650.0 1650.0 1650.0 1650.0 1650.0 1650.0 1650.0 1650.0 1650.0 1650.0 1650.0 1650.0 1650.0 1650.0 1650.0 1650.0 1650.0 1650.0 1650.0 1650.0 1650.0 1650.0 1650.0 1650.0 1650.0 1650.0 1650.0 1650.0 1650.0 1650.0 1650.0 1649.978 1649.677 1649.377 1649.076 1648.775 1647.981 1646.734 1645.487 1644.24 1642.994 1640.833 1638.645 1636.457 1634.269 1632.05 1629.791 1627.531 1625.271
1649.345 1649.45 1649.555 1649.66 1649.763 1649.815 1649.868 1649.92 1649.973 1650.0 1650.0 1650.0 1650.0 1650.0 1650.0 1650.0 1650.0 1650.0 1650.0 1650.0 1650.0 1650.0 1650.0 1650.0 1650.0 1650.0 1650.0 1650.0 1650.0 1650.0 1650.0 1650.0 1650.0 1650.0 1650.0 1650.0 1650.0 1650.0 1650.0 1650.0 1650.0 1650.0 1650.0 1650.0 1650.0 1649.976 1649.649 1649.321 1648.993 1648.665 1647.855 1646.603 1645.351 1644.099 1642.847 1640.717 1638.561 1636.406 1634.25 1632.066 1629.844 1627.622 1625.4
1649.547 1649.619 1649.692 1649.765 1649.836 1649.872 1649.909 1649.945 1649.981 1650.0 1650.0 1650.0 1650.0 1650.0 1650.0 1650.0 1650.0 1650.0 1650.0 1650.0 1650.0 1650.0 1650.0 1650.0 1650.0 1650.0 1650.0 1650.0 1650.0 1650.0 1650.0 1650.0 1650.0 1650.0 1650.0 1650.0 1650.0 1650.0 1650.0 1650.0 1650.0 1650.0 1650.0 1650.0 1650.0 1649.974 1649.62 1649.265 1648.91 1648.556 1647.73 1646.473 1645.215 1643.957 1642.7 1640.602 1638.478 1636.355 1634.231 1632.082 1629.898 1627.713 1625.528
1649.749 1649.789 1649.829 1649.869 1649.909 1649.929 1649.949 1649.969 1649.99 1650.0 1650.0 1650.0 1650.0 1650.0 1650.0 1650.0 1650.0 1650.0 1650.0 1650.0 1650.0 1650.0 1650.0 1650.0 1650.0 1650.0 1650.0 1650.0 1650.0 1650.0 1650.0 1650.0 1650.0 1650.0 1650.0 1650.0 1650.0 1650.0 1650.0 1650.0 1650.0 1650.0 1650.0 1650.0 1650.0 1649.972 1649.591 1649.209 1648.828 1648.446 1647.605 1646.342 1645.079 1643.816 1642.553 1640.486 1638.395 1636.304 1634.213 1632.098 1629.951 1627.804 1625.657
1649.95 1649.958 1649.966 1649.974 1649.982 1649.986 1649.99 1649.994 1649.998 1650.0 1650.0 1650.0 1650.0 1650.0 1650.0 1650.0 1650.0 1650.0 1650.0 1650.0 1650.0 1650.0 1650.0 1650.0 1650.0 1650.0 1650.0 1650.0 1650.0 1650.0 1650.0 1650.0 1650.0 1650.0 1650.0 1650.0 1650.0 1650.0 1650.0 1650.0 1650.0 1650.0 1650.0 1650.0 1650.0 1649.97 1649.562 1649.153 1648.745 1648.337 1647.479 1646.211 1644.943 1643.675 1642.406 1640.37 1638.312 1636.253 1634.194 1632.114 1630.005 1627.896 1625.786
1649.804 1649.849 1649.894 1649.938 1649.982 1649.986 1649.99 1649.994 1649.998 1650.0 1650.0 1650.0 1650.0 1650.0 1650.0 1650.0 1650.0 1650.0 1650.0 1650.0 1650.0 1650.0 1650.0 1650.0 1650.0 1650.0 1650.0 1650.0 1650.0 1650.0 1650.0 1650.0 1650.0 1650.0 1650.0 1650.0 1650.0 1650.0 1650.0 1650.0 1650.0 1649.985 1649.96 1649.936 1649.912 1649.858 1649.422 1648.987 1648.552 1648.116 1647.256 1646.007 1644.757 1643.508 1642.259 1640.286 1638.292 1636.298 1634.304 1632.284 1630.229 1628.174 1626.118
