data/zism_data/00517_04_D.txt
ncols         224
nrows         224
[rows 31 to 61 of 224, columns 142 to 212 of 224]
1352.0 1352.0 1352.0 1352.0 1352.0 1352.0 1352.0 1352.0 1352.0 1352.0 1352.0 1352.0 1352.0 1352.0 1352.013 1352.049 1352.086 1352.122 1352.159 1352.31 1352.493 1352.675 1352.858 1353.0 1353.0 1353.0 1353.0 1353.0 1353.0 1353.0 1353.0 1353.0 1353.0 1353.0 1353.0 1353.0 1353.0 1353.0 1353.0 1353.0 1353.0 1353.0 1353.0 1353.0 1353.0 1353.0 1353.0 1353.0 1353.0 1353.0 1353.0 1353.0 1353.0 1353.0 1353.0 1353.0 1353.0 1353.0 1353.0 1353.0 1353.0 1353.0 1353.0 1353.0 1353.0 1353.0 1353.0 1353.0 1353.0 1353.0 1353.0
1352.0 1352.0 1352.0 1352.0 1352.0 1352.0 1352.0 1352.0 1352.0 1352.0 1352.0 1352.0 1352.0 1352.0 1352.009 1352.035 1352.061 1352.086 1352.112 1352.27 1352.463 1352.656 1352.849 1353.0 1353.0 1353.0 1353.0 1353.0 1353.0 1353.0 1353.0 1353.0 1353.0 1353.0 1353.0 1353.0 1353.0 1353.0 1353.0 1353.0 1353.0 1353.0 1353.0 1353.0 1353.0 1353.0 1353.0 1353.0 1353.0 1353.0 1353.0 1353.0 1353.0 1353.0 1353.0 1353.0 1353.0 1353.0 1353.0 1353.0 1353.0 1353.0 1353.0 1353.0 1353.0 1353.0 1353.0 1353.0 1353.0 1353.0 1353.0
1352.0 1352.0 1352.0 1352.0 1352.0 1352.0 1352.0 1352.0 1352.0 1352.0 1352.0 1352.0 1352.0 1352.0 1352.005 1352.02 1352.035 1352.05 1352.065 1352.229 1352.433 1352.637 1352.841 1353.0 1353.0 1353.0 1353.0 1353.0 1353.0 1353.0 1353.0 1353.0 1353.0 1353.0 1353.0 1353.0 1353.0 1353.0 1353.0 1353.0 1353.0 1353.0 1353.0 1353.0 1353.0 1353.0 1353.0 1353.0 1353.0 1353.0 1353.0 1353.0 1353.0 1353.0 1353.0 1353.0 1353.0 1353.0 1353.0 1353.0 1353.0 1353.0 1353.0 1353.0 1353.0 1353.0 1353.0 1353.0 1353.0 1353.0 1353.0
1352.0 1352.0 1352.0 1352.0 1352.0 1352.0 1352.0 1352.0 1352.0 1352.0 1352.0 1352.0 1352.0 1352.0 1352.002 1352.006 1352.01 1352.015 1352.019 1352.189 1352.403 1352.618 1352.833 1353.0 1353.0 1353.0 1353.0 1353.0 1353.0 1353.0 1353.0 1353.0 1353.0 1353.0 1353.0 1353.0 1353.0 1353.0 1353.0 1353.0 1353.0 1353.0 1353.0 1353.0 1353.0 1353.0 1353.0 1353.0 1353.0 1353.0 1353.0 1353.0 1353.0 1353.0 1353.0 1353.0 1353.0 1353.0 1353.0 1353.0 1353.0 1353.0 1353.0 1353.0 1353.0 1353.0 1353.0 1353.0 1353.0 1353.0 1353.0
1352.0 1352.0 1352.0 1352.0 1352.0 1352.0 1352.0 1352.0 1352.0 1352.0 1352.0 1352.0 1352.0 1352.0 1352.0 1352.0 1352.0 1352.0 1352.0 1352.172 1352.391 1352.61 1352.829 1353.0 1353.0 1353.0 1353.0 1353.0 1353.0 1353.0 1353.0 1353.0 1353.0 1353.0 1353.0 1353.0 1353.0 1353.0 1353.0 1353.0 1353.0 1353.0 1353.0 1353.0 1353.0 1353.0 1353.0 1353.0 1353.0 1353.0 1353.0 1353.0 1353.0 1353.0 1353.0 1353.0 1353.0 1353.0 1353.0 1353.0 1353.0 1353.0 1353.0 1353.0 1353.0 1353.0 1353.0 1353.0 1353.0 1353.0 1353.0
1352.0 1352.0 1352.0 1352.0 1352.0 1352.0 1352.0 1352.0 1352.0 1352.0 1352.0 1352.0 1352.0 1352.0 1352.0 1352.0 1352.0 1352.0 1352.0 1352.172 1352.391 1352.61 1352.829 1353.0 1353.0 1353.0 1353.0 1353.0 1353.0 1353.0 1353.0 1353.0 1353.0 1353.0 1353.0 1353.0 1353.0 1353.0 1353.0 1353.0 1353.0 1353.0 1353.0 1353.0 1353.0 1353.0 1353.0 1353.0 1353.0 1353.0 1353.0 1353.0 1353.0 1353.0 1353.0 1353.0 1353.0 1353.0 1353.0 1353.0 1353.0 1353.0 1353.0 1353.0 1353.0 1353.0 1353.0 1353.0 1353.0 1353.0 1353.0
1352.0 1352.0 1352.0 1352.0 1352.0 1352.0 1352.0 1352.0 1352.0 1352.0 1352.0 1352.0 1352.0 1352.0 1352.0 1352.0 1352.0 1352.0 1352.0 1352.172 1352.391 1352.61 1352.829 1353.0 1353.0 1353.0 1353.0 1353.0 1353.0 1353.0 1353.0 1353.0 1353.0 1353.0 1353.0 1353.0 1353.0 1353.0 1353.0 1353.0 1353.0 1353.0 1353.0 1353.0 1353.0 1353.0 1353.0 1353.0 1353.0 1353.0 1353.0 1353.0 1353.0 1353.0 1353.0 1353.0 1353.0 1353.0 1353.0 1353.0 1353.0 1353.0 1353.0 1353.0 1353.0 1353.0 1353.0 1353.0 1353.0 1353.0 1353.0
1352.0 1352.0 1352.0 1352.0 1352.0 1352.0 1352.0 1352.0 1352.0 1352.0 1352.0 1352.0 1352.0 1352.0 1352.0 1352.0 1352.0 1352.0 1352.0 1352.172 1352.391 1352.61 1352.829 1353.0 1353.0 1353.0 1353.0 1353.0 1353.0 1353.0 1353.0 1353.0 1353.0 1353.0 1353.0 1353.0 1353.0 1353.0 1353.0 1353.0 1353.0 1353.0 1353.0 1353.0 1353.0 1353.0 1353.0 1353.0 1353.0 1353.0 1353.0 1353.0 1353.0 1353.0 1353.0 1353.0 1353.0 1353.0 1353.0 1353.0 1353.0 1353.0 1353.0 1353.0 1353.0 1353.0 1353.0 1353.0 1353.0 1353.0 1353.0
1352.0 1352.0 1352.0 1352.0 1352.0 1352.0 1352.0 1352.0 1352.0 1352.0 1352.0 1352.0 1352.0 1352.0 1352.0 1352.001 1352.002 1352.003 1352.004 1352.176 1352.394 1352.612 1352.83 1353.0 1352.998 1352.997 1352.995 1352.994 1352.994 1352.994 1352.994 1352.994 1352.994 1352.993 1352.992 1352.991 1352.991 1352.991 1352.991 1352.992 1352.993 1352.994 1352.995 1352.996 1352.998 1352.999 1353.0 1353.0 1353.0 1353.0 1353.0 1352.999 1352.997 1352.996 1352.995 1352.993 1352.993 1352.992 1352.991 1352.991 1352.99 1352.99 1352.99 1352.99 1352.99 1352.991 1352.992 1352.993 1352.993 1352.994 1352.996
1352.0 1352.0 1352.0 1352.0 1352.0 1352.0 1352.0 1352.0 1352.0 1352.0 1352.0 1352.0 1352.0 1352.0 1352.008 1352.03 1352.053 1352.075 1352.097 1352.257 1352.453 1352.65 1352.846 1352.993 1352.959 1352.926 1352.892 1352.859 1352.847 1352.847 1352.847 1352.847 1352.846 1352.829 1352.812 1352.796 1352.779 1352.779 1352.796 1352.813 1352.829 1352.846 1352.879 1352.912 1352.946 1352.979 1353.0 1353.0 1353.0 1353.0 1353.0 1352.973 1352.94 1352.906 1352.873 1352.843 1352.827 1352.81 1352.793 1352.776 1352.771 1352.771 1352.771 1352.771 1352.772 1352.789 1352.806 1352.823 1352.839 1352.865 1352.898
1352.0 1352.0 1352.0 1352.0 1352.0 1352.0 1352.0 1352.0 1352.0 1352.0 1352.0 1352.0 1352.0 1352.0 1352.016 1352.059 1352.103 1352.147 1352.19 1352.338 1352.513 1352.688 1352.863 1352.986 1352.92 1352.855 1352.789 1352.724 1352.701 1352.701 1352.701 1352.701 1352.698 1352.665 1352.632 1352.6 1352.567 1352.568 1352.6 1352.633 1352.666 1352.699 1352.762 1352.828 1352.893 1352.959 1353.0 1353.0 1353.0 1353.0 1353.0 1352.947 1352.882 1352.816 1352.751 1352.693 1352.66 1352.627 1352.595 1352.562 1352.551 1352.551 1352.551 1352.551 1352.554 1352.587 1352.62 1352.652 1352.685 1352.735 1352.801
1352.0 1352.0 1352.0 1352.0 1352.0 1352.0 1352.0 1352.0 1352.0 1352.0 1352.0 1352.0 1352.0 1352.0 1352.023 1352.088 1352.153 1352.218 1352.283 1352.418 1352.572 1352.726 1352.88 1352.979 1352.881 1352.783 1352.686 1352.588 1352.554 1352.554 1352.554 1352.554 1352.55 1352.501 1352.453 1352.404 1352.355 1352.356 1352.405 1352.454 1352.503 1352.551 1352.646 1352.744 1352.841 1352.939 1353.0 1353.0 1353.0 1353.0 1353.0 1352.922 1352.824 1352.727 1352.629 1352.543 1352.494 1352.445 1352.396 1352.348 1352.331 1352.331 1352.331 1352.331 1352.336 1352.385 1352.433 1352.482 1352.531 1352.605 1352.703
1352.0 1352.0 1352.0 1352.0 1352.0 1352.0 1352.0 1352.0 1352.0 1352.0 1352.0 1352.0 1352.0 1352.0 1352.031 1352.117 1352.204 1352.29 1352.376 1352.499 1352.632 1352.764 1352.897 1352.972 1352.842 1352.712 1352.583 1352.453 1352.408 1352.408 1352.408 1352.408 1352.402 1352.338 1352.273 1352.208 1352.143 1352.145 1352.209 1352.274 1352.339 1352.404 1352.53 1352.659 1352.789 1352.919 1353.0 1353.0 1353.0 1353.0 1353.0 1352.896 1352.766 1352.637 1352.507 1352.393 1352.328 1352.263 1352.198 1352.133 1352.111 1352.111 1352.111 1352.111 1352.118 1352.182 1352.247 1352.312 1352.377 1352.476 1352.605
1351.964 1351.972 1351.98 1351.988 1351.996 1352.0 1352.0 1352.0 1352.0 1352.0 1352.0 1352.0 1352.0 1352.0 1352.037 1352.139 1352.242 1352.344 1352.447 1352.554 1352.662 1352.771 1352.879 1352.932 1352.786 1352.64 1352.494 1352.348 1352.297 1352.297 1352.297 1352.297 1352.292 1352.227 1352.162 1352.097 1352.032 1352.033 1352.098 1352.163 1352.228 1352.293 1352.43 1352.57 1352.711 1352.852 1352.942 1352.947 1352.952 1352.958 1352.963 1352.847 1352.701 1352.555 1352.409 1352.282 1352.217 1352.152 1352.087 1352.022 1352.0 1352.0 1352.0 1352.0 1352.006 1352.071 1352.136 1352.201 1352.266 1352.371 1352.512
1351.892 1351.916 1351.94 1351.964 1351.988 1352.0 1352.0 1352.0 1352.0 1352.0 1352.0 1352.0 1352.0 1352.0 1352.041 1352.154 1352.267 1352.38 1352.493 1352.582 1352.663 1352.745 1352.827 1352.859 1352.713 1352.567 1352.421 1352.275 1352.224 1352.224 1352.224 1352.224 1352.22 1352.171 1352.122 1352.073 1352.024 1352.025 1352.074 1352.123 1352.172 1352.221 1352.346 1352.476 1352.606 1352.736 1352.824 1352.84 1352.856 1352.872 1352.887 1352.774 1352.628 1352.482 1352.336 1352.213 1352.164 1352.115 1352.065 1352.016 1352.0 1352.0 1352.0 1352.0 1352.005 1352.054 1352.103 1352.152 1352.201 1352.292 1352.422
1351.82 1351.86 1351.9 1351.94 1351.98 1352.0 1352.0 1352.0 1352.0 1352.0 1352.0 1352.0 1352.0 1352.0 1352.044 1352.168 1352.292 1352.416 1352.54 1352.609 1352.664 1352.719 1352.774 1352.785 1352.64 1352.494 1352.348 1352.202 1352.151 1352.151 1352.151 1352.151 1352.148 1352.115 1352.082 1352.049 1352.016 1352.017 1352.05 1352.083 1352.116 1352.149 1352.263 1352.382 1352.502 1352.621 1352.706 1352.732 1352.759 1352.786 1352.812 1352.7 1352.554 1352.408 1352.263 1352.143 1352.11 1352.077 1352.044 1352.011 1352.0 1352.0 1352.0 1352.0 1352.003 1352.036 1352.069 1352.102 1352.135 1352.213 1352.333
1351.748 1351.804 1351.86 1351.916 1351.972 1352.0 1352.0 1352.0 1352.0 1352.0 1352.0 1352.0 1352.0 1352.0 1352.048 1352.183 1352.317 1352.452 1352.586 1352.637 1352.666 1352.694 1352.722 1352.712 1352.566 1352.42 1352.275 1352.129 1352.078 1352.078 1352.078 1352.078 1352.076 1352.059 1352.042 1352.025 1352.008 1352.009 1352.026 1352.043 1352.06 1352.077 1352.18 1352.288 1352.397 1352.505 1352.587 1352.625 1352.662 1352.699 1352.737 1352.627 1352.481 1352.335 1352.189 1352.073 1352.057 1352.04 1352.023 1352.006 1352.0 1352.0 1352.0 1352.0 1352.002 1352.019 1352.036 1352.052 1352.069 1352.135 1352.243
1351.676 1351.748 1351.82 1351.892 1351.964 1352.0 1352.0 1352.0 1352.0 1352.0 1352.0 1352.0 1352.0 1352.0 1352.052 1352.197 1352.343 1352.488 1352.633 1352.665 1352.667 1352.668 1352.67 1352.639 1352.493 1352.347 1352.201 1352.055 1352.004 1352.004 1352.004 1352.004 1352.004 1352.003 1352.002 1352.001 1352.0 1352.0 1352.001 1352.002 1352.003 1352.004 1352.096 1352.194 1352.292 1352.39 1352.469 1352.517 1352.565 1352.613 1352.661 1352.554 1352.408 1352.262 1352.116 1352.004 1352.003 1352.002 1352.001 1352.0 1352.0 1352.0 1352.0 1352.0 1352.0 1352.001 1352.002 1352.003 1352.004 1352.056 1352.154
1351.534 1351.622 1351.711 1351.799 1351.887 1351.938 1351.954 1351.969 1351.984 1351.999 1352.0 1352.0 1352.0 1352.0 1352.058 1352.219 1352.38 1352.541 1352.702 1352.7 1352.655 1352.609 1352.564 1352.503 1352.388 1352.272 1352.156 1352.041 1352.0 1352.0 1352.0 1352.0 1352.0 1352.0 1352.0 1352.0 1352.0 1352.0 1352.0 1352.0 1352.0 1352.0 1352.073 1352.15 1352.227 1352.304 1352.367 1352.405 1352.444 1352.482 1352.521 1352.436 1352.32 1352.204 1352.089 1352.0 1352.0 1352.0 1352.0 1352.0 1352.0 1352.0 1352.0 1352.0 1352.0 1352.0 1352.0 1352.0 1352.0 1352.041 1352.118
1351.389 1351.493 1351.597 1351.701 1351.805 1351.873 1351.904 1351.935 1351.967 1351.998 1352.0 1352.0 1352.0 1352.0 1352.063 1352.24 1352.417 1352.594 1352.771 1352.735 1352.642 1352.548 1352.455 1352.364 1352.28 1352.197 1352.113 1352.029 1352.0 1352.0 1352.0 1352.0 1352.0 1352.0 1352.0 1352.0 1352.0 1352.0 1352.0 1352.0 1352.0 1352.0 1352.052 1352.108 1352.164 1352.22 1352.265 1352.293 1352.321 1352.349 1352.377 1352.315 1352.231 1352.148 1352.064 1352.0 1352.0 1352.0 1352.0 1352.0 1352.0 1352.0 1352.0 1352.0 1352.0 1352.0 1352.0 1352.0 1352.0 1352.029 1352.085
1351.244 1351.364 1351.484 1351.604 1351.724 1351.808 1351.855 1351.902 1351.949 1351.997 1352.0 1352.0 1352.0 1352.0 1352.069 1352.262 1352.455 1352.648 1352.841 1352.771 1352.629 1352.488 1352.346 1352.224 1352.173 1352.121 1352.07 1352.018 1352.0 1352.0 1352.0 1352.0 1352.0 1352.0 1352.0 1352.0 1352.0 1352.0 1352.0 1352.0 1352.0 1352.0 1352.032 1352.067 1352.101 1352.135 1352.163 1352.181 1352.198 1352.215 1352.232 1352.194 1352.143 1352.091 1352.04 1352.0 1352.0 1352.0 1352.0 1352.0 1352.0 1352.0 1352.0 1352.0 1352.0 1352.0 1352.0 1352.0 1352.0 1352.018 1352.052
1351.098 1351.234 1351.37 1351.506 1351.643 1351.743 1351.806 1351.869 1351.932 1351.995 1352.0 1352.0 1352.0 1352.0 1352.075 1352.284 1352.493 1352.702 1352.911 1352.806 1352.616 1352.427 1352.237 1352.085 1352.065 1352.046 1352.026 1352.007 1352.0 1352.0 1352.0 1352.0 1352.0 1352.0 1352.0 1352.0 1352.0 1352.0 1352.0 1352.0 1352.0 1352.0 1352.012 1352.025 1352.038 1352.051 1352.062 1352.068 1352.075 1352.081 1352.088 1352.073 1352.054 1352.034 1352.015 1352.0 1352.0 1352.0 1352.0 1352.0 1352.0 1352.0 1352.0 1352.0 1352.0 1352.0 1352.0 1352.0 1352.0 1352.007 1352.02
1351.009 1351.147 1351.284 1351.422 1351.559 1351.669 1351.75 1351.831 1351.913 1351.994 1352.0 1352.0 1352.0 1352.0 1352.072 1352.274 1352.477 1352.679 1352.881 1352.764 1352.562 1352.36 1352.158 1352.0 1352.0 1352.0 1352.0 1352.0 1352.0 1352.0 1352.0 1352.0 1352.0 1352.0 1352.0 1352.0 1352.0 1352.0 1352.0 1352.0 1352.0 1352.0 1352.0 1352.0 1352.0 1352.0 1352.0 1352.0 1352.0 1352.0 1352.0 1352.0 1352.0 1352.0 1352.0 1352.0 1352.0 1352.0 1352.0 1352.0 1352.0 1352.0 1352.0 1352.0 1352.0 1352.0 1352.0 1352.0 1352.0 1352.0 1352.0
1351.008 1351.124 1351.24 1351.356 1351.472 1351.582 1351.684 1351.787 1351.89 1351.993 1352.0 1352.0 1352.0 1352.0 1352.057 1352.216 1352.376 1352.535 1352.694 1352.603 1352.443 1352.284 1352.125 1352.0 1352.0 1352.0 1352.0 1352.0 1352.0 1352.0 1352.0 1352.0 1352.0 1352.0 1352.0 1352.0 1352.0 1352.0 1352.0 1352.0 1352.0 1352.0 1352.0 1352.0 1352.0 1352.0 1352.0 1352.0 1352.0 1352.0 1352.0 1352.0 1352.0 1352.0 1352.0 1352.0 1352.0 1352.0 1352.0 1352.0 1352.0 1352.0 1352.0 1352.0 1352.0 1352.0 1352.0 1352.0 1352.0 1352.0 1352.0
1351.006 1351.101 1351.196 1351.291 1351.385 1351.495 1351.619 1351.743 1351.867 1351.991 1352.0 1352.0 1352.0 1352.0 1352.042 1352.158 1352.275 1352.392 1352.508 1352.441 1352.324 1352.208 1352.091 1352.0 1352.0 1352.0 1352.0 1352.0 1352.0 1352.0 1352.0 1352.0 1352.0 1352.0 1352.0 1352.0 1352.0 1352.0 1352.0 1352.0 1352.0 1352.0 1352.0 1352.0 1352.0 1352.0 1352.0 1352.0 1352.0 1352.0 1352.0 1352.0 1352.0 1352.0 1352.0 1352.0 1352.0 1352.0 1352.0 1352.0 1352.0 1352.0 1352.0 1352.0 1352.0 1352.0 1352.0 1352.0 1352.0 1352.0 1352.0
1351.005 1351.078 1351.152 1351.225 1351.298 1351.408 1351.553 1351.698 1351.844 1351.989 1352.0 1352.0 1352.0 1352.0 1352.026 1352.1 1352.174 1352.248 1352.322 1352.279 1352.205 1352.132 1352.058 1352.0 1352.0 1352.0 1352.0 1352.0 1352.0 1352.0 1352.0 1352.0 1352.0 1352.0 1352.0 1352.0 1352.0 1352.0 1352.0 1352.0 1352.0 1352.0 1352.0 1352.0 1352.0 1352.0 1352.0 1352.0 1352.0 1352.0 1352.0 1352.0 1352.0 1352.0 1352.0 1352.0 1352.0 1352.0 1352.0 1352.0 1352.0 1352.0 1352.0 1352.0 1352.0 1352.0 1352.0 1352.0 1352.0 1352.0 1352.0
1351.003 1351.055 1351.108 1351.16 1351.212 1351.321 1351.487 1351.654 1351.821 1351.988 1352.0 1352.0 1352.0 1352.0 1352.011 1352.042 1352.073 1352.104 1352.136 1352.118 1352.087 1352.055 1352.024 1352.0 1352.0 1352.0 1352.0 1352.0 1352.0 1352.0 1352.0 1352.0 1352.0 1352.0 1352.0 1352.0 1352.0 1352.0 1352.0 1352.0 1352.0 1352.0 1352.0 1352.0 1352.0 1352.0 1352.0 1352.0 1352.0 1352.0 1352.0 1352.0 1352.0 1352.0 1352.0 1352.0 1352.0 1352.0 1352.0 1352.0 1352.0 1352.0 1352.0 1352.0 1352.0 1352.0 1352.0 1352.0 1352.0 1352.0 1352.0
1351.003 1351.042 1351.082 1351.122 1351.161 1351.255 1351.402 1351.55 1351.698 1351.846 1351.873 1351.891 1351.909 1351.927 1351.95 1351.984 1352.017 1352.05 1352.083 1352.075 1352.055 1352.035 1352.016 1352.0 1352.0 1352.0 1352.0 1352.0 1352.0 1352.0 1352.0 1352.0 1352.0 1352.0 1352.0 1352.0 1352.0 1352.0 1352.0 1352.0 1352.0 1352.0 1352.0 1352.0 1352.0 1352.0 1352.0 1352.0 1352.0 1352.0 1352.0 1352.0 1352.0 1352.0 1352.0 1352.0 1352.0 1352.0 1352.0 1352.0 1352.0 1352.0 1352.0 1352.0 1352.0 1352.0 1352.0 1352.0 1352.0 1352.0 1352.0
1351.002 1351.031 1351.06 1351.089 1351.118 1351.193 1351.313 1351.435 1351.556 1351.677 1351.722 1351.761 1351.801 1351.84 1351.881 1351.925 1351.969 1352.013 1352.057 1352.055 1352.04 1352.026 1352.011 1352.0 1352.0 1352.0 1352.0 1352.0 1352.0 1352.0 1352.0 1352.0 1352.0 1352.0 1352.0 1352.0 1352.0 1352.0 1352.0 1352.0 1352.0 1352.0 1352.0 1352.0 1352.0 1352.0 1352.0 1352.0 1352.0 1352.0 1352.0 1352.0 1352.0 1352.0 1352.0 1352.0 1352.0 1352.0 1352.0 1352.0 1352.0 1352.0 1352.0 1352.0 1352.0 1352.0 1352.0 1352.0 1352.0 1352.0 1352.0
1351.001 1351.02 1351.038 1351.056 1351.074 1351.13 1351.225 1351.319 1351.413 1351.508 1351.571 1351.631 1351.692 1351.753 1351.812 1351.866 1351.921 1351.975 1352.03 1352.035 1352.025 1352.016 1352.007 1352.0 1352.0 1352.0 1352.0 1352.0 1352.0 1352.0 1352.0 1352.0 1352.0 1352.0 1352.0 1352.0 1352.0 1352.0 1352.0 1352.0 1352.0 1352.0 1352.0 1352.0 1352.0 1352.0 1352.0 1352.0 1352.0 1352.0 1352.0 1352.0 1352.0 1352.0 1352.0 1352.0 1352.0 1352.0 1352.0 1352.0 1352.0 1352.0 1352.0 1352.0 1352.0 1352.0 1352.0 1352.0 1352.0 1352.0 1352.0
1351.0 1351.008 1351.016 1351.023 1351.031 1351.068 1351.136 1351.203 1351.271 1351.339 1351.42 1351.502 1351.584 1351.666 1351.742 1351.807 1351.873 1351.938 1352.004 1352.014 1352.01 1352.007 1352.003 1352.0 1352.0 1352.0 1352.0 1352.0 1352.0 1352.0 1352.0 1352.0 1352.0 1352.0 1352.0 1352.0 1352.0 1352.0 1352.0 1352.0 1352.0 1352.0 1352.0 1352.0 1352.0 1352.0 1352.0 1352.0 1352.0 1352.0 1352.0 1352.0 1352.0 1352.0 1352.0 1352.0 1352.0 1352.0 1352.0 1352.0 1352.0 1352.0 1352.0 1352.0 1352.0 1352.0 1352.0 1352.0 1352.0 1352.0 1352.0
