data/zism_data/00519_04_D.txt
ncols         224
nrows         224
[rows 84 to 111 of 224, columns 63 to 125 of 224]
800.8618 796.1698 791.4777 786.7856 788.9664 793.5729 798.1796 802.7861 807.5502 812.9922 818.4343 823.8766 829.3187 831.3236 831.3755 831.4273 831.4792 832.3807 842.2012 852.0218 861.8427 871.6633 876.7144 877.6402 878.566 879.4918 880.4176 880.411 880.3907 880.3704 880.3502 879.6039 877.9142 876.2243 874.5345 872.8447 874.397 876.3745 878.3521 880.3295 884.5303 893.1775 901.825 910.472 919.1195 923.1162 925.8212 928.5263 931.2313 932.3184 928.046 923.7735 919.501 915.2285 911.2886 907.5042 903.7198 899.9356 895.65 888.0236 880.397 872.7707 865.144
804.3854 799.8553 795.325 790.7948 793.6719 799.1633 804.655 810.1464 815.7883 822.0774 828.3666 834.6559 840.9451 842.6996 841.8774 841.0552 840.233 840.1224 847.4825 854.8427 862.203 869.563 872.8047 872.4842 872.1636 871.8431 871.5225 872.2689 873.0309 873.7929 874.5549 875.5648 876.8966 878.2285 879.5604 880.8923 885.2991 890.1092 894.9194 899.7296 905.7649 914.2502 922.7358 931.2212 939.7068 942.0594 942.7086 943.3578 944.0071 943.2072 937.6075 932.0076 926.408 920.808 915.8018 911.0731 906.3447 901.6161 896.1822 886.0468 875.9111 865.7756 855.6399
807.9091 803.5408 799.1723 794.804 798.3774 804.7537 811.1303 817.5066 824.0264 831.1626 838.2988 845.4352 852.5715 854.0756 852.3793 850.683 848.9868 847.8642 852.7638 857.6635 862.5632 867.4629 868.895 867.3282 865.7612 864.1944 862.6274 864.1267 865.6711 867.2155 868.7598 871.5256 875.879 880.2327 884.5862 888.9398 896.2012 903.8439 911.4869 919.1296 926.9995 935.323 943.6468 951.9703 960.2941 961.0026 959.596 958.1894 956.7828 954.096 947.169 940.2418 933.3148 926.3876 920.315 914.6421 908.9694 903.2968 896.7144 884.07 871.4251 858.7806 846.1357
810.478 806.7886 803.099 799.4095 803.7966 811.0341 818.2718 825.5093 832.8112 840.3893 847.9673 855.5457 863.1238 864.3651 862.0058 859.6465 857.2872 855.3403 857.7236 860.1069 862.4902 864.8735 864.4837 861.6957 858.9075 856.1195 853.3314 855.3774 857.4944 859.6116 861.7286 865.8931 872.7191 879.5452 886.3712 893.1974 902.9309 913.0457 923.1608 933.2756 942.7346 950.8809 959.0275 967.1738 975.3204 974.9622 972.2418 969.5214 966.801 962.866 954.9079 946.9496 938.9916 931.0333 923.8279 916.9747 910.1216 903.2686 895.3501 880.3307 865.3109 850.2915 835.2716
810.3153 808.7841 807.2529 805.7216 811.258 819.2887 827.3196 835.3503 843.1607 850.0212 856.8817 863.7424 870.6028 871.5463 869.1277 866.709 864.2904 862.0566 861.7635 861.4705 861.1774 860.8843 858.6371 854.6998 850.7625 846.8252 842.8878 844.8906 846.9807 849.0707 851.1608 855.7019 863.429 871.1563 878.8833 886.6106 897.7222 909.2776 920.8333 932.3887 942.7344 950.6594 958.5848 966.5099 974.4352 974.6624 972.7514 970.8404 968.9294 965.5735 957.432 949.2902 941.1487 933.007 924.4788 915.7695 907.0604 898.3513 888.559 871.5486 854.5376 837.5272 820.5162
810.1526 810.7796 811.4066 812.0336 818.7193 827.5432 836.3672 845.1911 853.5101 859.6529 865.7958 871.9388 878.0817 878.7274 876.2495 873.7714 871.2935 868.7728 865.8034 862.834 859.8646 856.8953 852.7905 847.704 842.6174 837.531 832.4443 834.4039 836.467 838.5302 840.5932 845.5108 854.139 862.7674 871.3955 880.024 892.5135 905.5095 918.5059 931.5018 942.7341 950.438 958.1422 965.846 973.5502 974.3627 973.261 972.1594 971.0577 968.281 959.9561 951.6309 943.3059 934.9807 925.1298 914.5643 903.9991 893.434 881.7681 862.7666 843.7645 824.7631 805.761
809.9899 812.7751 815.5604 818.3456 826.1806 835.7975 845.4149 855.0319 863.8594 869.2847 874.7099 880.1354 885.5607 885.9084 883.3712 880.8339 878.2966 875.489 869.8433 864.1976 858.5518 852.9062 846.944 840.7083 834.4725 828.2368 822.0009 823.9173 825.9534 827.9895 830.0256 835.3198 844.849 854.3785 863.9078 873.4373 887.3049 901.7415 916.1785 930.615 942.7339 950.2166 957.6995 965.1821 972.665 974.0629 973.7706 973.4783 973.1861 970.9885 962.4801 953.9714 945.463 936.9543 925.7806 913.3591 900.9379 888.5168 874.9771 853.9846 832.9915 811.999 791.0058
809.8273 814.7706 819.7142 824.6575 833.6418 844.052 854.4625 864.8727 874.2087 878.9164 883.6241 888.3319 893.0396 893.0895 890.4929 887.8962 885.2997 882.2051 873.8832 865.5612 857.239 848.9171 841.0974 833.7126 826.3275 818.9426 811.5576 813.4306 815.4398 817.4489 819.458 825.1287 835.559 845.9897 856.42 866.8507 882.0963 897.9734 913.851 929.7281 942.7338 949.9952 957.2568 964.5182 971.78 973.7631 974.2802 974.7974 975.3145 973.696 965.0042 956.312 947.6201 938.928 926.4316 912.1539 897.8767 883.5995 868.1862 845.2026 822.2184 799.2349 776.2506
812.0916 818.4764 824.8616 831.2465 840.4235 850.5854 860.7478 870.9098 879.889 883.7723 887.6555 891.5388 895.422 895.1152 892.4276 889.7399 887.0523 883.7975 874.589 865.3804 856.1716 846.9631 838.5745 830.8957 823.2166 815.5377 807.8586 809.3068 810.889 812.4714 814.0536 819.0485 828.4794 837.9106 847.3414 856.7726 871.7969 887.5546 903.3129 919.0706 932.0958 939.6547 947.2139 954.7728 962.3319 964.7343 965.7043 966.6745 967.6446 966.3491 957.549 948.7486 939.9485 931.1481 918.0298 902.8899 887.7504 872.611 856.4433 833.4248 810.4055 787.3869 764.3676
815.2362 822.8027 830.3694 837.9359 846.9585 856.4946 866.0311 875.5671 883.8758 886.8958 889.9157 892.9358 895.9557 895.2708 892.4807 889.6905 886.9004 883.5313 874.0854 864.6395 855.1932 845.7473 837.2573 829.5947 821.9317 814.269 806.6061 807.491 808.5013 809.5118 810.5222 814.4595 822.2015 829.9438 837.6858 845.4281 859.6508 874.7234 889.7964 904.869 917.5992 925.6437 933.6885 941.733 949.7777 952.539 953.8328 955.1267 956.4206 955.355 946.4739 937.5926 928.7115 919.8302 906.3444 890.7026 875.0615 859.4203 842.9042 820.5602 798.2153 775.8713 753.5264
818.3809 827.1289 835.8773 844.6254 853.4935 862.4037 871.3143 880.2245 887.8625 890.0192 892.176 894.3328 896.4895 895.4263 892.5338 889.6411 886.7485 883.2651 873.5818 863.8984 854.2148 844.5314 835.9401 828.2936 820.6469 813.0004 805.3537 805.6752 806.1136 806.5522 806.9907 809.8705 815.9236 821.9771 828.0302 834.0836 847.5048 861.8921 876.28 890.6673 903.1027 911.6328 920.1631 928.6932 937.2235 940.3438 941.9613 943.579 945.1965 944.3608 935.3989 926.4366 917.4746 908.5123 894.6589 878.5154 862.3725 846.2296 829.3651 807.6956 786.0252 764.3557 742.6853
821.5255 831.4551 841.3851 851.3148 860.0286 868.3129 876.5975 884.8818 891.8492 893.1427 894.4362 895.7297 897.0233 895.582 892.5869 889.5916 886.5965 882.999 873.0782 863.1575 853.2364 843.3156 834.6228 826.9926 819.3621 811.7318 804.1013 803.8594 803.726 803.5926 803.4592 805.2815 809.6458 814.0103 818.3746 822.7391 835.3587 849.0609 862.7635 876.4656 888.6061 897.6217 906.6377 915.6534 924.6693 928.1485 930.0898 932.0312 933.9725 933.3668 924.3239 915.2806 906.2377 897.1945 882.9734 866.3282 849.6835 833.0388 815.826 794.8309 773.8351 752.84 731.8442
823.9647 834.7911 845.618 856.4444 864.8954 872.5077 880.1202 887.7325 894.0038 894.4983 894.9927 895.4872 895.9816 894.2378 891.2223 888.2067 885.1913 881.6031 872.0045 862.4058 852.8068 843.2081 834.7277 827.215 819.7019 812.1891 804.6761 803.8135 803.0486 802.2837 801.5188 802.4244 805.5018 808.5792 811.6566 814.734 826.5081 839.4227 852.3376 865.2522 876.8624 885.8627 894.8633 903.8637 912.8644 916.2579 918.0941 919.9303 921.7664 921.0504 911.8804 902.7101 893.54 884.3698 869.9796 853.1455 836.312 819.4785 802.2378 782.2875 762.3365 742.3863 722.4354
823.7281 834.3711 845.0145 855.6575 863.4346 870.1997 876.9651 883.7302 889.2093 889.148 889.0867 889.0254 888.9641 887.2047 884.4805 881.7563 879.0321 875.9225 868.7682 861.6138 854.4591 847.3047 840.227 833.2159 826.2047 819.1937 812.1824 810.4816 808.8588 807.236 805.6132 806.1371 809.4518 812.7667 816.0814 819.3962 830.158 841.8963 853.635 865.3733 875.5609 882.6458 889.731 896.816 903.9012 905.5228 905.627 905.7311 905.8352 903.7186 894.2465 884.774 875.3019 865.8294 852.0229 836.187 820.3516 804.5162 788.4631 770.9625 753.4613 735.9608 718.4596
823.4915 833.9511 844.4111 854.8706 861.9737 867.8917 873.8099 879.7279 884.4147 883.7977 883.1807 882.5636 881.9465 880.1715 877.7387 875.3058 872.8729 870.2419 865.5319 860.8217 856.1115 851.4013 845.7263 839.217 832.7075 826.1982 819.6887 817.1497 814.669 812.1882 809.7075 809.8498 813.4019 816.9541 820.5062 824.0584 833.8079 844.3699 854.9323 865.4944 874.2593 879.4289 884.5987 889.7683 894.9381 894.7878 893.1599 891.5319 889.9039 886.3868 876.6126 866.838 857.0637 847.2891 834.0662 819.2284 804.3912 789.554 774.6884 759.6375 744.5861 729.5352 714.4838
823.2549 833.5311 843.8076 854.0837 860.5128 865.5837 870.6547 875.7256 879.6202 878.4474 877.2746 876.1018 874.929 873.1384 870.9969 868.8553 866.7138 864.5614 862.2955 860.0297 857.7637 855.4979 851.2255 845.218 839.2103 833.2027 827.195 823.8177 820.4792 817.1405 813.8019 813.5624 817.3519 821.1415 824.931 828.7206 837.4577 846.8435 856.2297 865.6155 872.9578 876.212 879.4664 882.7206 885.975 884.0528 880.6928 877.3327 873.9727 869.0551 858.9787 848.902 838.8256 828.7488 816.1094 802.2698 788.4308 774.5917 760.9136 748.3124 735.7108 723.1097 710.5081
823.0184 833.1111 843.2042 853.2969 859.0519 863.2756 867.4995 871.7233 874.8256 873.0971 871.3686 869.64 867.9115 866.1053 864.2551 862.4048 860.5546 858.8808 859.0592 859.2376 859.4161 859.5945 856.7248 851.219 845.713 840.2072 834.7013 830.4858 826.2894 822.0928 817.8963 817.2751 821.302 825.329 829.3558 833.3829 841.1075 849.3171 857.527 865.7366 871.6562 872.9951 874.334 875.6729 877.0118 873.3177 868.2257 863.1335 858.0414 851.7233 841.3448 830.9659 820.5874 810.2085 798.1526 785.3113 772.4704 759.6295 747.1389 736.9874 726.8356 716.6841 706.5323
820.39 829.3036 838.2175 847.1312 851.8571 855.1046 858.3523 861.5999 864.0025 862.7655 861.5285 860.2915 859.0545 858.6586 858.7407 858.8228 858.9049 859.1182 860.7083 862.2985 863.8887 865.4788 863.5389 858.5459 853.5528 848.5598 843.5667 839.5671 835.5822 831.597 827.6121 827.103 831.1129 835.1228 839.1326 843.1425 849.7015 856.5948 863.4883 870.3815 874.7506 874.0709 873.3911 872.7114 872.0316 866.0958 858.7001 851.3042 843.9085 835.6866 824.7294 813.7719 802.8147 791.8571 781.005 770.2017 759.3988 748.5959 738.2606 731.0456 723.8304 716.6154 709.4001
816.6536 823.927 831.2007 838.4741 842.0062 844.2178 846.4294 848.641 850.3868 850.1265 849.8661 849.6058 849.3454 851.0203 853.7948 856.5694 859.3438 862.0966 864.6202 867.1439 869.6677 872.1913 870.9621 866.4871 862.012 857.537 853.0618 849.7664 846.4882 843.2099 839.9318 839.7636 843.6385 847.5135 851.3884 855.2634 860.5856 866.0977 871.6098 877.1218 879.8812 877.1349 874.3886 871.6424 868.8961 860.501 850.5369 840.5723 830.6082 820.2496 808.5856 796.9212 785.2573 773.5928 764.2318 755.9482 747.665 739.3818 731.6501 727.5972 723.544 719.491 715.4379
812.9174 818.5505 824.1839 829.8171 832.1556 833.3312 834.5068 835.6824 836.7714 837.4877 838.2039 838.9202 839.6365 843.3821 848.8489 854.316 859.7828 865.075 868.5322 871.9893 875.4466 878.9037 878.3851 874.4281 870.4709 866.5139 862.5568 859.9653 857.394 854.8226 852.2512 852.424 856.1639 859.9041 863.644 867.3842 871.4696 875.6003 879.7313 883.862 885.0117 880.199 875.3861 870.5735 865.7606 854.9063 842.3737 829.8407 817.3082 804.8127 792.442 780.0708 767.7001 755.3289 747.4588 741.6951 735.9315 730.168 725.0398 724.1487 723.2577 722.3666 721.4756
809.1811 813.1741 817.1672 821.1601 822.305 822.4446 822.5842 822.7237 823.1559 824.8488 826.5417 828.2346 829.9275 835.744 843.9031 852.0626 860.2217 868.0534 872.444 876.8347 881.2255 885.6161 885.8082 882.3691 878.93 875.4909 872.0517 870.1644 868.2999 866.4352 864.5707 865.0843 868.6893 872.2946 875.8997 879.5048 882.3535 885.103 887.8527 890.6022 890.1422 883.263 876.3837 869.5045 862.6252 849.3115 834.2106 819.1091 804.0081 789.3759 776.2984 763.2205 750.1429 737.065 730.6859 727.4418 724.198 720.9541 718.4294 720.7004 722.9714 725.2422 727.5132
805.8251 808.3461 810.8671 813.3881 813.5518 812.8834 812.215 811.5466 811.5174 814.2415 816.9656 819.6898 822.4139 830.0367 840.4424 850.8485 861.2542 871.1967 876.2714 881.3462 886.4211 891.4958 892.2697 889.3239 886.3779 883.432 880.486 879.2713 878.082 876.8926 875.7032 876.5034 879.8899 883.2765 886.663 890.0496 891.7311 893.1891 894.647 896.105 894.127 885.277 876.4268 867.5769 858.7267 843.2325 825.8928 808.5525 791.2128 774.7784 761.3452 747.9114 734.4781 721.0443 716.1965 715.3672 714.538 713.7087 713.6702 718.9031 724.1364 729.3693 734.6025
804.4911 806.4348 808.3786 810.3223 810.6345 810.3707 810.107 809.8433 810.3916 814.4376 818.4836 822.5297 826.5756 834.5982 844.8799 855.1619 865.4435 875.2168 879.6495 884.0821 888.515 892.9476 893.6176 891.0332 888.4487 885.8643 883.2799 882.5702 881.888 881.2058 880.5237 881.322 884.0448 886.7677 889.4905 892.2134 893.0978 893.7411 894.3843 895.0276 892.019 881.707 871.3946 861.0826 850.7702 834.5782 816.7529 798.927 781.1017 764.6446 752.722 740.799 728.8764 716.9534 713.8514 714.8782 715.9048 716.9315 718.7547 725.887 733.0195 740.1517 747.2842
803.1572 804.5236 805.8901 807.2565 807.7172 807.8581 807.9991 808.14 809.2659 814.6337 820.0015 825.3695 830.7374 839.1597 849.3173 859.4752 869.6328 879.2369 883.0275 886.8181 890.6088 894.3994 894.9654 892.7425 890.5195 888.2967 886.0737 885.8691 885.6941 885.519 885.3441 886.1404 888.1996 890.2589 892.3181 894.3773 894.4645 894.2931 894.1216 893.9503 889.9111 878.137 866.3624 854.5883 842.8138 825.9238 807.613 789.3015 770.9905 754.5107 744.0989 733.6866 723.2747 712.8624 711.5063 714.3891 717.2718 720.1544 723.8392 732.8708 741.9026 750.9341 759.966
801.8233 802.6124 803.4016 804.1907 804.7999 805.3455 805.8911 806.4368 808.1401 814.8298 821.5195 828.2094 834.899 843.7213 853.7547 863.7885 873.822 883.257 886.4055 889.554 892.7026 895.8511 896.3132 894.4518 892.5904 890.729 888.8676 889.168 889.5001 889.8323 890.1645 890.959 892.3545 893.7501 895.1456 896.5411 895.8312 894.8451 893.8589 892.8729 887.8032 874.567 861.3303 848.094 834.8573 817.2695 798.473 779.6759 760.8794 744.3769 735.4757 726.5742 717.673 708.7715 709.1613 713.9001 718.6387 723.3773 728.9238 739.8546 750.7858 761.7166 772.6478
800.4894 800.7012 800.9131 801.1249 801.8826 802.8329 803.7832 804.7335 807.0143 815.0259 823.0374 831.0492 839.0607 848.2828 858.1921 868.1019 878.0112 887.2771 889.7835 892.29 894.7964 897.3029 897.661 896.1611 894.6612 893.1613 891.6614 892.4669 893.3062 894.1456 894.9849 895.7775 896.5093 897.2413 897.9731 898.705 897.1978 895.3971 893.5963 891.7955 885.6953 870.9969 856.2981 841.5997 826.9008 808.6152 789.3331 770.0504 750.7682 734.2431 726.8526 719.4618 712.0713 704.6805 706.8162 713.411 720.0056 726.6002 734.0084 746.8384 759.6689 772.499 785.3295
800.2776 800.4927 800.7079 800.9232 802.1702 803.7814 805.3926 807.0038 809.98 818.8352 827.6904 836.5459 845.4011 854.4053 863.4938 872.5825 881.671 890.1356 892.0478 893.9599 895.8721 897.7842 897.7382 895.9987 894.259 892.5195 890.7798 891.4926 892.2413 892.9901 893.7388 894.3179 894.6765 895.035 895.3935 895.7521 893.3093 890.4991 887.6888 884.8786 877.7319 861.913 846.0935 830.2745 814.455 796.7701 778.567 760.3632 742.16 726.871 721.2371 715.603 709.9692 704.3351 708.2952 716.746 725.1966 733.6472 742.7781 756.4417 770.1057 783.7692 797.4332
800.716 801.2711 801.8262 802.3813 804.3153 806.7359 809.1566 811.5771 815.317 824.7386 834.1603 843.5823 853.004 861.4325 869.2962 877.1602 885.0239 892.3209 893.6665 895.0121 896.3577 897.7032 897.0791 894.7514 892.4236 890.096 887.7682 888.0417 888.3534 888.6652 888.9769 889.2198 889.3732 889.5267 889.6802 889.8337 886.3749 882.4425 878.5099 874.5775 866.375 849.6334 832.8912 816.1496 799.4074 783.0759 766.8584 750.6403 734.4228 721.0994 717.3647 713.6299 709.8953 706.1605 711.9903 722.2972 732.6039 742.9105 753.6835 767.5629 781.4428 795.3222 809.202
