data/zism_data/00510_02_D.txt
ncols         224
nrows         224
[rows 112 to 139 of 224, columns 126 to 188 of 224]
3398.117 3397.362 3396.607 3395.852 3395.125 3395.337 3395.55 3395.762 3395.974 3397.311 3399.875 3402.438 3405.002 3407.566 3418.128 3429.315 3440.502 3451.689 3463.431 3476.092 3488.753 3501.413 3514.074 3524.031 3533.419 3542.807 3552.195 3558.449 3556.457 3554.466 3552.475 3550.483 3545.398 3539.137 3532.876 3526.616 3519.997 3511.675 3503.354 3495.033 3486.711 3476.636 3465.499 3454.363 3443.226 3432.031 3420.084 3408.138 3396.191 3384.244 3372.861 3361.992 3351.124 3340.256 3329.388 3323.4 3317.558 3311.716 3305.874 3302.257 3301.711 3301.164 3300.618
3397.373 3396.685 3395.998 3395.311 3394.652 3394.925 3395.198 3395.472 3395.745 3396.984 3399.276 3401.569 3403.861 3406.154 3415.908 3426.246 3436.583 3446.921 3457.988 3470.262 3482.536 3494.809 3507.083 3516.866 3526.124 3535.383 3544.641 3550.883 3549.185 3547.488 3545.79 3544.093 3538.976 3532.561 3526.145 3519.73 3512.88 3503.966 3495.052 3486.139 3477.225 3466.767 3455.375 3443.983 3432.59 3421.187 3409.639 3398.092 3386.544 3374.996 3364.245 3354.222 3344.2 3334.177 3324.155 3319.127 3314.249 3309.37 3304.491 3301.509 3301.144 3300.778 3300.413
3396.674 3396.046 3395.418 3394.79 3394.19 3394.533 3394.876 3395.219 3395.562 3396.714 3398.749 3400.784 3402.819 3404.854 3413.893 3423.48 3433.066 3442.653 3453.128 3465.075 3477.021 3488.968 3500.914 3510.356 3519.271 3528.186 3537.101 3543.195 3541.862 3540.529 3539.197 3537.864 3532.669 3526.007 3519.345 3512.682 3505.517 3495.965 3486.413 3476.861 3467.309 3456.52 3444.983 3433.446 3421.909 3410.408 3399.37 3388.332 3377.294 3366.256 3356.204 3347.056 3337.909 3328.761 3319.613 3315.48 3311.498 3307.515 3303.532 3301.11 3300.841 3300.573 3300.304
3395.976 3395.407 3394.838 3394.269 3393.728 3394.141 3394.553 3394.966 3395.379 3396.445 3398.222 3400.0 3401.777 3403.554 3411.878 3420.714 3429.549 3438.384 3448.268 3459.887 3471.507 3483.125 3494.745 3503.846 3512.418 3520.99 3529.562 3535.506 3534.538 3533.571 3532.603 3531.635 3526.362 3519.453 3512.544 3505.635 3498.155 3487.964 3477.773 3467.583 3457.392 3446.272 3434.59 3422.909 3411.227 3399.629 3389.1 3378.572 3368.044 3357.515 3348.164 3339.89 3331.617 3323.344 3315.071 3311.833 3308.747 3305.66 3302.573 3300.711 3300.539 3300.367 3300.195
3395.278 3394.768 3394.257 3393.747 3393.266 3393.749 3394.231 3394.714 3395.196 3396.175 3397.695 3399.215 3400.735 3402.255 3409.863 3417.947 3426.031 3434.115 3443.408 3454.7 3465.992 3477.284 3488.576 3497.337 3505.565 3513.793 3522.022 3527.818 3527.215 3526.612 3526.009 3525.406 3520.055 3512.899 3505.743 3498.587 3490.792 3479.963 3469.134 3458.305 3447.476 3436.025 3424.198 3412.372 3400.545 3388.85 3378.831 3368.812 3358.794 3348.775 3340.123 3332.724 3325.326 3317.927 3310.528 3308.186 3305.996 3303.805 3301.614 3300.312 3300.237 3300.161 3300.085
3394.598 3394.142 3393.686 3393.231 3392.804 3393.346 3393.887 3394.429 3394.971 3395.885 3397.205 3398.524 3399.844 3401.163 3408.159 3415.598 3423.037 3430.476 3439.261 3450.273 3461.284 3472.295 3483.306 3491.729 3499.607 3507.485 3515.363 3520.993 3520.71 3520.426 3520.143 3519.859 3514.538 3507.303 3500.069 3492.834 3484.889 3473.572 3462.255 3450.938 3439.621 3427.909 3415.958 3404.008 3392.057 3380.274 3370.636 3360.998 3351.359 3341.721 3333.615 3326.913 3320.211 3313.51 3306.808 3305.203 3303.749 3302.296 3300.843 3300.0 3300.0 3300.0 3300.0
3393.985 3393.567 3393.148 3392.73 3392.341 3392.904 3393.467 3394.03 3394.594 3395.521 3396.846 3398.171 3399.496 3400.821 3407.573 3414.749 3421.925 3429.102 3437.68 3448.579 3459.478 3470.376 3481.275 3489.368 3496.87 3504.372 3511.875 3517.276 3517.148 3517.02 3516.892 3516.764 3511.867 3505.158 3498.449 3491.74 3484.239 3472.976 3461.712 3450.449 3439.186 3427.464 3415.465 3403.466 3391.467 3379.633 3369.909 3360.185 3350.461 3340.736 3332.62 3325.977 3319.335 3312.692 3306.05 3304.607 3303.32 3302.033 3300.746 3300.0 3300.0 3300.0 3300.0
3393.372 3392.991 3392.61 3392.23 3391.877 3392.462 3393.047 3393.631 3394.216 3395.157 3396.488 3397.818 3399.148 3400.479 3406.987 3413.901 3420.814 3427.727 3436.1 3446.886 3457.672 3468.457 3479.243 3487.007 3494.133 3501.26 3508.387 3513.559 3513.586 3513.614 3513.642 3513.669 3509.196 3503.013 3496.83 3490.646 3483.589 3472.379 3461.17 3449.96 3438.75 3427.019 3414.971 3402.925 3390.877 3378.992 3369.182 3359.372 3349.562 3339.752 3331.625 3325.042 3318.458 3311.874 3305.291 3304.012 3302.891 3301.771 3300.65 3300.0 3300.0 3300.0 3300.0
3392.759 3392.416 3392.073 3391.729 3391.414 3392.02 3392.626 3393.232 3393.839 3394.794 3396.129 3397.465 3398.801 3400.137 3406.402 3413.052 3419.702 3426.353 3434.519 3445.192 3455.865 3466.539 3477.212 3484.645 3491.396 3498.147 3504.899 3509.841 3510.024 3510.208 3510.391 3510.574 3506.525 3500.868 3495.21 3489.553 3482.939 3471.783 3460.627 3449.471 3438.315 3426.574 3414.478 3402.383 3390.287 3378.351 3368.455 3358.559 3348.663 3338.767 3330.63 3324.106 3317.581 3311.057 3304.532 3303.416 3302.462 3301.508 3300.553 3300.0 3300.0 3300.0 3300.0
3392.146 3391.84 3391.535 3391.229 3390.951 3391.578 3392.206 3392.833 3393.461 3394.43 3395.771 3397.112 3398.453 3399.794 3405.816 3412.204 3418.591 3424.978 3432.938 3443.499 3454.059 3464.62 3475.181 3482.284 3488.659 3495.035 3501.411 3506.124 3506.463 3506.802 3507.14 3507.479 3503.854 3498.722 3493.591 3488.459 3482.29 3471.187 3460.084 3448.982 3437.88 3426.128 3413.985 3401.841 3389.697 3377.71 3367.728 3357.746 3347.765 3337.783 3329.635 3323.17 3316.705 3310.239 3303.773 3302.821 3302.033 3301.245 3300.457 3300.0 3300.0 3300.0 3300.0
3391.461 3391.211 3390.961 3390.711 3390.488 3391.17 3391.851 3392.532 3393.213 3394.307 3395.85 3397.393 3398.936 3400.479 3406.873 3413.645 3420.417 3427.188 3435.282 3445.562 3455.842 3466.121 3476.401 3482.959 3488.734 3494.509 3500.283 3504.577 3504.975 3505.373 3505.771 3506.169 3503.104 3498.724 3494.344 3489.963 3484.501 3473.903 3463.305 3452.707 3442.109 3430.431 3418.099 3405.768 3393.436 3381.262 3371.109 3360.955 3350.802 3340.648 3332.228 3325.396 3318.563 3311.731 3304.899 3303.698 3302.665 3301.632 3300.599 3300.0 3300.0 3300.0 3300.0
3390.742 3390.556 3390.371 3390.185 3390.026 3390.777 3391.529 3392.28 3393.031 3394.304 3396.148 3397.991 3399.835 3401.678 3408.75 3416.23 3423.71 3431.191 3439.588 3449.503 3459.418 3469.333 3479.248 3485.153 3490.215 3495.276 3500.337 3504.117 3504.525 3504.934 3505.342 3505.751 3503.315 3499.799 3496.282 3492.765 3488.144 3478.275 3468.407 3458.539 3448.67 3437.106 3424.517 3411.928 3399.339 3386.911 3376.543 3366.175 3355.807 3345.439 3336.613 3329.202 3321.79 3314.378 3306.967 3305.311 3303.828 3302.344 3300.86 3300.0 3300.0 3300.0 3300.0
3390.022 3389.901 3389.78 3389.658 3389.564 3390.385 3391.206 3392.027 3392.848 3394.301 3396.445 3398.589 3400.733 3402.877 3410.628 3418.816 3427.005 3435.193 3443.895 3453.445 3462.995 3472.545 3482.095 3487.347 3491.695 3496.042 3500.39 3503.656 3504.075 3504.494 3504.914 3505.333 3503.526 3500.873 3498.22 3495.568 3491.787 3482.648 3473.509 3464.371 3455.232 3443.782 3430.936 3418.089 3405.242 3392.56 3381.977 3371.395 3360.812 3350.229 3340.999 3333.008 3325.017 3317.026 3309.035 3306.925 3304.99 3303.056 3301.121 3300.0 3300.0 3300.0 3300.0
3389.303 3389.246 3389.189 3389.132 3389.103 3389.993 3390.884 3391.774 3392.665 3394.299 3396.743 3399.188 3401.632 3404.076 3412.505 3421.402 3430.299 3439.195 3448.201 3457.386 3466.571 3475.756 3484.942 3489.541 3493.175 3496.809 3500.443 3503.195 3503.625 3504.055 3504.485 3504.915 3503.737 3501.948 3500.159 3498.37 3495.429 3487.02 3478.611 3470.202 3461.793 3450.458 3437.354 3424.25 3411.145 3398.208 3387.411 3376.614 3365.817 3355.02 3345.384 3336.814 3328.243 3319.673 3311.103 3308.538 3306.153 3303.768 3301.383 3300.0 3300.0 3300.0 3300.0
3388.558 3388.584 3388.611 3388.638 3388.692 3389.654 3390.616 3391.578 3392.541 3394.377 3397.167 3399.958 3402.748 3405.538 3414.599 3424.15 3433.7 3443.251 3452.517 3461.313 3470.108 3478.904 3487.7 3491.668 3494.621 3497.574 3500.527 3502.785 3503.217 3503.648 3504.08 3504.511 3503.901 3502.895 3501.888 3500.882 3498.72 3491.066 3483.413 3475.76 3468.106 3456.947 3443.665 3430.385 3417.104 3403.986 3392.953 3381.92 3370.887 3359.854 3349.8 3340.641 3331.484 3322.326 3313.168 3310.149 3307.314 3304.479 3301.644 3300.0 3300.0 3300.0 3300.0
3387.617 3387.875 3388.132 3388.389 3388.67 3389.718 3390.766 3391.814 3392.862 3395.074 3398.557 3402.039 3405.521 3409.004 3418.339 3428.131 3437.923 3447.715 3456.913 3465.13 3473.346 3481.562 3489.778 3493.287 3495.805 3498.323 3500.842 3502.766 3503.128 3503.49 3503.851 3504.213 3503.704 3502.864 3502.024 3501.184 3499.325 3492.627 3485.929 3479.23 3472.532 3462.006 3449.165 3436.324 3423.483 3410.745 3399.315 3387.885 3376.455 3365.025 3354.442 3344.635 3334.828 3325.02 3315.213 3311.744 3308.463 3305.182 3301.902 3300.0 3300.0 3300.0 3300.0
3386.677 3387.165 3387.653 3388.141 3388.648 3389.782 3390.916 3392.05 3393.183 3395.771 3399.946 3404.12 3408.295 3412.469 3422.078 3432.112 3442.145 3452.179 3461.309 3468.946 3476.583 3484.22 3491.857 3494.906 3496.99 3499.073 3501.157 3502.747 3503.039 3503.331 3503.623 3503.915 3503.507 3502.833 3502.16 3501.486 3499.931 3494.188 3488.444 3482.701 3476.958 3467.065 3454.664 3442.264 3429.863 3417.503 3405.676 3393.849 3382.022 3370.195 3359.084 3348.627 3338.171 3327.715 3317.259 3313.338 3309.612 3305.886 3302.16 3300.0 3300.0 3300.0 3300.0
3385.736 3386.455 3387.174 3387.893 3388.626 3389.846 3391.065 3392.285 3393.505 3396.469 3401.335 3406.202 3411.068 3415.935 3425.818 3436.093 3446.368 3456.643 3465.706 3472.763 3479.82 3486.878 3493.935 3496.525 3498.174 3499.823 3501.472 3502.728 3502.95 3503.172 3503.394 3503.616 3503.31 3502.803 3502.296 3501.788 3500.537 3495.748 3490.96 3486.172 3481.383 3472.125 3460.164 3448.203 3436.242 3424.262 3412.038 3399.814 3387.59 3375.366 3363.726 3352.62 3341.515 3330.409 3319.304 3314.932 3310.761 3306.59 3302.418 3300.0 3300.0 3300.0 3300.0
3384.795 3385.745 3386.695 3387.644 3388.604 3389.91 3391.215 3392.521 3393.826 3397.166 3402.725 3408.283 3413.842 3419.4 3429.557 3440.074 3450.59 3461.107 3470.102 3476.58 3483.058 3489.535 3496.013 3498.143 3499.358 3500.572 3501.787 3502.708 3502.861 3503.013 3503.166 3503.318 3503.113 3502.772 3502.431 3502.091 3501.142 3497.309 3493.475 3489.642 3485.808 3477.184 3465.663 3454.143 3442.621 3431.021 3418.4 3405.779 3393.158 3380.537 3368.368 3356.613 3344.859 3333.104 3321.35 3316.526 3311.91 3307.293 3302.676 3300.0 3300.0 3300.0 3300.0
3383.758 3384.914 3386.07 3387.226 3388.394 3389.946 3391.498 3393.05 3394.602 3398.454 3404.813 3411.174 3417.533 3423.893 3434.029 3444.459 3454.889 3465.32 3474.019 3479.854 3485.688 3491.523 3497.358 3499.135 3500.057 3500.979 3501.902 3502.604 3502.726 3502.848 3502.97 3503.092 3502.94 3502.683 3502.427 3502.17 3501.407 3498.234 3495.062 3491.889 3488.717 3480.727 3469.825 3458.923 3448.021 3436.971 3424.022 3411.074 3398.126 3385.177 3372.472 3359.989 3347.507 3335.024 3322.542 3317.447 3312.573 3307.699 3302.825 3300.0 3300.0 3300.0 3300.0
3382.646 3383.99 3385.334 3386.677 3388.038 3389.96 3391.883 3393.805 3395.728 3400.196 3407.441 3414.686 3421.931 3429.177 3439.063 3449.155 3459.247 3469.34 3477.567 3482.709 3487.852 3492.995 3498.137 3499.643 3500.383 3501.123 3501.863 3502.433 3502.555 3502.677 3502.799 3502.921 3502.784 3502.549 3502.314 3502.079 3501.409 3498.671 3495.933 3493.195 3490.457 3483.103 3472.958 3462.812 3452.667 3442.298 3429.076 3415.854 3402.633 3389.41 3376.163 3362.891 3349.62 3336.349 3323.077 3317.851 3312.864 3307.877 3302.891 3300.0 3300.0 3300.0 3300.0
3381.534 3383.066 3384.597 3386.129 3387.683 3389.975 3392.268 3394.56 3396.853 3401.938 3410.068 3418.199 3426.329 3434.46 3444.096 3453.851 3463.605 3473.359 3481.115 3485.566 3490.016 3494.467 3498.917 3500.152 3500.709 3501.267 3501.824 3502.262 3502.384 3502.506 3502.628 3502.75 3502.629 3502.416 3502.202 3501.988 3501.411 3499.108 3496.805 3494.501 3492.198 3485.479 3476.09 3466.701 3457.312 3447.626 3434.13 3420.635 3407.139 3393.643 3379.853 3365.793 3351.733 3337.673 3323.613 3318.254 3313.155 3308.055 3302.956 3300.0 3300.0 3300.0 3300.0
3380.422 3382.141 3383.861 3385.58 3387.327 3389.99 3392.653 3395.315 3397.978 3403.679 3412.696 3421.711 3430.727 3439.743 3449.13 3458.546 3467.963 3477.379 3484.663 3488.422 3492.18 3495.938 3499.697 3500.66 3501.035 3501.41 3501.785 3502.091 3502.213 3502.335 3502.457 3502.579 3502.474 3502.281 3502.089 3501.897 3501.414 3499.545 3497.676 3495.808 3493.939 3487.855 3479.223 3470.591 3461.958 3452.954 3439.184 3425.415 3411.646 3397.876 3383.544 3368.695 3353.846 3338.997 3324.149 3318.657 3313.445 3308.233 3303.021 3300.0 3300.0 3300.0 3300.0
3379.31 3381.218 3383.126 3385.034 3386.974 3390.009 3393.044 3396.079 3399.113 3405.429 3415.324 3425.219 3435.113 3445.009 3454.144 3463.22 3472.295 3481.372 3488.184 3491.255 3494.325 3497.396 3500.466 3501.161 3501.356 3501.552 3501.747 3501.922 3502.044 3502.166 3502.287 3502.409 3502.319 3502.148 3501.977 3501.806 3501.414 3499.974 3498.534 3497.095 3495.655 3490.199 3482.316 3474.433 3466.549 3458.22 3444.181 3430.141 3416.102 3402.063 3387.194 3371.565 3355.936 3340.307 3324.678 3319.056 3313.733 3308.409 3303.086 3300.0 3300.0 3300.0 3300.0
3378.22 3380.353 3382.487 3384.62 3386.793 3390.322 3393.85 3397.378 3400.907 3407.696 3418.041 3428.386 3438.732 3449.078 3457.782 3466.36 3474.937 3483.514 3489.864 3492.532 3495.2 3497.868 3500.536 3501.152 3501.337 3501.521 3501.706 3501.87 3501.981 3502.092 3502.203 3502.315 3502.214 3502.032 3501.85 3501.668 3501.275 3499.878 3498.481 3497.084 3495.688 3490.396 3482.748 3475.101 3467.454 3459.342 3445.281 3431.22 3417.159 3403.098 3388.113 3372.28 3356.448 3340.614 3324.782 3319.133 3313.788 3308.443 3303.098 3300.0 3300.0 3300.0 3300.0
3377.13 3379.489 3381.847 3384.206 3386.612 3390.634 3394.656 3398.678 3402.7 3409.962 3420.758 3431.554 3442.35 3453.147 3461.421 3469.5 3477.577 3485.656 3491.543 3493.809 3496.075 3498.34 3500.606 3501.144 3501.317 3501.491 3501.665 3501.818 3501.919 3502.019 3502.12 3502.22 3502.108 3501.916 3501.723 3501.531 3501.136 3499.782 3498.428 3497.074 3495.72 3490.591 3483.18 3475.769 3468.358 3460.463 3446.381 3432.299 3418.217 3404.134 3389.032 3372.995 3356.959 3340.922 3324.885 3319.21 3313.844 3308.477 3303.111 3300.0 3300.0 3300.0 3300.0
3376.04 3378.624 3381.208 3383.792 3386.431 3390.947 3395.462 3399.978 3404.493 3412.228 3423.475 3434.722 3445.969 3457.216 3465.061 3472.64 3480.219 3487.798 3493.223 3495.086 3496.949 3498.813 3500.676 3501.135 3501.298 3501.46 3501.624 3501.766 3501.856 3501.946 3502.036 3502.125 3502.003 3501.8 3501.596 3501.393 3500.997 3499.686 3498.375 3497.064 3495.753 3490.787 3483.612 3476.437 3469.262 3461.585 3447.481 3433.377 3419.274 3405.17 3389.951 3373.711 3357.47 3341.229 3324.989 3319.286 3313.899 3308.511 3303.123 3300.0 3300.0 3300.0 3300.0
3374.95 3377.759 3380.568 3383.377 3386.25 3391.26 3396.269 3401.278 3406.287 3414.495 3426.192 3437.89 3449.587 3461.285 3468.699 3475.78 3482.859 3489.939 3494.902 3496.363 3497.824 3499.285 3500.746 3501.126 3501.278 3501.43 3501.583 3501.714 3501.793 3501.873 3501.952 3502.031 3501.897 3501.683 3501.469 3501.255 3500.858 3499.59 3498.322 3497.053 3495.785 3490.983 3484.044 3477.105 3470.166 3462.706 3448.581 3434.456 3420.331 3406.206 3390.871 3374.426 3357.982 3341.537 3325.093 3319.363 3313.954 3308.545 3303.136 3300.0 3300.0 3300.0 3300.0
