data/zism_data/00518_02_D.txt
ncols         224
nrows         224
[rows 28 to 55 of 224, columns 0 to 62 of 224]
1212.276 1212.314 1212.314 1212.314 1212.314 1212.322 1212.359 1212.395 1212.431 1212.467 1212.529 1212.601 1212.673 1212.746 1212.809 1212.833 1212.857 1212.881 1212.906 1212.946 1212.994 1213.042 1213.091 1213.143 1213.215 1213.287 1213.36 1213.432 1213.578 1213.766 1213.954 1214.142 1214.343 1214.651 1214.959 1215.266 1215.574 1215.866 1216.147 1216.428 1216.709 1216.986 1217.207 1217.428 1217.65 1217.871 1217.947 1217.909 1217.872 1217.834 1217.79 1217.605 1217.42 1217.235 1217.05 1216.903 1216.79 1216.677 1216.564 1216.452 1216.452 1216.452 1216.452
1212.715 1212.754 1212.754 1212.754 1212.754 1212.765 1212.818 1212.87 1212.923 1212.975 1213.064 1213.169 1213.274 1213.379 1213.47 1213.505 1213.54 1213.575 1213.61 1213.668 1213.738 1213.808 1213.878 1213.953 1214.058 1214.163 1214.268 1214.372 1214.479 1214.585 1214.692 1214.799 1214.929 1215.231 1215.533 1215.835 1216.138 1216.45 1216.769 1217.088 1217.407 1217.718 1217.94 1218.161 1218.382 1218.604 1218.689 1218.667 1218.646 1218.625 1218.597 1218.428 1218.259 1218.09 1217.921 1217.807 1217.743 1217.679 1217.615 1217.551 1217.551 1217.551 1217.551
1213.155 1213.193 1213.193 1213.193 1213.193 1213.208 1213.277 1213.346 1213.414 1213.483 1213.6 1213.737 1213.874 1214.012 1214.132 1214.177 1214.223 1214.269 1214.315 1214.391 1214.482 1214.574 1214.665 1214.764 1214.901 1215.038 1215.176 1215.313 1215.38 1215.405 1215.431 1215.457 1215.514 1215.811 1216.108 1216.405 1216.701 1217.034 1217.391 1217.748 1218.105 1218.451 1218.672 1218.893 1219.115 1219.336 1219.43 1219.425 1219.42 1219.415 1219.403 1219.25 1219.098 1218.945 1218.792 1218.712 1218.696 1218.681 1218.665 1218.65 1218.65 1218.65 1218.65
1213.55 1213.583 1213.583 1213.583 1213.583 1213.604 1213.7 1213.796 1213.892 1213.988 1214.128 1214.286 1214.445 1214.604 1214.74 1214.782 1214.824 1214.866 1214.908 1215.0 1215.116 1215.233 1215.35 1215.468 1215.594 1215.719 1215.844 1215.97 1216.037 1216.07 1216.103 1216.136 1216.2 1216.495 1216.79 1217.085 1217.38 1217.719 1218.088 1218.457 1218.826 1219.183 1219.405 1219.626 1219.847 1220.068 1220.166 1220.166 1220.166 1220.166 1220.16 1220.035 1219.909 1219.784 1219.658 1219.599 1219.599 1219.599 1219.599 1219.599 1219.599 1219.599 1219.599
1213.925 1213.949 1213.949 1213.949 1213.949 1213.978 1214.106 1214.234 1214.363 1214.491 1214.652 1214.827 1215.002 1215.176 1215.324 1215.355 1215.386 1215.417 1215.448 1215.555 1215.699 1215.842 1215.986 1216.122 1216.215 1216.308 1216.401 1216.495 1216.58 1216.662 1216.744 1216.826 1216.932 1217.227 1217.522 1217.818 1218.113 1218.452 1218.821 1219.19 1219.558 1219.916 1220.137 1220.358 1220.58 1220.801 1220.898 1220.898 1220.898 1220.898 1220.894 1220.801 1220.708 1220.615 1220.522 1220.478 1220.478 1220.478 1220.478 1220.478 1220.478 1220.478 1220.478
1214.3 1214.315 1214.315 1214.315 1214.315 1214.351 1214.512 1214.673 1214.833 1214.994 1215.176 1215.367 1215.558 1215.749 1215.908 1215.928 1215.949 1215.969 1215.989 1216.11 1216.281 1216.452 1216.623 1216.777 1216.837 1216.898 1216.959 1217.019 1217.124 1217.254 1217.385 1217.515 1217.665 1217.96 1218.255 1218.55 1218.845 1219.184 1219.553 1219.922 1220.291 1220.648 1220.87 1221.091 1221.312 1221.533 1221.631 1221.631 1221.631 1221.631 1221.628 1221.567 1221.507 1221.446 1221.385 1221.357 1221.357 1221.357 1221.357 1221.357 1221.357 1221.357 1221.357
1214.674 1214.682 1214.682 1214.682 1214.682 1214.725 1214.918 1215.111 1215.304 1215.497 1215.7 1215.907 1216.115 1216.322 1216.492 1216.502 1216.511 1216.52 1216.53 1216.665 1216.863 1217.061 1217.259 1217.431 1217.459 1217.487 1217.516 1217.544 1217.667 1217.847 1218.026 1218.205 1218.397 1218.692 1218.987 1219.282 1219.578 1219.917 1220.286 1220.654 1221.023 1221.381 1221.602 1221.823 1222.045 1222.266 1222.363 1222.363 1222.363 1222.363 1222.362 1222.334 1222.305 1222.277 1222.249 1222.236 1222.236 1222.236 1222.236 1222.236 1222.236 1222.236 1222.236
1215.076 1215.076 1215.076 1215.076 1215.076 1215.125 1215.341 1215.557 1215.774 1215.99 1216.209 1216.429 1216.649 1216.869 1217.049 1217.054 1217.06 1217.066 1217.071 1217.221 1217.442 1217.662 1217.883 1218.071 1218.077 1218.082 1218.088 1218.094 1218.236 1218.457 1218.678 1218.9 1219.129 1219.42 1219.711 1220.002 1220.293 1220.629 1220.996 1221.362 1221.729 1222.085 1222.31 1222.536 1222.761 1222.987 1223.09 1223.096 1223.102 1223.109 1223.115 1223.115 1223.115 1223.115 1223.115 1223.115 1223.115 1223.115 1223.115 1223.115 1223.113 1223.112 1223.11
1215.662 1215.662 1215.662 1215.662 1215.662 1215.702 1215.881 1216.059 1216.238 1216.417 1216.617 1216.826 1217.035 1217.244 1217.423 1217.472 1217.521 1217.57 1217.619 1217.779 1217.994 1218.209 1218.425 1218.615 1218.663 1218.712 1218.761 1218.81 1218.968 1219.189 1219.411 1219.632 1219.858 1220.116 1220.375 1220.633 1220.892 1221.205 1221.556 1221.906 1222.257 1222.6 1222.858 1223.116 1223.374 1223.632 1223.776 1223.831 1223.886 1223.941 1223.994 1223.994 1223.994 1223.994 1223.994 1223.994 1223.994 1223.994 1223.994 1223.994 1223.981 1223.969 1223.957
1216.248 1216.248 1216.248 1216.248 1216.248 1216.28 1216.421 1216.561 1216.702 1216.843 1217.024 1217.222 1217.421 1217.619 1217.797 1217.89 1217.982 1218.074 1218.166 1218.337 1218.547 1218.756 1218.966 1219.158 1219.25 1219.343 1219.435 1219.527 1219.701 1219.922 1220.143 1220.365 1220.587 1220.813 1221.039 1221.265 1221.491 1221.781 1222.116 1222.45 1222.784 1223.115 1223.406 1223.696 1223.987 1224.277 1224.463 1224.566 1224.67 1224.773 1224.873 1224.873 1224.873 1224.873 1224.873 1224.873 1224.873 1224.873 1224.873 1224.872 1224.849 1224.826 1224.803
1216.834 1216.834 1216.834 1216.834 1216.834 1216.857 1216.96 1217.063 1217.166 1217.269 1217.432 1217.619 1217.807 1217.994 1218.172 1218.307 1218.443 1218.578 1218.713 1218.895 1219.099 1219.304 1219.508 1219.702 1219.837 1219.973 1220.108 1220.243 1220.433 1220.654 1220.876 1221.097 1221.315 1221.509 1221.703 1221.896 1222.09 1222.358 1222.676 1222.994 1223.312 1223.631 1223.953 1224.276 1224.599 1224.922 1225.149 1225.301 1225.454 1225.606 1225.752 1225.752 1225.752 1225.752 1225.752 1225.752 1225.752 1225.752 1225.752 1225.751 1225.718 1225.684 1225.65
1217.42 1217.42 1217.42 1217.42 1217.42 1217.435 1217.5 1217.565 1217.63 1217.695 1217.839 1218.016 1218.192 1218.369 1218.546 1218.725 1218.903 1219.082 1219.26 1219.453 1219.652 1219.851 1220.05 1220.246 1220.424 1220.603 1220.781 1220.96 1221.166 1221.387 1221.608 1221.83 1222.044 1222.205 1222.366 1222.528 1222.689 1222.934 1223.236 1223.538 1223.84 1224.146 1224.501 1224.856 1225.212 1225.567 1225.836 1226.037 1226.237 1226.438 1226.631 1226.631 1226.631 1226.631 1226.631 1226.631 1226.631 1226.631 1226.631 1226.63 1226.586 1226.541 1226.496
1218.001 1218.006 1218.006 1218.006 1218.006 1218.016 1218.059 1218.102 1218.145 1218.188 1218.326 1218.505 1218.683 1218.861 1219.04 1219.221 1219.402 1219.583 1219.765 1219.958 1220.158 1220.358 1220.558 1220.758 1220.958 1221.157 1221.357 1221.557 1221.783 1222.023 1222.263 1222.503 1222.732 1222.88 1223.028 1223.175 1223.323 1223.564 1223.869 1224.173 1224.478 1224.787 1225.156 1225.525 1225.894 1226.263 1226.559 1226.8 1227.04 1227.28 1227.51 1227.529 1227.548 1227.567 1227.586 1227.594 1227.594 1227.594 1227.594 1227.594 1227.513 1227.433 1227.352
1218.579 1218.592 1218.592 1218.592 1218.592 1218.599 1218.632 1218.664 1218.696 1218.728 1218.871 1219.06 1219.249 1219.438 1219.621 1219.775 1219.929 1220.083 1220.237 1220.426 1220.631 1220.836 1221.042 1221.247 1221.452 1221.657 1221.863 1222.068 1222.316 1222.588 1222.861 1223.134 1223.392 1223.539 1223.687 1223.834 1223.982 1224.233 1224.554 1224.874 1225.195 1225.52 1225.889 1226.257 1226.626 1226.995 1227.31 1227.583 1227.855 1228.128 1228.391 1228.442 1228.493 1228.544 1228.596 1228.62 1228.62 1228.62 1228.62 1228.619 1228.484 1228.35 1228.215
1219.157 1219.178 1219.178 1219.178 1219.178 1219.183 1219.204 1219.226 1219.247 1219.268 1219.416 1219.616 1219.816 1220.016 1220.202 1220.329 1220.456 1220.583 1220.71 1220.893 1221.104 1221.315 1221.525 1221.736 1221.947 1222.157 1222.368 1222.579 1222.849 1223.154 1223.459 1223.764 1224.051 1224.198 1224.346 1224.494 1224.641 1224.902 1225.239 1225.576 1225.913 1226.252 1226.621 1226.99 1227.359 1227.728 1228.061 1228.366 1228.671 1228.976 1229.271 1229.355 1229.438 1229.522 1229.606 1229.646 1229.646 1229.646 1229.646 1229.644 1229.455 1229.267 1229.078
1219.734 1219.764 1219.764 1219.764 1219.764 1219.767 1219.777 1219.788 1219.798 1219.809 1219.96 1220.171 1220.382 1220.593 1220.783 1220.883 1220.983 1221.083 1221.183 1221.361 1221.577 1221.793 1222.009 1222.225 1222.441 1222.657 1222.873 1223.09 1223.382 1223.72 1224.057 1224.395 1224.71 1224.858 1225.005 1225.153 1225.3 1225.571 1225.924 1226.277 1226.63 1226.985 1227.354 1227.722 1228.091 1228.46 1228.811 1229.149 1229.486 1229.824 1230.151 1230.268 1230.384 1230.5 1230.616 1230.671 1230.671 1230.671 1230.671 1230.669 1230.427 1230.184 1229.941
1220.312 1220.35 1220.35 1220.35 1220.35 1220.35 1220.35 1220.35 1220.35 1220.35 1220.505 1220.725 1220.945 1221.165 1221.358 1221.434 1221.51 1221.585 1221.661 1221.834 1222.055 1222.275 1222.496 1222.717 1222.938 1223.159 1223.38 1223.601 1223.916 1224.286 1224.657 1225.027 1225.371 1225.519 1225.667 1225.814 1225.962 1226.241 1226.608 1226.976 1227.343 1227.711 1228.08 1228.448 1228.817 1229.186 1229.556 1229.926 1230.297 1230.667 1231.028 1231.175 1231.323 1231.47 1231.618 1231.688 1231.688 1231.688 1231.688 1231.686 1231.39 1231.095 1230.799
1220.885 1220.936 1220.936 1220.936 1220.936 1220.936 1220.936 1220.936 1220.936 1220.936 1221.057 1221.228 1221.4 1221.571 1221.736 1221.877 1222.018 1222.158 1222.299 1222.482 1222.687 1222.891 1223.096 1223.301 1223.505 1223.71 1223.915 1224.119 1224.46 1224.878 1225.297 1225.716 1226.104 1226.252 1226.399 1226.547 1226.694 1226.944 1227.263 1227.582 1227.901 1228.224 1228.592 1228.961 1229.33 1229.699 1230.096 1230.515 1230.934 1231.353 1231.76 1231.908 1232.055 1232.203 1232.35 1232.42 1232.42 1232.42 1232.42 1232.418 1232.106 1231.795 1231.483
1221.458 1221.522 1221.522 1221.522 1221.522 1221.522 1221.522 1221.522 1221.522 1221.522 1221.609 1221.731 1221.854 1221.977 1222.115 1222.32 1222.526 1222.731 1222.936 1223.13 1223.319 1223.507 1223.696 1223.884 1224.073 1224.261 1224.449 1224.638 1225.003 1225.471 1225.938 1226.406 1226.836 1226.984 1227.132 1227.279 1227.427 1227.648 1227.918 1228.188 1228.458 1228.736 1229.105 1229.474 1229.843 1230.212 1230.636 1231.104 1231.571 1232.039 1232.493 1232.64 1232.788 1232.935 1233.083 1233.153 1233.153 1233.153 1233.153 1233.151 1232.823 1232.495 1232.166
1222.032 1222.108 1222.108 1222.108 1222.108 1222.108 1222.108 1222.108 1222.108 1222.108 1222.161 1222.234 1222.308 1222.383 1222.493 1222.763 1223.034 1223.304 1223.574 1223.779 1223.951 1224.123 1224.295 1224.468 1224.64 1224.812 1224.984 1225.157 1225.547 1226.063 1226.579 1227.095 1227.569 1227.717 1227.864 1228.012 1228.159 1228.351 1228.573 1228.794 1229.016 1229.249 1229.618 1229.987 1230.356 1230.724 1231.176 1231.692 1232.208 1232.725 1233.225 1233.373 1233.52 1233.668 1233.815 1233.885 1233.885 1233.885 1233.885 1233.883 1233.539 1233.194 1232.85
1222.605 1222.694 1222.694 1222.694 1222.694 1222.694 1222.694 1222.694 1222.694 1222.694 1222.712 1222.738 1222.763 1222.788 1222.872 1223.207 1223.542 1223.877 1224.212 1224.427 1224.583 1224.739 1224.895 1225.051 1225.207 1225.363 1225.519 1225.675 1226.09 1226.655 1227.22 1227.785 1228.301 1228.449 1228.597 1228.744 1228.892 1229.054 1229.227 1229.4 1229.573 1229.762 1230.131 1230.5 1230.868 1231.237 1231.716 1232.281 1232.846 1233.411 1233.958 1234.105 1234.253 1234.4 1234.548 1234.618 1234.618 1234.618 1234.618 1234.615 1234.255 1233.894 1233.534
1223.014 1223.117 1223.132 1223.148 1223.163 1223.176 1223.182 1223.187 1223.192 1223.197 1223.211 1223.229 1223.247 1223.266 1223.346 1223.7 1224.053 1224.406 1224.76 1224.981 1225.136 1225.291 1225.447 1225.604 1225.775 1225.946 1226.117 1226.288 1226.709 1227.276 1227.843 1228.41 1228.931 1229.094 1229.257 1229.42 1229.583 1229.741 1229.897 1230.052 1230.207 1230.378 1230.732 1231.085 1231.438 1231.792 1232.275 1232.86 1233.445 1234.03 1234.598 1234.766 1234.934 1235.102 1235.27 1235.353 1235.358 1235.363 1235.369 1235.371 1234.986 1234.602 1234.218
1223.242 1223.36 1223.408 1223.456 1223.504 1223.545 1223.561 1223.577 1223.593 1223.609 1223.653 1223.709 1223.765 1223.821 1223.926 1224.247 1224.568 1224.889 1225.21 1225.431 1225.603 1225.774 1225.946 1226.125 1226.344 1226.563 1226.783 1227.002 1227.411 1227.929 1228.448 1228.966 1229.447 1229.643 1229.838 1230.034 1230.229 1230.41 1230.582 1230.753 1230.925 1231.108 1231.429 1231.75 1232.071 1232.392 1232.855 1233.429 1234.004 1234.578 1235.137 1235.348 1235.559 1235.771 1235.982 1236.091 1236.107 1236.123 1236.139 1236.152 1235.735 1235.318 1234.901
1223.47 1223.604 1223.684 1223.765 1223.845 1223.914 1223.94 1223.967 1223.994 1224.021 1224.095 1224.188 1224.282 1224.376 1224.506 1224.795 1225.083 1225.372 1225.66 1225.881 1226.069 1226.257 1226.445 1226.645 1226.913 1227.181 1227.449 1227.717 1228.113 1228.582 1229.052 1229.522 1229.964 1230.192 1230.419 1230.647 1230.875 1231.079 1231.267 1231.455 1231.642 1231.838 1232.127 1232.415 1232.704 1232.992 1233.435 1233.999 1234.562 1235.125 1235.676 1235.93 1236.185 1236.44 1236.694 1236.829 1236.856 1236.883 1236.91 1236.933 1236.484 1236.035 1235.585
1223.698 1223.848 1223.961 1224.073 1224.186 1224.282 1224.32 1224.357 1224.395 1224.433 1224.536 1224.668 1224.8 1224.931 1225.086 1225.342 1225.598 1225.854 1226.11 1226.332 1226.536 1226.74 1226.944 1227.165 1227.481 1227.798 1228.115 1228.432 1228.814 1229.235 1229.656 1230.078 1230.48 1230.74 1231.001 1231.261 1231.521 1231.748 1231.952 1232.156 1232.36 1232.568 1232.824 1233.08 1233.336 1233.592 1234.015 1234.568 1235.12 1235.673 1236.215 1236.513 1236.81 1237.108 1237.406 1237.568 1237.605 1237.643 1237.68 1237.714 1237.232 1236.751 1236.269
1223.926 1224.092 1224.237 1224.382 1224.527 1224.651 1224.699 1224.748 1224.796 1224.845 1224.978 1225.148 1225.317 1225.486 1225.666 1225.89 1226.113 1226.337 1226.561 1226.782 1227.002 1227.223 1227.443 1227.685 1228.05 1228.416 1228.781 1229.146 1229.516 1229.888 1230.261 1230.633 1230.997 1231.289 1231.582 1231.875 1232.168 1232.417 1232.637 1232.857 1233.078 1233.298 1233.522 1233.745 1233.969 1234.193 1234.595 1235.137 1235.679 1236.22 1236.754 1237.095 1237.436 1237.777 1238.118 1238.306 1238.354 1238.402 1238.451 1238.495 1237.981 1237.467 1236.953
1224.217 1224.392 1224.555 1224.717 1224.88 1225.021 1225.085 1225.149 1225.213 1225.278 1225.418 1225.59 1225.762 1225.934 1226.119 1226.355 1226.591 1226.828 1227.064 1227.304 1227.545 1227.786 1228.028 1228.283 1228.617 1228.951 1229.285 1229.619 1229.975 1230.343 1230.712 1231.081 1231.444 1231.759 1232.074 1232.389 1232.705 1232.961 1233.177 1233.393 1233.61 1233.829 1234.08 1234.332 1234.583 1234.834 1235.248 1235.789 1236.33 1236.872 1237.405 1237.764 1238.123 1238.483 1238.842 1239.039 1239.088 1239.137 1239.186 1239.231 1238.735 1238.239 1237.742
1224.513 1224.697 1224.876 1225.055 1225.234 1225.391 1225.471 1225.551 1225.632 1225.712 1225.857 1226.03 1226.202 1226.374 1226.561 1226.814 1227.066 1227.319 1227.571 1227.831 1228.094 1228.357 1228.62 1228.888 1229.184 1229.48 1229.776 1230.072 1230.414 1230.783 1231.152 1231.521 1231.886 1232.223 1232.559 1232.896 1233.233 1233.495 1233.706 1233.917 1234.127 1234.344 1234.628 1234.912 1235.196 1235.479 1235.908 1236.449 1236.99 1237.531 1238.065 1238.44 1238.816 1239.191 1239.567 1239.771 1239.82 1239.869 1239.919 1239.964 1239.489 1239.014 1238.54
