data/zism_data/00519_02_D.txt
ncols         224
nrows         224
[rows 0 to 27 of 224, columns 0 to 62 of 224]
801.9131 801.455 800.9969 802.5068 806.4293 810.3517 814.2742 818.1966 830.2653 843.2542 856.2427 869.2316 876.9991 874.9772 872.9552 870.9332 868.9113 855.0806 838.2433 821.4067 804.5695 787.8763 771.6218 755.3678 739.1133 722.8593 717.4235 716.7206 716.0179 715.3151 715.8213 723.461 731.1005 738.7402 746.3798 750.4258 752.0178 753.6097 755.2017 756.9324 761.7175 766.5024 771.2875 776.0724 780.668 785.0683 789.4686 793.8691 798.2695 798.83 799.1542 799.4785 799.8027 799.2801 797.4404 795.6007 793.7609 791.9213 784.6223 776.2881 767.9537 759.6196 751.6036
802.8595 802.1747 801.4901 803.2097 807.8768 812.5438 817.2109 821.8778 833.7506 846.4374 859.1238 871.8106 878.8988 875.49 872.0814 868.6726 865.264 851.0788 834.1498 817.2214 800.2925 783.6233 767.7465 751.8701 735.9933 720.1169 715.5205 715.8591 716.1978 716.5364 718.0886 726.8021 735.5153 744.2288 752.942 757.863 760.1942 762.5253 764.8565 767.257 771.1841 775.1111 779.0382 782.9652 786.4901 789.601 792.7118 795.8227 798.9335 799.2974 799.4921 799.6868 799.8815 799.373 797.7707 796.1685 794.5661 792.9638 786.1154 778.2723 770.4288 762.5857 755.0607
803.8058 802.8945 801.9832 803.9125 809.3242 814.7358 820.1475 825.559 837.2359 849.6206 862.0049 874.3896 880.7984 876.0029 871.2075 866.412 861.6166 847.077 830.0563 813.0363 796.0156 779.3703 763.8711 748.3724 732.8732 717.3746 713.6176 714.9976 716.3776 717.7577 720.356 730.1432 739.9301 749.7173 759.5042 765.3001 768.3705 771.4409 774.5112 777.5815 780.6507 783.7197 786.7889 789.858 792.3123 794.1336 795.9549 797.7763 799.5976 799.7646 799.8299 799.8951 799.9603 799.4659 798.101 796.7361 795.3713 794.0064 787.6085 780.2564 772.904 765.5518 758.5179
807.3788 805.732 804.0851 805.7803 811.5723 817.3642 823.1563 828.9481 839.9542 851.5493 863.1439 874.7391 880.2009 874.1632 868.1258 862.0881 856.0507 841.0365 823.7366 806.4373 789.1375 772.5543 758.1613 743.7689 729.3759 714.9833 712.3936 714.9678 717.5419 720.116 723.8286 734.2582 744.6876 755.1173 765.5467 771.6956 774.9213 778.147 781.3727 784.5612 786.9331 789.305 791.6769 794.0488 795.7661 796.8094 797.8527 798.8961 799.9395 800.0 800.0 800.0 800.0 799.4477 798.0363 796.6249 795.2135 793.8021 787.1973 779.6076 772.0177 764.428 757.4229
813.6165 810.7179 807.8192 808.8298 814.6327 820.4353 826.2382 832.0408 841.8941 852.205 862.5156 872.8265 877.0699 869.9369 862.8041 855.671 848.5383 832.9276 815.1583 797.3896 779.6204 763.1381 750.5905 738.0432 725.4955 712.9483 711.8586 715.7817 719.7048 723.628 728.5237 739.1584 749.7928 760.4275 771.0618 777.0343 779.8229 782.6116 785.4002 788.1475 789.9852 791.8229 793.6606 795.4983 796.817 797.6013 798.3857 799.1702 799.9545 800.0 800.0 800.0 800.0 799.3168 797.5709 795.8249 794.0789 792.3329 784.8538 776.2876 767.7211 759.1548 751.7095
819.8543 815.7039 811.5533 811.8794 817.693 823.5065 829.3201 835.1335 843.834 852.8608 861.8873 870.9141 873.939 865.7106 857.4824 849.254 841.0258 824.8188 806.5801 788.342 770.1033 753.722 743.0196 732.3176 721.6152 710.9133 711.3235 716.5957 721.8677 727.14 733.2188 744.0585 754.8979 765.7377 776.577 782.3729 784.7245 787.0761 789.4277 791.7338 793.0373 794.3408 795.6443 796.9478 797.8679 798.3933 798.9187 799.4442 799.9695 800.0 800.0 800.0 800.0 799.1859 797.1053 795.0248 792.9443 790.8638 782.5104 772.9676 763.4244 753.8817 745.9962
826.092 820.6898 815.2874 814.929 820.7534 826.5776 832.402 838.2263 845.774 853.5166 861.259 869.0016 870.808 861.4842 852.1607 842.8369 833.5133 816.7099 798.0018 779.2944 760.5863 744.3058 735.4487 726.592 717.7349 708.8782 710.7885 717.4097 724.0307 730.6519 737.9139 748.9587 760.0031 771.0478 782.0922 787.7116 789.6262 791.5407 793.4553 795.32 796.0894 796.8586 797.628 798.3973 798.9188 799.1852 799.4517 799.7181 799.9846 800.0 800.0 800.0 800.0 799.0549 796.6399 794.2248 791.8097 789.3947 780.167 769.6476 759.1278 748.6084 740.2828
832.3298 825.6757 819.0215 817.9785 823.8137 829.6487 835.4839 841.319 847.714 854.1724 860.6307 867.0891 867.6771 857.2579 846.839 836.4197 826.0009 808.601 789.4235 770.2467 751.0692 734.8896 727.8779 720.8664 713.8546 706.8431 710.2534 718.2237 726.1937 734.1639 742.6091 753.8588 765.1082 776.358 787.6073 793.0503 794.5278 796.0053 797.4828 798.9063 799.1414 799.3765 799.6117 799.8468 799.9697 799.9772 799.9847 799.9921 799.9996 800.0 800.0 800.0 800.0 798.924 796.1744 793.4248 790.675 787.9255 777.8235 766.3276 754.8312 743.3352 734.5694
838.3498 830.9313 823.5125 821.1328 824.9299 828.7267 832.5238 836.3207 841.3692 846.5592 851.7491 856.9391 856.6487 846.0826 835.517 824.9509 814.3851 797.9305 779.9763 762.0226 744.0684 729.2794 724.1705 719.062 713.9532 708.8445 713.6484 722.7895 731.9302 741.0712 750.3232 760.2321 770.1406 780.0495 789.9581 794.6564 795.7964 796.9365 798.0765 799.1744 799.347 799.5196 799.6922 799.8647 799.9575 799.968 799.9785 799.9889 799.9994 799.8223 799.6337 799.445 799.2563 797.5368 793.436 789.3352 785.2343 781.1335 770.8895 759.4807 748.0715 736.6627 728.393
844.3632 836.1946 828.0259 824.2902 825.9883 827.6865 829.3846 831.0828 834.7791 838.7012 842.6231 846.5452 845.3867 834.7018 824.0175 813.3326 802.6483 787.1844 770.5035 753.8232 737.1423 723.7821 720.5779 717.3738 714.1696 710.9656 717.1598 727.4663 737.7725 748.079 758.1266 766.6488 775.1708 783.693 792.2149 796.1518 796.9573 797.7628 798.5684 799.3442 799.4683 799.5923 799.7163 799.8403 799.9137 799.9349 799.9562 799.9775 799.9988 799.6393 799.2565 798.8736 798.4907 796.1124 790.6303 785.1483 779.666 774.1839 763.8195 752.5294 741.239 729.949 722.203
850.3765 841.458 832.5392 827.4475 827.0468 826.6462 826.2455 825.8448 828.189 830.8431 833.4971 836.1512 834.1246 823.321 812.5179 801.7144 790.9113 776.4384 761.0308 745.6238 730.2162 718.2849 716.9853 715.6857 714.3861 713.0865 720.6712 732.1432 743.6147 755.0867 765.9299 773.0655 780.2009 787.3364 794.4718 797.6472 798.1182 798.5892 799.0602 799.514 799.5895 799.6649 799.7404 799.8159 799.8699 799.902 799.934 799.9661 799.9982 799.4564 798.8793 798.3022 797.7251 794.688 787.8246 780.9613 774.0977 767.2344 756.7495 745.5782 734.4066 723.2352 716.0131
856.3898 846.7213 837.0525 830.6049 828.1053 825.6059 823.1063 820.6069 821.5988 822.985 824.3712 825.7573 822.8625 811.9402 801.0184 790.0962 779.1744 765.6923 751.5581 737.4244 723.2902 712.7877 713.3926 713.9976 714.6026 715.2076 724.1826 736.82 749.457 762.0945 773.7333 779.4822 785.231 790.9799 796.7286 799.1426 799.2791 799.4156 799.5521 799.6838 799.7107 799.7376 799.7645 799.7914 799.8261 799.869 799.9118 799.9547 799.9975 799.2734 798.5021 797.7307 796.9594 793.2636 785.019 776.7744 768.5295 760.2849 749.6796 738.627 727.574 716.5215 709.8231
857.201 847.1002 836.999 829.5931 825.4904 821.3879 817.2853 813.1829 812.8988 813.0459 813.193 813.3401 809.8453 799.5217 789.1983 778.8746 768.5513 756.4628 743.9244 731.3865 718.8481 709.992 712.3981 714.8041 717.2103 719.6163 729.3308 742.2432 755.1552 768.0676 779.7736 784.3646 788.9553 793.5463 798.137 799.9653 799.9068 799.8484 799.7899 799.7337 799.7265 799.7192 799.712 799.7048 799.7335 799.7992 799.8649 799.9305 799.9962 799.0224 797.9847 796.9469 795.9092 791.6811 782.4908 773.3005 764.1099 754.9197 744.7408 734.375 724.0088 713.6429 707.8522
851.5518 841.4131 831.2742 823.4038 818.3137 813.2239 808.1338 803.0439 801.5786 800.5224 799.4662 798.4101 794.6486 785.8142 776.9801 768.1458 759.3116 749.1165 738.5745 728.0329 717.491 710.5513 714.6301 718.7088 722.7876 726.8662 736.5117 748.5932 760.6743 772.7557 783.6246 787.3414 791.0582 794.775 798.4918 799.9525 799.8724 799.7924 799.7123 799.6348 799.6114 799.588 799.5646 799.5411 799.5803 799.6837 799.7871 799.8906 799.994 798.687 797.2931 795.8992 794.5054 789.9022 780.3073 770.7123 761.117 751.5221 742.4489 733.4751 724.501 715.5271 711.1207
845.9025 835.7261 825.5493 817.2145 811.137 805.0598 798.9822 792.905 790.2583 787.9989 785.7396 783.4801 779.4519 772.1068 764.762 757.4168 750.072 741.7703 733.2247 724.6793 716.1337 711.1107 716.8622 722.6134 728.3649 734.1161 743.6926 754.9432 766.1933 777.4438 787.4756 790.3184 793.161 796.0038 798.8464 799.9396 799.838 799.7364 799.6348 799.5359 799.4963 799.4567 799.4171 799.3774 799.4269 799.5682 799.7094 799.8506 799.9918 798.3515 796.6016 794.8516 793.1017 788.1234 778.1237 768.1241 758.1241 748.1245 740.157 732.5752 724.9931 717.4114 714.3892
840.2532 830.039 819.8245 811.0253 803.9603 796.8956 789.8307 782.7661 778.938 775.4753 772.0128 768.5501 764.2552 758.3994 752.5438 746.6879 740.8323 734.424 727.8748 721.3257 714.7766 711.6701 719.0942 726.5181 733.9421 741.366 750.8736 761.2932 771.7124 782.132 791.3265 793.2952 795.2639 797.2325 799.2011 799.9268 799.8036 799.6804 799.5572 799.437 799.3812 799.3254 799.2696 799.2138 799.2737 799.4527 799.6317 799.8107 799.9896 798.0161 795.91 793.804 791.6979 786.3445 775.9402 765.5359 755.1312 744.7269 737.865 731.6752 725.4853 719.2956 717.6577
834.6039 824.3519 814.0996 804.8359 796.7836 788.7316 780.6792 772.6271 767.6178 762.9518 758.2861 753.6202 749.0585 744.692 740.3256 735.959 731.5926 727.0777 722.5248 717.9722 713.4194 712.2294 721.3262 730.4227 739.5195 748.6159 758.0545 767.6431 777.2314 786.8201 795.1775 796.2721 797.3666 798.4612 799.5558 799.914 799.7692 799.6244 799.4796 799.338 799.2661 799.1941 799.1221 799.0501 799.1204 799.3372 799.5539 799.7707 799.9874 797.6805 795.2184 792.7563 790.2942 784.5656 773.7567 762.9476 752.1383 741.3293 735.5731 730.7753 725.9775 721.1798 720.9261
828.4584 818.7798 809.1008 799.6982 790.6336 781.5693 772.5047 763.4404 758.2294 753.4534 748.6775 743.9014 739.7928 736.9354 734.0781 731.2208 728.3635 725.75 723.1985 720.6472 718.0956 718.4343 727.6138 736.793 745.9724 755.1516 763.8057 772.2305 780.6549 789.0797 796.4016 797.2183 798.0351 798.8518 799.6686 799.9041 799.7427 799.5813 799.4199 799.263 799.2047 799.1463 799.088 799.0296 799.1083 799.328 799.5478 799.7675 799.9872 797.434 794.7103 791.9863 789.2625 783.72 773.7932 763.8665 753.9394 744.0126 739.6465 736.3353 733.0239 729.7126 730.265
822.2703 813.2175 804.1645 794.6509 784.5718 774.4932 764.4141 754.3355 749.0071 744.2148 739.4227 734.6304 731.0368 729.6903 728.3438 726.9973 725.6509 724.9395 724.3898 723.8401 723.2904 725.1244 734.2499 743.3751 752.5006 761.6258 769.434 776.6663 783.8983 791.1305 797.4 797.9901 798.5803 799.1704 799.7605 799.8945 799.7169 799.5393 799.3617 799.19 799.1479 799.1057 799.0635 799.0214 799.1083 799.328 799.5478 799.7675 799.9872 797.1951 794.2178 791.2403 788.2629 782.9545 774.0206 765.0867 756.1525 747.2185 744.267 742.4503 740.6334 738.8167 740.1255
816.0821 807.6553 799.2281 789.6035 778.5101 767.4171 756.3236 745.2306 739.7847 734.9763 730.168 725.3595 722.2808 722.4451 722.6095 722.7739 722.9382 724.129 725.5811 727.0331 728.4852 731.8144 740.886 749.9572 759.0288 768.1001 775.0623 781.1021 787.1416 793.1813 798.3983 798.7618 799.1254 799.489 799.8525 799.8849 799.6911 799.4973 799.3035 799.1171 799.0911 799.0651 799.0391 799.0132 799.1083 799.328 799.5478 799.7675 799.9872 796.9562 793.7253 790.4942 787.2632 782.189 774.2479 766.3068 758.3655 750.4244 748.8875 748.5652 748.243 747.9208 749.986
809.8939 802.093 794.2918 784.5561 772.4483 760.3409 748.2331 736.1257 730.5623 725.7377 720.9132 716.0885 713.5248 715.2 716.8752 718.5504 720.2256 723.3185 726.7723 730.2261 733.6799 738.5044 747.522 756.5394 765.557 774.5743 780.6907 785.5379 790.3849 795.2322 799.3967 799.5336 799.6705 799.8075 799.9445 799.8752 799.6653 799.4553 799.2454 799.0441 799.0343 799.0245 799.0148 799.0049 799.1083 799.328 799.5478 799.7675 799.9872 796.7173 793.2328 789.7482 786.2636 781.4235 774.4752 767.527 760.5786 753.6303 753.5079 754.6802 755.8526 757.0249 759.8464
806.3489 799.2956 792.242 782.6196 769.8475 757.0759 744.3038 731.5322 725.8236 720.9123 716.0012 711.0898 708.7471 711.2201 713.693 716.166 718.6389 722.8477 727.4984 732.149 736.7997 742.5118 751.4713 760.4304 769.3898 778.3489 783.9611 788.109 792.2568 796.4047 799.9539 799.971 799.988 800.0051 800.0222 799.8998 799.6823 799.4646 799.247 799.0385 799.03 799.0214 799.0129 799.0043 799.0988 799.2993 799.4999 799.7004 799.9009 796.6304 793.1463 789.662 786.178 781.7208 775.7504 769.7801 763.8095 757.8392 758.6642 760.7781 762.892 765.0059 768.1924
806.8408 800.7209 794.6007 785.4342 772.5327 759.6315 746.7299 733.8288 727.9326 722.827 717.7217 712.6161 710.0453 712.2269 714.4085 716.5901 718.7717 722.8955 727.5139 732.1321 736.7505 742.4222 751.3169 760.2112 769.106 778.0004 783.6303 787.8322 792.0339 796.2358 799.8374 799.8976 799.9579 800.0181 800.0784 799.9767 799.7645 799.5523 799.3401 799.1358 799.1057 799.0755 799.0454 799.0153 799.0749 799.2269 799.3788 799.5308 799.6827 796.7753 793.6797 790.5839 787.4883 783.6414 778.626 773.6107 768.5952 763.5798 764.6387 766.8497 769.0607 771.2717 774.2253
807.3326 802.1461 796.9595 788.2488 775.2178 762.1871 749.1561 736.1254 730.0415 724.7418 719.4421 714.1424 711.3436 713.2338 715.124 717.0143 718.9045 722.9434 727.5294 732.1152 736.7012 742.3326 751.1625 759.9922 768.8221 777.6518 783.2996 787.5554 791.8111 796.067 799.7209 799.8243 799.9277 800.0311 800.1345 800.0536 799.8467 799.64 799.4331 799.233 799.1813 799.1296 799.0779 799.0262 799.051 799.1544 799.2578 799.3612 799.4646 796.9203 794.2131 791.5059 788.7986 785.5619 781.5015 777.4412 773.3807 769.3204 770.6133 772.9213 775.2295 777.5375 780.2582
807.8245 803.5714 799.3182 791.0634 777.9028 764.7427 751.5822 738.4221 732.1505 726.6565 721.1627 715.6686 712.6418 714.2407 715.8396 717.4385 719.0373 722.9913 727.5449 732.0983 736.652 742.243 751.0082 759.7731 768.5383 777.3032 782.9688 787.2786 791.5883 795.8981 799.6044 799.751 799.8975 800.0441 800.1907 800.1304 799.929 799.7276 799.5262 799.3303 799.257 799.1838 799.1105 799.0372 799.027 799.0818 799.1367 799.1916 799.2464 797.0652 794.7465 792.4277 790.109 787.4824 784.3771 781.2718 778.1664 775.0611 776.5878 778.9929 781.3982 783.8033 786.2911
808.3163 804.9967 801.6769 793.8781 780.588 767.2983 754.0083 740.7187 734.2595 728.5712 722.8832 717.1949 713.9401 715.2476 716.5551 717.8626 719.1701 723.0391 727.5604 732.0815 736.6027 742.1534 750.8538 759.554 768.2545 776.9547 782.6381 787.0018 791.3654 795.7292 799.4879 799.6776 799.8674 800.0571 800.2468 800.2073 800.0113 799.8152 799.6193 799.4276 799.3328 799.2379 799.143 799.0481 799.0031 799.0094 799.0157 799.022 799.0283 797.2102 795.28 793.3496 791.4194 789.403 787.2526 785.1024 782.952 780.8018 782.5623 785.0646 787.5669 790.0692 792.324
811.4149 809.071 806.727 799.785 787.2062 774.6278 762.049 749.4706 742.985 737.1871 731.3893 725.5914 721.6719 721.2742 720.8765 720.4788 720.0811 722.3916 725.3916 728.3914 731.3914 735.7253 744.1403 752.5549 760.9698 769.3845 775.7832 781.3 786.8167 792.3336 797.19 798.1509 799.1118 800.0726 801.0335 801.2711 801.0147 800.7583 800.502 800.2447 799.9686 799.6924 799.4163 799.1401 799.0 799.0 799.0 799.0 799.0 797.4502 795.8051 794.1599 792.5148 790.8563 789.1773 787.4983 785.8192 784.1402 785.7219 787.9221 790.1223 792.3224 794.2515
814.9012 813.5393 812.1774 806.152 794.4095 782.6675 770.925 759.1829 752.6949 746.7999 740.905 735.01 730.361 728.0477 725.7344 723.4211 721.1079 721.6406 722.8978 724.155 725.4122 728.3542 736.4509 744.5472 752.6438 760.7401 767.9578 774.7912 781.6245 788.4579 794.5676 796.4079 798.2482 800.0886 801.9288 802.4816 802.1552 801.8286 801.5021 801.1689 800.6877 800.2065 799.7253 799.2441 799.0 799.0 799.0 799.0 799.0 797.7043 796.329 794.9536 793.5782 792.2402 790.9605 789.6808 788.401 787.1213 788.4628 790.3015 792.1401 793.9788 795.5682
