data/zism_data/00518_03_D.txt
ncols         224
nrows         224
[rows 168 to 195 of 224, columns 126 to 188 of 224]
1342.394 1341.932 1341.47 1341.027 1340.705 1340.384 1340.062 1339.74 1339.556 1339.456 1339.356 1339.256 1339.166 1339.166 1339.166 1339.166 1339.166 1339.166 1339.166 1339.166 1339.166 1339.166 1339.166 1339.166 1339.166 1339.166 1339.161 1339.152 1339.143 1339.135 1339.12 1338.929 1338.738 1338.546 1338.355 1338.073 1337.704 1337.335 1336.966 1336.597 1336.228 1335.859 1335.49 1335.121 1334.753 1334.384 1334.015 1333.646 1333.277 1332.908 1332.539 1332.17 1331.802 1331.433 1331.064 1330.695 1330.326 1329.957 1329.588 1329.219 1328.85 1328.481 1328.1
1342.572 1342.159 1341.745 1341.352 1341.09 1340.828 1340.566 1340.304 1340.132 1340.016 1339.899 1339.783 1339.678 1339.678 1339.678 1339.678 1339.678 1339.678 1339.678 1339.678 1339.678 1339.678 1339.678 1339.678 1339.678 1339.678 1339.671 1339.656 1339.642 1339.628 1339.608 1339.39 1339.171 1338.953 1338.734 1338.439 1338.07 1337.701 1337.332 1336.963 1336.594 1336.226 1335.857 1335.488 1335.119 1334.75 1334.381 1334.012 1333.643 1333.274 1332.906 1332.537 1332.168 1331.799 1331.43 1331.061 1330.692 1330.323 1329.954 1329.585 1329.217 1328.848 1328.47
1342.75 1342.385 1342.021 1341.678 1341.475 1341.272 1341.07 1340.867 1340.708 1340.575 1340.443 1340.31 1340.191 1340.191 1340.191 1340.191 1340.191 1340.191 1340.191 1340.191 1340.191 1340.191 1340.191 1340.191 1340.191 1340.191 1340.18 1340.161 1340.141 1340.122 1340.096 1339.85 1339.605 1339.359 1339.114 1338.805 1338.436 1338.068 1337.699 1337.33 1336.961 1336.592 1336.223 1335.854 1335.485 1335.116 1334.747 1334.378 1334.01 1333.641 1333.272 1332.903 1332.534 1332.165 1331.796 1331.427 1331.058 1330.689 1330.321 1329.952 1329.583 1329.214 1328.841
1342.93 1342.611 1342.292 1341.996 1341.851 1341.706 1341.56 1341.415 1341.27 1341.125 1340.98 1340.834 1340.704 1340.704 1340.704 1340.704 1340.704 1340.704 1340.704 1340.704 1340.704 1340.704 1340.704 1340.704 1340.704 1340.704 1340.69 1340.665 1340.639 1340.614 1340.581 1340.309 1340.037 1339.765 1339.493 1339.172 1338.803 1338.434 1338.065 1337.696 1337.327 1336.958 1336.589 1336.22 1335.851 1335.483 1335.114 1334.745 1334.376 1334.007 1333.638 1333.269 1332.9 1332.531 1332.162 1331.794 1331.425 1331.056 1330.69 1330.325 1329.959 1329.594 1329.226
1343.135 1342.821 1342.507 1342.22 1342.107 1341.995 1341.882 1341.769 1341.656 1341.544 1341.431 1341.318 1341.217 1341.217 1341.217 1341.217 1341.217 1341.217 1341.217 1341.217 1341.217 1341.217 1341.217 1341.217 1341.217 1341.217 1341.197 1341.161 1341.124 1341.088 1341.045 1340.751 1340.457 1340.164 1339.87 1339.538 1339.169 1338.8 1338.431 1338.062 1337.693 1337.324 1336.955 1336.587 1336.218 1335.849 1335.48 1335.111 1334.742 1334.373 1334.004 1333.635 1333.266 1332.898 1332.529 1332.16 1331.791 1331.422 1331.101 1330.784 1330.468 1330.151 1329.799
1343.339 1343.03 1342.722 1342.444 1342.364 1342.284 1342.203 1342.123 1342.043 1341.962 1341.882 1341.802 1341.729 1341.729 1341.729 1341.729 1341.729 1341.729 1341.729 1341.729 1341.729 1341.729 1341.729 1341.729 1341.729 1341.729 1341.704 1341.657 1341.61 1341.563 1341.508 1341.193 1340.877 1340.562 1340.247 1339.904 1339.535 1339.166 1338.797 1338.428 1338.059 1337.691 1337.322 1336.953 1336.584 1336.215 1335.846 1335.477 1335.108 1334.739 1334.37 1334.002 1333.633 1333.264 1332.895 1332.526 1332.157 1331.788 1331.512 1331.244 1330.976 1330.708 1330.372
1343.543 1343.24 1342.937 1342.669 1342.621 1342.573 1342.525 1342.477 1342.429 1342.381 1342.333 1342.285 1342.242 1342.242 1342.242 1342.242 1342.242 1342.242 1342.242 1342.242 1342.242 1342.242 1342.242 1342.242 1342.242 1342.242 1342.21 1342.153 1342.095 1342.037 1341.971 1341.634 1341.297 1340.96 1340.623 1340.27 1339.901 1339.532 1339.164 1338.795 1338.426 1338.057 1337.688 1337.319 1336.95 1336.581 1336.212 1335.843 1335.474 1335.106 1334.737 1334.368 1333.999 1333.63 1333.261 1332.892 1332.523 1332.154 1331.923 1331.704 1331.484 1331.265 1330.945
1343.747 1343.45 1343.152 1342.893 1342.877 1342.862 1342.846 1342.831 1342.815 1342.8 1342.784 1342.769 1342.755 1342.755 1342.755 1342.755 1342.755 1342.755 1342.755 1342.755 1342.755 1342.755 1342.755 1342.755 1342.755 1342.755 1342.717 1342.649 1342.58 1342.511 1342.434 1342.076 1341.717 1341.359 1341.0 1340.636 1340.268 1339.899 1339.53 1339.161 1338.792 1338.423 1338.054 1337.685 1337.316 1336.947 1336.578 1336.21 1335.841 1335.472 1335.103 1334.734 1334.365 1333.996 1333.627 1333.259 1332.89 1332.521 1332.334 1332.163 1331.993 1331.822 1331.518
1344.012 1343.725 1343.439 1343.193 1343.21 1343.227 1343.244 1343.261 1343.273 1343.281 1343.29 1343.298 1343.306 1343.306 1343.306 1343.306 1343.306 1343.306 1343.306 1343.306 1343.306 1343.306 1343.306 1343.306 1343.306 1343.306 1343.261 1343.178 1343.096 1343.014 1342.923 1342.537 1342.151 1341.766 1341.38 1341.003 1340.634 1340.265 1339.896 1339.527 1339.158 1338.789 1338.42 1338.051 1337.682 1337.314 1336.945 1336.576 1336.207 1335.849 1335.491 1335.134 1334.776 1334.417 1334.057 1333.696 1333.336 1332.975 1332.793 1332.625 1332.458 1332.291 1331.992
1344.332 1344.061 1343.791 1343.564 1343.613 1343.663 1343.712 1343.761 1343.796 1343.82 1343.845 1343.87 1343.892 1343.892 1343.892 1343.892 1343.892 1343.892 1343.892 1343.892 1343.892 1343.892 1343.892 1343.892 1343.892 1343.892 1343.838 1343.739 1343.641 1343.542 1343.435 1343.017 1342.598 1342.18 1341.762 1341.369 1341.0 1340.631 1340.262 1339.893 1339.524 1339.156 1338.787 1338.418 1338.049 1337.68 1337.311 1336.942 1336.573 1336.236 1335.9 1335.564 1335.228 1334.888 1334.544 1334.2 1333.855 1333.511 1333.295 1333.09 1332.885 1332.68 1332.376
1344.651 1344.397 1344.143 1343.935 1344.016 1344.098 1344.18 1344.262 1344.318 1344.359 1344.4 1344.441 1344.478 1344.478 1344.478 1344.478 1344.478 1344.478 1344.478 1344.478 1344.478 1344.478 1344.478 1344.478 1344.478 1344.478 1344.415 1344.3 1344.186 1344.071 1343.947 1343.496 1343.045 1342.595 1342.144 1341.735 1341.366 1340.997 1340.628 1340.26 1339.891 1339.522 1339.153 1338.784 1338.415 1338.046 1337.677 1337.308 1336.939 1336.623 1336.308 1335.994 1335.68 1335.359 1335.031 1334.703 1334.375 1334.047 1333.797 1333.555 1333.312 1333.069 1332.759
1344.971 1344.733 1344.495 1344.305 1344.42 1344.534 1344.648 1344.762 1344.841 1344.898 1344.955 1345.012 1345.064 1345.064 1345.064 1345.064 1345.064 1345.064 1345.064 1345.064 1345.064 1345.064 1345.064 1345.064 1345.064 1345.064 1344.992 1344.861 1344.73 1344.599 1344.458 1343.975 1343.492 1343.009 1342.526 1342.101 1341.732 1341.364 1340.995 1340.626 1340.257 1339.888 1339.519 1339.15 1338.781 1338.412 1338.043 1337.675 1337.306 1337.01 1336.717 1336.424 1336.131 1335.83 1335.518 1335.207 1334.895 1334.583 1334.3 1334.019 1333.738 1333.457 1333.143
1345.291 1345.069 1344.848 1344.676 1344.823 1344.969 1345.116 1345.263 1345.364 1345.437 1345.51 1345.584 1345.65 1345.65 1345.65 1345.65 1345.65 1345.65 1345.65 1345.65 1345.65 1345.65 1345.65 1345.65 1345.65 1345.65 1345.569 1345.422 1345.275 1345.128 1344.97 1344.455 1343.939 1343.424 1342.908 1342.468 1342.099 1341.73 1341.361 1340.992 1340.623 1340.254 1339.885 1339.516 1339.147 1338.779 1338.41 1338.041 1337.672 1337.397 1337.125 1336.854 1336.583 1336.301 1336.006 1335.71 1335.415 1335.119 1334.802 1334.484 1334.165 1333.846 1333.527
1345.56 1345.38 1345.201 1345.068 1345.226 1345.384 1345.542 1345.7 1345.816 1345.905 1345.995 1346.084 1346.166 1346.182 1346.198 1346.213 1346.229 1346.236 1346.236 1346.236 1346.236 1346.236 1346.236 1346.236 1346.236 1346.236 1346.138 1345.959 1345.78 1345.601 1345.413 1344.928 1344.443 1343.958 1343.473 1343.023 1342.607 1342.191 1341.775 1341.359 1340.989 1340.62 1340.252 1339.883 1339.521 1339.168 1338.815 1338.462 1338.109 1337.855 1337.605 1337.356 1337.106 1336.853 1336.594 1336.336 1336.078 1335.819 1335.495 1335.164 1334.834 1334.504 1334.174
1345.826 1345.69 1345.554 1345.46 1345.629 1345.797 1345.966 1346.135 1346.265 1346.371 1346.476 1346.582 1346.68 1346.712 1346.744 1346.776 1346.808 1346.822 1346.822 1346.822 1346.822 1346.822 1346.822 1346.822 1346.822 1346.822 1346.706 1346.495 1346.283 1346.072 1345.853 1345.401 1344.948 1344.496 1344.043 1343.584 1343.12 1342.655 1342.19 1341.725 1341.356 1340.987 1340.618 1340.249 1339.895 1339.558 1339.221 1338.884 1338.547 1338.315 1338.087 1337.859 1337.631 1337.406 1337.186 1336.965 1336.745 1336.524 1336.193 1335.852 1335.511 1335.17 1334.829
1346.093 1346.0 1345.907 1345.852 1346.031 1346.211 1346.391 1346.571 1346.715 1346.836 1346.958 1347.08 1347.195 1347.243 1347.291 1347.339 1347.388 1347.408 1347.408 1347.408 1347.408 1347.408 1347.408 1347.408 1347.408 1347.408 1347.274 1347.03 1346.786 1346.543 1346.294 1345.874 1345.453 1345.033 1344.613 1344.145 1343.632 1343.119 1342.605 1342.092 1341.722 1341.353 1340.984 1340.615 1340.269 1339.948 1339.628 1339.307 1338.986 1338.775 1338.569 1338.362 1338.156 1337.96 1337.777 1337.595 1337.412 1337.229 1336.891 1336.539 1336.187 1335.835 1335.484
1346.36 1346.311 1346.261 1346.244 1346.434 1346.625 1346.815 1347.006 1347.164 1347.302 1347.44 1347.578 1347.709 1347.774 1347.838 1347.902 1347.967 1347.994 1347.994 1347.994 1347.994 1347.994 1347.994 1347.994 1347.994 1347.994 1347.843 1347.566 1347.29 1347.014 1346.734 1346.346 1345.959 1345.571 1345.183 1344.707 1344.145 1343.583 1343.021 1342.458 1342.088 1341.719 1341.35 1340.981 1340.643 1340.339 1340.034 1339.729 1339.425 1339.235 1339.051 1338.866 1338.681 1338.514 1338.369 1338.224 1338.079 1337.934 1337.589 1337.226 1336.864 1336.501 1336.138
1346.663 1346.648 1346.632 1346.645 1346.837 1347.03 1347.222 1347.414 1347.57 1347.704 1347.838 1347.972 1348.101 1348.189 1348.276 1348.363 1348.451 1348.475 1348.455 1348.434 1348.414 1348.395 1348.402 1348.409 1348.416 1348.423 1348.268 1347.98 1347.691 1347.403 1347.112 1346.73 1346.347 1345.965 1345.582 1345.104 1344.534 1343.964 1343.395 1342.825 1342.454 1342.085 1341.717 1341.348 1341.02 1340.739 1340.457 1340.176 1339.894 1339.733 1339.576 1339.42 1339.264 1339.115 1338.976 1338.838 1338.699 1338.56 1338.228 1337.879 1337.531 1337.182 1336.826
1347.016 1347.023 1347.029 1347.059 1347.24 1347.422 1347.603 1347.784 1347.916 1348.018 1348.119 1348.221 1348.324 1348.444 1348.564 1348.684 1348.803 1348.813 1348.744 1348.675 1348.606 1348.543 1348.566 1348.589 1348.612 1348.635 1348.497 1348.225 1347.953 1347.68 1347.404 1346.989 1346.574 1346.159 1345.744 1345.275 1344.754 1344.233 1343.712 1343.191 1342.821 1342.452 1342.083 1341.714 1341.402 1341.153 1340.904 1340.655 1340.406 1340.282 1340.163 1340.045 1339.926 1339.782 1339.606 1339.429 1339.252 1339.075 1338.785 1338.486 1338.186 1337.886 1337.558
1347.37 1347.397 1347.425 1347.472 1347.643 1347.814 1347.984 1348.155 1348.262 1348.332 1348.401 1348.47 1348.547 1348.699 1348.852 1349.004 1349.156 1349.151 1349.033 1348.916 1348.798 1348.69 1348.73 1348.769 1348.808 1348.847 1348.725 1348.469 1348.214 1347.958 1347.696 1347.249 1346.802 1346.354 1345.907 1345.447 1344.974 1344.502 1344.029 1343.557 1343.187 1342.818 1342.449 1342.08 1341.784 1341.567 1341.35 1341.134 1340.917 1340.831 1340.75 1340.669 1340.589 1340.449 1340.235 1340.02 1339.806 1339.591 1339.343 1339.092 1338.841 1338.589 1338.291
1347.723 1347.772 1347.822 1347.886 1348.046 1348.206 1348.365 1348.525 1348.609 1348.645 1348.682 1348.719 1348.77 1348.955 1349.14 1349.324 1349.509 1349.489 1349.323 1349.156 1348.99 1348.838 1348.893 1348.949 1349.004 1349.06 1348.954 1348.714 1348.474 1348.235 1347.988 1347.508 1347.029 1346.549 1346.069 1345.618 1345.194 1344.77 1344.346 1343.922 1343.553 1343.184 1342.815 1342.446 1342.165 1341.981 1341.797 1341.613 1341.428 1341.38 1341.337 1341.294 1341.251 1341.116 1340.864 1340.612 1340.359 1340.107 1339.901 1339.698 1339.495 1339.293 1339.023
1348.076 1348.147 1348.218 1348.3 1348.449 1348.598 1348.746 1348.895 1348.955 1348.959 1348.963 1348.968 1348.993 1349.21 1349.427 1349.645 1349.862 1349.827 1349.612 1349.397 1349.182 1348.985 1349.057 1349.129 1349.201 1349.272 1349.182 1348.959 1348.736 1348.512 1348.28 1347.768 1347.256 1346.744 1346.231 1345.789 1345.414 1345.039 1344.664 1344.288 1343.919 1343.55 1343.182 1342.813 1342.547 1342.395 1342.243 1342.091 1341.94 1341.928 1341.923 1341.919 1341.914 1341.783 1341.493 1341.203 1340.913 1340.623 1340.458 1340.304 1340.15 1339.996 1339.756
1348.657 1348.759 1348.861 1348.974 1349.154 1349.335 1349.515 1349.696 1349.735 1349.688 1349.641 1349.594 1349.568 1349.723 1349.879 1350.034 1350.19 1350.118 1349.882 1349.647 1349.411 1349.193 1349.215 1349.237 1349.259 1349.281 1349.167 1348.941 1348.715 1348.489 1348.256 1347.796 1347.336 1346.876 1346.416 1346.012 1345.662 1345.312 1344.962 1344.612 1344.262 1343.912 1343.562 1343.211 1342.966 1342.838 1342.709 1342.58 1342.451 1342.446 1342.446 1342.446 1342.446 1342.335 1342.082 1341.829 1341.576 1341.324 1341.129 1340.939 1340.749 1340.559 1340.301
1349.272 1349.407 1349.541 1349.687 1349.905 1350.124 1350.342 1350.56 1350.581 1350.48 1350.379 1350.278 1350.195 1350.275 1350.355 1350.435 1350.514 1350.401 1350.149 1349.898 1349.646 1349.408 1349.371 1349.334 1349.296 1349.259 1349.115 1348.884 1348.653 1348.421 1348.185 1347.79 1347.395 1346.999 1346.604 1346.243 1345.915 1345.586 1345.258 1344.929 1344.601 1344.272 1343.944 1343.615 1343.392 1343.285 1343.177 1343.07 1342.963 1342.959 1342.959 1342.959 1342.959 1342.869 1342.665 1342.461 1342.256 1342.052 1341.816 1341.578 1341.339 1341.101 1340.818
1349.888 1350.054 1350.221 1350.4 1350.656 1350.912 1351.169 1351.425 1351.426 1351.271 1351.116 1350.961 1350.822 1350.826 1350.831 1350.835 1350.839 1350.685 1350.417 1350.149 1349.881 1349.624 1349.527 1349.431 1349.334 1349.237 1349.064 1348.827 1348.59 1348.353 1348.114 1347.783 1347.453 1347.123 1346.792 1346.474 1346.167 1345.86 1345.553 1345.246 1344.94 1344.633 1344.326 1344.019 1343.817 1343.732 1343.646 1343.561 1343.475 1343.471 1343.471 1343.471 1343.471 1343.403 1343.248 1343.092 1342.936 1342.781 1342.504 1342.217 1341.93 1341.643 1341.335
1350.503 1350.702 1350.901 1351.114 1351.407 1351.701 1351.995 1352.289 1352.272 1352.063 1351.854 1351.645 1351.449 1351.378 1351.306 1351.235 1351.163 1350.968 1350.684 1350.4 1350.116 1349.84 1349.684 1349.528 1349.371 1349.215 1349.012 1348.77 1348.527 1348.285 1348.042 1347.777 1347.511 1347.246 1346.98 1346.705 1346.419 1346.134 1345.849 1345.564 1345.278 1344.993 1344.708 1344.423 1344.242 1344.179 1344.115 1344.051 1343.987 1343.984 1343.984 1343.984 1343.984 1343.937 1343.83 1343.723 1343.616 1343.51 1343.192 1342.856 1342.52 1342.185 1341.852
1351.453 1351.671 1351.889 1352.119 1352.421 1352.724 1353.026 1353.328 1353.263 1352.97 1352.678 1352.385 1352.105 1351.934 1351.763 1351.592 1351.42 1351.175 1350.876 1350.578 1350.279 1349.987 1349.789 1349.59 1349.392 1349.193 1348.973 1348.734 1348.495 1348.255 1348.017 1347.812 1347.606 1347.4 1347.194 1346.957 1346.69 1346.423 1346.156 1345.889 1345.622 1345.355 1345.088 1344.82 1344.661 1344.62 1344.58 1344.539 1344.499 1344.497 1344.497 1344.497 1344.497 1344.467 1344.398 1344.329 1344.261 1344.192 1343.857 1343.498 1343.14 1342.781 1342.437
1353.12 1353.327 1353.534 1353.747 1353.995 1354.244 1354.492 1354.741 1354.564 1354.126 1353.688 1353.249 1352.823 1352.5 1352.177 1351.855 1351.532 1351.217 1350.908 1350.599 1350.289 1349.987 1349.783 1349.579 1349.375 1349.171 1348.96 1348.743 1348.525 1348.308 1348.092 1347.935 1347.778 1347.62 1347.463 1347.255 1346.999 1346.743 1346.487 1346.23 1345.974 1345.718 1345.462 1345.205 1345.064 1345.051 1345.037 1345.024 1345.01 1345.01 1345.01 1345.01 1345.01 1344.987 1344.934 1344.882 1344.829 1344.777 1344.473 1344.146 1343.82 1343.494 1343.165
