data/zism_data/00516_04_D.txt
ncols         224
nrows         224
[rows 56 to 83 of 224, columns 63 to 125 of 224]
1649.786 1649.786 1649.786 1649.786 1649.786 1649.786 1649.786 1649.786 1649.757 1649.606 1649.454 1649.302 1649.15 1649.232 1649.446 1649.661 1649.875 1650.093 1650.344 1650.595 1650.847 1651.098 1651.492 1652.01 1652.528 1653.046 1653.564 1653.907 1654.247 1654.587 1654.927 1655.251 1655.555 1655.858 1656.162 1656.465 1656.505 1656.511 1656.516 1656.521 1656.579 1656.741 1656.903 1657.066 1657.228 1657.415 1657.608 1657.802 1657.995 1658.283 1658.885 1659.487 1660.088 1660.69 1660.86 1660.829 1660.797 1660.766 1660.65 1659.97 1659.29 1658.609 1657.929
1650.011 1650.01 1650.01 1650.009 1650.007 1650.005 1650.003 1650.001 1649.959 1649.74 1649.522 1649.304 1649.085 1649.146 1649.364 1649.582 1649.801 1650.019 1650.237 1650.456 1650.674 1650.892 1651.308 1651.895 1652.482 1653.069 1653.656 1654.028 1654.396 1654.765 1655.133 1655.501 1655.87 1656.238 1656.606 1656.974 1657.084 1657.16 1657.235 1657.311 1657.435 1657.656 1657.876 1658.097 1658.317 1658.48 1658.626 1658.773 1658.919 1659.167 1659.751 1660.335 1660.919 1661.503 1661.638 1661.564 1661.489 1661.414 1661.253 1660.521 1659.788 1659.055 1658.323
1650.393 1650.365 1650.337 1650.31 1650.253 1650.187 1650.12 1650.054 1649.968 1649.798 1649.628 1649.458 1649.288 1649.335 1649.505 1649.675 1649.845 1650.015 1650.185 1650.355 1650.524 1650.694 1651.105 1651.724 1652.344 1652.963 1653.582 1654.028 1654.472 1654.916 1655.36 1655.801 1656.239 1656.678 1657.116 1657.554 1657.748 1657.91 1658.072 1658.234 1658.424 1658.671 1658.919 1659.166 1659.414 1659.582 1659.729 1659.875 1660.022 1660.253 1660.767 1661.281 1661.795 1662.309 1662.385 1662.257 1662.128 1662.0 1661.792 1661.053 1660.315 1659.577 1658.839
1650.774 1650.72 1650.665 1650.611 1650.5 1650.368 1650.237 1650.106 1649.977 1649.856 1649.734 1649.613 1649.491 1649.525 1649.646 1649.768 1649.889 1650.011 1650.132 1650.253 1650.375 1650.496 1650.902 1651.554 1652.205 1652.857 1653.508 1654.029 1654.548 1655.068 1655.587 1656.101 1656.609 1657.117 1657.626 1658.134 1658.412 1658.66 1658.908 1659.156 1659.413 1659.687 1659.961 1660.236 1660.51 1660.684 1660.831 1660.977 1661.124 1661.339 1661.783 1662.227 1662.671 1663.115 1663.133 1662.95 1662.768 1662.585 1662.33 1661.586 1660.843 1660.099 1659.356
1651.156 1651.075 1650.993 1650.911 1650.746 1650.55 1650.354 1650.159 1649.986 1649.913 1649.84 1649.767 1649.694 1649.714 1649.787 1649.86 1649.933 1650.006 1650.079 1650.152 1650.225 1650.298 1650.699 1651.383 1652.067 1652.75 1653.434 1654.03 1654.624 1655.219 1655.813 1656.401 1656.979 1657.557 1658.135 1658.714 1659.076 1659.41 1659.744 1660.078 1660.401 1660.703 1661.004 1661.305 1661.606 1661.787 1661.933 1662.08 1662.226 1662.425 1662.799 1663.173 1663.547 1663.922 1663.88 1663.644 1663.407 1663.171 1662.868 1662.119 1661.37 1660.621 1659.873
1651.538 1651.429 1651.321 1651.212 1650.992 1650.732 1650.471 1650.211 1649.995 1649.971 1649.946 1649.922 1649.897 1649.904 1649.928 1649.953 1649.978 1650.002 1650.027 1650.051 1650.076 1650.1 1650.496 1651.212 1651.928 1652.644 1653.36 1654.031 1654.701 1655.37 1656.04 1656.701 1657.349 1657.997 1658.645 1659.293 1659.74 1660.16 1660.58 1661.0 1661.39 1661.718 1662.046 1662.375 1662.703 1662.889 1663.035 1663.182 1663.328 1663.511 1663.815 1664.12 1664.424 1664.728 1664.627 1664.337 1664.047 1663.757 1663.406 1662.652 1661.898 1661.143 1660.389
1651.989 1651.832 1651.676 1651.519 1651.238 1650.913 1650.588 1650.264 1650.0 1650.0 1650.0 1650.0 1650.0 1650.0 1650.0 1650.0 1650.0 1650.0 1650.0 1650.0 1650.0 1650.0 1650.379 1651.084 1651.79 1652.496 1653.202 1653.955 1654.708 1655.461 1656.214 1656.95 1657.663 1658.376 1659.089 1659.801 1660.32 1660.813 1661.306 1661.799 1662.254 1662.633 1663.012 1663.391 1663.77 1663.971 1664.123 1664.275 1664.426 1664.599 1664.838 1665.077 1665.317 1665.556 1665.409 1665.081 1664.753 1664.425 1664.043 1663.302 1662.561 1661.82 1661.079
1652.511 1652.284 1652.058 1651.831 1651.484 1651.095 1650.705 1650.316 1650.0 1650.0 1650.0 1650.0 1650.0 1650.0 1650.0 1650.0 1650.0 1650.0 1650.0 1650.0 1650.0 1650.0 1650.35 1651.002 1651.654 1652.306 1652.958 1653.8 1654.645 1655.49 1656.334 1657.147 1657.919 1658.691 1659.463 1660.235 1660.813 1661.365 1661.918 1662.47 1662.99 1663.444 1663.898 1664.352 1664.807 1665.033 1665.195 1665.358 1665.521 1665.687 1665.867 1666.047 1666.228 1666.408 1666.227 1665.878 1665.528 1665.179 1664.782 1664.073 1663.365 1662.656 1661.948
1653.033 1652.736 1652.44 1652.143 1651.73 1651.276 1650.822 1650.368 1650.0 1650.0 1650.0 1650.0 1650.0 1650.0 1650.0 1650.0 1650.0 1650.0 1650.0 1650.0 1650.0 1650.0 1650.321 1650.919 1651.517 1652.116 1652.714 1653.645 1654.582 1655.518 1656.454 1657.344 1658.176 1659.007 1659.838 1660.669 1661.306 1661.918 1662.529 1663.141 1663.725 1664.255 1664.784 1665.314 1665.844 1666.094 1666.268 1666.441 1666.615 1666.776 1666.897 1667.018 1667.139 1667.26 1667.045 1666.674 1666.303 1665.932 1665.521 1664.845 1664.168 1663.492 1662.816
1653.555 1653.188 1652.822 1652.456 1651.977 1651.458 1650.939 1650.421 1650.0 1650.0 1650.0 1650.0 1650.0 1650.0 1650.0 1650.0 1650.0 1650.0 1650.0 1650.0 1650.0 1650.0 1650.292 1650.836 1651.381 1651.925 1652.47 1653.491 1654.518 1655.546 1656.574 1657.542 1658.432 1659.323 1660.213 1661.103 1661.8 1662.47 1663.141 1663.812 1664.46 1665.065 1665.671 1666.276 1666.881 1667.156 1667.34 1667.524 1667.708 1667.864 1667.926 1667.988 1668.05 1668.111 1667.864 1667.471 1667.078 1666.686 1666.26 1665.616 1664.972 1664.328 1663.684
1654.077 1653.641 1653.204 1652.768 1652.223 1651.64 1651.057 1650.473 1650.0 1650.0 1650.0 1650.0 1650.0 1650.0 1650.0 1650.0 1650.0 1650.0 1650.0 1650.0 1650.0 1650.0 1650.263 1650.754 1651.244 1651.735 1652.226 1653.336 1654.455 1655.574 1656.693 1657.739 1658.689 1659.638 1660.588 1661.537 1662.293 1663.023 1663.753 1664.483 1665.196 1665.876 1666.557 1667.237 1667.917 1668.218 1668.413 1668.608 1668.802 1668.953 1668.955 1668.958 1668.96 1668.963 1668.682 1668.268 1667.853 1667.439 1666.999 1666.388 1665.776 1665.164 1664.552
1654.602 1654.116 1653.631 1653.145 1652.562 1651.945 1651.328 1650.712 1650.202 1650.156 1650.109 1650.063 1650.017 1650.0 1650.0 1650.0 1650.0 1650.0 1650.0 1650.0 1650.0 1650.0 1650.281 1650.806 1651.33 1651.854 1652.379 1653.534 1654.698 1655.862 1657.027 1658.112 1659.095 1660.079 1661.062 1662.045 1662.847 1663.626 1664.405 1665.184 1665.939 1666.649 1667.358 1668.068 1668.777 1669.161 1669.454 1669.747 1670.04 1670.258 1670.227 1670.196 1670.165 1670.135 1669.817 1669.366 1668.915 1668.464 1668.005 1667.492 1666.98 1666.467 1665.955
1655.128 1654.593 1654.059 1653.525 1652.906 1652.256 1651.607 1650.958 1650.413 1650.319 1650.224 1650.129 1650.034 1650.0 1650.0 1650.0 1650.0 1650.0 1650.0 1650.0 1650.0 1650.0 1650.301 1650.863 1651.425 1651.987 1652.549 1653.748 1654.955 1656.162 1657.37 1658.494 1659.509 1660.525 1661.54 1662.555 1663.404 1664.232 1665.059 1665.886 1666.683 1667.419 1668.156 1668.892 1669.628 1670.098 1670.493 1670.889 1671.284 1671.573 1671.51 1671.447 1671.384 1671.321 1670.967 1670.479 1669.99 1669.501 1669.022 1668.612 1668.202 1667.792 1667.381
1655.653 1655.07 1654.488 1653.905 1653.249 1652.568 1651.886 1651.205 1650.625 1650.482 1650.338 1650.195 1650.052 1650.0 1650.0 1650.0 1650.0 1650.0 1650.0 1650.0 1650.0 1650.0 1650.322 1650.921 1651.521 1652.121 1652.72 1653.961 1655.212 1656.462 1657.713 1658.875 1659.923 1660.971 1662.018 1663.066 1663.962 1664.837 1665.713 1666.589 1667.427 1668.19 1668.953 1669.717 1670.48 1671.035 1671.533 1672.031 1672.528 1672.888 1672.793 1672.698 1672.602 1672.507 1672.117 1671.591 1671.064 1670.538 1670.04 1669.732 1669.424 1669.116 1668.808
1656.178 1655.547 1654.916 1654.285 1653.593 1652.879 1652.165 1651.452 1650.836 1650.644 1650.453 1650.261 1650.069 1650.0 1650.0 1650.0 1650.0 1650.0 1650.0 1650.0 1650.0 1650.0 1650.342 1650.979 1651.617 1652.254 1652.891 1654.175 1655.469 1656.762 1658.056 1659.257 1660.337 1661.417 1662.497 1663.577 1664.519 1665.443 1666.367 1667.291 1668.171 1668.961 1669.751 1670.541 1671.331 1671.973 1672.573 1673.172 1673.772 1674.204 1674.076 1673.948 1673.82 1673.693 1673.268 1672.703 1672.139 1671.575 1671.058 1670.852 1670.646 1670.44 1670.234
1656.748 1656.086 1655.425 1654.763 1654.058 1653.336 1652.615 1651.894 1651.263 1651.021 1650.778 1650.536 1650.294 1650.177 1650.132 1650.087 1650.041 1650.001 1650.015 1650.028 1650.042 1650.055 1650.425 1651.102 1651.78 1652.457 1653.134 1654.446 1655.766 1657.087 1658.408 1659.641 1660.76 1661.879 1662.998 1664.117 1665.109 1666.084 1667.059 1668.033 1668.959 1669.785 1670.611 1671.437 1672.263 1672.962 1673.626 1674.29 1674.953 1675.434 1675.308 1675.182 1675.056 1674.929 1674.502 1673.935 1673.367 1672.799 1672.284 1672.126 1671.969 1671.811 1671.653
1657.378 1656.711 1656.044 1655.377 1654.69 1653.996 1653.301 1652.607 1651.988 1651.692 1651.396 1651.099 1650.803 1650.598 1650.445 1650.292 1650.14 1650.004 1650.05 1650.096 1650.142 1650.188 1650.595 1651.315 1652.036 1652.756 1653.476 1654.794 1656.12 1657.446 1658.772 1660.03 1661.197 1662.365 1663.532 1664.7 1665.744 1666.773 1667.802 1668.83 1669.807 1670.682 1671.557 1672.431 1673.306 1674.024 1674.698 1675.373 1676.047 1676.547 1676.47 1676.392 1676.314 1676.237 1675.854 1675.33 1674.805 1674.28 1673.799 1673.615 1673.43 1673.245 1673.061
1658.008 1657.335 1656.663 1655.991 1655.322 1654.655 1653.987 1653.32 1652.713 1652.363 1652.012 1651.662 1651.313 1651.02 1650.759 1650.498 1650.238 1650.007 1650.085 1650.163 1650.241 1650.319 1650.765 1651.528 1652.292 1653.055 1653.819 1655.142 1656.474 1657.805 1659.137 1660.418 1661.634 1662.85 1664.066 1665.282 1666.38 1667.462 1668.545 1669.627 1670.656 1671.579 1672.502 1673.426 1674.349 1675.085 1675.771 1676.456 1677.141 1677.661 1677.632 1677.602 1677.573 1677.544 1677.206 1676.725 1676.243 1675.761 1675.314 1675.103 1674.891 1674.68 1674.468
1658.637 1657.96 1657.282 1656.604 1655.954 1655.314 1654.673 1654.033 1653.437 1653.033 1652.63 1652.226 1651.822 1651.441 1651.073 1650.704 1650.336 1650.01 1650.12 1650.23 1650.341 1650.451 1650.935 1651.742 1652.548 1653.355 1654.161 1655.49 1656.827 1658.164 1659.501 1660.807 1662.071 1663.335 1664.6 1665.864 1667.015 1668.151 1669.288 1670.424 1671.505 1672.477 1673.448 1674.42 1675.391 1676.147 1676.843 1677.539 1678.235 1678.774 1678.794 1678.813 1678.832 1678.851 1678.558 1678.12 1677.681 1677.242 1676.83 1676.591 1676.353 1676.114 1675.875
1659.267 1658.584 1657.901 1657.218 1656.587 1655.973 1655.359 1654.746 1654.162 1653.704 1653.247 1652.789 1652.331 1651.862 1651.386 1650.91 1650.434 1650.012 1650.155 1650.298 1650.441 1650.583 1651.105 1651.955 1652.804 1653.654 1654.503 1655.839 1657.181 1658.523 1659.865 1661.195 1662.508 1663.821 1665.133 1666.446 1667.651 1668.841 1670.031 1671.221 1672.354 1673.374 1674.394 1675.414 1676.434 1677.209 1677.916 1678.622 1679.329 1679.888 1679.955 1680.023 1680.091 1680.158 1679.91 1679.515 1679.119 1678.723 1678.345 1678.079 1677.814 1677.548 1677.283
1659.984 1659.296 1658.607 1657.919 1657.291 1656.686 1656.08 1655.474 1654.886 1654.369 1653.853 1653.337 1652.821 1652.35 1651.904 1651.459 1651.013 1650.621 1650.791 1650.962 1651.132 1651.302 1651.857 1652.745 1653.633 1654.521 1655.409 1656.693 1657.984 1659.275 1660.565 1661.839 1663.091 1664.343 1665.594 1666.846 1668.057 1669.263 1670.469 1671.675 1672.835 1673.903 1674.972 1676.04 1677.109 1677.954 1678.739 1679.523 1680.307 1680.936 1681.052 1681.168 1681.285 1681.401 1681.204 1680.861 1680.518 1680.175 1679.841 1679.567 1679.294 1679.021 1678.747
1660.712 1660.018 1659.324 1658.63 1658.006 1657.405 1656.805 1656.205 1655.609 1655.034 1654.458 1653.883 1653.308 1652.846 1652.449 1652.052 1651.655 1651.309 1651.507 1651.704 1651.901 1652.098 1652.686 1653.611 1654.537 1655.463 1656.388 1657.615 1658.846 1660.078 1661.309 1662.517 1663.693 1664.87 1666.046 1667.223 1668.434 1669.651 1670.868 1672.084 1673.268 1674.385 1675.501 1676.618 1677.735 1678.659 1679.529 1680.399 1681.27 1681.976 1682.141 1682.305 1682.47 1682.634 1682.49 1682.201 1681.911 1681.622 1681.334 1681.056 1680.777 1680.498 1680.219
1661.44 1660.741 1660.041 1659.342 1658.72 1658.125 1657.53 1656.935 1656.333 1655.698 1655.064 1654.429 1653.795 1653.342 1652.994 1652.645 1652.296 1651.998 1652.222 1652.446 1652.67 1652.894 1653.515 1654.478 1655.441 1656.404 1657.367 1658.536 1659.709 1660.881 1662.053 1663.194 1664.295 1665.396 1666.498 1667.599 1668.811 1670.039 1671.266 1672.494 1673.7 1674.865 1676.031 1677.196 1678.361 1679.363 1680.319 1681.276 1682.232 1683.016 1683.229 1683.442 1683.655 1683.868 1683.776 1683.54 1683.305 1683.07 1682.828 1682.544 1682.26 1681.975 1681.691
1662.168 1661.463 1660.759 1660.054 1659.434 1658.845 1658.255 1657.666 1657.057 1656.363 1655.669 1654.975 1654.281 1653.839 1653.538 1653.238 1652.938 1652.686 1652.937 1653.188 1653.439 1653.69 1654.343 1655.344 1656.345 1657.346 1658.347 1659.458 1660.571 1661.684 1662.797 1663.872 1664.898 1665.923 1666.949 1667.975 1669.188 1670.427 1671.665 1672.903 1674.133 1675.347 1676.56 1677.774 1678.988 1680.067 1681.11 1682.152 1683.195 1684.056 1684.318 1684.579 1684.841 1685.102 1685.062 1684.88 1684.698 1684.517 1684.321 1684.032 1683.742 1683.453 1683.163
1662.93 1662.22 1661.51 1660.8 1660.165 1659.556 1658.948 1658.339 1657.71 1656.989 1656.267 1655.546 1654.825 1654.416 1654.185 1653.954 1653.723 1653.536 1653.812 1654.088 1654.364 1654.64 1655.312 1656.326 1657.34 1658.354 1659.369 1660.422 1661.476 1662.529 1663.583 1664.595 1665.553 1666.511 1667.469 1668.427 1669.644 1670.894 1672.145 1673.396 1674.643 1675.883 1677.122 1678.362 1679.602 1680.74 1681.85 1682.96 1684.07 1684.998 1685.325 1685.651 1685.978 1686.305 1686.325 1686.201 1686.077 1685.953 1685.805 1685.501 1685.197 1684.892 1684.588
1663.755 1663.04 1662.325 1661.609 1660.925 1660.252 1659.579 1658.906 1658.23 1657.541 1656.852 1656.163 1655.474 1655.146 1655.023 1654.899 1654.776 1654.689 1654.986 1655.284 1655.582 1655.879 1656.544 1657.526 1658.508 1659.489 1660.471 1661.466 1662.46 1663.455 1664.449 1665.405 1666.309 1667.213 1668.117 1669.021 1670.246 1671.513 1672.78 1674.047 1675.299 1676.523 1677.746 1678.97 1680.193 1681.353 1682.495 1683.638 1684.78 1685.755 1686.179 1686.603 1687.026 1687.45 1687.544 1687.485 1687.425 1687.366 1687.27 1686.934 1686.597 1686.261 1685.924
1664.581 1663.861 1663.14 1662.419 1661.686 1660.948 1660.211 1659.473 1658.751 1658.094 1657.437 1656.781 1656.124 1655.876 1655.86 1655.844 1655.828 1655.842 1656.161 1656.48 1656.799 1657.118 1657.776 1658.725 1659.675 1660.624 1661.574 1662.51 1663.445 1664.38 1665.316 1666.214 1667.064 1667.914 1668.765 1669.615 1670.848 1672.131 1673.414 1674.697 1675.955 1677.162 1678.37 1679.577 1680.785 1681.966 1683.141 1684.315 1685.49 1686.513 1687.033 1687.554 1688.074 1688.594 1688.764 1688.769 1688.774 1688.779 1688.736 1688.367 1687.998 1687.629 1687.26
1665.407 1664.681 1663.955 1663.229 1662.446 1661.644 1660.842 1660.04 1659.271 1658.647 1658.022 1657.398 1656.774 1656.606 1656.698 1656.79 1656.881 1656.995 1657.336 1657.676 1658.017 1658.358 1659.007 1659.925 1660.842 1661.759 1662.677 1663.553 1664.43 1665.306 1666.182 1667.023 1667.82 1668.616 1669.413 1670.209 1671.45 1672.749 1674.048 1675.348 1676.611 1677.802 1678.994 1680.185 1681.376 1682.579 1683.786 1684.993 1686.2 1687.27 1687.887 1688.505 1689.122 1689.739 1689.984 1690.053 1690.123 1690.193 1690.201 1689.8 1689.399 1688.998 1688.597
