data/zism_data/00513_03_D.txt
ncols         224
nrows         224
[rows 168 to 195 of 224, columns 126 to 188 of 224]
1308.219 1308.259 1308.285 1308.311 1308.337 1308.382 1308.48 1308.578 1308.677 1308.775 1308.674 1308.497 1308.32 1308.143 1307.961 1307.753 1307.545 1307.336 1307.128 1306.966 1306.828 1306.689 1306.551 1306.392 1306.077 1305.762 1305.447 1305.132 1304.787 1304.42 1304.052 1303.685 1303.323 1303.081 1302.84 1302.598 1302.357 1302.099 1301.827 1301.554 1301.281 1301.008 1300.786 1300.566 1300.345 1300.125 1300.0 1300.0 1300.0 1300.0 1300.0 1300.0 1300.0 1300.0 1300.0 1300.0 1300.0 1300.0 1300.0 1300.0 1300.0 1300.0 1300.0
1308.372 1308.418 1308.46 1308.503 1308.545 1308.582 1308.605 1308.628 1308.651 1308.673 1308.571 1308.421 1308.271 1308.122 1307.954 1307.708 1307.462 1307.216 1306.971 1306.798 1306.666 1306.533 1306.4 1306.25 1305.967 1305.684 1305.401 1305.119 1304.787 1304.42 1304.052 1303.685 1303.324 1303.115 1302.906 1302.697 1302.487 1302.229 1301.924 1301.619 1301.314 1301.009 1300.786 1300.566 1300.345 1300.125 1300.0 1300.0 1300.0 1300.0 1300.0 1300.0 1300.0 1300.0 1300.0 1300.0 1300.0 1300.0 1300.0 1300.0 1300.0 1300.0 1300.0
1308.525 1308.577 1308.636 1308.694 1308.753 1308.782 1308.73 1308.677 1308.625 1308.572 1308.469 1308.346 1308.223 1308.1 1307.947 1307.663 1307.38 1307.096 1306.813 1306.631 1306.504 1306.376 1306.249 1306.107 1305.856 1305.606 1305.356 1305.105 1304.787 1304.42 1304.052 1303.685 1303.326 1303.149 1302.972 1302.795 1302.618 1302.36 1302.022 1301.685 1301.347 1301.01 1300.786 1300.566 1300.345 1300.125 1300.0 1300.0 1300.0 1300.0 1300.0 1300.0 1300.0 1300.0 1300.0 1300.0 1300.0 1300.0 1300.0 1300.0 1300.0 1300.0 1300.0
1308.688 1308.744 1308.815 1308.886 1308.957 1308.977 1308.853 1308.729 1308.606 1308.482 1308.375 1308.274 1308.172 1308.071 1307.93 1307.613 1307.296 1306.979 1306.662 1306.472 1306.349 1306.226 1306.103 1305.969 1305.746 1305.523 1305.301 1305.078 1304.773 1304.409 1304.045 1303.681 1303.327 1303.177 1303.027 1302.878 1302.728 1302.469 1302.103 1301.737 1301.371 1301.005 1300.782 1300.563 1300.343 1300.124 1300.0 1300.0 1300.0 1300.0 1300.0 1300.0 1300.0 1300.0 1300.0 1300.0 1300.0 1300.0 1300.0 1300.0 1300.002 1300.004 1300.007
1308.981 1309.007 1309.04 1309.073 1309.106 1309.094 1308.955 1308.815 1308.675 1308.535 1308.392 1308.248 1308.104 1307.96 1307.787 1307.492 1307.197 1306.901 1306.606 1306.42 1306.291 1306.163 1306.035 1305.892 1305.637 1305.382 1305.127 1304.872 1304.581 1304.266 1303.951 1303.635 1303.325 1303.138 1302.95 1302.763 1302.576 1302.309 1301.964 1301.62 1301.276 1300.931 1300.724 1300.521 1300.318 1300.115 1300.0 1300.0 1300.0 1300.0 1300.0 1300.0 1300.0 1300.0 1300.0 1300.0 1300.0 1300.0 1300.0 1300.0 1300.029 1300.063 1300.098
1309.274 1309.27 1309.266 1309.261 1309.256 1309.212 1309.056 1308.9 1308.745 1308.589 1308.41 1308.223 1308.036 1307.848 1307.645 1307.371 1307.097 1306.823 1306.55 1306.367 1306.234 1306.1 1305.966 1305.815 1305.527 1305.24 1304.953 1304.665 1304.39 1304.123 1303.856 1303.589 1303.324 1303.099 1302.873 1302.648 1302.423 1302.149 1301.826 1301.503 1301.18 1300.858 1300.667 1300.48 1300.293 1300.106 1300.0 1300.0 1300.0 1300.0 1300.0 1300.0 1300.0 1300.0 1300.0 1300.0 1300.0 1300.0 1300.0 1300.0 1300.055 1300.122 1300.189
1309.567 1309.533 1309.491 1309.449 1309.406 1309.33 1309.158 1308.986 1308.814 1308.642 1308.428 1308.197 1307.967 1307.737 1307.502 1307.25 1306.998 1306.746 1306.493 1306.315 1306.176 1306.037 1305.898 1305.738 1305.418 1305.099 1304.779 1304.459 1304.198 1303.98 1303.761 1303.542 1303.322 1303.059 1302.797 1302.534 1302.271 1301.989 1301.688 1301.386 1301.085 1300.784 1300.609 1300.438 1300.267 1300.097 1300.0 1300.0 1300.0 1300.0 1300.0 1300.0 1300.0 1300.0 1300.0 1300.0 1300.0 1300.0 1300.0 1300.0 1300.082 1300.181 1300.28
1309.86 1309.796 1309.716 1309.636 1309.556 1309.448 1309.26 1309.072 1308.883 1308.695 1308.445 1308.172 1307.899 1307.625 1307.36 1307.129 1306.898 1306.668 1306.437 1306.263 1306.118 1305.974 1305.829 1305.661 1305.309 1304.957 1304.605 1304.253 1304.006 1303.836 1303.666 1303.496 1303.32 1303.02 1302.719 1302.419 1302.119 1301.829 1301.549 1301.269 1300.99 1300.71 1300.552 1300.397 1300.242 1300.087 1300.0 1300.0 1300.0 1300.0 1300.0 1300.0 1300.0 1300.0 1300.0 1300.0 1300.0 1300.0 1300.0 1300.0 1300.109 1300.24 1300.372
1310.115 1310.025 1309.913 1309.801 1309.689 1309.553 1309.345 1309.138 1308.931 1308.724 1308.466 1308.189 1307.912 1307.635 1307.368 1307.148 1306.927 1306.707 1306.486 1306.303 1306.139 1305.975 1305.812 1305.624 1305.257 1304.889 1304.522 1304.154 1303.915 1303.768 1303.621 1303.474 1303.319 1302.995 1302.671 1302.347 1302.023 1301.721 1301.44 1301.16 1300.879 1300.598 1300.464 1300.334 1300.204 1300.073 1300.0 1300.0 1300.0 1300.0 1300.0 1300.0 1300.0 1300.0 1300.0 1300.018 1300.069 1300.119 1300.17 1300.22 1300.546 1300.928 1301.311
1310.334 1310.224 1310.085 1309.946 1309.807 1309.645 1309.416 1309.187 1308.958 1308.73 1308.489 1308.245 1308.0 1307.755 1307.515 1307.294 1307.074 1306.853 1306.633 1306.428 1306.232 1306.036 1305.84 1305.624 1305.257 1304.889 1304.522 1304.154 1303.915 1303.768 1303.621 1303.474 1303.319 1302.984 1302.649 1302.314 1301.98 1301.661 1301.359 1301.057 1300.755 1300.453 1300.349 1300.251 1300.153 1300.055 1300.0 1300.0 1300.0 1300.0 1300.0 1300.0 1300.0 1300.0 1300.0 1300.053 1300.201 1300.348 1300.496 1300.643 1301.359 1302.194 1303.029
1310.554 1310.422 1310.256 1310.09 1309.924 1309.737 1309.486 1309.236 1308.986 1308.736 1308.513 1308.3 1308.088 1307.875 1307.661 1307.441 1307.22 1307.0 1306.779 1306.554 1306.325 1306.097 1305.869 1305.624 1305.257 1304.889 1304.522 1304.154 1303.915 1303.768 1303.621 1303.474 1303.318 1302.973 1302.627 1302.282 1301.936 1301.602 1301.278 1300.954 1300.63 1300.307 1300.234 1300.168 1300.103 1300.037 1300.0 1300.0 1300.0 1300.0 1300.0 1300.0 1300.0 1300.0 1300.0 1300.089 1300.333 1300.577 1300.821 1301.066 1302.172 1303.459 1304.746
1310.774 1310.62 1310.427 1310.235 1310.042 1309.829 1309.557 1309.285 1309.013 1308.741 1308.536 1308.356 1308.176 1307.995 1307.808 1307.587 1307.367 1307.146 1306.926 1306.679 1306.419 1306.158 1305.897 1305.624 1305.257 1304.889 1304.522 1304.154 1303.915 1303.768 1303.621 1303.474 1303.318 1302.962 1302.605 1302.249 1301.892 1301.542 1301.197 1300.851 1300.506 1300.161 1300.118 1300.085 1300.052 1300.019 1300.0 1300.0 1300.0 1300.0 1300.0 1300.0 1300.0 1300.0 1300.0 1300.124 1300.465 1300.806 1301.147 1301.488 1302.984 1304.724 1306.463
1310.994 1310.818 1310.599 1310.379 1310.16 1309.921 1309.627 1309.334 1309.041 1308.747 1308.559 1308.412 1308.264 1308.116 1307.954 1307.734 1307.513 1307.293 1307.072 1306.805 1306.512 1306.219 1305.926 1305.624 1305.257 1304.889 1304.522 1304.154 1303.915 1303.768 1303.621 1303.474 1303.317 1302.95 1302.583 1302.216 1301.849 1301.482 1301.115 1300.748 1300.382 1300.015 1300.003 1300.002 1300.001 1300.0 1300.0 1300.0 1300.0 1300.0 1300.0 1300.0 1300.0 1300.0 1300.0 1300.159 1300.597 1301.035 1301.473 1301.911 1303.797 1305.989 1308.18
1311.152 1310.971 1310.755 1310.54 1310.325 1310.095 1309.822 1309.549 1309.276 1309.003 1308.802 1308.629 1308.456 1308.283 1308.098 1307.862 1307.625 1307.389 1307.153 1306.893 1306.62 1306.347 1306.074 1305.791 1305.434 1305.077 1304.72 1304.363 1304.101 1303.907 1303.713 1303.519 1303.317 1302.95 1302.583 1302.215 1301.848 1301.48 1301.113 1300.745 1300.378 1300.011 1300.0 1300.0 1300.0 1300.0 1300.0 1300.0 1300.0 1300.0 1300.0 1300.0 1300.0 1300.0 1300.0 1300.343 1301.291 1302.239 1303.187 1304.135 1306.686 1309.576 1312.465
1311.308 1311.121 1310.912 1310.702 1310.492 1310.271 1310.02 1309.768 1309.517 1309.265 1309.051 1308.851 1308.651 1308.451 1308.241 1307.989 1307.737 1307.484 1307.232 1306.98 1306.729 1306.477 1306.226 1305.963 1305.617 1305.271 1304.925 1304.579 1304.293 1304.05 1303.808 1303.565 1303.317 1302.95 1302.583 1302.215 1301.848 1301.48 1301.113 1300.745 1300.378 1300.011 1300.0 1300.0 1300.0 1300.0 1300.0 1300.0 1300.0 1300.0 1300.0 1300.0 1300.0 1300.0 1300.0 1300.533 1302.002 1303.472 1304.942 1306.412 1309.637 1313.231 1316.826
1311.464 1311.272 1311.068 1310.863 1310.659 1310.448 1310.218 1309.988 1309.758 1309.528 1309.3 1309.073 1308.846 1308.619 1308.385 1308.116 1307.848 1307.579 1307.311 1307.068 1306.838 1306.608 1306.378 1306.135 1305.8 1305.465 1305.129 1304.794 1304.484 1304.193 1303.902 1303.612 1303.317 1302.95 1302.583 1302.215 1301.848 1301.48 1301.113 1300.745 1300.378 1300.011 1300.0 1300.0 1300.0 1300.0 1300.0 1300.0 1300.0 1300.0 1300.0 1300.0 1300.0 1300.0 1300.0 1300.722 1302.714 1304.706 1306.698 1308.689 1312.588 1316.887 1321.187
1311.621 1311.423 1311.224 1311.025 1310.826 1310.624 1310.416 1310.207 1309.999 1309.791 1309.549 1309.295 1309.042 1308.788 1308.528 1308.244 1307.959 1307.674 1307.39 1307.155 1306.947 1306.738 1306.53 1306.308 1305.983 1305.658 1305.334 1305.009 1304.676 1304.337 1303.997 1303.658 1303.317 1302.95 1302.583 1302.215 1301.848 1301.48 1301.113 1300.745 1300.378 1300.011 1300.0 1300.0 1300.0 1300.0 1300.0 1300.0 1300.0 1300.0 1300.0 1300.0 1300.0 1300.0 1300.0 1300.911 1303.425 1305.939 1308.453 1310.967 1315.538 1320.543 1325.548
1311.832 1311.626 1311.421 1311.216 1311.011 1310.809 1310.613 1310.417 1310.221 1310.025 1309.772 1309.499 1309.224 1308.951 1308.674 1308.387 1308.1 1307.813 1307.526 1307.289 1307.079 1306.87 1306.66 1306.438 1306.12 1305.801 1305.483 1305.165 1304.818 1304.45 1304.083 1303.716 1303.348 1302.981 1302.613 1302.246 1301.878 1301.511 1301.144 1300.776 1300.409 1300.041 1300.024 1300.017 1300.011 1300.004 1300.0 1300.0 1300.0 1300.0 1300.0 1299.994 1299.987 1299.98 1299.974 1301.022 1303.93 1306.837 1309.744 1312.651 1317.816 1323.455 1329.095
1312.118 1311.902 1311.676 1311.449 1311.223 1311.004 1310.808 1310.612 1310.416 1310.22 1309.96 1309.675 1309.391 1309.106 1308.824 1308.553 1308.282 1308.011 1307.74 1307.488 1307.246 1307.004 1306.762 1306.511 1306.193 1305.875 1305.556 1305.238 1304.891 1304.524 1304.156 1303.789 1303.421 1303.054 1302.687 1302.319 1301.952 1301.584 1301.217 1300.849 1300.482 1300.115 1300.082 1300.059 1300.036 1300.013 1300.0 1300.0 1300.0 1300.0 1300.0 1299.979 1299.956 1299.933 1299.911 1301.027 1304.15 1307.272 1310.395 1313.517 1319.164 1325.342 1331.519
1312.405 1312.178 1311.93 1311.682 1311.434 1311.199 1311.003 1310.807 1310.612 1310.416 1310.147 1309.852 1309.557 1309.261 1308.973 1308.718 1308.464 1308.209 1307.954 1307.686 1307.412 1307.138 1306.864 1306.585 1306.266 1305.948 1305.63 1305.311 1304.964 1304.597 1304.229 1303.862 1303.495 1303.127 1302.76 1302.392 1302.025 1301.658 1301.29 1300.923 1300.555 1300.188 1300.139 1300.1 1300.061 1300.022 1300.0 1300.0 1300.0 1300.0 1300.0 1299.965 1299.926 1299.887 1299.848 1301.032 1304.37 1307.708 1311.045 1314.383 1320.512 1327.228 1333.944
1312.691 1312.454 1312.184 1311.915 1311.645 1311.395 1311.199 1311.003 1310.807 1310.611 1310.335 1310.029 1309.723 1309.416 1309.123 1308.884 1308.645 1308.407 1308.168 1307.885 1307.579 1307.272 1306.966 1306.658 1306.34 1306.021 1305.703 1305.384 1305.038 1304.67 1304.303 1303.935 1303.568 1303.201 1302.833 1302.466 1302.098 1301.731 1301.363 1300.996 1300.629 1300.261 1300.197 1300.142 1300.086 1300.031 1300.0 1300.0 1300.0 1300.0 1300.0 1299.95 1299.895 1299.84 1299.785 1301.037 1304.59 1308.143 1311.696 1315.249 1321.86 1329.114 1336.369
1312.978 1312.73 1312.439 1312.148 1311.856 1311.59 1311.394 1311.198 1311.002 1310.806 1310.523 1310.206 1309.889 1309.572 1309.272 1309.05 1308.827 1308.605 1308.382 1308.084 1307.745 1307.406 1307.068 1306.731 1306.413 1306.094 1305.776 1305.458 1305.111 1304.743 1304.376 1304.009 1303.641 1303.274 1302.906 1302.539 1302.172 1301.804 1301.437 1301.069 1300.702 1300.334 1300.255 1300.183 1300.112 1300.04 1300.0 1300.0 1300.0 1300.0 1300.0 1299.936 1299.865 1299.793 1299.722 1301.042 1304.81 1308.578 1312.347 1316.115 1323.208 1331.001 1338.793
1313.209 1312.968 1312.688 1312.408 1312.128 1311.865 1311.651 1311.436 1311.221 1311.007 1310.71 1310.382 1310.055 1309.727 1309.422 1309.215 1309.009 1308.803 1308.596 1308.298 1307.95 1307.603 1307.255 1306.91 1306.582 1306.254 1305.926 1305.599 1305.248 1304.88 1304.513 1304.146 1303.778 1303.411 1303.043 1302.676 1302.308 1301.962 1301.637 1301.312 1300.987 1300.661 1300.526 1300.396 1300.267 1300.137 1300.058 1300.044 1300.03 1300.016 1300.001 1299.909 1299.807 1299.706 1299.604 1300.764 1304.144 1307.524 1310.903 1314.283 1321.042 1328.512 1335.982
1313.432 1313.201 1312.937 1312.673 1312.409 1312.153 1311.917 1311.68 1311.444 1311.208 1310.898 1310.559 1310.221 1309.882 1309.571 1309.381 1309.191 1309.001 1308.81 1308.514 1308.161 1307.808 1307.455 1307.104 1306.765 1306.427 1306.088 1305.75 1305.394 1305.027 1304.659 1304.292 1303.925 1303.557 1303.19 1302.822 1302.455 1302.133 1301.857 1301.58 1301.303 1301.026 1300.829 1300.635 1300.441 1300.247 1300.124 1300.094 1300.063 1300.033 1300.003 1299.88 1299.746 1299.612 1299.478 1300.444 1303.345 1306.245 1309.146 1312.047 1318.349 1325.367 1332.384
1313.655 1313.433 1313.186 1312.938 1312.69 1312.44 1312.182 1311.925 1311.667 1311.409 1311.085 1310.736 1310.386 1310.037 1309.721 1309.547 1309.373 1309.199 1309.025 1308.73 1308.372 1308.013 1307.655 1307.298 1306.948 1306.599 1306.25 1305.901 1305.541 1305.173 1304.806 1304.438 1304.071 1303.704 1303.336 1302.969 1302.601 1302.305 1302.076 1301.848 1301.619 1301.391 1301.133 1300.874 1300.615 1300.357 1300.19 1300.144 1300.097 1300.051 1300.005 1299.851 1299.685 1299.518 1299.352 1300.124 1302.546 1304.967 1307.389 1309.811 1315.656 1322.222 1328.787
1313.878 1313.666 1313.434 1313.203 1312.972 1312.728 1312.448 1312.169 1311.89 1311.61 1311.273 1310.913 1310.552 1310.193 1309.87 1309.713 1309.555 1309.397 1309.239 1308.946 1308.583 1308.219 1307.855 1307.492 1307.132 1306.772 1306.412 1306.052 1305.687 1305.32 1304.952 1304.585 1304.218 1303.85 1303.483 1303.115 1302.748 1302.476 1302.296 1302.116 1301.936 1301.756 1301.437 1301.113 1300.79 1300.466 1300.256 1300.194 1300.131 1300.069 1300.006 1299.822 1299.623 1299.425 1299.226 1299.804 1301.747 1303.689 1305.632 1307.575 1312.963 1319.077 1325.19
1314.078 1313.872 1313.654 1313.435 1313.216 1312.979 1312.688 1312.398 1312.107 1311.817 1311.47 1311.103 1310.736 1310.368 1310.041 1309.889 1309.737 1309.585 1309.433 1309.141 1308.773 1308.406 1308.038 1307.671 1307.309 1306.947 1306.585 1306.222 1305.857 1305.49 1305.122 1304.755 1304.387 1304.02 1303.653 1303.285 1302.918 1302.654 1302.492 1302.329 1302.167 1302.005 1301.653 1301.296 1300.939 1300.582 1300.344 1300.26 1300.176 1300.092 1300.009 1299.811 1299.601 1299.391 1299.181 1299.588 1301.081 1302.574 1304.067 1305.56 1310.358 1315.853 1321.348
1314.227 1314.023 1313.81 1313.596 1313.383 1313.152 1312.873 1312.593 1312.313 1312.033 1311.69 1311.323 1310.955 1310.588 1310.258 1310.09 1309.922 1309.753 1309.585 1309.287 1308.92 1308.552 1308.185 1307.82 1307.474 1307.127 1306.781 1306.435 1306.077 1305.709 1305.342 1304.975 1304.607 1304.24 1303.872 1303.505 1303.137 1302.849 1302.639 1302.428 1302.217 1302.006 1301.685 1301.36 1301.035 1300.71 1300.476 1300.36 1300.244 1300.128 1300.012 1299.84 1299.662 1299.484 1299.307 1299.594 1300.699 1301.805 1302.91 1304.016 1307.942 1312.463 1316.983
