data/zism_data/00515_03_D.txt
ncols         224
nrows         224
[rows 0 to 27 of 224, columns 126 to 188 of 224]
737.4365 723.3683 709.3004 700.1107 694.397 688.6834 682.9697 677.4689 681.476 685.483 689.49 693.4971 697.9828 703.0308 708.0789 713.127 718.175 713.6396 708.0135 702.3874 696.7613 689.1822 677.7396 666.2971 654.8546 643.412 634.3809 626.0549 617.7289 609.403 602.5427 601.1407 599.7386 598.3366 596.9346 600.2917 606.2157 612.1397 618.0637 624.2754 633.4842 642.693 651.9018 661.1106 671.3177 682.4262 693.5347 704.6432 715.7516 730.2281 744.8322 759.4362 774.0402 787.487 799.2087 810.9304 822.6521 834.3738 844.1912 853.6445 863.0978 872.5511 882.3354
747.2239 732.9297 718.6357 709.54 704.1483 698.7566 693.3649 688.1855 692.4935 696.8014 701.1094 705.4174 710.0537 715.0757 720.0978 725.1199 730.142 725.649 720.0732 714.4973 708.9214 701.2996 689.6305 677.9614 666.2924 654.6232 644.9083 635.7647 626.6212 617.4776 609.7562 607.3309 604.9056 602.4802 600.0549 602.9431 608.697 614.4509 620.2048 626.2557 635.3999 644.5441 653.6883 662.8325 673.1256 684.456 695.7864 707.1167 718.4471 733.1046 747.8881 762.6715 777.455 791.0883 803.0068 814.9254 826.8439 838.7625 848.6386 858.1243 867.61 877.0956 887.0106
757.7283 743.2362 728.7444 719.7162 714.5811 709.4461 704.311 699.3893 703.9967 708.6041 713.2115 717.819 722.558 727.4518 732.3455 737.2392 742.1329 737.6893 732.183 726.6766 721.1702 713.5479 701.7398 689.9317 678.1236 666.3155 656.0891 646.3251 636.5613 626.7974 618.3403 614.7493 611.1582 607.5672 603.9762 606.4177 612.1128 617.8079 623.503 629.5044 638.6967 647.889 657.0814 666.2737 676.8061 688.5482 700.2903 712.0324 723.7745 738.447 753.2305 768.014 782.7975 796.4758 808.5067 820.5375 832.5684 844.5992 854.5068 864.0085 873.5103 883.012 892.9949
768.2326 753.5427 738.853 729.8924 725.014 720.1356 715.2572 710.5931 715.4999 720.4068 725.3137 730.2205 735.0624 739.8278 744.5931 749.3585 754.124 749.7296 744.2927 738.8559 733.419 725.7962 713.8491 701.9019 689.9548 678.0077 667.2698 656.8856 646.5014 636.1172 626.9243 622.1676 617.4109 612.6542 607.8975 609.8923 615.5286 621.1649 626.8011 632.7531 641.9936 651.234 660.4745 669.715 680.4866 692.6404 704.7943 716.9481 729.1019 743.7895 758.5729 773.3564 788.14 801.8634 814.0065 826.1497 838.2928 850.4359 860.3751 869.8928 879.4106 888.9283 898.9792
778.7369 763.8492 748.9616 740.0685 735.4468 730.8251 726.2034 721.7969 727.0032 732.2095 737.4158 742.6221 747.5667 752.2037 756.8408 761.4778 766.1149 761.7699 756.4025 751.0352 745.6678 738.0445 725.9584 713.8722 701.7861 689.6999 678.4506 667.446 656.4415 645.437 635.5084 629.5859 623.6636 617.7411 611.8188 613.367 618.9445 624.5219 630.0993 636.0018 645.2904 654.579 663.8676 673.1562 684.167 696.7326 709.2982 721.8638 734.4294 749.1319 763.9154 778.6989 793.4824 807.251 819.5063 831.7618 844.0172 856.2726 866.2433 875.7771 885.3109 894.8447 904.9635
789.1888 774.0825 758.9764 750.1554 745.8128 741.4702 737.1276 732.9999 738.4752 743.9504 749.4257 754.9009 759.928 764.4286 768.9293 773.4299 777.9306 773.572 768.205 762.8381 757.4711 749.8246 737.6685 725.5125 713.3564 701.2003 689.506 677.9467 666.3873 654.8279 644.2375 637.2544 630.2714 623.2883 616.3052 617.3544 622.7357 628.1169 633.4982 639.2246 648.5461 657.8676 667.189 676.5105 687.7571 700.7416 713.7261 726.7106 739.6951 754.4899 769.3533 784.2167 799.0801 812.9534 825.3508 837.7481 850.1454 862.5428 872.5527 882.1061 891.6595 901.213 911.3565
799.3801 783.953 768.5261 759.7996 755.8474 751.8951 747.9428 744.1996 749.7924 755.3853 760.9782 766.5711 771.5806 775.9047 780.2289 784.5531 788.8773 784.1934 778.4842 772.775 767.0659 759.2836 747.4002 735.5169 723.6335 711.7502 699.9396 688.1503 676.3611 664.5718 653.6857 646.1626 638.6395 631.1164 623.5933 623.8835 628.3879 632.8922 637.3965 642.319 651.5977 660.8764 670.1551 679.4338 690.8989 704.3379 717.7769 731.2159 744.655 759.9249 775.2642 790.6035 805.9427 820.2169 832.903 845.5891 858.2752 870.9613 881.049 890.6398 900.2307 909.8215 919.7756
809.5715 793.8235 778.0759 769.4437 765.8818 762.3199 758.7581 755.3992 761.1097 766.8202 772.5308 778.2413 783.2331 787.3808 791.5285 795.6762 799.8239 794.8148 788.7634 782.712 776.6606 768.7426 757.132 745.5213 733.9107 722.3 710.3733 698.3541 686.3348 674.3156 663.134 655.0708 647.0076 638.9445 630.8812 630.4126 634.04 637.6674 641.2948 645.4135 654.6494 663.8853 673.1212 682.3571 694.0408 707.9343 721.8278 735.7213 749.6148 765.3599 781.175 796.9902 812.8054 827.4803 840.4552 853.4301 866.4049 879.3798 889.5453 899.1736 908.8019 918.4301 928.1947
819.7629 803.6942 787.6256 779.088 775.9164 772.7448 769.5733 766.5988 772.4269 778.2551 784.0833 789.9114 794.8857 798.8569 802.8281 806.7994 810.7706 805.4362 799.0425 792.649 786.2554 778.2016 766.8637 755.5258 744.1879 732.8499 720.8069 708.5578 696.3087 684.0595 672.5823 663.979 655.3757 646.7725 638.1693 636.9417 639.6921 642.4426 645.1931 648.5079 657.701 666.8941 676.0872 685.2803 697.1826 711.5306 725.8787 740.2267 754.5747 770.7949 787.0859 803.377 819.6681 834.7438 848.0074 861.2711 874.5347 887.7983 898.0416 907.7073 917.373 927.0387 936.6138
829.9543 813.5647 797.1754 788.7321 785.9509 783.1697 780.3885 777.7983 783.7441 789.69 795.6358 801.5816 806.5382 810.333 814.1277 817.9225 821.7172 816.0576 809.3217 802.5859 795.8502 787.6606 776.5954 765.5302 754.465 743.3998 731.2406 718.7615 706.2824 693.8033 682.0305 672.8872 663.7439 654.6006 645.4572 643.4708 645.3443 647.2178 649.0914 651.6022 660.7526 669.903 679.0533 688.2036 700.3245 715.127 729.9295 744.732 759.5345 776.2299 792.9968 809.7638 826.5308 842.0072 855.5596 869.112 882.6644 896.2169 906.5379 916.241 925.9442 935.6473 945.0329
841.1716 824.4513 807.7312 799.2214 796.5617 793.902 791.2423 788.7786 795.0682 801.3579 807.6476 813.9373 818.9397 822.4301 825.9205 829.4109 832.9014 826.6826 819.3586 812.0347 804.7108 796.0769 784.8516 773.6264 762.4011 751.1758 738.9471 726.425 713.9028 701.3807 689.5137 680.0861 670.6584 661.2308 651.8031 649.437 650.8795 652.322 653.7644 655.8742 664.9359 673.9976 683.0592 692.1208 704.3627 719.4755 734.5883 749.701 764.8138 781.4482 798.1403 814.8325 831.5245 846.8707 860.2102 873.5497 886.8893 900.2288 910.5967 920.3962 930.1959 939.9954 949.3105
853.0361 835.9789 818.922 810.2439 807.5361 804.8283 802.1205 799.6204 806.3966 813.1729 819.9492 826.7254 831.8137 834.9191 838.0244 841.1298 844.2352 837.3098 829.2426 821.1755 813.1083 803.8353 792.1769 780.5185 768.86 757.2017 744.9329 732.4856 720.0383 707.591 695.7571 686.2064 676.6558 667.1051 657.5545 655.048 656.3408 657.6335 658.9263 660.8892 669.8333 678.7773 687.7213 696.6653 708.9665 724.2985 739.6306 754.9626 770.2946 786.53 802.7997 819.0694 835.3391 850.2198 863.03 875.8401 888.6503 901.4604 911.8555 921.7887 931.722 941.6553 950.975
864.9006 847.5065 830.1127 821.2664 818.5104 815.7546 812.9987 810.4621 817.725 824.9879 832.2507 839.5136 844.6876 847.408 850.1284 852.8488 855.5692 847.9371 839.1266 830.3162 821.5057 811.5936 799.5021 787.4106 775.319 763.2275 750.9186 738.5462 726.1738 713.8013 702.0004 692.3267 682.6531 672.9795 663.3059 660.6591 661.8021 662.9451 664.0882 665.9042 674.7306 683.5569 692.3834 701.2097 713.5703 729.1216 744.6729 760.2241 775.7753 791.6118 807.459 823.3063 839.1536 853.569 865.8497 878.1305 890.4113 902.692 913.1143 923.1812 933.2481 943.3151 952.6395
876.7652 859.0342 841.3035 832.2889 829.4849 826.6808 823.8768 821.3039 829.0533 836.8028 844.5523 852.3018 857.5616 859.8969 862.2323 864.5677 866.9031 858.5643 849.0106 839.4569 829.9033 819.352 806.8273 794.3027 781.778 769.2533 756.9044 744.6068 732.3092 720.0117 708.2437 698.4471 688.6505 678.8539 669.0573 666.2701 667.2634 668.2568 669.2501 670.9192 679.6279 688.3367 697.0454 705.7542 718.1742 733.9446 749.7151 765.4857 781.2562 796.6936 812.1184 827.5433 842.9681 856.9182 868.6695 880.4208 892.1722 903.9236 914.373 924.5737 934.7743 944.9749 954.304
888.5739 870.5768 852.5801 843.4136 840.539 837.6644 834.7898 832.1572 840.3371 848.517 856.6969 864.8768 870.1887 872.1319 874.0751 876.0182 877.9614 868.952 858.696 848.4399 838.1838 827.0269 814.0878 801.1488 788.2097 775.2706 762.8875 750.667 738.4465 726.226 714.4914 704.5659 694.6404 684.7149 674.7894 671.8387 672.6498 673.461 674.2721 675.7596 684.293 692.8264 701.3597 709.893 722.3103 738.2338 754.1573 770.0809 786.0045 801.0841 816.1318 831.1794 846.2271 859.7546 871.0156 882.2766 893.5375 904.7985 915.2626 925.5745 935.8863 946.1981 955.5283
899.4819 882.3618 865.2421 856.1876 852.8798 849.5721 846.2643 843.1977 850.9017 858.6057 866.3096 874.0136 878.8348 880.27 881.7052 883.1404 884.5755 875.4758 865.1769 854.8781 844.5793 833.3563 820.3049 807.2535 794.2022 781.1508 768.8292 756.7209 744.6127 732.5045 720.8109 710.6608 700.5107 690.3607 680.2105 676.7227 676.8279 676.9333 677.0386 677.7852 685.2115 692.6379 700.0643 707.4907 718.9022 733.9114 748.9206 763.9298 778.939 794.3253 809.7258 825.1265 840.527 854.3215 865.7216 877.1216 888.5216 899.9216 910.197 920.2576 930.3181 940.3786 949.6517
910.3898 894.1468 877.9041 868.9615 865.2206 861.4797 857.7389 854.2382 861.4662 868.6943 875.9224 883.1505 887.481 888.4082 889.3353 890.2625 891.1896 881.9996 871.658 861.3164 850.9748 839.6856 826.522 813.3583 800.1947 787.0311 774.7709 762.7749 750.779 738.783 727.1304 716.7558 706.3811 696.0064 685.6317 681.6066 681.0061 680.4056 679.8051 679.8106 686.1301 692.4495 698.769 705.0884 715.4942 729.5891 743.6838 757.7786 771.8735 787.5664 803.3199 819.0734 834.8269 848.8885 860.4275 871.9666 883.5056 895.0447 905.1315 914.9407 924.7499 934.5591 943.7751
921.2978 905.9318 890.566 881.7354 877.5614 873.3874 869.2134 865.2786 872.0308 878.783 885.5351 892.2873 896.1272 896.5463 896.9655 897.3846 897.8037 888.5233 878.139 867.7546 857.3702 846.015 832.7391 819.4631 806.1872 792.9113 780.7125 768.8289 756.9453 745.0616 733.45 722.8507 712.2514 701.6522 691.0529 686.4905 685.1842 683.8779 682.5715 681.8361 687.0486 692.2611 697.4736 702.6862 712.0862 725.2666 738.4471 751.6275 764.808 780.8076 796.914 813.0204 829.1268 843.4554 855.1335 866.8116 878.4897 890.1677 900.0659 909.6238 919.1817 928.7396 937.8986
932.2062 917.7172 903.2285 894.5098 889.9026 885.2955 880.6884 876.3195 882.5957 888.8719 895.1482 901.4244 904.7736 904.6848 904.5958 904.5069 904.418 895.0474 884.6202 874.1931 863.7659 852.3445 838.9564 825.5681 812.1799 798.7916 786.6544 774.8831 763.1117 751.3403 739.7697 728.9459 718.1219 707.2981 696.4742 691.3746 689.3625 687.3503 685.3381 683.8617 687.9672 692.0728 696.1782 700.2838 708.678 720.9441 733.2101 745.4762 757.7422 774.0485 790.5078 806.9672 823.4265 838.0222 849.8393 861.6564 873.4735 885.2906 895.0002 904.3067 913.6133 922.9199 932.0219
940.603 927.2064 913.8101 905.6611 901.251 896.8409 892.4308 888.2444 894.0529 899.8613 905.6697 911.4781 914.1417 913.1111 912.0806 911.0501 910.0196 900.4175 889.84 879.2623 868.6848 857.2098 843.9597 830.7097 817.4596 804.2096 792.1989 780.5505 768.9022 757.2539 745.7613 734.8475 723.9337 713.0199 702.1061 696.7177 694.3094 691.9011 689.4927 687.5739 690.7529 693.9319 697.111 700.29 707.5872 718.6023 729.6174 740.6324 751.6475 767.8226 784.1932 800.5637 816.9343 831.5575 843.5756 855.5937 867.6118 879.6299 889.3167 898.5578 907.7988 917.0399 926.1445
946.5254 934.4337 922.3421 915.2136 911.6216 908.0297 904.4377 901.0414 906.39 911.7386 917.0872 922.4358 924.2214 921.8219 919.4224 917.0229 914.6235 904.6512 893.817 882.9827 872.1484 860.6323 847.7673 834.9022 822.0372 809.1721 797.3519 785.8373 774.3227 762.8081 751.4299 740.5588 729.6878 718.8168 707.9457 702.5133 700.0141 697.5149 695.0157 692.9482 695.3787 697.809 700.2394 702.6698 708.78 718.2123 727.6447 737.077 746.5093 762.1217 777.9683 793.8148 809.6613 824.076 836.3561 848.6362 860.9164 873.1965 883.0242 892.3829 901.7415 911.1002 920.2661
952.4478 941.6608 930.8741 924.7662 921.9923 919.2184 916.4446 913.8384 918.7272 923.6159 928.5046 933.3934 934.3011 930.5327 926.7643 922.9958 919.2274 908.8848 897.7939 886.7031 875.6121 864.0548 851.5748 839.0947 826.6147 814.1346 802.505 791.1241 779.7432 768.3622 757.0984 746.2702 735.442 724.6137 713.7854 708.3089 705.7188 703.1287 700.5386 698.3227 700.0044 701.6862 703.3679 705.0496 709.9728 717.8224 725.6719 733.5215 741.371 756.4208 771.7433 787.0658 802.3882 816.5945 829.1367 841.6788 854.2209 866.7631 876.7316 886.2079 895.6843 905.1606 914.3877
958.3702 948.8881 939.406 934.3188 932.363 930.4072 928.4514 926.6354 931.0643 935.4932 939.9221 944.351 944.3809 939.2435 934.1061 928.9688 923.8314 913.1185 901.7709 890.4234 879.0759 867.4774 855.3823 843.2872 831.1922 819.0972 807.6581 796.4108 785.1636 773.9164 762.7671 751.9816 741.1961 730.4106 719.6251 714.1045 711.4235 708.7426 706.0616 703.6971 704.6302 705.5632 706.4963 707.4294 711.1656 717.4324 723.6992 729.966 736.2328 750.7199 765.5184 780.3168 795.1152 809.113 821.9172 834.7214 847.5256 860.3297 870.439 880.033 889.627 899.2209 908.5093
964.2927 956.1153 947.938 943.8713 942.7336 941.596 940.4583 939.4324 943.4015 947.3705 951.3396 955.3087 954.4606 947.9543 941.4479 934.9416 928.4353 917.3521 905.7479 894.1437 882.5396 870.8998 859.1898 847.4798 835.7697 824.0597 812.8112 801.6976 790.5841 779.4705 768.4357 757.6929 746.9502 736.2075 725.4648 719.9001 717.1282 714.3564 711.5845 709.0715 709.2559 709.4404 709.6248 709.8091 712.3583 717.0424 721.7264 726.4105 731.0946 745.019 759.2934 773.5678 787.8422 801.6316 814.6978 827.764 840.8301 853.8963 864.1464 873.858 883.5696 893.2813 902.6309
965.9249 958.7681 951.6115 948.5242 948.3365 948.1489 947.9612 947.8602 951.6282 955.3961 959.1641 962.9321 961.9059 955.2484 948.5909 941.9335 935.276 923.8375 911.8549 899.8723 887.8897 876.0597 864.5317 853.0037 841.4757 829.9477 818.8163 807.801 796.7856 785.7703 774.9819 765.038 755.094 745.1501 735.2062 730.1656 727.7697 725.3737 722.9777 720.7648 720.4594 720.1539 719.8484 719.543 721.2866 724.8801 728.4735 732.067 735.6605 748.1896 761.0571 773.9246 786.7922 799.4332 811.7363 824.0396 836.3428 848.646 858.5316 867.9549 877.3782 886.8016 895.8052
967.326 961.1746 955.0233 952.9131 953.6827 954.4521 955.2216 956.0527 959.6335 963.2143 966.7951 970.3759 969.2093 962.4662 955.7232 948.9802 942.2371 930.4443 918.0767 905.709 893.3414 881.3132 869.9562 858.5994 847.2425 835.8856 824.8674 813.9483 803.0292 792.1101 781.5753 772.4709 763.3665 754.2621 745.1577 740.6718 738.6769 736.6819 734.687 732.7983 732.017 731.2356 730.4542 729.6728 730.6313 733.1608 735.6901 738.2195 740.7489 751.8378 763.251 774.6641 786.0772 797.5192 809.0042 820.4893 831.9743 843.4594 852.9532 862.0664 871.1796 880.2928 888.9285
968.7272 963.5811 958.4351 957.3021 959.0287 960.7554 962.482 964.2451 967.6388 971.0325 974.4261 977.8198 976.5128 969.6841 962.8555 956.0269 949.1983 937.051 924.2984 911.5458 898.7931 886.5666 875.3808 864.195 853.0092 841.8234 830.9185 820.0956 809.2728 798.45 788.1688 779.9039 771.639 763.3741 755.1092 751.178 749.5841 747.9902 746.3963 744.8319 743.5746 742.3173 741.0599 739.8026 739.9761 741.4415 742.9068 744.3721 745.8374 755.4861 765.4448 775.4036 785.3622 795.6053 806.2721 816.939 827.6058 838.2727 847.3749 856.1779 864.981 873.7841 882.0518
970.1284 965.9875 961.8469 961.6912 964.3749 967.0587 969.7424 972.4376 975.6441 978.8506 982.0571 985.2637 983.8162 976.902 969.9878 963.0736 956.1594 943.6578 930.5201 917.3824 904.2448 891.82 880.8054 869.7906 858.776 847.7613 836.9695 826.243 815.5164 804.7899 794.7623 787.3369 779.9115 772.4861 765.0607 761.6841 760.4913 759.2985 758.1056 756.8654 755.1322 753.3989 751.6657 749.9324 749.3209 749.7222 750.1234 750.5247 750.9258 759.1345 767.6387 776.143 784.6473 793.6913 803.54 813.3887 823.2374 833.0861 841.7965 850.2894 858.7823 867.2753 875.175
