data/zism_data/00513_02_D.txt
ncols         224
nrows         224
[rows 140 to 167 of 224, columns 64 to 127 of 224]
1336.831 1337.941 1339.052 1340.351 1341.658 1342.965 1344.273 1346.021 1348.376 1350.731 1353.087 1355.442 1358.054 1360.7 1363.345 1365.991 1368.679 1371.448 1374.216 1376.984 1379.753 1382.677 1385.639 1388.6 1391.561 1394.051 1395.302 1396.552 1397.802 1399.052 1399.476 1399.608 1399.74 1399.872 1399.957 1399.857 1399.757 1399.657 1399.558 1398.883 1397.921 1396.958 1395.996 1395.037 1394.103 1393.168 1392.234 1391.299 1388.922 1385.561 1382.199 1378.838 1375.396 1370.647 1365.899 1361.151 1356.403 1351.72 1347.097 1342.474 1337.851 1333.228 1327.744 1322.247
1335.896 1336.866 1337.837 1339.048 1340.269 1341.49 1342.711 1344.368 1346.627 1348.885 1351.144 1353.402 1356.284 1359.247 1362.21 1365.174 1368.179 1371.265 1374.351 1377.437 1380.523 1383.503 1386.459 1389.415 1392.371 1394.814 1395.908 1397.002 1398.097 1399.191 1399.55 1399.65 1399.749 1399.849 1399.865 1399.549 1399.234 1398.919 1398.604 1397.319 1395.55 1393.78 1392.01 1390.293 1388.928 1387.563 1386.198 1384.833 1382.211 1378.731 1375.251 1371.771 1368.257 1364.203 1360.15 1356.096 1352.042 1347.947 1343.814 1339.681 1335.547 1331.414 1326.123 1320.814
1334.961 1335.792 1336.623 1337.744 1338.88 1340.015 1341.15 1342.716 1344.878 1347.039 1349.201 1351.363 1354.514 1357.794 1361.075 1364.356 1367.679 1371.083 1374.486 1377.89 1381.293 1384.329 1387.28 1390.23 1393.181 1395.577 1396.515 1397.453 1398.391 1399.329 1399.624 1399.691 1399.759 1399.826 1399.772 1399.242 1398.711 1398.181 1397.65 1395.755 1393.178 1390.601 1388.024 1385.549 1383.753 1381.957 1380.161 1378.366 1375.499 1371.9 1368.302 1364.703 1361.119 1357.759 1354.4 1351.04 1347.681 1344.173 1340.53 1336.887 1333.244 1329.6 1324.501 1319.381
1334.026 1334.717 1335.408 1336.441 1337.49 1338.539 1339.588 1341.064 1343.129 1345.193 1347.258 1349.323 1352.743 1356.342 1359.94 1363.538 1367.179 1370.9 1374.621 1378.343 1382.064 1385.155 1388.1 1391.045 1393.99 1396.34 1397.122 1397.904 1398.686 1399.468 1399.698 1399.733 1399.768 1399.803 1399.679 1398.934 1398.188 1397.442 1396.696 1394.192 1390.807 1387.423 1384.038 1380.805 1378.578 1376.352 1374.125 1371.899 1368.787 1365.07 1361.353 1357.636 1353.981 1351.315 1348.65 1345.985 1343.32 1340.4 1337.247 1334.093 1330.94 1327.786 1322.88 1317.948
1333.091 1333.642 1334.193 1335.138 1336.101 1337.064 1338.026 1339.412 1341.38 1343.347 1345.315 1347.283 1350.973 1354.889 1358.805 1362.721 1366.679 1370.718 1374.757 1378.795 1382.834 1385.981 1388.92 1391.86 1394.8 1397.102 1397.728 1398.354 1398.98 1399.606 1399.771 1399.774 1399.777 1399.78 1399.587 1398.626 1397.665 1396.704 1395.743 1392.628 1388.436 1384.244 1380.052 1376.061 1373.404 1370.747 1368.089 1365.432 1362.075 1358.24 1354.405 1350.569 1346.842 1344.871 1342.901 1340.93 1338.959 1336.627 1333.963 1331.3 1328.636 1325.973 1321.259 1316.516
1331.894 1332.281 1332.667 1333.499 1334.351 1335.203 1336.056 1337.226 1338.837 1340.447 1342.058 1343.669 1347.463 1351.544 1355.625 1359.706 1363.996 1368.677 1373.357 1378.038 1382.718 1386.105 1389.192 1392.279 1395.365 1397.737 1398.226 1398.716 1399.205 1399.695 1399.768 1399.694 1399.62 1399.547 1399.155 1397.517 1395.879 1394.24 1392.602 1388.782 1383.872 1378.961 1374.05 1369.351 1366.062 1362.773 1359.483 1356.194 1352.577 1348.737 1344.896 1341.055 1337.344 1335.728 1334.113 1332.497 1330.881 1329.054 1327.033 1325.011 1322.99 1320.969 1317.23 1313.466
1330.673 1330.892 1331.112 1331.828 1332.568 1333.307 1334.046 1334.99 1336.219 1337.447 1338.676 1339.904 1343.788 1348.019 1352.251 1356.483 1361.105 1366.458 1371.812 1377.165 1382.518 1386.163 1389.411 1392.659 1395.907 1398.359 1398.714 1399.069 1399.424 1399.779 1399.757 1399.603 1399.448 1399.294 1398.692 1396.332 1393.973 1391.613 1389.253 1384.72 1379.099 1373.477 1367.856 1362.454 1358.514 1354.573 1350.633 1346.692 1342.814 1338.979 1335.144 1331.309 1327.621 1326.328 1325.036 1323.743 1322.45 1321.12 1319.755 1318.391 1317.026 1315.661 1312.972 1310.263
1329.451 1329.504 1329.557 1330.158 1330.784 1331.41 1332.036 1332.754 1333.601 1334.447 1335.293 1336.14 1340.112 1344.494 1348.877 1353.259 1358.214 1364.24 1370.266 1376.292 1382.318 1386.221 1389.631 1393.04 1396.45 1398.981 1399.201 1399.422 1399.642 1399.863 1399.746 1399.511 1399.276 1399.041 1398.228 1395.147 1392.066 1388.985 1385.905 1380.657 1374.325 1367.994 1361.662 1355.557 1350.966 1346.374 1341.782 1337.19 1333.051 1329.221 1325.391 1321.562 1317.898 1316.928 1315.958 1314.988 1314.019 1313.186 1312.478 1311.77 1311.062 1310.354 1308.713 1307.059
1328.229 1328.115 1328.001 1328.487 1329.0 1329.513 1330.026 1330.519 1330.983 1331.447 1331.911 1332.375 1336.436 1340.97 1345.503 1350.036 1355.322 1362.021 1368.72 1375.42 1382.119 1386.279 1389.85 1393.421 1396.992 1399.603 1399.689 1399.775 1399.861 1399.946 1399.735 1399.419 1399.103 1398.787 1397.764 1393.962 1390.16 1386.358 1382.556 1376.594 1369.552 1362.51 1355.468 1348.661 1343.418 1338.174 1332.931 1327.688 1323.288 1319.464 1315.639 1311.815 1308.175 1307.528 1306.881 1306.234 1305.587 1305.251 1305.2 1305.149 1305.097 1305.046 1304.455 1303.855
1327.047 1326.803 1326.559 1326.924 1327.316 1327.708 1328.1 1328.372 1328.477 1328.583 1328.688 1328.793 1332.679 1337.061 1341.442 1345.824 1351.235 1358.578 1365.921 1373.263 1380.606 1385.212 1389.182 1393.153 1397.123 1400.0 1400.0 1400.0 1400.0 1400.0 1399.697 1399.286 1398.876 1398.466 1397.249 1392.866 1388.484 1384.101 1379.718 1373.073 1365.297 1357.521 1349.745 1342.22 1336.365 1330.509 1324.654 1318.798 1314.137 1310.29 1306.444 1302.598 1298.945 1298.44 1297.935 1297.429 1296.924 1296.945 1297.449 1297.953 1298.457 1298.961 1299.27 1299.575
1325.934 1325.625 1325.317 1325.55 1325.808 1326.065 1326.323 1326.383 1326.171 1325.959 1325.746 1325.534 1328.779 1332.477 1336.175 1339.873 1345.045 1352.979 1360.914 1368.849 1376.783 1382.165 1386.953 1391.742 1396.53 1400.0 1400.0 1400.0 1400.0 1400.0 1399.609 1399.08 1398.552 1398.023 1396.644 1391.928 1387.211 1382.495 1377.778 1370.505 1361.955 1353.404 1344.853 1336.583 1330.184 1323.784 1317.385 1310.986 1306.063 1302.146 1298.23 1294.314 1290.585 1289.902 1289.219 1288.536 1287.854 1287.986 1288.867 1289.748 1290.629 1291.509 1292.454 1293.4
1324.821 1324.448 1324.075 1324.176 1324.299 1324.422 1324.545 1324.394 1323.864 1323.334 1322.805 1322.275 1324.878 1327.893 1330.907 1333.922 1338.854 1347.381 1355.907 1364.434 1372.961 1379.118 1384.724 1390.331 1395.937 1400.0 1400.0 1400.0 1400.0 1400.0 1399.522 1398.875 1398.227 1397.58 1396.039 1390.989 1385.939 1380.889 1375.839 1367.938 1358.612 1349.286 1339.96 1330.945 1324.002 1317.059 1310.117 1303.174 1297.988 1294.002 1290.016 1286.029 1282.224 1281.364 1280.503 1279.643 1278.782 1279.027 1280.285 1281.542 1282.8 1284.057 1285.639 1287.225
1323.708 1323.27 1322.832 1322.802 1322.791 1322.779 1322.768 1322.405 1321.557 1320.71 1319.863 1319.016 1320.978 1323.309 1325.64 1327.971 1332.663 1341.782 1350.901 1360.02 1369.138 1376.071 1382.495 1388.92 1395.344 1400.0 1400.0 1400.0 1400.0 1400.0 1399.434 1398.668 1397.903 1397.137 1395.435 1390.051 1384.667 1379.283 1373.899 1365.37 1355.27 1345.168 1335.068 1325.307 1317.821 1310.335 1302.849 1295.362 1289.914 1285.858 1281.802 1277.745 1273.864 1272.826 1271.788 1270.75 1269.712 1270.068 1271.702 1273.336 1274.971 1276.605 1278.823 1281.051
1322.594 1322.092 1321.59 1321.428 1321.282 1321.136 1320.99 1320.416 1319.251 1318.086 1316.921 1315.756 1317.078 1318.725 1320.373 1322.02 1326.472 1336.183 1345.894 1355.605 1365.316 1373.024 1380.266 1387.509 1394.752 1400.0 1400.0 1400.0 1400.0 1400.0 1399.347 1398.463 1397.578 1396.695 1394.83 1389.112 1383.394 1377.677 1371.959 1362.803 1351.927 1341.051 1330.175 1319.67 1311.64 1303.61 1295.58 1287.55 1281.84 1277.714 1273.587 1269.461 1265.504 1264.288 1263.072 1261.857 1260.641 1261.109 1263.12 1265.131 1267.142 1269.153 1272.008 1274.876
1321.692 1321.138 1320.585 1320.301 1320.029 1319.757 1319.485 1318.783 1317.488 1316.194 1314.899 1313.605 1314.396 1315.46 1316.524 1317.589 1321.66 1331.369 1341.077 1350.786 1360.495 1369.023 1377.276 1385.529 1393.782 1399.772 1399.807 1399.842 1399.877 1399.912 1398.873 1397.456 1396.038 1394.621 1392.133 1385.439 1378.745 1372.052 1365.359 1355.695 1344.546 1333.397 1322.249 1311.517 1303.564 1295.61 1287.657 1279.704 1274.063 1270.003 1265.942 1261.881 1257.971 1256.517 1255.063 1253.608 1252.153 1252.442 1254.327 1256.213 1258.098 1259.984 1262.758 1265.545
1320.839 1320.237 1319.635 1319.23 1318.834 1318.438 1318.043 1317.233 1315.852 1314.472 1313.091 1311.71 1311.996 1312.501 1313.005 1313.51 1317.167 1326.736 1336.305 1345.874 1355.443 1364.8 1374.108 1383.416 1392.724 1399.491 1399.569 1399.647 1399.725 1399.803 1398.31 1396.263 1394.215 1392.168 1388.95 1381.131 1373.313 1365.495 1357.676 1347.533 1336.229 1324.924 1313.619 1302.78 1295.048 1287.315 1279.582 1271.85 1266.356 1262.392 1258.429 1254.465 1250.632 1248.924 1247.217 1245.509 1243.802 1243.843 1245.486 1247.129 1248.772 1250.416 1252.942 1255.482
1319.985 1319.335 1318.684 1318.159 1317.64 1317.12 1316.6 1315.683 1314.216 1312.749 1311.282 1309.816 1309.597 1309.541 1309.486 1309.431 1312.675 1322.104 1331.533 1340.962 1350.391 1360.578 1370.941 1381.304 1391.667 1399.209 1399.331 1399.452 1399.573 1399.694 1397.747 1395.07 1392.392 1389.715 1385.767 1376.823 1367.88 1358.937 1349.993 1339.371 1327.911 1316.45 1304.989 1294.043 1286.531 1279.019 1271.507 1263.995 1258.649 1254.782 1250.915 1247.048 1243.292 1241.331 1239.371 1237.41 1235.45 1235.243 1236.644 1238.045 1239.446 1240.847 1243.127 1245.418
1319.132 1318.433 1317.734 1317.089 1316.445 1315.802 1315.158 1314.133 1312.58 1311.027 1309.474 1307.921 1307.197 1306.582 1305.967 1305.352 1308.182 1317.471 1326.76 1336.05 1345.339 1356.356 1367.773 1379.192 1390.609 1398.928 1399.092 1399.257 1399.421 1399.585 1397.183 1393.877 1390.57 1387.263 1382.584 1372.516 1362.447 1352.379 1342.311 1331.21 1319.593 1307.976 1296.359 1285.306 1278.015 1270.724 1263.432 1256.141 1250.942 1247.172 1243.402 1239.632 1235.952 1233.738 1231.525 1229.312 1227.098 1226.644 1227.803 1228.962 1230.121 1231.279 1233.311 1235.355
1318.31 1317.576 1316.841 1316.09 1315.338 1314.586 1313.835 1312.727 1311.127 1309.527 1307.927 1306.328 1305.251 1304.244 1303.236 1302.228 1304.706 1313.719 1322.732 1331.745 1340.758 1352.393 1364.637 1376.881 1389.125 1398.066 1398.314 1398.562 1398.81 1399.058 1396.201 1392.249 1388.297 1384.345 1378.964 1367.973 1356.982 1345.991 1335.0 1323.573 1311.928 1300.282 1288.637 1277.572 1270.377 1263.181 1255.985 1248.79 1243.678 1239.989 1236.301 1232.612 1229.003 1226.694 1224.385 1222.076 1219.767 1219.142 1220.062 1220.981 1221.9 1222.82 1224.562 1226.317
1317.578 1316.843 1316.108 1315.296 1314.479 1313.663 1312.847 1311.728 1310.193 1308.658 1307.123 1305.588 1304.59 1303.663 1302.736 1301.809 1304.109 1312.46 1320.811 1329.162 1337.513 1349.168 1361.589 1374.011 1386.433 1395.557 1396.004 1396.451 1396.898 1397.346 1394.032 1389.391 1384.75 1380.109 1374.108 1362.767 1351.426 1340.085 1328.744 1317.423 1306.112 1294.8 1283.488 1272.68 1265.226 1257.772 1250.318 1242.864 1237.67 1234.019 1230.368 1226.717 1223.164 1221.205 1219.245 1217.286 1215.327 1214.749 1215.437 1216.125 1216.813 1217.5 1218.837 1220.182
1316.846 1316.111 1315.376 1314.501 1313.62 1312.74 1311.859 1310.73 1309.259 1307.789 1306.318 1304.848 1303.929 1303.083 1302.237 1301.39 1303.513 1311.202 1318.891 1326.58 1334.268 1345.943 1358.542 1371.141 1383.74 1393.048 1393.695 1394.341 1394.987 1395.633 1391.862 1386.532 1381.202 1375.872 1369.251 1357.561 1345.87 1334.179 1322.488 1311.273 1300.295 1289.317 1278.339 1267.787 1260.075 1252.363 1244.651 1236.938 1231.662 1228.048 1224.435 1220.822 1217.324 1215.715 1214.106 1212.496 1210.887 1210.355 1210.812 1211.268 1211.725 1212.181 1213.111 1214.047
1316.113 1315.378 1314.643 1313.707 1312.762 1311.816 1310.871 1309.732 1308.326 1306.92 1305.514 1304.108 1303.268 1302.503 1301.737 1300.972 1302.916 1309.943 1316.97 1323.997 1331.024 1342.718 1355.494 1368.271 1381.048 1390.54 1391.385 1392.23 1393.076 1393.921 1389.693 1383.674 1377.655 1371.636 1364.395 1352.355 1340.314 1328.273 1316.233 1305.123 1294.479 1283.835 1273.191 1262.895 1254.924 1246.954 1238.983 1231.012 1225.653 1222.078 1218.502 1214.927 1211.485 1210.226 1208.966 1207.706 1206.447 1205.962 1206.187 1206.412 1206.637 1206.862 1207.385 1207.913
1315.381 1314.646 1313.911 1312.913 1311.903 1310.893 1309.883 1308.733 1307.392 1306.051 1304.709 1303.368 1302.607 1301.922 1301.237 1300.553 1302.32 1308.685 1315.05 1321.414 1327.779 1339.492 1352.447 1365.401 1378.356 1388.031 1389.075 1390.12 1391.164 1392.209 1387.523 1380.816 1374.107 1367.4 1359.538 1347.148 1334.758 1322.368 1309.977 1298.974 1288.663 1278.352 1268.042 1258.003 1249.774 1241.545 1233.316 1225.087 1219.645 1216.107 1212.569 1209.031 1205.646 1204.736 1203.826 1202.917 1202.007 1201.569 1201.562 1201.556 1201.549 1201.543 1201.66 1201.778
1314.705 1313.993 1313.282 1312.307 1311.32 1310.333 1309.347 1308.24 1306.966 1305.693 1304.421 1303.148 1302.422 1301.768 1301.115 1300.461 1302.036 1307.788 1313.54 1319.293 1325.045 1336.238 1348.693 1361.149 1373.605 1382.913 1383.939 1384.965 1385.991 1387.017 1382.097 1375.078 1368.059 1361.041 1353.017 1341.046 1329.073 1317.102 1305.13 1294.251 1283.919 1273.586 1263.254 1253.213 1245.111 1237.01 1228.909 1220.807 1215.667 1212.549 1209.431 1206.313 1203.336 1202.654 1201.972 1201.29 1200.608 1200.249 1200.187 1200.125 1200.063 1200.001 1200.0 1200.0
1314.053 1313.374 1312.694 1311.777 1310.85 1309.922 1308.995 1307.952 1306.748 1305.546 1304.343 1303.14 1302.432 1301.789 1301.146 1300.503 1301.878 1307.039 1312.199 1317.359 1322.52 1332.972 1344.652 1356.333 1368.014 1376.731 1377.649 1378.567 1379.486 1380.404 1375.34 1368.166 1360.991 1353.817 1345.817 1334.577 1323.337 1312.097 1300.857 1290.111 1279.612 1269.113 1258.614 1248.465 1240.649 1232.833 1225.016 1217.2 1212.518 1209.976 1207.434 1204.892 1202.468 1201.963 1201.458 1200.954 1200.449 1200.184 1200.138 1200.092 1200.047 1200.001 1200.0 1200.0
1313.401 1312.754 1312.107 1311.248 1310.38 1309.511 1308.643 1307.663 1306.53 1305.397 1304.264 1303.131 1302.441 1301.809 1301.177 1300.545 1301.721 1306.29 1310.858 1315.426 1319.994 1329.706 1340.611 1351.517 1362.423 1370.548 1371.359 1372.17 1372.98 1373.791 1368.584 1361.253 1353.922 1346.592 1338.616 1328.109 1317.6 1307.093 1296.584 1285.971 1275.306 1264.639 1253.974 1243.716 1236.186 1228.655 1221.124 1213.593 1209.369 1207.403 1205.436 1203.47 1201.599 1201.272 1200.945 1200.618 1200.291 1200.119 1200.09 1200.06 1200.03 1200.0 1200.0 1200.0
1312.749 1312.134 1311.519 1310.719 1309.91 1309.1 1308.291 1307.375 1306.313 1305.249 1304.186 1303.123 1302.451 1301.829 1301.208 1300.586 1301.564 1305.54 1309.516 1313.493 1317.469 1326.44 1336.57 1346.701 1356.832 1364.366 1365.069 1365.772 1366.475 1367.178 1361.828 1354.341 1346.854 1339.367 1331.416 1321.64 1311.864 1302.088 1292.312 1281.832 1270.999 1260.166 1249.333 1238.968 1231.723 1224.477 1217.232 1209.986 1206.22 1204.829 1203.439 1202.049 1200.73 1200.581 1200.432 1200.282 1200.133 1200.054 1200.041 1200.027 1200.014 1200.0 1200.0 1200.0
1312.104 1311.524 1310.944 1310.196 1309.441 1308.686 1307.931 1307.076 1306.083 1305.09 1304.097 1303.104 1302.448 1301.838 1301.227 1300.617 1301.403 1304.811 1308.218 1311.625 1315.032 1323.24 1332.562 1341.884 1351.206 1358.115 1358.671 1359.228 1359.785 1360.342 1354.908 1347.36 1339.813 1332.265 1324.4 1315.286 1306.173 1297.059 1287.946 1277.612 1266.667 1255.722 1244.778 1234.36 1227.462 1220.563 1213.665 1206.766 1203.447 1202.573 1201.698 1200.824 1200.0 1200.0 1200.0 1200.0 1200.0 1200.0 1200.0 1200.0 1200.0 1200.0 1200.0 1200.0
