data/zism_data/00519_03_D.txt
ncols         224
nrows         224
[rows 140 to 167 of 224, columns 126 to 188 of 224]
710.196 717.2153 724.2345 731.2537 738.2728 740.2903 738.4603 736.6301 734.8 732.9171 727.4413 721.9656 716.4898 711.0142 710.1317 714.5601 718.9886 723.4171 727.8455 737.1055 746.8257 756.5459 766.2659 774.4117 779.7867 785.1616 790.5366 795.9116 797.4499 798.0977 798.7454 799.3931 799.8793 799.9074 799.9355 799.9637 799.9918 800.0 800.0 800.0 800.0 801.8314 813.3196 824.8077 836.296 847.7841 857.9078 867.1544 876.401 885.6476 894.4122 895.3479 896.2835 897.2191 898.1547 898.7587 899.0403 899.322 899.6036 899.8853 899.9191 899.9416 899.9641
707.7836 713.6913 719.5991 725.5068 731.4145 733.5434 732.7655 731.9875 731.2097 730.3746 725.6542 720.9338 716.2134 711.4931 711.0005 715.3967 719.7928 724.1888 728.585 738.054 748.0062 757.9584 767.9105 776.1436 781.3513 786.559 791.7667 796.9743 798.3192 798.7673 799.2154 799.6635 799.995 799.9962 799.9973 799.9985 799.9996 800.0 800.0 800.0 800.0 801.8107 813.1694 824.5281 835.8868 847.2455 857.2661 866.4263 875.5865 884.7468 893.4473 894.6797 895.9121 897.1445 898.3768 899.0969 899.3192 899.5415 899.7638 899.9861 899.9966 899.9976 899.9985
706.2396 710.6228 715.006 719.3893 723.7725 725.3605 724.7984 724.2363 723.6741 723.0605 718.951 714.8414 710.7318 706.6223 706.3921 710.6474 714.9027 719.158 723.4133 733.3554 743.8391 754.3228 764.8063 773.5908 779.385 785.1791 790.9733 796.7674 798.2408 798.7114 799.1818 799.6523 800.0 800.0 800.0 800.0 800.0 800.0 800.0 800.0 800.0 801.6181 811.7683 821.9186 832.0688 842.2191 851.6858 860.7133 869.7407 878.7681 887.3918 889.4579 891.5239 893.59 895.656 896.9977 897.6356 898.2735 898.9114 899.5493 899.5474 899.5165 899.4855
704.7347 707.5748 710.4149 713.255 716.095 717.1128 716.7287 716.3446 715.9604 715.5311 712.0259 708.5206 705.0153 701.5101 701.5363 705.646 709.7556 713.8653 717.9749 728.402 739.4306 750.4593 761.4877 770.8447 777.2593 783.674 790.0886 796.5032 798.1198 798.6227 799.1255 799.6284 800.0 800.0 800.0 800.0 800.0 800.0 800.0 800.0 800.0 801.4177 810.3107 819.2038 828.0969 836.9899 845.8826 854.7751 863.6677 872.5602 881.1066 884.0305 886.9545 889.8784 892.8024 894.7885 895.8634 896.9384 898.0134 899.0883 899.0745 899.0111 898.9477
703.2298 704.5268 705.8238 707.1207 708.4177 708.8651 708.6591 708.453 708.2469 708.0018 705.1008 702.1998 699.2989 696.3979 696.6807 700.6447 704.6086 708.5726 712.5366 723.4485 735.0222 746.5958 758.1693 768.0986 775.1337 782.1688 789.2039 796.239 797.9988 798.534 799.0692 799.6044 800.0 800.0 800.0 800.0 800.0 800.0 800.0 800.0 800.0 801.2173 808.8531 816.4891 824.125 831.7609 840.0796 848.8372 857.5948 866.3524 874.8215 878.6033 882.3851 886.1669 889.9488 892.5792 894.0912 895.6033 897.1154 898.6273 898.6015 898.5057 898.41
701.725 701.4788 701.2327 700.9865 700.7404 700.6175 700.5895 700.5615 700.5334 700.4725 698.1758 695.8792 693.5825 691.2858 691.825 695.6433 699.4617 703.28 707.0983 718.4952 730.6138 742.7324 754.8508 765.3524 773.008 780.6636 788.3192 795.9747 797.8777 798.4453 799.0129 799.5805 800.0 800.0 800.0 800.0 800.0 800.0 800.0 800.0 800.0 801.0168 807.3956 813.7744 820.1531 826.5319 834.2766 842.8992 851.5219 860.1447 868.5363 873.176 877.8157 882.4554 887.0952 890.3701 892.3192 894.2682 896.2173 898.1663 898.1285 898.0004 897.8722
700.1185 698.2758 696.4329 694.5901 692.7473 691.7833 691.4955 691.2076 690.9198 690.6161 689.2335 687.8508 686.4681 685.0855 686.3638 690.7189 695.0739 699.4289 703.7839 715.7442 728.4288 741.1133 753.7977 764.7289 772.5741 780.4193 788.2645 796.1097 798.0179 798.548 799.0781 799.6082 800.0 800.0 800.0 800.0 800.0 800.0 800.0 800.0 800.0 800.8603 806.2567 811.6531 817.0496 822.446 829.7383 838.2495 846.7605 855.2716 863.5999 868.9601 874.3203 879.6804 885.0406 888.8343 891.1063 893.3783 895.6503 897.9222 897.7828 897.5338 897.2848
698.3784 694.8684 691.3584 687.8484 684.3385 682.177 681.0528 679.9286 678.8044 677.6957 677.6349 677.5742 677.5134 677.4526 680.1053 685.8955 691.6857 697.476 703.2662 715.8931 729.1713 742.4493 755.7272 766.9 774.3676 781.8351 789.3026 796.7701 798.5021 798.9027 799.3033 799.7039 800.0 800.0 800.0 800.0 800.0 800.0 800.0 800.0 800.0 800.7614 805.5374 810.3134 815.0893 819.8653 826.8655 835.2957 843.7258 852.1559 860.4393 866.339 872.2387 878.1384 884.0381 888.1853 890.6299 893.0746 895.5192 897.9639 897.6049 897.1184 896.632
696.6382 691.4611 686.2839 681.1068 675.9297 672.5706 670.6101 668.6496 666.689 664.7752 666.0363 667.2975 668.5586 669.8197 673.8468 681.0722 688.2976 695.523 702.7484 716.0421 729.9137 743.7853 757.6567 769.0712 776.1611 783.2509 790.3407 797.4305 798.9863 799.2574 799.5285 799.7996 800.0 800.0 800.0 800.0 800.0 800.0 800.0 800.0 800.0 800.6625 804.818 808.9735 813.129 817.2845 823.9927 832.3419 840.6911 849.0403 857.2786 863.7179 870.1572 876.5964 883.0356 887.5363 890.1536 892.7709 895.3882 898.0054 897.4269 896.703 895.9792
694.8981 688.0538 681.2095 674.3651 667.5209 662.9642 660.1674 657.3705 654.5737 651.8548 654.4378 657.0208 659.6038 662.1868 667.5883 676.2489 684.9095 693.57 702.2306 716.191 730.6562 745.1213 759.5862 771.2424 777.9545 784.6667 791.3788 798.091 799.4705 799.6121 799.7537 799.8953 800.0 800.0 800.0 800.0 800.0 800.0 800.0 800.0 800.0 800.5635 804.0986 807.6337 811.1688 814.7039 821.1199 829.3882 837.6564 845.9247 854.118 861.0968 868.0756 875.0544 882.0332 886.8872 889.6772 892.4672 895.2571 898.0471 897.2489 896.2876 895.3264
693.158 684.6464 676.1349 667.6235 659.1121 653.3579 649.7247 646.0915 642.4583 638.9343 642.8392 646.7441 650.649 654.5539 661.3298 671.4256 681.5213 691.6171 701.7128 716.3399 731.3986 746.4573 761.5157 773.4136 779.748 786.0825 792.417 798.7515 799.9547 799.9668 799.9789 799.991 800.0 800.0 800.0 800.0 800.0 800.0 800.0 800.0 800.0 800.4646 803.3793 806.2939 809.2085 812.1231 818.2472 826.4344 834.6218 842.809 850.9574 858.4757 865.9941 873.5124 881.0307 886.2382 889.2008 892.1635 895.126 898.0886 897.0709 895.8722 894.6735
691.904 682.4638 673.0236 663.5834 654.1434 647.7145 643.6019 639.4894 635.377 631.3975 636.4679 641.5382 646.6085 651.6788 659.777 671.3765 682.9759 694.5753 706.1747 720.7779 735.6671 750.5563 765.4453 776.9352 782.442 787.9489 793.4557 798.9625 800.0 800.0 800.0 800.0 800.0 800.0 800.0 800.0 800.0 800.0 800.0 800.0 800.0 800.4203 803.0568 805.6933 808.3298 810.9662 817.3729 826.2031 835.0334 843.8636 852.6296 860.3549 868.0802 875.8055 883.5308 888.5904 891.0605 893.5306 896.0007 898.4708 897.4478 896.2661 895.0843
690.7002 680.4075 670.1147 659.8221 649.5295 642.4799 637.9249 633.37 628.815 624.4162 630.6358 636.8554 643.075 649.2946 658.7097 671.8199 684.9301 698.0403 711.1505 725.6584 740.2994 754.9405 769.5812 780.5961 785.2289 789.8616 794.4944 799.1272 800.0 800.0 800.0 800.0 800.0 800.0 800.0 800.0 800.0 800.0 800.0 800.0 800.0 800.3816 802.7753 805.1689 807.5626 809.9564 816.7048 826.2527 835.8005 845.3484 854.8005 862.6985 870.5964 878.4943 886.3922 891.2523 893.1613 895.0702 896.9792 898.8881 897.882 896.7434 895.6049
689.4964 678.3511 667.2059 656.0607 644.9157 637.2453 632.2479 627.2505 622.2531 617.4349 624.8038 632.1727 639.5416 646.9103 657.6425 672.2634 686.8844 701.5054 716.1263 730.539 744.9318 759.3246 773.7172 784.2571 788.0158 791.7745 795.5331 799.2919 800.0 800.0 800.0 800.0 800.0 800.0 800.0 800.0 800.0 800.0 800.0 800.0 800.0 800.3429 802.4938 804.6447 806.7955 808.9464 816.0367 826.3022 836.5677 846.8333 856.9714 865.042 873.1125 881.1831 889.2537 893.9141 895.262 896.6098 897.9576 899.3054 898.3162 897.2208 896.1254
688.2926 676.2949 664.2971 652.2994 640.3019 632.0107 626.5709 621.131 615.6911 610.4536 618.9717 627.4899 636.0081 644.5261 656.5751 672.7068 688.8386 704.9703 721.1021 735.4195 749.5641 763.7087 777.8531 787.9181 790.8027 793.6873 796.5719 799.4565 800.0 800.0 800.0 800.0 800.0 800.0 800.0 800.0 800.0 800.0 800.0 800.0 800.0 800.3042 802.2123 804.1204 806.0284 807.9365 815.3686 826.3517 837.335 848.3181 859.1423 867.3855 875.6287 883.8719 892.1151 896.576 897.3627 898.1494 898.936 899.7227 898.7504 897.6981 896.6459
688.5174 676.6032 664.689 652.7749 640.8609 632.4235 626.6605 620.8975 615.1345 609.5858 618.6052 627.6246 636.6439 645.6632 658.2857 675.0745 691.8632 708.6519 725.4407 739.4759 753.2488 767.0218 780.7946 790.4072 792.6975 794.9879 797.2782 799.5685 800.0 800.0 800.0 800.0 800.0 800.0 800.0 800.0 800.0 800.0 800.0 800.0 800.0 800.2651 801.9283 803.5916 805.2548 806.918 814.3117 825.3892 836.4666 847.544 858.4739 867.0091 875.5443 884.0795 892.6146 897.0496 897.5014 897.9532 898.405 898.8569 897.9152 896.9103 895.9053
691.0604 680.7488 670.4371 660.1255 649.814 642.0001 636.1077 630.2152 624.3228 618.6384 627.1075 635.5765 644.0456 652.5145 664.504 680.5643 696.6246 712.685 728.7453 742.1949 755.3959 768.5969 781.7977 790.9948 793.1448 795.2949 797.4449 799.5949 800.0 800.0 800.0 800.0 800.0 800.0 800.0 800.0 800.0 800.0 800.0 800.0 800.0 800.2256 801.6406 803.0557 804.4707 805.8857 812.6238 822.784 832.9442 843.1042 853.1982 862.219 871.2398 880.2606 889.2814 893.972 894.4562 894.9405 895.4247 895.9089 895.0203 894.0693 893.1182
693.6035 684.8943 676.1851 667.476 658.7669 651.5766 645.5547 639.5328 633.5109 627.691 635.6097 643.5284 651.447 659.3656 670.7222 686.0541 701.386 716.718 732.0499 744.9139 757.5429 770.1719 782.8008 791.5823 793.592 795.6018 797.6116 799.6213 800.0 800.0 800.0 800.0 800.0 800.0 800.0 800.0 800.0 800.0 800.0 800.0 800.0 800.186 801.3528 802.5197 803.6865 804.8534 810.9361 820.1789 829.4218 838.6646 847.9225 857.429 866.9354 876.4418 885.9482 890.8946 891.4112 891.9278 892.4444 892.961 892.1254 891.2283 890.3312
696.1465 689.0398 681.9331 674.8264 667.7198 661.1531 655.0017 648.8503 642.6989 636.7435 644.1119 651.4802 658.8485 666.2167 676.9405 691.5439 706.1475 720.7509 735.3544 747.6329 759.6899 771.747 783.8039 792.1699 794.0393 795.9088 797.7783 799.6478 800.0 800.0 800.0 800.0 800.0 800.0 800.0 800.0 800.0 800.0 800.0 800.0 800.0 800.1464 801.0651 801.9838 802.9024 803.8211 809.2483 817.5739 825.8994 834.2249 842.6469 852.639 862.631 872.623 882.6151 887.8171 888.3661 888.9151 889.4641 890.0131 889.2305 888.3874 887.5443
698.6895 693.1853 687.6811 682.1769 676.6728 670.7296 664.4487 658.1679 651.887 645.7961 652.614 659.432 666.25 673.0679 683.1587 697.0338 710.9088 724.7839 738.659 750.3519 761.837 773.3221 784.8069 792.7574 794.4866 796.2158 797.945 799.6742 800.0 800.0 800.0 800.0 800.0 800.0 800.0 800.0 800.0 800.0 800.0 800.0 800.0 800.1069 800.7773 801.4478 802.1183 802.7888 807.5605 814.9688 822.377 829.7853 837.3713 847.8489 858.3266 868.8043 879.2819 884.7397 885.321 885.9024 886.4838 887.0651 886.3356 885.5464 884.7573
702.2786 697.61 692.9415 688.273 683.6046 678.4606 672.951 667.4415 661.9319 656.5905 662.6826 668.7747 674.8669 680.9589 690.0999 702.7662 715.4325 728.0988 740.7651 751.7379 762.5494 773.361 784.1722 791.7578 793.6654 795.5731 797.4807 799.3884 799.789 799.8398 799.8906 799.9414 799.938 799.7809 799.6239 799.4668 799.3098 798.7787 798.0952 797.4115 796.7279 796.2095 796.5625 796.9155 797.2685 797.6215 801.8287 808.5137 815.1987 821.8837 828.7724 838.9735 849.1746 859.3757 869.5768 874.4695 874.2056 873.9418 873.6779 873.414 871.8818 870.2921 868.7023
706.0436 702.0818 698.1201 694.1583 690.1966 685.8815 681.2946 676.7077 672.1208 667.6777 673.0145 678.3512 683.688 689.0247 697.1625 708.5394 719.9162 731.293 742.6699 752.9 763.0208 773.1416 783.2623 790.4915 792.6311 794.7708 796.9104 799.05 799.5425 799.6527 799.7628 799.873 799.8656 799.5251 799.1846 798.8441 798.5035 797.3523 795.8701 794.388 792.9059 791.6638 791.6877 791.7115 791.7355 791.7593 795.4174 801.4117 807.4061 813.4004 819.615 829.4114 839.2079 849.0043 858.8007 862.9905 861.7339 860.4773 859.2206 857.9641 855.4856 852.9515 850.4175
709.8085 706.5535 703.2986 700.0436 696.7887 693.3024 689.6381 685.9739 682.3096 678.7649 683.3463 687.9277 692.5091 697.0904 704.2252 714.3126 724.3999 734.4872 744.5746 754.062 763.4921 772.9223 782.3523 789.2251 791.5967 793.9684 796.34 798.7117 799.2961 799.4656 799.6351 799.8046 799.7932 799.2692 798.7452 798.2213 797.6973 795.9258 793.6451 791.3645 789.0839 787.1182 786.8129 786.5076 786.2024 785.8972 789.006 794.3097 799.6134 804.9171 810.4576 819.8494 829.2411 838.6329 848.0247 851.5115 849.2622 847.0128 844.7634 842.5141 839.0893 835.611 832.1328
713.5734 711.0253 708.4771 705.9289 703.3807 700.7233 697.9817 695.2401 692.4985 689.8521 693.6782 697.5042 701.3302 705.1561 711.2879 720.0858 728.8836 737.6815 746.4794 755.2239 763.9634 772.703 781.4424 787.9588 790.5624 793.1661 795.7697 798.3734 799.0496 799.2784 799.5073 799.7361 799.7208 799.0133 798.3059 797.5984 796.8911 794.4993 791.4202 788.341 785.2618 782.5724 781.938 781.3037 780.6693 780.035 782.5947 787.2077 791.8207 796.4337 801.3002 810.2874 819.2745 828.2616 837.2487 840.0326 836.7905 833.5483 830.3063 827.0642 822.693 818.2704 813.848
717.4999 715.1585 712.8172 710.4758 708.1345 705.9219 703.8083 701.6948 699.5812 697.5434 700.6533 703.7633 706.8732 709.9831 715.2181 722.9104 730.6027 738.2949 745.9872 754.3262 762.7269 771.1275 779.528 785.9492 788.8867 791.824 794.7615 797.6989 798.5239 798.8585 799.1932 799.5278 799.4961 798.4266 797.3572 796.2877 795.2183 791.906 787.6783 783.4507 779.2231 775.5338 774.6827 773.8317 772.9807 772.1297 774.6473 779.3303 784.0134 788.6964 793.6076 802.2275 810.8475 819.4675 828.0874 830.1804 825.933 821.6857 817.4384 813.191 807.7773 802.3105 796.8437
721.7527 718.6075 715.4622 712.3169 709.1717 706.6278 704.5466 702.4655 700.3842 698.3691 700.8423 703.3156 705.7888 708.262 712.8153 719.7737 726.7322 733.6906 740.6491 749.2643 758.0372 766.8101 775.5829 782.4371 785.9141 789.3911 792.868 796.345 797.4337 797.9679 798.5022 799.0364 798.9637 797.1712 795.3787 793.5861 791.7936 786.9537 780.87 774.7863 768.7026 763.4548 762.6145 761.7743 760.934 760.0938 763.5943 769.8853 776.1763 782.4673 788.8763 797.2049 805.5334 813.862 822.1906 823.6173 818.3394 813.0615 807.7836 802.5057 795.8549 789.1417 782.4284
726.0057 722.0565 718.1072 714.158 710.2088 707.3337 705.2849 703.236 701.1872 699.1947 701.0313 702.8678 704.7043 706.5409 710.4125 716.6371 722.8618 729.0864 735.311 744.2023 753.3475 762.4928 771.6379 778.9249 782.9415 786.958 790.9745 794.9911 796.3434 797.0773 797.8112 798.5451 798.4313 795.9158 793.4001 790.8846 788.369 782.0014 774.0616 766.1218 758.1821 751.3758 750.5463 749.7169 748.8874 748.0579 752.5414 760.4404 768.3393 776.2383 784.1451 792.1823 800.2194 808.2566 816.2938 817.0542 810.7457 804.4373 798.1288 791.8204 783.9326 775.9728 768.0132
730.2585 725.5054 720.7522 715.999 711.246 708.0396 706.0231 704.0067 701.9902 700.0203 701.2202 702.42 703.6199 704.8198 708.0096 713.5004 718.9913 724.4821 729.9729 739.1403 748.6579 758.1755 767.6929 775.4128 779.9689 784.525 789.0811 793.6371 795.2532 796.1867 797.1202 798.0538 797.8989 794.6603 791.4216 788.183 784.9443 777.0491 767.2532 757.4573 747.6616 739.2969 738.4781 737.6594 736.8407 736.022 741.4885 750.9954 760.5023 770.0092 779.4138 787.1596 794.9054 802.6512 810.397 810.491 803.152 795.813 788.474 781.1351 772.0101 762.804 753.5979
