data/zism_data/00522_02_D.txt
ncols         224
nrows         224
[rows 56 to 83 of 224, columns 63 to 125 of 224]
1100.445 1100.791 1101.136 1101.481 1105.415 1110.615 1115.815 1121.015 1127.558 1139.888 1152.217 1164.547 1176.876 1187.804 1197.935 1208.065 1218.196 1228.175 1236.565 1244.955 1253.344 1261.734 1271.236 1281.699 1292.162 1302.625 1313.088 1330.127 1347.263 1364.4 1381.535 1398.99 1416.858 1434.726 1452.593 1470.462 1484.106 1497.196 1510.286 1523.377 1536.49 1549.651 1562.811 1575.971 1589.132 1603.205 1617.532 1631.859 1646.187 1661.443 1679.775 1698.107 1716.439 1734.772 1753.147 1771.544 1789.939 1808.335 1826.717 1844.998 1863.28 1881.562 1899.844
1100.404 1100.717 1101.03 1101.343 1105.046 1109.945 1114.845 1119.745 1125.843 1137.105 1148.366 1159.629 1170.891 1180.224 1188.46 1196.697 1204.933 1213.072 1220.174 1227.276 1234.378 1241.48 1250.114 1260.073 1270.031 1279.99 1289.949 1307.621 1325.406 1343.191 1360.976 1378.852 1396.843 1414.834 1432.825 1450.817 1464.447 1477.505 1490.563 1503.621 1517.02 1531.097 1545.175 1559.252 1573.33 1588.3 1603.518 1618.736 1633.954 1649.814 1667.803 1685.792 1703.781 1721.77 1740.124 1758.649 1777.173 1795.698 1814.249 1832.97 1851.692 1870.414 1889.136
1100.756 1101.342 1101.928 1102.514 1106.536 1111.77 1117.004 1122.238 1128.478 1139.054 1149.631 1160.207 1170.783 1178.711 1185.132 1191.554 1197.975 1204.332 1209.998 1215.665 1221.332 1226.999 1234.639 1243.986 1253.334 1262.681 1272.028 1289.755 1307.605 1325.456 1343.306 1361.111 1378.858 1396.605 1414.351 1432.098 1445.687 1458.731 1471.776 1484.82 1498.537 1513.599 1528.661 1543.722 1558.784 1574.569 1590.554 1606.539 1622.524 1638.894 1656.535 1674.177 1691.818 1709.46 1727.716 1746.261 1764.805 1783.349 1801.909 1820.575 1839.242 1857.908 1876.575
1101.76 1103.124 1104.488 1105.852 1111.1 1117.718 1124.336 1130.954 1138.308 1148.831 1159.354 1169.876 1180.399 1187.232 1191.969 1196.706 1201.443 1206.115 1210.102 1214.089 1218.077 1222.064 1228.503 1237.061 1245.62 1254.178 1262.737 1279.564 1296.512 1313.461 1330.41 1347.335 1364.228 1381.122 1398.016 1414.909 1428.414 1441.474 1454.535 1467.595 1481.687 1497.843 1514.0 1530.156 1546.313 1562.776 1579.325 1595.873 1612.422 1629.142 1646.429 1663.717 1681.004 1698.292 1716.325 1734.709 1753.092 1771.475 1789.782 1807.573 1825.365 1843.157 1860.949
1102.763 1104.905 1107.047 1109.189 1115.663 1123.666 1131.668 1139.671 1148.138 1158.607 1169.076 1179.545 1190.014 1195.754 1198.806 1201.858 1204.91 1207.897 1210.205 1212.513 1214.821 1217.129 1222.366 1230.136 1237.906 1245.675 1253.445 1269.372 1285.42 1301.467 1317.515 1333.559 1349.599 1365.64 1381.68 1397.721 1411.141 1424.217 1437.294 1450.37 1464.838 1482.089 1499.34 1516.591 1533.842 1550.984 1568.096 1585.208 1602.32 1619.391 1636.324 1653.257 1670.19 1687.124 1704.935 1723.158 1741.38 1759.602 1777.654 1794.571 1811.489 1828.406 1845.324
1103.766 1106.687 1109.607 1112.527 1120.227 1129.614 1139.0 1148.387 1157.968 1168.383 1178.799 1189.214 1199.629 1204.275 1205.643 1207.01 1208.377 1209.68 1210.309 1210.937 1211.566 1212.194 1216.229 1223.21 1230.192 1237.173 1244.154 1259.181 1274.327 1289.473 1304.619 1319.783 1334.971 1350.158 1365.345 1380.533 1393.868 1406.96 1420.053 1433.145 1447.989 1466.334 1484.68 1503.026 1521.371 1539.192 1556.867 1574.543 1592.218 1609.64 1626.218 1642.798 1659.377 1675.956 1693.545 1711.606 1729.668 1747.729 1765.527 1781.57 1797.613 1813.655 1829.698
1104.77 1108.468 1112.166 1115.864 1124.791 1135.562 1146.333 1157.104 1167.798 1178.16 1188.521 1198.883 1209.245 1212.797 1212.479 1212.162 1211.845 1211.463 1210.412 1209.362 1208.311 1207.26 1210.093 1216.285 1222.477 1228.67 1234.862 1248.99 1263.234 1277.479 1291.723 1306.007 1320.341 1334.676 1349.01 1363.344 1376.595 1389.703 1402.812 1415.92 1431.14 1450.579 1470.02 1489.46 1508.9 1527.4 1545.638 1563.877 1582.116 1599.888 1616.113 1632.338 1648.563 1664.788 1682.154 1700.055 1717.955 1735.855 1753.399 1768.567 1783.736 1798.904 1814.072
1106.259 1111.112 1115.965 1120.818 1131.035 1143.146 1155.258 1167.369 1179.271 1190.27 1201.269 1212.269 1223.268 1227.105 1226.871 1226.637 1226.404 1225.988 1223.666 1221.343 1219.021 1216.698 1218.514 1223.909 1229.304 1234.698 1240.093 1252.439 1264.887 1277.335 1289.782 1302.514 1315.614 1328.714 1341.814 1354.914 1368.377 1381.887 1395.397 1408.907 1424.294 1443.432 1462.571 1481.709 1500.848 1519.158 1537.237 1555.317 1573.396 1591.082 1607.463 1623.844 1640.224 1656.605 1673.431 1690.466 1707.5 1724.535 1741.196 1755.36 1769.526 1783.691 1797.856
1107.851 1113.938 1120.025 1126.111 1137.635 1151.076 1164.518 1177.96 1191.089 1202.872 1214.654 1226.437 1238.22 1242.631 1242.854 1243.076 1243.298 1243.196 1239.688 1236.18 1232.672 1229.163 1230.0 1234.596 1239.191 1243.786 1248.382 1258.76 1269.222 1279.685 1290.148 1301.186 1312.971 1324.757 1336.542 1348.328 1362.065 1376.058 1390.051 1404.044 1419.554 1438.097 1456.64 1475.183 1493.726 1511.662 1529.431 1547.2 1564.968 1582.476 1599.119 1615.763 1632.406 1649.05 1665.269 1681.29 1697.31 1713.331 1728.975 1742.11 1755.245 1768.38 1781.515
1109.443 1116.763 1124.084 1131.405 1144.234 1159.006 1173.778 1188.55 1202.907 1215.473 1228.039 1240.605 1253.171 1258.157 1258.836 1259.514 1260.192 1260.404 1255.71 1251.016 1246.322 1241.628 1241.487 1245.282 1249.078 1252.874 1256.67 1265.08 1273.558 1282.036 1290.513 1299.858 1310.328 1320.8 1331.27 1341.742 1355.753 1370.229 1384.705 1399.181 1414.815 1432.762 1450.709 1468.656 1486.604 1504.168 1521.625 1539.082 1556.539 1573.869 1590.775 1607.682 1624.588 1641.495 1657.107 1672.114 1687.12 1702.127 1716.755 1728.86 1740.965 1753.07 1765.175
1111.034 1119.589 1128.144 1136.699 1150.833 1166.935 1183.038 1199.141 1214.726 1228.075 1241.424 1254.774 1268.123 1273.684 1274.818 1275.953 1277.087 1277.612 1271.732 1265.852 1259.973 1254.093 1252.973 1255.969 1258.966 1261.962 1264.959 1271.401 1277.893 1284.386 1290.878 1298.529 1307.686 1316.842 1325.999 1335.155 1349.441 1364.4 1379.359 1394.318 1410.075 1427.426 1444.778 1462.13 1479.482 1496.673 1513.818 1530.965 1548.111 1565.263 1582.432 1599.601 1616.77 1633.94 1648.945 1662.938 1676.93 1690.923 1704.535 1715.61 1726.684 1737.759 1748.834
1112.546 1122.273 1131.999 1141.726 1157.075 1174.408 1191.741 1209.074 1225.791 1239.851 1253.911 1267.972 1282.032 1288.426 1290.464 1292.502 1294.541 1295.842 1289.403 1282.964 1276.525 1270.086 1268.282 1270.486 1272.691 1274.895 1277.099 1281.75 1286.436 1291.122 1295.808 1301.758 1309.348 1316.939 1324.53 1332.121 1346.25 1361.237 1376.224 1391.21 1406.763 1423.445 1440.128 1456.81 1473.492 1490.12 1506.734 1523.347 1539.96 1556.707 1573.894 1591.081 1608.267 1625.455 1639.796 1652.806 1665.815 1678.825 1691.476 1701.736 1711.997 1722.257 1732.517
1113.847 1124.582 1135.318 1146.053 1162.379 1180.677 1198.977 1217.275 1234.874 1249.454 1264.035 1278.616 1293.197 1301.107 1305.227 1309.347 1313.467 1316.763 1311.413 1306.064 1300.714 1295.364 1293.651 1295.082 1296.514 1297.946 1299.378 1302.7 1306.051 1309.401 1312.751 1316.977 1322.341 1327.706 1333.07 1338.434 1351.271 1365.088 1378.906 1392.723 1407.207 1423.026 1438.844 1454.663 1470.482 1486.049 1501.546 1517.043 1532.54 1548.284 1564.843 1581.403 1597.962 1614.521 1628.048 1640.157 1652.265 1664.373 1676.208 1686.222 1696.235 1706.248 1716.262
1115.148 1126.892 1138.636 1150.38 1167.683 1186.947 1206.212 1225.476 1243.957 1259.058 1274.159 1289.26 1304.361 1313.788 1319.989 1326.191 1332.392 1337.684 1333.423 1329.163 1324.902 1320.641 1319.018 1319.678 1320.337 1320.996 1321.655 1323.65 1325.665 1327.679 1329.693 1332.196 1335.334 1338.472 1341.609 1344.747 1356.292 1368.939 1381.587 1394.235 1407.652 1422.606 1437.561 1452.516 1467.471 1481.977 1496.358 1510.74 1525.121 1539.862 1555.793 1571.725 1587.656 1603.588 1616.301 1627.508 1638.715 1649.922 1660.941 1670.708 1680.474 1690.241 1700.007
1116.449 1129.202 1141.954 1154.707 1172.987 1193.217 1213.447 1233.677 1253.04 1268.661 1284.282 1299.904 1315.526 1326.468 1334.751 1343.035 1351.318 1358.605 1355.433 1352.262 1349.09 1345.918 1344.386 1344.273 1344.16 1344.046 1343.933 1344.6 1345.278 1345.957 1346.635 1347.415 1348.326 1349.237 1350.149 1351.06 1361.313 1372.791 1384.269 1395.747 1408.096 1422.187 1436.278 1450.369 1464.461 1477.905 1491.17 1504.436 1517.701 1531.44 1546.743 1562.047 1577.351 1592.655 1604.554 1614.86 1625.165 1635.471 1645.674 1655.194 1664.714 1674.233 1683.753
1117.75 1131.511 1145.273 1159.034 1178.291 1199.487 1220.683 1241.879 1262.123 1278.265 1294.407 1310.549 1326.691 1339.149 1349.514 1359.879 1370.244 1379.526 1377.444 1375.361 1373.279 1371.196 1369.755 1368.869 1367.983 1367.097 1366.211 1365.551 1364.893 1364.236 1363.578 1362.635 1361.319 1360.004 1358.688 1357.373 1366.334 1376.642 1386.951 1397.259 1408.541 1421.768 1434.995 1448.222 1461.45 1473.833 1485.983 1498.132 1510.281 1523.017 1537.693 1552.369 1567.045 1581.721 1592.806 1602.211 1611.615 1621.019 1630.406 1639.679 1648.952 1658.225 1667.498
1118.219 1132.343 1146.468 1160.592 1180.253 1201.866 1223.48 1245.093 1265.854 1282.94 1300.026 1317.113 1334.199 1348.092 1360.169 1372.246 1384.323 1395.364 1395.518 1395.671 1395.825 1395.978 1395.788 1395.299 1394.811 1394.323 1393.834 1392.61 1391.375 1390.139 1388.904 1386.855 1383.749 1380.642 1377.535 1374.429 1381.536 1389.983 1398.43 1406.876 1416.339 1427.831 1439.324 1450.816 1462.309 1473.271 1484.087 1494.903 1505.718 1517.276 1531.293 1545.311 1559.328 1573.345 1583.831 1592.665 1601.498 1610.331 1619.183 1628.159 1637.135 1646.11 1655.086
1118.371 1132.613 1146.856 1161.099 1180.945 1202.767 1224.59 1246.413 1267.552 1285.744 1303.935 1322.127 1340.318 1355.614 1369.263 1382.913 1396.562 1409.27 1412.096 1414.922 1417.747 1420.573 1422.073 1422.427 1422.781 1423.136 1423.49 1421.992 1420.467 1418.942 1417.417 1414.497 1409.765 1405.032 1400.3 1395.568 1400.608 1406.93 1413.252 1419.574 1426.931 1436.358 1445.785 1455.211 1464.638 1474.043 1483.442 1492.841 1502.24 1512.555 1525.901 1539.248 1552.594 1565.941 1575.91 1584.298 1592.686 1601.073 1609.497 1618.156 1626.815 1635.474 1644.133
1118.523 1132.884 1147.245 1161.605 1181.636 1203.668 1225.701 1247.733 1269.25 1288.547 1307.843 1327.141 1346.437 1363.135 1378.357 1393.579 1408.8 1423.176 1428.674 1434.172 1439.669 1445.167 1448.358 1449.555 1450.751 1451.948 1453.144 1451.373 1449.558 1447.743 1445.928 1442.138 1435.78 1429.422 1423.064 1416.706 1419.679 1423.877 1428.074 1432.271 1437.523 1444.884 1452.245 1459.606 1466.967 1474.815 1482.797 1490.78 1498.762 1507.833 1520.509 1533.185 1545.861 1558.537 1567.988 1575.931 1583.874 1591.816 1599.811 1608.153 1616.496 1624.838 1633.181
1118.676 1133.154 1147.633 1162.112 1182.328 1204.57 1226.811 1249.052 1270.948 1291.35 1311.752 1332.154 1352.556 1370.658 1387.451 1404.245 1421.039 1437.083 1445.252 1453.422 1461.592 1469.762 1474.644 1476.683 1478.722 1480.76 1482.799 1480.755 1478.65 1476.546 1474.441 1469.78 1461.797 1453.813 1445.829 1437.845 1438.751 1440.824 1442.896 1444.969 1448.116 1453.411 1458.706 1464.001 1469.297 1475.586 1482.152 1488.719 1495.284 1503.112 1515.117 1527.122 1539.127 1551.132 1560.067 1567.564 1575.061 1582.558 1590.125 1598.151 1606.177 1614.202 1622.229
1119.121 1133.767 1148.414 1163.06 1183.402 1205.755 1228.108 1250.46 1272.641 1294.079 1315.517 1336.956 1358.394 1377.767 1395.966 1414.165 1432.363 1449.896 1460.433 1470.971 1481.509 1492.046 1498.509 1501.447 1504.385 1507.323 1510.261 1508.195 1506.056 1503.916 1501.777 1496.672 1487.713 1478.753 1469.794 1460.835 1460.036 1460.308 1460.58 1460.851 1462.05 1465.101 1468.152 1471.203 1474.255 1478.892 1483.97 1489.047 1494.125 1500.643 1511.934 1523.224 1534.515 1545.806 1554.261 1561.39 1568.518 1575.646 1582.859 1590.635 1598.411 1606.186 1613.962
1120.958 1136.007 1151.056 1166.104 1186.29 1208.288 1230.287 1252.286 1274.313 1296.459 1318.605 1340.752 1362.899 1382.918 1401.728 1420.539 1439.349 1457.521 1468.981 1480.441 1491.902 1503.362 1510.88 1514.988 1519.096 1523.203 1527.311 1526.42 1525.455 1524.491 1523.526 1520.005 1513.16 1506.314 1499.469 1492.624 1491.838 1491.847 1491.855 1491.864 1491.857 1491.818 1491.779 1491.74 1491.701 1494.234 1497.482 1500.73 1503.978 1508.877 1519.245 1529.613 1539.98 1550.348 1558.506 1565.629 1572.752 1579.875 1587.092 1594.932 1602.772 1610.612 1618.452
1122.796 1138.247 1153.698 1169.149 1189.178 1210.822 1232.467 1254.111 1275.984 1298.839 1321.693 1344.549 1367.403 1388.069 1407.491 1426.913 1446.335 1465.145 1477.528 1489.911 1502.295 1514.678 1523.251 1528.528 1533.805 1539.083 1544.36 1544.644 1544.854 1545.065 1545.275 1543.337 1538.606 1533.874 1529.143 1524.411 1523.638 1523.384 1523.13 1522.876 1521.663 1518.534 1515.405 1512.275 1509.146 1509.576 1510.994 1512.413 1513.831 1517.111 1526.556 1536.001 1545.446 1554.891 1562.751 1569.869 1576.986 1584.104 1591.324 1599.229 1607.133 1615.037 1622.942
1124.633 1140.487 1156.34 1172.194 1192.066 1213.356 1234.647 1255.937 1277.656 1301.219 1324.781 1348.345 1371.907 1393.22 1413.253 1433.287 1453.321 1472.77 1486.075 1499.381 1512.688 1525.993 1535.622 1542.068 1548.515 1554.962 1561.409 1562.868 1564.253 1565.639 1567.024 1566.669 1564.052 1561.434 1558.817 1556.199 1555.439 1554.922 1554.405 1553.888 1551.47 1545.25 1539.03 1532.811 1526.591 1524.918 1524.507 1524.096 1523.685 1525.345 1533.867 1542.389 1550.911 1559.434 1566.995 1574.108 1581.22 1588.333 1595.557 1603.525 1611.494 1619.463 1627.432
1126.471 1142.727 1158.983 1175.238 1194.954 1215.89 1236.827 1257.763 1279.328 1303.598 1327.869 1352.141 1376.412 1398.371 1419.016 1439.662 1460.307 1480.394 1494.623 1508.852 1523.081 1537.309 1547.993 1555.609 1563.226 1570.842 1578.459 1581.093 1583.653 1586.214 1588.774 1590.002 1589.499 1588.995 1588.492 1587.988 1587.24 1586.46 1585.68 1584.9 1581.277 1571.967 1562.657 1553.347 1544.037 1540.26 1538.019 1535.779 1533.538 1533.579 1541.178 1548.778 1556.377 1563.976 1571.24 1578.347 1585.454 1592.561 1599.789 1607.822 1615.856 1623.889 1631.922
1128.607 1145.178 1161.75 1178.321 1197.731 1218.142 1238.554 1258.966 1280.147 1304.641 1329.136 1353.631 1378.125 1400.338 1421.253 1442.169 1463.085 1483.479 1498.397 1513.314 1528.232 1543.15 1554.921 1563.971 1573.022 1582.072 1591.122 1595.093 1598.989 1602.885 1606.781 1609.297 1610.022 1610.746 1611.47 1612.195 1611.59 1610.812 1610.033 1609.254 1605.463 1595.648 1585.832 1576.016 1566.2 1561.943 1559.231 1556.518 1553.805 1553.219 1559.674 1566.13 1572.586 1579.042 1586.024 1593.253 1600.482 1607.71 1615.036 1623.006 1630.977 1638.947 1646.918
1130.924 1147.758 1164.593 1181.427 1200.441 1220.225 1240.009 1259.793 1280.451 1304.876 1329.3 1353.726 1378.15 1400.379 1421.359 1442.339 1463.319 1483.82 1499.285 1514.749 1530.215 1545.679 1558.559 1569.203 1579.847 1590.49 1601.134 1606.54 1611.868 1617.197 1622.525 1626.153 1627.569 1628.986 1630.402 1631.818 1631.437 1630.819 1630.201 1629.583 1626.252 1617.493 1608.734 1599.975 1591.216 1587.462 1585.099 1582.734 1580.371 1579.756 1584.934 1590.113 1595.292 1600.471 1607.181 1614.609 1622.036 1629.463 1636.943 1644.774 1652.605 1660.436 1668.267
1133.241 1150.338 1167.435 1184.532 1203.151 1222.307 1241.464 1260.62 1280.756 1305.11 1329.465 1353.821 1378.175 1400.42 1421.464 1442.509 1463.553 1484.161 1500.173 1516.184 1532.197 1548.209 1562.197 1574.434 1586.672 1598.908 1611.146 1617.986 1624.747 1631.508 1638.269 1643.007 1645.116 1647.224 1649.333 1651.442 1651.282 1650.825 1650.369 1649.912 1647.04 1639.338 1631.636 1623.934 1616.232 1612.981 1610.965 1608.95 1606.935 1606.292 1610.194 1614.096 1617.998 1621.9 1628.338 1635.964 1643.59 1651.215 1658.85 1666.541 1674.233 1681.924 1689.616
