data/zism_data/00523_04_D.txt
ncols         224
nrows         224
[rows 145 to 173 of 224, columns 132 to 197 of 224]
1699.875 1699.823 1699.772 1699.613 1699.444 1699.275 1699.105 1699.0 1699.0 1699.0 1699.0 1699.0 1698.782 1698.522 1698.262 1698.002 1697.766 1697.585 1697.404 1697.223 1697.042 1696.718 1696.35 1695.983 1695.616 1695.304 1695.18 1695.055 1694.93 1694.805 1694.778 1694.794 1694.809 1694.825 1694.869 1695.067 1695.266 1695.464 1695.662 1695.934 1696.25 1696.566 1696.882 1697.197 1697.498 1697.798 1698.099 1698.4 1698.535 1698.535 1698.535 1698.535 1698.532 1698.304 1698.077 1697.85 1697.623 1697.451 1697.34 1697.229 1697.118 1697.006 1697.314 1697.647 1697.98 1698.314
1699.914 1699.879 1699.844 1699.672 1699.486 1699.301 1699.115 1699.0 1699.0 1699.0 1699.0 1699.0 1698.773 1698.502 1698.232 1697.961 1697.721 1697.551 1697.38 1697.21 1697.04 1696.718 1696.35 1695.983 1695.616 1695.308 1695.2 1695.091 1694.982 1694.874 1694.896 1694.976 1695.057 1695.136 1695.233 1695.415 1695.597 1695.779 1695.961 1696.237 1696.569 1696.901 1697.234 1697.559 1697.811 1698.064 1698.316 1698.568 1698.682 1698.682 1698.682 1698.682 1698.679 1698.5 1698.321 1698.143 1697.964 1697.779 1697.587 1697.395 1697.203 1697.011 1697.324 1697.668 1698.012 1698.356
1699.954 1699.935 1699.916 1699.73 1699.529 1699.327 1699.126 1699.0 1699.0 1699.0 1699.0 1699.0 1698.764 1698.482 1698.201 1697.92 1697.675 1697.516 1697.356 1697.197 1697.037 1696.718 1696.35 1695.983 1695.616 1695.312 1695.219 1695.127 1695.035 1694.942 1695.015 1695.159 1695.304 1695.448 1695.596 1695.762 1695.928 1696.094 1696.26 1696.54 1696.888 1697.237 1697.585 1697.921 1698.125 1698.329 1698.533 1698.736 1698.828 1698.828 1698.828 1698.828 1698.826 1698.696 1698.565 1698.435 1698.305 1698.106 1697.834 1697.561 1697.288 1697.016 1697.334 1697.689 1698.044 1698.398
1699.993 1699.99 1699.988 1699.789 1699.571 1699.353 1699.136 1699.0 1699.0 1699.0 1699.0 1699.0 1698.755 1698.462 1698.17 1697.878 1697.63 1697.481 1697.332 1697.183 1697.035 1696.718 1696.35 1695.983 1695.616 1695.316 1695.239 1695.163 1695.087 1695.01 1695.133 1695.342 1695.551 1695.76 1695.96 1696.11 1696.26 1696.409 1696.559 1696.843 1697.208 1697.572 1697.937 1698.283 1698.439 1698.594 1698.749 1698.905 1698.974 1698.974 1698.974 1698.974 1698.973 1698.891 1698.809 1698.728 1698.646 1698.434 1698.081 1697.727 1697.374 1697.021 1697.344 1697.71 1698.075 1698.441
1700.0 1700.0 1700.0 1699.823 1699.629 1699.436 1699.242 1699.111 1699.084 1699.058 1699.031 1699.004 1698.753 1698.459 1698.165 1697.871 1697.622 1697.475 1697.328 1697.181 1697.034 1696.738 1696.398 1696.057 1695.716 1695.44 1695.38 1695.32 1695.26 1695.2 1695.307 1695.487 1695.668 1695.848 1696.027 1696.196 1696.365 1696.535 1696.704 1696.983 1697.328 1697.673 1698.018 1698.346 1698.493 1698.64 1698.787 1698.934 1699.0 1699.0 1699.0 1699.0 1698.999 1698.934 1698.87 1698.805 1698.741 1698.559 1698.249 1697.94 1697.63 1697.321 1697.594 1697.904 1698.213 1698.523
1700.0 1700.0 1700.0 1699.853 1699.691 1699.53 1699.368 1699.245 1699.186 1699.127 1699.068 1699.009 1698.753 1698.459 1698.165 1697.871 1697.622 1697.475 1697.328 1697.181 1697.034 1696.763 1696.455 1696.146 1695.838 1695.591 1695.547 1695.503 1695.459 1695.415 1695.493 1695.625 1695.757 1695.889 1696.031 1696.227 1696.423 1696.62 1696.816 1697.088 1697.406 1697.724 1698.043 1698.346 1698.493 1698.64 1698.787 1698.934 1699.0 1699.0 1699.0 1699.0 1698.999 1698.945 1698.892 1698.838 1698.784 1698.641 1698.402 1698.162 1697.922 1697.683 1697.895 1698.134 1698.374 1698.613
1700.0 1700.0 1700.0 1699.882 1699.753 1699.624 1699.495 1699.38 1699.288 1699.197 1699.106 1699.015 1698.753 1698.459 1698.165 1697.871 1697.622 1697.475 1697.328 1697.181 1697.034 1696.788 1696.512 1696.236 1695.959 1695.741 1695.713 1695.685 1695.657 1695.63 1695.679 1695.763 1695.846 1695.93 1696.036 1696.259 1696.482 1696.705 1696.928 1697.193 1697.485 1697.776 1698.067 1698.346 1698.493 1698.64 1698.787 1698.934 1699.0 1699.0 1699.0 1699.0 1698.999 1698.956 1698.913 1698.87 1698.827 1698.724 1698.554 1698.384 1698.215 1698.045 1698.195 1698.365 1698.534 1698.704
1700.0 1700.0 1700.0 1699.911 1699.815 1699.718 1699.621 1699.514 1699.39 1699.267 1699.143 1699.02 1698.753 1698.459 1698.165 1697.871 1697.622 1697.475 1697.328 1697.181 1697.034 1696.813 1696.569 1696.325 1696.081 1695.891 1695.879 1695.868 1695.856 1695.844 1695.865 1695.9 1695.935 1695.97 1696.04 1696.29 1696.54 1696.79 1697.04 1697.298 1697.563 1697.827 1698.092 1698.346 1698.493 1698.64 1698.787 1698.934 1699.0 1699.0 1699.0 1699.0 1699.0 1698.967 1698.935 1698.903 1698.87 1698.806 1698.706 1698.606 1698.507 1698.407 1698.495 1698.595 1698.695 1698.794
1699.996 1699.995 1699.993 1699.919 1699.839 1699.758 1699.677 1699.573 1699.432 1699.291 1699.15 1699.009 1698.738 1698.443 1698.147 1697.852 1697.599 1697.443 1697.287 1697.131 1696.976 1696.777 1696.565 1696.354 1696.142 1695.979 1695.973 1695.967 1695.961 1695.955 1695.957 1695.963 1695.969 1695.975 1696.022 1696.285 1696.549 1696.812 1697.076 1697.325 1697.566 1697.806 1698.047 1698.279 1698.427 1698.576 1698.724 1698.873 1698.946 1698.958 1698.97 1698.982 1698.993 1698.971 1698.95 1698.928 1698.907 1698.874 1698.828 1698.782 1698.736 1698.69 1698.73 1698.776 1698.822 1698.868
1699.983 1699.976 1699.969 1699.87 1699.763 1699.655 1699.547 1699.435 1699.315 1699.196 1699.076 1698.957 1698.685 1698.384 1698.083 1697.782 1697.516 1697.328 1697.14 1696.952 1696.763 1696.582 1696.403 1696.224 1696.044 1695.9 1695.873 1695.845 1695.818 1695.79 1695.801 1695.829 1695.856 1695.884 1695.945 1696.187 1696.429 1696.671 1696.913 1697.144 1697.368 1697.593 1697.817 1698.035 1698.189 1698.343 1698.497 1698.651 1698.75 1698.805 1698.86 1698.915 1698.969 1698.958 1698.947 1698.936 1698.926 1698.903 1698.868 1698.833 1698.797 1698.762 1698.793 1698.829 1698.864 1698.899
1699.97 1699.958 1699.946 1699.821 1699.687 1699.552 1699.417 1699.297 1699.198 1699.1 1699.003 1698.905 1698.632 1698.325 1698.019 1697.713 1697.433 1697.212 1696.992 1696.772 1696.551 1696.387 1696.24 1696.093 1695.946 1695.822 1695.773 1695.724 1695.675 1695.626 1695.645 1695.694 1695.743 1695.792 1695.869 1696.089 1696.309 1696.53 1696.75 1696.963 1697.171 1697.38 1697.588 1697.792 1697.951 1698.11 1698.269 1698.428 1698.554 1698.652 1698.75 1698.848 1698.944 1698.944 1698.944 1698.944 1698.944 1698.933 1698.908 1698.884 1698.859 1698.835 1698.856 1698.881 1698.905 1698.93
1699.957 1699.939 1699.922 1699.772 1699.611 1699.449 1699.288 1699.158 1699.082 1699.005 1698.929 1698.852 1698.578 1698.267 1697.955 1697.643 1697.35 1697.097 1696.844 1696.592 1696.339 1696.192 1696.078 1695.963 1695.848 1695.744 1695.673 1695.603 1695.532 1695.462 1695.489 1695.56 1695.63 1695.701 1695.792 1695.991 1696.19 1696.389 1696.588 1696.782 1696.974 1697.166 1697.358 1697.548 1697.713 1697.877 1698.042 1698.206 1698.358 1698.499 1698.64 1698.781 1698.92 1698.931 1698.942 1698.953 1698.963 1698.962 1698.949 1698.935 1698.921 1698.907 1698.92 1698.933 1698.947 1698.961
1699.944 1699.921 1699.898 1699.724 1699.535 1699.346 1699.158 1699.02 1698.965 1698.91 1698.855 1698.8 1698.525 1698.208 1697.891 1697.574 1697.267 1696.982 1696.697 1696.412 1696.127 1695.997 1695.915 1695.833 1695.75 1695.666 1695.573 1695.481 1695.389 1695.297 1695.333 1695.425 1695.517 1695.609 1695.715 1695.893 1696.07 1696.247 1696.425 1696.601 1696.777 1696.953 1697.129 1697.304 1697.474 1697.644 1697.814 1697.984 1698.162 1698.346 1698.53 1698.714 1698.896 1698.917 1698.939 1698.961 1698.982 1698.992 1698.989 1698.986 1698.983 1698.98 1698.983 1698.986 1698.989 1698.992
1699.864 1699.808 1699.752 1699.597 1699.432 1699.267 1699.103 1698.962 1698.863 1698.763 1698.663 1698.564 1698.283 1697.969 1697.654 1697.34 1697.035 1696.753 1696.471 1696.188 1695.906 1695.775 1695.69 1695.605 1695.52 1695.433 1695.339 1695.245 1695.15 1695.056 1695.109 1695.227 1695.344 1695.462 1695.583 1695.728 1695.872 1696.016 1696.16 1696.326 1696.505 1696.685 1696.864 1697.043 1697.223 1697.402 1697.581 1697.76 1697.964 1698.187 1698.41 1698.634 1698.854 1698.886 1698.919 1698.951 1698.983 1699.0 1699.0 1699.0 1699.0 1699.0 1699.0 1699.0 1699.0 1699.0
1699.758 1699.659 1699.561 1699.441 1699.319 1699.198 1699.076 1698.936 1698.766 1698.597 1698.427 1698.257 1697.971 1697.661 1697.352 1697.043 1696.747 1696.481 1696.215 1695.949 1695.683 1695.543 1695.442 1695.341 1695.239 1695.141 1695.052 1694.964 1694.875 1694.786 1694.859 1695.004 1695.148 1695.293 1695.431 1695.537 1695.644 1695.75 1695.857 1696.016 1696.205 1696.396 1696.586 1696.776 1696.966 1697.156 1697.346 1697.536 1697.765 1698.026 1698.287 1698.547 1698.805 1698.848 1698.891 1698.934 1698.978 1699.0 1699.0 1699.0 1699.0 1699.0 1699.0 1699.0 1699.0 1699.0
1699.653 1699.511 1699.369 1699.285 1699.206 1699.128 1699.049 1698.91 1698.67 1698.43 1698.191 1697.951 1697.658 1697.354 1697.05 1696.746 1696.459 1696.209 1695.959 1695.709 1695.459 1695.311 1695.194 1695.076 1694.959 1694.849 1694.766 1694.682 1694.599 1694.516 1694.61 1694.781 1694.952 1695.124 1695.279 1695.347 1695.416 1695.485 1695.554 1695.705 1695.906 1696.106 1696.307 1696.508 1696.709 1696.91 1697.11 1697.311 1697.566 1697.864 1698.163 1698.462 1698.757 1698.81 1698.864 1698.918 1698.972 1699.0 1699.0 1699.0 1699.0 1699.0 1699.0 1699.0 1699.0 1699.0
1699.547 1699.362 1699.177 1699.129 1699.093 1699.058 1699.022 1698.883 1698.574 1698.264 1697.955 1697.645 1697.345 1697.046 1696.748 1696.45 1696.171 1695.937 1695.703 1695.469 1695.236 1695.079 1694.945 1694.812 1694.678 1694.557 1694.479 1694.401 1694.323 1694.246 1694.36 1694.558 1694.756 1694.954 1695.126 1695.157 1695.188 1695.219 1695.25 1695.394 1695.606 1695.817 1696.029 1696.24 1696.452 1696.663 1696.875 1697.086 1697.367 1697.703 1698.039 1698.376 1698.708 1698.772 1698.837 1698.902 1698.966 1699.0 1699.0 1699.0 1699.0 1699.0 1699.0 1699.0 1699.0 1699.0
1699.444 1699.227 1699.01 1698.98 1698.968 1698.956 1698.944 1698.8 1698.438 1698.076 1697.715 1697.353 1697.048 1696.754 1696.46 1696.166 1695.893 1695.667 1695.441 1695.215 1694.989 1694.828 1694.686 1694.545 1694.404 1694.279 1694.21 1694.142 1694.073 1694.004 1694.133 1694.349 1694.565 1694.78 1694.962 1694.964 1694.966 1694.968 1694.97 1695.107 1695.327 1695.546 1695.766 1695.985 1696.208 1696.43 1696.652 1696.875 1697.177 1697.544 1697.912 1698.279 1698.642 1698.721 1698.801 1698.88 1698.959 1698.997 1698.992 1698.986 1698.98 1698.975 1698.968 1698.962 1698.955 1698.949
1699.35 1699.155 1698.96 1698.868 1698.786 1698.703 1698.621 1698.446 1698.116 1697.787 1697.457 1697.128 1696.828 1696.534 1696.24 1695.947 1695.663 1695.405 1695.147 1694.888 1694.63 1694.486 1694.377 1694.268 1694.159 1694.066 1694.024 1693.982 1693.94 1693.898 1694.017 1694.206 1694.394 1694.583 1694.744 1694.757 1694.769 1694.782 1694.795 1694.933 1695.147 1695.361 1695.575 1695.791 1696.024 1696.257 1696.49 1696.723 1697.03 1697.398 1697.765 1698.133 1698.496 1698.608 1698.719 1698.83 1698.942 1698.982 1698.944 1698.906 1698.868 1698.83 1698.786 1698.742 1698.698 1698.654
1699.256 1699.083 1698.909 1698.755 1698.603 1698.451 1698.299 1698.092 1697.795 1697.497 1697.2 1696.903 1696.609 1696.315 1696.021 1695.727 1695.434 1695.143 1694.853 1694.562 1694.271 1694.145 1694.068 1693.991 1693.915 1693.852 1693.837 1693.822 1693.807 1693.792 1693.9 1694.062 1694.224 1694.386 1694.526 1694.549 1694.573 1694.596 1694.62 1694.759 1694.967 1695.176 1695.385 1695.597 1695.84 1696.084 1696.328 1696.572 1696.884 1697.251 1697.619 1697.986 1698.35 1698.494 1698.638 1698.781 1698.925 1698.966 1698.896 1698.826 1698.756 1698.686 1698.604 1698.522 1698.441 1698.359
1699.162 1699.01 1698.858 1698.642 1698.42 1698.198 1697.976 1697.738 1697.473 1697.208 1696.943 1696.678 1696.389 1696.095 1695.801 1695.507 1695.204 1694.881 1694.558 1694.235 1693.912 1693.803 1693.759 1693.714 1693.67 1693.639 1693.651 1693.662 1693.674 1693.686 1693.784 1693.919 1694.054 1694.189 1694.308 1694.342 1694.376 1694.411 1694.445 1694.584 1694.788 1694.991 1695.194 1695.402 1695.657 1695.911 1696.166 1696.421 1696.737 1697.105 1697.472 1697.84 1698.204 1698.38 1698.556 1698.732 1698.908 1698.951 1698.849 1698.746 1698.643 1698.541 1698.422 1698.303 1698.183 1698.064
1699.069 1698.938 1698.807 1698.529 1698.237 1697.945 1697.653 1697.384 1697.151 1696.918 1696.686 1696.453 1696.169 1695.875 1695.581 1695.287 1694.975 1694.619 1694.264 1693.909 1693.554 1693.462 1693.45 1693.438 1693.425 1693.425 1693.464 1693.503 1693.542 1693.581 1693.668 1693.776 1693.884 1693.992 1694.09 1694.135 1694.18 1694.225 1694.27 1694.41 1694.608 1694.806 1695.004 1695.208 1695.473 1695.739 1696.004 1696.269 1696.591 1696.958 1697.326 1697.693 1698.058 1698.266 1698.475 1698.683 1698.891 1698.936 1698.801 1698.666 1698.531 1698.396 1698.24 1698.083 1697.926 1697.769
1699.05 1698.934 1698.818 1698.53 1698.225 1697.92 1697.615 1697.323 1697.052 1696.781 1696.51 1696.24 1695.941 1695.637 1695.333 1695.029 1694.712 1694.364 1694.017 1693.67 1693.323 1693.247 1693.254 1693.26 1693.267 1693.285 1693.341 1693.397 1693.452 1693.508 1693.598 1693.703 1693.807 1693.912 1694.007 1694.053 1694.099 1694.144 1694.19 1694.314 1694.487 1694.659 1694.832 1695.013 1695.29 1695.566 1695.842 1696.118 1696.441 1696.801 1697.162 1697.523 1697.881 1698.102 1698.322 1698.543 1698.763 1698.816 1698.686 1698.556 1698.425 1698.295 1698.12 1697.942 1697.763 1697.585
1699.076 1698.971 1698.866 1698.598 1698.315 1698.031 1697.748 1697.439 1697.087 1696.736 1696.384 1696.033 1695.708 1695.387 1695.067 1694.747 1694.429 1694.114 1693.799 1693.484 1693.169 1693.109 1693.126 1693.144 1693.161 1693.19 1693.257 1693.323 1693.39 1693.456 1693.557 1693.672 1693.787 1693.903 1694.006 1694.047 1694.087 1694.127 1694.167 1694.267 1694.401 1694.536 1694.671 1694.819 1695.106 1695.393 1695.68 1695.967 1696.288 1696.638 1696.988 1697.338 1697.686 1697.907 1698.127 1698.347 1698.568 1698.634 1698.53 1698.427 1698.324 1698.22 1698.036 1697.848 1697.659 1697.47
1699.103 1699.008 1698.914 1698.667 1698.405 1698.143 1697.881 1697.555 1697.123 1696.69 1696.258 1695.826 1695.474 1695.138 1694.802 1694.465 1694.145 1693.863 1693.58 1693.297 1693.015 1692.971 1692.999 1693.027 1693.055 1693.095 1693.172 1693.25 1693.327 1693.404 1693.515 1693.641 1693.768 1693.894 1694.006 1694.04 1694.075 1694.11 1694.145 1694.219 1694.316 1694.413 1694.51 1694.625 1694.922 1695.22 1695.518 1695.815 1696.136 1696.475 1696.814 1697.153 1697.491 1697.711 1697.932 1698.152 1698.373 1698.451 1698.375 1698.298 1698.222 1698.146 1697.953 1697.753 1697.554 1697.354
1699.129 1699.045 1698.962 1698.735 1698.495 1698.254 1698.014 1697.671 1697.158 1696.645 1696.132 1695.619 1695.241 1694.888 1694.536 1694.184 1693.862 1693.612 1693.361 1693.111 1692.861 1692.833 1692.872 1692.911 1692.95 1693.0 1693.088 1693.176 1693.264 1693.352 1693.474 1693.611 1693.748 1693.885 1694.005 1694.034 1694.064 1694.093 1694.123 1694.171 1694.23 1694.29 1694.349 1694.43 1694.739 1695.047 1695.356 1695.664 1695.983 1696.312 1696.64 1696.969 1697.295 1697.516 1697.736 1697.957 1698.177 1698.269 1698.219 1698.17 1698.12 1698.071 1697.87 1697.659 1697.449 1697.238
1699.158 1699.082 1699.007 1698.799 1698.578 1698.358 1698.137 1697.778 1697.187 1696.597 1696.007 1695.417 1695.013 1694.644 1694.276 1693.907 1693.583 1693.36 1693.137 1692.915 1692.692 1692.679 1692.73 1692.78 1692.831 1692.893 1692.995 1693.098 1693.2 1693.302 1693.438 1693.589 1693.739 1693.889 1694.02 1694.044 1694.068 1694.092 1694.116 1694.137 1694.157 1694.176 1694.196 1694.241 1694.559 1694.877 1695.195 1695.513 1695.833 1696.155 1696.476 1696.798 1697.118 1697.341 1697.563 1697.786 1698.009 1698.112 1698.084 1698.057 1698.029 1698.002 1697.79 1697.567 1697.345 1697.122
1699.226 1699.118 1699.009 1698.799 1698.578 1698.358 1698.137 1697.765 1697.143 1696.521 1695.898 1695.276 1694.853 1694.468 1694.083 1693.699 1693.353 1693.098 1692.843 1692.588 1692.333 1692.329 1692.401 1692.473 1692.546 1692.638 1692.8 1692.961 1693.123 1693.284 1693.472 1693.671 1693.87 1694.068 1694.239 1694.257 1694.276 1694.295 1694.313 1694.289 1694.239 1694.188 1694.137 1694.119 1694.431 1694.744 1695.057 1695.369 1695.71 1696.075 1696.44 1696.804 1697.167 1697.422 1697.677 1697.932 1698.188 1698.287 1698.216 1698.145 1698.075 1698.004 1697.76 1697.505 1697.25 1696.995
1699.293 1699.153 1699.012 1698.799 1698.578 1698.358 1698.137 1697.753 1697.099 1696.444 1695.789 1695.134 1694.693 1694.292 1693.891 1693.49 1693.124 1692.836 1692.549 1692.262 1691.974 1691.98 1692.073 1692.167 1692.26 1692.383 1692.604 1692.825 1693.046 1693.266 1693.505 1693.753 1694.0 1694.247 1694.458 1694.471 1694.484 1694.498 1694.511 1694.441 1694.32 1694.2 1694.079 1693.996 1694.303 1694.61 1694.918 1695.225 1695.588 1695.995 1696.403 1696.811 1697.216 1697.504 1697.791 1698.079 1698.366 1698.462 1698.348 1698.234 1698.12 1698.007 1697.729 1697.442 1697.155 1696.867
