data/zism_data/00529_02_D.txt
ncols         224
nrows         224
[rows 196 to 223 of 224, columns 0 to 62 of 224]
4696.797 4696.558 4696.319 4696.08 4695.51 4694.925 4694.34 4693.755 4693.365 4693.252 4693.139 4693.025 4692.913 4692.793 4692.674 4692.555 4692.435 4692.315 4692.196 4692.077 4691.957 4691.837 4692.046 4692.346 4692.646 4692.945 4693.672 4695.755 4697.839 4699.922 4702.006 4703.617 4705.021 4706.426 4707.83 4708.813 4707.448 4706.083 4704.718 4703.353 4701.541 4699.443 4697.345 4695.247 4693.194 4691.797 4690.4 4689.002 4687.605 4687.66 4689.044 4690.428 4691.813 4693.197 4698.505 4703.9 4709.295 4714.69 4721.536 4730.269 4739.001 4747.733 4756.465
4693.35 4693.048 4692.746 4692.444 4691.766 4691.071 4690.375 4689.68 4689.215 4689.078 4688.941 4688.804 4688.667 4688.5 4688.33 4688.16 4687.989 4687.824 4687.673 4687.521 4687.37 4687.218 4687.438 4687.762 4688.085 4688.409 4689.118 4691.051 4692.985 4694.918 4696.852 4698.495 4700.01 4701.526 4703.042 4704.215 4703.478 4702.74 4702.001 4701.264 4699.817 4697.915 4696.012 4694.109 4692.227 4690.641 4689.054 4687.468 4685.881 4685.745 4686.938 4688.13 4689.322 4690.515 4695.15 4699.862 4704.574 4709.286 4715.535 4723.782 4732.028 4740.274 4748.521
4691.979 4691.623 4691.268 4690.913 4690.165 4689.4 4688.635 4687.87 4687.324 4687.091 4686.857 4686.624 4686.39 4686.076 4685.75 4685.424 4685.098 4684.818 4684.634 4684.451 4684.267 4684.083 4684.326 4684.687 4685.048 4685.409 4686.11 4687.894 4689.677 4691.46 4693.244 4694.729 4696.084 4697.439 4698.795 4699.9 4699.612 4699.325 4699.037 4698.75 4697.499 4695.628 4693.757 4691.887 4690.026 4688.3 4686.574 4684.849 4683.123 4682.9 4684.055 4685.21 4686.365 4687.52 4691.793 4696.135 4700.477 4704.819 4710.666 4718.467 4726.269 4734.07 4741.872
4690.607 4690.198 4689.79 4689.38 4688.564 4687.729 4686.895 4686.06 4685.434 4685.104 4684.773 4684.443 4684.113 4683.651 4683.17 4682.688 4682.207 4681.812 4681.596 4681.38 4681.164 4680.948 4681.213 4681.612 4682.011 4682.41 4683.104 4684.737 4686.37 4688.003 4689.636 4690.964 4692.159 4693.353 4694.547 4695.585 4695.748 4695.91 4696.073 4696.235 4695.18 4693.342 4691.503 4689.665 4687.825 4685.96 4684.095 4682.229 4680.364 4680.055 4681.173 4682.29 4683.408 4684.525 4688.435 4692.408 4696.38 4700.352 4705.796 4713.152 4720.509 4727.866 4735.222
4689.236 4688.773 4688.311 4687.849 4686.963 4686.059 4685.154 4684.25 4683.543 4683.116 4682.689 4682.263 4681.836 4681.227 4680.59 4679.953 4679.316 4678.806 4678.558 4678.31 4678.062 4677.813 4678.101 4678.537 4678.973 4679.41 4680.096 4681.579 4683.063 4684.545 4686.029 4687.199 4688.233 4689.266 4690.3 4691.27 4691.882 4692.495 4693.108 4693.721 4692.861 4691.055 4689.249 4687.443 4685.624 4683.62 4681.615 4679.61 4677.606 4677.21 4678.291 4679.37 4680.45 4681.53 4685.078 4688.68 4692.283 4695.885 4700.926 4707.838 4714.75 4721.662 4728.573
4687.865 4687.349 4686.833 4686.316 4685.362 4684.388 4683.414 4682.44 4681.652 4681.129 4680.606 4680.083 4679.56 4678.802 4678.01 4677.218 4676.425 4675.8 4675.52 4675.239 4674.959 4674.679 4674.988 4675.462 4675.936 4676.41 4677.089 4678.422 4679.755 4681.088 4682.421 4683.434 4684.307 4685.18 4686.052 4686.954 4688.017 4689.081 4690.144 4691.207 4690.543 4688.769 4686.995 4685.221 4683.423 4681.279 4679.135 4676.991 4674.847 4674.366 4675.408 4676.451 4677.493 4678.535 4681.72 4684.953 4688.186 4691.418 4696.057 4702.523 4708.99 4715.457 4721.924
4686.647 4686.084 4685.521 4684.957 4683.934 4682.89 4681.846 4680.802 4679.937 4679.323 4678.71 4678.097 4677.483 4676.59 4675.655 4674.72 4673.785 4673.047 4672.715 4672.384 4672.052 4671.721 4672.004 4672.458 4672.913 4673.367 4673.982 4675.107 4676.233 4677.359 4678.485 4679.343 4680.083 4680.824 4681.564 4682.382 4683.629 4684.876 4686.124 4687.371 4686.839 4685.164 4683.489 4681.813 4680.108 4677.964 4675.82 4673.676 4671.532 4671.073 4672.157 4673.241 4674.325 4675.409 4678.428 4681.491 4684.553 4687.615 4692.006 4698.123 4704.24 4710.357 4716.474
4685.536 4684.929 4684.323 4683.717 4682.625 4681.512 4680.398 4679.285 4678.342 4677.643 4676.944 4676.245 4675.546 4674.525 4673.457 4672.387 4671.318 4670.468 4670.073 4669.677 4669.281 4668.885 4669.108 4669.504 4669.899 4670.294 4670.805 4671.685 4672.564 4673.443 4674.322 4675.027 4675.655 4676.283 4676.911 4677.633 4678.88 4680.127 4681.375 4682.622 4682.178 4680.647 4679.117 4677.586 4676.022 4673.975 4671.928 4669.88 4667.833 4667.47 4668.65 4669.831 4671.011 4672.192 4675.182 4678.212 4681.242 4684.272 4688.521 4694.354 4700.187 4706.02 4711.853
4684.424 4683.774 4683.125 4682.477 4681.316 4680.133 4678.95 4677.767 4676.748 4675.963 4675.179 4674.394 4673.609 4672.46 4671.257 4670.054 4668.851 4667.89 4667.43 4666.97 4666.51 4666.049 4666.213 4666.549 4666.885 4667.222 4667.629 4668.261 4668.894 4669.527 4670.16 4670.71 4671.226 4671.741 4672.257 4672.883 4674.13 4675.378 4676.625 4677.872 4677.517 4676.131 4674.745 4673.359 4671.937 4669.986 4668.035 4666.084 4664.133 4663.866 4665.144 4666.42 4667.698 4668.975 4671.936 4674.934 4677.932 4680.93 4685.037 4690.585 4696.134 4701.683 4707.232
4683.312 4682.62 4681.928 4681.236 4680.007 4678.754 4677.501 4676.249 4675.154 4674.283 4673.413 4672.542 4671.672 4670.396 4669.058 4667.721 4666.384 4665.312 4664.787 4664.263 4663.738 4663.214 4663.317 4663.594 4663.872 4664.149 4664.452 4664.838 4665.225 4665.61 4665.997 4666.395 4666.797 4667.2 4667.603 4668.134 4669.381 4670.628 4671.875 4673.123 4672.855 4671.614 4670.374 4669.132 4667.852 4665.997 4664.143 4662.288 4660.434 4660.263 4661.637 4663.011 4664.384 4665.758 4668.689 4671.655 4674.621 4677.586 4681.552 4686.816 4692.082 4697.346 4702.611
4682.241 4681.504 4680.767 4680.03 4678.735 4677.414 4676.094 4674.773 4673.603 4672.646 4671.689 4670.732 4669.775 4668.372 4666.902 4665.433 4663.963 4662.779 4662.187 4661.594 4661.002 4660.41 4660.446 4660.658 4660.869 4661.081 4661.275 4661.415 4661.554 4661.694 4661.834 4662.078 4662.368 4662.657 4662.947 4663.381 4664.616 4665.852 4667.088 4668.324 4668.142 4667.049 4665.957 4664.864 4663.728 4661.974 4660.221 4658.467 4656.713 4656.641 4658.11 4659.579 4661.048 4662.517 4665.423 4668.361 4671.299 4674.237 4678.066 4683.054 4688.041 4693.029 4698.016
4682.51 4681.661 4680.811 4679.962 4678.662 4677.341 4676.021 4674.7 4673.485 4672.421 4671.357 4670.293 4669.229 4667.737 4666.182 4664.626 4663.071 4661.768 4660.988 4660.208 4659.428 4658.648 4658.413 4658.33 4658.247 4658.163 4658.076 4657.974 4657.873 4657.771 4657.669 4657.75 4657.912 4658.073 4658.233 4658.499 4659.343 4660.188 4661.032 4661.876 4661.702 4660.872 4660.041 4659.211 4658.337 4656.83 4655.323 4653.816 4652.309 4652.382 4653.905 4655.427 4656.95 4658.472 4661.495 4664.551 4667.607 4670.663 4674.538 4679.477 4684.417 4689.355 4694.295
4682.78 4681.818 4680.855 4679.894 4678.588 4677.268 4675.947 4674.627 4673.368 4672.197 4671.025 4669.854 4668.683 4667.103 4665.461 4663.82 4662.179 4660.757 4659.79 4658.822 4657.854 4656.886 4656.38 4656.002 4655.624 4655.246 4654.876 4654.533 4654.19 4653.848 4653.505 4653.423 4653.456 4653.488 4653.52 4653.617 4654.07 4654.523 4654.976 4655.429 4655.261 4654.693 4654.126 4653.559 4652.946 4651.686 4650.425 4649.165 4647.904 4648.124 4649.7 4651.276 4652.852 4654.428 4657.567 4660.741 4663.915 4667.089 4671.01 4675.9 4680.792 4685.683 4690.573
4683.049 4681.975 4680.9 4679.825 4678.516 4677.195 4675.874 4674.554 4673.25 4671.972 4670.693 4669.415 4668.137 4666.468 4664.741 4663.014 4661.287 4659.746 4658.591 4657.436 4656.28 4655.125 4654.347 4653.674 4653.001 4652.328 4651.676 4651.092 4650.508 4649.924 4649.34 4649.096 4649.0 4648.903 4648.807 4648.734 4648.796 4648.858 4648.92 4648.982 4648.82 4648.516 4648.211 4647.906 4647.555 4646.541 4645.527 4644.514 4643.5 4643.865 4645.495 4647.125 4648.754 4650.384 4653.64 4656.932 4660.224 4663.515 4667.481 4672.324 4677.167 4682.01 4686.852
4683.319 4682.132 4680.944 4679.757 4678.442 4677.122 4675.801 4674.48 4673.133 4671.748 4670.362 4668.976 4667.59 4665.833 4664.021 4662.208 4660.395 4658.735 4657.392 4656.049 4654.706 4653.363 4652.314 4651.346 4650.378 4649.411 4648.477 4647.651 4646.826 4646.001 4645.176 4644.768 4644.543 4644.318 4644.093 4643.853 4643.523 4643.193 4642.864 4642.535 4642.38 4642.338 4642.295 4642.253 4642.164 4641.397 4640.63 4639.862 4639.095 4639.606 4641.29 4642.973 4644.657 4646.34 4649.712 4653.122 4656.532 4659.941 4663.953 4668.748 4673.542 4678.336 4683.131
4683.963 4682.731 4681.499 4680.266 4678.952 4677.634 4676.316 4674.998 4673.636 4672.214 4670.791 4669.368 4667.945 4666.137 4664.271 4662.405 4660.539 4658.779 4657.238 4655.697 4654.157 4652.616 4651.295 4650.035 4648.775 4647.515 4646.276 4645.104 4643.933 4642.761 4641.589 4640.905 4640.434 4639.962 4639.491 4638.992 4638.336 4637.681 4637.025 4636.369 4636.178 4636.286 4636.394 4636.501 4636.571 4636.096 4635.62 4635.145 4634.669 4635.341 4637.066 4638.791 4640.515 4642.239 4645.732 4649.265 4652.798 4656.331 4660.376 4665.087 4669.798 4674.509 4679.22
4685.034 4683.834 4682.634 4681.434 4680.126 4678.813 4677.5 4676.188 4674.848 4673.468 4672.088 4670.708 4669.328 4667.511 4665.629 4663.747 4661.865 4660.025 4658.276 4656.526 4654.777 4653.027 4651.434 4649.885 4648.335 4646.785 4645.215 4643.577 4641.938 4640.301 4638.663 4637.572 4636.72 4635.868 4635.016 4634.156 4633.248 4632.34 4631.433 4630.525 4630.249 4630.378 4630.507 4630.636 4630.749 4630.616 4630.483 4630.351 4630.219 4631.069 4632.82 4634.571 4636.323 4638.074 4641.694 4645.355 4649.017 4652.678 4656.742 4661.33 4665.918 4670.505 4675.093
4686.105 4684.938 4683.77 4682.602 4681.3 4679.993 4678.686 4677.378 4676.059 4674.722 4673.385 4672.047 4670.71 4668.886 4666.987 4665.089 4663.19 4661.272 4659.314 4657.355 4655.397 4653.438 4651.573 4649.734 4647.895 4646.056 4644.153 4642.049 4639.945 4637.84 4635.736 4634.238 4633.006 4631.773 4630.541 4629.319 4628.16 4627.0 4625.84 4624.681 4624.319 4624.47 4624.62 4624.771 4624.926 4625.136 4625.347 4625.558 4625.768 4626.796 4628.575 4630.353 4632.13 4633.909 4637.655 4641.445 4645.235 4649.025 4653.108 4657.573 4662.038 4666.502 4670.966
4687.176 4686.041 4684.905 4683.77 4682.475 4681.172 4679.871 4678.568 4677.27 4675.976 4674.682 4673.387 4672.093 4670.26 4668.345 4666.431 4664.517 4662.52 4660.352 4658.184 4656.017 4653.849 4651.712 4649.583 4647.455 4645.326 4643.092 4640.521 4637.951 4635.38 4632.809 4630.905 4629.292 4627.679 4626.065 4624.483 4623.072 4621.66 4620.249 4618.837 4618.389 4618.562 4618.733 4618.906 4619.103 4619.657 4620.21 4620.764 4621.317 4622.524 4624.329 4626.134 4627.938 4629.743 4633.616 4637.535 4641.453 4645.372 4649.475 4653.815 4658.157 4662.498 4666.839
4688.248 4687.144 4686.041 4684.937 4683.649 4682.352 4681.055 4679.759 4678.481 4677.229 4675.979 4674.727 4673.476 4671.634 4669.704 4667.773 4665.843 4663.767 4661.39 4659.013 4656.637 4654.26 4651.851 4649.433 4647.015 4644.597 4642.03 4638.993 4635.957 4632.919 4629.882 4627.571 4625.578 4623.584 4621.59 4619.647 4617.983 4616.32 4614.656 4612.993 4612.459 4612.653 4612.847 4613.041 4613.28 4614.177 4615.074 4615.97 4616.867 4618.251 4620.083 4621.915 4623.746 4625.578 4629.577 4633.625 4637.672 4641.719 4645.841 4650.059 4654.277 4658.495 4662.712
4689.628 4688.499 4687.369 4686.24 4685.057 4683.873 4682.688 4681.503 4680.317 4679.128 4677.939 4676.75 4675.562 4673.667 4671.667 4669.667 4667.667 4665.48 4662.904 4660.328 4657.751 4655.175 4652.557 4649.927 4647.297 4644.667 4641.891 4638.65 4635.409 4632.167 4628.926 4626.352 4624.07 4621.788 4619.506 4617.299 4615.509 4613.72 4611.931 4610.141 4609.457 4609.483 4609.509 4609.535 4609.616 4610.492 4611.368 4612.244 4613.12 4614.419 4616.108 4617.796 4619.485 4621.174 4624.949 4628.771 4632.593 4636.415 4640.243 4644.081 4647.918 4651.756 4655.593
4691.042 4689.879 4688.718 4687.556 4686.491 4685.429 4684.368 4683.307 4682.219 4681.095 4679.97 4678.845 4677.721 4675.77 4673.695 4671.62 4669.545 4667.242 4664.467 4661.693 4658.918 4656.144 4653.323 4650.49 4647.656 4644.823 4641.849 4638.431 4635.013 4631.594 4628.176 4625.354 4622.793 4620.232 4617.672 4615.211 4613.31 4611.407 4609.505 4607.604 4606.761 4606.599 4606.438 4606.275 4606.178 4606.995 4607.812 4608.628 4609.445 4610.633 4612.161 4613.689 4615.217 4616.745 4620.259 4623.818 4627.377 4630.937 4634.44 4637.87 4641.3 4644.73 4648.16
4692.455 4691.261 4690.066 4688.873 4687.924 4686.986 4686.048 4685.11 4684.121 4683.061 4682.0 4680.94 4679.88 4677.872 4675.722 4673.572 4671.422 4669.004 4666.031 4663.058 4660.085 4657.113 4654.089 4651.052 4648.015 4644.978 4641.807 4638.211 4634.616 4631.021 4627.426 4624.356 4621.517 4618.677 4615.838 4613.124 4611.109 4609.095 4607.081 4605.066 4604.065 4603.716 4603.366 4603.017 4602.74 4603.498 4604.255 4605.014 4605.771 4606.847 4608.214 4609.581 4610.948 4612.315 4615.569 4618.866 4622.163 4625.459 4628.636 4631.659 4634.682 4637.705 4640.727
4693.868 4692.642 4691.416 4690.189 4689.357 4688.542 4687.728 4686.913 4686.023 4685.027 4684.031 4683.035 4682.04 4679.975 4677.75 4675.524 4673.299 4670.766 4667.595 4664.424 4661.252 4658.082 4654.855 4651.615 4648.374 4645.132 4641.765 4637.992 4634.22 4630.448 4626.676 4623.359 4620.24 4617.122 4614.004 4611.036 4608.909 4606.782 4604.655 4602.528 4601.369 4600.832 4600.295 4599.758 4599.302 4600.0 4600.7 4601.398 4602.098 4603.061 4604.268 4605.474 4606.68 4607.886 4610.88 4613.914 4616.947 4619.981 4622.833 4625.448 4628.063 4630.679 4633.294
4696.192 4694.857 4693.521 4692.186 4691.458 4690.757 4690.057 4689.356 4688.553 4687.603 4686.653 4685.703 4684.752 4682.571 4680.205 4677.838 4675.472 4672.782 4669.424 4666.065 4662.707 4659.348 4655.927 4652.488 4649.048 4645.609 4642.039 4638.051 4634.063 4630.076 4626.088 4622.532 4619.164 4615.797 4612.429 4609.247 4607.102 4604.956 4602.81 4600.664 4599.413 4598.736 4598.059 4597.382 4596.79 4597.412 4598.033 4598.655 4599.276 4600.127 4601.187 4602.247 4603.307 4604.367 4607.029 4609.727 4612.424 4615.122 4617.613 4619.835 4622.058 4624.28 4626.503
4700.264 4698.671 4697.078 4695.485 4694.838 4694.234 4693.63 4693.026 4692.284 4691.344 4690.405 4689.466 4688.526 4686.113 4683.479 4680.844 4678.21 4675.286 4671.761 4668.236 4664.711 4661.187 4657.582 4653.956 4650.329 4646.702 4642.919 4638.643 4634.365 4630.088 4625.811 4622.032 4618.472 4614.911 4611.351 4608.03 4606.044 4604.06 4602.075 4600.09 4598.872 4598.146 4597.421 4596.696 4596.052 4596.561 4597.07 4597.579 4598.088 4598.823 4599.765 4600.708 4601.649 4602.591 4604.784 4607.005 4609.225 4611.446 4613.509 4615.367 4617.225 4619.083 4620.941
4704.335 4702.485 4700.635 4698.785 4698.219 4697.711 4697.204 4696.696 4696.015 4695.086 4694.157 4693.229 4692.3 4689.655 4686.753 4683.851 4680.948 4677.789 4674.098 4670.407 4666.716 4663.025 4659.238 4655.423 4651.609 4647.794 4643.8 4639.233 4634.667 4630.101 4625.534 4621.533 4617.779 4614.025 4610.272 4606.812 4604.988 4603.164 4601.339 4599.515 4598.331 4597.558 4596.784 4596.011 4595.314 4595.71 4596.107 4596.503 4596.9 4597.52 4598.344 4599.168 4599.992 4600.816 4602.54 4604.283 4606.026 4607.77 4609.404 4610.898 4612.392 4613.885 4615.379
4708.406 4706.299 4704.191 4702.084 4701.599 4701.188 4700.777 4700.366 4699.746 4698.828 4697.91 4696.992 4696.074 4693.197 4690.027 4686.856 4683.686 4680.292 4676.435 4672.578 4668.721 4664.864 4660.893 4656.891 4652.889 4648.887 4644.681 4639.825 4634.969 4630.113 4625.257 4621.033 4617.086 4613.14 4609.193 4605.594 4603.931 4602.268 4600.604 4598.941 4597.79 4596.968 4596.147 4595.325 4594.576 4594.86 4595.144 4595.428 4595.712 4596.216 4596.922 4597.628 4598.334 4599.041 4600.295 4601.561 4602.828 4604.094 4605.3 4606.429 4607.559 4608.688 4609.816
