data/zism_data/00521_04_D.txt
ncols         224
nrows         224
[rows 112 to 139 of 224, columns 126 to 188 of 224]
1675.302 1670.318 1664.808 1659.298 1653.788 1648.279 1646.717 1646.695 1646.673 1646.652 1647.381 1651.086 1654.791 1658.496 1662.201 1666.564 1671.231 1675.899 1680.566 1684.948 1687.889 1690.831 1693.772 1696.714 1697.759 1697.772 1697.785 1697.797 1697.412 1694.352 1691.292 1688.231 1685.171 1682.676 1680.54 1678.404 1676.268 1674.607 1677.548 1680.488 1683.428 1686.369 1688.575 1690.24 1691.905 1693.57 1695.099 1694.41 1693.721 1693.032 1692.343 1691.901 1691.67 1691.439 1691.208 1690.994 1691.563 1692.132 1692.702 1693.271 1693.87 1694.499 1695.127
1674.952 1670.297 1665.319 1660.342 1655.364 1650.386 1648.853 1648.663 1648.473 1648.283 1648.817 1652.224 1655.63 1659.036 1662.443 1666.637 1671.196 1675.754 1680.313 1684.613 1687.609 1690.605 1693.601 1696.597 1697.749 1697.897 1698.046 1698.194 1697.98 1695.327 1692.674 1690.021 1687.368 1685.094 1683.061 1681.029 1678.996 1677.392 1679.936 1682.48 1685.024 1687.568 1689.59 1691.228 1692.865 1694.503 1696.022 1695.599 1695.176 1694.753 1694.33 1694.04 1693.863 1693.687 1693.51 1693.344 1693.658 1693.972 1694.286 1694.599 1694.963 1695.374 1695.786
1674.602 1670.276 1665.831 1661.385 1656.94 1652.494 1650.989 1650.63 1650.272 1649.914 1650.253 1653.361 1656.469 1659.577 1662.685 1666.71 1671.16 1675.61 1680.06 1684.279 1687.329 1690.379 1693.429 1696.479 1697.739 1698.023 1698.307 1698.591 1698.548 1696.302 1694.056 1691.811 1689.565 1687.512 1685.583 1683.653 1681.724 1680.176 1682.323 1684.471 1686.619 1688.766 1690.605 1692.215 1693.826 1695.437 1696.945 1696.788 1696.631 1696.474 1696.317 1696.179 1696.057 1695.934 1695.812 1695.693 1695.752 1695.811 1695.87 1695.928 1696.055 1696.25 1696.444
1674.252 1670.255 1666.342 1662.429 1658.515 1654.602 1653.125 1652.598 1652.071 1651.545 1651.69 1654.499 1657.308 1660.117 1662.926 1666.783 1671.124 1675.466 1679.807 1683.944 1687.049 1690.153 1693.258 1696.362 1697.728 1698.148 1698.568 1698.989 1699.116 1697.277 1695.439 1693.6 1691.762 1689.931 1688.104 1686.278 1684.452 1682.96 1684.711 1686.463 1688.214 1689.965 1691.62 1693.203 1694.786 1696.37 1697.868 1697.977 1698.087 1698.196 1698.305 1698.318 1698.25 1698.182 1698.114 1698.043 1697.847 1697.65 1697.454 1697.257 1697.148 1697.125 1697.103
1673.902 1670.234 1666.853 1663.472 1660.091 1656.71 1655.261 1654.566 1653.871 1653.176 1653.126 1655.637 1658.147 1660.657 1663.168 1666.856 1671.089 1675.322 1679.554 1683.61 1686.768 1689.927 1693.086 1696.245 1697.718 1698.274 1698.83 1699.385 1699.684 1698.253 1696.821 1695.39 1693.959 1692.349 1690.626 1688.903 1687.18 1685.745 1687.099 1688.454 1689.809 1691.164 1692.634 1694.191 1695.747 1697.303 1698.791 1699.167 1699.542 1699.917 1700.292 1700.457 1700.444 1700.43 1700.416 1700.393 1699.941 1699.49 1699.038 1698.586 1698.241 1698.001 1697.761
1674.385 1671.025 1668.123 1665.222 1662.32 1659.418 1658.169 1657.565 1656.961 1656.357 1656.313 1658.488 1660.664 1662.839 1665.014 1668.439 1672.441 1676.444 1680.447 1684.291 1687.338 1690.385 1693.432 1696.479 1697.904 1698.445 1698.987 1699.529 1699.84 1698.601 1697.362 1696.123 1694.884 1693.521 1692.08 1690.638 1689.197 1688.019 1689.403 1690.787 1692.171 1693.555 1695.062 1696.66 1698.258 1699.856 1701.397 1702.002 1702.607 1703.211 1703.816 1704.086 1704.07 1704.053 1704.037 1704.006 1703.312 1702.617 1701.922 1701.227 1700.695 1700.323 1699.951
1675.151 1672.092 1669.651 1667.211 1664.771 1662.331 1661.341 1660.916 1660.491 1660.066 1660.095 1661.923 1663.75 1665.578 1667.406 1670.535 1674.266 1677.997 1681.728 1685.318 1688.197 1691.076 1693.954 1696.833 1698.156 1698.632 1699.109 1699.585 1699.855 1698.736 1697.616 1696.497 1695.377 1694.27 1693.171 1692.071 1690.972 1690.121 1691.679 1693.236 1694.794 1696.352 1697.97 1699.633 1701.296 1702.96 1704.574 1705.396 1706.218 1707.04 1707.862 1708.22 1708.182 1708.145 1708.107 1708.049 1707.116 1706.182 1705.248 1704.314 1703.612 1703.136 1702.661
1675.918 1673.158 1671.179 1669.201 1667.222 1665.244 1664.512 1664.266 1664.02 1663.775 1663.877 1665.357 1666.837 1668.317 1669.798 1672.631 1676.09 1679.55 1683.01 1686.346 1689.056 1691.766 1694.476 1697.187 1698.408 1698.819 1699.231 1699.642 1699.87 1698.871 1697.871 1696.871 1695.871 1695.019 1694.262 1693.504 1692.747 1692.223 1693.954 1695.685 1697.417 1699.148 1700.878 1702.606 1704.335 1706.063 1707.752 1708.791 1709.83 1710.869 1711.909 1712.355 1712.295 1712.235 1712.176 1712.092 1710.92 1709.747 1708.574 1707.402 1706.528 1705.95 1705.371
1676.684 1674.224 1672.707 1671.19 1669.673 1668.156 1667.683 1667.616 1667.55 1667.483 1667.658 1668.791 1669.924 1671.057 1672.189 1674.727 1677.915 1681.103 1684.291 1687.373 1689.915 1692.457 1694.998 1697.54 1698.66 1699.006 1699.353 1699.699 1699.886 1699.005 1698.125 1697.245 1696.364 1695.768 1695.353 1694.938 1694.522 1694.324 1696.229 1698.135 1700.04 1701.945 1703.786 1705.579 1707.373 1709.167 1710.929 1712.185 1713.442 1714.698 1715.955 1716.489 1716.408 1716.327 1716.245 1716.135 1714.724 1713.312 1711.9 1710.489 1709.445 1708.763 1708.082
1677.396 1675.224 1674.158 1673.092 1672.026 1670.96 1670.75 1670.875 1670.999 1671.124 1671.385 1672.187 1672.988 1673.79 1674.592 1676.829 1679.732 1682.634 1685.537 1688.354 1690.742 1693.13 1695.517 1697.905 1698.936 1699.227 1699.519 1699.81 1699.966 1699.21 1698.453 1697.697 1696.941 1696.611 1696.552 1696.493 1696.434 1696.575 1698.649 1700.723 1702.797 1704.872 1706.818 1708.669 1710.521 1712.373 1714.2 1715.64 1717.079 1718.519 1719.958 1720.564 1720.46 1720.356 1720.252 1720.115 1718.525 1716.935 1715.344 1713.754 1712.594 1711.859 1711.124
1677.914 1675.985 1675.331 1674.678 1674.024 1673.371 1673.445 1673.803 1674.161 1674.519 1674.912 1675.442 1675.972 1676.503 1677.033 1678.954 1681.52 1684.086 1686.652 1689.171 1691.456 1693.74 1696.025 1698.309 1699.293 1699.568 1699.844 1700.119 1700.279 1699.664 1699.048 1698.433 1697.818 1697.792 1698.141 1698.489 1698.837 1699.361 1701.587 1703.814 1706.04 1708.266 1710.296 1712.18 1714.064 1715.948 1717.81 1719.309 1720.808 1722.307 1723.807 1724.426 1724.294 1724.163 1724.032 1723.87 1722.317 1720.765 1719.213 1717.66 1716.583 1715.972 1715.362
1678.431 1676.745 1676.504 1676.263 1676.023 1675.782 1676.14 1676.731 1677.323 1677.915 1678.439 1678.698 1678.956 1679.215 1679.474 1681.079 1683.309 1685.538 1687.767 1689.988 1692.17 1694.351 1696.532 1698.714 1699.65 1699.909 1700.168 1700.427 1700.591 1700.117 1699.644 1699.17 1698.696 1698.974 1699.729 1700.485 1701.24 1702.147 1704.526 1706.904 1709.283 1711.661 1713.774 1715.69 1717.607 1719.524 1721.42 1722.979 1724.538 1726.096 1727.655 1728.287 1728.129 1727.97 1727.812 1727.624 1726.11 1724.595 1723.081 1721.567 1720.571 1720.085 1719.6
1678.949 1677.505 1677.677 1677.849 1678.021 1678.193 1678.835 1679.66 1680.485 1681.31 1681.966 1681.953 1681.941 1681.928 1681.915 1683.204 1685.097 1686.99 1688.882 1690.805 1692.884 1694.962 1697.04 1699.118 1700.008 1700.25 1700.493 1700.736 1700.904 1700.571 1700.239 1699.906 1699.573 1700.155 1701.318 1702.48 1703.643 1704.934 1707.464 1709.995 1712.525 1715.056 1717.251 1719.201 1721.15 1723.099 1725.03 1726.648 1728.267 1729.885 1731.504 1732.149 1731.963 1731.777 1731.592 1731.378 1729.902 1728.426 1726.949 1725.473 1724.559 1724.198 1723.838
1679.466 1678.266 1678.85 1679.435 1680.019 1680.604 1681.53 1682.588 1683.647 1684.705 1685.493 1685.209 1684.925 1684.64 1684.356 1685.329 1686.885 1688.441 1689.997 1691.622 1693.597 1695.572 1697.547 1699.522 1700.365 1700.592 1700.818 1701.044 1701.217 1701.025 1700.834 1700.642 1700.45 1701.336 1702.906 1704.476 1706.046 1707.72 1710.403 1713.085 1715.768 1718.45 1720.729 1722.711 1724.693 1726.675 1728.639 1730.318 1731.996 1733.674 1735.353 1736.01 1735.798 1735.585 1735.372 1735.132 1733.694 1732.256 1730.818 1729.38 1728.547 1728.311 1728.076
1680.564 1679.535 1680.331 1681.126 1681.922 1682.717 1683.784 1684.956 1686.129 1687.301 1688.161 1687.781 1687.4 1687.02 1686.64 1687.369 1688.61 1689.852 1691.094 1692.458 1694.442 1696.426 1698.41 1700.394 1701.425 1701.938 1702.451 1702.964 1703.402 1703.333 1703.264 1703.194 1703.125 1704.157 1705.887 1707.618 1709.349 1711.164 1713.804 1716.444 1719.084 1721.725 1724.037 1726.107 1728.178 1730.248 1732.297 1733.994 1735.691 1737.388 1739.085 1739.747 1739.526 1739.304 1739.083 1738.838 1737.528 1736.217 1734.907 1733.596 1732.862 1732.695 1732.528
1681.924 1681.036 1681.951 1682.866 1683.781 1684.695 1685.839 1687.071 1688.303 1689.535 1690.439 1690.043 1689.646 1689.25 1688.853 1689.369 1690.306 1691.244 1692.181 1693.302 1695.346 1697.39 1699.433 1701.477 1702.804 1703.74 1704.677 1705.613 1706.434 1706.479 1706.524 1706.569 1706.614 1707.719 1709.499 1711.278 1713.058 1714.906 1717.415 1719.925 1722.435 1724.945 1727.267 1729.452 1731.636 1733.821 1735.977 1737.674 1739.371 1741.068 1742.765 1743.427 1743.206 1742.984 1742.763 1742.522 1741.38 1740.238 1739.095 1737.953 1737.324 1737.201 1737.077
1683.284 1682.536 1683.571 1684.605 1685.639 1686.674 1687.893 1689.185 1690.477 1691.769 1692.717 1692.305 1691.892 1691.479 1691.067 1691.369 1692.002 1692.636 1693.269 1694.146 1696.25 1698.353 1700.456 1702.56 1704.182 1705.542 1706.902 1708.262 1709.466 1709.625 1709.784 1709.943 1710.102 1711.282 1713.111 1714.939 1716.767 1718.647 1721.026 1723.406 1725.786 1728.165 1730.498 1732.796 1735.095 1737.394 1739.658 1741.354 1743.051 1744.748 1746.445 1747.107 1746.886 1746.665 1746.443 1746.206 1745.232 1744.258 1743.284 1742.31 1741.786 1741.707 1741.627
1684.644 1684.037 1685.19 1686.344 1687.498 1688.652 1689.948 1691.3 1692.651 1694.003 1694.996 1694.567 1694.138 1693.709 1693.28 1693.369 1693.698 1694.028 1694.357 1694.99 1697.153 1699.317 1701.48 1703.643 1705.56 1707.344 1709.127 1710.911 1712.499 1712.772 1713.045 1713.318 1713.591 1714.845 1716.722 1718.599 1720.477 1722.388 1724.638 1726.887 1729.136 1731.385 1733.728 1736.141 1738.553 1740.966 1743.338 1745.035 1746.731 1748.428 1750.125 1750.787 1750.566 1750.344 1750.123 1749.889 1749.084 1748.278 1747.473 1746.667 1746.249 1746.212 1746.176
1685.971 1685.483 1686.728 1687.973 1689.217 1690.462 1691.82 1693.223 1694.626 1696.028 1697.075 1696.711 1696.348 1695.984 1695.62 1695.548 1695.613 1695.677 1695.741 1696.165 1698.406 1700.646 1702.886 1705.126 1707.368 1709.609 1711.851 1714.093 1716.09 1716.443 1716.797 1717.15 1717.503 1718.772 1720.622 1722.471 1724.321 1726.194 1728.291 1730.387 1732.483 1734.579 1736.924 1739.452 1741.979 1744.507 1746.987 1748.688 1750.389 1752.09 1753.792 1754.464 1754.258 1754.052 1753.847 1753.631 1752.98 1752.329 1751.678 1751.027 1750.705 1750.707 1750.708
1687.119 1686.647 1687.832 1689.017 1690.202 1691.387 1692.732 1694.14 1695.548 1696.956 1698.107 1698.237 1698.368 1698.498 1698.628 1698.672 1698.677 1698.682 1698.686 1699.088 1701.497 1703.906 1706.314 1708.723 1711.438 1714.321 1717.203 1720.086 1722.628 1722.883 1723.139 1723.395 1723.65 1724.618 1726.039 1727.46 1728.881 1730.34 1732.164 1733.989 1735.814 1737.639 1739.937 1742.584 1745.231 1747.878 1750.472 1752.2 1753.929 1755.657 1757.385 1758.123 1758.015 1757.907 1757.799 1757.681 1757.112 1756.542 1755.972 1755.403 1755.126 1755.139 1755.152
1688.268 1687.81 1688.935 1690.061 1691.186 1692.311 1693.644 1695.057 1696.471 1697.884 1699.139 1699.763 1700.388 1701.012 1701.637 1701.797 1701.741 1701.686 1701.631 1702.011 1704.588 1707.165 1709.742 1712.319 1715.509 1719.032 1722.555 1726.078 1729.166 1729.323 1729.481 1729.639 1729.797 1730.465 1731.457 1732.449 1733.441 1734.485 1736.038 1737.592 1739.145 1740.698 1742.95 1745.716 1748.482 1751.249 1753.957 1755.713 1757.468 1759.224 1760.979 1761.782 1761.772 1761.762 1761.751 1761.731 1761.243 1760.755 1760.266 1759.778 1759.548 1759.571 1759.595
1689.417 1688.974 1690.039 1691.105 1692.17 1693.236 1694.555 1695.974 1697.393 1698.812 1700.171 1701.289 1702.408 1703.526 1704.645 1704.921 1704.806 1704.691 1704.576 1704.934 1707.679 1710.425 1713.17 1715.915 1719.579 1723.743 1727.907 1732.071 1735.703 1735.764 1735.824 1735.884 1735.944 1736.311 1736.874 1737.437 1738.0 1738.63 1739.912 1741.194 1742.476 1743.757 1745.962 1748.848 1751.734 1754.62 1757.443 1759.225 1761.008 1762.791 1764.573 1765.442 1765.529 1765.616 1765.704 1765.781 1765.374 1764.967 1764.561 1764.154 1763.969 1764.004 1764.038
1690.565 1690.137 1691.143 1692.149 1693.154 1694.16 1695.467 1696.891 1698.316 1699.74 1701.203 1702.815 1704.428 1706.041 1707.653 1708.045 1707.87 1707.695 1707.521 1707.857 1710.771 1713.684 1716.598 1719.511 1723.649 1728.454 1733.259 1738.064 1742.241 1742.204 1742.166 1742.128 1742.091 1742.158 1742.292 1742.426 1742.56 1742.776 1743.786 1744.796 1745.806 1746.817 1748.975 1751.981 1754.986 1757.991 1760.928 1762.738 1764.548 1766.357 1768.167 1769.101 1769.286 1769.471 1769.656 1769.83 1769.505 1769.18 1768.855 1768.53 1768.391 1768.436 1768.481
1691.381 1690.974 1691.913 1692.852 1693.792 1694.731 1696.112 1697.665 1699.218 1700.771 1702.458 1704.674 1706.89 1709.107 1711.323 1712.115 1712.247 1712.379 1712.51 1713.159 1716.412 1719.665 1722.918 1726.171 1730.509 1735.438 1740.366 1745.295 1749.538 1749.177 1748.816 1748.454 1748.093 1747.753 1747.428 1747.102 1746.776 1746.56 1747.412 1748.264 1749.115 1749.967 1752.082 1755.128 1758.174 1761.22 1764.201 1766.12 1768.04 1769.959 1771.878 1772.901 1773.16 1773.419 1773.678 1773.924 1773.546 1773.169 1772.792 1772.415 1772.276 1772.373 1772.471
1692.002 1691.62 1692.488 1693.357 1694.225 1695.094 1696.6 1698.354 1700.108 1701.862 1703.843 1706.728 1709.612 1712.496 1715.38 1716.74 1717.393 1718.046 1718.699 1719.855 1723.548 1727.241 1730.934 1734.627 1739.004 1743.754 1748.503 1753.252 1757.281 1756.463 1755.646 1754.828 1754.011 1753.202 1752.398 1751.594 1750.791 1750.133 1750.893 1751.652 1752.412 1753.171 1755.243 1758.284 1761.325 1764.365 1767.351 1769.427 1771.504 1773.581 1775.657 1776.785 1777.104 1777.423 1777.742 1778.042 1777.535 1777.027 1776.52 1776.012 1775.847 1776.021 1776.194
1692.623 1692.265 1693.063 1693.861 1694.659 1695.457 1697.088 1699.042 1700.997 1702.952 1705.229 1708.781 1712.333 1715.885 1719.438 1721.365 1722.539 1723.714 1724.888 1726.552 1730.685 1734.818 1738.95 1743.083 1747.499 1752.069 1756.64 1761.21 1765.023 1763.75 1762.476 1761.203 1759.929 1758.65 1757.369 1756.087 1754.806 1753.706 1754.374 1755.041 1755.708 1756.375 1758.405 1761.44 1764.475 1767.511 1770.5 1772.734 1774.968 1777.202 1779.436 1780.669 1781.048 1781.426 1781.805 1782.161 1781.523 1780.885 1780.247 1779.609 1779.418 1779.667 1779.917
1693.244 1692.911 1693.638 1694.366 1695.093 1695.821 1697.576 1699.731 1701.887 1704.043 1706.615 1710.835 1715.055 1719.275 1723.495 1725.99 1727.686 1729.381 1731.077 1733.249 1737.821 1742.394 1746.967 1751.539 1755.994 1760.385 1764.776 1769.167 1772.766 1771.036 1769.306 1767.577 1765.847 1764.099 1762.339 1760.58 1758.821 1757.28 1757.854 1758.429 1759.004 1759.579 1761.567 1764.596 1767.626 1770.656 1773.649 1776.041 1778.432 1780.824 1783.215 1784.553 1784.991 1785.429 1785.868 1786.28 1785.512 1784.743 1783.975 1783.207 1782.989 1783.314 1783.64
1693.858 1693.549 1694.204 1694.86 1695.516 1696.172 1698.049 1700.402 1702.756 1705.109 1707.971 1712.85 1717.73 1722.609 1727.488 1730.558 1732.792 1735.024 1737.257 1739.941 1744.901 1749.86 1754.819 1759.778 1764.234 1768.417 1772.601 1776.784 1780.148 1778.005 1775.862 1773.719 1771.576 1769.392 1767.181 1764.97 1762.759 1760.8 1761.274 1761.748 1762.222 1762.697 1764.628 1767.633 1770.638 1773.643 1776.621 1779.153 1781.686 1784.218 1786.751 1788.19 1788.695 1789.201 1789.707 1790.182 1789.3 1788.418 1787.536 1786.654 1786.414 1786.807 1787.2
