data/zism_data/00528_03_D.txt
ncols         224
nrows         224
[rows 60 to 89 of 224, columns 68 to 135 of 224]
1353.844 1353.746 1353.648 1353.55 1353.499 1353.606 1353.713 1353.82 1353.927 1354.126 1354.364 1354.603 1354.842 1355.086 1355.362 1355.638 1355.913 1356.189 1356.385 1356.532 1356.679 1356.826 1356.971 1357.1 1357.228 1357.357 1357.486 1357.543 1357.543 1357.543 1357.543 1357.545 1357.637 1357.728 1357.82 1357.912 1358.135 1358.503 1358.87 1359.238 1359.605 1359.667 1359.71 1359.753 1359.795 1359.886 1360.045 1360.204 1360.363 1360.523 1360.916 1361.345 1361.773 1362.202 1362.645 1363.116 1363.588 1364.059 1364.531 1365.036 1365.551 1366.065 1366.579 1367.106 1367.666 1368.226 1368.786 1369.347
1353.145 1353.089 1353.034 1352.979 1352.971 1353.115 1353.26 1353.405 1353.549 1353.782 1354.053 1354.324 1354.595 1354.861 1355.105 1355.348 1355.592 1355.835 1356.018 1356.165 1356.312 1356.459 1356.602 1356.698 1356.795 1356.891 1356.987 1357.031 1357.031 1357.031 1357.031 1357.033 1357.157 1357.281 1357.405 1357.529 1357.769 1358.137 1358.504 1358.871 1359.239 1359.29 1359.323 1359.355 1359.387 1359.462 1359.599 1359.737 1359.875 1360.013 1360.422 1360.872 1361.322 1361.772 1362.233 1362.716 1363.198 1363.68 1364.162 1364.67 1365.185 1365.699 1366.213 1366.744 1367.32 1367.897 1368.473 1369.049
1352.488 1352.476 1352.464 1352.452 1352.484 1352.661 1352.839 1353.017 1353.194 1353.456 1353.755 1354.053 1354.352 1354.638 1354.859 1355.079 1355.299 1355.52 1355.689 1355.826 1355.964 1356.102 1356.233 1356.302 1356.371 1356.44 1356.508 1356.539 1356.539 1356.539 1356.539 1356.541 1356.679 1356.817 1356.954 1357.092 1357.333 1357.686 1358.039 1358.393 1358.746 1358.797 1358.829 1358.861 1358.894 1358.969 1359.107 1359.245 1359.383 1359.521 1359.938 1360.398 1360.857 1361.316 1361.787 1362.284 1362.78 1363.276 1363.772 1364.286 1364.806 1365.325 1365.844 1366.38 1366.966 1367.553 1368.139 1368.725
1351.935 1351.966 1351.997 1352.028 1352.098 1352.297 1352.496 1352.696 1352.895 1353.174 1353.489 1353.804 1354.119 1354.418 1354.639 1354.859 1355.08 1355.3 1355.449 1355.554 1355.66 1355.765 1355.865 1355.918 1355.971 1356.023 1356.076 1356.1 1356.1 1356.1 1356.1 1356.101 1356.207 1356.312 1356.417 1356.523 1356.723 1357.028 1357.333 1357.638 1357.943 1358.016 1358.076 1358.135 1358.194 1358.307 1358.499 1358.691 1358.883 1359.075 1359.48 1359.918 1360.355 1360.793 1361.257 1361.775 1362.293 1362.811 1363.328 1363.86 1364.395 1364.93 1365.465 1366.012 1366.593 1367.174 1367.755 1368.336
1351.382 1351.456 1351.53 1351.604 1351.712 1351.933 1352.154 1352.375 1352.595 1352.893 1353.224 1353.554 1353.885 1354.199 1354.419 1354.64 1354.86 1355.08 1355.209 1355.282 1355.355 1355.428 1355.498 1355.534 1355.571 1355.607 1355.644 1355.66 1355.66 1355.66 1355.66 1355.661 1355.734 1355.807 1355.88 1355.953 1356.114 1356.371 1356.627 1356.884 1357.14 1357.236 1357.322 1357.408 1357.495 1357.645 1357.891 1358.137 1358.382 1358.628 1359.022 1359.438 1359.854 1360.27 1360.727 1361.267 1361.806 1362.345 1362.884 1363.433 1363.984 1364.536 1365.087 1365.645 1366.22 1366.796 1367.371 1367.947
1350.829 1350.946 1351.063 1351.18 1351.327 1351.569 1351.811 1352.053 1352.296 1352.611 1352.958 1353.305 1353.652 1353.979 1354.199 1354.42 1354.64 1354.861 1354.969 1355.01 1355.051 1355.091 1355.13 1355.151 1355.171 1355.191 1355.212 1355.221 1355.221 1355.221 1355.221 1355.221 1355.262 1355.303 1355.344 1355.384 1355.505 1355.713 1355.921 1356.129 1356.337 1356.456 1356.569 1356.682 1356.795 1356.984 1357.283 1357.583 1357.882 1358.182 1358.564 1358.958 1359.353 1359.748 1360.198 1360.758 1361.319 1361.88 1362.44 1363.007 1363.574 1364.141 1364.709 1365.277 1365.847 1366.417 1366.988 1367.558
1350.276 1350.436 1350.596 1350.757 1350.941 1351.205 1351.469 1351.732 1351.996 1352.329 1352.692 1353.055 1353.419 1353.759 1353.979 1354.2 1354.42 1354.641 1354.729 1354.738 1354.746 1354.755 1354.763 1354.767 1354.771 1354.775 1354.779 1354.781 1354.781 1354.781 1354.781 1354.781 1354.79 1354.798 1354.807 1354.815 1354.896 1355.055 1355.215 1355.375 1355.534 1355.675 1355.815 1355.955 1356.095 1356.322 1356.675 1357.028 1357.382 1357.735 1358.106 1358.479 1358.852 1359.225 1359.667 1360.25 1360.832 1361.414 1361.997 1362.58 1363.164 1363.747 1364.331 1364.91 1365.474 1366.039 1366.604 1367.169
1350.12 1350.275 1350.431 1350.586 1350.764 1351.013 1351.263 1351.512 1351.762 1352.093 1352.461 1352.828 1353.195 1353.536 1353.732 1353.929 1354.125 1354.322 1354.396 1354.396 1354.396 1354.396 1354.396 1354.396 1354.396 1354.396 1354.396 1354.396 1354.396 1354.396 1354.396 1354.395 1354.36 1354.324 1354.288 1354.252 1354.304 1354.451 1354.598 1354.745 1354.892 1355.039 1355.186 1355.333 1355.48 1355.73 1356.134 1356.537 1356.94 1357.343 1357.715 1358.083 1358.45 1358.818 1359.251 1359.815 1360.379 1360.943 1361.507 1362.109 1362.72 1363.332 1363.944 1364.544 1365.111 1365.679 1366.246 1366.813
1350.103 1350.237 1350.371 1350.505 1350.66 1350.882 1351.105 1351.328 1351.55 1351.873 1352.241 1352.608 1352.976 1353.311 1353.475 1353.639 1353.803 1353.968 1354.03 1354.03 1354.03 1354.03 1354.03 1354.03 1354.03 1354.03 1354.03 1354.03 1354.03 1354.03 1354.03 1354.028 1353.944 1353.86 1353.776 1353.692 1353.718 1353.865 1354.012 1354.159 1354.306 1354.453 1354.6 1354.747 1354.894 1355.164 1355.616 1356.068 1356.519 1356.971 1357.349 1357.717 1358.084 1358.451 1358.874 1359.405 1359.937 1360.469 1361.0 1361.622 1362.266 1362.91 1363.554 1364.179 1364.752 1365.325 1365.897 1366.47
1350.086 1350.199 1350.311 1350.424 1350.556 1350.751 1350.947 1351.143 1351.339 1351.654 1352.021 1352.388 1352.756 1353.086 1353.218 1353.35 1353.482 1353.614 1353.663 1353.663 1353.663 1353.663 1353.663 1353.663 1353.663 1353.663 1353.663 1353.663 1353.663 1353.663 1353.663 1353.661 1353.529 1353.396 1353.263 1353.131 1353.132 1353.279 1353.426 1353.573 1353.72 1353.867 1354.014 1354.161 1354.308 1354.598 1355.098 1355.598 1356.098 1356.598 1356.983 1357.35 1357.718 1358.085 1358.497 1358.996 1359.495 1359.995 1360.494 1361.135 1361.811 1362.487 1363.164 1363.814 1364.392 1364.97 1365.549 1366.127
1350.07 1350.161 1350.252 1350.343 1350.452 1350.621 1350.789 1350.958 1351.127 1351.434 1351.801 1352.169 1352.536 1352.861 1352.961 1353.06 1353.16 1353.26 1353.297 1353.297 1353.297 1353.297 1353.297 1353.297 1353.297 1353.297 1353.297 1353.297 1353.297 1353.297 1353.297 1353.295 1353.114 1352.932 1352.751 1352.57 1352.546 1352.693 1352.84 1352.987 1353.134 1353.281 1353.428 1353.575 1353.722 1354.031 1354.58 1355.129 1355.677 1356.226 1356.617 1356.984 1357.352 1357.719 1358.12 1358.587 1359.054 1359.521 1359.988 1360.648 1361.356 1362.065 1362.773 1363.449 1364.033 1364.616 1365.2 1365.783
1350.054 1350.125 1350.195 1350.266 1350.354 1350.504 1350.654 1350.804 1350.954 1351.247 1351.602 1351.958 1352.313 1352.624 1352.7 1352.777 1352.853 1352.93 1352.955 1352.949 1352.943 1352.937 1352.931 1352.931 1352.931 1352.931 1352.931 1352.931 1352.931 1352.931 1352.931 1352.928 1352.707 1352.487 1352.266 1352.046 1351.998 1352.139 1352.28 1352.421 1352.562 1352.714 1352.867 1353.02 1353.173 1353.499 1354.078 1354.657 1355.235 1355.814 1356.217 1356.594 1356.97 1357.347 1357.747 1358.196 1358.645 1359.094 1359.543 1360.219 1360.951 1361.684 1362.417 1363.11 1363.692 1364.274 1364.856 1365.437
1350.042 1350.096 1350.15 1350.205 1350.285 1350.451 1350.617 1350.783 1350.949 1351.202 1351.493 1351.783 1352.074 1352.333 1352.426 1352.519 1352.611 1352.704 1352.715 1352.677 1352.638 1352.6 1352.565 1352.565 1352.565 1352.565 1352.565 1352.565 1352.565 1352.565 1352.565 1352.562 1352.341 1352.121 1351.9 1351.68 1351.617 1351.725 1351.834 1351.942 1352.051 1352.232 1352.417 1352.603 1352.788 1353.113 1353.644 1354.174 1354.704 1355.234 1355.673 1356.098 1356.523 1356.948 1357.395 1357.887 1358.38 1358.872 1359.364 1360.039 1360.761 1361.483 1362.205 1362.882 1363.432 1363.981 1364.531 1365.08
1350.029 1350.068 1350.106 1350.144 1350.215 1350.398 1350.58 1350.762 1350.944 1351.157 1351.383 1351.609 1351.835 1352.043 1352.152 1352.26 1352.369 1352.478 1352.475 1352.404 1352.334 1352.263 1352.198 1352.198 1352.198 1352.198 1352.198 1352.198 1352.198 1352.198 1352.198 1352.195 1351.975 1351.754 1351.534 1351.314 1351.235 1351.311 1351.388 1351.464 1351.54 1351.75 1351.967 1352.185 1352.403 1352.727 1353.209 1353.691 1354.173 1354.655 1355.129 1355.603 1356.076 1356.55 1357.044 1357.579 1358.114 1358.649 1359.184 1359.86 1360.571 1361.282 1361.993 1362.654 1363.171 1363.688 1364.206 1364.723
1350.017 1350.039 1350.061 1350.083 1350.146 1350.344 1350.543 1350.741 1350.94 1351.112 1351.274 1351.435 1351.597 1351.752 1351.877 1352.002 1352.127 1352.252 1352.235 1352.132 1352.029 1351.926 1351.832 1351.832 1351.832 1351.832 1351.832 1351.832 1351.832 1351.832 1351.832 1351.829 1351.609 1351.388 1351.168 1350.947 1350.853 1350.897 1350.941 1350.985 1351.029 1351.267 1351.517 1351.767 1352.017 1352.342 1352.775 1353.208 1353.642 1354.075 1354.585 1355.107 1355.629 1356.151 1356.692 1357.27 1357.848 1358.426 1359.005 1359.68 1360.381 1361.081 1361.782 1362.426 1362.911 1363.396 1363.88 1364.365
1350.005 1350.01 1350.016 1350.022 1350.076 1350.291 1350.505 1350.72 1350.935 1351.067 1351.164 1351.261 1351.358 1351.462 1351.603 1351.744 1351.885 1352.026 1351.995 1351.86 1351.725 1351.59 1351.466 1351.466 1351.466 1351.466 1351.466 1351.466 1351.466 1351.466 1351.466 1351.463 1351.242 1351.022 1350.802 1350.581 1350.472 1350.483 1350.495 1350.507 1350.518 1350.785 1351.067 1351.349 1351.632 1351.956 1352.341 1352.726 1353.11 1353.495 1354.042 1354.612 1355.182 1355.752 1356.34 1356.961 1357.582 1358.203 1358.825 1359.501 1360.19 1360.88 1361.57 1362.198 1362.65 1363.103 1363.555 1364.008
1350.0 1350.0 1350.0 1350.0 1350.044 1350.234 1350.423 1350.613 1350.802 1350.913 1350.99 1351.067 1351.144 1351.23 1351.363 1351.496 1351.63 1351.763 1351.722 1351.575 1351.428 1351.281 1351.146 1351.146 1351.146 1351.146 1351.146 1351.146 1351.146 1351.146 1351.146 1351.144 1350.954 1350.765 1350.575 1350.385 1350.287 1350.287 1350.287 1350.287 1350.287 1350.531 1350.791 1351.05 1351.31 1351.615 1351.986 1352.356 1352.727 1353.098 1353.67 1354.271 1354.873 1355.474 1356.088 1356.725 1357.361 1357.998 1358.635 1359.276 1359.917 1360.558 1361.199 1361.787 1362.225 1362.662 1363.099 1363.537
1350.0 1350.0 1350.0 1350.0 1350.033 1350.174 1350.315 1350.456 1350.597 1350.697 1350.78 1350.862 1350.944 1351.031 1351.143 1351.255 1351.366 1351.478 1351.429 1351.282 1351.135 1350.988 1350.854 1350.854 1350.854 1350.854 1350.854 1350.854 1350.854 1350.854 1350.854 1350.851 1350.71 1350.569 1350.428 1350.287 1350.213 1350.213 1350.213 1350.213 1350.213 1350.407 1350.613 1350.819 1351.025 1351.3 1351.676 1352.052 1352.428 1352.804 1353.395 1354.018 1354.642 1355.265 1355.892 1356.529 1357.166 1357.803 1358.44 1359.024 1359.596 1360.167 1360.738 1361.273 1361.705 1362.137 1362.569 1363.001
1350.0 1350.0 1350.0 1350.0 1350.021 1350.114 1350.207 1350.3 1350.392 1350.481 1350.569 1350.657 1350.744 1350.833 1350.923 1351.013 1351.103 1351.193 1351.136 1350.989 1350.842 1350.695 1350.561 1350.561 1350.561 1350.561 1350.561 1350.561 1350.561 1350.561 1350.561 1350.559 1350.467 1350.374 1350.281 1350.188 1350.14 1350.14 1350.14 1350.14 1350.14 1350.283 1350.435 1350.587 1350.739 1350.984 1351.366 1351.748 1352.129 1352.511 1353.121 1353.766 1354.41 1355.055 1355.697 1356.334 1356.971 1357.608 1358.245 1358.773 1359.275 1359.776 1360.277 1360.759 1361.186 1361.612 1362.039 1362.466
1350.0 1350.0 1350.0 1350.0 1350.01 1350.054 1350.099 1350.143 1350.187 1350.265 1350.358 1350.452 1350.545 1350.634 1350.702 1350.771 1350.84 1350.908 1350.843 1350.696 1350.549 1350.402 1350.268 1350.268 1350.268 1350.268 1350.268 1350.268 1350.268 1350.268 1350.268 1350.267 1350.223 1350.178 1350.134 1350.09 1350.067 1350.067 1350.067 1350.067 1350.067 1350.159 1350.257 1350.356 1350.454 1350.669 1351.056 1351.443 1351.83 1352.217 1352.847 1353.513 1354.179 1354.845 1355.502 1356.139 1356.775 1357.412 1358.049 1358.522 1358.953 1359.385 1359.816 1360.245 1360.666 1361.087 1361.509 1361.93
1350.0 1350.0 1350.0 1350.0 1350.0 1350.0 1350.0 1350.0 1350.0 1350.067 1350.163 1350.259 1350.355 1350.444 1350.492 1350.54 1350.588 1350.636 1350.564 1350.42 1350.276 1350.132 1350.0 1350.0 1350.0 1350.0 1350.0 1350.0 1350.0 1350.0 1350.0 1350.0 1350.0 1350.0 1350.0 1350.0 1350.0 1350.0 1350.0 1350.0 1350.0 1350.045 1350.093 1350.141 1350.189 1350.377 1350.77 1351.163 1351.556 1351.949 1352.591 1353.271 1353.951 1354.63 1355.295 1355.931 1356.567 1357.203 1357.839 1358.261 1358.628 1358.996 1359.363 1359.742 1360.155 1360.568 1360.98 1361.393
1350.0 1350.0 1350.0 1350.0 1350.0 1350.0 1350.0 1350.0 1350.0 1350.052 1350.126 1350.201 1350.276 1350.344 1350.381 1350.419 1350.456 1350.493 1350.438 1350.326 1350.214 1350.102 1350.0 1350.0 1350.0 1350.0 1350.0 1350.0 1350.0 1350.0 1350.0 1350.0 1350.0 1350.0 1350.0 1350.0 1350.0 1350.0 1350.0 1350.0 1350.0 1350.035 1350.072 1350.11 1350.147 1350.333 1350.737 1351.14 1351.544 1351.947 1352.53 1353.14 1353.75 1354.359 1354.974 1355.6 1356.225 1356.85 1357.475 1357.895 1358.262 1358.63 1358.997 1359.365 1359.735 1360.104 1360.474 1360.843
1350.0 1350.0 1350.0 1350.0 1350.0 1350.0 1350.0 1350.0 1350.0 1350.037 1350.09 1350.143 1350.196 1350.245 1350.271 1350.298 1350.324 1350.351 1350.311 1350.232 1350.152 1350.073 1350.0 1350.0 1350.0 1350.0 1350.0 1350.0 1350.0 1350.0 1350.0 1350.0 1350.0 1350.0 1350.0 1350.0 1350.0 1350.0 1350.0 1350.0 1350.0 1350.025 1350.052 1350.078 1350.105 1350.288 1350.703 1351.117 1351.532 1351.946 1352.469 1353.009 1353.549 1354.089 1354.653 1355.268 1355.882 1356.497 1357.111 1357.529 1357.896 1358.263 1358.631 1358.988 1359.314 1359.641 1359.967 1360.294
1350.0 1350.0 1350.0 1350.0 1350.0 1350.0 1350.0 1350.0 1350.0 1350.022 1350.053 1350.085 1350.116 1350.146 1350.161 1350.177 1350.193 1350.208 1350.185 1350.138 1350.09 1350.043 1350.0 1350.0 1350.0 1350.0 1350.0 1350.0 1350.0 1350.0 1350.0 1350.0 1350.0 1350.0 1350.0 1350.0 1350.0 1350.0 1350.0 1350.0 1350.0 1350.015 1350.031 1350.046 1350.062 1350.244 1350.669 1351.094 1351.519 1351.945 1352.409 1352.878 1353.348 1353.818 1354.332 1354.936 1355.54 1356.143 1356.747 1357.162 1357.53 1357.897 1358.265 1358.61 1358.894 1359.177 1359.46 1359.744
1350.0 1350.0 1350.0 1350.0 1350.0 1350.0 1350.0 1350.0 1350.0 1350.007 1350.017 1350.027 1350.037 1350.046 1350.051 1350.056 1350.061 1350.066 1350.059 1350.044 1350.029 1350.014 1350.0 1350.0 1350.0 1350.0 1350.0 1350.0 1350.0 1350.0 1350.0 1350.0 1350.0 1350.0 1350.0 1350.0 1350.0 1350.0 1350.0 1350.0 1350.0 1350.005 1350.01 1350.015 1350.02 1350.2 1350.635 1351.071 1351.507 1351.943 1352.348 1352.748 1353.147 1353.547 1354.011 1354.604 1355.197 1355.79 1356.383 1356.796 1357.163 1357.531 1357.898 1358.233 1358.473 1358.713 1358.954 1359.194
1350.0 1350.0 1350.0 1350.0 1350.0 1350.0 1350.0 1350.0 1350.0 1350.0 1350.0 1350.0 1350.0 1350.0 1350.0 1350.0 1350.0 1350.0 1350.0 1350.0 1350.0 1350.0 1350.0 1350.0 1350.0 1350.0 1350.0 1350.0 1350.0 1350.0 1350.0 1350.0 1350.0 1350.0 1350.0 1350.0 1350.0 1350.0 1350.0 1350.0 1350.0 1350.0 1350.0 1350.0 1350.0 1350.168 1350.583 1350.998 1351.413 1351.828 1352.192 1352.547 1352.903 1353.259 1353.682 1354.238 1354.794 1355.35 1355.906 1356.312 1356.679 1357.047 1357.414 1357.748 1357.986 1358.223 1358.461 1358.699
1350.0 1350.0 1350.0 1350.0 1350.0 1350.0 1350.0 1350.0 1350.0 1350.0 1350.0 1350.0 1350.0 1350.0 1350.0 1350.0 1350.0 1350.0 1350.0 1350.0 1350.0 1350.0 1350.0 1350.0 1350.0 1350.0 1350.0 1350.0 1350.0 1350.0 1350.0 1350.0 1350.0 1350.0 1350.0 1350.0 1350.0 1350.0 1350.0 1350.0 1350.0 1350.0 1350.0 1350.0 1350.0 1350.149 1350.515 1350.882 1351.248 1351.615 1351.953 1352.287 1352.622 1352.956 1353.345 1353.842 1354.339 1354.835 1355.332 1355.726 1356.093 1356.461 1356.828 1357.17 1357.44 1357.71 1357.98 1358.25
1350.0 1350.0 1350.0 1350.0 1350.0 1350.0 1350.0 1350.0 1350.0 1350.0 1350.0 1350.0 1350.0 1350.0 1350.0 1350.0 1350.0 1350.0 1350.0 1350.0 1350.0 1350.0 1350.0 1350.0 1350.0 1350.0 1350.0 1350.0 1350.0 1350.0 1350.0 1350.0 1350.0 1350.0 1350.0 1350.0 1350.0 1350.0 1350.0 1350.0 1350.0 1350.0 1350.0 1350.0 1350.0 1350.129 1350.447 1350.765 1351.083 1351.401 1351.715 1352.027 1352.34 1352.653 1353.007 1353.445 1353.883 1354.321 1354.758 1355.14 1355.507 1355.875 1356.242 1356.593 1356.895 1357.197 1357.5 1357.802
1350.0 1350.0 1350.0 1350.0 1350.0 1350.0 1350.0 1350.0 1350.0 1350.0 1350.0 1350.0 1350.0 1350.0 1350.0 1350.0 1350.0 1350.0 1350.0 1350.0 1350.0 1350.0 1350.0 1350.0 1350.0 1350.0 1350.0 1350.0 1350.0 1350.0 1350.0 1350.0 1350.0 1350.0 1350.0 1350.0 1350.0 1350.0 1350.0 1350.0 1350.0 1350.0 1350.0 1350.0 1350.0 1350.109 1350.379 1350.649 1350.918 1351.188 1351.476 1351.767 1352.059 1352.35 1352.67 1353.049 1353.427 1353.806 1354.184 1354.554 1354.922 1355.289 1355.656 1356.015 1356.35 1356.684 1357.019 1357.354
1350.0 1350.0 1350.0 1350.0 1350.0 1350.0 1350.0 1350.0 1350.0 1350.0 1350.0 1350.0 1350.0 1350.0 1350.0 1350.0 1350.0 1350.0 1350.0 1350.0 1350.0 1350.0 1350.0 1350.0 1350.0 1350.0 1350.0 1350.0 1350.0 1350.0 1350.0 1350.0 1350.0 1350.0 1350.0 1350.0 1350.0 1350.0 1350.0 1350.0 1350.0 1350.0 1350.0 1350.0 1350.0 1350.09 1350.311 1350.532 1350.753 1350.974 1351.238 1351.507 1351.777 1352.047 1352.333 1352.652 1352.972 1353.291 1353.61 1353.968 1354.335 1354.703 1355.07 1355.438 1355.805 1356.172 1356.538 1356.905
