data/zism_data/00524_02_D.txt
ncols         224
nrows         224
[rows 168 to 195 of 224, columns 0 to 63 of 224]
1254.685 1254.217 1253.749 1253.19 1252.525 1251.861 1251.196 1250.531 1250.351 1250.208 1250.066 1249.923 1249.866 1249.94 1250.015 1250.089 1250.163 1250.233 1250.302 1250.371 1250.441 1250.46 1250.372 1250.285 1250.198 1250.11 1249.932 1249.729 1249.526 1249.323 1249.161 1249.123 1249.086 1249.048 1249.011 1249.0 1249.0 1249.0 1249.0 1249.0 1249.0 1249.0 1249.0 1249.0 1249.0 1249.0 1249.0 1249.0 1249.0 1249.0 1249.0 1249.0 1249.0 1249.0 1249.0 1249.0 1249.0 1249.0 1249.0 1249.0 1249.0 1249.0 1249.0 1249.0
1256.154 1255.579 1255.003 1254.317 1253.501 1252.686 1251.87 1251.055 1250.789 1250.566 1250.342 1250.119 1250.029 1250.146 1250.264 1250.381 1250.499 1250.644 1250.794 1250.944 1251.094 1251.144 1250.981 1250.818 1250.656 1250.493 1250.261 1250.009 1249.757 1249.506 1249.299 1249.229 1249.16 1249.09 1249.02 1249.0 1249.0 1249.0 1249.0 1249.0 1249.0 1249.0 1249.0 1249.0 1249.0 1249.0 1249.0 1249.0 1249.0 1249.0 1249.0 1249.0 1249.0 1249.0 1249.0 1249.0 1249.0 1249.0 1249.0 1249.0 1249.0 1249.0 1249.0 1249.0
1257.623 1256.94 1256.257 1255.443 1254.477 1253.511 1252.545 1251.579 1251.227 1250.923 1250.619 1250.315 1250.192 1250.353 1250.513 1250.674 1250.834 1251.055 1251.286 1251.516 1251.747 1251.828 1251.59 1251.352 1251.114 1250.875 1250.589 1250.289 1249.989 1249.689 1249.438 1249.336 1249.234 1249.132 1249.03 1249.0 1249.0 1249.0 1249.0 1249.0 1249.0 1249.0 1249.0 1249.0 1249.0 1249.0 1249.0 1249.0 1249.0 1249.0 1249.0 1249.0 1249.0 1249.0 1249.0 1249.0 1249.0 1249.0 1249.0 1249.0 1249.0 1249.0 1249.0 1249.0
1259.093 1258.302 1257.511 1256.569 1255.453 1254.336 1253.219 1252.102 1251.665 1251.28 1250.895 1250.51 1250.356 1250.559 1250.763 1250.966 1251.17 1251.466 1251.777 1252.088 1252.4 1252.512 1252.198 1251.885 1251.572 1251.258 1250.917 1250.569 1250.22 1249.872 1249.576 1249.442 1249.308 1249.173 1249.039 1249.0 1249.0 1249.0 1249.0 1249.0 1249.0 1249.0 1249.0 1249.0 1249.0 1249.0 1249.0 1249.0 1249.0 1249.0 1249.0 1249.0 1249.0 1249.0 1249.0 1249.0 1249.0 1249.0 1249.0 1249.0 1249.0 1249.0 1249.0 1249.0
1260.413 1259.573 1258.734 1257.748 1256.592 1255.436 1254.279 1253.123 1252.641 1252.212 1251.782 1251.353 1251.162 1251.343 1251.524 1251.705 1251.887 1252.192 1252.519 1252.845 1253.172 1253.274 1252.899 1252.523 1252.147 1251.772 1251.379 1250.982 1250.586 1250.189 1249.849 1249.682 1249.515 1249.349 1249.182 1249.134 1249.134 1249.134 1249.134 1249.134 1249.134 1249.134 1249.134 1249.134 1249.134 1249.134 1249.134 1249.134 1249.134 1249.134 1249.134 1249.134 1249.134 1249.134 1249.134 1249.134 1249.134 1249.134 1249.134 1249.134 1249.134 1249.134 1249.134 1249.134
1261.636 1260.786 1259.936 1258.959 1257.835 1256.711 1255.588 1254.464 1253.964 1253.513 1253.062 1252.611 1252.382 1252.499 1252.615 1252.732 1252.848 1253.121 1253.421 1253.721 1254.02 1254.087 1253.658 1253.228 1252.799 1252.369 1251.927 1251.482 1251.037 1250.591 1250.207 1250.008 1249.809 1249.61 1249.411 1249.354 1249.354 1249.354 1249.354 1249.354 1249.354 1249.354 1249.354 1249.354 1249.354 1249.354 1249.354 1249.354 1249.354 1249.354 1249.354 1249.354 1249.354 1249.354 1249.354 1249.354 1249.354 1249.354 1249.354 1249.354 1249.354 1249.354 1249.354 1249.354
1262.86 1261.999 1261.138 1260.17 1259.079 1257.987 1256.896 1255.804 1255.287 1254.814 1254.342 1253.869 1253.602 1253.654 1253.706 1253.758 1253.81 1254.051 1254.323 1254.596 1254.869 1254.9 1254.417 1253.934 1253.45 1252.967 1252.476 1251.982 1251.488 1250.994 1250.565 1250.334 1250.103 1249.871 1249.64 1249.573 1249.573 1249.573 1249.573 1249.573 1249.573 1249.573 1249.573 1249.573 1249.573 1249.573 1249.573 1249.573 1249.573 1249.573 1249.573 1249.573 1249.573 1249.573 1249.573 1249.573 1249.573 1249.573 1249.573 1249.573 1249.573 1249.573 1249.573 1249.573
1264.084 1263.212 1262.34 1261.382 1260.323 1259.263 1258.204 1257.145 1256.61 1256.116 1255.622 1255.128 1254.822 1254.809 1254.797 1254.784 1254.771 1254.98 1255.226 1255.471 1255.717 1255.713 1255.176 1254.639 1254.102 1253.565 1253.024 1252.481 1251.939 1251.397 1250.923 1250.66 1250.396 1250.133 1249.869 1249.793 1249.793 1249.793 1249.793 1249.793 1249.793 1249.793 1249.793 1249.793 1249.793 1249.793 1249.793 1249.793 1249.793 1249.793 1249.793 1249.793 1249.793 1249.793 1249.793 1249.793 1249.793 1249.793 1249.793 1249.793 1249.793 1249.793 1249.793 1249.793
1265.316 1264.431 1263.547 1262.598 1261.575 1260.551 1259.528 1258.505 1257.954 1257.439 1256.925 1256.411 1256.067 1255.99 1255.912 1255.835 1255.757 1255.932 1256.151 1256.369 1256.587 1256.547 1255.955 1255.363 1254.772 1254.18 1253.591 1253.003 1252.415 1251.827 1251.313 1251.021 1250.73 1250.439 1250.148 1250.064 1250.064 1250.064 1250.064 1250.063 1250.059 1250.056 1250.052 1250.048 1250.046 1250.045 1250.044 1250.043 1250.042 1250.042 1250.042 1250.042 1250.042 1250.042 1250.042 1250.042 1250.042 1250.042 1250.042 1250.042 1250.042 1250.042 1250.042 1250.042
1266.684 1265.751 1264.818 1263.888 1262.962 1262.035 1261.109 1260.183 1259.639 1259.124 1258.61 1258.095 1257.725 1257.577 1257.43 1257.282 1257.135 1257.268 1257.448 1257.629 1257.809 1257.721 1257.059 1256.398 1255.736 1255.074 1254.47 1253.882 1253.294 1252.706 1252.203 1251.961 1251.718 1251.475 1251.233 1251.162 1251.162 1251.162 1251.162 1251.151 1251.082 1251.014 1250.946 1250.877 1250.842 1250.824 1250.807 1250.79 1250.775 1250.775 1250.775 1250.775 1250.775 1250.775 1250.775 1250.775 1250.775 1250.775 1250.775 1250.775 1250.775 1250.775 1250.775 1250.775
1268.052 1267.07 1266.089 1265.178 1264.349 1263.519 1262.69 1261.861 1261.323 1260.809 1260.295 1259.78 1259.382 1259.165 1258.947 1258.73 1258.512 1258.603 1258.746 1258.889 1259.031 1258.896 1258.164 1257.432 1256.7 1255.968 1255.349 1254.761 1254.173 1253.585 1253.094 1252.9 1252.706 1252.512 1252.318 1252.261 1252.261 1252.261 1252.261 1252.238 1252.105 1251.972 1251.839 1251.706 1251.637 1251.604 1251.571 1251.537 1251.507 1251.507 1251.507 1251.507 1251.507 1251.507 1251.507 1251.507 1251.507 1251.507 1251.507 1251.507 1251.507 1251.507 1251.507 1251.507
1269.42 1268.39 1267.36 1266.468 1265.736 1265.003 1264.271 1263.538 1263.008 1262.494 1261.979 1261.465 1261.039 1260.752 1260.464 1260.177 1259.89 1259.938 1260.043 1260.148 1260.254 1260.07 1259.268 1258.466 1257.664 1256.862 1256.228 1255.64 1255.052 1254.464 1253.985 1253.84 1253.694 1253.548 1253.402 1253.36 1253.36 1253.36 1253.36 1253.326 1253.128 1252.931 1252.733 1252.536 1252.432 1252.383 1252.334 1252.284 1252.24 1252.24 1252.24 1252.24 1252.24 1252.24 1252.24 1252.24 1252.24 1252.24 1252.24 1252.24 1252.24 1252.24 1252.24 1252.24
1270.788 1269.71 1268.631 1267.758 1267.123 1266.487 1265.852 1265.216 1264.693 1264.178 1263.664 1263.15 1262.697 1262.339 1261.982 1261.624 1261.267 1261.273 1261.34 1261.408 1261.476 1261.244 1260.372 1259.5 1258.628 1257.756 1257.107 1256.519 1255.931 1255.343 1254.876 1254.779 1254.682 1254.584 1254.487 1254.459 1254.459 1254.459 1254.459 1254.413 1254.151 1253.889 1253.627 1253.365 1253.228 1253.162 1253.097 1253.031 1252.972 1252.972 1252.972 1252.972 1252.972 1252.972 1252.972 1252.972 1252.972 1252.972 1252.972 1252.972 1252.972 1252.972 1252.972 1252.972
1272.224 1271.075 1269.927 1269.043 1268.466 1267.889 1267.312 1266.735 1266.219 1265.707 1265.196 1264.684 1264.223 1263.839 1263.455 1263.071 1262.688 1262.627 1262.622 1262.616 1262.61 1262.322 1261.429 1260.537 1259.644 1258.751 1258.097 1257.509 1256.922 1256.334 1255.872 1255.796 1255.719 1255.643 1255.567 1255.524 1255.494 1255.464 1255.433 1255.357 1255.06 1254.764 1254.467 1254.171 1254.013 1253.934 1253.855 1253.776 1253.704 1253.696 1253.688 1253.68 1253.671 1253.668 1253.668 1253.668 1253.668 1253.668 1253.671 1253.673 1253.676 1253.679 1253.683 1253.688
1273.726 1272.485 1271.245 1270.323 1269.767 1269.212 1268.656 1268.101 1267.591 1267.085 1266.579 1266.073 1265.62 1265.253 1264.885 1264.518 1264.15 1264.0 1263.887 1263.774 1263.66 1263.307 1262.441 1261.576 1260.71 1259.844 1259.196 1258.608 1258.02 1257.432 1256.969 1256.888 1256.806 1256.724 1256.643 1256.556 1256.467 1256.377 1256.288 1256.162 1255.86 1255.558 1255.256 1254.954 1254.787 1254.697 1254.608 1254.518 1254.435 1254.411 1254.386 1254.362 1254.338 1254.327 1254.327 1254.327 1254.327 1254.327 1254.335 1254.343 1254.352 1254.36 1254.372 1254.388
1275.227 1273.896 1272.564 1271.602 1271.068 1270.535 1270.001 1269.467 1268.964 1268.463 1267.962 1267.461 1267.019 1266.667 1266.316 1265.964 1265.613 1265.373 1265.152 1264.931 1264.71 1264.292 1263.454 1262.615 1261.776 1260.937 1260.295 1259.707 1259.119 1258.531 1258.067 1257.98 1257.893 1257.806 1257.719 1257.588 1257.44 1257.291 1257.143 1256.967 1256.659 1256.352 1256.044 1255.737 1255.562 1255.461 1255.361 1255.26 1255.166 1255.125 1255.085 1255.044 1255.004 1254.986 1254.986 1254.986 1254.986 1254.987 1255.0 1255.014 1255.027 1255.041 1255.061 1255.088
1276.729 1275.306 1273.883 1272.882 1272.37 1271.857 1271.345 1270.833 1270.336 1269.84 1269.345 1268.849 1268.417 1268.081 1267.746 1267.411 1267.075 1266.746 1266.417 1266.089 1265.76 1265.278 1264.466 1263.654 1262.842 1262.03 1261.393 1260.806 1260.218 1259.63 1259.164 1259.072 1258.979 1258.887 1258.795 1258.62 1258.413 1258.205 1257.997 1257.771 1257.459 1257.146 1256.833 1256.52 1256.336 1256.225 1256.114 1256.002 1255.897 1255.84 1255.783 1255.727 1255.67 1255.645 1255.645 1255.645 1255.645 1255.646 1255.665 1255.684 1255.703 1255.722 1255.75 1255.787
1278.231 1276.716 1275.201 1274.161 1273.671 1273.18 1272.689 1272.198 1271.708 1271.218 1270.728 1270.238 1269.815 1269.495 1269.176 1268.857 1268.538 1268.119 1267.683 1267.246 1266.81 1266.263 1265.478 1264.693 1263.908 1263.123 1262.492 1261.904 1261.316 1260.729 1260.261 1260.164 1260.066 1259.968 1259.87 1259.653 1259.386 1259.119 1258.852 1258.576 1258.258 1257.94 1257.622 1257.303 1257.11 1256.988 1256.866 1256.744 1256.627 1256.555 1256.482 1256.409 1256.336 1256.305 1256.305 1256.305 1256.305 1256.305 1256.33 1256.354 1256.378 1256.402 1256.439 1256.487
1279.662 1278.231 1276.8 1275.796 1275.285 1274.775 1274.264 1273.754 1273.215 1272.673 1272.132 1271.591 1271.132 1270.804 1270.475 1270.146 1269.818 1269.314 1268.78 1268.247 1267.713 1267.103 1266.329 1265.556 1264.782 1264.009 1263.417 1262.875 1262.334 1261.792 1261.346 1261.192 1261.037 1260.882 1260.728 1260.477 1260.187 1259.897 1259.607 1259.31 1258.981 1258.653 1258.324 1257.995 1257.795 1257.667 1257.54 1257.412 1257.288 1257.199 1257.11 1257.021 1256.932 1256.894 1256.894 1256.894 1256.894 1256.894 1256.914 1256.933 1256.952 1256.972 1257.024 1257.109
1281.09 1279.751 1278.411 1277.446 1276.914 1276.382 1275.85 1275.318 1274.727 1274.132 1273.537 1272.942 1272.447 1272.107 1271.768 1271.428 1271.089 1270.501 1269.87 1269.24 1268.609 1267.937 1267.174 1266.411 1265.648 1264.886 1264.334 1263.841 1263.348 1262.855 1262.43 1262.217 1262.003 1261.789 1261.575 1261.292 1260.98 1260.669 1260.357 1260.041 1259.701 1259.362 1259.022 1258.683 1258.475 1258.342 1258.209 1258.076 1257.946 1257.841 1257.736 1257.63 1257.526 1257.48 1257.48 1257.48 1257.48 1257.48 1257.494 1257.508 1257.522 1257.536 1257.604 1257.726
1282.519 1281.271 1280.022 1279.096 1278.543 1277.989 1277.436 1276.882 1276.24 1275.591 1274.942 1274.293 1273.761 1273.411 1273.061 1272.71 1272.36 1271.687 1270.96 1270.233 1269.505 1268.77 1268.018 1267.266 1266.514 1265.762 1265.251 1264.806 1264.361 1263.917 1263.515 1263.241 1262.968 1262.695 1262.422 1262.107 1261.774 1261.44 1261.107 1260.771 1260.421 1260.071 1259.721 1259.37 1259.155 1259.017 1258.878 1258.74 1258.603 1258.482 1258.361 1258.24 1258.119 1258.066 1258.066 1258.066 1258.066 1258.066 1258.075 1258.083 1258.092 1258.1 1258.184 1258.344
1283.947 1282.79 1281.634 1280.747 1280.172 1279.597 1279.021 1278.446 1277.753 1277.05 1276.347 1275.644 1275.075 1274.714 1274.353 1273.992 1273.631 1272.874 1272.05 1271.226 1270.401 1269.604 1268.862 1268.121 1267.38 1266.639 1266.168 1265.771 1265.375 1264.979 1264.599 1264.266 1263.934 1263.602 1263.27 1262.922 1262.567 1262.212 1261.858 1261.502 1261.141 1260.78 1260.419 1260.058 1259.835 1259.692 1259.548 1259.404 1259.261 1259.124 1258.986 1258.849 1258.712 1258.652 1258.652 1258.652 1258.652 1258.652 1258.655 1258.658 1258.661 1258.665 1258.764 1258.962
1285.317 1284.267 1283.217 1282.368 1281.752 1281.136 1280.519 1279.903 1279.179 1278.446 1277.714 1276.981 1276.38 1275.984 1275.589 1275.193 1274.797 1273.987 1273.108 1272.228 1271.349 1270.511 1269.763 1269.015 1268.267 1267.519 1267.073 1266.71 1266.347 1265.984 1265.615 1265.23 1264.845 1264.46 1264.075 1263.694 1263.313 1262.933 1262.552 1262.176 1261.822 1261.468 1261.113 1260.759 1260.529 1260.368 1260.208 1260.048 1259.889 1259.735 1259.582 1259.428 1259.275 1259.201 1259.188 1259.174 1259.161 1259.149 1259.164 1259.18 1259.195 1259.21 1259.329 1259.554
1286.6 1285.68 1284.759 1283.947 1283.261 1282.575 1281.888 1281.202 1280.478 1279.751 1279.023 1278.296 1277.671 1277.205 1276.74 1276.274 1275.808 1274.993 1274.119 1273.245 1272.37 1271.526 1270.746 1269.966 1269.185 1268.405 1267.96 1267.608 1267.255 1266.903 1266.532 1266.104 1265.676 1265.248 1264.82 1264.403 1263.99 1263.578 1263.165 1262.768 1262.446 1262.124 1261.802 1261.48 1261.24 1261.048 1260.856 1260.663 1260.473 1260.304 1260.134 1259.964 1259.795 1259.695 1259.65 1259.604 1259.559 1259.516 1259.569 1259.622 1259.675 1259.728 1259.871 1260.107
1287.884 1287.093 1286.301 1285.526 1284.77 1284.014 1283.258 1282.501 1281.777 1281.055 1280.333 1279.611 1278.962 1278.427 1277.891 1277.355 1276.819 1275.999 1275.13 1274.261 1273.392 1272.541 1271.729 1270.916 1270.104 1269.291 1268.847 1268.506 1268.164 1267.823 1267.449 1266.979 1266.507 1266.036 1265.565 1265.113 1264.668 1264.223 1263.777 1263.359 1263.07 1262.78 1262.49 1262.201 1261.952 1261.728 1261.503 1261.278 1261.058 1260.872 1260.686 1260.5 1260.314 1260.19 1260.112 1260.034 1259.957 1259.884 1259.974 1260.065 1260.156 1260.246 1260.414 1260.66
1289.168 1288.506 1287.844 1287.105 1286.279 1285.453 1284.627 1283.801 1283.076 1282.36 1281.643 1280.927 1280.253 1279.648 1279.042 1278.436 1277.831 1277.004 1276.141 1275.277 1274.414 1273.557 1272.712 1271.867 1271.022 1270.177 1269.735 1269.404 1269.073 1268.743 1268.367 1267.853 1267.339 1266.824 1266.31 1265.822 1265.345 1264.868 1264.39 1263.951 1263.694 1263.436 1263.179 1262.921 1262.664 1262.407 1262.15 1261.893 1261.642 1261.44 1261.238 1261.036 1260.834 1260.684 1260.574 1260.464 1260.354 1260.251 1260.379 1260.508 1260.636 1260.764 1260.956 1261.213
1290.452 1289.919 1289.386 1288.684 1287.788 1286.892 1285.996 1285.1 1284.375 1283.664 1282.953 1282.242 1281.545 1280.869 1280.193 1279.517 1278.842 1278.01 1277.152 1276.294 1275.436 1274.572 1273.695 1272.818 1271.94 1271.063 1270.622 1270.302 1269.982 1269.662 1269.284 1268.727 1268.17 1267.613 1267.055 1266.532 1266.022 1265.513 1265.003 1264.543 1264.318 1264.092 1263.867 1263.642 1263.376 1263.087 1262.798 1262.508 1262.226 1262.008 1261.79 1261.572 1261.354 1261.179 1261.036 1260.894 1260.752 1260.619 1260.784 1260.95 1261.116 1261.282 1261.499 1261.766
1291.703 1291.188 1290.674 1289.967 1289.038 1288.109 1287.179 1286.25 1285.507 1284.778 1284.049 1283.32 1282.598 1281.884 1281.171 1280.457 1279.744 1278.907 1278.05 1277.193 1276.336 1275.479 1274.625 1273.771 1272.917 1272.063 1271.566 1271.17 1270.773 1270.376 1269.939 1269.375 1268.812 1268.249 1267.685 1267.163 1266.658 1266.153 1265.648 1265.187 1264.939 1264.691 1264.443 1264.195 1263.915 1263.616 1263.318 1263.019 1262.728 1262.498 1262.268 1262.039 1261.809 1261.626 1261.479 1261.332 1261.185 1261.048 1261.228 1261.409 1261.59 1261.77 1261.99 1262.25
