data/zism_data/00523_02_D.txt
ncols         224
nrows         224
[rows 180 to 209 of 224, columns 67 to 133 of 224]
1530.047 1531.033 1532.018 1533.004 1534.031 1535.114 1536.198 1537.282 1538.365 1539.649 1540.96 1542.27 1543.58 1545.135 1547.148 1549.161 1551.174 1553.188 1555.782 1558.511 1561.241 1563.97 1566.711 1569.483 1572.255 1575.027 1577.799 1580.643 1583.513 1586.382 1589.252 1591.792 1593.039 1594.285 1595.532 1596.778 1596.967 1596.627 1596.286 1595.946 1595.487 1594.237 1592.988 1591.738 1590.488 1589.228 1587.961 1586.694 1585.427 1584.163 1582.941 1581.719 1580.496 1579.274 1578.101 1576.971 1575.842 1574.713 1573.583 1573.224 1572.877 1572.529 1572.182 1571.96 1571.892 1571.825 1571.757
1531.39 1532.388 1533.387 1534.386 1535.435 1536.554 1537.672 1538.791 1539.909 1541.151 1542.408 1543.666 1544.923 1546.436 1548.428 1550.421 1552.413 1554.405 1556.94 1559.602 1562.263 1564.925 1567.619 1570.401 1573.182 1575.964 1578.745 1581.579 1584.43 1587.282 1590.134 1592.661 1593.91 1595.159 1596.409 1597.658 1597.86 1597.539 1597.218 1596.897 1596.454 1595.199 1593.945 1592.69 1591.436 1590.146 1588.831 1587.517 1586.202 1584.894 1583.683 1582.472 1581.26 1580.049 1578.918 1577.859 1576.801 1575.743 1574.684 1574.39 1574.107 1573.824 1573.541 1573.366 1573.322 1573.279 1573.235
1532.673 1533.661 1534.649 1535.637 1536.694 1537.845 1538.996 1540.146 1541.297 1542.557 1543.83 1545.104 1546.378 1547.907 1549.915 1551.923 1553.932 1555.94 1558.387 1560.935 1563.484 1566.032 1568.625 1571.337 1574.048 1576.76 1579.471 1582.195 1584.923 1587.651 1590.38 1592.808 1594.057 1595.306 1596.555 1597.804 1598.035 1597.757 1597.479 1597.201 1596.801 1595.584 1594.367 1593.15 1591.933 1590.668 1589.37 1588.071 1586.773 1585.481 1584.297 1583.113 1581.929 1580.745 1579.696 1578.772 1577.848 1576.925 1576.001 1575.777 1575.564 1575.351 1575.138 1575.006 1574.974 1574.941 1574.908
1533.957 1534.934 1535.912 1536.889 1537.953 1539.136 1540.319 1541.502 1542.685 1543.963 1545.253 1546.542 1547.832 1549.377 1551.402 1553.426 1555.451 1557.475 1559.833 1562.269 1564.704 1567.139 1569.631 1572.273 1574.915 1577.556 1580.198 1582.812 1585.416 1588.02 1590.625 1592.954 1594.203 1595.453 1596.702 1597.951 1598.211 1597.976 1597.741 1597.506 1597.147 1595.968 1594.789 1593.61 1592.431 1591.19 1589.908 1588.626 1587.344 1586.069 1584.912 1583.754 1582.597 1581.44 1580.474 1579.685 1578.896 1578.106 1577.317 1577.165 1577.022 1576.879 1576.736 1576.647 1576.625 1576.603 1576.581
1535.241 1536.207 1537.174 1538.14 1539.211 1540.427 1541.642 1542.858 1544.073 1545.369 1546.675 1547.981 1549.286 1550.848 1552.889 1554.929 1556.97 1559.01 1561.28 1563.602 1565.924 1568.247 1570.638 1573.209 1575.781 1578.352 1580.924 1583.428 1585.909 1588.389 1590.87 1593.101 1594.35 1595.599 1596.848 1598.097 1598.386 1598.194 1598.002 1597.81 1597.494 1596.353 1595.211 1594.07 1592.928 1591.713 1590.447 1589.181 1587.915 1586.656 1585.526 1584.396 1583.265 1582.135 1581.253 1580.598 1579.943 1579.288 1578.634 1578.552 1578.479 1578.406 1578.333 1578.288 1578.277 1578.266 1578.254
1536.525 1537.48 1538.436 1539.392 1540.47 1541.718 1542.966 1544.214 1545.461 1546.775 1548.097 1549.419 1550.741 1552.319 1554.375 1556.432 1558.489 1560.546 1562.726 1564.936 1567.145 1569.354 1571.644 1574.146 1576.647 1579.149 1581.65 1584.045 1586.401 1588.758 1591.115 1593.247 1594.496 1595.745 1596.995 1598.244 1598.561 1598.412 1598.263 1598.115 1597.841 1596.737 1595.633 1594.53 1593.426 1592.235 1590.985 1589.735 1588.485 1587.244 1586.141 1585.037 1583.934 1582.83 1582.031 1581.511 1580.991 1580.47 1579.95 1579.94 1579.937 1579.934 1579.931 1579.929 1579.928 1579.928 1579.927
1537.661 1538.647 1539.633 1540.619 1541.727 1543.002 1544.277 1545.552 1546.827 1548.189 1549.563 1550.938 1552.312 1553.886 1555.836 1557.785 1559.734 1561.684 1563.769 1565.886 1568.003 1570.12 1572.316 1574.722 1577.128 1579.534 1581.94 1584.244 1586.513 1588.782 1591.051 1593.111 1594.35 1595.589 1596.828 1598.067 1598.375 1598.218 1598.06 1597.903 1597.629 1596.579 1595.528 1594.477 1593.426 1592.276 1591.058 1589.84 1588.621 1587.414 1586.384 1585.354 1584.323 1583.293 1582.599 1582.214 1581.828 1581.442 1581.057 1581.097 1581.143 1581.189 1581.236 1581.261 1581.261 1581.261 1581.261
1538.791 1539.809 1540.828 1541.846 1542.984 1544.285 1545.587 1546.889 1548.191 1549.604 1551.032 1552.46 1553.888 1555.458 1557.295 1559.131 1560.967 1562.804 1564.794 1566.819 1568.844 1570.87 1572.973 1575.282 1577.591 1579.9 1582.209 1584.425 1586.608 1588.791 1590.973 1592.963 1594.191 1595.419 1596.647 1597.875 1598.172 1598.004 1597.836 1597.668 1597.392 1596.395 1595.398 1594.401 1593.405 1592.295 1591.109 1589.923 1588.737 1587.565 1586.61 1585.655 1584.7 1583.745 1583.158 1582.907 1582.656 1582.404 1582.153 1582.243 1582.338 1582.433 1582.527 1582.58 1582.58 1582.58 1582.58
1539.92 1540.971 1542.022 1543.073 1544.24 1545.569 1546.897 1548.226 1549.555 1551.019 1552.501 1553.983 1555.465 1557.031 1558.754 1560.477 1562.2 1563.924 1565.818 1567.752 1569.686 1571.62 1573.63 1575.842 1578.054 1580.266 1582.478 1584.605 1586.702 1588.799 1590.896 1592.814 1594.031 1595.249 1596.466 1597.683 1597.97 1597.791 1597.612 1597.433 1597.155 1596.212 1595.269 1594.326 1593.383 1592.314 1591.161 1590.007 1588.853 1587.716 1586.836 1585.957 1585.077 1584.198 1583.716 1583.6 1583.483 1583.367 1583.25 1583.39 1583.533 1583.676 1583.819 1583.898 1583.898 1583.898 1583.898
1541.05 1542.133 1543.216 1544.299 1545.497 1546.852 1548.208 1549.563 1550.919 1552.434 1553.97 1555.505 1557.041 1558.603 1560.213 1561.823 1563.434 1565.044 1566.842 1568.685 1570.527 1572.37 1574.287 1576.402 1578.517 1580.633 1582.748 1584.786 1586.796 1588.807 1590.818 1592.665 1593.872 1595.078 1596.285 1597.492 1597.767 1597.578 1597.388 1597.199 1596.918 1596.029 1595.139 1594.25 1593.361 1592.334 1591.212 1590.091 1588.969 1587.866 1587.062 1586.258 1585.454 1584.65 1584.275 1584.293 1584.311 1584.329 1584.347 1584.536 1584.728 1584.919 1585.111 1585.217 1585.217 1585.217 1585.217
1542.181 1543.288 1544.394 1545.501 1546.72 1548.094 1549.467 1550.841 1552.215 1553.747 1555.299 1556.851 1558.404 1559.951 1561.487 1563.024 1564.56 1566.097 1567.809 1569.562 1571.315 1573.068 1574.889 1576.888 1578.886 1580.885 1582.884 1584.816 1586.725 1588.635 1590.544 1592.307 1593.494 1594.681 1595.868 1597.055 1597.343 1597.182 1597.021 1596.86 1596.613 1595.786 1594.959 1594.132 1593.306 1592.332 1591.258 1590.185 1589.111 1588.058 1587.351 1586.644 1585.938 1585.23 1584.956 1585.078 1585.2 1585.322 1585.444 1585.663 1585.884 1586.104 1586.324 1586.446 1586.446 1586.446 1586.446
1543.314 1544.432 1545.549 1546.667 1547.894 1549.273 1550.652 1552.031 1553.411 1554.91 1556.424 1557.939 1559.454 1560.971 1562.491 1564.011 1565.532 1567.052 1568.692 1570.359 1572.026 1573.693 1575.411 1577.264 1579.117 1580.971 1582.824 1584.627 1586.412 1588.198 1589.983 1591.641 1592.796 1593.95 1595.105 1596.26 1596.595 1596.52 1596.445 1596.37 1596.207 1595.456 1594.705 1593.953 1593.202 1592.301 1591.297 1590.293 1589.289 1588.31 1587.732 1587.154 1586.577 1585.999 1585.817 1585.998 1586.18 1586.361 1586.542 1586.762 1586.982 1587.203 1587.423 1587.545 1587.545 1587.545 1587.545
1544.448 1545.576 1546.704 1547.832 1549.068 1550.453 1551.837 1553.222 1554.606 1556.073 1557.55 1559.027 1560.504 1561.99 1563.495 1564.999 1566.503 1568.007 1569.574 1571.155 1572.736 1574.316 1575.932 1577.64 1579.348 1581.056 1582.764 1584.438 1586.099 1587.761 1589.423 1590.975 1592.098 1593.22 1594.343 1595.465 1595.847 1595.858 1595.869 1595.88 1595.802 1595.126 1594.45 1593.774 1593.098 1592.269 1591.335 1590.401 1589.467 1588.561 1588.113 1587.664 1587.216 1586.767 1586.678 1586.919 1587.159 1587.399 1587.64 1587.861 1588.081 1588.302 1588.522 1588.643 1588.643 1588.643 1588.643
1545.581 1546.72 1547.859 1548.998 1550.242 1551.632 1553.022 1554.412 1555.802 1557.236 1558.675 1560.115 1561.554 1563.01 1564.498 1565.986 1567.475 1568.963 1570.456 1571.951 1573.446 1574.94 1576.454 1578.016 1579.579 1581.142 1582.704 1584.249 1585.787 1587.324 1588.862 1590.309 1591.4 1592.49 1593.58 1594.67 1595.099 1595.196 1595.293 1595.391 1595.397 1594.796 1594.196 1593.595 1592.994 1592.237 1591.373 1590.509 1589.645 1588.813 1588.494 1588.174 1587.855 1587.536 1587.539 1587.839 1588.138 1588.438 1588.738 1588.959 1589.18 1589.4 1589.621 1589.742 1589.742 1589.742 1589.742
1546.715 1547.864 1549.014 1550.164 1551.417 1552.812 1554.207 1555.603 1556.998 1558.399 1559.801 1561.202 1562.604 1564.03 1565.502 1566.974 1568.446 1569.918 1571.339 1572.747 1574.156 1575.564 1576.975 1578.393 1579.81 1581.227 1582.645 1584.06 1585.474 1586.888 1588.302 1589.644 1590.701 1591.759 1592.817 1593.875 1594.35 1594.534 1594.717 1594.901 1594.992 1594.466 1593.941 1593.416 1592.891 1592.206 1591.412 1590.618 1589.824 1589.065 1588.875 1588.684 1588.494 1588.304 1588.4 1588.759 1589.118 1589.477 1589.836 1590.058 1590.278 1590.499 1590.719 1590.841 1590.841 1590.841 1590.841
1547.95 1549.065 1550.179 1551.293 1552.486 1553.785 1555.085 1556.384 1557.684 1559.02 1560.361 1561.702 1563.043 1564.404 1565.805 1567.206 1568.606 1570.007 1571.359 1572.7 1574.041 1575.382 1576.734 1578.116 1579.499 1580.881 1582.264 1583.615 1584.956 1586.297 1587.638 1588.917 1589.952 1590.987 1592.021 1593.056 1593.553 1593.781 1594.01 1594.238 1594.376 1593.917 1593.458 1592.999 1592.54 1591.992 1591.383 1590.774 1590.165 1589.586 1589.502 1589.418 1589.334 1589.25 1589.387 1589.727 1590.067 1590.407 1590.747 1591.01 1591.271 1591.533 1591.795 1591.939 1591.939 1591.939 1591.939
1549.203 1550.275 1551.346 1552.417 1553.537 1554.723 1555.91 1557.096 1558.283 1559.549 1560.825 1562.101 1563.378 1564.669 1565.989 1567.309 1568.629 1569.949 1571.233 1572.51 1573.786 1575.062 1576.363 1577.73 1579.096 1580.462 1581.828 1583.128 1584.405 1585.681 1586.957 1588.18 1589.193 1590.207 1591.22 1592.233 1592.748 1593.014 1593.28 1593.546 1593.726 1593.331 1592.937 1592.542 1592.147 1591.747 1591.343 1590.938 1590.534 1590.154 1590.172 1590.19 1590.209 1590.227 1590.396 1590.704 1591.011 1591.319 1591.626 1591.936 1592.247 1592.557 1592.867 1593.038 1593.038 1593.038 1593.038
1550.456 1551.484 1552.513 1553.541 1554.588 1555.661 1556.735 1557.808 1558.882 1560.078 1561.289 1562.501 1563.713 1564.934 1566.173 1567.412 1568.652 1569.891 1571.108 1572.319 1573.531 1574.743 1575.993 1577.343 1578.693 1580.043 1581.393 1582.641 1583.853 1585.064 1586.276 1587.443 1588.435 1589.427 1590.419 1591.41 1591.943 1592.247 1592.55 1592.854 1593.075 1592.745 1592.415 1592.085 1591.755 1591.502 1591.302 1591.103 1590.903 1590.721 1590.842 1590.962 1591.083 1591.203 1591.405 1591.68 1591.955 1592.23 1592.506 1592.863 1593.222 1593.581 1593.939 1594.137 1594.137 1594.137 1594.137
1551.709 1552.694 1553.679 1554.665 1555.639 1556.6 1557.56 1558.521 1559.481 1560.606 1561.754 1562.901 1564.048 1565.199 1566.358 1567.516 1568.674 1569.833 1570.982 1572.129 1573.276 1574.423 1575.622 1576.956 1578.29 1579.624 1580.958 1582.154 1583.301 1584.448 1585.595 1586.706 1587.677 1588.647 1589.617 1590.587 1591.138 1591.479 1591.821 1592.162 1592.424 1592.159 1591.893 1591.628 1591.362 1591.258 1591.262 1591.267 1591.272 1591.289 1591.512 1591.734 1591.957 1592.18 1592.413 1592.656 1592.899 1593.142 1593.385 1593.79 1594.197 1594.604 1595.011 1595.236 1595.236 1595.236 1595.236
1552.971 1553.892 1554.813 1555.734 1556.636 1557.513 1558.39 1559.267 1560.143 1561.199 1562.279 1563.358 1564.437 1565.522 1566.618 1567.714 1568.809 1569.905 1571.006 1572.108 1573.21 1574.313 1575.468 1576.765 1578.061 1579.358 1580.654 1581.798 1582.887 1583.976 1585.065 1586.125 1587.07 1588.016 1588.961 1589.907 1590.469 1590.84 1591.21 1591.581 1591.879 1591.689 1591.5 1591.311 1591.121 1591.141 1591.302 1591.464 1591.626 1591.796 1592.11 1592.423 1592.737 1593.051 1593.326 1593.566 1593.806 1594.046 1594.286 1594.71 1595.136 1595.562 1595.988 1596.224 1596.225 1596.227 1596.229
1554.255 1555.063 1555.87 1556.678 1557.508 1558.369 1559.23 1560.09 1560.951 1561.938 1562.942 1563.946 1564.95 1565.979 1567.053 1568.127 1569.201 1570.275 1571.372 1572.474 1573.577 1574.679 1575.811 1577.021 1578.232 1579.442 1580.652 1581.741 1582.787 1583.833 1584.88 1585.899 1586.812 1587.725 1588.638 1589.551 1590.11 1590.491 1590.873 1591.254 1591.575 1591.488 1591.401 1591.313 1591.226 1591.316 1591.526 1591.736 1591.946 1592.166 1592.544 1592.923 1593.301 1593.679 1594.019 1594.323 1594.628 1594.933 1595.238 1595.614 1595.992 1596.37 1596.747 1596.958 1596.966 1596.973 1596.98
1555.538 1556.233 1556.928 1557.623 1558.38 1559.225 1560.07 1560.914 1561.759 1562.678 1563.606 1564.535 1565.464 1566.435 1567.488 1568.54 1569.593 1570.646 1571.739 1572.841 1573.943 1575.045 1576.153 1577.278 1578.402 1579.526 1580.651 1581.685 1582.688 1583.691 1584.694 1585.672 1586.553 1587.434 1588.315 1589.196 1589.751 1590.143 1590.535 1590.927 1591.271 1591.286 1591.301 1591.316 1591.331 1591.491 1591.75 1592.008 1592.267 1592.536 1592.979 1593.422 1593.865 1594.307 1594.712 1595.081 1595.45 1595.82 1596.189 1596.519 1596.848 1597.177 1597.507 1597.693 1597.706 1597.718 1597.731
1556.822 1557.404 1557.985 1558.567 1559.253 1560.081 1560.909 1561.738 1562.566 1563.417 1564.27 1565.123 1565.977 1566.892 1567.923 1568.954 1569.985 1571.016 1572.105 1573.207 1574.309 1575.411 1576.496 1577.534 1578.572 1579.61 1580.649 1581.629 1582.589 1583.549 1584.509 1585.446 1586.295 1587.143 1587.992 1588.84 1589.392 1589.795 1590.198 1590.601 1590.966 1591.084 1591.201 1591.319 1591.436 1591.667 1591.974 1592.281 1592.588 1592.906 1593.414 1593.921 1594.428 1594.936 1595.405 1595.839 1596.272 1596.706 1597.14 1597.423 1597.704 1597.985 1598.266 1598.428 1598.446 1598.464 1598.482
1558.106 1558.574 1559.043 1559.512 1560.125 1560.937 1561.749 1562.562 1563.374 1564.156 1564.934 1565.712 1566.49 1567.348 1568.358 1569.367 1570.377 1571.386 1572.471 1573.573 1574.675 1575.778 1576.838 1577.791 1578.743 1579.695 1580.647 1581.573 1582.49 1583.406 1584.323 1585.22 1586.036 1586.852 1587.668 1588.485 1589.033 1589.446 1589.86 1590.274 1590.662 1590.882 1591.102 1591.322 1591.542 1591.842 1592.197 1592.553 1592.908 1593.276 1593.848 1594.42 1594.992 1595.564 1596.098 1596.596 1597.095 1597.593 1598.092 1598.328 1598.56 1598.792 1599.025 1599.163 1599.186 1599.21 1599.233
1559.372 1559.825 1560.278 1560.731 1561.297 1562.021 1562.744 1563.467 1564.19 1564.934 1565.682 1566.429 1567.176 1568.012 1569.017 1570.021 1571.025 1572.03 1573.084 1574.149 1575.215 1576.281 1577.308 1578.235 1579.162 1580.089 1581.015 1581.93 1582.84 1583.75 1584.661 1585.543 1586.315 1587.087 1587.858 1588.63 1589.165 1589.581 1589.998 1590.414 1590.805 1591.026 1591.246 1591.467 1591.688 1592.005 1592.389 1592.772 1593.156 1593.55 1594.122 1594.694 1595.265 1595.837 1596.379 1596.893 1597.408 1597.922 1598.436 1598.661 1598.881 1599.102 1599.322 1599.453 1599.473 1599.494 1599.514
1560.633 1561.102 1561.571 1562.04 1562.568 1563.179 1563.789 1564.399 1565.009 1565.726 1566.457 1567.188 1567.919 1568.745 1569.749 1570.754 1571.758 1572.762 1573.777 1574.794 1575.811 1576.828 1577.819 1578.741 1579.662 1580.584 1581.505 1582.422 1583.338 1584.254 1585.169 1586.046 1586.769 1587.493 1588.216 1588.939 1589.458 1589.874 1590.291 1590.707 1591.094 1591.282 1591.471 1591.659 1591.847 1592.164 1592.569 1592.975 1593.38 1593.793 1594.343 1594.894 1595.444 1595.994 1596.525 1597.04 1597.554 1598.068 1598.583 1598.807 1599.028 1599.248 1599.469 1599.597 1599.612 1599.627 1599.642
1561.893 1562.379 1562.864 1563.349 1563.839 1564.337 1564.834 1565.331 1565.828 1566.517 1567.232 1567.947 1568.662 1569.477 1570.482 1571.486 1572.49 1573.495 1574.47 1575.439 1576.408 1577.376 1578.331 1579.247 1580.163 1581.079 1581.995 1582.914 1583.835 1584.757 1585.678 1586.549 1587.224 1587.899 1588.573 1589.248 1589.751 1590.167 1590.584 1591.0 1591.383 1591.539 1591.695 1591.851 1592.007 1592.324 1592.75 1593.177 1593.604 1594.036 1594.565 1595.093 1595.622 1596.151 1596.672 1597.186 1597.701 1598.215 1598.729 1598.954 1599.174 1599.395 1599.615 1599.741 1599.751 1599.76 1599.77
1563.154 1563.655 1564.157 1564.658 1565.11 1565.495 1565.879 1566.262 1566.646 1567.309 1568.007 1568.706 1569.405 1570.21 1571.214 1572.218 1573.223 1574.227 1575.163 1576.083 1577.004 1577.924 1578.842 1579.753 1580.663 1581.574 1582.484 1583.407 1584.333 1585.26 1586.186 1587.052 1587.678 1588.305 1588.931 1589.557 1590.044 1590.46 1590.877 1591.293 1591.672 1591.795 1591.919 1592.043 1592.166 1592.483 1592.931 1593.379 1593.828 1594.279 1594.786 1595.293 1595.8 1596.307 1596.818 1597.333 1597.847 1598.361 1598.876 1599.1 1599.321 1599.541 1599.762 1599.885 1599.889 1599.894 1599.898
1564.417 1564.921 1565.426 1565.93 1566.344 1566.631 1566.918 1567.206 1567.493 1568.135 1568.823 1569.511 1570.199 1570.995 1571.994 1572.993 1573.991 1574.99 1575.889 1576.764 1577.639 1578.514 1579.396 1580.295 1581.193 1582.092 1582.991 1583.914 1584.846 1585.778 1586.709 1587.573 1588.167 1588.762 1589.356 1589.95 1590.425 1590.839 1591.253 1591.667 1592.04 1592.133 1592.227 1592.321 1592.414 1592.72 1593.171 1593.623 1594.074 1594.527 1595.011 1595.496 1595.98 1596.465 1596.961 1597.469 1597.977 1598.485 1598.993 1599.217 1599.438 1599.658 1599.879 1600.0 1600.0 1600.0 1600.0
1565.689 1566.145 1566.601 1567.057 1567.429 1567.684 1567.939 1568.194 1568.449 1569.096 1569.795 1570.494 1571.193 1571.987 1572.959 1573.93 1574.902 1575.874 1576.741 1577.584 1578.427 1579.27 1580.118 1580.979 1581.84 1582.701 1583.562 1584.479 1585.417 1586.354 1587.291 1588.165 1588.792 1589.419 1590.045 1590.672 1591.15 1591.553 1591.957 1592.36 1592.721 1592.793 1592.865 1592.937 1593.009 1593.265 1593.646 1594.027 1594.408 1594.794 1595.251 1595.709 1596.167 1596.624 1597.091 1597.567 1598.042 1598.518 1598.993 1599.217 1599.438 1599.658 1599.879 1600.0 1600.0 1600.0 1600.0
