data/zism_data/00538_02_D.txt
ncols         224
nrows         224
[rows 112 to 139 of 224, columns 64 to 127 of 224]
3738.777 3730.145 3721.513 3712.881 3704.249 3703.141 3702.255 3701.37 3700.484 3700.0 3700.0 3700.0 3700.0 3700.0 3700.0 3700.0 3700.0 3700.0 3700.401 3701.362 3702.322 3703.283 3704.244 3707.567 3711.155 3714.743 3718.332 3722.014 3725.849 3729.684 3733.519 3737.354 3739.166 3740.659 3742.151 3743.643 3744.347 3743.555 3742.763 3741.971 3741.179 3737.477 3733.169 3728.86 3724.552 3720.546 3717.218 3713.889 3710.561 3707.232 3705.392 3703.945 3702.498 3701.052 3700.0 3700.0 3700.0 3700.0 3700.0 3700.029 3700.067 3700.106 3700.144 3700.379
3737.655 3729.26 3720.864 3712.469 3704.073 3703.008 3702.16 3701.312 3700.464 3700.0 3700.0 3700.0 3700.0 3700.0 3700.047 3700.096 3700.146 3700.196 3700.819 3702.242 3703.666 3705.09 3706.513 3710.205 3714.151 3718.097 3722.043 3725.938 3729.753 3733.568 3737.383 3741.197 3743.247 3745.016 3746.786 3748.556 3749.451 3748.689 3747.927 3747.165 3746.403 3742.615 3738.197 3733.778 3729.358 3725.17 3721.494 3717.819 3714.144 3710.469 3708.131 3706.145 3704.16 3702.174 3700.687 3700.525 3700.364 3700.201 3700.04 3700.015 3700.036 3700.056 3700.077 3700.233
3736.194 3728.107 3720.019 3711.932 3703.845 3702.835 3702.036 3701.237 3700.437 3700.0 3700.0 3700.0 3700.0 3700.0 3700.107 3700.222 3700.336 3700.451 3701.337 3703.302 3705.265 3707.229 3709.193 3713.212 3717.46 3721.709 3725.958 3729.993 3733.684 3737.374 3741.064 3744.755 3747.062 3749.151 3751.24 3753.328 3754.444 3753.714 3752.984 3752.255 3751.525 3747.698 3743.225 3738.752 3734.279 3729.969 3726.024 3722.078 3718.133 3714.187 3711.318 3708.733 3706.147 3703.562 3701.582 3701.209 3700.836 3700.464 3700.091 3700.011 3700.026 3700.042 3700.056 3700.171
3734.733 3726.954 3719.175 3711.395 3703.616 3702.663 3701.912 3701.161 3700.41 3700.0 3700.0 3700.0 3700.0 3700.0 3700.168 3700.347 3700.527 3700.706 3701.856 3704.36 3706.865 3709.369 3711.874 3716.219 3720.77 3725.321 3729.872 3734.048 3737.614 3741.18 3744.746 3748.312 3750.878 3753.286 3755.693 3758.101 3759.436 3758.739 3758.042 3757.344 3756.647 3752.781 3748.254 3743.727 3739.2 3734.769 3730.553 3726.338 3722.122 3717.906 3714.506 3711.321 3708.135 3704.95 3702.477 3701.893 3701.31 3700.726 3700.143 3700.007 3700.017 3700.027 3700.036 3700.11
3733.272 3725.801 3718.33 3710.859 3703.387 3702.49 3701.788 3701.086 3700.384 3700.0 3700.0 3700.0 3700.0 3700.0 3700.229 3700.473 3700.717 3700.962 3702.375 3705.419 3708.464 3711.509 3714.554 3719.226 3724.079 3728.933 3733.787 3738.103 3741.544 3744.986 3748.428 3751.87 3754.694 3757.42 3760.147 3762.873 3764.428 3763.763 3763.099 3762.434 3761.769 3757.864 3753.283 3748.702 3744.121 3739.569 3735.083 3730.597 3726.111 3721.625 3717.694 3713.909 3710.124 3706.339 3703.371 3702.577 3701.783 3700.989 3700.194 3700.003 3700.007 3700.012 3700.016 3700.048
3731.669 3724.542 3717.414 3710.286 3703.158 3702.318 3701.664 3701.011 3700.357 3700.0 3700.0 3700.0 3700.0 3700.0 3700.302 3700.626 3700.949 3701.272 3702.958 3706.545 3710.133 3713.721 3717.308 3722.305 3727.459 3732.613 3737.767 3742.229 3745.569 3748.909 3752.249 3755.589 3758.61 3761.582 3764.553 3767.524 3769.245 3768.598 3767.95 3767.302 3766.655 3762.685 3758.021 3753.358 3748.695 3744.013 3739.29 3734.566 3729.843 3725.119 3720.738 3716.447 3712.156 3707.865 3704.463 3703.423 3702.383 3701.343 3700.302 3700.04 3700.029 3700.019 3700.008 3700.0
3729.556 3722.898 3716.24 3709.582 3702.924 3702.145 3701.541 3700.936 3700.331 3700.0 3700.0 3700.0 3700.0 3700.0 3700.424 3700.877 3701.33 3701.783 3703.774 3707.913 3712.052 3716.19 3720.329 3725.644 3731.089 3736.535 3741.981 3746.616 3749.934 3753.252 3756.571 3759.889 3762.889 3765.838 3768.788 3771.738 3773.432 3772.746 3772.061 3771.375 3770.69 3766.562 3761.714 3756.867 3752.02 3747.175 3742.332 3737.49 3732.648 3727.805 3723.267 3718.808 3714.35 3709.892 3706.266 3704.853 3703.439 3702.026 3700.613 3700.223 3700.164 3700.104 3700.045 3700.0
3727.442 3721.254 3715.066 3708.879 3702.691 3701.973 3701.417 3700.86 3700.304 3700.0 3700.0 3700.0 3700.0 3700.0 3700.545 3701.128 3701.71 3702.293 3704.59 3709.28 3713.97 3718.66 3723.35 3728.982 3734.72 3740.458 3746.196 3751.002 3754.299 3757.596 3760.892 3764.189 3767.167 3770.095 3773.023 3775.951 3777.618 3776.895 3776.172 3775.448 3774.725 3770.438 3765.407 3760.376 3755.345 3750.336 3745.375 3740.414 3735.453 3730.491 3725.796 3721.169 3716.544 3711.918 3708.068 3706.282 3704.496 3702.71 3700.924 3700.406 3700.298 3700.19 3700.082 3700.0
3725.328 3719.61 3713.893 3708.175 3702.458 3701.8 3701.293 3700.785 3700.278 3700.0 3700.0 3700.0 3700.0 3700.0 3700.666 3701.379 3702.091 3702.803 3705.406 3710.647 3715.888 3721.13 3726.371 3732.321 3738.351 3744.38 3750.41 3755.389 3758.664 3761.939 3765.214 3768.489 3771.446 3774.352 3777.259 3780.165 3781.805 3781.044 3780.282 3779.521 3778.76 3774.314 3769.1 3763.885 3758.671 3753.498 3748.418 3743.338 3738.258 3733.178 3728.324 3723.531 3718.737 3713.944 3709.871 3707.712 3705.553 3703.394 3701.235 3700.589 3700.432 3700.276 3700.119 3700.0
3723.214 3717.967 3712.719 3707.472 3702.225 3701.628 3701.169 3700.71 3700.251 3700.0 3700.0 3700.0 3700.0 3700.0 3700.788 3701.63 3702.472 3703.314 3706.221 3712.014 3717.807 3723.599 3729.392 3735.66 3741.981 3748.302 3754.624 3759.776 3763.029 3766.282 3769.536 3772.789 3775.725 3778.609 3781.494 3784.379 3785.991 3785.192 3784.393 3783.594 3782.795 3778.191 3772.793 3767.395 3761.996 3756.659 3751.46 3746.261 3741.063 3735.864 3730.853 3725.892 3720.931 3715.97 3711.673 3709.141 3706.61 3704.078 3701.546 3700.772 3700.567 3700.362 3700.156 3700.0
3722.51 3717.419 3712.328 3707.238 3702.147 3701.57 3701.127 3700.685 3700.242 3700.0 3700.0 3700.0 3700.0 3700.0 3700.828 3701.713 3702.599 3703.484 3706.523 3712.572 3718.621 3724.669 3730.717 3737.403 3744.16 3750.917 3757.675 3763.155 3766.564 3769.972 3773.38 3776.789 3779.527 3782.16 3784.792 3787.425 3788.848 3787.979 3787.109 3786.24 3785.371 3780.811 3775.481 3770.152 3764.822 3759.484 3754.131 3748.777 3743.423 3738.069 3732.876 3727.726 3722.576 3717.426 3712.92 3710.127 3707.334 3704.541 3701.748 3700.893 3700.664 3700.435 3700.207 3700.036
3722.51 3717.419 3712.328 3707.238 3702.147 3701.57 3701.127 3700.685 3700.242 3700.0 3700.0 3700.0 3700.0 3700.0 3700.828 3701.713 3702.599 3703.484 3706.569 3712.725 3718.882 3725.038 3731.195 3738.348 3745.614 3752.879 3760.144 3766.031 3769.683 3773.334 3776.986 3780.637 3783.092 3785.357 3787.622 3789.887 3791.04 3790.084 3789.128 3788.173 3787.217 3782.803 3777.668 3772.533 3767.397 3762.141 3756.614 3751.087 3745.561 3740.034 3734.647 3729.297 3723.947 3718.597 3713.889 3710.891 3707.893 3704.895 3701.896 3700.982 3700.743 3700.503 3700.264 3700.09
3722.51 3717.419 3712.328 3707.238 3702.147 3701.57 3701.127 3700.685 3700.242 3700.0 3700.0 3700.0 3700.0 3700.0 3700.828 3701.713 3702.599 3703.484 3706.614 3712.878 3719.143 3725.408 3731.672 3739.293 3747.067 3754.84 3762.613 3768.907 3772.802 3776.697 3780.592 3784.486 3786.657 3788.554 3790.452 3792.349 3793.232 3792.19 3791.147 3790.105 3789.063 3784.795 3779.855 3774.914 3769.973 3764.798 3759.098 3753.398 3747.698 3741.999 3736.417 3730.867 3725.317 3719.767 3714.859 3711.655 3708.452 3705.248 3702.044 3701.072 3700.821 3700.571 3700.321 3700.144
3722.51 3717.419 3712.328 3707.238 3702.147 3701.57 3701.127 3700.685 3700.242 3700.0 3700.0 3700.0 3700.0 3700.0 3700.828 3701.713 3702.599 3703.484 3706.659 3713.032 3719.404 3725.777 3732.15 3740.239 3748.52 3756.801 3765.082 3771.784 3775.921 3780.059 3784.197 3788.335 3790.222 3791.752 3793.282 3794.812 3795.424 3794.295 3793.166 3792.038 3790.909 3786.788 3782.041 3777.295 3772.549 3767.454 3761.582 3755.709 3749.836 3743.964 3738.188 3732.438 3726.688 3720.938 3715.828 3712.419 3709.01 3705.601 3702.192 3701.161 3700.9 3700.639 3700.378 3700.198
3722.363 3717.302 3712.242 3707.181 3702.12 3701.55 3701.113 3700.676 3700.239 3700.0 3700.0 3700.0 3700.0 3700.0 3700.857 3701.774 3702.69 3703.607 3706.851 3713.345 3719.839 3726.333 3732.827 3741.329 3750.057 3758.785 3767.513 3774.565 3778.899 3783.233 3787.568 3791.902 3793.515 3794.697 3795.878 3797.06 3797.42 3796.219 3795.018 3793.817 3792.617 3788.602 3784.0 3779.399 3774.797 3769.745 3763.689 3757.633 3751.577 3745.52 3739.556 3733.616 3727.676 3721.737 3716.453 3712.914 3709.375 3705.835 3702.296 3701.245 3701.0 3700.754 3700.509 3700.349
3721.098 3716.297 3711.496 3706.694 3701.893 3701.378 3700.989 3700.601 3700.212 3700.0 3700.0 3700.0 3700.0 3700.0 3701.11 3702.297 3703.484 3704.67 3708.164 3714.88 3721.595 3728.311 3735.026 3743.532 3752.238 3760.944 3769.651 3776.628 3780.8 3784.972 3789.144 3793.316 3794.734 3795.716 3796.698 3797.68 3797.921 3796.758 3795.595 3794.432 3793.27 3789.065 3784.225 3779.386 3774.546 3769.248 3762.927 3756.606 3750.285 3743.964 3737.855 3731.801 3725.748 3719.695 3714.45 3711.354 3708.258 3705.162 3702.066 3701.286 3701.257 3701.228 3701.198 3701.239
3719.833 3715.291 3710.75 3706.208 3701.666 3701.205 3700.865 3700.526 3700.186 3700.0 3700.0 3700.0 3700.0 3700.0 3701.363 3702.82 3704.277 3705.734 3709.478 3716.415 3723.352 3730.289 3737.226 3745.735 3754.419 3763.104 3771.788 3778.69 3782.7 3786.71 3790.72 3794.729 3795.953 3796.735 3797.517 3798.299 3798.422 3797.297 3796.172 3795.047 3793.922 3789.527 3784.45 3779.373 3774.295 3768.751 3762.165 3755.58 3748.994 3742.408 3736.154 3729.987 3723.82 3717.653 3712.447 3709.794 3707.141 3704.488 3701.835 3701.327 3701.514 3701.701 3701.888 3702.13
3718.568 3714.286 3710.003 3705.721 3701.439 3701.033 3700.741 3700.45 3700.159 3700.0 3700.0 3700.0 3700.0 3700.0 3701.615 3703.343 3705.07 3706.797 3710.791 3717.95 3725.108 3732.267 3739.426 3747.937 3756.6 3765.263 3773.926 3780.753 3784.601 3788.448 3792.296 3796.144 3797.172 3797.754 3798.336 3798.918 3798.924 3797.837 3796.75 3795.662 3794.575 3789.99 3784.675 3779.36 3774.044 3768.254 3761.404 3754.553 3747.702 3740.852 3734.452 3728.172 3721.891 3715.611 3710.444 3708.234 3706.024 3703.814 3701.604 3701.369 3701.772 3702.175 3702.578 3703.021
3717.303 3713.281 3709.257 3705.234 3701.211 3700.86 3700.618 3700.375 3700.133 3700.0 3700.0 3700.0 3700.0 3700.0 3701.868 3703.866 3705.863 3707.861 3712.104 3719.485 3726.865 3734.245 3741.625 3750.14 3758.781 3767.422 3776.064 3782.815 3786.501 3790.187 3793.872 3797.558 3798.391 3798.773 3799.156 3799.538 3799.425 3798.376 3797.326 3796.277 3795.228 3790.452 3784.9 3779.347 3773.793 3767.757 3760.642 3753.526 3746.411 3739.295 3732.751 3726.357 3719.963 3713.569 3708.44 3706.674 3704.907 3703.141 3701.374 3701.41 3702.029 3702.648 3703.268 3703.911
3715.448 3711.831 3708.214 3704.597 3700.98 3700.688 3700.494 3700.3 3700.106 3700.0 3700.0 3700.0 3700.0 3700.0 3702.29 3704.737 3707.185 3709.633 3714.274 3721.977 3729.679 3737.382 3745.084 3753.433 3761.854 3770.275 3778.697 3785.167 3788.47 3791.774 3795.077 3798.381 3799.055 3799.314 3799.572 3799.831 3799.621 3798.524 3797.427 3796.33 3795.233 3790.156 3784.25 3778.343 3772.436 3766.089 3758.757 3751.426 3744.094 3736.763 3730.333 3724.14 3717.947 3711.754 3706.918 3705.686 3704.454 3703.222 3701.991 3702.272 3703.043 3703.814 3704.586 3705.359
3713.138 3710.04 3706.942 3703.844 3700.745 3700.515 3700.37 3700.225 3700.079 3700.0 3700.0 3700.0 3700.0 3700.0 3702.84 3705.877 3708.914 3711.951 3717.102 3725.204 3733.307 3741.41 3749.512 3757.566 3765.614 3773.662 3781.711 3787.74 3790.492 3793.244 3795.997 3798.749 3799.292 3799.486 3799.68 3799.873 3799.582 3798.371 3797.161 3795.95 3794.74 3789.277 3782.927 3776.578 3770.228 3763.519 3756.009 3748.499 3740.989 3733.479 3727.363 3721.613 3715.864 3710.114 3705.765 3705.138 3704.512 3703.885 3703.259 3703.766 3704.639 3705.513 3706.387 3707.237
3710.828 3708.249 3705.669 3703.09 3700.51 3700.343 3700.246 3700.149 3700.053 3700.0 3700.0 3700.0 3700.0 3700.0 3703.391 3707.017 3710.643 3714.269 3719.93 3728.433 3736.935 3745.438 3753.94 3761.699 3769.374 3777.049 3784.725 3790.313 3792.514 3794.715 3796.916 3799.117 3799.529 3799.658 3799.787 3799.916 3799.543 3798.219 3796.895 3795.571 3794.247 3788.398 3781.605 3774.812 3768.019 3760.949 3753.261 3745.573 3737.884 3730.196 3724.393 3719.086 3713.78 3708.473 3704.612 3704.591 3704.569 3704.548 3704.527 3705.259 3706.236 3707.213 3708.189 3709.114
3708.518 3706.458 3704.397 3702.336 3700.276 3700.17 3700.122 3700.074 3700.026 3700.0 3700.0 3700.0 3700.0 3700.0 3703.942 3708.157 3712.372 3716.587 3722.758 3731.66 3740.563 3749.465 3758.368 3765.831 3773.134 3780.436 3787.739 3792.886 3794.536 3796.186 3797.836 3799.486 3799.766 3799.83 3799.894 3799.958 3799.504 3798.066 3796.628 3795.191 3793.753 3787.519 3780.282 3773.046 3765.81 3758.379 3750.512 3742.646 3734.78 3726.913 3721.423 3716.56 3711.696 3706.833 3703.459 3704.043 3704.627 3705.211 3705.795 3706.753 3707.832 3708.912 3709.991 3710.992
3706.228 3704.682 3703.136 3701.59 3700.044 3700.0 3700.0 3700.0 3700.0 3700.0 3700.0 3700.0 3700.0 3700.0 3704.491 3709.294 3714.096 3718.899 3725.578 3734.878 3744.179 3753.479 3762.78 3769.946 3776.873 3783.8 3790.728 3795.435 3796.538 3797.642 3798.746 3799.849 3800.0 3799.999 3799.999 3799.998 3799.462 3797.911 3796.36 3794.809 3793.258 3786.646 3778.977 3771.308 3763.638 3755.855 3747.818 3739.78 3731.742 3723.704 3718.527 3714.104 3709.682 3705.259 3702.368 3703.547 3704.726 3705.905 3707.084 3708.262 3709.441 3710.619 3711.797 3712.871
3705.248 3703.945 3702.643 3701.34 3700.038 3700.0 3700.0 3700.0 3700.0 3700.0 3700.0 3700.0 3700.0 3700.0 3704.941 3710.225 3715.508 3720.791 3727.861 3737.427 3746.992 3756.557 3766.122 3772.834 3779.226 3785.619 3792.011 3796.306 3797.199 3798.092 3798.985 3799.878 3799.967 3799.928 3799.89 3799.852 3799.254 3797.595 3795.936 3794.277 3792.618 3786.201 3778.791 3771.382 3763.972 3756.465 3748.74 3741.016 3733.292 3725.568 3720.67 3716.517 3712.365 3708.212 3705.491 3706.573 3707.654 3708.736 3709.818 3710.858 3711.885 3712.912 3713.939 3714.86
3704.268 3703.209 3702.149 3701.09 3700.031 3700.0 3700.0 3700.0 3700.0 3700.0 3700.0 3700.0 3700.0 3700.0 3705.391 3711.156 3716.92 3722.684 3730.145 3739.975 3749.805 3759.635 3769.465 3775.722 3781.58 3787.437 3793.294 3797.178 3797.86 3798.542 3799.225 3799.907 3799.934 3799.858 3799.782 3799.706 3799.045 3797.278 3795.511 3793.744 3791.977 3785.756 3778.606 3771.456 3764.305 3757.074 3749.664 3742.253 3734.842 3727.431 3722.813 3718.93 3715.048 3711.166 3708.614 3709.598 3710.583 3711.567 3712.552 3713.454 3714.33 3715.206 3716.081 3716.849
3703.289 3702.472 3701.656 3700.84 3700.023 3700.0 3700.0 3700.0 3700.0 3700.0 3700.0 3700.0 3700.0 3700.0 3705.841 3712.086 3718.332 3724.577 3732.428 3742.523 3752.618 3762.713 3772.808 3778.611 3783.933 3789.255 3794.578 3798.05 3798.521 3798.993 3799.464 3799.936 3799.902 3799.788 3799.673 3799.559 3798.837 3796.962 3795.087 3793.212 3791.336 3785.312 3778.421 3771.53 3764.639 3757.684 3750.587 3743.489 3736.392 3729.294 3724.955 3721.343 3717.731 3714.119 3711.737 3712.624 3713.511 3714.399 3715.286 3716.05 3716.774 3717.499 3718.223 3718.839
3702.309 3701.736 3701.163 3700.59 3700.017 3700.0 3700.0 3700.0 3700.0 3700.0 3700.0 3700.0 3700.0 3700.0 3706.291 3713.017 3719.743 3726.469 3734.712 3745.072 3755.431 3765.791 3776.15 3781.499 3786.286 3791.073 3795.861 3798.922 3799.183 3799.443 3799.704 3799.964 3799.869 3799.717 3799.565 3799.413 3798.629 3796.646 3794.662 3792.679 3790.696 3784.867 3778.236 3771.604 3764.972 3758.294 3751.51 3744.726 3737.942 3731.158 3727.098 3723.756 3720.414 3717.072 3714.86 3715.65 3716.44 3717.23 3718.02 3718.646 3719.219 3719.792 3720.365 3720.828
