data/zism_data/00535_04_D.txt
ncols         224
nrows         224
[rows 56 to 83 of 224, columns 126 to 188 of 224]
4598.618 4599.168 4599.718 4600.268 4600.711 4601.021 4601.333 4601.643 4601.954 4602.048 4602.121 4602.193 4602.267 4602.312 4602.312 4602.312 4602.312 4602.312 4602.45 4602.614 4602.779 4602.943 4603.444 4604.717 4605.989 4607.261 4608.533 4614.736 4622.427 4630.119 4637.81 4645.197 4651.576 4657.955 4664.333 4670.712 4674.275 4676.606 4678.938 4681.27 4683.368 4684.236 4685.105 4685.974 4686.843 4687.71 4688.577 4689.444 4690.311 4691.182 4692.104 4693.024 4693.945 4694.867 4696.282 4698.102 4699.921 4701.74 4703.567 4705.886 4708.205 4710.524 4712.843
4595.156 4595.759 4596.363 4596.967 4597.471 4597.851 4598.232 4598.613 4598.994 4599.113 4599.208 4599.302 4599.396 4599.456 4599.456 4599.456 4599.456 4599.456 4599.634 4599.847 4600.06 4600.272 4600.744 4601.806 4602.868 4603.931 4604.993 4611.358 4619.324 4627.289 4635.255 4643.002 4650.027 4657.052 4664.077 4671.101 4674.917 4677.329 4679.741 4682.154 4684.281 4684.908 4685.534 4686.161 4686.787 4687.466 4688.177 4688.888 4689.599 4690.317 4691.12 4691.923 4692.726 4693.528 4694.411 4695.358 4696.305 4697.252 4698.204 4699.474 4700.744 4702.013 4703.283
4594.312 4595.127 4595.943 4596.759 4597.54 4598.275 4599.011 4599.747 4600.482 4600.805 4601.089 4601.373 4601.656 4601.96 4602.3 4602.639 4602.979 4603.318 4603.846 4604.411 4604.975 4605.539 4606.396 4607.923 4609.449 4610.976 4612.502 4619.103 4627.234 4635.366 4643.498 4651.357 4658.318 4665.278 4672.238 4679.198 4682.648 4684.562 4686.476 4688.389 4689.959 4689.714 4689.47 4689.225 4688.98 4689.127 4689.51 4689.892 4690.275 4690.688 4691.413 4692.138 4692.862 4693.587 4694.323 4695.068 4695.813 4696.558 4697.306 4698.241 4699.176 4700.111 4701.046
4593.964 4595.022 4596.081 4597.139 4598.236 4599.381 4600.526 4601.67 4602.815 4603.375 4603.879 4604.384 4604.888 4605.482 4606.225 4606.968 4607.711 4608.454 4609.391 4610.364 4611.338 4612.311 4613.633 4615.751 4617.87 4619.989 4622.107 4628.956 4637.233 4645.51 4653.788 4661.713 4668.474 4675.235 4681.996 4688.757 4691.723 4693.029 4694.334 4695.64 4696.54 4695.305 4694.07 4692.835 4691.6 4691.148 4691.17 4691.192 4691.215 4691.292 4691.947 4692.602 4693.257 4693.912 4694.575 4695.245 4695.914 4696.583 4697.254 4697.99 4698.726 4699.461 4700.197
4593.617 4594.917 4596.218 4597.518 4598.933 4600.486 4602.041 4603.594 4605.148 4605.945 4606.67 4607.395 4608.12 4609.003 4610.15 4611.297 4612.444 4613.591 4614.936 4616.318 4617.701 4619.083 4620.87 4623.581 4626.291 4629.002 4631.712 4638.81 4647.233 4655.655 4664.078 4672.068 4678.63 4685.192 4691.754 4698.316 4700.798 4701.496 4702.193 4702.89 4703.121 4700.896 4698.67 4696.445 4694.22 4693.17 4692.832 4692.493 4692.154 4691.896 4692.481 4693.066 4693.651 4694.236 4694.826 4695.42 4696.015 4696.609 4697.203 4697.739 4698.276 4698.812 4699.349
4593.27 4594.813 4596.355 4597.897 4599.629 4601.592 4603.555 4605.518 4607.481 4608.515 4609.461 4610.406 4611.352 4612.525 4614.076 4615.626 4617.177 4618.728 4620.48 4622.272 4624.063 4625.855 4628.107 4631.409 4634.712 4638.015 4641.317 4648.665 4657.232 4665.8 4674.368 4682.424 4688.787 4695.15 4701.513 4707.875 4709.874 4709.962 4710.052 4710.141 4709.703 4706.487 4703.271 4700.055 4696.839 4695.192 4694.493 4693.793 4693.094 4692.5 4693.016 4693.53 4694.045 4694.561 4695.078 4695.597 4696.116 4696.635 4697.151 4697.488 4697.826 4698.163 4698.5
4593.294 4595.175 4597.057 4598.938 4601.084 4603.555 4606.025 4608.496 4610.966 4612.337 4613.603 4614.869 4616.135 4617.724 4619.847 4621.969 4624.092 4626.215 4628.444 4630.693 4632.942 4635.191 4637.915 4641.724 4645.532 4649.341 4653.15 4660.5 4668.918 4677.336 4685.754 4693.64 4699.76 4705.88 4712.0 4718.12 4719.727 4719.358 4718.99 4718.623 4717.634 4713.375 4709.115 4704.856 4700.597 4698.236 4697.023 4695.811 4694.598 4693.532 4694.005 4694.478 4694.951 4695.424 4695.877 4696.313 4696.749 4697.184 4697.616 4697.771 4697.927 4698.082 4698.237
4594.228 4596.685 4599.143 4601.6 4604.399 4607.618 4610.836 4614.055 4617.273 4619.226 4621.057 4622.888 4624.719 4627.031 4630.139 4633.247 4636.354 4639.462 4642.332 4645.157 4647.982 4650.807 4654.021 4658.126 4662.231 4666.336 4670.441 4677.189 4684.736 4692.282 4699.829 4706.963 4712.733 4718.503 4724.273 4730.043 4731.483 4731.029 4730.575 4730.121 4728.874 4723.441 4718.008 4712.575 4707.143 4703.787 4701.686 4699.585 4697.484 4695.609 4696.109 4696.61 4697.11 4697.61 4698.018 4698.352 4698.685 4699.019 4699.348 4699.363 4699.378 4699.394 4699.409
4595.162 4598.195 4601.229 4604.262 4607.714 4611.681 4615.648 4619.614 4623.581 4626.114 4628.51 4630.907 4633.303 4636.339 4640.431 4644.524 4648.617 4652.709 4656.22 4659.621 4663.022 4666.423 4670.128 4674.529 4678.93 4683.331 4687.732 4693.879 4700.554 4707.228 4713.902 4720.286 4725.706 4731.126 4736.546 4741.967 4743.241 4742.701 4742.16 4741.62 4740.113 4733.507 4726.901 4720.295 4713.689 4709.337 4706.348 4703.359 4700.371 4697.687 4698.214 4698.741 4699.268 4699.795 4700.159 4700.391 4700.622 4700.853 4701.079 4700.955 4700.83 4700.706 4700.581
4596.095 4599.705 4603.314 4606.923 4611.029 4615.744 4620.459 4625.173 4629.888 4633.002 4635.964 4638.925 4641.887 4645.646 4650.724 4655.801 4660.879 4665.957 4670.109 4674.085 4678.062 4682.039 4686.234 4690.932 4695.629 4700.326 4705.023 4710.569 4716.371 4722.173 4727.976 4733.608 4738.679 4743.75 4748.82 4753.89 4754.998 4754.372 4753.745 4753.119 4751.353 4743.573 4735.794 4728.014 4720.235 4714.887 4711.01 4707.133 4703.256 4699.765 4700.319 4700.873 4701.427 4701.98 4702.3 4702.429 4702.558 4702.687 4702.811 4702.546 4702.282 4702.017 4701.752
4597.029 4601.214 4605.4 4609.585 4614.344 4619.807 4625.27 4630.733 4636.196 4639.891 4643.417 4646.944 4650.471 4654.954 4661.016 4667.079 4673.141 4679.204 4683.997 4688.55 4693.102 4697.654 4702.341 4707.334 4712.328 4717.32 4722.314 4727.259 4732.189 4737.119 4742.05 4746.932 4751.652 4756.373 4761.093 4765.813 4766.755 4766.042 4765.33 4764.618 4762.592 4753.639 4744.687 4735.733 4726.781 4720.438 4715.673 4710.908 4706.143 4701.843 4702.423 4703.004 4703.585 4704.166 4704.441 4704.468 4704.495 4704.521 4704.542 4704.138 4703.733 4703.329 4702.924
4597.453 4601.972 4606.49 4611.009 4616.214 4622.262 4628.31 4634.358 4640.406 4644.864 4649.17 4653.478 4657.784 4662.926 4669.448 4675.971 4682.493 4689.016 4693.975 4698.638 4703.301 4707.964 4712.781 4717.951 4723.121 4728.291 4733.46 4738.5 4743.502 4748.503 4753.504 4758.454 4763.23 4768.007 4772.783 4777.56 4778.333 4777.356 4776.378 4775.401 4773.107 4763.872 4754.637 4745.402 4736.167 4729.328 4723.938 4718.547 4713.156 4708.277 4708.77 4709.262 4709.754 4710.247 4710.527 4710.635 4710.742 4710.85 4710.947 4710.387 4709.827 4709.267 4708.706
4597.697 4602.463 4607.229 4611.996 4617.575 4624.15 4630.725 4637.3 4643.875 4649.161 4654.324 4659.486 4664.648 4670.427 4677.224 4684.021 4690.818 4697.615 4702.573 4707.182 4711.791 4716.4 4721.221 4726.525 4731.83 4737.134 4742.438 4747.82 4753.225 4758.63 4764.035 4769.34 4774.316 4779.292 4784.267 4789.243 4789.849 4788.543 4787.237 4785.932 4783.367 4774.164 4764.961 4755.758 4746.556 4739.396 4733.473 4727.55 4721.626 4716.25 4716.613 4716.976 4717.339 4717.703 4718.005 4718.258 4718.511 4718.763 4719.002 4718.28 4717.559 4716.837 4716.115
4597.941 4602.955 4607.969 4612.982 4618.935 4626.038 4633.14 4640.243 4647.346 4653.458 4659.477 4665.495 4671.513 4677.929 4685.0 4692.071 4699.143 4706.214 4711.171 4715.726 4720.281 4724.837 4729.661 4735.1 4740.539 4745.978 4751.417 4757.139 4762.948 4768.756 4774.565 4780.227 4785.402 4790.577 4795.751 4800.926 4801.364 4799.73 4798.096 4796.462 4793.626 4784.456 4775.286 4766.115 4756.945 4749.466 4743.009 4736.553 4730.097 4724.223 4724.457 4724.69 4724.925 4725.159 4725.483 4725.881 4726.279 4726.677 4727.057 4726.173 4725.29 4724.407 4723.524
4598.185 4603.446 4608.708 4613.969 4620.295 4627.925 4635.555 4643.186 4650.815 4657.755 4664.629 4671.504 4678.378 4685.43 4692.776 4700.122 4707.468 4714.814 4719.769 4724.27 4728.771 4733.273 4738.101 4743.674 4749.248 4754.821 4760.395 4766.459 4772.671 4778.883 4785.096 4791.114 4796.488 4801.861 4807.235 4812.609 4812.88 4810.917 4808.955 4806.993 4803.886 4794.748 4785.61 4776.472 4767.333 4759.535 4752.545 4745.556 4738.567 4732.195 4732.3 4732.405 4732.51 4732.615 4732.961 4733.504 4734.048 4734.591 4735.111 4734.067 4733.022 4731.978 4730.933
4598.269 4603.698 4609.128 4614.558 4621.218 4629.386 4637.554 4645.721 4653.889 4661.625 4669.321 4677.017 4684.712 4692.359 4699.927 4707.495 4715.063 4722.63 4727.667 4732.223 4736.779 4741.335 4746.286 4752.139 4757.992 4763.845 4769.698 4776.127 4782.73 4789.333 4795.936 4802.279 4807.763 4813.247 4818.73 4824.214 4824.289 4821.997 4819.706 4817.414 4814.036 4804.929 4795.822 4786.715 4777.608 4769.535 4762.088 4754.642 4747.195 4740.394 4740.378 4740.362 4740.346 4740.33 4740.705 4741.399 4742.094 4742.789 4743.457 4742.295 4741.134 4739.972 4738.811
4597.659 4602.917 4608.174 4613.432 4620.258 4629.007 4637.757 4646.506 4655.254 4663.656 4672.024 4680.393 4688.761 4696.826 4704.388 4711.951 4719.513 4727.075 4732.549 4737.628 4742.706 4747.785 4753.374 4760.131 4766.888 4773.646 4780.403 4787.298 4794.234 4801.171 4808.107 4814.644 4819.853 4825.062 4830.271 4835.481 4835.24 4832.614 4829.989 4827.363 4823.709 4814.629 4805.549 4796.469 4787.389 4779.243 4771.662 4764.08 4756.499 4749.567 4749.465 4749.363 4749.261 4749.158 4749.593 4750.465 4751.337 4752.21 4753.054 4751.968 4750.881 4749.795 4748.709
4597.05 4602.135 4607.221 4612.306 4619.298 4628.629 4637.959 4647.29 4656.62 4665.687 4674.728 4683.769 4692.81 4701.292 4708.849 4716.406 4723.963 4731.52 4737.433 4743.033 4748.633 4754.234 4760.461 4768.123 4775.785 4783.446 4791.108 4798.469 4805.739 4813.009 4820.28 4827.008 4831.943 4836.878 4841.813 4846.748 4846.191 4843.231 4840.272 4837.313 4833.383 4824.33 4815.276 4806.224 4797.17 4788.951 4781.234 4773.519 4765.802 4758.741 4758.553 4758.364 4758.176 4757.987 4758.481 4759.531 4760.581 4761.631 4762.651 4761.64 4760.629 4759.619 4758.608
4596.44 4601.354 4606.267 4611.18 4618.339 4628.25 4638.163 4648.074 4657.986 4667.717 4677.431 4687.146 4696.859 4705.759 4713.31 4720.862 4728.414 4735.965 4742.315 4748.438 4754.561 4760.683 4767.549 4776.115 4784.681 4793.247 4801.813 4809.64 4817.244 4824.848 4832.452 4839.373 4844.033 4848.693 4853.354 4858.014 4857.142 4853.849 4850.556 4847.263 4843.056 4834.03 4825.004 4815.978 4806.952 4798.658 4790.808 4782.957 4775.106 4767.915 4767.64 4767.365 4767.091 4766.816 4767.369 4768.597 4769.824 4771.052 4772.248 4771.313 4770.377 4769.442 4768.506
4595.832 4600.572 4605.313 4610.054 4617.379 4627.872 4638.366 4648.858 4659.352 4669.748 4680.135 4690.521 4700.908 4710.225 4717.771 4725.317 4732.864 4740.41 4747.198 4753.843 4760.487 4767.132 4774.637 4784.107 4793.577 4803.047 4812.518 4820.811 4828.749 4836.686 4844.624 4851.738 4856.124 4860.509 4864.895 4869.281 4868.093 4864.466 4860.839 4857.213 4852.729 4843.73 4834.731 4825.732 4816.733 4808.366 4800.381 4792.396 4784.41 4777.088 4776.728 4776.367 4776.006 4775.645 4776.257 4777.662 4779.067 4780.473 4781.845 4780.985 4780.125 4779.265 4778.405
4594.932 4599.49 4604.048 4608.606 4616.084 4627.142 4638.2 4649.257 4660.314 4671.305 4682.289 4693.273 4704.257 4713.981 4721.622 4729.262 4736.902 4744.543 4751.964 4759.344 4766.723 4774.103 4782.336 4792.521 4802.708 4812.893 4823.079 4831.38 4839.113 4846.845 4854.578 4861.432 4865.375 4869.318 4873.261 4877.204 4875.983 4872.503 4869.023 4865.544 4861.227 4852.499 4843.77 4835.042 4826.313 4818.257 4810.607 4802.958 4795.309 4788.309 4788.137 4787.964 4787.792 4787.62 4788.352 4789.822 4791.291 4792.761 4794.191 4792.918 4791.646 4790.375 4789.102
4593.867 4598.237 4602.607 4606.977 4614.6 4626.212 4637.824 4649.436 4661.047 4672.592 4684.13 4695.669 4707.208 4717.334 4725.125 4732.917 4740.708 4748.499 4756.663 4764.898 4773.133 4781.369 4790.383 4801.176 4811.971 4822.764 4833.559 4841.608 4848.829 4856.05 4863.271 4869.608 4873.013 4876.417 4879.823 4883.228 4882.135 4879.075 4876.015 4872.955 4869.057 4860.737 4852.417 4844.098 4835.778 4828.252 4821.206 4814.159 4807.112 4800.693 4800.865 4801.038 4801.21 4801.382 4802.269 4803.738 4805.208 4806.678 4808.097 4806.136 4804.175 4802.214 4800.253
4592.802 4596.984 4601.166 4605.347 4613.116 4625.282 4637.448 4649.614 4661.78 4673.879 4685.972 4698.065 4710.158 4720.687 4728.629 4736.571 4744.513 4752.455 4761.362 4770.453 4779.544 4788.635 4798.43 4809.832 4821.234 4832.636 4844.038 4851.836 4858.546 4865.255 4871.965 4877.784 4880.651 4883.518 4886.384 4889.251 4888.287 4885.646 4883.006 4880.366 4876.886 4868.975 4861.065 4853.154 4845.244 4838.248 4831.804 4825.36 4818.916 4813.078 4813.594 4814.111 4814.627 4815.144 4816.186 4817.655 4819.125 4820.594 4822.004 4819.354 4816.705 4814.054 4811.404
4591.738 4595.731 4599.724 4603.717 4611.631 4624.352 4637.072 4649.792 4662.513 4675.167 4687.814 4700.461 4713.109 4724.04 4732.132 4740.225 4748.317 4756.41 4766.061 4776.008 4785.955 4795.902 4806.476 4818.486 4830.497 4842.507 4854.518 4862.064 4868.263 4874.461 4880.66 4885.96 4888.289 4890.618 4892.946 4895.274 4894.438 4892.218 4889.998 4887.777 4884.715 4877.214 4869.712 4862.211 4854.709 4848.243 4842.402 4836.561 4830.72 4825.462 4826.323 4827.184 4828.045 4828.906 4830.103 4831.572 4833.042 4834.511 4835.911 4832.572 4829.233 4825.895 4822.556
4590.764 4594.583 4598.402 4602.222 4610.25 4623.437 4636.625 4649.812 4662.999 4676.124 4689.243 4702.362 4715.48 4726.768 4735.024 4743.281 4751.538 4759.795 4770.13 4780.86 4791.589 4802.319 4813.608 4826.176 4838.745 4851.313 4863.882 4871.232 4877.008 4882.784 4888.56 4893.429 4895.294 4897.161 4899.027 4900.893 4900.226 4898.451 4896.675 4894.9 4892.286 4885.249 4878.211 4871.174 4864.137 4858.268 4853.105 4847.942 4842.78 4838.174 4839.421 4840.667 4841.914 4843.16 4844.497 4845.907 4847.318 4848.729 4850.06 4846.012 4841.964 4837.916 4833.868
4590.743 4594.541 4598.338 4602.136 4609.949 4622.684 4635.419 4648.155 4660.89 4673.612 4686.332 4699.053 4711.773 4722.928 4731.491 4740.055 4748.619 4757.183 4767.58 4778.326 4789.071 4799.817 4811.127 4823.728 4836.329 4848.93 4861.531 4869.277 4875.559 4881.84 4888.122 4893.457 4895.657 4897.857 4900.057 4902.256 4902.185 4901.12 4900.055 4898.991 4897.14 4891.147 4885.154 4879.161 4873.168 4868.608 4864.915 4861.221 4857.528 4854.335 4856.394 4858.453 4860.512 4862.571 4863.9 4864.632 4865.365 4866.097 4866.747 4861.779 4856.81 4851.842 4846.874
4590.722 4594.498 4598.274 4602.05 4609.648 4621.931 4634.214 4646.498 4658.78 4671.1 4683.422 4695.744 4708.066 4719.088 4727.958 4736.829 4745.699 4754.57 4765.03 4775.792 4786.554 4797.315 4808.647 4821.28 4833.913 4846.546 4859.179 4867.322 4874.11 4880.897 4887.685 4893.486 4896.02 4898.553 4901.086 4903.62 4904.144 4903.79 4903.436 4903.081 4901.995 4897.045 4892.097 4887.148 4882.199 4878.948 4876.725 4874.5 4872.276 4870.495 4873.367 4876.239 4879.111 4881.983 4883.303 4883.357 4883.412 4883.466 4883.434 4877.545 4871.656 4865.768 4859.879
4590.7 4594.455 4598.209 4601.964 4609.348 4621.178 4633.01 4644.84 4656.671 4668.587 4680.511 4692.436 4704.359 4715.249 4724.426 4733.603 4742.78 4751.958 4762.48 4773.258 4784.036 4794.814 4806.167 4818.832 4831.497 4844.162 4856.828 4865.367 4872.661 4879.954 4887.248 4893.515 4896.382 4899.249 4902.116 4904.983 4906.104 4906.459 4906.815 4907.172 4906.849 4902.944 4899.04 4895.135 4891.23 4889.289 4888.534 4887.779 4887.024 4886.656 4890.34 4894.025 4897.709 4901.394 4902.706 4902.082 4901.458 4900.834 4900.121 4893.312 4886.502 4879.694 4872.884
