data/zism_data/00534_02_D.txt
ncols         224
nrows         224
[rows 0 to 28 of 224, columns 132 to 197 of 224]
1007.81 1006.434 1005.208 1004.263 1003.318 1002.373 1001.427 1001.159 1001.032 1000.906 1000.779 1000.628 1000.42 1000.212 1000.004 999.7961 999.3203 998.7701 998.2198 997.6697 996.9413 995.7083 994.4753 993.2422 992.0092 990.8043 989.6094 988.4145 987.2195 986.377 986.803 987.2291 987.6551 988.0812 989.5739 991.5331 993.4925 995.4518 997.183 997.8309 998.4788 999.1267 999.7747 1000.079 1000.2 1000.321 1000.442 1000.532 1000.411 1000.289 1000.168 1000.047 999.9631 999.9026 999.8421 999.7816 999.7037 999.4429 999.1822 998.9215 998.6608 998.4957 998.4041 998.3126 998.2211 998.1491
1008.221 1006.997 1005.875 1004.946 1004.017 1003.088 1002.159 1001.84 1001.648 1001.457 1001.265 1001.074 1000.882 1000.69 1000.499 1000.307 999.8727 999.3713 998.8699 998.3685 997.6747 996.4363 995.1979 993.9594 992.7209 991.2544 989.7074 988.1603 986.6133 985.4316 985.5652 985.6987 985.8322 985.9658 987.5955 989.8798 992.1642 994.4485 996.4765 997.2869 998.0973 998.9077 999.7181 1000.058 1000.146 1000.235 1000.323 1000.389 1000.3 1000.212 1000.123 1000.035 999.973 999.9288 999.8845 999.8402 999.7729 999.4634 999.1539 998.8445 998.535 998.2507 997.9858 997.7209 997.4561 997.2245
1008.631 1007.559 1006.542 1005.629 1004.717 1003.804 1002.891 1002.521 1002.264 1002.008 1001.751 1001.52 1001.344 1001.169 1000.993 1000.818 1000.425 999.9727 999.52 999.0673 998.4082 997.1643 995.9205 994.6766 993.4327 991.7045 989.8054 987.9063 986.0071 984.4863 984.3273 984.1683 984.0093 983.8503 985.6171 988.2264 990.8358 993.4452 995.77 996.7429 997.7158 998.6887 999.6616 1000.037 1000.093 1000.149 1000.205 1000.246 1000.19 1000.134 1000.078 1000.022 999.983 999.9549 999.9269 999.8989 999.8421 999.4839 999.1257 998.7675 998.4092 998.0058 997.5676 997.1293 996.6911 996.2998
1009.042 1008.121 1007.209 1006.313 1005.416 1004.52 1003.623 1003.202 1002.88 1002.559 1002.237 1001.965 1001.806 1001.647 1001.488 1001.329 1000.978 1000.574 1000.17 999.7661 999.1416 997.8923 996.643 995.3937 994.1444 992.1546 989.9034 987.6522 985.4009 983.5409 983.0894 982.6379 982.1864 981.7349 983.6387 986.5731 989.5075 992.4419 995.0634 996.1989 997.3342 998.4697 999.6051 1000.015 1000.039 1000.062 1000.086 1000.103 1000.08 1000.056 1000.033 1000.009 999.9929 999.9811 999.9693 999.9575 999.9114 999.5044 999.0974 998.6904 998.2834 997.7608 997.1493 996.5377 995.9261 995.3752
1009.286 1008.504 1007.694 1006.833 1005.972 1005.112 1004.251 1003.797 1003.428 1003.06 1002.691 1002.386 1002.227 1002.067 1001.908 1001.749 1001.428 1001.062 1000.697 1000.331 999.747 998.5445 997.342 996.1395 994.937 992.7498 990.2151 987.6804 985.1457 982.973 982.1037 981.2344 980.3651 979.4957 981.4809 984.715 987.949 991.183 994.0889 995.436 996.7832 998.1303 999.4775 999.9538 999.9658 999.9777 999.9896 1000.0 1000.0 1000.0 1000.0 1000.0 1000.0 1000.0 1000.0 1000.0 999.9576 999.4706 998.9835 998.4965 998.0094 997.2529 996.2889 995.3251 994.3612 993.4801
1009.092 1008.412 1007.7 1006.925 1006.151 1005.377 1004.603 1004.164 1003.796 1003.427 1003.058 1002.74 1002.538 1002.335 1002.132 1001.929 1001.608 1001.253 1000.898 1000.543 1000.016 998.9972 997.9788 996.9605 995.9422 993.727 991.0894 988.4518 985.8142 983.3984 981.7815 980.1646 978.5477 976.9308 978.8506 982.3176 985.7845 989.2515 992.4092 994.0976 995.7859 997.4744 999.1628 999.7861 999.8414 999.8967 999.952 1000.0 1000.0 1000.0 1000.0 1000.0 1000.0 1000.0 1000.0 1000.0 999.9435 999.2939 998.6443 997.9948 997.3452 996.0526 994.2653 992.478 990.6907 989.031
1008.897 1008.32 1007.705 1007.018 1006.33 1005.643 1004.956 1004.531 1004.163 1003.794 1003.426 1003.094 1002.848 1002.602 1002.356 1002.11 1001.788 1001.444 1001.1 1000.756 1000.284 999.4498 998.6157 997.7816 996.9474 994.7042 991.9637 989.2231 986.4826 983.8238 981.4594 979.0949 976.7305 974.366 976.2203 979.9202 983.6201 987.3201 990.7295 992.7592 994.7888 996.8185 998.8482 999.6184 999.717 999.8157 999.9142 1000.0 1000.0 1000.0 1000.0 1000.0 1000.0 1000.0 1000.0 1000.0 999.9294 999.1173 998.3052 997.4932 996.6811 994.8524 992.2418 989.631 987.0204 984.582
1008.703 1008.229 1007.711 1007.11 1006.509 1005.909 1005.308 1004.899 1004.53 1004.162 1003.793 1003.449 1003.159 1002.87 1002.581 1002.291 1001.968 1001.634 1001.301 1000.968 1000.552 999.9025 999.2526 998.6026 997.9526 995.6814 992.838 989.9945 987.1511 984.2491 981.1371 978.0251 974.9131 971.8011 973.59 977.5228 981.4556 985.3885 989.0497 991.4207 993.7916 996.1625 998.5335 999.4507 999.5927 999.7346 999.8766 1000.0 1000.0 1000.0 1000.0 1000.0 1000.0 1000.0 1000.0 1000.0 999.9152 998.9407 997.9661 996.9915 996.0169 993.6522 990.2181 986.784 983.3499 980.1329
1008.508 1008.137 1007.716 1007.202 1006.688 1006.174 1005.66 1005.266 1004.898 1004.529 1004.161 1003.803 1003.47 1003.137 1002.805 1002.472 1002.148 1001.825 1001.503 1001.181 1000.821 1000.355 999.8894 999.4236 998.9578 996.6586 993.7122 990.7659 987.8195 984.6745 980.815 976.9554 973.0959 969.2363 970.9597 975.1255 979.2913 983.457 987.3701 990.0822 992.7944 995.5066 998.2189 999.283 999.4683 999.6536 999.8389 1000.0 1000.0 1000.0 1000.0 1000.0 1000.0 1000.0 1000.0 1000.0 999.9011 998.764 997.6269 996.4898 995.3527 992.452 988.1945 983.9371 979.6796 975.6839
1008.068 1007.784 1007.438 1006.975 1006.511 1006.048 1005.584 1005.206 1004.845 1004.485 1004.124 1003.771 1003.435 1003.099 1002.763 1002.427 1002.12 1001.82 1001.521 1001.221 1000.903 1000.529 1000.155 999.7814 999.4077 997.1156 994.1464 991.1772 988.208 984.8669 980.1878 975.5086 970.8295 966.1503 967.399 971.2413 975.0834 978.9257 982.7177 986.2716 989.8256 993.3795 996.9335 998.4337 998.8384 999.2432 999.648 1000.0 1000.0 1000.0 1000.0 1000.0 1000.0 1000.0 1000.0 1000.0 999.8984 998.731 997.5635 996.396 995.2285 991.8899 986.8811 981.8723 976.8635 972.1066
1007.542 1007.34 1007.059 1006.634 1006.208 1005.783 1005.357 1004.994 1004.645 1004.295 1003.945 1003.603 1003.278 1002.953 1002.627 1002.302 1002.018 1001.746 1001.474 1001.201 1000.918 1000.604 1000.29 999.9757 999.6616 997.389 994.4253 991.4615 988.4977 984.9772 979.453 973.9288 968.4046 962.8804 963.5103 966.8324 970.1546 973.4768 977.0164 981.5886 986.1609 990.7332 995.3057 997.3436 998.0301 998.7166 999.4031 1000.0 1000.0 1000.0 1000.0 1000.0 1000.0 1000.0 1000.0 1000.0 999.8999 998.7487 997.5974 996.4462 995.295 991.5531 985.8184 980.0838 974.3491 968.8372
1007.016 1006.895 1006.681 1006.293 1005.905 1005.518 1005.13 1004.783 1004.444 1004.105 1003.766 1003.435 1003.12 1002.806 1002.492 1002.177 1001.917 1001.672 1001.427 1001.181 1000.934 1000.679 1000.425 1000.17 999.9155 997.6625 994.7042 991.7458 988.7874 985.0874 978.7181 972.3489 965.9796 959.6104 959.6213 962.4235 965.2256 968.0277 971.3148 976.9055 982.4962 988.0869 993.6777 996.2536 997.2218 998.1899 999.1581 1000.0 1000.0 1000.0 1000.0 1000.0 1000.0 1000.0 1000.0 1000.0 999.9013 998.7663 997.6313 996.4964 995.3614 991.2163 984.7557 978.2952 971.8347 965.5676
1006.49 1006.45 1006.302 1005.952 1005.603 1005.253 1004.903 1004.571 1004.243 1003.915 1003.587 1003.267 1002.963 1002.66 1002.356 1002.052 1001.816 1001.598 1001.379 1001.161 1000.949 1000.754 1000.559 1000.364 1000.169 997.936 994.983 992.0301 989.0771 985.1976 977.9833 970.769 963.5547 956.3405 955.7325 958.0146 960.2968 962.5789 965.6135 972.2225 978.8315 985.4406 992.0498 995.1636 996.4135 997.6633 998.9131 1000.0 1000.0 1000.0 1000.0 1000.0 1000.0 1000.0 1000.0 1000.0 999.9027 998.784 997.6653 996.5466 995.4278 990.8795 983.6931 976.5067 969.3203 962.2981
1005.963 1005.987 1005.893 1005.582 1005.27 1004.958 1004.646 1004.332 1004.017 1003.702 1003.387 1003.078 1002.783 1002.488 1002.193 1001.898 1001.682 1001.488 1001.293 1001.099 1000.915 1000.761 1000.607 1000.453 1000.299 998.0526 995.0676 992.0828 989.0978 985.0233 977.0266 969.0299 961.0332 953.0365 951.8141 953.5553 955.2965 957.0377 959.7881 967.3319 974.8758 982.4197 989.9638 993.6439 995.2634 996.8828 998.5023 999.9131 999.9329 999.9527 999.9725 999.9922 999.996 999.9894 999.9828 999.9762 999.8677 998.6894 997.5111 996.3328 995.1545 990.1476 982.1957 974.2438 966.2919 958.485
1005.433 1005.451 1005.368 1005.094 1004.82 1004.546 1004.272 1003.982 1003.689 1003.396 1003.102 1002.808 1002.513 1002.219 1001.924 1001.629 1001.421 1001.238 1001.054 1000.87 1000.686 1000.5 1000.313 1000.127 999.94 997.553 994.3893 991.2257 988.0621 983.731 975.198 966.665 958.1321 949.5991 947.7801 948.8984 950.0167 951.1349 953.4762 961.6267 969.7773 977.9279 986.0787 990.4361 992.7706 995.1051 997.4396 999.4849 999.6022 999.7195 999.8368 999.9541 999.9762 999.9371 999.898 999.8589 999.6896 998.1538 996.618 995.0822 993.5463 987.8635 978.9908 970.118 961.2452 952.5372
1004.903 1004.916 1004.842 1004.606 1004.37 1004.134 1003.898 1003.633 1003.361 1003.089 1002.818 1002.539 1002.244 1001.949 1001.654 1001.359 1001.16 1000.987 1000.815 1000.642 1000.457 1000.238 1000.019 999.8001 999.5811 997.0535 993.7111 990.3687 987.0262 982.4387 973.3694 964.3002 955.2309 946.1616 943.746 944.2413 944.7366 945.2319 947.1641 955.9213 964.6786 973.4359 982.1934 987.2282 990.2778 993.3274 996.377 999.0568 999.2715 999.4863 999.7012 999.916 999.9564 999.8848 999.8132 999.7416 999.5116 997.6182 995.7249 993.8315 991.9382 985.5794 975.7857 965.992 956.1983 946.5892
1004.373 1004.38 1004.316 1004.118 1003.92 1003.722 1003.524 1003.283 1003.033 1002.783 1002.533 1002.27 1001.975 1001.68 1001.385 1001.09 1000.899 1000.737 1000.575 1000.414 1000.228 999.9767 999.7252 999.4737 999.2221 996.554 993.0328 989.5116 985.9905 981.1464 971.5408 961.9353 952.3298 942.7242 939.7121 939.5844 939.4568 939.3292 940.8522 950.2161 959.5801 968.944 978.3083 984.0204 987.785 991.5497 995.3143 998.6286 998.9409 999.2532 999.5655 999.8778 999.9366 999.8325 999.7285 999.6243 999.3336 997.0827 994.8318 992.5809 990.3301 983.2953 972.5808 961.8662 951.1516 940.6414
1003.843 1003.845 1003.791 1003.631 1003.47 1003.31 1003.15 1002.934 1002.705 1002.477 1002.249 1002.0 1001.705 1001.41 1001.115 1000.821 1000.638 1000.487 1000.336 1000.185 999.9994 999.7153 999.4313 999.1472 998.8632 996.0544 992.3545 988.6545 984.9547 979.8541 969.7122 959.5704 949.4286 939.2867 935.678 934.9274 934.1768 933.4262 934.54 944.5107 954.4814 964.452 974.423 980.8125 985.2922 989.7719 994.2516 998.2004 998.6102 999.02 999.4298 999.8397 999.9169 999.7803 999.6437 999.5071 999.1555 996.5471 993.9387 991.3303 988.7219 981.0112 969.3757 957.7402 946.1048 934.6934
1002.592 1002.61 1002.575 1002.442 1002.309 1002.176 1002.043 1001.793 1001.517 1001.242 1000.967 1000.579 999.9338 999.2886 998.6434 997.9983 997.3893 996.7905 996.1917 995.5928 995.0317 994.5779 994.1242 993.6704 993.2166 990.3195 986.56 982.8005 979.041 973.946 964.0444 954.1427 944.241 934.3394 930.697 929.7928 928.8888 927.9847 928.9348 938.6923 948.4499 958.2075 967.9654 974.7919 980.0552 985.3185 990.5818 995.2738 996.1567 997.0396 997.9225 998.8054 999.0413 998.8615 998.6815 998.5016 998.042 994.6463 991.2506 987.855 984.4593 976.3472 964.607 952.8668 941.1266 929.6339
1000.979 1001.025 1001.015 1000.904 1000.793 1000.681 1000.57 1000.256 999.8995 999.5428 999.1863 998.582 997.4114 996.2408 995.0702 993.8996 992.6465 991.3705 990.0945 988.8185 987.6949 987.0027 986.3107 985.6185 984.9264 981.9671 978.2076 974.4481 970.6886 965.7302 956.4569 947.1837 937.9103 928.637 925.2424 924.4195 923.5967 922.7738 923.6826 932.8173 941.9519 951.0865 960.2215 967.3648 973.4461 979.5274 985.6086 991.0981 992.6418 994.1856 995.7294 997.2731 997.738 997.5093 997.2806 997.0519 996.4607 992.0629 987.6651 983.2673 978.8695 970.4932 959.0563 947.6195 936.1827 925.0186
999.367 999.4392 999.4551 999.3655 999.2758 999.1862 999.0965 998.7192 998.2814 997.8436 997.4057 996.5849 994.8889 993.1929 991.4968 989.8008 987.9035 985.9504 983.9973 982.0441 980.3578 979.4273 978.4968 977.5663 976.6359 973.6144 969.8549 966.0954 962.3359 957.5142 948.8693 940.2243 931.5794 922.9345 919.7875 919.046 918.3044 917.5628 918.4304 926.9421 935.4537 943.9654 952.4774 959.9375 966.8367 973.736 980.6353 986.9222 989.1268 991.3315 993.5361 995.7408 996.4346 996.1572 995.8798 995.6024 994.8794 989.4794 984.0795 978.6795 973.2795 964.6389 953.5055 942.372 931.2386 920.403
997.7546 997.8539 997.8951 997.8271 997.7591 997.6911 997.6231 997.1825 996.6634 996.1443 995.6252 994.588 992.3665 990.145 987.9236 985.7021 983.1606 980.5304 977.9001 975.2699 973.0209 971.8521 970.6833 969.5145 968.3456 965.262 961.5025 957.743 953.9835 949.2983 941.2818 933.2653 925.2487 917.2321 914.3329 913.6726 913.0123 912.3519 913.1783 921.067 928.9558 936.8445 944.7335 952.5104 960.2277 967.9449 975.6621 982.7465 985.612 988.4775 991.343 994.2085 995.1313 994.8051 994.4789 994.1527 993.2982 986.8961 980.494 974.0919 967.6898 958.7849 947.9548 937.1247 926.2946 915.7877
995.4966 995.6174 995.678 995.626 995.574 995.5221 995.4701 994.9523 994.3364 993.7205 993.1046 991.8392 989.0895 986.3398 983.59 980.8403 977.6883 974.4247 971.1611 967.8976 965.1262 963.7495 962.3726 960.9958 959.6191 956.5506 952.8851 949.2196 945.5541 941.1009 933.813 926.5252 919.2374 911.9496 909.3322 908.758 908.1838 907.6097 908.3879 915.5909 922.7938 929.9966 937.1998 945.1711 953.5524 961.9335 970.3147 978.0556 981.5283 985.001 988.4737 991.9464 993.0831 992.718 992.353 991.988 991.0232 983.7624 976.5016 969.2408 961.9799 952.9219 942.4814 932.0409 921.6003 911.502
988.9347 989.0392 989.0817 989.0081 988.9344 988.8608 988.7871 988.1 987.2836 986.4673 985.6509 984.0797 980.7829 977.486 974.1892 970.8924 967.3544 963.7495 960.1447 956.5399 953.5148 952.1326 950.7504 949.3682 947.986 945.4487 942.5035 939.5585 936.6133 933.0278 927.1376 921.2473 915.3571 909.4667 907.3576 906.9026 906.4476 905.9926 906.6772 912.775 918.8729 924.9708 931.0689 938.4192 946.4374 954.4557 962.4739 969.9318 973.6536 977.3755 981.0974 984.8192 986.0699 985.732 985.394 985.056 984.1245 976.9612 969.7979 962.6346 955.4713 947.0006 937.5243 928.048 918.5717 909.4159
982.3725 982.4608 982.4852 982.3898 982.2945 982.1992 982.1039 981.2474 980.2306 979.2139 978.1971 976.3199 972.476 968.632 964.7881 960.9442 957.0201 953.074 949.1279 945.1817 941.903 940.5154 939.1278 937.7402 936.3526 934.3463 932.1216 929.897 927.6723 924.9545 920.4619 915.9692 911.4766 906.9839 905.3829 905.0471 904.7113 904.3754 904.9663 909.9591 914.952 919.9448 924.9378 931.6671 939.3223 946.9776 954.6329 961.8076 965.7786 969.7497 973.7208 977.6918 979.0565 978.7457 978.4348 978.1239 977.2256 970.1597 963.0939 956.0281 948.9623 941.0791 932.567 924.0549 915.5428 907.3297
975.8105 975.8826 975.8888 975.7719 975.6548 975.5379 975.4209 974.395 973.1779 971.9607 970.7435 968.5604 964.1693 959.7783 955.3873 950.9962 946.6862 942.3987 938.1114 933.824 930.2916 928.8986 927.5056 926.1125 924.7195 923.2443 921.7401 920.2358 918.7316 916.8815 913.7864 910.6913 907.5962 904.5011 903.4084 903.1917 902.975 902.7584 903.2555 907.1433 911.0311 914.9189 918.8069 924.915 932.2074 939.4998 946.7921 953.6837 957.904 962.1242 966.3444 970.5646 972.0433 971.7596 971.4758 971.192 970.3268 963.3586 956.3903 949.4219 942.4536 935.1578 927.6099 920.062 912.5142 905.2435
969.2484 969.3041 969.2923 969.1536 969.015 968.8763 968.7377 967.5425 966.1249 964.7072 963.2896 960.8005 955.8624 950.9243 945.9861 941.048 936.3519 931.7232 927.0945 922.4659 918.6799 917.2814 915.883 914.4845 913.0861 912.142 911.3582 910.5744 909.7906 908.8081 907.1107 905.4131 903.7157 902.0182 901.4338 901.3362 901.2388 901.1412 901.5446 904.3274 907.1102 909.8929 912.6757 918.1629 925.0923 932.0217 938.951 945.5596 950.029 954.4984 958.9678 963.4373 965.03 964.7733 964.5165 964.2598 963.4279 956.5571 949.6863 942.8155 935.9447 929.2362 922.6526 916.069 909.4854 903.1573
961.1384 961.181 961.124 960.8801 960.636 960.392 960.148 958.7902 957.1979 955.6056 954.0133 951.4615 946.7166 941.9717 937.2267 932.4818 928.1627 923.962 919.7614 915.5607 912.1384 910.9212 909.704 908.4869 907.2697 906.6365 906.2094 905.7823 905.3553 904.8075 903.8252 902.8429 901.8606 900.8783 900.5496 900.507 900.4642 900.4215 900.7407 902.7789 904.8171 906.8553 908.8937 913.5535 919.6113 925.6693 931.7271 937.5331 941.6594 945.7858 949.9121 954.0385 955.5173 955.2941 955.0709 954.8478 954.1075 947.9394 941.7712 935.603 929.4349 923.6624 918.1943 912.7261 907.258 902.0081
951.9708 952.0026 951.882 951.4755 951.069 950.6625 950.256 948.7401 946.9907 945.2413 943.4919 941.0435 936.9974 932.9512 928.9051 924.8589 921.4379 918.1907 914.9434 911.6962 909.0591 908.1507 907.2423 906.3339 905.4255 904.9529 904.6342 904.3155 903.9968 903.588 902.8548 902.1217 901.3886 900.6555 900.4102 900.3784 900.3464 900.3146 900.556 902.0959 903.6358 905.1757 906.7156 910.4071 915.2462 920.0851 924.9242 929.5728 932.9515 936.3303 939.7091 943.0879 944.2973 944.1121 943.9268 943.7415 943.133 938.0807 933.0285 927.9763 922.924 918.3256 914.0763 909.827 905.5778 901.4987
