data/zism_data/00538_01_D.txt
ncols         224
nrows         224
[rows 168 to 195 of 224, columns 126 to 188 of 224]
3773.807 3782.868 3791.929 3800.878 3809.123 3817.367 3825.612 3833.856 3840.691 3846.657 3852.624 3858.591 3864.305 3867.772 3871.238 3874.705 3878.171 3882.219 3886.683 3891.147 3895.612 3900.069 3904.426 3908.784 3913.141 3917.499 3920.017 3921.01 3922.003 3922.997 3923.882 3921.117 3918.353 3915.588 3912.824 3912.63 3914.897 3917.164 3919.431 3921.698 3931.623 3941.602 3951.582 3961.561 3970.043 3976.869 3983.696 3990.522 3997.348 3998.431 3999.254 4000.078 4000.902 4001.362 4001.358 4001.354 4001.35 4001.346 3998.612 3995.643 3992.675 3989.706 3987.399
3774.097 3783.082 3792.068 3800.987 3809.491 3817.995 3826.499 3835.002 3842.194 3848.576 3854.959 3861.342 3867.482 3871.457 3875.431 3879.405 3883.38 3887.819 3892.591 3897.364 3902.136 3906.895 3911.469 3916.043 3920.616 3925.19 3928.043 3929.468 3930.894 3932.319 3933.619 3930.676 3927.734 3924.791 3921.848 3921.243 3922.878 3924.513 3926.148 3927.783 3936.898 3946.066 3955.235 3964.404 3972.225 3978.553 3984.883 3991.211 3997.541 3998.591 3999.404 4000.217 4001.03 4001.529 4001.628 4001.727 4001.825 4001.924 4000.024 3997.953 3995.881 3993.81 3992.175
3774.387 3783.297 3792.206 3801.096 3809.859 3818.622 3827.385 3836.149 3843.697 3850.495 3857.294 3864.093 3870.658 3875.141 3879.623 3884.106 3888.588 3893.419 3898.499 3903.58 3908.66 3913.722 3918.511 3923.302 3928.091 3932.881 3936.068 3937.926 3939.784 3941.642 3943.356 3940.235 3937.114 3933.993 3930.872 3929.857 3930.86 3931.862 3932.865 3933.867 3942.173 3950.531 3958.889 3967.247 3974.406 3980.238 3986.069 3991.901 3997.733 3998.752 3999.554 4000.356 4001.158 4001.696 4001.898 4002.099 4002.301 4002.502 4001.437 4000.262 3999.088 3997.913 3996.952
3774.677 3783.511 3792.345 3801.205 3810.227 3819.25 3828.272 3837.295 3845.199 3852.414 3859.629 3866.844 3873.835 3878.825 3883.816 3888.806 3893.797 3899.019 3904.407 3909.796 3915.184 3920.548 3925.554 3930.56 3935.566 3940.572 3944.094 3946.384 3948.674 3950.964 3953.094 3949.794 3946.495 3943.195 3939.896 3938.471 3938.841 3939.211 3939.582 3939.952 3947.448 3954.995 3962.543 3970.09 3976.587 3981.922 3987.256 3992.591 3997.925 3998.913 3999.704 4000.495 4001.286 4001.864 4002.168 4002.472 4002.776 4003.08 4002.849 4002.572 4002.294 4002.017 4001.728
3775.943 3784.438 3792.934 3801.508 3810.586 3819.665 3828.743 3837.821 3845.871 3853.289 3860.706 3868.123 3875.325 3880.61 3885.895 3891.179 3896.464 3902.065 3907.893 3913.721 3919.549 3925.355 3930.841 3936.326 3941.812 3947.297 3951.239 3953.903 3956.566 3959.229 3961.722 3958.468 3955.214 3951.96 3948.706 3946.977 3946.708 3946.44 3946.171 3945.903 3952.295 3958.736 3965.177 3971.617 3977.381 3982.396 3987.411 3992.426 3997.441 3998.499 3999.378 4000.257 4001.136 4001.803 4002.2 4002.597 4002.994 4003.391 4003.609 4003.811 4004.013 4004.215 4004.379
3777.837 3785.824 3793.812 3801.938 3810.94 3819.942 3828.945 3837.947 3846.009 3853.491 3860.973 3868.455 3875.732 3881.173 3886.615 3892.056 3897.497 3903.469 3909.822 3916.174 3922.526 3928.864 3934.998 3941.132 3947.266 3953.4 3957.819 3960.818 3963.816 3966.814 3969.638 3966.573 3963.509 3960.443 3957.378 3955.413 3954.502 3953.59 3952.678 3951.767 3956.867 3962.011 3967.155 3972.299 3977.284 3982.093 3986.903 3991.713 3996.522 3997.716 3998.746 3999.776 4000.807 4001.597 4002.081 4002.564 4003.047 4003.531 4003.949 4004.362 4004.775 4005.188 4005.663
3779.731 3787.21 3794.69 3802.367 3811.293 3820.22 3829.147 3838.074 3846.147 3853.694 3861.241 3868.788 3876.138 3881.736 3887.334 3892.932 3898.531 3904.874 3911.75 3918.626 3925.503 3932.373 3939.156 3945.938 3952.72 3959.503 3964.399 3967.733 3971.066 3974.4 3977.555 3974.679 3971.803 3968.927 3966.051 3963.85 3962.295 3960.741 3959.186 3957.631 3961.439 3965.286 3969.133 3972.98 3977.186 3981.791 3986.395 3990.999 3995.603 3996.933 3998.114 3999.296 4000.478 4001.391 4001.961 4002.531 4003.101 4003.67 4004.29 4004.913 4005.537 4006.161 4006.947
3781.625 3788.596 3795.568 3802.796 3811.647 3820.498 3829.349 3838.2 3846.285 3853.896 3861.508 3869.12 3876.545 3882.299 3888.054 3893.809 3899.564 3906.278 3913.678 3921.079 3928.479 3935.882 3943.313 3950.744 3958.175 3965.605 3970.979 3974.648 3978.316 3981.985 3985.47 3982.784 3980.097 3977.41 3974.724 3972.287 3970.089 3967.891 3965.693 3963.496 3966.011 3968.561 3971.111 3973.661 3977.089 3981.488 3985.886 3990.285 3994.684 3996.15 3997.483 3998.816 4000.149 4001.185 4001.841 4002.497 4003.154 4003.81 4004.63 4005.465 4006.299 4007.134 4008.23
3783.419 3789.901 3796.383 3803.179 3811.958 3820.738 3829.517 3838.297 3846.402 3854.091 3861.779 3869.468 3876.979 3882.9 3888.822 3894.744 3900.665 3907.734 3915.624 3923.514 3931.404 3939.303 3947.341 3955.378 3963.416 3971.453 3977.273 3981.256 3985.239 3989.221 3993.018 3990.534 3988.05 3985.565 3983.081 3980.439 3977.645 3974.851 3972.056 3969.262 3970.523 3971.814 3973.104 3974.395 3977.051 3981.217 3985.384 3989.551 3993.717 3995.304 3996.774 3998.244 3999.714 4000.864 4001.605 4002.345 4003.086 4003.827 4004.84 4005.876 4006.912 4007.949 4009.346
3783.579 3789.877 3796.175 3802.812 3811.586 3820.36 3829.134 3837.908 3846.182 3854.146 3862.11 3870.075 3877.867 3884.118 3890.369 3896.62 3902.871 3910.033 3917.848 3925.662 3933.477 3941.301 3949.262 3957.224 3965.186 3973.147 3978.919 3982.875 3986.83 3990.786 3994.568 3992.505 3990.443 3988.38 3986.318 3983.964 3981.332 3978.7 3976.068 3973.436 3974.054 3974.696 3975.338 3975.98 3977.978 3981.474 3984.971 3988.467 3991.964 3993.433 3994.812 3996.19 3997.568 3998.688 3999.478 4000.267 4001.056 4001.845 4002.917 4004.013 4005.108 4006.204 4007.742
3783.739 3789.853 3795.968 3802.445 3811.214 3819.982 3828.751 3837.52 3845.961 3854.201 3862.441 3870.682 3878.754 3885.335 3891.916 3898.497 3905.078 3912.333 3920.072 3927.811 3935.55 3943.298 3951.184 3959.07 3966.956 3974.842 3980.564 3984.493 3988.422 3992.35 3996.118 3994.477 3992.836 3991.195 3989.554 3987.49 3985.02 3982.55 3980.08 3977.61 3977.586 3977.579 3977.573 3977.566 3978.905 3981.731 3984.557 3987.384 3990.21 3991.563 3992.85 3994.136 3995.423 3996.512 3997.35 3998.188 3999.026 3999.864 4000.994 4002.149 4003.304 4004.46 4006.137
3783.898 3789.829 3795.76 3802.078 3810.841 3819.605 3828.368 3837.131 3845.741 3854.257 3862.772 3871.288 3879.642 3886.552 3893.463 3900.374 3907.284 3914.633 3922.296 3929.959 3937.622 3945.295 3953.105 3960.916 3968.726 3976.537 3982.21 3986.112 3990.013 3993.915 3997.669 3996.449 3995.23 3994.01 3992.791 3991.015 3988.707 3986.4 3984.092 3981.784 3981.117 3980.462 3979.807 3979.152 3979.832 3981.988 3984.144 3986.301 3988.457 3989.693 3990.887 3992.082 3993.277 3994.336 3995.223 3996.109 3996.996 3997.882 3999.071 4000.286 4001.5 4002.715 4004.533
3784.058 3789.805 3795.552 3801.711 3810.469 3819.227 3827.985 3836.743 3845.521 3854.313 3863.104 3871.895 3880.53 3887.77 3895.01 3902.25 3909.49 3916.933 3924.52 3932.108 3939.695 3947.292 3955.027 3962.762 3970.497 3978.231 3983.855 3987.73 3991.604 3995.479 3999.219 3998.421 3997.623 3996.825 3996.027 3994.541 3992.395 3990.249 3988.104 3985.958 3984.648 3983.345 3982.041 3980.738 3980.759 3982.245 3983.731 3985.217 3986.703 3987.823 3988.925 3990.028 3991.131 3992.16 3993.095 3994.031 3994.966 3995.901 3997.148 3998.422 3999.697 4000.971 4002.928
3782.988 3788.63 3794.273 3800.355 3809.215 3818.074 3826.934 3835.793 3844.84 3854.003 3863.166 3872.329 3881.332 3888.913 3896.493 3904.074 3911.655 3919.205 3926.733 3934.261 3941.79 3949.314 3956.787 3964.26 3971.733 3979.205 3984.667 3988.463 3992.258 3996.054 3999.726 3999.245 3998.765 3998.284 3997.803 3996.563 3994.596 3992.629 3990.662 3988.695 3986.92 3985.146 3983.372 3981.598 3981.054 3981.87 3982.686 3983.502 3984.318 3985.213 3986.112 3987.01 3987.909 3988.76 3989.552 3990.344 3991.136 3991.928 3993.108 3994.321 3995.534 3996.747 3998.751
3780.721 3786.337 3791.952 3798.04 3807.104 3816.169 3825.234 3834.299 3843.712 3853.339 3862.967 3872.594 3882.051 3889.983 3897.915 3905.847 3913.779 3921.451 3928.936 3936.421 3943.906 3951.361 3958.391 3965.42 3972.45 3979.479 3984.67 3988.335 3992.001 3995.667 3999.219 3998.955 3998.691 3998.426 3998.162 3997.127 3995.354 3993.582 3991.809 3990.037 3987.968 3985.896 3983.825 3981.754 3980.736 3980.882 3981.028 3981.173 3981.319 3981.885 3982.47 3983.056 3983.641 3984.172 3984.634 3985.096 3985.559 3986.021 3987.01 3988.045 3989.08 3990.114 3992.075
3778.454 3784.043 3789.632 3795.724 3804.994 3814.264 3823.534 3832.804 3842.583 3852.675 3862.768 3872.86 3882.77 3891.053 3899.337 3907.62 3915.903 3923.696 3931.138 3938.58 3946.021 3953.408 3959.994 3966.581 3973.167 3979.754 3984.672 3988.208 3991.744 3995.28 3998.713 3998.665 3998.616 3998.568 3998.52 3997.69 3996.112 3994.534 3992.956 3991.378 3989.016 3986.647 3984.279 3981.91 3980.417 3979.893 3979.369 3978.845 3978.32 3978.558 3978.829 3979.101 3979.373 3979.583 3979.716 3979.848 3979.981 3980.113 3980.912 3981.769 3982.625 3983.481 3985.399
3776.188 3781.749 3787.311 3793.408 3802.883 3812.359 3821.834 3831.31 3841.455 3852.011 3862.569 3873.126 3883.489 3892.124 3900.758 3909.393 3918.028 3925.942 3933.34 3940.739 3948.137 3955.455 3961.598 3967.741 3973.884 3980.028 3984.674 3988.081 3991.487 3994.893 3998.206 3998.374 3998.542 3998.71 3998.878 3998.254 3996.87 3995.487 3994.103 3992.72 3990.063 3987.398 3984.732 3982.066 3980.099 3978.905 3977.71 3976.516 3975.322 3975.23 3975.188 3975.146 3975.104 3974.995 3974.797 3974.6 3974.403 3974.206 3974.815 3975.493 3976.171 3976.849 3978.723
3773.921 3779.456 3784.99 3791.092 3800.772 3810.454 3820.135 3829.815 3840.326 3851.348 3862.369 3873.391 3884.208 3893.194 3902.18 3911.166 3920.152 3928.188 3935.543 3942.898 3950.253 3957.501 3963.201 3968.901 3974.602 3980.302 3984.677 3987.953 3991.23 3994.507 3997.7 3998.084 3998.468 3998.852 3999.236 3998.817 3997.628 3996.439 3995.25 3994.062 3991.111 3988.148 3985.186 3982.223 3979.781 3977.917 3976.052 3974.187 3972.323 3971.902 3971.547 3971.192 3970.836 3970.406 3969.879 3969.352 3968.825 3968.299 3968.717 3969.217 3969.716 3970.216 3972.047
3772.596 3778.362 3784.128 3790.436 3800.167 3809.899 3819.63 3829.361 3839.954 3851.079 3862.204 3873.329 3884.23 3893.138 3902.046 3910.954 3919.863 3927.66 3934.662 3941.664 3948.666 3955.565 3960.982 3966.399 3971.816 3977.234 3981.568 3985.004 3988.44 3991.877 3995.236 3995.981 3996.726 3997.471 3998.216 3997.977 3996.797 3995.616 3994.436 3993.256 3990.082 3986.895 3983.707 3980.519 3977.752 3975.45 3973.148 3970.845 3968.543 3967.898 3967.328 3966.757 3966.187 3965.441 3964.471 3963.5 3962.53 3961.56 3961.484 3961.485 3961.486 3961.487 3963.056
3771.313 3777.323 3783.332 3789.856 3799.631 3809.405 3819.179 3828.954 3839.617 3850.828 3862.04 3873.251 3884.22 3893.031 3901.842 3910.653 3919.464 3927.006 3933.641 3940.275 3946.909 3953.447 3958.589 3963.73 3968.872 3974.013 3978.317 3981.927 3985.536 3989.145 3992.683 3993.795 3994.908 3996.02 3997.133 3997.074 3995.894 3994.713 3993.533 3992.352 3988.959 3985.55 3982.14 3978.731 3975.645 3972.916 3970.187 3967.458 3964.729 3963.863 3963.082 3962.301 3961.52 3960.458 3959.04 3957.621 3956.202 3954.784 3954.199 3953.687 3953.174 3952.662 3953.959
3770.031 3776.284 3782.536 3789.276 3799.094 3808.911 3818.729 3828.547 3839.28 3850.578 3861.875 3873.173 3884.21 3892.924 3901.638 3910.351 3919.065 3926.353 3932.619 3938.886 3945.153 3951.33 3956.196 3961.062 3965.927 3970.793 3975.067 3978.849 3982.631 3986.414 3990.13 3991.61 3993.09 3994.57 3996.05 3996.171 3994.99 3993.81 3992.629 3991.449 3987.836 3984.205 3980.574 3976.943 3973.538 3970.382 3967.226 3964.07 3960.914 3959.828 3958.836 3957.844 3956.852 3955.476 3953.609 3951.742 3949.875 3948.007 3946.915 3945.889 3944.863 3943.837 3944.863
3768.749 3775.245 3781.74 3788.696 3798.557 3808.418 3818.279 3828.14 3838.943 3850.327 3861.711 3873.095 3884.201 3892.817 3901.433 3910.05 3918.666 3925.699 3931.598 3937.498 3943.397 3949.212 3953.802 3958.393 3962.983 3967.573 3971.816 3975.772 3979.727 3983.682 3987.576 3989.424 3991.271 3993.119 3994.967 3995.267 3994.087 3992.906 3991.726 3990.545 3986.712 3982.86 3979.007 3975.155 3971.43 3967.847 3964.265 3960.682 3957.099 3955.793 3954.591 3953.388 3952.185 3950.494 3948.178 3945.862 3943.547 3941.231 3939.63 3938.091 3936.551 3935.012 3935.766
3767.771 3774.424 3781.078 3788.172 3798.055 3807.937 3817.819 3827.701 3838.511 3849.891 3861.272 3872.653 3883.741 3892.22 3900.7 3909.18 3917.659 3924.477 3930.106 3935.734 3941.363 3946.907 3951.242 3955.576 3959.911 3964.245 3968.385 3972.365 3976.344 3980.323 3984.247 3986.323 3988.4 3990.477 3992.554 3992.977 3991.816 3990.656 3989.495 3988.334 3984.385 3980.417 3976.448 3972.479 3968.554 3964.678 3960.802 3956.927 3953.051 3951.552 3950.16 3948.769 3947.377 3945.433 3942.783 3940.132 3937.482 3934.832 3932.885 3930.999 3929.113 3927.227 3927.825
3767.239 3773.924 3780.61 3787.731 3797.603 3807.474 3817.346 3827.217 3837.939 3849.184 3860.43 3871.676 3882.623 3890.908 3899.193 3907.478 3915.763 3922.424 3927.923 3933.422 3938.92 3944.329 3948.437 3952.544 3956.652 3960.759 3964.69 3968.475 3972.259 3976.043 3979.78 3981.883 3983.987 3986.091 3988.195 3988.656 3987.544 3986.432 3985.32 3984.208 3980.297 3976.366 3972.435 3968.504 3964.553 3960.58 3956.606 3952.633 3948.66 3947.007 3945.459 3943.91 3942.362 3940.257 3937.439 3934.621 3931.803 3928.986 3926.931 3924.942 3922.953 3920.965 3921.575
3766.706 3773.425 3780.143 3787.291 3797.151 3807.012 3816.872 3826.733 3837.367 3848.477 3859.588 3870.698 3881.504 3889.595 3897.686 3905.776 3913.866 3920.371 3925.74 3931.109 3936.478 3941.75 3945.631 3949.512 3953.392 3957.273 3960.995 3964.584 3968.174 3971.764 3975.312 3977.443 3979.574 3981.705 3983.835 3984.335 3983.271 3982.208 3981.145 3980.081 3976.208 3972.315 3968.422 3964.529 3960.552 3956.481 3952.41 3948.34 3944.269 3942.462 3940.757 3939.052 3937.347 3935.08 3932.095 3929.11 3926.124 3923.139 3920.977 3918.885 3916.794 3914.702 3915.325
3766.174 3772.925 3779.675 3786.85 3796.699 3806.549 3816.399 3826.249 3836.795 3847.77 3858.746 3869.721 3880.386 3888.282 3896.178 3904.074 3911.97 3918.318 3923.557 3928.796 3934.036 3939.172 3942.826 3946.479 3950.133 3953.787 3957.299 3960.695 3964.09 3967.485 3970.845 3973.003 3975.161 3977.319 3979.476 3980.014 3978.999 3977.984 3976.969 3975.955 3972.12 3968.264 3964.409 3960.554 3956.55 3952.382 3948.214 3944.047 3939.879 3937.917 3936.056 3934.194 3932.332 3929.904 3926.751 3923.598 3920.445 3917.292 3915.022 3912.828 3910.634 3908.44 3909.076
3765.642 3772.425 3779.208 3786.408 3796.248 3806.087 3815.926 3825.764 3836.223 3847.063 3857.904 3868.744 3879.268 3886.969 3894.671 3902.372 3910.073 3916.265 3921.374 3926.484 3931.593 3936.594 3940.021 3943.447 3946.874 3950.301 3953.604 3956.804 3960.005 3963.206 3966.378 3968.563 3970.747 3972.932 3975.117 3975.692 3974.726 3973.76 3972.794 3971.828 3968.031 3964.213 3960.396 3956.579 3952.549 3948.283 3944.018 3939.753 3935.488 3933.373 3931.354 3929.336 3927.317 3924.728 3921.407 3918.087 3914.766 3911.446 3909.068 3906.771 3904.474 3902.177 3902.826
3763.117 3770.016 3776.915 3784.178 3793.748 3803.317 3812.886 3822.456 3832.74 3843.463 3854.187 3864.911 3875.343 3883.173 3891.003 3898.834 3906.664 3912.847 3917.85 3922.853 3927.856 3932.748 3936.04 3939.332 3942.624 3945.916 3948.989 3951.88 3954.77 3957.661 3960.524 3962.445 3964.365 3966.286 3968.207 3968.718 3967.879 3967.04 3966.201 3965.362 3961.828 3958.275 3954.722 3951.169 3947.236 3942.883 3938.53 3934.176 3929.823 3927.448 3925.162 3922.876 3920.59 3918.009 3915.053 3912.096 3909.14 3906.184 3904.51 3902.947 3901.384 3899.821 3900.958
