data/zism_data/00536_02_D.txt
ncols         224
nrows         224
[rows 140 to 167 of 224, columns 126 to 188 of 224]
1660.166 1659.055 1657.759 1656.462 1655.166 1653.869 1652.892 1652.216 1651.541 1650.865 1650.189 1650.104 1650.076 1650.047 1650.019 1650.195 1650.828 1651.461 1652.093 1652.726 1653.927 1655.364 1656.802 1658.239 1659.693 1661.296 1662.898 1664.5 1666.102 1667.636 1669.101 1670.566 1672.032 1673.497 1674.966 1676.436 1677.905 1679.375 1680.778 1682.022 1683.266 1684.51 1685.754 1686.648 1687.385 1688.122 1688.859 1689.564 1689.931 1690.298 1690.665 1691.033 1691.024 1690.616 1690.209 1689.802 1689.394 1688.522 1687.587 1686.653 1685.719 1684.781 1683.834
1661.268 1660.162 1658.902 1657.643 1656.384 1655.125 1654.1 1653.297 1652.493 1651.689 1650.886 1650.654 1650.477 1650.299 1650.122 1650.164 1650.696 1651.227 1651.759 1652.291 1653.42 1654.799 1656.178 1657.557 1658.963 1660.614 1662.264 1663.914 1665.564 1667.167 1668.722 1670.278 1671.834 1673.39 1674.969 1676.55 1678.131 1679.712 1681.215 1682.528 1683.841 1685.154 1686.468 1687.431 1688.237 1689.043 1689.85 1690.62 1691.013 1691.407 1691.801 1692.195 1692.269 1692.005 1691.742 1691.478 1691.214 1690.392 1689.495 1688.597 1687.7 1686.782 1685.809
1662.371 1661.268 1660.046 1658.824 1657.603 1656.38 1655.308 1654.377 1653.446 1652.514 1651.583 1651.204 1650.878 1650.551 1650.225 1650.133 1650.563 1650.994 1651.424 1651.855 1652.913 1654.234 1655.554 1656.874 1658.234 1659.932 1661.629 1663.327 1665.025 1666.698 1668.344 1669.99 1671.636 1673.283 1674.971 1676.664 1678.357 1680.05 1681.651 1683.034 1684.416 1685.799 1687.181 1688.213 1689.089 1689.964 1690.84 1691.675 1692.096 1692.516 1692.936 1693.357 1693.515 1693.395 1693.275 1693.155 1693.034 1692.262 1691.402 1690.542 1689.682 1688.783 1687.783
1663.473 1662.375 1661.19 1660.006 1658.821 1657.636 1656.516 1655.457 1654.398 1653.339 1652.28 1651.754 1651.278 1650.803 1650.328 1650.102 1650.431 1650.76 1651.09 1651.419 1652.407 1653.668 1654.93 1656.192 1657.504 1659.25 1660.995 1662.741 1664.487 1666.228 1667.965 1669.702 1671.439 1673.175 1674.973 1676.778 1678.583 1680.387 1682.088 1683.54 1684.991 1686.443 1687.895 1688.996 1689.941 1690.885 1691.83 1692.731 1693.178 1693.625 1694.072 1694.519 1694.76 1694.784 1694.807 1694.831 1694.855 1694.131 1693.309 1692.486 1691.664 1690.784 1689.758
1664.575 1663.482 1662.334 1661.187 1660.039 1658.892 1657.724 1656.537 1655.351 1654.164 1652.977 1652.304 1651.679 1651.055 1650.431 1650.07 1650.299 1650.527 1650.755 1650.984 1651.9 1653.103 1654.307 1655.51 1656.774 1658.568 1660.361 1662.155 1663.949 1665.759 1667.586 1669.414 1671.241 1673.068 1674.975 1676.892 1678.808 1680.725 1682.525 1684.046 1685.567 1687.087 1688.608 1689.779 1690.792 1691.806 1692.82 1693.786 1694.26 1694.734 1695.207 1695.681 1696.006 1696.173 1696.34 1696.508 1696.675 1696.001 1695.216 1694.431 1693.645 1692.785 1691.732
1665.75 1664.633 1663.495 1662.357 1661.219 1660.081 1658.902 1657.685 1656.468 1655.25 1654.033 1653.234 1652.474 1651.715 1650.956 1650.456 1650.534 1650.613 1650.691 1650.77 1651.559 1652.645 1653.731 1654.816 1655.977 1657.791 1659.605 1661.419 1663.233 1665.116 1667.068 1669.02 1670.973 1672.925 1674.961 1677.007 1679.052 1681.098 1683.016 1684.626 1686.237 1687.848 1689.459 1690.667 1691.694 1692.722 1693.749 1694.73 1695.223 1695.716 1696.209 1696.703 1697.062 1697.279 1697.496 1697.714 1697.931 1697.348 1696.659 1695.97 1695.281 1694.498 1693.474
1666.963 1665.808 1664.665 1663.521 1662.378 1661.235 1660.064 1658.868 1657.672 1656.476 1655.281 1654.366 1653.479 1652.593 1651.706 1651.063 1650.966 1650.869 1650.772 1650.675 1651.307 1652.244 1653.181 1654.117 1655.145 1656.964 1658.783 1660.602 1662.422 1664.379 1666.475 1668.571 1670.667 1672.763 1674.938 1677.122 1679.306 1681.49 1683.535 1685.247 1686.959 1688.671 1690.383 1691.611 1692.622 1693.634 1694.646 1695.613 1696.122 1696.631 1697.141 1697.65 1698.017 1698.234 1698.452 1698.669 1698.886 1698.416 1697.855 1697.293 1696.732 1696.058 1695.092
1668.176 1666.983 1665.834 1664.686 1663.537 1662.389 1661.226 1660.052 1658.877 1657.702 1656.528 1655.499 1654.484 1653.47 1652.455 1651.67 1651.397 1651.125 1650.852 1650.579 1651.055 1651.843 1652.63 1653.418 1654.313 1656.137 1657.962 1659.786 1661.611 1663.643 1665.883 1668.122 1670.362 1672.602 1674.915 1677.238 1679.56 1681.882 1684.055 1685.868 1687.681 1689.494 1691.307 1692.555 1693.551 1694.546 1695.542 1696.496 1697.021 1697.546 1698.072 1698.597 1698.972 1699.19 1699.407 1699.624 1699.841 1699.484 1699.051 1698.617 1698.183 1697.617 1696.71
1669.39 1668.158 1667.004 1665.85 1664.696 1663.542 1662.389 1661.235 1660.082 1658.928 1657.775 1656.632 1655.49 1654.347 1653.205 1652.277 1651.829 1651.38 1650.932 1650.484 1650.803 1651.442 1652.08 1652.719 1653.48 1655.31 1657.14 1658.97 1660.8 1662.906 1665.29 1667.673 1670.057 1672.44 1674.893 1677.353 1679.814 1682.275 1684.575 1686.489 1688.403 1690.317 1692.231 1693.499 1694.479 1695.459 1696.438 1697.379 1697.92 1698.461 1699.003 1699.544 1699.928 1700.145 1700.362 1700.579 1700.797 1700.552 1700.246 1699.94 1699.634 1699.177 1698.328
1670.612 1669.342 1668.181 1667.021 1665.86 1664.699 1663.552 1662.417 1661.282 1660.146 1659.011 1657.766 1656.509 1655.253 1653.996 1652.936 1652.315 1651.693 1651.072 1650.45 1650.609 1651.091 1651.574 1652.057 1652.677 1654.493 1656.308 1658.124 1659.939 1662.11 1664.638 1667.166 1669.694 1672.221 1674.807 1677.4 1679.993 1682.586 1685.008 1687.019 1689.031 1691.042 1693.054 1694.35 1695.326 1696.302 1697.278 1698.216 1698.769 1699.321 1699.873 1700.425 1700.814 1701.029 1701.245 1701.46 1701.675 1701.543 1701.364 1701.185 1701.006 1700.658 1699.872
1671.909 1670.589 1669.412 1668.236 1667.059 1665.883 1664.725 1663.585 1662.444 1661.303 1660.163 1658.907 1657.64 1656.373 1655.106 1653.99 1653.215 1652.439 1651.663 1650.888 1650.854 1651.129 1651.405 1651.68 1652.097 1653.747 1655.398 1657.048 1658.699 1660.862 1663.539 1666.216 1668.892 1671.569 1674.247 1676.925 1679.603 1682.281 1684.783 1686.864 1688.945 1691.025 1693.106 1694.486 1695.552 1696.619 1697.685 1698.704 1699.23 1699.755 1700.281 1700.806 1701.174 1701.373 1701.572 1701.772 1701.971 1701.945 1701.888 1701.832 1701.775 1701.542 1700.852
1673.205 1671.836 1670.644 1669.451 1668.259 1667.067 1665.898 1664.752 1663.606 1662.46 1661.315 1660.049 1658.771 1657.493 1656.215 1655.045 1654.115 1653.185 1652.255 1651.325 1651.099 1651.167 1651.235 1651.303 1651.516 1653.002 1654.488 1655.973 1657.458 1659.614 1662.44 1665.265 1668.091 1670.917 1673.686 1676.45 1679.213 1681.976 1684.559 1686.709 1688.859 1691.008 1693.158 1694.622 1695.779 1696.936 1698.093 1699.192 1699.691 1700.189 1700.688 1701.187 1701.533 1701.717 1701.9 1702.083 1702.267 1702.347 1702.413 1702.478 1702.544 1702.426 1701.832
1674.501 1673.084 1671.875 1670.667 1669.458 1668.25 1667.071 1665.92 1664.769 1663.618 1662.466 1661.19 1659.902 1658.613 1657.325 1656.1 1655.015 1653.931 1652.847 1651.762 1651.345 1651.205 1651.065 1650.926 1650.936 1652.257 1653.577 1654.898 1656.218 1658.366 1661.341 1664.315 1667.29 1670.265 1673.126 1675.974 1678.823 1681.671 1684.334 1686.553 1688.772 1690.991 1693.21 1694.758 1696.005 1697.253 1698.5 1699.679 1700.151 1700.624 1701.096 1701.568 1701.893 1702.06 1702.228 1702.395 1702.563 1702.749 1702.937 1703.125 1703.313 1703.31 1702.812
1675.797 1674.331 1673.107 1671.882 1670.658 1669.433 1668.244 1667.088 1665.931 1664.775 1663.618 1662.332 1661.033 1659.734 1658.435 1657.154 1655.916 1654.677 1653.438 1652.2 1651.59 1651.243 1650.896 1650.548 1650.356 1651.511 1652.667 1653.823 1654.978 1657.118 1660.241 1663.365 1666.489 1669.612 1672.565 1675.499 1678.432 1681.366 1684.109 1686.398 1688.686 1690.974 1693.262 1694.894 1696.232 1697.57 1698.907 1700.167 1700.612 1701.058 1701.504 1701.95 1702.252 1702.404 1702.556 1702.707 1702.859 1703.151 1703.461 1703.772 1704.083 1704.194 1703.792
1677.275 1675.83 1674.556 1673.281 1672.007 1670.733 1669.509 1668.331 1667.154 1665.977 1664.8 1663.496 1662.18 1660.864 1659.548 1658.226 1656.889 1655.551 1654.214 1652.876 1652.17 1651.726 1651.282 1650.838 1650.54 1651.512 1652.484 1653.457 1654.429 1656.465 1659.565 1662.665 1665.765 1668.864 1671.811 1674.74 1677.669 1680.599 1683.358 1685.709 1688.06 1690.411 1692.763 1694.461 1695.868 1697.275 1698.681 1700.007 1700.491 1700.974 1701.458 1701.942 1702.299 1702.521 1702.743 1702.965 1703.187 1703.541 1703.912 1704.283 1704.655 1704.819 1704.451
1678.886 1677.511 1676.162 1674.814 1673.465 1672.116 1670.839 1669.63 1668.421 1667.212 1666.003 1664.677 1663.34 1662.002 1660.665 1659.31 1657.914 1656.518 1655.122 1653.726 1652.991 1652.531 1652.072 1651.612 1651.279 1652.055 1652.83 1653.605 1654.38 1656.243 1659.194 1662.145 1665.096 1668.047 1670.916 1673.776 1676.636 1679.496 1682.224 1684.634 1687.043 1689.453 1691.863 1693.616 1695.076 1696.536 1697.996 1699.377 1699.946 1700.516 1701.084 1701.654 1702.119 1702.474 1702.829 1703.184 1703.539 1703.922 1704.309 1704.697 1705.084 1705.257 1704.878
1680.496 1679.193 1677.769 1676.346 1674.923 1673.5 1672.17 1670.929 1669.688 1668.447 1667.206 1665.858 1664.499 1663.141 1661.782 1660.394 1658.94 1657.485 1656.031 1654.576 1653.813 1653.337 1652.861 1652.386 1652.018 1652.597 1653.175 1653.753 1654.332 1656.022 1658.824 1661.626 1664.428 1667.229 1670.021 1672.812 1675.603 1678.394 1681.09 1683.558 1686.026 1688.495 1690.963 1692.771 1694.284 1695.797 1697.311 1698.748 1699.402 1700.056 1700.711 1701.365 1701.938 1702.426 1702.914 1703.402 1703.891 1704.304 1704.707 1705.11 1705.513 1705.695 1705.306
1682.106 1680.874 1679.376 1677.878 1676.381 1674.883 1673.501 1672.228 1670.955 1669.682 1668.409 1667.038 1665.659 1664.279 1662.899 1661.478 1659.965 1658.452 1656.939 1655.426 1654.634 1654.143 1653.651 1653.159 1652.757 1653.139 1653.52 1653.902 1654.283 1655.8 1658.453 1661.106 1663.759 1666.412 1669.126 1671.848 1674.57 1677.291 1679.956 1682.483 1685.009 1687.536 1690.063 1691.926 1693.492 1695.059 1696.625 1698.119 1698.858 1699.597 1700.337 1701.076 1701.758 1702.379 1703.0 1703.621 1704.242 1704.685 1705.104 1705.524 1705.943 1706.133 1705.733
1683.697 1682.533 1680.965 1679.397 1677.828 1676.26 1674.826 1673.519 1672.212 1670.904 1669.597 1668.207 1666.808 1665.41 1664.011 1662.562 1660.998 1659.434 1657.871 1656.307 1655.488 1654.98 1654.472 1653.963 1653.527 1653.717 1653.908 1654.099 1654.289 1655.635 1658.136 1660.637 1663.138 1665.64 1668.276 1670.928 1673.58 1676.232 1678.862 1681.44 1684.019 1686.597 1689.175 1691.089 1692.706 1694.323 1695.94 1697.487 1698.309 1699.13 1699.952 1700.774 1701.562 1702.315 1703.069 1703.822 1704.575 1705.052 1705.491 1705.931 1706.371 1706.572 1706.157
1684.868 1683.711 1682.159 1680.606 1679.054 1677.502 1676.031 1674.639 1673.247 1671.854 1670.462 1669.098 1667.737 1666.375 1665.014 1663.628 1662.187 1660.746 1659.304 1657.863 1657.058 1656.518 1655.977 1655.437 1654.966 1655.098 1655.23 1655.362 1655.494 1656.704 1658.993 1661.281 1663.569 1665.858 1668.4 1670.973 1673.545 1676.117 1678.659 1681.131 1683.603 1686.075 1688.547 1690.424 1692.036 1693.647 1695.259 1696.803 1697.646 1698.489 1699.332 1700.175 1701.029 1701.894 1702.758 1703.623 1704.488 1705.086 1705.648 1706.211 1706.773 1707.032 1706.511
1686.039 1684.889 1683.352 1681.816 1680.279 1678.743 1677.237 1675.759 1674.282 1672.804 1671.327 1669.989 1668.665 1667.341 1666.017 1664.695 1663.376 1662.057 1660.738 1659.419 1658.627 1658.055 1657.483 1656.911 1656.405 1656.479 1656.552 1656.626 1656.699 1657.774 1659.849 1661.924 1664.0 1666.075 1668.525 1671.017 1673.509 1676.002 1678.457 1680.822 1683.187 1685.553 1687.918 1689.759 1691.365 1692.972 1694.578 1696.119 1696.983 1697.848 1698.712 1699.576 1700.495 1701.472 1702.448 1703.425 1704.402 1705.121 1705.805 1706.49 1707.174 1707.492 1706.865
1687.21 1686.066 1684.546 1683.025 1681.505 1679.984 1678.442 1676.88 1675.317 1673.754 1672.191 1670.88 1669.594 1668.307 1667.02 1665.761 1664.565 1663.368 1662.172 1660.975 1660.197 1659.593 1658.989 1658.385 1657.844 1657.859 1657.874 1657.889 1657.904 1658.843 1660.705 1662.568 1664.431 1666.293 1668.649 1671.062 1673.474 1675.887 1678.254 1680.513 1682.772 1685.031 1687.29 1689.094 1690.695 1692.296 1693.897 1695.435 1696.321 1697.206 1698.092 1698.977 1699.961 1701.05 1702.138 1703.227 1704.315 1705.155 1705.962 1706.769 1707.576 1707.953 1707.218
1688.381 1687.244 1685.739 1684.235 1682.73 1681.226 1679.647 1678.0 1676.352 1674.704 1673.056 1671.771 1670.522 1669.273 1668.023 1666.828 1665.754 1664.68 1663.606 1662.531 1661.766 1661.13 1660.494 1659.858 1659.283 1659.24 1659.196 1659.153 1659.109 1659.912 1661.562 1663.212 1664.861 1666.511 1668.773 1671.106 1673.439 1675.771 1678.051 1680.204 1682.356 1684.509 1686.661 1688.429 1690.025 1691.62 1693.216 1694.751 1695.658 1696.565 1697.472 1698.379 1699.428 1700.628 1701.828 1703.028 1704.228 1705.19 1706.119 1707.048 1707.978 1708.413 1707.572
1689.413 1688.272 1686.781 1685.289 1683.798 1682.307 1680.723 1679.052 1677.381 1675.711 1674.04 1672.755 1671.508 1670.26 1669.013 1667.851 1666.877 1665.904 1664.931 1663.957 1663.217 1662.573 1661.929 1661.286 1660.706 1660.682 1660.658 1660.634 1660.61 1661.341 1662.827 1664.312 1665.798 1667.283 1669.452 1671.699 1673.947 1676.194 1678.384 1680.436 1682.487 1684.539 1686.59 1688.302 1689.863 1691.424 1692.985 1694.487 1695.383 1696.278 1697.174 1698.07 1699.091 1700.247 1701.402 1702.557 1703.713 1704.732 1705.732 1706.733 1707.733 1708.217 1707.367
1690.309 1689.155 1687.674 1686.194 1684.713 1683.233 1681.673 1680.04 1678.406 1676.772 1675.139 1673.828 1672.549 1671.27 1669.991 1668.831 1667.937 1667.043 1666.15 1665.256 1664.551 1663.923 1663.295 1662.667 1662.112 1662.184 1662.256 1662.328 1662.4 1663.12 1664.488 1665.856 1667.225 1668.593 1670.669 1672.826 1674.983 1677.14 1679.238 1681.193 1683.149 1685.105 1687.061 1688.699 1690.196 1691.693 1693.19 1694.63 1695.483 1696.336 1697.19 1698.043 1698.947 1699.905 1700.864 1701.822 1702.781 1703.795 1704.817 1705.839 1706.86 1707.383 1706.618
1691.205 1690.038 1688.568 1687.098 1685.628 1684.158 1682.623 1681.027 1679.43 1677.834 1676.238 1674.901 1673.59 1672.279 1670.968 1669.81 1668.997 1668.183 1667.369 1666.556 1665.885 1665.273 1664.661 1664.049 1663.518 1663.686 1663.853 1664.021 1664.189 1664.898 1666.15 1667.401 1668.652 1669.904 1671.886 1673.953 1676.019 1678.086 1680.091 1681.951 1683.811 1685.671 1687.531 1689.096 1690.529 1691.962 1693.395 1694.773 1695.584 1696.394 1697.205 1698.016 1698.802 1699.564 1700.326 1701.087 1701.849 1702.859 1703.902 1704.945 1705.988 1706.549 1705.87
1692.1 1690.921 1689.462 1688.002 1686.543 1685.084 1683.573 1682.014 1680.455 1678.896 1677.337 1675.974 1674.631 1673.288 1671.945 1670.79 1670.057 1669.323 1668.589 1667.855 1667.219 1666.623 1666.027 1665.431 1664.924 1665.187 1665.451 1665.714 1665.978 1666.677 1667.811 1668.945 1670.08 1671.214 1673.103 1675.079 1677.055 1679.031 1680.945 1682.709 1684.473 1686.237 1688.001 1689.493 1690.862 1692.231 1693.6 1694.916 1695.684 1696.453 1697.22 1697.989 1698.658 1699.223 1699.787 1700.352 1700.917 1701.922 1702.986 1704.051 1705.115 1705.716 1705.121
1692.996 1691.804 1690.355 1688.907 1687.458 1686.01 1684.523 1683.001 1681.479 1679.957 1678.435 1677.047 1675.673 1674.298 1672.923 1671.77 1671.116 1670.462 1669.808 1669.154 1668.552 1667.973 1667.393 1666.813 1666.33 1666.689 1667.048 1667.408 1667.767 1668.455 1669.473 1670.49 1671.507 1672.524 1674.32 1676.206 1678.091 1679.977 1681.799 1683.467 1685.135 1686.804 1688.472 1689.889 1691.195 1692.5 1693.805 1695.06 1695.785 1696.51 1697.236 1697.961 1698.513 1698.881 1699.249 1699.617 1699.984 1700.986 1702.071 1703.157 1704.242 1704.882 1704.373
