data/zism_data/00533_03_D.txt
ncols         224
nrows         224
[rows 56 to 83 of 224, columns 64 to 127 of 224]
1500.0 1500.0 1500.0 1500.061 1500.28 1500.5 1500.72 1500.939 1501.0 1501.0 1501.0 1501.0 1501.004 1501.029 1501.054 1501.079 1501.104 1501.098 1501.073 1501.048 1501.023 1501.0 1501.0 1501.0 1501.0 1501.0 1500.908 1500.732 1500.556 1500.379 1500.203 1500.156 1500.112 1500.069 1500.025 1500.0 1500.0 1500.0 1500.0 1500.0 1499.825 1499.624 1499.423 1499.222 1499.079 1499.06 1499.042 1499.023 1499.004 1499.0 1499.0 1499.0 1499.0 1499.0 1499.0 1499.0 1499.0 1499.0 1499.0 1499.0 1499.0 1499.0 1499.0 1499.0
1500.0 1500.0 1500.0 1500.061 1500.28 1500.5 1500.72 1500.939 1501.0 1501.0 1501.0 1501.0 1501.001 1501.004 1501.007 1501.011 1501.014 1501.013 1501.01 1501.007 1501.003 1501.0 1501.0 1501.0 1501.0 1501.0 1500.888 1500.675 1500.461 1500.247 1500.033 1500.021 1500.016 1500.009 1500.003 1500.0 1500.0 1500.0 1500.0 1500.0 1499.811 1499.594 1499.377 1499.16 1499.011 1499.008 1499.006 1499.003 1499.001 1499.0 1499.0 1499.0 1499.0 1499.0 1499.0 1499.0 1499.0 1499.0 1499.0 1499.0 1499.0 1499.0 1499.0 1499.0
1500.0 1500.0 1500.0 1500.051 1500.234 1500.418 1500.602 1500.785 1500.862 1500.898 1500.934 1500.97 1501.0 1501.0 1501.0 1501.0 1501.0 1500.983 1500.956 1500.929 1500.902 1500.876 1500.862 1500.849 1500.835 1500.822 1500.722 1500.543 1500.364 1500.184 1500.005 1499.974 1499.947 1499.92 1499.893 1499.871 1499.858 1499.844 1499.831 1499.817 1499.66 1499.48 1499.301 1499.122 1499.0 1499.0 1499.0 1499.0 1499.0 1499.0 1499.0 1499.0 1499.0 1499.0 1499.0 1499.0 1499.0 1499.0 1499.0 1499.0 1499.0 1499.0 1499.0 1499.0
1500.0 1500.0 1500.0 1500.039 1500.179 1500.32 1500.461 1500.602 1500.698 1500.777 1500.856 1500.935 1501.0 1501.0 1501.0 1501.0 1501.0 1500.963 1500.904 1500.845 1500.785 1500.728 1500.699 1500.669 1500.639 1500.61 1500.527 1500.396 1500.266 1500.135 1500.004 1499.943 1499.883 1499.824 1499.765 1499.718 1499.688 1499.659 1499.629 1499.599 1499.482 1499.351 1499.22 1499.089 1499.0 1499.0 1499.0 1499.0 1499.0 1499.0 1499.0 1499.0 1499.0 1499.0 1499.0 1499.0 1499.0 1499.0 1499.0 1499.0 1499.0 1499.0 1499.0 1499.0
1500.0 1500.0 1500.0 1500.027 1500.125 1500.223 1500.32 1500.418 1500.533 1500.655 1500.777 1500.899 1501.0 1501.0 1501.0 1501.0 1501.0 1500.943 1500.852 1500.76 1500.669 1500.581 1500.535 1500.489 1500.443 1500.398 1500.333 1500.25 1500.168 1500.085 1500.002 1499.911 1499.82 1499.728 1499.637 1499.565 1499.519 1499.473 1499.427 1499.382 1499.304 1499.221 1499.139 1499.056 1499.0 1499.0 1499.0 1499.0 1499.0 1499.0 1499.0 1499.0 1499.0 1499.0 1499.0 1499.0 1499.0 1499.0 1499.0 1499.0 1499.0 1499.0 1499.0 1499.0
1500.0 1500.0 1500.0 1500.015 1500.07 1500.125 1500.18 1500.235 1500.369 1500.534 1500.699 1500.864 1501.0 1501.0 1501.0 1501.0 1501.0 1500.923 1500.799 1500.676 1500.552 1500.433 1500.371 1500.309 1500.247 1500.186 1500.138 1500.104 1500.07 1500.035 1500.001 1499.88 1499.756 1499.633 1499.509 1499.411 1499.35 1499.288 1499.226 1499.164 1499.126 1499.092 1499.058 1499.023 1499.0 1499.0 1499.0 1499.0 1499.0 1499.0 1499.0 1499.0 1499.0 1499.0 1499.0 1499.0 1499.0 1499.0 1499.0 1499.0 1499.0 1499.0 1499.0 1499.0
1500.0 1500.0 1500.0 1500.006 1500.029 1500.052 1500.075 1500.098 1500.237 1500.419 1500.602 1500.785 1500.936 1500.936 1500.936 1500.936 1500.936 1500.851 1500.714 1500.577 1500.439 1500.307 1500.239 1500.17 1500.101 1500.033 1499.994 1499.983 1499.973 1499.962 1499.951 1499.814 1499.674 1499.534 1499.393 1499.283 1499.215 1499.146 1499.078 1499.009 1499.0 1499.0 1499.0 1499.0 1499.0 1499.0 1499.0 1499.0 1499.0 1499.0 1499.0 1499.0 1499.0 1499.0 1499.0 1499.0 1499.0 1499.0 1499.0 1499.0 1499.0 1499.0 1499.0 1499.0
1500.0 1500.0 1500.0 1500.005 1500.022 1500.04 1500.057 1500.075 1500.181 1500.321 1500.461 1500.601 1500.717 1500.717 1500.717 1500.717 1500.717 1500.651 1500.546 1500.441 1500.336 1500.235 1500.183 1500.13 1500.078 1500.025 1499.975 1499.926 1499.878 1499.829 1499.781 1499.664 1499.545 1499.427 1499.308 1499.217 1499.164 1499.112 1499.059 1499.007 1499.0 1499.0 1499.0 1499.0 1499.0 1499.0 1499.0 1499.0 1499.0 1499.0 1499.0 1499.0 1499.0 1499.0 1499.0 1499.0 1499.0 1499.0 1499.0 1499.0 1499.0 1499.0 1499.0 1499.0
1500.0 1500.0 1500.0 1500.003 1500.016 1500.028 1500.04 1500.052 1500.125 1500.223 1500.32 1500.417 1500.497 1500.497 1500.497 1500.497 1500.497 1500.451 1500.379 1500.306 1500.233 1500.163 1500.127 1500.09 1500.054 1500.017 1499.955 1499.869 1499.783 1499.697 1499.611 1499.514 1499.417 1499.319 1499.222 1499.15 1499.114 1499.078 1499.041 1499.005 1499.0 1499.0 1499.0 1499.0 1499.0 1499.0 1499.0 1499.0 1499.0 1499.0 1499.0 1499.0 1499.0 1499.0 1499.0 1499.0 1499.0 1499.0 1499.0 1499.0 1499.0 1499.0 1499.0 1499.0
1500.0 1500.0 1500.0 1500.002 1500.009 1500.015 1500.022 1500.029 1500.07 1500.124 1500.178 1500.232 1500.277 1500.277 1500.277 1500.277 1500.277 1500.252 1500.211 1500.171 1500.13 1500.091 1500.071 1500.05 1500.03 1500.01 1499.936 1499.812 1499.688 1499.565 1499.441 1499.364 1499.288 1499.212 1499.136 1499.084 1499.064 1499.043 1499.023 1499.003 1499.0 1499.0 1499.0 1499.0 1499.0 1499.0 1499.0 1499.0 1499.0 1499.0 1499.0 1499.0 1499.0 1499.0 1499.0 1499.0 1499.0 1499.0 1499.0 1499.0 1499.0 1499.0 1499.0 1499.0
1500.0 1500.0 1500.0 1500.0 1500.002 1500.003 1500.005 1500.006 1500.015 1500.026 1500.037 1500.048 1500.057 1500.057 1500.057 1500.057 1500.057 1500.052 1500.044 1500.035 1500.027 1500.019 1500.015 1500.01 1500.006 1500.002 1499.916 1499.755 1499.594 1499.432 1499.271 1499.214 1499.16 1499.105 1499.051 1499.017 1499.013 1499.009 1499.005 1499.0 1499.0 1499.0 1499.0 1499.0 1499.0 1499.0 1499.0 1499.0 1499.0 1499.0 1499.0 1499.0 1499.0 1499.0 1499.0 1499.0 1499.0 1499.0 1499.0 1499.0 1499.0 1499.0 1499.0 1499.0
1500.0 1500.0 1500.0 1500.0 1500.0 1500.0 1500.0 1500.0 1500.0 1500.0 1500.0 1500.0 1500.0 1500.0 1500.0 1500.0 1500.0 1500.0 1500.0 1500.0 1500.0 1499.997 1499.962 1499.926 1499.89 1499.855 1499.763 1499.62 1499.477 1499.333 1499.19 1499.146 1499.105 1499.065 1499.024 1499.0 1499.0 1499.0 1499.0 1499.0 1499.0 1499.0 1499.0 1499.0 1499.0 1499.0 1499.0 1499.0 1499.0 1499.0 1499.0 1499.0 1499.0 1499.0 1499.0 1499.0 1499.0 1499.0 1499.0 1499.0 1499.0 1499.0 1499.0 1499.0
1500.0 1500.0 1500.0 1500.0 1500.0 1500.0 1500.0 1500.0 1500.0 1500.0 1500.0 1500.0 1500.0 1500.0 1500.0 1500.0 1500.0 1500.0 1500.0 1500.0 1500.0 1499.994 1499.91 1499.826 1499.742 1499.658 1499.563 1499.457 1499.352 1499.246 1499.14 1499.108 1499.078 1499.048 1499.017 1499.0 1499.0 1499.0 1499.0 1499.0 1499.0 1499.0 1499.0 1499.0 1499.0 1499.0 1499.0 1499.0 1499.0 1499.0 1499.0 1499.0 1499.0 1499.0 1499.0 1499.0 1499.0 1499.0 1499.0 1499.0 1499.0 1499.0 1499.0 1499.0
1500.0 1500.0 1500.0 1500.0 1500.0 1500.0 1500.0 1500.0 1500.0 1500.0 1500.0 1500.0 1500.0 1500.0 1500.0 1500.0 1500.0 1500.0 1500.0 1500.0 1500.0 1499.99 1499.858 1499.726 1499.594 1499.461 1499.363 1499.295 1499.227 1499.158 1499.09 1499.07 1499.05 1499.031 1499.011 1499.0 1499.0 1499.0 1499.0 1499.0 1499.0 1499.0 1499.0 1499.0 1499.0 1499.0 1499.0 1499.0 1499.0 1499.0 1499.0 1499.0 1499.0 1499.0 1499.0 1499.0 1499.0 1499.0 1499.0 1499.0 1499.0 1499.0 1499.0 1499.0
1500.0 1500.0 1500.0 1500.0 1500.0 1500.0 1500.0 1500.0 1500.0 1500.0 1500.0 1500.0 1500.0 1500.0 1500.0 1500.0 1500.0 1500.0 1500.0 1500.0 1500.0 1499.987 1499.806 1499.626 1499.445 1499.265 1499.162 1499.132 1499.101 1499.071 1499.041 1499.031 1499.022 1499.014 1499.005 1499.0 1499.0 1499.0 1499.0 1499.0 1499.0 1499.0 1499.0 1499.0 1499.0 1499.0 1499.0 1499.0 1499.0 1499.0 1499.0 1499.0 1499.0 1499.0 1499.0 1499.0 1499.0 1499.0 1499.0 1499.0 1499.0 1499.0 1499.0 1499.0
1499.975 1499.984 1499.993 1500.0 1500.0 1500.0 1500.0 1500.0 1500.0 1500.0 1500.0 1500.0 1500.0 1500.0 1500.0 1500.0 1500.0 1499.996 1499.989 1499.981 1499.974 1499.952 1499.74 1499.527 1499.314 1499.102 1499.0 1499.0 1499.0 1499.0 1499.0 1498.994 1498.988 1498.982 1498.976 1498.972 1498.972 1498.972 1498.972 1498.972 1498.97 1498.967 1498.964 1498.961 1498.959 1498.96 1498.961 1498.962 1498.963 1498.969 1498.978 1498.986 1498.994 1499.0 1499.0 1499.0 1499.0 1499.0 1499.0 1499.0 1499.0 1499.0 1499.0 1499.0
1499.844 1499.901 1499.958 1500.0 1500.0 1500.0 1500.0 1500.0 1500.0 1500.0 1500.0 1500.0 1500.0 1500.0 1500.0 1500.0 1500.0 1499.972 1499.928 1499.883 1499.838 1499.784 1499.609 1499.434 1499.259 1499.084 1499.0 1499.0 1499.0 1499.0 1499.0 1498.963 1498.925 1498.886 1498.848 1498.826 1498.826 1498.826 1498.826 1498.826 1498.809 1498.79 1498.771 1498.752 1498.741 1498.747 1498.754 1498.76 1498.766 1498.807 1498.858 1498.909 1498.96 1499.0 1499.0 1499.0 1499.0 1499.0 1499.0 1499.0 1499.0 1499.0 1499.0 1499.0
1499.712 1499.818 1499.923 1500.0 1500.0 1500.0 1500.0 1500.0 1500.0 1500.0 1500.0 1500.0 1500.0 1500.0 1500.0 1500.0 1500.0 1499.949 1499.867 1499.784 1499.702 1499.616 1499.479 1499.341 1499.203 1499.066 1499.0 1499.0 1499.0 1499.0 1499.0 1498.932 1498.861 1498.791 1498.72 1498.679 1498.679 1498.679 1498.679 1498.679 1498.649 1498.614 1498.578 1498.543 1498.523 1498.535 1498.546 1498.558 1498.57 1498.645 1498.739 1498.833 1498.927 1499.0 1499.0 1499.0 1499.0 1499.0 1499.0 1499.0 1499.0 1499.0 1499.0 1499.0
1499.581 1499.734 1499.888 1500.0 1500.0 1500.0 1500.0 1500.0 1500.0 1500.0 1500.0 1500.0 1500.0 1500.0 1500.0 1500.0 1500.0 1499.925 1499.806 1499.686 1499.566 1499.448 1499.348 1499.248 1499.148 1499.048 1499.0 1499.0 1499.0 1499.0 1499.0 1498.9 1498.798 1498.695 1498.592 1498.533 1498.533 1498.533 1498.533 1498.533 1498.488 1498.437 1498.386 1498.334 1498.305 1498.322 1498.339 1498.356 1498.373 1498.482 1498.619 1498.756 1498.893 1499.0 1499.0 1499.0 1499.0 1499.0 1499.0 1499.0 1499.0 1499.0 1499.0 1499.0
1499.449 1499.651 1499.853 1500.0 1500.0 1500.0 1500.0 1500.0 1500.0 1500.0 1500.0 1500.0 1500.0 1500.0 1500.0 1500.0 1500.0 1499.902 1499.745 1499.587 1499.43 1499.28 1499.217 1499.155 1499.092 1499.03 1499.0 1499.0 1499.0 1499.0 1499.0 1498.869 1498.734 1498.599 1498.465 1498.386 1498.386 1498.386 1498.386 1498.386 1498.328 1498.26 1498.193 1498.125 1498.087 1498.109 1498.132 1498.154 1498.177 1498.32 1498.5 1498.68 1498.859 1499.0 1499.0 1499.0 1499.0 1499.0 1499.0 1499.0 1499.0 1499.0 1499.0 1499.0
1499.37 1499.573 1499.775 1499.924 1499.931 1499.938 1499.945 1499.951 1499.961 1499.971 1499.981 1499.992 1499.996 1499.972 1499.948 1499.924 1499.9 1499.793 1499.636 1499.479 1499.321 1499.172 1499.123 1499.074 1499.026 1498.977 1498.943 1498.922 1498.901 1498.881 1498.86 1498.738 1498.612 1498.486 1498.36 1498.287 1498.287 1498.287 1498.287 1498.287 1498.232 1498.169 1498.106 1498.043 1498.007 1498.028 1498.049 1498.07 1498.091 1498.248 1498.447 1498.646 1498.844 1499.0 1499.0 1499.0 1499.0 1499.0 1499.0 1499.0 1499.0 1499.0 1499.0 1499.0
1499.321 1499.497 1499.673 1499.805 1499.823 1499.84 1499.858 1499.875 1499.899 1499.926 1499.952 1499.978 1499.989 1499.928 1499.866 1499.805 1499.743 1499.635 1499.5 1499.364 1499.228 1499.099 1499.05 1499.001 1498.952 1498.903 1498.853 1498.8 1498.747 1498.694 1498.642 1498.549 1498.455 1498.362 1498.268 1498.213 1498.213 1498.213 1498.213 1498.213 1498.173 1498.126 1498.079 1498.032 1498.005 1498.021 1498.036 1498.052 1498.068 1498.228 1498.432 1498.636 1498.84 1499.0 1499.0 1499.0 1499.0 1499.0 1499.0 1499.0 1499.0 1499.0 1499.0 1499.0
1499.272 1499.421 1499.57 1499.686 1499.714 1499.742 1499.771 1499.799 1499.838 1499.88 1499.922 1499.965 1499.983 1499.884 1499.785 1499.686 1499.586 1499.478 1499.364 1499.249 1499.135 1499.026 1498.977 1498.928 1498.879 1498.83 1498.762 1498.678 1498.593 1498.508 1498.423 1498.361 1498.299 1498.237 1498.176 1498.14 1498.14 1498.14 1498.14 1498.14 1498.113 1498.083 1498.052 1498.021 1498.003 1498.014 1498.024 1498.034 1498.044 1498.208 1498.417 1498.627 1498.836 1499.0 1499.0 1499.0 1499.0 1499.0 1499.0 1499.0 1499.0 1499.0 1499.0 1499.0
1499.223 1499.345 1499.467 1499.567 1499.606 1499.645 1499.684 1499.723 1499.776 1499.834 1499.893 1499.952 1499.976 1499.84 1499.703 1499.566 1499.43 1499.32 1499.228 1499.135 1499.042 1498.952 1498.903 1498.855 1498.806 1498.757 1498.672 1498.555 1498.438 1498.321 1498.204 1498.172 1498.143 1498.113 1498.084 1498.067 1498.067 1498.067 1498.067 1498.067 1498.054 1498.039 1498.025 1498.01 1498.002 1498.006 1498.011 1498.016 1498.021 1498.187 1498.402 1498.617 1498.832 1499.0 1499.0 1499.0 1499.0 1499.0 1499.0 1499.0 1499.0 1499.0 1499.0 1499.0
1499.161 1499.26 1499.358 1499.443 1499.492 1499.542 1499.591 1499.64 1499.706 1499.778 1499.85 1499.922 1499.952 1499.784 1499.616 1499.449 1499.281 1499.171 1499.094 1499.018 1498.943 1498.868 1498.821 1498.773 1498.725 1498.677 1498.579 1498.435 1498.292 1498.148 1498.004 1498.0 1498.0 1498.0 1498.0 1498.0 1498.0 1498.0 1498.0 1498.0 1498.0 1498.0 1498.0 1498.0 1498.0 1498.0 1498.0 1498.0 1498.0 1498.169 1498.389 1498.608 1498.828 1499.0 1499.0 1499.0 1499.0 1499.0 1499.0 1499.0 1499.0 1499.0 1499.0 1499.0
1498.961 1499.07 1499.179 1499.274 1499.328 1499.383 1499.438 1499.492 1499.548 1499.604 1499.659 1499.715 1499.739 1499.608 1499.478 1499.348 1499.218 1499.102 1498.993 1498.885 1498.777 1498.674 1498.637 1498.599 1498.562 1498.525 1498.449 1498.338 1498.226 1498.115 1498.003 1498.0 1498.0 1498.0 1498.0 1498.0 1498.0 1498.0 1498.0 1498.0 1498.0 1498.0 1498.0 1498.0 1498.0 1498.0 1498.0 1498.0 1498.0 1498.169 1498.389 1498.608 1498.828 1499.0 1499.0 1499.0 1499.0 1499.0 1499.0 1499.0 1499.0 1499.0 1499.0 1499.0
1498.761 1498.881 1499.001 1499.104 1499.164 1499.224 1499.284 1499.344 1499.39 1499.429 1499.469 1499.509 1499.525 1499.433 1499.34 1499.248 1499.155 1499.033 1498.892 1498.752 1498.611 1498.479 1498.453 1498.426 1498.4 1498.374 1498.32 1498.24 1498.161 1498.082 1498.002 1498.0 1498.0 1498.0 1498.0 1498.0 1498.0 1498.0 1498.0 1498.0 1498.0 1498.0 1498.0 1498.0 1498.0 1498.0 1498.0 1498.0 1498.0 1498.169 1498.389 1498.608 1498.828 1499.0 1499.0 1499.0 1499.0 1499.0 1499.0 1499.0 1499.0 1499.0 1499.0 1499.0
1498.561 1498.691 1498.822 1498.935 1499.0 1499.066 1499.131 1499.196 1499.231 1499.255 1499.279 1499.302 1499.312 1499.257 1499.202 1499.147 1499.092 1498.964 1498.791 1498.619 1498.446 1498.285 1498.269 1498.253 1498.238 1498.222 1498.19 1498.143 1498.096 1498.048 1498.001 1498.0 1498.0 1498.0 1498.0 1498.0 1498.0 1498.0 1498.0 1498.0 1498.0 1498.0 1498.0 1498.0 1498.0 1498.0 1498.0 1498.0 1498.0 1498.169 1498.389 1498.608 1498.828 1499.0 1499.0 1499.0 1499.0 1499.0 1499.0 1499.0 1499.0 1499.0 1499.0 1499.0
