data/zism_data/00537_03_D.txt
ncols         224
nrows         224
[rows 168 to 195 of 224, columns 0 to 63 of 224]
1983.211 1986.997 1990.782 1994.568 1998.354 2000.0 2000.0 2000.0 2000.0 1999.955 1998.911 1997.868 1996.824 1995.78 1991.82 1985.186 1978.552 1971.918 1965.284 1956.749 1948.214 1939.678 1931.143 1924.606 1920.247 1915.888 1911.53 1907.171 1910.152 1913.466 1916.78 1920.094 1926.882 1938.185 1949.488 1960.792 1972.095 1977.895 1983.171 1988.447 1993.723 1997.196 1997.866 1998.535 1999.204 1999.874 1998.577 1996.986 1995.394 1993.803 1989.735 1981.023 1972.311 1963.599 1954.888 1945.444 1935.846 1926.249 1916.651 1911.069 1914.666 1918.263 1921.86 1925.457
1982.035 1986.086 1990.137 1994.188 1998.239 2000.0 2000.0 2000.0 2000.0 1999.958 1998.992 1998.026 1997.06 1996.094 1992.483 1986.448 1980.412 1974.377 1968.341 1960.114 1951.887 1943.66 1935.433 1928.799 1923.902 1919.004 1914.107 1909.21 1911.719 1914.565 1917.41 1920.256 1926.684 1937.77 1948.855 1959.94 1971.025 1976.932 1982.346 1987.76 1993.175 1996.776 1997.556 1998.337 1999.118 1999.898 1998.654 1997.106 1995.558 1994.01 1989.979 1981.293 1972.607 1963.921 1955.235 1945.89 1936.407 1926.924 1917.441 1912.212 1916.706 1921.201 1925.696 1930.191
1980.456 1984.863 1989.27 1993.677 1998.084 2000.0 2000.0 2000.0 2000.0 1999.962 1999.082 1998.203 1997.323 1996.443 1993.093 1987.479 1981.864 1976.249 1970.634 1962.806 1954.979 1947.151 1939.323 1932.82 1927.761 1922.701 1917.642 1912.583 1914.347 1916.422 1918.496 1920.57 1926.243 1936.595 1946.946 1957.298 1967.649 1973.872 1979.701 1985.531 1991.36 1995.349 1996.475 1997.601 1998.727 1999.853 1998.654 1997.106 1995.558 1994.01 1990.001 1981.38 1972.759 1964.138 1955.516 1946.499 1937.399 1928.299 1919.199 1914.499 1919.857 1925.215 1930.573 1935.931
1978.877 1983.64 1988.403 1993.166 1997.929 2000.0 2000.0 2000.0 2000.0 1999.965 1999.172 1998.379 1997.586 1996.792 1993.703 1988.509 1983.315 1978.121 1972.927 1965.499 1958.07 1950.642 1943.213 1936.841 1931.62 1926.399 1921.178 1915.957 1916.976 1918.279 1919.582 1920.884 1925.802 1935.42 1945.038 1954.655 1964.273 1970.811 1977.056 1983.301 1989.546 1993.923 1995.395 1996.866 1998.337 1999.808 1998.654 1997.106 1995.558 1994.01 1990.024 1981.467 1972.911 1964.354 1955.798 1947.109 1938.391 1929.674 1920.957 1916.786 1923.008 1929.229 1935.45 1941.672
1977.298 1982.417 1987.536 1992.655 1997.774 2000.0 2000.0 2000.0 2000.0 1999.969 1999.262 1998.555 1997.848 1997.141 1994.313 1989.54 1984.767 1979.993 1975.22 1968.191 1961.162 1954.133 1947.103 1940.861 1935.479 1930.096 1924.713 1919.33 1919.604 1920.136 1920.667 1921.198 1925.361 1934.245 1943.129 1952.013 1960.897 1967.751 1974.411 1981.072 1987.732 1992.497 1994.314 1996.13 1997.947 1999.763 1998.654 1997.106 1995.558 1994.01 1990.046 1981.555 1973.063 1964.571 1956.079 1947.718 1939.384 1931.049 1922.715 1919.074 1926.158 1933.243 1940.327 1947.412
1975.719 1981.194 1986.669 1992.144 1997.62 2000.0 2000.0 2000.0 2000.0 1999.973 1999.352 1998.732 1998.111 1997.49 1994.923 1990.57 1986.218 1981.866 1977.513 1970.883 1964.253 1957.623 1950.993 1944.882 1939.338 1933.793 1928.248 1922.704 1922.233 1921.993 1921.753 1921.513 1924.92 1933.071 1941.221 1949.371 1957.521 1964.691 1971.766 1978.842 1985.918 1991.071 1993.233 1995.395 1997.556 1999.718 1998.654 1997.106 1995.558 1994.01 1990.069 1981.642 1973.215 1964.788 1956.361 1948.327 1940.376 1932.425 1924.474 1921.361 1929.309 1937.257 1945.204 1953.152
1976.168 1981.542 1986.916 1992.29 1997.664 2000.0 2000.0 2000.0 2000.0 1999.974 1999.385 1998.795 1998.205 1997.615 1995.208 1991.134 1987.061 1982.987 1978.913 1972.589 1966.265 1959.94 1953.616 1947.721 1942.295 1936.87 1931.444 1926.018 1925.404 1925.01 1924.615 1924.22 1927.297 1934.887 1942.477 1950.066 1957.656 1964.694 1971.679 1978.665 1985.65 1990.776 1993.009 1995.242 1997.475 1999.709 1998.69 1997.183 1995.677 1994.171 1990.344 1982.169 1973.994 1965.819 1957.644 1950.451 1943.465 1936.479 1929.494 1927.103 1935.218 1943.332 1951.447 1959.561
1977.747 1982.765 1987.783 1992.801 1997.818 2000.0 2000.0 2000.0 2000.0 1999.974 1999.385 1998.795 1998.205 1997.615 1995.312 1991.438 1987.564 1983.69 1979.816 1973.745 1967.674 1961.604 1955.533 1949.902 1944.751 1939.601 1934.45 1929.299 1928.878 1928.672 1928.466 1928.26 1931.242 1938.368 1945.494 1952.62 1959.746 1966.403 1973.016 1979.629 1986.242 1991.11 1993.262 1995.415 1997.567 1999.719 1998.746 1997.305 1995.863 1994.421 1990.761 1982.942 1975.123 1967.304 1959.485 1953.419 1947.723 1942.026 1936.33 1934.769 1942.662 1950.556 1958.449 1966.342
1979.326 1983.988 1988.65 1993.312 1997.973 2000.0 2000.0 2000.0 2000.0 1999.974 1999.385 1998.795 1998.205 1997.615 1995.416 1991.742 1988.067 1984.393 1980.718 1974.901 1969.084 1963.267 1957.45 1952.083 1947.207 1942.332 1937.456 1932.581 1932.352 1932.335 1932.318 1932.301 1935.188 1941.85 1948.511 1955.173 1961.835 1968.113 1974.353 1980.594 1986.835 1991.444 1993.516 1995.587 1997.658 1999.73 1998.803 1997.426 1996.049 1994.672 1991.178 1983.715 1976.252 1968.789 1961.326 1956.387 1951.98 1947.573 1943.166 1942.435 1950.107 1957.779 1965.451 1973.123
1980.906 1985.211 1989.517 1993.822 1998.128 2000.0 2000.0 2000.0 2000.0 1999.974 1999.385 1998.795 1998.205 1997.615 1995.52 1992.045 1988.571 1985.096 1981.621 1976.057 1970.494 1964.93 1959.366 1954.263 1949.663 1945.063 1940.462 1935.862 1935.826 1935.998 1936.17 1936.341 1939.133 1945.331 1951.529 1957.727 1963.925 1969.822 1975.69 1981.559 1987.427 1991.778 1993.769 1995.759 1997.75 1999.74 1998.859 1997.547 1996.234 1994.922 1991.594 1984.487 1977.38 1970.273 1963.167 1959.355 1956.237 1953.12 1950.002 1950.101 1957.551 1965.002 1972.453 1979.904
1982.451 1986.408 1990.365 1994.322 1998.28 2000.0 2000.0 2000.0 2000.0 1999.974 1999.386 1998.797 1998.208 1997.619 1995.622 1992.334 1989.046 1985.758 1982.47 1977.163 1971.857 1966.55 1961.243 1956.406 1952.081 1947.756 1943.432 1939.107 1939.277 1939.651 1940.025 1940.4 1943.118 1948.883 1954.648 1960.413 1966.178 1971.683 1977.162 1982.642 1988.122 1992.197 1994.086 1995.975 1997.864 1999.754 1998.926 1997.692 1996.457 1995.222 1992.081 1985.365 1978.649 1971.933 1965.217 1962.462 1960.54 1958.619 1956.698 1957.547 1964.728 1971.909 1979.091 1986.272
1983.647 1987.335 1991.022 1994.709 1998.397 2000.0 2000.0 2000.0 2000.0 1999.975 1999.397 1998.819 1998.241 1997.663 1995.699 1992.465 1989.231 1985.997 1982.763 1977.747 1972.732 1967.717 1962.701 1958.15 1954.106 1950.062 1946.017 1941.973 1942.486 1943.205 1943.925 1944.644 1947.51 1953.168 1958.825 1964.482 1970.14 1975.122 1980.041 1984.96 1989.878 1993.489 1995.065 1996.642 1998.218 1999.794 1999.109 1998.085 1997.061 1996.036 1993.295 1987.334 1981.374 1975.413 1969.452 1967.016 1965.321 1963.626 1961.931 1962.703 1969.113 1975.523 1981.933 1988.343
1984.844 1988.261 1991.679 1995.096 1998.514 2000.0 2000.0 2000.0 2000.0 1999.975 1999.408 1998.841 1998.274 1997.706 1995.776 1992.596 1989.416 1986.236 1983.056 1978.332 1973.607 1968.883 1964.159 1959.894 1956.131 1952.367 1948.603 1944.839 1945.694 1946.759 1947.824 1948.889 1951.903 1957.453 1963.002 1968.552 1974.101 1978.562 1982.92 1987.277 1991.635 1994.781 1996.045 1997.308 1998.572 1999.835 1999.292 1998.478 1997.664 1996.85 1994.509 1989.304 1984.098 1978.893 1973.688 1971.569 1970.101 1968.633 1967.165 1967.859 1973.498 1979.136 1984.775 1990.413
1986.04 1989.188 1992.336 1995.484 1998.631 2000.0 2000.0 2000.0 2000.0 1999.976 1999.419 1998.863 1998.307 1997.75 1995.853 1992.727 1989.601 1986.474 1983.348 1978.916 1974.483 1970.05 1965.617 1961.639 1958.155 1954.672 1951.189 1947.706 1948.903 1950.313 1951.723 1953.133 1956.296 1961.738 1967.179 1972.621 1978.062 1982.002 1985.798 1989.595 1993.391 1996.074 1997.024 1997.975 1998.926 1999.876 1999.475 1998.872 1998.268 1997.664 1995.723 1991.273 1986.823 1982.373 1977.923 1976.123 1974.882 1973.64 1972.398 1973.016 1977.883 1982.75 1987.617 1992.484
1987.236 1990.114 1992.992 1995.87 1998.749 2000.0 2000.0 2000.0 2000.0 1999.976 1999.431 1998.885 1998.339 1997.794 1995.93 1992.858 1989.786 1986.713 1983.641 1979.5 1975.358 1971.217 1967.075 1963.383 1960.18 1956.978 1953.775 1950.572 1952.112 1953.867 1955.623 1957.378 1960.689 1966.023 1971.356 1976.69 1982.023 1985.441 1988.677 1991.912 1995.147 1997.366 1998.004 1998.642 1999.279 1999.917 1999.658 1999.265 1998.872 1998.479 1996.937 1993.242 1989.548 1985.853 1982.158 1980.677 1979.662 1978.647 1977.632 1978.172 1982.268 1986.363 1990.459 1994.554
1988.342 1990.953 1993.564 1996.175 1998.787 1999.932 1999.949 1999.966 1999.984 1999.978 1999.466 1998.954 1998.442 1997.93 1996.16 1993.237 1990.313 1987.39 1984.467 1980.576 1976.686 1972.796 1968.905 1965.459 1962.496 1959.534 1956.572 1953.609 1955.24 1957.079 1958.918 1960.757 1964.016 1969.121 1974.226 1979.33 1984.435 1987.513 1990.397 1993.281 1996.165 1998.101 1998.561 1999.02 1999.48 1999.94 1999.774 1999.513 1999.253 1998.992 1997.742 1994.636 1991.53 1988.424 1985.318 1984.057 1983.185 1982.313 1981.442 1981.899 1985.396 1988.892 1992.389 1995.885
1989.368 1991.715 1994.061 1996.408 1998.755 1999.804 1999.853 1999.903 1999.953 1999.98 1999.522 1999.064 1998.606 1998.148 1996.525 1993.834 1991.142 1988.451 1985.76 1982.085 1978.411 1974.736 1971.061 1967.825 1965.068 1962.311 1959.553 1956.796 1958.296 1959.989 1961.683 1963.376 1966.407 1971.178 1975.948 1980.719 1985.489 1988.385 1991.101 1993.818 1996.535 1998.346 1998.746 1999.147 1999.547 1999.948 1999.83 1999.634 1999.439 1999.243 1998.189 1995.525 1992.861 1990.198 1987.534 1986.408 1985.607 1984.805 1984.003 1984.373 1987.422 1990.471 1993.519 1996.568
1990.394 1992.476 1994.559 1996.641 1998.724 1999.676 1999.758 1999.84 1999.922 1999.982 1999.578 1999.175 1998.771 1998.367 1996.89 1994.431 1991.971 1989.512 1987.053 1983.594 1980.135 1976.676 1973.218 1970.192 1967.64 1965.088 1962.535 1959.983 1961.352 1962.9 1964.448 1965.995 1968.799 1973.235 1977.671 1982.107 1986.543 1989.256 1991.806 1994.356 1996.906 1998.591 1998.932 1999.273 1999.614 1999.955 1999.886 1999.755 1999.624 1999.494 1998.635 1996.414 1994.193 1991.971 1989.75 1988.759 1988.028 1987.296 1986.565 1986.847 1989.448 1992.049 1994.65 1997.251
1991.42 1993.238 1995.056 1996.874 1998.692 1999.548 1999.662 1999.776 1999.891 1999.985 1999.635 1999.285 1998.935 1998.585 1997.255 1995.028 1992.8 1990.573 1988.345 1985.103 1981.859 1978.617 1975.374 1972.559 1970.212 1967.864 1965.517 1963.17 1964.409 1965.811 1967.213 1968.615 1971.191 1975.292 1979.393 1983.495 1987.596 1990.128 1992.511 1994.893 1997.276 1998.836 1999.118 1999.4 1999.681 1999.963 1999.943 1999.876 1999.81 1999.744 1999.082 1997.303 1995.524 1993.745 1991.966 1991.11 1990.449 1989.787 1989.126 1989.321 1991.474 1993.627 1995.781 1997.934
1992.446 1993.999 1995.553 1997.107 1998.661 1999.42 1999.566 1999.713 1999.86 1999.987 1999.691 1999.395 1999.099 1998.803 1997.62 1995.625 1993.629 1991.634 1989.638 1986.611 1983.584 1980.557 1977.53 1974.926 1972.783 1970.641 1968.499 1966.356 1967.465 1968.721 1969.978 1971.234 1973.582 1977.349 1981.116 1984.883 1988.65 1991.0 1993.215 1995.431 1997.646 1999.081 1999.304 1999.526 1999.749 1999.971 1999.999 1999.997 1999.996 1999.995 1999.529 1998.192 1996.855 1995.519 1994.182 1993.461 1992.87 1992.279 1991.687 1991.795 1993.5 1995.206 1996.911 1998.616
1993.498 1994.814 1996.129 1997.445 1998.761 1999.417 1999.564 1999.712 1999.859 1999.989 1999.725 1999.462 1999.199 1998.936 1997.934 1996.255 1994.576 1992.897 1991.218 1988.58 1985.943 1983.306 1980.669 1978.298 1976.218 1974.138 1972.059 1969.979 1970.951 1972.062 1973.172 1974.283 1976.424 1979.904 1983.384 1986.864 1990.344 1992.372 1994.261 1996.151 1998.041 1999.261 1999.44 1999.619 1999.798 1999.977 2000.0 2000.0 2000.0 2000.0 1999.603 1998.46 1997.318 1996.176 1995.034 1994.439 1993.961 1993.482 1993.003 1993.11 1994.557 1996.005 1997.453 1998.9
1994.55 1995.629 1996.707 1997.786 1998.865 1999.417 1999.564 1999.712 1999.859 1999.99 1999.759 1999.528 1999.297 1999.067 1998.246 1996.885 1995.525 1994.164 1992.803 1990.56 1988.317 1986.073 1983.83 1981.693 1979.672 1977.652 1975.632 1973.611 1974.446 1975.411 1976.377 1977.342 1979.276 1982.47 1985.664 1988.858 1992.052 1993.754 1995.315 1996.876 1998.436 1999.439 1999.575 1999.711 1999.847 1999.982 2000.0 2000.0 2000.0 2000.0 1999.668 1998.715 1997.762 1996.808 1995.855 1995.387 1995.021 1994.656 1994.29 1994.399 1995.593 1996.787 1997.981 1999.175
1995.603 1996.444 1997.285 1998.126 1998.968 1999.417 1999.564 1999.712 1999.859 1999.991 1999.793 1999.594 1999.396 1999.198 1998.559 1997.516 1996.474 1995.431 1994.389 1992.539 1990.69 1988.84 1986.991 1985.088 1983.127 1981.166 1979.204 1977.243 1977.942 1978.761 1979.581 1980.4 1982.128 1985.036 1987.944 1990.852 1993.76 1995.137 1996.369 1997.6 1998.832 1999.617 1999.71 1999.803 1999.895 1999.988 2000.0 2000.0 2000.0 2000.0 1999.734 1998.969 1998.205 1997.44 1996.676 1996.334 1996.082 1995.83 1995.577 1995.688 1996.628 1997.569 1998.509 1999.449
1996.656 1997.26 1997.863 1998.467 1999.071 1999.417 1999.564 1999.712 1999.859 1999.993 1999.827 1999.661 1999.495 1999.328 1998.871 1998.147 1997.423 1996.699 1995.975 1994.519 1993.063 1991.607 1990.152 1988.483 1986.581 1984.679 1982.777 1980.876 1981.437 1982.111 1982.785 1983.459 1984.979 1987.602 1990.224 1992.846 1995.468 1996.52 1997.422 1998.325 1999.227 1999.796 1999.845 1999.895 1999.944 1999.994 2000.0 2000.0 2000.0 2000.0 1999.8 1999.224 1998.648 1998.073 1997.497 1997.282 1997.143 1997.004 1996.865 1996.977 1997.664 1998.35 1999.037 1999.724
1997.456 1997.884 1998.312 1998.74 1999.168 1999.435 1999.578 1999.72 1999.863 1999.994 1999.851 1999.708 1999.565 1999.422 1999.096 1998.601 1998.106 1997.611 1997.116 1996.002 1994.887 1993.773 1992.658 1991.22 1989.428 1987.635 1985.843 1984.051 1984.452 1984.953 1985.453 1985.954 1987.255 1989.596 1991.936 1994.277 1996.618 1997.443 1998.124 1998.804 1999.485 1999.908 1999.93 1999.953 1999.975 1999.997 2000.0 2000.0 2000.0 2000.0 1999.846 1999.401 1998.958 1998.513 1998.069 1997.943 1997.883 1997.823 1997.763 1997.87 1998.36 1998.851 1999.341 1999.831
1997.911 1998.248 1998.584 1998.92 1999.257 1999.477 1999.609 1999.742 1999.874 1999.994 1999.862 1999.73 1999.598 1999.466 1999.201 1998.814 1998.427 1998.04 1997.653 1996.808 1995.964 1995.119 1994.274 1993.061 1991.447 1989.833 1988.219 1986.605 1986.812 1987.103 1987.393 1987.683 1988.745 1990.811 1992.877 1994.942 1997.008 1997.74 1998.345 1998.95 1999.555 1999.93 1999.947 1999.964 1999.981 1999.998 2000.0 2000.0 2000.0 2000.0 1999.864 1999.474 1999.084 1998.694 1998.304 1998.213 1998.186 1998.158 1998.13 1998.224 1998.596 1998.968 1999.339 1999.711
1998.367 1998.611 1998.856 1999.101 1999.345 1999.52 1999.641 1999.763 1999.884 1999.995 1999.873 1999.752 1999.631 1999.51 1999.306 1999.027 1998.748 1998.469 1998.189 1997.615 1997.04 1996.465 1995.89 1994.903 1993.467 1992.031 1990.595 1989.159 1989.173 1989.252 1989.332 1989.412 1990.236 1992.026 1993.817 1995.607 1997.398 1998.037 1998.567 1999.096 1999.626 1999.953 1999.964 1999.975 1999.987 1999.999 2000.0 2000.0 2000.0 2000.0 1999.883 1999.547 1999.211 1998.875 1998.539 1998.484 1998.489 1998.493 1998.498 1998.578 1998.831 1999.084 1999.337 1999.59
1998.822 1998.975 1999.128 1999.281 1999.434 1999.563 1999.673 1999.784 1999.894 1999.995 1999.885 1999.774 1999.664 1999.553 1999.411 1999.24 1999.069 1998.897 1998.726 1998.421 1998.116 1997.811 1997.505 1996.745 1995.486 1994.228 1992.97 1991.712 1991.533 1991.402 1991.272 1991.141 1991.726 1993.242 1994.757 1996.272 1997.788 1998.334 1998.788 1999.242 1999.696 1999.975 1999.981 1999.987 1999.993 1999.999 2000.0 2000.0 2000.0 2000.0 1999.902 1999.62 1999.338 1999.055 1998.773 1998.755 1998.792 1998.829 1998.866 1998.933 1999.067 1999.201 1999.335 1999.47
