data/zism_data/00538_03_D.txt
ncols         224
nrows         224
[rows 112 to 139 of 224, columns 64 to 127 of 224]
3952.737 3943.444 3933.853 3923.79 3913.728 3903.666 3893.603 3883.229 3872.809 3862.388 3851.968 3842.157 3833.468 3824.778 3816.088 3807.399 3804.86 3803.541 3802.221 3800.902 3800.0 3800.0 3800.0 3800.0 3800.0 3800.0 3800.0 3800.0 3800.0 3800.0 3800.0 3800.0 3800.0 3800.0 3800.0 3800.0 3800.0 3800.0 3800.0 3800.0 3800.0 3800.0 3800.0 3800.023 3800.054 3800.085 3800.117 3800.4 3801.637 3802.874 3804.111 3805.348 3808.422 3812.32 3816.219 3820.116 3823.925 3827.308 3830.69 3834.073 3837.455 3838.526 3838.377 3838.228
3951.685 3942.409 3932.903 3923.035 3913.167 3903.299 3893.431 3883.294 3873.117 3862.94 3852.762 3843.135 3834.515 3825.896 3817.276 3808.657 3805.895 3804.294 3802.694 3801.094 3800.0 3800.0 3800.0 3800.0 3800.0 3800.0 3800.0 3800.0 3800.0 3800.0 3800.0 3800.0 3800.0 3800.0 3800.0 3800.0 3800.0 3800.0 3800.0 3800.0 3800.0 3800.0 3800.0 3800.121 3800.287 3800.454 3800.62 3801.127 3802.926 3804.725 3806.524 3808.323 3811.755 3815.918 3820.081 3824.243 3828.263 3831.597 3834.931 3838.264 3841.598 3842.649 3842.494 3842.34
3950.634 3941.373 3931.953 3922.28 3912.606 3902.933 3893.26 3883.359 3873.425 3863.491 3853.557 3844.112 3835.562 3827.013 3818.464 3809.915 3806.93 3805.049 3803.167 3801.286 3800.0 3800.0 3800.0 3800.0 3800.0 3800.0 3800.0 3800.0 3800.0 3800.0 3800.0 3800.0 3800.0 3800.0 3800.0 3800.0 3800.0 3800.0 3800.0 3800.0 3800.0 3800.0 3800.0 3800.219 3800.521 3800.822 3801.124 3801.855 3804.216 3806.577 3808.938 3811.299 3815.087 3819.515 3823.943 3828.37 3832.6 3835.886 3839.171 3842.456 3845.741 3846.771 3846.612 3846.452
3949.582 3940.338 3931.003 3921.524 3912.045 3902.567 3893.088 3883.425 3873.734 3864.043 3854.352 3845.088 3836.609 3828.13 3819.651 3811.173 3807.965 3805.802 3803.64 3801.478 3800.0 3800.0 3800.0 3800.0 3800.0 3800.0 3800.0 3800.0 3800.0 3800.0 3800.0 3800.0 3800.0 3800.0 3800.0 3800.0 3800.0 3800.0 3800.0 3800.0 3800.0 3800.0 3800.0 3800.317 3800.754 3801.19 3801.627 3802.583 3805.506 3808.429 3811.352 3814.275 3818.42 3823.112 3827.805 3832.497 3836.938 3840.175 3843.411 3846.648 3849.884 3850.894 3850.729 3850.564
3948.53 3939.302 3930.053 3920.769 3911.485 3902.2 3892.916 3883.49 3874.042 3864.594 3855.147 3846.065 3837.657 3829.248 3820.839 3812.43 3809.0 3806.557 3804.113 3801.67 3800.0 3800.0 3800.0 3800.0 3800.0 3800.0 3800.0 3800.0 3800.0 3800.0 3800.0 3800.0 3800.0 3800.0 3800.0 3800.0 3800.0 3800.0 3800.0 3800.0 3800.0 3800.0 3800.0 3800.416 3800.987 3801.559 3802.131 3803.31 3806.795 3810.28 3813.765 3817.251 3821.752 3826.709 3831.667 3836.624 3841.276 3844.464 3847.651 3850.839 3854.027 3855.017 3854.846 3854.676
3947.564 3938.124 3928.716 3919.358 3909.999 3900.641 3891.282 3882.039 3872.812 3863.586 3854.359 3845.496 3837.302 3829.106 3820.912 3812.717 3809.262 3806.748 3804.233 3801.719 3800.0 3800.0 3800.0 3800.0 3800.0 3800.0 3800.0 3800.0 3800.0 3800.0 3800.0 3800.0 3800.0 3800.0 3800.0 3800.0 3800.0 3800.0 3800.002 3800.009 3800.017 3800.024 3800.031 3800.673 3801.552 3802.432 3803.312 3804.856 3808.922 3812.988 3817.053 3821.119 3825.968 3831.168 3836.368 3841.568 3846.4 3849.473 3852.546 3855.619 3858.692 3859.653 3859.499 3859.345
3946.637 3936.878 3927.198 3917.639 3908.081 3898.522 3888.964 3879.878 3870.863 3861.847 3852.831 3844.204 3836.29 3828.376 3820.462 3812.548 3809.163 3806.675 3804.188 3801.7 3800.0 3800.0 3800.0 3800.0 3800.0 3800.0 3800.0 3800.0 3800.0 3800.0 3800.0 3800.0 3800.0 3800.0 3800.0 3800.0 3800.0 3800.0 3800.004 3800.023 3800.041 3800.059 3800.077 3801.004 3802.273 3803.542 3804.811 3806.786 3811.441 3816.096 3820.75 3825.405 3830.597 3836.029 3841.461 3846.894 3851.893 3854.821 3857.748 3860.675 3863.602 3864.53 3864.403 3864.276
3945.71 3935.633 3925.679 3915.921 3906.163 3896.404 3886.646 3877.718 3868.913 3860.108 3851.302 3842.911 3835.278 3827.645 3820.012 3812.38 3809.063 3806.603 3804.142 3801.682 3800.0 3800.0 3800.0 3800.0 3800.0 3800.0 3800.0 3800.0 3800.0 3800.0 3800.0 3800.0 3800.0 3800.0 3800.0 3800.0 3800.0 3800.0 3800.007 3800.036 3800.065 3800.094 3800.123 3801.336 3802.994 3804.652 3806.31 3808.716 3813.96 3819.204 3824.447 3829.691 3835.226 3840.89 3846.555 3852.22 3857.386 3860.168 3862.949 3865.73 3868.511 3869.406 3869.307 3869.207
3944.783 3934.387 3924.161 3914.203 3904.244 3894.286 3884.328 3875.557 3866.963 3858.369 3849.774 3841.618 3834.266 3826.915 3819.563 3812.211 3808.964 3806.53 3804.097 3801.663 3800.0 3800.0 3800.0 3800.0 3800.0 3800.0 3800.0 3800.0 3800.0 3800.0 3800.0 3800.0 3800.0 3800.0 3800.0 3800.0 3800.0 3800.0 3800.01 3800.05 3800.089 3800.129 3800.169 3801.667 3803.714 3805.762 3807.809 3810.646 3816.479 3822.312 3828.144 3833.977 3839.854 3845.751 3851.649 3857.546 3862.88 3865.515 3868.15 3870.786 3873.421 3874.283 3874.211 3874.138
3943.586 3932.857 3922.354 3912.205 3902.057 3891.908 3881.76 3873.142 3864.753 3856.363 3847.973 3840.056 3833.006 3825.957 3818.907 3811.857 3808.716 3806.35 3803.984 3801.617 3800.0 3800.0 3800.0 3800.0 3800.0 3800.0 3800.0 3800.0 3800.0 3800.0 3800.0 3800.0 3800.0 3800.0 3800.0 3800.0 3800.0 3800.0 3800.016 3800.081 3800.145 3800.21 3800.275 3802.076 3804.531 3806.985 3809.44 3812.711 3819.082 3825.452 3831.823 3838.193 3844.402 3850.537 3856.673 3862.809 3868.319 3870.832 3873.345 3875.857 3878.37 3879.205 3879.155 3879.105
3940.588 3929.431 3918.618 3908.346 3898.073 3887.8 3877.528 3869.035 3860.808 3852.58 3844.352 3836.696 3830.09 3823.483 3816.877 3810.271 3807.482 3805.451 3803.419 3801.388 3800.0 3800.0 3800.0 3800.0 3800.0 3800.0 3800.0 3800.0 3800.0 3800.0 3800.0 3800.0 3800.0 3800.0 3800.0 3800.0 3800.0 3800.0 3800.045 3800.229 3800.412 3800.596 3800.779 3802.998 3805.982 3808.966 3811.95 3815.682 3822.247 3828.812 3835.377 3841.942 3848.405 3854.821 3861.238 3867.655 3873.404 3875.948 3878.494 3881.039 3883.584 3884.427 3884.371 3884.316
3937.589 3926.006 3914.883 3904.486 3894.089 3883.693 3873.296 3864.928 3856.863 3848.797 3840.731 3833.337 3827.173 3821.01 3814.847 3808.683 3806.248 3804.552 3802.855 3801.159 3800.0 3800.0 3800.0 3800.0 3800.0 3800.0 3800.0 3800.0 3800.0 3800.0 3800.0 3800.0 3800.0 3800.0 3800.0 3800.0 3800.0 3800.0 3800.074 3800.376 3800.679 3800.981 3801.284 3803.92 3807.434 3810.947 3814.461 3818.652 3825.412 3832.171 3838.931 3845.69 3852.407 3859.105 3865.803 3872.501 3878.487 3881.065 3883.642 3886.22 3888.797 3889.648 3889.587 3889.526
3934.59 3922.58 3911.148 3900.627 3890.106 3879.584 3869.063 3860.821 3852.917 3845.014 3837.111 3829.977 3824.257 3818.537 3812.816 3807.096 3805.014 3803.653 3802.292 3800.93 3800.0 3800.0 3800.0 3800.0 3800.0 3800.0 3800.0 3800.0 3800.0 3800.0 3800.0 3800.0 3800.0 3800.0 3800.0 3800.0 3800.0 3800.0 3800.103 3800.524 3800.946 3801.367 3801.789 3804.842 3808.885 3812.928 3816.972 3821.623 3828.577 3835.531 3842.485 3849.439 3856.41 3863.389 3870.368 3877.347 3883.572 3886.181 3888.791 3891.401 3894.011 3894.869 3894.803 3894.737
3931.591 3919.154 3907.413 3896.768 3886.122 3875.477 3864.831 3856.714 3848.972 3841.231 3833.49 3826.617 3821.34 3816.063 3810.786 3805.509 3803.78 3802.753 3801.728 3800.701 3800.0 3800.0 3800.0 3800.0 3800.0 3800.0 3800.0 3800.0 3800.0 3800.0 3800.0 3800.0 3800.0 3800.0 3800.0 3800.0 3800.0 3800.0 3800.132 3800.672 3801.213 3801.753 3802.293 3805.764 3810.337 3814.91 3819.483 3824.593 3831.742 3838.89 3846.039 3853.188 3860.413 3867.673 3874.933 3882.193 3888.656 3891.298 3893.94 3896.583 3899.225 3900.09 3900.019 3899.948
3926.44 3914.077 3902.464 3892.029 3881.594 3871.16 3860.725 3852.785 3845.215 3837.645 3830.075 3823.489 3818.708 3813.927 3809.147 3804.366 3802.915 3802.124 3801.332 3800.541 3800.0 3800.0 3800.0 3800.0 3800.0 3800.035 3800.079 3800.123 3800.167 3800.193 3800.174 3800.155 3800.136 3800.118 3800.094 3800.069 3800.044 3800.019 3800.209 3801.066 3801.923 3802.779 3803.636 3807.621 3812.783 3817.945 3823.107 3828.741 3836.166 3843.59 3851.015 3858.44 3865.741 3872.988 3880.234 3887.481 3893.948 3896.686 3899.423 3902.161 3904.898 3905.785 3905.696 3905.606
3919.729 3907.803 3896.634 3886.653 3876.672 3866.692 3856.711 3848.984 3841.593 3834.202 3826.81 3820.528 3816.282 3812.037 3807.791 3803.545 3802.318 3801.688 3801.059 3800.43 3800.0 3800.0 3800.0 3800.0 3800.0 3800.095 3800.215 3800.334 3800.454 3800.526 3800.474 3800.423 3800.372 3800.321 3800.257 3800.188 3800.12 3800.052 3800.322 3801.638 3802.954 3804.27 3805.585 3810.156 3815.95 3821.744 3827.539 3833.743 3841.503 3849.262 3857.022 3864.782 3872.03 3879.05 3886.069 3893.089 3899.393 3902.271 3905.149 3908.027 3910.905 3911.822 3911.706 3911.589
3913.017 3901.53 3890.804 3881.277 3871.75 3862.224 3852.697 3845.184 3837.971 3830.758 3823.545 3817.567 3813.856 3810.146 3806.435 3802.724 3801.72 3801.253 3800.786 3800.319 3800.0 3800.0 3800.0 3800.0 3800.0 3800.156 3800.351 3800.546 3800.741 3800.858 3800.775 3800.691 3800.607 3800.524 3800.419 3800.307 3800.196 3800.084 3800.434 3802.209 3803.985 3805.76 3807.535 3812.69 3819.117 3825.543 3831.97 3838.745 3846.84 3854.934 3863.029 3871.124 3878.319 3885.112 3891.904 3898.697 3904.838 3907.856 3910.875 3913.893 3916.911 3917.86 3917.716 3917.573
3906.305 3895.256 3884.974 3875.901 3866.829 3857.756 3848.683 3841.384 3834.35 3827.315 3820.28 3814.606 3811.43 3808.255 3805.079 3801.903 3801.123 3800.818 3800.513 3800.208 3800.0 3800.0 3800.0 3800.0 3800.0 3800.216 3800.487 3800.758 3801.029 3801.191 3801.075 3800.959 3800.843 3800.727 3800.581 3800.427 3800.272 3800.117 3800.547 3802.781 3805.016 3807.25 3809.485 3815.225 3822.284 3829.343 3836.402 3843.746 3852.176 3860.606 3869.036 3877.466 3884.608 3891.174 3897.739 3904.305 3910.282 3913.441 3916.6 3919.759 3922.918 3923.897 3923.727 3923.556
3899.576 3888.964 3879.127 3870.51 3861.894 3853.277 3844.661 3837.584 3830.736 3823.887 3817.039 3811.674 3809.03 3806.387 3803.743 3801.1 3800.541 3800.394 3800.248 3800.102 3800.004 3800.008 3800.013 3800.018 3800.022 3800.305 3800.657 3801.01 3801.362 3801.572 3801.418 3801.263 3801.108 3800.954 3800.762 3800.559 3800.356 3800.153 3800.658 3803.35 3806.041 3808.732 3811.424 3817.74 3825.422 3833.103 3840.784 3848.69 3857.447 3866.203 3874.96 3883.717 3890.812 3897.163 3903.514 3909.865 3915.689 3918.99 3922.292 3925.594 3928.895 3929.906 3929.709 3929.511
3892.246 3882.061 3872.693 3864.612 3856.53 3848.449 3840.367 3833.764 3827.381 3820.998 3814.614 3809.704 3807.498 3805.292 3803.087 3800.881 3800.435 3800.337 3800.24 3800.142 3800.128 3800.295 3800.462 3800.629 3800.796 3801.335 3801.969 3802.602 3803.235 3803.58 3803.182 3802.784 3802.386 3801.988 3801.574 3801.155 3800.736 3800.317 3800.748 3803.807 3806.866 3809.925 3812.983 3819.613 3827.586 3835.559 3843.532 3851.68 3860.491 3869.302 3878.113 3886.924 3894.17 3900.715 3907.26 3913.806 3919.828 3923.346 3926.864 3930.382 3933.899 3934.971 3934.752 3934.533
3884.917 3875.158 3866.26 3858.713 3851.167 3843.62 3836.074 3829.945 3824.026 3818.107 3812.189 3807.734 3805.966 3804.198 3802.43 3800.662 3800.329 3800.28 3800.231 3800.182 3800.253 3800.582 3800.911 3801.24 3801.569 3802.365 3803.28 3804.194 3805.109 3805.587 3804.946 3804.305 3803.664 3803.023 3802.386 3801.751 3801.115 3800.48 3800.838 3804.264 3807.691 3811.117 3814.543 3821.486 3829.75 3838.015 3846.28 3854.67 3863.535 3872.4 3881.265 3890.13 3897.527 3904.267 3911.007 3917.747 3923.968 3927.702 3931.436 3935.17 3938.904 3940.035 3939.795 3939.554
3877.587 3868.256 3859.826 3852.814 3845.803 3838.792 3831.78 3826.125 3820.671 3815.218 3809.764 3805.764 3804.434 3803.103 3801.773 3800.443 3800.223 3800.222 3800.222 3800.222 3800.377 3800.868 3801.36 3801.851 3802.342 3803.396 3804.591 3805.786 3806.982 3807.594 3806.71 3805.826 3804.941 3804.057 3803.198 3802.346 3801.495 3800.643 3800.928 3804.722 3808.516 3812.31 3816.103 3823.358 3831.915 3840.471 3849.028 3857.661 3866.58 3875.499 3884.417 3893.336 3900.885 3907.819 3914.754 3921.688 3928.107 3932.057 3936.007 3939.958 3943.908 3945.1 3944.838 3944.576
3870.258 3861.353 3853.392 3846.916 3840.439 3833.963 3827.487 3822.305 3817.316 3812.327 3807.339 3803.794 3802.901 3802.009 3801.116 3800.224 3800.117 3800.165 3800.214 3800.262 3800.502 3801.155 3801.808 3802.462 3803.115 3804.426 3805.902 3807.379 3808.855 3809.601 3808.474 3807.346 3806.219 3805.092 3804.01 3802.942 3801.874 3800.807 3801.018 3805.179 3809.341 3813.502 3817.663 3825.23 3834.079 3842.928 3851.776 3860.651 3869.624 3878.597 3887.57 3896.543 3904.242 3911.371 3918.5 3925.629 3932.247 3936.413 3940.579 3944.746 3948.912 3950.165 3949.881 3949.597
3862.19 3853.7 3846.245 3840.42 3834.595 3828.77 3822.945 3818.432 3814.115 3809.798 3805.48 3802.475 3801.881 3801.287 3800.693 3800.098 3800.165 3800.363 3800.561 3800.759 3801.23 3802.294 3803.357 3804.421 3805.485 3806.939 3808.493 3810.046 3811.599 3812.291 3810.773 3809.255 3807.737 3806.219 3804.87 3803.573 3802.276 3800.979 3801.12 3805.698 3810.276 3814.854 3819.432 3827.33 3836.479 3845.627 3854.775 3863.892 3872.894 3881.895 3890.896 3899.897 3907.686 3914.932 3922.178 3929.424 3936.189 3940.646 3945.104 3949.561 3954.019 3955.349 3955.031 3954.713
3853.318 3845.227 3838.319 3833.272 3828.226 3823.179 3818.132 3814.501 3811.081 3807.66 3804.24 3801.867 3801.419 3800.971 3800.522 3800.074 3800.382 3800.839 3801.296 3801.753 3802.618 3804.362 3806.107 3807.851 3809.596 3811.071 3812.479 3813.886 3815.293 3815.726 3813.656 3811.587 3809.518 3807.449 3805.783 3804.243 3802.703 3801.163 3801.235 3806.283 3811.331 3816.379 3821.427 3829.678 3839.135 3848.591 3858.047 3867.408 3876.41 3885.411 3894.412 3903.413 3911.224 3918.503 3925.781 3933.06 3939.915 3944.746 3949.576 3954.406 3959.237 3960.665 3960.298 3959.93
3844.445 3836.755 3830.394 3826.125 3821.856 3817.587 3813.319 3810.57 3808.046 3805.523 3803.0 3801.26 3800.957 3800.655 3800.353 3800.05 3800.598 3801.315 3802.031 3802.748 3804.005 3806.431 3808.856 3811.281 3813.707 3815.203 3816.464 3817.726 3818.988 3819.16 3816.54 3813.919 3811.299 3808.678 3806.697 3804.913 3803.13 3801.347 3801.35 3806.868 3812.386 3817.905 3823.423 3832.026 3841.791 3851.555 3861.319 3870.924 3879.926 3888.927 3897.928 3906.929 3914.763 3922.073 3929.384 3936.695 3943.642 3948.845 3954.049 3959.252 3964.455 3965.98 3965.564 3965.148
3835.573 3828.282 3822.468 3818.977 3815.487 3811.996 3808.506 3806.638 3805.012 3803.386 3801.76 3800.652 3800.495 3800.339 3800.182 3800.026 3800.814 3801.791 3802.767 3803.743 3805.393 3808.499 3811.605 3814.712 3817.818 3819.335 3820.45 3821.566 3822.682 3822.594 3819.423 3816.251 3813.08 3809.908 3807.61 3805.583 3803.557 3801.531 3801.465 3807.453 3813.442 3819.43 3825.419 3834.375 3844.447 3854.519 3864.591 3874.44 3883.441 3892.442 3901.444 3910.445 3918.301 3925.644 3932.988 3940.331 3947.369 3952.945 3958.521 3964.097 3969.673 3971.295 3970.831 3970.366
3826.7 3819.81 3814.542 3811.83 3809.117 3806.405 3803.693 3802.707 3801.978 3801.249 3800.52 3800.044 3800.033 3800.023 3800.012 3800.002 3801.031 3802.266 3803.502 3804.737 3806.781 3810.568 3814.355 3818.142 3821.929 3823.467 3824.436 3825.406 3826.375 3826.029 3822.306 3818.583 3814.86 3811.138 3808.523 3806.254 3803.984 3801.714 3801.58 3808.039 3814.497 3820.956 3827.414 3836.723 3847.103 3857.483 3867.863 3877.956 3886.957 3895.958 3904.959 3913.961 3921.839 3929.215 3936.591 3943.966 3951.095 3957.045 3962.993 3968.942 3974.892 3976.61 3976.097 3975.584
