data/zism_data/00542_03_D.txt
ncols         224
nrows         224
[rows 112 to 139 of 224, columns 126 to 188 of 224]
3606.751 3607.03 3607.29 3607.549 3607.808 3608.096 3608.463 3608.831 3609.198 3609.565 3609.913 3610.254 3610.594 3610.935 3611.262 3611.535 3611.808 3612.081 3612.354 3612.518 3612.625 3612.731 3612.838 3612.959 3613.191 3613.424 3613.656 3613.889 3614.126 3614.368 3614.609 3614.851 3615.091 3615.296 3615.501 3615.707 3615.912 3616.092 3616.246 3616.401 3616.555 3616.71 3616.596 3616.475 3616.353 3616.232 3616.079 3615.885 3615.692 3615.499 3615.305 3615.147 3614.992 3614.838 3614.683 3614.471 3614.158 3613.844 3613.531 3613.218 3612.815 3612.394 3611.972
3606.556 3606.87 3607.172 3607.474 3607.777 3608.096 3608.463 3608.831 3609.198 3609.565 3609.921 3610.272 3610.623 3610.975 3611.318 3611.628 3611.939 3612.249 3612.56 3612.748 3612.87 3612.993 3613.115 3613.257 3613.543 3613.829 3614.115 3614.401 3614.639 3614.843 3615.047 3615.251 3615.458 3615.728 3615.998 3616.267 3616.537 3616.732 3616.854 3616.977 3617.099 3617.221 3617.154 3617.08 3617.007 3616.934 3616.804 3616.6 3616.395 3616.191 3615.987 3615.856 3615.734 3615.612 3615.489 3615.29 3614.955 3614.62 3614.286 3613.951 3613.562 3613.162 3612.762
3606.36 3606.709 3607.055 3607.4 3607.745 3608.096 3608.463 3608.831 3609.198 3609.565 3609.929 3610.291 3610.653 3611.015 3611.374 3611.722 3612.07 3612.418 3612.766 3612.977 3613.115 3613.254 3613.393 3613.555 3613.894 3614.234 3614.574 3614.914 3615.153 3615.319 3615.485 3615.652 3615.825 3616.16 3616.494 3616.828 3617.162 3617.372 3617.462 3617.552 3617.643 3617.733 3617.711 3617.686 3617.661 3617.636 3617.529 3617.314 3617.099 3616.884 3616.669 3616.566 3616.476 3616.386 3616.296 3616.109 3615.753 3615.396 3615.04 3614.684 3614.309 3613.931 3613.552
3606.154 3606.521 3606.888 3607.256 3607.623 3607.992 3608.368 3608.743 3609.118 3609.493 3609.863 3610.23 3610.597 3610.965 3611.335 3611.718 3612.101 3612.484 3612.867 3613.111 3613.281 3613.451 3613.622 3613.814 3614.182 3614.55 3614.917 3615.284 3615.533 3615.696 3615.858 3616.02 3616.192 3616.575 3616.958 3617.341 3617.724 3617.954 3618.035 3618.116 3618.198 3618.279 3618.281 3618.281 3618.281 3618.281 3618.192 3617.987 3617.782 3617.577 3617.372 3617.292 3617.227 3617.161 3617.095 3616.926 3616.574 3616.222 3615.87 3615.518 3615.153 3614.786 3614.419
3605.936 3606.302 3606.669 3607.037 3607.404 3607.778 3608.169 3608.56 3608.951 3609.343 3609.717 3610.084 3610.452 3610.819 3611.196 3611.611 3612.026 3612.441 3612.856 3613.142 3613.361 3613.579 3613.798 3614.033 3614.401 3614.768 3615.136 3615.503 3615.771 3615.965 3616.16 3616.354 3616.558 3616.974 3617.389 3617.804 3618.219 3618.473 3618.57 3618.667 3618.765 3618.862 3618.865 3618.865 3618.865 3618.865 3618.79 3618.617 3618.444 3618.271 3618.098 3618.036 3617.987 3617.937 3617.887 3617.74 3617.42 3617.1 3616.781 3616.461 3616.102 3615.734 3615.367
3605.719 3606.083 3606.451 3606.818 3607.185 3607.563 3607.97 3608.378 3608.785 3609.192 3609.571 3609.938 3610.306 3610.673 3611.056 3611.503 3611.95 3612.397 3612.844 3613.174 3613.441 3613.707 3613.974 3614.252 3614.62 3614.987 3615.355 3615.722 3616.008 3616.235 3616.461 3616.688 3616.925 3617.372 3617.819 3618.266 3618.714 3618.991 3619.105 3619.218 3619.332 3619.445 3619.448 3619.448 3619.448 3619.448 3619.387 3619.247 3619.106 3618.965 3618.825 3618.78 3618.747 3618.713 3618.679 3618.554 3618.266 3617.979 3617.691 3617.404 3617.05 3616.683 3616.315
3605.501 3605.864 3606.232 3606.599 3606.967 3607.348 3607.772 3608.195 3608.619 3609.042 3609.425 3609.792 3610.16 3610.527 3610.916 3611.395 3611.875 3612.354 3612.833 3613.205 3613.52 3613.835 3614.15 3614.471 3614.839 3615.206 3615.573 3615.941 3616.246 3616.504 3616.763 3617.022 3617.291 3617.77 3618.25 3618.729 3619.208 3619.51 3619.64 3619.769 3619.899 3620.028 3620.032 3620.032 3620.032 3620.032 3619.985 3619.876 3619.768 3619.659 3619.551 3619.524 3619.507 3619.489 3619.472 3619.368 3619.113 3618.857 3618.602 3618.346 3617.998 3617.631 3617.263
3605.283 3605.646 3606.013 3606.38 3606.748 3607.134 3607.573 3608.013 3608.452 3608.892 3609.279 3609.646 3610.014 3610.381 3610.776 3611.287 3611.799 3612.311 3612.822 3613.237 3613.6 3613.963 3614.326 3614.69 3615.057 3615.425 3615.792 3616.16 3616.483 3616.774 3617.065 3617.356 3617.657 3618.168 3618.68 3619.192 3619.703 3620.029 3620.175 3620.32 3620.466 3620.611 3620.615 3620.615 3620.615 3620.615 3620.582 3620.506 3620.43 3620.353 3620.277 3620.268 3620.267 3620.265 3620.264 3620.182 3619.959 3619.736 3619.512 3619.289 3618.947 3618.579 3618.212
3605.0 3605.36 3605.728 3606.095 3606.462 3606.845 3607.271 3607.697 3608.124 3608.55 3608.951 3609.343 3609.735 3610.127 3610.543 3611.062 3611.581 3612.101 3612.62 3613.065 3613.472 3613.878 3614.285 3614.693 3615.109 3615.525 3615.942 3616.358 3616.72 3617.044 3617.367 3617.69 3618.022 3618.552 3619.081 3619.61 3620.139 3620.489 3620.665 3620.841 3621.018 3621.194 3621.213 3621.228 3621.243 3621.257 3621.24 3621.181 3621.123 3621.064 3621.005 3620.999 3620.999 3620.999 3620.999 3620.935 3620.759 3620.582 3620.406 3620.229 3619.915 3619.572 3619.229
3604.71 3605.068 3605.436 3605.803 3606.17 3606.549 3606.959 3607.369 3607.779 3608.189 3608.606 3609.024 3609.443 3609.862 3610.301 3610.825 3611.35 3611.875 3612.399 3612.875 3613.324 3613.773 3614.223 3614.675 3615.145 3615.615 3616.084 3616.554 3616.958 3617.313 3617.669 3618.024 3618.388 3618.933 3619.478 3620.023 3620.568 3620.943 3621.151 3621.36 3621.568 3621.777 3621.813 3621.843 3621.874 3621.905 3621.904 3621.861 3621.818 3621.775 3621.733 3621.729 3621.729 3621.729 3621.729 3621.682 3621.554 3621.426 3621.297 3621.169 3620.886 3620.57 3620.253
3604.42 3604.776 3605.144 3605.511 3605.878 3606.253 3606.647 3607.041 3607.435 3607.829 3608.26 3608.706 3609.152 3609.597 3610.058 3610.588 3611.118 3611.648 3612.178 3612.684 3613.176 3613.668 3614.16 3614.656 3615.18 3615.704 3616.227 3616.751 3617.196 3617.583 3617.971 3618.358 3618.753 3619.315 3619.876 3620.437 3620.998 3621.397 3621.637 3621.878 3622.119 3622.359 3622.412 3622.459 3622.506 3622.552 3622.567 3622.541 3622.514 3622.487 3622.461 3622.458 3622.458 3622.458 3622.458 3622.429 3622.349 3622.269 3622.189 3622.109 3621.856 3621.567 3621.278
3604.131 3604.485 3604.852 3605.219 3605.587 3605.957 3606.335 3606.713 3607.091 3607.469 3607.915 3608.387 3608.86 3609.332 3609.816 3610.352 3610.887 3611.422 3611.958 3612.493 3613.028 3613.563 3614.098 3614.638 3615.216 3615.793 3616.37 3616.947 3617.433 3617.853 3618.272 3618.692 3619.119 3619.696 3620.273 3620.851 3621.428 3621.851 3622.124 3622.396 3622.669 3622.942 3623.011 3623.074 3623.137 3623.2 3623.231 3623.22 3623.21 3623.199 3623.188 3623.188 3623.188 3623.188 3623.188 3623.176 3623.144 3623.113 3623.081 3623.049 3622.827 3622.564 3622.302
3603.815 3604.168 3604.535 3604.903 3605.27 3605.64 3606.019 3606.397 3606.775 3607.154 3607.615 3608.106 3608.598 3609.09 3609.59 3610.127 3610.664 3611.201 3611.738 3612.301 3612.877 3613.453 3614.029 3614.611 3615.232 3615.854 3616.476 3617.097 3617.627 3618.09 3618.553 3619.016 3619.484 3620.072 3620.66 3621.248 3621.835 3622.277 3622.576 3622.876 3623.176 3623.475 3623.56 3623.639 3623.718 3623.797 3623.849 3623.866 3623.882 3623.899 3623.915 3623.932 3623.948 3623.965 3623.981 3623.992 3623.992 3623.992 3623.992 3623.992 3623.805 3623.578 3623.352
3603.45 3603.803 3604.17 3604.538 3604.905 3605.284 3605.694 3606.105 3606.516 3606.926 3607.4 3607.897 3608.394 3608.891 3609.395 3609.926 3610.458 3610.99 3611.521 3612.106 3612.72 3613.334 3613.948 3614.565 3615.214 3615.862 3616.51 3617.159 3617.737 3618.264 3618.792 3619.319 3619.849 3620.437 3621.024 3621.612 3622.2 3622.65 3622.966 3623.281 3623.597 3623.912 3624.014 3624.109 3624.204 3624.299 3624.381 3624.446 3624.51 3624.575 3624.64 3624.705 3624.77 3624.834 3624.899 3624.94 3624.94 3624.94 3624.94 3624.94 3624.798 3624.625 3624.452
3603.086 3603.438 3603.806 3604.173 3604.541 3604.927 3605.37 3605.813 3606.256 3606.698 3607.185 3607.687 3608.189 3608.692 3609.199 3609.725 3610.251 3610.778 3611.304 3611.912 3612.563 3613.215 3613.866 3614.52 3615.195 3615.87 3616.545 3617.221 3617.847 3618.439 3619.031 3619.622 3620.214 3620.802 3621.389 3621.977 3622.565 3623.023 3623.354 3623.686 3624.018 3624.349 3624.467 3624.578 3624.689 3624.8 3624.912 3625.025 3625.138 3625.251 3625.365 3625.478 3625.591 3625.704 3625.817 3625.889 3625.889 3625.889 3625.889 3625.889 3625.79 3625.671 3625.552
3602.721 3603.073 3603.441 3603.808 3604.176 3604.571 3605.046 3605.521 3605.996 3606.471 3606.97 3607.478 3607.985 3608.493 3609.003 3609.524 3610.045 3610.566 3611.087 3611.718 3612.406 3613.095 3613.784 3614.474 3615.176 3615.878 3616.58 3617.282 3617.958 3618.614 3619.27 3619.925 3620.578 3621.166 3621.754 3622.342 3622.93 3623.396 3623.743 3624.091 3624.439 3624.787 3624.92 3625.048 3625.175 3625.302 3625.444 3625.605 3625.767 3625.928 3626.089 3626.25 3626.412 3626.573 3626.734 3626.837 3626.837 3626.837 3626.837 3626.837 3626.783 3626.717 3626.651
3602.356 3602.709 3603.076 3603.444 3603.811 3604.215 3604.722 3605.229 3605.736 3606.243 3606.755 3607.268 3607.781 3608.294 3608.808 3609.323 3609.839 3610.355 3610.87 3611.523 3612.25 3612.976 3613.702 3614.429 3615.157 3615.886 3616.615 3617.344 3618.068 3618.788 3619.508 3620.229 3620.943 3621.531 3622.119 3622.707 3623.294 3623.769 3624.132 3624.496 3624.86 3625.224 3625.374 3625.517 3625.66 3625.803 3625.976 3626.185 3626.395 3626.604 3626.814 3627.023 3627.233 3627.442 3627.652 3627.785 3627.785 3627.785 3627.785 3627.785 3627.775 3627.763 3627.751
3601.961 3602.313 3602.689 3603.064 3603.44 3603.86 3604.403 3604.946 3605.49 3606.033 3606.58 3607.127 3607.675 3608.222 3608.771 3609.322 3609.874 3610.426 3610.978 3611.643 3612.37 3613.096 3613.823 3614.55 3615.28 3616.011 3616.742 3617.473 3618.206 3618.94 3619.675 3620.41 3621.138 3621.718 3622.297 3622.877 3623.456 3623.943 3624.339 3624.736 3625.132 3625.529 3625.735 3625.936 3626.137 3626.338 3626.555 3626.792 3627.029 3627.266 3627.503 3627.743 3627.985 3628.226 3628.467 3628.639 3628.689 3628.739 3628.788 3628.838 3628.847 3628.847 3628.847
3601.556 3601.908 3602.295 3602.681 3603.067 3603.505 3604.085 3604.667 3605.247 3605.828 3606.416 3607.007 3607.597 3608.188 3608.78 3609.38 3609.98 3610.58 3611.179 3611.855 3612.571 3613.287 3614.002 3614.719 3615.445 3616.17 3616.895 3617.621 3618.352 3619.086 3619.821 3620.556 3621.283 3621.852 3622.421 3622.99 3623.559 3624.059 3624.493 3624.927 3625.361 3625.795 3626.071 3626.341 3626.612 3626.882 3627.147 3627.406 3627.665 3627.923 3628.181 3628.448 3628.716 3628.984 3629.252 3629.465 3629.579 3629.693 3629.807 3629.921 3629.941 3629.941 3629.941
3601.151 3601.503 3601.901 3602.298 3602.695 3603.15 3603.768 3604.386 3605.005 3605.623 3606.253 3606.886 3607.519 3608.153 3608.789 3609.437 3610.085 3610.733 3611.382 3612.067 3612.772 3613.477 3614.182 3614.889 3615.609 3616.329 3617.049 3617.769 3618.498 3619.232 3619.967 3620.702 3621.429 3621.987 3622.545 3623.103 3623.661 3624.176 3624.647 3625.119 3625.59 3626.062 3626.406 3626.746 3627.086 3627.426 3627.74 3628.02 3628.3 3628.58 3628.86 3629.153 3629.448 3629.743 3630.038 3630.29 3630.469 3630.647 3630.826 3631.004 3631.035 3631.035 3631.035
3600.747 3601.099 3601.506 3601.914 3602.322 3602.795 3603.451 3604.107 3604.762 3605.418 3606.089 3606.765 3607.442 3608.118 3608.798 3609.494 3610.191 3610.887 3611.584 3612.279 3612.973 3613.667 3614.362 3615.059 3615.773 3616.488 3617.202 3617.917 3618.643 3619.378 3620.113 3620.848 3621.574 3622.122 3622.669 3623.217 3623.764 3624.292 3624.801 3625.31 3625.819 3626.328 3626.741 3627.151 3627.561 3627.97 3628.333 3628.635 3628.936 3629.237 3629.539 3629.858 3630.18 3630.501 3630.823 3631.116 3631.359 3631.602 3631.844 3632.087 3632.129 3632.129 3632.129
3600.406 3600.75 3601.157 3601.565 3601.973 3602.455 3603.15 3603.844 3604.539 3605.233 3605.942 3606.657 3607.372 3608.087 3608.805 3609.54 3610.275 3611.01 3611.744 3612.455 3613.153 3613.851 3614.549 3615.248 3615.96 3616.671 3617.383 3618.094 3618.819 3619.554 3620.289 3621.023 3621.75 3622.291 3622.832 3623.373 3623.914 3624.457 3625.001 3625.546 3626.09 3626.634 3627.107 3627.578 3628.049 3628.52 3628.925 3629.246 3629.566 3629.887 3630.208 3630.55 3630.896 3631.24 3631.586 3631.914 3632.214 3632.513 3632.813 3633.112 3633.174 3633.186 3633.198
3600.313 3600.618 3600.983 3601.348 3601.712 3602.174 3602.912 3603.649 3604.387 3605.124 3605.861 3606.597 3607.333 3608.069 3608.805 3609.54 3610.275 3611.01 3611.744 3612.494 3613.25 3614.007 3614.764 3615.516 3616.233 3616.95 3617.667 3618.384 3619.111 3619.846 3620.58 3621.315 3622.042 3622.594 3623.146 3623.697 3624.249 3624.811 3625.382 3625.953 3626.524 3627.095 3627.595 3628.093 3628.591 3629.088 3629.513 3629.845 3630.176 3630.508 3630.839 3631.192 3631.548 3631.904 3632.26 3632.605 3632.931 3633.257 3633.583 3633.91 3634.025 3634.096 3634.167
3600.22 3600.487 3600.809 3601.13 3601.452 3601.894 3602.674 3603.454 3604.235 3605.015 3605.779 3606.537 3607.294 3608.052 3608.805 3609.54 3610.275 3611.01 3611.744 3612.532 3613.348 3614.164 3614.979 3615.784 3616.507 3617.229 3617.951 3618.673 3619.403 3620.137 3620.872 3621.607 3622.334 3622.897 3623.459 3624.022 3624.584 3625.165 3625.763 3626.361 3626.959 3627.557 3628.083 3628.608 3629.132 3629.657 3630.102 3630.444 3630.786 3631.128 3631.47 3631.834 3632.201 3632.567 3632.934 3633.295 3633.648 3634.001 3634.354 3634.708 3634.876 3635.006 3635.136
3600.127 3600.355 3600.634 3600.913 3601.192 3601.613 3602.436 3603.26 3604.083 3604.906 3605.697 3606.476 3607.255 3608.034 3608.805 3609.54 3610.275 3611.01 3611.744 3612.571 3613.445 3614.32 3615.195 3616.052 3616.78 3617.508 3618.235 3618.963 3619.694 3620.429 3621.164 3621.899 3622.626 3623.2 3623.773 3624.346 3624.919 3625.519 3626.144 3626.768 3627.393 3628.018 3628.572 3629.123 3629.674 3630.225 3630.69 3631.043 3631.396 3631.749 3632.101 3632.476 3632.853 3633.23 3633.608 3633.986 3634.366 3634.746 3635.125 3635.505 3635.728 3635.917 3636.105
3600.034 3600.224 3600.46 3600.696 3600.932 3601.333 3602.198 3603.065 3603.931 3604.797 3605.615 3606.416 3607.217 3608.017 3608.805 3609.54 3610.275 3611.01 3611.744 3612.609 3613.543 3614.476 3615.41 3616.321 3617.053 3617.786 3618.519 3619.252 3619.986 3620.721 3621.456 3622.191 3622.919 3623.503 3624.087 3624.671 3625.255 3625.873 3626.524 3627.176 3627.828 3628.479 3629.06 3629.637 3630.216 3630.794 3631.279 3631.642 3632.005 3632.369 3632.732 3633.118 3633.506 3633.894 3634.282 3634.677 3635.083 3635.49 3635.896 3636.303 3636.579 3636.827 3637.074
3600.0 3600.2 3600.451 3600.702 3600.953 3601.364 3602.225 3603.086 3603.948 3604.809 3605.625 3606.423 3607.221 3608.019 3608.805 3609.54 3610.275 3611.01 3611.744 3612.623 3613.578 3614.533 3615.489 3616.418 3617.153 3617.888 3618.623 3619.358 3620.093 3620.828 3621.562 3622.297 3623.026 3623.635 3624.243 3624.851 3625.459 3626.1 3626.771 3627.443 3628.115 3628.786 3629.396 3630.005 3630.613 3631.221 3631.725 3632.092 3632.459 3632.827 3633.194 3633.608 3634.027 3634.447 3634.866 3635.292 3635.733 3636.173 3636.613 3637.053 3637.381 3637.684 3637.988
3600.0 3600.239 3600.538 3600.837 3601.136 3601.574 3602.403 3603.232 3604.062 3604.891 3605.686 3606.468 3607.25 3608.032 3608.805 3609.54 3610.275 3611.01 3611.744 3612.623 3613.578 3614.533 3615.489 3616.418 3617.153 3617.888 3618.623 3619.358 3620.093 3620.828 3621.562 3622.297 3623.028 3623.668 3624.309 3624.949 3625.59 3626.254 3626.942 3627.629 3628.317 3629.005 3629.646 3630.287 3630.927 3631.568 3632.09 3632.457 3632.824 3633.192 3633.559 3634.011 3634.474 3634.936 3635.398 3635.865 3636.343 3636.821 3637.299 3637.776 3638.155 3638.511 3638.869
