data/zism_data/00548_02_D.txt
ncols         224
nrows         224
[rows 196 to 223 of 224, columns 126 to 188 of 224]
1494.55 1494.255 1493.961 1493.667 1493.398 1493.264 1493.131 1492.997 1492.864 1492.722 1492.574 1492.427 1492.28 1492.133 1491.991 1491.848 1491.705 1491.563 1491.415 1491.263 1491.111 1490.96 1490.813 1490.786 1490.759 1490.731 1490.704 1490.707 1490.739 1490.771 1490.803 1490.835 1491.048 1491.264 1491.481 1491.697 1491.884 1492.035 1492.187 1492.339 1492.491 1492.813 1493.15 1493.486 1493.822 1494.171 1494.539 1494.907 1495.275 1495.643 1495.846 1496.025 1496.204 1496.384 1496.616 1496.952 1497.288 1497.625 1497.961 1498.144 1498.291 1498.438 1498.585
1494.841 1494.55 1494.258 1493.967 1493.698 1493.546 1493.394 1493.242 1493.09 1492.941 1492.794 1492.646 1492.499 1492.352 1492.203 1492.054 1491.905 1491.756 1491.609 1491.464 1491.318 1491.173 1491.034 1491.034 1491.034 1491.034 1491.034 1491.034 1491.036 1491.038 1491.039 1491.041 1491.255 1491.471 1491.688 1491.905 1492.093 1492.248 1492.402 1492.557 1492.711 1493.059 1493.422 1493.786 1494.149 1494.513 1494.878 1495.244 1495.609 1495.975 1496.157 1496.311 1496.466 1496.621 1496.845 1497.206 1497.567 1497.927 1498.288 1498.475 1498.622 1498.77 1498.917
1495.123 1494.854 1494.584 1494.315 1494.059 1493.874 1493.69 1493.505 1493.321 1493.16 1493.013 1492.866 1492.718 1492.57 1492.41 1492.251 1492.091 1491.932 1491.786 1491.651 1491.516 1491.382 1491.253 1491.253 1491.253 1491.253 1491.253 1491.259 1491.272 1491.284 1491.296 1491.309 1491.496 1491.686 1491.876 1492.065 1492.261 1492.464 1492.667 1492.87 1493.073 1493.395 1493.726 1494.056 1494.387 1494.725 1495.075 1495.424 1495.774 1496.123 1496.345 1496.548 1496.751 1496.954 1497.194 1497.506 1497.819 1498.131 1498.443 1498.621 1498.769 1498.916 1499.063
1495.406 1495.158 1494.91 1494.662 1494.419 1494.202 1493.985 1493.769 1493.552 1493.379 1493.232 1493.085 1492.938 1492.788 1492.618 1492.447 1492.277 1492.107 1491.963 1491.839 1491.715 1491.591 1491.472 1491.472 1491.472 1491.472 1491.472 1491.484 1491.507 1491.53 1491.553 1491.577 1491.737 1491.9 1492.063 1492.226 1492.429 1492.681 1492.932 1493.184 1493.435 1493.73 1494.029 1494.327 1494.626 1494.938 1495.271 1495.605 1495.938 1496.271 1496.533 1496.785 1497.036 1497.287 1497.543 1497.807 1498.071 1498.334 1498.598 1498.767 1498.915 1499.062 1499.209
1495.689 1495.462 1495.236 1495.009 1494.779 1494.53 1494.281 1494.032 1493.783 1493.598 1493.451 1493.304 1493.157 1493.006 1492.825 1492.644 1492.463 1492.282 1492.139 1492.026 1491.913 1491.8 1491.691 1491.691 1491.691 1491.691 1491.691 1491.709 1491.743 1491.776 1491.81 1491.844 1491.979 1492.115 1492.251 1492.387 1492.598 1492.897 1493.197 1493.497 1493.797 1494.066 1494.332 1494.598 1494.864 1495.151 1495.468 1495.785 1496.102 1496.419 1496.721 1497.021 1497.321 1497.621 1497.892 1498.107 1498.323 1498.538 1498.754 1498.914 1499.061 1499.208 1499.355
1495.972 1495.766 1495.561 1495.356 1495.139 1494.858 1494.577 1494.296 1494.014 1493.818 1493.67 1493.523 1493.376 1493.224 1493.032 1492.84 1492.649 1492.457 1492.316 1492.214 1492.111 1492.008 1491.91 1491.91 1491.91 1491.91 1491.91 1491.933 1491.978 1492.023 1492.067 1492.112 1492.22 1492.329 1492.438 1492.548 1492.766 1493.114 1493.462 1493.81 1494.159 1494.401 1494.635 1494.869 1495.103 1495.364 1495.665 1495.966 1496.267 1496.568 1496.91 1497.258 1497.606 1497.954 1498.241 1498.408 1498.575 1498.742 1498.909 1499.06 1499.207 1499.354 1499.501
1496.263 1496.051 1495.839 1495.627 1495.404 1495.122 1494.84 1494.559 1494.277 1494.07 1493.907 1493.744 1493.581 1493.414 1493.218 1493.022 1492.825 1492.629 1492.493 1492.401 1492.309 1492.217 1492.13 1492.13 1492.13 1492.13 1492.13 1492.156 1492.209 1492.261 1492.313 1492.365 1492.469 1492.574 1492.678 1492.783 1492.994 1493.334 1493.673 1494.012 1494.352 1494.59 1494.82 1495.051 1495.281 1495.533 1495.818 1496.103 1496.388 1496.673 1497.03 1497.398 1497.766 1498.134 1498.427 1498.574 1498.721 1498.868 1499.016 1499.163 1499.31 1499.457 1499.604
1496.562 1496.323 1496.083 1495.844 1495.602 1495.342 1495.082 1494.821 1494.561 1494.345 1494.155 1493.965 1493.775 1493.585 1493.388 1493.192 1492.996 1492.8 1492.669 1492.588 1492.507 1492.426 1492.349 1492.349 1492.349 1492.349 1492.349 1492.378 1492.436 1492.494 1492.551 1492.609 1492.723 1492.839 1492.954 1493.069 1493.265 1493.556 1493.846 1494.137 1494.428 1494.678 1494.925 1495.171 1495.418 1495.673 1495.942 1496.21 1496.479 1496.748 1497.103 1497.471 1497.839 1498.207 1498.5 1498.647 1498.794 1498.941 1499.089 1499.236 1499.383 1499.53 1499.677
1496.86 1496.594 1496.328 1496.062 1495.8 1495.562 1495.323 1495.084 1494.846 1494.621 1494.404 1494.187 1493.97 1493.755 1493.559 1493.363 1493.166 1492.97 1492.846 1492.776 1492.705 1492.635 1492.568 1492.568 1492.568 1492.568 1492.568 1492.6 1492.663 1492.726 1492.789 1492.852 1492.978 1493.104 1493.229 1493.355 1493.535 1493.777 1494.02 1494.262 1494.505 1494.766 1495.029 1495.292 1495.554 1495.813 1496.065 1496.318 1496.57 1496.823 1497.176 1497.544 1497.912 1498.28 1498.573 1498.72 1498.867 1499.014 1499.162 1499.309 1499.456 1499.603 1499.75
1497.158 1496.865 1496.572 1496.279 1495.999 1495.781 1495.564 1495.347 1495.13 1494.896 1494.652 1494.408 1494.165 1493.926 1493.729 1493.533 1493.337 1493.141 1493.023 1492.963 1492.904 1492.844 1492.787 1492.787 1492.787 1492.787 1492.787 1492.822 1492.891 1492.959 1493.028 1493.096 1493.232 1493.368 1493.505 1493.642 1493.805 1493.999 1494.193 1494.387 1494.582 1494.854 1495.133 1495.412 1495.691 1495.952 1496.189 1496.425 1496.662 1496.898 1497.249 1497.617 1497.985 1498.353 1498.646 1498.793 1498.94 1499.088 1499.235 1499.382 1499.529 1499.676 1499.823
1497.452 1497.133 1496.814 1496.495 1496.196 1496.0 1495.803 1495.607 1495.41 1495.168 1494.898 1494.629 1494.359 1494.097 1493.9 1493.704 1493.508 1493.311 1493.199 1493.151 1493.102 1493.053 1493.006 1493.006 1493.006 1493.006 1493.006 1493.044 1493.118 1493.192 1493.265 1493.339 1493.485 1493.632 1493.779 1493.926 1494.073 1494.219 1494.366 1494.512 1494.658 1494.942 1495.236 1495.531 1495.825 1496.09 1496.31 1496.531 1496.751 1496.971 1497.32 1497.688 1498.056 1498.424 1498.717 1498.863 1499.01 1499.157 1499.304 1499.451 1499.599 1499.746 1499.894
1497.601 1497.288 1496.975 1496.661 1496.366 1496.164 1495.962 1495.76 1495.558 1495.321 1495.062 1494.803 1494.544 1494.291 1494.089 1493.888 1493.686 1493.484 1493.376 1493.338 1493.3 1493.262 1493.226 1493.226 1493.226 1493.226 1493.226 1493.263 1493.337 1493.411 1493.484 1493.558 1493.704 1493.851 1493.998 1494.146 1494.278 1494.392 1494.506 1494.62 1494.734 1495.015 1495.309 1495.604 1495.898 1496.157 1496.361 1496.565 1496.769 1496.973 1497.32 1497.688 1498.056 1498.424 1498.711 1498.842 1498.972 1499.103 1499.234 1499.391 1499.555 1499.719 1499.882
1497.751 1497.443 1497.135 1496.827 1496.535 1496.328 1496.121 1495.914 1495.706 1495.474 1495.225 1494.977 1494.729 1494.485 1494.278 1494.071 1493.864 1493.657 1493.553 1493.525 1493.498 1493.471 1493.445 1493.445 1493.445 1493.445 1493.445 1493.483 1493.556 1493.63 1493.703 1493.777 1493.923 1494.07 1494.218 1494.365 1494.482 1494.564 1494.646 1494.727 1494.809 1495.088 1495.382 1495.677 1495.971 1496.223 1496.411 1496.599 1496.787 1496.975 1497.32 1497.688 1498.056 1498.424 1498.706 1498.82 1498.935 1499.049 1499.164 1499.331 1499.511 1499.691 1499.871
1497.901 1497.598 1497.296 1496.993 1496.705 1496.492 1496.28 1496.067 1495.855 1495.626 1495.389 1495.152 1494.915 1494.68 1494.467 1494.255 1494.042 1493.83 1493.729 1493.713 1493.696 1493.68 1493.664 1493.664 1493.664 1493.664 1493.664 1493.702 1493.776 1493.849 1493.923 1493.996 1494.142 1494.29 1494.437 1494.584 1494.687 1494.736 1494.786 1494.835 1494.884 1495.161 1495.455 1495.75 1496.044 1496.29 1496.462 1496.634 1496.806 1496.978 1497.32 1497.688 1498.056 1498.424 1498.7 1498.798 1498.897 1498.995 1499.094 1499.271 1499.467 1499.663 1499.859
1498.051 1497.754 1497.456 1497.159 1496.874 1496.656 1496.439 1496.221 1496.003 1495.779 1495.553 1495.326 1495.1 1494.874 1494.656 1494.438 1494.22 1494.002 1493.906 1493.9 1493.894 1493.889 1493.883 1493.883 1493.883 1493.883 1493.883 1493.921 1493.995 1494.068 1494.142 1494.215 1494.362 1494.509 1494.656 1494.803 1494.891 1494.908 1494.925 1494.943 1494.96 1495.234 1495.529 1495.823 1496.117 1496.357 1496.512 1496.668 1496.824 1496.98 1497.32 1497.688 1498.056 1498.424 1498.695 1498.777 1498.859 1498.941 1499.023 1499.211 1499.423 1499.636 1499.848
1498.141 1497.862 1497.582 1497.303 1497.033 1496.812 1496.591 1496.371 1496.15 1495.931 1495.712 1495.494 1495.276 1495.059 1494.853 1494.647 1494.442 1494.236 1494.142 1494.132 1494.122 1494.112 1494.102 1494.102 1494.102 1494.102 1494.102 1494.144 1494.225 1494.306 1494.388 1494.469 1494.608 1494.747 1494.887 1495.026 1495.107 1495.117 1495.127 1495.137 1495.147 1495.405 1495.682 1495.958 1496.235 1496.463 1496.618 1496.773 1496.927 1497.082 1497.403 1497.748 1498.094 1498.439 1498.692 1498.765 1498.839 1498.912 1498.986 1499.167 1499.373 1499.578 1499.784
1498.163 1497.916 1497.669 1497.422 1497.179 1496.958 1496.738 1496.517 1496.296 1496.08 1495.867 1495.654 1495.441 1495.233 1495.059 1494.886 1494.712 1494.539 1494.446 1494.415 1494.383 1494.352 1494.322 1494.322 1494.322 1494.322 1494.322 1494.372 1494.469 1494.566 1494.663 1494.761 1494.884 1495.007 1495.131 1495.255 1495.336 1495.368 1495.399 1495.431 1495.462 1495.686 1495.926 1496.165 1496.404 1496.616 1496.787 1496.958 1497.128 1497.299 1497.58 1497.877 1498.174 1498.471 1498.692 1498.765 1498.839 1498.912 1498.986 1499.141 1499.314 1499.488 1499.661
1498.186 1497.971 1497.756 1497.541 1497.325 1497.104 1496.884 1496.663 1496.442 1496.23 1496.022 1495.815 1495.607 1495.406 1495.265 1495.124 1494.983 1494.841 1494.751 1494.698 1494.645 1494.592 1494.541 1494.541 1494.541 1494.541 1494.541 1494.599 1494.713 1494.826 1494.939 1495.053 1495.16 1495.268 1495.375 1495.482 1495.565 1495.618 1495.671 1495.724 1495.777 1495.968 1496.17 1496.371 1496.573 1496.768 1496.955 1497.142 1497.329 1497.516 1497.757 1498.005 1498.254 1498.503 1498.692 1498.765 1498.839 1498.912 1498.986 1499.115 1499.256 1499.397 1499.538
1498.208 1498.025 1497.843 1497.66 1497.471 1497.251 1497.03 1496.809 1496.588 1496.379 1496.177 1495.975 1495.773 1495.58 1495.471 1495.362 1495.253 1495.144 1495.055 1494.98 1494.906 1494.831 1494.76 1494.76 1494.76 1494.76 1494.76 1494.827 1494.956 1495.086 1495.215 1495.345 1495.437 1495.528 1495.619 1495.71 1495.794 1495.869 1495.943 1496.018 1496.092 1496.25 1496.414 1496.578 1496.741 1496.921 1497.124 1497.327 1497.53 1497.734 1497.934 1498.134 1498.334 1498.535 1498.692 1498.765 1498.839 1498.912 1498.986 1499.088 1499.197 1499.306 1499.415
1498.23 1498.08 1497.929 1497.779 1497.618 1497.397 1497.176 1496.955 1496.734 1496.529 1496.332 1496.135 1495.938 1495.754 1495.677 1495.6 1495.524 1495.447 1495.359 1495.263 1495.167 1495.071 1494.979 1494.979 1494.979 1494.979 1494.979 1495.054 1495.2 1495.345 1495.491 1495.637 1495.713 1495.788 1495.863 1495.938 1496.023 1496.119 1496.215 1496.311 1496.407 1496.531 1496.658 1496.784 1496.91 1497.073 1497.293 1497.512 1497.731 1497.951 1498.111 1498.263 1498.415 1498.567 1498.692 1498.765 1498.839 1498.912 1498.986 1499.062 1499.139 1499.216 1499.292
1498.31 1498.148 1497.986 1497.825 1497.655 1497.444 1497.233 1497.022 1496.811 1496.609 1496.413 1496.216 1496.02 1495.837 1495.774 1495.71 1495.646 1495.582 1495.51 1495.431 1495.352 1495.274 1495.198 1495.198 1495.198 1495.198 1495.198 1495.267 1495.399 1495.532 1495.664 1495.797 1495.886 1495.974 1496.062 1496.151 1496.241 1496.334 1496.427 1496.521 1496.614 1496.744 1496.876 1497.008 1497.141 1497.295 1497.482 1497.668 1497.855 1498.042 1498.194 1498.341 1498.489 1498.636 1498.753 1498.812 1498.871 1498.93 1498.989 1499.048 1499.107 1499.166 1499.225
1498.396 1498.219 1498.041 1497.863 1497.681 1497.481 1497.281 1497.08 1496.88 1496.682 1496.486 1496.29 1496.093 1495.911 1495.858 1495.805 1495.752 1495.699 1495.644 1495.587 1495.529 1495.472 1495.418 1495.418 1495.418 1495.418 1495.418 1495.478 1495.594 1495.71 1495.827 1495.943 1496.048 1496.152 1496.257 1496.361 1496.458 1496.546 1496.633 1496.721 1496.809 1496.948 1497.092 1497.235 1497.378 1497.523 1497.672 1497.822 1497.971 1498.12 1498.267 1498.414 1498.562 1498.709 1498.82 1498.863 1498.906 1498.949 1498.992 1499.035 1499.078 1499.12 1499.163
1498.483 1498.289 1498.095 1497.901 1497.707 1497.518 1497.328 1497.139 1496.949 1496.755 1496.559 1496.363 1496.166 1495.986 1495.943 1495.901 1495.859 1495.816 1495.778 1495.742 1495.707 1495.671 1495.637 1495.637 1495.637 1495.637 1495.637 1495.688 1495.789 1495.889 1495.989 1496.09 1496.21 1496.33 1496.451 1496.571 1496.674 1496.757 1496.839 1496.922 1497.005 1497.153 1497.307 1497.461 1497.615 1497.752 1497.863 1497.975 1498.086 1498.198 1498.34 1498.487 1498.635 1498.782 1498.888 1498.915 1498.942 1498.968 1498.995 1499.022 1499.048 1499.075 1499.102
1498.569 1498.359 1498.149 1497.938 1497.733 1497.554 1497.376 1497.197 1497.018 1496.828 1496.632 1496.436 1496.24 1496.06 1496.028 1495.997 1495.965 1495.933 1495.912 1495.898 1495.884 1495.87 1495.856 1495.856 1495.856 1495.856 1495.856 1495.899 1495.984 1496.068 1496.152 1496.236 1496.372 1496.509 1496.645 1496.782 1496.891 1496.968 1497.046 1497.123 1497.2 1497.358 1497.523 1497.687 1497.852 1497.98 1498.054 1498.128 1498.202 1498.276 1498.413 1498.561 1498.708 1498.855 1498.956 1498.966 1498.977 1498.987 1498.998 1499.009 1499.019 1499.03 1499.04
1498.6 1498.39 1498.18 1497.971 1497.766 1497.591 1497.416 1497.24 1497.065 1496.886 1496.704 1496.523 1496.341 1496.176 1496.153 1496.13 1496.108 1496.085 1496.075 1496.075 1496.075 1496.075 1496.075 1496.075 1496.075 1496.075 1496.075 1496.113 1496.187 1496.26 1496.334 1496.407 1496.554 1496.701 1496.848 1496.995 1497.111 1497.19 1497.27 1497.349 1497.428 1497.586 1497.75 1497.915 1498.079 1498.196 1498.241 1498.287 1498.332 1498.378 1498.502 1498.638 1498.774 1498.91 1499.0 1499.0 1499.0 1499.0 1499.0 1499.0 1499.0 1499.0 1499.0
1498.525 1498.347 1498.17 1497.992 1497.813 1497.627 1497.441 1497.255 1497.069 1496.913 1496.774 1496.636 1496.497 1496.371 1496.354 1496.336 1496.319 1496.302 1496.294 1496.294 1496.294 1496.294 1496.294 1496.294 1496.294 1496.294 1496.294 1496.332 1496.406 1496.479 1496.553 1496.627 1496.773 1496.92 1497.067 1497.214 1497.338 1497.433 1497.528 1497.624 1497.719 1497.858 1498.001 1498.144 1498.287 1498.387 1498.421 1498.456 1498.49 1498.525 1498.62 1498.724 1498.828 1498.932 1499.0 1499.0 1499.0 1499.0 1499.0 1499.0 1499.0 1499.0 1499.0
1498.45 1498.304 1498.159 1498.014 1497.86 1497.664 1497.467 1497.27 1497.073 1496.94 1496.844 1496.749 1496.653 1496.566 1496.554 1496.543 1496.531 1496.519 1496.514 1496.514 1496.514 1496.514 1496.514 1496.514 1496.514 1496.514 1496.514 1496.552 1496.625 1496.699 1496.772 1496.846 1496.992 1497.139 1497.286 1497.434 1497.564 1497.676 1497.787 1497.899 1498.01 1498.131 1498.252 1498.373 1498.495 1498.577 1498.601 1498.625 1498.649 1498.673 1498.738 1498.81 1498.881 1498.953 1499.0 1499.0 1499.0 1499.0 1499.0 1499.0 1499.0 1499.0 1499.0
1498.374 1498.261 1498.148 1498.036 1497.907 1497.7 1497.492 1497.284 1497.077 1496.967 1496.915 1496.862 1496.81 1496.762 1496.755 1496.749 1496.742 1496.736 1496.733 1496.733 1496.733 1496.733 1496.733 1496.733 1496.733 1496.733 1496.733 1496.771 1496.844 1496.918 1496.991 1497.065 1497.211 1497.358 1497.506 1497.653 1497.791 1497.919 1498.046 1498.174 1498.301 1498.403 1498.503 1498.603 1498.702 1498.768 1498.781 1498.794 1498.807 1498.82 1498.856 1498.895 1498.935 1498.974 1499.0 1499.0 1499.0 1499.0 1499.0 1499.0 1499.0 1499.0 1499.0
