data/zism_data/00540_04_D.txt
ncols         224
nrows         224
[rows 28 to 55 of 224, columns 128 to 191 of 224]
1888.806 1888.768 1888.73 1889.778 1891.146 1892.513 1893.881 1895.271 1896.758 1898.245 1899.732 1901.219 1903.152 1905.392 1907.632 1909.872 1912.112 1914.703 1917.294 1919.885 1922.477 1925.25 1928.284 1931.318 1934.352 1937.386 1940.755 1944.197 1947.638 1951.08 1954.746 1959.157 1963.568 1967.979 1972.391 1976.547 1980.563 1984.578 1988.593 1992.472 1993.877 1995.283 1996.689 1998.094 1998.301 1997.112 1995.922 1994.733 1993.544 1991.6 1989.546 1987.492 1985.437 1983.817 1983.301 1982.784 1982.268 1981.752 1982.827 1984.609 1986.391 1988.173 1989.936 1991.532
1889.666 1889.484 1889.302 1890.226 1891.476 1892.727 1893.977 1895.245 1896.588 1897.931 1899.274 1900.617 1902.519 1904.807 1907.095 1909.383 1911.671 1914.359 1917.046 1919.733 1922.42 1925.305 1928.473 1931.64 1934.807 1937.975 1941.354 1944.78 1948.205 1951.631 1955.287 1959.709 1964.131 1968.553 1972.975 1977.101 1981.063 1985.024 1988.986 1992.816 1994.248 1995.681 1997.113 1998.546 1998.927 1998.084 1997.242 1996.4 1995.557 1993.704 1991.703 1989.702 1987.701 1986.016 1985.131 1984.246 1983.362 1982.478 1983.28 1984.833 1986.386 1987.938 1989.5 1991.138
1890.534 1890.242 1889.951 1890.772 1891.922 1893.072 1894.222 1895.383 1896.59 1897.797 1899.003 1900.21 1902.047 1904.317 1906.587 1908.857 1911.128 1913.93 1916.731 1919.533 1922.335 1925.344 1928.65 1931.956 1935.262 1938.568 1941.984 1945.424 1948.864 1952.303 1955.964 1960.357 1964.75 1969.144 1973.536 1977.618 1981.527 1985.435 1989.343 1993.123 1994.569 1996.015 1997.461 1998.907 1999.423 1998.858 1998.293 1997.728 1997.163 1995.411 1993.486 1991.561 1989.636 1987.926 1986.766 1985.605 1984.444 1983.283 1983.872 1985.239 1986.606 1987.972 1989.368 1991.023
1891.428 1891.131 1890.833 1891.617 1892.719 1893.821 1894.923 1896.024 1897.118 1898.213 1899.308 1900.403 1902.064 1904.115 1906.167 1908.218 1910.271 1913.244 1916.216 1919.188 1922.161 1925.334 1928.795 1932.256 1935.717 1939.178 1942.709 1946.255 1949.802 1953.348 1957.056 1961.3 1965.544 1969.787 1974.031 1978.025 1981.88 1985.735 1989.59 1993.318 1994.737 1996.156 1997.576 1998.995 1999.527 1999.025 1998.524 1998.023 1997.522 1995.904 1994.123 1992.342 1990.561 1988.956 1987.801 1986.646 1985.49 1984.335 1984.889 1986.202 1987.515 1988.828 1990.17 1991.76
1892.321 1892.019 1891.716 1892.461 1893.515 1894.569 1895.623 1896.664 1897.647 1898.63 1899.613 1900.596 1902.082 1903.914 1905.746 1907.579 1909.414 1912.557 1915.701 1918.844 1921.987 1925.325 1928.94 1932.556 1936.171 1939.787 1943.433 1947.087 1950.74 1954.393 1958.148 1962.243 1966.337 1970.431 1974.525 1978.432 1982.233 1986.035 1989.836 1993.512 1994.905 1996.298 1997.69 1999.083 1999.63 1999.193 1998.755 1998.318 1997.881 1996.397 1994.76 1993.123 1991.486 1989.987 1988.837 1987.687 1986.537 1985.387 1985.905 1987.165 1988.425 1989.685 1990.972 1992.498
1893.215 1892.907 1892.599 1893.306 1894.312 1895.318 1896.324 1897.305 1898.176 1899.047 1899.918 1900.788 1902.099 1903.713 1905.326 1906.94 1908.557 1911.871 1915.185 1918.499 1921.813 1925.315 1929.085 1932.855 1936.626 1940.396 1944.158 1947.918 1951.678 1955.438 1959.24 1963.185 1967.13 1971.075 1975.02 1978.838 1982.586 1986.335 1990.083 1993.707 1995.073 1996.439 1997.805 1999.171 1999.733 1999.36 1998.987 1998.614 1998.24 1996.891 1995.397 1993.905 1992.411 1991.017 1989.872 1988.728 1987.583 1986.438 1986.921 1988.128 1989.334 1990.541 1991.774 1993.236
1894.109 1893.796 1893.482 1894.151 1895.109 1896.067 1897.025 1897.946 1898.705 1899.464 1900.222 1900.981 1902.116 1903.511 1904.906 1906.301 1907.7 1911.185 1914.67 1918.154 1921.639 1925.305 1929.23 1933.155 1937.08 1941.005 1944.882 1948.749 1952.616 1956.482 1960.332 1964.128 1967.923 1971.719 1975.514 1979.245 1982.94 1986.635 1990.329 1993.902 1995.241 1996.58 1997.919 1999.258 1999.836 1999.527 1999.218 1998.909 1998.6 1997.384 1996.035 1994.686 1993.337 1992.047 1990.908 1989.768 1988.629 1987.49 1987.937 1989.091 1990.244 1991.397 1992.575 1993.974
1894.762 1894.497 1894.232 1894.912 1895.871 1896.83 1897.789 1898.763 1899.8 1900.837 1901.874 1902.911 1904.239 1905.767 1907.296 1908.824 1910.357 1913.838 1917.319 1920.8 1924.281 1927.956 1931.907 1935.858 1939.809 1943.76 1947.564 1951.337 1955.109 1958.882 1962.646 1966.383 1970.12 1973.857 1977.594 1981.121 1984.531 1987.941 1991.352 1994.646 1995.826 1997.006 1998.186 1999.365 1999.887 1999.642 1999.397 1999.152 1998.907 1997.712 1996.378 1995.045 1993.711 1992.394 1991.12 1989.846 1988.572 1987.297 1987.735 1988.933 1990.131 1991.33 1992.553 1993.998
1895.318 1895.122 1894.926 1895.638 1896.619 1897.6 1898.58 1899.651 1901.125 1902.6 1904.074 1905.549 1907.22 1909.026 1910.832 1912.638 1914.447 1917.854 1921.26 1924.667 1928.073 1931.693 1935.617 1939.541 1943.466 1947.39 1951.045 1954.641 1958.237 1961.834 1965.458 1969.173 1972.889 1976.604 1980.32 1983.596 1986.628 1989.659 1992.691 1995.615 1996.581 1997.547 1998.514 1999.48 1999.916 1999.735 1999.554 1999.373 1999.192 1997.974 1996.602 1995.231 1993.86 1992.462 1990.996 1989.53 1988.063 1986.597 1987.034 1988.318 1989.602 1990.886 1992.195 1993.73
1895.874 1895.747 1895.621 1896.365 1897.367 1898.369 1899.371 1900.539 1902.451 1904.363 1906.275 1908.187 1910.201 1912.284 1914.368 1916.452 1918.538 1921.87 1925.201 1928.533 1931.865 1935.43 1939.327 1943.225 1947.122 1951.02 1954.525 1957.945 1961.366 1964.786 1968.27 1971.964 1975.658 1979.352 1983.047 1986.072 1988.724 1991.377 1994.03 1996.583 1997.336 1998.089 1998.842 1999.595 1999.946 1999.829 1999.712 1999.595 1999.478 1998.235 1996.826 1995.418 1994.01 1992.531 1990.872 1989.214 1987.555 1985.897 1986.334 1987.703 1989.073 1990.442 1991.837 1993.463
1896.43 1896.373 1896.315 1897.092 1898.115 1899.139 1900.162 1901.427 1903.776 1906.126 1908.476 1910.826 1913.182 1915.543 1917.904 1920.265 1922.628 1925.885 1929.142 1932.399 1935.656 1939.166 1943.037 1946.908 1950.779 1954.65 1958.006 1961.25 1964.494 1967.738 1971.082 1974.755 1978.427 1982.1 1985.773 1988.548 1990.821 1993.095 1995.369 1997.552 1998.091 1998.631 1999.17 1999.71 1999.976 1999.923 1999.87 1999.817 1999.764 1998.496 1997.05 1995.605 1994.159 1992.599 1990.748 1988.898 1987.047 1985.197 1985.634 1987.089 1988.543 1989.998 1991.479 1993.195
1896.944 1896.944 1896.944 1897.76 1898.817 1899.874 1900.93 1902.308 1905.13 1907.951 1910.773 1913.595 1916.313 1918.96 1921.607 1924.254 1926.902 1930.089 1933.276 1936.463 1939.65 1943.111 1946.962 1950.814 1954.666 1958.517 1961.716 1964.774 1967.832 1970.89 1974.067 1977.637 1981.208 1984.779 1988.35 1990.849 1992.751 1994.654 1996.556 1998.377 1998.735 1999.093 1999.45 1999.808 2000.0 2000.0 2000.0 2000.0 2000.0 1998.674 1997.154 1995.634 1994.113 1992.439 1990.373 1988.307 1986.241 1984.176 1984.624 1986.191 1987.758 1989.325 1990.92 1992.765
1897.263 1897.263 1897.263 1898.149 1899.296 1900.443 1901.591 1903.159 1906.615 1910.072 1913.528 1916.985 1920.155 1923.128 1926.1 1929.073 1932.046 1935.184 1938.323 1941.462 1944.601 1948.04 1951.908 1955.776 1959.643 1963.511 1966.52 1969.343 1972.166 1974.989 1977.873 1980.958 1984.043 1987.128 1990.214 1992.323 1993.889 1995.455 1997.021 1998.523 1998.848 1999.174 1999.499 1999.825 2000.0 2000.0 2000.0 2000.0 2000.0 1998.455 1996.684 1994.913 1993.142 1991.196 1988.805 1986.413 1984.022 1981.63 1982.145 1983.952 1985.759 1987.566 1989.409 1991.563
1897.581 1897.581 1897.581 1898.537 1899.775 1901.013 1902.251 1904.009 1908.101 1912.192 1916.284 1920.375 1923.997 1927.295 1930.593 1933.891 1937.189 1940.28 1943.371 1946.462 1949.553 1952.97 1956.854 1960.738 1964.621 1968.505 1971.324 1973.912 1976.5 1979.088 1981.679 1984.279 1986.878 1989.478 1992.077 1993.797 1995.027 1996.257 1997.487 1998.668 1998.962 1999.255 1999.549 1999.842 2000.0 2000.0 2000.0 2000.0 2000.0 1998.237 1996.215 1994.193 1992.171 1989.953 1987.236 1984.519 1981.802 1979.085 1979.666 1981.713 1983.76 1985.807 1987.897 1990.361
1897.9 1897.9 1897.9 1898.925 1900.254 1901.583 1902.912 1904.859 1909.586 1914.313 1919.039 1923.766 1927.839 1931.463 1935.087 1938.71 1942.333 1945.375 1948.418 1951.461 1954.504 1957.9 1961.8 1965.699 1969.599 1973.499 1976.127 1978.481 1980.834 1983.188 1985.485 1987.599 1989.713 1991.827 1993.941 1995.271 1996.165 1997.059 1997.953 1998.813 1999.075 1999.336 1999.598 1999.859 2000.0 2000.0 2000.0 2000.0 2000.0 1998.018 1995.745 1993.473 1991.2 1988.71 1985.668 1982.625 1979.583 1976.54 1977.187 1979.474 1981.762 1984.049 1986.386 1989.16
1898.218 1898.218 1898.218 1899.314 1900.733 1902.153 1903.573 1905.71 1911.071 1916.433 1921.795 1927.156 1931.682 1935.631 1939.58 1943.529 1947.476 1950.471 1953.466 1956.461 1959.455 1962.83 1966.745 1970.661 1974.577 1978.493 1980.931 1983.05 1985.168 1987.287 1989.292 1990.92 1992.548 1994.177 1995.805 1996.746 1997.303 1997.861 1998.418 1998.959 1999.188 1999.418 1999.647 1999.877 2000.0 2000.0 2000.0 2000.0 2000.0 1997.799 1995.276 1992.752 1990.229 1987.467 1984.099 1980.731 1977.363 1973.995 1974.708 1977.235 1979.763 1982.29 1984.874 1987.958
1898.434 1898.417 1898.4 1899.53 1901.0 1902.469 1903.939 1906.205 1912.052 1917.899 1923.746 1929.593 1934.603 1939.038 1943.472 1947.907 1952.339 1955.337 1958.334 1961.332 1964.33 1967.615 1971.308 1975.002 1978.695 1982.389 1984.566 1986.416 1988.266 1990.116 1991.824 1993.066 1994.307 1995.549 1996.79 1997.451 1997.788 1998.125 1998.462 1998.788 1998.925 1999.061 1999.197 1999.333 1999.4 1999.387 1999.373 1999.359 1999.346 1996.892 1994.08 1991.268 1988.457 1985.364 1981.554 1977.745 1973.936 1970.127 1970.955 1973.845 1976.735 1979.625 1982.581 1986.117
1898.591 1898.547 1898.504 1899.649 1901.145 1902.641 1904.137 1906.498 1912.745 1918.992 1925.24 1931.487 1937.002 1942.013 1947.024 1952.035 1957.042 1960.071 1963.101 1966.131 1969.161 1972.317 1975.653 1978.989 1982.325 1985.661 1987.538 1989.1 1990.661 1992.223 1993.634 1994.544 1995.455 1996.365 1997.276 1997.719 1997.901 1998.083 1998.266 1998.439 1998.447 1998.455 1998.463 1998.471 1998.46 1998.425 1998.39 1998.355 1998.32 1995.593 1992.472 1989.351 1986.23 1982.771 1978.455 1974.139 1969.823 1965.506 1966.478 1969.8 1973.122 1976.445 1979.843 1983.912
1898.749 1898.678 1898.608 1899.767 1901.29 1902.813 1904.336 1906.792 1913.439 1920.086 1926.734 1933.381 1939.401 1944.988 1950.575 1956.162 1961.745 1964.806 1967.868 1970.93 1973.992 1977.019 1979.998 1982.976 1985.955 1988.933 1990.51 1991.783 1993.057 1994.33 1995.443 1996.022 1996.602 1997.182 1997.762 1997.987 1998.014 1998.042 1998.069 1998.089 1997.969 1997.849 1997.729 1997.609 1997.519 1997.463 1997.406 1997.35 1997.294 1994.294 1990.864 1987.433 1984.003 1980.179 1975.356 1970.533 1965.709 1960.886 1962.001 1965.755 1969.51 1973.264 1977.106 1981.708
1898.906 1898.809 1898.712 1899.886 1901.435 1902.985 1904.534 1907.085 1914.132 1921.18 1928.227 1935.275 1941.799 1947.963 1954.126 1960.29 1966.447 1969.541 1972.635 1975.729 1978.823 1981.722 1984.343 1986.964 1989.585 1992.206 1993.482 1994.467 1995.452 1996.438 1997.252 1997.501 1997.75 1997.999 1998.247 1998.255 1998.128 1998.0 1997.873 1997.74 1997.492 1997.244 1996.996 1996.748 1996.578 1996.501 1996.423 1996.345 1996.268 1992.996 1989.256 1985.516 1981.775 1977.587 1972.256 1966.926 1961.596 1956.266 1957.524 1961.711 1965.897 1970.084 1974.368 1979.504
1899.05 1898.93 1898.81 1900.004 1901.586 1903.168 1904.75 1907.401 1914.851 1922.301 1929.751 1937.201 1944.208 1950.911 1957.613 1964.316 1971.011 1974.124 1977.236 1980.348 1983.46 1986.22 1988.477 1990.734 1992.991 1995.248 1996.234 1996.945 1997.656 1998.368 1998.902 1998.851 1998.801 1998.75 1998.7 1998.478 1998.162 1997.845 1997.528 1997.205 1996.765 1996.324 1995.884 1995.443 1995.151 1995.031 1994.911 1994.791 1994.671 1991.144 1987.118 1983.092 1979.066 1974.542 1968.749 1962.955 1957.162 1951.369 1952.792 1957.423 1962.053 1966.684 1971.421 1977.09
1899.075 1898.966 1898.857 1900.119 1901.786 1903.454 1905.122 1907.918 1915.79 1923.662 1931.533 1939.405 1946.707 1953.618 1960.529 1967.439 1974.342 1977.353 1980.364 1983.375 1986.386 1988.912 1990.748 1992.583 1994.419 1996.254 1997.042 1997.604 1998.166 1998.727 1999.142 1999.07 1998.998 1998.926 1998.854 1998.307 1997.494 1996.681 1995.868 1995.035 1993.831 1992.627 1991.423 1990.22 1989.411 1989.061 1988.712 1988.362 1988.013 1984.391 1980.291 1976.19 1972.09 1967.491 1961.623 1955.755 1949.887 1944.019 1945.799 1950.98 1956.16 1961.341 1966.625 1972.817
1899.1 1899.002 1898.903 1900.234 1901.987 1903.74 1905.493 1908.436 1916.729 1925.022 1933.316 1941.609 1949.207 1956.325 1963.444 1970.563 1977.674 1980.583 1983.493 1986.402 1989.312 1991.605 1993.018 1994.432 1995.846 1997.26 1997.85 1998.262 1998.675 1999.087 1999.382 1999.289 1999.195 1999.102 1999.009 1998.135 1996.826 1995.516 1994.207 1992.864 1990.897 1988.93 1986.963 1984.996 1983.671 1983.092 1982.513 1981.934 1981.355 1977.639 1973.464 1969.289 1965.113 1960.439 1954.497 1948.554 1942.612 1936.669 1938.807 1944.537 1950.267 1955.997 1961.828 1968.543
1899.126 1899.038 1898.95 1900.349 1902.187 1904.025 1905.864 1908.954 1917.669 1926.383 1935.098 1943.813 1951.706 1959.033 1966.36 1973.687 1981.005 1983.813 1986.621 1989.429 1992.237 1994.297 1995.289 1996.281 1997.273 1998.266 1998.658 1998.921 1999.184 1999.447 1999.622 1999.507 1999.393 1999.278 1999.163 1997.963 1996.158 1994.352 1992.547 1990.693 1987.963 1985.233 1982.503 1979.773 1977.931 1977.122 1976.314 1975.505 1974.697 1970.887 1966.637 1962.387 1958.137 1953.388 1947.371 1941.354 1935.336 1929.319 1931.814 1938.094 1944.374 1950.654 1957.032 1964.27
1899.151 1899.074 1898.996 1900.464 1902.387 1904.311 1906.235 1909.471 1918.608 1927.744 1936.88 1946.017 1954.205 1961.74 1969.275 1976.81 1984.336 1987.042 1989.749 1992.456 1995.163 1996.989 1997.56 1998.13 1998.701 1999.271 1999.466 1999.58 1999.693 1999.806 1999.862 1999.726 1999.59 1999.454 1999.318 1997.791 1995.49 1993.188 1990.886 1988.522 1985.029 1981.536 1978.043 1974.549 1972.191 1971.153 1970.115 1969.077 1968.039 1964.134 1959.81 1955.485 1951.161 1946.337 1940.245 1934.153 1928.061 1921.969 1924.822 1931.651 1938.481 1945.31 1952.235 1959.996
1899.162 1899.089 1899.017 1900.598 1902.667 1904.736 1906.806 1910.242 1919.821 1929.4 1938.979 1948.558 1956.916 1964.433 1971.95 1979.467 1986.974 1989.432 1991.889 1994.347 1996.804 1998.389 1998.728 1999.067 1999.406 1999.745 1999.84 1999.883 1999.925 1999.967 1999.97 1999.843 1999.716 1999.589 1999.462 1997.67 1994.95 1992.231 1989.511 1986.707 1982.363 1978.019 1973.675 1969.332 1966.192 1964.454 1962.716 1960.978 1959.24 1955.463 1951.386 1947.309 1943.233 1938.76 1933.281 1927.802 1922.323 1916.844 1919.911 1926.778 1933.644 1940.51 1947.482 1955.38
1899.162 1899.089 1899.017 1900.746 1903.007 1905.269 1907.53 1911.207 1921.245 1931.283 1941.321 1951.359 1959.791 1967.116 1974.441 1981.766 1989.08 1991.175 1993.269 1995.364 1997.459 1998.795 1999.048 1999.302 1999.556 1999.809 1999.88 1999.912 1999.944 1999.976 1999.978 1999.883 1999.788 1999.693 1999.597 1997.587 1994.51 1991.433 1988.356 1985.165 1979.903 1974.642 1969.38 1964.118 1959.994 1957.194 1954.395 1951.595 1948.795 1945.314 1941.734 1938.153 1934.573 1930.779 1926.442 1922.105 1917.768 1913.431 1916.602 1923.111 1929.62 1936.129 1942.763 1950.501
1899.162 1899.089 1899.017 1900.894 1903.348 1905.801 1908.255 1912.173 1922.67 1933.166 1943.663 1954.16 1962.665 1969.798 1976.931 1984.064 1991.186 1992.917 1994.649 1996.381 1998.113 1999.2 1999.369 1999.537 1999.705 1999.874 1999.921 1999.942 1999.963 1999.984 1999.985 1999.922 1999.859 1999.796 1999.733 1997.505 1994.07 1990.636 1987.201 1983.623 1977.444 1971.264 1965.084 1958.905 1953.797 1949.935 1946.073 1942.211 1938.349 1935.166 1932.082 1928.998 1925.913 1922.798 1919.603 1916.408 1913.213 1910.018 1913.293 1919.444 1925.596 1931.747 1938.044 1945.622
