data/zism_data/00543_01_D.txt
ncols         224
nrows         224
[rows 84 to 111 of 224, columns 128 to 191 of 224]
3706.87 3707.639 3708.408 3709.15 3709.817 3710.483 3711.15 3711.816 3712.692 3713.647 3714.603 3715.558 3716.472 3717.207 3717.941 3718.676 3719.411 3720.146 3720.881 3721.615 3722.35 3723.073 3723.706 3724.338 3724.971 3725.603 3726.265 3726.949 3727.633 3728.316 3728.998 3729.63 3730.263 3730.895 3731.528 3732.025 3732.393 3732.76 3733.128 3733.495 3733.999 3734.507 3735.015 3735.522 3736.1 3736.768 3737.436 3738.104 3738.771 3739.352 3739.923 3740.494 3741.064 3741.666 3742.322 3742.979 3743.635 3744.291 3744.975 3745.665 3746.355 3747.045 3747.714 3748.329
3706.938 3707.718 3708.498 3709.242 3709.887 3710.532 3711.177 3711.823 3712.692 3713.647 3714.603 3715.558 3716.472 3717.207 3717.941 3718.676 3719.411 3720.146 3720.881 3721.615 3722.35 3723.07 3723.67 3724.27 3724.87 3725.47 3726.109 3726.776 3727.444 3728.111 3728.776 3729.376 3729.976 3730.576 3731.176 3731.658 3732.025 3732.393 3732.76 3733.128 3733.584 3734.043 3734.503 3734.962 3735.533 3736.25 3736.966 3737.683 3738.399 3738.98 3739.545 3740.111 3740.676 3741.282 3741.96 3742.637 3743.315 3743.993 3744.708 3745.43 3746.153 3746.875 3747.556 3748.134
3707.041 3707.808 3708.575 3709.306 3709.936 3710.566 3711.196 3711.826 3712.685 3713.63 3714.575 3715.52 3716.421 3717.133 3717.844 3718.555 3719.267 3719.989 3720.717 3721.445 3722.173 3722.883 3723.454 3724.025 3724.596 3725.167 3725.781 3726.425 3727.07 3727.714 3728.356 3728.937 3729.518 3730.099 3730.681 3731.169 3731.566 3731.964 3732.362 3732.76 3733.219 3733.68 3734.141 3734.602 3735.173 3735.888 3736.603 3737.317 3738.032 3738.62 3739.193 3739.767 3740.34 3740.954 3741.64 3742.326 3743.012 3743.698 3744.424 3745.159 3745.894 3746.628 3747.32 3747.907
3707.164 3707.904 3708.644 3709.352 3709.971 3710.591 3711.21 3711.829 3712.673 3713.602 3714.531 3715.46 3716.341 3717.014 3717.688 3718.361 3719.035 3719.737 3720.454 3721.172 3721.889 3722.586 3723.13 3723.674 3724.218 3724.762 3725.349 3725.966 3726.584 3727.201 3727.817 3728.387 3728.958 3729.528 3730.098 3730.605 3731.052 3731.498 3731.944 3732.391 3732.883 3733.376 3733.87 3734.363 3734.939 3735.621 3736.303 3736.986 3737.668 3738.267 3738.856 3739.446 3740.036 3740.66 3741.346 3742.032 3742.718 3743.404 3744.13 3744.865 3745.6 3746.334 3747.037 3747.662
3707.287 3708.0 3708.713 3709.398 3710.007 3710.615 3711.224 3711.833 3712.661 3713.574 3714.487 3715.4 3716.26 3716.896 3717.532 3718.167 3718.803 3719.485 3720.191 3720.898 3721.604 3722.289 3722.806 3723.323 3723.84 3724.357 3724.917 3725.507 3726.098 3726.688 3727.277 3727.837 3728.396 3728.956 3729.516 3730.042 3730.537 3731.032 3731.527 3732.022 3732.547 3733.073 3733.599 3734.125 3734.704 3735.354 3736.004 3736.654 3737.304 3737.914 3738.52 3739.125 3739.731 3740.366 3741.052 3741.738 3742.424 3743.11 3743.836 3744.571 3745.306 3746.041 3746.754 3747.417
3707.41 3708.096 3708.782 3709.445 3710.042 3710.64 3711.238 3711.835 3712.65 3713.546 3714.443 3715.339 3716.18 3716.778 3717.375 3717.973 3718.571 3719.233 3719.929 3720.624 3721.32 3721.992 3722.482 3722.972 3723.462 3723.952 3724.484 3725.048 3725.612 3726.175 3726.738 3727.287 3727.835 3728.384 3728.933 3729.479 3730.023 3730.566 3731.11 3731.653 3732.211 3732.769 3733.327 3733.886 3734.47 3735.087 3735.705 3736.322 3736.939 3737.561 3738.183 3738.805 3739.427 3740.072 3740.758 3741.444 3742.13 3742.816 3743.542 3744.277 3745.012 3745.747 3746.471 3747.172
3707.509 3708.17 3708.832 3709.475 3710.065 3710.656 3711.247 3711.837 3712.634 3713.509 3714.383 3715.258 3716.074 3716.64 3717.205 3717.77 3718.336 3718.978 3719.662 3720.346 3721.03 3721.688 3722.152 3722.615 3723.079 3723.542 3724.048 3724.585 3725.123 3725.659 3726.197 3726.74 3727.282 3727.825 3728.367 3728.933 3729.521 3730.109 3730.697 3731.284 3731.874 3732.463 3733.052 3733.641 3734.229 3734.816 3735.402 3735.989 3736.575 3737.211 3737.853 3738.494 3739.136 3739.794 3740.482 3741.171 3741.859 3742.547 3743.274 3744.009 3744.743 3745.478 3746.213 3746.948
3707.362 3708.023 3708.685 3709.336 3709.959 3710.582 3711.205 3711.828 3712.575 3713.369 3714.163 3714.957 3715.711 3716.298 3716.885 3717.472 3718.059 3718.695 3719.357 3720.02 3720.682 3721.319 3721.76 3722.202 3722.644 3723.086 3723.571 3724.086 3724.601 3725.117 3725.635 3726.221 3726.807 3727.393 3727.979 3728.565 3729.153 3729.741 3730.329 3730.917 3731.522 3732.127 3732.733 3733.338 3733.928 3734.499 3735.069 3735.639 3736.209 3736.892 3737.588 3738.283 3738.979 3739.681 3740.397 3741.112 3741.827 3742.542 3743.274 3744.009 3744.743 3745.478 3746.213 3746.948
3707.215 3707.876 3708.538 3709.198 3709.853 3710.509 3711.164 3711.82 3712.517 3713.229 3713.942 3714.655 3715.348 3715.956 3716.565 3717.173 3717.782 3718.411 3719.052 3719.693 3720.333 3720.949 3721.369 3721.789 3722.209 3722.63 3723.093 3723.586 3724.08 3724.574 3725.074 3725.703 3726.332 3726.961 3727.59 3728.198 3728.786 3729.374 3729.962 3730.549 3731.17 3731.792 3732.414 3733.035 3733.627 3734.182 3734.736 3735.29 3735.844 3736.573 3737.323 3738.073 3738.822 3739.569 3740.311 3741.053 3741.795 3742.538 3743.274 3744.009 3744.743 3745.478 3746.213 3746.948
3707.068 3707.729 3708.391 3709.059 3709.747 3710.435 3711.123 3711.811 3712.458 3713.09 3713.721 3714.353 3714.984 3715.615 3716.245 3716.875 3717.505 3718.128 3718.747 3719.366 3719.985 3720.579 3720.977 3721.376 3721.775 3722.173 3722.615 3723.087 3723.559 3724.031 3724.512 3725.185 3725.857 3726.529 3727.201 3727.831 3728.418 3729.006 3729.594 3730.182 3730.818 3731.456 3732.094 3732.732 3733.327 3733.865 3734.402 3734.94 3735.478 3736.254 3737.058 3737.862 3738.665 3739.456 3740.225 3740.995 3741.764 3742.533 3743.274 3744.009 3744.743 3745.478 3746.213 3746.948
3706.921 3707.583 3708.244 3708.921 3709.641 3710.361 3711.081 3711.802 3712.399 3712.95 3713.5 3714.051 3714.621 3715.273 3715.925 3716.576 3717.228 3717.844 3718.442 3719.039 3719.637 3720.209 3720.586 3720.963 3721.34 3721.717 3722.137 3722.587 3723.038 3723.489 3723.951 3724.666 3725.382 3726.097 3726.813 3727.463 3728.051 3728.639 3729.227 3729.814 3730.467 3731.121 3731.775 3732.429 3733.026 3733.547 3734.069 3734.591 3735.112 3735.936 3736.793 3737.651 3738.508 3739.344 3740.14 3740.936 3741.732 3742.528 3743.274 3744.009 3744.743 3745.478 3746.213 3746.948
3706.75 3707.406 3708.061 3708.725 3709.416 3710.106 3710.796 3711.486 3712.055 3712.579 3713.102 3713.625 3714.174 3714.829 3715.484 3716.14 3716.795 3717.405 3717.99 3718.574 3719.159 3719.721 3720.109 3720.498 3720.886 3721.274 3721.707 3722.171 3722.636 3723.101 3723.576 3724.293 3725.01 3725.727 3726.444 3727.105 3727.71 3728.316 3728.922 3729.528 3730.19 3730.854 3731.519 3732.183 3732.793 3733.331 3733.869 3734.407 3734.945 3735.792 3736.674 3737.556 3738.438 3739.293 3740.101 3740.909 3741.718 3742.526 3743.274 3744.009 3744.743 3745.478 3746.213 3746.948
3706.559 3707.204 3707.848 3708.484 3709.093 3709.702 3710.312 3710.921 3711.479 3712.019 3712.558 3713.098 3713.657 3714.302 3714.946 3715.591 3716.236 3716.838 3717.417 3717.997 3718.576 3719.138 3719.564 3719.99 3720.416 3720.842 3721.315 3721.823 3722.331 3722.839 3723.355 3724.039 3724.724 3725.408 3726.093 3726.754 3727.392 3728.03 3728.668 3729.306 3729.975 3730.645 3731.314 3731.984 3732.616 3733.197 3733.778 3734.36 3734.941 3735.792 3736.674 3737.556 3738.438 3739.293 3740.101 3740.909 3741.718 3742.526 3743.274 3744.009 3744.743 3745.478 3746.213 3746.948
3706.368 3707.002 3707.636 3708.242 3708.771 3709.299 3709.827 3710.355 3710.903 3711.459 3712.015 3712.57 3713.141 3713.774 3714.408 3715.042 3715.676 3716.271 3716.845 3717.419 3717.993 3718.554 3719.018 3719.482 3719.946 3720.41 3720.924 3721.475 3722.026 3722.577 3723.133 3723.785 3724.437 3725.089 3725.741 3726.403 3727.073 3727.744 3728.414 3729.085 3729.76 3730.435 3731.11 3731.785 3732.438 3733.063 3733.688 3734.312 3734.937 3735.792 3736.674 3737.556 3738.438 3739.293 3740.101 3740.909 3741.718 3742.526 3743.274 3744.009 3744.743 3745.478 3746.213 3746.948
3706.177 3706.801 3707.424 3708.001 3708.448 3708.895 3709.342 3709.79 3710.327 3710.899 3711.471 3712.043 3712.624 3713.247 3713.87 3714.493 3715.116 3715.704 3716.272 3716.841 3717.41 3717.971 3718.472 3718.974 3719.476 3719.977 3720.533 3721.127 3721.721 3722.316 3722.911 3723.531 3724.15 3724.77 3725.39 3726.052 3726.755 3727.458 3728.16 3728.863 3729.545 3730.225 3730.906 3731.586 3732.261 3732.929 3733.597 3734.264 3734.932 3735.792 3736.674 3737.556 3738.438 3739.293 3740.101 3740.909 3741.718 3742.526 3743.274 3744.009 3744.743 3745.478 3746.213 3746.948
3705.984 3706.596 3707.208 3707.757 3708.124 3708.492 3708.859 3709.227 3709.753 3710.341 3710.928 3711.515 3712.107 3712.719 3713.332 3713.944 3714.557 3715.137 3715.701 3716.264 3716.828 3717.388 3717.928 3718.467 3719.007 3719.546 3720.143 3720.78 3721.417 3722.054 3722.689 3723.277 3723.866 3724.454 3725.042 3725.705 3726.44 3727.175 3727.909 3728.644 3729.332 3730.018 3730.704 3731.39 3732.086 3732.797 3733.507 3734.218 3734.928 3735.792 3736.674 3737.556 3738.438 3739.293 3740.101 3740.909 3741.718 3742.526 3743.274 3744.009 3744.743 3745.478 3746.213 3746.948
3705.597 3706.198 3706.8 3707.343 3707.721 3708.1 3708.478 3708.856 3709.351 3709.889 3710.428 3710.967 3711.521 3712.144 3712.768 3713.391 3714.014 3714.602 3715.171 3715.74 3716.309 3716.879 3717.462 3718.044 3718.627 3719.21 3719.837 3720.495 3721.154 3721.813 3722.47 3723.091 3723.711 3724.332 3724.953 3725.631 3726.366 3727.101 3727.836 3728.571 3729.269 3729.965 3730.662 3731.359 3732.064 3732.78 3733.496 3734.212 3734.927 3735.792 3736.674 3737.556 3738.438 3739.293 3740.101 3740.909 3741.718 3742.526 3743.274 3744.009 3744.743 3745.478 3746.21 3746.934
3705.21 3705.801 3706.391 3706.929 3707.319 3707.708 3708.097 3708.486 3708.948 3709.438 3709.928 3710.418 3710.935 3711.569 3712.203 3712.838 3713.472 3714.067 3714.641 3715.215 3715.79 3716.37 3716.996 3717.621 3718.247 3718.873 3719.531 3720.211 3720.892 3721.572 3722.251 3722.904 3723.557 3724.21 3724.864 3725.558 3726.293 3727.028 3727.762 3728.497 3729.206 3729.913 3730.621 3731.329 3732.042 3732.763 3733.484 3734.206 3734.927 3735.792 3736.674 3737.556 3738.438 3739.293 3740.101 3740.909 3741.718 3742.526 3743.274 3744.009 3744.743 3745.478 3746.207 3746.92
3704.823 3705.403 3705.983 3706.516 3706.916 3707.316 3707.716 3708.116 3708.546 3708.987 3709.428 3709.87 3710.349 3710.994 3711.639 3712.284 3712.929 3713.531 3714.111 3714.691 3715.27 3715.86 3716.529 3717.198 3717.868 3718.537 3719.225 3719.927 3720.629 3721.331 3722.032 3722.718 3723.403 3724.089 3724.774 3725.485 3726.219 3726.954 3727.689 3728.424 3729.143 3729.861 3730.58 3731.298 3732.02 3732.747 3733.473 3734.2 3734.926 3735.792 3736.674 3737.556 3738.438 3739.293 3740.101 3740.909 3741.718 3742.526 3743.274 3744.009 3744.743 3745.478 3746.204 3746.906
3704.437 3705.005 3705.574 3706.102 3706.513 3706.924 3707.334 3707.745 3708.143 3708.536 3708.928 3709.321 3709.763 3710.419 3711.075 3711.731 3712.386 3712.996 3713.581 3714.166 3714.751 3715.351 3716.063 3716.775 3717.488 3718.2 3718.919 3719.643 3720.366 3721.09 3721.813 3722.531 3723.249 3723.967 3724.685 3725.411 3726.146 3726.881 3727.615 3728.35 3729.08 3729.809 3730.538 3731.267 3731.998 3732.73 3733.462 3734.194 3734.926 3735.792 3736.674 3737.556 3738.438 3739.293 3740.101 3740.909 3741.718 3742.526 3743.274 3744.009 3744.743 3745.478 3746.2 3746.892
3703.97 3704.536 3705.102 3705.634 3706.068 3706.502 3706.937 3707.371 3707.769 3708.151 3708.534 3708.917 3709.35 3709.995 3710.641 3711.287 3711.933 3712.566 3713.193 3713.82 3714.446 3715.085 3715.82 3716.555 3717.29 3718.024 3718.759 3719.494 3720.229 3720.964 3721.699 3722.434 3723.168 3723.903 3724.638 3725.373 3726.107 3726.842 3727.577 3728.312 3729.047 3729.782 3730.517 3731.251 3731.986 3732.721 3733.456 3734.191 3734.926 3735.778 3736.645 3737.511 3738.377 3739.22 3740.02 3740.821 3741.622 3742.422 3743.168 3743.903 3744.638 3745.373 3746.09 3746.766
3703.416 3703.988 3704.559 3705.104 3705.577 3706.049 3706.521 3706.994 3707.425 3707.84 3708.255 3708.67 3709.123 3709.737 3710.35 3710.963 3711.577 3712.252 3712.959 3713.667 3714.375 3715.085 3715.82 3716.555 3717.29 3718.024 3718.759 3719.494 3720.229 3720.964 3721.699 3722.434 3723.168 3723.903 3724.638 3725.373 3726.107 3726.842 3727.577 3728.312 3729.047 3729.782 3730.517 3731.251 3731.986 3732.721 3733.456 3734.191 3734.926 3735.749 3736.583 3737.417 3738.251 3739.067 3739.851 3740.636 3741.42 3742.204 3742.948 3743.683 3744.417 3745.152 3745.864 3746.518
3702.863 3703.439 3704.016 3704.575 3705.085 3705.596 3706.106 3706.616 3707.081 3707.528 3707.976 3708.424 3708.896 3709.478 3710.059 3710.64 3711.221 3711.937 3712.726 3713.514 3714.303 3715.085 3715.82 3716.555 3717.29 3718.024 3718.759 3719.494 3720.229 3720.964 3721.699 3722.434 3723.168 3723.903 3724.638 3725.373 3726.107 3726.842 3727.577 3728.312 3729.047 3729.782 3730.517 3731.251 3731.986 3732.721 3733.456 3734.191 3734.926 3735.72 3736.522 3737.323 3738.125 3738.914 3739.682 3740.45 3741.219 3741.987 3742.728 3743.462 3744.197 3744.932 3745.637 3746.269
3702.309 3702.891 3703.473 3704.046 3704.594 3705.142 3705.69 3706.238 3706.737 3707.217 3707.697 3708.177 3708.67 3709.219 3709.767 3710.316 3710.865 3711.623 3712.492 3713.362 3714.231 3715.085 3715.82 3716.555 3717.29 3718.024 3718.759 3719.494 3720.229 3720.964 3721.699 3722.434 3723.168 3723.903 3724.638 3725.373 3726.107 3726.842 3727.577 3728.312 3729.047 3729.782 3730.517 3731.251 3731.986 3732.721 3733.456 3734.191 3734.926 3735.691 3736.46 3737.229 3737.998 3738.761 3739.513 3740.265 3741.017 3741.769 3742.507 3743.242 3743.977 3744.711 3745.41 3746.021
3701.755 3702.343 3702.93 3703.518 3704.103 3704.689 3705.274 3705.86 3706.393 3706.905 3707.418 3707.93 3708.443 3708.96 3709.476 3709.992 3710.509 3711.308 3712.259 3713.209 3714.16 3715.085 3715.82 3716.555 3717.29 3718.024 3718.759 3719.494 3720.229 3720.964 3721.699 3722.434 3723.168 3723.903 3724.638 3725.373 3726.107 3726.842 3727.577 3728.312 3729.047 3729.782 3730.517 3731.251 3731.986 3732.721 3733.456 3734.191 3734.926 3735.662 3736.399 3737.135 3737.872 3738.608 3739.344 3740.08 3740.816 3741.552 3742.287 3743.021 3743.756 3744.491 3745.184 3745.773
3701.42 3701.941 3702.463 3703.01 3703.629 3704.247 3704.865 3705.484 3706.056 3706.611 3707.166 3707.721 3708.275 3708.825 3709.375 3709.926 3710.475 3711.29 3712.245 3713.2 3714.156 3715.085 3715.82 3716.555 3717.29 3718.024 3718.759 3719.494 3720.229 3720.964 3721.699 3722.434 3723.168 3723.903 3724.638 3725.373 3726.107 3726.842 3727.577 3728.312 3729.047 3729.782 3730.517 3731.251 3731.973 3732.677 3733.382 3734.086 3734.79 3735.522 3736.257 3736.991 3737.726 3738.452 3739.161 3739.871 3740.58 3741.29 3742.003 3742.718 3743.432 3744.146 3744.833 3745.451
3701.098 3701.549 3702.001 3702.504 3703.155 3703.806 3704.457 3705.107 3705.72 3706.318 3706.917 3707.515 3708.111 3708.699 3709.287 3709.875 3710.462 3711.29 3712.245 3713.2 3714.156 3715.085 3715.82 3716.555 3717.29 3718.024 3718.759 3719.494 3720.229 3720.964 3721.699 3722.434 3723.168 3723.903 3724.638 3725.373 3726.107 3726.842 3727.577 3728.312 3729.047 3729.782 3730.517 3731.251 3731.959 3732.631 3733.303 3733.975 3734.646 3735.375 3736.11 3736.844 3737.579 3738.295 3738.978 3739.66 3740.342 3741.025 3741.716 3742.409 3743.102 3743.794 3744.475 3745.126
3700.775 3701.157 3701.538 3701.998 3702.681 3703.365 3704.048 3704.731 3705.384 3706.025 3706.667 3707.308 3707.947 3708.572 3709.198 3709.823 3710.449 3711.29 3712.245 3713.2 3714.156 3715.085 3715.82 3716.555 3717.29 3718.024 3718.759 3719.494 3720.229 3720.964 3721.699 3722.434 3723.168 3723.903 3724.638 3725.373 3726.107 3726.842 3727.577 3728.312 3729.047 3729.782 3730.517 3731.251 3731.945 3732.584 3733.224 3733.863 3734.503 3735.228 3735.963 3736.698 3737.432 3738.138 3738.794 3739.449 3740.105 3740.76 3741.429 3742.1 3742.771 3743.442 3744.117 3744.8
