data/zism_data/00542_01_D.txt
ncols         224
nrows         224
[rows 116 to 144 of 224, columns 65 to 129 of 224]
3606.553 3606.595 3606.637 3606.507 3606.324 3606.141 3605.958 3605.597 3604.642 3603.686 3602.731 3601.776 3601.124 3600.604 3600.084 3599.564 3599.215 3599.761 3600.308 3600.854 3601.401 3604.397 3608.876 3613.354 3617.832 3622.457 3628.616 3634.776 3640.936 3647.095 3651.448 3654.325 3657.202 3660.08 3662.919 3663.175 3663.431 3663.687 3663.943 3665.232 3667.648 3670.064 3672.481 3674.897 3677.679 3680.484 3683.289 3686.094 3688.252 3689.466 3690.679 3691.892 3693.105 3689.915 3686.063 3682.212 3678.36 3673.658 3667.256 3660.853 3654.451 3648.048 3641.811 3635.616 3629.421
3603.67 3603.697 3603.723 3603.642 3603.529 3603.416 3603.303 3603.079 3602.489 3601.898 3601.307 3600.717 3600.313 3599.992 3599.67 3599.349 3599.156 3599.644 3600.132 3600.619 3601.107 3603.884 3608.046 3612.208 3616.37 3620.662 3626.312 3631.962 3637.613 3643.263 3647.127 3649.532 3651.938 3654.344 3656.712 3656.533 3656.355 3656.177 3655.999 3657.144 3659.731 3662.319 3664.906 3667.494 3670.802 3674.153 3677.505 3680.857 3683.532 3685.217 3686.902 3688.587 3690.272 3687.38 3683.802 3680.224 3676.646 3672.33 3666.539 3660.747 3654.956 3649.165 3643.192 3637.174 3631.156
3600.788 3600.798 3600.808 3600.777 3600.734 3600.691 3600.647 3600.562 3600.336 3600.11 3599.883 3599.657 3599.503 3599.38 3599.257 3599.134 3599.098 3599.527 3599.956 3600.384 3600.813 3603.371 3607.217 3611.062 3614.908 3618.866 3624.008 3629.149 3634.29 3639.431 3642.806 3644.74 3646.674 3648.607 3650.504 3649.892 3649.28 3648.667 3648.055 3649.055 3651.814 3654.573 3657.333 3660.092 3663.924 3667.823 3671.721 3675.62 3678.811 3680.968 3683.125 3685.281 3687.438 3684.846 3681.541 3678.236 3674.931 3671.002 3665.822 3660.641 3655.461 3650.281 3644.574 3638.732 3632.891
3599.0 3599.0 3599.0 3599.0 3599.0 3599.0 3599.0 3599.0 3599.0 3599.0 3599.0 3599.0 3599.0 3599.0 3599.0 3599.0 3599.058 3599.424 3599.789 3600.155 3600.52 3602.797 3606.229 3609.66 3613.092 3616.63 3621.287 3625.943 3630.599 3635.256 3638.207 3639.766 3641.326 3642.886 3644.409 3643.423 3642.438 3641.452 3640.467 3641.267 3644.017 3646.767 3649.516 3652.266 3656.362 3660.541 3664.719 3668.898 3672.406 3674.933 3677.46 3679.987 3682.513 3680.316 3677.411 3674.506 3671.601 3668.13 3663.526 3658.922 3654.319 3649.715 3644.397 3638.898 3633.398
3599.0 3599.0 3599.0 3599.0 3599.0 3599.0 3599.0 3599.0 3599.0 3599.0 3599.0 3599.0 3599.0 3599.0 3599.0 3599.0 3599.047 3599.343 3599.639 3599.935 3600.23 3602.123 3604.981 3607.84 3610.698 3613.674 3617.885 3622.097 3626.308 3630.52 3633.152 3634.498 3635.843 3637.188 3638.496 3637.237 3635.978 3634.719 3633.46 3633.972 3636.417 3638.861 3641.305 3643.749 3647.681 3651.704 3655.727 3659.75 3663.249 3665.979 3668.71 3671.44 3674.17 3672.527 3670.228 3667.928 3665.629 3662.735 3658.651 3654.567 3650.483 3646.4 3641.675 3636.786 3631.898
3599.0 3599.0 3599.0 3599.0 3599.0 3599.0 3599.0 3599.0 3599.0 3599.0 3599.0 3599.0 3599.0 3599.0 3599.0 3599.0 3599.036 3599.262 3599.488 3599.714 3599.941 3601.449 3603.734 3606.019 3608.304 3610.717 3614.484 3618.25 3622.017 3625.783 3628.098 3629.229 3630.36 3631.491 3632.583 3631.051 3629.519 3627.986 3626.454 3626.677 3628.816 3630.955 3633.093 3635.232 3638.999 3642.867 3646.735 3650.603 3654.092 3657.026 3659.96 3662.894 3665.828 3664.738 3663.044 3661.35 3659.656 3657.339 3653.776 3650.212 3646.648 3643.085 3638.952 3634.675 3630.397
3599.0 3599.0 3599.0 3599.0 3599.0 3599.0 3599.0 3599.0 3599.0 3599.0 3599.0 3599.0 3599.0 3599.0 3599.0 3599.0 3599.025 3599.181 3599.338 3599.494 3599.651 3600.776 3602.487 3604.198 3605.909 3607.76 3611.082 3614.404 3617.725 3621.047 3623.044 3623.961 3624.877 3625.793 3626.671 3624.865 3623.059 3621.253 3619.448 3619.382 3621.215 3623.049 3624.882 3626.715 3630.318 3634.03 3637.743 3641.455 3644.934 3648.072 3651.209 3654.347 3657.485 3656.948 3655.86 3654.772 3653.684 3651.944 3648.901 3645.857 3642.813 3639.769 3636.229 3632.563 3628.897
3599.0 3599.0 3599.0 3599.0 3599.0 3599.0 3599.0 3599.0 3599.0 3599.0 3599.0 3599.0 3599.0 3599.0 3599.0 3599.0 3599.014 3599.101 3599.187 3599.274 3599.361 3600.102 3601.24 3602.377 3603.515 3604.804 3607.681 3610.557 3613.434 3616.311 3617.99 3618.692 3619.394 3620.096 3620.758 3618.679 3616.6 3614.521 3612.441 3612.087 3613.615 3615.142 3616.67 3618.198 3621.637 3625.194 3628.75 3632.307 3635.777 3639.118 3642.459 3645.801 3649.142 3649.159 3648.677 3648.194 3647.712 3646.549 3644.025 3641.502 3638.978 3636.454 3633.507 3630.452 3627.396
3599.0 3599.0 3599.0 3599.0 3599.0 3599.0 3599.0 3599.0 3599.0 3599.0 3599.0 3599.0 3599.0 3599.0 3599.0 3599.0 3599.01 3599.07 3599.131 3599.191 3599.251 3599.81 3600.669 3601.529 3602.388 3603.377 3605.731 3608.084 3610.438 3612.792 3614.156 3614.713 3615.27 3615.827 3616.35 3614.541 3612.731 3610.921 3609.112 3608.759 3609.993 3611.229 3612.464 3613.699 3616.598 3619.6 3622.602 3625.603 3628.623 3631.669 3634.714 3637.76 3640.806 3641.046 3640.865 3640.685 3640.504 3639.746 3637.834 3635.921 3634.009 3632.096 3629.732 3627.253 3624.774
3599.0 3599.0 3599.0 3599.0 3599.0 3599.0 3599.0 3599.0 3599.0 3599.0 3599.0 3599.0 3599.0 3599.0 3599.0 3599.0 3599.007 3599.052 3599.096 3599.14 3599.185 3599.607 3600.257 3600.907 3601.558 3602.309 3604.121 3605.933 3607.746 3609.558 3610.608 3611.036 3611.465 3611.893 3612.295 3610.882 3609.469 3608.056 3606.644 3606.359 3607.304 3608.25 3609.195 3610.141 3612.413 3614.766 3617.119 3619.472 3621.939 3624.572 3627.205 3629.838 3632.471 3632.857 3632.907 3632.957 3633.007 3632.614 3631.333 3630.054 3628.774 3627.494 3625.711 3623.8 3621.89
3599.0 3599.0 3599.0 3599.0 3599.0 3599.0 3599.0 3599.0 3599.0 3599.0 3599.0 3599.0 3599.0 3599.0 3599.0 3599.0 3599.004 3599.033 3599.061 3599.089 3599.118 3599.403 3599.845 3600.286 3600.727 3601.24 3602.511 3603.782 3605.053 3606.324 3607.06 3607.36 3607.66 3607.959 3608.24 3607.224 3606.208 3605.191 3604.175 3603.959 3604.615 3605.271 3605.927 3606.583 3608.227 3609.932 3611.636 3613.341 3615.254 3617.475 3619.695 3621.915 3624.135 3624.669 3624.949 3625.229 3625.51 3625.481 3624.833 3624.186 3623.539 3622.891 3621.69 3620.347 3619.005
3599.0 3599.0 3599.0 3599.0 3599.0 3599.0 3599.0 3599.0 3599.0 3599.0 3599.0 3599.0 3599.0 3599.0 3599.0 3599.0 3599.002 3599.014 3599.026 3599.039 3599.051 3599.2 3599.432 3599.665 3599.897 3600.172 3600.902 3601.631 3602.361 3603.09 3603.512 3603.683 3603.854 3604.025 3604.185 3603.565 3602.946 3602.326 3601.707 3601.559 3601.926 3602.292 3602.659 3603.026 3604.042 3605.097 3606.153 3607.209 3608.57 3610.378 3612.185 3613.993 3615.8 3616.48 3616.991 3617.502 3618.013 3618.348 3618.333 3618.319 3618.304 3618.289 3617.669 3616.894 3616.12
3599.0 3599.0 3599.0 3599.0 3599.0 3599.0 3599.0 3599.0 3599.0 3599.0 3599.0 3599.0 3599.0 3599.0 3599.0 3599.0 3599.0 3599.0 3599.0 3599.0 3599.0 3599.043 3599.113 3599.183 3599.252 3599.342 3599.644 3599.946 3600.247 3600.549 3600.723 3600.792 3600.862 3600.931 3600.996 3600.694 3600.392 3600.091 3599.789 3599.698 3599.837 3599.977 3600.116 3600.255 3600.766 3601.3 3601.833 3602.367 3603.259 3604.674 3606.09 3607.505 3608.92 3609.675 3610.329 3610.984 3611.639 3612.23 3612.693 3613.155 3613.618 3614.081 3613.937 3613.64 3613.342
3599.0 3599.0 3599.0 3599.0 3599.0 3599.0 3599.0 3599.0 3599.0 3599.0 3599.0 3599.0 3599.0 3599.0 3599.0 3599.0 3599.0 3599.0 3599.0 3599.0 3599.0 3599.033 3599.087 3599.14 3599.194 3599.263 3599.495 3599.727 3599.959 3600.191 3600.325 3600.378 3600.432 3600.485 3600.535 3600.303 3600.071 3599.839 3599.607 3599.537 3599.644 3599.751 3599.858 3599.965 3600.358 3600.768 3601.179 3601.589 3602.275 3603.363 3604.452 3605.54 3606.629 3607.228 3607.754 3608.281 3608.807 3609.308 3609.76 3610.212 3610.664 3611.116 3611.12 3611.01 3610.9
3599.0 3599.0 3599.0 3599.0 3599.0 3599.0 3599.0 3599.0 3599.0 3599.0 3599.0 3599.0 3599.0 3599.0 3599.0 3599.0 3599.0 3599.0 3599.0 3599.0 3599.0 3599.023 3599.061 3599.098 3599.136 3599.184 3599.346 3599.509 3599.671 3599.833 3599.927 3599.964 3600.001 3600.039 3600.073 3599.911 3599.749 3599.587 3599.424 3599.375 3599.45 3599.525 3599.6 3599.675 3599.95 3600.237 3600.524 3600.811 3601.291 3602.052 3602.814 3603.575 3604.337 3604.782 3605.179 3605.577 3605.974 3606.386 3606.828 3607.269 3607.71 3608.152 3608.303 3608.38 3608.458
3599.0 3599.0 3599.0 3599.0 3599.0 3599.0 3599.0 3599.0 3599.0 3599.0 3599.0 3599.0 3599.0 3599.0 3599.0 3599.0 3599.0 3599.0 3599.0 3599.0 3599.0 3599.013 3599.035 3599.056 3599.077 3599.105 3599.198 3599.29 3599.383 3599.475 3599.529 3599.55 3599.572 3599.593 3599.613 3599.52 3599.427 3599.335 3599.242 3599.214 3599.257 3599.3 3599.343 3599.385 3599.542 3599.706 3599.87 3600.033 3600.307 3600.741 3601.176 3601.61 3602.045 3602.335 3602.604 3602.873 3603.142 3603.465 3603.895 3604.326 3604.757 3605.187 3605.486 3605.751 3606.016
3599.0 3599.0 3599.0 3599.0 3599.0 3599.0 3599.0 3599.0 3599.0 3599.0 3599.0 3599.0 3599.0 3599.0 3599.0 3599.0 3599.0 3599.0 3599.0 3599.0 3599.0 3599.003 3599.009 3599.014 3599.019 3599.026 3599.049 3599.072 3599.095 3599.117 3599.131 3599.136 3599.141 3599.146 3599.151 3599.129 3599.106 3599.083 3599.06 3599.053 3599.063 3599.074 3599.085 3599.095 3599.134 3599.175 3599.215 3599.256 3599.323 3599.431 3599.538 3599.646 3599.753 3599.889 3600.029 3600.169 3600.309 3600.543 3600.963 3601.383 3601.802 3602.222 3602.669 3603.121 3603.574
3598.928 3598.96 3598.992 3599.0 3599.0 3599.0 3599.0 3599.0 3599.0 3599.0 3599.0 3599.0 3599.0 3599.0 3599.0 3599.0 3599.0 3599.0 3599.0 3599.0 3599.0 3599.0 3599.0 3599.0 3599.0 3599.0 3599.0 3599.0 3599.0 3599.0 3599.0 3599.0 3599.0 3599.0 3599.0 3599.0 3599.0 3599.0 3599.0 3599.0 3599.0 3599.0 3599.0 3599.0 3599.0 3599.0 3599.0 3599.0 3599.0 3599.0 3599.0 3599.0 3599.0 3599.073 3599.156 3599.24 3599.323 3599.498 3599.853 3600.208 3600.563 3600.918 3601.366 3601.837 3602.308
3598.82 3598.901 3598.981 3599.0 3599.0 3599.0 3599.0 3599.0 3599.0 3599.0 3599.0 3599.0 3599.0 3599.0 3599.0 3599.0 3599.0 3599.0 3599.0 3599.0 3599.0 3599.0 3599.0 3599.0 3599.0 3599.0 3599.0 3599.0 3599.0 3599.0 3599.0 3599.0 3599.0 3599.0 3599.0 3599.0 3599.0 3599.0 3599.0 3599.0 3599.0 3599.0 3599.0 3599.0 3599.0 3599.0 3599.0 3599.0 3599.0 3599.0 3599.0 3599.0 3599.0 3599.054 3599.116 3599.178 3599.24 3599.37 3599.634 3599.898 3600.162 3600.426 3600.804 3601.211 3601.618
3598.712 3598.841 3598.97 3599.0 3599.0 3599.0 3599.0 3599.0 3599.0 3599.0 3599.0 3599.0 3599.0 3599.0 3599.0 3599.0 3599.0 3599.0 3599.0 3599.0 3599.0 3599.0 3599.0 3599.0 3599.0 3599.0 3599.0 3599.0 3599.0 3599.0 3599.0 3599.0 3599.0 3599.0 3599.0 3599.0 3599.0 3599.0 3599.0 3599.0 3599.0 3599.0 3599.0 3599.0 3599.0 3599.0 3599.0 3599.0 3599.0 3599.0 3599.0 3599.0 3599.0 3599.035 3599.076 3599.117 3599.157 3599.242 3599.415 3599.588 3599.761 3599.934 3600.242 3600.585 3600.927
3598.605 3598.782 3598.959 3599.0 3599.0 3599.0 3599.0 3599.0 3599.0 3599.0 3599.0 3599.0 3599.0 3599.0 3599.0 3599.0 3599.0 3599.0 3599.0 3599.0 3599.0 3599.0 3599.0 3599.0 3599.0 3599.0 3599.0 3599.0 3599.0 3599.0 3599.0 3599.0 3599.0 3599.0 3599.0 3599.0 3599.0 3599.0 3599.0 3599.0 3599.0 3599.0 3599.0 3599.0 3599.0 3599.0 3599.0 3599.0 3599.0 3599.0 3599.0 3599.0 3599.0 3599.017 3599.036 3599.055 3599.074 3599.115 3599.196 3599.278 3599.36 3599.442 3599.68 3599.958 3600.237
3598.497 3598.712 3598.928 3598.98 3598.982 3598.985 3598.988 3598.99 3598.993 3598.995 3598.997 3598.999 3599.0 3599.0 3599.0 3599.0 3599.0 3599.0 3599.0 3599.0 3599.0 3599.0 3599.0 3599.0 3599.0 3599.0 3599.0 3599.0 3599.0 3599.0 3599.0 3599.0 3599.0 3599.0 3599.0 3599.0 3599.0 3599.0 3599.0 3599.0 3599.0 3599.0 3599.0 3599.0 3599.0 3599.0 3599.0 3599.0 3599.0 3599.0 3599.0 3599.0 3599.0 3599.0 3599.0 3599.0 3599.0 3599.0 3599.0 3599.0 3599.0 3599.0 3599.172 3599.387 3599.603
3598.385 3598.553 3598.72 3598.781 3598.811 3598.841 3598.87 3598.898 3598.922 3598.946 3598.969 3598.993 3599.0 3599.0 3599.0 3599.0 3599.0 3599.0 3599.0 3599.0 3599.0 3599.0 3599.0 3599.0 3599.0 3599.0 3599.0 3599.0 3599.0 3599.0 3599.0 3599.0 3599.0 3599.0 3599.0 3599.0 3599.0 3599.0 3599.0 3599.0 3599.0 3599.0 3599.0 3599.0 3599.0 3599.0 3599.0 3599.0 3599.0 3599.0 3599.0 3599.0 3599.0 3599.0 3599.0 3599.0 3599.0 3599.0 3599.0 3599.0 3599.0 3599.0 3599.133 3599.301 3599.468
3598.274 3598.393 3598.512 3598.583 3598.64 3598.696 3598.752 3598.806 3598.851 3598.896 3598.941 3598.986 3599.0 3599.0 3599.0 3599.0 3599.0 3599.0 3599.0 3599.0 3599.0 3599.0 3599.0 3599.0 3599.0 3599.0 3599.0 3599.0 3599.0 3599.0 3599.0 3599.0 3599.0 3599.0 3599.0 3599.0 3599.0 3599.0 3599.0 3599.0 3599.0 3599.0 3599.0 3599.0 3599.0 3599.0 3599.0 3599.0 3599.0 3599.0 3599.0 3599.0 3599.0 3599.0 3599.0 3599.0 3599.0 3599.0 3599.0 3599.0 3599.0 3599.0 3599.095 3599.214 3599.333
3598.163 3598.234 3598.305 3598.385 3598.468 3598.551 3598.635 3598.714 3598.78 3598.847 3598.913 3598.98 3599.0 3599.0 3599.0 3599.0 3599.0 3599.0 3599.0 3599.0 3599.0 3599.0 3599.0 3599.0 3599.0 3599.0 3599.0 3599.0 3599.0 3599.0 3599.0 3599.0 3599.0 3599.0 3599.0 3599.0 3599.0 3599.0 3599.0 3599.0 3599.0 3599.0 3599.0 3599.0 3599.0 3599.0 3599.0 3599.0 3599.0 3599.0 3599.0 3599.0 3599.0 3599.0 3599.0 3599.0 3599.0 3599.0 3599.0 3599.0 3599.0 3599.0 3599.056 3599.127 3599.198
3598.052 3598.074 3598.097 3598.187 3598.297 3598.407 3598.517 3598.622 3598.709 3598.797 3598.885 3598.973 3599.0 3599.0 3599.0 3599.0 3599.0 3599.0 3599.0 3599.0 3599.0 3599.0 3599.0 3599.0 3599.0 3599.0 3599.0 3599.0 3599.0 3599.0 3599.0 3599.0 3599.0 3599.0 3599.0 3599.0 3599.0 3599.0 3599.0 3599.0 3599.0 3599.0 3599.0 3599.0 3599.0 3599.0 3599.0 3599.0 3599.0 3599.0 3599.0 3599.0 3599.0 3599.0 3599.0 3599.0 3599.0 3599.0 3599.0 3599.0 3599.0 3599.0 3599.018 3599.041 3599.063
3598.0 3598.0 3598.0 3598.083 3598.191 3598.3 3598.408 3598.515 3598.619 3598.722 3598.826 3598.929 3598.967 3598.976 3598.984 3598.993 3599.0 3599.0 3599.0 3599.0 3599.0 3599.0 3599.0 3599.0 3599.0 3599.0 3599.0 3599.0 3599.0 3599.0 3599.0 3599.0 3599.0 3599.0 3599.0 3599.0 3599.0 3599.0 3599.0 3599.0 3599.0 3599.0 3599.0 3599.0 3599.0 3599.0 3599.0 3599.0 3599.0 3599.0 3599.0 3599.0 3599.0 3599.0 3599.0 3599.0 3599.0 3599.0 3599.0 3599.0 3599.0 3599.0 3599.0 3599.0 3599.0
3598.0 3598.0 3598.0 3598.063 3598.144 3598.225 3598.307 3598.396 3598.51 3598.625 3598.739 3598.853 3598.905 3598.93 3598.955 3598.979 3599.0 3599.0 3599.0 3599.0 3599.0 3599.0 3599.0 3599.0 3599.0 3599.0 3599.0 3599.0 3599.0 3599.0 3599.0 3599.0 3599.0 3599.0 3599.0 3599.0 3599.0 3599.0 3599.0 3599.0 3599.0 3599.0 3599.0 3599.0 3599.0 3599.0 3599.0 3599.0 3599.0 3599.0 3599.0 3599.0 3599.0 3599.0 3599.0 3599.0 3599.0 3599.0 3599.0 3599.0 3599.0 3599.0 3599.0 3599.0 3599.0
3598.0 3598.0 3598.0 3598.042 3598.096 3598.151 3598.206 3598.277 3598.402 3598.527 3598.652 3598.777 3598.844 3598.884 3598.925 3598.966 3599.0 3599.0 3599.0 3599.0 3599.0 3599.0 3599.0 3599.0 3599.0 3599.0 3599.0 3599.0 3599.0 3599.0 3599.0 3599.0 3599.0 3599.0 3599.0 3599.0 3599.0 3599.0 3599.0 3599.0 3599.0 3599.0 3599.0 3599.0 3599.0 3599.0 3599.0 3599.0 3599.0 3599.0 3599.0 3599.0 3599.0 3599.0 3599.0 3599.0 3599.0 3599.0 3599.0 3599.0 3599.0 3599.0 3599.0 3599.0 3599.0
