data/zism_data/00546_02_D.txt
ncols         224
nrows         224
[rows 112 to 139 of 224, columns 0 to 62 of 224]
3205.899 3204.143 3202.386 3202.609 3205.12 3207.63 3210.141 3212.652 3220.15 3228.038 3235.927 3243.815 3252.328 3261.812 3271.297 3280.781 3290.266 3298.901 3307.391 3315.881 3324.371 3332.716 3340.748 3348.781 3356.813 3364.846 3371.194 3377.074 3382.954 3388.835 3393.632 3395.116 3396.601 3398.085 3399.57 3400.0 3400.0 3400.0 3400.0 3399.973 3399.816 3399.66 3399.503 3399.346 3399.249 3399.185 3399.121 3399.057 3398.996 3398.953 3398.911 3398.868 3398.825 3398.795 3398.773 3398.752 3398.731 3398.712 3398.776 3398.84 3398.904 3398.968 3398.973
3205.62 3204.581 3203.542 3204.457 3207.631 3210.804 3213.978 3217.151 3225.14 3233.505 3241.87 3250.235 3258.942 3268.18 3277.417 3286.656 3295.894 3304.026 3311.97 3319.916 3327.86 3335.731 3343.442 3351.153 3358.864 3366.575 3372.623 3378.209 3383.795 3389.381 3393.938 3395.352 3396.764 3398.177 3399.59 3400.0 3400.0 3400.0 3400.0 3399.977 3399.843 3399.709 3399.575 3399.442 3399.338 3399.251 3399.165 3399.078 3398.987 3398.857 3398.727 3398.597 3398.467 3398.383 3398.334 3398.285 3398.237 3398.193 3398.313 3398.432 3398.552 3398.671 3398.697
3208.102 3207.582 3207.061 3208.549 3212.36 3216.17 3219.981 3223.792 3231.912 3240.368 3248.825 3257.282 3265.977 3275.042 3284.107 3293.173 3302.238 3310.054 3317.659 3325.264 3332.868 3340.388 3347.727 3355.065 3362.404 3369.743 3375.333 3380.439 3385.544 3390.649 3394.796 3396.009 3397.222 3398.435 3399.648 3400.0 3400.0 3400.0 3400.0 3399.982 3399.881 3399.78 3399.678 3399.577 3399.464 3399.345 3399.226 3399.107 3398.967 3398.637 3398.307 3397.977 3397.647 3397.443 3397.335 3397.227 3397.119 3397.021 3397.253 3397.486 3397.719 3397.952 3398.009
3210.584 3210.582 3210.58 3212.641 3217.089 3221.537 3225.984 3230.432 3238.684 3247.232 3255.781 3264.329 3273.013 3281.905 3290.797 3299.69 3308.582 3316.083 3323.347 3330.612 3337.876 3345.046 3352.011 3358.978 3365.944 3372.91 3378.044 3382.668 3387.293 3391.917 3395.653 3396.666 3397.679 3398.693 3399.706 3400.0 3400.0 3400.0 3400.0 3399.988 3399.919 3399.85 3399.781 3399.712 3399.59 3399.439 3399.288 3399.136 3398.946 3398.417 3397.887 3397.357 3396.828 3396.503 3396.335 3396.168 3396.001 3395.848 3396.195 3396.541 3396.887 3397.233 3397.321
3213.066 3213.582 3214.098 3216.733 3221.818 3226.903 3231.988 3237.073 3245.456 3254.096 3262.736 3271.377 3280.048 3288.768 3297.487 3306.207 3314.927 3322.111 3329.036 3335.96 3342.884 3349.703 3356.297 3362.89 3369.484 3376.077 3380.754 3384.898 3389.042 3393.186 3396.51 3397.323 3398.137 3398.95 3399.764 3400.0 3400.0 3400.0 3400.0 3399.994 3399.957 3399.92 3399.884 3399.847 3399.717 3399.533 3399.349 3399.165 3398.926 3398.197 3397.467 3396.738 3396.008 3395.563 3395.336 3395.109 3394.883 3394.676 3395.135 3395.595 3396.055 3396.514 3396.633
3215.548 3216.582 3217.617 3220.825 3226.547 3232.269 3237.991 3243.713 3252.227 3260.959 3269.692 3278.424 3287.083 3295.63 3304.177 3312.724 3321.271 3328.14 3334.724 3341.308 3347.892 3354.361 3360.582 3366.802 3373.023 3379.245 3383.464 3387.127 3390.791 3394.454 3397.366 3397.98 3398.594 3399.208 3399.822 3400.0 3400.0 3400.0 3400.0 3399.999 3399.995 3399.991 3399.987 3399.982 3399.843 3399.627 3399.41 3399.194 3398.906 3397.977 3397.047 3396.118 3395.189 3394.623 3394.337 3394.051 3393.765 3393.503 3394.076 3394.649 3395.223 3395.796 3395.945
3225.091 3226.085 3227.079 3229.919 3234.893 3239.867 3244.841 3249.815 3258.034 3266.505 3274.977 3283.449 3291.883 3300.257 3308.631 3317.005 3325.379 3332.341 3339.064 3345.787 3352.51 3358.962 3364.833 3370.706 3376.577 3382.449 3386.154 3389.258 3392.36 3395.463 3397.921 3398.406 3398.89 3399.375 3399.86 3400.0 3400.0 3400.0 3400.0 3400.0 3400.0 3400.0 3400.0 3400.0 3399.833 3399.57 3399.307 3399.044 3398.699 3397.627 3396.554 3395.482 3394.409 3393.623 3393.056 3392.49 3391.924 3391.383 3391.684 3391.986 3392.287 3392.588 3392.541
3235.693 3236.563 3237.433 3239.763 3243.781 3247.8 3251.818 3255.836 3263.695 3271.854 3280.012 3288.171 3296.346 3304.548 3312.749 3320.95 3329.152 3336.269 3343.202 3350.136 3357.069 3363.554 3369.081 3374.607 3380.133 3385.66 3388.842 3391.372 3393.903 3396.434 3398.431 3398.797 3399.163 3399.528 3399.894 3400.0 3400.0 3400.0 3400.0 3400.0 3400.0 3400.0 3400.0 3400.0 3399.802 3399.49 3399.179 3398.868 3398.465 3397.258 3396.05 3394.843 3393.635 3392.613 3391.733 3390.854 3389.974 3389.12 3389.092 3389.064 3389.036 3389.008 3388.73
3246.295 3247.041 3247.787 3249.607 3252.67 3255.732 3258.795 3261.858 3269.357 3277.202 3285.048 3292.893 3300.81 3308.839 3316.867 3324.896 3332.924 3340.197 3347.341 3354.485 3361.629 3368.147 3373.328 3378.509 3383.689 3388.87 3391.529 3393.487 3395.446 3397.404 3398.941 3399.188 3399.435 3399.681 3399.928 3400.0 3400.0 3400.0 3400.0 3400.0 3400.0 3400.0 3400.0 3400.0 3399.771 3399.411 3399.051 3398.691 3398.231 3396.889 3395.546 3394.203 3392.861 3391.603 3390.41 3389.218 3388.025 3386.856 3386.499 3386.142 3385.785 3385.427 3384.918
3256.897 3257.519 3258.141 3259.451 3261.558 3263.665 3265.772 3267.879 3275.018 3282.55 3290.083 3297.615 3305.274 3313.13 3320.985 3328.841 3336.697 3344.124 3351.479 3358.833 3366.188 3372.74 3377.575 3382.41 3387.245 3392.081 3394.216 3395.602 3396.988 3398.374 3399.45 3399.578 3399.707 3399.835 3399.963 3400.0 3400.0 3400.0 3400.0 3400.0 3400.0 3400.0 3400.0 3400.0 3399.74 3399.331 3398.923 3398.514 3397.997 3396.52 3395.042 3393.564 3392.087 3390.593 3389.087 3387.582 3386.076 3384.594 3383.907 3383.22 3382.534 3381.847 3381.107
3267.065 3267.57 3268.074 3268.914 3270.141 3271.367 3272.594 3273.821 3280.581 3287.773 3294.965 3302.157 3309.596 3317.417 3325.239 3333.061 3340.882 3348.348 3355.752 3363.158 3370.563 3377.001 3381.374 3385.746 3390.119 3394.492 3396.165 3397.088 3398.011 3398.935 3399.65 3399.726 3399.802 3399.877 3399.953 3399.979 3399.985 3399.99 3399.996 3400.0 3400.0 3400.0 3400.0 3400.0 3399.733 3399.313 3398.894 3398.475 3397.944 3396.425 3394.906 3393.387 3391.868 3390.187 3388.38 3386.573 3384.767 3382.978 3381.764 3380.55 3379.336 3378.122 3376.99
3276.364 3276.766 3277.168 3277.615 3278.113 3278.61 3279.108 3279.606 3285.947 3292.745 3299.543 3306.341 3313.635 3321.699 3329.764 3337.828 3345.893 3353.163 3360.298 3367.433 3374.568 3380.6 3384.276 3387.952 3391.628 3395.304 3396.636 3397.316 3397.997 3398.677 3399.229 3399.385 3399.542 3399.699 3399.856 3399.917 3399.939 3399.96 3399.982 3400.0 3400.0 3400.0 3400.0 3400.0 3399.774 3399.419 3399.065 3398.71 3398.253 3396.879 3395.506 3394.133 3392.76 3390.986 3388.904 3386.822 3384.74 3382.657 3380.52 3378.382 3376.245 3374.108 3372.263
3285.663 3285.962 3286.262 3286.315 3286.084 3285.853 3285.622 3285.39 3291.313 3297.717 3304.121 3310.525 3317.674 3325.981 3334.288 3342.596 3350.904 3357.978 3364.843 3371.708 3378.573 3384.199 3387.179 3390.158 3393.138 3396.117 3397.107 3397.545 3397.982 3398.419 3398.808 3399.046 3399.283 3399.521 3399.76 3399.855 3399.893 3399.931 3399.969 3400.0 3400.0 3400.0 3400.0 3400.0 3399.815 3399.526 3399.236 3398.946 3398.562 3397.334 3396.107 3394.879 3393.652 3391.786 3389.428 3387.071 3384.714 3382.336 3379.276 3376.215 3373.154 3370.094 3367.535
3294.962 3295.159 3295.356 3295.016 3294.056 3293.096 3292.135 3291.175 3296.68 3302.689 3308.699 3314.708 3321.713 3330.263 3338.813 3347.364 3355.914 3362.793 3369.388 3375.983 3382.578 3387.798 3390.081 3392.364 3394.647 3396.93 3397.579 3397.773 3397.967 3398.162 3398.386 3398.706 3399.025 3399.344 3399.663 3399.793 3399.847 3399.901 3399.955 3400.0 3400.0 3400.0 3400.0 3400.0 3399.857 3399.632 3399.407 3399.182 3398.87 3397.789 3396.707 3395.625 3394.544 3392.585 3389.953 3387.32 3384.687 3382.015 3378.031 3374.047 3370.063 3366.079 3362.808
3304.261 3304.355 3304.449 3303.717 3302.027 3300.338 3298.649 3296.96 3302.046 3307.661 3313.277 3318.892 3325.751 3334.545 3343.338 3352.132 3360.925 3367.608 3373.933 3380.258 3386.583 3391.397 3392.984 3394.57 3396.157 3397.743 3398.05 3398.001 3397.952 3397.904 3397.966 3398.365 3398.766 3399.166 3399.565 3399.731 3399.802 3399.872 3399.942 3400.0 3400.0 3400.0 3400.0 3400.0 3399.898 3399.738 3399.578 3399.418 3399.179 3398.243 3397.307 3396.371 3395.436 3393.385 3390.477 3387.569 3384.661 3381.694 3376.787 3371.88 3366.972 3362.065 3358.08
3313.082 3312.962 3312.841 3311.805 3309.71 3307.615 3305.519 3303.424 3307.852 3312.789 3317.726 3322.663 3328.94 3337.301 3345.661 3354.022 3362.383 3368.731 3374.739 3380.747 3386.755 3391.292 3392.69 3394.088 3395.486 3396.884 3397.023 3396.813 3396.603 3396.393 3396.367 3396.904 3397.441 3397.978 3398.515 3398.769 3398.907 3399.045 3399.183 3399.315 3399.418 3399.522 3399.625 3399.728 3399.721 3399.652 3399.583 3399.513 3399.346 3398.315 3397.284 3396.253 3395.222 3392.794 3389.292 3385.79 3382.288 3378.726 3373.158 3367.59 3362.021 3356.453 3351.999
3321.781 3321.417 3321.054 3319.738 3317.318 3314.899 3312.48 3310.061 3313.769 3317.955 3322.142 3326.329 3331.912 3339.668 3347.424 3355.18 3362.935 3368.915 3374.593 3380.272 3385.95 3390.245 3391.583 3392.922 3394.26 3395.598 3395.615 3395.265 3394.915 3394.564 3394.47 3395.158 3395.846 3396.534 3397.222 3397.577 3397.796 3398.015 3398.234 3398.456 3398.689 3398.922 3399.155 3399.387 3399.49 3399.517 3399.545 3399.573 3399.477 3398.289 3397.102 3395.914 3394.726 3391.849 3387.672 3383.495 3379.318 3375.084 3368.922 3362.76 3356.597 3350.435 3345.573
3330.48 3329.874 3329.268 3327.67 3324.927 3322.184 3319.441 3316.698 3319.686 3323.122 3326.558 3329.994 3334.884 3342.035 3349.186 3356.337 3363.488 3369.099 3374.448 3379.797 3385.146 3389.197 3390.476 3391.755 3393.034 3394.313 3394.207 3393.716 3393.226 3392.735 3392.572 3393.411 3394.25 3395.09 3395.929 3396.385 3396.686 3396.986 3397.286 3397.597 3397.959 3398.322 3398.684 3399.047 3399.258 3399.382 3399.507 3399.632 3399.608 3398.264 3396.92 3395.575 3394.231 3390.904 3386.052 3381.2 3376.348 3371.441 3364.685 3357.929 3351.173 3344.417 3339.147
3339.179 3338.33 3337.48 3335.603 3332.536 3329.469 3326.401 3323.334 3325.603 3328.288 3330.974 3333.66 3337.856 3344.402 3350.948 3357.495 3364.041 3369.282 3374.302 3379.322 3384.341 3388.149 3389.369 3390.589 3391.808 3393.028 3392.799 3392.168 3391.537 3390.906 3390.674 3391.665 3392.655 3393.646 3394.636 3395.194 3395.575 3395.956 3396.337 3396.737 3397.229 3397.721 3398.214 3398.706 3399.026 3399.248 3399.47 3399.692 3399.739 3398.238 3396.738 3395.237 3393.736 3389.959 3384.433 3378.906 3373.379 3367.799 3360.449 3353.099 3345.749 3338.399 3332.722
3347.649 3346.577 3345.504 3343.406 3340.122 3336.838 3333.554 3330.27 3331.855 3333.822 3335.788 3337.754 3341.252 3347.135 3353.017 3358.899 3364.782 3369.586 3374.207 3378.828 3383.449 3386.961 3388.1 3389.239 3390.378 3391.517 3391.159 3390.385 3389.61 3388.836 3388.506 3389.537 3390.567 3391.597 3392.628 3393.177 3393.531 3393.885 3394.238 3394.625 3395.169 3395.713 3396.258 3396.802 3397.116 3397.3 3397.484 3397.668 3397.666 3396.011 3394.357 3392.702 3391.048 3386.902 3380.839 3374.777 3368.714 3362.607 3355.016 3347.424 3339.832 3332.241 3326.409
3355.471 3354.231 3352.991 3350.843 3347.646 3344.448 3341.25 3338.052 3339.058 3340.393 3341.727 3343.062 3345.85 3350.901 3355.952 3361.002 3366.053 3370.229 3374.256 3378.284 3382.311 3385.373 3386.372 3387.37 3388.369 3389.368 3388.861 3387.935 3387.01 3386.084 3385.573 3386.328 3387.083 3387.838 3388.593 3388.825 3388.844 3388.863 3388.881 3388.962 3389.339 3389.716 3390.093 3390.47 3390.455 3390.218 3389.981 3389.744 3389.348 3387.548 3385.748 3383.947 3382.147 3377.858 3371.655 3365.452 3359.25 3353.028 3346.192 3339.357 3332.521 3325.685 3320.418
3363.293 3361.885 3360.478 3358.281 3355.169 3352.058 3348.947 3345.835 3346.262 3346.964 3347.667 3348.369 3350.448 3354.667 3358.886 3363.106 3367.325 3370.872 3374.306 3377.739 3381.172 3383.785 3384.643 3385.502 3386.36 3387.218 3386.562 3385.486 3384.409 3383.332 3382.639 3383.119 3383.598 3384.078 3384.558 3384.472 3384.156 3383.84 3383.524 3383.3 3383.509 3383.719 3383.928 3384.138 3383.794 3383.135 3382.477 3381.819 3381.03 3379.084 3377.138 3375.192 3373.245 3368.814 3362.471 3356.127 3349.784 3343.448 3337.369 3331.289 3325.209 3319.129 3314.426
3371.114 3369.54 3367.965 3365.718 3362.693 3359.668 3356.643 3353.618 3353.465 3353.535 3353.606 3353.677 3355.046 3358.434 3361.821 3365.209 3368.596 3371.515 3374.355 3377.194 3380.034 3382.197 3382.915 3383.633 3384.351 3385.069 3384.264 3383.036 3381.808 3380.581 3379.706 3379.91 3380.114 3380.318 3380.523 3380.12 3379.469 3378.818 3378.167 3377.637 3377.679 3377.721 3377.763 3377.806 3377.133 3376.053 3374.974 3373.894 3372.712 3370.62 3368.528 3366.437 3364.344 3359.77 3353.287 3346.803 3340.319 3333.869 3328.545 3323.221 3317.897 3312.573 3308.435
3378.936 3377.194 3375.452 3373.155 3370.216 3367.278 3364.339 3361.401 3360.668 3360.107 3359.546 3358.985 3359.644 3362.2 3364.756 3367.312 3369.868 3372.159 3374.404 3376.65 3378.895 3380.609 3381.187 3381.764 3382.342 3382.919 3381.966 3380.587 3379.208 3377.829 3376.772 3376.701 3376.63 3376.559 3376.488 3375.767 3374.781 3373.796 3372.811 3371.975 3371.849 3371.724 3371.599 3371.473 3370.471 3368.97 3367.47 3365.969 3364.394 3362.156 3359.919 3357.681 3355.443 3350.726 3344.102 3337.478 3330.854 3324.289 3319.721 3315.153 3310.585 3306.017 3302.443
3384.183 3382.61 3381.037 3378.9 3376.11 3373.321 3370.531 3367.741 3366.716 3365.829 3364.941 3364.054 3364.368 3366.55 3368.732 3370.915 3373.097 3374.896 3376.629 3378.363 3380.097 3381.311 3381.416 3381.521 3381.625 3381.73 3380.426 3378.732 3377.037 3375.343 3373.926 3373.361 3372.795 3372.229 3371.664 3370.549 3369.208 3367.869 3366.529 3365.296 3364.573 3363.85 3363.127 3362.404 3360.941 3359.059 3357.176 3355.293 3353.401 3351.425 3349.448 3347.472 3345.495 3341.334 3335.493 3329.652 3323.811 3318.027 3314.164 3310.302 3306.438 3302.575 3299.442
3388.451 3387.175 3385.899 3384.001 3381.385 3378.768 3376.151 3373.534 3372.326 3371.228 3370.13 3369.032 3369.14 3371.122 3373.104 3375.087 3377.07 3378.428 3379.682 3380.935 3382.188 3382.884 3382.389 3381.894 3381.4 3380.905 3379.175 3377.103 3375.03 3372.958 3371.114 3369.97 3368.827 3367.684 3366.541 3365.001 3363.299 3361.597 3359.896 3358.232 3356.747 3355.263 3353.778 3352.294 3350.321 3348.071 3345.822 3343.572 3341.392 3339.831 3338.271 3336.71 3335.149 3331.81 3327.103 3322.396 3317.689 3313.026 3309.849 3306.672 3303.494 3300.317 3297.576
3392.719 3391.74 3390.761 3389.103 3386.659 3384.215 3381.771 3379.327 3377.936 3376.628 3375.319 3374.01 3373.912 3375.694 3377.477 3379.26 3381.042 3381.961 3382.734 3383.506 3384.279 3384.456 3383.362 3382.268 3381.174 3380.08 3377.924 3375.473 3373.023 3370.572 3368.301 3366.58 3364.859 3363.138 3361.417 3359.453 3357.389 3355.326 3353.262 3351.167 3348.921 3346.675 3344.429 3342.183 3339.701 3337.084 3334.467 3331.85 3329.383 3328.238 3327.093 3325.947 3324.802 3322.285 3318.712 3315.139 3311.566 3308.024 3305.533 3303.042 3300.55 3298.059 3295.711
3396.988 3396.306 3395.624 3394.205 3391.933 3389.662 3387.391 3385.12 3383.546 3382.027 3380.508 3378.989 3378.684 3380.266 3381.849 3383.432 3385.015 3385.494 3385.786 3386.078 3386.37 3386.029 3384.335 3382.642 3380.948 3379.255 3376.673 3373.844 3371.016 3368.187 3365.489 3363.19 3360.891 3358.593 3356.293 3353.905 3351.48 3349.054 3346.629 3344.103 3341.095 3338.088 3335.081 3332.073 3329.081 3326.097 3323.113 3320.128 3317.373 3316.644 3315.915 3315.186 3314.456 3312.76 3310.322 3307.883 3305.444 3303.023 3301.217 3299.411 3297.606 3295.8 3293.846
