data/zism_data/00549_03_D.txt
ncols         224
nrows         224
[rows 0 to 28 of 224, columns 128 to 191 of 224]
1350.817 1351.272 1351.726 1352.774 1355.502 1358.23 1360.958 1363.686 1366.151 1368.516 1370.881 1373.247 1375.544 1377.546 1379.548 1381.551 1383.553 1385.446 1387.282 1389.117 1390.953 1392.725 1394.014 1395.303 1396.592 1397.882 1398.625 1398.972 1399.32 1399.668 1400.0 1400.0 1400.0 1400.0 1400.0 1400.0 1400.0 1400.0 1400.0 1400.0 1400.0 1400.0 1400.0 1400.0 1400.0 1400.0 1400.0 1400.0 1400.0 1399.872 1399.73 1399.587 1399.445 1398.79 1397.233 1395.676 1394.119 1392.562 1389.474 1386.065 1382.656 1379.246 1375.814 1372.327
1350.73 1351.137 1351.543 1352.528 1355.151 1357.774 1360.396 1363.019 1365.437 1367.777 1370.117 1372.458 1374.74 1376.774 1378.807 1380.841 1382.875 1384.801 1386.668 1388.536 1390.404 1392.211 1393.557 1394.902 1396.248 1397.594 1398.395 1398.8 1399.206 1399.612 1400.0 1400.0 1400.0 1400.0 1400.0 1400.0 1400.0 1400.0 1400.0 1400.0 1400.0 1400.0 1400.0 1400.0 1400.0 1400.0 1400.0 1400.0 1400.0 1399.851 1399.685 1399.518 1399.352 1398.613 1396.866 1395.119 1393.372 1391.625 1388.38 1384.819 1381.258 1377.697 1374.161 1370.688
1350.644 1351.002 1351.36 1352.274 1354.763 1357.252 1359.741 1362.229 1364.599 1366.923 1369.247 1371.571 1373.853 1375.957 1378.06 1380.164 1382.267 1384.245 1386.156 1388.066 1389.977 1391.825 1393.203 1394.581 1395.959 1397.337 1398.183 1398.642 1399.101 1399.561 1400.0 1400.0 1400.0 1400.0 1400.0 1400.0 1400.0 1400.0 1400.0 1400.0 1400.0 1400.0 1400.0 1400.0 1400.0 1400.0 1400.0 1400.0 1400.0 1399.827 1399.634 1399.441 1399.248 1398.426 1396.496 1394.567 1392.638 1390.709 1387.308 1383.597 1379.885 1376.175 1372.554 1369.155
1350.557 1350.867 1351.177 1352.02 1354.375 1356.73 1359.085 1361.44 1363.76 1366.068 1368.376 1370.684 1372.967 1375.14 1377.313 1379.486 1381.659 1383.689 1385.643 1387.596 1389.55 1391.44 1392.85 1394.26 1395.67 1397.08 1397.97 1398.483 1398.996 1399.509 1400.0 1400.0 1400.0 1400.0 1400.0 1400.0 1400.0 1400.0 1400.0 1400.0 1400.0 1400.0 1400.0 1400.0 1400.0 1400.0 1400.0 1400.0 1400.0 1399.802 1399.583 1399.363 1399.143 1398.238 1396.127 1394.015 1391.904 1389.792 1386.235 1382.374 1378.513 1374.652 1370.947 1367.623
1350.47 1350.732 1350.994 1351.766 1353.987 1356.208 1358.429 1360.65 1362.922 1365.214 1367.506 1369.797 1372.08 1374.323 1376.566 1378.809 1381.052 1383.134 1385.13 1387.126 1389.123 1391.055 1392.497 1393.939 1395.382 1396.824 1397.758 1398.325 1398.891 1399.458 1400.0 1400.0 1400.0 1400.0 1400.0 1400.0 1400.0 1400.0 1400.0 1400.0 1400.0 1400.0 1400.0 1400.0 1400.0 1400.0 1400.0 1400.0 1400.0 1399.778 1399.532 1399.285 1399.039 1398.05 1395.757 1393.463 1391.169 1388.875 1385.163 1381.152 1377.14 1373.129 1369.339 1366.091
1350.4 1350.623 1350.846 1351.559 1353.66 1355.761 1357.862 1359.963 1362.191 1364.469 1366.746 1369.023 1371.306 1373.609 1375.913 1378.217 1380.521 1382.646 1384.676 1386.706 1388.736 1390.7 1392.165 1393.63 1395.095 1396.56 1397.53 1398.141 1398.752 1399.363 1399.947 1399.951 1399.955 1399.959 1399.963 1399.968 1399.974 1399.98 1399.986 1399.993 1399.994 1399.996 1399.998 1399.999 1399.999 1399.998 1399.996 1399.995 1399.993 1399.749 1399.478 1399.207 1398.936 1397.875 1395.424 1392.974 1390.522 1388.072 1384.215 1380.062 1375.909 1371.757 1367.885 1364.701
1350.429 1350.668 1350.907 1351.622 1353.685 1355.749 1357.812 1359.876 1362.09 1364.362 1366.634 1368.906 1371.186 1373.501 1375.815 1378.13 1380.445 1382.559 1384.568 1386.576 1388.585 1390.526 1391.959 1393.392 1394.825 1396.258 1397.208 1397.808 1398.408 1399.008 1399.583 1399.614 1399.645 1399.676 1399.706 1399.746 1399.795 1399.845 1399.894 1399.943 1399.956 1399.969 1399.981 1399.993 1399.995 1399.982 1399.97 1399.958 1399.946 1399.691 1399.409 1399.128 1398.846 1397.774 1395.313 1392.851 1390.389 1387.927 1383.994 1379.75 1375.506 1371.262 1367.327 1364.149
1350.458 1350.713 1350.968 1351.685 1353.711 1355.737 1357.763 1359.789 1361.989 1364.256 1366.522 1368.789 1371.066 1373.392 1375.717 1378.042 1380.368 1382.473 1384.459 1386.447 1388.433 1390.352 1391.753 1393.154 1394.555 1395.955 1396.886 1397.475 1398.064 1398.654 1399.22 1399.277 1399.335 1399.392 1399.45 1399.525 1399.617 1399.709 1399.801 1399.893 1399.918 1399.941 1399.964 1399.987 1399.99 1399.967 1399.944 1399.921 1399.898 1399.633 1399.34 1399.048 1398.755 1397.673 1395.201 1392.728 1390.256 1387.784 1383.772 1379.438 1375.103 1370.768 1366.77 1363.597
1350.487 1350.758 1351.029 1351.748 1353.737 1355.725 1357.713 1359.702 1361.888 1364.149 1366.41 1368.672 1370.947 1373.283 1375.619 1377.955 1380.291 1382.386 1384.351 1386.317 1388.282 1390.178 1391.547 1392.916 1394.284 1395.653 1396.563 1397.142 1397.72 1398.299 1398.856 1398.941 1399.025 1399.109 1399.193 1399.303 1399.438 1399.573 1399.708 1399.843 1399.88 1399.913 1399.947 1399.981 1399.985 1399.952 1399.918 1399.884 1399.85 1399.575 1399.271 1398.968 1398.665 1397.572 1395.089 1392.606 1390.123 1387.64 1383.551 1379.125 1374.699 1370.273 1366.212 1363.044
1350.516 1350.803 1351.09 1351.811 1353.762 1355.713 1357.664 1359.615 1361.787 1364.043 1366.298 1368.554 1370.827 1373.174 1375.521 1377.868 1380.215 1382.299 1384.243 1386.187 1388.131 1390.005 1391.341 1392.677 1394.014 1395.35 1396.241 1396.809 1397.377 1397.945 1398.493 1398.604 1398.715 1398.826 1398.937 1399.082 1399.26 1399.438 1399.615 1399.793 1399.842 1399.886 1399.93 1399.975 1399.981 1399.936 1399.892 1399.847 1399.803 1399.516 1399.202 1398.889 1398.575 1397.471 1394.977 1392.483 1389.989 1387.495 1383.33 1378.813 1374.296 1369.779 1365.654 1362.492
1350.762 1351.14 1351.517 1352.285 1354.162 1356.038 1357.914 1359.791 1361.902 1364.103 1366.304 1368.505 1370.726 1373.031 1375.336 1377.641 1379.946 1381.971 1383.848 1385.724 1387.6 1389.41 1390.714 1392.018 1393.323 1394.627 1395.509 1396.084 1396.66 1397.236 1397.795 1397.995 1398.195 1398.394 1398.594 1398.808 1399.035 1399.261 1399.488 1399.715 1399.781 1399.843 1399.904 1399.965 1399.973 1399.912 1399.851 1399.789 1399.728 1399.355 1398.947 1398.539 1398.131 1396.962 1394.454 1391.947 1389.439 1386.931 1382.808 1378.345 1373.882 1369.419 1365.339 1362.198
1351.168 1351.69 1352.213 1353.061 1354.836 1356.61 1358.385 1360.159 1362.177 1364.286 1366.396 1368.506 1370.638 1372.862 1375.087 1377.312 1379.536 1381.467 1383.242 1385.016 1386.79 1388.507 1389.779 1391.051 1392.323 1393.595 1394.476 1395.073 1395.67 1396.267 1396.853 1397.186 1397.52 1397.854 1398.188 1398.494 1398.775 1399.055 1399.336 1399.616 1399.705 1399.788 1399.87 1399.953 1399.964 1399.881 1399.798 1399.716 1399.633 1399.118 1398.555 1397.991 1397.427 1396.154 1393.63 1391.106 1388.582 1386.059 1382.066 1377.764 1373.461 1369.159 1365.203 1362.093
1351.574 1352.241 1352.908 1353.837 1355.51 1357.182 1358.855 1360.527 1362.451 1364.47 1366.488 1368.507 1370.55 1372.694 1374.838 1376.982 1379.126 1380.963 1382.636 1384.308 1385.981 1387.603 1388.843 1390.083 1391.323 1392.563 1393.442 1394.061 1394.68 1395.298 1395.91 1396.378 1396.846 1397.313 1397.781 1398.181 1398.515 1398.849 1399.183 1399.518 1399.628 1399.733 1399.837 1399.941 1399.955 1399.85 1399.746 1399.642 1399.538 1398.881 1398.162 1397.443 1396.724 1395.345 1392.806 1390.266 1387.726 1385.186 1381.323 1377.182 1373.04 1368.899 1365.066 1361.989
1351.98 1352.792 1353.604 1354.613 1356.184 1357.755 1359.325 1360.896 1362.725 1364.653 1366.581 1368.508 1370.462 1372.525 1374.589 1376.653 1378.717 1380.459 1382.03 1383.6 1385.171 1386.7 1387.907 1389.115 1390.323 1391.531 1392.409 1393.049 1393.689 1394.329 1394.968 1395.569 1396.171 1396.773 1397.375 1397.868 1398.256 1398.643 1399.031 1399.419 1399.552 1399.678 1399.803 1399.929 1399.945 1399.82 1399.694 1399.568 1399.443 1398.644 1397.77 1396.895 1396.021 1394.537 1391.981 1389.425 1386.869 1384.313 1380.581 1376.6 1372.619 1368.639 1364.929 1361.885
1352.388 1353.344 1354.3 1355.389 1356.858 1358.327 1359.796 1361.266 1363.0 1364.837 1366.673 1368.509 1370.372 1372.355 1374.338 1376.321 1378.304 1379.952 1381.422 1382.891 1384.361 1385.796 1386.972 1388.147 1389.323 1390.499 1391.377 1392.038 1392.7 1393.362 1394.027 1394.762 1395.497 1396.232 1396.967 1397.553 1397.994 1398.435 1398.876 1399.317 1399.473 1399.62 1399.767 1399.914 1399.933 1399.785 1399.638 1399.49 1399.342 1398.401 1397.371 1396.341 1395.31 1393.722 1391.15 1388.578 1386.006 1383.434 1379.831 1376.01 1372.19 1368.37 1364.784 1361.773
1353.059 1354.063 1355.066 1356.173 1357.573 1358.972 1360.372 1361.771 1363.378 1365.064 1366.75 1368.436 1370.153 1372.002 1373.851 1375.7 1377.549 1379.129 1380.566 1382.003 1383.441 1384.848 1386.023 1387.199 1388.375 1389.551 1390.456 1391.166 1391.876 1392.586 1393.299 1394.066 1394.833 1395.6 1396.367 1396.977 1397.434 1397.891 1398.349 1398.806 1398.993 1399.172 1399.352 1399.531 1399.522 1399.267 1399.012 1398.757 1398.502 1397.362 1396.123 1394.884 1393.644 1391.92 1389.343 1386.766 1384.188 1381.611 1378.078 1374.343 1370.609 1366.874 1363.419 1360.649
1353.729 1354.781 1355.833 1356.958 1358.287 1359.617 1360.947 1362.277 1363.756 1365.292 1366.827 1368.363 1369.933 1371.648 1373.363 1375.078 1376.793 1378.306 1379.711 1381.116 1382.521 1383.899 1385.075 1386.251 1387.427 1388.602 1389.536 1390.294 1391.052 1391.81 1392.57 1393.37 1394.169 1394.969 1395.768 1396.402 1396.875 1397.348 1397.821 1398.295 1398.514 1398.725 1398.937 1399.148 1399.11 1398.748 1398.386 1398.024 1397.662 1396.323 1394.875 1393.427 1391.978 1390.119 1387.536 1384.953 1382.371 1379.788 1376.325 1372.676 1369.027 1365.378 1362.054 1359.526
1354.399 1355.5 1356.6 1357.742 1359.002 1360.262 1361.522 1362.782 1364.133 1365.519 1366.905 1368.291 1369.713 1371.294 1372.875 1374.456 1376.037 1377.482 1378.855 1380.228 1381.601 1382.951 1384.127 1385.302 1386.478 1387.654 1388.616 1389.422 1390.228 1391.035 1391.842 1392.674 1393.505 1394.337 1395.168 1395.826 1396.316 1396.805 1397.294 1397.783 1398.034 1398.278 1398.522 1398.765 1398.699 1398.23 1397.76 1397.291 1396.822 1395.285 1393.627 1391.969 1390.312 1388.317 1385.729 1383.141 1380.553 1377.965 1374.572 1371.009 1367.446 1363.883 1360.689 1358.402
1355.07 1356.218 1357.367 1358.526 1359.717 1360.907 1362.097 1363.288 1364.511 1365.746 1366.982 1368.218 1369.493 1370.94 1372.387 1373.834 1375.281 1376.659 1377.999 1379.34 1380.681 1382.002 1383.178 1384.354 1385.53 1386.706 1387.695 1388.55 1389.405 1390.259 1391.114 1391.978 1392.842 1393.705 1394.569 1395.251 1395.756 1396.262 1396.767 1397.272 1397.555 1397.831 1398.107 1398.382 1398.288 1397.711 1397.134 1396.558 1395.981 1394.246 1392.379 1390.512 1388.646 1386.516 1383.922 1381.329 1378.736 1376.143 1372.819 1369.342 1365.864 1362.387 1359.325 1357.278
1355.658 1356.791 1357.925 1359.06 1360.199 1361.339 1362.478 1363.618 1364.757 1365.897 1367.036 1368.176 1369.358 1370.725 1372.092 1373.459 1374.826 1376.15 1377.452 1378.753 1380.055 1381.341 1382.507 1383.673 1384.84 1386.006 1387.013 1387.904 1388.795 1389.686 1390.576 1391.42 1392.264 1393.108 1393.952 1394.613 1395.094 1395.576 1396.057 1396.539 1396.838 1397.132 1397.426 1397.72 1397.586 1396.895 1396.204 1395.513 1394.822 1392.965 1390.976 1388.988 1386.999 1384.798 1382.225 1379.653 1377.08 1374.507 1371.269 1367.892 1364.515 1361.137 1358.206 1356.368
1356.141 1357.178 1358.215 1359.272 1360.384 1361.497 1362.61 1363.722 1364.835 1365.948 1367.06 1368.173 1369.332 1370.688 1372.044 1373.4 1374.757 1376.046 1377.299 1378.552 1379.806 1381.046 1382.191 1383.336 1384.481 1385.626 1386.636 1387.549 1388.462 1389.374 1390.28 1391.038 1391.797 1392.555 1393.314 1393.894 1394.3 1394.707 1395.113 1395.52 1395.817 1396.111 1396.405 1396.699 1396.511 1395.697 1394.883 1394.068 1393.254 1391.375 1389.375 1387.376 1385.376 1383.189 1380.669 1378.15 1375.631 1373.112 1369.981 1366.721 1363.462 1360.202 1357.403 1355.731
1356.624 1357.565 1358.505 1359.484 1360.569 1361.655 1362.741 1363.827 1364.913 1365.999 1367.085 1368.171 1369.305 1370.651 1371.996 1373.342 1374.688 1375.941 1377.146 1378.351 1379.556 1380.752 1381.875 1382.999 1384.123 1385.246 1386.26 1387.194 1388.128 1389.062 1389.984 1390.657 1391.33 1392.003 1392.675 1393.175 1393.506 1393.838 1394.169 1394.501 1394.796 1395.089 1395.383 1395.677 1395.436 1394.499 1393.561 1392.624 1391.686 1389.785 1387.775 1385.764 1383.754 1381.579 1379.113 1376.648 1374.182 1371.716 1368.692 1365.551 1362.409 1359.267 1356.6 1355.095
1357.107 1357.951 1358.795 1359.695 1360.754 1361.813 1362.873 1363.932 1364.991 1366.05 1367.109 1368.168 1369.279 1370.614 1371.949 1373.283 1374.618 1375.837 1376.994 1378.151 1379.307 1380.458 1381.56 1382.662 1383.764 1384.866 1385.883 1386.839 1387.794 1388.75 1389.689 1390.276 1390.863 1391.45 1392.037 1392.456 1392.712 1392.969 1393.225 1393.482 1393.774 1394.068 1394.362 1394.656 1394.361 1393.3 1392.24 1391.179 1390.118 1388.195 1386.174 1384.153 1382.132 1379.969 1377.557 1375.145 1372.733 1370.321 1367.404 1364.38 1361.356 1358.333 1355.797 1354.458
1357.59 1358.338 1359.085 1359.907 1360.939 1361.972 1363.004 1364.036 1365.068 1366.101 1367.133 1368.166 1369.253 1370.577 1371.901 1373.225 1374.549 1375.733 1376.841 1377.95 1379.058 1380.163 1381.244 1382.325 1383.405 1384.486 1385.506 1386.483 1387.46 1388.437 1389.394 1389.895 1390.396 1390.897 1391.398 1391.737 1391.918 1392.1 1392.281 1392.462 1392.753 1393.047 1393.341 1393.635 1393.286 1392.102 1390.918 1389.734 1388.55 1386.605 1384.573 1382.541 1380.509 1378.359 1376.001 1373.642 1371.284 1368.926 1366.115 1363.209 1360.304 1357.398 1354.994 1353.821
1358.097 1358.832 1359.567 1360.371 1361.372 1362.373 1363.374 1364.375 1365.375 1366.376 1367.377 1368.378 1369.432 1370.712 1371.993 1373.274 1374.555 1375.719 1376.821 1377.923 1379.026 1380.119 1381.146 1382.172 1383.199 1384.225 1385.198 1386.131 1387.064 1387.997 1388.909 1389.348 1389.786 1390.225 1390.663 1390.929 1391.026 1391.123 1391.22 1391.317 1391.551 1391.789 1392.027 1392.265 1391.874 1390.664 1389.455 1388.245 1387.036 1385.082 1383.044 1381.006 1378.969 1376.827 1374.504 1372.18 1369.857 1367.533 1364.873 1362.141 1359.409 1356.677 1354.434 1353.39
1358.608 1359.343 1360.078 1360.874 1361.842 1362.811 1363.779 1364.748 1365.717 1366.685 1367.654 1368.623 1369.641 1370.874 1372.106 1373.339 1374.571 1375.719 1376.821 1377.923 1379.026 1380.112 1381.08 1382.047 1383.015 1383.983 1384.899 1385.779 1386.658 1387.538 1388.396 1388.775 1389.155 1389.535 1389.914 1390.107 1390.118 1390.13 1390.141 1390.152 1390.321 1390.495 1390.668 1390.842 1390.41 1389.19 1387.969 1386.749 1385.529 1383.569 1381.526 1379.483 1377.44 1375.307 1373.016 1370.724 1368.433 1366.142 1363.637 1361.087 1358.538 1355.988 1353.911 1352.99
1359.119 1359.854 1360.588 1361.376 1362.312 1363.249 1364.185 1365.122 1366.058 1366.995 1367.931 1368.868 1369.851 1371.035 1372.22 1373.404 1374.588 1375.719 1376.821 1377.923 1379.026 1380.105 1381.014 1381.922 1382.831 1383.74 1384.6 1385.427 1386.252 1387.078 1387.882 1388.203 1388.524 1388.845 1389.165 1389.286 1389.211 1389.136 1389.062 1388.987 1389.091 1389.201 1389.31 1389.42 1388.946 1387.715 1386.484 1385.253 1384.022 1382.057 1380.008 1377.96 1375.911 1373.787 1371.528 1369.268 1367.009 1364.75 1362.402 1360.034 1357.667 1355.299 1353.387 1352.589
1359.629 1360.364 1361.099 1361.878 1362.782 1363.687 1364.591 1365.495 1366.4 1367.304 1368.208 1369.113 1370.061 1371.197 1372.333 1373.469 1374.605 1375.719 1376.821 1377.923 1379.026 1380.098 1380.948 1381.798 1382.647 1383.497 1384.302 1385.074 1385.847 1386.619 1387.369 1387.631 1387.893 1388.155 1388.416 1388.464 1388.304 1388.143 1387.983 1387.823 1387.862 1387.907 1387.952 1387.997 1387.483 1386.241 1384.999 1383.758 1382.516 1380.544 1378.491 1376.437 1374.383 1372.266 1370.039 1367.813 1365.585 1363.359 1361.166 1358.981 1356.796 1354.611 1352.863 1352.189
1359.987 1360.722 1361.457 1362.234 1363.13 1364.026 1364.922 1365.819 1366.709 1367.597 1368.486 1369.374 1370.297 1371.368 1372.44 1373.512 1374.584 1375.669 1376.761 1377.854 1378.947 1380.005 1380.806 1381.606 1382.406 1383.207 1383.957 1384.671 1385.385 1386.099 1386.791 1387.002 1387.213 1387.423 1387.634 1387.622 1387.394 1387.165 1386.937 1386.708 1386.672 1386.642 1386.611 1386.581 1386.015 1384.753 1383.491 1382.229 1380.967 1379.013 1376.981 1374.949 1372.917 1370.823 1368.62 1366.418 1364.215 1362.012 1359.97 1357.963 1355.955 1353.947 1352.36 1351.804
