data/zism_data/00541_04_D.txt
ncols         224
nrows         224
[rows 186 to 216 of 224, columns 71 to 141 of 224]
202.2533 201.8853 201.5173 201.1493 200.7813 200.5328 200.4003 200.2678 200.1354 200.0029 200.0 200.0 200.0 200.0 200.0 200.0 200.0 200.0 200.0 200.0 200.0 200.0 200.0 200.0 200.0 200.0 200.0 200.0 200.0 200.0 200.0 200.0 200.0 200.0 200.0 200.0 200.0 200.0 200.0 200.0 200.0 200.0 200.0 200.0 200.0 200.0 200.0 200.0 200.0 200.0 200.0 200.0 200.0 200.0 200.0 200.2736 200.6711 201.0685 201.4659 202.5862 207.5174 212.4488 217.3802 222.3116 229.0522 236.8537 244.6553 252.4565 260.1103 266.4547 272.799
202.4725 202.1046 201.7365 201.3685 201.0005 200.7274 200.5466 200.3657 200.1848 200.0039 200.0 200.0 200.0 200.0 200.0 200.0 200.0 200.0 200.0 200.0 200.0 200.0 200.0 200.0 200.0 200.0 200.0 200.0 200.0 200.0 200.0 200.0 200.0 200.0 200.0 200.0 200.0 200.0 200.0 200.0 200.0 200.0 200.0 200.0 200.0 200.0 200.0 200.0 200.0 200.0 200.0 200.0 200.0 200.0 200.0 200.1514 200.3714 200.5914 200.8114 201.6667 205.872 210.0774 214.2828 218.4882 224.7402 232.1922 239.6442 247.0959 254.4825 261.2894 268.0961
202.6405 202.2726 201.9045 201.5365 201.1685 200.8766 200.6587 200.4407 200.2227 200.0047 200.0 200.0 200.0 200.0 200.0 200.0 200.0 200.0 200.0 200.0 200.0 200.0 200.0 200.0 200.0 200.0 200.0 200.0 200.0 200.0 200.0 200.0 200.0 200.0 200.0 200.0 200.0 200.0 200.0 200.0 200.0 200.0 200.0 200.0 200.0 200.0 200.0 200.0 200.0 200.0 200.0 200.0 200.0 200.0 200.0 200.0487 200.1195 200.1903 200.2611 200.881 204.3961 207.9113 211.4265 214.9417 220.7289 227.8483 234.9678 242.0869 249.2191 256.464 263.7087
202.5675 202.1995 201.8315 201.4635 201.0955 200.8117 200.6099 200.4081 200.2062 200.0044 200.0 200.0 200.0 200.0 200.0 200.0 200.0 200.0 200.0 200.0 200.0 200.0 200.0 200.0 200.0 200.0 200.0 200.0 200.0 200.0 200.0 200.0 200.0 200.0 200.0 200.0 200.0 200.0 200.0 200.0 200.0 200.0 200.0 200.0 200.0 200.0 200.0 200.0 200.0 200.0 200.0 200.0 200.0 200.0 200.0 200.0376 200.0923 200.1469 200.2016 200.7247 203.7182 206.7117 209.7052 212.6987 218.1339 225.0005 231.8672 238.7336 245.6713 253.2389 260.8063
202.4944 202.1264 201.7584 201.3904 201.0224 200.7469 200.5611 200.3754 200.1897 200.004 200.0 200.0 200.0 200.0 200.0 200.0 200.0 200.0 200.0 200.0 200.0 200.0 200.0 200.0 200.0 200.0 200.0 200.0 200.0 200.0 200.0 200.0 200.0 200.0 200.0 200.0 200.0 200.0 200.0 200.0 200.0 200.0 200.0 200.0 200.0 200.0 200.0 200.0 200.0 200.0 200.0 200.0 200.0 200.0 200.0 200.0265 200.065 200.1035 200.142 200.5685 203.0403 205.5121 207.9839 210.4558 215.5388 222.1527 228.7666 235.3802 242.1236 250.0139 257.9039
202.4213 202.0533 201.6853 201.3173 200.9493 200.682 200.5124 200.3428 200.1732 200.0037 200.0 200.0 200.0 200.0 200.0 200.0 200.0 200.0 200.0 200.0 200.0 200.0 200.0 200.0 200.0 200.0 200.0 200.0 200.0 200.0 200.0 200.0 200.0 200.0 200.0 200.0 200.0 200.0 200.0 200.0 200.0 200.0 200.0 200.0 200.0 200.0 200.0 200.0 200.0 200.0 200.0 200.0 200.0 200.0 200.0 200.0154 200.0378 200.0602 200.0825 200.4123 202.3624 204.3125 206.2627 208.2129 212.9437 219.3048 225.666 232.0269 238.5759 246.7888 255.0015
202.3483 201.9803 201.6122 201.2442 200.8762 200.6171 200.4636 200.3102 200.1568 200.0033 200.0 200.0 200.0 200.0 200.0 200.0 200.0 200.0 200.0 200.0 200.0 200.0 200.0 200.0 200.0 200.0 200.0 200.0 200.0 200.0 200.0 200.0 200.0 200.0 200.0 200.0 200.0 200.0 200.0 200.0 200.0 200.0 200.0 200.0 200.0 200.0 200.0 200.0 200.0 200.0 200.0 200.0 200.0 200.0 200.0 200.0043 200.0105 200.0168 200.023 200.256 201.6844 203.1129 204.5414 205.9699 210.3486 216.457 222.5654 228.6735 235.0281 243.5637 252.0991
202.1415 201.7933 201.4451 201.0968 200.7486 200.5124 200.385 200.2576 200.1302 200.0028 200.0 200.0 200.0 200.0 200.0 200.0 200.0 200.0 200.0 200.0 200.0 200.0 200.0 200.0039 200.0138 200.0237 200.0335 200.0434 200.0619 200.0816 200.1014 200.1212 200.1245 200.0948 200.0652 200.0355 200.0058 200.0 200.0 200.0 200.0 200.0 200.0 200.0 200.0 200.0 200.0 200.0 200.0 200.0 200.0 200.0 200.0 200.0 200.0 200.0 200.0 200.0 200.0 200.1724 201.254 202.3356 203.4172 204.4988 208.4839 214.1714 219.8588 225.5461 231.5344 240.1883 248.8419
201.8504 201.5345 201.2185 200.9025 200.5866 200.3826 200.2875 200.1924 200.0972 200.0021 200.0 200.0 200.0 200.0 200.0 200.0 200.0 200.0 200.0 200.0 200.0 200.0 200.0 200.0102 200.0362 200.0622 200.0883 200.1143 200.1628 200.2148 200.2668 200.3189 200.3276 200.2495 200.1714 200.0934 200.0153 200.0 200.0 200.0 200.0 200.0 200.0 200.0 200.0 200.0 200.0 200.0 200.0 200.0 200.0 200.0 200.0 200.0 200.0 200.0 200.0 200.0 200.0 200.1347 200.9797 201.8246 202.6696 203.5146 207.0801 212.2405 217.4009 222.5612 228.0749 236.718 245.3609
201.5593 201.2756 200.9919 200.7083 200.4246 200.2529 200.19 200.1271 200.0643 200.0014 200.0 200.0 200.0 200.0 200.0 200.0 200.0 200.0 200.0 200.0 200.0 200.0 200.0 200.0165 200.0587 200.1008 200.143 200.1851 200.2636 200.3479 200.4323 200.5166 200.5306 200.4042 200.2777 200.1512 200.0247 200.0 200.0 200.0 200.0 200.0 200.0 200.0 200.0 200.0 200.0 200.0 200.0 200.0 200.0 200.0 200.0 200.0 200.0 200.0 200.0 200.0 200.0 200.097 200.7053 201.3137 201.922 202.5304 205.6762 210.3096 214.9431 219.5763 224.6154 233.2478 241.8798
201.2682 201.0168 200.7654 200.514 200.2625 200.1231 200.0925 200.0619 200.0313 200.0007 200.0 200.0 200.0 200.0 200.0 200.0 200.0 200.0 200.0 200.0 200.0 200.0 200.0 200.0228 200.0811 200.1394 200.1977 200.256 200.3645 200.4811 200.5977 200.7143 200.7337 200.5588 200.384 200.2091 200.0342 200.0 200.0 200.0 200.0 200.0 200.0 200.0 200.0 200.0 200.0 200.0 200.0 200.0 200.0 200.0 200.0 200.0 200.0 200.0 200.0 200.0 200.0 200.0593 200.431 200.8027 201.1745 201.5462 204.2723 208.3788 212.4852 216.5914 221.1559 229.7775 238.3988
200.9809 200.7626 200.5442 200.3259 200.1076 200.0 200.0 200.0 200.0 200.0 200.0 200.0 200.0 200.0 200.0 200.0 200.0 200.0 200.0 200.0 200.0 200.0 200.0 200.0288 200.1024 200.176 200.2496 200.3232 200.4603 200.6075 200.7547 200.9019 200.927 200.7082 200.4893 200.2704 200.0515 200.008 200.0072 200.0064 200.0056 200.0047 200.0036 200.0025 200.0014 200.0003 200.0016 200.0038 200.006 200.0082 200.0097 200.0086 200.0075 200.0064 200.0053 200.0042 200.0031 200.002 200.0009 200.0232 200.1688 200.3143 200.4599 200.6054 202.9225 206.5126 210.1028 213.6928 217.7901 226.3798 234.9691
200.7634 200.5935 200.4236 200.2537 200.0837 200.0 200.0 200.0 200.0 200.0 200.0 200.0 200.0 200.0 200.0 200.0 200.0 200.0 200.0 200.0 200.0 200.0 200.0 200.0288 200.1024 200.176 200.2496 200.3232 200.4603 200.6075 200.7547 200.9019 200.9396 200.7583 200.5771 200.3959 200.2146 200.1656 200.1486 200.1316 200.1147 200.0962 200.0736 200.0509 200.0284 200.0057 200.0338 200.079 200.1242 200.1694 200.1999 200.1773 200.1547 200.132 200.1094 200.0868 200.0642 200.0416 200.019 200.0181 200.1313 200.2446 200.3579 200.4712 202.5764 205.8492 209.1221 212.3948 216.1639 224.3288 232.4933
200.546 200.4245 200.3029 200.1814 200.0599 200.0 200.0 200.0 200.0 200.0 200.0 200.0 200.0 200.0 200.0 200.0 200.0 200.0 200.0 200.0 200.0 200.0 200.0 200.0288 200.1024 200.176 200.2496 200.3232 200.4603 200.6075 200.7547 200.9019 200.9521 200.8085 200.6649 200.5214 200.3778 200.3231 200.29 200.2569 200.2238 200.1877 200.1435 200.0994 200.0553 200.0112 200.0659 200.1541 200.2423 200.3306 200.39 200.3459 200.3018 200.2577 200.2136 200.1694 200.1253 200.0812 200.0371 200.0129 200.0939 200.175 200.256 200.337 202.2302 205.1858 208.1414 211.0968 214.5378 222.2778 230.0175
200.3286 200.2554 200.1823 200.1092 200.036 200.0 200.0 200.0 200.0 200.0 200.0 200.0 200.0 200.0 200.0 200.0 200.0 200.0 200.0 200.0 200.0 200.0 200.0 200.0288 200.1024 200.176 200.2496 200.3232 200.4603 200.6075 200.7547 200.9019 200.9647 200.8587 200.7528 200.6468 200.5409 200.4806 200.4313 200.3821 200.3329 200.2792 200.2135 200.1479 200.0823 200.0166 200.098 200.2292 200.3605 200.4918 200.5802 200.5146 200.4489 200.3833 200.3177 200.2521 200.1864 200.1208 200.0552 200.0078 200.0565 200.1053 200.154 200.2028 201.884 204.5224 207.1607 209.7989 212.9116 220.2268 227.5417
200.1111 200.0864 200.0616 200.0369 200.0122 200.0 200.0 200.0 200.0 200.0 200.0 200.0 200.0 200.0 200.0 200.0 200.0 200.0 200.0 200.0 200.0 200.0 200.0 200.0288 200.1024 200.176 200.2496 200.3232 200.4603 200.6075 200.7547 200.9019 200.9772 200.9089 200.8406 200.7723 200.704 200.6381 200.5727 200.5074 200.442 200.3707 200.2835 200.1964 200.1092 200.0221 200.1301 200.3044 200.4787 200.6529 200.7704 200.6832 200.5961 200.509 200.4218 200.3347 200.2475 200.1604 200.0732 200.0026 200.0191 200.0356 200.0521 200.0686 201.5379 203.8589 206.1799 208.5009 211.2855 218.1758 225.0659
200.0 200.0 200.0 200.0 200.0 200.0 200.0 200.0 200.0 200.0 200.0 200.0 200.0 200.0 200.0 200.0 200.0 200.0 200.0 200.0 200.0 200.0 200.0 200.035 200.1243 200.2137 200.3031 200.3925 200.5249 200.6642 200.8035 200.9429 201.0264 200.9984 200.9703 200.9423 200.9142 200.858 200.795 200.7319 200.6688 200.5961 200.498 200.3998 200.3017 200.2036 200.3173 200.5031 200.6888 200.8745 200.9951 200.8812 200.7673 200.6534 200.5395 200.4274 200.3161 200.2048 200.0935 200.0 200.0 200.0 200.0 200.0 201.2649 203.2712 205.2776 207.2839 209.744 216.2226 222.701
200.0 200.0 200.0 200.0 200.0 200.0 200.0 200.0 200.0 200.0 200.0 200.0 200.0 200.0 200.0 200.0 200.0 200.0 200.0 200.0 200.0 200.0 200.0 200.0476 200.1692 200.2909 200.4125 200.5342 200.6571 200.7803 200.9035 201.0267 201.1138 201.1288 201.1438 201.1588 201.1738 201.1433 201.1017 201.0601 201.0186 200.9614 200.8633 200.7652 200.6671 200.5689 200.6666 200.8308 200.9951 201.1593 201.256 201.1099 200.9637 200.8175 200.6713 200.5307 200.3925 200.2543 200.1161 200.0 200.0 200.0 200.0 200.0 201.0682 202.7627 204.4571 206.1516 208.291 214.3716 220.4521
200.0 200.0 200.0 200.0 200.0 200.0 200.0 200.0 200.0 200.0 200.0 200.0 200.0 200.0 200.0 200.0 200.0 200.0 200.0 200.0 200.0 200.0 200.0 200.0602 200.2141 200.368 200.522 200.6759 200.7894 200.8964 201.0035 201.1105 201.2012 201.2592 201.3172 201.3752 201.4333 201.4285 201.4084 201.3884 201.3683 201.3268 201.2287 201.1305 201.0324 200.9343 201.0159 201.1586 201.3013 201.444 201.517 201.3385 201.1601 200.9816 200.8032 200.6339 200.4689 200.3038 200.1387 200.0 200.0 200.0 200.0 200.0 200.8716 202.2541 203.6367 205.0192 206.838 212.5206 218.2031
200.0 200.0 200.0 200.0 200.0 200.0 200.0 200.0 200.0 200.0 200.0 200.0 200.0 200.0 200.0 200.0 200.0 200.0 200.0 200.0 200.0 200.0 200.0 200.0729 200.259 200.4452 200.6314 200.8176 200.9216 201.0125 201.1034 201.1944 201.2886 201.3897 201.4907 201.5917 201.6928 201.7137 201.7152 201.7166 201.7181 201.6921 201.594 201.4959 201.3978 201.2996 201.3652 201.4864 201.6076 201.7288 201.7778 201.5671 201.3564 201.1457 200.935 200.7372 200.5453 200.3533 200.1614 200.0 200.0 200.0 200.0 200.0 200.675 201.7456 202.8162 203.8868 205.385 210.6696 215.9542
200.0 200.0 200.0 200.0 200.0 200.0 200.0 200.0 200.0 200.0 200.0 200.0 200.0 200.0 200.0 200.0 200.0 200.0 200.0 200.0 200.0 200.0 200.0 200.0855 200.3039 200.5224 200.7408 200.9593 201.0538 201.1286 201.2034 201.2782 201.3761 201.5201 201.6642 201.8082 201.9523 201.9989 202.0219 202.0449 202.0679 202.0575 201.9594 201.8612 201.7631 201.665 201.7145 201.8142 201.9138 202.0135 202.0387 201.7958 201.5528 201.3098 201.0669 200.8405 200.6217 200.4028 200.184 200.0 200.0 200.0 200.0 200.0 200.4783 201.237 201.9958 202.7545 203.9319 208.8187 213.7052
200.0 200.0 200.0 200.0 200.0 200.0 200.0 200.0 200.0 200.0 200.0 200.0 200.0 200.0 200.0 200.0 200.0 200.0 200.0 200.0 200.0 200.0 200.0 200.0747 200.2656 200.4565 200.6474 200.8382 200.9796 201.113 201.2464 201.3799 201.5179 201.6651 201.8123 201.9595 202.1067 202.1753 202.2247 202.2742 202.3237 202.3462 202.2979 202.2497 202.2014 202.1531 202.1769 202.2252 202.2734 202.3217 202.3007 202.0305 201.7602 201.49 201.2197 200.9629 200.7122 200.4615 200.2108 200.0 200.0 200.0 200.0 200.0 200.4168 201.078 201.7392 202.4003 203.466 208.1143 212.7624
200.0 200.0 200.0 200.0 200.0 200.0 200.0 200.0 200.0 200.0 200.0 200.0 200.0 200.0 200.0 200.0 200.0 200.0 200.0 200.0 200.0 200.0 200.0 200.0621 200.2207 200.3793 200.5379 200.6965 200.8891 201.0871 201.285 201.483 201.664 201.8112 201.9584 202.1056 202.2528 202.343 202.4194 202.4957 202.5721 202.6289 202.6344 202.6399 202.6454 202.6509 202.6482 202.6427 202.6372 202.6317 202.5628 202.2656 201.9685 201.6714 201.3742 201.0868 200.8038 200.5209 200.2379 200.0 200.0 200.0 200.0 200.0 200.366 200.9465 201.527 202.1075 203.0778 207.5002 211.9225
200.0 200.0 200.0 200.0 200.0 200.0 200.0 200.0 200.0 200.0 200.0 200.0 200.0 200.0 200.0 200.0 200.0 200.0 200.0 200.0 200.0 200.0 200.0 200.0494 200.1758 200.3022 200.4285 200.5549 200.7986 201.0611 201.3236 201.5861 201.8102 201.9574 202.1045 202.2517 202.3989 202.5108 202.614 202.7173 202.8205 202.9116 202.9709 203.0302 203.0894 203.1487 203.1195 203.0602 203.0009 202.9417 202.8248 202.5008 202.1768 201.8528 201.5287 201.2107 200.8955 200.5802 200.265 200.0 200.0 200.0 200.0 200.0 200.3151 200.815 201.3148 201.8147 202.6896 206.8861 211.0826
200.0 200.0 200.0 200.0 200.0 200.0 200.0 200.0 200.0 200.0 200.0 200.0 200.0 200.0 200.0 200.0 200.0 200.0 200.0 200.0 200.0 200.0 200.0 200.0368 200.1309 200.225 200.3191 200.4132 200.7081 201.0351 201.3622 201.6892 201.9563 202.1035 202.2507 202.3979 202.5451 202.6785 202.8087 202.9388 203.0689 203.1943 203.3074 203.4204 203.5335 203.6465 203.5908 203.4778 203.3647 203.2517 203.0869 202.736 202.3851 202.0341 201.6832 201.3347 200.9871 200.6396 200.2921 200.0 200.0 200.0 200.0 200.0 200.2643 200.6835 201.1027 201.5219 202.3014 206.2721 210.2426
200.0 200.0 200.0 200.0 200.0 200.0 200.0 200.0 200.0 200.0 200.0 200.0 200.0 200.0 200.0 200.0 200.0 200.0 200.0 200.0 200.0 200.0 200.0 200.0288 200.1024 200.176 200.2496 200.3232 200.6507 201.0187 201.3867 201.7547 202.0536 202.2146 202.3755 202.5365 202.6974 202.8599 203.0228 203.1857 203.3486 203.5072 203.6544 203.8016 203.9488 204.096 204.0235 203.8763 203.729 203.5818 203.3854 203.0115 202.6376 202.2637 201.8898 201.5119 201.1321 200.7523 200.3726 200.0515 200.0397 200.0279 200.0161 200.0043 200.2171 200.5616 200.906 201.2504 201.9326 205.6068 209.2809
200.0 200.0 200.0 200.0 200.0 200.0 200.0 200.0 200.0 200.0 200.0 200.0 200.0 200.0 200.0 200.0 200.0 200.0 200.0 200.0 200.0 200.0 200.0 200.0288 200.1024 200.176 200.2496 200.3232 200.6507 201.0187 201.3867 201.7547 202.0662 202.2648 202.4634 202.6619 202.8605 203.065 203.2709 203.4768 203.6828 203.8725 204.0197 204.1669 204.3141 204.4613 204.3888 204.2416 204.0944 203.9472 203.7472 203.3572 202.9672 202.5771 202.1871 201.782 201.3699 200.9579 200.5458 200.1924 200.1484 200.1044 200.0603 200.0163 200.1765 200.4564 200.7363 201.0162 201.5979 204.8526 208.1072
200.0 200.0 200.0 200.0 200.0 200.0 200.0 200.0 200.0 200.0 200.0 200.0 200.0 200.0 200.0 200.0 200.0 200.0 200.0 200.0 200.0 200.0 200.0 200.0288 200.1024 200.176 200.2496 200.3232 200.6507 201.0187 201.3867 201.7547 202.0788 202.315 202.5512 202.7874 203.0237 203.2701 203.519 203.768 204.0169 204.2378 204.385 204.5322 204.6794 204.8266 204.7541 204.6069 204.4597 204.3125 204.109 203.7029 203.2967 202.8906 202.4844 202.052 201.6077 201.1634 200.7191 200.3334 200.2571 200.1808 200.1045 200.0282 200.1358 200.3512 200.5665 200.7819 201.2631 204.0983 206.9335
200.0 200.0 200.0 200.0 200.0 200.0 200.0 200.0 200.0 200.0 200.0 200.0 200.0 200.0 200.0 200.0 200.0 200.0 200.0 200.0 200.0 200.0 200.0 200.0288 200.1024 200.176 200.2496 200.3232 200.6507 201.0187 201.3867 201.7547 202.0913 202.3652 202.639 202.9129 203.1868 203.4752 203.7671 204.0591 204.351 204.6031 204.7504 204.8976 205.0448 205.192 205.1194 204.9722 204.825 204.6778 204.4708 204.0485 203.6263 203.204 202.7817 202.3221 201.8455 201.3689 200.8923 200.4744 200.3658 200.2573 200.1487 200.0401 200.0951 200.246 200.3968 200.5476 200.9283 203.3441 205.7598
200.0 200.0 200.0 200.0 200.0 200.0 200.0 200.0 200.0 200.0 200.0 200.0 200.0 200.0 200.0 200.0 200.0 200.0 200.0 200.0 200.0 200.0 200.0 200.0288 200.1024 200.176 200.2496 200.3232 200.6507 201.0187 201.3867 201.7547 202.1038 202.4154 202.7269 203.0384 203.3499 203.6803 204.0152 204.3502 204.6852 204.9685 205.1157 205.2629 205.4101 205.5573 205.4848 205.3376 205.1904 205.0431 204.8326 204.3942 203.9558 203.5174 203.079 202.5921 202.0833 201.5744 201.0656 200.6154 200.4745 200.3337 200.1929 200.052 200.0544 200.1407 200.2271 200.3134 200.5935 202.5898 204.5861
200.0 200.0 200.0 200.0 200.0 200.0 200.0 200.0 200.0 200.0 200.0 200.0 200.0 200.0 200.0 200.0 200.0 200.0 200.0 200.0 200.0 200.0 200.0 200.0271 200.0964 200.1657 200.2349 200.3042 200.6236 200.983 201.3424 201.7018 202.0505 202.3781 202.7056 203.0332 203.3608 203.715 204.0758 204.4365 204.7972 205.1098 205.2959 205.482 205.668 205.8541 205.8075 205.6819 205.5563 205.4307 205.243 204.8316 204.4203 204.0089 203.5975 203.0879 202.5338 201.9798 201.4257 200.9269 200.7192 200.5116 200.3039 200.0963 200.0551 200.1114 200.1677 200.2241 200.4425 202.0971 203.7516
