data/zism_data/00540_02_D.txt
ncols         224
nrows         224
[rows 140 to 167 of 224, columns 126 to 188 of 224]
1895.141 1892.331 1889.522 1886.713 1883.903 1877.741 1870.587 1863.434 1856.281 1848.93 1840.691 1832.453 1824.215 1815.977 1811.049 1808.403 1805.758 1803.112 1800.474 1801.496 1802.519 1803.541 1804.564 1805.458 1806.171 1806.883 1807.595 1808.307 1807.5 1806.365 1805.229 1804.094 1803.059 1802.357 1801.655 1800.953 1800.251 1800.769 1801.968 1803.166 1804.364 1805.792 1811.38 1816.969 1822.558 1828.147 1833.885 1839.797 1845.709 1851.622 1857.534 1861.177 1864.489 1867.8 1871.111 1874.29 1877.133 1879.975 1882.818 1885.661 1888.007 1890.133 1892.258
1895.43 1892.743 1890.057 1887.37 1884.684 1878.796 1871.963 1865.13 1858.297 1851.177 1842.768 1834.359 1825.95 1817.541 1812.521 1809.838 1807.155 1804.472 1801.797 1803.108 1804.418 1805.729 1807.04 1808.02 1808.53 1809.039 1809.549 1810.058 1809.013 1807.632 1806.251 1804.87 1803.617 1802.787 1801.957 1801.127 1800.297 1800.728 1801.863 1802.997 1804.131 1805.51 1811.339 1817.168 1822.997 1828.826 1834.945 1841.402 1847.858 1854.314 1860.771 1864.573 1867.985 1871.398 1874.811 1877.969 1880.481 1882.993 1885.504 1888.016 1889.888 1891.474 1893.061
1895.719 1893.156 1890.592 1888.028 1885.464 1879.852 1873.339 1866.826 1860.313 1853.424 1844.844 1836.264 1827.684 1819.105 1813.994 1811.273 1808.553 1805.832 1803.12 1804.719 1806.318 1807.917 1809.516 1810.582 1810.889 1811.196 1811.502 1811.809 1810.526 1808.9 1807.273 1805.646 1804.175 1803.217 1802.259 1801.301 1800.343 1800.687 1801.757 1802.828 1803.898 1805.229 1811.298 1817.367 1823.436 1829.506 1836.005 1843.006 1850.007 1857.008 1864.008 1867.968 1871.482 1874.996 1878.51 1881.648 1883.829 1886.01 1888.191 1890.372 1891.768 1892.815 1893.863
1896.009 1893.568 1891.127 1888.686 1886.245 1880.907 1874.715 1868.522 1862.329 1855.671 1846.92 1838.17 1829.419 1820.669 1815.466 1812.708 1809.95 1807.192 1804.444 1806.331 1808.218 1810.105 1811.992 1813.144 1813.248 1813.352 1813.456 1813.56 1812.039 1810.167 1808.295 1806.423 1804.733 1803.647 1802.561 1801.475 1800.389 1800.646 1801.652 1802.658 1803.665 1804.947 1811.257 1817.566 1823.875 1830.185 1837.065 1844.61 1852.155 1859.7 1867.245 1871.363 1874.979 1878.594 1882.21 1885.327 1887.177 1889.027 1890.877 1892.727 1893.648 1894.157 1894.665
1896.298 1893.98 1891.662 1889.343 1887.025 1881.963 1876.09 1870.218 1864.345 1857.918 1848.996 1840.075 1831.154 1822.233 1816.938 1814.143 1811.348 1808.552 1805.767 1807.943 1810.118 1812.293 1814.468 1815.706 1815.607 1815.508 1815.409 1815.31 1813.552 1811.434 1809.317 1807.199 1805.291 1804.077 1802.863 1801.649 1800.434 1800.605 1801.547 1802.489 1803.431 1804.666 1811.215 1817.765 1824.315 1830.864 1838.125 1846.215 1854.304 1862.393 1870.483 1874.759 1878.475 1882.192 1885.909 1889.006 1890.525 1892.044 1893.563 1895.082 1895.529 1895.498 1895.468
1898.267 1896.079 1893.89 1891.702 1889.513 1884.859 1879.478 1874.096 1868.714 1862.697 1853.828 1844.958 1836.089 1827.22 1821.838 1818.859 1815.88 1812.902 1809.933 1811.975 1814.018 1816.06 1818.102 1819.11 1818.641 1818.172 1817.703 1817.235 1815.197 1812.82 1810.443 1808.066 1805.925 1804.566 1803.206 1801.846 1800.487 1800.6 1801.533 1802.467 1803.401 1804.642 1811.47 1818.298 1825.126 1831.954 1839.563 1848.082 1856.601 1865.12 1873.639 1877.867 1881.466 1885.065 1888.664 1891.592 1892.815 1894.038 1895.261 1896.484 1896.667 1896.386 1896.105
1901.133 1899.077 1897.022 1894.967 1892.912 1888.738 1883.937 1879.137 1874.337 1868.827 1860.129 1851.43 1842.731 1834.033 1828.566 1825.326 1822.085 1818.845 1815.615 1817.3 1818.984 1820.669 1822.354 1822.962 1822.034 1821.107 1820.179 1819.251 1816.913 1814.269 1811.625 1808.981 1806.6 1805.085 1803.571 1802.056 1800.542 1800.613 1801.568 1802.523 1803.479 1804.755 1811.882 1819.009 1826.136 1833.263 1841.203 1850.09 1858.977 1867.864 1876.751 1880.822 1884.186 1887.55 1890.914 1893.596 1894.541 1895.487 1896.432 1897.378 1897.408 1897.032 1896.655
1903.998 1902.076 1900.154 1898.232 1896.311 1892.616 1888.397 1884.179 1879.96 1874.957 1866.429 1857.901 1849.374 1840.846 1835.294 1831.792 1828.29 1824.789 1821.297 1822.624 1823.951 1825.278 1826.605 1826.814 1825.428 1824.041 1822.655 1821.268 1818.628 1815.718 1812.807 1809.896 1807.274 1805.605 1803.936 1802.266 1800.597 1800.627 1801.603 1802.58 1803.556 1804.869 1812.295 1819.721 1827.146 1834.572 1842.843 1852.098 1861.354 1870.609 1879.864 1883.776 1886.906 1890.035 1893.165 1895.599 1896.267 1896.935 1897.604 1898.272 1898.15 1897.677 1897.205
1906.863 1905.074 1903.286 1901.498 1899.709 1896.494 1892.857 1889.22 1885.583 1881.087 1872.73 1864.373 1856.016 1847.659 1842.022 1838.259 1834.495 1830.732 1826.979 1827.948 1828.918 1829.887 1830.857 1830.667 1828.821 1826.976 1825.13 1823.285 1820.344 1817.167 1813.989 1810.812 1807.948 1806.125 1804.301 1802.477 1800.653 1800.641 1801.638 1802.636 1803.634 1804.983 1812.707 1820.432 1828.156 1835.881 1844.483 1854.106 1863.73 1873.353 1882.977 1886.731 1889.626 1892.521 1895.415 1897.603 1897.994 1898.384 1898.775 1899.165 1898.892 1898.323 1897.754
1909.693 1908.011 1906.329 1904.648 1902.966 1900.169 1897.042 1893.915 1890.788 1886.751 1878.628 1870.505 1862.382 1854.259 1848.607 1844.659 1840.71 1836.761 1832.822 1833.414 1834.005 1834.597 1835.189 1834.583 1832.269 1829.954 1827.64 1825.326 1822.072 1818.615 1815.157 1811.7 1808.588 1806.617 1804.646 1802.676 1800.705 1800.639 1801.635 1802.63 1803.626 1804.986 1812.969 1820.951 1828.934 1836.917 1845.842 1855.864 1865.887 1875.909 1885.932 1889.521 1892.168 1894.815 1897.462 1899.402 1899.545 1899.688 1899.83 1899.973 1899.572 1898.93 1898.287
1912.254 1910.476 1908.699 1906.921 1905.144 1902.296 1899.131 1895.967 1892.802 1888.866 1881.458 1874.049 1866.641 1859.233 1854.107 1850.553 1847.0 1843.446 1839.9 1839.958 1840.016 1840.074 1840.132 1838.988 1836.13 1833.271 1830.412 1827.554 1823.891 1820.055 1816.219 1812.383 1808.96 1806.904 1804.848 1802.792 1800.736 1800.523 1801.337 1802.151 1802.965 1804.151 1812.08 1820.009 1827.938 1835.868 1845.058 1855.715 1866.373 1877.03 1887.688 1891.056 1893.356 1895.656 1897.956 1899.641 1899.762 1899.884 1900.005 1900.127 1899.786 1899.239 1898.693
1914.816 1912.942 1911.068 1909.195 1907.321 1904.422 1901.22 1898.019 1894.817 1890.98 1884.287 1877.594 1870.901 1864.208 1859.607 1856.448 1853.289 1850.13 1846.977 1846.501 1846.026 1845.55 1845.075 1843.393 1839.99 1836.587 1833.184 1829.781 1825.711 1821.496 1817.281 1813.066 1809.332 1807.19 1805.049 1802.908 1800.766 1800.406 1801.039 1801.672 1802.305 1803.315 1811.191 1819.067 1826.943 1834.819 1844.274 1855.566 1866.859 1878.151 1889.444 1892.59 1894.544 1896.497 1898.45 1899.88 1899.98 1900.08 1900.18 1900.28 1899.999 1899.549 1899.099
1917.377 1915.407 1913.438 1911.468 1909.498 1906.549 1903.31 1900.071 1896.832 1893.094 1887.116 1881.138 1875.16 1869.182 1865.107 1862.343 1859.579 1856.815 1854.054 1853.045 1852.036 1851.027 1850.018 1847.798 1843.851 1839.904 1835.956 1832.009 1827.53 1822.936 1818.342 1813.748 1809.704 1807.477 1805.25 1803.024 1800.797 1800.29 1800.741 1801.193 1801.644 1802.479 1810.302 1818.125 1825.947 1833.77 1843.489 1855.417 1867.344 1879.272 1891.199 1894.125 1895.731 1897.337 1898.944 1900.119 1900.197 1900.276 1900.355 1900.434 1900.213 1899.858 1899.504
1919.939 1917.873 1915.807 1913.741 1911.676 1908.675 1905.399 1902.123 1898.846 1895.208 1889.945 1884.682 1879.419 1874.156 1870.606 1868.237 1865.868 1863.499 1861.132 1859.589 1858.047 1856.504 1854.961 1852.203 1847.712 1843.22 1838.729 1834.237 1829.35 1824.377 1819.404 1814.431 1810.076 1807.764 1805.452 1803.14 1800.827 1800.173 1800.443 1800.713 1800.983 1801.644 1809.413 1817.182 1824.952 1832.721 1842.705 1855.268 1867.83 1880.393 1892.955 1895.659 1896.919 1898.178 1899.438 1900.358 1900.415 1900.472 1900.53 1900.587 1900.426 1900.168 1899.91
1921.7 1919.522 1917.345 1915.168 1912.99 1909.974 1906.71 1903.445 1900.181 1896.678 1892.102 1887.527 1882.951 1878.375 1875.332 1873.346 1871.359 1869.373 1867.387 1865.555 1863.723 1861.891 1860.059 1856.869 1851.744 1846.619 1841.493 1836.367 1830.992 1825.563 1820.134 1814.705 1810.046 1807.936 1805.827 1803.717 1801.607 1800.974 1801.165 1801.355 1801.546 1802.131 1809.894 1817.656 1825.418 1833.18 1843.253 1856.014 1868.776 1881.537 1894.298 1896.801 1897.8 1898.799 1899.798 1900.529 1900.577 1900.626 1900.674 1900.723 1900.602 1900.406 1900.209
1922.88 1920.58 1918.28 1915.98 1913.68 1910.672 1907.456 1904.24 1901.024 1897.681 1893.773 1889.864 1885.955 1882.047 1879.497 1877.884 1876.271 1874.659 1873.045 1871.101 1869.157 1867.213 1865.269 1861.725 1855.901 1850.076 1844.252 1838.427 1832.506 1826.565 1820.623 1814.682 1809.725 1808.026 1806.327 1804.629 1802.93 1802.441 1802.626 1802.811 1802.996 1803.578 1811.367 1819.156 1826.945 1834.734 1844.766 1857.41 1870.054 1882.698 1895.342 1897.658 1898.459 1899.261 1900.063 1900.651 1900.7 1900.748 1900.797 1900.845 1900.75 1900.591 1900.432
1924.06 1921.637 1919.215 1916.792 1914.369 1911.371 1908.203 1905.034 1901.866 1898.685 1895.443 1892.201 1888.96 1885.718 1883.662 1882.423 1881.183 1879.944 1878.703 1876.647 1874.591 1872.535 1870.478 1866.581 1860.058 1853.534 1847.01 1840.487 1834.021 1827.567 1821.113 1814.659 1809.404 1808.116 1806.828 1805.54 1804.252 1803.907 1804.087 1804.267 1804.447 1805.025 1812.84 1820.656 1828.472 1836.287 1846.28 1858.806 1871.333 1883.859 1896.386 1898.514 1899.118 1899.723 1900.327 1900.774 1900.822 1900.871 1900.919 1900.968 1900.899 1900.777 1900.656
1925.241 1922.695 1920.15 1917.604 1915.058 1912.069 1908.949 1905.829 1902.709 1899.688 1897.113 1894.539 1891.964 1889.39 1887.827 1886.961 1886.095 1885.23 1884.361 1882.193 1880.025 1877.857 1875.688 1871.437 1864.215 1856.992 1849.769 1842.546 1835.535 1828.568 1821.602 1814.636 1809.083 1808.206 1807.329 1806.452 1805.575 1805.373 1805.548 1805.722 1805.897 1806.471 1814.314 1822.156 1829.998 1837.84 1847.793 1860.203 1872.612 1885.021 1897.43 1899.371 1899.777 1900.184 1900.591 1900.896 1900.945 1900.993 1901.042 1901.09 1901.047 1900.963 1900.879
1926.361 1923.691 1921.022 1918.353 1915.683 1912.707 1909.641 1906.575 1903.508 1900.651 1898.732 1896.813 1894.895 1892.976 1891.896 1891.393 1890.89 1890.387 1889.881 1887.615 1885.349 1883.083 1880.816 1876.235 1868.351 1860.467 1852.583 1844.699 1837.159 1829.694 1822.228 1814.763 1808.919 1808.438 1807.957 1807.476 1806.996 1806.943 1807.129 1807.315 1807.501 1808.087 1815.947 1823.807 1831.667 1839.526 1849.417 1861.671 1873.925 1886.18 1898.434 1900.191 1900.411 1900.63 1900.849 1901.02 1901.069 1901.117 1901.166 1901.215 1901.195 1901.145 1901.095
1926.16 1923.341 1920.522 1917.703 1914.884 1912.015 1909.13 1906.245 1903.36 1900.726 1899.218 1897.71 1896.202 1894.695 1893.858 1893.483 1893.108 1892.734 1892.355 1890.303 1888.25 1886.197 1884.144 1879.759 1872.046 1864.333 1856.62 1848.906 1841.221 1833.542 1825.864 1818.185 1812.194 1811.788 1811.382 1810.975 1810.569 1810.787 1811.352 1811.917 1812.481 1813.417 1821.095 1828.774 1836.453 1844.131 1853.47 1864.742 1876.015 1887.287 1898.559 1900.219 1900.47 1900.722 1900.973 1901.169 1901.223 1901.277 1901.331 1901.385 1901.341 1901.253 1901.166
1925.959 1922.991 1920.022 1917.054 1914.086 1911.322 1908.618 1905.915 1903.211 1900.8 1899.703 1898.607 1897.51 1896.413 1895.819 1895.573 1895.326 1895.079 1894.829 1892.99 1891.151 1889.312 1887.472 1883.283 1875.741 1868.198 1860.656 1853.113 1845.283 1837.391 1829.498 1821.606 1815.469 1815.137 1814.806 1814.475 1814.143 1814.631 1815.574 1816.518 1817.462 1818.747 1826.244 1833.741 1841.238 1848.735 1857.523 1867.813 1878.104 1888.394 1898.685 1900.247 1900.53 1900.814 1901.097 1901.317 1901.376 1901.436 1901.495 1901.554 1901.486 1901.362 1901.237
1925.758 1922.64 1919.522 1916.405 1913.287 1910.629 1908.107 1905.585 1903.063 1900.875 1900.189 1899.503 1898.817 1898.131 1897.781 1897.663 1897.544 1897.426 1897.304 1895.678 1894.052 1892.426 1890.801 1886.807 1879.436 1872.064 1864.692 1857.32 1849.345 1841.239 1833.134 1825.028 1818.744 1818.487 1818.23 1817.974 1817.717 1818.475 1819.797 1821.12 1822.442 1824.077 1831.393 1838.709 1846.024 1853.339 1861.576 1870.885 1880.193 1889.502 1898.81 1900.275 1900.59 1900.906 1901.221 1901.465 1901.53 1901.595 1901.66 1901.724 1901.632 1901.47 1901.308
1925.557 1922.29 1919.023 1915.755 1912.488 1909.936 1907.596 1905.255 1902.915 1900.95 1900.675 1900.4 1900.125 1899.849 1899.743 1899.752 1899.762 1899.771 1899.778 1898.366 1896.953 1895.541 1894.129 1890.331 1883.13 1875.929 1868.728 1861.527 1853.407 1845.088 1836.769 1828.449 1822.019 1821.837 1821.655 1821.473 1821.291 1822.318 1824.02 1825.721 1827.423 1829.407 1836.542 1843.676 1850.81 1857.944 1865.629 1873.956 1882.282 1890.609 1898.936 1900.303 1900.65 1900.998 1901.345 1901.614 1901.684 1901.754 1901.824 1901.894 1901.777 1901.578 1901.379
1925.571 1922.335 1919.1 1915.865 1912.63 1910.186 1907.975 1905.764 1903.554 1901.722 1901.596 1901.469 1901.342 1901.215 1901.176 1901.197 1901.219 1901.24 1901.258 1900.024 1898.79 1897.556 1896.322 1892.793 1885.99 1879.188 1872.385 1865.582 1857.626 1849.421 1841.216 1833.011 1826.679 1826.545 1826.41 1826.276 1826.142 1827.421 1829.488 1831.554 1833.621 1835.931 1842.651 1849.37 1856.09 1862.81 1869.812 1877.144 1884.475 1891.806 1899.137 1900.391 1900.754 1901.117 1901.481 1901.762 1901.834 1901.907 1901.98 1902.052 1901.924 1901.706 1901.488
1925.793 1922.766 1919.739 1916.712 1913.685 1911.35 1909.219 1907.089 1904.958 1903.173 1902.939 1902.706 1902.472 1902.239 1902.096 1902.016 1901.936 1901.855 1901.773 1900.683 1899.593 1898.503 1897.413 1894.224 1888.04 1881.857 1875.673 1869.489 1861.999 1854.226 1846.453 1838.68 1832.685 1832.572 1832.459 1832.346 1832.233 1833.746 1836.165 1838.584 1841.003 1843.613 1849.692 1855.772 1861.851 1867.93 1874.122 1880.445 1886.768 1893.091 1899.413 1900.538 1900.901 1901.264 1901.627 1901.909 1901.981 1902.054 1902.126 1902.199 1902.071 1901.853 1901.635
1926.015 1923.196 1920.377 1917.558 1914.739 1912.514 1910.463 1908.413 1906.362 1904.623 1904.283 1903.942 1903.602 1903.262 1903.016 1902.834 1902.652 1902.471 1902.288 1901.342 1900.396 1899.45 1898.504 1895.655 1890.09 1884.525 1878.96 1873.396 1866.371 1859.03 1851.69 1844.349 1838.691 1838.599 1838.508 1838.416 1838.324 1840.071 1842.842 1845.613 1848.385 1851.295 1856.734 1862.173 1867.612 1873.051 1878.432 1883.747 1889.061 1894.375 1899.689 1900.685 1901.048 1901.411 1901.774 1902.056 1902.128 1902.201 1902.273 1902.346 1902.218 1902.0 1901.782
1926.237 1923.627 1921.016 1918.405 1915.794 1913.678 1911.707 1909.737 1907.766 1906.073 1905.626 1905.179 1904.732 1904.285 1903.935 1903.652 1903.369 1903.086 1902.802 1902.0 1901.199 1900.397 1899.595 1897.085 1892.14 1887.194 1882.248 1877.302 1870.743 1863.835 1856.926 1850.018 1844.697 1844.626 1844.556 1844.486 1844.415 1846.396 1849.519 1852.643 1855.766 1858.977 1863.775 1868.574 1873.373 1878.172 1882.742 1887.048 1891.354 1895.659 1899.965 1900.832 1901.195 1901.558 1901.921 1902.203 1902.275 1902.348 1902.42 1902.493 1902.365 1902.147 1901.929
1926.46 1924.057 1921.654 1919.252 1916.849 1914.842 1912.951 1911.061 1909.17 1907.523 1906.969 1906.416 1905.862 1905.309 1904.855 1904.471 1904.086 1903.702 1903.317 1902.659 1902.001 1901.344 1900.686 1898.516 1894.189 1889.863 1885.536 1881.209 1875.115 1868.639 1862.163 1855.687 1850.702 1850.653 1850.604 1850.556 1850.507 1852.721 1856.196 1859.672 1863.147 1866.659 1870.817 1874.975 1879.134 1883.292 1887.052 1890.349 1893.647 1896.944 1900.241 1900.979 1901.342 1901.705 1902.068 1902.349 1902.422 1902.495 1902.567 1902.64 1902.512 1902.294 1902.076
