data/zism_data/00557_01_D.txt
ncols         224
nrows         224
[rows 140 to 167 of 224, columns 64 to 127 of 224]
1602.239 1601.455 1600.67 1600.108 1600.13 1600.153 1600.175 1600.198 1600.188 1600.165 1600.143 1600.12 1600.101 1600.093 1600.086 1600.078 1600.071 1600.059 1600.044 1600.029 1600.014 1599.98 1599.702 1599.424 1599.146 1598.868 1597.814 1596.049 1594.284 1592.519 1590.754 1588.16 1585.54 1582.921 1580.302 1576.494 1571.047 1565.599 1560.152 1554.705 1553.357 1552.624 1551.891 1551.158 1552.996 1560.327 1567.658 1574.989 1582.319 1586.181 1588.994 1591.808 1594.622 1596.632 1595.751 1594.869 1593.988 1593.107 1591.403 1589.287 1587.171 1585.055 1583.138 1582.736
1602.619 1601.776 1600.933 1600.341 1600.412 1600.482 1600.553 1600.624 1600.592 1600.521 1600.451 1600.38 1600.318 1600.294 1600.27 1600.247 1600.223 1600.185 1600.138 1600.091 1600.044 1599.982 1599.736 1599.49 1599.245 1598.999 1597.98 1596.252 1594.525 1592.798 1591.07 1588.003 1584.895 1581.788 1578.681 1574.344 1568.312 1562.279 1556.247 1550.215 1548.012 1546.383 1544.754 1543.125 1544.307 1551.493 1558.679 1565.864 1573.05 1577.616 1581.39 1585.164 1588.938 1591.825 1591.518 1591.21 1590.903 1590.596 1589.165 1587.173 1585.181 1583.188 1581.493 1582.068
1603.0 1602.098 1601.195 1600.574 1600.693 1600.812 1600.931 1601.05 1600.997 1600.878 1600.759 1600.64 1600.535 1600.495 1600.455 1600.416 1600.376 1600.312 1600.232 1600.153 1600.074 1599.984 1599.771 1599.557 1599.344 1599.13 1598.146 1596.456 1594.766 1593.076 1591.386 1587.846 1584.25 1580.655 1577.059 1572.193 1565.576 1558.959 1552.342 1545.725 1542.667 1540.142 1537.617 1535.092 1535.617 1542.658 1549.699 1556.74 1563.781 1569.051 1573.785 1578.52 1583.254 1587.017 1587.284 1587.551 1587.818 1588.085 1586.928 1585.059 1583.19 1581.321 1579.849 1581.4
1603.38 1602.419 1601.458 1600.807 1600.974 1601.142 1601.309 1601.476 1601.401 1601.234 1601.067 1600.899 1600.751 1600.696 1600.64 1600.584 1600.528 1600.438 1600.326 1600.215 1600.103 1599.987 1599.805 1599.624 1599.442 1599.261 1598.312 1596.66 1595.007 1593.355 1591.703 1587.689 1583.605 1579.521 1575.438 1570.043 1562.841 1555.639 1548.438 1541.236 1537.322 1533.901 1530.48 1527.059 1526.927 1533.824 1540.72 1547.616 1554.512 1560.486 1566.181 1571.876 1577.571 1582.21 1583.051 1583.892 1584.733 1585.574 1584.691 1582.945 1581.2 1579.454 1578.204 1580.732
1603.761 1602.741 1601.72 1601.04 1601.256 1601.471 1601.687 1601.902 1601.806 1601.59 1601.375 1601.159 1600.968 1600.896 1600.825 1600.753 1600.681 1600.564 1600.421 1600.277 1600.133 1599.989 1599.84 1599.691 1599.541 1599.392 1598.478 1596.863 1595.249 1593.634 1592.019 1587.533 1582.96 1578.388 1573.816 1567.893 1560.106 1552.32 1544.533 1536.746 1531.977 1527.66 1523.343 1519.026 1518.238 1524.989 1531.741 1538.492 1545.244 1551.921 1558.576 1565.232 1571.887 1577.403 1578.818 1580.233 1581.648 1583.063 1582.453 1580.831 1579.209 1577.587 1576.559 1580.063
1605.728 1604.566 1603.403 1602.567 1602.591 1602.615 1602.638 1602.662 1602.453 1602.155 1601.857 1601.558 1601.288 1601.151 1601.014 1600.877 1600.74 1600.595 1600.443 1600.292 1600.14 1599.978 1599.675 1599.371 1599.068 1598.765 1597.871 1596.436 1595.001 1593.566 1592.131 1587.546 1582.868 1578.19 1573.511 1567.334 1559.09 1550.846 1542.602 1534.358 1529.329 1524.782 1520.235 1515.688 1514.342 1519.831 1525.321 1530.811 1536.3 1542.023 1547.816 1553.61 1559.403 1564.33 1566.138 1567.946 1569.754 1571.562 1571.433 1570.336 1569.239 1568.142 1567.736 1572.599
1607.847 1606.534 1605.221 1604.217 1604.026 1603.835 1603.645 1603.454 1603.123 1602.739 1602.355 1601.971 1601.618 1601.411 1601.205 1600.998 1600.791 1600.616 1600.459 1600.302 1600.145 1599.966 1599.491 1599.016 1598.541 1598.066 1597.191 1595.949 1594.707 1593.465 1592.223 1587.576 1582.828 1578.08 1573.332 1566.927 1558.238 1549.548 1540.859 1532.17 1526.938 1522.225 1517.512 1512.799 1510.902 1515.024 1519.145 1523.267 1527.388 1531.999 1536.756 1541.514 1546.272 1550.47 1552.654 1554.837 1557.021 1559.204 1559.576 1559.042 1558.509 1557.975 1558.229 1564.486
1609.965 1608.502 1607.039 1605.867 1605.462 1605.056 1604.651 1604.245 1603.793 1603.323 1602.854 1602.384 1601.948 1601.671 1601.395 1601.118 1600.842 1600.637 1600.475 1600.313 1600.15 1599.953 1599.307 1598.66 1598.013 1597.367 1596.51 1595.461 1594.412 1593.364 1592.315 1587.606 1582.788 1577.971 1573.153 1566.521 1557.386 1548.251 1539.116 1529.981 1524.547 1519.667 1514.788 1509.909 1507.463 1510.216 1512.969 1515.723 1518.476 1521.974 1525.696 1529.418 1533.141 1536.61 1539.169 1541.728 1544.287 1546.846 1547.719 1547.748 1547.778 1547.808 1548.721 1556.374
1612.084 1610.47 1608.857 1607.517 1606.897 1606.277 1605.657 1605.037 1604.464 1603.908 1603.352 1602.797 1602.277 1601.931 1601.585 1601.239 1600.893 1600.658 1600.49 1600.323 1600.155 1599.941 1599.122 1598.304 1597.486 1596.667 1595.829 1594.974 1594.118 1593.262 1592.407 1587.636 1582.749 1577.861 1572.973 1566.114 1556.533 1546.953 1537.373 1527.793 1522.156 1517.11 1512.064 1507.019 1504.023 1505.409 1506.794 1508.179 1509.564 1511.949 1514.636 1517.323 1520.009 1522.75 1525.685 1528.619 1531.554 1534.488 1535.862 1536.455 1537.048 1537.641 1539.214 1548.262
1612.982 1611.413 1609.844 1608.509 1607.791 1607.073 1606.355 1605.637 1604.99 1604.37 1603.75 1603.13 1602.536 1602.07 1601.603 1601.137 1600.67 1600.271 1599.911 1599.552 1599.192 1598.762 1597.432 1596.102 1594.772 1593.442 1592.473 1591.836 1591.198 1590.561 1589.924 1585.386 1580.732 1576.078 1571.424 1564.752 1555.296 1545.84 1536.384 1526.928 1521.423 1516.51 1511.598 1506.685 1503.441 1503.761 1504.081 1504.401 1504.722 1506.115 1507.832 1509.55 1511.267 1513.229 1516.071 1518.912 1521.754 1524.595 1526.139 1527.033 1527.927 1528.82 1530.748 1540.559
1611.735 1610.552 1609.369 1608.344 1607.733 1607.122 1606.511 1605.901 1605.264 1604.617 1603.97 1603.323 1602.671 1601.995 1601.319 1600.644 1599.968 1599.165 1598.285 1597.405 1596.525 1595.532 1593.092 1590.651 1588.21 1585.769 1584.406 1584.032 1583.658 1583.283 1582.909 1579.124 1575.237 1571.35 1567.463 1561.709 1553.38 1545.051 1536.722 1528.393 1523.608 1519.355 1515.103 1510.85 1507.886 1507.675 1507.464 1507.253 1507.042 1507.657 1508.521 1509.386 1510.25 1511.345 1513.269 1515.193 1517.117 1519.042 1520.172 1520.905 1521.638 1522.371 1524.116 1533.578
1610.487 1609.69 1608.894 1608.178 1607.674 1607.171 1606.668 1606.164 1605.537 1604.864 1604.19 1603.516 1602.805 1601.92 1601.036 1600.151 1599.266 1598.059 1596.659 1595.259 1593.859 1592.302 1588.751 1585.199 1581.648 1578.097 1576.34 1576.228 1576.117 1576.005 1575.894 1572.862 1569.742 1566.622 1563.503 1558.667 1551.465 1544.262 1537.06 1529.857 1525.793 1522.201 1518.608 1515.015 1512.331 1511.589 1510.847 1510.105 1509.363 1509.199 1509.211 1509.222 1509.233 1509.461 1510.468 1511.474 1512.481 1513.488 1514.205 1514.777 1515.349 1515.921 1517.483 1526.597
1609.239 1608.829 1608.418 1608.012 1607.616 1607.22 1606.824 1606.428 1605.811 1605.11 1604.41 1603.709 1602.94 1601.846 1600.751 1599.657 1598.563 1596.954 1595.033 1593.112 1591.192 1589.072 1584.41 1579.748 1575.086 1570.424 1568.274 1568.425 1568.576 1568.728 1568.879 1566.599 1564.247 1561.895 1559.542 1555.625 1549.549 1543.473 1537.397 1531.322 1527.979 1525.046 1522.113 1519.18 1516.776 1515.503 1514.23 1512.957 1511.683 1510.742 1509.9 1509.058 1508.216 1507.577 1507.666 1507.755 1507.845 1507.934 1508.238 1508.649 1509.06 1509.471 1510.85 1519.615
1607.991 1607.967 1607.943 1607.846 1607.557 1607.269 1606.98 1606.691 1606.084 1605.357 1604.63 1603.902 1603.074 1601.771 1600.468 1599.164 1597.861 1595.848 1593.407 1590.966 1588.525 1585.842 1580.07 1574.297 1568.524 1562.752 1560.207 1560.622 1561.036 1561.45 1561.865 1560.337 1558.752 1557.167 1555.582 1552.583 1547.633 1542.684 1537.735 1532.786 1530.164 1527.891 1525.618 1523.345 1521.221 1519.417 1517.612 1515.808 1514.004 1512.284 1510.589 1508.894 1507.199 1505.693 1504.865 1504.036 1503.208 1502.38 1502.271 1502.521 1502.771 1503.021 1504.218 1512.634
1606.825 1606.983 1607.141 1607.19 1606.957 1606.723 1606.489 1606.255 1605.689 1604.995 1604.302 1603.609 1602.76 1601.173 1599.587 1598.0 1596.413 1593.554 1589.927 1586.299 1582.671 1578.844 1572.466 1566.088 1559.709 1553.331 1550.821 1551.855 1552.889 1553.923 1554.958 1554.891 1554.792 1554.692 1554.593 1553.284 1550.306 1547.328 1544.351 1541.373 1539.427 1537.635 1535.844 1534.052 1532.0 1529.39 1526.78 1524.17 1521.56 1519.102 1516.689 1514.276 1511.863 1509.662 1508.226 1506.789 1505.353 1503.916 1503.279 1503.042 1502.804 1502.567 1503.263 1511.078
1605.678 1605.97 1606.262 1606.421 1606.23 1606.039 1605.849 1605.658 1605.138 1604.493 1603.848 1603.203 1602.342 1600.454 1598.567 1596.68 1594.793 1590.985 1586.016 1581.047 1576.078 1570.971 1564.105 1557.238 1550.372 1543.505 1541.128 1542.865 1544.602 1546.339 1548.076 1549.635 1551.188 1552.741 1554.294 1554.854 1554.044 1553.234 1552.424 1551.614 1550.333 1548.981 1547.629 1546.278 1544.248 1540.769 1537.29 1533.811 1530.332 1527.144 1524.044 1520.945 1517.845 1514.99 1513.017 1511.044 1509.071 1507.098 1505.906 1505.106 1504.305 1503.504 1503.626 1510.781
1604.531 1604.958 1605.384 1605.651 1605.504 1605.356 1605.208 1605.06 1604.587 1603.99 1603.393 1602.797 1601.923 1599.735 1597.548 1595.36 1593.172 1588.415 1582.105 1575.794 1569.484 1563.098 1555.743 1548.388 1541.034 1533.679 1531.435 1533.875 1536.315 1538.755 1541.195 1544.378 1547.584 1550.79 1553.995 1556.424 1557.782 1559.139 1560.497 1561.855 1561.239 1560.327 1559.416 1558.504 1556.496 1552.148 1547.8 1543.452 1539.104 1535.187 1531.401 1527.614 1523.828 1520.319 1517.809 1515.299 1512.79 1510.28 1508.534 1507.17 1505.806 1504.442 1503.989 1510.484
1603.385 1603.945 1604.505 1604.882 1604.777 1604.672 1604.567 1604.462 1604.036 1603.487 1602.939 1602.391 1601.505 1599.017 1596.528 1594.04 1591.552 1585.846 1578.194 1570.542 1562.891 1555.225 1547.382 1539.539 1531.696 1523.853 1521.742 1524.885 1528.028 1531.171 1534.314 1539.122 1543.98 1548.838 1553.696 1557.994 1561.52 1565.045 1568.57 1572.095 1572.145 1571.673 1571.201 1570.73 1568.745 1563.527 1558.31 1553.093 1547.875 1543.229 1538.756 1534.283 1529.81 1525.647 1522.601 1519.554 1516.508 1513.462 1511.162 1509.234 1507.307 1505.379 1504.352 1510.187
1602.38 1603.02 1603.66 1604.104 1604.035 1603.966 1603.897 1603.828 1603.453 1602.961 1602.469 1601.977 1601.079 1598.25 1595.421 1592.591 1589.762 1583.201 1574.382 1565.564 1556.746 1547.985 1539.961 1531.936 1523.911 1515.887 1513.99 1517.709 1521.429 1525.149 1528.869 1535.156 1541.52 1547.884 1554.247 1560.08 1565.181 1570.282 1575.382 1580.483 1581.055 1580.948 1580.841 1580.733 1578.839 1573.126 1567.413 1561.7 1555.987 1550.879 1545.952 1541.026 1536.1 1531.484 1527.983 1524.483 1520.983 1517.483 1514.82 1512.575 1510.331 1508.086 1506.714 1511.997
1601.779 1602.344 1602.908 1603.303 1603.25 1603.197 1603.144 1603.091 1602.778 1602.367 1601.956 1601.545 1600.634 1597.348 1594.063 1590.778 1587.492 1580.341 1570.852 1561.363 1551.875 1542.542 1535.204 1527.866 1520.528 1513.19 1511.736 1515.676 1519.616 1523.556 1527.495 1534.846 1542.299 1549.752 1557.205 1563.626 1568.625 1573.624 1578.623 1583.622 1584.311 1584.354 1584.397 1584.44 1582.827 1577.678 1572.528 1567.379 1562.229 1557.412 1552.695 1547.978 1543.261 1538.76 1535.04 1531.32 1527.6 1523.88 1521.398 1519.534 1517.671 1515.807 1514.743 1519.779
1601.178 1601.668 1602.157 1602.501 1602.465 1602.428 1602.391 1602.354 1602.104 1601.773 1601.443 1601.112 1600.188 1596.447 1592.705 1588.964 1585.223 1577.481 1567.322 1557.162 1547.003 1537.098 1530.446 1523.795 1517.144 1510.493 1509.482 1513.642 1517.802 1521.962 1526.122 1534.537 1543.079 1551.621 1560.163 1567.173 1572.07 1576.967 1581.864 1586.76 1587.567 1587.76 1587.953 1588.146 1586.816 1582.23 1577.644 1573.057 1568.471 1563.945 1559.438 1554.93 1550.422 1546.038 1542.098 1538.158 1534.218 1530.277 1527.976 1526.493 1525.01 1523.528 1522.772 1527.561
1600.577 1600.991 1601.406 1601.7 1601.679 1601.659 1601.638 1601.617 1601.43 1601.18 1600.929 1600.679 1599.742 1595.545 1591.348 1587.15 1582.953 1574.622 1563.792 1552.962 1542.131 1531.654 1525.689 1519.725 1513.761 1507.796 1507.229 1511.609 1515.989 1520.368 1524.748 1534.227 1543.858 1553.49 1563.121 1570.719 1575.514 1580.309 1585.104 1589.899 1590.823 1591.166 1591.51 1591.853 1590.804 1586.782 1582.759 1578.736 1574.713 1570.479 1566.18 1561.882 1557.583 1553.315 1549.155 1544.995 1540.835 1536.675 1534.553 1533.452 1532.35 1531.248 1530.801 1535.343
1599.976 1600.315 1600.654 1600.899 1600.894 1600.89 1600.885 1600.88 1600.756 1600.586 1600.416 1600.246 1599.297 1594.643 1589.99 1585.337 1580.683 1571.762 1560.261 1548.761 1537.26 1526.21 1520.932 1515.655 1510.377 1505.099 1504.975 1509.575 1514.175 1518.775 1523.374 1533.917 1544.638 1555.358 1566.078 1574.266 1578.958 1583.651 1588.344 1593.037 1594.079 1594.572 1595.066 1595.56 1594.793 1591.333 1587.874 1584.415 1580.955 1577.012 1572.923 1568.833 1564.744 1560.592 1556.212 1551.832 1547.452 1543.072 1541.131 1540.41 1539.69 1538.969 1538.83 1543.125
1599.51 1599.763 1600.015 1600.186 1600.14 1600.094 1600.049 1600.003 1599.738 1599.39 1599.041 1598.693 1597.513 1592.384 1587.256 1582.127 1576.999 1567.882 1556.354 1544.827 1533.299 1522.281 1517.778 1513.274 1508.771 1504.268 1504.816 1509.994 1515.172 1520.349 1525.527 1536.357 1547.355 1558.353 1569.351 1577.5 1581.722 1585.943 1590.165 1594.386 1595.394 1595.92 1596.446 1596.971 1596.423 1593.58 1590.738 1587.895 1585.052 1581.506 1577.748 1573.99 1570.232 1566.345 1561.992 1557.64 1553.288 1548.935 1547.309 1547.045 1546.782 1546.518 1546.755 1550.807
1599.099 1599.261 1599.422 1599.509 1599.399 1599.289 1599.179 1599.068 1598.58 1597.947 1597.314 1596.681 1595.183 1589.571 1583.96 1578.348 1572.737 1563.586 1552.294 1541.003 1529.711 1518.97 1515.277 1511.584 1507.891 1504.198 1505.511 1511.413 1517.316 1523.218 1529.12 1539.918 1550.862 1561.807 1572.751 1580.608 1584.207 1587.807 1591.406 1595.005 1595.917 1596.427 1596.937 1597.446 1597.09 1594.886 1592.682 1590.478 1588.273 1585.168 1581.791 1578.414 1575.037 1571.476 1567.252 1563.028 1558.805 1554.581 1553.323 1553.548 1553.772 1553.997 1554.637 1558.448
1598.689 1598.759 1598.829 1598.832 1598.657 1598.483 1598.309 1598.134 1597.421 1596.504 1595.587 1594.67 1592.852 1586.758 1580.664 1574.569 1568.475 1559.289 1548.234 1537.178 1526.123 1515.659 1512.776 1509.894 1507.011 1504.128 1506.206 1512.833 1519.459 1526.086 1532.713 1543.48 1554.37 1565.261 1576.152 1583.716 1586.693 1589.67 1592.646 1595.623 1596.44 1596.934 1597.427 1597.921 1597.758 1596.192 1594.626 1593.061 1591.495 1588.83 1585.834 1582.838 1579.842 1576.607 1572.512 1568.417 1564.322 1560.227 1559.338 1560.05 1560.763 1561.476 1562.52 1566.09
1598.278 1598.257 1598.236 1598.155 1597.916 1597.677 1597.438 1597.2 1596.263 1595.062 1593.86 1592.659 1590.522 1583.945 1577.368 1570.791 1564.214 1554.993 1544.173 1533.354 1522.534 1512.349 1510.276 1508.203 1506.13 1504.058 1506.902 1514.253 1521.603 1528.954 1536.305 1547.041 1557.878 1568.715 1579.552 1586.824 1589.178 1591.533 1593.887 1596.241 1596.964 1597.441 1597.918 1598.396 1598.425 1597.498 1596.571 1595.643 1594.716 1592.492 1589.877 1587.262 1584.646 1581.737 1577.771 1573.805 1569.839 1565.873 1565.352 1566.553 1567.754 1568.955 1570.403 1573.731
1597.956 1597.854 1597.752 1597.601 1597.318 1597.035 1596.752 1596.47 1595.347 1593.906 1592.465 1591.023 1588.628 1581.699 1574.771 1567.843 1560.914 1551.707 1541.122 1530.537 1519.952 1510.034 1508.652 1507.271 1505.889 1504.508 1508.031 1516.051 1524.07 1532.09 1540.109 1550.723 1561.414 1572.105 1582.796 1589.743 1591.525 1593.308 1595.09 1596.872 1597.492 1597.937 1598.382 1598.827 1599.009 1598.627 1598.245 1597.862 1597.48 1595.641 1593.362 1591.083 1588.805 1586.2 1582.421 1578.641 1574.862 1571.083 1570.915 1572.552 1574.189 1575.826 1577.62 1580.608
