data/zism_data/00553_04_D.txt
ncols         224
nrows         224
[rows 0 to 27 of 224, columns 63 to 125 of 224]
812.8904 815.1159 817.3414 819.5668 823.491 828.9721 834.4532 839.9343 845.4155 850.3907 855.3429 860.2952 865.2474 869.636 873.1481 876.6602 880.1723 883.6844 886.5961 889.3815 892.1668 894.9522 897.1817 897.8365 898.4912 899.146 899.8007 900.0 900.0 900.0 900.0 899.8694 898.868 897.8667 896.8654 895.8641 893.0982 888.975 884.8517 880.7285 876.6053 872.5117 868.418 864.3244 860.2308 859.3575 862.6708 865.984 869.2973 872.6105 871.0258 868.7063 866.3868 864.0674 859.8715 851.3864 842.9014 834.4163 825.9313 818.8312 812.22 805.6087 798.9974
817.5445 820.6149 823.6854 826.7558 831.3519 837.3464 843.341 849.3356 855.3301 859.9491 864.5056 869.062 873.6185 877.4963 880.3185 883.1407 885.9629 888.7851 890.8876 892.8387 894.7897 896.7407 898.2866 898.6846 899.0827 899.4808 899.8788 900.0 900.0 900.0 900.0 899.8422 898.6323 897.4223 896.2124 895.0024 891.9917 887.5958 883.1998 878.8038 874.4078 870.2874 866.1671 862.0467 857.9263 856.61 858.9392 861.2684 863.5976 865.9268 863.2371 859.7946 856.3521 852.9095 848.03 839.8658 831.7017 823.5375 815.3734 808.8551 802.9178 796.9804 791.043
822.1987 826.1141 830.0296 833.945 839.2131 845.7211 852.2291 858.7371 865.2451 869.5078 873.6685 877.8292 881.9899 885.3569 887.4891 889.6215 891.7537 893.886 895.1793 896.296 897.4126 898.5293 899.3915 899.5329 899.6743 899.8156 899.957 900.0 900.0 900.0 900.0 899.8149 898.3964 896.9779 895.5594 894.1408 890.8852 886.2165 881.5477 876.879 872.2102 868.0631 863.916 859.7689 855.6217 853.8625 855.2076 856.5527 857.8977 859.2428 855.4481 850.8825 846.3169 841.7513 836.1882 828.3449 820.5016 812.6584 804.8151 798.8787 793.6152 788.3518 783.0883
827.2863 831.9915 836.6966 841.4017 847.0609 853.5946 860.1282 866.6619 873.1955 876.9452 880.5684 884.1916 887.8148 890.6438 892.2376 893.8314 895.4251 897.0189 897.7695 898.3425 898.9156 899.4886 899.8683 899.7002 899.532 899.3638 899.1956 898.7867 898.2726 897.7584 897.2443 896.5322 894.5015 892.4706 890.4398 888.409 884.8566 880.1337 875.4109 870.688 865.9651 861.9403 857.9154 853.8905 849.8656 847.8667 848.5016 849.1365 849.7714 850.4063 846.2968 841.4754 836.6541 831.8328 826.3218 819.2344 812.1469 805.0594 797.9719 792.8675 788.463 784.0585 779.6539
832.9055 838.3326 843.7598 849.187 854.8929 860.8543 866.8157 872.777 878.7384 881.7828 884.6947 887.6066 890.5184 892.7764 894.0172 895.258 896.4988 897.7396 898.2741 898.66 899.0458 899.4317 899.5754 899.0328 898.4903 897.9478 897.4052 896.0862 894.4276 892.7689 891.1102 889.2587 886.1207 882.9827 879.8448 876.7068 872.7939 868.285 863.7761 859.2672 854.7582 851.0381 847.3181 843.598 839.8779 837.8885 838.1491 838.4096 838.6702 838.9307 835.4745 831.4608 827.4471 823.4333 818.8765 813.0779 807.2794 801.4808 795.6823 791.7166 788.3978 785.079 781.7602
838.5245 844.6737 850.8229 856.972 862.7246 868.1138 873.5029 878.892 884.2811 886.6203 888.8209 891.0215 893.222 894.9089 895.7968 896.6846 897.5724 898.4602 898.7787 898.9774 899.1761 899.3748 899.2823 898.3655 897.4486 896.5317 895.6148 893.3857 890.5826 887.7795 884.9764 881.9853 877.7402 873.4952 869.2501 865.005 860.7318 856.4367 852.1417 847.8467 843.5516 840.1364 836.7212 833.3059 829.8907 827.9108 827.797 827.6831 827.5693 827.4554 824.6526 821.4465 818.2403 815.0342 811.4313 806.9216 802.4119 797.9023 793.3926 790.5656 788.3326 786.0995 783.8664
844.1437 851.0149 857.8861 864.7573 870.5566 875.3735 880.1903 885.0071 889.824 891.4579 892.9472 894.4365 895.9257 897.0415 897.5764 898.1112 898.646 899.1808 899.2833 899.2948 899.3063 899.3177 898.9894 897.6981 896.4069 895.1156 893.8243 890.6852 886.7376 882.79 878.8425 874.7117 869.3594 864.0073 858.655 853.3028 848.6691 844.588 840.5069 836.4258 832.3447 829.2343 826.1239 823.0135 819.9031 817.9327 817.4445 816.9562 816.468 815.9797 813.8304 811.4318 809.0333 806.6347 803.9859 800.7651 797.5444 794.3236 791.1029 789.4147 788.2673 787.12 785.9727
849.7628 857.356 864.9491 872.5423 878.3883 882.6329 886.8775 891.1221 895.3667 896.2953 897.0734 897.8513 898.6293 899.1741 899.3559 899.5378 899.7196 899.9015 899.788 899.6122 899.4365 899.2608 898.6964 897.0308 895.3652 893.6996 892.034 887.9847 882.8928 877.8007 872.7087 867.4383 860.979 854.5197 848.0604 841.601 836.6068 832.7397 828.8725 825.0053 821.1381 818.3326 815.527 812.7214 809.9158 807.955 807.0923 806.2297 805.3671 804.5045 803.0085 801.4175 799.8265 798.2355 796.5408 794.6089 792.677 790.7451 788.8132 788.2637 788.2021 788.1405 788.0789
848.4 856.4077 864.4153 872.4229 878.4168 882.5649 886.713 890.8611 895.0092 896.0164 896.8808 897.7452 898.6096 899.0387 898.7907 898.5427 898.2947 898.0466 897.1439 896.1033 895.0627 894.0222 892.5341 889.778 887.022 884.266 881.51 876.9913 871.7015 866.4116 861.1218 855.7701 850.0059 844.2416 838.4774 832.7131 828.4299 825.2861 822.1423 818.9984 815.8546 813.6277 811.4009 809.1741 806.9473 805.3975 804.7275 804.0576 803.3877 802.7178 801.6442 800.5099 799.3757 798.2415 796.9351 795.2349 793.5347 791.8345 790.1343 789.7515 789.8337 789.9159 789.9981
846.249 854.6364 863.0237 871.4111 877.5643 881.6696 885.7749 889.8802 893.9855 895.1596 896.2006 897.2415 898.2824 898.6473 897.9608 897.2741 896.5875 895.9009 894.1442 892.1622 890.1803 888.1983 885.7088 881.7815 877.8542 873.9269 869.9996 865.0612 859.6804 854.2996 848.9188 843.6052 838.7396 833.8739 829.0082 824.1426 820.6915 818.3285 815.9655 813.6025 811.2396 809.6225 808.0054 806.3883 804.7712 803.6776 803.2645 802.8513 802.4381 802.025 801.3476 800.6306 799.9136 799.1966 798.2145 796.6266 795.0388 793.4509 791.863 791.5372 791.6569 791.7766 791.8962
844.098 852.8651 861.6321 870.3993 876.7117 880.7743 884.8368 888.8994 892.9619 894.3029 895.5204 896.7378 897.9552 898.2559 897.1308 896.0056 894.8805 893.7553 891.1447 888.2213 885.298 882.3746 878.8838 873.7852 868.6866 863.5881 858.4895 853.1313 847.6597 842.188 836.7162 831.4409 827.4737 823.5066 819.5395 815.5724 812.9533 811.3712 809.789 808.2068 806.6247 805.6173 804.61 803.6026 802.5952 801.9578 801.8014 801.645 801.4886 801.3322 801.051 800.7512 800.4514 800.1516 799.4939 798.0184 796.5428 795.0673 793.5918 793.3229 793.48 793.6371 793.7943
841.9469 851.0938 860.2406 869.3875 875.8592 879.879 883.8987 887.9185 891.9382 893.4462 894.8401 896.2341 897.628 897.8646 896.3008 894.7371 893.1733 891.6096 888.145 884.2803 880.4155 876.5508 872.0585 865.7887 859.5188 853.2489 846.9791 841.2012 835.6385 830.0759 824.5133 819.276 816.2075 813.1389 810.0704 807.0018 805.2148 804.4135 803.6122 802.811 802.0097 801.6121 801.2144 800.8168 800.4191 800.238 800.3383 800.4387 800.539 800.6393 800.7545 800.8718 800.9893 801.1066 800.7734 799.4102 798.0469 796.6838 795.3206 795.1087 795.3032 795.4978 795.6923
838.1476 847.2594 856.3712 865.4829 872.0117 876.1728 880.3339 884.495 888.6561 890.5812 892.4045 894.2279 896.0513 896.4097 894.4893 892.5688 890.6484 888.728 884.5206 879.8317 875.1428 870.4539 865.1436 858.0726 851.0016 843.9307 836.8597 831.0491 825.79 820.5308 815.2715 810.3993 808.1065 805.8137 803.5209 801.2281 800.0789 799.8091 799.5394 799.2697 799.0 799.0223 799.0446 799.067 799.0893 799.2992 799.753 800.2068 800.6606 801.1144 801.6077 802.1069 802.6061 803.1053 803.0034 801.5273 800.0514 798.5754 797.0995 796.703 796.6876 796.6722 796.6567
831.2577 839.5565 847.8553 856.1541 862.548 867.1959 871.8437 876.4915 881.1393 883.9501 886.6772 889.4045 892.1317 892.9608 890.8371 888.7134 886.5898 884.4662 879.7241 874.4309 869.1376 863.8444 858.0594 850.8816 843.7037 836.5258 829.3479 824.2302 820.0139 815.7976 811.5812 807.687 805.9398 804.1925 802.4453 800.698 799.8221 799.6166 799.4111 799.2056 799.0 799.0865 799.173 799.2595 799.346 799.8247 800.8134 801.8021 802.7907 803.7794 804.6168 805.4315 806.2462 807.0609 807.0157 805.0049 802.9941 800.9834 798.9726 797.9385 797.2492 796.5598 795.8705
824.368 831.8539 839.3398 846.8256 853.0847 858.2192 863.3538 868.4883 873.6228 877.3192 880.9502 884.5812 888.2123 889.5119 887.1851 884.8582 882.5314 880.2045 874.9279 869.0303 863.1327 857.2351 850.9756 843.6908 836.406 829.1212 821.8363 817.4116 814.2381 811.0646 807.8911 804.9748 803.7731 802.5714 801.3696 800.1678 799.5655 799.4241 799.2827 799.1414 799.0 799.1507 799.3013 799.452 799.6027 800.3502 801.8737 803.3972 804.9207 806.4442 807.6257 808.756 809.8862 811.0164 811.028 808.4824 805.9368 803.3912 800.8456 799.174 797.8107 796.4475 795.0843
817.478 824.1509 830.8239 837.4968 843.621 849.2423 854.8635 860.4847 866.106 870.688 875.223 879.7578 884.2927 886.0629 883.5329 881.0028 878.4728 875.9427 870.1315 863.6295 857.1276 850.6256 843.8915 836.4998 829.108 821.7162 814.3245 810.5927 808.462 806.3314 804.2008 802.2625 801.6063 800.9501 800.2939 799.6377 799.3088 799.2316 799.1544 799.0772 799.0 799.2148 799.4297 799.6445 799.8594 800.8758 802.9341 804.9924 807.0508 809.1091 810.6348 812.0806 813.5264 814.9721 815.0403 811.96 808.8796 805.7992 802.7188 800.4095 798.3723 796.3352 794.298
810.5883 816.4484 822.3083 828.1684 834.1577 840.2657 846.3736 852.4815 858.5894 864.0572 869.4958 874.9345 880.3732 882.6141 879.8809 877.1476 874.4143 871.6811 865.3353 858.2289 851.1227 844.0164 836.8077 829.309 821.8103 814.3116 806.8129 803.774 802.6862 801.5984 800.5106 799.5503 799.4396 799.3289 799.2183 799.1075 799.0521 799.0391 799.0261 799.013 799.0 799.2791 799.558 799.8371 800.1161 801.4012 803.9944 806.5876 809.1808 811.774 813.6438 815.4051 817.1664 818.9276 819.0526 815.4374 811.8223 808.207 804.5919 801.645 798.9339 796.2228 793.5118
813.6895 819.2269 824.7642 830.3016 836.0035 841.8563 847.7092 853.562 859.4149 864.7534 870.0685 875.3837 880.6989 883.0552 880.8093 878.5635 876.3176 874.0717 868.3115 861.8116 855.3117 848.8118 841.9978 834.2941 826.5903 818.8866 811.1829 807.5112 805.6033 803.6956 801.7878 800.0966 799.8493 799.6021 799.3547 799.1075 799.0 799.0 799.0 799.0 799.0 799.6842 800.3684 801.0526 801.7368 803.6838 807.2722 810.8606 814.449 818.0374 819.6256 820.9138 822.202 823.4902 823.0143 818.5062 813.9981 809.4901 804.982 801.5876 798.5864 795.5851 792.5839
819.3341 824.6736 830.013 835.3525 840.7281 846.1371 851.546 856.9549 862.3638 867.3148 872.2449 877.175 882.1051 884.4866 882.9039 881.3212 879.7385 878.1558 873.2665 867.6812 862.0959 856.5105 850.3126 842.3788 834.4451 826.5114 818.5776 813.9355 810.7335 807.5314 804.3293 801.4723 800.9148 800.3574 799.7999 799.2424 799.0 799.0 799.0 799.0 799.0 800.1762 801.3524 802.5287 803.7049 806.4136 811.1144 815.8153 820.5162 825.2171 826.3644 826.9788 827.5931 828.2073 826.9632 821.4711 815.9789 810.4868 804.9946 801.2012 798.0074 794.8136 791.6198
824.9785 830.1201 835.2617 840.4032 845.4527 850.4177 855.3827 860.3477 865.3127 869.876 874.4211 878.9662 883.5113 885.918 884.9984 884.0789 883.1593 882.2397 878.2213 873.5505 868.8798 864.209 858.627 850.4633 842.2996 834.1358 825.9721 820.3597 815.8634 811.3672 806.8709 802.848 801.9803 801.1126 800.2449 799.3773 799.0 799.0 799.0 799.0 799.0 800.6682 802.3364 804.0046 805.6729 809.1432 814.9566 820.7699 826.5832 832.3965 833.103 833.0435 832.9839 832.9244 830.912 824.4358 817.9596 811.4834 805.0072 800.8148 797.4285 794.0421 790.6557
830.6232 835.5668 840.5105 845.4542 850.1773 854.6984 859.2195 863.7405 868.2617 872.4374 876.5975 880.7575 884.9175 887.3494 887.093 886.8366 886.5803 886.3239 883.1763 879.4201 875.6639 871.9078 866.9418 858.548 850.1543 841.7606 833.3668 826.7841 820.9935 815.203 809.4125 804.2237 803.0458 801.8679 800.69 799.5121 799.0 799.0 799.0 799.0 799.0 801.1602 803.3204 805.4807 807.6409 811.8731 818.7989 825.7247 832.6505 839.5762 839.8419 839.1085 838.375 837.6416 834.8609 827.4006 819.9404 812.4801 805.0198 800.4284 796.8495 793.2706 789.6916
837.4214 842.1659 846.9103 851.6548 856.0188 860.034 864.0492 868.0644 872.0797 875.7554 879.4158 883.0762 886.7366 889.0531 889.2794 889.5056 889.7319 889.9581 887.5782 884.6496 881.721 878.7925 874.4686 866.1914 857.9142 849.6371 841.3599 834.0113 827.0688 820.1265 813.184 806.9504 805.4426 803.9347 802.4268 800.919 800.2701 800.2819 800.2938 800.3057 800.3175 803.0304 805.7432 808.4561 811.1689 816.047 823.74 831.433 839.1259 846.8189 846.3442 844.6444 842.9446 841.2448 837.5625 829.3488 821.1351 812.9213 804.7076 799.9 796.2946 792.6891 789.0837
847.7485 852.2897 856.831 861.3723 865.2762 868.5961 871.916 875.2359 878.5558 881.3879 884.1979 887.0079 889.8179 891.5897 891.7464 891.9031 892.0598 892.2166 890.2885 887.9215 885.5546 883.1876 879.5858 872.4852 865.3847 858.2841 851.1836 843.6945 836.0354 828.3763 820.7173 813.8096 811.9113 810.0129 808.1146 806.2163 805.4249 805.4849 805.5449 805.6049 805.6649 809.1158 812.5667 816.0176 819.4684 824.6381 832.0422 839.4464 846.8505 854.2546 852.1238 848.5628 845.0018 841.4407 836.449 828.1872 819.9254 811.6635 803.4016 798.9373 795.8132 792.6891 789.5651
858.0757 862.4138 866.7518 871.0898 874.5339 877.1584 879.783 882.4075 885.032 887.0205 888.9801 890.9398 892.8994 894.1262 894.2134 894.3006 894.3878 894.475 892.9988 891.1935 889.3882 887.5829 884.7031 878.7792 872.8553 866.9313 861.0074 853.3779 845.0021 836.6264 828.2506 820.6688 818.3801 816.0913 813.8026 811.5138 810.5798 810.6879 810.7961 810.9042 811.0123 815.2013 819.3902 823.5792 827.7681 833.2294 840.3446 847.4599 854.5752 861.6904 857.9035 852.4813 847.059 841.6367 835.3356 827.0256 818.7156 810.4056 802.0956 797.9745 795.3318 792.6891 790.0464
868.403 872.5378 876.6726 880.8074 883.7915 885.7207 887.6499 889.5791 891.5083 892.6531 893.7623 894.8715 895.9808 896.6628 896.6805 896.6982 896.7158 896.7335 895.7092 894.4655 893.2218 891.9781 889.8204 885.0732 880.3259 875.5786 870.8312 863.0612 853.9688 844.8764 835.784 827.5281 824.8489 822.1697 819.4905 816.8112 815.7347 815.891 816.0472 816.2035 816.3598 821.2868 826.2138 831.1408 836.0678 841.8206 848.647 855.4734 862.2999 869.1263 863.6832 856.3997 849.1162 841.8327 834.2221 825.864 817.5059 809.1477 800.7896 797.0117 794.8504 792.6891 790.5278
878.7302 882.6619 886.5934 890.5251 893.0491 894.283 895.5168 896.7507 897.9846 898.2857 898.5446 898.8033 899.0622 899.1994 899.1476 899.0957 899.0438 898.9919 898.4195 897.7375 897.0554 896.3734 894.9378 891.3671 887.7964 884.2258 880.6551 872.7446 862.9355 853.1265 843.3174 834.3874 831.3177 828.248 825.1783 822.1087 820.8896 821.094 821.2984 821.5028 821.7072 827.3723 833.0374 838.7024 844.3674 850.4119 856.9494 863.487 870.0245 876.5621 869.4629 860.3182 851.1734 842.0287 833.1086 824.7024 816.2961 807.8898 799.4836 796.049 794.369 792.6891 791.0093
881.5821 885.4184 889.2546 893.0909 895.4881 896.5662 897.6442 898.7222 899.8003 899.8471 899.8471 899.8471 899.8471 899.8229 899.761 899.6992 899.6373 899.5755 899.1978 898.7537 898.3096 897.8654 896.7602 893.782 890.8038 887.8256 884.8474 877.5038 868.2505 858.9971 849.7438 841.364 838.808 836.2521 833.696 831.1401 830.2535 830.6512 831.0488 831.4464 831.8441 836.8223 841.8004 846.7786 851.7568 856.5773 861.1926 865.808 870.4234 875.0388 867.0507 857.1722 847.2936 837.415 828.2767 820.8306 813.3844 805.9382 798.4921 795.6224 794.3681 793.1138 791.8594
881.1635 884.9516 888.7397 892.5279 894.9439 896.1022 897.2605 898.4188 899.577 899.6274 899.6274 899.6274 899.6274 899.6094 899.5637 899.5178 899.472 899.4262 899.1309 898.783 898.4351 898.0872 897.1411 894.4998 891.8585 889.2172 886.576 880.1088 871.9678 863.8269 855.6859 848.3921 846.7453 845.0986 843.4518 841.8051 841.4589 842.1133 842.7676 843.4219 844.0763 847.7442 851.4121 855.08 858.7479 861.6813 863.66 865.6385 867.6172 869.5958 861.0546 850.9355 840.8163 830.6972 821.818 815.773 809.728 803.6831 797.6381 795.4305 794.5773 793.7241 792.871
