data/zism_data/00552_02_D.txt
ncols         224
nrows         224
[rows 196 to 223 of 224, columns 126 to 188 of 224]
3698.743 3698.917 3699.092 3699.232 3699.362 3699.491 3699.621 3699.833 3700.366 3700.899 3701.432 3701.965 3702.333 3702.607 3702.88 3703.154 3703.574 3706.079 3708.583 3711.088 3713.593 3717.36 3722.409 3727.457 3732.506 3737.555 3741.674 3745.719 3749.765 3753.811 3757.808 3761.717 3765.627 3769.537 3773.447 3777.136 3780.766 3784.396 3788.027 3791.144 3792.431 3793.718 3795.005 3796.292 3796.826 3796.954 3797.082 3797.21 3797.355 3797.702 3798.05 3798.396 3798.743 3798.97 3799.081 3799.191 3799.302 3799.413 3798.686 3797.907 3797.128 3796.35 3794.843
3698.718 3698.882 3699.046 3699.146 3699.228 3699.309 3699.391 3699.524 3699.859 3700.194 3700.53 3700.865 3701.096 3701.269 3701.441 3701.613 3701.929 3704.289 3706.649 3709.01 3711.37 3715.075 3720.146 3725.216 3730.286 3735.356 3739.59 3743.759 3747.927 3752.096 3756.166 3760.06 3763.954 3767.847 3771.741 3775.368 3778.923 3782.479 3786.034 3789.113 3790.491 3791.869 3793.247 3794.625 3795.218 3795.389 3795.56 3795.73 3795.93 3796.464 3796.998 3797.532 3798.066 3798.441 3798.664 3798.887 3799.11 3799.333 3798.724 3798.062 3797.401 3796.74 3795.359
3698.693 3698.846 3698.999 3699.06 3699.093 3699.127 3699.16 3699.215 3699.353 3699.49 3699.627 3699.765 3699.86 3699.931 3700.001 3700.072 3700.283 3702.5 3704.716 3706.932 3709.148 3712.791 3717.882 3722.974 3728.065 3733.157 3737.507 3741.798 3746.09 3750.381 3754.524 3758.402 3762.28 3766.158 3770.035 3773.6 3777.081 3780.561 3784.042 3787.082 3788.551 3790.019 3791.488 3792.957 3793.61 3793.823 3794.037 3794.25 3794.505 3795.226 3795.947 3796.667 3797.388 3797.912 3798.248 3798.583 3798.918 3799.254 3798.761 3798.217 3797.674 3797.13 3795.874
3698.697 3698.833 3698.969 3699.0 3699.0 3699.0 3699.0 3699.0 3699.0 3699.0 3699.0 3699.0 3699.0 3699.0 3699.0 3699.0 3699.136 3701.213 3703.29 3705.366 3707.443 3710.992 3716.035 3721.078 3726.121 3731.164 3735.58 3739.947 3744.314 3748.682 3752.865 3756.717 3760.568 3764.42 3768.272 3771.737 3775.097 3778.457 3781.817 3784.763 3786.232 3787.7 3789.169 3790.637 3791.312 3791.558 3791.805 3792.051 3792.351 3793.262 3794.174 3795.085 3795.996 3796.691 3797.179 3797.667 3798.156 3798.644 3798.257 3797.816 3797.375 3796.935 3795.782
3698.768 3698.872 3698.977 3699.0 3699.0 3699.0 3699.0 3699.0 3699.0 3699.0 3699.0 3699.0 3699.0 3699.0 3699.0 3699.0 3699.128 3701.076 3703.025 3704.973 3706.922 3710.302 3715.137 3719.972 3724.806 3729.641 3734.012 3738.347 3742.682 3747.018 3751.163 3754.967 3758.77 3762.574 3766.378 3769.655 3772.791 3775.927 3779.063 3781.788 3783.048 3784.308 3785.568 3786.828 3787.437 3787.694 3787.951 3788.208 3788.534 3789.643 3790.751 3791.861 3792.969 3793.887 3794.621 3795.355 3796.089 3796.823 3796.516 3796.144 3795.773 3795.402 3794.301
3698.84 3698.912 3698.984 3699.0 3699.0 3699.0 3699.0 3699.0 3699.0 3699.0 3699.0 3699.0 3699.0 3699.0 3699.0 3699.0 3699.12 3700.94 3702.76 3704.58 3706.4 3709.613 3714.239 3718.865 3723.491 3728.118 3732.444 3736.747 3741.05 3745.354 3749.461 3753.217 3756.972 3760.728 3764.484 3767.574 3770.485 3773.396 3776.308 3778.812 3779.864 3780.916 3781.967 3783.019 3783.562 3783.829 3784.097 3784.365 3784.716 3786.023 3787.329 3788.636 3789.943 3791.083 3792.062 3793.042 3794.022 3795.001 3794.774 3794.472 3794.17 3793.868 3792.819
3698.911 3698.951 3698.991 3699.0 3699.0 3699.0 3699.0 3699.0 3699.0 3699.0 3699.0 3699.0 3699.0 3699.0 3699.0 3699.0 3699.111 3700.803 3702.495 3704.187 3705.879 3708.924 3713.341 3717.759 3722.177 3726.595 3730.876 3735.147 3739.418 3743.689 3747.759 3751.467 3755.174 3758.882 3762.589 3765.492 3768.179 3770.866 3773.553 3775.836 3776.68 3777.523 3778.366 3779.21 3779.686 3779.965 3780.243 3780.522 3780.899 3782.403 3783.907 3785.412 3786.916 3788.278 3789.504 3790.729 3791.955 3793.18 3793.033 3792.801 3792.568 3792.335 3791.338
3698.982 3698.99 3698.998 3699.0 3699.0 3699.0 3699.0 3699.0 3699.0 3699.0 3699.0 3699.0 3699.0 3699.0 3699.0 3699.0 3699.103 3700.667 3702.23 3703.794 3705.357 3708.234 3712.444 3716.653 3720.862 3725.072 3729.308 3733.547 3737.786 3742.025 3746.057 3749.717 3753.376 3757.036 3760.695 3763.411 3765.874 3768.336 3770.799 3772.861 3773.496 3774.131 3774.766 3775.401 3775.811 3776.1 3776.389 3776.678 3777.081 3778.783 3780.485 3782.187 3783.889 3785.474 3786.945 3788.417 3789.888 3791.359 3791.292 3791.128 3790.965 3790.802 3789.856
3699.0 3699.0 3699.0 3699.0 3699.0 3699.0 3699.0 3699.0 3699.0 3699.0 3699.0 3699.0 3699.0 3699.0 3699.0 3699.0 3699.098 3700.59 3702.082 3703.573 3705.065 3707.804 3711.809 3715.814 3719.819 3723.824 3727.89 3731.959 3736.03 3740.1 3743.971 3747.486 3751.0 3754.515 3758.03 3760.542 3762.784 3765.026 3767.268 3769.126 3769.613 3770.1 3770.586 3771.073 3771.491 3771.872 3772.252 3772.633 3773.125 3774.896 3776.666 3778.437 3780.208 3781.882 3783.462 3785.042 3786.623 3788.203 3788.264 3788.231 3788.198 3788.164 3787.35
3699.0 3699.0 3699.0 3699.0 3699.0 3699.0 3699.0 3699.0 3699.0 3699.0 3699.0 3699.0 3699.0 3699.0 3699.0 3699.0 3699.094 3700.533 3701.971 3703.409 3704.848 3707.459 3711.261 3715.063 3718.865 3722.667 3726.519 3730.375 3734.232 3738.088 3741.759 3745.097 3748.436 3751.774 3755.113 3757.414 3759.437 3761.46 3763.483 3765.142 3765.501 3765.859 3766.218 3766.577 3767.026 3767.524 3768.022 3768.52 3769.122 3770.92 3772.718 3774.515 3776.313 3778.032 3779.677 3781.321 3782.965 3784.61 3784.815 3784.932 3785.048 3785.165 3784.508
3699.0 3699.0 3699.0 3699.0 3699.0 3699.0 3699.0 3699.0 3699.0 3699.0 3699.0 3699.0 3699.0 3699.0 3699.0 3699.0 3699.091 3700.476 3701.861 3703.246 3704.631 3707.114 3710.713 3714.312 3717.911 3721.51 3725.149 3728.792 3732.434 3736.077 3739.547 3742.709 3745.872 3749.034 3752.196 3754.287 3756.091 3757.895 3759.699 3761.159 3761.389 3761.62 3761.85 3762.08 3762.561 3763.177 3763.792 3764.408 3765.12 3766.945 3768.769 3770.593 3772.418 3774.183 3775.891 3777.6 3779.308 3781.017 3781.367 3781.633 3781.899 3782.165 3781.666
3699.0 3699.0 3699.0 3699.0 3699.0 3699.0 3699.0 3699.0 3699.0 3699.0 3699.0 3699.0 3699.0 3699.0 3699.0 3699.0 3699.087 3700.419 3701.75 3703.082 3704.413 3706.769 3710.165 3713.561 3716.957 3720.353 3723.779 3727.208 3730.636 3734.065 3737.335 3740.321 3743.307 3746.293 3749.279 3751.16 3752.745 3754.33 3755.915 3757.175 3757.277 3757.379 3757.482 3757.584 3758.096 3758.829 3759.562 3760.295 3761.118 3762.969 3764.82 3766.671 3768.522 3770.333 3772.106 3773.878 3775.651 3777.424 3777.919 3778.334 3778.75 3779.166 3778.824
3699.0 3699.0 3699.0 3699.0 3699.0 3699.0 3699.0 3699.0 3699.0 3699.0 3699.0 3699.0 3699.0 3699.0 3699.0 3699.0 3699.082 3700.33 3701.577 3702.825 3704.073 3706.27 3709.431 3712.593 3715.754 3718.916 3722.147 3725.383 3728.62 3731.857 3734.945 3737.768 3740.59 3743.413 3746.235 3747.938 3749.341 3750.744 3752.146 3753.235 3753.203 3753.172 3753.141 3753.109 3753.641 3754.476 3755.312 3756.147 3757.068 3758.967 3760.865 3762.763 3764.662 3766.517 3768.333 3770.147 3771.962 3773.778 3774.401 3774.95 3775.499 3776.048 3775.865
3699.0 3699.0 3699.0 3699.0 3699.0 3699.0 3699.0 3699.0 3699.0 3699.0 3699.0 3699.0 3699.0 3699.0 3699.0 3699.0 3699.069 3700.113 3701.158 3702.202 3703.247 3705.165 3707.968 3710.771 3713.575 3716.378 3719.484 3722.614 3725.744 3728.874 3731.853 3734.563 3737.274 3739.984 3742.694 3744.344 3745.709 3747.075 3748.44 3749.466 3749.279 3749.093 3748.906 3748.72 3749.225 3750.104 3750.982 3751.86 3752.83 3754.857 3756.884 3758.91 3760.937 3762.833 3764.605 3766.378 3768.15 3769.922 3770.608 3771.227 3771.845 3772.464 3772.446
3699.0 3699.0 3699.0 3699.0 3699.0 3699.0 3699.0 3699.0 3699.0 3699.0 3699.0 3699.0 3699.0 3699.0 3699.0 3699.0 3699.055 3699.897 3700.738 3701.58 3702.421 3704.059 3706.504 3708.95 3711.395 3713.841 3716.821 3719.844 3722.867 3725.89 3728.761 3731.359 3733.957 3736.555 3739.153 3740.75 3742.078 3743.406 3744.734 3745.696 3745.354 3745.013 3744.672 3744.331 3744.809 3745.73 3746.651 3747.572 3748.592 3750.747 3752.902 3755.057 3757.212 3759.149 3760.879 3762.608 3764.338 3766.067 3766.816 3767.504 3768.192 3768.88 3769.027
3699.0 3699.0 3699.0 3699.0 3699.0 3699.0 3699.0 3699.0 3699.0 3699.0 3699.0 3699.0 3699.0 3699.0 3699.0 3699.0 3699.042 3699.68 3700.319 3700.957 3701.596 3702.953 3705.041 3707.128 3709.216 3711.303 3714.159 3717.075 3719.991 3722.907 3725.669 3728.155 3730.641 3733.126 3735.612 3737.156 3738.446 3739.737 3741.027 3741.927 3741.43 3740.934 3740.438 3739.941 3740.394 3741.357 3742.321 3743.285 3744.354 3746.637 3748.92 3751.204 3753.487 3755.465 3757.152 3758.839 3760.525 3762.212 3763.024 3763.781 3764.539 3765.296 3765.608
3699.0 3699.0 3699.0 3699.0 3699.0 3699.0 3699.0 3699.0 3699.0 3699.0 3699.0 3699.0 3699.0 3699.0 3699.0 3699.0 3699.029 3699.464 3699.899 3700.335 3700.77 3701.848 3703.577 3705.307 3707.036 3708.765 3711.496 3714.305 3717.114 3719.924 3722.577 3724.95 3727.324 3729.698 3732.071 3733.562 3734.815 3736.068 3737.321 3738.157 3737.506 3736.854 3736.203 3735.552 3735.978 3736.984 3737.99 3738.997 3740.116 3742.528 3744.939 3747.35 3749.761 3751.781 3753.425 3755.069 3756.713 3758.357 3759.231 3760.059 3760.885 3761.712 3762.189
3699.0 3699.0 3699.0 3699.0 3699.0 3699.0 3699.0 3699.0 3699.0 3699.0 3699.0 3699.0 3699.0 3699.0 3699.0 3699.0 3699.021 3699.333 3699.646 3699.958 3700.271 3701.126 3702.532 3703.938 3705.345 3706.751 3709.268 3711.873 3714.478 3717.083 3719.553 3721.783 3724.013 3726.243 3728.473 3729.939 3731.2 3732.461 3733.722 3734.541 3733.78 3733.019 3732.258 3731.497 3731.907 3732.95 3733.992 3735.034 3736.191 3738.661 3741.131 3743.601 3746.071 3748.115 3749.75 3751.387 3753.023 3754.659 3755.608 3756.515 3757.422 3758.329 3758.941
3699.0 3699.0 3699.0 3699.0 3699.0 3699.0 3699.0 3699.0 3699.0 3699.0 3699.0 3699.0 3699.0 3699.0 3699.0 3699.0 3699.015 3699.248 3699.48 3699.712 3699.945 3700.608 3701.71 3702.812 3703.913 3705.015 3707.272 3709.621 3711.969 3714.317 3716.566 3718.635 3720.705 3722.775 3724.845 3726.302 3727.595 3728.888 3730.181 3731.006 3730.159 3729.313 3728.467 3727.62 3728.021 3729.096 3730.17 3731.244 3732.433 3734.924 3737.415 3739.906 3742.397 3744.457 3746.104 3747.751 3749.398 3751.044 3752.075 3753.068 3754.06 3755.052 3755.784
3699.0 3699.0 3699.0 3699.0 3699.0 3699.0 3699.0 3699.0 3699.0 3699.0 3699.0 3699.0 3699.0 3699.0 3699.0 3699.0 3699.01 3699.162 3699.314 3699.467 3699.619 3700.091 3700.888 3701.685 3702.482 3703.279 3705.277 3707.368 3709.46 3711.552 3713.579 3715.488 3717.397 3719.307 3721.216 3722.665 3723.99 3725.315 3726.64 3727.471 3726.539 3725.607 3724.675 3723.743 3724.136 3725.242 3726.348 3727.455 3728.674 3731.187 3733.699 3736.212 3738.725 3740.8 3742.458 3744.115 3745.773 3747.43 3748.542 3749.62 3750.698 3751.776 3752.626
3699.0 3699.0 3699.0 3699.0 3699.0 3699.0 3699.0 3699.0 3699.0 3699.0 3699.0 3699.0 3699.0 3699.0 3699.0 3699.0 3699.005 3699.077 3699.149 3699.221 3699.293 3699.573 3700.066 3700.559 3701.051 3701.544 3703.281 3705.116 3706.951 3708.787 3710.591 3712.34 3714.089 3715.839 3717.588 3719.028 3720.385 3721.742 3723.099 3723.937 3722.919 3721.902 3720.884 3719.867 3720.25 3721.388 3722.527 3723.665 3724.916 3727.45 3729.984 3732.518 3735.052 3737.143 3738.812 3740.48 3742.148 3743.816 3745.009 3746.172 3747.336 3748.499 3749.469
3699.251 3699.229 3699.206 3699.17 3699.13 3699.091 3699.051 3699.019 3699.015 3699.01 3699.006 3699.001 3699.0 3699.0 3699.0 3699.0 3699.0 3699.0 3699.0 3699.0 3699.0 3699.106 3699.32 3699.534 3699.748 3699.962 3701.438 3703.013 3704.588 3706.163 3707.74 3709.321 3710.901 3712.482 3714.063 3715.477 3716.847 3718.218 3719.588 3720.422 3719.341 3718.26 3717.179 3716.099 3716.476 3717.639 3718.803 3719.966 3721.24 3723.777 3726.314 3728.851 3731.388 3733.49 3735.177 3736.863 3738.55 3740.236 3741.517 3742.773 3744.029 3745.285 3746.373
3701.729 3701.481 3701.234 3700.846 3700.416 3699.987 3699.557 3699.206 3699.158 3699.111 3699.064 3699.017 3699.0 3699.0 3699.0 3699.0 3699.0 3699.0 3699.0 3699.0 3699.0 3699.082 3699.248 3699.414 3699.58 3699.746 3700.946 3702.227 3703.508 3704.789 3706.091 3707.431 3708.772 3710.112 3711.452 3712.694 3713.909 3715.124 3716.34 3717.081 3716.134 3715.187 3714.24 3713.293 3713.693 3714.819 3715.945 3717.071 3718.297 3720.674 3723.05 3725.427 3727.804 3729.871 3731.643 3733.415 3735.187 3736.959 3738.391 3739.802 3741.213 3742.624 3743.822
3704.206 3703.735 3703.263 3702.522 3701.702 3700.883 3700.063 3699.392 3699.302 3699.212 3699.123 3699.033 3699.0 3699.0 3699.0 3699.0 3699.0 3699.0 3699.0 3699.0 3699.0 3699.058 3699.176 3699.294 3699.412 3699.53 3700.453 3701.441 3702.428 3703.415 3704.443 3705.542 3706.642 3707.742 3708.841 3709.91 3710.97 3712.031 3713.091 3713.741 3712.927 3712.114 3711.301 3710.487 3710.909 3711.998 3713.086 3714.175 3715.354 3717.571 3719.787 3722.003 3724.219 3726.252 3728.11 3729.968 3731.825 3733.682 3735.265 3736.831 3738.397 3739.963 3741.27
3706.684 3705.988 3705.292 3704.198 3702.988 3701.778 3700.568 3699.579 3699.446 3699.313 3699.181 3699.048 3699.0 3699.0 3699.0 3699.0 3699.0 3699.0 3699.0 3699.0 3699.0 3699.035 3699.104 3699.174 3699.244 3699.313 3699.961 3700.655 3701.348 3702.042 3702.794 3703.653 3704.512 3705.372 3706.231 3707.126 3708.032 3708.937 3709.843 3710.401 3709.721 3709.041 3708.361 3707.681 3708.126 3709.177 3710.228 3711.28 3712.411 3714.468 3716.523 3718.579 3720.635 3722.634 3724.577 3726.52 3728.463 3730.406 3732.139 3733.86 3735.581 3737.302 3738.718
3709.161 3708.241 3707.32 3705.874 3704.274 3702.674 3701.074 3699.765 3699.59 3699.415 3699.239 3699.064 3699.0 3699.0 3699.0 3699.0 3699.0 3699.0 3699.0 3699.0 3699.0 3699.011 3699.032 3699.054 3699.075 3699.097 3699.469 3699.869 3700.268 3700.667 3701.146 3701.764 3702.383 3703.002 3703.62 3704.343 3705.093 3705.844 3706.594 3707.061 3706.514 3705.968 3705.422 3704.875 3705.343 3706.356 3707.37 3708.384 3709.469 3711.364 3713.26 3715.156 3717.051 3719.015 3721.043 3723.072 3725.1 3727.129 3729.013 3730.889 3732.765 3734.641 3736.166
3713.173 3712.064 3710.954 3709.065 3706.949 3704.833 3702.716 3700.945 3700.518 3700.091 3699.664 3699.237 3699.069 3699.052 3699.034 3699.017 3699.0 3699.0 3699.0 3699.0 3699.0 3699.0 3699.0 3699.0 3699.0 3699.0 3699.234 3699.487 3699.74 3699.993 3700.319 3700.776 3701.234 3701.692 3702.149 3702.718 3703.317 3703.915 3704.513 3704.887 3704.46 3704.032 3703.605 3703.177 3703.606 3704.498 3705.388 3706.28 3707.237 3708.958 3710.679 3712.399 3714.12 3716.027 3718.111 3720.196 3722.28 3724.365 3726.382 3728.395 3730.408 3732.421 3734.069
3718.438 3717.168 3715.898 3713.494 3710.757 3708.021 3705.284 3702.934 3702.084 3701.235 3700.386 3699.537 3699.196 3699.146 3699.096 3699.046 3699.0 3699.0 3699.0 3699.0 3699.0 3699.0 3699.0 3699.0 3699.0 3699.0 3699.209 3699.436 3699.662 3699.888 3700.162 3700.524 3700.885 3701.247 3701.608 3702.039 3702.487 3702.936 3703.385 3703.665 3703.345 3703.024 3702.704 3702.383 3702.725 3703.423 3704.122 3704.821 3705.586 3707.12 3708.654 3710.187 3711.721 3713.552 3715.669 3717.786 3719.902 3722.019 3724.154 3726.29 3728.426 3730.562 3732.342
