data/zism_data/00558_03_D.txt
ncols         224
nrows         224
[rows 28 to 55 of 224, columns 64 to 127 of 224]
1600.0 1600.0 1600.0 1600.0 1599.802 1599.543 1599.285 1599.027 1598.824 1598.807 1598.79 1598.772 1598.755 1598.281 1597.608 1596.935 1596.262 1594.887 1589.814 1584.741 1579.668 1574.595 1566.611 1556.865 1547.12 1537.375 1527.866 1520.83 1513.794 1506.759 1499.723 1496.39 1496.079 1495.767 1495.456 1495.162 1496.058 1496.954 1497.849 1498.745 1499.198 1499.168 1499.138 1499.108 1499.078 1499.968 1500.915 1501.862 1502.809 1506.1 1512.825 1519.549 1526.274 1532.998 1539.724 1546.451 1553.178 1559.904 1565.159 1567.468 1569.777 1572.087 1574.396 1577.363
1600.0 1600.0 1600.0 1600.0 1599.81 1599.562 1599.315 1599.067 1598.842 1598.691 1598.54 1598.389 1598.238 1597.375 1596.2 1595.025 1593.85 1592.009 1586.653 1581.297 1575.941 1570.585 1562.743 1553.399 1544.054 1534.709 1525.614 1519.133 1512.652 1506.172 1499.691 1496.638 1496.38 1496.122 1495.864 1495.621 1496.437 1497.252 1498.068 1498.884 1499.293 1499.257 1499.222 1499.186 1499.151 1500.121 1501.154 1502.186 1503.218 1506.708 1513.795 1520.883 1527.97 1535.057 1542.291 1549.546 1556.801 1564.056 1569.743 1572.292 1574.842 1577.392 1579.941 1582.417
1600.0 1600.0 1600.0 1600.0 1599.818 1599.581 1599.344 1599.107 1598.859 1598.575 1598.291 1598.006 1597.722 1596.469 1594.792 1593.115 1591.439 1589.13 1583.491 1577.853 1572.214 1566.575 1558.876 1549.932 1540.987 1532.043 1523.361 1517.436 1511.51 1505.585 1499.66 1496.885 1496.68 1496.476 1496.271 1496.08 1496.816 1497.551 1498.287 1499.023 1499.387 1499.346 1499.305 1499.265 1499.224 1500.274 1501.392 1502.51 1503.628 1507.315 1514.766 1522.216 1529.667 1537.117 1544.857 1552.641 1560.425 1568.208 1574.327 1577.117 1579.907 1582.697 1585.486 1587.47
1600.0 1600.0 1600.0 1600.0 1599.826 1599.6 1599.374 1599.148 1598.877 1598.459 1598.041 1597.623 1597.205 1595.563 1593.384 1591.206 1589.027 1586.252 1580.33 1574.408 1568.486 1562.565 1555.009 1546.465 1537.921 1529.377 1521.109 1515.739 1510.369 1504.999 1499.628 1497.132 1496.981 1496.83 1496.678 1496.539 1497.194 1497.85 1498.506 1499.161 1499.481 1499.435 1499.389 1499.343 1499.297 1500.427 1501.631 1502.834 1504.037 1507.923 1515.736 1523.549 1531.363 1539.177 1547.424 1555.736 1564.048 1572.36 1578.912 1581.942 1584.972 1588.002 1591.032 1592.524
1600.0 1600.0 1600.0 1600.0 1599.802 1599.545 1599.288 1599.031 1598.609 1597.646 1596.682 1595.718 1594.754 1592.548 1589.799 1587.05 1584.301 1581.081 1575.38 1569.678 1563.977 1558.276 1551.114 1543.068 1535.023 1526.978 1519.206 1514.305 1509.404 1504.503 1499.602 1497.348 1497.252 1497.157 1497.061 1496.976 1497.556 1498.136 1498.717 1499.297 1499.579 1499.535 1499.491 1499.447 1499.403 1500.584 1501.841 1503.097 1504.354 1508.381 1516.464 1524.547 1532.63 1540.713 1549.327 1558.02 1566.714 1575.407 1582.227 1585.298 1588.369 1591.44 1594.512 1595.674
1600.0 1600.0 1600.0 1600.0 1599.741 1599.403 1599.066 1598.729 1598.007 1596.013 1594.019 1592.025 1590.031 1587.058 1583.658 1580.257 1576.857 1573.219 1568.329 1563.439 1558.55 1553.66 1547.186 1539.754 1532.323 1524.891 1517.712 1513.18 1508.647 1504.114 1499.582 1497.525 1497.489 1497.452 1497.415 1497.386 1497.897 1498.408 1498.919 1499.43 1499.681 1499.648 1499.614 1499.581 1499.547 1500.744 1502.017 1503.29 1504.562 1508.664 1516.907 1525.15 1533.393 1541.637 1550.452 1559.354 1568.255 1577.157 1584.051 1586.93 1589.809 1592.689 1595.568 1596.589
1600.0 1600.0 1600.0 1600.0 1599.679 1599.262 1598.844 1598.427 1597.405 1594.381 1591.356 1588.332 1585.307 1581.568 1577.517 1573.465 1569.413 1565.358 1561.279 1557.201 1553.122 1549.044 1543.258 1536.441 1529.623 1522.805 1516.219 1512.054 1507.89 1503.726 1499.562 1497.703 1497.725 1497.747 1497.769 1497.797 1498.239 1498.68 1499.122 1499.563 1499.783 1499.76 1499.738 1499.715 1499.692 1500.905 1502.193 1503.482 1504.771 1508.947 1517.35 1525.753 1534.157 1542.56 1551.578 1560.688 1569.797 1578.907 1585.876 1588.563 1591.25 1593.937 1596.624 1597.503
1600.0 1600.0 1600.0 1600.0 1599.618 1599.12 1598.623 1598.125 1596.803 1592.748 1588.694 1584.639 1580.584 1576.079 1571.376 1566.673 1561.97 1557.496 1554.229 1550.962 1547.695 1544.428 1539.331 1533.127 1526.923 1520.719 1514.725 1510.929 1507.133 1503.337 1499.542 1497.88 1497.961 1498.042 1498.123 1498.208 1498.58 1498.952 1499.324 1499.697 1499.885 1499.873 1499.861 1499.849 1499.837 1501.065 1502.37 1503.674 1504.979 1509.229 1517.793 1526.356 1534.92 1543.484 1552.703 1562.021 1571.339 1580.657 1587.7 1590.195 1592.69 1595.185 1597.68 1598.418
1600.0 1600.0 1600.0 1600.0 1599.556 1598.979 1598.401 1597.824 1596.201 1591.116 1586.031 1580.946 1575.861 1570.589 1565.235 1559.881 1554.526 1549.634 1547.179 1544.723 1542.267 1539.812 1535.403 1529.813 1524.223 1518.633 1513.231 1509.804 1506.376 1502.949 1499.521 1498.058 1498.198 1498.337 1498.476 1498.618 1498.921 1499.224 1499.527 1499.83 1499.987 1499.986 1499.984 1499.983 1499.981 1501.225 1502.546 1503.867 1505.188 1509.512 1518.236 1526.96 1535.683 1544.407 1553.828 1563.354 1572.881 1582.407 1589.525 1591.828 1594.13 1596.433 1598.736 1599.333
1599.88 1599.917 1599.954 1599.991 1599.477 1598.796 1598.115 1597.434 1595.576 1589.819 1584.063 1578.306 1572.549 1566.541 1560.424 1554.307 1548.19 1542.692 1540.457 1538.221 1535.986 1533.751 1529.927 1525.141 1520.356 1515.571 1510.952 1508.084 1505.216 1502.347 1499.479 1498.271 1498.418 1498.565 1498.712 1498.861 1499.145 1499.43 1499.715 1499.999 1500.146 1500.141 1500.136 1500.132 1500.127 1501.136 1502.208 1503.279 1504.35 1508.245 1516.272 1524.3 1532.328 1540.355 1549.896 1559.662 1569.429 1579.196 1586.648 1589.471 1592.293 1595.115 1597.938 1598.757
1599.742 1599.822 1599.901 1599.981 1599.395 1598.607 1597.82 1597.032 1594.948 1588.572 1582.196 1575.82 1569.444 1562.706 1555.809 1548.913 1542.016 1535.884 1533.782 1531.681 1529.579 1527.478 1524.222 1520.27 1516.317 1512.365 1508.558 1506.276 1503.995 1501.714 1499.433 1498.489 1498.636 1498.783 1498.93 1499.079 1499.353 1499.626 1499.9 1500.174 1500.313 1500.302 1500.292 1500.282 1500.272 1501.01 1501.793 1502.576 1503.359 1506.749 1513.954 1521.16 1528.366 1535.571 1545.218 1555.23 1565.242 1575.255 1583.079 1586.526 1589.973 1593.42 1596.867 1597.962
1599.604 1599.726 1599.849 1599.972 1599.313 1598.418 1597.524 1596.63 1594.32 1587.325 1580.33 1573.334 1566.339 1558.87 1551.194 1543.519 1535.843 1529.077 1527.109 1525.14 1523.172 1521.204 1518.518 1515.398 1512.279 1509.159 1506.163 1504.469 1502.775 1501.081 1499.387 1498.707 1498.854 1499.001 1499.148 1499.296 1499.56 1499.823 1500.086 1500.349 1500.479 1500.464 1500.449 1500.433 1500.418 1500.883 1501.378 1501.873 1502.368 1505.253 1511.636 1518.02 1524.403 1530.787 1540.54 1550.798 1561.056 1571.314 1579.51 1583.581 1587.652 1591.724 1595.796 1597.166
1599.466 1599.631 1599.796 1599.962 1599.231 1598.23 1597.228 1596.227 1593.693 1586.078 1578.463 1570.849 1563.234 1555.035 1546.58 1538.124 1529.669 1522.269 1520.435 1518.6 1516.765 1514.931 1512.814 1510.527 1508.24 1505.953 1503.768 1502.661 1501.555 1500.448 1499.341 1498.925 1499.072 1499.219 1499.366 1499.514 1499.767 1500.019 1500.272 1500.524 1500.646 1500.626 1500.605 1500.584 1500.564 1500.757 1500.964 1501.171 1501.377 1503.757 1509.318 1514.88 1520.441 1526.003 1535.862 1546.365 1556.869 1567.372 1575.94 1580.636 1585.332 1590.028 1594.724 1596.371
1599.288 1599.509 1599.729 1599.949 1599.214 1598.191 1597.167 1596.144 1593.537 1585.686 1577.835 1569.983 1562.132 1553.366 1544.199 1535.033 1525.866 1517.849 1515.892 1513.935 1511.979 1510.022 1508.273 1506.649 1505.026 1503.402 1501.863 1501.22 1500.576 1499.933 1499.289 1499.09 1499.254 1499.417 1499.581 1499.746 1500.0 1500.254 1500.508 1500.762 1500.875 1500.833 1500.792 1500.751 1500.71 1500.691 1500.673 1500.654 1500.636 1502.571 1507.365 1512.159 1516.953 1521.746 1531.47 1541.934 1552.397 1562.86 1571.597 1576.882 1582.166 1587.451 1592.735 1594.774
1599.012 1599.318 1599.624 1599.929 1599.362 1598.53 1597.699 1596.868 1594.579 1587.459 1580.339 1573.219 1566.099 1557.18 1547.474 1537.769 1528.063 1519.47 1516.744 1514.019 1511.293 1508.568 1506.675 1505.287 1503.898 1502.509 1501.198 1500.704 1500.21 1499.716 1499.222 1499.122 1499.345 1499.567 1499.789 1500.013 1500.299 1500.585 1500.871 1501.157 1501.258 1501.158 1501.059 1500.959 1500.859 1500.776 1500.693 1500.611 1500.529 1502.17 1506.334 1510.498 1514.662 1518.826 1527.803 1537.503 1547.203 1556.903 1565.297 1571.078 1576.859 1582.64 1588.42 1591.147
1598.736 1599.127 1599.518 1599.909 1599.509 1598.87 1598.231 1597.592 1595.62 1589.231 1582.843 1576.454 1570.066 1560.994 1550.75 1540.505 1530.26 1521.091 1517.597 1514.102 1510.608 1507.114 1505.078 1503.924 1502.771 1501.617 1500.533 1500.189 1499.844 1499.499 1499.155 1499.155 1499.436 1499.717 1499.998 1500.28 1500.598 1500.916 1501.234 1501.552 1501.642 1501.483 1501.325 1501.166 1501.008 1500.861 1500.714 1500.568 1500.422 1501.769 1505.303 1508.837 1512.371 1515.905 1524.137 1533.073 1542.01 1550.947 1558.997 1565.274 1571.551 1577.829 1584.106 1587.521
1598.46 1598.937 1599.413 1599.89 1599.657 1599.21 1598.763 1598.316 1596.661 1591.004 1585.347 1579.69 1574.032 1564.809 1554.025 1543.24 1532.456 1522.712 1518.449 1514.186 1509.923 1505.66 1503.481 1502.562 1501.643 1500.724 1499.868 1499.673 1499.478 1499.283 1499.088 1499.187 1499.527 1499.867 1500.206 1500.546 1500.896 1501.247 1501.597 1501.947 1502.026 1501.808 1501.591 1501.374 1501.156 1500.946 1500.735 1500.525 1500.315 1501.368 1504.272 1507.176 1510.08 1512.984 1520.47 1528.643 1536.816 1544.99 1552.696 1559.47 1566.244 1573.018 1579.792 1583.894
1598.184 1598.746 1599.308 1599.87 1599.804 1599.55 1599.295 1599.041 1597.703 1592.777 1587.851 1582.925 1577.999 1568.623 1557.3 1545.977 1534.653 1524.333 1519.301 1514.27 1509.238 1504.206 1501.884 1501.2 1500.516 1499.832 1499.203 1499.157 1499.112 1499.066 1499.021 1499.219 1499.618 1500.016 1500.415 1500.813 1501.195 1501.577 1501.96 1502.342 1502.409 1502.133 1501.857 1501.581 1501.305 1501.031 1500.756 1500.482 1500.207 1500.967 1503.241 1505.515 1507.789 1510.064 1516.803 1524.213 1531.623 1539.033 1546.396 1553.666 1560.937 1568.207 1575.477 1580.268
1598.172 1598.738 1599.303 1599.869 1599.872 1599.706 1599.54 1599.373 1598.22 1593.795 1589.371 1584.946 1580.522 1571.442 1560.325 1549.208 1538.091 1527.831 1522.094 1516.357 1510.619 1504.882 1502.209 1501.389 1500.569 1499.749 1499.0 1499.0 1499.0 1499.0 1499.0 1499.25 1499.703 1500.157 1500.61 1501.063 1501.496 1501.929 1502.362 1502.794 1502.869 1502.553 1502.236 1501.92 1501.604 1501.256 1500.907 1500.557 1500.208 1500.721 1502.499 1504.277 1506.055 1507.832 1513.611 1519.991 1526.37 1532.749 1539.506 1547.017 1554.528 1562.039 1569.549 1575.077
1598.276 1598.809 1599.343 1599.876 1599.905 1599.781 1599.658 1599.534 1598.506 1594.482 1590.458 1586.434 1582.41 1573.823 1563.24 1552.656 1542.073 1532.155 1525.739 1519.324 1512.909 1506.493 1503.379 1502.26 1501.141 1500.022 1499.0 1499.0 1499.0 1499.0 1499.0 1499.279 1499.786 1500.293 1500.8 1501.306 1501.798 1502.289 1502.781 1503.272 1503.362 1503.014 1502.666 1502.317 1501.969 1501.544 1501.115 1500.685 1500.255 1500.544 1501.884 1503.224 1504.564 1505.904 1510.628 1515.859 1521.091 1526.323 1532.357 1539.996 1547.635 1555.274 1562.913 1569.198
1598.379 1598.881 1599.382 1599.884 1599.938 1599.857 1599.776 1599.695 1598.793 1595.169 1591.545 1587.921 1584.297 1576.204 1566.155 1556.105 1546.056 1536.478 1529.385 1522.291 1515.198 1508.105 1504.548 1503.13 1501.713 1500.295 1499.0 1499.0 1499.0 1499.0 1499.0 1499.309 1499.869 1500.429 1500.989 1501.549 1502.1 1502.65 1503.2 1503.75 1503.855 1503.475 1503.095 1502.714 1502.334 1501.832 1501.322 1500.813 1500.303 1500.366 1501.268 1502.171 1503.073 1503.975 1507.644 1511.728 1515.812 1519.896 1525.208 1532.975 1540.742 1548.509 1556.276 1563.319
1598.483 1598.952 1599.422 1599.891 1599.971 1599.932 1599.894 1599.856 1599.079 1595.856 1592.632 1589.409 1586.185 1578.585 1569.069 1559.554 1550.038 1540.801 1533.03 1525.259 1517.487 1509.716 1505.718 1504.001 1502.284 1500.568 1499.0 1499.0 1499.0 1499.0 1499.0 1499.338 1499.952 1500.565 1501.179 1501.792 1502.401 1503.01 1503.619 1504.228 1504.348 1503.936 1503.524 1503.112 1502.699 1502.12 1501.53 1500.94 1500.35 1500.189 1500.653 1501.118 1501.582 1502.047 1504.661 1507.597 1510.533 1513.469 1518.059 1525.954 1533.849 1541.744 1549.64 1557.44
1598.586 1599.024 1599.461 1599.899 1599.993 1599.984 1599.975 1599.966 1599.28 1596.354 1593.427 1590.501 1587.574 1580.365 1571.282 1562.2 1553.117 1544.161 1535.873 1527.585 1519.297 1511.01 1506.674 1504.73 1502.785 1500.84 1499.064 1499.055 1499.045 1499.036 1499.027 1499.392 1500.061 1500.73 1501.4 1502.069 1502.743 1503.417 1504.09 1504.764 1504.901 1504.452 1504.002 1503.553 1503.103 1502.455 1501.794 1501.133 1500.473 1500.113 1500.196 1500.278 1500.361 1500.443 1502.066 1503.919 1505.772 1507.625 1511.535 1519.558 1527.581 1535.604 1543.626 1552.137
1598.69 1599.095 1599.5 1599.906 1599.927 1599.833 1599.738 1599.644 1598.76 1595.263 1591.765 1588.267 1584.77 1577.097 1567.598 1558.099 1548.6 1539.427 1531.978 1524.528 1517.078 1509.628 1505.839 1504.262 1502.686 1501.109 1499.661 1499.567 1499.473 1499.378 1499.284 1499.651 1500.395 1501.139 1501.883 1502.628 1503.419 1504.21 1505.001 1505.793 1505.952 1505.423 1504.893 1504.364 1503.834 1503.186 1502.531 1501.875 1501.22 1500.899 1501.067 1501.235 1501.402 1501.57 1502.735 1504.049 1505.363 1506.677 1510.268 1518.414 1526.56 1534.705 1542.851 1551.672
1598.793 1599.167 1599.54 1599.913 1599.862 1599.682 1599.502 1599.322 1598.24 1594.172 1590.103 1586.034 1581.965 1573.829 1563.914 1553.998 1544.083 1534.694 1528.082 1521.47 1514.859 1508.247 1505.003 1503.795 1502.586 1501.378 1500.26 1500.08 1499.9 1499.72 1499.54 1499.91 1500.729 1501.547 1502.366 1503.186 1504.095 1505.004 1505.912 1506.821 1507.004 1506.394 1505.785 1505.175 1504.566 1503.918 1503.268 1502.618 1501.967 1501.684 1501.937 1502.191 1502.444 1502.697 1503.404 1504.179 1504.954 1505.729 1509.002 1517.27 1525.538 1533.807 1542.075 1551.206
1598.897 1599.238 1599.579 1599.921 1599.796 1599.531 1599.266 1599.0 1597.721 1593.081 1588.441 1583.801 1579.161 1570.561 1560.229 1549.897 1539.566 1529.96 1524.187 1518.413 1512.639 1506.866 1504.167 1503.327 1502.487 1501.647 1500.857 1500.592 1500.327 1500.062 1499.796 1500.169 1501.063 1501.956 1502.85 1503.745 1504.771 1505.797 1506.823 1507.85 1508.055 1507.365 1506.676 1505.986 1505.297 1504.649 1504.005 1503.36 1502.715 1502.469 1502.808 1503.147 1503.486 1503.824 1504.074 1504.309 1504.545 1504.781 1507.735 1516.126 1524.517 1532.908 1541.299 1550.74
1599.0 1599.309 1599.619 1599.928 1599.731 1599.38 1599.029 1598.678 1597.201 1591.99 1586.779 1581.567 1576.356 1567.293 1556.545 1545.797 1535.048 1525.227 1520.291 1515.356 1510.42 1505.484 1503.331 1502.859 1502.388 1501.916 1501.455 1501.105 1500.754 1500.403 1500.052 1500.428 1501.396 1502.365 1503.333 1504.304 1505.447 1506.591 1507.734 1508.878 1509.106 1508.337 1507.567 1506.797 1506.028 1505.381 1504.741 1504.102 1503.462 1503.255 1503.679 1504.103 1504.527 1504.951 1504.743 1504.439 1504.136 1503.833 1506.468 1514.982 1523.496 1532.01 1540.524 1550.275
1599.082 1599.343 1599.604 1599.864 1599.282 1598.445 1597.608 1596.771 1594.719 1588.647 1582.574 1576.502 1570.429 1561.324 1550.892 1540.46 1530.028 1520.646 1516.797 1512.948 1509.1 1505.251 1503.664 1503.445 1503.226 1503.006 1502.755 1502.17 1501.584 1500.999 1500.414 1500.737 1501.802 1502.867 1503.932 1505.001 1506.329 1507.656 1508.983 1510.311 1510.634 1509.862 1509.089 1508.317 1507.545 1507.067 1506.607 1506.147 1505.687 1505.643 1506.208 1506.773 1507.338 1507.902 1507.599 1507.166 1506.732 1506.299 1508.907 1517.599 1526.291 1534.983 1543.675 1553.172
