data/zism_data/00557_02_D.txt
ncols         224
nrows         224
[rows 112 to 139 of 224, columns 63 to 125 of 224]
1607.328 1607.888 1608.448 1609.009 1608.456 1607.51 1606.563 1605.617 1604.701 1603.913 1603.126 1602.338 1601.551 1601.131 1600.92 1600.709 1600.498 1600.288 1600.094 1599.9 1599.706 1599.512 1599.372 1599.279 1599.187 1599.094 1599.001 1599.144 1599.291 1599.437 1599.584 1599.699 1599.772 1599.845 1599.918 1599.991 1599.939 1599.869 1599.8 1599.73 1599.637 1599.498 1599.359 1599.22 1599.081 1599.066 1599.086 1599.105 1599.125 1599.148 1599.187 1599.226 1599.265 1599.304 1599.315 1599.312 1599.31 1599.307 1599.309 1599.34 1599.372 1599.403 1599.435
1606.469 1607.009 1607.55 1608.091 1607.647 1606.854 1606.062 1605.27 1604.488 1603.752 1603.016 1602.28 1601.544 1601.145 1600.937 1600.73 1600.523 1600.314 1600.09 1599.865 1599.641 1599.417 1599.256 1599.151 1599.045 1598.939 1598.833 1598.988 1599.147 1599.306 1599.464 1599.591 1599.677 1599.763 1599.848 1599.934 1599.868 1599.782 1599.697 1599.611 1599.514 1599.392 1599.27 1599.148 1599.026 1599.026 1599.058 1599.091 1599.124 1599.164 1599.229 1599.294 1599.36 1599.425 1599.446 1599.446 1599.446 1599.446 1599.451 1599.492 1599.532 1599.573 1599.614
1605.701 1606.216 1606.73 1607.244 1606.875 1606.196 1605.516 1604.836 1604.157 1603.48 1602.803 1602.126 1601.449 1601.082 1600.891 1600.699 1600.508 1600.311 1600.049 1599.787 1599.525 1599.264 1599.08 1598.963 1598.846 1598.73 1598.613 1598.784 1598.959 1599.134 1599.309 1599.452 1599.554 1599.655 1599.757 1599.859 1599.781 1599.679 1599.577 1599.475 1599.378 1599.288 1599.199 1599.109 1599.02 1599.034 1599.077 1599.121 1599.164 1599.218 1599.304 1599.391 1599.478 1599.565 1599.592 1599.592 1599.592 1599.592 1599.596 1599.626 1599.656 1599.686 1599.716
1604.934 1605.422 1605.909 1606.396 1606.104 1605.537 1604.97 1604.403 1603.826 1603.208 1602.59 1601.972 1601.354 1601.019 1600.844 1600.668 1600.493 1600.307 1600.008 1599.709 1599.409 1599.11 1598.903 1598.776 1598.648 1598.521 1598.394 1598.58 1598.771 1598.962 1599.153 1599.312 1599.43 1599.548 1599.666 1599.784 1599.693 1599.575 1599.458 1599.34 1599.242 1599.185 1599.127 1599.07 1599.012 1599.042 1599.096 1599.151 1599.205 1599.271 1599.38 1599.488 1599.596 1599.704 1599.739 1599.739 1599.739 1599.739 1599.741 1599.76 1599.78 1599.799 1599.818
1604.167 1604.628 1605.088 1605.549 1605.333 1604.878 1604.424 1603.97 1603.495 1602.937 1602.378 1601.819 1601.26 1600.956 1600.797 1600.638 1600.479 1600.304 1599.967 1599.63 1599.294 1598.957 1598.726 1598.588 1598.45 1598.312 1598.174 1598.376 1598.583 1598.79 1598.998 1599.173 1599.307 1599.441 1599.575 1599.708 1599.606 1599.472 1599.338 1599.204 1599.106 1599.081 1599.056 1599.031 1599.005 1599.051 1599.116 1599.18 1599.245 1599.325 1599.455 1599.585 1599.714 1599.844 1599.885 1599.885 1599.885 1599.885 1599.886 1599.895 1599.903 1599.912 1599.92
1603.221 1603.726 1604.231 1604.736 1604.607 1604.255 1603.902 1603.55 1603.169 1602.661 1602.152 1601.644 1601.136 1600.854 1600.701 1600.547 1600.394 1600.222 1599.853 1599.485 1599.116 1598.747 1598.495 1598.344 1598.193 1598.042 1597.891 1598.112 1598.339 1598.565 1598.792 1598.986 1599.136 1599.286 1599.436 1599.586 1599.48 1599.34 1599.201 1599.061 1598.97 1598.978 1598.984 1598.991 1598.999 1599.055 1599.124 1599.194 1599.264 1599.35 1599.489 1599.629 1599.768 1599.908 1599.951 1599.948 1599.946 1599.944 1599.942 1599.946 1599.949 1599.953 1599.956
1601.631 1602.436 1603.242 1604.047 1604.044 1603.756 1603.468 1603.181 1602.855 1602.369 1601.882 1601.395 1600.909 1600.614 1600.428 1600.243 1600.057 1599.854 1599.475 1599.096 1598.717 1598.337 1598.069 1597.896 1597.724 1597.551 1597.378 1597.631 1597.89 1598.149 1598.408 1598.626 1598.792 1598.958 1599.125 1599.291 1599.215 1599.108 1599.0 1598.893 1598.835 1598.874 1598.913 1598.952 1598.991 1599.042 1599.096 1599.149 1599.203 1599.269 1599.376 1599.484 1599.591 1599.698 1599.724 1599.711 1599.698 1599.684 1599.676 1599.695 1599.715 1599.734 1599.754
1600.041 1601.146 1602.252 1603.358 1603.481 1603.258 1603.034 1602.811 1602.542 1602.077 1601.612 1601.146 1600.681 1600.374 1600.156 1599.938 1599.72 1599.487 1599.097 1598.707 1598.317 1597.927 1597.642 1597.448 1597.254 1597.06 1596.866 1597.15 1597.441 1597.732 1598.023 1598.267 1598.449 1598.631 1598.814 1598.996 1598.951 1598.875 1598.8 1598.725 1598.699 1598.77 1598.842 1598.913 1598.984 1599.029 1599.067 1599.104 1599.142 1599.188 1599.263 1599.339 1599.414 1599.489 1599.497 1599.473 1599.449 1599.425 1599.409 1599.445 1599.48 1599.516 1599.552
1598.451 1599.857 1601.263 1602.669 1602.918 1602.759 1602.6 1602.441 1602.229 1601.785 1601.341 1600.897 1600.454 1600.134 1599.883 1599.633 1599.383 1599.12 1598.719 1598.319 1597.918 1597.517 1597.216 1597.0 1596.785 1596.569 1596.353 1596.669 1596.992 1597.316 1597.639 1597.908 1598.106 1598.304 1598.503 1598.701 1598.686 1598.643 1598.6 1598.557 1598.563 1598.667 1598.77 1598.874 1598.978 1599.017 1599.038 1599.06 1599.081 1599.108 1599.151 1599.193 1599.236 1599.279 1599.27 1599.235 1599.2 1599.166 1599.143 1599.194 1599.246 1599.298 1599.35
1596.86 1598.567 1600.274 1601.98 1602.356 1602.261 1602.166 1602.072 1601.915 1601.493 1601.071 1600.648 1600.226 1599.893 1599.611 1599.329 1599.046 1598.753 1598.341 1597.93 1597.519 1597.107 1596.789 1596.552 1596.315 1596.078 1595.841 1596.188 1596.543 1596.899 1597.254 1597.549 1597.763 1597.977 1598.192 1598.406 1598.421 1598.411 1598.4 1598.389 1598.427 1598.563 1598.699 1598.835 1598.97 1599.004 1599.01 1599.015 1599.02 1599.027 1599.038 1599.048 1599.059 1599.07 1599.042 1598.997 1598.952 1598.907 1598.876 1598.944 1599.012 1599.08 1599.148
1592.043 1594.5 1596.958 1599.416 1600.31 1600.651 1600.993 1601.335 1601.545 1601.191 1600.837 1600.483 1600.128 1599.822 1599.544 1599.265 1598.986 1598.694 1598.257 1597.821 1597.384 1596.948 1596.578 1596.266 1595.954 1595.641 1595.329 1595.675 1596.031 1596.386 1596.742 1597.055 1597.314 1597.573 1597.833 1598.092 1598.163 1598.209 1598.256 1598.302 1598.382 1598.529 1598.675 1598.822 1598.968 1599.017 1599.038 1599.06 1599.081 1599.083 1599.018 1598.954 1598.89 1598.825 1598.742 1598.65 1598.559 1598.467 1598.387 1598.389 1598.391 1598.392 1598.394
1585.611 1589.046 1592.48 1595.914 1597.523 1598.487 1599.451 1600.415 1601.148 1600.885 1600.621 1600.358 1600.095 1599.836 1599.579 1599.322 1599.064 1598.789 1598.32 1597.851 1597.382 1596.914 1596.474 1596.06 1595.646 1595.232 1594.818 1595.147 1595.486 1595.825 1596.165 1596.495 1596.813 1597.131 1597.449 1597.767 1597.907 1598.023 1598.14 1598.256 1598.382 1598.529 1598.675 1598.822 1598.968 1599.042 1599.096 1599.149 1599.203 1599.207 1599.046 1598.885 1598.724 1598.563 1598.405 1598.249 1598.093 1597.937 1597.787 1597.682 1597.576 1597.471 1597.365
1579.18 1583.591 1588.001 1592.412 1594.735 1596.322 1597.908 1599.495 1600.75 1600.578 1600.406 1600.234 1600.062 1599.85 1599.614 1599.378 1599.142 1598.884 1598.383 1597.882 1597.381 1596.88 1596.371 1595.855 1595.339 1594.823 1594.307 1594.618 1594.941 1595.265 1595.588 1595.935 1596.312 1596.689 1597.066 1597.443 1597.651 1597.837 1598.023 1598.209 1598.382 1598.529 1598.675 1598.822 1598.968 1599.067 1599.153 1599.239 1599.325 1599.331 1599.073 1598.816 1598.558 1598.301 1598.068 1597.848 1597.627 1597.407 1597.188 1596.974 1596.762 1596.549 1596.336
1572.749 1578.136 1583.523 1588.91 1591.948 1594.157 1596.366 1598.574 1600.352 1600.271 1600.191 1600.11 1600.029 1599.863 1599.649 1599.435 1599.22 1598.978 1598.445 1597.912 1597.379 1596.846 1596.267 1595.649 1595.031 1594.414 1593.796 1594.089 1594.397 1594.704 1595.011 1595.374 1595.811 1596.247 1596.683 1597.119 1597.396 1597.651 1597.907 1598.163 1598.382 1598.529 1598.675 1598.822 1598.968 1599.092 1599.21 1599.328 1599.447 1599.455 1599.101 1598.747 1598.393 1598.039 1597.732 1597.447 1597.162 1596.877 1596.588 1596.267 1595.947 1595.627 1595.307
1565.853 1572.153 1578.454 1584.754 1588.558 1591.482 1594.406 1597.33 1599.71 1599.747 1599.785 1599.822 1599.859 1599.764 1599.594 1599.425 1599.255 1599.05 1598.481 1597.911 1597.341 1596.772 1596.123 1595.407 1594.691 1593.975 1593.259 1593.541 1593.838 1594.134 1594.431 1594.819 1595.327 1595.835 1596.342 1596.85 1597.189 1597.505 1597.822 1598.139 1598.4 1598.548 1598.696 1598.845 1598.993 1599.136 1599.277 1599.418 1599.558 1599.565 1599.128 1598.69 1598.252 1597.815 1597.437 1597.087 1596.737 1596.387 1596.026 1595.592 1595.158 1594.723 1594.289
1555.419 1562.149 1568.878 1575.608 1580.575 1584.921 1589.267 1593.612 1597.207 1597.566 1597.925 1598.285 1598.644 1598.806 1598.856 1598.906 1598.956 1598.947 1598.307 1597.668 1597.028 1596.389 1595.671 1594.885 1594.099 1593.313 1592.527 1592.84 1593.169 1593.498 1593.827 1594.306 1594.98 1595.654 1596.328 1597.001 1597.355 1597.666 1597.978 1598.289 1598.552 1598.716 1598.88 1599.045 1599.209 1599.318 1599.41 1599.503 1599.596 1599.569 1599.147 1598.726 1598.304 1597.883 1597.463 1597.043 1596.623 1596.204 1595.76 1595.16 1594.559 1593.958 1593.358
1544.986 1552.144 1559.303 1566.462 1572.592 1578.36 1584.127 1589.895 1594.704 1595.385 1596.066 1596.747 1597.428 1597.847 1598.118 1598.388 1598.658 1598.843 1598.134 1597.424 1596.715 1596.006 1595.219 1594.363 1593.507 1592.651 1591.796 1592.139 1592.5 1592.862 1593.223 1593.792 1594.632 1595.473 1596.313 1597.153 1597.521 1597.827 1598.133 1598.439 1598.703 1598.884 1599.065 1599.245 1599.426 1599.5 1599.544 1599.588 1599.633 1599.573 1599.167 1598.762 1598.356 1597.951 1597.488 1596.999 1596.51 1596.02 1595.495 1594.728 1593.96 1593.193 1592.427
1534.552 1542.14 1549.728 1557.315 1564.609 1571.798 1578.988 1586.177 1592.201 1593.204 1594.207 1595.21 1596.213 1596.889 1597.379 1597.869 1598.359 1598.739 1597.96 1597.181 1596.402 1595.624 1594.766 1593.841 1592.915 1591.99 1591.064 1591.439 1591.832 1592.225 1592.619 1593.278 1594.285 1595.292 1596.298 1597.305 1597.687 1597.988 1598.289 1598.589 1598.855 1599.052 1599.249 1599.445 1599.642 1599.682 1599.678 1599.674 1599.67 1599.576 1599.187 1598.798 1598.408 1598.019 1597.514 1596.955 1596.396 1595.837 1595.229 1594.295 1593.362 1592.429 1591.495
1524.118 1532.135 1540.152 1548.169 1556.626 1565.237 1573.848 1582.459 1589.698 1591.023 1592.348 1593.673 1594.998 1595.931 1596.641 1597.351 1598.061 1598.635 1597.787 1596.938 1596.089 1595.241 1594.314 1593.318 1592.323 1591.328 1590.333 1590.738 1591.163 1591.589 1592.014 1592.765 1593.938 1595.111 1596.283 1597.456 1597.853 1598.149 1598.444 1598.739 1599.007 1599.22 1599.433 1599.646 1599.858 1599.864 1599.811 1599.759 1599.707 1599.58 1599.207 1598.834 1598.46 1598.087 1597.54 1596.911 1596.282 1595.653 1594.963 1593.863 1592.763 1591.664 1590.564
1518.12 1525.671 1533.223 1540.775 1549.333 1558.247 1567.161 1576.075 1583.616 1585.238 1586.861 1588.484 1590.106 1591.461 1592.664 1593.867 1595.07 1596.105 1595.375 1594.644 1593.914 1593.184 1592.456 1591.731 1591.006 1590.28 1589.555 1590.13 1590.724 1591.318 1591.913 1592.782 1594.009 1595.236 1596.463 1597.69 1598.083 1598.367 1598.651 1598.935 1599.188 1599.381 1599.573 1599.766 1599.958 1599.95 1599.886 1599.822 1599.757 1599.632 1599.302 1598.972 1598.642 1598.312 1597.797 1597.196 1596.594 1595.992 1595.322 1594.192 1593.063 1591.933 1590.804
1515.533 1521.931 1528.329 1534.728 1542.573 1550.929 1559.285 1567.641 1574.781 1576.682 1578.584 1580.486 1582.387 1584.292 1586.197 1588.103 1590.009 1591.709 1591.241 1590.774 1590.306 1589.839 1589.518 1589.324 1589.13 1588.936 1588.742 1589.594 1590.462 1591.33 1592.197 1593.207 1594.402 1595.597 1596.792 1597.987 1598.362 1598.63 1598.898 1599.165 1599.392 1599.536 1599.68 1599.824 1599.969 1599.962 1599.914 1599.866 1599.818 1599.72 1599.454 1599.189 1598.923 1598.658 1598.233 1597.733 1597.234 1596.734 1596.162 1595.107 1594.053 1592.999 1591.944
1512.946 1518.191 1523.436 1528.68 1535.812 1543.61 1551.408 1559.206 1565.945 1568.126 1570.307 1572.487 1574.668 1577.122 1579.73 1582.339 1584.948 1587.312 1587.107 1586.903 1586.698 1586.494 1586.58 1586.917 1587.254 1587.591 1587.928 1589.058 1590.199 1591.341 1592.482 1593.633 1594.796 1595.958 1597.121 1598.283 1598.641 1598.892 1599.144 1599.396 1599.596 1599.692 1599.787 1599.883 1599.979 1599.975 1599.943 1599.911 1599.879 1599.808 1599.607 1599.406 1599.205 1599.004 1598.669 1598.271 1597.873 1597.475 1597.002 1596.023 1595.043 1594.064 1593.085
1510.36 1514.451 1518.542 1522.633 1529.052 1536.291 1543.531 1550.771 1557.111 1559.57 1562.03 1564.49 1566.949 1569.952 1573.264 1576.575 1579.887 1582.916 1582.974 1583.032 1583.091 1583.149 1583.642 1584.51 1585.378 1586.246 1587.115 1588.522 1589.937 1591.352 1592.767 1594.058 1595.189 1596.319 1597.45 1598.58 1598.92 1599.155 1599.391 1599.626 1599.799 1599.847 1599.895 1599.942 1599.99 1599.988 1599.972 1599.956 1599.94 1599.896 1599.759 1599.623 1599.486 1599.349 1599.104 1598.808 1598.513 1598.217 1597.842 1596.938 1596.033 1595.129 1594.225
1507.83 1510.763 1513.695 1516.628 1522.327 1529.002 1535.678 1542.354 1548.288 1551.03 1553.771 1556.512 1559.254 1562.802 1566.81 1570.817 1574.825 1578.512 1578.839 1579.167 1579.494 1579.822 1580.724 1582.124 1583.524 1584.924 1586.324 1588.005 1589.69 1591.375 1593.061 1594.49 1595.585 1596.681 1597.777 1598.873 1599.193 1599.412 1599.631 1599.85 1599.996 1599.996 1599.995 1599.995 1599.995 1599.995 1599.995 1599.994 1599.994 1599.977 1599.904 1599.831 1599.758 1599.685 1599.529 1599.335 1599.14 1598.946 1598.669 1597.841 1597.013 1596.185 1595.357
1509.189 1510.619 1512.049 1513.479 1518.053 1523.736 1529.419 1535.102 1540.319 1543.527 1546.735 1549.943 1553.151 1557.01 1561.237 1565.464 1569.692 1573.64 1574.654 1575.668 1576.682 1577.696 1579.217 1581.174 1583.132 1585.09 1587.048 1588.774 1590.497 1592.22 1593.943 1595.307 1596.204 1597.101 1597.999 1598.896 1599.136 1599.291 1599.445 1599.6 1599.699 1599.688 1599.677 1599.667 1599.656 1599.636 1599.614 1599.593 1599.571 1599.541 1599.484 1599.427 1599.37 1599.313 1599.21 1599.086 1598.961 1598.837 1598.638 1597.95 1597.261 1596.573 1595.884
1510.547 1510.475 1510.403 1510.331 1513.779 1518.47 1523.16 1527.85 1532.35 1536.025 1539.699 1543.374 1547.049 1551.217 1555.664 1560.112 1564.559 1568.768 1570.469 1572.169 1573.87 1575.571 1577.709 1580.225 1582.741 1585.257 1587.772 1589.544 1591.304 1593.065 1594.825 1596.124 1596.823 1597.521 1598.22 1598.919 1599.08 1599.17 1599.26 1599.35 1599.403 1599.381 1599.359 1599.338 1599.316 1599.278 1599.234 1599.191 1599.148 1599.105 1599.064 1599.024 1598.983 1598.942 1598.892 1598.837 1598.782 1598.727 1598.608 1598.059 1597.51 1596.96 1596.411
1511.906 1510.331 1508.757 1507.183 1509.505 1513.203 1516.901 1520.599 1524.38 1528.522 1532.664 1536.805 1540.947 1545.424 1550.091 1554.759 1559.426 1563.895 1566.283 1568.671 1571.058 1573.446 1576.201 1579.275 1582.349 1585.423 1588.497 1590.313 1592.111 1593.909 1595.707 1596.941 1597.441 1597.941 1598.442 1598.942 1599.023 1599.048 1599.074 1599.1 1599.106 1599.074 1599.041 1599.009 1598.977 1598.919 1598.854 1598.79 1598.725 1598.669 1598.645 1598.62 1598.595 1598.571 1598.573 1598.588 1598.603 1598.618 1598.577 1598.168 1597.758 1597.348 1596.939
1513.264 1510.188 1507.111 1504.034 1505.231 1507.937 1510.642 1513.347 1516.411 1521.02 1525.628 1530.236 1534.845 1539.631 1544.518 1549.406 1554.293 1559.023 1562.097 1565.172 1568.246 1571.321 1574.694 1578.326 1581.958 1585.589 1589.221 1591.083 1592.918 1594.754 1596.589 1597.758 1598.06 1598.361 1598.663 1598.965 1598.966 1598.927 1598.888 1598.85 1598.809 1598.766 1598.723 1598.68 1598.637 1598.56 1598.474 1598.388 1598.302 1598.234 1598.225 1598.216 1598.208 1598.199 1598.254 1598.339 1598.423 1598.508 1598.547 1598.276 1598.006 1597.736 1597.466
