data/zism_data/00551_01_D.txt
ncols         224
nrows         224
[rows 168 to 195 of 224, columns 63 to 125 of 224]
1543.141 1543.155 1543.169 1543.183 1543.252 1543.468 1543.682 1543.898 1544.113 1544.196 1544.229 1544.262 1544.295 1544.322 1544.322 1544.322 1544.322 1544.322 1544.438 1544.625 1544.812 1544.999 1545.176 1545.24 1545.304 1545.368 1545.432 1545.539 1545.685 1545.832 1545.978 1546.125 1546.276 1546.427 1546.578 1546.729 1546.93 1547.2 1547.469 1547.738 1548.008 1548.072 1548.105 1548.138 1548.171 1548.25 1548.427 1548.604 1548.782 1548.959 1549.0 1549.0 1549.0 1549.0 1549.006 1549.034 1549.063 1549.091 1549.119 1549.11 1549.082 1549.053 1549.025
1542.967 1542.971 1542.975 1542.98 1543.043 1543.261 1543.479 1543.697 1543.914 1543.974 1543.974 1543.974 1543.974 1543.975 1543.977 1543.979 1543.98 1543.982 1544.118 1544.335 1544.551 1544.768 1544.974 1545.05 1545.126 1545.202 1545.277 1545.39 1545.537 1545.684 1545.832 1545.979 1546.125 1546.272 1546.418 1546.565 1546.771 1547.06 1547.35 1547.639 1547.928 1547.969 1547.973 1547.977 1547.98 1548.052 1548.27 1548.488 1548.706 1548.924 1548.975 1548.976 1548.976 1548.977 1548.978 1548.983 1548.988 1548.993 1548.998 1549.0 1549.0 1549.0 1549.0
1542.682 1542.723 1542.765 1542.807 1542.893 1543.094 1543.296 1543.498 1543.7 1543.756 1543.756 1543.756 1543.756 1543.759 1543.777 1543.795 1543.812 1543.83 1543.955 1544.145 1544.335 1544.525 1544.708 1544.805 1544.903 1545.0 1545.097 1545.223 1545.375 1545.528 1545.68 1545.833 1545.979 1546.126 1546.272 1546.419 1546.612 1546.869 1547.126 1547.383 1547.641 1547.705 1547.741 1547.777 1547.813 1547.901 1548.103 1548.305 1548.507 1548.709 1548.76 1548.766 1548.772 1548.778 1548.793 1548.841 1548.889 1548.936 1548.984 1549.0 1549.0 1549.0 1549.0
1542.396 1542.475 1542.555 1542.634 1542.742 1542.928 1543.114 1543.3 1543.486 1543.537 1543.537 1543.537 1543.537 1543.543 1543.577 1543.61 1543.644 1543.678 1543.793 1543.956 1544.119 1544.282 1544.442 1544.561 1544.679 1544.798 1544.916 1545.055 1545.213 1545.371 1545.529 1545.687 1545.833 1545.98 1546.126 1546.273 1546.452 1546.678 1546.903 1547.128 1547.353 1547.441 1547.509 1547.577 1547.645 1547.75 1547.936 1548.122 1548.308 1548.494 1548.545 1548.557 1548.568 1548.579 1548.608 1548.698 1548.789 1548.879 1548.97 1549.0 1549.0 1549.0 1549.0
1542.111 1542.228 1542.344 1542.461 1542.592 1542.762 1542.932 1543.101 1543.271 1543.318 1543.318 1543.318 1543.318 1543.327 1543.377 1543.427 1543.476 1543.526 1543.63 1543.767 1543.903 1544.04 1544.177 1544.316 1544.456 1544.596 1544.736 1544.888 1545.051 1545.214 1545.377 1545.541 1545.688 1545.834 1545.98 1546.127 1546.293 1546.486 1546.679 1546.872 1547.065 1547.177 1547.277 1547.377 1547.477 1547.599 1547.769 1547.939 1548.109 1548.279 1548.331 1548.347 1548.364 1548.381 1548.423 1548.556 1548.689 1548.822 1548.956 1549.0 1549.0 1549.0 1549.0
1541.826 1541.98 1542.134 1542.288 1542.442 1542.595 1542.749 1542.903 1543.057 1543.099 1543.099 1543.099 1543.099 1543.11 1543.177 1543.243 1543.308 1543.375 1543.468 1543.578 1543.687 1543.797 1543.911 1544.072 1544.233 1544.394 1544.555 1544.72 1544.889 1545.057 1545.226 1545.395 1545.542 1545.688 1545.835 1545.981 1546.134 1546.295 1546.456 1546.617 1546.778 1546.914 1547.046 1547.177 1547.309 1547.448 1547.602 1547.756 1547.91 1548.063 1548.116 1548.138 1548.16 1548.182 1548.237 1548.413 1548.589 1548.765 1548.941 1549.0 1549.0 1549.0 1549.0
1541.606 1541.78 1541.954 1542.128 1542.291 1542.425 1542.56 1542.695 1542.83 1542.873 1542.882 1542.891 1542.9 1542.92 1542.996 1543.072 1543.149 1543.225 1543.313 1543.407 1543.502 1543.597 1543.697 1543.868 1544.039 1544.21 1544.381 1544.553 1544.727 1544.901 1545.075 1545.248 1545.399 1545.548 1545.697 1545.847 1545.994 1546.137 1546.281 1546.425 1546.568 1546.714 1546.861 1547.007 1547.154 1547.297 1547.435 1547.573 1547.711 1547.848 1547.912 1547.954 1547.996 1548.038 1548.11 1548.288 1548.465 1548.643 1548.821 1548.88 1548.88 1548.88 1548.88
1541.44 1541.619 1541.799 1541.978 1542.139 1542.252 1542.366 1542.479 1542.593 1542.642 1542.667 1542.691 1542.716 1542.751 1542.832 1542.914 1542.995 1543.077 1543.163 1543.253 1543.342 1543.432 1543.527 1543.698 1543.869 1544.039 1544.21 1544.386 1544.565 1544.744 1544.923 1545.102 1545.258 1545.413 1545.567 1545.722 1545.87 1546.008 1546.146 1546.285 1546.423 1546.568 1546.715 1546.861 1547.008 1547.146 1547.268 1547.39 1547.511 1547.633 1547.718 1547.792 1547.866 1547.94 1548.03 1548.176 1548.321 1548.467 1548.613 1548.661 1548.661 1548.661 1548.661
1541.274 1541.459 1541.643 1541.828 1541.987 1542.079 1542.171 1542.263 1542.355 1542.41 1542.451 1542.492 1542.533 1542.581 1542.668 1542.755 1542.842 1542.929 1543.014 1543.098 1543.182 1543.266 1543.357 1543.527 1543.698 1543.869 1544.04 1544.218 1544.403 1544.587 1544.772 1544.956 1545.117 1545.277 1545.437 1545.597 1545.746 1545.879 1546.012 1546.145 1546.278 1546.422 1546.569 1546.715 1546.862 1546.995 1547.101 1547.207 1547.312 1547.418 1547.524 1547.63 1547.736 1547.842 1547.95 1548.064 1548.177 1548.291 1548.405 1548.443 1548.443 1548.443 1548.443
1541.109 1541.298 1541.488 1541.678 1541.835 1541.906 1541.977 1542.047 1542.118 1542.179 1542.235 1542.292 1542.349 1542.412 1542.504 1542.597 1542.689 1542.781 1542.865 1542.943 1543.022 1543.101 1543.186 1543.357 1543.528 1543.699 1543.87 1544.051 1544.241 1544.431 1544.62 1544.81 1544.976 1545.142 1545.307 1545.473 1545.622 1545.75 1545.877 1546.005 1546.132 1546.276 1546.423 1546.569 1546.716 1546.844 1546.934 1547.024 1547.113 1547.203 1547.33 1547.468 1547.606 1547.744 1547.87 1547.952 1548.033 1548.115 1548.196 1548.224 1548.224 1548.224 1548.224
1540.943 1541.138 1541.333 1541.528 1541.683 1541.733 1541.782 1541.831 1541.881 1541.947 1542.02 1542.093 1542.166 1542.243 1542.34 1542.438 1542.536 1542.633 1542.716 1542.789 1542.862 1542.936 1543.016 1543.187 1543.358 1543.529 1543.7 1543.883 1544.078 1544.274 1544.469 1544.664 1544.836 1545.006 1545.177 1545.348 1545.499 1545.621 1545.743 1545.865 1545.987 1546.131 1546.277 1546.424 1546.57 1546.693 1546.767 1546.84 1546.914 1546.988 1547.135 1547.306 1547.476 1547.646 1547.79 1547.84 1547.889 1547.939 1547.988 1548.005 1548.005 1548.005 1548.005
1540.738 1540.892 1541.045 1541.199 1541.333 1541.419 1541.504 1541.59 1541.675 1541.752 1541.825 1541.898 1541.971 1542.051 1542.159 1542.267 1542.375 1542.483 1542.56 1542.617 1542.675 1542.733 1542.799 1542.98 1543.162 1543.343 1543.525 1543.716 1543.916 1544.117 1544.318 1544.518 1544.685 1544.85 1545.016 1545.182 1545.331 1545.459 1545.586 1545.713 1545.841 1545.985 1546.131 1546.278 1546.424 1546.542 1546.6 1546.657 1546.715 1546.773 1546.925 1547.107 1547.288 1547.469 1547.63 1547.715 1547.801 1547.886 1547.972 1548.0 1548.0 1548.0 1548.0
1540.533 1540.643 1540.754 1540.865 1540.979 1541.102 1541.225 1541.347 1541.47 1541.557 1541.63 1541.704 1541.777 1541.858 1541.977 1542.096 1542.214 1542.333 1542.404 1542.445 1542.487 1542.529 1542.581 1542.773 1542.965 1543.157 1543.349 1543.548 1543.754 1543.96 1544.166 1544.372 1544.534 1544.694 1544.854 1545.015 1545.163 1545.296 1545.429 1545.561 1545.694 1545.839 1545.985 1546.132 1546.278 1546.391 1546.433 1546.474 1546.516 1546.557 1546.715 1546.907 1547.099 1547.291 1547.468 1547.591 1547.713 1547.836 1547.959 1548.0 1548.0 1548.0 1548.0
1540.327 1540.395 1540.463 1540.531 1540.625 1540.785 1540.945 1541.105 1541.265 1541.363 1541.436 1541.509 1541.582 1541.665 1541.795 1541.924 1542.054 1542.183 1542.248 1542.274 1542.299 1542.325 1542.363 1542.566 1542.768 1542.971 1543.174 1543.381 1543.592 1543.804 1544.015 1544.226 1544.383 1544.538 1544.693 1544.848 1544.995 1545.134 1545.271 1545.41 1545.547 1545.693 1545.839 1545.986 1546.132 1546.24 1546.266 1546.291 1546.317 1546.342 1546.504 1546.707 1546.909 1547.112 1547.306 1547.466 1547.626 1547.786 1547.947 1548.0 1548.0 1548.0 1548.0
1540.121 1540.147 1540.172 1540.197 1540.27 1540.468 1540.665 1540.863 1541.061 1541.168 1541.241 1541.315 1541.388 1541.473 1541.613 1541.753 1541.893 1542.033 1542.092 1542.102 1542.111 1542.121 1542.145 1542.358 1542.572 1542.785 1542.999 1543.214 1543.43 1543.647 1543.863 1544.08 1544.232 1544.381 1544.531 1544.681 1544.828 1544.971 1545.114 1545.258 1545.401 1545.547 1545.693 1545.84 1545.986 1546.089 1546.099 1546.108 1546.118 1546.127 1546.293 1546.507 1546.72 1546.934 1547.144 1547.341 1547.539 1547.736 1547.934 1548.0 1548.0 1548.0 1548.0
1539.883 1539.899 1539.914 1539.929 1539.998 1540.207 1540.416 1540.624 1540.833 1540.947 1541.025 1541.102 1541.18 1541.269 1541.416 1541.562 1541.709 1541.855 1541.92 1541.935 1541.951 1541.966 1541.996 1542.211 1542.427 1542.642 1542.857 1543.069 1543.278 1543.487 1543.696 1543.905 1544.059 1544.212 1544.365 1544.518 1544.671 1544.824 1544.977 1545.13 1545.284 1545.437 1545.59 1545.743 1545.896 1546.0 1546.0 1546.0 1546.0 1546.0 1546.169 1546.389 1546.608 1546.828 1547.048 1547.268 1547.487 1547.707 1547.927 1548.0 1548.0 1548.0 1548.0
1539.598 1539.651 1539.704 1539.756 1539.845 1540.027 1540.209 1540.391 1540.573 1540.687 1540.776 1540.864 1540.952 1541.051 1541.197 1541.344 1541.49 1541.636 1541.724 1541.777 1541.83 1541.883 1541.946 1542.151 1542.356 1542.56 1542.765 1542.958 1543.14 1543.322 1543.504 1543.686 1543.856 1544.025 1544.194 1544.363 1544.532 1544.701 1544.87 1545.039 1545.208 1545.378 1545.547 1545.716 1545.885 1546.0 1546.0 1546.0 1546.0 1546.0 1546.169 1546.389 1546.608 1546.828 1547.048 1547.268 1547.487 1547.707 1547.927 1548.0 1548.0 1548.0 1548.0
1539.313 1539.403 1539.493 1539.583 1539.691 1539.847 1540.002 1540.157 1540.313 1540.427 1540.526 1540.625 1540.724 1540.832 1540.978 1541.125 1541.271 1541.418 1541.529 1541.619 1541.709 1541.799 1541.897 1542.091 1542.285 1542.479 1542.673 1542.847 1543.002 1543.158 1543.313 1543.468 1543.653 1543.838 1544.023 1544.208 1544.393 1544.578 1544.763 1544.948 1545.134 1545.319 1545.504 1545.689 1545.874 1546.0 1546.0 1546.0 1546.0 1546.0 1546.169 1546.389 1546.608 1546.828 1547.048 1547.268 1547.487 1547.707 1547.927 1548.0 1548.0 1548.0 1548.0
1539.028 1539.155 1539.283 1539.41 1539.538 1539.667 1539.795 1539.924 1540.053 1540.168 1540.277 1540.387 1540.497 1540.613 1540.759 1540.906 1541.052 1541.199 1541.333 1541.461 1541.588 1541.716 1541.847 1542.031 1542.214 1542.397 1542.581 1542.736 1542.864 1542.993 1543.122 1543.25 1543.449 1543.65 1543.852 1544.053 1544.254 1544.455 1544.656 1544.857 1545.058 1545.26 1545.461 1545.662 1545.863 1546.0 1546.0 1546.0 1546.0 1546.0 1546.169 1546.389 1546.608 1546.828 1547.048 1547.268 1547.487 1547.707 1547.927 1548.0 1548.0 1548.0 1548.0
1538.743 1538.907 1539.072 1539.237 1539.385 1539.487 1539.589 1539.691 1539.793 1539.908 1540.028 1540.149 1540.269 1540.394 1540.54 1540.687 1540.833 1540.98 1541.138 1541.303 1541.468 1541.633 1541.798 1541.971 1542.143 1542.316 1542.489 1542.624 1542.726 1542.828 1542.93 1543.032 1543.246 1543.463 1543.68 1543.898 1544.115 1544.332 1544.549 1544.766 1544.983 1545.201 1545.418 1545.635 1545.852 1546.0 1546.0 1546.0 1546.0 1546.0 1546.169 1546.389 1546.608 1546.828 1547.048 1547.268 1547.487 1547.707 1547.927 1548.0 1548.0 1548.0 1548.0
1538.535 1538.684 1538.832 1538.981 1539.12 1539.236 1539.351 1539.467 1539.583 1539.713 1539.848 1539.984 1540.119 1540.254 1540.382 1540.511 1540.639 1540.768 1540.94 1541.137 1541.335 1541.533 1541.729 1541.9 1542.071 1542.242 1542.413 1542.552 1542.663 1542.775 1542.886 1542.997 1543.2 1543.407 1543.613 1543.819 1544.026 1544.232 1544.438 1544.644 1544.851 1545.057 1545.263 1545.469 1545.676 1545.829 1545.87 1545.91 1545.95 1545.991 1546.169 1546.389 1546.608 1546.828 1547.048 1547.268 1547.487 1547.707 1547.927 1548.006 1548.015 1548.024 1548.033
1538.343 1538.465 1538.587 1538.708 1538.834 1538.971 1539.108 1539.245 1539.382 1539.53 1539.681 1539.833 1539.984 1540.128 1540.235 1540.343 1540.45 1540.557 1540.741 1540.971 1541.2 1541.43 1541.656 1541.827 1541.998 1542.169 1542.34 1542.488 1542.615 1542.742 1542.869 1542.996 1543.185 1543.375 1543.565 1543.755 1543.946 1544.136 1544.326 1544.517 1544.707 1544.897 1545.087 1545.278 1545.468 1545.626 1545.714 1545.803 1545.891 1545.979 1546.169 1546.389 1546.608 1546.828 1547.048 1547.268 1547.487 1547.707 1547.927 1548.013 1548.033 1548.052 1548.072
1538.151 1538.246 1538.341 1538.436 1538.548 1538.707 1538.865 1539.023 1539.182 1539.347 1539.514 1539.682 1539.85 1540.003 1540.089 1540.175 1540.26 1540.346 1540.542 1540.804 1541.066 1541.328 1541.583 1541.754 1541.925 1542.096 1542.267 1542.423 1542.566 1542.709 1542.853 1542.996 1543.169 1543.343 1543.518 1543.692 1543.866 1544.04 1544.215 1544.389 1544.563 1544.737 1544.911 1545.086 1545.26 1545.422 1545.559 1545.695 1545.832 1545.968 1546.169 1546.389 1546.608 1546.828 1547.048 1547.268 1547.487 1547.707 1547.927 1548.02 1548.051 1548.081 1548.111
1537.958 1538.027 1538.095 1538.163 1538.262 1538.442 1538.622 1538.802 1538.981 1539.164 1539.348 1539.531 1539.715 1539.878 1539.942 1540.007 1540.071 1540.135 1540.343 1540.637 1540.931 1541.225 1541.51 1541.681 1541.852 1542.023 1542.194 1542.359 1542.518 1542.677 1542.836 1542.995 1543.154 1543.312 1543.47 1543.628 1543.786 1543.945 1544.103 1544.261 1544.419 1544.577 1544.736 1544.894 1545.052 1545.219 1545.403 1545.588 1545.773 1545.957 1546.169 1546.389 1546.608 1546.828 1547.048 1547.268 1547.487 1547.707 1547.927 1548.027 1548.068 1548.109 1548.15
1537.77 1537.816 1537.862 1537.908 1537.997 1538.203 1538.408 1538.614 1538.819 1539.015 1539.208 1539.4 1539.593 1539.761 1539.816 1539.87 1539.925 1539.979 1540.194 1540.506 1540.818 1541.129 1541.431 1541.605 1541.778 1541.952 1542.126 1542.3 1542.474 1542.647 1542.821 1542.995 1543.142 1543.289 1543.435 1543.582 1543.728 1543.875 1544.021 1544.168 1544.314 1544.461 1544.607 1544.754 1544.9 1545.07 1545.29 1545.51 1545.729 1545.949 1546.172 1546.396 1546.62 1546.844 1547.067 1547.282 1547.497 1547.713 1547.928 1548.036 1548.091 1548.146 1548.2
1537.591 1537.626 1537.661 1537.697 1537.789 1538.032 1538.275 1538.517 1538.76 1538.959 1539.141 1539.322 1539.504 1539.667 1539.744 1539.819 1539.895 1539.971 1540.181 1540.471 1540.761 1541.052 1541.334 1541.519 1541.703 1541.888 1542.072 1542.257 1542.441 1542.626 1542.81 1542.995 1543.142 1543.289 1543.435 1543.582 1543.728 1543.875 1544.021 1544.168 1544.314 1544.461 1544.607 1544.754 1544.9 1545.07 1545.29 1545.51 1545.729 1545.949 1546.184 1546.425 1546.665 1546.905 1547.136 1547.335 1547.535 1547.734 1547.934 1548.051 1548.127 1548.203 1548.279
1537.412 1537.436 1537.461 1537.485 1537.58 1537.861 1538.141 1538.421 1538.701 1538.902 1539.073 1539.245 1539.416 1539.574 1539.671 1539.769 1539.866 1539.963 1540.168 1540.437 1540.705 1540.974 1541.238 1541.433 1541.628 1541.823 1542.019 1542.214 1542.409 1542.604 1542.799 1542.994 1543.142 1543.289 1543.435 1543.582 1543.728 1543.875 1544.021 1544.168 1544.314 1544.461 1544.607 1544.754 1544.9 1545.07 1545.29 1545.51 1545.729 1545.949 1546.197 1546.453 1546.709 1546.965 1547.205 1547.389 1547.572 1547.755 1547.939 1548.065 1548.162 1548.26 1548.357
1537.233 1537.247 1537.26 1537.274 1537.372 1537.689 1538.007 1538.325 1538.642 1538.846 1539.006 1539.167 1539.327 1539.48 1539.599 1539.718 1539.837 1539.955 1540.154 1540.402 1540.649 1540.897 1541.141 1541.347 1541.553 1541.759 1541.965 1542.171 1542.376 1542.582 1542.788 1542.994 1543.142 1543.289 1543.435 1543.582 1543.728 1543.875 1544.021 1544.168 1544.314 1544.461 1544.607 1544.754 1544.9 1545.07 1545.29 1545.51 1545.729 1545.949 1546.209 1546.481 1546.753 1547.026 1547.275 1547.442 1547.61 1547.777 1547.944 1548.079 1548.198 1548.317 1548.435
