data/zism_data/00569_04_D.txt
ncols         224
nrows         224
[rows 84 to 111 of 224, columns 126 to 188 of 224]
1200.0 1200.0 1200.0 1200.0 1200.0 1200.0 1200.0 1200.0 1200.0 1198.73 1196.075 1193.419 1190.764 1188.108 1179.277 1169.962 1160.648 1151.333 1138.881 1121.238 1103.596 1085.954 1068.312 1054.673 1041.876 1029.08 1016.283 1006.525 1004.76 1002.996 1001.231 999.4665 1000.62 1002.883 1005.146 1007.409 1010.267 1015.953 1021.639 1027.325 1033.011 1037.696 1041.775 1045.855 1049.934 1053.95 1057.148 1060.346 1063.545 1066.743 1069.254 1071.136 1073.018 1074.9 1076.782 1079.448 1082.137 1084.827 1087.516 1091.916 1098.676 1105.436 1112.196
1200.0 1200.0 1200.0 1200.0 1200.0 1200.0 1200.0 1200.0 1200.0 1199.026 1196.991 1194.955 1192.92 1190.884 1183.108 1174.884 1166.659 1158.435 1146.972 1130.152 1113.333 1096.515 1079.695 1064.672 1050.026 1035.381 1020.735 1009.43 1006.912 1004.394 1001.876 999.3578 999.8784 1001.554 1003.229 1004.904 1007.134 1012.003 1016.871 1021.739 1026.608 1030.871 1034.769 1038.667 1042.565 1046.422 1049.77 1053.118 1056.466 1059.814 1062.684 1065.116 1067.549 1069.981 1072.413 1076.019 1079.659 1083.3 1086.94 1092.345 1100.185 1108.024 1115.864
1200.0 1200.0 1200.0 1200.0 1200.0 1200.0 1200.0 1200.0 1200.0 1199.323 1197.907 1196.491 1195.076 1193.66 1186.94 1179.806 1172.671 1165.537 1155.063 1139.067 1123.071 1107.075 1091.078 1074.671 1058.176 1041.682 1025.188 1012.335 1009.063 1005.792 1002.521 999.2492 999.1364 1000.224 1001.311 1002.398 1004.001 1008.052 1012.103 1016.154 1020.204 1024.047 1027.763 1031.479 1035.195 1038.895 1042.393 1045.89 1049.388 1052.885 1056.114 1059.097 1062.079 1065.062 1068.044 1072.59 1077.181 1081.773 1086.365 1092.775 1101.694 1110.612 1119.531
1200.0 1200.0 1200.0 1200.0 1200.0 1200.0 1200.0 1200.0 1200.0 1199.619 1198.823 1198.028 1197.232 1196.436 1190.772 1184.727 1178.683 1172.639 1163.155 1147.981 1132.808 1117.635 1102.461 1084.669 1066.326 1047.983 1029.64 1015.24 1011.215 1007.19 1003.165 999.1406 998.3943 998.8939 999.3934 999.893 1000.868 1004.101 1007.335 1010.568 1013.801 1017.222 1020.756 1024.291 1027.825 1031.368 1035.015 1038.662 1042.309 1045.957 1049.544 1053.077 1056.61 1060.143 1063.676 1069.161 1074.703 1080.246 1085.789 1093.204 1103.202 1113.2 1123.198
1200.0 1200.0 1200.0 1200.0 1200.0 1200.0 1200.0 1200.0 1200.0 1199.709 1199.102 1198.494 1197.886 1197.278 1192.43 1187.25 1182.07 1176.89 1168.318 1154.135 1139.953 1125.771 1111.588 1093.357 1074.273 1055.189 1036.105 1020.817 1015.516 1010.215 1004.914 999.6125 998.301 998.5054 998.7098 998.9142 999.5407 1002.172 1004.804 1007.435 1010.067 1012.996 1016.104 1019.212 1022.32 1025.454 1028.92 1032.385 1035.851 1039.317 1043.135 1047.276 1051.417 1055.558 1059.699 1065.924 1072.212 1078.499 1084.787 1092.878 1103.457 1114.035 1124.614
1200.0 1200.0 1200.0 1200.0 1200.0 1200.0 1200.0 1200.0 1200.0 1199.776 1199.307 1198.838 1198.369 1197.9 1193.84 1189.499 1185.158 1180.817 1173.149 1159.976 1146.803 1133.631 1120.458 1101.895 1082.196 1062.498 1042.8 1026.698 1020.061 1013.424 1006.788 1000.151 998.2814 998.2241 998.1666 998.1092 998.4191 1000.474 1002.528 1004.583 1006.637 1009.065 1011.719 1014.373 1017.027 1019.724 1022.97 1026.217 1029.464 1032.71 1036.744 1041.5 1046.255 1051.01 1055.766 1062.71 1069.719 1076.727 1083.736 1092.466 1103.568 1114.67 1125.772
1200.0 1200.0 1200.0 1200.0 1200.0 1200.0 1200.0 1200.0 1200.0 1199.842 1199.512 1199.182 1198.853 1198.523 1195.25 1191.748 1188.247 1184.745 1177.979 1165.816 1153.654 1141.491 1129.328 1110.433 1090.12 1069.807 1049.494 1032.58 1024.607 1016.634 1008.662 1000.689 998.262 997.9427 997.6234 997.3042 997.2974 998.7748 1000.252 1001.73 1003.207 1005.135 1007.334 1009.534 1011.734 1013.993 1017.021 1020.048 1023.076 1026.104 1030.353 1035.723 1041.093 1046.463 1051.833 1059.495 1067.225 1074.956 1082.686 1092.053 1103.68 1115.305 1126.931
1200.0 1200.0 1200.0 1200.0 1200.0 1200.0 1200.0 1200.0 1200.0 1199.909 1199.718 1199.527 1199.336 1199.145 1196.661 1193.998 1191.335 1188.672 1182.81 1171.656 1160.504 1149.351 1138.198 1118.971 1098.044 1077.117 1056.189 1038.461 1029.152 1019.844 1010.536 1001.227 998.2424 997.6614 997.0803 996.4991 996.1757 997.076 997.9763 998.8766 999.7769 1001.204 1002.949 1004.695 1006.44 1008.263 1011.072 1013.88 1016.689 1019.497 1023.963 1029.947 1035.932 1041.916 1047.9 1056.281 1064.732 1073.184 1081.636 1091.641 1103.791 1115.94 1128.09
1200.0 1200.0 1200.0 1200.0 1200.0 1200.0 1200.0 1200.0 1200.0 1199.957 1199.866 1199.775 1199.685 1199.594 1197.741 1195.75 1193.759 1191.768 1186.674 1176.446 1166.219 1155.993 1145.765 1126.56 1105.463 1084.368 1063.271 1045.087 1034.566 1024.044 1013.523 1003.001 999.3403 998.2867 997.2332 996.1797 995.3845 995.8165 996.2485 996.6805 997.1126 998.1304 999.5025 1000.875 1002.247 1003.71 1006.347 1008.984 1011.621 1014.258 1018.919 1025.435 1031.952 1038.468 1044.984 1053.881 1062.849 1071.816 1080.784 1091.2 1103.613 1116.027 1128.44
1200.0 1200.0 1200.0 1200.0 1200.0 1200.0 1200.0 1200.0 1200.0 1199.967 1199.898 1199.828 1199.759 1199.69 1198.145 1196.486 1194.826 1193.167 1188.563 1179.089 1169.615 1160.142 1150.668 1132.207 1111.853 1091.5 1071.147 1053.236 1041.753 1030.269 1018.786 1007.302 1002.723 1000.766 998.8093 996.8527 995.2688 995.455 995.6412 995.8275 996.0137 996.809 997.9727 999.1364 1000.3 1001.565 1004.127 1006.689 1009.251 1011.813 1016.628 1023.508 1030.387 1037.267 1044.147 1053.148 1062.212 1071.275 1080.339 1090.698 1102.845 1114.991 1127.137
1200.0 1200.0 1200.0 1200.0 1200.0 1200.0 1200.0 1200.0 1200.0 1199.977 1199.929 1199.881 1199.833 1199.786 1198.55 1197.222 1195.893 1194.565 1190.451 1181.731 1173.011 1164.291 1155.57 1137.854 1118.243 1098.633 1079.022 1061.385 1048.94 1036.495 1024.049 1011.604 1006.105 1003.245 1000.385 997.5258 995.1531 995.0935 995.0339 994.9744 994.9147 995.4876 996.4429 997.3982 998.3535 999.4197 1001.907 1004.394 1006.881 1009.369 1014.337 1021.58 1028.823 1036.067 1043.31 1052.415 1061.574 1070.734 1079.894 1090.197 1102.076 1113.955 1125.835
1200.0 1200.0 1200.0 1200.0 1200.0 1200.0 1200.0 1200.0 1200.0 1199.987 1199.961 1199.934 1199.908 1199.881 1198.954 1197.958 1196.96 1195.963 1192.34 1184.373 1176.406 1168.44 1160.473 1143.501 1124.633 1105.766 1086.897 1069.534 1056.126 1042.72 1029.313 1015.905 1009.487 1005.724 1001.962 998.1989 995.0374 994.732 994.4266 994.1212 993.8159 994.1662 994.9131 995.66 996.4069 997.2745 999.6869 1002.099 1004.512 1006.924 1012.046 1019.653 1027.259 1034.866 1042.473 1051.681 1060.937 1070.193 1079.45 1089.696 1101.308 1112.92 1124.532
1200.0 1200.0 1200.0 1200.0 1200.0 1200.0 1200.0 1200.0 1200.0 1199.998 1199.992 1199.987 1199.982 1199.977 1199.359 1198.693 1198.028 1197.362 1194.229 1187.015 1179.802 1172.589 1165.375 1149.148 1131.023 1112.898 1094.773 1077.682 1063.313 1048.945 1034.576 1020.207 1012.869 1008.204 1003.538 998.8719 994.9217 994.3705 993.8193 993.2681 992.7169 992.8448 993.3834 993.9218 994.4603 995.1292 997.4668 999.8043 1002.142 1004.479 1009.756 1017.726 1025.695 1033.666 1041.635 1050.948 1060.3 1069.652 1079.005 1089.194 1100.539 1111.884 1123.229
1200.0 1200.0 1200.0 1200.0 1200.0 1200.0 1200.0 1200.0 1200.0 1200.0 1200.0 1200.0 1200.0 1200.0 1199.547 1199.058 1198.57 1198.081 1195.416 1189.15 1182.885 1176.62 1170.355 1154.983 1137.694 1120.405 1103.116 1086.458 1071.46 1056.462 1041.464 1026.466 1018.063 1012.165 1006.268 1000.37 995.3527 994.5151 993.6776 992.8401 992.0025 991.9937 992.4861 992.9785 993.4708 994.1012 996.4979 998.8944 1001.291 1003.688 1009.057 1017.151 1025.245 1033.339 1041.433 1050.736 1060.075 1069.413 1078.753 1088.759 1099.687 1110.614 1121.542
1200.0 1200.0 1200.0 1200.0 1200.0 1200.0 1200.0 1200.0 1200.0 1200.0 1200.0 1200.0 1200.0 1200.0 1199.666 1199.305 1198.945 1198.585 1196.38 1191.124 1185.869 1180.614 1175.359 1160.878 1144.454 1128.031 1111.607 1095.433 1079.911 1064.389 1048.868 1033.346 1023.83 1016.597 1009.364 1002.13 995.9573 994.8204 993.6837 992.5469 991.41 991.2919 991.7896 992.2873 992.785 993.4277 995.9258 998.424 1000.922 1003.42 1008.863 1017.005 1025.147 1033.289 1041.431 1050.689 1059.98 1069.271 1078.562 1088.345 1098.808 1109.27 1119.733
1200.0 1200.0 1200.0 1200.0 1200.0 1200.0 1200.0 1200.0 1200.0 1200.0 1200.0 1200.0 1200.0 1200.0 1199.785 1199.552 1199.32 1199.088 1197.344 1193.099 1188.853 1184.608 1180.362 1166.772 1151.214 1135.657 1120.099 1104.407 1088.362 1072.316 1056.271 1040.226 1029.598 1021.029 1012.46 1003.89 996.5618 995.1257 993.6897 992.2537 990.8176 990.59 991.0931 991.5961 992.0992 992.7542 995.3539 997.9535 1000.553 1003.153 1008.669 1016.859 1025.049 1033.24 1041.43 1050.642 1059.885 1069.128 1078.371 1087.931 1097.929 1107.926 1117.924
1200.0 1200.0 1200.0 1200.0 1200.0 1200.0 1200.0 1200.0 1200.0 1200.0 1200.0 1200.0 1200.0 1200.0 1199.904 1199.8 1199.696 1199.592 1198.308 1195.073 1191.837 1188.602 1185.366 1172.667 1157.975 1143.283 1128.59 1113.382 1096.813 1080.244 1063.675 1047.106 1035.366 1025.461 1015.556 1005.65 997.1663 995.431 993.6957 991.9604 990.2252 989.8881 990.3965 990.9049 991.4133 992.0806 994.7819 997.483 1000.184 1002.885 1008.475 1016.714 1024.952 1033.19 1041.428 1050.596 1059.79 1068.985 1078.18 1087.516 1097.05 1106.582 1116.115
1199.87 1199.877 1199.885 1199.892 1199.899 1199.915 1199.931 1199.948 1199.964 1199.975 1199.981 1199.987 1199.994 1200.0 1200.0 1200.0 1200.0 1200.0 1199.102 1196.718 1194.334 1191.951 1189.567 1177.757 1163.961 1150.167 1136.372 1121.712 1104.775 1087.839 1070.903 1053.966 1041.199 1030.017 1018.835 1007.653 998.0481 995.9365 993.825 991.7134 989.6017 989.1041 989.5824 990.0607 990.5389 991.1876 994.0178 996.8478 999.6779 1002.508 1008.155 1016.385 1024.614 1032.844 1041.073 1050.151 1059.254 1068.357 1077.46 1086.58 1095.725 1104.869 1114.013
1199.187 1199.231 1199.276 1199.32 1199.366 1199.468 1199.57 1199.672 1199.773 1199.845 1199.883 1199.921 1199.959 1199.997 1200.0 1200.0 1200.0 1200.0 1199.168 1196.961 1194.753 1192.546 1190.339 1179.411 1166.647 1153.884 1141.12 1127.29 1110.652 1094.015 1077.378 1060.741 1047.313 1035.105 1022.897 1010.689 1000.114 997.297 994.4801 991.6632 988.8463 987.9696 988.2662 988.5628 988.8594 989.3574 992.4333 995.5092 998.585 1001.661 1007.295 1015.273 1023.251 1031.23 1039.208 1048.009 1056.834 1065.659 1074.485 1083.417 1092.497 1101.577 1110.656
1198.503 1198.585 1198.667 1198.749 1198.834 1199.021 1199.208 1199.396 1199.583 1199.714 1199.784 1199.854 1199.925 1199.995 1200.0 1200.0 1200.0 1200.0 1199.235 1197.204 1195.172 1193.141 1191.11 1181.065 1169.333 1157.601 1145.868 1132.868 1116.529 1100.192 1083.854 1067.516 1053.427 1040.193 1026.959 1013.725 1002.18 998.6575 995.1353 991.613 988.0907 986.8351 986.95 987.0649 987.1798 987.5271 990.8489 994.1705 997.4922 1000.814 1006.434 1014.161 1021.889 1029.616 1037.343 1045.867 1054.414 1062.961 1071.509 1080.253 1089.269 1098.284 1107.3
1197.82 1197.939 1198.058 1198.178 1198.302 1198.574 1198.847 1199.12 1199.392 1199.583 1199.686 1199.788 1199.89 1199.993 1200.0 1200.0 1200.0 1200.0 1199.301 1197.446 1195.592 1193.737 1191.882 1182.72 1172.019 1161.318 1150.616 1138.446 1122.407 1106.368 1090.33 1074.291 1059.541 1045.281 1031.021 1016.761 1004.246 1000.018 995.7904 991.5629 987.3351 985.7006 985.6338 985.567 985.5002 985.6968 989.2644 992.8318 996.3993 999.9669 1005.574 1013.05 1020.526 1028.002 1035.478 1043.725 1051.994 1060.263 1068.533 1077.089 1086.041 1094.992 1103.944
1197.136 1197.293 1197.45 1197.606 1197.769 1198.127 1198.485 1198.844 1199.202 1199.453 1199.587 1199.722 1199.856 1199.99 1200.0 1200.0 1200.0 1200.0 1199.368 1197.689 1196.011 1194.332 1192.654 1184.374 1174.704 1165.035 1155.365 1144.024 1128.284 1112.545 1096.805 1081.066 1065.655 1050.369 1035.083 1019.797 1006.311 1001.378 996.4456 991.5126 986.5797 984.566 984.3176 984.0692 983.8207 983.8666 987.6799 991.4932 995.3065 999.1198 1004.713 1011.938 1019.163 1026.388 1033.613 1041.582 1049.574 1057.566 1065.557 1073.925 1082.813 1091.7 1100.588
1194.891 1195.099 1195.306 1195.514 1195.732 1196.339 1196.945 1197.551 1198.157 1198.626 1198.945 1199.264 1199.583 1199.901 1199.94 1199.957 1199.973 1199.99 1199.396 1197.795 1196.193 1194.592 1192.99 1185.119 1175.926 1166.734 1157.542 1146.585 1130.982 1115.379 1099.777 1084.174 1068.447 1052.672 1036.897 1021.122 1007.144 1001.701 996.2586 990.816 985.3732 982.9551 982.3658 981.7766 981.1874 980.9244 984.8376 988.7509 992.664 996.5773 1002.167 1009.293 1016.419 1023.546 1030.672 1038.485 1046.318 1054.151 1061.984 1070.207 1078.968 1087.728 1096.488
1191.691 1191.958 1192.224 1192.49 1192.776 1193.729 1194.683 1195.636 1196.59 1197.373 1197.969 1198.566 1199.163 1199.76 1199.843 1199.886 1199.93 1199.973 1199.403 1197.817 1196.232 1194.646 1193.061 1185.306 1176.253 1167.2 1158.147 1147.3 1131.735 1116.17 1100.605 1085.039 1069.206 1053.27 1037.336 1021.4 1007.222 1001.389 995.5565 989.7238 983.8909 981.0529 980.0254 978.998 977.9706 977.3019 981.226 985.1498 989.0737 992.9977 998.5895 1005.711 1012.831 1019.953 1027.073 1034.803 1042.551 1050.298 1058.046 1066.15 1074.744 1083.339 1091.934
1188.491 1188.816 1189.141 1189.466 1189.819 1191.12 1192.421 1193.722 1195.023 1196.12 1196.994 1197.869 1198.743 1199.618 1199.746 1199.816 1199.886 1199.956 1199.409 1197.839 1196.27 1194.7 1193.131 1185.494 1176.58 1167.666 1158.751 1148.016 1132.488 1116.96 1101.432 1085.904 1069.965 1053.869 1037.774 1021.678 1007.3 1001.077 994.8544 988.6317 982.4087 979.1506 977.6849 976.2194 974.7538 973.6796 977.6143 981.5488 985.4833 989.418 995.0122 1002.128 1009.243 1016.359 1023.475 1031.121 1038.783 1046.445 1054.108 1062.092 1070.521 1078.95 1087.379
1185.291 1185.675 1186.059 1186.442 1186.863 1188.511 1190.159 1191.807 1193.455 1194.866 1196.019 1197.171 1198.324 1199.476 1199.65 1199.746 1199.843 1199.94 1199.415 1197.861 1196.308 1194.754 1193.201 1185.682 1176.906 1168.131 1159.356 1148.731 1133.241 1117.75 1102.26 1086.769 1070.724 1054.468 1038.213 1021.957 1007.378 1000.765 994.1523 987.5395 980.9264 977.2482 975.3445 973.4408 971.537 970.0571 974.0025 977.9478 981.893 985.8384 991.4349 998.5452 1005.655 1012.766 1019.876 1027.439 1035.016 1042.592 1050.169 1058.034 1066.298 1074.561 1082.825
1182.028 1182.476 1182.924 1183.371 1183.864 1185.862 1187.86 1189.859 1191.857 1193.585 1195.018 1196.451 1197.884 1199.317 1199.539 1199.666 1199.793 1199.921 1199.42 1197.882 1196.344 1194.806 1193.267 1185.86 1177.216 1168.573 1159.929 1149.41 1133.955 1118.5 1103.045 1087.59 1071.442 1055.03 1038.618 1022.206 1007.429 1000.418 993.4075 986.397 979.3862 975.2851 972.9432 970.6013 968.2594 966.3725 970.31 974.2474 978.1848 982.1223 987.7208 994.8425 1001.964 1009.086 1016.207 1023.705 1031.214 1038.724 1046.233 1053.989 1062.087 1070.184 1078.282
1177.599 1178.206 1178.814 1179.422 1180.082 1182.481 1184.88 1187.279 1189.678 1191.774 1193.538 1195.302 1197.067 1198.831 1199.171 1199.4 1199.629 1199.857 1199.42 1197.882 1196.344 1194.806 1193.267 1185.86 1177.216 1168.573 1159.929 1149.41 1133.955 1118.5 1103.045 1087.59 1071.384 1054.891 1038.399 1021.907 1006.97 999.4197 991.8695 984.3193 976.7688 972.1913 969.4112 966.6312 963.8511 961.5323 965.1171 968.7018 972.2865 975.8713 981.4686 988.9109 996.353 1003.795 1011.237 1019.004 1026.78 1034.557 1042.333 1050.173 1058.099 1066.026 1073.952
