data/zism_data/00563_04_D.txt
ncols         224
nrows         224
[rows 56 to 83 of 224, columns 0 to 62 of 224]
4874.785 4877.047 4879.309 4881.516 4883.654 4885.792 4887.93 4890.068 4893.406 4896.88 4900.354 4903.828 4908.149 4914.06 4919.971 4925.881 4931.792 4936.742 4941.447 4946.153 4950.858 4955.52 4960.045 4964.571 4969.097 4973.623 4979.477 4985.913 4992.348 4998.784 5006.66 5023.038 5039.414 5055.791 5072.168 5088.796 5105.597 5122.397 5139.198 5155.583 5162.836 5170.088 5177.34 5184.593 5186.378 5182.537 5178.696 5174.854 5171.013 5163.778 5156.333 5148.89 5141.445 5134.1 5126.907 5119.714 5112.521 5105.328 5098.166 5091.009 5083.853 5076.697 5070.137
4873.972 4876.295 4878.619 4880.866 4883.019 4885.172 4887.325 4889.478 4892.659 4895.956 4899.253 4902.55 4906.771 4912.722 4918.673 4924.625 4930.577 4935.675 4940.557 4945.439 4950.321 4955.137 4959.751 4964.366 4968.981 4973.596 4979.59 4986.189 4992.789 4999.388 5007.539 5024.853 5042.165 5059.479 5076.791 5093.955 5111.019 5128.081 5145.145 5161.731 5167.842 5173.952 5180.063 5186.173 5187.672 5184.426 5181.179 5177.933 5174.686 5168.533 5162.201 5155.869 5149.538 5142.663 5134.946 5127.229 5119.511 5111.794 5103.986 5096.16 5088.335 5080.509 5073.515
4873.947 4876.405 4878.863 4881.254 4883.563 4885.873 4888.182 4890.491 4893.717 4897.046 4900.375 4903.705 4907.872 4913.608 4919.344 4925.08 4930.816 4935.837 4940.676 4945.515 4950.354 4955.137 4959.751 4964.366 4968.981 4973.596 4979.748 4986.573 4993.398 5000.223 5008.702 5026.935 5045.168 5063.402 5081.635 5099.086 5116.004 5132.921 5149.839 5166.26 5171.746 5177.232 5182.718 5188.204 5189.814 5187.434 5185.054 5182.674 5180.294 5175.515 5170.587 5165.66 5160.733 5154.691 5146.915 5139.138 5131.361 5123.585 5114.7 5105.604 5096.508 5087.413 5079.241
4873.922 4876.515 4879.107 4881.643 4884.108 4886.573 4889.039 4891.504 4894.774 4898.136 4901.498 4904.86 4908.972 4914.493 4920.014 4925.535 4931.056 4935.999 4940.794 4945.59 4950.386 4955.137 4959.751 4964.366 4968.981 4973.596 4979.905 4986.957 4994.007 5001.059 5009.864 5029.018 5048.171 5067.325 5086.479 5104.217 5120.99 5137.762 5154.534 5170.789 5175.65 5180.512 5185.374 5190.235 5191.956 5190.442 5188.929 5187.415 5185.902 5182.496 5178.974 5175.452 5171.929 5166.719 5158.883 5151.048 5143.212 5135.376 5125.413 5115.047 5104.682 5094.316 5084.968
4873.897 4876.625 4879.352 4882.031 4884.653 4887.274 4889.896 4892.517 4895.832 4899.226 4902.62 4906.014 4910.073 4915.379 4920.684 4925.99 4931.295 4936.16 4940.913 4945.666 4950.418 4955.137 4959.751 4964.366 4968.981 4973.596 4980.063 4987.34 4994.617 5001.894 5011.026 5031.101 5051.174 5071.249 5091.322 5109.348 5125.975 5142.602 5159.229 5175.317 5179.555 5183.792 5188.029 5192.267 5194.097 5193.45 5192.803 5192.156 5191.509 5189.478 5187.36 5185.243 5183.125 5178.747 5170.852 5162.957 5155.062 5147.167 5136.127 5124.491 5112.855 5101.219 5090.694
4873.873 4876.734 4879.596 4882.42 4885.197 4887.975 4890.752 4893.529 4896.89 4900.316 4903.743 4907.169 4911.174 4916.264 4921.354 4926.445 4931.535 4936.322 4941.031 4945.741 4950.451 4955.137 4959.751 4964.366 4968.981 4973.596 4980.22 4987.723 4995.226 5002.73 5012.188 5033.183 5054.177 5075.172 5096.166 5114.479 5130.961 5147.442 5163.924 5179.846 5183.459 5187.072 5190.685 5194.298 5196.239 5196.458 5196.678 5196.897 5197.117 5196.458 5195.746 5195.034 5194.321 5190.774 5182.82 5174.867 5166.912 5158.958 5146.841 5133.935 5121.028 5108.122 5096.42
4873.871 4876.806 4879.741 4882.644 4885.505 4888.367 4891.229 4894.091 4897.465 4900.897 4904.33 4907.762 4911.717 4916.653 4921.588 4926.524 4931.46 4936.192 4940.872 4945.552 4950.232 4954.905 4959.557 4964.208 4968.86 4973.512 4980.161 4987.683 4995.206 5002.728 5012.194 5033.131 5054.067 5075.003 5095.939 5114.029 5130.174 5146.319 5162.465 5178.051 5181.332 5184.611 5187.892 5191.172 5193.316 5194.291 5195.266 5196.241 5197.216 5197.777 5198.313 5198.849 5199.384 5196.847 5189.528 5182.209 5174.891 5167.573 5155.111 5141.675 5128.238 5114.801 5102.466
4873.892 4876.838 4879.784 4882.697 4885.57 4888.442 4891.315 4894.188 4897.544 4900.955 4904.365 4907.776 4911.685 4916.529 4921.374 4926.218 4931.063 4935.763 4940.426 4945.09 4949.754 4954.433 4959.161 4963.888 4968.615 4973.342 4979.879 4987.208 4994.536 5001.865 5011.011 5030.882 5050.752 5070.623 5090.494 5107.833 5123.446 5139.059 5154.671 5169.746 5172.994 5176.242 5179.49 5182.738 5185.182 5186.797 5188.412 5190.027 5191.643 5193.266 5194.889 5196.512 5198.135 5196.787 5190.82 5184.853 5178.885 5172.917 5160.866 5147.661 5134.456 5121.25 5108.841
4873.914 4876.871 4879.827 4882.751 4885.635 4888.518 4891.401 4894.285 4897.623 4901.012 4904.401 4907.79 4911.653 4916.406 4921.159 4925.912 4930.665 4935.333 4939.981 4944.628 4949.276 4953.962 4958.765 4963.567 4968.37 4973.172 4979.597 4986.732 4993.867 5001.002 5009.828 5028.633 5047.438 5066.243 5085.047 5101.639 5116.718 5131.798 5146.877 5161.441 5164.657 5167.873 5171.088 5174.304 5177.047 5179.303 5181.558 5183.814 5186.07 5188.754 5191.464 5194.175 5196.885 5196.728 5192.112 5187.496 5182.879 5178.262 5166.621 5153.647 5140.673 5127.7 5115.216
4873.935 4876.903 4879.87 4882.805 4885.699 4888.593 4891.488 4894.382 4897.701 4901.069 4904.437 4907.804 4911.621 4916.283 4920.944 4925.605 4930.267 4934.904 4939.536 4944.167 4948.798 4953.49 4958.369 4963.246 4968.125 4973.002 4979.315 4986.256 4993.198 5000.139 5008.645 5026.384 5044.123 5061.863 5079.602 5095.443 5109.99 5124.537 5139.084 5153.136 5156.32 5159.503 5162.687 5165.87 5168.912 5171.808 5174.705 5177.601 5180.497 5184.243 5188.04 5191.838 5195.635 5196.669 5193.404 5190.138 5186.873 5183.607 5172.375 5159.634 5146.891 5134.149 5121.591
4873.957 4876.935 4879.913 4882.859 4885.764 4888.669 4891.574 4894.479 4897.78 4901.126 4904.472 4907.818 4911.589 4916.159 4920.729 4925.299 4929.869 4934.475 4939.09 4943.705 4948.32 4953.019 4957.973 4962.926 4967.879 4972.833 4979.034 4985.781 4992.528 4999.276 5007.461 5024.135 5040.809 5057.482 5074.156 5089.249 5103.263 5117.276 5131.29 5144.832 5147.983 5151.134 5154.285 5157.436 5160.777 5164.314 5167.851 5171.388 5174.924 5179.731 5184.616 5189.501 5194.386 5196.61 5194.695 5192.781 5190.867 5188.952 5178.13 5165.62 5153.108 5140.598 5127.965
4873.801 4876.667 4879.532 4882.365 4885.157 4887.949 4890.742 4893.534 4896.638 4899.777 4902.916 4906.055 4909.653 4914.11 4918.568 4923.026 4927.484 4932.136 4936.838 4941.54 4946.242 4951.035 4956.105 4961.175 4966.245 4971.314 4977.398 4983.926 4990.454 4996.982 5004.779 5020.063 5035.346 5050.629 5065.913 5079.984 5093.228 5106.472 5119.716 5132.511 5135.419 5138.327 5141.234 5144.142 5147.503 5151.33 5155.157 5158.984 5162.812 5169.101 5175.542 5181.982 5188.423 5192.054 5191.315 5190.577 5189.838 5189.1 5178.587 5166.22 5153.853 5141.486 5128.928
4873.638 4876.385 4879.132 4881.846 4884.52 4887.194 4889.868 4892.542 4895.44 4898.364 4901.288 4904.211 4907.629 4911.974 4916.319 4920.664 4925.008 4929.71 4934.504 4939.298 4944.091 4948.982 4954.17 4959.358 4964.547 4969.735 4975.702 4982.009 4988.316 4994.624 5002.028 5015.907 5029.785 5043.664 5057.542 5070.58 5083.043 5095.507 5107.971 5120.008 5122.663 5125.317 5127.972 5130.627 5133.995 5138.096 5142.198 5146.3 5150.401 5158.192 5166.21 5174.228 5182.245 5187.294 5187.723 5188.153 5188.583 5189.012 5178.802 5166.576 5154.348 5142.122 5129.644
4873.475 4876.103 4878.732 4881.328 4883.883 4886.438 4888.994 4891.549 4894.242 4896.951 4899.659 4902.368 4905.606 4909.838 4914.069 4918.301 4922.533 4927.285 4932.17 4937.055 4941.94 4946.929 4952.236 4957.542 4962.849 4968.156 4974.005 4980.091 4986.178 4992.265 4999.277 5011.75 5024.224 5036.698 5049.172 5061.176 5072.859 5084.542 5096.225 5107.505 5109.907 5112.308 5114.71 5117.112 5120.486 5124.863 5129.239 5133.615 5137.991 5147.284 5156.878 5166.473 5176.068 5182.534 5184.131 5185.729 5187.326 5188.923 5179.018 5166.931 5154.844 5142.757 5130.36
4873.312 4875.821 4878.332 4880.809 4883.246 4885.683 4888.12 4890.557 4893.044 4895.538 4898.031 4900.524 4903.583 4907.702 4911.82 4915.939 4920.058 4924.86 4929.836 4934.813 4939.79 4944.876 4950.302 4955.727 4961.152 4966.577 4972.308 4978.174 4984.04 4989.906 4996.526 5007.595 5018.664 5029.733 5040.801 5051.771 5062.674 5073.577 5084.479 5095.002 5097.15 5099.299 5101.448 5103.597 5106.979 5111.629 5116.28 5120.93 5125.581 5136.375 5147.547 5158.719 5169.891 5177.773 5180.539 5183.304 5186.07 5188.835 5179.233 5167.287 5155.339 5143.392 5131.076
4873.588 4875.953 4878.317 4880.661 4882.979 4885.298 4887.617 4889.936 4892.199 4894.457 4896.714 4898.972 4901.799 4905.694 4909.588 4913.483 4917.378 4922.222 4927.309 4932.395 4937.481 4942.67 4948.178 4953.685 4959.192 4964.7 4970.318 4975.986 4981.654 4987.322 4993.585 5003.365 5013.145 5022.924 5032.704 5042.693 5052.827 5062.96 5073.094 5082.877 5084.952 5087.026 5089.101 5091.175 5094.726 5099.795 5104.865 5109.936 5115.005 5126.89 5139.193 5151.496 5163.799 5172.782 5176.598 5180.414 5184.229 5188.045 5178.782 5167.038 5155.294 5143.55 5131.375
4874.471 4876.653 4878.834 4881.024 4883.225 4885.425 4887.625 4889.825 4891.84 4893.833 4895.827 4897.821 4900.345 4903.863 4907.381 4910.899 4914.417 4919.292 4924.513 4929.734 4934.955 4940.254 4945.793 4951.333 4956.873 4962.412 4967.924 4973.425 4978.926 4984.427 4990.384 4999.034 5007.683 5016.332 5024.981 5034.064 5043.445 5052.824 5062.205 5071.274 5073.521 5075.768 5078.015 5080.261 5084.204 5089.893 5095.582 5101.271 5106.96 5119.367 5132.187 5145.007 5157.827 5167.471 5172.175 5176.879 5181.583 5186.287 5177.41 5165.957 5154.503 5143.05 5131.1
4875.354 4877.353 4879.352 4881.388 4883.469 4885.551 4887.633 4889.714 4891.48 4893.21 4894.94 4896.67 4898.891 4902.033 4905.174 4908.315 4911.457 4916.362 4921.718 4927.073 4932.428 4937.837 4943.409 4948.98 4954.552 4960.124 4965.53 4970.865 4976.199 4981.533 4987.183 4994.702 5002.221 5009.74 5017.259 5025.436 5034.063 5042.688 5051.315 5059.671 5062.091 5064.51 5066.929 5069.348 5073.683 5079.991 5086.299 5092.606 5098.915 5111.844 5125.181 5138.518 5151.854 5162.161 5167.752 5173.345 5178.937 5184.529 5176.038 5164.875 5153.712 5142.55 5130.825
4876.237 4878.053 4879.869 4881.751 4883.714 4885.677 4887.641 4889.604 4891.121 4892.587 4894.053 4895.52 4897.438 4900.202 4902.966 4905.731 4908.496 4913.432 4918.922 4924.412 4929.902 4935.42 4941.024 4946.628 4952.232 4957.836 4963.136 4968.304 4973.471 4978.638 4983.982 4990.371 4996.759 5003.148 5009.537 5016.807 5024.68 5032.553 5040.426 5048.069 5050.66 5053.251 5055.843 5058.434 5063.162 5070.088 5077.015 5083.942 5090.869 5104.321 5118.174 5132.028 5145.881 5156.85 5163.33 5169.81 5176.291 5182.771 5174.665 5163.793 5152.921 5142.05 5130.55
4877.121 4878.753 4880.386 4882.114 4883.959 4885.804 4887.649 4889.494 4890.761 4891.964 4893.167 4894.369 4895.984 4898.372 4900.759 4903.147 4905.535 4910.502 4916.127 4921.751 4927.375 4933.003 4938.639 4944.276 4949.912 4955.549 4960.743 4965.743 4970.743 4975.744 4980.781 4986.04 4991.298 4996.556 5001.814 5008.178 5015.298 5022.417 5029.536 5036.466 5039.23 5041.993 5044.757 5047.521 5052.641 5060.186 5067.732 5075.278 5082.824 5096.798 5111.168 5125.539 5139.909 5151.54 5158.908 5166.276 5173.645 5181.013 5173.293 5162.712 5152.13 5141.549 5130.274
4879.223 4880.925 4882.626 4884.421 4886.328 4888.235 4890.143 4892.05 4893.224 4894.315 4895.406 4896.497 4898.123 4900.753 4903.382 4906.012 4908.642 4913.602 4919.157 4924.711 4930.266 4935.788 4941.214 4946.64 4952.066 4957.492 4962.261 4966.743 4971.224 4975.705 4980.192 4984.71 4989.228 4993.746 4998.265 5003.713 5009.799 5015.884 5021.969 5027.907 5030.629 5033.351 5036.072 5038.794 5044.177 5052.299 5060.42 5068.543 5076.665 5090.608 5104.91 5119.211 5133.513 5145.012 5152.15 5159.288 5166.426 5173.564 5166.38 5156.48 5146.58 5136.679 5126.118
4881.485 4883.289 4885.093 4886.982 4888.976 4890.969 4892.962 4894.956 4896.056 4897.056 4898.056 4899.055 4900.734 4903.687 4906.639 4909.591 4912.544 4917.493 4922.951 4928.408 4933.866 4939.255 4944.439 4949.623 4954.807 4959.991 4964.293 4968.209 4972.125 4976.042 4979.945 4983.774 4987.604 4991.433 4995.262 4999.795 5004.809 5009.823 5014.837 5019.748 5022.399 5025.051 5027.703 5030.354 5035.983 5044.675 5053.368 5062.061 5070.753 5084.593 5098.749 5112.905 5127.062 5138.324 5145.085 5151.847 5158.609 5165.37 5158.741 5149.573 5140.404 5131.236 5121.452
4883.747 4885.653 4887.56 4889.544 4891.624 4893.703 4895.783 4897.862 4898.889 4899.797 4900.705 4901.613 4903.345 4906.62 4909.896 4913.171 4916.446 4921.384 4926.745 4932.105 4937.466 4942.723 4947.665 4952.606 4957.548 4962.49 4966.325 4969.676 4973.026 4976.377 4979.698 4982.838 4985.979 4989.119 4992.259 4995.876 4999.819 5003.762 5007.705 5011.588 5014.17 5016.751 5019.333 5021.915 5027.789 5037.052 5046.315 5055.578 5064.841 5078.577 5092.588 5106.599 5120.61 5131.637 5138.021 5144.406 5150.791 5157.176 5151.102 5142.666 5134.229 5125.793 5116.786
4886.009 4888.018 4890.026 4892.105 4894.271 4896.437 4898.603 4900.768 4901.722 4902.538 4903.354 4904.171 4905.955 4909.554 4913.152 4916.75 4920.349 4925.275 4930.539 4935.802 4941.066 4946.19 4950.89 4955.589 4960.289 4964.988 4968.356 4971.142 4973.928 4976.714 4979.451 4981.902 4984.354 4986.805 4989.257 4991.958 4994.83 4997.701 5000.573 5003.429 5005.94 5008.452 5010.964 5013.476 5019.595 5029.429 5039.262 5049.096 5058.93 5072.562 5086.427 5100.293 5114.159 5124.95 5130.958 5136.965 5142.973 5148.981 5143.463 5135.758 5128.054 5120.35 5112.12
4888.957 4891.347 4893.736 4896.231 4898.856 4901.48 4904.104 4906.729 4907.752 4908.596 4909.438 4910.282 4912.125 4915.842 4919.559 4923.276 4926.994 4931.705 4936.67 4941.634 4946.599 4951.409 4955.744 4960.08 4964.415 4968.75 4971.563 4973.708 4975.854 4978.0 4980.097 4981.909 4983.72 4985.531 4987.342 4989.302 4991.365 4993.428 4995.49 4997.569 5000.005 5002.441 5004.878 5007.314 5013.459 5023.421 5033.383 5043.346 5053.308 5066.624 5080.145 5093.667 5107.189 5117.565 5123.046 5128.527 5134.009 5139.49 5134.453 5127.42 5120.388 5113.356 5105.884
4893.19 4896.484 4899.778 4903.292 4907.073 4910.854 4914.636 4918.418 4919.781 4920.872 4921.962 4923.053 4924.966 4928.419 4931.873 4935.327 4938.78 4942.897 4947.184 4951.47 4955.757 4959.909 4963.653 4967.396 4971.14 4974.883 4976.972 4978.337 4979.703 4981.068 4982.418 4983.68 4984.942 4986.205 4987.467 4989.016 4990.761 4992.506 4994.251 4996.022 4998.373 5000.722 5003.072 5005.422 5011.179 5020.441 5029.704 5038.967 5048.229 5060.83 5073.636 5086.442 5099.248 5108.872 5113.546 5118.22 5122.894 5127.568 5122.872 5116.399 5109.927 5103.455 5096.705
4897.424 4901.622 4905.821 4910.352 4915.291 4920.229 4925.168 4930.107 4931.81 4933.148 4934.487 4935.825 4937.807 4940.997 4944.187 4947.376 4950.566 4954.089 4957.698 4961.306 4964.914 4968.41 4971.562 4974.712 4977.864 4981.015 4982.381 4982.966 4983.551 4984.136 4984.739 4985.452 4986.165 4986.878 4987.591 4988.729 4990.157 4991.584 4993.012 4994.476 4996.739 4999.003 5001.267 5003.531 5008.899 5017.462 5026.024 5034.588 5043.15 5055.036 5067.126 5079.216 5091.306 5100.179 5104.045 5107.912 5111.779 5115.645 5111.292 5105.379 5099.466 5093.553 5087.525
4901.657 4906.76 4911.863 4917.412 4923.508 4929.604 4935.7 4941.795 4943.839 4945.425 4947.011 4948.597 4950.648 4953.575 4956.5 4959.427 4962.353 4965.282 4968.212 4971.142 4974.072 4976.911 4979.47 4982.029 4984.588 4987.147 4987.791 4987.595 4987.399 4987.203 4987.06 4987.224 4987.388 4987.552 4987.716 4988.442 4989.552 4990.662 4991.772 4992.929 4995.106 4997.284 4999.462 5001.64 5006.619 5014.482 5022.345 5030.208 5038.072 5049.243 5060.617 5071.991 5083.365 5091.486 5094.545 5097.604 5100.664 5103.723 5099.711 5094.358 5089.004 5083.652 5078.346
