data/zism_data/00563_03_D.txt
ncols         224
nrows         224
[rows 56 to 83 of 224, columns 126 to 188 of 224]
4771.185 4770.484 4769.784 4769.083 4768.383 4769.625 4772.36 4775.095 4777.83 4780.466 4776.399 4772.333 4768.266 4764.2 4758.322 4750.352 4742.38 4734.41 4726.439 4722.092 4718.09 4714.088 4710.087 4706.88 4705.073 4703.266 4701.459 4699.652 4698.988 4698.59 4698.192 4697.794 4697.804 4698.969 4700.134 4701.299 4702.464 4706.367 4711.388 4716.409 4721.43 4726.457 4731.514 4736.572 4741.63 4746.688 4751.223 4755.422 4759.622 4763.822 4768.002 4771.874 4775.746 4779.617 4783.489 4786.85 4789.713 4792.577 4795.441 4798.305 4799.177 4799.958 4800.739
4774.751 4774.834 4774.918 4775.001 4775.085 4776.881 4779.994 4783.106 4786.22 4789.233 4785.465 4781.696 4777.928 4774.16 4768.145 4759.53 4750.916 4742.301 4733.687 4728.554 4723.753 4718.952 4714.151 4710.298 4708.113 4705.928 4703.744 4701.559 4700.597 4699.919 4699.242 4698.564 4698.334 4699.369 4700.404 4701.439 4702.475 4706.323 4711.319 4716.315 4721.312 4726.32 4731.396 4736.473 4741.549 4746.625 4751.168 4755.369 4759.57 4763.771 4767.953 4771.836 4775.719 4779.603 4783.485 4786.911 4789.891 4792.872 4795.852 4798.832 4799.714 4800.501 4801.289
4777.364 4777.803 4778.242 4778.681 4779.119 4781.304 4784.831 4788.358 4791.886 4795.315 4792.107 4788.898 4785.69 4782.482 4776.839 4768.38 4759.922 4751.463 4743.005 4737.405 4732.076 4726.748 4721.419 4717.082 4714.488 4711.894 4709.3 4706.706 4705.156 4703.849 4702.542 4701.234 4700.406 4700.936 4701.465 4701.994 4702.523 4706.003 4710.688 4715.372 4720.055 4724.788 4729.778 4734.768 4739.758 4744.748 4749.284 4753.528 4757.772 4762.016 4766.241 4770.156 4774.071 4777.986 4781.902 4785.37 4788.404 4791.438 4794.473 4797.507 4798.583 4799.569 4800.555
4779.978 4780.771 4781.565 4782.359 4783.153 4785.727 4789.668 4793.61 4797.552 4801.398 4798.75 4796.101 4793.452 4790.804 4785.533 4777.231 4768.928 4760.626 4752.324 4746.255 4740.399 4734.543 4728.688 4723.865 4720.862 4717.859 4714.856 4711.854 4709.715 4707.778 4705.841 4703.905 4702.479 4702.502 4702.525 4702.549 4702.572 4705.684 4710.056 4714.427 4718.799 4723.256 4728.16 4733.063 4737.967 4742.871 4747.399 4751.687 4755.974 4760.261 4764.528 4768.476 4772.423 4776.371 4780.318 4783.83 4786.918 4790.006 4793.094 4796.182 4797.45 4798.636 4799.821
4782.59 4783.74 4784.889 4786.038 4787.187 4790.149 4794.505 4798.862 4803.218 4807.481 4805.392 4803.303 4801.214 4799.125 4794.228 4786.081 4777.935 4769.789 4761.643 4755.106 4748.722 4742.339 4735.956 4730.649 4727.237 4723.825 4720.413 4717.0 4714.275 4711.708 4709.141 4706.575 4704.551 4704.069 4703.586 4703.104 4702.621 4705.364 4709.424 4713.483 4717.543 4721.724 4726.541 4731.359 4736.177 4740.995 4745.515 4749.845 4754.175 4758.505 4762.815 4766.795 4770.775 4774.755 4778.735 4782.29 4785.432 4788.573 4791.715 4794.857 4796.318 4797.703 4799.087
4785.204 4786.708 4788.212 4789.717 4791.221 4794.572 4799.343 4804.113 4808.884 4813.563 4812.034 4810.505 4808.976 4807.447 4802.921 4794.932 4786.941 4778.951 4770.961 4763.957 4757.045 4750.135 4743.224 4737.433 4733.611 4729.79 4725.969 4722.148 4718.834 4715.637 4712.441 4709.245 4706.624 4705.635 4704.647 4703.658 4702.67 4705.044 4708.792 4712.54 4716.287 4720.191 4724.923 4729.654 4734.386 4739.118 4743.631 4748.004 4752.377 4756.75 4761.102 4765.115 4769.127 4773.139 4777.151 4780.749 4783.945 4787.141 4790.336 4793.532 4795.186 4796.77 4798.354
4787.474 4789.394 4791.315 4793.236 4795.156 4799.006 4804.34 4809.674 4815.007 4820.246 4819.02 4817.792 4816.566 4815.339 4811.01 4803.094 4795.178 4787.262 4779.345 4772.03 4764.772 4757.514 4750.256 4744.14 4740.031 4735.923 4731.815 4727.707 4723.866 4720.088 4716.309 4712.531 4709.356 4707.894 4706.431 4704.968 4703.506 4705.535 4708.988 4712.442 4715.896 4719.531 4724.118 4728.705 4733.292 4737.879 4742.332 4746.697 4751.063 4755.429 4759.771 4763.733 4767.696 4771.658 4775.62 4779.171 4782.323 4785.474 4788.625 4791.777 4793.573 4795.309 4797.044
4789.391 4791.791 4794.19 4796.59 4798.99 4803.452 4809.502 4815.551 4821.601 4827.546 4826.357 4825.168 4823.979 4822.79 4818.476 4810.549 4802.622 4794.695 4786.768 4779.305 4771.885 4764.465 4757.046 4750.768 4746.498 4742.229 4737.959 4733.689 4729.386 4725.075 4720.763 4716.452 4712.769 4710.864 4708.96 4707.056 4705.152 4706.858 4710.038 4713.217 4716.396 4719.768 4724.15 4728.533 4732.915 4737.298 4741.634 4745.941 4750.247 4754.554 4758.833 4762.66 4766.488 4770.315 4774.144 4777.554 4780.561 4783.566 4786.573 4789.579 4791.467 4793.304 4795.142
4791.308 4794.187 4797.065 4799.944 4802.823 4807.898 4814.664 4821.429 4828.195 4834.845 4833.694 4832.543 4831.392 4830.24 4825.942 4818.004 4810.066 4802.128 4794.191 4786.579 4778.998 4771.417 4763.836 4757.396 4752.965 4748.534 4744.103 4739.672 4734.906 4730.062 4725.217 4720.373 4716.181 4713.835 4711.49 4709.144 4706.799 4708.182 4711.087 4713.992 4716.896 4720.004 4724.182 4728.36 4732.539 4736.716 4740.937 4745.184 4749.432 4753.679 4757.894 4761.587 4765.28 4768.973 4772.667 4775.938 4778.798 4781.659 4784.52 4787.38 4789.36 4791.3 4793.239
4793.225 4796.583 4799.94 4803.298 4806.656 4812.344 4819.826 4827.307 4834.789 4842.145 4841.032 4839.918 4838.805 4837.691 4833.408 4825.459 4817.51 4809.562 4801.613 4793.853 4786.11 4778.368 4770.626 4764.024 4759.432 4754.839 4750.247 4745.654 4740.425 4735.048 4729.671 4724.294 4719.593 4716.806 4714.019 4711.232 4708.445 4709.505 4712.136 4714.766 4717.396 4720.241 4724.214 4728.188 4732.162 4736.135 4740.239 4744.428 4748.616 4752.804 4756.956 4760.514 4764.073 4767.631 4771.19 4774.321 4777.036 4779.751 4782.467 4785.182 4787.253 4789.295 4791.337
4795.142 4798.979 4802.815 4806.652 4810.489 4816.791 4824.988 4833.185 4841.382 4849.445 4848.369 4847.293 4846.217 4845.141 4840.873 4832.914 4824.955 4816.995 4809.036 4801.127 4793.223 4785.319 4777.416 4770.653 4765.899 4761.145 4756.391 4751.637 4745.945 4740.035 4734.125 4728.215 4723.004 4719.776 4716.548 4713.32 4710.092 4710.829 4713.185 4715.541 4717.896 4720.478 4724.247 4728.016 4731.785 4735.554 4739.542 4743.671 4747.8 4751.929 4756.017 4759.441 4762.865 4766.289 4769.713 4772.704 4775.274 4777.844 4780.414 4782.984 4785.147 4787.291 4789.435
4797.815 4802.595 4807.374 4812.153 4816.933 4823.795 4832.26 4840.725 4849.19 4857.517 4856.422 4855.327 4854.232 4853.138 4848.751 4840.56 4832.369 4824.177 4815.986 4807.529 4799.046 4790.564 4782.082 4774.849 4769.815 4764.781 4759.747 4754.713 4748.908 4742.923 4736.938 4730.954 4725.711 4722.572 4719.433 4716.294 4713.154 4713.763 4715.901 4718.039 4720.177 4722.518 4725.928 4729.337 4732.748 4736.158 4739.794 4743.575 4747.356 4751.138 4754.892 4758.191 4761.491 4764.791 4768.09 4771.009 4773.558 4776.105 4778.654 4781.202 4783.368 4785.517 4787.666
4800.523 4806.266 4812.009 4817.752 4823.494 4830.916 4839.628 4848.341 4857.054 4865.625 4864.508 4863.392 4862.275 4861.159 4856.649 4848.215 4839.782 4831.348 4822.914 4813.891 4804.811 4795.731 4786.651 4778.934 4773.615 4768.295 4762.977 4757.657 4751.754 4745.716 4739.677 4733.639 4728.386 4725.36 4722.334 4719.308 4716.281 4716.77 4718.692 4720.615 4722.538 4724.639 4727.683 4730.727 4733.771 4736.815 4740.089 4743.509 4746.93 4750.351 4753.758 4756.934 4760.109 4763.286 4766.461 4769.311 4771.843 4774.375 4776.907 4779.439 4781.604 4783.753 4785.902
4803.231 4809.938 4816.644 4823.35 4830.056 4838.037 4846.997 4855.958 4864.918 4873.732 4872.594 4871.456 4870.318 4869.18 4864.546 4855.87 4847.194 4838.519 4829.843 4820.252 4810.575 4800.898 4791.221 4783.019 4777.415 4771.81 4766.206 4760.601 4754.601 4748.509 4742.417 4736.324 4731.061 4728.148 4725.235 4722.322 4719.409 4719.777 4721.484 4723.191 4724.899 4726.761 4729.439 4732.117 4734.795 4737.473 4740.384 4743.444 4746.504 4749.564 4752.624 4755.676 4758.728 4761.78 4764.833 4767.613 4770.128 4772.645 4775.161 4777.677 4779.841 4781.99 4784.138
4805.94 4813.609 4821.279 4828.949 4836.618 4845.158 4854.366 4863.574 4872.782 4881.839 4880.68 4879.52 4878.361 4877.201 4872.443 4863.525 4854.607 4845.689 4836.771 4826.614 4816.34 4806.065 4795.791 4787.104 4781.215 4775.325 4769.435 4763.545 4757.448 4751.301 4745.155 4739.009 4733.736 4730.936 4728.136 4725.335 4722.536 4722.784 4724.275 4725.768 4727.26 4728.883 4731.195 4733.507 4735.818 4738.13 4740.679 4743.378 4746.078 4748.777 4751.49 4754.418 4757.347 4760.275 4763.203 4765.914 4768.414 4770.914 4773.414 4775.914 4778.078 4780.226 4782.375
4810.559 4818.894 4827.228 4835.563 4843.897 4852.658 4861.747 4870.836 4879.925 4888.865 4887.611 4886.357 4885.104 4883.851 4878.873 4869.588 4860.303 4851.019 4841.734 4831.093 4820.322 4809.552 4798.782 4789.739 4783.735 4777.732 4771.729 4765.726 4759.677 4753.617 4747.558 4741.498 4736.33 4733.686 4731.041 4728.397 4725.753 4725.925 4727.248 4728.569 4729.892 4731.323 4733.33 4735.337 4737.344 4739.351 4741.549 4743.87 4746.191 4748.512 4750.859 4753.634 4756.409 4759.184 4761.959 4764.576 4767.04 4769.503 4771.966 4774.43 4776.596 4778.75 4780.903
4817.814 4826.401 4834.989 4843.577 4852.164 4860.682 4869.147 4877.612 4886.076 4894.397 4892.95 4891.503 4890.056 4888.608 4883.277 4873.454 4863.631 4853.808 4843.985 4832.973 4821.847 4810.722 4799.596 4790.371 4784.492 4778.613 4772.733 4766.854 4761.056 4755.276 4749.496 4743.716 4738.811 4736.382 4733.953 4731.524 4729.095 4729.254 4730.468 4731.683 4732.897 4734.203 4735.989 4737.775 4739.562 4741.348 4743.214 4745.131 4747.048 4748.965 4750.921 4753.502 4756.083 4758.665 4761.247 4763.735 4766.134 4768.533 4770.932 4773.33 4775.504 4777.668 4779.832
4825.069 4833.91 4842.75 4851.591 4860.431 4868.706 4876.546 4884.387 4892.227 4899.93 4898.289 4896.648 4895.007 4893.367 4887.681 4877.32 4866.959 4856.598 4846.236 4834.853 4823.372 4811.891 4800.411 4791.004 4785.249 4779.493 4773.737 4767.982 4762.434 4756.934 4751.434 4745.934 4741.292 4739.078 4736.865 4734.651 4732.438 4732.582 4733.688 4734.795 4735.902 4737.082 4738.648 4740.213 4741.779 4743.345 4744.879 4746.392 4747.906 4749.419 4750.983 4753.371 4755.758 4758.146 4760.534 4762.894 4765.229 4767.563 4769.896 4772.231 4774.413 4776.587 4778.762
4832.324 4841.417 4850.511 4859.604 4868.698 4876.73 4883.946 4891.162 4898.378 4905.463 4903.628 4901.793 4899.959 4898.125 4892.086 4881.186 4870.287 4859.387 4848.488 4836.733 4824.897 4813.061 4801.225 4791.637 4786.005 4780.373 4774.742 4769.11 4763.812 4758.592 4753.372 4748.152 4743.772 4741.774 4739.776 4737.778 4735.78 4735.91 4736.909 4737.908 4738.907 4739.962 4741.307 4742.652 4743.997 4745.342 4746.543 4747.653 4748.763 4749.873 4751.045 4753.239 4755.433 4757.627 4759.821 4762.053 4764.323 4766.592 4768.862 4771.131 4773.32 4775.506 4777.691
4839.579 4848.925 4858.272 4867.619 4876.965 4884.754 4891.346 4897.938 4904.529 4910.996 4908.967 4906.939 4904.911 4902.882 4896.49 4885.052 4873.614 4862.177 4850.739 4838.613 4826.422 4814.23 4802.039 4792.269 4786.761 4781.253 4775.746 4770.238 4765.19 4760.25 4755.311 4750.37 4746.254 4744.471 4742.688 4740.905 4739.122 4739.238 4740.13 4741.021 4741.913 4742.841 4743.966 4745.09 4746.214 4747.338 4748.208 4748.914 4749.62 4750.326 4751.107 4753.107 4755.108 4757.108 4759.108 4761.212 4763.417 4765.622 4767.827 4770.032 4772.229 4774.425 4776.621
4848.656 4858.094 4867.531 4876.969 4886.407 4893.665 4899.247 4904.829 4910.41 4915.87 4913.048 4910.227 4907.405 4904.583 4897.635 4885.917 4874.197 4862.478 4850.759 4838.658 4826.521 4814.383 4802.246 4792.571 4787.23 4781.889 4776.547 4771.206 4766.549 4762.05 4757.552 4753.053 4749.326 4747.782 4746.238 4744.694 4743.15 4743.219 4743.946 4744.672 4745.399 4746.157 4747.08 4748.002 4748.925 4749.848 4750.503 4750.986 4751.469 4751.952 4752.512 4754.313 4756.115 4757.917 4759.719 4761.675 4763.782 4765.889 4767.996 4770.103 4772.242 4774.382 4776.523
4857.972 4867.479 4876.987 4886.495 4896.002 4902.692 4907.213 4911.735 4916.256 4920.658 4916.965 4913.271 4909.577 4905.884 4898.354 4886.387 4874.42 4862.454 4850.487 4838.462 4826.433 4814.403 4802.374 4792.829 4787.66 4782.491 4777.322 4772.153 4767.904 4763.869 4759.833 4755.797 4752.475 4751.173 4749.872 4748.57 4747.269 4747.285 4747.84 4748.394 4748.949 4749.53 4750.253 4750.977 4751.7 4752.424 4752.88 4753.164 4753.448 4753.732 4754.092 4755.695 4757.297 4758.9 4760.502 4762.309 4764.314 4766.318 4768.323 4770.328 4772.401 4774.477 4776.552
4867.288 4876.865 4886.443 4896.021 4905.598 4911.719 4915.18 4918.641 4922.102 4925.446 4920.881 4916.315 4911.75 4907.184 4899.071 4886.857 4874.643 4862.429 4850.214 4838.267 4826.345 4814.422 4802.5 4793.087 4788.091 4783.094 4778.097 4773.101 4769.26 4765.687 4762.114 4758.542 4755.625 4754.565 4753.506 4752.446 4751.387 4751.352 4751.733 4752.116 4752.498 4752.903 4753.427 4753.952 4754.476 4755.0 4755.257 4755.342 4755.427 4755.512 4755.673 4757.076 4758.479 4759.883 4761.286 4762.943 4764.845 4766.748 4768.65 4770.553 4772.56 4774.571 4776.582
4876.603 4886.251 4895.898 4905.546 4915.194 4920.746 4923.146 4925.547 4927.948 4930.235 4924.797 4919.359 4913.922 4908.484 4899.79 4887.328 4874.866 4862.404 4849.942 4838.071 4826.257 4814.442 4802.628 4793.346 4788.521 4783.697 4778.873 4774.048 4770.615 4767.505 4764.396 4761.286 4758.774 4757.957 4757.14 4756.322 4755.505 4755.417 4755.627 4755.837 4756.047 4756.276 4756.601 4756.926 4757.251 4757.577 4757.634 4757.52 4757.406 4757.292 4757.253 4758.458 4759.662 4760.866 4762.07 4763.577 4765.377 4767.177 4768.978 4770.778 4772.718 4774.665 4776.611
4886.878 4896.495 4906.112 4915.728 4925.345 4930.206 4931.41 4932.613 4933.817 4934.91 4928.43 4921.95 4915.47 4908.99 4899.688 4887.123 4874.558 4861.992 4849.427 4837.724 4826.104 4814.482 4802.862 4793.787 4789.193 4784.599 4780.004 4775.41 4772.366 4769.682 4766.998 4764.313 4762.17 4761.562 4760.953 4760.344 4759.735 4759.601 4759.659 4759.717 4759.775 4759.839 4759.934 4760.028 4760.122 4760.216 4760.078 4759.791 4759.504 4759.217 4759.006 4760.031 4761.057 4762.083 4763.108 4764.482 4766.195 4767.909 4769.622 4771.334 4773.214 4775.102 4776.99
4898.953 4908.349 4917.745 4927.141 4936.537 4940.48 4940.231 4939.981 4939.732 4939.372 4931.53 4923.689 4915.847 4908.006 4898.051 4885.652 4873.254 4860.855 4848.457 4837.093 4825.828 4814.562 4803.297 4794.571 4790.316 4786.061 4781.806 4777.551 4774.859 4772.53 4770.201 4767.872 4766.029 4765.566 4765.103 4764.639 4764.176 4764.003 4763.948 4763.894 4763.839 4763.761 4763.565 4763.369 4763.172 4762.976 4762.648 4762.237 4761.827 4761.416 4761.08 4761.965 4762.851 4763.737 4764.622 4765.897 4767.551 4769.205 4770.859 4772.513 4774.344 4776.183 4778.022
4911.028 4920.203 4929.378 4938.553 4947.729 4950.755 4949.052 4947.349 4945.646 4943.834 4934.631 4925.428 4916.225 4907.021 4896.414 4884.182 4871.951 4859.719 4847.487 4836.462 4825.552 4814.642 4803.732 4795.355 4791.439 4787.523 4783.607 4779.691 4777.352 4775.378 4773.404 4771.43 4769.888 4769.57 4769.252 4768.934 4768.616 4768.405 4768.237 4768.069 4767.902 4767.683 4767.196 4766.709 4766.222 4765.735 4765.219 4764.684 4764.149 4763.614 4763.153 4763.899 4764.645 4765.391 4766.136 4767.313 4768.907 4770.502 4772.097 4773.691 4775.473 4777.264 4779.055
4923.103 4932.057 4941.011 4949.966 4958.92 4961.03 4957.874 4954.717 4951.561 4948.297 4937.732 4927.167 4916.602 4906.037 4894.776 4882.712 4870.647 4858.583 4846.518 4835.832 4825.276 4814.721 4804.167 4796.14 4792.563 4788.986 4785.409 4781.832 4779.844 4778.226 4776.607 4774.989 4773.748 4773.575 4773.402 4773.229 4773.057 4772.807 4772.526 4772.246 4771.965 4771.605 4770.827 4770.049 4769.271 4768.494 4767.789 4767.13 4766.471 4765.813 4765.228 4765.833 4766.439 4767.045 4767.65 4768.728 4770.263 4771.799 4773.334 4774.87 4776.603 4778.345 4780.087
