data/zism_data/00568_03_D.txt
ncols         224
nrows         224
[rows 0 to 27 of 224, columns 126 to 188 of 224]
1514.519 1512.394 1510.175 1507.956 1505.736 1503.338 1500.432 1497.527 1494.621 1491.716 1490.493 1489.91 1489.327 1488.743 1488.614 1490.44 1492.267 1494.093 1495.92 1497.161 1498.091 1499.02 1499.95 1500.775 1500.8 1500.825 1500.85 1500.875 1500.491 1499.811 1499.131 1498.451 1497.593 1492.831 1488.069 1483.307 1478.545 1471.907 1463.448 1454.989 1446.529 1438.07 1431.573 1425.134 1418.695 1412.256 1407.791 1405.892 1403.992 1402.092 1400.193 1400.0 1400.0 1400.0 1400.0 1400.0 1400.0 1400.0 1400.0 1400.0 1400.083 1400.184 1400.284
1515.626 1513.368 1511.054 1508.74 1506.425 1503.991 1501.216 1498.442 1495.667 1492.892 1491.929 1491.656 1491.382 1491.108 1491.213 1492.95 1494.688 1496.426 1498.164 1499.1 1499.61 1500.12 1500.629 1501.078 1501.063 1501.048 1501.032 1501.017 1500.547 1499.746 1498.945 1498.145 1497.158 1492.073 1486.988 1481.903 1476.818 1469.89 1461.171 1452.452 1443.734 1435.015 1428.793 1422.646 1416.499 1410.352 1406.221 1404.712 1403.203 1401.694 1400.185 1400.03 1400.028 1400.025 1400.023 1400.03 1400.053 1400.077 1400.1 1400.124 1400.11 1400.089 1400.068
1516.648 1514.21 1511.729 1509.248 1506.768 1504.231 1501.537 1498.843 1496.149 1493.454 1492.58 1492.397 1492.215 1492.032 1492.189 1493.809 1495.428 1497.048 1498.667 1499.549 1500.037 1500.526 1501.014 1501.435 1501.35 1501.265 1501.18 1501.095 1500.421 1499.32 1498.218 1497.117 1495.825 1490.337 1484.85 1479.362 1473.874 1466.808 1458.207 1449.607 1441.006 1432.406 1426.625 1420.929 1415.233 1409.537 1405.729 1404.375 1403.022 1401.669 1400.315 1400.166 1400.153 1400.14 1400.127 1400.166 1400.297 1400.428 1400.559 1400.69 1400.615 1400.497 1400.38
1517.671 1515.052 1512.404 1509.757 1507.11 1504.471 1501.858 1499.244 1496.63 1494.017 1493.231 1493.139 1493.048 1492.957 1493.165 1494.667 1496.168 1497.67 1499.171 1499.998 1500.465 1500.931 1501.398 1501.793 1501.638 1501.483 1501.328 1501.173 1500.295 1498.893 1497.491 1496.089 1494.492 1488.602 1482.712 1476.821 1470.931 1463.726 1455.243 1446.761 1438.278 1429.796 1424.457 1419.212 1413.967 1408.722 1405.236 1404.039 1402.841 1401.643 1400.446 1400.303 1400.279 1400.255 1400.231 1400.302 1400.541 1400.779 1401.017 1401.256 1401.12 1400.905 1400.691
1518.693 1515.893 1513.079 1510.266 1507.452 1504.712 1502.178 1499.645 1497.112 1494.579 1493.881 1493.881 1493.881 1493.881 1494.142 1495.525 1496.908 1498.292 1499.675 1500.447 1500.892 1501.337 1501.782 1502.15 1501.925 1501.701 1501.476 1501.251 1500.17 1498.467 1496.765 1495.062 1493.16 1486.867 1480.574 1474.281 1467.987 1460.644 1452.28 1443.915 1435.551 1427.187 1422.289 1417.495 1412.701 1407.907 1404.744 1403.702 1402.66 1401.618 1400.576 1400.439 1400.405 1400.37 1400.336 1400.439 1400.785 1401.13 1401.476 1401.821 1401.625 1401.313 1401.002
1519.715 1516.735 1513.755 1510.774 1507.794 1504.952 1502.499 1500.047 1497.594 1495.141 1494.532 1494.623 1494.714 1494.806 1495.118 1496.383 1497.648 1498.914 1500.179 1500.895 1501.319 1501.743 1502.167 1502.507 1502.213 1501.918 1501.624 1501.329 1500.044 1498.041 1496.038 1494.034 1491.827 1485.131 1478.436 1471.74 1465.044 1457.562 1449.316 1441.069 1432.823 1424.577 1420.121 1415.778 1411.435 1407.091 1404.251 1403.365 1402.479 1401.593 1400.706 1400.576 1400.531 1400.485 1400.44 1400.575 1401.028 1401.481 1401.934 1402.387 1402.129 1401.722 1401.314
1519.897 1516.754 1513.639 1510.524 1507.409 1504.52 1502.272 1500.023 1497.774 1495.526 1495.036 1495.215 1495.394 1495.573 1495.942 1497.128 1498.313 1499.499 1500.685 1501.358 1501.757 1502.155 1502.554 1502.86 1502.461 1502.061 1501.662 1501.262 1499.779 1497.51 1495.242 1492.973 1490.508 1483.716 1476.925 1470.133 1463.341 1456.04 1448.244 1440.447 1432.651 1424.854 1420.705 1416.665 1412.624 1408.584 1405.825 1404.731 1403.637 1402.543 1401.45 1401.421 1401.514 1401.606 1401.698 1402.057 1402.885 1403.714 1404.542 1405.37 1405.025 1404.432 1403.84
1519.64 1516.343 1513.11 1509.877 1506.644 1503.738 1501.758 1499.778 1497.797 1495.817 1495.464 1495.729 1495.994 1496.258 1496.686 1497.812 1498.939 1500.066 1501.193 1501.827 1502.199 1502.571 1502.943 1503.211 1502.688 1502.165 1501.642 1501.119 1499.441 1496.925 1494.41 1491.894 1489.195 1482.468 1475.741 1469.014 1462.287 1455.333 1448.159 1440.986 1433.812 1426.638 1422.726 1418.911 1415.097 1411.282 1408.477 1406.986 1405.495 1404.004 1402.513 1402.637 1402.944 1403.251 1403.558 1404.241 1405.584 1406.928 1408.272 1409.616 1409.17 1408.346 1407.523
1519.383 1515.932 1512.581 1509.23 1505.879 1502.955 1501.244 1499.532 1497.82 1496.109 1495.891 1496.242 1496.593 1496.944 1497.43 1498.497 1499.565 1500.633 1501.701 1502.297 1502.642 1502.987 1503.332 1503.562 1502.916 1502.269 1501.623 1500.976 1499.103 1496.34 1493.578 1490.815 1487.883 1481.22 1474.557 1467.895 1461.232 1454.626 1448.075 1441.524 1434.974 1428.423 1424.748 1421.158 1417.569 1413.98 1411.13 1409.241 1407.353 1405.465 1403.576 1403.853 1404.375 1404.897 1405.418 1406.425 1408.284 1410.143 1412.003 1413.862 1413.314 1412.26 1411.206
1519.127 1515.521 1512.052 1508.583 1505.114 1502.173 1500.73 1499.286 1497.843 1496.4 1496.319 1496.756 1497.192 1497.629 1498.173 1499.182 1500.191 1501.2 1502.208 1502.767 1503.085 1503.403 1503.721 1503.913 1503.143 1502.373 1501.603 1500.833 1498.765 1495.755 1492.746 1489.736 1486.57 1479.972 1473.374 1466.776 1460.177 1453.919 1447.991 1442.063 1436.135 1430.207 1426.769 1423.405 1420.041 1416.678 1413.783 1411.497 1409.211 1406.925 1404.639 1405.069 1405.806 1406.542 1407.278 1408.609 1410.983 1413.358 1415.733 1418.108 1417.459 1416.174 1414.889
1518.972 1515.213 1511.621 1508.029 1504.437 1501.47 1500.272 1499.073 1497.875 1496.677 1496.722 1497.24 1497.757 1498.275 1498.876 1499.839 1500.802 1501.765 1502.728 1503.256 1503.553 1503.85 1504.147 1504.305 1503.4 1502.495 1501.59 1500.686 1498.428 1495.188 1491.949 1488.71 1485.329 1478.838 1472.347 1465.856 1459.365 1453.469 1448.15 1442.832 1437.513 1432.195 1428.983 1425.834 1422.685 1419.536 1416.607 1413.963 1411.319 1408.675 1406.031 1406.616 1407.566 1408.516 1409.466 1411.105 1413.959 1416.813 1419.667 1422.521 1421.798 1420.321 1418.844
1519.789 1515.884 1512.126 1508.367 1504.609 1501.524 1500.348 1499.171 1497.994 1496.817 1496.892 1497.441 1497.991 1498.541 1499.183 1500.227 1501.27 1502.314 1503.357 1503.935 1504.264 1504.593 1504.922 1505.08 1503.934 1502.788 1501.641 1500.495 1498.098 1494.794 1491.491 1488.187 1484.767 1478.792 1472.816 1466.84 1460.865 1455.467 1450.632 1445.797 1440.962 1436.127 1433.038 1430.002 1426.966 1423.93 1421.071 1418.443 1415.815 1413.188 1410.56 1411.325 1412.474 1413.622 1414.77 1416.585 1419.573 1422.562 1425.55 1428.538 1427.989 1426.694 1425.4
1520.605 1516.555 1512.63 1508.706 1504.781 1501.578 1500.423 1499.268 1498.113 1496.958 1497.061 1497.643 1498.225 1498.807 1499.491 1500.615 1501.739 1502.863 1503.987 1504.613 1504.975 1505.336 1505.698 1505.856 1504.468 1503.08 1501.692 1500.304 1497.768 1494.4 1491.032 1487.664 1484.205 1478.745 1473.285 1467.824 1462.364 1457.466 1453.114 1448.762 1444.41 1440.058 1437.093 1434.17 1431.246 1428.323 1425.535 1422.923 1420.312 1417.7 1415.088 1416.034 1417.381 1418.728 1420.075 1422.065 1425.188 1428.31 1431.432 1434.555 1434.18 1433.068 1431.956
1521.422 1517.226 1513.135 1509.044 1504.953 1501.633 1500.499 1499.365 1498.232 1497.098 1497.231 1497.845 1498.459 1499.073 1499.798 1501.003 1502.207 1503.412 1504.616 1505.292 1505.686 1506.079 1506.473 1506.632 1505.002 1503.373 1501.743 1500.114 1497.439 1494.006 1490.574 1487.141 1483.643 1478.698 1473.753 1468.809 1463.864 1459.465 1455.596 1451.727 1447.859 1443.99 1441.148 1438.338 1435.527 1432.716 1429.999 1427.404 1424.808 1422.212 1419.617 1420.742 1422.288 1423.834 1425.379 1427.545 1430.802 1434.058 1437.315 1440.572 1440.371 1439.441 1438.512
1522.239 1517.897 1513.64 1509.382 1505.124 1501.687 1500.575 1499.463 1498.35 1497.238 1497.4 1498.046 1498.693 1499.339 1500.106 1501.391 1502.676 1503.961 1505.246 1505.97 1506.396 1506.822 1507.248 1507.408 1505.536 1503.665 1501.794 1499.923 1497.109 1493.612 1490.115 1486.618 1483.081 1478.651 1474.222 1469.793 1465.363 1461.464 1458.078 1454.693 1451.307 1447.921 1445.203 1442.505 1439.807 1437.109 1434.463 1431.884 1429.304 1426.725 1424.145 1425.451 1427.195 1428.94 1430.684 1433.025 1436.416 1439.807 1443.198 1446.589 1446.562 1445.815 1445.068
1521.564 1517.288 1513.13 1508.972 1504.814 1501.475 1500.455 1499.436 1498.417 1497.397 1497.592 1498.248 1498.903 1499.559 1500.362 1501.802 1503.242 1504.682 1506.122 1506.95 1507.451 1507.952 1508.453 1508.653 1506.563 1504.473 1502.383 1500.293 1497.409 1493.947 1490.486 1487.025 1483.537 1479.475 1475.412 1471.349 1467.287 1463.771 1460.785 1457.8 1454.815 1451.829 1449.313 1446.811 1444.309 1441.806 1439.296 1436.776 1434.255 1431.735 1429.215 1430.725 1432.691 1434.657 1436.623 1439.157 1442.69 1446.224 1449.758 1453.292 1453.343 1452.662 1451.981
1519.581 1515.556 1511.731 1507.906 1504.081 1501.028 1500.165 1499.301 1498.437 1497.574 1497.803 1498.448 1499.093 1499.738 1500.574 1502.234 1503.894 1505.554 1507.214 1508.192 1508.806 1509.42 1510.033 1510.311 1508.022 1505.734 1503.445 1501.156 1498.26 1494.922 1491.584 1488.246 1484.887 1481.061 1477.234 1473.408 1469.581 1466.348 1463.69 1461.032 1458.375 1455.717 1453.471 1451.237 1449.003 1446.769 1444.453 1442.029 1439.605 1437.182 1434.758 1436.495 1438.703 1440.91 1443.118 1445.86 1449.544 1453.228 1456.912 1460.596 1460.643 1459.924 1459.205
1517.598 1513.824 1510.332 1506.84 1503.348 1500.582 1499.874 1499.166 1498.458 1497.75 1498.015 1498.649 1499.283 1499.917 1500.786 1502.666 1504.547 1506.427 1508.307 1509.435 1510.161 1510.888 1511.614 1511.968 1509.481 1506.994 1504.506 1502.019 1499.11 1495.896 1492.682 1489.468 1486.237 1482.647 1479.057 1475.466 1471.876 1468.925 1466.595 1464.265 1461.934 1459.604 1457.628 1455.663 1453.698 1451.732 1449.609 1447.282 1444.955 1442.628 1440.301 1442.266 1444.715 1447.164 1449.613 1452.564 1456.398 1460.233 1464.067 1467.901 1467.943 1467.187 1466.43
1515.615 1512.093 1508.933 1505.774 1502.614 1500.135 1499.583 1499.031 1498.479 1497.926 1498.226 1498.85 1499.473 1500.096 1500.998 1503.098 1505.199 1507.299 1509.399 1510.677 1511.517 1512.356 1513.195 1513.626 1510.94 1508.254 1505.568 1502.882 1499.961 1496.871 1493.78 1490.689 1487.587 1484.233 1480.879 1477.525 1474.171 1471.502 1469.5 1467.497 1465.494 1463.492 1461.786 1460.089 1458.392 1456.695 1454.766 1452.536 1450.305 1448.075 1445.844 1448.036 1450.726 1453.417 1456.108 1459.267 1463.252 1467.237 1471.221 1475.206 1475.243 1474.449 1473.655
1513.632 1510.361 1507.534 1504.708 1501.881 1499.689 1499.292 1498.896 1498.499 1498.103 1498.438 1499.05 1499.663 1500.276 1501.21 1503.531 1505.851 1508.171 1510.492 1511.92 1512.872 1513.824 1514.776 1515.283 1512.399 1509.514 1506.629 1503.745 1500.812 1497.845 1494.878 1491.91 1488.937 1485.819 1482.701 1479.583 1476.466 1474.08 1472.405 1470.729 1469.054 1467.379 1465.943 1464.515 1463.086 1461.658 1459.923 1457.789 1455.655 1453.521 1451.388 1453.806 1456.738 1459.67 1462.603 1465.971 1470.106 1474.241 1478.376 1482.511 1482.543 1481.711 1480.88
1511.273 1508.449 1506.086 1503.722 1501.359 1499.532 1499.223 1498.915 1498.606 1498.298 1498.668 1499.296 1499.924 1500.552 1501.569 1504.26 1506.952 1509.644 1512.336 1514.238 1515.72 1517.202 1518.684 1519.681 1516.989 1514.297 1511.605 1508.912 1505.899 1502.654 1499.409 1496.164 1492.917 1489.623 1486.33 1483.037 1479.744 1477.302 1475.689 1474.076 1472.462 1470.849 1469.691 1468.546 1467.402 1466.257 1464.664 1462.486 1460.308 1458.13 1455.952 1458.386 1461.341 1464.296 1467.251 1470.526 1474.363 1478.2 1482.037 1485.874 1485.664 1484.602 1483.54
1508.903 1506.532 1504.636 1502.74 1500.843 1499.384 1499.161 1498.938 1498.716 1498.493 1498.899 1499.543 1500.187 1500.831 1501.932 1504.999 1508.067 1511.135 1514.202 1516.589 1518.613 1520.637 1522.661 1524.162 1521.674 1519.186 1516.697 1514.209 1511.114 1507.579 1504.044 1500.509 1496.976 1493.495 1490.014 1486.532 1483.051 1480.545 1478.985 1477.425 1475.865 1474.306 1473.425 1472.566 1471.706 1470.846 1469.392 1467.166 1464.94 1462.713 1460.487 1462.931 1465.902 1468.873 1471.844 1475.016 1478.542 1482.068 1485.593 1489.119 1488.66 1487.361 1486.063
1506.533 1504.615 1503.186 1501.757 1500.328 1499.236 1499.099 1498.962 1498.826 1498.689 1499.13 1499.79 1500.45 1501.11 1502.295 1505.738 1509.182 1512.625 1516.069 1518.94 1521.506 1524.073 1526.639 1528.643 1526.359 1524.074 1521.79 1519.506 1516.329 1512.504 1508.678 1504.853 1501.035 1497.366 1493.697 1490.028 1486.359 1483.787 1482.281 1480.775 1479.269 1477.763 1477.16 1476.585 1476.01 1475.435 1474.12 1471.846 1469.571 1467.297 1465.022 1467.476 1470.463 1473.45 1476.437 1479.507 1482.721 1485.935 1489.15 1492.364 1491.655 1490.121 1488.586
1504.163 1502.698 1501.736 1500.774 1499.812 1499.088 1499.037 1498.986 1498.935 1498.884 1499.36 1500.037 1500.713 1501.39 1502.658 1506.477 1510.297 1514.116 1517.935 1521.291 1524.399 1527.508 1530.617 1533.124 1531.043 1528.963 1526.883 1524.803 1521.543 1517.428 1513.313 1509.198 1505.094 1501.238 1497.38 1493.523 1489.667 1487.029 1485.577 1484.124 1482.672 1481.219 1480.895 1480.604 1480.314 1480.023 1478.849 1476.526 1474.203 1471.88 1469.557 1472.02 1475.024 1478.027 1481.03 1483.997 1486.9 1489.803 1492.706 1495.609 1494.651 1492.88 1491.109
1502.433 1501.34 1500.722 1500.104 1499.486 1499.033 1499.047 1499.06 1499.073 1499.086 1499.599 1500.303 1501.006 1501.71 1503.074 1507.287 1511.499 1515.712 1519.925 1523.8 1527.494 1531.189 1534.884 1537.936 1536.086 1534.236 1532.386 1530.537 1527.192 1522.763 1518.334 1513.905 1509.487 1505.321 1501.156 1496.99 1492.824 1490.052 1488.634 1487.215 1485.797 1484.378 1484.255 1484.17 1484.084 1483.999 1482.969 1480.709 1478.45 1476.191 1473.932 1476.262 1479.11 1481.958 1484.806 1487.546 1490.093 1492.641 1495.189 1497.736 1496.693 1494.895 1493.096
1501.628 1500.791 1500.339 1499.888 1499.437 1499.115 1499.16 1499.206 1499.251 1499.296 1499.85 1500.596 1501.342 1502.089 1503.567 1508.198 1512.83 1517.461 1522.093 1526.537 1530.881 1535.226 1539.57 1543.228 1541.647 1540.065 1538.484 1536.902 1533.468 1528.69 1523.912 1519.134 1514.361 1509.713 1505.064 1500.415 1495.766 1492.758 1491.345 1489.932 1488.519 1487.106 1487.071 1487.077 1487.083 1487.089 1486.209 1484.175 1482.141 1480.107 1478.074 1480.065 1482.51 1484.956 1487.401 1489.732 1491.861 1493.99 1496.119 1498.247 1497.358 1495.833 1494.308
1500.823 1500.241 1499.956 1499.672 1499.387 1499.196 1499.274 1499.351 1499.429 1499.507 1500.1 1500.889 1501.679 1502.468 1504.06 1509.11 1514.161 1519.211 1524.261 1529.274 1534.269 1539.263 1544.257 1548.52 1547.207 1545.894 1544.581 1543.268 1539.744 1534.617 1529.49 1524.363 1519.236 1514.104 1508.972 1503.84 1498.708 1495.465 1494.057 1492.649 1491.241 1489.834 1489.888 1489.985 1490.082 1490.18 1489.448 1487.64 1485.832 1484.024 1482.215 1483.868 1485.911 1487.953 1489.996 1491.918 1493.629 1495.339 1497.049 1498.759 1498.023 1496.772 1495.521
1500.018 1499.692 1499.573 1499.455 1499.337 1499.278 1499.387 1499.497 1499.607 1499.717 1500.35 1501.183 1502.015 1502.847 1504.553 1510.022 1515.491 1520.96 1526.429 1532.012 1537.656 1543.3 1548.943 1553.812 1552.767 1551.723 1550.678 1549.634 1546.02 1540.544 1535.068 1529.592 1524.11 1518.495 1512.88 1507.264 1501.649 1498.171 1496.768 1495.366 1493.964 1492.561 1492.704 1492.893 1493.081 1493.27 1492.688 1491.106 1489.523 1487.94 1486.357 1487.671 1489.311 1490.951 1492.591 1494.105 1495.396 1496.687 1497.979 1499.27 1498.687 1497.71 1496.733
