data/zism_data/00563_02_D.txt
ncols         224
nrows         224
[rows 84 to 111 of 224, columns 126 to 188 of 224]
4491.055 4489.903 4488.752 4487.601 4486.505 4487.275 4488.045 4488.816 4489.586 4491.628 4495.058 4498.488 4501.917 4505.347 4518.858 4533.157 4547.456 4561.755 4580.765 4607.566 4634.367 4661.167 4687.969 4714.248 4740.418 4766.586 4792.756 4814.553 4824.846 4835.138 4845.431 4855.724 4863.706 4870.81 4877.914 4885.019 4892.219 4899.878 4907.538 4915.197 4922.856 4923.048 4918.726 4914.403 4910.081 4905.708 4900.689 4895.671 4890.652 4885.633 4884.465 4886.826 4889.186 4891.547 4893.907 4903.942 4914.207 4924.471 4934.735 4945.524 4957.037 4968.55 4980.063
4491.793 4490.734 4489.674 4488.614 4487.604 4488.294 4488.984 4489.674 4490.363 4492.317 4495.65 4498.982 4502.315 4505.648 4519.092 4533.327 4547.561 4561.795 4580.606 4606.988 4633.369 4659.75 4686.132 4710.964 4735.47 4759.976 4784.482 4805.301 4816.417 4827.533 4838.649 4849.765 4859.016 4867.557 4876.098 4884.64 4893.216 4901.963 4910.709 4919.456 4928.202 4928.838 4924.569 4920.301 4916.032 4911.68 4906.263 4900.846 4895.429 4890.012 4888.591 4890.833 4893.076 4895.318 4897.56 4907.895 4918.471 4929.048 4939.624 4950.255 4960.96 4971.666 4982.372
4492.388 4491.433 4490.478 4489.522 4488.613 4489.222 4489.831 4490.44 4491.049 4492.908 4496.13 4499.353 4502.575 4505.797 4519.186 4533.37 4547.552 4561.735 4580.36 4606.333 4632.304 4658.275 4684.247 4708.359 4732.082 4755.803 4779.525 4800.169 4812.716 4825.263 4837.809 4850.356 4860.884 4870.644 4880.404 4890.165 4899.755 4908.54 4917.323 4926.107 4934.891 4935.609 4931.452 4927.294 4923.136 4918.852 4912.953 4907.054 4901.155 4895.256 4893.649 4895.978 4898.306 4900.634 4902.963 4913.294 4923.864 4934.434 4945.003 4955.36 4965.423 4975.485 4985.548
4492.894 4492.052 4491.21 4490.368 4489.566 4490.094 4490.622 4491.15 4491.679 4493.438 4496.543 4499.647 4502.751 4505.855 4519.195 4533.335 4547.475 4561.615 4580.061 4605.63 4631.197 4656.765 4682.333 4706.167 4729.636 4753.104 4776.573 4797.529 4811.874 4826.218 4840.562 4854.907 4866.717 4877.565 4888.413 4899.26 4909.645 4917.832 4926.018 4934.204 4942.391 4942.975 4938.962 4934.95 4930.937 4926.75 4920.317 4913.886 4907.454 4901.022 4899.27 4901.808 4904.347 4906.885 4909.423 4919.567 4929.938 4940.308 4950.679 4960.692 4970.211 4979.73 4989.249
4493.4 4492.671 4491.943 4491.214 4490.519 4490.966 4491.414 4491.861 4492.309 4493.97 4496.956 4499.941 4502.927 4505.913 4519.204 4533.301 4547.398 4561.495 4579.762 4604.927 4630.091 4655.254 4680.419 4703.974 4727.189 4750.405 4773.621 4794.889 4811.031 4827.173 4843.315 4859.458 4872.551 4884.486 4896.42 4908.356 4919.535 4927.124 4934.712 4942.301 4949.89 4950.34 4946.473 4942.606 4938.739 4934.647 4927.682 4920.717 4913.753 4906.788 4904.891 4907.639 4910.387 4913.135 4915.883 4925.84 4936.012 4946.183 4956.355 4966.023 4974.999 4983.974 4992.95
4493.907 4493.291 4492.675 4492.059 4491.472 4491.838 4492.205 4492.572 4492.938 4494.501 4497.369 4500.236 4503.103 4505.97 4519.213 4533.268 4547.321 4561.375 4579.463 4604.224 4628.984 4653.745 4678.505 4701.78 4724.744 4747.706 4770.669 4792.249 4810.188 4828.128 4846.068 4864.008 4878.384 4891.407 4904.429 4917.451 4929.424 4936.416 4943.407 4950.398 4957.39 4957.705 4953.983 4950.262 4946.54 4942.544 4935.046 4927.549 4920.052 4912.554 4910.511 4913.469 4916.427 4919.386 4922.344 4932.113 4942.085 4952.058 4962.03 4971.355 4979.787 4988.219 4996.65
4494.446 4493.927 4493.408 4492.889 4492.393 4492.682 4492.97 4493.259 4493.548 4495.017 4497.774 4500.531 4503.287 4506.044 4519.223 4533.217 4547.21 4561.204 4579.078 4603.37 4627.662 4651.953 4676.245 4699.295 4722.085 4744.874 4767.664 4789.612 4809.351 4829.089 4848.826 4868.565 4884.176 4898.22 4912.263 4926.307 4939.027 4945.461 4951.895 4958.328 4964.762 4964.978 4961.433 4957.888 4954.343 4950.479 4942.521 4934.564 4926.607 4918.649 4916.455 4919.544 4922.633 4925.722 4928.811 4938.372 4948.126 4957.88 4967.634 4976.62 4984.546 4992.472 5000.398
4495.333 4494.739 4494.145 4493.55 4492.979 4493.22 4493.46 4493.7 4493.94 4495.372 4498.102 4500.831 4503.561 4506.291 4519.244 4532.995 4546.746 4560.498 4577.787 4600.927 4624.066 4647.206 4670.346 4693.743 4717.195 4740.646 4764.098 4787.023 4808.564 4830.105 4851.646 4873.188 4889.533 4903.905 4918.277 4932.649 4945.616 4951.91 4958.204 4964.498 4970.792 4971.272 4968.239 4965.206 4962.172 4958.805 4951.154 4943.503 4935.853 4928.202 4925.79 4928.179 4930.568 4932.957 4935.346 4944.479 4953.813 4963.148 4972.482 4981.18 4988.998 4996.816 5004.635
4496.221 4495.551 4494.881 4494.211 4493.566 4493.758 4493.95 4494.142 4494.333 4495.726 4498.429 4501.132 4503.835 4506.538 4519.264 4532.773 4546.282 4559.791 4576.495 4598.483 4620.471 4642.459 4664.448 4688.191 4712.305 4736.418 4760.532 4784.433 4807.778 4831.122 4854.465 4877.81 4894.89 4909.591 4924.291 4938.992 4952.205 4958.359 4964.513 4970.667 4976.82 4977.568 4975.046 4972.524 4970.002 4967.13 4959.787 4952.443 4945.099 4937.755 4935.124 4936.813 4938.503 4940.192 4941.882 4950.587 4959.501 4968.416 4977.331 4985.739 4993.45 5001.161 5008.872
4497.108 4496.362 4495.617 4494.872 4494.152 4494.296 4494.439 4494.583 4494.726 4496.081 4498.757 4501.433 4504.109 4506.785 4519.284 4532.551 4545.818 4559.085 4575.204 4596.04 4616.876 4637.712 4658.549 4682.639 4707.415 4732.19 4756.966 4781.843 4806.991 4832.138 4857.285 4882.433 4900.248 4915.276 4930.305 4945.334 4958.794 4964.809 4970.822 4976.836 4982.85 4983.863 4981.853 4979.842 4977.831 4975.457 4968.419 4961.382 4954.345 4947.308 4944.459 4945.449 4946.438 4947.428 4948.418 4956.695 4965.189 4973.684 4982.179 4990.299 4997.902 5005.505 5013.108
4497.995 4497.174 4496.354 4495.533 4494.739 4494.833 4494.929 4495.024 4495.119 4496.436 4499.084 4501.733 4504.382 4507.032 4519.304 4532.329 4545.354 4558.378 4573.912 4593.597 4613.281 4632.965 4652.65 4677.086 4702.524 4727.962 4753.4 4779.253 4806.205 4833.154 4860.104 4887.055 4905.604 4920.962 4936.319 4951.676 4965.384 4971.258 4977.131 4983.005 4988.879 4990.158 4988.659 4987.16 4985.66 4983.782 4977.052 4970.321 4963.591 4956.861 4953.793 4954.083 4954.374 4954.664 4954.954 4962.803 4970.877 4978.952 4987.027 4994.858 5002.354 5009.85 5017.345
4498.819 4497.908 4496.998 4496.087 4495.205 4495.278 4495.351 4495.424 4495.498 4496.742 4499.263 4501.784 4504.306 4506.827 4518.648 4531.197 4543.745 4556.293 4571.176 4589.919 4608.662 4627.405 4646.148 4670.488 4696.007 4721.525 4747.044 4773.15 4800.805 4828.458 4856.111 4883.766 4903.217 4919.552 4935.886 4952.221 4966.794 4973.003 4979.211 4985.419 4991.627 4993.41 4992.517 4991.624 4990.731 4989.462 4983.385 4977.309 4971.232 4965.155 4962.164 4962.0 4961.836 4961.673 4961.509 4969.165 4977.054 4984.943 4992.833 5000.496 5007.848 5015.201 5022.553
4499.593 4498.58 4497.566 4496.553 4495.572 4495.645 4495.718 4495.792 4495.865 4497.009 4499.32 4501.631 4503.943 4506.254 4517.442 4529.323 4541.204 4553.084 4567.261 4585.235 4603.208 4621.181 4639.154 4663.036 4688.162 4713.287 4738.413 4764.181 4791.642 4819.102 4846.561 4874.021 4894.512 4912.354 4930.195 4948.037 4963.98 4970.91 4977.839 4984.769 4991.699 4994.179 4993.969 4993.76 4993.55 4992.983 4987.843 4982.703 4977.563 4972.423 4969.748 4969.331 4968.914 4968.498 4968.081 4975.734 4983.629 4991.523 4999.418 5007.012 5014.192 5021.373 5028.553
4500.366 4499.251 4498.136 4497.02 4495.939 4496.013 4496.086 4496.159 4496.232 4497.276 4499.377 4501.479 4503.58 4505.682 4516.235 4527.449 4538.662 4549.875 4563.346 4580.55 4597.753 4614.957 4632.16 4655.583 4680.316 4705.049 4729.782 4755.212 4782.479 4809.745 4837.01 4864.277 4885.806 4905.155 4924.503 4943.853 4961.167 4968.817 4976.468 4984.119 4991.77 4994.948 4995.422 4995.896 4996.37 4996.505 4992.301 4988.098 4983.895 4979.691 4977.331 4976.662 4975.992 4975.322 4974.653 4982.304 4990.204 4998.104 5006.004 5013.529 5020.537 5027.544 5034.552
4501.14 4499.922 4498.705 4497.487 4496.307 4496.38 4496.453 4496.526 4496.6 4497.542 4499.434 4501.326 4503.218 4505.109 4515.028 4525.574 4536.12 4546.667 4559.431 4575.865 4592.299 4608.732 4625.167 4648.131 4672.471 4696.811 4721.151 4746.243 4773.316 4800.388 4827.46 4854.533 4877.101 4897.957 4918.812 4939.668 4958.353 4966.725 4975.097 4983.469 4991.841 4995.717 4996.875 4998.032 4999.189 5000.026 4996.759 4993.492 4990.226 4986.958 4984.915 4983.992 4983.069 4982.147 4981.225 4988.874 4996.779 5004.684 5012.59 5020.045 5026.881 5033.716 5040.552
4501.904 4500.586 4499.268 4497.949 4496.671 4496.744 4496.817 4496.891 4496.964 4497.806 4499.486 4501.167 4502.848 4504.528 4513.811 4523.687 4533.563 4543.439 4555.501 4571.179 4586.856 4602.533 4618.211 4640.714 4664.656 4688.597 4712.539 4737.29 4764.172 4791.054 4817.936 4844.818 4868.409 4890.75 4913.089 4935.43 4955.467 4964.566 4973.665 4982.764 4991.862 4996.441 4998.287 5000.133 5001.979 5003.521 5001.19 4998.859 4996.527 4994.196 4992.477 4991.319 4990.161 4989.003 4987.846 4995.496 5003.409 5011.322 5019.236 5026.62 5033.274 5039.928 5046.582
4502.054 4500.741 4499.428 4498.115 4496.842 4496.91 4496.978 4497.046 4497.114 4497.814 4499.204 4500.594 4501.983 4503.374 4511.861 4520.903 4529.945 4538.987 4550.582 4566.399 4582.216 4598.033 4613.851 4635.739 4658.905 4682.071 4705.238 4729.436 4756.351 4783.265 4810.179 4837.094 4860.658 4882.95 4905.242 4927.534 4947.722 4957.919 4968.116 4978.313 4988.509 4994.132 4996.99 4999.848 5002.706 5005.25 5003.779 5002.309 5000.839 4999.369 4998.567 4998.378 4998.189 4998.0 4997.811 5005.672 5013.774 5021.875 5029.978 5037.127 5042.962 5048.798 5054.634
4502.205 4500.897 4499.589 4498.282 4497.014 4497.076 4497.139 4497.201 4497.263 4497.822 4498.921 4500.02 4501.12 4502.219 4509.911 4518.119 4526.327 4534.534 4545.662 4561.62 4577.577 4593.534 4609.491 4630.763 4653.155 4675.545 4697.937 4721.582 4748.529 4775.476 4802.422 4829.369 4852.907 4875.151 4897.394 4919.638 4939.977 4951.272 4962.567 4973.861 4985.156 4991.824 4995.693 4999.563 5003.433 5006.978 5006.369 5005.76 5005.15 5004.542 5004.657 5005.437 5006.217 5006.997 5007.776 5015.849 5024.139 5032.429 5040.719 5047.634 5052.652 5057.669 5062.687
4502.354 4501.052 4499.75 4498.448 4497.185 4497.242 4497.299 4497.356 4497.413 4497.83 4498.638 4499.447 4500.255 4501.064 4507.962 4515.335 4522.708 4530.082 4540.743 4556.84 4572.937 4589.034 4605.131 4625.788 4647.404 4669.02 4690.636 4713.729 4740.708 4767.687 4794.665 4821.645 4845.156 4867.352 4889.546 4911.742 4932.232 4944.625 4957.018 4969.411 4981.804 4989.515 4994.397 4999.278 5004.16 5008.706 5008.958 5009.21 5009.462 5009.714 5010.747 5012.496 5014.244 5015.993 5017.742 5026.025 5034.504 5042.982 5051.461 5058.141 5062.34 5066.54 5070.739
4502.504 4501.208 4499.911 4498.614 4497.356 4497.408 4497.459 4497.511 4497.563 4497.837 4498.355 4498.874 4499.392 4499.909 4506.012 4512.551 4519.09 4525.629 4535.823 4552.061 4568.297 4584.534 4600.771 4620.812 4641.653 4662.494 4683.335 4705.875 4732.886 4759.897 4786.908 4813.92 4837.405 4859.552 4881.699 4903.846 4924.487 4937.978 4951.469 4964.959 4978.451 4987.207 4993.1 4998.993 5004.887 5010.434 5011.547 5012.66 5013.773 5014.887 5016.837 5019.555 5022.272 5024.99 5027.708 5036.202 5044.869 5053.536 5062.203 5068.648 5072.029 5075.411 5078.792
4502.621 4501.332 4500.043 4498.754 4497.504 4497.548 4497.591 4497.635 4497.679 4497.867 4498.213 4498.559 4498.904 4499.25 4504.896 4510.956 4517.016 4523.076 4533.008 4549.344 4565.68 4582.016 4598.352 4618.03 4638.413 4658.795 4679.178 4701.327 4728.127 4754.925 4781.724 4808.523 4831.64 4853.357 4875.074 4896.792 4917.244 4931.689 4946.133 4960.578 4975.023 4984.775 4991.691 4998.606 5005.522 5012.074 5013.974 5015.874 5017.774 5019.674 5022.44 5026.0 5029.56 5033.121 5036.681 5045.08 5053.624 5062.167 5070.711 5076.861 5079.707 5082.553 5085.4
4502.701 4501.423 4500.145 4498.867 4497.626 4497.659 4497.692 4497.725 4497.758 4497.92 4498.223 4498.525 4498.828 4499.13 4504.688 4510.657 4516.625 4522.594 4532.49 4548.879 4565.269 4581.659 4598.049 4617.643 4637.913 4658.182 4678.452 4700.387 4726.708 4753.027 4779.347 4805.667 4828.039 4848.912 4869.783 4890.656 4910.548 4925.79 4941.031 4956.272 4971.514 4982.211 4990.16 4998.109 5006.058 5013.62 5016.225 5018.83 5021.435 5024.04 5027.511 5031.776 5036.042 5040.307 5044.572 5052.542 5060.624 5068.704 5076.785 5082.571 5085.191 5087.812 5090.432
4502.781 4501.513 4500.246 4498.979 4497.749 4497.771 4497.793 4497.815 4497.837 4497.973 4498.232 4498.492 4498.751 4499.011 4504.481 4510.358 4516.235 4522.112 4531.971 4548.415 4564.858 4581.301 4597.745 4617.256 4637.413 4657.569 4677.726 4699.447 4725.288 4751.129 4776.969 4802.811 4824.438 4844.466 4864.493 4884.52 4903.853 4919.892 4935.929 4951.967 4968.005 4979.646 4988.629 4997.611 5006.593 5015.165 5018.475 5021.785 5025.095 5028.405 5032.582 5037.552 5042.522 5047.493 5052.463 5060.004 5067.623 5075.241 5082.859 5088.281 5090.675 5093.07 5095.464
4502.86 4501.604 4500.347 4499.09 4497.871 4497.882 4497.894 4497.905 4497.917 4498.026 4498.242 4498.459 4498.675 4498.892 4504.274 4510.06 4515.845 4521.631 4531.453 4547.95 4564.447 4580.944 4597.442 4616.868 4636.912 4656.955 4676.999 4698.507 4723.869 4749.23 4774.592 4799.955 4820.838 4840.02 4859.202 4878.384 4897.158 4913.993 4930.827 4947.662 4964.497 4977.082 4987.098 4997.113 5007.129 5016.71 5020.725 5024.74 5028.755 5032.771 5037.652 5043.328 5049.003 5054.679 5060.354 5067.467 5074.622 5081.777 5088.932 5093.992 5096.16 5098.328 5100.496
4502.94 4501.694 4500.448 4499.203 4497.993 4497.994 4497.994 4497.995 4497.996 4498.079 4498.252 4498.425 4498.599 4498.772 4504.066 4509.761 4515.455 4521.149 4530.934 4547.485 4564.036 4580.587 4597.139 4616.481 4636.412 4656.342 4676.273 4697.566 4722.45 4747.332 4772.215 4797.098 4817.237 4835.574 4853.911 4872.249 4890.462 4908.094 4925.725 4943.356 4960.988 4974.517 4985.566 4996.615 5007.665 5018.255 5022.976 5027.696 5032.416 5037.137 5042.723 5049.104 5055.484 5061.865 5068.246 5074.929 5081.621 5088.313 5095.006 5099.702 5101.644 5103.586 5105.528
4503.445 4502.109 4500.772 4499.436 4498.138 4498.107 4498.077 4498.046 4498.016 4498.086 4498.268 4498.449 4498.63 4498.811 4504.091 4509.77 4515.448 4521.127 4530.904 4547.458 4564.012 4580.566 4597.121 4616.057 4635.494 4654.931 4674.368 4695.002 4718.788 4742.573 4766.357 4790.143 4809.981 4828.32 4846.659 4864.998 4883.186 4900.661 4918.135 4935.61 4953.085 4967.107 4979.043 4990.979 5002.914 5014.388 5019.956 5025.523 5031.09 5036.658 5042.761 5049.355 5055.949 5062.542 5069.136 5076.154 5083.185 5090.215 5097.246 5102.629 5105.739 5108.85 5111.96
4503.977 4502.544 4501.11 4499.677 4498.284 4498.221 4498.158 4498.095 4498.033 4498.092 4498.284 4498.476 4498.667 4498.859 4504.13 4509.798 4515.466 4521.134 4530.904 4547.458 4564.012 4580.566 4597.121 4615.629 4634.55 4653.47 4672.391 4692.338 4714.988 4737.637 4760.286 4782.936 4802.5 4820.894 4839.286 4857.679 4875.874 4893.133 4910.393 4927.652 4944.911 4959.399 4972.212 4985.025 4997.838 5010.188 5016.611 5023.035 5029.458 5035.881 5042.489 5049.266 5056.043 5062.82 5069.597 5076.996 5084.414 5091.832 5099.25 5105.385 5109.75 5114.114 5118.479
4504.509 4502.979 4501.448 4499.918 4498.43 4498.334 4498.24 4498.145 4498.049 4498.097 4498.299 4498.502 4498.705 4498.907 4504.169 4509.826 4515.483 4521.141 4530.904 4547.458 4564.012 4580.566 4597.121 4615.203 4633.607 4652.01 4670.414 4689.674 4711.188 4732.702 4754.215 4775.729 4795.02 4813.467 4831.913 4850.359 4868.562 4885.606 4902.65 4919.694 4936.738 4951.692 4965.382 4979.072 4992.763 5005.988 5013.267 5020.546 5027.825 5035.104 5042.217 5049.177 5056.137 5063.097 5070.057 5077.838 5085.644 5093.449 5101.255 5108.141 5113.76 5119.378 5124.997
