data/zism_data/00562_03_D.txt
ncols         224
nrows         224
[rows 196 to 223 of 224, columns 63 to 125 of 224]
3481.767 3482.5 3483.232 3483.964 3484.736 3485.611 3486.486 3487.361 3488.236 3488.983 3489.68 3490.378 3491.075 3491.752 3492.329 3492.907 3493.484 3494.061 3494.596 3495.105 3495.614 3496.122 3496.594 3496.594 3496.594 3496.594 3496.594 3496.565 3496.509 3496.453 3496.397 3496.341 3496.017 3495.685 3495.353 3495.021 3494.758 3494.59 3494.421 3494.253 3494.085 3494.194 3494.344 3494.495 3494.645 3494.881 3495.299 3495.716 3496.134 3496.552 3496.989 3497.433 3497.876 3498.32 3498.686 3498.777 3498.867 3498.958 3499.048 3499.032 3498.964 3498.895 3498.826
3482.502 3483.234 3483.967 3484.699 3485.484 3486.408 3487.331 3488.255 3489.178 3489.887 3490.515 3491.142 3491.77 3492.39 3492.972 3493.555 3494.138 3494.721 3495.288 3495.845 3496.402 3496.959 3497.476 3497.476 3497.476 3497.476 3497.476 3497.441 3497.374 3497.307 3497.241 3497.174 3496.829 3496.475 3496.122 3495.768 3495.479 3495.279 3495.078 3494.877 3494.677 3494.74 3494.841 3494.943 3495.045 3495.238 3495.623 3496.009 3496.394 3496.78 3497.172 3497.567 3497.963 3498.358 3498.684 3498.764 3498.843 3498.923 3499.002 3499.012 3498.987 3498.961 3498.935
3483.239 3483.973 3484.708 3485.442 3486.233 3487.17 3488.107 3489.043 3489.98 3490.662 3491.245 3491.829 3492.413 3492.998 3493.586 3494.174 3494.762 3495.35 3495.953 3496.566 3497.178 3497.79 3498.359 3498.372 3498.385 3498.398 3498.411 3498.37 3498.28 3498.189 3498.098 3498.007 3497.641 3497.266 3496.891 3496.516 3496.2 3495.968 3495.735 3495.502 3495.269 3495.293 3495.355 3495.417 3495.48 3495.63 3495.968 3496.306 3496.643 3496.981 3497.324 3497.669 3498.013 3498.357 3498.645 3498.727 3498.809 3498.891 3498.973 3499.0 3499.0 3499.0 3499.0
3483.978 3484.718 3485.458 3486.198 3486.982 3487.881 3488.78 3489.679 3490.579 3491.246 3491.824 3492.402 3492.981 3493.562 3494.156 3494.749 3495.343 3495.936 3496.582 3497.258 3497.935 3498.612 3499.243 3499.288 3499.334 3499.379 3499.425 3499.376 3499.243 3499.109 3498.975 3498.841 3498.452 3498.056 3497.659 3497.263 3496.922 3496.656 3496.391 3496.126 3495.861 3495.857 3495.893 3495.928 3495.963 3496.073 3496.341 3496.609 3496.877 3497.145 3497.43 3497.72 3498.011 3498.302 3498.552 3498.655 3498.759 3498.862 3498.966 3499.0 3499.0 3499.0 3499.0
3484.717 3485.462 3486.208 3486.953 3487.731 3488.592 3489.454 3490.315 3491.177 3491.83 3492.403 3492.976 3493.549 3494.126 3494.725 3495.324 3495.923 3496.522 3497.209 3497.951 3498.692 3499.434 3500.127 3500.205 3500.282 3500.36 3500.438 3500.383 3500.206 3500.029 3499.852 3499.675 3499.264 3498.846 3498.428 3498.01 3497.643 3497.345 3497.048 3496.75 3496.453 3496.422 3496.43 3496.438 3496.447 3496.516 3496.714 3496.912 3497.11 3497.308 3497.535 3497.772 3498.009 3498.246 3498.458 3498.583 3498.708 3498.833 3498.958 3499.0 3499.0 3499.0 3499.0
3485.456 3486.207 3486.958 3487.709 3488.479 3489.303 3490.127 3490.951 3491.775 3492.414 3492.981 3493.549 3494.116 3494.69 3495.295 3495.899 3496.503 3497.108 3497.838 3498.644 3499.45 3500.256 3501.011 3501.121 3501.231 3501.341 3501.451 3501.389 3501.169 3500.949 3500.729 3500.509 3500.076 3499.636 3499.197 3498.757 3498.364 3498.034 3497.705 3497.375 3497.045 3496.986 3496.968 3496.949 3496.931 3496.959 3497.087 3497.215 3497.343 3497.471 3497.641 3497.824 3498.007 3498.19 3498.365 3498.511 3498.658 3498.804 3498.951 3499.0 3499.0 3499.0 3499.0
3486.196 3486.952 3487.708 3488.464 3489.229 3490.015 3490.801 3491.587 3492.374 3492.998 3493.56 3494.122 3494.684 3495.255 3495.865 3496.474 3497.084 3497.694 3498.466 3499.336 3500.207 3501.077 3501.895 3502.038 3502.18 3502.322 3502.464 3502.395 3502.132 3501.869 3501.606 3501.343 3500.888 3500.427 3499.966 3499.505 3499.085 3498.723 3498.361 3497.999 3497.637 3497.551 3497.505 3497.46 3497.415 3497.402 3497.46 3497.518 3497.576 3497.634 3497.747 3497.876 3498.005 3498.134 3498.271 3498.44 3498.608 3498.776 3498.944 3499.0 3499.0 3499.0 3499.0
3486.795 3487.543 3488.291 3489.038 3489.797 3490.588 3491.379 3492.169 3492.96 3493.588 3494.155 3494.721 3495.287 3495.87 3496.532 3497.194 3497.855 3498.517 3499.341 3500.262 3501.183 3502.104 3502.973 3503.176 3503.378 3503.581 3503.784 3503.711 3503.386 3503.062 3502.737 3502.412 3501.939 3501.461 3500.983 3500.505 3500.056 3499.648 3499.24 3498.831 3498.423 3498.294 3498.208 3498.122 3498.036 3497.973 3497.961 3497.949 3497.937 3497.925 3497.998 3498.097 3498.195 3498.294 3498.401 3498.54 3498.678 3498.816 3498.954 3499.0 3499.0 3499.0 3499.0
3487.375 3488.111 3488.848 3489.585 3490.339 3491.141 3491.942 3492.744 3493.545 3494.18 3494.751 3495.323 3495.895 3496.492 3497.214 3497.935 3498.656 3499.377 3500.253 3501.222 3502.192 3503.161 3504.08 3504.347 3504.615 3504.882 3505.149 3505.074 3504.684 3504.295 3503.906 3503.516 3503.025 3502.531 3502.037 3501.543 3501.065 3500.608 3500.151 3499.694 3499.237 3499.065 3498.936 3498.807 3498.677 3498.563 3498.481 3498.399 3498.317 3498.235 3498.271 3498.343 3498.415 3498.487 3498.565 3498.665 3498.766 3498.866 3498.967 3499.0 3499.0 3499.0 3499.0
3487.953 3488.679 3489.405 3490.131 3490.881 3491.693 3492.505 3493.318 3494.13 3494.772 3495.349 3495.926 3496.503 3497.115 3497.896 3498.676 3499.456 3500.236 3501.165 3502.183 3503.201 3504.219 3505.187 3505.519 3505.851 3506.182 3506.514 3506.436 3505.982 3505.528 3505.074 3504.621 3504.112 3503.602 3503.092 3502.581 3502.073 3501.568 3501.063 3500.557 3500.052 3499.836 3499.664 3499.491 3499.319 3499.153 3499.001 3498.849 3498.697 3498.545 3498.545 3498.589 3498.634 3498.679 3498.728 3498.791 3498.854 3498.916 3498.979 3499.0 3499.0 3499.0 3499.0
3488.532 3489.248 3489.963 3490.678 3491.423 3492.246 3493.069 3493.892 3494.715 3495.364 3495.946 3496.528 3497.111 3497.738 3498.577 3499.417 3500.256 3501.096 3502.077 3503.143 3504.209 3505.276 3506.294 3506.69 3507.087 3507.483 3507.88 3507.799 3507.28 3506.762 3506.243 3505.725 3505.198 3504.672 3504.146 3503.619 3503.082 3502.528 3501.974 3501.42 3500.867 3500.607 3500.392 3500.176 3499.961 3499.743 3499.521 3499.299 3499.077 3498.855 3498.818 3498.836 3498.854 3498.872 3498.891 3498.916 3498.941 3498.967 3498.992 3499.0 3499.0 3499.0 3499.0
3489.147 3489.835 3490.523 3491.212 3491.937 3492.76 3493.583 3494.406 3495.229 3495.888 3496.485 3497.082 3497.678 3498.33 3499.241 3500.153 3501.064 3501.975 3503.02 3504.146 3505.271 3506.397 3507.474 3507.929 3508.385 3508.841 3509.296 3509.212 3508.633 3508.053 3507.474 3506.894 3506.342 3505.79 3505.239 3504.687 3504.121 3503.535 3502.949 3502.363 3501.777 3501.462 3501.187 3500.913 3500.638 3500.354 3500.052 3499.749 3499.446 3499.144 3499.061 3499.045 3499.029 3499.013 3499.0 3499.0 3499.0 3499.0 3499.0 3499.0 3499.0 3499.0 3499.0
3489.833 3490.462 3491.091 3491.72 3492.397 3493.198 3494.0 3494.801 3495.603 3496.279 3496.908 3497.537 3498.166 3498.861 3499.869 3500.877 3501.886 3502.894 3504.025 3505.232 3506.438 3507.645 3508.8 3509.304 3509.808 3510.312 3510.816 3510.727 3510.094 3509.46 3508.827 3508.194 3507.598 3507.004 3506.409 3505.814 3505.223 3504.637 3504.051 3503.465 3502.879 3502.485 3502.118 3501.752 3501.386 3501.008 3500.603 3500.198 3499.793 3499.388 3499.244 3499.18 3499.115 3499.051 3499.0 3499.0 3499.0 3499.0 3499.0 3499.0 3499.0 3499.0 3499.0
3490.519 3491.089 3491.658 3492.228 3492.856 3493.636 3494.416 3495.196 3495.976 3496.67 3497.331 3497.993 3498.654 3499.393 3500.498 3501.603 3502.708 3503.813 3505.031 3506.318 3507.605 3508.892 3510.126 3510.679 3511.231 3511.784 3512.336 3512.242 3511.555 3510.868 3510.181 3509.494 3508.854 3508.217 3507.579 3506.942 3506.326 3505.74 3505.154 3504.568 3503.982 3503.507 3503.05 3502.592 3502.134 3501.661 3501.154 3500.646 3500.139 3499.632 3499.427 3499.314 3499.201 3499.088 3499.0 3499.0 3499.0 3499.0 3499.0 3499.0 3499.0 3499.0 3499.0
3491.205 3491.715 3492.226 3492.737 3493.315 3494.074 3494.832 3495.591 3496.349 3497.061 3497.754 3498.448 3499.142 3499.924 3501.126 3502.328 3503.529 3504.731 3506.037 3507.405 3508.772 3510.14 3511.452 3512.053 3512.655 3513.255 3513.856 3513.757 3513.016 3512.275 3511.534 3510.793 3510.111 3509.43 3508.75 3508.069 3507.428 3506.842 3506.256 3505.67 3505.084 3504.53 3503.981 3503.432 3502.883 3502.314 3501.705 3501.095 3500.486 3499.876 3499.611 3499.449 3499.288 3499.126 3499.0 3499.0 3499.0 3499.0 3499.0 3499.0 3499.0 3499.0 3499.0
3491.891 3492.342 3492.793 3493.245 3493.775 3494.512 3495.249 3495.986 3496.723 3497.451 3498.177 3498.903 3499.629 3500.455 3501.754 3503.052 3504.351 3505.65 3507.042 3508.491 3509.939 3511.388 3512.779 3513.428 3514.077 3514.727 3515.376 3515.272 3514.478 3513.683 3512.888 3512.093 3511.367 3510.644 3509.92 3509.196 3508.53 3507.944 3507.358 3506.772 3506.186 3505.552 3504.912 3504.271 3503.631 3502.967 3502.256 3501.544 3500.832 3500.12 3499.794 3499.584 3499.374 3499.164 3499.0 3499.0 3499.0 3499.0 3499.0 3499.0 3499.0 3499.0 3499.0
3492.498 3492.891 3493.283 3493.675 3494.161 3494.894 3495.626 3496.359 3497.091 3497.905 3498.749 3499.593 3500.437 3501.372 3502.742 3504.112 3505.482 3506.852 3508.3 3509.795 3511.29 3512.785 3514.218 3514.86 3515.502 3516.144 3516.786 3516.662 3515.835 3515.008 3514.18 3513.353 3512.593 3511.835 3511.076 3510.318 3509.596 3508.924 3508.253 3507.581 3506.909 3506.188 3505.461 3504.733 3504.005 3503.263 3502.492 3501.721 3500.95 3500.179 3499.831 3499.612 3499.392 3499.172 3499.0 3499.0 3499.0 3499.0 3499.0 3499.017 3499.043 3499.069 3499.094
3493.086 3493.419 3493.752 3494.085 3494.529 3495.261 3495.994 3496.726 3497.458 3498.373 3499.357 3500.341 3501.325 3502.388 3503.822 3505.257 3506.691 3508.126 3509.621 3511.154 3512.687 3514.219 3515.686 3516.307 3516.927 3517.548 3518.168 3518.019 3517.165 3516.311 3515.457 3514.603 3513.811 3513.02 3512.23 3511.439 3510.653 3509.874 3509.094 3508.315 3507.535 3506.726 3505.912 3505.098 3504.284 3503.468 3502.649 3501.829 3501.01 3500.19 3499.831 3499.612 3499.392 3499.172 3499.0 3499.0 3499.0 3499.0 3499.0 3499.039 3499.097 3499.155 3499.213
3493.674 3493.948 3494.222 3494.496 3494.896 3495.628 3496.361 3497.094 3497.826 3498.842 3499.966 3501.09 3502.214 3503.403 3504.902 3506.401 3507.9 3509.4 3510.943 3512.513 3514.084 3515.654 3517.154 3517.753 3518.352 3518.951 3519.55 3519.377 3518.496 3517.615 3516.734 3515.853 3515.029 3514.206 3513.383 3512.56 3511.71 3510.823 3509.936 3509.049 3508.162 3507.263 3506.363 3505.463 3504.563 3503.673 3502.805 3501.937 3501.069 3500.201 3499.831 3499.612 3499.392 3499.172 3499.0 3499.0 3499.0 3499.0 3499.0 3499.06 3499.151 3499.241 3499.331
3494.262 3494.477 3494.691 3494.906 3495.263 3495.996 3496.729 3497.461 3498.193 3499.311 3500.575 3501.839 3503.103 3504.419 3505.982 3507.546 3509.11 3510.673 3512.265 3513.873 3515.481 3517.089 3518.622 3519.2 3519.777 3520.355 3520.932 3520.735 3519.827 3518.919 3518.011 3517.103 3516.246 3515.391 3514.536 3513.681 3512.767 3511.772 3510.778 3509.783 3508.788 3507.801 3506.815 3505.829 3504.842 3503.878 3502.962 3502.045 3501.129 3500.212 3499.831 3499.612 3499.392 3499.172 3499.0 3499.0 3499.0 3499.0 3499.0 3499.082 3499.204 3499.327 3499.45
3494.873 3495.032 3495.192 3495.352 3495.669 3496.402 3497.134 3497.867 3498.599 3499.826 3501.241 3502.656 3504.072 3505.523 3507.152 3508.78 3510.408 3512.037 3513.666 3515.296 3516.927 3518.557 3520.109 3520.655 3521.201 3521.747 3522.293 3522.064 3521.125 3520.187 3519.247 3518.308 3517.396 3516.485 3515.574 3514.662 3513.671 3512.571 3511.469 3510.368 3509.268 3508.19 3507.116 3506.043 3504.969 3503.939 3503.004 3502.069 3501.133 3500.198 3499.815 3499.6 3499.384 3499.169 3499.0 3499.0 3499.0 3499.0 3499.0 3499.101 3499.251 3499.402 3499.553
3495.547 3495.664 3495.781 3495.897 3496.184 3496.916 3497.649 3498.381 3499.114 3500.473 3502.071 3503.669 3505.267 3506.882 3508.575 3510.268 3511.961 3513.654 3515.294 3516.903 3518.511 3520.12 3521.647 3522.135 3522.621 3523.108 3523.595 3523.316 3522.334 3521.352 3520.369 3519.387 3518.354 3517.319 3516.284 3515.249 3514.143 3512.939 3511.736 3510.533 3509.33 3508.16 3506.994 3505.829 3504.664 3503.593 3502.722 3501.851 3500.98 3500.109 3499.754 3499.555 3499.355 3499.156 3499.0 3499.0 3499.0 3499.0 3499.0 3499.111 3499.278 3499.445 3499.612
3496.222 3496.296 3496.369 3496.443 3496.698 3497.43 3498.163 3498.896 3499.628 3501.12 3502.901 3504.682 3506.463 3508.24 3509.998 3511.755 3513.513 3515.27 3516.922 3518.509 3520.096 3521.683 3523.187 3523.614 3524.042 3524.469 3524.897 3524.567 3523.542 3522.517 3521.491 3520.466 3519.311 3518.153 3516.994 3515.835 3514.614 3513.309 3512.003 3510.698 3509.392 3508.129 3506.872 3505.615 3504.359 3503.246 3502.439 3501.633 3500.827 3500.021 3499.693 3499.51 3499.327 3499.143 3499.0 3499.0 3499.0 3499.0 3499.0 3499.122 3499.305 3499.488 3499.671
3496.897 3496.927 3496.958 3496.989 3497.212 3497.945 3498.677 3499.41 3500.142 3501.767 3503.731 3505.695 3507.659 3509.599 3511.421 3513.243 3515.065 3516.887 3518.549 3520.115 3521.681 3523.246 3524.725 3525.094 3525.462 3525.831 3526.199 3525.818 3524.75 3523.682 3522.614 3521.545 3520.269 3518.986 3517.704 3516.421 3515.085 3513.678 3512.27 3510.862 3509.454 3508.098 3506.75 3505.402 3504.054 3502.899 3502.157 3501.416 3500.674 3499.932 3499.632 3499.465 3499.298 3499.131 3499.0 3499.0 3499.0 3499.0 3499.0 3499.133 3499.332 3499.531 3499.73
3497.572 3497.559 3497.547 3497.534 3497.727 3498.459 3499.192 3499.924 3500.657 3502.414 3504.561 3506.708 3508.855 3510.957 3512.844 3514.73 3516.617 3518.504 3520.177 3521.721 3523.265 3524.81 3526.264 3526.573 3526.883 3527.192 3527.501 3527.07 3525.958 3524.847 3523.736 3522.624 3521.226 3519.82 3518.414 3517.007 3515.557 3514.047 3512.537 3511.027 3509.517 3508.068 3506.628 3505.188 3503.749 3502.552 3501.875 3501.198 3500.521 3499.844 3499.571 3499.42 3499.269 3499.118 3499.0 3499.0 3499.0 3499.0 3499.0 3499.144 3499.359 3499.574 3499.79
3498.353 3498.297 3498.242 3498.186 3498.377 3499.214 3500.052 3500.89 3501.728 3503.551 3505.748 3507.946 3510.143 3512.296 3514.235 3516.175 3518.115 3520.054 3521.772 3523.358 3524.943 3526.528 3528.018 3528.3 3528.581 3528.862 3529.143 3528.639 3527.415 3526.19 3524.965 3523.741 3522.155 3520.559 3518.962 3517.365 3515.759 3514.139 3512.519 3510.898 3509.278 3507.803 3506.35 3504.897 3503.444 3502.251 3501.615 3500.979 3500.344 3499.708 3499.466 3499.343 3499.219 3499.096 3499.002 3499.014 3499.026 3499.038 3499.049 3499.215 3499.458 3499.702 3499.945
3499.175 3499.076 3498.977 3498.879 3499.078 3500.061 3501.044 3502.027 3503.01 3504.874 3507.071 3509.269 3511.466 3513.627 3515.615 3517.603 3519.591 3521.579 3523.356 3525.006 3526.655 3528.305 3529.854 3530.119 3530.385 3530.65 3530.915 3530.33 3528.965 3527.601 3526.236 3524.872 3523.073 3521.261 3519.449 3517.637 3515.858 3514.125 3512.392 3510.659 3508.926 3507.45 3506.013 3504.576 3503.139 3501.968 3501.364 3500.76 3500.157 3499.553 3499.344 3499.253 3499.162 3499.071 3499.006 3499.034 3499.062 3499.09 3499.117 3499.31 3499.586 3499.861 3500.137
3499.996 3499.855 3499.713 3499.571 3499.779 3500.908 3502.036 3503.165 3504.293 3506.196 3508.394 3510.591 3512.789 3514.958 3516.994 3519.031 3521.067 3523.104 3524.939 3526.654 3528.368 3530.082 3531.69 3531.939 3532.188 3532.437 3532.686 3532.02 3530.516 3529.011 3527.507 3526.002 3523.99 3521.963 3519.936 3517.909 3515.958 3514.112 3512.265 3510.419 3508.573 3507.097 3505.676 3504.255 3502.834 3501.684 3501.113 3500.541 3499.97 3499.399 3499.221 3499.163 3499.104 3499.046 3499.01 3499.053 3499.097 3499.142 3499.186 3499.405 3499.713 3500.021 3500.329
