data/zism_data/00566_03_D.txt
ncols         224
nrows         224
[rows 84 to 111 of 224, columns 0 to 62 of 224]
1442.465 1442.465 1442.465 1442.465 1442.465 1442.465 1442.465 1442.465 1442.465 1442.465 1442.465 1442.465 1442.465 1442.465 1442.383 1442.211 1442.039 1441.867 1441.695 1441.481 1441.262 1441.043 1440.824 1440.63 1440.484 1440.338 1440.192 1440.046 1439.92 1439.801 1439.681 1439.561 1439.436 1439.287 1439.138 1438.99 1438.841 1438.68 1438.51 1438.341 1438.172 1438.005 1437.885 1437.766 1437.646 1437.526 1437.392 1437.244 1437.095 1436.946 1436.798 1436.772 1436.756 1436.74 1436.725 1436.694 1436.637 1436.58 1436.523 1436.465 1436.375 1436.276 1436.177
1442.1 1442.1 1442.1 1442.1 1442.1 1442.1 1442.1 1442.1 1442.1 1442.1 1442.1 1442.1 1442.1 1442.1 1442.034 1441.894 1441.754 1441.613 1441.473 1441.262 1441.043 1440.824 1440.605 1440.411 1440.265 1440.119 1439.973 1439.828 1439.677 1439.525 1439.374 1439.222 1439.08 1438.98 1438.879 1438.778 1438.677 1438.524 1438.339 1438.153 1437.968 1437.785 1437.633 1437.481 1437.329 1437.178 1437.051 1436.95 1436.849 1436.749 1436.648 1436.616 1436.59 1436.563 1436.537 1436.504 1436.457 1436.41 1436.364 1436.317 1436.254 1436.187 1436.12
1441.735 1441.735 1441.735 1441.735 1441.735 1441.735 1441.735 1441.735 1441.735 1441.735 1441.735 1441.735 1441.735 1441.735 1441.684 1441.576 1441.468 1441.36 1441.251 1441.043 1440.824 1440.605 1440.387 1440.192 1440.046 1439.9 1439.755 1439.609 1439.434 1439.25 1439.067 1438.883 1438.725 1438.672 1438.619 1438.567 1438.514 1438.368 1438.167 1437.965 1437.764 1437.564 1437.38 1437.197 1437.013 1436.829 1436.71 1436.657 1436.604 1436.551 1436.498 1436.46 1436.423 1436.386 1436.349 1436.313 1436.277 1436.241 1436.205 1436.169 1436.133 1436.098 1436.063
1441.371 1441.371 1441.371 1441.371 1441.371 1441.371 1441.371 1441.371 1441.371 1441.371 1441.371 1441.371 1441.371 1441.371 1441.334 1441.258 1441.182 1441.106 1441.03 1440.824 1440.605 1440.387 1440.168 1439.973 1439.828 1439.682 1439.536 1439.39 1439.191 1438.975 1438.759 1438.544 1438.37 1438.365 1438.36 1438.355 1438.35 1438.212 1437.995 1437.777 1437.56 1437.343 1437.128 1436.912 1436.696 1436.481 1436.368 1436.363 1436.359 1436.354 1436.349 1436.305 1436.257 1436.209 1436.162 1436.122 1436.097 1436.071 1436.046 1436.021 1436.012 1436.009 1436.006
1441.006 1441.006 1441.006 1441.006 1441.006 1441.006 1441.006 1441.006 1441.006 1441.006 1441.006 1441.006 1441.006 1441.006 1440.971 1440.898 1440.825 1440.752 1440.679 1440.487 1440.283 1440.078 1439.874 1439.684 1439.524 1439.364 1439.203 1439.043 1438.838 1438.619 1438.4 1438.182 1438.006 1438.006 1438.006 1438.006 1438.006 1437.871 1437.657 1437.443 1437.229 1437.017 1436.826 1436.636 1436.446 1436.256 1436.149 1436.13 1436.111 1436.092 1436.073 1436.027 1435.978 1435.929 1435.881 1435.841 1435.816 1435.792 1435.768 1435.743 1435.738 1435.738 1435.738
1440.641 1440.641 1440.641 1440.641 1440.641 1440.641 1440.641 1440.641 1440.641 1440.641 1440.641 1440.641 1440.641 1440.641 1440.606 1440.534 1440.461 1440.388 1440.315 1440.137 1439.948 1439.76 1439.571 1439.387 1439.211 1439.035 1438.859 1438.682 1438.473 1438.255 1438.036 1437.817 1437.641 1437.641 1437.641 1437.641 1437.641 1437.51 1437.301 1437.093 1436.884 1436.678 1436.52 1436.362 1436.203 1436.045 1435.944 1435.904 1435.864 1435.823 1435.783 1435.735 1435.686 1435.638 1435.589 1435.549 1435.524 1435.5 1435.476 1435.452 1435.446 1435.446 1435.446
1440.276 1440.276 1440.276 1440.276 1440.276 1440.276 1440.276 1440.276 1440.276 1440.276 1440.276 1440.276 1440.276 1440.276 1440.242 1440.169 1440.096 1440.023 1439.95 1439.787 1439.614 1439.442 1439.269 1439.09 1438.898 1438.706 1438.513 1438.321 1438.109 1437.89 1437.671 1437.452 1437.276 1437.276 1437.276 1437.276 1437.276 1437.149 1436.945 1436.742 1436.538 1436.339 1436.213 1436.087 1435.96 1435.834 1435.74 1435.678 1435.616 1435.554 1435.493 1435.443 1435.394 1435.346 1435.297 1435.257 1435.233 1435.208 1435.184 1435.16 1435.154 1435.154 1435.154
1439.912 1439.912 1439.912 1439.912 1439.912 1439.912 1439.912 1439.912 1439.912 1439.912 1439.912 1439.912 1439.912 1439.912 1439.877 1439.804 1439.731 1439.658 1439.585 1439.436 1439.28 1439.123 1438.967 1438.793 1438.585 1438.376 1438.168 1437.96 1437.744 1437.525 1437.306 1437.087 1436.912 1436.912 1436.912 1436.912 1436.912 1436.787 1436.589 1436.391 1436.193 1436.001 1435.906 1435.812 1435.718 1435.623 1435.535 1435.452 1435.369 1435.286 1435.203 1435.151 1435.103 1435.054 1435.005 1434.965 1434.941 1434.917 1434.892 1434.868 1434.863 1434.863 1434.863
1439.475 1439.475 1439.475 1439.475 1439.475 1439.475 1439.475 1439.475 1439.475 1439.475 1439.475 1439.475 1439.475 1439.475 1439.443 1439.375 1439.307 1439.24 1439.172 1439.043 1438.908 1438.772 1438.637 1438.473 1438.255 1438.036 1437.817 1437.598 1437.387 1437.179 1436.97 1436.762 1436.593 1436.582 1436.572 1436.561 1436.551 1436.433 1436.253 1436.072 1435.892 1435.717 1435.634 1435.55 1435.467 1435.383 1435.297 1435.206 1435.116 1435.026 1434.935 1434.887 1434.841 1434.796 1434.751 1434.708 1434.67 1434.632 1434.594 1434.555 1434.559 1434.575 1434.591
1438.891 1438.891 1438.891 1438.891 1438.891 1438.891 1438.891 1438.891 1438.891 1438.891 1438.891 1438.891 1438.891 1438.891 1438.867 1438.815 1438.763 1438.712 1438.66 1438.561 1438.458 1438.354 1438.251 1438.109 1437.89 1437.671 1437.452 1437.233 1437.047 1436.87 1436.694 1436.518 1436.368 1436.325 1436.283 1436.24 1436.198 1436.095 1435.958 1435.819 1435.682 1435.545 1435.43 1435.314 1435.199 1435.083 1434.991 1434.922 1434.853 1434.784 1434.715 1434.677 1434.643 1434.609 1434.574 1434.523 1434.442 1434.362 1434.281 1434.2 1434.232 1434.295 1434.359
1438.308 1438.308 1438.308 1438.308 1438.308 1438.308 1438.308 1438.308 1438.308 1438.308 1438.308 1438.308 1438.308 1438.308 1438.291 1438.255 1438.219 1438.183 1438.148 1438.079 1438.008 1437.936 1437.865 1437.744 1437.525 1437.306 1437.087 1436.868 1436.707 1436.562 1436.418 1436.273 1436.142 1436.068 1435.994 1435.919 1435.845 1435.757 1435.662 1435.567 1435.471 1435.373 1435.225 1435.078 1434.931 1434.784 1434.685 1434.637 1434.59 1434.542 1434.494 1434.469 1434.445 1434.421 1434.397 1434.338 1434.215 1434.091 1433.968 1433.844 1433.904 1434.016 1434.127
1437.724 1437.724 1437.724 1437.724 1437.724 1437.724 1437.724 1437.724 1437.724 1437.724 1437.724 1437.724 1437.724 1437.724 1437.715 1437.695 1437.675 1437.655 1437.635 1437.598 1437.558 1437.519 1437.479 1437.379 1437.16 1436.941 1436.723 1436.504 1436.366 1436.254 1436.141 1436.029 1435.917 1435.811 1435.705 1435.599 1435.492 1435.419 1435.367 1435.314 1435.261 1435.201 1435.021 1434.842 1434.663 1434.484 1434.379 1434.353 1434.327 1434.3 1434.274 1434.259 1434.246 1434.233 1434.22 1434.153 1433.987 1433.821 1433.655 1433.489 1433.577 1433.737 1433.896
1437.141 1437.141 1437.141 1437.141 1437.141 1437.141 1437.141 1437.141 1437.141 1437.141 1437.141 1437.141 1437.141 1437.141 1437.139 1437.135 1437.131 1437.127 1437.123 1437.116 1437.108 1437.101 1437.093 1437.014 1436.796 1436.577 1436.358 1436.139 1436.026 1435.945 1435.865 1435.784 1435.692 1435.554 1435.416 1435.278 1435.139 1435.081 1435.071 1435.061 1435.051 1435.029 1434.818 1434.606 1434.395 1434.184 1434.074 1434.068 1434.063 1434.058 1434.053 1434.05 1434.048 1434.045 1434.043 1433.968 1433.759 1433.551 1433.342 1433.134 1433.25 1433.457 1433.664
1436.723 1436.723 1436.723 1436.723 1436.723 1436.723 1436.723 1436.723 1436.723 1436.723 1436.723 1436.723 1436.723 1436.723 1436.723 1436.723 1436.723 1436.723 1436.723 1436.723 1436.723 1436.723 1436.723 1436.654 1436.447 1436.24 1436.034 1435.827 1435.713 1435.628 1435.543 1435.458 1435.361 1435.215 1435.069 1434.923 1434.777 1434.723 1434.723 1434.723 1434.723 1434.712 1434.526 1434.339 1434.153 1433.966 1433.855 1433.823 1433.79 1433.758 1433.726 1433.723 1433.723 1433.723 1433.723 1433.659 1433.477 1433.294 1433.112 1432.929 1433.032 1433.214 1433.397
1436.358 1436.358 1436.358 1436.358 1436.358 1436.358 1436.358 1436.358 1436.358 1436.358 1436.358 1436.358 1436.358 1436.358 1436.358 1436.358 1436.358 1436.358 1436.358 1436.358 1436.358 1436.358 1436.358 1436.294 1436.104 1435.913 1435.722 1435.531 1435.409 1435.308 1435.207 1435.106 1434.996 1434.85 1434.704 1434.559 1434.413 1434.358 1434.358 1434.358 1434.358 1434.35 1434.206 1434.062 1433.918 1433.774 1433.664 1433.589 1433.514 1433.439 1433.364 1433.358 1433.358 1433.358 1433.358 1433.311 1433.177 1433.042 1432.907 1432.773 1432.849 1432.983 1433.118
1435.994 1435.994 1435.994 1435.994 1435.994 1435.994 1435.994 1435.994 1435.994 1435.994 1435.994 1435.994 1435.994 1435.994 1435.994 1435.994 1435.994 1435.994 1435.994 1435.994 1435.994 1435.994 1435.994 1435.935 1435.76 1435.585 1435.411 1435.236 1435.105 1434.988 1434.871 1434.754 1434.632 1434.486 1434.34 1434.194 1434.048 1433.994 1433.994 1433.994 1433.994 1433.988 1433.886 1433.785 1433.684 1433.582 1433.473 1433.355 1433.238 1433.12 1433.003 1432.994 1432.994 1432.994 1432.994 1432.963 1432.877 1432.79 1432.703 1432.616 1432.665 1432.752 1432.839
1435.629 1435.629 1435.629 1435.629 1435.629 1435.629 1435.629 1435.629 1435.629 1435.629 1435.629 1435.629 1435.629 1435.629 1435.629 1435.629 1435.629 1435.629 1435.629 1435.629 1435.629 1435.629 1435.629 1435.576 1435.417 1435.258 1435.099 1434.94 1434.801 1434.668 1434.535 1434.402 1434.267 1434.121 1433.975 1433.829 1433.683 1433.629 1433.629 1433.629 1433.629 1433.625 1433.567 1433.508 1433.449 1433.39 1433.282 1433.122 1432.962 1432.802 1432.642 1432.629 1432.629 1432.629 1432.629 1432.615 1432.577 1432.538 1432.499 1432.46 1432.482 1432.521 1432.559
1435.25 1435.25 1435.25 1435.25 1435.25 1435.25 1435.25 1435.25 1435.25 1435.25 1435.25 1435.25 1435.25 1435.25 1435.25 1435.25 1435.25 1435.25 1435.25 1435.25 1435.25 1435.25 1435.25 1435.202 1435.058 1434.914 1434.77 1434.626 1434.483 1434.339 1434.195 1434.051 1433.906 1433.76 1433.613 1433.466 1433.319 1433.265 1433.267 1433.269 1433.271 1433.272 1433.247 1433.221 1433.196 1433.171 1433.067 1432.88 1432.694 1432.507 1432.321 1432.302 1432.298 1432.294 1432.29 1432.286 1432.285 1432.282 1432.28 1432.278 1432.276 1432.273 1432.27
1434.813 1434.813 1434.813 1434.813 1434.813 1434.813 1434.813 1434.813 1434.813 1434.813 1434.813 1434.813 1434.813 1434.813 1434.813 1434.813 1434.813 1434.813 1434.813 1434.813 1434.813 1434.813 1434.813 1434.768 1434.635 1434.501 1434.368 1434.235 1434.102 1433.968 1433.835 1433.702 1433.565 1433.413 1433.26 1433.108 1432.956 1432.907 1432.92 1432.933 1432.945 1432.955 1432.925 1432.894 1432.864 1432.833 1432.747 1432.603 1432.459 1432.315 1432.171 1432.136 1432.111 1432.086 1432.061 1432.04 1432.027 1432.014 1432.002 1431.989 1431.971 1431.952 1431.933
1434.375 1434.375 1434.375 1434.375 1434.375 1434.375 1434.375 1434.375 1434.375 1434.375 1434.375 1434.375 1434.375 1434.375 1434.375 1434.375 1434.375 1434.375 1434.375 1434.375 1434.375 1434.375 1434.375 1434.334 1434.211 1434.089 1433.966 1433.843 1433.721 1433.598 1433.476 1433.353 1433.224 1433.066 1432.908 1432.751 1432.593 1432.549 1432.573 1432.596 1432.619 1432.639 1432.603 1432.567 1432.531 1432.495 1432.427 1432.326 1432.225 1432.123 1432.022 1431.971 1431.924 1431.878 1431.831 1431.793 1431.769 1431.746 1431.723 1431.699 1431.667 1431.632 1431.597
1433.937 1433.937 1433.937 1433.937 1433.937 1433.937 1433.937 1433.937 1433.937 1433.937 1433.937 1433.937 1433.937 1433.937 1433.937 1433.937 1433.937 1433.937 1433.937 1433.937 1433.937 1433.937 1433.937 1433.9 1433.788 1433.676 1433.564 1433.452 1433.34 1433.228 1433.116 1433.004 1432.882 1432.719 1432.556 1432.393 1432.23 1432.191 1432.225 1432.259 1432.293 1432.323 1432.281 1432.24 1432.199 1432.157 1432.108 1432.049 1431.99 1431.931 1431.873 1431.805 1431.738 1431.67 1431.602 1431.546 1431.512 1431.478 1431.444 1431.41 1431.363 1431.312 1431.261
1433.499 1433.499 1433.499 1433.499 1433.499 1433.499 1433.499 1433.499 1433.499 1433.499 1433.499 1433.499 1433.499 1433.499 1433.499 1433.499 1433.499 1433.499 1433.499 1433.499 1433.499 1433.499 1433.499 1433.465 1433.364 1433.263 1433.161 1433.06 1432.959 1432.858 1432.756 1432.655 1432.541 1432.372 1432.204 1432.036 1431.868 1431.833 1431.878 1431.922 1431.967 1432.006 1431.96 1431.913 1431.866 1431.82 1431.788 1431.772 1431.756 1431.74 1431.723 1431.64 1431.551 1431.462 1431.372 1431.299 1431.254 1431.21 1431.165 1431.12 1431.058 1430.992 1430.925
1433.016 1433.016 1433.016 1433.016 1433.016 1433.016 1433.016 1433.016 1433.016 1433.016 1433.016 1433.016 1433.016 1433.016 1433.016 1433.016 1433.016 1433.016 1433.016 1433.016 1433.016 1433.016 1433.016 1432.988 1432.904 1432.82 1432.736 1432.652 1432.568 1432.484 1432.4 1432.316 1432.214 1432.037 1431.86 1431.683 1431.506 1431.485 1431.557 1431.629 1431.701 1431.765 1431.713 1431.661 1431.609 1431.557 1431.521 1431.501 1431.482 1431.462 1431.442 1431.363 1431.279 1431.195 1431.111 1431.042 1431.0 1430.957 1430.915 1430.873 1430.815 1430.752 1430.689
1432.506 1432.506 1432.506 1432.506 1432.506 1432.506 1432.506 1432.506 1432.506 1432.506 1432.506 1432.506 1432.506 1432.506 1432.506 1432.506 1432.506 1432.506 1432.506 1432.506 1432.506 1432.506 1432.506 1432.485 1432.422 1432.359 1432.296 1432.234 1432.171 1432.108 1432.045 1431.983 1431.895 1431.708 1431.52 1431.333 1431.145 1431.144 1431.253 1431.362 1431.471 1431.57 1431.513 1431.456 1431.399 1431.341 1431.287 1431.235 1431.183 1431.131 1431.08 1431.018 1430.955 1430.892 1430.829 1430.778 1430.746 1430.715 1430.684 1430.652 1430.609 1430.562 1430.514
1431.995 1431.995 1431.995 1431.995 1431.995 1431.995 1431.995 1431.995 1431.995 1431.995 1431.995 1431.995 1431.995 1431.995 1431.995 1431.995 1431.995 1431.995 1431.995 1431.995 1431.995 1431.995 1431.995 1431.981 1431.94 1431.898 1431.857 1431.815 1431.774 1431.732 1431.691 1431.649 1431.577 1431.379 1431.181 1430.983 1430.785 1430.803 1430.949 1431.095 1431.241 1431.375 1431.313 1431.25 1431.188 1431.125 1431.052 1430.969 1430.885 1430.801 1430.718 1430.673 1430.631 1430.59 1430.548 1430.514 1430.493 1430.473 1430.452 1430.431 1430.402 1430.371 1430.34
1431.484 1431.484 1431.484 1431.484 1431.484 1431.484 1431.484 1431.484 1431.484 1431.484 1431.484 1431.484 1431.484 1431.484 1431.484 1431.484 1431.484 1431.484 1431.484 1431.484 1431.484 1431.484 1431.484 1431.478 1431.458 1431.437 1431.417 1431.397 1431.377 1431.357 1431.336 1431.316 1431.259 1431.05 1430.841 1430.633 1430.424 1430.461 1430.645 1430.828 1431.012 1431.181 1431.113 1431.045 1430.977 1430.909 1430.818 1430.702 1430.587 1430.471 1430.355 1430.328 1430.307 1430.287 1430.267 1430.25 1430.24 1430.23 1430.22 1430.21 1430.196 1430.181 1430.166
1430.981 1430.981 1430.981 1430.981 1430.981 1430.981 1430.981 1430.981 1430.981 1430.981 1430.981 1430.981 1430.981 1430.981 1430.981 1430.981 1430.981 1430.981 1430.981 1430.981 1430.981 1430.981 1430.981 1430.981 1430.981 1430.981 1430.981 1430.981 1430.981 1430.981 1430.981 1430.981 1430.939 1430.722 1430.506 1430.29 1430.073 1430.128 1430.345 1430.561 1430.778 1430.977 1430.905 1430.832 1430.76 1430.688 1430.579 1430.432 1430.286 1430.14 1429.993 1429.981 1429.981 1429.981 1429.981 1429.981 1429.981 1429.981 1429.981 1429.981 1429.981 1429.981 1429.981
1430.617 1430.617 1430.617 1430.617 1430.617 1430.617 1430.617 1430.617 1430.617 1430.617 1430.617 1430.617 1430.617 1430.617 1430.617 1430.617 1430.617 1430.617 1430.617 1430.617 1430.617 1430.617 1430.617 1430.617 1430.617 1430.617 1430.617 1430.617 1430.617 1430.617 1430.617 1430.617 1430.583 1430.415 1430.246 1430.078 1429.909 1429.952 1430.121 1430.289 1430.458 1430.613 1430.551 1430.49 1430.428 1430.366 1430.258 1430.101 1429.943 1429.786 1429.629 1429.617 1429.617 1429.617 1429.617 1429.617 1429.617 1429.617 1429.617 1429.617 1429.617 1429.617 1429.617
