data/zism_data/00564_03_D.txt
ncols         224
nrows         224
[rows 140 to 167 of 224, columns 0 to 62 of 224]
4095.524 4102.28 4109.036 4115.791 4130.269 4144.861 4159.452 4174.044 4188.555 4202.963 4217.37 4231.778 4246.185 4256.308 4265.869 4275.431 4284.992 4292.43 4295.622 4298.814 4302.006 4305.198 4301.072 4294.914 4288.756 4282.598 4274.986 4262.563 4250.14 4237.717 4225.294 4213.449 4201.873 4190.298 4178.722 4167.611 4159.599 4151.587 4143.575 4135.563 4132.422 4132.813 4133.205 4133.596 4134.126 4139.31 4144.492 4149.675 4154.857 4160.566 4166.848 4173.129 4179.411 4185.693 4201.267 4217.567 4233.868 4250.168 4265.073 4277.671 4290.27 4302.868 4315.465
4106.295 4112.744 4119.193 4125.642 4139.951 4154.376 4168.801 4183.225 4197.504 4211.594 4225.684 4239.774 4253.864 4264.226 4274.1 4283.973 4293.846 4301.609 4305.151 4308.693 4312.235 4315.777 4311.335 4304.677 4298.018 4291.359 4283.216 4270.158 4257.1 4244.042 4230.983 4218.657 4206.672 4194.688 4182.703 4171.303 4163.802 4156.301 4148.8 4141.299 4138.23 4138.374 4138.518 4138.662 4138.945 4143.902 4148.859 4153.815 4158.772 4164.28 4170.39 4176.499 4182.608 4188.718 4204.175 4220.362 4236.55 4252.737 4267.598 4280.266 4292.934 4305.602 4318.27
4117.067 4123.209 4129.351 4135.493 4149.633 4163.891 4178.149 4192.406 4206.453 4220.226 4233.998 4247.77 4261.542 4272.144 4282.33 4292.515 4302.701 4310.789 4314.68 4318.572 4322.464 4326.355 4321.598 4314.439 4307.279 4300.12 4291.445 4277.752 4264.059 4250.366 4236.673 4223.865 4211.471 4199.078 4186.684 4174.995 4168.005 4161.016 4154.026 4147.037 4144.039 4143.935 4143.832 4143.728 4143.764 4148.495 4153.225 4157.956 4162.687 4167.994 4173.931 4179.869 4185.806 4191.743 4207.083 4223.157 4239.231 4255.306 4270.123 4282.861 4295.599 4308.337 4321.075
4127.838 4133.673 4139.508 4145.344 4159.315 4173.406 4187.497 4201.588 4215.402 4228.857 4242.312 4255.767 4269.221 4280.062 4290.56 4301.058 4311.555 4319.968 4324.209 4328.451 4332.692 4336.934 4331.861 4324.201 4316.542 4308.881 4299.675 4285.347 4271.019 4256.69 4242.362 4229.073 4216.27 4203.467 4190.665 4178.687 4172.208 4165.73 4159.252 4152.773 4149.847 4149.496 4149.145 4148.793 4148.583 4153.087 4157.592 4162.096 4166.601 4171.708 4177.473 4183.238 4189.003 4194.769 4209.991 4225.952 4241.914 4257.875 4272.647 4285.456 4298.263 4311.071 4323.879
4140.925 4145.87 4150.814 4155.759 4169.25 4182.867 4196.483 4210.099 4223.594 4236.93 4250.267 4263.603 4276.939 4288.038 4298.843 4309.649 4320.454 4329.06 4333.267 4337.474 4341.681 4345.888 4340.38 4332.174 4323.969 4315.763 4306.079 4291.5 4276.921 4262.342 4247.764 4234.246 4221.224 4208.202 4195.18 4183.027 4176.662 4170.296 4163.931 4157.566 4154.549 4153.959 4153.37 4152.78 4152.333 4156.651 4160.971 4165.29 4169.609 4174.779 4180.879 4186.979 4193.078 4199.178 4214.248 4230.02 4245.791 4261.562 4276.272 4289.227 4302.182 4315.137 4328.091
4154.451 4158.395 4162.338 4166.282 4179.233 4192.317 4205.4 4218.483 4231.642 4244.897 4258.153 4271.409 4284.664 4296.025 4307.137 4318.25 4329.361 4338.136 4342.235 4346.334 4350.434 4354.533 4348.568 4339.808 4331.048 4322.288 4312.137 4297.381 4282.624 4267.868 4253.111 4239.412 4226.207 4213.002 4199.797 4187.49 4181.163 4174.835 4168.507 4162.18 4159.042 4158.215 4157.388 4156.562 4155.879 4160.021 4164.162 4168.303 4172.445 4177.729 4184.259 4190.789 4197.319 4203.849 4218.761 4234.328 4249.895 4265.462 4280.105 4293.222 4306.338 4319.454 4332.57
4167.977 4170.92 4173.862 4176.805 4189.216 4201.767 4214.317 4226.868 4239.69 4252.865 4266.04 4279.214 4292.389 4304.012 4315.431 4326.85 4338.269 4347.212 4351.204 4355.195 4359.187 4363.178 4356.756 4347.442 4338.127 4328.813 4318.195 4303.261 4288.327 4273.393 4258.458 4244.578 4231.19 4217.802 4204.415 4191.953 4185.663 4179.373 4173.083 4166.793 4163.534 4162.47 4161.407 4160.343 4159.425 4163.389 4167.353 4171.317 4175.281 4180.678 4187.639 4194.6 4201.56 4208.521 4223.274 4238.637 4253.999 4269.361 4283.938 4297.216 4310.494 4323.771 4337.049
4181.503 4183.445 4185.386 4187.328 4199.199 4211.217 4223.235 4235.252 4247.738 4260.832 4273.926 4287.021 4300.114 4311.999 4323.725 4335.45 4347.176 4356.288 4360.172 4364.056 4367.94 4371.824 4364.945 4355.076 4345.207 4335.337 4324.253 4309.141 4294.029 4278.918 4263.806 4249.744 4236.173 4222.603 4209.032 4196.416 4190.164 4183.912 4177.659 4171.407 4168.026 4166.726 4165.425 4164.125 4162.972 4166.758 4170.544 4174.331 4178.117 4183.627 4191.019 4198.41 4205.801 4213.193 4227.788 4242.946 4258.104 4273.261 4287.771 4301.21 4314.65 4328.089 4341.528
4194.117 4195.278 4196.44 4197.602 4208.928 4220.405 4231.881 4243.358 4255.525 4268.591 4281.657 4294.723 4307.789 4319.714 4331.489 4343.265 4355.04 4364.089 4367.685 4371.281 4374.877 4378.473 4370.971 4360.385 4349.799 4339.214 4327.573 4312.436 4297.299 4282.162 4267.025 4252.994 4239.481 4225.968 4212.456 4199.908 4193.797 4187.686 4181.574 4175.463 4172.084 4170.687 4169.289 4167.891 4166.638 4170.267 4173.895 4177.523 4181.151 4186.787 4194.612 4202.438 4210.263 4218.088 4232.415 4247.25 4262.086 4276.921 4291.326 4305.019 4318.711 4332.403 4346.096
4204.644 4205.531 4206.418 4207.305 4218.077 4228.993 4239.91 4250.827 4262.718 4275.875 4289.032 4302.189 4315.347 4326.807 4338.044 4349.281 4360.518 4368.975 4371.871 4374.768 4377.664 4380.56 4372.055 4360.382 4348.709 4337.036 4324.635 4309.821 4295.007 4280.193 4265.379 4251.865 4238.961 4226.056 4213.151 4201.182 4195.448 4189.713 4183.979 4178.244 4175.151 4173.974 4172.797 4171.62 4170.579 4174.094 4177.609 4181.125 4184.64 4190.427 4198.694 4206.96 4215.227 4223.494 4237.304 4251.547 4265.791 4280.034 4294.244 4308.399 4322.555 4336.71 4350.865
4215.171 4215.784 4216.396 4217.009 4227.225 4237.582 4247.939 4258.295 4269.91 4283.159 4296.407 4309.656 4322.905 4333.899 4344.599 4355.297 4365.996 4373.861 4376.058 4378.254 4380.451 4382.647 4373.139 4360.378 4347.619 4334.858 4321.697 4307.206 4292.715 4278.224 4263.733 4250.736 4238.44 4226.144 4213.847 4202.456 4197.098 4191.74 4186.383 4181.025 4178.219 4177.262 4176.306 4175.349 4174.519 4177.921 4181.323 4184.726 4188.128 4194.067 4202.775 4211.483 4220.191 4228.899 4242.192 4255.844 4269.495 4283.146 4297.162 4311.78 4326.398 4341.017 4355.635
4225.699 4226.037 4226.375 4226.713 4236.373 4246.17 4255.967 4265.764 4277.102 4290.442 4303.783 4317.123 4330.463 4340.992 4351.153 4361.314 4371.475 4378.747 4380.244 4381.741 4383.238 4384.734 4374.223 4360.375 4346.528 4332.681 4318.759 4304.591 4290.423 4276.254 4262.086 4249.607 4237.919 4226.231 4214.543 4203.73 4198.749 4193.768 4188.787 4183.806 4181.286 4180.55 4179.814 4179.079 4178.459 4181.749 4185.038 4188.327 4191.616 4197.708 4206.857 4216.007 4225.156 4234.305 4247.081 4260.14 4273.199 4286.259 4300.08 4315.161 4330.242 4345.323 4360.404
4236.226 4236.29 4236.353 4236.417 4245.521 4254.759 4263.996 4273.233 4284.294 4297.726 4311.158 4324.589 4338.021 4348.085 4357.708 4367.33 4376.953 4383.633 4384.43 4385.228 4386.024 4386.821 4375.307 4360.372 4345.438 4330.503 4315.821 4301.976 4288.131 4274.286 4260.44 4248.479 4237.399 4226.319 4215.239 4205.004 4200.399 4195.795 4191.191 4186.587 4184.354 4183.838 4183.323 4182.808 4182.4 4185.576 4188.752 4191.928 4195.104 4201.348 4210.939 4220.53 4230.121 4239.711 4251.97 4264.437 4276.904 4289.371 4302.998 4318.542 4334.085 4349.629 4365.174
4246.573 4246.759 4246.945 4247.131 4255.632 4264.256 4272.88 4281.503 4291.936 4304.719 4317.502 4330.286 4343.068 4352.41 4361.3 4370.19 4379.08 4384.963 4384.833 4384.703 4384.573 4384.442 4372.701 4357.733 4342.766 4327.798 4313.238 4300.03 4286.822 4273.614 4260.406 4249.099 4238.681 4228.263 4217.845 4208.201 4203.717 4199.233 4194.75 4190.266 4188.024 4187.407 4186.79 4186.173 4185.665 4188.794 4191.923 4195.052 4198.182 4204.337 4213.795 4223.252 4232.709 4242.167 4254.02 4266.061 4278.101 4290.141 4303.506 4319.063 4334.619 4350.175 4365.731
4256.865 4257.293 4257.721 4258.149 4266.034 4274.028 4282.022 4290.016 4299.713 4311.625 4323.536 4335.447 4347.358 4355.899 4363.998 4372.096 4380.195 4385.219 4384.093 4382.967 4381.841 4380.715 4368.98 4354.298 4339.616 4324.934 4310.763 4298.287 4285.811 4273.334 4260.858 4250.246 4240.506 4230.767 4221.027 4211.979 4207.538 4203.097 4198.656 4194.216 4191.876 4191.06 4190.244 4189.428 4188.726 4191.828 4194.93 4198.033 4201.135 4207.13 4216.28 4225.431 4234.582 4243.732 4255.214 4266.877 4278.541 4290.205 4303.288 4318.721 4334.153 4349.586 4365.018
4267.156 4267.827 4268.497 4269.168 4276.435 4283.799 4291.164 4298.528 4307.49 4318.529 4329.569 4340.608 4351.647 4359.388 4366.695 4374.003 4381.311 4385.475 4383.354 4381.232 4379.11 4376.989 4365.26 4350.863 4336.466 4322.069 4308.288 4296.543 4284.799 4273.055 4261.311 4251.394 4242.333 4233.271 4224.209 4215.756 4211.358 4206.961 4202.563 4198.166 4195.729 4194.713 4193.698 4192.683 4191.787 4194.862 4197.938 4201.013 4204.088 4209.922 4218.766 4227.61 4236.454 4245.297 4256.407 4267.694 4278.981 4290.268 4303.07 4318.379 4333.688 4348.996 4364.305
4277.448 4278.361 4279.274 4280.187 4286.836 4293.571 4300.306 4307.04 4315.268 4325.435 4335.602 4345.77 4355.937 4362.876 4369.393 4375.91 4382.426 4385.731 4382.614 4379.496 4376.379 4373.262 4361.54 4347.428 4333.316 4319.205 4305.812 4294.8 4283.788 4272.775 4261.763 4252.542 4244.158 4235.775 4227.392 4219.534 4215.179 4210.825 4206.47 4202.115 4199.581 4198.367 4197.152 4195.938 4194.848 4197.896 4200.944 4203.993 4207.042 4212.715 4221.252 4229.789 4238.326 4246.863 4257.601 4268.511 4279.421 4290.331 4302.852 4318.037 4333.222 4348.407 4363.592
4287.827 4289.026 4290.226 4291.426 4297.48 4303.606 4309.733 4315.859 4323.384 4332.73 4342.075 4351.42 4360.766 4366.793 4372.384 4377.976 4383.568 4385.892 4381.68 4377.468 4373.256 4369.044 4357.376 4343.636 4329.895 4316.155 4303.231 4293.012 4282.793 4272.574 4262.355 4253.839 4246.12 4238.401 4230.682 4223.406 4219.081 4214.755 4210.43 4206.105 4203.483 4202.096 4200.708 4199.321 4198.062 4201.092 4204.123 4207.153 4210.183 4215.688 4223.89 4232.093 4240.295 4248.498 4258.86 4269.391 4279.922 4290.453 4302.675 4317.693 4332.712 4347.731 4362.75
4298.49 4300.126 4301.762 4303.397 4308.928 4314.516 4320.104 4325.691 4332.627 4341.316 4350.005 4358.693 4367.382 4372.124 4376.349 4380.573 4384.798 4385.737 4380.104 4374.471 4368.838 4363.206 4351.742 4338.658 4325.574 4312.491 4300.302 4291.079 4281.856 4272.632 4263.409 4255.632 4248.532 4241.433 4234.333 4227.593 4223.251 4218.91 4214.568 4210.227 4207.548 4206.075 4204.602 4203.128 4201.786 4204.827 4207.868 4210.909 4213.95 4219.256 4227.034 4234.811 4242.588 4250.366 4260.338 4270.481 4280.625 4290.768 4302.633 4317.345 4332.056 4346.768 4361.48
4309.154 4311.226 4313.297 4315.369 4320.375 4325.425 4330.474 4335.523 4341.87 4349.902 4357.934 4365.966 4373.998 4377.456 4380.313 4383.17 4386.028 4385.582 4378.528 4371.474 4364.42 4357.366 4346.107 4333.68 4321.253 4308.827 4297.374 4289.146 4280.918 4272.691 4264.463 4257.425 4250.945 4244.464 4237.983 4231.779 4227.421 4223.064 4218.707 4214.349 4211.613 4210.054 4208.494 4206.935 4205.509 4208.561 4211.613 4214.665 4217.716 4222.825 4230.177 4237.529 4244.882 4252.234 4261.815 4271.571 4281.327 4291.083 4302.59 4316.996 4331.401 4345.806 4360.211
4319.817 4322.325 4324.833 4327.34 4331.823 4336.334 4340.845 4345.356 4351.113 4358.488 4365.863 4373.239 4380.614 4382.787 4384.277 4385.768 4387.258 4385.426 4376.952 4368.477 4360.001 4351.527 4340.473 4328.703 4316.933 4305.162 4294.444 4287.213 4279.981 4272.749 4265.517 4259.219 4253.357 4247.495 4241.633 4235.966 4231.592 4227.218 4222.844 4218.471 4215.679 4214.033 4212.387 4210.742 4209.232 4212.295 4215.357 4218.42 4221.482 4226.394 4233.32 4240.248 4247.175 4254.102 4263.293 4272.662 4282.03 4291.398 4302.548 4316.646 4330.745 4344.843 4358.941
4330.48 4333.424 4336.368 4339.312 4343.27 4347.243 4351.216 4355.188 4360.355 4367.074 4373.793 4380.512 4387.23 4388.119 4388.242 4388.365 4388.488 4385.271 4375.375 4365.479 4355.583 4345.688 4334.839 4323.725 4312.612 4301.498 4291.516 4285.28 4279.043 4272.808 4266.571 4261.012 4255.769 4250.526 4245.284 4240.152 4235.762 4231.373 4226.982 4222.593 4219.744 4218.012 4216.28 4214.548 4212.956 4216.029 4219.103 4222.176 4225.249 4229.962 4236.464 4242.966 4249.468 4255.97 4264.771 4273.751 4282.732 4291.713 4302.506 4316.298 4330.089 4343.881 4357.672
4340.241 4343.333 4346.424 4349.515 4352.963 4356.417 4359.87 4363.324 4367.789 4373.57 4379.352 4385.133 4390.915 4390.823 4389.96 4389.099 4388.236 4384.185 4373.756 4363.326 4352.896 4342.467 4331.814 4321.099 4310.383 4299.668 4290.134 4284.512 4278.89 4273.267 4267.645 4262.547 4257.695 4252.843 4247.991 4243.212 4238.922 4234.632 4230.342 4226.052 4223.341 4221.774 4220.207 4218.64 4217.205 4220.176 4223.148 4226.12 4229.091 4233.626 4239.868 4246.109 4252.351 4258.592 4266.918 4275.406 4283.895 4292.383 4302.624 4315.764 4328.904 4342.044 4355.185
4349.606 4352.72 4355.833 4358.945 4361.89 4364.832 4367.774 4370.716 4374.431 4379.152 4383.874 4388.594 4393.315 4392.377 4390.697 4389.017 4387.337 4382.692 4372.117 4361.542 4350.967 4340.392 4329.931 4319.501 4309.071 4298.641 4289.429 4284.254 4279.078 4273.903 4268.728 4263.97 4259.409 4254.847 4250.286 4245.779 4241.64 4237.5 4233.361 4229.222 4226.733 4225.441 4224.148 4222.856 4221.683 4224.503 4227.325 4230.146 4232.966 4237.333 4243.386 4249.439 4255.493 4261.545 4269.358 4277.308 4285.258 4293.208 4302.812 4315.15 4327.488 4339.826 4352.165
4358.972 4362.106 4365.241 4368.375 4370.816 4373.247 4375.677 4378.108 4381.074 4384.734 4388.395 4392.056 4395.716 4393.932 4391.434 4388.936 4386.437 4381.198 4370.478 4359.758 4349.038 4338.317 4328.047 4317.903 4307.758 4297.613 4288.725 4283.996 4279.267 4274.539 4269.81 4265.393 4261.122 4256.851 4252.58 4248.346 4244.358 4240.369 4236.381 4232.392 4230.125 4229.108 4228.09 4227.072 4226.161 4228.831 4231.501 4234.171 4236.842 4241.04 4246.904 4252.769 4258.634 4264.499 4271.798 4279.21 4286.622 4294.034 4303.0 4314.536 4326.072 4337.608 4349.144
4368.337 4371.494 4374.649 4377.805 4379.743 4381.662 4383.581 4385.5 4387.716 4390.316 4392.917 4395.517 4398.117 4395.487 4392.17 4388.854 4385.538 4379.705 4368.839 4357.974 4347.108 4336.243 4326.165 4316.305 4306.445 4296.586 4288.02 4283.738 4279.456 4275.174 4270.892 4266.815 4262.835 4258.855 4254.875 4250.913 4247.076 4243.238 4239.4 4235.562 4233.518 4232.774 4232.031 4231.288 4230.639 4233.158 4235.678 4238.198 4240.717 4244.747 4250.423 4256.099 4261.775 4267.452 4274.238 4281.112 4287.986 4294.859 4303.188 4313.921 4324.656 4335.39 4346.124
4376.974 4380.073 4383.172 4386.272 4387.748 4389.199 4390.651 4392.103 4393.638 4395.282 4396.926 4398.569 4400.213 4396.845 4392.819 4388.794 4384.768 4378.429 4367.46 4356.493 4345.524 4334.557 4324.689 4315.128 4305.567 4296.006 4287.76 4283.874 4279.987 4276.1 4272.213 4268.444 4264.731 4261.017 4257.304 4253.595 4249.919 4246.243 4242.567 4238.892 4237.05 4236.538 4236.026 4235.514 4235.085 4237.432 4239.778 4242.125 4244.471 4248.302 4253.752 4259.202 4264.652 4270.103 4276.422 4282.81 4289.198 4295.585 4303.363 4313.439 4323.516 4333.592 4343.668
4381.766 4384.396 4387.028 4389.659 4390.894 4392.109 4393.324 4394.539 4395.762 4396.997 4398.232 4399.467 4400.702 4397.167 4393.007 4388.847 4384.687 4378.298 4367.454 4356.61 4345.766 4334.922 4325.368 4316.173 4306.977 4297.782 4289.846 4286.083 4282.32 4278.558 4274.794 4271.161 4267.587 4264.013 4260.44 4256.881 4253.426 4249.971 4246.516 4243.061 4241.314 4240.808 4240.302 4239.795 4239.363 4241.419 4243.475 4245.531 4247.586 4251.063 4256.087 4261.112 4266.137 4271.162 4277.256 4283.434 4289.612 4295.79 4303.475 4313.654 4323.832 4334.011 4344.189
