data/zism_data/00569_03_D.txt
ncols         224
nrows         224
[rows 84 to 111 of 224, columns 63 to 125 of 224]
912.7571 909.9744 907.1918 904.4092 900.3986 893.1566 885.9145 878.6724 871.4303 863.3089 854.8533 846.3979 837.9424 828.6153 815.148 801.6807 788.2135 774.7462 761.5709 748.5722 735.5737 722.575 710.3578 708.1459 705.9341 703.7223 701.5104 706.6309 718.4725 730.314 742.1554 753.997 771.2202 788.6041 805.988 823.3719 837.6731 847.7222 857.7712 867.8202 877.8693 887.5056 897.08 906.6544 916.2288 925.1379 932.6256 940.1133 947.601 955.0887 962.5944 970.1055 977.6166 985.1277 993.0214 1002.292 1011.564 1020.834 1030.106 1039.4 1048.707 1058.013 1067.32
900.3129 898.0967 895.8805 893.6643 890.2584 883.7216 877.1848 870.6481 864.1113 856.8076 849.2123 841.6172 834.022 825.6759 813.7636 801.8513 789.939 778.0267 765.091 751.5366 737.9823 724.4279 711.6716 709.1339 706.596 704.0582 701.5204 706.945 719.6683 732.3915 745.1146 757.8378 775.6522 793.6185 811.5848 829.5511 844.2079 854.2997 864.3915 874.4832 884.575 893.9149 903.142 912.3691 921.5962 930.267 937.7494 945.2318 952.7141 960.1964 967.4915 974.7301 981.9687 989.2073 996.9156 1006.315 1015.714 1025.113 1034.513 1043.896 1053.273 1062.649 1072.025
887.8688 886.2189 884.5692 882.9194 880.1181 874.2867 868.4552 862.6238 856.7923 850.3062 843.5712 836.8364 830.1015 822.7366 812.3792 802.0219 791.6645 781.3072 768.6111 754.5009 740.3909 726.2808 712.9855 710.1217 707.2579 704.3942 701.5305 707.2591 720.8641 734.469 748.0737 761.6786 780.0841 798.6329 817.1816 835.7303 850.7427 860.8773 871.0118 881.1462 891.2808 900.3243 909.204 918.0837 926.9635 935.396 942.8731 950.3502 957.8271 965.3041 972.3887 979.3547 986.3208 993.2869 1000.81 1010.337 1019.865 1029.392 1038.92 1048.393 1057.838 1067.284 1076.729
875.4246 874.3412 873.2578 872.1744 869.9778 864.8517 859.7256 854.5994 849.4733 843.8048 837.9302 832.0557 826.181 819.7972 810.9948 802.1924 793.39 784.5876 772.1312 757.4652 742.7996 728.1337 714.2993 711.1096 707.9199 704.7302 701.5404 707.5732 722.0598 736.5464 751.0328 765.5195 784.516 803.6472 822.7784 841.9095 857.2775 867.4548 877.6321 887.8093 897.9866 906.7336 915.266 923.7984 932.3309 940.5251 947.9968 955.4685 962.9401 970.4119 977.2858 983.9794 990.6729 997.3665 1004.704 1014.36 1024.016 1033.671 1043.327 1052.889 1062.404 1071.919 1081.434
864.011 862.9183 861.8257 860.733 858.7186 854.2786 849.8387 845.3987 840.9587 836.033 830.9228 825.8126 820.7023 814.9976 806.4693 797.941 789.4126 780.8843 768.9172 754.8709 740.8249 726.7786 713.5312 710.5096 707.4882 704.4666 701.4451 707.4952 721.8608 736.2264 750.5919 764.9575 783.9431 803.0667 822.1902 841.3137 856.7718 867.1742 877.5765 887.9788 898.3812 907.2893 915.9733 924.6573 933.3414 941.6479 949.1479 956.6478 964.1476 971.6476 978.5178 985.1979 991.878 998.5581 1005.957 1015.942 1025.928 1035.913 1045.899 1055.563 1065.065 1074.568 1084.071
852.715 851.5475 850.3801 849.2126 847.3323 843.5763 839.8203 836.0642 832.3082 828.1168 823.7599 819.4032 815.0464 809.9865 801.5864 793.1862 784.7861 776.386 764.9368 751.644 738.3513 725.0585 712.5261 709.7291 706.9319 704.1348 701.3377 707.3725 721.5031 735.6335 749.7639 763.8944 782.8005 801.8492 820.898 839.9467 855.4648 866.1129 876.7611 887.4091 898.0573 907.1787 916.0712 924.9636 933.856 942.3147 949.8467 957.3787 964.9106 972.4426 979.3326 986.0287 992.7248 999.421 1006.909 1017.247 1027.585 1037.923 1048.262 1058.029 1067.51 1076.992 1086.473
841.4189 840.1766 838.9344 837.6921 835.946 832.8739 829.8018 826.7297 823.6577 820.2006 816.5972 812.9938 809.3905 804.9752 796.7034 788.4315 780.1597 771.8878 760.9564 748.417 735.8778 723.3383 711.5211 708.9484 706.3757 703.803 701.2304 707.2498 721.1453 735.0406 748.9359 762.8313 781.658 800.6319 819.6058 838.5797 854.1577 865.0517 875.9457 886.8394 897.7334 907.0682 916.1689 925.2698 934.3706 942.9814 950.5455 958.1096 965.6736 973.2377 980.1473 986.8595 993.5717 1000.284 1007.861 1018.552 1029.243 1039.933 1050.624 1060.495 1069.955 1079.415 1088.875
830.1229 828.8058 827.4888 826.1717 824.5596 822.1715 819.7834 817.3952 815.0071 812.2843 809.4344 806.5845 803.7346 799.964 791.8204 783.6768 775.5332 767.3896 756.9761 745.1901 733.4042 721.6182 710.516 708.1678 705.8195 703.4713 701.123 707.1272 720.7875 734.4478 748.1078 761.7682 780.5154 799.4145 818.3136 837.2127 852.8506 863.9904 875.1302 886.2698 897.4095 906.9576 916.2668 925.576 934.8853 943.6483 951.2444 958.8405 966.4365 974.0327 980.9621 987.6903 994.4185 1001.147 1008.813 1019.857 1030.9 1041.943 1052.987 1062.961 1072.4 1081.838 1091.277
819.7665 818.2939 816.8213 815.3487 813.7557 811.8462 809.9366 808.0271 806.1176 803.9059 801.5795 799.2531 796.9267 793.6036 785.5461 777.4886 769.4312 761.3737 751.6328 740.874 730.1154 719.3565 709.228 707.1674 705.1068 703.0461 700.9855 706.8635 720.0184 733.1733 746.3279 759.4828 778.0576 796.7941 815.5306 834.2672 850.0204 861.6588 873.2971 884.9352 896.5735 906.3296 915.8033 925.2771 934.7508 943.6227 951.2087 958.7949 966.3808 973.9669 980.9197 987.6815 994.4432 1001.205 1008.909 1020.005 1031.101 1042.197 1053.293 1063.203 1072.518 1081.834 1091.149
811.3313 809.538 807.7448 805.9516 804.1425 802.2917 800.441 798.5902 796.7394 794.5827 792.3098 790.0368 787.7638 784.4849 776.4274 768.3699 760.3125 752.255 743.5031 734.3313 725.1596 715.9878 707.3615 705.7176 704.0738 702.43 700.7862 706.3115 718.4083 730.5052 742.6019 754.6987 772.9107 791.3053 809.6998 828.0944 844.0761 856.7297 869.3833 882.0367 894.6902 904.6439 914.1924 923.741 933.2895 942.1816 949.6715 957.1614 964.6512 972.1411 979.1251 985.9562 992.7875 999.6187 1007.255 1017.79 1028.325 1038.86 1049.395 1058.896 1067.881 1076.865 1085.849
802.8959 800.782 798.6682 796.5544 794.5291 792.7371 790.9451 789.1532 787.3612 785.2594 783.0399 780.8203 778.6008 775.366 767.3085 759.251 751.1936 743.1362 735.3732 727.7885 720.2038 712.619 705.4949 704.2678 703.0408 701.8138 700.5869 705.7594 716.7982 727.837 738.8757 749.9145 767.7638 785.8163 803.869 821.9216 838.1317 851.8006 865.4695 879.1381 892.807 902.9581 912.5814 922.2048 931.8281 940.7406 948.1343 955.528 962.9216 970.3152 977.3303 984.231 991.1317 998.0323 1005.601 1015.575 1025.549 1035.523 1045.497 1054.59 1063.243 1071.896 1080.549
794.4606 792.0262 789.5917 787.1573 784.9159 783.1827 781.4495 779.7163 777.9831 775.9362 773.7701 771.604 769.4379 766.2472 758.1898 750.1323 742.0749 734.0175 727.2436 721.2457 715.248 709.2502 703.6283 702.8181 702.0079 701.1977 700.3875 705.2074 715.1882 725.169 735.1496 745.1304 762.6169 780.3275 798.0381 815.7488 832.1874 846.8715 861.5557 876.2396 890.9238 901.2723 910.9705 920.6686 930.3668 939.2995 946.597 953.8946 961.192 968.4895 975.5356 982.5057 989.4759 996.446 1003.947 1013.36 1022.773 1032.186 1041.599 1050.284 1058.606 1066.928 1075.249
786.0254 783.2703 780.5153 777.7602 775.3027 773.6282 771.9539 770.2794 768.605 766.613 764.5003 762.3877 760.275 757.1285 749.071 741.0136 732.9562 724.8987 719.1139 714.7031 710.2923 705.8815 701.7617 701.3683 700.975 700.5815 700.1882 704.6554 713.5781 722.5009 731.4235 740.3463 757.4701 774.8387 792.2073 809.576 826.2431 841.9425 857.642 873.3411 889.0405 899.5865 909.3595 919.1325 928.9055 937.8585 945.0598 952.2612 959.4624 966.6638 973.7408 980.7805 987.8201 994.8597 1002.293 1011.145 1019.997 1028.849 1037.7 1045.978 1053.969 1061.959 1069.949
780.4767 777.2753 774.0739 770.8724 767.9468 765.7471 763.5473 761.3475 759.1478 756.9382 754.7248 752.5114 750.298 747.2504 740.2394 733.2286 726.2177 719.2068 714.4261 710.9938 707.5616 704.1293 700.928 700.6837 700.4394 700.1951 699.9507 703.9097 711.7217 719.5338 727.3456 735.1576 751.6375 768.3762 785.1149 801.8535 818.3776 834.6055 850.8334 867.061 883.2889 894.1241 904.1504 914.1767 924.2029 933.2513 940.2104 947.1696 954.1285 961.0876 968.296 975.5795 982.863 990.1465 997.7284 1006.384 1015.04 1023.696 1032.352 1040.397 1048.137 1055.878 1063.618
775.8439 772.1563 768.4686 764.7809 761.3072 758.3968 755.4864 752.576 749.6655 747.1518 744.7888 742.4258 740.0628 737.1313 731.499 725.8668 720.2345 714.6023 710.8305 708.1837 705.5369 702.8901 700.422 700.2418 700.0616 699.8814 699.7012 703.1026 709.7871 716.4716 723.1561 729.8406 745.5873 761.6047 777.622 793.6393 809.9023 826.5043 843.1063 859.708 876.3099 887.4634 897.7996 908.1358 918.472 927.6394 934.31 940.9806 947.6511 954.3216 961.6929 969.2756 976.8583 984.4411 992.2397 1000.815 1009.391 1017.967 1026.542 1034.411 1041.927 1049.443 1056.959
771.2112 767.0372 762.8633 758.6893 754.6676 751.0465 747.4254 743.8044 740.1833 737.3654 734.8528 732.3402 729.8276 727.0121 722.7585 718.5049 714.2513 709.9977 707.2349 705.3736 703.5123 701.6509 699.916 699.7999 699.6838 699.5677 699.4517 702.2955 707.8525 713.4095 718.9665 724.5235 739.5372 754.8331 770.1291 785.4251 801.4272 818.4032 835.3792 852.3549 869.3309 880.8027 891.4488 902.0949 912.741 922.0275 928.4095 934.7916 941.1735 947.5555 955.0897 962.9717 970.8537 978.7357 986.7511 995.2466 1003.742 1012.237 1020.733 1028.426 1035.717 1043.009 1050.3
766.5783 761.918 757.2579 752.5977 748.0279 743.6961 739.3644 735.0326 730.7009 727.5789 724.9166 722.2544 719.5922 716.8929 714.0179 711.143 708.268 705.3931 703.6393 702.5634 701.4875 700.4117 699.41 699.358 699.3061 699.2541 699.2021 701.4884 705.9179 710.3474 714.7769 719.2064 733.4869 748.0615 762.6361 777.2108 792.9518 810.3019 827.652 845.0018 862.3518 874.1419 885.0979 896.0539 907.0099 916.4156 922.509 928.6025 934.6959 940.7894 948.4865 956.6677 964.8489 973.0302 981.2623 989.6777 998.0931 1006.508 1014.924 1022.44 1029.507 1036.574 1043.641
763.3282 758.2466 753.1651 748.0836 743.0342 738.0699 733.1056 728.1412 723.1769 719.7503 716.908 714.0657 711.2234 708.5739 706.8403 705.1066 703.373 701.6393 700.7141 700.2776 699.8412 699.4048 699.0 699.0 699.0 699.0 699.0 700.7773 704.1838 707.5903 710.9967 714.4032 727.861 741.619 755.3769 769.1348 784.5009 802.0851 819.6693 837.2531 854.8373 866.8974 878.1288 889.3603 900.5917 910.1144 915.9862 921.8581 927.7299 933.6017 941.4337 949.8574 958.281 966.7047 975.125 983.5332 991.9415 1000.35 1008.758 1016.208 1023.18 1030.151 1037.122
765.9811 760.7552 755.5295 750.3036 745.0673 739.8038 734.5402 729.2767 724.0131 720.2795 717.1273 713.9751 710.8229 707.9396 706.3343 704.7289 703.1235 701.5181 700.6512 700.2308 699.8104 699.39 699.0 699.0 699.0 699.0 699.0 700.4762 703.3056 706.1349 708.9643 711.7937 724.0466 736.5809 749.1152 761.6496 776.1536 793.3744 810.5952 827.8157 845.0365 857.1607 868.5204 879.8801 891.2398 900.8702 906.8062 912.7422 918.678 924.6141 932.4609 940.8845 949.3082 957.7319 966.2184 974.9312 983.644 992.3567 1001.07 1008.924 1016.35 1023.775 1031.201
768.634 763.2639 757.8938 752.5237 747.1005 741.5377 735.9749 730.4121 724.8494 720.8088 717.3466 713.8845 710.4224 707.3054 705.8282 704.3511 702.874 701.3968 700.5882 700.1838 699.7795 699.3751 699.0 699.0 699.0 699.0 699.0 700.1751 702.4274 704.6796 706.9319 709.1841 720.2322 731.5429 742.8536 754.1643 767.8062 784.6636 801.5211 818.3782 835.2357 847.424 858.912 870.3999 881.8879 891.6261 897.6262 903.6263 909.6263 915.6264 923.488 931.9117 940.3354 948.7591 957.3118 966.3292 975.3466 984.3638 993.3812 1001.64 1009.52 1017.4 1025.28
771.2869 765.7725 760.2582 754.7437 749.1336 743.2716 737.4096 731.5476 725.6855 721.338 717.5659 713.7939 710.0219 706.6711 705.3223 703.9733 702.6245 701.2755 700.5253 700.1369 699.7485 699.3602 699.0 699.0 699.0 699.0 699.0 699.874 701.5492 703.2244 704.8995 706.5746 716.4178 726.5049 736.5919 746.679 759.4589 775.9529 792.447 808.9408 825.4349 837.6873 849.3035 860.9197 872.5359 882.382 888.4462 894.5104 900.5745 906.6387 914.5153 922.9389 931.3626 939.7863 948.4052 957.7272 967.0492 976.371 985.693 994.3563 1002.69 1011.024 1019.358
773.9398 768.2811 762.6225 756.9638 751.1667 745.0055 738.8442 732.683 726.5218 721.8672 717.7853 713.7033 709.6213 706.0369 704.8163 703.5956 702.3749 701.1543 700.4623 700.09 699.7177 699.3453 699.0 699.0 699.0 699.0 699.0 699.5729 700.671 701.769 702.8671 703.9651 712.6035 721.4669 730.3303 739.1937 751.1115 767.2422 783.3729 799.5034 815.634 827.9507 839.6951 851.4396 863.184 873.1378 879.2661 885.3945 891.5227 897.6511 905.5424 913.9661 922.3898 930.8135 939.4987 949.1252 958.7518 968.3782 978.0047 987.0723 995.8604 1004.649 1013.437
780.5069 774.9492 769.3917 763.834 758.1127 751.9606 745.8084 739.6563 733.5042 728.5939 724.1555 719.7173 715.2789 711.261 709.2403 707.2195 705.1989 703.1781 701.9653 701.241 700.5168 699.7925 699.1188 699.0923 699.0657 699.0392 699.0127 699.3964 700.156 700.9156 701.6753 702.4349 709.9557 717.6784 725.4011 733.1237 744.0171 759.2838 774.5505 789.817 805.0837 817.2463 828.9432 840.6403 852.3372 862.3182 868.6334 874.9485 881.2635 887.5786 895.7069 904.3825 913.0582 921.7338 930.704 940.7346 950.7653 960.7957 970.8263 980.2894 989.4687 998.648 1007.827
789.4683 784.1619 778.8554 773.549 768.064 762.1096 756.1552 750.2007 744.2463 739.1117 734.2886 729.4656 724.6425 720.0689 716.6802 713.2916 709.9029 706.5142 704.4263 703.125 701.8237 700.5223 699.3102 699.241 699.1717 699.1024 699.0331 699.296 699.8633 700.4305 700.9978 701.5651 708.0219 714.6545 721.287 727.9197 737.6893 751.7858 765.8823 779.9785 794.075 805.9502 817.4922 829.0342 840.5763 850.5352 857.1121 863.6891 870.2659 876.8429 885.3438 894.4255 903.5073 912.5891 921.9781 932.4736 942.9691 953.4645 963.96 973.8131 983.3451 992.8771 1002.409
798.4298 793.3745 788.3192 783.2638 778.0153 772.2586 766.5019 760.7451 754.9884 749.6295 744.4216 739.2139 734.0061 728.8768 724.1202 719.3636 714.6069 709.8503 706.8874 705.009 703.1306 701.2521 699.5016 699.3896 699.2776 699.1656 699.0536 699.1956 699.5705 699.9454 700.3203 700.6953 706.088 711.6306 717.1731 722.7157 731.3616 744.2878 757.2141 770.14 783.0663 794.6541 806.0412 817.4282 828.8153 838.7522 845.5909 852.4297 859.2684 866.1071 874.9807 884.4686 893.9564 903.4443 913.2523 924.2126 935.173 946.1332 957.0936 967.3369 977.2215 987.1061 996.9908
807.3913 802.587 797.7829 792.9787 787.9666 782.4076 776.8486 771.2896 765.7305 760.1472 754.5547 748.9623 743.3698 737.6847 731.5601 725.4355 719.311 713.1865 709.3484 706.8929 704.4374 701.9819 699.6931 699.5383 699.3835 699.2288 699.074 699.0952 699.2778 699.4603 699.6429 699.8254 704.1541 708.6066 713.0591 717.5117 725.0338 736.7898 748.5458 760.3016 772.0576 783.358 794.5901 805.8222 817.0543 826.9691 834.0697 841.1703 848.2708 855.3714 864.6176 874.5116 884.4056 894.2995 904.5264 915.9517 927.377 938.802 950.2273 960.8606 971.0979 981.3352 991.5725
816.5226 811.9676 807.4127 802.8577 798.0746 792.6912 787.3077 781.9243 776.5409 770.7197 764.732 758.7444 752.7568 746.5178 739.0848 731.6519 724.2189 716.7859 712.0737 709.0068 705.9398 702.8728 700.0117 699.7858 699.5599 699.334 699.108 699.0 699.0 699.0 699.0 699.0 702.2844 705.6667 709.0491 712.4315 718.8341 729.4024 739.9707 750.5388 761.1071 772.1067 783.171 794.2353 805.2996 815.1777 822.5215 829.8654 837.2092 844.553 854.1608 864.4522 874.7435 885.0349 895.6715 907.551 919.4305 931.3098 943.1893 954.2242 964.8369 975.4495 986.0621
828.8088 824.4675 820.1264 815.7852 811.0922 805.4736 799.8551 794.2366 788.618 782.3061 775.7307 769.1553 762.58 755.8201 748.184 740.548 732.9119 725.2759 719.708 715.3907 711.0734 706.7561 702.6918 701.8674 701.043 700.2187 699.3943 699.0 699.0 699.0 699.0 699.0 701.6047 704.287 706.9695 709.6519 715.0131 724.0692 733.1253 742.1812 751.2373 761.6865 772.3447 783.0029 793.6611 803.2302 810.4725 817.7149 824.9571 832.1994 841.9643 852.4908 863.0172 873.5437 884.42 896.556 908.6921 920.8279 932.9639 944.6151 956.0239 967.4326 978.8414
