data/zism_data/00579_01_D.txt
ncols         224
nrows         224
[rows 56 to 83 of 224, columns 0 to 63 of 224]
625.9362 621.6153 617.2944 612.9735 609.4284 607.9249 606.4213 604.9178 603.4142 604.8191 607.2505 609.6818 612.1132 615.2359 621.0748 626.9136 632.7525 638.5914 644.8129 651.2256 657.6384 664.0513 669.8282 671.3671 672.906 674.4449 675.9838 671.0027 661.569 652.1354 642.7017 633.4293 626.7784 620.1276 613.4768 606.826 600.4443 594.3091 588.1741 582.0389 575.9038 567.9478 559.9651 551.9823 543.9996 538.309 535.4283 532.5475 529.6667 526.7859 527.9308 529.459 530.9872 532.5154 534.672 537.8681 541.0641 544.2603 547.4564 546.5853 544.9429 543.3005 541.6582 540.1067
624.5361 621.0251 617.5142 614.0032 611.0212 609.4313 607.8413 606.2514 604.6615 606.6704 609.9495 613.2286 616.5076 620.6205 628.009 635.3976 642.7861 650.1747 656.884 663.2535 669.6231 675.9927 681.5948 682.0807 682.5668 683.0527 683.5387 678.1785 668.8257 659.4731 650.1204 640.9174 634.1478 627.3782 620.6086 613.839 607.4625 601.4461 595.4298 589.4135 583.3971 575.4641 567.503 559.5418 551.5807 546.0428 543.4752 540.9076 538.34 535.7724 537.2304 539.0718 540.9131 542.7545 545.1898 548.6072 552.0247 555.4421 558.8596 557.9194 556.1529 554.3863 552.6198 550.9227
623.1359 620.4349 617.7339 615.0328 612.614 610.9377 609.2614 607.5851 605.9088 608.5217 612.6486 616.7754 620.9023 626.0054 634.9435 643.8818 652.8201 661.7584 668.9554 675.2818 681.6082 687.9346 693.3618 692.7948 692.2278 691.6608 691.0939 685.3545 676.0828 666.8111 657.5394 648.4058 641.5175 634.629 627.7406 620.8522 614.4808 608.5833 602.6858 596.7882 590.8907 582.9807 575.0411 567.1016 559.1621 553.7767 551.5223 549.2679 547.0135 544.7592 546.5303 548.6849 550.8394 552.994 555.7078 559.3467 562.9855 566.6243 570.2632 569.254 567.3632 565.4725 563.5817 561.7391
621.5431 619.6429 617.7428 615.8427 614.1878 613.1785 612.1693 611.16 610.1507 613.3663 618.0731 622.7799 627.4867 633.0341 641.8834 650.7329 659.5823 668.4318 674.9622 680.3331 685.7039 691.0748 695.6108 694.5809 693.5511 692.5212 691.4914 685.8227 676.986 668.1494 659.3127 650.5842 643.6133 636.6424 629.6715 622.7006 616.2476 610.2691 604.2906 598.3122 592.3337 585.1819 578.0129 570.8438 563.6748 559.1257 557.7881 556.4506 555.113 553.7755 555.6346 557.7982 559.9619 562.1255 564.6206 567.6638 570.707 573.7503 576.7935 575.9512 574.372 572.7928 571.2136 569.6694
619.9137 618.8127 617.7117 616.6107 615.7581 615.5587 615.3594 615.1601 614.9608 618.7789 624.0148 629.2508 634.4868 640.3748 648.8246 657.2745 665.7244 674.1743 679.8191 684.0614 688.3037 692.5461 696.0549 694.6741 693.2933 691.9124 690.5316 685.0189 676.6843 668.3499 660.0154 651.7555 644.709 637.6625 630.6161 623.5696 617.0184 610.9211 604.8239 598.7266 592.6294 586.3752 580.1187 573.8622 567.6057 564.0225 563.7163 563.4101 563.1039 562.7977 564.7022 566.8173 568.9323 571.0473 573.2293 575.522 577.8146 580.1072 582.3999 581.7693 580.5843 579.3992 578.2142 577.0527
618.2843 617.9825 617.6807 617.3788 617.3282 617.9388 618.5494 619.16 619.7707 624.1912 629.9562 635.7214 641.4865 647.7153 655.7656 663.8159 671.8661 679.9165 684.6758 687.7896 690.9034 694.0173 696.499 694.7672 693.0354 691.3036 689.5718 684.215 676.3827 668.5504 660.718 652.9269 645.8048 638.6827 631.5606 624.4385 617.7892 611.5732 605.3571 599.1411 592.925 587.5684 582.2244 576.8804 571.5365 568.9192 569.6443 570.3694 571.0945 571.8196 573.7695 575.8359 577.9023 579.9688 581.8377 583.3798 584.9219 586.4641 588.0062 587.5872 586.7964 586.0055 585.2147 584.4359
616.6549 617.1522 617.6495 618.1469 618.8984 620.319 621.7396 623.1602 624.5807 629.6036 635.8979 642.1922 648.4865 655.0561 662.7067 670.3575 678.0082 685.6589 689.5327 691.5179 693.5032 695.4885 696.9432 694.8604 692.7776 690.6948 688.612 683.4112 676.081 668.7509 661.4207 654.0983 646.9006 639.7029 632.5052 625.3076 618.5601 612.2252 605.8904 599.5555 593.2207 588.7617 584.3303 579.8988 575.4675 573.816 575.5725 577.329 579.0854 580.8419 582.837 584.8549 586.8727 588.8906 590.4464 591.2379 592.0295 592.821 593.6125 593.4053 593.0087 592.612 592.2153 591.8192
615.3489 616.3824 617.416 618.4495 619.7492 621.7497 623.7501 625.7505 627.751 633.1486 639.7453 646.342 652.9387 659.6945 667.0754 674.4564 681.8374 689.2184 692.5325 693.8133 695.0941 696.3748 697.1663 694.6964 692.2265 689.7566 687.2867 682.0944 675.0428 667.9914 660.9399 653.8795 646.6753 639.471 632.2668 625.0625 618.3691 612.1439 605.9187 599.6935 593.4683 589.8859 586.3423 582.7988 579.2552 578.3716 580.7486 583.1255 585.5024 587.8794 589.782 591.6396 593.4971 595.3546 596.6001 596.8334 597.0667 597.2999 597.5332 597.3901 597.1756 596.9611 596.7466 596.4971
614.782 615.7507 616.7194 617.6881 618.9558 621.0103 623.0647 625.1191 627.1735 632.4256 638.8063 645.187 651.5677 658.1569 665.5648 672.9728 680.3807 687.7888 691.2883 692.8336 694.379 695.9243 696.8846 693.9449 691.0052 688.0656 685.1259 679.605 672.3213 665.0377 657.754 650.4836 643.4305 636.3775 629.3244 622.2714 615.9799 610.3865 604.793 599.1996 593.6061 590.8524 588.1404 585.4283 582.7164 582.1476 584.2059 586.2643 588.3226 590.381 591.8763 593.3181 594.7598 596.2015 597.1432 597.2577 597.3722 597.4866 597.6011 597.1849 596.668 596.1512 595.6343 594.9921
614.215 615.1189 616.0228 616.9268 618.1624 620.2708 622.3792 624.4876 626.5961 631.7026 637.8673 644.032 650.1967 656.6191 664.0541 671.4891 678.9241 686.3591 690.044 691.8539 693.6638 695.4738 696.6029 693.1934 689.7839 686.3745 682.965 677.1155 669.5996 662.0838 654.5679 647.0876 640.1857 633.2839 626.382 619.4801 613.5906 608.6289 603.6672 598.7056 593.7439 591.8188 589.9384 588.058 586.1776 585.9236 587.6634 589.4031 591.1429 592.8827 593.9707 594.9966 596.0226 597.0486 597.6863 597.682 597.6777 597.6734 597.6691 596.9797 596.1605 595.3412 594.5219 593.4869
613.648 614.4871 615.3263 616.1654 617.3689 619.5314 621.6938 623.8562 626.0186 630.9796 636.9283 642.8771 648.8257 655.0815 662.5435 670.0054 677.4674 684.9294 688.7997 690.8742 692.9487 695.0233 696.3212 692.4419 688.5627 684.6835 680.8043 674.6261 666.8781 659.13 651.382 643.6917 636.941 630.1903 623.4396 616.689 611.2014 606.8715 602.5415 598.2116 593.8817 592.7853 591.7364 590.6876 589.6387 589.6995 591.1207 592.5419 593.9631 595.3843 596.065 596.6752 597.2853 597.8956 598.2294 598.1063 597.9832 597.8601 597.737 596.7745 595.6529 594.5313 593.4096 591.9818
613.0811 613.8553 614.6297 615.4041 616.5754 618.7919 621.0083 623.2247 625.4412 630.2566 635.9893 641.722 647.4548 653.5438 661.0328 668.5217 676.0107 683.4997 687.5554 689.8945 692.2336 694.5727 696.0394 691.6904 687.3414 682.9924 678.6434 672.1367 664.1564 656.1761 648.1959 640.2957 633.6962 627.0967 620.4972 613.8977 608.812 605.1139 601.4158 597.7177 594.0195 593.7518 593.5345 593.3172 593.0999 593.4756 594.5782 595.6808 596.7834 597.886 598.1594 598.3538 598.5482 598.7426 598.7725 598.5306 598.2888 598.0469 597.805 596.5694 595.1453 593.7213 592.2972 590.4767
612.071 612.652 613.233 613.814 614.7277 616.517 618.3063 620.0956 621.8849 626.2822 631.5998 636.9175 642.2352 648.1688 656.5225 664.8763 673.2301 681.5839 686.0545 688.5835 691.1125 693.6415 695.2245 690.5012 685.7778 681.0544 676.331 669.458 661.1169 652.776 644.435 636.2152 629.966 623.7168 617.4676 611.2184 606.6514 603.6265 600.6016 597.5767 594.5518 594.5493 594.5911 594.633 594.6749 595.0875 595.9545 596.8215 597.6884 598.5554 598.7051 598.7865 598.8679 598.9493 598.9063 598.6576 598.4089 598.1602 597.9115 595.9918 593.7552 591.5187 589.2821 586.4147
610.9274 611.2761 611.6249 611.9737 612.5615 613.7785 614.9954 616.2123 617.4293 621.326 626.1685 631.0109 635.8535 641.6352 651.1066 660.5781 670.0497 679.5212 684.476 687.1724 689.8688 692.5651 694.2487 689.1797 684.1107 679.0417 673.9728 666.7221 657.9815 649.241 640.5004 631.928 626.0892 620.2503 614.4115 608.5726 604.5598 602.2206 599.8815 597.5424 595.2032 595.2958 595.424 595.5523 595.6806 596.0461 596.7025 597.3589 598.0153 598.6717 598.7834 598.8431 598.903 598.9628 598.9164 598.6948 598.4731 598.2513 598.0297 595.3018 592.0987 588.8956 585.6925 581.5808
609.7837 609.9003 610.0168 610.1335 610.3954 611.04 611.6846 612.3292 612.9738 616.37 620.7373 625.1046 629.4719 635.1017 645.6909 656.2801 666.8693 677.4586 682.8975 685.7613 688.6251 691.4888 693.2728 687.8583 682.4438 677.0292 671.6147 663.9863 654.8462 645.7061 636.5659 627.6409 622.2125 616.784 611.3555 605.9271 602.4682 600.8148 599.1614 597.508 595.8546 596.0422 596.2569 596.4716 596.6862 597.0048 597.4506 597.8964 598.3422 598.788 598.8616 598.8998 598.938 598.9762 598.9266 598.7319 598.5372 598.3425 598.1478 594.6119 590.4423 586.2726 582.103 576.7471
608.64 608.5244 608.4088 608.2932 608.2293 608.3015 608.3737 608.446 608.5182 611.4138 615.306 619.1981 623.0903 628.5681 640.2749 651.9819 663.6889 675.3959 681.319 684.3502 687.3813 690.4125 692.297 686.5369 680.7767 675.0166 669.2565 661.2505 651.7107 642.1711 632.6313 623.3537 618.3356 613.3175 608.2994 603.2813 600.3765 599.4089 598.4413 597.4737 596.506 596.7887 597.0898 597.3908 597.6919 597.9634 598.1986 598.4338 598.6691 598.9043 598.9399 598.9565 598.9731 598.9897 598.9368 598.7691 598.6014 598.4337 598.266 593.9219 588.7857 583.6495 578.5133 571.9131
607.554 607.2562 606.9586 606.6609 606.3427 605.9702 605.5978 605.2253 604.8529 607.3387 610.8334 614.3279 617.8226 623.134 635.583 648.0321 660.4812 672.9303 678.9962 681.8704 684.7447 687.619 689.3275 683.2643 677.2012 671.1381 665.075 656.9556 647.4319 637.9084 628.3848 619.1517 614.6404 610.1291 605.6177 601.1064 598.7346 598.3237 597.9128 597.502 597.0911 597.4313 597.7824 598.1335 598.4847 598.71 598.7809 598.8519 598.9229 598.9938 599.0068 599.0143 599.0219 599.0294 598.9391 598.687 598.4348 598.1826 597.9305 592.75 586.6348 580.5195 574.4043 566.7203
606.659 606.3451 606.0313 605.7173 605.3814 604.9874 604.5933 604.1993 603.8053 606.1817 609.5359 612.8901 616.2443 621.342 633.2888 645.2357 657.1827 669.1296 674.2073 675.8504 677.4936 679.1367 679.7535 673.5284 667.3033 661.0781 654.853 647.4957 639.3652 631.2348 623.1043 615.2314 611.5463 607.8612 604.176 600.4909 598.5817 598.3004 598.0192 597.7379 597.4567 597.7295 598.0104 598.2914 598.5723 598.7541 598.8143 598.8744 598.9346 598.9948 599.0364 599.0764 599.1163 599.1562 598.9151 598.2094 597.5037 596.798 596.0922 589.9816 582.8458 575.71 568.5742 560.3381
605.764 605.434 605.1039 604.7738 604.4202 604.0046 603.5889 603.1733 602.7577 605.0247 608.2385 611.4523 614.6661 619.55 630.9947 642.4395 653.8842 665.329 669.4186 669.8306 670.2427 670.6547 670.1799 663.7928 657.4057 651.0186 644.6315 638.0362 631.2988 624.5614 617.824 611.3114 608.4524 605.5934 602.7344 599.8753 598.4288 598.2772 598.1255 597.9739 597.8222 598.0277 598.2385 598.4492 598.66 598.7982 598.8476 598.897 598.9464 598.9957 599.066 599.1383 599.2106 599.283 598.8912 597.7319 596.5726 595.4133 594.2541 587.2133 579.057 570.9007 562.7444 553.9561
604.8691 604.5228 604.1766 603.8303 603.459 603.0217 602.5845 602.1473 601.7101 603.8677 606.9411 610.0145 613.088 617.7581 628.7005 639.6431 650.5857 661.5283 664.6298 663.8107 662.9915 662.1724 660.606 654.0569 647.5078 640.9586 634.4095 628.5763 623.232 617.8878 612.5435 607.3912 605.3583 603.3254 601.2926 599.2598 598.276 598.254 598.2319 598.2098 598.1877 598.3259 598.4665 598.6071 598.7476 598.8423 598.8809 598.9195 598.9581 598.9966 599.0956 599.2003 599.305 599.4097 598.8672 597.2543 595.6415 594.0287 592.4158 584.4449 575.268 566.0912 556.9143 547.5739
603.9742 603.6117 603.2493 602.8868 602.4977 602.0389 601.5801 601.1213 600.6625 602.7107 605.6437 608.5767 611.5098 615.9661 626.4064 636.8469 647.2873 657.7277 659.8411 657.7908 655.7407 653.6905 651.0323 644.3212 637.6102 630.899 624.1879 619.1168 615.1656 611.2144 607.2632 603.4711 602.2643 601.0577 599.851 598.6442 598.1232 598.2307 598.3382 598.4457 598.5532 598.6241 598.6945 598.7649 598.8353 598.8865 598.9142 598.942 598.9698 598.9976 599.1252 599.2623 599.3994 599.5364 598.8433 596.7769 594.7104 592.644 590.5776 581.6766 571.4792 561.2818 551.0845 541.1918
603.3501 602.9902 602.6303 602.2704 601.9063 601.5311 601.1558 600.7806 600.4053 602.4715 605.3994 608.3272 611.2551 615.437 624.545 633.6531 642.7613 651.8694 653.1261 650.4571 647.788 645.119 642.0094 635.9627 629.916 623.8693 617.8225 613.5787 610.5661 607.5535 604.5409 601.6567 600.8592 600.0616 599.2642 598.4666 598.158 598.2974 598.4368 598.5763 598.7157 598.7697 598.8225 598.8752 598.928 598.9698 598.998 599.0262 599.0545 599.0828 599.0993 599.1148 599.1303 599.1458 598.0912 595.267 592.4428 589.6186 586.7944 577.9471 567.9575 557.9679 547.9783 538.7446
602.8445 602.4954 602.1463 601.7972 601.4766 601.231 600.9853 600.7396 600.494 602.6339 605.6157 608.5976 611.5795 615.4603 622.8729 630.2855 637.6981 645.1107 645.5682 642.5482 639.5281 636.5081 633.2271 628.2064 623.1856 618.1649 613.144 609.7562 607.4833 605.2105 602.9377 600.7635 600.1928 599.6221 599.0513 598.4806 598.2748 598.4034 598.5321 598.6607 598.7894 598.8486 598.9067 598.9648 599.023 599.0702 599.1038 599.1375 599.1711 599.2047 599.0493 598.8757 598.7022 598.5287 597.0207 593.3055 589.5903 585.8751 582.1599 573.797 564.5526 555.3082 546.0637 538.019
602.3389 602.0005 601.6623 601.324 601.0469 600.9308 600.8148 600.6987 600.5826 602.7963 605.8321 608.868 611.9038 615.4837 621.2007 626.9178 632.635 638.3521 638.0104 634.6395 631.2684 627.8975 624.4451 620.4503 616.4554 612.4606 608.4658 605.9337 604.4007 602.8676 601.3345 599.8704 599.5265 599.1825 598.8386 598.4946 598.3916 598.5095 598.6273 598.7452 598.863 598.9274 598.9909 599.0545 599.118 599.1706 599.2096 599.2487 599.2877 599.3267 598.9991 598.6367 598.2742 597.9117 595.9501 591.344 586.7379 582.1318 577.5256 569.647 561.1478 552.6485 544.1492 537.2933
601.8332 601.5057 601.1782 600.8508 600.6172 600.6307 600.6442 600.6578 600.6713 602.9586 606.0485 609.1384 612.2282 615.5071 619.5286 623.5502 627.5717 631.5933 630.4525 626.7305 623.0085 619.2865 615.6628 612.6939 609.725 606.7562 603.7874 602.1112 601.3179 600.5246 599.7313 598.9772 598.8601 598.7429 598.6258 598.5086 598.5084 598.6155 598.7225 598.8296 598.9366 599.0062 599.0751 599.1441 599.213 599.271 599.3154 599.3599 599.4043 599.4487 598.9491 598.3976 597.8461 597.2946 594.8796 589.3824 583.8854 578.3883 572.8912 565.4969 557.7429 549.9888 542.2347 536.5676
601.3546 601.0421 600.7297 600.4174 600.2235 600.3417 600.4598 600.578 600.6962 602.9839 606.0374 609.0909 612.1443 615.0845 617.5792 620.074 622.5688 625.0636 623.2975 619.401 615.5045 611.608 607.9546 605.9221 603.8896 601.8572 599.8248 598.9001 598.7322 598.5641 598.3961 598.2421 598.3156 598.389 598.4625 598.536 598.6245 598.7268 598.8291 598.9314 599.0336 599.0872 599.14 599.1929 599.2457 599.2867 599.3134 599.34 599.3665 599.3931 598.7202 597.9805 597.241 596.5013 593.7501 587.6719 581.5938 575.5156 569.4374 562.8049 556.067 549.3292 542.5914 538.2689
601.0178 600.7432 600.4686 600.194 600.0201 600.1113 600.2025 600.2936 600.3848 602.2863 604.8268 607.3673 609.9078 612.3098 614.1674 616.025 617.8826 619.7402 618.2657 615.1252 611.9846 608.8441 605.9086 604.3406 602.7725 601.2044 599.6363 598.913 598.7666 598.6202 598.4738 598.3401 598.4136 598.4871 598.5605 598.634 598.7366 598.8658 598.9952 599.1245 599.2537 599.1799 599.1032 599.0264 598.9496 598.8563 598.7424 598.6287 598.5149 598.4011 597.5483 596.6251 595.7018 594.7787 592.3098 587.2845 582.2593 577.2341 572.2089 567.8003 563.5086 559.2169 554.9251 552.7676
600.6811 600.4443 600.2075 599.9706 599.8168 599.8809 599.9451 600.0093 600.0734 601.5887 603.6163 605.6439 607.6714 609.5352 610.7556 611.9761 613.1966 614.4171 613.2341 610.8495 608.4649 606.0803 603.8628 602.759 601.6553 600.5516 599.4479 598.9258 598.801 598.6762 598.5514 598.438 598.5115 598.585 598.6585 598.732 598.8486 599.0049 599.1612 599.3175 599.4738 599.2726 599.0663 598.86 598.6536 598.4258 598.1716 597.9174 597.6632 597.4091 596.3764 595.2697 594.1628 593.056 590.8695 586.8972 582.9249 578.9526 574.9803 572.7957 570.9499 569.1041 567.2584 567.2659
