data/zism_data/00578_04_D.txt
ncols         224
nrows         224
[rows 0 to 27 of 224, columns 126 to 188 of 224]
1575.566 1581.949 1588.332 1592.138 1593.172 1594.206 1595.24 1596.274 1596.312 1596.264 1596.215 1596.167 1595.057 1592.039 1589.022 1586.005 1582.988 1573.773 1562.966 1552.16 1541.353 1531.62 1525.411 1519.202 1512.992 1506.783 1504.855 1505.022 1505.188 1505.355 1505.571 1506.19 1506.808 1507.427 1508.045 1508.298 1508.25 1508.202 1508.153 1508.105 1507.889 1507.67 1507.451 1507.232 1506.952 1506.586 1506.221 1505.855 1505.49 1504.964 1504.412 1503.86 1503.308 1502.328 1500.343 1498.358 1496.373 1494.387 1489.17 1482.801 1476.432 1470.063 1463.639
1574.91 1581.164 1587.417 1591.003 1591.72 1592.437 1593.154 1593.87 1593.854 1593.773 1593.692 1593.612 1592.673 1590.194 1587.714 1585.234 1582.755 1574.416 1564.572 1554.728 1544.884 1535.855 1529.5 1523.146 1516.792 1510.437 1508.166 1507.891 1507.617 1507.342 1507.149 1507.611 1508.074 1508.536 1508.999 1509.164 1509.083 1509.003 1508.922 1508.841 1508.577 1508.31 1508.042 1507.775 1507.467 1507.101 1506.736 1506.371 1506.005 1505.47 1504.907 1504.345 1503.782 1502.918 1501.347 1499.776 1498.205 1496.634 1492.489 1487.427 1482.364 1477.302 1471.991
1574.254 1580.378 1586.503 1589.869 1590.269 1590.668 1591.068 1591.467 1591.395 1591.282 1591.169 1591.057 1590.289 1588.348 1586.406 1584.464 1582.522 1575.059 1566.178 1557.296 1548.415 1540.089 1533.59 1527.09 1520.591 1514.091 1511.476 1510.76 1510.045 1509.33 1508.726 1509.033 1509.339 1509.646 1509.953 1510.029 1509.917 1509.804 1509.691 1509.578 1509.265 1508.95 1508.634 1508.318 1507.982 1507.617 1507.251 1506.886 1506.521 1505.976 1505.402 1504.829 1504.256 1503.508 1502.351 1501.194 1500.037 1498.88 1495.807 1492.052 1488.296 1484.54 1480.343
1573.597 1579.593 1585.588 1588.735 1588.817 1588.899 1588.982 1589.064 1588.937 1588.792 1588.646 1588.501 1587.906 1586.502 1585.098 1583.694 1582.29 1575.702 1567.783 1559.865 1551.946 1544.324 1537.679 1531.035 1524.39 1517.745 1514.786 1513.63 1512.473 1511.317 1510.304 1510.454 1510.605 1510.756 1510.906 1510.895 1510.75 1510.604 1510.459 1510.314 1509.953 1509.589 1509.225 1508.862 1508.497 1508.132 1507.766 1507.401 1507.036 1506.482 1505.898 1505.313 1504.729 1504.098 1503.355 1502.612 1501.87 1501.127 1499.126 1496.677 1494.228 1491.779 1488.696
1566.145 1571.588 1577.032 1579.468 1578.669 1577.87 1577.071 1576.272 1576.102 1575.987 1575.872 1575.758 1575.561 1575.217 1574.873 1574.529 1574.185 1568.8 1562.12 1555.441 1548.761 1542.297 1536.541 1530.785 1525.029 1519.273 1516.552 1515.314 1514.078 1512.84 1511.738 1511.733 1511.728 1511.722 1511.717 1511.615 1511.432 1511.249 1511.067 1510.884 1510.501 1510.114 1509.728 1509.342 1508.943 1508.525 1508.107 1507.69 1507.272 1506.72 1506.146 1505.572 1504.998 1504.381 1503.666 1502.951 1502.236 1501.521 1499.86 1497.861 1495.863 1493.864 1491.309
1558.49 1563.368 1568.247 1569.958 1568.261 1566.564 1564.867 1563.17 1562.958 1562.875 1562.792 1562.71 1562.918 1563.65 1564.382 1565.113 1565.845 1561.672 1556.24 1550.808 1545.376 1540.083 1535.247 1530.41 1525.574 1520.737 1518.271 1516.964 1515.657 1514.35 1513.169 1513.007 1512.846 1512.685 1512.524 1512.33 1512.11 1511.889 1511.669 1511.449 1511.044 1510.636 1510.228 1509.82 1509.386 1508.915 1508.443 1507.972 1507.501 1506.95 1506.387 1505.823 1505.26 1504.656 1503.957 1503.258 1502.559 1501.861 1500.517 1498.943 1497.369 1495.795 1493.75
1550.835 1555.149 1559.463 1560.448 1557.853 1555.258 1552.663 1550.068 1549.813 1549.763 1549.713 1549.662 1550.276 1552.084 1553.891 1555.698 1557.505 1554.545 1550.36 1546.176 1541.991 1537.869 1533.952 1530.035 1526.118 1522.201 1519.99 1518.613 1517.237 1515.86 1514.599 1514.282 1513.964 1513.647 1513.33 1513.045 1512.787 1512.529 1512.271 1512.014 1511.587 1511.157 1510.728 1510.299 1509.829 1509.304 1508.779 1508.254 1507.729 1507.18 1506.628 1506.075 1505.522 1504.931 1504.248 1503.565 1502.883 1502.2 1501.173 1500.024 1498.875 1497.726 1496.192
1543.18 1546.929 1550.678 1550.939 1547.445 1543.952 1540.459 1536.966 1536.669 1536.651 1536.633 1536.615 1537.634 1540.517 1543.399 1546.282 1549.165 1547.417 1544.48 1541.543 1538.606 1535.655 1532.658 1529.661 1526.663 1523.666 1521.71 1520.263 1518.816 1517.369 1516.029 1515.556 1515.083 1514.61 1514.137 1513.761 1513.465 1513.17 1512.874 1512.578 1512.13 1511.679 1511.228 1510.777 1510.272 1509.694 1509.115 1508.536 1507.957 1507.41 1506.868 1506.327 1505.785 1505.206 1504.539 1503.872 1503.206 1502.539 1501.83 1501.106 1500.382 1499.657 1498.634
1534.391 1537.483 1540.575 1540.299 1536.4 1532.501 1528.602 1524.703 1524.722 1525.083 1525.444 1525.805 1527.344 1530.998 1534.652 1538.306 1541.96 1541.215 1539.341 1537.466 1535.591 1533.614 1531.301 1528.988 1526.675 1524.361 1522.633 1521.19 1519.747 1518.304 1516.957 1516.389 1515.822 1515.255 1514.688 1514.247 1513.911 1513.576 1513.24 1512.905 1512.441 1511.976 1511.511 1511.046 1510.517 1509.901 1509.285 1508.669 1508.053 1507.502 1506.961 1506.421 1505.88 1505.307 1504.656 1504.006 1503.355 1502.705 1502.189 1501.721 1501.253 1500.784 1500.09
1524.172 1526.49 1528.807 1528.234 1524.55 1520.866 1517.182 1513.498 1514.286 1515.465 1516.643 1517.822 1520.024 1524.066 1528.107 1532.148 1536.189 1536.182 1535.136 1534.089 1533.043 1531.791 1529.865 1527.939 1526.013 1524.087 1522.55 1521.204 1519.858 1518.512 1517.249 1516.666 1516.083 1515.499 1514.916 1514.444 1514.066 1513.687 1513.308 1512.93 1512.461 1511.99 1511.52 1511.049 1510.51 1509.878 1509.246 1508.614 1507.982 1507.419 1506.868 1506.316 1505.765 1505.189 1504.555 1503.92 1503.286 1502.651 1502.171 1501.746 1501.321 1500.896 1500.304
1513.953 1515.497 1517.04 1516.168 1512.699 1509.23 1505.762 1502.293 1503.85 1505.846 1507.842 1509.838 1512.704 1517.133 1521.561 1525.99 1530.418 1531.149 1530.931 1530.713 1530.494 1529.968 1528.429 1526.89 1525.351 1523.813 1522.468 1521.219 1519.969 1518.72 1517.542 1516.942 1516.343 1515.743 1515.144 1514.642 1514.22 1513.798 1513.377 1512.955 1512.48 1512.004 1511.528 1511.052 1510.503 1509.855 1509.207 1508.558 1507.91 1507.336 1506.774 1506.212 1505.65 1505.071 1504.453 1503.835 1503.216 1502.598 1502.154 1501.772 1501.39 1501.008 1500.517
1503.735 1504.503 1505.272 1504.103 1500.849 1497.595 1494.341 1491.088 1493.414 1496.227 1499.041 1501.854 1505.384 1510.2 1515.016 1519.831 1524.647 1526.116 1526.726 1527.336 1527.946 1528.144 1526.993 1525.841 1524.69 1523.538 1522.386 1521.234 1520.081 1518.928 1517.835 1517.219 1516.603 1515.988 1515.372 1514.839 1514.374 1513.91 1513.445 1512.98 1512.499 1512.018 1511.536 1511.055 1510.496 1509.832 1509.168 1508.503 1507.839 1507.253 1506.68 1506.108 1505.535 1504.953 1504.351 1503.749 1503.147 1502.545 1502.137 1501.798 1501.459 1501.12 1500.73
1493.516 1493.51 1493.504 1492.037 1488.999 1485.96 1482.922 1479.883 1482.978 1486.609 1490.24 1493.871 1498.064 1503.267 1508.47 1513.673 1518.876 1521.083 1522.521 1523.959 1525.397 1526.321 1525.557 1524.792 1524.028 1523.264 1522.304 1521.248 1520.192 1519.137 1518.127 1517.495 1516.864 1516.232 1515.6 1515.036 1514.528 1514.021 1513.513 1513.005 1512.518 1512.032 1511.545 1511.058 1510.49 1509.809 1509.128 1508.448 1507.767 1507.17 1506.587 1506.003 1505.42 1504.835 1504.249 1503.663 1503.078 1502.491 1502.119 1501.823 1501.527 1501.231 1500.943
1484.727 1484.153 1483.579 1482.099 1479.644 1477.188 1474.733 1472.278 1476.276 1480.837 1485.398 1489.959 1494.764 1500.005 1505.247 1510.488 1515.73 1518.1 1519.733 1521.366 1522.999 1524.103 1523.476 1522.848 1522.221 1521.593 1520.737 1519.768 1518.799 1517.83 1516.912 1516.407 1515.901 1515.396 1514.89 1514.397 1513.915 1513.433 1512.951 1512.469 1512.007 1511.544 1511.081 1510.619 1510.072 1509.409 1508.747 1508.085 1507.422 1506.84 1506.27 1505.7 1505.13 1504.552 1503.953 1503.353 1502.754 1502.155 1501.804 1501.541 1501.278 1501.015 1500.768
1476.074 1474.952 1473.829 1472.363 1470.526 1468.689 1466.852 1465.015 1469.928 1475.431 1480.933 1486.435 1491.846 1497.093 1502.34 1507.587 1512.834 1515.312 1517.08 1518.847 1520.614 1521.848 1521.334 1520.819 1520.304 1519.79 1519.028 1518.145 1517.263 1516.38 1515.554 1515.188 1514.822 1514.457 1514.091 1513.679 1513.229 1512.78 1512.33 1511.88 1511.444 1511.009 1510.573 1510.137 1509.615 1508.974 1508.333 1507.692 1507.052 1506.486 1505.932 1505.378 1504.825 1504.253 1503.637 1503.022 1502.406 1501.791 1501.459 1501.229 1500.998 1500.768 1500.555
1467.422 1465.751 1464.08 1462.627 1461.408 1460.19 1458.971 1457.753 1463.581 1470.024 1476.468 1482.911 1488.929 1494.181 1499.433 1504.686 1509.938 1512.524 1514.426 1516.328 1518.229 1519.593 1519.191 1518.79 1518.388 1517.986 1517.319 1516.523 1515.726 1514.929 1514.195 1513.969 1513.743 1513.517 1513.292 1512.961 1512.543 1512.126 1511.708 1511.291 1510.882 1510.473 1510.064 1509.656 1509.158 1508.538 1507.919 1507.3 1506.681 1506.132 1505.594 1505.057 1504.519 1503.953 1503.322 1502.69 1502.059 1501.427 1501.115 1500.917 1500.719 1500.52 1500.343
1458.77 1456.55 1454.33 1452.891 1452.291 1451.691 1451.091 1450.491 1457.234 1464.619 1472.003 1479.387 1486.011 1491.269 1496.527 1501.784 1507.042 1509.737 1511.773 1513.809 1515.845 1517.338 1517.049 1516.76 1516.472 1516.183 1515.611 1514.9 1514.19 1513.479 1512.837 1512.751 1512.665 1512.578 1512.492 1512.242 1511.857 1511.472 1511.087 1510.702 1510.32 1509.938 1509.556 1509.174 1508.701 1508.103 1507.505 1506.907 1506.31 1505.778 1505.256 1504.735 1504.213 1503.654 1503.007 1502.359 1501.711 1501.063 1500.771 1500.605 1500.439 1500.273 1500.131
1450.95 1448.285 1445.62 1444.118 1443.865 1443.613 1443.361 1443.109 1450.485 1458.528 1466.57 1474.613 1481.713 1487.121 1492.529 1497.936 1503.344 1506.207 1508.417 1510.627 1512.837 1514.491 1514.321 1514.151 1513.982 1513.812 1513.398 1512.864 1512.331 1511.797 1511.328 1511.384 1511.439 1511.495 1511.551 1511.4 1511.078 1510.756 1510.434 1510.112 1509.766 1509.419 1509.072 1508.725 1508.283 1507.711 1507.139 1506.567 1505.995 1505.471 1504.956 1504.44 1503.924 1503.369 1502.722 1502.075 1501.427 1500.78 1500.511 1500.378 1500.244 1500.11 1500.0
1444.466 1441.521 1438.577 1436.888 1436.55 1436.211 1435.873 1435.535 1443.093 1451.339 1459.586 1467.833 1475.201 1480.991 1486.78 1492.57 1498.359 1501.489 1503.935 1506.382 1508.828 1510.694 1510.653 1510.612 1510.572 1510.531 1510.376 1510.165 1509.954 1509.743 1509.577 1509.778 1509.979 1510.18 1510.381 1510.358 1510.149 1509.94 1509.73 1509.521 1509.224 1508.926 1508.628 1508.329 1507.929 1507.389 1506.849 1506.309 1505.769 1505.241 1504.715 1504.188 1503.662 1503.108 1502.487 1501.867 1501.246 1500.626 1500.388 1500.287 1500.185 1500.084 1500.0
1437.982 1434.758 1431.534 1429.658 1429.234 1428.81 1428.386 1427.961 1435.7 1444.151 1452.603 1461.054 1468.69 1474.861 1481.032 1487.204 1493.375 1496.771 1499.454 1502.137 1504.82 1506.897 1506.985 1507.074 1507.162 1507.251 1507.355 1507.466 1507.578 1507.69 1507.827 1508.173 1508.519 1508.865 1509.211 1509.315 1509.219 1509.123 1509.027 1508.931 1508.683 1508.433 1508.183 1507.933 1507.574 1507.067 1506.559 1506.052 1505.544 1505.011 1504.474 1503.937 1503.4 1502.846 1502.252 1501.659 1501.065 1500.472 1500.265 1500.195 1500.126 1500.057 1500.0
1431.498 1427.994 1424.49 1422.429 1421.918 1421.408 1420.898 1420.388 1428.307 1436.963 1445.618 1454.274 1462.178 1468.731 1475.284 1481.837 1488.39 1492.053 1494.972 1497.892 1500.811 1503.1 1503.317 1503.535 1503.752 1503.97 1504.333 1504.767 1505.202 1505.636 1506.076 1506.568 1507.059 1507.55 1508.042 1508.273 1508.29 1508.307 1508.324 1508.341 1508.142 1507.941 1507.739 1507.538 1507.22 1506.745 1506.269 1505.794 1505.319 1504.781 1504.233 1503.685 1503.137 1502.584 1502.017 1501.451 1500.884 1500.317 1500.141 1500.104 1500.067 1500.031 1500.0
1425.014 1421.23 1417.447 1415.199 1414.603 1414.006 1413.41 1412.814 1420.914 1429.774 1438.634 1447.494 1455.666 1462.601 1469.536 1476.471 1483.406 1487.334 1490.49 1493.647 1496.803 1499.303 1499.649 1499.996 1500.343 1500.689 1501.311 1502.068 1502.825 1503.582 1504.326 1504.963 1505.599 1506.236 1506.872 1507.231 1507.361 1507.491 1507.62 1507.75 1507.601 1507.448 1507.295 1507.142 1506.866 1506.423 1505.98 1505.536 1505.094 1504.551 1503.992 1503.434 1502.875 1502.322 1501.782 1501.243 1500.703 1500.163 1500.018 1500.013 1500.009 1500.004 1500.0
1421.47 1418.055 1414.641 1412.624 1412.112 1411.6 1411.088 1410.575 1418.304 1426.752 1435.2 1443.649 1451.47 1458.166 1464.862 1471.558 1478.254 1481.934 1484.84 1487.745 1490.65 1492.974 1493.39 1493.806 1494.222 1494.638 1495.774 1497.263 1498.752 1500.241 1501.681 1502.72 1503.759 1504.798 1505.838 1506.418 1506.619 1506.821 1507.022 1507.223 1507.109 1506.991 1506.872 1506.754 1506.511 1506.101 1505.69 1505.279 1504.868 1504.36 1503.837 1503.314 1502.79 1502.273 1501.769 1501.266 1500.762 1500.258 1500.105 1500.078 1500.05 1500.023 1500.0
1418.425 1415.489 1412.553 1410.839 1410.439 1410.04 1409.641 1409.241 1416.504 1424.436 1432.368 1440.3 1447.667 1454.019 1460.37 1466.722 1473.074 1476.419 1478.991 1481.563 1484.134 1486.217 1486.692 1487.167 1487.642 1488.117 1489.811 1492.101 1494.391 1496.682 1498.884 1500.369 1501.855 1503.34 1504.826 1505.644 1505.91 1506.175 1506.441 1506.707 1506.626 1506.54 1506.453 1506.367 1506.157 1505.779 1505.4 1505.021 1504.643 1504.177 1503.696 1503.216 1502.736 1502.26 1501.793 1501.328 1500.861 1500.396 1500.229 1500.169 1500.109 1500.049 1500.0
1415.379 1412.922 1410.464 1409.053 1408.766 1408.48 1408.194 1407.907 1414.705 1422.12 1429.536 1436.951 1443.863 1449.871 1455.879 1461.886 1467.894 1470.903 1473.141 1475.38 1477.618 1479.459 1479.993 1480.527 1481.061 1481.596 1483.847 1486.939 1490.03 1493.122 1496.087 1498.018 1499.95 1501.882 1503.814 1504.869 1505.2 1505.53 1505.86 1506.191 1506.142 1506.089 1506.034 1505.98 1505.803 1505.456 1505.11 1504.764 1504.418 1503.993 1503.556 1503.118 1502.681 1502.246 1501.818 1501.39 1500.961 1500.533 1500.352 1500.26 1500.168 1500.076 1500.0
1412.334 1410.355 1408.376 1407.267 1407.094 1406.92 1406.747 1406.573 1412.905 1419.804 1426.703 1433.603 1440.06 1445.724 1451.387 1457.051 1462.714 1465.387 1467.292 1469.197 1471.102 1472.701 1473.294 1473.888 1474.481 1475.074 1477.884 1481.777 1485.67 1489.563 1493.29 1495.668 1498.046 1500.424 1502.803 1504.095 1504.49 1504.885 1505.28 1505.675 1505.659 1505.637 1505.616 1505.594 1505.448 1505.134 1504.82 1504.506 1504.192 1503.809 1503.415 1503.021 1502.626 1502.233 1501.842 1501.452 1501.061 1500.67 1500.476 1500.351 1500.227 1500.103 1500.0
1409.589 1408.052 1406.515 1405.693 1405.639 1405.586 1405.532 1405.479 1411.342 1417.722 1424.101 1430.481 1436.477 1441.786 1447.095 1452.404 1457.712 1460.013 1461.541 1463.068 1464.596 1465.909 1466.518 1467.127 1467.735 1468.344 1471.706 1476.414 1481.122 1485.831 1490.339 1493.219 1496.1 1498.981 1501.862 1503.411 1503.86 1504.309 1504.758 1505.207 1505.218 1505.224 1505.229 1505.234 1505.116 1504.829 1504.542 1504.255 1503.968 1503.627 1503.277 1502.928 1502.578 1502.226 1501.865 1501.505 1501.145 1500.785 1500.579 1500.428 1500.276 1500.125 1500.0
1407.466 1406.295 1405.124 1404.556 1404.637 1404.718 1404.798 1404.879 1410.268 1416.121 1421.974 1427.826 1433.35 1438.282 1443.214 1448.147 1453.079 1454.93 1455.99 1457.05 1458.11 1459.047 1459.58 1460.114 1460.647 1461.181 1465.084 1470.637 1476.19 1481.742 1487.07 1490.569 1494.068 1497.568 1501.067 1502.913 1503.395 1503.876 1504.357 1504.838 1504.866 1504.888 1504.909 1504.931 1504.828 1504.557 1504.286 1504.016 1503.745 1503.448 1503.147 1502.846 1502.544 1502.23 1501.886 1501.542 1501.199 1500.855 1500.641 1500.473 1500.306 1500.138 1500.0
