data/zism_data/00579_03_D.txt
ncols         224
nrows         224
[rows 196 to 223 of 224, columns 63 to 125 of 224]
439.9427 444.828 449.7133 454.5986 459.4839 464.4756 469.4995 474.5233 479.5472 485.374 493.8604 502.3468 510.8332 519.3196 528.6773 538.4161 548.155 557.8938 566.7729 571.1193 575.4657 579.8121 584.1584 586.8225 588.4694 590.1161 591.763 593.0425 590.4648 587.8873 585.3097 582.7321 578.7289 573.5629 568.3969 563.2308 557.9648 545.9131 533.8611 521.8092 509.7572 494.9076 477.0059 459.1042 441.2025 423.3008 416.0745 409.5052 402.9359 396.3666 391.7489 389.9887 388.2285 386.4683 384.7081 386.0934 387.9506 389.8077 391.6649 393.2367 394.2375 395.2383 396.2391
449.5066 455.1533 460.7999 466.4466 472.0932 477.3901 482.5814 487.7726 492.9639 498.8178 506.8668 514.9158 522.9649 531.0139 538.9388 546.8093 554.6799 562.5504 569.7111 573.1287 576.5464 579.9641 583.3817 586.0861 588.3593 590.6325 592.9056 594.8495 593.3357 591.8218 590.308 588.7941 585.9112 581.9114 577.9117 573.912 569.7755 556.3414 542.9071 529.4728 516.0386 499.4012 479.2694 459.1377 439.0059 418.8741 410.4504 402.7472 395.044 387.3408 381.9923 380.0917 378.1911 376.2905 374.3899 376.6678 379.5725 382.4772 385.3819 387.7654 389.1064 390.4474 391.7884
462.5785 468.5592 474.5399 480.5207 486.5014 491.666 496.5842 501.5024 506.4207 511.683 518.0851 524.4872 530.8893 537.2915 543.1639 548.8046 554.4453 560.0861 565.2711 568.0536 570.8362 573.6188 576.4012 579.4725 582.7182 585.964 589.2097 592.155 591.9459 591.7369 591.5278 591.3187 589.0875 585.2067 581.3259 577.4451 573.4071 558.685 543.9626 529.2402 514.5178 496.692 475.4806 454.2691 433.0577 411.8462 402.6798 394.2546 385.8294 377.4042 371.6017 369.6396 367.6775 365.7154 363.7533 366.4615 369.8704 373.2792 376.688 379.4589 380.9538 382.4488 383.9437
480.7869 486.4761 492.1652 497.8544 503.5435 507.9354 511.9357 515.9359 519.9362 523.7009 526.685 529.6691 532.6533 535.6374 538.5501 541.4316 544.313 547.1945 550.0275 552.6048 555.1822 557.7595 560.3369 564.2527 568.978 573.7033 578.4286 582.8689 584.3175 585.7661 587.2147 588.6633 586.3978 581.1022 575.8068 570.5112 565.0624 549.1901 533.3176 517.4451 501.5726 483.4359 462.8293 442.2226 421.6159 401.0092 391.7659 383.2219 374.6779 366.1339 360.2828 358.3747 356.4666 354.5585 352.6504 355.1121 358.2293 361.3466 364.4638 367.0007 368.3769 369.753 371.1291
498.9954 504.3929 509.7905 515.188 520.5856 524.2048 527.2872 530.3694 533.4518 535.7188 535.2849 534.8511 534.4172 533.9833 533.9363 534.0585 534.1807 534.3029 534.7838 537.156 539.5281 541.9003 544.2725 549.033 555.2379 561.4426 567.6474 573.5828 576.6891 579.7953 582.9017 586.008 583.7081 576.9978 570.2876 563.5774 556.7176 539.6953 522.6726 505.65 488.6273 470.1798 450.1779 430.176 410.1741 390.1722 380.8521 372.1893 363.5265 354.8637 348.9639 347.1097 345.2556 343.4016 341.5474 343.7626 346.5883 349.414 352.2397 354.5425 355.7999 357.0572 358.3145
517.2038 522.3098 527.4158 532.5218 537.6277 540.4742 542.6386 544.803 546.9674 547.7368 543.8848 540.033 536.1811 532.3292 529.3224 526.6854 524.0483 521.4113 519.5402 521.7072 523.8741 526.0411 528.2081 533.8133 541.4976 549.1819 556.8663 564.2966 569.0607 573.8246 578.5886 583.3527 581.0183 572.8934 564.7684 556.6435 548.3729 530.2004 512.0276 493.8549 475.6821 456.9237 437.5266 418.1295 398.7323 379.3351 369.9382 361.1566 352.375 343.5934 337.645 335.8448 334.0447 332.2446 330.4445 332.4132 334.9473 337.4814 340.0154 342.0844 343.2229 344.3615 345.5
535.4123 540.2267 545.0411 549.8555 554.6699 556.7437 557.9901 559.2365 560.483 559.7546 552.4847 545.2148 537.945 530.6751 524.7086 519.3123 513.916 508.5198 504.2966 506.2583 508.2201 510.1819 512.1437 518.5936 527.7574 536.9213 546.0851 555.0105 561.4322 567.8539 574.2756 580.6973 578.3286 568.789 559.2493 549.7097 540.0281 520.7056 501.3827 482.0597 462.7368 443.6676 424.8752 406.0829 387.2905 368.4981 359.0243 350.1239 341.2236 332.3232 326.326 324.5799 322.8338 321.0877 319.3416 321.0638 323.3063 325.5488 327.7913 329.6262 330.6459 331.6657 332.6854
544.632 549.0139 553.3959 557.7778 562.1598 564.0774 565.2511 566.4247 567.5984 566.7021 558.9489 551.1956 543.4423 535.689 528.3093 521.0928 513.8764 506.66 500.6451 500.9649 501.2847 501.6046 501.9244 506.9893 514.9234 522.8575 530.7917 538.5134 544.0057 549.498 554.9902 560.4825 557.486 547.5646 537.6432 527.7219 517.6773 499.2611 480.8447 462.4282 444.0117 426.1201 408.8011 391.4821 374.1631 356.8441 348.5602 340.8322 333.1043 325.3763 320.2026 318.7687 317.3348 315.9009 314.467 315.8294 317.6113 319.3932 321.1751 322.6665 323.5768 324.4872 325.3975
552.5034 556.4318 560.3602 564.2886 568.217 570.0709 571.2986 572.5262 573.7539 572.889 565.0926 557.2961 549.4997 541.7032 533.1421 524.2464 515.3507 506.455 498.7324 497.1947 495.6571 494.1194 492.5818 495.9272 502.2252 508.5232 514.8212 520.9346 525.1094 529.2841 533.4589 537.6336 533.9203 523.7722 513.624 503.4758 493.2253 476.0241 458.8225 441.621 424.4195 407.9287 392.2134 376.4981 360.7828 345.0675 338.1635 331.8016 325.4398 319.078 314.8583 313.7754 312.6925 311.6096 310.5267 311.5123 312.8082 314.1042 315.4001 316.5315 317.3338 318.1362 318.9385
560.3749 563.8497 567.3246 570.7994 574.2742 576.0645 577.3461 578.6277 579.9094 579.076 571.2364 563.3967 555.5571 547.7174 537.9749 527.4 516.825 506.25 496.8196 493.4245 490.0294 486.6343 483.2392 484.8651 489.527 494.1889 498.8508 503.3558 506.213 509.0703 511.9275 514.7847 510.3546 499.9797 489.6047 479.2297 468.7734 452.7871 436.8004 420.8138 404.8272 389.7373 375.6257 361.5141 347.4025 333.2909 327.7667 322.771 317.7753 312.7796 309.5141 308.7822 308.0502 307.3183 306.5864 307.1952 308.0052 308.8151 309.625 310.3965 311.0908 311.7852 312.4796
568.2464 571.2676 574.2889 577.3102 580.3314 582.0579 583.3936 584.7292 586.0649 585.263 577.3801 569.4973 561.6144 553.7316 542.8078 530.5535 518.2992 506.045 494.9069 489.6543 484.4017 479.1491 473.8966 473.803 476.8288 479.8546 482.8804 485.777 487.3167 488.8564 490.3961 491.9359 486.7889 476.1872 465.5854 454.9837 444.3215 429.55 414.7783 400.0067 385.235 371.5459 359.038 346.5301 334.0222 321.5143 317.37 313.7404 310.1107 306.4812 304.1699 303.7889 303.408 303.027 302.6461 302.8781 303.2021 303.526 303.85 304.2614 304.8478 305.4342 306.0205
576.6511 578.7975 580.9441 583.0906 585.2371 586.8064 588.2015 589.5965 590.9916 590.3271 582.8403 575.3534 567.8665 560.3796 548.6022 534.9476 521.293 507.6384 495.0134 487.817 480.6205 473.424 466.2277 464.3438 465.6723 467.0008 468.3293 469.5458 469.5862 469.6266 469.667 469.7074 463.9236 453.3885 442.8533 432.3181 421.7411 408.3141 394.887 381.4598 368.0326 355.8861 345.1367 334.3872 323.6378 312.8884 310.1211 307.845 305.5689 303.2928 301.8654 301.6806 301.4959 301.3111 301.1263 301.06 301.0114 300.9628 300.9142 301.1774 302.0644 302.9513 303.8383
586.1221 586.5515 586.9809 587.4103 587.8397 589.0648 590.5301 591.9953 593.4606 593.1455 586.933 580.7205 574.5079 568.2954 556.3198 541.8228 527.3259 512.8289 499.1584 489.8453 480.5321 471.219 461.906 458.0905 457.5993 457.1081 456.6169 456.0099 454.1874 452.365 450.5425 448.72 442.459 432.5772 422.6955 412.8137 402.9037 391.0805 379.257 367.4336 355.6101 345.2894 336.608 327.9267 319.2453 310.564 309.1679 308.2202 307.2724 306.3246 305.6405 305.3423 305.0442 304.746 304.4478 304.2399 304.0455 303.8511 303.6567 304.1954 306.2001 308.2047 310.2094
595.5931 594.3055 593.0178 591.73 590.4424 591.3232 592.8586 594.3941 595.9296 595.9639 591.0257 586.0875 581.1493 576.2111 564.0374 548.6981 533.3588 518.0195 503.3034 491.8736 480.4438 469.0139 457.5843 451.8372 449.5263 447.2154 444.9045 442.4741 438.7887 435.1033 431.4179 427.7325 420.9945 411.7661 402.5376 393.3092 384.0664 373.8468 363.6271 353.4073 343.1876 334.6927 328.0794 321.4662 314.8529 308.2396 308.2148 308.5953 308.9759 309.3564 309.4155 309.004 308.5924 308.1809 307.7693 307.4198 307.0797 306.7395 306.3993 307.2133 310.3358 313.4582 316.5806
605.0642 602.0594 599.0546 596.0498 593.045 593.5816 595.1873 596.7929 598.3986 598.7823 595.1185 591.4546 587.7907 584.1268 571.7549 555.5733 539.3917 523.21 507.4484 493.9019 480.3554 466.8089 453.2626 445.5839 441.4533 437.3227 433.1921 428.9382 423.3899 417.8416 412.2934 406.7451 399.5299 390.9548 382.3798 373.8047 365.2291 356.6132 347.9972 339.3811 330.7651 324.096 319.5508 315.0056 310.4604 305.9153 307.2616 308.9705 310.6793 312.3882 313.1906 312.6656 312.1407 311.6158 311.0908 310.5998 310.1138 309.6278 309.1419 310.2313 314.4714 318.7116 322.9517
614.5352 609.8133 605.0914 600.3695 595.6476 595.84 597.5158 599.1917 600.8675 601.6007 599.2111 596.8216 594.4321 592.0425 579.4725 562.4485 545.4244 528.4005 511.5934 495.9302 480.2671 464.6039 448.9409 439.3307 433.3804 427.4301 421.4798 415.4025 407.9913 400.5801 393.169 385.7578 378.0655 370.1438 362.2221 354.3004 346.3919 339.3797 332.3674 325.355 318.3427 313.4994 311.0223 308.5451 306.068 303.5909 306.3084 309.3456 312.3828 315.42 316.9656 316.3273 315.689 315.0506 314.4123 313.7797 313.1479 312.5162 311.8844 313.2492 318.6071 323.965 329.3228
624.7396 619.2346 613.7296 608.2245 602.7195 602.1164 602.993 603.8696 604.7463 604.7987 602.1212 599.4435 596.7659 594.0883 581.9345 565.6348 549.3352 533.0355 516.8553 501.305 485.7546 470.2043 454.6542 444.116 436.6086 429.1011 421.5937 413.8978 404.2235 394.5492 384.8748 375.2005 366.626 358.9488 351.2716 343.5944 335.9469 330.3232 324.6994 319.0756 313.4518 310.1634 309.423 308.6825 307.9421 307.2016 311.5712 316.2552 320.9392 325.6232 327.9966 326.9866 325.9767 324.9667 323.9567 323.4445 323.007 322.5695 322.1319 323.6545 329.0971 334.5397 339.9824
635.1306 629.0802 623.0298 616.9794 610.9291 609.4156 609.2717 609.1277 608.9838 608.0934 604.73 601.3667 598.0033 594.64 583.0587 567.8822 552.7057 537.5292 522.4015 507.5315 492.6615 477.7916 462.9218 451.7113 442.7135 433.7158 424.718 415.4557 403.4164 391.377 379.3376 367.2982 357.7385 350.2016 342.6648 335.128 327.6382 323.3482 319.0581 314.768 310.4779 308.6757 309.5876 310.4994 311.4113 312.3231 318.4162 324.8281 331.24 337.6519 340.8745 339.4272 337.9798 336.5325 335.0851 334.76 334.6033 334.4466 334.2899 335.9402 341.2046 346.4691 351.7335
645.5216 638.9258 632.3301 625.7344 619.1386 616.7148 615.5503 614.3859 613.2214 611.3881 607.3389 603.2898 599.2407 595.1916 584.183 570.1296 556.0762 542.0228 527.9477 513.7581 499.5685 485.3788 471.1895 459.3066 448.8185 438.3304 427.8423 417.0137 402.6092 388.2048 373.8003 359.3959 348.8509 341.4545 334.058 326.6616 319.3295 316.3732 313.4168 310.4605 307.5041 307.188 309.7521 312.3163 314.8805 317.4446 325.2612 333.401 341.5408 349.6806 353.7524 351.8677 349.983 348.0983 346.2136 346.0756 346.1996 346.3237 346.4478 348.2259 353.3121 358.3983 363.4846
655.9127 648.7715 641.6304 634.4893 627.3481 624.014 621.829 619.644 617.459 614.6827 609.9479 605.213 600.4781 595.7432 585.3072 572.377 559.4467 546.5165 533.4939 519.9847 506.4754 492.9661 479.4571 466.9019 454.9234 442.945 430.9666 418.5716 401.8021 385.0326 368.2631 351.4935 339.9633 332.7073 325.4512 318.1952 311.0208 309.3982 307.7756 306.1529 304.5303 305.7003 309.9167 314.1332 318.3496 322.5661 332.1062 341.9739 351.8416 361.7093 366.6304 364.3083 361.9862 359.6641 357.342 357.3911 357.796 358.2008 358.6057 360.5116 365.4196 370.3277 375.2357
661.5853 654.2891 646.9927 639.6964 632.4001 628.5068 625.6407 622.7747 619.9086 616.5358 611.4843 606.4326 601.381 596.3295 586.6911 575.046 563.4009 551.7557 539.8702 526.7173 513.5645 500.4116 487.2589 473.8057 460.1707 446.5358 432.9008 418.8325 400.2135 381.5945 362.9754 344.3564 332.1812 325.2628 318.3443 311.4258 304.6007 304.1203 303.6398 303.1593 302.6788 305.2342 311.1016 316.9689 322.8363 328.7036 339.256 350.0965 360.9371 371.7777 377.1714 374.5894 372.0074 369.4254 366.8434 367.0869 367.7542 368.4215 369.0889 371.0479 375.5904 380.1329 384.6754
653.8895 647.5436 641.1976 634.8516 628.5057 625.0484 622.4631 619.8779 617.2925 614.3044 609.9818 605.6592 601.3365 597.0139 588.8107 578.9096 569.0086 559.1075 548.5986 534.8842 521.1697 507.4552 493.741 478.7503 462.9879 447.2255 431.4631 415.4185 396.4107 377.4029 358.3951 339.3873 327.5311 321.509 315.4869 309.4648 303.5317 303.6506 303.7694 303.8883 304.0072 307.663 315.1772 322.6915 330.2057 337.72 347.269 356.9433 366.6175 376.2918 381.091 378.752 376.4131 374.074 371.735 372.1933 373.0712 373.9491 374.827 376.6277 380.2738 383.92 387.5662
646.1938 640.7982 635.4025 630.0069 624.6113 621.59 619.2855 616.981 614.6765 612.0731 608.4794 604.8857 601.292 597.6983 590.9302 582.7733 574.6163 566.4593 557.3268 543.0508 528.7748 514.4988 500.2231 483.695 465.8051 447.9153 430.0254 412.0045 392.608 373.2114 353.8148 334.4183 322.881 317.7552 312.6295 307.5037 302.4626 303.1809 303.8991 304.6174 305.3356 310.0917 319.2528 328.414 337.5751 346.7362 355.282 363.7899 372.2979 380.8058 385.0107 382.9146 380.8187 378.7226 376.6266 377.2997 378.3882 379.4767 380.5651 382.2074 384.9572 387.7071 390.4569
638.4979 634.0527 629.6074 625.1621 620.7168 618.1316 616.1078 614.0842 612.0604 609.8417 606.9769 604.1122 601.2474 598.3828 593.0497 586.6368 580.224 573.8112 566.0552 551.2176 536.3801 521.5425 506.7052 488.6397 468.6223 448.605 428.5877 408.5905 388.8052 369.0199 349.2345 329.4492 318.2309 314.0015 309.7721 305.5426 301.3936 302.7112 304.0288 305.3464 306.664 312.5204 323.3285 334.1365 344.9445 355.7525 363.2951 370.6367 377.9783 385.3199 388.9303 387.0773 385.2243 383.3712 381.5182 382.4061 383.7052 385.0042 386.3033 387.7872 389.6407 391.4942 393.3477
630.8021 627.3072 623.8123 620.3173 616.8223 614.6732 612.9302 611.1873 609.4443 607.6103 605.4745 603.3387 601.2029 599.0671 595.1693 590.5005 585.8317 581.163 574.7835 559.3844 543.9852 528.5861 513.1873 493.5844 471.4396 449.2948 427.15 405.1765 385.0024 364.8283 344.6542 324.4801 313.5808 310.2477 306.9146 303.5815 300.3246 302.2415 304.1585 306.0754 307.9924 314.9492 327.4041 339.859 352.3139 364.7689 371.3082 377.4835 383.6588 389.834 392.85 391.24 389.6299 388.0199 386.4098 387.5125 389.0222 390.5318 392.0415 393.3669 394.3241 395.2813 396.2384
613.8131 610.885 607.957 605.0289 602.1009 601.2936 601.1266 600.9596 600.7925 600.505 599.8181 599.1312 598.4444 597.7575 594.7654 590.7647 586.764 582.7633 576.8116 560.5731 544.3346 528.0961 511.8578 491.0274 467.4203 443.8132 420.2061 396.9862 377.8319 358.6776 339.5234 320.3691 310.3354 307.7422 305.1489 302.5557 300.0421 302.9418 305.8416 308.7414 311.6411 319.3407 332.2765 345.2123 358.1481 371.0839 376.4676 381.3866 386.3055 391.2245 393.645 392.407 391.1691 389.9312 388.6932 389.8405 391.3455 392.8505 394.3555 395.5578 396.1547 396.7516 397.3484
593.2926 590.7858 588.2789 585.772 583.2651 584.1441 586.0452 587.9462 589.8472 591.5476 592.5833 593.6189 594.6545 595.6901 593.4025 589.661 585.9196 582.178 576.2935 559.11 541.9266 524.7432 507.56 485.6197 460.8031 435.9865 411.1698 386.9808 369.3816 351.7825 334.1833 316.5842 307.6239 305.711 303.7981 301.8852 300.0584 304.0867 308.115 312.1433 316.1716 324.4781 337.4517 350.4253 363.3989 376.3725 380.5426 384.1711 387.7995 391.4279 393.2525 392.4357 391.619 390.8022 389.9855 391.1125 392.5311 393.9498 395.3684 396.4609 396.9012 397.3414 397.7817
572.7722 570.6865 568.6008 566.5151 564.4294 566.9945 570.9637 574.9327 578.9019 582.5902 585.3484 588.1065 590.8646 593.6228 592.0397 588.5574 585.0751 581.5928 575.7755 557.6471 539.5187 521.3903 503.2622 480.2121 454.1859 428.1598 402.1336 376.9754 360.9313 344.8873 328.8433 312.7992 304.9123 303.6797 302.4472 301.2147 300.0748 305.2316 310.3884 315.5453 320.7021 329.6155 342.6269 355.6383 368.6497 381.661 384.6177 386.9556 389.2935 391.6314 392.86 392.4645 392.0689 391.6733 391.2777 392.3846 393.7168 395.049 396.3813 397.364 397.6477 397.9313 398.215
