data/zism_data/00574_04_D.txt
ncols         224
nrows         224
[rows 84 to 111 of 224, columns 64 to 127 of 224]
920.8129 928.3547 935.8967 948.1573 960.6329 973.1079 985.5834 993.4715 995.0329 996.5943 998.1556 999.717 999.8782 999.8558 999.8333 999.8109 999.4749 998.5509 997.627 996.7031 995.7792 987.4979 977.509 967.5197 957.5308 948.5479 942.2125 935.8774 929.5421 923.2069 920.3866 918.8069 917.2273 915.6477 913.7991 910.894 907.9889 905.0838 902.1786 901.3405 901.5356 901.7308 901.9261 903.0521 910.3828 917.7138 925.0446 932.3755 940.7864 949.9354 959.0839 968.2328 976.5696 971.713 966.8565 962.0001 957.1434 950.3492 941.7785 933.2081 924.6374 916.067 907.939 899.8179
919.7818 926.4366 933.0917 945.493 958.1559 970.8183 983.4811 991.6563 993.6421 995.6279 997.6137 999.5995 999.8094 999.7863 999.7632 999.7401 999.1293 997.4164 995.7037 993.9908 992.2781 983.2002 972.4128 961.6252 950.8379 941.3138 935.1143 928.915 922.7155 916.5161 913.8607 912.4562 911.0517 909.6472 908.1725 906.4223 904.6721 902.9218 901.1716 900.8697 901.292 901.7144 902.1366 903.5573 911.6333 919.7096 927.7856 935.8618 944.8332 954.4164 963.9992 973.5824 982.36 978.0527 973.7455 969.4383 965.131 958.8064 950.6321 942.4583 934.284 926.1101 917.9063 909.7022
921.5046 927.4597 933.415 945.2607 957.3746 969.4881 981.602 989.633 992.0333 994.4335 996.8337 999.2341 999.4539 999.3877 999.3215 999.2554 998.1728 995.1843 992.196 989.2075 986.2192 976.6257 965.4993 954.3724 943.246 933.7267 928.4369 923.1472 917.8573 912.5676 910.4081 909.3535 908.2988 907.2441 906.1368 904.8226 903.5082 902.194 900.8798 900.7914 901.316 901.8406 902.3651 903.9267 912.401 920.8755 929.3498 937.8244 947.0181 956.7036 966.3887 976.0741 985.012 981.8081 978.6044 975.4006 972.1967 967.0261 960.0521 953.0784 946.1044 939.1307 930.6313 922.1097
923.2275 928.4828 933.7383 945.0286 956.5934 968.1579 979.7228 987.6097 990.4245 993.2391 996.0538 998.8686 999.0983 998.9891 998.8799 998.7706 997.2163 992.9522 988.6882 984.4241 980.1601 970.051 958.5855 947.1196 935.6541 926.1395 921.7593 917.3793 912.9991 908.619 906.9554 906.2506 905.5458 904.8411 904.101 903.2228 902.3445 901.4662 900.5879 900.7131 901.3399 901.9668 902.5936 904.2961 913.1687 922.0416 930.9141 939.787 949.2031 958.9908 968.7781 978.5658 987.664 985.5637 983.4633 981.363 979.2626 975.2458 969.4722 963.6987 957.925 952.1516 943.3566 934.5175
924.9503 929.5059 934.0616 944.7963 955.8122 966.8277 977.8436 985.5865 988.8157 992.0448 995.2739 998.5031 998.7428 998.5905 998.4382 998.2859 996.2598 990.72 985.1804 979.6406 974.1011 963.4764 951.6718 939.8667 928.062 918.5522 915.0817 911.6113 908.1408 904.6704 903.5027 903.1478 902.7928 902.4379 902.0652 901.623 901.1807 900.7384 900.2961 900.6348 901.3639 902.093 902.8221 904.6655 913.9363 923.2075 932.4784 941.7496 951.3881 961.278 971.1676 981.0576 990.3161 989.3192 988.3223 987.3254 986.3284 983.4657 978.8923 974.319 969.7457 965.1724 956.0819 946.9253
926.6732 930.529 934.3849 944.5641 955.0309 965.4975 975.9644 983.5632 987.2068 990.8504 994.494 998.1376 998.3873 998.192 997.9966 997.8012 995.3033 988.4879 981.6727 974.8572 968.042 956.9018 944.758 932.6138 920.47 910.965 908.4041 905.8434 903.2826 900.7219 900.05 900.045 900.0399 900.0349 900.0295 900.0232 900.0168 900.0106 900.0042 900.5564 901.3878 902.2192 903.0507 905.0349 914.704 924.3735 934.0427 943.7122 953.5731 963.5652 973.5571 983.5493 992.9681 993.0746 993.1812 993.2878 993.3943 991.6855 988.3124 984.9394 981.5663 978.1933 968.8073 959.3331
935.4324 938.7953 942.1584 950.5835 959.2389 967.894 976.5494 983.0428 986.5545 990.0662 993.5778 997.0895 997.1921 996.8475 996.503 996.1585 993.1639 985.2001 977.2366 969.2728 961.3093 950.8054 939.7123 928.6188 917.5256 908.9111 906.8197 904.7283 902.637 900.5456 900.0 900.0 900.0 900.0 900.0 900.0 900.0 900.0 900.0 900.4987 901.2467 901.9948 902.7427 904.5251 913.2029 921.8809 930.5586 939.2366 948.4597 958.0555 967.6509 977.2468 986.3276 987.0443 987.7609 988.4776 989.1943 987.9911 985.0279 982.0648 979.1016 976.1385 966.5657 956.896
944.2952 947.1683 950.0415 956.6949 963.5203 970.3454 977.1708 982.5445 985.9163 989.288 992.6596 996.0314 995.9845 995.4892 994.994 994.4987 991.0071 981.8969 972.7869 963.6766 954.5667 944.7161 934.694 924.6716 914.6495 906.9387 905.3102 903.6818 902.0533 900.4248 900.0 900.0 900.0 900.0 900.0 900.0 900.0 900.0 900.0 900.4413 901.1031 901.7651 902.4269 904.0024 911.6683 919.3344 927.0002 934.6663 943.2389 952.431 961.6228 970.8149 979.5504 980.8699 982.1895 983.5089 984.8285 984.1214 981.5565 978.9917 976.4268 973.8621 964.1041 954.2405
953.158 955.5413 957.9246 962.8063 967.8016 972.7968 977.7922 982.0461 985.278 988.5097 991.7415 994.9733 994.7769 994.1309 993.4849 992.8389 988.8503 978.5936 968.3372 958.0804 947.8241 938.6268 929.6758 920.7245 911.7734 904.9662 903.8006 902.6351 901.4695 900.3041 900.0 900.0 900.0 900.0 900.0 900.0 900.0 900.0 900.0 900.3839 900.9596 901.5353 902.1111 903.4797 910.1337 916.7879 923.4418 930.096 938.0181 946.8065 955.5947 964.3831 972.7732 974.6956 976.6179 978.5403 980.4627 980.2518 978.0851 975.9186 973.7521 971.5856 961.6424 951.5851
962.0207 963.9142 965.8077 968.9177 972.083 975.2482 978.4135 981.5479 984.6397 987.7315 990.8233 993.9152 993.5693 992.7726 991.9759 991.1791 986.6934 975.2902 963.8875 952.4843 941.0815 932.5375 924.6576 916.7773 908.8973 902.9937 902.2911 901.5885 900.8859 900.1833 900.0 900.0 900.0 900.0 900.0 900.0 900.0 900.0 900.0 900.3264 900.816 901.3057 901.7953 902.957 908.5991 914.2414 919.8835 925.5258 932.7974 941.1821 949.5665 957.9512 965.996 968.5212 971.0464 973.5717 976.0969 976.3821 974.6138 972.8456 971.0773 969.3091 959.1807 948.9297
969.8281 971.3067 972.7853 974.6326 976.4968 978.3609 980.2251 982.4598 985.2058 987.9517 990.6976 993.4436 992.914 991.9549 990.9958 990.0366 985.3441 973.651 961.9583 950.2652 938.5725 930.4861 923.2373 915.9882 908.7394 903.2916 902.5839 901.8761 901.1684 900.4606 900.2933 900.3167 900.3401 900.3635 900.4672 900.886 901.3049 901.7238 902.1428 902.4 902.5765 902.753 902.9295 903.6235 907.7669 911.9105 916.054 920.1976 926.1693 933.3896 940.6099 947.8303 954.7579 956.9312 959.1044 961.2776 963.4509 963.5826 961.8428 960.1032 958.3635 956.6238 947.4257 938.1183
976.2635 977.4245 978.5856 979.8322 981.0828 982.3333 983.5839 985.2051 987.3375 989.4698 991.6021 993.7345 992.9768 991.84 990.7033 989.5665 985.0446 974.175 963.3058 952.4362 941.567 933.6838 926.4942 919.3043 912.1147 906.5409 905.2195 903.8982 902.5768 901.2555 900.9678 901.0451 901.1223 901.1996 901.5416 902.924 904.3063 905.6885 907.0709 907.2438 906.8121 906.3804 905.9486 905.8356 907.8478 909.8599 911.872 913.8842 917.7117 922.7792 927.8466 932.9141 937.7213 938.3012 938.8812 939.4612 940.0411 939.175 936.9832 934.7914 932.5996 930.4079 923.5901 916.7047
982.699 983.5425 984.3859 985.0319 985.6688 986.3058 986.9428 987.9504 989.4692 990.9879 992.5067 994.0255 993.0396 991.7252 990.4108 989.0964 984.7451 974.699 964.6533 954.6072 944.5615 936.8816 929.7512 922.6205 915.4901 909.7903 907.8553 905.9203 903.9853 902.0504 901.6425 901.7735 901.9046 902.0356 902.6161 904.9619 907.3076 909.6533 911.9991 912.0877 911.0477 910.0078 908.9678 908.0479 907.9286 907.8093 907.6901 907.5707 909.2542 912.1686 915.0831 917.9976 920.6843 919.671 918.6577 917.6443 916.631 914.767 912.1231 909.4792 906.8353 904.1915 899.7542 895.2906
989.1346 989.6604 990.1863 990.2315 990.2549 990.2783 990.3017 990.6957 991.6008 992.506 993.4112 994.3163 993.1023 991.6103 990.1183 988.6263 984.4456 975.223 966.0008 956.7783 947.556 940.0793 933.0081 925.9367 918.8655 913.0396 910.491 907.9424 905.3938 902.8452 902.317 902.5019 902.6868 902.8717 903.6906 906.9998 910.309 913.6182 916.9274 916.9316 915.2834 913.6351 911.9869 910.2601 908.0095 905.7587 903.5081 901.2573 900.7965 901.558 902.3195 903.0811 903.6473 901.0406 898.4341 895.8276 893.2209 890.3591 887.263 884.1671 881.071 877.9751 875.9182 873.8767
995.5701 995.7784 995.9866 995.4312 994.8409 994.2508 993.6606 993.441 993.7325 994.0241 994.3157 994.6073 993.165 991.4954 989.8258 988.1561 984.146 975.747 967.3483 958.9493 950.5505 943.277 936.2651 929.2529 922.2409 916.289 913.1267 909.9645 906.8022 903.6401 902.9916 903.2303 903.4691 903.7078 904.7651 909.0376 913.3104 917.5829 921.8557 921.7755 919.519 917.2625 915.0061 912.4723 908.0903 903.7081 899.326 894.9438 892.3389 890.9474 889.556 888.1646 886.6104 882.4104 878.2106 874.0108 869.8109 865.951 862.403 858.8549 855.3068 851.7587 852.0823 852.4627
996.8668 996.9907 997.1146 996.5829 996.0215 995.4601 994.8987 994.6559 994.8525 995.0491 995.2458 995.4424 994.1646 992.6932 991.2219 989.7505 986.1528 978.5678 970.9831 963.3981 955.8134 949.2433 942.9091 936.5747 930.2405 924.7654 921.551 918.3367 915.1224 911.9081 911.321 911.6611 912.0013 912.3414 913.5736 918.31 923.0466 927.783 932.5195 931.8649 928.5148 925.1647 921.8146 918.1077 912.0225 905.9371 899.852 893.7666 889.4852 886.4357 883.3862 880.3367 877.1825 872.3267 867.471 862.6154 857.7596 853.8245 850.733 847.6417 844.5504 841.459 843.5478 845.7126
997.4895 997.5596 997.6296 997.2038 996.7554 996.307 995.8586 995.67 995.8398 996.0095 996.1793 996.349 995.2869 994.0631 992.8394 991.6157 988.4622 981.6899 974.9178 968.1456 961.3736 955.5726 949.9974 944.4219 938.8466 933.9274 930.7346 927.5418 924.3489 921.1562 920.6542 921.1021 921.5499 921.9977 923.3965 928.5312 933.6661 938.8008 943.9357 942.6423 938.1349 933.6275 929.1202 924.1921 916.46 908.7275 900.9954 893.2629 887.3666 882.7238 878.0812 873.4384 868.7526 863.3638 857.9753 852.5868 847.1981 843.3086 840.7931 838.2777 835.7622 833.2468 837.0201 840.8857
998.1122 998.1285 998.1447 997.8246 997.4893 997.1539 996.8186 996.6842 996.827 996.9698 997.1127 997.2555 996.4092 995.433 994.4569 993.4808 990.7714 984.812 978.8527 972.8932 966.9339 961.902 957.0856 952.2691 947.4528 943.0894 939.918 936.7468 933.5755 930.4043 929.9875 930.543 931.0984 931.6539 933.2194 938.7524 944.2856 949.8186 955.3518 953.4196 947.7551 942.0903 936.4258 930.2765 920.8973 911.5179 902.1387 892.7593 885.248 879.012 872.7762 866.5402 860.3226 854.401 848.4796 842.5582 836.6366 832.7927 830.8531 828.9136 826.9741 825.0345 830.4924 836.0588
998.735 998.6974 998.6598 998.4455 998.2232 998.0009 997.7786 997.6984 997.8143 997.9302 998.0461 998.162 997.5315 996.803 996.0745 995.3459 993.0807 987.934 982.7875 977.6407 972.4941 968.2314 964.1739 960.1163 956.0588 952.2513 949.1016 945.9519 942.8021 939.6524 939.3209 939.9839 940.6471 941.3102 943.0423 948.9736 954.9052 960.8364 966.7679 964.197 957.3752 950.5531 943.7313 936.3608 925.3347 914.3082 903.2821 892.2556 883.1293 875.3001 867.4711 859.642 851.8927 845.4382 838.9839 832.5296 826.0751 822.2768 820.9131 819.5496 818.1859 816.8223 823.9647 831.232
998.968 999.0076 999.0471 998.9083 998.7613 998.6143 998.4673 998.4248 998.5264 998.628 998.7296 998.8311 998.367 997.8287 997.2903 996.7521 994.8343 990.3298 985.8256 981.3212 976.8169 973.157 969.6934 966.2297 962.7661 959.4532 956.5366 953.6202 950.7037 947.7872 947.3309 947.7428 948.1547 948.5667 950.0942 956.004 961.9139 967.8237 973.7336 970.8039 963.4546 956.105 948.7557 940.8254 929.0243 917.2228 905.4216 893.6201 883.756 875.2145 866.6733 858.1319 849.7022 843.0844 836.4669 829.8493 823.2315 819.5984 818.7014 817.8042 816.907 816.0099 824.0308 832.1825
998.4215 998.8002 999.1788 999.0547 998.9078 998.7608 998.6138 998.5759 998.6882 998.8005 998.9128 999.0252 998.629 998.166 997.7031 997.2401 995.4763 991.2733 987.0704 982.8674 978.6646 975.2756 972.0757 968.8757 965.6758 962.7347 960.4749 958.2151 955.9553 953.6956 952.6943 952.1375 951.5805 951.0236 951.6041 956.6527 961.7015 966.7501 971.7988 969.07 962.4528 955.8352 949.218 942.0506 931.2183 920.3856 909.5533 898.7206 889.8733 882.3814 874.8898 867.3979 859.9903 853.9484 847.9068 841.8652 835.8234 832.595 831.9454 831.2959 830.6464 829.9968 837.2839 844.6876
997.8751 998.5928 999.3106 999.2012 999.0543 998.9073 998.7603 998.7269 998.85 998.9731 999.0961 999.2192 998.8909 998.5033 998.1157 997.7281 996.1183 992.2167 988.3152 984.4136 980.5121 977.394 974.4578 971.5216 968.5854 966.0163 964.4131 962.81 961.2068 959.6037 958.0577 956.532 955.0063 953.4805 953.1141 957.3015 961.489 965.6764 969.864 967.3362 961.4509 955.5654 949.6802 943.2758 933.4122 923.5484 913.6849 903.821 895.9905 889.5482 883.106 876.6637 870.2782 864.8123 859.3466 853.8809 848.415 845.5912 845.1893 844.7874 844.3854 843.9835 850.5369 857.1924
997.3286 998.3854 999.4423 999.3477 999.2007 999.0538 998.9069 998.8779 999.0118 999.1456 999.2795 999.4133 999.1528 998.8406 998.5284 998.2162 996.7604 993.1602 989.5601 985.9599 982.3598 979.5125 976.8401 974.1675 971.4951 969.2979 968.3514 967.405 966.4585 965.512 963.4213 960.9267 958.4321 955.9375 954.624 957.9502 961.2766 964.6028 967.9291 965.6023 960.449 955.2957 950.1424 944.501 935.6063 926.7112 917.8165 908.9215 902.1078 896.715 891.3224 885.9297 880.5663 875.6763 870.7866 865.8968 861.0069 858.5878 858.4334 858.2791 858.1247 857.9703 863.79 869.6974
996.7821 998.1781 999.5741 999.4942 999.3472 999.2003 999.0533 999.0289 999.1735 999.3182 999.4628 999.6074 999.4148 999.1779 998.941 998.7042 997.4023 994.1036 990.8049 987.5062 984.2075 981.631 979.2223 976.8135 974.4048 972.5795 972.2897 971.9999 971.7101 971.4203 968.7847 965.3214 961.8578 958.3945 956.134 958.599 961.0641 963.5291 965.9943 963.8684 959.4472 955.0259 950.6047 945.7261 937.8002 929.8741 921.9482 914.022 908.225 903.8819 899.5389 895.1957 890.8544 886.5404 882.2266 877.9127 873.5988 871.5842 871.6775 871.7708 871.864 871.9572 877.0432 882.2025
993.6976 996.0856 998.4738 998.7029 998.8339 998.965 999.096 999.2231 999.3448 999.4665 999.5881 999.7098 999.5328 999.3165 999.1003 998.884 997.507 993.9536 990.4004 986.847 983.2937 979.3107 975.2281 971.1453 967.0627 963.9478 963.3795 962.8112 962.2429 961.6746 959.1968 956.0451 952.8933 949.7416 947.759 950.3696 952.9803 955.5909 958.2015 957.6036 955.4014 953.1992 950.9969 948.3256 942.5268 936.7278 930.9291 925.1301 920.7524 917.3451 913.9379 910.5306 907.0746 902.8269 898.5793 894.3317 890.084 887.5073 886.4623 885.4172 884.3723 883.3272 886.9412 890.6237
989.9081 993.4695 997.0311 997.651 998.1373 998.6235 999.1099 999.4293 999.5187 999.6081 999.6974 999.7869 999.6108 999.3999 999.189 998.9781 997.4625 993.4999 989.5376 985.5751 981.6128 975.7573 969.4626 963.1677 956.8729 952.0068 950.9002 949.7936 948.687 947.5804 945.4555 942.9713 940.4869 938.0026 936.6383 939.6741 942.71 945.7457 948.7816 950.0801 950.51 950.9399 951.3699 951.3068 947.9569 944.6069 941.2571 937.9071 935.0604 932.5574 930.0544 927.5513 924.9428 920.6197 916.2968 911.9738 907.6507 904.2433 901.675 899.1068 896.5385 893.9703 895.9073 897.9105
986.1187 990.8535 995.5884 996.5992 997.4407 998.2822 999.1237 999.6354 999.6926 999.7496 999.8068 999.8638 999.6888 999.4833 999.2778 999.0723 997.4178 993.0463 988.6749 984.3033 979.9319 972.2039 963.6971 955.19 946.6832 940.0658 938.4209 936.7761 935.1312 933.4863 931.7142 929.8974 928.0804 926.2635 925.5176 928.9785 932.4396 935.9006 939.3616 942.5566 945.6187 948.6807 951.7427 954.2879 953.387 952.486 951.585 950.684 949.3685 947.7696 946.1708 944.572 942.811 938.4125 934.0142 929.6159 925.2174 920.9792 916.8878 912.7964 908.7048 904.6135 904.8734 905.1972
982.3292 988.2374 994.1458 995.5473 996.7441 997.9407 999.1375 999.8416 999.8665 999.8912 999.9161 999.9409 999.7668 999.5667 999.3666 999.1665 997.3732 992.5926 987.8121 983.0315 978.251 968.6506 957.9316 947.2123 936.4933 928.1248 925.9416 923.7585 921.5753 919.3922 917.973 916.8235 915.674 914.5245 914.3969 918.283 922.1693 926.0554 929.9417 935.0332 940.7273 946.4216 952.1157 957.2691 958.8171 960.3651 961.913 963.461 963.6765 962.9819 962.2874 961.5928 960.6791 956.2053 951.7316 947.258 942.7841 937.7152 932.1005 926.4859 920.8712 915.2566 913.8394 912.484
