data/zism_data/00574_01_D.txt
ncols         224
nrows         224
[rows 56 to 83 of 224, columns 63 to 125 of 224]
998.3483 998.4742 998.6001 998.726 998.8519 998.9012 998.9274 998.9537 998.9799 999.0783 999.4161 999.754 1000.092 1000.43 1003.698 1008.249 1012.8 1017.351 1022.341 1029.65 1036.959 1044.268 1051.577 1052.229 1048.856 1045.484 1042.111 1038.647 1034.229 1029.811 1025.393 1020.974 1017.799 1015.638 1013.477 1011.316 1009.131 1005.292 1001.452 997.6132 993.774 989.7048 985.3847 981.0646 976.7446 972.4245 967.1597 961.8369 956.514 951.1911 944.8353 936.9669 929.0986 921.2303 913.3619 910.6547 908.7216 906.7886 904.8555 904.6214 907.785 910.9486 914.1122
998.5582 998.6519 998.7454 998.8391 998.9327 998.9621 998.9722 998.9822 998.9922 999.0895 999.4758 999.8621 1000.248 1000.635 1004.592 1010.112 1015.631 1021.151 1027.162 1035.763 1044.363 1052.964 1061.564 1062.371 1058.466 1054.56 1050.655 1046.672 1041.883 1037.093 1032.303 1027.514 1024.074 1021.735 1019.397 1017.058 1014.695 1010.64 1006.586 1002.531 998.4766 994.1896 989.6488 985.108 980.5673 976.0265 969.5878 963.0324 956.4769 949.9215 942.7917 934.8211 926.8506 918.8799 910.9092 908.2401 906.3663 904.4924 902.6186 901.9252 903.5924 905.2597 906.9269
998.7976 998.865 998.9324 998.9998 999.0672 999.0688 999.0505 999.0323 999.014 999.0886 999.4705 999.8525 1000.234 1000.616 1004.729 1010.473 1016.217 1021.961 1028.326 1037.963 1047.6 1057.237 1066.873 1068.363 1064.927 1061.49 1058.054 1054.471 1049.355 1044.238 1039.122 1034.006 1030.118 1027.233 1024.347 1021.462 1018.556 1014.264 1009.972 1005.68 1001.388 997.0669 992.7151 988.3633 984.0116 979.6599 972.7875 965.7601 958.7327 951.7052 944.2033 936.0067 927.8101 919.6135 911.4168 908.4117 906.1853 903.959 901.7326 900.5217 901.3417 902.1617 902.9817
999.0857 999.1369 999.1882 999.2394 999.2906 999.2513 999.1846 999.1179 999.0512 999.0673 999.3578 999.6483 999.9387 1000.229 1003.613 1008.351 1013.089 1017.826 1023.443 1033.693 1043.944 1054.194 1064.444 1067.49 1066.18 1064.87 1063.56 1061.896 1056.527 1051.158 1045.788 1040.419 1035.78 1031.737 1027.695 1023.652 1019.602 1015.035 1010.469 1005.902 1001.336 997.2861 993.8009 990.3157 986.8306 983.3453 977.2635 971.022 964.7803 958.5388 951.329 942.7017 934.0746 925.4473 916.82 912.8601 909.6003 906.3406 903.0808 901.2563 902.3024 903.3484 904.3945
999.3738 999.4089 999.444 999.4791 999.5142 999.4338 999.3187 999.2036 999.0884 999.0461 999.2451 999.444 999.6429 999.8419 1002.498 1006.229 1009.961 1013.692 1018.56 1029.424 1040.288 1051.152 1062.016 1066.618 1067.434 1068.249 1069.065 1069.321 1063.699 1058.077 1052.454 1046.832 1041.442 1036.242 1031.042 1025.843 1020.648 1015.807 1010.966 1006.125 1001.283 997.5052 994.8866 992.268 989.6494 987.0308 981.7394 976.2836 970.8279 965.3721 958.4545 949.3966 940.3389 931.281 922.2231 917.3084 913.0153 908.7221 904.429 901.9909 903.2631 904.5352 905.8073
999.6618 999.6808 999.6997 999.7187 999.7376 999.6164 999.4528 999.2892 999.1257 999.0249 999.1323 999.2397 999.3472 999.4547 1001.383 1004.107 1006.832 1009.557 1013.677 1025.155 1036.632 1048.109 1059.587 1065.745 1068.687 1071.629 1074.571 1076.746 1070.871 1064.995 1059.12 1053.245 1047.104 1040.747 1034.39 1028.033 1021.694 1016.578 1011.463 1006.347 1001.231 997.7244 995.9724 994.2203 992.4682 990.7161 986.2153 981.5453 976.8754 972.2054 965.58 956.0915 946.6031 937.1146 927.6262 921.7567 916.4302 911.1036 905.7771 902.7255 904.2237 905.7219 907.22
999.9499 999.9527 999.9555 999.9583 999.9611 999.799 999.5869 999.3749 999.1628 999.0037 999.0196 999.0355 999.0515 999.0673 1000.267 1001.986 1003.704 1005.422 1008.794 1020.885 1032.976 1045.067 1057.158 1064.872 1069.94 1075.009 1080.077 1084.172 1078.043 1071.915 1065.786 1059.658 1052.766 1045.252 1037.738 1030.224 1022.74 1017.35 1011.96 1006.57 1001.179 997.9436 997.0581 996.1726 995.2872 994.4017 990.6913 986.8073 982.9231 979.0389 972.7058 962.7866 952.8677 942.9485 933.0294 926.2051 919.8452 913.4853 907.1253 903.4601 905.1843 906.9086 908.6328
998.7444 998.9268 999.1091 999.2914 999.4736 999.4354 999.3306 999.2257 999.1208 999.0383 999.0294 999.0205 999.0116 999.0027 999.8786 1001.142 1002.405 1003.668 1006.488 1017.521 1028.554 1039.587 1050.619 1057.988 1063.141 1068.295 1073.448 1077.582 1071.005 1064.427 1057.85 1051.273 1044.016 1036.202 1028.389 1020.576 1012.812 1008.419 1004.026 999.633 995.24 993.0941 993.3998 993.7054 994.011 994.3167 991.3487 988.1792 985.0097 981.8403 976.2532 967.1263 957.9995 948.8725 939.7455 933.4908 927.6671 921.8432 916.0194 912.8759 915.093 917.31 919.5271
997.2245 997.6275 998.0305 998.4335 998.8365 998.9569 998.992 999.0271 999.0622 999.0846 999.0649 999.0453 999.0256 999.006 999.6427 1000.567 1001.491 1002.414 1004.725 1014.348 1023.97 1033.593 1043.215 1049.838 1054.647 1059.456 1064.265 1068.041 1060.974 1053.907 1046.84 1039.773 1032.23 1024.299 1016.367 1008.435 1000.573 997.4451 994.317 991.189 988.0609 987.1774 988.7426 990.3077 991.8728 993.4379 991.2021 988.7323 986.2626 983.7928 979.0475 970.9702 962.893 954.8157 946.7384 941.3741 936.4169 931.4597 926.5024 924.1196 926.8857 929.6518 932.4178
995.7047 996.3284 996.952 997.5757 998.1993 998.4784 998.6534 998.8285 999.0035 999.131 999.1005 999.0701 999.0397 999.0093 999.4069 999.9916 1000.576 1001.161 1002.962 1011.175 1019.387 1027.599 1035.812 1041.688 1046.153 1050.617 1055.081 1058.5 1050.944 1043.387 1035.831 1028.274 1020.445 1012.395 1004.345 996.295 988.3346 986.4715 984.6083 982.7452 980.8821 981.2609 984.0854 986.91 989.7346 992.5592 991.0555 989.2854 987.5153 985.7452 981.8416 974.8139 967.7864 960.7587 953.731 949.2572 945.1665 941.0758 936.9852 935.363 938.6781 941.9932 945.3082
994.1848 995.0291 995.8735 996.7178 997.5621 997.9999 998.3149 998.6299 998.9449 999.1773 999.1361 999.0949 999.0537 999.0125 999.171 999.4166 999.6624 999.9081 1001.199 1008.001 1014.804 1021.606 1028.408 1033.538 1037.658 1041.778 1045.898 1048.96 1040.913 1032.867 1024.82 1016.774 1008.66 1000.492 992.3231 984.1545 976.0957 975.4976 974.8994 974.3012 973.703 975.3442 979.4282 983.5123 987.5964 991.6804 990.9089 989.8385 988.7681 987.6978 984.6359 978.6578 972.6799 966.7018 960.7238 957.1405 953.9164 950.6923 947.4682 946.6068 950.4709 954.335 958.199
991.434 992.6516 993.8693 995.087 996.3047 997.0412 997.6325 998.2238 998.8151 999.2556 999.1962 999.1368 999.0775 999.0181 998.9969 998.9924 998.988 998.9836 999.8591 1005.374 1010.889 1016.404 1021.919 1026.3 1029.996 1033.691 1037.386 1040.025 1031.565 1023.106 1014.647 1006.188 997.7263 989.2629 980.7996 972.3362 964.0005 964.3397 964.6788 965.018 965.3572 968.1031 973.4749 978.8466 984.2182 989.5899 989.6484 989.3801 989.1116 988.8433 986.6832 981.7533 976.8234 971.8936 966.9636 964.2834 961.9407 959.598 957.2552 957.1659 961.5834 966.0009 970.4184
985.4436 987.4364 989.4291 991.4219 993.4147 994.8188 996.0453 997.2717 998.4982 999.4177 999.3207 999.2236 999.1266 999.0295 998.9857 998.9651 998.9445 998.9239 999.6322 1004.184 1008.736 1013.287 1017.839 1021.461 1024.521 1027.581 1030.641 1032.681 1024.012 1015.343 1006.674 998.0049 989.0311 979.8088 970.5865 961.3642 952.2817 952.6962 953.1107 953.5253 953.9398 957.3764 964.1099 970.8433 977.5768 984.3102 985.4567 986.2595 987.0622 987.8649 986.7651 982.8795 978.9939 975.1082 971.2226 969.4789 968.0565 966.6342 965.2118 965.9244 970.907 975.8897 980.8723
979.4534 982.2213 984.9891 987.757 990.5248 992.5966 994.4581 996.3196 998.1812 999.5799 999.4451 999.3104 999.1757 999.041 998.9744 998.9377 998.9009 998.8642 999.4054 1002.994 1006.582 1010.17 1013.758 1016.622 1019.047 1021.471 1023.896 1025.338 1016.459 1007.58 998.7014 989.8223 980.3363 970.355 960.3738 950.3926 940.5632 941.0532 941.543 942.033 942.5229 946.65 954.7452 962.8404 970.9356 979.0308 981.2652 983.139 985.0128 986.8867 986.847 984.0056 981.1642 978.3228 975.4814 974.6742 974.1722 973.6702 973.1681 974.6827 980.2305 985.7782 991.3259
973.4633 977.0062 980.5491 984.092 987.635 990.3743 992.871 995.3676 997.8643 999.7421 999.5696 999.3973 999.2249 999.0525 998.9632 998.9103 998.8574 998.8046 999.1786 1001.803 1004.428 1007.053 1009.678 1011.782 1013.572 1015.362 1017.152 1017.995 1008.907 999.8176 990.7287 981.6397 971.6414 960.9013 950.1612 939.421 928.8448 929.4101 929.9754 930.5406 931.1059 935.9236 945.3806 954.8375 964.2944 973.7513 977.0737 980.0186 982.9635 985.9084 986.9289 985.1317 983.3345 981.5374 979.7402 979.8695 980.2878 980.7061 981.1245 983.4409 989.5538 995.6667 1001.78
967.473 971.791 976.109 980.427 984.745 988.1519 991.2837 994.4155 997.5473 999.9042 999.6942 999.4841 999.274 999.064 998.952 998.8829 998.8139 998.7449 998.9517 1000.613 1002.274 1003.936 1005.597 1006.943 1008.097 1009.252 1010.407 1010.652 1001.353 992.0546 982.7557 973.4568 962.9463 951.4472 939.9482 928.4491 917.126 917.7667 918.4073 919.0479 919.6885 925.1969 936.0156 946.8343 957.653 968.4716 972.882 976.898 980.9141 984.9301 987.0108 986.2579 985.505 984.7521 983.9991 985.065 986.4037 987.7424 989.0811 992.1995 998.8775 1005.555 1012.234
962.0281 966.7039 971.3796 976.0554 980.7311 984.7058 988.4688 992.2318 995.9948 998.8885 998.902 998.9156 998.9292 998.9428 998.8632 998.743 998.6227 998.5024 998.6127 999.9386 1001.264 1002.59 1003.916 1005.046 1006.057 1007.068 1008.079 1008.224 999.2808 990.3375 981.3943 972.451 961.7682 949.6663 937.5643 925.4623 913.5415 913.9338 914.326 914.7183 915.1105 920.8402 932.3927 943.9452 955.4976 967.0501 972.0381 976.6221 981.2061 985.79 988.1841 987.3715 986.559 985.7465 984.934 985.8597 987.0462 988.2327 989.4192 992.8157 1000.632 1008.449 1016.265
956.7903 961.6652 966.5401 971.415 976.29 980.7946 985.1873 989.58 993.9728 997.425 997.7616 998.0981 998.4347 998.7712 998.7451 998.5602 998.3753 998.1904 998.231 999.46 1000.689 1001.918 1003.147 1004.267 1005.321 1006.375 1007.429 1007.663 999.2906 990.9179 982.5452 974.1725 963.4466 950.801 938.1554 925.5098 913.0479 913.0687 913.0895 913.1104 913.1312 918.904 930.9517 942.9993 955.047 967.0947 972.4662 977.427 982.3878 987.3486 989.7721 988.4805 987.1889 985.8973 984.6057 984.9822 985.6089 986.2357 986.8624 990.3378 999.5107 1008.683 1017.856
951.5527 956.6267 961.7008 966.7749 971.8489 976.8834 981.9059 986.9283 991.9508 995.9616 996.6212 997.2806 997.9402 998.5997 998.6269 998.3774 998.1279 997.8785 997.8493 998.9814 1000.114 1001.246 1002.378 1003.488 1004.585 1005.682 1006.779 1007.103 999.3004 991.4982 983.696 975.8938 965.1249 951.9357 938.7465 925.5573 912.5543 912.2037 911.8531 911.5026 911.152 916.9678 929.5106 942.0535 954.5963 967.1392 972.8944 978.2319 983.5695 988.907 991.36 989.5894 987.8188 986.0482 984.2775 984.1048 984.1718 984.2387 984.3057 987.86 998.3892 1008.918 1019.448
946.3148 951.5881 956.8613 962.1345 967.4078 972.9721 978.6244 984.2766 989.9288 994.4982 995.4807 996.4631 997.4456 998.4281 998.5087 998.1946 997.8806 997.5665 997.4676 998.5029 999.5381 1000.573 1001.609 1002.709 1003.849 1004.99 1006.13 1006.542 999.3102 992.0786 984.8469 977.6152 966.8032 953.0704 939.3376 925.6047 912.0606 911.3386 910.6166 909.8947 909.1727 915.0315 928.0696 941.1076 954.1456 967.1837 973.3226 979.0369 984.7512 990.4656 992.9481 990.6984 988.4487 986.199 983.9492 983.2273 982.7345 982.2417 981.7489 985.3822 997.2677 1009.153 1021.039
942.6756 947.7914 952.9071 958.0229 963.1386 969.0704 975.2484 981.4264 987.6044 992.6637 994.0169 995.3701 996.7233 998.0765 998.2581 997.9272 997.5963 997.2654 997.1512 998.1794 999.2076 1000.236 1001.264 1002.408 1003.621 1004.834 1006.047 1006.563 999.7629 992.9623 986.1616 979.361 968.6134 954.6459 940.6783 926.7108 912.9293 911.7872 910.6451 909.5031 908.361 914.1225 927.4152 940.7078 954.0005 967.2932 973.6209 979.5201 985.4193 991.3185 993.6758 990.8469 988.0181 985.1891 982.3602 981.0613 979.9919 978.9225 977.8531 981.4249 994.2793 1007.134 1019.988
946.6291 949.8932 953.1574 956.4216 959.6857 965.2129 971.4233 977.6335 983.8438 989.0664 991.0171 992.9678 994.9185 996.8691 997.3787 997.2577 997.1367 997.0157 997.1449 998.593 1000.041 1001.489 1002.937 1004.373 1005.801 1007.23 1008.658 1009.351 1002.319 995.2871 988.2551 981.223 971.0503 958.3154 945.5804 932.8455 920.2692 918.4759 916.6826 914.8892 913.0958 918.0927 930.4973 942.9018 955.3063 967.7109 973.3026 978.4752 983.6478 988.8203 990.3177 986.4338 982.5499 978.6659 974.782 972.7745 971.0484 969.3224 967.5964 970.4398 982.4222 994.4045 1006.387
950.5824 951.9951 953.4077 954.8203 956.233 961.3556 967.5982 973.8407 980.0833 985.4692 988.0174 990.5656 993.1137 995.6619 996.4993 996.5882 996.6771 996.7661 997.1385 999.0064 1000.874 1002.742 1004.61 1006.338 1007.982 1009.626 1011.269 1012.139 1004.875 997.6118 990.3484 983.085 973.487 961.9847 950.4823 938.98 927.609 925.1644 922.7197 920.2751 917.8304 922.0628 933.5792 945.0956 956.6121 968.1285 972.9844 977.4303 981.8763 986.3222 986.9597 982.0208 977.0819 972.1429 967.204 964.4879 962.1053 959.7226 957.34 959.455 970.5655 981.676 992.7864
954.5357 954.0968 953.658 953.2191 952.7802 957.4983 963.7732 970.0479 976.3228 981.8721 985.0177 988.1633 991.309 994.4546 995.6198 995.9186 996.2175 996.5164 997.1323 999.4199 1001.708 1003.995 1006.283 1008.303 1010.163 1012.022 1013.881 1014.926 1007.431 999.9366 992.4417 984.9468 975.9238 965.654 955.3842 945.1144 934.9487 931.8528 928.7569 925.661 922.5651 926.0329 936.6612 947.2896 957.9179 968.5463 972.6661 976.3854 980.1047 983.824 983.6017 977.6078 971.614 965.62 959.626 956.2014 953.1621 950.1229 947.0836 948.4702 958.7088 968.9473 979.1859
958.4891 956.1987 953.9082 951.6178 949.3273 953.6409 959.948 966.255 972.5622 978.2748 982.0179 985.761 989.5042 993.2473 994.7404 995.2491 995.7579 996.2667 997.1259 999.8334 1002.541 1005.248 1007.956 1010.269 1012.343 1014.417 1016.492 1017.714 1009.988 1002.261 994.5352 986.8088 978.3607 969.3235 960.2863 951.2491 942.2887 938.5415 934.7943 931.0471 927.2999 930.0031 939.7433 949.4835 959.2238 968.964 972.3478 975.3405 978.3332 981.3259 980.2436 973.1946 966.1458 959.0968 952.0478 947.9146 944.2186 940.5227 936.8268 937.4851 946.8517 956.2183 965.5848
969.6116 966.278 962.9443 959.6107 956.2771 959.5182 964.744 969.9698 975.1956 980.0311 983.5733 987.1155 990.6578 994.2001 995.5541 995.9507 996.3474 996.7441 997.6119 1000.964 1004.316 1007.668 1011.02 1013.977 1016.696 1019.416 1022.135 1023.974 1016.58 1009.186 1001.792 994.3973 986.7715 978.9568 971.1422 963.3275 955.5575 950.8236 946.0897 941.3557 936.6218 937.4727 944.4163 951.36 958.3036 965.2472 967.4653 969.3926 971.3198 973.2471 971.6304 964.8246 958.0189 951.2131 944.4072 940.248 936.4858 932.7236 928.9614 929.154 937.2562 945.3585 953.4607
985.0694 981.1814 977.2933 973.4053 969.5173 971.282 974.7532 978.2243 981.6955 985.0246 987.8832 990.7418 993.6005 996.459 997.3916 997.4814 997.5714 997.6612 998.3956 1002.528 1006.661 1010.793 1014.925 1018.741 1022.364 1025.987 1029.61 1032.334 1025.613 1018.891 1012.17 1005.449 998.7951 992.1969 985.5986 979.0004 972.4119 966.4885 960.5649 954.6414 948.7178 947.0587 950.0516 953.0445 956.0374 959.0303 959.8227 960.4797 961.1367 961.7936 959.8394 954.0616 948.284 942.5063 936.7286 932.9562 929.4846 926.013 922.5414 922.4272 929.0278 935.6284 942.2289
1000.527 996.0843 991.6418 987.1995 982.757 983.0455 984.762 986.4785 988.1951 990.0179 992.1929 994.368 996.543 998.718 999.2291 999.0121 998.7952 998.5783 999.1792 1004.092 1009.005 1013.918 1018.831 1023.503 1028.031 1032.559 1037.086 1040.694 1034.646 1028.597 1022.548 1016.5 1010.818 1005.436 1000.055 994.6727 989.2658 982.1528 975.0397 967.9266 960.8135 956.6442 955.6866 954.7289 953.7712 952.8136 952.1804 951.5671 950.9538 950.3405 948.0487 943.299 938.5494 933.7998 929.0502 925.6646 922.4836 919.3027 916.1217 915.7007 920.7996 925.8986 930.9974
