data/zism_data/00578_03_D.txt
ncols         224
nrows         224
[rows 0 to 27 of 224, columns 0 to 62 of 224]
1412.816 1414.481 1413.75 1413.019 1412.289 1411.558 1409.983 1408.141 1406.298 1404.456 1403.873 1408.42 1412.968 1417.516 1422.063 1430.0 1439.884 1449.768 1459.652 1469.112 1473.172 1477.232 1481.292 1485.352 1486.571 1485.072 1483.572 1482.073 1480.573 1481.709 1482.987 1484.264 1485.542 1484.645 1480.301 1475.958 1471.615 1467.272 1457.29 1446.111 1434.932 1423.753 1414.689 1411.559 1408.43 1405.301 1402.172 1403.87 1407.629 1411.388 1415.148 1418.688 1420.872 1423.055 1425.238 1427.421 1425.499 1420.561 1415.624 1410.687 1405.692 1396.827 1387.962
1408.103 1409.402 1408.672 1407.941 1407.21 1406.48 1405.513 1404.472 1403.431 1402.39 1402.43 1406.875 1411.321 1415.766 1420.211 1427.831 1437.274 1446.717 1456.161 1465.266 1470.084 1474.903 1479.721 1484.539 1486.432 1485.524 1484.616 1483.708 1482.8 1483.68 1484.657 1485.633 1486.609 1485.859 1482.37 1478.882 1475.394 1471.906 1462.034 1450.806 1439.579 1428.351 1418.908 1414.472 1410.036 1405.601 1401.165 1401.839 1404.694 1407.55 1410.406 1413.179 1415.438 1417.696 1419.955 1422.213 1420.4 1415.597 1410.794 1405.991 1401.129 1392.248 1383.366
1403.39 1404.324 1403.594 1402.863 1402.132 1401.401 1401.043 1400.803 1400.563 1400.323 1400.987 1405.33 1409.673 1414.016 1418.36 1425.661 1434.664 1443.666 1452.669 1461.421 1466.997 1472.574 1478.15 1483.727 1486.292 1485.976 1485.66 1485.343 1485.027 1485.651 1486.327 1487.002 1487.677 1487.073 1484.439 1481.806 1479.173 1476.539 1466.778 1455.502 1444.226 1432.95 1423.128 1417.385 1411.643 1405.9 1400.157 1399.807 1401.76 1403.712 1405.665 1407.67 1410.004 1412.337 1414.671 1417.005 1415.301 1410.633 1405.964 1401.296 1396.566 1387.668 1378.771
1398.676 1399.246 1398.515 1397.785 1397.054 1396.323 1396.573 1397.135 1397.696 1398.257 1399.544 1403.785 1408.026 1412.267 1416.508 1423.492 1432.054 1440.615 1449.177 1457.575 1463.91 1470.245 1476.58 1482.914 1486.153 1486.428 1486.703 1486.979 1487.254 1487.623 1487.997 1488.371 1488.745 1488.286 1486.508 1484.73 1482.952 1481.173 1471.521 1460.197 1448.873 1437.548 1427.347 1420.298 1413.249 1406.199 1399.15 1397.776 1398.825 1399.874 1400.923 1402.161 1404.57 1406.979 1409.388 1411.797 1410.202 1405.668 1401.134 1396.6 1392.002 1383.089 1374.175
1394.674 1395.066 1394.612 1394.159 1393.705 1393.251 1394.053 1395.253 1396.454 1397.655 1399.539 1404.211 1408.882 1413.554 1418.225 1424.872 1432.653 1440.434 1448.215 1455.868 1461.901 1467.934 1473.967 1480.0 1483.468 1484.481 1485.494 1486.507 1487.52 1488.047 1488.548 1489.049 1489.55 1489.298 1487.853 1486.408 1484.962 1483.517 1474.43 1463.721 1453.011 1442.301 1432.338 1424.467 1416.597 1408.727 1400.856 1398.149 1397.647 1397.145 1396.644 1396.478 1398.404 1400.33 1402.255 1404.181 1402.432 1397.985 1393.539 1389.092 1384.584 1375.889 1367.194
1390.692 1390.914 1390.745 1390.576 1390.407 1390.238 1391.591 1393.426 1395.261 1397.096 1399.578 1404.696 1409.814 1414.932 1420.05 1426.357 1433.347 1440.338 1447.328 1454.225 1459.924 1465.624 1471.323 1477.023 1480.707 1482.462 1484.217 1485.972 1487.727 1488.425 1489.066 1489.707 1490.348 1490.304 1489.176 1488.048 1486.92 1485.792 1477.284 1467.209 1457.134 1447.059 1437.351 1428.674 1419.997 1411.32 1402.643 1398.594 1396.522 1394.45 1392.378 1390.791 1392.217 1393.642 1395.067 1396.493 1394.582 1390.221 1385.861 1381.5 1377.08 1368.611 1360.142
1386.711 1386.761 1386.877 1386.993 1387.109 1387.226 1389.128 1391.598 1394.068 1396.537 1399.617 1405.181 1410.745 1416.31 1421.874 1427.842 1434.042 1440.242 1446.442 1452.581 1457.947 1463.313 1468.68 1474.046 1477.946 1480.443 1482.94 1485.438 1487.935 1488.803 1489.584 1490.365 1491.145 1491.31 1490.499 1489.688 1488.878 1488.067 1480.138 1470.698 1461.257 1451.817 1442.365 1432.881 1423.397 1413.914 1404.43 1399.04 1395.397 1391.755 1388.113 1385.104 1386.029 1386.955 1387.88 1388.805 1386.732 1382.458 1378.183 1373.909 1369.576 1361.333 1353.09
1382.73 1382.608 1383.01 1383.411 1383.812 1384.213 1386.666 1389.77 1392.875 1395.979 1399.656 1405.667 1411.677 1417.688 1423.698 1429.327 1434.736 1440.146 1445.556 1450.938 1455.97 1461.003 1466.036 1471.068 1475.185 1478.424 1481.664 1484.903 1488.142 1489.181 1490.102 1491.022 1491.943 1492.316 1491.823 1491.329 1490.835 1490.342 1482.992 1474.186 1465.38 1456.574 1447.378 1437.088 1426.798 1416.507 1406.217 1399.485 1394.272 1389.06 1383.847 1379.417 1379.842 1380.267 1380.692 1381.117 1378.882 1374.694 1370.505 1366.317 1362.073 1354.056 1346.038
1379.239 1378.915 1379.477 1380.04 1380.602 1381.165 1384.057 1387.689 1391.321 1394.953 1399.105 1405.377 1411.648 1417.92 1424.191 1429.549 1434.382 1439.215 1444.048 1448.841 1453.127 1457.412 1461.698 1465.984 1469.94 1473.582 1477.223 1480.865 1484.506 1486.204 1487.797 1489.389 1490.982 1491.906 1491.77 1491.634 1491.498 1491.363 1484.611 1476.454 1468.297 1460.14 1451.338 1440.728 1430.119 1419.509 1408.899 1400.939 1394.112 1387.284 1380.456 1374.509 1374.037 1373.565 1373.093 1372.621 1370.126 1366.145 1362.164 1358.182 1354.151 1346.702 1339.253
1376.368 1375.801 1376.369 1376.937 1377.505 1378.072 1381.264 1385.289 1389.313 1393.338 1397.81 1404.108 1410.407 1416.705 1423.004 1428.177 1432.703 1437.229 1441.756 1446.172 1449.189 1452.205 1455.222 1458.238 1461.561 1465.175 1468.79 1472.405 1476.019 1478.991 1481.928 1484.865 1487.803 1489.709 1489.982 1490.255 1490.527 1490.8 1484.67 1477.18 1469.69 1462.199 1453.967 1443.653 1433.339 1423.025 1412.711 1403.668 1395.168 1386.668 1378.167 1370.586 1368.716 1366.846 1364.976 1363.105 1360.226 1356.605 1352.984 1349.363 1345.701 1339.252 1332.804
1373.496 1372.687 1373.26 1373.833 1374.406 1374.98 1378.471 1382.888 1387.305 1391.722 1396.515 1402.84 1409.166 1415.491 1421.816 1426.804 1431.024 1435.244 1439.464 1443.503 1445.251 1446.998 1448.746 1450.493 1453.181 1456.769 1460.356 1463.944 1467.532 1471.778 1476.06 1480.341 1484.623 1487.512 1488.193 1488.875 1489.556 1490.238 1484.729 1477.906 1471.083 1464.26 1456.597 1446.578 1436.56 1426.542 1416.524 1406.397 1396.224 1386.052 1375.879 1366.663 1363.395 1360.126 1356.858 1353.589 1350.325 1347.065 1343.804 1340.544 1337.251 1331.803 1326.354
1370.625 1369.572 1370.151 1370.73 1371.308 1371.887 1375.677 1380.487 1385.297 1390.106 1395.22 1401.572 1407.924 1414.276 1420.629 1425.432 1429.345 1433.259 1437.172 1440.834 1441.313 1441.791 1442.269 1442.748 1444.801 1448.362 1451.923 1455.484 1459.044 1464.565 1470.191 1475.817 1481.443 1485.315 1486.405 1487.495 1488.585 1489.676 1484.789 1478.632 1472.476 1466.32 1459.226 1449.504 1439.781 1430.059 1420.336 1409.126 1397.281 1385.436 1373.59 1362.74 1358.073 1353.406 1348.74 1344.073 1340.425 1337.524 1334.624 1331.724 1328.801 1324.353 1319.905
1367.754 1366.458 1367.042 1367.626 1368.21 1368.794 1372.884 1378.086 1383.289 1388.491 1393.925 1400.304 1406.683 1413.062 1419.441 1424.06 1427.667 1431.273 1434.88 1438.166 1437.375 1436.584 1435.793 1435.002 1436.421 1439.955 1443.489 1447.023 1450.557 1457.352 1464.323 1471.293 1478.264 1483.117 1484.616 1486.115 1487.614 1489.113 1484.848 1479.359 1473.869 1468.38 1461.855 1452.429 1443.002 1433.575 1424.149 1411.855 1398.337 1384.82 1371.302 1358.818 1352.752 1346.687 1340.622 1334.557 1330.524 1327.984 1325.445 1322.905 1320.352 1316.904 1313.456
1365.959 1364.131 1364.17 1364.21 1364.249 1364.289 1368.165 1373.259 1378.353 1383.447 1388.823 1395.347 1401.87 1408.394 1414.918 1419.535 1423.056 1426.578 1430.099 1433.265 1431.927 1430.589 1429.25 1427.912 1428.977 1432.342 1435.707 1439.071 1442.436 1449.599 1456.966 1464.333 1471.7 1476.971 1478.918 1480.865 1482.812 1484.759 1481.037 1476.111 1471.185 1466.26 1460.296 1451.42 1442.545 1433.669 1424.793 1412.16 1397.923 1383.685 1369.447 1356.213 1349.211 1342.209 1335.207 1328.206 1324.035 1321.944 1319.853 1317.762 1315.662 1312.979 1310.295
1364.267 1361.878 1361.321 1360.763 1360.206 1359.649 1363.263 1368.201 1373.139 1378.077 1383.358 1390.038 1396.718 1403.397 1410.077 1414.71 1418.167 1421.623 1425.08 1428.152 1426.335 1424.518 1422.702 1420.885 1421.622 1424.804 1427.986 1431.168 1434.349 1441.794 1449.468 1457.141 1464.815 1470.448 1472.847 1475.245 1477.644 1480.043 1476.857 1472.485 1468.113 1463.741 1458.337 1450.037 1441.737 1433.437 1425.136 1412.235 1397.368 1382.501 1367.634 1353.734 1345.84 1337.945 1330.051 1322.156 1317.871 1316.237 1314.603 1312.969 1311.331 1309.389 1307.448
1362.575 1359.626 1358.471 1357.317 1356.163 1355.008 1358.361 1363.143 1367.925 1372.707 1377.893 1384.729 1391.565 1398.401 1405.236 1409.885 1413.277 1416.669 1420.062 1423.039 1420.743 1418.448 1416.152 1413.857 1414.267 1417.266 1420.265 1423.264 1426.263 1433.989 1441.969 1449.949 1457.93 1463.925 1466.776 1469.626 1472.476 1475.327 1472.677 1468.859 1465.041 1461.223 1456.379 1448.654 1440.929 1433.204 1425.479 1412.309 1396.813 1381.317 1365.821 1351.256 1342.468 1333.681 1324.894 1316.106 1311.708 1310.531 1309.354 1308.177 1306.999 1305.8 1304.601
1360.883 1357.373 1355.622 1353.871 1352.12 1350.368 1353.458 1358.084 1362.71 1367.336 1372.429 1379.42 1386.412 1393.404 1400.396 1405.06 1408.388 1411.716 1415.043 1417.926 1415.151 1412.378 1409.604 1406.83 1406.912 1409.728 1412.544 1415.361 1418.177 1426.184 1434.471 1442.758 1451.044 1457.403 1460.705 1464.007 1467.309 1470.611 1468.497 1465.233 1461.969 1458.705 1454.42 1447.271 1440.121 1432.972 1425.822 1412.383 1396.258 1380.133 1364.008 1348.777 1339.097 1329.417 1319.737 1310.057 1305.544 1304.824 1304.104 1303.384 1302.668 1302.211 1301.754
1360.309 1356.054 1353.386 1350.718 1348.05 1345.381 1347.924 1352.119 1356.314 1360.51 1365.265 1372.301 1379.337 1386.373 1393.409 1398.019 1401.235 1404.451 1407.666 1410.456 1407.844 1405.232 1402.62 1400.007 1400.275 1403.298 1406.322 1409.346 1412.369 1420.353 1428.603 1436.854 1445.104 1451.509 1454.988 1458.467 1461.946 1465.425 1463.709 1460.889 1458.07 1455.25 1451.398 1444.651 1437.903 1431.156 1424.408 1411.096 1394.98 1378.864 1362.748 1347.452 1337.253 1327.055 1316.856 1306.657 1302.043 1301.531 1301.018 1300.505 1300.0 1300.025 1300.05
1361.527 1356.232 1352.134 1348.035 1343.937 1339.838 1341.374 1344.698 1348.023 1351.347 1355.376 1362.278 1369.18 1376.081 1382.983 1387.424 1390.452 1393.479 1396.506 1399.209 1397.785 1396.361 1394.937 1393.513 1394.788 1398.645 1402.502 1406.36 1410.217 1417.687 1425.351 1433.015 1440.679 1446.623 1449.838 1453.054 1456.269 1459.485 1457.944 1455.394 1452.843 1450.292 1446.672 1440.048 1433.424 1426.8 1420.176 1407.624 1392.541 1377.457 1362.374 1347.979 1337.86 1327.742 1317.624 1307.506 1302.815 1302.109 1301.402 1300.696 1300.001 1300.091 1300.18
1362.745 1356.411 1350.882 1345.353 1339.824 1334.295 1334.825 1337.278 1339.731 1342.184 1345.488 1352.255 1359.022 1365.79 1372.557 1376.83 1379.669 1382.508 1385.347 1387.962 1387.726 1387.491 1387.255 1387.02 1389.301 1393.992 1398.683 1403.374 1408.065 1415.021 1422.099 1429.177 1436.255 1441.737 1444.689 1447.641 1450.593 1453.545 1452.18 1449.899 1447.617 1445.335 1441.945 1435.445 1428.944 1422.444 1415.944 1404.153 1390.102 1376.051 1361.999 1348.505 1338.467 1328.43 1318.392 1308.355 1303.586 1302.687 1301.787 1300.887 1300.002 1300.156 1300.31
1363.963 1356.589 1349.63 1342.67 1335.711 1328.751 1328.276 1329.858 1331.44 1333.022 1335.599 1342.232 1348.865 1355.498 1362.13 1366.235 1368.886 1371.536 1374.188 1376.714 1377.667 1378.62 1379.573 1380.526 1383.815 1389.339 1394.863 1400.388 1405.912 1412.355 1418.847 1425.339 1431.831 1436.851 1439.54 1442.228 1444.917 1447.605 1446.416 1444.403 1442.39 1440.377 1437.218 1430.841 1424.465 1418.089 1411.712 1400.681 1387.662 1374.644 1361.625 1349.031 1339.074 1329.118 1319.161 1309.204 1304.358 1303.265 1302.171 1301.078 1300.003 1300.222 1300.44
1365.181 1356.767 1348.377 1339.988 1331.598 1323.208 1321.727 1322.438 1323.148 1323.859 1325.71 1332.209 1338.707 1345.206 1351.704 1355.64 1358.102 1360.565 1363.028 1365.467 1367.608 1369.75 1371.891 1374.032 1378.328 1384.686 1391.044 1397.402 1403.76 1409.688 1415.594 1421.5 1427.406 1431.965 1434.39 1436.815 1439.24 1441.665 1440.652 1438.908 1437.164 1435.42 1432.491 1426.238 1419.985 1413.733 1407.48 1397.21 1385.223 1373.237 1361.251 1349.557 1339.681 1329.805 1319.929 1310.053 1305.13 1303.842 1302.555 1301.268 1300.004 1300.287 1300.57
1369.182 1359.842 1350.289 1340.735 1331.182 1321.628 1319.285 1319.231 1319.176 1319.121 1320.15 1325.589 1331.029 1336.468 1341.908 1345.183 1347.214 1349.245 1351.275 1353.391 1356.588 1359.784 1362.98 1366.177 1371.598 1379.148 1386.698 1394.248 1401.799 1407.647 1413.403 1419.16 1424.916 1429.262 1431.373 1433.484 1435.595 1437.706 1436.45 1434.478 1432.506 1430.534 1427.291 1420.482 1413.672 1406.862 1400.053 1389.895 1378.306 1366.718 1355.13 1343.932 1335.157 1326.383 1317.608 1308.833 1304.472 1303.35 1302.228 1301.106 1300.007 1300.492 1300.978
1373.655 1363.408 1352.736 1342.064 1331.392 1320.72 1317.54 1316.738 1315.936 1315.134 1315.322 1319.546 1323.771 1327.995 1332.219 1334.75 1336.307 1337.865 1339.422 1341.175 1345.404 1349.633 1353.862 1358.091 1364.657 1373.46 1382.263 1391.067 1399.87 1405.711 1411.392 1417.073 1422.754 1426.929 1428.718 1430.506 1432.294 1434.083 1432.512 1430.229 1427.945 1425.661 1422.012 1414.53 1407.048 1399.566 1392.084 1381.928 1370.63 1359.333 1348.035 1337.263 1329.763 1322.263 1314.763 1307.263 1303.572 1302.675 1301.779 1300.883 1300.01 1300.722 1301.433
1378.128 1366.975 1355.184 1343.393 1331.602 1319.812 1315.795 1314.245 1312.696 1311.146 1310.495 1313.504 1316.512 1319.521 1322.53 1324.316 1325.401 1326.485 1327.569 1328.959 1334.22 1339.481 1344.743 1350.004 1357.716 1367.772 1377.828 1387.885 1397.941 1403.775 1409.38 1414.986 1420.592 1424.596 1426.062 1427.528 1428.993 1430.459 1428.575 1425.979 1423.384 1420.788 1416.732 1408.578 1400.423 1392.269 1384.115 1373.962 1362.954 1351.947 1340.939 1330.595 1324.37 1318.144 1311.919 1305.693 1302.671 1302.001 1301.331 1300.661 1300.014 1300.951 1301.888
1382.601 1370.541 1357.631 1344.722 1331.813 1318.903 1314.05 1311.753 1309.456 1307.159 1305.667 1307.461 1309.254 1311.047 1312.84 1313.883 1314.494 1315.105 1315.717 1316.742 1323.036 1329.33 1335.624 1341.918 1350.775 1362.084 1373.394 1384.703 1396.013 1401.839 1407.369 1412.9 1418.43 1422.263 1423.406 1424.549 1425.692 1426.835 1424.637 1421.73 1418.822 1415.915 1411.452 1402.625 1393.799 1384.973 1376.146 1365.995 1355.278 1344.561 1333.844 1323.927 1318.976 1314.025 1309.074 1304.123 1301.771 1301.327 1300.882 1300.438 1300.017 1301.18 1302.343
1386.634 1374.06 1360.66 1347.26 1333.86 1320.46 1314.908 1311.845 1308.783 1305.721 1303.395 1304.067 1304.74 1305.412 1306.085 1306.483 1306.722 1306.962 1307.201 1307.914 1314.638 1321.361 1328.084 1334.807 1344.312 1356.48 1368.648 1380.816 1392.984 1398.995 1404.675 1410.355 1416.035 1419.845 1420.694 1421.542 1422.39 1423.239 1420.715 1417.474 1414.234 1410.993 1406.137 1396.747 1387.357 1377.967 1368.577 1358.549 1348.249 1337.949 1327.648 1318.243 1314.399 1310.554 1306.709 1302.865 1301.081 1300.81 1300.538 1300.267 1300.018 1301.27 1302.522
1389.755 1377.484 1364.891 1352.297 1339.704 1327.11 1321.144 1317.281 1313.417 1309.554 1306.402 1306.15 1305.897 1305.645 1305.392 1305.35 1305.428 1305.506 1305.585 1306.088 1311.994 1317.9 1323.806 1329.712 1338.839 1351.05 1363.261 1375.472 1387.683 1394.278 1400.571 1406.864 1413.156 1417.251 1417.863 1418.475 1419.087 1419.698 1416.822 1413.205 1409.588 1405.971 1400.749 1391.02 1381.291 1371.563 1361.834 1352.18 1342.557 1332.934 1323.311 1314.595 1311.508 1308.422 1305.336 1302.249 1300.824 1300.617 1300.41 1300.204 1300.016 1301.074 1302.132
