data/zism_data/00587_04_D.txt
ncols         224
nrows         224
[rows 84 to 111 of 224, columns 63 to 125 of 224]
4714.378 4713.637 4712.895 4712.154 4711.227 4710.292 4709.356 4708.421 4707.388 4706.219 4705.049 4703.88 4702.711 4701.849 4701.028 4700.206 4699.384 4698.651 4698.083 4697.515 4696.947 4696.379 4695.898 4695.438 4694.977 4694.516 4694.078 4693.699 4693.32 4692.942 4692.563 4692.187 4691.81 4691.434 4691.058 4690.625 4689.97 4689.315 4688.661 4688.006 4687.414 4686.853 4686.292 4685.73 4685.205 4684.918 4684.63 4684.343 4684.056 4683.721 4683.354 4682.986 4682.619 4682.231 4681.514 4680.797 4680.08 4679.363 4678.478 4677.438 4676.398 4675.358 4674.318
4712.968 4712.198 4711.429 4710.659 4709.737 4708.808 4707.879 4706.95 4705.94 4704.819 4703.698 4702.577 4701.455 4700.66 4699.907 4699.154 4698.401 4697.734 4697.225 4696.716 4696.208 4695.699 4695.262 4694.842 4694.421 4694.001 4693.588 4693.195 4692.801 4692.407 4692.013 4691.633 4691.257 4690.881 4690.505 4690.068 4689.389 4688.709 4688.03 4687.351 4686.762 4686.218 4685.675 4685.131 4684.617 4684.297 4683.977 4683.656 4683.336 4682.987 4682.62 4682.252 4681.885 4681.497 4680.768 4680.039 4679.309 4678.58 4677.653 4676.545 4675.438 4674.33 4673.222
4711.632 4710.803 4709.974 4709.145 4708.231 4707.313 4706.395 4705.477 4704.546 4703.597 4702.648 4701.699 4700.75 4700.008 4699.293 4698.579 4697.863 4697.231 4696.755 4696.278 4695.802 4695.326 4694.877 4694.436 4693.994 4693.552 4693.121 4692.716 4692.312 4691.907 4691.502 4691.083 4690.659 4690.235 4689.811 4689.342 4688.701 4688.059 4687.417 4686.776 4686.182 4685.611 4685.041 4684.47 4683.931 4683.6 4683.269 4682.938 4682.606 4682.254 4681.886 4681.519 4681.151 4680.765 4680.068 4679.372 4678.675 4677.978 4677.05 4675.909 4674.769 4673.629 4672.489
4710.296 4709.408 4708.52 4707.631 4706.725 4705.818 4704.91 4704.003 4703.151 4702.375 4701.598 4700.822 4700.046 4699.357 4698.68 4698.002 4697.325 4696.729 4696.285 4695.841 4695.397 4694.953 4694.493 4694.03 4693.566 4693.104 4692.653 4692.238 4691.823 4691.407 4690.992 4690.534 4690.061 4689.588 4689.115 4688.616 4688.012 4687.408 4686.805 4686.201 4685.601 4685.003 4684.406 4683.809 4683.245 4682.903 4682.561 4682.219 4681.877 4681.52 4681.153 4680.785 4680.418 4680.033 4679.369 4678.704 4678.04 4677.375 4676.446 4675.273 4674.101 4672.928 4671.755
4708.96 4708.013 4707.065 4706.118 4705.219 4704.322 4703.426 4702.529 4701.756 4701.152 4700.548 4699.945 4699.341 4698.706 4698.066 4697.427 4696.787 4696.227 4695.815 4695.403 4694.992 4694.58 4694.109 4693.624 4693.139 4692.654 4692.186 4691.759 4691.333 4690.907 4690.481 4689.984 4689.463 4688.942 4688.42 4687.89 4687.324 4686.758 4686.192 4685.625 4685.021 4684.396 4683.772 4683.147 4682.559 4682.206 4681.853 4681.5 4681.148 4680.787 4680.419 4680.052 4679.684 4679.302 4678.669 4678.037 4677.405 4676.773 4675.842 4674.637 4673.432 4672.227 4671.022
4707.625 4706.618 4705.611 4704.604 4703.713 4702.827 4701.941 4701.056 4700.361 4699.93 4699.499 4699.068 4698.637 4698.055 4697.453 4696.851 4696.249 4695.725 4695.345 4694.966 4694.586 4694.207 4693.725 4693.218 4692.711 4692.205 4691.718 4691.281 4690.844 4690.407 4689.97 4689.435 4688.865 4688.295 4687.726 4687.164 4686.636 4686.107 4685.579 4685.05 4684.44 4683.789 4683.137 4682.486 4681.872 4681.509 4681.146 4680.782 4680.418 4680.053 4679.686 4679.318 4678.951 4678.57 4677.97 4677.37 4676.771 4676.171 4675.238 4674.001 4672.764 4671.526 4670.289
4706.354 4705.363 4704.372 4703.38 4702.555 4701.738 4700.921 4700.104 4699.488 4699.152 4698.815 4698.478 4698.141 4697.606 4697.046 4696.485 4695.924 4695.421 4695.027 4694.632 4694.238 4693.843 4693.351 4692.837 4692.322 4691.808 4691.314 4690.873 4690.432 4689.991 4689.55 4689.001 4688.413 4687.825 4687.237 4686.662 4686.138 4685.613 4685.088 4684.564 4683.955 4683.304 4682.653 4682.001 4681.383 4680.985 4680.587 4680.189 4679.792 4679.404 4679.022 4678.642 4678.261 4677.867 4677.266 4676.664 4676.063 4675.461 4674.536 4673.314 4672.092 4670.87 4669.648
4705.122 4704.19 4703.258 4702.326 4701.602 4700.887 4700.172 4699.458 4698.922 4698.634 4698.345 4698.057 4697.769 4697.278 4696.76 4696.243 4695.725 4695.235 4694.797 4694.36 4693.922 4693.484 4692.984 4692.47 4691.956 4691.441 4690.947 4690.506 4690.065 4689.625 4689.184 4688.634 4688.046 4687.458 4686.871 4686.292 4685.751 4685.21 4684.67 4684.129 4683.525 4682.891 4682.255 4681.621 4681.01 4680.564 4680.117 4679.671 4679.224 4678.804 4678.401 4677.999 4677.596 4677.181 4676.558 4675.935 4675.312 4674.689 4673.776 4672.597 4671.418 4670.239 4669.06
4703.89 4703.017 4702.145 4701.272 4700.648 4700.036 4699.423 4698.811 4698.355 4698.116 4697.876 4697.636 4697.396 4696.949 4696.475 4696.0 4695.525 4695.049 4694.568 4694.087 4693.606 4693.126 4692.618 4692.104 4691.589 4691.074 4690.58 4690.139 4689.699 4689.258 4688.817 4688.267 4687.679 4687.091 4686.504 4685.922 4685.365 4684.808 4684.251 4683.694 4683.096 4682.478 4681.858 4681.24 4680.637 4680.142 4679.647 4679.152 4678.657 4678.204 4677.78 4677.356 4676.932 4676.495 4675.85 4675.206 4674.561 4673.917 4673.016 4671.88 4670.744 4669.608 4668.473
4702.658 4701.845 4701.031 4700.218 4699.695 4699.185 4698.675 4698.165 4697.789 4697.598 4697.406 4697.215 4697.023 4696.62 4696.189 4695.758 4695.326 4694.863 4694.339 4693.815 4693.291 4692.767 4692.251 4691.736 4691.222 4690.708 4690.213 4689.772 4689.332 4688.891 4688.45 4687.9 4687.313 4686.725 4686.137 4685.552 4684.979 4684.406 4683.833 4683.259 4682.667 4682.064 4681.461 4680.859 4680.264 4679.721 4679.177 4678.633 4678.09 4677.604 4677.159 4676.713 4676.267 4675.809 4675.143 4674.477 4673.811 4673.145 4672.256 4671.163 4670.07 4668.978 4667.885
4701.47 4700.719 4699.969 4699.219 4698.789 4698.373 4697.958 4697.542 4697.24 4697.093 4696.946 4696.799 4696.652 4696.288 4695.896 4695.504 4695.112 4694.662 4694.103 4693.544 4692.985 4692.426 4691.903 4691.389 4690.875 4690.36 4689.865 4689.421 4688.977 4688.532 4688.088 4687.537 4686.948 4686.36 4685.771 4685.183 4684.596 4684.008 4683.421 4682.834 4682.247 4681.66 4681.073 4680.485 4679.897 4679.302 4678.707 4678.112 4677.518 4676.998 4676.53 4676.063 4675.595 4675.114 4674.431 4673.747 4673.063 4672.379 4671.506 4670.46 4669.415 4668.369 4667.323
4700.742 4700.094 4699.446 4698.798 4698.383 4697.979 4697.574 4697.169 4696.873 4696.726 4696.579 4696.432 4696.285 4695.921 4695.529 4695.138 4694.746 4694.313 4693.802 4693.292 4692.781 4692.27 4691.756 4691.242 4690.728 4690.213 4689.708 4689.226 4688.744 4688.262 4687.78 4687.211 4686.612 4686.012 4685.413 4684.818 4684.242 4683.666 4683.089 4682.513 4681.933 4681.351 4680.769 4680.187 4679.593 4678.917 4678.242 4677.566 4676.89 4676.322 4675.827 4675.333 4674.837 4674.333 4673.671 4673.008 4672.346 4671.684 4670.866 4669.907 4668.947 4667.988 4667.028
4700.015 4699.469 4698.924 4698.378 4697.978 4697.584 4697.19 4696.796 4696.506 4696.359 4696.212 4696.065 4695.918 4695.555 4695.163 4694.771 4694.379 4693.962 4693.5 4693.039 4692.576 4692.114 4691.61 4691.095 4690.581 4690.066 4689.551 4689.031 4688.511 4687.992 4687.472 4686.885 4686.275 4685.665 4685.054 4684.453 4683.888 4683.322 4682.757 4682.191 4681.619 4681.042 4680.466 4679.889 4679.289 4678.532 4677.776 4677.019 4676.263 4675.646 4675.124 4674.602 4674.081 4673.552 4672.911 4672.27 4671.629 4670.989 4670.227 4669.354 4668.48 4667.607 4666.733
4699.288 4698.844 4698.401 4697.958 4697.572 4697.189 4696.806 4696.423 4696.139 4695.992 4695.845 4695.698 4695.551 4695.188 4694.796 4694.404 4694.012 4693.613 4693.199 4692.786 4692.372 4691.958 4691.463 4690.949 4690.434 4689.92 4689.394 4688.836 4688.279 4687.722 4687.164 4686.56 4685.938 4685.317 4684.696 4684.088 4683.534 4682.979 4682.425 4681.87 4681.304 4680.733 4680.162 4679.591 4678.985 4678.147 4677.31 4676.473 4675.635 4674.969 4674.42 4673.872 4673.323 4672.771 4672.151 4671.532 4670.913 4670.293 4669.587 4668.8 4668.013 4667.226 4666.439
4698.56 4698.219 4697.879 4697.538 4697.167 4696.794 4696.422 4696.05 4695.772 4695.625 4695.479 4695.332 4695.185 4694.821 4694.429 4694.037 4693.645 4693.263 4692.897 4692.533 4692.167 4691.802 4691.316 4690.802 4690.288 4689.773 4689.237 4688.642 4688.046 4687.451 4686.856 4686.234 4685.602 4684.97 4684.338 4683.724 4683.18 4682.636 4682.092 4681.548 4680.99 4680.424 4679.858 4679.293 4678.681 4677.763 4676.844 4675.926 4675.008 4674.293 4673.717 4673.142 4672.566 4671.989 4671.392 4670.794 4670.196 4669.599 4668.947 4668.246 4667.545 4666.845 4666.144
4697.948 4697.681 4697.413 4697.146 4696.783 4696.415 4696.048 4695.68 4695.402 4695.246 4695.09 4694.935 4694.779 4694.401 4693.995 4693.588 4693.182 4692.805 4692.486 4692.167 4691.847 4691.527 4691.064 4690.567 4690.07 4689.574 4689.051 4688.459 4687.867 4687.275 4686.684 4686.03 4685.355 4684.68 4684.005 4683.353 4682.791 4682.229 4681.666 4681.104 4680.539 4679.973 4679.407 4678.84 4678.218 4677.218 4676.219 4675.22 4674.221 4673.476 4672.906 4672.335 4671.765 4671.196 4670.643 4670.09 4669.538 4668.985 4668.394 4667.768 4667.142 4666.516 4665.89
4697.434 4697.215 4696.996 4696.777 4696.416 4696.048 4695.681 4695.313 4695.028 4694.856 4694.684 4694.512 4694.34 4693.938 4693.504 4693.07 4692.637 4692.258 4691.981 4691.705 4691.429 4691.152 4690.724 4690.259 4689.795 4689.33 4688.841 4688.287 4687.733 4687.179 4686.625 4685.93 4685.185 4684.439 4683.694 4682.978 4682.372 4681.767 4681.161 4680.556 4679.973 4679.401 4678.83 4678.258 4677.62 4676.54 4675.46 4674.38 4673.3 4672.542 4672.004 4671.466 4670.928 4670.393 4669.905 4669.417 4668.929 4668.44 4667.915 4667.353 4666.792 4666.23 4665.668
4696.919 4696.749 4696.578 4696.408 4696.049 4695.682 4695.314 4694.947 4694.654 4694.466 4694.278 4694.09 4693.902 4693.473 4693.013 4692.552 4692.092 4691.71 4691.477 4691.244 4691.011 4690.777 4690.383 4689.951 4689.519 4689.087 4688.631 4688.115 4687.599 4687.083 4686.566 4685.829 4685.014 4684.198 4683.383 4682.602 4681.954 4681.305 4680.656 4680.008 4679.407 4678.83 4678.253 4677.676 4677.022 4675.862 4674.701 4673.54 4672.379 4671.607 4671.102 4670.596 4670.09 4669.589 4669.166 4668.743 4668.319 4667.896 4667.435 4666.938 4666.441 4665.944 4665.447
4696.405 4696.283 4696.161 4696.039 4695.682 4695.314 4694.947 4694.58 4694.281 4694.077 4693.873 4693.668 4693.464 4693.009 4692.522 4692.034 4691.547 4691.163 4690.973 4690.783 4690.593 4690.403 4690.042 4689.643 4689.243 4688.843 4688.422 4687.943 4687.464 4686.986 4686.507 4685.728 4684.843 4683.958 4683.072 4682.227 4681.535 4680.843 4680.151 4679.459 4678.841 4678.258 4677.676 4677.093 4676.425 4675.183 4673.941 4672.7 4671.458 4670.672 4670.199 4669.726 4669.253 4668.786 4668.428 4668.069 4667.71 4667.352 4666.955 4666.522 4666.09 4665.658 4665.227
4695.89 4695.817 4695.743 4695.67 4695.315 4694.948 4694.581 4694.213 4693.907 4693.687 4693.466 4693.246 4693.025 4692.545 4692.031 4691.517 4691.002 4690.615 4690.468 4690.322 4690.175 4690.028 4689.702 4689.334 4688.967 4688.6 4688.212 4687.771 4687.33 4686.89 4686.449 4685.627 4684.672 4683.717 4682.762 4681.851 4681.116 4680.381 4679.646 4678.912 4678.274 4677.687 4677.099 4676.511 4675.828 4674.505 4673.182 4671.859 4670.537 4669.738 4669.297 4668.856 4668.416 4667.983 4667.689 4667.395 4667.101 4666.807 4666.475 4666.107 4665.74 4665.373 4665.005
4695.304 4695.182 4695.06 4694.938 4694.612 4694.277 4693.942 4693.607 4693.318 4693.092 4692.867 4692.641 4692.415 4691.91 4691.369 4690.827 4690.286 4689.882 4689.735 4689.588 4689.441 4689.294 4689.007 4688.688 4688.37 4688.051 4687.681 4687.175 4686.669 4686.164 4685.658 4684.809 4683.837 4682.865 4681.894 4680.969 4680.229 4679.489 4678.749 4678.008 4677.392 4676.836 4676.28 4675.725 4675.081 4673.844 4672.608 4671.372 4670.135 4669.352 4668.879 4668.405 4667.932 4667.469 4667.175 4666.881 4666.587 4666.293 4665.936 4665.52 4665.104 4664.688 4664.272
4694.718 4694.548 4694.377 4694.207 4693.91 4693.607 4693.304 4693.001 4692.729 4692.498 4692.267 4692.035 4691.804 4691.275 4690.707 4690.138 4689.57 4689.148 4689.001 4688.854 4688.708 4688.561 4688.313 4688.043 4687.772 4687.502 4687.149 4686.579 4686.009 4685.438 4684.868 4683.989 4683.002 4682.014 4681.026 4680.088 4679.342 4678.597 4677.851 4677.105 4676.508 4675.985 4675.462 4674.939 4674.334 4673.184 4672.034 4670.883 4669.733 4668.966 4668.46 4667.955 4667.449 4666.956 4666.662 4666.368 4666.074 4665.78 4665.397 4664.933 4664.468 4664.004 4663.54
4694.132 4693.913 4693.694 4693.475 4693.207 4692.937 4692.667 4692.396 4692.14 4691.903 4691.667 4691.43 4691.193 4690.64 4690.044 4689.449 4688.854 4688.415 4688.268 4688.121 4687.974 4687.827 4687.619 4687.397 4687.175 4686.954 4686.618 4685.983 4685.348 4684.713 4684.078 4683.17 4682.167 4681.163 4680.159 4679.207 4678.456 4677.705 4676.954 4676.203 4675.625 4675.134 4674.644 4674.152 4673.587 4672.523 4671.459 4670.396 4669.332 4668.58 4668.042 4667.504 4666.966 4666.442 4666.148 4665.854 4665.561 4665.267 4664.858 4664.345 4663.833 4663.319 4662.806
4693.546 4693.279 4693.011 4692.744 4692.504 4692.267 4692.028 4691.791 4691.551 4691.309 4691.066 4690.825 4690.583 4690.004 4689.382 4688.76 4688.138 4687.681 4687.534 4687.387 4687.24 4687.093 4686.925 4686.751 4686.578 4686.405 4686.086 4685.387 4684.687 4683.987 4683.288 4682.351 4681.332 4680.312 4679.292 4678.325 4677.569 4676.812 4676.056 4675.299 4674.742 4674.283 4673.825 4673.366 4672.84 4671.862 4670.885 4669.907 4668.93 4668.194 4667.624 4667.053 4666.483 4665.929 4665.635 4665.341 4665.047 4664.753 4664.32 4663.758 4663.196 4662.635 4662.073
4692.956 4692.66 4692.364 4692.067 4691.839 4691.613 4691.388 4691.163 4690.906 4690.607 4690.308 4690.009 4689.71 4689.136 4688.526 4687.917 4687.307 4686.865 4686.738 4686.61 4686.483 4686.355 4686.236 4686.119 4686.001 4685.884 4685.588 4684.824 4684.06 4683.295 4682.531 4681.544 4680.479 4679.413 4678.347 4677.347 4676.605 4675.863 4675.121 4674.379 4673.834 4673.388 4672.942 4672.497 4671.989 4671.068 4670.147 4669.226 4668.305 4667.595 4667.03 4666.464 4665.898 4665.349 4665.07 4664.791 4664.512 4664.232 4663.796 4663.216 4662.635 4662.055 4661.474
4692.361 4692.06 4691.758 4691.456 4691.217 4690.981 4690.745 4690.509 4690.196 4689.778 4689.361 4688.943 4688.525 4687.99 4687.44 4686.889 4686.339 4685.951 4685.867 4685.782 4685.698 4685.614 4685.555 4685.502 4685.45 4685.397 4685.13 4684.301 4683.473 4682.644 4681.814 4680.75 4679.604 4678.458 4677.311 4676.254 4675.55 4674.846 4674.141 4673.437 4672.898 4672.441 4671.984 4671.528 4671.014 4670.114 4669.215 4668.315 4667.416 4666.744 4666.227 4665.709 4665.192 4664.69 4664.444 4664.197 4663.95 4663.704 4663.291 4662.727 4662.162 4661.598 4661.034
4691.766 4691.459 4691.152 4690.845 4690.595 4690.349 4690.102 4689.854 4689.486 4688.95 4688.414 4687.877 4687.341 4686.844 4686.353 4685.862 4685.371 4685.037 4684.996 4684.954 4684.913 4684.872 4684.874 4684.886 4684.898 4684.91 4684.672 4683.779 4682.885 4681.991 4681.098 4679.957 4678.73 4677.502 4676.275 4675.162 4674.495 4673.828 4673.162 4672.495 4671.961 4671.494 4671.026 4670.559 4670.038 4669.161 4668.283 4667.405 4666.527 4665.892 4665.423 4664.955 4664.486 4664.032 4663.818 4663.603 4663.389 4663.174 4662.786 4662.238 4661.689 4661.141 4660.593
4691.171 4690.859 4690.546 4690.234 4689.974 4689.716 4689.458 4689.201 4688.776 4688.121 4687.466 4686.811 4686.156 4685.699 4685.267 4684.835 4684.403 4684.122 4684.124 4684.126 4684.128 4684.13 4684.193 4684.27 4684.346 4684.423 4684.214 4683.256 4682.298 4681.339 4680.381 4679.164 4677.855 4676.547 4675.239 4674.068 4673.44 4672.811 4672.182 4671.553 4671.025 4670.547 4670.068 4669.59 4669.063 4668.207 4667.351 4666.494 4665.638 4665.041 4664.621 4664.2 4663.78 4663.374 4663.191 4663.009 4662.828 4662.646 4662.281 4661.749 4661.217 4660.685 4660.153
