data/zism_data/00582_01_D.txt
ncols         224
nrows         224
[rows 145 to 173 of 224, columns 0 to 64 of 224]
396.0522 394.8163 393.5803 392.3443 390.0445 380.6519 371.2595 361.8669 352.4744 345.2887 339.656 334.0234 328.3907 323.0588 324.3433 325.6278 326.9123 328.1968 329.4638 330.7132 331.9626 333.2119 334.4613 337.7964 341.2263 344.6561 348.086 351.0294 353.2812 355.5331 357.7849 360.0368 352.5809 343.6689 334.757 325.8449 318.4152 314.0487 309.6822 305.3157 300.9492 300.0 300.0 300.0 300.0 300.0 300.0 300.0 300.0 300.0 303.3034 308.0519 312.8005 317.5491 323.288 334.5439 345.8 357.056 368.3121 368.2823 360.9973 353.7125 346.4276 340.1815 348.8255
391.9699 391.7636 391.5573 391.351 390.225 382.9673 375.7097 368.452 361.1944 355.2354 350.1903 345.1452 340.1001 335.2447 334.5616 333.8784 333.1952 332.512 331.7842 331.012 330.2397 329.4673 328.695 330.947 333.3364 335.7258 338.1152 340.2942 342.1741 344.054 345.9338 347.8137 341.8282 334.6629 327.4977 320.3324 314.391 310.9786 307.5664 304.1541 300.7418 300.0 300.0 300.0 300.0 300.0 300.0 300.0 300.0 300.0 303.4384 308.381 313.3237 318.2664 324.1599 335.3512 346.5426 357.7339 368.9253 368.2336 359.9027 351.572 343.2411 336.0308 344.8797
387.8877 388.7111 389.5344 390.3578 390.4055 385.2827 380.1598 375.0369 369.914 365.1817 360.7242 356.2667 351.8092 347.4303 344.7794 342.1286 339.4778 336.827 334.1046 331.3107 328.5168 325.7229 322.929 324.0978 325.4468 326.7958 328.1448 329.5594 331.0673 332.5753 334.0832 335.5911 331.0759 325.6573 320.2387 314.82 310.3668 307.9087 305.4506 302.9925 300.5344 300.0 300.0 300.0 300.0 300.0 300.0 300.0 300.0 300.0 303.5734 308.7101 313.8469 318.9836 325.0319 336.1585 347.2852 358.4118 369.5385 368.1848 358.8081 349.4316 340.0549 331.8802 340.934
383.8054 385.6584 387.5114 389.3645 390.5861 387.5981 384.61 381.622 378.634 375.1284 371.2585 367.3886 363.5187 359.6162 354.9977 350.3792 345.7607 341.1422 336.4251 331.6095 326.7939 321.9784 317.1628 317.2485 317.557 317.8655 318.174 318.8243 319.9602 321.0961 322.2321 323.368 320.3232 316.6513 312.9794 309.3075 306.3426 304.8387 303.3347 301.8308 300.3269 300.0 300.0 300.0 300.0 300.0 300.0 300.0 300.0 300.0 303.7084 309.0392 314.3701 319.7008 325.9038 336.9657 348.0277 359.0897 370.1517 368.1361 357.7135 347.2911 336.8685 327.7295 336.9882
378.9115 381.6898 384.4681 387.2465 389.542 388.6194 387.6968 386.7743 385.8517 383.5756 380.347 377.1185 373.8899 370.5221 364.0896 357.6573 351.2248 344.7924 338.2845 331.7011 325.1176 318.5343 311.9508 311.0607 310.4294 309.7981 309.1668 309.1188 309.8996 310.6805 311.4613 312.2421 310.541 308.4677 306.3943 304.3209 302.7138 302.0703 301.4268 300.7834 300.1399 300.0 300.0 300.0 300.0 300.0 300.0 300.0 300.0 300.0 303.8225 309.3174 314.8123 320.3072 326.6331 337.5891 348.5452 359.5012 370.4573 367.8503 356.5244 345.1987 333.8727 323.8892 333.1465
367.8288 370.7365 373.6441 376.5518 379.1603 379.7743 380.3883 381.0022 381.6162 380.5918 378.4146 376.2374 374.0602 371.67 364.596 357.5221 350.4482 343.3742 336.6291 330.2128 323.7964 317.3802 310.9638 309.9159 309.1121 308.3082 307.5043 307.2615 307.8159 308.3703 308.9247 309.4791 308.1563 306.552 304.9477 303.3434 302.0999 301.602 301.1041 300.6061 300.1082 300.0 300.0 300.0 300.0 300.0 300.0 300.0 300.0 300.0 303.7775 309.2077 314.6379 320.0681 326.2752 336.8106 347.3462 357.8817 368.4172 365.7573 354.6147 343.4723 332.3297 322.4148 330.0978
356.7464 359.7834 362.8205 365.8576 368.779 370.9295 373.0799 375.2304 377.3808 377.6082 376.4823 375.3563 374.2304 372.818 365.1024 357.387 349.6715 341.9561 334.9737 328.7245 322.4753 316.2261 309.9768 308.7712 307.7948 306.8184 305.8419 305.4043 305.7322 306.0602 306.3881 306.7161 305.7717 304.6364 303.5011 302.3659 301.4859 301.1336 300.7813 300.4289 300.0766 300.0 300.0 300.0 300.0 300.0 300.0 300.0 300.0 300.0 303.7325 309.098 314.4635 319.829 325.9172 336.0322 346.1472 356.2622 366.3772 363.6644 352.705 341.7459 330.7866 320.9405 327.0493
345.6639 348.8304 351.9969 355.1634 358.3977 362.0847 365.7716 369.4586 373.1455 374.6246 374.5499 374.4753 374.4006 373.9659 365.6089 357.2519 348.8948 340.5379 333.3183 327.2362 321.1541 315.072 308.9899 307.6264 306.4774 305.3285 304.1795 303.5471 303.6486 303.7501 303.8516 303.9531 303.387 302.7208 302.0546 301.3884 300.872 300.6652 300.4585 300.2517 300.045 300.0 300.0 300.0 300.0 300.0 300.0 300.0 300.0 300.0 303.6875 308.9883 314.2891 319.5899 325.5593 335.2537 344.9482 354.6427 364.3372 361.5714 350.7954 340.0196 329.2436 319.4662 324.0007
334.5812 337.877 341.1729 344.4688 348.016 353.2395 358.463 363.6865 368.91 371.6408 372.6175 373.5942 374.5709 375.1138 366.1153 357.1168 348.1182 339.1197 331.6628 325.7479 319.8329 313.9179 308.0029 306.4816 305.1601 303.8386 302.5171 301.6898 301.5648 301.4399 301.3149 301.19 301.0023 300.8051 300.608 300.4108 300.258 300.1968 300.1357 300.0745 300.0133 300.0 300.0 300.0 300.0 300.0 300.0 300.0 300.0 300.0 303.6425 308.8786 314.1147 319.3507 325.2013 334.4753 343.7492 353.0232 362.2971 359.4784 348.8857 338.2932 327.7005 317.9918 320.9521
327.4622 330.1312 332.8002 335.4691 338.4968 343.9161 349.3353 354.7546 360.1738 363.7383 365.9974 368.2566 370.5158 372.3538 364.9263 357.4988 350.0713 342.6439 336.1327 330.538 324.9432 319.3485 313.7537 311.0919 308.5634 306.035 303.5065 301.8386 301.3935 300.9483 300.5032 300.058 300.0 300.0 300.0 300.0 300.0 300.0 300.0 300.0 300.0 300.0 300.0 300.0 300.0 300.0 300.0 300.0 300.0 300.0 303.454 308.4191 313.3843 318.3494 323.9262 332.9109 341.8957 350.8804 359.8651 357.6953 348.3547 339.0143 329.6738 321.0157 322.1393
323.2167 324.7104 326.2042 327.6979 329.6024 334.2453 338.8882 343.5311 348.174 352.269 355.9784 359.6877 363.3971 366.7603 362.5081 358.256 354.0038 349.7516 345.0438 339.8803 334.7169 329.5534 324.3899 319.875 315.3896 310.9042 306.4188 303.4418 302.6086 301.7753 300.942 300.1087 300.0 300.0 300.0 300.0 300.0 300.0 300.0 300.0 300.0 300.0 300.0 300.0 300.0 300.0 300.0 300.0 300.0 300.0 303.1615 307.7061 312.2508 316.7954 321.9862 330.7768 339.5675 348.3581 357.1487 356.1369 348.8234 341.51 334.1965 327.301 326.3976
318.9714 319.2899 319.6084 319.9269 320.7082 324.5748 328.4414 332.308 336.1747 340.8001 345.9597 351.1191 356.2787 361.167 360.09 359.0131 357.9361 356.8592 353.9546 349.2224 344.4901 339.758 335.0257 328.6578 322.2155 315.7732 309.3309 305.045 303.8236 302.6022 301.3807 300.1593 300.0 300.0 300.0 300.0 300.0 300.0 300.0 300.0 300.0 300.0 300.0 300.0 300.0 300.0 300.0 300.0 300.0 300.0 302.869 306.9931 311.1173 315.2414 320.0461 328.6427 337.2393 345.8359 354.4325 354.5785 349.292 344.0055 338.719 333.5862 330.6557
314.7259 313.8691 313.0124 312.1557 311.8138 314.9041 317.9943 321.0846 324.1749 329.3309 335.9406 342.5503 349.1599 355.5735 357.6718 359.7702 361.8686 363.9669 362.8656 358.5647 354.2638 349.9629 345.6619 337.4409 329.0416 320.6424 312.2431 306.6483 305.0387 303.4291 301.8195 300.2099 300.0 300.0 300.0 300.0 300.0 300.0 300.0 300.0 300.0 300.0 300.0 300.0 300.0 300.0 300.0 300.0 300.0 300.0 302.5764 306.2801 309.9837 313.6874 318.1061 326.5085 334.9111 343.3136 351.7161 353.02 349.7606 346.5012 343.2417 339.8715 334.914
310.8854 308.8476 306.8098 304.772 303.3031 305.6272 307.9512 310.2753 312.5993 318.243 326.2227 334.2023 342.182 350.0385 355.1841 360.3297 365.4754 370.621 371.2515 367.3669 363.4821 359.5975 355.7129 345.7372 335.4846 325.2321 314.9795 308.147 306.1746 304.2021 302.2297 300.2573 300.0 300.0 300.0 300.0 300.0 300.0 300.0 300.0 300.0 300.0 300.0 300.0 300.0 300.0016 300.0084 300.0152 300.022 300.0288 302.3438 305.6687 308.9936 312.3184 316.3897 324.6192 332.8488 341.0782 349.3078 351.751 350.4745 349.198 347.9215 346.2765 339.3501
315.9547 312.6069 309.259 305.9112 303.2321 305.0117 306.7912 308.5707 310.3503 315.5381 323.1242 330.7104 338.2965 345.7866 351.1642 356.5416 361.9191 367.2966 368.0861 364.2877 360.4893 356.6909 352.8925 343.3279 333.5012 323.6745 313.8478 307.3454 305.567 303.7887 302.0103 300.232 300.0 300.0 300.0 300.0 300.0 300.0 300.0 300.0 300.0 300.0 300.0 300.0 300.0 300.039 300.2021 300.3653 300.5284 300.6916 303.4292 307.2931 311.1571 315.0211 319.5937 328.1143 336.6349 345.1556 353.6763 356.8504 356.5874 356.3244 356.0614 355.3188 347.7024
321.0239 316.366 311.7082 307.0503 303.1611 304.3962 305.6312 306.8663 308.1013 312.8332 320.0259 327.2185 334.4112 341.5349 347.1443 352.7536 358.3629 363.9723 364.9208 361.2087 357.4966 353.7844 350.0722 340.9187 331.5178 322.117 312.7161 306.5438 304.9595 303.3752 301.791 300.2066 300.0 300.0 300.0 300.0 300.0 300.0 300.0 300.0 300.0 300.0 300.0 300.0 300.0 300.0764 300.3959 300.7153 301.0348 301.3543 304.5145 308.9175 313.3206 317.7236 322.7975 331.6093 340.4211 349.2328 358.0446 361.9495 362.7 363.4505 364.201 364.3609 356.0544
326.0932 320.1253 314.1574 308.1895 303.0901 303.7807 304.4712 305.1617 305.8523 310.1283 316.9274 323.7265 330.5257 337.2831 343.1243 348.9655 354.8067 360.6478 361.7555 358.1296 354.5037 350.8778 347.2519 338.5095 329.5344 320.5594 311.5844 305.7422 304.352 302.9618 301.5716 300.1813 300.0 300.0 300.0 300.0 300.0 300.0 300.0 300.0 300.0 300.0 300.0 300.0 300.0 300.1138 300.5896 301.0654 301.5412 302.017 305.5999 310.542 315.4841 320.4262 326.0015 335.1043 344.2073 353.3101 362.4131 367.0488 368.8129 370.5769 372.341 373.4033 364.4067
331.1623 323.8844 316.6066 309.3286 303.0191 303.1652 303.3112 303.4572 303.6033 307.4234 313.8291 320.2347 326.6403 333.0315 339.1045 345.1775 351.2505 357.3235 358.5902 355.0506 351.5109 347.9713 344.4316 336.1003 327.5511 319.002 310.4527 304.9406 303.7445 302.5483 301.3522 300.156 300.0 300.0 300.0 300.0 300.0 300.0 300.0 300.0 300.0 300.0 300.0 300.0 300.0 300.1512 300.7833 301.4155 302.0476 302.6797 306.6852 312.1663 317.6476 323.1287 329.2054 338.5993 347.9934 357.3873 366.7814 372.148 374.9256 377.7031 380.4807 382.4453 372.7587
331.1453 323.8044 316.4635 309.1225 302.7236 302.604 302.4845 302.365 302.2455 305.4889 311.099 316.7091 322.3192 327.928 333.5109 339.0938 344.6767 350.2595 351.4624 348.2852 345.108 341.9309 338.7537 331.421 323.8993 316.3777 308.856 304.0374 303.0599 302.0824 301.1049 300.1275 300.0 300.0 300.0 300.0 300.0 300.0 300.0 300.0 300.0 300.0 300.0 300.0 300.0 300.1977 301.0245 301.8513 302.678 303.5048 307.7295 313.4408 319.1521 324.8633 331.112 340.354 349.5962 358.8382 368.0804 373.8114 377.2853 380.7592 384.2331 386.8891 377.8223
326.1875 319.9948 313.8023 307.6096 302.2099 302.0957 301.9816 301.8675 301.7533 304.3029 308.7269 313.1509 317.5749 321.9975 326.3889 330.7804 335.1718 339.5633 340.4858 337.9394 335.3929 332.8466 330.3001 324.5367 318.627 312.7173 306.8076 303.0353 302.3004 301.5656 300.8307 300.0959 300.0 300.0 300.0 300.0 300.0 300.0 300.0 300.0 300.0 300.0 300.0 300.0 300.0 300.2531 301.3117 302.3703 303.429 304.4875 308.734 314.3752 320.0164 325.6576 331.7582 340.4181 349.078 357.7378 366.3977 372.1372 375.9993 379.8613 383.7234 386.8657 379.6912
321.2295 316.1852 311.141 306.0967 301.6962 301.5874 301.4787 301.3699 301.2612 303.1168 306.3547 309.5926 312.8305 316.0668 319.2668 322.4667 325.6667 328.8666 329.5088 327.5932 325.6775 323.7619 321.8463 317.6522 313.3545 309.0568 304.7591 302.0332 301.541 301.0487 300.5565 300.0642 300.0 300.0 300.0 300.0 300.0 300.0 300.0 300.0 300.0 300.0 300.0 300.0 300.0 300.3086 301.599 302.8894 304.1799 305.4703 309.7386 315.3097 320.8809 326.452 332.4045 340.4821 348.5598 356.6373 364.715 370.4629 374.7132 378.9634 383.2137 386.8422 381.5602
316.2717 312.3757 308.4798 304.5838 301.1825 301.0791 300.9758 300.8724 300.769 301.9307 303.9826 306.0344 308.0863 310.1363 312.1448 314.1533 316.1618 318.1703 318.5322 317.2473 315.9624 314.6776 313.3927 310.7679 308.0822 305.3964 302.7107 301.0311 300.7815 300.5318 300.2822 300.0326 300.0 300.0 300.0 300.0 300.0 300.0 300.0 300.0 300.0 300.0 300.0 300.0 300.0 300.364 301.8863 303.4085 304.9308 306.453 310.7431 316.2441 321.7452 327.2462 333.0508 340.5461 348.0416 355.5369 363.0323 368.7887 373.4272 378.0655 382.704 386.8188 383.429
311.3139 308.5662 305.8186 303.0709 300.6688 300.5708 300.4728 300.3749 300.2769 300.7446 301.6104 302.4763 303.3421 304.2058 305.0229 305.8399 306.657 307.4741 307.5555 306.9015 306.2473 305.5933 304.9392 303.8836 302.8098 301.7361 300.6622 300.0291 300.022 300.015 300.008 300.0009 300.0 300.0 300.0 300.0 300.0 300.0 300.0 300.0 300.0 300.0 300.0 300.0 300.0 300.4194 302.1735 303.9276 305.6816 307.4357 311.7476 317.1786 322.6096 328.0405 333.6971 340.6102 347.5234 354.4365 361.3496 367.1145 372.1411 377.1677 382.1943 386.7954 385.2979
308.7791 306.6457 304.5124 302.379 300.5139 300.437 300.3602 300.2833 300.2064 300.5582 301.2116 301.8651 302.5186 303.1703 303.7853 304.4003 305.0154 305.6303 305.688 305.1883 304.6886 304.1889 303.6892 302.8954 302.0882 301.281 300.4738 300.0 300.0 300.0 300.0 300.0 300.0 300.0 300.0 300.0 300.0 300.0 300.0 300.0 300.0 300.0 300.0 300.0 300.0 300.361 301.8705 303.38 304.8895 306.399 310.3292 315.3185 320.3077 325.2969 330.6122 337.744 344.8759 352.0077 359.1395 365.411 371.1294 376.8477 382.5661 387.937 388.3265
306.3167 304.7817 303.2467 301.7118 300.3698 300.3145 300.2592 300.2038 300.1485 300.4016 300.8718 301.342 301.8121 302.2811 302.7236 303.1661 303.6086 304.0511 304.0926 303.7331 303.3735 303.014 302.6544 302.0833 301.5025 300.9217 300.3409 300.0 300.0 300.0 300.0 300.0 300.0 300.0 300.0 300.0 300.0 300.0 300.0 300.0 300.0 300.0 300.0 300.0 300.0 300.2991 301.5498 302.8006 304.0513 305.3021 308.8385 313.3749 317.9113 322.4477 327.416 334.7904 342.1649 349.5392 356.9137 363.7067 370.1259 376.5451 382.9643 389.1133 391.3896
303.8542 302.9176 301.981 301.0445 300.2256 300.1919 300.1581 300.1244 300.0906 300.2451 300.532 300.8188 301.1057 301.3918 301.6618 301.9319 302.2018 302.4719 302.4972 302.2778 302.0584 301.839 301.6197 301.2711 300.9167 300.5624 300.208 300.0 300.0 300.0 300.0 300.0 300.0 300.0 300.0 300.0 300.0 300.0 300.0 300.0 300.0 300.0 300.0 300.0 300.0 300.2372 301.2292 302.2211 303.2131 304.2051 307.3477 311.4313 315.5149 319.5984 324.2197 331.8367 339.4538 347.0708 354.6878 362.0024 369.1225 376.2424 383.3625 390.2897 394.4529
301.3918 301.0536 300.7154 300.3772 300.0815 300.0693 300.0571 300.0449 300.0327 300.0885 300.1921 300.2957 300.3993 300.5026 300.6001 300.6976 300.7951 300.8926 300.9018 300.8225 300.7433 300.6641 300.5849 300.459 300.3311 300.2031 300.0751 300.0 300.0 300.0 300.0 300.0 300.0 300.0 300.0 300.0 300.0 300.0 300.0 300.0 300.0 300.0 300.0 300.0 300.0 300.1753 300.9085 301.6417 302.3749 303.1081 305.857 309.4877 313.1185 316.7492 321.0235 328.8831 336.7428 344.6024 352.462 360.2981 368.119 375.9398 383.7607 391.4661 397.516
300.506 300.9725 301.439 301.9054 302.3208 302.3958 302.4709 302.5458 302.6208 302.4083 301.9934 301.5786 301.1637 300.7601 300.6054 300.4507 300.296 300.1413 300.0569 300.0428 300.0287 300.0147 300.0006 300.0 300.0 300.0 300.0 300.0 300.0 300.0 300.0 300.0 300.0 300.0 300.0 300.0 300.0 300.0 300.0 300.0 300.0 300.0 300.0 300.0 300.0 300.1275 300.6605 301.1935 301.7265 302.2596 304.5721 307.6633 310.7545 313.8456 317.6316 325.2885 332.9453 340.6022 348.2591 356.4067 364.8699 373.3329 381.7961 390.1949 397.6723
301.6699 303.2092 304.7485 306.2878 307.6585 307.9061 308.1536 308.4011 308.6487 307.9473 306.5782 305.2091 303.84 302.5082 301.9977 301.4872 300.9767 300.4661 300.1877 300.1413 300.0948 300.0484 300.002 300.0 300.0 300.0 300.0 300.0 300.0 300.0 300.0 300.0 300.0 300.0 300.0 300.0 300.0 300.0 300.0 300.0 300.0 300.0 300.0 300.0 300.0 300.0978 300.5068 300.9159 301.3249 301.7339 303.555 305.9938 308.4327 310.8716 313.9855 320.8607 327.7358 334.611 341.4862 349.6725 358.7017 367.7308 376.76 385.7422 394.0497
