data/zism_data/00585_04_D.txt
ncols         224
nrows         224
[rows 56 to 83 of 224, columns 126 to 188 of 224]
1221.119 1219.632 1218.146 1216.659 1215.166 1213.435 1211.704 1209.973 1208.243 1206.692 1205.338 1203.983 1202.629 1201.274 1200.948 1200.702 1200.456 1200.21 1200.052 1200.039 1200.027 1200.015 1200.002 1201.493 1203.3 1205.107 1206.915 1208.942 1211.549 1214.156 1216.763 1219.37 1221.947 1224.513 1227.079 1229.645 1232.128 1234.219 1236.31 1238.401 1240.492 1242.561 1244.617 1246.673 1248.729 1250.78 1252.77 1254.76 1256.75 1258.74 1260.833 1263.021 1265.208 1267.395 1269.583 1271.754 1273.925 1276.096 1278.268 1279.899 1280.787 1281.675 1282.563
1221.923 1220.308 1218.693 1217.077 1215.455 1213.595 1211.736 1209.876 1208.017 1206.384 1204.997 1203.61 1202.224 1200.837 1200.588 1200.428 1200.268 1200.108 1200.007 1200.005 1200.004 1200.002 1200.0 1201.475 1203.261 1205.047 1206.832 1208.84 1211.431 1214.021 1216.612 1219.203 1221.698 1224.157 1226.615 1229.074 1231.441 1233.371 1235.301 1237.231 1239.161 1241.206 1243.321 1245.436 1247.551 1249.656 1251.636 1253.615 1255.594 1257.574 1259.611 1261.702 1263.793 1265.883 1267.974 1269.96 1271.944 1273.927 1275.91 1277.377 1278.131 1278.885 1279.639
1222.808 1221.095 1219.382 1217.67 1215.952 1214.054 1212.156 1210.258 1208.36 1206.691 1205.272 1203.853 1202.435 1201.016 1200.74 1200.552 1200.365 1200.178 1200.102 1200.211 1200.319 1200.427 1200.535 1201.944 1203.628 1205.311 1206.994 1208.884 1211.319 1213.754 1216.189 1218.624 1220.981 1223.31 1225.639 1227.968 1230.204 1232.0 1233.797 1235.593 1237.389 1239.339 1241.382 1243.425 1245.468 1247.499 1249.368 1251.238 1253.107 1254.977 1256.895 1258.857 1260.82 1262.782 1264.745 1266.755 1268.767 1270.779 1272.792 1274.294 1275.094 1275.894 1276.694
1223.707 1221.903 1220.099 1218.296 1216.488 1214.569 1212.649 1210.73 1208.81 1207.115 1205.664 1204.213 1202.762 1201.311 1200.988 1200.752 1200.517 1200.281 1200.224 1200.461 1200.698 1200.935 1201.172 1202.506 1204.071 1205.636 1207.202 1208.956 1211.208 1213.461 1215.713 1217.966 1220.176 1222.371 1224.566 1226.76 1228.863 1230.531 1232.198 1233.865 1235.533 1237.374 1239.321 1241.267 1243.214 1245.146 1246.886 1248.627 1250.368 1252.108 1253.895 1255.723 1257.552 1259.38 1261.208 1263.283 1265.365 1267.446 1269.528 1271.105 1271.986 1272.866 1273.747
1224.606 1222.711 1220.816 1218.921 1217.025 1215.084 1213.143 1211.202 1209.261 1207.539 1206.056 1204.573 1203.09 1201.607 1201.236 1200.952 1200.669 1200.385 1200.346 1200.712 1201.078 1201.443 1201.809 1203.068 1204.515 1205.962 1207.409 1209.028 1211.098 1213.168 1215.238 1217.308 1219.371 1221.432 1223.492 1225.553 1227.522 1229.061 1230.6 1232.138 1233.677 1235.41 1237.26 1239.11 1240.96 1242.792 1244.404 1246.016 1247.628 1249.24 1250.895 1252.589 1254.283 1255.978 1257.672 1259.81 1261.962 1264.113 1266.265 1267.916 1268.877 1269.838 1270.799
1225.506 1223.52 1221.533 1219.547 1217.561 1215.599 1213.637 1211.674 1209.712 1207.963 1206.448 1204.932 1203.417 1201.902 1201.484 1201.152 1200.82 1200.488 1200.468 1200.962 1201.457 1201.951 1202.446 1203.63 1204.959 1206.288 1207.617 1209.1 1210.987 1212.875 1214.762 1216.65 1218.566 1220.492 1222.418 1224.345 1226.182 1227.591 1229.001 1230.411 1231.821 1233.445 1235.198 1236.952 1238.705 1240.439 1241.922 1243.405 1244.888 1246.371 1247.895 1249.455 1251.015 1252.575 1254.135 1256.338 1258.559 1260.78 1263.001 1264.727 1265.768 1266.81 1267.851
1226.377 1224.312 1222.247 1220.182 1218.119 1216.121 1214.123 1212.125 1210.127 1208.351 1206.816 1205.281 1203.745 1202.21 1201.77 1201.414 1201.059 1200.703 1200.705 1201.295 1201.886 1202.476 1203.067 1204.186 1205.415 1206.645 1207.875 1209.234 1210.936 1212.638 1214.34 1216.042 1217.795 1219.567 1221.339 1223.111 1224.797 1226.074 1227.35 1228.627 1229.903 1231.415 1233.068 1234.722 1236.376 1238.011 1239.406 1240.8 1242.195 1243.59 1245.008 1246.448 1247.888 1249.328 1250.768 1252.971 1255.197 1257.423 1259.648 1261.422 1262.572 1263.722 1264.872
1227.179 1225.066 1222.953 1220.839 1218.727 1216.66 1214.592 1212.524 1210.457 1208.649 1207.125 1205.6 1204.076 1202.552 1202.146 1201.828 1201.511 1201.193 1201.223 1201.83 1202.437 1203.044 1203.65 1204.727 1205.903 1207.079 1208.255 1209.523 1211.032 1212.541 1214.05 1215.558 1217.11 1218.679 1220.247 1221.815 1223.307 1224.439 1225.57 1226.702 1227.833 1229.224 1230.77 1232.316 1233.863 1235.399 1236.804 1238.21 1239.615 1241.021 1242.4 1243.754 1245.108 1246.462 1247.817 1249.866 1251.936 1254.006 1256.076 1257.834 1259.161 1260.488 1261.815
1227.981 1225.82 1223.658 1221.496 1219.335 1217.198 1215.061 1212.923 1210.786 1208.947 1207.433 1205.92 1204.406 1202.893 1202.523 1202.243 1201.962 1201.682 1201.742 1202.365 1202.988 1203.611 1204.234 1205.269 1206.391 1207.514 1208.636 1209.812 1211.127 1212.443 1213.759 1215.074 1216.425 1217.79 1219.154 1220.518 1221.817 1222.804 1223.79 1224.777 1225.764 1227.032 1228.472 1229.911 1231.35 1232.787 1234.203 1235.62 1237.036 1238.452 1239.791 1241.06 1242.328 1243.596 1244.865 1246.76 1248.675 1250.589 1252.504 1254.246 1255.75 1257.254 1258.758
1228.783 1226.573 1224.364 1222.154 1219.944 1217.737 1215.53 1213.323 1211.115 1209.245 1207.742 1206.239 1204.736 1203.234 1202.9 1202.657 1202.414 1202.172 1202.261 1202.9 1203.539 1204.178 1204.817 1205.811 1206.879 1207.948 1209.017 1210.1 1211.223 1212.345 1213.468 1214.59 1215.74 1216.901 1218.061 1219.222 1220.327 1221.169 1222.01 1222.852 1223.694 1224.841 1226.173 1227.505 1228.837 1230.175 1231.602 1233.029 1234.456 1235.883 1237.183 1238.365 1239.548 1240.73 1241.913 1243.655 1245.414 1247.173 1248.932 1250.658 1252.339 1254.02 1255.701
1229.586 1227.327 1225.069 1222.811 1220.552 1218.275 1215.999 1213.722 1211.445 1209.543 1208.051 1206.559 1205.067 1203.575 1203.276 1203.071 1202.866 1202.661 1202.78 1203.435 1204.09 1204.745 1205.4 1206.352 1207.367 1208.382 1209.397 1210.389 1211.318 1212.248 1213.177 1214.106 1215.056 1216.012 1216.969 1217.925 1218.837 1219.534 1220.231 1220.928 1221.625 1222.65 1223.875 1225.099 1226.324 1227.563 1229.001 1230.439 1231.877 1233.314 1234.574 1235.671 1236.767 1237.864 1238.961 1240.549 1242.153 1243.756 1245.359 1247.07 1248.928 1250.786 1252.644
1230.013 1227.497 1224.98 1222.463 1219.95 1217.548 1215.146 1212.744 1210.341 1208.484 1207.221 1205.957 1204.694 1203.431 1203.257 1203.169 1203.081 1202.992 1203.177 1203.812 1204.448 1205.083 1205.719 1206.591 1207.512 1208.434 1209.356 1210.242 1211.033 1211.825 1212.617 1213.409 1214.178 1214.938 1215.699 1216.46 1217.181 1217.718 1218.254 1218.79 1219.326 1220.259 1221.432 1222.605 1223.777 1224.968 1226.389 1227.809 1229.23 1230.651 1231.839 1232.814 1233.789 1234.764 1235.739 1236.965 1238.199 1239.432 1240.666 1242.102 1243.816 1245.53 1247.244
1230.309 1227.459 1224.61 1221.761 1218.92 1216.373 1213.826 1211.279 1208.732 1206.945 1205.988 1205.03 1204.073 1203.115 1203.099 1203.155 1203.212 1203.268 1203.531 1204.134 1204.738 1205.341 1205.944 1206.722 1207.536 1208.35 1209.165 1209.941 1210.614 1211.288 1211.962 1212.635 1213.232 1213.8 1214.367 1214.935 1215.468 1215.838 1216.208 1216.578 1216.948 1217.798 1218.938 1220.079 1221.219 1222.378 1223.772 1225.166 1226.559 1227.953 1229.059 1229.9 1230.741 1231.582 1232.423 1233.213 1234.001 1234.789 1235.577 1236.646 1238.103 1239.559 1241.016
1230.604 1227.422 1224.24 1221.058 1217.891 1215.199 1212.507 1209.815 1207.123 1205.407 1204.755 1204.104 1203.452 1202.8 1202.94 1203.141 1203.343 1203.544 1203.885 1204.456 1205.027 1205.598 1206.169 1206.853 1207.56 1208.267 1208.974 1209.64 1210.195 1210.751 1211.307 1211.862 1212.286 1212.661 1213.035 1213.41 1213.754 1213.958 1214.161 1214.365 1214.569 1215.336 1216.444 1217.553 1218.661 1219.788 1221.155 1222.522 1223.889 1225.256 1226.279 1226.986 1227.692 1228.399 1229.106 1229.46 1229.802 1230.145 1230.488 1231.191 1232.39 1233.589 1234.788
1230.9 1227.385 1223.87 1220.356 1216.861 1214.024 1211.187 1208.351 1205.514 1203.869 1203.523 1203.177 1202.831 1202.485 1202.781 1203.128 1203.474 1203.82 1204.239 1204.778 1205.317 1205.856 1206.395 1206.984 1207.584 1208.183 1208.783 1209.339 1209.776 1210.214 1210.651 1211.089 1211.341 1211.522 1211.703 1211.884 1212.041 1212.078 1212.115 1212.153 1212.19 1212.875 1213.951 1215.027 1216.103 1217.198 1218.538 1219.878 1221.219 1222.559 1223.499 1224.071 1224.644 1225.217 1225.79 1225.707 1225.604 1225.502 1225.399 1225.736 1226.677 1227.619 1228.56
1230.808 1226.998 1223.188 1219.378 1215.595 1212.711 1209.828 1206.944 1204.061 1202.514 1202.427 1202.339 1202.252 1202.164 1202.593 1203.062 1203.531 1204.0 1204.483 1204.99 1205.496 1206.003 1206.51 1207.011 1207.512 1208.012 1208.513 1208.965 1209.29 1209.615 1209.939 1210.264 1210.359 1210.367 1210.376 1210.384 1210.37 1210.252 1210.135 1210.017 1209.899 1210.502 1211.542 1212.582 1213.622 1214.683 1216.02 1217.356 1218.693 1220.03 1220.893 1221.323 1221.752 1222.182 1222.611 1222.115 1221.592 1221.068 1220.545 1220.526 1221.204 1221.882 1222.56
1229.045 1225.101 1221.157 1217.213 1213.311 1210.803 1208.295 1205.787 1203.279 1201.954 1201.92 1201.886 1201.852 1201.818 1202.276 1202.772 1203.267 1203.763 1204.251 1204.725 1205.2 1205.674 1206.149 1206.592 1207.028 1207.464 1207.901 1208.281 1208.514 1208.748 1208.981 1209.215 1209.223 1209.145 1209.068 1208.99 1208.887 1208.661 1208.436 1208.211 1207.986 1208.516 1209.502 1210.488 1211.474 1212.493 1213.926 1215.359 1216.792 1218.225 1219.04 1219.287 1219.534 1219.781 1220.028 1219.22 1218.38 1217.54 1216.7 1216.376 1216.764 1217.152 1217.54
1227.283 1223.204 1219.126 1215.048 1211.026 1208.894 1206.762 1204.629 1202.497 1201.394 1201.413 1201.433 1201.453 1201.473 1201.959 1202.482 1203.004 1203.527 1204.019 1204.461 1204.904 1205.346 1205.788 1206.172 1206.544 1206.916 1207.288 1207.596 1207.739 1207.881 1208.023 1208.165 1208.086 1207.923 1207.759 1207.596 1207.403 1207.07 1206.738 1206.406 1206.073 1206.529 1207.461 1208.394 1209.326 1210.302 1211.832 1213.362 1214.891 1216.421 1217.187 1217.251 1217.316 1217.381 1217.446 1216.324 1215.168 1214.011 1212.854 1212.225 1212.324 1212.422 1212.521
1225.52 1221.308 1217.096 1212.883 1208.742 1206.985 1205.229 1203.472 1201.715 1200.833 1200.907 1200.98 1201.054 1201.127 1201.642 1202.191 1202.741 1203.29 1203.787 1204.197 1204.607 1205.018 1205.428 1205.753 1206.06 1206.368 1206.675 1206.912 1206.963 1207.014 1207.065 1207.116 1206.95 1206.7 1206.451 1206.202 1205.919 1205.479 1205.04 1204.6 1204.16 1204.542 1205.421 1206.3 1207.179 1208.112 1209.738 1211.364 1212.991 1214.617 1215.333 1215.216 1215.098 1214.98 1214.863 1213.429 1211.956 1210.482 1209.009 1208.075 1207.883 1207.692 1207.501
1223.758 1219.411 1215.065 1210.719 1206.458 1205.077 1203.695 1202.314 1200.933 1200.273 1200.4 1200.527 1200.654 1200.781 1201.325 1201.901 1202.478 1203.054 1203.555 1203.933 1204.311 1204.689 1205.067 1205.333 1205.577 1205.82 1206.063 1206.228 1206.188 1206.147 1206.107 1206.067 1205.813 1205.478 1205.143 1204.808 1204.436 1203.889 1203.341 1202.794 1202.247 1202.555 1203.381 1204.206 1205.031 1205.921 1207.644 1209.367 1211.09 1212.813 1213.48 1213.18 1212.88 1212.58 1212.28 1210.533 1208.743 1206.954 1205.164 1203.924 1203.443 1202.962 1202.481
1220.658 1216.691 1212.723 1208.756 1204.872 1203.795 1202.717 1201.64 1200.562 1200.08 1200.247 1200.414 1200.581 1200.748 1201.25 1201.777 1202.305 1202.833 1203.287 1203.619 1203.951 1204.283 1204.615 1204.812 1204.981 1205.149 1205.317 1205.41 1205.302 1205.195 1205.088 1204.98 1204.717 1204.396 1204.074 1203.752 1203.401 1202.915 1202.428 1201.941 1201.454 1201.876 1202.846 1203.816 1204.786 1205.816 1207.618 1209.421 1211.223 1213.026 1213.602 1213.054 1212.507 1211.959 1211.412 1209.493 1207.534 1205.575 1203.615 1202.251 1201.706 1201.161 1200.616
1216.798 1213.502 1210.205 1206.908 1203.684 1202.869 1202.054 1201.24 1200.425 1200.095 1200.294 1200.494 1200.693 1200.892 1201.312 1201.748 1202.185 1202.621 1202.998 1203.277 1203.555 1203.833 1204.112 1204.233 1204.321 1204.409 1204.497 1204.516 1204.355 1204.194 1204.033 1203.872 1203.645 1203.393 1203.141 1202.889 1202.623 1202.292 1201.961 1201.629 1201.298 1201.938 1203.166 1204.394 1205.621 1206.895 1208.767 1210.64 1212.512 1214.384 1214.845 1214.013 1213.181 1212.349 1211.518 1209.508 1207.463 1205.417 1203.372 1201.985 1201.504 1201.024 1200.543
1212.939 1210.313 1207.687 1205.061 1202.495 1201.943 1201.391 1200.84 1200.288 1200.111 1200.342 1200.573 1200.805 1201.036 1201.373 1201.719 1202.064 1202.41 1202.71 1202.934 1203.159 1203.384 1203.608 1203.654 1203.661 1203.669 1203.676 1203.622 1203.408 1203.193 1202.978 1202.763 1202.572 1202.39 1202.208 1202.025 1201.844 1201.669 1201.493 1201.318 1201.142 1202.001 1203.486 1204.971 1206.457 1207.975 1209.917 1211.859 1213.8 1215.742 1216.089 1214.972 1213.856 1212.74 1211.624 1209.522 1207.391 1205.26 1203.129 1201.719 1201.303 1200.887 1200.47
1209.079 1207.124 1205.168 1203.213 1201.306 1201.017 1200.728 1200.44 1200.151 1200.126 1200.39 1200.653 1200.917 1201.18 1201.435 1201.689 1201.944 1202.198 1202.421 1202.592 1202.763 1202.934 1203.105 1203.074 1203.001 1202.928 1202.855 1202.729 1202.46 1202.192 1201.923 1201.655 1201.5 1201.387 1201.274 1201.162 1201.065 1201.046 1201.026 1201.006 1200.986 1202.064 1203.807 1205.549 1207.292 1209.054 1211.066 1213.077 1215.089 1217.101 1217.332 1215.931 1214.531 1213.13 1211.729 1209.536 1207.319 1205.103 1202.886 1201.453 1201.101 1200.749 1200.398
1205.453 1204.136 1202.818 1201.501 1200.221 1200.181 1200.14 1200.1 1200.059 1200.178 1200.471 1200.763 1201.056 1201.348 1201.518 1201.679 1201.84 1202.0 1202.143 1202.256 1202.37 1202.483 1202.596 1202.497 1202.353 1202.21 1202.066 1201.876 1201.565 1201.253 1200.942 1200.631 1200.511 1200.465 1200.418 1200.372 1200.358 1200.5 1200.642 1200.784 1200.927 1202.225 1204.224 1206.222 1208.22 1210.224 1212.3 1214.375 1216.45 1218.526 1218.648 1216.98 1215.311 1213.643 1211.975 1209.682 1207.371 1205.059 1202.748 1201.278 1200.968 1200.659 1200.35
1204.281 1203.259 1202.237 1201.215 1200.224 1200.28 1200.336 1200.392 1200.448 1200.615 1200.902 1201.189 1201.476 1201.764 1201.824 1201.867 1201.909 1201.952 1201.983 1201.994 1202.005 1202.016 1202.028 1201.938 1201.826 1201.715 1201.603 1201.456 1201.214 1200.973 1200.731 1200.489 1200.409 1200.389 1200.369 1200.349 1200.398 1200.771 1201.144 1201.517 1201.89 1203.422 1205.657 1207.891 1210.126 1212.349 1214.424 1216.499 1218.574 1220.65 1220.724 1218.965 1217.206 1215.446 1213.687 1211.209 1208.71 1206.21 1203.711 1202.053 1201.556 1201.059 1200.562
1203.109 1202.382 1201.655 1200.928 1200.227 1200.379 1200.532 1200.685 1200.838 1201.052 1201.334 1201.615 1201.897 1202.179 1202.13 1202.054 1201.979 1201.903 1201.822 1201.731 1201.641 1201.55 1201.459 1201.378 1201.299 1201.22 1201.14 1201.036 1200.864 1200.692 1200.52 1200.348 1200.306 1200.313 1200.32 1200.327 1200.438 1201.042 1201.645 1202.249 1202.853 1204.62 1207.09 1209.56 1212.031 1214.473 1216.548 1218.623 1220.699 1222.774 1222.801 1220.95 1219.1 1217.249 1215.399 1212.736 1210.049 1207.362 1204.674 1202.829 1202.144 1201.459 1200.774
1201.938 1201.506 1201.074 1200.642 1200.229 1200.479 1200.728 1200.977 1201.227 1201.489 1201.765 1202.042 1202.318 1202.595 1202.435 1202.242 1202.048 1201.855 1201.662 1201.469 1201.276 1201.084 1200.891 1200.819 1200.772 1200.725 1200.677 1200.615 1200.513 1200.411 1200.309 1200.207 1200.203 1200.237 1200.271 1200.305 1200.478 1201.313 1202.147 1202.981 1203.815 1205.816 1208.523 1211.23 1213.936 1216.597 1218.672 1220.748 1222.823 1224.898 1224.878 1222.936 1220.994 1219.052 1217.11 1214.263 1211.388 1208.513 1205.638 1203.604 1202.732 1201.859 1200.986
