data/zism_data/00585_01_D.txt
ncols         224
nrows         224
[rows 168 to 195 of 224, columns 128 to 191 of 224]
1201.575 1202.272 1202.97 1204.14 1205.672 1207.204 1208.736 1210.275 1212.323 1214.372 1216.42 1218.468 1220.545 1222.655 1224.766 1226.876 1228.986 1230.933 1232.863 1234.794 1236.725 1238.604 1240.393 1242.182 1243.972 1245.761 1246.794 1247.651 1248.509 1249.366 1249.961 1249.812 1249.662 1249.513 1249.364 1249.228 1249.097 1248.967 1248.836 1248.553 1247.469 1246.385 1245.3 1244.216 1240.599 1235.354 1230.108 1224.863 1219.686 1215.628 1211.571 1207.513 1203.455 1201.052 1200.255 1199.458 1198.661 1197.865 1197.812 1197.794 1197.775 1197.756 1197.78 1197.866
1202.438 1203.233 1204.027 1205.235 1206.762 1208.289 1209.815 1211.348 1213.267 1215.187 1217.106 1219.025 1220.999 1223.034 1225.069 1227.104 1229.139 1231.157 1233.174 1235.191 1237.207 1239.151 1240.967 1242.783 1244.599 1246.415 1247.335 1248.048 1248.761 1249.473 1249.927 1249.649 1249.371 1249.093 1248.815 1248.562 1248.318 1248.075 1247.832 1247.426 1246.165 1244.904 1243.642 1242.381 1238.632 1233.285 1227.938 1222.59 1217.338 1213.635 1209.931 1206.227 1202.524 1200.363 1199.7 1199.037 1198.375 1197.712 1197.65 1197.616 1197.581 1197.546 1197.565 1197.661
1203.302 1204.193 1205.084 1206.331 1207.852 1209.374 1210.895 1212.42 1214.211 1216.001 1217.792 1219.583 1221.452 1223.412 1225.372 1227.332 1229.292 1231.382 1233.485 1235.587 1237.689 1239.698 1241.541 1243.383 1245.226 1247.069 1247.877 1248.445 1249.013 1249.58 1249.894 1249.487 1249.08 1248.673 1248.267 1247.896 1247.54 1247.184 1246.828 1246.299 1244.861 1243.422 1241.984 1240.546 1236.666 1231.217 1225.767 1220.318 1214.99 1211.641 1208.291 1204.942 1201.592 1199.674 1199.145 1198.617 1198.089 1197.56 1197.489 1197.438 1197.387 1197.336 1197.349 1197.456
1204.165 1205.153 1206.141 1207.427 1208.943 1210.459 1211.974 1213.492 1215.154 1216.816 1218.478 1220.14 1221.906 1223.791 1225.675 1227.56 1229.445 1231.607 1233.795 1235.984 1238.172 1240.245 1242.114 1243.984 1245.854 1247.723 1248.419 1248.842 1249.265 1249.687 1249.86 1249.325 1248.789 1248.254 1247.718 1247.23 1246.761 1246.292 1245.824 1245.172 1243.557 1241.941 1240.326 1238.711 1234.699 1229.148 1223.597 1218.046 1212.643 1209.647 1206.652 1203.656 1200.661 1198.985 1198.591 1198.196 1197.802 1197.408 1197.327 1197.26 1197.193 1197.126 1197.134 1197.252
1204.763 1205.792 1206.82 1208.083 1209.524 1210.966 1212.408 1213.851 1215.358 1216.865 1218.372 1219.879 1221.484 1223.203 1224.921 1226.64 1228.358 1230.467 1232.614 1234.761 1236.907 1238.945 1240.789 1242.633 1244.477 1246.322 1246.881 1247.143 1247.405 1247.667 1247.618 1246.693 1245.767 1244.842 1243.916 1243.253 1242.698 1242.143 1241.588 1240.88 1239.372 1237.864 1236.355 1234.847 1231.134 1226.003 1220.872 1215.742 1210.755 1208.104 1205.453 1202.802 1200.151 1198.666 1198.314 1197.963 1197.611 1197.259 1197.165 1197.082 1196.999 1196.916 1196.921 1197.056
1205.189 1206.223 1207.257 1208.455 1209.779 1211.103 1212.427 1213.751 1215.086 1216.422 1217.757 1219.092 1220.501 1221.994 1223.487 1224.98 1226.473 1228.45 1230.474 1232.497 1234.52 1236.457 1238.243 1240.028 1241.813 1243.598 1244.008 1244.098 1244.188 1244.278 1243.957 1242.474 1240.99 1239.506 1238.023 1237.149 1236.524 1235.899 1235.274 1234.554 1233.336 1232.117 1230.898 1229.68 1226.54 1222.166 1217.792 1213.418 1209.163 1206.85 1204.537 1202.224 1199.911 1198.584 1198.217 1197.849 1197.481 1197.114 1197.003 1196.904 1196.805 1196.705 1196.71 1196.867
1205.616 1206.655 1207.695 1208.828 1210.034 1211.24 1212.446 1213.651 1214.815 1215.978 1217.142 1218.305 1219.517 1220.785 1222.053 1223.321 1224.588 1226.433 1228.333 1230.233 1232.133 1233.97 1235.696 1237.422 1239.148 1240.875 1241.134 1241.052 1240.97 1240.889 1240.296 1238.254 1236.213 1234.171 1232.129 1231.044 1230.349 1229.655 1228.96 1228.228 1227.299 1226.37 1225.441 1224.512 1221.947 1218.329 1214.711 1211.094 1207.571 1205.596 1203.621 1201.646 1199.671 1198.503 1198.119 1197.735 1197.352 1196.968 1196.841 1196.726 1196.61 1196.495 1196.499 1196.677
1206.042 1207.087 1208.132 1209.201 1210.289 1211.376 1212.464 1213.551 1214.543 1215.535 1216.527 1217.519 1218.534 1219.576 1220.619 1221.661 1222.703 1224.416 1226.193 1227.969 1229.746 1231.483 1233.15 1234.817 1236.484 1238.151 1238.26 1238.006 1237.753 1237.5 1236.634 1234.035 1231.435 1228.836 1226.236 1224.94 1224.175 1223.411 1222.646 1221.902 1221.262 1220.623 1219.984 1219.345 1217.353 1214.492 1211.631 1208.769 1205.979 1204.342 1202.705 1201.068 1199.431 1198.422 1198.022 1197.622 1197.222 1196.822 1196.679 1196.548 1196.416 1196.285 1196.288 1196.488
1206.448 1207.491 1208.534 1209.536 1210.508 1211.48 1212.451 1213.421 1214.24 1215.06 1215.88 1216.699 1217.518 1218.336 1219.153 1219.971 1220.789 1222.345 1223.971 1225.597 1227.223 1228.828 1230.398 1231.967 1233.537 1235.107 1235.041 1234.596 1234.151 1233.705 1232.558 1229.421 1226.285 1223.148 1220.011 1218.533 1217.732 1216.931 1216.13 1215.405 1215.082 1214.759 1214.435 1214.112 1212.715 1210.627 1208.539 1206.452 1204.409 1203.104 1201.798 1200.493 1199.188 1198.334 1197.92 1197.505 1197.091 1196.676 1196.517 1196.37 1196.222 1196.075 1196.077 1196.297
1206.515 1207.44 1208.365 1209.268 1210.154 1211.04 1211.926 1212.808 1213.445 1214.082 1214.719 1215.357 1215.978 1216.581 1217.184 1217.787 1218.39 1219.389 1220.424 1221.46 1222.496 1223.463 1224.308 1225.153 1225.999 1226.844 1226.219 1225.254 1224.288 1223.323 1221.739 1218.403 1215.068 1211.733 1208.398 1207.22 1206.924 1206.627 1206.331 1206.148 1206.565 1206.982 1207.399 1207.816 1207.349 1206.312 1205.276 1204.24 1203.202 1202.121 1201.041 1199.961 1198.881 1198.144 1197.74 1197.337 1196.933 1196.529 1196.355 1196.192 1196.028 1195.865 1195.864 1196.1
1206.583 1207.39 1208.197 1209.0 1209.8 1210.6 1211.4 1212.195 1212.65 1213.104 1213.559 1214.014 1214.438 1214.826 1215.215 1215.603 1215.992 1216.432 1216.878 1217.324 1217.77 1218.098 1218.218 1218.339 1218.46 1218.581 1217.398 1215.911 1214.425 1212.939 1210.919 1207.385 1203.852 1200.318 1196.784 1195.907 1196.115 1196.323 1196.531 1196.89 1198.047 1199.205 1200.362 1201.52 1201.982 1201.998 1202.013 1202.029 1201.994 1201.139 1200.284 1199.429 1198.575 1197.954 1197.561 1197.168 1196.775 1196.382 1196.193 1196.014 1195.834 1195.655 1195.65 1195.903
1206.651 1207.34 1208.028 1208.732 1209.446 1210.16 1210.874 1211.582 1211.854 1212.126 1212.399 1212.671 1212.898 1213.072 1213.245 1213.419 1213.593 1213.476 1213.332 1213.188 1213.043 1212.732 1212.129 1211.525 1210.922 1210.318 1208.576 1206.57 1204.563 1202.557 1200.1 1196.368 1192.635 1188.903 1185.171 1184.595 1185.307 1186.019 1186.731 1187.632 1189.53 1191.428 1193.326 1195.224 1196.616 1197.683 1198.75 1199.817 1200.786 1200.156 1199.527 1198.898 1198.268 1197.764 1197.382 1197.0 1196.618 1196.235 1196.031 1195.836 1195.64 1195.444 1195.437 1195.706
1206.718 1207.289 1207.86 1208.463 1209.092 1209.72 1210.348 1210.969 1211.059 1211.149 1211.238 1211.328 1211.358 1211.317 1211.276 1211.235 1211.195 1210.52 1209.786 1209.051 1208.317 1207.367 1206.039 1204.711 1203.383 1202.056 1199.755 1197.228 1194.701 1192.174 1189.281 1185.35 1181.419 1177.488 1173.557 1173.282 1174.498 1175.715 1176.931 1178.374 1181.013 1183.651 1186.289 1188.927 1191.25 1193.368 1195.487 1197.606 1199.578 1199.174 1198.77 1198.366 1197.962 1197.574 1197.203 1196.831 1196.46 1196.088 1195.87 1195.658 1195.446 1195.234 1195.224 1195.509
1206.61 1207.12 1207.63 1208.153 1208.688 1209.222 1209.756 1210.282 1210.227 1210.173 1210.119 1210.064 1209.895 1209.594 1209.292 1208.99 1208.689 1207.535 1206.3 1205.065 1203.83 1202.319 1200.324 1198.329 1196.334 1194.339 1191.729 1188.975 1186.222 1183.468 1180.484 1176.844 1173.205 1169.565 1165.926 1165.846 1167.218 1168.591 1169.963 1171.621 1174.785 1177.948 1181.112 1184.276 1187.25 1190.102 1192.954 1195.806 1198.479 1198.257 1198.035 1197.813 1197.59 1197.295 1196.929 1196.563 1196.196 1195.83 1195.651 1195.48 1195.309 1195.139 1195.159 1195.461
1206.33 1206.834 1207.339 1207.803 1208.235 1208.667 1209.1 1209.523 1209.362 1209.2 1209.038 1208.876 1208.508 1207.901 1207.293 1206.686 1206.078 1204.521 1202.873 1201.224 1199.576 1197.581 1194.974 1192.367 1189.761 1187.154 1184.476 1181.782 1179.087 1176.393 1173.652 1170.78 1167.908 1165.035 1162.163 1162.176 1163.366 1164.556 1165.746 1167.301 1170.781 1174.261 1177.742 1181.222 1184.578 1187.854 1191.129 1194.405 1197.486 1197.403 1197.321 1197.238 1197.155 1196.929 1196.563 1196.196 1195.83 1195.464 1195.377 1195.303 1195.229 1195.154 1195.239 1195.556
1206.05 1206.549 1207.048 1207.452 1207.782 1208.113 1208.443 1208.765 1208.496 1208.227 1207.958 1207.689 1207.121 1206.208 1205.294 1204.381 1203.468 1201.506 1199.445 1197.384 1195.323 1192.842 1189.624 1186.405 1183.187 1179.969 1177.223 1174.588 1171.953 1169.317 1166.82 1164.715 1162.61 1160.505 1158.4 1158.506 1159.513 1160.521 1161.529 1162.981 1166.778 1170.574 1174.371 1178.168 1181.906 1185.605 1189.305 1193.005 1196.493 1196.55 1196.607 1196.664 1196.72 1196.563 1196.196 1195.83 1195.464 1195.098 1195.103 1195.125 1195.148 1195.17 1195.319 1195.652
1205.77 1206.264 1206.758 1207.101 1207.33 1207.558 1207.787 1208.007 1207.63 1207.254 1206.877 1206.501 1205.734 1204.515 1203.296 1202.077 1200.858 1198.492 1196.018 1193.544 1191.069 1188.104 1184.274 1180.443 1176.613 1172.783 1169.971 1167.394 1164.818 1162.242 1159.989 1158.651 1157.313 1155.975 1154.638 1154.836 1155.661 1156.486 1157.312 1158.661 1162.774 1166.888 1171.001 1175.114 1179.234 1183.357 1187.481 1191.604 1195.5 1195.696 1195.893 1196.089 1196.285 1196.196 1195.83 1195.464 1195.098 1194.731 1194.829 1194.948 1195.067 1195.186 1195.399 1195.748
1205.49 1205.978 1206.467 1206.751 1206.877 1207.004 1207.13 1207.248 1206.764 1206.281 1205.797 1205.313 1204.347 1202.822 1201.297 1199.772 1198.247 1195.478 1192.591 1189.703 1186.816 1183.365 1178.923 1174.481 1170.04 1165.598 1162.718 1160.201 1157.683 1155.166 1153.157 1152.586 1152.016 1151.445 1150.875 1151.166 1151.809 1152.451 1153.094 1154.341 1158.771 1163.201 1167.63 1172.06 1176.562 1181.109 1185.656 1190.204 1194.507 1194.843 1195.179 1195.515 1195.85 1195.83 1195.464 1195.098 1194.731 1194.365 1194.555 1194.771 1194.986 1195.202 1195.478 1195.844
1205.257 1205.663 1206.07 1206.295 1206.381 1206.467 1206.553 1206.631 1206.158 1205.686 1205.213 1204.74 1203.818 1202.377 1200.937 1199.496 1198.055 1195.225 1192.264 1189.302 1186.34 1182.849 1178.427 1174.005 1169.582 1165.16 1162.244 1159.678 1157.112 1154.546 1152.527 1152.056 1151.586 1151.116 1150.645 1150.974 1151.63 1152.285 1152.94 1154.178 1158.489 1162.799 1167.109 1171.419 1175.773 1180.154 1184.535 1188.916 1193.069 1193.519 1193.968 1194.418 1194.868 1194.974 1194.746 1194.518 1194.291 1194.063 1194.381 1194.724 1195.067 1195.41 1195.789 1196.222
1205.027 1205.347 1205.667 1205.834 1205.883 1205.931 1205.98 1206.021 1205.564 1205.108 1204.651 1204.194 1203.328 1201.989 1200.651 1199.312 1197.973 1195.098 1192.077 1189.057 1186.036 1182.525 1178.151 1173.777 1169.403 1165.029 1162.079 1159.459 1156.839 1154.22 1152.179 1151.778 1151.377 1150.977 1150.576 1150.941 1151.618 1152.294 1152.971 1154.205 1158.376 1162.547 1166.717 1170.888 1175.069 1179.257 1183.445 1187.633 1191.61 1192.173 1192.735 1193.297 1193.86 1194.095 1194.012 1193.929 1193.846 1193.764 1194.211 1194.683 1195.155 1195.626 1196.11 1196.613
1204.796 1205.031 1205.265 1205.374 1205.385 1205.396 1205.407 1205.411 1204.97 1204.53 1204.089 1203.648 1202.838 1201.601 1200.365 1199.128 1197.891 1194.971 1191.891 1188.811 1185.731 1182.2 1177.875 1173.549 1169.223 1164.898 1161.913 1159.24 1156.566 1153.893 1151.831 1151.5 1151.169 1150.838 1150.507 1150.907 1151.605 1152.304 1153.002 1154.232 1158.263 1162.294 1166.325 1170.357 1174.366 1178.36 1182.355 1186.35 1190.152 1190.827 1191.502 1192.177 1192.852 1193.216 1193.278 1193.34 1193.402 1193.464 1194.041 1194.642 1195.242 1195.843 1196.432 1197.004
1204.566 1204.715 1204.863 1204.913 1204.886 1204.86 1204.833 1204.801 1204.376 1203.952 1203.527 1203.102 1202.348 1201.214 1200.079 1198.944 1197.809 1194.844 1191.705 1188.566 1185.427 1181.876 1177.599 1173.321 1169.044 1164.767 1161.748 1159.021 1156.293 1153.567 1151.483 1151.222 1150.96 1150.699 1150.438 1150.873 1151.593 1152.313 1153.033 1154.258 1158.15 1162.042 1165.934 1169.825 1173.662 1177.464 1181.265 1185.067 1188.694 1189.481 1190.269 1191.057 1191.844 1192.338 1192.544 1192.751 1192.958 1193.165 1193.872 1194.601 1195.33 1196.059 1196.753 1197.395
1204.302 1204.391 1204.479 1204.482 1204.418 1204.354 1204.29 1204.221 1203.81 1203.399 1202.988 1202.578 1201.873 1200.829 1199.786 1198.742 1197.698 1194.801 1191.727 1188.653 1185.579 1182.108 1177.938 1173.767 1169.597 1165.427 1162.406 1159.651 1156.897 1154.142 1152.039 1151.78 1151.521 1151.262 1151.003 1151.471 1152.236 1153.002 1153.767 1154.997 1158.682 1162.367 1166.052 1169.736 1173.334 1176.875 1180.416 1183.956 1187.344 1188.24 1189.136 1190.032 1190.928 1191.561 1191.939 1192.317 1192.695 1193.073 1193.897 1194.742 1195.587 1196.432 1197.237 1197.984
1203.988 1204.055 1204.123 1204.094 1203.993 1203.891 1203.79 1203.683 1203.284 1202.884 1202.484 1202.083 1201.42 1200.451 1199.482 1198.514 1197.545 1194.879 1192.052 1189.225 1186.398 1183.155 1179.177 1175.2 1171.223 1167.246 1164.27 1161.526 1158.782 1156.039 1153.918 1153.562 1153.207 1152.851 1152.496 1152.993 1153.839 1154.685 1155.53 1156.78 1160.159 1163.538 1166.917 1170.296 1173.554 1176.736 1179.917 1183.099 1186.154 1187.151 1188.149 1189.147 1190.145 1190.935 1191.522 1192.109 1192.696 1193.283 1194.209 1195.151 1196.092 1197.034 1197.959 1198.862
1203.673 1203.72 1203.766 1203.707 1203.568 1203.429 1203.289 1203.146 1202.757 1202.368 1201.979 1201.589 1200.966 1200.073 1199.179 1198.286 1197.392 1194.958 1192.378 1189.798 1187.218 1184.201 1180.417 1176.633 1172.849 1169.066 1166.135 1163.401 1160.668 1157.935 1155.797 1155.345 1154.893 1154.441 1153.989 1154.515 1155.442 1156.368 1157.294 1158.562 1161.635 1164.709 1167.782 1170.855 1173.775 1176.597 1179.419 1182.241 1184.963 1186.063 1187.163 1188.263 1189.363 1190.309 1191.105 1191.901 1192.698 1193.494 1194.522 1195.56 1196.598 1197.636 1198.682 1199.74
1203.359 1203.384 1203.409 1203.319 1203.143 1202.966 1202.789 1202.609 1202.231 1201.852 1201.474 1201.095 1200.513 1199.694 1198.876 1198.057 1197.239 1195.037 1192.704 1190.37 1188.037 1185.248 1181.657 1178.066 1174.476 1170.885 1167.999 1165.276 1162.554 1159.832 1157.676 1157.128 1156.579 1156.03 1155.482 1156.038 1157.044 1158.051 1159.057 1160.345 1163.112 1165.879 1168.647 1171.414 1173.996 1176.458 1178.921 1181.383 1183.773 1184.974 1186.176 1187.378 1188.58 1189.682 1190.688 1191.693 1192.699 1193.705 1194.834 1195.968 1197.103 1198.238 1199.404 1200.618
1203.046 1203.049 1203.052 1202.932 1202.718 1202.503 1202.289 1202.073 1201.705 1201.337 1200.969 1200.601 1200.059 1199.316 1198.573 1197.829 1197.086 1195.116 1193.029 1190.943 1188.856 1186.294 1182.897 1179.499 1176.102 1172.704 1169.863 1167.152 1164.44 1161.728 1159.556 1158.91 1158.265 1157.62 1156.975 1157.56 1158.647 1159.734 1160.821 1162.127 1164.589 1167.05 1169.512 1171.973 1174.216 1176.319 1178.422 1180.525 1182.582 1183.886 1185.19 1186.493 1187.797 1189.056 1190.271 1191.486 1192.7 1193.915 1195.146 1196.377 1197.608 1198.839 1200.127 1201.496
1202.776 1202.74 1202.703 1202.547 1202.3 1202.052 1201.805 1201.555 1201.106 1200.657 1200.208 1199.76 1199.147 1198.346 1197.545 1196.744 1195.942 1194.055 1192.063 1190.072 1188.081 1185.675 1182.539 1179.404 1176.268 1173.133 1170.562 1168.123 1165.683 1163.244 1161.283 1160.679 1160.075 1159.47 1158.866 1159.406 1160.413 1161.42 1162.427 1163.625 1165.832 1168.038 1170.244 1172.45 1174.486 1176.413 1178.34 1180.267 1182.164 1183.56 1184.957 1186.353 1187.75 1189.142 1190.529 1191.917 1193.304 1194.691 1196.035 1197.376 1198.718 1200.059 1201.427 1202.832
