data/zism_data/00584_02_D.txt
ncols         224
nrows         224
[rows 0 to 28 of 224, columns 130 to 194 of 224]
1236.887 1236.379 1235.871 1235.363 1234.855 1234.439 1234.032 1233.625 1233.219 1232.827 1232.459 1232.092 1231.724 1231.357 1230.989 1230.622 1230.255 1229.887 1229.52 1229.152 1228.785 1228.417 1228.05 1227.693 1227.339 1226.984 1226.63 1226.302 1226.061 1225.819 1225.578 1225.336 1225.138 1224.957 1224.777 1224.597 1224.411 1224.198 1223.984 1223.771 1223.557 1223.286 1222.979 1222.672 1222.365 1222.065 1221.844 1221.624 1221.404 1221.183 1220.944 1220.69 1220.435 1220.181 1219.924 1219.557 1219.189 1218.822 1218.455 1218.231 1218.165 1218.098 1218.032 1217.965 1217.961
1237.321 1236.85 1236.38 1235.91 1235.439 1234.982 1234.527 1234.072 1233.616 1233.194 1232.826 1232.459 1232.092 1231.724 1231.357 1230.989 1230.622 1230.255 1229.887 1229.52 1229.152 1228.785 1228.417 1228.073 1227.735 1227.396 1227.058 1226.758 1226.581 1226.405 1226.228 1226.052 1225.865 1225.674 1225.483 1225.292 1225.094 1224.859 1224.624 1224.389 1224.154 1223.864 1223.54 1223.217 1222.894 1222.579 1222.359 1222.138 1221.918 1221.698 1221.485 1221.279 1221.073 1220.867 1220.659 1220.292 1219.924 1219.557 1219.19 1218.956 1218.868 1218.78 1218.691 1218.603 1218.598
1237.754 1237.322 1236.889 1236.456 1236.024 1235.526 1235.022 1234.518 1234.014 1233.561 1233.194 1232.826 1232.459 1232.092 1231.724 1231.357 1230.989 1230.622 1230.255 1229.887 1229.52 1229.152 1228.785 1228.453 1228.131 1227.809 1227.487 1227.214 1227.102 1226.99 1226.878 1226.767 1226.592 1226.391 1226.189 1225.987 1225.776 1225.52 1225.263 1225.006 1224.75 1224.441 1224.102 1223.762 1223.423 1223.094 1222.873 1222.653 1222.432 1222.212 1222.026 1221.869 1221.712 1221.554 1221.394 1221.027 1220.659 1220.292 1219.924 1219.68 1219.571 1219.461 1219.351 1219.241 1219.235
1238.188 1237.793 1237.398 1237.003 1236.608 1236.069 1235.517 1234.964 1234.411 1233.929 1233.561 1233.194 1232.826 1232.459 1232.092 1231.724 1231.357 1230.989 1230.622 1230.255 1229.887 1229.52 1229.152 1228.832 1228.527 1228.221 1227.915 1227.67 1227.623 1227.576 1227.529 1227.482 1227.32 1227.107 1226.894 1226.682 1226.459 1226.18 1225.902 1225.624 1225.345 1225.019 1224.663 1224.308 1223.952 1223.608 1223.388 1223.167 1222.947 1222.726 1222.567 1222.459 1222.35 1222.241 1222.129 1221.761 1221.394 1221.027 1220.659 1220.405 1220.273 1220.142 1220.011 1219.88 1219.872
1238.603 1238.235 1237.868 1237.5 1237.133 1236.566 1235.979 1235.393 1234.807 1234.302 1233.933 1233.564 1233.196 1232.827 1232.459 1232.092 1231.724 1231.357 1230.989 1230.622 1230.255 1229.887 1229.52 1229.216 1228.931 1228.646 1228.361 1228.142 1228.142 1228.142 1228.142 1228.142 1227.993 1227.78 1227.567 1227.354 1227.129 1226.841 1226.553 1226.266 1225.978 1225.64 1225.273 1224.905 1224.538 1224.183 1223.963 1223.742 1223.522 1223.301 1223.158 1223.077 1222.996 1222.915 1222.83 1222.47 1222.11 1221.75 1221.39 1221.128 1220.972 1220.816 1220.66 1220.504 1220.495
1238.97 1238.603 1238.235 1237.868 1237.501 1236.938 1236.357 1235.776 1235.195 1234.692 1234.318 1233.943 1233.569 1233.195 1232.826 1232.459 1232.092 1231.724 1231.357 1230.989 1230.622 1230.255 1229.887 1229.608 1229.355 1229.103 1228.85 1228.656 1228.656 1228.656 1228.656 1228.656 1228.527 1228.341 1228.155 1227.969 1227.77 1227.503 1227.237 1226.971 1226.704 1226.375 1226.007 1225.64 1225.273 1224.918 1224.698 1224.477 1224.257 1224.036 1223.878 1223.77 1223.662 1223.554 1223.443 1223.11 1222.777 1222.444 1222.111 1221.847 1221.659 1221.471 1221.282 1221.094 1221.083
1239.338 1238.97 1238.603 1238.235 1237.868 1237.311 1236.735 1236.159 1235.584 1235.082 1234.702 1234.323 1233.943 1233.563 1233.194 1232.826 1232.459 1232.092 1231.724 1231.357 1230.989 1230.622 1230.255 1230.0 1229.78 1229.56 1229.34 1229.17 1229.17 1229.17 1229.17 1229.17 1229.06 1228.901 1228.742 1228.583 1228.41 1228.165 1227.92 1227.676 1227.431 1227.11 1226.742 1226.375 1226.007 1225.653 1225.432 1225.212 1224.991 1224.771 1224.598 1224.463 1224.328 1224.193 1224.056 1223.75 1223.444 1223.138 1222.832 1222.566 1222.346 1222.125 1221.904 1221.684 1221.671
1239.705 1239.338 1238.97 1238.603 1238.235 1237.683 1237.113 1236.542 1235.972 1235.472 1235.087 1234.702 1234.317 1233.931 1233.561 1233.194 1232.826 1232.459 1232.092 1231.724 1231.357 1230.989 1230.622 1230.392 1230.205 1230.017 1229.829 1229.685 1229.685 1229.685 1229.685 1229.685 1229.593 1229.461 1229.329 1229.197 1229.05 1228.827 1228.604 1228.381 1228.158 1227.844 1227.477 1227.11 1226.742 1226.388 1226.167 1225.947 1225.726 1225.506 1225.318 1225.156 1224.994 1224.832 1224.668 1224.389 1224.11 1223.831 1223.552 1223.286 1223.033 1222.78 1222.527 1222.273 1222.259
1240.072 1239.705 1239.338 1238.97 1238.603 1238.055 1237.49 1236.926 1236.361 1235.862 1235.471 1235.081 1234.69 1234.3 1233.929 1233.561 1233.194 1232.826 1232.459 1232.092 1231.724 1231.357 1230.989 1230.785 1230.629 1230.474 1230.319 1230.199 1230.199 1230.199 1230.199 1230.199 1230.126 1230.021 1229.916 1229.811 1229.691 1229.489 1229.287 1229.086 1228.884 1228.579 1228.212 1227.844 1227.477 1227.123 1226.902 1226.682 1226.461 1226.241 1226.038 1225.849 1225.66 1225.471 1225.281 1225.029 1224.777 1224.525 1224.273 1224.005 1223.72 1223.434 1223.149 1222.863 1222.847
1240.407 1240.008 1239.609 1239.209 1238.81 1238.29 1237.759 1237.227 1236.696 1236.219 1235.831 1235.443 1235.055 1234.667 1234.296 1233.929 1233.561 1233.194 1232.834 1232.49 1232.147 1231.803 1231.46 1231.267 1231.12 1230.973 1230.826 1230.714 1230.714 1230.714 1230.714 1230.714 1230.651 1230.561 1230.471 1230.381 1230.273 1230.069 1229.865 1229.661 1229.457 1229.166 1228.823 1228.479 1228.136 1227.804 1227.596 1227.387 1227.179 1226.97 1226.775 1226.591 1226.407 1226.223 1226.038 1225.781 1225.524 1225.267 1225.01 1224.73 1224.424 1224.118 1223.813 1223.507 1223.489
1240.731 1240.288 1239.846 1239.403 1238.961 1238.477 1237.988 1237.5 1237.012 1236.563 1236.181 1235.798 1235.416 1235.033 1234.663 1234.296 1233.929 1233.561 1233.211 1232.9 1232.589 1232.278 1231.967 1231.782 1231.635 1231.488 1231.341 1231.228 1231.228 1231.228 1231.228 1231.228 1231.173 1231.094 1231.014 1230.935 1230.834 1230.62 1230.405 1230.19 1229.975 1229.701 1229.39 1229.079 1228.767 1228.467 1228.275 1228.082 1227.89 1227.698 1227.519 1227.351 1227.183 1227.016 1226.846 1226.573 1226.3 1226.027 1225.754 1225.457 1225.135 1224.813 1224.491 1224.169 1224.15
1241.054 1240.569 1240.083 1239.597 1239.111 1238.663 1238.218 1237.773 1237.328 1236.908 1236.531 1236.154 1235.777 1235.4 1235.031 1234.663 1234.296 1233.929 1233.588 1233.31 1233.031 1232.752 1232.474 1232.296 1232.149 1232.002 1231.855 1231.742 1231.742 1231.742 1231.742 1231.742 1231.695 1231.626 1231.558 1231.49 1231.396 1231.171 1230.945 1230.719 1230.494 1230.235 1229.957 1229.678 1229.399 1229.13 1228.953 1228.777 1228.601 1228.425 1228.263 1228.111 1227.959 1227.808 1227.654 1227.365 1227.076 1226.786 1226.497 1226.184 1225.846 1225.508 1225.169 1224.831 1224.812
1241.378 1240.849 1240.32 1239.791 1239.262 1238.849 1238.448 1238.046 1237.644 1237.253 1236.882 1236.51 1236.138 1235.766 1235.398 1235.031 1234.663 1234.296 1233.965 1233.719 1233.473 1233.227 1232.98 1232.81 1232.663 1232.516 1232.37 1232.257 1232.257 1232.257 1232.257 1232.257 1232.217 1232.159 1232.101 1232.044 1231.958 1231.721 1231.485 1231.249 1231.012 1230.77 1230.524 1230.277 1230.031 1229.792 1229.632 1229.473 1229.313 1229.153 1229.006 1228.871 1228.736 1228.6 1228.462 1228.157 1227.851 1227.546 1227.24 1226.911 1226.557 1226.202 1225.848 1225.493 1225.473
1241.674 1241.12 1240.565 1240.011 1239.456 1239.072 1238.705 1238.338 1237.97 1237.603 1237.235 1236.868 1236.501 1236.133 1235.766 1235.398 1235.031 1234.663 1234.342 1234.125 1233.907 1233.69 1233.473 1233.312 1233.169 1233.025 1232.881 1232.771 1232.771 1232.771 1232.771 1232.771 1232.738 1232.692 1232.645 1232.598 1232.52 1232.276 1232.032 1231.788 1231.544 1231.321 1231.111 1230.9 1230.69 1230.484 1230.334 1230.184 1230.033 1229.883 1229.744 1229.614 1229.484 1229.354 1229.221 1228.9 1228.579 1228.259 1227.938 1227.6 1227.242 1226.885 1226.527 1226.17 1226.149
1241.865 1241.354 1240.843 1240.331 1239.82 1239.44 1239.072 1238.705 1238.338 1237.97 1237.603 1237.235 1236.868 1236.5 1236.133 1235.766 1235.398 1235.031 1234.714 1234.513 1234.312 1234.111 1233.91 1233.766 1233.638 1233.511 1233.383 1233.285 1233.285 1233.285 1233.285 1233.285 1233.26 1233.224 1233.188 1233.152 1233.084 1232.846 1232.607 1232.369 1232.13 1231.939 1231.777 1231.615 1231.453 1231.291 1231.125 1230.958 1230.792 1230.625 1230.458 1230.29 1230.122 1229.954 1229.784 1229.453 1229.121 1228.79 1228.458 1228.138 1227.829 1227.52 1227.211 1226.902 1226.884
1242.056 1241.588 1241.12 1240.652 1240.183 1239.807 1239.44 1239.072 1238.705 1238.338 1237.97 1237.603 1237.235 1236.868 1236.5 1236.133 1235.766 1235.398 1235.086 1234.902 1234.717 1234.532 1234.347 1234.219 1234.108 1233.997 1233.885 1233.8 1233.8 1233.8 1233.8 1233.8 1233.782 1233.757 1233.732 1233.707 1233.648 1233.415 1233.182 1232.949 1232.716 1232.558 1232.444 1232.331 1232.217 1232.098 1231.915 1231.733 1231.55 1231.367 1231.172 1230.966 1230.761 1230.555 1230.347 1230.005 1229.663 1229.321 1228.978 1228.675 1228.415 1228.155 1227.894 1227.634 1227.619
1242.247 1241.822 1241.397 1240.972 1240.547 1240.175 1239.807 1239.44 1239.073 1238.705 1238.338 1237.97 1237.603 1237.235 1236.868 1236.5 1236.133 1235.766 1235.459 1235.29 1235.122 1234.953 1234.785 1234.672 1234.577 1234.482 1234.387 1234.314 1234.314 1234.314 1234.314 1234.314 1234.304 1234.29 1234.275 1234.261 1234.213 1233.985 1233.757 1233.53 1233.302 1233.176 1233.111 1233.046 1232.981 1232.905 1232.706 1232.507 1232.308 1232.11 1231.886 1231.643 1231.399 1231.156 1230.91 1230.557 1230.204 1229.851 1229.498 1229.213 1229.001 1228.789 1228.578 1228.366 1228.354
1242.438 1242.056 1241.674 1241.292 1240.911 1240.542 1240.175 1239.807 1239.44 1239.073 1238.705 1238.338 1237.97 1237.603 1237.235 1236.868 1236.5 1236.133 1235.831 1235.679 1235.526 1235.374 1235.222 1235.126 1235.047 1234.968 1234.889 1234.828 1234.828 1234.828 1234.828 1234.828 1234.826 1234.822 1234.819 1234.815 1234.777 1234.555 1234.332 1234.11 1233.888 1233.794 1233.778 1233.762 1233.745 1233.712 1233.497 1233.282 1233.067 1232.852 1232.6 1232.319 1232.037 1231.756 1231.474 1231.11 1230.746 1230.382 1230.018 1229.75 1229.587 1229.424 1229.261 1229.098 1229.089
1242.776 1242.401 1242.027 1241.652 1241.278 1240.91 1240.542 1240.175 1239.807 1239.44 1239.072 1238.705 1238.338 1237.97 1237.621 1237.275 1236.929 1236.583 1236.305 1236.179 1236.054 1235.929 1235.803 1235.726 1235.663 1235.601 1235.538 1235.49 1235.49 1235.49 1235.49 1235.49 1235.49 1235.49 1235.49 1235.49 1235.453 1235.222 1234.99 1234.759 1234.528 1234.427 1234.406 1234.384 1234.363 1234.327 1234.139 1233.95 1233.762 1233.574 1233.316 1233.001 1232.685 1232.37 1232.053 1231.708 1231.362 1231.016 1230.67 1230.414 1230.257 1230.099 1229.941 1229.783 1229.761
1243.188 1242.802 1242.417 1242.031 1241.646 1241.277 1240.91 1240.542 1240.175 1239.807 1239.44 1239.072 1238.705 1238.338 1238.016 1237.702 1237.389 1237.075 1236.829 1236.736 1236.643 1236.55 1236.457 1236.4 1236.353 1236.307 1236.26 1236.225 1236.225 1236.225 1236.225 1236.225 1236.225 1236.225 1236.225 1236.225 1236.185 1235.938 1235.69 1235.443 1235.195 1235.069 1235.015 1234.961 1234.907 1234.845 1234.706 1234.566 1234.427 1234.287 1234.033 1233.685 1233.337 1232.989 1232.642 1232.328 1232.015 1231.702 1231.388 1231.141 1230.968 1230.794 1230.62 1230.446 1230.402
1243.599 1243.203 1242.807 1242.41 1242.014 1241.644 1241.277 1240.91 1240.542 1240.175 1239.807 1239.44 1239.072 1238.705 1238.41 1238.129 1237.848 1237.567 1237.353 1237.293 1237.232 1237.172 1237.111 1237.074 1237.043 1237.013 1236.983 1236.96 1236.96 1236.96 1236.96 1236.96 1236.96 1236.96 1236.96 1236.96 1236.917 1236.654 1236.39 1236.127 1235.863 1235.71 1235.623 1235.537 1235.451 1235.364 1235.273 1235.182 1235.091 1235.0 1234.75 1234.37 1233.989 1233.609 1233.23 1232.949 1232.668 1232.387 1232.106 1231.869 1231.678 1231.488 1231.298 1231.108 1231.043
1244.011 1243.604 1243.197 1242.79 1242.383 1242.012 1241.644 1241.277 1240.91 1240.542 1240.175 1239.807 1239.44 1239.072 1238.805 1238.556 1238.308 1238.059 1237.877 1237.849 1237.821 1237.793 1237.765 1237.747 1237.733 1237.719 1237.705 1237.694 1237.694 1237.694 1237.694 1237.694 1237.694 1237.694 1237.694 1237.694 1237.65 1237.37 1237.09 1236.81 1236.53 1236.351 1236.232 1236.113 1235.995 1235.882 1235.84 1235.798 1235.756 1235.713 1235.467 1235.054 1234.642 1234.229 1233.818 1233.57 1233.321 1233.073 1232.824 1232.596 1232.389 1232.183 1231.977 1231.77 1231.684
1244.401 1243.986 1243.571 1243.156 1242.741 1242.371 1242.005 1241.639 1241.273 1240.907 1240.543 1240.178 1239.813 1239.449 1239.207 1238.989 1238.771 1238.552 1238.401 1238.401 1238.401 1238.401 1238.401 1238.401 1238.403 1238.404 1238.406 1238.408 1238.413 1238.418 1238.423 1238.428 1238.426 1238.422 1238.418 1238.414 1238.364 1238.077 1237.789 1237.501 1237.214 1237.016 1236.874 1236.731 1236.588 1236.457 1236.447 1236.436 1236.425 1236.415 1236.168 1235.729 1235.289 1234.849 1234.413 1234.189 1233.965 1233.741 1233.517 1233.296 1233.078 1232.859 1232.641 1232.423 1232.316
1244.651 1244.247 1243.843 1243.438 1243.034 1242.675 1242.319 1241.964 1241.609 1241.258 1240.915 1240.572 1240.229 1239.886 1239.662 1239.46 1239.258 1239.055 1238.915 1238.915 1238.915 1238.915 1238.915 1238.924 1238.936 1238.949 1238.961 1238.98 1239.023 1239.066 1239.108 1239.151 1239.139 1239.102 1239.065 1239.029 1238.96 1238.721 1238.482 1238.243 1238.004 1237.845 1237.735 1237.624 1237.514 1237.405 1237.314 1237.222 1237.131 1237.039 1236.762 1236.333 1235.904 1235.476 1235.05 1234.799 1234.548 1234.297 1234.046 1233.818 1233.616 1233.414 1233.212 1233.01 1232.894
1244.901 1244.507 1244.114 1243.72 1243.327 1242.978 1242.634 1242.29 1241.945 1241.609 1241.288 1240.967 1240.645 1240.324 1240.116 1239.93 1239.744 1239.558 1239.429 1239.429 1239.429 1239.429 1239.429 1239.447 1239.47 1239.493 1239.516 1239.552 1239.633 1239.713 1239.794 1239.874 1239.851 1239.782 1239.713 1239.644 1239.555 1239.365 1239.175 1238.984 1238.794 1238.673 1238.596 1238.518 1238.44 1238.354 1238.181 1238.008 1237.836 1237.663 1237.356 1236.938 1236.52 1236.102 1235.686 1235.408 1235.13 1234.852 1234.574 1234.34 1234.154 1233.968 1233.782 1233.597 1233.472
1245.15 1244.768 1244.385 1244.003 1243.62 1243.282 1242.949 1242.615 1242.281 1241.96 1241.661 1241.361 1241.061 1240.761 1240.571 1240.401 1240.231 1240.062 1239.943 1239.943 1239.943 1239.943 1239.943 1239.969 1240.003 1240.037 1240.071 1240.124 1240.243 1240.361 1240.479 1240.598 1240.563 1240.462 1240.36 1240.259 1240.151 1240.009 1239.867 1239.726 1239.584 1239.502 1239.456 1239.411 1239.365 1239.302 1239.048 1238.795 1238.541 1238.287 1237.949 1237.542 1237.135 1236.728 1236.323 1236.017 1235.713 1235.408 1235.103 1234.862 1234.693 1234.523 1234.353 1234.183 1234.049
1245.4 1245.028 1244.657 1244.285 1243.913 1243.586 1243.263 1242.94 1242.618 1242.312 1242.033 1241.755 1241.477 1241.199 1241.025 1240.872 1240.718 1240.565 1240.458 1240.458 1240.458 1240.458 1240.458 1240.492 1240.537 1240.581 1240.626 1240.697 1240.853 1241.009 1241.165 1241.321 1241.275 1241.142 1241.008 1240.874 1240.747 1240.653 1240.56 1240.467 1240.374 1240.33 1240.317 1240.304 1240.291 1240.25 1239.915 1239.581 1239.246 1238.912 1238.543 1238.147 1237.751 1237.354 1236.959 1236.627 1236.295 1235.963 1235.631 1235.385 1235.231 1235.077 1234.924 1234.77 1234.627
1245.423 1245.075 1244.727 1244.378 1244.03 1243.721 1243.415 1243.11 1242.804 1242.526 1242.291 1242.057 1241.823 1241.589 1241.444 1241.317 1241.189 1241.061 1240.972 1240.972 1240.972 1240.972 1240.972 1241.012 1241.065 1241.117 1241.169 1241.248 1241.416 1241.585 1241.753 1241.921 1241.883 1241.756 1241.628 1241.5 1241.383 1241.319 1241.255 1241.191 1241.127 1241.103 1241.103 1241.103 1241.103 1241.071 1240.704 1240.337 1239.969 1239.602 1239.207 1238.789 1238.371 1237.954 1237.538 1237.221 1236.903 1236.586 1236.269 1236.019 1235.843 1235.667 1235.492 1235.316 1235.149
1245.291 1244.975 1244.659 1244.343 1244.027 1243.741 1243.457 1243.173 1242.889 1242.646 1242.471 1242.296 1242.122 1241.947 1241.839 1241.744 1241.648 1241.553 1241.487 1241.487 1241.487 1241.487 1241.487 1241.531 1241.589 1241.646 1241.704 1241.786 1241.949 1242.111 1242.274 1242.437 1242.42 1242.325 1242.23 1242.134 1242.047 1241.999 1241.951 1241.904 1241.856 1241.838 1241.838 1241.838 1241.838 1241.806 1241.439 1241.071 1240.704 1240.337 1239.918 1239.457 1238.996 1238.535 1238.077 1237.803 1237.529 1237.255 1236.981 1236.731 1236.506 1236.282 1236.057 1235.833 1235.633
