data/zism_data/00581_02_D.txt
ncols         224
nrows         224
[rows 140 to 167 of 224, columns 63 to 125 of 224]
1583.61 1585.166 1586.721 1588.277 1589.735 1591.119 1592.502 1593.885 1595.227 1595.459 1595.691 1595.924 1596.156 1596.492 1596.931 1597.369 1597.807 1598.245 1598.631 1599.017 1599.402 1599.788 1600.155 1600.501 1600.846 1601.192 1601.537 1601.829 1602.116 1602.403 1602.689 1602.953 1603.182 1603.41 1603.638 1603.867 1603.962 1604.035 1604.109 1604.182 1604.183 1604.038 1603.894 1603.749 1603.604 1603.296 1602.948 1602.6 1602.252 1601.901 1601.543 1601.185 1600.828 1600.469 1600.104 1599.736 1599.368 1599.0 1598.151 1595.573 1592.994 1590.416 1587.837
1581.998 1583.575 1585.152 1586.729 1588.179 1589.53 1590.881 1592.232 1593.549 1593.964 1594.38 1594.796 1595.211 1595.714 1596.303 1596.892 1597.481 1598.07 1598.497 1598.92 1599.344 1599.767 1600.133 1600.43 1600.727 1601.024 1601.321 1601.594 1601.865 1602.136 1602.406 1602.667 1602.911 1603.156 1603.4 1603.645 1603.742 1603.815 1603.889 1603.963 1603.965 1603.826 1603.687 1603.547 1603.408 1603.135 1602.831 1602.526 1602.221 1601.907 1601.571 1601.234 1600.898 1600.562 1600.202 1599.834 1599.466 1599.098 1598.248 1595.664 1593.08 1590.496 1587.912
1580.385 1581.984 1583.583 1585.182 1586.622 1587.941 1589.26 1590.578 1591.871 1592.47 1593.068 1593.667 1594.266 1594.936 1595.676 1596.416 1597.156 1597.896 1598.363 1598.824 1599.285 1599.746 1600.112 1600.36 1600.609 1600.857 1601.105 1601.359 1601.614 1601.869 1602.123 1602.38 1602.641 1602.901 1603.162 1603.423 1603.522 1603.596 1603.669 1603.743 1603.747 1603.613 1603.479 1603.345 1603.212 1602.975 1602.713 1602.451 1602.19 1601.913 1601.598 1601.284 1600.969 1600.654 1600.299 1599.931 1599.563 1599.195 1598.344 1595.755 1593.166 1590.577 1587.987
1578.773 1580.394 1582.014 1583.634 1585.066 1586.352 1587.638 1588.925 1590.193 1590.975 1591.757 1592.539 1593.321 1594.158 1595.049 1595.94 1596.831 1597.722 1598.229 1598.728 1599.227 1599.725 1600.09 1600.29 1600.49 1600.69 1600.89 1601.125 1601.363 1601.602 1601.84 1602.094 1602.37 1602.647 1602.924 1603.201 1603.302 1603.376 1603.449 1603.523 1603.529 1603.401 1603.272 1603.144 1603.015 1602.814 1602.596 1602.377 1602.158 1601.919 1601.626 1601.333 1601.039 1600.746 1600.397 1600.029 1599.661 1599.293 1598.441 1595.846 1593.251 1590.657 1588.062
1577.161 1578.803 1580.445 1582.087 1583.509 1584.763 1586.017 1587.271 1588.515 1589.48 1590.445 1591.411 1592.376 1593.38 1594.422 1595.464 1596.506 1597.548 1598.095 1598.632 1599.168 1599.705 1600.068 1600.219 1600.371 1600.522 1600.674 1600.89 1601.113 1601.335 1601.557 1601.807 1602.1 1602.393 1602.686 1602.979 1603.083 1603.156 1603.23 1603.303 1603.311 1603.188 1603.065 1602.942 1602.819 1602.654 1602.478 1602.303 1602.127 1601.925 1601.653 1601.382 1601.11 1600.838 1600.495 1600.127 1599.759 1599.391 1598.537 1595.937 1593.337 1590.737 1588.137
1575.612 1577.231 1578.85 1580.469 1581.925 1583.255 1584.585 1585.915 1587.235 1588.305 1589.375 1590.445 1591.515 1592.627 1593.78 1594.934 1596.087 1597.241 1597.842 1598.431 1599.02 1599.609 1599.986 1600.104 1600.221 1600.339 1600.457 1600.651 1600.852 1601.053 1601.255 1601.494 1601.793 1602.093 1602.392 1602.691 1602.813 1602.906 1603.0 1603.093 1603.122 1603.024 1602.926 1602.828 1602.73 1602.585 1602.428 1602.271 1602.114 1601.931 1601.681 1601.431 1601.181 1600.93 1600.633 1600.319 1600.005 1599.691 1598.973 1596.801 1594.629 1592.456 1590.284
1574.068 1575.661 1577.253 1578.845 1580.338 1581.754 1583.17 1584.586 1585.993 1587.16 1588.327 1589.494 1590.661 1591.876 1593.137 1594.398 1595.66 1596.921 1597.577 1598.22 1598.863 1599.506 1599.898 1599.984 1600.069 1600.154 1600.24 1600.411 1600.591 1600.771 1600.95 1601.179 1601.483 1601.788 1602.093 1602.397 1602.538 1602.653 1602.768 1602.883 1602.936 1602.865 1602.794 1602.723 1602.651 1602.524 1602.384 1602.243 1602.102 1601.937 1601.708 1601.48 1601.251 1601.023 1600.775 1600.52 1600.266 1600.011 1599.441 1597.738 1596.035 1594.332 1592.629
1572.525 1574.09 1575.656 1577.221 1578.751 1580.253 1581.755 1583.258 1584.752 1586.016 1587.28 1588.544 1589.807 1591.125 1592.494 1593.863 1595.232 1596.601 1597.313 1598.009 1598.706 1599.403 1599.81 1599.863 1599.916 1599.969 1600.022 1600.172 1600.33 1600.488 1600.646 1600.863 1601.174 1601.484 1601.794 1602.104 1602.264 1602.401 1602.537 1602.673 1602.75 1602.705 1602.661 1602.617 1602.573 1602.464 1602.339 1602.215 1602.09 1601.943 1601.736 1601.529 1601.322 1601.115 1600.917 1600.721 1600.526 1600.331 1599.91 1598.675 1597.441 1596.207 1594.973
1570.982 1572.52 1574.058 1575.597 1577.164 1578.752 1580.341 1581.93 1583.51 1584.871 1586.232 1587.593 1588.954 1590.374 1591.851 1593.328 1594.805 1596.281 1597.048 1597.799 1598.549 1599.3 1599.723 1599.743 1599.764 1599.785 1599.805 1599.932 1600.069 1600.205 1600.342 1600.548 1600.864 1601.179 1601.495 1601.81 1601.99 1602.148 1602.306 1602.464 1602.563 1602.546 1602.529 1602.512 1602.495 1602.404 1602.296 1602.187 1602.079 1601.949 1601.763 1601.578 1601.393 1601.207 1601.058 1600.922 1600.786 1600.651 1600.378 1599.613 1598.847 1598.082 1597.317
1569.463 1570.98 1572.497 1574.014 1575.595 1577.225 1578.855 1580.485 1582.109 1583.553 1584.997 1586.442 1587.886 1589.382 1590.927 1592.473 1594.019 1595.564 1596.414 1597.248 1598.082 1598.915 1599.388 1599.417 1599.446 1599.476 1599.505 1599.638 1599.781 1599.923 1600.065 1600.278 1600.601 1600.923 1601.246 1601.569 1601.76 1601.93 1602.099 1602.269 1602.385 1602.39 1602.396 1602.402 1602.408 1602.322 1602.214 1602.106 1601.999 1601.877 1601.719 1601.561 1601.403 1601.245 1601.137 1601.047 1600.956 1600.866 1600.698 1600.252 1599.805 1599.359 1598.912
1567.986 1569.492 1570.999 1572.505 1574.06 1575.652 1577.245 1578.837 1580.426 1581.93 1583.433 1584.937 1586.441 1587.966 1589.511 1591.057 1592.603 1594.148 1595.13 1596.098 1597.067 1598.036 1598.618 1598.729 1598.839 1598.949 1599.059 1599.248 1599.445 1599.641 1599.837 1600.087 1600.42 1600.754 1601.088 1601.421 1601.609 1601.773 1601.938 1602.102 1602.219 1602.241 1602.263 1602.285 1602.307 1602.203 1602.068 1601.933 1601.798 1601.667 1601.547 1601.427 1601.307 1601.186 1601.104 1601.036 1600.967 1600.898 1600.759 1600.366 1599.974 1599.581 1599.188
1566.509 1568.005 1569.5 1570.996 1572.525 1574.079 1575.634 1577.189 1578.743 1580.306 1581.869 1583.432 1584.995 1586.55 1588.095 1589.641 1591.187 1592.732 1593.845 1594.949 1596.052 1597.156 1597.849 1598.04 1598.231 1598.422 1598.613 1598.859 1599.109 1599.359 1599.609 1599.896 1600.24 1600.584 1600.929 1601.273 1601.458 1601.617 1601.776 1601.935 1602.053 1602.092 1602.13 1602.168 1602.206 1602.084 1601.922 1601.76 1601.598 1601.458 1601.376 1601.293 1601.21 1601.128 1601.072 1601.024 1600.977 1600.93 1600.819 1600.481 1600.142 1599.803 1599.464
1565.032 1566.517 1568.002 1569.487 1570.99 1572.507 1574.023 1575.54 1577.061 1578.683 1580.305 1581.928 1583.55 1585.133 1586.679 1588.225 1589.771 1591.316 1592.561 1593.799 1595.037 1596.276 1597.08 1597.352 1597.623 1597.895 1598.167 1598.469 1598.773 1599.077 1599.38 1599.704 1600.06 1600.415 1600.77 1601.125 1601.307 1601.46 1601.614 1601.767 1601.888 1601.942 1601.997 1602.051 1602.105 1601.964 1601.776 1601.587 1601.398 1601.249 1601.204 1601.159 1601.114 1601.069 1601.039 1601.013 1600.988 1600.962 1600.88 1600.595 1600.31 1600.025 1599.741
1563.556 1565.03 1566.504 1567.978 1569.455 1570.934 1572.413 1573.892 1575.378 1577.06 1578.742 1580.423 1582.105 1583.717 1585.263 1586.809 1588.354 1589.9 1591.277 1592.65 1594.023 1595.396 1596.31 1596.663 1597.016 1597.369 1597.721 1598.079 1598.437 1598.794 1599.152 1599.513 1599.879 1600.245 1600.611 1600.977 1601.155 1601.304 1601.452 1601.6 1601.722 1601.793 1601.864 1601.934 1602.005 1601.845 1601.629 1601.413 1601.198 1601.039 1601.032 1601.025 1601.018 1601.011 1601.006 1601.002 1600.998 1600.994 1600.941 1600.71 1600.479 1600.248 1600.017
1562.028 1563.518 1565.007 1566.497 1567.977 1569.448 1570.92 1572.392 1573.871 1575.533 1577.196 1578.858 1580.52 1582.132 1583.695 1585.258 1586.821 1588.385 1589.799 1591.211 1592.622 1594.034 1595.049 1595.579 1596.109 1596.639 1597.169 1597.642 1598.111 1598.579 1599.048 1599.467 1599.809 1600.151 1600.492 1600.834 1601.008 1601.155 1601.302 1601.45 1601.565 1601.617 1601.668 1601.72 1601.772 1601.622 1601.423 1601.224 1601.025 1600.881 1600.881 1600.881 1600.881 1600.881 1600.878 1600.873 1600.869 1600.865 1600.82 1600.63 1600.44 1600.249 1600.059
1560.489 1562.0 1563.511 1565.023 1566.512 1567.984 1569.455 1570.927 1572.405 1574.029 1575.654 1577.278 1578.902 1580.507 1582.092 1583.676 1585.261 1586.846 1588.277 1589.705 1591.132 1592.56 1593.674 1594.403 1595.132 1595.862 1596.591 1597.195 1597.787 1598.38 1598.973 1599.454 1599.764 1600.073 1600.383 1600.692 1600.862 1601.009 1601.156 1601.303 1601.41 1601.434 1601.459 1601.484 1601.509 1601.375 1601.203 1601.031 1600.859 1600.735 1600.735 1600.735 1600.735 1600.735 1600.727 1600.718 1600.708 1600.698 1600.657 1600.505 1600.352 1600.2 1600.047
1558.95 1560.483 1562.016 1563.548 1565.047 1566.519 1567.99 1569.463 1570.939 1572.525 1574.112 1575.699 1577.285 1578.882 1580.488 1582.094 1583.701 1585.307 1586.755 1588.198 1589.642 1591.086 1592.298 1593.227 1594.156 1595.085 1596.014 1596.747 1597.464 1598.181 1598.897 1599.442 1599.719 1599.996 1600.273 1600.55 1600.715 1600.862 1601.009 1601.157 1601.254 1601.252 1601.25 1601.247 1601.245 1601.128 1600.983 1600.838 1600.693 1600.588 1600.588 1600.588 1600.588 1600.588 1600.577 1600.562 1600.547 1600.531 1600.495 1600.38 1600.265 1600.15 1600.036
1557.411 1558.965 1560.52 1562.074 1563.582 1565.054 1566.526 1567.998 1569.472 1571.021 1572.57 1574.119 1575.668 1577.257 1578.885 1580.513 1582.141 1583.768 1585.232 1586.692 1588.152 1589.612 1590.923 1592.051 1593.18 1594.308 1595.436 1596.3 1597.14 1597.981 1598.822 1599.429 1599.674 1599.919 1600.163 1600.408 1600.569 1600.716 1600.863 1601.01 1601.099 1601.069 1601.04 1601.011 1600.982 1600.881 1600.763 1600.645 1600.527 1600.442 1600.442 1600.442 1600.442 1600.442 1600.426 1600.406 1600.385 1600.365 1600.332 1600.255 1600.178 1600.101 1600.024
1555.764 1557.364 1558.964 1560.564 1562.094 1563.572 1565.05 1566.527 1568.006 1569.524 1571.043 1572.561 1574.079 1575.66 1577.301 1578.942 1580.583 1582.224 1583.709 1585.191 1586.672 1588.154 1589.559 1590.87 1592.181 1593.492 1594.803 1595.795 1596.76 1597.724 1598.689 1599.366 1599.595 1599.824 1600.053 1600.283 1600.439 1600.583 1600.728 1600.872 1600.951 1600.899 1600.847 1600.795 1600.743 1600.659 1600.566 1600.474 1600.381 1600.312 1600.305 1600.298 1600.291 1600.284 1600.256 1600.22 1600.184 1600.148 1600.108 1600.052 1599.996 1599.94 1599.884
1553.813 1555.526 1557.239 1558.952 1560.544 1562.043 1563.542 1565.041 1566.541 1568.048 1569.556 1571.063 1572.571 1574.14 1575.771 1577.401 1579.031 1580.661 1582.183 1583.703 1585.222 1586.742 1588.228 1589.674 1591.119 1592.565 1594.011 1595.128 1596.216 1597.305 1598.394 1599.159 1599.42 1599.682 1599.943 1600.205 1600.356 1600.49 1600.623 1600.757 1600.825 1600.762 1600.7 1600.637 1600.574 1600.505 1600.434 1600.363 1600.292 1600.232 1600.198 1600.164 1600.13 1600.096 1600.028 1599.949 1599.87 1599.791 1599.712 1599.629 1599.545 1599.462 1599.379
1551.861 1553.688 1555.514 1557.34 1558.993 1560.514 1562.035 1563.556 1565.075 1566.572 1568.069 1569.565 1571.062 1572.621 1574.24 1575.86 1577.479 1579.099 1580.657 1582.215 1583.772 1585.329 1586.897 1588.477 1590.058 1591.638 1593.219 1594.46 1595.673 1596.886 1598.098 1598.952 1599.245 1599.539 1599.833 1600.127 1600.274 1600.396 1600.519 1600.642 1600.699 1600.626 1600.553 1600.479 1600.406 1600.352 1600.302 1600.253 1600.203 1600.151 1600.09 1600.029 1599.968 1599.907 1599.801 1599.679 1599.557 1599.434 1599.315 1599.205 1599.095 1598.985 1598.875
1549.91 1551.849 1553.789 1555.728 1557.443 1558.985 1560.528 1562.07 1563.61 1565.096 1566.582 1568.068 1569.554 1571.102 1572.71 1574.319 1575.928 1577.536 1579.132 1580.727 1582.322 1583.917 1585.566 1587.281 1588.996 1590.711 1592.426 1593.793 1595.13 1596.467 1597.803 1598.745 1599.071 1599.397 1599.723 1600.05 1600.191 1600.303 1600.415 1600.527 1600.574 1600.49 1600.405 1600.321 1600.237 1600.198 1600.17 1600.142 1600.115 1600.07 1599.982 1599.895 1599.807 1599.719 1599.573 1599.408 1599.243 1599.078 1598.918 1598.781 1598.645 1598.508 1598.371
1547.958 1550.011 1552.064 1554.116 1555.893 1557.456 1559.02 1560.584 1562.145 1563.62 1565.095 1566.57 1568.045 1569.582 1571.18 1572.778 1574.376 1575.974 1577.606 1579.239 1580.871 1582.504 1584.234 1586.084 1587.934 1589.784 1591.634 1593.126 1594.587 1596.047 1597.508 1598.537 1598.896 1599.255 1599.613 1599.972 1600.109 1600.21 1600.311 1600.412 1600.448 1600.353 1600.258 1600.163 1600.068 1600.045 1600.038 1600.032 1600.026 1599.99 1599.875 1599.76 1599.645 1599.53 1599.346 1599.137 1598.929 1598.721 1598.522 1598.358 1598.194 1598.03 1597.866
1546.033 1548.08 1550.127 1552.174 1554.008 1555.678 1557.348 1559.017 1560.68 1562.152 1563.624 1565.096 1566.568 1568.115 1569.737 1571.358 1572.98 1574.601 1576.308 1578.017 1579.726 1581.435 1583.211 1585.069 1586.927 1588.786 1590.644 1592.198 1593.725 1595.252 1596.78 1597.894 1598.365 1598.836 1599.308 1599.779 1599.945 1600.062 1600.18 1600.297 1600.348 1600.265 1600.182 1600.099 1600.016 1600.0 1600.0 1600.0 1600.0 1599.937 1599.707 1599.477 1599.247 1599.017 1598.486 1597.851 1597.217 1596.583 1595.992 1595.56 1595.128 1594.696 1594.264
1544.119 1546.112 1548.105 1550.098 1551.988 1553.797 1555.607 1557.417 1559.215 1560.687 1562.159 1563.631 1565.103 1566.67 1568.329 1569.988 1571.647 1573.307 1575.104 1576.904 1578.705 1580.505 1582.312 1584.128 1585.943 1587.758 1589.573 1591.163 1592.734 1594.304 1595.874 1597.072 1597.689 1598.305 1598.922 1599.539 1599.749 1599.893 1600.037 1600.181 1600.257 1600.196 1600.135 1600.073 1600.012 1600.0 1600.0 1600.0 1600.0 1599.895 1599.514 1599.134 1598.753 1598.372 1597.367 1596.151 1594.934 1593.718 1592.592 1591.793 1590.995 1590.196 1589.397
1542.204 1544.143 1546.083 1548.022 1549.967 1551.917 1553.867 1555.817 1557.75 1559.222 1560.694 1562.166 1563.638 1565.224 1566.921 1568.618 1570.315 1572.012 1573.9 1575.792 1577.684 1579.576 1581.414 1583.186 1584.958 1586.73 1588.503 1590.129 1591.742 1593.356 1594.969 1596.25 1597.012 1597.775 1598.537 1599.299 1599.552 1599.723 1599.894 1600.066 1600.167 1600.127 1600.087 1600.047 1600.008 1600.0 1600.0 1600.0 1600.0 1599.854 1599.322 1598.79 1598.258 1597.727 1596.249 1594.45 1592.651 1590.853 1589.192 1588.026 1586.861 1585.696 1584.531
1540.289 1542.175 1544.06 1545.946 1547.947 1550.037 1552.127 1554.217 1556.285 1557.757 1559.229 1560.701 1562.173 1563.778 1565.513 1567.247 1568.982 1570.717 1572.695 1574.679 1576.663 1578.646 1580.516 1582.245 1583.974 1585.703 1587.432 1589.094 1590.751 1592.407 1594.064 1595.428 1596.336 1597.244 1598.152 1599.06 1599.356 1599.554 1599.752 1599.95 1600.076 1600.058 1600.04 1600.022 1600.004 1600.0 1600.0 1600.0 1600.0 1599.812 1599.129 1598.447 1597.764 1597.081 1595.131 1592.75 1590.369 1587.988 1585.791 1584.26 1582.728 1581.196 1579.664
1538.423 1540.256 1542.09 1543.923 1545.965 1548.168 1550.371 1552.573 1554.75 1556.241 1557.732 1559.223 1560.714 1562.346 1564.115 1565.884 1567.653 1569.422 1571.471 1573.525 1575.58 1577.635 1579.53 1581.23 1582.929 1584.629 1586.329 1588.028 1589.726 1591.425 1593.124 1594.57 1595.621 1596.672 1597.723 1598.774 1599.118 1599.35 1599.582 1599.814 1599.971 1599.978 1599.985 1599.992 1599.999 1600.0 1600.0 1600.0 1600.0 1599.78 1598.983 1598.185 1597.388 1596.59 1594.221 1591.318 1588.415 1585.512 1582.799 1580.771 1578.742 1576.714 1574.686
