data/zism_data/00581_01_D.txt
ncols         224
nrows         224
[rows 145 to 173 of 224, columns 65 to 129 of 224]
1505.707 1505.358 1505.01 1504.662 1504.308 1503.955 1503.602 1503.249 1502.929 1502.644 1502.36 1502.075 1501.791 1501.445 1501.097 1500.748 1500.4 1500.184 1500.144 1500.105 1500.066 1500.026 1499.93 1499.827 1499.724 1499.621 1499.527 1499.448 1499.37 1499.292 1499.213 1499.167 1499.128 1499.089 1499.049 1499.015 1498.99 1498.966 1498.941 1498.917 1498.765 1498.579 1498.392 1498.206 1498.054 1498.005 1497.956 1497.907 1497.858 1497.717 1497.54 1497.363 1497.187 1497.011 1496.839 1496.667 1496.495 1496.324 1496.155 1495.988 1495.822 1495.655 1495.497 1495.394 1495.29
1505.642 1505.315 1504.989 1504.662 1504.325 1503.988 1503.651 1503.313 1503.007 1502.733 1502.46 1502.186 1501.912 1501.588 1501.261 1500.934 1500.607 1500.385 1500.303 1500.22 1500.138 1500.055 1499.974 1499.892 1499.811 1499.729 1499.657 1499.6 1499.543 1499.486 1499.429 1499.351 1499.269 1499.186 1499.104 1499.039 1499.015 1498.99 1498.965 1498.941 1498.798 1498.623 1498.447 1498.271 1498.128 1498.079 1498.03 1497.98 1497.931 1497.786 1497.604 1497.422 1497.24 1497.055 1496.856 1496.657 1496.458 1496.259 1496.086 1495.924 1495.763 1495.601 1495.44 1495.277 1495.115
1505.578 1505.273 1504.967 1504.662 1504.341 1504.02 1503.699 1503.378 1503.086 1502.823 1502.56 1502.297 1502.034 1501.73 1501.425 1501.12 1500.815 1500.586 1500.461 1500.335 1500.209 1500.084 1500.017 1499.958 1499.898 1499.838 1499.787 1499.752 1499.716 1499.681 1499.646 1499.535 1499.409 1499.283 1499.158 1499.063 1499.039 1499.014 1498.99 1498.965 1498.831 1498.666 1498.501 1498.336 1498.201 1498.152 1498.103 1498.054 1498.005 1497.855 1497.668 1497.48 1497.293 1497.098 1496.872 1496.647 1496.421 1496.195 1496.016 1495.86 1495.704 1495.548 1495.383 1495.161 1494.939
1505.513 1505.23 1504.946 1504.662 1504.358 1504.053 1503.748 1503.443 1503.164 1502.912 1502.66 1502.408 1502.155 1501.873 1501.589 1501.306 1501.022 1500.788 1500.619 1500.45 1500.281 1500.113 1500.061 1500.023 1499.985 1499.946 1499.917 1499.903 1499.89 1499.876 1499.862 1499.718 1499.549 1499.38 1499.212 1499.088 1499.063 1499.039 1499.014 1498.99 1498.864 1498.71 1498.556 1498.402 1498.274 1498.225 1498.176 1498.127 1498.078 1497.925 1497.732 1497.539 1497.346 1497.142 1496.889 1496.636 1496.384 1496.131 1495.946 1495.796 1495.645 1495.494 1495.326 1495.045 1494.764
1505.39 1505.13 1504.87 1504.609 1504.321 1504.032 1503.744 1503.455 1503.194 1502.963 1502.731 1502.499 1502.268 1502.009 1501.749 1501.489 1501.229 1500.995 1500.797 1500.598 1500.4 1500.202 1500.146 1500.106 1500.065 1500.025 1500.0 1500.0 1500.0 1500.0 1500.0 1499.848 1499.667 1499.487 1499.306 1499.173 1499.145 1499.116 1499.088 1499.059 1498.938 1498.791 1498.644 1498.496 1498.375 1498.33 1498.285 1498.24 1498.194 1498.034 1497.83 1497.626 1497.422 1497.207 1496.947 1496.687 1496.426 1496.166 1495.97 1495.805 1495.64 1495.475 1495.289 1494.966 1494.643
1505.163 1504.93 1504.697 1504.463 1504.191 1503.918 1503.646 1503.374 1503.139 1502.945 1502.752 1502.558 1502.364 1502.132 1501.899 1501.666 1501.433 1501.212 1501.009 1500.805 1500.601 1500.398 1500.302 1500.219 1500.136 1500.052 1500.0 1500.0 1500.0 1500.0 1500.0 1499.884 1499.747 1499.609 1499.472 1499.365 1499.326 1499.286 1499.247 1499.208 1499.084 1498.937 1498.79 1498.643 1498.524 1498.49 1498.455 1498.421 1498.387 1498.214 1497.988 1497.762 1497.537 1497.31 1497.077 1496.843 1496.61 1496.377 1496.157 1495.944 1495.73 1495.517 1495.287 1494.954 1494.62
1504.936 1504.73 1504.524 1504.317 1504.061 1503.804 1503.548 1503.292 1503.084 1502.928 1502.772 1502.616 1502.46 1502.256 1502.05 1501.843 1501.637 1501.43 1501.221 1501.012 1500.803 1500.594 1500.459 1500.333 1500.206 1500.08 1500.0 1500.0 1500.0 1500.0 1500.0 1499.921 1499.826 1499.732 1499.637 1499.557 1499.507 1499.457 1499.407 1499.357 1499.231 1499.084 1498.937 1498.789 1498.673 1498.65 1498.626 1498.603 1498.579 1498.393 1498.146 1497.899 1497.652 1497.413 1497.206 1497.0 1496.794 1496.588 1496.345 1496.083 1495.821 1495.559 1495.286 1494.941 1494.597
1504.709 1504.53 1504.351 1504.171 1503.931 1503.691 1503.451 1503.211 1503.03 1502.911 1502.793 1502.674 1502.556 1502.379 1502.2 1502.021 1501.841 1501.647 1501.433 1501.218 1501.004 1500.79 1500.615 1500.446 1500.276 1500.107 1500.0 1500.0 1500.0 1500.0 1500.0 1499.957 1499.906 1499.854 1499.803 1499.749 1499.688 1499.627 1499.567 1499.506 1499.377 1499.23 1499.083 1498.936 1498.823 1498.81 1498.797 1498.784 1498.771 1498.573 1498.304 1498.036 1497.767 1497.516 1497.336 1497.157 1496.978 1496.799 1496.532 1496.222 1495.911 1495.601 1495.284 1494.929 1494.574
1504.482 1504.33 1504.178 1504.024 1503.801 1503.577 1503.353 1503.129 1502.975 1502.894 1502.813 1502.733 1502.652 1502.503 1502.35 1502.198 1502.046 1501.865 1501.645 1501.425 1501.205 1500.985 1500.772 1500.559 1500.347 1500.134 1500.0 1500.0 1500.0 1500.0 1500.0 1499.993 1499.985 1499.977 1499.969 1499.941 1499.869 1499.798 1499.726 1499.655 1499.524 1499.377 1499.229 1499.082 1498.972 1498.97 1498.968 1498.966 1498.964 1498.753 1498.463 1498.172 1497.882 1497.619 1497.466 1497.314 1497.162 1497.009 1496.719 1496.36 1496.002 1495.643 1495.283 1494.917 1494.551
1504.222 1504.088 1503.954 1503.819 1503.611 1503.403 1503.196 1502.988 1502.85 1502.785 1502.72 1502.655 1502.59 1502.463 1502.334 1502.204 1502.074 1501.906 1501.685 1501.464 1501.243 1501.022 1500.833 1500.647 1500.461 1500.276 1500.146 1500.111 1500.076 1500.041 1500.006 1500.0 1500.0 1500.0 1500.0 1499.981 1499.921 1499.86 1499.8 1499.739 1499.631 1499.51 1499.39 1499.269 1499.171 1499.14 1499.109 1499.079 1499.048 1498.842 1498.57 1498.297 1498.025 1497.771 1497.593 1497.415 1497.237 1497.059 1496.766 1496.416 1496.065 1495.715 1495.362 1494.994 1494.626
1503.954 1503.836 1503.718 1503.599 1503.408 1503.216 1503.025 1502.833 1502.708 1502.654 1502.6 1502.546 1502.492 1502.386 1502.278 1502.17 1502.062 1501.906 1501.685 1501.464 1501.243 1501.022 1500.872 1500.729 1500.586 1500.444 1500.325 1500.247 1500.169 1500.091 1500.012 1500.0 1500.0 1500.0 1500.0 1499.986 1499.942 1499.898 1499.853 1499.809 1499.73 1499.641 1499.553 1499.464 1499.381 1499.312 1499.244 1499.176 1499.107 1498.911 1498.665 1498.419 1498.174 1497.934 1497.719 1497.503 1497.287 1497.072 1496.781 1496.452 1496.123 1495.794 1495.459 1495.092 1494.724
1503.686 1503.584 1503.482 1503.38 1503.204 1503.029 1502.854 1502.678 1502.567 1502.524 1502.481 1502.437 1502.394 1502.309 1502.223 1502.136 1502.05 1501.906 1501.685 1501.464 1501.243 1501.022 1500.911 1500.811 1500.712 1500.612 1500.504 1500.383 1500.262 1500.141 1500.019 1500.0 1500.0 1500.0 1500.0 1499.991 1499.963 1499.935 1499.907 1499.879 1499.829 1499.772 1499.716 1499.66 1499.591 1499.485 1499.379 1499.273 1499.167 1498.979 1498.76 1498.542 1498.323 1498.098 1497.844 1497.591 1497.338 1497.084 1496.795 1496.488 1496.18 1495.873 1495.557 1495.189 1494.821
1503.418 1503.332 1503.247 1503.16 1503.001 1502.842 1502.683 1502.524 1502.426 1502.393 1502.361 1502.328 1502.296 1502.232 1502.167 1502.102 1502.037 1501.906 1501.685 1501.464 1501.243 1501.022 1500.949 1500.893 1500.837 1500.78 1500.684 1500.519 1500.355 1500.191 1500.026 1500.0 1500.0 1500.0 1500.0 1499.996 1499.984 1499.972 1499.96 1499.948 1499.927 1499.903 1499.879 1499.855 1499.801 1499.657 1499.513 1499.37 1499.226 1499.047 1498.856 1498.664 1498.472 1498.261 1497.97 1497.679 1497.388 1497.097 1496.809 1496.524 1496.238 1495.952 1495.655 1495.287 1494.919
1503.131 1503.061 1502.992 1502.922 1502.783 1502.644 1502.505 1502.367 1502.284 1502.261 1502.238 1502.215 1502.191 1502.138 1502.083 1502.029 1501.974 1501.854 1501.646 1501.437 1501.229 1501.021 1500.979 1500.956 1500.933 1500.91 1500.827 1500.642 1500.457 1500.272 1500.087 1500.047 1500.034 1500.021 1500.009 1500.0 1500.0 1500.0 1500.0 1500.0 1500.0 1500.0 1500.0 1500.0 1499.959 1499.797 1499.635 1499.473 1499.311 1499.14 1498.966 1498.791 1498.617 1498.415 1498.102 1497.788 1497.475 1497.162 1496.874 1496.598 1496.323 1496.047 1495.758 1495.386 1495.014
1502.789 1502.736 1502.683 1502.629 1502.523 1502.416 1502.31 1502.203 1502.14 1502.122 1502.105 1502.087 1502.069 1501.995 1501.919 1501.843 1501.767 1501.655 1501.495 1501.335 1501.176 1501.016 1500.984 1500.966 1500.949 1500.931 1500.867 1500.725 1500.583 1500.442 1500.3 1500.226 1500.164 1500.103 1500.042 1500.0 1500.0 1500.0 1500.0 1500.0 1500.0 1500.0 1500.0 1500.0 1499.969 1499.844 1499.72 1499.596 1499.472 1499.303 1499.118 1498.933 1498.747 1498.541 1498.25 1497.958 1497.666 1497.374 1497.079 1496.782 1496.485 1496.188 1495.878 1495.49 1495.101
1502.448 1502.411 1502.374 1502.336 1502.262 1502.188 1502.114 1502.04 1501.996 1501.984 1501.971 1501.959 1501.947 1501.853 1501.755 1501.657 1501.559 1501.456 1501.345 1501.234 1501.122 1501.011 1500.989 1500.977 1500.964 1500.952 1500.908 1500.809 1500.71 1500.611 1500.513 1500.405 1500.295 1500.185 1500.076 1500.0 1500.0 1500.0 1500.0 1500.0 1500.0 1500.0 1500.0 1500.0 1499.978 1499.892 1499.805 1499.719 1499.632 1499.467 1499.27 1499.074 1498.878 1498.668 1498.397 1498.127 1497.857 1497.587 1497.284 1496.966 1496.647 1496.328 1495.998 1495.594 1495.189
1502.107 1502.086 1502.065 1502.044 1502.002 1501.961 1501.919 1501.877 1501.852 1501.845 1501.838 1501.831 1501.824 1501.71 1501.591 1501.471 1501.352 1501.257 1501.194 1501.131 1501.069 1501.006 1500.994 1500.987 1500.98 1500.973 1500.948 1500.892 1500.837 1500.781 1500.725 1500.584 1500.425 1500.267 1500.109 1500.0 1500.0 1500.0 1500.0 1500.0 1500.0 1500.0 1500.0 1500.0 1499.988 1499.939 1499.89 1499.842 1499.793 1499.63 1499.423 1499.216 1499.009 1498.794 1498.545 1498.297 1498.048 1497.799 1497.49 1497.15 1496.809 1496.469 1496.118 1495.697 1495.276
1501.766 1501.761 1501.756 1501.751 1501.742 1501.733 1501.723 1501.714 1501.708 1501.707 1501.705 1501.704 1501.702 1501.567 1501.426 1501.285 1501.144 1501.058 1501.044 1501.03 1501.016 1501.001 1500.999 1500.997 1500.995 1500.994 1500.988 1500.976 1500.963 1500.951 1500.938 1500.763 1500.556 1500.349 1500.142 1500.0 1500.0 1500.0 1500.0 1500.0 1500.0 1500.0 1500.0 1500.0 1499.997 1499.986 1499.975 1499.964 1499.953 1499.793 1499.575 1499.357 1499.14 1498.92 1498.693 1498.466 1498.239 1498.012 1497.695 1497.333 1496.972 1496.61 1496.238 1495.801 1495.364
1501.406 1501.406 1501.406 1501.407 1501.43 1501.453 1501.476 1501.499 1501.516 1501.528 1501.539 1501.551 1501.562 1501.444 1501.32 1501.195 1501.071 1501.0 1501.0 1501.0 1501.0 1501.0 1501.0 1501.0 1501.0 1501.0 1500.987 1500.953 1500.918 1500.884 1500.849 1500.687 1500.501 1500.315 1500.128 1500.0 1500.0 1500.0 1500.0 1500.0 1500.0 1500.0 1500.0 1500.0 1499.994 1499.971 1499.948 1499.925 1499.902 1499.744 1499.535 1499.326 1499.116 1498.9 1498.656 1498.413 1498.169 1497.925 1497.599 1497.231 1496.863 1496.495 1496.118 1495.688 1495.258
1501.04 1501.04 1501.04 1501.041 1501.096 1501.152 1501.207 1501.262 1501.304 1501.332 1501.36 1501.387 1501.415 1501.328 1501.236 1501.145 1501.053 1501.0 1501.0 1501.0 1501.0 1501.0 1501.0 1501.0 1501.0 1501.0 1500.969 1500.886 1500.803 1500.72 1500.637 1500.508 1500.37 1500.233 1500.095 1500.0 1500.0 1500.0 1500.0 1500.0 1500.0 1500.0 1500.0 1500.0 1499.986 1499.931 1499.875 1499.82 1499.765 1499.609 1499.416 1499.223 1499.03 1498.821 1498.545 1498.269 1497.992 1497.716 1497.379 1497.011 1496.643 1496.275 1495.901 1495.487 1495.073
1500.674 1500.674 1500.674 1500.675 1500.763 1500.851 1500.938 1501.026 1501.092 1501.136 1501.18 1501.224 1501.268 1501.213 1501.153 1501.094 1501.034 1501.0 1501.0 1501.0 1501.0 1501.0 1501.0 1501.0 1501.0 1501.0 1500.951 1500.82 1500.688 1500.557 1500.425 1500.329 1500.24 1500.151 1500.062 1500.0 1500.0 1500.0 1500.0 1500.0 1500.0 1500.0 1500.0 1500.0 1499.978 1499.89 1499.802 1499.715 1499.627 1499.475 1499.298 1499.121 1498.944 1498.741 1498.433 1498.124 1497.816 1497.507 1497.159 1496.791 1496.423 1496.055 1495.683 1495.285 1494.887
1500.308 1500.308 1500.308 1500.31 1500.43 1500.55 1500.67 1500.79 1500.881 1500.941 1501.0 1501.061 1501.12 1501.097 1501.07 1501.043 1501.016 1501.0 1501.0 1501.0 1501.0 1501.0 1501.0 1501.0 1501.0 1501.0 1500.933 1500.753 1500.573 1500.393 1500.213 1500.15 1500.11 1500.069 1500.028 1500.0 1500.0 1500.0 1500.0 1500.0 1500.0 1500.0 1500.0 1500.0 1499.97 1499.849 1499.729 1499.609 1499.49 1499.34 1499.179 1499.018 1498.858 1498.662 1498.321 1497.98 1497.639 1497.298 1496.939 1496.571 1496.203 1495.835 1495.465 1495.084 1494.702
1500.0 1500.0 1500.0 1500.002 1500.144 1500.286 1500.428 1500.57 1500.678 1500.749 1500.82 1500.891 1500.962 1500.965 1500.965 1500.965 1500.965 1500.965 1500.965 1500.965 1500.965 1500.965 1500.965 1500.965 1500.965 1500.965 1500.886 1500.673 1500.46 1500.247 1500.034 1500.0 1500.0 1500.0 1500.0 1500.0 1500.0 1500.0 1500.0 1500.0 1500.0 1500.0 1500.0 1500.0 1499.962 1499.813 1499.664 1499.515 1499.366 1499.216 1499.066 1498.915 1498.765 1498.571 1498.203 1497.835 1497.467 1497.099 1496.735 1496.372 1496.009 1495.646 1495.283 1494.915 1494.547
1500.0 1500.0 1500.0 1500.002 1500.111 1500.221 1500.331 1500.44 1500.524 1500.578 1500.633 1500.688 1500.743 1500.745 1500.745 1500.745 1500.745 1500.745 1500.745 1500.745 1500.745 1500.745 1500.745 1500.745 1500.745 1500.745 1500.684 1500.52 1500.355 1500.191 1500.026 1500.0 1500.0 1500.0 1500.0 1500.0 1500.0 1500.0 1500.0 1500.0 1500.0 1500.0 1500.0 1500.0 1499.959 1499.8 1499.64 1499.48 1499.321 1499.152 1498.98 1498.807 1498.635 1498.425 1498.057 1497.689 1497.321 1496.953 1496.61 1496.279 1495.949 1495.618 1495.283 1494.915 1494.547
1500.0 1500.0 1500.0 1500.001 1500.078 1500.156 1500.233 1500.311 1500.369 1500.408 1500.446 1500.485 1500.524 1500.526 1500.526 1500.526 1500.526 1500.526 1500.526 1500.526 1500.526 1500.526 1500.526 1500.526 1500.526 1500.526 1500.483 1500.367 1500.25 1500.135 1500.019 1500.0 1500.0 1500.0 1500.0 1500.0 1500.0 1500.0 1500.0 1500.0 1500.0 1500.0 1500.0 1500.0 1499.957 1499.786 1499.616 1499.445 1499.275 1499.087 1498.894 1498.7 1498.506 1498.278 1497.91 1497.542 1497.174 1496.806 1496.485 1496.187 1495.889 1495.59 1495.283 1494.915 1494.547
1500.0 1500.0 1500.0 1500.001 1500.046 1500.091 1500.136 1500.181 1500.215 1500.237 1500.26 1500.282 1500.305 1500.306 1500.306 1500.306 1500.306 1500.306 1500.306 1500.306 1500.306 1500.306 1500.306 1500.306 1500.306 1500.306 1500.281 1500.213 1500.146 1500.078 1500.011 1500.0 1500.0 1500.0 1500.0 1500.0 1500.0 1500.0 1500.0 1500.0 1500.0 1500.0 1500.0 1500.0 1499.954 1499.773 1499.591 1499.41 1499.229 1499.023 1498.808 1498.592 1498.377 1498.132 1497.764 1497.396 1497.028 1496.66 1496.36 1496.094 1495.828 1495.563 1495.283 1494.915 1494.547
1500.0 1500.0 1500.0 1500.0 1500.013 1500.026 1500.038 1500.051 1500.06 1500.067 1500.073 1500.079 1500.086 1500.086 1500.086 1500.086 1500.086 1500.086 1500.086 1500.086 1500.086 1500.086 1500.086 1500.086 1500.086 1500.086 1500.079 1500.06 1500.041 1500.022 1500.003 1500.0 1500.0 1500.0 1500.0 1500.0 1500.0 1500.0 1500.0 1500.0 1500.0 1500.0 1500.0 1500.0 1499.951 1499.759 1499.567 1499.375 1499.183 1498.958 1498.722 1498.485 1498.248 1497.985 1497.617 1497.249 1496.881 1496.513 1496.235 1496.002 1495.768 1495.535 1495.283 1494.915 1494.547
1500.0 1500.0 1500.0 1500.0 1500.0 1500.0 1500.0 1500.0 1500.0 1500.0 1500.0 1500.0 1500.0 1500.0 1500.0 1500.0 1500.0 1500.0 1500.0 1500.0 1500.0 1500.0 1500.0 1500.0 1500.0 1500.0 1500.0 1500.0 1500.0 1500.0 1500.0 1500.0 1500.0 1500.0 1500.0 1499.997 1499.987 1499.977 1499.967 1499.958 1499.94 1499.92 1499.901 1499.881 1499.821 1499.645 1499.468 1499.292 1499.115 1498.889 1498.643 1498.398 1498.153 1497.883 1497.515 1497.147 1496.779 1496.411 1496.142 1495.921 1495.7 1495.479 1495.235 1494.848 1494.46
1500.0 1500.0 1500.0 1500.0 1500.0 1500.0 1500.0 1500.0 1500.0 1500.0 1500.0 1500.0 1500.0 1500.0 1500.0 1500.0 1500.0 1500.0 1500.0 1500.0 1500.0 1500.0 1500.0 1500.0 1500.0 1500.0 1500.0 1500.0 1500.0 1500.0 1500.0 1500.0 1500.0 1500.0 1500.0 1499.992 1499.966 1499.94 1499.914 1499.888 1499.841 1499.789 1499.737 1499.685 1499.61 1499.466 1499.321 1499.177 1499.033 1498.815 1498.57 1498.325 1498.079 1497.81 1497.442 1497.074 1496.706 1496.338 1496.068 1495.848 1495.627 1495.406 1495.158 1494.738 1494.318
