data/zism_data/00582_04_D.txt
ncols         224
nrows         224
[rows 112 to 139 of 224, columns 128 to 191 of 224]
460.9088 456.1449 451.3809 450.4857 450.9561 451.4265 451.8969 452.9227 456.2319 459.541 462.85 466.1592 468.439 470.1698 471.9005 473.6313 475.6988 480.5266 485.3544 490.1824 495.0102 502.5586 512.1992 521.8397 531.4806 541.0833 548.9819 556.8802 564.7785 572.6771 574.3844 569.338 564.2913 559.2449 554.1983 538.8761 522.8372 506.7977 490.7588 479.4464 475.4866 471.5271 467.5673 463.6078 466.5756 470.787 474.9982 479.2096 482.2367 482.5573 482.8778 483.1983 483.5189 472.4138 457.718 443.0218 428.326 413.8239 400.018 386.2126 372.4068 358.6014 347.2626 337.117
450.2805 445.689 441.0975 440.0721 440.3052 440.5385 440.7716 441.4642 444.0456 446.6269 449.2083 451.7896 453.7565 455.3956 457.0347 458.6738 460.7733 466.647 472.5206 478.3945 484.2682 492.7649 503.2787 513.7926 524.3069 534.7684 542.8718 550.975 559.0781 567.1816 569.166 564.4753 559.7845 555.0939 550.4031 535.5325 519.9518 504.3705 488.7898 477.7416 473.7441 469.7468 465.7493 461.752 464.9654 469.4733 473.9811 478.489 481.7863 482.3171 482.8479 483.3787 483.9095 472.9818 458.4532 443.924 429.3954 415.1178 401.7432 388.3691 374.9945 361.6204 350.2043 339.7353
439.6521 435.2332 430.8142 429.6584 429.6544 429.6504 429.6463 430.0058 431.8594 433.7129 435.5664 437.42 439.074 440.6215 442.1689 443.7164 445.8479 452.7674 459.6869 466.6066 473.5261 482.9712 494.3584 505.7456 517.1332 528.4534 536.7617 545.0698 553.3778 561.6861 563.9475 559.6127 555.2777 550.9429 546.608 532.1888 517.0663 501.9433 486.8208 476.0368 472.0016 467.9665 463.9312 459.8962 463.3553 468.1597 472.9639 477.7683 481.3359 482.077 482.818 483.559 484.3 473.5498 459.1883 444.8263 430.4648 416.4117 403.4684 390.5256 377.5823 364.6395 353.146 342.3535
429.0238 424.7773 420.5308 419.2447 419.0035 418.7623 418.5211 418.5473 419.6731 420.7989 421.9247 423.0505 424.3915 425.8473 427.3031 428.7589 430.9224 438.8878 446.8531 454.8187 462.7841 473.1775 485.438 497.6985 509.9594 522.1385 530.6517 539.1646 547.6774 556.1906 558.7291 554.7501 550.7709 546.7919 542.8128 528.8453 514.181 499.5162 484.8519 474.332 470.259 466.1862 462.1132 458.0404 461.7451 466.8461 471.9468 477.0477 480.8856 481.8368 482.7881 483.7394 484.6906 474.1178 459.9234 445.7285 431.5341 417.7056 405.1936 392.682 380.17 367.6585 356.0877 344.9717
418.743 414.7056 410.6682 409.2779 408.822 408.366 407.9101 407.629 408.0664 408.5038 408.9411 409.3785 410.4362 411.8248 413.2133 414.6019 416.8126 425.7641 434.7156 443.6674 452.6189 463.8831 476.9257 489.9683 503.0113 515.9584 524.6096 533.2604 541.9113 550.5624 553.3268 549.6696 546.0121 542.3549 538.6975 525.1834 510.9817 496.7795 482.5778 472.3215 468.2027 464.084 459.9652 455.8465 459.8007 465.204 470.6072 476.0106 480.1263 481.2994 482.4725 483.6455 484.8186 474.4731 460.5077 446.5418 432.5764 419.0239 406.9576 394.8917 382.8253 370.7595 359.131 347.7137
414.11 410.8758 407.6417 406.5725 406.2676 405.9626 405.6576 405.4884 405.8773 406.2662 406.655 407.0439 408.2992 410.0166 411.734 413.4514 415.9569 424.9246 433.8923 442.8603 451.8279 462.7031 475.0448 487.3866 499.7287 511.9696 519.6719 527.374 535.076 542.7784 544.9368 541.0477 537.1586 533.2695 529.3803 516.3499 502.6819 489.0135 475.3455 465.3445 461.0478 456.7512 452.4544 448.1578 452.4232 458.2255 464.0276 469.8299 474.3479 475.9307 477.5135 479.0963 480.6791 471.3709 458.64 445.9087 433.1778 420.7392 409.3521 397.9655 386.5785 375.1919 363.8248 352.4669
409.477 407.0461 404.6152 403.8672 403.7132 403.5592 403.4052 403.3479 403.6882 404.0286 404.3689 404.7093 406.1621 408.2084 410.2546 412.3008 415.1013 424.0851 433.069 442.0531 451.037 461.523 473.1639 484.8048 496.4462 507.9809 514.7344 521.4876 528.2408 534.9943 536.5468 532.426 528.3049 524.1841 520.063 507.5165 494.3822 481.2475 468.1133 458.3675 453.8928 449.4183 444.9437 440.4691 445.0457 451.2469 457.448 463.6493 468.5695 470.562 472.5545 474.547 476.5395 468.2686 456.7723 445.2756 433.7793 422.4544 411.7467 401.0394 390.3317 379.6243 368.5187 357.2201
404.844 403.2164 401.5887 401.1619 401.1588 401.1558 401.1527 401.2073 401.4992 401.791 402.0828 402.3746 404.0251 406.4002 408.7753 411.1504 414.2457 423.2457 432.2457 441.246 450.246 460.3429 471.283 482.2231 493.1636 503.9921 509.7967 515.6011 521.4056 527.2102 528.1569 523.8041 519.4513 515.0986 510.7458 498.683 486.0825 473.4815 460.881 451.3905 446.7379 442.0855 437.4329 432.7805 437.6682 444.2684 450.8684 457.4686 462.791 465.1932 467.5956 469.9978 472.4 465.1664 454.9046 444.6425 434.3807 424.1697 414.1413 404.1132 394.0848 384.0567 373.2126 361.9733
400.211 399.3866 398.5623 398.4565 398.6044 398.7523 398.9002 399.0668 399.3101 399.5534 399.7967 400.04 401.8881 404.592 407.2959 409.9998 413.39 422.4062 431.4224 440.4388 449.455 459.1629 469.4021 479.6414 489.8811 500.0033 504.8591 509.7147 514.5704 519.4261 519.7668 515.1824 510.5977 506.0132 501.4286 489.8496 477.7828 465.7155 453.6487 444.4135 439.5829 434.7526 429.9221 425.0918 430.2906 437.2898 444.2888 451.288 457.0126 459.8245 462.6366 465.4485 468.2604 462.0642 453.037 444.0094 434.9821 425.885 416.5359 407.1871 397.838 388.4892 377.9065 366.7265
397.6766 397.3152 396.9537 397.045 397.296 397.5471 397.7981 398.1042 398.6365 399.1688 399.7011 400.2334 402.7487 406.3216 409.8944 413.4672 417.6201 426.5287 435.4373 444.3462 453.2547 462.2939 471.433 480.572 489.7114 498.7354 502.5833 506.431 510.2787 514.1266 513.7136 508.6526 503.5913 498.5303 493.4691 482.0819 470.2535 458.4246 446.5962 437.5762 432.925 428.274 423.6229 418.9718 423.9638 430.6869 437.4097 444.1328 449.7301 452.7549 455.7797 458.8045 461.8293 456.6939 448.994 441.2938 433.5939 425.7181 417.2086 408.6994 400.19 391.6808 381.3948 370.2487
397.0659 396.8554 396.6449 396.8194 397.1297 397.4401 397.7504 398.2213 399.352 400.4827 401.6134 402.7442 406.3571 411.294 416.2307 421.1674 426.5121 435.1996 443.8871 452.575 461.2625 469.3767 477.0494 484.7221 492.3951 499.9615 502.7473 505.533 508.3188 511.1046 509.8022 504.0404 498.2783 492.5164 486.7543 475.2912 463.4305 451.5692 439.7085 430.8671 426.7227 422.5784 418.4341 414.2898 418.6002 424.4283 430.2562 436.0843 441.0689 444.126 447.1832 450.2403 453.2974 449.2445 442.9571 436.6694 430.3819 423.826 416.3031 408.7805 401.2576 393.735 383.778 372.6427
396.4551 396.3956 396.3361 396.5938 396.9634 397.3331 397.7027 398.3383 400.0675 401.7967 403.5258 405.255 409.9655 416.2664 422.567 428.8677 435.404 443.8705 452.337 460.8038 469.2703 476.4595 482.6659 488.8722 495.0787 501.1877 502.9114 504.6351 506.3587 508.0825 505.8909 499.4282 492.9652 486.5025 480.0396 468.5005 456.6074 444.7139 432.8207 424.158 420.5204 416.8828 413.2452 409.6077 413.2365 418.1696 423.1026 428.0358 432.4077 435.4971 438.5867 441.6761 444.7656 441.7951 436.9201 432.045 427.1699 421.9338 415.3976 408.8615 402.3253 395.7892 386.1612 375.0367
395.8444 395.9359 396.0273 396.3682 396.7971 397.2261 397.655 398.4554 400.7831 403.1106 405.4381 407.7657 413.574 421.2388 428.9034 436.568 444.296 452.5414 460.7868 469.0326 477.278 483.5423 488.2823 493.0223 497.7624 502.4138 503.0754 503.7371 504.3987 505.0604 501.9796 494.816 487.6522 480.4886 473.3248 461.7098 449.7844 437.8585 425.933 417.4489 414.318 411.1873 408.0564 404.9257 407.8728 411.911 415.9491 419.9872 423.7465 426.8683 429.9902 433.112 436.2338 434.3458 430.8832 427.4205 423.9579 420.0417 414.4921 408.9426 403.3929 397.8434 388.5444 377.4307
395.2337 395.4761 395.7184 396.1426 396.6308 397.1191 397.6073 398.5725 401.4986 404.4245 407.3504 410.2765 417.1824 426.2112 435.2396 444.2681 453.1877 461.2122 469.2366 477.2612 485.2856 490.625 493.8987 497.1723 500.4461 503.6399 503.2395 502.8391 502.4388 502.0384 498.0683 490.2039 482.3392 474.4748 466.6101 454.9192 442.9614 431.0032 419.0454 410.7399 408.1158 405.4918 402.8677 400.2437 402.5092 405.6525 408.7956 411.9389 415.0854 418.2395 421.3938 424.548 427.7021 426.8965 424.8464 422.7961 420.746 418.1496 413.5865 409.0236 404.4606 399.8976 390.9276 379.8246
395.0097 395.4455 395.8813 396.6 397.4185 398.237 399.0555 400.4793 404.3916 408.3038 412.2159 416.1282 423.4247 432.5264 441.6277 450.7292 459.6164 466.745 473.8737 481.0026 488.1312 492.6787 495.2405 497.8022 500.364 502.852 502.0165 501.181 500.3456 499.5101 494.9676 486.3811 477.7944 469.2079 460.6211 449.4489 438.0963 426.7432 415.3906 407.5706 405.2461 402.9217 400.5971 398.2727 400.0143 402.4857 404.9572 407.4286 409.9576 412.6181 415.2788 417.9393 420.5999 420.0031 418.3824 416.7618 415.1412 412.9107 408.4841 404.0577 399.6311 395.2047 386.4153 375.5144
394.7914 395.4212 396.0511 397.0675 398.2202 399.373 400.5258 402.4124 407.3167 412.2208 417.1249 422.0291 429.7057 438.8614 448.0166 457.1719 466.0088 472.2318 478.4547 484.6779 490.9008 494.6584 496.5194 498.3803 500.2413 502.0344 500.7731 499.5117 498.2504 496.989 491.8789 482.57 473.2608 463.952 454.6428 443.9979 433.2599 422.5214 411.7834 404.4535 402.4255 400.3976 398.3695 396.3416 397.5616 399.3645 401.1674 402.9704 404.8818 407.041 409.2003 411.3594 413.5186 413.1178 411.9123 410.7067 409.5012 407.6225 403.3199 399.0175 394.715 390.4125 381.8016 371.1056
394.573 395.397 396.2209 397.535 399.022 400.5089 401.996 404.3456 410.2418 416.1378 422.0338 427.93 435.9868 445.1964 454.4055 463.6147 472.4012 477.7184 483.0357 488.3532 493.6705 496.6382 497.7983 498.9585 500.1186 501.2169 499.5296 497.8424 496.1552 494.468 488.7901 478.7589 468.7273 458.696 448.6645 438.547 428.4235 418.2996 408.1761 401.3364 399.6049 397.8734 396.1419 394.4105 395.1088 396.2433 397.3777 398.5122 399.806 401.4638 403.1217 404.7796 406.4374 406.2325 405.4421 404.6516 403.8612 402.3344 398.1558 393.9773 389.7988 385.6203 377.1879 366.6967
394.3547 395.3727 396.3907 398.0025 399.8237 401.6449 403.4662 406.2787 413.1669 420.0548 426.9427 433.8309 442.2679 451.5313 460.7944 470.0575 478.7935 483.2052 487.6168 492.0285 496.4401 498.6179 499.0772 499.5366 499.9959 500.3994 498.2862 496.1732 494.0601 491.947 485.7014 474.9478 464.1938 453.4402 442.6862 433.096 423.5871 414.0778 404.5689 398.2192 396.7842 395.3493 393.9143 392.4794 392.6561 393.1221 393.588 394.054 394.7302 395.8867 397.0432 398.1997 399.3562 399.3472 398.9719 398.5966 398.2213 397.0462 392.9916 388.9372 384.8826 380.8281 372.5742 362.2879
394.1638 395.3735 396.5832 398.4651 400.5843 402.7034 404.8226 407.9385 415.1526 422.3664 429.5802 436.7943 445.1759 454.1808 463.1854 472.19 480.6442 484.5837 488.5232 492.4627 496.4022 498.0785 498.0138 497.9492 497.8845 497.7635 495.1107 492.4579 489.8051 487.1523 480.5148 469.5304 458.5457 447.5614 436.5766 427.7022 418.9749 410.2474 401.5201 395.7054 394.4217 393.1379 391.8541 390.5703 390.4128 390.4573 390.5018 390.5464 390.7945 391.5077 392.221 392.9343 393.6476 393.6015 393.3167 393.0319 392.7472 391.633 387.5329 383.4329 379.3328 375.2328 367.1951 357.2517
394.0067 395.405 396.8034 398.9218 401.2944 403.6669 406.0395 409.2632 415.9867 422.7099 429.4331 436.1566 443.9493 452.3126 460.6756 469.0387 476.9276 480.9263 484.9251 488.924 492.9227 494.4511 494.0792 493.7072 493.3352 492.8989 489.5668 486.2347 482.9027 479.5705 472.7566 462.1442 451.5314 440.9191 430.3063 422.3784 414.6377 406.8967 399.156 393.9313 392.6205 391.3098 389.9991 388.6884 388.4261 388.3521 388.278 388.2039 388.2563 388.5976 388.9389 389.2802 389.6214 389.2526 388.6605 388.0685 387.4764 386.0667 381.7132 377.3598 373.0063 368.6529 360.8777 351.4465
393.8495 395.4366 397.0236 399.3786 402.0045 404.6304 407.2564 410.588 416.8208 423.0535 429.2861 435.519 442.7226 450.4444 458.1659 465.8874 473.2109 477.269 481.327 485.3852 489.4433 490.8238 490.1445 489.4652 488.7859 488.0343 484.0228 480.0115 476.0002 471.9888 464.9983 454.7579 444.5172 434.2768 424.036 417.0546 410.3004 403.546 396.7919 392.1571 390.8194 389.4818 388.1441 386.8064 386.4395 386.2468 386.0541 385.8615 385.7181 385.6874 385.6567 385.626 385.5953 384.9037 384.0043 383.105 382.2056 380.5004 375.8934 371.2867 366.6798 362.073 354.5603 345.6413
393.6924 395.4681 397.2438 399.8353 402.7146 405.5939 408.4733 411.9127 417.6549 423.397 429.1391 434.8813 441.4959 448.5762 455.6561 462.7361 469.4943 473.6116 477.7289 481.8464 485.9638 487.1964 486.2098 485.2233 484.2367 483.1696 478.4789 473.7883 469.0977 464.407 457.2401 447.3716 437.5029 427.6345 417.7657 411.7307 405.9632 400.1953 394.4277 390.383 389.0183 387.6537 386.289 384.9244 384.4529 384.1416 383.8303 383.519 383.1799 382.7773 382.3745 381.9719 381.5692 380.5548 379.3482 378.1415 376.9349 374.934 370.0737 365.2136 360.3533 355.4931 348.243 339.8361
393.5352 395.4996 397.464 400.292 403.4247 406.5574 409.6902 413.2374 418.489 423.7405 428.992 434.2437 440.2693 446.7079 453.1464 459.5848 465.7776 469.9542 474.1309 478.3077 482.4843 483.569 482.2751 480.9813 479.6874 478.305 472.935 467.5651 462.1953 456.8253 449.4818 439.9854 430.4886 420.9922 411.4955 406.407 401.6259 396.8447 392.0636 388.6089 387.2172 385.8257 384.434 383.0424 382.4662 382.0363 381.6064 381.1766 380.6418 379.8671 379.0924 378.3177 377.5431 376.2059 374.692 373.178 371.6641 369.3677 364.254 359.1405 354.0268 348.9132 341.9256 334.0309
392.2805 394.276 396.2716 398.9094 401.7737 404.638 407.5023 410.703 415.2869 419.8706 424.4543 429.0382 434.2077 439.6897 445.1716 450.6535 455.9295 459.5157 463.1019 466.6882 470.2744 471.2236 470.1442 469.0648 467.9854 466.8216 461.8552 456.889 451.9228 446.9564 440.4276 432.1941 423.9603 415.7268 407.493 403.1514 399.0812 395.0109 390.9408 387.8755 386.3732 384.871 383.3687 381.8665 381.1103 380.488 379.8657 379.2433 378.5228 377.578 376.6331 375.6883 374.7435 373.4127 371.9607 370.5086 369.0565 366.9697 362.5969 358.2243 353.8516 349.479 343.3335 336.33
390.9212 392.933 394.9447 397.3516 399.8978 402.444 404.9903 407.8012 411.7004 415.5994 419.4985 423.3976 427.6856 432.1811 436.6764 441.1717 445.4974 448.4313 451.3652 454.2992 457.233 458.0479 457.2327 456.4175 455.6023 454.7079 450.2483 445.7888 441.3293 436.8698 431.2499 424.3642 417.4782 410.5925 403.7065 400.0928 396.7073 393.3217 389.9362 387.2412 385.6203 383.9995 382.3787 380.7578 379.8145 378.9926 378.1709 377.349 376.4438 375.3481 374.2523 373.1565 372.0607 370.7677 369.4127 368.0576 366.7026 364.8733 361.3362 357.7993 354.2622 350.7252 345.4771 339.4008
389.5619 391.5898 393.6178 395.7938 398.0219 400.25 402.4782 404.8993 408.1138 411.3282 414.5426 417.7571 421.1635 424.6724 428.1812 431.6899 435.0654 437.347 439.6285 441.9101 444.1917 444.8722 444.3212 443.7701 443.2191 442.5941 438.6413 434.6886 430.7359 426.7831 422.0722 416.5343 410.9961 405.4582 399.92 397.0342 394.3333 391.6324 388.9315 386.6069 384.8674 383.128 381.3886 379.6492 378.5186 377.4973 376.476 375.4548 374.3649 373.1182 371.8714 370.6247 369.378 368.1227 366.8647 365.6067 364.3487 362.777 360.0756 357.3742 354.6728 351.9714 347.6207 342.4717
388.2026 390.2467 392.2909 394.236 396.146 398.0561 399.9662 401.9975 404.5273 407.057 409.5868 412.1166 414.6414 417.1637 419.6859 422.2081 424.6334 426.2626 427.8918 429.5211 431.1503 431.6965 431.4097 431.1228 430.8359 430.4803 427.0343 423.5884 420.1425 416.6964 412.8945 408.7043 404.514 400.3239 396.1335 393.9756 391.9594 389.9431 387.9269 385.9726 384.1146 382.2566 380.3985 378.5405 377.2228 376.002 374.7813 373.5605 372.2859 370.8882 369.4905 368.0928 366.6952 365.4776 364.3167 363.1557 361.9948 360.6807 358.8149 356.9492 355.0834 353.2177 349.7643 345.5426
386.5388 388.5991 390.6594 392.4427 394.1281 395.8135 397.499 399.2522 401.2843 403.3162 405.3482 407.3802 409.2356 410.9968 412.758 414.5191 416.2134 417.3589 418.5044 419.65 420.7955 421.2371 421.1372 421.0373 420.9373 420.7758 417.8385 414.9014 411.9642 409.027 405.9816 402.8183 399.6548 396.4914 393.3279 391.6566 390.0894 388.5222 386.955 385.2586 383.3612 381.4638 379.5663 377.6689 376.2381 374.891 373.5439 372.1968 370.8237 369.3908 367.9579 366.5251 365.0923 364.0406 363.1088 362.1769 361.2451 360.2804 359.1974 358.1145 357.0316 355.9486 353.3056 349.9076
