data/zism_data/00582_02_D.txt
ncols         224
nrows         224
[rows 0 to 28 of 224, columns 0 to 64 of 224]
425.9296 429.8086 433.6876 437.5667 451.3729 465.6302 479.888 494.1452 502.5793 502.7377 502.8961 503.0545 503.2129 488.7147 472.0184 455.3222 438.6254 425.5995 420.1591 414.7184 409.278 403.8374 402.2446 401.7206 401.1965 400.6725 400.6051 401.9907 403.3763 404.7619 406.1475 414.3388 425.5081 436.6771 447.8464 460.0453 477.9825 495.9203 513.8575 531.7953 540.2642 542.6467 545.0293 547.4118 549.1117 541.0247 532.9379 524.8508 516.764 512.2771 511.0899 509.9028 508.7157 507.5286 510.3799 513.321 516.2621 519.2031 523.7087 530.2478 536.7871 543.3262 549.8653 550.4742 550.3598
433.1275 436.6938 440.2601 443.8266 458.3978 473.4691 488.541 503.6124 512.8538 513.8102 514.7665 515.7228 516.6791 501.7411 484.4194 467.0978 449.7756 435.734 428.4714 421.2085 413.9459 406.683 404.2596 403.1802 402.1008 401.0215 400.4426 401.4562 402.4698 403.4834 404.497 411.4163 420.9197 430.4228 439.9262 450.3985 466.2709 482.1438 498.0161 513.889 521.5763 524.002 526.4277 528.8533 530.6983 524.2178 517.7376 511.2572 504.7769 501.9303 502.4144 502.8986 503.3828 503.8669 508.7375 513.7058 518.6739 523.642 529.4035 536.196 542.9888 549.7813 556.5738 556.8162 556.2598
440.3256 443.5792 446.8329 450.0866 465.4229 481.3084 497.1944 513.0798 523.1287 524.8829 526.6372 528.3915 530.1457 514.7679 496.8209 478.8738 460.9261 445.8689 436.7841 427.6989 418.614 409.5287 406.2746 404.6399 403.0052 401.3705 400.2802 400.9218 401.5633 402.2049 402.8465 408.4936 416.3311 424.1682 432.0056 440.7513 454.5588 468.3668 482.1743 495.9822 502.8878 505.3566 507.8254 510.2943 512.2843 507.4105 502.5368 497.663 492.7894 491.5831 493.7386 495.8941 498.0496 500.2051 507.0951 514.0906 521.0858 528.081 535.0985 542.1445 549.1906 556.2366 563.2825 563.1584 562.1599
447.5235 450.4644 453.4054 456.3464 472.4479 489.1473 505.8474 522.5469 533.4033 535.9554 538.5075 541.0598 543.6119 527.7943 509.2219 490.6494 472.0763 456.0035 445.0964 434.1889 423.2819 412.3744 408.2895 406.0995 403.9095 401.7195 400.1177 400.3873 400.6569 400.9265 401.196 405.5711 411.7426 417.9139 424.0854 431.1045 442.8472 454.5902 466.3329 478.076 484.1998 486.7118 489.2238 491.7358 493.8709 490.6037 487.3366 484.0694 480.8022 481.2363 485.0631 488.8899 492.7166 496.5435 505.4528 514.4753 523.4976 532.5199 540.7933 548.0927 555.3923 562.6917 569.991 569.5004 568.0599
454.773 457.238 459.703 462.1681 478.6101 495.6872 512.7649 529.842 541.303 544.7821 548.2613 551.7406 555.2197 539.4362 520.7639 502.0915 483.4185 466.6788 453.9332 441.1872 428.4416 415.6956 410.6987 407.854 405.0092 402.1645 400.0 400.0 400.0 400.0 400.0 403.2622 407.9519 412.6414 417.3311 422.7879 432.5192 442.2509 451.9822 461.7139 467.0164 469.4721 471.9278 474.3835 476.5601 474.7361 472.9122 471.0883 469.2644 471.0027 476.0065 481.0102 486.0139 491.0177 501.4636 512.0309 522.5977 533.1646 542.3154 549.6248 556.9343 564.2437 571.553 570.5914 568.6213
462.1588 463.7181 465.2774 466.8368 482.502 498.8082 515.115 531.4212 542.9529 547.699 552.445 557.1912 561.9373 547.4348 530.0455 512.6561 495.2662 478.7776 464.1507 449.5232 434.8961 420.2686 414.1454 410.3843 406.623 402.8618 400.0 400.0 400.0 400.0 400.0 402.5685 406.2608 409.953 413.6454 417.9719 425.8326 433.6935 441.5541 449.4151 453.7921 455.9296 458.0673 460.2049 462.1502 461.3398 460.5294 459.719 458.9086 461.0669 465.9467 470.8264 475.706 480.5858 491.298 502.1402 512.982 523.8237 532.8558 539.5344 546.2132 552.8918 559.5704 557.8629 555.1325
469.5443 470.198 470.8517 471.5054 486.3938 501.9291 517.465 533.0002 544.6027 550.6157 556.6286 562.6417 568.6546 555.433 539.3267 523.2204 507.1135 490.8761 474.3678 457.8588 441.3505 424.8415 417.5921 412.9145 408.2367 403.5591 400.0 400.0 400.0 400.0 400.0 401.8747 404.5698 407.2647 409.9597 413.1561 419.1461 425.1364 431.1264 437.1167 440.5681 442.3877 444.2072 446.0268 447.7409 447.944 448.147 448.3501 448.5531 451.1314 455.8872 460.6429 465.3985 470.1544 481.1328 492.2498 503.3665 514.4832 523.3964 529.4443 535.4925 541.5404 547.5883 545.1346 541.6442
476.93 476.678 476.4261 476.1741 490.2857 505.0501 519.815 534.5793 546.2527 553.5325 560.8123 568.0923 575.3721 563.4316 548.6083 533.785 518.9612 502.975 484.5852 466.1948 447.805 429.4146 421.0389 415.4448 409.8506 404.2565 400.0 400.0 400.0 400.0 400.0 401.1809 402.8786 404.5763 406.274 408.3401 412.4595 416.579 420.6984 424.8179 427.3438 428.8452 430.3467 431.8482 433.3311 434.5477 435.7642 436.9808 438.1973 441.1956 445.8274 450.4591 455.0907 459.7225 470.9672 482.3592 493.7508 505.1424 513.9368 519.3539 524.7714 530.1885 535.6058 532.406 528.1555
484.3156 483.1579 482.0003 480.8427 494.1775 508.171 522.165 536.1584 547.9025 556.4492 564.9958 573.5428 582.0895 571.4298 557.8896 544.3493 530.8086 515.0735 494.8023 474.5304 454.2593 433.9874 424.4856 417.975 411.4643 404.9538 400.0 400.0 400.0 400.0 400.0 400.4872 401.1876 401.8879 402.5883 403.5243 405.7731 408.0219 410.2707 412.5195 414.1198 415.3032 416.4867 417.6701 418.9218 421.1519 423.3818 425.6119 427.8419 431.2602 435.768 440.2756 444.7832 449.291 460.8019 472.4689 484.1354 495.8019 504.4774 509.2639 514.0506 518.8371 523.6237 519.6779 514.6672
487.3623 485.7253 484.0884 482.4514 494.0142 506.1768 518.34 530.5026 541.172 549.7184 558.265 566.8117 575.3582 566.4864 555.0022 543.518 532.0334 517.6746 497.3748 477.0743 456.7745 436.474 426.5387 419.4823 412.4256 405.3691 400.0 400.0 400.0 400.0 400.0 400.2563 400.6248 400.9932 401.3617 401.8984 403.3722 404.8461 406.32 407.7939 408.9386 409.8717 410.8048 411.7379 412.7502 414.898 417.0457 419.1935 421.3412 424.4164 428.3419 432.2674 436.1927 440.1183 451.1371 462.3139 473.4903 484.6667 493.3125 498.6676 504.0229 509.3781 514.7332 511.7343 507.7168
488.8775 486.9117 484.9459 482.98 492.4196 502.3774 512.3356 522.2935 531.4839 539.5829 547.682 555.7814 563.8804 556.9755 547.8201 538.6647 529.509 516.9235 497.249 477.5738 457.8993 438.2242 428.0999 420.6284 413.1566 405.685 400.0 400.0 400.0 400.0 400.0 400.1888 400.4602 400.7317 401.0031 401.3984 402.4841 403.5699 404.6556 405.7413 406.5963 407.303 408.0097 408.7164 409.4865 411.1653 412.844 414.5228 416.2015 418.6642 421.8458 425.0273 428.2087 431.3903 441.6494 452.066 462.4824 472.8987 481.5461 487.8931 494.2403 500.5873 506.9343 505.48 503.0743
490.3928 488.0981 485.8035 483.5087 490.8249 498.5779 506.3311 514.0841 521.7955 529.4471 537.0988 544.7507 552.4023 547.4642 540.6377 533.8112 526.9845 516.1724 497.1232 478.0734 459.0242 439.9743 429.6612 421.7745 413.8875 406.0009 400.0 400.0 400.0 400.0 400.0 400.1213 400.2957 400.4701 400.6445 400.8985 401.596 402.2936 402.9911 403.6887 404.254 404.7343 405.2145 405.6948 406.2226 407.4324 408.6421 409.8518 411.0616 412.9118 415.3494 417.7869 420.2244 422.662 432.1613 441.8178 451.474 461.1302 469.7792 477.1182 484.4574 491.7963 499.1352 499.2254 498.4316
491.908 489.2845 486.661 484.0374 489.2303 494.7785 500.3268 505.875 512.1074 519.3116 526.5159 533.7203 540.9246 537.9532 533.4556 528.9579 524.4601 515.4213 496.9974 478.5729 460.149 441.7245 431.2224 422.9206 414.6185 406.3167 400.0 400.0 400.0 400.0 400.0 400.0538 400.1312 400.2085 400.2859 400.3985 400.7079 401.0173 401.3267 401.6361 401.9117 402.1656 402.4194 402.6733 402.9589 403.6996 404.4403 405.1811 405.9218 407.1596 408.8532 410.5468 412.2404 413.934 422.6735 431.57 440.4661 449.3622 458.0128 466.3436 474.6747 483.0056 491.3364 492.9711 493.7891
492.4677 489.6039 486.7402 483.8763 487.3359 491.0828 494.8298 498.5767 503.506 510.1151 516.7242 523.3336 529.9426 528.4993 525.8482 523.1971 520.5459 513.0253 495.4411 477.8564 460.2722 442.6875 432.1997 423.683 415.166 406.6493 400.1609 400.127 400.0931 400.0591 400.0252 400.0126 400.0093 400.0061 400.0028 400.0 400.0 400.0 400.0 400.0 400.0427 400.1128 400.1829 400.2529 400.3413 400.6918 401.0422 401.3927 401.7432 402.4627 403.5206 404.5785 405.6364 406.6943 414.6154 422.6894 430.763 438.8366 447.4484 456.7591 466.0702 475.3809 484.6916 488.1172 490.825
489.2736 486.5177 483.7618 481.0058 484.2637 487.7949 491.3263 494.8575 499.1748 504.6086 510.0425 515.4765 520.9103 519.2716 516.572 513.8724 511.1727 504.1679 488.2658 472.3631 456.461 440.5583 430.8834 422.9381 414.9926 407.0473 400.9538 400.7527 400.5517 400.3506 400.1496 400.0749 400.0554 400.0359 400.0165 400.0 400.0 400.0 400.0 400.0 400.0328 400.0867 400.1407 400.1946 400.2625 400.5321 400.8017 401.0713 401.3409 401.912 402.7597 403.6073 404.4549 405.3026 412.1749 419.1814 426.1876 433.1938 441.6077 451.851 462.0948 472.3381 482.5814 488.7658 494.4549
486.0794 483.4314 480.7833 478.1351 481.1914 484.507 487.8227 491.1382 494.8434 499.102 503.3605 507.6192 511.8777 510.0435 507.2954 504.5474 501.7992 495.3102 481.0902 466.8697 452.6497 438.4291 429.5671 422.1933 414.8192 407.4454 401.7467 401.3785 401.0103 400.6422 400.274 400.1371 400.1015 400.0659 400.0302 400.0 400.0 400.0 400.0 400.0 400.023 400.0607 400.0984 400.1362 400.1838 400.3725 400.5612 400.7499 400.9386 401.3614 401.9988 402.6361 403.2735 403.9108 409.7343 415.6733 421.612 427.5507 435.7668 446.9428 458.1192 469.2952 480.4712 489.4144 498.0849
482.8854 480.3452 477.8049 475.2646 478.1193 481.2192 484.3192 487.4191 490.5123 493.5955 496.6788 499.7622 502.8455 500.8158 498.0192 495.2227 492.426 486.4529 473.9149 461.3764 448.8384 436.3 428.2508 421.4485 414.6458 407.8435 402.5396 402.0043 401.469 400.9337 400.3983 400.1993 400.1476 400.0957 400.0439 400.0 400.0 400.0 400.0 400.0 400.0131 400.0347 400.0563 400.0778 400.105 400.2129 400.3207 400.4285 400.5363 400.8108 401.2379 401.6649 402.092 402.5191 407.2938 412.1653 417.0366 421.9079 429.9261 442.0347 454.1438 466.2524 478.361 490.0629 501.7147
479.6913 477.2588 474.8264 472.3939 475.047 477.9313 480.8156 483.6999 486.1809 488.0889 489.9969 491.9049 493.8128 491.5877 488.7427 485.8976 483.0525 477.5952 466.7393 455.883 445.0271 434.1708 426.9345 420.7036 414.4725 408.2416 403.3326 402.6301 401.9276 401.2252 400.5227 400.2616 400.1936 400.1256 400.0576 400.0 400.0 400.0 400.0 400.0 400.0033 400.0087 400.0141 400.0195 400.0262 400.0532 400.0802 400.1071 400.1341 400.2601 400.4769 400.6937 400.9105 401.1273 404.8532 408.6572 412.461 416.2648 424.0852 437.1265 450.1682 463.2095 476.2508 490.7115 505.3447
475.1986 473.4778 471.757 470.0361 473.2152 476.6169 480.0188 483.4206 486.152 487.9306 489.7091 491.4878 493.2664 491.2353 488.6329 486.0305 483.4279 478.5467 468.9558 459.3646 449.7737 440.1826 433.0609 426.6252 420.1892 413.7534 408.4518 406.7592 405.0666 403.3739 401.6813 400.9876 400.731 400.4743 400.2176 400.0246 400.1863 400.3481 400.5098 400.6715 400.8727 401.0991 401.3255 401.5519 401.7488 401.5224 401.296 401.0695 400.8431 400.7158 400.6792 400.6426 400.606 400.5695 403.541 406.5794 409.6177 412.656 419.6866 431.9067 444.1272 456.3473 468.5673 484.2377 500.3283
470.0567 469.3494 468.642 467.9347 472.0034 476.2893 480.5753 484.8611 488.274 490.4461 492.6183 494.7905 496.9626 495.3204 493.1061 490.8918 488.6775 484.4023 475.868 467.3334 458.7992 450.2646 442.9086 435.8798 428.8508 421.8221 415.734 412.6398 409.5456 406.4513 403.3571 402.0455 401.5139 400.9823 400.4507 400.0615 400.4659 400.8702 401.2745 401.6789 402.1816 402.7477 403.3137 403.8798 404.372 403.8059 403.2399 402.6738 402.1078 401.6745 401.363 401.0515 400.74 400.4285 402.7928 405.2167 407.6405 410.0642 416.0092 426.5311 437.0534 447.5754 458.0973 474.2029 490.9889
464.9147 465.2208 465.527 465.8332 470.7917 475.9616 481.1318 486.3017 490.3961 492.9618 495.5275 498.0933 500.6589 499.4056 497.5795 495.7534 493.9272 490.2581 482.7805 475.3026 467.8249 460.347 452.7565 445.1348 437.5127 429.8909 423.0164 418.5206 414.0247 409.5287 405.0329 403.1035 402.2969 401.4904 400.6838 400.0984 400.7454 401.3923 402.0392 402.6862 403.4906 404.3963 405.302 406.2077 406.9953 406.0896 405.1839 404.2782 403.3725 402.6334 402.0469 401.4604 400.874 400.2875 402.0446 403.8539 405.6631 407.4724 412.3315 421.1553 429.9794 438.8032 447.627 464.1678 481.6491
459.7728 461.0924 462.412 463.7317 469.58 475.634 481.6883 487.7423 492.5182 495.4774 498.4366 501.3959 504.3552 503.4907 502.0527 500.6147 499.1767 496.1138 489.6927 483.2714 476.8503 470.429 462.6042 454.3894 446.1743 437.9596 430.2987 424.4012 418.5038 412.6061 406.7086 404.1614 403.0799 401.9984 400.9169 400.1354 401.0249 401.9144 402.804 403.6935 404.7996 406.0449 407.2903 408.5356 409.6184 408.3731 407.1278 405.8824 404.6371 403.5922 402.7307 401.8693 401.0079 400.1465 401.2965 402.4912 403.6859 404.8806 408.6541 415.7797 422.9056 430.0313 437.157 454.133 472.3097
454.6385 457.0258 459.413 461.8004 468.6349 475.6715 482.7083 489.7449 495.3168 498.8066 502.2965 505.7866 509.2764 508.7845 507.6953 506.6061 505.5168 502.9342 497.2653 491.5962 485.9272 480.2581 472.1376 463.3362 454.5344 445.7329 437.3082 430.0837 422.8591 415.6343 408.4097 405.4262 404.2983 403.1704 402.0425 401.2824 402.5714 403.8603 405.1492 406.4382 407.9103 409.5002 411.0901 412.68 414.063 412.4816 410.9001 409.3187 407.7372 406.3282 405.0772 403.8263 402.5753 401.3243 401.7195 402.1512 402.583 403.0147 405.6186 411.0461 416.4738 421.9013 427.3288 444.3251 462.7318
449.5559 453.3717 457.1876 461.0035 469.4677 478.1431 486.8187 495.4941 502.6246 507.5593 512.4939 517.4287 522.3633 522.1348 521.1318 520.1289 519.1259 516.1848 509.2383 502.2916 495.345 488.3983 479.5739 470.228 460.8817 451.5357 442.4983 434.4435 426.3887 418.3337 410.2789 408.0703 408.4194 408.7686 409.1177 409.8297 412.5634 415.2972 418.0309 420.7646 423.0317 424.999 426.9662 428.9335 430.6489 428.7548 426.8607 424.9665 423.0724 420.912 418.5073 416.1027 413.6981 411.2934 409.9496 408.6293 407.3091 405.9889 406.8641 410.5936 414.3231 418.0525 421.7819 436.0326 451.5659
444.4731 449.7176 454.962 460.2067 470.3005 480.6147 490.9293 501.2435 509.9328 516.3122 522.6916 529.0712 535.4506 535.4856 534.5689 533.6522 532.7355 529.4359 521.2117 512.9873 504.7632 496.5387 487.0105 477.1201 467.2292 457.3388 447.6884 438.8035 429.9185 421.0332 412.1482 410.7144 412.5407 414.3669 416.1932 418.3774 422.5558 426.7344 430.9129 435.0915 438.1537 440.4983 442.843 445.1875 447.2354 445.0285 442.8217 440.6149 438.4081 435.4962 431.9378 428.3795 424.8212 421.2628 418.1799 415.1076 412.0353 408.9631 408.1097 410.141 412.1723 414.2036 416.2349 427.7398 440.3998
439.3906 446.0636 452.7366 459.4099 471.1333 483.0863 495.0397 506.9927 517.2406 525.0648 532.8889 540.7134 548.5375 548.8359 548.0055 547.175 546.3445 542.6865 533.1848 523.6827 514.181 504.6789 494.4468 484.0119 473.5766 463.1416 452.8785 443.1633 433.4481 423.7326 414.0174 413.3585 416.6618 419.9651 423.2684 426.9247 432.5479 438.1713 443.7945 449.4179 453.2751 455.997 458.7191 461.441 463.8212 461.3017 458.7822 456.2627 453.7432 450.0799 445.3678 440.6559 435.9439 431.2318 426.41 421.5856 416.7614 411.9372 409.3552 409.6884 410.0216 410.3548 410.688 419.4473 429.234
434.3078 442.4095 450.5111 458.613 471.9661 485.558 499.1502 512.7421 524.5488 533.8177 543.0866 552.3559 561.6248 562.1868 561.4426 560.6984 559.9541 555.9376 545.1582 534.3784 523.5991 512.8193 501.8834 490.9039 479.9241 468.9447 458.0687 447.5233 436.9779 426.4321 415.8867 416.0026 420.7831 425.5634 430.3439 435.4724 442.5403 449.6086 456.6766 463.7448 468.397 471.4963 474.5958 477.6951 480.4077 477.5754 474.7433 471.9111 469.0789 464.6641 458.7983 452.9327 447.067 441.2012 434.6404 428.0639 421.4877 414.9114 410.6008 409.2358 407.8708 406.5059 405.141 411.1545 418.0678
430.4156 438.8086 447.2016 455.5949 470.0779 484.8377 499.598 514.3577 527.1305 537.0786 547.0267 556.9752 566.9233 567.5624 566.8052 566.0479 565.2906 561.0889 549.7687 538.4481 527.1279 515.8072 504.7337 493.7288 482.7234 471.7184 460.8757 450.5508 440.2259 429.9007 419.5758 420.7061 426.8484 432.9905 439.1329 445.6606 454.3368 463.0132 471.6894 480.3659 486.0058 489.6939 493.3821 497.0703 500.3118 497.1508 493.99 490.8291 487.6682 482.7968 476.3571 469.9176 463.4781 457.0384 449.2713 441.4745 433.678 425.8814 419.9324 416.3856 412.8387 409.2919 405.7451 409.2658 413.6484
427.3361 435.2439 443.1517 451.0598 466.3314 481.9376 497.5443 513.1505 526.4847 536.5892 546.6936 556.7984 566.9029 567.4921 566.654 565.8159 564.9777 560.7092 549.3512 537.9929 526.6349 515.2765 504.4522 493.7761 483.0997 472.4236 462.0555 452.6686 443.2818 433.8947 424.5079 426.8163 434.2418 441.667 449.0925 456.9698 467.3659 477.7622 488.1583 498.5547 505.3138 509.7352 514.1567 518.578 522.4828 518.9822 515.4817 511.9811 508.4806 503.3539 496.7362 490.1188 483.5013 476.8837 468.2742 459.6201 450.9663 442.3125 434.7866 428.7275 422.6682 416.6091 410.55 411.7504 413.8362
