data/zism_data/00583_04_D.txt
ncols         224
nrows         224
[rows 28 to 55 of 224, columns 63 to 125 of 224]
4680.181 4681.284 4682.386 4683.488 4684.416 4685.336 4686.256 4687.176 4687.941 4688.492 4689.042 4689.593 4690.144 4690.497 4690.825 4691.153 4691.481 4691.708 4691.747 4691.785 4691.823 4691.862 4690.974 4689.87 4688.767 4687.664 4686.402 4684.722 4683.042 4681.361 4679.682 4678.009 4676.34 4674.671 4673.002 4671.239 4669.107 4666.975 4664.843 4662.71 4660.815 4659.037 4657.259 4655.481 4653.94 4653.97 4654.0 4654.031 4654.062 4654.641 4655.594 4656.548 4657.502 4658.484 4659.933 4661.381 4662.83 4664.279 4665.25 4665.784 4666.318 4666.852 4667.386
4679.081 4680.183 4681.285 4682.388 4683.269 4684.141 4685.012 4685.884 4686.627 4687.194 4687.761 4688.328 4688.894 4689.321 4689.73 4690.139 4690.548 4690.811 4690.801 4690.791 4690.781 4690.771 4689.899 4688.829 4687.757 4686.687 4685.467 4683.857 4682.247 4680.637 4679.027 4677.453 4675.892 4674.331 4672.769 4671.099 4668.999 4666.899 4664.799 4662.7 4660.854 4659.136 4657.417 4655.699 4654.185 4654.032 4653.879 4653.727 4653.574 4653.883 4654.508 4655.132 4655.757 4656.424 4657.765 4659.105 4660.446 4661.787 4662.591 4662.904 4663.217 4663.53 4663.843
4677.98 4679.083 4680.185 4681.287 4682.122 4682.945 4683.768 4684.591 4685.313 4685.896 4686.479 4687.062 4687.645 4688.146 4688.635 4689.125 4689.615 4689.914 4689.855 4689.796 4689.738 4689.679 4688.825 4687.787 4686.748 4685.709 4684.533 4682.993 4681.453 4679.913 4678.373 4676.897 4675.443 4673.99 4672.536 4670.958 4668.891 4666.824 4664.756 4662.689 4660.894 4659.235 4657.576 4655.917 4654.43 4654.094 4653.758 4653.421 4653.085 4653.125 4653.421 4653.717 4654.013 4654.363 4655.596 4656.829 4658.062 4659.295 4659.933 4660.024 4660.116 4660.208 4660.3
4676.738 4677.848 4678.958 4680.067 4680.896 4681.711 4682.527 4683.343 4684.066 4684.662 4685.257 4685.852 4686.447 4686.981 4687.507 4688.033 4688.558 4688.875 4688.802 4688.729 4688.655 4688.582 4687.742 4686.724 4685.707 4684.689 4683.549 4682.087 4680.625 4679.162 4677.7 4676.271 4674.854 4673.437 4672.02 4670.481 4668.465 4666.449 4664.433 4662.417 4660.636 4658.972 4657.309 4655.645 4654.139 4653.683 4653.228 4652.772 4652.316 4652.192 4652.294 4652.396 4652.499 4652.653 4653.666 4654.679 4655.691 4656.704 4657.137 4657.038 4656.938 4656.839 4656.74
4675.434 4676.554 4677.674 4678.795 4679.634 4680.461 4681.288 4682.114 4682.848 4683.454 4684.06 4684.667 4685.272 4685.822 4686.363 4686.905 4687.447 4687.775 4687.702 4687.628 4687.555 4687.481 4686.654 4685.653 4684.652 4683.65 4682.544 4681.163 4679.782 4678.4 4677.019 4675.615 4674.203 4672.792 4671.38 4669.858 4667.901 4665.944 4663.987 4662.03 4660.248 4658.552 4656.855 4655.16 4653.614 4653.066 4652.519 4651.972 4651.424 4651.183 4651.15 4651.118 4651.085 4651.097 4651.84 4652.583 4653.327 4654.07 4654.281 4654.003 4653.726 4653.449 4653.172
4674.129 4675.26 4676.392 4677.523 4678.373 4679.21 4680.048 4680.885 4681.63 4682.247 4682.864 4683.48 4684.098 4684.662 4685.22 4685.778 4686.336 4686.674 4686.601 4686.527 4686.454 4686.381 4685.567 4684.582 4683.597 4682.612 4681.54 4680.239 4678.938 4677.638 4676.337 4674.958 4673.552 4672.146 4670.74 4669.234 4667.336 4665.439 4663.542 4661.644 4659.859 4658.131 4656.402 4654.674 4653.088 4652.449 4651.81 4651.171 4650.532 4650.173 4650.006 4649.839 4649.671 4649.541 4650.015 4650.488 4650.962 4651.436 4651.424 4650.969 4650.514 4650.059 4649.604
4672.824 4673.966 4675.108 4676.25 4677.112 4677.96 4678.808 4679.656 4680.412 4681.04 4681.667 4682.295 4682.922 4683.503 4684.077 4684.651 4685.225 4685.574 4685.5 4685.427 4685.354 4685.28 4684.48 4683.511 4682.542 4681.573 4680.535 4679.315 4678.095 4676.875 4675.656 4674.302 4672.901 4671.5 4670.1 4668.61 4666.772 4664.934 4663.096 4661.257 4659.471 4657.71 4655.95 4654.189 4652.563 4651.832 4651.102 4650.371 4649.64 4649.164 4648.862 4648.56 4648.258 4647.985 4648.189 4648.393 4648.597 4648.801 4648.568 4647.935 4647.302 4646.669 4646.036
4671.548 4672.698 4673.848 4674.997 4675.866 4676.722 4677.577 4678.433 4679.201 4679.849 4680.496 4681.144 4681.791 4682.386 4682.974 4683.562 4684.149 4684.504 4684.424 4684.343 4684.262 4684.181 4683.391 4682.436 4681.48 4680.525 4679.514 4678.357 4677.2 4676.043 4674.886 4673.558 4672.169 4670.78 4669.391 4667.922 4666.138 4664.353 4662.568 4660.783 4658.999 4657.214 4655.429 4653.645 4651.986 4651.167 4650.349 4649.531 4648.713 4648.123 4647.688 4647.254 4646.819 4646.407 4646.349 4646.291 4646.232 4646.174 4645.719 4644.9 4644.081 4643.262 4642.442
4670.432 4671.571 4672.709 4673.848 4674.706 4675.551 4676.396 4677.241 4678.032 4678.75 4679.467 4680.185 4680.902 4681.505 4682.093 4682.681 4683.269 4683.607 4683.478 4683.349 4683.219 4683.09 4682.29 4681.335 4680.379 4679.424 4678.403 4677.208 4676.014 4674.819 4673.625 4672.322 4670.982 4669.642 4668.301 4666.875 4665.112 4663.349 4661.585 4659.822 4658.059 4656.296 4654.533 4652.77 4651.121 4650.238 4649.355 4648.473 4647.589 4646.903 4646.35 4645.797 4645.244 4644.707 4644.427 4644.148 4643.869 4643.59 4642.908 4641.857 4640.806 4639.755 4638.704
4669.315 4670.443 4671.571 4672.7 4673.546 4674.38 4675.215 4676.049 4676.863 4677.651 4678.438 4679.227 4680.014 4680.625 4681.213 4681.801 4682.388 4682.71 4682.532 4682.354 4682.176 4681.999 4681.189 4680.234 4679.279 4678.324 4677.292 4676.06 4674.827 4673.595 4672.362 4671.086 4669.794 4668.502 4667.211 4665.828 4664.086 4662.345 4660.603 4658.861 4657.12 4655.378 4653.637 4651.895 4650.257 4649.309 4648.361 4647.414 4646.466 4645.683 4645.011 4644.339 4643.668 4643.006 4642.506 4642.006 4641.506 4641.005 4640.097 4638.814 4637.532 4636.249 4634.966
4668.199 4669.316 4670.433 4671.551 4672.387 4673.21 4674.034 4674.857 4675.695 4676.552 4677.41 4678.268 4679.125 4679.745 4680.333 4680.92 4681.508 4681.813 4681.586 4681.36 4681.133 4680.907 4680.089 4679.134 4678.179 4677.223 4676.181 4674.911 4673.641 4672.371 4671.101 4669.851 4668.607 4667.364 4666.121 4664.781 4663.061 4661.34 4659.621 4657.9 4656.18 4654.46 4652.74 4651.02 4649.393 4648.38 4647.368 4646.355 4645.343 4644.463 4643.672 4642.882 4642.092 4641.306 4640.585 4639.864 4639.143 4638.421 4637.286 4635.771 4634.257 4632.742 4631.228
4667.082 4668.189 4669.295 4670.402 4671.227 4672.04 4672.852 4673.665 4674.526 4675.454 4676.381 4677.309 4678.237 4678.864 4679.452 4680.04 4680.627 4680.916 4680.641 4680.365 4680.09 4679.815 4678.988 4678.033 4677.078 4676.123 4675.07 4673.763 4672.455 4671.146 4669.839 4668.615 4667.42 4666.225 4665.03 4663.733 4662.035 4660.336 4658.638 4656.939 4655.241 4653.542 4651.844 4650.146 4648.528 4647.451 4646.374 4645.297 4644.22 4643.243 4642.334 4641.425 4640.517 4639.605 4638.664 4637.721 4636.779 4635.837 4634.475 4632.729 4630.982 4629.236 4627.489
4666.436 4667.578 4668.719 4669.861 4670.728 4671.582 4672.437 4673.291 4674.185 4675.133 4676.082 4677.031 4677.979 4678.589 4679.153 4679.718 4680.283 4680.546 4680.242 4679.938 4679.635 4679.331 4678.493 4677.531 4676.569 4675.607 4674.551 4673.245 4671.938 4670.632 4669.326 4668.111 4666.929 4665.747 4664.564 4663.279 4661.589 4659.899 4658.208 4656.519 4654.829 4653.139 4651.449 4649.758 4648.138 4646.983 4645.829 4644.674 4643.519 4642.409 4641.329 4640.249 4639.169 4638.084 4636.924 4635.764 4634.604 4633.444 4631.905 4630.019 4628.133 4626.247 4624.36
4666.093 4667.299 4668.505 4669.711 4670.653 4671.583 4672.513 4673.443 4674.376 4675.313 4676.251 4677.189 4678.127 4678.702 4679.229 4679.756 4680.284 4680.516 4680.196 4679.876 4679.556 4679.236 4678.386 4677.414 4676.441 4675.469 4674.412 4673.132 4671.853 4670.574 4669.294 4668.079 4666.886 4665.692 4664.5 4663.206 4661.516 4659.825 4658.135 4656.445 4654.755 4653.065 4651.375 4649.685 4648.054 4646.813 4645.571 4644.331 4643.089 4641.822 4640.538 4639.252 4637.968 4636.678 4635.302 4633.927 4632.551 4631.175 4629.491 4627.524 4625.557 4623.589 4621.622
4665.749 4667.02 4668.291 4669.562 4670.579 4671.584 4672.589 4673.594 4674.567 4675.494 4676.421 4677.348 4678.275 4678.815 4679.305 4679.794 4680.284 4680.486 4680.15 4679.813 4679.478 4679.141 4678.28 4677.296 4676.313 4675.33 4674.272 4673.02 4671.768 4670.516 4669.263 4668.046 4666.843 4665.639 4664.435 4663.132 4661.442 4659.752 4658.062 4656.372 4654.682 4652.992 4651.302 4649.612 4647.969 4646.642 4645.314 4643.987 4642.66 4641.236 4639.746 4638.256 4636.767 4635.271 4633.68 4632.089 4630.498 4628.906 4627.077 4625.029 4622.98 4620.933 4618.884
4665.405 4666.741 4668.077 4669.412 4670.504 4671.585 4672.666 4673.746 4674.758 4675.674 4676.59 4677.507 4678.423 4678.929 4679.38 4679.832 4680.284 4680.456 4680.104 4679.751 4679.399 4679.046 4678.173 4677.179 4676.185 4675.191 4674.133 4672.908 4671.683 4670.457 4669.231 4668.014 4666.799 4665.584 4664.37 4663.059 4661.369 4659.679 4657.989 4656.298 4654.608 4652.918 4651.229 4649.538 4647.884 4646.471 4645.057 4643.644 4642.23 4640.649 4638.955 4637.26 4635.566 4633.865 4632.058 4630.251 4628.444 4626.637 4624.663 4622.533 4620.404 4618.275 4616.146
4665.121 4666.516 4667.911 4669.306 4670.467 4671.619 4672.77 4673.92 4674.97 4675.88 4676.79 4677.699 4678.609 4679.084 4679.503 4679.922 4680.341 4680.487 4680.121 4679.755 4679.389 4679.023 4678.143 4677.143 4676.144 4675.144 4674.088 4672.886 4671.684 4670.481 4669.279 4668.058 4666.83 4665.601 4664.373 4663.051 4661.36 4659.669 4657.979 4656.288 4654.595 4652.902 4651.209 4649.517 4647.848 4646.344 4644.839 4643.334 4641.83 4640.096 4638.207 4636.317 4634.427 4632.531 4630.521 4628.511 4626.501 4624.491 4622.383 4620.184 4617.985 4615.786 4613.587
4665.684 4667.063 4668.441 4669.82 4670.976 4672.122 4673.267 4674.413 4675.481 4676.445 4677.409 4678.373 4679.336 4679.852 4680.309 4680.765 4681.222 4681.399 4681.055 4680.71 4680.366 4680.021 4679.202 4678.273 4677.343 4676.414 4675.4 4674.166 4672.931 4671.696 4670.461 4669.192 4667.91 4666.627 4665.345 4663.978 4662.276 4660.575 4658.873 4657.171 4655.447 4653.711 4651.975 4650.239 4648.512 4646.846 4645.179 4643.513 4641.846 4640.015 4638.072 4636.128 4634.185 4632.236 4630.205 4628.173 4626.142 4624.11 4622.037 4619.924 4617.811 4615.698 4613.586
4666.246 4667.609 4668.972 4670.334 4671.484 4672.625 4673.765 4674.905 4675.994 4677.011 4678.029 4679.046 4680.064 4680.619 4681.113 4681.607 4682.102 4682.312 4681.989 4681.666 4681.343 4681.02 4680.262 4679.402 4678.543 4677.684 4676.712 4675.445 4674.178 4672.911 4671.644 4670.326 4668.99 4667.653 4666.317 4664.905 4663.192 4661.48 4659.768 4658.056 4656.299 4654.52 4652.74 4650.961 4649.176 4647.348 4645.52 4643.691 4641.863 4639.935 4637.937 4635.939 4633.942 4631.941 4629.889 4627.835 4625.783 4623.729 4621.69 4619.664 4617.637 4615.611 4613.584
4666.809 4668.156 4669.502 4670.849 4671.993 4673.127 4674.262 4675.397 4676.505 4677.577 4678.648 4679.72 4680.791 4681.386 4681.918 4682.45 4682.982 4683.224 4682.923 4682.622 4682.32 4682.019 4681.321 4680.532 4679.743 4678.953 4678.023 4676.724 4675.425 4674.125 4672.826 4671.459 4670.069 4668.68 4667.29 4665.832 4664.109 4662.386 4660.663 4658.939 4657.15 4655.328 4653.506 4651.684 4649.839 4647.85 4645.859 4643.87 4641.88 4639.854 4637.802 4635.751 4633.7 4631.647 4629.572 4627.498 4625.423 4623.349 4621.344 4619.404 4617.464 4615.523 4613.583
4667.372 4668.702 4670.033 4671.363 4672.501 4673.63 4674.76 4675.889 4677.017 4678.143 4679.268 4680.393 4681.519 4682.153 4682.723 4683.292 4683.862 4684.137 4683.857 4683.577 4683.297 4683.018 4682.381 4681.662 4680.942 4680.223 4679.335 4678.003 4676.671 4675.34 4674.008 4672.594 4671.149 4669.706 4668.262 4666.759 4665.025 4663.291 4661.557 4659.823 4658.002 4656.137 4654.271 4652.406 4650.503 4648.352 4646.2 4644.048 4641.896 4639.772 4637.667 4635.562 4633.457 4631.353 4629.256 4627.16 4625.064 4622.967 4620.998 4619.144 4617.29 4615.436 4613.582
4667.934 4669.273 4670.613 4671.953 4673.126 4674.292 4675.459 4676.625 4677.779 4678.916 4680.053 4681.19 4682.328 4682.994 4683.599 4684.203 4684.808 4685.12 4684.881 4684.643 4684.404 4684.166 4683.56 4682.868 4682.176 4681.485 4680.616 4679.28 4677.944 4676.608 4675.272 4673.807 4672.294 4670.783 4669.271 4667.702 4665.909 4664.117 4662.324 4660.532 4658.669 4656.772 4654.875 4652.978 4651.038 4648.812 4646.585 4644.359 4642.133 4639.974 4637.859 4635.745 4633.631 4631.521 4629.471 4627.42 4625.37 4623.32 4621.427 4619.679 4617.931 4616.184 4614.436
4668.496 4669.868 4671.24 4672.612 4673.859 4675.101 4676.342 4677.584 4678.77 4679.88 4680.991 4682.101 4683.211 4683.903 4684.54 4685.177 4685.814 4686.167 4685.988 4685.809 4685.629 4685.45 4684.847 4684.145 4683.442 4682.74 4681.869 4680.555 4679.241 4677.926 4676.612 4675.092 4673.499 4671.906 4670.313 4668.659 4666.765 4664.87 4662.975 4661.08 4659.169 4657.25 4655.331 4653.413 4651.454 4649.233 4647.013 4644.792 4642.571 4640.433 4638.351 4636.27 4634.188 4632.114 4630.171 4628.229 4626.287 4624.344 4622.568 4620.944 4619.32 4617.696 4616.072
4669.058 4670.462 4671.866 4673.271 4674.591 4675.909 4677.226 4678.543 4679.762 4680.845 4681.928 4683.011 4684.095 4684.812 4685.481 4686.15 4686.82 4687.215 4687.095 4686.975 4686.855 4686.735 4686.134 4685.421 4684.708 4683.995 4683.123 4681.83 4680.537 4679.244 4677.951 4676.377 4674.704 4673.03 4671.356 4669.617 4667.62 4665.622 4663.625 4661.627 4659.668 4657.728 4655.787 4653.847 4651.871 4649.655 4647.44 4645.225 4643.009 4640.892 4638.843 4636.793 4634.744 4632.707 4630.873 4629.038 4627.204 4625.369 4623.709 4622.209 4620.709 4619.209 4617.709
4669.62 4671.056 4672.493 4673.929 4675.324 4676.716 4678.109 4679.502 4680.753 4681.809 4682.866 4683.922 4684.978 4685.721 4686.422 4687.124 4687.826 4688.263 4688.202 4688.141 4688.081 4688.02 4687.421 4686.698 4685.974 4685.25 4684.375 4683.104 4681.833 4680.562 4679.291 4677.663 4675.908 4674.153 4672.399 4670.574 4668.475 4666.375 4664.275 4662.175 4660.167 4658.205 4656.243 4654.281 4652.287 4650.077 4647.867 4645.657 4643.447 4641.352 4639.334 4637.317 4635.3 4633.3 4631.574 4629.847 4628.12 4626.394 4624.85 4623.474 4622.098 4620.722 4619.346
4670.182 4671.65 4673.119 4674.588 4676.056 4677.524 4678.993 4680.46 4681.744 4682.773 4683.803 4684.832 4685.861 4686.63 4687.364 4688.098 4688.832 4689.31 4689.309 4689.308 4689.306 4689.305 4688.708 4687.974 4687.24 4686.505 4685.629 4684.379 4683.129 4681.88 4680.63 4678.948 4677.112 4675.277 4673.442 4671.532 4669.33 4667.127 4664.925 4662.723 4660.667 4658.683 4656.699 4654.716 4652.704 4650.499 4648.294 4646.09 4643.885 4641.811 4639.826 4637.842 4635.857 4633.894 4632.274 4630.656 4629.037 4627.418 4625.99 4624.738 4623.486 4622.234 4620.982
4671.22 4672.801 4674.381 4675.961 4677.406 4678.844 4680.282 4681.72 4682.973 4683.97 4684.967 4685.964 4686.961 4687.726 4688.461 4689.196 4689.931 4690.415 4690.431 4690.447 4690.462 4690.479 4689.885 4689.15 4688.416 4687.681 4686.774 4685.414 4684.054 4682.694 4681.334 4679.59 4677.711 4675.832 4673.953 4672.025 4669.911 4667.796 4665.681 4663.566 4661.602 4659.713 4657.824 4655.935 4654.017 4651.907 4649.797 4647.688 4645.579 4643.525 4641.509 4639.494 4637.478 4635.485 4633.869 4632.252 4630.636 4629.019 4627.575 4626.289 4625.002 4623.716 4622.43
4672.27 4673.963 4675.657 4677.351 4678.769 4680.174 4681.58 4682.986 4684.206 4685.171 4686.136 4687.101 4688.065 4688.827 4689.562 4690.296 4691.031 4691.521 4691.553 4691.585 4691.617 4691.649 4691.059 4690.324 4689.589 4688.854 4687.917 4686.443 4684.97 4683.497 4682.024 4680.219 4678.296 4676.374 4674.452 4672.509 4670.485 4668.462 4666.439 4664.416 4662.547 4660.755 4658.963 4657.171 4655.35 4653.337 4651.325 4649.313 4647.3 4645.266 4643.218 4641.17 4639.122 4637.099 4635.483 4633.866 4632.25 4630.633 4629.169 4627.845 4626.521 4625.197 4623.874
