data/zism_data/00583_03_D.txt
ncols         224
nrows         224
[rows 116 to 144 of 224, columns 132 to 197 of 224]
4599.92 4599.857 4599.793 4599.73 4599.621 4599.495 4599.368 4599.242 4599.136 4599.123 4599.109 4599.095 4599.082 4599.073 4599.066 4599.059 4599.052 4599.049 4599.069 4599.089 4599.11 4599.13 4599.212 4599.339 4599.465 4599.592 4599.727 4600.057 4600.387 4600.717 4601.047 4602.137 4603.964 4605.792 4607.619 4609.446 4611.792 4614.154 4616.516 4618.877 4620.934 4622.594 4624.254 4625.914 4627.574 4628.039 4628.369 4628.699 4629.029 4628.959 4628.188 4627.415 4626.643 4625.87 4626.13 4626.607 4627.084 4627.561 4628.427 4630.245 4632.063 4633.881 4635.699 4637.156 4638.495 4639.834
4599.853 4599.78 4599.706 4599.632 4599.515 4599.379 4599.245 4599.109 4599.0 4599.0 4599.0 4599.0 4599.0 4599.0 4599.0 4599.0 4599.0 4599.0 4599.0 4599.0 4599.0 4599.0 4599.078 4599.213 4599.348 4599.483 4599.623 4599.854 4600.084 4600.315 4600.546 4601.495 4603.141 4604.786 4606.432 4608.077 4610.379 4612.7 4615.021 4617.343 4619.351 4620.951 4622.551 4624.151 4625.751 4626.089 4626.285 4626.479 4626.675 4626.479 4625.596 4624.713 4623.83 4622.946 4623.218 4623.732 4624.247 4624.761 4625.675 4627.569 4629.463 4631.357 4633.251 4634.698 4635.998 4637.298
4599.707 4599.633 4599.56 4599.486 4599.391 4599.289 4599.186 4599.083 4599.0 4599.0 4599.0 4599.0 4599.0 4599.0 4599.0 4599.0 4599.0 4599.0 4599.0 4599.0 4599.0 4599.0 4599.06 4599.162 4599.265 4599.367 4599.474 4599.667 4599.861 4600.054 4600.247 4601.049 4602.441 4603.833 4605.225 4606.617 4608.833 4611.074 4613.314 4615.555 4617.526 4619.148 4620.77 4622.392 4624.013 4624.232 4624.292 4624.353 4624.413 4624.106 4623.153 4622.2 4621.246 4620.293 4620.552 4621.066 4621.581 4622.095 4623.016 4624.932 4626.847 4628.763 4630.678 4632.134 4633.439 4634.745
4599.56 4599.486 4599.413 4599.339 4599.268 4599.198 4599.127 4599.057 4599.0 4599.0 4599.0 4599.0 4599.0 4599.0 4599.0 4599.0 4599.0 4599.0 4599.0 4599.0 4599.0 4599.0 4599.041 4599.111 4599.181 4599.251 4599.326 4599.481 4599.637 4599.792 4599.948 4600.602 4601.741 4602.879 4604.018 4605.157 4607.287 4609.447 4611.606 4613.767 4615.702 4617.345 4618.988 4620.631 4622.275 4622.375 4622.3 4622.226 4622.151 4621.733 4620.709 4619.687 4618.663 4617.64 4617.887 4618.401 4618.916 4619.43 4620.356 4622.293 4624.23 4626.168 4628.105 4629.57 4630.881 4632.192
4599.413 4599.339 4599.266 4599.192 4599.145 4599.107 4599.069 4599.031 4599.0 4599.0 4599.0 4599.0 4599.0 4599.0 4599.0 4599.0 4599.0 4599.0 4599.0 4599.0 4599.0 4599.0 4599.022 4599.06 4599.098 4599.136 4599.177 4599.295 4599.413 4599.531 4599.648 4600.156 4601.041 4601.926 4602.812 4603.697 4605.741 4607.82 4609.899 4611.978 4613.877 4615.542 4617.207 4618.872 4620.536 4620.517 4620.308 4620.099 4619.89 4619.36 4618.267 4617.173 4616.08 4614.986 4615.221 4615.735 4616.25 4616.764 4617.697 4619.656 4621.614 4623.573 4625.532 4627.006 4628.323 4629.639
4599.266 4599.193 4599.119 4599.046 4599.021 4599.016 4599.01 4599.004 4599.0 4599.0 4599.0 4599.0 4599.0 4599.0 4599.0 4599.0 4599.0 4599.0 4599.0 4599.0 4599.0 4599.0 4599.003 4599.009 4599.015 4599.02 4599.029 4599.109 4599.189 4599.269 4599.349 4599.709 4600.341 4600.973 4601.605 4602.237 4604.195 4606.193 4608.191 4610.189 4612.052 4613.739 4615.425 4617.111 4618.798 4618.66 4618.316 4617.972 4617.628 4616.987 4615.823 4614.66 4613.497 4612.333 4612.556 4613.07 4613.584 4614.098 4615.038 4617.018 4618.998 4620.979 4622.958 4624.443 4625.765 4627.086
4599.241 4599.167 4599.094 4599.02 4599.0 4599.0 4599.0 4599.0 4599.0 4599.0 4599.0 4599.0 4599.0 4599.0 4599.0 4599.0 4599.0 4599.0 4599.0 4599.0 4599.0 4599.0 4599.0 4599.0 4599.0 4599.0 4599.002 4599.063 4599.123 4599.183 4599.243 4599.544 4600.078 4600.613 4601.147 4601.682 4603.459 4605.274 4607.089 4608.903 4610.633 4612.252 4613.871 4615.49 4617.109 4616.979 4616.651 4616.324 4615.997 4615.334 4614.083 4612.832 4611.581 4610.329 4610.485 4610.937 4611.389 4611.841 4612.73 4614.692 4616.654 4618.615 4620.577 4622.061 4623.388 4624.715
4599.241 4599.167 4599.094 4599.02 4599.0 4599.0 4599.0 4599.0 4599.0 4599.0 4599.0 4599.0 4599.0 4599.0 4599.0 4599.0 4599.0 4599.0 4599.0 4599.0 4599.0 4599.0 4599.0 4599.0 4599.0 4599.0 4599.002 4599.046 4599.09 4599.134 4599.178 4599.438 4599.907 4600.377 4600.847 4601.316 4602.894 4604.503 4606.113 4607.723 4609.299 4610.832 4612.365 4613.897 4615.43 4615.335 4615.056 4614.777 4614.498 4613.834 4612.491 4611.148 4609.805 4608.462 4608.54 4608.916 4609.292 4609.669 4610.497 4612.432 4614.367 4616.301 4618.236 4619.717 4621.05 4622.382
4599.241 4599.167 4599.094 4599.02 4599.0 4599.0 4599.0 4599.0 4599.0 4599.0 4599.0 4599.0 4599.0 4599.0 4599.0 4599.0 4599.0 4599.0 4599.0 4599.0 4599.0 4599.0 4599.0 4599.0 4599.0 4599.0 4599.001 4599.029 4599.057 4599.084 4599.112 4599.332 4599.736 4600.142 4600.547 4600.952 4602.328 4603.733 4605.138 4606.543 4607.966 4609.412 4610.858 4612.305 4613.751 4613.691 4613.461 4613.23 4613.0 4612.333 4610.898 4609.464 4608.029 4606.595 4606.594 4606.895 4607.196 4607.497 4608.264 4610.172 4612.08 4613.987 4615.895 4617.374 4618.711 4620.049
4599.241 4599.167 4599.094 4599.02 4599.0 4599.0 4599.0 4599.0 4599.0 4599.0 4599.0 4599.0 4599.0 4599.0 4599.0 4599.0 4599.0 4599.0 4599.0 4599.0 4599.0 4599.0 4599.0 4599.0 4599.0 4599.0 4599.0 4599.012 4599.024 4599.035 4599.047 4599.225 4599.565 4599.906 4600.247 4600.587 4601.762 4602.962 4604.162 4605.362 4606.632 4607.992 4609.353 4610.712 4612.073 4612.047 4611.865 4611.684 4611.501 4610.833 4609.307 4607.78 4606.254 4604.728 4604.648 4604.874 4605.1 4605.325 4606.031 4607.912 4609.792 4611.673 4613.554 4615.03 4616.373 4617.716
4599.241 4599.167 4599.094 4599.02 4599.0 4599.0 4599.0 4599.0 4599.0 4599.0 4599.0 4599.0 4599.0 4599.0 4599.0 4599.0 4599.0 4599.0 4599.0 4599.0 4599.0 4599.0 4599.0 4599.0 4599.0 4599.0 4599.0 4599.0 4599.0 4599.0 4599.0 4599.14 4599.416 4599.691 4599.967 4600.243 4601.244 4602.266 4603.289 4604.312 4605.441 4606.708 4607.977 4609.244 4610.512 4610.501 4610.347 4610.192 4610.038 4609.379 4607.834 4606.29 4604.745 4603.2 4603.061 4603.217 4603.373 4603.529 4604.155 4605.929 4607.704 4609.479 4611.253 4612.711 4614.066 4615.421
4599.241 4599.167 4599.094 4599.02 4599.0 4599.0 4599.0 4599.0 4599.0 4599.0 4599.0 4599.0 4599.0 4599.0 4599.0 4599.0 4599.0 4599.0 4599.0 4599.0 4599.0 4599.0 4599.0 4599.0 4599.0 4599.0 4599.0 4599.0 4599.0 4599.0 4599.0 4599.107 4599.318 4599.529 4599.74 4599.951 4600.845 4601.76 4602.675 4603.59 4604.611 4605.771 4606.932 4608.091 4609.251 4609.206 4609.024 4608.843 4608.661 4608.046 4606.668 4605.291 4603.913 4602.535 4602.38 4602.482 4602.585 4602.688 4603.185 4604.653 4606.12 4607.587 4609.055 4610.458 4611.839 4613.221
4599.241 4599.167 4599.094 4599.02 4599.0 4599.0 4599.0 4599.0 4599.0 4599.0 4599.0 4599.0 4599.0 4599.0 4599.0 4599.0 4599.0 4599.0 4599.0 4599.0 4599.0 4599.0 4599.0 4599.0 4599.0 4599.0 4599.0 4599.0 4599.0 4599.0 4599.0 4599.074 4599.221 4599.367 4599.513 4599.659 4600.447 4601.254 4602.062 4602.869 4603.782 4604.834 4605.886 4606.938 4607.991 4607.91 4607.701 4607.493 4607.284 4606.713 4605.502 4604.292 4603.081 4601.871 4601.7 4601.749 4601.797 4601.845 4602.216 4603.376 4604.536 4605.696 4606.856 4608.204 4609.612 4611.021
4599.241 4599.167 4599.094 4599.02 4599.0 4599.0 4599.0 4599.0 4599.0 4599.0 4599.0 4599.0 4599.0 4599.0 4599.0 4599.0 4599.0 4599.0 4599.0 4599.0 4599.0 4599.0 4599.0 4599.0 4599.0 4599.0 4599.0 4599.0 4599.0 4599.0 4599.0 4599.042 4599.123 4599.205 4599.286 4599.368 4600.049 4600.749 4601.448 4602.147 4602.953 4603.897 4604.841 4605.786 4606.73 4606.614 4606.378 4606.143 4605.908 4605.379 4604.336 4603.292 4602.249 4601.206 4601.02 4601.014 4601.008 4601.003 4601.247 4602.099 4602.952 4603.805 4604.657 4605.95 4607.385 4608.821
4599.241 4599.167 4599.094 4599.02 4599.0 4599.0 4599.0 4599.0 4599.0 4599.0 4599.0 4599.0 4599.0 4599.0 4599.0 4599.0 4599.0 4599.0 4599.0 4599.0 4599.0 4599.0 4599.0 4599.0 4599.0 4599.0 4599.0 4599.0 4599.0 4599.0 4599.0 4599.009 4599.025 4599.042 4599.059 4599.076 4599.651 4600.243 4600.834 4601.425 4602.124 4602.96 4603.796 4604.633 4605.469 4605.318 4605.056 4604.793 4604.531 4604.046 4603.169 4602.293 4601.417 4600.541 4600.339 4600.28 4600.22 4600.161 4600.277 4600.822 4601.368 4601.914 4602.459 4603.695 4605.158 4606.621
4599.241 4599.167 4599.094 4599.02 4599.0 4599.0 4599.0 4599.0 4599.0 4599.0 4599.0 4599.0 4599.0 4599.0 4599.0 4599.0 4599.0 4599.0 4599.0 4599.0 4599.0 4599.0 4599.0 4599.0 4599.0 4599.0 4599.0 4599.0 4599.0 4599.0 4599.0 4599.0 4599.0 4599.0 4599.0 4599.0 4599.481 4599.977 4600.473 4600.968 4601.548 4602.236 4602.925 4603.614 4604.303 4604.17 4603.944 4603.719 4603.493 4603.083 4602.351 4601.617 4600.884 4600.151 4599.973 4599.911 4599.85 4599.788 4599.857 4600.247 4600.637 4601.026 4601.416 4602.547 4603.921 4605.295
4599.241 4599.167 4599.094 4599.02 4599.0 4599.0 4599.0 4599.0 4599.0 4599.0 4599.0 4599.0 4599.0 4599.0 4599.0 4599.0 4599.0 4599.0 4599.0 4599.0 4599.0 4599.0 4599.0 4599.0 4599.0 4599.0 4599.0 4599.0 4599.0 4599.0 4599.0 4599.0 4599.0 4599.0 4599.0 4599.0 4599.392 4599.796 4600.2 4600.604 4601.062 4601.589 4602.116 4602.643 4603.17 4603.074 4602.908 4602.741 4602.575 4602.252 4601.654 4601.055 4600.457 4599.858 4599.717 4599.671 4599.626 4599.581 4599.632 4599.919 4600.207 4600.494 4600.781 4601.79 4603.034 4604.279
4599.241 4599.167 4599.094 4599.02 4599.0 4599.0 4599.0 4599.0 4599.0 4599.0 4599.0 4599.0 4599.0 4599.0 4599.0 4599.0 4599.0 4599.0 4599.0 4599.0 4599.0 4599.0 4599.0 4599.0 4599.0 4599.0 4599.0 4599.0 4599.0 4599.0 4599.0 4599.0 4599.0 4599.0 4599.0 4599.0 4599.303 4599.616 4599.928 4600.24 4600.576 4600.941 4601.306 4601.671 4602.037 4601.978 4601.871 4601.764 4601.657 4601.42 4600.957 4600.493 4600.03 4599.566 4599.461 4599.432 4599.403 4599.374 4599.407 4599.591 4599.776 4599.961 4600.146 4601.032 4602.147 4603.262
4599.241 4599.167 4599.094 4599.02 4599.0 4599.0 4599.0 4599.0 4599.0 4599.0 4599.0 4599.0 4599.0 4599.0 4599.0 4599.0 4599.0 4599.0 4599.0 4599.0 4599.0 4599.0 4599.0 4599.0 4599.0 4599.0 4599.0 4599.0 4599.0 4599.0 4599.0 4599.0 4599.0 4599.0 4599.0 4599.0 4599.214 4599.435 4599.656 4599.876 4600.089 4600.293 4600.497 4600.7 4600.904 4600.882 4600.834 4600.786 4600.739 4600.589 4600.26 4599.931 4599.603 4599.273 4599.206 4599.193 4599.18 4599.167 4599.181 4599.264 4599.346 4599.428 4599.511 4600.274 4601.26 4602.246
4599.27 4599.196 4599.123 4599.049 4599.024 4599.018 4599.011 4599.005 4599.0 4599.0 4599.0 4599.0 4599.0 4599.0 4599.0 4599.0 4599.0 4599.0 4599.0 4599.0 4599.0 4599.0 4599.0 4599.0 4599.0 4599.0 4599.0 4599.0 4599.0 4599.0 4599.0 4599.0 4599.0 4599.0 4599.0 4599.0 4599.137 4599.277 4599.418 4599.558 4599.668 4599.739 4599.809 4599.879 4599.95 4599.957 4599.957 4599.957 4599.957 4599.88 4599.669 4599.458 4599.248 4599.037 4599.0 4599.0 4599.0 4599.0 4599.0 4599.0 4599.0 4599.0 4599.0 4599.645 4600.5 4601.355
4599.416 4599.343 4599.269 4599.196 4599.147 4599.109 4599.07 4599.031 4599.0 4599.0 4599.0 4599.0 4599.0 4599.0 4599.0 4599.0 4599.0 4599.0 4599.0 4599.0 4599.0 4599.0 4599.0 4599.0 4599.0 4599.0 4599.0 4599.0 4599.0 4599.0 4599.0 4599.0 4599.0 4599.0 4599.0 4599.0 4599.105 4599.213 4599.322 4599.43 4599.515 4599.569 4599.623 4599.677 4599.731 4599.737 4599.737 4599.737 4599.737 4599.678 4599.516 4599.353 4599.191 4599.028 4599.0 4599.0 4599.0 4599.0 4599.0 4599.0 4599.0 4599.0 4599.0 4599.543 4600.264 4600.984
4599.563 4599.489 4599.416 4599.342 4599.271 4599.2 4599.128 4599.058 4599.0 4599.0 4599.0 4599.0 4599.0 4599.0 4599.0 4599.0 4599.0 4599.0 4599.0 4599.0 4599.0 4599.0 4599.0 4599.0 4599.0 4599.0 4599.0 4599.0 4599.0 4599.0 4599.0 4599.0 4599.0 4599.0 4599.0 4599.0 4599.074 4599.149 4599.226 4599.301 4599.361 4599.399 4599.437 4599.475 4599.513 4599.517 4599.517 4599.517 4599.517 4599.476 4599.361 4599.248 4599.134 4599.02 4599.0 4599.0 4599.0 4599.0 4599.0 4599.0 4599.0 4599.0 4599.0 4599.441 4600.027 4600.613
4599.709 4599.636 4599.563 4599.489 4599.394 4599.291 4599.187 4599.084 4599.0 4599.0 4599.0 4599.0 4599.0 4599.0 4599.0 4599.0 4599.0 4599.0 4599.0 4599.0 4599.0 4599.0 4599.0 4599.0 4599.0 4599.0 4599.0 4599.0 4599.0 4599.0 4599.0 4599.0 4599.0 4599.0 4599.0 4599.0 4599.042 4599.086 4599.129 4599.173 4599.207 4599.229 4599.251 4599.272 4599.294 4599.297 4599.297 4599.297 4599.297 4599.273 4599.208 4599.142 4599.077 4599.011 4599.0 4599.0 4599.0 4599.0 4599.0 4599.0 4599.0 4599.0 4599.0 4599.34 4599.791 4600.242
4599.856 4599.783 4599.709 4599.636 4599.517 4599.381 4599.246 4599.11 4599.0 4599.0 4599.0 4599.0 4599.0 4599.0 4599.0 4599.0 4599.0 4599.0 4599.0 4599.0 4599.0 4599.0 4599.0 4599.0 4599.0 4599.0 4599.0 4599.0 4599.0 4599.0 4599.0 4599.0 4599.0 4599.0 4599.0 4599.0 4599.011 4599.022 4599.033 4599.044 4599.054 4599.059 4599.065 4599.07 4599.076 4599.077 4599.077 4599.077 4599.077 4599.07 4599.054 4599.037 4599.02 4599.003 4599.0 4599.0 4599.0 4599.0 4599.0 4599.0 4599.0 4599.0 4599.0 4599.238 4599.555 4599.871
4599.92 4599.857 4599.795 4599.732 4599.623 4599.498 4599.372 4599.246 4599.138 4599.11 4599.082 4599.054 4599.026 4599.014 4599.01 4599.007 4599.003 4599.0 4599.0 4599.0 4599.0 4599.0 4599.0 4599.0 4599.0 4599.0 4599.0 4599.0 4599.0 4599.0 4599.0 4599.0 4599.0 4599.0 4599.0 4599.0 4599.0 4599.0 4599.0 4599.0 4599.0 4599.0 4599.0 4599.0 4599.0 4599.0 4599.0 4599.0 4599.0 4599.0 4599.0 4599.0 4599.0 4599.0 4599.0 4599.0 4599.0 4599.0 4598.997 4598.986 4598.976 4598.965 4598.955 4599.126 4599.357 4599.587
4599.941 4599.894 4599.848 4599.801 4599.72 4599.626 4599.533 4599.439 4599.35 4599.279 4599.208 4599.137 4599.065 4599.035 4599.026 4599.017 4599.008 4599.0 4599.0 4599.0 4599.0 4599.0 4599.0 4599.0 4599.0 4599.0 4599.0 4599.0 4599.0 4599.0 4599.0 4599.0 4599.0 4599.0 4599.0 4599.0 4599.0 4599.0 4599.0 4599.0 4599.0 4599.0 4599.0 4599.0 4599.0 4599.0 4599.0 4599.0 4599.0 4599.0 4599.0 4599.0 4599.0 4599.0 4599.0 4599.0 4599.0 4599.0 4598.992 4598.965 4598.939 4598.912 4598.885 4599.008 4599.179 4599.351
4599.961 4599.931 4599.9 4599.87 4599.817 4599.756 4599.694 4599.633 4599.562 4599.448 4599.333 4599.219 4599.105 4599.056 4599.042 4599.027 4599.013 4599.0 4599.0 4599.0 4599.0 4599.0 4599.0 4599.0 4599.0 4599.0 4599.0 4599.0 4599.0 4599.0 4599.0 4599.0 4599.0 4599.0 4599.0 4599.0 4599.0 4599.0 4599.0 4599.0 4599.0 4599.0 4599.0 4599.0 4599.0 4599.0 4599.0 4599.0 4599.0 4599.0 4599.0 4599.0 4599.0 4599.0 4599.0 4599.0 4599.0 4599.0 4598.988 4598.945 4598.902 4598.859 4598.816 4598.89 4599.002 4599.114
4599.982 4599.967 4599.953 4599.938 4599.914 4599.885 4599.856 4599.827 4599.774 4599.617 4599.459 4599.302 4599.144 4599.077 4599.057 4599.037 4599.018 4599.0 4599.0 4599.0 4599.0 4599.0 4599.0 4599.0 4599.0 4599.0 4599.0 4599.0 4599.0 4599.0 4599.0 4599.0 4599.0 4599.0 4599.0 4599.0 4599.0 4599.0 4599.0 4599.0 4599.0 4599.0 4599.0 4599.0 4599.0 4599.0 4599.0 4599.0 4599.0 4599.0 4599.0 4599.0 4599.0 4599.0 4599.0 4599.0 4599.0 4599.0 4598.983 4598.924 4598.865 4598.806 4598.747 4598.772 4598.825 4598.877
4600.0 4600.0 4600.0 4600.0 4600.0 4600.0 4600.0 4600.0 4599.964 4599.773 4599.582 4599.39 4599.199 4599.116 4599.09 4599.064 4599.039 4599.016 4599.012 4599.008 4599.005 4599.001 4599.0 4599.0 4599.0 4599.0 4599.0 4599.0 4599.0 4599.0 4599.0 4599.0 4599.0 4599.0 4599.0 4599.0 4599.0 4599.0 4599.0 4599.0 4599.0 4599.0 4599.0 4599.0 4599.0 4599.0 4599.0 4599.0 4599.0 4599.0 4599.0 4599.0 4599.0 4599.0 4599.0 4599.0 4599.0 4599.0 4598.978 4598.901 4598.824 4598.747 4598.669 4598.65 4598.65 4598.65
