data/zism_data/00583_02_D.txt
ncols         224
nrows         224
[rows 140 to 167 of 224, columns 0 to 62 of 224]
4699.437 4699.101 4698.766 4697.927 4696.506 4695.086 4693.666 4692.245 4689.286 4686.206 4683.126 4680.046 4676.976 4673.92 4670.864 4667.808 4664.751 4661.747 4658.751 4655.755 4652.76 4650.603 4650.239 4649.874 4649.51 4649.145 4650.415 4652.14 4653.864 4655.588 4657.31 4659.025 4660.741 4662.457 4664.172 4664.23 4663.611 4662.992 4662.373 4661.407 4658.794 4656.182 4653.569 4650.957 4647.763 4644.24 4640.716 4637.193 4633.626 4629.675 4625.724 4621.773 4617.822 4614.366 4611.291 4608.215 4605.14 4602.134 4601.43 4600.726 4600.022 4599.319 4599.135
4699.618 4699.291 4698.963 4698.14 4696.744 4695.348 4693.952 4692.556 4689.629 4686.583 4683.537 4680.491 4677.471 4674.491 4671.512 4668.532 4665.553 4662.699 4659.867 4657.034 4654.202 4652.213 4652.026 4651.839 4651.652 4651.465 4652.867 4654.711 4656.555 4658.398 4660.224 4661.994 4663.764 4665.535 4667.305 4667.334 4666.653 4665.971 4665.29 4664.242 4661.449 4658.657 4655.864 4653.072 4649.713 4646.032 4642.352 4638.671 4634.958 4630.963 4626.969 4622.975 4618.98 4615.472 4612.339 4609.206 4606.073 4603.006 4602.157 4601.309 4600.46 4599.612 4599.527
4699.792 4699.454 4699.116 4698.287 4696.891 4695.495 4694.099 4692.703 4689.821 4686.823 4683.826 4680.828 4677.865 4674.956 4672.046 4669.137 4666.228 4663.545 4660.901 4658.258 4655.614 4653.814 4653.815 4653.817 4653.819 4653.82 4655.339 4657.28 4659.221 4661.162 4663.07 4664.878 4666.686 4668.494 4670.302 4670.304 4669.568 4668.833 4668.098 4666.974 4664.004 4661.033 4658.063 4655.093 4651.57 4647.732 4643.896 4640.059 4636.202 4632.175 4628.148 4624.121 4620.094 4616.557 4613.397 4610.237 4607.077 4603.979 4602.963 4601.948 4600.933 4599.917 4599.947
4699.966 4699.617 4699.268 4698.434 4697.038 4695.642 4694.245 4692.849 4690.013 4687.063 4684.115 4681.166 4678.259 4675.42 4672.581 4669.741 4666.902 4664.391 4661.937 4659.481 4657.026 4655.415 4655.605 4655.795 4655.985 4656.176 4657.812 4659.85 4661.888 4663.926 4665.916 4667.762 4669.607 4671.453 4673.299 4673.273 4672.484 4671.695 4670.906 4669.707 4666.558 4663.41 4660.262 4657.114 4653.427 4649.433 4645.439 4641.446 4637.446 4633.387 4629.328 4625.268 4621.209 4617.643 4614.456 4611.269 4608.082 4604.952 4603.77 4602.587 4601.404 4600.222 4600.366
4700.14 4699.78 4699.421 4698.58 4697.184 4695.788 4694.392 4692.996 4690.205 4687.304 4684.403 4681.503 4678.654 4675.884 4673.115 4670.346 4667.577 4665.237 4662.971 4660.705 4658.438 4657.016 4657.395 4657.773 4658.152 4658.531 4660.285 4662.419 4664.554 4666.689 4668.762 4670.646 4672.529 4674.413 4676.296 4676.243 4675.4 4674.557 4673.714 4672.439 4669.113 4665.787 4662.46 4659.135 4655.283 4651.133 4646.984 4642.834 4638.69 4634.599 4630.507 4626.415 4622.324 4618.728 4615.514 4612.3 4609.085 4605.926 4604.576 4603.226 4601.876 4600.527 4600.785
4700.294 4699.91 4699.525 4698.673 4697.28 4695.887 4694.494 4693.101 4690.377 4687.55 4684.722 4681.895 4679.122 4676.435 4673.748 4671.061 4668.374 4666.208 4664.13 4662.053 4659.975 4658.731 4659.27 4659.809 4660.348 4660.886 4662.728 4664.931 4667.134 4669.337 4671.469 4673.384 4675.299 4677.214 4679.129 4679.059 4678.179 4677.299 4676.418 4675.093 4671.651 4668.209 4664.768 4661.326 4657.388 4653.167 4648.946 4644.726 4640.514 4636.384 4632.254 4628.124 4623.994 4620.342 4617.058 4613.774 4610.491 4607.26 4605.811 4604.361 4602.911 4601.461 4601.861
4700.395 4699.952 4699.508 4698.629 4697.247 4695.865 4694.482 4693.1 4690.502 4687.81 4685.117 4682.424 4679.777 4677.204 4674.63 4672.056 4669.482 4667.494 4665.605 4663.716 4661.827 4660.74 4661.365 4661.99 4662.615 4663.24 4665.096 4667.293 4669.491 4671.688 4673.82 4675.752 4677.683 4679.614 4681.545 4681.484 4680.609 4679.734 4678.859 4677.546 4674.147 4670.749 4667.35 4663.952 4660.122 4656.047 4651.972 4647.896 4643.81 4639.626 4635.442 4631.258 4627.074 4623.298 4619.836 4616.375 4612.914 4609.512 4608.132 4606.753 4605.373 4603.993 4604.604
4700.497 4699.994 4699.491 4698.585 4697.214 4695.842 4694.471 4693.1 4690.627 4688.069 4685.511 4682.953 4680.433 4677.973 4675.512 4673.051 4670.591 4668.781 4667.08 4665.38 4663.68 4662.749 4663.459 4664.171 4664.882 4665.593 4667.463 4669.656 4671.848 4674.041 4676.172 4678.12 4680.067 4682.015 4683.962 4683.909 4683.04 4682.17 4681.3 4679.999 4676.644 4673.288 4669.933 4666.578 4662.856 4658.926 4654.997 4651.067 4647.106 4642.868 4638.63 4634.392 4630.154 4626.254 4622.615 4618.976 4615.336 4611.764 4610.455 4609.145 4607.835 4606.526 4607.348
4700.598 4700.036 4699.474 4698.542 4697.181 4695.82 4694.459 4693.099 4690.752 4688.329 4685.905 4683.482 4681.088 4678.741 4676.394 4674.047 4671.7 4670.067 4668.555 4667.043 4665.532 4664.757 4665.554 4666.352 4667.149 4667.946 4669.832 4672.019 4674.205 4676.392 4678.524 4680.488 4682.451 4684.415 4686.378 4686.334 4685.47 4684.605 4683.742 4682.452 4679.14 4675.827 4672.515 4669.203 4665.59 4661.806 4658.021 4654.237 4650.402 4646.11 4641.818 4637.526 4633.234 4629.211 4625.394 4621.576 4617.759 4614.016 4612.776 4611.537 4610.297 4609.058 4610.091
4700.7 4700.078 4699.457 4698.498 4697.147 4695.798 4694.448 4693.098 4690.877 4688.589 4686.3 4684.011 4681.744 4679.51 4677.276 4675.042 4672.808 4671.353 4670.03 4668.708 4667.384 4666.765 4667.649 4668.532 4669.416 4670.3 4672.199 4674.381 4676.563 4678.744 4680.876 4682.855 4684.835 4686.815 4688.794 4688.759 4687.9 4687.042 4686.183 4684.905 4681.636 4678.367 4675.098 4671.829 4668.324 4664.685 4661.047 4657.408 4653.698 4649.352 4645.006 4640.661 4636.314 4632.167 4628.172 4624.176 4620.181 4616.268 4615.099 4613.929 4612.76 4611.59 4612.834
4701.249 4700.584 4699.919 4698.903 4697.48 4696.057 4694.634 4693.211 4691.048 4688.826 4686.604 4684.383 4682.215 4680.13 4678.045 4675.96 4673.875 4672.569 4671.395 4670.221 4669.047 4668.547 4669.49 4670.432 4671.374 4672.316 4674.205 4676.357 4678.51 4680.662 4682.768 4684.732 4686.696 4688.66 4690.624 4690.655 4689.897 4689.14 4688.382 4687.193 4683.955 4680.717 4677.479 4674.241 4670.75 4667.113 4663.477 4659.84 4656.135 4651.823 4647.511 4643.199 4638.887 4634.802 4630.892 4626.981 4623.071 4619.247 4618.275 4617.303 4616.331 4615.359 4616.739
4701.956 4701.253 4700.551 4699.467 4697.941 4696.416 4694.891 4693.366 4691.234 4689.056 4686.877 4684.699 4682.621 4680.697 4678.774 4676.851 4674.928 4673.76 4672.721 4671.682 4670.643 4670.25 4671.241 4672.231 4673.222 4674.213 4676.083 4678.198 4680.312 4682.426 4684.498 4686.435 4688.372 4690.309 4692.246 4692.365 4691.742 4691.119 4690.496 4689.423 4686.212 4683.001 4679.79 4676.579 4673.066 4669.381 4665.696 4662.011 4658.269 4654.022 4649.774 4645.527 4641.28 4637.324 4633.591 4629.859 4626.127 4622.481 4621.752 4621.023 4620.294 4619.564 4621.054
4702.663 4701.923 4701.183 4700.031 4698.403 4696.775 4695.147 4693.52 4691.421 4689.286 4687.151 4685.016 4683.026 4681.265 4679.503 4677.742 4675.98 4674.952 4674.047 4673.143 4672.238 4671.953 4672.992 4674.031 4675.071 4676.11 4677.961 4680.038 4682.114 4684.191 4686.227 4688.137 4690.047 4691.958 4693.868 4694.075 4693.586 4693.098 4692.61 4691.653 4688.469 4685.285 4682.101 4678.917 4675.383 4671.649 4667.916 4664.182 4660.403 4656.221 4652.038 4647.855 4643.673 4639.845 4636.291 4632.736 4629.182 4625.716 4625.23 4624.743 4624.256 4623.77 4625.37
4703.37 4702.592 4701.814 4700.595 4698.864 4697.134 4695.404 4693.674 4691.608 4689.516 4687.424 4685.332 4683.432 4681.833 4680.232 4678.633 4677.033 4676.143 4675.373 4674.604 4673.833 4673.656 4674.744 4675.832 4676.919 4678.007 4679.839 4681.878 4683.917 4685.956 4687.957 4689.84 4691.723 4693.606 4695.489 4695.784 4695.431 4695.078 4694.724 4693.883 4690.726 4687.569 4684.412 4681.255 4677.7 4673.917 4670.136 4666.354 4662.538 4658.419 4654.302 4650.184 4646.066 4642.367 4638.99 4635.614 4632.237 4628.952 4628.708 4628.463 4628.219 4627.975 4629.685
4704.205 4703.413 4702.62 4701.347 4699.517 4697.688 4695.858 4694.029 4691.994 4689.942 4687.892 4685.84 4684.021 4682.564 4681.107 4679.65 4678.193 4677.417 4676.755 4676.094 4675.433 4675.338 4676.454 4677.57 4678.687 4679.803 4681.599 4683.584 4685.57 4687.556 4689.505 4691.347 4693.188 4695.03 4696.872 4697.241 4697.01 4696.778 4696.547 4695.82 4692.737 4689.655 4686.572 4683.49 4679.934 4676.11 4672.286 4668.461 4664.615 4660.572 4656.53 4652.487 4648.444 4644.882 4641.69 4638.498 4635.306 4632.204 4632.151 4632.098 4632.045 4631.992 4633.772
4705.565 4704.854 4704.142 4702.872 4700.956 4699.041 4697.125 4695.209 4693.198 4691.179 4689.16 4687.141 4685.368 4683.975 4682.583 4681.19 4679.798 4679.031 4678.37 4677.708 4677.047 4676.935 4677.997 4679.06 4680.122 4681.184 4682.876 4684.743 4686.609 4688.477 4690.312 4692.051 4693.79 4695.529 4697.268 4697.658 4697.497 4697.335 4697.174 4696.552 4693.739 4690.926 4688.112 4685.299 4681.832 4677.991 4674.151 4670.31 4666.461 4662.537 4658.613 4654.689 4650.765 4647.374 4644.392 4641.409 4638.427 4635.53 4635.455 4635.38 4635.306 4635.23 4636.926
4706.925 4706.294 4705.664 4704.397 4702.395 4700.393 4698.391 4696.389 4694.401 4692.415 4690.429 4688.442 4686.713 4685.386 4684.058 4682.73 4681.403 4680.645 4679.983 4679.322 4678.661 4678.532 4679.54 4680.549 4681.557 4682.565 4684.153 4685.901 4687.649 4689.397 4691.118 4692.754 4694.391 4696.028 4697.665 4698.074 4697.983 4697.892 4697.801 4697.283 4694.74 4692.196 4689.653 4687.109 4683.729 4679.872 4676.016 4672.159 4668.308 4664.502 4660.697 4656.891 4653.085 4649.864 4647.093 4644.321 4641.549 4638.855 4638.759 4638.663 4638.566 4638.47 4640.08
4708.285 4707.735 4707.185 4705.922 4703.833 4701.746 4699.657 4697.569 4695.605 4693.651 4691.697 4689.743 4688.06 4686.796 4685.534 4684.271 4683.007 4682.259 4681.598 4680.937 4680.275 4680.129 4681.083 4682.038 4682.992 4683.947 4685.429 4687.059 4688.688 4690.318 4691.924 4693.458 4694.993 4696.527 4698.061 4698.491 4698.47 4698.449 4698.428 4698.015 4695.741 4693.467 4691.193 4688.919 4685.625 4681.753 4677.88 4674.008 4670.154 4666.467 4662.78 4659.093 4655.406 4652.355 4649.794 4647.232 4644.671 4642.18 4642.063 4641.944 4641.827 4641.709 4643.234
4709.645 4709.176 4708.707 4707.447 4705.272 4703.098 4700.924 4698.75 4696.809 4694.888 4692.966 4691.044 4689.405 4688.207 4687.009 4685.811 4684.612 4683.873 4683.212 4682.55 4681.889 4681.726 4682.626 4683.527 4684.427 4685.328 4686.706 4688.217 4689.728 4691.239 4692.73 4694.162 4695.594 4697.026 4698.458 4698.907 4698.957 4699.005 4699.055 4698.747 4696.742 4694.738 4692.733 4690.729 4687.523 4683.634 4679.745 4675.856 4672.0 4668.432 4664.863 4661.295 4657.727 4654.846 4652.495 4650.144 4647.793 4645.506 4645.366 4645.227 4645.087 4644.948 4646.388
4711.471 4711.101 4710.73 4709.479 4707.211 4704.944 4702.676 4700.408 4698.426 4696.467 4694.507 4692.547 4690.88 4689.669 4688.458 4687.248 4686.037 4685.269 4684.576 4683.883 4683.19 4682.992 4683.853 4684.713 4685.574 4686.435 4687.756 4689.204 4690.653 4692.102 4693.521 4694.854 4696.188 4697.52 4698.853 4699.306 4699.401 4699.496 4699.59 4699.359 4697.582 4695.805 4694.028 4692.251 4689.2 4685.425 4681.65 4677.875 4674.13 4670.649 4667.167 4663.686 4660.205 4657.401 4655.12 4652.838 4650.557 4648.337 4648.19 4648.043 4647.896 4647.749 4649.131
4713.545 4713.282 4713.02 4711.782 4709.417 4707.053 4704.688 4702.323 4700.264 4698.229 4696.193 4694.158 4692.424 4691.16 4689.895 4688.63 4687.365 4686.548 4685.806 4685.065 4684.323 4684.083 4684.911 4685.739 4686.567 4687.396 4688.684 4690.101 4691.517 4692.933 4694.305 4695.541 4696.776 4698.012 4699.248 4699.696 4699.823 4699.95 4700.077 4699.909 4698.336 4696.764 4695.192 4693.62 4690.76 4687.168 4683.577 4679.985 4676.412 4673.0 4669.589 4666.178 4662.767 4659.991 4657.704 4655.417 4653.13 4650.905 4650.758 4650.611 4650.464 4650.317 4651.657
4715.619 4715.464 4715.31 4714.085 4711.623 4709.161 4706.699 4704.238 4702.102 4699.991 4697.88 4695.77 4693.969 4692.65 4691.331 4690.012 4688.693 4687.827 4687.037 4686.247 4685.457 4685.172 4685.968 4686.764 4687.561 4688.356 4689.612 4690.997 4692.38 4693.764 4695.088 4696.227 4697.365 4698.504 4699.643 4700.086 4700.245 4700.404 4700.564 4700.458 4699.09 4697.723 4696.355 4694.988 4692.32 4688.911 4685.503 4682.095 4678.693 4675.352 4672.011 4668.669 4665.328 4662.58 4660.288 4657.995 4655.703 4653.473 4653.326 4653.179 4653.032 4652.885 4654.182
4717.693 4717.646 4717.599 4716.387 4713.829 4711.27 4708.711 4706.152 4703.939 4701.753 4699.566 4697.38 4695.513 4694.14 4692.767 4691.395 4690.022 4689.106 4688.268 4687.429 4686.59 4686.263 4687.026 4687.79 4688.553 4689.317 4690.541 4691.893 4693.244 4694.596 4695.871 4696.913 4697.954 4698.996 4700.038 4700.476 4700.667 4700.859 4701.05 4701.007 4699.844 4698.682 4697.52 4696.357 4693.879 4690.654 4687.429 4684.204 4680.975 4677.703 4674.432 4671.161 4667.89 4665.169 4662.872 4660.574 4658.276 4656.041 4655.894 4655.747 4655.6 4655.453 4656.708
4719.829 4719.89 4719.95 4718.756 4716.112 4713.467 4710.822 4708.178 4705.88 4703.61 4701.339 4699.069 4697.122 4695.679 4694.236 4692.793 4691.35 4690.383 4689.497 4688.61 4687.724 4687.35 4688.071 4688.792 4689.513 4690.235 4691.421 4692.736 4694.051 4695.366 4696.594 4697.552 4698.511 4699.47 4700.429 4700.867 4701.092 4701.318 4701.544 4701.561 4700.587 4699.613 4698.639 4697.666 4695.378 4692.344 4689.31 4686.275 4683.224 4680.023 4676.822 4673.621 4670.42 4667.727 4665.423 4663.12 4660.817 4658.576 4658.42 4658.265 4658.109 4657.953 4659.159
4722.465 4722.634 4722.803 4721.669 4719.03 4716.39 4713.751 4711.112 4708.669 4706.243 4703.816 4701.389 4699.267 4697.619 4695.972 4694.324 4692.676 4691.642 4690.712 4689.783 4688.854 4688.411 4689.008 4689.605 4690.203 4690.8 4691.904 4693.149 4694.394 4695.639 4696.822 4697.813 4698.804 4699.795 4700.786 4701.268 4701.542 4701.816 4702.091 4702.157 4701.237 4700.317 4699.397 4698.478 4696.371 4693.59 4690.809 4688.028 4685.212 4682.081 4678.95 4675.819 4672.688 4670.022 4667.713 4665.405 4663.097 4660.848 4660.611 4660.375 4660.138 4659.902 4661.005
4725.102 4725.378 4725.655 4724.582 4721.948 4719.313 4716.68 4714.046 4711.459 4708.876 4706.293 4703.709 4701.413 4699.56 4697.707 4695.854 4694.001 4692.901 4691.929 4690.956 4689.983 4689.472 4689.945 4690.418 4690.892 4691.365 4692.387 4693.562 4694.737 4695.912 4697.05 4698.073 4699.097 4700.12 4701.144 4701.669 4701.992 4702.315 4702.638 4702.754 4701.888 4701.021 4700.155 4699.289 4697.364 4694.836 4692.309 4689.782 4687.2 4684.139 4681.078 4678.017 4674.957 4672.318 4670.004 4667.69 4665.376 4663.12 4662.802 4662.485 4662.167 4661.85 4662.852
4727.739 4728.123 4728.507 4727.494 4724.866 4722.237 4719.608 4716.98 4714.249 4711.509 4708.77 4706.03 4703.558 4701.5 4699.442 4697.385 4695.327 4694.161 4693.145 4692.129 4691.113 4690.532 4690.882 4691.231 4691.581 4691.93 4692.871 4693.976 4695.08 4696.185 4697.278 4698.333 4699.39 4700.445 4701.501 4702.071 4702.442 4702.813 4703.185 4703.35 4702.538 4701.726 4700.914 4700.101 4698.357 4696.083 4693.809 4691.535 4689.188 4686.197 4683.207 4680.215 4677.225 4674.613 4672.294 4669.975 4667.656 4665.392 4664.994 4664.595 4664.197 4663.798 4664.698
4730.375 4730.868 4731.359 4730.407 4727.784 4725.161 4722.537 4719.914 4717.038 4714.143 4711.247 4708.351 4705.703 4703.44 4701.178 4698.916 4696.653 4695.419 4694.361 4693.302 4692.243 4691.593 4691.819 4692.044 4692.27 4692.495 4693.354 4694.389 4695.423 4696.458 4697.506 4698.594 4699.682 4700.771 4701.858 4702.472 4702.892 4703.312 4703.731 4703.946 4703.188 4702.43 4701.671 4700.913 4699.35 4697.329 4695.309 4693.288 4691.176 4688.255 4685.334 4682.414 4679.493 4676.909 4674.584 4672.26 4669.935 4667.664 4667.185 4666.705 4666.226 4665.747 4666.544
