data/zism_data/00589_04_D.txt
ncols         224
nrows         224
[rows 168 to 195 of 224, columns 63 to 125 of 224]
1439.699 1440.739 1441.778 1442.818 1443.649 1444.407 1445.166 1445.924 1446.644 1447.201 1447.758 1448.315 1448.872 1449.204 1449.407 1449.611 1449.814 1450.0 1450.0 1450.0 1450.0 1450.0 1449.975 1449.929 1449.882 1449.836 1449.789 1449.766 1449.742 1449.719 1449.696 1449.683 1449.683 1449.683 1449.683 1449.683 1449.744 1449.814 1449.884 1449.953 1450.0 1450.0 1450.0 1450.0 1450.0 1450.0 1450.0 1450.0 1450.0 1449.968 1449.828 1449.689 1449.549 1449.41 1448.724 1447.782 1446.84 1445.899 1444.788 1442.548 1440.309 1438.07 1435.83
1441.859 1442.77 1443.68 1444.59 1445.297 1445.931 1446.565 1447.2 1447.785 1448.159 1448.533 1448.907 1449.281 1449.499 1449.627 1449.755 1449.883 1450.0 1450.0 1450.0 1450.0 1450.0 1449.964 1449.896 1449.828 1449.759 1449.691 1449.657 1449.623 1449.589 1449.555 1449.536 1449.536 1449.536 1449.536 1449.536 1449.626 1449.728 1449.83 1449.932 1450.0 1450.0 1450.0 1450.0 1450.0 1450.0 1450.0 1450.0 1450.0 1449.953 1449.749 1449.545 1449.341 1449.136 1448.364 1447.325 1446.287 1445.248 1444.059 1441.868 1439.677 1437.487 1435.296
1444.02 1444.801 1445.582 1446.363 1446.944 1447.455 1447.965 1448.476 1448.926 1449.117 1449.308 1449.499 1449.69 1449.793 1449.846 1449.899 1449.952 1450.0 1450.0 1450.0 1450.0 1450.0 1449.952 1449.862 1449.773 1449.683 1449.594 1449.548 1449.504 1449.459 1449.414 1449.389 1449.389 1449.389 1449.389 1449.389 1449.507 1449.642 1449.776 1449.91 1450.0 1450.0 1450.0 1450.0 1450.0 1450.0 1450.0 1450.0 1450.0 1449.938 1449.669 1449.4 1449.132 1448.863 1448.004 1446.869 1445.733 1444.597 1443.331 1441.188 1439.046 1436.903 1434.761
1445.379 1446.061 1446.744 1447.426 1447.9 1448.3 1448.7 1449.1 1449.445 1449.55 1449.655 1449.761 1449.866 1449.918 1449.939 1449.96 1449.981 1450.0 1450.0 1450.0 1450.0 1450.0 1449.942 1449.834 1449.727 1449.619 1449.511 1449.442 1449.373 1449.304 1449.235 1449.2 1449.21 1449.22 1449.231 1449.241 1449.354 1449.48 1449.606 1449.733 1449.817 1449.817 1449.817 1449.817 1449.817 1449.809 1449.799 1449.789 1449.779 1449.695 1449.365 1449.035 1448.705 1448.375 1447.458 1446.266 1445.073 1443.881 1442.575 1440.508 1438.441 1436.374 1434.306
1446.255 1446.856 1447.458 1448.059 1448.436 1448.734 1449.032 1449.33 1449.587 1449.665 1449.744 1449.822 1449.9 1449.939 1449.954 1449.97 1449.986 1450.0 1450.0 1450.0 1450.0 1450.0 1449.934 1449.81 1449.686 1449.562 1449.438 1449.337 1449.235 1449.134 1449.033 1448.987 1449.013 1449.039 1449.066 1449.092 1449.178 1449.272 1449.366 1449.46 1449.523 1449.523 1449.523 1449.523 1449.523 1449.502 1449.476 1449.45 1449.424 1449.313 1448.924 1448.535 1448.146 1447.757 1446.799 1445.574 1444.35 1443.126 1441.803 1439.828 1437.852 1435.876 1433.901
1447.13 1447.651 1448.172 1448.693 1448.973 1449.169 1449.365 1449.56 1449.729 1449.78 1449.832 1449.883 1449.934 1449.96 1449.97 1449.98 1449.991 1450.0 1450.0 1450.0 1450.0 1450.0 1449.925 1449.785 1449.645 1449.505 1449.365 1449.231 1449.098 1448.964 1448.831 1448.773 1448.816 1448.858 1448.901 1448.943 1449.002 1449.064 1449.126 1449.188 1449.229 1449.229 1449.229 1449.229 1449.229 1449.196 1449.153 1449.111 1449.069 1448.932 1448.484 1448.036 1447.587 1447.139 1446.14 1444.883 1443.627 1442.37 1441.031 1439.147 1437.263 1435.379 1433.495
1448.006 1448.446 1448.886 1449.326 1449.51 1449.603 1449.697 1449.79 1449.87 1449.895 1449.92 1449.944 1449.969 1449.981 1449.986 1449.991 1449.995 1450.0 1450.0 1450.0 1450.0 1450.0 1449.916 1449.76 1449.604 1449.448 1449.292 1449.126 1448.96 1448.794 1448.628 1448.56 1448.619 1448.677 1448.735 1448.794 1448.827 1448.856 1448.886 1448.915 1448.935 1448.935 1448.935 1448.935 1448.935 1448.889 1448.831 1448.772 1448.714 1448.551 1448.044 1447.536 1447.029 1446.521 1445.481 1444.192 1442.903 1441.614 1440.259 1438.467 1436.674 1434.881 1433.089
1448.777 1449.146 1449.516 1449.885 1449.981 1449.981 1449.981 1449.981 1449.981 1449.981 1449.981 1449.981 1449.981 1449.984 1449.988 1449.992 1449.996 1450.0 1449.995 1449.991 1449.987 1449.983 1449.889 1449.719 1449.549 1449.378 1449.208 1449.01 1448.811 1448.612 1448.414 1448.331 1448.4 1448.469 1448.538 1448.608 1448.615 1448.615 1448.615 1448.615 1448.615 1448.614 1448.612 1448.611 1448.609 1448.547 1448.469 1448.39 1448.311 1448.12 1447.56 1446.999 1446.438 1445.878 1444.805 1443.492 1442.179 1440.866 1439.502 1437.801 1436.099 1434.398 1432.696
1448.452 1448.853 1449.254 1449.656 1449.76 1449.76 1449.76 1449.76 1449.76 1449.76 1449.76 1449.76 1449.76 1449.794 1449.847 1449.899 1449.952 1449.995 1449.943 1449.89 1449.837 1449.785 1449.672 1449.507 1449.342 1449.177 1449.012 1448.776 1448.54 1448.304 1448.068 1447.943 1447.964 1447.984 1448.005 1448.025 1448.028 1448.028 1448.028 1448.028 1448.022 1448.004 1447.987 1447.969 1447.952 1447.836 1447.692 1447.549 1447.405 1447.167 1446.618 1446.068 1445.518 1444.968 1443.943 1442.694 1441.446 1440.198 1438.901 1437.286 1435.67 1434.055 1432.439
1448.126 1448.559 1448.993 1449.427 1449.54 1449.54 1449.54 1449.54 1449.54 1449.54 1449.54 1449.54 1449.54 1449.604 1449.705 1449.807 1449.908 1449.991 1449.89 1449.789 1449.688 1449.587 1449.454 1449.295 1449.135 1448.975 1448.816 1448.543 1448.269 1447.995 1447.721 1447.554 1447.527 1447.499 1447.471 1447.443 1447.44 1447.44 1447.44 1447.44 1447.429 1447.395 1447.361 1447.328 1447.294 1447.124 1446.916 1446.708 1446.5 1446.215 1445.676 1445.137 1444.597 1444.058 1443.08 1441.896 1440.713 1439.529 1438.3 1436.771 1435.241 1433.712 1432.183
1447.8 1448.266 1448.732 1449.198 1449.319 1449.319 1449.319 1449.319 1449.319 1449.319 1449.319 1449.319 1449.319 1449.415 1449.564 1449.714 1449.863 1449.987 1449.837 1449.688 1449.538 1449.389 1449.237 1449.083 1448.928 1448.774 1448.62 1448.31 1447.999 1447.687 1447.375 1447.166 1447.09 1447.013 1446.937 1446.861 1446.852 1446.852 1446.852 1446.852 1446.835 1446.786 1446.736 1446.686 1446.636 1446.412 1446.139 1445.866 1445.594 1445.262 1444.734 1444.205 1443.677 1443.149 1442.218 1441.099 1439.98 1438.86 1437.699 1436.256 1434.813 1433.369 1431.926
1447.474 1447.973 1448.471 1448.969 1449.099 1449.099 1449.099 1449.099 1449.099 1449.099 1449.099 1449.099 1449.099 1449.225 1449.423 1449.621 1449.819 1449.983 1449.785 1449.587 1449.389 1449.191 1449.019 1448.87 1448.721 1448.573 1448.424 1448.077 1447.728 1447.378 1447.029 1446.777 1446.653 1446.528 1446.403 1446.279 1446.264 1446.264 1446.264 1446.264 1446.242 1446.176 1446.11 1446.044 1445.978 1445.7 1445.363 1445.025 1444.688 1444.309 1443.792 1443.274 1442.756 1442.239 1441.356 1440.301 1439.246 1438.192 1437.098 1435.741 1434.384 1433.027 1431.669
1446.854 1447.375 1447.897 1448.419 1448.581 1448.617 1448.652 1448.688 1448.723 1448.759 1448.795 1448.83 1448.866 1449.007 1449.209 1449.411 1449.613 1449.781 1449.588 1449.395 1449.202 1449.009 1448.826 1448.653 1448.48 1448.307 1448.134 1447.764 1447.392 1447.02 1446.648 1446.357 1446.172 1445.987 1445.802 1445.617 1445.595 1445.595 1445.595 1445.595 1445.565 1445.474 1445.383 1445.292 1445.201 1444.894 1444.528 1444.162 1443.796 1443.393 1442.872 1442.35 1441.829 1441.307 1440.46 1439.461 1438.463 1437.464 1436.427 1435.135 1433.843 1432.551 1431.26
1445.993 1446.531 1447.068 1447.606 1447.821 1447.921 1448.021 1448.121 1448.221 1448.321 1448.422 1448.522 1448.622 1448.766 1448.936 1449.106 1449.275 1449.418 1449.273 1449.128 1448.984 1448.839 1448.653 1448.432 1448.21 1447.988 1447.767 1447.386 1447.003 1446.62 1446.237 1445.91 1445.655 1445.4 1445.145 1444.89 1444.86 1444.86 1444.86 1444.86 1444.819 1444.696 1444.573 1444.449 1444.326 1444.013 1443.646 1443.28 1442.914 1442.508 1441.97 1441.432 1440.895 1440.357 1439.538 1438.588 1437.637 1436.687 1435.698 1434.455 1433.212 1431.968 1430.725
1445.132 1445.686 1446.24 1446.794 1447.06 1447.225 1447.39 1447.554 1447.719 1447.884 1448.048 1448.213 1448.378 1448.525 1448.663 1448.8 1448.937 1449.054 1448.958 1448.862 1448.766 1448.67 1448.48 1448.21 1447.94 1447.67 1447.4 1447.008 1446.615 1446.221 1445.827 1445.463 1445.138 1444.813 1444.488 1444.163 1444.126 1444.126 1444.126 1444.126 1444.074 1443.918 1443.763 1443.607 1443.451 1443.131 1442.765 1442.398 1442.032 1441.622 1441.068 1440.515 1439.961 1439.407 1438.616 1437.714 1436.812 1435.91 1434.97 1433.775 1432.58 1431.385 1430.19
1444.271 1444.841 1445.411 1445.981 1446.299 1446.529 1446.758 1446.987 1447.217 1447.446 1447.675 1447.905 1448.134 1448.284 1448.389 1448.494 1448.599 1448.691 1448.644 1448.596 1448.548 1448.5 1448.307 1447.989 1447.67 1447.352 1447.033 1446.63 1446.226 1445.821 1445.417 1445.016 1444.621 1444.226 1443.832 1443.437 1443.391 1443.391 1443.391 1443.391 1443.328 1443.14 1442.952 1442.764 1442.577 1442.249 1441.883 1441.517 1441.15 1440.737 1440.167 1439.597 1439.027 1438.457 1437.693 1436.84 1435.986 1435.133 1434.241 1433.095 1431.948 1430.802 1429.655
1443.409 1443.995 1444.582 1445.169 1445.538 1445.832 1446.125 1446.418 1446.711 1447.005 1447.298 1447.591 1447.884 1448.037 1448.111 1448.184 1448.258 1448.325 1448.325 1448.325 1448.325 1448.325 1448.129 1447.763 1447.397 1447.031 1446.666 1446.251 1445.835 1445.42 1445.004 1444.568 1444.104 1443.639 1443.175 1442.711 1442.657 1442.656 1442.656 1442.656 1442.582 1442.362 1442.142 1441.922 1441.703 1441.368 1441.002 1440.636 1440.27 1439.852 1439.267 1438.681 1438.095 1437.51 1436.774 1435.968 1435.162 1434.357 1433.513 1432.415 1431.317 1430.219 1429.121
1442.46 1443.09 1443.719 1444.349 1444.742 1445.051 1445.361 1445.67 1445.979 1446.289 1446.598 1446.908 1447.217 1447.386 1447.476 1447.566 1447.655 1447.737 1447.737 1447.737 1447.737 1447.737 1447.558 1447.225 1446.891 1446.558 1446.224 1445.783 1445.341 1444.899 1444.456 1443.995 1443.509 1443.023 1442.538 1442.052 1441.972 1441.944 1441.917 1441.89 1441.796 1441.571 1441.346 1441.121 1440.896 1440.56 1440.194 1439.828 1439.461 1439.048 1438.478 1437.909 1437.339 1436.77 1436.043 1435.242 1434.442 1433.642 1432.808 1431.753 1430.698 1429.643 1428.588
1441.511 1442.184 1442.857 1443.53 1443.946 1444.271 1444.597 1444.922 1445.248 1445.573 1445.899 1446.224 1446.55 1446.735 1446.841 1446.947 1447.052 1447.149 1447.149 1447.149 1447.149 1447.149 1446.988 1446.686 1446.385 1446.084 1445.783 1445.316 1444.847 1444.377 1443.908 1443.422 1442.915 1442.408 1441.9 1441.393 1441.286 1441.232 1441.178 1441.124 1441.011 1440.78 1440.55 1440.319 1440.088 1439.752 1439.385 1439.019 1438.653 1438.243 1437.69 1437.136 1436.583 1436.03 1435.312 1434.517 1433.722 1432.927 1432.104 1431.092 1430.08 1429.068 1428.056
1440.563 1441.278 1441.994 1442.71 1443.149 1443.491 1443.833 1444.174 1444.516 1444.858 1445.199 1445.541 1445.883 1446.084 1446.206 1446.328 1446.45 1446.561 1446.561 1446.561 1446.561 1446.561 1446.417 1446.148 1445.879 1445.61 1445.342 1444.849 1444.352 1443.856 1443.36 1442.849 1442.321 1441.792 1441.263 1440.734 1440.601 1440.52 1440.439 1440.358 1440.225 1439.989 1439.753 1439.517 1439.281 1438.943 1438.577 1438.211 1437.845 1437.439 1436.901 1436.364 1435.827 1435.29 1434.58 1433.791 1433.001 1432.212 1431.399 1430.43 1429.461 1428.492 1427.523
1439.614 1440.373 1441.132 1441.891 1442.353 1442.711 1443.069 1443.426 1443.784 1444.142 1444.5 1444.858 1445.215 1445.433 1445.571 1445.709 1445.847 1445.973 1445.973 1445.973 1445.973 1445.973 1445.846 1445.61 1445.373 1445.137 1444.9 1444.381 1443.858 1443.335 1442.812 1442.277 1441.726 1441.176 1440.626 1440.075 1439.916 1439.808 1439.7 1439.592 1439.44 1439.198 1438.957 1438.716 1438.474 1438.135 1437.769 1437.403 1437.036 1436.634 1436.113 1435.592 1435.071 1434.55 1433.849 1433.065 1432.281 1431.497 1430.694 1429.768 1428.843 1427.917 1426.991
1438.714 1439.49 1440.266 1441.042 1441.527 1441.909 1442.291 1442.672 1443.055 1443.445 1443.834 1444.224 1444.613 1444.843 1444.981 1445.12 1445.259 1445.385 1445.385 1445.385 1445.385 1445.385 1445.272 1445.06 1444.848 1444.636 1444.424 1443.886 1443.344 1442.802 1442.259 1441.707 1441.143 1440.579 1440.015 1439.451 1439.255 1439.107 1438.959 1438.811 1438.635 1438.401 1438.167 1437.933 1437.699 1437.362 1436.996 1436.63 1436.263 1435.867 1435.369 1434.872 1434.375 1433.878 1433.196 1432.427 1431.659 1430.89 1430.103 1429.195 1428.286 1427.378 1426.469
1437.867 1438.633 1439.398 1440.164 1440.669 1441.083 1441.497 1441.911 1442.33 1442.767 1443.205 1443.643 1444.081 1444.318 1444.44 1444.563 1444.686 1444.798 1444.798 1444.798 1444.798 1444.798 1444.693 1444.497 1444.301 1444.105 1443.909 1443.361 1442.808 1442.255 1441.702 1441.142 1440.572 1440.003 1439.433 1438.864 1438.619 1438.418 1438.216 1438.014 1437.809 1437.597 1437.385 1437.172 1436.96 1436.627 1436.261 1435.895 1435.528 1435.139 1434.674 1434.209 1433.744 1433.279 1432.626 1431.884 1431.143 1430.401 1429.636 1428.717 1427.798 1426.879 1425.959
1437.021 1437.775 1438.53 1439.285 1439.811 1440.258 1440.704 1441.15 1441.604 1442.09 1442.576 1443.063 1443.549 1443.793 1443.9 1444.006 1444.113 1444.21 1444.21 1444.21 1444.21 1444.21 1444.113 1443.934 1443.754 1443.574 1443.395 1442.836 1442.272 1441.709 1441.145 1440.576 1440.001 1439.426 1438.851 1438.276 1437.984 1437.729 1437.473 1437.218 1436.984 1436.793 1436.602 1436.411 1436.22 1435.892 1435.526 1435.16 1434.794 1434.412 1433.979 1433.547 1433.114 1432.681 1432.056 1431.342 1430.627 1429.912 1429.17 1428.24 1427.31 1426.38 1425.449
1436.174 1436.918 1437.662 1438.406 1438.953 1439.432 1439.911 1440.389 1440.878 1441.413 1441.948 1442.482 1443.017 1443.268 1443.359 1443.449 1443.539 1443.622 1443.622 1443.622 1443.622 1443.622 1443.534 1443.371 1443.207 1443.043 1442.88 1442.311 1441.737 1441.162 1440.587 1440.01 1439.43 1438.85 1438.27 1437.689 1437.349 1437.039 1436.73 1436.421 1436.158 1435.989 1435.819 1435.65 1435.481 1435.157 1434.791 1434.425 1434.059 1433.685 1433.284 1432.884 1432.483 1432.083 1431.487 1430.799 1430.111 1429.424 1428.703 1427.762 1426.821 1425.88 1424.94
1435.327 1436.06 1436.793 1437.527 1438.095 1438.606 1439.117 1439.628 1440.152 1440.736 1441.319 1441.902 1442.485 1442.744 1442.818 1442.892 1442.966 1443.034 1443.034 1443.034 1443.034 1443.034 1442.955 1442.808 1442.66 1442.513 1442.365 1441.786 1441.201 1440.615 1440.03 1439.445 1438.859 1438.273 1437.688 1437.102 1436.713 1436.35 1435.987 1435.624 1435.332 1435.185 1435.037 1434.889 1434.741 1434.423 1434.056 1433.69 1433.324 1432.957 1432.589 1432.221 1431.853 1431.485 1430.917 1430.256 1429.596 1428.935 1428.236 1427.285 1426.333 1425.381 1424.43
1435.048 1435.745 1436.442 1437.139 1437.722 1438.265 1438.808 1439.352 1439.894 1440.434 1440.975 1441.515 1442.056 1442.288 1442.346 1442.404 1442.462 1442.515 1442.515 1442.515 1442.515 1442.515 1442.418 1442.236 1442.054 1441.872 1441.69 1441.13 1440.564 1439.998 1439.433 1438.858 1438.272 1437.686 1437.1 1436.514 1436.131 1435.775 1435.419 1435.063 1434.763 1434.576 1434.389 1434.202 1434.015 1433.688 1433.322 1432.955 1432.589 1432.223 1431.857 1431.49 1431.124 1430.758 1430.192 1429.533 1428.874 1428.214 1427.523 1426.616 1425.71 1424.803 1423.896
1434.803 1435.463 1436.122 1436.781 1437.379 1437.954 1438.529 1439.105 1439.665 1440.156 1440.648 1441.14 1441.632 1441.837 1441.879 1441.921 1441.963 1442.001 1442.001 1442.001 1442.001 1442.001 1441.883 1441.664 1441.444 1441.224 1441.005 1440.465 1439.921 1439.377 1438.833 1438.27 1437.684 1437.098 1436.512 1435.926 1435.553 1435.208 1434.862 1434.517 1434.21 1433.98 1433.75 1433.52 1433.29 1432.953 1432.587 1432.22 1431.854 1431.488 1431.122 1430.755 1430.389 1430.023 1429.457 1428.798 1428.139 1427.479 1426.794 1425.936 1425.078 1424.22 1423.362
