data/zism_data/00580_04_D.txt
ncols         224
nrows         224
[rows 196 to 223 of 224, columns 130 to 194 of 224]
1392.428 1397.415 1402.402 1407.389 1412.375 1417.158 1421.821 1426.484 1431.146 1435.809 1440.468 1445.128 1449.788 1454.447 1458.772 1462.847 1466.922 1470.997 1474.858 1474.03 1473.202 1472.374 1471.546 1469.036 1464.938 1460.841 1456.744 1452.646 1453.44 1454.305 1455.171 1456.037 1458.691 1463.476 1468.26 1473.045 1477.829 1481.744 1485.59 1489.436 1493.282 1496.08 1497.296 1498.511 1499.727 1500.943 1501.031 1500.951 1500.87 1500.789 1500.557 1500.033 1499.509 1498.984 1498.46 1497.061 1495.459 1493.858 1492.256 1491.429 1492.565 1493.702 1494.839 1495.976 1499.573
1395.139 1400.209 1405.278 1410.348 1415.418 1420.031 1424.378 1428.725 1433.072 1437.413 1441.708 1446.003 1450.298 1454.593 1458.421 1461.9 1465.379 1468.858 1472.12 1470.61 1469.099 1467.589 1466.079 1463.115 1458.78 1454.445 1450.11 1445.775 1447.046 1448.399 1449.752 1451.105 1454.203 1459.38 1464.556 1469.733 1474.91 1479.228 1483.479 1487.73 1491.981 1495.086 1496.462 1497.838 1499.214 1500.59 1500.748 1500.724 1500.699 1500.675 1500.474 1499.931 1499.387 1498.843 1498.3 1496.495 1494.398 1492.301 1490.204 1488.836 1489.317 1489.799 1490.281 1490.763 1494.289
1397.254 1402.146 1407.038 1411.931 1416.823 1421.124 1425.078 1429.032 1432.986 1436.93 1440.778 1444.627 1448.475 1452.324 1455.632 1458.535 1461.439 1464.342 1467.042 1465.263 1463.484 1461.705 1459.926 1456.906 1452.717 1448.527 1444.337 1440.147 1441.96 1443.862 1445.763 1447.665 1451.282 1456.943 1462.603 1468.264 1473.925 1478.403 1482.788 1487.174 1491.559 1494.76 1496.174 1497.587 1499.001 1500.414 1500.582 1500.563 1500.544 1500.526 1500.302 1499.683 1499.065 1498.446 1497.827 1495.432 1492.625 1489.818 1487.011 1484.813 1484.16 1483.507 1482.854 1482.201 1485.566
1399.369 1404.084 1408.798 1413.513 1418.228 1422.216 1425.777 1429.339 1432.901 1436.446 1439.848 1443.25 1446.653 1450.055 1452.843 1455.171 1457.499 1459.827 1461.965 1459.917 1457.869 1455.82 1453.772 1450.697 1446.653 1442.608 1438.563 1434.519 1436.875 1439.325 1441.775 1444.225 1448.361 1454.506 1460.651 1466.795 1472.94 1477.578 1482.097 1486.617 1491.137 1494.434 1495.885 1497.337 1498.788 1500.239 1500.416 1500.403 1500.389 1500.376 1500.13 1499.436 1498.742 1498.048 1497.354 1494.369 1490.852 1487.335 1483.818 1480.79 1479.002 1477.215 1475.427 1473.64 1476.842
1401.484 1406.021 1410.558 1415.096 1419.633 1423.308 1426.477 1429.646 1432.815 1435.962 1438.918 1441.874 1444.83 1447.786 1450.053 1451.806 1453.558 1455.311 1456.887 1454.57 1452.253 1449.936 1447.619 1444.488 1440.589 1436.689 1432.79 1428.891 1431.789 1434.788 1437.786 1440.785 1445.441 1452.069 1458.698 1465.326 1471.955 1476.752 1481.407 1486.061 1490.715 1494.108 1495.597 1497.086 1498.575 1500.063 1500.25 1500.242 1500.234 1500.226 1499.959 1499.189 1498.42 1497.651 1496.881 1493.306 1489.079 1484.852 1480.625 1476.767 1473.845 1470.923 1468.0 1465.078 1468.119
1403.599 1407.959 1412.318 1416.678 1421.038 1424.4 1427.176 1429.953 1432.729 1435.479 1437.988 1440.498 1443.007 1445.517 1447.264 1448.441 1449.618 1450.796 1451.809 1449.224 1446.638 1444.052 1441.466 1438.279 1434.525 1430.771 1427.017 1423.262 1426.704 1430.251 1433.798 1437.345 1442.52 1449.632 1456.745 1463.857 1470.97 1475.927 1480.716 1485.505 1490.294 1493.782 1495.309 1496.835 1498.362 1499.888 1500.085 1500.082 1500.079 1500.076 1499.787 1498.942 1498.098 1497.253 1496.408 1492.243 1487.306 1482.369 1477.432 1472.744 1468.687 1464.631 1460.574 1456.517 1459.395
1404.193 1408.396 1412.599 1416.803 1421.006 1424.172 1426.729 1429.287 1431.844 1434.357 1436.473 1438.589 1440.705 1442.821 1444.125 1444.824 1445.524 1446.223 1446.772 1444.02 1441.268 1438.516 1435.763 1432.783 1429.587 1426.391 1423.195 1419.999 1423.846 1427.797 1431.748 1435.699 1441.159 1448.417 1455.674 1462.931 1470.188 1475.264 1480.168 1485.073 1489.978 1493.55 1495.112 1496.673 1498.235 1499.796 1500.0 1500.0 1500.0 1500.0 1499.681 1498.746 1497.81 1496.874 1495.938 1491.154 1485.475 1479.797 1474.119 1468.612 1463.539 1458.466 1453.392 1448.319 1450.805
1403.197 1407.266 1411.335 1415.404 1419.473 1422.565 1425.085 1427.605 1430.125 1432.569 1434.346 1436.123 1437.9 1439.677 1440.622 1440.945 1441.267 1441.59 1441.776 1438.965 1436.154 1433.343 1430.531 1428.031 1425.825 1423.618 1421.411 1419.205 1423.316 1427.519 1431.723 1435.927 1441.429 1448.476 1455.524 1462.571 1469.619 1474.769 1479.77 1484.772 1489.774 1493.417 1495.011 1496.605 1498.198 1499.792 1500.0 1500.0 1500.0 1500.0 1499.645 1498.601 1497.558 1496.515 1495.472 1490.038 1483.585 1477.133 1470.68 1464.365 1458.399 1452.434 1446.468 1440.502 1442.354
1402.202 1406.136 1410.07 1414.005 1417.939 1420.958 1423.44 1425.923 1428.405 1430.781 1432.219 1433.658 1435.096 1436.534 1437.118 1437.065 1437.011 1436.957 1436.781 1433.91 1431.04 1428.17 1425.299 1423.279 1422.062 1420.845 1419.628 1418.411 1422.785 1427.242 1431.698 1436.155 1441.698 1448.536 1455.374 1462.212 1469.05 1474.274 1479.372 1484.471 1489.569 1493.284 1494.91 1496.536 1498.162 1499.788 1500.0 1500.0 1500.0 1500.0 1499.608 1498.457 1497.306 1496.156 1495.005 1488.922 1481.695 1474.469 1467.242 1460.119 1453.26 1446.402 1439.543 1432.684 1433.904
1401.206 1405.006 1408.806 1412.606 1416.406 1419.351 1421.796 1424.24 1426.685 1428.993 1430.093 1431.192 1432.292 1433.391 1433.615 1433.185 1432.755 1432.324 1431.785 1428.856 1425.926 1422.997 1420.067 1418.528 1418.3 1418.072 1417.845 1417.617 1422.255 1426.964 1431.673 1436.383 1441.968 1448.596 1455.224 1461.852 1468.48 1473.779 1478.974 1484.17 1489.365 1493.151 1494.809 1496.467 1498.125 1499.784 1500.0 1500.0 1500.0 1500.0 1499.571 1498.313 1497.055 1495.796 1494.538 1487.807 1479.805 1471.804 1463.803 1455.872 1448.121 1440.37 1432.618 1424.867 1425.453
1400.21 1403.876 1407.541 1411.207 1414.872 1417.744 1420.151 1422.558 1424.965 1427.205 1427.966 1428.727 1429.487 1430.248 1430.112 1429.305 1428.498 1427.692 1426.79 1423.801 1420.813 1417.824 1414.835 1413.776 1414.538 1415.3 1416.061 1416.823 1421.724 1426.686 1431.649 1436.61 1442.237 1448.656 1455.074 1461.493 1467.911 1473.285 1478.577 1483.869 1489.161 1493.017 1494.708 1496.398 1498.089 1499.78 1500.0 1500.0 1500.0 1500.0 1499.535 1498.169 1496.803 1495.437 1494.071 1486.691 1477.915 1469.14 1460.364 1451.625 1442.981 1434.338 1425.694 1417.05 1417.002
1397.027 1400.996 1404.966 1408.936 1412.906 1415.829 1418.138 1420.448 1422.757 1424.893 1425.49 1426.086 1426.682 1427.279 1426.925 1425.861 1424.798 1423.734 1422.606 1420.057 1417.508 1414.958 1412.409 1411.739 1412.842 1413.945 1415.049 1416.152 1420.688 1425.275 1429.861 1434.448 1439.784 1446.013 1452.241 1458.47 1464.699 1470.453 1476.171 1481.889 1487.607 1491.802 1493.699 1495.597 1497.494 1499.391 1499.604 1499.564 1499.524 1499.484 1498.899 1497.256 1495.613 1493.97 1492.327 1485.003 1476.36 1467.717 1459.074 1450.376 1441.537 1432.698 1423.86 1415.021 1414.388
1393.671 1397.979 1402.288 1406.597 1410.905 1413.889 1416.096 1418.304 1420.511 1422.54 1422.985 1423.431 1423.877 1424.323 1423.763 1422.452 1421.141 1419.831 1418.487 1416.416 1414.345 1412.275 1410.204 1409.916 1411.309 1412.703 1414.096 1415.49 1419.612 1423.773 1427.935 1432.097 1437.116 1443.157 1449.197 1455.238 1461.278 1467.438 1473.608 1479.777 1485.947 1490.502 1492.619 1494.737 1496.855 1498.973 1499.177 1499.094 1499.011 1498.928 1498.215 1496.282 1494.348 1492.415 1490.482 1483.269 1474.83 1466.392 1457.953 1449.362 1440.383 1431.405 1422.426 1413.448 1412.234
1390.315 1394.962 1399.61 1404.257 1408.905 1411.949 1414.054 1416.16 1418.265 1420.186 1420.481 1420.777 1421.072 1421.367 1420.602 1419.043 1417.485 1415.927 1414.367 1412.775 1411.183 1409.591 1407.999 1408.092 1409.776 1411.46 1413.144 1414.828 1418.535 1422.272 1426.009 1429.746 1434.449 1440.301 1446.153 1452.005 1457.857 1464.423 1471.044 1477.666 1484.287 1489.201 1491.539 1493.878 1496.216 1498.554 1498.75 1498.624 1498.498 1498.372 1497.532 1495.308 1493.084 1490.86 1488.637 1481.535 1473.301 1465.067 1456.832 1448.348 1439.23 1430.112 1420.993 1411.875 1410.079
1386.959 1391.945 1396.932 1401.918 1406.904 1410.009 1412.012 1414.015 1416.018 1417.833 1417.977 1418.122 1418.267 1418.412 1417.44 1415.634 1413.828 1412.023 1410.247 1409.134 1408.02 1406.907 1405.793 1406.269 1408.243 1410.218 1412.192 1414.167 1417.459 1420.771 1424.083 1427.395 1431.781 1437.445 1443.109 1448.773 1454.437 1461.408 1468.481 1475.554 1482.627 1487.901 1490.459 1493.018 1495.577 1498.136 1498.323 1498.154 1497.985 1497.816 1496.848 1494.334 1491.82 1489.306 1486.792 1479.801 1471.771 1463.741 1455.711 1447.334 1438.076 1428.818 1419.56 1410.302 1407.924
1382.865 1388.298 1393.731 1399.164 1404.597 1407.855 1409.838 1411.821 1413.805 1415.588 1415.597 1415.607 1415.617 1415.627 1414.55 1412.662 1410.774 1408.886 1407.049 1406.352 1405.654 1404.956 1404.259 1404.987 1407.062 1409.136 1411.211 1413.285 1416.103 1418.931 1421.759 1424.588 1428.585 1433.975 1439.364 1444.753 1450.143 1457.404 1464.81 1472.217 1479.624 1485.196 1487.996 1490.797 1493.598 1496.399 1496.669 1496.559 1496.449 1496.339 1495.287 1492.41 1489.532 1486.655 1483.778 1476.893 1469.077 1461.261 1453.446 1445.275 1436.205 1427.135 1418.065 1408.995 1406.285
1377.486 1383.553 1389.621 1395.689 1401.756 1405.327 1407.434 1409.541 1411.648 1413.531 1413.433 1413.335 1413.238 1413.14 1412.134 1410.451 1408.767 1407.083 1405.455 1405.064 1404.673 1404.282 1403.891 1404.649 1406.492 1408.336 1410.179 1412.022 1414.258 1416.501 1418.743 1420.985 1424.47 1429.434 1434.399 1439.364 1444.328 1451.678 1459.214 1466.75 1474.286 1480.046 1483.127 1486.207 1489.288 1492.368 1492.88 1493.007 1493.134 1493.26 1492.197 1488.831 1485.464 1482.098 1478.731 1471.942 1464.357 1456.773 1449.188 1441.398 1433.086 1424.774 1416.462 1408.15 1405.542
1372.107 1378.809 1385.511 1392.214 1398.916 1402.799 1405.03 1407.26 1409.491 1411.474 1411.269 1411.064 1410.858 1410.653 1409.718 1408.239 1406.76 1405.28 1403.861 1403.777 1403.692 1403.607 1403.523 1404.311 1405.923 1407.535 1409.147 1410.759 1412.414 1414.07 1415.726 1417.382 1420.355 1424.894 1429.434 1433.974 1438.514 1445.952 1453.617 1461.282 1468.948 1474.897 1478.257 1481.617 1484.977 1488.338 1489.092 1489.455 1489.818 1490.182 1489.108 1485.252 1481.396 1477.54 1473.685 1466.99 1459.637 1452.284 1444.931 1437.521 1429.967 1422.413 1414.86 1407.306 1404.8
1366.728 1374.065 1381.402 1388.739 1396.075 1400.271 1402.625 1404.979 1407.334 1409.417 1409.104 1408.792 1408.479 1408.166 1407.302 1406.027 1404.752 1403.477 1402.267 1402.489 1402.711 1402.933 1403.155 1403.973 1405.354 1406.734 1408.115 1409.496 1410.57 1411.64 1412.71 1413.779 1416.239 1420.354 1424.469 1428.584 1432.699 1440.227 1448.021 1455.815 1463.609 1469.747 1473.387 1477.027 1480.667 1484.307 1485.303 1485.903 1486.503 1487.103 1486.019 1481.674 1477.328 1472.983 1468.638 1462.039 1454.917 1447.795 1440.673 1433.643 1426.848 1420.052 1413.257 1406.461 1404.057
1361.349 1369.321 1377.292 1385.263 1393.235 1397.743 1400.221 1402.699 1405.177 1407.361 1406.94 1406.52 1406.099 1405.679 1404.886 1403.816 1402.745 1401.674 1400.673 1401.202 1401.73 1402.258 1402.787 1403.635 1404.784 1405.934 1407.083 1408.233 1408.726 1409.21 1409.693 1410.177 1412.124 1415.814 1419.504 1423.194 1426.885 1434.501 1442.424 1450.347 1458.271 1464.598 1468.518 1472.437 1476.357 1480.276 1481.515 1482.351 1483.188 1484.024 1482.929 1478.095 1473.26 1468.426 1463.591 1457.088 1450.197 1443.306 1436.416 1429.766 1423.729 1417.692 1411.654 1405.617 1403.314
1353.39 1361.628 1369.867 1378.106 1386.345 1391.278 1394.272 1397.267 1400.261 1402.961 1403.046 1403.131 1403.216 1403.301 1402.958 1402.295 1401.631 1400.968 1400.357 1400.907 1401.457 1402.007 1402.557 1403.31 1404.254 1405.198 1406.142 1407.087 1407.267 1407.437 1407.606 1407.776 1409.258 1412.303 1415.348 1418.393 1421.438 1428.575 1436.031 1443.488 1450.944 1457.076 1461.211 1465.345 1469.479 1473.614 1475.086 1476.159 1477.233 1478.306 1477.454 1472.878 1468.301 1463.724 1459.147 1452.872 1446.204 1439.536 1432.868 1426.534 1421.048 1415.562 1410.075 1404.589 1402.532
1344.796 1353.212 1361.629 1370.045 1378.462 1383.846 1387.454 1391.061 1394.669 1397.986 1398.727 1399.468 1400.209 1400.951 1401.149 1400.943 1400.737 1400.531 1400.355 1400.857 1401.358 1401.86 1402.361 1402.988 1403.734 1404.479 1405.224 1405.969 1405.903 1405.825 1405.747 1405.669 1406.698 1409.044 1411.39 1413.736 1416.082 1422.599 1429.443 1436.286 1443.129 1448.972 1453.306 1457.639 1461.972 1466.306 1468.01 1469.32 1470.629 1471.939 1471.394 1467.258 1463.122 1458.986 1454.85 1448.838 1442.39 1435.943 1429.495 1423.461 1418.474 1413.488 1408.502 1403.516 1401.74
1336.203 1344.796 1353.39 1361.984 1370.578 1376.415 1380.635 1384.856 1389.076 1393.011 1394.408 1395.805 1397.203 1398.6 1399.341 1399.592 1399.843 1400.093 1400.353 1400.806 1401.259 1401.712 1402.166 1402.667 1403.213 1403.759 1404.306 1404.852 1404.539 1404.214 1403.888 1403.563 1404.138 1405.785 1407.432 1409.079 1410.726 1416.624 1422.854 1429.084 1435.315 1440.868 1445.401 1449.933 1454.465 1458.997 1460.933 1462.48 1464.026 1465.572 1465.334 1461.639 1457.943 1454.248 1450.553 1444.803 1438.576 1432.349 1426.122 1420.387 1415.901 1411.415 1406.929 1402.443 1400.949
1327.609 1336.381 1345.152 1353.923 1362.695 1368.983 1373.817 1378.651 1383.484 1388.036 1390.089 1392.142 1394.196 1396.249 1397.532 1398.24 1398.948 1399.656 1400.351 1400.756 1401.16 1401.565 1401.97 1402.345 1402.692 1403.04 1403.387 1403.734 1403.175 1402.602 1402.029 1401.457 1401.578 1402.526 1403.474 1404.422 1405.369 1410.648 1416.266 1421.883 1427.5 1432.764 1437.495 1442.227 1446.958 1451.689 1453.857 1455.64 1457.423 1459.206 1459.273 1456.019 1452.765 1449.511 1446.257 1440.769 1434.762 1428.756 1422.749 1417.314 1413.328 1409.342 1405.356 1401.37 1400.157
1320.08 1328.747 1337.415 1346.083 1354.751 1361.366 1366.779 1372.192 1377.605 1382.751 1385.535 1388.318 1391.101 1393.884 1395.735 1396.89 1398.045 1399.199 1400.32 1400.679 1401.037 1401.396 1401.755 1402.019 1402.192 1402.365 1402.537 1402.71 1401.948 1401.172 1400.396 1399.62 1399.369 1399.743 1400.118 1400.492 1400.866 1405.511 1410.489 1415.468 1420.446 1425.344 1430.122 1434.899 1439.676 1444.454 1446.735 1448.642 1450.549 1452.456 1452.756 1449.947 1447.138 1444.329 1441.519 1436.397 1430.738 1425.079 1419.42 1414.379 1410.906 1407.433 1403.96 1400.487 1399.526
1315.904 1323.582 1331.26 1338.938 1346.616 1353.164 1359.051 1364.937 1370.823 1376.492 1380.238 1383.984 1387.73 1391.475 1393.975 1395.544 1397.113 1398.682 1400.196 1400.517 1400.839 1401.16 1401.481 1401.677 1401.753 1401.829 1401.905 1401.981 1401.154 1400.313 1399.473 1398.632 1398.265 1398.462 1398.659 1398.856 1399.052 1403.016 1407.274 1411.531 1415.789 1420.08 1424.422 1428.764 1433.106 1437.447 1439.471 1441.146 1442.822 1444.498 1444.802 1442.45 1440.097 1437.745 1435.393 1430.964 1426.052 1421.141 1416.229 1411.88 1408.961 1406.042 1403.124 1400.204 1399.405
1311.727 1318.416 1325.104 1331.793 1338.482 1344.963 1351.322 1357.682 1364.041 1370.233 1374.941 1379.65 1384.358 1389.067 1392.215 1394.198 1396.181 1398.164 1400.073 1400.356 1400.64 1400.924 1401.207 1401.334 1401.314 1401.293 1401.272 1401.252 1400.359 1399.454 1398.549 1397.644 1397.161 1397.18 1397.2 1397.219 1397.239 1400.521 1404.058 1407.595 1411.132 1414.816 1418.723 1422.629 1426.535 1430.441 1432.207 1433.651 1435.095 1436.54 1436.847 1434.952 1433.057 1431.162 1429.267 1425.53 1421.366 1417.202 1413.038 1409.382 1407.017 1404.652 1402.287 1399.922 1399.283
1307.551 1313.25 1318.949 1324.648 1330.347 1336.761 1343.593 1350.426 1357.259 1363.974 1369.645 1375.316 1380.987 1386.658 1390.455 1392.852 1395.249 1397.646 1399.949 1400.195 1400.441 1400.687 1400.933 1400.992 1400.875 1400.757 1400.64 1400.523 1399.565 1398.596 1397.626 1396.656 1396.057 1395.899 1395.741 1395.583 1395.425 1398.026 1400.842 1403.659 1406.475 1409.552 1413.023 1416.494 1419.964 1423.435 1424.942 1426.155 1427.369 1428.582 1428.892 1427.454 1426.016 1424.578 1423.14 1420.096 1416.68 1413.263 1409.847 1406.884 1405.073 1403.262 1401.451 1399.639 1399.161
