data/zism_data/00596_02_D.txt
ncols         224
nrows         224
[rows 28 to 55 of 224, columns 126 to 188 of 224]
4199.755 4199.578 4199.4 4199.223 4199.046 4199.0 4199.0 4199.0 4199.0 4199.003 4199.018 4199.033 4199.049 4199.064 4199.178 4199.346 4199.513 4199.68 4199.859 4200.133 4200.407 4200.681 4200.954 4201.576 4202.465 4203.354 4204.243 4205.159 4207.299 4209.439 4211.579 4213.719 4216.122 4218.811 4221.5 4224.188 4226.877 4228.659 4230.376 4232.095 4233.813 4234.497 4233.574 4232.651 4231.728 4230.805 4228.917 4226.856 4224.794 4222.733 4221.114 4220.504 4219.895 4219.286 4218.677 4218.531 4218.531 4218.531 4218.531 4218.198 4216.664 4215.13 4213.597
4199.846 4199.648 4199.449 4199.25 4199.052 4199.0 4199.0 4199.0 4199.0 4199.005 4199.031 4199.057 4199.083 4199.109 4199.304 4199.59 4199.876 4200.162 4200.467 4200.935 4201.402 4201.87 4202.337 4203.223 4204.429 4205.635 4206.842 4208.067 4210.165 4212.262 4214.359 4216.456 4218.803 4221.421 4224.041 4226.66 4229.279 4231.075 4232.815 4234.554 4236.293 4237.061 4236.315 4235.57 4234.825 4234.08 4232.346 4230.436 4228.525 4226.614 4225.142 4224.673 4224.204 4223.734 4223.265 4223.153 4223.153 4223.153 4223.153 4222.787 4221.103 4219.418 4217.734
4199.938 4199.718 4199.498 4199.278 4199.058 4199.0 4199.0 4199.0 4199.0 4199.007 4199.044 4199.081 4199.117 4199.154 4199.431 4199.834 4200.239 4200.643 4201.075 4201.736 4202.397 4203.059 4203.72 4204.869 4206.393 4207.917 4209.441 4210.977 4213.031 4215.085 4217.139 4219.193 4221.483 4224.033 4226.582 4229.131 4231.68 4233.492 4235.253 4237.014 4238.775 4239.625 4239.057 4238.489 4237.922 4237.354 4235.775 4234.016 4232.255 4230.496 4229.171 4228.842 4228.512 4228.183 4227.854 4227.775 4227.775 4227.775 4227.775 4227.376 4225.541 4223.706 4221.871
4200.03 4199.788 4199.546 4199.305 4199.063 4199.0 4199.0 4199.0 4199.0 4199.009 4199.057 4199.104 4199.152 4199.199 4199.557 4200.079 4200.602 4201.124 4201.683 4202.538 4203.393 4204.248 4205.104 4206.516 4208.357 4210.199 4212.041 4213.886 4215.897 4217.908 4219.919 4221.93 4224.165 4226.644 4229.123 4231.602 4234.081 4235.909 4237.691 4239.474 4241.256 4242.188 4241.798 4241.408 4241.018 4240.628 4239.205 4237.595 4235.986 4234.377 4233.2 4233.01 4232.821 4232.631 4232.442 4232.396 4232.396 4232.396 4232.396 4231.965 4229.979 4227.994 4226.008
4200.042 4199.797 4199.553 4199.308 4199.064 4199.0 4199.0 4199.0 4199.0 4199.028 4199.17 4199.313 4199.456 4199.598 4200.304 4201.31 4202.316 4203.322 4204.369 4205.755 4207.141 4208.527 4209.913 4211.608 4213.543 4215.478 4217.412 4219.343 4221.143 4222.942 4224.742 4226.541 4228.527 4230.716 4232.905 4235.094 4237.284 4239.016 4240.717 4242.418 4244.119 4245.055 4244.8 4244.546 4244.292 4244.037 4242.813 4241.416 4240.018 4238.62 4237.606 4237.467 4237.329 4237.19 4237.052 4237.019 4237.019 4237.019 4237.019 4236.578 4234.549 4232.521 4230.492
4200.042 4199.797 4199.553 4199.308 4199.064 4199.0 4199.0 4199.0 4199.0 4199.049 4199.299 4199.549 4199.799 4200.05 4201.144 4202.688 4204.232 4205.777 4207.367 4209.334 4211.301 4213.269 4215.236 4217.218 4219.211 4221.205 4223.199 4225.183 4226.746 4228.309 4229.871 4231.434 4233.141 4235.007 4236.874 4238.74 4240.606 4242.228 4243.832 4245.436 4247.04 4247.967 4247.842 4247.716 4247.591 4247.465 4246.449 4245.271 4244.095 4242.917 4242.068 4241.967 4241.867 4241.766 4241.665 4241.641 4241.641 4241.641 4241.641 4241.194 4239.139 4237.083 4235.027
4200.042 4199.797 4199.553 4199.308 4199.064 4199.0 4199.0 4199.0 4199.0 4199.07 4199.428 4199.786 4200.144 4200.501 4201.984 4204.067 4206.149 4208.232 4210.365 4212.914 4215.462 4218.01 4220.559 4222.827 4224.88 4226.933 4228.986 4231.023 4232.349 4233.674 4235.0 4236.326 4237.756 4239.299 4240.842 4242.386 4243.929 4245.438 4246.945 4248.453 4249.96 4250.879 4250.883 4250.886 4250.89 4250.894 4250.084 4249.127 4248.171 4247.215 4246.531 4246.468 4246.404 4246.341 4246.278 4246.263 4246.263 4246.263 4246.263 4245.811 4243.728 4241.646 4239.563
4200.042 4199.797 4199.553 4199.308 4199.064 4199.0 4199.0 4199.0 4199.0 4199.091 4199.557 4200.022 4200.488 4200.953 4202.824 4205.445 4208.066 4210.687 4213.363 4216.493 4219.623 4222.752 4225.882 4228.437 4230.549 4232.661 4234.773 4236.863 4237.952 4239.041 4240.13 4241.219 4242.37 4243.591 4244.811 4246.031 4247.251 4248.649 4250.06 4251.47 4252.88 4253.791 4253.924 4254.057 4254.19 4254.323 4253.72 4252.984 4252.248 4251.513 4250.993 4250.968 4250.942 4250.917 4250.892 4250.886 4250.886 4250.886 4250.886 4250.427 4248.317 4246.208 4244.099
4200.012 4199.774 4199.537 4199.299 4199.062 4199.0 4199.0 4199.0 4199.0 4199.127 4199.78 4200.432 4201.084 4201.736 4204.051 4207.252 4210.453 4213.654 4216.91 4220.61 4224.311 4228.012 4231.712 4234.524 4236.654 4238.783 4240.912 4243.014 4243.866 4244.718 4245.57 4246.422 4247.271 4248.118 4248.964 4249.811 4250.657 4251.953 4253.281 4254.608 4255.936 4256.85 4257.123 4257.396 4257.668 4257.941 4257.521 4256.976 4256.431 4255.887 4255.508 4255.508 4255.508 4255.508 4255.508 4255.508 4255.508 4255.508 4255.508 4255.044 4252.911 4250.778 4248.646
4199.92 4199.704 4199.488 4199.272 4199.056 4199.0 4199.0 4199.0 4199.0 4199.196 4200.198 4201.2 4202.202 4203.204 4206.076 4209.944 4213.813 4217.681 4221.591 4225.841 4230.09 4234.34 4238.589 4241.601 4243.66 4245.72 4247.779 4249.807 4250.422 4251.037 4251.652 4252.268 4252.765 4253.132 4253.5 4253.867 4254.234 4255.449 4256.722 4257.996 4259.27 4260.215 4260.649 4261.083 4261.518 4261.952 4261.666 4261.25 4260.834 4260.418 4260.129 4260.129 4260.129 4260.129 4260.129 4260.129 4260.129 4260.129 4260.129 4259.662 4257.513 4255.364 4253.215
4199.829 4199.634 4199.439 4199.245 4199.051 4199.0 4199.0 4199.0 4199.0 4199.265 4200.616 4201.968 4203.32 4204.672 4208.101 4212.637 4217.172 4221.708 4226.273 4231.072 4235.87 4240.668 4245.467 4248.678 4250.667 4252.657 4254.646 4256.6 4256.979 4257.357 4257.735 4258.114 4258.258 4258.146 4258.035 4257.923 4257.812 4258.944 4260.164 4261.384 4262.604 4263.579 4264.175 4264.771 4265.366 4265.962 4265.81 4265.523 4265.237 4264.951 4264.751 4264.751 4264.751 4264.751 4264.751 4264.751 4264.751 4264.751 4264.751 4264.281 4262.116 4259.951 4257.785
4199.737 4199.564 4199.391 4199.218 4199.045 4199.0 4199.0 4199.0 4199.0 4199.333 4201.035 4202.736 4204.438 4206.14 4210.125 4215.329 4220.532 4225.735 4230.955 4236.302 4241.649 4246.997 4252.345 4255.754 4257.674 4259.593 4261.513 4263.393 4263.535 4263.676 4263.818 4263.959 4263.751 4263.161 4262.57 4261.979 4261.388 4262.44 4263.606 4264.772 4265.938 4266.944 4267.701 4268.458 4269.215 4269.973 4269.955 4269.797 4269.64 4269.483 4269.374 4269.374 4269.374 4269.374 4269.374 4269.374 4269.374 4269.374 4269.374 4268.899 4266.718 4264.537 4262.355
4199.645 4199.494 4199.342 4199.191 4199.04 4199.0 4199.0 4199.0 4199.0 4199.401 4201.453 4203.504 4205.556 4207.608 4212.15 4218.021 4223.892 4229.763 4235.636 4241.533 4247.429 4253.326 4259.222 4262.832 4264.681 4266.53 4268.379 4270.187 4270.091 4269.996 4269.901 4269.806 4269.245 4268.175 4267.105 4266.035 4264.965 4265.936 4267.047 4268.16 4269.272 4270.308 4271.227 4272.146 4273.064 4273.983 4274.099 4274.071 4274.043 4274.015 4273.995 4273.995 4273.995 4273.995 4273.995 4273.995 4273.995 4273.995 4273.995 4273.518 4271.32 4269.123 4266.925
4199.689 4199.568 4199.447 4199.325 4199.204 4199.229 4199.304 4199.38 4199.456 4200.024 4202.62 4205.215 4207.81 4210.405 4215.52 4221.978 4228.437 4234.895 4241.305 4247.325 4253.345 4259.365 4265.385 4268.949 4270.623 4272.297 4273.971 4275.604 4275.36 4275.117 4274.873 4274.629 4273.905 4272.655 4271.405 4270.156 4268.906 4269.81 4270.864 4271.918 4272.972 4274.02 4275.058 4276.096 4277.134 4278.172 4278.309 4278.283 4278.258 4278.233 4278.215 4278.215 4278.215 4278.215 4278.215 4278.215 4278.215 4278.215 4278.215 4277.749 4275.603 4273.456 4271.31
4199.772 4199.683 4199.594 4199.505 4199.416 4199.52 4199.693 4199.865 4200.038 4200.802 4203.994 4207.187 4210.379 4213.572 4219.263 4226.287 4233.31 4240.333 4247.248 4253.273 4259.299 4265.325 4271.35 4274.8 4276.27 4277.739 4279.209 4280.639 4280.271 4279.904 4279.537 4279.169 4278.333 4276.987 4275.64 4274.294 4272.947 4273.79 4274.784 4275.779 4276.774 4277.828 4278.974 4280.12 4281.265 4282.411 4282.536 4282.479 4282.421 4282.363 4282.323 4282.323 4282.323 4282.323 4282.323 4282.323 4282.323 4282.323 4282.323 4281.872 4279.796 4277.72 4275.644
4199.854 4199.798 4199.741 4199.684 4199.627 4199.812 4200.081 4200.351 4200.621 4201.579 4205.369 4209.159 4212.949 4216.739 4223.006 4230.595 4238.184 4245.772 4253.191 4259.222 4265.253 4271.284 4277.314 4280.652 4281.917 4283.182 4284.447 4285.674 4285.183 4284.691 4284.2 4283.709 4282.762 4281.319 4279.875 4278.432 4276.989 4277.769 4278.705 4279.641 4280.576 4281.636 4282.89 4284.143 4285.396 4286.649 4286.764 4286.674 4286.584 4286.495 4286.432 4286.432 4286.432 4286.432 4286.432 4286.432 4286.432 4286.432 4286.432 4285.996 4283.99 4281.983 4279.977
4199.937 4199.913 4199.888 4199.863 4199.839 4200.104 4200.47 4200.836 4201.203 4202.356 4206.744 4211.131 4215.519 4219.906 4226.75 4234.904 4243.057 4251.21 4259.134 4265.17 4271.207 4277.243 4283.279 4286.503 4287.563 4288.624 4289.685 4290.709 4290.094 4289.479 4288.864 4288.249 4287.191 4285.651 4284.11 4282.57 4281.03 4281.749 4282.625 4283.502 4284.378 4285.444 4286.805 4288.167 4289.527 4290.888 4290.992 4290.87 4290.748 4290.625 4290.54 4290.54 4290.54 4290.54 4290.54 4290.54 4290.54 4290.54 4290.54 4290.119 4288.183 4286.247 4284.311
4200.0 4200.0 4200.0 4200.0 4200.0 4200.339 4200.797 4201.255 4201.713 4203.044 4207.964 4212.883 4217.802 4222.722 4230.059 4238.687 4247.314 4255.941 4264.282 4270.271 4276.26 4282.249 4288.238 4291.349 4292.246 4293.143 4294.04 4294.903 4294.234 4293.564 4292.896 4292.226 4291.138 4289.592 4288.046 4286.5 4284.954 4285.606 4286.412 4287.218 4288.024 4289.064 4290.468 4291.872 4293.276 4294.681 4294.765 4294.611 4294.458 4294.305 4294.197 4294.191 4294.187 4294.181 4294.176 4294.157 4294.134 4294.111 4294.088 4293.671 4291.838 4290.006 4288.173
4200.0 4200.0 4200.0 4200.0 4200.0 4200.395 4200.928 4201.461 4201.995 4203.45 4208.692 4213.935 4219.177 4224.419 4231.988 4240.799 4249.609 4258.419 4266.9 4272.673 4278.447 4284.221 4289.994 4292.994 4293.858 4294.723 4295.588 4296.423 4295.921 4295.418 4294.916 4294.414 4293.548 4292.288 4291.027 4289.767 4288.506 4289.077 4289.774 4290.473 4291.171 4292.082 4293.325 4294.567 4295.811 4297.053 4297.089 4296.909 4296.729 4296.549 4296.416 4296.389 4296.362 4296.335 4296.309 4296.211 4296.091 4295.971 4295.851 4295.404 4293.781 4292.159 4290.536
4200.0 4200.0 4200.0 4200.0 4200.0 4200.45 4201.059 4201.668 4202.277 4203.855 4209.421 4214.986 4220.551 4226.116 4233.917 4242.911 4251.904 4260.897 4269.518 4275.076 4280.634 4286.193 4291.751 4294.638 4295.471 4296.303 4297.136 4297.943 4297.607 4297.272 4296.937 4296.601 4295.959 4294.984 4294.009 4293.034 4292.058 4292.546 4293.137 4293.728 4294.318 4295.1 4296.182 4297.263 4298.344 4299.425 4299.415 4299.208 4299.0 4298.793 4298.635 4298.586 4298.538 4298.49 4298.442 4298.265 4298.048 4297.832 4297.614 4297.138 4295.725 4294.312 4292.898
4200.0 4200.0 4200.0 4200.0 4200.0 4200.506 4201.19 4201.875 4202.559 4204.261 4210.149 4216.038 4221.925 4227.814 4235.846 4245.023 4254.199 4263.376 4272.136 4277.479 4282.822 4288.165 4293.508 4296.283 4297.083 4297.883 4298.684 4299.463 4299.294 4299.125 4298.957 4298.788 4298.37 4297.68 4296.99 4296.3 4295.61 4296.017 4296.5 4296.982 4297.465 4298.119 4299.038 4299.958 4300.878 4301.798 4301.739 4301.505 4301.271 4301.038 4300.854 4300.784 4300.714 4300.645 4300.575 4300.319 4300.005 4299.692 4299.378 4298.871 4297.667 4296.465 4295.262
4200.0 4200.0 4200.0 4200.0 4200.0 4200.562 4201.321 4202.081 4202.84 4204.667 4210.878 4217.089 4223.3 4229.511 4237.775 4247.135 4256.495 4265.854 4274.753 4279.881 4285.009 4290.137 4295.264 4297.928 4298.696 4299.464 4300.231 4300.983 4300.981 4300.979 4300.978 4300.976 4300.781 4300.376 4299.972 4299.567 4299.162 4299.486 4299.862 4300.237 4300.612 4301.137 4301.895 4302.653 4303.412 4304.17 4304.064 4303.804 4303.542 4303.282 4303.073 4302.981 4302.89 4302.799 4302.708 4302.374 4301.963 4301.552 4301.141 4300.604 4299.611 4298.618 4297.625
4200.0 4200.0 4200.0 4200.0 4200.0 4200.506 4201.192 4201.877 4202.562 4204.319 4210.482 4216.646 4222.809 4228.973 4237.416 4247.074 4256.733 4266.391 4275.553 4280.637 4285.722 4290.807 4295.891 4298.554 4299.353 4300.152 4300.952 4301.736 4301.833 4301.931 4302.029 4302.126 4302.091 4301.912 4301.733 4301.553 4301.374 4301.686 4302.032 4302.378 4302.724 4303.178 4303.802 4304.425 4305.048 4305.671 4305.506 4305.199 4304.893 4304.586 4304.328 4304.177 4304.027 4303.877 4303.727 4303.339 4302.876 4302.414 4301.951 4301.371 4300.371 4299.37 4298.37
4200.0 4200.0 4200.0 4200.0 4200.0 4200.403 4200.948 4201.494 4202.039 4203.642 4209.596 4215.549 4221.502 4227.456 4236.054 4246.063 4256.071 4266.08 4275.556 4280.673 4285.79 4290.907 4296.024 4298.734 4299.592 4300.451 4301.31 4302.153 4302.321 4302.488 4302.656 4302.823 4302.92 4302.94 4302.96 4302.979 4303.0 4303.329 4303.681 4304.032 4304.384 4304.793 4305.292 4305.792 4306.291 4306.79 4306.561 4306.2 4305.84 4305.479 4305.161 4304.935 4304.709 4304.484 4304.258 4303.828 4303.333 4302.838 4302.343 4301.716 4300.613 4299.51 4298.408
4200.0 4200.0 4200.0 4200.0 4200.0 4200.3 4200.705 4201.11 4201.516 4202.965 4208.709 4214.453 4220.196 4225.94 4234.693 4245.051 4255.41 4265.768 4275.56 4280.709 4285.858 4291.007 4296.157 4298.914 4299.832 4300.75 4301.667 4302.57 4302.808 4303.045 4303.283 4303.521 4303.749 4303.968 4304.187 4304.406 4304.625 4304.973 4305.33 4305.687 4306.043 4306.408 4306.783 4307.158 4307.534 4307.909 4307.615 4307.201 4306.787 4306.373 4305.993 4305.692 4305.392 4305.09 4304.79 4304.316 4303.789 4303.262 4302.735 4302.06 4300.855 4299.65 4298.445
4200.0 4200.0 4200.0 4200.0 4200.0 4200.196 4200.461 4200.727 4200.992 4202.288 4207.822 4213.356 4218.89 4224.423 4233.332 4244.04 4254.748 4265.456 4275.563 4280.745 4285.926 4291.108 4296.289 4299.094 4300.071 4301.048 4302.025 4302.988 4303.295 4303.603 4303.91 4304.218 4304.578 4304.996 4305.414 4305.832 4306.25 4306.616 4306.979 4307.341 4307.703 4308.022 4308.274 4308.525 4308.777 4309.029 4308.67 4308.202 4307.734 4307.267 4306.826 4306.45 4306.074 4305.697 4305.321 4304.806 4304.246 4303.687 4303.127 4302.405 4301.098 4299.791 4298.483
4200.0 4200.0 4200.0 4200.0 4200.0 4200.105 4200.247 4200.388 4200.53 4201.68 4206.976 4212.271 4217.566 4222.861 4231.85 4242.81 4253.77 4264.729 4275.071 4280.344 4285.616 4290.889 4296.162 4299.063 4300.142 4301.22 4302.297 4303.36 4303.743 4304.125 4304.507 4304.89 4305.375 4305.971 4306.568 4307.165 4307.762 4308.15 4308.524 4308.899 4309.273 4309.557 4309.698 4309.84 4309.982 4310.124 4309.698 4309.17 4308.643 4308.115 4307.608 4307.146 4306.683 4306.221 4305.758 4305.191 4304.591 4303.991 4303.392 4302.621 4301.239 4299.856 4298.474
4200.0 4200.0 4200.0 4200.0 4200.0 4200.081 4200.19 4200.3 4200.409 4201.456 4206.353 4211.25 4216.146 4221.043 4229.701 4240.365 4251.028 4261.692 4271.815 4277.508 4283.2 4288.893 4294.585 4297.858 4299.27 4300.682 4302.093 4303.485 4303.969 4304.454 4304.938 4305.423 4305.993 4306.654 4307.315 4307.977 4308.638 4309.076 4309.499 4309.921 4310.344 4310.644 4310.753 4310.863 4310.973 4311.082 4310.574 4309.955 4309.336 4308.717 4308.102 4307.494 4306.886 4306.279 4305.671 4305.004 4304.317 4303.631 4302.945 4302.124 4300.817 4299.51 4298.203
