data/zism_data/00590_02_D.txt
ncols         224
nrows         224
[rows 168 to 195 of 224, columns 0 to 62 of 224]
1794.874 1795.86 1796.846 1797.832 1799.286 1800.762 1802.237 1803.713 1805.353 1807.227 1809.101 1810.975 1812.849 1815.756 1818.817 1821.879 1824.941 1827.921 1830.733 1833.546 1836.358 1839.171 1841.491 1843.674 1845.857 1848.04 1850.455 1853.608 1856.762 1859.915 1863.069 1867.466 1872.408 1877.349 1882.291 1886.892 1889.603 1892.313 1895.023 1897.733 1898.955 1899.221 1899.486 1899.752 1900.0 1900.0 1900.0 1900.0 1900.0 1899.907 1899.729 1899.551 1899.373 1899.195 1899.044 1898.894 1898.744 1898.594 1898.515 1898.529 1898.543 1898.557 1898.571
1794.699 1795.896 1797.093 1798.29 1800.027 1801.789 1803.551 1805.312 1807.279 1809.537 1811.795 1814.052 1816.31 1819.507 1822.844 1826.181 1829.518 1832.697 1835.547 1838.397 1841.248 1844.098 1846.354 1848.445 1850.536 1852.628 1854.891 1857.704 1860.517 1863.33 1866.143 1870.129 1874.627 1879.125 1883.624 1887.82 1890.33 1892.84 1895.35 1897.861 1898.998 1899.253 1899.507 1899.762 1900.0 1900.0 1900.0 1900.0 1900.0 1899.916 1899.754 1899.592 1899.43 1899.268 1899.144 1899.021 1898.898 1898.775 1898.714 1898.733 1898.752 1898.772 1898.791
1794.548 1795.958 1797.367 1798.777 1800.799 1802.849 1804.899 1806.949 1809.24 1811.872 1814.504 1817.136 1819.768 1823.25 1826.859 1830.468 1834.078 1837.456 1840.357 1843.258 1846.159 1849.06 1851.249 1853.239 1855.23 1857.22 1859.326 1861.797 1864.268 1866.739 1869.21 1872.785 1876.842 1880.899 1884.956 1888.747 1891.058 1893.369 1895.68 1897.991 1899.043 1899.286 1899.53 1899.773 1900.0 1900.0 1900.0 1900.0 1900.0 1899.923 1899.777 1899.63 1899.483 1899.337 1899.238 1899.141 1899.043 1898.946 1898.901 1898.925 1898.949 1898.973 1898.997
1794.741 1796.394 1798.047 1799.7 1802.032 1804.396 1806.759 1809.123 1811.695 1814.565 1817.435 1820.304 1823.174 1826.88 1830.711 1834.542 1838.373 1841.978 1845.117 1848.256 1851.394 1854.533 1856.596 1858.359 1860.123 1861.887 1863.733 1865.842 1867.951 1870.06 1872.169 1875.343 1878.984 1882.625 1886.266 1889.676 1891.798 1893.919 1896.041 1898.163 1899.128 1899.35 1899.571 1899.793 1900.0 1900.0 1900.0 1900.0 1900.0 1899.923 1899.777 1899.63 1899.483 1899.337 1899.243 1899.151 1899.059 1898.967 1898.923 1898.942 1898.961 1898.979 1898.998
1794.934 1796.83 1798.726 1800.622 1803.265 1805.942 1808.619 1811.296 1814.151 1817.258 1820.366 1823.473 1826.581 1830.51 1834.563 1838.615 1842.668 1846.5 1849.877 1853.253 1856.63 1860.006 1861.943 1863.48 1865.016 1866.553 1868.14 1869.887 1871.634 1873.38 1875.127 1877.902 1881.127 1884.352 1887.577 1890.605 1892.537 1894.47 1896.403 1898.335 1899.213 1899.413 1899.613 1899.813 1900.0 1900.0 1900.0 1900.0 1900.0 1899.923 1899.777 1899.63 1899.483 1899.337 1899.249 1899.162 1899.075 1898.989 1898.945 1898.959 1898.972 1898.985 1898.999
1795.127 1797.266 1799.405 1801.545 1804.498 1807.488 1810.479 1813.469 1816.606 1819.951 1823.297 1826.642 1829.987 1834.141 1838.415 1842.689 1846.963 1851.022 1854.636 1858.251 1861.865 1865.479 1867.29 1868.6 1869.909 1871.219 1872.547 1873.932 1875.316 1876.701 1878.086 1880.461 1883.27 1886.078 1888.887 1891.534 1893.277 1895.021 1896.764 1898.508 1899.298 1899.477 1899.655 1899.833 1900.0 1900.0 1900.0 1900.0 1900.0 1899.923 1899.777 1899.63 1899.483 1899.337 1899.254 1899.173 1899.091 1899.01 1898.968 1898.975 1898.983 1898.991 1898.999
1795.32 1797.702 1800.085 1802.467 1805.731 1809.035 1812.339 1815.642 1819.062 1822.645 1826.228 1829.811 1833.394 1837.771 1842.266 1846.762 1851.258 1855.544 1859.396 1863.248 1867.1 1870.953 1872.637 1873.72 1874.802 1875.885 1876.953 1877.976 1878.999 1880.022 1881.044 1883.02 1885.412 1887.805 1890.198 1892.462 1894.017 1895.571 1897.125 1898.68 1899.383 1899.54 1899.697 1899.854 1900.0 1900.0 1900.0 1900.0 1900.0 1899.923 1899.777 1899.63 1899.483 1899.337 1899.259 1899.183 1899.107 1899.032 1898.99 1898.992 1898.995 1898.997 1899.0
1795.556 1797.911 1800.265 1802.62 1805.911 1809.246 1812.58 1815.915 1819.436 1823.221 1827.007 1830.793 1834.579 1839.249 1844.051 1848.852 1853.654 1858.285 1862.561 1866.838 1871.115 1875.391 1877.098 1878.09 1879.083 1880.076 1881.01 1881.755 1882.5 1883.245 1883.99 1885.572 1887.519 1889.466 1891.413 1893.276 1894.664 1896.053 1897.441 1898.83 1899.457 1899.595 1899.733 1899.871 1900.0 1900.0 1900.0 1900.0 1900.0 1899.923 1899.777 1899.63 1899.483 1899.337 1899.262 1899.188 1899.115 1899.042 1899.0 1899.0 1899.0 1899.0 1899.0
1795.83 1797.925 1800.02 1802.115 1805.194 1808.318 1811.442 1814.565 1818.034 1821.993 1825.951 1829.91 1833.869 1838.89 1844.07 1849.25 1854.431 1859.506 1864.367 1869.227 1874.087 1878.947 1880.802 1881.822 1882.842 1883.861 1884.766 1885.306 1885.846 1886.386 1886.926 1888.117 1889.594 1891.071 1892.549 1893.99 1895.233 1896.475 1897.718 1898.96 1899.521 1899.643 1899.764 1899.886 1900.0 1900.0 1900.0 1900.0 1900.0 1899.923 1899.777 1899.63 1899.483 1899.337 1899.262 1899.188 1899.115 1899.042 1899.0 1899.0 1899.0 1899.0 1899.0
1796.104 1797.939 1799.775 1801.611 1804.477 1807.39 1810.303 1813.216 1816.632 1820.764 1824.895 1829.027 1833.159 1838.532 1844.09 1849.648 1855.207 1860.728 1866.172 1871.616 1877.06 1882.504 1884.506 1885.553 1886.6 1887.647 1888.523 1888.858 1889.192 1889.526 1889.861 1890.663 1891.67 1892.677 1893.684 1894.704 1895.801 1896.898 1897.995 1899.091 1899.585 1899.69 1899.796 1899.901 1900.0 1900.0 1900.0 1900.0 1900.0 1899.923 1899.777 1899.63 1899.483 1899.337 1899.262 1899.188 1899.115 1899.042 1899.0 1899.0 1899.0 1899.0 1899.0
1796.378 1797.954 1799.53 1801.107 1803.76 1806.462 1809.164 1811.866 1815.23 1819.535 1823.839 1828.144 1832.449 1838.173 1844.11 1850.047 1855.984 1861.95 1867.977 1874.005 1880.032 1886.06 1888.21 1889.284 1890.358 1891.432 1892.28 1892.409 1892.538 1892.667 1892.796 1893.209 1893.745 1894.282 1894.819 1895.419 1896.37 1897.32 1898.271 1899.222 1899.648 1899.738 1899.827 1899.917 1900.0 1900.0 1900.0 1900.0 1900.0 1899.923 1899.777 1899.63 1899.483 1899.337 1899.262 1899.188 1899.115 1899.042 1899.0 1899.0 1899.0 1899.0 1899.0
1796.681 1797.996 1799.312 1800.628 1803.062 1805.548 1808.033 1810.519 1813.823 1818.292 1822.76 1827.228 1831.696 1837.773 1844.091 1850.409 1856.727 1863.139 1869.747 1876.355 1882.962 1889.57 1891.869 1892.971 1894.073 1895.174 1895.995 1895.922 1895.848 1895.775 1895.702 1895.73 1895.803 1895.876 1895.95 1896.134 1896.939 1897.743 1898.548 1899.353 1899.712 1899.785 1899.858 1899.932 1900.0 1900.0 1900.0 1900.0 1900.0 1899.924 1899.777 1899.631 1899.485 1899.339 1899.264 1899.19 1899.117 1899.044 1899.002 1899.002 1899.002 1899.002 1899.002
1798.986 1799.955 1800.925 1801.895 1803.725 1805.595 1807.464 1809.333 1812.078 1816.065 1820.052 1824.04 1828.027 1834.539 1841.43 1848.32 1855.211 1862.123 1869.076 1876.03 1882.983 1889.937 1892.387 1893.586 1894.785 1895.984 1896.879 1896.806 1896.732 1896.659 1896.586 1896.603 1896.66 1896.717 1896.774 1896.919 1897.556 1898.193 1898.83 1899.467 1899.754 1899.817 1899.879 1899.942 1900.0 1900.0 1900.0 1900.0 1900.0 1899.941 1899.827 1899.713 1899.599 1899.485 1899.411 1899.338 1899.264 1899.191 1899.149 1899.149 1899.149 1899.149 1899.149
1801.29 1801.914 1802.538 1803.162 1804.388 1805.641 1806.895 1808.148 1810.332 1813.839 1817.345 1820.851 1824.357 1831.305 1838.769 1846.232 1853.696 1861.106 1868.405 1875.705 1883.004 1890.304 1892.905 1894.201 1895.498 1896.794 1897.763 1897.69 1897.616 1897.543 1897.47 1897.476 1897.516 1897.557 1897.598 1897.704 1898.173 1898.643 1899.112 1899.582 1899.797 1899.849 1899.9 1899.952 1900.0 1900.0 1900.0 1900.0 1900.0 1899.958 1899.876 1899.795 1899.713 1899.632 1899.558 1899.485 1899.412 1899.338 1899.297 1899.297 1899.297 1899.297 1899.297
1803.595 1803.873 1804.151 1804.429 1805.051 1805.688 1806.326 1806.963 1808.587 1811.612 1814.637 1817.663 1820.688 1828.071 1836.107 1844.144 1852.181 1860.089 1867.734 1875.38 1883.025 1890.67 1893.423 1894.817 1896.21 1897.604 1898.647 1898.574 1898.5 1898.427 1898.354 1898.348 1898.373 1898.397 1898.422 1898.488 1898.79 1899.093 1899.395 1899.697 1899.839 1899.88 1899.921 1899.962 1900.0 1900.0 1900.0 1900.0 1900.0 1899.974 1899.925 1899.876 1899.828 1899.778 1899.706 1899.632 1899.559 1899.486 1899.444 1899.444 1899.444 1899.444 1899.444
1805.9 1805.832 1805.764 1805.697 1805.714 1805.735 1805.756 1805.778 1806.841 1809.385 1811.93 1814.474 1817.018 1824.837 1833.446 1842.056 1850.665 1859.073 1867.064 1875.055 1883.046 1891.037 1893.941 1895.432 1896.923 1898.414 1899.531 1899.458 1899.384 1899.311 1899.237 1899.221 1899.229 1899.237 1899.246 1899.273 1899.408 1899.542 1899.677 1899.811 1899.882 1899.912 1899.942 1899.972 1900.0 1900.0 1900.0 1900.0 1900.0 1899.991 1899.975 1899.958 1899.942 1899.925 1899.853 1899.78 1899.706 1899.633 1899.591 1899.591 1899.591 1899.591 1899.591
1809.181 1809.098 1809.015 1808.931 1808.738 1808.54 1808.342 1808.143 1808.858 1810.868 1812.879 1814.889 1816.9 1824.604 1833.162 1841.72 1850.279 1858.696 1866.821 1874.947 1883.072 1891.198 1894.174 1895.72 1897.266 1898.812 1899.973 1899.91 1899.847 1899.785 1899.722 1899.703 1899.703 1899.703 1899.703 1899.709 1899.753 1899.797 1899.84 1899.884 1899.914 1899.936 1899.958 1899.98 1900.0 1900.0 1900.0 1900.0 1900.0 1900.0 1900.0 1900.0 1900.0 1900.0 1899.936 1899.87 1899.805 1899.74 1899.703 1899.703 1899.703 1899.703 1899.703
1813.482 1813.728 1813.974 1814.221 1814.228 1814.224 1814.221 1814.217 1814.802 1816.223 1817.645 1819.066 1820.488 1827.504 1835.36 1843.216 1851.071 1858.987 1867.026 1875.065 1883.104 1891.143 1894.109 1895.665 1897.222 1898.779 1899.954 1899.912 1899.871 1899.83 1899.789 1899.776 1899.776 1899.776 1899.776 1899.781 1899.814 1899.847 1899.88 1899.913 1899.935 1899.952 1899.968 1899.985 1900.0 1900.0 1900.0 1900.0 1900.0 1900.0 1900.0 1900.0 1900.0 1900.0 1899.952 1899.903 1899.853 1899.804 1899.776 1899.776 1899.776 1899.776 1899.776
1817.782 1818.358 1818.934 1819.51 1819.718 1819.909 1820.099 1820.29 1820.746 1821.579 1822.411 1823.244 1824.076 1830.405 1837.558 1844.711 1851.864 1859.278 1867.23 1875.183 1883.135 1891.088 1894.043 1895.611 1897.179 1898.746 1899.934 1899.915 1899.895 1899.875 1899.856 1899.85 1899.85 1899.85 1899.85 1899.853 1899.875 1899.897 1899.919 1899.941 1899.957 1899.968 1899.979 1899.99 1900.0 1900.0 1900.0 1900.0 1900.0 1900.0 1900.0 1900.0 1900.0 1900.0 1899.968 1899.935 1899.902 1899.869 1899.85 1899.85 1899.85 1899.85 1899.85
1822.082 1822.988 1823.894 1824.8 1825.208 1825.593 1825.978 1826.364 1826.691 1826.934 1827.177 1827.421 1827.664 1833.305 1839.756 1846.206 1852.657 1859.569 1867.435 1875.301 1883.167 1891.033 1893.978 1895.557 1897.135 1898.713 1899.915 1899.917 1899.919 1899.921 1899.923 1899.924 1899.924 1899.924 1899.924 1899.925 1899.937 1899.948 1899.959 1899.97 1899.978 1899.984 1899.989 1899.995 1900.0 1900.0 1900.0 1900.0 1900.0 1900.0 1900.0 1900.0 1900.0 1900.0 1899.984 1899.967 1899.95 1899.933 1899.924 1899.924 1899.924 1899.924 1899.924
1826.383 1827.618 1828.854 1830.089 1830.698 1831.277 1831.857 1832.437 1832.635 1832.289 1831.944 1831.598 1831.252 1836.206 1841.953 1847.701 1853.449 1859.86 1867.639 1875.419 1883.198 1890.978 1893.913 1895.502 1897.091 1898.681 1899.896 1899.919 1899.943 1899.966 1899.99 1899.997 1899.997 1899.997 1899.997 1899.997 1899.998 1899.998 1899.999 1899.999 1899.999 1899.999 1900.0 1900.0 1900.0 1900.0 1900.0 1900.0 1900.0 1900.0 1900.0 1900.0 1900.0 1900.0 1899.999 1899.999 1899.998 1899.998 1899.997 1899.997 1899.997 1899.997 1899.997
1830.509 1832.131 1833.754 1835.376 1836.591 1837.787 1838.984 1840.18 1840.789 1840.563 1840.337 1840.111 1839.884 1843.622 1847.953 1852.285 1856.617 1861.812 1868.791 1875.77 1882.75 1889.729 1892.617 1894.368 1896.119 1897.87 1899.237 1899.381 1899.526 1899.67 1899.814 1899.88 1899.911 1899.942 1899.974 1900.0 1900.0 1900.0 1900.0 1900.0 1900.0 1900.0 1900.0 1900.0 1900.0 1900.0 1900.0 1900.0 1900.0 1900.0 1900.0 1900.0 1900.0 1900.0 1900.0 1900.0 1900.0 1900.0 1900.0 1900.0 1900.0 1900.0 1900.0
1834.628 1836.64 1838.651 1840.663 1842.499 1844.328 1846.157 1847.985 1849.026 1848.946 1848.865 1848.785 1848.705 1851.206 1854.095 1856.984 1859.872 1863.825 1869.978 1876.13 1882.283 1888.436 1891.275 1893.193 1895.112 1897.031 1898.555 1898.823 1899.092 1899.36 1899.629 1899.755 1899.819 1899.882 1899.946 1900.0 1900.0 1900.0 1900.0 1900.0 1900.0 1900.0 1900.0 1900.0 1900.0 1900.0 1900.0 1900.0 1900.0 1900.0 1900.0 1900.0 1900.0 1900.0 1900.0 1900.0 1900.0 1900.0 1900.0 1900.0 1900.0 1900.0 1900.0
1838.748 1841.148 1843.549 1845.949 1848.408 1850.869 1853.33 1855.791 1857.262 1857.328 1857.394 1857.459 1857.525 1858.791 1860.237 1861.682 1863.128 1865.839 1871.165 1876.491 1881.816 1887.142 1889.933 1892.019 1894.105 1896.191 1897.872 1898.265 1898.658 1899.051 1899.444 1899.63 1899.726 1899.822 1899.919 1900.0 1900.0 1900.0 1900.0 1900.0 1900.0 1900.0 1900.0 1900.0 1900.0 1900.0 1900.0 1900.0 1900.0 1900.0 1900.0 1900.0 1900.0 1900.0 1900.0 1900.0 1900.0 1900.0 1900.0 1900.0 1900.0 1900.0 1900.0
1842.867 1845.657 1848.446 1851.236 1854.316 1857.41 1860.503 1863.596 1865.499 1865.711 1865.922 1866.134 1866.346 1866.376 1866.378 1866.381 1866.384 1867.853 1872.352 1876.851 1881.35 1885.849 1888.59 1890.844 1893.098 1895.351 1897.19 1897.707 1898.224 1898.741 1899.259 1899.505 1899.634 1899.762 1899.891 1900.0 1900.0 1900.0 1900.0 1900.0 1900.0 1900.0 1900.0 1900.0 1900.0 1900.0 1900.0 1900.0 1900.0 1900.0 1900.0 1900.0 1900.0 1900.0 1900.0 1900.0 1900.0 1900.0 1900.0 1900.0 1900.0 1900.0 1900.0
1846.104 1849.183 1852.263 1855.342 1858.854 1862.385 1865.916 1869.447 1871.709 1872.169 1872.628 1873.088 1873.547 1872.835 1871.948 1871.06 1870.172 1870.744 1874.33 1877.917 1881.504 1885.091 1887.628 1889.874 1892.12 1894.365 1896.227 1896.866 1897.505 1898.144 1898.783 1899.109 1899.299 1899.488 1899.678 1899.843 1899.871 1899.9 1899.928 1899.957 1899.972 1899.979 1899.986 1899.993 1900.0 1900.0 1900.0 1900.0 1900.0 1900.0 1900.0 1900.0 1900.0 1900.0 1900.0 1900.0 1900.0 1900.0 1900.006 1900.02 1900.035 1900.049 1900.063
1848.214 1851.455 1854.696 1857.938 1861.637 1865.357 1869.078 1872.798 1875.328 1876.165 1877.003 1877.841 1878.679 1877.856 1876.785 1875.714 1874.642 1874.757 1877.322 1879.887 1882.453 1885.018 1887.152 1889.165 1891.178 1893.192 1894.905 1895.663 1896.421 1897.179 1897.937 1898.367 1898.654 1898.94 1899.227 1899.484 1899.578 1899.671 1899.764 1899.858 1899.908 1899.932 1899.955 1899.978 1900.0 1900.0 1900.0 1900.0 1900.0 1900.0 1900.0 1900.0 1900.0 1900.0 1900.0 1900.0 1900.0 1900.0 1900.02 1900.067 1900.114 1900.16 1900.207
1850.323 1853.726 1857.13 1860.533 1864.421 1868.33 1872.24 1876.149 1878.946 1880.162 1881.378 1882.594 1883.81 1882.877 1881.622 1880.367 1879.112 1878.769 1880.313 1881.858 1883.402 1884.946 1886.675 1888.456 1890.237 1892.018 1893.583 1894.46 1895.337 1896.214 1897.09 1897.624 1898.008 1898.392 1898.776 1899.126 1899.284 1899.442 1899.6 1899.758 1899.844 1899.884 1899.923 1899.963 1900.0 1900.0 1900.0 1900.0 1900.0 1900.0 1900.0 1900.0 1900.0 1900.0 1900.0 1900.0 1900.0 1900.0 1900.034 1900.113 1900.193 1900.272 1900.351
