data/zism_data/00593_03_D.txt
ncols         224
nrows         224
[rows 0 to 30 of 224, columns 69 to 137 of 224]
1400.0 1400.0 1400.0 1400.0 1400.0 1400.0 1400.0 1400.0 1400.0 1400.0 1400.0 1400.0 1400.0 1400.0 1400.0 1400.0 1400.0 1400.0 1400.0 1400.0 1400.0 1400.0 1400.0 1400.0 1400.0 1400.0 1400.0 1400.0 1400.0 1400.0 1400.0 1400.0 1400.0 1400.0 1400.0 1400.0 1400.0 1400.0 1400.0 1400.0 1400.0 1400.0 1400.0 1400.0 1400.0 1400.0 1400.0 1400.0 1400.0 1399.808 1399.588 1399.367 1399.147 1399.0 1399.0 1399.0 1399.0 1399.0 1398.996 1398.992 1398.987 1398.983 1398.959 1398.881 1398.803 1398.725 1398.647 1398.525 1398.387
1400.0 1400.0 1400.0 1400.0 1400.0 1400.0 1400.0 1400.0 1400.0 1400.0 1400.0 1400.0 1400.004 1400.031 1400.058 1400.085 1400.112 1400.127 1400.134 1400.142 1400.15 1400.155 1400.132 1400.109 1400.086 1400.063 1400.046 1400.034 1400.023 1400.011 1400.0 1400.0 1400.0 1400.0 1400.0 1400.0 1400.0 1400.0 1400.0 1400.0 1400.0 1400.0 1400.0 1400.0 1400.0 1400.0 1400.0 1400.0 1400.0 1399.808 1399.588 1399.367 1399.147 1399.0 1399.0 1399.0 1399.0 1399.0 1399.0 1399.0 1399.0 1399.0 1398.984 1398.922 1398.86 1398.798 1398.736 1398.618 1398.479
1400.0 1400.0 1400.0 1400.0 1400.0 1400.0 1400.0 1400.0 1400.0 1400.0 1400.0 1400.0 1400.01 1400.075 1400.139 1400.203 1400.268 1400.303 1400.322 1400.34 1400.359 1400.371 1400.315 1400.26 1400.205 1400.15 1400.11 1400.082 1400.055 1400.027 1400.0 1400.0 1400.0 1400.0 1400.0 1400.0 1400.0 1400.0 1400.0 1400.0 1400.0 1400.0 1400.0 1400.0 1400.0 1400.0 1400.0 1400.0 1400.0 1399.808 1399.588 1399.367 1399.147 1399.0 1399.0 1399.0 1399.0 1399.0 1399.0 1399.0 1399.0 1399.0 1398.988 1398.942 1398.896 1398.85 1398.804 1398.699 1398.57
1400.0 1400.0 1400.0 1400.0 1400.0 1400.0 1400.0 1400.0 1400.0 1400.0 1400.0 1400.0 1400.016 1400.118 1400.22 1400.322 1400.424 1400.48 1400.509 1400.539 1400.568 1400.587 1400.499 1400.412 1400.325 1400.237 1400.174 1400.13 1400.087 1400.043 1400.0 1400.0 1400.0 1400.0 1400.0 1400.0 1400.0 1400.0 1400.0 1400.0 1400.0 1400.0 1400.0 1400.0 1400.0 1400.0 1400.0 1400.0 1400.0 1399.808 1399.588 1399.367 1399.147 1399.0 1399.0 1399.0 1399.0 1399.0 1399.0 1399.0 1399.0 1399.0 1398.992 1398.962 1398.933 1398.903 1398.873 1398.779 1398.661
1400.0 1400.0 1400.0 1400.0 1400.0 1400.0 1400.0 1400.0 1400.0 1400.0 1400.0 1400.0 1400.022 1400.162 1400.301 1400.44 1400.58 1400.657 1400.697 1400.737 1400.777 1400.803 1400.683 1400.564 1400.444 1400.325 1400.238 1400.178 1400.119 1400.059 1400.0 1400.0 1400.0 1400.0 1400.0 1400.0 1400.0 1400.0 1400.0 1400.0 1400.0 1400.0 1400.0 1400.0 1400.0 1400.0 1400.0 1400.0 1400.0 1399.808 1399.588 1399.367 1399.147 1399.0 1399.0 1399.0 1399.0 1399.0 1399.0 1399.0 1399.0 1399.0 1398.996 1398.983 1398.969 1398.955 1398.942 1398.86 1398.753
1400.0 1400.0 1400.0 1400.0 1400.0 1400.0 1400.0 1400.0 1400.005 1400.012 1400.019 1400.026 1400.058 1400.224 1400.39 1400.556 1400.722 1400.814 1400.862 1400.909 1400.957 1400.988 1400.845 1400.703 1400.561 1400.418 1400.313 1400.237 1400.161 1400.085 1400.011 1400.008 1400.006 1400.004 1400.001 1400.0 1400.0 1400.0 1400.0 1400.0 1400.0 1400.0 1400.0 1400.0 1400.0 1400.0 1400.0 1400.0 1400.0 1399.814 1399.601 1399.388 1399.174 1399.03 1399.023 1399.016 1399.008 1399.001 1399.0 1399.0 1399.0 1399.0 1399.0 1399.0 1399.0 1399.0 1399.0 1398.931 1398.836
1400.0 1400.0 1400.0 1400.0 1400.0 1400.0 1400.0 1400.0 1400.038 1400.094 1400.149 1400.204 1400.271 1400.4 1400.528 1400.657 1400.785 1400.856 1400.893 1400.93 1400.966 1400.99 1400.88 1400.77 1400.66 1400.55 1400.45 1400.358 1400.266 1400.174 1400.083 1400.065 1400.047 1400.028 1400.01 1400.0 1400.0 1400.0 1400.0 1400.0 1400.0 1400.0 1400.0 1400.0 1400.0 1400.0 1400.0 1400.0 1400.0 1399.856 1399.691 1399.526 1399.361 1399.232 1399.177 1399.122 1399.067 1399.011 1399.0 1399.0 1399.0 1399.0 1399.0 1399.0 1399.0 1399.0 1399.0 1398.947 1398.873
1400.0 1400.0 1400.0 1400.0 1400.0 1400.0 1400.0 1400.0 1400.072 1400.176 1400.279 1400.383 1400.484 1400.575 1400.666 1400.757 1400.848 1400.898 1400.924 1400.95 1400.976 1400.993 1400.915 1400.837 1400.759 1400.681 1400.587 1400.479 1400.371 1400.263 1400.156 1400.122 1400.087 1400.052 1400.018 1400.0 1400.0 1400.0 1400.0 1400.0 1400.0 1400.0 1400.0 1400.0 1400.0 1400.0 1400.0 1400.0 1400.0 1399.898 1399.781 1399.665 1399.548 1399.435 1399.332 1399.228 1399.125 1399.021 1399.0 1399.0 1399.0 1399.0 1399.0 1399.0 1399.0 1399.0 1399.0 1398.962 1398.91
1400.0 1400.0 1400.0 1400.0 1400.0 1400.0 1400.0 1400.0 1400.106 1400.257 1400.409 1400.561 1400.697 1400.75 1400.804 1400.857 1400.911 1400.94 1400.956 1400.971 1400.986 1400.996 1400.95 1400.904 1400.859 1400.813 1400.724 1400.6 1400.476 1400.352 1400.229 1400.178 1400.128 1400.077 1400.026 1400.0 1400.0 1400.0 1400.0 1400.0 1400.0 1400.0 1400.0 1400.0 1400.0 1400.0 1400.0 1400.0 1400.0 1399.94 1399.872 1399.803 1399.734 1399.638 1399.486 1399.334 1399.183 1399.031 1399.0 1399.0 1399.0 1399.0 1399.0 1399.0 1399.0 1399.0 1399.0 1398.978 1398.947
1400.0 1400.0 1400.0 1400.0 1400.0 1400.0 1400.0 1400.0 1400.139 1400.339 1400.539 1400.739 1400.91 1400.926 1400.942 1400.958 1400.973 1400.982 1400.987 1400.991 1400.996 1400.999 1400.985 1400.972 1400.958 1400.944 1400.861 1400.721 1400.581 1400.441 1400.302 1400.235 1400.168 1400.101 1400.035 1400.0 1400.0 1400.0 1400.0 1400.0 1400.0 1400.0 1400.0 1400.0 1400.0 1400.0 1400.0 1400.0 1400.0 1399.982 1399.962 1399.941 1399.921 1399.841 1399.641 1399.441 1399.241 1399.041 1399.0 1399.0 1399.0 1399.0 1399.0 1399.0 1399.0 1399.0 1399.0 1398.993 1398.984
1400.084 1400.084 1400.084 1400.086 1400.096 1400.105 1400.114 1400.123 1400.26 1400.453 1400.646 1400.838 1401.0 1401.0 1401.0 1401.0 1401.0 1401.0 1401.0 1401.0 1401.0 1401.0 1401.0 1401.0 1401.0 1401.0 1400.929 1400.801 1400.672 1400.544 1400.416 1400.324 1400.232 1400.14 1400.048 1400.0 1400.0 1400.0 1400.0 1400.0 1400.0 1400.0 1400.0 1400.0 1399.996 1399.987 1399.978 1399.968 1399.959 1399.942 1399.923 1399.905 1399.886 1399.81 1399.617 1399.424 1399.232 1399.039 1399.0 1399.0 1399.0 1399.0 1399.0 1399.0 1399.0 1399.0 1399.0 1399.0 1399.0
1400.23 1400.23 1400.23 1400.236 1400.261 1400.287 1400.312 1400.337 1400.445 1400.59 1400.734 1400.879 1401.0 1401.0 1401.0 1401.0 1401.0 1401.0 1401.0 1401.0 1401.0 1401.0 1401.0 1401.0 1401.0 1401.0 1400.947 1400.851 1400.755 1400.658 1400.562 1400.437 1400.313 1400.189 1400.065 1400.0 1400.0 1400.0 1400.0 1400.0 1400.0 1400.0 1400.0 1400.0 1399.99 1399.964 1399.939 1399.914 1399.888 1399.841 1399.79 1399.74 1399.689 1399.607 1399.462 1399.318 1399.174 1399.029 1399.0 1399.0 1399.0 1399.0 1399.0 1399.0 1399.0 1399.0 1399.0 1399.0 1399.0
1400.376 1400.376 1400.376 1400.386 1400.427 1400.468 1400.51 1400.551 1400.631 1400.727 1400.823 1400.919 1401.0 1401.0 1401.0 1401.0 1401.0 1401.0 1401.0 1401.0 1401.0 1401.0 1401.0 1401.0 1401.0 1401.0 1400.965 1400.901 1400.837 1400.772 1400.707 1400.551 1400.394 1400.238 1400.082 1400.0 1400.0 1400.0 1400.0 1400.0 1400.0 1400.0 1400.0 1400.0 1399.983 1399.942 1399.9 1399.859 1399.817 1399.74 1399.657 1399.574 1399.491 1399.404 1399.308 1399.212 1399.116 1399.02 1399.0 1399.0 1399.0 1399.0 1399.0 1399.0 1399.0 1399.0 1399.0 1399.0 1399.0
1400.522 1400.522 1400.522 1400.535 1400.593 1400.65 1400.708 1400.765 1400.816 1400.864 1400.912 1400.96 1401.0 1401.0 1401.0 1401.0 1401.0 1401.0 1401.0 1401.0 1401.0 1401.0 1401.0 1401.0 1401.0 1401.0 1400.982 1400.95 1400.919 1400.887 1400.852 1400.664 1400.475 1400.287 1400.098 1400.0 1400.0 1400.0 1400.0 1400.0 1400.0 1400.0 1400.0 1400.0 1399.977 1399.919 1399.862 1399.804 1399.747 1399.639 1399.524 1399.409 1399.294 1399.201 1399.153 1399.105 1399.058 1399.01 1399.0 1399.0 1399.0 1399.0 1399.0 1399.0 1399.0 1399.0 1399.0 1399.0 1399.0
1400.668 1400.668 1400.668 1400.685 1400.758 1400.832 1400.905 1400.978 1401.0 1401.0 1401.0 1401.0 1401.0 1401.0 1401.0 1401.0 1401.0 1401.0 1401.0 1401.0 1401.0 1401.0 1401.0 1401.0 1401.0 1401.0 1401.0 1401.0 1401.0 1401.0 1400.997 1400.776 1400.556 1400.335 1400.115 1400.0 1400.0 1400.0 1400.0 1400.0 1400.0 1400.0 1400.0 1400.0 1399.97 1399.897 1399.823 1399.75 1399.676 1399.539 1399.392 1399.245 1399.098 1399.0 1399.0 1399.0 1399.0 1399.0 1399.0 1399.0 1399.0 1399.0 1399.0 1399.0 1399.0 1399.0 1399.0 1399.0 1399.0
1400.814 1400.814 1400.814 1400.827 1400.884 1400.942 1400.999 1401.056 1401.073 1401.073 1401.073 1401.073 1401.071 1401.055 1401.038 1401.022 1401.006 1401.0 1401.0 1401.0 1401.0 1401.0 1401.0 1401.0 1401.0 1401.0 1401.0 1401.0 1401.0 1401.0 1400.997 1400.776 1400.556 1400.335 1400.115 1400.0 1400.0 1400.0 1400.0 1400.0 1400.0 1400.0 1400.0 1400.0 1399.97 1399.897 1399.823 1399.75 1399.676 1399.539 1399.392 1399.245 1399.098 1399.0 1399.0 1399.0 1399.0 1399.0 1399.0 1399.0 1399.0 1399.0 1399.0 1399.0 1399.0 1399.0 1399.0 1398.992 1398.981
1400.96 1400.96 1400.96 1400.969 1401.01 1401.052 1401.093 1401.134 1401.146 1401.146 1401.146 1401.146 1401.141 1401.109 1401.077 1401.044 1401.012 1401.0 1401.0 1401.0 1401.0 1401.0 1401.0 1401.0 1401.0 1401.0 1401.0 1401.0 1401.0 1401.0 1400.997 1400.776 1400.556 1400.335 1400.115 1400.0 1400.0 1400.0 1400.0 1400.0 1400.0 1400.0 1400.0 1400.0 1399.97 1399.897 1399.823 1399.75 1399.676 1399.539 1399.392 1399.245 1399.098 1399.0 1399.0 1399.0 1399.0 1399.0 1399.0 1399.0 1399.0 1399.0 1399.0 1399.0 1399.0 1399.0 1399.0 1398.984 1398.963
1401.105 1401.105 1401.105 1401.111 1401.136 1401.161 1401.187 1401.212 1401.219 1401.219 1401.219 1401.219 1401.212 1401.163 1401.115 1401.067 1401.018 1401.0 1401.0 1401.0 1401.0 1401.0 1401.0 1401.0 1401.0 1401.0 1401.0 1401.0 1401.0 1401.0 1400.997 1400.776 1400.556 1400.335 1400.115 1400.0 1400.0 1400.0 1400.0 1400.0 1400.0 1400.0 1400.0 1400.0 1399.97 1399.897 1399.823 1399.75 1399.676 1399.539 1399.392 1399.245 1399.098 1399.0 1399.0 1399.0 1399.0 1399.0 1399.0 1399.0 1399.0 1399.0 1399.0 1399.0 1399.0 1399.0 1399.0 1398.977 1398.944
1401.251 1401.251 1401.251 1401.253 1401.262 1401.271 1401.281 1401.29 1401.292 1401.292 1401.292 1401.292 1401.282 1401.218 1401.153 1401.089 1401.024 1401.0 1401.0 1401.0 1401.0 1401.0 1401.0 1401.0 1401.0 1401.0 1401.0 1401.0 1401.0 1401.0 1400.997 1400.776 1400.556 1400.335 1400.115 1400.0 1400.0 1400.0 1400.0 1400.0 1400.0 1400.0 1400.0 1400.0 1399.97 1399.897 1399.823 1399.75 1399.676 1399.539 1399.392 1399.245 1399.098 1399.0 1399.0 1399.0 1399.0 1399.0 1399.0 1399.0 1399.0 1399.0 1399.0 1399.0 1399.0 1399.0 1399.0 1398.969 1398.926
1401.456 1401.435 1401.413 1401.397 1401.397 1401.397 1401.397 1401.397 1401.397 1401.397 1401.397 1401.397 1401.387 1401.32 1401.254 1401.187 1401.121 1401.083 1401.062 1401.04 1401.019 1401.0 1401.0 1401.0 1401.0 1401.0 1401.0 1401.0 1401.0 1401.0 1400.997 1400.776 1400.556 1400.335 1400.115 1400.0 1400.0 1400.0 1400.0 1400.0 1400.0 1400.0 1400.0 1400.0 1399.964 1399.877 1399.789 1399.702 1399.614 1399.487 1399.354 1399.221 1399.089 1399.0 1399.0 1399.0 1399.0 1399.0 1399.0 1399.0 1399.0 1399.0 1399.0 1399.0 1399.0 1399.0 1399.0 1398.953 1398.887
1401.735 1401.666 1401.596 1401.543 1401.543 1401.543 1401.543 1401.543 1401.543 1401.543 1401.543 1401.543 1401.535 1401.485 1401.434 1401.384 1401.334 1401.271 1401.202 1401.133 1401.063 1401.0 1401.0 1401.0 1401.0 1401.0 1401.0 1401.0 1401.0 1401.0 1400.997 1400.776 1400.556 1400.335 1400.115 1400.0 1400.0 1400.0 1400.0 1400.0 1400.0 1400.0 1400.0 1400.0 1399.951 1399.832 1399.712 1399.592 1399.472 1399.369 1399.269 1399.168 1399.067 1399.0 1399.0 1399.0 1399.0 1399.0 1399.0 1399.0 1399.0 1399.0 1399.0 1399.0 1399.0 1399.0 1399.0 1398.925 1398.823
1402.015 1401.897 1401.779 1401.689 1401.689 1401.689 1401.689 1401.689 1401.689 1401.689 1401.689 1401.689 1401.683 1401.649 1401.615 1401.581 1401.547 1401.46 1401.343 1401.225 1401.107 1401.0 1401.0 1401.0 1401.0 1401.0 1401.0 1401.0 1401.0 1401.0 1400.997 1400.776 1400.556 1400.335 1400.115 1400.0 1400.0 1400.0 1400.0 1400.0 1400.0 1400.0 1400.0 1400.0 1399.938 1399.786 1399.635 1399.483 1399.331 1399.251 1399.183 1399.114 1399.046 1399.0 1399.0 1399.0 1399.0 1399.0 1399.0 1399.0 1399.0 1399.0 1399.0 1399.0 1399.0 1399.0 1399.0 1398.898 1398.758
1402.294 1402.128 1401.962 1401.835 1401.835 1401.835 1401.835 1401.835 1401.835 1401.835 1401.835 1401.835 1401.832 1401.814 1401.796 1401.777 1401.759 1401.649 1401.483 1401.317 1401.151 1401.0 1401.0 1401.0 1401.0 1401.0 1401.0 1401.0 1401.0 1401.0 1400.997 1400.776 1400.556 1400.335 1400.115 1400.0 1400.0 1400.0 1400.0 1400.0 1400.0 1400.0 1400.0 1400.0 1399.925 1399.741 1399.557 1399.373 1399.189 1399.133 1399.097 1399.061 1399.024 1399.0 1399.0 1399.0 1399.0 1399.0 1399.0 1399.0 1399.0 1399.0 1399.0 1399.0 1399.0 1399.0 1399.0 1398.871 1398.693
1402.573 1402.359 1402.145 1401.981 1401.981 1401.981 1401.981 1401.981 1401.981 1401.981 1401.981 1401.981 1401.98 1401.978 1401.976 1401.974 1401.972 1401.838 1401.624 1401.41 1401.195 1401.0 1401.0 1401.0 1401.0 1401.0 1401.0 1401.0 1401.0 1401.0 1400.997 1400.776 1400.556 1400.335 1400.115 1400.0 1400.0 1400.0 1400.0 1400.0 1400.0 1400.0 1400.0 1400.0 1399.912 1399.696 1399.48 1399.264 1399.047 1399.016 1399.011 1399.007 1399.003 1399.0 1399.0 1399.0 1399.0 1399.0 1399.0 1399.0 1399.0 1399.0 1399.0 1399.0 1399.0 1399.0 1399.0 1398.844 1398.628
1402.745 1402.529 1402.314 1402.147 1402.142 1402.137 1402.133 1402.128 1402.107 1402.079 1402.051 1402.023 1402.0 1402.0 1402.0 1402.0 1402.0 1401.88 1401.688 1401.495 1401.302 1401.124 1401.096 1401.068 1401.041 1401.013 1400.99 1400.971 1400.953 1400.934 1400.913 1400.711 1400.509 1400.307 1400.105 1400.0 1400.0 1400.0 1400.0 1400.0 1399.965 1399.928 1399.89 1399.853 1399.757 1399.573 1399.39 1399.207 1399.024 1399.0 1399.0 1399.0 1399.0 1399.0 1399.0 1399.0 1399.0 1399.0 1399.0 1399.0 1399.0 1399.0 1398.989 1398.947 1398.905 1398.863 1398.821 1398.681 1398.502
1402.901 1402.69 1402.48 1402.316 1402.306 1402.296 1402.286 1402.276 1402.231 1402.171 1402.111 1402.051 1402.0 1402.0 1402.0 1402.0 1402.0 1401.9 1401.74 1401.579 1401.419 1401.267 1401.207 1401.147 1401.087 1401.027 1400.978 1400.938 1400.898 1400.858 1400.816 1400.635 1400.455 1400.275 1400.094 1400.0 1400.0 1400.0 1400.0 1400.0 1399.925 1399.844 1399.764 1399.684 1399.58 1399.439 1399.299 1399.159 1399.018 1399.0 1399.0 1399.0 1399.0 1399.0 1399.0 1399.0 1399.0 1399.0 1399.0 1399.0 1399.0 1399.0 1398.976 1398.886 1398.796 1398.706 1398.616 1398.497 1398.366
1403.056 1402.851 1402.646 1402.485 1402.469 1402.454 1402.439 1402.423 1402.354 1402.262 1402.17 1402.078 1402.0 1402.0 1402.0 1402.0 1402.0 1401.92 1401.792 1401.664 1401.536 1401.411 1401.318 1401.226 1401.134 1401.042 1400.966 1400.905 1400.843 1400.782 1400.719 1400.56 1400.401 1400.242 1400.083 1400.0 1400.0 1400.0 1400.0 1400.0 1399.884 1399.761 1399.638 1399.515 1399.402 1399.305 1399.208 1399.11 1399.013 1399.0 1399.0 1399.0 1399.0 1399.0 1399.0 1399.0 1399.0 1399.0 1399.0 1399.0 1399.0 1399.0 1398.964 1398.826 1398.687 1398.549 1398.41 1398.313 1398.231
1403.211 1403.012 1402.812 1402.654 1402.633 1402.612 1402.592 1402.571 1402.478 1402.354 1402.229 1402.105 1402.0 1402.0 1402.0 1402.0 1402.0 1401.94 1401.844 1401.748 1401.652 1401.554 1401.429 1401.305 1401.18 1401.056 1400.954 1400.871 1400.788 1400.705 1400.622 1400.484 1400.347 1400.209 1400.072 1400.0 1400.0 1400.0 1400.0 1400.0 1399.844 1399.678 1399.512 1399.346 1399.225 1399.171 1399.116 1399.062 1399.007 1399.0 1399.0 1399.0 1399.0 1399.0 1399.0 1399.0 1399.0 1399.0 1399.0 1399.0 1399.0 1399.0 1398.951 1398.765 1398.578 1398.391 1398.205 1398.129 1398.095
1403.326 1403.133 1402.94 1402.787 1402.764 1402.741 1402.718 1402.696 1402.593 1402.456 1402.318 1402.181 1402.063 1402.049 1402.034 1402.02 1402.005 1401.954 1401.881 1401.807 1401.734 1401.654 1401.507 1401.36 1401.213 1401.066 1400.944 1400.843 1400.742 1400.641 1400.539 1400.42 1400.301 1400.182 1400.062 1400.0 1400.0 1400.0 1400.0 1400.0 1399.815 1399.619 1399.423 1399.228 1399.101 1399.077 1399.052 1399.028 1399.003 1399.0 1399.0 1399.0 1399.0 1399.0 1399.0 1399.0 1399.0 1399.0 1398.996 1398.991 1398.987 1398.982 1398.922 1398.706 1398.491 1398.275 1398.059 1398.0 1398.0
1403.345 1403.163 1402.981 1402.837 1402.819 1402.802 1402.784 1402.767 1402.688 1402.583 1402.478 1402.373 1402.274 1402.212 1402.149 1402.086 1402.024 1401.954 1401.881 1401.807 1401.734 1401.654 1401.507 1401.36 1401.213 1401.066 1400.938 1400.826 1400.715 1400.603 1400.491 1400.382 1400.274 1400.165 1400.057 1400.0 1400.0 1400.0 1400.0 1400.0 1399.815 1399.619 1399.423 1399.228 1399.101 1399.077 1399.052 1399.028 1399.003 1399.0 1399.0 1399.0 1399.0 1399.0 1399.0 1399.0 1399.0 1399.0 1398.983 1398.962 1398.942 1398.921 1398.853 1398.654 1398.454 1398.255 1398.055 1398.0 1398.0
1403.364 1403.193 1403.021 1402.887 1402.875 1402.862 1402.85 1402.838 1402.784 1402.711 1402.638 1402.565 1402.485 1402.375 1402.264 1402.153 1402.042 1401.954 1401.881 1401.807 1401.734 1401.654 1401.507 1401.36 1401.213 1401.066 1400.932 1400.81 1400.687 1400.565 1400.442 1400.344 1400.247 1400.149 1400.051 1400.0 1400.0 1400.0 1400.0 1400.0 1399.815 1399.619 1399.423 1399.228 1399.101 1399.077 1399.052 1399.028 1399.003 1399.0 1399.0 1399.0 1399.0 1399.0 1399.0 1399.0 1399.0 1399.0 1398.971 1398.934 1398.897 1398.86 1398.784 1398.601 1398.417 1398.234 1398.051 1398.0 1398.0
