data/zism_data/00599_02_D.txt
ncols         224
nrows         224
[rows 84 to 111 of 224, columns 0 to 63 of 224]
3565.036 3561.617 3558.197 3554.252 3549.699 3545.145 3540.592 3536.039 3530.646 3525.188 3519.729 3514.271 3507.745 3499.56 3491.375 3483.19 3475.005 3464.402 3453.39 3442.378 3431.366 3421.227 3412.951 3404.675 3396.399 3388.123 3386.045 3385.689 3385.333 3384.977 3386.039 3391.437 3396.836 3402.234 3407.632 3412.559 3417.292 3422.026 3426.759 3430.121 3426.967 3423.813 3420.659 3417.504 3414.015 3410.334 3406.654 3402.974 3399.175 3394.329 3389.483 3384.637 3379.791 3375.008 3370.273 3365.539 3360.804 3356.061 3351.041 3346.02 3341.0 3335.979 3331.162 3326.554
3570.454 3566.782 3563.111 3559.01 3554.414 3549.817 3545.221 3540.625 3535.263 3529.843 3524.422 3519.001 3512.564 3504.545 3496.527 3488.508 3480.49 3469.764 3458.58 3447.396 3436.212 3425.819 3417.113 3408.407 3399.701 3390.995 3389.135 3389.177 3389.219 3389.26 3390.775 3396.797 3402.819 3408.84 3414.862 3420.24 3425.355 3430.47 3435.585 3439.247 3436.007 3432.767 3429.527 3426.287 3422.458 3418.293 3414.129 3409.965 3405.697 3400.501 3395.306 3390.111 3384.916 3379.938 3375.128 3370.318 3365.509 3360.695 3355.755 3350.815 3345.875 3340.935 3335.99 3331.038
3575.149 3571.387 3567.626 3563.414 3558.68 3553.946 3549.213 3544.479 3538.793 3533.033 3527.273 3521.513 3514.81 3506.641 3498.473 3490.303 3482.135 3471.357 3460.139 3448.92 3437.701 3427.306 3418.672 3410.037 3401.402 3392.768 3391.248 3391.704 3392.161 3392.617 3394.652 3401.516 3408.38 3415.243 3422.107 3427.951 3433.379 3438.807 3444.235 3448.157 3444.926 3441.694 3438.462 3435.23 3431.245 3426.833 3422.421 3418.009 3413.45 3407.588 3401.727 3395.865 3390.004 3384.59 3379.521 3374.451 3369.382 3364.319 3359.486 3354.652 3349.819 3344.985 3340.217 3335.517
3579.66 3575.85 3572.04 3567.727 3562.832 3557.937 3553.042 3548.147 3542.046 3535.851 3529.656 3523.46 3516.402 3508.002 3499.602 3491.202 3482.802 3471.991 3460.773 3449.554 3438.335 3428.003 3419.568 3411.132 3402.696 3394.26 3393.112 3393.988 3394.863 3395.739 3398.311 3406.072 3413.833 3421.594 3429.355 3435.669 3441.393 3447.117 3452.841 3457.012 3453.813 3450.613 3447.414 3444.214 3440.121 3435.521 3430.921 3426.321 3421.517 3414.908 3408.3 3401.691 3395.083 3389.171 3383.795 3378.419 3373.044 3367.687 3362.966 3358.246 3353.525 3348.804 3344.292 3339.995
3584.171 3580.312 3576.454 3572.04 3566.984 3561.928 3556.872 3551.816 3545.299 3538.669 3532.038 3525.407 3517.994 3509.363 3500.732 3492.1 3483.469 3472.625 3461.406 3450.188 3438.969 3428.701 3420.464 3412.227 3403.99 3395.753 3394.976 3396.271 3397.565 3398.86 3401.969 3410.628 3419.286 3427.945 3436.604 3443.388 3449.407 3455.427 3461.446 3465.867 3462.7 3459.532 3456.365 3453.198 3448.997 3444.208 3439.42 3434.632 3429.583 3422.227 3414.872 3407.516 3400.161 3393.751 3388.069 3382.387 3376.705 3371.054 3366.447 3361.839 3357.231 3352.623 3348.367 3344.473
3588.681 3584.775 3580.868 3576.354 3571.136 3565.919 3560.701 3555.484 3548.552 3541.486 3534.42 3527.354 3519.586 3510.723 3501.861 3492.999 3484.137 3473.259 3462.041 3450.822 3439.603 3429.398 3421.36 3413.322 3405.284 3397.246 3396.84 3398.554 3400.268 3401.982 3405.628 3415.184 3424.74 3434.296 3443.852 3451.106 3457.421 3463.736 3470.051 3474.722 3471.587 3468.452 3465.317 3462.182 3457.873 3452.896 3447.92 3442.943 3437.65 3429.547 3421.445 3413.342 3405.24 3398.332 3392.344 3386.355 3380.367 3374.422 3369.927 3365.432 3360.937 3356.442 3352.442 3348.951
3593.014 3588.996 3584.978 3580.311 3574.892 3569.474 3564.055 3558.637 3551.349 3543.917 3536.483 3529.05 3520.998 3511.983 3502.969 3493.953 3484.938 3474.067 3462.882 3451.697 3440.511 3430.387 3422.533 3414.678 3406.824 3398.969 3399.01 3401.245 3403.48 3405.714 3409.924 3420.173 3430.422 3440.671 3450.921 3458.514 3465.023 3471.532 3478.041 3482.89 3479.858 3476.826 3473.793 3470.761 3466.417 3461.327 3456.237 3451.147 3445.686 3436.938 3428.19 3419.442 3410.694 3403.273 3396.873 3390.473 3384.073 3377.732 3373.381 3369.03 3364.678 3360.327 3356.625 3353.593
3596.778 3592.449 3588.119 3583.132 3577.386 3571.64 3565.894 3560.147 3552.697 3545.114 3537.53 3529.946 3521.84 3512.922 3504.004 3495.086 3486.167 3475.43 3464.385 3453.339 3442.293 3432.307 3424.587 3416.867 3409.146 3401.426 3402.157 3405.235 3408.314 3411.392 3416.248 3426.54 3436.832 3447.125 3457.417 3464.931 3471.311 3477.691 3484.071 3488.871 3486.166 3483.462 3480.757 3478.053 3473.906 3468.939 3463.973 3459.007 3453.624 3444.553 3435.483 3426.413 3417.343 3409.359 3402.212 3395.065 3387.918 3380.859 3376.75 3372.64 3368.531 3364.421 3361.155 3358.757
3600.543 3595.901 3591.26 3585.954 3579.88 3573.806 3567.732 3561.658 3554.044 3546.31 3538.576 3530.842 3522.683 3513.861 3505.04 3496.218 3487.397 3476.793 3465.887 3454.981 3444.075 3434.227 3426.641 3419.055 3411.469 3403.883 3405.304 3409.226 3413.148 3417.07 3422.572 3432.907 3443.242 3453.578 3463.913 3471.348 3477.599 3483.85 3490.101 3494.851 3492.474 3490.098 3487.721 3485.344 3481.395 3476.552 3471.71 3466.867 3461.563 3452.169 3442.777 3433.384 3423.991 3415.446 3407.552 3399.658 3391.764 3383.987 3380.119 3376.251 3372.384 3368.516 3365.685 3363.92
3604.307 3599.354 3594.401 3588.776 3582.374 3575.973 3569.571 3563.169 3555.392 3547.507 3539.623 3531.738 3523.525 3514.8 3506.076 3497.351 3488.626 3478.156 3467.389 3456.623 3445.857 3436.147 3428.696 3421.244 3413.792 3406.341 3408.45 3413.216 3417.982 3422.748 3428.896 3439.274 3449.653 3460.031 3470.409 3477.765 3483.887 3490.009 3496.131 3500.832 3498.783 3496.734 3494.685 3492.636 3488.885 3484.165 3479.446 3474.727 3469.501 3459.786 3450.071 3440.355 3430.64 3421.532 3412.891 3404.25 3395.609 3387.114 3383.488 3379.862 3376.236 3372.611 3370.215 3369.084
3608.072 3602.807 3597.542 3591.598 3584.868 3578.139 3571.409 3564.679 3556.739 3548.704 3540.669 3532.634 3524.367 3515.739 3507.111 3498.483 3489.855 3479.518 3468.892 3458.265 3447.639 3438.067 3430.75 3423.432 3416.115 3408.798 3411.597 3417.207 3422.816 3428.425 3435.22 3445.641 3456.063 3466.484 3476.905 3484.182 3490.175 3496.167 3502.161 3506.812 3505.091 3503.37 3501.649 3499.928 3496.374 3491.778 3487.183 3482.587 3477.439 3467.402 3457.364 3447.326 3437.289 3427.618 3418.231 3408.843 3399.455 3390.241 3386.857 3383.473 3380.089 3376.705 3374.744 3374.248
3612.617 3607.256 3601.896 3595.755 3588.712 3581.67 3574.627 3567.584 3559.542 3551.423 3543.303 3535.184 3526.899 3518.357 3509.814 3501.272 3492.73 3482.716 3472.452 3462.189 3451.925 3442.72 3435.775 3428.83 3421.885 3414.939 3417.976 3423.785 3429.593 3435.402 3442.27 3452.375 3462.481 3472.586 3482.692 3489.71 3495.468 3501.225 3506.983 3511.435 3509.683 3507.931 3506.179 3504.427 3500.766 3496.019 3491.273 3486.526 3481.235 3471.124 3461.013 3450.902 3440.791 3430.987 3421.42 3411.852 3402.285 3392.905 3389.803 3386.701 3383.599 3380.497 3378.995 3379.141
3617.527 3612.172 3606.817 3600.538 3593.188 3585.839 3578.49 3571.141 3563.027 3554.854 3546.681 3538.508 3530.221 3521.76 3513.298 3504.836 3496.375 3486.772 3476.976 3467.18 3457.384 3448.651 3442.19 3435.729 3429.267 3422.806 3425.867 3431.574 3437.281 3442.987 3449.659 3459.28 3468.902 3478.524 3488.146 3494.822 3500.295 3505.768 3511.241 3515.423 3513.472 3511.521 3509.57 3507.62 3503.708 3498.682 3493.656 3488.63 3483.093 3473.024 3462.956 3452.888 3442.82 3433.083 3423.602 3414.12 3404.639 3395.351 3392.55 3389.749 3386.948 3384.147 3383.116 3383.906
3622.438 3617.088 3611.738 3605.319 3597.664 3590.008 3582.353 3574.697 3566.512 3558.285 3550.058 3541.831 3533.543 3525.163 3516.782 3508.4 3500.02 3490.828 3481.5 3472.171 3462.843 3454.583 3448.605 3442.627 3436.649 3430.671 3433.758 3439.363 3444.968 3450.572 3457.047 3466.186 3475.324 3484.462 3493.6 3499.933 3505.122 3510.31 3515.498 3519.41 3517.26 3515.111 3512.961 3510.812 3506.65 3501.344 3496.039 3490.734 3484.949 3474.924 3464.899 3454.874 3444.849 3435.179 3425.784 3416.388 3406.993 3397.797 3395.297 3392.797 3390.297 3387.797 3387.236 3388.671
3627.348 3622.004 3616.66 3610.102 3602.14 3594.178 3586.216 3578.254 3569.997 3561.716 3553.435 3545.155 3536.866 3528.566 3520.265 3511.965 3503.665 3494.885 3486.024 3477.163 3468.302 3460.515 3455.021 3449.526 3444.032 3438.538 3441.65 3447.152 3452.655 3458.157 3464.437 3473.091 3481.746 3490.4 3499.054 3505.045 3509.949 3514.852 3519.756 3523.398 3521.049 3518.701 3516.353 3514.004 3509.592 3504.007 3498.422 3492.837 3486.807 3476.824 3466.842 3456.86 3446.878 3437.276 3427.966 3418.657 3409.347 3400.244 3398.045 3395.846 3393.647 3391.448 3391.357 3393.437
3632.221 3626.859 3621.497 3614.812 3606.598 3598.383 3590.169 3581.954 3573.622 3565.281 3556.94 3548.599 3540.292 3532.038 3523.784 3515.529 3507.275 3498.876 3490.453 3482.03 3473.607 3466.266 3461.239 3456.211 3451.183 3446.155 3449.276 3454.661 3460.045 3465.43 3471.514 3479.74 3487.965 3496.19 3504.415 3510.112 3514.778 3519.444 3524.109 3527.518 3524.955 3522.393 3519.831 3517.268 3512.602 3506.74 3500.879 3495.017 3488.744 3478.823 3468.902 3458.981 3449.061 3439.518 3430.265 3421.012 3411.76 3402.718 3400.756 3398.794 3396.831 3394.869 3395.228 3397.977
3636.829 3631.284 3625.74 3619.017 3610.931 3602.845 3594.76 3586.674 3578.252 3569.804 3561.355 3552.906 3544.456 3536.003 3527.55 3519.097 3510.644 3502.409 3494.212 3486.014 3477.817 3470.74 3466.056 3461.372 3456.688 3452.004 3455.02 3460.173 3465.326 3470.48 3476.38 3484.562 3492.744 3500.926 3509.108 3514.862 3519.624 3524.386 3529.149 3532.581 3529.697 3526.812 3523.927 3521.042 3516.094 3509.974 3503.855 3497.735 3491.25 3481.522 3471.795 3462.068 3452.341 3442.797 3433.394 3423.99 3414.588 3405.394 3403.211 3401.028 3398.846 3396.663 3397.323 3400.91
3641.437 3635.709 3629.982 3623.221 3615.264 3607.308 3599.351 3591.395 3582.882 3574.326 3565.77 3557.214 3548.62 3539.969 3531.317 3522.665 3514.013 3505.942 3497.971 3489.999 3482.027 3475.213 3470.874 3466.534 3462.194 3457.854 3460.763 3465.685 3470.607 3475.53 3481.245 3489.384 3497.523 3505.662 3513.801 3519.611 3524.47 3529.329 3534.189 3537.645 3534.438 3531.23 3528.023 3524.815 3519.586 3513.209 3506.831 3500.454 3493.756 3484.222 3474.689 3465.155 3455.621 3446.076 3436.523 3426.969 3417.415 3408.069 3405.666 3403.263 3400.86 3398.457 3399.419 3403.844
3646.044 3640.135 3634.224 3627.425 3619.597 3611.77 3603.942 3596.115 3587.511 3578.848 3570.185 3561.521 3552.784 3543.934 3535.083 3526.232 3517.381 3509.475 3501.729 3493.983 3486.237 3479.687 3475.691 3471.695 3467.699 3463.703 3466.506 3471.197 3475.888 3480.58 3486.11 3494.206 3502.302 3510.398 3518.494 3524.36 3529.316 3534.272 3539.228 3542.708 3539.178 3535.648 3532.119 3528.589 3523.079 3516.443 3509.808 3503.172 3496.262 3486.922 3477.582 3468.241 3458.901 3449.355 3439.651 3429.947 3420.243 3410.744 3408.121 3405.498 3402.874 3400.251 3401.514 3406.777
3650.652 3644.56 3638.467 3631.629 3623.93 3616.232 3608.533 3600.835 3592.141 3583.37 3574.599 3565.829 3556.948 3547.899 3538.849 3529.8 3520.75 3513.008 3505.488 3497.968 3490.448 3484.16 3480.508 3476.856 3473.204 3469.552 3472.249 3476.709 3481.169 3485.63 3490.975 3499.028 3507.081 3515.134 3523.188 3529.11 3534.163 3539.215 3544.268 3547.772 3543.919 3540.067 3536.215 3532.363 3526.571 3519.677 3512.784 3505.89 3498.768 3489.622 3480.475 3471.328 3462.182 3452.635 3442.78 3432.926 3423.071 3413.419 3410.576 3407.732 3404.888 3402.045 3403.609 3409.711
3655.683 3649.474 3643.265 3636.438 3628.896 3621.354 3613.811 3606.269 3597.628 3588.902 3580.175 3571.449 3562.531 3553.316 3544.101 3534.886 3525.671 3517.716 3509.975 3502.234 3494.493 3488.117 3484.657 3481.197 3477.737 3474.277 3476.963 3481.356 3485.749 3490.142 3495.486 3503.736 3511.986 3520.236 3528.486 3534.564 3539.756 3544.948 3550.14 3553.718 3549.628 3545.538 3541.449 3537.359 3531.331 3524.2 3517.07 3509.94 3502.628 3493.705 3484.782 3475.859 3466.937 3457.285 3447.074 3436.862 3426.65 3416.643 3413.485 3410.327 3407.169 3404.01 3405.792 3412.66
3661.039 3654.766 3648.492 3641.713 3634.348 3626.983 3619.618 3612.253 3603.774 3595.209 3586.644 3578.078 3569.204 3559.849 3550.495 3541.14 3531.785 3523.328 3515.022 3506.717 3498.412 3491.675 3488.291 3484.906 3481.521 3478.136 3480.885 3485.337 3489.789 3494.242 3499.724 3508.355 3516.987 3525.619 3534.25 3540.561 3545.925 3551.289 3556.653 3560.343 3556.081 3551.819 3547.558 3543.296 3537.065 3529.714 3522.364 3515.013 3507.528 3498.852 3490.177 3481.501 3472.825 3462.99 3452.263 3441.535 3430.808 3420.289 3416.743 3413.198 3409.653 3406.108 3408.043 3415.62
3666.395 3660.057 3653.719 3646.987 3639.8 3632.612 3625.424 3618.237 3609.921 3601.517 3593.112 3584.708 3575.877 3566.383 3556.889 3547.394 3537.9 3528.939 3520.07 3511.2 3502.331 3495.234 3491.924 3488.615 3485.305 3481.996 3484.807 3489.319 3493.83 3498.341 3503.962 3512.975 3521.988 3531.001 3540.015 3546.558 3552.094 3557.63 3563.166 3566.968 3562.534 3558.1 3553.667 3549.233 3542.799 3535.228 3527.657 3520.086 3512.429 3504.0 3495.572 3487.143 3478.715 3468.695 3457.452 3446.208 3434.965 3423.934 3420.002 3416.07 3412.138 3408.206 3410.294 3418.58
3671.75 3665.348 3658.946 3652.262 3645.251 3638.241 3631.231 3624.221 3616.067 3607.824 3599.581 3591.338 3582.551 3572.917 3563.283 3553.648 3544.014 3534.551 3525.117 3515.683 3506.25 3498.792 3495.558 3492.324 3489.09 3485.855 3488.729 3493.3 3497.87 3502.441 3508.2 3517.594 3526.99 3536.384 3545.779 3552.555 3558.263 3563.971 3569.678 3573.593 3568.987 3564.382 3559.776 3555.17 3548.534 3540.742 3532.951 3525.16 3517.329 3509.148 3500.967 3492.785 3484.604 3474.4 3462.641 3450.882 3439.123 3427.579 3423.26 3418.942 3414.623 3410.304 3412.545 3421.541
3677.098 3670.637 3664.176 3657.542 3650.706 3643.872 3637.036 3630.201 3622.207 3614.123 3606.039 3597.954 3589.209 3579.437 3569.665 3559.892 3550.119 3540.156 3530.161 3520.165 3510.17 3502.353 3499.19 3496.027 3492.864 3489.7 3492.639 3497.273 3501.906 3506.54 3512.441 3522.216 3531.992 3541.767 3551.543 3558.55 3564.426 3570.302 3576.178 3580.202 3575.43 3570.657 3565.885 3561.112 3554.275 3546.266 3538.256 3530.246 3522.244 3514.302 3506.36 3498.418 3490.477 3480.09 3467.823 3455.555 3443.287 3431.239 3426.541 3421.843 3417.145 3412.448 3414.844 3424.542
3681.328 3675.593 3669.857 3663.557 3656.603 3649.65 3642.697 3635.743 3627.552 3619.263 3610.974 3602.686 3593.837 3584.119 3574.4 3564.681 3554.963 3544.842 3534.653 3524.464 3514.275 3506.17 3502.518 3498.866 3495.214 3491.562 3494.882 3500.139 3505.396 3510.653 3517.091 3527.141 3537.19 3547.24 3557.29 3564.162 3569.737 3575.312 3580.888 3584.751 3580.484 3576.216 3571.949 3567.681 3561.059 3553.097 3545.136 3537.175 3529.133 3520.38 3511.627 3502.874 3494.121 3483.669 3471.912 3460.155 3448.398 3436.866 3432.883 3428.9 3424.917 3420.934 3423.613 3433.15
3685.558 3680.548 3675.538 3669.572 3662.5 3655.428 3648.357 3641.285 3632.896 3624.403 3615.91 3607.417 3598.466 3588.801 3579.136 3569.471 3559.806 3549.527 3539.145 3528.762 3518.38 3509.988 3505.847 3501.706 3497.564 3493.423 3497.125 3503.006 3508.886 3514.766 3521.741 3532.065 3542.389 3552.712 3563.036 3569.774 3575.049 3580.323 3585.597 3589.3 3585.538 3581.775 3578.013 3574.251 3567.842 3559.929 3552.016 3544.103 3536.023 3526.458 3516.894 3507.329 3497.764 3487.249 3476.002 3464.756 3453.509 3442.494 3439.225 3435.957 3432.688 3429.42 3432.382 3441.758
3689.788 3685.503 3681.218 3675.586 3668.396 3661.207 3654.017 3646.827 3638.24 3629.543 3620.845 3612.149 3603.094 3593.483 3583.872 3574.26 3564.649 3554.213 3543.637 3533.061 3522.485 3513.805 3509.175 3504.545 3499.915 3495.285 3499.368 3505.872 3512.375 3518.879 3526.392 3536.989 3547.587 3558.185 3568.783 3575.386 3580.36 3585.333 3590.307 3593.849 3590.592 3587.334 3584.077 3580.82 3574.625 3566.76 3558.896 3551.031 3542.912 3532.536 3522.16 3511.784 3501.408 3490.828 3480.092 3469.356 3458.62 3448.121 3445.567 3443.014 3440.46 3437.906 3441.152 3450.366
