data/zism_data/00597_03_D.txt
ncols         224
nrows         224
[rows 0 to 28 of 224, columns 128 to 191 of 224]
1479.467 1479.306 1479.145 1478.984 1478.857 1478.751 1478.645 1478.538 1478.437 1478.382 1478.327 1478.272 1478.217 1478.124 1477.999 1477.874 1477.749 1477.627 1477.627 1477.627 1477.627 1477.627 1477.627 1477.627 1477.627 1477.627 1477.627 1477.721 1477.818 1477.916 1478.013 1478.104 1478.186 1478.269 1478.351 1478.433 1478.441 1478.441 1478.441 1478.441 1478.441 1478.441 1478.441 1478.441 1478.441 1478.441 1478.441 1478.441 1478.441 1478.441 1478.441 1478.441 1478.441 1478.441 1478.441 1478.441 1478.441 1478.441 1478.441 1478.441 1478.441 1478.441 1478.441 1478.441
1479.743 1479.587 1479.431 1479.276 1479.141 1479.018 1478.896 1478.774 1478.659 1478.625 1478.592 1478.559 1478.526 1478.421 1478.259 1478.096 1477.933 1477.774 1477.774 1477.774 1477.774 1477.774 1477.774 1477.774 1477.774 1477.774 1477.774 1477.915 1478.061 1478.207 1478.353 1478.457 1478.507 1478.557 1478.607 1478.657 1478.661 1478.661 1478.661 1478.661 1478.661 1478.661 1478.661 1478.661 1478.661 1478.661 1478.661 1478.661 1478.661 1478.661 1478.661 1478.661 1478.661 1478.661 1478.661 1478.661 1478.661 1478.661 1478.661 1478.661 1478.661 1478.661 1478.661 1478.661
1480.018 1479.868 1479.718 1479.568 1479.425 1479.286 1479.148 1479.009 1478.881 1478.869 1478.858 1478.846 1478.834 1478.719 1478.518 1478.318 1478.117 1477.921 1477.921 1477.921 1477.921 1477.921 1477.921 1477.921 1477.921 1477.921 1477.921 1478.109 1478.304 1478.498 1478.693 1478.811 1478.828 1478.845 1478.863 1478.88 1478.882 1478.882 1478.882 1478.882 1478.882 1478.882 1478.882 1478.882 1478.882 1478.882 1478.882 1478.882 1478.882 1478.882 1478.882 1478.882 1478.882 1478.882 1478.882 1478.882 1478.882 1478.882 1478.882 1478.882 1478.882 1478.882 1478.882 1478.882
1480.26 1480.115 1479.97 1479.825 1479.679 1479.532 1479.385 1479.238 1479.102 1479.094 1479.087 1479.079 1479.072 1478.959 1478.761 1478.563 1478.364 1478.17 1478.17 1478.17 1478.17 1478.17 1478.17 1478.17 1478.17 1478.17 1478.17 1478.361 1478.56 1478.758 1478.956 1479.078 1479.101 1479.123 1479.146 1479.168 1479.17 1479.17 1479.17 1479.17 1479.17 1479.17 1479.17 1479.17 1479.17 1479.17 1479.17 1479.17 1479.17 1479.17 1479.17 1479.17 1479.17 1479.17 1479.17 1479.17 1479.17 1479.17 1479.17 1479.17 1479.17 1479.17 1479.17 1479.17
1480.462 1480.322 1480.183 1480.044 1479.9 1479.753 1479.605 1479.458 1479.321 1479.297 1479.273 1479.25 1479.226 1479.133 1478.983 1478.834 1478.684 1478.538 1478.538 1478.538 1478.538 1478.538 1478.538 1478.538 1478.538 1478.538 1478.538 1478.682 1478.832 1478.981 1479.131 1479.246 1479.317 1479.389 1479.46 1479.531 1479.538 1479.538 1479.538 1479.538 1479.538 1479.538 1479.538 1479.538 1479.538 1479.538 1479.538 1479.538 1479.538 1479.538 1479.538 1479.538 1479.538 1479.538 1479.538 1479.538 1479.538 1479.538 1479.538 1479.538 1479.538 1479.538 1479.538 1479.538
1480.664 1480.53 1480.396 1480.262 1480.12 1479.973 1479.826 1479.679 1479.54 1479.5 1479.46 1479.42 1479.38 1479.307 1479.206 1479.105 1479.004 1478.905 1478.905 1478.905 1478.905 1478.905 1478.905 1478.905 1478.905 1478.905 1478.905 1479.002 1479.103 1479.204 1479.305 1479.414 1479.534 1479.654 1479.774 1479.894 1479.905 1479.905 1479.905 1479.905 1479.905 1479.905 1479.905 1479.905 1479.905 1479.905 1479.905 1479.905 1479.905 1479.905 1479.905 1479.905 1479.905 1479.905 1479.905 1479.905 1479.905 1479.905 1479.905 1479.905 1479.905 1479.905 1479.905 1479.905
1480.866 1480.738 1480.609 1480.481 1480.341 1480.193 1480.046 1479.899 1479.759 1479.703 1479.647 1479.591 1479.534 1479.48 1479.428 1479.376 1479.324 1479.273 1479.273 1479.273 1479.273 1479.273 1479.273 1479.273 1479.273 1479.273 1479.273 1479.323 1479.375 1479.427 1479.48 1479.582 1479.751 1479.92 1480.088 1480.257 1480.273 1480.273 1480.273 1480.273 1480.273 1480.273 1480.273 1480.273 1480.273 1480.273 1480.273 1480.273 1480.273 1480.273 1480.273 1480.273 1480.273 1480.273 1480.273 1480.273 1480.273 1480.273 1480.273 1480.273 1480.273 1480.273 1480.273 1480.273
1481.068 1480.945 1480.822 1480.699 1480.561 1480.414 1480.267 1480.12 1479.978 1479.906 1479.833 1479.761 1479.689 1479.654 1479.651 1479.647 1479.644 1479.64 1479.64 1479.64 1479.64 1479.64 1479.64 1479.64 1479.64 1479.64 1479.64 1479.644 1479.647 1479.651 1479.654 1479.751 1479.968 1480.185 1480.402 1480.62 1480.64 1480.64 1480.64 1480.64 1480.64 1480.64 1480.64 1480.64 1480.64 1480.64 1480.64 1480.64 1480.64 1480.64 1480.64 1480.64 1480.64 1480.64 1480.64 1480.64 1480.64 1480.64 1480.64 1480.64 1480.64 1480.64 1480.64 1480.64
1481.31 1481.187 1481.065 1480.942 1480.801 1480.649 1480.497 1480.345 1480.197 1480.109 1480.02 1479.932 1479.843 1479.809 1479.819 1479.829 1479.839 1479.849 1479.884 1479.919 1479.955 1479.99 1480.007 1480.007 1480.007 1480.007 1480.007 1480.007 1480.007 1480.007 1480.007 1480.084 1480.26 1480.435 1480.611 1480.786 1480.83 1480.86 1480.891 1480.921 1480.939 1480.939 1480.939 1480.939 1480.939 1480.939 1480.939 1480.939 1480.939 1480.939 1480.939 1480.939 1480.939 1480.939 1480.939 1480.939 1480.939 1480.939 1480.939 1480.939 1480.939 1480.939 1480.939 1480.939
1481.555 1481.432 1481.309 1481.187 1481.043 1480.885 1480.728 1480.57 1480.417 1480.312 1480.207 1480.102 1479.997 1479.961 1479.982 1480.003 1480.024 1480.046 1480.119 1480.192 1480.265 1480.338 1480.375 1480.375 1480.375 1480.375 1480.375 1480.375 1480.375 1480.375 1480.375 1480.43 1480.557 1480.684 1480.811 1480.938 1481.007 1481.069 1481.132 1481.194 1481.233 1481.233 1481.233 1481.233 1481.233 1481.233 1481.233 1481.233 1481.233 1481.233 1481.233 1481.233 1481.233 1481.233 1481.233 1481.233 1481.233 1481.233 1481.233 1481.233 1481.233 1481.233 1481.233 1481.233
1481.8 1481.677 1481.554 1481.432 1481.285 1481.121 1480.958 1480.795 1480.636 1480.515 1480.394 1480.272 1480.151 1480.114 1480.146 1480.178 1480.209 1480.243 1480.354 1480.464 1480.575 1480.686 1480.742 1480.742 1480.742 1480.742 1480.742 1480.742 1480.742 1480.742 1480.742 1480.776 1480.855 1480.933 1481.011 1481.089 1481.183 1481.278 1481.373 1481.468 1481.527 1481.527 1481.527 1481.527 1481.527 1481.527 1481.527 1481.527 1481.527 1481.527 1481.527 1481.527 1481.527 1481.527 1481.527 1481.527 1481.527 1481.527 1481.527 1481.527 1481.527 1481.527 1481.527 1481.527
1482.045 1481.922 1481.799 1481.677 1481.526 1481.358 1481.189 1481.021 1480.855 1480.718 1480.58 1480.443 1480.306 1480.267 1480.31 1480.352 1480.395 1480.439 1480.588 1480.737 1480.885 1481.034 1481.11 1481.11 1481.11 1481.11 1481.11 1481.11 1481.11 1481.11 1481.11 1481.123 1481.152 1481.182 1481.211 1481.241 1481.359 1481.487 1481.614 1481.742 1481.821 1481.821 1481.821 1481.821 1481.821 1481.821 1481.821 1481.821 1481.821 1481.821 1481.821 1481.821 1481.821 1481.821 1481.821 1481.821 1481.821 1481.821 1481.821 1481.821 1481.821 1481.821 1481.821 1481.821
1482.278 1482.153 1482.028 1481.903 1481.751 1481.582 1481.412 1481.242 1481.076 1480.941 1480.807 1480.672 1480.537 1480.502 1480.547 1480.591 1480.636 1480.684 1480.84 1480.997 1481.154 1481.311 1481.391 1481.391 1481.391 1481.391 1481.391 1481.391 1481.391 1481.391 1481.391 1481.399 1481.418 1481.437 1481.456 1481.475 1481.599 1481.733 1481.868 1482.002 1482.086 1482.086 1482.086 1482.086 1482.086 1482.086 1482.086 1482.086 1482.086 1482.086 1482.086 1482.086 1482.086 1482.086 1482.086 1482.086 1482.086 1482.086 1482.086 1482.086 1482.086 1482.086 1482.086 1482.086
1482.492 1482.362 1482.231 1482.101 1481.95 1481.786 1481.622 1481.458 1481.299 1481.197 1481.094 1480.992 1480.89 1480.863 1480.897 1480.931 1480.965 1481.001 1481.12 1481.239 1481.358 1481.477 1481.538 1481.538 1481.538 1481.538 1481.538 1481.538 1481.538 1481.538 1481.538 1481.567 1481.635 1481.703 1481.77 1481.838 1481.937 1482.039 1482.141 1482.243 1482.307 1482.307 1482.307 1482.307 1482.307 1482.307 1482.307 1482.307 1482.307 1482.307 1482.307 1482.307 1482.307 1482.307 1482.307 1482.307 1482.307 1482.307 1482.307 1482.307 1482.307 1482.307 1482.307 1482.307
1482.706 1482.571 1482.435 1482.299 1482.15 1481.991 1481.832 1481.673 1481.522 1481.452 1481.382 1481.313 1481.243 1481.225 1481.248 1481.271 1481.294 1481.319 1481.4 1481.481 1481.562 1481.644 1481.685 1481.685 1481.685 1481.685 1481.685 1481.685 1481.685 1481.685 1481.685 1481.735 1481.852 1481.968 1482.084 1482.201 1482.275 1482.345 1482.414 1482.484 1482.527 1482.527 1482.527 1482.527 1482.527 1482.527 1482.527 1482.527 1482.527 1482.527 1482.527 1482.527 1482.527 1482.527 1482.527 1482.527 1482.527 1482.527 1482.527 1482.527 1482.527 1482.527 1482.527 1482.527
1482.921 1482.78 1482.638 1482.497 1482.349 1482.196 1482.042 1481.889 1481.745 1481.708 1481.67 1481.633 1481.596 1481.586 1481.599 1481.611 1481.623 1481.636 1481.68 1481.723 1481.766 1481.81 1481.832 1481.832 1481.832 1481.832 1481.832 1481.832 1481.832 1481.832 1481.832 1481.903 1482.069 1482.234 1482.399 1482.564 1482.613 1482.65 1482.687 1482.724 1482.748 1482.748 1482.748 1482.748 1482.748 1482.748 1482.748 1482.748 1482.748 1482.748 1482.748 1482.748 1482.748 1482.748 1482.748 1482.748 1482.748 1482.748 1482.748 1482.748 1482.748 1482.748 1482.748 1482.748
1483.135 1482.988 1482.842 1482.696 1482.548 1482.4 1482.252 1482.104 1481.968 1481.963 1481.958 1481.954 1481.949 1481.948 1481.949 1481.951 1481.952 1481.954 1481.959 1481.965 1481.97 1481.976 1481.979 1481.979 1481.979 1481.979 1481.979 1481.979 1481.979 1481.979 1481.979 1482.072 1482.285 1482.499 1482.713 1482.927 1482.951 1482.956 1482.96 1482.965 1482.968 1482.968 1482.968 1482.968 1482.968 1482.968 1482.968 1482.968 1482.968 1482.968 1482.968 1482.968 1482.968 1482.968 1482.968 1482.968 1482.968 1482.968 1482.968 1482.968 1482.968 1482.968 1482.968 1482.968
1483.328 1483.176 1483.025 1482.873 1482.729 1482.591 1482.453 1482.315 1482.187 1482.174 1482.16 1482.146 1482.132 1482.128 1482.133 1482.137 1482.142 1482.147 1482.156 1482.165 1482.175 1482.184 1482.202 1482.23 1482.258 1482.285 1482.313 1482.314 1482.314 1482.314 1482.314 1482.392 1482.571 1482.75 1482.93 1483.109 1483.134 1483.143 1483.153 1483.162 1483.18 1483.212 1483.245 1483.277 1483.309 1483.314 1483.314 1483.314 1483.314 1483.314 1483.314 1483.314 1483.314 1483.314 1483.314 1483.314 1483.314 1483.314 1483.314 1483.314 1483.314 1483.314 1483.314 1483.314
1483.518 1483.361 1483.203 1483.046 1482.907 1482.78 1482.653 1482.526 1482.406 1482.376 1482.346 1482.316 1482.286 1482.278 1482.288 1482.298 1482.308 1482.318 1482.339 1482.359 1482.379 1482.399 1482.439 1482.499 1482.559 1482.619 1482.679 1482.682 1482.682 1482.682 1482.682 1482.738 1482.869 1482.999 1483.13 1483.26 1483.291 1483.311 1483.331 1483.351 1483.39 1483.46 1483.53 1483.601 1483.671 1483.682 1483.682 1483.682 1483.682 1483.682 1483.682 1483.682 1483.682 1483.682 1483.682 1483.682 1483.682 1483.682 1483.682 1483.682 1483.682 1483.682 1483.682 1483.682
1483.708 1483.545 1483.382 1483.22 1483.085 1482.969 1482.853 1482.736 1482.626 1482.579 1482.533 1482.487 1482.44 1482.428 1482.444 1482.459 1482.474 1482.49 1482.521 1482.552 1482.583 1482.614 1482.675 1482.768 1482.86 1482.953 1483.046 1483.049 1483.049 1483.049 1483.049 1483.085 1483.167 1483.248 1483.33 1483.412 1483.448 1483.479 1483.509 1483.54 1483.6 1483.708 1483.816 1483.924 1484.033 1484.049 1484.049 1484.049 1484.049 1484.049 1484.049 1484.049 1484.049 1484.049 1484.049 1484.049 1484.049 1484.049 1484.049 1484.049 1484.049 1484.049 1484.049 1484.049
1483.898 1483.729 1483.562 1483.393 1483.263 1483.158 1483.052 1482.947 1482.845 1482.782 1482.72 1482.657 1482.595 1482.578 1482.599 1482.62 1482.641 1482.662 1482.704 1482.745 1482.787 1482.829 1482.911 1483.037 1483.162 1483.287 1483.412 1483.417 1483.417 1483.417 1483.417 1483.431 1483.464 1483.497 1483.53 1483.563 1483.604 1483.646 1483.688 1483.729 1483.81 1483.956 1484.102 1484.248 1484.394 1484.417 1484.417 1484.417 1484.417 1484.417 1484.417 1484.417 1484.417 1484.417 1484.417 1484.417 1484.417 1484.417 1484.417 1484.417 1484.417 1484.417 1484.417 1484.417
1484.087 1483.914 1483.74 1483.567 1483.442 1483.347 1483.252 1483.157 1483.065 1482.993 1482.921 1482.849 1482.777 1482.76 1482.788 1482.816 1482.844 1482.873 1482.922 1482.971 1483.02 1483.069 1483.165 1483.308 1483.452 1483.596 1483.74 1483.748 1483.752 1483.755 1483.759 1483.76 1483.76 1483.76 1483.76 1483.76 1483.805 1483.854 1483.903 1483.952 1484.043 1484.205 1484.366 1484.528 1484.689 1484.714 1484.714 1484.714 1484.714 1484.714 1484.714 1484.714 1484.714 1484.714 1484.714 1484.714 1484.714 1484.714 1484.714 1484.714 1484.714 1484.714 1484.714 1484.714
1484.277 1484.098 1483.919 1483.741 1483.62 1483.536 1483.452 1483.368 1483.285 1483.219 1483.152 1483.086 1483.02 1483.011 1483.05 1483.089 1483.127 1483.167 1483.216 1483.265 1483.314 1483.363 1483.453 1483.586 1483.719 1483.852 1483.985 1484.004 1484.018 1484.032 1484.046 1484.054 1484.054 1484.054 1484.054 1484.054 1484.099 1484.148 1484.197 1484.246 1484.325 1484.454 1484.583 1484.712 1484.841 1484.86 1484.86 1484.86 1484.86 1484.86 1484.86 1484.86 1484.86 1484.86 1484.86 1484.86 1484.86 1484.86 1484.86 1484.86 1484.86 1484.86 1484.86 1484.86
1484.467 1484.283 1484.098 1483.914 1483.797 1483.724 1483.651 1483.578 1483.506 1483.445 1483.384 1483.323 1483.262 1483.262 1483.312 1483.361 1483.411 1483.46 1483.51 1483.559 1483.608 1483.657 1483.742 1483.864 1483.986 1484.108 1484.23 1484.259 1484.284 1484.309 1484.334 1484.348 1484.348 1484.348 1484.348 1484.348 1484.393 1484.442 1484.491 1484.54 1484.607 1484.703 1484.8 1484.896 1484.993 1485.007 1485.007 1485.007 1485.007 1485.007 1485.007 1485.007 1485.007 1485.007 1485.007 1485.007 1485.007 1485.007 1485.007 1485.007 1485.007 1485.007 1485.007 1485.007
1484.657 1484.467 1484.277 1484.088 1483.976 1483.913 1483.851 1483.789 1483.727 1483.672 1483.616 1483.56 1483.505 1483.513 1483.573 1483.634 1483.694 1483.754 1483.803 1483.852 1483.901 1483.951 1484.03 1484.142 1484.253 1484.364 1484.476 1484.514 1484.55 1484.586 1484.622 1484.642 1484.642 1484.642 1484.642 1484.642 1484.687 1484.736 1484.785 1484.834 1484.889 1484.953 1485.017 1485.081 1485.145 1485.154 1485.154 1485.154 1485.154 1485.154 1485.154 1485.154 1485.154 1485.154 1485.154 1485.154 1485.154 1485.154 1485.154 1485.154 1485.154 1485.154 1485.154 1485.154
1484.847 1484.651 1484.456 1484.261 1484.154 1484.102 1484.051 1483.999 1483.948 1483.898 1483.848 1483.797 1483.747 1483.764 1483.835 1483.906 1483.978 1484.048 1484.097 1484.146 1484.195 1484.245 1484.319 1484.419 1484.52 1484.62 1484.721 1484.77 1484.816 1484.863 1484.91 1484.936 1484.936 1484.936 1484.936 1484.936 1484.981 1485.03 1485.079 1485.128 1485.17 1485.202 1485.233 1485.265 1485.297 1485.301 1485.301 1485.301 1485.301 1485.301 1485.301 1485.301 1485.301 1485.301 1485.301 1485.301 1485.301 1485.301 1485.301 1485.301 1485.301 1485.301 1485.301 1485.301
1485.036 1484.836 1484.635 1484.435 1484.332 1484.291 1484.25 1484.21 1484.169 1484.129 1484.088 1484.047 1484.007 1484.022 1484.083 1484.144 1484.205 1484.265 1484.306 1484.347 1484.387 1484.428 1484.507 1484.626 1484.746 1484.865 1484.984 1485.028 1485.068 1485.109 1485.15 1485.172 1485.172 1485.172 1485.172 1485.172 1485.209 1485.25 1485.291 1485.331 1485.378 1485.437 1485.495 1485.554 1485.612 1485.621 1485.621 1485.621 1485.621 1485.621 1485.621 1485.621 1485.621 1485.621 1485.621 1485.621 1485.621 1485.621 1485.621 1485.621 1485.621 1485.621 1485.621 1485.621
1485.226 1485.02 1484.814 1484.608 1484.51 1484.48 1484.45 1484.42 1484.391 1484.361 1484.331 1484.301 1484.271 1484.283 1484.327 1484.372 1484.417 1484.461 1484.491 1484.521 1484.55 1484.58 1484.667 1484.814 1484.96 1485.106 1485.253 1485.287 1485.317 1485.346 1485.376 1485.393 1485.393 1485.393 1485.393 1485.393 1485.42 1485.45 1485.479 1485.509 1485.566 1485.668 1485.769 1485.871 1485.973 1485.988 1485.988 1485.988 1485.988 1485.988 1485.988 1485.988 1485.988 1485.988 1485.988 1485.988 1485.988 1485.988 1485.988 1485.988 1485.988 1485.988 1485.988 1485.988
1485.416 1485.205 1484.993 1484.782 1484.688 1484.669 1484.65 1484.631 1484.612 1484.593 1484.574 1484.555 1484.536 1484.543 1484.572 1484.6 1484.629 1484.657 1484.676 1484.695 1484.714 1484.733 1484.828 1485.001 1485.174 1485.348 1485.521 1485.546 1485.565 1485.584 1485.603 1485.613 1485.613 1485.613 1485.613 1485.613 1485.631 1485.65 1485.669 1485.688 1485.754 1485.899 1486.044 1486.189 1486.334 1486.356 1486.356 1486.356 1486.356 1486.356 1486.356 1486.356 1486.356 1486.356 1486.356 1486.356 1486.356 1486.356 1486.356 1486.356 1486.356 1486.356 1486.356 1486.356
