data/zism_data/00596_03_D.txt
ncols         224
nrows         224
[rows 140 to 167 of 224, columns 126 to 188 of 224]
4510.484 4505.165 4499.194 4493.225 4487.255 4481.285 4476.879 4472.623 4468.366 4464.109 4459.751 4455.218 4450.686 4446.153 4441.621 4435.545 4429.145 4422.745 4416.345 4411.386 4410.087 4408.788 4407.489 4406.19 4406.27 4406.835 4407.401 4407.966 4408.495 4408.872 4409.249 4409.626 4410.003 4410.134 4410.134 4410.134 4410.134 4410.177 4410.575 4410.973 4411.372 4411.77 4412.061 4412.271 4412.48 4412.69 4412.87 4411.718 4410.565 4409.414 4408.261 4407.285 4406.499 4405.713 4404.928 4404.142 4403.758 4403.402 4403.046 4402.69 4402.401 4402.216 4402.031
4505.353 4500.479 4494.692 4488.905 4483.119 4477.332 4472.529 4467.82 4463.112 4458.403 4453.602 4448.645 4443.687 4438.729 4433.771 4428.529 4423.227 4417.924 4412.622 4408.524 4407.484 4406.443 4405.403 4404.362 4404.401 4404.822 4405.242 4405.662 4406.055 4406.335 4406.615 4406.895 4407.175 4407.273 4407.273 4407.273 4407.273 4407.309 4407.643 4407.976 4408.31 4408.643 4408.897 4409.09 4409.284 4409.478 4409.647 4408.753 4407.86 4406.966 4406.072 4405.3 4404.66 4404.019 4403.379 4402.739 4402.485 4402.258 4402.031 4401.805 4401.615 4401.484 4401.353
4500.221 4495.794 4490.19 4484.586 4478.982 4473.378 4468.179 4463.018 4457.857 4452.696 4447.454 4442.07 4436.688 4431.305 4425.922 4421.513 4417.309 4413.104 4408.9 4405.663 4404.881 4404.099 4403.316 4402.534 4402.533 4402.808 4403.083 4403.358 4403.615 4403.798 4403.981 4404.165 4404.348 4404.412 4404.412 4404.412 4404.412 4404.441 4404.709 4404.979 4405.247 4405.516 4405.733 4405.911 4406.088 4406.265 4406.425 4405.789 4405.154 4404.519 4403.883 4403.315 4402.82 4402.325 4401.83 4401.335 4401.212 4401.114 4401.017 4400.919 4400.83 4400.752 4400.675
4495.09 4491.109 4485.688 4480.267 4474.846 4469.425 4463.829 4458.216 4452.603 4446.99 4441.305 4435.497 4429.688 4423.88 4418.072 4414.496 4411.39 4408.284 4405.178 4402.801 4402.277 4401.753 4401.23 4400.706 4400.665 4400.794 4400.924 4401.054 4401.175 4401.261 4401.348 4401.434 4401.52 4401.55 4401.55 4401.55 4401.55 4401.572 4401.777 4401.981 4402.185 4402.39 4402.569 4402.73 4402.892 4403.053 4403.202 4402.825 4402.448 4402.071 4401.694 4401.33 4400.98 4400.631 4400.281 4399.932 4399.938 4399.97 4400.002 4400.034 4400.043 4400.02 4399.997
4490.34 4486.741 4481.482 4476.223 4470.964 4465.705 4459.747 4453.723 4447.699 4441.675 4435.604 4429.452 4423.301 4417.149 4410.998 4408.2 4406.107 4404.015 4401.922 4400.338 4400.042 4399.747 4399.452 4399.157 4399.076 4399.071 4399.065 4399.06 4399.054 4399.047 4399.041 4399.033 4399.026 4399.021 4399.015 4399.01 4399.005 4399.016 4399.159 4399.302 4399.445 4399.588 4399.73 4399.871 4400.012 4400.153 4400.287 4400.14 4399.992 4399.844 4399.696 4399.511 4399.286 4399.06 4398.835 4398.609 4398.726 4398.866 4399.007 4399.147 4399.239 4399.255 4399.271
4488.723 4484.975 4479.706 4474.436 4469.166 4463.896 4457.869 4451.77 4445.67 4439.57 4433.573 4427.75 4421.927 4416.104 4410.281 4407.806 4406.037 4404.267 4402.498 4401.14 4400.829 4400.518 4400.206 4399.895 4399.773 4399.72 4399.666 4399.612 4399.555 4399.484 4399.412 4399.34 4399.269 4399.209 4399.155 4399.102 4399.048 4399.012 4399.123 4399.234 4399.345 4399.456 4399.553 4399.64 4399.727 4399.814 4399.896 4399.737 4399.579 4399.42 4399.261 4399.047 4398.774 4398.5 4398.226 4397.952 4398.01 4398.091 4398.173 4398.254 4398.28 4398.221 4398.162
4487.105 4483.209 4477.929 4472.648 4467.368 4462.087 4455.99 4449.815 4443.641 4437.466 4431.542 4426.047 4420.553 4415.058 4409.563 4407.413 4405.966 4404.52 4403.073 4401.942 4401.615 4401.288 4400.96 4400.632 4400.471 4400.369 4400.267 4400.165 4400.056 4399.92 4399.784 4399.647 4399.512 4399.397 4399.295 4399.193 4399.091 4399.008 4399.087 4399.166 4399.244 4399.323 4399.376 4399.409 4399.442 4399.476 4399.504 4399.335 4399.166 4398.996 4398.827 4398.584 4398.262 4397.939 4397.617 4397.295 4397.295 4397.316 4397.338 4397.36 4397.321 4397.187 4397.052
4485.488 4481.444 4476.152 4470.861 4465.57 4460.279 4454.112 4447.862 4441.611 4435.361 4429.511 4424.345 4419.179 4414.012 4408.846 4407.019 4405.896 4404.772 4403.648 4402.745 4402.401 4402.058 4401.714 4401.37 4401.169 4401.019 4400.868 4400.717 4400.557 4400.356 4400.155 4399.955 4399.754 4399.586 4399.436 4399.285 4399.134 4399.005 4399.051 4399.098 4399.144 4399.19 4399.199 4399.178 4399.158 4399.137 4399.113 4398.933 4398.752 4398.572 4398.392 4398.121 4397.75 4397.379 4397.009 4396.638 4396.579 4396.542 4396.504 4396.467 4396.362 4396.153 4395.943
4483.871 4479.678 4474.376 4469.074 4463.772 4458.47 4452.233 4445.908 4439.582 4433.256 4427.48 4422.643 4417.805 4412.966 4408.128 4406.625 4405.825 4405.024 4404.224 4403.547 4403.188 4402.828 4402.468 4402.108 4401.867 4401.668 4401.469 4401.27 4401.058 4400.792 4400.527 4400.262 4399.997 4399.774 4399.576 4399.376 4399.177 4399.001 4399.016 4399.03 4399.043 4399.058 4399.022 4398.947 4398.873 4398.798 4398.722 4398.531 4398.339 4398.148 4397.958 4397.657 4397.238 4396.819 4396.4 4395.981 4395.863 4395.767 4395.67 4395.574 4395.404 4395.119 4394.833
4483.892 4479.708 4474.605 4469.503 4464.4 4459.297 4453.37 4447.365 4441.359 4435.354 4429.954 4425.587 4421.22 4416.854 4412.487 4411.205 4410.571 4409.938 4409.306 4408.704 4408.182 4407.66 4407.138 4406.616 4406.101 4405.589 4405.077 4404.565 4404.035 4403.431 4402.827 4402.224 4401.62 4401.088 4400.594 4400.1 4399.606 4399.162 4399.125 4399.089 4399.052 4399.016 4399.014 4399.038 4399.062 4399.085 4399.104 4398.915 4398.725 4398.536 4398.346 4397.98 4397.421 4396.862 4396.303 4395.745 4395.522 4395.324 4395.126 4394.928 4394.648 4394.242 4393.836
4485.174 4481.12 4476.378 4471.636 4466.894 4462.151 4456.826 4451.445 4446.063 4440.683 4435.891 4432.105 4428.32 4424.535 4420.749 4419.608 4419.023 4418.439 4417.854 4417.21 4416.414 4415.617 4414.821 4414.024 4413.056 4412.027 4410.998 4409.969 4408.916 4407.764 4406.611 4405.458 4404.305 4403.266 4402.288 4401.31 4400.332 4399.448 4399.347 4399.246 4399.145 4399.044 4399.135 4399.375 4399.614 4399.853 4400.083 4399.904 4399.725 4399.546 4399.368 4398.907 4398.138 4397.369 4396.6 4395.832 4395.47 4395.137 4394.805 4394.472 4394.049 4393.487 4392.925
4486.457 4482.532 4478.15 4473.769 4469.387 4465.006 4460.282 4455.525 4450.768 4446.011 4441.828 4438.624 4435.42 4432.216 4429.012 4428.012 4427.476 4426.94 4426.404 4425.716 4424.646 4423.574 4422.503 4421.432 4420.011 4418.465 4416.919 4415.374 4413.798 4412.096 4410.394 4408.692 4406.991 4405.445 4403.982 4402.52 4401.057 4399.735 4399.569 4399.403 4399.238 4399.072 4399.257 4399.711 4400.166 4400.62 4401.061 4400.893 4400.725 4400.557 4400.389 4399.833 4398.854 4397.876 4396.897 4395.918 4395.418 4394.95 4394.483 4394.016 4393.45 4392.731 4392.013
4487.739 4483.944 4479.923 4475.902 4471.881 4467.86 4463.737 4459.605 4455.473 4451.34 4447.766 4445.143 4442.52 4439.897 4437.274 4436.416 4435.928 4435.44 4434.953 4434.223 4432.877 4431.532 4430.186 4428.84 4426.965 4424.903 4422.841 4420.778 4418.679 4416.429 4414.178 4411.927 4409.676 4407.624 4405.676 4403.729 4401.782 4400.021 4399.791 4399.561 4399.331 4399.1 4399.378 4400.048 4400.718 4401.388 4402.04 4401.882 4401.725 4401.568 4401.411 4400.76 4399.572 4398.383 4397.194 4396.006 4395.365 4394.763 4394.162 4393.56 4392.851 4391.977 4391.102
4488.987 4485.333 4481.685 4478.036 4474.388 4470.739 4467.227 4463.726 4460.226 4456.726 4453.765 4451.723 4449.681 4447.639 4445.598 4444.88 4444.441 4444.001 4443.563 4442.79 4441.169 4439.549 4437.929 4436.309 4433.981 4431.405 4428.828 4426.251 4423.631 4420.832 4418.032 4415.232 4412.433 4409.876 4407.449 4405.022 4402.595 4400.4 4400.105 4399.811 4399.517 4399.222 4399.594 4400.478 4401.362 4402.246 4403.108 4402.96 4402.813 4402.666 4402.518 4401.769 4400.362 4398.955 4397.548 4396.141 4395.358 4394.619 4393.88 4393.141 4392.288 4391.258 4390.229
4488.686 4485.677 4482.944 4480.21 4477.477 4474.744 4472.21 4469.695 4467.179 4464.664 4462.535 4461.063 4459.592 4458.121 4456.65 4456.076 4455.691 4455.306 4454.92 4454.105 4452.2 4450.294 4448.389 4446.483 4443.775 4440.784 4437.793 4434.802 4431.743 4428.405 4425.067 4421.729 4418.392 4415.469 4412.767 4410.065 4407.364 4404.919 4404.582 4404.245 4403.907 4403.569 4404.02 4405.076 4406.132 4407.189 4408.218 4408.039 4407.859 4407.679 4407.5 4406.45 4404.451 4402.452 4400.453 4398.454 4397.396 4396.404 4395.412 4394.42 4393.367 4392.219 4391.07
4488.384 4486.021 4484.203 4482.385 4480.567 4478.749 4477.193 4475.663 4474.133 4472.603 4471.305 4470.404 4469.504 4468.603 4467.703 4467.272 4466.941 4466.609 4466.278 4465.421 4463.23 4461.04 4458.849 4456.658 4453.569 4450.164 4446.758 4443.352 4439.854 4435.979 4432.102 4428.226 4424.35 4421.061 4418.085 4415.109 4412.133 4409.439 4409.059 4408.678 4408.297 4407.917 4408.446 4409.674 4410.903 4412.132 4413.329 4413.117 4412.905 4412.693 4412.481 4411.131 4408.54 4405.949 4403.358 4400.767 4399.434 4398.189 4396.944 4395.699 4394.445 4393.179 4391.912
4488.083 4486.366 4485.462 4484.56 4483.656 4482.753 4482.177 4481.631 4481.086 4480.541 4480.076 4479.746 4479.415 4479.085 4478.755 4478.468 4478.191 4477.913 4477.636 4476.737 4474.261 4471.785 4469.309 4466.833 4463.363 4459.543 4455.723 4451.902 4447.966 4443.552 4439.138 4434.723 4430.309 4426.653 4423.403 4420.152 4416.902 4413.958 4413.535 4413.111 4412.688 4412.264 4412.872 4414.272 4415.673 4417.074 4418.439 4418.195 4417.951 4417.707 4417.462 4415.813 4412.629 4409.446 4406.263 4403.08 4401.472 4399.974 4398.476 4396.978 4395.524 4394.139 4392.754
4487.781 4486.71 4486.722 4486.734 4486.746 4486.757 4487.16 4487.6 4488.04 4488.479 4488.846 4489.086 4489.327 4489.567 4489.807 4489.664 4489.44 4489.217 4488.993 4488.052 4485.291 4482.529 4479.768 4477.007 4473.157 4468.922 4464.688 4460.453 4456.078 4451.125 4446.173 4441.22 4436.268 4432.246 4428.721 4425.196 4421.67 4418.478 4418.011 4417.545 4417.078 4416.611 4417.298 4418.871 4420.444 4422.017 4423.55 4423.273 4422.997 4422.72 4422.443 4420.494 4416.718 4412.943 4409.168 4405.393 4403.51 4401.759 4400.008 4398.257 4396.603 4395.099 4393.596
4488.143 4487.591 4488.309 4489.027 4489.746 4490.464 4492.011 4493.636 4495.262 4496.888 4498.227 4499.076 4499.926 4500.775 4501.625 4501.564 4501.312 4501.06 4500.807 4499.725 4496.537 4493.349 4490.161 4486.973 4482.676 4477.988 4473.301 4468.613 4463.805 4458.499 4453.194 4447.888 4442.583 4438.436 4434.906 4431.377 4427.848 4424.657 4424.24 4423.823 4423.406 4422.989 4423.664 4425.181 4426.697 4428.213 4429.689 4429.378 4429.066 4428.755 4428.443 4426.318 4422.213 4418.108 4414.004 4409.899 4407.595 4405.416 4403.236 4401.058 4399.031 4397.242 4395.453
4489.229 4489.057 4490.254 4491.451 4492.648 4493.846 4496.717 4499.748 4502.778 4505.809 4508.273 4509.774 4511.275 4512.776 4514.277 4514.231 4513.861 4513.49 4513.12 4511.788 4508.019 4504.25 4500.48 4496.71 4491.896 4486.713 4481.531 4476.348 4471.111 4465.655 4460.199 4454.743 4449.287 4445.277 4442.038 4438.799 4435.561 4432.646 4432.379 4432.113 4431.846 4431.58 4432.148 4433.357 4434.566 4435.776 4436.952 4436.603 4436.253 4435.904 4435.555 4433.389 4429.241 4425.094 4420.946 4416.798 4413.912 4411.114 4408.316 4405.518 4402.932 4400.674 4398.417
4490.315 4490.522 4492.199 4493.875 4495.551 4497.228 4501.423 4505.858 4510.294 4514.729 4518.321 4520.473 4522.625 4524.777 4526.929 4526.899 4526.41 4525.921 4525.432 4523.852 4519.5 4515.15 4510.799 4506.448 4501.116 4495.438 4489.76 4484.083 4478.418 4472.812 4467.205 4461.598 4455.991 4452.118 4449.17 4446.222 4443.274 4440.634 4440.518 4440.403 4440.287 4440.171 4440.631 4441.534 4442.437 4443.339 4444.214 4443.827 4443.44 4443.053 4442.666 4440.46 4436.27 4432.079 4427.888 4423.697 4420.23 4416.813 4413.396 4409.979 4406.833 4404.106 4401.381
4491.402 4491.988 4494.144 4496.299 4498.454 4500.609 4506.129 4511.969 4517.81 4523.649 4528.368 4531.171 4533.974 4536.777 4539.581 4539.566 4538.959 4538.352 4537.744 4535.914 4530.982 4526.05 4521.118 4516.186 4510.336 4504.163 4497.99 4491.817 4485.725 4479.968 4474.21 4468.452 4462.694 4458.959 4456.302 4453.645 4450.987 4448.623 4448.658 4448.692 4448.728 4448.763 4449.115 4449.71 4450.306 4450.902 4451.476 4451.051 4450.626 4450.202 4449.777 4447.531 4443.297 4439.063 4434.83 4430.596 4426.547 4422.511 4418.476 4414.439 4410.733 4407.539 4404.345
4492.488 4493.454 4496.088 4498.723 4501.357 4503.992 4510.835 4518.081 4525.325 4532.57 4538.415 4541.869 4545.324 4548.778 4552.233 4552.234 4551.508 4550.782 4550.056 4547.978 4542.464 4536.95 4531.437 4525.923 4519.557 4512.888 4506.22 4499.552 4493.032 4487.124 4481.215 4475.307 4469.398 4465.8 4463.434 4461.067 4458.7 4456.611 4456.797 4456.982 4457.168 4457.354 4457.598 4457.887 4458.176 4458.465 4458.738 4458.276 4457.813 4457.351 4456.889 4454.603 4450.326 4446.049 4441.772 4437.495 4432.865 4428.21 4423.555 4418.9 4414.634 4410.971 4407.309
4495.267 4496.738 4500.229 4503.72 4507.21 4510.701 4518.324 4526.339 4534.355 4542.371 4548.708 4552.179 4555.651 4559.123 4562.595 4562.543 4561.749 4560.955 4560.161 4557.979 4552.271 4546.564 4540.856 4535.149 4528.298 4521.044 4513.791 4506.536 4499.507 4493.403 4487.299 4481.194 4475.09 4471.603 4469.512 4467.421 4465.33 4463.522 4464.04 4464.558 4465.075 4465.593 4466.041 4466.436 4466.831 4467.225 4467.601 4467.126 4466.652 4466.177 4465.702 4463.338 4458.913 4454.487 4450.062 4445.636 4440.732 4435.795 4430.859 4425.922 4421.314 4417.219 4413.124
4498.164 4500.149 4504.523 4508.896 4513.27 4517.643 4526.006 4534.748 4543.491 4552.233 4559.018 4562.463 4565.908 4569.353 4572.798 4572.688 4571.829 4570.97 4570.112 4567.836 4561.961 4556.087 4550.213 4544.339 4537.007 4529.161 4521.315 4513.469 4505.925 4499.621 4493.317 4487.014 4480.71 4477.333 4475.517 4473.7 4471.884 4470.358 4471.22 4472.083 4472.945 4473.807 4474.481 4475.01 4475.54 4476.069 4476.576 4476.091 4475.605 4475.12 4474.634 4472.189 4467.608 4463.026 4458.445 4453.863 4448.708 4443.513 4438.317 4433.123 4428.189 4423.663 4419.137
4501.061 4503.561 4508.816 4514.073 4519.329 4524.585 4533.688 4543.157 4552.626 4562.095 4569.328 4572.746 4576.164 4579.582 4583.0 4582.832 4581.909 4580.986 4580.063 4577.693 4571.652 4565.611 4559.57 4553.529 4545.716 4537.278 4528.839 4520.401 4512.342 4505.839 4499.336 4492.834 4486.331 4483.064 4481.521 4479.979 4478.438 4477.194 4478.401 4479.607 4480.814 4482.021 4482.92 4483.584 4484.248 4484.912 4485.551 4485.055 4484.558 4484.062 4483.566 4481.041 4476.303 4471.565 4466.828 4462.09 4456.683 4451.23 4445.776 4440.323 4435.063 4430.107 4425.151
4503.958 4506.972 4513.11 4519.249 4525.388 4531.527 4541.37 4551.565 4561.762 4571.958 4579.638 4583.029 4586.42 4589.812 4593.203 4592.977 4591.989 4591.001 4590.013 4587.55 4581.342 4575.134 4568.926 4562.719 4554.425 4545.394 4536.364 4527.333 4518.759 4512.057 4505.355 4498.654 4491.952 4488.794 4487.527 4486.259 4484.992 4484.03 4485.582 4487.132 4488.684 4490.234 4491.36 4492.159 4492.957 4493.756 4494.526 4494.019 4493.512 4493.005 4492.498 4489.893 4484.999 4480.105 4475.211 4470.317 4464.659 4458.947 4453.235 4447.523 4441.938 4436.551 4431.164
4509.203 4512.623 4519.396 4526.169 4532.942 4539.715 4549.806 4560.212 4570.619 4581.025 4588.817 4592.15 4595.482 4598.815 4602.148 4601.907 4600.913 4599.92 4598.927 4596.46 4590.256 4584.052 4577.848 4571.644 4563.099 4553.727 4544.355 4534.983 4526.066 4519.02 4511.974 4504.928 4497.881 4494.714 4493.616 4492.518 4491.419 4490.644 4492.519 4494.393 4496.268 4498.142 4499.522 4500.523 4501.523 4502.524 4503.49 4502.926 4502.362 4501.798 4501.233 4498.553 4493.564 4488.576 4483.587 4478.598 4472.818 4466.982 4461.147 4455.312 4449.518 4443.788 4438.059
