data/zism_data/00591_02_D.txt
ncols         224
nrows         224
[rows 56 to 83 of 224, columns 126 to 188 of 224]
4340.661 4348.902 4357.143 4365.384 4372.101 4376.951 4381.801 4386.651 4391.5 4390.645 4389.245 4387.845 4386.445 4383.45 4377.817 4372.183 4366.55 4360.916 4353.684 4346.149 4338.614 4331.08 4323.719 4316.759 4309.798 4302.837 4295.876 4289.781 4283.946 4278.112 4272.278 4266.6 4261.44 4256.28 4251.12 4245.959 4241.992 4238.547 4235.102 4231.656 4228.558 4227.292 4226.026 4224.761 4223.495 4222.017 4220.411 4218.804 4217.198 4215.582 4213.863 4212.144 4210.424 4208.705 4206.156 4202.931 4199.706 4196.481 4193.199 4186.063 4178.927 4171.791 4164.655
4341.459 4350.138 4358.816 4367.494 4374.453 4379.302 4384.152 4389.002 4393.852 4392.966 4391.534 4390.102 4388.67 4385.74 4380.333 4374.927 4369.52 4364.113 4356.99 4349.542 4342.093 4334.645 4327.332 4320.327 4313.323 4306.319 4299.315 4293.351 4287.7 4282.049 4276.399 4270.879 4265.795 4260.71 4255.626 4250.542 4246.571 4243.087 4239.604 4236.121 4232.949 4231.419 4229.889 4228.358 4226.828 4225.099 4223.25 4221.4 4219.551 4217.699 4215.823 4213.947 4212.072 4210.196 4207.556 4204.293 4201.03 4197.767 4194.449 4187.351 4180.252 4173.154 4166.056
4342.258 4351.374 4360.489 4369.605 4376.804 4381.654 4386.504 4391.354 4396.204 4395.288 4393.824 4392.359 4390.895 4388.03 4382.85 4377.67 4372.49 4367.311 4360.296 4352.934 4345.572 4338.209 4330.943 4323.896 4316.849 4309.802 4302.754 4296.921 4291.454 4285.987 4280.52 4275.159 4270.15 4265.141 4260.132 4255.124 4251.149 4247.628 4244.107 4240.586 4237.341 4235.546 4233.751 4231.956 4230.161 4228.181 4226.088 4223.996 4221.904 4219.816 4217.784 4215.751 4213.719 4211.687 4208.956 4205.655 4202.354 4199.054 4195.698 4188.638 4181.578 4174.517 4167.457
4342.292 4351.381 4360.472 4369.562 4376.755 4381.623 4386.491 4391.359 4396.227 4395.603 4394.455 4393.308 4392.16 4389.62 4384.776 4379.932 4375.087 4370.243 4363.393 4356.163 4348.932 4341.702 4334.489 4327.317 4320.145 4312.973 4305.801 4299.825 4294.21 4288.595 4282.98 4277.491 4272.417 4267.343 4262.269 4257.195 4253.105 4249.447 4245.788 4242.129 4238.745 4236.803 4234.862 4232.92 4230.979 4228.922 4226.795 4224.669 4222.542 4220.418 4218.325 4216.231 4214.137 4212.043 4209.314 4206.067 4202.819 4199.571 4196.274 4189.592 4182.909 4176.227 4169.545
4342.18 4351.156 4360.133 4369.109 4376.25 4381.14 4386.029 4390.919 4395.809 4395.536 4394.772 4394.008 4393.244 4391.077 4386.589 4382.101 4377.613 4373.125 4366.451 4359.36 4352.271 4345.181 4338.023 4330.71 4323.398 4316.085 4308.773 4302.603 4296.777 4290.952 4285.126 4279.454 4274.288 4269.122 4263.957 4258.791 4254.564 4250.749 4246.934 4243.118 4239.582 4237.516 4235.451 4233.385 4231.319 4229.219 4227.098 4224.977 4222.856 4220.733 4218.597 4216.459 4214.323 4212.186 4209.476 4206.298 4203.121 4199.943 4196.721 4190.482 4184.242 4178.003 4171.763
4342.068 4350.931 4359.794 4368.658 4375.745 4380.657 4385.568 4390.479 4395.39 4395.47 4395.089 4394.708 4394.328 4392.534 4388.402 4384.271 4380.14 4376.008 4369.508 4362.558 4355.609 4348.659 4341.556 4334.104 4326.65 4319.198 4311.745 4305.38 4299.344 4293.308 4287.272 4281.417 4276.159 4270.901 4265.644 4260.386 4256.023 4252.051 4248.079 4244.107 4240.419 4238.229 4236.04 4233.85 4231.66 4229.516 4227.401 4225.285 4223.169 4221.048 4218.868 4216.688 4214.508 4212.328 4209.637 4206.529 4203.422 4200.315 4197.168 4191.372 4185.575 4179.778 4173.981
4341.956 4350.706 4359.456 4368.206 4375.241 4380.173 4385.106 4390.039 4394.972 4395.403 4395.406 4395.409 4395.412 4393.991 4390.216 4386.441 4382.666 4378.891 4372.565 4365.756 4358.947 4352.138 4345.09 4337.497 4329.903 4322.31 4314.716 4308.158 4301.911 4295.665 4289.418 4283.379 4278.03 4272.681 4267.331 4261.982 4257.482 4253.353 4249.225 4245.096 4241.257 4238.943 4236.629 4234.314 4232.0 4229.813 4227.703 4225.593 4223.483 4221.363 4219.14 4216.916 4214.693 4212.469 4209.798 4206.761 4203.724 4200.687 4197.616 4192.262 4186.908 4181.554 4176.2
4341.8 4350.436 4359.073 4367.709 4374.692 4379.648 4384.604 4389.56 4394.516 4395.258 4395.598 4395.938 4396.278 4395.185 4391.722 4388.259 4384.796 4381.333 4375.145 4368.44 4361.735 4355.03 4348.002 4340.238 4332.473 4324.708 4316.943 4310.162 4303.679 4297.195 4290.711 4284.456 4278.954 4273.452 4267.95 4262.448 4257.785 4253.488 4249.191 4244.895 4240.903 4238.522 4236.142 4233.761 4231.38 4229.222 4227.197 4225.173 4223.149 4221.11 4218.921 4216.731 4214.542 4212.353 4209.746 4206.799 4203.852 4200.904 4197.927 4192.899 4187.872 4182.844 4177.816
4341.541 4350.064 4358.587 4367.11 4374.043 4379.026 4384.009 4388.992 4393.975 4394.931 4395.503 4396.076 4396.648 4395.779 4392.526 4389.274 4386.021 4382.769 4376.632 4369.949 4363.266 4356.583 4349.496 4341.488 4333.48 4325.473 4317.464 4310.399 4303.619 4296.838 4290.058 4283.506 4277.713 4271.919 4266.125 4260.332 4255.445 4250.954 4246.463 4241.972 4237.828 4235.512 4233.196 4230.88 4228.564 4226.598 4224.843 4223.089 4221.335 4219.561 4217.582 4215.604 4213.625 4211.646 4209.208 4206.396 4203.583 4200.771 4197.928 4192.959 4187.991 4183.023 4178.054
4341.282 4349.692 4358.102 4366.511 4373.394 4378.404 4383.414 4388.424 4393.434 4394.604 4395.409 4396.213 4397.018 4396.373 4393.331 4390.289 4387.247 4384.205 4378.12 4371.458 4364.797 4358.135 4350.99 4342.739 4334.488 4326.237 4317.986 4310.637 4303.559 4296.482 4289.404 4282.557 4276.472 4270.387 4264.301 4258.216 4253.105 4248.42 4243.734 4239.049 4234.752 4232.5 4230.25 4227.998 4225.747 4223.974 4222.489 4221.005 4219.521 4218.012 4216.244 4214.475 4212.707 4210.939 4208.67 4205.993 4203.315 4200.639 4197.929 4193.02 4188.111 4183.202 4178.293
4341.023 4349.32 4357.616 4365.913 4372.745 4377.782 4382.819 4387.856 4392.893 4394.277 4395.314 4396.351 4397.387 4396.966 4394.135 4391.304 4388.472 4385.641 4379.608 4372.968 4366.328 4359.688 4352.483 4343.99 4335.496 4327.002 4318.508 4310.874 4303.5 4296.125 4288.75 4281.607 4275.231 4268.854 4262.478 4256.101 4250.766 4245.886 4241.006 4236.126 4231.676 4229.49 4227.303 4225.117 4222.931 4221.35 4220.135 4218.921 4217.707 4216.462 4214.905 4213.347 4211.79 4210.232 4208.132 4205.59 4203.048 4200.505 4197.93 4193.08 4188.23 4183.381 4178.531
4340.765 4348.948 4357.131 4365.313 4372.096 4377.16 4382.224 4387.288 4392.352 4393.951 4395.219 4396.488 4397.757 4397.56 4394.939 4392.318 4389.698 4387.077 4381.096 4374.477 4367.859 4361.24 4353.977 4345.24 4336.503 4327.767 4319.03 4311.111 4303.44 4295.769 4288.097 4280.658 4273.99 4267.322 4260.653 4253.985 4248.426 4243.352 4238.278 4233.204 4228.6 4226.479 4224.357 4222.235 4220.114 4218.726 4217.781 4216.837 4215.893 4214.913 4213.566 4212.219 4210.872 4209.525 4207.594 4205.187 4202.78 4200.373 4197.931 4193.141 4188.35 4183.56 4178.77
4339.046 4347.065 4355.085 4363.105 4369.945 4375.339 4380.733 4386.127 4391.521 4393.345 4394.83 4396.314 4397.798 4397.778 4395.268 4392.758 4390.249 4387.739 4381.727 4375.051 4368.375 4361.7 4354.371 4345.549 4336.727 4327.904 4319.082 4310.903 4302.918 4294.933 4286.948 4279.174 4272.098 4265.022 4257.946 4250.87 4245.04 4239.755 4234.47 4229.185 4224.429 4222.468 4220.507 4218.545 4216.584 4215.489 4214.918 4214.348 4213.777 4213.157 4212.029 4210.901 4209.773 4208.645 4206.887 4204.615 4202.342 4200.07 4197.762 4193.023 4188.284 4183.545 4178.806
4336.886 4344.728 4352.569 4360.411 4367.342 4373.157 4378.972 4384.787 4390.602 4392.655 4394.351 4396.045 4397.74 4397.882 4395.453 4393.024 4390.596 4388.167 4382.1 4375.343 4368.586 4361.83 4354.433 4345.573 4336.713 4327.853 4318.993 4310.561 4302.257 4293.953 4285.649 4277.528 4270.009 4262.49 4254.972 4247.453 4241.338 4235.836 4230.335 4224.834 4219.928 4218.156 4216.383 4214.611 4212.838 4212.067 4211.901 4211.736 4211.57 4211.34 4210.433 4209.526 4208.62 4207.713 4206.128 4203.991 4201.854 4199.716 4197.542 4192.852 4188.161 4183.471 4178.78
4334.727 4342.39 4350.054 4357.717 4364.739 4370.975 4377.211 4383.448 4389.684 4391.966 4393.872 4395.777 4397.683 4397.985 4395.638 4393.29 4390.942 4388.595 4382.473 4375.635 4368.797 4361.959 4354.495 4345.597 4336.699 4327.802 4318.904 4310.218 4301.595 4292.974 4284.351 4275.882 4267.92 4259.959 4251.998 4244.036 4237.636 4231.919 4226.202 4220.485 4215.427 4213.843 4212.26 4210.676 4209.093 4208.646 4208.885 4209.124 4209.363 4209.522 4208.836 4208.151 4207.466 4206.78 4205.37 4203.368 4201.365 4199.363 4197.322 4192.681 4188.039 4183.397 4178.755
4332.567 4340.052 4347.538 4355.022 4362.136 4368.793 4375.451 4382.108 4388.765 4391.276 4393.393 4395.509 4397.625 4398.089 4395.823 4393.556 4391.29 4389.022 4382.846 4375.927 4369.008 4362.089 4354.557 4345.622 4336.686 4327.75 4318.814 4309.875 4300.934 4291.994 4283.053 4274.236 4265.832 4257.428 4249.023 4240.619 4233.934 4228.001 4222.068 4216.135 4210.925 4209.531 4208.137 4206.742 4205.348 4205.224 4205.868 4206.512 4207.156 4207.704 4207.24 4206.776 4206.312 4205.848 4204.611 4202.744 4200.877 4199.01 4197.103 4192.509 4187.916 4183.323 4178.729
4330.665 4338.187 4345.71 4353.232 4360.497 4367.447 4374.396 4381.346 4388.295 4390.942 4393.179 4395.415 4397.651 4398.227 4396.053 4393.88 4391.707 4389.534 4383.293 4376.281 4369.269 4362.256 4354.647 4345.672 4336.698 4327.723 4318.748 4309.612 4300.426 4291.241 4282.055 4272.961 4264.169 4255.377 4246.585 4237.793 4230.846 4224.706 4218.565 4212.425 4207.061 4205.788 4204.515 4203.242 4201.969 4202.1 4203.08 4204.061 4205.041 4205.915 4205.672 4205.43 4205.187 4204.944 4203.884 4202.157 4200.43 4198.702 4196.934 4192.378 4187.822 4183.266 4178.71
4329.616 4337.889 4346.163 4354.436 4362.053 4368.868 4375.683 4382.497 4389.312 4391.784 4393.842 4395.9 4397.958 4398.473 4396.435 4394.397 4392.359 4390.321 4383.988 4376.841 4369.693 4362.546 4354.83 4345.812 4336.794 4327.776 4318.758 4309.612 4300.426 4291.241 4282.055 4272.914 4263.917 4254.919 4245.922 4236.925 4229.791 4223.473 4217.154 4210.835 4205.305 4203.93 4202.554 4201.178 4199.803 4199.962 4201.051 4202.139 4203.228 4204.219 4204.198 4204.177 4204.156 4204.134 4203.26 4201.689 4200.119 4198.548 4196.934 4192.378 4187.822 4183.266 4178.71
4328.568 4337.591 4346.615 4355.639 4363.609 4370.289 4376.968 4383.648 4390.328 4392.625 4394.505 4396.385 4398.266 4398.72 4396.817 4394.914 4393.011 4391.107 4384.683 4377.4 4370.118 4362.836 4355.013 4345.952 4336.89 4327.829 4318.768 4309.612 4300.426 4291.241 4282.055 4272.866 4263.664 4254.461 4245.258 4236.056 4228.736 4222.239 4215.743 4209.246 4203.55 4202.072 4200.593 4199.115 4197.637 4197.825 4199.022 4200.218 4201.415 4202.524 4202.724 4202.924 4203.125 4203.325 4202.636 4201.222 4199.808 4198.394 4196.934 4192.378 4187.822 4183.266 4178.71
4327.52 4337.293 4347.068 4356.842 4365.165 4371.71 4378.254 4384.799 4391.344 4393.467 4395.168 4396.871 4398.572 4398.967 4397.199 4395.431 4393.662 4391.894 4385.377 4377.96 4370.543 4363.126 4355.195 4346.091 4336.987 4327.882 4318.778 4309.612 4300.426 4291.241 4282.055 4272.818 4263.411 4254.003 4244.595 4235.188 4227.681 4221.006 4214.332 4207.657 4201.794 4200.213 4198.633 4197.052 4195.471 4195.688 4196.993 4198.297 4199.601 4200.829 4201.25 4201.672 4202.093 4202.515 4202.012 4200.754 4199.497 4198.239 4196.934 4192.378 4187.822 4183.266 4178.71
4326.471 4336.996 4347.521 4358.045 4366.721 4373.131 4379.541 4385.95 4392.359 4394.308 4395.832 4397.356 4398.879 4399.214 4397.581 4395.947 4394.314 4392.681 4386.072 4378.52 4370.968 4363.416 4355.378 4346.23 4337.083 4327.936 4318.788 4309.612 4300.426 4291.241 4282.055 4272.771 4263.158 4253.545 4243.932 4234.319 4226.626 4219.773 4212.92 4206.067 4200.039 4198.355 4196.672 4194.989 4193.305 4193.551 4194.963 4196.375 4197.788 4199.133 4199.776 4200.419 4201.062 4201.705 4201.388 4200.287 4199.186 4198.085 4196.934 4192.378 4187.822 4183.266 4178.71
4327.646 4338.669 4349.692 4360.716 4369.481 4375.478 4381.475 4387.471 4393.468 4395.094 4396.305 4397.515 4398.726 4398.812 4397.04 4395.267 4393.495 4391.722 4384.972 4377.277 4369.583 4361.888 4353.747 4344.586 4335.426 4326.265 4317.104 4307.925 4298.739 4289.554 4280.369 4271.059 4261.338 4251.618 4241.898 4232.177 4224.532 4217.793 4211.056 4204.317 4198.369 4196.587 4194.805 4193.022 4191.24 4191.456 4192.878 4194.301 4195.723 4197.088 4197.847 4198.606 4199.366 4200.125 4199.915 4198.914 4197.914 4196.913 4195.86 4191.286 4186.711 4182.136 4177.561
4329.792 4341.204 4352.617 4364.029 4372.768 4378.23 4383.692 4389.154 4394.616 4395.856 4396.694 4397.532 4398.37 4398.126 4396.095 4394.063 4392.032 4390.0 4383.086 4375.245 4367.405 4359.564 4351.322 4342.162 4333.001 4323.84 4314.68 4305.5 4296.314 4287.129 4277.943 4268.619 4258.834 4249.049 4239.263 4229.479 4221.982 4215.487 4208.992 4202.497 4196.737 4194.858 4192.979 4191.099 4189.22 4189.377 4190.768 4192.158 4193.548 4194.89 4195.719 4196.548 4197.378 4198.207 4198.07 4197.145 4196.22 4195.295 4194.317 4189.715 4185.113 4180.512 4175.91
4331.939 4343.74 4355.541 4367.342 4376.055 4380.982 4385.91 4390.837 4395.765 4396.619 4397.084 4397.549 4398.015 4397.441 4395.15 4392.859 4390.569 4388.278 4381.2 4373.213 4365.227 4357.241 4348.897 4339.737 4330.576 4321.416 4312.255 4303.075 4293.89 4284.704 4275.519 4266.179 4256.329 4246.479 4236.629 4226.779 4219.432 4213.18 4206.928 4200.676 4195.105 4193.128 4191.152 4189.175 4187.199 4187.3 4188.658 4190.016 4191.374 4192.691 4193.591 4194.49 4195.39 4196.29 4196.226 4195.376 4194.527 4193.677 4192.773 4188.145 4183.516 4178.887 4174.258
4334.085 4346.275 4358.465 4370.655 4379.342 4383.735 4388.128 4392.521 4396.914 4397.38 4397.473 4397.566 4397.659 4396.756 4394.206 4391.656 4389.106 4386.556 4379.313 4371.182 4363.05 4354.917 4346.472 4337.312 4328.151 4318.991 4309.83 4300.65 4291.465 4282.279 4273.094 4263.739 4253.824 4243.91 4233.995 4224.08 4216.882 4210.873 4204.864 4198.855 4193.473 4191.399 4189.326 4187.251 4185.178 4185.222 4186.548 4187.873 4189.199 4190.493 4191.463 4192.433 4193.402 4194.372 4194.381 4193.607 4192.833 4192.06 4191.229 4186.574 4181.918 4177.263 4172.607
4336.58 4348.948 4361.317 4373.685 4382.225 4386.071 4389.918 4393.764 4397.61 4397.652 4397.331 4397.01 4396.688 4395.438 4392.648 4389.859 4387.069 4384.28 4376.945 4368.748 4360.551 4352.354 4343.869 4334.726 4325.583 4316.439 4307.295 4298.12 4288.935 4279.749 4270.563 4261.208 4251.286 4241.366 4231.444 4221.523 4214.489 4208.718 4202.946 4197.175 4191.976 4189.796 4187.615 4185.435 4183.254 4183.202 4184.437 4185.671 4186.905 4188.119 4189.108 4190.099 4191.088 4192.079 4192.127 4191.408 4190.689 4189.971 4189.194 4184.539 4179.882 4175.227 4170.57
4340.906 4352.346 4363.786 4375.226 4382.98 4386.216 4389.452 4392.688 4395.924 4395.336 4394.383 4393.43 4392.478 4390.782 4387.857 4384.933 4382.008 4379.084 4372.032 4364.197 4356.361 4348.526 4340.326 4331.291 4322.255 4313.22 4304.184 4295.034 4285.848 4276.663 4267.477 4258.191 4248.573 4238.954 4229.335 4219.717 4212.921 4207.36 4201.799 4196.239 4191.192 4188.854 4186.518 4184.181 4181.844 4181.483 4182.318 4183.153 4183.988 4184.815 4185.562 4186.309 4187.056 4187.803 4187.713 4186.94 4186.167 4185.395 4184.567 4180.052 4175.536 4171.021 4166.504
4345.233 4355.744 4366.255 4376.766 4383.734 4386.36 4388.986 4391.612 4394.238 4393.02 4391.436 4389.851 4388.266 4386.126 4383.066 4380.007 4376.948 4373.888 4367.119 4359.645 4352.172 4344.698 4336.783 4327.855 4318.928 4310.0 4301.073 4291.947 4282.762 4273.577 4264.391 4255.175 4245.859 4236.543 4227.226 4217.91 4211.353 4206.003 4200.652 4195.302 4190.407 4187.914 4185.42 4182.926 4180.433 4179.765 4180.2 4180.635 4181.07 4181.512 4182.016 4182.52 4183.024 4183.528 4183.299 4182.472 4181.645 4180.818 4179.94 4175.564 4171.189 4166.814 4162.439
