data/zism_data/00598_04_D.txt
ncols         224
nrows         224
[rows 174 to 202 of 224, columns 0 to 63 of 224]
597.9583 597.24 596.5216 598.5369 603.9032 609.2693 614.6356 620.0017 623.0698 625.8784 628.687 631.4957 630.4825 622.3034 614.1245 605.9453 597.7664 587.3635 576.3942 565.4254 554.4561 544.5124 537.7047 530.8972 524.0895 517.282 513.0042 509.8328 506.6615 503.4902 500.627 499.5818 498.5365 497.4912 496.446 495.4585 494.5103 493.5621 492.6139 491.6434 490.1814 488.7195 487.2574 485.7954 485.0797 485.1321 485.1845 485.2369 485.2893 486.7714 488.3415 489.9116 491.4816 493.7021 496.9342 500.1662 503.3984 506.6304 508.7589 510.678 512.5972 514.5162 514.7111 510.6815
601.0529 599.6478 598.2427 599.9111 605.3472 610.783 616.2191 621.6549 624.9373 627.9767 631.016 634.0554 633.049 624.4567 615.8647 607.2724 598.6804 588.2365 577.3208 566.4056 555.4899 545.6673 539.1869 532.7067 526.2263 519.7461 515.3252 511.8051 508.2851 504.765 501.5601 500.2144 498.8687 497.523 496.1773 494.8797 493.615 492.3503 491.0855 489.8065 488.2103 486.6142 485.018 483.4219 482.58 482.5143 482.4487 482.3831 482.3174 483.1812 484.102 485.0229 485.9438 487.45 489.8666 492.2831 494.6998 497.1163 498.3706 499.4044 500.4383 501.4721 501.1534 497.5208
601.0697 599.0059 596.942 598.1092 603.2371 608.3647 613.4926 618.6203 621.7065 624.5623 627.418 630.2738 629.1725 620.6513 612.1304 603.6093 595.0884 585.0788 574.6899 564.3014 553.9125 544.5861 538.5085 532.4312 526.3537 520.2764 516.0042 512.5216 509.0392 505.5567 502.3574 500.8288 499.3002 497.7716 496.243 494.7131 493.1822 491.6513 490.1204 488.5791 486.8068 485.0346 483.2623 481.4901 480.4923 480.2919 480.0914 479.8909 479.6905 480.1326 480.6142 481.0959 481.5775 482.5465 484.2735 486.0005 487.7276 489.4546 490.029 490.3847 490.7404 491.0961 490.4141 487.1898
598.2653 595.5684 592.8713 593.3958 597.869 602.3422 606.8154 611.2886 613.8021 616.0945 618.3869 620.6793 619.3898 611.3837 603.3778 595.3718 587.3659 578.2264 568.7979 559.3698 549.9413 541.4551 535.8497 530.2445 524.6392 519.0339 515.1779 512.087 508.9963 505.9054 503.0302 501.4264 499.8228 498.219 496.6153 494.9242 493.1733 491.4225 489.6716 487.9105 485.9236 483.9368 481.9499 479.963 478.7824 478.4317 478.081 477.7303 477.3796 477.5805 477.8153 478.0502 478.285 478.8791 480.032 481.185 482.3379 483.4908 483.5633 483.4307 483.2982 483.1656 482.2582 479.4524
595.4608 592.1308 588.8007 588.6823 592.501 596.3195 600.1382 603.9568 605.8978 607.6268 609.3558 611.0848 609.607 602.116 594.6252 587.1342 579.6435 571.374 562.9059 554.4382 545.9702 538.324 533.1909 528.0578 522.9246 517.7915 514.3517 511.6525 508.9534 506.2542 503.7029 502.0241 500.3453 498.6664 496.9876 495.1353 493.1644 491.1936 489.2227 487.2419 485.0404 482.839 480.6374 478.436 477.0724 476.5715 476.0706 475.5697 475.0688 475.0284 475.0164 475.0045 474.9925 475.2117 475.7906 476.3694 476.9483 477.5271 477.0975 476.4767 475.8559 475.2351 474.1023 471.715
592.6564 588.6933 584.73 583.9689 587.133 590.2969 593.461 596.625 597.9933 599.1591 600.3247 601.4904 599.8243 592.8483 585.8726 578.8967 571.921 564.5215 557.014 549.5067 541.9991 535.1931 530.532 525.8711 521.21 516.5491 513.5254 511.2179 508.9105 506.6029 504.3757 502.6217 500.8678 499.1139 497.36 495.3464 493.1556 490.9648 488.7739 486.5733 484.1572 481.7411 479.325 476.9089 475.3625 474.7114 474.0602 473.409 472.7579 472.4763 472.2176 471.9588 471.7 471.5444 471.5491 471.5539 471.5586 471.5634 470.6318 469.5228 468.4137 467.3047 465.9464 463.9775
589.852 585.2557 580.6594 579.2555 581.765 584.2744 586.7838 589.2932 590.089 590.6913 591.2936 591.8959 590.0416 583.5807 577.1201 570.6592 564.1985 557.6691 551.122 544.5751 538.028 532.062 527.8731 523.6843 519.4955 515.3067 512.6992 510.7833 508.8675 506.9517 505.0485 503.2194 501.3904 499.5613 497.7323 495.5576 493.1467 490.7359 488.3251 485.9048 483.274 480.6433 478.0126 475.3819 473.6526 472.8512 472.0498 471.2484 470.447 469.9243 469.4187 468.9131 468.4075 467.877 467.3076 466.7383 466.1689 465.5996 464.1661 462.5688 460.9715 459.3742 457.7904 456.2401
583.5089 578.4307 573.3522 571.342 573.0927 574.8433 576.5941 578.3447 579.1471 579.8425 580.5378 581.2333 579.8362 574.5156 569.1952 563.8746 558.5542 552.5939 546.4706 540.3475 534.2241 528.6182 524.5941 520.5701 516.546 512.522 510.2406 508.7216 507.2028 505.6838 504.1355 502.4136 500.6918 498.97 497.2482 494.9956 492.3804 489.7653 487.1501 484.5288 481.772 479.0153 476.2585 473.5017 471.6036 470.5895 469.5754 468.5612 467.5471 466.9906 466.4622 465.9338 465.4055 464.8464 464.2396 463.6328 463.0259 462.4191 461.2174 459.9029 458.5883 457.2739 455.9866 454.7662
577.0602 571.5045 565.9485 563.333 564.3218 565.3105 566.2993 567.2881 568.1144 568.9225 569.7306 570.5386 569.6182 565.4565 561.295 557.1333 552.9718 547.5717 541.8562 536.1408 530.4252 525.1649 521.2964 517.428 513.5595 509.6911 507.7333 506.6114 505.4896 504.3676 503.1752 501.566 499.9568 498.3477 496.7386 494.4105 491.5914 488.7724 485.9533 483.1317 480.2514 477.3713 474.4911 471.611 469.5446 468.3158 467.0871 465.8583 464.6295 464.0454 463.5009 462.9565 462.412 461.8348 461.2065 460.5782 459.95 459.3217 458.3736 457.3649 456.3562 455.3476 454.3723 453.4792
570.6115 564.5782 558.5447 555.324 555.5508 555.7777 556.0046 556.2314 557.0818 558.0026 558.9233 559.8441 559.4001 556.3974 553.3948 550.392 547.3894 542.5495 537.2418 531.9342 526.6264 521.7117 517.9988 514.286 510.5731 506.8603 505.2261 504.5012 503.7764 503.0515 502.2148 500.7183 499.2219 497.7254 496.2289 493.8255 490.8025 487.7796 484.7566 481.7346 478.7309 475.7274 472.7238 469.7203 467.4855 466.0421 464.5988 463.1554 461.712 461.1003 460.5397 459.9792 459.4186 458.8232 458.1734 457.5237 456.8739 456.2242 455.5298 454.827 454.1241 453.4212 452.7581 452.1923
564.1627 557.652 551.141 547.315 546.78 546.2449 545.7099 545.1749 546.0491 547.0826 548.116 549.1494 549.1821 547.3383 545.4946 543.6508 541.8071 537.5273 532.6273 527.7275 522.8276 518.2585 514.7012 511.144 507.5867 504.0295 502.7188 502.391 502.0632 501.7354 501.2545 499.8707 498.4869 497.1031 495.7193 493.2404 490.0135 486.7867 483.5599 480.3374 477.2104 474.0835 470.9565 467.8296 465.4264 463.7684 462.1105 460.4525 458.7945 458.1551 457.5785 457.0018 456.4252 455.8115 455.1404 454.4691 453.7979 453.1268 452.686 452.289 451.892 451.4949 451.1438 450.9053
558.5891 551.6842 544.7791 540.481 539.3779 538.275 537.172 536.069 537.0538 538.2743 539.4948 540.7153 541.1492 540.108 539.0669 538.0257 536.9846 533.2161 528.7532 524.2905 519.8276 515.6402 512.2949 508.9496 505.6043 502.259 501.1714 501.0715 500.9716 500.8717 500.5906 499.2405 497.8905 496.5404 495.1904 492.6147 489.202 485.7894 482.3767 478.9714 475.7278 472.4842 469.2406 465.997 463.4856 461.728 459.9705 458.2128 456.4552 455.8523 455.3204 454.7886 454.2567 453.6902 453.0697 452.4492 451.8287 451.2082 450.9417 450.7422 450.5428 450.3433 450.1888 450.1445
554.2223 547.0385 539.8544 535.2676 533.8641 532.4607 531.0573 529.6538 530.8685 532.3787 533.8889 535.3992 536.1302 535.4002 534.6703 533.9402 533.2103 529.8856 525.9002 521.915 517.9296 514.1734 511.1178 508.0623 505.0067 501.9511 500.9479 500.8427 500.7374 500.6321 500.3356 498.9104 497.4852 496.06 494.6349 491.9331 488.3595 484.7859 481.2122 477.6483 474.2974 470.9465 467.5956 464.2447 461.7079 460.0094 458.3108 456.6122 454.9136 454.4354 454.0323 453.6292 453.2262 452.7968 452.3265 451.8562 451.386 450.9157 450.7137 450.5625 450.4113 450.2602 450.1431 450.1095
549.8555 542.3927 534.9296 530.0541 528.3502 526.6464 524.9424 523.2386 524.683 526.483 528.283 530.0829 531.1111 530.6924 530.2736 529.8548 529.436 526.5551 523.0472 519.5394 516.0316 512.7066 509.9407 507.1749 504.409 501.6432 500.7245 500.6138 500.5032 500.3925 500.0805 498.5802 497.08 495.5796 494.0794 491.2515 487.5169 483.7824 480.0478 476.3253 472.867 469.4088 465.9505 462.4924 459.9303 458.2907 456.6512 455.0116 453.372 453.0186 452.7442 452.4699 452.1956 451.9034 451.5833 451.2633 450.9432 450.6232 450.4857 450.3828 450.2799 450.1771 450.0974 450.0745
545.4886 537.7469 530.0048 524.8408 522.8364 520.8321 518.8277 516.8234 518.4977 520.5874 522.6771 524.7668 526.0922 525.9846 525.8769 525.7693 525.6617 523.2245 520.1941 517.1639 514.1335 511.2398 508.7636 506.2876 503.8114 501.3353 500.501 500.385 500.269 500.153 499.8255 498.2501 496.6747 495.0992 493.5239 490.5699 486.6743 482.7789 478.8833 475.0022 471.4366 467.8711 464.3055 460.7401 458.1526 456.5721 454.9915 453.411 451.8304 451.6017 451.4561 451.3105 451.165 451.0099 450.8401 450.6703 450.5005 450.3307 450.2577 450.2031 450.1485 450.094 450.0517 450.0396
541.1219 533.1011 525.0801 519.6273 517.3225 515.0178 512.7129 510.4082 512.3123 514.6918 517.0711 519.4506 521.0731 521.2767 521.4802 521.6838 521.8874 519.8939 517.3411 514.7883 512.2355 509.773 507.5866 505.4002 503.2138 501.0274 500.2776 500.1562 500.0348 499.9134 499.5705 497.9199 496.2694 494.6189 492.9684 489.8883 485.8318 481.7753 477.7188 473.679 470.0062 466.3334 462.6605 458.9877 456.3749 454.8534 453.3319 451.8104 450.2888 450.1848 450.168 450.1512 450.1344 450.1165 450.0969 450.0773 450.0577 450.0381 450.0297 450.0234 450.0172 450.0108 450.006 450.0046
537.6012 529.852 522.1025 516.7943 514.4783 512.1623 509.8463 507.5303 509.3289 511.5922 513.8554 516.1187 517.7462 518.1816 518.617 519.0524 519.4879 517.8365 515.6539 513.4714 511.2888 509.1364 507.0764 505.0165 502.9565 500.8966 500.1036 499.8649 499.6262 499.3874 498.9197 497.1007 495.2818 493.4629 491.644 488.4387 484.2865 480.1344 475.9822 471.8567 468.3145 464.7723 461.23 457.6879 455.2532 453.9587 452.6642 451.3696 450.0751 450.0 450.0 450.0 450.0 450.0 450.0 450.0 450.0 450.0 450.0 450.0 450.0 450.0 450.0122 450.0542
534.2075 526.8124 519.417 514.3182 512.0344 509.7506 507.4668 505.183 506.8258 508.912 510.9982 513.0844 514.6729 515.3283 515.9838 516.6392 517.2946 515.9702 514.1417 512.3132 510.4848 508.6244 506.6664 504.7084 502.7503 500.7923 499.937 499.5642 499.1913 498.8185 498.2096 496.2082 494.2069 492.2055 490.2042 486.8739 482.6358 478.3979 474.1599 469.9595 466.5835 463.2077 459.8318 456.456 454.2299 453.1876 452.1452 451.1028 450.0604 450.0 450.0 450.0 450.0 450.0 450.0 450.0 450.0 450.0 450.0 450.0 450.0 450.0 450.0262 450.1165
530.8137 523.7727 516.7314 511.8422 509.5905 507.339 505.0873 502.8358 504.3228 506.2319 508.141 510.0501 511.5997 512.4751 513.3505 514.2259 515.1013 514.1038 512.6294 511.1551 509.6807 508.1124 506.2563 504.4002 502.5441 500.688 499.7705 499.2635 498.7565 498.2495 497.4995 495.3157 493.132 490.9481 488.7644 485.3091 480.9851 476.6614 472.3375 468.0622 464.8526 461.6431 458.4335 455.224 453.2066 452.4164 451.6262 450.836 450.0458 450.0 450.0 450.0 450.0 450.0 450.0 450.0 450.0 450.0 450.0 450.0 450.0 450.0 450.0402 450.1787
527.42 520.7331 514.0459 509.3661 507.1467 504.9273 502.7079 500.4885 501.8196 503.5517 505.2838 507.0159 508.5265 509.6219 510.7172 511.8126 512.908 512.2374 511.1171 509.9969 508.8767 507.6003 505.8462 504.092 502.3379 500.5838 499.6039 498.9628 498.3217 497.6805 496.7895 494.4232 492.057 489.6908 487.3246 483.7442 479.3345 474.9249 470.5152 466.165 463.1217 460.0785 457.0352 453.9921 452.1833 451.6453 451.1072 450.5692 450.0312 450.0 450.0 450.0 450.0 450.0 450.0 450.0 450.0 450.0 450.0 450.0 450.0 450.0 450.0542 450.241
523.6017 517.4536 511.3054 506.9945 504.9355 502.8766 500.8177 498.7588 499.9471 501.5022 503.0572 504.6122 506.0541 507.2839 508.5137 509.7436 510.9734 510.5414 509.6863 508.8313 507.9762 506.9198 505.247 503.5743 501.9016 500.2288 499.1697 498.3791 497.5884 496.7978 495.7633 493.2899 490.8166 488.3431 485.8698 482.2448 477.833 473.4214 469.0096 464.664 461.77 458.876 455.9819 453.088 451.4446 451.0886 450.7326 450.3766 450.0206 450.0 450.0 450.0 450.0 450.0053 450.019 450.0327 450.0464 450.0601 450.091 450.1252 450.1595 450.1937 450.3005 450.5853
518.8765 513.6619 508.4472 504.8457 503.2214 501.5971 499.9727 498.3484 499.4218 500.7998 502.1777 503.5557 504.8653 506.0469 507.2284 508.4099 509.5915 509.2095 508.4296 507.6497 506.8697 505.8791 504.2439 502.6088 500.9736 499.3384 498.1638 497.1908 496.2177 495.2446 494.062 491.6422 489.2225 486.8027 484.3831 480.885 476.6503 472.4157 468.1811 464.0097 461.2283 458.447 455.6656 452.8843 451.3139 450.9901 450.6664 450.3426 450.0188 450.0 450.0 450.0 450.0 450.0222 450.0788 450.1354 450.192 450.2486 450.3766 450.5181 450.6596 450.8011 451.0433 451.5319
514.1511 509.8702 505.5891 502.697 501.5072 500.3175 499.1278 497.9381 498.8965 500.0974 501.2982 502.4992 503.6765 504.8098 505.943 507.0763 508.2095 507.8777 507.1728 506.468 505.7632 504.8385 503.2408 501.6432 500.0456 498.448 497.158 496.0024 494.847 493.6915 492.3606 489.9944 487.6284 485.2623 482.8963 479.5252 475.4676 471.4101 467.3524 463.3553 460.6866 458.018 455.3493 452.6807 451.1833 450.8917 450.6001 450.3085 450.0169 450.0 450.0 450.0 450.0 450.0389 450.1385 450.238 450.3376 450.4371 450.6621 450.9109 451.1598 451.4086 451.7861 452.4786
509.4258 506.0785 502.731 500.5482 499.7931 499.038 498.2829 497.5278 498.3711 499.395 500.4188 501.4427 502.4877 503.5727 504.6577 505.7426 506.8276 506.5458 505.9161 505.2864 504.6567 503.7978 502.2377 500.6777 499.1176 497.5576 496.1521 494.8141 493.4762 492.1383 490.6592 488.3467 486.0344 483.7219 481.4095 478.1654 474.2849 470.4044 466.5239 462.701 460.145 457.589 455.033 452.477 451.0527 450.7933 450.5339 450.2744 450.015 450.0 450.0 450.0 450.0 450.0558 450.1982 450.3407 450.4831 450.6256 450.9477 451.3038 451.6599 452.0161 452.5288 453.4252
504.7006 502.2867 499.8728 498.3995 498.0789 497.7585 497.438 497.1174 497.8458 498.6926 499.5393 500.3861 501.299 502.3356 503.3723 504.409 505.4456 505.2139 504.6593 504.1048 503.5502 502.7571 501.2346 499.7121 498.1896 496.6671 495.1461 493.6258 492.1055 490.5851 488.9578 486.699 484.4403 482.1815 479.9228 476.8057 473.1022 469.3988 465.6953 462.0467 459.6033 457.16 454.7166 452.2734 450.922 450.6948 450.4676 450.2404 450.0132 450.0 450.0 450.0 450.0 450.0725 450.2579 450.4433 450.6287 450.8141 451.2332 451.6967 452.1601 452.6236 453.2716 454.3719
501.5597 499.7745 497.9892 496.985 496.9384 496.8917 496.8451 496.7984 497.5362 498.3625 499.1888 500.0152 500.8792 501.8141 502.7489 503.6837 504.6185 504.38 503.8428 503.3057 502.7685 501.9887 500.4666 498.9446 497.4226 495.9005 494.2958 492.6549 491.0139 489.373 487.645 485.4027 483.1606 480.9183 478.6762 475.7077 472.2431 468.7786 465.3139 461.8972 459.5336 457.17 454.8064 452.4428 451.1092 450.8358 450.5625 450.2892 450.0158 450.0466 450.096 450.1455 450.1949 450.4015 450.8523 451.3031 451.754 452.2048 452.7703 453.3576 453.9448 454.5321 455.2794 456.4186
498.8972 497.6484 496.3997 495.7922 495.9709 496.1496 496.3283 496.507 497.2917 498.1449 498.998 499.8512 500.6917 501.5085 502.3253 503.142 503.9588 503.6964 503.1592 502.622 502.0849 501.3024 499.7697 498.2369 496.7041 495.1714 493.4925 491.7495 490.0067 488.2638 486.4494 484.2125 481.9757 479.7389 477.5021 474.6888 471.4817 468.2747 465.0676 461.9003 459.6064 457.3126 455.0186 452.7248 451.3922 451.0491 450.7061 450.363 450.0199 450.1072 450.2211 450.3349 450.4487 450.8246 451.6081 452.3915 453.175 453.9585 454.6853 455.4013 456.1173 456.8333 457.669 458.7975
496.2346 495.5224 494.8102 494.5994 495.0035 495.4075 495.8116 496.2156 497.0473 497.9272 498.8072 499.6872 500.5042 501.2029 501.9016 502.6004 503.2991 503.0127 502.4756 501.9384 501.4012 500.6162 499.0726 497.5292 495.9856 494.4421 492.6891 490.8442 488.9995 487.1546 485.2538 483.0223 480.7909 478.5594 476.3279 473.6699 470.7203 467.7708 464.8213 461.9033 459.6792 457.4551 455.2309 453.0068 451.6752 451.2624 450.8496 450.4368 450.0239 450.1679 450.3461 450.5243 450.7025 451.2477 452.3639 453.48 454.5961 455.7122 456.6003 457.4451 458.2899 459.1346 460.0586 461.1765
493.5721 493.3964 493.2206 493.4066 494.036 494.6654 495.2948 495.9241 496.8028 497.7096 498.6164 499.5233 500.3166 500.8973 501.478 502.0587 502.6394 502.3291 501.7919 501.2548 500.7176 499.9299 498.3756 496.8214 495.2672 493.713 491.8857 489.9389 487.9922 486.0454 484.0582 481.8321 479.606 477.3799 475.1538 472.6509 469.9589 467.267 464.5749 461.9063 459.752 457.5976 455.4432 453.2889 451.9583 451.4757 450.9931 450.5106 450.028 450.2285 450.4711 450.7137 450.9563 451.6709 453.1197 454.5684 456.0172 457.4659 458.5153 459.4888 460.4624 461.4359 462.4482 463.5553
