data/zism_data/00595_01_D.txt
ncols         224
nrows         224
[rows 140 to 167 of 224, columns 0 to 62 of 224]
1268.809 1272.013 1275.217 1277.959 1280.442 1282.924 1285.407 1287.974 1291.15 1294.325 1297.501 1300.676 1304.838 1309.645 1314.452 1319.259 1323.834 1325.963 1328.092 1330.221 1332.35 1331.053 1327.153 1323.253 1319.352 1315.482 1312.163 1308.845 1305.526 1302.208 1302.581 1306.197 1309.812 1313.428 1317.128 1326.546 1335.965 1345.383 1354.802 1362.968 1369.864 1376.759 1383.655 1390.551 1394.053 1397.481 1400.909 1404.337 1405.975 1405.517 1405.059 1404.601 1404.143 1401.379 1398.473 1395.567 1392.661 1389.359 1385.517 1381.676 1377.834 1373.993 1369.583
1269.16 1272.494 1275.827 1278.692 1281.292 1283.893 1286.494 1289.208 1292.734 1296.259 1299.785 1303.31 1307.909 1313.211 1318.513 1323.815 1328.839 1330.926 1333.012 1335.098 1337.184 1335.721 1331.562 1327.404 1323.245 1319.094 1315.07 1311.046 1307.023 1302.999 1303.203 1307.12 1311.038 1314.955 1318.964 1329.254 1339.545 1349.835 1360.126 1368.744 1375.667 1382.589 1389.512 1396.434 1399.669 1402.823 1405.976 1409.129 1410.763 1410.618 1410.472 1410.326 1410.18 1407.783 1405.249 1402.714 1400.18 1397.242 1393.756 1390.269 1386.783 1383.297 1379.037
1269.773 1273.158 1276.543 1279.494 1282.202 1284.91 1287.618 1290.462 1294.289 1298.116 1301.942 1305.769 1310.646 1316.211 1321.775 1327.34 1332.625 1334.946 1337.267 1339.589 1341.91 1340.796 1337.073 1333.35 1329.627 1325.838 1320.8 1315.762 1310.723 1305.685 1305.291 1308.976 1312.661 1316.347 1320.134 1330.944 1341.754 1352.563 1363.373 1372.257 1379.19 1386.122 1393.054 1399.986 1403.174 1406.28 1409.385 1412.491 1414.238 1414.392 1414.547 1414.702 1414.857 1412.741 1410.486 1408.231 1405.977 1403.344 1400.198 1397.053 1393.908 1390.763 1386.694
1270.613 1273.982 1277.351 1280.359 1283.164 1285.968 1288.773 1291.734 1295.819 1299.904 1303.989 1308.074 1313.089 1318.713 1324.337 1329.961 1335.341 1338.141 1340.942 1343.742 1346.542 1346.228 1343.549 1340.871 1338.192 1335.33 1329.005 1322.681 1316.356 1310.031 1308.663 1311.649 1314.634 1317.62 1320.721 1331.74 1342.76 1353.779 1364.799 1373.787 1380.714 1387.641 1394.567 1401.494 1404.83 1408.086 1411.342 1414.598 1416.56 1417.005 1417.451 1417.896 1418.342 1416.43 1414.374 1412.319 1410.263 1407.884 1405.067 1402.25 1399.433 1396.617 1392.773
1271.454 1274.807 1278.159 1281.223 1284.125 1287.026 1289.928 1293.006 1297.349 1301.692 1306.036 1310.379 1315.532 1321.215 1326.898 1332.582 1338.057 1341.337 1344.616 1347.895 1351.174 1351.661 1350.026 1348.391 1346.757 1344.821 1337.21 1329.599 1321.989 1314.378 1312.036 1314.321 1316.607 1318.893 1321.308 1332.537 1343.766 1354.996 1366.225 1375.316 1382.238 1389.159 1396.08 1403.002 1406.485 1409.891 1413.298 1416.705 1418.882 1419.618 1420.354 1421.09 1421.826 1420.119 1418.263 1416.406 1414.55 1412.425 1409.936 1407.448 1404.959 1402.47 1398.853
1272.294 1275.631 1278.968 1282.088 1285.086 1288.085 1291.083 1294.278 1298.879 1303.481 1308.082 1312.684 1317.975 1323.718 1329.46 1335.202 1340.774 1344.532 1348.29 1352.048 1355.806 1357.093 1356.502 1355.912 1355.321 1354.312 1345.415 1336.518 1327.621 1318.724 1315.408 1316.994 1318.58 1320.166 1321.894 1333.333 1344.773 1356.212 1367.651 1376.845 1383.761 1390.677 1397.594 1404.51 1408.14 1411.697 1415.255 1418.812 1421.204 1422.231 1423.258 1424.285 1425.311 1423.808 1422.151 1420.494 1418.836 1416.965 1414.805 1412.645 1410.484 1408.324 1404.933
1273.135 1276.455 1279.776 1282.952 1286.048 1289.143 1292.238 1295.549 1300.409 1305.269 1310.129 1314.989 1320.418 1326.22 1332.021 1337.823 1343.49 1347.727 1351.964 1356.201 1360.439 1362.525 1362.979 1363.432 1363.886 1363.804 1353.62 1343.437 1333.254 1323.07 1318.78 1319.667 1320.553 1321.44 1322.481 1334.13 1345.779 1357.428 1369.078 1378.375 1385.285 1392.196 1399.107 1406.017 1409.795 1413.503 1417.211 1420.919 1423.527 1424.844 1426.161 1427.479 1428.796 1427.498 1426.039 1424.581 1423.123 1421.506 1419.674 1417.842 1416.01 1414.178 1411.012
1273.786 1276.873 1279.96 1282.925 1285.821 1288.718 1291.615 1294.713 1299.255 1303.798 1308.34 1312.883 1318.448 1324.682 1330.916 1337.151 1343.285 1348.364 1353.444 1358.523 1363.602 1366.502 1367.745 1368.989 1370.232 1370.897 1360.641 1350.384 1340.128 1329.872 1324.976 1324.79 1324.603 1324.416 1324.394 1335.631 1346.868 1358.104 1369.341 1378.454 1385.411 1392.368 1399.325 1406.282 1410.299 1414.252 1418.204 1422.156 1425.063 1426.743 1428.424 1430.104 1431.785 1430.763 1429.577 1428.39 1427.204 1425.777 1424.025 1422.272 1420.519 1418.767 1415.512
1274.431 1277.275 1280.12 1282.863 1285.55 1288.237 1290.923 1293.796 1297.999 1302.203 1306.406 1310.61 1316.311 1322.991 1329.672 1336.353 1342.97 1348.905 1354.84 1360.775 1366.71 1370.423 1372.447 1374.471 1376.495 1377.899 1367.616 1357.333 1347.05 1336.766 1331.28 1330.006 1328.732 1327.458 1326.358 1337.158 1347.959 1358.76 1369.561 1378.478 1385.483 1392.489 1399.495 1406.5 1410.76 1414.96 1419.16 1423.36 1426.569 1428.615 1430.662 1432.708 1434.755 1434.013 1433.101 1432.189 1431.277 1430.038 1428.355 1426.673 1424.99 1423.308 1419.952
1275.075 1277.678 1280.28 1282.802 1285.279 1287.755 1290.232 1292.879 1296.743 1300.608 1304.472 1308.337 1314.173 1321.301 1328.428 1335.556 1342.655 1349.446 1356.237 1363.027 1369.818 1374.344 1377.148 1379.953 1382.757 1384.901 1374.591 1364.281 1353.971 1343.661 1337.583 1335.222 1332.86 1330.499 1328.321 1338.686 1349.051 1359.416 1369.78 1378.502 1385.556 1392.61 1399.664 1406.718 1411.222 1415.669 1420.117 1424.564 1428.075 1430.487 1432.9 1435.312 1437.725 1437.263 1436.625 1435.988 1435.35 1434.299 1432.686 1431.074 1429.461 1427.849 1424.392
1275.72 1278.08 1280.44 1282.74 1285.007 1287.274 1289.541 1291.962 1295.487 1299.013 1302.538 1306.063 1312.036 1319.61 1327.184 1334.759 1342.339 1349.986 1357.633 1365.28 1372.927 1378.265 1381.85 1385.435 1389.019 1391.903 1381.566 1371.229 1360.892 1350.556 1343.886 1340.437 1336.989 1333.54 1330.284 1340.213 1350.142 1360.071 1370.0 1378.526 1385.628 1392.731 1399.833 1406.936 1411.683 1416.378 1421.073 1425.768 1429.581 1432.359 1435.138 1437.916 1440.695 1440.513 1440.15 1439.787 1439.424 1438.56 1437.017 1435.475 1433.932 1432.389 1428.832
1276.721 1278.87 1281.02 1283.122 1285.198 1287.275 1289.351 1291.558 1294.706 1297.854 1301.002 1304.15 1310.066 1317.795 1325.523 1333.251 1341.032 1349.372 1357.711 1366.05 1374.39 1380.353 1384.513 1388.672 1392.832 1396.289 1386.504 1376.72 1366.935 1357.151 1350.343 1346.151 1341.959 1337.767 1333.768 1342.981 1352.193 1361.406 1370.619 1378.829 1386.02 1393.211 1400.402 1407.594 1412.585 1417.527 1422.47 1427.413 1431.497 1434.576 1437.655 1440.734 1443.813 1443.892 1443.789 1443.686 1443.582 1442.884 1441.38 1439.875 1438.371 1436.866 1433.236
1278.269 1280.257 1282.245 1284.186 1286.101 1288.016 1289.93 1291.942 1294.654 1297.366 1300.079 1302.791 1308.355 1315.788 1323.22 1330.652 1338.201 1346.982 1355.762 1364.543 1373.324 1379.625 1384.042 1388.46 1392.878 1396.654 1388.311 1379.969 1371.627 1363.284 1357.037 1352.63 1348.222 1343.815 1339.587 1347.653 1355.72 1363.786 1371.853 1379.56 1386.902 1394.244 1401.586 1408.928 1414.164 1419.355 1424.545 1429.735 1434.045 1437.323 1440.601 1443.879 1447.157 1447.471 1447.604 1447.738 1447.871 1447.305 1445.79 1444.275 1442.759 1441.244 1437.584
1279.817 1281.644 1283.47 1285.25 1287.003 1288.756 1290.509 1292.327 1294.603 1296.879 1299.155 1301.432 1306.645 1313.781 1320.917 1328.053 1335.37 1344.592 1353.814 1363.036 1372.258 1378.896 1383.572 1388.249 1392.925 1397.018 1390.118 1383.218 1376.318 1369.418 1363.731 1359.108 1354.485 1349.863 1345.406 1352.326 1359.246 1366.167 1373.087 1380.291 1387.784 1395.276 1402.769 1410.262 1415.744 1421.182 1426.62 1432.058 1436.593 1440.07 1443.547 1447.024 1450.501 1451.05 1451.42 1451.79 1452.161 1451.726 1450.2 1448.674 1447.148 1445.622 1441.931
1281.365 1283.031 1284.696 1286.314 1287.906 1289.497 1291.089 1292.711 1294.551 1296.391 1298.232 1300.072 1304.934 1311.774 1318.614 1325.455 1332.538 1342.202 1351.865 1361.528 1371.192 1378.167 1383.102 1388.037 1392.971 1397.382 1391.925 1386.467 1381.01 1375.552 1370.424 1365.586 1360.748 1355.911 1351.225 1356.999 1362.773 1368.547 1374.321 1381.023 1388.666 1396.309 1403.953 1411.596 1417.324 1423.009 1428.694 1434.38 1439.14 1442.816 1446.493 1450.169 1453.845 1454.629 1455.236 1455.843 1456.45 1456.147 1454.61 1453.073 1451.536 1450.0 1446.279
1282.913 1284.417 1285.921 1287.378 1288.808 1290.238 1291.668 1293.095 1294.5 1295.904 1297.308 1298.713 1303.223 1309.767 1316.312 1322.856 1329.707 1339.812 1349.917 1360.021 1370.126 1377.439 1382.632 1387.825 1393.018 1397.747 1393.731 1389.716 1385.701 1381.686 1377.118 1372.065 1367.011 1361.958 1357.044 1361.672 1366.299 1370.927 1375.555 1381.754 1389.548 1397.342 1405.136 1412.93 1418.903 1424.836 1430.769 1436.702 1441.688 1445.563 1449.439 1453.314 1457.189 1458.208 1459.051 1459.895 1460.739 1460.568 1459.02 1457.473 1455.925 1454.378 1450.627
1285.038 1286.535 1288.033 1289.472 1290.879 1292.285 1293.691 1295.063 1296.192 1297.32 1298.448 1299.576 1303.479 1309.199 1314.919 1320.639 1326.741 1336.883 1347.025 1357.167 1367.309 1374.914 1380.591 1386.269 1391.946 1397.186 1394.169 1391.153 1388.136 1385.119 1381.197 1376.479 1371.76 1367.042 1362.447 1366.221 1369.995 1373.769 1377.543 1383.176 1390.695 1398.213 1405.732 1413.25 1419.508 1425.737 1431.967 1438.196 1443.509 1447.748 1451.986 1456.225 1460.464 1461.676 1462.703 1463.731 1464.758 1464.673 1463.079 1461.485 1459.891 1458.298 1454.666
1287.284 1288.809 1290.333 1291.786 1293.197 1294.609 1296.021 1297.368 1298.254 1299.14 1300.026 1300.912 1304.154 1308.937 1313.721 1318.504 1323.746 1333.839 1343.933 1354.027 1364.12 1372.007 1378.217 1384.428 1390.638 1396.429 1394.317 1392.204 1390.091 1387.979 1384.72 1380.454 1376.188 1371.922 1367.76 1370.744 1373.727 1376.71 1379.693 1384.745 1391.898 1399.051 1406.203 1413.356 1419.905 1426.442 1432.978 1439.514 1445.176 1449.813 1454.45 1459.086 1463.723 1465.121 1466.32 1467.52 1468.72 1468.711 1467.063 1465.416 1463.768 1462.12 1458.64
1289.531 1291.082 1292.634 1294.099 1295.516 1296.933 1298.35 1299.673 1300.317 1300.961 1301.604 1302.248 1304.828 1308.675 1312.522 1316.369 1320.751 1330.796 1340.841 1350.886 1360.931 1369.1 1375.843 1382.586 1389.33 1395.672 1394.464 1393.255 1392.047 1390.839 1388.243 1384.429 1380.615 1376.802 1373.074 1375.266 1377.458 1379.65 1381.842 1386.314 1393.101 1399.888 1406.674 1413.461 1420.303 1427.146 1433.989 1440.832 1446.842 1451.878 1456.913 1461.948 1466.983 1468.566 1469.938 1471.31 1472.681 1472.749 1471.047 1469.346 1467.644 1465.943 1462.613
1291.777 1293.356 1294.934 1296.413 1297.835 1299.257 1300.68 1301.978 1302.379 1302.781 1303.182 1303.584 1305.502 1308.412 1311.323 1314.234 1317.756 1327.753 1337.749 1347.746 1357.743 1366.193 1373.469 1380.745 1388.021 1394.916 1394.611 1394.307 1394.003 1393.698 1391.766 1388.405 1385.043 1381.681 1378.388 1379.789 1381.189 1382.59 1383.991 1387.884 1394.304 1400.725 1407.146 1413.566 1420.7 1427.85 1435.0 1442.15 1448.509 1453.943 1459.376 1464.809 1470.243 1472.011 1473.555 1475.099 1476.643 1476.787 1475.031 1473.276 1471.521 1469.766 1466.587
1294.323 1296.075 1297.828 1299.489 1301.1 1302.711 1304.321 1305.782 1306.169 1306.555 1306.941 1307.328 1308.773 1310.912 1313.051 1315.19 1317.982 1327.678 1337.375 1347.072 1356.768 1365.167 1372.58 1379.993 1387.406 1394.466 1394.88 1395.295 1395.709 1396.123 1394.75 1391.808 1388.865 1385.922 1383.032 1383.737 1384.441 1385.146 1385.85 1389.191 1395.205 1401.22 1407.235 1413.25 1420.742 1428.268 1435.793 1443.318 1450.085 1455.962 1461.839 1467.716 1473.593 1475.496 1477.156 1478.816 1480.476 1480.68 1478.911 1477.142 1475.372 1473.603 1470.572
1297.739 1300.094 1302.45 1304.79 1307.122 1309.454 1311.786 1313.959 1314.991 1316.024 1317.056 1318.088 1319.613 1321.462 1323.31 1325.159 1327.595 1336.259 1344.922 1353.585 1362.248 1369.622 1376.018 1382.414 1388.809 1394.913 1395.505 1396.096 1396.688 1397.28 1396.162 1393.543 1390.923 1388.303 1385.726 1386.01 1386.295 1386.579 1386.864 1389.734 1395.227 1400.719 1406.212 1411.705 1419.75 1427.851 1435.952 1444.053 1451.396 1457.849 1464.302 1470.755 1477.208 1479.098 1480.709 1482.321 1483.932 1484.152 1482.485 1480.818 1479.151 1477.484 1474.59
1301.156 1304.114 1307.072 1310.091 1313.144 1316.198 1319.251 1322.136 1323.814 1325.492 1327.17 1328.848 1330.453 1332.011 1333.569 1335.127 1337.209 1344.839 1352.468 1360.098 1367.727 1374.078 1379.456 1384.835 1390.213 1395.359 1396.129 1396.898 1397.668 1398.437 1397.574 1395.278 1392.981 1390.684 1388.419 1388.284 1388.148 1388.013 1387.878 1390.277 1395.248 1400.219 1405.189 1410.16 1418.757 1427.434 1436.111 1444.788 1452.707 1459.736 1466.764 1473.793 1480.822 1482.7 1484.263 1485.826 1487.389 1487.625 1486.06 1484.495 1482.93 1481.366 1478.607
1304.573 1308.134 1311.695 1315.392 1319.167 1322.941 1326.716 1330.313 1332.637 1334.961 1337.285 1339.609 1341.294 1342.561 1343.828 1345.096 1346.823 1353.419 1360.015 1366.611 1373.207 1378.533 1382.894 1387.256 1391.617 1395.806 1396.753 1397.7 1398.647 1399.594 1398.987 1397.013 1395.039 1393.065 1391.112 1390.557 1390.002 1389.447 1388.892 1390.821 1395.269 1399.718 1404.166 1408.615 1417.764 1427.017 1436.27 1445.523 1454.018 1461.622 1469.227 1476.832 1484.437 1486.302 1487.817 1489.331 1490.846 1491.097 1489.634 1488.172 1486.71 1485.247 1482.625
1307.989 1312.153 1316.317 1320.693 1325.189 1329.685 1334.181 1338.49 1341.46 1344.43 1347.399 1350.369 1352.134 1353.111 1354.087 1355.064 1356.436 1361.999 1367.562 1373.124 1378.687 1382.989 1386.333 1389.677 1393.02 1396.253 1397.377 1398.502 1399.627 1400.752 1400.399 1398.748 1397.097 1395.446 1393.805 1392.831 1391.856 1390.881 1389.906 1391.364 1395.29 1399.217 1403.143 1407.07 1416.771 1426.6 1436.429 1446.258 1455.329 1463.509 1471.69 1479.871 1488.051 1489.904 1491.37 1492.836 1494.302 1494.569 1493.209 1491.849 1490.489 1489.128 1486.643
1310.788 1315.64 1320.491 1325.544 1330.709 1335.874 1341.04 1346.016 1349.631 1353.247 1356.863 1360.478 1362.591 1363.72 1364.849 1365.978 1367.394 1371.846 1376.297 1380.749 1385.201 1388.35 1390.511 1392.672 1394.832 1396.945 1398.159 1399.372 1400.586 1401.8 1401.619 1400.214 1398.809 1397.403 1396.0 1394.738 1393.476 1392.215 1390.953 1392.053 1395.55 1399.047 1402.543 1406.04 1415.837 1425.773 1435.709 1445.645 1454.982 1463.616 1472.251 1480.886 1489.52 1491.43 1492.929 1494.428 1495.927 1496.306 1495.166 1494.027 1492.887 1491.747 1489.53
1313.305 1318.883 1324.461 1330.188 1335.999 1341.811 1347.622 1353.244 1357.505 1361.766 1366.028 1370.289 1372.872 1374.357 1375.841 1377.325 1378.967 1382.272 1385.577 1388.883 1392.188 1394.127 1395.028 1395.929 1396.831 1397.75 1399.012 1400.274 1401.536 1402.798 1402.752 1401.557 1400.361 1399.166 1397.966 1396.478 1394.991 1393.503 1392.015 1392.809 1395.918 1399.027 1402.137 1405.246 1414.929 1424.757 1434.586 1444.414 1453.876 1462.909 1471.942 1480.975 1490.008 1492.006 1493.575 1495.144 1496.714 1497.249 1496.384 1495.519 1494.654 1493.788 1491.899
1315.821 1322.126 1328.43 1334.833 1341.29 1347.747 1354.204 1360.471 1365.379 1370.286 1375.193 1380.1 1383.154 1384.993 1386.833 1388.672 1390.539 1392.698 1394.857 1397.016 1399.175 1399.903 1399.545 1399.187 1398.829 1398.555 1399.865 1401.176 1402.487 1403.797 1403.885 1402.9 1401.914 1400.929 1399.933 1398.219 1396.505 1394.791 1393.077 1393.565 1396.287 1399.008 1401.73 1404.452 1414.021 1423.742 1433.463 1443.183 1452.771 1462.202 1471.633 1481.064 1490.496 1492.583 1494.222 1495.861 1497.5 1498.192 1497.602 1497.011 1496.42 1495.83 1494.268
