data/zism_data/00594_02_D.txt
ncols         224
nrows         224
[rows 28 to 55 of 224, columns 126 to 188 of 224]
1486.452 1485.901 1485.349 1484.797 1484.24 1483.651 1483.062 1482.473 1481.884 1481.295 1480.707 1480.118 1479.529 1478.928 1478.217 1477.505 1476.794 1476.083 1475.364 1474.641 1473.917 1473.193 1472.479 1471.964 1471.448 1470.933 1470.418 1469.901 1469.381 1468.862 1468.343 1467.823 1467.3 1466.776 1466.253 1465.73 1465.098 1464.337 1463.577 1462.816 1462.055 1461.454 1460.865 1460.276 1459.688 1459.105 1458.533 1457.961 1457.388 1456.816 1456.236 1455.656 1455.075 1454.495 1453.913 1453.328 1452.743 1452.159 1451.574 1451.242 1450.968 1450.694 1450.42
1486.267 1485.763 1485.26 1484.757 1484.24 1483.651 1483.062 1482.473 1481.884 1481.295 1480.707 1480.118 1479.529 1478.931 1478.252 1477.573 1476.894 1476.215 1475.519 1474.812 1474.104 1473.397 1472.698 1472.182 1471.667 1471.152 1470.637 1470.117 1469.592 1469.067 1468.543 1468.018 1467.484 1466.95 1466.416 1465.881 1465.229 1464.436 1463.643 1462.85 1462.057 1461.454 1460.865 1460.276 1459.688 1459.114 1458.563 1458.012 1457.461 1456.91 1456.343 1455.773 1455.203 1454.633 1454.06 1453.481 1452.902 1452.323 1451.743 1451.434 1451.187 1450.94 1450.693
1486.081 1485.626 1485.171 1484.716 1484.24 1483.651 1483.062 1482.473 1481.884 1481.295 1480.707 1480.118 1479.529 1478.934 1478.287 1477.641 1476.994 1476.347 1475.674 1474.983 1474.292 1473.6 1472.916 1472.401 1471.886 1471.371 1470.856 1470.333 1469.803 1469.273 1468.743 1468.213 1467.668 1467.123 1466.578 1466.033 1465.36 1464.535 1463.71 1462.885 1462.06 1461.454 1460.865 1460.276 1459.688 1459.122 1458.593 1458.064 1457.534 1457.005 1456.45 1455.891 1455.331 1454.772 1454.208 1453.634 1453.06 1452.486 1451.912 1451.626 1451.405 1451.185 1450.965
1485.896 1485.489 1485.082 1484.675 1484.24 1483.651 1483.062 1482.473 1481.884 1481.295 1480.707 1480.118 1479.529 1478.938 1478.323 1477.708 1477.094 1476.479 1475.829 1475.154 1474.479 1473.803 1473.135 1472.62 1472.105 1471.59 1471.074 1470.549 1470.013 1469.478 1468.943 1468.407 1467.852 1467.296 1466.74 1466.185 1465.491 1464.634 1463.777 1462.919 1462.062 1461.454 1460.865 1460.276 1459.688 1459.131 1458.623 1458.115 1457.607 1457.099 1456.556 1456.008 1455.459 1454.911 1454.356 1453.787 1453.219 1452.65 1452.082 1451.818 1451.624 1451.431 1451.238
1485.784 1485.407 1485.031 1484.655 1484.245 1483.663 1483.08 1482.498 1481.915 1481.33 1480.744 1480.157 1479.57 1478.983 1478.391 1477.799 1477.207 1476.615 1475.985 1475.325 1474.666 1474.007 1473.354 1472.829 1472.304 1471.779 1471.255 1470.723 1470.184 1469.646 1469.107 1468.568 1468.006 1467.444 1466.882 1466.32 1465.614 1464.737 1463.86 1462.984 1462.107 1461.494 1460.902 1460.31 1459.718 1459.167 1458.677 1458.188 1457.698 1457.208 1456.674 1456.134 1455.593 1455.052 1454.505 1453.946 1453.387 1452.828 1452.269 1452.018 1451.837 1451.657 1451.477
1485.973 1485.554 1485.134 1484.715 1484.275 1483.724 1483.174 1482.624 1482.074 1481.507 1480.931 1480.355 1479.78 1479.2 1478.592 1477.984 1477.376 1476.768 1476.14 1475.497 1474.854 1474.21 1473.57 1472.997 1472.424 1471.851 1471.278 1470.726 1470.192 1469.659 1469.126 1468.592 1468.041 1467.49 1466.938 1466.387 1465.702 1464.857 1464.012 1463.168 1462.323 1461.698 1461.09 1460.482 1459.874 1459.315 1458.831 1458.347 1457.862 1457.378 1456.84 1456.294 1455.748 1455.201 1454.66 1454.128 1453.596 1453.064 1452.532 1452.25 1452.027 1451.804 1451.581
1486.162 1485.7 1485.238 1484.775 1484.304 1483.786 1483.268 1482.75 1482.232 1481.684 1481.119 1480.554 1479.989 1479.417 1478.793 1478.169 1477.545 1476.921 1476.295 1475.668 1475.041 1474.414 1473.787 1473.166 1472.544 1471.923 1471.302 1470.728 1470.2 1469.672 1469.145 1468.617 1468.076 1467.536 1466.995 1466.454 1465.789 1464.977 1464.165 1463.352 1462.54 1461.902 1461.278 1460.654 1460.029 1459.463 1458.984 1458.505 1458.026 1457.548 1457.005 1456.454 1455.902 1455.351 1454.815 1454.31 1453.805 1453.299 1452.794 1452.483 1452.217 1451.951 1451.684
1486.352 1485.846 1485.341 1484.836 1484.334 1483.848 1483.362 1482.876 1482.39 1481.861 1481.307 1480.752 1480.198 1479.635 1478.994 1478.354 1477.714 1477.073 1476.45 1475.839 1475.228 1474.617 1474.004 1473.334 1472.665 1471.995 1471.325 1470.731 1470.209 1469.686 1469.163 1468.641 1468.111 1467.581 1467.051 1466.521 1465.877 1465.097 1464.317 1463.536 1462.756 1462.106 1461.465 1460.825 1460.185 1459.611 1459.138 1458.664 1458.191 1457.717 1457.171 1456.614 1456.057 1455.5 1454.97 1454.492 1454.013 1453.535 1453.056 1452.715 1452.406 1452.097 1451.788
1486.541 1485.993 1485.445 1484.896 1484.363 1483.91 1483.456 1483.002 1482.549 1482.038 1481.495 1480.951 1480.407 1479.852 1479.196 1478.539 1477.883 1477.226 1476.605 1476.01 1475.416 1474.821 1474.221 1473.503 1472.785 1472.067 1471.349 1470.734 1470.217 1469.699 1469.182 1468.665 1468.146 1467.627 1467.108 1466.588 1465.965 1465.217 1464.469 1463.721 1462.973 1462.31 1461.653 1460.997 1460.34 1459.759 1459.291 1458.823 1458.355 1457.887 1457.337 1456.774 1456.212 1455.65 1455.125 1454.674 1454.222 1453.771 1453.319 1452.948 1452.596 1452.244 1451.892
1486.754 1486.196 1485.639 1485.081 1484.54 1484.089 1483.637 1483.185 1482.734 1482.228 1481.692 1481.156 1480.619 1480.069 1479.397 1478.724 1478.052 1477.379 1476.743 1476.134 1475.525 1474.916 1474.301 1473.565 1472.829 1472.093 1471.357 1470.735 1470.22 1469.704 1469.189 1468.674 1468.159 1467.644 1467.129 1466.613 1466.011 1465.306 1464.6 1463.894 1463.188 1462.514 1461.841 1461.169 1460.496 1459.903 1459.43 1458.957 1458.484 1458.012 1457.465 1456.908 1456.35 1455.793 1455.268 1454.806 1454.344 1453.882 1453.42 1453.01 1452.612 1452.213 1451.815
1486.98 1486.433 1485.886 1485.339 1484.805 1484.337 1483.87 1483.402 1482.934 1482.426 1481.895 1481.364 1480.833 1480.286 1479.598 1478.909 1478.22 1477.532 1476.87 1476.229 1475.588 1474.947 1474.301 1473.565 1472.829 1472.093 1471.357 1470.735 1470.22 1469.704 1469.189 1468.674 1468.159 1467.644 1467.129 1466.613 1466.033 1465.376 1464.719 1464.061 1463.404 1462.718 1462.029 1461.34 1460.652 1460.045 1459.561 1459.078 1458.594 1458.11 1457.572 1457.025 1456.478 1455.931 1455.403 1454.909 1454.415 1453.921 1453.427 1452.971 1452.524 1452.078 1451.631
1487.206 1486.67 1486.134 1485.598 1485.07 1484.586 1484.102 1483.618 1483.135 1482.624 1482.099 1481.573 1481.047 1480.504 1479.799 1479.094 1478.389 1477.685 1476.998 1476.324 1475.651 1474.978 1474.301 1473.565 1472.829 1472.093 1471.357 1470.735 1470.22 1469.704 1469.189 1468.674 1468.159 1467.644 1467.129 1466.613 1466.055 1465.446 1464.837 1464.228 1463.619 1462.921 1462.217 1461.512 1460.807 1460.186 1459.692 1459.198 1458.703 1458.209 1457.678 1457.142 1456.606 1456.07 1455.537 1455.011 1454.485 1453.959 1453.432 1452.932 1452.437 1451.942 1451.447
1487.432 1486.907 1486.382 1485.856 1485.335 1484.835 1484.335 1483.835 1483.335 1482.822 1482.302 1481.782 1481.261 1480.721 1480.0 1479.279 1478.558 1477.837 1477.125 1476.42 1475.714 1475.008 1474.301 1473.565 1472.829 1472.093 1471.357 1470.735 1470.22 1469.704 1469.189 1468.674 1468.159 1467.644 1467.129 1466.613 1466.077 1465.517 1464.956 1464.395 1463.835 1463.125 1462.405 1461.684 1460.963 1460.328 1459.823 1459.318 1458.813 1458.308 1457.785 1457.26 1456.734 1456.209 1455.672 1455.114 1454.556 1453.997 1453.439 1452.892 1452.349 1451.806 1451.262
1487.656 1487.138 1486.62 1486.102 1485.584 1485.069 1484.554 1484.039 1483.524 1483.009 1482.493 1481.978 1481.463 1480.925 1480.189 1479.453 1478.717 1477.981 1477.245 1476.509 1475.773 1475.037 1474.302 1473.567 1472.833 1472.099 1471.365 1470.744 1470.229 1469.715 1469.2 1468.685 1468.17 1467.654 1467.139 1466.624 1466.107 1465.59 1465.072 1464.555 1464.037 1463.317 1462.581 1461.845 1461.109 1460.461 1459.946 1459.431 1458.916 1458.401 1457.885 1457.37 1456.855 1456.34 1455.799 1455.208 1454.617 1454.027 1453.436 1452.849 1452.262 1451.675 1451.088
1487.842 1487.275 1486.709 1486.143 1485.584 1485.069 1484.554 1484.039 1483.524 1483.009 1482.493 1481.978 1481.463 1480.925 1480.189 1479.453 1478.717 1477.981 1477.245 1476.509 1475.773 1475.037 1474.303 1473.601 1472.899 1472.197 1471.495 1470.895 1470.391 1469.887 1469.384 1468.88 1468.359 1467.838 1467.318 1466.797 1466.26 1465.705 1465.15 1464.595 1464.04 1463.317 1462.581 1461.845 1461.109 1460.461 1459.946 1459.431 1458.916 1458.401 1457.885 1457.37 1456.855 1456.34 1455.788 1455.165 1454.542 1453.919 1453.296 1452.729 1452.174 1451.619 1451.065
1488.027 1487.413 1486.798 1486.183 1485.584 1485.069 1484.554 1484.039 1483.524 1483.009 1482.493 1481.978 1481.463 1480.925 1480.189 1479.453 1478.717 1477.981 1477.245 1476.509 1475.773 1475.037 1474.304 1473.635 1472.965 1472.295 1471.625 1471.047 1470.553 1470.06 1469.567 1469.074 1468.548 1468.022 1467.496 1466.97 1466.413 1465.821 1465.228 1464.635 1464.043 1463.317 1462.581 1461.845 1461.109 1460.461 1459.946 1459.431 1458.916 1458.401 1457.885 1457.37 1456.855 1456.34 1455.777 1455.122 1454.467 1453.812 1453.156 1452.609 1452.086 1451.564 1451.042
1488.213 1487.55 1486.887 1486.224 1485.584 1485.069 1484.554 1484.039 1483.524 1483.009 1482.493 1481.978 1481.463 1480.925 1480.189 1479.453 1478.717 1477.981 1477.245 1476.509 1475.773 1475.037 1474.306 1473.668 1473.031 1472.393 1471.756 1471.198 1470.716 1470.233 1469.751 1469.269 1468.738 1468.206 1467.674 1467.143 1466.566 1465.936 1465.306 1464.676 1464.046 1463.317 1462.581 1461.845 1461.109 1460.461 1459.946 1459.431 1458.916 1458.401 1457.885 1457.37 1456.855 1456.34 1455.766 1455.079 1454.391 1453.704 1453.017 1452.489 1451.999 1451.509 1451.018
1488.399 1487.687 1486.976 1486.265 1485.584 1485.069 1484.554 1484.039 1483.524 1483.009 1482.493 1481.978 1481.463 1480.925 1480.189 1479.453 1478.717 1477.981 1477.245 1476.509 1475.773 1475.037 1474.307 1473.702 1473.096 1472.491 1471.886 1471.349 1470.878 1470.406 1469.935 1469.463 1468.927 1468.39 1467.853 1467.316 1466.719 1466.052 1465.384 1464.716 1464.048 1463.317 1462.581 1461.845 1461.109 1460.461 1459.946 1459.431 1458.916 1458.401 1457.885 1457.37 1456.855 1456.34 1455.755 1455.035 1454.316 1453.596 1452.877 1452.369 1451.911 1451.453 1450.995
1488.584 1487.824 1487.065 1486.305 1485.584 1485.069 1484.554 1484.039 1483.524 1483.009 1482.493 1481.978 1481.463 1480.927 1480.207 1479.486 1478.766 1478.046 1477.323 1476.597 1475.872 1475.146 1474.427 1473.843 1473.26 1472.676 1472.093 1471.563 1471.083 1470.604 1470.125 1469.646 1469.102 1468.557 1468.012 1467.467 1466.862 1466.185 1465.509 1464.833 1464.156 1463.402 1462.643 1461.883 1461.124 1460.462 1459.95 1459.437 1458.925 1458.412 1457.895 1457.377 1456.859 1456.341 1455.756 1455.038 1454.32 1453.603 1452.885 1452.394 1451.955 1451.516 1451.077
1488.77 1487.962 1487.154 1486.346 1485.584 1485.069 1484.554 1484.039 1483.524 1483.009 1482.493 1481.978 1481.463 1480.93 1480.242 1479.554 1478.866 1478.178 1477.481 1476.777 1476.073 1475.369 1474.671 1474.098 1473.525 1472.952 1472.379 1471.841 1471.335 1470.829 1470.323 1469.816 1469.261 1468.706 1468.15 1467.594 1466.993 1466.338 1465.683 1465.028 1464.373 1463.576 1462.769 1461.961 1461.153 1460.464 1459.957 1459.45 1458.943 1458.436 1457.915 1457.391 1456.868 1456.345 1455.768 1455.088 1454.408 1453.728 1453.048 1452.568 1452.135 1451.701 1451.267
1488.955 1488.099 1487.243 1486.386 1485.584 1485.069 1484.554 1484.039 1483.524 1483.009 1482.493 1481.978 1481.463 1480.933 1480.278 1479.622 1478.966 1478.31 1477.639 1476.957 1476.274 1475.591 1474.914 1474.352 1473.79 1473.228 1472.666 1472.119 1471.586 1471.053 1470.52 1469.987 1469.421 1468.854 1468.288 1467.722 1467.125 1466.491 1465.858 1465.224 1464.591 1463.75 1462.894 1462.038 1461.182 1460.467 1459.965 1459.463 1458.961 1458.459 1457.934 1457.406 1456.877 1456.349 1455.781 1455.139 1454.496 1453.854 1453.211 1452.743 1452.315 1451.886 1451.458
1489.141 1488.236 1487.332 1486.427 1485.584 1485.069 1484.554 1484.039 1483.524 1483.009 1482.493 1481.978 1481.463 1480.937 1480.313 1479.69 1479.066 1478.442 1477.797 1477.136 1476.475 1475.814 1475.158 1474.606 1474.055 1473.504 1472.952 1472.397 1471.837 1471.277 1470.717 1470.158 1469.581 1469.003 1468.426 1467.849 1467.256 1466.644 1466.032 1465.42 1464.808 1463.925 1463.02 1462.115 1461.211 1460.469 1459.972 1459.476 1458.979 1458.483 1457.954 1457.42 1456.886 1456.352 1455.794 1455.189 1454.584 1453.979 1453.375 1452.917 1452.495 1452.072 1451.649
1489.326 1488.374 1487.421 1486.468 1485.584 1485.069 1484.554 1484.039 1483.524 1483.009 1482.493 1481.978 1481.463 1480.94 1480.349 1479.757 1479.166 1478.574 1477.955 1477.316 1476.676 1476.037 1475.401 1474.861 1474.32 1473.78 1473.239 1472.675 1472.088 1471.501 1470.915 1470.328 1469.74 1469.152 1468.564 1467.976 1467.387 1466.797 1466.206 1465.616 1465.025 1464.099 1463.146 1462.193 1461.24 1460.471 1459.98 1459.489 1458.998 1458.507 1457.974 1457.434 1456.895 1456.356 1455.807 1455.24 1454.672 1454.105 1453.538 1453.092 1452.674 1452.257 1451.84
1489.341 1488.385 1487.428 1486.471 1485.584 1485.069 1484.554 1484.039 1483.524 1483.009 1482.493 1481.978 1481.463 1480.94 1480.351 1479.763 1479.174 1478.585 1477.974 1477.346 1476.718 1476.09 1475.465 1474.916 1474.366 1473.816 1473.267 1472.697 1472.108 1471.52 1470.931 1470.342 1469.753 1469.164 1468.575 1467.987 1467.398 1466.809 1466.22 1465.631 1465.043 1464.154 1463.241 1462.329 1461.417 1460.659 1460.133 1459.608 1459.083 1458.558 1458.05 1457.545 1457.04 1456.534 1456.007 1455.438 1454.869 1454.3 1453.731 1453.329 1452.966 1452.604 1452.241
1489.341 1488.385 1487.428 1486.471 1485.584 1485.069 1484.554 1484.039 1483.524 1483.009 1482.493 1481.978 1481.463 1480.94 1480.351 1479.763 1479.174 1478.585 1477.98 1477.363 1476.745 1476.128 1475.513 1474.953 1474.393 1473.832 1473.272 1472.697 1472.108 1471.52 1470.931 1470.342 1469.753 1469.164 1468.575 1467.987 1467.398 1466.809 1466.22 1465.631 1465.043 1464.199 1463.334 1462.47 1461.606 1460.862 1460.3 1459.737 1459.174 1458.611 1458.131 1457.664 1457.196 1456.729 1456.224 1455.65 1455.075 1454.501 1453.926 1453.571 1453.268 1452.964 1452.66
1489.341 1488.385 1487.428 1486.471 1485.584 1485.069 1484.554 1484.039 1483.524 1483.009 1482.493 1481.978 1481.463 1480.94 1480.351 1479.763 1479.174 1478.585 1477.986 1477.38 1476.773 1476.167 1475.562 1474.99 1474.419 1473.848 1473.277 1472.697 1472.108 1471.52 1470.931 1470.342 1469.753 1469.164 1468.575 1467.987 1467.398 1466.809 1466.22 1465.631 1465.043 1464.243 1463.428 1462.612 1461.796 1461.066 1460.466 1459.865 1459.265 1458.665 1458.213 1457.782 1457.353 1456.922 1456.441 1455.862 1455.282 1454.702 1454.122 1453.814 1453.569 1453.325 1453.08
1489.341 1488.385 1487.428 1486.471 1485.584 1485.069 1484.554 1484.039 1483.524 1483.009 1482.493 1481.978 1481.463 1480.94 1480.351 1479.763 1479.174 1478.585 1477.992 1477.396 1476.801 1476.205 1475.61 1475.028 1474.446 1473.864 1473.282 1472.697 1472.108 1471.52 1470.931 1470.342 1469.753 1469.164 1468.575 1467.987 1467.398 1466.809 1466.22 1465.631 1465.043 1464.288 1463.521 1462.753 1461.986 1461.27 1460.632 1459.994 1459.356 1458.718 1458.294 1457.901 1457.509 1457.117 1456.658 1456.073 1455.488 1454.903 1454.317 1454.056 1453.871 1453.685 1453.5
1489.276 1488.336 1487.397 1486.457 1485.584 1485.069 1484.554 1484.039 1483.524 1483.009 1482.493 1481.978 1481.463 1480.94 1480.351 1479.763 1479.174 1478.585 1477.996 1477.407 1476.819 1476.23 1475.641 1475.052 1474.463 1473.875 1473.286 1472.697 1472.108 1471.52 1470.931 1470.342 1469.753 1469.164 1468.575 1467.987 1467.398 1466.809 1466.22 1465.631 1465.043 1464.331 1463.61 1462.889 1462.168 1461.474 1460.822 1460.169 1459.516 1458.863 1458.446 1458.065 1457.684 1457.302 1456.858 1456.29 1455.721 1455.153 1454.585 1454.356 1454.205 1454.054 1453.903
