data/zism_data/00598_03_D.txt
ncols         224
nrows         224
[rows 168 to 195 of 224, columns 64 to 127 of 224]
517.1428 527.7626 538.3826 548.3291 556.503 564.6769 572.8508 581.0247 584.8696 587.0695 589.2693 591.4693 593.1995 592.6984 592.1973 591.6962 591.1951 588.7714 585.1851 581.5989 578.0126 574.5864 573.209 571.8317 570.4543 569.077 569.9252 572.8136 575.702 578.5903 581.4788 581.986 582.4221 582.8582 583.2943 584.1411 585.5544 586.9678 588.381 589.7944 593.3736 597.2776 601.1817 605.0858 609.3779 614.4991 619.6203 624.7415 629.8627 630.7454 630.3484 629.9516 629.5547 628.3165 624.0498 619.7831 615.5164 611.2497 608.4878 606.4783 604.4689 602.4594 600.6564 600.428
523.9723 535.0428 546.1135 555.9714 562.6376 569.3038 575.97 582.6362 585.8054 587.6459 589.4863 591.3267 592.6592 591.5787 590.4981 589.4176 588.337 585.3304 581.1594 576.9883 572.8173 568.8361 567.287 565.738 564.189 562.6399 563.322 566.0495 568.7769 571.5043 574.2318 575.521 576.7673 578.0135 579.2598 580.7905 582.7136 584.6366 586.5596 588.4827 591.7084 595.1296 598.5508 601.972 605.8188 610.5753 615.3316 620.0879 624.8442 626.0091 626.0897 626.1704 626.251 625.4822 621.6555 617.8287 614.002 610.1752 607.6673 605.8188 603.9703 602.1218 600.4605 600.2267
530.8018 542.323 553.8444 563.6137 568.7722 573.9307 579.0892 584.2477 586.7413 588.2223 589.7032 591.1842 592.119 590.4589 588.799 587.1389 585.4789 581.8895 577.1336 572.3777 567.6218 563.0858 561.3651 559.6443 557.9236 556.2028 556.7189 559.2854 561.8519 564.4183 566.9847 569.056 571.1124 573.1689 575.2254 577.44 579.8727 582.3055 584.7382 587.171 590.0433 592.9816 595.9199 598.8582 602.2598 606.6514 611.0428 615.4343 619.8258 621.2729 621.831 622.3892 622.9473 622.6479 619.2611 615.8743 612.4875 609.1008 606.8468 605.1592 603.4717 601.7841 600.2645 600.0253
537.4933 549.3548 561.2164 570.8248 574.5032 578.1816 581.86 585.5384 587.3707 588.5016 589.6324 590.7632 591.3097 589.0799 586.8502 584.6204 582.3906 578.2675 572.9994 567.7314 562.4634 557.4446 555.6167 553.7888 551.9609 550.133 550.5307 552.9685 555.4063 557.844 560.2818 563.1085 565.9467 568.785 571.6232 574.4914 577.4008 580.3102 583.2195 586.129 588.648 591.1085 593.5689 596.0294 598.9852 602.999 607.0128 611.0266 615.0403 616.7377 617.7357 618.7336 619.7316 619.8712 616.9208 613.9705 611.0202 608.0699 606.0674 604.5389 603.0104 601.4819 600.1032 599.8676
542.4191 553.2075 563.9961 572.5167 575.0684 577.6201 580.1718 582.7235 584.0784 584.9786 585.8787 586.7788 587.0572 584.3821 581.7071 579.032 576.3569 572.3267 567.4772 562.6277 557.7781 553.1996 552.0906 550.9817 549.8727 548.7637 549.6536 552.3758 555.0979 557.82 560.5421 563.7834 567.0401 570.2969 573.5536 576.6869 579.65 582.613 585.576 588.5391 590.7059 592.7532 594.8006 596.848 599.3495 602.8215 606.2934 609.7653 613.2372 614.7759 615.7309 616.686 617.641 617.8322 615.2735 612.7148 610.1562 607.5975 605.815 604.4207 603.0262 601.6318 600.3855 600.2679
547.3448 557.0602 566.7758 574.2085 575.6335 577.0585 578.4835 579.9086 580.7861 581.4555 582.1249 582.7944 582.8047 579.6843 576.564 573.4435 570.3232 566.386 561.9549 557.5239 553.0928 548.9546 548.5646 548.1745 547.7845 547.3945 548.7766 551.783 554.7896 557.796 560.8025 564.4583 568.1335 571.8088 575.484 578.8824 581.8992 584.9159 587.9325 590.9492 592.7638 594.398 596.0322 597.6665 599.7139 602.6439 605.574 608.504 611.434 612.8141 613.7262 614.6383 615.5504 615.7932 613.6262 611.4592 609.2922 607.1251 605.5626 604.3024 603.0421 601.7818 600.6677 600.6682
552.2706 560.913 569.5555 575.9004 576.1987 576.497 576.7953 577.0936 577.4937 577.9324 578.3712 578.8099 578.5522 574.9865 571.4208 567.8551 564.2894 560.4452 556.4326 552.4202 548.4075 544.7095 545.0385 545.3674 545.6963 546.0252 547.8995 551.1903 554.4811 557.772 561.0628 565.1332 569.227 573.3207 577.4144 581.078 584.1484 587.2187 590.289 593.3594 594.8217 596.0428 597.2639 598.485 600.0782 602.4664 604.8546 607.2427 609.6309 610.8523 611.7215 612.5907 613.4599 613.7542 611.9788 610.2034 608.4281 606.6528 605.3102 604.1841 603.0579 601.9318 600.95 601.0685
557.1964 564.7657 572.3352 577.5923 576.7639 575.9355 575.1071 574.2787 574.2013 574.4094 574.6174 574.8254 574.2997 570.2887 566.2777 562.2667 558.2557 554.5045 550.9104 547.3163 543.7223 540.4645 541.5124 542.5602 543.6081 544.6559 547.0224 550.5976 554.1728 557.7479 561.3231 565.8082 570.3204 574.8326 579.3448 583.2736 586.3976 589.5215 592.6455 595.7695 596.8796 597.6876 598.4956 599.3036 600.4426 602.2889 604.1351 605.9814 607.8276 608.8904 609.7167 610.543 611.3693 611.7151 610.3314 608.9478 607.5641 606.1804 605.0578 604.0658 603.0738 602.0818 601.2322 601.4688
557.8772 564.3091 570.7411 574.9994 573.537 572.0745 570.6121 569.1497 568.6027 568.4037 568.2047 568.0057 567.1705 563.3132 559.4559 555.5986 551.7413 548.5251 545.6967 542.8683 540.0398 537.5415 539.269 540.9966 542.7242 544.4518 547.3867 551.4282 555.4698 559.5112 563.5527 568.455 573.3828 578.3107 583.2386 587.5215 590.9147 594.3079 597.701 601.0942 601.89 602.296 602.7021 603.1082 603.731 604.817 605.9031 606.9891 608.0751 608.6814 609.1428 609.6042 610.0657 610.1728 609.0044 607.836 606.6677 605.4993 604.6797 604.0346 603.3895 602.7444 602.2723 603.1195
554.6668 559.9023 565.1379 568.4789 566.834 565.1891 563.5443 561.8994 560.8901 560.1223 559.3546 558.5869 557.4041 554.2496 551.0952 547.9407 544.7863 542.5104 540.7658 539.0212 537.2766 535.8301 538.2016 540.5731 542.9445 545.3159 548.889 553.5637 558.2383 562.9128 567.5875 572.9092 578.2502 583.5913 588.9324 593.6509 597.5109 601.3708 605.2308 609.0908 609.6068 609.6212 609.6356 609.65 609.6998 609.8254 609.951 610.0767 610.2023 610.0789 609.8804 609.6819 609.4834 609.0858 607.971 606.8563 605.7415 604.6268 604.1864 604.0832 603.98 603.8768 604.007 605.9165
551.4564 555.4955 559.5345 561.9583 560.131 558.3037 556.4764 554.649 553.1774 551.8409 550.5045 549.168 547.6376 545.186 542.7344 540.2829 537.8313 536.4957 535.8349 535.1741 534.5133 534.1188 537.1341 540.1494 543.1647 546.18 550.3914 555.6991 561.0068 566.3145 571.6223 577.3635 583.1177 588.8719 594.626 599.7803 604.1071 608.4338 612.7605 617.0873 617.3236 616.9464 616.5691 616.1918 615.6686 614.8338 613.999 613.1642 612.3294 611.4764 610.618 609.7596 608.9011 607.9987 606.9376 605.8765 604.8154 603.7543 603.6931 604.1318 604.5705 605.0092 605.7416 608.7136
548.2461 551.0887 553.9313 555.4377 553.428 551.4183 549.4085 547.3987 545.4648 543.5596 541.6544 539.7491 537.8712 536.1224 534.3737 532.6251 530.8763 530.481 530.904 531.327 531.75 532.4075 536.0667 539.7258 543.3849 547.0441 551.8937 557.8345 563.7754 569.7161 575.657 581.8177 587.9851 594.1525 600.3198 605.9097 610.7032 615.4968 620.2903 625.0838 625.0404 624.2715 623.5026 622.7336 621.6375 619.8422 618.047 616.2518 614.4566 612.874 611.3557 609.8373 608.3188 606.9116 605.9041 604.8967 603.8893 602.8818 603.1998 604.1804 605.161 606.1417 607.4763 611.5106
545.0357 546.6818 548.328 548.9172 546.725 544.5328 542.3406 540.1485 537.7521 535.2781 532.8043 530.3303 528.1047 527.0589 526.013 524.9672 523.9213 524.4663 525.9731 527.4799 528.9868 530.6962 534.9991 539.3021 543.6051 547.9081 553.3959 559.97 566.5439 573.1178 579.6918 586.272 592.8525 599.433 606.0135 612.0391 617.2994 622.5598 627.82 633.0803 632.7573 631.5967 630.436 629.2755 627.6063 624.8506 622.095 619.3394 616.5837 614.2715 612.0933 609.9149 607.7366 605.8245 604.8707 603.9169 602.9632 602.0094 602.7065 604.229 605.7515 607.2741 609.211 614.3076
539.5362 540.1734 540.8106 540.7663 538.9283 537.0903 535.2523 533.4143 531.2772 529.0264 526.7757 524.5249 522.5606 521.9572 521.3537 520.7502 520.1467 521.4786 523.9807 526.4827 528.9847 531.6666 536.6499 541.6332 546.6165 551.5998 557.5367 564.3478 571.159 577.97 584.7811 591.2838 597.7773 604.2708 610.7642 616.4845 621.1384 625.7922 630.446 635.0999 634.4432 632.9899 631.5367 630.0834 628.0947 624.9621 621.8296 618.6971 615.5646 613.1663 610.9897 608.8131 606.6365 604.7601 603.9642 603.1682 602.3723 601.5764 602.2706 603.7098 605.149 606.5883 608.425 613.2919
533.9683 533.6022 533.2361 532.5667 531.0989 529.6311 528.1633 526.6956 524.8392 522.8353 520.8313 518.8274 517.1425 516.9736 516.8047 516.6359 516.467 518.5812 522.0759 525.5706 529.0652 532.7171 538.3818 544.0465 549.7112 555.3759 561.7563 568.7928 575.8292 582.8656 589.9021 596.3123 602.7038 609.0953 615.4868 620.8796 624.895 628.9104 632.9257 636.9411 635.9492 634.2062 632.4632 630.7202 628.4195 624.9275 621.4355 617.9435 614.4515 611.9864 609.8312 607.6761 605.521 603.6964 603.0613 602.4264 601.7914 601.1565 601.8364 603.1736 604.5109 605.8483 607.5637 612.1623
528.4004 527.031 525.6616 524.367 523.2695 522.1719 521.0743 519.9767 518.4012 516.6441 514.887 513.1298 511.7244 511.9901 512.2559 512.5215 512.7873 515.6838 520.1711 524.6584 529.1456 533.7676 540.1137 546.4598 552.8059 559.152 565.9758 573.2377 580.4995 587.7612 595.023 601.3408 607.6303 613.9199 620.2094 625.2748 628.6517 632.0286 635.4055 638.7823 637.4552 635.4224 633.3897 631.3569 628.7443 624.8928 621.0413 617.1899 613.3384 610.8065 608.6728 606.5391 604.4055 602.6326 602.1586 601.6846 601.2106 600.7366 601.4021 602.6375 603.8729 605.1082 606.7024 611.0327
522.8325 520.4598 518.087 516.1674 515.44 514.7126 513.9854 513.258 511.9632 510.4529 508.9426 507.4322 506.3063 507.0067 507.7069 508.4073 509.1076 512.7865 518.2664 523.7462 529.2261 534.8181 541.8456 548.8731 555.9006 562.9281 570.1954 577.6826 585.1697 592.6567 600.1439 606.3692 612.5568 618.7444 624.932 629.6699 632.4083 635.1468 637.8851 640.6235 638.9612 636.6387 634.3162 631.9937 629.0691 624.8582 620.6472 616.4363 612.2253 609.6265 607.5143 605.4021 603.2899 601.5688 601.2558 600.9427 600.6297 600.3167 600.9679 602.1013 603.2347 604.3681 605.8411 609.9031
516.6546 513.9055 511.1563 509.0659 508.7087 508.3516 507.9944 507.6373 506.7181 505.5854 504.4526 503.3199 502.627 504.0234 505.4199 506.8164 508.2129 512.7263 519.1244 525.5223 531.9205 538.3926 545.8129 553.2331 560.6533 568.0736 575.304 582.3602 589.4166 596.4727 603.5291 609.2816 614.9951 620.7087 626.4223 630.5972 632.6498 634.7023 636.7549 638.8074 637.0135 634.6426 632.2717 629.9008 626.9788 622.8796 618.7805 614.6815 610.5823 608.1644 606.2541 604.3438 602.4334 600.8936 600.6873 600.4811 600.275 600.0687 600.6816 601.704 602.7265 603.749 605.082 608.7833
509.6356 507.3747 505.1138 503.479 503.4921 503.5051 503.5182 503.5313 503.1183 502.5435 501.9688 501.394 501.3459 503.7993 506.2527 508.7061 511.1595 516.5794 523.793 531.0065 538.2201 545.4483 552.8632 560.278 567.6929 575.1078 581.6385 587.3589 593.0793 598.7996 604.52 609.2752 614.0015 618.7279 623.4543 626.7412 628.0427 629.3441 630.6455 631.947 630.3024 628.2158 626.1292 624.0426 621.5573 618.22 614.8827 611.5455 608.2083 606.3132 604.8535 603.3939 601.9342 600.754 600.58 600.406 600.232 600.058 600.5994 601.4984 602.3975 603.2965 604.4638 607.6769
502.6165 500.8438 499.0711 497.8921 498.2754 498.6586 499.0419 499.4251 499.5185 499.5017 499.4849 499.4681 500.0647 503.5751 507.0854 510.5958 514.1062 520.4326 528.4617 536.4907 544.5198 552.504 559.9135 567.3231 574.7325 582.142 587.9733 592.3577 596.7421 601.1265 605.511 609.2688 613.008 616.7471 620.4863 622.8852 623.4355 623.9858 624.5361 625.0865 623.5911 621.7889 619.9866 618.1844 616.1357 613.5603 610.9849 608.4095 605.8342 604.462 603.453 602.444 601.435 600.6146 600.4727 600.3309 600.1891 600.0473 600.5171 601.2927 602.0684 602.844 603.8456 606.5705
495.5974 494.3129 493.0285 492.3052 493.0587 493.8121 494.5656 495.3191 495.9187 496.4599 497.0011 497.5423 498.7836 503.3509 507.9182 512.4855 517.0529 524.2858 533.1304 541.9749 550.8195 559.5598 566.9639 574.368 581.7722 589.1763 594.3079 597.3564 600.405 603.4534 606.502 609.2625 612.0144 614.7663 617.5182 619.0292 618.8284 618.6276 618.4268 618.226 616.8799 615.362 613.8441 612.3262 610.7141 608.9006 607.0871 605.2736 603.4601 602.6107 602.0524 601.4941 600.9359 600.4751 600.3654 600.2558 600.1462 600.0366 600.4348 601.0871 601.7393 602.3915 603.2275 605.4641
488.5783 487.7821 486.9858 486.7183 487.8419 488.9656 490.0893 491.213 492.3189 493.4181 494.5172 495.6164 497.5025 503.1267 508.751 514.3752 519.9995 528.1389 537.7991 547.459 557.1192 566.6155 574.0143 581.4131 588.8118 596.2106 600.6426 602.3552 604.0677 605.7803 607.4929 609.2561 611.0208 612.7855 614.5502 615.1732 614.2212 613.2692 612.3173 611.3654 610.1686 608.9351 607.7016 606.4681 605.2925 604.2409 603.1893 602.1376 601.086 600.7595 600.6519 600.5443 600.4366 600.3356 600.2581 600.1807 600.1033 600.0258 600.3525 600.8814 601.4102 601.9391 602.6093 604.3577
482.9027 482.912 482.9212 483.401 485.1188 486.8366 488.5545 490.2723 491.9597 493.6355 495.3113 496.9872 499.5132 506.0778 512.6423 519.2069 525.7715 534.7386 545.1583 555.5778 565.9976 576.1526 582.9209 589.6891 596.4573 603.2255 606.5056 606.5883 606.671 606.7537 606.8363 607.9878 609.1711 610.3546 611.5379 611.8669 611.0177 610.1684 609.3191 608.4698 607.5662 606.6544 605.7425 604.8307 603.9952 603.3229 602.6506 601.9783 601.3059 601.0659 600.9564 600.8469 600.7375 600.6237 600.4944 600.3652 600.236 600.1068 600.4242 600.9649 601.5057 602.0464 602.71 604.3108
477.4286 478.2909 479.1533 480.4241 482.7697 485.1153 487.4609 489.8065 492.0866 494.3419 496.5971 498.8524 502.0176 509.505 516.9925 524.4799 531.9673 541.7502 552.9211 564.0919 575.2627 586.0621 592.106 598.1499 604.1938 610.2377 612.2979 610.7066 609.1153 607.524 605.9326 606.5302 607.1931 607.856 608.519 608.6432 608.0247 607.4061 606.7875 606.1689 605.58 604.9955 604.4109 603.8264 603.3165 602.9661 602.6157 602.2653 601.9149 601.696 601.5168 601.3375 601.1583 600.976 600.7823 600.5887 600.3951 600.2015 600.5189 601.0919 601.6648 602.2377 602.9186 604.4227
471.9544 473.6699 475.3853 477.4472 480.4205 483.3939 486.3672 489.3406 492.2135 495.0482 497.8829 500.7177 504.5221 512.9323 521.3426 529.7529 538.1632 548.762 560.684 572.6058 584.5279 595.9716 601.2911 606.6107 611.9302 617.2498 618.0902 614.8249 611.5596 608.2943 605.0289 605.0726 605.2151 605.3575 605.5 605.4196 605.0317 604.6438 604.256 603.8681 603.5938 603.3366 603.0793 602.8221 602.6378 602.6093 602.5809 602.5524 602.5239 602.326 602.0771 601.8281 601.5792 601.3282 601.0702 600.8122 600.5542 600.2962 600.6136 601.2188 601.8239 602.429 603.1271 604.5347
466.4803 469.0488 471.6174 474.4703 478.0714 481.6725 485.2736 488.8747 492.3404 495.7546 499.1688 502.5829 507.0265 516.3596 525.6927 535.0259 544.359 555.7737 568.4469 581.1199 593.7931 605.881 610.4762 615.0714 619.6667 624.2619 623.8826 618.9432 614.0038 609.0646 604.1252 603.615 603.237 602.859 602.481 602.1959 602.0387 601.8815 601.7244 601.5673 601.6077 601.6777 601.7477 601.8178 601.9591 602.2526 602.546 602.8395 603.1329 602.9561 602.6374 602.3187 601.9999 601.6804 601.3581 601.0357 600.7133 600.3909 600.7084 601.3456 601.983 602.6203 603.3357 604.6467
463.3085 466.648 469.9876 473.5621 477.7551 481.948 486.141 490.3339 494.3973 498.4115 502.4256 506.4398 511.5062 521.5706 531.6349 541.6993 551.7637 563.5488 576.3745 589.1998 602.0255 614.1832 617.7924 621.4016 625.0107 628.6199 627.2357 621.274 615.3125 609.3511 603.3895 602.5801 601.9246 601.2691 600.6136 600.2745 600.3721 600.4695 600.5671 600.6646 600.9678 601.3018 601.6359 601.9699 602.32 602.7045 603.0889 603.4733 603.8577 603.6104 603.1723 602.7342 602.2961 601.8796 601.5408 601.2019 600.863 600.5242 600.8507 601.5099 602.1692 602.8284 603.5518 604.7645
465.0554 468.9904 472.9255 477.0734 481.7814 486.4895 491.1975 495.9055 500.5773 505.2354 509.8933 514.5513 520.2056 530.5919 540.9781 551.3644 561.7507 572.955 584.6538 596.3525 608.0514 619.0521 621.116 623.18 625.244 627.3079 625.3778 619.7864 614.1951 608.6038 603.0125 602.4483 602.0342 601.6202 601.2061 601.1356 601.5389 601.9423 602.3456 602.749 603.204 603.6668 604.1296 604.5924 604.902 604.884 604.866 604.848 604.83 604.3163 603.6528 602.9894 602.326 601.7518 601.4988 601.2457 600.9927 600.7397 601.0948 601.7541 602.4133 603.0726 603.7842 604.895
