data/zism_data/00598_02_D.txt
ncols         224
nrows         224
[rows 168 to 195 of 224, columns 63 to 125 of 224]
707.1511 713.3917 719.6325 725.8731 729.2789 731.684 734.0891 736.4941 737.6857 733.65 729.6144 725.5786 721.5429 715.2422 707.6548 700.0671 692.4798 684.8577 676.8751 668.8923 660.9094 652.9267 645.4563 638.4294 631.4024 624.3755 617.3485 613.349 609.394 605.4389 601.4839 599.06 598.6268 598.1935 597.7603 597.327 597.0059 596.6995 596.3931 596.0868 595.8725 595.8423 595.8121 595.782 595.7518 595.9179 596.1386 596.3593 596.58 596.7862 596.9447 597.1031 597.2616 597.4201 597.5362 597.6324 597.7287 597.825 598.1282 599.8107 601.4932 603.1757 604.8583
701.0029 706.7928 712.5829 718.3729 721.8713 724.5607 727.2502 729.9396 731.3013 726.9437 722.5861 718.2284 713.8708 707.8058 700.7711 693.7361 686.7014 679.6133 671.9686 664.3239 656.679 649.0342 641.994 635.4769 628.9595 622.4424 615.925 612.2238 608.5638 604.9038 601.2439 598.9891 598.5612 598.1333 597.7054 597.2775 596.9096 596.5496 596.1896 595.8296 595.5848 595.5707 595.5567 595.5426 595.5286 595.7318 595.9954 596.259 596.5226 596.7593 596.907 597.0548 597.2025 597.3503 597.4191 597.451 597.4828 597.5147 597.8221 599.966 602.11 604.2539 606.3979
694.8549 700.1942 705.5336 710.8729 714.4639 717.4376 720.4115 723.3853 724.9171 720.2376 715.5581 710.8785 706.199 700.3698 693.8876 687.4053 680.9231 674.369 667.0623 659.7556 652.4487 645.142 638.5317 632.5244 626.5167 620.5093 614.5016 611.0985 607.7336 604.3687 601.0038 598.9182 598.4957 598.0731 597.6506 597.2281 596.8134 596.3997 595.986 595.5723 595.2972 595.2993 595.3013 595.3033 595.3053 595.5456 595.8521 596.1586 596.4651 596.7324 596.8694 597.0064 597.1434 597.2805 597.302 597.2695 597.237 597.2045 597.5161 600.1213 602.7267 605.332 607.9374
688.7068 693.5955 698.4843 703.3729 707.0565 710.3146 713.5729 716.831 718.5329 713.5316 708.5302 703.5286 698.5272 692.9337 687.0042 681.0745 675.1449 669.1248 662.1561 655.1874 648.2184 641.2497 635.0696 629.5718 624.0739 618.5761 613.0782 609.9733 606.9035 603.8336 600.7638 598.8473 598.4301 598.0129 597.5958 597.1786 596.7171 596.2498 595.7825 595.3151 595.0096 595.0277 595.0458 595.064 595.082 595.3594 595.7089 596.0583 596.4078 596.7054 596.8317 596.9581 597.0844 597.2106 597.1849 597.088 596.9911 596.8942 597.21 600.2767 603.3435 606.4102 609.477
682.7971 686.7516 690.7064 694.6609 697.9007 700.888 703.8754 706.8627 708.3857 703.6013 698.8168 694.0322 689.2478 684.0833 678.7031 673.3227 667.9425 662.4707 656.0392 649.6078 643.1761 636.7446 631.0958 626.124 621.1522 616.1804 611.2086 608.4793 605.783 603.0866 600.3903 598.6886 598.2801 597.8715 597.463 597.0544 596.5898 596.1179 595.6458 595.1738 594.8597 594.8613 594.8628 594.8644 594.8659 595.1682 595.554 595.9399 596.3257 596.6625 596.8368 597.0112 597.1855 597.3599 597.2499 597.007 596.7642 596.5212 596.6923 599.6227 602.5533 605.4838 608.4143
677.0407 679.7505 682.4606 685.1704 687.6215 689.981 692.3407 694.7003 695.8199 691.5988 687.3777 683.1565 678.9354 674.324 669.4911 664.658 659.825 654.9108 649.1446 643.3784 637.6121 631.8459 626.7932 622.358 617.9227 613.4875 609.0522 606.7484 604.476 602.2034 599.931 598.4735 598.0757 597.6779 597.2802 596.8823 596.4426 595.9975 595.5523 595.1071 594.7983 594.7623 594.7263 594.6903 594.6543 594.9736 595.3917 595.8097 596.2277 596.6091 596.8693 597.1295 597.3897 597.6498 597.4321 596.9907 596.5493 596.1078 596.0384 598.4484 600.8586 603.2686 605.6788
671.2842 672.7493 674.2144 675.6796 677.3419 679.0737 680.8055 682.5374 683.2537 679.596 675.9382 672.2804 668.6227 664.5644 660.2787 655.9929 651.7073 647.3506 642.2497 637.1488 632.0478 626.9469 622.4905 618.5919 614.6932 610.7946 606.8958 605.0175 603.1689 601.3203 599.4716 598.2585 597.8714 597.4843 597.0972 596.7101 596.2955 595.8771 595.4587 595.0404 594.7369 594.6634 594.5898 594.5163 594.4427 594.7791 595.2293 595.6795 596.1298 596.5558 596.9018 597.2479 597.5939 597.9399 597.6143 596.9744 596.3344 595.6945 595.3845 597.2741 599.1638 601.0534 602.9431
665.5278 665.7482 665.9686 666.189 667.0626 668.1667 669.2708 670.3749 670.6879 667.5936 664.4991 661.4047 658.3103 654.8051 651.0667 647.3282 643.5898 639.7906 635.355 630.9194 626.4837 622.0482 618.188 614.8259 611.4637 608.1016 604.7394 603.2866 601.8619 600.4371 599.0123 598.0434 597.6671 597.2907 596.9144 596.538 596.1483 595.7567 595.3652 594.9737 594.6756 594.5645 594.4534 594.3423 594.2311 594.5845 595.067 595.5494 596.0317 596.5024 596.9343 597.3662 597.798 598.2299 597.7965 596.958 596.1196 595.2811 594.7307 596.0999 597.4691 598.8383 600.2076
660.061 659.0845 658.108 657.1316 657.2395 657.7302 658.2208 658.7115 658.6244 656.0489 653.4734 650.8978 648.3223 645.3317 642.1054 638.879 635.6528 632.3777 628.5929 624.808 621.0229 617.2381 613.967 611.1405 608.3139 605.4874 602.6608 601.6194 600.6042 599.589 598.5739 597.8419 597.4781 597.1144 596.7506 596.3868 596.0198 595.6523 595.2848 594.9173 594.6221 594.4716 594.321 594.1705 594.02 594.3888 594.9018 595.4149 595.9279 596.44 596.949 597.458 597.967 598.476 597.918 596.8605 595.803 594.7455 593.9323 594.7477 595.5632 596.3787 597.1943
659.3015 657.9065 656.5115 655.1166 654.8337 654.9435 655.0532 655.163 654.7283 651.9489 649.1695 646.39 643.6106 640.5085 637.2232 633.9378 630.6525 627.3596 623.9878 620.616 617.2442 613.8724 611.072 608.7659 606.4598 604.1537 601.8476 600.9882 600.1501 599.3119 598.4738 597.8605 597.5397 597.2189 596.898 596.5772 596.1962 595.8072 595.4182 595.0293 594.6965 594.4763 594.256 594.0357 593.8154 594.1732 594.6917 595.21 595.7285 596.2297 596.6744 597.119 597.5636 598.0082 597.0532 595.4431 593.8329 592.2228 590.7863 590.5073 590.2283 589.9493 589.6703
658.5419 656.7285 654.9149 653.1015 652.4279 652.1567 651.8855 651.6143 650.832 647.8488 644.8655 641.8821 638.8988 635.6852 632.3409 628.9964 625.6521 622.3412 619.3826 616.424 613.4653 610.5066 608.1769 606.3913 604.6056 602.82 601.0343 600.3569 599.6959 599.0347 598.3737 597.8792 597.6013 597.3234 597.0455 596.7676 596.3725 595.9621 595.5516 595.1412 594.7709 594.4809 594.1909 593.9009 593.6108 593.9577 594.4814 595.0052 595.529 596.0195 596.3997 596.78 597.1602 597.5404 596.1884 594.0256 591.8629 589.7001 587.6402 586.2667 584.8931 583.5196 582.146
657.7823 655.5504 653.3184 651.0865 650.0222 649.3701 648.7179 648.0657 646.9359 643.7488 640.5616 637.3743 634.1871 630.862 627.4587 624.0552 620.6519 617.3231 614.7775 612.2321 609.6865 607.1409 605.2819 604.0167 602.7515 601.4863 600.2211 599.7257 599.2417 598.7576 598.2736 597.8978 597.6628 597.4279 597.1929 596.9579 596.5488 596.117 595.6851 595.2532 594.8453 594.4856 594.1258 593.7661 593.4063 593.7421 594.2712 594.8004 595.3295 595.8092 596.1251 596.4409 596.7568 597.0726 595.3237 592.6082 589.8928 587.1774 584.4943 582.0262 579.5581 577.0901 574.622
657.0228 654.3724 651.7219 649.0715 647.6165 646.5834 645.5503 644.5172 643.0398 639.6487 636.2577 632.8665 629.4755 626.0388 622.5765 619.114 615.6517 612.3049 610.1725 608.0401 605.9077 603.7753 602.3869 601.6422 600.8973 600.1526 599.4078 599.0945 598.7875 598.4805 598.1735 597.9165 597.7244 597.5323 597.3403 597.1483 596.7252 596.2719 595.8185 595.3652 594.9198 594.4902 594.0607 593.6312 593.2017 593.5266 594.0611 594.5956 595.1301 595.5989 595.8504 596.1019 596.3533 596.6048 594.4589 591.1908 587.9228 584.6548 581.3483 577.7858 574.2231 570.6606 567.098
656.8589 654.5302 652.2015 649.8729 648.3589 647.1328 645.9065 644.6802 642.9456 639.0214 635.0971 631.1727 627.2485 623.4578 619.7432 616.0285 612.3139 608.7704 607.0239 605.2775 603.5309 601.7845 600.7418 600.3079 599.874 599.4402 599.0063 598.7915 598.5799 598.3683 598.1567 597.9735 597.8271 597.6807 597.5342 597.3878 596.968 596.5122 596.0565 595.6007 595.134 594.6457 594.1573 593.6689 593.1805 593.3903 593.7941 594.1979 594.6017 594.8984 594.8406 594.7827 594.7249 594.667 592.1443 588.4678 584.7914 581.115 577.4131 573.5426 569.672 565.8015 561.9308
657.2736 655.9858 654.6979 653.4101 652.1598 650.9229 649.6859 648.4489 646.5449 641.7676 636.9902 632.2128 627.4355 623.0552 618.9007 614.746 610.5915 606.6776 605.2905 603.9035 602.5165 601.1295 600.311 599.9845 599.6579 599.3313 599.0047 598.8074 598.6119 598.4164 598.2209 598.0677 597.9696 597.8715 597.7733 597.6752 597.2751 596.8355 596.3958 595.9562 595.4842 594.9475 594.4108 593.8741 593.3375 593.3311 593.472 593.6129 593.7538 593.7217 593.1166 592.5115 591.9064 591.3013 588.4214 584.4766 580.5319 576.5873 572.7117 569.2972 565.8826 562.4681 559.0535
657.6884 657.4414 657.1945 656.9474 655.9608 654.7131 653.4654 652.2177 650.1442 644.5139 638.8835 633.2529 627.6225 622.6525 618.0581 613.4634 608.869 604.5846 603.5571 602.5295 601.502 600.4744 599.8802 599.661 599.4417 599.2225 599.0032 598.8232 598.6438 598.4644 598.285 598.162 598.1121 598.0623 598.0125 597.9626 597.5824 597.1588 596.7352 596.3117 595.8344 595.2494 594.6644 594.0794 593.4944 593.2718 593.1498 593.0278 592.9058 592.5449 591.3925 590.2402 589.0878 587.9354 584.6983 580.4852 576.2723 572.0594 568.01 565.0516 562.093 559.1346 556.176
658.1032 658.897 659.6909 660.4847 659.7617 658.5032 657.2448 655.9864 653.7434 647.26 640.7766 634.293 627.8095 622.2499 617.2155 612.181 607.1465 602.4918 601.8237 601.1556 600.4875 599.8194 599.4495 599.3375 599.2256 599.1136 599.0016 598.8391 598.6758 598.5125 598.3492 598.2562 598.2546 598.2531 598.2515 598.25 597.8896 597.4821 597.0746 596.6672 596.1844 595.5512 594.918 594.2847 593.6514 593.2126 592.8277 592.4428 592.0579 591.3682 589.6686 587.9689 586.2693 584.5696 580.9753 576.4941 572.0129 567.5317 563.3085 560.8061 558.3036 555.8012 553.2987
658.5179 660.3527 662.1874 664.022 663.5626 662.2935 661.0244 659.7552 657.3428 650.0063 642.6698 635.333 627.9965 621.8473 616.3729 610.8984 605.4241 600.3988 600.0902 599.7816 599.473 599.1644 599.0187 599.014 599.0094 599.0048 599.0001 598.8549 598.7078 598.5605 598.4133 598.3505 598.3972 598.4439 598.4907 598.5374 598.1968 597.8054 597.4141 597.0227 596.5346 595.8531 595.1715 594.49 593.8084 593.1533 592.5056 591.8577 591.21 590.1913 587.9445 585.6976 583.4507 581.2038 577.2523 572.5027 567.7533 563.0039 558.6069 556.5605 554.5141 552.4677 550.4213
659.7495 662.6968 665.6443 668.5917 668.3008 666.867 665.4331 663.9993 661.3843 653.6823 645.9803 638.278 630.5759 624.1053 618.3347 612.5639 606.7933 601.4775 600.9382 600.3989 599.8595 599.3202 599.0618 599.0464 599.031 599.0156 599.0002 598.886 598.7703 598.6545 598.5388 598.4902 598.5288 598.5674 598.6059 598.6445 598.3625 598.0386 597.7147 597.3907 596.9845 596.4138 595.843 595.2723 594.7015 593.9049 593.0456 592.1862 591.3268 589.9188 586.6937 583.4683 580.2432 577.0178 573.0925 568.8394 564.5864 560.3334 556.4202 554.7734 553.1266 551.4798 549.8329
661.0181 665.0814 669.145 673.2083 673.0817 671.4762 669.8707 668.2651 665.4462 657.4007 649.3553 641.3096 633.2641 626.4843 620.424 614.3634 608.3031 602.7003 601.9035 601.1066 600.3098 599.5129 599.1265 599.095 599.0635 599.032 599.0004 598.9177 598.8342 598.7507 598.6672 598.6321 598.6599 598.6877 598.7156 598.7434 598.5219 598.2677 598.0135 597.7593 597.4389 596.9862 596.5335 596.0808 595.6281 594.6934 593.6248 592.5562 591.4876 589.6874 585.4642 581.241 577.0178 572.7944 568.9128 565.1909 561.469 557.7472 554.3477 553.098 551.8482 550.5984 549.3487
662.2866 667.466 672.6455 677.8248 677.8625 676.0853 674.308 672.5309 669.5078 661.119 652.7302 644.3411 635.9522 628.8632 622.5132 616.1629 609.8129 603.9232 602.8688 601.8144 600.7599 599.7056 599.191 599.1435 599.0959 599.0483 599.0007 598.9494 598.8981 598.8468 598.7955 598.7739 598.791 598.8081 598.8252 598.8423 598.6812 598.4968 598.3123 598.1279 597.8934 597.5587 597.224 596.8893 596.5547 595.4819 594.204 592.9261 591.6483 589.456 584.2349 579.0136 573.7925 568.5712 564.7332 561.5424 558.3517 555.1611 552.2753 551.4225 550.5698 549.7171 548.8644
663.5552 669.8506 676.1462 682.4415 682.6434 680.6945 678.7456 676.7968 673.5696 664.8374 656.1052 647.3727 638.6404 631.2422 624.6025 617.9624 611.3226 605.146 603.8341 602.5222 601.2102 599.8983 599.2557 599.192 599.1283 599.0646 599.0009 598.9811 598.962 598.9429 598.9238 598.9157 598.9221 598.9285 598.9349 598.9412 598.8406 598.7259 598.6111 598.4965 598.3478 598.1312 597.9146 597.6979 597.4813 596.2704 594.7833 593.2961 591.809 589.2246 583.0055 576.7862 570.5671 564.3478 560.5534 557.8939 555.2344 552.5749 550.2028 549.7471 549.2914 548.8358 548.3801
663.897 670.5899 677.283 683.9758 684.1834 682.1021 680.0206 677.9393 674.6339 666.0569 657.4799 648.9025 640.3255 633.014 626.422 619.8297 613.2377 607.0709 605.3708 603.6707 601.9705 600.2704 599.4252 599.3193 599.2134 599.1074 599.0015 599.0 599.0 599.0 599.0 598.9962 598.9875 598.9788 598.9701 598.9614 598.8937 598.8182 598.7428 598.6674 598.574 598.445 598.3159 598.1868 598.0578 596.668 594.9282 593.1882 591.4484 588.5393 581.7578 574.9759 568.1943 561.4125 557.7161 555.4636 553.2111 550.9587 548.9713 548.7516 548.5319 548.3121 548.0923
662.8818 668.9201 674.9586 680.9968 680.9782 678.8217 676.6652 674.5087 671.3091 663.6174 655.9257 648.2337 640.5419 633.8967 627.8466 621.7962 615.746 610.0236 607.7441 605.4646 603.185 600.9055 599.7483 599.5619 599.3755 599.1891 599.0027 599.0 599.0 599.0 599.0 598.9869 598.9567 598.9265 598.8964 598.8662 598.7913 598.7104 598.6297 598.5489 598.4663 598.3801 598.294 598.2078 598.1217 596.4936 594.4371 592.3806 590.3242 587.1894 580.483 573.7763 567.0698 560.3632 556.8441 554.817 552.7899 550.7628 548.9713 548.7516 548.5319 548.3121 548.0923
661.8665 667.2502 672.6341 678.0178 677.7729 675.5413 673.3096 671.078 667.9844 661.1779 654.3715 647.5648 640.7584 634.7795 629.2713 623.7628 618.2546 612.9765 610.1176 607.2585 604.3995 601.5405 600.0714 599.8045 599.5376 599.2708 599.0038 599.0 599.0 599.0 599.0 598.9775 598.9259 598.8743 598.8226 598.771 598.6888 598.6027 598.5165 598.4304 598.3585 598.3153 598.2721 598.2288 598.1856 596.3191 593.9461 591.573 589.2 585.8395 579.2081 572.5766 565.9453 559.3137 555.9721 554.1703 552.3685 550.5668 548.9713 548.7516 548.5319 548.3121 548.0923
660.8513 665.5804 670.3098 675.0389 674.5676 672.2609 669.9542 667.6475 664.6597 658.7385 652.8173 646.8959 640.9748 635.6623 630.6959 625.7294 620.763 615.9293 612.4908 609.0524 605.6139 602.1754 600.3945 600.0471 599.6998 599.3524 599.005 599.0 599.0 599.0 599.0 598.9682 598.8951 598.822 598.749 598.6758 598.5864 598.4949 598.4034 598.3119 598.2507 598.2504 598.2501 598.2498 598.2495 596.1446 593.455 590.7654 588.0759 584.4896 577.9334 571.377 564.8207 558.2643 555.1002 553.5237 551.9473 550.3708 548.9713 548.7516 548.5319 548.3121 548.0923
659.836 663.9106 667.9853 672.0599 671.3623 668.9805 666.5986 664.2168 661.3348 656.299 651.2631 646.2271 641.1912 636.545 632.1206 627.6959 623.2715 618.8822 614.8643 610.8464 606.8284 602.8104 600.7176 600.2897 599.8619 599.434 599.0062 599.0 599.0 599.0 599.0 598.9589 598.8643 598.7698 598.6752 598.5806 598.4841 598.3871 598.2903 598.1934 598.143 598.1856 598.2282 598.2708 598.3134 595.9701 592.964 589.9578 586.9517 583.1397 576.6586 570.1772 563.6962 557.2148 554.2281 552.8771 551.5259 550.1749 548.9713 548.7516 548.5319 548.3121 548.0923
657.8253 661.1857 664.5462 667.9066 667.2927 665.2762 663.2596 661.2431 658.8304 654.712 650.5934 646.4749 642.3563 638.1483 633.8895 629.6305 625.3717 621.0957 616.6406 612.1855 607.7302 603.2751 600.9485 600.4632 599.9778 599.4924 599.007 599.0 599.0 599.0 599.0 598.9995 598.9981 598.9968 598.9954 598.9941 598.9644 598.9309 598.8975 598.864 598.7724 598.5643 598.3563 598.1482 597.9401 595.2981 591.9801 588.6619 585.3439 581.3618 575.1806 568.9992 562.818 556.6366 553.8178 552.5727 551.3277 550.0826 548.9731 548.7672 548.5612 548.3552 548.1492
