data/zism_data/00608_04_D.txt
ncols         224
nrows         224
[rows 140 to 167 of 224, columns 0 to 62 of 224]
2830.379 2840.948 2851.518 2862.787 2874.867 2886.946 2899.026 2911.105 2918.398 2925.317 2932.236 2939.155 2945.579 2951.235 2956.89 2962.546 2968.202 2974.16 2980.17 2986.18 2992.189 2997.855 3002.784 3007.714 3012.644 3017.574 3018.913 3019.254 3019.595 3019.937 3019.712 3017.755 3015.799 3013.843 3011.886 3006.066 2998.667 2991.27 2983.872 2975.19 2960.41 2945.631 2930.851 2916.071 2898.684 2879.815 2860.947 2842.078 2824.407 2817.346 2810.286 2803.225 2796.165 2794.243 2796.275 2798.306 2800.338 2802.778 2818.909 2835.04 2851.171 2867.301 2883.842
2836.28 2846.038 2855.797 2866.758 2879.107 2891.457 2903.807 2916.156 2924.004 2931.501 2938.998 2946.494 2953.444 2959.542 2965.64 2971.739 2977.837 2983.805 2989.75 2995.694 3001.639 3007.245 3012.126 3017.008 3021.889 3026.77 3028.014 3028.247 3028.48 3028.713 3028.342 3026.121 3023.9 3021.679 3019.458 3013.522 3006.071 2998.619 2991.167 2982.421 2967.528 2952.635 2937.741 2922.848 2905.269 2886.162 2867.056 2847.949 2829.978 2822.059 2814.14 2806.221 2798.302 2795.775 2797.396 2799.017 2800.638 2802.648 2817.65 2832.652 2847.654 2862.656 2878.787
2842.179 2851.128 2860.077 2870.729 2883.348 2895.968 2908.587 2921.207 2929.611 2937.685 2945.759 2953.833 2961.308 2967.849 2974.39 2980.932 2987.473 2993.449 2999.329 3005.209 3011.089 3016.635 3021.468 3026.301 3031.133 3035.966 3037.115 3037.24 3037.365 3037.49 3036.972 3034.487 3032.001 3029.516 3027.03 3020.979 3013.474 3005.968 2998.462 2989.652 2974.645 2959.638 2944.632 2929.625 2911.853 2892.509 2873.165 2853.821 2835.549 2826.771 2817.994 2809.216 2800.439 2797.307 2798.517 2799.728 2800.939 2802.517 2816.39 2830.264 2844.138 2858.011 2873.732
2848.079 2856.218 2864.357 2874.699 2887.589 2900.479 2913.368 2926.258 2935.217 2943.869 2952.521 2961.173 2969.173 2976.156 2983.14 2990.125 2997.109 3003.094 3008.909 3014.724 3020.539 3026.026 3030.81 3035.594 3040.378 3045.162 3046.216 3046.233 3046.25 3046.267 3045.603 3042.853 3040.102 3037.352 3034.602 3028.437 3020.876 3013.317 3005.757 2996.882 2981.762 2966.642 2951.522 2936.402 2918.438 2898.856 2879.275 2859.693 2841.12 2831.484 2821.848 2812.212 2802.575 2798.838 2799.638 2800.439 2801.239 2802.386 2815.131 2827.876 2840.622 2853.367 2868.677
2853.823 2861.083 2868.344 2878.223 2891.128 2904.034 2916.939 2929.844 2939.446 2948.789 2958.133 2967.476 2976.169 2983.85 2991.531 2999.212 3006.893 3012.981 3018.8 3024.619 3030.437 3035.832 3040.323 3044.813 3049.303 3053.794 3054.496 3054.147 3053.797 3053.448 3052.324 3048.833 3045.342 3041.85 3038.359 3031.553 3023.395 3015.237 3007.078 2997.604 2981.88 2966.157 2950.433 2934.709 2917.0 2898.161 2879.322 2860.483 2842.567 2832.821 2823.076 2813.33 2803.584 2799.626 2800.12 2800.615 2801.109 2801.918 2813.281 2824.643 2836.006 2847.368 2861.963
2859.536 2865.906 2872.276 2881.662 2894.535 2907.407 2920.281 2933.153 2943.414 2953.47 2963.526 2973.582 2983.0 2991.427 2999.853 3008.279 3016.705 3022.916 3028.75 3034.585 3040.42 3045.718 3049.868 3054.018 3058.168 3062.318 3062.622 3061.856 3061.091 3060.325 3058.684 3054.361 3050.038 3045.715 3041.393 3033.847 3024.987 3016.126 3007.266 2997.091 2980.67 2964.25 2947.83 2931.41 2914.04 2896.13 2878.22 2860.31 2843.232 2833.518 2823.805 2814.092 2804.378 2800.272 2800.481 2800.689 2800.897 2801.387 2811.318 2821.25 2831.182 2841.113 2854.934
2865.249 2870.728 2876.207 2885.1 2897.941 2910.781 2923.622 2936.462 2947.382 2958.15 2968.919 2979.688 2989.832 2999.003 3008.175 3017.346 3026.517 3032.85 3038.7 3044.552 3050.403 3055.603 3059.413 3063.223 3067.033 3070.843 3070.747 3069.565 3068.385 3067.203 3065.043 3059.889 3054.735 3049.58 3044.426 3036.141 3026.579 3017.017 3007.454 2996.578 2979.461 2962.344 2945.227 2928.111 2911.081 2894.099 2877.118 2860.137 2843.896 2834.215 2824.534 2814.853 2805.172 2800.919 2800.841 2800.763 2800.685 2800.855 2809.356 2817.857 2826.357 2834.858 2847.905
2870.963 2875.551 2880.139 2888.539 2901.347 2914.155 2926.964 2939.771 2951.349 2962.831 2974.313 2985.794 2996.664 3006.58 3016.496 3026.413 3036.33 3042.784 3048.651 3054.518 3060.385 3065.488 3068.958 3072.428 3075.897 3079.367 3078.872 3077.275 3075.678 3074.081 3071.403 3065.417 3059.431 3053.445 3047.459 3038.435 3028.171 3017.906 3007.642 2996.065 2978.251 2960.438 2942.625 2924.812 2908.121 2892.069 2876.017 2859.964 2844.561 2834.912 2825.264 2815.615 2805.967 2801.566 2801.201 2800.837 2800.473 2800.324 2807.394 2814.463 2821.533 2828.603 2840.876
2876.865 2880.608 2884.351 2892.256 2904.975 2917.693 2930.411 2943.129 2955.333 2967.496 2979.659 2991.822 3003.356 3013.911 3024.466 3035.021 3045.576 3052.039 3057.809 3063.579 3069.349 3074.265 3077.355 3080.445 3083.535 3086.626 3085.786 3083.856 3081.925 3079.995 3076.908 3070.285 3063.661 3057.038 3050.414 3040.772 3029.898 3019.023 3008.149 2995.973 2977.615 2959.256 2940.897 2922.538 2906.063 2890.656 2875.25 2859.843 2845.025 2835.414 2825.802 2816.191 2806.58 2802.093 2801.547 2801.002 2800.457 2800.104 2806.21 2812.315 2818.421 2824.527 2836.196
2883.199 2886.202 2889.206 2896.612 2909.109 2921.605 2934.102 2946.599 2959.353 2972.126 2984.899 2997.672 3009.732 3020.681 3031.63 3042.579 3053.528 3059.744 3065.158 3070.571 3075.985 3080.508 3083.128 3085.749 3088.369 3090.99 3089.934 3087.858 3085.781 3083.705 3080.461 3073.643 3066.825 3060.007 3053.189 3043.207 3031.933 3020.659 3009.385 2996.845 2978.286 2959.728 2941.169 2922.611 2906.063 2890.656 2875.25 2859.843 2845.03 2835.467 2825.905 2816.342 2806.779 2802.347 2801.861 2801.375 2800.889 2800.597 2806.805 2813.013 2819.222 2825.43 2836.882
2889.533 2891.796 2894.06 2900.967 2913.242 2925.518 2937.793 2950.069 2963.372 2976.755 2990.139 3003.522 3016.107 3027.45 3038.794 3050.137 3061.48 3067.449 3072.506 3077.563 3082.62 3086.751 3088.902 3091.052 3093.203 3095.354 3094.082 3091.86 3089.638 3087.416 3084.013 3077.001 3069.989 3062.977 3055.964 3045.642 3033.969 3022.295 3010.622 2997.717 2978.958 2960.2 2941.441 2922.683 2906.063 2890.656 2875.25 2859.843 2845.035 2835.521 2826.007 2816.492 2806.979 2802.601 2802.174 2801.748 2801.321 2801.09 2807.401 2813.711 2820.022 2826.333 2837.569
2895.867 2897.391 2898.914 2905.322 2917.376 2929.43 2941.484 2953.539 2967.392 2981.385 2995.379 3009.372 3022.483 3034.22 3045.958 3057.695 3069.433 3075.153 3079.854 3084.555 3089.256 3092.994 3094.675 3096.356 3098.037 3099.718 3098.23 3095.862 3093.494 3091.126 3087.566 3080.36 3073.153 3065.946 3058.74 3048.077 3036.004 3023.931 3011.858 2998.588 2979.63 2960.672 2941.713 2922.756 2906.063 2890.656 2875.25 2859.843 2845.04 2835.574 2826.109 2816.643 2807.178 2802.855 2802.488 2802.121 2801.753 2801.583 2807.996 2814.409 2820.823 2827.236 2838.255
2902.201 2902.985 2903.769 2909.677 2921.51 2933.343 2945.176 2957.008 2971.411 2986.015 3000.619 3015.222 3028.858 3040.99 3053.122 3065.253 3077.385 3082.858 3087.202 3091.547 3095.891 3099.237 3100.448 3101.659 3102.87 3104.082 3102.378 3099.864 3097.35 3094.837 3091.119 3083.718 3076.317 3068.916 3061.514 3050.512 3038.04 3025.567 3013.094 2999.46 2980.301 2961.144 2941.986 2922.828 2906.063 2890.656 2875.25 2859.843 2845.045 2835.628 2826.211 2816.794 2807.377 2803.109 2802.801 2802.493 2802.186 2802.076 2808.592 2815.107 2821.623 2828.139 2838.942
2909.862 2909.799 2909.735 2914.99 2926.394 2937.798 2949.202 2960.606 2974.882 2989.382 3003.883 3018.383 3032.049 3044.417 3056.785 3069.154 3081.522 3086.895 3091.082 3095.269 3099.457 3102.62 3103.598 3104.576 3105.554 3106.532 3104.777 3102.262 3099.748 3097.234 3093.557 3086.327 3079.096 3071.866 3064.635 3053.52 3040.817 3028.115 3015.413 3001.612 2982.586 2963.56 2944.534 2925.508 2908.336 2892.216 2876.096 2859.976 2844.545 2835.214 2825.884 2816.552 2807.222 2803.491 2804.068 2804.645 2805.222 2806.02 2814.201 2822.384 2830.566 2838.748 2849.982
2917.924 2916.98 2916.037 2920.591 2931.504 2942.417 2953.33 2964.242 2978.187 2992.369 3006.551 3020.732 3034.279 3046.836 3059.393 3071.95 3084.508 3089.825 3093.915 3098.005 3102.094 3105.141 3105.957 3106.772 3107.588 3108.404 3106.647 3104.176 3101.705 3099.234 3095.659 3088.71 3081.76 3074.811 3067.861 3056.7 3043.819 3030.939 3018.059 3004.151 2985.357 2966.563 2947.769 2928.976 2911.295 2894.247 2877.198 2860.149 2843.894 2834.66 2825.427 2816.192 2806.959 2803.911 2805.622 2807.333 2809.044 2811.005 2821.325 2831.646 2841.966 2852.286 2864.147
2925.986 2924.162 2922.338 2926.193 2936.615 2947.036 2957.457 2967.878 2981.492 2995.355 3009.219 3023.082 3036.508 3049.254 3062.0 3074.747 3087.493 3092.754 3096.747 3100.74 3104.733 3107.661 3108.315 3108.969 3109.623 3110.276 3108.518 3106.09 3103.663 3101.235 3097.762 3091.093 3084.424 3077.755 3071.086 3059.88 3046.821 3033.763 3020.705 3006.689 2988.127 2969.566 2951.004 2932.443 2914.255 2896.277 2878.3 2860.323 2843.242 2834.106 2824.969 2815.833 2806.696 2804.332 2807.177 2810.022 2812.867 2815.991 2828.449 2840.907 2853.366 2865.825 2878.313
2934.048 2931.344 2928.64 2931.795 2941.725 2951.655 2961.585 2971.515 2984.798 2998.342 3011.887 3025.431 3038.738 3051.673 3064.608 3077.543 3090.478 3095.684 3099.58 3103.475 3107.371 3110.181 3110.673 3111.165 3111.657 3112.149 3110.389 3108.005 3105.62 3103.235 3099.864 3093.476 3087.088 3080.7 3074.312 3063.06 3049.823 3036.587 3023.35 3009.228 2990.898 2972.57 2954.24 2935.911 2917.214 2898.308 2879.402 2860.496 2842.591 2833.552 2824.512 2815.473 2806.433 2804.752 2808.731 2812.71 2816.689 2820.976 2835.573 2850.169 2864.767 2879.363 2892.478
2941.3 2938.006 2934.712 2937.354 2946.862 2956.37 2965.877 2975.385 2988.366 3001.618 3014.87 3028.123 3041.259 3054.216 3067.172 3080.129 3093.085 3098.261 3102.118 3105.976 3109.833 3112.569 3112.91 3113.251 3113.592 3113.933 3112.133 3109.738 3107.342 3104.947 3101.613 3095.409 3089.206 3083.002 3076.798 3065.46 3052.027 3038.593 3025.159 3010.872 2992.524 2974.176 2955.828 2937.481 2918.369 2898.822 2879.276 2859.729 2841.287 2832.626 2823.966 2815.305 2806.645 2805.807 2810.988 2816.169 2821.349 2826.854 2843.229 2859.603 2875.978 2892.352 2905.953
2945.866 2942.945 2940.023 2942.776 2952.089 2961.402 2970.715 2980.028 2992.805 3005.852 3018.899 3031.946 3044.749 3057.171 3069.592 3082.014 3094.436 3099.669 3103.682 3107.696 3111.71 3114.517 3114.744 3114.972 3115.2 3115.428 3113.455 3110.87 3108.286 3105.701 3102.192 3095.854 3089.515 3083.176 3076.837 3065.276 3051.583 3037.891 3024.198 3009.548 2990.353 2971.158 2951.962 2932.767 2913.547 2894.314 2875.08 2855.847 2837.819 2830.47 2823.122 2815.774 2808.425 2808.964 2815.571 2822.177 2828.783 2835.69 2852.647 2869.604 2886.562 2903.52 2917.143
2950.432 2947.883 2945.334 2948.197 2957.316 2966.434 2975.553 2984.672 2997.244 3010.086 3022.928 3035.77 3048.239 3060.125 3072.013 3083.9 3095.787 3101.076 3105.247 3109.417 3113.587 3116.465 3116.579 3116.693 3116.808 3116.922 3114.776 3112.003 3109.229 3106.456 3102.771 3096.298 3089.824 3083.35 3076.876 3065.092 3051.14 3037.188 3023.236 3008.225 2988.182 2968.139 2948.095 2928.052 2908.726 2889.805 2870.885 2851.965 2834.351 2828.315 2822.279 2816.242 2810.206 2812.122 2820.153 2828.185 2836.217 2844.525 2862.065 2879.605 2897.147 2914.687 2928.332
2954.998 2952.822 2950.646 2953.618 2962.542 2971.467 2980.391 2989.315 3001.683 3014.32 3026.957 3039.594 3051.728 3063.081 3074.433 3085.786 3097.138 3102.484 3106.811 3111.138 3115.465 3118.412 3118.413 3118.414 3118.415 3118.416 3116.098 3113.136 3110.173 3107.211 3103.35 3096.742 3090.133 3083.524 3076.916 3064.908 3050.697 3036.486 3022.275 3006.902 2986.011 2965.12 2944.229 2923.338 2903.904 2885.297 2866.69 2848.082 2830.884 2826.16 2821.436 2816.711 2811.987 2815.279 2824.736 2834.193 2843.651 2853.36 2871.483 2889.607 2907.731 2925.855 2939.521
2959.564 2957.761 2955.958 2959.039 2967.769 2976.499 2985.229 2993.959 3006.122 3018.554 3030.986 3043.417 3055.218 3066.035 3076.854 3087.672 3098.49 3103.891 3108.375 3112.859 3117.342 3120.36 3120.248 3120.135 3120.023 3119.911 3117.42 3114.269 3111.117 3107.966 3103.929 3097.186 3090.442 3083.698 3076.955 3064.724 3050.254 3035.784 3021.313 3005.579 2983.84 2962.102 2940.363 2918.624 2899.082 2880.788 2862.495 2844.2 2827.416 2824.004 2820.592 2817.18 2813.768 2818.436 2829.319 2840.202 2851.084 2862.195 2880.901 2899.608 2918.316 2937.022 2950.711
2966.386 2965.154 2963.922 2967.246 2975.838 2984.43 2993.022 3001.614 3013.229 3025.08 3036.931 3048.781 3060.057 3070.438 3080.819 3091.201 3101.582 3106.916 3111.395 3115.873 3120.352 3123.225 3122.669 3122.112 3121.556 3121.0 3118.115 3114.583 3111.051 3107.519 3103.124 3096.092 3089.059 3082.026 3074.994 3062.426 3047.599 3032.772 3017.945 3001.927 2980.253 2958.58 2936.906 2915.232 2896.587 2879.661 2862.736 2845.811 2830.398 2828.385 2826.371 2824.357 2822.344 2828.071 2839.752 2851.433 2863.115 2874.982 2893.077 2911.173 2929.269 2947.364 2960.33
2974.194 2973.621 2973.048 2976.673 2985.152 2993.63 3002.109 3010.587 3021.502 3032.608 3043.714 3054.82 3065.488 3075.474 3085.461 3095.448 3105.435 3110.648 3115.051 3119.454 3123.857 3126.491 3125.346 3124.201 3123.056 3121.911 3118.535 3114.539 3110.542 3106.546 3101.714 3094.325 3086.936 3079.547 3072.158 3059.203 3043.976 3028.75 3013.523 2997.256 2976.047 2954.838 2933.628 2912.419 2895.109 2880.014 2864.919 2849.824 2836.202 2835.625 2835.047 2834.47 2833.893 2840.54 2852.745 2864.95 2877.155 2889.498 2906.46 2923.421 2940.384 2957.345 2969.262
2982.003 2982.088 2982.174 2986.099 2994.465 3002.83 3011.195 3019.56 3029.776 3040.136 3050.497 3060.858 3070.918 3080.511 3090.103 3099.696 3109.289 3114.38 3118.707 3123.035 3127.362 3129.757 3128.024 3126.29 3124.557 3122.823 3118.956 3114.495 3110.034 3105.573 3100.303 3092.558 3084.813 3077.067 3069.322 3055.98 3040.354 3024.728 3009.102 2992.585 2971.84 2951.095 2930.35 2909.605 2893.631 2880.366 2867.102 2853.837 2842.006 2842.865 2843.724 2844.583 2845.441 2853.01 2865.738 2878.467 2891.196 2904.014 2919.842 2935.67 2951.498 2967.326 2978.194
2989.811 2990.555 2991.3 2995.526 3003.778 3012.029 3020.281 3028.532 3038.049 3047.665 3057.281 3066.896 3076.348 3085.547 3094.745 3103.944 3113.143 3118.112 3122.363 3126.615 3130.867 3133.023 3130.701 3128.379 3126.057 3123.735 3119.376 3114.451 3109.526 3104.601 3098.893 3090.791 3082.689 3074.588 3066.486 3052.757 3036.731 3020.706 3004.68 2987.915 2967.634 2947.353 2927.072 2906.792 2892.153 2880.719 2869.285 2857.851 2847.81 2850.105 2852.4 2854.695 2856.99 2865.479 2878.731 2891.984 2905.236 2918.531 2933.225 2947.918 2962.613 2977.306 2987.126
2998.07 2999.438 3000.807 3005.295 3013.39 3021.484 3029.578 3037.673 3046.575 3055.54 3064.505 3073.47 3082.39 3091.24 3100.09 3108.94 3117.79 3122.55 3126.617 3130.684 3134.751 3136.581 3133.631 3130.681 3127.73 3124.78 3119.865 3114.403 3108.941 3103.479 3097.259 3088.719 3080.179 3071.64 3063.1 3048.932 3032.466 3016.0 2999.534 2982.52 2962.897 2943.275 2923.652 2904.03 2890.804 2881.212 2871.621 2862.029 2853.792 2857.554 2861.315 2865.077 2868.838 2878.198 2891.864 2905.53 2919.196 2932.858 2946.356 2959.854 2973.352 2986.85 2995.611
3008.704 3010.516 3012.327 3016.872 3024.578 3032.283 3039.989 3047.695 3056.428 3065.242 3074.056 3082.87 3091.656 3100.398 3109.139 3117.882 3126.624 3130.717 3134.023 3137.329 3140.634 3141.678 3137.891 3134.104 3130.317 3126.53 3120.714 3114.334 3107.954 3101.575 3094.448 3085.039 3075.63 3066.221 3056.812 3041.927 3024.808 3007.689 2990.57 2973.308 2955.365 2937.422 2919.478 2901.535 2890.134 2882.448 2874.762 2867.077 2860.718 2866.104 2871.491 2876.878 2882.265 2892.237 2905.735 2919.234 2932.733 2946.188 2958.163 2970.138 2982.114 2994.089 3001.739
