data/zism_data/00600_01_D.txt
ncols         224
nrows         224
[rows 56 to 83 of 224, columns 128 to 191 of 224]
1815.616 1816.478 1817.339 1818.179 1819.002 1819.826 1820.649 1821.467 1821.912 1822.356 1822.801 1823.246 1823.731 1824.264 1824.797 1825.33 1825.863 1826.493 1827.132 1827.771 1828.41 1828.884 1829.068 1829.253 1829.437 1829.621 1829.256 1828.764 1828.271 1827.779 1827.289 1826.807 1826.324 1825.842 1825.359 1824.948 1824.567 1824.186 1823.805 1823.484 1823.484 1823.484 1823.484 1823.484 1823.484 1823.484 1823.484 1823.484 1823.491 1823.62 1823.749 1823.878 1824.007 1824.135 1824.264 1824.393 1824.522 1824.65 1824.656 1824.656 1824.656 1824.656 1824.757 1825.008
1816.46 1817.274 1818.087 1818.933 1819.804 1820.676 1821.547 1822.414 1822.938 1823.463 1823.987 1824.512 1825.045 1825.589 1826.132 1826.676 1827.219 1827.84 1828.469 1829.097 1829.726 1830.158 1830.247 1830.335 1830.423 1830.512 1830.138 1829.656 1829.174 1828.692 1828.214 1827.748 1827.281 1826.815 1826.348 1825.991 1825.679 1825.367 1825.055 1824.793 1824.793 1824.793 1824.793 1824.793 1824.793 1824.793 1824.793 1824.793 1824.798 1824.878 1824.959 1825.04 1825.121 1825.202 1825.283 1825.363 1825.444 1825.525 1825.529 1825.529 1825.529 1825.529 1825.637 1825.903
1817.304 1818.069 1818.835 1819.687 1820.607 1821.526 1822.445 1823.36 1823.965 1824.569 1825.173 1825.778 1826.359 1826.913 1827.467 1828.022 1828.576 1829.188 1829.806 1830.424 1831.041 1831.432 1831.425 1831.417 1831.41 1831.403 1831.019 1830.548 1830.076 1829.605 1829.139 1828.689 1828.238 1827.788 1827.338 1827.034 1826.792 1826.549 1826.306 1826.102 1826.102 1826.102 1826.102 1826.102 1826.102 1826.102 1826.102 1826.102 1826.104 1826.137 1826.17 1826.202 1826.235 1826.268 1826.301 1826.334 1826.367 1826.4 1826.401 1826.401 1826.401 1826.401 1826.516 1826.798
1818.155 1818.898 1819.64 1820.501 1821.454 1822.406 1823.358 1824.306 1824.976 1825.645 1826.314 1826.983 1827.608 1828.181 1828.755 1829.328 1829.901 1830.498 1831.096 1831.695 1832.294 1832.649 1832.576 1832.503 1832.429 1832.356 1831.959 1831.487 1831.015 1830.542 1830.079 1829.641 1829.203 1828.766 1828.328 1828.067 1827.878 1827.689 1827.501 1827.342 1827.342 1827.342 1827.342 1827.342 1827.342 1827.342 1827.342 1827.342 1827.342 1827.342 1827.342 1827.342 1827.342 1827.341 1827.337 1827.334 1827.331 1827.327 1827.325 1827.324 1827.322 1827.32 1827.43 1827.703
1819.023 1819.797 1820.572 1821.447 1822.399 1823.351 1824.304 1825.252 1825.953 1826.655 1827.356 1828.057 1828.716 1829.327 1829.937 1830.548 1831.158 1831.724 1832.286 1832.847 1833.408 1833.74 1833.667 1833.593 1833.52 1833.447 1833.028 1832.529 1832.03 1831.532 1831.05 1830.617 1830.185 1829.752 1829.32 1829.076 1828.908 1828.741 1828.574 1828.433 1828.433 1828.433 1828.433 1828.433 1828.433 1828.433 1828.433 1828.433 1828.433 1828.433 1828.433 1828.433 1828.433 1828.426 1828.412 1828.398 1828.384 1828.37 1828.363 1828.356 1828.349 1828.342 1828.422 1828.631
1819.891 1820.697 1821.503 1822.392 1823.344 1824.297 1825.249 1826.198 1826.931 1827.664 1828.398 1829.131 1829.824 1830.472 1831.12 1831.768 1832.416 1832.951 1833.475 1833.999 1834.523 1834.831 1834.757 1834.684 1834.611 1834.538 1834.097 1833.572 1833.046 1832.521 1832.021 1831.594 1831.167 1830.739 1830.312 1830.085 1829.939 1829.793 1829.647 1829.524 1829.524 1829.524 1829.524 1829.524 1829.524 1829.524 1829.524 1829.524 1829.524 1829.524 1829.524 1829.524 1829.524 1829.511 1829.487 1829.462 1829.437 1829.413 1829.4 1829.388 1829.375 1829.363 1829.414 1829.56
1820.758 1821.596 1822.435 1823.338 1824.29 1825.242 1826.194 1827.144 1827.909 1828.674 1829.439 1830.204 1830.932 1831.618 1832.303 1832.988 1833.673 1834.177 1834.664 1835.151 1835.638 1835.922 1835.848 1835.775 1835.702 1835.629 1835.167 1834.614 1834.062 1833.51 1832.992 1832.57 1832.148 1831.726 1831.305 1831.094 1830.969 1830.844 1830.719 1830.615 1830.615 1830.615 1830.615 1830.615 1830.615 1830.615 1830.615 1830.615 1830.615 1830.615 1830.615 1830.615 1830.615 1830.597 1830.562 1830.526 1830.491 1830.456 1830.437 1830.419 1830.402 1830.384 1830.407 1830.488
1821.626 1822.496 1823.366 1824.283 1825.235 1826.188 1827.14 1828.09 1828.887 1829.684 1830.481 1831.278 1832.041 1832.763 1833.485 1834.208 1834.93 1835.403 1835.853 1836.303 1836.752 1837.012 1836.939 1836.866 1836.793 1836.719 1836.236 1835.657 1835.078 1834.499 1833.963 1833.546 1833.13 1832.713 1832.297 1832.103 1831.999 1831.896 1831.792 1831.706 1831.706 1831.706 1831.706 1831.706 1831.706 1831.706 1831.706 1831.706 1831.706 1831.706 1831.706 1831.706 1831.706 1831.682 1831.636 1831.59 1831.544 1831.498 1831.474 1831.451 1831.428 1831.405 1831.399 1831.416
1822.607 1823.462 1824.318 1825.215 1826.144 1827.073 1828.002 1828.93 1829.782 1830.634 1831.487 1832.339 1833.136 1833.868 1834.601 1835.333 1836.066 1836.531 1836.97 1837.41 1837.849 1838.103 1838.03 1837.957 1837.883 1837.81 1837.302 1836.693 1836.083 1835.474 1834.917 1834.51 1834.103 1833.695 1833.288 1833.112 1833.029 1832.947 1832.865 1832.796 1832.796 1832.796 1832.796 1832.796 1832.796 1832.796 1832.796 1832.796 1832.796 1832.796 1832.796 1832.796 1832.796 1832.746 1832.646 1832.547 1832.448 1832.348 1832.313 1832.281 1832.249 1832.217 1832.183 1832.148
1823.63 1824.453 1825.277 1826.142 1827.039 1827.936 1828.833 1829.73 1830.647 1831.563 1832.479 1833.396 1834.227 1834.959 1835.692 1836.424 1837.157 1837.622 1838.061 1838.501 1838.94 1839.194 1839.121 1839.047 1838.974 1838.901 1838.367 1837.725 1837.084 1836.443 1835.865 1835.469 1835.072 1834.675 1834.279 1834.12 1834.06 1833.999 1833.938 1833.887 1833.887 1833.887 1833.887 1833.887 1833.887 1833.887 1833.887 1833.887 1833.887 1833.887 1833.887 1833.887 1833.887 1833.802 1833.633 1833.464 1833.296 1833.127 1833.079 1833.036 1832.993 1832.95 1832.891 1832.808
1824.653 1825.445 1826.236 1827.07 1827.935 1828.8 1829.665 1830.531 1831.512 1832.492 1833.472 1834.452 1835.318 1836.05 1836.782 1837.515 1838.247 1838.712 1839.152 1839.591 1840.031 1840.285 1840.211 1840.138 1840.065 1839.992 1839.431 1838.758 1838.085 1837.412 1836.813 1836.427 1836.041 1835.655 1835.269 1835.129 1835.09 1835.05 1835.011 1834.978 1834.978 1834.978 1834.978 1834.978 1834.978 1834.978 1834.978 1834.978 1834.978 1834.978 1834.978 1834.978 1834.978 1834.857 1834.619 1834.381 1834.144 1833.906 1833.844 1833.791 1833.737 1833.684 1833.599 1833.468
1825.676 1826.436 1827.196 1827.997 1828.83 1829.663 1830.496 1831.332 1832.376 1833.42 1834.464 1835.509 1836.408 1837.141 1837.873 1838.606 1839.338 1839.803 1840.243 1840.682 1841.122 1841.375 1841.302 1841.229 1841.156 1841.082 1840.496 1839.791 1839.086 1838.381 1837.762 1837.386 1837.011 1836.635 1836.26 1836.138 1836.12 1836.102 1836.084 1836.068 1836.068 1836.068 1836.068 1836.068 1836.068 1836.068 1836.068 1836.068 1836.068 1836.068 1836.068 1836.068 1836.068 1835.913 1835.606 1835.299 1834.991 1834.684 1834.61 1834.545 1834.481 1834.417 1834.306 1834.128
1826.709 1827.442 1828.174 1828.944 1829.743 1830.542 1831.34 1832.143 1833.233 1834.322 1835.411 1836.501 1837.429 1838.171 1838.912 1839.654 1840.396 1840.868 1841.315 1841.761 1842.208 1842.462 1842.377 1842.292 1842.207 1842.122 1841.512 1840.779 1840.047 1839.314 1838.68 1838.322 1837.964 1837.606 1837.249 1837.147 1837.15 1837.153 1837.157 1837.159 1837.159 1837.159 1837.159 1837.159 1837.159 1837.159 1837.159 1837.159 1837.159 1837.152 1837.145 1837.138 1837.131 1836.942 1836.575 1836.209 1835.843 1835.477 1835.389 1835.314 1835.24 1835.165 1835.03 1834.807
1827.8 1828.532 1829.265 1830.008 1830.758 1831.509 1832.26 1833.015 1834.04 1835.066 1836.091 1837.117 1838.04 1838.846 1839.652 1840.457 1841.263 1841.785 1842.279 1842.774 1843.268 1843.524 1843.359 1843.194 1843.029 1842.864 1842.239 1841.506 1840.774 1840.042 1839.422 1839.123 1838.824 1838.525 1838.226 1838.156 1838.181 1838.205 1838.229 1838.25 1838.25 1838.25 1838.25 1838.25 1838.25 1838.25 1838.25 1838.25 1838.247 1838.192 1838.137 1838.082 1838.027 1837.814 1837.448 1837.082 1836.715 1836.349 1836.252 1836.166 1836.081 1835.995 1835.845 1835.601
1828.891 1829.623 1830.355 1831.071 1831.774 1832.477 1833.18 1833.887 1834.848 1835.81 1836.771 1837.733 1838.652 1839.521 1840.391 1841.261 1842.13 1842.701 1843.243 1843.786 1844.328 1844.585 1844.341 1844.096 1843.851 1843.607 1842.966 1842.234 1841.501 1840.769 1840.164 1839.924 1839.683 1839.443 1839.202 1839.165 1839.211 1839.257 1839.302 1839.341 1839.341 1839.341 1839.341 1839.341 1839.341 1839.341 1839.341 1839.341 1839.335 1839.232 1839.129 1839.026 1838.923 1838.687 1838.321 1837.954 1837.588 1837.222 1837.114 1837.018 1836.922 1836.826 1836.661 1836.395
1829.981 1830.714 1831.446 1832.135 1832.79 1833.445 1834.1 1834.758 1835.656 1836.553 1837.451 1838.349 1839.263 1840.197 1841.13 1842.064 1842.997 1843.617 1844.208 1844.798 1845.388 1845.647 1845.323 1844.998 1844.673 1844.349 1843.693 1842.961 1842.228 1841.496 1840.907 1840.725 1840.543 1840.361 1840.179 1840.174 1840.241 1840.308 1840.375 1840.431 1840.431 1840.431 1840.431 1840.431 1840.431 1840.431 1840.431 1840.431 1840.423 1840.272 1840.121 1839.97 1839.819 1839.559 1839.193 1838.827 1838.461 1838.094 1837.976 1837.87 1837.763 1837.656 1837.476 1837.189
1831.072 1831.804 1832.537 1833.198 1833.806 1834.413 1835.02 1835.63 1836.464 1837.297 1838.131 1838.965 1839.874 1840.872 1841.869 1842.867 1843.864 1844.534 1845.172 1845.81 1846.448 1846.709 1846.304 1845.9 1845.495 1845.091 1844.42 1843.688 1842.955 1842.223 1841.649 1841.526 1841.403 1841.279 1841.156 1841.183 1841.271 1841.36 1841.448 1841.522 1841.522 1841.522 1841.522 1841.522 1841.522 1841.522 1841.522 1841.522 1841.511 1841.312 1841.113 1840.914 1840.716 1840.432 1840.066 1839.699 1839.333 1838.967 1838.839 1838.721 1838.604 1838.486 1838.292 1837.984
1832.15 1832.877 1833.603 1834.243 1834.818 1835.392 1835.966 1836.542 1837.312 1838.082 1838.852 1839.622 1840.499 1841.5 1842.502 1843.503 1844.505 1845.183 1845.83 1846.478 1847.125 1847.388 1846.976 1846.563 1846.151 1845.738 1845.068 1844.339 1843.609 1842.88 1842.318 1842.229 1842.14 1842.051 1841.963 1842.03 1842.16 1842.291 1842.422 1842.534 1842.549 1842.564 1842.578 1842.594 1842.59 1842.575 1842.56 1842.545 1842.517 1842.28 1842.042 1841.804 1841.567 1841.274 1840.929 1840.584 1840.239 1839.893 1839.724 1839.563 1839.402 1839.241 1839.017 1838.699
1833.218 1833.934 1834.65 1835.274 1835.826 1836.379 1836.932 1837.487 1838.193 1838.899 1839.605 1840.31 1841.134 1842.093 1843.051 1844.01 1844.969 1845.624 1846.25 1846.876 1847.502 1847.769 1847.405 1847.04 1846.675 1846.311 1845.654 1844.93 1844.206 1843.482 1842.928 1842.855 1842.782 1842.709 1842.637 1842.75 1842.939 1843.128 1843.318 1843.483 1843.525 1843.566 1843.608 1843.65 1843.641 1843.599 1843.557 1843.516 1843.461 1843.191 1842.922 1842.652 1842.382 1842.093 1841.785 1841.477 1841.169 1840.861 1840.628 1840.397 1840.167 1839.937 1839.671 1839.354
1834.287 1834.992 1835.697 1836.304 1836.835 1837.367 1837.898 1838.431 1839.073 1839.715 1840.357 1840.999 1841.768 1842.685 1843.601 1844.517 1845.433 1846.065 1846.67 1847.275 1847.879 1848.15 1847.833 1847.517 1847.2 1846.883 1846.24 1845.521 1844.803 1844.084 1843.538 1843.481 1843.424 1843.368 1843.311 1843.47 1843.718 1843.966 1844.214 1844.433 1844.501 1844.569 1844.638 1844.706 1844.691 1844.623 1844.554 1844.486 1844.404 1844.103 1843.801 1843.5 1843.198 1842.912 1842.641 1842.371 1842.1 1841.829 1841.531 1841.231 1840.932 1840.632 1840.326 1840.008
1835.355 1836.049 1836.744 1837.334 1837.844 1838.354 1838.865 1839.376 1839.954 1840.532 1841.11 1841.688 1842.403 1843.277 1844.15 1845.024 1845.898 1846.506 1847.09 1847.673 1848.256 1848.531 1848.262 1847.994 1847.725 1847.456 1846.826 1846.113 1845.399 1844.686 1844.148 1844.107 1844.066 1844.026 1843.985 1844.191 1844.497 1844.803 1845.11 1845.382 1845.477 1845.572 1845.667 1845.762 1845.741 1845.646 1845.552 1845.457 1845.348 1845.014 1844.681 1844.347 1844.014 1843.731 1843.497 1843.264 1843.031 1842.797 1842.434 1842.066 1841.697 1841.328 1840.98 1840.663
1836.423 1837.107 1837.791 1838.365 1838.853 1839.342 1839.831 1840.32 1840.834 1841.349 1841.863 1842.377 1843.038 1843.869 1844.7 1845.531 1846.362 1846.947 1847.51 1848.072 1848.634 1848.912 1848.691 1848.47 1848.25 1848.029 1847.412 1846.704 1845.996 1845.288 1844.758 1844.733 1844.709 1844.684 1844.659 1844.911 1845.276 1845.641 1846.006 1846.332 1846.454 1846.575 1846.697 1846.818 1846.792 1846.67 1846.549 1846.427 1846.292 1845.926 1845.56 1845.195 1844.829 1844.55 1844.354 1844.157 1843.961 1843.765 1843.338 1842.9 1842.462 1842.024 1841.635 1841.317
1837.469 1838.132 1838.795 1839.353 1839.831 1840.309 1840.787 1841.266 1841.778 1842.291 1842.804 1843.316 1843.93 1844.662 1845.393 1846.124 1846.855 1847.365 1847.853 1848.342 1848.831 1849.068 1848.864 1848.66 1848.456 1848.252 1847.698 1847.063 1846.428 1845.793 1845.306 1845.24 1845.174 1845.108 1845.042 1845.282 1845.649 1846.015 1846.381 1846.712 1846.855 1846.998 1847.141 1847.284 1847.271 1847.16 1847.048 1846.936 1846.813 1846.493 1846.174 1845.855 1845.535 1845.268 1845.052 1844.836 1844.62 1844.404 1843.974 1843.534 1843.095 1842.655 1842.261 1841.933
1838.515 1839.156 1839.798 1840.341 1840.808 1841.276 1841.743 1842.211 1842.724 1843.236 1843.749 1844.262 1844.829 1845.459 1846.089 1846.719 1847.349 1847.781 1848.195 1848.609 1849.024 1849.219 1849.031 1848.843 1848.655 1848.467 1847.977 1847.416 1846.855 1846.295 1845.852 1845.744 1845.635 1845.526 1845.417 1845.646 1846.012 1846.379 1846.745 1847.079 1847.243 1847.407 1847.571 1847.736 1847.739 1847.637 1847.536 1847.435 1847.324 1847.053 1846.782 1846.51 1846.239 1845.985 1845.747 1845.51 1845.272 1845.035 1844.604 1844.165 1843.725 1843.286 1842.887 1842.549
1839.561 1840.181 1840.801 1841.329 1841.785 1842.242 1842.699 1843.156 1843.669 1844.182 1844.694 1845.207 1845.727 1846.256 1846.785 1847.313 1847.842 1848.198 1848.538 1848.877 1849.217 1849.371 1849.199 1849.026 1848.854 1848.682 1848.255 1847.769 1847.283 1846.797 1846.399 1846.247 1846.096 1845.945 1845.793 1846.01 1846.376 1846.742 1847.108 1847.446 1847.631 1847.817 1848.002 1848.188 1848.205 1848.115 1848.025 1847.934 1847.836 1847.613 1847.389 1847.166 1846.942 1846.701 1846.442 1846.183 1845.925 1845.666 1845.234 1844.795 1844.355 1843.916 1843.513 1843.164
1840.606 1841.205 1841.804 1842.317 1842.763 1843.209 1843.655 1844.101 1844.614 1845.127 1845.64 1846.152 1846.626 1847.053 1847.481 1847.908 1848.336 1848.615 1848.88 1849.145 1849.41 1849.522 1849.366 1849.21 1849.053 1848.897 1848.534 1848.123 1847.711 1847.3 1846.945 1846.751 1846.557 1846.363 1846.169 1846.373 1846.739 1847.106 1847.472 1847.813 1848.02 1848.226 1848.433 1848.64 1848.672 1848.593 1848.513 1848.433 1848.348 1848.173 1847.997 1847.822 1847.646 1847.417 1847.137 1846.857 1846.577 1846.297 1845.865 1845.425 1844.985 1844.546 1844.139 1843.779
1841.553 1842.152 1842.75 1843.257 1843.692 1844.127 1844.563 1844.998 1845.471 1845.944 1846.417 1846.89 1847.302 1847.642 1847.984 1848.325 1848.666 1848.896 1849.116 1849.335 1849.555 1849.64 1849.487 1849.334 1849.182 1849.029 1848.725 1848.386 1848.047 1847.708 1847.4 1847.181 1846.961 1846.741 1846.521 1846.698 1847.037 1847.376 1847.715 1848.035 1848.255 1848.474 1848.694 1848.914 1848.959 1848.892 1848.825 1848.758 1848.688 1848.554 1848.42 1848.286 1848.152 1847.948 1847.676 1847.404 1847.132 1846.86 1846.428 1845.988 1845.549 1845.109 1844.696 1844.322
1842.348 1842.979 1843.609 1844.123 1844.548 1844.973 1845.397 1845.821 1846.193 1846.564 1846.936 1847.308 1847.635 1847.912 1848.19 1848.467 1848.744 1848.969 1849.188 1849.408 1849.628 1849.707 1849.538 1849.369 1849.201 1849.032 1848.781 1848.511 1848.242 1847.972 1847.715 1847.496 1847.276 1847.056 1846.836 1846.964 1847.234 1847.504 1847.773 1848.035 1848.255 1848.474 1848.694 1848.914 1848.969 1848.918 1848.867 1848.816 1848.762 1848.66 1848.558 1848.456 1848.354 1848.193 1847.974 1847.756 1847.537 1847.318 1846.888 1846.449 1846.009 1845.57 1845.148 1844.752
