data/zism_data/00609_01_D.txt
ncols         224
nrows         224
[rows 28 to 55 of 224, columns 126 to 188 of 224]
4351.779 4351.747 4351.713 4351.152 4347.255 4343.358 4339.461 4335.564 4329.2 4321.317 4313.434 4305.551 4297.835 4291.619 4285.402 4279.186 4272.969 4271.708 4273.997 4276.286 4278.574 4280.777 4281.752 4282.728 4283.703 4284.678 4285.407 4285.931 4286.455 4286.979 4287.56 4290.059 4292.558 4295.057 4297.556 4298.987 4299.397 4299.807 4300.217 4300.626 4292.797 4284.909 4277.02 4269.131 4261.618 4254.522 4247.426 4240.331 4233.234 4232.358 4231.763 4231.167 4230.572 4233.078 4239.55 4246.022 4252.494 4258.965 4263.932 4268.768 4273.604 4278.441 4282.447
4363.234 4363.158 4363.082 4362.513 4358.825 4355.138 4351.451 4347.764 4341.847 4334.556 4327.265 4319.973 4312.817 4306.864 4300.911 4294.958 4289.005 4287.52 4289.232 4290.945 4292.657 4294.317 4295.217 4296.117 4297.017 4297.916 4298.563 4299.001 4299.44 4299.878 4300.367 4302.564 4304.762 4306.959 4309.156 4310.861 4312.095 4313.328 4314.561 4315.794 4309.029 4302.206 4295.383 4288.56 4281.553 4274.344 4267.135 4259.926 4252.717 4250.816 4249.155 4247.495 4245.833 4247.729 4254.174 4260.619 4267.064 4273.509 4278.433 4283.227 4288.021 4292.814 4297.011
4374.689 4374.57 4374.451 4373.873 4370.396 4366.918 4363.441 4359.964 4354.493 4347.794 4341.095 4334.396 4327.798 4322.109 4316.42 4310.731 4305.042 4303.331 4304.467 4305.604 4306.74 4307.857 4308.681 4309.505 4310.33 4311.154 4311.721 4312.073 4312.425 4312.776 4313.173 4315.069 4316.965 4318.861 4320.757 4322.735 4324.792 4326.849 4328.905 4330.962 4325.261 4319.503 4313.746 4307.988 4301.488 4294.166 4286.844 4279.521 4272.199 4269.274 4266.548 4263.821 4261.094 4262.381 4268.799 4275.217 4281.635 4288.053 4292.935 4297.686 4302.436 4307.187 4311.575
4386.145 4385.982 4385.82 4385.233 4381.966 4378.698 4375.431 4372.164 4367.139 4361.032 4354.925 4348.818 4342.78 4337.354 4331.929 4326.503 4321.078 4319.141 4319.702 4320.263 4320.823 4321.396 4322.146 4322.895 4323.644 4324.393 4324.877 4325.144 4325.409 4325.675 4325.979 4327.574 4329.168 4330.763 4332.358 4334.609 4337.489 4340.37 4343.25 4346.13 4341.493 4336.801 4332.109 4327.417 4321.422 4313.987 4306.552 4299.117 4291.682 4287.732 4283.94 4280.148 4276.355 4277.032 4283.423 4289.814 4296.205 4302.596 4307.437 4312.145 4316.852 4321.56 4326.138
4397.805 4397.584 4397.364 4396.743 4393.587 4390.431 4387.274 4384.119 4379.461 4373.878 4368.295 4362.712 4357.168 4351.968 4346.768 4341.568 4336.369 4334.285 4334.432 4334.579 4334.726 4334.917 4335.75 4336.583 4337.416 4338.249 4338.716 4338.881 4339.046 4339.211 4339.404 4340.539 4341.674 4342.81 4343.945 4346.316 4349.871 4353.426 4356.981 4360.537 4356.811 4353.032 4349.252 4345.474 4339.972 4332.563 4325.155 4317.747 4310.339 4305.669 4301.123 4296.577 4292.031 4292.22 4298.464 4304.709 4310.953 4317.197 4322.025 4326.73 4331.437 4336.142 4340.854
4410.302 4409.963 4409.625 4408.861 4405.415 4401.968 4398.521 4395.074 4390.459 4385.124 4379.789 4374.453 4369.138 4364.008 4358.878 4353.749 4348.619 4346.708 4347.103 4347.498 4347.893 4348.363 4349.928 4351.493 4353.057 4354.622 4355.333 4355.337 4355.34 4355.344 4355.348 4355.38 4355.412 4355.443 4355.475 4357.342 4360.968 4364.593 4368.218 4371.843 4368.406 4364.917 4361.429 4357.941 4352.875 4346.064 4339.253 4332.443 4325.632 4321.483 4317.453 4313.424 4309.395 4309.595 4315.204 4320.813 4326.422 4332.032 4336.963 4341.835 4346.708 4351.581 4356.191
4422.799 4422.342 4421.885 4420.979 4417.242 4413.505 4409.768 4406.03 4401.457 4396.369 4391.282 4386.194 4381.109 4376.049 4370.989 4365.929 4360.869 4359.132 4359.774 4360.417 4361.059 4361.809 4364.105 4366.402 4368.699 4370.996 4371.95 4371.792 4371.634 4371.476 4371.292 4370.22 4369.149 4368.077 4367.006 4368.369 4372.064 4375.759 4379.454 4383.149 4380.001 4376.804 4373.606 4370.408 4365.778 4359.565 4353.352 4347.139 4340.926 4337.296 4333.784 4330.271 4326.758 4326.97 4331.944 4336.918 4341.892 4346.866 4351.9 4356.94 4361.979 4367.019 4371.527
4435.296 4434.721 4434.146 4433.099 4429.07 4425.042 4421.014 4416.986 4412.456 4407.615 4402.775 4397.935 4393.08 4388.09 4383.1 4378.11 4373.12 4371.557 4372.446 4373.336 4374.227 4375.255 4378.283 4381.312 4384.341 4387.37 4388.568 4388.248 4387.929 4387.609 4387.236 4385.062 4382.887 4380.711 4378.537 4379.396 4383.161 4386.926 4390.691 4394.456 4391.597 4388.69 4385.783 4382.875 4378.683 4373.067 4367.451 4361.835 4356.22 4353.11 4350.114 4347.118 4344.122 4344.345 4348.684 4353.023 4357.362 4361.701 4366.839 4372.045 4377.251 4382.458 4386.864
4447.793 4447.1 4446.406 4445.217 4440.898 4436.579 4432.261 4427.942 4423.454 4418.861 4414.269 4409.676 4405.05 4400.13 4395.21 4390.291 4385.371 4383.98 4385.118 4386.255 4387.393 4388.7 4392.461 4396.222 4399.982 4403.743 4405.185 4404.704 4404.223 4403.742 4403.18 4399.902 4396.624 4393.345 4390.067 4390.422 4394.257 4398.092 4401.927 4405.763 4403.192 4400.576 4397.959 4395.343 4391.586 4386.568 4381.549 4376.531 4371.513 4368.924 4366.444 4363.965 4361.485 4361.72 4365.423 4369.127 4372.832 4376.536 4381.777 4387.15 4392.523 4397.896 4402.2
4459.4 4458.521 4457.641 4456.281 4451.884 4447.488 4443.091 4438.694 4434.409 4430.193 4425.976 4421.759 4417.481 4412.651 4407.822 4402.992 4398.162 4396.765 4397.826 4398.887 4399.947 4401.204 4405.291 4409.378 4413.466 4417.553 4419.189 4418.793 4418.397 4418.002 4417.513 4413.895 4410.277 4406.659 4403.041 4403.159 4406.854 4410.55 4414.245 4417.941 4415.578 4413.171 4410.764 4408.357 4404.984 4400.543 4396.102 4391.661 4387.22 4385.14 4383.167 4381.194 4379.221 4379.48 4382.593 4385.706 4388.819 4391.932 4396.664 4401.535 4406.406 4411.277 4414.894
4470.479 4469.374 4468.268 4466.719 4462.371 4458.023 4453.675 4449.327 4445.34 4441.575 4437.811 4434.046 4430.185 4425.457 4420.73 4416.002 4411.275 4409.764 4410.555 4411.347 4412.139 4413.149 4417.322 4421.496 4425.669 4429.842 4431.644 4431.48 4431.315 4431.151 4430.891 4427.386 4423.881 4420.375 4416.871 4416.909 4420.341 4423.772 4427.204 4430.636 4428.432 4426.186 4423.94 4421.695 4418.675 4414.799 4410.923 4407.047 4403.171 4401.595 4400.123 4398.65 4397.178 4397.47 4400.018 4402.565 4405.113 4407.661 4411.521 4415.492 4419.464 4423.437 4426.021
4481.559 4480.227 4478.896 4477.158 4472.858 4468.559 4464.259 4459.959 4456.271 4452.958 4449.646 4446.333 4442.889 4438.263 4433.638 4429.013 4424.388 4422.762 4423.285 4423.807 4424.33 4425.094 4429.354 4433.613 4437.873 4442.132 4444.099 4444.167 4444.233 4444.301 4444.268 4440.876 4437.484 4434.092 4430.7 4430.659 4433.827 4436.995 4440.164 4443.332 4441.285 4439.201 4437.117 4435.033 4432.367 4429.056 4425.745 4422.434 4419.124 4418.051 4417.079 4416.107 4415.135 4415.459 4417.442 4419.425 4421.407 4423.39 4426.377 4429.45 4432.523 4435.597 4437.147
4492.638 4491.08 4489.522 4487.597 4483.345 4479.094 4474.843 4470.592 4467.201 4464.341 4461.48 4458.62 4455.592 4451.069 4446.546 4442.023 4437.5 4435.761 4436.014 4436.268 4436.521 4437.04 4441.385 4445.73 4450.076 4454.422 4456.555 4456.853 4457.152 4457.45 4457.646 4454.367 4451.088 4447.809 4444.53 4444.409 4447.314 4450.218 4453.123 4456.027 4454.139 4452.216 4450.294 4448.371 4446.058 4443.312 4440.566 4437.821 4435.075 4434.506 4434.034 4433.563 4433.092 4433.449 4434.867 4436.284 4437.702 4439.119 4441.234 4443.408 4445.583 4447.757 4448.274
4503.837 4502.02 4500.203 4498.055 4493.823 4489.59 4485.357 4481.125 4478.005 4475.57 4473.135 4470.701 4468.067 4463.662 4459.255 4454.85 4450.444 4448.595 4448.578 4448.561 4448.543 4448.812 4453.202 4457.592 4461.982 4466.372 4468.644 4469.159 4469.674 4470.189 4470.6 4467.462 4464.325 4461.188 4458.05 4457.856 4460.481 4463.106 4465.731 4468.356 4466.638 4464.888 4463.138 4461.388 4459.43 4457.242 4455.054 4452.866 4450.678 4450.583 4450.583 4450.583 4450.583 4450.967 4451.839 4452.712 4453.585 4454.458 4455.699 4456.973 4458.246 4459.52 4459.014
4516.963 4514.349 4511.736 4508.837 4504.142 4499.446 4494.751 4490.056 4486.759 4484.324 4481.89 4479.455 4476.857 4472.807 4468.756 4464.705 4460.654 4458.782 4458.468 4458.155 4457.842 4457.792 4461.559 4465.324 4469.09 4472.856 4474.833 4475.327 4475.82 4476.314 4476.721 4474.186 4471.651 4469.117 4466.583 4466.411 4468.503 4470.595 4472.688 4474.779 4473.41 4472.015 4470.621 4469.226 4467.662 4465.91 4464.158 4462.405 4460.653 4460.578 4460.578 4460.578 4460.578 4460.866 4461.524 4462.181 4462.839 4463.496 4463.858 4464.195 4464.532 4464.869 4463.507
4530.089 4526.679 4523.269 4519.62 4514.461 4509.303 4504.145 4498.986 4495.513 4493.078 4490.644 4488.209 4485.647 4481.952 4478.256 4474.561 4470.865 4468.968 4468.359 4467.75 4467.14 4466.773 4469.915 4473.057 4476.198 4479.34 4481.022 4481.494 4481.966 4482.438 4482.841 4480.91 4478.978 4477.046 4475.114 4474.966 4476.525 4478.084 4479.644 4481.203 4480.182 4479.143 4478.103 4477.064 4475.893 4474.577 4473.261 4471.945 4470.629 4470.572 4470.572 4470.572 4470.572 4470.766 4471.208 4471.65 4472.093 4472.535 4472.018 4471.418 4470.818 4470.218 4468.0
4543.215 4539.009 4534.802 4530.402 4524.78 4519.159 4513.538 4507.917 4504.267 4501.832 4499.397 4496.963 4494.437 4491.097 4487.756 4484.416 4481.076 4479.154 4478.249 4477.344 4476.438 4475.754 4478.272 4480.789 4483.306 4485.823 4487.211 4487.662 4488.112 4488.563 4488.962 4487.633 4486.304 4484.976 4483.646 4483.521 4484.547 4485.573 4486.6 4487.626 4486.955 4486.27 4485.586 4484.902 4484.125 4483.245 4482.364 4481.484 4480.604 4480.566 4480.566 4480.566 4480.566 4480.666 4480.893 4481.12 4481.347 4481.573 4480.177 4478.64 4477.104 4475.568 4472.494
4556.342 4551.338 4546.335 4541.184 4535.1 4529.015 4522.931 4516.847 4513.021 4510.586 4508.151 4505.717 4503.227 4500.242 4497.257 4494.271 4491.287 4489.341 4488.14 4486.938 4485.737 4484.735 4486.628 4488.521 4490.414 4492.307 4493.4 4493.829 4494.258 4494.687 4495.083 4494.357 4493.631 4492.905 4492.179 4492.075 4492.569 4493.063 4493.556 4494.05 4493.727 4493.397 4493.069 4492.74 4492.356 4491.912 4491.468 4491.023 4490.58 4490.561 4490.561 4490.561 4490.561 4490.565 4490.577 4490.589 4490.601 4490.612 4488.336 4485.863 4483.39 4480.917 4476.987
4566.125 4560.849 4555.572 4550.149 4543.8 4537.45 4531.101 4524.751 4520.661 4517.962 4515.265 4512.567 4509.857 4507.038 4504.218 4501.399 4498.58 4496.597 4495.212 4493.828 4492.444 4491.236 4492.573 4493.91 4495.247 4496.583 4497.368 4497.694 4498.02 4498.346 4498.651 4498.246 4497.841 4497.436 4497.031 4496.922 4497.096 4497.27 4497.444 4497.618 4497.478 4497.335 4497.193 4497.051 4496.865 4496.63 4496.396 4496.161 4495.927 4495.743 4495.562 4495.38 4495.198 4494.894 4494.432 4493.971 4493.509 4493.047 4490.165 4487.074 4483.983 4480.892 4476.474
4572.415 4567.413 4562.412 4557.218 4550.809 4544.4 4537.991 4531.582 4527.136 4523.9 4520.664 4517.428 4514.231 4511.379 4508.527 4505.676 4502.824 4500.79 4499.341 4497.892 4496.443 4495.144 4495.996 4496.849 4497.702 4498.554 4499.016 4499.153 4499.291 4499.429 4499.551 4499.173 4498.795 4498.417 4498.039 4497.894 4497.971 4498.048 4498.125 4498.202 4498.072 4497.94 4497.809 4497.677 4497.484 4497.223 4496.961 4496.7 4496.438 4495.898 4495.345 4494.792 4494.239 4493.4 4492.196 4490.992 4489.788 4488.583 4485.379 4482.003 4478.626 4475.25 4470.732
4578.705 4573.978 4569.25 4564.285 4557.817 4551.349 4544.881 4538.413 4533.612 4529.837 4526.063 4522.289 4518.604 4515.72 4512.836 4509.953 4507.069 4504.983 4503.47 4501.957 4500.443 4499.051 4499.419 4499.788 4500.156 4500.524 4500.664 4500.613 4500.562 4500.511 4500.452 4500.101 4499.75 4499.398 4499.047 4498.865 4498.846 4498.826 4498.806 4498.786 4498.666 4498.545 4498.425 4498.304 4498.104 4497.815 4497.527 4497.239 4496.95 4496.053 4495.129 4494.205 4493.28 4491.907 4489.96 4488.013 4486.066 4484.119 4480.594 4476.932 4473.271 4469.609 4464.99
4584.995 4580.542 4576.089 4571.353 4564.826 4558.298 4551.771 4545.244 4540.087 4535.775 4531.462 4527.15 4522.978 4520.062 4517.146 4514.229 4511.313 4509.177 4507.599 4506.021 4504.442 4502.959 4502.843 4502.727 4502.611 4502.495 4502.312 4502.072 4501.833 4501.594 4501.352 4501.028 4500.704 4500.379 4500.055 4499.837 4499.721 4499.604 4499.487 4499.371 4499.26 4499.15 4499.041 4498.931 4498.723 4498.408 4498.093 4497.777 4497.462 4496.208 4494.913 4493.617 4492.321 4490.414 4487.725 4485.035 4482.345 4479.655 4475.808 4471.861 4467.915 4463.968 4459.248
4591.285 4587.106 4582.928 4578.421 4571.834 4565.248 4558.662 4552.075 4546.563 4541.712 4536.861 4532.011 4527.352 4524.403 4521.455 4518.506 4515.558 4513.37 4511.728 4510.085 4508.442 4506.867 4506.267 4505.666 4505.065 4504.465 4503.959 4503.532 4503.104 4502.677 4502.253 4501.956 4501.658 4501.361 4501.063 4500.809 4500.595 4500.382 4500.168 4499.955 4499.854 4499.755 4499.656 4499.557 4499.342 4499.0 4498.658 4498.316 4497.974 4496.364 4494.697 4493.03 4491.363 4488.921 4485.489 4482.056 4478.624 4475.191 4471.023 4466.791 4462.559 4458.327 4453.506
4591.541 4587.315 4583.09 4578.542 4571.956 4565.369 4558.783 4552.197 4546.661 4541.772 4536.883 4531.994 4527.309 4524.447 4521.585 4518.723 4515.861 4513.718 4512.09 4510.462 4508.834 4507.265 4506.546 4505.828 4505.109 4504.391 4503.831 4503.403 4502.976 4502.548 4502.121 4501.722 4501.323 4500.923 4500.524 4500.132 4499.748 4499.363 4498.979 4498.594 4498.395 4498.198 4498.0 4497.803 4497.251 4496.308 4495.365 4494.422 4493.479 4490.848 4488.141 4485.435 4482.728 4479.294 4474.931 4470.567 4466.204 4461.841 4457.997 4454.198 4450.398 4446.599 4442.293
4591.27 4586.969 4582.668 4578.056 4571.476 4564.895 4558.313 4551.733 4546.202 4541.318 4536.435 4531.551 4526.881 4524.116 4521.351 4518.586 4515.821 4513.731 4512.125 4510.518 4508.911 4507.357 4506.552 4505.748 4504.943 4504.138 4503.548 4503.137 4502.725 4502.313 4501.898 4501.387 4500.875 4500.362 4499.85 4499.313 4498.75 4498.188 4497.625 4497.063 4496.756 4496.451 4496.146 4495.841 4494.924 4493.33 4491.735 4490.14 4488.546 4484.836 4481.032 4477.227 4473.422 4468.957 4463.646 4458.336 4453.025 4447.715 4444.252 4440.948 4437.644 4434.339 4430.602
4591.0 4586.624 4582.248 4577.571 4570.995 4564.42 4557.844 4551.269 4545.743 4540.865 4535.987 4531.109 4526.453 4523.785 4521.117 4518.449 4515.78 4513.743 4512.158 4510.573 4508.988 4507.448 4506.558 4505.667 4504.776 4503.885 4503.265 4502.87 4502.474 4502.079 4501.677 4501.051 4500.426 4499.801 4499.176 4498.492 4497.752 4497.012 4496.272 4495.533 4495.118 4494.705 4494.292 4493.879 4492.597 4490.351 4488.105 4485.859 4483.613 4478.825 4473.923 4469.02 4464.118 4458.62 4452.362 4446.104 4439.847 4433.589 4430.507 4427.698 4424.889 4422.08 4418.912
4590.729 4586.278 4581.826 4577.085 4570.515 4563.945 4557.375 4550.805 4545.285 4540.412 4535.539 4530.667 4526.025 4523.454 4520.883 4518.312 4515.74 4513.756 4512.192 4510.629 4509.065 4507.54 4506.563 4505.586 4504.609 4503.632 4502.982 4502.603 4502.224 4501.844 4501.455 4500.716 4499.978 4499.24 4498.501 4497.672 4496.754 4495.837 4494.919 4494.002 4493.479 4492.958 4492.438 4491.918 4490.269 4487.372 4484.475 4481.578 4478.681 4472.814 4466.813 4460.813 4454.813 4448.283 4441.078 4433.873 4426.668 4419.463 4416.762 4414.448 4412.134 4409.82 4407.221
4588.832 4584.156 4579.48 4574.55 4568.01 4561.469 4554.929 4548.389 4542.926 4538.126 4533.327 4528.527 4523.968 4521.562 4519.155 4516.749 4514.342 4512.419 4510.844 4509.268 4507.692 4506.148 4505.068 4503.988 4502.908 4501.828 4501.12 4500.719 4500.317 4499.917 4499.498 4498.477 4497.456 4496.435 4495.414 4494.357 4493.266 4492.174 4491.083 4489.992 4489.387 4488.785 4488.184 4487.583 4485.628 4482.178 4478.728 4475.277 4471.827 4465.075 4458.175 4451.274 4444.374 4437.12 4429.415 4421.709 4414.003 4406.298 4403.73 4401.604 4399.479 4397.353 4394.979
