data/zism_data/00602_04_D.txt
ncols         224
nrows         224
[rows 120 to 149 of 224, columns 67 to 133 of 224]
754.3152 759.6556 764.8677 770.0759 775.2844 780.4926 784.4584 786.9254 789.3925 791.8596 794.3267 793.3145 792.0615 790.8085 789.5555 785.9073 778.9136 771.9202 764.9267 757.9333 750.7239 743.4904 736.2568 729.023 723.4441 720.5499 717.6558 714.7616 711.8674 710.4964 709.3665 708.2367 707.1069 706.014 704.9915 703.9689 702.9463 701.9237 701.1057 700.3303 699.5549 698.7794 697.5272 695.2102 692.8933 690.5764 688.2595 683.984 679.192 674.4001 669.6083 664.6528 659.262 653.8713 648.4803 643.0896 637.6646 632.2284 626.7922 621.3561 616.4003 612.9883 609.5764 606.1644 602.7524 601.5092 601.1119
750.5909 755.8434 761.1619 766.4824 771.803 777.1234 781.1968 783.766 786.3351 788.9042 791.4734 790.5663 789.4188 788.2711 787.1235 783.7405 777.2355 770.7307 764.2258 757.721 751.0558 744.3727 737.6896 731.0062 725.7632 722.8568 719.9504 717.0439 714.1375 712.5924 711.2629 709.9334 708.6039 707.371 706.321 705.2711 704.2212 703.1713 702.3976 701.6816 700.9656 700.2496 699.0884 696.9334 694.7784 692.6235 690.4685 686.2526 681.4931 676.7338 671.9745 667.0131 661.515 656.0167 650.5183 645.0201 639.5896 634.181 628.7724 623.3638 618.3804 614.7636 611.1468 607.53 603.9131 602.4368 601.7953
746.2256 751.3643 756.6953 762.032 767.3689 772.7056 776.7977 779.3885 781.9793 784.5701 787.161 786.4024 785.412 784.4216 783.4312 780.4249 774.603 768.7813 762.9595 757.1378 751.1459 745.1351 739.1243 733.1132 728.2468 725.2374 722.228 719.2185 716.2091 714.444 712.8759 711.3079 709.7399 708.3395 707.2571 706.1746 705.0922 704.0097 703.226 702.5045 701.7831 701.0616 699.9604 698.0115 696.0625 694.1135 692.1646 688.1589 683.6109 679.063 674.5152 669.7001 664.1748 658.6495 653.1239 647.5986 642.2352 636.9241 631.6132 626.3021 621.3365 617.4812 613.6259 609.7704 605.9151 604.0637 602.9939
741.8603 746.8851 752.2287 757.5817 762.9348 768.2877 772.3986 775.0111 777.6236 780.2361 782.8486 782.2385 781.4053 780.5721 779.739 777.1093 771.9705 766.8318 761.6931 756.5544 751.236 745.8975 740.559 735.2202 730.7305 727.618 724.5056 721.3931 718.2807 716.2955 714.489 712.6824 710.8759 709.3081 708.1931 707.0781 705.9631 704.8481 704.0543 703.3274 702.6005 701.8737 700.8325 699.0895 697.3466 695.6036 693.8606 690.0653 685.7288 681.3923 677.0559 672.3871 666.8347 661.2822 655.7296 650.1771 644.8807 639.6674 634.4539 629.2405 624.2927 620.1988 616.1049 612.0109 607.917 605.6906 604.1925
737.495 742.406 747.762 753.1313 758.5007 763.8699 767.9995 770.6337 773.2678 775.902 778.5363 778.0746 777.3986 776.7227 776.0467 773.7937 769.338 764.8823 760.4268 755.9712 751.3262 746.6599 741.9936 737.3272 733.2141 729.9987 726.7832 723.5677 720.3523 718.1471 716.102 714.0569 712.0118 710.2766 709.1291 707.9816 706.834 705.6865 704.8826 704.1503 703.418 702.6857 701.7045 700.1675 698.6306 697.0936 695.5567 691.9717 687.8466 683.7216 679.5967 675.074 669.4944 663.9149 658.3351 652.7556 647.5264 642.4105 637.2947 632.1788 627.2488 622.9163 618.5839 614.2513 609.9189 607.3174 605.3911
733.1298 737.9269 743.2955 748.681 754.0667 759.4521 763.6005 766.2563 768.9122 771.568 774.2239 773.9107 773.392 772.8732 772.3545 770.4781 766.7054 762.9329 759.1605 755.3879 751.4163 747.4222 743.4282 739.4341 735.6977 732.3792 729.0608 725.7423 722.4238 719.9987 717.715 715.4313 713.1477 711.2452 710.0651 708.885 707.705 706.5249 705.7109 704.9731 704.2355 703.4977 702.5765 701.2456 699.9146 698.5837 697.2527 693.8781 689.9644 686.0508 682.1373 677.7609 672.1543 666.5476 660.9407 655.3341 650.1719 645.1536 640.1354 635.1171 630.2049 625.6339 621.0628 616.4918 611.9208 608.9443 606.5896
728.3407 732.5912 737.5914 742.6138 747.6365 752.6589 756.6718 759.4669 762.262 765.0571 767.8522 767.9849 767.9332 767.8816 767.8299 766.3859 762.9972 759.6085 756.2199 752.8313 748.9984 745.1156 741.2329 737.35 733.684 730.3693 727.0547 723.7401 720.4255 718.0901 715.9098 713.7296 711.5493 709.7752 708.771 707.7667 706.7625 705.7584 705.0585 704.4223 703.786 703.1498 702.316 701.0415 699.767 698.4924 697.2179 693.925 690.1 686.275 682.45 678.1963 672.8029 667.4096 662.0161 656.6227 651.6107 646.722 641.8334 636.9448 632.0875 627.3313 622.5751 617.819 613.0629 609.8608 607.2649
723.5453 727.2429 731.8692 736.5229 741.1769 745.8306 749.7059 752.6419 755.578 758.514 761.4502 762.0331 762.4531 762.8731 763.2931 762.2823 759.2731 756.2639 753.2548 750.2457 746.5436 742.7639 738.9841 735.2043 731.604 728.2948 724.9856 721.6764 718.3672 716.1262 714.0543 711.9825 709.9107 708.2693 707.444 706.6187 705.7935 704.9681 704.3845 703.8512 703.3179 702.7847 702.0389 700.8185 699.5983 698.3779 697.1576 693.9447 690.2064 686.4681 682.7299 678.5985 673.422 668.2455 663.0688 657.8923 653.0316 648.2731 643.5146 638.7561 633.9542 629.0137 624.0732 619.1328 614.1923 610.7669 607.9324
718.75 721.8946 726.1469 730.4321 734.7173 739.0024 742.74 745.817 748.894 751.971 755.0482 756.0813 756.973 757.8646 758.7562 758.1786 755.5489 752.9193 750.2897 747.66 744.0888 740.4121 736.7354 733.0586 729.524 726.2203 722.9165 719.6127 716.309 714.1622 712.1989 710.2355 708.272 706.7634 706.1171 705.4707 704.8243 704.1779 703.7104 703.2802 702.8499 702.4196 701.7617 700.5956 699.4295 698.2634 697.0973 693.9644 690.3127 686.6613 683.0098 679.0007 674.0411 669.0814 664.1216 659.162 654.4526 649.8242 645.1958 640.5674 635.821 630.6962 625.5714 620.4465 615.3217 611.673 608.6
713.9547 716.5463 720.4247 724.3411 728.2578 732.1742 735.7741 738.9921 742.2101 745.428 748.6461 750.1295 751.4928 752.8561 754.2194 754.075 751.8248 749.5746 747.3245 745.0744 741.634 738.0603 734.4866 730.9128 727.4441 724.1458 720.8474 717.5491 714.2507 712.1984 710.3434 708.4884 706.6334 705.2576 704.7902 704.3226 703.8552 703.3878 703.0363 702.709 702.3818 702.0546 701.4846 700.3727 699.2608 698.1489 697.037 693.984 690.4192 686.8544 683.2897 679.403 674.6602 669.9174 665.1744 660.4316 655.8735 651.3752 646.877 642.3787 637.6877 632.3786 627.0695 621.7603 616.4511 612.5791 609.2676
710.3612 712.451 715.9048 719.3991 722.8935 726.3877 729.8085 733.1406 736.4728 739.8049 743.1371 744.8845 746.5222 748.1599 749.7975 749.9449 748.0109 746.0769 744.1429 742.209 738.9523 735.5473 732.1424 728.7374 725.3687 722.0587 718.7487 715.4387 712.1288 710.1306 708.3402 706.5498 704.7594 703.4641 703.1073 702.7505 702.3938 702.037 701.7436 701.4634 701.1831 700.9028 700.3436 699.1617 697.9799 696.7979 695.616 692.5901 689.0779 685.5659 682.0538 678.2738 673.782 669.2902 664.7982 660.3063 655.9301 651.5911 647.2521 642.9132 638.3457 633.0446 627.7436 622.4425 617.1414 613.1982 609.7845
708.2411 709.8918 712.8591 715.8654 718.8718 721.8782 725.069 728.4824 731.8959 735.3093 738.7229 740.506 742.1762 743.8464 745.5166 745.7825 744.087 742.3915 740.6961 739.0007 735.9922 732.8367 729.6812 726.5256 723.2988 719.9562 716.6138 713.2712 709.9287 707.9354 706.1559 704.3763 702.5968 701.3179 700.9883 700.6586 700.329 699.9994 699.6926 699.3907 699.0887 698.7868 698.1439 696.7397 695.3355 693.9313 692.5272 689.4634 685.9621 682.4609 678.9596 675.2676 671.0685 666.8694 662.6702 658.4712 654.3139 650.1701 646.0264 641.8826 637.5219 632.4647 627.4077 622.3505 617.2935 613.4655 610.1169
706.121 707.3326 709.8134 712.3317 714.8502 717.3686 720.3295 723.8243 727.319 730.8138 734.3087 736.1274 737.8302 739.5329 741.2357 741.62 740.163 738.7062 737.2493 735.7924 733.0322 730.1261 727.22 724.3138 721.2288 717.8538 714.4788 711.1037 707.7287 705.7403 703.9716 702.2029 700.4342 699.1718 698.8693 698.5667 698.2642 697.9617 697.6417 697.3181 696.9944 696.6708 695.9442 694.3177 692.6912 691.0648 689.4383 686.3368 682.8463 679.3559 675.8655 672.2614 668.355 664.4487 660.5423 656.636 652.6978 648.7491 644.8005 640.8519 636.6979 631.8848 627.0717 622.2585 617.4454 613.7327 610.4492
704.0009 704.7733 706.7676 708.798 710.8286 712.859 715.59 719.1661 722.7422 726.3182 729.8945 731.7489 733.4841 735.2194 736.9547 737.4575 736.2391 735.0208 733.8024 732.584 730.0722 727.4155 724.7587 722.1019 719.1589 715.7513 712.3438 708.9362 705.5286 703.5452 701.7874 700.0295 698.2716 697.0256 696.7502 696.4748 696.1994 695.924 695.5908 695.2454 694.9001 694.5548 693.7444 691.8956 690.0469 688.1982 686.3494 683.2101 679.7305 676.2509 672.7714 669.2552 665.6416 662.0281 658.4144 654.8008 651.0816 647.3281 643.5747 639.8213 635.8741 631.3049 626.7358 622.1666 617.5975 614.0 610.7815
701.8807 702.2141 703.7218 705.2643 706.8069 708.3494 710.8505 714.5079 718.1653 721.8227 725.4802 727.3704 729.1381 730.9059 732.6738 733.295 732.3152 731.3354 730.3555 729.3757 727.1122 724.7048 722.2975 719.8901 717.089 713.6489 710.2088 706.7687 703.3286 701.35 699.603 697.856 696.109 694.8795 694.6312 694.3829 694.1346 693.8863 693.5398 693.1728 692.8058 692.4388 691.5446 689.4736 687.4026 685.3316 683.2606 680.0835 676.6147 673.1459 669.6772 666.249 662.9282 659.6074 656.2864 652.9656 649.4655 645.9072 642.3489 638.7906 635.0502 630.725 626.3998 622.0746 617.7495 614.2673 611.1138
702.0837 702.3936 703.7681 705.1742 706.5803 707.9864 710.2097 713.4187 716.6277 719.8368 723.046 724.6597 726.163 727.6664 729.1697 729.689 728.8338 727.9786 727.1235 726.2683 724.3084 722.2247 720.1411 718.0573 715.5157 712.2312 708.9467 705.6622 702.3776 700.1092 698.0018 695.8944 693.787 692.201 691.6036 691.0061 690.4087 689.8113 689.2064 688.5999 687.9934 687.3869 686.2494 683.9264 681.6034 679.2804 676.9575 673.9518 670.7661 667.5805 664.3949 661.2632 658.2747 655.2863 652.2977 649.3092 646.1948 643.0396 639.8844 636.7292 633.4152 629.5914 625.7676 621.9438 618.12 614.9178 611.9582
702.5078 702.834 704.109 705.412 706.7152 708.0182 709.9591 712.6694 715.3796 718.0899 720.8003 722.1079 723.3185 724.5291 725.7397 726.1358 725.3945 724.6532 723.9119 723.1706 721.5195 719.7665 718.0136 716.2606 713.9898 710.8788 707.7677 704.6567 701.5456 698.9592 696.4561 693.9529 691.4498 689.4717 688.4894 687.507 686.5246 685.5422 684.6556 683.7889 682.9222 682.0554 680.6594 678.0815 675.5038 672.926 670.3482 667.5339 664.6573 661.7807 658.9041 656.0889 653.4365 650.7842 648.1318 645.4794 642.7667 640.0343 637.302 634.5696 631.7029 628.405 625.1072 621.8093 618.5114 615.605 612.8513
702.932 703.2745 704.4499 705.6499 706.85 708.0501 709.7086 711.92 714.1315 716.343 718.5546 719.5562 720.4739 721.3918 722.3096 722.5827 721.9552 721.3278 720.7003 720.0728 718.7307 717.3084 715.8862 714.4639 712.4639 709.5263 706.5887 703.6512 700.7136 697.8093 694.9104 692.0115 689.1125 686.7425 685.3752 684.0078 682.6406 681.2733 680.1048 678.9778 677.851 676.7239 675.0693 672.2368 669.4041 666.5715 663.739 661.1161 658.5485 655.9809 653.4134 650.9146 648.5983 646.2821 643.9658 641.6496 639.3384 637.029 634.7195 632.41 629.9907 627.2187 624.4467 621.6747 618.9028 616.2921 613.7444
703.3561 703.7149 704.7907 705.8878 706.9849 708.0819 709.458 711.1707 712.8834 714.5961 716.3088 717.0043 717.6294 718.2545 718.8796 719.0295 718.5159 718.0023 717.4886 716.975 715.9418 714.8503 713.7587 712.6672 710.9379 708.1739 705.4098 702.6457 699.8816 696.6593 693.3647 690.07 686.7753 684.0132 682.261 680.5087 678.7565 677.0042 675.554 674.1669 672.7797 671.3925 669.4793 666.3919 663.3045 660.2171 657.1297 654.6982 652.4396 650.1812 647.9226 645.7402 643.7601 641.78 639.7999 637.8198 635.9103 634.0237 632.1371 630.2505 628.2784 626.0323 623.7863 621.5402 619.2941 616.9792 614.6376
703.8105 704.21 705.189 706.1851 707.1812 708.1772 709.3137 710.6196 711.9254 713.2313 714.5372 714.9363 715.2728 715.6091 715.9456 715.9509 715.494 715.037 714.58 714.123 713.3616 712.5661 711.7706 710.9751 709.5021 706.9299 704.3577 701.7854 699.2132 695.7601 692.1678 688.5754 684.983 681.8692 679.6625 677.4558 675.2491 673.0425 671.2242 669.4869 667.7497 666.0123 663.7741 660.4176 657.0611 653.7046 650.3481 648.0339 645.9944 643.9551 641.9157 640.0012 638.4185 636.8358 635.2531 633.6703 632.2007 630.7676 629.3345 627.9014 626.3676 624.5105 622.6534 620.7964 618.9393 616.8569 614.6865
704.3147 704.7955 705.682 706.5806 707.4791 708.3776 709.3452 710.3962 711.4473 712.4983 713.5494 713.6684 713.7229 713.7774 713.832 713.6572 713.1622 712.6674 712.1724 711.6775 711.1268 710.5698 710.0129 709.4559 708.2152 705.8653 703.5153 701.1653 698.8154 695.2758 691.5479 687.8199 684.092 680.6929 677.917 675.141 672.3651 669.5891 667.2599 665.0239 662.7878 660.5518 657.8785 654.2293 650.58 646.9308 643.2815 640.962 638.9931 637.0242 635.0553 633.3284 632.2444 631.1605 630.0765 628.9926 628.0257 627.0968 626.1678 625.239 624.1282 622.4338 620.7394 619.045 617.3506 615.3956 613.3391
704.8189 705.381 706.1751 706.9761 707.777 708.5779 709.3767 710.1729 710.9691 711.7653 712.5616 712.4005 712.173 711.9457 711.7183 711.3634 710.8305 710.2977 709.7648 709.2319 708.8919 708.5735 708.2551 707.9366 706.9283 704.8007 702.673 700.5453 698.4176 694.7913 690.9279 687.0645 683.201 679.5166 676.1714 672.8261 669.4809 666.1357 663.2955 660.5607 657.826 655.0911 651.9828 648.0409 644.0989 640.1569 636.2148 633.8901 631.9916 630.0932 628.1948 626.6554 626.0702 625.485 624.8998 624.3146 623.8506 623.4259 623.0012 622.5764 621.8889 620.3571 618.8253 617.2936 615.7618 613.9344 611.9917
705.3231 705.9666 706.6682 707.3716 708.075 708.7783 709.4082 709.9496 710.491 711.0323 711.5737 711.1325 710.6232 710.1139 709.6046 709.0696 708.4988 707.928 707.3571 706.7863 706.657 706.5771 706.4973 706.4174 705.6415 703.736 701.8306 699.9252 698.0198 694.3069 690.308 686.309 682.3101 678.3403 674.4258 670.5112 666.5967 662.6823 659.3312 656.0977 652.8641 649.6305 646.0872 641.8524 637.6177 633.3829 629.1482 626.8181 624.9901 623.1622 621.3342 619.9824 619.896 619.8096 619.7231 619.6367 619.6756 619.7551 619.8345 619.9139 619.6495 618.2804 616.9113 615.5422 614.173 612.4732 610.6443
705.8273 706.5521 707.1613 707.7671 708.3729 708.9786 709.4397 709.7263 710.0128 710.2994 710.5859 709.8645 709.0733 708.2821 707.4909 706.7758 706.1671 705.5583 704.9495 704.3407 704.4221 704.5808 704.7395 704.8982 704.3546 702.6714 700.9883 699.3051 697.622 693.8225 689.688 685.5535 681.4191 677.1639 672.6802 668.1963 663.7126 659.2288 655.3668 651.6345 647.9022 644.1698 640.1915 635.664 631.1365 626.609 622.0815 619.7461 617.9886 616.2311 614.4737 613.3094 613.7218 614.1342 614.5465 614.9589 615.5005 616.0842 616.6678 617.2515 617.4101 616.2036 614.9972 613.7907 612.5843 611.012 609.297
705.684 706.399 706.9662 707.5292 708.092 708.6549 709.0411 709.2141 709.3871 709.5601 709.7332 708.941 708.0821 707.2231 706.3643 705.5729 704.8761 704.1792 703.4824 702.7855 702.8553 703.0111 703.1668 703.3225 702.8114 701.2184 699.6254 698.0323 696.4393 692.602 688.4094 684.2169 680.0244 675.6448 670.9108 666.1766 661.4426 656.7086 652.5943 648.6094 644.6244 640.6393 636.4847 631.9516 627.4184 622.8853 618.3521 616.0858 614.4169 612.7482 611.0795 609.9914 610.4468 610.9022 611.3576 611.813 612.4294 613.098 613.7666 614.4351 614.7058 613.6985 612.6912 611.6838 610.6765 609.3009 607.7818
705.418 706.1059 706.6407 707.1711 707.7015 708.2318 708.5609 708.6472 708.7334 708.8197 708.9059 708.0829 707.1968 706.3108 705.4247 704.577 703.7825 702.988 702.1937 701.3992 701.4153 701.5223 701.6292 701.7361 701.2196 699.6917 698.1636 696.6357 695.1077 691.2418 687.0059 682.77 678.5341 674.0607 669.1369 664.213 659.2892 654.3654 650.0479 645.8569 641.666 637.4749 633.1931 628.7087 624.2244 619.74 615.2556 613.0724 611.4957 609.9192 608.3426 607.3097 607.7217 608.1337 608.5458 608.9578 609.5677 610.2417 610.9157 611.5897 611.9134 611.1121 610.3107 609.5095 608.7081 607.5425 606.2348
705.1519 705.8127 706.3152 706.813 707.3109 707.8087 708.0807 708.0802 708.0797 708.0792 708.0787 707.2247 706.3115 705.3984 704.4853 703.5809 702.6889 701.7969 700.9049 700.0129 699.9753 700.0334 700.0916 700.1497 699.6278 698.1649 696.702 695.2391 693.7761 689.8817 685.6024 681.3232 677.0439 672.4765 667.363 662.2493 657.1357 652.0222 647.5015 643.1046 638.7075 634.3104 629.9015 625.4659 621.0303 616.5947 612.1592 610.059 608.5746 607.0901 605.6058 604.6279 604.9966 605.3653 605.7339 606.1026 606.706 607.3854 608.0648 608.7442 609.121 608.5256 607.9304 607.3351 606.7398 605.7841 604.6878
704.8859 705.5195 705.9897 706.455 706.9203 707.3856 707.6005 707.5132 707.426 707.3388 707.2516 706.3665 705.4263 704.486 703.5458 702.585 701.5953 700.6057 699.6161 698.6266 698.5353 698.5446 698.554 698.5633 698.036 696.6382 695.2403 693.8424 692.4445 688.5216 684.1989 679.8763 675.5536 670.8923 665.5891 660.2856 654.9823 649.679 644.9551 640.3521 635.7491 631.1459 626.6099 622.223 617.8362 613.4495 609.0627 607.0457 605.6534 604.2612 602.8689 601.9462 602.2715 602.5968 602.9221 603.2474 603.8442 604.5291 605.2139 605.8987 606.3285 605.9393 605.55 605.1607 604.7715 604.0257 603.1409
704.5043 705.0927 705.5492 706.0018 706.4544 706.9069 707.083 706.9255 706.7681 706.6106 706.4531 705.5598 704.6155 703.6713 702.7271 701.7135 700.6032 699.4929 698.3827 697.2724 697.0642 696.9571 696.85 696.7429 696.1332 694.7079 693.2827 691.8575 690.4323 686.4625 682.0898 677.7172 673.3446 668.6164 663.2141 657.8116 652.4094 647.0071 642.1694 637.4494 632.7295 628.0095 623.4444 619.2252 615.006 610.7868 606.5676 604.6912 603.4323 602.1735 600.9147 600.0753 600.3506 600.6259 600.9012 601.1765 601.7291 602.3715 603.0139 603.6563 604.0917 603.8622 603.6328 603.4034 603.174 602.6144 601.9261
703.8588 704.3604 704.846 705.3311 705.8162 706.3013 706.4804 706.2904 706.1004 705.9104 705.7204 704.8706 703.9752 703.0797 702.1842 701.1268 699.843 698.5592 697.2755 695.9917 695.5223 695.1441 694.7659 694.3877 693.5193 691.8555 690.1918 688.528 686.8643 682.8057 678.368 673.9303 669.4926 664.7593 659.4654 654.1714 648.8775 643.5837 638.8364 634.2032 629.5701 624.9368 620.5675 616.7874 613.0073 609.2273 605.4472 603.8425 602.8114 601.7803 600.7492 600.0575 600.2678 600.478 600.6882 600.8985 601.3205 601.8111 602.3017 602.7923 603.1248 602.9496 602.7744 602.5991 602.424 601.9966 601.471
