data/zism_data/00601_04_D.txt
ncols         224
nrows         224
[rows 0 to 27 of 224, columns 126 to 188 of 224]
721.6603 727.1938 732.6003 737.4642 742.3282 747.1922 752.0562 752.9152 751.4723 750.0294 748.5865 746.4511 736.3834 726.3157 716.248 706.1802 696.8889 688.2985 679.7079 671.1175 662.527 661.8591 661.4293 660.9996 660.5698 661.777 665.2816 668.7863 672.2909 675.7955 674.5278 672.4916 670.4554 668.4192 664.6523 656.9706 649.2889 641.6073 633.9257 634.1251 636.9261 639.7272 642.5283 646.1293 652.9898 659.8503 666.7109 673.5714 682.3602 692.2223 702.0844 711.9464 721.5532 728.502 735.4507 742.3995 749.3483 752.4975 752.3156 752.1337 751.9518 751.77 745.8994
727.8967 733.8551 739.6854 744.9689 750.2523 755.5357 760.8192 762.1865 761.3029 760.4193 759.5358 758.0002 748.9973 739.9944 730.9915 721.9886 713.5925 705.7442 697.8958 690.0474 682.1991 681.4745 680.9641 680.4537 679.9432 680.4724 682.4604 684.4485 686.4366 688.4246 685.9646 682.7883 679.612 676.4357 671.931 664.4214 656.9119 649.4023 641.8927 642.5917 646.0005 649.4092 652.8181 657.0013 664.3405 671.6797 679.0189 686.358 695.2731 705.0652 714.8574 724.6495 734.1978 741.2057 748.2137 755.2216 762.2296 765.8649 766.5434 767.2219 767.9005 768.579 763.0272
734.1334 740.5167 746.7708 752.4738 758.1766 763.8796 769.5825 771.458 771.1338 770.8096 770.4854 769.5497 761.6117 753.6736 745.7356 737.7976 730.2968 723.1905 716.0843 708.9781 701.8718 701.0906 700.4995 699.9084 699.3174 699.1684 699.6398 700.1113 700.5828 701.0542 697.4018 693.0854 688.769 684.4526 679.21 671.8725 664.535 657.1975 649.86 651.0587 655.0751 659.0917 663.1082 667.8738 675.6916 683.5094 691.3272 699.145 708.1864 717.9086 727.6309 737.3531 746.8428 753.9099 760.977 768.0441 775.1113 779.2327 780.7717 782.3107 783.8497 785.3887 780.1555
735.883 742.5215 749.1047 755.4515 761.7983 768.1452 774.492 777.1082 777.5802 778.0522 778.5242 778.4331 771.894 765.355 758.816 752.2769 745.9307 739.7587 733.5865 727.4144 721.2424 720.3859 719.6892 718.9925 718.2958 717.3691 716.1196 714.87 713.6204 712.3708 707.4269 701.8882 696.3494 690.8107 684.8291 677.8457 670.8624 663.879 656.8956 658.5378 663.0273 667.5168 672.0063 677.2593 685.6231 693.9869 702.3506 710.7144 720.0262 729.8657 739.705 749.5444 759.1476 766.2914 773.4352 780.5789 787.7227 792.0965 794.042 795.9875 797.933 799.8785 795.0516
732.4446 739.1423 745.9449 753.1951 760.4454 767.6956 774.9459 778.5714 780.1135 781.6558 783.1979 784.2345 779.4809 774.7272 769.9736 765.22 760.3285 755.3126 750.2966 745.2807 740.2648 739.3116 738.4805 737.6494 736.8182 734.9986 731.7915 728.5845 725.3774 722.1703 715.8202 708.9639 702.1077 695.2514 688.5293 682.1106 675.6919 669.2732 662.8545 664.8753 669.6821 674.4889 679.2957 684.9264 693.9139 702.9015 711.8891 720.8766 730.6259 740.7986 750.9715 761.1443 771.0602 778.3008 785.5413 792.7819 800.0224 804.3784 806.2056 808.0328 809.86 811.6871 807.3679
729.0064 735.7632 742.7851 750.9388 759.0924 767.246 775.3997 780.0345 782.6469 785.2592 787.8716 790.0357 787.0674 784.0991 781.1309 778.1625 774.7257 770.866 767.0062 763.1464 759.2866 758.2366 757.2711 756.3055 755.34 752.6274 747.463 742.2985 737.134 731.9695 724.2131 716.0394 707.8657 699.692 692.2294 686.3753 680.5212 674.6672 668.8131 671.2126 676.3367 681.4608 686.5848 692.5932 702.2045 711.8159 721.4272 731.0386 741.225 751.7313 762.2375 772.7437 782.9724 790.3097 797.6471 804.9844 812.3218 816.6599 818.3688 820.0776 821.7865 823.4954 819.6837
725.568 732.384 739.6252 748.6823 757.7394 766.7965 775.8536 781.4977 785.1802 788.8629 792.5453 795.8372 794.6542 793.4714 792.2885 791.1055 789.1235 786.4199 783.7162 781.0126 778.3091 777.1623 776.0623 774.9624 773.8624 770.2569 763.1349 756.0129 748.8909 741.7689 732.6063 723.1151 713.6239 704.1327 695.9296 690.6402 685.3508 680.0614 674.772 677.5501 682.9915 688.4329 693.8742 700.2603 710.4954 720.7305 730.9657 741.2008 751.8246 762.6643 773.504 784.3436 794.8849 802.3191 809.7532 817.1874 824.6215 828.9419 830.5324 832.1229 833.7134 835.304 831.9999
722.1298 729.0049 736.4655 746.426 756.3865 766.3469 776.3074 782.9608 787.7135 792.4663 797.219 801.6384 802.2408 802.8433 803.4457 804.0482 803.5207 801.9732 800.4258 798.8783 797.3309 796.0873 794.853 793.6186 792.3842 787.8858 778.8063 769.7269 760.6475 751.5681 740.9992 730.1906 719.3819 708.5732 699.6297 694.9049 690.1802 685.4554 680.7307 683.8875 689.6461 695.4047 701.1633 707.9271 718.786 729.6449 740.5038 751.3627 762.4238 773.5969 784.77 795.9431 806.7971 814.328 821.8589 829.39 836.9209 841.2234 842.6956 844.1678 845.64 847.1122 844.3158
717.0005 722.7227 729.0666 738.0651 747.0635 756.062 765.0605 772.1722 778.1996 784.2271 790.2545 796.0064 798.6037 801.201 803.7984 806.3958 807.7658 808.028 808.2901 808.5522 808.8144 808.1953 807.5497 806.9042 806.2587 801.713 791.6936 781.6742 771.6548 761.6354 750.1451 738.4179 726.6908 714.9637 705.3835 700.6598 695.936 691.2123 686.4886 689.8279 695.829 701.8302 707.8313 714.9156 726.4133 737.9109 749.4086 760.9063 772.4293 783.9657 795.5021 807.0386 818.2029 825.4915 832.78 840.0686 847.3571 851.4781 852.822 854.1659 855.5098 856.8537 854.3207
711.7394 716.214 721.3368 729.2275 737.1183 745.009 752.8997 760.4268 767.7448 775.063 782.3809 789.4813 794.0898 798.6984 803.3069 807.9155 811.2176 813.3403 815.463 817.5858 819.7085 819.7702 819.77 819.7697 819.7695 815.2427 804.3628 793.483 782.6031 771.7233 759.3494 746.735 734.1206 721.5062 711.2976 706.5309 701.7642 696.9974 692.2307 695.7372 701.975 708.2127 714.4504 721.8508 733.9884 746.126 758.2636 770.4012 782.3879 794.29 806.1921 818.0943 829.5687 836.5884 843.608 850.6277 857.6475 861.574 862.7888 864.0037 865.2185 866.4333 864.1448
706.4781 709.705 713.6068 720.3897 727.1727 733.9556 740.7386 748.6809 757.2896 765.8985 774.5071 782.9561 789.5759 796.1957 802.8154 809.4352 814.6694 818.6528 822.6362 826.6196 830.603 831.3455 831.9906 832.6357 833.2808 828.7728 817.0325 805.2922 793.5518 781.8115 768.5541 755.0524 741.5507 728.049 717.2119 712.4022 707.5924 702.7827 697.973 701.6467 708.1211 714.5955 721.0698 728.7863 741.5638 754.3414 767.1188 779.8964 792.3469 804.6147 816.8826 829.1504 840.9349 847.6857 854.4365 861.1873 867.9381 871.6703 872.756 873.8418 874.9276 876.0134 873.9692
701.217 703.1963 705.877 711.5522 717.2274 722.9026 728.5779 736.9355 746.8347 756.7343 766.6336 776.431 785.062 793.693 802.324 810.955 818.1212 823.9652 829.8091 835.6531 841.4971 842.9204 844.2108 845.5012 846.7916 842.3024 829.7017 817.101 804.5002 791.8994 777.7584 763.3694 748.9805 734.5915 723.126 718.2733 713.4205 708.5677 703.715 707.556 714.267 720.978 727.689 735.7216 749.139 762.5564 775.9738 789.3913 802.3056 814.9391 827.5726 840.2061 852.3007 858.7827 865.2645 871.7465 878.2284 881.7662 882.7229 883.6796 884.6364 885.593 883.7933
699.207 700.0964 701.6962 706.3289 710.9615 715.5942 720.2268 728.5972 739.1158 749.6348 760.1534 770.6437 780.8104 790.9772 801.1439 811.3105 820.0351 827.4577 834.8804 842.303 849.7257 851.8951 853.9067 855.9182 857.9297 853.7786 840.9781 828.1777 815.3773 802.5769 787.7509 772.5988 757.4466 742.2945 730.2065 725.0499 719.8931 714.7365 709.5797 713.6277 720.7142 727.8007 734.8871 743.2968 757.0974 770.8981 784.6987 798.4993 811.5937 824.2941 836.9944 849.6948 861.8379 868.1772 874.5165 880.8558 887.1951 890.6793 891.6606 892.6418 893.6231 894.6044 892.8403
702.2541 702.2992 703.0363 706.7278 710.4194 714.1109 717.8024 725.5595 735.6533 745.7474 755.8411 766.0046 776.9673 787.9299 798.8925 809.8552 819.5565 828.1193 836.682 845.2448 853.8074 856.8247 859.6752 862.5257 865.3762 862.0595 850.0873 838.1151 826.1428 814.1705 798.9684 783.2463 767.524 751.8019 739.1011 733.2345 727.3679 721.5013 715.6347 719.9512 727.6293 735.3074 742.9854 751.8669 765.6514 779.4359 793.2205 807.0049 819.8379 832.1403 844.4427 856.7451 868.5298 874.9229 881.3159 887.709 894.1021 897.7518 898.9966 900.2414 901.4861 902.731 900.6781
705.3013 704.502 704.3764 707.1268 709.8772 712.6276 715.3781 722.5219 732.1907 741.8599 751.5289 761.3655 773.1241 784.8827 796.6412 808.3998 819.0779 828.7808 838.4836 848.1864 857.8892 861.7542 865.4437 869.1332 872.8226 870.3405 859.1964 848.0523 836.9083 825.7642 810.186 793.8937 777.6015 761.3093 747.9955 741.4191 734.8427 728.2662 721.6897 726.2748 734.5444 742.814 751.0837 760.437 774.2053 787.9738 801.7422 815.5106 828.0821 839.9866 851.891 863.7954 875.2217 881.6686 888.1154 894.5623 901.0091 904.8243 906.3326 907.8409 909.3492 910.8575 908.5159
708.3485 706.7049 705.7166 707.5258 709.3351 711.1443 712.9536 719.4841 728.7281 737.9724 747.2164 756.7263 769.2808 781.8353 794.3898 806.9443 818.5993 829.4423 840.2852 851.1282 861.9711 866.684 871.2124 875.7408 880.2693 878.6216 868.3058 857.99 847.6741 837.3583 821.4039 804.5416 787.6793 770.817 756.8904 749.604 742.3176 735.0313 727.7449 732.5986 741.4598 750.321 759.1823 769.0073 782.7596 796.5119 810.2642 824.0165 836.3266 847.8331 859.3395 870.8459 881.9139 888.4145 894.9151 901.4157 907.9163 911.8972 913.6689 915.4407 917.2125 918.9843 916.3539
711.3957 708.9078 707.0567 707.9248 708.7929 709.6611 710.5292 716.4464 725.2655 734.085 742.9041 752.0872 765.4376 778.7881 792.1385 805.489 818.1207 830.1038 842.0869 854.0699 866.0529 871.6135 876.9809 882.3483 887.7158 886.9026 877.4149 867.9272 858.4396 848.9519 832.6214 815.1891 797.7568 780.3244 765.7849 757.7886 749.7924 741.7961 733.7999 738.9221 748.3749 757.8277 767.2805 777.5774 791.3136 805.0497 818.7859 832.5221 844.5708 855.6793 866.7878 877.8962 888.6058 895.1602 901.7145 908.2689 914.8233 918.9697 921.0049 923.0403 925.0756 927.1109 924.1917
725.8467 723.0525 720.7048 720.264 719.8232 719.3824 718.9415 723.3549 730.5582 737.7618 744.9651 752.5717 764.796 777.0203 789.2445 801.4688 813.7039 825.9487 838.1935 850.4384 862.6832 869.5346 876.2238 882.913 889.6022 889.783 880.8292 871.8754 862.9216 853.9678 837.6798 820.2108 802.7419 785.2729 770.9075 763.5626 756.2175 748.8726 741.5275 747.2561 757.3005 767.3448 777.3892 788.175 801.9825 815.7899 829.5973 843.4047 854.9811 865.3145 875.648 885.9814 895.9656 902.3116 908.6577 915.0038 921.3499 925.4609 927.6125 929.7642 931.9159 934.0676 930.7439
742.2303 739.2209 736.4388 734.6267 732.8146 731.0026 729.1905 731.9492 737.3348 742.7208 748.1064 753.9247 764.6971 775.4694 786.2417 797.014 808.6196 820.9774 833.3351 845.6928 858.0505 866.2678 874.3606 882.4533 890.5461 891.7478 883.278 874.8082 866.3384 857.8686 841.694 824.2788 806.8636 789.4484 775.3907 768.9276 762.4645 756.0015 749.5384 755.9305 766.5664 777.2023 787.8381 799.116 813.0094 826.9029 840.7963 854.6898 865.7581 875.2526 884.7472 894.2418 903.4384 909.5317 915.625 921.7183 927.8116 931.8533 934.0964 936.3395 938.5826 940.8257 937.078
758.6144 755.3899 752.1732 748.9899 745.8065 742.6231 739.4398 740.5436 744.1117 747.6798 751.2479 755.2778 764.5981 773.9185 783.2388 792.5591 803.5352 816.0058 828.4764 840.9471 853.4178 863.0009 872.4973 881.9937 891.49 893.7127 885.7269 877.7411 869.7553 861.7695 845.7083 828.3469 810.9855 793.624 779.874 774.2929 768.7117 763.1306 757.5495 764.6053 775.8327 787.0601 798.2875 810.0573 824.0367 838.0162 851.9957 865.9752 876.5355 885.1911 893.8467 902.5024 910.9114 916.752 922.5925 928.4331 934.2737 938.246 940.5805 942.915 945.2496 947.5841 943.4123
774.9979 771.5583 767.9072 763.3525 758.7979 754.2433 749.6887 749.1379 750.8883 752.6387 754.3891 756.6308 764.4992 772.3676 780.236 788.1044 798.4509 811.0344 823.618 836.2015 848.7851 859.7342 870.6341 881.534 892.4339 895.6776 888.1757 880.6739 873.1721 865.6702 849.7225 832.4149 815.1072 797.7995 784.3572 779.658 774.9587 770.2595 765.5604 773.2797 785.0986 796.9176 808.7365 820.9982 835.0637 849.1293 863.1948 877.2603 887.3124 895.1292 902.9459 910.7627 918.3842 923.972 929.5598 935.1476 940.7355 944.6384 947.0644 949.4904 951.9163 954.3422 949.7464
791.0992 787.3331 783.1796 777.372 771.5645 765.7568 759.9493 757.8838 757.9691 758.0544 758.1398 758.7457 765.313 771.8802 778.4476 785.0149 794.7332 807.2959 819.8586 832.4214 844.9841 856.9689 868.9363 880.9037 892.8712 897.0487 890.2932 883.5377 876.7822 870.0267 854.5374 837.6418 820.7463 803.8508 790.7679 786.3094 781.851 777.3924 772.9339 780.8909 792.9465 805.002 817.0576 829.5198 843.6388 857.7578 871.8768 885.9958 895.7969 903.1931 910.5892 917.9854 925.2191 930.7599 936.3007 941.8416 947.3824 951.2719 953.7139 956.1558 958.5977 961.0396 956.1271
806.5971 802.2664 797.4656 790.6578 783.85 777.0422 770.2344 766.9535 765.6998 764.446 763.1923 762.488 768.0766 773.6652 779.2537 784.8423 793.9351 806.1913 818.4476 830.7039 842.9601 855.2753 867.5923 879.9092 892.2262 897.1516 891.7028 886.2541 880.8054 875.3566 861.0629 845.345 829.6271 813.9092 801.2969 795.709 790.1213 784.5335 778.9457 786.2303 797.7642 809.2981 820.832 832.8722 846.9751 861.0779 875.1808 889.2838 899.383 907.2524 915.1218 922.9912 930.691 936.6245 942.5578 948.4912 954.4246 958.4202 960.7169 963.0136 965.3104 967.6071 962.6072
822.095 817.1996 811.7515 803.9435 796.1355 788.3275 780.5194 776.0232 773.4304 770.8376 768.2448 766.2305 770.8403 775.4501 780.0599 784.6697 793.1371 805.0869 817.0366 828.9863 840.936 853.5817 866.2482 878.9147 891.5812 897.2544 893.1124 888.9705 884.8285 880.6865 867.5884 853.0482 838.5079 823.9677 811.8258 805.1087 798.3916 791.6746 784.9575 791.5696 802.5819 813.5942 824.6065 836.2247 850.3114 864.3982 878.4849 892.5717 902.9691 911.3118 919.6544 927.997 936.163 942.489 948.8149 955.1409 961.4668 965.5684 967.72 969.8715 972.023 974.1746 969.0873
837.593 832.1329 826.0375 817.2292 808.421 799.6127 790.8045 785.0929 781.1611 777.2291 773.2973 769.9728 773.6039 777.235 780.8661 784.4972 792.3391 803.9824 815.6255 827.2688 838.912 851.888 864.9041 877.9202 890.9362 897.3572 894.522 891.6868 888.8516 886.0164 874.1139 860.7513 847.3888 834.0262 822.3547 814.5084 806.662 798.8156 790.9692 796.9089 807.3996 817.8903 828.381 839.5771 853.6478 867.7184 881.7889 895.8596 906.5553 915.3711 924.187 933.0028 941.6349 948.3535 955.072 961.7905 968.509 972.7167 974.723 976.7294 978.7357 980.742 975.5674
853.0909 847.0662 840.3234 830.515 820.7065 810.8981 801.0896 794.1626 788.8917 783.6207 778.3498 773.7152 776.3676 779.02 781.6723 784.3246 791.5411 802.8779 814.2145 825.5513 836.8879 850.1943 863.56 876.9256 890.2913 897.46 895.9316 894.4032 892.8748 891.3463 880.6393 868.4545 856.2696 844.0847 832.8837 823.908 814.9323 805.9567 796.981 802.2483 812.2173 822.1864 832.1555 842.9296 856.9841 871.0386 885.093 899.1475 910.1414 919.4305 928.7195 938.0086 947.1069 954.218 961.3291 968.4402 975.5513 979.8649 981.726 983.5872 985.4484 987.3095 982.0476
863.6754 857.831 851.2155 841.3074 831.3994 821.4913 811.5833 803.9192 797.5449 791.1704 784.7961 779.0773 780.8645 782.6517 784.4389 786.2261 792.5989 803.1115 813.624 824.1365 834.649 848.1113 861.6624 875.2134 888.7644 896.4802 896.006 895.5319 895.0578 894.5837 885.1606 874.2965 863.4325 852.5684 842.2338 833.0968 823.9598 814.8229 805.6859 810.6697 820.3149 829.9601 839.6053 850.049 863.7465 877.4439 891.1414 904.8388 915.9549 925.6331 935.3112 944.9893 954.4523 961.674 968.8957 976.1174 983.3391 987.5395 989.0913 990.6431 992.1949 993.7467 988.2621
872.8951 867.4379 861.1646 851.4072 841.6497 831.8923 822.1348 813.8666 806.4544 799.0419 791.6297 784.8893 785.8429 786.7965 787.7501 788.7037 794.1723 803.7168 813.2613 822.8057 832.3502 845.92 859.6109 873.3018 886.9926 895.1995 895.7095 896.2196 896.7297 897.2397 889.1251 879.6216 870.1181 860.6147 851.2565 842.2271 833.1977 824.1683 815.1389 819.9471 829.3234 838.6998 848.076 858.2148 871.4606 884.7063 897.952 911.1977 922.3871 932.431 942.4749 952.5187 962.3181 969.5721 976.826 984.08 991.3339 995.3603 996.5572 997.754 998.9509 1000.148 994.403
