data/zism_data/00603_03_D.txt
ncols         224
nrows         224
[rows 112 to 139 of 224, columns 128 to 191 of 224]
1515.166 1523.463 1531.76 1540.971 1552.775 1564.578 1576.382 1588.186 1592.804 1594.692 1596.58 1598.468 1597.595 1584.829 1572.064 1559.299 1546.533 1536.066 1526.824 1517.582 1508.34 1500.166 1500.128 1500.091 1500.053 1500.016 1500.485 1501.322 1502.159 1502.996 1504.133 1511.884 1519.635 1527.386 1535.136 1544.626 1555.806 1566.985 1578.164 1589.344 1593.289 1597.018 1600.747 1604.476 1609.027 1614.647 1620.266 1625.885 1631.505 1640.656 1650.207 1659.757 1669.308 1675.98 1677.587 1679.194 1680.801 1682.408 1675.469 1666.732 1657.995 1649.258 1639.96 1629.288
1516.787 1525.375 1533.962 1543.275 1554.643 1566.01 1577.378 1588.745 1593.173 1594.964 1596.755 1598.546 1597.671 1585.309 1572.948 1560.586 1548.224 1537.739 1528.255 1518.771 1509.287 1500.879 1500.68 1500.481 1500.282 1500.084 1500.373 1501.016 1501.659 1502.302 1503.196 1509.618 1516.039 1522.46 1528.881 1537.203 1547.37 1557.537 1567.705 1577.872 1582.326 1586.61 1590.893 1595.177 1600.06 1605.723 1611.385 1617.048 1622.71 1631.953 1641.601 1651.248 1660.895 1667.538 1668.892 1670.246 1671.6 1672.954 1665.998 1657.293 1648.588 1639.883 1630.831 1620.929
1518.408 1527.286 1536.165 1545.579 1556.51 1567.442 1578.373 1589.305 1593.542 1595.237 1596.931 1598.625 1597.747 1585.789 1573.831 1561.873 1549.915 1539.413 1529.686 1519.96 1510.234 1501.593 1501.233 1500.872 1500.512 1500.151 1500.26 1500.71 1501.159 1501.608 1502.26 1507.351 1512.443 1517.535 1522.626 1529.779 1538.935 1548.09 1557.246 1566.401 1571.364 1576.202 1581.04 1585.878 1591.093 1596.799 1602.505 1608.21 1613.916 1623.25 1632.995 1642.739 1652.483 1659.095 1660.196 1661.297 1662.398 1663.5 1656.527 1647.854 1639.181 1630.509 1621.703 1612.57
1520.029 1529.198 1538.367 1547.882 1558.378 1568.873 1579.369 1589.864 1593.912 1595.509 1597.106 1598.704 1597.823 1586.269 1574.714 1563.16 1551.606 1541.086 1531.117 1521.149 1511.18 1502.307 1501.785 1501.263 1500.741 1500.219 1500.148 1500.404 1500.659 1500.915 1501.323 1505.085 1508.847 1512.609 1516.371 1522.356 1530.499 1538.643 1546.786 1554.93 1560.402 1565.795 1571.187 1576.579 1582.126 1587.875 1593.624 1599.373 1605.121 1614.547 1624.388 1634.229 1644.07 1650.653 1651.501 1652.349 1653.197 1654.045 1647.055 1638.415 1629.775 1621.134 1612.574 1604.211
1521.65 1531.11 1540.57 1550.186 1560.245 1570.305 1580.364 1590.424 1594.281 1595.781 1597.282 1598.782 1597.899 1586.749 1575.598 1564.447 1553.297 1542.759 1532.548 1522.338 1512.127 1503.021 1502.337 1501.654 1500.97 1500.287 1500.036 1500.098 1500.159 1500.221 1500.386 1502.818 1505.251 1507.683 1510.116 1514.932 1522.064 1529.196 1536.327 1543.459 1549.44 1555.387 1561.333 1567.28 1573.16 1578.951 1584.743 1590.535 1596.327 1605.844 1615.782 1625.72 1635.658 1642.211 1642.806 1643.401 1643.996 1644.591 1637.584 1628.976 1620.368 1611.76 1603.446 1595.852
1524.33 1534.004 1543.677 1553.289 1562.725 1572.162 1581.598 1591.035 1594.65 1596.054 1597.457 1598.861 1598.0 1587.385 1576.77 1566.155 1555.54 1544.974 1534.433 1523.892 1513.351 1503.929 1503.04 1502.151 1501.262 1500.374 1500.0 1500.0 1500.0 1500.0 1500.074 1501.782 1503.49 1505.198 1506.906 1510.802 1516.822 1522.843 1528.864 1534.885 1541.28 1547.685 1554.091 1560.497 1566.823 1573.047 1579.27 1585.494 1591.717 1600.934 1610.489 1620.043 1629.598 1635.793 1636.077 1636.36 1636.644 1636.927 1630.265 1622.14 1614.015 1605.89 1598.083 1591.054
1527.506 1537.357 1547.208 1556.766 1565.492 1574.218 1582.944 1591.67 1595.02 1596.326 1597.633 1598.94 1598.113 1588.095 1578.078 1568.06 1558.042 1547.442 1536.529 1525.617 1514.704 1504.928 1503.813 1502.698 1501.583 1500.469 1500.0 1500.0 1500.0 1500.0 1500.055 1501.322 1502.588 1503.855 1505.121 1508.212 1513.076 1517.94 1522.803 1527.667 1534.431 1541.251 1548.071 1554.891 1561.719 1568.556 1575.393 1582.23 1589.067 1597.799 1606.746 1615.692 1624.639 1630.323 1630.268 1630.212 1630.156 1630.101 1623.953 1616.523 1609.092 1601.662 1594.484 1587.923
1530.682 1540.711 1550.739 1560.243 1568.258 1576.274 1584.289 1592.305 1595.389 1596.599 1597.808 1599.018 1598.225 1588.805 1579.385 1569.965 1560.545 1549.909 1538.626 1527.342 1516.058 1505.927 1504.586 1503.245 1501.904 1500.564 1500.0 1500.0 1500.0 1500.0 1500.036 1500.861 1501.686 1502.511 1503.337 1505.623 1509.33 1513.036 1516.743 1520.449 1527.582 1534.816 1542.051 1549.286 1556.614 1564.065 1571.515 1578.966 1586.417 1594.665 1603.003 1611.341 1619.679 1624.854 1624.459 1624.064 1623.669 1623.275 1617.641 1610.905 1604.169 1597.433 1590.884 1584.791
1533.858 1544.064 1554.27 1563.72 1571.025 1578.33 1585.635 1592.94 1595.758 1596.871 1597.984 1599.097 1598.338 1589.515 1580.692 1571.87 1563.047 1552.377 1540.722 1529.067 1517.412 1506.926 1505.359 1503.792 1502.225 1500.659 1500.0 1500.0 1500.0 1500.0 1500.017 1500.401 1500.784 1501.168 1501.552 1503.034 1505.583 1508.133 1510.682 1513.232 1520.733 1528.382 1536.031 1543.68 1551.51 1559.574 1567.638 1575.702 1583.766 1591.53 1599.26 1606.99 1614.72 1619.384 1618.65 1617.916 1617.182 1616.448 1611.33 1605.288 1599.246 1593.205 1587.284 1581.66
1537.157 1547.381 1557.604 1566.898 1573.555 1580.212 1586.869 1593.526 1596.1 1597.124 1598.147 1599.17 1598.436 1590.132 1581.829 1573.526 1565.223 1554.524 1542.547 1530.571 1518.594 1507.806 1506.081 1504.356 1502.631 1500.906 1500.182 1500.182 1500.182 1500.182 1500.18 1500.14 1500.1 1500.06 1500.02 1500.767 1502.278 1503.79 1505.301 1506.813 1514.615 1522.605 1530.594 1538.584 1546.875 1555.556 1564.237 1572.919 1581.6 1588.886 1596.015 1603.144 1610.273 1614.456 1613.455 1612.455 1611.454 1610.454 1605.845 1600.478 1595.11 1589.742 1584.418 1579.199
1541.277 1550.451 1559.625 1568.083 1574.508 1580.934 1587.359 1593.785 1596.265 1597.245 1598.225 1599.205 1598.436 1590.132 1581.829 1573.526 1565.223 1554.531 1542.565 1530.599 1518.633 1507.889 1506.46 1505.031 1503.603 1502.174 1501.573 1501.573 1501.573 1501.573 1501.558 1501.211 1500.865 1500.518 1500.171 1500.644 1501.913 1503.182 1504.452 1505.721 1513.37 1521.209 1529.048 1536.887 1545.371 1554.693 1564.014 1573.336 1582.658 1589.511 1596.086 1602.66 1609.234 1613.142 1612.357 1611.572 1610.786 1610.001 1605.875 1601.046 1596.216 1591.387 1586.441 1581.212
1545.397 1553.522 1561.646 1569.267 1575.462 1581.656 1587.85 1594.044 1596.429 1597.366 1598.303 1599.24 1598.436 1590.132 1581.829 1573.526 1565.223 1554.538 1542.583 1530.628 1518.673 1507.972 1506.839 1505.707 1504.574 1503.441 1502.965 1502.965 1502.965 1502.965 1502.937 1502.283 1501.629 1500.976 1500.322 1500.521 1501.548 1502.575 1503.602 1504.63 1512.125 1519.813 1527.501 1535.19 1543.867 1553.829 1563.791 1573.754 1583.716 1590.136 1596.156 1602.176 1608.196 1611.829 1611.259 1610.689 1610.119 1609.549 1605.905 1601.613 1597.322 1593.031 1588.465 1583.225
1549.517 1556.592 1563.667 1570.452 1576.415 1582.378 1588.34 1594.303 1596.593 1597.487 1598.381 1599.275 1598.436 1590.132 1581.829 1573.526 1565.223 1554.545 1542.601 1530.656 1518.712 1508.055 1507.219 1506.382 1505.545 1504.708 1504.356 1504.357 1504.357 1504.357 1504.315 1503.354 1502.394 1501.434 1500.473 1500.398 1501.183 1501.968 1502.753 1503.538 1510.88 1518.417 1525.955 1533.492 1542.363 1552.966 1563.568 1574.171 1584.774 1590.761 1596.227 1601.692 1607.158 1610.515 1610.16 1609.805 1609.451 1609.096 1605.934 1602.181 1598.428 1594.675 1590.488 1585.237
1553.637 1559.663 1565.688 1571.637 1577.368 1583.1 1588.831 1594.562 1596.757 1597.608 1598.459 1599.309 1598.436 1590.132 1581.829 1573.526 1565.223 1554.552 1542.619 1530.685 1518.751 1508.139 1507.598 1507.057 1506.516 1505.975 1505.748 1505.748 1505.748 1505.748 1505.693 1504.426 1503.159 1501.892 1500.624 1500.275 1500.818 1501.361 1501.903 1502.446 1509.635 1517.021 1524.408 1531.795 1540.859 1552.102 1563.346 1574.589 1585.832 1591.386 1596.297 1601.209 1606.12 1609.201 1609.062 1608.922 1608.783 1608.643 1605.964 1602.749 1599.534 1596.319 1592.511 1587.25
1558.199 1563.515 1568.831 1574.131 1579.384 1584.637 1589.891 1595.144 1597.108 1597.822 1598.536 1599.25 1598.218 1589.658 1581.099 1572.54 1563.981 1553.396 1541.729 1530.062 1518.395 1508.118 1508.444 1508.771 1509.097 1509.423 1509.501 1509.398 1509.295 1509.192 1509.008 1507.041 1505.074 1503.106 1501.139 1500.346 1500.693 1501.041 1501.388 1501.735 1508.675 1515.811 1522.947 1530.084 1539.193 1550.868 1562.543 1574.218 1585.893 1591.312 1596.024 1600.737 1605.449 1608.447 1608.426 1608.405 1608.384 1608.363 1606.033 1603.216 1600.399 1597.582 1594.098 1588.979
1563.08 1567.934 1572.787 1577.573 1582.17 1586.766 1591.363 1595.959 1597.594 1598.104 1598.614 1599.123 1597.841 1588.841 1579.84 1570.84 1561.84 1551.395 1540.18 1528.966 1517.751 1508.023 1509.63 1511.237 1512.844 1514.452 1514.965 1514.684 1514.404 1514.123 1513.727 1510.775 1507.822 1504.87 1501.918 1500.557 1500.743 1500.929 1501.115 1501.3 1507.922 1514.735 1521.548 1528.362 1537.411 1549.365 1561.32 1573.275 1585.229 1590.73 1595.502 1600.274 1605.045 1608.098 1608.126 1608.153 1608.181 1608.208 1606.131 1603.61 1601.089 1598.568 1595.368 1590.501
1567.962 1572.353 1576.743 1581.016 1584.956 1588.896 1592.835 1596.775 1598.081 1598.386 1598.691 1598.996 1597.465 1588.023 1578.582 1569.14 1559.698 1549.395 1538.632 1527.87 1517.107 1507.927 1510.815 1513.704 1516.592 1519.481 1520.429 1519.971 1519.513 1519.055 1518.446 1514.508 1510.571 1506.633 1502.696 1500.768 1500.793 1500.817 1500.841 1500.866 1507.169 1513.659 1520.149 1526.64 1535.628 1547.862 1560.097 1572.332 1584.566 1590.148 1594.979 1599.81 1604.641 1607.749 1607.825 1607.901 1607.977 1608.053 1606.229 1604.004 1601.779 1599.555 1596.638 1592.024
1572.844 1576.771 1580.699 1584.458 1587.741 1591.025 1594.308 1597.591 1598.568 1598.668 1598.769 1598.869 1597.089 1587.206 1577.323 1567.439 1557.556 1547.395 1537.084 1526.774 1516.463 1507.831 1512.001 1516.17 1520.34 1524.509 1525.893 1525.258 1524.622 1523.986 1523.164 1518.242 1513.319 1508.397 1503.474 1500.979 1500.842 1500.705 1500.568 1500.431 1506.416 1512.583 1518.75 1524.918 1533.845 1546.36 1558.874 1571.389 1583.903 1589.567 1594.457 1599.347 1604.237 1607.401 1607.525 1607.65 1607.774 1607.898 1606.327 1604.398 1602.47 1600.541 1597.907 1593.547
1577.67 1581.134 1584.597 1587.844 1590.48 1593.116 1595.751 1598.387 1599.035 1598.927 1598.819 1598.711 1596.679 1586.356 1576.033 1565.711 1555.388 1545.379 1535.537 1525.695 1515.854 1507.784 1513.226 1518.669 1524.111 1529.554 1531.386 1530.6 1529.815 1529.029 1528.021 1522.107 1516.193 1510.278 1504.364 1501.292 1500.981 1500.67 1500.359 1500.047 1505.724 1511.578 1517.433 1523.288 1532.148 1544.913 1557.678 1570.444 1583.209 1588.96 1593.919 1598.878 1603.838 1607.065 1607.244 1607.422 1607.601 1607.78 1606.453 1604.81 1603.167 1601.524 1599.168 1595.068
1580.643 1583.601 1586.558 1589.343 1591.64 1593.936 1596.233 1598.529 1598.842 1598.4 1597.959 1597.517 1595.142 1584.437 1573.732 1563.027 1552.322 1542.847 1534.028 1525.209 1516.39 1509.341 1515.79 1522.239 1528.688 1535.137 1537.842 1537.831 1537.821 1537.81 1537.49 1530.365 1523.24 1516.115 1508.99 1505.018 1504.109 1503.2 1502.292 1501.383 1507.079 1512.971 1518.864 1524.756 1533.321 1545.36 1557.399 1569.437 1581.476 1587.511 1592.869 1598.226 1603.584 1607.156 1607.588 1608.02 1608.452 1608.884 1607.539 1605.82 1604.101 1602.383 1600.124 1596.54
1583.616 1586.068 1588.519 1590.842 1592.799 1594.756 1596.714 1598.671 1598.649 1597.874 1597.098 1596.323 1593.605 1582.518 1571.431 1560.344 1549.257 1540.316 1532.52 1524.723 1516.927 1510.899 1518.354 1525.809 1533.265 1540.72 1544.297 1545.062 1545.826 1546.591 1546.959 1538.623 1530.287 1521.951 1513.615 1508.743 1507.237 1505.731 1504.225 1502.719 1508.434 1514.364 1520.294 1526.225 1534.495 1545.807 1557.119 1568.431 1579.743 1586.062 1591.818 1597.574 1603.33 1607.248 1607.933 1608.618 1609.302 1609.987 1608.624 1606.83 1605.036 1603.242 1601.079 1598.013
1586.589 1588.534 1590.48 1592.34 1593.958 1595.577 1597.195 1598.813 1598.456 1597.347 1596.238 1595.129 1592.068 1580.599 1569.13 1557.661 1546.191 1537.784 1531.011 1524.237 1517.463 1512.456 1520.918 1529.38 1537.842 1546.304 1550.753 1552.292 1553.832 1555.371 1556.429 1546.882 1537.334 1527.787 1518.24 1512.469 1510.365 1508.262 1506.158 1504.055 1509.789 1515.757 1521.725 1527.693 1535.668 1546.254 1556.839 1567.424 1578.01 1584.613 1590.767 1596.922 1603.076 1607.34 1608.277 1609.215 1610.153 1611.091 1609.709 1607.84 1605.971 1604.101 1602.035 1599.485
1589.562 1591.001 1592.441 1593.839 1595.118 1596.397 1597.676 1598.956 1598.263 1596.82 1595.378 1593.935 1590.531 1578.68 1566.829 1554.977 1543.126 1535.253 1529.502 1523.751 1518.0 1514.013 1523.482 1532.95 1542.418 1551.887 1557.208 1559.523 1561.837 1564.152 1565.898 1555.14 1544.382 1533.624 1522.865 1516.194 1513.493 1510.792 1508.091 1505.39 1511.144 1517.149 1523.155 1529.161 1536.842 1546.7 1556.559 1566.418 1576.277 1583.165 1589.717 1596.269 1602.822 1607.431 1608.622 1609.813 1611.004 1612.194 1610.795 1608.85 1606.905 1604.961 1602.99 1600.957
1591.601 1592.62 1593.639 1594.676 1595.765 1596.854 1597.944 1599.033 1598.184 1596.599 1595.013 1593.427 1589.965 1578.418 1566.872 1555.326 1543.78 1536.594 1531.735 1526.875 1522.015 1518.848 1528.581 1538.315 1548.048 1557.782 1563.365 1565.94 1568.515 1571.09 1573.076 1562.105 1551.135 1540.164 1529.194 1522.128 1518.855 1515.583 1512.31 1509.037 1514.426 1520.073 1525.72 1531.367 1538.545 1547.713 1556.881 1566.049 1575.217 1582.384 1589.324 1596.264 1603.205 1608.262 1610.004 1611.746 1613.489 1615.231 1613.716 1611.516 1609.316 1607.115 1605.036 1603.255
1592.623 1593.313 1594.003 1594.791 1595.853 1596.916 1597.978 1599.041 1598.231 1596.71 1595.189 1593.668 1590.456 1579.965 1569.474 1558.982 1548.491 1542.161 1538.049 1533.938 1529.826 1527.257 1536.447 1545.637 1554.827 1564.016 1569.197 1571.47 1573.744 1576.017 1577.753 1567.66 1557.567 1547.473 1537.38 1530.471 1526.655 1522.838 1519.022 1515.206 1519.81 1524.666 1529.522 1534.378 1540.825 1549.342 1557.859 1566.376 1574.892 1582.331 1589.649 1596.966 1604.283 1609.898 1612.518 1615.137 1617.757 1620.376 1618.641 1615.989 1613.336 1610.684 1608.273 1606.454
1593.644 1594.006 1594.368 1594.906 1595.941 1596.977 1598.013 1599.048 1598.278 1596.821 1595.365 1593.908 1590.948 1581.512 1572.075 1562.639 1553.202 1547.727 1544.364 1541.0 1537.637 1535.666 1544.312 1552.959 1561.605 1570.251 1575.028 1577.0 1578.972 1580.944 1582.43 1573.214 1563.998 1554.782 1545.566 1538.814 1534.454 1530.094 1525.734 1521.374 1525.195 1529.259 1533.324 1537.388 1543.106 1550.971 1558.837 1566.702 1574.568 1582.279 1589.973 1597.667 1605.361 1611.534 1615.031 1618.528 1622.025 1625.522 1623.565 1620.461 1617.356 1614.252 1611.509 1609.652
1594.666 1594.699 1594.733 1595.021 1596.03 1597.038 1598.047 1599.056 1598.325 1596.933 1595.541 1594.149 1591.44 1583.058 1574.677 1566.295 1557.914 1553.293 1550.678 1548.063 1545.448 1544.075 1552.178 1560.281 1568.383 1576.486 1580.86 1582.53 1584.201 1585.872 1587.107 1578.768 1570.43 1562.091 1553.753 1547.157 1542.253 1537.35 1532.446 1527.543 1530.579 1533.853 1537.126 1540.399 1545.386 1552.6 1559.815 1567.029 1574.243 1582.227 1590.298 1598.368 1606.439 1613.171 1617.545 1621.919 1626.293 1630.667 1628.49 1624.933 1621.377 1617.82 1614.745 1612.851
1595.687 1595.392 1595.098 1595.136 1596.118 1597.099 1598.081 1599.063 1598.371 1597.044 1595.717 1594.389 1591.932 1584.605 1577.278 1569.952 1562.625 1558.859 1556.992 1555.125 1553.259 1552.484 1560.044 1567.603 1575.162 1582.721 1586.691 1588.061 1589.43 1590.799 1591.784 1584.323 1576.862 1569.4 1561.939 1555.5 1550.052 1544.605 1539.158 1533.711 1535.964 1538.446 1540.928 1543.41 1547.667 1554.23 1560.793 1567.356 1573.918 1582.175 1590.622 1599.07 1607.517 1614.807 1620.058 1625.31 1630.561 1635.813 1633.415 1629.406 1625.397 1621.389 1617.982 1616.049
