data/zism_data/00608_01_D.txt
ncols         224
nrows         224
[rows 168 to 195 of 224, columns 63 to 125 of 224]
3153.815 3163.326 3172.837 3182.348 3191.859 3203.426 3215.613 3227.8 3239.988 3250.916 3257.67 3264.426 3271.18 3277.936 3280.594 3281.459 3282.325 3283.191 3283.919 3283.919 3283.919 3283.919 3283.919 3283.919 3283.919 3283.919 3283.919 3283.908 3283.788 3283.667 3283.546 3283.426 3282.822 3281.825 3280.829 3279.832 3278.843 3278.381 3277.92 3277.458 3276.997 3275.905 3274.125 3272.345 3270.566 3268.786 3263.274 3257.532 3251.79 3246.048 3239.901 3233.162 3226.423 3219.684 3212.945 3212.987 3214.047 3215.107 3216.167 3219.464 3227.238 3235.011 3242.784
3161.318 3170.937 3180.556 3190.175 3199.794 3211.32 3223.421 3235.521 3247.623 3258.5 3265.325 3272.151 3278.976 3285.801 3288.679 3289.832 3290.983 3292.135 3293.104 3293.104 3293.104 3293.104 3293.104 3293.104 3293.104 3293.104 3293.104 3293.089 3292.92 3292.75 3292.581 3292.412 3291.555 3290.137 3288.719 3287.301 3285.893 3285.183 3284.473 3283.763 3283.053 3281.896 3280.252 3278.607 3276.963 3275.318 3269.875 3264.197 3258.52 3252.843 3246.651 3239.707 3232.763 3225.819 3218.874 3219.313 3220.858 3222.404 3223.95 3227.591 3235.424 3243.256 3251.089
3168.822 3178.549 3188.276 3198.003 3207.73 3219.214 3231.229 3243.243 3255.258 3266.085 3272.98 3279.876 3286.771 3293.667 3296.766 3298.204 3299.642 3301.08 3302.289 3302.289 3302.289 3302.289 3302.289 3302.289 3302.289 3302.289 3302.289 3302.27 3302.052 3301.834 3301.616 3301.398 3300.288 3298.448 3296.609 3294.77 3292.944 3291.986 3291.027 3290.069 3289.111 3287.888 3286.379 3284.869 3283.36 3281.85 3276.475 3270.863 3265.25 3259.638 3253.402 3246.252 3239.103 3231.954 3224.804 3225.638 3227.67 3229.702 3231.734 3235.719 3243.611 3251.502 3259.395
3176.325 3186.16 3195.995 3205.83 3215.665 3227.108 3239.036 3250.964 3262.892 3273.67 3280.635 3287.601 3294.566 3301.532 3304.852 3306.576 3308.3 3310.024 3311.474 3311.474 3311.474 3311.474 3311.474 3311.474 3311.474 3311.474 3311.474 3311.451 3311.184 3310.918 3310.651 3310.385 3309.02 3306.76 3304.5 3302.239 3299.994 3298.788 3297.581 3296.374 3295.167 3293.88 3292.506 3291.131 3289.757 3288.382 3283.076 3277.528 3271.981 3266.433 3260.152 3252.797 3245.443 3238.088 3230.734 3231.964 3234.481 3236.999 3239.517 3243.846 3251.797 3259.748 3267.7
3182.72 3192.693 3202.667 3212.64 3222.614 3233.983 3245.773 3257.563 3269.353 3280.101 3287.398 3294.694 3301.99 3309.287 3312.911 3314.928 3316.946 3318.963 3320.659 3320.659 3320.659 3320.659 3320.659 3320.659 3320.659 3320.659 3320.659 3320.635 3320.36 3320.085 3319.81 3319.535 3318.068 3315.628 3313.188 3310.749 3308.322 3306.771 3305.219 3303.668 3302.116 3300.622 3299.19 3297.758 3296.326 3294.894 3289.592 3284.053 3278.514 3272.974 3266.716 3259.405 3252.094 3244.783 3237.473 3238.935 3241.713 3244.491 3247.27 3251.655 3259.255 3266.855 3274.455
3187.673 3197.825 3207.976 3218.128 3228.28 3239.532 3251.117 3262.702 3274.287 3285.033 3292.999 3300.965 3308.931 3316.896 3320.935 3323.255 3325.575 3327.895 3329.845 3329.845 3329.845 3329.845 3329.845 3329.845 3329.845 3329.845 3329.845 3329.825 3329.593 3329.361 3329.129 3328.897 3327.523 3325.219 3322.914 3320.61 3318.309 3316.288 3314.267 3312.246 3310.224 3308.338 3306.598 3304.858 3303.118 3301.378 3295.998 3290.394 3284.79 3279.186 3273.038 3266.094 3259.15 3252.207 3245.263 3246.745 3249.491 3252.237 3254.983 3259.051 3265.766 3272.48 3279.194
3192.626 3202.956 3213.286 3223.616 3233.946 3245.082 3256.462 3267.842 3279.222 3289.965 3298.601 3307.236 3315.871 3324.507 3328.959 3331.582 3334.204 3336.827 3339.031 3339.031 3339.031 3339.031 3339.031 3339.031 3339.031 3339.031 3339.031 3339.015 3338.826 3338.637 3338.448 3338.26 3336.98 3334.81 3332.64 3330.471 3328.296 3325.805 3323.315 3320.824 3318.333 3316.054 3314.006 3311.958 3309.91 3307.863 3302.404 3296.735 3291.066 3285.397 3279.36 3272.783 3266.207 3259.63 3253.054 3254.555 3257.269 3259.982 3262.696 3266.448 3272.276 3278.105 3283.934
3197.579 3208.088 3218.596 3229.104 3239.612 3250.632 3261.807 3272.981 3284.156 3294.897 3304.202 3313.507 3322.812 3332.117 3336.983 3339.908 3342.833 3345.758 3348.217 3348.217 3348.217 3348.217 3348.217 3348.217 3348.217 3348.217 3348.217 3348.204 3348.058 3347.913 3347.767 3347.622 3346.436 3344.401 3342.366 3340.332 3338.283 3335.323 3332.362 3329.401 3326.441 3323.77 3321.414 3319.058 3316.703 3314.347 3308.809 3303.076 3297.342 3291.608 3285.682 3279.472 3273.263 3267.053 3260.844 3262.365 3265.046 3267.728 3270.409 3273.844 3278.787 3283.73 3288.673
3202.533 3213.219 3223.906 3234.592 3245.278 3256.182 3267.151 3278.121 3289.09 3299.829 3309.803 3319.778 3329.752 3339.727 3345.008 3348.235 3351.463 3354.69 3357.403 3357.403 3357.403 3357.403 3357.403 3357.403 3357.403 3357.403 3357.403 3357.394 3357.292 3357.189 3357.087 3356.984 3355.892 3353.992 3352.093 3350.193 3348.271 3344.841 3341.41 3337.979 3334.549 3331.486 3328.822 3326.159 3323.495 3320.832 3315.215 3309.417 3303.618 3297.82 3292.003 3286.161 3280.319 3274.477 3268.635 3270.176 3272.824 3275.473 3278.122 3281.24 3285.298 3289.355 3293.413
3204.3 3215.111 3225.923 3236.734 3247.545 3258.808 3270.208 3281.608 3293.008 3304.256 3315.002 3325.748 3336.494 3347.24 3353.016 3356.619 3360.221 3363.824 3366.884 3367.088 3367.292 3367.496 3367.699 3367.667 3367.493 3367.318 3367.143 3366.969 3366.803 3366.637 3366.472 3366.306 3365.23 3363.412 3361.594 3359.776 3357.931 3354.268 3350.606 3346.943 3343.281 3339.745 3336.347 3332.948 3329.55 3326.152 3319.938 3313.551 3307.164 3300.776 3294.738 3289.209 3283.681 3278.153 3272.624 3274.001 3276.413 3278.826 3281.238 3284.028 3287.574 3291.12 3294.666
3205.708 3216.638 3227.568 3238.498 3249.428 3261.104 3273.006 3284.908 3296.81 3308.626 3320.155 3331.684 3343.212 3354.741 3361.023 3365.009 3368.995 3372.98 3376.4 3376.83 3377.261 3377.691 3378.122 3378.054 3377.685 3377.316 3376.947 3376.589 3376.347 3376.106 3375.865 3375.623 3374.555 3372.812 3371.07 3369.327 3367.554 3363.686 3359.819 3355.951 3352.083 3348.066 3343.885 3339.703 3335.522 3331.341 3324.471 3317.436 3310.401 3303.366 3297.067 3291.846 3286.626 3281.405 3276.184 3277.376 3279.529 3281.682 3283.836 3286.297 3289.373 3292.449 3295.525
3207.116 3218.165 3229.213 3240.262 3251.311 3263.401 3275.805 3288.209 3300.613 3312.996 3325.307 3337.619 3349.931 3362.243 3369.03 3373.399 3377.768 3382.137 3385.915 3386.572 3387.229 3387.887 3388.544 3388.44 3387.877 3387.314 3386.75 3386.208 3385.891 3385.574 3385.257 3384.94 3383.879 3382.212 3380.545 3378.878 3377.177 3373.104 3369.031 3364.958 3360.885 3356.386 3351.422 3346.458 3341.494 3336.53 3329.004 3321.321 3313.638 3305.955 3299.396 3294.483 3289.571 3284.657 3279.745 3280.751 3282.645 3284.539 3286.433 3288.565 3291.171 3293.777 3296.384
3208.524 3219.691 3230.859 3242.026 3253.194 3265.697 3278.603 3291.509 3304.416 3317.365 3330.46 3343.555 3356.65 3369.745 3377.036 3381.789 3386.542 3391.294 3395.43 3396.314 3397.198 3398.082 3398.967 3398.827 3398.07 3397.312 3396.554 3395.828 3395.435 3395.042 3394.65 3394.257 3393.204 3391.613 3390.021 3388.43 3386.8 3382.522 3378.244 3373.966 3369.688 3364.707 3358.96 3353.213 3347.466 3341.719 3333.538 3325.207 3316.876 3308.545 3301.726 3297.12 3292.515 3287.91 3283.305 3284.126 3285.761 3287.396 3289.031 3290.833 3292.969 3295.106 3297.243
3209.913 3221.254 3232.595 3243.936 3255.277 3268.292 3281.812 3295.332 3308.852 3322.381 3335.942 3349.502 3363.063 3376.624 3384.437 3389.735 3395.034 3400.332 3404.992 3406.287 3407.582 3408.877 3410.171 3410.005 3408.955 3407.905 3406.855 3405.844 3405.249 3404.653 3404.058 3403.462 3402.306 3400.693 3399.079 3397.466 3395.81 3391.26 3386.71 3382.16 3377.611 3372.175 3365.772 3359.369 3352.966 3346.563 3337.886 3329.07 3320.253 3311.437 3304.403 3299.981 3295.558 3291.136 3286.713 3287.307 3288.653 3290.0 3291.346 3292.794 3294.445 3296.096 3297.748
3211.269 3222.88 3234.491 3246.102 3257.713 3271.412 3285.742 3300.072 3314.402 3328.532 3342.001 3355.47 3368.939 3382.408 3390.771 3396.901 3403.031 3409.161 3414.638 3416.667 3418.696 3420.725 3422.754 3422.575 3421.061 3419.546 3418.032 3416.56 3415.538 3414.516 3413.494 3412.472 3411.017 3409.209 3407.401 3405.593 3403.74 3398.802 3393.863 3388.925 3383.986 3378.141 3371.306 3364.471 3357.636 3350.801 3341.911 3332.895 3323.879 3314.862 3307.695 3303.234 3298.774 3294.314 3289.853 3290.146 3291.153 3292.159 3293.165 3294.215 3295.354 3296.492 3297.63
3212.625 3224.506 3236.387 3248.268 3260.149 3274.533 3289.673 3304.813 3319.952 3334.684 3348.061 3361.438 3374.815 3388.192 3397.106 3404.068 3411.03 3417.991 3424.283 3427.047 3429.81 3432.574 3435.337 3435.145 3433.167 3431.188 3429.209 3427.276 3425.828 3424.379 3422.93 3421.482 3419.728 3417.726 3415.723 3413.721 3411.671 3406.344 3401.016 3395.689 3390.362 3384.107 3376.84 3369.573 3362.306 3355.039 3345.936 3336.72 3327.504 3318.288 3310.986 3306.488 3301.99 3297.492 3292.994 3292.986 3293.652 3294.318 3294.984 3295.636 3296.262 3296.887 3297.512
3213.98 3226.131 3238.282 3250.434 3262.585 3277.654 3293.604 3309.553 3325.503 3340.835 3354.12 3367.406 3380.691 3393.976 3403.441 3411.234 3419.027 3426.82 3433.929 3437.427 3440.924 3444.422 3447.92 3447.715 3445.272 3442.829 3440.386 3437.992 3436.117 3434.242 3432.366 3430.491 3428.439 3426.242 3424.045 3421.849 3419.601 3413.885 3408.169 3402.453 3396.737 3390.073 3382.374 3374.675 3366.976 3359.277 3349.961 3340.545 3331.129 3321.713 3314.278 3309.742 3305.206 3300.67 3296.134 3295.825 3296.151 3296.477 3296.803 3297.058 3297.17 3297.282 3297.394
3215.336 3227.757 3240.178 3252.6 3265.021 3280.774 3297.534 3314.293 3331.053 3346.986 3360.18 3373.373 3386.567 3399.76 3409.776 3418.4 3427.025 3435.65 3443.574 3447.807 3452.039 3456.271 3460.503 3460.286 3457.378 3454.471 3451.563 3448.708 3446.407 3444.105 3441.803 3439.501 3437.15 3434.759 3432.368 3429.977 3427.532 3421.427 3415.322 3409.218 3403.113 3396.039 3387.908 3379.777 3371.646 3363.516 3353.986 3344.37 3334.754 3325.139 3317.569 3312.995 3308.422 3303.848 3299.274 3298.665 3298.651 3298.636 3298.622 3298.479 3298.078 3297.677 3297.276
3222.058 3233.964 3245.87 3257.776 3269.682 3284.708 3300.677 3316.645 3332.613 3347.859 3360.711 3373.563 3386.415 3399.267 3409.943 3419.667 3429.391 3439.115 3448.114 3453.29 3458.466 3463.642 3468.818 3468.978 3466.106 3463.234 3460.362 3457.501 3454.769 3452.036 3449.303 3446.57 3443.719 3440.772 3437.825 3434.879 3431.88 3425.374 3418.867 3412.36 3405.853 3398.587 3390.492 3382.398 3374.303 3366.209 3357.111 3347.951 3338.791 3329.631 3322.315 3317.699 3313.083 3308.467 3303.851 3302.832 3302.353 3301.873 3301.394 3300.733 3299.707 3298.682 3297.657
3229.909 3241.135 3252.36 3263.586 3274.812 3288.814 3303.654 3318.493 3333.333 3347.621 3360.078 3372.536 3384.994 3397.452 3408.812 3419.691 3430.571 3441.45 3451.578 3457.742 3463.906 3470.071 3476.235 3476.855 3474.123 3471.391 3468.659 3465.89 3462.725 3459.56 3456.395 3453.23 3449.837 3446.259 3442.68 3439.102 3435.475 3428.563 3421.651 3414.74 3407.828 3400.415 3392.455 3384.496 3376.536 3368.577 3360.046 3351.48 3342.915 3334.349 3327.368 3322.709 3318.05 3313.391 3308.731 3307.279 3306.309 3305.338 3304.367 3303.162 3301.489 3299.815 3298.142
3237.76 3248.305 3258.851 3269.396 3279.941 3292.919 3306.63 3320.341 3334.053 3347.382 3359.446 3371.51 3383.573 3395.637 3407.68 3419.716 3431.75 3443.786 3455.042 3462.195 3469.347 3476.499 3483.651 3484.731 3482.14 3479.548 3476.957 3474.278 3470.681 3467.084 3463.487 3459.89 3455.956 3451.746 3447.535 3443.325 3439.07 3431.753 3424.436 3417.119 3409.802 3402.243 3394.418 3386.594 3378.769 3370.945 3362.981 3355.01 3347.038 3339.066 3332.421 3327.718 3323.016 3318.313 3313.611 3311.726 3310.264 3308.802 3307.34 3305.591 3303.27 3300.949 3298.628
3245.612 3255.477 3265.341 3275.206 3285.071 3297.024 3309.607 3322.19 3334.773 3347.144 3358.813 3370.483 3382.152 3393.822 3406.549 3419.74 3432.93 3446.121 3458.507 3466.647 3474.787 3482.928 3491.068 3492.608 3490.157 3487.706 3485.255 3482.667 3478.637 3474.609 3470.58 3466.551 3462.074 3457.232 3452.39 3447.548 3442.664 3434.943 3427.221 3419.499 3411.777 3404.071 3396.382 3388.692 3381.002 3373.313 3365.917 3358.539 3351.161 3343.783 3337.473 3332.728 3327.982 3323.237 3318.491 3316.173 3314.22 3312.266 3310.313 3308.02 3305.051 3302.082 3299.113
3253.726 3262.912 3272.098 3281.284 3290.47 3301.422 3312.906 3324.39 3335.874 3347.267 3358.356 3369.445 3380.534 3391.623 3404.717 3418.687 3432.658 3446.628 3459.828 3468.964 3478.101 3487.237 3496.373 3498.394 3496.113 3493.832 3491.552 3489.078 3484.588 3480.097 3475.607 3471.116 3466.149 3460.792 3455.436 3450.08 3444.687 3436.847 3429.007 3421.166 3413.326 3405.683 3398.255 3390.827 3383.4 3375.972 3369.036 3362.129 3355.223 3348.317 3342.249 3337.407 3332.565 3327.723 3322.881 3320.142 3317.719 3315.296 3312.873 3310.091 3306.59 3303.088 3299.587
3262.486 3270.997 3279.508 3288.019 3296.53 3306.537 3316.995 3327.453 3337.912 3348.276 3358.328 3368.38 3378.433 3388.485 3401.165 3414.995 3428.826 3442.656 3455.899 3466.051 3476.202 3486.354 3496.505 3499.06 3497.022 3494.984 3492.946 3490.649 3485.624 3480.598 3475.573 3470.548 3465.215 3459.632 3454.049 3448.466 3442.858 3435.601 3428.344 3421.087 3413.83 3406.765 3399.91 3393.054 3386.199 3379.344 3372.603 3365.87 3359.137 3352.403 3346.345 3341.277 3336.208 3331.139 3326.07 3322.941 3320.102 3317.263 3314.424 3311.281 3307.532 3303.782 3300.033
3271.245 3279.081 3286.917 3294.754 3302.59 3311.652 3321.084 3330.516 3339.949 3349.284 3358.3 3367.316 3376.331 3385.347 3397.614 3411.304 3424.994 3438.683 3451.971 3463.137 3474.304 3485.47 3496.637 3499.726 3497.931 3496.136 3494.341 3492.219 3486.659 3481.099 3475.54 3469.98 3464.282 3458.472 3452.662 3446.852 3441.03 3434.356 3427.682 3421.008 3414.334 3407.847 3401.564 3395.281 3388.998 3382.715 3376.171 3369.61 3363.05 3356.489 3350.442 3345.146 3339.851 3334.555 3329.26 3325.739 3322.484 3319.229 3315.975 3312.472 3308.475 3304.477 3300.479
3280.005 3287.166 3294.327 3301.488 3308.65 3316.767 3325.174 3333.58 3341.986 3350.293 3358.272 3366.251 3374.23 3382.209 3394.063 3407.612 3421.161 3434.711 3448.042 3460.224 3472.406 3484.587 3496.769 3500.392 3498.84 3497.288 3495.736 3493.789 3487.695 3481.6 3475.506 3469.412 3463.349 3457.312 3451.275 3445.239 3439.201 3433.111 3427.02 3420.929 3414.838 3408.929 3403.218 3397.508 3391.797 3386.087 3379.738 3373.351 3366.963 3360.575 3354.539 3349.016 3343.494 3337.972 3332.449 3328.537 3324.867 3321.196 3317.526 3313.663 3309.417 3305.171 3300.925
3288.764 3295.25 3301.737 3308.223 3314.709 3321.882 3329.262 3336.643 3344.023 3351.302 3358.244 3365.186 3372.128 3379.071 3390.511 3403.92 3417.329 3430.739 3444.114 3457.31 3470.507 3483.704 3496.9 3501.058 3499.749 3498.44 3497.131 3495.359 3488.73 3482.101 3475.472 3468.843 3462.416 3456.152 3449.889 3443.625 3437.373 3431.865 3426.357 3420.85 3415.342 3410.011 3404.873 3399.735 3394.597 3389.458 3383.306 3377.091 3370.876 3364.661 3358.635 3352.886 3347.137 3341.388 3335.639 3331.335 3327.249 3323.163 3319.077 3314.854 3310.36 3305.865 3301.37
3292.933 3299.855 3306.778 3313.7 3320.622 3327.886 3335.254 3342.622 3349.99 3357.127 3363.505 3369.883 3376.26 3382.637 3393.081 3405.304 3417.527 3429.749 3442.04 3454.689 3467.339 3479.988 3492.637 3496.468 3494.967 3493.465 3491.964 3490.008 3483.28 3476.552 3469.823 3463.095 3456.734 3450.671 3444.608 3438.545 3432.497 3427.479 3422.46 3417.442 3412.424 3407.389 3402.335 3397.281 3392.227 3387.173 3380.862 3374.474 3368.086 3361.698 3355.658 3350.13 3344.602 3339.074 3333.545 3329.189 3325.009 3320.828 3316.647 3312.312 3307.667 3303.021 3298.376
