data/zism_data/00601_01_D.txt
ncols         224
nrows         224
[rows 0 to 27 of 224, columns 0 to 62 of 224]
920.5836 921.5342 925.9098 930.2854 934.661 939.0366 948.777 959.08 969.3829 979.6857 989.7349 999.3135 1008.892 1018.471 1028.049 1036.891 1045.544 1054.196 1062.849 1070.345 1074.196 1078.047 1081.898 1085.749 1088.209 1090.033 1091.856 1093.679 1095.302 1095.596 1095.891 1096.185 1096.479 1095.997 1094.944 1093.892 1092.84 1091.79 1090.861 1089.932 1089.003 1088.073 1084.163 1076.853 1069.542 1062.232 1054.921 1041.933 1028.4 1014.867 1001.334 988.9923 978.7889 968.5855 958.3821 948.1786 942.6693 938.3123 933.9552 929.5981 928.124 935.384 942.644
931.8013 932.1849 935.7001 939.2153 942.7306 946.2458 955.6417 965.6542 975.6667 985.6792 995.9467 1006.687 1017.427 1028.167 1038.907 1047.358 1055.22 1063.082 1070.944 1077.614 1080.53 1083.445 1086.361 1089.276 1091.066 1092.341 1093.616 1094.891 1096.088 1096.775 1097.462 1098.149 1098.836 1099.158 1099.214 1099.269 1099.324 1099.365 1098.764 1098.163 1097.562 1096.961 1093.188 1085.797 1078.406 1071.015 1063.624 1050.197 1036.191 1022.184 1008.178 995.4647 985.0731 974.6814 964.2898 953.8981 948.723 944.8284 940.9338 937.0392 935.7607 942.4077 949.0546
943.0195 942.8361 945.4908 948.1456 950.8004 953.4552 962.5067 972.2288 981.9509 991.6729 1002.159 1014.06 1025.962 1037.864 1049.766 1057.824 1064.896 1071.968 1079.039 1084.884 1086.864 1088.843 1090.823 1092.803 1093.923 1094.649 1095.375 1096.102 1096.875 1097.954 1099.033 1100.113 1101.192 1102.32 1103.483 1104.646 1105.809 1106.941 1106.668 1106.395 1106.122 1105.849 1102.213 1094.741 1087.27 1079.798 1072.326 1058.46 1043.981 1029.501 1015.022 1001.937 991.3574 980.7776 970.1977 959.6179 954.777 951.3448 947.9127 944.4806 943.3976 949.4315 955.4653
954.2373 953.4868 955.2813 957.0756 958.87 960.6644 969.3713 978.8031 988.2347 997.6664 1008.37 1021.434 1034.497 1047.56 1060.624 1068.291 1074.572 1080.853 1087.134 1092.154 1093.198 1094.242 1095.286 1096.329 1096.779 1096.957 1097.135 1097.313 1097.661 1099.133 1100.605 1102.077 1103.549 1105.481 1107.752 1110.023 1112.294 1114.517 1114.572 1114.627 1114.682 1114.737 1111.238 1103.686 1096.133 1088.581 1081.028 1066.724 1051.771 1036.818 1021.866 1008.41 997.6416 986.8735 976.1054 965.3373 960.8307 957.861 954.8914 951.9217 951.0343 956.4551 961.8759
966.1313 964.9088 965.7747 966.6406 967.5065 968.3724 976.735 985.8838 995.0325 1004.181 1014.934 1028.661 1042.389 1056.116 1069.844 1076.984 1082.433 1087.883 1093.332 1097.525 1097.759 1097.993 1098.227 1098.461 1098.349 1098.077 1097.806 1097.534 1097.558 1099.534 1101.509 1103.485 1105.46 1108.236 1111.6 1114.964 1118.328 1121.629 1122.084 1122.54 1122.995 1123.451 1120.156 1112.582 1105.008 1097.434 1089.86 1075.342 1060.157 1044.973 1029.788 1016.12 1005.176 994.2316 983.2871 972.3427 968.0049 965.2889 962.573 959.857 958.9931 963.7402 968.4872
979.8053 978.361 978.1191 977.8771 977.6353 977.3933 985.4124 994.2976 1003.183 1012.068 1022.423 1035.505 1048.588 1061.67 1074.752 1081.012 1085.52 1090.028 1094.536 1097.899 1097.655 1097.41 1097.166 1096.921 1096.529 1096.07 1095.61 1095.151 1095.115 1097.887 1100.658 1103.43 1106.201 1109.922 1114.34 1118.758 1123.176 1127.52 1128.567 1129.614 1130.661 1131.709 1128.791 1121.352 1113.912 1106.473 1099.033 1084.895 1070.114 1055.333 1040.552 1027.091 1016.001 1004.911 993.8218 982.7321 978.1284 975.1166 972.1049 969.0931 967.8 971.7136 975.627
993.4788 991.8127 990.463 989.1133 987.7636 986.4139 994.0894 1002.711 1011.333 1019.954 1029.913 1042.349 1054.786 1067.223 1079.66 1085.039 1088.606 1092.173 1095.74 1098.274 1097.551 1096.828 1096.105 1095.382 1094.71 1094.062 1093.415 1092.767 1092.673 1096.24 1099.807 1103.374 1106.942 1111.607 1117.079 1122.551 1128.023 1133.411 1135.05 1136.689 1138.327 1139.966 1137.427 1130.122 1122.817 1115.512 1108.206 1094.448 1080.07 1065.692 1051.314 1038.061 1026.826 1015.591 1004.356 993.1213 988.2513 984.9439 981.6364 978.3289 976.6066 979.6866 982.7665
1007.153 1005.265 1002.807 1000.35 997.8924 995.4349 1002.767 1011.125 1019.483 1027.841 1037.402 1049.194 1060.985 1072.776 1084.568 1089.067 1091.693 1094.319 1096.945 1098.648 1097.447 1096.245 1095.043 1093.842 1092.891 1092.055 1091.219 1090.383 1090.23 1094.593 1098.956 1103.319 1107.682 1113.293 1119.819 1126.345 1132.871 1139.303 1141.533 1143.763 1145.994 1148.224 1146.062 1138.892 1131.721 1124.551 1117.38 1104.001 1090.027 1076.052 1062.078 1049.031 1037.651 1026.271 1014.891 1003.511 998.3748 994.7715 991.1683 987.5651 985.4135 987.6599 989.9063
1020.826 1018.716 1015.151 1011.586 1008.021 1004.456 1011.444 1019.538 1027.633 1035.728 1044.891 1056.037 1067.184 1078.33 1089.476 1093.094 1094.779 1096.464 1098.149 1099.023 1097.343 1095.662 1093.982 1092.302 1091.072 1090.048 1089.023 1087.999 1087.787 1092.946 1098.105 1103.264 1108.423 1114.978 1122.558 1130.138 1137.718 1145.194 1148.016 1150.838 1153.659 1156.481 1154.698 1147.662 1140.625 1133.589 1126.553 1113.554 1099.983 1086.412 1072.84 1060.001 1048.476 1036.95 1025.425 1013.9 1008.498 1004.599 1000.7 996.8008 994.2201 995.633 997.0459
1033.023 1031.097 1027.517 1023.937 1020.357 1016.777 1023.108 1030.478 1037.848 1045.218 1053.378 1063.005 1072.631 1082.257 1091.883 1094.594 1095.529 1096.463 1097.398 1097.536 1095.167 1092.797 1090.428 1088.058 1086.769 1085.974 1085.179 1084.384 1084.508 1090.709 1096.91 1103.112 1109.313 1116.906 1125.52 1134.134 1142.749 1151.242 1154.349 1157.457 1160.564 1163.671 1162.287 1155.778 1149.27 1142.762 1136.254 1123.763 1110.699 1097.634 1084.57 1072.16 1060.927 1049.694 1038.461 1027.227 1021.639 1017.436 1013.234 1009.031 1006.083 1006.937 1007.79
1044.697 1043.099 1039.89 1036.681 1033.472 1030.263 1035.826 1042.308 1048.791 1055.274 1062.217 1070.015 1077.813 1085.611 1093.408 1095.202 1095.454 1095.705 1095.957 1095.393 1092.26 1089.126 1085.993 1082.86 1081.589 1081.171 1080.752 1080.333 1080.933 1088.264 1095.594 1102.925 1110.255 1118.919 1128.56 1138.202 1147.843 1157.345 1160.63 1163.915 1167.2 1170.484 1169.506 1163.664 1157.823 1151.982 1146.14 1134.204 1121.683 1109.161 1096.64 1084.739 1073.952 1063.165 1052.378 1041.591 1035.845 1031.336 1026.826 1022.317 1019.024 1019.415 1019.806
1056.371 1055.101 1052.263 1049.425 1046.587 1043.749 1048.544 1054.14 1059.735 1065.33 1071.056 1077.026 1082.995 1088.964 1094.933 1095.81 1095.379 1094.947 1094.516 1093.249 1089.352 1085.455 1081.558 1077.661 1076.409 1076.367 1076.325 1076.283 1077.358 1085.818 1094.278 1102.738 1111.198 1120.932 1131.6 1142.269 1152.938 1163.449 1166.911 1170.373 1173.835 1177.297 1176.725 1171.551 1166.376 1161.201 1156.027 1144.645 1132.667 1120.688 1108.71 1097.318 1086.977 1076.637 1066.296 1055.956 1050.051 1045.235 1040.42 1035.604 1031.965 1031.894 1031.822
1068.046 1067.102 1064.635 1062.169 1059.702 1057.235 1061.262 1065.97 1070.678 1075.386 1079.895 1084.036 1088.177 1092.318 1096.458 1096.418 1095.303 1094.189 1093.074 1091.106 1086.445 1081.784 1077.124 1072.463 1071.23 1071.564 1071.898 1072.233 1073.783 1083.372 1092.962 1102.551 1112.141 1122.945 1134.641 1146.336 1158.032 1169.552 1173.191 1176.831 1180.471 1184.11 1183.944 1179.436 1174.929 1170.421 1165.913 1155.085 1143.65 1132.215 1120.78 1109.897 1100.002 1090.108 1080.214 1070.32 1064.257 1059.135 1054.012 1048.89 1044.906 1044.372 1043.838
1078.354 1077.713 1075.639 1073.565 1071.491 1069.417 1072.679 1076.501 1080.323 1084.144 1087.477 1089.902 1092.328 1094.754 1097.18 1096.136 1094.201 1092.266 1090.331 1087.578 1082.246 1076.915 1071.583 1066.252 1065.196 1066.097 1066.998 1067.898 1070.087 1080.788 1091.489 1102.19 1112.892 1124.699 1137.318 1149.938 1162.557 1174.982 1178.722 1182.462 1186.201 1189.941 1190.138 1186.294 1182.45 1178.606 1174.762 1164.635 1153.906 1143.177 1132.448 1122.158 1112.657 1103.156 1093.654 1084.153 1077.92 1072.489 1067.057 1061.626 1057.302 1056.328 1055.354
1083.294 1082.856 1081.261 1079.665 1078.07 1076.475 1078.984 1081.924 1084.863 1087.803 1090.118 1091.275 1092.431 1093.588 1094.745 1092.359 1089.064 1085.768 1082.473 1078.613 1072.975 1067.337 1061.699 1056.061 1055.809 1058.022 1060.235 1062.448 1065.913 1077.657 1089.402 1101.146 1112.891 1125.438 1138.573 1151.709 1164.845 1177.77 1181.305 1184.841 1188.376 1191.911 1192.303 1189.11 1185.917 1182.723 1179.53 1170.687 1161.302 1151.918 1142.533 1133.172 1123.853 1114.535 1105.217 1095.898 1089.446 1083.698 1077.949 1072.201 1067.551 1066.228 1064.905
1088.235 1087.999 1086.882 1085.766 1084.649 1083.532 1085.289 1087.347 1089.405 1091.462 1092.76 1092.647 1092.535 1092.422 1092.31 1088.582 1083.926 1079.27 1074.614 1069.648 1063.703 1057.759 1051.814 1045.869 1046.422 1049.947 1053.472 1056.997 1061.739 1074.527 1087.315 1100.102 1112.89 1126.176 1139.828 1153.48 1167.132 1180.558 1183.889 1187.22 1190.551 1193.882 1194.469 1191.926 1189.383 1186.841 1184.298 1176.739 1168.699 1160.658 1152.618 1144.186 1135.05 1125.915 1116.779 1107.644 1100.973 1094.907 1088.842 1082.776 1077.801 1076.128 1074.455
1093.175 1093.142 1092.504 1091.866 1091.228 1090.59 1091.594 1092.77 1093.945 1095.121 1095.401 1094.02 1092.638 1091.256 1089.875 1084.805 1078.789 1072.772 1066.756 1060.683 1054.432 1048.181 1041.93 1035.678 1037.035 1041.872 1046.71 1051.547 1057.566 1071.396 1085.227 1099.058 1112.889 1126.915 1141.083 1155.251 1169.419 1183.345 1186.472 1189.599 1192.725 1195.852 1196.634 1194.742 1192.85 1190.958 1189.066 1182.791 1176.095 1169.399 1162.703 1155.2 1146.247 1137.294 1128.342 1119.389 1112.499 1106.116 1099.734 1093.351 1088.05 1086.028 1084.005
1098.116 1098.286 1098.126 1097.967 1097.807 1097.648 1097.899 1098.193 1098.486 1098.78 1098.043 1095.392 1092.741 1090.09 1087.44 1081.029 1073.651 1066.274 1058.897 1051.718 1045.16 1038.602 1032.045 1025.487 1027.648 1033.797 1039.947 1046.096 1053.392 1068.266 1083.14 1098.014 1112.888 1127.653 1142.338 1157.022 1171.707 1186.133 1189.056 1191.978 1194.9 1197.822 1198.8 1197.558 1196.317 1195.075 1193.834 1188.843 1183.491 1178.14 1172.788 1166.214 1157.444 1148.674 1139.904 1131.134 1124.026 1117.326 1110.626 1103.926 1098.3 1095.928 1093.556
1099.798 1099.97 1099.906 1099.841 1099.777 1099.712 1099.433 1099.132 1098.831 1098.53 1096.887 1092.756 1088.624 1084.493 1080.361 1073.29 1065.463 1057.636 1049.809 1042.527 1036.965 1031.402 1025.839 1020.276 1023.753 1031.365 1038.977 1046.589 1055.145 1069.936 1084.728 1099.52 1114.311 1128.704 1142.804 1156.904 1171.004 1184.855 1187.58 1190.306 1193.031 1195.756 1196.865 1196.131 1195.396 1194.662 1193.928 1190.077 1185.927 1181.776 1177.626 1171.917 1163.408 1154.9 1146.392 1137.884 1130.837 1124.15 1117.462 1110.774 1105.114 1102.564 1100.015
1099.85 1099.926 1099.765 1099.603 1099.442 1099.281 1098.584 1097.831 1097.078 1096.325 1093.833 1088.115 1082.397 1076.68 1070.962 1063.57 1055.749 1047.927 1040.105 1033.224 1029.307 1025.39 1021.473 1017.555 1022.604 1031.754 1040.904 1050.054 1059.86 1074.007 1088.153 1102.3 1116.446 1129.911 1142.877 1155.842 1168.808 1181.545 1184.076 1186.608 1189.139 1191.671 1192.88 1192.581 1192.283 1191.984 1191.686 1188.903 1185.882 1182.861 1179.839 1174.964 1166.756 1158.549 1150.342 1142.135 1135.291 1128.78 1122.27 1115.76 1110.21 1107.569 1104.929
1099.902 1099.881 1099.623 1099.365 1099.107 1098.849 1097.734 1096.53 1095.325 1094.12 1090.779 1083.474 1076.17 1068.866 1061.562 1053.85 1046.034 1038.218 1030.402 1023.921 1021.649 1019.378 1017.106 1014.834 1021.455 1032.143 1042.831 1053.519 1064.577 1078.078 1091.579 1105.08 1118.581 1131.119 1142.949 1154.78 1166.611 1178.234 1180.572 1182.91 1185.247 1187.585 1188.895 1189.032 1189.169 1189.306 1189.443 1187.729 1185.837 1183.945 1182.053 1178.011 1170.105 1162.199 1154.293 1146.387 1139.744 1133.411 1127.079 1120.746 1115.307 1112.575 1109.843
1099.955 1099.837 1099.482 1099.127 1098.772 1098.417 1096.884 1095.228 1093.572 1091.916 1087.725 1078.834 1069.943 1061.053 1052.162 1044.131 1036.32 1028.509 1020.698 1014.618 1013.992 1013.366 1012.739 1012.113 1020.305 1032.531 1044.757 1056.984 1069.292 1082.148 1095.004 1107.86 1120.716 1132.326 1143.022 1153.718 1164.414 1174.923 1177.067 1179.212 1181.356 1183.5 1184.91 1185.483 1186.055 1186.628 1187.201 1186.555 1185.792 1185.03 1184.267 1181.058 1173.453 1165.848 1158.243 1150.638 1144.198 1138.042 1131.887 1125.732 1120.403 1117.58 1114.756
1099.916 1099.659 1099.126 1098.593 1098.06 1097.527 1095.535 1093.391 1091.246 1089.102 1084.115 1073.858 1063.601 1053.344 1043.088 1034.896 1027.235 1019.574 1011.913 1006.338 1007.336 1008.333 1009.331 1010.329 1019.966 1033.554 1047.143 1060.732 1074.125 1086.228 1098.33 1110.433 1122.535 1133.122 1142.596 1152.071 1161.545 1170.854 1172.761 1174.668 1176.575 1178.483 1179.943 1180.895 1181.846 1182.797 1183.749 1184.128 1184.452 1184.776 1185.1 1182.707 1175.436 1168.164 1160.893 1153.622 1147.427 1141.497 1135.567 1129.637 1124.478 1121.656 1118.833
1099.268 1098.593 1097.339 1096.085 1094.832 1093.578 1090.856 1087.98 1085.104 1082.228 1076.802 1066.648 1056.493 1046.338 1036.184 1028.899 1022.351 1015.803 1009.255 1004.881 1007.358 1009.835 1012.311 1014.788 1025.022 1038.804 1052.586 1066.369 1079.737 1090.366 1100.995 1111.624 1122.253 1131.177 1138.85 1146.522 1154.195 1161.73 1163.11 1164.49 1165.871 1167.251 1168.431 1169.382 1170.333 1171.285 1172.236 1173.346 1174.472 1175.597 1176.722 1175.041 1168.318 1161.595 1154.872 1148.149 1142.499 1137.112 1131.725 1126.338 1121.741 1119.537 1117.333
1098.62 1097.526 1095.552 1093.578 1091.603 1089.629 1086.177 1082.569 1078.962 1075.355 1069.489 1059.437 1049.384 1039.332 1029.28 1022.901 1017.467 1012.032 1006.598 1003.425 1007.381 1011.336 1015.292 1019.247 1030.078 1044.054 1058.03 1072.006 1085.349 1094.504 1103.659 1112.815 1121.97 1129.232 1135.103 1140.974 1146.845 1152.606 1153.459 1154.313 1155.166 1156.019 1156.918 1157.869 1158.82 1159.772 1160.723 1162.564 1164.491 1166.418 1168.344 1167.374 1161.199 1155.025 1148.851 1142.677 1137.571 1132.727 1127.883 1123.039 1119.004 1117.419 1115.833
1097.972 1096.46 1093.765 1091.07 1088.375 1085.68 1081.498 1077.159 1072.82 1068.481 1062.177 1052.226 1042.276 1032.326 1022.376 1016.904 1012.582 1008.261 1003.94 1001.968 1007.403 1012.838 1018.272 1023.707 1035.135 1049.304 1063.474 1077.643 1090.96 1098.642 1106.324 1114.006 1121.688 1127.287 1131.356 1135.426 1139.495 1143.483 1143.809 1144.135 1144.461 1144.787 1145.405 1146.357 1147.308 1148.259 1149.211 1151.783 1154.511 1157.239 1159.967 1159.707 1154.081 1148.456 1142.83 1137.204 1132.642 1128.342 1124.041 1119.741 1116.267 1115.3 1114.333
1097.325 1095.394 1091.978 1088.563 1085.147 1081.731 1076.818 1071.748 1066.678 1061.608 1054.864 1045.016 1035.167 1025.319 1015.471 1010.906 1007.698 1004.49 1001.282 1000.512 1007.425 1014.339 1021.253 1028.166 1040.191 1054.554 1068.917 1083.28 1096.572 1102.78 1108.989 1115.197 1121.406 1125.342 1127.609 1129.877 1132.145 1134.359 1134.158 1133.957 1133.756 1133.555 1133.892 1134.844 1135.795 1136.746 1137.698 1141.001 1144.53 1148.06 1151.589 1152.04 1146.963 1141.886 1136.809 1131.732 1127.714 1123.957 1120.199 1116.442 1113.53 1113.182 1112.833
1095.029 1092.473 1088.292 1084.111 1079.931 1075.75 1070.194 1064.495 1058.796 1053.097 1046.163 1036.941 1027.719 1018.497 1009.276 1005.714 1003.606 1001.498 999.3907 999.7399 1007.832 1015.924 1024.016 1032.108 1044.239 1058.217 1072.196 1086.174 1098.961 1103.875 1108.789 1113.703 1118.617 1121.003 1121.533 1122.063 1122.593 1123.091 1122.126 1121.162 1120.197 1119.233 1119.132 1120.016 1120.901 1121.785 1122.669 1126.669 1130.967 1135.266 1139.565 1140.817 1136.598 1132.38 1128.161 1123.943 1120.658 1117.604 1114.549 1111.495 1109.294 1109.679 1110.064
