data/zism_data/00604_01_D.txt
ncols         224
nrows         224
[rows 168 to 195 of 224, columns 65 to 129 of 224]
1725.815 1724.516 1723.229 1722.397 1721.565 1720.732 1719.9 1718.894 1717.693 1716.493 1715.292 1714.091 1712.6 1711.081 1709.561 1708.042 1706.618 1705.365 1704.113 1702.861 1701.608 1701.117 1700.82 1700.523 1700.226 1700.0 1700.0 1700.0 1700.0 1700.0 1700.257 1700.635 1701.013 1701.39 1702.193 1706.023 1709.853 1713.682 1717.512 1722.912 1729.521 1736.129 1742.737 1749.338 1754.946 1760.555 1766.163 1771.772 1776.513 1780.193 1783.872 1787.551 1791.231 1792.895 1794.314 1795.733 1797.152 1798.237 1798.654 1799.072 1799.489 1799.906 1799.943 1799.87 1799.797
1723.0 1721.899 1720.812 1720.162 1719.512 1718.862 1718.212 1717.331 1716.189 1715.048 1713.906 1712.764 1711.307 1709.821 1708.333 1706.847 1705.504 1704.423 1703.343 1702.262 1701.182 1700.794 1700.583 1700.372 1700.161 1700.0 1700.0 1700.0 1700.0 1700.0 1700.338 1700.834 1701.329 1701.825 1702.797 1707.152 1711.509 1715.864 1720.22 1725.959 1732.76 1739.562 1746.363 1753.159 1759.197 1765.235 1771.273 1777.311 1782.097 1785.346 1788.596 1791.846 1795.096 1796.067 1796.761 1797.455 1798.149 1798.713 1799.018 1799.322 1799.627 1799.932 1799.943 1799.87 1799.797
1720.062 1719.159 1718.268 1717.806 1717.344 1716.882 1716.42 1715.671 1714.601 1713.53 1712.459 1711.389 1709.988 1708.555 1707.123 1705.69 1704.444 1703.537 1702.63 1701.722 1700.815 1700.52 1700.382 1700.244 1700.105 1700.0 1700.0 1700.0 1700.0 1700.0 1700.467 1701.154 1701.84 1702.526 1703.722 1708.547 1713.371 1718.195 1723.02 1729.014 1735.908 1742.801 1749.695 1756.584 1762.863 1769.141 1775.42 1781.698 1786.458 1789.355 1792.253 1795.151 1798.048 1798.498 1798.65 1798.801 1798.953 1799.123 1799.331 1799.538 1799.746 1799.953 1799.944 1799.873 1799.801
1716.744 1716.034 1715.337 1715.079 1714.821 1714.563 1714.305 1713.715 1712.752 1711.788 1710.825 1709.862 1708.583 1707.274 1705.965 1704.656 1703.553 1702.823 1702.092 1701.362 1700.632 1700.399 1700.293 1700.187 1700.081 1700.0 1700.0 1700.0 1700.0 1700.0 1700.749 1701.849 1702.948 1704.048 1705.643 1710.757 1715.871 1720.986 1726.1 1732.096 1738.769 1745.443 1752.116 1758.785 1764.719 1770.654 1776.589 1782.524 1787.043 1789.828 1792.613 1795.398 1798.183 1798.64 1798.813 1798.986 1799.159 1799.327 1799.486 1799.646 1799.805 1799.964 1799.948 1799.882 1799.816
1713.426 1712.909 1712.406 1712.352 1712.298 1712.244 1712.19 1711.758 1710.903 1710.047 1709.191 1708.335 1707.178 1705.993 1704.807 1703.622 1702.661 1702.108 1701.555 1701.002 1700.449 1700.278 1700.204 1700.13 1700.056 1700.0 1700.0 1700.0 1700.0 1700.0 1701.031 1702.544 1704.057 1705.57 1707.563 1712.967 1718.372 1723.776 1729.18 1735.178 1741.631 1748.084 1754.538 1760.985 1766.576 1772.167 1777.758 1783.349 1787.629 1790.301 1792.973 1795.645 1798.318 1798.781 1798.976 1799.17 1799.365 1799.531 1799.642 1799.753 1799.864 1799.975 1799.953 1799.892 1799.831
1710.108 1709.784 1709.474 1709.625 1709.775 1709.925 1710.075 1709.802 1709.053 1708.305 1707.557 1706.808 1705.773 1704.711 1703.65 1702.588 1701.769 1701.394 1701.018 1700.642 1700.266 1700.157 1700.115 1700.073 1700.032 1700.0 1700.0 1700.0 1700.0 1700.0 1701.312 1703.239 1705.166 1707.093 1709.483 1715.178 1720.872 1726.566 1732.261 1738.26 1744.493 1750.726 1756.959 1763.185 1768.433 1773.68 1778.928 1784.175 1788.215 1790.774 1793.333 1795.893 1798.452 1798.923 1799.139 1799.355 1799.571 1799.736 1799.798 1799.861 1799.923 1799.986 1799.957 1799.901 1799.845
1706.789 1706.659 1706.543 1706.897 1707.252 1707.606 1707.96 1707.845 1707.204 1706.563 1705.922 1705.281 1704.369 1703.43 1702.492 1701.553 1700.878 1700.679 1700.481 1700.282 1700.084 1700.036 1700.026 1700.017 1700.007 1700.0 1700.0 1700.0 1700.0 1700.0 1701.594 1703.934 1706.275 1708.615 1711.404 1717.388 1723.372 1729.357 1735.341 1741.342 1747.355 1753.368 1759.381 1765.386 1770.289 1775.193 1780.097 1785.001 1788.801 1791.247 1793.694 1796.14 1798.587 1799.064 1799.302 1799.539 1799.777 1799.94 1799.954 1799.968 1799.983 1799.997 1799.961 1799.911 1799.86
1704.975 1704.88 1704.797 1705.17 1705.543 1705.916 1706.288 1706.24 1705.717 1705.195 1704.672 1704.15 1703.395 1702.618 1701.841 1701.064 1700.519 1700.396 1700.272 1700.149 1700.025 1700.0 1700.0 1700.0 1700.0 1700.003 1700.014 1700.025 1700.037 1700.048 1701.909 1704.637 1707.364 1710.091 1713.253 1719.508 1725.764 1732.019 1738.274 1744.332 1750.239 1756.145 1762.052 1767.948 1772.486 1777.023 1781.56 1786.098 1789.611 1791.869 1794.127 1796.385 1798.643 1799.106 1799.35 1799.594 1799.838 1800.0 1800.0 1800.0 1800.0 1800.0 1799.909 1799.792 1799.676
1703.791 1703.663 1703.547 1703.861 1704.175 1704.488 1704.802 1704.78 1704.381 1703.983 1703.584 1703.185 1702.603 1702.003 1701.403 1700.803 1700.384 1700.292 1700.201 1700.11 1700.019 1700.0 1700.0 1700.0 1700.0 1700.007 1700.034 1700.062 1700.089 1700.116 1702.239 1705.342 1708.445 1711.548 1715.072 1721.59 1728.109 1734.627 1741.146 1747.285 1753.132 1758.98 1764.827 1770.662 1774.824 1778.985 1783.147 1787.308 1790.516 1792.554 1794.591 1796.629 1798.667 1799.106 1799.35 1799.594 1799.838 1800.0 1800.0 1800.0 1800.0 1800.0 1799.834 1799.621 1799.407
1702.606 1702.446 1702.297 1702.552 1702.807 1703.061 1703.316 1703.321 1703.046 1702.77 1702.495 1702.22 1701.81 1701.387 1700.965 1700.542 1700.248 1700.189 1700.13 1700.071 1700.012 1700.0 1700.0 1700.0 1700.0 1700.01 1700.054 1700.098 1700.141 1700.185 1702.568 1706.047 1709.526 1713.005 1716.891 1723.673 1730.454 1737.236 1744.017 1750.238 1756.026 1761.814 1767.603 1773.376 1777.162 1780.948 1784.733 1788.519 1791.42 1793.238 1795.056 1796.873 1798.691 1799.106 1799.35 1799.594 1799.838 1800.0 1800.0 1800.0 1800.0 1800.0 1799.76 1799.449 1799.139
1701.421 1701.229 1701.047 1701.243 1701.439 1701.634 1701.83 1701.862 1701.71 1701.558 1701.406 1701.254 1701.017 1700.772 1700.526 1700.281 1700.113 1700.086 1700.059 1700.032 1700.005 1700.0 1700.0 1700.0 1700.0 1700.014 1700.074 1700.134 1700.193 1700.253 1702.898 1706.753 1710.608 1714.463 1718.71 1725.755 1732.8 1739.844 1746.889 1753.19 1758.92 1764.649 1770.378 1776.091 1779.5 1782.91 1786.32 1789.729 1792.325 1793.922 1795.52 1797.118 1798.715 1799.106 1799.35 1799.594 1799.838 1800.0 1800.0 1800.0 1800.0 1800.0 1799.685 1799.278 1798.871
1700.579 1700.304 1700.04 1700.173 1700.306 1700.439 1700.572 1700.62 1700.573 1700.526 1700.479 1700.432 1700.343 1700.249 1700.155 1700.061 1700.0 1700.0 1700.0 1700.0 1700.0 1700.004 1700.01 1700.015 1700.02 1700.047 1700.145 1700.242 1700.339 1700.436 1703.348 1707.578 1711.808 1716.038 1720.641 1727.905 1735.168 1742.432 1749.695 1756.075 1761.774 1767.474 1773.173 1778.853 1781.898 1784.942 1787.987 1791.031 1793.321 1794.686 1796.051 1797.416 1798.781 1799.139 1799.374 1799.609 1799.843 1800.0 1800.0 1800.0 1800.0 1800.0 1799.613 1799.114 1798.615
1701.466 1700.853 1700.258 1700.311 1700.363 1700.415 1700.468 1700.479 1700.442 1700.406 1700.37 1700.333 1700.264 1700.192 1700.119 1700.047 1700.0 1700.0 1700.0 1700.0 1700.0 1700.03 1700.068 1700.105 1700.143 1700.229 1700.471 1700.713 1700.955 1701.198 1704.408 1709.009 1713.609 1718.21 1723.137 1730.395 1737.653 1744.911 1752.169 1758.613 1764.431 1770.249 1776.066 1781.862 1784.595 1787.328 1790.061 1792.794 1794.779 1795.849 1796.919 1797.988 1799.058 1799.336 1799.517 1799.698 1799.879 1800.0 1800.0 1800.0 1800.0 1800.0 1799.559 1798.99 1798.421
1702.353 1701.401 1700.476 1700.448 1700.42 1700.392 1700.364 1700.337 1700.311 1700.286 1700.26 1700.235 1700.186 1700.135 1700.084 1700.033 1700.0 1700.0 1700.0 1700.0 1700.0 1700.056 1700.125 1700.195 1700.265 1700.411 1700.798 1701.185 1701.572 1701.959 1705.468 1710.439 1715.41 1720.381 1725.633 1732.886 1740.139 1747.391 1754.644 1761.152 1767.088 1773.024 1778.96 1784.87 1787.292 1789.713 1792.135 1794.556 1796.238 1797.012 1797.786 1798.56 1799.335 1799.532 1799.66 1799.787 1799.915 1800.0 1800.0 1800.0 1800.0 1800.0 1799.505 1798.866 1798.227
1703.241 1701.95 1700.694 1700.585 1700.477 1700.368 1700.259 1700.195 1700.18 1700.165 1700.151 1700.136 1700.108 1700.078 1700.049 1700.019 1700.0 1700.0 1700.0 1700.0 1700.0 1700.081 1700.183 1700.285 1700.387 1700.592 1701.124 1701.656 1702.188 1702.72 1706.529 1711.87 1717.211 1722.553 1728.129 1735.376 1742.624 1749.871 1757.118 1763.691 1769.745 1775.799 1781.853 1787.878 1789.988 1792.098 1794.208 1796.318 1797.696 1798.175 1798.654 1799.133 1799.612 1799.729 1799.803 1799.877 1799.951 1800.0 1800.0 1800.0 1800.0 1800.0 1799.451 1798.742 1798.034
1704.128 1702.499 1700.912 1700.723 1700.534 1700.344 1700.155 1700.053 1700.049 1700.045 1700.041 1700.037 1700.029 1700.021 1700.013 1700.005 1700.0 1700.0 1700.0 1700.0 1700.0 1700.107 1700.241 1700.375 1700.51 1700.774 1701.451 1702.128 1702.805 1703.482 1707.589 1713.301 1719.013 1724.725 1730.625 1737.867 1745.109 1752.351 1759.593 1766.23 1772.402 1778.574 1784.746 1790.887 1792.685 1794.484 1796.282 1798.081 1799.154 1799.338 1799.521 1799.705 1799.888 1799.926 1799.946 1799.967 1799.987 1800.0 1800.0 1800.0 1800.0 1800.0 1799.396 1798.618 1797.84
1704.434 1702.645 1700.902 1700.703 1700.504 1700.305 1700.105 1700.003 1700.01 1700.017 1700.023 1700.03 1700.098 1700.172 1700.246 1700.32 1700.415 1700.55 1700.684 1700.819 1700.953 1701.068 1701.177 1701.286 1701.396 1701.645 1702.339 1703.033 1703.728 1704.422 1708.752 1714.784 1720.817 1726.849 1733.042 1740.383 1747.724 1755.064 1762.405 1768.973 1774.948 1780.922 1786.896 1792.838 1794.349 1795.859 1797.37 1798.881 1799.741 1799.804 1799.867 1799.93 1799.993 1800.0 1800.0 1800.0 1800.0 1799.982 1799.928 1799.875 1799.821 1799.767 1799.074 1798.195 1797.317
1704.393 1702.55 1700.756 1700.589 1700.422 1700.255 1700.088 1700.008 1700.026 1700.043 1700.061 1700.078 1700.255 1700.447 1700.639 1700.831 1701.079 1701.428 1701.778 1702.127 1702.476 1702.587 1702.637 1702.688 1702.738 1702.928 1703.563 1704.198 1704.834 1705.469 1709.978 1716.3 1722.622 1728.944 1735.412 1742.913 1750.415 1757.917 1765.419 1771.839 1777.427 1783.014 1788.602 1794.158 1795.395 1796.631 1797.868 1799.105 1799.807 1799.854 1799.901 1799.948 1799.995 1800.0 1800.0 1800.0 1800.0 1799.953 1799.814 1799.674 1799.534 1799.395 1798.591 1797.594 1796.598
1704.352 1702.456 1700.61 1700.476 1700.341 1700.206 1700.071 1700.013 1700.042 1700.07 1700.098 1700.126 1700.412 1700.722 1701.032 1701.343 1701.743 1702.307 1702.871 1703.435 1703.999 1704.106 1704.098 1704.089 1704.08 1704.211 1704.787 1705.363 1705.94 1706.516 1711.203 1717.815 1724.427 1731.04 1737.781 1745.444 1753.107 1760.77 1768.433 1774.704 1779.905 1785.106 1790.307 1795.478 1796.441 1797.403 1798.366 1799.329 1799.873 1799.904 1799.935 1799.966 1799.997 1800.0 1800.0 1800.0 1800.0 1799.925 1799.699 1799.474 1799.248 1799.022 1798.107 1796.993 1795.878
1704.311 1702.361 1700.464 1700.362 1700.259 1700.157 1700.054 1700.018 1700.057 1700.096 1700.135 1700.174 1700.569 1700.997 1701.425 1701.854 1702.406 1703.185 1703.964 1704.743 1705.522 1705.626 1705.558 1705.49 1705.422 1705.494 1706.011 1706.528 1707.046 1707.563 1712.429 1719.331 1726.233 1733.135 1740.151 1747.975 1755.799 1763.623 1771.447 1777.57 1782.384 1787.198 1792.013 1796.797 1797.486 1798.175 1798.865 1799.553 1799.94 1799.954 1799.969 1799.984 1799.998 1800.0 1800.0 1800.0 1800.0 1799.896 1799.585 1799.273 1798.962 1798.65 1797.624 1796.391 1795.159
1704.217 1702.253 1700.345 1700.297 1700.249 1700.202 1700.154 1700.177 1700.278 1700.379 1700.48 1700.581 1701.099 1701.656 1702.213 1702.77 1703.473 1704.442 1705.41 1706.378 1707.346 1707.425 1707.277 1707.129 1706.981 1706.981 1707.45 1707.92 1708.39 1708.859 1713.878 1721.026 1728.174 1735.322 1742.568 1750.514 1758.459 1766.404 1774.349 1780.313 1784.752 1789.192 1793.631 1798.041 1798.472 1798.902 1799.333 1799.763 1800.0 1800.0 1800.0 1800.0 1800.0 1800.0 1800.0 1800.0 1800.0 1799.866 1799.463 1799.06 1798.657 1798.254 1797.11 1795.751 1794.393
1703.57 1702.009 1700.5 1700.748 1700.995 1701.243 1701.491 1701.955 1702.663 1703.371 1704.079 1704.787 1705.578 1706.377 1707.176 1707.974 1708.805 1709.693 1710.58 1711.468 1712.355 1712.178 1711.729 1711.281 1710.832 1710.621 1711.166 1711.711 1712.256 1712.8 1717.693 1724.621 1731.549 1738.477 1745.493 1753.137 1760.782 1768.427 1776.071 1781.761 1785.948 1790.135 1794.322 1798.481 1798.815 1799.149 1799.482 1799.816 1800.0 1800.0 1800.0 1800.0 1800.0 1800.0 1800.0 1800.0 1800.0 1799.816 1799.262 1798.709 1798.155 1797.602 1796.266 1794.704 1793.141
1702.923 1701.765 1700.655 1701.198 1701.742 1702.285 1702.828 1703.734 1705.049 1706.364 1707.678 1708.993 1710.057 1711.098 1712.138 1713.179 1714.136 1714.943 1715.75 1716.558 1717.365 1716.931 1716.182 1715.433 1714.683 1714.261 1714.881 1715.501 1716.121 1716.741 1721.508 1728.216 1734.923 1741.631 1748.417 1755.761 1763.105 1770.449 1777.793 1783.21 1787.144 1791.079 1795.013 1798.921 1799.158 1799.395 1799.632 1799.869 1800.0 1800.0 1800.0 1800.0 1800.0 1800.0 1800.0 1800.0 1800.0 1799.765 1799.062 1798.358 1797.654 1796.95 1795.423 1793.656 1791.89
1702.276 1701.521 1700.811 1701.649 1702.488 1703.326 1704.164 1705.513 1707.434 1709.356 1711.277 1713.199 1714.537 1715.819 1717.101 1718.383 1719.468 1720.194 1720.921 1721.647 1722.374 1721.684 1720.634 1719.584 1718.534 1717.902 1718.597 1719.292 1719.987 1720.682 1725.323 1731.811 1738.298 1744.786 1751.342 1758.385 1765.428 1772.471 1779.514 1784.658 1788.34 1792.022 1795.704 1799.361 1799.501 1799.642 1799.782 1799.923 1800.0 1800.0 1800.0 1800.0 1800.0 1800.0 1800.0 1800.0 1800.0 1799.715 1798.861 1798.007 1797.153 1796.299 1794.579 1792.609 1790.638
1701.63 1701.276 1700.966 1702.1 1703.234 1704.367 1705.501 1707.292 1709.82 1712.348 1714.877 1717.405 1719.016 1720.54 1722.064 1723.587 1724.8 1725.446 1726.092 1726.737 1727.383 1726.438 1725.087 1723.736 1722.386 1721.542 1722.313 1723.083 1723.853 1724.624 1729.138 1735.406 1741.673 1747.94 1754.266 1761.009 1767.751 1774.494 1781.236 1786.106 1789.536 1792.966 1796.395 1799.801 1799.844 1799.888 1799.932 1799.976 1800.0 1800.0 1800.0 1800.0 1800.0 1800.0 1800.0 1800.0 1800.0 1799.665 1798.661 1797.656 1796.652 1795.647 1793.736 1791.561 1789.386
1702.682 1702.99 1703.344 1705.27 1707.195 1709.12 1711.045 1713.445 1716.378 1719.31 1722.243 1725.175 1726.541 1727.757 1728.973 1730.19 1731.111 1731.498 1731.884 1732.27 1732.657 1731.622 1730.226 1728.83 1727.434 1726.579 1727.445 1728.312 1729.178 1730.044 1734.345 1740.254 1746.163 1752.073 1758.023 1764.265 1770.507 1776.749 1782.991 1787.478 1790.614 1793.75 1796.886 1800.0 1800.0 1800.0 1800.0 1800.0 1800.0 1800.0 1800.0 1800.0 1800.0 1800.0 1800.0 1800.0 1800.0 1799.639 1798.554 1797.47 1796.385 1795.301 1793.245 1790.908 1788.57
1705.142 1706.325 1707.565 1710.693 1713.821 1716.949 1720.077 1723.224 1726.393 1729.562 1732.731 1735.9 1736.589 1737.043 1737.497 1737.951 1738.236 1738.214 1738.192 1738.171 1738.149 1737.164 1735.935 1734.705 1733.476 1732.774 1733.753 1734.732 1735.711 1736.69 1740.705 1746.142 1751.578 1757.015 1762.469 1768.045 1773.621 1779.197 1784.774 1788.786 1791.594 1794.403 1797.212 1800.0 1800.0 1800.0 1800.0 1800.0 1800.0 1800.0 1800.0 1800.0 1800.0 1800.0 1800.0 1800.0 1800.0 1799.631 1798.526 1797.42 1796.314 1795.208 1793.047 1790.581 1788.115
1707.602 1709.66 1711.785 1716.116 1720.447 1724.778 1729.109 1733.004 1736.409 1739.814 1743.219 1746.624 1746.638 1746.33 1746.021 1745.712 1745.361 1744.931 1744.501 1744.071 1743.641 1742.706 1741.643 1740.58 1739.517 1738.969 1740.061 1741.153 1742.244 1743.336 1747.065 1752.029 1756.993 1761.957 1766.915 1771.825 1776.735 1781.646 1786.556 1790.094 1792.575 1795.056 1797.537 1800.0 1800.0 1800.0 1800.0 1800.0 1800.0 1800.0 1800.0 1800.0 1800.0 1800.0 1800.0 1800.0 1800.0 1799.624 1798.497 1797.37 1796.242 1795.115 1792.849 1790.254 1787.659
