data/zism_data/00605_01_D.txt
ncols         224
nrows         224
[rows 87 to 115 of 224, columns 128 to 191 of 224]
1499.0 1499.0 1499.0 1499.0 1499.0 1499.0 1499.0 1499.0 1499.0 1499.0 1499.0 1499.0 1499.046 1499.146 1499.247 1499.347 1499.447 1499.552 1499.659 1499.765 1499.872 1499.944 1499.958 1499.971 1499.984 1499.997 1500.027 1500.06 1500.094 1500.127 1500.19 1500.337 1500.483 1500.63 1500.776 1500.918 1501.057 1501.197 1501.337 1501.493 1501.732 1501.972 1502.211 1502.451 1502.593 1502.673 1502.753 1502.833 1502.898 1502.714 1502.53 1502.345 1502.161 1501.951 1501.716 1501.481 1501.245 1501.01 1500.822 1500.635 1500.449 1500.263 1500.102 1499.98
1499.0 1499.0 1499.0 1499.0 1499.0 1499.0 1499.0 1499.0 1499.0 1499.0 1499.0 1499.0 1499.069 1499.217 1499.365 1499.514 1499.662 1499.733 1499.797 1499.86 1499.923 1499.967 1499.975 1499.983 1499.991 1499.999 1500.04 1500.09 1500.139 1500.188 1500.263 1500.41 1500.556 1500.703 1500.849 1500.972 1501.085 1501.198 1501.311 1501.438 1501.64 1501.842 1502.044 1502.246 1502.39 1502.497 1502.604 1502.71 1502.801 1502.622 1502.443 1502.264 1502.085 1501.886 1501.667 1501.448 1501.229 1501.01 1500.837 1500.667 1500.497 1500.326 1500.176 1500.053
1499.0 1499.0 1499.0 1499.0 1499.0 1499.0 1499.0 1499.0 1499.0 1499.0 1499.0 1499.0 1499.091 1499.288 1499.484 1499.681 1499.878 1499.914 1499.934 1499.955 1499.975 1499.989 1499.992 1499.994 1499.997 1500.0 1500.053 1500.119 1500.184 1500.25 1500.337 1500.483 1500.63 1500.776 1500.922 1501.026 1501.112 1501.198 1501.284 1501.383 1501.547 1501.712 1501.876 1502.041 1502.186 1502.32 1502.454 1502.587 1502.703 1502.53 1502.356 1502.183 1502.009 1501.821 1501.618 1501.415 1501.212 1501.009 1500.853 1500.698 1500.544 1500.39 1500.249 1500.127
1499.0 1499.0 1499.0 1499.0 1499.0 1499.0 1499.0 1499.0 1499.0 1499.0 1499.0 1499.0 1499.102 1499.322 1499.541 1499.761 1499.981 1500.0 1500.0 1500.0 1500.0 1500.0 1500.0 1500.0 1500.0 1500.0 1500.073 1500.163 1500.253 1500.343 1500.444 1500.573 1500.703 1500.833 1500.962 1501.046 1501.111 1501.176 1501.241 1501.32 1501.475 1501.63 1501.785 1501.939 1502.079 1502.209 1502.338 1502.468 1502.58 1502.403 1502.227 1502.05 1501.874 1501.699 1501.526 1501.353 1501.18 1501.008 1500.852 1500.697 1500.542 1500.387 1500.251 1500.143
1499.0 1499.0 1499.0 1499.0 1499.0 1499.0 1499.0 1499.0 1499.0 1499.0 1499.0 1499.0 1499.102 1499.322 1499.541 1499.761 1499.981 1500.0 1500.0 1500.0 1500.0 1500.0 1500.0 1500.0 1500.0 1500.0 1500.099 1500.221 1500.344 1500.466 1500.582 1500.679 1500.777 1500.874 1500.972 1501.035 1501.083 1501.132 1501.181 1501.249 1501.42 1501.591 1501.762 1501.933 1502.059 1502.157 1502.254 1502.352 1502.433 1502.246 1502.058 1501.871 1501.684 1501.526 1501.396 1501.266 1501.136 1501.006 1500.836 1500.665 1500.495 1500.323 1500.189 1500.108
1499.0 1499.0 1499.0 1499.0 1499.0 1499.0 1499.0 1499.0 1499.0 1499.0 1499.0 1499.0 1499.102 1499.322 1499.541 1499.761 1499.981 1500.0 1500.0 1500.0 1500.0 1500.0 1500.0 1500.0 1500.0 1500.0 1500.125 1500.28 1500.434 1500.589 1500.72 1500.785 1500.85 1500.916 1500.981 1501.023 1501.056 1501.089 1501.121 1501.178 1501.366 1501.553 1501.74 1501.927 1502.04 1502.105 1502.17 1502.236 1502.286 1502.088 1501.89 1501.692 1501.494 1501.352 1501.265 1501.178 1501.091 1501.004 1500.821 1500.634 1500.447 1500.26 1500.127 1500.072
1499.0 1499.0 1499.0 1499.0 1499.0 1499.0 1499.0 1499.0 1499.0 1499.0 1499.0 1499.0 1499.102 1499.322 1499.541 1499.761 1499.981 1500.0 1500.0 1500.0 1500.0 1500.0 1500.0 1500.0 1500.0 1500.0 1500.151 1500.338 1500.525 1500.711 1500.858 1500.891 1500.924 1500.957 1500.99 1501.012 1501.028 1501.045 1501.061 1501.108 1501.311 1501.514 1501.717 1501.921 1502.02 1502.053 1502.086 1502.12 1502.139 1501.93 1501.721 1501.513 1501.304 1501.179 1501.134 1501.09 1501.046 1501.002 1500.806 1500.602 1500.399 1500.196 1500.064 1500.037
1499.0 1499.0 1499.0 1499.0 1499.0 1499.0 1499.0 1499.0 1499.0 1499.0 1499.0 1499.0 1499.102 1499.322 1499.541 1499.761 1499.981 1500.0 1500.0 1500.0 1500.0 1500.0 1500.0 1500.0 1500.0 1500.0 1500.178 1500.396 1500.615 1500.834 1500.996 1500.997 1500.998 1500.999 1501.0 1501.0 1501.001 1501.001 1501.002 1501.037 1501.256 1501.476 1501.695 1501.914 1502.001 1502.001 1502.002 1502.003 1501.992 1501.772 1501.553 1501.333 1501.114 1501.005 1501.004 1501.003 1501.001 1501.0 1500.79 1500.571 1500.352 1500.132 1500.002 1500.001
1499.0 1499.0 1499.0 1499.0 1499.0 1499.0 1499.0 1499.0 1499.0 1499.0 1499.0 1499.0 1499.087 1499.276 1499.464 1499.653 1499.841 1499.886 1499.918 1499.949 1499.98 1500.0 1500.0 1500.0 1500.0 1500.0 1500.178 1500.398 1500.618 1500.838 1501.0 1501.0 1501.0 1501.0 1501.0 1501.0 1501.0 1501.0 1501.0 1501.028 1501.2 1501.373 1501.546 1501.719 1501.787 1501.787 1501.787 1501.787 1501.776 1501.593 1501.409 1501.226 1501.043 1500.934 1500.898 1500.861 1500.825 1500.788 1500.621 1500.448 1500.276 1500.103 1500.0 1500.0
1499.0 1499.0 1499.0 1499.0 1499.0 1499.0 1499.0 1499.0 1499.0 1499.0 1499.0 1499.0 1499.073 1499.229 1499.385 1499.541 1499.698 1499.769 1499.833 1499.896 1499.96 1500.0 1500.0 1500.0 1500.0 1500.0 1500.178 1500.398 1500.618 1500.838 1501.0 1501.0 1501.0 1501.0 1501.0 1501.0 1501.0 1501.0 1501.0 1501.02 1501.144 1501.269 1501.394 1501.518 1501.567 1501.567 1501.567 1501.567 1501.558 1501.413 1501.267 1501.121 1500.976 1500.866 1500.792 1500.718 1500.644 1500.57 1500.448 1500.323 1500.199 1500.074 1500.0 1500.0
1499.0 1499.0 1499.0 1499.0 1499.0 1499.0 1499.0 1499.0 1499.0 1499.0 1499.0 1499.0 1499.058 1499.182 1499.306 1499.43 1499.554 1499.652 1499.748 1499.843 1499.939 1500.0 1500.0 1500.0 1500.0 1500.0 1500.178 1500.398 1500.618 1500.838 1501.0 1501.0 1501.0 1501.0 1501.0 1501.0 1501.0 1501.0 1501.0 1501.012 1501.089 1501.165 1501.241 1501.317 1501.347 1501.347 1501.347 1501.347 1501.341 1501.233 1501.125 1501.016 1500.908 1500.798 1500.687 1500.575 1500.464 1500.352 1500.274 1500.198 1500.122 1500.045 1500.0 1500.0
1499.0 1499.0 1499.0 1499.0 1499.0 1499.0 1499.0 1499.0 1499.0 1499.0 1499.0 1499.0 1499.043 1499.135 1499.226 1499.318 1499.41 1499.535 1499.663 1499.791 1499.918 1500.0 1500.0 1500.0 1500.0 1500.0 1500.178 1500.398 1500.618 1500.838 1501.0 1501.0 1501.0 1501.0 1501.0 1501.0 1501.0 1501.0 1501.0 1501.005 1501.032 1501.06 1501.089 1501.116 1501.127 1501.127 1501.127 1501.127 1501.123 1501.053 1500.982 1500.911 1500.841 1500.73 1500.581 1500.432 1500.283 1500.134 1500.101 1500.073 1500.045 1500.017 1500.0 1500.0
1498.947 1498.956 1498.965 1498.973 1498.98 1498.987 1498.993 1499.0 1499.0 1499.0 1499.0 1499.0 1499.031 1499.097 1499.164 1499.23 1499.297 1499.443 1499.596 1499.749 1499.902 1500.0 1500.0 1500.0 1500.0 1500.0 1500.162 1500.361 1500.561 1500.76 1500.912 1500.93 1500.948 1500.966 1500.984 1500.991 1500.994 1500.996 1500.998 1501.0 1501.0 1501.0 1501.0 1501.0 1500.99 1500.975 1500.959 1500.943 1500.925 1500.874 1500.823 1500.772 1500.721 1500.615 1500.455 1500.295 1500.136 1499.976 1499.969 1499.969 1499.969 1499.969 1499.969 1499.969
1498.822 1498.852 1498.883 1498.909 1498.932 1498.955 1498.977 1499.0 1499.0 1499.0 1499.0 1499.0 1499.023 1499.074 1499.124 1499.175 1499.225 1499.384 1499.553 1499.723 1499.892 1500.0 1500.0 1500.0 1500.0 1500.0 1500.123 1500.274 1500.425 1500.576 1500.704 1500.765 1500.826 1500.887 1500.948 1500.971 1500.978 1500.986 1500.994 1501.0 1501.0 1501.0 1501.0 1501.0 1500.968 1500.914 1500.861 1500.807 1500.754 1500.698 1500.641 1500.585 1500.528 1500.433 1500.3 1500.167 1500.035 1499.902 1499.896 1499.896 1499.896 1499.896 1499.896 1499.896
1498.696 1498.748 1498.8 1498.845 1498.884 1498.923 1498.962 1499.0 1499.0 1499.0 1499.0 1499.0 1499.016 1499.05 1499.084 1499.119 1499.153 1499.325 1499.511 1499.696 1499.882 1500.0 1500.0 1500.0 1500.0 1500.0 1500.083 1500.186 1500.289 1500.392 1500.495 1500.599 1500.703 1500.807 1500.911 1500.95 1500.963 1500.976 1500.989 1501.0 1501.0 1501.0 1501.0 1501.0 1500.945 1500.854 1500.763 1500.672 1500.583 1500.521 1500.459 1500.397 1500.335 1500.251 1500.145 1500.039 1499.933 1499.827 1499.823 1499.823 1499.823 1499.823 1499.823 1499.823
1498.571 1498.644 1498.718 1498.781 1498.836 1498.891 1498.946 1499.0 1499.0 1499.0 1499.0 1499.0 1499.008 1499.027 1499.045 1499.063 1499.081 1499.267 1499.468 1499.67 1499.871 1500.0 1500.0 1500.0 1500.0 1500.0 1500.044 1500.099 1500.153 1500.208 1500.287 1500.433 1500.58 1500.727 1500.874 1500.93 1500.948 1500.966 1500.985 1501.0 1501.0 1501.0 1501.0 1501.0 1500.922 1500.793 1500.665 1500.536 1500.412 1500.344 1500.277 1500.21 1500.143 1500.07 1499.99 1499.911 1499.832 1499.753 1499.749 1499.749 1499.749 1499.749 1499.749 1499.749
1498.445 1498.54 1498.635 1498.716 1498.788 1498.859 1498.93 1499.0 1499.0 1499.0 1499.0 1499.0 1499.001 1499.003 1499.005 1499.007 1499.009 1499.208 1499.426 1499.644 1499.861 1500.0 1500.0 1500.0 1500.0 1500.0 1500.005 1500.011 1500.018 1500.024 1500.078 1500.268 1500.458 1500.647 1500.837 1500.909 1500.933 1500.956 1500.98 1501.0 1501.0 1501.0 1501.0 1501.0 1500.899 1500.733 1500.567 1500.401 1500.24 1500.168 1500.095 1500.023 1499.95 1499.888 1499.835 1499.783 1499.731 1499.678 1499.676 1499.676 1499.676 1499.676 1499.676 1499.676
1498.347 1498.426 1498.505 1498.596 1498.698 1498.799 1498.9 1499.0 1499.0 1499.0 1499.0 1499.0 1499.0 1499.0 1499.0 1499.0 1499.0 1499.188 1499.394 1499.599 1499.805 1499.941 1499.955 1499.969 1499.983 1499.997 1500.0 1500.0 1500.0 1500.0 1500.041 1500.199 1500.357 1500.515 1500.673 1500.733 1500.753 1500.773 1500.792 1500.809 1500.809 1500.809 1500.809 1500.809 1500.725 1500.587 1500.448 1500.31 1500.176 1500.102 1500.029 1499.956 1499.883 1499.812 1499.745 1499.677 1499.61 1499.542 1499.539 1499.539 1499.539 1499.539 1499.539 1499.539
1498.253 1498.31 1498.368 1498.468 1498.602 1498.735 1498.869 1499.0 1499.0 1499.0 1499.0 1499.0 1499.0 1499.0 1499.0 1499.0 1499.0 1499.173 1499.363 1499.552 1499.742 1499.874 1499.904 1499.934 1499.964 1499.994 1500.0 1500.0 1500.0 1500.0 1500.03 1500.145 1500.26 1500.375 1500.49 1500.534 1500.548 1500.563 1500.577 1500.589 1500.589 1500.589 1500.589 1500.589 1500.528 1500.427 1500.327 1500.226 1500.127 1500.053 1499.98 1499.907 1499.834 1499.752 1499.663 1499.575 1499.486 1499.397 1499.393 1499.393 1499.393 1499.393 1499.393 1499.393
1498.158 1498.194 1498.231 1498.34 1498.505 1498.671 1498.837 1499.0 1499.0 1499.0 1499.0 1499.0 1499.0 1499.0 1499.0 1499.0 1499.0 1499.158 1499.332 1499.506 1499.679 1499.807 1499.853 1499.899 1499.945 1499.991 1500.0 1500.0 1500.0 1500.0 1500.019 1500.091 1500.163 1500.235 1500.307 1500.335 1500.344 1500.353 1500.362 1500.369 1500.369 1500.369 1500.369 1500.369 1500.331 1500.268 1500.205 1500.142 1500.078 1500.005 1499.931 1499.858 1499.785 1499.693 1499.582 1499.472 1499.361 1499.251 1499.246 1499.246 1499.246 1499.246 1499.246 1499.246
1498.064 1498.079 1498.093 1498.212 1498.409 1498.607 1498.805 1499.0 1499.0 1499.0 1499.0 1499.0 1499.0 1499.0 1499.0 1499.0 1499.0 1499.144 1499.301 1499.459 1499.616 1499.739 1499.801 1499.864 1499.926 1499.988 1500.0 1500.0 1500.0 1500.0 1500.008 1500.037 1500.066 1500.095 1500.125 1500.136 1500.139 1500.143 1500.147 1500.15 1500.15 1500.15 1500.15 1500.15 1500.134 1500.109 1500.083 1500.057 1500.029 1499.956 1499.883 1499.809 1499.736 1499.633 1499.501 1499.369 1499.237 1499.105 1499.1 1499.1 1499.1 1499.1 1499.1 1499.1
1498.0 1498.0 1498.0 1498.117 1498.325 1498.533 1498.741 1498.946 1498.958 1498.97 1498.982 1498.994 1499.0 1499.0 1499.0 1499.0 1499.0 1499.128 1499.267 1499.407 1499.546 1499.662 1499.735 1499.809 1499.882 1499.955 1499.974 1499.981 1499.988 1499.995 1500.0 1500.0 1500.0 1500.0 1500.0 1500.0 1500.0 1500.0 1500.0 1500.0 1500.0 1500.0 1500.0 1500.0 1500.0 1500.0 1500.0 1500.0 1499.996 1499.922 1499.849 1499.776 1499.703 1499.592 1499.446 1499.299 1499.153 1499.006 1498.985 1498.97 1498.954 1498.939 1498.926 1498.916
1498.0 1498.0 1498.0 1498.096 1498.266 1498.437 1498.607 1498.775 1498.825 1498.874 1498.924 1498.973 1499.0 1499.0 1499.0 1499.0 1499.0 1499.108 1499.226 1499.344 1499.463 1499.564 1499.638 1499.711 1499.784 1499.857 1499.894 1499.922 1499.951 1499.979 1500.0 1500.0 1500.0 1500.0 1500.0 1500.0 1500.0 1500.0 1500.0 1500.0 1500.0 1500.0 1500.0 1500.0 1500.0 1500.0 1500.0 1500.0 1499.996 1499.922 1499.849 1499.776 1499.703 1499.592 1499.446 1499.299 1499.153 1499.006 1498.939 1498.875 1498.812 1498.748 1498.693 1498.651
1498.0 1498.0 1498.0 1498.075 1498.208 1498.34 1498.473 1498.605 1498.692 1498.779 1498.866 1498.953 1499.0 1499.0 1499.0 1499.0 1499.0 1499.088 1499.185 1499.282 1499.379 1499.467 1499.54 1499.613 1499.687 1499.76 1499.814 1499.864 1499.913 1499.963 1500.0 1500.0 1500.0 1500.0 1500.0 1500.0 1500.0 1500.0 1500.0 1500.0 1500.0 1500.0 1500.0 1500.0 1500.0 1500.0 1500.0 1500.0 1499.996 1499.922 1499.849 1499.776 1499.703 1499.592 1499.446 1499.299 1499.153 1499.006 1498.893 1498.781 1498.669 1498.557 1498.46 1498.385
1498.0 1498.0 1498.0 1498.054 1498.149 1498.244 1498.339 1498.435 1498.559 1498.684 1498.808 1498.933 1499.0 1499.0 1499.0 1499.0 1499.0 1499.069 1499.144 1499.219 1499.295 1499.369 1499.442 1499.516 1499.589 1499.662 1499.734 1499.805 1499.876 1499.947 1500.0 1500.0 1500.0 1500.0 1500.0 1500.0 1500.0 1500.0 1500.0 1500.0 1500.0 1500.0 1500.0 1500.0 1500.0 1500.0 1500.0 1500.0 1499.996 1499.922 1499.849 1499.776 1499.703 1499.592 1499.446 1499.299 1499.153 1499.006 1498.847 1498.686 1498.526 1498.366 1498.227 1498.12
1498.0 1498.0 1498.0 1498.032 1498.09 1498.148 1498.205 1498.264 1498.427 1498.589 1498.751 1498.913 1499.0 1499.0 1499.0 1499.0 1499.0 1499.049 1499.103 1499.157 1499.211 1499.271 1499.345 1499.418 1499.491 1499.564 1499.654 1499.746 1499.839 1499.932 1500.0 1500.0 1500.0 1500.0 1500.0 1500.0 1500.0 1500.0 1500.0 1500.0 1500.0 1500.0 1500.0 1500.0 1500.0 1500.0 1500.0 1500.0 1499.996 1499.922 1499.849 1499.776 1499.703 1499.592 1499.446 1499.299 1499.153 1499.006 1498.801 1498.592 1498.383 1498.175 1497.995 1497.855
1498.0 1498.0 1498.0 1498.023 1498.064 1498.104 1498.145 1498.187 1498.337 1498.488 1498.638 1498.788 1498.882 1498.911 1498.94 1498.969 1498.997 1499.037 1499.078 1499.118 1499.159 1499.207 1499.268 1499.329 1499.39 1499.45 1499.528 1499.609 1499.69 1499.771 1499.841 1499.878 1499.915 1499.952 1499.989 1500.0 1500.0 1500.0 1500.0 1500.0 1500.0 1500.0 1500.0 1500.0 1500.0 1500.0 1500.0 1500.0 1499.996 1499.922 1499.849 1499.776 1499.703 1499.592 1499.446 1499.299 1499.153 1499.006 1498.766 1498.522 1498.277 1498.033 1497.825 1497.67
1498.0 1498.0 1498.0 1498.017 1498.047 1498.077 1498.106 1498.138 1498.261 1498.385 1498.508 1498.632 1498.729 1498.795 1498.861 1498.928 1498.994 1499.027 1499.057 1499.087 1499.117 1499.152 1499.197 1499.242 1499.286 1499.331 1499.388 1499.448 1499.508 1499.567 1499.634 1499.719 1499.804 1499.89 1499.975 1500.0 1500.0 1500.0 1500.0 1500.0 1500.0 1500.0 1500.0 1500.0 1500.0 1500.0 1500.0 1500.0 1499.996 1499.922 1499.849 1499.776 1499.703 1499.592 1499.446 1499.299 1499.153 1499.006 1498.735 1498.459 1498.182 1497.905 1497.674 1497.508
1498.0 1498.0 1498.0 1498.011 1498.03 1498.049 1498.068 1498.089 1498.185 1498.282 1498.378 1498.475 1498.575 1498.679 1498.783 1498.887 1498.991 1499.017 1499.037 1499.056 1499.075 1499.097 1499.126 1499.155 1499.184 1499.212 1499.249 1499.287 1499.325 1499.363 1499.427 1499.56 1499.694 1499.828 1499.961 1500.0 1500.0 1500.0 1500.0 1500.0 1500.0 1500.0 1500.0 1500.0 1500.0 1500.0 1500.0 1500.0 1499.996 1499.922 1499.849 1499.776 1499.703 1499.592 1499.446 1499.299 1499.153 1499.006 1498.705 1498.396 1498.087 1497.778 1497.523 1497.347
