data/zism_data/00619_03_D.txt
ncols         224
nrows         224
[rows 140 to 167 of 224, columns 0 to 62 of 224]
4584.617 4583.585 4582.554 4581.523 4580.492 4579.575 4578.817 4578.06 4577.302 4576.544 4576.255 4576.023 4575.791 4575.559 4575.598 4576.113 4576.628 4577.143 4577.658 4578.384 4579.151 4579.918 4580.686 4581.501 4582.426 4583.352 4584.278 4585.203 4586.219 4587.26 4588.302 4589.344 4590.401 4591.505 4592.609 4593.713 4594.817 4596.575 4598.591 4600.606 4602.622 4605.012 4609.014 4613.015 4617.017 4621.019 4624.543 4627.82 4631.098 4634.375 4637.452 4639.192 4640.932 4642.671 4644.411 4645.595 4646.411 4647.227 4648.043 4648.819 4649.084 4649.349 4649.614
4584.327 4583.258 4582.189 4581.12 4580.051 4579.102 4578.317 4577.533 4576.748 4575.963 4575.643 4575.378 4575.114 4574.85 4574.868 4575.383 4575.898 4576.414 4576.929 4577.641 4578.392 4579.143 4579.894 4580.703 4581.645 4582.587 4583.528 4584.47 4585.514 4586.588 4587.662 4588.736 4589.817 4590.921 4592.025 4593.129 4594.233 4595.899 4597.786 4599.672 4601.559 4603.813 4607.648 4611.484 4615.319 4619.155 4622.534 4625.677 4628.82 4631.963 4634.95 4636.894 4638.837 4640.781 4642.725 4644.148 4645.228 4646.307 4647.385 4648.412 4648.769 4649.125 4649.481
4584.056 4582.951 4581.845 4580.74 4579.634 4578.652 4577.838 4577.024 4576.211 4575.397 4575.044 4574.747 4574.449 4574.151 4574.147 4574.659 4575.17 4575.682 4576.193 4576.892 4577.627 4578.362 4579.098 4579.9 4580.856 4581.812 4582.768 4583.723 4584.797 4585.906 4587.015 4588.123 4589.232 4590.341 4591.451 4592.561 4593.67 4595.25 4597.015 4598.779 4600.544 4602.666 4606.325 4609.983 4613.643 4617.302 4620.525 4623.523 4626.522 4629.52 4632.405 4634.535 4636.666 4638.795 4640.926 4642.578 4643.912 4645.247 4646.582 4647.853 4648.311 4648.769 4649.227
4584.056 4582.93 4581.803 4580.677 4579.55 4578.53 4577.657 4576.784 4575.912 4575.039 4574.636 4574.29 4573.944 4573.599 4573.544 4574.002 4574.46 4574.918 4575.375 4576.056 4576.781 4577.505 4578.23 4579.02 4579.959 4580.899 4581.839 4582.778 4583.903 4585.082 4586.26 4587.438 4588.621 4589.816 4591.012 4592.208 4593.403 4594.988 4596.726 4598.463 4600.201 4602.241 4605.583 4608.926 4612.268 4615.61 4618.531 4621.234 4623.937 4626.64 4629.26 4631.326 4633.392 4635.457 4637.523 4639.239 4640.724 4642.209 4643.694 4645.123 4645.833 4646.544 4647.255
4584.056 4582.91 4581.762 4580.613 4579.465 4578.408 4577.476 4576.544 4575.613 4574.681 4574.229 4573.834 4573.44 4573.046 4572.941 4573.345 4573.75 4574.154 4574.558 4575.22 4575.934 4576.648 4577.362 4578.14 4579.063 4579.986 4580.91 4581.833 4583.009 4584.257 4585.505 4586.753 4588.01 4589.291 4590.573 4591.854 4593.136 4594.725 4596.436 4598.147 4599.858 4601.816 4604.842 4607.868 4610.893 4613.918 4616.537 4618.944 4621.352 4623.76 4626.115 4628.116 4630.117 4632.119 4634.12 4635.901 4637.536 4639.171 4640.807 4642.394 4643.356 4644.319 4645.282
4584.056 4582.89 4581.72 4580.55 4579.38 4578.286 4577.295 4576.304 4575.313 4574.323 4573.82 4573.378 4572.936 4572.493 4572.338 4572.688 4573.039 4573.39 4573.74 4574.385 4575.088 4575.791 4576.494 4577.259 4578.167 4579.074 4579.981 4580.889 4582.114 4583.433 4584.75 4586.068 4587.398 4588.766 4590.133 4591.501 4592.868 4594.463 4596.147 4597.831 4599.515 4601.392 4604.101 4606.81 4609.519 4612.227 4614.542 4616.655 4618.768 4620.88 4622.969 4624.906 4626.843 4628.78 4630.717 4632.563 4634.348 4636.134 4637.919 4639.664 4640.879 4642.094 4643.31
4584.056 4582.869 4581.678 4580.486 4579.295 4578.164 4577.114 4576.064 4575.014 4573.964 4573.413 4572.922 4572.431 4571.94 4571.735 4572.032 4572.329 4572.625 4572.922 4573.549 4574.241 4574.934 4575.626 4576.379 4577.27 4578.161 4579.053 4579.944 4581.22 4582.608 4583.996 4585.383 4586.788 4588.241 4589.694 4591.147 4592.601 4594.201 4595.858 4597.515 4599.172 4600.968 4603.36 4605.751 4608.144 4610.536 4612.548 4614.366 4616.183 4618.0 4619.824 4621.696 4623.569 4625.441 4627.313 4629.224 4631.16 4633.096 4635.032 4636.934 4638.402 4639.87 4641.337
4583.876 4582.673 4581.465 4580.258 4579.05 4577.896 4576.813 4575.731 4574.649 4573.567 4572.969 4572.43 4571.891 4571.352 4571.09 4571.317 4571.544 4571.771 4571.999 4572.594 4573.262 4573.93 4574.598 4575.331 4576.211 4577.092 4577.973 4578.853 4580.168 4581.61 4583.052 4584.493 4585.949 4587.445 4588.942 4590.438 4591.935 4593.524 4595.149 4596.774 4598.399 4600.112 4602.206 4604.3 4606.394 4608.488 4610.25 4611.841 4613.432 4615.023 4616.637 4618.405 4620.173 4621.941 4623.709 4625.598 4627.567 4629.536 4631.505 4633.455 4635.148 4636.841 4638.535
4583.513 4582.298 4581.08 4579.861 4578.644 4577.48 4576.393 4575.305 4574.217 4573.13 4572.488 4571.9 4571.313 4570.726 4570.402 4570.543 4570.685 4570.826 4570.967 4571.517 4572.147 4572.778 4573.409 4574.114 4574.989 4575.864 4576.739 4577.614 4578.958 4580.437 4581.916 4583.395 4584.878 4586.375 4587.872 4589.369 4590.865 4592.427 4594.015 4595.602 4597.189 4598.82 4600.634 4602.449 4604.264 4606.078 4607.643 4609.078 4610.514 4611.949 4613.409 4615.032 4616.655 4618.278 4619.901 4621.68 4623.563 4625.447 4627.33 4629.213 4631.105 4632.998 4634.89
4583.15 4581.923 4580.694 4579.465 4578.236 4577.064 4575.972 4574.878 4573.786 4572.693 4572.007 4571.372 4570.736 4570.1 4569.714 4569.77 4569.825 4569.881 4569.936 4570.439 4571.033 4571.626 4572.219 4572.896 4573.766 4574.636 4575.505 4576.375 4577.747 4579.264 4580.78 4582.297 4583.809 4585.305 4586.802 4588.298 4589.795 4591.33 4592.88 4594.43 4595.98 4597.527 4599.063 4600.598 4602.133 4603.669 4605.036 4606.315 4607.595 4608.875 4610.18 4611.658 4613.136 4614.614 4616.092 4617.763 4619.56 4621.357 4623.154 4624.973 4627.063 4629.154 4631.245
4582.788 4581.548 4580.309 4579.069 4577.829 4576.649 4575.551 4574.452 4573.354 4572.255 4571.526 4570.842 4570.158 4569.474 4569.027 4568.997 4568.966 4568.936 4568.905 4569.363 4569.918 4570.474 4571.029 4571.679 4572.543 4573.408 4574.272 4575.136 4576.536 4578.09 4579.645 4581.199 4582.739 4584.235 4585.732 4587.229 4588.725 4590.233 4591.746 4593.258 4594.77 4596.234 4597.491 4598.747 4600.003 4601.259 4602.428 4603.552 4604.676 4605.8 4606.952 4608.285 4609.618 4610.951 4612.284 4613.845 4615.556 4617.267 4618.979 4620.732 4623.021 4625.311 4627.6
4582.425 4581.173 4579.923 4578.672 4577.422 4576.233 4575.129 4574.026 4572.922 4571.818 4571.046 4570.313 4569.581 4568.849 4568.339 4568.223 4568.106 4567.99 4567.874 4568.286 4568.804 4569.322 4569.84 4570.461 4571.32 4572.18 4573.039 4573.897 4575.325 4576.917 4578.509 4580.101 4581.669 4583.166 4584.662 4586.159 4587.655 4589.136 4590.611 4592.086 4593.561 4594.941 4595.919 4596.896 4597.873 4598.85 4599.821 4600.79 4601.758 4602.726 4603.723 4604.911 4606.099 4607.288 4608.476 4609.927 4611.552 4613.178 4614.803 4616.491 4618.979 4621.467 4623.955
4581.927 4580.63 4579.334 4578.038 4576.742 4575.527 4574.422 4573.318 4572.214 4571.11 4570.334 4569.598 4568.862 4568.126 4567.579 4567.361 4567.144 4566.927 4566.709 4567.065 4567.536 4568.006 4568.477 4569.071 4569.95 4570.828 4571.707 4572.585 4573.965 4575.49 4577.015 4578.54 4580.068 4581.604 4583.141 4584.677 4586.213 4587.704 4589.176 4590.647 4592.12 4593.495 4594.451 4595.408 4596.365 4597.322 4598.219 4599.086 4599.954 4600.821 4601.706 4602.704 4603.702 4604.701 4605.699 4607.017 4608.546 4610.076 4611.605 4613.206 4615.708 4618.211 4620.713
4581.418 4580.073 4578.729 4577.385 4576.041 4574.797 4573.693 4572.589 4571.485 4570.381 4569.605 4568.869 4568.133 4567.397 4566.812 4566.493 4566.173 4565.854 4565.535 4565.833 4566.256 4566.678 4567.1 4567.667 4568.567 4569.467 4570.368 4571.268 4572.594 4574.043 4575.493 4576.943 4578.425 4580.004 4581.583 4583.163 4584.742 4586.245 4587.717 4589.188 4590.661 4592.036 4592.992 4593.949 4594.906 4595.862 4596.696 4597.467 4598.238 4599.008 4599.784 4600.589 4601.394 4602.199 4603.004 4604.187 4605.62 4607.053 4608.485 4609.996 4612.499 4615.001 4617.503
4580.91 4579.517 4578.124 4576.731 4575.339 4574.067 4572.963 4571.859 4570.755 4569.651 4568.875 4568.139 4567.403 4566.667 4566.045 4565.625 4565.203 4564.782 4564.36 4564.602 4564.976 4565.35 4565.723 4566.264 4567.185 4568.106 4569.028 4569.95 4571.222 4572.597 4573.972 4575.346 4576.782 4578.404 4580.026 4581.649 4583.271 4584.786 4586.258 4587.729 4589.202 4590.577 4591.533 4592.49 4593.447 4594.403 4595.174 4595.848 4596.522 4597.196 4597.862 4598.474 4599.085 4599.697 4600.309 4601.356 4602.693 4604.029 4605.365 4606.786 4609.289 4611.791 4614.293
4580.401 4578.96 4577.519 4576.078 4574.637 4573.338 4572.234 4571.13 4570.026 4568.921 4568.146 4567.41 4566.674 4565.938 4565.279 4564.756 4564.232 4563.709 4563.186 4563.37 4563.695 4564.021 4564.347 4564.86 4565.803 4566.746 4567.688 4568.632 4569.851 4571.15 4572.45 4573.75 4575.139 4576.804 4578.469 4580.135 4581.8 4583.327 4584.799 4586.271 4587.743 4589.118 4590.074 4591.031 4591.988 4592.944 4593.651 4594.229 4594.806 4595.383 4595.94 4596.358 4596.777 4597.195 4597.614 4598.526 4599.766 4601.005 4602.245 4603.576 4606.079 4608.581 4611.084
4580.074 4578.586 4577.097 4575.608 4574.119 4572.786 4571.668 4570.55 4569.433 4568.315 4567.499 4566.718 4565.938 4565.158 4564.44 4563.833 4563.225 4562.617 4562.009 4562.132 4562.401 4562.671 4562.94 4563.417 4564.366 4565.314 4566.264 4567.213 4568.405 4569.667 4570.93 4572.193 4573.558 4575.235 4576.913 4578.59 4580.268 4581.809 4583.296 4584.784 4586.271 4587.658 4588.61 4589.563 4590.517 4591.469 4592.144 4592.674 4593.205 4593.736 4594.239 4594.563 4594.886 4595.209 4595.532 4596.34 4597.47 4598.599 4599.729 4600.952 4603.378 4605.804 4608.229
4580.072 4578.541 4577.003 4575.465 4573.928 4572.551 4571.396 4570.241 4569.085 4567.93 4567.0 4566.096 4565.192 4564.289 4563.473 4562.811 4562.149 4561.488 4560.826 4560.882 4561.082 4561.281 4561.481 4561.902 4562.83 4563.757 4564.685 4565.613 4566.825 4568.12 4569.415 4570.71 4572.088 4573.723 4575.357 4576.992 4578.626 4580.187 4581.717 4583.247 4584.777 4586.197 4587.139 4588.081 4589.023 4589.965 4590.665 4591.238 4591.812 4592.385 4592.937 4593.34 4593.744 4594.148 4594.552 4595.311 4596.306 4597.302 4598.297 4599.38 4601.591 4603.802 4606.013
4580.071 4578.495 4576.909 4575.323 4573.737 4572.316 4571.124 4569.931 4568.738 4567.545 4566.5 4565.473 4564.446 4563.419 4562.505 4561.79 4561.074 4560.359 4559.644 4559.632 4559.762 4559.892 4560.022 4560.388 4561.294 4562.2 4563.106 4564.013 4565.245 4566.572 4567.899 4569.227 4570.619 4572.21 4573.802 4575.394 4576.985 4578.563 4580.137 4581.71 4583.283 4584.735 4585.667 4586.599 4587.53 4588.461 4589.185 4589.802 4590.418 4591.035 4591.634 4592.118 4592.603 4593.087 4593.571 4594.282 4595.143 4596.004 4596.865 4597.809 4599.805 4601.801 4603.797
4580.069 4578.449 4576.814 4575.18 4573.546 4572.082 4570.851 4569.621 4568.391 4567.16 4566.001 4564.851 4563.7 4562.549 4561.537 4560.768 4559.999 4559.23 4558.46 4558.383 4558.443 4558.503 4558.563 4558.874 4559.758 4560.643 4561.528 4562.413 4563.665 4565.024 4566.384 4567.743 4569.149 4570.698 4572.247 4573.795 4575.344 4576.941 4578.557 4580.173 4581.789 4583.274 4584.195 4585.116 4586.037 4586.958 4587.706 4588.365 4589.025 4589.684 4590.332 4590.896 4591.461 4592.026 4592.59 4593.253 4593.98 4594.707 4595.434 4596.237 4598.018 4599.8 4601.581
4580.067 4578.403 4576.72 4575.038 4573.355 4571.847 4570.579 4569.311 4568.043 4566.775 4565.502 4564.228 4562.954 4561.68 4560.569 4559.747 4558.924 4558.101 4557.278 4557.133 4557.123 4557.113 4557.104 4557.36 4558.223 4559.086 4559.949 4560.813 4562.085 4563.477 4564.869 4566.26 4567.68 4569.186 4570.691 4572.197 4573.702 4575.318 4576.977 4578.636 4580.295 4581.813 4582.723 4583.633 4584.543 4585.454 4586.227 4586.929 4587.631 4588.333 4589.029 4589.674 4590.319 4590.965 4591.61 4592.224 4592.816 4593.409 4594.002 4594.665 4596.232 4597.798 4599.365
4579.836 4578.211 4576.569 4574.927 4573.285 4571.783 4570.473 4569.164 4567.854 4566.544 4565.217 4563.887 4562.557 4561.227 4560.043 4559.116 4558.188 4557.261 4556.334 4556.096 4555.995 4555.894 4555.793 4555.979 4556.816 4557.653 4558.491 4559.328 4560.63 4562.067 4563.503 4564.94 4566.392 4567.893 4569.394 4570.895 4572.396 4573.968 4575.568 4577.168 4578.769 4580.247 4581.197 4582.147 4583.097 4584.047 4584.871 4585.629 4586.387 4587.145 4587.892 4588.567 4589.242 4589.917 4590.592 4591.224 4591.826 4592.429 4593.031 4593.691 4595.089 4596.488 4597.886
4579.544 4577.98 4576.403 4574.826 4573.248 4571.765 4570.412 4569.06 4567.707 4566.354 4564.989 4563.621 4562.254 4560.886 4559.636 4558.59 4557.545 4556.5 4555.454 4555.115 4554.918 4554.721 4554.523 4554.633 4555.443 4556.254 4557.065 4557.875 4559.208 4560.693 4562.178 4563.663 4565.153 4566.659 4568.166 4569.672 4571.178 4572.69 4574.205 4575.719 4577.234 4578.652 4579.656 4580.66 4581.664 4582.667 4583.548 4584.365 4585.182 4586.0 4586.8 4587.491 4588.182 4588.874 4589.564 4590.231 4590.882 4591.533 4592.184 4592.877 4594.12 4595.362 4596.605
4579.251 4577.75 4576.237 4574.724 4573.21 4571.747 4570.352 4568.956 4567.56 4566.165 4564.761 4563.355 4561.951 4560.545 4559.228 4558.064 4556.901 4555.738 4554.574 4554.135 4553.841 4553.547 4553.253 4553.288 4554.071 4554.855 4555.639 4556.422 4557.787 4559.32 4560.854 4562.387 4563.914 4565.426 4566.938 4568.449 4569.961 4571.413 4572.841 4574.27 4575.699 4577.058 4578.115 4579.172 4580.23 4581.287 4582.225 4583.102 4583.978 4584.854 4585.708 4586.415 4587.123 4587.83 4588.537 4589.239 4589.938 4590.637 4591.336 4592.063 4593.15 4594.237 4595.324
4578.958 4577.519 4576.071 4574.622 4573.173 4571.729 4570.291 4568.852 4567.413 4565.975 4564.533 4563.09 4561.647 4560.205 4558.82 4557.539 4556.257 4554.976 4553.694 4553.155 4552.764 4552.374 4551.983 4551.942 4552.699 4553.456 4554.212 4554.969 4556.366 4557.947 4559.528 4561.11 4562.675 4564.192 4565.709 4567.227 4568.744 4570.135 4571.478 4572.821 4574.164 4575.463 4576.574 4577.685 4578.796 4579.907 4580.902 4581.838 4582.773 4583.708 4584.616 4585.339 4586.063 4586.786 4587.509 4588.247 4588.995 4589.742 4590.489 4591.25 4592.181 4593.112 4594.043
4578.649 4577.272 4575.888 4574.504 4573.12 4571.7 4570.232 4568.763 4567.294 4565.826 4564.354 4562.882 4561.411 4559.938 4558.5 4557.122 4555.743 4554.365 4552.986 4552.357 4551.878 4551.399 4550.92 4550.807 4551.529 4552.25 4552.972 4553.694 4555.098 4556.699 4558.301 4559.902 4561.483 4562.998 4564.513 4566.029 4567.544 4568.882 4570.149 4571.417 4572.684 4573.931 4575.088 4576.246 4577.404 4578.562 4579.607 4580.594 4581.582 4582.569 4583.523 4584.259 4584.995 4585.731 4586.467 4587.235 4588.025 4588.815 4589.605 4590.397 4591.217 4592.037 4592.857
4578.278 4576.969 4575.649 4574.33 4573.01 4571.634 4570.182 4568.729 4567.277 4565.824 4564.354 4562.882 4561.411 4559.938 4558.493 4557.093 4555.693 4554.292 4552.893 4552.211 4551.673 4551.135 4550.597 4550.422 4551.08 4551.737 4552.395 4553.052 4554.379 4555.9 4557.421 4558.942 4560.455 4561.943 4563.432 4564.92 4566.409 4567.712 4568.941 4570.171 4571.401 4572.622 4573.801 4574.98 4576.159 4577.338 4578.409 4579.423 4580.437 4581.451 4582.429 4583.165 4583.901 4584.637 4585.373 4586.154 4586.965 4587.776 4588.588 4589.403 4590.272 4591.14 4592.009
4577.908 4576.666 4575.41 4574.155 4572.899 4571.568 4570.131 4568.695 4567.259 4565.823 4564.354 4562.882 4561.411 4559.938 4558.485 4557.063 4555.642 4554.221 4552.799 4552.064 4551.467 4550.87 4550.273 4550.038 4550.631 4551.224 4551.817 4552.41 4553.66 4555.101 4556.541 4557.981 4559.427 4560.889 4562.35 4563.812 4565.273 4566.542 4567.734 4568.926 4570.119 4571.313 4572.513 4573.714 4574.915 4576.115 4577.21 4578.251 4579.292 4580.333 4581.335 4582.071 4582.807 4583.542 4584.279 4585.073 4585.905 4586.738 4587.571 4588.41 4589.327 4590.244 4591.16
