data/zism_data/00610_04_D.txt
ncols         224
nrows         224
[rows 140 to 167 of 224, columns 126 to 188 of 224]
1579.148 1580.679 1581.921 1583.162 1584.404 1585.646 1586.963 1588.311 1589.658 1591.005 1592.434 1594.184 1595.935 1597.686 1599.437 1603.012 1607.431 1611.851 1616.271 1620.966 1627.054 1633.141 1639.228 1645.315 1652.218 1659.566 1666.914 1674.261 1681.106 1684.569 1688.032 1691.495 1694.958 1696.219 1696.08 1695.941 1695.802 1695.354 1691.918 1688.482 1685.046 1681.61 1677.361 1672.514 1667.666 1662.818 1658.063 1654.828 1651.592 1648.357 1645.121 1641.819 1638.461 1635.102 1631.744 1628.414 1626.385 1624.356 1622.328 1620.299 1618.412 1616.664 1614.917
1579.383 1580.829 1582.081 1583.334 1584.586 1585.839 1587.14 1588.46 1589.78 1591.1 1592.477 1594.075 1595.674 1597.273 1598.872 1602.012 1605.867 1609.722 1613.577 1617.766 1623.642 1629.517 1635.392 1641.268 1648.209 1655.73 1663.252 1670.773 1677.841 1681.858 1685.875 1689.892 1693.909 1695.458 1695.438 1695.419 1695.399 1695.002 1690.947 1686.892 1682.836 1678.781 1674.089 1668.926 1663.764 1658.601 1653.552 1650.371 1647.19 1644.009 1640.827 1637.58 1634.276 1630.971 1627.667 1624.395 1622.556 1620.717 1618.878 1617.04 1615.37 1613.867 1612.364
1579.617 1580.979 1582.242 1583.505 1584.769 1586.032 1587.317 1588.61 1589.903 1591.196 1592.52 1593.966 1595.413 1596.86 1598.306 1601.013 1604.303 1607.594 1610.884 1614.567 1620.23 1625.894 1631.557 1637.221 1644.2 1651.895 1659.59 1667.286 1674.576 1679.147 1683.718 1688.289 1692.86 1694.697 1694.797 1694.896 1694.996 1694.65 1689.976 1685.301 1680.627 1675.953 1670.816 1665.339 1659.861 1654.384 1649.041 1645.915 1642.788 1639.661 1636.534 1633.34 1630.09 1626.84 1623.591 1620.375 1618.727 1617.078 1615.429 1613.781 1612.328 1611.07 1609.811
1579.851 1581.128 1582.403 1583.677 1584.951 1586.225 1587.494 1588.759 1590.025 1591.291 1592.563 1593.857 1595.152 1596.447 1597.741 1600.014 1602.739 1605.465 1608.19 1611.367 1616.818 1622.27 1627.722 1633.174 1640.191 1648.06 1655.929 1663.798 1671.311 1676.436 1681.561 1686.686 1691.81 1693.935 1694.155 1694.374 1694.594 1694.297 1689.004 1683.711 1678.418 1673.125 1667.544 1661.751 1655.959 1650.166 1644.53 1641.458 1638.385 1635.313 1632.24 1629.101 1625.905 1622.71 1619.514 1616.356 1614.897 1613.439 1611.98 1610.521 1609.287 1608.272 1607.258
1580.912 1582.033 1583.243 1584.454 1585.664 1586.875 1588.103 1589.339 1590.575 1591.81 1593.023 1594.143 1595.264 1596.385 1597.506 1599.382 1601.608 1603.834 1606.06 1608.764 1613.876 1618.989 1624.101 1629.214 1636.415 1644.753 1653.091 1661.429 1669.404 1674.937 1680.469 1686.002 1691.534 1693.788 1693.959 1694.13 1694.301 1693.911 1688.086 1682.261 1676.436 1670.61 1664.578 1658.393 1652.208 1646.022 1640.012 1636.863 1633.714 1630.565 1627.416 1624.411 1621.527 1618.644 1615.761 1612.912 1611.653 1610.394 1609.135 1607.876 1606.85 1606.055 1605.26
1582.591 1583.501 1584.592 1585.683 1586.774 1587.865 1589.037 1590.24 1591.443 1592.646 1593.794 1594.725 1595.656 1596.586 1597.517 1599.025 1600.8 1602.576 1604.351 1606.606 1611.285 1615.963 1620.641 1625.319 1632.813 1641.841 1650.869 1659.897 1668.51 1674.342 1680.173 1686.004 1691.835 1694.099 1694.096 1694.093 1694.09 1693.5 1687.207 1680.915 1674.623 1668.331 1661.841 1655.205 1648.569 1641.933 1635.488 1632.165 1628.842 1625.52 1622.197 1619.384 1617.006 1614.627 1612.249 1609.899 1608.846 1607.794 1606.741 1605.688 1604.866 1604.272 1603.678
1584.27 1584.969 1585.941 1586.912 1587.884 1588.855 1589.97 1591.141 1592.311 1593.481 1594.565 1595.306 1596.047 1596.787 1597.528 1598.668 1599.992 1601.317 1602.641 1604.449 1608.693 1612.937 1617.18 1621.424 1629.212 1638.929 1648.647 1658.364 1667.617 1673.747 1679.876 1686.006 1692.136 1694.41 1694.233 1694.057 1693.88 1693.088 1686.329 1679.569 1672.81 1666.051 1659.104 1652.017 1644.93 1637.843 1630.964 1627.467 1623.971 1620.474 1616.978 1614.357 1612.484 1610.61 1608.737 1606.886 1606.04 1605.193 1604.347 1603.5 1602.882 1602.489 1602.096
1585.948 1586.438 1587.29 1588.142 1588.994 1589.846 1590.903 1592.041 1593.179 1594.317 1595.337 1595.887 1596.438 1596.989 1597.539 1598.311 1599.185 1600.058 1600.932 1602.292 1606.101 1609.911 1613.72 1617.529 1625.61 1636.017 1646.424 1656.831 1666.723 1673.152 1679.58 1686.009 1692.437 1694.72 1694.37 1694.02 1693.67 1692.676 1685.45 1678.224 1670.998 1663.772 1656.366 1648.829 1641.292 1633.754 1626.439 1622.769 1619.099 1615.429 1611.759 1609.33 1607.962 1606.594 1605.225 1603.873 1603.233 1602.593 1601.953 1601.312 1600.898 1600.706 1600.514
1587.63 1587.908 1588.648 1589.389 1590.13 1590.87 1591.89 1593.018 1594.147 1595.275 1596.251 1596.625 1596.999 1597.373 1597.747 1598.173 1598.624 1599.075 1599.526 1600.463 1603.853 1607.243 1610.633 1614.023 1622.348 1633.359 1644.371 1655.383 1665.837 1672.542 1679.248 1685.953 1692.658 1694.955 1694.451 1693.948 1693.444 1692.27 1684.599 1676.929 1669.258 1661.588 1653.745 1645.773 1637.802 1629.831 1622.098 1618.254 1614.411 1610.568 1606.725 1604.481 1603.601 1602.721 1601.842 1600.971 1600.532 1600.094 1599.655 1599.216 1598.997 1598.995 1598.994
1589.371 1589.42 1590.225 1591.031 1591.837 1592.643 1594.04 1595.668 1597.296 1598.924 1600.322 1600.81 1601.298 1601.786 1602.274 1602.866 1603.507 1604.148 1604.789 1605.87 1609.168 1612.465 1615.763 1619.06 1626.537 1636.289 1646.041 1655.793 1665.124 1671.623 1678.121 1684.62 1691.119 1693.515 1693.305 1693.094 1692.884 1691.981 1684.365 1676.748 1669.132 1661.516 1653.661 1645.63 1637.599 1629.568 1621.77 1617.769 1613.768 1609.768 1605.767 1603.521 1602.771 1602.022 1601.272 1600.532 1600.18 1599.828 1599.476 1599.124 1598.929 1598.889 1598.849
1591.112 1590.932 1591.803 1592.674 1593.545 1594.416 1596.191 1598.318 1600.446 1602.573 1604.393 1604.995 1605.597 1606.199 1606.801 1607.559 1608.391 1609.222 1610.053 1611.277 1614.482 1617.687 1620.892 1624.097 1630.726 1639.218 1647.711 1656.203 1664.41 1670.703 1676.995 1683.288 1689.58 1692.075 1692.158 1692.241 1692.323 1691.691 1684.129 1676.567 1669.005 1661.444 1653.578 1645.487 1637.396 1629.306 1621.442 1617.283 1613.125 1608.967 1604.809 1602.56 1601.941 1601.322 1600.703 1600.092 1599.827 1599.562 1599.297 1599.031 1598.861 1598.783 1598.705
1592.852 1592.444 1593.38 1594.316 1595.252 1596.188 1598.341 1600.968 1603.595 1606.222 1608.464 1609.18 1609.896 1610.612 1611.328 1612.253 1613.274 1614.295 1615.316 1616.683 1619.796 1622.909 1626.022 1629.135 1634.915 1642.147 1649.38 1656.613 1663.697 1669.783 1675.869 1681.955 1688.041 1690.635 1691.011 1691.387 1691.763 1691.402 1683.894 1676.387 1668.879 1661.372 1653.494 1645.344 1637.194 1629.043 1621.114 1616.798 1612.482 1608.167 1603.851 1601.6 1601.112 1600.623 1600.134 1599.652 1599.474 1599.296 1599.117 1598.939 1598.792 1598.677 1598.561
1594.593 1593.956 1594.957 1595.958 1596.96 1597.961 1600.491 1603.618 1606.745 1609.871 1612.535 1613.365 1614.195 1615.025 1615.855 1616.946 1618.157 1619.368 1620.579 1622.09 1625.111 1628.131 1631.152 1634.172 1639.104 1645.077 1651.05 1657.022 1662.983 1668.863 1674.743 1680.622 1686.502 1689.196 1689.865 1690.534 1691.203 1691.113 1683.659 1676.206 1668.753 1661.299 1653.411 1645.201 1636.991 1628.78 1620.786 1616.313 1611.839 1607.366 1602.893 1600.64 1600.282 1599.923 1599.565 1599.212 1599.121 1599.03 1598.938 1598.847 1598.724 1598.57 1598.417
1597.116 1595.988 1597.225 1598.462 1599.699 1600.936 1604.042 1607.878 1611.714 1615.549 1618.802 1619.747 1620.691 1621.635 1622.579 1623.824 1625.208 1626.593 1627.977 1629.627 1632.614 1635.601 1638.588 1641.574 1645.729 1650.521 1655.312 1660.103 1664.963 1670.288 1675.612 1680.936 1686.26 1688.729 1689.384 1690.039 1690.694 1690.612 1683.38 1676.149 1668.918 1661.686 1653.989 1645.949 1637.908 1629.867 1622.018 1617.301 1612.583 1607.866 1603.149 1600.744 1600.312 1599.88 1599.448 1599.024 1598.975 1598.926 1598.877 1598.827 1598.718 1598.548 1598.379
1600.378 1598.511 1600.144 1601.777 1603.411 1605.044 1608.914 1613.657 1618.399 1623.142 1627.142 1628.2 1629.258 1630.316 1631.375 1632.763 1634.305 1635.847 1637.389 1639.174 1642.183 1645.191 1648.2 1651.208 1654.654 1658.337 1662.021 1665.704 1669.486 1673.925 1678.364 1682.803 1687.242 1689.181 1689.532 1689.883 1690.234 1689.911 1683.06 1676.209 1669.357 1662.506 1655.192 1647.537 1639.882 1632.227 1624.722 1619.679 1614.636 1609.593 1604.55 1601.852 1601.154 1600.455 1599.757 1599.073 1599.024 1598.975 1598.926 1598.876 1598.77 1598.606 1598.442
1603.639 1601.034 1603.063 1605.093 1607.123 1609.153 1613.786 1619.436 1625.085 1630.734 1635.482 1636.654 1637.826 1638.998 1640.17 1641.703 1643.402 1645.102 1646.801 1648.721 1651.751 1654.782 1657.812 1660.842 1663.578 1666.154 1668.73 1671.305 1674.008 1677.562 1681.116 1684.67 1688.223 1689.633 1689.68 1689.727 1689.774 1689.211 1682.74 1676.268 1669.797 1663.326 1656.396 1649.126 1641.856 1634.587 1627.427 1622.058 1616.689 1611.32 1605.952 1602.959 1601.995 1601.031 1600.067 1599.122 1599.073 1599.024 1598.975 1598.926 1598.821 1598.663 1598.504
1606.9 1603.557 1605.983 1608.409 1610.835 1613.261 1618.659 1625.215 1631.771 1638.327 1643.822 1645.108 1646.394 1647.68 1648.966 1650.642 1652.5 1654.356 1656.213 1658.268 1661.32 1664.372 1667.424 1670.476 1672.503 1673.971 1675.439 1676.907 1678.53 1681.199 1683.868 1686.536 1689.205 1690.085 1689.828 1689.57 1689.313 1688.51 1682.419 1676.328 1670.237 1664.146 1657.599 1650.715 1643.831 1636.947 1630.131 1624.436 1618.742 1613.047 1607.353 1604.067 1602.837 1601.606 1600.376 1599.171 1599.122 1599.073 1599.024 1598.975 1598.873 1598.72 1598.567
1610.161 1606.08 1608.902 1611.725 1614.547 1617.37 1623.531 1630.994 1638.457 1645.92 1652.161 1653.562 1654.962 1656.362 1657.762 1659.582 1661.596 1663.611 1665.625 1667.815 1670.889 1673.963 1677.036 1680.11 1681.427 1681.787 1682.147 1682.508 1683.052 1684.836 1686.62 1688.403 1690.187 1690.537 1689.975 1689.414 1688.853 1687.81 1682.099 1676.388 1670.677 1664.966 1658.802 1652.303 1645.805 1639.306 1632.835 1626.815 1620.795 1614.774 1608.754 1605.174 1603.678 1602.182 1600.686 1599.22 1599.171 1599.122 1599.073 1599.024 1598.925 1598.777 1598.63
1619.825 1615.597 1618.436 1621.275 1624.114 1626.953 1632.997 1640.291 1647.585 1654.879 1660.944 1662.137 1663.331 1664.524 1665.717 1667.283 1669.021 1670.759 1672.498 1674.392 1677.07 1679.748 1682.426 1685.104 1686.243 1686.545 1686.846 1687.148 1687.585 1688.939 1690.292 1691.645 1692.999 1693.048 1692.268 1691.488 1690.708 1689.5 1684.137 1678.774 1673.411 1668.048 1662.081 1655.669 1649.256 1642.843 1636.441 1630.201 1623.962 1617.723 1611.484 1607.527 1605.519 1603.51 1601.502 1599.534 1599.415 1599.297 1599.178 1599.059 1598.942 1598.826 1598.711
1629.583 1625.216 1628.066 1630.916 1633.766 1636.616 1642.53 1649.639 1656.749 1663.859 1669.734 1670.715 1671.696 1672.678 1673.659 1674.965 1676.421 1677.877 1679.333 1680.925 1683.201 1685.477 1687.753 1690.03 1690.999 1691.257 1691.515 1691.773 1692.118 1693.048 1693.978 1694.907 1695.837 1695.589 1694.592 1693.595 1692.598 1691.225 1686.21 1681.194 1676.179 1671.164 1665.391 1659.06 1652.729 1646.397 1640.059 1633.603 1627.146 1620.69 1614.234 1609.899 1607.374 1604.85 1602.326 1599.852 1599.662 1599.473 1599.283 1599.094 1598.958 1598.875 1598.793
1639.341 1634.836 1637.697 1640.557 1643.418 1646.279 1652.063 1658.988 1665.913 1672.838 1678.523 1679.292 1680.062 1680.832 1681.601 1682.647 1683.821 1684.994 1686.168 1687.458 1689.332 1691.206 1693.081 1694.955 1695.755 1695.969 1696.184 1696.399 1696.651 1697.157 1697.663 1698.17 1698.676 1698.13 1696.916 1695.702 1694.488 1692.951 1688.283 1683.615 1678.947 1674.279 1668.701 1662.451 1656.201 1649.952 1643.677 1637.004 1630.33 1623.657 1616.983 1612.27 1609.23 1606.189 1603.149 1600.169 1599.909 1599.649 1599.389 1599.129 1598.975 1598.924 1598.874
1649.099 1644.456 1647.327 1650.199 1653.07 1655.942 1661.597 1668.337 1675.077 1681.818 1687.312 1687.87 1688.428 1688.986 1689.543 1690.329 1691.22 1692.112 1693.003 1693.99 1695.463 1696.936 1698.408 1699.881 1700.511 1700.682 1700.853 1701.024 1701.184 1701.267 1701.349 1701.432 1701.515 1700.671 1699.24 1697.809 1696.377 1694.676 1690.356 1686.035 1681.715 1677.394 1672.01 1665.842 1659.674 1653.506 1647.296 1640.405 1633.514 1626.624 1619.733 1614.641 1611.085 1607.529 1603.973 1600.486 1600.156 1599.825 1599.495 1599.164 1598.991 1598.973 1598.956
1657.772 1653.404 1656.053 1658.703 1661.352 1664.002 1669.224 1675.45 1681.676 1687.902 1692.96 1693.391 1693.821 1694.251 1694.681 1695.3 1696.005 1696.711 1697.417 1698.203 1699.398 1700.593 1701.787 1702.982 1703.524 1703.712 1703.899 1704.086 1704.231 1704.094 1703.956 1703.818 1703.681 1702.704 1701.194 1699.685 1698.175 1696.431 1692.421 1688.411 1684.401 1680.391 1675.164 1669.041 1662.917 1656.792 1650.609 1643.449 1636.289 1629.129 1621.969 1616.53 1612.559 1608.589 1604.619 1600.726 1600.342 1599.958 1599.574 1599.191 1599.0 1599.0 1599.0
1665.153 1661.553 1663.703 1665.853 1668.002 1670.152 1674.582 1679.901 1685.22 1690.54 1694.868 1695.271 1695.675 1696.078 1696.481 1697.043 1697.677 1698.313 1698.948 1699.654 1700.718 1701.782 1702.847 1703.911 1704.464 1704.738 1705.012 1705.286 1705.51 1705.394 1705.278 1705.162 1705.046 1704.131 1702.708 1701.285 1699.863 1698.223 1694.479 1690.735 1686.991 1683.247 1678.133 1672.009 1665.885 1659.761 1653.558 1646.067 1638.576 1631.085 1623.593 1617.843 1613.58 1609.316 1605.053 1600.872 1600.456 1600.04 1599.623 1599.207 1599.0 1599.0 1599.0
1672.535 1669.702 1671.352 1673.003 1674.653 1676.303 1679.94 1684.353 1688.765 1693.177 1696.776 1697.152 1697.528 1697.904 1698.28 1698.785 1699.35 1699.914 1700.478 1701.104 1702.038 1702.972 1703.906 1704.84 1705.403 1705.764 1706.125 1706.486 1706.788 1706.694 1706.6 1706.506 1706.411 1705.558 1704.222 1702.886 1701.55 1700.014 1696.536 1693.058 1689.58 1686.102 1681.102 1674.978 1668.854 1662.729 1656.508 1648.685 1640.863 1633.04 1625.218 1619.157 1614.6 1610.044 1605.487 1601.019 1600.57 1600.121 1599.672 1599.223 1599.0 1599.0 1599.0
1679.916 1677.851 1679.002 1680.152 1681.303 1682.454 1685.298 1688.804 1692.31 1695.815 1698.685 1699.033 1699.382 1699.731 1700.08 1700.528 1701.022 1701.516 1702.009 1702.554 1703.358 1704.162 1704.966 1705.769 1706.343 1706.791 1707.239 1707.686 1708.067 1707.994 1707.922 1707.849 1707.777 1706.985 1705.736 1704.487 1703.238 1701.805 1698.593 1695.381 1692.17 1688.958 1684.07 1677.946 1671.822 1665.698 1659.457 1651.303 1643.15 1634.996 1626.842 1620.471 1615.621 1610.771 1605.921 1601.165 1600.684 1600.202 1599.721 1599.239 1599.0 1599.0 1599.0
1687.298 1686.0 1686.651 1687.302 1687.953 1688.604 1690.657 1693.255 1695.854 1698.453 1700.593 1700.914 1701.236 1701.558 1701.88 1702.271 1702.694 1703.117 1703.54 1704.005 1704.678 1705.352 1706.025 1706.699 1707.282 1707.817 1708.352 1708.886 1709.345 1709.295 1709.244 1709.193 1709.142 1708.412 1707.25 1706.088 1704.926 1703.597 1700.651 1697.705 1694.759 1691.814 1687.039 1680.915 1674.791 1668.667 1662.407 1653.922 1645.437 1636.952 1628.467 1621.785 1616.642 1611.498 1606.355 1601.312 1600.798 1600.284 1599.769 1599.255 1599.0 1599.0 1599.0
1687.799 1687.467 1688.324 1689.18 1690.037 1690.894 1692.663 1694.788 1696.913 1699.038 1700.808 1701.173 1701.538 1701.904 1702.269 1702.701 1703.164 1703.628 1704.091 1704.59 1705.269 1705.948 1706.628 1707.307 1707.909 1708.471 1709.032 1709.593 1710.086 1710.123 1710.159 1710.196 1710.232 1709.576 1708.481 1707.385 1706.29 1705.024 1702.102 1699.181 1696.26 1693.338 1688.487 1682.212 1675.936 1669.661 1663.25 1654.615 1645.981 1637.346 1628.711 1621.94 1616.76 1611.581 1606.401 1601.323 1600.806 1600.289 1599.773 1599.256 1599.0 1599.0 1599.0
