data/zism_data/00611_04_D.txt
ncols         224
nrows         224
[rows 174 to 202 of 224, columns 128 to 191 of 224]
1089.175 1089.533 1089.67 1089.539 1089.407 1089.275 1089.143 1089.092 1089.047 1089.003 1088.959 1088.92 1088.891 1088.862 1088.833 1088.803 1089.144 1089.556 1089.967 1090.378 1090.687 1090.76 1090.834 1090.907 1090.981 1090.998 1090.998 1090.998 1090.998 1091.018 1091.106 1091.194 1091.283 1091.371 1091.462 1091.556 1091.649 1091.742 1091.829 1091.883 1091.937 1091.991 1092.045 1092.193 1092.399 1092.604 1092.81 1092.998 1093.003 1093.008 1093.013 1093.018 1093.026 1093.036 1093.045 1093.055 1093.065 1093.065 1093.065 1093.065 1093.065 1093.065 1093.065 1093.065
1089.783 1090.146 1090.25 1090.037 1089.823 1089.61 1089.396 1089.356 1089.332 1089.308 1089.284 1089.248 1089.193 1089.138 1089.083 1089.028 1089.391 1089.833 1090.276 1090.718 1091.048 1091.123 1091.198 1091.273 1091.348 1091.365 1091.365 1091.365 1091.365 1091.387 1091.484 1091.58 1091.676 1091.772 1091.852 1091.926 1091.999 1092.073 1092.143 1092.193 1092.244 1092.295 1092.346 1092.503 1092.723 1092.943 1093.164 1093.365 1093.365 1093.365 1093.365 1093.365 1093.365 1093.365 1093.365 1093.365 1093.365 1093.365 1093.365 1093.365 1093.365 1093.365 1093.365 1093.365
1090.005 1090.32 1090.433 1090.301 1090.169 1090.036 1089.904 1089.875 1089.857 1089.838 1089.819 1089.761 1089.635 1089.51 1089.385 1089.26 1089.625 1090.083 1090.542 1091.0 1091.347 1091.438 1091.529 1091.62 1091.712 1091.733 1091.733 1091.733 1091.733 1091.75 1091.824 1091.899 1091.973 1092.048 1092.122 1092.195 1092.269 1092.342 1092.416 1092.488 1092.56 1092.633 1092.705 1092.87 1093.09 1093.311 1093.531 1093.733 1093.733 1093.733 1093.733 1093.733 1093.733 1093.733 1093.733 1093.733 1093.733 1093.733 1093.733 1093.733 1093.733 1093.733 1093.733 1093.733
1090.228 1090.494 1090.617 1090.565 1090.514 1090.463 1090.411 1090.395 1090.381 1090.368 1090.355 1090.273 1090.078 1089.882 1089.687 1089.491 1089.859 1090.334 1090.808 1091.283 1091.646 1091.753 1091.861 1091.968 1092.075 1092.1 1092.1 1092.1 1092.1 1092.112 1092.165 1092.218 1092.271 1092.324 1092.391 1092.465 1092.538 1092.612 1092.688 1092.782 1092.876 1092.971 1093.065 1093.237 1093.458 1093.678 1093.899 1094.1 1094.1 1094.1 1094.1 1094.1 1094.1 1094.1 1094.1 1094.1 1094.1 1094.1 1094.1 1094.1 1094.1 1094.1 1094.1 1094.1
1090.45 1090.667 1090.8 1090.83 1090.859 1090.889 1090.919 1090.914 1090.906 1090.898 1090.891 1090.786 1090.52 1090.254 1089.989 1089.723 1090.093 1090.584 1091.075 1091.566 1091.945 1092.068 1092.192 1092.315 1092.439 1092.468 1092.468 1092.468 1092.468 1092.475 1092.506 1092.537 1092.569 1092.6 1092.661 1092.734 1092.808 1092.881 1092.961 1093.077 1093.193 1093.308 1093.424 1093.605 1093.825 1094.046 1094.266 1094.468 1094.468 1094.468 1094.468 1094.468 1094.468 1094.468 1094.468 1094.468 1094.468 1094.468 1094.468 1094.468 1094.468 1094.468 1094.468 1094.468
1090.672 1090.841 1090.984 1091.094 1091.205 1091.315 1091.426 1091.433 1091.431 1091.428 1091.426 1091.298 1090.962 1090.626 1090.29 1089.954 1090.327 1090.834 1091.341 1091.849 1092.244 1092.383 1092.523 1092.663 1092.802 1092.835 1092.835 1092.835 1092.835 1092.837 1092.847 1092.857 1092.866 1092.876 1092.93 1093.004 1093.077 1093.151 1093.234 1093.371 1093.509 1093.646 1093.783 1093.972 1094.193 1094.413 1094.634 1094.835 1094.835 1094.835 1094.835 1094.835 1094.835 1094.835 1094.835 1094.835 1094.835 1094.835 1094.835 1094.835 1094.835 1094.835 1094.835 1094.835
1090.974 1091.121 1091.272 1091.428 1091.584 1091.74 1091.896 1091.915 1091.921 1091.927 1091.933 1091.813 1091.484 1091.155 1090.826 1090.498 1090.845 1091.321 1091.796 1092.272 1092.646 1092.787 1092.928 1093.069 1093.21 1093.256 1093.274 1093.292 1093.31 1093.324 1093.324 1093.324 1093.324 1093.324 1093.369 1093.433 1093.498 1093.562 1093.637 1093.766 1093.896 1094.025 1094.154 1094.334 1094.546 1094.757 1094.969 1095.163 1095.172 1095.181 1095.189 1095.198 1095.202 1095.202 1095.202 1095.202 1095.202 1095.184 1095.166 1095.149 1095.131 1095.121 1095.121 1095.121
1091.342 1091.489 1091.647 1091.819 1091.991 1092.163 1092.335 1092.366 1092.382 1092.399 1092.416 1092.329 1092.07 1091.812 1091.553 1091.295 1091.594 1092.0 1092.405 1092.811 1093.133 1093.263 1093.393 1093.523 1093.654 1093.722 1093.773 1093.823 1093.873 1093.912 1093.912 1093.912 1093.912 1093.912 1093.945 1093.994 1094.042 1094.09 1094.146 1094.243 1094.34 1094.437 1094.533 1094.692 1094.887 1095.082 1095.277 1095.458 1095.483 1095.508 1095.533 1095.558 1095.57 1095.57 1095.57 1095.57 1095.569 1095.519 1095.469 1095.418 1095.368 1095.342 1095.342 1095.342
1091.709 1091.856 1092.022 1092.21 1092.398 1092.587 1092.775 1092.816 1092.844 1092.871 1092.899 1092.845 1092.657 1092.469 1092.28 1092.092 1092.344 1092.679 1093.014 1093.35 1093.619 1093.739 1093.858 1093.977 1094.097 1094.188 1094.271 1094.353 1094.436 1094.5 1094.5 1094.5 1094.5 1094.5 1094.522 1094.554 1094.586 1094.618 1094.656 1094.72 1094.784 1094.849 1094.913 1095.049 1095.228 1095.407 1095.586 1095.753 1095.795 1095.836 1095.877 1095.919 1095.937 1095.937 1095.937 1095.937 1095.936 1095.853 1095.771 1095.688 1095.605 1095.562 1095.562 1095.562
1092.077 1092.224 1092.396 1092.601 1092.805 1093.01 1093.214 1093.267 1093.306 1093.344 1093.382 1093.362 1093.243 1093.125 1093.007 1092.889 1093.093 1093.358 1093.623 1093.888 1094.106 1094.214 1094.323 1094.432 1094.54 1094.654 1094.769 1094.884 1094.999 1095.087 1095.087 1095.087 1095.087 1095.087 1095.099 1095.115 1095.13 1095.146 1095.165 1095.197 1095.229 1095.261 1095.293 1095.406 1095.569 1095.732 1095.895 1096.049 1096.106 1096.164 1096.221 1096.279 1096.305 1096.305 1096.305 1096.305 1096.303 1096.188 1096.073 1095.958 1095.843 1095.783 1095.783 1095.783
1092.444 1092.591 1092.771 1092.991 1093.211 1093.432 1093.652 1093.716 1093.765 1093.814 1093.863 1093.875 1093.826 1093.777 1093.729 1093.68 1093.837 1094.033 1094.228 1094.424 1094.59 1094.688 1094.786 1094.885 1094.983 1095.118 1095.265 1095.412 1095.559 1095.672 1095.672 1095.671 1095.671 1095.67 1095.67 1095.67 1095.669 1095.669 1095.669 1095.669 1095.67 1095.67 1095.671 1095.763 1095.91 1096.057 1096.204 1096.345 1096.418 1096.492 1096.565 1096.639 1096.671 1096.671 1096.67 1096.669 1096.667 1096.52 1096.374 1096.227 1096.081 1096.004 1096.004 1096.004
1092.786 1092.949 1093.131 1093.335 1093.539 1093.743 1093.947 1094.015 1094.069 1094.124 1094.178 1094.198 1094.16 1094.122 1094.083 1094.046 1094.2 1094.39 1094.58 1094.771 1094.935 1095.038 1095.142 1095.245 1095.349 1095.486 1095.633 1095.78 1095.927 1096.032 1095.999 1095.966 1095.933 1095.9 1095.879 1095.863 1095.846 1095.83 1095.821 1095.854 1095.887 1095.92 1095.953 1096.067 1096.23 1096.393 1096.557 1096.712 1096.78 1096.848 1096.916 1096.984 1096.99 1096.947 1096.903 1096.859 1096.814 1096.7 1096.586 1096.472 1096.358 1096.298 1096.298 1096.298
1093.128 1093.308 1093.491 1093.679 1093.867 1094.055 1094.243 1094.313 1094.373 1094.433 1094.493 1094.52 1094.493 1094.466 1094.438 1094.411 1094.562 1094.747 1094.932 1095.118 1095.279 1095.388 1095.497 1095.606 1095.715 1095.853 1096.0 1096.147 1096.294 1096.392 1096.326 1096.261 1096.196 1096.131 1096.088 1096.055 1096.023 1095.99 1095.973 1096.038 1096.104 1096.169 1096.234 1096.371 1096.55 1096.73 1096.909 1097.079 1097.141 1097.204 1097.267 1097.329 1097.31 1097.223 1097.135 1097.048 1096.962 1096.88 1096.798 1096.716 1096.635 1096.592 1096.592 1096.592
1093.471 1093.666 1093.851 1094.023 1094.195 1094.366 1094.538 1094.612 1094.678 1094.743 1094.808 1094.843 1094.826 1094.81 1094.793 1094.777 1094.925 1095.105 1095.285 1095.464 1095.624 1095.738 1095.853 1095.967 1096.081 1096.22 1096.367 1096.514 1096.661 1096.752 1096.654 1096.556 1096.459 1096.361 1096.297 1096.248 1096.2 1096.151 1096.125 1096.223 1096.321 1096.418 1096.516 1096.675 1096.87 1097.066 1097.262 1097.446 1097.503 1097.56 1097.617 1097.675 1097.629 1097.498 1097.368 1097.238 1097.109 1097.06 1097.01 1096.961 1096.912 1096.886 1096.886 1096.886
1093.813 1094.025 1094.211 1094.367 1094.522 1094.678 1094.833 1094.911 1094.982 1095.052 1095.123 1095.165 1095.159 1095.154 1095.148 1095.142 1095.288 1095.462 1095.637 1095.811 1095.969 1096.088 1096.208 1096.328 1096.447 1096.588 1096.735 1096.882 1097.029 1097.111 1096.981 1096.851 1096.721 1096.591 1096.506 1096.441 1096.376 1096.311 1096.277 1096.407 1096.537 1096.668 1096.798 1096.979 1097.191 1097.403 1097.615 1097.813 1097.865 1097.916 1097.968 1098.02 1097.948 1097.774 1097.601 1097.427 1097.256 1097.24 1097.223 1097.206 1097.189 1097.18 1097.18 1097.18
1094.143 1094.379 1094.575 1094.722 1094.869 1095.016 1095.163 1095.25 1095.331 1095.412 1095.494 1095.55 1095.565 1095.581 1095.596 1095.612 1095.743 1095.897 1096.05 1096.203 1096.346 1096.463 1096.581 1096.698 1096.815 1096.955 1097.102 1097.249 1097.396 1097.475 1097.328 1097.181 1097.034 1096.887 1096.791 1096.718 1096.644 1096.571 1096.53 1096.661 1096.793 1096.924 1097.056 1097.243 1097.463 1097.684 1097.904 1098.109 1098.153 1098.197 1098.241 1098.285 1098.208 1098.032 1097.857 1097.682 1097.509 1097.493 1097.478 1097.462 1097.447 1097.446 1097.462 1097.477
1094.46 1094.729 1094.942 1095.089 1095.236 1095.383 1095.53 1095.632 1095.729 1095.827 1095.924 1096.003 1096.051 1096.099 1096.147 1096.195 1096.299 1096.415 1096.531 1096.646 1096.759 1096.866 1096.972 1097.079 1097.185 1097.323 1097.47 1097.617 1097.764 1097.842 1097.695 1097.548 1097.401 1097.255 1097.159 1097.085 1097.012 1096.938 1096.892 1096.991 1097.09 1097.189 1097.289 1097.463 1097.684 1097.904 1098.125 1098.329 1098.362 1098.395 1098.428 1098.461 1098.403 1098.271 1098.139 1098.007 1097.876 1097.828 1097.78 1097.732 1097.684 1097.682 1097.73 1097.778
1094.777 1095.078 1095.31 1095.457 1095.604 1095.751 1095.898 1096.014 1096.128 1096.242 1096.355 1096.456 1096.536 1096.617 1096.697 1096.777 1096.856 1096.933 1097.011 1097.089 1097.172 1097.268 1097.364 1097.459 1097.555 1097.69 1097.837 1097.984 1098.131 1098.21 1098.063 1097.916 1097.769 1097.622 1097.526 1097.453 1097.379 1097.306 1097.255 1097.321 1097.388 1097.454 1097.521 1097.684 1097.904 1098.125 1098.345 1098.548 1098.57 1098.593 1098.615 1098.637 1098.598 1098.509 1098.42 1098.331 1098.243 1098.162 1098.082 1098.002 1097.922 1097.918 1097.998 1098.079
1095.095 1095.428 1095.677 1095.824 1095.971 1096.118 1096.265 1096.396 1096.526 1096.656 1096.786 1096.909 1097.022 1097.135 1097.247 1097.36 1097.412 1097.452 1097.492 1097.532 1097.585 1097.67 1097.755 1097.84 1097.925 1098.057 1098.204 1098.351 1098.498 1098.577 1098.43 1098.283 1098.136 1097.989 1097.894 1097.82 1097.747 1097.673 1097.617 1097.651 1097.685 1097.72 1097.754 1097.904 1098.125 1098.345 1098.566 1098.768 1098.779 1098.791 1098.802 1098.813 1098.793 1098.748 1098.702 1098.656 1098.61 1098.497 1098.384 1098.272 1098.159 1098.154 1098.267 1098.379
1095.412 1095.777 1096.045 1096.192 1096.339 1096.486 1096.633 1096.779 1096.925 1097.071 1097.217 1097.362 1097.508 1097.653 1097.798 1097.943 1097.968 1097.97 1097.972 1097.974 1097.998 1098.073 1098.147 1098.221 1098.295 1098.425 1098.572 1098.719 1098.866 1098.945 1098.798 1098.651 1098.504 1098.357 1098.261 1098.188 1098.114 1098.041 1097.979 1097.981 1097.983 1097.985 1097.987 1098.125 1098.345 1098.566 1098.786 1098.987 1098.988 1098.989 1098.989 1098.99 1098.989 1098.986 1098.984 1098.981 1098.977 1098.832 1098.686 1098.541 1098.396 1098.39 1098.535 1098.68
1095.685 1096.022 1096.278 1096.435 1096.593 1096.75 1096.907 1097.064 1097.221 1097.378 1097.535 1097.681 1097.808 1097.934 1098.061 1098.188 1098.208 1098.208 1098.208 1098.208 1098.225 1098.284 1098.342 1098.4 1098.458 1098.585 1098.732 1098.879 1099.026 1099.104 1098.957 1098.81 1098.663 1098.516 1098.431 1098.373 1098.315 1098.257 1098.208 1098.208 1098.208 1098.208 1098.208 1098.329 1098.524 1098.719 1098.914 1099.092 1099.092 1099.092 1099.092 1099.092 1099.081 1099.061 1099.04 1099.02 1098.998 1098.882 1098.765 1098.649 1098.533 1098.527 1098.644 1098.76
1095.956 1096.26 1096.504 1096.672 1096.839 1097.007 1097.175 1097.343 1097.511 1097.679 1097.847 1097.991 1098.096 1098.201 1098.306 1098.411 1098.428 1098.428 1098.428 1098.428 1098.441 1098.483 1098.525 1098.567 1098.609 1098.732 1098.879 1099.026 1099.173 1099.251 1099.104 1098.957 1098.81 1098.663 1098.589 1098.547 1098.505 1098.464 1098.428 1098.428 1098.428 1098.428 1098.428 1098.533 1098.701 1098.869 1099.037 1099.19 1099.19 1099.19 1099.19 1099.19 1099.167 1099.125 1099.083 1099.041 1098.999 1098.915 1098.831 1098.747 1098.663 1098.659 1098.743 1098.827
1096.227 1096.499 1096.729 1096.908 1097.086 1097.265 1097.444 1097.623 1097.801 1097.98 1098.159 1098.302 1098.385 1098.469 1098.552 1098.635 1098.649 1098.649 1098.649 1098.649 1098.656 1098.682 1098.708 1098.734 1098.76 1098.879 1099.026 1099.173 1099.32 1099.398 1099.251 1099.104 1098.957 1098.81 1098.748 1098.722 1098.696 1098.67 1098.649 1098.649 1098.649 1098.649 1098.649 1098.736 1098.877 1099.018 1099.16 1099.288 1099.288 1099.288 1099.288 1099.288 1099.253 1099.19 1099.126 1099.063 1098.999 1098.948 1098.896 1098.844 1098.793 1098.79 1098.842 1098.894
1096.497 1096.737 1096.954 1097.144 1097.333 1097.523 1097.712 1097.902 1098.091 1098.281 1098.47 1098.612 1098.674 1098.735 1098.797 1098.859 1098.869 1098.869 1098.869 1098.869 1098.872 1098.882 1098.891 1098.901 1098.91 1099.026 1099.173 1099.32 1099.467 1099.545 1099.398 1099.251 1099.104 1098.957 1098.906 1098.896 1098.887 1098.877 1098.869 1098.869 1098.869 1098.869 1098.869 1098.94 1099.054 1099.168 1099.282 1099.386 1099.386 1099.386 1099.386 1099.386 1099.339 1099.254 1099.169 1099.084 1099.0 1098.98 1098.961 1098.942 1098.923 1098.922 1098.941 1098.96
1096.784 1097.0 1097.205 1097.397 1097.589 1097.78 1097.972 1098.153 1098.334 1098.514 1098.695 1098.831 1098.893 1098.955 1099.017 1099.08 1099.089 1099.089 1099.089 1099.089 1099.089 1099.089 1099.089 1099.089 1099.089 1099.192 1099.326 1099.46 1099.594 1099.666 1099.532 1099.398 1099.264 1099.13 1099.086 1099.082 1099.078 1099.073 1099.068 1099.059 1099.051 1099.042 1099.033 1099.091 1099.189 1099.287 1099.385 1099.475 1099.479 1099.483 1099.488 1099.492 1099.445 1099.356 1099.267 1099.177 1099.089 1099.076 1099.063 1099.05 1099.037 1099.03 1099.03 1099.03
1097.095 1097.3 1097.494 1097.675 1097.856 1098.037 1098.218 1098.364 1098.506 1098.649 1098.792 1098.917 1099.011 1099.106 1099.2 1099.295 1099.31 1099.31 1099.31 1099.31 1099.31 1099.31 1099.31 1099.31 1099.31 1099.388 1099.489 1099.591 1099.692 1099.746 1099.645 1099.544 1099.442 1099.341 1099.299 1099.284 1099.269 1099.254 1099.236 1099.206 1099.175 1099.145 1099.115 1099.164 1099.262 1099.36 1099.458 1099.549 1099.564 1099.579 1099.595 1099.61 1099.579 1099.512 1099.444 1099.377 1099.309 1099.264 1099.218 1099.173 1099.127 1099.103 1099.103 1099.103
1097.406 1097.6 1097.783 1097.953 1098.123 1098.293 1098.463 1098.574 1098.679 1098.784 1098.889 1099.002 1099.129 1099.256 1099.383 1099.51 1099.53 1099.53 1099.53 1099.53 1099.53 1099.53 1099.53 1099.53 1099.53 1099.583 1099.652 1099.721 1099.79 1099.828 1099.758 1099.689 1099.62 1099.551 1099.512 1099.486 1099.46 1099.434 1099.404 1099.352 1099.3 1099.248 1099.196 1099.238 1099.336 1099.434 1099.532 1099.623 1099.649 1099.675 1099.701 1099.727 1099.714 1099.668 1099.622 1099.576 1099.529 1099.451 1099.373 1099.295 1099.217 1099.177 1099.177 1099.177
1097.716 1097.9 1098.073 1098.232 1098.391 1098.55 1098.709 1098.785 1098.852 1098.919 1098.986 1099.088 1099.247 1099.407 1099.566 1099.725 1099.751 1099.751 1099.751 1099.751 1099.751 1099.751 1099.751 1099.751 1099.751 1099.779 1099.816 1099.852 1099.889 1099.908 1099.872 1099.835 1099.799 1099.762 1099.725 1099.688 1099.652 1099.615 1099.572 1099.499 1099.425 1099.351 1099.278 1099.311 1099.409 1099.507 1099.605 1099.698 1099.735 1099.771 1099.808 1099.845 1099.848 1099.824 1099.799 1099.775 1099.749 1099.639 1099.528 1099.418 1099.308 1099.25 1099.25 1099.25
1098.027 1098.2 1098.362 1098.51 1098.658 1098.807 1098.955 1098.995 1099.024 1099.054 1099.083 1099.174 1099.365 1099.557 1099.749 1099.941 1099.971 1099.971 1099.971 1099.971 1099.971 1099.971 1099.971 1099.971 1099.971 1099.974 1099.979 1099.983 1099.987 1099.989 1099.985 1099.981 1099.977 1099.973 1099.938 1099.891 1099.843 1099.795 1099.74 1099.645 1099.55 1099.455 1099.359 1099.385 1099.483 1099.581 1099.679 1099.772 1099.82 1099.867 1099.915 1099.963 1099.982 1099.98 1099.977 1099.974 1099.969 1099.826 1099.684 1099.541 1099.398 1099.324 1099.324 1099.324
