data/zism_data/00615_04_D.txt
ncols         224
nrows         224
[rows 168 to 195 of 224, columns 0 to 63 of 224]
1501.451 1500.879 1500.307 1500.0 1500.0 1500.0 1500.0 1500.0 1500.261 1500.542 1500.824 1501.105 1501.85 1503.316 1504.782 1506.248 1507.714 1509.744 1511.87 1513.997 1516.123 1518.204 1520.188 1522.172 1524.155 1526.139 1527.041 1527.641 1528.242 1528.842 1529.476 1530.21 1530.945 1531.68 1532.415 1532.832 1533.12 1533.407 1533.695 1533.805 1533.072 1532.339 1531.606 1530.873 1530.218 1529.606 1528.995 1528.384 1527.81 1527.569 1527.329 1527.088 1526.847 1526.751 1526.767 1526.783 1526.799 1526.815 1526.845 1526.874 1526.904 1526.934 1526.975 1527.028
1501.524 1500.923 1500.322 1500.01 1500.032 1500.054 1500.076 1500.097 1500.57 1501.077 1501.585 1502.093 1503.049 1504.703 1506.356 1508.01 1509.664 1511.751 1513.911 1516.071 1518.23 1520.319 1522.255 1524.191 1526.127 1528.063 1528.964 1529.578 1530.192 1530.806 1531.443 1532.147 1532.851 1533.556 1534.26 1534.63 1534.862 1535.095 1535.328 1535.382 1534.588 1533.794 1533.0 1532.206 1531.522 1530.901 1530.28 1529.658 1529.073 1528.807 1528.54 1528.273 1528.006 1527.89 1527.89 1527.89 1527.89 1527.891 1527.906 1527.922 1527.938 1527.954 1527.958 1527.95
1501.565 1500.948 1500.331 1500.023 1500.072 1500.12 1500.169 1500.218 1500.939 1501.711 1502.484 1503.257 1504.44 1506.262 1508.084 1509.905 1511.727 1513.842 1516.008 1518.173 1520.338 1522.412 1524.288 1526.165 1528.041 1529.917 1530.831 1531.478 1532.124 1532.771 1533.422 1534.089 1534.755 1535.422 1536.088 1536.393 1536.55 1536.707 1536.864 1536.848 1536.01 1535.173 1534.336 1533.498 1532.792 1532.16 1531.528 1530.896 1530.298 1530.004 1529.711 1529.417 1529.123 1528.995 1528.995 1528.995 1528.995 1528.995 1529.0 1529.005 1529.01 1529.015 1528.979 1528.901
1501.606 1500.973 1500.34 1500.035 1500.111 1500.187 1500.263 1500.339 1501.307 1502.345 1503.384 1504.422 1505.832 1507.821 1509.811 1511.8 1513.789 1515.934 1518.105 1520.276 1522.446 1524.504 1526.321 1528.138 1529.955 1531.772 1532.698 1533.377 1534.056 1534.735 1535.402 1536.03 1536.659 1537.287 1537.916 1538.156 1538.237 1538.318 1538.4 1538.314 1537.433 1536.552 1535.671 1534.791 1534.062 1533.419 1532.776 1532.133 1531.523 1531.202 1530.881 1530.561 1530.24 1530.1 1530.1 1530.1 1530.1 1530.1 1530.094 1530.088 1530.082 1530.076 1530.0 1529.852
1501.648 1500.998 1500.348 1500.048 1500.151 1500.254 1500.357 1500.46 1501.676 1502.979 1504.283 1505.586 1507.224 1509.381 1511.538 1513.695 1515.852 1518.026 1520.202 1522.378 1524.554 1526.597 1528.354 1530.112 1531.869 1533.626 1534.565 1535.277 1535.988 1536.7 1537.381 1537.972 1538.563 1539.153 1539.744 1539.919 1539.925 1539.93 1539.936 1539.779 1538.855 1537.931 1537.007 1536.083 1535.331 1534.678 1534.024 1533.371 1532.748 1532.4 1532.052 1531.704 1531.356 1531.205 1531.205 1531.205 1531.205 1531.205 1531.188 1531.171 1531.155 1531.138 1531.021 1530.803
1501.643 1500.995 1500.347 1500.074 1500.235 1500.395 1500.556 1500.716 1502.138 1503.658 1505.178 1506.698 1508.516 1510.798 1513.081 1515.363 1517.646 1519.842 1522.023 1524.205 1526.387 1528.426 1530.162 1531.898 1533.634 1535.369 1536.343 1537.105 1537.867 1538.63 1539.336 1539.874 1540.412 1540.949 1541.487 1541.59 1541.517 1541.444 1541.371 1541.144 1540.189 1539.233 1538.278 1537.323 1536.555 1535.894 1535.232 1534.571 1533.939 1533.572 1533.205 1532.837 1532.47 1532.31 1532.31 1532.31 1532.31 1532.309 1532.268 1532.226 1532.185 1532.144 1531.987 1531.712
1501.519 1500.92 1500.321 1500.137 1500.433 1500.729 1501.025 1501.32 1502.837 1504.449 1506.061 1507.673 1509.553 1511.852 1514.151 1516.449 1518.748 1520.951 1523.138 1525.325 1527.512 1529.58 1531.391 1533.203 1535.015 1536.826 1537.893 1538.752 1539.612 1540.471 1541.229 1541.675 1542.12 1542.566 1543.011 1543.027 1542.867 1542.707 1542.547 1542.249 1541.294 1540.338 1539.383 1538.428 1537.66 1536.999 1536.337 1535.676 1535.044 1534.677 1534.309 1533.942 1533.575 1533.415 1533.415 1533.415 1533.415 1533.412 1533.311 1533.211 1533.11 1533.009 1532.812 1532.514
1501.396 1500.845 1500.295 1500.2 1500.631 1501.062 1501.493 1501.924 1503.536 1505.24 1506.944 1508.648 1510.591 1512.906 1515.221 1517.536 1519.851 1522.061 1524.253 1526.446 1528.638 1530.733 1532.621 1534.508 1536.396 1538.283 1539.442 1540.399 1541.356 1542.313 1543.121 1543.475 1543.829 1544.182 1544.536 1544.463 1544.217 1543.97 1543.724 1543.354 1542.398 1541.443 1540.488 1539.533 1538.765 1538.104 1537.442 1536.781 1536.149 1535.782 1535.414 1535.047 1534.68 1534.52 1534.52 1534.52 1534.52 1534.515 1534.355 1534.195 1534.034 1533.874 1533.636 1533.317
1501.272 1500.771 1500.269 1500.263 1500.829 1501.396 1501.962 1502.528 1504.235 1506.031 1507.827 1509.623 1511.629 1513.96 1516.291 1518.622 1520.953 1523.171 1525.368 1527.566 1529.764 1531.887 1533.85 1535.813 1537.776 1539.74 1540.992 1542.046 1543.1 1544.155 1545.014 1545.276 1545.537 1545.799 1546.06 1545.899 1545.566 1545.233 1544.9 1544.459 1543.503 1542.548 1541.593 1540.638 1539.87 1539.208 1538.547 1537.886 1537.254 1536.887 1536.519 1536.152 1535.785 1535.625 1535.625 1535.625 1535.625 1535.618 1535.399 1535.179 1534.959 1534.739 1534.46 1534.119
1501.148 1500.696 1500.243 1500.325 1501.027 1501.729 1502.431 1503.132 1504.935 1506.823 1508.711 1510.599 1512.666 1515.014 1517.361 1519.708 1522.056 1524.28 1526.483 1528.687 1530.89 1533.041 1535.08 1537.119 1539.157 1541.196 1542.541 1543.693 1544.845 1545.997 1546.906 1547.076 1547.245 1547.415 1547.584 1547.336 1546.916 1546.496 1546.076 1545.564 1544.608 1543.653 1542.698 1541.743 1540.975 1540.313 1539.652 1538.991 1538.359 1537.992 1537.624 1537.257 1536.89 1536.73 1536.73 1536.73 1536.73 1536.722 1536.442 1536.163 1535.884 1535.604 1535.284 1534.922
1501.468 1501.036 1500.603 1500.736 1501.524 1502.313 1503.1 1503.888 1505.706 1507.604 1509.503 1511.401 1513.446 1515.72 1517.994 1520.267 1522.541 1524.742 1526.93 1529.118 1531.306 1533.455 1535.521 1537.587 1539.652 1541.718 1543.116 1544.328 1545.541 1546.753 1547.702 1547.845 1547.988 1548.131 1548.274 1548.023 1547.61 1547.198 1546.786 1546.29 1545.396 1544.502 1543.608 1542.714 1541.968 1541.307 1540.646 1539.984 1539.355 1539.012 1538.669 1538.327 1537.984 1537.812 1537.771 1537.73 1537.689 1537.64 1537.317 1536.995 1536.672 1536.35 1535.991 1535.595
1501.932 1501.51 1501.088 1501.26 1502.119 1502.977 1503.835 1504.694 1506.502 1508.384 1510.266 1512.147 1514.143 1516.313 1518.484 1520.655 1522.826 1524.993 1527.16 1529.326 1531.493 1533.631 1535.707 1537.784 1539.86 1541.937 1543.375 1544.636 1545.897 1547.159 1548.143 1548.28 1548.418 1548.555 1548.693 1548.467 1548.093 1547.718 1547.344 1546.893 1546.08 1545.268 1544.455 1543.642 1542.926 1542.265 1541.603 1540.942 1540.316 1540.006 1539.695 1539.385 1539.075 1538.886 1538.791 1538.696 1538.601 1538.498 1538.138 1537.777 1537.417 1537.056 1536.66 1536.226
1502.396 1501.985 1501.573 1501.784 1502.713 1503.641 1504.57 1505.499 1507.297 1509.162 1511.028 1512.894 1514.839 1516.907 1518.975 1521.043 1523.111 1525.245 1527.39 1529.535 1531.679 1533.806 1535.893 1537.981 1540.068 1542.155 1543.634 1544.944 1546.254 1547.564 1548.584 1548.716 1548.848 1548.98 1549.112 1548.911 1548.575 1548.238 1547.902 1547.496 1546.765 1546.033 1545.302 1544.57 1543.884 1543.222 1542.561 1541.9 1541.277 1540.999 1540.721 1540.443 1540.165 1539.96 1539.811 1539.662 1539.513 1539.356 1538.958 1538.56 1538.161 1537.763 1537.328 1536.857
1502.859 1502.459 1502.059 1502.307 1503.307 1504.306 1505.305 1506.304 1508.092 1509.942 1511.791 1513.641 1515.535 1517.5 1519.466 1521.431 1523.396 1525.496 1527.62 1529.743 1531.866 1533.981 1536.079 1538.178 1540.276 1542.374 1543.893 1545.252 1546.61 1547.969 1549.024 1549.151 1549.278 1549.404 1549.531 1549.356 1549.057 1548.758 1548.46 1548.1 1547.45 1546.799 1546.149 1545.499 1544.841 1544.18 1543.519 1542.857 1542.238 1541.993 1541.747 1541.502 1541.256 1541.035 1540.831 1540.628 1540.425 1540.215 1539.778 1539.342 1538.906 1538.47 1537.997 1537.488
1503.468 1503.075 1502.682 1502.958 1504.007 1505.057 1506.106 1507.156 1508.934 1510.768 1512.603 1514.437 1516.289 1518.169 1520.049 1521.929 1523.808 1525.867 1527.956 1530.046 1532.135 1534.22 1536.298 1538.376 1540.454 1542.531 1544.067 1545.452 1546.837 1548.222 1549.297 1549.424 1549.552 1549.679 1549.807 1549.67 1549.426 1549.181 1548.936 1548.635 1548.062 1547.489 1546.916 1546.343 1545.726 1545.083 1544.441 1543.798 1543.198 1542.982 1542.765 1542.548 1542.332 1542.091 1541.831 1541.571 1541.311 1541.045 1540.574 1540.104 1539.634 1539.163 1538.654 1538.105
1504.562 1504.164 1503.765 1504.031 1505.064 1506.097 1507.13 1508.164 1509.93 1511.754 1513.578 1515.401 1517.236 1519.089 1520.942 1522.795 1524.647 1526.637 1528.651 1530.664 1532.677 1534.672 1536.625 1538.578 1540.531 1542.485 1543.955 1545.291 1546.628 1547.964 1549.007 1549.157 1549.306 1549.455 1549.604 1549.551 1549.414 1549.278 1549.142 1548.941 1548.433 1547.925 1547.417 1546.909 1546.367 1545.806 1545.244 1544.683 1544.158 1543.957 1543.757 1543.556 1543.356 1543.085 1542.76 1542.435 1542.111 1541.781 1541.289 1540.797 1540.305 1539.813 1539.271 1538.679
1505.656 1505.252 1504.848 1505.103 1506.12 1507.138 1508.155 1509.172 1510.927 1512.74 1514.553 1516.365 1518.183 1520.009 1521.835 1523.66 1525.486 1527.407 1529.345 1531.282 1533.22 1535.123 1536.952 1538.781 1540.609 1542.438 1543.843 1545.131 1546.418 1547.706 1548.718 1548.889 1549.06 1549.231 1549.401 1549.431 1549.403 1549.375 1549.347 1549.247 1548.804 1548.361 1547.918 1547.475 1547.008 1546.528 1546.047 1545.567 1545.117 1544.933 1544.749 1544.564 1544.38 1544.08 1543.69 1543.3 1542.91 1542.517 1542.003 1541.49 1540.976 1540.462 1539.888 1539.253
1506.75 1506.341 1505.932 1506.176 1507.177 1508.178 1509.179 1510.18 1511.924 1513.726 1515.528 1517.33 1519.13 1520.929 1522.728 1524.526 1526.325 1528.177 1530.039 1531.901 1533.763 1535.574 1537.279 1538.983 1540.687 1542.392 1543.732 1544.97 1546.209 1547.448 1548.429 1548.621 1548.814 1549.006 1549.199 1549.311 1549.392 1549.472 1549.552 1549.553 1549.175 1548.797 1548.419 1548.041 1547.649 1547.25 1546.851 1546.452 1546.076 1545.908 1545.74 1545.572 1545.404 1545.074 1544.619 1544.165 1543.71 1543.253 1542.718 1542.182 1541.647 1541.111 1540.505 1539.827
1507.844 1507.43 1507.015 1507.249 1508.234 1509.218 1510.203 1511.188 1512.92 1514.711 1516.503 1518.294 1520.077 1521.849 1523.62 1525.392 1527.163 1528.947 1530.733 1532.519 1534.305 1536.026 1537.605 1539.185 1540.765 1542.345 1543.62 1544.81 1546.0 1547.19 1548.14 1548.354 1548.568 1548.782 1548.996 1549.192 1549.38 1549.569 1549.757 1549.859 1549.546 1549.233 1548.919 1548.606 1548.29 1547.972 1547.654 1547.336 1547.035 1546.884 1546.732 1546.58 1546.428 1546.069 1545.549 1545.029 1544.51 1543.989 1543.432 1542.875 1542.318 1541.761 1541.123 1540.401
1508.961 1508.553 1508.144 1508.356 1509.286 1510.217 1511.147 1512.077 1513.725 1515.429 1517.133 1518.837 1520.556 1522.296 1524.037 1525.777 1527.518 1529.249 1530.978 1532.708 1534.437 1536.092 1537.59 1539.087 1540.584 1542.082 1543.318 1544.482 1545.647 1546.811 1547.76 1548.049 1548.338 1548.627 1548.916 1549.156 1549.377 1549.597 1549.818 1549.957 1549.709 1549.461 1549.213 1548.964 1548.694 1548.412 1548.129 1547.847 1547.58 1547.456 1547.332 1547.208 1547.084 1546.728 1546.193 1545.658 1545.123 1544.587 1544.031 1543.476 1542.92 1542.364 1541.703 1540.934
1510.088 1509.69 1509.292 1509.478 1510.337 1511.197 1512.057 1512.917 1514.449 1516.034 1517.619 1519.204 1520.838 1522.546 1524.254 1525.962 1527.67 1529.355 1531.035 1532.716 1534.396 1535.998 1537.43 1538.863 1540.295 1541.727 1542.937 1544.085 1545.233 1546.381 1547.342 1547.728 1548.115 1548.501 1548.888 1549.156 1549.377 1549.597 1549.818 1549.968 1549.785 1549.602 1549.419 1549.235 1548.999 1548.733 1548.467 1548.201 1547.952 1547.86 1547.769 1547.677 1547.586 1547.246 1546.717 1546.187 1545.658 1545.128 1544.583 1544.038 1543.493 1542.948 1542.268 1541.451
1511.215 1510.828 1510.44 1510.599 1511.388 1512.178 1512.967 1513.757 1515.174 1516.64 1518.105 1519.571 1521.119 1522.795 1524.471 1526.146 1527.822 1529.46 1531.092 1532.724 1534.356 1535.904 1537.271 1538.638 1540.006 1541.373 1542.556 1543.688 1544.82 1545.951 1546.924 1547.408 1547.892 1548.376 1548.86 1549.156 1549.377 1549.597 1549.818 1549.979 1549.861 1549.743 1549.625 1549.507 1549.304 1549.054 1548.804 1548.554 1548.324 1548.265 1548.205 1548.146 1548.087 1547.765 1547.241 1546.717 1546.193 1545.668 1545.134 1544.6 1544.066 1543.532 1542.834 1541.967
1512.341 1511.965 1511.589 1511.72 1512.439 1513.159 1513.878 1514.597 1515.898 1517.245 1518.592 1519.938 1521.401 1523.045 1524.688 1526.331 1527.974 1529.566 1531.149 1532.732 1534.316 1535.809 1537.112 1538.414 1539.716 1541.019 1542.175 1543.291 1544.406 1545.522 1546.506 1547.087 1547.669 1548.25 1548.831 1549.156 1549.377 1549.597 1549.818 1549.991 1549.938 1549.884 1549.831 1549.778 1549.609 1549.375 1549.142 1548.908 1548.695 1548.669 1548.642 1548.615 1548.589 1548.284 1547.765 1547.246 1546.727 1546.208 1545.685 1545.162 1544.639 1544.115 1543.399 1542.484
1513.445 1513.082 1512.718 1512.821 1513.464 1514.107 1514.75 1515.393 1516.582 1517.813 1519.045 1520.277 1521.657 1523.267 1524.878 1526.489 1528.1 1529.65 1531.19 1532.731 1534.271 1535.717 1536.96 1538.203 1539.447 1540.69 1541.823 1542.925 1544.027 1545.13 1546.124 1546.788 1547.452 1548.117 1548.781 1549.128 1549.345 1549.563 1549.781 1549.96 1549.96 1549.96 1549.96 1549.96 1549.827 1549.618 1549.41 1549.201 1549.013 1549.01 1549.007 1549.004 1549.001 1548.718 1548.218 1547.718 1547.218 1546.718 1546.195 1545.672 1545.148 1544.625 1543.886 1542.925
1514.446 1514.104 1513.762 1513.829 1514.37 1514.91 1515.45 1515.99 1517.081 1518.215 1519.349 1520.483 1521.791 1523.37 1524.948 1526.526 1528.104 1529.636 1531.16 1532.684 1534.208 1535.633 1536.844 1538.054 1539.265 1540.476 1541.602 1542.704 1543.806 1544.908 1545.907 1546.587 1547.268 1547.948 1548.629 1548.969 1549.17 1549.372 1549.573 1549.739 1549.739 1549.739 1549.739 1549.739 1549.648 1549.504 1549.36 1549.216 1549.085 1549.066 1549.047 1549.027 1549.008 1548.763 1548.345 1547.926 1547.508 1547.085 1546.513 1545.941 1545.369 1544.797 1544.017 1543.024
1515.447 1515.127 1514.807 1514.838 1515.275 1515.712 1516.149 1516.586 1517.58 1518.616 1519.653 1520.69 1521.926 1523.472 1525.018 1526.563 1528.109 1529.622 1531.13 1532.638 1534.146 1535.549 1536.727 1537.905 1539.084 1540.262 1541.381 1542.483 1543.585 1544.688 1545.69 1546.387 1547.083 1547.78 1548.477 1548.81 1548.995 1549.18 1549.365 1549.518 1549.518 1549.518 1549.518 1549.518 1549.468 1549.389 1549.31 1549.231 1549.157 1549.122 1549.086 1549.051 1549.015 1548.809 1548.472 1548.135 1547.797 1547.452 1546.831 1546.21 1545.59 1544.969 1544.149 1543.123
1516.448 1516.149 1515.851 1515.846 1516.18 1516.514 1516.849 1517.183 1518.079 1519.018 1519.957 1520.897 1522.061 1523.574 1525.087 1526.6 1528.114 1529.609 1531.1 1532.592 1534.083 1535.465 1536.61 1537.756 1538.902 1540.048 1541.16 1542.262 1543.364 1544.467 1545.473 1546.186 1546.899 1547.612 1548.325 1548.651 1548.82 1548.989 1549.158 1549.297 1549.297 1549.297 1549.297 1549.297 1549.288 1549.275 1549.261 1549.247 1549.229 1549.177 1549.126 1549.074 1549.022 1548.855 1548.599 1548.343 1548.087 1547.818 1547.149 1546.48 1545.811 1545.141 1544.28 1543.222
1517.449 1517.172 1516.895 1516.854 1517.085 1517.317 1517.548 1517.78 1518.578 1519.419 1520.261 1521.103 1522.195 1523.676 1525.157 1526.638 1528.119 1529.595 1531.07 1532.545 1534.021 1535.381 1536.494 1537.607 1538.721 1539.834 1540.939 1542.041 1543.143 1544.245 1545.256 1545.985 1546.714 1547.444 1548.173 1548.493 1548.645 1548.798 1548.95 1549.076 1549.076 1549.076 1549.076 1549.076 1549.109 1549.16 1549.211 1549.262 1549.301 1549.233 1549.165 1549.097 1549.03 1548.901 1548.726 1548.551 1548.376 1548.185 1547.467 1546.749 1546.031 1545.313 1544.411 1543.32
