data/zism_data/00610_03_D.txt
ncols         224
nrows         224
[rows 0 to 27 of 224, columns 64 to 127 of 224]
1708.837 1709.353 1709.936 1710.625 1711.314 1712.003 1712.692 1713.295 1713.885 1714.474 1715.064 1715.723 1716.51 1717.297 1718.083 1718.87 1719.616 1720.354 1721.091 1721.829 1722.572 1723.326 1724.08 1724.834 1725.589 1726.356 1727.126 1727.896 1728.667 1729.359 1729.85 1730.341 1730.832 1731.323 1731.777 1732.219 1732.661 1733.103 1733.474 1733.621 1733.769 1733.916 1734.064 1733.907 1733.636 1733.365 1733.094 1732.869 1732.819 1732.77 1732.721 1732.671 1732.656 1732.656 1732.656 1732.656 1732.636 1732.521 1732.405 1732.29 1732.174 1732.086 1732.012 1731.938
1708.616 1709.132 1709.703 1710.359 1711.016 1711.672 1712.328 1712.969 1713.608 1714.247 1714.885 1715.588 1716.407 1717.226 1718.045 1718.865 1719.616 1720.354 1721.091 1721.829 1722.575 1723.34 1724.105 1724.87 1725.635 1726.422 1727.214 1728.006 1728.798 1729.529 1730.101 1730.674 1731.246 1731.819 1732.329 1732.82 1733.311 1733.802 1734.209 1734.357 1734.505 1734.652 1734.8 1734.69 1734.484 1734.278 1734.072 1733.902 1733.869 1733.836 1733.803 1733.77 1733.76 1733.76 1733.76 1733.76 1733.752 1733.707 1733.663 1733.618 1733.573 1733.509 1733.435 1733.361
1708.395 1708.911 1709.469 1710.093 1710.717 1711.341 1711.964 1712.644 1713.331 1714.019 1714.706 1715.452 1716.304 1717.156 1718.007 1718.859 1719.616 1720.354 1721.091 1721.829 1722.579 1723.355 1724.13 1724.906 1725.682 1726.488 1727.302 1728.116 1728.93 1729.699 1730.353 1731.007 1731.661 1732.314 1732.882 1733.422 1733.962 1734.501 1734.945 1735.093 1735.241 1735.388 1735.536 1735.474 1735.333 1735.192 1735.051 1734.936 1734.919 1734.903 1734.886 1734.869 1734.864 1734.864 1734.864 1734.864 1734.868 1734.894 1734.92 1734.946 1734.971 1734.932 1734.858 1734.784
1708.174 1708.691 1709.236 1709.827 1710.418 1711.01 1711.601 1712.318 1713.055 1713.791 1714.528 1715.316 1716.201 1717.085 1717.969 1718.854 1719.616 1720.354 1721.091 1721.829 1722.582 1723.369 1724.156 1724.942 1725.729 1726.555 1727.39 1728.226 1729.061 1729.869 1730.604 1731.339 1732.075 1732.81 1733.434 1734.023 1734.612 1735.201 1735.682 1735.829 1735.977 1736.124 1736.272 1736.257 1736.181 1736.106 1736.03 1735.97 1735.97 1735.969 1735.969 1735.968 1735.968 1735.968 1735.968 1735.968 1735.985 1736.081 1736.177 1736.274 1736.37 1736.355 1736.281 1736.207
1707.667 1708.184 1708.741 1709.363 1709.985 1710.607 1711.229 1711.952 1712.689 1713.427 1714.165 1714.96 1715.862 1716.763 1717.664 1718.565 1719.356 1720.126 1720.895 1721.664 1722.451 1723.275 1724.099 1724.923 1725.747 1726.627 1727.521 1728.415 1729.309 1730.167 1730.931 1731.695 1732.459 1733.224 1733.883 1734.51 1735.138 1735.765 1736.298 1736.54 1736.783 1737.025 1737.268 1737.292 1737.234 1737.176 1737.118 1737.072 1737.072 1737.072 1737.072 1737.072 1737.072 1737.072 1737.072 1737.072 1737.101 1737.268 1737.435 1737.602 1737.768 1737.781 1737.713 1737.644
1707.152 1707.669 1708.239 1708.893 1709.548 1710.202 1710.856 1711.583 1712.321 1713.059 1713.797 1714.598 1715.516 1716.433 1717.35 1718.268 1719.089 1719.891 1720.693 1721.495 1722.316 1723.178 1724.04 1724.902 1725.764 1726.699 1727.653 1728.607 1729.561 1730.469 1731.26 1732.052 1732.843 1733.634 1734.329 1734.994 1735.66 1736.325 1736.911 1737.251 1737.591 1737.931 1738.271 1738.334 1738.292 1738.251 1738.209 1738.176 1738.176 1738.176 1738.176 1738.176 1738.176 1738.176 1738.176 1738.176 1738.217 1738.455 1738.692 1738.93 1739.167 1739.208 1739.145 1739.082
1706.637 1707.154 1707.736 1708.423 1709.11 1709.797 1710.484 1711.216 1711.953 1712.691 1713.429 1714.236 1715.17 1716.103 1717.037 1717.971 1718.822 1719.656 1720.491 1721.325 1722.181 1723.081 1723.981 1724.881 1725.781 1726.771 1727.785 1728.798 1729.812 1730.771 1731.589 1732.408 1733.226 1734.045 1734.775 1735.479 1736.182 1736.885 1737.523 1737.961 1738.399 1738.837 1739.275 1739.376 1739.351 1739.325 1739.3 1739.28 1739.28 1739.28 1739.28 1739.28 1739.28 1739.28 1739.28 1739.28 1739.333 1739.641 1739.949 1740.257 1740.566 1740.634 1740.577 1740.519
1706.122 1706.638 1707.234 1707.953 1708.673 1709.392 1710.112 1710.848 1711.585 1712.323 1713.061 1713.874 1714.824 1715.774 1716.724 1717.674 1718.555 1719.422 1720.289 1721.156 1722.046 1722.984 1723.922 1724.859 1725.797 1726.844 1727.917 1728.99 1730.064 1731.073 1731.919 1732.764 1733.61 1734.455 1735.221 1735.963 1736.704 1737.445 1738.136 1738.672 1739.207 1739.743 1740.279 1740.418 1740.409 1740.4 1740.391 1740.384 1740.384 1740.384 1740.384 1740.384 1740.384 1740.384 1740.384 1740.384 1740.449 1740.828 1741.207 1741.585 1741.964 1742.061 1742.008 1741.956
1705.672 1706.188 1706.791 1707.528 1708.266 1709.004 1709.742 1710.479 1711.217 1711.955 1712.693 1713.509 1714.468 1715.427 1716.386 1717.345 1718.243 1719.128 1720.013 1720.899 1721.819 1722.814 1723.809 1724.804 1725.8 1726.884 1727.99 1729.097 1730.204 1731.248 1732.133 1733.018 1733.902 1734.787 1735.604 1736.4 1737.196 1737.992 1738.745 1739.364 1739.983 1740.602 1741.221 1741.406 1741.428 1741.449 1741.471 1741.488 1741.488 1741.488 1741.488 1741.488 1741.488 1741.488 1741.488 1741.488 1741.562 1741.99 1742.417 1742.845 1743.272 1743.391 1743.347 1743.302
1705.304 1705.82 1706.423 1707.16 1707.898 1708.636 1709.374 1710.112 1710.849 1711.587 1712.325 1713.141 1714.1 1715.059 1716.018 1716.977 1717.875 1718.76 1719.646 1720.531 1721.477 1722.553 1723.63 1724.707 1725.783 1726.884 1727.99 1729.097 1730.204 1731.263 1732.203 1733.142 1734.081 1735.02 1735.908 1736.78 1737.652 1738.524 1739.35 1740.034 1740.718 1741.402 1742.087 1742.325 1742.395 1742.466 1742.536 1742.592 1742.592 1742.592 1742.592 1742.592 1742.592 1742.592 1742.592 1742.592 1742.67 1743.119 1743.568 1744.018 1744.467 1744.6 1744.567 1744.533
1704.936 1705.452 1706.055 1706.792 1707.53 1708.268 1709.006 1709.744 1710.481 1711.219 1711.957 1712.773 1713.732 1714.691 1715.65 1716.609 1717.507 1718.392 1719.277 1720.163 1721.134 1722.293 1723.451 1724.609 1725.767 1726.884 1727.99 1729.097 1730.204 1731.279 1732.272 1733.265 1734.259 1735.252 1736.211 1737.159 1738.107 1739.055 1739.955 1740.704 1741.453 1742.203 1742.952 1743.244 1743.363 1743.482 1743.602 1743.696 1743.696 1743.696 1743.696 1743.696 1743.696 1743.696 1743.696 1743.696 1743.777 1744.248 1744.72 1745.191 1745.662 1745.81 1745.787 1745.764
1704.568 1705.084 1705.687 1706.424 1707.162 1707.9 1708.638 1709.375 1710.113 1710.851 1711.589 1712.405 1713.364 1714.323 1715.282 1716.241 1717.139 1718.024 1718.909 1719.795 1720.792 1722.032 1723.271 1724.511 1725.75 1726.884 1727.99 1729.097 1730.204 1731.294 1732.342 1733.389 1734.437 1735.484 1736.514 1737.538 1738.562 1739.587 1740.559 1741.374 1742.188 1743.003 1743.817 1744.162 1744.33 1744.499 1744.667 1744.8 1744.8 1744.8 1744.8 1744.8 1744.8 1744.8 1744.8 1744.8 1744.885 1745.378 1745.871 1746.364 1746.856 1747.019 1747.007 1746.995
1704.2 1704.716 1705.319 1706.056 1706.794 1707.532 1708.27 1709.008 1709.745 1710.483 1711.221 1712.037 1712.996 1713.955 1714.914 1715.873 1716.771 1717.656 1718.542 1719.427 1720.45 1721.771 1723.092 1724.413 1725.734 1726.884 1727.99 1729.097 1730.204 1731.309 1732.411 1733.513 1734.615 1735.717 1736.818 1737.918 1739.018 1740.118 1741.164 1742.044 1742.923 1743.803 1744.683 1745.081 1745.298 1745.515 1745.732 1745.904 1745.904 1745.904 1745.904 1745.904 1745.904 1745.904 1745.904 1745.904 1745.993 1746.507 1747.022 1747.536 1748.051 1748.228 1748.227 1748.226
1703.721 1704.223 1704.807 1705.52 1706.233 1706.946 1707.659 1708.441 1709.233 1710.025 1710.818 1711.679 1712.668 1713.657 1714.646 1715.635 1716.574 1717.504 1718.434 1719.364 1720.423 1721.761 1723.099 1724.437 1725.775 1726.98 1728.151 1729.322 1730.493 1731.646 1732.753 1733.86 1734.966 1736.073 1737.168 1738.26 1739.352 1740.444 1741.489 1742.389 1743.29 1744.19 1745.09 1745.54 1745.821 1746.102 1746.383 1746.608 1746.623 1746.638 1746.653 1746.667 1746.723 1746.798 1746.872 1746.946 1747.097 1747.614 1748.13 1748.646 1749.163 1749.37 1749.415 1749.46
1703.232 1703.718 1704.281 1704.967 1705.652 1706.338 1707.024 1707.855 1708.707 1709.559 1710.411 1711.323 1712.344 1713.366 1714.387 1715.409 1716.394 1717.373 1718.352 1719.331 1720.427 1721.776 1723.125 1724.473 1725.822 1727.086 1728.327 1729.569 1730.811 1732.015 1733.121 1734.228 1735.334 1736.441 1737.524 1738.6 1739.675 1740.751 1741.787 1742.704 1743.62 1744.537 1745.453 1745.955 1746.301 1746.647 1746.993 1747.274 1747.305 1747.336 1747.367 1747.398 1747.516 1747.672 1747.827 1747.983 1748.201 1748.718 1749.234 1749.75 1750.267 1750.506 1750.6 1750.693
1702.743 1703.212 1703.755 1704.414 1705.072 1705.731 1706.39 1707.269 1708.181 1709.093 1710.004 1710.966 1712.02 1713.074 1714.128 1715.182 1716.214 1717.242 1718.27 1719.297 1720.43 1721.79 1723.15 1724.51 1725.869 1727.191 1728.503 1729.816 1731.128 1732.382 1733.489 1734.596 1735.703 1736.809 1737.88 1738.939 1739.998 1741.057 1742.086 1743.019 1743.951 1744.884 1745.817 1746.371 1746.782 1747.193 1747.604 1747.939 1747.987 1748.034 1748.082 1748.129 1748.308 1748.545 1748.782 1749.02 1749.305 1749.822 1750.338 1750.854 1751.371 1751.642 1751.785 1751.927
1702.255 1702.707 1703.229 1703.861 1704.492 1705.124 1705.755 1706.683 1707.655 1708.626 1709.598 1710.61 1711.696 1712.783 1713.87 1714.956 1716.034 1717.111 1718.188 1719.264 1720.434 1721.804 1723.175 1724.546 1725.916 1727.297 1728.679 1730.062 1731.445 1732.75 1733.857 1734.964 1736.07 1737.177 1738.235 1739.278 1740.321 1741.364 1742.384 1743.333 1744.282 1745.231 1746.181 1746.786 1747.262 1747.739 1748.215 1748.605 1748.669 1748.733 1748.797 1748.86 1749.1 1749.419 1749.738 1750.056 1750.409 1750.926 1751.442 1751.958 1752.475 1752.778 1752.97 1753.161
1701.946 1702.306 1702.78 1703.434 1704.088 1704.743 1705.397 1706.389 1707.431 1708.472 1709.514 1710.577 1711.68 1712.782 1713.885 1714.987 1716.093 1717.2 1718.307 1719.413 1720.604 1721.974 1723.345 1724.717 1726.088 1727.498 1728.918 1730.338 1731.758 1733.09 1734.197 1735.303 1736.41 1737.517 1738.572 1739.611 1740.651 1741.69 1742.712 1743.684 1744.656 1745.627 1746.599 1747.252 1747.785 1748.318 1748.851 1749.293 1749.39 1749.487 1749.584 1749.68 1749.959 1750.32 1750.68 1751.041 1751.432 1751.967 1752.502 1753.037 1753.572 1753.91 1754.144 1754.378
1701.928 1702.07 1702.452 1703.209 1703.967 1704.724 1705.482 1706.563 1707.691 1708.82 1709.948 1711.064 1712.156 1713.247 1714.339 1715.431 1716.535 1717.641 1718.748 1719.855 1721.04 1722.395 1723.749 1725.104 1726.459 1727.853 1729.257 1730.66 1732.064 1733.385 1734.491 1735.598 1736.705 1737.811 1738.879 1739.934 1740.99 1742.045 1743.088 1744.093 1745.097 1746.101 1747.105 1747.799 1748.375 1748.952 1749.528 1750.017 1750.174 1750.33 1750.487 1750.643 1750.926 1751.264 1751.603 1751.942 1752.323 1752.907 1753.491 1754.075 1754.66 1755.036 1755.302 1755.569
1701.91 1701.835 1702.124 1702.984 1703.845 1704.706 1705.567 1706.736 1707.952 1709.167 1710.383 1711.551 1712.632 1713.712 1714.793 1715.874 1716.976 1718.083 1719.19 1720.296 1721.476 1722.815 1724.153 1725.492 1726.83 1728.208 1729.595 1730.983 1732.37 1733.679 1734.786 1735.892 1736.999 1738.106 1739.186 1740.258 1741.329 1742.401 1743.464 1744.501 1745.538 1746.575 1747.611 1748.345 1748.965 1749.585 1750.205 1750.741 1750.957 1751.174 1751.39 1751.606 1751.892 1752.209 1752.526 1752.843 1753.215 1753.848 1754.481 1755.114 1755.747 1756.161 1756.46 1756.759
1701.892 1701.6 1701.796 1702.76 1703.724 1704.688 1705.651 1706.91 1708.213 1709.515 1710.817 1712.038 1713.108 1714.177 1715.247 1716.317 1717.418 1718.525 1719.631 1720.738 1721.913 1723.235 1724.557 1725.879 1727.201 1728.563 1729.934 1731.305 1732.676 1733.973 1735.08 1736.187 1737.293 1738.4 1739.493 1740.581 1741.669 1742.757 1743.84 1744.91 1745.979 1747.048 1748.118 1748.892 1749.556 1750.219 1750.883 1751.465 1751.741 1752.017 1752.293 1752.569 1752.858 1753.154 1753.449 1753.744 1754.107 1754.788 1755.47 1756.152 1756.834 1757.286 1757.618 1757.95
1701.875 1701.365 1701.468 1702.535 1703.602 1704.669 1705.736 1707.084 1708.473 1709.862 1711.252 1712.525 1713.584 1714.643 1715.702 1716.761 1717.86 1718.966 1720.073 1721.18 1722.349 1723.655 1724.961 1726.267 1727.573 1728.918 1730.273 1731.628 1732.983 1734.268 1735.375 1736.481 1737.588 1738.694 1739.799 1740.904 1742.008 1743.113 1744.216 1745.318 1746.42 1747.522 1748.624 1749.439 1750.146 1750.853 1751.56 1752.189 1752.525 1752.86 1753.196 1753.532 1753.825 1754.098 1754.372 1754.646 1754.998 1755.729 1756.46 1757.19 1757.921 1758.412 1758.776 1759.14
1704.098 1703.464 1703.483 1704.528 1705.573 1706.617 1707.662 1708.921 1710.211 1711.502 1712.792 1713.965 1714.92 1715.875 1716.831 1717.786 1718.891 1720.025 1721.16 1722.294 1723.457 1724.682 1725.906 1727.131 1728.356 1729.59 1730.826 1732.063 1733.299 1734.488 1735.552 1736.617 1737.682 1738.747 1739.844 1740.951 1742.057 1743.164 1744.281 1745.429 1746.578 1747.726 1748.875 1749.741 1750.5 1751.26 1752.02 1752.705 1753.11 1753.515 1753.919 1754.324 1754.678 1755.009 1755.339 1755.67 1756.071 1756.809 1757.547 1758.285 1759.022 1759.528 1759.911 1760.294
1706.702 1705.96 1705.895 1706.896 1707.898 1708.899 1709.901 1711.04 1712.2 1713.36 1714.52 1715.566 1716.402 1717.238 1718.074 1718.91 1720.022 1721.189 1722.356 1723.523 1724.679 1725.812 1726.944 1728.076 1729.208 1730.315 1731.416 1732.517 1733.618 1734.695 1735.711 1736.727 1737.743 1738.759 1739.844 1740.951 1742.057 1743.164 1744.293 1745.49 1746.688 1747.885 1749.082 1750.001 1750.815 1751.629 1752.443 1753.186 1753.661 1754.137 1754.612 1755.087 1755.511 1755.913 1756.314 1756.716 1757.175 1757.913 1758.651 1759.389 1760.126 1760.643 1761.042 1761.441
1709.306 1708.455 1708.307 1709.265 1710.223 1711.181 1712.139 1713.159 1714.189 1715.219 1716.249 1717.168 1717.884 1718.601 1719.317 1720.033 1721.153 1722.353 1723.552 1724.752 1725.901 1726.941 1727.981 1729.021 1730.061 1731.041 1732.006 1732.971 1733.936 1734.902 1735.869 1736.836 1737.803 1738.77 1739.844 1740.951 1742.057 1743.164 1744.305 1745.551 1746.797 1748.043 1749.29 1750.261 1751.13 1751.998 1752.866 1753.667 1754.213 1754.759 1755.305 1755.85 1756.345 1756.817 1757.289 1757.761 1758.279 1759.017 1759.755 1760.493 1761.23 1761.757 1762.173 1762.588
1711.91 1710.95 1710.719 1711.633 1712.548 1713.462 1714.377 1715.278 1716.178 1717.077 1717.977 1718.769 1719.366 1719.963 1720.56 1721.157 1722.284 1723.517 1724.749 1725.981 1727.123 1728.071 1729.019 1729.966 1730.914 1731.767 1732.596 1733.425 1734.255 1735.109 1736.027 1736.945 1737.864 1738.782 1739.844 1740.951 1742.057 1743.164 1744.317 1745.612 1746.907 1748.202 1749.497 1750.521 1751.444 1752.367 1753.289 1754.148 1754.764 1755.381 1755.997 1756.614 1757.179 1757.722 1758.264 1758.807 1759.383 1760.121 1760.859 1761.597 1762.334 1762.872 1763.304 1763.735
1715.066 1714.072 1713.776 1714.58 1715.384 1716.188 1716.992 1717.727 1718.452 1719.177 1719.901 1720.543 1721.031 1721.519 1722.007 1722.495 1723.609 1724.848 1726.086 1727.324 1728.445 1729.313 1730.181 1731.048 1731.916 1732.656 1733.364 1734.071 1734.779 1735.528 1736.383 1737.238 1738.094 1738.949 1739.978 1741.062 1742.146 1743.229 1744.37 1745.688 1747.005 1748.323 1749.64 1750.71 1751.687 1752.663 1753.64 1754.557 1755.246 1755.935 1756.623 1757.312 1757.948 1758.559 1759.171 1759.782 1760.416 1761.159 1761.902 1762.646 1763.389 1763.942 1764.395 1764.849
1719.363 1718.488 1718.169 1718.723 1719.277 1719.831 1720.385 1720.856 1721.315 1721.774 1722.233 1722.671 1723.072 1723.474 1723.875 1724.276 1725.335 1726.524 1727.714 1728.903 1729.974 1730.787 1731.6 1732.414 1733.227 1733.882 1734.498 1735.113 1735.729 1736.385 1737.148 1737.911 1738.674 1739.437 1740.391 1741.404 1742.417 1743.43 1744.51 1745.794 1747.079 1748.364 1749.649 1750.749 1751.78 1752.812 1753.843 1754.818 1755.583 1756.348 1757.113 1757.878 1758.582 1759.258 1759.935 1760.611 1761.302 1762.062 1762.821 1763.58 1764.34 1764.92 1765.406 1765.892
