data/zism_data/00614_03_D.txt
ncols         224
nrows         224
[rows 145 to 173 of 224, columns 132 to 197 of 224]
682.9979 684.8833 686.7687 688.6541 690.4439 691.1295 691.8152 692.5008 693.1864 692.4135 690.4507 688.488 686.5252 684.6331 685.9186 687.2042 688.4899 689.7755 691.2928 693.0488 694.8046 696.5605 698.3165 698.4476 698.5177 698.5878 698.6578 698.7265 698.7933 698.8601 698.9269 698.9937 699.0667 699.1403 699.2139 699.2875 699.3889 699.536 699.6832 699.8304 699.9776 700.0 700.0 700.0 700.0 700.0 700.0 700.0 700.0 700.0 700.0 700.0 700.0 700.0 699.9732 699.8705 699.7679 699.6652 699.5626 699.2619 698.8887 698.5156 698.1423 697.3091 694.6685 692.0278
673.5469 676.392 679.2369 682.0819 684.83 686.4591 688.0882 689.7173 691.3464 691.223 689.67 688.1169 686.5639 685.0773 686.584 688.0906 689.5972 691.1039 692.5979 694.0789 695.5598 697.0408 698.5218 698.5546 698.533 698.5115 698.4899 698.5278 698.6432 698.7585 698.8738 698.9891 699.0667 699.1403 699.2139 699.2875 699.3889 699.536 699.6832 699.8304 699.9776 700.0 700.0 700.0 700.0 700.0 700.0 700.0 700.0 700.0 700.0 700.0 700.0 700.0 699.9816 699.9113 699.841 699.7707 699.7004 699.3926 698.9979 698.6031 698.2084 697.4279 695.1323 692.8367
664.096 667.9006 671.7051 675.5097 679.2161 681.7886 684.3613 686.9338 689.5064 690.0326 688.8892 687.7459 686.6025 685.5216 687.2493 688.977 690.7047 692.4323 693.903 695.1089 696.315 697.521 698.7271 698.6616 698.5484 698.4352 698.322 698.3292 698.493 698.6569 698.8207 698.9846 699.0667 699.1403 699.2139 699.2875 699.3889 699.536 699.6832 699.8304 699.9776 700.0 700.0 700.0 700.0 700.0 700.0 700.0 700.0 700.0 700.0 700.0 700.0 700.0 699.9901 699.9521 699.9142 699.8762 699.8382 699.5233 699.1071 698.6907 698.2744 697.5468 695.5962 693.6456
654.6451 659.4092 664.1734 668.9375 673.6022 677.1182 680.6343 684.1504 687.6664 688.8421 688.1085 687.3749 686.6412 685.9659 687.9147 689.8633 691.812 693.7607 695.208 696.1391 697.0701 698.0012 698.9323 698.7686 698.5637 698.3589 698.154 698.1306 698.3429 698.5553 698.7676 698.98 699.0667 699.1403 699.2139 699.2875 699.3889 699.536 699.6832 699.8304 699.9776 700.0 700.0 700.0 700.0 700.0 700.0 700.0 700.0 700.0 700.0 700.0 700.0 700.0 699.9985 699.9929 699.9873 699.9816 699.976 699.6541 699.2162 698.7783 698.3404 697.6656 696.0601 694.4545
644.9439 650.3559 655.7679 661.1798 666.5017 670.7831 675.0646 679.3459 683.6273 685.5687 685.6011 685.6334 685.6658 685.7437 687.8688 689.9941 692.1193 694.2444 695.7072 696.488 697.2689 698.0497 698.8305 698.5859 698.3027 698.0196 697.7365 697.6937 697.9635 698.2333 698.5031 698.7729 698.9134 699.0404 699.1675 699.2946 699.4258 699.5641 699.7024 699.8407 699.9789 700.0 700.0 700.0 700.0 700.0 700.0 700.0 700.0 700.0 700.0 700.0 700.0 700.0 700.0 700.0 700.0 700.0 700.0 699.7224 699.3431 698.9639 698.5846 698.0184 696.7178 695.4171
635.19 641.1843 647.1784 653.1726 659.0883 664.0975 669.1069 674.1161 679.1253 681.8568 682.7302 683.6035 684.4769 685.381 687.6734 689.9657 692.258 694.5504 696.0368 696.6936 697.3504 698.0072 698.6641 698.3422 697.9836 697.625 697.2664 697.2068 697.5359 697.8649 698.194 698.5231 698.7278 698.9196 699.1113 699.303 699.4706 699.5981 699.7256 699.8531 699.9806 700.0 700.0 700.0 700.0 700.0 700.0 700.0 700.0 700.0 700.0 700.0 700.0 700.0 700.0 700.0 700.0 700.0 700.0 699.7776 699.4739 699.1701 698.8663 698.4204 697.4163 696.4121
625.4363 632.0128 638.5891 645.1655 651.675 657.4121 663.1492 668.8863 674.6233 678.145 679.8593 681.5736 683.2879 685.0184 687.4779 689.9373 692.3968 694.8563 696.3663 696.8992 697.4319 697.9648 698.4976 698.0986 697.6645 697.2304 696.7963 696.7198 697.1082 697.4966 697.885 698.2734 698.5422 698.7987 699.0551 699.3116 699.5154 699.6321 699.7488 699.8655 699.9822 700.0 700.0 700.0 700.0 700.0 700.0 700.0 700.0 700.0 700.0 700.0 700.0 700.0 700.0 700.0 700.0 700.0 700.0 699.8329 699.6046 699.3763 699.1479 698.8224 698.1147 697.4071
615.6824 622.8411 629.9997 637.1583 644.2617 650.7265 657.1915 663.6564 670.1212 674.433 676.9883 679.5437 682.0989 684.6558 687.2824 689.9089 692.5355 695.1621 696.6959 697.1047 697.5135 697.9224 698.3312 697.8549 697.3453 696.8358 696.3262 696.2329 696.6805 697.1282 697.5759 698.0236 698.3567 698.6778 698.999 699.3201 699.5601 699.6661 699.772 699.8779 699.9839 700.0 700.0 700.0 700.0 700.0 700.0 700.0 700.0 700.0 700.0 700.0 700.0 700.0 700.0 700.0 700.0 700.0 700.0 699.8881 699.7353 699.5825 699.4296 699.2244 698.8133 698.4022
609.7012 617.4435 625.1859 632.9281 640.5945 647.3834 654.1725 660.9614 667.7502 672.4951 675.5722 678.6494 681.7265 684.7952 687.4865 690.1777 692.869 695.5603 697.0643 697.3462 697.6281 697.9099 698.1917 697.6238 697.0239 696.4241 695.8242 695.6578 696.0549 696.4521 696.8492 697.2463 697.5808 697.9088 698.2367 698.5646 698.8177 698.947 699.0763 699.2056 699.3349 699.4338 699.5273 699.6209 699.7144 699.7919 699.8349 699.8779 699.921 699.9641 699.8617 699.7207 699.5797 699.4387 699.2578 698.9638 698.6699 698.3759 698.082 698.1508 698.3526 698.5543 698.756 698.9092 698.8718 698.8344
613.6481 621.9781 630.308 638.6379 646.7863 652.8365 658.887 664.9373 670.9876 675.2254 677.9844 680.7435 683.5026 686.2557 688.7422 691.2286 693.715 696.2014 697.5351 697.6822 697.8292 697.9763 698.1234 697.4258 696.6966 695.9673 695.2381 694.851 694.9084 694.9659 695.0234 695.0809 695.2515 695.4339 695.6163 695.7986 696.0036 696.2462 696.4886 696.7311 696.9736 697.3778 697.811 698.2441 698.6773 699.0359 699.2353 699.4347 699.6342 699.8336 699.3595 698.7064 698.0532 697.4 696.562 695.2006 693.8393 692.4779 691.1165 691.6962 692.987 694.2778 695.5685 696.7068 697.2462 697.7856
617.595 626.5126 635.4302 644.3477 652.978 658.2897 663.6015 668.9132 674.2249 677.9557 680.3967 682.8378 685.2787 687.7162 689.9979 692.2794 694.5609 696.8425 698.0059 698.0181 698.0304 698.0427 698.055 697.2279 696.3693 695.5106 694.652 694.044 693.7619 693.4797 693.1976 692.9155 692.9222 692.959 692.9958 693.0326 693.1896 693.5453 693.901 694.2567 694.6124 695.3218 696.0945 696.8674 697.6401 698.28 698.6357 698.9915 699.3472 699.703 698.8573 697.692 696.5266 695.3613 693.8663 691.4375 689.0087 686.5798 684.151 685.2415 687.6214 690.0012 692.381 694.5045 695.6207 696.7369
621.5419 631.0472 640.5524 650.0576 659.1697 663.7428 668.316 672.8892 677.4622 680.686 682.809 684.9319 687.0549 689.1768 691.2535 693.3302 695.4069 697.4836 698.4766 698.3541 698.2316 698.1091 697.9866 697.03 696.0419 695.0539 694.0659 693.2371 692.6154 691.9936 691.3718 690.7501 690.593 690.4841 690.3754 690.2666 690.3755 690.8444 691.3134 691.7823 692.2512 693.2657 694.3782 695.4905 696.603 697.524 698.0361 698.5483 699.0604 699.5725 698.3551 696.6776 695.0001 693.3226 691.1707 687.6744 684.1781 680.6818 677.1855 678.7869 682.2558 685.7246 689.1935 692.302 693.9951 695.6881
625.4888 635.5817 645.6746 655.7673 665.3615 669.1959 673.0305 676.8651 680.6996 683.4164 685.2213 687.0261 688.831 690.6373 692.5092 694.381 696.2529 698.1247 698.9474 698.6901 698.4328 698.1755 697.9182 696.832 695.7146 694.5972 693.4798 692.4302 691.4688 690.5074 689.546 688.5847 688.2637 688.0093 687.7549 687.5005 687.5614 688.1436 688.7257 689.3079 689.89 691.2097 692.6617 694.1138 695.5659 696.7681 697.4365 698.105 698.7735 699.442 697.8529 695.6633 693.4736 691.2839 688.475 683.9112 679.3475 674.7838 670.22 672.3323 676.8902 681.4481 686.006 690.0996 692.3694 694.6394
632.1313 642.183 652.2345 662.286 671.7854 674.9086 678.0319 681.1552 684.2784 686.4833 687.9389 689.3945 690.85 692.3079 693.8694 695.4309 696.9924 698.5539 699.2183 698.959 698.6997 698.4405 698.1812 697.1811 696.153 695.125 694.097 692.9214 691.554 690.1865 688.8191 687.4517 686.3661 685.3099 684.2536 683.1973 682.5567 682.6036 682.6505 682.6974 682.7443 684.4492 686.4519 688.4545 690.4572 692.3184 693.8777 695.437 696.9963 698.5556 696.7708 694.0963 691.4218 688.7474 685.1304 678.843 672.5555 666.268 659.9807 662.1761 667.4792 672.7823 678.0855 683.0479 686.672 690.2961
639.7983 649.5696 659.3408 669.112 678.2975 680.72 683.1424 685.5648 687.9872 689.6782 690.7726 691.8669 692.9613 694.0582 695.2693 696.4804 697.6915 698.9026 699.4131 699.2023 698.9916 698.7809 698.5701 697.738 696.8825 696.027 695.1714 693.9059 692.1072 690.3085 688.5098 686.7111 684.6326 682.5251 680.4175 678.3099 676.7197 675.9848 675.25 674.5152 673.7804 675.9012 678.5346 681.1679 683.8013 686.4652 689.1944 691.9236 694.6528 697.382 695.4683 692.3195 689.1705 686.0216 681.5393 673.2787 665.0182 656.7576 648.4971 650.6134 656.5311 662.4488 668.3666 674.1536 679.4272 684.701
647.465 656.9561 666.447 675.9379 684.8096 686.5312 688.2527 689.9742 691.6958 692.873 693.6062 694.3394 695.0726 695.8085 696.6692 697.5299 698.3906 699.2513 699.6079 699.4457 699.2835 699.1213 698.9591 698.2949 697.6119 696.929 696.2459 694.8903 692.6604 690.4304 688.2004 685.9705 682.8992 679.7404 676.5815 673.4226 670.8826 669.3661 667.8497 666.3332 664.8168 667.3533 670.6174 673.8815 677.1456 680.6121 684.5111 688.4102 692.3093 696.2084 694.1659 690.5426 686.9192 683.2959 677.9482 667.7146 657.4811 647.2474 637.0139 639.0508 645.5833 652.1155 658.6478 665.2594 672.1827 679.106
655.132 664.3427 673.5533 682.7639 691.3218 692.3425 693.3632 694.3838 695.4045 696.0679 696.4399 696.8119 697.1839 697.5588 698.0692 698.5794 699.0897 699.6 699.8028 699.6891 699.5754 699.4617 699.348 698.8519 698.3414 697.8309 697.3204 695.8748 693.2136 690.5523 687.8911 685.2299 681.1656 676.9556 672.7454 668.5352 665.0456 662.7474 660.4492 658.1511 655.8529 658.8053 662.7001 666.5948 670.4897 674.7588 679.8278 684.8969 689.9658 695.0349 692.8634 688.7657 684.6679 680.5702 674.3572 662.1503 649.9437 637.7369 625.5303 627.4882 634.6351 641.7819 648.9289 656.3651 664.9379 673.5109
662.2853 671.0836 679.8817 688.6797 696.8109 697.2394 697.668 698.0965 698.525 698.7566 698.8274 698.8982 698.9689 699.0428 699.2552 699.4675 699.6799 699.8923 699.9651 699.8943 699.8235 699.7527 699.6819 699.3383 698.9843 698.6304 698.2765 696.7902 693.8317 690.8733 687.9149 684.9565 679.9052 674.6363 669.3672 664.0983 659.5314 656.1252 652.7192 649.313 645.9069 649.1507 653.5881 658.0255 662.4629 667.5027 673.8297 680.1568 686.4838 692.8109 690.6891 686.3195 681.9497 677.5801 670.7637 657.014 643.2647 629.5151 615.7658 617.5114 624.9335 632.3555 639.7776 647.6975 657.5731 667.4489
666.9991 674.7569 682.5145 690.2722 697.4397 697.7928 698.1458 698.4989 698.852 699.0406 699.0953 699.1499 699.2045 699.2615 699.4254 699.5892 699.7531 699.9169 699.9731 699.9185 699.8638 699.8092 699.7546 699.4894 699.2164 698.9433 698.6703 697.3773 694.7585 692.1397 689.5209 686.9022 680.8915 674.5281 668.1647 661.8013 655.5508 649.487 643.4232 637.3593 631.2955 634.2399 638.8013 643.3626 647.924 653.5829 661.5865 669.5904 677.5941 685.5978 684.3734 680.6937 677.014 673.3344 667.1588 653.9106 640.6626 627.4144 614.1664 615.0679 621.153 627.238 633.3231 640.1072 649.6378 659.1685
671.7129 678.4302 685.1474 691.8646 698.0686 698.3461 698.6237 698.9013 699.1789 699.3248 699.3632 699.4017 699.4401 699.4802 699.5955 699.7109 699.8262 699.9415 699.9811 699.9426 699.9042 699.8657 699.8273 699.6406 699.4484 699.2562 699.064 697.9645 695.6853 693.4061 691.127 688.8478 681.8778 674.42 666.9621 659.5043 651.5704 642.8488 634.1273 625.4056 616.6841 619.3292 624.0145 628.6998 633.3852 639.6631 649.3434 659.0239 668.7043 678.3848 678.0576 675.068 672.0784 669.0887 663.5539 650.8071 638.0604 625.3136 612.567 612.6243 617.3724 622.1204 626.8685 632.5168 641.7025 650.8882
676.4267 682.1035 687.7803 693.457 698.6974 698.8995 699.1016 699.3037 699.5058 699.6088 699.6311 699.6534 699.6757 699.6989 699.7657 699.8325 699.8993 699.9661 699.989 699.9667 699.9445 699.9222 699.9 699.7918 699.6805 699.5692 699.4578 698.5516 696.6121 694.6725 692.733 690.7935 682.8641 674.312 665.7595 657.2073 647.5899 636.2104 624.8313 613.4519 602.0727 604.4185 609.2278 614.037 618.8463 625.7433 637.1003 648.4575 659.8145 671.1717 671.7419 669.4423 667.1427 664.8431 659.949 647.7036 635.4583 623.2128 610.9675 610.1808 613.5919 617.0028 620.4139 624.9265 633.7672 642.608
681.1404 685.7769 690.4131 695.0494 699.3264 699.4529 699.5795 699.7061 699.8327 699.8929 699.899 699.9052 699.9113 699.9176 699.9359 699.9542 699.9725 699.9907 699.997 699.9909 699.9848 699.9787 699.9726 699.9431 699.9125 699.8821 699.8516 699.1388 697.5389 695.939 694.3391 692.7392 683.8505 674.2038 664.557 654.9103 643.6094 629.5722 615.5353 601.4982 587.4612 589.5077 594.441 599.3741 604.3074 611.8234 624.8571 637.8911 650.9247 663.9586 665.4261 663.8166 662.207 660.5974 656.3442 644.6001 632.8561 621.1121 609.3682 607.7373 609.8113 611.8853 613.9593 617.3362 625.8318 634.3276
684.2839 688.0747 691.8654 695.6561 699.1201 698.8117 698.5033 698.1949 697.8865 697.6999 697.6125 697.5252 697.4379 697.3636 697.8776 698.3917 698.9056 699.4197 699.7152 699.7858 699.8563 699.9269 699.9974 700.0 700.0 700.0 700.0 699.4243 698.1002 696.7761 695.452 694.1279 684.7333 674.4995 664.2656 654.0318 641.4433 624.96 608.4771 591.9938 575.5108 576.7945 581.2672 585.7398 590.2125 597.7951 612.0216 626.2484 640.475 654.7018 657.5859 657.4526 657.3192 657.1858 654.2035 643.1489 632.0945 621.0399 609.9855 607.8241 608.9205 610.017 611.1135 613.6344 621.7515 629.8687
686.4779 689.5408 692.6038 695.6667 698.4089 697.4482 696.4874 695.5267 694.5659 694.009 693.7815 693.554 693.3265 693.1331 694.4719 695.8107 697.1496 698.4885 699.2582 699.442 699.6257 699.8096 699.9933 700.0 700.0 700.0 700.0 699.5274 698.4406 697.3536 696.2667 695.1798 685.5536 675.0394 664.5251 654.0109 640.3742 621.5728 602.7717 583.9703 565.1692 565.4099 569.0685 572.7271 576.3857 583.7009 598.8278 613.955 629.0819 644.209 648.8239 650.642 652.4602 654.2784 652.9481 642.6968 632.4457 622.1943 611.9432 609.4409 609.7771 610.1134 610.4496 612.2837 620.0018 627.7201
688.6719 691.007 693.3422 695.6772 697.6977 696.0846 694.4715 692.8584 691.2453 690.3181 689.9504 689.5828 689.2151 688.9025 691.0662 693.2299 695.3936 697.5573 698.8011 699.0981 699.3952 699.6922 699.9893 700.0 700.0 700.0 700.0 699.6306 698.7808 697.9312 697.0814 696.2318 686.3739 675.5793 664.7847 653.9901 639.3051 618.1855 597.0663 575.9467 554.8275 554.0253 556.8699 559.7144 562.559 569.6068 585.634 601.6616 617.6888 633.7163 640.0618 643.8315 647.6013 651.3709 651.6927 642.2447 632.7968 623.3488 613.901 611.0576 610.6337 610.2098 609.7859 610.933 618.2523 625.5716
690.8658 692.4732 694.0806 695.6879 696.9865 694.7211 692.4556 690.1901 687.9247 686.6272 686.1194 685.6116 685.1038 684.6719 687.6605 690.649 693.6375 696.626 698.3441 698.7544 699.1646 699.5749 699.9851 700.0 700.0 700.0 700.0 699.7337 699.1212 698.5087 697.8962 697.2836 687.1942 676.1193 665.0442 653.9692 638.2361 614.7983 591.361 567.9232 544.4858 542.6407 544.6713 546.7017 548.7322 555.5126 572.4402 589.3681 606.2957 623.2236 631.2997 637.0209 642.7423 648.4635 650.4373 641.7925 633.148 624.5033 615.8587 612.6743 611.4902 610.3062 609.1221 609.5823 616.5026 623.423
692.7985 693.6761 694.5537 695.4313 696.0022 693.032 690.0618 687.0917 684.1215 682.433 681.7902 681.1473 680.5044 679.9601 683.8532 687.7462 691.6392 695.5323 697.7783 698.3287 698.8792 699.4296 699.98 700.0 700.0 700.0 700.0 699.825 699.4222 699.0196 698.6169 698.2143 687.8804 676.5137 665.1469 653.7803 637.0577 611.4764 585.8955 560.3142 534.7334 531.8918 533.1317 534.3716 535.6115 542.131 559.9296 577.7286 595.5273 613.3262 623.125 630.7954 638.466 646.1364 649.7628 641.9304 634.098 626.2656 618.4333 614.9324 613.0182 611.104 609.1898 608.9893 615.5208 622.0524
691.3869 691.5098 691.6327 691.7556 691.5223 687.1774 682.8324 678.4875 674.1426 671.7979 671.0849 670.3719 669.6591 669.088 674.9057 680.7233 686.5408 692.3585 695.8198 696.8555 697.8911 698.9268 699.9625 700.0 700.0 700.0 700.0 699.764 699.2212 698.6783 698.1355 697.5927 686.85 675.0468 663.2432 651.4399 634.4797 608.9901 583.5009 558.0112 532.522 529.2785 530.0278 530.7771 531.5264 537.8699 556.1646 574.4595 592.7542 611.0492 622.468 632.0576 641.6473 651.2369 656.5237 649.6185 642.7135 635.8083 628.9033 625.3984 623.1392 620.88 618.6208 618.0927 624.3655 630.6383
689.9753 689.3434 688.7116 688.0798 687.0423 681.3226 675.6028 669.8832 664.1635 661.1625 660.3796 659.5966 658.8136 658.2159 665.9582 673.7003 681.4424 689.1847 693.8613 695.3822 696.9031 698.424 699.9449 700.0 700.0 700.0 700.0 699.7031 699.0201 698.3371 697.6541 696.9711 685.8197 673.5797 661.3395 649.0995 631.9017 606.5037 581.1061 555.7082 530.3107 526.6652 526.9239 527.1826 527.4413 533.6089 552.3995 571.1905 589.9811 608.7721 621.811 633.3198 644.8287 656.3375 663.2847 657.3068 651.329 645.3511 639.3734 635.8646 633.2603 630.6561 628.0518 627.1962 633.2102 639.2243
