data/zism_data/00611_03_D.txt
ncols         224
nrows         224
[rows 124 to 154 of 224, columns 69 to 137 of 224]
1049.0 1049.0 1049.0 1049.0 1049.0 1049.0 1049.0 1049.0 1049.0 1049.0 1049.0 1049.0 1049.0 1049.0 1049.0 1049.0 1049.0 1049.0 1049.0 1049.0 1049.0 1049.005 1049.062 1049.119 1049.176 1049.233 1049.331 1049.461 1049.592 1049.722 1049.851 1049.884 1049.917 1049.95 1049.983 1050.0 1050.0 1050.0 1050.0 1050.0 1050.0 1050.0 1050.0 1050.0 1050.0 1050.0 1050.0 1050.0 1050.0 1050.0 1050.0 1050.0 1050.0 1050.0 1050.0 1050.0 1050.0 1050.0 1050.0 1050.0 1050.0 1050.0 1050.0 1050.0 1050.0 1050.0 1050.0 1050.0 1050.0
1049.0 1049.0 1049.0 1049.0 1049.0 1049.0 1049.0 1049.0 1049.0 1049.0 1049.0 1049.0 1049.0 1049.0 1049.0 1049.0 1049.0 1049.0 1049.0 1049.0 1049.0 1049.006 1049.08 1049.153 1049.226 1049.299 1049.413 1049.56 1049.707 1049.853 1049.998 1049.998 1049.999 1049.999 1050.0 1050.0 1050.0 1050.0 1050.0 1050.0 1050.0 1050.0 1050.0 1050.0 1050.0 1050.0 1050.0 1050.0 1050.0 1050.0 1050.0 1050.0 1050.0 1050.0 1050.0 1050.0 1050.0 1050.0 1050.0 1050.0 1050.0 1050.0 1050.0 1050.0 1050.0 1050.0 1050.0 1050.0 1050.0
1049.0 1049.0 1049.0 1049.0 1049.0 1049.0 1049.0 1049.0 1049.0 1049.0 1049.0 1049.0 1049.0 1049.0 1049.0 1049.0 1049.0 1049.013 1049.035 1049.056 1049.077 1049.104 1049.188 1049.272 1049.356 1049.44 1049.542 1049.657 1049.772 1049.887 1050.0 1050.0 1050.0 1050.0 1050.0 1050.0 1050.0 1050.0 1050.0 1050.0 1050.0 1050.0 1050.0 1050.0 1050.0 1050.0 1050.0 1050.0 1050.0 1050.009 1050.02 1050.031 1050.041 1050.055 1050.077 1050.098 1050.119 1050.141 1050.153 1050.164 1050.175 1050.185 1050.194 1050.2 1050.205 1050.21 1050.216 1050.206 1050.19
1049.0 1049.0 1049.0 1049.0 1049.0 1049.0 1049.0 1049.0 1049.0 1049.0 1049.0 1049.0 1049.0 1049.0 1049.0 1049.0 1049.0 1049.027 1049.07 1049.113 1049.155 1049.203 1049.298 1049.393 1049.488 1049.583 1049.671 1049.753 1049.836 1049.919 1050.0 1050.0 1050.0 1050.0 1050.0 1050.0 1050.0 1050.0 1050.0 1050.0 1050.0 1050.0 1050.0 1050.0 1050.0 1050.0 1050.0 1050.0 1050.0 1050.019 1050.04 1050.062 1050.083 1050.112 1050.154 1050.197 1050.24 1050.283 1050.309 1050.33 1050.352 1050.373 1050.392 1050.403 1050.413 1050.424 1050.435 1050.414 1050.382
1049.0 1049.0 1049.0 1049.0 1049.0 1049.0 1049.0 1049.0 1049.0 1049.0 1049.0 1049.0 1049.0 1049.0 1049.0 1049.0 1049.0 1049.04 1049.105 1049.169 1049.234 1049.302 1049.407 1049.513 1049.619 1049.725 1049.8 1049.85 1049.9 1049.95 1050.0 1050.0 1050.0 1050.0 1050.0 1050.0 1050.0 1050.0 1050.0 1050.0 1050.0 1050.0 1050.0 1050.0 1050.0 1050.0 1050.0 1050.0 1050.0 1050.028 1050.06 1050.093 1050.125 1050.168 1050.232 1050.297 1050.361 1050.426 1050.464 1050.497 1050.529 1050.561 1050.589 1050.605 1050.621 1050.638 1050.654 1050.623 1050.575
1049.0 1049.0 1049.0 1049.0 1049.0 1049.0 1049.0 1049.0 1049.0 1049.0 1049.0 1049.0 1049.0 1049.0 1049.0 1049.0 1049.0 1049.054 1049.14 1049.226 1049.312 1049.401 1049.517 1049.634 1049.75 1049.867 1049.929 1049.947 1049.965 1049.982 1050.0 1050.0 1050.0 1050.0 1050.0 1050.0 1050.0 1050.0 1050.0 1050.0 1050.0 1050.0 1050.0 1050.0 1050.0 1050.0 1050.0 1050.0 1050.0 1050.037 1050.08 1050.124 1050.167 1050.224 1050.31 1050.396 1050.482 1050.568 1050.62 1050.663 1050.706 1050.749 1050.787 1050.808 1050.83 1050.851 1050.873 1050.832 1050.767
1049.0 1049.0 1049.0 1049.0 1049.0 1049.0 1049.0 1049.0 1049.002 1049.004 1049.007 1049.009 1049.012 1049.017 1049.021 1049.026 1049.031 1049.097 1049.2 1049.303 1049.406 1049.509 1049.619 1049.73 1049.84 1049.95 1050.0 1050.0 1050.0 1050.0 1050.0 1050.0 1050.0 1050.0 1050.0 1050.0 1050.0 1050.0 1050.0 1050.0 1050.0 1050.0 1050.0 1050.0 1050.007 1050.024 1050.041 1050.058 1050.075 1050.12 1050.169 1050.218 1050.267 1050.329 1050.417 1050.505 1050.594 1050.682 1050.741 1050.792 1050.844 1050.895 1050.939 1050.961 1050.983 1051.005 1051.027 1050.98 1050.906
1049.0 1049.0 1049.0 1049.0 1049.0 1049.0 1049.0 1049.0 1049.005 1049.013 1049.021 1049.029 1049.038 1049.054 1049.069 1049.085 1049.101 1049.177 1049.291 1049.405 1049.518 1049.629 1049.713 1049.796 1049.879 1049.963 1050.0 1050.0 1050.0 1050.0 1050.0 1050.0 1050.0 1050.0 1050.0 1050.0 1050.0 1050.0 1050.0 1050.0 1050.0 1050.0 1050.0 1050.0 1050.022 1050.077 1050.132 1050.187 1050.241 1050.291 1050.34 1050.389 1050.438 1050.493 1050.56 1050.626 1050.693 1050.76 1050.818 1050.875 1050.932 1050.989 1051.035 1051.052 1051.069 1051.085 1051.102 1051.053 1050.98
1049.0 1049.0 1049.0 1049.0 1049.0 1049.0 1049.0 1049.0 1049.009 1049.022 1049.036 1049.049 1049.064 1049.091 1049.117 1049.144 1049.17 1049.257 1049.382 1049.506 1049.631 1049.749 1049.806 1049.862 1049.918 1049.975 1050.0 1050.0 1050.0 1050.0 1050.0 1050.0 1050.0 1050.0 1050.0 1050.0 1050.0 1050.0 1050.0 1050.0 1050.0 1050.0 1050.0 1050.0 1050.038 1050.13 1050.223 1050.315 1050.408 1050.463 1050.511 1050.561 1050.609 1050.657 1050.702 1050.747 1050.792 1050.838 1050.896 1050.958 1051.021 1051.083 1051.132 1051.143 1051.154 1051.166 1051.177 1051.127 1051.053
1049.0 1049.0 1049.0 1049.0 1049.0 1049.0 1049.0 1049.0 1049.013 1049.032 1049.05 1049.069 1049.09 1049.128 1049.165 1049.202 1049.239 1049.338 1049.473 1049.608 1049.743 1049.869 1049.899 1049.928 1049.958 1049.987 1050.0 1050.0 1050.0 1050.0 1050.0 1050.0 1050.0 1050.0 1050.0 1050.0 1050.0 1050.0 1050.0 1050.0 1050.0 1050.0 1050.0 1050.0 1050.053 1050.183 1050.314 1050.444 1050.574 1050.634 1050.683 1050.732 1050.781 1050.822 1050.845 1050.868 1050.892 1050.915 1050.974 1051.042 1051.109 1051.177 1051.228 1051.234 1051.24 1051.246 1051.252 1051.2 1051.127
1049.0 1049.0 1049.0 1049.0 1049.0 1049.0 1049.0 1049.0 1049.017 1049.041 1049.065 1049.089 1049.117 1049.165 1049.213 1049.261 1049.309 1049.418 1049.564 1049.71 1049.856 1049.99 1049.992 1049.994 1049.997 1049.999 1050.0 1050.0 1050.0 1050.0 1050.0 1050.0 1050.0 1050.0 1050.0 1050.0 1050.0 1050.0 1050.0 1050.0 1050.0 1050.0 1050.0 1050.0 1050.068 1050.236 1050.405 1050.573 1050.741 1050.805 1050.854 1050.903 1050.952 1050.986 1050.988 1050.99 1050.991 1050.993 1051.052 1051.125 1051.198 1051.271 1051.325 1051.325 1051.326 1051.326 1051.327 1051.274 1051.2
1049.0 1049.0 1049.0 1049.0 1049.0 1049.0 1049.0 1049.0 1049.044 1049.108 1049.172 1049.236 1049.296 1049.335 1049.375 1049.414 1049.453 1049.541 1049.658 1049.775 1049.893 1050.0 1050.0 1050.0 1050.0 1050.0 1050.0 1050.0 1050.0 1050.0 1050.0 1050.0 1050.0 1050.0 1050.0 1050.0 1050.0 1050.0 1050.0 1050.0 1050.042 1050.086 1050.13 1050.175 1050.257 1050.394 1050.531 1050.668 1050.805 1050.869 1050.923 1050.977 1051.031 1051.077 1051.107 1051.136 1051.166 1051.195 1051.248 1051.307 1051.365 1051.424 1051.467 1051.467 1051.467 1051.467 1051.467 1051.425 1051.366
1049.0 1049.0 1049.0 1049.0 1049.0 1049.0 1049.0 1049.0 1049.075 1049.182 1049.289 1049.396 1049.49 1049.519 1049.547 1049.575 1049.604 1049.667 1049.752 1049.837 1049.922 1050.0 1050.0 1050.0 1050.0 1050.0 1050.0 1050.0 1050.0 1050.0 1050.0 1050.0 1050.0 1050.0 1050.0 1050.0 1050.0 1050.0 1050.0 1050.0 1050.088 1050.181 1050.274 1050.366 1050.462 1050.561 1050.66 1050.759 1050.859 1050.923 1050.982 1051.042 1051.101 1051.161 1051.223 1051.285 1051.347 1051.409 1051.456 1051.498 1051.541 1051.583 1051.614 1051.614 1051.614 1051.614 1051.614 1051.584 1051.541
1049.0 1049.0 1049.0 1049.0 1049.0 1049.0 1049.0 1049.0 1049.105 1049.255 1049.405 1049.556 1049.685 1049.702 1049.72 1049.737 1049.755 1049.794 1049.847 1049.899 1049.952 1050.0 1050.0 1050.0 1050.0 1050.0 1050.0 1050.0 1050.0 1050.0 1050.0 1050.0 1050.0 1050.0 1050.0 1050.0 1050.0 1050.0 1050.0 1050.0 1050.133 1050.275 1050.417 1050.558 1050.667 1050.728 1050.79 1050.851 1050.912 1050.977 1051.042 1051.106 1051.171 1051.245 1051.34 1051.434 1051.529 1051.623 1051.663 1051.689 1051.716 1051.742 1051.761 1051.761 1051.761 1051.761 1051.761 1051.742 1051.716
1049.0 1049.0 1049.0 1049.0 1049.0 1049.0 1049.0 1049.0 1049.135 1049.328 1049.522 1049.715 1049.879 1049.886 1049.892 1049.899 1049.906 1049.921 1049.941 1049.961 1049.982 1050.0 1050.0 1050.0 1050.0 1050.0 1050.0 1050.0 1050.0 1050.0 1050.0 1050.0 1050.0 1050.0 1050.0 1050.0 1050.0 1050.0 1050.0 1050.0 1050.179 1050.369 1050.559 1050.75 1050.872 1050.896 1050.919 1050.943 1050.966 1051.03 1051.101 1051.171 1051.241 1051.33 1051.457 1051.583 1051.71 1051.837 1051.871 1051.881 1051.891 1051.901 1051.908 1051.908 1051.908 1051.908 1051.908 1051.901 1051.891
1049.022 1049.034 1049.046 1049.056 1049.06 1049.064 1049.068 1049.073 1049.216 1049.42 1049.624 1049.828 1050.0 1050.0 1050.0 1050.0 1050.0 1050.0 1050.0 1050.0 1050.0 1050.0 1050.0 1050.0 1050.0 1050.0 1050.0 1050.0 1050.0 1050.0 1050.0 1050.0 1050.0 1050.0 1050.0 1050.007 1050.021 1050.035 1050.05 1050.064 1050.259 1050.465 1050.671 1050.877 1051.003 1051.011 1051.02 1051.028 1051.036 1051.104 1051.182 1051.26 1051.337 1051.438 1051.585 1051.732 1051.879 1052.026 1052.055 1052.055 1052.055 1052.055 1052.056 1052.061 1052.065 1052.069 1052.073 1052.071 1052.067
1049.079 1049.124 1049.168 1049.206 1049.221 1049.236 1049.25 1049.265 1049.382 1049.543 1049.704 1049.865 1050.0 1050.0 1050.0 1050.0 1050.0 1050.0 1050.0 1050.0 1050.0 1050.0 1050.0 1050.0 1050.0 1050.0 1050.0 1050.0 1050.0 1050.0 1050.0 1050.0 1050.0 1050.0 1050.0 1050.025 1050.077 1050.129 1050.181 1050.233 1050.395 1050.563 1050.732 1050.9 1051.012 1051.042 1051.072 1051.101 1051.131 1051.212 1051.3 1051.388 1051.477 1051.585 1051.732 1051.879 1052.026 1052.173 1052.202 1052.202 1052.202 1052.202 1052.206 1052.221 1052.236 1052.251 1052.266 1052.259 1052.244
1049.136 1049.213 1049.29 1049.355 1049.381 1049.407 1049.432 1049.458 1049.548 1049.665 1049.783 1049.901 1050.0 1050.0 1050.0 1050.0 1050.0 1050.0 1050.0 1050.0 1050.0 1050.0 1050.0 1050.0 1050.0 1050.0 1050.0 1050.0 1050.0 1050.0 1050.0 1050.0 1050.0 1050.0 1050.0 1050.043 1050.133 1050.223 1050.313 1050.402 1050.531 1050.661 1050.792 1050.922 1051.021 1051.072 1051.124 1051.175 1051.226 1051.319 1051.418 1051.517 1051.617 1051.732 1051.879 1052.026 1052.173 1052.32 1052.349 1052.349 1052.349 1052.349 1052.356 1052.382 1052.407 1052.433 1052.459 1052.447 1052.422
1049.193 1049.303 1049.412 1049.505 1049.541 1049.578 1049.614 1049.651 1049.714 1049.788 1049.863 1049.937 1050.0 1050.0 1050.0 1050.0 1050.0 1050.0 1050.0 1050.0 1050.0 1050.0 1050.0 1050.0 1050.0 1050.0 1050.0 1050.0 1050.0 1050.0 1050.0 1050.0 1050.0 1050.0 1050.0 1050.061 1050.189 1050.316 1050.444 1050.572 1050.667 1050.759 1050.852 1050.945 1051.03 1051.103 1051.175 1051.248 1051.321 1051.427 1051.536 1051.646 1051.756 1051.879 1052.026 1052.173 1052.32 1052.467 1052.496 1052.496 1052.496 1052.496 1052.506 1052.542 1052.579 1052.615 1052.652 1052.635 1052.599
1049.251 1049.393 1049.534 1049.654 1049.702 1049.749 1049.796 1049.843 1049.88 1049.911 1049.942 1049.974 1050.0 1050.0 1050.0 1050.0 1050.0 1050.0 1050.0 1050.0 1050.0 1050.0 1050.0 1050.0 1050.0 1050.0 1050.0 1050.0 1050.0 1050.0 1050.0 1050.0 1050.0 1050.0 1050.0 1050.079 1050.245 1050.41 1050.575 1050.741 1050.802 1050.857 1050.912 1050.967 1051.038 1051.133 1051.227 1051.322 1051.417 1051.534 1051.655 1051.775 1051.896 1052.026 1052.173 1052.32 1052.467 1052.614 1052.643 1052.643 1052.643 1052.643 1052.656 1052.703 1052.75 1052.797 1052.845 1052.823 1052.776
1049.397 1049.517 1049.636 1049.738 1049.778 1049.818 1049.857 1049.897 1049.923 1049.943 1049.963 1049.983 1050.0 1050.0 1050.0 1050.0 1050.0 1050.0 1050.0 1050.0 1050.0 1050.0 1050.0 1050.0 1050.0 1050.0 1050.0 1050.0 1050.0 1050.0 1050.0 1050.032 1050.064 1050.096 1050.128 1050.215 1050.364 1050.513 1050.662 1050.81 1050.869 1050.923 1050.976 1051.03 1051.105 1051.212 1051.319 1051.426 1051.533 1051.654 1051.776 1051.899 1052.021 1052.149 1052.287 1052.425 1052.563 1052.701 1052.729 1052.729 1052.729 1052.729 1052.742 1052.796 1052.849 1052.903 1052.957 1052.942 1052.902
1049.56 1049.648 1049.735 1049.809 1049.838 1049.867 1049.896 1049.925 1049.944 1049.959 1049.973 1049.988 1050.0 1050.0 1050.0 1050.0 1050.0 1050.0 1050.0 1050.0 1050.0 1050.0 1050.0 1050.0 1050.0 1050.0 1050.0 1050.0 1050.0 1050.0 1050.001 1050.071 1050.14 1050.21 1050.279 1050.374 1050.496 1050.617 1050.739 1050.861 1050.923 1050.982 1051.041 1051.1 1051.183 1051.301 1051.419 1051.537 1051.655 1051.776 1051.899 1052.021 1052.144 1052.268 1052.395 1052.522 1052.649 1052.776 1052.802 1052.802 1052.802 1052.802 1052.817 1052.876 1052.935 1052.994 1053.053 1053.048 1053.019
1049.723 1049.778 1049.833 1049.88 1049.898 1049.916 1049.935 1049.953 1049.965 1049.974 1049.983 1049.992 1050.0 1050.0 1050.0 1050.0 1050.0 1050.0 1050.0 1050.0 1050.0 1050.0 1050.0 1050.0 1050.0 1050.0 1050.0 1050.0 1050.0 1050.0 1050.002 1050.109 1050.216 1050.324 1050.431 1050.532 1050.627 1050.722 1050.817 1050.911 1050.978 1051.042 1051.106 1051.17 1051.261 1051.39 1051.518 1051.647 1051.776 1051.899 1052.021 1052.144 1052.266 1052.387 1052.503 1052.619 1052.736 1052.852 1052.875 1052.875 1052.875 1052.875 1052.892 1052.957 1053.021 1053.085 1053.149 1053.154 1053.136
1049.886 1049.909 1049.932 1049.951 1049.958 1049.966 1049.973 1049.981 1049.986 1049.989 1049.993 1049.997 1050.0 1050.0 1050.0 1050.0 1050.0 1050.0 1050.0 1050.0 1050.0 1050.0 1050.0 1050.0 1050.0 1050.0 1050.0 1050.0 1050.0 1050.0 1050.002 1050.147 1050.292 1050.438 1050.583 1050.691 1050.759 1050.826 1050.894 1050.962 1051.032 1051.101 1051.171 1051.241 1051.339 1051.478 1051.618 1051.757 1051.897 1052.021 1052.144 1052.266 1052.389 1052.505 1052.611 1052.717 1052.822 1052.927 1052.949 1052.949 1052.949 1052.949 1052.967 1053.037 1053.106 1053.176 1053.246 1053.26 1053.252
1050.0 1050.0 1050.0 1050.0 1050.0 1050.0 1050.0 1050.0 1050.0 1050.0 1050.0 1050.0 1050.0 1050.0 1050.0 1050.0 1050.0 1050.0 1050.0 1050.0 1050.0 1050.0 1050.0 1050.0 1050.0 1050.0 1050.0 1050.0 1050.0 1050.0 1050.003 1050.177 1050.352 1050.527 1050.701 1050.814 1050.86 1050.906 1050.952 1050.997 1051.078 1051.162 1051.245 1051.328 1051.434 1051.571 1051.708 1051.845 1051.982 1052.112 1052.241 1052.37 1052.499 1052.616 1052.707 1052.799 1052.89 1052.981 1053.008 1053.018 1053.028 1053.037 1053.064 1053.137 1053.211 1053.284 1053.358 1053.389 1053.403
1050.0 1050.0 1050.0 1050.0 1050.0 1050.0 1050.0 1050.0 1050.0 1050.0 1050.0 1050.0 1050.0 1050.0 1050.0 1050.0 1050.0 1050.0 1050.0 1050.0 1050.0 1050.0 1050.0 1050.0 1050.0 1050.0 1050.0 1050.0 1050.0 1050.0 1050.003 1050.188 1050.374 1050.559 1050.745 1050.858 1050.893 1050.928 1050.963 1050.998 1051.109 1051.225 1051.34 1051.456 1051.568 1051.672 1051.777 1051.882 1051.986 1052.131 1052.282 1052.432 1052.583 1052.707 1052.776 1052.846 1052.916 1052.986 1053.034 1053.076 1053.118 1053.16 1053.211 1053.284 1053.358 1053.431 1053.505 1053.571 1053.634
1050.0 1050.0 1050.0 1050.0 1050.0 1050.0 1050.0 1050.0 1050.0 1050.0 1050.0 1050.0 1050.0 1050.0 1050.0 1050.0 1050.0 1050.0 1050.0 1050.0 1050.0 1050.0 1050.0 1050.0 1050.0 1050.0 1050.0 1050.0 1050.0 1050.0 1050.003 1050.199 1050.396 1050.592 1050.788 1050.902 1050.926 1050.95 1050.974 1050.999 1051.14 1051.288 1051.436 1051.584 1051.701 1051.774 1051.846 1051.918 1051.991 1052.15 1052.322 1052.494 1052.667 1052.797 1052.846 1052.894 1052.942 1052.99 1053.059 1053.134 1053.209 1053.283 1053.358 1053.431 1053.505 1053.578 1053.652 1053.753 1053.865
1050.0 1050.0 1050.0 1050.0 1050.0 1050.0 1050.0 1050.0 1050.0 1050.0 1050.0 1050.0 1050.0 1050.0 1050.0 1050.0 1050.0 1050.0 1050.0 1050.0 1050.0 1050.0 1050.0 1050.0 1050.0 1050.0 1050.0 1050.0 1050.0 1050.0 1050.003 1050.21 1050.417 1050.624 1050.832 1050.946 1050.959 1050.973 1050.986 1050.999 1051.17 1051.351 1051.531 1051.712 1051.835 1051.875 1051.915 1051.955 1051.995 1052.169 1052.362 1052.556 1052.75 1052.888 1052.915 1052.941 1052.968 1052.995 1053.085 1053.192 1053.299 1053.406 1053.505 1053.578 1053.652 1053.725 1053.799 1053.935 1054.096
1050.0 1050.0 1050.0 1050.0 1050.0 1050.0 1050.0 1050.0 1050.0 1050.0 1050.0 1050.0 1050.0 1050.0 1050.0 1050.0 1050.0 1050.0 1050.0 1050.0 1050.0 1050.0 1050.0 1050.0 1050.0 1050.0 1050.0 1050.0 1050.0 1050.0 1050.003 1050.221 1050.439 1050.657 1050.875 1050.99 1050.992 1050.995 1050.997 1051.0 1051.201 1051.414 1051.626 1051.839 1051.969 1051.976 1051.984 1051.991 1051.999 1052.187 1052.403 1052.618 1052.834 1052.979 1052.984 1052.989 1052.994 1052.999 1053.111 1053.251 1053.39 1053.53 1053.652 1053.725 1053.799 1053.872 1053.946 1054.118 1054.327
1050.0 1050.0 1050.0 1050.0 1050.0 1050.0 1050.0 1050.0 1050.0 1050.0 1050.0 1050.0 1050.0 1050.0 1050.0 1050.0 1050.0 1050.0 1050.0 1050.0 1050.0 1050.0 1050.0 1050.0 1050.0 1050.0 1050.0 1050.0 1050.0 1050.0 1050.003 1050.194 1050.386 1050.577 1050.768 1050.882 1050.911 1050.94 1050.969 1050.998 1051.172 1051.356 1051.539 1051.722 1051.846 1051.883 1051.921 1051.958 1051.995 1052.17 1052.366 1052.561 1052.757 1052.895 1052.92 1052.945 1052.97 1052.995 1053.127 1053.286 1053.446 1053.605 1053.747 1053.837 1053.927 1054.017 1054.107 1054.27 1054.462
1050.0 1050.0 1050.0 1050.0 1050.0 1050.0 1050.0 1050.0 1050.0 1050.0 1050.0 1050.0 1050.0 1050.0 1050.0 1050.0 1050.0 1050.0 1050.0 1050.0 1050.0 1050.0 1050.0 1050.0 1050.0 1050.0 1050.0 1050.0 1050.0 1050.0 1050.002 1050.156 1050.309 1050.463 1050.617 1050.729 1050.796 1050.862 1050.929 1050.996 1051.127 1051.261 1051.396 1051.53 1051.645 1051.731 1051.817 1051.903 1051.989 1052.142 1052.305 1052.468 1052.631 1052.759 1052.817 1052.874 1052.931 1052.988 1053.14 1053.316 1053.491 1053.667 1053.826 1053.937 1054.049 1054.161 1054.272 1054.415 1054.568
