data/zism_data/00613_02_D.txt
ncols         224
nrows         224
[rows 196 to 223 of 224, columns 0 to 64 of 224]
1198.0 1198.0 1198.0 1198.0 1198.0 1198.0 1198.0 1198.0 1198.0 1198.0 1198.0 1198.0 1198.0 1198.0 1198.0 1198.0 1198.0 1198.0 1198.0 1198.0 1198.0 1198.0 1198.057 1198.123 1198.19 1198.256 1198.351 1198.505 1198.66 1198.814 1198.969 1199.0 1199.0 1199.0 1199.0 1199.0 1199.0 1199.0 1199.0 1199.0 1199.0 1199.0 1199.0 1199.0 1199.0 1199.0 1199.0 1199.0 1199.0 1199.087 1199.216 1199.344 1199.472 1199.595 1199.687 1199.78 1199.873 1199.965 1200.0 1200.0 1200.0 1200.0 1200.0 1200.0 1200.0
1198.0 1198.0 1198.0 1198.0 1198.0 1198.0 1198.0 1198.0 1198.0 1198.0 1198.0 1198.0 1198.0 1198.0 1198.0 1198.0 1198.0 1198.0 1198.0 1198.0 1198.0 1198.0 1198.089 1198.193 1198.298 1198.402 1198.51 1198.627 1198.743 1198.86 1198.976 1199.0 1199.0 1199.0 1199.0 1199.0 1199.0 1199.0 1199.0 1199.0 1199.0 1199.0 1199.0 1199.0 1199.0 1199.0 1199.0 1199.0 1199.0 1199.08 1199.197 1199.315 1199.432 1199.547 1199.651 1199.754 1199.858 1199.961 1200.0 1200.0 1200.0 1200.0 1200.0 1200.0 1200.0
1198.0 1198.0 1198.0 1198.0 1198.0 1198.0 1198.0 1198.0 1198.0 1198.0 1198.0 1198.0 1198.0 1198.0 1198.0 1198.0 1198.0 1198.0 1198.0 1198.0 1198.0 1198.0 1198.121 1198.264 1198.406 1198.548 1198.669 1198.748 1198.827 1198.905 1198.984 1199.0 1199.0 1199.0 1199.0 1199.0 1199.0 1199.0 1199.0 1199.0 1199.0 1199.0 1199.0 1199.0 1199.0 1199.0 1199.0 1199.0 1199.0 1199.073 1199.179 1199.286 1199.392 1199.5 1199.614 1199.729 1199.843 1199.957 1200.0 1200.0 1200.0 1200.0 1200.0 1200.0 1200.0
1198.0 1198.0 1198.0 1198.0 1198.0 1198.0 1198.0 1198.0 1198.0 1198.0 1198.0 1198.0 1198.0 1198.0 1198.0 1198.0 1198.0 1198.004 1198.015 1198.025 1198.036 1198.046 1198.188 1198.351 1198.515 1198.678 1198.804 1198.85 1198.897 1198.944 1198.99 1199.0 1199.0 1199.0 1199.0 1199.0 1199.0 1199.0 1199.0 1199.0 1199.0 1199.0 1199.0 1199.0 1199.0 1199.0 1199.0 1199.0 1199.0 1199.064 1199.157 1199.25 1199.344 1199.443 1199.57 1199.697 1199.825 1199.952 1200.0 1200.0 1200.0 1200.0 1200.0 1200.0 1200.0
1198.0 1198.0 1198.0 1198.0 1198.0 1198.0 1198.0 1198.0 1198.0 1198.0 1198.0 1198.0 1198.0 1198.0 1198.0 1198.0 1198.0 1198.023 1198.082 1198.141 1198.201 1198.26 1198.376 1198.501 1198.627 1198.753 1198.849 1198.885 1198.921 1198.957 1198.993 1199.0 1199.0 1199.0 1199.0 1199.0 1199.0 1199.0 1199.0 1199.0 1199.0 1199.0 1199.0 1199.0 1199.0 1199.0 1199.0 1199.0 1199.0 1199.049 1199.121 1199.193 1199.264 1199.348 1199.497 1199.646 1199.795 1199.944 1200.0 1200.0 1200.0 1200.0 1200.0 1200.0 1200.0
1198.0 1198.0 1198.0 1198.0 1198.0 1198.0 1198.0 1198.0 1198.0 1198.0 1198.0 1198.0 1198.0 1198.0 1198.0 1198.0 1198.0 1198.042 1198.149 1198.257 1198.365 1198.473 1198.564 1198.652 1198.739 1198.827 1198.895 1198.92 1198.945 1198.97 1198.995 1199.0 1199.0 1199.0 1199.0 1199.0 1199.0 1199.0 1199.0 1199.0 1199.0 1199.0 1199.0 1199.0 1199.0 1199.0 1199.0 1199.0 1199.0 1199.034 1199.084 1199.135 1199.185 1199.253 1199.424 1199.594 1199.765 1199.936 1200.0 1200.0 1200.0 1200.0 1200.0 1200.0 1200.0
1198.0 1198.0 1198.0 1198.0 1198.0 1198.0 1198.0 1198.0 1198.0 1198.0 1198.0 1198.0 1198.0 1198.0 1198.0 1198.0 1198.0 1198.06 1198.217 1198.373 1198.53 1198.687 1198.752 1198.802 1198.852 1198.902 1198.94 1198.954 1198.969 1198.983 1198.997 1199.0 1199.0 1199.0 1199.0 1199.0 1199.0 1199.0 1199.0 1199.0 1199.0 1199.0 1199.0 1199.0 1199.0 1199.0 1199.0 1199.0 1199.0 1199.019 1199.048 1199.077 1199.105 1199.158 1199.351 1199.543 1199.735 1199.928 1200.0 1200.0 1200.0 1200.0 1200.0 1200.0 1200.0
1198.0 1198.0 1198.0 1198.0 1198.0 1198.0 1198.0 1198.0 1198.0 1198.0 1198.0 1198.0 1198.0 1198.0 1198.0 1198.0 1198.0 1198.079 1198.284 1198.489 1198.695 1198.9 1198.94 1198.952 1198.964 1198.976 1198.985 1198.989 1198.992 1198.996 1198.999 1199.0 1199.0 1199.0 1199.0 1199.0 1199.0 1199.0 1199.0 1199.0 1199.0 1199.0 1199.0 1199.0 1199.0 1199.0 1199.0 1199.0 1199.0 1199.005 1199.012 1199.019 1199.025 1199.064 1199.278 1199.492 1199.705 1199.919 1200.0 1200.0 1200.0 1200.0 1200.0 1200.0 1200.0
1198.0 1198.0 1198.0 1198.0 1198.0 1198.0 1198.0 1198.0 1198.0 1198.0 1198.0 1198.0 1198.0 1198.024 1198.049 1198.075 1198.101 1198.192 1198.387 1198.582 1198.777 1198.972 1199.0 1199.0 1199.0 1199.0 1199.0 1199.0 1199.0 1199.0 1199.0 1199.0 1199.0 1199.0 1199.0 1199.0 1199.0 1199.0 1199.0 1199.0 1199.005 1199.013 1199.02 1199.028 1199.036 1199.051 1199.066 1199.081 1199.095 1199.108 1199.119 1199.13 1199.141 1199.179 1199.366 1199.554 1199.742 1199.929 1200.0 1200.0 1200.0 1200.0 1200.0 1200.0 1200.0
1198.0 1198.0 1198.0 1198.0 1198.0 1198.0 1198.0 1198.0 1198.0 1198.0 1198.0 1198.0 1198.0 1198.058 1198.122 1198.185 1198.249 1198.349 1198.506 1198.663 1198.82 1198.977 1199.0 1199.0 1199.0 1199.0 1199.0 1199.0 1199.0 1199.0 1199.0 1199.0 1199.0 1199.0 1199.0 1199.0 1199.0 1199.0 1199.0 1199.0 1199.013 1199.032 1199.05 1199.068 1199.09 1199.126 1199.163 1199.199 1199.235 1199.266 1199.293 1199.32 1199.348 1199.392 1199.531 1199.67 1199.809 1199.948 1200.0 1200.0 1200.0 1200.0 1200.0 1200.0 1200.0
1198.0 1198.0 1198.0 1198.0 1198.0 1198.0 1198.0 1198.0 1198.0 1198.0 1198.0 1198.0 1198.0 1198.093 1198.194 1198.296 1198.397 1198.506 1198.625 1198.744 1198.863 1198.983 1199.0 1199.0 1199.0 1199.0 1199.0 1199.0 1199.0 1199.0 1199.0 1199.0 1199.0 1199.0 1199.0 1199.0 1199.0 1199.0 1199.0 1199.0 1199.021 1199.05 1199.079 1199.109 1199.144 1199.202 1199.26 1199.318 1199.375 1199.424 1199.467 1199.511 1199.554 1199.605 1199.695 1199.785 1199.876 1199.966 1200.0 1200.0 1200.0 1200.0 1200.0 1200.0 1200.0
1198.0 1198.0 1198.0 1198.0 1198.0 1198.0 1198.0 1198.0 1198.0 1198.0 1198.0 1198.0 1198.0 1198.127 1198.267 1198.406 1198.545 1198.662 1198.744 1198.825 1198.907 1198.988 1199.0 1199.0 1199.0 1199.0 1199.0 1199.0 1199.0 1199.0 1199.0 1199.0 1199.0 1199.0 1199.0 1199.0 1199.0 1199.0 1199.0 1199.0 1199.029 1199.069 1199.109 1199.149 1199.197 1199.277 1199.356 1199.436 1199.516 1199.582 1199.641 1199.701 1199.761 1199.818 1199.859 1199.901 1199.943 1199.984 1200.0 1200.0 1200.0 1200.0 1200.0 1200.0 1200.0
1198.0 1198.0 1198.0 1198.0 1198.0 1198.0 1198.0 1198.0 1198.002 1198.008 1198.013 1198.019 1198.024 1198.178 1198.346 1198.514 1198.682 1198.803 1198.851 1198.898 1198.946 1198.993 1199.0 1199.0 1199.0 1199.0 1199.0 1199.0 1199.0 1199.0 1199.0 1199.0 1199.0 1199.0 1199.0 1199.0 1199.0 1199.0 1199.0 1199.0 1199.038 1199.089 1199.141 1199.192 1199.254 1199.352 1199.45 1199.548 1199.646 1199.726 1199.797 1199.868 1199.94 1200.0 1200.0 1200.0 1200.0 1200.0 1200.0 1200.0 1200.0 1200.0 1200.0 1200.0 1200.0
1198.0 1198.0 1198.0 1198.0 1198.0 1198.0 1198.0 1198.0 1198.019 1198.063 1198.106 1198.149 1198.193 1198.325 1198.466 1198.606 1198.747 1198.848 1198.885 1198.921 1198.958 1198.995 1199.0 1199.0 1199.0 1199.0 1199.0 1199.0 1199.0 1199.0 1199.0 1199.0 1199.0 1199.0 1199.0 1199.0 1199.0 1199.0 1199.0 1199.0 1199.05 1199.118 1199.185 1199.253 1199.327 1199.425 1199.523 1199.621 1199.719 1199.788 1199.843 1199.898 1199.953 1200.0 1200.0 1200.0 1200.0 1200.0 1200.0 1200.0 1200.0 1200.0 1200.0 1200.0 1200.0
1198.0 1198.0 1198.0 1198.0 1198.0 1198.0 1198.0 1198.0 1198.036 1198.117 1198.198 1198.28 1198.361 1198.472 1198.585 1198.699 1198.813 1198.893 1198.919 1198.945 1198.97 1198.996 1199.0 1199.0 1199.0 1199.0 1199.0 1199.0 1199.0 1199.0 1199.0 1199.0 1199.0 1199.0 1199.0 1199.0 1199.0 1199.0 1199.0 1199.0 1199.062 1199.146 1199.23 1199.314 1199.401 1199.499 1199.597 1199.695 1199.793 1199.851 1199.89 1199.928 1199.967 1200.0 1200.0 1200.0 1200.0 1200.0 1200.0 1200.0 1200.0 1200.0 1200.0 1200.0 1200.0
1198.0 1198.0 1198.0 1198.0 1198.0 1198.0 1198.0 1198.0 1198.053 1198.172 1198.291 1198.41 1198.529 1198.618 1198.705 1198.792 1198.878 1198.938 1198.953 1198.968 1198.983 1198.998 1199.0 1199.0 1199.0 1199.0 1199.0 1199.0 1199.0 1199.0 1199.0 1199.0 1199.0 1199.0 1199.0 1199.0 1199.0 1199.0 1199.0 1199.0 1199.074 1199.174 1199.274 1199.374 1199.474 1199.572 1199.67 1199.768 1199.866 1199.913 1199.936 1199.958 1199.981 1200.0 1200.0 1200.0 1200.0 1200.0 1200.0 1200.0 1200.0 1200.0 1200.0 1200.0 1200.0
1198.0 1198.0 1198.0 1198.0 1198.0 1198.0 1198.0 1198.0 1198.069 1198.226 1198.383 1198.54 1198.697 1198.765 1198.825 1198.884 1198.944 1198.982 1198.987 1198.991 1198.995 1198.999 1199.0 1199.0 1199.0 1199.0 1199.0 1199.0 1199.0 1199.0 1199.0 1199.0 1199.0 1199.0 1199.0 1199.0 1199.0 1199.0 1199.0 1199.0 1199.086 1199.202 1199.319 1199.435 1199.547 1199.646 1199.744 1199.842 1199.94 1199.976 1199.982 1199.988 1199.995 1200.0 1200.0 1200.0 1200.0 1200.0 1200.0 1200.0 1200.0 1200.0 1200.0 1200.0 1200.0
1198.0 1198.0 1198.0 1198.0 1198.029 1198.058 1198.088 1198.118 1198.2 1198.349 1198.497 1198.646 1198.795 1198.846 1198.889 1198.931 1198.974 1199.0 1199.0 1199.0 1199.0 1199.0 1199.0 1199.0 1199.0 1199.0 1199.0 1199.0 1199.0 1199.0 1199.0 1199.0 1199.0 1199.0 1199.0 1199.0 1199.0 1199.0 1199.0 1199.0 1199.1 1199.236 1199.372 1199.508 1199.633 1199.718 1199.803 1199.888 1199.973 1200.0 1200.0 1200.0 1200.0 1200.0 1200.0 1200.0 1200.0 1200.0 1200.0 1200.0 1200.0 1200.0 1200.002 1200.022 1200.041
1198.0 1198.0 1198.0 1198.0 1198.076 1198.154 1198.233 1198.311 1198.404 1198.514 1198.625 1198.736 1198.847 1198.885 1198.917 1198.949 1198.98 1199.0 1199.0 1199.0 1199.0 1199.0 1199.0 1199.0 1199.0 1199.0 1199.0 1199.0 1199.0 1199.0 1199.0 1199.0 1199.0 1199.0 1199.0 1199.0 1199.0 1199.0 1199.0 1199.0 1199.116 1199.274 1199.431 1199.589 1199.726 1199.79 1199.853 1199.917 1199.98 1200.0 1200.0 1200.0 1200.0 1200.0 1200.0 1200.0 1200.0 1200.0 1200.0 1200.0 1200.0 1200.0 1200.005 1200.057 1200.109
1198.0 1198.0 1198.0 1198.0 1198.123 1198.25 1198.377 1198.504 1198.607 1198.68 1198.753 1198.826 1198.899 1198.925 1198.945 1198.966 1198.987 1199.0 1199.0 1199.0 1199.0 1199.0 1199.0 1199.0 1199.0 1199.0 1199.0 1199.0 1199.0 1199.0 1199.0 1199.0 1199.0 1199.0 1199.0 1199.0 1199.0 1199.0 1199.0 1199.0 1199.132 1199.312 1199.491 1199.67 1199.82 1199.862 1199.903 1199.945 1199.987 1200.0 1200.0 1200.0 1200.0 1200.0 1200.0 1200.0 1200.0 1200.0 1200.0 1200.0 1200.0 1200.0 1200.008 1200.093 1200.177
1198.0 1198.0 1198.0 1198.0 1198.171 1198.346 1198.522 1198.698 1198.811 1198.846 1198.881 1198.916 1198.952 1198.964 1198.974 1198.984 1198.994 1199.0 1199.0 1199.0 1199.0 1199.0 1199.0 1199.0 1199.0 1199.0 1199.0 1199.0 1199.0 1199.0 1199.0 1199.0 1199.0 1199.0 1199.0 1199.0 1199.0 1199.0 1199.0 1199.0 1199.148 1199.349 1199.55 1199.751 1199.913 1199.933 1199.953 1199.974 1199.994 1200.0 1200.0 1200.0 1200.0 1200.0 1200.0 1200.0 1200.0 1200.0 1200.0 1200.0 1200.0 1200.0 1200.011 1200.128 1200.245
1198.016 1198.016 1198.016 1198.016 1198.227 1198.444 1198.661 1198.879 1199.0 1199.0 1199.0 1199.0 1199.0 1199.0 1199.0 1199.0 1199.0 1199.0 1199.0 1199.0 1199.0 1199.0 1199.0 1199.0 1199.0 1199.0 1199.0 1199.0 1199.0 1199.0 1199.0 1199.002 1199.004 1199.007 1199.009 1199.011 1199.012 1199.012 1199.013 1199.014 1199.175 1199.393 1199.61 1199.828 1200.0 1200.0 1200.0 1200.0 1200.0 1200.0 1200.0 1200.0 1200.0 1200.0 1200.0 1200.0 1200.0 1200.0 1200.0 1200.0 1200.0 1200.0 1200.014 1200.162 1200.311
1198.236 1198.236 1198.236 1198.236 1198.4 1198.569 1198.737 1198.906 1199.0 1199.0 1199.0 1199.0 1199.0 1199.0 1199.0 1199.0 1199.0 1199.0 1199.0 1199.0 1199.0 1199.0 1199.0 1199.0 1199.0 1199.0 1199.0 1199.0 1199.0 1199.0 1199.0 1199.028 1199.063 1199.097 1199.132 1199.161 1199.172 1199.184 1199.196 1199.207 1199.339 1199.513 1199.688 1199.862 1200.0 1200.0 1200.0 1200.0 1200.0 1200.0 1200.0 1200.0 1200.0 1200.0 1200.0 1200.0 1200.0 1200.0 1200.0 1200.0 1200.0 1200.0 1200.016 1200.18 1200.345
1198.457 1198.457 1198.457 1198.457 1198.573 1198.693 1198.813 1198.933 1199.0 1199.0 1199.0 1199.0 1199.0 1199.0 1199.0 1199.0 1199.0 1199.0 1199.0 1199.0 1199.0 1199.0 1199.0 1199.0 1199.0 1199.0 1199.0 1199.0 1199.0 1199.0 1199.0 1199.054 1199.121 1199.188 1199.255 1199.311 1199.333 1199.355 1199.378 1199.4 1199.503 1199.634 1199.765 1199.896 1200.0 1200.0 1200.0 1200.0 1200.0 1200.0 1200.0 1200.0 1200.0 1200.0 1200.0 1200.0 1200.0 1200.0 1200.0 1200.0 1200.0 1200.0 1200.017 1200.198 1200.379
1198.677 1198.677 1198.677 1198.677 1198.746 1198.818 1198.889 1198.96 1199.0 1199.0 1199.0 1199.0 1199.0 1199.0 1199.0 1199.0 1199.0 1199.0 1199.0 1199.0 1199.0 1199.0 1199.0 1199.0 1199.0 1199.0 1199.0 1199.0 1199.0 1199.0 1199.0 1199.079 1199.179 1199.279 1199.379 1199.46 1199.494 1199.527 1199.56 1199.593 1199.667 1199.755 1199.843 1199.931 1200.0 1200.0 1200.0 1200.0 1200.0 1200.0 1200.0 1200.0 1200.0 1200.0 1200.0 1200.0 1200.0 1200.0 1200.0 1200.0 1200.0 1200.0 1200.019 1200.216 1200.413
1198.898 1198.898 1198.898 1198.898 1198.92 1198.942 1198.965 1198.987 1199.0 1199.0 1199.0 1199.0 1199.0 1199.0 1199.0 1199.0 1199.0 1199.0 1199.0 1199.0 1199.0 1199.0 1199.0 1199.0 1199.0 1199.0 1199.0 1199.0 1199.0 1199.0 1199.0 1199.105 1199.237 1199.37 1199.502 1199.61 1199.654 1199.698 1199.742 1199.786 1199.831 1199.876 1199.92 1199.965 1200.0 1200.0 1200.0 1200.0 1200.0 1200.0 1200.0 1200.0 1200.0 1200.0 1200.0 1200.0 1200.0 1200.0 1200.0 1200.0 1200.0 1200.0 1200.02 1200.233 1200.447
1199.0 1199.0 1199.0 1199.0 1199.0 1199.0 1199.0 1199.0 1199.0 1199.0 1199.0 1199.0 1199.0 1199.0 1199.0 1199.0 1199.0 1199.0 1199.0 1199.0 1199.0 1199.0 1199.0 1199.0 1199.0 1199.0 1199.001 1199.004 1199.007 1199.01 1199.013 1199.135 1199.288 1199.441 1199.594 1199.718 1199.761 1199.804 1199.848 1199.891 1199.918 1199.94 1199.961 1199.983 1200.0 1200.0 1200.0 1200.0 1200.0 1200.0 1200.0 1200.0 1200.0 1200.0 1200.0 1200.0 1200.0 1200.0 1200.0 1200.0 1200.0 1200.0 1200.021 1200.242 1200.462
1199.0 1199.0 1199.0 1199.0 1199.0 1199.0 1199.0 1199.0 1199.0 1199.0 1199.0 1199.0 1199.0 1199.0 1199.0 1199.0 1199.0 1199.0 1199.0 1199.0 1199.0 1199.0 1199.0 1199.0 1199.0 1199.0 1199.003 1199.011 1199.019 1199.028 1199.036 1199.168 1199.332 1199.496 1199.66 1199.788 1199.821 1199.853 1199.886 1199.918 1199.938 1199.955 1199.971 1199.987 1200.0 1200.0 1200.0 1200.0 1200.0 1200.0 1200.0 1200.0 1200.0 1200.0 1200.0 1200.0 1200.0 1200.0 1200.0 1200.0 1200.0 1200.0 1200.021 1200.242 1200.462
