data/zism_data/00613_04_D.txt
ncols         224
nrows         224
[rows 58 to 86 of 224, columns 64 to 127 of 224]
1204.962 1205.133 1205.304 1205.384 1205.396 1205.407 1205.418 1205.436 1205.646 1205.855 1206.065 1206.275 1206.378 1206.378 1206.378 1206.378 1206.378 1206.434 1206.491 1206.548 1206.604 1206.687 1206.801 1206.915 1207.028 1207.142 1207.187 1207.226 1207.265 1207.304 1207.401 1207.588 1207.776 1207.963 1208.151 1208.362 1208.577 1208.792 1209.008 1209.155 1209.166 1209.177 1209.188 1209.199 1209.206 1209.212 1209.217 1209.223 1209.227 1209.227 1209.227 1209.227 1209.227 1209.219 1209.207 1209.196 1209.185 1209.156 1209.06 1208.964 1208.868 1208.772 1208.629 1208.466
1205.448 1205.57 1205.692 1205.758 1205.78 1205.802 1205.824 1205.852 1206.051 1206.25 1206.449 1206.647 1206.745 1206.745 1206.745 1206.745 1206.745 1206.785 1206.826 1206.867 1206.907 1206.966 1207.048 1207.129 1207.21 1207.292 1207.369 1207.446 1207.522 1207.599 1207.707 1207.862 1208.017 1208.172 1208.327 1208.529 1208.739 1208.948 1209.158 1209.306 1209.327 1209.349 1209.371 1209.393 1209.406 1209.417 1209.428 1209.439 1209.447 1209.447 1209.447 1209.447 1209.447 1209.431 1209.409 1209.387 1209.365 1209.322 1209.205 1209.087 1208.97 1208.852 1208.692 1208.512
1205.934 1206.008 1206.081 1206.131 1206.164 1206.197 1206.23 1206.268 1206.456 1206.644 1206.832 1207.02 1207.113 1207.113 1207.113 1207.113 1207.113 1207.137 1207.161 1207.186 1207.21 1207.246 1207.295 1207.343 1207.392 1207.441 1207.551 1207.665 1207.78 1207.895 1208.012 1208.135 1208.257 1208.38 1208.503 1208.696 1208.9 1209.104 1209.309 1209.456 1209.489 1209.522 1209.554 1209.587 1209.607 1209.623 1209.64 1209.656 1209.668 1209.668 1209.668 1209.668 1209.668 1209.643 1209.61 1209.578 1209.545 1209.489 1209.35 1209.211 1209.072 1208.933 1208.754 1208.558
1206.42 1206.445 1206.469 1206.505 1206.548 1206.592 1206.636 1206.684 1206.861 1207.039 1207.216 1207.393 1207.48 1207.48 1207.48 1207.48 1207.48 1207.488 1207.497 1207.505 1207.513 1207.525 1207.541 1207.558 1207.574 1207.591 1207.732 1207.885 1208.038 1208.19 1208.318 1208.408 1208.498 1208.588 1208.678 1208.862 1209.061 1209.26 1209.459 1209.607 1209.65 1209.694 1209.737 1209.781 1209.807 1209.829 1209.851 1209.872 1209.888 1209.888 1209.888 1209.888 1209.888 1209.856 1209.812 1209.769 1209.725 1209.656 1209.495 1209.334 1209.174 1209.013 1208.816 1208.604
1206.898 1206.922 1206.946 1206.981 1207.025 1207.068 1207.112 1207.16 1207.313 1207.466 1207.619 1207.772 1207.848 1207.848 1207.848 1207.848 1207.848 1207.848 1207.848 1207.848 1207.848 1207.848 1207.848 1207.848 1207.848 1207.848 1207.989 1208.142 1208.295 1208.448 1208.573 1208.655 1208.736 1208.818 1208.899 1209.068 1209.251 1209.434 1209.617 1209.757 1209.812 1209.866 1209.92 1209.975 1209.999 1210.015 1210.032 1210.048 1210.063 1210.074 1210.085 1210.095 1210.106 1210.06 1209.995 1209.93 1209.865 1209.779 1209.618 1209.457 1209.296 1209.135 1208.936 1208.721
1207.367 1207.44 1207.513 1207.563 1207.596 1207.629 1207.662 1207.698 1207.813 1207.928 1208.043 1208.158 1208.215 1208.215 1208.215 1208.215 1208.215 1208.215 1208.215 1208.215 1208.215 1208.215 1208.215 1208.215 1208.215 1208.215 1208.321 1208.436 1208.552 1208.667 1208.775 1208.873 1208.971 1209.069 1209.167 1209.314 1209.47 1209.626 1209.782 1209.908 1209.973 1210.038 1210.103 1210.169 1210.182 1210.182 1210.182 1210.183 1210.192 1210.224 1210.256 1210.289 1210.321 1210.256 1210.159 1210.061 1209.964 1209.857 1209.718 1209.578 1209.439 1209.299 1209.115 1208.91
1207.837 1207.958 1208.079 1208.145 1208.167 1208.189 1208.211 1208.235 1208.312 1208.39 1208.467 1208.544 1208.583 1208.583 1208.583 1208.583 1208.583 1208.583 1208.583 1208.583 1208.583 1208.583 1208.583 1208.583 1208.583 1208.583 1208.654 1208.731 1208.808 1208.886 1208.978 1209.092 1209.206 1209.32 1209.434 1209.561 1209.689 1209.818 1209.947 1210.058 1210.134 1210.21 1210.286 1210.362 1210.365 1210.349 1210.333 1210.317 1210.32 1210.374 1210.428 1210.482 1210.536 1210.453 1210.323 1210.193 1210.063 1209.935 1209.818 1209.7 1209.582 1209.464 1209.294 1209.1
1208.306 1208.476 1208.646 1208.726 1208.738 1208.749 1208.76 1208.772 1208.812 1208.852 1208.891 1208.931 1208.95 1208.95 1208.95 1208.95 1208.95 1208.95 1208.95 1208.95 1208.95 1208.95 1208.95 1208.95 1208.95 1208.95 1208.986 1209.026 1209.065 1209.105 1209.18 1209.31 1209.44 1209.571 1209.701 1209.807 1209.908 1210.01 1210.112 1210.209 1210.296 1210.383 1210.469 1210.556 1210.547 1210.515 1210.483 1210.451 1210.449 1210.524 1210.6 1210.675 1210.751 1210.649 1210.486 1210.324 1210.161 1210.014 1209.917 1209.821 1209.725 1209.629 1209.473 1209.29
1208.775 1208.994 1209.213 1209.308 1209.309 1209.309 1209.309 1209.31 1209.312 1209.313 1209.315 1209.317 1209.317 1209.317 1209.317 1209.317 1209.317 1209.317 1209.317 1209.317 1209.317 1209.317 1209.317 1209.317 1209.317 1209.317 1209.319 1209.321 1209.322 1209.324 1209.382 1209.529 1209.675 1209.822 1209.968 1210.053 1210.128 1210.202 1210.277 1210.359 1210.457 1210.555 1210.652 1210.75 1210.73 1210.682 1210.634 1210.585 1210.577 1210.674 1210.771 1210.869 1210.966 1210.845 1210.65 1210.455 1210.26 1210.092 1210.017 1209.943 1209.868 1209.793 1209.652 1209.479
1209.261 1209.435 1209.609 1209.685 1209.685 1209.685 1209.685 1209.685 1209.685 1209.685 1209.685 1209.685 1209.685 1209.685 1209.685 1209.685 1209.685 1209.639 1209.593 1209.546 1209.5 1209.474 1209.474 1209.474 1209.474 1209.474 1209.474 1209.474 1209.474 1209.474 1209.538 1209.7 1209.863 1210.026 1210.188 1210.261 1210.319 1210.377 1210.435 1210.515 1210.639 1210.763 1210.887 1211.011 1210.979 1210.91 1210.84 1210.77 1210.749 1210.858 1210.966 1211.075 1211.183 1211.061 1210.859 1210.658 1210.456 1210.276 1210.171 1210.067 1209.962 1209.857 1209.731 1209.596
1209.746 1209.872 1209.998 1210.052 1210.052 1210.052 1210.052 1210.052 1210.052 1210.052 1210.052 1210.052 1210.052 1210.052 1210.052 1210.052 1210.052 1209.959 1209.864 1209.769 1209.673 1209.621 1209.621 1209.621 1209.621 1209.621 1209.621 1209.621 1209.621 1209.621 1209.691 1209.87 1210.049 1210.228 1210.407 1210.467 1210.509 1210.551 1210.593 1210.671 1210.822 1210.973 1211.124 1211.275 1211.231 1211.14 1211.049 1210.957 1210.924 1211.043 1211.162 1211.282 1211.401 1211.277 1211.07 1210.863 1210.656 1210.465 1210.328 1210.19 1210.053 1209.916 1209.806 1209.709
1210.232 1210.309 1210.386 1210.42 1210.42 1210.42 1210.42 1210.42 1210.42 1210.42 1210.42 1210.42 1210.42 1210.42 1210.42 1210.42 1210.42 1210.279 1210.135 1209.991 1209.847 1209.768 1209.768 1209.768 1209.768 1209.768 1209.768 1209.768 1209.768 1209.768 1209.844 1210.039 1210.234 1210.43 1210.625 1210.674 1210.699 1210.725 1210.751 1210.827 1211.005 1211.183 1211.361 1211.54 1211.483 1211.37 1211.257 1211.144 1211.098 1211.228 1211.359 1211.489 1211.619 1211.493 1211.281 1211.069 1210.857 1210.654 1210.484 1210.314 1210.145 1209.975 1209.881 1209.822
1210.718 1210.747 1210.775 1210.787 1210.787 1210.787 1210.787 1210.787 1210.787 1210.787 1210.787 1210.787 1210.787 1210.787 1210.787 1210.787 1210.787 1210.599 1210.406 1210.214 1210.021 1209.915 1209.915 1209.915 1209.915 1209.915 1209.915 1209.915 1209.915 1209.915 1209.998 1210.209 1210.42 1210.632 1210.843 1210.88 1210.89 1210.899 1210.909 1210.983 1211.188 1211.393 1211.599 1211.804 1211.735 1211.601 1211.466 1211.332 1211.273 1211.414 1211.555 1211.696 1211.836 1211.71 1211.492 1211.274 1211.057 1210.843 1210.641 1210.438 1210.237 1210.035 1209.957 1209.935
1211.183 1211.197 1211.21 1211.208 1211.195 1211.181 1211.168 1211.154 1211.154 1211.154 1211.154 1211.154 1211.147 1211.134 1211.12 1211.107 1211.093 1210.89 1210.683 1210.476 1210.269 1210.154 1210.154 1210.154 1210.154 1210.154 1210.154 1210.154 1210.154 1210.154 1210.234 1210.436 1210.639 1210.842 1211.044 1211.076 1211.081 1211.085 1211.09 1211.164 1211.378 1211.592 1211.806 1212.02 1211.943 1211.796 1211.649 1211.502 1211.432 1211.565 1211.699 1211.833 1211.966 1211.847 1211.642 1211.437 1211.232 1211.025 1210.806 1210.588 1210.369 1210.151 1210.07 1210.052
1211.618 1211.664 1211.711 1211.704 1211.658 1211.612 1211.566 1211.522 1211.522 1211.522 1211.522 1211.522 1211.498 1211.452 1211.406 1211.36 1211.314 1211.142 1210.968 1210.793 1210.618 1210.522 1210.522 1210.522 1210.522 1210.522 1210.522 1210.522 1210.522 1210.522 1210.584 1210.744 1210.903 1211.062 1211.222 1211.257 1211.272 1211.287 1211.303 1211.379 1211.577 1211.775 1211.972 1212.17 1212.09 1211.943 1211.796 1211.649 1211.57 1211.671 1211.772 1211.873 1211.974 1211.875 1211.708 1211.541 1211.374 1211.197 1210.984 1210.771 1210.558 1210.345 1210.236 1210.175
1212.054 1212.132 1212.211 1212.201 1212.122 1212.043 1211.965 1211.889 1211.889 1211.889 1211.889 1211.889 1211.849 1211.771 1211.692 1211.614 1211.535 1211.394 1211.252 1211.11 1210.968 1210.889 1210.889 1210.889 1210.889 1210.889 1210.889 1210.889 1210.889 1210.889 1210.935 1211.051 1211.167 1211.283 1211.399 1211.438 1211.464 1211.49 1211.516 1211.594 1211.776 1211.957 1212.139 1212.32 1212.237 1212.09 1211.943 1211.796 1211.708 1211.777 1211.845 1211.914 1211.983 1211.904 1211.774 1211.645 1211.516 1211.37 1211.162 1210.954 1210.747 1210.539 1210.402 1210.297
1212.489 1212.6 1212.711 1212.697 1212.586 1212.475 1212.364 1212.257 1212.257 1212.257 1212.257 1212.257 1212.2 1212.089 1211.978 1211.867 1211.756 1211.647 1211.537 1211.427 1211.317 1211.257 1211.257 1211.257 1211.257 1211.257 1211.257 1211.257 1211.257 1211.257 1211.285 1211.358 1211.431 1211.504 1211.576 1211.618 1211.655 1211.692 1211.729 1211.809 1211.974 1212.14 1212.305 1212.47 1212.384 1212.237 1212.09 1211.943 1211.846 1211.882 1211.918 1211.955 1211.991 1211.932 1211.841 1211.749 1211.658 1211.542 1211.34 1211.138 1210.936 1210.733 1210.568 1210.42
1212.924 1213.068 1213.211 1213.193 1213.049 1212.906 1212.762 1212.624 1212.624 1212.624 1212.624 1212.624 1212.551 1212.408 1212.264 1212.121 1211.978 1211.899 1211.821 1211.744 1211.667 1211.624 1211.624 1211.624 1211.624 1211.624 1211.624 1211.624 1211.624 1211.624 1211.636 1211.665 1211.695 1211.724 1211.754 1211.799 1211.847 1211.895 1211.943 1212.024 1212.173 1212.322 1212.471 1212.62 1212.531 1212.384 1212.237 1212.09 1211.984 1211.988 1211.992 1211.995 1211.999 1211.96 1211.907 1211.853 1211.8 1211.715 1211.518 1211.321 1211.124 1210.927 1210.734 1210.543
1213.365 1213.512 1213.659 1213.632 1213.47 1213.309 1213.147 1212.991 1212.991 1212.991 1212.991 1212.991 1212.917 1212.77 1212.622 1212.475 1212.328 1212.253 1212.179 1212.106 1212.032 1211.991 1211.991 1211.991 1211.991 1211.991 1211.991 1211.991 1211.991 1211.991 1211.999 1212.019 1212.039 1212.058 1212.078 1212.115 1212.155 1212.194 1212.234 1212.299 1212.418 1212.536 1212.655 1212.773 1212.69 1212.557 1212.424 1212.291 1212.195 1212.195 1212.195 1212.195 1212.195 1212.137 1212.059 1211.981 1211.904 1211.805 1211.633 1211.461 1211.288 1211.116 1210.93 1210.739
1213.806 1213.953 1214.1 1214.064 1213.886 1213.708 1213.53 1213.359 1213.359 1213.359 1213.359 1213.359 1213.284 1213.137 1212.99 1212.843 1212.695 1212.62 1212.547 1212.473 1212.399 1212.359 1212.359 1212.359 1212.359 1212.359 1212.359 1212.359 1212.359 1212.359 1212.365 1212.379 1212.393 1212.408 1212.422 1212.449 1212.477 1212.506 1212.535 1212.583 1212.669 1212.755 1212.841 1212.927 1212.85 1212.733 1212.616 1212.5 1212.415 1212.415 1212.415 1212.415 1212.415 1212.333 1212.223 1212.113 1212.002 1211.885 1211.739 1211.594 1211.449 1211.303 1211.13 1210.944
1214.246 1214.394 1214.541 1214.495 1214.301 1214.107 1213.913 1213.726 1213.726 1213.726 1213.726 1213.726 1213.652 1213.505 1213.357 1213.21 1213.063 1212.988 1212.914 1212.84 1212.767 1212.726 1212.726 1212.726 1212.726 1212.726 1212.726 1212.726 1212.726 1212.726 1212.73 1212.739 1212.748 1212.757 1212.766 1212.782 1212.8 1212.818 1212.836 1212.866 1212.919 1212.973 1213.026 1213.08 1213.01 1212.909 1212.809 1212.708 1212.636 1212.636 1212.636 1212.636 1212.636 1212.529 1212.387 1212.244 1212.101 1211.964 1211.846 1211.727 1211.609 1211.491 1211.33 1211.149
1214.687 1214.835 1214.982 1214.927 1214.717 1214.507 1214.296 1214.094 1214.094 1214.094 1214.094 1214.094 1214.019 1213.872 1213.725 1213.578 1213.43 1213.355 1213.281 1213.208 1213.134 1213.094 1213.094 1213.094 1213.094 1213.094 1213.094 1213.094 1213.094 1213.094 1213.095 1213.099 1213.102 1213.106 1213.109 1213.116 1213.123 1213.13 1213.137 1213.149 1213.17 1213.191 1213.212 1213.233 1213.17 1213.086 1213.001 1212.917 1212.856 1212.856 1212.856 1212.856 1212.856 1212.726 1212.55 1212.375 1212.2 1212.043 1211.952 1211.861 1211.77 1211.678 1211.529 1211.354
1215.13 1215.266 1215.402 1215.343 1215.133 1214.924 1214.714 1214.512 1214.501 1214.489 1214.478 1214.467 1214.384 1214.231 1214.078 1213.925 1213.772 1213.703 1213.635 1213.567 1213.499 1213.461 1213.461 1213.461 1213.461 1213.461 1213.451 1213.439 1213.428 1213.417 1213.408 1213.402 1213.397 1213.391 1213.385 1213.385 1213.385 1213.385 1213.385 1213.385 1213.385 1213.385 1213.385 1213.385 1213.33 1213.262 1213.194 1213.126 1213.072 1213.055 1213.038 1213.021 1213.004 1212.856 1212.664 1212.471 1212.279 1212.112 1212.039 1211.965 1211.891 1211.818 1211.674 1211.498
1215.577 1215.68 1215.784 1215.729 1215.551 1215.374 1215.197 1215.025 1214.981 1214.938 1214.894 1214.85 1214.743 1214.574 1214.405 1214.236 1214.067 1214.012 1213.961 1213.909 1213.857 1213.829 1213.829 1213.829 1213.829 1213.829 1213.788 1213.745 1213.701 1213.657 1213.622 1213.6 1213.578 1213.556 1213.534 1213.531 1213.531 1213.531 1213.531 1213.531 1213.531 1213.531 1213.531 1213.531 1213.49 1213.438 1213.386 1213.335 1213.279 1213.214 1213.148 1213.082 1213.017 1212.864 1212.683 1212.501 1212.319 1212.161 1212.088 1212.014 1211.94 1211.867 1211.715 1211.529
1216.023 1216.094 1216.165 1216.114 1215.97 1215.825 1215.68 1215.538 1215.462 1215.386 1215.31 1215.234 1215.102 1214.917 1214.731 1214.546 1214.361 1214.322 1214.286 1214.251 1214.216 1214.196 1214.196 1214.196 1214.196 1214.196 1214.126 1214.05 1213.974 1213.897 1213.836 1213.798 1213.76 1213.722 1213.684 1213.678 1213.678 1213.678 1213.678 1213.678 1213.678 1213.678 1213.678 1213.678 1213.65 1213.614 1213.579 1213.543 1213.486 1213.372 1213.258 1213.143 1213.029 1212.872 1212.702 1212.531 1212.36 1212.21 1212.136 1212.063 1211.989 1211.916 1211.757 1211.56
1216.469 1216.508 1216.547 1216.5 1216.388 1216.276 1216.163 1216.051 1215.943 1215.834 1215.726 1215.617 1215.461 1215.26 1215.058 1214.857 1214.655 1214.632 1214.613 1214.593 1214.574 1214.563 1214.563 1214.563 1214.563 1214.563 1214.463 1214.355 1214.246 1214.138 1214.05 1213.996 1213.942 1213.887 1213.833 1213.825 1213.825 1213.825 1213.825 1213.825 1213.825 1213.825 1213.825 1213.825 1213.81 1213.791 1213.771 1213.752 1213.693 1213.53 1213.367 1213.204 1213.041 1212.88 1212.72 1212.56 1212.4 1212.259 1212.186 1212.112 1212.038 1211.965 1211.799 1211.591
1216.916 1216.922 1216.928 1216.886 1216.806 1216.726 1216.647 1216.565 1216.424 1216.282 1216.141 1216.0 1215.82 1215.603 1215.385 1215.167 1214.949 1214.942 1214.939 1214.936 1214.932 1214.931 1214.931 1214.931 1214.931 1214.931 1214.801 1214.66 1214.519 1214.378 1214.264 1214.194 1214.123 1214.053 1213.982 1213.972 1213.972 1213.972 1213.972 1213.972 1213.972 1213.972 1213.972 1213.972 1213.97 1213.967 1213.964 1213.961 1213.9 1213.689 1213.477 1213.265 1213.054 1212.889 1212.739 1212.59 1212.441 1212.308 1212.234 1212.161 1212.087 1212.014 1211.84 1211.621
1217.362 1217.336 1217.31 1217.242 1217.142 1217.042 1216.942 1216.841 1216.72 1216.599 1216.479 1216.358 1216.188 1215.972 1215.756 1215.539 1215.323 1215.314 1215.309 1215.305 1215.301 1215.286 1215.26 1215.234 1215.207 1215.181 1215.056 1214.922 1214.787 1214.653 1214.548 1214.488 1214.427 1214.367 1214.307 1214.298 1214.298 1214.298 1214.298 1214.292 1214.275 1214.257 1214.24 1214.222 1214.194 1214.163 1214.133 1214.102 1214.025 1213.826 1213.627 1213.428 1213.229 1213.059 1212.899 1212.739 1212.578 1212.431 1212.331 1212.231 1212.131 1212.031 1211.848 1211.627
1217.809 1217.75 1217.691 1217.591 1217.458 1217.326 1217.194 1217.063 1216.974 1216.886 1216.798 1216.709 1216.559 1216.348 1216.137 1215.926 1215.715 1215.7 1215.691 1215.681 1215.671 1215.639 1215.58 1215.522 1215.463 1215.404 1215.291 1215.173 1215.055 1214.938 1214.849 1214.804 1214.76 1214.716 1214.672 1214.666 1214.666 1214.666 1214.666 1214.652 1214.613 1214.574 1214.535 1214.496 1214.433 1214.364 1214.296 1214.227 1214.13 1213.958 1213.786 1213.615 1213.443 1213.268 1213.091 1212.914 1212.738 1212.571 1212.438 1212.306 1212.174 1212.041 1211.848 1211.627
