data/zism_data/00612_04_D.txt
ncols         224
nrows         224
[rows 140 to 167 of 224, columns 64 to 127 of 224]
1170.016 1175.118 1180.22 1180.105 1179.753 1179.4 1179.048 1176.075 1169.488 1162.901 1156.315 1149.728 1143.385 1137.075 1130.765 1124.455 1118.932 1114.885 1110.838 1106.791 1102.744 1101.627 1101.19 1100.753 1100.317 1100.0 1100.0 1100.0 1100.0 1100.0 1100.0 1100.0 1100.0 1100.0 1100.0 1100.0 1100.0 1100.0 1100.0 1100.147 1100.369 1100.59 1100.811 1101.032 1101.254 1101.475 1101.697 1101.919 1101.746 1101.303 1100.86 1100.417 1100.0 1100.0 1100.0 1100.0 1100.0 1100.0 1100.0 1100.0 1100.0 1100.0 1100.93 1101.873
1162.202 1168.066 1173.931 1174.521 1174.872 1175.223 1175.574 1173.402 1167.751 1162.099 1156.448 1150.797 1144.826 1138.813 1132.801 1126.788 1121.311 1116.836 1112.362 1107.888 1103.414 1102.111 1101.544 1100.977 1100.411 1100.0 1100.0 1100.0 1100.0 1100.0 1100.0 1100.0 1100.0 1100.0 1100.0 1100.0 1100.0 1100.0 1100.0 1100.133 1100.332 1100.532 1100.731 1100.928 1101.107 1101.285 1101.464 1101.642 1101.49 1101.112 1100.734 1100.356 1100.0 1100.0 1100.0 1100.0 1100.0 1100.0 1100.0 1100.0 1100.0 1100.0 1100.722 1101.454
1154.388 1161.015 1167.642 1168.938 1169.992 1171.046 1172.1 1170.729 1166.013 1161.297 1156.582 1151.866 1146.266 1140.551 1134.836 1129.121 1123.689 1118.787 1113.886 1108.984 1104.083 1102.594 1101.898 1101.201 1100.505 1100.0 1100.0 1100.0 1100.0 1100.0 1100.0 1100.0 1100.0 1100.0 1100.0 1100.0 1100.0 1100.0 1100.0 1100.119 1100.296 1100.474 1100.652 1100.824 1100.96 1101.095 1101.23 1101.365 1101.234 1100.921 1100.608 1100.295 1100.0 1100.0 1100.0 1100.0 1100.0 1100.0 1100.0 1100.0 1100.0 1100.0 1100.514 1101.036
1146.574 1153.963 1161.352 1163.354 1165.111 1166.868 1168.625 1168.055 1164.275 1160.495 1156.715 1152.935 1147.707 1142.289 1136.872 1131.454 1126.067 1120.738 1115.41 1110.081 1104.752 1103.078 1102.251 1101.425 1100.599 1100.0 1100.0 1100.0 1100.0 1100.0 1100.0 1100.0 1100.0 1100.0 1100.0 1100.0 1100.0 1100.0 1100.0 1100.104 1100.26 1100.417 1100.573 1100.721 1100.813 1100.905 1100.997 1101.089 1100.978 1100.73 1100.482 1100.234 1100.0 1100.0 1100.0 1100.0 1100.0 1100.0 1100.0 1100.0 1100.0 1100.0 1100.306 1100.617
1139.325 1146.554 1153.783 1156.152 1158.299 1160.447 1162.594 1162.569 1159.548 1156.527 1153.506 1150.485 1145.737 1140.762 1135.787 1130.813 1125.746 1120.507 1115.268 1110.029 1104.79 1103.108 1102.251 1101.394 1100.537 1099.913 1099.904 1099.895 1099.885 1099.876 1099.874 1099.874 1099.874 1099.874 1099.875 1099.885 1099.894 1099.903 1099.913 1100.014 1100.161 1100.308 1100.455 1100.592 1100.662 1100.732 1100.803 1100.873 1100.784 1100.585 1100.386 1100.187 1100.0 1100.0 1100.0 1100.0 1100.0 1100.0 1100.0 1100.0 1100.0 1100.0 1100.208 1100.419
1132.498 1138.878 1145.259 1147.74 1150.044 1152.349 1154.653 1154.983 1152.589 1150.195 1147.802 1145.408 1141.22 1136.797 1132.374 1127.951 1123.409 1118.646 1113.883 1109.12 1104.357 1102.799 1101.986 1101.172 1100.358 1099.761 1099.736 1099.71 1099.685 1099.659 1099.653 1099.653 1099.653 1099.653 1099.658 1099.683 1099.709 1099.734 1099.76 1099.867 1100.013 1100.16 1100.307 1100.444 1100.509 1100.574 1100.639 1100.704 1100.634 1100.473 1100.313 1100.152 1100.0 1100.0 1100.0 1100.0 1100.0 1100.0 1100.0 1100.0 1100.0 1100.0 1100.192 1100.387
1125.671 1131.202 1136.733 1139.328 1141.789 1144.25 1146.711 1147.396 1145.629 1143.863 1142.097 1140.331 1136.703 1132.832 1128.96 1125.088 1121.072 1116.785 1112.498 1108.211 1103.924 1102.491 1101.721 1100.95 1100.18 1099.61 1099.568 1099.526 1099.485 1099.443 1099.432 1099.432 1099.432 1099.432 1099.44 1099.482 1099.524 1099.566 1099.607 1099.719 1099.866 1100.013 1100.16 1100.296 1100.355 1100.415 1100.474 1100.534 1100.485 1100.362 1100.239 1100.116 1100.0 1100.0 1100.0 1100.0 1100.0 1100.0 1100.0 1100.0 1100.0 1100.0 1100.176 1100.355
1118.844 1123.526 1128.208 1130.916 1133.534 1136.152 1138.77 1139.809 1138.67 1137.531 1136.392 1135.253 1132.186 1128.866 1125.546 1122.226 1118.736 1114.924 1111.113 1107.302 1103.491 1102.183 1101.455 1100.728 1100.001 1099.458 1099.4 1099.342 1099.284 1099.226 1099.211 1099.211 1099.211 1099.211 1099.223 1099.281 1099.339 1099.397 1099.455 1099.572 1099.719 1099.866 1100.013 1100.148 1100.202 1100.256 1100.31 1100.365 1100.336 1100.251 1100.166 1100.08 1100.0 1100.0 1100.0 1100.0 1100.0 1100.0 1100.0 1100.0 1100.0 1100.0 1100.16 1100.323
1112.206 1116.043 1119.881 1122.674 1125.419 1128.165 1130.911 1132.278 1131.744 1131.211 1130.677 1130.143 1127.634 1124.865 1122.096 1119.327 1116.363 1113.033 1109.703 1106.373 1103.043 1101.864 1101.183 1100.503 1099.823 1099.31 1099.237 1099.165 1099.092 1099.019 1099.0 1099.0 1099.0 1099.0 1099.015 1099.088 1099.16 1099.233 1099.306 1099.428 1099.575 1099.722 1099.869 1100.003 1100.052 1100.102 1100.151 1100.2 1100.191 1100.143 1100.094 1100.046 1100.0 1100.0 1100.0 1100.0 1100.0 1100.0 1100.001 1100.002 1100.003 1100.004 1100.163 1100.325
1109.73 1112.81 1115.89 1118.159 1120.391 1122.622 1124.854 1125.974 1125.559 1125.144 1124.729 1124.315 1122.297 1120.069 1117.841 1115.613 1113.209 1110.474 1107.739 1105.004 1102.268 1101.306 1100.756 1100.206 1099.655 1099.241 1099.184 1099.128 1099.071 1099.015 1099.0 1099.0 1099.0 1099.0 1099.011 1099.068 1099.125 1099.181 1099.238 1099.354 1099.501 1099.648 1099.795 1099.93 1099.985 1100.04 1100.094 1100.149 1100.149 1100.111 1100.073 1100.036 1100.0 1100.0 1100.0 1100.0 1100.0 1100.012 1100.034 1100.057 1100.079 1100.102 1100.592 1101.089
1107.254 1109.577 1111.899 1113.644 1115.362 1117.08 1118.798 1119.669 1119.374 1119.078 1118.782 1118.486 1116.961 1115.273 1113.586 1111.899 1110.055 1107.914 1105.774 1103.634 1101.494 1100.749 1100.329 1099.908 1099.488 1099.172 1099.131 1099.091 1099.051 1099.01 1099.0 1099.0 1099.0 1099.0 1099.008 1099.048 1099.089 1099.129 1099.17 1099.281 1099.428 1099.575 1099.722 1099.857 1099.917 1099.978 1100.038 1100.098 1100.106 1100.079 1100.052 1100.025 1100.0 1100.0 1100.0 1100.0 1100.0 1100.023 1100.067 1100.112 1100.156 1100.2 1101.021 1101.853
1104.777 1106.343 1107.909 1109.129 1110.333 1111.537 1112.741 1113.365 1113.188 1113.011 1112.835 1112.658 1111.624 1110.478 1109.331 1108.185 1106.9 1105.355 1103.81 1102.265 1100.719 1100.192 1099.902 1099.611 1099.32 1099.103 1099.079 1099.054 1099.03 1099.006 1099.0 1099.0 1099.0 1099.0 1099.005 1099.029 1099.053 1099.077 1099.101 1099.207 1099.354 1099.501 1099.648 1099.785 1099.85 1099.915 1099.981 1100.046 1100.063 1100.047 1100.031 1100.015 1100.0 1100.0 1100.0 1100.0 1100.0 1100.034 1100.1 1100.166 1100.232 1100.298 1101.449 1102.617
1102.301 1103.11 1103.918 1104.614 1105.304 1105.994 1106.685 1107.061 1107.003 1106.945 1106.887 1106.829 1106.288 1105.682 1105.077 1104.471 1103.746 1102.796 1101.845 1100.895 1099.945 1099.635 1099.474 1099.313 1099.152 1099.034 1099.026 1099.018 1099.01 1099.002 1099.0 1099.0 1099.0 1099.0 1099.002 1099.01 1099.017 1099.025 1099.033 1099.134 1099.281 1099.428 1099.575 1099.712 1099.782 1099.853 1099.924 1099.995 1100.021 1100.016 1100.01 1100.005 1100.0 1100.0 1100.0 1100.0 1100.0 1100.046 1100.133 1100.221 1100.308 1100.396 1101.878 1103.381
1100.974 1101.365 1101.756 1102.146 1102.537 1102.928 1103.319 1103.545 1103.545 1103.545 1103.545 1103.545 1103.262 1102.941 1102.621 1102.3 1101.884 1101.29 1100.695 1100.1 1099.506 1099.323 1099.237 1099.15 1099.063 1099.0 1099.0 1099.0 1099.0 1099.0 1099.0 1099.0 1099.0 1099.0 1099.0 1099.0 1099.0 1099.0 1099.0 1099.087 1099.217 1099.347 1099.478 1099.599 1099.665 1099.73 1099.795 1099.86 1099.886 1099.886 1099.886 1099.886 1099.887 1099.904 1099.921 1099.938 1099.954 1100.064 1100.26 1100.455 1100.65 1100.846 1102.624 1104.426
1100.731 1101.025 1101.318 1101.612 1101.905 1102.199 1102.492 1102.662 1102.662 1102.662 1102.662 1102.662 1102.417 1102.14 1101.862 1101.585 1101.242 1100.778 1100.313 1099.848 1099.383 1099.243 1099.178 1099.112 1099.047 1099.0 1099.0 1099.0 1099.0 1099.0 1099.0 1099.0 1099.0 1099.0 1099.0 1099.0 1099.0 1099.0 1099.0 1099.065 1099.163 1099.261 1099.359 1099.45 1099.499 1099.548 1099.597 1099.646 1099.666 1099.666 1099.666 1099.666 1099.668 1099.718 1099.767 1099.816 1099.865 1100.089 1100.474 1100.859 1101.243 1101.628 1103.671 1105.738
1100.489 1100.685 1100.881 1101.077 1101.273 1101.469 1101.665 1101.779 1101.779 1101.779 1101.779 1101.779 1101.572 1101.338 1101.104 1100.87 1100.601 1100.266 1099.931 1099.596 1099.261 1099.162 1099.119 1099.075 1099.032 1099.0 1099.0 1099.0 1099.0 1099.0 1099.0 1099.0 1099.0 1099.0 1099.0 1099.0 1099.0 1099.0 1099.0 1099.044 1099.109 1099.174 1099.24 1099.301 1099.333 1099.366 1099.399 1099.432 1099.445 1099.445 1099.445 1099.445 1099.45 1099.531 1099.613 1099.694 1099.776 1100.114 1100.688 1101.262 1101.836 1102.41 1104.717 1107.049
1100.246 1100.345 1100.444 1100.542 1100.641 1100.74 1100.839 1100.896 1100.896 1100.896 1100.896 1100.896 1100.727 1100.536 1100.346 1100.155 1099.959 1099.754 1099.549 1099.343 1099.138 1099.082 1099.06 1099.038 1099.016 1099.0 1099.0 1099.0 1099.0 1099.0 1099.0 1099.0 1099.0 1099.0 1099.0 1099.0 1099.0 1099.0 1099.0 1099.022 1099.055 1099.088 1099.121 1099.151 1099.168 1099.184 1099.201 1099.217 1099.224 1099.224 1099.224 1099.224 1099.231 1099.345 1099.459 1099.573 1099.687 1100.14 1100.903 1101.666 1102.429 1103.193 1105.763 1108.36
1100.004 1100.005 1100.006 1100.008 1100.009 1100.011 1100.012 1100.013 1100.013 1100.013 1100.013 1100.013 1099.882 1099.735 1099.587 1099.44 1099.317 1099.242 1099.166 1099.091 1099.016 1099.001 1099.001 1099.0 1099.0 1099.0 1099.0 1099.0 1099.0 1099.0 1099.0 1099.0 1099.0 1099.0 1099.0 1099.0 1099.0 1099.0 1099.0 1099.0 1099.001 1099.001 1099.002 1099.002 1099.002 1099.003 1099.003 1099.003 1099.003 1099.003 1099.003 1099.003 1099.012 1099.158 1099.305 1099.451 1099.598 1100.165 1101.117 1102.07 1103.022 1103.975 1106.809 1109.671
1100.0 1100.0 1100.0 1099.99 1099.979 1099.969 1099.958 1099.943 1099.921 1099.9 1099.879 1099.857 1099.739 1099.608 1099.477 1099.346 1099.241 1099.183 1099.126 1099.068 1099.011 1099.0 1099.0 1099.0 1099.0 1099.0 1099.0 1099.0 1099.0 1099.0 1099.0 1099.0 1099.0 1099.0 1099.0 1099.0 1099.0 1099.0 1099.0 1099.0 1099.0 1099.0 1099.0 1099.0 1099.0 1099.0 1099.0 1099.0 1099.0 1099.0 1099.0 1099.0 1099.007 1099.122 1099.237 1099.352 1099.467 1100.023 1100.983 1101.944 1102.905 1103.865 1106.604 1109.368
1100.0 1100.0 1100.0 1099.979 1099.958 1099.937 1099.915 1099.885 1099.842 1099.799 1099.756 1099.713 1099.606 1099.492 1099.377 1099.262 1099.173 1099.132 1099.09 1099.049 1099.008 1099.0 1099.0 1099.0 1099.0 1099.0 1099.0 1099.0 1099.0 1099.0 1099.0 1099.0 1099.0 1099.0 1099.0 1099.0 1099.0 1099.0 1099.0 1099.0 1099.0 1099.0 1099.0 1099.0 1099.0 1099.0 1099.0 1099.0 1099.0 1099.0 1099.0 1099.0 1099.005 1099.087 1099.17 1099.252 1099.335 1099.878 1100.844 1101.811 1102.777 1103.743 1106.38 1109.042
1100.0 1100.0 1100.0 1099.969 1099.937 1099.905 1099.872 1099.826 1099.762 1099.697 1099.633 1099.568 1099.474 1099.375 1099.276 1099.178 1099.105 1099.08 1099.055 1099.03 1099.005 1099.0 1099.0 1099.0 1099.0 1099.0 1099.0 1099.0 1099.0 1099.0 1099.0 1099.0 1099.0 1099.0 1099.0 1099.0 1099.0 1099.0 1099.0 1099.0 1099.0 1099.0 1099.0 1099.0 1099.0 1099.0 1099.0 1099.0 1099.0 1099.0 1099.0 1099.0 1099.003 1099.053 1099.103 1099.153 1099.203 1099.734 1100.706 1101.677 1102.648 1103.62 1106.156 1108.715
1100.0 1100.0 1100.0 1099.959 1099.916 1099.873 1099.829 1099.768 1099.682 1099.596 1099.51 1099.423 1099.341 1099.258 1099.176 1099.094 1099.037 1099.028 1099.019 1099.01 1099.002 1099.0 1099.0 1099.0 1099.0 1099.0 1099.0 1099.0 1099.0 1099.0 1099.0 1099.0 1099.0 1099.0 1099.0 1099.0 1099.0 1099.0 1099.0 1099.0 1099.0 1099.0 1099.0 1099.0 1099.0 1099.0 1099.0 1099.0 1099.0 1099.0 1099.0 1099.0 1099.001 1099.019 1099.036 1099.054 1099.072 1099.59 1100.567 1101.543 1102.52 1103.497 1105.932 1108.388
1100.0 1100.0 1100.0 1099.937 1099.87 1099.804 1099.738 1099.662 1099.574 1099.486 1099.398 1099.31 1099.241 1099.175 1099.109 1099.043 1099.0 1099.0 1099.0 1099.0 1099.0 1099.0 1099.0 1099.0 1099.0 1099.0 1099.0 1099.0 1099.0 1099.0 1099.0 1099.0 1099.0 1099.0 1099.0 1099.0 1099.0 1099.0 1099.0 1099.0 1099.0 1099.0 1099.0 1099.0 1099.0 1099.0 1099.0 1099.0 1099.0 1099.0 1099.0 1099.0 1099.0 1099.0 1099.0 1099.0 1099.0 1099.492 1100.435 1101.377 1102.32 1103.263 1105.533 1107.822
1100.0 1100.0 1100.0 1099.9 1099.796 1099.692 1099.588 1099.5 1099.433 1099.367 1099.3 1099.234 1099.182 1099.132 1099.082 1099.032 1099.0 1099.0 1099.0 1099.0 1099.0 1099.0 1099.0 1099.0 1099.0 1099.0 1099.0 1099.0 1099.0 1099.0 1099.0 1099.0 1099.0 1099.0 1099.0 1099.0 1099.0 1099.0 1099.0 1099.0 1099.0 1099.0 1099.0 1099.0 1099.0 1099.0 1099.0 1099.0 1099.0 1099.0 1099.0 1099.0 1099.0 1099.0 1099.0 1099.0 1099.0 1099.45 1100.311 1101.173 1102.035 1102.896 1104.925 1106.971
1100.0 1100.0 1100.0 1099.864 1099.722 1099.58 1099.438 1099.337 1099.292 1099.247 1099.203 1099.158 1099.123 1099.089 1099.056 1099.022 1099.0 1099.0 1099.0 1099.0 1099.0 1099.0 1099.0 1099.0 1099.0 1099.0 1099.0 1099.0 1099.0 1099.0 1099.0 1099.0 1099.0 1099.0 1099.0 1099.0 1099.0 1099.0 1099.0 1099.0 1099.0 1099.0 1099.0 1099.0 1099.0 1099.0 1099.0 1099.0 1099.0 1099.0 1099.0 1099.0 1099.0 1099.0 1099.0 1099.0 1099.0 1099.407 1100.188 1100.968 1101.749 1102.529 1104.317 1106.12
1100.0 1100.0 1100.0 1099.828 1099.648 1099.468 1099.288 1099.174 1099.151 1099.128 1099.105 1099.082 1099.064 1099.046 1099.029 1099.011 1099.0 1099.0 1099.0 1099.0 1099.0 1099.0 1099.0 1099.0 1099.0 1099.0 1099.0 1099.0 1099.0 1099.0 1099.0 1099.0 1099.0 1099.0 1099.0 1099.0 1099.0 1099.0 1099.0 1099.0 1099.0 1099.0 1099.0 1099.0 1099.0 1099.0 1099.0 1099.0 1099.0 1099.0 1099.0 1099.0 1099.0 1099.0 1099.0 1099.0 1099.0 1099.365 1100.064 1100.764 1101.463 1102.162 1103.709 1105.268
1100.0 1100.0 1100.0 1099.792 1099.574 1099.356 1099.139 1099.012 1099.01 1099.009 1099.007 1099.005 1099.004 1099.003 1099.002 1099.001 1099.0 1099.0 1099.0 1099.0 1099.0 1099.0 1099.0 1099.0 1099.0 1099.0 1099.0 1099.0 1099.0 1099.0 1099.0 1099.0 1099.0 1099.0 1099.0 1099.0 1099.0 1099.0 1099.0 1099.0 1099.0 1099.0 1099.0 1099.0 1099.0 1099.0 1099.0 1099.0 1099.0 1099.0 1099.0 1099.0 1099.0 1099.0 1099.0 1099.0 1099.0 1099.323 1099.941 1100.559 1101.177 1101.796 1103.101 1104.417
1100.0 1100.0 1100.0 1099.789 1099.569 1099.348 1099.128 1099.0 1099.0 1099.0 1099.0 1099.0 1099.0 1099.0 1099.0 1099.0 1099.0 1099.0 1099.0 1099.0 1099.0 1099.0 1099.0 1099.0 1099.0 1099.0 1099.0 1099.0 1099.0 1099.0 1099.0 1099.0 1099.0 1099.0 1099.0 1099.0 1099.0 1099.0 1099.0 1099.0 1099.0 1099.0 1099.0 1099.0 1099.0 1099.0 1099.0 1099.0 1099.0 1099.0 1099.0 1099.0 1099.0 1099.0 1099.0 1099.0 1099.0 1099.278 1099.81 1100.342 1100.874 1101.406 1102.476 1103.553
