data/zism_data/00610_02_D.txt
ncols         224
nrows         224
[rows 56 to 83 of 224, columns 126 to 188 of 224]
1499.737 1499.41 1499.314 1499.218 1499.123 1499.027 1499.0 1499.0 1499.0 1499.0 1499.0 1499.0 1499.0 1499.0 1499.0 1499.0 1499.0 1499.0 1499.0 1499.0 1499.0 1499.0 1499.0 1499.0 1499.0 1499.0 1499.0 1499.0 1499.0 1499.0 1499.0 1499.0 1499.0 1499.0 1499.0 1499.0 1499.0 1499.0 1499.0 1499.0 1499.0 1499.0 1499.127 1499.349 1499.57 1499.791 1500.019 1500.353 1500.687 1501.021 1501.355 1501.957 1502.788 1503.619 1504.45 1505.295 1506.748 1508.201 1509.654 1511.108 1513.055 1515.49 1517.925
1500.198 1499.665 1499.51 1499.354 1499.199 1499.044 1499.0 1499.0 1499.0 1499.0 1499.0 1499.0 1499.0 1499.0 1499.0 1499.0 1499.0 1499.0 1499.0 1499.0 1499.0 1499.0 1499.0 1499.0 1499.0 1499.0 1499.0 1499.0 1499.0 1499.0 1499.0 1499.0 1499.0 1499.0 1499.0 1499.0 1499.0 1499.0 1499.0 1499.0 1499.0 1499.0 1499.127 1499.349 1499.57 1499.791 1500.013 1500.232 1500.452 1500.672 1500.892 1501.316 1501.913 1502.511 1503.108 1503.719 1504.928 1506.137 1507.346 1508.555 1510.203 1512.285 1514.367
1500.658 1499.921 1499.706 1499.491 1499.276 1499.06 1499.0 1499.0 1499.0 1499.0 1499.0 1499.0 1499.0 1499.0 1499.0 1499.0 1499.0 1499.0 1499.0 1499.0 1499.0 1499.0 1499.0 1499.0 1499.0 1499.0 1499.0 1499.0 1499.0 1499.0 1499.0 1499.0 1499.0 1499.0 1499.0 1499.0 1499.0 1499.0 1499.0 1499.0 1499.0 1499.0 1499.127 1499.349 1499.57 1499.791 1500.006 1500.112 1500.218 1500.323 1500.429 1500.674 1501.038 1501.403 1501.767 1502.144 1503.108 1504.073 1505.037 1506.002 1507.351 1509.08 1510.81
1501.424 1500.446 1500.144 1499.843 1499.541 1499.239 1499.135 1499.108 1499.081 1499.054 1499.031 1499.023 1499.016 1499.009 1499.002 1499.0 1499.0 1499.0 1499.0 1499.0 1499.0 1499.0 1499.0 1499.0 1499.0 1499.0 1499.0 1499.0 1499.0 1499.0 1499.0 1499.0 1499.0 1499.0 1499.0 1499.0 1499.0 1499.0 1499.0 1499.0 1499.0 1499.0 1499.127 1499.349 1499.57 1499.791 1500.0 1500.0 1500.0 1500.0 1500.0 1500.078 1500.224 1500.369 1500.514 1500.672 1501.398 1502.124 1502.85 1503.576 1504.631 1506.01 1507.389
1506.101 1504.417 1503.686 1502.955 1502.225 1501.494 1501.0 1500.598 1500.196 1499.794 1499.453 1499.348 1499.243 1499.138 1499.033 1499.0 1499.0 1499.0 1499.0 1499.0 1499.0 1499.0 1499.0 1499.0 1499.0 1499.0 1499.0 1499.0 1499.0 1499.0 1499.0 1499.0 1499.0 1499.0 1499.0 1499.0 1499.0 1499.0 1499.0 1499.0 1499.0 1499.0 1499.127 1499.349 1499.57 1499.791 1500.0 1500.0 1500.0 1500.0 1500.0 1500.061 1500.173 1500.286 1500.399 1500.521 1501.084 1501.647 1502.21 1502.773 1503.592 1504.661 1505.731
1510.778 1508.387 1507.228 1506.068 1504.908 1503.749 1502.865 1502.088 1501.312 1500.535 1499.874 1499.672 1499.469 1499.267 1499.064 1499.0 1499.0 1499.0 1499.0 1499.0 1499.0 1499.0 1499.0 1499.0 1499.0 1499.0 1499.0 1499.0 1499.0 1499.0 1499.0 1499.0 1499.0 1499.0 1499.0 1499.0 1499.0 1499.0 1499.0 1499.0 1499.0 1499.0 1499.127 1499.349 1499.57 1499.791 1500.0 1500.0 1500.0 1500.0 1500.0 1500.043 1500.123 1500.203 1500.283 1500.37 1500.77 1501.171 1501.571 1501.971 1502.552 1503.313 1504.073
1515.455 1512.358 1510.769 1509.181 1507.592 1506.004 1504.73 1503.578 1502.427 1501.276 1500.296 1499.996 1499.696 1499.395 1499.095 1499.0 1499.0 1499.0 1499.0 1499.0 1499.0 1499.0 1499.0 1499.0 1499.0 1499.0 1499.0 1499.0 1499.0 1499.0 1499.0 1499.0 1499.0 1499.0 1499.0 1499.0 1499.0 1499.0 1499.0 1499.0 1499.0 1499.0 1499.127 1499.349 1499.57 1499.791 1500.0 1500.0 1500.0 1500.0 1500.0 1500.026 1500.073 1500.12 1500.168 1500.219 1500.457 1500.694 1500.931 1501.169 1501.513 1501.964 1502.415
1520.133 1516.329 1514.311 1512.294 1510.276 1508.258 1506.594 1505.069 1503.543 1502.017 1500.718 1500.32 1499.922 1499.524 1499.126 1499.0 1499.0 1499.0 1499.0 1499.0 1499.0 1499.0 1499.0 1499.0 1499.0 1499.0 1499.0 1499.0 1499.0 1499.0 1499.0 1499.0 1499.0 1499.0 1499.0 1499.0 1499.0 1499.0 1499.0 1499.0 1499.0 1499.0 1499.127 1499.349 1499.57 1499.791 1500.0 1500.0 1500.0 1500.0 1500.0 1500.008 1500.023 1500.038 1500.053 1500.069 1500.143 1500.218 1500.292 1500.366 1500.474 1500.616 1500.757
1527.978 1523.934 1521.632 1519.33 1517.028 1514.726 1512.647 1510.655 1508.663 1506.671 1504.933 1504.204 1503.475 1502.746 1502.017 1501.462 1500.987 1500.512 1500.036 1499.617 1499.475 1499.333 1499.192 1499.05 1499.0 1499.0 1499.0 1499.0 1499.0 1499.0 1499.0 1499.0 1499.0 1499.011 1499.029 1499.046 1499.064 1499.081 1499.09 1499.099 1499.107 1499.116 1499.232 1499.427 1499.622 1499.816 1500.0 1500.0 1500.0 1500.0 1500.0 1500.0 1500.0 1500.0 1500.0 1500.0 1500.0 1500.0 1500.0 1500.0 1500.0 1500.0 1500.0
1538.484 1534.591 1532.126 1529.661 1527.197 1524.732 1522.216 1519.681 1517.146 1514.611 1512.334 1511.078 1509.823 1508.567 1507.312 1505.992 1504.642 1503.293 1501.944 1500.751 1500.349 1499.946 1499.544 1499.142 1499.0 1499.0 1499.0 1499.0 1499.0 1499.0 1499.0 1499.0 1499.0 1499.031 1499.081 1499.131 1499.182 1499.229 1499.255 1499.28 1499.305 1499.33 1499.425 1499.571 1499.717 1499.863 1500.0 1500.0 1500.0 1500.0 1500.0 1500.0 1500.0 1500.0 1500.0 1500.0 1500.0 1500.0 1500.0 1500.0 1500.0 1500.0 1500.0
1548.99 1545.249 1542.621 1539.994 1537.366 1534.738 1531.786 1528.708 1525.63 1522.552 1519.735 1517.953 1516.171 1514.388 1512.606 1510.522 1508.298 1506.074 1503.851 1501.885 1501.222 1500.559 1499.897 1499.234 1499.0 1499.0 1499.0 1499.0 1499.0 1499.0 1499.0 1499.0 1499.0 1499.051 1499.134 1499.216 1499.299 1499.378 1499.42 1499.461 1499.503 1499.544 1499.617 1499.714 1499.812 1499.909 1500.0 1500.0 1500.0 1500.0 1500.0 1500.0 1500.0 1500.0 1500.0 1500.0 1500.0 1500.0 1500.0 1500.0 1500.0 1500.0 1500.0
1559.496 1555.907 1553.116 1550.326 1547.535 1544.744 1541.356 1537.735 1534.114 1530.493 1527.136 1524.827 1522.518 1520.209 1517.9 1515.052 1511.954 1508.856 1505.758 1503.02 1502.096 1501.173 1500.249 1499.326 1499.0 1499.0 1499.0 1499.0 1499.0 1499.0 1499.0 1499.0 1499.0 1499.071 1499.186 1499.302 1499.417 1499.527 1499.585 1499.642 1499.7 1499.758 1499.81 1499.858 1499.906 1499.955 1500.0 1500.0 1500.0 1500.0 1500.0 1500.0 1500.0 1500.0 1500.0 1500.0 1500.0 1500.0 1500.0 1500.0 1500.0 1500.0 1500.0
1569.953 1566.518 1563.57 1560.621 1557.673 1554.725 1550.912 1546.762 1542.612 1538.462 1534.577 1531.746 1528.914 1526.082 1523.25 1519.639 1515.667 1511.694 1507.722 1504.209 1503.015 1501.821 1500.627 1499.433 1499.01 1499.009 1499.007 1499.005 1499.003 1499.003 1499.003 1499.003 1499.003 1499.093 1499.241 1499.388 1499.535 1499.676 1499.75 1499.825 1499.899 1499.974 1500.006 1500.006 1500.006 1500.006 1500.006 1500.005 1500.004 1500.003 1500.002 1500.001 1500.001 1500.0 1500.0 1500.0 1500.0 1500.0 1500.0 1500.0 1500.0 1500.0 1500.0
1577.097 1573.952 1571.21 1568.468 1565.726 1562.984 1559.534 1555.807 1552.081 1548.354 1544.758 1541.676 1538.595 1535.513 1532.432 1528.136 1523.279 1518.421 1513.564 1509.155 1507.01 1504.866 1502.722 1500.577 1499.736 1499.604 1499.471 1499.339 1499.224 1499.224 1499.224 1499.224 1499.224 1499.304 1499.435 1499.566 1499.697 1499.828 1499.957 1500.086 1500.215 1500.344 1500.398 1500.398 1500.398 1500.398 1500.394 1500.323 1500.251 1500.179 1500.108 1500.066 1500.049 1500.033 1500.016 1500.0 1500.0 1500.0 1500.0 1500.0 1500.0 1500.0 1500.0
1584.242 1581.385 1578.85 1576.314 1573.778 1571.243 1568.155 1564.852 1561.549 1558.247 1554.938 1551.607 1548.276 1544.944 1541.613 1536.634 1530.891 1525.148 1519.405 1514.101 1511.006 1507.911 1504.817 1501.722 1500.461 1500.198 1499.936 1499.673 1499.445 1499.445 1499.445 1499.445 1499.445 1499.515 1499.63 1499.745 1499.859 1499.98 1500.163 1500.347 1500.53 1500.713 1500.791 1500.791 1500.791 1500.791 1500.783 1500.64 1500.498 1500.356 1500.214 1500.131 1500.098 1500.065 1500.032 1500.0 1500.0 1500.0 1500.0 1500.0 1500.0 1500.0 1500.0
1591.386 1588.819 1586.49 1584.161 1581.831 1579.502 1576.777 1573.898 1571.018 1568.139 1565.118 1561.537 1557.956 1554.375 1550.794 1545.131 1538.503 1531.875 1525.247 1519.046 1515.001 1510.956 1506.911 1502.867 1501.186 1500.793 1500.401 1500.008 1499.666 1499.666 1499.666 1499.666 1499.666 1499.726 1499.824 1499.923 1500.021 1500.133 1500.37 1500.608 1500.845 1501.083 1501.183 1501.183 1501.183 1501.183 1501.171 1500.958 1500.745 1500.533 1500.32 1500.195 1500.146 1500.097 1500.048 1500.0 1500.0 1500.0 1500.0 1500.0 1500.0 1500.0 1500.0
1598.531 1596.252 1594.13 1592.007 1589.884 1587.761 1585.398 1582.943 1580.487 1578.031 1575.298 1571.467 1567.637 1563.806 1559.975 1553.628 1546.115 1538.601 1531.088 1523.992 1518.997 1514.001 1509.006 1504.011 1501.911 1501.388 1500.865 1500.342 1499.886 1499.886 1499.886 1499.886 1499.886 1499.937 1500.019 1500.101 1500.183 1500.285 1500.577 1500.869 1501.16 1501.452 1501.576 1501.576 1501.576 1501.576 1501.56 1501.276 1500.993 1500.709 1500.426 1500.26 1500.195 1500.129 1500.064 1500.0 1500.0 1500.0 1500.0 1500.0 1500.0 1500.0 1500.0
1603.544 1601.423 1599.456 1597.49 1595.523 1593.556 1591.499 1589.406 1587.313 1585.22 1582.794 1579.046 1575.297 1571.549 1567.8 1561.227 1553.346 1545.464 1537.583 1529.996 1523.898 1517.799 1511.701 1505.603 1502.958 1502.194 1501.43 1500.665 1500.001 1500.009 1500.017 1500.025 1500.033 1500.187 1500.435 1500.683 1500.931 1501.213 1501.831 1502.448 1503.066 1503.683 1503.946 1503.946 1503.946 1503.946 1503.913 1503.343 1502.772 1502.202 1501.632 1501.232 1500.976 1500.72 1500.465 1500.213 1500.166 1500.119 1500.071 1500.024 1500.0 1500.0 1500.0
1606.3 1604.195 1602.332 1600.468 1598.605 1596.741 1594.928 1593.134 1591.339 1589.545 1587.445 1584.131 1580.817 1577.503 1574.188 1567.875 1560.173 1552.471 1544.769 1537.122 1529.759 1522.395 1515.031 1507.668 1504.345 1503.223 1502.1 1500.977 1500.003 1500.027 1500.052 1500.076 1500.1 1500.48 1501.086 1501.692 1502.299 1502.963 1504.194 1505.426 1506.657 1507.888 1508.411 1508.411 1508.411 1508.411 1508.348 1507.262 1506.176 1505.09 1504.004 1503.164 1502.534 1501.903 1501.273 1500.653 1500.508 1500.363 1500.217 1500.072 1500.0 1500.0 1500.0
1609.056 1606.967 1605.207 1603.447 1601.687 1599.926 1598.356 1596.861 1595.365 1593.87 1592.095 1589.216 1586.336 1583.456 1580.577 1574.523 1567.0 1559.477 1551.954 1544.248 1535.619 1526.99 1518.362 1509.733 1505.732 1504.251 1502.77 1501.289 1500.005 1500.046 1500.086 1500.127 1500.167 1500.773 1501.737 1502.702 1503.667 1504.713 1506.558 1508.403 1510.248 1512.093 1512.876 1512.876 1512.876 1512.876 1512.783 1511.182 1509.58 1507.978 1506.376 1505.096 1504.091 1503.086 1502.081 1501.092 1500.849 1500.607 1500.364 1500.121 1500.0 1500.0 1500.0
1611.812 1609.74 1608.083 1606.425 1604.768 1603.111 1601.785 1600.588 1599.391 1598.194 1596.746 1594.301 1591.855 1589.41 1586.965 1581.172 1573.828 1566.484 1559.14 1551.374 1541.48 1531.586 1521.692 1511.798 1507.12 1505.28 1503.441 1501.601 1500.007 1500.064 1500.121 1500.178 1500.234 1501.066 1502.389 1503.711 1505.034 1506.464 1508.922 1511.38 1513.839 1516.297 1517.341 1517.341 1517.341 1517.341 1517.219 1515.101 1512.983 1510.866 1508.748 1507.028 1505.649 1504.269 1502.889 1501.532 1501.191 1500.851 1500.51 1500.169 1500.0 1500.0 1500.0
1614.568 1612.512 1610.958 1609.404 1607.85 1606.296 1605.214 1604.316 1603.417 1602.519 1601.397 1599.386 1597.375 1595.364 1593.353 1587.82 1580.655 1573.49 1566.326 1558.5 1547.341 1536.182 1525.023 1513.863 1508.507 1506.309 1504.111 1501.913 1500.01 1500.083 1500.156 1500.229 1500.302 1501.358 1503.04 1504.721 1506.402 1508.214 1511.286 1514.358 1517.43 1520.502 1521.806 1521.806 1521.806 1521.806 1521.654 1519.021 1516.387 1513.753 1511.12 1508.961 1507.206 1505.452 1503.697 1501.971 1501.533 1501.095 1500.656 1500.218 1500.0 1500.0 1500.0
1614.213 1611.972 1610.407 1608.842 1607.277 1605.712 1604.673 1603.839 1603.006 1602.173 1601.169 1599.488 1597.808 1596.128 1594.447 1589.404 1582.803 1576.202 1569.6 1562.245 1551.082 1539.92 1528.758 1517.596 1511.76 1508.825 1505.89 1502.954 1500.406 1500.459 1500.512 1500.565 1500.618 1502.035 1504.319 1506.603 1508.886 1511.31 1515.089 1518.868 1522.647 1526.427 1528.162 1528.391 1528.619 1528.848 1528.902 1526.1 1523.299 1520.498 1517.696 1515.168 1512.873 1510.577 1508.282 1506.012 1504.862 1503.713 1502.564 1501.415 1500.766 1500.61 1500.455
1613.717 1611.281 1609.699 1608.118 1606.537 1604.956 1603.951 1603.172 1602.393 1601.614 1600.719 1599.365 1598.01 1596.656 1595.301 1590.758 1584.738 1578.718 1572.698 1565.836 1554.727 1543.62 1532.512 1521.404 1515.099 1511.409 1507.718 1504.028 1500.82 1500.851 1500.883 1500.914 1500.945 1502.729 1505.627 1508.524 1511.422 1514.468 1518.958 1523.449 1527.939 1532.43 1534.605 1535.072 1535.54 1536.007 1536.278 1533.324 1530.371 1527.417 1524.464 1521.569 1518.726 1515.882 1513.038 1510.215 1508.328 1506.44 1504.552 1502.665 1501.567 1501.249 1500.93
1613.22 1610.59 1608.992 1607.395 1605.797 1604.2 1603.23 1602.505 1601.78 1601.056 1600.27 1599.241 1598.212 1597.183 1596.155 1592.112 1586.673 1581.234 1575.795 1569.427 1558.373 1547.319 1536.265 1525.212 1518.437 1513.992 1509.547 1505.103 1501.234 1501.244 1501.254 1501.263 1501.273 1503.423 1506.934 1510.446 1513.957 1517.626 1522.827 1528.029 1533.231 1538.433 1541.047 1541.754 1542.46 1543.166 1543.653 1540.548 1537.442 1534.337 1531.231 1527.971 1524.579 1521.187 1517.795 1514.419 1511.793 1509.167 1506.541 1503.915 1502.369 1501.887 1501.405
1612.724 1609.899 1608.285 1606.672 1605.058 1603.444 1602.509 1601.838 1601.168 1600.497 1599.82 1599.117 1598.414 1597.711 1597.008 1593.465 1588.608 1583.75 1578.891 1573.017 1562.018 1551.018 1540.019 1529.02 1521.776 1516.576 1511.376 1506.177 1501.649 1501.637 1501.624 1501.612 1501.6 1504.118 1508.242 1512.367 1516.491 1520.783 1526.696 1532.61 1538.523 1544.436 1547.49 1548.435 1549.38 1550.326 1551.029 1547.771 1544.514 1541.256 1537.999 1534.373 1530.432 1526.492 1522.551 1518.623 1515.258 1511.894 1508.529 1505.164 1503.17 1502.525 1501.881
1612.575 1609.425 1607.781 1606.137 1604.493 1602.849 1601.899 1601.22 1600.542 1599.863 1599.186 1598.519 1597.852 1597.184 1596.517 1593.209 1588.679 1584.15 1579.62 1574.064 1563.334 1552.605 1541.876 1531.147 1523.718 1518.087 1512.455 1506.823 1501.927 1501.979 1502.031 1502.083 1502.135 1505.008 1509.672 1514.336 1518.999 1523.835 1530.334 1536.833 1543.332 1549.831 1553.305 1554.547 1555.789 1557.032 1558.013 1554.719 1551.426 1548.132 1544.839 1540.968 1536.604 1532.241 1527.877 1523.523 1519.582 1515.641 1511.701 1507.76 1505.393 1504.576 1503.759
1612.892 1609.242 1607.549 1605.856 1604.163 1602.47 1601.44 1600.669 1599.898 1599.127 1598.305 1597.285 1596.265 1595.245 1594.224 1590.798 1586.257 1581.716 1577.175 1571.703 1561.533 1551.363 1541.193 1531.023 1523.792 1518.16 1512.528 1506.897 1502.024 1502.255 1502.487 1502.718 1502.949 1506.16 1511.264 1516.367 1521.471 1526.745 1533.662 1540.579 1547.496 1554.413 1558.28 1559.897 1561.514 1563.131 1564.472 1561.298 1558.124 1554.95 1551.776 1547.822 1543.204 1538.585 1533.966 1529.354 1525.055 1520.756 1516.457 1512.158 1509.519 1508.518 1507.517
