data/zism_data/00611_02_D.txt
ncols         224
nrows         224
[rows 192 to 223 of 224, columns 71 to 141 of 224]
1049.0 1049.0 1049.0 1049.0 1049.0 1049.0 1049.0 1049.0 1049.0 1049.0 1049.0 1049.0 1049.0 1049.0 1049.06 1049.134 1049.209 1049.283 1049.337 1049.337 1049.337 1049.337 1049.337 1049.346 1049.358 1049.37 1049.383 1049.398 1049.422 1049.447 1049.472 1049.497 1049.505 1049.505 1049.505 1049.505 1049.519 1049.628 1049.737 1049.847 1049.956 1050.0 1050.0 1050.0 1050.0 1050.0 1050.0 1050.0 1050.0 1050.0 1050.0 1050.0 1050.0 1050.0 1050.0 1050.0 1050.0 1050.0 1050.0 1049.967 1049.895 1049.822 1049.749 1049.676 1049.67 1049.67 1049.67 1049.67 1049.697 1049.77 1049.843
1049.0 1049.0 1049.0 1049.0 1049.0 1049.0 1049.0 1049.0 1049.0 1049.0 1049.0 1049.0 1049.0 1049.0 1049.087 1049.193 1049.3 1049.406 1049.484 1049.484 1049.484 1049.484 1049.484 1049.497 1049.514 1049.532 1049.55 1049.571 1049.607 1049.642 1049.678 1049.713 1049.725 1049.725 1049.725 1049.725 1049.733 1049.794 1049.854 1049.915 1049.975 1050.0 1050.0 1050.0 1050.0 1050.0 1050.0 1050.0 1050.0 1050.0 1050.0 1050.0 1050.0 1050.0 1050.0 1050.0 1050.0 1050.0 1050.0 1049.982 1049.942 1049.901 1049.861 1049.82 1049.817 1049.817 1049.817 1049.817 1049.832 1049.872 1049.913
1049.0 1049.0 1049.0 1049.0 1049.0 1049.0 1049.0 1049.0 1049.0 1049.0 1049.0 1049.0 1049.0 1049.0 1049.113 1049.252 1049.391 1049.53 1049.63 1049.63 1049.63 1049.63 1049.63 1049.648 1049.671 1049.694 1049.717 1049.745 1049.791 1049.838 1049.884 1049.93 1049.946 1049.946 1049.946 1049.946 1049.947 1049.959 1049.971 1049.983 1049.995 1050.0 1050.0 1050.0 1050.0 1050.0 1050.0 1050.0 1050.0 1050.0 1050.0 1050.0 1050.0 1050.0 1050.0 1050.0 1050.0 1050.0 1050.0 1049.996 1049.988 1049.98 1049.972 1049.964 1049.964 1049.964 1049.964 1049.964 1049.967 1049.975 1049.983
1049.01 1049.035 1049.059 1049.083 1049.108 1049.122 1049.134 1049.146 1049.158 1049.166 1049.166 1049.166 1049.166 1049.166 1049.266 1049.388 1049.511 1049.633 1049.722 1049.722 1049.722 1049.722 1049.722 1049.737 1049.758 1049.778 1049.798 1049.823 1049.864 1049.905 1049.946 1049.986 1050.0 1050.0 1050.0 1050.0 1050.0 1050.0 1050.0 1050.0 1050.0 1050.0 1050.0 1050.0 1050.0 1050.0 1050.0 1050.0 1050.0 1050.0 1050.0 1050.0 1050.0 1050.0 1050.0 1050.012 1050.024 1050.036 1050.049 1050.055 1050.055 1050.055 1050.055 1050.055 1050.055 1050.055 1050.055 1050.055 1050.055 1050.055 1050.055
1049.024 1049.081 1049.138 1049.194 1049.251 1049.283 1049.311 1049.34 1049.368 1049.387 1049.387 1049.387 1049.387 1049.387 1049.46 1049.55 1049.64 1049.73 1049.796 1049.796 1049.796 1049.796 1049.796 1049.807 1049.822 1049.837 1049.852 1049.87 1049.9 1049.93 1049.96 1049.99 1050.0 1050.0 1050.0 1050.0 1050.0 1050.0 1050.0 1050.0 1050.0 1050.0 1050.0 1050.0 1050.0 1050.0 1050.0 1050.0 1050.0 1050.0 1050.0 1050.0 1050.0 1050.0 1050.0 1050.028 1050.056 1050.085 1050.113 1050.129 1050.129 1050.129 1050.129 1050.129 1050.129 1050.129 1050.129 1050.129 1050.129 1050.129 1050.129
1049.037 1049.127 1049.216 1049.305 1049.394 1049.444 1049.489 1049.533 1049.578 1049.607 1049.607 1049.607 1049.607 1049.607 1049.654 1049.712 1049.769 1049.827 1049.869 1049.869 1049.869 1049.869 1049.869 1049.876 1049.886 1049.895 1049.905 1049.917 1049.936 1049.955 1049.974 1049.994 1050.0 1050.0 1050.0 1050.0 1050.0 1050.0 1050.0 1050.0 1050.0 1050.0 1050.0 1050.0 1050.0 1050.0 1050.0 1050.0 1050.0 1050.0 1050.0 1050.0 1050.0 1050.0 1050.0 1050.044 1050.089 1050.133 1050.178 1050.202 1050.202 1050.202 1050.202 1050.202 1050.202 1050.202 1050.202 1050.202 1050.202 1050.202 1050.202
1049.051 1049.173 1049.294 1049.416 1049.538 1049.605 1049.666 1049.727 1049.788 1049.828 1049.828 1049.828 1049.828 1049.828 1049.848 1049.873 1049.899 1049.924 1049.943 1049.943 1049.943 1049.943 1049.943 1049.946 1049.95 1049.954 1049.958 1049.963 1049.972 1049.98 1049.989 1049.997 1050.0 1050.0 1050.0 1050.0 1050.0 1050.0 1050.0 1050.0 1050.0 1050.0 1050.0 1050.0 1050.0 1050.0 1050.0 1050.0 1050.0 1050.0 1050.0 1050.0 1050.0 1050.0 1050.0 1050.06 1050.121 1050.182 1050.242 1050.276 1050.276 1050.276 1050.276 1050.276 1050.276 1050.276 1050.276 1050.276 1050.276 1050.276 1050.276
1049.059 1049.199 1049.339 1049.479 1049.619 1049.703 1049.78 1049.857 1049.934 1049.985 1049.989 1049.992 1049.996 1049.999 1050.0 1050.0 1050.0 1050.0 1050.0 1050.0 1050.0 1050.0 1050.0 1050.0 1050.0 1050.0 1050.0 1050.0 1050.0 1050.0 1050.0 1050.0 1050.0 1050.0 1050.0 1050.0 1050.0 1050.0 1050.0 1050.0 1050.0 1050.0 1050.0 1050.0 1050.0 1050.0 1050.0 1050.0 1050.0 1050.0 1050.002 1050.005 1050.009 1050.012 1050.016 1050.092 1050.169 1050.246 1050.323 1050.365 1050.365 1050.365 1050.365 1050.365 1050.365 1050.365 1050.365 1050.365 1050.365 1050.365 1050.365
1049.045 1049.153 1049.26 1049.368 1049.475 1049.57 1049.663 1049.757 1049.85 1049.917 1049.937 1049.957 1049.977 1049.996 1050.0 1050.0 1050.0 1050.0 1050.0 1050.0 1050.0 1050.0 1050.0 1050.0 1050.0 1050.0 1050.0 1050.0 1050.0 1050.0 1050.0 1050.0 1050.0 1050.0 1050.0 1050.0 1050.0 1050.0 1050.0 1050.0 1050.0 1050.0 1050.0 1050.0 1050.0 1050.0 1050.0 1050.0 1050.0 1050.0 1050.01 1050.03 1050.05 1050.069 1050.089 1050.181 1050.275 1050.368 1050.461 1050.512 1050.512 1050.512 1050.512 1050.512 1050.512 1050.512 1050.512 1050.512 1050.512 1050.512 1050.512
1049.032 1049.107 1049.182 1049.257 1049.332 1049.438 1049.547 1049.656 1049.766 1049.849 1049.885 1049.921 1049.957 1049.993 1050.0 1050.0 1050.0 1050.0 1050.0 1050.0 1050.0 1050.0 1050.0 1050.0 1050.0 1050.0 1050.0 1050.0 1050.0 1050.0 1050.0 1050.0 1050.0 1050.0 1050.0 1050.0 1050.0 1050.0 1050.0 1050.0 1050.0 1050.0 1050.0 1050.0 1050.0 1050.0 1050.0 1050.0 1050.0 1050.0 1050.019 1050.055 1050.091 1050.126 1050.162 1050.271 1050.38 1050.49 1050.599 1050.659 1050.659 1050.659 1050.659 1050.659 1050.659 1050.659 1050.659 1050.659 1050.659 1050.659 1050.659
1049.018 1049.061 1049.103 1049.146 1049.189 1049.305 1049.43 1049.556 1049.682 1049.782 1049.834 1049.886 1049.938 1049.99 1050.0 1050.0 1050.0 1050.0 1050.0 1050.0 1050.0 1050.0 1050.0 1050.0 1050.0 1050.0 1050.0 1050.0 1050.0 1050.0 1050.0 1050.0 1050.0 1050.0 1050.0 1050.0 1050.0 1050.0 1050.0 1050.0 1050.0 1050.0 1050.0 1050.0 1050.0 1050.0 1050.0 1050.0 1050.0 1050.0 1050.027 1050.079 1050.131 1050.184 1050.236 1050.36 1050.486 1050.611 1050.737 1050.806 1050.806 1050.806 1050.806 1050.806 1050.806 1050.806 1050.806 1050.806 1050.806 1050.806 1050.806
1049.004 1049.015 1049.025 1049.035 1049.046 1049.172 1049.314 1049.456 1049.598 1049.714 1049.782 1049.85 1049.919 1049.987 1050.0 1050.0 1050.0 1050.0 1050.0 1050.0 1050.0 1050.0 1050.0 1050.0 1050.0 1050.0 1050.0 1050.0 1050.0 1050.0 1050.0 1050.0 1050.0 1050.0 1050.0 1050.0 1050.0 1050.0 1050.0 1050.0 1050.0 1050.0 1050.0 1050.0 1050.0 1050.0 1050.0 1050.0 1050.0 1050.0 1050.036 1050.104 1050.172 1050.241 1050.309 1050.45 1050.591 1050.733 1050.875 1050.953 1050.953 1050.953 1050.953 1050.953 1050.953 1050.953 1050.953 1050.953 1050.953 1050.953 1050.953
1049.0 1049.0 1049.0 1049.0 1049.0 1049.11 1049.235 1049.36 1049.485 1049.589 1049.656 1049.722 1049.788 1049.854 1049.872 1049.88 1049.887 1049.895 1049.906 1049.928 1049.95 1049.972 1049.994 1050.0 1050.0 1050.0 1050.0 1050.0 1050.0 1050.0 1050.0 1050.0 1050.0 1050.0 1050.0 1050.0 1050.0 1050.0 1050.0 1050.0 1050.0 1050.0 1050.0 1050.0 1050.0 1050.001 1050.016 1050.03 1050.045 1050.06 1050.109 1050.19 1050.271 1050.351 1050.432 1050.557 1050.681 1050.806 1050.931 1051.0 1051.0 1051.0 1051.0 1051.0 1051.02 1051.042 1051.064 1051.086 1051.104 1051.115 1051.126
1049.0 1049.0 1049.0 1049.0 1049.0 1049.082 1049.174 1049.267 1049.359 1049.439 1049.494 1049.549 1049.605 1049.66 1049.685 1049.703 1049.722 1049.74 1049.768 1049.822 1049.877 1049.931 1049.986 1050.0 1050.0 1050.0 1050.0 1050.0 1050.0 1050.0 1050.0 1050.0 1050.0 1050.0 1050.0 1050.0 1050.0 1050.0 1050.0 1050.0 1050.0 1050.0 1050.0 1050.0 1050.0 1050.002 1050.038 1050.075 1050.111 1050.147 1050.213 1050.304 1050.396 1050.487 1050.579 1050.672 1050.764 1050.857 1050.949 1051.0 1051.0 1051.0 1051.0 1051.0 1051.05 1051.104 1051.159 1051.213 1051.257 1051.285 1051.312
1049.0 1049.0 1049.0 1049.0 1049.0 1049.053 1049.113 1049.173 1049.233 1049.288 1049.333 1049.377 1049.422 1049.466 1049.498 1049.527 1049.556 1049.585 1049.63 1049.717 1049.804 1049.891 1049.977 1050.0 1050.0 1050.0 1050.0 1050.0 1050.0 1050.0 1050.0 1050.0 1050.0 1050.0 1050.0 1050.0 1050.0 1050.0 1050.0 1050.0 1050.0 1050.0 1050.0 1050.0 1050.0 1050.003 1050.061 1050.119 1050.177 1050.235 1050.316 1050.419 1050.521 1050.623 1050.726 1050.787 1050.847 1050.907 1050.967 1051.0 1051.0 1051.0 1051.0 1051.0 1051.079 1051.166 1051.253 1051.34 1051.41 1051.454 1051.497
1049.0 1049.0 1049.0 1049.0 1049.0 1049.025 1049.052 1049.08 1049.108 1049.137 1049.171 1049.205 1049.239 1049.272 1049.311 1049.351 1049.39 1049.43 1049.492 1049.611 1049.73 1049.85 1049.969 1050.0 1050.0 1050.0 1050.0 1050.0 1050.0 1050.0 1050.0 1050.0 1050.0 1050.0 1050.0 1050.0 1050.0 1050.0 1050.0 1050.0 1050.0 1050.0 1050.0 1050.0 1050.0 1050.005 1050.084 1050.164 1050.243 1050.323 1050.42 1050.533 1050.646 1050.76 1050.873 1050.902 1050.929 1050.957 1050.985 1051.0 1051.0 1051.0 1051.0 1051.0 1051.109 1051.228 1051.347 1051.467 1051.563 1051.623 1051.683
1049.0 1049.0 1049.0 1049.0 1049.0 1049.0 1049.0 1049.0 1049.0 1049.008 1049.032 1049.056 1049.079 1049.103 1049.146 1049.193 1049.241 1049.288 1049.363 1049.508 1049.653 1049.799 1049.944 1049.984 1049.986 1049.989 1049.991 1049.993 1049.995 1049.996 1049.998 1050.0 1050.0 1050.0 1050.0 1050.0 1050.0 1050.0 1050.0 1050.0 1050.0 1050.0 1050.0 1050.0 1050.0 1050.006 1050.105 1050.205 1050.304 1050.404 1050.515 1050.635 1050.756 1050.877 1050.998 1051.0 1051.0 1051.0 1051.0 1051.002 1051.008 1051.013 1051.019 1051.024 1051.156 1051.3 1051.444 1051.588 1051.704 1051.775 1051.846
1049.0 1049.0 1049.0 1049.0 1049.0 1049.0 1049.0 1049.0 1049.0 1049.006 1049.025 1049.043 1049.061 1049.08 1049.113 1049.149 1049.186 1049.223 1049.286 1049.421 1049.555 1049.69 1049.825 1049.874 1049.892 1049.911 1049.929 1049.946 1049.959 1049.971 1049.984 1049.996 1050.0 1050.0 1050.0 1050.0 1050.0 1050.0 1050.0 1050.0 1050.0 1050.0 1050.0 1050.0 1050.0 1050.006 1050.117 1050.227 1050.337 1050.448 1050.558 1050.668 1050.778 1050.888 1050.998 1051.0 1051.0 1051.0 1051.0 1051.019 1051.063 1051.106 1051.149 1051.193 1051.308 1051.43 1051.552 1051.675 1051.772 1051.826 1051.881
1049.0 1049.0 1049.0 1049.0 1049.0 1049.0 1049.0 1049.0 1049.0 1049.005 1049.017 1049.03 1049.043 1049.056 1049.079 1049.105 1049.131 1049.157 1049.21 1049.334 1049.457 1049.581 1049.705 1049.763 1049.798 1049.833 1049.867 1049.9 1049.923 1049.946 1049.969 1049.992 1050.0 1050.0 1050.0 1050.0 1050.0 1050.0 1050.0 1050.0 1050.0 1050.0 1050.0 1050.0 1050.0 1050.007 1050.128 1050.249 1050.37 1050.492 1050.601 1050.701 1050.8 1050.899 1050.999 1051.0 1051.0 1051.0 1051.0 1051.036 1051.117 1051.199 1051.28 1051.361 1051.46 1051.56 1051.661 1051.762 1051.839 1051.878 1051.916
1049.0 1049.0 1049.0 1049.0 1049.0 1049.0 1049.0 1049.0 1049.0 1049.003 1049.01 1049.018 1049.025 1049.033 1049.046 1049.061 1049.076 1049.091 1049.133 1049.246 1049.359 1049.472 1049.585 1049.652 1049.703 1049.754 1049.805 1049.853 1049.887 1049.921 1049.955 1049.989 1050.0 1050.0 1050.0 1050.0 1050.0 1050.0 1050.0 1050.0 1050.0 1050.0 1050.0 1050.0 1050.0 1050.008 1050.14 1050.271 1050.403 1050.535 1050.645 1050.733 1050.822 1050.91 1050.999 1051.0 1051.0 1051.0 1051.0 1051.053 1051.172 1051.291 1051.41 1051.529 1051.611 1051.69 1051.769 1051.849 1051.906 1051.929 1051.951
1049.0 1049.0 1049.0 1049.0 1049.0 1049.0 1049.0 1049.0 1049.0 1049.001 1049.003 1049.005 1049.007 1049.009 1049.013 1049.017 1049.021 1049.026 1049.057 1049.159 1049.261 1049.364 1049.466 1049.542 1049.609 1049.676 1049.744 1049.806 1049.851 1049.896 1049.94 1049.985 1050.0 1050.0 1050.0 1050.0 1050.0 1050.0 1050.0 1050.0 1050.0 1050.0 1050.0 1050.0 1050.0 1050.008 1050.151 1050.294 1050.437 1050.579 1050.688 1050.766 1050.843 1050.921 1050.999 1051.0 1051.0 1051.0 1051.0 1051.07 1051.227 1051.384 1051.54 1051.697 1051.763 1051.821 1051.878 1051.935 1051.974 1051.98 1051.986
1049.0 1049.0 1049.0 1049.0 1049.0 1049.0 1049.0 1049.0 1049.0 1049.0 1049.0 1049.0 1049.0 1049.0 1049.0 1049.0 1049.0 1049.0 1049.023 1049.108 1049.193 1049.278 1049.363 1049.439 1049.513 1049.586 1049.66 1049.731 1049.793 1049.855 1049.917 1049.979 1050.0 1050.0 1050.0 1050.0 1050.0 1050.0 1050.0 1050.0 1050.0 1050.0 1050.0 1050.0 1050.0 1050.007 1050.135 1050.262 1050.389 1050.516 1050.626 1050.719 1050.812 1050.905 1050.999 1051.0 1051.0 1051.0 1051.0 1051.08 1051.258 1051.436 1051.614 1051.792 1051.846 1051.889 1051.931 1051.974 1052.011 1052.041 1052.07
1049.0 1049.0 1049.0 1049.0 1049.0 1049.0 1049.0 1049.0 1049.0 1049.0 1049.0 1049.0 1049.0 1049.0 1049.0 1049.0 1049.0 1049.0 1049.017 1049.081 1049.144 1049.207 1049.27 1049.341 1049.415 1049.488 1049.562 1049.637 1049.721 1049.805 1049.888 1049.972 1050.0 1050.0 1050.0 1050.0 1050.0 1050.0 1050.0 1050.0 1050.0 1050.0 1050.0 1050.0 1050.0 1050.005 1050.1 1050.195 1050.29 1050.385 1050.496 1050.621 1050.747 1050.873 1050.998 1051.0 1051.0 1051.0 1051.0 1051.085 1051.274 1051.463 1051.651 1051.84 1051.885 1051.917 1051.949 1051.98 1052.029 1052.108 1052.186
1049.0 1049.0 1049.0 1049.0 1049.0 1049.0 1049.0 1049.0 1049.0 1049.0 1049.0 1049.0 1049.0 1049.0 1049.0 1049.0 1049.0 1049.0 1049.011 1049.053 1049.095 1049.136 1049.178 1049.243 1049.317 1049.39 1049.464 1049.544 1049.649 1049.754 1049.86 1049.965 1050.0 1050.0 1050.0 1050.0 1050.0 1050.0 1050.0 1050.0 1050.0 1050.0 1050.0 1050.0 1050.0 1050.004 1050.066 1050.129 1050.191 1050.253 1050.366 1050.524 1050.682 1050.84 1050.998 1051.0 1051.0 1051.0 1051.0 1051.09 1051.289 1051.489 1051.689 1051.888 1051.925 1051.945 1051.966 1051.987 1052.048 1052.175 1052.301
1049.0 1049.0 1049.0 1049.0 1049.0 1049.0 1049.0 1049.0 1049.0 1049.0 1049.0 1049.0 1049.0 1049.0 1049.0 1049.0 1049.0 1049.0 1049.005 1049.026 1049.046 1049.066 1049.086 1049.145 1049.219 1049.292 1049.366 1049.45 1049.577 1049.704 1049.831 1049.958 1050.0 1050.0 1050.0 1050.0 1050.0 1050.0 1050.0 1050.0 1050.0 1050.0 1050.0 1050.0 1050.0 1050.002 1050.032 1050.062 1050.092 1050.122 1050.236 1050.426 1050.616 1050.807 1050.997 1051.0 1051.0 1051.0 1051.0 1051.094 1051.305 1051.515 1051.726 1051.936 1051.964 1051.974 1051.984 1051.994 1052.066 1052.241 1052.417
1049.0 1049.0 1049.0 1049.0 1049.0 1049.0 1049.0 1049.0 1049.0 1049.0 1049.0 1049.0 1049.0 1049.0 1049.0 1049.0 1049.0 1049.0 1049.0 1049.0 1049.0 1049.0 1049.0 1049.053 1049.126 1049.198 1049.27 1049.358 1049.506 1049.654 1049.802 1049.951 1050.0 1050.0 1050.0 1050.0 1050.0 1050.0 1050.0 1050.0 1050.0 1050.0 1050.0 1050.0 1050.0 1050.0 1050.0 1050.0 1050.0 1050.0 1050.115 1050.335 1050.556 1050.776 1050.997 1051.0 1051.0 1051.0 1051.0 1051.099 1051.319 1051.54 1051.76 1051.981 1052.001 1052.002 1052.003 1052.005 1052.088 1052.307 1052.526
1049.0 1049.0 1049.0 1049.0 1049.0 1049.0 1049.0 1049.0 1049.0 1049.0 1049.0 1049.0 1049.0 1049.0 1049.0 1049.0 1049.0 1049.0 1049.0 1049.0 1049.0 1049.0 1049.0 1049.042 1049.098 1049.154 1049.21 1049.288 1049.452 1049.617 1049.781 1049.945 1050.0 1050.0 1050.0 1050.0 1050.0 1050.0 1050.0 1050.0 1050.0 1050.0 1050.0 1050.0 1050.0 1050.0 1050.0 1050.0 1050.0 1050.0 1050.115 1050.335 1050.556 1050.776 1050.997 1051.0 1051.0 1051.0 1051.0 1051.099 1051.319 1051.54 1051.76 1051.981 1052.016 1052.033 1052.051 1052.068 1052.155 1052.358 1052.562
1049.0 1049.0 1049.0 1049.0 1049.0 1049.0 1049.0 1049.0 1049.0 1049.0 1049.0 1049.0 1049.0 1049.0 1049.0 1049.0 1049.0 1049.0 1049.0 1049.0 1049.0 1049.0 1049.0 1049.03 1049.069 1049.109 1049.149 1049.218 1049.398 1049.579 1049.759 1049.94 1050.0 1050.0 1050.0 1050.0 1050.0 1050.0 1050.0 1050.0 1050.0 1050.0 1050.0 1050.0 1050.0 1050.0 1050.0 1050.0 1050.0 1050.0 1050.115 1050.335 1050.556 1050.776 1050.997 1051.0 1051.0 1051.0 1051.0 1051.099 1051.319 1051.54 1051.76 1051.981 1052.031 1052.064 1052.098 1052.131 1052.223 1052.41 1052.596
1049.0 1049.0 1049.0 1049.0 1049.0 1049.0 1049.0 1049.0 1049.0 1049.0 1049.0 1049.0 1049.0 1049.0 1049.0 1049.0 1049.0 1049.0 1049.0 1049.0 1049.0 1049.0 1049.0 1049.018 1049.041 1049.065 1049.089 1049.147 1049.344 1049.541 1049.738 1049.934 1050.0 1050.0 1050.0 1050.0 1050.0 1050.0 1050.0 1050.0 1050.0 1050.0 1050.0 1050.0 1050.0 1050.0 1050.0 1050.0 1050.0 1050.0 1050.115 1050.335 1050.556 1050.776 1050.997 1051.0 1051.0 1051.0 1051.0 1051.099 1051.319 1051.54 1051.76 1051.981 1052.045 1052.095 1052.145 1052.195 1052.29 1052.461 1052.631
1049.0 1049.0 1049.0 1049.0 1049.0 1049.0 1049.0 1049.0 1049.0 1049.0 1049.0 1049.0 1049.0 1049.0 1049.0 1049.0 1049.0 1049.0 1049.0 1049.0 1049.0 1049.0 1049.0 1049.005 1049.013 1049.021 1049.028 1049.077 1049.29 1049.503 1049.716 1049.929 1050.0 1050.0 1050.0 1050.0 1050.0 1050.0 1050.0 1050.0 1050.0 1050.0 1050.0 1050.0 1050.0 1050.0 1050.0 1050.0 1050.0 1050.0 1050.115 1050.335 1050.556 1050.776 1050.997 1051.0 1051.0 1051.0 1051.0 1051.099 1051.319 1051.54 1051.76 1051.981 1052.06 1052.126 1052.192 1052.258 1052.358 1052.512 1052.666
1049.0 1049.0 1049.0 1049.0 1049.0 1049.0 1049.0 1049.0 1049.0 1049.0 1049.0 1049.0 1049.0 1049.0 1049.0 1049.0 1049.0 1049.0 1049.0 1049.0 1049.0 1049.0 1049.0 1049.0 1049.0 1049.0 1049.0 1049.039 1049.234 1049.428 1049.623 1049.817 1049.899 1049.925 1049.951 1049.977 1050.0 1050.0 1050.0 1050.0 1050.0 1050.0 1050.0 1050.0 1050.0 1050.0 1050.0 1050.0 1050.0 1050.0 1050.106 1050.309 1050.512 1050.715 1050.918 1050.938 1050.956 1050.973 1050.99 1051.099 1051.319 1051.54 1051.76 1051.981 1052.083 1052.174 1052.265 1052.356 1052.461 1052.591 1052.72
1049.0 1049.0 1049.0 1049.0 1049.0 1049.0 1049.0 1049.0 1049.0 1049.0 1049.0 1049.0 1049.0 1049.0 1049.0 1049.0 1049.0 1049.0 1049.0 1049.0 1049.0 1049.0 1049.0 1049.0 1049.0 1049.0 1049.0 1049.03 1049.175 1049.321 1049.467 1049.613 1049.711 1049.786 1049.86 1049.935 1050.0 1050.0 1050.0 1050.0 1050.0 1050.0 1050.0 1050.0 1050.0 1050.0 1050.0 1050.0 1050.0 1050.0 1050.089 1050.26 1050.43 1050.601 1050.772 1050.823 1050.873 1050.923 1050.973 1051.099 1051.319 1051.54 1051.76 1051.981 1052.113 1052.236 1052.359 1052.482 1052.596 1052.693 1052.79
