data/zism_data/00624_04_D.txt
ncols         224
nrows         224
[rows 29 to 57 of 224, columns 0 to 64 of 224]
1095.596 1095.665 1095.734 1095.873 1096.099 1096.325 1096.551 1096.776 1096.967 1097.153 1097.339 1097.525 1097.709 1097.887 1098.066 1098.244 1098.422 1098.225 1097.932 1097.639 1097.346 1097.045 1096.72 1096.395 1096.07 1095.745 1095.637 1095.623 1095.609 1095.596 1095.624 1095.904 1096.183 1096.462 1096.741 1097.064 1097.417 1097.769 1098.121 1098.464 1098.584 1098.705 1098.826 1098.946 1099.02 1099.046 1099.072 1099.098 1099.124 1099.099 1099.072 1099.044 1099.017 1099.0 1099.0 1099.0 1099.0 1099.0 1099.0 1099.0 1099.0 1099.0 1099.0 1099.0 1099.0
1095.28 1095.28 1095.28 1095.387 1095.625 1095.863 1096.101 1096.339 1096.536 1096.728 1096.92 1097.112 1097.314 1097.534 1097.754 1097.974 1098.193 1098.005 1097.713 1097.42 1097.128 1096.819 1096.459 1096.099 1095.739 1095.379 1095.269 1095.267 1095.266 1095.264 1095.305 1095.6 1095.894 1096.189 1096.484 1096.818 1097.179 1097.541 1097.903 1098.253 1098.359 1098.465 1098.572 1098.678 1098.757 1098.809 1098.861 1098.913 1098.965 1098.968 1098.968 1098.968 1098.968 1098.971 1098.978 1098.985 1098.992 1098.999 1099.0 1099.0 1099.0 1099.0 1099.0 1099.0 1099.0
1094.914 1094.914 1094.914 1095.002 1095.197 1095.392 1095.587 1095.782 1095.955 1096.126 1096.296 1096.467 1096.655 1096.875 1097.094 1097.314 1097.534 1097.35 1097.063 1096.776 1096.489 1096.195 1095.878 1095.561 1095.244 1094.927 1094.822 1094.809 1094.797 1094.785 1094.818 1095.124 1095.429 1095.734 1096.04 1096.359 1096.689 1097.018 1097.347 1097.67 1097.835 1098.0 1098.165 1098.331 1098.451 1098.524 1098.597 1098.671 1098.744 1098.748 1098.748 1098.748 1098.748 1098.77 1098.825 1098.881 1098.936 1098.991 1099.0 1099.0 1099.0 1099.0 1099.0 1099.0 1099.0
1094.548 1094.548 1094.548 1094.616 1094.768 1094.92 1095.072 1095.224 1095.374 1095.523 1095.673 1095.822 1095.996 1096.215 1096.435 1096.655 1096.875 1096.695 1096.413 1096.132 1095.85 1095.571 1095.297 1095.022 1094.748 1094.474 1094.375 1094.352 1094.329 1094.306 1094.332 1094.648 1094.964 1095.28 1095.596 1095.901 1096.198 1096.495 1096.792 1097.086 1097.31 1097.535 1097.759 1097.983 1098.144 1098.239 1098.333 1098.428 1098.523 1098.529 1098.529 1098.529 1098.529 1098.569 1098.673 1098.776 1098.88 1098.984 1099.0 1099.0 1099.0 1099.0 1099.0 1099.0 1099.0
1094.182 1094.182 1094.182 1094.231 1094.34 1094.449 1094.558 1094.667 1094.793 1094.921 1095.049 1095.177 1095.336 1095.556 1095.776 1095.996 1096.215 1096.04 1095.764 1095.488 1095.212 1094.947 1094.715 1094.484 1094.253 1094.021 1093.928 1093.894 1093.86 1093.826 1093.845 1094.172 1094.498 1094.825 1095.152 1095.442 1095.707 1095.972 1096.237 1096.503 1096.786 1097.069 1097.353 1097.636 1097.837 1097.953 1098.069 1098.186 1098.302 1098.309 1098.309 1098.309 1098.309 1098.368 1098.52 1098.672 1098.824 1098.976 1099.0 1099.0 1099.0 1099.0 1099.0 1099.0 1099.0
1093.815 1093.815 1093.815 1093.845 1093.911 1093.978 1094.044 1094.11 1094.212 1094.319 1094.425 1094.531 1094.677 1094.897 1095.117 1095.336 1095.556 1095.385 1095.114 1094.844 1094.573 1094.322 1094.134 1093.946 1093.757 1093.569 1093.481 1093.436 1093.392 1093.347 1093.358 1093.696 1094.033 1094.37 1094.708 1094.983 1095.216 1095.449 1095.682 1095.919 1096.262 1096.604 1096.946 1097.288 1097.53 1097.668 1097.806 1097.943 1098.081 1098.089 1098.089 1098.089 1098.089 1098.167 1098.368 1098.568 1098.768 1098.968 1099.0 1099.0 1099.0 1099.0 1099.0 1099.0 1099.0
1093.449 1093.449 1093.449 1093.468 1093.51 1093.553 1093.595 1093.638 1093.719 1093.803 1093.888 1093.973 1094.095 1094.286 1094.477 1094.668 1094.859 1094.704 1094.461 1094.218 1093.975 1093.751 1093.583 1093.415 1093.247 1093.08 1092.992 1092.94 1092.888 1092.836 1092.842 1093.187 1093.532 1093.877 1094.222 1094.504 1094.743 1094.982 1095.22 1095.465 1095.831 1096.197 1096.564 1096.93 1097.202 1097.377 1097.552 1097.728 1097.903 1097.958 1098.006 1098.054 1098.101 1098.205 1098.396 1098.587 1098.778 1098.969 1099.0 1099.0 1099.0 1099.0 1099.0 1099.0 1099.0
1093.083 1093.083 1093.083 1093.097 1093.129 1093.16 1093.192 1093.224 1093.284 1093.348 1093.411 1093.474 1093.566 1093.708 1093.851 1093.994 1094.137 1094.006 1093.806 1093.606 1093.406 1093.215 1093.052 1092.89 1092.728 1092.565 1092.476 1092.419 1092.361 1092.304 1092.306 1092.656 1093.006 1093.357 1093.707 1094.01 1094.281 1094.552 1094.823 1095.099 1095.465 1095.831 1096.197 1096.564 1096.86 1097.083 1097.307 1097.53 1097.753 1097.887 1098.016 1098.144 1098.272 1098.406 1098.549 1098.692 1098.834 1098.977 1099.0 1099.0 1099.0 1099.0 1099.0 1099.0 1099.0
1092.717 1092.717 1092.717 1092.726 1092.747 1092.768 1092.789 1092.81 1092.85 1092.892 1092.934 1092.976 1093.036 1093.13 1093.225 1093.319 1093.414 1093.308 1093.151 1092.993 1092.836 1092.679 1092.522 1092.365 1092.208 1092.051 1091.959 1091.897 1091.834 1091.771 1091.769 1092.125 1092.481 1092.836 1093.192 1093.517 1093.82 1094.123 1094.426 1094.732 1095.099 1095.465 1095.831 1096.198 1096.517 1096.789 1097.061 1097.332 1097.604 1097.817 1098.025 1098.234 1098.443 1098.607 1098.702 1098.796 1098.891 1098.985 1099.0 1099.0 1099.0 1099.0 1099.0 1099.0 1099.0
1092.35 1092.35 1092.35 1092.355 1092.365 1092.375 1092.386 1092.396 1092.415 1092.436 1092.457 1092.477 1092.506 1092.553 1092.599 1092.645 1092.691 1092.609 1092.495 1092.381 1092.267 1092.143 1091.991 1091.84 1091.688 1091.537 1091.443 1091.375 1091.307 1091.239 1091.233 1091.594 1091.955 1092.316 1092.677 1093.023 1093.359 1093.694 1094.029 1094.366 1094.733 1095.099 1095.465 1095.831 1096.175 1096.495 1096.815 1097.135 1097.455 1097.746 1098.035 1098.324 1098.614 1098.808 1098.854 1098.9 1098.946 1098.993 1099.0 1099.0 1099.0 1099.0 1099.0 1099.0 1099.0
1091.974 1091.974 1091.974 1091.974 1091.973 1091.971 1091.97 1091.968 1091.967 1091.965 1091.964 1091.963 1091.962 1091.962 1091.962 1091.962 1091.962 1091.904 1091.831 1091.758 1091.685 1091.595 1091.449 1091.304 1091.158 1091.012 1090.918 1090.847 1090.775 1090.703 1090.696 1091.064 1091.433 1091.801 1092.17 1092.538 1092.905 1093.272 1093.639 1094.006 1094.376 1094.745 1095.114 1095.484 1095.852 1096.219 1096.587 1096.954 1097.322 1097.686 1098.05 1098.414 1098.778 1099.0 1099.001 1099.002 1099.003 1099.004 1099.005 1099.005 1099.006 1099.006 1099.006 1099.006 1099.006
1091.389 1091.389 1091.389 1091.373 1091.34 1091.306 1091.273 1091.239 1091.206 1091.172 1091.138 1091.105 1091.083 1091.083 1091.083 1091.083 1091.083 1091.033 1090.971 1090.909 1090.847 1090.77 1090.646 1090.522 1090.398 1090.273 1090.212 1090.178 1090.144 1090.11 1090.142 1090.564 1090.986 1091.409 1091.831 1092.233 1092.622 1093.01 1093.399 1093.79 1094.229 1094.668 1095.107 1095.546 1095.963 1096.357 1096.751 1097.146 1097.54 1097.86 1098.176 1098.492 1098.808 1099.009 1099.031 1099.054 1099.076 1099.098 1099.111 1099.123 1099.134 1099.145 1099.153 1099.153 1099.153
1090.803 1090.803 1090.803 1090.773 1090.707 1090.641 1090.576 1090.51 1090.444 1090.378 1090.313 1090.247 1090.204 1090.204 1090.204 1090.204 1090.204 1090.163 1090.112 1090.06 1090.009 1089.945 1089.842 1089.74 1089.637 1089.534 1089.506 1089.509 1089.513 1089.516 1089.588 1090.064 1090.54 1091.016 1091.492 1091.928 1092.339 1092.749 1093.159 1093.573 1094.082 1094.591 1095.099 1095.608 1096.074 1096.495 1096.916 1097.337 1097.758 1098.034 1098.302 1098.57 1098.837 1099.017 1099.061 1099.105 1099.149 1099.193 1099.218 1099.24 1099.262 1099.284 1099.299 1099.299 1099.299
1090.217 1090.217 1090.217 1090.173 1090.075 1089.977 1089.879 1089.781 1089.683 1089.585 1089.487 1089.389 1089.325 1089.325 1089.325 1089.325 1089.325 1089.293 1089.252 1089.211 1089.171 1089.12 1089.039 1088.958 1088.877 1088.795 1088.799 1088.84 1088.881 1088.922 1089.034 1089.564 1090.093 1090.623 1091.152 1091.624 1092.055 1092.487 1092.918 1093.356 1093.935 1094.513 1095.092 1095.67 1096.185 1096.632 1097.08 1097.528 1097.976 1098.209 1098.428 1098.647 1098.866 1099.026 1099.091 1099.156 1099.222 1099.287 1099.325 1099.357 1099.39 1099.423 1099.446 1099.446 1099.446
1089.631 1089.631 1089.631 1089.572 1089.442 1089.312 1089.182 1089.052 1088.921 1088.791 1088.661 1088.531 1088.446 1088.446 1088.446 1088.446 1088.446 1088.422 1088.392 1088.362 1088.333 1088.295 1088.236 1088.176 1088.116 1088.057 1088.093 1088.172 1088.25 1088.329 1088.481 1089.064 1089.647 1090.23 1090.813 1091.319 1091.772 1092.225 1092.678 1093.14 1093.788 1094.436 1095.084 1095.733 1096.296 1096.77 1097.245 1097.72 1098.194 1098.383 1098.554 1098.725 1098.896 1099.034 1099.121 1099.208 1099.294 1099.381 1099.431 1099.475 1099.518 1099.562 1099.592 1099.592 1099.592
1089.065 1089.057 1089.049 1088.979 1088.832 1088.686 1088.539 1088.393 1088.232 1088.07 1087.907 1087.745 1087.637 1087.632 1087.627 1087.621 1087.616 1087.598 1087.576 1087.554 1087.532 1087.507 1087.468 1087.43 1087.392 1087.354 1087.428 1087.552 1087.676 1087.801 1087.995 1088.609 1089.222 1089.835 1090.448 1090.992 1091.491 1091.989 1092.487 1092.994 1093.683 1094.372 1095.061 1095.75 1096.346 1096.848 1097.349 1097.851 1098.352 1098.532 1098.692 1098.851 1099.011 1099.142 1099.229 1099.317 1099.404 1099.491 1099.541 1099.585 1099.628 1099.672 1099.703 1099.703 1099.703
1088.52 1088.496 1088.472 1088.393 1088.246 1088.1 1087.953 1087.807 1087.617 1087.423 1087.228 1087.034 1086.901 1086.885 1086.869 1086.853 1086.837 1086.821 1086.804 1086.788 1086.771 1086.755 1086.738 1086.721 1086.705 1086.688 1086.806 1086.984 1087.162 1087.34 1087.581 1088.2 1088.818 1089.436 1090.055 1090.643 1091.211 1091.779 1092.347 1092.921 1093.621 1094.32 1095.02 1095.72 1096.335 1096.863 1097.392 1097.92 1098.448 1098.655 1098.841 1099.028 1099.214 1099.354 1099.419 1099.485 1099.551 1099.616 1099.654 1099.687 1099.72 1099.753 1099.776 1099.776 1099.776
1087.975 1087.935 1087.895 1087.807 1087.66 1087.514 1087.367 1087.221 1087.002 1086.776 1086.549 1086.322 1086.165 1086.138 1086.111 1086.085 1086.058 1086.044 1086.032 1086.021 1086.01 1086.003 1086.008 1086.013 1086.017 1086.022 1086.184 1086.416 1086.647 1086.879 1087.167 1087.791 1088.414 1089.038 1089.662 1090.294 1090.932 1091.57 1092.207 1092.848 1093.559 1094.269 1094.979 1095.69 1096.324 1096.879 1097.434 1097.989 1098.545 1098.778 1098.991 1099.204 1099.418 1099.565 1099.609 1099.653 1099.698 1099.742 1099.767 1099.789 1099.812 1099.834 1099.849 1099.849 1099.849
1087.43 1087.374 1087.318 1087.221 1087.074 1086.928 1086.781 1086.635 1086.387 1086.128 1085.869 1085.61 1085.429 1085.391 1085.354 1085.316 1085.279 1085.266 1085.261 1085.255 1085.249 1085.252 1085.278 1085.304 1085.33 1085.356 1085.562 1085.847 1086.133 1086.418 1086.753 1087.382 1088.011 1088.64 1089.269 1089.945 1090.652 1091.36 1092.067 1092.776 1093.497 1094.218 1094.939 1095.66 1096.313 1096.895 1097.477 1098.059 1098.641 1098.901 1099.141 1099.381 1099.621 1099.776 1099.799 1099.822 1099.844 1099.867 1099.88 1099.892 1099.903 1099.914 1099.922 1099.922 1099.922
1086.885 1086.813 1086.74 1086.635 1086.488 1086.342 1086.195 1086.049 1085.772 1085.481 1085.19 1084.899 1084.692 1084.644 1084.596 1084.548 1084.499 1084.489 1084.489 1084.489 1084.488 1084.5 1084.547 1084.595 1084.643 1084.69 1084.94 1085.279 1085.618 1085.957 1086.338 1086.973 1087.607 1088.242 1088.876 1089.595 1090.373 1091.15 1091.927 1092.703 1093.435 1094.166 1094.898 1095.63 1096.301 1096.91 1097.519 1098.128 1098.737 1099.024 1099.291 1099.558 1099.825 1099.988 1099.989 1099.99 1099.991 1099.993 1099.993 1099.994 1099.995 1099.995 1099.996 1099.996 1099.996
1086.732 1086.598 1086.464 1086.304 1086.112 1085.92 1085.728 1085.536 1085.24 1084.932 1084.624 1084.316 1084.085 1084.001 1083.917 1083.833 1083.748 1083.731 1083.731 1083.731 1083.731 1083.752 1083.836 1083.921 1084.005 1084.089 1084.356 1084.703 1085.05 1085.397 1085.779 1086.374 1086.968 1087.562 1088.157 1088.856 1089.627 1090.399 1091.17 1091.939 1092.672 1093.404 1094.137 1094.869 1095.577 1096.258 1096.939 1097.62 1098.301 1098.641 1098.96 1099.28 1099.599 1099.811 1099.856 1099.902 1099.947 1099.993 1100.0 1100.0 1100.0 1100.0 1100.0 1100.0 1100.0
1086.603 1086.405 1086.207 1085.99 1085.749 1085.509 1085.269 1085.029 1084.713 1084.389 1084.064 1083.74 1083.486 1083.365 1083.243 1083.121 1082.999 1082.974 1082.974 1082.974 1082.974 1083.005 1083.126 1083.248 1083.37 1083.492 1083.774 1084.126 1084.478 1084.83 1085.212 1085.763 1086.314 1086.866 1087.417 1088.093 1088.854 1089.614 1090.375 1091.134 1091.866 1092.599 1093.331 1094.064 1094.808 1095.564 1096.32 1097.077 1097.833 1098.228 1098.601 1098.974 1099.346 1099.61 1099.704 1099.797 1099.891 1099.985 1100.0 1100.0 1100.0 1100.0 1100.0 1100.0 1100.0
1086.475 1086.212 1085.949 1085.675 1085.386 1085.098 1084.809 1084.521 1084.186 1083.845 1083.505 1083.165 1082.887 1082.728 1082.569 1082.409 1082.25 1082.218 1082.218 1082.218 1082.218 1082.257 1082.416 1082.576 1082.735 1082.894 1083.191 1083.549 1083.907 1084.264 1084.644 1085.152 1085.661 1086.169 1086.678 1087.33 1088.079 1088.829 1089.579 1090.328 1091.061 1091.793 1092.526 1093.258 1094.039 1094.871 1095.702 1096.533 1097.365 1097.815 1098.241 1098.667 1099.094 1099.409 1099.551 1099.693 1099.835 1099.977 1100.0 1100.0 1100.0 1100.0 1100.0 1100.0 1100.0
1086.346 1086.019 1085.692 1085.36 1085.023 1084.687 1084.35 1084.013 1083.659 1083.302 1082.946 1082.589 1082.288 1082.091 1081.894 1081.698 1081.501 1081.461 1081.461 1081.461 1081.461 1081.509 1081.706 1081.903 1082.1 1082.297 1082.609 1082.972 1083.335 1083.698 1084.076 1084.542 1085.007 1085.473 1085.938 1086.566 1087.306 1088.045 1088.784 1089.522 1090.255 1090.987 1091.72 1092.452 1093.271 1094.177 1095.083 1095.99 1096.896 1097.401 1097.881 1098.361 1098.842 1099.208 1099.399 1099.589 1099.779 1099.97 1100.0 1100.0 1100.0 1100.0 1100.0 1100.0 1100.0
1086.238 1085.857 1085.476 1085.098 1084.724 1084.349 1083.974 1083.6 1083.225 1082.85 1082.476 1082.101 1081.771 1081.527 1081.282 1081.037 1080.792 1080.742 1080.742 1080.742 1080.742 1080.798 1081.024 1081.25 1081.476 1081.702 1082.017 1082.37 1082.724 1083.078 1083.443 1083.879 1084.314 1084.749 1085.184 1085.78 1086.485 1087.19 1087.896 1088.602 1089.334 1090.067 1090.799 1091.532 1092.374 1093.328 1094.282 1095.237 1096.191 1096.739 1097.262 1097.786 1098.309 1098.722 1098.965 1099.208 1099.451 1099.694 1099.761 1099.794 1099.828 1099.861 1099.889 1099.902 1099.914
1086.163 1085.745 1085.326 1084.917 1084.521 1084.125 1083.729 1083.333 1082.937 1082.541 1082.145 1081.749 1081.383 1081.073 1080.764 1080.455 1080.146 1080.083 1080.083 1080.083 1080.083 1080.142 1080.385 1080.627 1080.869 1081.111 1081.408 1081.73 1082.051 1082.373 1082.709 1083.134 1083.558 1083.983 1084.407 1084.957 1085.593 1086.228 1086.864 1087.503 1088.236 1088.968 1089.701 1090.433 1091.278 1092.237 1093.197 1094.157 1095.116 1095.69 1096.24 1096.79 1097.34 1097.793 1098.095 1098.397 1098.699 1099.001 1099.149 1099.269 1099.388 1099.508 1099.605 1099.65 1099.695
1086.088 1085.632 1085.176 1084.737 1084.319 1083.902 1083.484 1083.067 1082.649 1082.232 1081.814 1081.397 1080.994 1080.62 1080.247 1079.873 1079.499 1079.424 1079.424 1079.424 1079.424 1079.487 1079.745 1080.004 1080.262 1080.52 1080.8 1081.089 1081.379 1081.668 1081.975 1082.389 1082.803 1083.217 1083.63 1084.134 1084.7 1085.266 1085.832 1086.405 1087.137 1087.87 1088.602 1089.334 1090.182 1091.147 1092.112 1093.077 1094.042 1094.641 1095.218 1095.795 1096.372 1096.864 1097.225 1097.586 1097.947 1098.308 1098.538 1098.743 1098.948 1099.154 1099.322 1099.399 1099.476
1086.013 1085.519 1085.026 1084.556 1084.117 1083.678 1083.239 1082.8 1082.361 1081.922 1081.483 1081.044 1080.606 1080.167 1079.729 1079.291 1078.853 1078.764 1078.764 1078.764 1078.764 1078.832 1079.106 1079.381 1079.655 1079.929 1080.192 1080.449 1080.706 1080.963 1081.241 1081.644 1082.047 1082.45 1082.854 1083.312 1083.808 1084.304 1084.8 1085.306 1086.038 1086.771 1087.503 1088.236 1089.086 1090.056 1091.026 1091.997 1092.967 1093.592 1094.196 1094.8 1095.403 1095.935 1096.355 1096.775 1097.195 1097.615 1097.926 1098.217 1098.509 1098.8 1099.038 1099.147 1099.256
1085.938 1085.406 1084.875 1084.376 1083.915 1083.455 1082.995 1082.534 1082.073 1081.613 1081.153 1080.692 1080.217 1079.714 1079.212 1078.709 1078.207 1078.105 1078.105 1078.105 1078.105 1078.177 1078.467 1078.758 1079.048 1079.338 1079.583 1079.808 1080.033 1080.258 1080.507 1080.9 1081.292 1081.684 1082.077 1082.489 1082.915 1083.341 1083.768 1084.207 1084.94 1085.672 1086.405 1087.137 1087.99 1088.965 1089.941 1090.917 1091.892 1092.543 1093.174 1093.804 1094.435 1095.006 1095.485 1095.964 1096.443 1096.922 1097.315 1097.692 1098.069 1098.446 1098.754 1098.896 1099.037
