data/zism_data/00626_01_D.txt
ncols         224
nrows         224
[rows 0 to 27 of 224, columns 128 to 191 of 224]
4615.526 4615.526 4615.526 4615.526 4615.526 4615.526 4615.526 4615.526 4615.856 4616.311 4616.765 4617.22 4617.687 4618.207 4618.727 4619.246 4619.766 4620.138 4620.431 4620.724 4621.017 4621.383 4622.313 4623.241 4624.17 4625.099 4625.645 4625.913 4626.181 4626.449 4626.706 4626.736 4626.767 4626.797 4626.827 4626.953 4627.171 4627.39 4627.608 4627.827 4628.253 4628.686 4629.119 4629.552 4629.949 4630.299 4630.65 4631.001 4631.352 4631.71 4632.068 4632.426 4632.784 4633.119 4633.412 4633.705 4633.998 4634.291 4634.659 4635.042 4635.425 4635.809 4636.173 4636.49
4619.775 4619.775 4619.775 4619.775 4619.775 4619.775 4619.775 4619.775 4620.007 4620.327 4620.647 4620.967 4621.298 4621.678 4622.058 4622.438 4622.818 4623.11 4623.354 4623.599 4623.843 4624.156 4624.988 4625.82 4626.652 4627.484 4627.942 4628.129 4628.316 4628.504 4628.679 4628.585 4628.492 4628.398 4628.305 4628.32 4628.442 4628.563 4628.685 4628.807 4629.225 4629.652 4630.08 4630.507 4630.896 4631.236 4631.577 4631.917 4632.257 4632.565 4632.869 4633.173 4633.478 4633.761 4634.005 4634.25 4634.494 4634.739 4635.08 4635.442 4635.804 4636.166 4636.5 4636.77
4624.024 4624.024 4624.024 4624.024 4624.024 4624.024 4624.024 4624.024 4624.158 4624.344 4624.529 4624.715 4624.91 4625.15 4625.39 4625.63 4625.87 4626.082 4626.277 4626.474 4626.67 4626.928 4627.664 4628.398 4629.134 4629.869 4630.239 4630.346 4630.452 4630.559 4630.651 4630.434 4630.216 4629.999 4629.782 4629.687 4629.712 4629.737 4629.761 4629.786 4630.197 4630.619 4631.041 4631.462 4631.844 4632.173 4632.503 4632.832 4633.161 4633.42 4633.67 4633.921 4634.171 4634.402 4634.599 4634.794 4634.991 4635.187 4635.502 4635.842 4636.183 4636.523 4636.829 4637.049
4628.272 4628.272 4628.272 4628.272 4628.272 4628.272 4628.272 4628.272 4628.31 4628.36 4628.411 4628.462 4628.522 4628.622 4628.722 4628.822 4628.922 4629.053 4629.201 4629.349 4629.496 4629.701 4630.339 4630.977 4631.615 4632.253 4632.537 4632.563 4632.588 4632.614 4632.624 4632.282 4631.941 4631.6 4631.259 4631.054 4630.982 4630.91 4630.838 4630.766 4631.168 4631.584 4632.001 4632.418 4632.792 4633.11 4633.429 4633.748 4634.066 4634.275 4634.472 4634.668 4634.865 4635.044 4635.192 4635.339 4635.487 4635.635 4635.924 4636.243 4636.562 4636.88 4637.156 4637.329
4631.51 4631.51 4631.51 4631.51 4631.51 4631.51 4631.51 4631.51 4631.538 4631.576 4631.615 4631.653 4631.699 4631.775 4631.852 4631.929 4632.005 4632.107 4632.222 4632.337 4632.453 4632.61 4633.093 4633.576 4634.059 4634.542 4634.683 4634.575 4634.466 4634.358 4634.236 4633.809 4633.381 4632.953 4632.525 4632.245 4632.107 4631.971 4631.833 4631.696 4632.102 4632.523 4632.945 4633.367 4633.714 4633.963 4634.213 4634.462 4634.711 4634.932 4635.149 4635.366 4635.583 4635.792 4635.987 4636.182 4636.377 4636.571 4636.812 4637.061 4637.311 4637.56 4637.776 4637.91
4634.733 4634.733 4634.733 4634.733 4634.733 4634.733 4634.733 4634.733 4634.753 4634.78 4634.808 4634.835 4634.869 4634.924 4634.979 4635.034 4635.089 4635.163 4635.245 4635.328 4635.411 4635.522 4635.849 4636.176 4636.503 4636.83 4636.826 4636.584 4636.341 4636.099 4635.844 4635.33 4634.816 4634.302 4633.788 4633.433 4633.231 4633.029 4632.828 4632.626 4633.035 4633.462 4633.889 4634.316 4634.636 4634.815 4634.995 4635.174 4635.354 4635.586 4635.825 4636.063 4636.302 4636.542 4636.786 4637.029 4637.272 4637.515 4637.706 4637.885 4638.065 4638.244 4638.4 4638.496
4637.956 4637.956 4637.956 4637.956 4637.956 4637.956 4637.956 4637.956 4637.968 4637.985 4638.001 4638.019 4638.039 4638.072 4638.106 4638.14 4638.173 4638.218 4638.269 4638.319 4638.37 4638.434 4638.604 4638.775 4638.946 4639.117 4638.97 4638.593 4638.216 4637.838 4637.452 4636.852 4636.251 4635.651 4635.051 4634.621 4634.354 4634.088 4633.822 4633.556 4633.968 4634.4 4634.833 4635.265 4635.557 4635.667 4635.776 4635.886 4635.995 4636.24 4636.5 4636.761 4637.021 4637.292 4637.584 4637.876 4638.167 4638.459 4638.6 4638.709 4638.819 4638.929 4639.023 4639.083
4641.178 4641.178 4641.178 4641.178 4641.178 4641.178 4641.178 4641.178 4641.183 4641.189 4641.195 4641.201 4641.208 4641.22 4641.232 4641.245 4641.257 4641.273 4641.292 4641.31 4641.328 4641.346 4641.36 4641.375 4641.39 4641.404 4641.114 4640.602 4640.09 4639.579 4639.06 4638.373 4637.687 4637.001 4636.314 4635.809 4635.478 4635.147 4634.816 4634.485 4634.901 4635.338 4635.776 4636.214 4636.479 4636.519 4636.558 4636.598 4636.637 4636.895 4637.176 4637.458 4637.74 4638.042 4638.383 4638.723 4639.063 4639.403 4639.495 4639.534 4639.574 4639.613 4639.647 4639.668
4643.605 4643.605 4643.605 4643.605 4643.605 4643.605 4643.605 4643.605 4643.605 4643.605 4643.605 4643.605 4643.605 4643.605 4643.605 4643.605 4643.605 4643.605 4643.605 4643.605 4643.605 4643.596 4643.515 4643.435 4643.354 4643.273 4642.887 4642.278 4641.669 4641.06 4640.446 4639.711 4638.976 4638.241 4637.506 4636.958 4636.59 4636.223 4635.856 4635.488 4635.885 4636.305 4636.725 4637.145 4637.391 4637.413 4637.434 4637.455 4637.476 4637.723 4637.996 4638.269 4638.542 4638.838 4639.178 4639.517 4639.856 4640.196 4640.255 4640.255 4640.255 4640.255 4640.255 4640.255
4644.997 4644.997 4644.997 4644.997 4644.997 4644.997 4644.997 4644.997 4644.997 4644.997 4644.997 4644.997 4644.997 4644.997 4644.997 4644.997 4644.997 4644.997 4644.997 4644.997 4644.997 4644.985 4644.889 4644.792 4644.695 4644.599 4644.177 4643.52 4642.862 4642.205 4641.544 4640.81 4640.075 4639.34 4638.605 4638.057 4637.689 4637.322 4636.955 4636.587 4636.937 4637.309 4637.68 4638.051 4638.292 4638.361 4638.43 4638.5 4638.569 4638.778 4639.002 4639.227 4639.451 4639.694 4639.969 4640.244 4640.518 4640.793 4640.841 4640.841 4640.841 4640.841 4640.841 4640.841
4646.388 4646.388 4646.388 4646.388 4646.388 4646.388 4646.388 4646.388 4646.388 4646.388 4646.388 4646.388 4646.388 4646.388 4646.388 4646.388 4646.388 4646.388 4646.388 4646.388 4646.388 4646.375 4646.263 4646.15 4646.037 4645.924 4645.468 4644.762 4644.056 4643.35 4642.643 4641.908 4641.173 4640.438 4639.704 4639.155 4638.788 4638.42 4638.053 4637.686 4637.989 4638.312 4638.635 4638.958 4639.191 4639.31 4639.427 4639.545 4639.663 4639.833 4640.009 4640.185 4640.361 4640.549 4640.76 4640.97 4641.18 4641.39 4641.427 4641.427 4641.427 4641.427 4641.427 4641.427
4647.78 4647.78 4647.78 4647.78 4647.78 4647.78 4647.78 4647.78 4647.78 4647.78 4647.78 4647.78 4647.78 4647.78 4647.78 4647.78 4647.78 4647.78 4647.78 4647.78 4647.78 4647.765 4647.636 4647.507 4647.378 4647.25 4646.758 4646.004 4645.25 4644.495 4643.742 4643.007 4642.272 4641.538 4640.803 4640.254 4639.887 4639.519 4639.152 4638.785 4639.041 4639.315 4639.589 4639.864 4640.091 4640.258 4640.424 4640.591 4640.757 4640.889 4641.016 4641.144 4641.271 4641.405 4641.551 4641.696 4641.842 4641.987 4642.013 4642.013 4642.013 4642.013 4642.013 4642.013
4649.172 4649.172 4649.172 4649.172 4649.172 4649.172 4649.172 4649.172 4649.172 4649.172 4649.172 4649.172 4649.172 4649.172 4649.172 4649.172 4649.172 4649.172 4649.172 4649.172 4649.172 4649.155 4649.01 4648.865 4648.72 4648.575 4648.048 4647.246 4646.443 4645.64 4644.841 4644.106 4643.371 4642.636 4641.901 4641.353 4640.985 4640.618 4640.25 4639.883 4640.092 4640.318 4640.544 4640.771 4640.992 4641.207 4641.421 4641.636 4641.851 4641.944 4642.022 4642.102 4642.181 4642.26 4642.341 4642.422 4642.503 4642.584 4642.599 4642.599 4642.599 4642.599 4642.599 4642.599
4649.462 4649.462 4649.462 4649.462 4649.462 4649.462 4649.462 4649.462 4649.462 4649.462 4649.462 4649.462 4649.462 4649.462 4649.462 4649.462 4649.462 4649.462 4649.462 4649.462 4649.462 4649.449 4649.331 4649.212 4649.094 4648.975 4648.515 4647.807 4647.098 4646.39 4645.681 4644.956 4644.23 4643.505 4642.779 4642.238 4641.875 4641.513 4641.15 4640.788 4640.991 4641.211 4641.432 4641.652 4641.881 4642.121 4642.36 4642.6 4642.839 4642.925 4642.994 4643.063 4643.131 4643.181 4643.197 4643.214 4643.23 4643.247 4643.238 4643.223 4643.209 4643.195 4643.185 4643.185
4649.609 4649.609 4649.609 4649.609 4649.609 4649.609 4649.609 4649.609 4649.609 4649.609 4649.609 4649.609 4649.609 4649.609 4649.609 4649.609 4649.609 4649.609 4649.609 4649.609 4649.609 4649.599 4649.513 4649.427 4649.341 4649.255 4648.874 4648.278 4647.683 4647.087 4646.487 4645.772 4645.058 4644.343 4643.629 4643.095 4642.738 4642.381 4642.023 4641.667 4641.87 4642.09 4642.311 4642.531 4642.77 4643.03 4643.292 4643.553 4643.813 4643.897 4643.96 4644.023 4644.087 4644.11 4644.062 4644.014 4643.965 4643.917 4643.884 4643.853 4643.823 4643.792 4643.771 4643.771
4649.756 4649.756 4649.756 4649.756 4649.756 4649.756 4649.756 4649.756 4649.756 4649.756 4649.756 4649.756 4649.756 4649.756 4649.756 4649.756 4649.756 4649.756 4649.756 4649.756 4649.756 4649.75 4649.696 4649.642 4649.588 4649.534 4649.232 4648.75 4648.268 4647.785 4647.293 4646.589 4645.886 4645.182 4644.478 4643.953 4643.601 4643.249 4642.897 4642.545 4642.749 4642.97 4643.19 4643.411 4643.658 4643.94 4644.223 4644.505 4644.788 4644.869 4644.927 4644.985 4645.043 4645.039 4644.926 4644.813 4644.701 4644.588 4644.53 4644.483 4644.437 4644.39 4644.357 4644.357
4649.902 4649.902 4649.902 4649.902 4649.902 4649.902 4649.902 4649.902 4649.902 4649.902 4649.902 4649.902 4649.902 4649.902 4649.902 4649.902 4649.902 4649.902 4649.902 4649.902 4649.902 4649.9 4649.878 4649.857 4649.835 4649.813 4649.591 4649.221 4648.852 4648.483 4648.1 4647.407 4646.713 4646.021 4645.328 4644.81 4644.463 4644.117 4643.771 4643.424 4643.628 4643.849 4644.069 4644.29 4644.546 4644.85 4645.154 4645.458 4645.762 4645.84 4645.893 4645.946 4645.999 4645.968 4645.791 4645.613 4645.436 4645.258 4645.176 4645.113 4645.05 4644.987 4644.943 4644.943
4650.0 4650.0 4650.0 4650.0 4650.0 4650.0 4650.0 4650.0 4650.0 4650.0 4650.0 4650.0 4650.0 4650.0 4650.0 4650.0 4650.0 4650.007 4650.018 4650.028 4650.039 4650.049 4650.049 4650.049 4650.049 4650.049 4649.885 4649.602 4649.318 4649.036 4648.736 4648.073 4647.411 4646.748 4646.085 4645.598 4645.28 4644.962 4644.645 4644.327 4644.526 4644.741 4644.957 4645.171 4645.426 4645.732 4646.038 4646.343 4646.649 4646.721 4646.767 4646.812 4646.858 4646.803 4646.572 4646.34 4646.109 4645.878 4645.782 4645.713 4645.646 4645.577 4645.529 4645.529
4650.0 4650.0 4650.0 4650.0 4650.0 4650.0 4650.0 4650.0 4650.0 4650.0 4650.0 4650.0 4650.0 4650.0 4650.0 4650.0 4650.0 4650.028 4650.071 4650.114 4650.157 4650.195 4650.195 4650.195 4650.195 4650.195 4650.05 4649.799 4649.548 4649.297 4649.032 4648.439 4647.847 4647.254 4646.662 4646.247 4646.004 4645.762 4645.519 4645.277 4645.463 4645.662 4645.861 4646.06 4646.289 4646.557 4646.825 4647.093 4647.361 4647.419 4647.454 4647.489 4647.524 4647.45 4647.187 4646.923 4646.66 4646.396 4646.308 4646.256 4646.204 4646.152 4646.115 4646.115
4650.0 4650.0 4650.0 4650.0 4650.0 4650.0 4650.0 4650.0 4650.0 4650.0 4650.0 4650.0 4650.0 4650.0 4650.0 4650.0 4650.0 4650.049 4650.125 4650.2 4650.275 4650.342 4650.342 4650.342 4650.342 4650.342 4650.215 4649.997 4649.778 4649.56 4649.328 4648.805 4648.283 4647.76 4647.237 4646.895 4646.728 4646.561 4646.394 4646.227 4646.399 4646.582 4646.765 4646.948 4647.151 4647.382 4647.612 4647.843 4648.073 4648.118 4648.142 4648.166 4648.19 4648.098 4647.802 4647.506 4647.21 4646.915 4646.833 4646.798 4646.762 4646.726 4646.701 4646.701
4650.0 4650.0 4650.0 4650.0 4650.0 4650.0 4650.0 4650.0 4650.0 4650.0 4650.0 4650.0 4650.0 4650.0 4650.0 4650.0 4650.0 4650.07 4650.178 4650.286 4650.393 4650.488 4650.488 4650.488 4650.488 4650.488 4650.38 4650.194 4650.008 4649.822 4649.624 4649.171 4648.719 4648.266 4647.813 4647.544 4647.452 4647.36 4647.269 4647.177 4647.336 4647.502 4647.669 4647.836 4648.014 4648.207 4648.399 4648.592 4648.785 4648.816 4648.83 4648.843 4648.855 4648.745 4648.417 4648.089 4647.761 4647.433 4647.36 4647.34 4647.32 4647.301 4647.287 4647.287
4650.0 4650.0 4650.0 4650.0 4650.0 4650.0 4650.0 4650.0 4650.0 4650.0 4650.0 4650.0 4650.0 4650.0 4650.0 4650.0 4650.0 4650.091 4650.231 4650.371 4650.511 4650.635 4650.635 4650.635 4650.635 4650.635 4650.545 4650.392 4650.237 4650.083 4649.92 4649.537 4649.154 4648.772 4648.389 4648.192 4648.176 4648.16 4648.144 4648.127 4648.272 4648.423 4648.573 4648.724 4648.876 4649.031 4649.187 4649.342 4649.497 4649.515 4649.517 4649.52 4649.522 4649.393 4649.032 4648.672 4648.312 4647.951 4647.886 4647.882 4647.878 4647.875 4647.873 4647.873
4649.954 4649.971 4649.988 4650.0 4650.0 4650.0 4650.0 4650.0 4650.0 4650.0 4650.0 4650.0 4650.005 4650.03 4650.055 4650.081 4650.106 4650.202 4650.336 4650.471 4650.605 4650.724 4650.724 4650.724 4650.724 4650.724 4650.653 4650.532 4650.41 4650.289 4650.158 4649.841 4649.524 4649.208 4648.891 4648.735 4648.735 4648.735 4648.735 4648.735 4648.89 4649.049 4649.209 4649.368 4649.519 4649.657 4649.796 4649.934 4650.073 4650.094 4650.103 4650.111 4650.12 4650.001 4649.659 4649.317 4648.975 4648.633 4648.573 4648.573 4648.573 4648.573 4648.56 4648.513
4649.895 4649.933 4649.972 4650.0 4650.0 4650.0 4650.0 4650.0 4650.0 4650.0 4650.0 4650.0 4650.011 4650.068 4650.126 4650.184 4650.241 4650.338 4650.457 4650.575 4650.693 4650.797 4650.797 4650.797 4650.797 4650.797 4650.745 4650.656 4650.566 4650.477 4650.381 4650.128 4649.876 4649.624 4649.372 4649.248 4649.248 4649.248 4649.248 4649.248 4649.418 4649.594 4649.77 4649.945 4650.1 4650.228 4650.355 4650.483 4650.611 4650.641 4650.661 4650.68 4650.699 4650.599 4650.289 4649.979 4649.669 4649.359 4649.306 4649.306 4649.306 4649.306 4649.275 4649.169
4649.836 4649.896 4649.956 4650.0 4650.0 4650.0 4650.0 4650.0 4650.0 4650.0 4650.0 4650.0 4650.017 4650.107 4650.197 4650.287 4650.376 4650.474 4650.576 4650.678 4650.78 4650.871 4650.871 4650.871 4650.871 4650.871 4650.837 4650.78 4650.723 4650.666 4650.604 4650.416 4650.228 4650.04 4649.853 4649.76 4649.76 4649.76 4649.76 4649.76 4649.946 4650.138 4650.33 4650.522 4650.681 4650.798 4650.916 4651.032 4651.149 4651.188 4651.218 4651.248 4651.278 4651.196 4650.919 4650.641 4650.364 4650.086 4650.038 4650.038 4650.038 4650.038 4649.99 4649.826
4649.777 4649.858 4649.94 4650.0 4650.0 4650.0 4650.0 4650.0 4650.0 4650.0 4650.0 4650.0 4650.023 4650.145 4650.267 4650.389 4650.512 4650.61 4650.696 4650.782 4650.868 4650.944 4650.944 4650.944 4650.944 4650.944 4650.929 4650.904 4650.88 4650.855 4650.826 4650.703 4650.58 4650.457 4650.333 4650.273 4650.273 4650.273 4650.273 4650.273 4650.475 4650.683 4650.891 4651.099 4651.263 4651.369 4651.475 4651.581 4651.688 4651.735 4651.775 4651.816 4651.857 4651.794 4651.549 4651.304 4651.058 4650.813 4650.771 4650.771 4650.771 4650.771 4650.706 4650.481
4649.585 4649.73 4649.875 4649.984 4649.988 4649.992 4649.995 4649.999 4650.0 4650.0 4650.0 4650.0 4650.028 4650.179 4650.33 4650.48 4650.631 4650.729 4650.799 4650.869 4650.938 4651.0 4651.001 4651.002 4651.004 4651.005 4651.011 4651.021 4651.031 4651.042 4651.048 4650.982 4650.916 4650.85 4650.784 4650.753 4650.757 4650.761 4650.765 4650.768 4650.979 4651.195 4651.412 4651.629 4651.797 4651.901 4652.005 4652.109 4652.213 4652.267 4652.315 4652.362 4652.41 4652.366 4652.159 4651.952 4651.746 4651.539 4651.503 4651.503 4651.503 4651.503 4651.427 4651.164
4648.951 4649.301 4649.651 4649.915 4649.935 4649.955 4649.975 4649.995 4650.0 4650.0 4650.0 4650.0 4650.031 4650.198 4650.365 4650.532 4650.699 4650.792 4650.845 4650.899 4650.953 4651.001 4651.007 4651.014 4651.021 4651.027 4651.061 4651.114 4651.167 4651.22 4651.269 4651.235 4651.202 4651.168 4651.134 4651.128 4651.148 4651.167 4651.188 4651.208 4651.403 4651.603 4651.804 4652.004 4652.175 4652.306 4652.437 4652.568 4652.699 4652.75 4652.793 4652.835 4652.877 4652.851 4652.704 4652.556 4652.409 4652.261 4652.235 4652.235 4652.235 4652.235 4652.167 4651.931
