data/zism_data/00627_03_D.txt
ncols         224
nrows         224
[rows 84 to 111 of 224, columns 0 to 62 of 224]
1328.922 1329.152 1329.382 1329.613 1329.876 1330.226 1330.576 1330.926 1331.276 1331.633 1331.993 1332.353 1332.713 1333.075 1333.442 1333.809 1334.177 1334.544 1334.765 1334.912 1335.059 1335.206 1335.381 1335.749 1336.116 1336.484 1336.851 1337.218 1337.586 1337.953 1338.321 1338.688 1339.055 1339.423 1339.79 1340.158 1340.525 1340.892 1341.26 1341.627 1341.995 1342.319 1342.642 1342.966 1343.289 1343.563 1343.776 1343.99 1344.203 1344.417 1344.757 1345.109 1345.462 1345.814 1346.113 1346.321 1346.529 1346.738 1346.946 1347.179 1347.417 1347.654 1347.891
1328.781 1329.019 1329.257 1329.494 1329.768 1330.135 1330.503 1330.87 1331.238 1331.605 1331.972 1332.34 1332.707 1333.075 1333.442 1333.809 1334.177 1334.544 1334.765 1334.912 1335.059 1335.206 1335.381 1335.749 1336.116 1336.484 1336.851 1337.218 1337.586 1337.953 1338.321 1338.688 1339.055 1339.423 1339.79 1340.158 1340.525 1340.892 1341.26 1341.627 1341.995 1342.294 1342.592 1342.89 1343.189 1343.45 1343.666 1343.882 1344.098 1344.315 1344.669 1345.036 1345.404 1345.771 1346.072 1346.262 1346.452 1346.642 1346.832 1347.073 1347.324 1347.575 1347.826
1328.661 1328.931 1329.201 1329.471 1329.768 1330.135 1330.503 1330.87 1331.238 1331.605 1331.972 1332.34 1332.707 1333.075 1333.442 1333.809 1334.177 1334.544 1334.765 1334.912 1335.059 1335.206 1335.381 1335.749 1336.116 1336.484 1336.851 1337.218 1337.586 1337.953 1338.321 1338.688 1339.055 1339.423 1339.79 1340.158 1340.525 1340.892 1341.26 1341.627 1341.995 1342.257 1342.517 1342.778 1343.038 1343.296 1343.55 1343.804 1344.057 1344.311 1344.669 1345.036 1345.404 1345.771 1346.068 1346.247 1346.426 1346.606 1346.785 1347.034 1347.295 1347.557 1347.818
1328.541 1328.843 1329.145 1329.448 1329.768 1330.135 1330.503 1330.87 1331.238 1331.605 1331.972 1332.34 1332.707 1333.075 1333.442 1333.809 1334.177 1334.544 1334.765 1334.912 1335.059 1335.206 1335.381 1335.749 1336.116 1336.484 1336.851 1337.218 1337.586 1337.953 1338.321 1338.688 1339.055 1339.423 1339.79 1340.158 1340.525 1340.892 1341.26 1341.627 1341.995 1342.22 1342.443 1342.665 1342.888 1343.142 1343.433 1343.725 1344.016 1344.308 1344.669 1345.036 1345.404 1345.771 1346.064 1346.232 1346.401 1346.569 1346.738 1346.994 1347.266 1347.538 1347.811
1328.42 1328.755 1329.089 1329.424 1329.768 1330.135 1330.503 1330.87 1331.238 1331.605 1331.972 1332.34 1332.707 1333.075 1333.442 1333.809 1334.177 1334.544 1334.765 1334.912 1335.059 1335.206 1335.381 1335.749 1336.116 1336.484 1336.851 1337.218 1337.586 1337.953 1338.321 1338.688 1339.055 1339.423 1339.79 1340.158 1340.525 1340.892 1341.26 1341.627 1341.995 1342.182 1342.368 1342.553 1342.738 1342.988 1343.317 1343.646 1343.976 1344.305 1344.669 1345.036 1345.404 1345.771 1346.059 1346.217 1346.375 1346.533 1346.691 1346.954 1347.237 1347.52 1347.803
1328.3 1328.667 1329.034 1329.401 1329.768 1330.135 1330.503 1330.87 1331.238 1331.605 1331.972 1332.34 1332.707 1333.075 1333.442 1333.809 1334.177 1334.544 1334.765 1334.912 1335.059 1335.206 1335.381 1335.749 1336.116 1336.484 1336.851 1337.218 1337.586 1337.953 1338.321 1338.688 1339.055 1339.423 1339.79 1340.158 1340.525 1340.892 1341.26 1341.627 1341.995 1342.145 1342.293 1342.44 1342.588 1342.834 1343.201 1343.568 1343.935 1344.302 1344.669 1345.036 1345.404 1345.771 1346.055 1346.203 1346.35 1346.497 1346.644 1346.914 1347.208 1347.502 1347.796
1328.298 1328.666 1329.033 1329.4 1329.768 1330.135 1330.503 1330.87 1331.238 1331.605 1331.972 1332.34 1332.707 1333.075 1333.442 1333.809 1334.177 1334.544 1334.765 1334.912 1335.059 1335.206 1335.381 1335.749 1336.116 1336.484 1336.851 1337.218 1337.586 1337.953 1338.321 1338.688 1339.055 1339.423 1339.79 1340.158 1340.525 1340.892 1341.26 1341.627 1341.995 1342.181 1342.365 1342.55 1342.734 1342.984 1343.314 1343.644 1343.974 1344.305 1344.669 1345.036 1345.404 1345.771 1346.059 1346.217 1346.375 1346.532 1346.69 1346.953 1347.236 1347.52 1347.803
1328.298 1328.666 1329.033 1329.4 1329.768 1330.135 1330.503 1330.87 1331.238 1331.605 1331.972 1332.34 1332.707 1333.075 1333.442 1333.809 1334.177 1334.544 1334.765 1334.912 1335.059 1335.206 1335.381 1335.749 1336.116 1336.484 1336.851 1337.218 1337.586 1337.953 1338.321 1338.688 1339.055 1339.423 1339.79 1340.158 1340.525 1340.892 1341.26 1341.627 1341.995 1342.219 1342.44 1342.662 1342.884 1343.137 1343.43 1343.723 1344.015 1344.308 1344.669 1345.036 1345.404 1345.771 1346.063 1346.232 1346.4 1346.568 1346.737 1346.993 1347.265 1347.538 1347.81
1328.298 1328.666 1329.033 1329.4 1329.768 1330.135 1330.503 1330.87 1331.238 1331.605 1331.972 1332.34 1332.707 1333.075 1333.442 1333.809 1334.177 1334.544 1334.765 1334.912 1335.059 1335.206 1335.381 1335.749 1336.116 1336.484 1336.851 1337.218 1337.586 1337.953 1338.321 1338.688 1339.055 1339.423 1339.79 1340.158 1340.525 1340.892 1341.26 1341.627 1341.995 1342.256 1342.515 1342.775 1343.034 1343.292 1343.546 1343.801 1344.056 1344.311 1344.669 1345.036 1345.404 1345.771 1346.068 1346.247 1346.426 1346.605 1346.784 1347.032 1347.294 1347.556 1347.818
1328.298 1328.666 1329.033 1329.4 1329.768 1330.135 1330.503 1330.87 1331.238 1331.605 1331.972 1332.34 1332.707 1333.075 1333.442 1333.809 1334.177 1334.544 1334.765 1334.912 1335.059 1335.206 1335.381 1335.749 1336.116 1336.484 1336.851 1337.218 1337.586 1337.953 1338.321 1338.688 1339.055 1339.423 1339.79 1340.158 1340.525 1340.892 1341.26 1341.627 1341.995 1342.293 1342.59 1342.887 1343.184 1343.445 1343.663 1343.88 1344.097 1344.314 1344.669 1345.036 1345.404 1345.771 1346.072 1346.261 1346.451 1346.641 1346.831 1347.072 1347.323 1347.574 1347.825
1328.324 1328.685 1329.045 1329.406 1329.768 1330.135 1330.503 1330.87 1331.238 1331.605 1331.972 1332.34 1332.707 1333.075 1333.442 1333.809 1334.177 1334.544 1334.765 1334.912 1335.059 1335.206 1335.381 1335.749 1336.116 1336.484 1336.851 1337.218 1337.586 1337.953 1338.321 1338.688 1339.055 1339.423 1339.79 1340.158 1340.525 1340.892 1341.26 1341.627 1341.995 1342.318 1342.641 1342.965 1343.288 1343.561 1343.773 1343.986 1344.198 1344.41 1344.752 1345.105 1345.458 1345.812 1346.11 1346.318 1346.525 1346.733 1346.941 1347.174 1347.412 1347.65 1347.888
1328.385 1328.729 1329.073 1329.417 1329.768 1330.135 1330.503 1330.87 1331.238 1331.605 1331.972 1332.34 1332.707 1333.075 1333.442 1333.809 1334.177 1334.544 1334.765 1334.912 1335.059 1335.206 1335.381 1335.749 1336.116 1336.484 1336.851 1337.218 1337.586 1337.953 1338.321 1338.688 1339.055 1339.423 1339.79 1340.158 1340.525 1340.892 1341.26 1341.627 1341.995 1342.329 1342.663 1342.997 1343.331 1343.627 1343.877 1344.127 1344.377 1344.627 1344.942 1345.263 1345.584 1345.905 1346.193 1346.428 1346.663 1346.897 1347.132 1347.356 1347.577 1347.799 1348.021
1328.445 1328.773 1329.101 1329.429 1329.768 1330.135 1330.503 1330.87 1331.238 1331.605 1331.972 1332.34 1332.707 1333.075 1333.442 1333.809 1334.177 1334.544 1334.765 1334.912 1335.059 1335.206 1335.381 1335.749 1336.116 1336.484 1336.851 1337.218 1337.586 1337.953 1338.321 1338.688 1339.055 1339.423 1339.79 1340.158 1340.525 1340.892 1341.26 1341.627 1341.995 1342.34 1342.684 1343.029 1343.374 1343.693 1343.98 1344.268 1344.556 1344.843 1345.132 1345.421 1345.71 1345.998 1346.277 1346.538 1346.8 1347.061 1347.323 1347.537 1347.743 1347.949 1348.154
1328.505 1328.817 1329.129 1329.441 1329.768 1330.135 1330.503 1330.87 1331.238 1331.605 1331.972 1332.34 1332.707 1333.075 1333.442 1333.809 1334.177 1334.544 1334.765 1334.912 1335.059 1335.206 1335.381 1335.749 1336.116 1336.484 1336.851 1337.218 1337.586 1337.953 1338.321 1338.688 1339.055 1339.423 1339.79 1340.158 1340.525 1340.892 1341.26 1341.627 1341.995 1342.35 1342.706 1343.061 1343.416 1343.758 1344.084 1344.409 1344.734 1345.06 1345.322 1345.579 1345.835 1346.092 1346.36 1346.649 1346.937 1347.225 1347.514 1347.719 1347.909 1348.098 1348.287
1328.565 1328.861 1329.156 1329.452 1329.768 1330.135 1330.503 1330.87 1331.238 1331.605 1331.972 1332.34 1332.707 1333.075 1333.442 1333.809 1334.177 1334.544 1334.765 1334.912 1335.059 1335.206 1335.381 1335.749 1336.116 1336.484 1336.851 1337.218 1337.586 1337.953 1338.321 1338.688 1339.055 1339.423 1339.79 1340.158 1340.525 1340.892 1341.26 1341.627 1341.995 1342.361 1342.727 1343.093 1343.459 1343.824 1344.187 1344.55 1344.913 1345.276 1345.513 1345.737 1345.961 1346.185 1346.444 1346.759 1347.074 1347.39 1347.705 1347.901 1348.074 1348.247 1348.421
1328.713 1329.021 1329.329 1329.638 1329.95 1330.275 1330.599 1330.924 1331.249 1331.605 1331.972 1332.34 1332.707 1333.075 1333.442 1333.809 1334.177 1334.544 1334.765 1334.912 1335.059 1335.206 1335.381 1335.749 1336.116 1336.484 1336.851 1337.218 1337.586 1337.953 1338.321 1338.688 1339.055 1339.423 1339.79 1340.158 1340.525 1340.892 1341.26 1341.627 1341.995 1342.39 1342.786 1343.182 1343.578 1343.961 1344.329 1344.696 1345.063 1345.431 1345.664 1345.885 1346.105 1346.325 1346.576 1346.875 1347.174 1347.474 1347.773 1347.985 1348.18 1348.376 1348.571
1328.873 1329.197 1329.521 1329.846 1330.157 1330.433 1330.709 1330.985 1331.261 1331.605 1331.972 1332.34 1332.707 1333.075 1333.442 1333.809 1334.177 1334.544 1334.765 1334.912 1335.059 1335.206 1335.381 1335.749 1336.116 1336.484 1336.851 1337.218 1337.586 1337.953 1338.321 1338.688 1339.055 1339.423 1339.79 1340.158 1340.525 1340.892 1341.26 1341.627 1341.995 1342.422 1342.85 1343.279 1343.707 1344.108 1344.475 1344.843 1345.21 1345.577 1345.811 1346.031 1346.252 1346.472 1346.714 1346.992 1347.27 1347.548 1347.825 1348.057 1348.279 1348.501 1348.723
1329.032 1329.373 1329.713 1330.054 1330.363 1330.591 1330.818 1331.046 1331.274 1331.605 1331.972 1332.34 1332.707 1333.075 1333.442 1333.809 1334.177 1334.544 1334.765 1334.912 1335.059 1335.206 1335.381 1335.749 1336.116 1336.484 1336.851 1337.218 1337.586 1337.953 1338.321 1338.688 1339.055 1339.423 1339.79 1340.158 1340.525 1340.892 1341.26 1341.627 1341.995 1342.454 1342.914 1343.375 1343.835 1344.254 1344.622 1344.989 1345.356 1345.724 1345.957 1346.178 1346.398 1346.619 1346.852 1347.109 1347.365 1347.621 1347.878 1348.128 1348.377 1348.626 1348.875
1329.192 1329.548 1329.905 1330.262 1330.569 1330.749 1330.928 1331.107 1331.287 1331.605 1331.972 1332.34 1332.707 1333.075 1333.442 1333.809 1334.177 1334.544 1334.765 1334.912 1335.059 1335.206 1335.381 1335.749 1336.116 1336.484 1336.851 1337.218 1337.586 1337.953 1338.321 1338.688 1339.055 1339.423 1339.79 1340.158 1340.525 1340.892 1341.26 1341.627 1341.995 1342.486 1342.979 1343.471 1343.964 1344.401 1344.768 1345.135 1345.503 1345.87 1346.104 1346.324 1346.545 1346.765 1346.991 1347.226 1347.46 1347.695 1347.93 1348.199 1348.475 1348.751 1349.027
1329.369 1329.732 1330.096 1330.46 1330.765 1330.916 1331.066 1331.217 1331.367 1331.674 1332.036 1332.398 1332.76 1333.122 1333.482 1333.842 1334.203 1334.563 1334.783 1334.934 1335.084 1335.235 1335.413 1335.773 1336.133 1336.494 1336.854 1337.218 1337.586 1337.953 1338.321 1338.688 1339.055 1339.423 1339.79 1340.158 1340.525 1340.892 1341.26 1341.627 1341.995 1342.496 1343.0 1343.504 1344.007 1344.449 1344.817 1345.184 1345.552 1345.919 1346.162 1346.393 1346.625 1346.856 1347.082 1347.299 1347.515 1347.732 1347.949 1348.229 1348.521 1348.814 1349.106
1329.58 1329.933 1330.286 1330.639 1330.939 1331.1 1331.262 1331.423 1331.584 1331.882 1332.228 1332.574 1332.92 1333.264 1333.603 1333.941 1334.28 1334.619 1334.839 1335.001 1335.162 1335.323 1335.508 1335.846 1336.185 1336.524 1336.863 1337.218 1337.586 1337.953 1338.321 1338.688 1339.055 1339.423 1339.79 1340.158 1340.525 1340.892 1341.26 1341.627 1341.995 1342.464 1342.936 1343.407 1343.878 1344.303 1344.67 1345.038 1345.405 1345.773 1346.045 1346.309 1346.572 1346.836 1347.078 1347.284 1347.49 1347.696 1347.902 1348.176 1348.463 1348.749 1349.036
1329.791 1330.133 1330.475 1330.817 1331.113 1331.285 1331.457 1331.629 1331.801 1332.09 1332.42 1332.749 1333.079 1333.406 1333.723 1334.041 1334.358 1334.675 1334.895 1335.067 1335.24 1335.412 1335.603 1335.92 1336.237 1336.554 1336.871 1337.218 1337.586 1337.953 1338.321 1338.688 1339.055 1339.423 1339.79 1340.158 1340.525 1340.892 1341.26 1341.627 1341.995 1342.433 1342.872 1343.311 1343.75 1344.156 1344.524 1344.891 1345.259 1345.626 1345.928 1346.224 1346.52 1346.816 1347.074 1347.269 1347.464 1347.66 1347.855 1348.123 1348.404 1348.685 1348.967
1330.002 1330.333 1330.665 1330.996 1331.287 1331.47 1331.652 1331.835 1332.018 1332.298 1332.611 1332.925 1333.238 1333.548 1333.844 1334.14 1334.435 1334.731 1334.951 1335.134 1335.317 1335.5 1335.698 1335.993 1336.289 1336.584 1336.88 1337.218 1337.586 1337.953 1338.321 1338.688 1339.055 1339.423 1339.79 1340.158 1340.525 1340.892 1341.26 1341.627 1341.995 1342.401 1342.807 1343.214 1343.621 1344.01 1344.377 1344.745 1345.112 1345.48 1345.811 1346.139 1346.467 1346.796 1347.07 1347.254 1347.439 1347.623 1347.808 1348.069 1348.345 1348.621 1348.897
1330.213 1330.533 1330.854 1331.175 1331.461 1331.654 1331.848 1332.042 1332.235 1332.505 1332.803 1333.1 1333.398 1333.69 1333.964 1334.239 1334.513 1334.787 1335.007 1335.201 1335.395 1335.588 1335.792 1336.066 1336.341 1336.615 1336.889 1337.218 1337.586 1337.953 1338.321 1338.688 1339.055 1339.423 1339.79 1340.158 1340.525 1340.892 1341.26 1341.627 1341.995 1342.369 1342.743 1343.118 1343.492 1343.864 1344.231 1344.598 1344.966 1345.333 1345.694 1346.055 1346.415 1346.775 1347.065 1347.239 1347.413 1347.587 1347.761 1348.016 1348.286 1348.557 1348.828
1330.471 1330.768 1331.065 1331.363 1331.638 1331.855 1332.072 1332.289 1332.506 1332.78 1333.074 1333.368 1333.662 1333.947 1334.2 1334.452 1334.705 1334.958 1335.172 1335.368 1335.564 1335.76 1335.968 1336.254 1336.541 1336.827 1337.113 1337.44 1337.795 1338.15 1338.504 1338.858 1339.196 1339.534 1339.872 1340.21 1340.559 1340.918 1341.277 1341.636 1341.995 1342.354 1342.713 1343.072 1343.431 1343.788 1344.143 1344.497 1344.852 1345.207 1345.558 1345.908 1346.259 1346.61 1346.902 1347.099 1347.296 1347.492 1347.689 1347.933 1348.185 1348.438 1348.691
1330.742 1331.012 1331.283 1331.553 1331.816 1332.06 1332.304 1332.548 1332.792 1333.073 1333.367 1333.661 1333.955 1334.236 1334.467 1334.698 1334.929 1335.16 1335.368 1335.564 1335.76 1335.956 1336.166 1336.474 1336.782 1337.09 1337.397 1337.724 1338.062 1338.401 1338.739 1339.076 1339.376 1339.676 1339.977 1340.277 1340.602 1340.95 1341.298 1341.647 1341.995 1342.343 1342.691 1343.04 1343.388 1343.732 1344.07 1344.409 1344.748 1345.086 1345.416 1345.745 1346.074 1346.403 1346.695 1346.924 1347.153 1347.382 1347.611 1347.841 1348.073 1348.304 1348.535
1331.013 1331.256 1331.5 1331.744 1331.995 1332.265 1332.536 1332.807 1333.078 1333.366 1333.66 1333.954 1334.248 1334.524 1334.734 1334.943 1335.153 1335.363 1335.563 1335.759 1335.955 1336.151 1336.364 1336.694 1337.023 1337.352 1337.682 1338.007 1338.329 1338.652 1338.974 1339.293 1339.556 1339.818 1340.081 1340.344 1340.645 1340.983 1341.32 1341.658 1341.995 1342.333 1342.67 1343.007 1343.345 1343.676 1343.998 1344.321 1344.643 1344.966 1345.274 1345.582 1345.889 1346.197 1346.487 1346.748 1347.01 1347.271 1347.532 1347.75 1347.96 1348.169 1348.379
1331.284 1331.501 1331.717 1331.934 1332.173 1332.471 1332.768 1333.066 1333.364 1333.659 1333.953 1334.247 1334.541 1334.813 1335.001 1335.189 1335.377 1335.565 1335.758 1335.954 1336.15 1336.346 1336.562 1336.913 1337.264 1337.615 1337.966 1338.29 1338.597 1338.903 1339.209 1339.511 1339.736 1339.961 1340.186 1340.411 1340.688 1341.015 1341.342 1341.669 1341.995 1342.322 1342.649 1342.975 1343.302 1343.62 1343.926 1344.232 1344.539 1344.845 1345.133 1345.419 1345.705 1345.991 1346.279 1346.573 1346.867 1347.16 1347.454 1347.659 1347.847 1348.035 1348.223
