data/zism_data/00627_02_D.txt
ncols         224
nrows         224
[rows 0 to 27 of 224, columns 0 to 62 of 224]
1349.733 1350.099 1350.466 1351.275 1352.597 1353.919 1355.241 1356.562 1358.219 1359.903 1361.586 1363.27 1364.95 1366.626 1368.302 1369.977 1371.653 1372.825 1373.912 1374.999 1376.086 1377.119 1378.036 1378.953 1379.87 1380.787 1380.995 1381.007 1381.018 1381.03 1381.002 1380.856 1380.71 1380.564 1380.418 1380.318 1380.237 1380.156 1380.075 1379.877 1379.128 1378.379 1377.63 1376.881 1375.646 1374.134 1372.622 1371.111 1369.646 1368.592 1367.538 1366.485 1365.431 1365.272 1365.802 1366.332 1366.861 1367.42 1368.946 1370.472 1371.998 1373.524 1374.543
1349.636 1349.954 1350.272 1351.033 1352.307 1353.58 1354.853 1356.126 1357.85 1359.609 1361.367 1363.126 1364.893 1366.671 1368.448 1370.227 1372.005 1373.238 1374.378 1375.519 1376.66 1377.772 1378.824 1379.876 1380.927 1381.979 1382.347 1382.525 1382.703 1382.882 1382.992 1382.894 1382.797 1382.699 1382.602 1382.535 1382.481 1382.426 1382.372 1382.215 1381.568 1380.921 1380.274 1379.627 1378.391 1376.82 1375.25 1373.679 1372.159 1371.089 1370.019 1368.95 1367.88 1367.684 1368.16 1368.635 1369.111 1369.616 1371.099 1372.582 1374.065 1375.548 1376.524
1349.539 1349.809 1350.078 1350.791 1352.016 1353.241 1354.466 1355.69 1357.48 1359.314 1361.149 1362.983 1364.835 1366.715 1368.595 1370.476 1372.356 1373.65 1374.844 1376.039 1377.234 1378.426 1379.612 1380.798 1381.984 1383.17 1383.698 1384.043 1384.388 1384.734 1384.982 1384.932 1384.883 1384.834 1384.785 1384.751 1384.724 1384.697 1384.669 1384.552 1384.007 1383.463 1382.918 1382.374 1381.137 1379.507 1377.877 1376.247 1374.672 1373.586 1372.5 1371.414 1370.328 1370.095 1370.517 1370.939 1371.361 1371.813 1373.252 1374.692 1376.132 1377.572 1378.505
1349.442 1349.663 1349.885 1350.549 1351.725 1352.902 1354.078 1355.254 1357.111 1359.02 1360.93 1362.839 1364.777 1366.76 1368.742 1370.725 1372.707 1374.062 1375.311 1376.559 1377.807 1379.079 1380.4 1381.72 1383.041 1384.362 1385.05 1385.562 1386.074 1386.586 1386.971 1386.97 1386.97 1386.969 1386.968 1386.968 1386.968 1386.967 1386.967 1386.89 1386.447 1386.005 1385.562 1385.12 1383.883 1382.193 1380.504 1378.815 1377.185 1376.083 1374.981 1373.879 1372.777 1372.506 1372.874 1373.242 1373.611 1374.009 1375.405 1376.802 1378.199 1379.596 1380.486
1349.345 1349.518 1349.691 1350.319 1351.473 1352.628 1353.782 1354.937 1356.857 1358.836 1360.816 1362.795 1364.789 1366.805 1368.82 1370.836 1372.852 1374.308 1375.668 1377.029 1378.39 1379.767 1381.18 1382.593 1384.005 1385.418 1386.307 1387.049 1387.791 1388.534 1389.113 1389.193 1389.272 1389.352 1389.431 1389.454 1389.454 1389.454 1389.454 1389.38 1388.955 1388.531 1388.105 1387.681 1386.415 1384.672 1382.929 1381.186 1379.502 1378.341 1377.18 1376.02 1374.859 1374.544 1374.88 1375.215 1375.551 1375.917 1377.308 1378.699 1380.09 1381.48 1382.378
1349.249 1349.373 1349.497 1350.089 1351.222 1352.355 1353.488 1354.621 1356.604 1358.653 1360.703 1362.752 1364.802 1366.85 1368.898 1370.946 1372.994 1374.551 1376.025 1377.498 1378.972 1380.455 1381.96 1383.464 1384.968 1386.473 1387.562 1388.536 1389.51 1390.484 1391.257 1391.417 1391.578 1391.738 1391.898 1391.945 1391.945 1391.945 1391.945 1391.874 1391.465 1391.056 1390.647 1390.238 1388.944 1387.147 1385.35 1383.553 1381.815 1380.595 1379.375 1378.156 1376.936 1376.577 1376.88 1377.183 1377.487 1377.821 1379.207 1380.592 1381.978 1383.363 1384.268
1349.152 1349.227 1349.303 1349.859 1350.971 1352.082 1353.194 1354.305 1356.352 1358.471 1360.59 1362.71 1364.814 1366.895 1368.975 1371.055 1373.136 1374.794 1376.381 1377.967 1379.554 1381.144 1382.74 1384.335 1385.931 1387.527 1388.817 1390.023 1391.228 1392.433 1393.401 1393.642 1393.883 1394.124 1394.365 1394.435 1394.435 1394.435 1394.435 1394.367 1393.974 1393.582 1393.189 1392.796 1391.474 1389.623 1387.772 1385.921 1384.129 1382.85 1381.571 1380.292 1379.013 1378.61 1378.881 1379.152 1379.423 1379.726 1381.106 1382.486 1383.866 1385.246 1386.159
1349.055 1349.082 1349.109 1349.63 1350.72 1351.809 1352.899 1353.989 1356.099 1358.288 1360.478 1362.667 1364.827 1366.939 1369.052 1371.165 1373.278 1375.037 1376.737 1378.437 1380.136 1381.832 1383.519 1385.207 1386.894 1388.582 1390.073 1391.51 1392.946 1394.383 1395.545 1395.867 1396.189 1396.51 1396.832 1396.926 1396.926 1396.926 1396.926 1396.86 1396.484 1396.107 1395.73 1395.354 1394.003 1392.098 1390.194 1388.289 1386.442 1385.104 1383.766 1382.427 1381.089 1380.642 1380.881 1381.12 1381.358 1381.63 1383.005 1384.379 1385.754 1387.129 1388.049
1349.175 1349.156 1349.137 1349.603 1350.63 1351.656 1352.682 1353.708 1355.859 1358.097 1360.336 1362.574 1364.787 1366.96 1369.133 1371.306 1373.479 1375.33 1377.126 1378.923 1380.719 1382.511 1384.295 1386.078 1387.862 1389.646 1391.343 1393.016 1394.688 1396.361 1397.744 1398.238 1398.731 1399.225 1399.719 1399.885 1399.918 1399.951 1399.984 1399.935 1399.5 1399.064 1398.629 1398.194 1396.748 1394.729 1392.71 1390.691 1388.733 1387.322 1385.91 1384.499 1383.087 1382.601 1382.826 1383.051 1383.276 1383.536 1384.976 1386.415 1387.855 1389.294 1390.267
1349.577 1349.515 1349.453 1349.841 1350.749 1351.657 1352.565 1353.473 1355.635 1357.895 1360.154 1362.414 1364.678 1366.948 1369.218 1371.488 1373.758 1375.688 1377.559 1379.431 1381.302 1383.179 1385.065 1386.95 1388.836 1390.722 1392.631 1394.546 1396.461 1398.376 1400.013 1400.797 1401.582 1402.366 1403.151 1403.455 1403.563 1403.671 1403.779 1403.766 1403.174 1402.583 1401.991 1401.4 1399.775 1397.562 1395.349 1393.135 1390.995 1389.491 1387.989 1386.485 1384.983 1384.462 1384.698 1384.934 1385.17 1385.445 1387.041 1388.637 1390.232 1391.828 1392.908
1349.979 1349.875 1349.77 1350.079 1350.869 1351.658 1352.448 1353.237 1355.411 1357.692 1359.973 1362.255 1364.57 1366.936 1369.303 1371.67 1374.037 1376.045 1377.992 1379.939 1381.886 1383.846 1385.834 1387.822 1389.81 1391.799 1393.919 1396.077 1398.234 1400.391 1402.282 1403.357 1404.432 1405.507 1406.582 1407.024 1407.208 1407.391 1407.575 1407.596 1406.849 1406.101 1405.354 1404.606 1402.801 1400.394 1397.987 1395.58 1393.256 1391.661 1390.067 1388.473 1386.878 1386.324 1386.571 1386.818 1387.064 1387.354 1389.106 1390.858 1392.61 1394.361 1395.55
1350.381 1350.234 1350.086 1350.318 1350.989 1351.66 1352.331 1353.002 1355.186 1357.489 1359.792 1362.095 1364.461 1366.925 1369.388 1371.852 1374.316 1376.402 1378.425 1380.447 1382.469 1384.514 1386.604 1388.694 1390.785 1392.875 1395.207 1397.607 1400.007 1402.406 1404.551 1405.917 1407.282 1408.648 1410.014 1410.594 1410.852 1411.111 1411.37 1411.427 1410.523 1409.62 1408.716 1407.813 1405.827 1403.226 1400.626 1398.025 1395.517 1393.831 1392.145 1390.459 1388.773 1388.186 1388.443 1388.701 1388.958 1389.263 1391.171 1393.079 1394.987 1396.895 1398.192
1350.784 1350.593 1350.402 1350.556 1351.108 1351.661 1352.214 1352.766 1354.962 1357.287 1359.611 1361.935 1364.352 1366.913 1369.474 1372.034 1374.595 1376.76 1378.858 1380.955 1383.053 1385.181 1387.374 1389.566 1391.759 1393.952 1396.496 1399.138 1401.779 1404.421 1406.82 1408.476 1410.133 1411.789 1413.446 1414.163 1414.497 1414.832 1415.166 1415.258 1414.198 1413.138 1412.078 1411.019 1408.853 1406.059 1403.264 1400.47 1397.779 1396.001 1394.224 1392.446 1390.669 1390.048 1390.316 1390.584 1390.852 1391.172 1393.236 1395.3 1397.364 1399.428 1400.834
1353.218 1352.974 1352.73 1352.781 1353.173 1353.564 1353.955 1354.347 1356.313 1358.402 1360.491 1362.58 1364.83 1367.33 1369.831 1372.331 1374.832 1376.987 1379.084 1381.181 1383.278 1385.419 1387.652 1389.885 1392.118 1394.351 1397.09 1399.969 1402.848 1405.727 1408.387 1410.377 1412.367 1414.357 1416.347 1417.302 1417.836 1418.369 1418.902 1419.135 1417.938 1416.741 1415.544 1414.348 1412.012 1409.028 1406.045 1403.062 1400.188 1398.291 1396.393 1394.496 1392.598 1392.098 1392.672 1393.246 1393.82 1394.444 1396.764 1399.084 1401.404 1403.724 1405.171
1355.918 1355.62 1355.323 1355.268 1355.492 1355.717 1355.941 1356.166 1357.87 1359.69 1361.51 1363.33 1365.384 1367.804 1370.224 1372.644 1375.063 1377.198 1379.284 1381.37 1383.456 1385.6 1387.865 1390.13 1392.396 1394.661 1397.592 1400.708 1403.824 1406.94 1409.863 1412.192 1414.521 1416.849 1419.178 1420.385 1421.134 1421.882 1422.631 1423.018 1421.686 1420.355 1419.024 1417.693 1415.188 1412.016 1408.844 1405.672 1402.617 1400.596 1398.575 1396.553 1394.532 1394.172 1395.091 1396.009 1396.928 1397.895 1400.484 1403.073 1405.662 1408.251 1409.731
1358.618 1358.267 1357.916 1357.754 1357.812 1357.869 1357.927 1357.984 1359.427 1360.978 1362.529 1364.079 1365.939 1368.278 1370.617 1372.956 1375.295 1377.408 1379.484 1381.559 1383.635 1385.781 1388.079 1390.376 1392.674 1394.972 1398.095 1401.448 1404.801 1408.154 1411.338 1414.006 1416.674 1419.342 1422.01 1423.468 1424.432 1425.396 1426.359 1426.901 1425.435 1423.969 1422.503 1421.037 1418.364 1415.004 1411.644 1408.283 1405.047 1402.901 1400.756 1398.611 1396.466 1396.247 1397.51 1398.773 1400.036 1401.345 1404.203 1407.061 1409.92 1412.778 1414.291
1361.318 1360.913 1360.508 1360.24 1360.131 1360.022 1359.913 1359.803 1360.984 1362.266 1363.548 1364.829 1366.493 1368.751 1371.01 1373.268 1375.526 1377.619 1379.684 1381.748 1383.813 1385.962 1388.292 1390.622 1392.952 1395.282 1398.598 1402.188 1405.777 1409.367 1412.813 1415.82 1418.827 1421.834 1424.842 1426.551 1427.73 1428.909 1430.088 1430.784 1429.183 1427.583 1425.983 1424.382 1421.54 1417.991 1414.443 1410.894 1407.476 1405.207 1402.938 1400.669 1398.4 1398.322 1399.929 1401.537 1403.144 1404.796 1407.923 1411.05 1414.177 1417.305 1418.851
1364.405 1363.9 1363.394 1362.996 1362.722 1362.447 1362.173 1361.899 1362.866 1363.931 1364.996 1366.06 1367.567 1369.76 1371.954 1374.148 1376.341 1378.396 1380.426 1382.457 1384.487 1386.641 1389.057 1391.473 1393.889 1396.305 1399.822 1403.645 1407.468 1411.291 1414.953 1418.124 1421.294 1424.464 1427.635 1429.496 1430.822 1432.148 1433.474 1434.284 1432.637 1430.99 1429.343 1427.695 1424.818 1421.24 1417.663 1414.086 1410.633 1408.282 1405.93 1403.579 1401.227 1401.265 1403.139 1405.014 1406.889 1408.804 1412.058 1415.313 1418.568 1421.822 1423.342
1368.266 1367.567 1366.868 1366.291 1365.855 1365.419 1364.983 1364.547 1365.398 1366.35 1367.302 1368.253 1369.678 1371.839 1374.001 1376.162 1378.324 1380.304 1382.254 1384.204 1386.154 1388.314 1390.924 1393.534 1396.144 1398.753 1402.49 1406.539 1410.587 1414.636 1418.423 1421.405 1424.387 1427.369 1430.351 1432.165 1433.502 1434.839 1436.176 1437.016 1435.498 1433.98 1432.463 1430.945 1428.299 1425.013 1421.726 1418.439 1415.248 1412.896 1410.545 1408.193 1405.842 1405.943 1407.931 1409.919 1411.906 1413.926 1417.025 1420.123 1423.222 1426.321 1427.692
1372.127 1371.234 1370.341 1369.585 1368.988 1368.391 1367.793 1367.196 1367.931 1368.769 1369.608 1370.446 1371.79 1373.919 1376.048 1378.177 1380.306 1382.213 1384.082 1385.951 1387.82 1389.987 1392.791 1395.594 1398.398 1401.202 1405.157 1409.432 1413.707 1417.982 1421.892 1424.686 1427.479 1430.273 1433.067 1434.834 1436.181 1437.529 1438.877 1439.749 1438.36 1436.972 1435.583 1434.194 1431.781 1428.785 1425.789 1422.793 1419.863 1417.511 1415.16 1412.808 1410.457 1410.622 1412.722 1414.823 1416.924 1419.049 1421.992 1424.934 1427.877 1430.819 1432.042
1375.988 1374.901 1373.814 1372.88 1372.121 1371.362 1370.604 1369.845 1370.463 1371.188 1371.914 1372.639 1373.901 1375.998 1378.095 1380.192 1382.288 1384.122 1385.91 1387.698 1389.487 1391.661 1394.658 1397.655 1400.653 1403.65 1407.824 1412.325 1416.826 1421.328 1425.362 1427.967 1430.572 1433.177 1435.783 1437.503 1438.861 1440.22 1441.578 1442.482 1441.222 1439.963 1438.703 1437.444 1435.262 1432.557 1429.852 1427.146 1424.477 1422.126 1419.774 1417.423 1415.071 1415.3 1417.514 1419.728 1421.942 1424.172 1426.958 1429.745 1432.531 1435.318 1436.393
1379.849 1378.568 1377.288 1376.174 1375.254 1374.334 1373.414 1372.494 1372.995 1373.607 1374.22 1374.832 1376.013 1378.077 1380.142 1382.206 1384.271 1386.03 1387.738 1389.446 1391.153 1393.334 1396.525 1399.716 1402.907 1406.098 1410.492 1415.219 1419.946 1424.673 1428.831 1431.248 1433.665 1436.082 1438.499 1440.172 1441.541 1442.91 1444.28 1445.214 1444.084 1442.954 1441.823 1440.693 1438.744 1436.329 1433.915 1431.5 1429.092 1426.74 1424.389 1422.037 1419.686 1419.979 1422.306 1424.633 1426.959 1429.295 1431.925 1434.556 1437.186 1439.816 1440.743
1382.876 1381.482 1380.087 1378.873 1377.867 1376.862 1375.856 1374.85 1375.315 1375.894 1376.473 1377.053 1378.234 1380.35 1382.467 1384.583 1386.7 1388.635 1390.54 1392.445 1394.35 1396.742 1400.173 1403.604 1407.035 1410.467 1414.776 1419.329 1423.882 1428.435 1432.381 1434.47 1436.56 1438.649 1440.739 1442.181 1443.359 1444.537 1445.715 1446.525 1445.587 1444.649 1443.711 1442.773 1441.122 1439.065 1437.009 1434.952 1432.888 1430.76 1428.632 1426.504 1424.375 1424.651 1426.775 1428.899 1431.023 1433.151 1435.432 1437.712 1439.992 1442.273 1443.059
1385.672 1384.186 1382.7 1381.407 1380.337 1379.266 1378.196 1377.125 1377.575 1378.144 1378.713 1379.281 1380.485 1382.677 1384.869 1387.061 1389.252 1391.434 1393.613 1395.792 1397.972 1400.631 1404.315 1408.0 1411.684 1415.368 1419.509 1423.777 1428.044 1432.312 1435.953 1437.677 1439.4 1441.124 1442.847 1444.007 1444.938 1445.868 1446.798 1447.44 1446.712 1445.984 1445.256 1444.528 1443.193 1441.513 1439.834 1438.154 1436.458 1434.615 1432.772 1430.929 1429.086 1429.321 1431.154 1432.987 1434.821 1436.655 1438.532 1440.409 1442.286 1444.162 1444.81
1388.468 1386.89 1385.313 1383.941 1382.806 1381.671 1380.536 1379.401 1379.836 1380.394 1380.952 1381.51 1382.737 1385.004 1387.271 1389.538 1391.805 1394.232 1396.686 1399.14 1401.594 1404.521 1408.458 1412.395 1416.332 1420.27 1424.242 1428.225 1432.207 1436.19 1439.526 1440.883 1442.24 1443.598 1444.955 1445.834 1446.516 1447.199 1447.882 1448.356 1447.838 1447.32 1446.801 1446.283 1445.265 1443.962 1442.659 1441.356 1440.027 1438.469 1436.911 1435.354 1433.796 1433.991 1435.533 1437.076 1438.619 1440.159 1441.633 1443.106 1444.579 1446.052 1446.561
1391.263 1389.594 1387.926 1386.474 1385.275 1384.075 1382.876 1381.676 1382.097 1382.644 1383.191 1383.738 1384.988 1387.33 1389.673 1392.015 1394.358 1397.03 1399.759 1402.487 1405.216 1408.41 1412.6 1416.791 1420.981 1425.171 1428.975 1432.673 1436.37 1440.067 1443.098 1444.089 1445.081 1446.072 1447.064 1447.66 1448.095 1448.53 1448.965 1449.271 1448.963 1448.655 1448.347 1448.038 1447.336 1446.41 1445.484 1444.557 1443.596 1442.324 1441.051 1439.779 1438.506 1438.661 1439.913 1441.165 1442.417 1443.664 1444.733 1445.802 1446.872 1447.941 1448.312
1393.98 1392.218 1390.455 1388.922 1387.654 1386.386 1385.118 1383.85 1384.267 1384.816 1385.365 1385.914 1387.201 1389.636 1392.071 1394.507 1396.942 1399.879 1402.9 1405.922 1408.944 1412.386 1416.727 1421.068 1425.408 1429.749 1433.314 1436.664 1440.014 1443.363 1446.054 1446.728 1447.402 1448.076 1448.75 1449.111 1449.343 1449.576 1449.808 1449.976 1449.836 1449.697 1449.557 1449.418 1448.982 1448.378 1447.773 1447.169 1446.524 1445.525 1444.525 1443.525 1442.526 1442.643 1443.619 1444.596 1445.572 1446.541 1447.262 1447.982 1448.703 1449.423 1449.675
1396.437 1394.572 1392.707 1391.082 1389.733 1388.384 1387.036 1385.687 1386.138 1386.73 1387.322 1387.914 1389.286 1391.872 1394.458 1397.044 1399.63 1402.893 1406.27 1409.646 1413.023 1416.648 1420.8 1424.953 1429.105 1433.257 1436.348 1439.143 1441.938 1444.733 1446.967 1447.485 1448.003 1448.521 1449.04 1449.317 1449.495 1449.674 1449.852 1449.981 1449.874 1449.767 1449.66 1449.553 1449.218 1448.753 1448.289 1447.824 1447.329 1446.561 1445.793 1445.025 1444.256 1444.347 1445.097 1445.847 1446.597 1447.342 1447.896 1448.449 1449.003 1449.557 1449.75
