data/zism_data/00623_01_D.txt
ncols         224
nrows         224
[rows 168 to 195 of 224, columns 126 to 188 of 224]
1488.19 1489.141 1490.092 1488.737 1485.739 1482.742 1479.744 1476.622 1467.926 1459.231 1450.535 1441.839 1432.656 1422.9 1413.144 1403.388 1393.632 1386.48 1379.625 1372.77 1365.915 1359.319 1353.234 1347.15 1341.065 1334.981 1328.829 1322.657 1316.485 1310.314 1305.196 1304.001 1302.807 1301.613 1300.418 1300.027 1300.07 1300.112 1300.154 1300.222 1300.561 1300.899 1301.238 1301.577 1302.162 1302.971 1303.78 1304.589 1305.398 1307.013 1308.659 1310.305 1311.951 1314.457 1318.245 1322.033 1325.822 1329.61 1333.777 1338.016 1342.256 1346.496 1350.403
1481.92 1482.903 1483.886 1482.343 1479.001 1475.659 1472.317 1468.86 1460.288 1451.716 1443.144 1434.572 1425.877 1417.037 1408.196 1399.356 1390.516 1383.864 1377.461 1371.059 1364.656 1358.415 1352.492 1346.569 1340.646 1334.723 1328.67 1322.579 1316.488 1310.398 1305.336 1304.11 1302.883 1301.656 1300.43 1300.062 1300.158 1300.254 1300.35 1300.473 1300.871 1301.269 1301.667 1302.064 1302.551 1303.117 1303.684 1304.25 1304.817 1306.351 1307.921 1309.492 1311.063 1313.593 1317.553 1321.514 1325.474 1329.435 1333.449 1337.473 1341.497 1345.521 1349.177
1475.649 1476.665 1477.68 1475.949 1472.263 1468.576 1464.889 1461.098 1452.65 1444.202 1435.754 1427.306 1419.098 1411.174 1403.249 1395.324 1387.4 1381.248 1375.297 1369.347 1363.397 1357.511 1351.749 1345.988 1340.227 1334.465 1328.511 1322.501 1316.491 1310.481 1305.477 1304.218 1302.959 1301.7 1300.441 1300.097 1300.247 1300.397 1300.547 1300.724 1301.181 1301.638 1302.095 1302.552 1302.94 1303.264 1303.588 1303.912 1304.236 1305.688 1307.184 1308.679 1310.174 1312.728 1316.861 1320.994 1325.127 1329.26 1333.12 1336.929 1340.738 1344.547 1347.952
1469.379 1470.426 1471.474 1469.556 1465.524 1461.493 1457.461 1453.335 1445.011 1436.687 1428.363 1420.039 1412.32 1405.311 1398.302 1391.292 1384.283 1378.631 1373.134 1367.636 1362.138 1356.606 1351.007 1345.407 1339.807 1334.208 1328.353 1322.424 1316.494 1310.565 1305.618 1304.326 1303.035 1301.744 1300.452 1300.132 1300.336 1300.54 1300.744 1300.975 1301.491 1302.008 1302.524 1303.04 1303.328 1303.41 1303.492 1303.573 1303.655 1305.026 1306.446 1307.866 1309.285 1311.864 1316.169 1320.474 1324.779 1329.084 1332.792 1336.385 1339.979 1343.572 1346.726
1462.746 1463.849 1464.951 1462.886 1458.565 1454.243 1449.922 1445.518 1437.444 1429.371 1421.297 1413.223 1406.01 1399.807 1393.604 1387.401 1381.198 1375.991 1370.898 1365.806 1360.713 1355.506 1350.077 1344.647 1339.217 1333.788 1328.045 1322.21 1316.376 1310.542 1305.667 1304.364 1303.062 1301.759 1300.456 1300.201 1300.511 1300.82 1301.13 1301.476 1302.202 1302.928 1303.654 1304.38 1304.767 1304.848 1304.929 1305.01 1305.091 1306.463 1307.883 1309.303 1310.723 1313.289 1317.563 1321.837 1326.11 1330.384 1333.805 1337.062 1340.319 1343.576 1346.36
1455.088 1456.309 1457.53 1455.436 1450.98 1446.524 1442.068 1437.545 1430.08 1422.615 1415.15 1407.685 1401.028 1395.321 1389.613 1383.906 1378.199 1373.285 1368.461 1363.637 1358.813 1353.851 1348.616 1343.38 1338.144 1332.908 1327.314 1321.614 1315.914 1310.214 1305.456 1304.202 1302.948 1301.693 1300.439 1300.366 1300.928 1301.491 1302.054 1302.687 1304.048 1305.41 1306.771 1308.133 1309.181 1309.946 1310.711 1311.476 1312.241 1313.845 1315.481 1317.117 1318.752 1321.203 1324.868 1328.533 1332.198 1335.863 1338.616 1341.195 1343.773 1346.351 1348.43
1447.43 1448.77 1450.109 1447.986 1443.395 1438.804 1434.213 1429.573 1422.716 1415.86 1409.004 1402.147 1396.047 1390.835 1385.623 1380.411 1375.199 1370.578 1366.023 1361.469 1356.915 1352.197 1347.155 1342.113 1337.071 1332.029 1326.582 1321.017 1315.452 1309.887 1305.245 1304.039 1302.834 1301.628 1300.422 1300.53 1301.346 1302.162 1302.978 1303.897 1305.895 1307.892 1309.889 1311.886 1313.595 1315.044 1316.493 1317.942 1319.391 1321.228 1323.079 1324.93 1326.781 1329.116 1332.173 1335.229 1338.286 1341.343 1343.428 1345.328 1347.227 1349.127 1350.5
1439.772 1441.23 1442.688 1440.535 1435.81 1431.084 1426.359 1421.6 1415.352 1409.104 1402.857 1396.609 1391.066 1386.349 1381.633 1376.916 1372.2 1367.871 1363.586 1359.301 1355.016 1350.542 1345.694 1340.846 1335.998 1331.15 1325.851 1320.421 1314.99 1309.56 1305.034 1303.877 1302.72 1301.563 1300.405 1300.695 1301.764 1302.833 1303.902 1305.108 1307.741 1310.373 1313.006 1315.639 1318.009 1320.142 1322.275 1324.408 1326.542 1328.611 1330.677 1332.744 1334.81 1337.03 1339.478 1341.926 1344.374 1346.822 1348.24 1349.461 1350.682 1351.903 1352.57
1432.114 1433.691 1435.267 1433.085 1428.225 1423.365 1418.505 1413.627 1407.988 1402.349 1396.71 1391.071 1386.084 1381.863 1377.642 1373.422 1369.201 1365.164 1361.148 1357.132 1353.117 1348.887 1344.233 1339.578 1334.924 1330.27 1325.12 1319.824 1314.528 1309.232 1304.823 1303.714 1302.606 1301.497 1300.388 1300.859 1302.181 1303.504 1304.826 1306.319 1309.587 1312.855 1316.123 1319.392 1322.423 1325.24 1328.057 1330.874 1333.692 1335.993 1338.275 1340.557 1342.839 1344.944 1346.783 1348.622 1350.462 1352.301 1353.051 1353.594 1354.136 1354.679 1354.64
1425.889 1427.465 1429.04 1427.076 1422.591 1418.106 1413.621 1409.122 1404.036 1398.95 1393.864 1388.778 1384.103 1379.912 1375.721 1371.53 1367.339 1363.246 1359.166 1355.085 1351.004 1346.726 1342.059 1337.392 1332.725 1328.058 1323.159 1318.193 1313.227 1308.261 1304.145 1303.192 1302.239 1301.286 1300.334 1301.018 1302.586 1304.153 1305.721 1307.501 1311.496 1315.492 1319.487 1323.483 1327.304 1330.969 1334.633 1338.297 1341.962 1344.387 1346.765 1349.143 1351.521 1353.407 1354.558 1355.709 1356.86 1358.011 1357.79 1357.308 1356.825 1356.343 1355.373
1420.169 1421.702 1423.234 1421.577 1417.646 1413.716 1409.785 1405.841 1401.288 1396.735 1392.182 1387.63 1383.181 1378.855 1374.53 1370.204 1365.878 1361.608 1357.344 1353.08 1348.816 1344.387 1339.634 1334.881 1330.127 1325.374 1320.765 1316.197 1311.63 1307.062 1303.301 1302.542 1301.783 1301.025 1300.266 1301.176 1302.986 1304.796 1306.605 1308.673 1313.428 1318.183 1322.938 1327.693 1332.35 1336.919 1341.489 1346.058 1350.627 1353.137 1355.569 1358.001 1360.433 1362.063 1362.498 1362.933 1363.367 1363.802 1362.504 1360.874 1359.244 1357.614 1355.633
1414.45 1415.939 1417.429 1416.077 1412.701 1409.326 1405.95 1402.56 1398.54 1394.521 1390.501 1386.482 1382.259 1377.799 1373.338 1368.878 1364.417 1359.969 1355.522 1351.075 1346.628 1342.049 1337.209 1332.37 1327.53 1322.691 1318.37 1314.201 1310.032 1305.863 1302.457 1301.892 1301.328 1300.763 1300.198 1301.333 1303.385 1305.438 1307.49 1309.846 1315.36 1320.874 1326.389 1331.903 1337.396 1342.87 1348.344 1353.819 1359.293 1361.888 1364.374 1366.859 1369.345 1370.72 1370.438 1370.157 1369.875 1369.593 1367.217 1364.44 1361.662 1358.885 1355.893
1408.73 1410.177 1411.623 1410.577 1407.756 1404.935 1402.114 1399.279 1395.792 1392.306 1388.82 1385.333 1381.337 1376.742 1372.147 1367.552 1362.957 1358.33 1353.7 1349.07 1344.439 1339.71 1334.784 1329.859 1324.933 1320.007 1315.976 1312.205 1308.435 1304.665 1301.614 1301.243 1300.872 1300.501 1300.13 1301.491 1303.785 1306.08 1308.375 1311.018 1317.292 1323.566 1329.839 1336.113 1342.442 1348.821 1355.2 1361.579 1367.959 1370.638 1373.178 1375.718 1378.257 1379.377 1378.379 1377.381 1376.382 1375.384 1371.93 1368.006 1364.081 1360.157 1356.153
1403.732 1405.155 1406.578 1405.851 1403.592 1401.332 1399.073 1396.798 1393.793 1390.789 1387.784 1384.78 1380.97 1376.214 1371.459 1366.703 1361.948 1357.036 1352.107 1347.177 1342.248 1337.295 1332.295 1327.295 1322.295 1317.294 1313.583 1310.249 1306.915 1303.58 1300.908 1300.699 1300.49 1300.282 1300.073 1301.625 1304.127 1306.629 1309.131 1312.023 1318.972 1325.921 1332.87 1339.818 1346.86 1353.984 1361.109 1368.234 1375.359 1378.09 1380.654 1383.218 1385.782 1386.626 1384.903 1383.18 1381.458 1379.735 1375.282 1370.306 1365.33 1360.355 1355.443
1401.329 1402.801 1404.272 1403.908 1402.236 1400.564 1398.892 1397.197 1394.489 1391.781 1389.073 1386.364 1382.598 1377.589 1372.581 1367.572 1362.563 1356.983 1351.337 1345.691 1340.046 1334.606 1329.573 1324.541 1319.508 1314.476 1311.199 1308.436 1305.672 1302.909 1300.697 1300.537 1300.376 1300.216 1300.056 1301.678 1304.261 1306.843 1309.426 1312.424 1319.745 1327.065 1334.386 1341.706 1349.014 1356.312 1363.609 1370.906 1378.203 1380.862 1383.346 1385.829 1388.313 1388.805 1386.328 1383.851 1381.374 1378.898 1373.731 1368.05 1362.368 1356.687 1351.238
1398.927 1400.447 1401.967 1401.966 1400.881 1399.796 1398.711 1397.597 1395.185 1392.773 1390.361 1387.949 1384.226 1378.964 1373.703 1368.441 1363.179 1356.929 1350.567 1344.205 1337.843 1331.917 1326.852 1321.787 1316.722 1311.657 1308.815 1306.623 1304.43 1302.238 1300.486 1300.374 1300.263 1300.151 1300.039 1301.73 1304.394 1307.057 1309.721 1312.825 1320.517 1328.21 1335.902 1343.594 1351.169 1358.639 1366.108 1373.578 1381.047 1383.635 1386.037 1388.44 1390.843 1390.984 1387.753 1384.522 1381.291 1378.06 1372.18 1365.793 1359.407 1353.02 1347.034
1396.525 1398.093 1399.661 1400.023 1399.526 1399.028 1398.53 1397.996 1395.881 1393.765 1391.649 1389.533 1385.854 1380.339 1374.824 1369.309 1363.794 1356.876 1349.797 1342.719 1335.641 1329.227 1324.13 1319.033 1313.936 1308.839 1306.431 1304.81 1303.188 1301.567 1300.275 1300.212 1300.149 1300.085 1300.022 1301.783 1304.527 1307.272 1310.016 1313.226 1321.29 1329.354 1337.418 1345.482 1353.324 1360.966 1368.608 1376.25 1383.891 1386.407 1388.729 1391.051 1393.373 1393.163 1389.178 1385.193 1381.208 1377.223 1370.63 1363.537 1356.445 1349.352 1342.83
1394.122 1395.739 1397.356 1398.081 1398.17 1398.259 1398.349 1398.396 1396.577 1394.757 1392.938 1391.118 1387.483 1381.715 1375.946 1370.178 1364.41 1356.822 1349.028 1341.233 1333.438 1326.538 1321.409 1316.279 1311.15 1306.02 1304.047 1302.996 1301.946 1300.895 1300.064 1300.049 1300.035 1300.02 1300.005 1301.835 1304.661 1307.486 1310.311 1313.628 1322.063 1330.499 1338.934 1347.37 1355.479 1363.293 1371.107 1378.921 1386.735 1389.18 1391.421 1393.662 1395.903 1395.342 1390.603 1385.864 1381.125 1376.386 1369.079 1361.281 1353.483 1345.685 1338.626
1393.611 1395.194 1396.777 1397.608 1397.902 1398.196 1398.49 1398.745 1397.26 1395.774 1394.288 1392.802 1389.534 1384.172 1378.81 1373.448 1368.087 1359.816 1351.215 1342.614 1334.013 1326.489 1321.095 1315.701 1310.307 1304.913 1303.066 1302.257 1301.447 1300.638 1300.0 1300.0 1300.0 1300.0 1300.0 1301.946 1304.942 1307.938 1310.934 1314.433 1323.173 1331.912 1340.652 1349.392 1357.486 1364.996 1372.507 1380.018 1387.529 1389.371 1391.0 1392.628 1394.256 1393.042 1387.59 1382.138 1376.686 1371.234 1363.734 1355.841 1347.948 1340.055 1333.052
1393.928 1395.441 1396.954 1397.777 1398.109 1398.441 1398.773 1399.072 1397.937 1396.801 1395.665 1394.53 1391.77 1387.103 1382.436 1377.769 1373.102 1364.144 1354.697 1345.25 1335.804 1327.595 1321.834 1316.074 1310.314 1304.553 1302.699 1301.986 1301.274 1300.562 1300.0 1300.0 1300.0 1300.0 1300.0 1302.083 1305.289 1308.495 1311.701 1315.416 1324.43 1333.444 1342.459 1351.473 1359.428 1366.427 1373.427 1380.426 1387.425 1388.434 1389.216 1389.999 1390.781 1388.782 1382.635 1376.489 1370.342 1364.195 1356.728 1349.007 1341.286 1333.566 1326.879
1394.244 1395.687 1397.13 1397.947 1398.316 1398.686 1399.055 1399.399 1398.614 1397.828 1397.043 1396.257 1394.006 1390.034 1386.062 1382.09 1378.118 1368.471 1358.179 1347.886 1337.594 1328.7 1322.574 1316.447 1310.32 1304.194 1302.331 1301.716 1301.101 1300.485 1300.0 1300.0 1300.0 1300.0 1300.0 1302.219 1305.635 1309.051 1312.467 1316.398 1325.687 1334.976 1344.265 1353.554 1361.371 1367.858 1374.346 1380.833 1387.32 1387.496 1387.433 1387.37 1387.307 1384.522 1377.681 1370.839 1363.998 1357.156 1349.722 1342.173 1334.625 1327.077 1320.706
1394.561 1395.934 1397.307 1398.116 1398.523 1398.931 1399.338 1399.727 1399.291 1398.856 1398.42 1397.985 1396.243 1392.965 1389.688 1386.41 1383.133 1372.798 1361.66 1350.522 1339.385 1329.806 1323.313 1316.82 1310.327 1303.834 1301.964 1301.446 1300.927 1300.409 1300.0 1300.0 1300.0 1300.0 1300.0 1302.356 1305.982 1309.608 1313.234 1317.38 1326.944 1336.508 1346.072 1355.635 1363.314 1369.289 1375.265 1381.241 1387.216 1386.559 1385.65 1384.741 1383.832 1380.262 1372.726 1365.19 1357.654 1350.117 1342.716 1335.34 1327.964 1320.588 1314.533
1394.838 1396.147 1397.456 1398.256 1398.694 1399.133 1399.571 1399.997 1399.856 1399.716 1399.575 1399.435 1398.158 1395.548 1392.937 1390.326 1387.715 1376.955 1365.266 1353.578 1341.889 1331.788 1324.827 1317.865 1310.904 1303.943 1301.966 1301.447 1300.928 1300.409 1300.0 1300.0 1300.0 1300.0 1300.0 1302.42 1306.144 1309.869 1313.594 1317.836 1327.466 1337.095 1346.725 1356.354 1363.786 1369.234 1374.682 1380.131 1385.579 1384.09 1382.338 1380.586 1378.834 1374.593 1366.639 1358.685 1350.731 1342.777 1335.645 1328.67 1321.695 1314.72 1309.151
1394.929 1396.2 1397.471 1398.256 1398.694 1399.133 1399.571 1399.998 1399.889 1399.781 1399.673 1399.565 1398.551 1396.474 1394.396 1392.319 1390.241 1380.299 1369.461 1358.624 1347.786 1337.93 1330.016 1322.101 1314.186 1306.271 1303.721 1302.739 1301.756 1300.774 1300.0 1300.0 1300.0 1300.0 1300.0 1302.14 1305.434 1308.727 1312.021 1315.789 1324.492 1333.195 1341.898 1350.602 1357.277 1362.122 1366.967 1371.812 1376.656 1374.346 1371.765 1369.184 1366.602 1362.225 1355.171 1348.117 1341.062 1334.008 1328.268 1322.78 1317.291 1311.803 1307.529
1395.021 1396.254 1397.487 1398.256 1398.694 1399.133 1399.571 1399.998 1399.922 1399.847 1399.771 1399.695 1398.944 1397.399 1395.855 1394.311 1392.767 1383.643 1373.657 1363.67 1353.684 1344.073 1335.205 1326.337 1317.468 1308.6 1305.475 1304.03 1302.585 1301.139 1300.0 1300.0 1300.0 1300.0 1300.0 1301.86 1304.723 1307.586 1310.448 1313.742 1321.519 1329.295 1337.072 1344.849 1350.768 1355.009 1359.251 1363.493 1367.734 1364.603 1361.192 1357.781 1354.37 1349.858 1343.703 1337.548 1331.393 1325.239 1320.891 1316.889 1312.887 1308.886 1305.907
1395.112 1396.307 1397.503 1398.256 1398.694 1399.133 1399.571 1399.999 1399.955 1399.912 1399.868 1399.825 1399.336 1398.325 1397.314 1396.303 1395.292 1386.987 1377.852 1368.716 1359.581 1350.215 1340.394 1330.572 1320.751 1310.929 1307.23 1305.322 1303.413 1301.505 1300.0 1300.0 1300.0 1300.0 1300.0 1301.58 1304.012 1306.444 1308.876 1311.695 1318.545 1325.396 1332.246 1339.096 1344.259 1347.897 1351.535 1355.174 1358.812 1354.859 1350.619 1346.379 1342.138 1337.49 1332.235 1326.98 1321.724 1316.469 1313.514 1310.999 1308.484 1305.968 1304.285
1395.203 1396.36 1397.518 1398.256 1398.694 1399.133 1399.571 1400.0 1399.989 1399.977 1399.966 1399.955 1399.729 1399.251 1398.774 1398.296 1397.818 1390.331 1382.047 1373.763 1365.479 1356.358 1345.583 1334.808 1324.033 1313.258 1308.985 1306.613 1304.241 1301.87 1300.0 1300.0 1300.0 1300.0 1300.0 1301.3 1303.301 1305.302 1307.303 1309.648 1315.572 1321.495 1327.419 1333.343 1337.749 1340.784 1343.819 1346.854 1349.889 1345.115 1340.045 1334.976 1329.906 1325.123 1320.767 1316.411 1312.055 1307.699 1306.137 1305.108 1304.079 1303.051 1302.663
1394.765 1396.064 1397.363 1398.172 1398.632 1399.091 1399.551 1400.0 1400.0 1400.0 1400.0 1400.0 1399.885 1399.635 1399.385 1399.135 1398.885 1392.088 1384.545 1377.003 1369.461 1360.737 1349.676 1338.615 1327.554 1316.494 1311.618 1308.551 1305.484 1302.418 1300.0 1300.0 1300.0 1300.0 1300.0 1301.043 1302.648 1304.253 1305.859 1307.754 1312.674 1317.594 1322.515 1327.435 1331.066 1333.533 1336.0 1338.467 1340.934 1336.457 1331.717 1326.976 1322.236 1317.993 1314.491 1310.989 1307.487 1303.985 1303.477 1303.542 1303.607 1303.671 1304.395
