data/zism_data/00625_02_D.txt
ncols         224
nrows         224
[rows 168 to 195 of 224, columns 0 to 62 of 224]
1488.148 1488.326 1488.503 1488.681 1479.605 1470.252 1460.899 1451.546 1442.167 1432.755 1423.343 1413.93 1404.518 1402.954 1402.137 1401.32 1400.503 1401.617 1405.827 1410.037 1414.247 1418.457 1433.51 1450.401 1467.292 1484.183 1499.022 1509.619 1520.216 1530.813 1541.41 1549.777 1557.576 1565.375 1573.174 1579.236 1580.556 1581.876 1583.196 1584.515 1582.652 1579.665 1576.678 1573.692 1569.771 1562.342 1554.913 1547.484 1540.055 1534.655 1530.205 1525.754 1521.304 1517.363 1516.259 1515.154 1514.049 1512.945 1512.229 1511.75 1511.27 1510.79 1510.209
1495.519 1495.568 1495.616 1495.665 1485.875 1475.792 1465.709 1455.626 1445.51 1435.354 1425.197 1415.04 1404.884 1403.206 1402.336 1401.466 1400.596 1401.874 1406.6 1411.325 1416.05 1420.775 1436.776 1454.688 1472.601 1490.513 1506.1 1516.883 1527.666 1538.449 1549.232 1557.673 1565.517 1573.362 1581.207 1587.255 1588.397 1589.539 1590.681 1591.823 1589.932 1586.971 1584.01 1581.048 1577.096 1569.417 1561.738 1554.059 1546.38 1540.439 1535.311 1530.182 1525.055 1520.47 1518.917 1517.363 1515.809 1514.255 1513.297 1512.701 1512.104 1511.507 1510.808
1496.17 1496.004 1495.837 1495.671 1485.875 1475.792 1465.709 1455.626 1445.51 1435.354 1425.197 1415.04 1404.884 1403.309 1402.552 1401.794 1401.037 1402.676 1408.158 1413.64 1419.122 1424.605 1440.38 1457.901 1475.421 1492.941 1508.161 1518.627 1529.094 1539.559 1550.026 1558.197 1565.784 1573.371 1580.958 1586.735 1587.571 1588.407 1589.243 1590.079 1588.001 1584.895 1581.789 1578.683 1574.704 1567.444 1560.184 1552.923 1545.663 1539.994 1535.07 1530.146 1525.222 1520.8 1519.177 1517.553 1515.929 1514.306 1513.278 1512.612 1511.945 1511.278 1510.532
1496.82 1496.439 1496.058 1495.677 1485.875 1475.792 1465.709 1455.626 1445.51 1435.354 1425.197 1415.04 1404.884 1403.412 1402.767 1402.123 1401.478 1403.477 1409.717 1415.956 1422.195 1428.434 1443.984 1461.113 1478.241 1495.369 1510.222 1520.372 1530.521 1540.67 1550.819 1558.721 1566.05 1573.38 1580.709 1586.216 1586.746 1587.275 1587.805 1588.335 1586.07 1582.819 1579.568 1576.317 1572.312 1565.47 1558.629 1551.787 1544.946 1539.55 1534.83 1530.109 1525.39 1521.13 1519.437 1517.743 1516.05 1514.356 1513.259 1512.523 1511.786 1511.049 1510.256
1497.471 1496.875 1496.279 1495.683 1485.875 1475.792 1465.709 1455.626 1445.51 1435.354 1425.197 1415.04 1404.884 1403.515 1402.983 1402.451 1401.919 1404.279 1411.275 1418.271 1425.267 1432.264 1447.588 1464.325 1481.062 1497.798 1512.283 1522.116 1531.948 1541.781 1551.613 1559.245 1566.317 1573.389 1580.46 1585.696 1585.92 1586.144 1586.368 1586.591 1584.14 1580.744 1577.348 1573.952 1569.92 1563.497 1557.074 1550.652 1544.229 1539.105 1534.589 1530.073 1525.557 1521.46 1519.697 1517.933 1516.17 1514.407 1513.24 1512.434 1511.627 1510.821 1509.98
1498.122 1497.311 1496.5 1495.69 1485.875 1475.792 1465.709 1455.626 1445.51 1435.354 1425.197 1415.04 1404.884 1403.618 1403.199 1402.78 1402.36 1405.08 1412.833 1420.587 1428.34 1436.093 1451.192 1467.537 1483.882 1500.226 1514.344 1523.86 1533.376 1542.891 1552.407 1559.769 1566.583 1573.397 1580.211 1585.176 1585.094 1585.012 1584.93 1584.848 1582.209 1578.668 1575.127 1571.586 1567.527 1561.524 1555.52 1549.516 1543.512 1538.661 1534.349 1530.036 1525.725 1521.79 1519.957 1518.124 1516.291 1514.457 1513.221 1512.345 1511.469 1510.592 1509.704
1498.323 1497.38 1496.437 1495.494 1485.701 1475.645 1465.588 1455.531 1445.438 1435.299 1425.16 1415.021 1404.882 1403.705 1403.381 1403.057 1402.733 1405.707 1413.97 1422.234 1430.497 1438.76 1453.407 1469.137 1484.866 1500.595 1514.174 1523.308 1532.443 1541.577 1550.711 1557.767 1564.294 1570.821 1577.348 1582.024 1581.647 1581.271 1580.894 1580.518 1577.734 1574.101 1570.468 1566.835 1562.778 1557.129 1551.479 1545.829 1540.179 1535.666 1531.685 1527.703 1523.721 1520.09 1518.414 1516.737 1515.061 1513.384 1512.273 1511.504 1510.734 1509.964 1509.187
1498.153 1497.146 1496.138 1495.131 1485.383 1475.375 1465.367 1455.359 1445.307 1435.2 1425.093 1414.986 1404.88 1403.778 1403.535 1403.291 1403.048 1406.189 1414.759 1423.328 1431.898 1440.467 1454.474 1469.404 1484.333 1499.262 1512.16 1520.859 1529.559 1538.258 1546.957 1553.677 1559.892 1566.108 1572.323 1576.695 1576.034 1575.373 1574.712 1574.051 1571.157 1567.476 1563.795 1560.113 1556.081 1550.732 1545.383 1540.034 1534.685 1530.564 1527.017 1523.47 1519.924 1516.714 1515.381 1514.048 1512.715 1511.382 1510.558 1510.041 1509.523 1509.006 1508.47
1497.984 1496.912 1495.84 1494.768 1485.066 1475.105 1465.146 1455.186 1445.175 1435.1 1425.026 1414.951 1404.877 1403.852 1403.689 1403.526 1403.363 1406.672 1415.547 1424.422 1433.298 1442.174 1455.541 1469.671 1483.8 1497.929 1510.146 1518.41 1526.674 1534.939 1543.203 1549.586 1555.49 1561.394 1567.298 1571.366 1570.42 1569.475 1568.529 1567.583 1564.58 1560.85 1557.121 1553.391 1549.384 1544.336 1539.287 1534.239 1529.191 1525.462 1522.35 1519.238 1516.126 1513.337 1512.348 1511.359 1510.37 1509.38 1508.843 1508.578 1508.313 1508.048 1507.754
1497.814 1496.678 1495.541 1494.405 1484.748 1474.836 1464.924 1455.013 1445.043 1435.001 1424.958 1414.916 1404.874 1403.925 1403.843 1403.761 1403.678 1407.154 1416.336 1425.517 1434.698 1443.88 1456.608 1469.937 1483.267 1496.595 1508.131 1515.961 1523.79 1531.62 1539.449 1545.496 1551.088 1556.681 1562.274 1566.037 1564.807 1563.577 1562.346 1561.116 1558.003 1554.225 1550.447 1546.669 1542.687 1537.939 1533.192 1528.444 1523.696 1520.359 1517.682 1515.005 1512.329 1509.961 1509.315 1508.67 1508.024 1507.379 1507.128 1507.115 1507.103 1507.09 1507.038
1497.645 1496.444 1495.243 1494.042 1484.43 1474.566 1464.703 1454.84 1444.911 1434.902 1424.891 1414.881 1404.871 1403.999 1403.997 1403.995 1403.994 1407.636 1417.124 1426.611 1436.099 1445.587 1457.675 1470.204 1482.733 1495.262 1506.117 1513.512 1520.906 1528.301 1535.695 1541.405 1546.686 1551.968 1557.249 1560.708 1559.193 1557.679 1556.164 1554.649 1551.426 1547.599 1543.773 1539.947 1535.99 1531.543 1527.096 1522.649 1518.202 1515.257 1513.015 1510.773 1508.531 1506.584 1506.282 1505.98 1505.679 1505.377 1505.412 1505.652 1505.892 1506.132 1506.321
1494.942 1493.288 1491.634 1489.98 1480.799 1471.394 1461.989 1452.583 1443.092 1433.492 1423.892 1414.292 1404.693 1403.843 1403.828 1403.812 1403.796 1407.233 1416.208 1425.182 1434.156 1443.131 1454.806 1466.94 1479.073 1491.207 1501.749 1509.003 1516.257 1523.51 1530.764 1536.243 1541.271 1546.298 1551.326 1554.575 1552.97 1551.365 1549.76 1548.156 1544.698 1540.587 1536.476 1532.365 1528.186 1523.751 1519.316 1514.881 1510.445 1507.707 1505.764 1503.82 1501.876 1500.287 1500.67 1501.053 1501.436 1501.819 1502.408 1503.12 1503.833 1504.546 1505.176
1492.182 1490.067 1487.951 1485.835 1477.095 1468.156 1459.219 1450.28 1441.234 1432.054 1422.872 1413.691 1404.51 1403.683 1403.651 1403.619 1403.587 1406.81 1415.253 1423.696 1432.139 1440.582 1451.849 1463.597 1475.344 1487.09 1497.329 1504.448 1511.568 1518.687 1525.806 1531.057 1535.832 1540.608 1545.383 1548.425 1546.734 1545.043 1543.352 1541.661 1537.967 1533.566 1529.165 1524.765 1520.357 1515.928 1511.498 1507.068 1502.638 1500.103 1498.455 1496.806 1495.158 1493.924 1495.0 1496.076 1497.151 1498.227 1499.374 1500.565 1501.755 1502.946 1504.021
1489.423 1486.845 1484.268 1481.691 1473.39 1464.919 1456.448 1447.977 1439.377 1430.615 1421.852 1413.09 1404.328 1403.522 1403.474 1403.426 1403.378 1406.387 1414.298 1422.21 1430.121 1438.032 1448.893 1460.253 1471.614 1482.974 1492.908 1499.893 1506.878 1513.863 1520.849 1525.871 1530.394 1534.917 1539.44 1542.274 1540.497 1538.721 1536.944 1535.167 1531.236 1526.545 1521.855 1517.164 1512.529 1508.104 1503.68 1499.255 1494.831 1492.499 1491.146 1489.793 1488.439 1487.561 1489.33 1491.098 1492.866 1494.635 1496.341 1498.009 1499.678 1501.346 1502.866
1486.663 1483.624 1480.585 1477.546 1469.686 1461.682 1453.678 1445.674 1437.52 1429.176 1420.833 1412.489 1404.146 1403.361 1403.297 1403.233 1403.169 1405.964 1413.344 1420.724 1428.103 1435.483 1445.936 1456.91 1467.884 1478.858 1488.487 1495.338 1502.189 1509.04 1515.891 1520.685 1524.956 1529.227 1533.497 1536.124 1534.261 1532.398 1530.535 1528.673 1524.505 1519.525 1514.544 1509.563 1504.7 1500.281 1495.862 1491.443 1487.024 1484.894 1483.837 1482.779 1481.721 1481.199 1483.66 1486.121 1488.582 1491.043 1493.307 1495.454 1497.6 1499.746 1501.711
1481.574 1478.209 1474.844 1471.479 1464.161 1456.725 1449.289 1441.853 1434.328 1426.691 1419.054 1411.416 1403.779 1403.044 1402.966 1402.888 1402.81 1405.288 1411.867 1418.445 1425.023 1431.602 1441.48 1451.918 1462.357 1472.795 1481.992 1488.625 1495.259 1501.892 1508.525 1513.244 1517.475 1521.706 1525.938 1528.554 1526.764 1524.973 1523.182 1521.392 1517.052 1511.812 1506.572 1501.332 1496.263 1491.838 1487.414 1482.989 1478.564 1476.657 1475.927 1475.197 1474.468 1474.321 1477.422 1480.523 1483.624 1486.725 1489.541 1492.185 1494.828 1497.472 1499.91
1473.113 1469.619 1466.126 1462.632 1456.004 1449.281 1442.56 1435.838 1429.207 1422.692 1416.177 1409.662 1403.147 1402.499 1402.41 1402.322 1402.233 1404.247 1409.633 1415.02 1420.406 1425.793 1434.856 1444.542 1454.229 1463.915 1472.496 1478.791 1485.086 1491.381 1497.676 1502.54 1507.04 1511.539 1516.039 1518.933 1517.443 1515.953 1514.463 1512.973 1508.553 1503.098 1497.643 1492.188 1486.945 1482.499 1478.053 1473.607 1469.161 1467.502 1467.148 1466.795 1466.441 1466.699 1470.363 1474.028 1477.693 1481.357 1484.714 1487.884 1491.054 1494.224 1497.177
1464.652 1461.03 1457.407 1453.785 1447.846 1441.838 1435.83 1429.822 1424.086 1418.693 1413.3 1407.907 1402.514 1401.954 1401.855 1401.755 1401.656 1403.205 1407.4 1411.594 1415.789 1419.984 1428.231 1437.166 1446.101 1455.036 1463.0 1468.957 1474.913 1480.87 1486.827 1491.836 1496.604 1501.373 1506.141 1509.312 1508.122 1506.933 1505.744 1504.554 1500.053 1494.384 1488.714 1483.045 1477.628 1473.16 1468.693 1464.225 1459.757 1458.348 1458.37 1458.392 1458.414 1459.076 1463.305 1467.533 1471.762 1475.99 1479.887 1483.583 1487.279 1490.975 1494.443
1456.191 1452.44 1448.689 1444.937 1439.688 1434.394 1429.1 1423.807 1418.965 1414.694 1410.423 1406.152 1401.881 1401.409 1401.299 1401.189 1401.079 1402.164 1405.167 1408.169 1411.172 1414.174 1421.607 1429.79 1437.973 1446.156 1453.503 1459.122 1464.74 1470.359 1475.977 1481.132 1486.169 1491.205 1496.242 1499.69 1498.801 1497.912 1497.024 1496.135 1491.554 1485.67 1479.786 1473.901 1468.31 1463.821 1459.332 1454.843 1450.354 1449.193 1449.591 1449.989 1450.387 1451.453 1456.246 1461.038 1465.83 1470.623 1475.06 1479.282 1483.504 1487.726 1491.71
1447.731 1443.85 1439.97 1436.09 1431.53 1426.951 1422.371 1417.791 1413.844 1410.695 1407.546 1404.398 1401.249 1400.865 1400.744 1400.623 1400.502 1401.123 1402.933 1404.744 1406.555 1408.365 1414.982 1422.414 1429.845 1437.277 1444.007 1449.287 1454.568 1459.848 1465.128 1470.428 1475.733 1481.038 1486.343 1490.068 1489.48 1488.892 1488.304 1487.717 1483.055 1476.956 1470.857 1464.758 1458.992 1454.482 1449.971 1445.461 1440.95 1440.039 1440.813 1441.586 1442.36 1443.831 1449.187 1454.543 1459.899 1465.255 1470.233 1474.981 1479.729 1484.478 1488.976
1440.472 1436.719 1432.967 1429.215 1425.414 1421.611 1417.809 1414.006 1410.795 1408.332 1405.868 1403.404 1400.94 1400.634 1400.534 1400.434 1400.334 1400.78 1402.102 1403.423 1404.745 1406.067 1411.523 1417.681 1423.838 1429.995 1435.588 1440.016 1444.444 1448.873 1453.301 1458.035 1462.847 1467.658 1472.47 1475.99 1475.982 1475.974 1475.966 1475.958 1471.829 1466.245 1460.662 1455.078 1449.796 1445.647 1441.498 1437.349 1433.2 1432.795 1434.143 1435.491 1436.839 1438.869 1444.703 1450.537 1456.372 1462.206 1467.537 1472.564 1477.59 1482.617 1487.395
1433.442 1429.867 1426.292 1422.717 1419.687 1416.674 1413.661 1410.648 1408.143 1406.281 1404.418 1402.556 1400.693 1400.464 1400.391 1400.318 1400.244 1400.571 1401.538 1402.506 1403.473 1404.441 1408.67 1413.453 1418.235 1423.018 1427.375 1430.853 1434.331 1437.808 1441.286 1445.318 1449.491 1453.664 1457.837 1461.058 1461.684 1462.31 1462.935 1463.561 1460.081 1455.153 1450.224 1445.296 1440.622 1436.908 1433.194 1429.48 1425.766 1425.917 1427.877 1429.837 1431.797 1434.416 1440.712 1447.008 1453.304 1459.6 1465.249 1470.507 1475.764 1481.022 1486.034
1426.413 1423.015 1419.617 1416.219 1413.961 1411.737 1409.513 1407.289 1405.491 1404.23 1402.969 1401.707 1400.446 1400.294 1400.248 1400.201 1400.155 1400.362 1400.975 1401.588 1402.201 1402.814 1405.817 1409.225 1412.633 1416.041 1419.162 1421.689 1424.217 1426.744 1429.271 1432.601 1436.135 1439.669 1443.203 1446.127 1447.386 1448.646 1449.905 1451.164 1448.334 1444.06 1439.787 1435.513 1431.449 1428.17 1424.89 1421.611 1418.332 1419.039 1421.611 1424.182 1426.754 1429.963 1436.721 1443.479 1450.237 1456.995 1462.961 1468.45 1473.938 1479.427 1484.673
1419.383 1416.163 1412.942 1409.721 1408.235 1406.8 1405.365 1403.931 1402.838 1402.179 1401.519 1400.859 1400.199 1400.124 1400.104 1400.085 1400.065 1400.153 1400.411 1400.67 1400.929 1401.187 1402.964 1404.997 1407.031 1409.064 1410.949 1412.526 1414.103 1415.68 1417.257 1419.885 1422.779 1425.675 1428.57 1431.196 1433.089 1434.981 1436.874 1438.767 1436.586 1432.968 1429.349 1425.731 1422.275 1419.431 1416.587 1413.742 1410.898 1412.16 1415.344 1418.528 1421.712 1425.51 1432.73 1439.949 1447.169 1454.389 1460.673 1466.393 1472.112 1477.832 1483.312
1414.752 1411.647 1408.543 1405.438 1404.467 1403.559 1402.651 1401.743 1401.118 1400.849 1400.58 1400.312 1400.043 1400.016 1400.011 1400.007 1400.003 1400.0 1400.0 1400.0 1400.0 1400.0 1400.829 1401.798 1402.768 1403.737 1404.661 1405.492 1406.323 1407.154 1407.985 1409.976 1412.261 1414.546 1416.831 1419.097 1421.313 1423.529 1425.745 1427.961 1426.355 1423.401 1420.446 1417.492 1414.661 1412.297 1409.932 1407.568 1405.203 1406.963 1410.654 1414.344 1418.034 1422.316 1429.896 1437.476 1445.056 1452.636 1459.221 1465.204 1471.188 1477.172 1482.905
1416.6 1413.447 1410.295 1407.142 1405.992 1404.901 1403.811 1402.72 1401.915 1401.469 1401.023 1400.577 1400.131 1400.074 1400.053 1400.033 1400.013 1400.0 1400.0 1400.0 1400.0 1400.0 1400.636 1401.38 1402.124 1402.868 1403.577 1404.215 1404.853 1405.49 1406.128 1407.655 1409.409 1411.162 1412.916 1414.655 1416.356 1418.057 1419.757 1421.458 1420.225 1417.958 1415.691 1413.423 1411.262 1409.499 1407.736 1405.973 1404.209 1406.311 1410.221 1414.132 1418.042 1422.524 1430.19 1437.855 1445.521 1453.187 1460.025 1466.363 1472.701 1479.039 1485.074
1418.449 1415.248 1412.047 1408.846 1407.517 1406.244 1404.971 1403.698 1402.712 1402.089 1401.466 1400.843 1400.22 1400.132 1400.096 1400.059 1400.023 1400.0 1400.0 1400.0 1400.0 1400.0 1400.443 1400.962 1401.48 1401.999 1402.493 1402.937 1403.382 1403.826 1404.271 1405.335 1406.557 1407.779 1409.001 1410.213 1411.399 1412.584 1413.769 1414.954 1414.095 1412.515 1410.935 1409.355 1407.862 1406.701 1405.539 1404.377 1403.215 1405.658 1409.789 1413.92 1418.05 1422.731 1430.483 1438.235 1445.986 1453.738 1460.83 1467.522 1474.214 1480.906 1487.242
1420.297 1417.048 1413.798 1410.549 1409.042 1407.586 1406.13 1404.675 1403.509 1402.709 1401.909 1401.108 1400.308 1400.19 1400.138 1400.085 1400.032 1400.0 1400.0 1400.0 1400.0 1400.0 1400.25 1400.543 1400.836 1401.129 1401.409 1401.66 1401.911 1402.162 1402.413 1403.015 1403.705 1404.396 1405.086 1405.771 1406.441 1407.111 1407.781 1408.45 1407.965 1407.072 1406.179 1405.286 1404.463 1403.903 1403.342 1402.782 1402.221 1405.006 1409.357 1413.707 1418.058 1422.939 1430.777 1438.614 1446.452 1454.289 1461.634 1468.681 1475.727 1482.774 1489.411
