data/zism_data/00627_04_D.txt
ncols         224
nrows         224
[rows 196 to 223 of 224, columns 0 to 62 of 224]
1434.641 1435.139 1435.637 1435.904 1435.904 1435.904 1435.904 1435.904 1435.79 1435.667 1435.545 1435.422 1434.877 1433.677 1432.478 1431.278 1430.078 1427.903 1425.562 1423.221 1420.88 1418.58 1416.366 1414.153 1411.939 1409.725 1407.956 1406.311 1404.665 1403.019 1401.757 1401.669 1401.581 1401.492 1401.404 1401.618 1401.956 1402.294 1402.632 1403.0 1403.511 1404.023 1404.535 1405.046 1405.364 1405.573 1405.781 1405.99 1406.108 1405.43 1404.751 1404.073 1403.395 1402.851 1402.412 1401.972 1401.533 1401.1 1400.896 1400.692 1400.488 1400.283 1400.109
1432.676 1433.082 1433.489 1433.707 1433.707 1433.707 1433.707 1433.707 1433.583 1433.449 1433.316 1433.182 1432.635 1431.446 1430.257 1429.068 1427.879 1425.673 1423.295 1420.916 1418.538 1416.234 1414.09 1411.947 1409.803 1407.659 1406.044 1404.576 1403.108 1401.64 1400.498 1400.35 1400.203 1400.055 1399.908 1400.021 1400.24 1400.459 1400.679 1400.938 1401.385 1401.832 1402.279 1402.725 1403.024 1403.238 1403.451 1403.665 1403.806 1403.3 1402.794 1402.288 1401.782 1401.331 1400.924 1400.517 1400.11 1399.711 1399.599 1399.486 1399.373 1399.26 1399.164
1430.71 1431.025 1431.341 1431.51 1431.51 1431.51 1431.51 1431.51 1431.375 1431.231 1431.087 1430.942 1430.393 1429.215 1428.037 1426.859 1425.68 1423.443 1421.027 1418.611 1416.195 1413.888 1411.814 1409.74 1407.667 1405.593 1404.132 1402.842 1401.552 1400.261 1399.238 1399.031 1398.824 1398.618 1398.411 1398.423 1398.524 1398.625 1398.726 1398.875 1399.258 1399.64 1400.023 1400.405 1400.683 1400.902 1401.122 1401.341 1401.504 1401.17 1400.836 1400.502 1400.168 1399.811 1399.437 1399.062 1398.687 1398.322 1398.301 1398.28 1398.258 1398.237 1398.219
1428.559 1428.812 1429.064 1429.2 1429.2 1429.2 1429.2 1429.2 1429.071 1428.932 1428.793 1428.655 1428.112 1426.94 1425.769 1424.597 1423.426 1421.281 1418.972 1416.663 1414.354 1412.154 1410.187 1408.221 1406.254 1404.288 1402.954 1401.796 1400.637 1399.479 1398.55 1398.321 1398.092 1397.864 1397.635 1397.612 1397.673 1397.734 1397.795 1397.907 1398.258 1398.609 1398.959 1399.31 1399.554 1399.737 1399.921 1400.104 1400.243 1399.986 1399.729 1399.472 1399.216 1398.91 1398.568 1398.225 1397.883 1397.55 1397.55 1397.55 1397.55 1397.55 1397.55
1426.352 1426.55 1426.749 1426.856 1426.856 1426.856 1426.856 1426.856 1426.737 1426.609 1426.481 1426.353 1425.819 1424.653 1423.487 1422.32 1421.154 1419.14 1416.981 1414.823 1412.664 1410.605 1408.757 1406.908 1405.06 1403.212 1401.997 1400.957 1399.917 1398.877 1398.034 1397.795 1397.555 1397.316 1397.077 1397.039 1397.084 1397.129 1397.174 1397.268 1397.598 1397.927 1398.256 1398.586 1398.791 1398.926 1399.06 1399.195 1399.295 1399.087 1398.879 1398.67 1398.462 1398.196 1397.886 1397.576 1397.265 1396.964 1396.964 1396.964 1396.964 1396.964 1396.964
1424.144 1424.289 1424.434 1424.512 1424.512 1424.512 1424.512 1424.512 1424.403 1424.286 1424.169 1424.052 1423.526 1422.365 1421.204 1420.043 1418.883 1416.998 1414.99 1412.982 1410.974 1409.055 1407.326 1405.596 1403.866 1402.136 1401.039 1400.118 1399.197 1398.275 1397.519 1397.269 1397.019 1396.768 1396.518 1396.466 1396.495 1396.524 1396.552 1396.63 1396.938 1397.245 1397.553 1397.861 1398.027 1398.114 1398.2 1398.286 1398.348 1398.188 1398.028 1397.868 1397.709 1397.482 1397.204 1396.926 1396.648 1396.378 1396.378 1396.378 1396.378 1396.378 1396.378
1421.937 1422.028 1422.119 1422.168 1422.168 1422.168 1422.168 1422.168 1422.069 1421.963 1421.856 1421.75 1421.233 1420.078 1418.922 1417.767 1416.611 1414.856 1412.999 1411.142 1409.285 1407.506 1405.895 1404.283 1402.672 1401.061 1400.082 1399.279 1398.476 1397.673 1397.004 1396.743 1396.482 1396.221 1395.96 1395.893 1395.906 1395.918 1395.931 1395.991 1396.277 1396.564 1396.85 1397.136 1397.264 1397.302 1397.34 1397.378 1397.401 1397.289 1397.178 1397.066 1396.955 1396.768 1396.522 1396.276 1396.031 1395.792 1395.792 1395.792 1395.792 1395.792 1395.792
1419.752 1419.812 1419.871 1419.9 1419.893 1419.886 1419.879 1419.872 1419.776 1419.674 1419.571 1419.468 1418.967 1417.845 1416.723 1415.601 1414.479 1412.845 1411.125 1409.405 1407.684 1406.036 1404.544 1403.051 1401.558 1400.065 1399.191 1398.489 1397.786 1397.084 1396.488 1396.216 1395.945 1395.673 1395.401 1395.321 1395.318 1395.316 1395.314 1395.358 1395.621 1395.885 1396.148 1396.412 1396.507 1396.507 1396.507 1396.507 1396.5 1396.428 1396.355 1396.283 1396.211 1396.058 1395.844 1395.629 1395.414 1395.206 1395.206 1395.206 1395.206 1395.206 1395.206
1417.652 1417.76 1417.868 1417.907 1417.868 1417.829 1417.79 1417.75 1417.632 1417.508 1417.384 1417.26 1416.798 1415.81 1414.823 1413.835 1412.848 1411.307 1409.673 1408.039 1406.405 1404.853 1403.479 1402.104 1400.73 1399.355 1398.537 1397.872 1397.208 1396.543 1395.973 1395.69 1395.408 1395.125 1394.843 1394.751 1394.738 1394.725 1394.712 1394.743 1394.979 1395.216 1395.453 1395.689 1395.775 1395.775 1395.775 1395.775 1395.768 1395.701 1395.634 1395.567 1395.5 1395.365 1395.178 1394.99 1394.802 1394.62 1394.62 1394.62 1394.62 1394.62 1394.62
1415.551 1415.708 1415.864 1415.915 1415.843 1415.772 1415.7 1415.628 1415.488 1415.342 1415.197 1415.051 1414.628 1413.776 1412.923 1412.07 1411.217 1409.77 1408.222 1406.673 1405.125 1403.67 1402.414 1401.158 1399.902 1398.646 1397.882 1397.256 1396.629 1396.002 1395.458 1395.164 1394.871 1394.578 1394.284 1394.182 1394.158 1394.135 1394.111 1394.127 1394.337 1394.547 1394.757 1394.966 1395.042 1395.042 1395.042 1395.042 1395.036 1394.975 1394.913 1394.852 1394.79 1394.672 1394.512 1394.351 1394.19 1394.034 1394.034 1394.034 1394.034 1394.034 1394.034
1413.451 1413.656 1413.86 1413.922 1413.818 1413.714 1413.61 1413.506 1413.344 1413.177 1413.009 1412.842 1412.459 1411.741 1411.023 1410.304 1409.586 1408.232 1406.77 1405.308 1403.846 1402.487 1401.35 1400.212 1399.074 1397.937 1397.228 1396.639 1396.05 1395.461 1394.942 1394.638 1394.334 1394.03 1393.726 1393.613 1393.578 1393.544 1393.509 1393.512 1393.695 1393.878 1394.061 1394.244 1394.31 1394.31 1394.31 1394.31 1394.304 1394.248 1394.192 1394.136 1394.08 1393.979 1393.846 1393.712 1393.578 1393.448 1393.448 1393.448 1393.448 1393.448 1393.448
1411.35 1411.604 1411.857 1411.929 1411.793 1411.657 1411.521 1411.385 1411.2 1411.011 1410.822 1410.633 1410.29 1409.706 1409.123 1408.539 1407.955 1406.694 1405.318 1403.942 1402.566 1401.304 1400.285 1399.266 1398.246 1397.227 1396.574 1396.023 1395.471 1394.92 1394.427 1394.112 1393.797 1393.482 1393.167 1393.044 1392.998 1392.953 1392.908 1392.897 1393.053 1393.209 1393.365 1393.521 1393.578 1393.578 1393.578 1393.578 1393.572 1393.522 1393.471 1393.42 1393.369 1393.287 1393.18 1393.073 1392.966 1392.862 1392.862 1392.862 1392.862 1392.862 1392.862
1409.457 1409.773 1410.09 1410.181 1410.012 1409.844 1409.675 1409.507 1409.29 1409.068 1408.847 1408.626 1408.299 1407.807 1407.315 1406.823 1406.33 1405.184 1403.926 1402.669 1401.411 1400.264 1399.353 1398.441 1397.529 1396.618 1396.001 1395.465 1394.93 1394.395 1393.909 1393.572 1393.236 1392.9 1392.563 1392.436 1392.394 1392.352 1392.311 1392.298 1392.423 1392.549 1392.674 1392.8 1392.845 1392.845 1392.845 1392.845 1392.841 1392.799 1392.757 1392.715 1392.673 1392.608 1392.524 1392.441 1392.357 1392.276 1392.276 1392.276 1392.276 1392.276 1392.276
1407.668 1408.054 1408.441 1408.554 1408.354 1408.153 1407.952 1407.751 1407.497 1407.238 1406.979 1406.72 1406.398 1405.975 1405.553 1405.131 1404.709 1403.687 1402.565 1401.442 1400.319 1399.296 1398.486 1397.677 1396.868 1396.058 1395.468 1394.938 1394.408 1393.878 1393.389 1393.026 1392.663 1392.299 1391.936 1391.809 1391.778 1391.747 1391.716 1391.706 1391.799 1391.892 1391.986 1392.079 1392.113 1392.113 1392.113 1392.113 1392.109 1392.078 1392.047 1392.016 1391.985 1391.937 1391.875 1391.812 1391.75 1391.69 1391.69 1391.69 1391.69 1391.69 1391.69
1405.88 1406.336 1406.792 1406.928 1406.695 1406.462 1406.229 1405.996 1405.704 1405.407 1405.111 1404.815 1404.496 1404.144 1403.792 1403.439 1403.087 1402.191 1401.203 1400.214 1399.226 1398.327 1397.62 1396.913 1396.206 1395.499 1394.935 1394.41 1393.886 1393.361 1392.87 1392.48 1392.089 1391.699 1391.309 1391.182 1391.161 1391.141 1391.121 1391.115 1391.175 1391.236 1391.297 1391.358 1391.38 1391.38 1391.38 1391.38 1391.378 1391.358 1391.337 1391.317 1391.297 1391.265 1391.224 1391.184 1391.143 1391.104 1391.104 1391.104 1391.104 1391.104 1391.104
1404.091 1404.617 1405.143 1405.302 1405.036 1404.771 1404.505 1404.24 1403.911 1403.577 1403.243 1402.909 1402.595 1402.313 1402.03 1401.748 1401.466 1400.695 1399.841 1398.987 1398.133 1397.359 1396.754 1396.149 1395.544 1394.94 1394.402 1393.883 1393.364 1392.844 1392.351 1391.933 1391.516 1391.099 1390.682 1390.554 1390.545 1390.535 1390.526 1390.523 1390.552 1390.58 1390.609 1390.637 1390.648 1390.648 1390.648 1390.648 1390.647 1390.637 1390.628 1390.618 1390.609 1390.594 1390.575 1390.556 1390.536 1390.518 1390.518 1390.518 1390.518 1390.518 1390.518
1402.422 1403.001 1403.579 1403.754 1403.462 1403.17 1402.878 1402.586 1402.227 1401.863 1401.498 1401.134 1400.826 1400.606 1400.387 1400.167 1399.947 1399.291 1398.561 1397.831 1397.102 1396.44 1395.925 1395.41 1394.895 1394.38 1393.865 1393.35 1392.835 1392.32 1391.823 1391.38 1390.937 1390.495 1390.052 1389.918 1389.911 1389.903 1389.896 1389.89 1389.89 1389.89 1389.89 1389.89 1389.89 1389.89 1389.89 1389.89 1389.89 1389.89 1389.89 1389.89 1389.89 1389.89 1389.89 1389.89 1389.89 1389.89 1389.89 1389.89 1389.89 1389.89 1389.89
1401.675 1402.173 1402.67 1402.809 1402.534 1402.258 1401.982 1401.706 1401.373 1401.036 1400.698 1400.361 1400.071 1399.857 1399.643 1399.428 1399.214 1398.595 1397.909 1397.222 1396.535 1395.901 1395.381 1394.861 1394.34 1393.82 1393.299 1392.779 1392.259 1391.738 1391.233 1390.774 1390.315 1389.856 1389.397 1389.213 1389.141 1389.069 1388.997 1388.937 1388.937 1388.937 1388.937 1388.937 1388.937 1388.937 1388.937 1388.937 1388.937 1388.937 1388.937 1388.937 1388.937 1388.937 1388.937 1388.937 1388.937 1388.937 1388.937 1388.937 1388.937 1388.937 1388.937
1400.927 1401.344 1401.761 1401.865 1401.605 1401.345 1401.085 1400.826 1400.519 1400.208 1399.898 1399.587 1399.317 1399.108 1398.899 1398.689 1398.48 1397.9 1397.256 1396.612 1395.969 1395.363 1394.837 1394.311 1393.785 1393.259 1392.734 1392.208 1391.682 1391.156 1390.643 1390.168 1389.693 1389.218 1388.743 1388.508 1388.371 1388.235 1388.098 1387.985 1387.985 1387.985 1387.985 1387.985 1387.985 1387.985 1387.985 1387.985 1387.985 1387.985 1387.985 1387.985 1387.985 1387.985 1387.985 1387.985 1387.985 1387.985 1387.985 1387.985 1387.985 1387.985 1387.985
1400.18 1400.516 1400.853 1400.92 1400.676 1400.433 1400.189 1399.945 1399.665 1399.381 1399.098 1398.814 1398.562 1398.358 1398.154 1397.951 1397.747 1397.204 1396.603 1396.003 1395.402 1394.824 1394.292 1393.761 1393.23 1392.699 1392.168 1391.637 1391.105 1390.574 1390.053 1389.562 1389.071 1388.579 1388.088 1387.803 1387.602 1387.4 1387.199 1387.033 1387.033 1387.033 1387.033 1387.033 1387.033 1387.033 1387.033 1387.033 1387.033 1387.033 1387.033 1387.033 1387.033 1387.033 1387.033 1387.033 1387.033 1387.033 1387.033 1387.033 1387.033 1387.033 1387.033
1399.432 1399.688 1399.944 1399.975 1399.748 1399.52 1399.293 1399.065 1398.811 1398.554 1398.297 1398.041 1397.807 1397.609 1397.41 1397.212 1397.014 1396.508 1395.951 1395.393 1394.836 1394.285 1393.748 1393.212 1392.675 1392.139 1391.602 1391.065 1390.529 1389.992 1389.463 1388.956 1388.448 1387.941 1387.434 1387.098 1386.832 1386.566 1386.3 1386.081 1386.081 1386.081 1386.081 1386.081 1386.081 1386.081 1386.081 1386.081 1386.081 1386.081 1386.081 1386.081 1386.081 1386.081 1386.081 1386.081 1386.081 1386.081 1386.081 1386.081 1386.081 1386.081 1386.081
1399.094 1399.287 1399.48 1399.483 1399.266 1399.048 1398.831 1398.613 1398.359 1398.102 1397.845 1397.588 1397.344 1397.121 1396.897 1396.674 1396.451 1395.947 1395.396 1394.845 1394.294 1393.746 1393.204 1392.662 1392.12 1391.578 1391.029 1390.478 1389.927 1389.376 1388.834 1388.32 1387.805 1387.291 1386.776 1386.429 1386.151 1385.872 1385.593 1385.359 1385.334 1385.31 1385.286 1385.261 1385.253 1385.253 1385.253 1385.253 1385.253 1385.253 1385.253 1385.253 1385.253 1385.253 1385.253 1385.253 1385.253 1385.253 1385.253 1385.253 1385.253 1385.253 1385.253
1399.071 1399.215 1399.36 1399.339 1399.127 1398.915 1398.703 1398.491 1398.217 1397.938 1397.66 1397.381 1397.105 1396.833 1396.562 1396.29 1396.018 1395.489 1394.917 1394.344 1393.771 1393.207 1392.66 1392.112 1391.565 1391.018 1390.451 1389.878 1389.306 1388.733 1388.175 1387.66 1387.146 1386.632 1386.117 1385.789 1385.537 1385.286 1385.034 1384.814 1384.747 1384.679 1384.612 1384.545 1384.52 1384.52 1384.52 1384.52 1384.52 1384.52 1384.52 1384.52 1384.52 1384.52 1384.52 1384.52 1384.52 1384.52 1384.52 1384.52 1384.52 1384.52 1384.52
1399.047 1399.143 1399.239 1399.195 1398.988 1398.782 1398.575 1398.368 1398.075 1397.775 1397.475 1397.175 1396.867 1396.546 1396.226 1395.906 1395.586 1395.031 1394.437 1393.843 1393.249 1392.668 1392.115 1391.563 1391.01 1390.457 1389.872 1389.278 1388.684 1388.09 1387.516 1387.001 1386.487 1385.972 1385.458 1385.149 1384.924 1384.699 1384.474 1384.27 1384.159 1384.049 1383.938 1383.828 1383.788 1383.788 1383.788 1383.788 1383.788 1383.788 1383.788 1383.788 1383.788 1383.788 1383.788 1383.788 1383.788 1383.788 1383.788 1383.788 1383.788 1383.788 1383.788
1399.023 1399.071 1399.119 1399.051 1398.85 1398.649 1398.447 1398.246 1397.933 1397.611 1397.29 1396.968 1396.628 1396.259 1395.891 1395.522 1395.153 1394.573 1393.958 1393.342 1392.727 1392.129 1391.571 1391.013 1390.455 1389.897 1389.294 1388.678 1388.063 1387.447 1386.856 1386.342 1385.828 1385.313 1384.799 1384.509 1384.311 1384.113 1383.915 1383.725 1383.571 1383.418 1383.264 1383.111 1383.055 1383.055 1383.055 1383.055 1383.055 1383.055 1383.055 1383.055 1383.055 1383.055 1383.055 1383.055 1383.055 1383.055 1383.055 1383.055 1383.055 1383.055 1383.055
1399.0 1399.0 1399.0 1398.909 1398.714 1398.519 1398.323 1398.128 1397.796 1397.453 1397.11 1396.767 1396.394 1395.976 1395.558 1395.14 1394.722 1394.116 1393.479 1392.842 1392.205 1391.591 1391.027 1390.463 1389.9 1389.336 1388.715 1388.078 1387.442 1386.806 1386.199 1385.685 1385.17 1384.655 1384.141 1383.87 1383.698 1383.526 1383.354 1383.178 1382.982 1382.786 1382.59 1382.394 1382.323 1382.323 1382.323 1382.323 1382.323 1382.323 1382.323 1382.323 1382.323 1382.323 1382.323 1382.323 1382.323 1382.323 1382.323 1382.323 1382.323 1382.323 1382.323
1399.0 1399.0 1399.0 1398.929 1398.777 1398.625 1398.473 1398.32 1397.986 1397.638 1397.289 1396.941 1396.519 1395.982 1395.446 1394.909 1394.373 1393.732 1393.073 1392.415 1391.756 1391.115 1390.514 1389.912 1389.311 1388.709 1388.101 1387.492 1386.882 1386.273 1385.682 1385.152 1384.621 1384.09 1383.559 1383.264 1383.066 1382.867 1382.668 1382.469 1382.267 1382.066 1381.865 1381.663 1381.59 1381.59 1381.59 1381.59 1381.59 1381.59 1381.59 1381.59 1381.59 1381.59 1381.59 1381.59 1381.59 1381.59 1381.59 1381.59 1381.59 1381.59 1381.59
1399.0 1399.0 1399.0 1398.949 1398.84 1398.731 1398.622 1398.512 1398.176 1397.823 1397.469 1397.115 1396.644 1395.989 1395.334 1394.679 1394.024 1393.347 1392.667 1391.987 1391.307 1390.64 1390.0 1389.361 1388.722 1388.082 1387.487 1386.905 1386.322 1385.74 1385.166 1384.619 1384.072 1383.525 1382.978 1382.659 1382.434 1382.208 1381.982 1381.76 1381.553 1381.346 1381.14 1380.933 1380.858 1380.858 1380.858 1380.858 1380.858 1380.858 1380.858 1380.858 1380.858 1380.858 1380.858 1380.858 1380.858 1380.858 1380.858 1380.858 1380.858 1380.858 1380.858
