data/zism_data/00625_04_D.txt
ncols         224
nrows         224
[rows 112 to 139 of 224, columns 64 to 127 of 224]
1465.439 1465.865 1466.29 1466.438 1466.372 1466.305 1466.239 1466.155 1465.589 1465.024 1464.458 1463.893 1460.66 1454.837 1449.014 1443.191 1437.368 1431.954 1426.55 1421.145 1415.74 1411.587 1408.967 1406.347 1403.727 1401.107 1400.715 1400.517 1400.319 1400.121 1400.0 1400.0 1400.0 1400.0 1400.0 1400.0 1400.0 1400.0 1400.0 1400.0 1400.0 1400.0 1400.0 1400.0 1400.706 1401.583 1402.461 1403.338 1404.932 1408.411 1411.89 1415.369 1418.848 1422.185 1425.473 1428.761 1432.049 1434.26 1432.594 1430.929 1429.263 1427.598 1426.149 1424.799
1472.403 1472.845 1473.287 1473.572 1473.737 1473.901 1474.066 1474.221 1474.134 1474.046 1473.958 1473.871 1470.786 1464.792 1458.797 1452.802 1446.807 1440.391 1433.967 1427.542 1421.117 1415.968 1412.381 1408.794 1405.208 1401.621 1401.064 1400.769 1400.474 1400.179 1400.0 1400.0 1400.0 1400.0 1400.0 1400.0 1400.0 1400.0 1400.0 1400.0 1400.0 1400.0 1400.0 1400.0 1400.473 1401.06 1401.647 1402.235 1403.335 1405.783 1408.231 1410.679 1413.128 1415.417 1417.653 1419.888 1422.124 1423.6 1422.343 1421.085 1419.828 1418.571 1417.759 1417.149
1479.368 1479.825 1480.283 1480.706 1481.101 1481.497 1481.893 1482.288 1482.678 1483.068 1483.458 1483.849 1480.913 1474.746 1468.579 1462.413 1456.246 1448.829 1441.384 1433.939 1426.494 1420.348 1415.795 1411.242 1406.689 1402.136 1401.413 1401.021 1400.63 1400.238 1400.0 1400.0 1400.0 1400.0 1400.0 1400.0 1400.0 1400.0 1400.0 1400.0 1400.0 1400.0 1400.0 1400.0 1400.239 1400.537 1400.834 1401.132 1401.738 1403.155 1404.572 1405.99 1407.407 1408.65 1409.833 1411.016 1412.199 1412.941 1412.091 1411.242 1410.393 1409.543 1409.369 1409.5
1484.715 1485.155 1485.595 1486.047 1486.508 1486.969 1487.43 1487.895 1488.466 1489.036 1489.607 1490.177 1487.395 1481.357 1475.319 1469.28 1463.242 1455.236 1447.188 1439.139 1431.09 1424.253 1418.902 1413.551 1408.2 1402.848 1401.93 1401.395 1400.86 1400.325 1400.0 1400.0 1400.0 1400.0 1400.0 1400.0 1400.0 1400.0 1400.0 1400.0 1400.0 1400.0 1400.0 1400.0 1400.106 1400.238 1400.369 1400.501 1400.814 1401.604 1402.394 1403.184 1403.974 1404.6 1405.171 1405.741 1406.312 1406.635 1406.064 1405.493 1404.923 1404.352 1404.492 1404.953
1488.323 1488.709 1489.096 1489.461 1489.809 1490.157 1490.505 1490.856 1491.287 1491.718 1492.149 1492.58 1489.958 1484.371 1478.784 1473.196 1467.609 1459.461 1451.257 1443.052 1434.848 1427.648 1421.679 1415.71 1409.742 1403.773 1402.627 1401.899 1401.171 1400.443 1400.0 1400.0 1400.0 1400.0 1400.0 1400.0 1400.0 1400.0 1400.0 1400.0 1400.0 1400.0 1400.0 1400.0 1400.08 1400.179 1400.279 1400.378 1400.615 1401.212 1401.808 1402.405 1403.002 1403.475 1403.906 1404.337 1404.768 1405.011 1404.58 1404.149 1403.718 1403.287 1403.393 1403.741
1491.931 1492.264 1492.596 1492.874 1493.11 1493.345 1493.58 1493.818 1494.109 1494.401 1494.692 1494.983 1492.521 1487.385 1482.249 1477.112 1471.976 1463.685 1455.325 1446.965 1438.605 1431.042 1424.456 1417.87 1411.284 1404.698 1403.325 1402.403 1401.482 1400.561 1400.0 1400.0 1400.0 1400.0 1400.0 1400.0 1400.0 1400.0 1400.0 1400.0 1400.0 1400.0 1400.0 1400.0 1400.054 1400.121 1400.189 1400.256 1400.416 1400.819 1401.223 1401.626 1402.03 1402.349 1402.641 1402.932 1403.224 1403.388 1403.097 1402.806 1402.514 1402.223 1402.294 1402.529
1495.539 1495.818 1496.097 1496.288 1496.41 1496.533 1496.656 1496.779 1496.931 1497.083 1497.235 1497.386 1495.085 1490.399 1485.714 1481.028 1476.343 1467.91 1459.394 1450.878 1442.362 1434.436 1427.233 1420.029 1412.826 1405.622 1404.022 1402.908 1401.793 1400.678 1400.0 1400.0 1400.0 1400.0 1400.0 1400.0 1400.0 1400.0 1400.0 1400.0 1400.0 1400.0 1400.0 1400.0 1400.028 1400.063 1400.098 1400.133 1400.217 1400.427 1400.637 1400.847 1401.057 1401.224 1401.376 1401.528 1401.679 1401.765 1401.613 1401.462 1401.31 1401.158 1401.195 1401.318
1499.146 1499.372 1499.597 1499.701 1499.711 1499.721 1499.731 1499.741 1499.753 1499.765 1499.777 1499.79 1497.648 1493.413 1489.179 1484.944 1480.709 1472.134 1463.463 1454.791 1446.12 1437.83 1430.009 1422.188 1414.368 1406.547 1404.72 1403.412 1402.104 1400.796 1400.0 1400.0 1400.0 1400.0 1400.0 1400.0 1400.0 1400.0 1400.0 1400.0 1400.0 1400.0 1400.0 1400.0 1400.002 1400.005 1400.008 1400.011 1400.017 1400.034 1400.051 1400.068 1400.085 1400.099 1400.111 1400.123 1400.135 1400.142 1400.13 1400.118 1400.105 1400.093 1400.096 1400.106
1499.57 1499.746 1499.923 1500.0 1500.0 1500.0 1500.0 1499.994 1499.817 1499.641 1499.465 1499.288 1496.84 1492.184 1487.529 1482.873 1478.218 1469.577 1460.848 1452.119 1443.389 1435.271 1427.9 1420.53 1413.159 1405.789 1404.144 1402.996 1401.848 1400.699 1400.082 1400.293 1400.504 1400.714 1400.925 1401.317 1401.739 1402.16 1402.581 1402.782 1402.542 1402.302 1402.062 1401.822 1401.586 1401.351 1401.115 1400.88 1400.675 1400.547 1400.42 1400.293 1400.165 1400.111 1400.082 1400.052 1400.023 1400.0 1400.0 1400.0 1400.0 1400.0 1400.0 1400.0
1499.687 1499.816 1499.944 1500.0 1500.0 1500.0 1500.0 1499.987 1499.617 1499.247 1498.878 1498.508 1495.708 1490.548 1485.388 1480.228 1475.068 1466.369 1457.591 1448.814 1440.036 1432.139 1425.322 1418.504 1411.687 1404.869 1403.447 1402.492 1401.537 1400.581 1400.173 1400.614 1401.056 1401.497 1401.939 1402.761 1403.644 1404.527 1405.41 1405.831 1405.328 1404.825 1404.322 1403.819 1403.324 1402.831 1402.338 1401.845 1401.415 1401.148 1400.881 1400.614 1400.347 1400.233 1400.171 1400.11 1400.048 1400.0 1400.0 1400.0 1400.0 1400.0 1400.0 1400.0
1499.805 1499.885 1499.965 1500.0 1500.0 1500.0 1500.0 1499.98 1499.417 1498.854 1498.291 1497.728 1494.577 1488.912 1483.248 1477.583 1471.918 1463.16 1454.335 1445.509 1436.683 1429.008 1422.743 1416.479 1410.214 1403.95 1402.749 1401.988 1401.226 1400.464 1400.263 1400.936 1401.608 1402.28 1402.953 1404.205 1405.55 1406.894 1408.239 1408.88 1408.114 1407.348 1406.582 1405.815 1405.062 1404.311 1403.561 1402.81 1402.154 1401.748 1401.341 1400.935 1400.528 1400.355 1400.261 1400.167 1400.073 1400.0 1400.0 1400.0 1400.0 1400.0 1400.0 1400.0
1499.923 1499.954 1499.986 1500.0 1500.0 1500.0 1500.0 1499.973 1499.216 1498.46 1497.704 1496.948 1493.446 1487.276 1481.107 1474.937 1468.768 1459.952 1451.078 1442.204 1433.329 1425.876 1420.165 1414.453 1408.742 1403.031 1402.052 1401.483 1400.915 1400.346 1400.354 1401.257 1402.16 1403.063 1403.967 1405.649 1407.455 1409.261 1411.068 1411.929 1410.9 1409.871 1408.841 1407.812 1406.8 1405.791 1404.783 1403.775 1402.894 1402.348 1401.802 1401.255 1400.709 1400.477 1400.351 1400.225 1400.099 1400.0 1400.0 1400.0 1400.0 1400.0 1400.0 1400.0
1500.0 1500.0 1500.0 1499.981 1499.948 1499.915 1499.882 1499.811 1498.746 1497.68 1496.615 1495.549 1491.611 1484.884 1478.156 1471.429 1464.701 1455.95 1447.155 1438.36 1429.564 1422.452 1417.402 1412.352 1407.302 1402.252 1401.527 1401.175 1400.824 1400.473 1400.749 1402.001 1403.253 1404.505 1405.757 1407.872 1410.126 1412.379 1414.632 1415.756 1414.618 1413.48 1412.343 1411.205 1409.997 1408.771 1407.546 1406.32 1405.202 1404.365 1403.528 1402.692 1401.855 1401.404 1401.083 1400.763 1400.443 1400.183 1400.14 1400.098 1400.056 1400.013 1400.0 1400.0
1500.0 1500.0 1500.0 1499.927 1499.797 1499.667 1499.537 1499.354 1497.757 1496.16 1494.563 1492.966 1488.431 1481.043 1473.655 1466.267 1458.879 1450.429 1441.956 1433.483 1425.01 1418.465 1414.285 1410.105 1405.925 1401.745 1401.331 1401.243 1401.154 1401.066 1401.727 1403.554 1405.38 1407.207 1409.034 1411.589 1414.262 1416.934 1419.606 1421.071 1420.121 1419.172 1418.222 1417.272 1415.988 1414.623 1413.258 1411.893 1410.514 1409.097 1407.68 1406.264 1404.847 1403.872 1403.047 1402.222 1401.397 1400.715 1400.549 1400.383 1400.218 1400.052 1400.0 1400.0
1500.0 1500.0 1500.0 1499.872 1499.646 1499.419 1499.193 1498.897 1496.768 1494.64 1492.511 1490.382 1485.251 1477.203 1469.154 1461.106 1453.057 1444.908 1436.757 1428.606 1420.455 1414.479 1411.169 1407.859 1404.549 1401.238 1401.135 1401.31 1401.485 1401.66 1402.706 1405.107 1407.508 1409.909 1412.31 1415.306 1418.397 1421.488 1424.579 1426.386 1425.624 1424.863 1424.101 1423.339 1421.98 1420.475 1418.97 1417.466 1415.825 1413.829 1411.832 1409.836 1407.839 1406.341 1405.011 1403.681 1402.351 1401.248 1400.958 1400.669 1400.38 1400.09 1400.0 1400.0
1500.0 1500.0 1500.0 1499.817 1499.494 1499.171 1498.848 1498.44 1495.78 1493.12 1490.459 1487.799 1482.071 1473.362 1464.653 1455.944 1447.235 1439.387 1431.559 1423.73 1415.901 1410.493 1408.052 1405.612 1403.172 1400.731 1400.94 1401.378 1401.816 1402.254 1403.684 1406.66 1409.636 1412.611 1415.587 1419.023 1422.533 1426.043 1429.553 1431.701 1431.128 1430.554 1429.98 1429.406 1427.971 1426.327 1424.682 1423.038 1421.137 1418.561 1415.984 1413.408 1410.832 1408.809 1406.975 1405.14 1403.306 1401.78 1401.367 1400.954 1400.542 1400.129 1400.0 1400.0
1500.0 1500.0 1500.0 1499.763 1499.343 1498.923 1498.503 1497.983 1494.791 1491.599 1488.408 1485.216 1478.891 1469.521 1460.152 1450.783 1441.413 1433.866 1426.36 1418.853 1411.346 1406.507 1404.936 1403.365 1401.795 1400.224 1400.744 1401.445 1402.146 1402.847 1404.663 1408.213 1411.763 1415.314 1418.864 1422.74 1426.669 1430.598 1434.526 1437.017 1436.631 1436.245 1435.859 1435.473 1433.963 1432.179 1430.395 1428.611 1426.449 1423.293 1420.136 1416.98 1413.824 1411.277 1408.938 1406.599 1404.26 1402.313 1401.776 1401.24 1400.703 1400.167 1400.0 1400.0
1499.896 1499.846 1499.796 1499.25 1498.322 1497.394 1496.467 1495.418 1491.146 1486.874 1482.603 1478.331 1471.545 1462.317 1453.09 1443.862 1434.634 1428.112 1421.65 1415.188 1408.727 1404.672 1403.568 1402.465 1401.361 1400.257 1401.29 1402.507 1403.725 1404.942 1407.231 1411.185 1415.139 1419.094 1423.048 1427.13 1431.233 1435.335 1439.437 1442.177 1442.19 1442.204 1442.218 1442.232 1440.621 1438.614 1436.607 1434.601 1432.172 1428.631 1425.09 1421.549 1418.008 1414.91 1411.962 1409.015 1406.067 1403.58 1402.749 1401.919 1401.089 1400.259 1400.0 1400.0
1499.761 1499.646 1499.532 1498.603 1497.047 1495.491 1493.935 1492.236 1486.724 1481.212 1475.7 1470.188 1462.982 1454.13 1445.278 1436.426 1427.574 1422.289 1417.084 1411.879 1406.673 1403.467 1402.713 1401.958 1401.203 1400.448 1402.052 1403.86 1405.668 1407.476 1410.263 1414.572 1418.88 1423.189 1427.498 1431.717 1435.921 1440.125 1444.329 1447.291 1447.767 1448.242 1448.718 1449.193 1447.474 1445.22 1442.966 1440.713 1438.014 1434.146 1430.278 1426.409 1422.541 1418.883 1415.297 1411.71 1408.123 1405.061 1403.887 1402.714 1401.54 1400.366 1400.0 1400.0
1499.626 1499.447 1499.268 1497.956 1495.772 1493.588 1491.404 1489.054 1482.302 1475.55 1468.798 1462.046 1454.419 1445.943 1437.467 1428.99 1420.514 1416.466 1412.518 1408.569 1404.62 1402.263 1401.857 1401.451 1401.045 1400.639 1402.814 1405.213 1407.612 1410.01 1413.295 1417.958 1422.621 1427.285 1431.948 1436.303 1440.609 1444.916 1449.222 1452.405 1453.343 1454.28 1455.217 1456.155 1454.327 1451.826 1449.325 1446.825 1443.857 1439.661 1435.466 1431.27 1427.074 1422.856 1418.631 1414.405 1410.18 1406.543 1405.025 1403.508 1401.99 1400.473 1400.0 1400.0
1499.491 1499.248 1499.005 1497.309 1494.497 1491.685 1488.872 1485.872 1477.88 1469.888 1461.895 1453.903 1445.856 1437.755 1429.655 1421.554 1413.454 1410.644 1407.951 1405.259 1402.566 1401.058 1401.001 1400.944 1400.887 1400.83 1403.577 1406.566 1409.555 1412.544 1416.327 1421.345 1426.362 1431.38 1436.397 1440.89 1445.298 1449.706 1454.114 1457.52 1458.919 1460.318 1461.717 1463.116 1461.18 1458.432 1455.684 1452.937 1449.7 1445.177 1440.653 1436.13 1431.607 1426.829 1421.965 1417.1 1412.236 1408.024 1406.163 1404.302 1402.441 1400.58 1400.0 1400.0
1498.766 1498.348 1497.929 1495.797 1492.347 1488.896 1485.446 1481.795 1472.832 1463.868 1454.904 1445.941 1437.695 1430.147 1422.599 1415.051 1407.503 1405.754 1404.133 1402.513 1400.892 1400.118 1400.382 1400.646 1400.909 1401.173 1404.505 1408.104 1411.702 1415.301 1419.575 1424.901 1430.227 1435.552 1440.878 1445.485 1449.976 1454.468 1458.96 1462.539 1464.293 1466.048 1467.802 1469.556 1467.448 1464.399 1461.351 1458.302 1454.739 1449.822 1444.904 1439.986 1435.068 1429.809 1424.435 1419.06 1413.685 1409.023 1406.931 1404.838 1402.745 1400.652 1400.0 1400.0
1495.745 1494.72 1493.695 1490.916 1486.79 1482.662 1478.536 1474.236 1465.348 1456.459 1447.57 1438.682 1431.103 1424.795 1418.487 1412.179 1405.871 1404.496 1403.229 1401.963 1400.697 1400.213 1400.685 1401.158 1401.631 1402.104 1406.081 1410.362 1414.642 1418.922 1423.662 1429.116 1434.571 1440.026 1445.48 1450.114 1454.616 1459.119 1463.621 1467.188 1468.883 1470.578 1472.274 1473.969 1471.439 1467.88 1464.322 1460.763 1456.65 1451.077 1445.505 1439.932 1434.359 1428.926 1423.541 1418.155 1412.769 1408.144 1406.255 1404.366 1402.477 1400.589 1400.0 1400.0
1492.724 1491.092 1489.46 1486.036 1481.232 1476.429 1471.625 1466.676 1457.863 1449.05 1440.236 1431.423 1424.51 1419.442 1414.375 1409.307 1404.239 1403.237 1402.326 1401.414 1400.502 1400.307 1400.989 1401.671 1402.354 1403.036 1407.657 1412.619 1417.581 1422.544 1427.749 1433.332 1438.916 1444.499 1450.083 1454.743 1459.257 1463.77 1468.283 1471.837 1473.473 1475.109 1476.746 1478.382 1475.43 1471.361 1467.292 1463.224 1458.561 1452.333 1446.105 1439.878 1433.65 1428.043 1422.646 1417.25 1411.854 1407.264 1405.579 1403.895 1402.21 1400.525 1400.0 1400.0
1489.702 1487.464 1485.226 1481.155 1475.675 1470.195 1464.715 1459.117 1450.379 1441.64 1432.902 1424.164 1417.917 1414.089 1410.262 1406.435 1402.607 1401.979 1401.422 1400.864 1400.307 1400.401 1401.292 1402.184 1403.076 1403.968 1409.233 1414.877 1420.521 1426.165 1431.836 1437.548 1443.26 1448.973 1454.685 1459.373 1463.897 1468.421 1472.944 1476.486 1478.063 1479.64 1481.218 1482.795 1479.421 1474.842 1470.263 1465.685 1460.472 1453.589 1446.706 1439.823 1432.941 1427.159 1421.752 1416.345 1410.938 1406.384 1404.904 1403.423 1401.942 1400.461 1400.0 1400.0
1486.681 1483.836 1480.991 1476.274 1470.118 1463.961 1457.804 1451.557 1442.894 1434.231 1425.568 1416.905 1411.324 1408.737 1406.15 1403.563 1400.975 1400.721 1400.518 1400.315 1400.112 1400.495 1401.596 1402.697 1403.798 1404.899 1410.809 1417.135 1423.46 1429.786 1435.923 1441.764 1447.605 1453.446 1459.287 1464.002 1468.537 1473.071 1477.606 1481.135 1482.653 1484.171 1485.689 1487.208 1483.411 1478.323 1473.234 1468.146 1462.382 1454.845 1447.307 1439.769 1432.231 1426.276 1420.858 1415.44 1410.022 1405.505 1404.228 1402.951 1401.675 1400.398 1400.0 1400.0
1480.678 1477.417 1474.156 1469.209 1462.966 1456.723 1450.48 1444.177 1436.281 1428.385 1420.49 1412.594 1407.773 1405.938 1404.104 1402.27 1400.435 1400.33 1400.263 1400.196 1400.129 1400.622 1401.799 1402.977 1404.154 1405.332 1411.63 1418.372 1425.114 1431.856 1438.346 1444.446 1450.546 1456.645 1462.745 1467.481 1471.999 1476.517 1481.035 1484.495 1485.838 1487.181 1488.524 1489.867 1485.747 1480.299 1474.85 1469.401 1463.196 1455.0 1446.803 1438.607 1430.411 1424.459 1419.269 1414.079 1408.889 1404.596 1403.534 1402.471 1401.409 1400.347 1400.069 1400.148
1472.96 1469.394 1465.827 1460.89 1454.899 1448.908 1442.917 1436.899 1430.169 1423.438 1416.708 1409.977 1405.97 1404.608 1403.246 1401.884 1400.522 1400.438 1400.382 1400.325 1400.269 1400.768 1401.945 1403.123 1404.3 1405.478 1412.018 1419.023 1426.028 1433.033 1439.814 1446.246 1452.679 1459.112 1465.544 1470.298 1474.784 1479.27 1483.756 1487.113 1488.215 1489.317 1490.418 1491.52 1487.132 1481.409 1475.687 1469.964 1463.379 1454.522 1445.665 1436.809 1427.952 1422.105 1417.28 1412.455 1407.63 1403.672 1402.829 1401.987 1401.145 1400.302 1400.179 1400.381
