data/zism_data/00629_04_D.txt
ncols         224
nrows         224
[rows 0 to 27 of 224, columns 0 to 63 of 224]
1320.949 1319.614 1318.278 1316.979 1315.723 1314.467 1313.211 1311.955 1311.023 1310.127 1309.232 1308.336 1307.511 1306.818 1306.125 1305.432 1304.74 1304.409 1304.171 1303.932 1303.693 1303.514 1303.514 1303.514 1303.514 1303.514 1303.629 1303.794 1303.959 1304.125 1304.294 1304.486 1304.679 1304.871 1305.064 1305.355 1305.713 1306.07 1306.428 1306.781 1307.015 1307.25 1307.484 1307.718 1307.972 1308.246 1308.521 1308.795 1309.069 1309.154 1309.227 1309.3 1309.374 1309.39 1309.316 1309.243 1309.17 1309.097 1309.375 1309.72 1310.066 1310.411 1310.683 1310.775
1320.1 1318.81 1317.519 1316.285 1315.12 1313.956 1312.791 1311.626 1310.779 1309.968 1309.157 1308.347 1307.594 1306.95 1306.306 1305.662 1305.018 1304.712 1304.491 1304.271 1304.051 1303.894 1303.93 1303.966 1304.002 1304.038 1304.165 1304.332 1304.499 1304.666 1304.841 1305.065 1305.288 1305.511 1305.735 1306.048 1306.422 1306.796 1307.17 1307.54 1307.808 1308.076 1308.345 1308.613 1308.889 1309.174 1309.458 1309.743 1310.027 1310.12 1310.202 1310.283 1310.364 1310.391 1310.334 1310.277 1310.22 1310.162 1310.461 1310.827 1311.194 1311.56 1311.863 1312.013
1318.995 1317.743 1316.49 1315.311 1314.222 1313.133 1312.043 1310.954 1310.198 1309.479 1308.76 1308.041 1307.378 1306.82 1306.263 1305.705 1305.148 1304.885 1304.697 1304.51 1304.322 1304.201 1304.286 1304.371 1304.455 1304.54 1304.678 1304.84 1305.001 1305.163 1305.339 1305.6 1305.861 1306.122 1306.383 1306.718 1307.103 1307.488 1307.873 1308.255 1308.555 1308.856 1309.157 1309.457 1309.76 1310.067 1310.373 1310.679 1310.985 1311.09 1311.182 1311.274 1311.366 1311.408 1311.373 1311.337 1311.301 1311.266 1311.568 1311.934 1312.3 1312.667 1312.99 1313.21
1317.89 1316.676 1315.461 1314.336 1313.323 1312.309 1311.296 1310.283 1309.616 1308.989 1308.362 1307.735 1307.162 1306.691 1306.22 1305.749 1305.278 1305.058 1304.903 1304.748 1304.593 1304.508 1304.642 1304.775 1304.908 1305.042 1305.191 1305.347 1305.503 1305.659 1305.836 1306.135 1306.434 1306.733 1307.032 1307.389 1307.785 1308.18 1308.576 1308.969 1309.302 1309.635 1309.969 1310.302 1310.632 1310.96 1311.288 1311.615 1311.943 1312.059 1312.162 1312.265 1312.368 1312.425 1312.411 1312.397 1312.383 1312.369 1312.675 1313.041 1313.407 1313.773 1314.118 1314.408
1316.786 1315.609 1314.431 1313.362 1312.424 1311.486 1310.549 1309.611 1309.035 1308.5 1307.964 1307.429 1306.946 1306.562 1306.177 1305.792 1305.408 1305.232 1305.109 1304.986 1304.863 1304.816 1304.997 1305.179 1305.361 1305.543 1305.704 1305.854 1306.005 1306.156 1306.333 1306.67 1307.007 1307.344 1307.681 1308.059 1308.466 1308.872 1309.279 1309.684 1310.049 1310.415 1310.78 1311.146 1311.504 1311.853 1312.202 1312.552 1312.901 1313.029 1313.142 1313.256 1313.37 1313.442 1313.45 1313.457 1313.465 1313.472 1313.781 1314.148 1314.514 1314.88 1315.245 1315.605
1315.667 1314.518 1313.369 1312.343 1311.468 1310.593 1309.717 1308.842 1308.357 1307.916 1307.475 1307.034 1306.643 1306.344 1306.046 1305.748 1305.45 1305.321 1305.236 1305.15 1305.064 1305.056 1305.283 1305.51 1305.737 1305.964 1306.142 1306.3 1306.457 1306.615 1306.802 1307.168 1307.535 1307.901 1308.267 1308.667 1309.091 1309.514 1309.938 1310.36 1310.761 1311.161 1311.561 1311.962 1312.35 1312.728 1313.105 1313.482 1313.859 1313.99 1314.106 1314.222 1314.338 1314.419 1314.446 1314.473 1314.5 1314.527 1314.848 1315.225 1315.602 1315.979 1316.369 1316.789
1314.5 1313.346 1312.192 1311.17 1310.311 1309.452 1308.593 1307.734 1307.342 1307.004 1306.666 1306.328 1306.033 1305.822 1305.61 1305.398 1305.187 1305.118 1305.087 1305.055 1305.024 1305.064 1305.323 1305.583 1305.842 1306.102 1306.324 1306.53 1306.736 1306.942 1307.171 1307.537 1307.903 1308.27 1308.636 1309.059 1309.52 1309.981 1310.443 1310.903 1311.347 1311.79 1312.234 1312.677 1313.112 1313.538 1313.964 1314.389 1314.815 1314.924 1315.013 1315.102 1315.191 1315.26 1315.297 1315.335 1315.373 1315.41 1315.774 1316.2 1316.625 1317.051 1317.482 1317.923
1313.333 1312.174 1311.014 1309.997 1309.154 1308.311 1307.468 1306.625 1306.328 1306.092 1305.857 1305.621 1305.424 1305.299 1305.173 1305.048 1304.923 1304.916 1304.938 1304.961 1304.983 1305.072 1305.364 1305.656 1305.947 1306.239 1306.505 1306.76 1307.014 1307.269 1307.54 1307.906 1308.272 1308.639 1309.005 1309.45 1309.949 1310.448 1310.948 1311.446 1311.933 1312.42 1312.906 1313.393 1313.874 1314.348 1314.823 1315.297 1315.771 1315.857 1315.919 1315.981 1316.043 1316.1 1316.149 1316.197 1316.245 1316.294 1316.7 1317.175 1317.649 1318.123 1318.594 1319.058
1312.167 1311.002 1309.837 1308.824 1307.997 1307.17 1306.344 1305.517 1305.314 1305.181 1305.048 1304.915 1304.815 1304.776 1304.737 1304.698 1304.66 1304.713 1304.789 1304.866 1304.942 1305.08 1305.404 1305.728 1306.053 1306.377 1306.687 1306.99 1307.293 1307.596 1307.909 1308.275 1308.641 1309.007 1309.374 1309.841 1310.378 1310.915 1311.452 1311.989 1312.519 1313.049 1313.579 1314.109 1314.636 1315.159 1315.682 1316.205 1316.728 1316.791 1316.826 1316.861 1316.896 1316.94 1317.0 1317.059 1317.118 1317.177 1317.627 1318.15 1318.672 1319.196 1319.707 1320.192
1311.0 1309.83 1308.659 1307.651 1306.84 1306.03 1305.219 1304.409 1304.299 1304.269 1304.239 1304.208 1304.205 1304.253 1304.301 1304.349 1304.396 1304.51 1304.641 1304.771 1304.902 1305.088 1305.445 1305.801 1306.158 1306.515 1306.868 1307.22 1307.572 1307.924 1308.278 1308.644 1309.01 1309.376 1309.743 1310.233 1310.808 1311.382 1311.957 1312.532 1313.105 1313.678 1314.252 1314.825 1315.397 1315.969 1316.541 1317.112 1317.684 1317.725 1317.733 1317.741 1317.749 1317.781 1317.851 1317.921 1317.991 1318.061 1318.553 1319.124 1319.696 1320.268 1320.82 1321.327
1309.787 1308.623 1307.458 1306.482 1305.738 1304.993 1304.248 1303.503 1303.438 1303.449 1303.461 1303.472 1303.52 1303.635 1303.75 1303.865 1303.981 1304.178 1304.397 1304.616 1304.835 1305.097 1305.49 1305.883 1306.276 1306.668 1307.069 1307.474 1307.878 1308.282 1308.685 1309.078 1309.471 1309.864 1310.257 1310.773 1311.375 1311.976 1312.577 1313.177 1313.756 1314.334 1314.912 1315.491 1316.069 1316.648 1317.226 1317.804 1318.383 1318.484 1318.557 1318.629 1318.702 1318.783 1318.879 1318.975 1319.072 1319.168 1319.663 1320.233 1320.804 1321.375 1321.924 1322.422
1308.554 1307.401 1306.247 1305.316 1304.658 1304.0 1303.341 1302.683 1302.641 1302.669 1302.696 1302.724 1302.803 1302.977 1303.152 1303.327 1303.501 1303.793 1304.115 1304.436 1304.758 1305.106 1305.537 1305.968 1306.398 1306.829 1307.279 1307.737 1308.196 1308.654 1309.109 1309.539 1309.97 1310.401 1310.832 1311.376 1311.999 1312.622 1313.245 1313.865 1314.433 1315.0 1315.568 1316.136 1316.703 1317.271 1317.838 1318.406 1318.973 1319.171 1319.346 1319.521 1319.696 1319.853 1319.982 1320.11 1320.239 1320.367 1320.849 1321.399 1321.948 1322.497 1323.025 1323.501
1307.322 1306.179 1305.036 1304.15 1303.578 1303.006 1302.435 1301.863 1301.844 1301.888 1301.932 1301.976 1302.086 1302.32 1302.554 1302.788 1303.022 1303.408 1303.832 1304.256 1304.68 1305.115 1305.584 1306.052 1306.521 1306.99 1307.489 1308.001 1308.514 1309.026 1309.532 1310.001 1310.469 1310.938 1311.406 1311.979 1312.624 1313.268 1313.913 1314.553 1315.11 1315.667 1316.224 1316.781 1317.337 1317.894 1318.451 1319.008 1319.564 1319.858 1320.136 1320.414 1320.691 1320.923 1321.084 1321.245 1321.406 1321.567 1322.036 1322.564 1323.091 1323.619 1324.125 1324.579
1306.089 1304.957 1303.825 1302.984 1302.499 1302.013 1301.528 1301.042 1301.047 1301.107 1301.167 1301.227 1301.369 1301.662 1301.956 1302.249 1302.543 1303.022 1303.549 1304.076 1304.603 1305.125 1305.631 1306.138 1306.644 1307.15 1307.698 1308.265 1308.832 1309.398 1309.956 1310.462 1310.969 1311.475 1311.981 1312.583 1313.249 1313.915 1314.581 1315.242 1315.788 1316.333 1316.88 1317.426 1317.971 1318.517 1319.063 1319.609 1320.155 1320.545 1320.926 1321.306 1321.686 1321.994 1322.187 1322.38 1322.574 1322.767 1323.223 1323.729 1324.235 1324.741 1325.226 1325.658
1304.91 1303.811 1302.713 1301.927 1301.525 1301.123 1300.721 1300.319 1300.341 1300.411 1300.482 1300.552 1300.717 1301.058 1301.4 1301.742 1302.084 1302.642 1303.256 1303.869 1304.483 1305.08 1305.628 1306.176 1306.725 1307.273 1307.868 1308.483 1309.099 1309.714 1310.321 1310.875 1311.43 1311.984 1312.538 1313.168 1313.85 1314.531 1315.213 1315.889 1316.43 1316.971 1317.512 1318.054 1318.595 1319.136 1319.677 1320.218 1320.76 1321.238 1321.713 1322.188 1322.663 1323.041 1323.268 1323.495 1323.722 1323.948 1324.387 1324.867 1325.346 1325.825 1326.287 1326.706
1303.965 1302.995 1302.026 1301.343 1301.012 1300.68 1300.348 1300.017 1300.032 1300.086 1300.14 1300.194 1300.348 1300.69 1301.031 1301.373 1301.715 1302.286 1302.916 1303.546 1304.175 1304.799 1305.407 1306.015 1306.623 1307.23 1307.862 1308.505 1309.147 1309.79 1310.433 1311.079 1311.725 1312.371 1313.017 1313.678 1314.349 1315.02 1315.691 1316.357 1316.92 1317.483 1318.045 1318.608 1319.171 1319.734 1320.297 1320.859 1321.422 1321.958 1322.493 1323.027 1323.562 1323.991 1324.255 1324.52 1324.785 1325.049 1325.453 1325.884 1326.315 1326.745 1327.179 1327.619
1303.019 1302.179 1301.34 1300.76 1300.499 1300.237 1299.976 1299.714 1299.722 1299.76 1299.797 1299.835 1299.979 1300.321 1300.662 1301.004 1301.346 1301.93 1302.576 1303.222 1303.868 1304.519 1305.186 1305.853 1306.52 1307.188 1307.856 1308.526 1309.195 1309.865 1310.544 1311.282 1312.021 1312.759 1313.497 1314.188 1314.848 1315.508 1316.168 1316.825 1317.41 1317.994 1318.578 1319.163 1319.747 1320.332 1320.916 1321.501 1322.085 1322.678 1323.272 1323.866 1324.46 1324.94 1325.242 1325.545 1325.847 1326.15 1326.519 1326.901 1327.283 1327.665 1328.07 1328.533
1302.073 1301.363 1300.654 1300.177 1299.986 1299.795 1299.603 1299.412 1299.412 1299.434 1299.455 1299.477 1299.61 1299.952 1300.294 1300.635 1300.977 1301.574 1302.236 1302.898 1303.561 1304.238 1304.965 1305.692 1306.418 1307.145 1307.851 1308.547 1309.244 1309.94 1310.656 1311.486 1312.316 1313.146 1313.976 1314.698 1315.348 1315.997 1316.646 1317.293 1317.899 1318.505 1319.112 1319.718 1320.324 1320.93 1321.536 1322.142 1322.748 1323.398 1324.052 1324.705 1325.358 1325.889 1326.23 1326.57 1326.91 1327.251 1327.585 1327.918 1328.252 1328.585 1328.962 1329.446
1301.128 1300.547 1299.967 1299.594 1299.473 1299.352 1299.231 1299.11 1299.103 1299.108 1299.113 1299.119 1299.241 1299.583 1299.925 1300.267 1300.608 1301.218 1301.897 1302.575 1303.253 1303.958 1304.744 1305.53 1306.316 1307.102 1307.845 1308.568 1309.292 1310.016 1310.768 1311.69 1312.611 1313.533 1314.455 1315.208 1315.847 1316.485 1317.124 1317.762 1318.389 1319.017 1319.645 1320.272 1320.9 1321.528 1322.155 1322.783 1323.411 1324.118 1324.831 1325.544 1326.257 1326.839 1327.217 1327.595 1327.973 1328.351 1328.651 1328.936 1329.22 1329.505 1329.854 1330.359
1300.546 1300.088 1299.631 1299.341 1299.258 1299.175 1299.092 1299.008 1299.0 1299.0 1299.0 1299.0 1299.105 1299.407 1299.709 1300.011 1300.313 1300.934 1301.636 1302.337 1303.039 1303.769 1304.586 1305.402 1306.219 1307.035 1307.801 1308.544 1309.288 1310.031 1310.8 1311.72 1312.639 1313.559 1314.479 1315.257 1315.939 1316.621 1317.302 1317.983 1318.644 1319.304 1319.964 1320.624 1321.306 1322.009 1322.713 1323.416 1324.12 1324.85 1325.583 1326.315 1327.048 1327.662 1328.093 1328.523 1328.953 1329.384 1329.663 1329.914 1330.164 1330.415 1330.741 1331.254
1300.144 1299.805 1299.467 1299.253 1299.191 1299.129 1299.068 1299.006 1299.0 1299.0 1299.0 1299.0 1299.084 1299.327 1299.57 1299.812 1300.055 1300.685 1301.414 1302.142 1302.871 1303.625 1304.458 1305.291 1306.124 1306.957 1307.739 1308.498 1309.258 1310.017 1310.793 1311.664 1312.535 1313.406 1314.277 1315.077 1315.83 1316.582 1317.334 1318.083 1318.781 1319.479 1320.177 1320.875 1321.627 1322.433 1323.239 1324.045 1324.851 1325.588 1326.321 1327.053 1327.786 1328.423 1328.913 1329.403 1329.893 1330.383 1330.649 1330.872 1331.096 1331.319 1331.626 1332.139
1299.743 1299.523 1299.303 1299.164 1299.124 1299.084 1299.044 1299.004 1299.0 1299.0 1299.0 1299.0 1299.064 1299.247 1299.43 1299.613 1299.796 1300.436 1301.192 1301.948 1302.703 1303.482 1304.331 1305.18 1306.029 1306.878 1307.676 1308.452 1309.228 1310.003 1310.786 1311.608 1312.431 1313.253 1314.076 1314.898 1315.72 1316.542 1317.365 1318.183 1318.919 1319.655 1320.391 1321.127 1321.948 1322.857 1323.766 1324.674 1325.583 1326.326 1327.058 1327.791 1328.523 1329.184 1329.734 1330.283 1330.832 1331.381 1331.634 1331.831 1332.027 1332.224 1332.512 1333.024
1299.341 1299.24 1299.139 1299.075 1299.057 1299.039 1299.02 1299.002 1299.0 1299.0 1299.0 1299.0 1299.043 1299.167 1299.291 1299.414 1299.538 1300.187 1300.97 1301.753 1302.535 1303.338 1304.204 1305.069 1305.934 1306.799 1307.614 1308.406 1309.198 1309.99 1310.779 1311.553 1312.326 1313.1 1313.874 1314.718 1315.611 1316.503 1317.396 1318.283 1319.057 1319.831 1320.604 1321.378 1322.269 1323.28 1324.292 1325.303 1326.315 1327.064 1327.796 1328.529 1329.261 1329.945 1330.554 1331.163 1331.772 1332.38 1332.62 1332.789 1332.959 1333.128 1333.397 1333.91
1299.0 1299.0 1299.0 1299.0 1299.0 1299.0 1299.0 1299.0 1299.0 1299.0 1299.0 1299.0 1299.026 1299.099 1299.172 1299.245 1299.318 1299.966 1300.759 1301.553 1302.346 1303.158 1304.028 1304.897 1305.766 1306.635 1307.462 1308.271 1309.08 1309.89 1310.688 1311.427 1312.166 1312.905 1313.644 1314.512 1315.468 1316.423 1317.378 1318.328 1319.145 1319.962 1320.78 1321.597 1322.555 1323.659 1324.762 1325.866 1326.969 1327.733 1328.475 1329.217 1329.959 1330.671 1331.334 1331.998 1332.661 1333.324 1333.566 1333.728 1333.89 1334.052 1334.314 1334.822
1299.0 1299.0 1299.0 1299.0 1299.0 1299.0 1299.0 1299.0 1299.0 1299.0 1299.0 1299.0 1299.026 1299.099 1299.172 1299.245 1299.318 1299.901 1300.614 1301.326 1302.038 1302.774 1303.578 1304.382 1305.187 1305.991 1306.813 1307.644 1308.475 1309.305 1310.129 1310.911 1311.693 1312.476 1313.258 1314.156 1315.133 1316.11 1317.087 1318.061 1318.953 1319.846 1320.739 1321.632 1322.645 1323.781 1324.917 1326.053 1327.189 1328.015 1328.822 1329.629 1330.436 1331.198 1331.888 1332.579 1333.269 1333.959 1334.292 1334.557 1334.821 1335.086 1335.412 1335.887
1299.0 1299.0 1299.0 1299.0 1299.0 1299.0 1299.0 1299.0 1299.0 1299.0 1299.0 1299.0 1299.026 1299.099 1299.172 1299.245 1299.318 1299.837 1300.468 1301.099 1301.731 1302.389 1303.128 1303.868 1304.607 1305.347 1306.164 1307.017 1307.869 1308.721 1309.57 1310.395 1311.221 1312.046 1312.871 1313.8 1314.799 1315.797 1316.796 1317.793 1318.762 1319.73 1320.699 1321.668 1322.735 1323.903 1325.072 1326.24 1327.408 1328.297 1329.169 1330.042 1330.913 1331.725 1332.442 1333.16 1333.877 1334.594 1335.018 1335.385 1335.752 1336.12 1336.509 1336.952
1299.0 1299.0 1299.0 1299.0 1299.0 1299.0 1299.0 1299.0 1299.0 1299.0 1299.0 1299.0 1299.026 1299.099 1299.172 1299.245 1299.318 1299.772 1300.322 1300.873 1301.423 1302.004 1302.678 1303.353 1304.028 1304.702 1305.516 1306.389 1307.263 1308.137 1309.01 1309.879 1310.748 1311.616 1312.485 1313.444 1314.464 1315.484 1316.505 1317.526 1318.57 1319.615 1320.659 1321.703 1322.824 1324.025 1325.226 1326.427 1327.628 1328.58 1329.517 1330.454 1331.39 1332.252 1332.996 1333.741 1334.485 1335.23 1335.743 1336.213 1336.683 1337.153 1337.606 1338.017
1299.0 1299.0 1299.0 1299.0 1299.0 1299.0 1299.0 1299.0 1299.0 1299.0 1299.0 1299.0 1299.026 1299.099 1299.172 1299.245 1299.318 1299.707 1300.177 1300.646 1301.115 1301.619 1302.229 1302.839 1303.448 1304.058 1304.867 1305.762 1306.658 1307.553 1308.451 1309.363 1310.275 1311.187 1312.099 1313.088 1314.13 1315.172 1316.214 1317.259 1318.379 1319.499 1320.619 1321.738 1322.914 1324.147 1325.381 1326.614 1327.847 1328.862 1329.864 1330.866 1331.867 1332.779 1333.55 1334.322 1335.093 1335.865 1336.469 1337.042 1337.615 1338.187 1338.703 1339.082
