data/zism_data/00621_04_D.txt
ncols         224
nrows         224
[rows 112 to 139 of 224, columns 126 to 188 of 224]
1501.889 1501.742 1501.595 1501.448 1501.333 1501.255 1501.178 1501.101 1501.024 1500.862 1500.691 1500.521 1500.351 1500.224 1500.171 1500.117 1500.063 1500.009 1499.863 1499.7 1499.538 1499.375 1499.269 1499.292 1499.315 1499.339 1499.362 1499.367 1499.367 1499.367 1499.367 1499.351 1499.281 1499.212 1499.142 1499.072 1499.051 1499.051 1499.051 1499.051 1499.027 1498.876 1498.725 1498.575 1498.424 1498.28 1498.141 1498.001 1497.862 1497.722 1497.579 1497.436 1497.292 1497.149 1496.959 1496.731 1496.504 1496.276 1496.045 1495.662 1495.279 1494.896 1494.513
1502.036 1501.889 1501.742 1501.595 1501.472 1501.378 1501.285 1501.192 1501.098 1500.94 1500.775 1500.61 1500.445 1500.314 1500.239 1500.163 1500.088 1500.012 1499.895 1499.77 1499.645 1499.52 1499.438 1499.456 1499.474 1499.492 1499.51 1499.514 1499.514 1499.514 1499.514 1499.501 1499.448 1499.394 1499.341 1499.287 1499.271 1499.271 1499.271 1499.271 1499.244 1499.077 1498.91 1498.744 1498.577 1498.447 1498.34 1498.233 1498.125 1498.017 1497.89 1497.762 1497.635 1497.508 1497.308 1497.048 1496.787 1496.527 1496.266 1495.92 1495.575 1495.229 1494.884
1502.182 1502.035 1501.888 1501.741 1501.611 1501.502 1501.392 1501.282 1501.173 1501.018 1500.858 1500.699 1500.54 1500.404 1500.307 1500.209 1500.113 1500.016 1499.927 1499.839 1499.752 1499.664 1499.607 1499.62 1499.632 1499.645 1499.657 1499.66 1499.66 1499.66 1499.66 1499.652 1499.614 1499.577 1499.539 1499.502 1499.49 1499.49 1499.49 1499.49 1499.461 1499.278 1499.095 1498.912 1498.729 1498.614 1498.539 1498.464 1498.389 1498.311 1498.2 1498.089 1497.978 1497.867 1497.656 1497.364 1497.071 1496.779 1496.486 1496.178 1495.87 1495.563 1495.255
1502.329 1502.182 1502.035 1501.888 1501.75 1501.625 1501.499 1501.373 1501.248 1501.096 1500.942 1500.788 1500.634 1500.493 1500.375 1500.256 1500.137 1500.019 1499.958 1499.909 1499.859 1499.809 1499.777 1499.784 1499.791 1499.798 1499.805 1499.807 1499.807 1499.807 1499.807 1499.802 1499.781 1499.759 1499.738 1499.717 1499.71 1499.71 1499.71 1499.71 1499.678 1499.479 1499.28 1499.081 1498.882 1498.78 1498.738 1498.695 1498.652 1498.605 1498.511 1498.416 1498.321 1498.226 1498.005 1497.68 1497.355 1497.03 1496.706 1496.436 1496.166 1495.896 1495.626
1502.475 1502.328 1502.181 1502.034 1501.89 1501.748 1501.606 1501.464 1501.322 1501.174 1501.026 1500.877 1500.728 1500.583 1500.443 1500.302 1500.162 1500.022 1499.99 1499.978 1499.966 1499.954 1499.946 1499.948 1499.949 1499.951 1499.953 1499.953 1499.953 1499.953 1499.953 1499.952 1499.947 1499.942 1499.937 1499.932 1499.93 1499.93 1499.93 1499.93 1499.896 1499.68 1499.465 1499.25 1499.034 1498.947 1498.937 1498.926 1498.916 1498.9 1498.821 1498.742 1498.664 1498.585 1498.353 1497.996 1497.639 1497.282 1496.927 1496.694 1496.462 1496.229 1495.997
1502.561 1502.403 1502.245 1502.087 1501.941 1501.808 1501.676 1501.544 1501.411 1501.259 1501.105 1500.95 1500.796 1500.642 1500.487 1500.333 1500.179 1500.025 1500.0 1500.0 1500.0 1500.0 1500.0 1500.0 1500.0 1500.0 1500.0 1500.0 1500.0 1500.0 1500.0 1500.0 1500.0 1500.0 1500.0 1500.0 1500.0 1500.0 1500.0 1500.0 1499.97 1499.783 1499.595 1499.408 1499.22 1499.145 1499.138 1499.13 1499.123 1499.11 1499.036 1498.963 1498.89 1498.816 1498.597 1498.259 1497.921 1497.583 1497.246 1497.004 1496.761 1496.519 1496.276
1502.618 1502.444 1502.27 1502.096 1501.95 1501.839 1501.729 1501.618 1501.507 1501.347 1501.182 1501.017 1500.852 1500.687 1500.521 1500.356 1500.191 1500.026 1500.0 1500.0 1500.0 1500.0 1500.0 1500.0 1500.0 1500.0 1500.0 1500.0 1500.0 1500.0 1500.0 1500.0 1500.0 1500.0 1500.0 1500.0 1500.0 1500.0 1500.0 1500.0 1499.978 1499.839 1499.7 1499.561 1499.422 1499.358 1499.34 1499.322 1499.304 1499.281 1499.208 1499.134 1499.061 1498.987 1498.792 1498.496 1498.202 1497.906 1497.612 1497.337 1497.062 1496.787 1496.513
1502.676 1502.485 1502.295 1502.105 1501.96 1501.871 1501.781 1501.692 1501.603 1501.435 1501.259 1501.083 1500.907 1500.731 1500.556 1500.38 1500.204 1500.028 1500.0 1500.0 1500.0 1500.0 1500.0 1500.0 1500.0 1500.0 1500.0 1500.0 1500.0 1500.0 1500.0 1500.0 1500.0 1500.0 1500.0 1500.0 1500.0 1500.0 1500.0 1500.0 1499.986 1499.895 1499.804 1499.714 1499.623 1499.571 1499.542 1499.513 1499.485 1499.452 1499.378 1499.305 1499.231 1499.158 1498.986 1498.734 1498.482 1498.23 1497.978 1497.671 1497.363 1497.056 1496.749
1502.733 1502.526 1502.32 1502.114 1501.97 1501.902 1501.834 1501.766 1501.699 1501.523 1501.336 1501.149 1500.963 1500.776 1500.589 1500.403 1500.216 1500.03 1500.0 1500.0 1500.0 1500.0 1500.0 1500.0 1500.0 1500.0 1500.0 1500.0 1500.0 1500.0 1500.0 1500.0 1500.0 1500.0 1500.0 1500.0 1500.0 1500.0 1500.0 1500.0 1499.993 1499.951 1499.909 1499.867 1499.825 1499.784 1499.745 1499.705 1499.665 1499.623 1499.549 1499.476 1499.402 1499.329 1499.181 1498.972 1498.763 1498.554 1498.343 1498.004 1497.665 1497.325 1496.986
1502.794 1502.578 1502.363 1502.147 1502.004 1501.951 1501.897 1501.843 1501.789 1501.606 1501.411 1501.215 1501.02 1500.826 1500.635 1500.443 1500.251 1500.059 1500.029 1500.029 1500.029 1500.029 1500.028 1500.027 1500.025 1500.024 1500.023 1500.02 1500.017 1500.015 1500.012 1500.009 1500.007 1500.005 1500.003 1500.001 1500.0 1500.0 1500.0 1500.0 1500.0 1500.0 1500.0 1500.0 1500.0 1499.97 1499.923 1499.875 1499.828 1499.778 1499.704 1499.631 1499.557 1499.484 1499.357 1499.186 1499.015 1498.845 1498.671 1498.304 1497.936 1497.569 1497.201
1502.88 1502.702 1502.524 1502.346 1502.207 1502.116 1502.024 1501.932 1501.841 1501.66 1501.47 1501.28 1501.09 1500.912 1500.752 1500.593 1500.433 1500.274 1500.248 1500.248 1500.248 1500.248 1500.245 1500.233 1500.22 1500.208 1500.196 1500.174 1500.15 1500.126 1500.101 1500.078 1500.06 1500.042 1500.024 1500.005 1500.0 1500.0 1500.0 1500.0 1500.0 1500.0 1500.0 1500.0 1500.0 1499.977 1499.94 1499.903 1499.867 1499.827 1499.753 1499.68 1499.606 1499.533 1499.409 1499.243 1499.078 1498.912 1498.744 1498.377 1498.009 1497.642 1497.275
1502.966 1502.826 1502.686 1502.545 1502.41 1502.281 1502.152 1502.022 1501.893 1501.713 1501.529 1501.344 1501.16 1500.997 1500.87 1500.743 1500.616 1500.488 1500.468 1500.468 1500.468 1500.468 1500.461 1500.438 1500.415 1500.392 1500.369 1500.329 1500.283 1500.237 1500.191 1500.148 1500.114 1500.079 1500.045 1500.01 1500.0 1500.0 1500.0 1500.0 1500.0 1500.0 1500.0 1500.0 1500.0 1499.984 1499.958 1499.932 1499.906 1499.875 1499.802 1499.729 1499.655 1499.582 1499.46 1499.3 1499.14 1498.98 1498.817 1498.45 1498.083 1497.715 1497.348
1503.052 1502.949 1502.847 1502.744 1502.613 1502.446 1502.279 1502.112 1501.945 1501.767 1501.588 1501.409 1501.23 1501.082 1500.988 1500.893 1500.798 1500.703 1500.688 1500.688 1500.688 1500.688 1500.678 1500.644 1500.61 1500.577 1500.543 1500.483 1500.416 1500.348 1500.281 1500.218 1500.167 1500.116 1500.066 1500.015 1500.0 1500.0 1500.0 1500.0 1500.0 1500.0 1500.0 1500.0 1500.0 1499.99 1499.975 1499.96 1499.945 1499.924 1499.851 1499.777 1499.704 1499.63 1499.512 1499.358 1499.203 1499.048 1498.891 1498.523 1498.156 1497.788 1497.421
1503.138 1503.073 1503.008 1502.943 1502.816 1502.611 1502.406 1502.202 1501.997 1501.821 1501.647 1501.473 1501.3 1501.168 1501.105 1501.043 1500.98 1500.918 1500.908 1500.908 1500.908 1500.908 1500.894 1500.85 1500.805 1500.761 1500.716 1500.638 1500.549 1500.46 1500.371 1500.287 1500.22 1500.154 1500.087 1500.02 1500.0 1500.0 1500.0 1500.0 1500.0 1500.0 1500.0 1500.0 1500.0 1499.997 1499.993 1499.988 1499.984 1499.973 1499.9 1499.826 1499.753 1499.679 1499.564 1499.415 1499.266 1499.116 1498.964 1498.596 1498.229 1497.862 1497.494
1503.251 1503.181 1503.11 1503.039 1502.905 1502.694 1502.483 1502.272 1502.061 1501.897 1501.738 1501.579 1501.42 1501.305 1501.262 1501.22 1501.177 1501.134 1501.104 1501.076 1501.048 1501.02 1500.987 1500.944 1500.901 1500.859 1500.816 1500.74 1500.655 1500.569 1500.484 1500.399 1500.316 1500.233 1500.151 1500.068 1500.036 1500.027 1500.017 1500.008 1500.0 1500.0 1500.0 1500.0 1500.0 1500.0 1500.0 1500.0 1500.0 1499.992 1499.9 1499.808 1499.715 1499.623 1499.496 1499.339 1499.183 1499.027 1498.867 1498.5 1498.132 1497.765 1497.398
1503.385 1503.277 1503.168 1503.06 1502.912 1502.718 1502.523 1502.328 1502.133 1501.99 1501.853 1501.715 1501.578 1501.48 1501.448 1501.416 1501.384 1501.352 1501.283 1501.206 1501.13 1501.053 1500.99 1500.958 1500.926 1500.894 1500.862 1500.806 1500.742 1500.678 1500.614 1500.542 1500.443 1500.344 1500.245 1500.146 1500.098 1500.073 1500.047 1500.021 1500.0 1500.0 1500.0 1500.0 1500.0 1500.0 1500.0 1500.0 1500.0 1499.989 1499.865 1499.74 1499.616 1499.491 1499.34 1499.168 1498.995 1498.823 1498.648 1498.28 1497.913 1497.545 1497.178
1503.519 1503.373 1503.227 1503.08 1502.92 1502.741 1502.562 1502.383 1502.205 1502.083 1501.967 1501.851 1501.735 1501.655 1501.634 1501.613 1501.591 1501.57 1501.462 1501.337 1501.212 1501.087 1500.994 1500.972 1500.951 1500.93 1500.909 1500.871 1500.829 1500.786 1500.744 1500.685 1500.569 1500.454 1500.339 1500.224 1500.16 1500.118 1500.077 1500.035 1500.0 1500.0 1500.0 1500.0 1500.0 1500.0 1500.0 1500.0 1500.0 1499.986 1499.83 1499.673 1499.516 1499.359 1499.185 1498.996 1498.808 1498.619 1498.428 1498.06 1497.693 1497.326 1496.958
1503.653 1503.469 1503.285 1503.101 1502.927 1502.764 1502.602 1502.439 1502.276 1502.176 1502.082 1501.987 1501.893 1501.83 1501.82 1501.809 1501.799 1501.788 1501.641 1501.467 1501.294 1501.121 1500.997 1500.986 1500.976 1500.965 1500.955 1500.937 1500.916 1500.895 1500.874 1500.827 1500.696 1500.565 1500.433 1500.302 1500.222 1500.164 1500.106 1500.049 1500.0 1500.0 1500.0 1500.0 1500.0 1500.0 1500.0 1500.0 1500.0 1499.984 1499.794 1499.605 1499.416 1499.227 1499.029 1498.825 1498.62 1498.415 1498.208 1497.841 1497.473 1497.106 1496.738
1503.784 1503.564 1503.345 1503.125 1502.938 1502.791 1502.644 1502.497 1502.35 1502.27 1502.196 1502.123 1502.049 1502.003 1502.002 1502.001 1502.001 1502.0 1501.816 1501.596 1501.377 1501.158 1501.005 1501.004 1501.002 1501.001 1501.0 1501.0 1501.0 1501.0 1501.0 1500.966 1500.819 1500.672 1500.525 1500.378 1500.282 1500.209 1500.135 1500.062 1500.0 1500.0 1500.0 1500.0 1500.0 1499.999 1499.998 1499.997 1499.995 1499.975 1499.756 1499.536 1499.316 1499.097 1498.876 1498.655 1498.434 1498.214 1497.99 1497.624 1497.257 1496.891 1496.525
1503.816 1503.628 1503.441 1503.254 1503.085 1502.938 1502.791 1502.644 1502.497 1502.407 1502.322 1502.238 1502.153 1502.092 1502.07 1502.048 1502.026 1502.004 1501.847 1501.666 1501.484 1501.302 1501.164 1501.125 1501.087 1501.048 1501.009 1501.0 1501.0 1501.0 1501.0 1500.966 1500.819 1500.672 1500.525 1500.378 1500.282 1500.209 1500.135 1500.062 1500.0 1500.0 1500.0 1500.0 1500.0 1499.972 1499.928 1499.884 1499.839 1499.782 1499.589 1499.397 1499.204 1499.011 1498.794 1498.557 1498.32 1498.083 1497.844 1497.51 1497.176 1496.842 1496.508
1503.847 1503.692 1503.537 1503.383 1503.231 1503.084 1502.937 1502.79 1502.643 1502.544 1502.448 1502.353 1502.258 1502.182 1502.138 1502.094 1502.051 1502.007 1501.879 1501.735 1501.591 1501.447 1501.323 1501.247 1501.171 1501.094 1501.018 1501.0 1501.0 1501.0 1501.0 1500.966 1500.819 1500.672 1500.525 1500.378 1500.282 1500.209 1500.135 1500.062 1500.0 1500.0 1500.0 1500.0 1500.0 1499.946 1499.858 1499.771 1499.683 1499.589 1499.423 1499.258 1499.092 1498.926 1498.712 1498.459 1498.205 1497.952 1497.698 1497.396 1497.095 1496.793 1496.491
1503.879 1503.757 1503.634 1503.511 1503.378 1503.231 1503.084 1502.937 1502.79 1502.68 1502.574 1502.468 1502.362 1502.271 1502.206 1502.141 1502.076 1502.01 1501.911 1501.804 1501.698 1501.592 1501.483 1501.369 1501.255 1501.141 1501.026 1501.0 1501.0 1501.0 1501.0 1500.966 1500.819 1500.672 1500.525 1500.378 1500.282 1500.209 1500.135 1500.062 1500.0 1500.0 1500.0 1500.0 1500.0 1499.919 1499.788 1499.658 1499.527 1499.396 1499.257 1499.118 1498.979 1498.841 1498.63 1498.36 1498.091 1497.822 1497.552 1497.283 1497.013 1496.744 1496.474
1503.911 1503.821 1503.73 1503.64 1503.524 1503.377 1503.23 1503.083 1502.936 1502.817 1502.7 1502.583 1502.466 1502.361 1502.274 1502.187 1502.101 1502.014 1501.942 1501.874 1501.805 1501.736 1501.642 1501.491 1501.339 1501.187 1501.035 1501.0 1501.0 1501.0 1501.0 1500.966 1500.819 1500.672 1500.525 1500.378 1500.282 1500.209 1500.135 1500.062 1500.0 1500.0 1500.0 1500.0 1500.0 1499.892 1499.718 1499.545 1499.371 1499.203 1499.091 1498.979 1498.867 1498.755 1498.548 1498.262 1497.977 1497.691 1497.406 1497.169 1496.932 1496.694 1496.457
1503.953 1503.883 1503.812 1503.741 1503.632 1503.478 1503.323 1503.168 1503.013 1502.895 1502.781 1502.666 1502.551 1502.44 1502.334 1502.228 1502.123 1502.017 1501.963 1501.919 1501.875 1501.832 1501.747 1501.571 1501.394 1501.218 1501.041 1501.0 1501.0 1501.0 1501.0 1500.966 1500.819 1500.672 1500.525 1500.378 1500.282 1500.209 1500.135 1500.062 1499.996 1499.973 1499.95 1499.927 1499.904 1499.782 1499.602 1499.421 1499.241 1499.067 1498.958 1498.85 1498.742 1498.634 1498.429 1498.145 1497.861 1497.578 1497.295 1497.075 1496.854 1496.634 1496.413
1504.008 1503.942 1503.877 1503.811 1503.698 1503.527 1503.357 1503.186 1503.015 1502.91 1502.811 1502.713 1502.614 1502.507 1502.385 1502.263 1502.141 1502.019 1501.972 1501.939 1501.906 1501.873 1501.793 1501.606 1501.418 1501.231 1501.043 1501.0 1501.0 1501.0 1501.0 1500.966 1500.819 1500.672 1500.525 1500.378 1500.282 1500.209 1500.135 1500.062 1499.989 1499.917 1499.845 1499.774 1499.702 1499.583 1499.435 1499.286 1499.138 1498.992 1498.862 1498.732 1498.602 1498.472 1498.27 1498.008 1497.745 1497.483 1497.222 1497.001 1496.781 1496.561 1496.34
1504.062 1504.002 1503.942 1503.881 1503.764 1503.577 1503.39 1503.203 1503.016 1502.925 1502.842 1502.76 1502.677 1502.574 1502.436 1502.298 1502.16 1502.022 1501.981 1501.959 1501.937 1501.914 1501.839 1501.64 1501.442 1501.244 1501.046 1501.0 1501.0 1501.0 1501.0 1500.966 1500.819 1500.672 1500.525 1500.378 1500.282 1500.209 1500.135 1500.062 1499.981 1499.861 1499.741 1499.621 1499.501 1499.383 1499.267 1499.151 1499.035 1498.916 1498.765 1498.614 1498.462 1498.311 1498.111 1497.87 1497.629 1497.389 1497.149 1496.928 1496.708 1496.487 1496.267
1504.116 1504.061 1504.006 1503.952 1503.83 1503.627 1503.424 1503.221 1503.018 1502.939 1502.873 1502.807 1502.74 1502.641 1502.487 1502.333 1502.179 1502.025 1501.99 1501.979 1501.967 1501.956 1501.884 1501.675 1501.466 1501.257 1501.048 1501.0 1501.0 1501.0 1501.0 1500.966 1500.819 1500.672 1500.525 1500.378 1500.282 1500.209 1500.135 1500.062 1499.973 1499.805 1499.636 1499.468 1499.299 1499.184 1499.1 1499.016 1498.933 1498.841 1498.668 1498.496 1498.323 1498.15 1497.952 1497.733 1497.513 1497.294 1497.075 1496.855 1496.634 1496.414 1496.194
1504.17 1504.121 1504.071 1504.022 1503.896 1503.677 1503.458 1503.238 1503.019 1502.954 1502.904 1502.854 1502.804 1502.708 1502.538 1502.368 1502.197 1502.027 1501.999 1501.999 1501.998 1501.997 1501.93 1501.71 1501.49 1501.271 1501.051 1501.0 1501.0 1501.0 1501.0 1500.966 1500.819 1500.672 1500.525 1500.378 1500.282 1500.209 1500.135 1500.062 1499.965 1499.749 1499.531 1499.315 1499.098 1498.984 1498.933 1498.881 1498.83 1498.766 1498.572 1498.377 1498.183 1497.989 1497.792 1497.595 1497.397 1497.2 1497.002 1496.782 1496.561 1496.341 1496.12
