data/zism_data/00620_02_D.txt
ncols         224
nrows         224
[rows 28 to 55 of 224, columns 126 to 188 of 224]
1197.854 1197.536 1197.218 1196.9 1196.664 1196.53 1196.395 1196.26 1196.126 1195.98 1195.833 1195.686 1195.539 1195.632 1196.122 1196.611 1197.101 1197.591 1197.998 1198.39 1198.781 1199.173 1199.482 1199.605 1199.727 1199.849 1199.972 1199.987 1199.971 1199.954 1199.938 1199.921 1199.9 1199.88 1199.859 1199.839 1199.645 1199.375 1199.105 1198.835 1198.414 1197.194 1195.973 1194.753 1193.532 1191.953 1190.157 1188.361 1186.565 1184.735 1182.547 1180.359 1178.171 1175.983 1174.046 1172.315 1170.583 1168.851 1167.123 1165.587 1164.052 1162.516 1160.981
1198.136 1197.883 1197.629 1197.375 1197.182 1197.064 1196.945 1196.826 1196.708 1196.563 1196.416 1196.269 1196.123 1196.203 1196.661 1197.118 1197.576 1198.034 1198.382 1198.709 1199.036 1199.363 1199.619 1199.709 1199.799 1199.889 1199.979 1199.971 1199.933 1199.895 1199.857 1199.817 1199.77 1199.723 1199.675 1199.628 1199.381 1199.047 1198.713 1198.379 1197.909 1196.726 1195.544 1194.361 1193.178 1191.646 1189.904 1188.161 1186.419 1184.64 1182.473 1180.307 1178.14 1175.973 1173.964 1172.082 1170.2 1168.318 1166.44 1164.819 1163.198 1161.577 1159.956
1198.419 1198.229 1198.04 1197.85 1197.7 1197.598 1197.495 1197.393 1197.29 1197.147 1197.0 1196.853 1196.706 1196.775 1197.2 1197.626 1198.051 1198.476 1198.765 1199.028 1199.291 1199.554 1199.755 1199.813 1199.871 1199.929 1199.987 1199.954 1199.895 1199.836 1199.776 1199.714 1199.64 1199.565 1199.491 1199.417 1199.117 1198.719 1198.321 1197.922 1197.405 1196.259 1195.114 1193.969 1192.823 1191.339 1189.65 1187.962 1186.273 1184.544 1182.399 1180.254 1178.109 1175.964 1173.881 1171.849 1169.817 1167.786 1165.758 1164.051 1162.344 1160.638 1158.931
1198.701 1198.576 1198.451 1198.326 1198.218 1198.131 1198.045 1197.959 1197.872 1197.731 1197.584 1197.437 1197.29 1197.346 1197.74 1198.133 1198.526 1198.919 1199.149 1199.348 1199.546 1199.745 1199.891 1199.917 1199.942 1199.968 1199.994 1199.938 1199.857 1199.776 1199.696 1199.61 1199.509 1199.408 1199.307 1199.206 1198.854 1198.391 1197.928 1197.466 1196.9 1195.792 1194.684 1193.576 1192.469 1191.032 1189.397 1187.762 1186.127 1184.449 1182.325 1180.202 1178.078 1175.954 1173.798 1171.616 1169.434 1167.253 1165.076 1163.284 1161.491 1159.698 1157.906
1199.089 1199.019 1198.948 1198.878 1198.807 1198.736 1198.664 1198.593 1198.522 1198.371 1198.212 1198.054 1197.895 1197.927 1198.276 1198.624 1198.973 1199.321 1199.494 1199.633 1199.773 1199.912 1200.009 1200.007 1200.005 1200.003 1200.0 1199.914 1199.802 1199.691 1199.579 1199.461 1199.323 1199.185 1199.046 1198.908 1198.498 1197.969 1197.439 1196.91 1196.293 1195.215 1194.136 1193.057 1191.978 1190.585 1189.001 1187.417 1185.834 1184.206 1182.121 1180.036 1177.95 1175.865 1173.666 1171.374 1169.082 1166.79 1164.504 1162.631 1160.758 1158.885 1157.012
1199.907 1199.853 1199.799 1199.745 1199.687 1199.627 1199.566 1199.505 1199.445 1199.241 1199.023 1198.806 1198.588 1198.548 1198.799 1199.051 1199.303 1199.555 1199.681 1199.783 1199.885 1199.987 1200.054 1200.042 1200.029 1200.016 1200.003 1199.861 1199.679 1199.498 1199.316 1199.126 1198.908 1198.689 1198.47 1198.252 1197.765 1197.16 1196.556 1195.952 1195.271 1194.187 1193.103 1192.019 1190.935 1189.566 1188.025 1186.484 1184.944 1183.365 1181.387 1179.408 1177.43 1175.452 1173.331 1171.092 1168.854 1166.616 1164.382 1162.45 1160.518 1158.586 1156.653
1200.725 1200.687 1200.649 1200.611 1200.568 1200.518 1200.468 1200.418 1200.368 1200.111 1199.834 1199.558 1199.281 1199.168 1199.323 1199.479 1199.634 1199.789 1199.868 1199.933 1199.997 1200.062 1200.1 1200.076 1200.053 1200.029 1200.005 1199.807 1199.556 1199.305 1199.054 1198.792 1198.493 1198.193 1197.894 1197.595 1197.032 1196.352 1195.673 1194.994 1194.249 1193.16 1192.07 1190.98 1189.891 1188.547 1187.049 1185.551 1184.053 1182.523 1180.652 1178.781 1176.91 1175.039 1172.995 1170.811 1168.626 1166.441 1164.26 1162.268 1160.277 1158.286 1156.295
1201.544 1201.522 1201.5 1201.477 1201.448 1201.409 1201.369 1201.33 1201.291 1200.981 1200.646 1200.31 1199.975 1199.788 1199.847 1199.906 1199.965 1200.024 1200.056 1200.083 1200.11 1200.137 1200.145 1200.111 1200.077 1200.042 1200.008 1199.754 1199.433 1199.112 1198.791 1198.457 1198.077 1197.698 1197.318 1196.939 1196.298 1195.544 1194.79 1194.036 1193.227 1192.132 1191.037 1189.942 1188.847 1187.528 1186.073 1184.618 1183.163 1181.681 1179.917 1178.154 1176.39 1174.626 1172.66 1170.529 1168.398 1166.267 1164.137 1162.087 1160.037 1157.987 1155.937
1202.362 1202.356 1202.35 1202.344 1202.328 1202.299 1202.271 1202.243 1202.214 1201.851 1201.457 1201.063 1200.668 1200.408 1200.37 1200.333 1200.295 1200.258 1200.243 1200.232 1200.222 1200.211 1200.19 1200.145 1200.1 1200.055 1200.01 1199.7 1199.31 1198.919 1198.529 1198.122 1197.662 1197.202 1196.742 1196.282 1195.565 1194.736 1193.907 1193.077 1192.205 1191.104 1190.004 1188.904 1187.804 1186.509 1185.097 1183.685 1182.273 1180.839 1179.183 1177.526 1175.87 1174.213 1172.325 1170.248 1168.17 1166.093 1164.015 1161.906 1159.797 1157.688 1155.578
1203.821 1203.831 1203.842 1203.852 1203.802 1203.68 1203.558 1203.436 1203.314 1202.865 1202.385 1201.904 1201.424 1201.082 1200.968 1200.854 1200.74 1200.626 1200.548 1200.476 1200.405 1200.333 1200.255 1200.162 1200.07 1199.977 1199.884 1199.532 1199.103 1198.673 1198.243 1197.784 1197.23 1196.677 1196.123 1195.569 1194.795 1193.924 1193.053 1192.182 1191.272 1190.149 1189.027 1187.904 1186.782 1185.501 1184.125 1182.75 1181.374 1179.981 1178.415 1176.849 1175.283 1173.716 1171.913 1169.916 1167.919 1165.922 1163.924 1161.833 1159.743 1157.652 1155.562
1205.661 1205.687 1205.713 1205.74 1205.629 1205.352 1205.074 1204.797 1204.519 1203.964 1203.381 1202.799 1202.217 1201.787 1201.609 1201.431 1201.252 1201.074 1200.922 1200.776 1200.629 1200.483 1200.331 1200.169 1200.006 1199.844 1199.681 1199.297 1198.846 1198.395 1197.943 1197.444 1196.789 1196.133 1195.478 1194.822 1194.002 1193.109 1192.217 1191.325 1190.391 1189.236 1188.082 1186.927 1185.773 1184.5 1183.156 1181.813 1180.469 1179.113 1177.627 1176.141 1174.655 1173.17 1171.456 1169.555 1167.655 1165.754 1163.852 1161.826 1159.799 1157.773 1155.747
1207.501 1207.543 1207.585 1207.627 1207.456 1207.023 1206.59 1206.157 1205.724 1205.062 1204.378 1203.694 1203.01 1202.492 1202.25 1202.007 1201.765 1201.522 1201.297 1201.075 1200.854 1200.632 1200.407 1200.175 1199.943 1199.711 1199.479 1199.062 1198.589 1198.116 1197.644 1197.105 1196.347 1195.59 1194.832 1194.075 1193.209 1192.295 1191.381 1190.468 1189.51 1188.324 1187.137 1185.95 1184.763 1183.499 1182.187 1180.876 1179.564 1178.244 1176.839 1175.434 1174.028 1172.623 1170.998 1169.194 1167.39 1165.586 1163.78 1161.818 1159.856 1157.894 1155.932
1209.34 1209.399 1209.457 1209.515 1209.283 1208.695 1208.106 1207.518 1206.929 1206.161 1205.375 1204.589 1203.803 1203.198 1202.891 1202.584 1202.277 1201.97 1201.672 1201.375 1201.078 1200.781 1200.483 1200.181 1199.88 1199.578 1199.276 1198.826 1198.332 1197.838 1197.344 1196.765 1195.906 1195.046 1194.187 1193.328 1192.416 1191.48 1190.545 1189.61 1188.63 1187.411 1186.192 1184.973 1183.754 1182.498 1181.218 1179.939 1178.659 1177.376 1176.051 1174.726 1173.401 1172.076 1170.541 1168.833 1167.125 1165.418 1163.708 1161.81 1159.913 1158.015 1156.117
1211.174 1211.242 1211.311 1211.379 1211.085 1210.345 1209.605 1208.865 1208.125 1207.25 1206.363 1205.475 1204.587 1203.893 1203.517 1203.142 1202.767 1202.392 1202.021 1201.652 1201.283 1200.914 1200.546 1200.183 1199.819 1199.456 1199.093 1198.613 1198.099 1197.585 1197.07 1196.453 1195.497 1194.541 1193.585 1192.629 1191.671 1190.711 1189.752 1188.793 1187.788 1186.539 1185.29 1184.04 1182.791 1181.54 1180.288 1179.036 1177.784 1176.533 1175.283 1174.034 1172.785 1171.536 1170.087 1168.475 1166.863 1165.251 1163.636 1161.8 1159.964 1158.128 1156.293
1212.913 1212.896 1212.879 1212.861 1212.481 1211.655 1210.83 1210.004 1209.178 1208.203 1207.214 1206.224 1205.234 1204.426 1203.917 1203.407 1202.898 1202.389 1201.97 1201.569 1201.167 1200.766 1200.397 1200.104 1199.81 1199.516 1199.223 1198.759 1198.245 1197.731 1197.216 1196.596 1195.623 1194.651 1193.679 1192.707 1191.699 1190.675 1189.652 1188.629 1187.569 1186.32 1185.071 1183.822 1182.572 1181.291 1179.991 1178.691 1177.391 1176.095 1174.846 1173.596 1172.347 1171.098 1169.693 1168.162 1166.63 1165.099 1163.563 1161.749 1159.934 1158.12 1156.306
1214.652 1214.549 1214.446 1214.343 1213.877 1212.966 1212.054 1211.143 1210.232 1209.156 1208.064 1206.973 1205.881 1204.959 1204.316 1203.672 1203.029 1202.386 1201.919 1201.485 1201.052 1200.618 1200.248 1200.024 1199.8 1199.576 1199.352 1198.905 1198.391 1197.876 1197.362 1196.738 1195.749 1194.761 1193.773 1192.784 1191.727 1190.639 1189.552 1188.464 1187.35 1186.101 1184.852 1183.603 1182.354 1181.042 1179.694 1178.345 1176.997 1175.657 1174.408 1173.159 1171.91 1170.66 1169.3 1167.849 1166.398 1164.947 1163.49 1161.698 1159.905 1158.112 1156.319
1216.392 1216.203 1216.014 1215.825 1215.273 1214.276 1213.279 1212.282 1211.285 1210.108 1208.915 1207.722 1206.529 1205.492 1204.715 1203.937 1203.16 1202.383 1201.867 1201.402 1200.936 1200.47 1200.099 1199.945 1199.791 1199.636 1199.482 1199.051 1198.537 1198.022 1197.508 1196.88 1195.875 1194.871 1193.867 1192.862 1191.755 1190.603 1189.451 1188.299 1187.132 1185.882 1184.633 1183.384 1182.135 1180.793 1179.397 1178.0 1176.603 1175.219 1173.97 1172.721 1171.472 1170.223 1168.906 1167.536 1166.165 1164.794 1163.418 1161.646 1159.875 1158.103 1156.332
1218.131 1217.856 1217.582 1217.307 1216.669 1215.586 1214.504 1213.421 1212.338 1211.061 1209.766 1208.471 1207.176 1206.025 1205.114 1204.203 1203.291 1202.38 1201.816 1201.318 1200.82 1200.322 1199.95 1199.866 1199.781 1199.696 1199.612 1199.197 1198.683 1198.168 1197.654 1197.022 1196.002 1194.981 1193.961 1192.94 1191.783 1190.567 1189.351 1188.134 1186.913 1185.663 1184.414 1183.165 1181.916 1180.545 1179.1 1177.655 1176.21 1174.782 1173.533 1172.283 1171.034 1169.785 1168.513 1167.223 1165.932 1164.642 1163.345 1161.595 1159.845 1158.095 1156.345
1219.748 1219.372 1218.995 1218.619 1217.884 1216.707 1215.531 1214.354 1213.177 1211.792 1210.388 1208.983 1207.578 1206.329 1205.339 1204.349 1203.358 1202.368 1201.833 1201.384 1200.935 1200.487 1200.162 1200.121 1200.08 1200.038 1199.997 1199.575 1199.037 1198.499 1197.961 1197.311 1196.293 1195.275 1194.256 1193.238 1192.047 1190.779 1189.511 1188.244 1186.979 1185.727 1184.475 1183.223 1181.971 1180.595 1179.144 1177.693 1176.242 1174.807 1173.55 1172.293 1171.036 1169.779 1168.509 1167.228 1165.947 1164.667 1163.379 1161.64 1159.901 1158.162 1156.423
1221.236 1220.742 1220.248 1219.754 1218.908 1217.629 1216.351 1215.073 1213.794 1212.293 1210.77 1209.247 1207.724 1206.394 1205.382 1204.371 1203.359 1202.347 1201.921 1201.607 1201.292 1200.977 1200.75 1200.725 1200.7 1200.675 1200.65 1200.194 1199.608 1199.022 1198.435 1197.754 1196.757 1195.76 1194.764 1193.767 1192.555 1191.25 1189.945 1188.64 1187.343 1186.085 1184.828 1183.571 1182.314 1180.959 1179.545 1178.132 1176.718 1175.316 1174.043 1172.77 1171.497 1170.224 1168.911 1167.566 1166.221 1164.876 1163.525 1161.786 1160.047 1158.308 1156.569
1222.725 1222.113 1221.501 1220.889 1219.932 1218.552 1217.171 1215.791 1214.411 1212.793 1211.152 1209.511 1207.871 1206.459 1205.426 1204.393 1203.359 1202.326 1202.01 1201.829 1201.648 1201.467 1201.339 1201.33 1201.321 1201.312 1201.303 1200.813 1200.179 1199.545 1198.91 1198.197 1197.221 1196.246 1195.271 1194.295 1193.064 1191.722 1190.379 1189.036 1187.707 1186.444 1185.182 1183.919 1182.656 1181.323 1179.947 1178.571 1177.194 1175.826 1174.536 1173.247 1171.958 1170.669 1169.313 1167.904 1166.495 1165.085 1163.671 1161.932 1160.193 1158.454 1156.715
1224.214 1223.484 1222.754 1222.024 1220.956 1219.474 1217.992 1216.51 1215.028 1213.293 1211.535 1209.776 1208.017 1206.524 1205.469 1204.415 1203.36 1202.305 1202.098 1202.051 1202.004 1201.958 1201.927 1201.934 1201.941 1201.949 1201.956 1201.433 1200.75 1200.068 1199.385 1198.639 1197.685 1196.731 1195.777 1194.823 1193.573 1192.193 1190.813 1189.433 1188.07 1186.802 1185.535 1184.267 1182.999 1181.687 1180.348 1179.009 1177.671 1176.335 1175.03 1173.724 1172.419 1171.114 1169.716 1168.242 1166.768 1165.295 1163.817 1162.078 1160.339 1158.6 1156.861
1225.702 1224.854 1224.006 1223.159 1221.98 1220.396 1218.812 1217.228 1215.645 1213.793 1211.917 1210.04 1208.164 1206.589 1205.513 1204.437 1203.361 1202.285 1202.186 1202.274 1202.361 1202.448 1202.516 1202.539 1202.562 1202.585 1202.609 1202.052 1201.322 1200.591 1199.86 1199.082 1198.149 1197.217 1196.284 1195.352 1194.082 1192.664 1191.247 1189.829 1188.434 1187.161 1185.888 1184.615 1183.341 1182.051 1180.749 1179.448 1178.147 1176.844 1175.523 1174.201 1172.88 1171.559 1170.118 1168.58 1167.042 1165.504 1163.963 1162.224 1160.485 1158.746 1157.007
1226.99 1226.024 1225.058 1224.092 1222.803 1221.117 1219.432 1217.746 1216.06 1214.2 1212.324 1210.448 1208.572 1207.056 1206.136 1205.216 1204.296 1203.376 1203.332 1203.455 1203.578 1203.7 1203.755 1203.657 1203.558 1203.459 1203.36 1202.739 1201.96 1201.181 1200.401 1199.586 1198.65 1197.715 1196.779 1195.843 1194.604 1193.233 1191.862 1190.49 1189.128 1187.815 1186.502 1185.189 1183.876 1182.55 1181.218 1179.885 1178.552 1177.218 1175.866 1174.513 1173.161 1171.809 1170.384 1168.9 1167.416 1165.932 1164.445 1162.775 1161.105 1159.435 1157.765
1228.259 1227.176 1226.092 1225.008 1223.608 1221.821 1220.033 1218.245 1216.458 1214.599 1212.734 1210.868 1209.003 1207.558 1206.81 1206.061 1205.313 1204.564 1204.571 1204.72 1204.87 1205.019 1205.052 1204.819 1204.587 1204.354 1204.121 1203.432 1202.604 1201.777 1200.949 1200.095 1199.154 1198.213 1197.272 1196.331 1195.128 1193.81 1192.493 1191.175 1189.851 1188.495 1187.139 1185.783 1184.427 1183.062 1181.692 1180.322 1178.951 1177.58 1176.195 1174.811 1173.427 1172.042 1170.638 1169.219 1167.799 1166.379 1164.957 1163.362 1161.767 1160.172 1158.577
1229.529 1228.328 1227.126 1225.924 1224.414 1222.524 1220.635 1218.745 1216.856 1214.998 1213.143 1211.289 1209.434 1208.061 1207.484 1206.907 1206.33 1205.753 1205.809 1205.985 1206.161 1206.338 1206.349 1205.982 1205.615 1205.248 1204.882 1204.124 1203.248 1202.373 1201.497 1200.605 1199.658 1198.712 1197.766 1196.819 1195.652 1194.387 1193.123 1191.859 1190.574 1189.175 1187.776 1186.377 1184.978 1183.573 1182.166 1180.758 1179.35 1177.942 1176.525 1175.109 1173.692 1172.275 1170.893 1169.537 1168.182 1166.827 1165.469 1163.949 1162.429 1160.909 1159.389
1230.799 1229.48 1228.16 1226.84 1225.219 1223.228 1221.236 1219.245 1217.254 1215.397 1213.553 1211.709 1209.865 1208.563 1208.157 1207.752 1207.347 1206.941 1207.047 1207.25 1207.453 1207.656 1207.645 1207.145 1206.644 1206.143 1205.642 1204.816 1203.892 1202.969 1202.045 1201.114 1200.162 1199.211 1198.259 1197.307 1196.175 1194.965 1193.754 1192.544 1191.296 1189.854 1188.413 1186.971 1185.529 1184.085 1182.64 1181.195 1179.749 1178.304 1176.855 1175.406 1173.958 1172.509 1171.147 1169.856 1168.565 1167.274 1165.981 1164.536 1163.091 1161.646 1160.201
1231.982 1230.559 1229.137 1227.714 1226.021 1223.998 1221.974 1219.95 1217.927 1216.118 1214.33 1212.542 1210.753 1209.525 1209.224 1208.922 1208.621 1208.32 1208.413 1208.58 1208.748 1208.916 1208.852 1208.256 1207.661 1207.066 1206.47 1205.584 1204.61 1203.636 1202.662 1201.686 1200.702 1199.719 1198.735 1197.752 1196.636 1195.462 1194.288 1193.115 1191.893 1190.422 1188.95 1187.479 1186.007 1184.546 1183.091 1181.637 1180.182 1178.727 1177.261 1175.795 1174.329 1172.863 1171.51 1170.25 1168.989 1167.729 1166.466 1165.044 1163.621 1162.199 1160.776
