data/zism_data/00620_03_D.txt
ncols         224
nrows         224
[rows 28 to 55 of 224, columns 128 to 191 of 224]
1371.331 1369.491 1367.65 1365.752 1363.689 1361.627 1359.565 1357.502 1355.677 1353.943 1352.208 1350.473 1348.854 1347.728 1346.603 1345.478 1344.353 1343.302 1342.292 1341.281 1340.27 1339.249 1338.147 1337.045 1335.943 1334.84 1333.576 1332.194 1330.813 1329.431 1328.046 1326.591 1325.135 1323.68 1322.225 1321.023 1320.068 1319.113 1318.158 1317.202 1316.261 1315.32 1314.379 1313.439 1312.432 1311.339 1310.246 1309.154 1308.061 1307.155 1306.269 1305.384 1304.499 1303.99 1304.146 1304.301 1304.456 1304.612 1305.048 1305.543 1306.038 1306.533 1306.842 1306.695
1371.89 1369.792 1367.694 1365.602 1363.523 1361.445 1359.366 1357.288 1355.529 1353.89 1352.252 1350.614 1349.073 1347.954 1346.834 1345.714 1344.594 1343.532 1342.5 1341.467 1340.435 1339.395 1338.293 1337.191 1336.088 1334.986 1333.75 1332.416 1331.083 1329.749 1328.413 1327.006 1325.599 1324.192 1322.785 1321.607 1320.652 1319.696 1318.741 1317.786 1316.891 1315.999 1315.106 1314.214 1313.248 1312.188 1311.127 1310.067 1309.006 1308.166 1307.35 1306.534 1305.719 1305.235 1305.337 1305.439 1305.541 1305.642 1306.016 1306.447 1306.878 1307.308 1307.572 1307.425
1372.449 1370.094 1367.739 1365.451 1363.357 1361.262 1359.168 1357.073 1355.38 1353.838 1352.296 1350.754 1349.293 1348.179 1347.064 1345.95 1344.836 1343.761 1342.707 1341.654 1340.6 1339.541 1338.439 1337.337 1336.234 1335.132 1333.924 1332.639 1331.353 1330.068 1328.78 1327.421 1326.062 1324.703 1323.345 1322.191 1321.235 1320.28 1319.325 1318.37 1317.522 1316.678 1315.833 1314.989 1314.065 1313.036 1312.008 1310.98 1309.952 1309.177 1308.431 1307.685 1306.939 1306.48 1306.529 1306.577 1306.625 1306.673 1306.984 1307.351 1307.717 1308.084 1308.301 1308.154
1373.008 1370.395 1367.783 1365.301 1363.191 1361.08 1358.97 1356.859 1355.231 1353.785 1352.34 1350.895 1349.513 1348.404 1347.295 1346.186 1345.077 1343.99 1342.915 1341.84 1340.765 1339.687 1338.585 1337.482 1336.38 1335.278 1334.098 1332.861 1331.624 1330.387 1329.146 1327.836 1326.526 1325.215 1323.905 1322.774 1321.819 1320.864 1319.908 1318.953 1318.152 1317.356 1316.56 1315.764 1314.881 1313.885 1312.889 1311.893 1310.897 1310.188 1309.511 1308.835 1308.159 1307.725 1307.72 1307.715 1307.709 1307.704 1307.953 1308.255 1308.557 1308.859 1309.031 1308.884
1373.567 1370.697 1367.827 1365.151 1363.025 1360.898 1358.771 1356.645 1355.082 1353.733 1352.384 1351.036 1349.733 1348.629 1347.526 1346.422 1345.318 1344.219 1343.123 1342.026 1340.93 1339.833 1338.731 1337.628 1336.526 1335.424 1334.271 1333.083 1331.894 1330.705 1329.513 1328.251 1326.989 1325.727 1324.464 1323.358 1322.403 1321.447 1320.492 1319.537 1318.783 1318.035 1317.287 1316.539 1315.698 1314.734 1313.77 1312.806 1311.842 1311.199 1310.592 1309.985 1309.379 1308.97 1308.911 1308.852 1308.793 1308.734 1308.921 1309.158 1309.396 1309.634 1309.76 1309.613
1373.073 1370.032 1366.991 1364.189 1362.062 1359.935 1357.808 1355.681 1354.241 1353.063 1351.885 1350.708 1349.554 1348.507 1347.459 1346.412 1345.364 1344.281 1343.179 1342.077 1340.974 1339.872 1338.77 1337.668 1336.566 1335.463 1334.339 1333.198 1332.058 1330.917 1329.774 1328.572 1327.37 1326.167 1324.965 1323.906 1322.986 1322.066 1321.146 1320.226 1319.486 1318.751 1318.016 1317.281 1316.476 1315.579 1314.683 1313.786 1312.89 1312.271 1311.683 1311.095 1310.507 1310.096 1309.995 1309.894 1309.793 1309.692 1309.831 1310.02 1310.209 1310.398 1310.483 1310.313
1372.191 1369.01 1365.83 1362.926 1360.804 1358.682 1356.561 1354.439 1353.145 1352.165 1351.186 1350.206 1349.228 1348.255 1347.283 1346.311 1345.338 1344.281 1343.179 1342.077 1340.974 1339.872 1338.77 1337.668 1336.566 1335.463 1334.367 1333.275 1332.182 1331.09 1329.996 1328.858 1327.72 1326.582 1325.444 1324.441 1323.569 1322.698 1321.826 1320.954 1320.215 1319.48 1318.745 1318.011 1317.24 1316.424 1315.608 1314.792 1313.976 1313.365 1312.777 1312.189 1311.601 1311.176 1311.038 1310.899 1310.761 1310.623 1310.719 1310.866 1311.012 1311.158 1311.203 1311.001
1371.308 1367.988 1364.668 1361.663 1359.546 1357.43 1355.314 1353.197 1352.048 1351.267 1350.486 1349.705 1348.902 1348.004 1347.107 1346.209 1345.312 1344.281 1343.179 1342.077 1340.974 1339.872 1338.77 1337.668 1336.566 1335.463 1334.395 1333.351 1332.307 1331.263 1330.217 1329.144 1328.07 1326.997 1325.923 1324.976 1324.153 1323.329 1322.506 1321.682 1320.945 1320.21 1319.475 1318.74 1318.005 1317.269 1316.533 1315.798 1315.062 1314.459 1313.871 1313.283 1312.695 1312.257 1312.081 1311.905 1311.729 1311.553 1311.608 1311.711 1311.815 1311.918 1311.923 1311.689
1370.425 1366.966 1363.507 1360.4 1358.289 1356.177 1354.067 1351.956 1350.952 1350.369 1349.786 1349.203 1348.575 1347.753 1346.931 1346.108 1345.286 1344.281 1343.179 1342.077 1340.974 1339.872 1338.77 1337.668 1336.566 1335.463 1334.423 1333.427 1332.431 1331.435 1330.439 1329.43 1328.421 1327.411 1326.402 1325.511 1324.736 1323.961 1323.185 1322.41 1321.674 1320.939 1320.204 1319.47 1318.769 1318.114 1317.459 1316.803 1316.148 1315.553 1314.965 1314.378 1313.79 1313.338 1313.124 1312.911 1312.697 1312.484 1312.497 1312.557 1312.618 1312.678 1312.644 1312.377
1369.67 1366.125 1362.579 1359.409 1357.3 1355.191 1353.082 1350.973 1350.079 1349.647 1349.215 1348.783 1348.29 1347.534 1346.779 1346.023 1345.267 1344.291 1343.198 1342.106 1341.013 1339.92 1338.824 1337.727 1336.631 1335.535 1334.521 1333.568 1332.614 1331.661 1330.708 1329.763 1328.818 1327.873 1326.928 1326.094 1325.369 1324.644 1323.918 1323.193 1322.457 1321.72 1320.984 1320.247 1319.576 1318.991 1318.406 1317.82 1317.235 1316.647 1316.06 1315.472 1314.884 1314.418 1314.166 1313.914 1313.662 1313.411 1313.384 1313.405 1313.426 1313.447 1313.378 1313.086
1369.579 1366.227 1362.875 1359.842 1357.717 1355.592 1353.467 1351.342 1350.374 1349.845 1349.317 1348.789 1348.221 1347.487 1346.753 1346.018 1345.284 1344.354 1343.32 1342.286 1341.253 1340.216 1339.157 1338.099 1337.04 1335.981 1334.99 1334.047 1333.104 1332.161 1331.221 1330.34 1329.46 1328.579 1327.699 1326.927 1326.26 1325.594 1324.927 1324.261 1323.516 1322.769 1322.022 1321.274 1320.604 1320.035 1319.466 1318.897 1318.328 1317.742 1317.154 1316.566 1315.978 1315.497 1315.202 1314.907 1314.612 1314.318 1314.266 1314.266 1314.265 1314.265 1314.185 1313.91
1369.488 1366.329 1363.17 1360.276 1358.135 1355.994 1353.852 1351.711 1350.669 1350.044 1349.419 1348.794 1348.152 1347.439 1346.727 1346.014 1345.301 1344.417 1343.442 1342.467 1341.492 1340.512 1339.491 1338.47 1337.449 1336.427 1335.458 1334.526 1333.594 1332.661 1331.734 1330.918 1330.102 1329.286 1328.469 1327.759 1327.152 1326.544 1325.937 1325.329 1324.576 1323.818 1323.06 1322.302 1321.633 1321.08 1320.527 1319.973 1319.42 1318.836 1318.248 1317.66 1317.072 1316.575 1316.238 1315.9 1315.562 1315.225 1315.148 1315.126 1315.104 1315.083 1314.992 1314.733
1369.397 1366.431 1363.465 1360.709 1358.552 1356.395 1354.238 1352.08 1350.963 1350.242 1349.521 1348.799 1348.084 1347.392 1346.7 1346.009 1345.317 1344.479 1343.564 1342.648 1341.732 1340.808 1339.825 1338.841 1337.857 1336.874 1335.926 1335.005 1334.083 1333.162 1332.248 1331.496 1330.744 1329.992 1329.24 1328.591 1328.043 1327.494 1326.946 1326.397 1325.635 1324.866 1324.098 1323.329 1322.661 1322.124 1321.587 1321.05 1320.513 1319.93 1319.342 1318.755 1318.167 1317.654 1317.273 1316.893 1316.512 1316.132 1316.03 1315.987 1315.943 1315.9 1315.799 1315.556
1369.306 1366.533 1363.76 1361.143 1358.97 1356.796 1354.623 1352.449 1351.258 1350.44 1349.623 1348.805 1348.015 1347.345 1346.674 1346.004 1345.334 1344.542 1343.685 1342.828 1341.972 1341.104 1340.158 1339.212 1338.266 1337.32 1336.394 1335.484 1334.573 1333.662 1332.761 1332.074 1331.386 1330.698 1330.011 1329.424 1328.934 1328.445 1327.955 1327.466 1326.695 1325.915 1325.136 1324.356 1323.689 1323.168 1322.647 1322.126 1321.606 1321.025 1320.437 1319.849 1319.261 1318.733 1318.309 1317.886 1317.463 1317.039 1316.912 1316.847 1316.783 1316.718 1316.606 1316.379
1369.553 1366.713 1363.873 1361.197 1358.985 1356.774 1354.562 1352.35 1351.166 1350.372 1349.578 1348.784 1348.026 1347.422 1346.817 1346.213 1345.609 1344.864 1344.044 1343.224 1342.403 1341.573 1340.668 1339.763 1338.857 1337.952 1337.048 1336.145 1335.241 1334.338 1333.446 1332.794 1332.142 1331.491 1330.839 1330.302 1329.878 1329.454 1329.03 1328.606 1327.838 1327.061 1326.283 1325.506 1324.835 1324.301 1323.768 1323.234 1322.701 1322.119 1321.531 1320.943 1320.355 1319.814 1319.354 1318.894 1318.434 1317.974 1317.825 1317.742 1317.659 1317.577 1317.448 1317.209
1370.034 1366.948 1363.861 1360.988 1358.723 1356.458 1354.193 1351.927 1350.806 1350.119 1349.432 1348.746 1348.093 1347.585 1347.077 1346.569 1346.062 1345.364 1344.565 1343.767 1342.968 1342.162 1341.299 1340.437 1339.574 1338.712 1337.829 1336.931 1336.033 1335.136 1334.249 1333.614 1332.978 1332.342 1331.706 1331.213 1330.859 1330.504 1330.15 1329.795 1329.04 1328.274 1327.507 1326.74 1326.061 1325.495 1324.93 1324.364 1323.799 1323.213 1322.625 1322.037 1321.449 1320.896 1320.404 1319.912 1319.42 1318.928 1318.76 1318.661 1318.562 1318.463 1318.314 1318.043
1370.515 1367.182 1363.849 1360.78 1358.461 1356.142 1353.823 1351.504 1350.446 1349.866 1349.287 1348.707 1348.16 1347.748 1347.337 1346.926 1346.514 1345.864 1345.087 1344.31 1343.533 1342.75 1341.931 1341.111 1340.292 1339.472 1338.61 1337.718 1336.825 1335.933 1335.052 1334.433 1333.813 1333.193 1332.574 1332.124 1331.839 1331.554 1331.269 1330.985 1330.242 1329.486 1328.73 1327.974 1327.287 1326.689 1326.092 1325.494 1324.896 1324.307 1323.719 1323.131 1322.544 1321.979 1321.455 1320.93 1320.406 1319.882 1319.696 1319.58 1319.465 1319.35 1319.18 1318.877
1370.996 1367.416 1363.836 1360.571 1358.199 1355.826 1353.454 1351.081 1350.086 1349.614 1349.141 1348.669 1348.226 1347.912 1347.597 1347.282 1346.967 1346.365 1345.609 1344.853 1344.097 1343.339 1342.562 1341.786 1341.009 1340.232 1339.391 1338.504 1337.617 1336.73 1335.855 1335.252 1334.648 1334.045 1333.441 1333.035 1332.82 1332.604 1332.389 1332.174 1331.444 1330.699 1329.954 1329.208 1328.513 1327.883 1327.253 1326.624 1325.994 1325.401 1324.814 1324.226 1323.638 1323.061 1322.505 1321.949 1321.392 1320.836 1320.631 1320.499 1320.368 1320.237 1320.046 1319.71
1371.498 1367.674 1363.85 1360.39 1357.962 1355.533 1353.105 1350.677 1349.745 1349.382 1349.02 1348.657 1348.321 1348.1 1347.88 1347.659 1347.438 1346.881 1346.144 1345.407 1344.671 1343.934 1343.198 1342.463 1341.727 1340.992 1340.172 1339.291 1338.41 1337.529 1336.661 1336.074 1335.487 1334.9 1334.313 1333.949 1333.802 1333.656 1333.509 1333.362 1332.644 1331.909 1331.174 1330.439 1329.736 1329.074 1328.411 1327.749 1327.086 1326.491 1325.904 1325.316 1324.729 1324.141 1323.555 1322.968 1322.381 1321.794 1321.57 1321.423 1321.276 1321.129 1320.917 1320.549
1372.935 1368.977 1365.019 1361.419 1358.836 1356.252 1353.668 1351.084 1350.265 1350.117 1349.969 1349.82 1349.656 1349.425 1349.194 1348.962 1348.731 1348.11 1347.282 1346.454 1345.627 1344.806 1344.038 1343.27 1342.502 1341.735 1340.926 1340.088 1339.25 1338.412 1337.587 1337.037 1336.488 1335.938 1335.389 1335.044 1334.897 1334.75 1334.603 1334.456 1333.738 1333.003 1332.268 1331.534 1330.809 1330.099 1329.388 1328.677 1327.967 1327.381 1326.81 1326.238 1325.667 1325.107 1324.569 1324.03 1323.492 1322.953 1322.724 1322.561 1322.398 1322.234 1322.002 1321.602
1374.372 1370.28 1366.188 1362.449 1359.71 1356.97 1354.231 1351.492 1350.785 1350.852 1350.918 1350.984 1350.992 1350.75 1350.508 1350.266 1350.023 1349.34 1348.421 1347.502 1346.583 1345.677 1344.877 1344.078 1343.278 1342.478 1341.681 1340.886 1340.091 1339.295 1338.513 1338.001 1337.489 1336.977 1336.465 1336.138 1335.991 1335.844 1335.697 1335.55 1334.832 1334.097 1333.363 1332.628 1331.883 1331.124 1330.365 1329.606 1328.847 1328.271 1327.716 1327.16 1326.605 1326.073 1325.583 1325.093 1324.602 1324.112 1323.878 1323.699 1323.519 1323.34 1323.087 1322.655
1375.809 1371.583 1367.357 1363.478 1360.583 1357.689 1354.794 1351.899 1351.306 1351.586 1351.867 1352.147 1352.327 1352.074 1351.822 1351.569 1351.316 1350.569 1349.559 1348.549 1347.538 1346.549 1345.717 1344.885 1344.053 1343.221 1342.435 1341.683 1340.931 1340.178 1339.438 1338.964 1338.49 1338.015 1337.541 1337.232 1337.085 1336.938 1336.791 1336.644 1335.927 1335.192 1334.457 1333.722 1332.956 1332.149 1331.342 1330.534 1329.727 1329.161 1328.622 1328.082 1327.543 1327.039 1326.597 1326.155 1325.713 1325.271 1325.032 1324.837 1324.641 1324.446 1324.172 1323.708
1377.246 1372.886 1368.526 1364.508 1361.457 1358.407 1355.357 1352.307 1351.826 1352.321 1352.816 1353.311 1353.663 1353.399 1353.136 1352.872 1352.608 1351.798 1350.697 1349.596 1348.494 1347.421 1346.556 1345.692 1344.828 1343.964 1343.189 1342.48 1341.771 1341.062 1340.364 1339.927 1339.49 1339.053 1338.616 1338.326 1338.179 1338.032 1337.885 1337.739 1337.021 1336.286 1335.551 1334.816 1334.029 1333.174 1332.318 1331.463 1330.608 1330.051 1329.527 1329.004 1328.481 1328.005 1327.611 1327.217 1326.823 1326.43 1326.186 1325.974 1325.763 1325.551 1325.257 1324.76
1379.596 1375.15 1370.705 1366.604 1363.481 1360.358 1357.234 1354.111 1353.651 1354.203 1354.755 1355.306 1355.684 1355.313 1354.941 1354.57 1354.199 1353.245 1351.979 1350.714 1349.449 1348.228 1347.343 1346.459 1345.575 1344.691 1343.929 1343.255 1342.581 1341.907 1341.246 1340.856 1340.467 1340.077 1339.687 1339.418 1339.266 1339.115 1338.963 1338.811 1338.093 1337.358 1336.623 1335.889 1335.089 1334.204 1333.32 1332.436 1331.552 1330.994 1330.472 1329.95 1329.429 1328.965 1328.605 1328.245 1327.885 1327.525 1327.268 1327.033 1326.798 1326.563 1326.249 1325.742
1383.049 1378.577 1374.104 1369.991 1366.895 1363.798 1360.702 1357.606 1357.056 1357.473 1357.891 1358.309 1358.535 1357.939 1357.342 1356.746 1356.149 1354.953 1353.435 1351.918 1350.401 1348.956 1348.067 1347.177 1346.288 1345.398 1344.649 1344.002 1343.355 1342.709 1342.075 1341.745 1341.414 1341.083 1340.752 1340.507 1340.344 1340.182 1340.019 1339.857 1339.139 1338.404 1337.669 1336.934 1336.132 1335.242 1334.353 1333.463 1332.574 1332.0 1331.463 1330.925 1330.387 1329.92 1329.576 1329.231 1328.887 1328.543 1328.263 1327.996 1327.728 1327.461 1327.129 1326.638
1386.502 1382.003 1377.504 1373.378 1370.308 1367.239 1364.169 1361.1 1360.46 1360.744 1361.027 1361.311 1361.386 1360.565 1359.743 1358.922 1358.1 1356.661 1354.891 1353.122 1351.353 1349.685 1348.79 1347.896 1347.0 1346.106 1345.37 1344.75 1344.13 1343.51 1342.905 1342.633 1342.361 1342.089 1341.818 1341.596 1341.423 1341.249 1341.076 1340.903 1340.184 1339.449 1338.715 1337.98 1337.175 1336.28 1335.385 1334.49 1333.596 1333.007 1332.453 1331.9 1331.346 1330.874 1330.546 1330.218 1329.89 1329.562 1329.257 1328.958 1328.659 1328.359 1328.009 1327.534
1389.956 1385.43 1380.904 1376.765 1373.722 1370.679 1367.637 1364.594 1363.865 1364.014 1364.164 1364.313 1364.238 1363.191 1362.144 1361.098 1360.051 1358.369 1356.348 1354.326 1352.305 1350.414 1349.514 1348.614 1347.713 1346.813 1346.091 1345.497 1344.904 1344.311 1343.734 1343.521 1343.308 1343.096 1342.883 1342.685 1342.501 1342.317 1342.133 1341.949 1341.23 1340.495 1339.76 1339.025 1338.219 1337.318 1336.418 1335.518 1334.617 1334.014 1333.444 1332.874 1332.304 1331.828 1331.516 1331.204 1330.892 1330.58 1330.252 1329.921 1329.589 1329.258 1328.889 1328.431
1393.409 1388.856 1384.304 1380.152 1377.136 1374.12 1371.104 1368.088 1367.269 1367.285 1367.3 1367.316 1367.089 1365.817 1364.545 1363.273 1362.001 1360.077 1357.804 1355.531 1353.258 1351.143 1350.237 1349.332 1348.426 1347.521 1346.811 1346.245 1345.678 1345.112 1344.563 1344.41 1344.256 1344.102 1343.948 1343.773 1343.579 1343.384 1343.189 1342.995 1342.275 1341.541 1340.806 1340.071 1339.262 1338.356 1337.451 1336.545 1335.639 1335.021 1334.435 1333.849 1333.263 1332.782 1332.486 1332.19 1331.895 1331.599 1331.247 1330.883 1330.52 1330.156 1329.769 1329.327
