data/zism_data/00638_04_D.txt
ncols         224
nrows         224
[rows 196 to 223 of 224, columns 128 to 191 of 224]
4454.273 4446.95 4439.462 4431.773 4424.084 4416.395 4408.706 4396.738 4384.362 4371.986 4359.611 4347.437 4335.598 4323.759 4311.92 4300.081 4293.426 4287.754 4282.083 4276.411 4270.969 4266.053 4261.136 4256.22 4251.304 4246.564 4241.878 4237.193 4232.507 4227.933 4223.73 4219.527 4215.324 4211.121 4208.854 4207.433 4206.012 4204.591 4203.862 4206.783 4209.704 4212.625 4215.545 4222.04 4230.695 4239.35 4248.005 4256.787 4266.888 4276.989 4287.091 4297.192 4307.886 4319.063 4330.24 4341.417 4352.562 4361.5 4370.439 4379.378 4388.317 4395.949 4402.155 4408.361
4452.794 4445.197 4437.577 4429.931 4422.285 4414.639 4406.993 4394.901 4382.385 4369.869 4357.354 4345.127 4333.38 4321.632 4309.885 4298.137 4291.705 4286.281 4280.857 4275.433 4270.212 4265.458 4260.703 4255.948 4251.193 4246.578 4242.005 4237.433 4232.859 4228.425 4224.448 4220.471 4216.494 4212.517 4210.318 4208.897 4207.477 4206.056 4205.394 4208.729 4212.064 4215.399 4218.734 4225.163 4233.463 4241.764 4250.063 4258.515 4268.557 4278.599 4288.642 4298.684 4309.603 4321.237 4332.872 4344.506 4356.102 4365.008 4373.915 4382.821 4391.728 4399.309 4405.446 4411.582
4451.316 4443.443 4435.692 4428.089 4420.486 4412.883 4405.28 4393.064 4380.408 4367.752 4355.097 4342.818 4331.162 4319.506 4307.85 4296.194 4289.985 4284.808 4279.631 4274.455 4269.456 4264.862 4260.269 4255.676 4251.082 4246.591 4242.132 4237.672 4233.212 4228.917 4225.166 4221.415 4217.664 4213.913 4211.783 4210.362 4208.942 4207.521 4206.924 4210.674 4214.424 4218.173 4221.923 4228.287 4236.231 4244.177 4252.121 4260.244 4270.227 4280.209 4290.192 4300.175 4311.32 4323.412 4335.504 4347.596 4359.642 4368.516 4377.39 4386.264 4395.138 4402.669 4408.736 4414.802
4446.982 4438.935 4430.976 4423.127 4415.277 4407.428 4399.579 4387.478 4374.972 4362.465 4349.959 4338.096 4327.296 4316.497 4305.697 4294.897 4289.026 4284.088 4279.151 4274.214 4269.419 4264.95 4260.481 4256.012 4251.542 4247.247 4243.004 4238.76 4234.517 4230.45 4226.966 4223.483 4220.0 4216.516 4214.66 4213.516 4212.373 4211.229 4210.886 4214.765 4218.643 4222.522 4226.4 4232.545 4240.061 4247.576 4255.091 4262.788 4272.389 4281.99 4291.591 4301.192 4312.245 4324.48 4336.716 4348.951 4361.139 4370.109 4379.079 4388.049 4397.02 4404.668 4410.875 4417.083
4441.788 4433.594 4425.406 4417.223 4409.04 4400.857 4392.674 4380.76 4368.491 4356.221 4343.952 4332.646 4322.934 4313.221 4303.509 4293.796 4288.297 4283.597 4278.896 4274.196 4269.6 4265.244 4260.888 4256.532 4252.176 4248.097 4244.101 4240.105 4236.109 4232.297 4229.094 4225.89 4222.686 4219.482 4217.963 4217.18 4216.396 4215.614 4215.581 4219.502 4223.424 4227.346 4231.268 4237.147 4244.21 4251.273 4258.336 4265.579 4274.701 4283.823 4292.945 4302.067 4312.931 4325.214 4337.499 4349.782 4362.02 4371.125 4380.229 4389.334 4398.438 4406.255 4412.667 4419.079
4436.592 4428.254 4419.835 4411.319 4402.802 4394.285 4385.769 4374.042 4362.009 4349.977 4337.944 4327.196 4318.571 4309.945 4301.321 4292.695 4287.568 4283.104 4278.641 4274.177 4269.781 4265.538 4261.295 4257.052 4252.809 4248.946 4245.198 4241.45 4237.702 4234.145 4231.221 4228.297 4225.373 4222.449 4221.266 4220.843 4220.421 4219.999 4220.275 4224.24 4228.205 4232.17 4236.135 4241.749 4248.359 4254.971 4261.582 4268.369 4277.012 4285.655 4294.298 4302.941 4313.617 4325.949 4338.281 4350.613 4362.901 4372.14 4381.379 4390.618 4399.858 4407.842 4414.458 4421.075
4431.397 4422.914 4414.265 4405.415 4396.564 4387.714 4378.863 4367.324 4355.528 4343.732 4331.937 4321.746 4314.208 4306.67 4299.132 4291.594 4286.84 4282.613 4278.386 4274.159 4269.962 4265.832 4261.702 4257.572 4253.442 4249.795 4246.295 4242.794 4239.294 4235.992 4233.348 4230.704 4228.06 4225.416 4224.568 4224.507 4224.445 4224.383 4224.97 4228.978 4232.986 4236.994 4241.001 4246.35 4252.509 4258.668 4264.827 4271.16 4279.324 4287.488 4295.652 4303.816 4314.303 4326.683 4339.064 4351.445 4363.782 4373.156 4382.529 4391.903 4401.277 4409.43 4416.25 4423.071
4426.246 4417.695 4408.865 4399.692 4390.52 4381.347 4372.175 4360.85 4349.321 4337.791 4326.262 4316.615 4310.084 4303.553 4297.021 4290.49 4286.103 4282.122 4278.142 4274.161 4270.178 4266.19 4262.203 4258.215 4254.227 4250.771 4247.477 4244.182 4240.887 4237.807 4235.439 4233.071 4230.704 4228.336 4227.816 4228.104 4228.393 4228.681 4229.566 4233.6 4237.633 4241.667 4245.7 4250.807 4256.563 4262.319 4268.075 4274.004 4281.756 4289.507 4297.259 4305.011 4315.281 4327.604 4339.929 4352.252 4364.535 4374.009 4383.484 4392.958 4402.433 4410.753 4417.816 4424.879
4421.248 4412.913 4404.075 4394.623 4385.171 4375.718 4366.266 4355.256 4344.098 4332.94 4321.782 4312.637 4306.821 4301.006 4295.19 4289.375 4285.337 4281.636 4277.936 4274.235 4270.522 4266.782 4263.042 4259.302 4255.562 4252.205 4248.963 4245.722 4242.481 4239.503 4237.4 4235.296 4233.192 4231.088 4230.866 4231.466 4232.067 4232.667 4233.809 4237.805 4241.8 4245.796 4249.792 4254.744 4260.273 4265.803 4271.333 4277.041 4284.621 4292.2 4299.78 4307.359 4317.312 4329.199 4341.087 4352.975 4364.828 4374.28 4383.733 4393.186 4402.639 4411.129 4418.568 4426.008
4416.251 4408.131 4399.286 4389.554 4379.822 4370.09 4360.357 4349.662 4338.875 4328.088 4317.302 4308.658 4303.559 4298.459 4293.359 4288.26 4284.571 4281.15 4277.729 4274.309 4270.866 4267.374 4263.881 4260.389 4256.896 4253.638 4250.45 4247.263 4244.076 4241.201 4239.36 4237.521 4235.68 4233.84 4233.915 4234.828 4235.741 4236.653 4238.051 4242.009 4245.967 4249.925 4253.883 4258.68 4263.984 4269.288 4274.591 4280.078 4287.485 4294.893 4302.3 4309.707 4319.342 4330.794 4342.246 4353.698 4365.121 4374.552 4383.983 4393.414 4402.846 4411.504 4419.321 4427.137
4411.253 4403.349 4394.497 4384.485 4374.473 4364.461 4354.449 4344.068 4333.653 4323.237 4312.822 4304.679 4300.295 4295.912 4291.528 4287.145 4283.805 4280.665 4277.523 4274.382 4271.21 4267.965 4264.72 4261.475 4258.23 4255.071 4251.938 4248.804 4245.67 4242.897 4241.321 4239.745 4238.168 4236.592 4236.964 4238.189 4239.415 4240.639 4242.294 4246.214 4250.135 4254.055 4257.975 4262.617 4267.694 4272.772 4277.85 4283.115 4290.35 4297.585 4304.82 4312.055 4321.373 4332.388 4343.405 4354.42 4365.413 4374.823 4384.232 4393.642 4403.052 4411.88 4420.073 4428.266
4406.256 4398.567 4389.708 4379.416 4369.124 4358.832 4348.54 4338.475 4328.43 4318.386 4308.342 4300.701 4297.033 4293.365 4289.697 4286.029 4283.04 4280.179 4277.317 4274.457 4271.554 4268.557 4265.559 4262.562 4259.564 4256.504 4253.424 4250.344 4247.265 4244.595 4243.282 4241.969 4240.657 4239.344 4240.014 4241.551 4243.088 4244.625 4246.536 4250.419 4254.302 4258.185 4262.067 4266.554 4271.405 4276.257 4281.108 4286.152 4293.215 4300.278 4307.341 4314.403 4323.403 4333.983 4344.563 4355.143 4365.706 4375.094 4384.482 4393.87 4403.259 4412.255 4420.825 4429.395
4401.475 4393.893 4385.075 4374.744 4364.413 4354.081 4343.75 4334.134 4324.587 4315.04 4305.493 4298.319 4295.069 4291.819 4288.569 4285.32 4282.536 4279.839 4277.144 4274.447 4271.69 4268.793 4265.896 4263.0 4260.103 4257.143 4254.164 4251.184 4248.205 4245.681 4244.664 4243.647 4242.631 4241.614 4242.559 4244.361 4246.164 4247.967 4250.084 4253.861 4257.638 4261.415 4265.191 4269.513 4274.164 4278.814 4283.465 4288.317 4295.283 4302.249 4309.214 4316.18 4324.956 4335.208 4345.459 4355.711 4365.95 4375.298 4384.647 4393.996 4403.344 4412.396 4421.124 4429.852
4396.801 4389.273 4380.521 4370.271 4360.02 4349.77 4339.519 4330.421 4321.434 4312.447 4303.459 4296.735 4293.755 4290.774 4287.793 4284.813 4282.162 4279.574 4276.985 4274.397 4271.723 4268.853 4265.983 4263.113 4260.243 4257.384 4254.529 4251.673 4248.818 4246.461 4245.757 4245.052 4244.348 4243.644 4244.852 4246.896 4248.941 4250.986 4253.285 4256.922 4260.559 4264.195 4267.832 4271.983 4276.446 4280.908 4285.37 4290.045 4296.952 4303.858 4310.765 4317.672 4326.27 4336.247 4346.224 4356.201 4366.168 4375.469 4384.769 4394.069 4403.37 4412.419 4421.195 4429.972
4392.127 4384.653 4375.967 4365.797 4355.627 4345.458 4335.288 4326.708 4318.281 4309.854 4301.426 4295.152 4292.441 4289.729 4287.018 4284.306 4281.789 4279.308 4276.827 4274.347 4271.755 4268.913 4266.069 4263.227 4260.383 4257.626 4254.894 4252.163 4249.431 4247.242 4246.849 4246.457 4246.065 4245.673 4247.145 4249.432 4251.718 4254.005 4256.485 4259.982 4263.479 4266.976 4270.473 4274.454 4278.728 4283.002 4287.276 4291.773 4298.621 4305.468 4312.316 4319.164 4327.583 4337.286 4346.989 4356.691 4366.387 4375.639 4384.891 4394.143 4403.395 4412.442 4421.267 4430.091
4387.453 4380.033 4371.413 4361.324 4351.235 4341.146 4331.057 4322.996 4315.128 4307.26 4299.393 4293.569 4291.126 4288.684 4286.242 4283.799 4281.416 4279.042 4276.669 4274.296 4271.788 4268.972 4266.156 4263.34 4260.523 4257.867 4255.259 4252.651 4250.043 4248.022 4247.942 4247.862 4247.782 4247.702 4249.437 4251.966 4254.496 4257.025 4259.686 4263.043 4266.4 4269.757 4273.114 4276.925 4281.01 4285.096 4289.182 4293.502 4300.29 4307.079 4313.867 4320.655 4328.897 4338.325 4347.753 4357.181 4366.606 4375.81 4385.013 4394.216 4403.42 4412.465 4421.338 4430.211
4382.828 4375.463 4366.931 4356.968 4347.005 4337.042 4327.079 4319.528 4312.206 4304.884 4297.563 4292.169 4289.965 4287.76 4285.556 4283.352 4281.085 4278.807 4276.529 4274.251 4271.819 4269.032 4266.245 4263.458 4260.672 4258.119 4255.638 4253.156 4250.674 4248.82 4249.043 4249.266 4249.489 4249.711 4251.685 4254.424 4257.163 4259.901 4262.718 4265.942 4269.166 4272.39 4275.613 4279.256 4283.152 4287.048 4290.944 4295.086 4301.809 4308.532 4315.256 4321.979 4330.057 4339.238 4348.42 4357.602 4366.783 4375.917 4385.053 4394.188 4403.323 4412.335 4421.215 4430.095
4378.568 4371.274 4362.993 4353.504 4344.014 4334.525 4325.036 4317.929 4311.048 4304.168 4297.288 4292.169 4289.965 4287.76 4285.556 4283.352 4281.085 4278.807 4276.529 4274.251 4271.833 4269.095 4266.357 4263.619 4260.88 4258.451 4256.114 4253.778 4251.442 4249.753 4250.207 4250.661 4251.116 4251.57 4253.587 4256.289 4258.99 4261.691 4264.463 4267.606 4270.749 4273.893 4277.036 4280.524 4284.221 4287.917 4291.614 4295.564 4302.18 4308.796 4315.412 4322.028 4330.039 4339.188 4348.337 4357.487 4366.633 4375.547 4384.461 4393.375 4402.29 4411.039 4419.606 4428.174
4374.309 4367.084 4359.055 4350.04 4341.023 4332.008 4322.993 4316.33 4309.891 4303.452 4297.013 4292.169 4289.965 4287.76 4285.556 4283.352 4281.085 4278.807 4276.529 4274.251 4271.848 4269.159 4266.469 4263.779 4261.089 4258.782 4256.591 4254.4 4252.209 4250.686 4251.371 4252.057 4252.743 4253.428 4255.49 4258.153 4260.817 4263.481 4266.208 4269.271 4272.333 4275.396 4278.458 4281.792 4285.289 4288.787 4292.284 4296.043 4302.552 4309.06 4315.568 4322.076 4330.021 4339.138 4348.255 4357.372 4366.483 4375.177 4383.871 4392.564 4401.258 4409.742 4417.997 4426.252
4370.05 4362.895 4355.117 4346.575 4338.033 4329.491 4320.949 4314.73 4308.733 4302.735 4296.738 4292.169 4289.965 4287.76 4285.556 4283.352 4281.085 4278.807 4276.529 4274.251 4271.863 4269.222 4266.58 4263.938 4261.297 4259.113 4257.068 4255.022 4252.977 4251.618 4252.535 4253.452 4254.37 4255.287 4257.393 4260.019 4262.645 4265.271 4267.953 4270.935 4273.917 4276.898 4279.88 4283.059 4286.357 4289.656 4292.954 4296.522 4302.923 4309.323 4315.724 4322.125 4330.003 4339.088 4348.173 4357.257 4366.333 4374.806 4383.279 4391.752 4400.226 4408.445 4416.388 4424.332
4365.791 4358.706 4351.179 4343.111 4335.042 4326.974 4318.906 4313.131 4307.575 4302.019 4296.463 4292.169 4289.965 4287.76 4285.556 4283.352 4281.085 4278.807 4276.529 4274.251 4271.878 4269.285 4266.692 4264.099 4261.506 4259.445 4257.544 4255.644 4253.744 4252.551 4253.699 4254.848 4255.996 4257.145 4259.295 4261.883 4264.472 4267.06 4269.698 4272.599 4275.5 4278.401 4281.302 4284.327 4287.426 4290.525 4293.625 4297.001 4303.294 4309.587 4315.88 4322.173 4329.985 4339.038 4348.09 4357.143 4366.184 4374.436 4382.688 4390.94 4399.193 4407.148 4414.779 4422.41
4362.326 4355.119 4347.684 4339.967 4332.25 4324.534 4316.818 4311.488 4306.385 4301.283 4296.18 4292.169 4289.965 4287.76 4285.556 4283.352 4281.09 4278.818 4276.547 4274.275 4271.935 4269.439 4266.943 4264.447 4261.951 4260.06 4258.35 4256.641 4254.932 4253.903 4255.131 4256.359 4257.587 4258.815 4260.929 4263.431 4265.933 4268.435 4270.984 4273.783 4276.582 4279.381 4282.18 4285.08 4288.041 4291.002 4293.963 4297.21 4303.456 4309.702 4315.948 4322.194 4329.934 4338.894 4347.853 4356.812 4365.756 4373.669 4381.583 4389.495 4397.408 4405.057 4412.419 4419.78
4359.471 4351.996 4344.528 4337.07 4329.612 4322.154 4314.696 4309.811 4305.171 4300.531 4295.892 4292.169 4289.965 4287.76 4285.556 4283.352 4281.1 4278.838 4276.577 4274.316 4272.025 4269.664 4267.302 4264.941 4262.58 4260.893 4259.409 4257.926 4256.443 4255.58 4256.77 4257.96 4259.15 4260.34 4262.357 4264.735 4267.113 4269.492 4271.918 4274.598 4277.279 4279.959 4282.64 4285.438 4288.308 4291.177 4294.046 4297.21 4303.456 4309.702 4315.948 4322.194 4329.857 4338.676 4347.496 4356.315 4365.115 4372.598 4380.08 4387.563 4395.045 4402.356 4409.481 4416.605
4356.617 4348.872 4341.372 4334.172 4326.973 4319.773 4312.573 4308.134 4303.957 4299.78 4295.603 4292.169 4289.965 4287.76 4285.556 4283.352 4281.108 4278.858 4276.608 4274.357 4272.115 4269.888 4267.661 4265.434 4263.208 4261.726 4260.468 4259.211 4257.954 4257.255 4258.408 4259.561 4260.713 4261.866 4263.785 4266.039 4268.293 4270.548 4272.851 4275.413 4277.975 4280.538 4283.1 4285.796 4288.574 4291.352 4294.13 4297.21 4303.456 4309.702 4315.948 4322.194 4329.78 4338.459 4347.139 4355.818 4364.474 4371.526 4378.578 4385.629 4392.681 4399.655 4406.542 4413.43
4353.762 4345.749 4338.216 4331.275 4324.333 4317.392 4310.451 4306.457 4302.742 4299.028 4295.314 4292.169 4289.965 4287.76 4285.556 4283.352 4281.118 4278.878 4276.639 4274.399 4272.204 4270.112 4268.02 4265.928 4263.835 4262.558 4261.527 4260.496 4259.465 4258.932 4260.046 4261.161 4262.276 4263.391 4265.212 4267.343 4269.474 4271.604 4273.785 4276.229 4278.672 4281.116 4283.559 4286.154 4288.841 4291.527 4294.214 4297.21 4303.456 4309.702 4315.948 4322.194 4329.703 4338.242 4346.782 4355.321 4363.833 4370.454 4377.075 4383.696 4390.318 4396.953 4403.604 4410.255
4350.918 4342.641 4335.079 4328.394 4321.709 4315.024 4308.339 4304.787 4301.533 4298.279 4295.025 4292.167 4289.963 4287.759 4285.556 4283.352 4281.128 4278.9 4276.672 4274.444 4272.298 4270.341 4268.384 4266.428 4264.471 4263.397 4262.591 4261.785 4260.979 4260.608 4261.684 4262.76 4263.836 4264.912 4266.635 4268.642 4270.649 4272.656 4274.714 4277.04 4279.365 4281.691 4284.016 4286.511 4289.106 4291.703 4294.298 4297.212 4303.456 4309.701 4315.946 4322.19 4329.62 4338.016 4346.412 4354.808 4363.172 4369.368 4375.563 4381.758 4387.954 4394.254 4400.669 4407.084
4348.799 4340.597 4333.139 4326.594 4320.049 4313.505 4306.96 4303.65 4300.649 4297.648 4294.647 4291.969 4289.825 4287.68 4285.536 4283.392 4281.227 4279.058 4276.889 4274.72 4272.673 4270.904 4269.136 4267.368 4265.599 4264.669 4263.992 4263.314 4262.637 4262.336 4263.283 4264.23 4265.176 4266.123 4267.729 4269.623 4271.517 4273.41 4275.358 4277.593 4279.827 4282.061 4284.295 4286.741 4289.315 4291.89 4294.464 4297.35 4303.498 4309.645 4315.793 4321.94 4329.122 4337.147 4345.172 4353.196 4361.193 4367.286 4373.379 4379.473 4385.566 4391.73 4397.974 4404.216
4346.681 4338.553 4331.2 4324.795 4318.39 4311.985 4305.581 4302.514 4299.766 4297.018 4294.27 4291.771 4289.687 4287.601 4285.516 4283.431 4281.325 4279.215 4277.106 4274.996 4273.048 4271.468 4269.888 4268.308 4266.728 4265.94 4265.392 4264.844 4264.296 4264.064 4264.882 4265.699 4266.517 4267.334 4268.822 4270.603 4272.384 4274.165 4276.003 4278.146 4280.288 4282.431 4284.574 4286.972 4289.525 4292.078 4294.63 4297.488 4303.539 4309.589 4315.64 4321.691 4328.625 4336.278 4343.932 4351.584 4359.214 4365.205 4371.196 4377.187 4383.178 4389.207 4395.277 4401.348
