data/zism_data/00634_02_D.txt
ncols         224
nrows         224
[rows 140 to 167 of 224, columns 63 to 125 of 224]
4805.245 4801.02 4799.573 4799.08 4798.587 4798.093 4798.11 4800.526 4802.942 4805.359 4807.775 4812.354 4818.339 4824.325 4830.31 4836.37 4844.405 4852.44 4860.475 4868.51 4876.693 4885.046 4893.399 4901.752 4910.104 4918.388 4926.663 4934.938 4943.214 4950.199 4954.547 4958.895 4963.243 4967.591 4967.337 4965.623 4963.909 4962.195 4959.527 4952.786 4946.045 4939.304 4932.563 4926.133 4919.894 4913.655 4907.416 4901.29 4897.262 4893.234 4889.207 4885.179 4881.197 4877.264 4873.332 4869.398 4865.466 4862.449 4859.521 4856.592 4853.663 4850.922 4848.54
4813.923 4809.554 4808.098 4807.642 4807.187 4806.73 4806.809 4809.401 4811.994 4814.586 4817.179 4821.737 4827.572 4833.408 4839.244 4845.143 4852.729 4860.315 4867.902 4875.488 4883.542 4892.13 4900.718 4909.306 4917.894 4926.263 4934.608 4942.953 4951.298 4958.154 4961.968 4965.781 4969.595 4973.408 4972.847 4970.898 4968.949 4967.0 4964.129 4957.324 4950.519 4943.714 4936.909 4930.306 4923.826 4917.347 4910.867 4904.495 4900.12 4895.745 4891.37 4886.995 4882.915 4879.153 4875.392 4871.63 4867.868 4865.275 4862.796 4860.316 4857.836 4855.517 4853.503
4822.601 4818.088 4816.623 4816.205 4815.786 4815.368 4815.507 4818.276 4821.045 4823.814 4826.583 4831.12 4836.806 4842.492 4848.178 4853.917 4861.054 4868.191 4875.329 4882.466 4890.391 4899.214 4908.037 4916.86 4925.683 4934.139 4942.553 4950.968 4959.382 4966.109 4969.389 4972.668 4975.947 4979.227 4978.358 4976.174 4973.99 4971.806 4968.732 4961.863 4954.994 4948.125 4941.255 4934.479 4927.758 4921.038 4914.318 4907.7 4902.978 4898.255 4893.533 4888.811 4884.633 4881.042 4877.452 4873.861 4870.27 4868.103 4866.072 4864.041 4862.01 4860.111 4858.466
4831.279 4826.622 4825.148 4824.767 4824.386 4824.004 4824.206 4827.151 4830.097 4833.042 4835.987 4840.502 4846.039 4851.576 4857.112 4862.69 4869.379 4876.067 4882.756 4889.444 4897.24 4906.298 4915.356 4924.414 4933.472 4942.015 4950.499 4958.982 4967.466 4974.064 4976.81 4979.554 4982.299 4985.044 4983.869 4981.449 4979.03 4976.611 4973.334 4966.401 4959.468 4952.535 4945.601 4938.651 4931.69 4924.73 4917.769 4910.905 4905.835 4900.766 4895.696 4890.626 4886.352 4882.932 4879.512 4876.092 4872.672 4870.929 4869.347 4867.765 4866.183 4864.706 4863.43
4839.957 4835.155 4833.672 4833.329 4832.985 4832.642 4832.905 4836.026 4839.148 4842.27 4845.392 4849.885 4855.272 4860.659 4866.046 4871.464 4877.703 4883.943 4890.183 4896.422 4904.088 4913.381 4922.675 4931.968 4941.262 4949.89 4958.443 4966.997 4975.55 4982.02 4984.23 4986.44 4988.651 4990.862 4989.379 4986.725 4984.07 4981.416 4977.937 4970.939 4963.942 4956.945 4949.947 4942.823 4935.623 4928.421 4921.22 4914.11 4908.693 4903.276 4897.859 4892.442 4888.07 4884.821 4881.572 4878.323 4875.074 4873.756 4872.623 4871.489 4870.356 4869.301 4868.393
4850.736 4846.034 4844.717 4844.563 4844.407 4844.252 4844.674 4847.811 4850.948 4854.085 4857.222 4861.335 4866.085 4870.834 4875.583 4880.382 4886.49 4892.598 4898.706 4904.814 4912.317 4921.411 4930.505 4939.6 4948.694 4956.628 4964.432 4972.234 4980.038 4985.87 4987.673 4989.476 4991.279 4993.082 4991.808 4989.558 4987.307 4985.057 4982.017 4975.609 4969.202 4962.793 4956.386 4949.639 4942.686 4935.732 4928.778 4921.878 4915.978 4910.077 4904.176 4898.275 4893.522 4890.005 4886.488 4882.972 4879.455 4878.295 4877.362 4876.429 4875.496 4874.672 4874.061
4861.715 4857.136 4856.002 4856.05 4856.098 4856.146 4856.735 4859.872 4863.009 4866.146 4869.283 4872.982 4877.048 4881.113 4885.178 4889.314 4895.321 4901.327 4907.333 4913.34 4920.677 4929.53 4938.384 4947.238 4956.092 4963.258 4970.233 4977.208 4984.183 4989.329 4990.737 4992.145 4993.552 4994.959 4993.943 4992.158 4990.372 4988.586 4986.047 4980.292 4974.535 4968.779 4963.023 4956.707 4950.047 4943.387 4936.728 4930.081 4923.683 4917.286 4910.888 4904.49 4899.331 4895.503 4891.677 4887.85 4884.023 4882.997 4882.24 4881.483 4880.727 4880.119 4879.795
4872.695 4868.238 4867.287 4867.538 4867.789 4868.04 4868.796 4871.933 4875.07 4878.207 4881.344 4884.629 4888.011 4891.392 4894.773 4898.247 4904.152 4910.057 4915.962 4921.867 4929.037 4937.65 4946.263 4954.876 4963.49 4969.889 4976.035 4982.182 4988.328 4992.788 4993.8 4994.813 4995.825 4996.837 4996.079 4994.758 4993.437 4992.116 4990.078 4984.974 4979.87 4974.765 4969.661 4963.774 4957.409 4951.043 4944.677 4938.284 4931.389 4924.494 4917.6 4910.705 4905.139 4901.002 4896.865 4892.728 4888.591 4887.699 4887.119 4886.538 4885.958 4885.564 4885.53
4883.674 4879.34 4878.571 4879.025 4879.479 4879.933 4880.857 4883.994 4887.131 4890.268 4893.405 4896.276 4898.974 4901.671 4904.369 4907.179 4912.983 4918.786 4924.589 4930.393 4937.396 4945.769 4954.142 4962.515 4970.888 4976.518 4981.836 4987.155 4992.473 4996.248 4996.864 4997.481 4998.098 4998.715 4998.214 4997.358 4996.502 4995.646 4994.108 4989.656 4985.203 4980.751 4976.299 4970.842 4964.77 4958.698 4952.626 4946.487 4939.095 4931.703 4924.312 4916.919 4910.947 4906.5 4902.053 4897.606 4893.16 4892.401 4891.997 4891.593 4891.189 4891.01 4891.264
4895.705 4891.544 4890.881 4891.418 4891.956 4892.493 4893.44 4896.322 4899.203 4902.084 4904.966 4907.334 4909.37 4911.404 4913.439 4915.597 4921.007 4926.416 4931.826 4937.235 4943.825 4951.762 4959.699 4967.636 4975.572 4980.597 4985.291 4989.984 4994.677 4997.972 4998.406 4998.841 4999.275 4999.709 4999.472 4999.021 4998.57 4998.119 4997.044 4993.306 4989.567 4985.829 4982.09 4977.236 4971.698 4966.16 4960.622 4954.979 4947.396 4939.814 4932.231 4924.648 4918.475 4913.816 4909.159 4904.5 4899.843 4899.211 4898.966 4898.72 4898.475 4898.49 4899.003
4909.586 4905.688 4904.996 4905.405 4905.813 4906.223 4906.941 4909.117 4911.293 4913.469 4915.645 4917.357 4918.767 4920.176 4921.586 4923.108 4927.61 4932.111 4936.612 4941.113 4946.854 4954.011 4961.168 4968.325 4975.481 4980.187 4984.613 4989.039 4993.465 4996.644 4997.27 4997.897 4998.523 4999.15 4999.186 4999.035 4998.883 4998.731 4998.055 4995.14 4992.224 4989.309 4986.393 4982.444 4977.862 4973.281 4968.699 4963.982 4956.747 4949.511 4942.276 4935.04 4929.028 4924.333 4919.638 4914.943 4910.248 4909.729 4909.612 4909.495 4909.378 4909.549 4910.271
4923.468 4919.831 4919.111 4919.392 4919.672 4919.953 4920.442 4921.913 4923.383 4924.854 4926.325 4927.38 4928.164 4928.949 4929.733 4930.62 4934.213 4937.806 4941.398 4944.991 4949.884 4956.261 4962.637 4969.013 4975.39 4979.775 4983.935 4988.094 4992.253 4995.315 4996.134 4996.953 4997.772 4998.591 4998.901 4999.048 4999.196 4999.343 4999.066 4996.973 4994.881 4992.788 4990.695 4987.652 4984.027 4980.402 4976.777 4972.985 4966.097 4959.209 4952.321 4945.433 4939.583 4934.85 4930.118 4925.385 4920.652 4920.248 4920.259 4920.27 4920.281 4920.608 4921.538
4937.35 4933.975 4933.226 4933.378 4933.531 4933.683 4933.943 4934.708 4935.473 4936.239 4937.004 4937.402 4937.562 4937.721 4937.88 4938.132 4940.816 4943.5 4946.185 4948.869 4952.914 4958.51 4964.106 4969.702 4975.298 4979.365 4983.256 4987.148 4991.041 4993.986 4994.998 4996.009 4997.021 4998.032 4998.615 4999.062 4999.509 4999.956 5000.077 4998.807 4997.537 4996.268 4994.998 4992.86 4990.191 4987.523 4984.854 4981.988 4975.447 4968.906 4962.365 4955.825 4950.137 4945.367 4940.597 4935.827 4931.057 4930.766 4930.905 4931.045 4931.184 4931.667 4932.805
4951.231 4948.118 4947.34 4947.365 4947.389 4947.413 4947.443 4947.503 4947.563 4947.623 4947.683 4947.424 4946.958 4946.493 4946.027 4945.643 4947.419 4949.195 4950.971 4952.747 4955.943 4960.759 4965.575 4970.391 4975.207 4978.954 4982.579 4986.203 4989.828 4992.658 4993.861 4995.065 4996.269 4997.473 4998.33 4999.076 4999.822 5000.568 5001.087 5000.641 5000.194 4999.747 4999.3 4998.068 4996.356 4994.644 4992.932 4990.991 4984.797 4978.604 4972.41 4966.217 4960.691 4955.884 4951.076 4946.269 4941.461 4941.284 4941.552 4941.819 4942.087 4942.725 4944.072
4963.692 4960.789 4959.85 4959.585 4959.321 4959.056 4958.738 4958.166 4957.594 4957.023 4956.451 4955.475 4954.237 4952.999 4951.76 4950.588 4951.161 4951.733 4952.306 4952.878 4955.055 4959.06 4963.066 4967.071 4971.077 4974.325 4977.487 4980.65 4983.813 4986.483 4988.148 4989.813 4991.479 4993.144 4994.628 4996.055 4997.482 4998.909 5000.087 5000.203 5000.319 5000.435 5000.551 5000.032 4999.124 4998.217 4997.309 4996.181 4990.955 4985.729 4980.503 4975.277 4970.555 4966.374 4962.192 4958.011 4953.83 4953.927 4954.436 4954.944 4955.453 4956.442 4958.354
4975.823 4973.117 4971.986 4971.396 4970.805 4970.215 4969.52 4968.333 4967.147 4965.961 4964.775 4963.068 4961.023 4958.978 4956.932 4954.936 4954.237 4953.538 4952.839 4952.14 4953.257 4956.445 4959.633 4962.82 4966.008 4968.717 4971.373 4974.027 4976.682 4979.184 4981.373 4983.561 4985.75 4987.939 4990.133 4992.33 4994.526 4996.723 4998.62 4999.238 4999.856 5000.474 5001.092 5001.241 5001.104 5000.965 5000.827 5000.486 4996.372 4992.257 4988.143 4984.028 4980.258 4976.856 4973.455 4970.054 4966.653 4967.063 4967.838 4968.614 4969.39 4970.777 4973.334
4987.954 4985.446 4984.123 4983.207 4982.29 4981.374 4980.302 4978.501 4976.701 4974.9 4973.099 4970.661 4967.809 4964.957 4962.105 4959.285 4957.314 4955.343 4953.373 4951.402 4951.459 4953.829 4956.199 4958.57 4960.94 4963.11 4965.257 4967.404 4969.551 4971.884 4974.597 4977.309 4980.021 4982.734 4985.639 4988.605 4991.571 4994.537 4997.152 4998.273 4999.394 5000.514 5001.634 5002.451 5003.083 5003.714 5004.346 5004.792 5001.789 4998.786 4995.783 4992.78 4989.961 4987.34 4984.719 4982.098 4979.477 4980.198 4981.241 4982.284 4983.327 4985.112 4988.315
5000.084 4997.774 4996.259 4995.017 4993.774 4992.532 4991.084 4988.669 4986.253 4983.838 4981.423 4978.254 4974.595 4970.936 4967.277 4963.633 4960.391 4957.148 4953.906 4950.664 4949.661 4951.214 4952.766 4954.319 4955.872 4957.502 4959.142 4960.781 4962.421 4964.585 4967.821 4971.057 4974.293 4977.529 4981.145 4984.88 4988.615 4992.351 4995.685 4997.308 4998.931 5000.553 5002.176 5003.661 5005.062 5006.463 5007.864 5009.097 5007.205 5005.314 5003.422 5001.531 4999.664 4997.823 4995.982 4994.141 4992.3 4993.334 4994.644 4995.954 4997.264 4999.446 5003.296
5010.458 5008.132 5006.379 5004.824 5003.268 5001.712 4999.925 4997.047 4994.169 4991.291 4988.413 4984.625 4980.246 4975.867 4971.487 4967.105 4962.646 4958.188 4953.729 4949.271 4947.235 4947.961 4948.688 4949.415 4950.142 4951.329 4952.568 4953.807 4955.046 4957.08 4960.738 4964.396 4968.054 4971.712 4975.905 4980.268 4984.63 4988.993 4992.942 4995.123 4997.303 4999.484 5001.665 5003.866 5006.08 5008.293 5010.507 5012.572 5011.887 5011.202 5010.517 5009.832 5009.084 5008.271 5007.457 5006.642 5005.828 5007.189 5008.76 5010.33 5011.9 5014.381 5018.605
5015.85 5012.905 5010.787 5008.953 5007.12 5005.286 5003.264 5000.354 4997.444 4994.534 4991.624 4987.536 4982.681 4977.826 4972.971 4968.092 4962.575 4957.059 4951.542 4946.026 4943.029 4942.906 4942.783 4942.661 4942.538 4943.551 4944.694 4945.837 4946.98 4948.994 4952.785 4956.577 4960.368 4964.16 4968.555 4973.143 4977.729 4982.317 4986.583 4989.48 4992.377 4995.273 4998.17 5001.223 5004.372 5007.521 5010.669 5013.697 5014.487 5015.277 5016.066 5016.856 5017.705 5018.616 5019.528 5020.44 5021.352 5023.083 5024.895 5026.705 5028.516 5031.017 5034.84
5021.243 5017.678 5015.195 5013.083 5010.972 5008.86 5006.603 5003.661 5000.719 4997.777 4994.835 4990.446 4985.116 4979.785 4974.455 4969.079 4962.504 4955.93 4949.355 4942.781 4938.824 4937.851 4936.878 4935.906 4934.933 4935.774 4936.821 4937.868 4938.915 4940.907 4944.832 4948.757 4952.682 4956.607 4961.206 4966.017 4970.829 4975.641 4980.225 4983.837 4987.45 4991.063 4994.676 4998.581 5002.664 5006.748 5010.832 5014.822 5017.087 5019.352 5021.616 5023.881 5026.325 5028.963 5031.6 5034.238 5036.875 5038.978 5041.029 5043.081 5045.132 5047.653 5051.076
5026.636 5022.45 5019.602 5017.213 5014.823 5012.434 5009.942 5006.968 5003.994 5001.021 4998.046 4993.356 4987.55 4981.744 4975.938 4970.065 4962.433 4954.801 4947.168 4939.536 4934.618 4932.796 4930.974 4929.151 4927.329 4927.997 4928.947 4929.898 4930.849 4932.821 4936.879 4940.938 4944.997 4949.055 4953.856 4958.892 4963.928 4968.964 4973.866 4978.195 4982.523 4986.852 4991.181 4995.938 5000.957 5005.975 5010.994 5015.948 5019.687 5023.426 5027.166 5030.905 5034.945 5039.309 5043.672 5048.036 5052.399 5054.872 5057.164 5059.456 5061.747 5064.289 5067.311
5032.028 5027.223 5024.01 5021.342 5018.675 5016.008 5013.282 5010.275 5007.27 5004.263 5001.257 4996.267 4989.985 4983.704 4977.422 4971.053 4962.362 4953.672 4944.981 4936.292 4930.413 4927.741 4925.069 4922.397 4919.725 4920.219 4921.074 4921.929 4922.783 4924.734 4928.926 4933.119 4937.311 4941.503 4946.506 4951.767 4957.027 4962.288 4967.507 4972.552 4977.597 4982.642 4987.687 4993.295 4999.249 5005.203 5011.157 5017.073 5022.287 5027.501 5032.715 5037.93 5043.565 5049.655 5055.744 5061.833 5067.922 5070.766 5073.298 5075.831 5078.363 5080.925 5083.546
5032.156 5027.403 5024.191 5021.508 5018.825 5016.142 5013.351 5010.055 5006.758 5003.462 5000.166 4994.729 4987.9 4981.071 4974.242 4967.331 4958.27 4949.208 4940.146 4931.085 4924.872 4921.908 4918.945 4915.981 4913.017 4913.423 4914.211 4915.0 4915.789 4917.656 4921.728 4925.799 4929.871 4933.942 4938.992 4944.352 4949.711 4955.071 4960.495 4966.191 4971.887 4977.583 4983.28 4989.464 4995.947 5002.43 5008.913 5015.358 5021.098 5026.838 5032.579 5038.319 5044.539 5051.272 5058.006 5064.74 5071.473 5074.555 5077.286 5080.017 5082.748 5085.435 5088.038
5030.136 5025.708 5022.647 5020.055 5017.462 5014.87 5012.085 5008.394 5004.702 5001.01 4997.319 4991.376 4983.97 4976.564 4969.158 4961.688 4952.535 4943.383 4934.23 4925.078 4918.787 4915.759 4912.731 4909.703 4906.675 4907.026 4907.762 4908.497 4909.232 4910.99 4914.837 4918.685 4922.532 4926.378 4931.411 4936.818 4942.227 4947.634 4953.215 4959.537 4965.858 4972.18 4978.501 4985.148 4991.994 4998.84 5005.687 5012.484 5018.363 5024.243 5030.122 5036.001 5042.39 5049.327 5056.264 5063.2 5070.137 5073.402 5076.315 5079.228 5082.14 5084.994 5087.736
5028.115 5024.014 5021.104 5018.602 5016.101 5013.599 5010.819 5006.732 5002.646 4998.558 4994.471 4988.023 4980.04 4972.057 4964.073 4956.044 4946.801 4937.558 4928.314 4919.071 4912.702 4909.61 4906.518 4903.426 4900.333 4900.63 4901.312 4901.994 4902.676 4904.324 4907.947 4911.569 4915.192 4918.814 4923.829 4929.285 4934.741 4940.197 4945.936 4952.882 4959.829 4966.776 4973.722 4980.832 4988.042 4995.251 5002.461 5009.609 5015.628 5021.646 5027.665 5033.683 5040.242 5047.381 5054.521 5061.661 5068.801 5072.25 5075.344 5078.438 5081.532 5084.554 5087.435
5026.095 5022.319 5019.56 5017.149 5014.738 5012.328 5009.554 5005.071 5000.589 4996.106 4991.624 4984.67 4976.11 4967.55 4958.989 4950.4 4941.066 4931.732 4922.398 4913.064 4906.617 4903.46 4900.304 4897.148 4893.992 4894.234 4894.862 4895.491 4896.12 4897.658 4901.056 4904.454 4907.853 4911.251 4916.248 4921.752 4927.256 4932.76 4938.657 4946.229 4953.8 4961.372 4968.943 4976.516 4984.089 4991.662 4999.235 5006.735 5012.893 5019.05 5025.208 5031.365 5038.093 5045.436 5052.779 5060.122 5067.465 5071.097 5074.373 5077.649 5080.925 5084.113 5087.133
5022.958 5019.569 5016.995 5014.7 5012.405 5010.109 5007.362 5002.487 4997.611 4992.736 4987.861 4980.476 4971.459 4962.443 4953.426 4944.4 4935.116 4925.832 4916.547 4907.263 4900.822 4897.624 4894.425 4891.228 4888.029 4888.22 4888.795 4889.372 4889.948 4891.391 4894.607 4897.824 4901.04 4904.257 4909.237 4914.778 4920.318 4925.858 4931.887 4939.999 4948.112 4956.224 4964.337 4972.281 4980.123 4987.965 4995.807 5003.562 5009.711 5015.86 5022.008 5028.157 5034.906 5042.301 5049.695 5057.089 5064.484 5068.206 5071.576 5074.946 5078.315 5081.613 5084.772
