data/zism_data/00638_02_D.txt
ncols         224
nrows         224
[rows 28 to 55 of 224, columns 63 to 125 of 224]
4360.229 4355.437 4350.645 4345.852 4340.651 4335.432 4330.213 4324.994 4320.283 4316.274 4312.266 4308.257 4304.248 4304.88 4306.122 4307.363 4308.604 4310.779 4314.707 4318.634 4322.562 4326.489 4330.324 4334.136 4337.949 4341.762 4346.208 4352.324 4358.439 4364.555 4370.67 4378.088 4385.966 4393.845 4401.723 4409.392 4416.239 4423.086 4429.934 4436.782 4443.262 4449.558 4455.854 4462.15 4468.458 4474.846 4481.233 4487.621 4494.009 4499.865 4505.36 4510.854 4516.348 4521.499 4521.064 4520.629 4520.195 4519.76 4517.051 4512.257 4507.463 4502.668 4497.875
4361.356 4356.37 4351.384 4346.397 4341.229 4336.053 4330.877 4325.701 4321.054 4317.137 4313.22 4309.302 4305.385 4306.442 4308.151 4309.86 4311.57 4314.277 4318.856 4323.435 4328.014 4332.593 4336.707 4340.713 4344.72 4348.727 4353.364 4359.663 4365.961 4372.259 4378.558 4385.972 4393.78 4401.588 4409.396 4416.946 4423.481 4430.017 4436.552 4443.087 4449.442 4455.706 4461.97 4468.233 4474.493 4480.725 4486.956 4493.188 4499.419 4505.11 4510.432 4515.754 4521.076 4526.04 4525.18 4524.32 4523.46 4522.601 4519.46 4514.23 4509.0 4503.77 4498.54
4362.483 4357.303 4352.123 4346.943 4341.808 4336.675 4331.542 4326.409 4321.825 4317.999 4314.173 4310.348 4306.522 4308.003 4310.181 4312.359 4314.536 4317.775 4323.006 4328.236 4333.466 4338.696 4343.09 4347.291 4351.491 4355.691 4360.52 4367.001 4373.482 4379.964 4386.445 4393.855 4401.594 4409.332 4417.07 4424.5 4430.724 4436.947 4443.17 4449.393 4455.622 4461.854 4468.085 4474.316 4480.528 4486.604 4492.679 4498.754 4504.83 4510.355 4515.505 4520.655 4525.805 4530.581 4529.296 4528.011 4526.726 4525.441 4521.87 4516.204 4510.538 4504.872 4499.206
4364.028 4358.812 4353.596 4348.38 4343.316 4338.259 4333.202 4328.145 4323.731 4320.206 4316.681 4313.156 4309.63 4311.477 4314.027 4316.578 4319.128 4322.729 4328.298 4333.868 4339.438 4345.008 4349.686 4354.157 4358.628 4363.099 4368.13 4374.637 4381.144 4387.651 4394.158 4401.331 4408.738 4416.146 4423.554 4430.693 4436.78 4442.868 4448.955 4455.042 4461.198 4467.39 4473.583 4479.774 4485.96 4492.107 4498.254 4504.4 4510.547 4516.099 4521.246 4526.392 4531.538 4536.292 4534.666 4533.04 4531.414 4529.788 4525.901 4519.941 4513.982 4508.023 4502.064
4365.769 4360.59 4355.412 4350.234 4345.259 4340.293 4335.328 4330.362 4326.17 4323.043 4319.916 4316.789 4313.662 4315.844 4318.723 4321.602 4324.481 4328.363 4334.127 4339.89 4345.654 4351.417 4356.381 4361.159 4365.937 4370.714 4375.955 4382.413 4388.872 4395.33 4401.788 4408.614 4415.57 4422.525 4429.481 4436.25 4442.283 4448.316 4454.349 4460.382 4466.493 4472.641 4478.791 4484.939 4491.111 4497.435 4503.76 4510.084 4516.408 4522.077 4527.299 4532.521 4537.742 4542.549 4540.622 4538.694 4536.767 4534.839 4530.69 4524.505 4518.32 4512.135 4505.95
4367.51 4362.369 4357.229 4352.088 4347.202 4342.328 4337.454 4332.58 4328.608 4325.879 4323.15 4320.422 4317.693 4320.212 4323.419 4326.626 4329.833 4333.998 4339.955 4345.912 4351.869 4357.827 4363.076 4368.16 4373.245 4378.33 4383.779 4390.189 4396.599 4403.009 4409.418 4415.898 4422.401 4428.905 4435.408 4441.806 4447.785 4453.764 4459.744 4465.723 4471.787 4477.892 4483.998 4490.104 4496.262 4502.763 4509.266 4515.767 4522.269 4528.055 4533.352 4538.649 4543.946 4548.806 4546.578 4544.349 4542.12 4539.891 4535.48 4529.069 4522.658 4516.246 4509.835
4369.25 4364.147 4359.045 4353.942 4349.146 4344.363 4339.581 4334.798 4331.046 4328.715 4326.385 4324.055 4321.725 4324.58 4328.115 4331.651 4335.187 4339.631 4345.783 4351.934 4358.085 4364.236 4369.771 4375.162 4380.553 4385.945 4391.603 4397.965 4404.326 4410.688 4417.049 4423.182 4429.233 4435.284 4441.335 4447.361 4453.287 4459.212 4465.138 4471.063 4477.081 4483.143 4489.206 4495.269 4501.412 4508.091 4514.771 4521.451 4528.13 4534.033 4539.405 4544.777 4550.15 4555.064 4552.534 4550.003 4547.473 4544.943 4540.27 4533.632 4526.995 4520.358 4513.72
4370.817 4365.77 4360.722 4355.674 4350.981 4346.304 4341.627 4336.95 4333.428 4331.5 4329.571 4327.643 4325.714 4328.871 4332.695 4336.519 4340.342 4345.028 4351.329 4357.63 4363.932 4370.233 4376.031 4381.713 4387.394 4393.076 4398.938 4405.278 4411.618 4417.958 4424.297 4430.126 4435.774 4441.422 4447.071 4452.762 4458.621 4464.48 4470.339 4476.198 4482.191 4488.25 4494.311 4500.37 4506.538 4513.422 4520.307 4527.191 4534.076 4540.087 4545.501 4550.916 4556.331 4561.266 4558.412 4555.558 4552.704 4549.85 4544.889 4537.997 4531.104 4524.212 4517.32
4371.221 4366.345 4361.47 4356.594 4352.099 4347.622 4343.144 4338.666 4335.438 4333.935 4332.432 4330.928 4329.425 4332.65 4336.496 4340.341 4344.186 4348.837 4354.999 4361.16 4367.321 4373.482 4379.398 4385.257 4391.117 4396.976 4403.01 4409.506 4416.001 4422.497 4428.993 4434.807 4440.38 4445.953 4451.526 4457.126 4462.834 4468.543 4474.251 4479.959 4486.078 4492.401 4498.725 4505.048 4511.496 4518.768 4526.04 4533.312 4540.584 4546.647 4551.884 4557.121 4562.358 4567.098 4563.771 4560.443 4557.115 4553.787 4548.367 4541.028 4533.689 4526.35 4519.011
4371.625 4366.921 4362.218 4357.515 4353.218 4348.939 4344.66 4340.382 4337.448 4336.37 4335.292 4334.214 4333.136 4336.429 4340.296 4344.163 4348.03 4352.646 4358.667 4364.689 4370.71 4376.732 4382.766 4388.802 4394.839 4400.875 4407.082 4413.733 4420.385 4427.037 4433.689 4439.488 4444.985 4450.483 4455.981 4461.491 4467.048 4472.606 4478.164 4483.721 4489.965 4496.552 4503.14 4509.727 4516.454 4524.114 4531.773 4539.433 4547.093 4553.207 4558.267 4563.326 4568.385 4572.931 4569.129 4565.328 4561.527 4557.725 4551.845 4544.059 4536.273 4528.488 4520.702
4372.028 4367.497 4362.966 4358.435 4354.336 4350.256 4346.177 4342.098 4339.458 4338.805 4338.152 4337.5 4336.847 4340.208 4344.097 4347.985 4351.874 4356.455 4362.337 4368.218 4374.1 4379.981 4386.133 4392.347 4398.561 4404.775 4411.153 4417.961 4424.769 4431.577 4438.385 4444.169 4449.591 4455.014 4460.436 4465.855 4471.262 4476.669 4482.076 4487.483 4493.853 4500.703 4507.554 4514.405 4521.412 4529.459 4537.507 4545.554 4553.601 4559.767 4564.649 4569.53 4574.412 4578.763 4574.488 4570.213 4565.938 4561.663 4555.323 4547.091 4538.858 4530.625 4522.393
4372.432 4368.073 4363.714 4359.355 4355.454 4351.574 4347.694 4343.813 4341.468 4341.241 4341.013 4340.785 4340.558 4343.988 4347.897 4351.808 4355.717 4360.264 4366.006 4371.747 4377.489 4383.23 4389.5 4395.892 4402.284 4408.675 4415.225 4422.189 4429.153 4436.117 4443.081 4448.85 4454.197 4459.544 4464.891 4470.219 4475.476 4480.732 4485.988 4491.245 4497.74 4504.854 4511.969 4519.083 4526.371 4534.805 4543.24 4551.675 4560.109 4566.327 4571.031 4575.735 4580.439 4584.596 4579.847 4575.098 4570.35 4565.601 4558.802 4550.122 4541.443 4532.764 4524.084
4373.297 4369.126 4364.956 4360.784 4357.109 4353.456 4349.803 4346.149 4344.06 4344.126 4344.193 4344.259 4344.326 4347.685 4351.476 4355.267 4359.058 4363.459 4369.005 4374.55 4380.096 4385.641 4391.954 4398.446 4404.938 4411.429 4418.082 4425.162 4432.241 4439.321 4446.4 4452.246 4457.654 4463.063 4468.472 4473.869 4479.218 4484.566 4489.916 4495.264 4501.991 4509.407 4516.823 4524.239 4531.8 4540.333 4548.865 4557.396 4565.929 4571.9 4576.125 4580.348 4584.572 4588.265 4583.329 4578.394 4573.459 4568.524 4561.503 4552.57 4543.638 4534.705 4525.773
4374.498 4370.526 4366.554 4362.583 4359.152 4355.747 4352.342 4348.936 4347.074 4347.339 4347.605 4347.871 4348.136 4351.323 4354.894 4358.464 4362.034 4366.209 4371.518 4376.826 4382.135 4387.443 4393.747 4400.282 4406.816 4413.351 4420.059 4427.225 4434.391 4441.557 4448.722 4454.708 4460.279 4465.85 4471.42 4477.0 4482.618 4488.236 4493.854 4499.472 4506.507 4514.251 4521.996 4529.74 4537.572 4545.991 4554.411 4562.829 4571.249 4576.759 4580.283 4583.807 4587.331 4590.366 4585.452 4580.538 4575.625 4570.711 4563.642 4554.596 4545.55 4536.504 4527.459
4375.699 4371.926 4368.153 4364.381 4361.196 4358.038 4354.88 4351.722 4350.087 4350.552 4351.017 4351.481 4351.946 4354.961 4358.311 4361.661 4365.01 4368.959 4374.031 4379.103 4384.174 4389.246 4395.54 4402.118 4408.695 4415.273 4422.036 4429.288 4436.54 4443.792 4451.043 4457.172 4462.904 4468.636 4474.367 4480.131 4486.018 4491.905 4497.792 4503.679 4511.023 4519.096 4527.168 4535.241 4543.344 4551.65 4559.956 4568.262 4576.568 4581.617 4584.441 4587.265 4590.09 4592.466 4587.574 4582.682 4577.79 4572.898 4565.78 4556.621 4547.463 4538.304 4529.146
4376.899 4373.326 4369.752 4366.179 4363.24 4360.329 4357.419 4354.509 4353.101 4353.765 4354.429 4355.092 4355.756 4358.6 4361.729 4364.857 4367.986 4371.709 4376.544 4381.379 4386.214 4391.048 4397.333 4403.954 4410.574 4417.195 4424.013 4431.351 4438.689 4446.027 4453.365 4459.635 4465.528 4471.422 4477.315 4483.262 4489.418 4495.574 4501.73 4507.887 4515.539 4523.94 4532.341 4540.742 4549.116 4557.309 4565.502 4573.695 4581.888 4586.475 4588.6 4590.724 4592.849 4594.567 4589.697 4584.826 4579.956 4575.085 4567.918 4558.646 4549.375 4540.104 4530.832
4378.102 4374.724 4371.346 4367.969 4365.272 4362.607 4359.942 4357.277 4356.095 4356.958 4357.82 4358.683 4359.545 4362.224 4365.14 4368.056 4370.973 4374.476 4379.08 4383.683 4388.287 4392.891 4399.167 4405.831 4412.496 4419.16 4426.031 4433.443 4440.856 4448.269 4455.682 4462.083 4468.129 4474.174 4480.219 4486.341 4492.763 4499.186 4505.607 4512.029 4519.984 4528.705 4537.426 4546.146 4554.783 4562.859 4570.935 4579.01 4587.086 4591.219 4592.661 4594.102 4595.542 4596.619 4591.777 4586.935 4582.093 4577.25 4570.04 4560.658 4551.276 4541.894 4532.512
4379.37 4376.073 4372.776 4369.479 4366.946 4364.448 4361.95 4359.451 4358.442 4359.488 4360.534 4361.58 4362.625 4365.372 4368.342 4371.313 4374.282 4377.806 4382.366 4386.927 4391.488 4396.048 4402.373 4409.107 4415.842 4422.577 4429.413 4436.52 4443.625 4450.731 4457.837 4464.036 4469.914 4475.792 4481.671 4487.691 4494.27 4500.848 4507.426 4514.004 4522.036 4530.794 4539.553 4548.311 4556.947 4564.764 4572.582 4580.399 4588.216 4592.162 4593.463 4594.764 4596.065 4597.025 4592.441 4587.857 4583.273 4578.689 4571.591 4562.188 4552.784 4543.38 4533.977
4380.638 4377.422 4374.206 4370.989 4368.62 4366.288 4363.957 4361.625 4360.79 4362.019 4363.248 4364.476 4365.705 4368.521 4371.544 4374.568 4377.592 4381.136 4385.653 4390.171 4394.688 4399.206 4405.58 4412.384 4419.189 4425.993 4432.796 4439.595 4446.394 4453.193 4459.992 4465.988 4471.699 4477.411 4483.123 4489.042 4495.776 4502.51 4509.244 4515.979 4524.087 4532.883 4541.68 4550.476 4559.111 4566.669 4574.229 4581.788 4589.347 4593.104 4594.265 4595.426 4596.587 4597.431 4593.105 4588.78 4584.454 4580.128 4573.143 4563.717 4554.292 4544.867 4535.442
4381.906 4378.771 4375.635 4372.5 4370.293 4368.128 4365.964 4363.799 4363.138 4364.549 4365.961 4367.373 4368.785 4371.669 4374.747 4377.825 4380.902 4384.466 4388.94 4393.415 4397.89 4402.364 4408.786 4415.661 4422.535 4429.41 4436.179 4442.671 4449.163 4455.655 4462.147 4467.939 4473.484 4479.029 4484.574 4490.392 4497.282 4504.172 4511.063 4517.953 4526.139 4534.973 4543.807 4552.641 4561.274 4568.575 4575.875 4583.176 4590.477 4594.046 4595.067 4596.089 4597.11 4597.836 4593.769 4589.702 4585.635 4581.568 4574.694 4565.247 4555.801 4546.354 4536.908
4383.174 4380.12 4377.065 4374.01 4371.966 4369.969 4367.971 4365.973 4365.485 4367.08 4368.675 4370.27 4371.864 4374.818 4377.949 4381.081 4384.212 4387.796 4392.228 4396.659 4401.09 4405.522 4411.993 4418.937 4425.882 4432.826 4439.561 4445.747 4451.932 4458.118 4464.303 4469.892 4475.27 4480.647 4486.025 4491.742 4498.788 4505.835 4512.881 4519.928 4528.191 4537.062 4545.934 4554.805 4563.438 4570.48 4577.523 4584.565 4591.607 4594.989 4595.87 4596.751 4597.632 4598.242 4594.433 4590.625 4586.815 4583.007 4576.246 4566.777 4557.309 4547.841 4538.373
4384.048 4381.131 4378.213 4375.296 4373.42 4371.592 4369.764 4367.936 4367.598 4369.316 4371.035 4372.753 4374.472 4377.43 4380.551 4383.672 4386.793 4390.412 4394.962 4399.513 4404.063 4408.614 4415.131 4422.104 4429.077 4436.05 4442.751 4448.735 4454.719 4460.704 4466.688 4472.202 4477.549 4482.896 4488.244 4494.023 4501.499 4508.974 4516.45 4523.925 4532.26 4541.025 4549.79 4558.555 4567.019 4573.473 4579.927 4586.382 4592.836 4595.83 4596.461 4597.091 4597.722 4598.082 4594.042 4590.003 4585.963 4581.924 4575.043 4565.559 4556.075 4546.59 4537.105
4384.492 4381.773 4379.055 4376.337 4374.635 4372.979 4371.323 4369.667 4369.454 4371.232 4373.01 4374.787 4376.565 4379.458 4382.499 4385.54 4388.58 4392.249 4397.095 4401.941 4406.788 4411.635 4418.194 4425.151 4432.108 4439.065 4445.73 4451.629 4457.527 4463.425 4469.323 4474.902 4480.368 4485.833 4491.299 4497.32 4505.522 4513.725 4521.927 4530.129 4538.53 4547.031 4555.533 4564.034 4572.145 4577.652 4583.159 4588.666 4594.173 4596.562 4596.821 4597.08 4597.339 4597.305 4592.501 4587.697 4582.894 4578.09 4570.838 4561.343 4551.848 4542.353 4532.857
4384.936 4382.417 4379.897 4377.378 4375.85 4374.366 4372.882 4371.398 4371.311 4373.147 4374.984 4376.821 4378.658 4381.487 4384.447 4387.406 4390.366 4394.085 4399.228 4404.37 4409.513 4414.655 4421.257 4428.198 4435.139 4442.08 4448.71 4454.522 4460.334 4466.146 4471.958 4477.602 4483.186 4488.771 4494.354 4500.618 4509.546 4518.475 4527.404 4536.333 4544.8 4553.038 4561.275 4569.513 4577.271 4581.83 4586.39 4590.95 4595.51 4597.293 4597.181 4597.069 4596.957 4596.528 4590.96 4585.392 4579.824 4574.256 4566.633 4557.127 4547.621 4538.115 4528.609
4385.379 4383.06 4380.739 4378.419 4377.064 4375.752 4374.441 4373.13 4373.167 4375.063 4376.958 4378.854 4380.75 4383.515 4386.394 4389.273 4392.152 4395.921 4401.36 4406.798 4412.237 4417.676 4424.321 4431.245 4438.17 4445.095 4451.689 4457.416 4463.141 4468.867 4474.593 4480.302 4486.004 4491.707 4497.41 4503.915 4513.57 4523.226 4532.88 4542.536 4551.07 4559.044 4567.018 4574.991 4582.396 4586.009 4589.622 4593.234 4596.846 4598.025 4597.542 4597.058 4596.574 4595.751 4589.419 4583.086 4576.754 4570.422 4562.428 4552.911 4543.395 4533.877 4524.361
4385.823 4383.702 4381.582 4379.46 4378.279 4377.14 4376.0 4374.861 4375.022 4376.978 4378.933 4380.888 4382.843 4385.544 4388.342 4391.14 4393.938 4397.758 4403.493 4409.227 4414.962 4420.697 4427.384 4434.292 4441.201 4448.11 4454.669 4460.309 4465.948 4471.588 4477.228 4483.002 4488.823 4494.644 4500.465 4507.212 4517.594 4527.976 4538.358 4548.74 4557.34 4565.05 4572.76 4580.47 4587.522 4590.188 4592.853 4595.518 4598.183 4598.756 4597.901 4597.046 4596.191 4594.975 4587.878 4580.781 4573.685 4566.587 4558.223 4548.695 4539.167 4529.64 4520.112
4386.48 4384.474 4382.467 4380.46 4379.443 4378.471 4377.5 4376.527 4376.739 4378.584 4380.429 4382.273 4384.118 4386.845 4389.687 4392.529 4395.371 4399.265 4405.131 4410.997 4416.863 4422.729 4429.53 4436.547 4443.564 4450.581 4457.229 4462.908 4468.587 4474.265 4479.944 4485.974 4492.128 4498.282 4504.437 4511.471 4521.966 4532.46 4542.955 4553.45 4561.739 4568.925 4576.112 4583.299 4589.833 4592.021 4594.208 4596.395 4598.582 4598.717 4597.451 4596.185 4594.918 4593.269 4585.403 4577.537 4569.671 4561.805 4552.832 4542.844 4532.857 4522.869 4512.881
4387.153 4385.254 4383.355 4381.457 4380.604 4379.799 4378.994 4378.189 4378.445 4380.166 4381.887 4383.608 4385.329 4388.089 4390.985 4393.881 4396.777 4400.747 4406.731 4412.716 4418.7 4424.685 4431.604 4438.739 4445.875 4453.01 4459.758 4465.485 4471.212 4476.939 4482.666 4488.967 4495.471 4501.975 4508.479 4515.806 4526.365 4536.924 4547.483 4558.042 4565.991 4572.634 4579.277 4585.92 4591.924 4593.67 4595.416 4597.162 4598.907 4598.617 4596.937 4595.256 4593.575 4591.491 4582.855 4574.219 4565.584 4556.948 4547.349 4536.866 4526.383 4515.9 4505.417
