data/zism_data/00632_03_D.txt
ncols         224
nrows         224
[rows 28 to 55 of 224, columns 128 to 191 of 224]
1100.3 1100.248 1100.197 1100.146 1100.094 1100.718 1101.548 1102.377 1103.207 1104.178 1106.396 1108.613 1110.831 1113.048 1114.999 1116.604 1118.209 1119.814 1121.42 1122.234 1122.815 1123.396 1123.976 1124.789 1127.512 1130.236 1132.959 1135.683 1140.015 1146.366 1152.718 1159.069 1165.42 1171.96 1178.553 1185.146 1191.739 1198.152 1203.175 1208.197 1213.22 1218.242 1221.775 1223.486 1225.197 1226.908 1228.62 1228.386 1227.621 1226.856 1226.091 1225.207 1223.458 1221.708 1219.959 1218.209 1216.364 1214.404 1212.444 1210.484 1208.524 1206.56 1204.596 1202.632
1101.768 1101.365 1100.962 1100.559 1100.156 1100.513 1101.101 1101.689 1102.277 1102.981 1104.707 1106.434 1108.161 1109.887 1111.402 1112.643 1113.885 1115.126 1116.368 1117.052 1117.571 1118.091 1118.611 1119.419 1122.61 1125.801 1128.992 1132.183 1136.845 1143.354 1149.863 1156.372 1162.881 1169.074 1175.177 1181.28 1187.384 1193.336 1198.113 1202.891 1207.669 1212.446 1215.823 1217.484 1219.146 1220.808 1222.471 1222.474 1222.025 1221.576 1221.126 1220.587 1219.389 1218.191 1216.993 1215.796 1214.382 1212.71 1211.039 1209.368 1207.697 1206.015 1204.33 1202.645
1103.499 1102.705 1101.91 1101.115 1100.321 1100.45 1100.86 1101.271 1101.681 1102.179 1103.44 1104.702 1105.964 1107.226 1108.333 1109.24 1110.148 1111.055 1111.962 1112.566 1113.081 1113.595 1114.109 1114.962 1118.601 1122.241 1125.882 1129.521 1134.425 1140.912 1147.401 1153.889 1160.377 1166.109 1171.628 1177.147 1182.665 1188.075 1192.644 1197.213 1201.782 1206.35 1209.584 1211.183 1212.782 1214.382 1215.981 1216.218 1216.082 1215.945 1215.809 1215.619 1215.032 1214.445 1213.858 1213.271 1212.316 1210.921 1209.527 1208.132 1206.738 1205.32 1203.897 1202.473
1105.23 1104.044 1102.858 1101.672 1100.485 1100.387 1100.62 1100.853 1101.086 1101.376 1102.173 1102.97 1103.768 1104.565 1105.264 1105.837 1106.41 1106.984 1107.557 1108.081 1108.59 1109.099 1109.608 1110.504 1114.593 1118.682 1122.771 1126.86 1132.004 1138.471 1144.938 1151.406 1157.873 1163.145 1168.079 1173.013 1177.947 1182.815 1187.175 1191.535 1195.895 1200.255 1203.345 1204.881 1206.418 1207.955 1209.491 1209.961 1210.138 1210.315 1210.492 1210.651 1210.675 1210.699 1210.723 1210.747 1210.25 1209.132 1208.015 1206.897 1205.779 1204.626 1203.463 1202.301
1106.961 1105.384 1103.806 1102.228 1100.65 1100.324 1100.379 1100.435 1100.49 1100.574 1100.906 1101.239 1101.571 1101.904 1102.195 1102.434 1102.673 1102.912 1103.151 1103.595 1104.099 1104.603 1105.107 1106.047 1110.585 1115.123 1119.661 1124.199 1129.583 1136.03 1142.476 1148.922 1155.369 1160.181 1164.53 1168.879 1173.228 1177.554 1181.705 1185.857 1190.008 1194.159 1197.106 1198.58 1200.054 1201.528 1203.002 1203.704 1204.194 1204.685 1205.175 1205.683 1206.318 1206.953 1207.588 1208.223 1208.184 1207.343 1206.502 1205.661 1204.82 1203.931 1203.03 1202.128
1110.133 1107.982 1105.831 1103.68 1101.53 1100.879 1100.685 1100.492 1100.298 1100.122 1100.095 1100.069 1100.042 1100.015 1100.0 1100.0 1100.0 1100.0 1100.0 1100.393 1100.903 1101.412 1101.921 1102.887 1107.626 1112.365 1117.104 1121.843 1127.263 1133.54 1139.817 1146.094 1152.371 1156.679 1160.428 1164.177 1167.926 1171.69 1175.569 1179.447 1183.325 1187.204 1190.025 1191.554 1193.083 1194.612 1196.14 1197.232 1198.204 1199.175 1200.147 1201.148 1202.363 1203.578 1204.792 1206.007 1206.394 1205.796 1205.197 1204.599 1204.0 1203.334 1202.651 1201.967
1116.923 1113.744 1110.565 1107.385 1104.206 1102.986 1102.365 1101.743 1101.122 1100.551 1100.43 1100.309 1100.189 1100.068 1100.0 1100.0 1100.0 1100.0 1100.0 1100.418 1100.958 1101.499 1102.039 1102.988 1107.303 1111.619 1115.935 1120.251 1125.196 1130.93 1136.664 1142.397 1148.131 1151.823 1154.935 1158.047 1161.159 1164.31 1167.755 1171.199 1174.645 1178.089 1180.83 1182.708 1184.587 1186.466 1188.344 1190.22 1192.095 1193.971 1195.846 1197.702 1199.417 1201.133 1202.849 1204.565 1205.297 1204.855 1204.413 1203.971 1203.529 1202.983 1202.409 1201.835
1123.714 1119.506 1115.298 1111.09 1106.882 1105.094 1104.044 1102.994 1101.945 1100.98 1100.765 1100.55 1100.336 1100.121 1100.0 1100.0 1100.0 1100.0 1100.0 1100.442 1101.014 1101.586 1102.157 1103.088 1106.981 1110.874 1114.767 1118.66 1123.128 1128.319 1133.51 1138.701 1143.891 1146.967 1149.442 1151.917 1154.392 1156.929 1159.94 1162.952 1165.964 1168.975 1171.635 1173.863 1176.092 1178.32 1180.548 1183.209 1185.987 1188.766 1191.544 1194.255 1196.472 1198.689 1200.906 1203.123 1204.199 1203.914 1203.628 1203.343 1203.058 1202.631 1202.167 1201.703
1130.505 1125.268 1120.031 1114.795 1109.558 1107.202 1105.724 1104.246 1102.768 1101.409 1101.1 1100.791 1100.482 1100.174 1100.0 1100.0 1100.0 1100.0 1100.0 1100.466 1101.069 1101.672 1102.276 1103.188 1106.658 1110.129 1113.599 1117.069 1121.061 1125.709 1130.356 1135.004 1139.652 1142.111 1143.949 1145.787 1147.625 1149.548 1152.126 1154.704 1157.283 1159.861 1162.439 1165.018 1167.596 1170.174 1172.752 1176.197 1179.879 1183.561 1187.243 1190.808 1193.527 1196.245 1198.963 1201.682 1203.101 1202.973 1202.844 1202.715 1202.587 1202.279 1201.925 1201.571
1137.295 1131.03 1124.765 1118.5 1112.234 1109.309 1107.403 1105.497 1103.591 1101.838 1101.435 1101.032 1100.629 1100.227 1100.0 1100.0 1100.0 1100.0 1100.0 1100.49 1101.125 1101.759 1102.394 1103.289 1106.336 1109.383 1112.43 1115.477 1118.993 1123.098 1127.203 1131.307 1135.412 1137.255 1138.456 1139.657 1140.858 1142.167 1144.312 1146.457 1148.602 1150.747 1153.244 1156.172 1159.1 1162.028 1164.956 1169.186 1173.771 1178.356 1182.942 1187.362 1190.581 1193.801 1197.021 1200.24 1202.004 1202.032 1202.06 1202.088 1202.116 1201.928 1201.683 1201.438
1144.877 1138.194 1131.512 1124.829 1118.147 1114.672 1112.175 1109.678 1107.182 1104.851 1103.985 1103.118 1102.252 1101.385 1100.818 1100.637 1100.456 1100.275 1100.094 1100.468 1101.006 1101.543 1102.081 1102.838 1105.409 1107.981 1110.552 1113.123 1116.169 1119.81 1123.451 1127.092 1130.733 1132.174 1132.991 1133.808 1134.624 1135.551 1137.327 1139.102 1140.878 1142.653 1145.241 1148.82 1152.4 1155.98 1159.56 1164.511 1169.837 1175.164 1180.49 1185.582 1188.971 1192.36 1195.749 1199.137 1200.972 1200.953 1200.933 1200.914 1200.895 1200.85 1200.798 1200.746
1152.762 1145.897 1139.032 1132.167 1125.301 1121.283 1118.134 1114.985 1111.835 1108.857 1107.385 1105.912 1104.44 1102.968 1101.951 1101.519 1101.088 1100.656 1100.224 1100.428 1100.82 1101.211 1101.602 1102.175 1104.251 1106.326 1108.402 1110.477 1113.054 1116.262 1119.469 1122.677 1125.885 1127.006 1127.536 1128.065 1128.595 1129.228 1130.659 1132.09 1133.521 1134.952 1137.695 1142.042 1146.389 1150.737 1155.084 1160.733 1166.738 1172.743 1178.749 1184.443 1187.873 1191.304 1194.734 1198.165 1199.965 1199.82 1199.676 1199.531 1199.387 1199.493 1199.666 1199.838
1160.648 1153.6 1146.552 1139.504 1132.456 1127.895 1124.093 1120.291 1116.489 1112.862 1110.785 1108.707 1106.629 1104.551 1103.083 1102.401 1101.719 1101.036 1100.354 1100.388 1100.633 1100.879 1101.124 1101.513 1103.092 1104.672 1106.251 1107.83 1109.94 1112.714 1115.488 1118.262 1121.036 1121.839 1122.081 1122.323 1122.566 1122.905 1123.991 1125.078 1126.164 1127.251 1130.149 1135.264 1140.379 1145.493 1150.608 1156.955 1163.639 1170.323 1177.007 1183.303 1186.775 1190.248 1193.72 1197.192 1198.958 1198.688 1198.418 1198.148 1197.879 1198.137 1198.534 1198.931
1168.533 1161.302 1154.072 1146.841 1139.61 1134.506 1130.052 1125.597 1121.143 1116.868 1114.185 1111.501 1108.818 1106.134 1104.216 1103.283 1102.35 1101.417 1100.484 1100.349 1100.447 1100.546 1100.645 1100.85 1101.934 1103.017 1104.1 1105.184 1106.825 1109.166 1111.506 1113.847 1116.188 1116.671 1116.626 1116.581 1116.536 1116.582 1117.323 1118.065 1118.807 1119.549 1122.603 1128.485 1134.368 1140.25 1146.132 1153.177 1160.54 1167.903 1175.266 1182.164 1185.678 1189.192 1192.706 1196.22 1197.951 1197.556 1197.161 1196.766 1196.37 1196.78 1197.401 1198.023
1175.821 1168.546 1161.271 1153.996 1146.72 1141.16 1136.122 1131.084 1126.046 1121.189 1117.921 1114.652 1111.384 1108.116 1105.731 1104.482 1103.233 1101.984 1100.735 1100.412 1100.361 1100.31 1100.26 1100.284 1100.927 1101.571 1102.214 1102.858 1104.062 1105.969 1107.877 1109.784 1111.692 1111.907 1111.641 1111.375 1111.109 1110.938 1111.493 1112.047 1112.602 1113.157 1116.391 1122.902 1129.412 1135.923 1142.434 1150.013 1157.885 1165.758 1173.63 1180.974 1184.471 1187.968 1191.465 1194.962 1196.623 1196.095 1195.568 1195.04 1194.512 1195.09 1195.959 1196.829
1179.986 1173.39 1166.793 1160.197 1153.601 1148.03 1142.773 1137.516 1132.259 1127.156 1123.413 1119.67 1115.926 1112.183 1109.243 1107.336 1105.429 1103.522 1101.615 1101.013 1100.795 1100.578 1100.36 1100.219 1100.717 1101.214 1101.711 1102.209 1103.139 1104.613 1106.087 1107.561 1109.036 1109.252 1109.112 1108.971 1108.831 1108.843 1110.035 1111.227 1112.419 1113.61 1117.15 1123.562 1129.973 1136.385 1142.796 1150.059 1157.555 1165.052 1172.548 1179.522 1182.695 1185.869 1189.042 1192.216 1193.622 1192.922 1192.222 1191.521 1190.821 1191.657 1192.897 1194.137
1184.151 1178.234 1172.316 1166.398 1160.481 1154.901 1149.425 1143.948 1138.472 1133.124 1128.905 1124.687 1120.469 1116.25 1112.755 1110.19 1107.625 1105.06 1102.495 1101.615 1101.23 1100.845 1100.46 1100.155 1100.506 1100.857 1101.208 1101.559 1102.216 1103.257 1104.298 1105.339 1106.379 1106.598 1106.582 1106.567 1106.552 1106.748 1108.577 1110.406 1112.235 1114.064 1117.909 1124.221 1130.534 1136.846 1143.158 1150.105 1157.225 1164.345 1171.466 1178.07 1180.92 1183.77 1186.619 1189.469 1190.621 1189.748 1188.876 1188.003 1187.131 1188.224 1189.835 1191.446
1188.316 1183.077 1177.839 1172.6 1167.361 1161.772 1156.076 1150.381 1144.685 1139.091 1134.398 1129.704 1125.011 1120.317 1116.266 1113.044 1109.821 1106.599 1103.376 1102.216 1101.665 1101.113 1100.561 1100.09 1100.295 1100.5 1100.705 1100.91 1101.293 1101.901 1102.508 1103.115 1103.723 1103.943 1104.053 1104.163 1104.274 1104.653 1107.119 1109.585 1112.051 1114.517 1118.668 1124.881 1131.094 1137.307 1143.521 1150.151 1156.895 1163.639 1170.384 1176.619 1179.145 1181.671 1184.196 1186.722 1187.62 1186.575 1185.53 1184.485 1183.44 1184.791 1186.773 1188.754
1192.481 1187.921 1183.361 1178.801 1174.241 1168.643 1162.728 1156.813 1150.898 1145.059 1139.89 1134.721 1129.553 1124.384 1119.778 1115.898 1112.017 1108.137 1104.256 1102.818 1102.099 1101.38 1100.661 1100.026 1100.085 1100.143 1100.202 1100.261 1100.37 1100.544 1100.719 1100.892 1101.066 1101.288 1101.524 1101.76 1101.995 1102.559 1105.661 1108.764 1111.867 1114.97 1119.427 1125.541 1131.655 1137.769 1143.883 1150.197 1156.565 1162.933 1169.302 1175.167 1177.369 1179.571 1181.774 1183.976 1184.618 1183.401 1182.184 1180.967 1179.75 1181.358 1183.711 1186.063
1194.645 1190.789 1186.932 1183.076 1179.22 1173.925 1168.191 1162.457 1156.722 1151.019 1145.588 1140.156 1134.725 1129.294 1124.343 1120.01 1115.678 1111.346 1107.014 1105.117 1103.937 1102.757 1101.577 1100.513 1100.4 1100.288 1100.175 1100.063 1100.0 1100.0 1100.0 1100.0 1100.0 1100.22 1100.503 1100.786 1101.068 1101.695 1104.982 1108.268 1111.555 1114.842 1119.295 1125.175 1131.056 1136.936 1142.816 1148.681 1154.542 1160.404 1166.265 1171.652 1173.59 1175.528 1177.466 1179.404 1180.015 1179.044 1178.073 1177.103 1176.132 1178.034 1180.691 1183.349
1195.467 1192.331 1189.195 1186.06 1182.924 1178.141 1172.856 1167.571 1162.286 1156.974 1151.422 1145.871 1140.32 1134.768 1129.613 1124.967 1120.322 1115.676 1111.031 1108.555 1106.717 1104.879 1103.041 1101.369 1101.069 1100.768 1100.468 1100.167 1100.0 1100.0 1100.0 1100.0 1100.0 1100.216 1100.494 1100.771 1101.049 1101.657 1104.823 1107.99 1111.157 1114.323 1118.565 1124.121 1129.678 1135.235 1140.791 1146.119 1151.385 1156.651 1161.917 1166.754 1168.467 1170.181 1171.894 1173.607 1174.337 1173.894 1173.45 1173.007 1172.564 1174.782 1177.7 1180.619
1196.289 1193.874 1191.458 1189.043 1186.628 1182.358 1177.522 1172.686 1167.85 1162.929 1157.257 1151.586 1145.914 1140.243 1134.883 1129.924 1124.965 1120.007 1115.048 1111.992 1109.496 1107.0 1104.505 1102.226 1101.737 1101.249 1100.76 1100.272 1100.0 1100.0 1100.0 1100.0 1100.0 1100.212 1100.484 1100.757 1101.029 1101.619 1104.665 1107.712 1110.758 1113.805 1117.835 1123.068 1128.301 1133.533 1138.766 1143.557 1148.228 1152.899 1157.569 1161.855 1163.344 1164.833 1166.322 1167.811 1168.659 1168.743 1168.827 1168.911 1168.995 1171.53 1174.709 1177.889
1197.11 1195.416 1193.721 1192.027 1190.332 1186.575 1182.188 1177.801 1173.414 1168.884 1163.092 1157.301 1151.509 1145.717 1140.153 1134.881 1129.609 1124.337 1119.065 1115.429 1112.276 1109.122 1105.968 1103.082 1102.406 1101.729 1101.053 1100.376 1100.0 1100.0 1100.0 1100.0 1100.0 1100.208 1100.475 1100.742 1101.009 1101.581 1104.507 1107.433 1110.36 1113.286 1117.105 1122.014 1126.923 1131.832 1136.741 1140.995 1145.071 1149.146 1153.221 1156.957 1158.222 1159.486 1160.75 1162.015 1162.981 1163.592 1164.204 1164.815 1165.427 1168.278 1171.719 1175.159
1197.834 1196.86 1195.886 1194.912 1193.938 1190.695 1186.759 1182.822 1178.886 1174.75 1168.852 1162.953 1157.054 1151.155 1145.397 1139.82 1134.242 1128.665 1123.087 1118.884 1115.086 1111.288 1107.49 1104.007 1103.13 1102.252 1101.374 1100.496 1100.007 1100.005 1100.004 1100.002 1100.0 1100.203 1100.462 1100.722 1100.982 1101.532 1104.325 1107.118 1109.911 1112.703 1116.299 1120.877 1125.456 1130.034 1134.612 1138.331 1141.816 1145.301 1148.786 1151.978 1153.041 1154.104 1155.167 1156.23 1157.331 1158.479 1159.628 1160.776 1161.924 1165.094 1168.797 1172.5
1195.954 1195.706 1195.458 1195.21 1194.962 1192.268 1188.828 1185.388 1181.948 1178.281 1172.618 1166.954 1161.29 1155.626 1149.957 1144.28 1138.604 1132.927 1127.25 1122.803 1118.718 1114.632 1110.547 1106.748 1105.317 1103.886 1102.455 1101.024 1100.206 1100.157 1100.108 1100.059 1100.011 1100.158 1100.36 1100.563 1100.765 1101.208 1103.51 1105.812 1108.114 1110.416 1113.507 1117.563 1121.619 1125.675 1129.731 1132.974 1135.994 1139.014 1142.034 1144.867 1146.337 1147.807 1149.277 1150.747 1152.428 1154.359 1156.291 1158.222 1160.153 1163.719 1167.714 1171.709
1194.075 1194.553 1195.03 1195.508 1195.986 1193.842 1190.897 1187.953 1185.009 1181.812 1176.384 1170.955 1165.526 1160.097 1154.516 1148.741 1142.965 1137.189 1131.413 1126.721 1122.349 1117.976 1113.604 1109.489 1107.505 1105.52 1103.536 1101.551 1100.404 1100.308 1100.213 1100.117 1100.021 1100.113 1100.258 1100.403 1100.548 1100.884 1102.695 1104.506 1106.318 1108.129 1110.715 1114.249 1117.783 1121.317 1124.851 1127.616 1130.171 1132.727 1135.282 1137.756 1139.633 1141.51 1143.388 1145.265 1147.525 1150.239 1152.953 1155.668 1158.382 1162.342 1166.63 1170.918
1192.196 1193.399 1194.603 1195.806 1197.009 1195.415 1192.967 1190.519 1188.071 1185.344 1180.15 1174.956 1169.762 1164.568 1159.076 1153.201 1147.326 1141.451 1135.576 1130.64 1125.98 1121.32 1116.661 1112.23 1109.692 1107.154 1104.616 1102.078 1100.602 1100.46 1100.317 1100.174 1100.031 1100.068 1100.156 1100.244 1100.331 1100.56 1101.88 1103.201 1104.521 1105.842 1107.923 1110.935 1113.946 1116.958 1119.97 1122.258 1124.349 1126.44 1128.53 1130.644 1132.929 1135.214 1137.498 1139.783 1142.621 1146.119 1149.616 1153.114 1156.612 1160.966 1165.547 1170.127
1190.317 1192.246 1194.175 1196.104 1198.033 1196.988 1195.036 1193.084 1191.132 1188.875 1183.916 1178.957 1173.998 1169.039 1163.636 1157.662 1151.688 1145.713 1139.739 1134.558 1129.611 1124.665 1119.718 1114.971 1111.88 1108.788 1105.697 1102.605 1100.801 1100.611 1100.421 1100.232 1100.042 1100.024 1100.054 1100.084 1100.114 1100.236 1101.065 1101.895 1102.725 1103.554 1105.131 1107.62 1110.11 1112.6 1115.089 1116.901 1118.527 1120.153 1121.778 1123.533 1126.225 1128.917 1131.609 1134.301 1137.718 1141.999 1146.279 1150.56 1154.841 1159.59 1164.463 1169.336
