data/zism_data/00639_01_D.txt
ncols         224
nrows         224
[rows 56 to 83 of 224, columns 0 to 62 of 224]
4693.274 4692.833 4692.392 4691.951 4691.797 4692.396 4692.996 4693.595 4694.194 4694.671 4695.104 4695.537 4695.97 4696.228 4695.794 4695.361 4694.928 4694.495 4693.657 4692.617 4691.577 4690.536 4689.479 4688.307 4687.135 4685.963 4684.791 4683.626 4682.466 4681.306 4680.146 4679.008 4678.23 4677.453 4676.675 4675.898 4675.502 4675.456 4675.409 4675.363 4675.316 4675.361 4675.408 4675.454 4675.501 4675.875 4676.653 4677.43 4678.208 4678.985 4680.017 4681.072 4682.128 4683.184 4684.132 4684.902 4685.671 4686.441 4687.21 4687.392 4687.461 4687.531 4687.601
4692.173 4691.732 4691.292 4690.851 4690.698 4691.303 4691.907 4692.512 4693.117 4693.567 4693.962 4694.358 4694.753 4694.988 4694.593 4694.197 4693.802 4693.407 4692.578 4691.532 4690.486 4689.44 4688.374 4687.17 4685.965 4684.761 4683.557 4682.363 4681.176 4679.989 4678.802 4677.641 4676.912 4676.183 4675.455 4674.726 4674.341 4674.273 4674.206 4674.137 4674.069 4674.135 4674.204 4674.271 4674.339 4674.705 4675.433 4676.162 4676.891 4677.62 4678.627 4679.662 4680.696 4681.73 4682.632 4683.315 4683.999 4684.682 4685.366 4685.561 4685.663 4685.765 4685.866
4691.073 4690.632 4690.191 4689.75 4689.599 4690.209 4690.819 4691.429 4692.04 4692.463 4692.821 4693.178 4693.536 4693.749 4693.391 4693.033 4692.676 4692.318 4691.498 4690.447 4689.396 4688.345 4687.27 4686.033 4684.796 4683.56 4682.323 4681.1 4679.886 4678.671 4677.458 4676.274 4675.594 4674.914 4674.233 4673.553 4673.181 4673.091 4673.001 4672.912 4672.822 4672.909 4672.999 4673.088 4673.178 4673.533 4674.213 4674.894 4675.574 4676.254 4677.238 4678.251 4679.264 4680.276 4681.132 4681.729 4682.327 4682.924 4683.521 4683.729 4683.863 4683.998 4684.132
4689.757 4689.326 4688.895 4688.464 4688.313 4688.899 4689.485 4690.071 4690.657 4691.04 4691.35 4691.66 4691.97 4692.154 4691.844 4691.534 4691.224 4690.914 4690.124 4689.093 4688.063 4687.033 4685.97 4684.695 4683.419 4682.144 4680.868 4679.652 4678.477 4677.301 4676.126 4674.98 4674.322 4673.665 4673.006 4672.348 4671.965 4671.834 4671.704 4671.573 4671.442 4671.569 4671.7 4671.831 4671.961 4672.329 4672.987 4673.646 4674.303 4674.961 4675.891 4676.846 4677.8 4678.755 4679.542 4680.049 4680.557 4681.064 4681.572 4681.802 4681.978 4682.155 4682.332
4688.303 4687.888 4687.473 4687.058 4686.907 4687.45 4687.993 4688.536 4689.079 4689.41 4689.666 4689.922 4690.178 4690.331 4690.075 4689.818 4689.562 4689.306 4688.559 4687.566 4686.574 4685.582 4684.546 4683.228 4681.909 4680.59 4679.272 4678.086 4676.992 4675.897 4674.803 4673.734 4673.081 4672.428 4671.775 4671.123 4670.714 4670.53 4670.345 4670.16 4669.976 4670.155 4670.339 4670.524 4670.709 4671.104 4671.757 4672.409 4673.062 4673.715 4674.57 4675.444 4676.318 4677.192 4677.894 4678.31 4678.725 4679.141 4679.557 4679.813 4680.038 4680.263 4680.488
4686.849 4686.45 4686.051 4685.653 4685.501 4686.001 4686.501 4687.001 4687.5 4687.781 4687.983 4688.185 4688.387 4688.507 4688.305 4688.103 4687.901 4687.699 4686.995 4686.04 4685.085 4684.13 4683.122 4681.761 4680.399 4679.037 4677.675 4676.521 4675.507 4674.493 4673.479 4672.487 4671.839 4671.192 4670.545 4669.897 4669.463 4669.225 4668.986 4668.748 4668.509 4668.741 4668.979 4669.218 4669.457 4669.879 4670.526 4671.173 4671.821 4672.468 4673.249 4674.042 4674.835 4675.628 4676.245 4676.569 4676.894 4677.218 4677.542 4677.824 4678.097 4678.371 4678.645
4685.395 4685.012 4684.629 4684.247 4684.096 4684.552 4685.009 4685.466 4685.922 4686.151 4686.299 4686.448 4686.596 4686.685 4686.536 4686.388 4686.239 4686.091 4685.43 4684.513 4683.596 4682.679 4681.698 4680.293 4678.889 4677.484 4676.079 4674.955 4674.021 4673.089 4672.156 4671.24 4670.598 4669.956 4669.314 4668.672 4668.212 4667.92 4667.627 4667.335 4667.042 4667.327 4667.619 4667.912 4668.204 4668.654 4669.295 4669.938 4670.58 4671.221 4671.928 4672.64 4673.353 4674.065 4674.596 4674.829 4675.062 4675.294 4675.527 4675.835 4676.157 4676.479 4676.801
4683.917 4683.552 4683.187 4682.822 4682.67 4683.081 4683.491 4683.901 4684.312 4684.49 4684.586 4684.683 4684.779 4684.837 4684.74 4684.644 4684.547 4684.451 4683.835 4682.959 4682.084 4681.208 4680.259 4678.819 4677.379 4675.938 4674.499 4673.404 4672.545 4671.687 4670.828 4669.982 4669.344 4668.705 4668.067 4667.429 4666.945 4666.603 4666.261 4665.918 4665.576 4665.909 4666.25 4666.593 4666.935 4667.41 4668.048 4668.687 4669.325 4669.963 4670.602 4671.24 4671.878 4672.516 4672.969 4673.116 4673.263 4673.411 4673.558 4673.891 4674.259 4674.627 4674.996
4682.109 4681.776 4681.444 4681.111 4680.957 4681.276 4681.595 4681.914 4682.232 4682.371 4682.446 4682.521 4682.596 4682.64 4682.565 4682.49 4682.416 4682.34 4681.796 4681.018 4680.24 4679.461 4678.606 4677.241 4675.876 4674.512 4673.147 4672.07 4671.19 4670.31 4669.43 4668.562 4667.902 4667.242 4666.583 4665.923 4665.434 4665.103 4664.771 4664.44 4664.109 4664.431 4664.762 4665.093 4665.425 4665.903 4666.563 4667.223 4667.883 4668.543 4669.203 4669.862 4670.522 4671.182 4671.649 4671.796 4671.943 4672.09 4672.237 4672.583 4672.968 4673.353 4673.737
4680.302 4680.001 4679.7 4679.4 4679.245 4679.472 4679.699 4679.926 4680.153 4680.251 4680.305 4680.358 4680.412 4680.444 4680.39 4680.337 4680.283 4680.23 4679.758 4679.077 4678.395 4677.714 4676.953 4675.664 4674.375 4673.085 4671.796 4670.737 4669.835 4668.933 4668.031 4667.143 4666.461 4665.78 4665.098 4664.417 4663.924 4663.603 4663.282 4662.962 4662.641 4662.953 4663.273 4663.594 4663.915 4664.397 4665.079 4665.76 4666.441 4667.123 4667.804 4668.485 4669.167 4669.848 4670.328 4670.475 4670.622 4670.769 4670.916 4671.276 4671.677 4672.078 4672.479
4678.494 4678.226 4677.957 4677.689 4677.532 4677.667 4677.803 4677.938 4678.074 4678.132 4678.165 4678.196 4678.228 4678.247 4678.215 4678.184 4678.151 4678.12 4677.719 4677.135 4676.551 4675.966 4675.3 4674.086 4672.873 4671.659 4670.445 4669.403 4668.48 4667.557 4666.633 4665.723 4665.02 4664.317 4663.614 4662.911 4662.413 4662.103 4661.793 4661.483 4661.174 4661.475 4661.784 4662.094 4662.404 4662.891 4663.593 4664.296 4665.0 4665.702 4666.405 4667.108 4667.811 4668.514 4669.007 4669.154 4669.301 4669.448 4669.595 4669.969 4670.386 4670.803 4671.22
4676.686 4676.45 4676.214 4675.978 4675.819 4675.863 4675.907 4675.951 4675.995 4676.014 4676.024 4676.034 4676.044 4676.05 4676.04 4676.03 4676.02 4676.009 4675.681 4675.194 4674.707 4674.219 4673.647 4672.508 4671.37 4670.232 4669.094 4668.07 4667.125 4666.18 4665.235 4664.303 4663.579 4662.854 4662.129 4661.405 4660.902 4660.604 4660.304 4660.005 4659.706 4659.997 4660.296 4660.595 4660.894 4661.384 4662.108 4662.833 4663.558 4664.282 4665.006 4665.731 4666.456 4667.18 4667.687 4667.834 4667.981 4668.128 4668.275 4668.662 4669.095 4669.528 4669.962
4674.821 4674.547 4674.273 4673.999 4673.797 4673.783 4673.769 4673.754 4673.741 4673.737 4673.737 4673.737 4673.737 4673.739 4673.75 4673.762 4673.773 4673.784 4673.52 4673.119 4672.717 4672.315 4671.828 4670.768 4669.708 4668.648 4667.588 4666.59 4665.635 4664.68 4663.724 4662.781 4662.029 4661.277 4660.526 4659.774 4659.27 4658.993 4658.716 4658.439 4658.162 4658.431 4658.708 4658.985 4659.262 4659.752 4660.504 4661.256 4662.007 4662.759 4663.457 4664.149 4664.842 4665.535 4666.033 4666.208 4666.383 4666.558 4666.733 4667.152 4667.619 4668.085 4668.551
4672.903 4672.527 4672.151 4671.774 4671.491 4671.45 4671.409 4671.368 4671.327 4671.316 4671.316 4671.316 4671.316 4671.322 4671.355 4671.388 4671.421 4671.454 4671.247 4670.921 4670.595 4670.269 4669.858 4668.879 4667.899 4666.92 4665.941 4664.976 4664.021 4663.065 4662.11 4661.165 4660.381 4659.597 4658.813 4658.029 4657.526 4657.281 4657.037 4656.792 4656.547 4656.785 4657.03 4657.274 4657.519 4658.006 4658.79 4659.574 4660.358 4661.142 4661.769 4662.381 4662.993 4663.604 4664.072 4664.301 4664.53 4664.759 4664.988 4665.457 4665.972 4666.486 4667.001
4670.986 4670.507 4670.029 4669.55 4669.185 4669.116 4669.048 4668.98 4668.913 4668.895 4668.895 4668.895 4668.895 4668.906 4668.96 4669.015 4669.069 4669.123 4668.974 4668.724 4668.473 4668.223 4667.888 4666.989 4666.091 4665.192 4664.294 4663.362 4662.407 4661.452 4660.496 4659.549 4658.732 4657.916 4657.1 4656.284 4655.782 4655.57 4655.357 4655.145 4654.933 4655.139 4655.352 4655.564 4655.776 4656.26 4657.076 4657.893 4658.709 4659.525 4660.081 4660.612 4661.143 4661.674 4662.111 4662.395 4662.677 4662.96 4663.243 4663.762 4664.325 4664.888 4665.451
4669.069 4668.488 4667.907 4667.326 4666.878 4666.783 4666.688 4666.593 4666.499 4666.474 4666.474 4666.474 4666.474 4666.489 4666.565 4666.641 4666.717 4666.793 4666.702 4666.526 4666.351 4666.176 4665.917 4665.1 4664.282 4663.465 4662.647 4661.748 4660.793 4659.837 4658.882 4657.933 4657.084 4656.235 4655.387 4654.538 4654.038 4653.858 4653.678 4653.499 4653.318 4653.493 4653.673 4653.853 4654.033 4654.514 4655.362 4656.211 4657.06 4657.908 4658.393 4658.843 4659.293 4659.744 4660.151 4660.488 4660.825 4661.161 4661.498 4662.066 4662.678 4663.29 4663.901
4667.151 4666.468 4665.785 4665.101 4664.572 4664.45 4664.328 4664.207 4664.084 4664.053 4664.053 4664.053 4664.053 4664.072 4664.17 4664.268 4664.365 4664.462 4664.428 4664.329 4664.229 4664.13 4663.947 4663.21 4662.474 4661.737 4661.0 4660.134 4659.179 4658.223 4657.268 4656.317 4655.436 4654.555 4653.674 4652.792 4652.294 4652.146 4651.999 4651.852 4651.704 4651.847 4651.995 4652.143 4652.29 4652.767 4653.648 4654.529 4655.41 4656.292 4656.705 4657.074 4657.444 4657.813 4658.19 4658.581 4658.972 4659.362 4659.753 4660.371 4661.031 4661.691 4662.352
4665.299 4664.592 4663.885 4663.178 4662.616 4662.436 4662.255 4662.075 4661.894 4661.847 4661.847 4661.847 4661.847 4661.883 4662.06 4662.237 4662.414 4662.591 4662.592 4662.504 4662.417 4662.33 4662.156 4661.411 4660.666 4659.92 4659.175 4658.32 4657.392 4656.462 4655.534 4654.61 4653.781 4652.952 4652.123 4651.294 4650.813 4650.65 4650.487 4650.325 4650.162 4650.32 4650.482 4650.646 4650.808 4651.263 4652.076 4652.89 4653.703 4654.516 4654.869 4655.179 4655.488 4655.798 4656.156 4656.596 4657.035 4657.474 4657.914 4658.535 4659.191 4659.847 4660.503
4663.447 4662.719 4661.99 4661.262 4660.667 4660.428 4660.188 4659.948 4659.708 4659.646 4659.646 4659.646 4659.646 4659.698 4659.956 4660.214 4660.472 4660.73 4660.765 4660.688 4660.612 4660.535 4660.37 4659.614 4658.857 4658.101 4657.345 4656.502 4655.6 4654.698 4653.796 4652.902 4652.126 4651.352 4650.576 4649.801 4649.337 4649.158 4648.979 4648.8 4648.622 4648.795 4648.974 4649.153 4649.332 4649.765 4650.507 4651.25 4651.994 4652.737 4653.03 4653.28 4653.53 4653.78 4654.12 4654.608 4655.096 4655.584 4656.072 4656.696 4657.347 4657.998 4658.648
4661.596 4660.845 4660.095 4659.345 4658.719 4658.42 4658.121 4657.822 4657.523 4657.445 4657.445 4657.445 4657.445 4657.514 4657.853 4658.191 4658.53 4658.869 4658.938 4658.872 4658.807 4658.741 4658.583 4657.816 4657.049 4656.282 4655.516 4654.684 4653.809 4652.934 4652.059 4651.193 4650.472 4649.751 4649.029 4648.308 4647.862 4647.667 4647.471 4647.276 4647.081 4647.271 4647.466 4647.661 4647.856 4648.266 4648.939 4649.612 4650.285 4650.958 4651.19 4651.381 4651.572 4651.763 4652.084 4652.621 4653.157 4653.693 4654.23 4654.858 4655.503 4656.148 4656.793
4659.744 4658.972 4658.201 4657.429 4656.771 4656.413 4656.054 4655.696 4655.337 4655.244 4655.244 4655.244 4655.244 4655.329 4655.749 4656.168 4656.588 4657.008 4657.111 4657.056 4657.001 4656.946 4656.797 4656.019 4655.241 4654.463 4653.686 4652.866 4652.018 4651.17 4650.322 4649.484 4648.817 4648.15 4647.483 4646.815 4646.386 4646.175 4645.963 4645.752 4645.541 4645.746 4645.958 4646.168 4646.38 4646.767 4647.37 4647.973 4648.576 4649.179 4649.352 4649.483 4649.614 4649.746 4650.048 4650.633 4651.218 4651.803 4652.388 4653.02 4653.659 4654.299 4654.939
4657.796 4657.003 4656.21 4655.417 4654.729 4654.318 4653.908 4653.497 4653.086 4653.021 4653.077 4653.133 4653.189 4653.33 4653.8 4654.27 4654.74 4655.21 4655.337 4655.293 4655.249 4655.205 4655.064 4654.285 4653.506 4652.727 4651.948 4651.151 4650.341 4649.532 4648.723 4647.923 4647.284 4646.645 4646.006 4645.367 4644.931 4644.683 4644.434 4644.186 4643.937 4644.178 4644.427 4644.675 4644.924 4645.315 4645.881 4646.446 4647.012 4647.578 4647.727 4647.837 4647.946 4648.056 4648.352 4648.955 4649.558 4650.161 4650.764 4651.362 4651.959 4652.556 4653.153
4655.725 4654.91 4654.095 4653.281 4652.565 4652.111 4651.658 4651.204 4650.75 4650.769 4650.955 4651.14 4651.326 4651.571 4652.052 4652.533 4653.014 4653.495 4653.633 4653.599 4653.566 4653.532 4653.403 4652.635 4651.866 4651.098 4650.33 4649.569 4648.813 4648.058 4647.302 4646.553 4645.909 4645.264 4644.62 4643.975 4643.503 4643.19 4642.877 4642.563 4642.25 4642.555 4642.868 4643.181 4643.495 4643.923 4644.495 4645.065 4645.637 4646.208 4646.382 4646.519 4646.656 4646.792 4647.097 4647.678 4648.259 4648.841 4649.422 4649.94 4650.445 4650.95 4651.456
4653.653 4652.817 4651.98 4651.144 4650.401 4649.904 4649.407 4648.911 4648.414 4648.517 4648.832 4649.147 4649.462 4649.813 4650.304 4650.796 4651.288 4651.779 4651.928 4651.905 4651.883 4651.86 4651.741 4650.984 4650.226 4649.469 4648.711 4647.987 4647.285 4646.583 4645.882 4645.184 4644.534 4643.884 4643.234 4642.584 4642.076 4641.698 4641.32 4640.942 4640.564 4640.931 4641.309 4641.687 4642.065 4642.532 4643.108 4643.685 4644.261 4644.838 4645.037 4645.201 4645.364 4645.528 4645.841 4646.401 4646.961 4647.521 4648.081 4648.518 4648.931 4649.345 4649.759
4651.581 4650.724 4649.866 4649.008 4648.237 4647.697 4647.157 4646.617 4646.077 4646.265 4646.709 4647.153 4647.598 4648.054 4648.557 4649.059 4649.562 4650.064 4650.224 4650.211 4650.2 4650.188 4650.08 4649.333 4648.586 4647.839 4647.093 4646.405 4645.757 4645.109 4644.462 4643.814 4643.159 4642.503 4641.848 4641.192 4640.648 4640.206 4639.763 4639.32 4638.877 4639.307 4639.75 4640.192 4640.635 4641.141 4641.722 4642.304 4642.886 4643.468 4643.692 4643.883 4644.074 4644.264 4644.586 4645.124 4645.662 4646.201 4646.739 4647.096 4647.417 4647.74 4648.062
4649.51 4648.63 4647.75 4646.871 4646.073 4645.49 4644.907 4644.324 4643.741 4644.013 4644.586 4645.16 4645.734 4646.295 4646.809 4647.322 4647.835 4648.349 4648.519 4648.518 4648.517 4648.515 4648.418 4647.682 4646.946 4646.21 4645.474 4644.823 4644.229 4643.635 4643.042 4642.444 4641.783 4641.123 4640.462 4639.801 4639.22 4638.713 4638.206 4637.698 4637.191 4637.684 4638.191 4638.698 4639.206 4639.749 4640.336 4640.923 4641.511 4642.098 4642.348 4642.565 4642.783 4643.0 4643.33 4643.847 4644.364 4644.88 4645.397 4645.673 4645.904 4646.134 4646.365
4647.177 4646.358 4645.539 4644.719 4643.97 4643.406 4642.843 4642.279 4641.715 4642.045 4642.69 4643.336 4643.981 4644.618 4645.219 4645.82 4646.42 4647.021 4647.222 4647.222 4647.222 4647.222 4647.12 4646.342 4645.564 4644.786 4644.008 4643.309 4642.663 4642.018 4641.372 4640.728 4640.095 4639.462 4638.83 4638.197 4637.619 4637.09 4636.561 4636.032 4635.503 4636.017 4636.546 4637.075 4637.604 4638.146 4638.705 4639.264 4639.823 4640.382 4640.671 4640.935 4641.199 4641.462 4641.826 4642.355 4642.884 4643.413 4643.941 4644.231 4644.476 4644.72 4644.964
4644.813 4644.064 4643.314 4642.565 4641.875 4641.337 4640.801 4640.264 4639.727 4640.112 4640.822 4641.532 4642.242 4642.95 4643.648 4644.346 4645.044 4645.742 4645.975 4645.975 4645.975 4645.975 4645.867 4645.04 4644.213 4643.387 4642.56 4641.803 4641.093 4640.382 4639.672 4638.968 4638.368 4637.768 4637.168 4636.568 4635.997 4635.452 4634.906 4634.361 4633.816 4634.346 4634.891 4635.436 4635.98 4636.518 4637.044 4637.571 4638.097 4638.624 4638.955 4639.267 4639.58 4639.892 4640.292 4640.836 4641.381 4641.926 4642.471 4642.787 4643.058 4643.329 4643.601
