data/zism_data/00630_02_D.txt
ncols         224
nrows         224
[rows 196 to 223 of 224, columns 0 to 62 of 224]
4213.53 4211.901 4210.272 4208.73 4207.295 4205.86 4204.425 4202.991 4199.856 4196.529 4193.202 4189.875 4185.763 4180.178 4174.594 4169.009 4163.424 4156.224 4148.612 4141.0 4133.389 4125.364 4116.073 4106.782 4097.491 4088.2 4077.289 4065.669 4054.049 4042.429 4031.469 4024.4 4017.332 4010.264 4003.196 4000.312 4000.285 4000.259 4000.233 4000.278 4001.885 4003.493 4005.101 4006.709 4011.3 4018.959 4026.619 4034.279 4041.938 4050.563 4059.248 4067.932 4076.616 4084.796 4092.191 4099.586 4106.981 4114.376 4123.316 4132.549 4141.782 4151.015 4160.182
4207.403 4205.773 4204.143 4202.565 4201.05 4199.534 4198.019 4196.504 4193.042 4189.359 4185.677 4181.995 4177.699 4172.253 4166.808 4161.363 4155.917 4148.991 4141.688 4134.384 4127.081 4119.28 4109.957 4100.634 4091.311 4081.989 4071.411 4060.283 4049.156 4038.029 4027.606 4021.34 4015.074 4008.808 4002.543 4000.078 4000.209 4000.34 4000.471 4000.69 4002.836 4004.981 4007.126 4009.271 4014.046 4021.527 4029.008 4036.49 4043.971 4052.093 4060.254 4068.415 4076.576 4084.432 4091.813 4099.194 4106.575 4113.956 4123.021 4132.406 4141.791 4151.175 4160.627
4201.041 4199.246 4197.45 4195.701 4194.01 4192.318 4190.626 4188.935 4185.085 4180.991 4176.897 4172.804 4168.361 4163.263 4158.165 4153.066 4147.968 4141.47 4134.615 4127.761 4120.906 4113.394 4103.868 4094.342 4084.816 4075.29 4065.044 4054.483 4043.923 4033.362 4023.557 4018.21 4012.863 4007.516 4002.17 4000.148 4000.396 4000.645 4000.894 4001.254 4004.056 4006.859 4009.661 4012.464 4017.459 4024.71 4031.961 4039.213 4046.464 4054.352 4062.278 4070.204 4078.13 4085.874 4093.335 4100.796 4108.257 4115.718 4124.953 4134.525 4144.097 4153.669 4163.433
4194.679 4192.718 4190.757 4188.838 4186.97 4185.102 4183.234 4181.366 4177.128 4172.623 4168.118 4163.613 4159.022 4154.271 4149.521 4144.77 4140.019 4133.949 4127.543 4121.138 4114.732 4107.508 4097.779 4088.05 4078.321 4068.592 4058.679 4048.684 4038.69 4028.695 4019.507 4015.08 4010.652 4006.224 4001.797 4000.218 4000.584 4000.95 4001.317 4001.817 4005.277 4008.737 4012.197 4015.656 4020.871 4027.893 4034.915 4041.937 4048.958 4056.61 4064.301 4071.992 4079.683 4087.316 4094.857 4102.398 4109.939 4117.48 4126.886 4136.645 4146.404 4156.163 4166.239
4188.317 4186.191 4184.064 4181.975 4179.93 4177.886 4175.841 4173.797 4169.172 4164.255 4159.339 4154.422 4149.685 4145.281 4140.877 4136.474 4132.07 4126.429 4120.472 4114.515 4108.558 4101.622 4091.69 4081.758 4071.826 4061.894 4052.313 4042.884 4033.456 4024.028 4015.458 4011.949 4008.441 4004.932 4001.424 4000.288 4000.771 4001.255 4001.739 4002.381 4006.498 4010.615 4014.732 4018.849 4024.284 4031.076 4037.868 4044.66 4051.452 4058.869 4066.325 4073.781 4081.237 4088.758 4096.379 4104.0 4111.622 4119.243 4128.818 4138.764 4148.71 4158.656 4169.045
4182.478 4180.112 4177.747 4175.407 4173.098 4170.789 4168.479 4166.17 4161.176 4155.879 4150.583 4145.285 4140.418 4136.358 4132.297 4128.237 4124.176 4118.902 4113.319 4107.736 4102.153 4095.459 4085.365 4075.271 4065.178 4055.084 4045.896 4037.103 4028.31 4019.517 4011.616 4008.979 4006.343 4003.706 4001.07 4000.355 4000.952 4001.549 4002.146 4002.924 4007.676 4012.426 4017.177 4021.928 4027.622 4034.285 4040.948 4047.612 4054.275 4061.522 4068.804 4076.087 4083.37 4090.816 4098.518 4106.219 4113.92 4121.622 4131.352 4141.467 4151.583 4161.698 4172.378
4180.086 4177.0 4173.913 4170.794 4167.635 4164.477 4161.318 4158.159 4152.921 4147.447 4141.974 4136.5 4131.628 4127.883 4124.138 4120.393 4116.647 4111.339 4105.633 4099.928 4094.221 4087.462 4077.481 4067.499 4057.518 4047.536 4039.14 4031.437 4023.734 4016.031 4009.144 4007.069 4004.993 4002.918 4000.842 4000.406 4001.088 4001.771 4002.454 4003.334 4008.566 4013.798 4019.03 4024.262 4030.465 4037.668 4044.871 4052.074 4059.277 4066.777 4074.294 4081.812 4089.33 4096.951 4104.732 4112.514 4120.295 4128.077 4137.865 4148.034 4158.203 4168.372 4179.2
4177.695 4173.887 4170.079 4166.181 4162.173 4158.165 4154.156 4150.148 4144.665 4139.015 4133.366 4127.716 4122.838 4119.408 4115.979 4112.548 4109.119 4103.776 4097.947 4092.119 4086.29 4079.466 4069.596 4059.727 4049.858 4039.989 4032.385 4025.772 4019.159 4012.546 4006.672 4005.158 4003.643 4002.129 4000.615 4000.457 4001.225 4001.993 4002.761 4003.744 4009.457 4015.17 4020.883 4026.595 4033.309 4041.051 4048.794 4056.537 4064.279 4072.032 4079.784 4087.537 4095.29 4103.085 4110.947 4118.809 4126.67 4134.532 4144.378 4154.6 4164.823 4175.045 4186.021
4175.304 4170.775 4166.246 4161.568 4156.71 4151.853 4146.995 4142.137 4136.409 4130.583 4124.757 4118.931 4114.048 4110.934 4107.819 4104.704 4101.589 4096.213 4090.262 4084.31 4078.358 4071.469 4061.712 4051.955 4042.198 4032.441 4025.629 4020.106 4014.583 4009.061 4004.2 4003.247 4002.293 4001.34 4000.387 4000.507 4001.361 4002.215 4003.069 4004.154 4010.348 4016.542 4022.735 4028.929 4036.152 4044.434 4052.717 4060.999 4069.281 4077.287 4085.274 4093.262 4101.25 4109.22 4117.162 4125.104 4133.045 4140.987 4150.891 4161.167 4171.442 4181.718 4192.842
4172.913 4167.663 4162.412 4156.956 4151.248 4145.541 4139.833 4134.126 4128.153 4122.151 4116.149 4110.146 4105.258 4102.458 4099.659 4096.86 4094.061 4088.651 4082.576 4076.501 4070.426 4063.472 4053.827 4044.183 4034.538 4024.893 4018.874 4014.441 4010.008 4005.575 4001.728 4001.336 4000.944 4000.552 4000.159 4000.558 4001.497 4002.437 4003.376 4004.564 4011.239 4017.913 4024.588 4031.263 4038.996 4047.817 4056.639 4065.462 4074.283 4082.542 4090.764 4098.987 4107.21 4115.355 4123.376 4131.398 4139.42 4147.442 4157.404 4167.733 4178.062 4188.391 4199.663
4174.581 4169.156 4163.73 4157.986 4151.853 4145.719 4139.585 4133.452 4127.027 4120.569 4114.111 4107.653 4102.37 4099.292 4096.212 4093.134 4090.055 4084.404 4078.098 4071.793 4065.487 4058.409 4048.97 4039.53 4030.091 4020.651 4015.144 4011.356 4007.569 4003.782 4000.526 4000.407 4000.287 4000.168 4000.049 4000.661 4001.772 4002.884 4003.996 4005.379 4012.724 4020.068 4027.413 4034.758 4043.053 4052.328 4061.603 4070.877 4080.152 4088.607 4097.011 4105.415 4113.819 4122.19 4130.512 4138.833 4147.154 4155.476 4165.709 4176.305 4186.901 4197.496 4208.87
4179.412 4174.238 4169.063 4163.415 4157.185 4150.955 4144.725 4138.495 4131.456 4124.324 4117.193 4110.062 4104.082 4100.26 4096.438 4092.617 4088.795 4082.742 4076.121 4069.5 4062.879 4055.633 4046.471 4037.309 4028.147 4018.986 4013.771 4010.283 4006.795 4003.307 4000.314 4000.243 4000.172 4000.1 4000.029 4000.803 4002.156 4003.508 4004.861 4006.509 4014.671 4022.833 4030.996 4039.158 4048.058 4057.717 4067.376 4077.036 4086.696 4095.303 4103.846 4112.389 4120.932 4129.573 4138.364 4147.155 4155.947 4164.739 4175.411 4186.439 4197.468 4208.497 4219.936
4184.243 4179.32 4174.396 4168.843 4162.517 4156.191 4149.865 4143.539 4135.884 4128.08 4120.275 4112.47 4105.793 4101.229 4096.664 4092.1 4087.536 4081.081 4074.144 4067.208 4060.272 4052.856 4043.972 4035.088 4026.204 4017.321 4012.399 4009.21 4006.021 4002.833 4000.103 4000.079 4000.056 4000.033 4000.01 4000.947 4002.539 4004.132 4005.725 4007.639 4016.619 4025.598 4034.578 4043.558 4053.063 4063.106 4073.15 4083.195 4093.239 4102.0 4110.682 4119.364 4128.045 4136.955 4146.216 4155.478 4164.74 4174.002 4185.113 4196.574 4208.036 4219.497 4231.002
4189.074 4184.402 4179.729 4174.271 4167.849 4161.427 4155.004 4148.582 4140.313 4131.835 4123.357 4114.879 4107.504 4102.197 4096.89 4091.583 4086.276 4079.419 4072.167 4064.916 4057.664 4050.079 4041.473 4032.867 4024.261 4015.655 4011.026 4008.136 4005.247 4002.358 3999.891 3999.916 3999.94 3999.965 3999.99 4001.089 4002.923 4004.756 4006.589 4008.769 4018.566 4028.364 4038.161 4047.958 4058.067 4068.496 4078.925 4089.354 4099.783 4108.697 4117.518 4126.338 4135.159 4144.337 4154.069 4163.801 4173.533 4183.265 4194.815 4206.709 4218.604 4230.498 4242.068
4193.905 4189.484 4185.063 4179.7 4173.181 4166.663 4160.144 4153.625 4144.742 4135.59 4126.439 4117.288 4109.215 4103.166 4097.116 4091.066 4085.016 4077.757 4070.19 4062.624 4055.056 4047.302 4038.974 4030.646 4022.318 4013.99 4009.654 4007.063 4004.473 4001.883 3999.679 3999.752 3999.824 3999.897 3999.97 4001.232 4003.306 4005.38 4007.454 4009.898 4020.514 4031.128 4041.744 4052.358 4063.072 4073.885 4084.699 4095.512 4106.326 4115.394 4124.353 4133.313 4142.272 4151.719 4161.921 4172.123 4182.326 4192.528 4204.517 4216.844 4229.171 4241.498 4253.134
4197.995 4194.059 4190.122 4185.404 4179.729 4174.053 4168.377 4162.701 4154.185 4145.346 4136.509 4127.67 4119.312 4111.851 4104.39 4096.929 4089.468 4081.063 4072.417 4063.771 4055.125 4046.529 4038.086 4029.644 4021.201 4012.758 4008.558 4006.214 4003.87 4001.526 3999.53 3999.587 3999.645 3999.702 3999.76 4001.618 4004.707 4007.795 4010.884 4014.331 4025.668 4037.005 4048.342 4059.679 4070.637 4081.204 4091.771 4102.339 4112.906 4121.655 4130.292 4138.929 4147.566 4156.847 4167.126 4177.406 4187.687 4197.966 4209.966 4222.291 4234.616 4246.94 4258.479
4202.08 4198.63 4195.179 4191.111 4186.285 4181.459 4176.632 4171.807 4163.664 4155.146 4146.629 4138.112 4129.47 4120.593 4111.716 4102.839 4093.962 4084.405 4074.674 4064.944 4055.213 4045.771 4037.21 4028.65 4020.09 4011.53 4007.465 4005.366 4003.268 4001.17 3999.382 3999.423 3999.464 3999.506 3999.547 4002.006 4006.115 4010.224 4014.333 4018.788 4030.847 4042.905 4054.963 4067.021 4078.221 4088.537 4098.854 4109.169 4119.485 4127.913 4136.224 4144.536 4152.847 4161.958 4172.313 4182.667 4193.022 4203.377 4215.383 4227.703 4240.023 4252.342 4263.78
4206.165 4203.201 4200.237 4196.818 4192.841 4188.865 4184.888 4180.912 4173.144 4164.947 4156.75 4148.553 4139.627 4129.334 4119.042 4108.749 4098.457 4087.747 4076.932 4066.116 4055.301 4045.012 4036.334 4027.657 4018.979 4010.301 4006.371 4004.519 4002.667 4000.814 3999.234 3999.259 3999.284 3999.31 3999.335 4002.393 4007.523 4012.653 4017.783 4023.245 4036.025 4048.804 4061.584 4074.364 4085.806 4095.871 4105.936 4116.0 4126.065 4134.171 4142.157 4150.142 4158.127 4167.069 4177.499 4187.928 4198.358 4208.787 4220.801 4233.115 4245.43 4257.744 4269.083
4210.25 4207.772 4205.294 4202.524 4199.397 4196.271 4193.144 4190.017 4182.623 4174.747 4166.871 4158.995 4149.786 4138.077 4126.368 4114.659 4102.95 4091.089 4079.189 4067.289 4055.389 4044.254 4035.458 4026.663 4017.868 4009.073 4005.278 4003.671 4002.065 4000.458 3999.085 3999.095 3999.104 3999.113 3999.123 4002.781 4008.931 4015.082 4021.232 4027.702 4041.203 4054.704 4068.205 4081.706 4093.39 4103.204 4113.018 4122.832 4132.645 4140.43 4148.089 4155.749 4163.408 4172.181 4182.685 4193.189 4203.693 4214.198 4226.219 4238.528 4250.837 4263.146 4274.384
4212.219 4210.116 4208.014 4205.743 4203.267 4200.791 4198.314 4195.838 4189.091 4181.861 4174.631 4167.401 4158.298 4145.683 4133.067 4120.451 4107.835 4094.709 4081.453 4068.197 4054.94 4042.8 4034.072 4025.345 4016.617 4007.89 4004.281 4002.911 4001.541 4000.171 3999.024 3999.187 3999.349 3999.512 3999.675 4004.022 4011.227 4018.432 4025.637 4033.125 4046.844 4060.561 4074.279 4087.997 4099.615 4109.071 4118.527 4127.984 4137.44 4144.963 4152.366 4159.77 4167.173 4175.744 4186.128 4196.512 4206.897 4217.282 4229.213 4241.438 4253.662 4265.886 4277.034
4211.306 4209.428 4207.55 4205.573 4203.477 4201.379 4199.283 4197.186 4191.456 4185.316 4179.177 4173.037 4164.571 4151.741 4138.912 4126.082 4113.253 4098.708 4083.725 4068.743 4053.76 4040.399 4031.992 4023.585 4015.178 4006.771 4003.416 4002.271 4001.125 3999.979 3999.079 3999.627 4000.175 4000.722 4001.27 4006.427 4014.733 4023.039 4031.344 4039.865 4053.113 4066.36 4079.608 4092.855 4103.988 4112.941 4121.896 4130.85 4139.803 4147.146 4154.389 4161.633 4168.876 4177.198 4187.198 4197.197 4207.197 4217.197 4228.905 4240.938 4252.97 4265.002 4276.072
4210.393 4208.739 4207.086 4205.403 4203.686 4201.968 4200.251 4198.533 4193.822 4188.772 4183.723 4178.673 4170.843 4157.8 4144.757 4131.713 4118.67 4102.706 4085.998 4069.29 4052.581 4037.997 4029.911 4021.825 4013.739 4005.653 4002.551 4001.63 4000.709 3999.788 3999.135 4000.067 4001.0 4001.932 4002.864 4008.832 4018.239 4027.645 4037.052 4046.604 4059.382 4072.159 4084.937 4097.714 4108.36 4116.812 4125.264 4133.715 4142.167 4149.33 4156.412 4163.495 4170.578 4178.652 4188.267 4197.882 4207.498 4217.113 4228.598 4240.438 4252.277 4264.117 4275.109
4209.48 4208.051 4206.622 4205.234 4203.896 4202.557 4201.219 4199.881 4196.188 4192.228 4188.268 4184.309 4177.115 4163.858 4150.602 4137.344 4124.088 4106.705 4088.27 4069.836 4051.402 4035.596 4027.83 4020.065 4012.299 4004.534 4001.686 4000.989 4000.292 3999.596 3999.191 4000.508 4001.825 4003.142 4004.459 4011.237 4021.744 4032.251 4042.759 4053.344 4065.651 4077.958 4090.266 4102.573 4112.733 4120.682 4128.631 4136.581 4144.53 4151.513 4158.435 4165.358 4172.281 4180.106 4189.337 4198.567 4207.798 4217.028 4228.291 4239.938 4251.585 4263.232 4274.147
4208.567 4207.363 4206.158 4205.064 4204.105 4203.146 4202.187 4201.229 4198.553 4195.683 4192.814 4189.944 4183.388 4169.917 4156.446 4142.976 4129.505 4110.703 4090.542 4070.383 4050.222 4033.195 4025.75 4018.305 4010.86 4003.415 4000.821 4000.348 3999.876 3999.404 3999.247 4000.948 4002.65 4004.352 4006.053 4013.641 4025.25 4036.857 4048.466 4060.083 4071.92 4083.757 4095.595 4107.432 4117.105 4124.553 4132.0 4139.447 4146.894 4153.696 4160.458 4167.221 4173.983 4181.561 4190.406 4199.252 4208.098 4216.943 4227.983 4239.438 4250.893 4262.348 4273.185
4205.494 4204.253 4203.013 4201.979 4201.199 4200.418 4199.639 4198.858 4196.262 4193.46 4190.659 4187.857 4181.299 4167.696 4154.094 4140.492 4126.89 4107.947 4087.644 4067.342 4047.039 4030.054 4023.218 4016.381 4009.544 4002.707 4000.378 4000.02 3999.663 3999.306 3999.281 4001.217 4003.152 4005.088 4007.024 4014.889 4026.804 4038.719 4050.634 4062.512 4073.591 4084.67 4095.75 4106.829 4116.0 4123.204 4130.409 4137.614 4144.819 4151.706 4158.572 4165.439 4172.306 4179.859 4188.479 4197.1 4205.721 4214.341 4225.137 4236.345 4247.553 4258.761 4269.488
4202.05 4200.729 4199.409 4198.396 4197.76 4197.124 4196.488 4195.853 4193.174 4190.266 4187.357 4184.449 4177.78 4164.06 4150.341 4136.621 4122.901 4104.037 4083.862 4063.688 4043.514 4026.788 4020.608 4014.428 4008.249 4002.069 4000.007 3999.746 3999.484 3999.223 3999.311 4001.455 4003.599 4005.744 4007.888 4015.939 4028.025 4040.111 4052.197 4064.203 4074.476 4084.748 4095.021 4105.293 4113.957 4120.963 4127.971 4134.978 4141.985 4149.001 4156.018 4163.034 4170.05 4177.617 4186.04 4194.463 4202.886 4211.309 4221.857 4232.809 4243.76 4254.711 4265.323
4198.607 4197.206 4195.805 4194.813 4194.321 4193.83 4193.338 4192.847 4190.087 4187.072 4184.057 4181.042 4174.262 4160.424 4146.587 4132.75 4118.913 4100.126 4080.08 4060.034 4039.988 4023.521 4017.998 4012.476 4006.954 4001.431 3999.636 3999.471 3999.306 3999.141 3999.341 4001.694 4004.046 4006.399 4008.752 4016.989 4029.246 4041.502 4053.76 4065.895 4075.36 4084.826 4094.292 4103.757 4111.914 4118.723 4125.533 4132.342 4139.151 4146.297 4153.463 4160.629 4167.795 4175.375 4183.601 4191.826 4200.052 4208.277 4218.578 4229.273 4239.968 4250.663 4261.158
4195.164 4193.683 4192.202 4191.23 4190.883 4190.536 4190.188 4189.841 4187.0 4183.878 4180.756 4177.633 4170.744 4156.789 4142.833 4128.878 4114.924 4096.216 4076.298 4056.381 4036.463 4020.254 4015.389 4010.524 4005.659 4000.794 3999.265 3999.197 3999.128 3999.059 3999.371 4001.932 4004.493 4007.054 4009.615 4018.039 4030.467 4042.895 4055.322 4067.586 4076.245 4084.903 4093.562 4102.221 4109.871 4116.482 4123.094 4129.706 4136.318 4143.593 4150.908 4158.224 4165.54 4173.134 4181.162 4189.189 4197.217 4205.244 4215.298 4225.737 4236.175 4246.613 4256.994
