data/zism_data/00646_04_D.txt
ncols         224
nrows         224
[rows 140 to 167 of 224, columns 128 to 191 of 224]
1299.944 1300.884 1301.823 1302.763 1304.332 1308.304 1312.277 1316.25 1320.223 1324.262 1328.345 1332.427 1336.51 1340.512 1339.528 1338.545 1337.561 1336.578 1333.913 1328.929 1323.944 1318.959 1313.974 1312.049 1310.776 1309.504 1308.231 1309.341 1318.5 1327.66 1336.819 1345.978 1353.603 1360.336 1367.069 1373.802 1379.996 1372.074 1364.152 1356.23 1348.308 1340.219 1331.918 1323.616 1315.315 1307.014 1305.787 1305.856 1305.925 1305.994 1307.929 1315.481 1323.033 1330.586 1338.138 1346.888 1356.274 1365.659 1375.045 1384.082 1387.447 1390.812 1394.177 1397.541
1300.201 1301.248 1302.294 1303.341 1305.064 1309.373 1313.682 1317.991 1322.3 1326.656 1331.043 1335.43 1339.817 1344.127 1343.677 1343.227 1342.778 1342.328 1339.87 1334.64 1329.409 1324.179 1318.948 1316.263 1314.12 1311.977 1309.834 1310.393 1320.075 1329.758 1339.44 1349.123 1357.058 1363.978 1370.898 1377.818 1384.189 1376.208 1368.228 1360.247 1352.266 1343.831 1334.82 1325.809 1316.797 1307.786 1306.057 1305.661 1305.266 1304.87 1306.136 1312.402 1318.668 1324.933 1331.199 1339.794 1349.622 1359.451 1369.279 1378.794 1383.194 1387.595 1391.995 1396.396
1300.459 1301.612 1302.765 1303.919 1305.796 1310.441 1315.087 1319.732 1324.377 1329.051 1333.742 1338.433 1343.124 1347.742 1347.826 1347.91 1347.994 1348.078 1345.827 1340.351 1334.875 1329.399 1323.923 1320.477 1317.464 1314.451 1311.438 1311.445 1321.65 1331.856 1342.062 1352.267 1360.512 1367.619 1374.726 1381.833 1388.382 1380.342 1372.303 1364.264 1356.225 1347.443 1337.722 1328.001 1318.28 1308.558 1306.327 1305.467 1304.607 1303.747 1304.343 1309.323 1314.302 1319.281 1324.26 1332.699 1342.971 1353.242 1363.514 1373.506 1378.942 1384.378 1389.814 1395.25
1300.716 1301.976 1303.236 1304.496 1306.528 1311.51 1316.492 1321.473 1326.455 1331.445 1336.44 1341.435 1346.43 1351.356 1351.974 1352.592 1353.21 1353.828 1351.783 1346.062 1340.34 1334.619 1328.897 1324.691 1320.808 1316.925 1313.042 1312.496 1323.225 1333.954 1344.683 1355.411 1363.967 1371.261 1378.554 1385.848 1392.575 1384.477 1376.379 1368.281 1360.183 1351.056 1340.624 1330.193 1319.762 1309.33 1306.597 1305.272 1303.948 1302.623 1302.55 1306.243 1309.936 1313.629 1317.322 1325.604 1336.319 1347.034 1357.749 1368.218 1374.689 1381.161 1387.632 1394.104
1300.856 1302.006 1303.155 1304.305 1306.257 1311.276 1316.294 1321.313 1326.331 1331.781 1337.505 1343.23 1348.954 1354.609 1355.935 1357.261 1358.587 1359.912 1358.154 1352.139 1346.123 1340.107 1334.091 1329.04 1324.195 1319.35 1314.505 1313.263 1324.188 1335.113 1346.038 1356.963 1365.706 1373.184 1380.661 1388.139 1395.041 1386.909 1378.776 1370.644 1362.512 1353.175 1342.312 1331.449 1320.586 1309.723 1306.886 1305.519 1304.152 1302.785 1302.624 1306.094 1309.563 1313.033 1316.503 1324.669 1335.322 1345.976 1356.629 1367.053 1373.745 1380.436 1387.127 1393.818
1300.907 1301.785 1302.662 1303.54 1305.237 1310.069 1314.9 1319.732 1324.564 1330.581 1337.352 1344.122 1350.893 1357.59 1359.754 1361.919 1364.083 1366.247 1364.836 1358.489 1352.142 1345.795 1339.448 1333.49 1327.615 1321.74 1315.865 1313.816 1324.693 1335.57 1346.447 1357.324 1366.165 1373.824 1381.483 1389.142 1396.218 1388.07 1379.922 1371.773 1363.625 1354.18 1343.093 1332.006 1320.918 1309.831 1307.19 1306.095 1305.0 1303.905 1304.091 1308.132 1312.173 1316.214 1320.255 1328.332 1338.548 1348.764 1358.98 1368.969 1375.271 1381.572 1387.874 1394.175
1300.958 1301.563 1302.169 1302.774 1304.217 1308.862 1313.507 1318.151 1322.796 1329.381 1337.198 1345.015 1352.832 1360.572 1363.574 1366.577 1369.579 1372.581 1371.517 1364.839 1358.161 1351.483 1344.805 1337.94 1331.035 1324.129 1317.224 1314.37 1325.198 1336.027 1346.856 1357.685 1366.623 1374.464 1382.304 1390.144 1397.395 1389.231 1381.067 1372.902 1364.738 1355.186 1343.874 1332.562 1321.251 1309.939 1307.494 1306.671 1305.848 1305.025 1305.558 1310.171 1314.783 1319.395 1324.007 1331.996 1341.774 1351.552 1361.33 1370.884 1376.796 1382.708 1388.62 1394.532
1301.009 1301.342 1301.675 1302.008 1303.197 1307.655 1312.113 1316.571 1321.029 1328.181 1337.044 1345.907 1354.77 1363.554 1367.394 1371.235 1375.075 1378.915 1378.198 1371.19 1364.181 1357.172 1350.163 1342.39 1334.454 1326.519 1318.583 1314.923 1325.704 1336.484 1347.265 1358.046 1367.081 1375.103 1383.125 1391.147 1398.572 1390.392 1382.212 1374.031 1365.851 1356.191 1344.655 1333.119 1321.583 1310.047 1307.797 1307.247 1306.696 1306.146 1307.026 1312.209 1317.392 1322.576 1327.759 1335.66 1345.0 1354.34 1363.681 1372.8 1378.322 1383.844 1389.366 1394.889
1301.155 1301.202 1301.25 1301.297 1302.218 1306.476 1310.734 1314.992 1319.25 1326.952 1336.839 1346.727 1356.615 1366.42 1371.079 1375.739 1380.398 1385.057 1384.698 1377.41 1370.122 1362.834 1355.546 1346.905 1337.974 1329.044 1320.113 1315.666 1326.36 1337.053 1347.747 1358.441 1367.538 1375.708 1383.878 1392.048 1399.614 1391.39 1383.165 1374.941 1366.717 1356.954 1345.24 1333.526 1321.812 1310.097 1308.053 1307.779 1307.505 1307.231 1308.465 1314.233 1320.002 1325.771 1331.539 1339.36 1348.269 1357.178 1366.086 1374.776 1379.898 1385.02 1390.142 1395.264
1303.366 1302.837 1302.307 1301.778 1302.142 1305.914 1309.686 1313.459 1317.231 1325.08 1335.518 1345.955 1356.393 1366.745 1371.799 1376.854 1381.908 1386.963 1387.196 1380.773 1374.349 1367.926 1361.503 1352.837 1343.693 1334.55 1325.406 1320.578 1330.327 1340.075 1349.824 1359.573 1367.951 1375.534 1383.117 1390.7 1397.676 1388.795 1379.914 1371.034 1362.153 1352.39 1341.509 1330.627 1319.746 1308.865 1307.261 1307.355 1307.449 1307.544 1309.277 1315.943 1322.608 1329.274 1335.939 1343.875 1352.485 1361.095 1369.704 1378.076 1382.568 1387.06 1391.552 1396.044
1305.577 1304.471 1303.365 1302.26 1302.065 1305.352 1308.638 1311.925 1315.212 1323.208 1334.196 1345.183 1356.171 1367.07 1372.52 1377.969 1383.418 1388.868 1389.693 1384.135 1378.577 1373.018 1367.46 1358.77 1349.413 1340.055 1330.698 1325.49 1334.293 1343.097 1351.901 1360.705 1368.365 1375.36 1382.356 1389.352 1395.738 1386.201 1376.663 1367.126 1357.589 1347.826 1337.777 1327.729 1317.68 1307.632 1306.468 1306.931 1307.393 1307.856 1310.09 1317.652 1325.214 1332.776 1340.339 1348.39 1356.701 1365.012 1373.322 1381.376 1385.238 1389.1 1392.963 1396.825
1307.788 1306.106 1304.423 1302.741 1301.989 1304.79 1307.591 1310.391 1313.192 1321.337 1332.874 1344.411 1355.948 1367.395 1373.24 1379.084 1384.929 1390.773 1392.191 1387.498 1382.804 1378.111 1373.417 1364.703 1355.132 1345.561 1335.99 1330.401 1338.26 1346.119 1353.978 1361.837 1368.778 1375.187 1381.595 1388.004 1393.8 1383.606 1373.412 1363.218 1353.024 1343.262 1334.046 1324.83 1315.615 1306.399 1305.675 1306.506 1307.337 1308.168 1310.902 1319.361 1327.82 1336.28 1344.739 1352.905 1360.917 1368.929 1376.941 1384.676 1387.908 1391.141 1394.373 1397.605
1309.999 1307.74 1305.481 1303.223 1301.913 1304.228 1306.543 1308.858 1311.173 1319.465 1331.552 1343.639 1355.726 1367.72 1373.96 1380.199 1386.439 1392.678 1394.689 1390.86 1387.031 1383.203 1379.374 1370.636 1360.852 1351.067 1341.283 1335.313 1342.227 1349.141 1356.055 1362.969 1369.192 1375.013 1380.834 1386.656 1391.862 1381.012 1370.161 1359.311 1348.46 1338.698 1330.315 1321.932 1313.549 1305.166 1304.883 1306.082 1307.281 1308.481 1311.715 1321.071 1330.427 1339.782 1349.138 1357.42 1365.133 1372.846 1380.559 1387.976 1390.578 1393.181 1395.783 1398.386
1313.343 1310.489 1307.634 1304.78 1302.854 1304.477 1306.101 1307.724 1309.347 1317.06 1328.639 1340.219 1351.798 1363.299 1369.878 1376.458 1383.038 1389.617 1392.434 1390.055 1387.676 1385.297 1382.918 1375.224 1366.396 1357.568 1348.74 1343.236 1348.961 1354.686 1360.41 1366.135 1371.271 1376.066 1380.86 1385.655 1389.863 1378.726 1367.59 1356.453 1345.317 1335.699 1328.006 1320.313 1312.62 1304.927 1304.862 1306.194 1307.525 1308.857 1312.331 1322.255 1332.178 1342.101 1352.024 1360.372 1367.884 1375.397 1382.91 1390.114 1392.292 1394.471 1396.65 1398.828
1317.757 1314.288 1310.82 1307.351 1304.755 1305.493 1306.23 1306.967 1307.704 1314.152 1324.226 1334.3 1344.375 1354.398 1361.266 1368.134 1375.002 1381.87 1385.694 1385.317 1384.94 1384.563 1384.186 1378.541 1371.774 1365.006 1358.239 1354.001 1358.305 1362.61 1366.915 1371.219 1374.922 1378.276 1381.629 1384.982 1387.804 1376.732 1365.659 1354.587 1343.515 1334.178 1327.04 1319.902 1312.764 1305.626 1305.571 1306.811 1308.052 1309.293 1312.763 1322.943 1333.122 1343.301 1353.481 1361.847 1369.253 1376.659 1384.065 1391.155 1393.104 1395.053 1397.003 1398.952
1322.17 1318.088 1314.005 1309.923 1306.657 1306.508 1306.359 1306.21 1306.061 1311.244 1319.813 1328.382 1336.951 1345.497 1352.653 1359.81 1366.966 1374.122 1378.955 1380.579 1382.204 1383.828 1385.453 1381.859 1377.152 1372.445 1367.738 1364.765 1367.65 1370.534 1373.419 1376.304 1378.573 1380.485 1382.398 1384.31 1385.746 1374.737 1363.729 1352.721 1341.713 1332.656 1326.073 1319.491 1312.908 1306.326 1306.279 1307.429 1308.579 1309.729 1313.195 1323.631 1334.066 1344.502 1354.938 1363.323 1370.622 1377.922 1385.221 1392.197 1393.917 1395.636 1397.356 1399.075
1326.583 1321.887 1317.191 1312.495 1308.558 1307.523 1306.488 1305.453 1304.418 1308.336 1315.4 1322.463 1329.527 1336.596 1344.041 1351.485 1358.93 1366.375 1372.215 1375.841 1379.468 1383.094 1386.72 1385.176 1382.53 1379.883 1377.237 1375.53 1376.994 1378.459 1379.924 1381.388 1382.224 1382.695 1383.166 1383.637 1383.687 1372.743 1361.799 1350.854 1339.91 1331.135 1325.107 1319.08 1313.052 1307.025 1306.987 1308.047 1309.106 1310.165 1313.627 1324.319 1335.011 1345.703 1356.394 1364.799 1371.991 1379.184 1386.376 1393.239 1394.729 1396.219 1397.708 1399.198
1330.997 1325.687 1320.377 1315.066 1310.459 1308.538 1306.617 1304.696 1302.775 1305.428 1310.987 1316.545 1322.103 1327.696 1335.428 1343.161 1350.894 1358.627 1365.476 1371.104 1376.732 1382.36 1387.988 1388.494 1387.908 1387.322 1386.736 1386.294 1386.339 1386.383 1386.428 1386.473 1385.875 1384.905 1383.935 1382.964 1381.629 1370.749 1359.868 1348.988 1338.108 1329.613 1324.141 1318.668 1313.196 1307.724 1307.696 1308.664 1309.633 1310.601 1314.059 1325.007 1335.955 1346.903 1357.851 1366.275 1373.36 1380.446 1387.532 1394.28 1395.541 1396.801 1398.062 1399.322
1337.953 1331.913 1325.873 1319.833 1314.438 1311.505 1308.571 1305.638 1302.704 1304.214 1308.546 1312.878 1317.209 1321.574 1328.006 1334.439 1340.871 1347.303 1353.728 1360.142 1366.557 1372.972 1379.386 1381.755 1383.261 1384.767 1386.274 1387.53 1387.943 1388.357 1388.771 1389.184 1388.566 1387.348 1386.131 1384.913 1383.374 1373.426 1363.478 1353.53 1343.582 1335.502 1329.791 1324.079 1318.368 1312.656 1311.518 1311.218 1310.917 1310.616 1312.925 1323.088 1333.251 1343.413 1353.576 1362.07 1369.68 1377.291 1384.901 1392.171 1393.896 1395.621 1397.347 1399.072
1344.946 1338.175 1331.404 1324.633 1318.447 1314.5 1310.552 1306.604 1302.656 1303.025 1306.134 1309.243 1312.353 1315.494 1320.602 1325.71 1330.818 1335.927 1341.907 1349.09 1356.273 1363.457 1370.64 1374.869 1378.467 1382.066 1385.665 1388.626 1389.435 1390.243 1391.052 1391.86 1391.242 1389.795 1388.348 1386.901 1385.175 1376.172 1367.169 1358.166 1349.162 1341.5 1335.538 1329.575 1323.613 1317.651 1315.386 1313.799 1312.212 1310.625 1311.769 1321.131 1330.493 1339.855 1349.217 1357.782 1365.927 1374.071 1382.215 1390.015 1392.215 1394.416 1396.616 1398.816
1351.94 1344.437 1336.934 1329.432 1322.457 1317.495 1312.533 1307.571 1302.609 1301.836 1303.722 1305.609 1307.496 1309.413 1313.197 1316.982 1320.766 1324.55 1330.085 1338.037 1345.99 1353.942 1361.894 1367.982 1373.674 1379.365 1385.056 1389.722 1390.926 1392.129 1393.333 1394.536 1393.918 1392.241 1390.565 1388.888 1386.977 1378.918 1370.86 1362.801 1354.743 1347.498 1341.285 1335.072 1328.858 1322.645 1319.255 1316.381 1313.507 1310.634 1310.612 1319.173 1327.735 1336.296 1344.857 1353.495 1362.172 1370.85 1379.528 1387.859 1390.534 1393.21 1395.885 1398.561
1358.933 1350.699 1342.465 1334.231 1326.466 1320.49 1314.513 1308.537 1302.561 1300.646 1301.311 1301.975 1302.639 1303.332 1305.793 1308.253 1310.713 1313.174 1318.264 1326.985 1335.706 1344.427 1353.147 1361.096 1368.88 1376.664 1384.447 1390.818 1392.417 1394.015 1395.614 1397.213 1396.594 1394.688 1392.782 1390.876 1388.778 1381.664 1374.551 1367.437 1360.324 1353.496 1347.032 1340.568 1334.104 1327.64 1323.123 1318.963 1314.802 1310.642 1309.456 1317.216 1324.977 1332.737 1340.498 1349.207 1358.418 1367.63 1376.842 1385.703 1388.854 1392.004 1395.155 1398.305
1365.066 1356.313 1347.56 1338.806 1330.431 1323.496 1316.562 1309.627 1302.693 1300.0 1300.0 1300.0 1300.0 1300.025 1301.598 1303.17 1304.743 1306.316 1310.815 1319.354 1327.893 1336.432 1344.971 1354.084 1363.32 1372.555 1381.791 1389.424 1391.647 1393.87 1396.092 1398.315 1398.004 1396.222 1394.44 1392.657 1390.711 1384.482 1378.252 1372.022 1365.793 1359.425 1352.883 1346.341 1339.799 1333.257 1327.762 1322.459 1317.156 1311.854 1309.59 1316.472 1323.354 1330.235 1337.117 1345.766 1355.35 1364.935 1374.52 1383.755 1387.306 1390.856 1394.406 1397.956
1370.176 1361.155 1352.135 1343.115 1334.343 1326.517 1318.691 1310.865 1303.039 1300.0 1300.0 1300.0 1300.0 1300.019 1301.223 1302.428 1303.632 1304.836 1308.57 1315.796 1323.022 1330.248 1337.474 1346.924 1356.848 1366.772 1376.696 1385.065 1388.185 1391.305 1394.424 1397.544 1397.907 1396.669 1395.432 1394.194 1392.802 1387.384 1381.965 1376.547 1371.129 1365.272 1358.858 1352.444 1346.03 1339.616 1333.32 1327.045 1320.771 1314.496 1311.262 1317.172 1323.082 1328.992 1334.902 1343.333 1353.099 1362.865 1372.631 1382.056 1385.916 1389.775 1393.635 1397.495
1375.285 1365.998 1356.711 1347.423 1338.255 1329.537 1320.82 1312.103 1303.385 1300.0 1300.0 1300.0 1300.0 1300.013 1300.849 1301.685 1302.521 1303.357 1306.326 1312.238 1318.151 1324.064 1329.977 1339.763 1350.376 1360.989 1371.601 1380.707 1384.723 1388.74 1392.756 1396.773 1397.81 1397.117 1396.423 1395.73 1394.893 1390.286 1385.679 1381.072 1376.465 1371.118 1364.832 1358.546 1352.26 1345.975 1338.877 1331.631 1324.385 1317.139 1312.933 1317.871 1322.81 1327.749 1332.687 1340.9 1350.848 1360.795 1370.743 1380.357 1384.526 1388.695 1392.865 1397.034
1380.394 1370.84 1361.286 1351.732 1342.167 1332.558 1322.949 1313.34 1303.732 1300.0 1300.0 1300.0 1300.0 1300.007 1300.475 1300.943 1301.41 1301.878 1304.081 1308.681 1313.28 1317.88 1322.479 1332.603 1343.904 1355.205 1366.507 1376.348 1381.262 1386.175 1391.089 1396.002 1397.713 1397.564 1397.415 1397.266 1396.983 1393.188 1389.392 1385.597 1381.802 1376.964 1370.807 1364.649 1358.491 1352.333 1344.435 1336.217 1328.0 1319.782 1314.604 1318.571 1322.538 1326.505 1330.472 1338.467 1348.596 1358.726 1368.855 1378.657 1383.136 1387.615 1392.094 1396.573
1385.504 1375.683 1365.862 1356.041 1346.079 1335.579 1325.078 1314.578 1304.078 1300.0 1300.0 1300.0 1300.0 1300.002 1300.101 1300.2 1300.299 1300.398 1301.837 1305.123 1308.409 1311.696 1314.982 1325.443 1337.432 1349.422 1361.412 1371.99 1377.8 1383.61 1389.421 1395.231 1397.616 1398.011 1398.407 1398.803 1399.074 1396.09 1393.106 1390.122 1387.138 1382.811 1376.781 1370.752 1364.722 1358.693 1349.992 1340.803 1331.614 1322.425 1316.276 1319.271 1322.266 1325.262 1328.257 1336.034 1346.345 1356.656 1366.967 1376.958 1381.746 1386.535 1391.323 1396.112
1386.265 1376.346 1366.426 1356.507 1346.449 1335.865 1325.28 1314.695 1304.111 1300.0 1300.0 1300.0 1300.0 1300.001 1300.059 1300.116 1300.174 1300.232 1301.537 1304.565 1307.593 1310.621 1313.649 1323.933 1335.765 1347.597 1359.428 1369.956 1376.078 1382.201 1388.324 1394.447 1397.078 1397.682 1398.285 1398.889 1399.381 1396.966 1394.55 1392.135 1389.72 1386.127 1381.043 1375.958 1370.874 1365.79 1357.385 1348.373 1339.361 1330.349 1323.788 1324.599 1325.41 1326.221 1327.032 1333.776 1343.664 1353.552 1363.44 1373.068 1378.453 1383.839 1389.224 1394.609
