data/zism_data/00642_02_D.txt
ncols         224
nrows         224
[rows 28 to 55 of 224, columns 0 to 62 of 224]
4598.394 4597.863 4597.331 4596.876 4596.508 4596.141 4595.774 4595.406 4595.126 4594.853 4594.579 4594.306 4594.229 4594.46 4594.69 4594.921 4595.152 4595.552 4595.98 4596.409 4596.837 4597.326 4597.94 4598.554 4599.169 4599.783 4601.719 4604.021 4606.324 4608.626 4612.009 4618.698 4625.386 4632.074 4638.763 4644.21 4649.151 4654.092 4659.033 4663.541 4665.99 4668.44 4670.89 4673.339 4672.746 4670.424 4668.102 4665.78 4663.439 4660.942 4658.446 4655.949 4653.452 4651.053 4648.73 4646.407 4644.084 4641.767 4639.62 4637.474 4635.327 4633.18 4631.583
4598.677 4598.091 4597.506 4597.022 4596.655 4596.288 4595.92 4595.553 4595.332 4595.123 4594.914 4594.705 4594.681 4594.943 4595.206 4595.469 4595.732 4596.302 4596.924 4597.546 4598.168 4598.962 4600.125 4601.288 4602.45 4603.612 4606.272 4609.349 4612.425 4615.501 4619.525 4626.45 4633.375 4640.299 4647.224 4652.45 4656.983 4661.516 4666.048 4670.111 4671.943 4673.775 4675.606 4677.438 4676.532 4674.07 4671.608 4669.146 4666.705 4664.444 4662.184 4659.923 4657.663 4655.549 4653.549 4651.548 4649.548 4647.548 4645.584 4643.621 4641.656 4639.692 4638.296
4598.959 4598.32 4597.681 4597.168 4596.801 4596.434 4596.066 4595.699 4595.538 4595.394 4595.249 4595.104 4595.132 4595.427 4595.722 4596.017 4596.312 4597.052 4597.868 4598.683 4599.499 4600.6 4602.31 4604.021 4605.731 4607.441 4610.826 4614.676 4618.525 4622.375 4627.041 4634.202 4641.363 4648.524 4655.686 4660.69 4664.814 4668.938 4673.063 4676.681 4677.895 4679.109 4680.323 4681.537 4680.318 4677.716 4675.115 4672.513 4669.97 4667.946 4665.922 4663.897 4661.874 4660.045 4658.367 4656.688 4655.011 4653.33 4651.548 4649.767 4647.986 4646.205 4645.009
4599.242 4598.549 4597.856 4597.314 4596.947 4596.58 4596.212 4595.845 4595.744 4595.664 4595.584 4595.504 4595.583 4595.91 4596.238 4596.565 4596.893 4597.803 4598.812 4599.82 4600.83 4602.237 4604.495 4606.753 4609.012 4611.271 4615.379 4620.003 4624.626 4629.25 4634.557 4641.955 4649.352 4656.75 4664.147 4668.93 4672.646 4676.362 4680.078 4683.251 4683.848 4684.444 4685.04 4685.636 4684.104 4681.363 4678.622 4675.88 4673.236 4671.448 4669.66 4667.872 4666.084 4664.541 4663.185 4661.83 4660.474 4659.111 4657.512 4655.914 4654.315 4652.716 4651.722
4599.524 4598.778 4598.031 4597.46 4597.093 4596.726 4596.358 4595.991 4595.95 4595.935 4595.919 4595.903 4596.034 4596.394 4596.753 4597.113 4597.473 4598.553 4599.755 4600.958 4602.16 4603.874 4606.68 4609.487 4612.293 4615.1 4619.933 4625.331 4630.728 4636.125 4642.073 4649.707 4657.341 4664.975 4672.609 4677.17 4680.478 4683.786 4687.093 4689.822 4689.8 4689.778 4689.757 4689.735 4687.89 4685.009 4682.128 4679.247 4676.501 4674.95 4673.398 4671.847 4670.295 4669.037 4668.003 4666.97 4665.937 4664.892 4663.477 4662.061 4660.645 4659.229 4658.436
4599.441 4598.764 4598.085 4597.565 4597.226 4596.887 4596.548 4596.209 4596.204 4596.224 4596.244 4596.265 4596.449 4596.89 4597.331 4597.771 4598.212 4599.786 4601.552 4603.318 4605.084 4607.384 4610.824 4614.264 4617.704 4621.144 4626.488 4632.362 4638.236 4644.109 4650.313 4657.528 4664.744 4671.958 4679.174 4683.145 4685.792 4688.438 4691.085 4693.202 4692.798 4692.395 4691.992 4691.588 4689.773 4687.155 4684.538 4681.92 4679.444 4678.222 4677.001 4675.779 4674.558 4673.579 4672.787 4671.994 4671.202 4670.392 4668.992 4667.591 4666.191 4664.791 4664.033
4599.242 4598.671 4598.101 4597.655 4597.354 4597.053 4596.751 4596.45 4596.472 4596.52 4596.566 4596.614 4596.853 4597.39 4597.928 4598.465 4599.002 4601.174 4603.622 4606.071 4608.519 4611.495 4615.595 4619.696 4623.796 4627.897 4633.684 4639.939 4646.194 4652.449 4658.786 4665.373 4671.959 4678.545 4685.132 4688.394 4690.3 4692.205 4694.111 4695.562 4694.852 4694.142 4693.433 4692.723 4691.046 4688.821 4686.596 4684.37 4682.283 4681.421 4680.56 4679.698 4678.837 4678.136 4677.559 4676.981 4676.403 4675.801 4674.363 4672.926 4671.488 4670.05 4669.272
4599.042 4598.58 4598.117 4597.746 4597.482 4597.219 4596.955 4596.691 4596.741 4596.815 4596.889 4596.963 4597.256 4597.89 4598.524 4599.159 4599.792 4602.562 4605.692 4608.823 4611.954 4615.604 4620.366 4625.127 4629.889 4634.651 4640.88 4647.517 4654.153 4660.79 4667.259 4673.216 4679.174 4685.132 4691.09 4693.644 4694.808 4695.972 4697.136 4697.921 4696.905 4695.889 4694.874 4693.857 4692.32 4690.487 4688.654 4686.82 4685.122 4684.621 4684.119 4683.618 4683.116 4682.693 4682.331 4681.968 4681.605 4681.21 4679.735 4678.26 4676.784 4675.309 4674.512
4598.843 4598.488 4598.132 4597.836 4597.61 4597.384 4597.158 4596.932 4597.009 4597.11 4597.211 4597.312 4597.66 4598.39 4599.121 4599.852 4600.583 4603.949 4607.762 4611.575 4615.388 4619.714 4625.137 4630.559 4635.981 4641.404 4648.075 4655.093 4662.111 4669.129 4675.731 4681.06 4686.39 4691.719 4697.048 4698.893 4699.316 4699.738 4700.161 4700.281 4698.958 4697.636 4696.314 4694.992 4693.594 4692.153 4690.712 4689.271 4687.961 4687.82 4687.678 4687.537 4687.395 4687.25 4687.103 4686.955 4686.807 4686.62 4685.106 4683.594 4682.081 4680.568 4679.752
4598.729 4598.459 4598.188 4597.952 4597.755 4597.558 4597.361 4597.164 4597.265 4597.388 4597.511 4597.635 4598.055 4598.937 4599.819 4600.701 4601.583 4605.566 4610.076 4614.585 4619.094 4624.104 4630.184 4636.264 4642.344 4648.424 4655.486 4662.82 4670.155 4677.489 4684.151 4688.757 4693.363 4697.968 4702.574 4703.702 4703.41 4703.118 4702.826 4702.313 4700.75 4699.186 4697.623 4696.06 4694.824 4693.775 4692.727 4691.678 4690.756 4690.964 4691.171 4691.379 4691.587 4691.696 4691.729 4691.762 4691.795 4691.782 4690.226 4688.67 4687.114 4685.559 4684.708
4598.962 4598.687 4598.411 4598.169 4597.967 4597.764 4597.562 4597.359 4597.464 4597.593 4597.722 4597.851 4598.419 4599.672 4600.925 4602.178 4603.43 4608.111 4613.372 4618.633 4623.895 4629.623 4636.348 4643.072 4649.797 4656.522 4663.766 4671.154 4678.542 4685.93 4692.36 4695.859 4699.358 4702.857 4706.356 4706.731 4705.833 4704.933 4704.034 4703.023 4701.481 4699.939 4698.398 4696.856 4695.878 4695.222 4694.565 4693.909 4693.371 4693.884 4694.398 4694.913 4695.426 4695.693 4695.769 4695.845 4695.921 4695.948 4694.328 4692.707 4691.086 4689.466 4688.514
4599.196 4598.915 4598.633 4598.386 4598.178 4597.97 4597.763 4597.555 4597.665 4597.799 4597.933 4598.067 4598.784 4600.407 4602.031 4603.654 4605.277 4610.655 4616.668 4622.682 4628.695 4635.142 4642.511 4649.88 4657.25 4664.62 4672.045 4679.487 4686.929 4694.371 4700.569 4702.961 4705.353 4707.745 4710.137 4709.761 4708.255 4706.749 4705.242 4703.734 4702.213 4700.693 4699.173 4697.652 4696.933 4696.668 4696.404 4696.14 4695.985 4696.805 4697.625 4698.446 4699.266 4699.69 4699.809 4699.928 4700.047 4700.114 4698.429 4696.744 4695.059 4693.374 4692.32
4599.429 4599.142 4598.855 4598.603 4598.39 4598.176 4597.963 4597.75 4597.864 4598.004 4598.144 4598.283 4599.148 4601.143 4603.136 4605.13 4607.125 4613.199 4619.964 4626.73 4633.496 4640.66 4648.674 4656.688 4664.702 4672.717 4680.325 4687.821 4695.316 4702.812 4708.777 4710.063 4711.348 4712.633 4713.919 4712.791 4710.677 4708.564 4706.451 4704.444 4702.945 4701.447 4699.948 4698.449 4697.987 4698.115 4698.243 4698.371 4698.6 4699.726 4700.853 4701.979 4703.105 4703.687 4703.849 4704.011 4704.172 4704.279 4702.53 4700.78 4699.031 4697.282 4696.126
4599.662 4599.37 4599.078 4598.819 4598.601 4598.382 4598.164 4597.945 4598.064 4598.209 4598.354 4598.499 4599.513 4601.877 4604.242 4606.607 4608.972 4615.743 4623.261 4630.779 4638.297 4646.179 4654.837 4663.497 4672.155 4680.814 4688.604 4696.154 4703.703 4711.252 4716.986 4717.165 4717.343 4717.522 4717.7 4715.82 4713.1 4710.379 4707.659 4705.155 4703.677 4702.2 4700.723 4699.245 4699.042 4699.562 4700.082 4700.602 4701.214 4702.646 4704.079 4705.512 4706.945 4707.684 4707.889 4708.093 4708.298 4708.445 4706.631 4704.817 4703.003 4701.189 4699.932
4599.955 4599.578 4599.202 4598.909 4598.712 4598.516 4598.32 4598.124 4598.322 4598.551 4598.781 4599.01 4600.384 4603.539 4606.693 4609.848 4613.002 4620.561 4628.865 4637.17 4645.474 4654.084 4663.346 4672.609 4681.871 4691.134 4698.772 4705.959 4713.146 4720.334 4725.491 4724.436 4723.38 4722.325 4721.27 4718.552 4715.156 4711.759 4708.363 4705.335 4704.054 4702.773 4701.493 4700.212 4700.345 4701.281 4702.217 4703.154 4704.155 4705.74 4707.324 4708.909 4710.493 4711.256 4711.387 4711.518 4711.649 4711.721 4709.805 4707.889 4705.973 4704.057 4702.628
4600.282 4599.776 4599.271 4598.926 4598.768 4598.609 4598.45 4598.291 4598.612 4598.97 4599.329 4599.687 4601.542 4605.722 4609.903 4614.083 4618.264 4626.66 4635.771 4644.881 4653.991 4663.335 4673.177 4683.02 4692.863 4702.706 4710.003 4716.594 4723.185 4729.776 4734.162 4731.801 4729.44 4727.08 4724.719 4721.115 4717.004 4712.894 4708.783 4705.216 4704.23 4703.245 4702.26 4701.275 4701.789 4703.155 4704.521 4705.887 4707.281 4708.93 4710.579 4712.228 4713.877 4714.589 4714.581 4714.572 4714.563 4714.496 4712.456 4710.417 4708.377 4706.337 4704.697
4600.609 4599.975 4599.34 4598.944 4598.823 4598.702 4598.58 4598.459 4598.902 4599.39 4599.877 4600.364 4602.698 4607.905 4613.112 4618.319 4623.526 4632.76 4642.676 4652.592 4662.508 4672.586 4683.009 4693.432 4703.854 4714.278 4721.235 4727.229 4733.224 4739.219 4742.833 4739.167 4735.5 4731.834 4728.168 4723.679 4718.853 4714.028 4709.203 4705.097 4704.407 4703.717 4703.027 4702.338 4703.233 4705.029 4706.824 4708.62 4710.408 4712.121 4713.834 4715.547 4717.261 4717.922 4717.774 4717.625 4717.477 4717.271 4715.107 4712.944 4710.781 4708.618 4706.767
4600.936 4600.172 4599.409 4598.961 4598.877 4598.794 4598.71 4598.627 4599.192 4599.809 4600.425 4601.042 4603.855 4610.089 4616.322 4622.555 4628.788 4638.859 4649.582 4660.304 4671.025 4681.837 4692.84 4703.844 4714.847 4725.85 4732.467 4737.865 4743.263 4748.662 4751.505 4746.533 4741.561 4736.589 4731.617 4726.242 4720.702 4715.162 4709.622 4704.978 4704.583 4704.189 4703.795 4703.4 4704.677 4706.902 4709.128 4711.354 4713.534 4715.312 4717.089 4718.867 4720.645 4721.255 4720.967 4720.679 4720.391 4720.045 4717.758 4715.472 4713.185 4710.898 4708.836
4601.256 4600.382 4599.509 4599.017 4598.965 4598.913 4598.861 4598.809 4599.524 4600.298 4601.073 4601.847 4605.15 4612.384 4619.619 4626.854 4634.088 4644.988 4656.507 4668.028 4679.548 4691.074 4702.612 4714.15 4725.688 4737.226 4743.488 4748.285 4753.082 4757.878 4759.964 4753.758 4747.552 4741.346 4735.14 4728.925 4722.708 4716.49 4710.272 4705.118 4705.015 4704.912 4704.809 4704.706 4706.341 4708.964 4711.587 4714.21 4716.751 4718.571 4720.391 4722.211 4724.031 4724.573 4724.133 4723.693 4723.252 4722.755 4720.336 4717.918 4715.5 4713.081 4710.807
4601.495 4600.729 4599.963 4599.511 4599.422 4599.332 4599.243 4599.153 4600.323 4601.592 4602.861 4604.13 4608.015 4615.969 4623.924 4631.878 4639.833 4651.443 4663.672 4675.902 4688.131 4700.146 4711.699 4723.254 4734.808 4746.362 4752.11 4756.247 4760.382 4764.518 4766.003 4759.377 4752.752 4746.127 4739.501 4732.983 4726.507 4720.032 4713.556 4708.231 4708.37 4708.508 4708.647 4708.786 4710.525 4713.175 4715.825 4718.475 4721.019 4722.624 4724.229 4725.834 4727.438 4727.721 4726.985 4726.249 4725.514 4724.723 4722.079 4719.434 4716.79 4714.146 4711.641
4601.734 4601.076 4600.418 4600.006 4599.878 4599.751 4599.624 4599.497 4601.123 4602.886 4604.649 4606.412 4610.88 4619.554 4628.229 4636.903 4645.578 4657.898 4670.837 4683.776 4696.714 4709.217 4720.787 4732.357 4743.927 4755.498 4760.732 4764.208 4767.683 4771.158 4772.041 4764.997 4757.953 4750.908 4743.864 4737.04 4730.307 4723.573 4716.84 4711.343 4711.724 4712.104 4712.485 4712.865 4714.71 4717.387 4720.063 4722.741 4725.287 4726.677 4728.066 4729.457 4730.847 4730.868 4729.837 4728.806 4727.774 4726.69 4723.82 4720.951 4718.081 4715.211 4712.475
4601.974 4601.423 4600.872 4600.5 4600.335 4600.17 4600.006 4599.841 4601.923 4604.18 4606.438 4608.695 4613.745 4623.139 4632.534 4641.928 4651.322 4664.354 4678.001 4691.65 4705.297 4718.288 4729.875 4741.461 4753.047 4764.634 4769.355 4772.169 4774.983 4777.797 4778.08 4770.616 4763.153 4755.689 4748.226 4741.098 4734.106 4727.115 4720.124 4714.456 4715.079 4715.701 4716.323 4716.945 4718.895 4721.599 4724.302 4727.006 4729.554 4730.729 4731.904 4733.08 4734.254 4734.016 4732.689 4731.362 4730.036 4728.658 4725.562 4722.467 4719.371 4716.276 4713.309
4602.213 4601.77 4601.326 4600.995 4600.792 4600.59 4600.387 4600.185 4602.722 4605.474 4608.226 4610.977 4616.61 4626.724 4636.838 4646.953 4657.067 4670.81 4685.166 4699.523 4713.88 4727.359 4738.961 4750.564 4762.167 4773.769 4777.977 4780.13 4782.284 4784.437 4784.118 4776.235 4768.353 4760.47 4752.588 4745.155 4737.906 4730.656 4723.407 4717.569 4718.433 4719.297 4720.161 4721.025 4723.079 4725.81 4728.541 4731.271 4733.822 4734.782 4735.742 4736.702 4737.663 4737.163 4735.541 4733.918 4732.296 4730.625 4727.304 4723.983 4720.662 4717.34 4714.143
4604.109 4603.586 4603.063 4602.668 4602.422 4602.177 4601.931 4601.685 4604.94 4608.469 4611.998 4615.527 4621.803 4632.351 4642.899 4653.448 4663.997 4677.97 4692.523 4707.078 4721.631 4735.115 4746.313 4757.512 4768.71 4779.909 4783.591 4785.184 4786.777 4788.371 4787.634 4779.77 4771.905 4764.04 4756.175 4748.984 4742.068 4735.152 4728.235 4722.679 4723.58 4724.481 4725.383 4726.284 4728.251 4730.824 4733.396 4735.969 4738.353 4739.062 4739.77 4740.479 4741.188 4740.39 4738.433 4736.476 4734.52 4732.518 4729.027 4725.537 4722.046 4718.555 4715.229
4607.528 4606.752 4605.976 4605.424 4605.13 4604.836 4604.542 4604.248 4608.461 4613.027 4617.593 4622.158 4629.133 4639.853 4650.573 4661.294 4672.015 4685.778 4700.058 4714.338 4728.617 4741.663 4752.072 4762.48 4772.889 4783.298 4786.442 4787.568 4788.694 4789.82 4788.834 4781.389 4773.943 4766.498 4759.052 4752.604 4746.563 4740.523 4734.482 4729.623 4730.374 4731.125 4731.876 4732.627 4734.33 4736.575 4738.82 4741.065 4743.125 4743.549 4743.973 4744.397 4744.821 4743.69 4741.362 4739.035 4736.708 4734.343 4730.734 4727.125 4723.516 4719.907 4716.547
4610.947 4609.918 4608.89 4608.18 4607.837 4607.495 4607.152 4606.81 4611.982 4617.584 4623.187 4628.79 4636.462 4647.355 4658.247 4669.14 4680.032 4693.587 4707.592 4721.598 4735.604 4748.211 4757.83 4767.449 4777.067 4786.687 4789.293 4789.952 4790.61 4791.269 4790.034 4783.007 4775.981 4768.955 4761.928 4756.224 4751.059 4745.894 4740.729 4736.567 4737.167 4737.768 4738.369 4738.969 4740.409 4742.326 4744.243 4746.16 4747.897 4748.036 4748.176 4748.315 4748.454 4746.99 4744.292 4741.593 4738.895 4736.167 4732.44 4728.713 4724.985 4721.258 4717.865
4614.366 4613.085 4611.804 4610.936 4610.545 4610.154 4609.763 4609.373 4615.503 4622.142 4628.782 4635.421 4643.792 4654.857 4665.921 4676.985 4688.05 4701.395 4715.126 4728.858 4742.59 4754.759 4763.588 4772.417 4781.246 4790.076 4792.145 4792.335 4792.527 4792.718 4791.234 4784.626 4778.019 4771.412 4764.804 4759.843 4755.554 4751.265 4746.976 4743.511 4743.961 4744.411 4744.861 4745.312 4746.488 4748.077 4749.667 4751.256 4752.669 4752.524 4752.378 4752.233 4752.087 4750.29 4747.221 4744.152 4741.083 4737.992 4734.146 4730.301 4726.456 4722.61 4719.184
4617.785 4616.251 4614.717 4613.691 4613.252 4612.813 4612.374 4611.935 4619.023 4626.7 4634.376 4642.053 4651.123 4662.359 4673.595 4684.832 4696.067 4709.204 4722.661 4736.119 4749.576 4761.307 4769.346 4777.385 4785.425 4793.464 4794.996 4794.719 4794.443 4794.167 4792.434 4786.246 4780.057 4773.869 4767.681 4763.463 4760.049 4756.636 4753.223 4750.455 4750.755 4751.055 4751.354 4751.654 4752.567 4753.829 4755.09 4756.352 4757.441 4757.011 4756.581 4756.151 4755.721 4753.59 4750.15 4746.71 4743.271 4739.816 4735.853 4731.889 4727.925 4723.962 4720.502
