data/zism_data/00648_02_D.txt
ncols         224
nrows         224
[rows 28 to 55 of 224, columns 63 to 125 of 224]
4642.467 4641.802 4641.138 4640.473 4639.146 4637.79 4636.433 4635.076 4634.127 4633.742 4633.356 4632.97 4632.584 4631.148 4629.574 4628.0 4626.426 4624.573 4622.198 4619.823 4617.447 4615.072 4611.979 4608.72 4605.46 4602.201 4598.883 4595.412 4591.941 4588.47 4584.999 4583.25 4582.108 4580.966 4579.824 4578.909 4578.884 4578.859 4578.835 4578.81 4578.802 4578.802 4578.802 4578.802 4578.792 4578.719 4578.646 4578.572 4578.498 4578.112 4577.512 4576.912 4576.312 4575.732 4575.5 4575.267 4575.034 4574.801 4573.832 4572.187 4570.542 4568.897 4567.252
4634.211 4633.735 4633.258 4632.781 4631.97 4631.144 4630.318 4629.491 4629.042 4629.112 4629.182 4629.252 4629.322 4628.242 4627.011 4625.78 4624.549 4622.976 4620.761 4618.547 4616.333 4614.118 4611.417 4608.602 4605.787 4602.973 4600.156 4597.333 4594.511 4591.689 4588.867 4587.46 4586.555 4585.648 4584.742 4584.009 4583.952 4583.895 4583.838 4583.781 4583.762 4583.762 4583.762 4583.762 4583.753 4583.679 4583.606 4583.532 4583.459 4583.063 4582.446 4581.83 4581.214 4580.619 4580.37 4580.122 4579.873 4579.624 4578.677 4577.091 4575.505 4573.919 4572.333
4625.957 4625.667 4625.378 4625.089 4624.793 4624.498 4624.203 4623.907 4623.957 4624.482 4625.008 4625.534 4626.06 4625.335 4624.447 4623.56 4622.671 4621.378 4619.324 4617.271 4615.217 4613.164 4610.854 4608.484 4606.114 4603.744 4601.429 4599.255 4597.081 4594.908 4592.734 4591.671 4591.001 4590.331 4589.661 4589.108 4589.02 4588.931 4588.842 4588.752 4588.723 4588.723 4588.723 4588.723 4588.713 4588.64 4588.566 4588.493 4588.419 4588.014 4587.381 4586.749 4586.117 4585.506 4585.241 4584.976 4584.711 4584.446 4583.523 4581.996 4580.469 4578.941 4577.415
4617.702 4617.6 4617.499 4617.397 4617.617 4617.853 4618.087 4618.323 4618.872 4619.853 4620.834 4621.815 4622.797 4622.429 4621.884 4621.339 4620.794 4619.781 4617.888 4615.995 4614.102 4612.209 4610.291 4608.366 4606.441 4604.516 4602.702 4601.176 4599.651 4598.126 4596.601 4595.882 4595.448 4595.014 4594.579 4594.208 4594.087 4593.966 4593.845 4593.724 4593.684 4593.684 4593.684 4593.684 4593.674 4593.601 4593.527 4593.454 4593.38 4592.965 4592.316 4591.668 4591.02 4590.393 4590.111 4589.831 4589.549 4589.269 4588.368 4586.9 4585.432 4583.964 4582.496
4610.256 4610.336 4610.416 4610.496 4611.178 4611.888 4612.598 4613.308 4614.297 4615.673 4617.049 4618.424 4619.8 4619.75 4619.514 4619.277 4619.041 4618.284 4616.553 4614.822 4613.091 4611.36 4609.786 4608.248 4606.71 4605.172 4603.785 4602.794 4601.804 4600.813 4599.823 4599.382 4599.136 4598.89 4598.644 4598.417 4598.268 4598.117 4597.967 4597.817 4597.767 4597.767 4597.767 4597.767 4597.758 4597.685 4597.613 4597.541 4597.468 4597.054 4596.408 4595.761 4595.115 4594.489 4594.201 4593.914 4593.626 4593.339 4592.452 4591.015 4589.579 4588.142 4586.706
4606.111 4606.347 4606.582 4606.817 4607.742 4608.698 4609.655 4610.611 4611.805 4613.325 4614.846 4616.366 4617.887 4618.0 4617.93 4617.859 4617.789 4617.199 4615.634 4614.069 4612.505 4610.94 4609.519 4608.131 4606.743 4605.355 4604.096 4603.175 4602.254 4601.333 4600.412 4599.986 4599.735 4599.483 4599.232 4598.998 4598.832 4598.666 4598.5 4598.333 4598.278 4598.278 4598.278 4598.278 4598.269 4598.202 4598.135 4598.068 4598.0 4597.634 4597.063 4596.491 4595.919 4595.366 4595.111 4594.855 4594.6 4594.345 4593.431 4591.914 4590.397 4588.88 4587.363
4601.966 4602.357 4602.748 4603.138 4604.306 4605.509 4606.712 4607.915 4609.313 4610.978 4612.643 4614.308 4615.973 4616.251 4616.346 4616.442 4616.538 4616.114 4614.715 4613.317 4611.918 4610.52 4609.251 4608.014 4606.776 4605.538 4604.407 4603.556 4602.705 4601.853 4601.002 4600.59 4600.333 4600.077 4599.82 4599.579 4599.396 4599.214 4599.032 4598.849 4598.789 4598.789 4598.789 4598.789 4598.78 4598.719 4598.657 4598.595 4598.534 4598.213 4597.717 4597.221 4596.724 4596.244 4596.021 4595.797 4595.574 4595.351 4594.41 4592.813 4591.216 4589.618 4588.021
4597.821 4598.367 4598.914 4599.459 4600.87 4602.319 4603.769 4605.219 4606.82 4608.63 4610.44 4612.25 4614.06 4614.501 4614.763 4615.024 4615.286 4615.028 4613.796 4612.564 4611.332 4610.1 4608.984 4607.896 4606.809 4605.721 4604.718 4603.937 4603.155 4602.374 4601.592 4601.194 4600.932 4600.67 4600.408 4600.159 4599.96 4599.762 4599.563 4599.365 4599.299 4599.299 4599.299 4599.299 4599.292 4599.235 4599.179 4599.123 4599.066 4598.793 4598.372 4597.951 4597.529 4597.121 4596.93 4596.739 4596.548 4596.356 4595.39 4593.712 4592.034 4590.356 4588.679
4593.676 4594.378 4595.079 4595.781 4597.434 4599.13 4600.826 4602.523 4604.328 4606.282 4608.237 4610.191 4612.146 4612.751 4613.179 4613.607 4614.035 4613.943 4612.877 4611.811 4610.745 4609.679 4608.717 4607.78 4606.842 4605.904 4605.029 4604.317 4603.605 4602.894 4602.182 4601.798 4601.531 4601.263 4600.996 4600.739 4600.525 4600.31 4600.096 4599.881 4599.81 4599.81 4599.81 4599.81 4599.803 4599.752 4599.701 4599.65 4599.599 4599.373 4599.026 4598.68 4598.334 4597.999 4597.839 4597.68 4597.521 4597.362 4596.369 4594.611 4592.853 4591.094 4589.336
4591.148 4592.076 4593.003 4593.931 4595.717 4597.542 4599.367 4601.192 4603.051 4604.955 4606.859 4608.763 4610.667 4611.271 4611.703 4612.136 4612.568 4612.528 4611.602 4610.675 4609.748 4608.821 4607.923 4607.031 4606.139 4605.247 4604.399 4603.666 4602.933 4602.2 4601.467 4601.193 4601.083 4600.971 4600.86 4600.736 4600.566 4600.396 4600.227 4600.057 4599.953 4599.882 4599.812 4599.741 4599.653 4599.449 4599.245 4599.042 4598.838 4598.352 4597.673 4596.995 4596.316 4595.663 4595.415 4595.167 4594.919 4594.671 4593.605 4591.791 4589.976 4588.161 4586.345
4589.579 4590.774 4591.97 4593.166 4595.02 4596.904 4598.788 4600.672 4602.495 4604.232 4605.971 4607.708 4609.446 4609.95 4610.292 4610.633 4610.975 4610.918 4610.114 4609.311 4608.507 4607.704 4606.815 4605.907 4605.0 4604.091 4603.211 4602.403 4601.595 4600.787 4599.979 4599.872 4600.013 4600.153 4600.294 4600.388 4600.299 4600.209 4600.12 4600.03 4599.878 4599.695 4599.511 4599.328 4599.11 4598.66 4598.209 4597.759 4597.309 4596.382 4595.13 4593.878 4592.626 4591.422 4591.014 4590.605 4590.196 4589.788 4588.623 4586.765 4584.907 4583.049 4581.191
4588.009 4589.473 4590.937 4592.4 4594.322 4596.265 4598.208 4600.151 4601.938 4603.51 4605.082 4606.654 4608.226 4608.629 4608.88 4609.13 4609.38 4609.307 4608.627 4607.947 4607.267 4606.586 4605.708 4604.784 4603.86 4602.936 4602.023 4601.14 4600.257 4599.374 4598.491 4598.551 4598.943 4599.336 4599.729 4600.04 4600.031 4600.021 4600.012 4600.003 4599.803 4599.507 4599.211 4598.916 4598.567 4597.87 4597.173 4596.477 4595.779 4594.412 4592.586 4590.761 4588.935 4587.182 4586.613 4586.043 4585.474 4584.904 4583.64 4581.739 4579.838 4577.938 4576.037
4586.439 4588.171 4589.903 4591.634 4593.625 4595.627 4597.629 4599.631 4601.382 4602.788 4604.193 4605.599 4607.005 4607.309 4607.468 4607.627 4607.787 4607.697 4607.14 4606.583 4606.026 4605.469 4604.601 4603.661 4602.721 4601.78 4600.835 4599.877 4598.919 4597.961 4597.003 4597.229 4597.874 4598.519 4599.163 4599.691 4599.763 4599.834 4599.905 4599.976 4599.728 4599.319 4598.911 4598.502 4598.024 4597.081 4596.137 4595.194 4594.25 4592.442 4590.042 4587.644 4585.244 4582.942 4582.211 4581.481 4580.75 4580.02 4578.657 4576.713 4574.77 4572.826 4570.882
4584.904 4586.901 4588.898 4590.895 4592.951 4595.01 4597.068 4599.127 4600.843 4602.085 4603.328 4604.571 4605.813 4606.013 4606.075 4606.138 4606.2 4606.079 4605.612 4605.145 4604.678 4604.211 4603.329 4602.349 4601.37 4600.39 4599.392 4598.345 4597.297 4596.25 4595.202 4595.6 4596.508 4597.416 4598.324 4599.08 4599.236 4599.393 4599.549 4599.705 4599.408 4598.884 4598.36 4597.836 4597.224 4596.021 4594.816 4593.613 4592.409 4590.156 4587.187 4584.217 4581.248 4578.397 4577.486 4576.575 4575.663 4574.751 4573.297 4571.344 4569.391 4567.438 4565.484
4583.919 4586.136 4588.353 4590.569 4592.655 4594.735 4596.816 4598.896 4600.577 4601.707 4602.837 4603.967 4605.097 4605.117 4604.992 4604.867 4604.742 4604.343 4603.432 4602.52 4601.608 4600.696 4599.395 4598.002 4596.61 4595.218 4593.833 4592.463 4591.094 4589.725 4588.356 4589.002 4590.361 4591.719 4593.078 4594.225 4594.542 4594.859 4595.176 4595.493 4595.143 4594.458 4593.773 4593.089 4592.273 4590.587 4588.901 4587.215 4585.528 4582.774 4579.29 4575.806 4572.322 4568.958 4567.537 4566.116 4564.695 4563.274 4561.853 4560.431 4559.008 4557.586 4556.164
4582.934 4585.371 4587.807 4590.244 4592.36 4594.461 4596.563 4598.665 4600.311 4601.328 4602.346 4603.363 4604.38 4604.222 4603.909 4603.597 4603.284 4602.608 4601.251 4599.895 4598.538 4597.181 4595.461 4593.656 4591.851 4590.046 4588.272 4586.582 4584.891 4583.2 4581.51 4582.405 4584.214 4586.022 4587.831 4589.37 4589.848 4590.326 4590.804 4591.282 4590.877 4590.032 4589.187 4588.341 4587.323 4585.154 4582.985 4580.817 4578.648 4575.392 4571.394 4567.395 4563.396 4559.518 4557.588 4555.658 4553.728 4551.798 4550.409 4549.518 4548.626 4547.734 4546.843
4581.949 4584.605 4587.262 4589.918 4592.064 4594.187 4596.31 4598.434 4600.044 4600.949 4601.854 4602.759 4603.664 4603.327 4602.826 4602.326 4601.826 4600.873 4599.071 4597.27 4595.468 4593.667 4591.527 4589.309 4587.091 4584.874 4582.713 4580.7 4578.688 4576.676 4574.663 4575.808 4578.067 4580.326 4582.585 4584.515 4585.154 4585.792 4586.431 4587.07 4586.612 4585.606 4584.6 4583.593 4582.373 4579.721 4577.07 4574.419 4571.768 4568.01 4563.497 4558.984 4554.471 4550.078 4547.639 4545.199 4542.76 4540.321 4538.966 4538.605 4538.244 4537.883 4537.522
4580.964 4583.84 4586.716 4589.592 4591.769 4593.913 4596.058 4598.202 4599.778 4600.571 4601.363 4602.155 4602.947 4602.431 4601.743 4601.056 4600.368 4599.138 4596.891 4594.645 4592.398 4590.151 4587.593 4584.963 4582.332 4579.702 4577.153 4574.819 4572.485 4570.151 4567.817 4569.21 4571.92 4574.629 4577.338 4579.66 4580.459 4581.259 4582.059 4582.858 4582.347 4581.18 4580.013 4578.846 4577.422 4574.289 4571.155 4568.021 4564.887 4560.628 4555.601 4550.573 4545.545 4540.638 4537.689 4534.741 4531.792 4528.844 4527.522 4527.692 4527.862 4528.031 4528.201
4579.343 4582.347 4585.351 4588.355 4590.643 4592.897 4595.153 4597.408 4599.028 4599.773 4600.519 4601.264 4602.009 4601.236 4600.264 4599.291 4598.318 4596.739 4594.021 4591.304 4588.586 4585.868 4582.827 4579.71 4576.593 4573.477 4570.497 4567.875 4565.253 4562.632 4560.01 4561.385 4564.169 4566.954 4569.739 4572.139 4573.032 4573.924 4574.816 4575.708 4575.332 4574.321 4573.311 4572.3 4570.986 4567.653 4564.32 4560.987 4557.654 4553.119 4547.763 4542.407 4537.05 4531.818 4528.599 4525.38 4522.161 4518.941 4517.671 4518.188 4518.705 4519.222 4519.739
4577.056 4580.092 4583.128 4586.165 4588.648 4591.107 4593.566 4596.025 4597.773 4598.54 4599.306 4600.073 4600.839 4599.728 4598.369 4597.011 4595.652 4593.647 4590.431 4587.215 4583.999 4580.783 4577.19 4573.511 4569.831 4566.152 4562.694 4559.821 4556.947 4554.074 4551.2 4552.275 4554.743 4557.212 4559.68 4561.833 4562.747 4563.66 4564.574 4565.487 4565.443 4564.921 4564.398 4563.875 4562.999 4559.762 4556.525 4553.289 4550.052 4545.477 4539.986 4534.496 4529.006 4523.646 4520.405 4517.165 4513.924 4510.684 4509.484 4510.157 4510.829 4511.501 4512.174
4574.77 4577.838 4580.906 4583.975 4586.655 4589.317 4591.98 4594.643 4596.518 4597.306 4598.094 4598.882 4599.67 4598.219 4596.475 4594.73 4592.986 4590.556 4586.841 4583.126 4579.412 4575.697 4571.554 4567.312 4563.069 4558.827 4554.892 4551.767 4548.641 4545.516 4542.39 4543.166 4545.317 4547.47 4549.622 4551.527 4552.462 4553.397 4554.332 4555.268 4555.556 4555.521 4555.486 4555.451 4555.011 4551.871 4548.73 4545.591 4542.451 4537.834 4532.21 4526.586 4520.961 4515.475 4512.212 4508.95 4505.688 4502.426 4501.298 4502.125 4502.953 4503.781 4504.609
4572.483 4575.583 4578.684 4581.785 4584.661 4587.527 4590.394 4593.26 4595.262 4596.071 4596.881 4597.69 4598.5 4596.71 4594.58 4592.45 4590.319 4587.465 4583.251 4579.038 4574.825 4570.611 4565.917 4561.112 4556.307 4551.502 4547.09 4543.712 4540.335 4536.958 4533.58 4534.056 4535.892 4537.728 4539.563 4541.221 4542.177 4543.134 4544.091 4545.047 4545.668 4546.121 4546.573 4547.026 4547.023 4543.979 4540.936 4537.893 4534.849 4530.192 4524.434 4518.676 4512.917 4507.303 4504.019 4500.735 4497.452 4494.168 4493.111 4494.094 4495.078 4496.061 4497.044
4570.197 4573.33 4576.462 4579.595 4582.667 4585.737 4588.808 4591.877 4594.006 4594.837 4595.668 4596.5 4597.331 4595.202 4592.686 4590.169 4587.653 4584.373 4579.661 4574.95 4570.238 4565.526 4560.281 4554.913 4549.545 4544.177 4539.288 4535.659 4532.029 4528.399 4524.771 4524.947 4526.466 4527.986 4529.505 4530.915 4531.893 4532.871 4533.849 4534.827 4535.78 4536.721 4537.661 4538.602 4539.035 4536.088 4533.141 4530.194 4527.248 4522.55 4516.658 4510.766 4504.873 4499.131 4495.826 4492.521 4489.216 4485.911 4484.924 4486.063 4487.202 4488.341 4489.479
4566.645 4569.726 4572.807 4575.888 4578.776 4581.655 4584.534 4587.414 4589.412 4590.195 4590.979 4591.762 4592.546 4590.446 4587.967 4585.489 4583.011 4579.796 4575.202 4570.608 4566.014 4561.42 4556.253 4550.953 4545.653 4540.354 4535.458 4531.626 4527.794 4523.962 4520.13 4519.629 4520.305 4520.981 4521.657 4522.339 4523.048 4523.756 4524.465 4525.173 4526.188 4527.355 4528.522 4529.689 4530.365 4527.766 4525.167 4522.568 4519.969 4515.638 4510.124 4504.61 4499.097 4493.708 4490.357 4487.006 4483.655 4480.304 4479.305 4480.461 4481.617 4482.773 4483.93
4562.982 4566.004 4569.026 4572.048 4574.718 4577.373 4580.027 4582.681 4584.526 4585.256 4585.986 4586.716 4587.445 4585.406 4583.002 4580.599 4578.196 4575.09 4570.667 4566.245 4561.822 4557.4 4552.365 4547.189 4542.012 4536.835 4531.975 4527.944 4523.914 4519.884 4515.854 4514.644 4514.429 4514.215 4514.001 4513.915 4514.328 4514.742 4515.156 4515.569 4516.621 4517.992 4519.363 4520.734 4521.635 4519.406 4517.176 4514.947 4512.718 4508.789 4503.699 4498.609 4493.519 4488.526 4485.127 4481.728 4478.329 4474.929 4473.909 4475.071 4476.232 4477.394 4478.556
4559.32 4562.283 4565.246 4568.209 4570.661 4573.09 4575.519 4577.948 4579.641 4580.317 4580.993 4581.669 4582.345 4580.366 4578.037 4575.709 4573.381 4570.384 4566.133 4561.882 4557.63 4553.379 4548.478 4543.424 4538.371 4533.318 4528.492 4524.263 4520.034 4515.805 4511.577 4509.658 4508.554 4507.45 4506.346 4505.49 4505.609 4505.728 4505.847 4505.966 4507.055 4508.629 4510.204 4511.778 4512.905 4511.045 4509.186 4507.327 4505.468 4501.94 4497.273 4492.607 4487.94 4483.344 4479.896 4476.449 4473.001 4469.554 4468.514 4469.681 4470.848 4472.015 4473.182
4555.657 4558.562 4561.465 4564.37 4566.604 4568.808 4571.012 4573.215 4574.754 4575.377 4576.0 4576.623 4577.245 4575.325 4573.072 4570.819 4568.566 4565.677 4561.598 4557.519 4553.439 4549.359 4544.589 4539.66 4534.729 4529.8 4525.008 4520.581 4516.154 4511.727 4507.3 4504.671 4502.678 4500.684 4498.69 4497.065 4496.889 4496.713 4496.538 4496.362 4497.488 4499.267 4501.045 4502.823 4504.175 4502.686 4501.196 4499.707 4498.217 4495.091 4490.848 4486.605 4482.362 4478.162 4474.666 4471.17 4467.675 4464.179 4463.119 4464.291 4465.463 4466.635 4467.808
4551.7 4554.502 4557.304 4560.106 4561.977 4563.805 4565.634 4567.462 4568.741 4569.261 4569.781 4570.301 4570.822 4569.119 4567.125 4565.131 4563.137 4560.532 4556.784 4553.036 4549.287 4545.539 4541.087 4536.472 4531.857 4527.242 4522.674 4518.231 4513.788 4509.345 4504.901 4501.755 4499.067 4496.378 4493.69 4491.412 4490.744 4490.076 4489.408 4488.74 4489.575 4491.16 4492.746 4494.332 4495.563 4494.428 4493.293 4492.159 4491.024 4488.314 4484.528 4480.742 4476.956 4473.183 4469.614 4466.046 4462.478 4458.909 4457.738 4458.766 4459.793 4460.821 4461.848
