data/zism_data/00647_03_D.txt
ncols         224
nrows         224
[rows 58 to 86 of 224, columns 65 to 129 of 224]
1257.9 1261.971 1266.042 1270.113 1274.126 1278.107 1282.088 1286.069 1289.903 1291.875 1293.847 1295.819 1297.791 1298.89 1299.128 1299.366 1299.604 1299.842 1301.045 1302.317 1303.589 1304.861 1307.123 1311.108 1315.093 1319.078 1323.063 1327.392 1331.811 1336.229 1340.647 1344.191 1344.743 1345.296 1345.848 1346.4 1342.367 1335.939 1329.512 1323.084 1316.188 1304.413 1292.639 1280.864 1269.09 1258.342 1248.548 1238.754 1228.961 1219.167 1214.79 1210.705 1206.62 1202.535 1200.0 1200.0 1200.0 1200.0 1200.0 1200.0 1200.0 1200.0 1200.0 1200.0 1200.0
1256.901 1261.11 1265.319 1269.528 1273.714 1277.886 1282.059 1286.232 1290.25 1292.307 1294.364 1296.421 1298.478 1299.635 1299.905 1300.175 1300.445 1300.715 1302.065 1303.491 1304.917 1306.343 1308.583 1312.238 1315.893 1319.548 1323.203 1327.343 1331.606 1335.87 1340.135 1343.602 1344.346 1345.09 1345.834 1346.578 1343.068 1337.338 1331.607 1325.876 1319.58 1307.39 1295.201 1283.011 1270.822 1259.7 1249.571 1239.442 1229.313 1219.184 1214.79 1210.705 1206.62 1202.535 1200.0 1200.0 1200.0 1200.0 1200.0 1200.0 1200.0 1200.0 1200.0 1200.0 1200.0
1256.215 1260.519 1264.823 1269.127 1273.429 1277.73 1282.031 1286.331 1290.474 1292.608 1294.742 1296.876 1299.01 1300.244 1300.593 1300.941 1301.29 1301.639 1303.097 1304.634 1306.171 1307.708 1309.906 1313.253 1316.599 1319.946 1323.293 1327.21 1331.273 1335.335 1339.398 1342.742 1343.626 1344.51 1345.393 1346.277 1343.213 1338.088 1332.962 1327.837 1322.08 1309.74 1297.401 1285.062 1272.723 1261.385 1250.978 1240.57 1230.163 1219.755 1215.231 1211.024 1206.817 1202.61 1200.0 1200.0 1200.0 1200.0 1200.0 1200.0 1200.0 1200.0 1200.0 1200.0 1200.0
1256.215 1260.519 1264.823 1269.127 1273.422 1277.712 1282.002 1286.293 1290.43 1292.622 1294.814 1297.007 1299.199 1300.554 1301.084 1301.613 1302.143 1302.672 1304.158 1305.711 1307.264 1308.817 1310.929 1314.015 1317.101 1320.188 1323.273 1326.895 1330.655 1334.415 1338.174 1341.289 1342.199 1343.11 1344.02 1344.931 1342.141 1337.42 1332.699 1327.979 1322.628 1310.72 1298.812 1286.904 1274.996 1263.785 1253.224 1242.662 1232.1 1221.538 1216.638 1212.042 1207.447 1202.851 1200.0 1200.0 1200.0 1200.0 1200.0 1200.0 1200.0 1200.0 1200.0 1200.0 1200.0
1256.215 1260.519 1264.823 1269.127 1273.415 1277.695 1281.974 1286.254 1290.385 1292.636 1294.887 1297.138 1299.389 1300.864 1301.575 1302.285 1302.995 1303.706 1305.219 1306.787 1308.356 1309.925 1311.953 1314.778 1317.603 1320.429 1323.254 1326.581 1330.037 1333.494 1336.95 1339.836 1340.773 1341.71 1342.647 1343.584 1341.07 1336.753 1332.437 1328.12 1323.177 1311.699 1300.223 1288.745 1277.268 1266.186 1255.47 1244.754 1234.037 1223.321 1218.044 1213.06 1208.076 1203.092 1200.0 1200.0 1200.0 1200.0 1200.0 1200.0 1200.0 1200.0 1200.0 1200.0 1200.0
1256.215 1260.519 1264.823 1269.127 1273.409 1277.677 1281.946 1286.215 1290.341 1292.65 1294.96 1297.269 1299.579 1301.174 1302.066 1302.957 1303.848 1304.74 1306.279 1307.864 1309.449 1311.034 1312.976 1315.541 1318.105 1320.67 1323.234 1326.267 1329.42 1332.573 1335.726 1338.383 1339.347 1340.31 1341.274 1342.238 1339.998 1336.086 1332.174 1328.262 1323.725 1312.679 1301.633 1290.587 1279.541 1268.586 1257.715 1246.845 1235.974 1225.104 1219.451 1214.078 1208.706 1203.333 1200.0 1200.0 1200.0 1200.0 1200.0 1200.0 1200.0 1200.0 1200.0 1200.0 1200.0
1256.215 1260.519 1264.823 1269.127 1273.402 1277.66 1281.918 1286.176 1290.297 1292.665 1295.033 1297.401 1299.769 1301.484 1302.557 1303.629 1304.701 1305.773 1307.339 1308.94 1310.541 1312.142 1314.0 1316.303 1318.607 1320.911 1323.215 1325.953 1328.802 1331.652 1334.501 1336.93 1337.921 1338.911 1339.901 1340.891 1338.927 1335.419 1331.911 1328.404 1324.273 1313.658 1303.044 1292.428 1281.813 1270.986 1259.961 1248.937 1237.912 1226.887 1220.857 1215.096 1209.335 1203.574 1200.0 1200.0 1200.0 1200.0 1200.0 1200.0 1200.0 1200.0 1200.0 1200.0 1200.0
1256.205 1260.502 1264.798 1269.094 1273.32 1277.509 1281.697 1285.885 1289.941 1292.328 1294.715 1297.102 1299.489 1301.241 1302.368 1303.494 1304.621 1305.747 1307.224 1308.726 1310.228 1311.73 1313.457 1315.575 1317.694 1319.812 1321.93 1324.503 1327.191 1329.88 1332.569 1334.849 1335.731 1336.614 1337.496 1338.378 1336.465 1333.092 1329.719 1326.347 1322.404 1312.526 1302.647 1292.768 1282.889 1272.414 1261.386 1250.357 1239.329 1228.3 1221.977 1215.907 1209.836 1203.766 1200.0 1200.0 1200.0 1200.0 1200.0 1200.0 1200.0 1200.0 1200.0 1200.0 1200.0
1256.193 1260.478 1264.764 1269.049 1273.214 1277.311 1281.409 1285.507 1289.48 1291.872 1294.264 1296.657 1299.049 1300.809 1301.946 1303.083 1304.22 1305.358 1306.706 1308.07 1309.433 1310.797 1312.378 1314.336 1316.295 1318.253 1320.212 1322.663 1325.24 1327.817 1330.394 1332.553 1333.281 1334.008 1334.736 1335.464 1333.526 1330.196 1326.866 1323.536 1319.706 1310.668 1301.63 1292.592 1283.554 1273.509 1262.529 1251.548 1240.567 1229.587 1222.998 1216.646 1210.293 1203.941 1200.0 1200.0 1200.0 1200.0 1200.0 1200.0 1200.0 1200.0 1200.0 1200.0 1200.0
1256.18 1260.454 1264.729 1269.004 1273.107 1277.114 1281.121 1285.128 1289.018 1291.416 1293.813 1296.211 1298.609 1300.377 1301.525 1302.672 1303.82 1304.968 1306.188 1307.413 1308.638 1309.863 1311.298 1313.097 1314.896 1316.695 1318.494 1320.823 1323.288 1325.754 1328.219 1330.256 1330.83 1331.403 1331.977 1332.55 1330.587 1327.3 1324.012 1320.725 1317.007 1308.81 1300.613 1292.416 1284.219 1274.604 1263.671 1252.739 1241.806 1230.873 1224.019 1217.385 1210.75 1204.116 1200.0 1200.0 1200.0 1200.0 1200.0 1200.0 1200.0 1200.0 1200.0 1200.0 1200.0
1256.167 1260.431 1264.695 1268.959 1273.0 1276.917 1280.834 1284.75 1288.557 1290.959 1293.362 1295.765 1298.168 1299.944 1301.103 1302.261 1303.42 1304.578 1305.67 1306.756 1307.843 1308.93 1310.218 1311.858 1313.497 1315.136 1316.776 1318.983 1321.337 1323.69 1326.044 1327.96 1328.379 1328.798 1329.217 1329.636 1327.648 1324.403 1321.159 1317.914 1314.309 1306.953 1299.596 1292.24 1284.884 1275.699 1264.814 1253.929 1243.044 1232.159 1225.04 1218.124 1211.208 1204.291 1200.0 1200.0 1200.0 1200.0 1200.0 1200.0 1200.0 1200.0 1200.0 1200.0 1200.0
1256.138 1260.379 1264.619 1268.859 1272.823 1276.633 1280.442 1284.251 1287.958 1290.363 1292.767 1295.172 1297.576 1299.365 1300.546 1301.727 1302.908 1304.089 1305.054 1306.003 1306.953 1307.902 1309.041 1310.511 1311.98 1313.449 1314.919 1317.016 1319.275 1321.533 1323.792 1325.606 1325.901 1326.195 1326.49 1326.785 1324.81 1321.651 1318.491 1315.332 1311.867 1305.216 1298.566 1291.915 1285.264 1276.444 1265.606 1254.768 1243.93 1233.092 1225.781 1218.66 1211.539 1204.418 1200.0 1200.0 1200.0 1200.0 1200.0 1200.0 1200.0 1200.0 1200.0 1200.0 1200.0
1256.035 1260.19 1264.346 1268.501 1272.314 1275.938 1279.561 1283.184 1286.717 1289.106 1291.494 1293.883 1296.271 1298.092 1299.353 1300.614 1301.875 1303.136 1303.981 1304.798 1305.614 1306.43 1307.405 1308.657 1309.908 1311.159 1312.41 1314.45 1316.693 1318.936 1321.178 1322.984 1323.294 1323.605 1323.915 1324.226 1322.446 1319.574 1316.702 1313.83 1310.633 1304.051 1297.47 1290.888 1284.307 1275.542 1264.747 1253.951 1243.156 1232.361 1225.203 1218.242 1211.281 1204.319 1200.0 1200.0 1200.0 1200.0 1200.0 1200.0 1200.0 1200.0 1200.0 1200.0 1200.0
1255.932 1260.002 1264.072 1268.142 1271.806 1275.243 1278.679 1282.116 1285.476 1287.848 1290.221 1292.594 1294.966 1296.819 1298.16 1299.501 1300.842 1302.182 1302.909 1303.592 1304.275 1304.959 1305.77 1306.802 1307.836 1308.869 1309.902 1311.884 1314.111 1316.338 1318.564 1320.361 1320.688 1321.014 1321.341 1321.667 1320.081 1317.497 1314.912 1312.327 1309.399 1302.886 1296.374 1289.862 1283.35 1274.64 1263.887 1253.135 1242.382 1231.629 1224.625 1217.824 1211.022 1204.22 1200.0 1200.0 1200.0 1200.0 1200.0 1200.0 1200.0 1200.0 1200.0 1200.0 1200.0
1255.829 1259.814 1263.799 1267.784 1271.297 1274.548 1277.798 1281.049 1284.234 1286.591 1288.948 1291.304 1293.661 1295.546 1296.967 1298.387 1299.808 1301.229 1301.836 1302.386 1302.937 1303.487 1304.134 1304.948 1305.763 1306.578 1307.393 1309.318 1311.529 1313.74 1315.951 1317.739 1318.081 1318.424 1318.766 1319.109 1317.717 1315.42 1313.122 1310.825 1308.165 1301.722 1295.279 1288.835 1282.392 1273.738 1263.028 1252.318 1241.607 1230.897 1224.047 1217.405 1210.763 1204.121 1200.0 1200.0 1200.0 1200.0 1200.0 1200.0 1200.0 1200.0 1200.0 1200.0 1200.0
1255.725 1259.625 1263.525 1267.425 1270.788 1273.853 1276.917 1279.981 1282.993 1285.334 1287.674 1290.015 1292.356 1294.273 1295.774 1297.274 1298.775 1300.275 1300.764 1301.181 1301.598 1302.015 1302.498 1303.094 1303.691 1304.288 1304.884 1306.753 1308.947 1311.142 1313.337 1315.116 1315.475 1315.833 1316.192 1316.55 1315.353 1313.343 1311.333 1309.323 1306.931 1300.557 1294.183 1287.809 1281.435 1272.836 1262.168 1251.501 1240.833 1230.166 1223.469 1216.987 1210.504 1204.022 1200.0 1200.0 1200.0 1200.0 1200.0 1200.0 1200.0 1200.0 1200.0 1200.0 1200.0
1255.24 1258.958 1262.676 1266.394 1269.595 1272.509 1275.422 1278.336 1281.207 1283.535 1285.863 1288.191 1290.519 1292.477 1294.07 1295.663 1297.256 1298.849 1299.328 1299.728 1300.128 1300.529 1300.987 1301.546 1302.105 1302.664 1303.223 1305.176 1307.487 1309.798 1312.109 1313.978 1314.336 1314.694 1315.053 1315.411 1314.244 1312.279 1310.315 1308.35 1305.981 1299.389 1292.797 1286.206 1279.614 1270.951 1260.361 1249.772 1239.182 1228.592 1222.226 1216.087 1209.948 1203.809 1200.0 1200.0 1200.0 1200.0 1200.0 1200.0 1200.0 1200.0 1200.0 1200.0 1200.0
1254.506 1257.979 1261.452 1264.925 1267.957 1270.743 1273.529 1276.315 1279.066 1281.384 1283.701 1286.018 1288.336 1290.339 1292.033 1293.728 1295.422 1297.116 1297.656 1298.115 1298.574 1299.032 1299.557 1300.196 1300.835 1301.473 1302.112 1304.242 1306.756 1309.269 1311.782 1313.805 1314.153 1314.501 1314.848 1315.196 1313.951 1311.875 1309.799 1307.723 1305.216 1298.22 1291.224 1284.228 1277.232 1268.426 1257.937 1247.449 1236.96 1226.472 1220.55 1214.874 1209.198 1203.522 1200.0 1200.0 1200.0 1200.0 1200.0 1200.0 1200.0 1200.0 1200.0 1200.0 1200.0
1253.771 1257.0 1260.228 1263.457 1266.319 1268.977 1271.635 1274.293 1276.926 1279.232 1281.539 1283.846 1286.152 1288.202 1289.997 1291.792 1293.588 1295.383 1295.984 1296.502 1297.019 1297.536 1298.127 1298.846 1299.564 1300.283 1301.002 1303.309 1306.024 1308.74 1311.455 1313.633 1313.97 1314.307 1314.644 1314.981 1313.659 1311.471 1309.283 1307.095 1304.451 1297.05 1289.65 1282.249 1274.849 1265.901 1255.513 1245.126 1234.738 1224.351 1218.874 1213.661 1208.448 1203.234 1200.0 1200.0 1200.0 1200.0 1200.0 1200.0 1200.0 1200.0 1200.0 1200.0 1200.0
1253.037 1256.021 1259.004 1261.988 1264.68 1267.211 1269.741 1272.272 1274.785 1277.081 1279.377 1281.673 1283.969 1286.064 1287.961 1289.857 1291.754 1293.65 1294.313 1294.889 1295.464 1296.04 1296.697 1297.496 1298.294 1299.093 1299.891 1302.376 1305.293 1308.211 1311.129 1313.46 1313.786 1314.113 1314.439 1314.765 1313.367 1311.067 1308.767 1306.468 1303.686 1295.881 1288.076 1280.271 1272.466 1263.375 1253.089 1242.803 1232.517 1222.23 1217.198 1212.447 1207.697 1202.947 1200.0 1200.0 1200.0 1200.0 1200.0 1200.0 1200.0 1200.0 1200.0 1200.0 1200.0
1252.283 1255.026 1257.768 1260.511 1263.035 1265.438 1267.841 1270.243 1272.638 1274.924 1277.21 1279.497 1281.783 1283.924 1285.922 1287.92 1289.918 1291.916 1292.649 1293.292 1293.936 1294.579 1295.316 1296.214 1297.113 1298.011 1298.91 1301.578 1304.702 1307.825 1310.949 1313.434 1313.736 1314.038 1314.341 1314.643 1313.145 1310.708 1308.271 1305.834 1302.892 1294.688 1286.484 1278.279 1270.075 1260.852 1250.681 1240.511 1230.34 1220.169 1215.569 1211.269 1206.969 1202.668 1200.0 1200.0 1200.0 1200.0 1200.0 1200.0 1200.0 1200.0 1200.0 1200.0 1200.0
1251.015 1253.614 1256.213 1258.811 1261.202 1263.477 1265.752 1268.027 1270.304 1272.607 1274.909 1277.211 1279.513 1281.719 1283.829 1285.938 1288.048 1290.158 1291.186 1292.138 1293.09 1294.043 1295.206 1296.738 1298.27 1299.802 1301.333 1304.373 1307.8 1311.227 1314.654 1317.287 1317.206 1317.125 1317.044 1316.963 1314.799 1311.548 1308.297 1305.045 1301.337 1292.866 1284.396 1275.926 1267.455 1258.363 1248.693 1239.022 1229.352 1219.682 1215.203 1211.004 1206.805 1202.605 1200.0 1200.0 1200.0 1200.0 1200.0 1200.0 1200.0 1200.0 1200.0 1200.0 1200.0
1249.746 1252.202 1254.657 1257.112 1259.369 1261.517 1263.664 1265.811 1267.971 1270.289 1272.607 1274.926 1277.244 1279.513 1281.735 1283.957 1286.178 1288.4 1289.724 1290.984 1292.245 1293.506 1295.097 1297.262 1299.427 1301.592 1303.757 1307.168 1310.898 1314.628 1318.358 1321.14 1320.675 1320.211 1319.747 1319.283 1316.453 1312.387 1308.322 1304.256 1299.782 1291.045 1282.309 1273.572 1264.835 1255.874 1246.704 1237.534 1228.364 1219.194 1214.837 1210.739 1206.641 1202.543 1200.0 1200.0 1200.0 1200.0 1200.0 1200.0 1200.0 1200.0 1200.0 1200.0 1200.0
1248.478 1250.789 1253.101 1255.412 1257.536 1259.556 1261.575 1263.595 1265.638 1267.972 1270.306 1272.64 1274.974 1277.308 1279.642 1281.975 1284.308 1286.641 1288.261 1289.831 1291.4 1292.97 1294.988 1297.786 1300.584 1303.383 1306.181 1309.962 1313.996 1318.03 1322.063 1324.992 1324.145 1323.298 1322.45 1321.603 1318.106 1313.227 1308.347 1303.467 1298.226 1289.224 1280.221 1271.218 1262.216 1253.386 1244.716 1236.046 1227.376 1218.707 1214.471 1210.474 1206.477 1202.48 1200.0 1200.0 1200.0 1200.0 1200.0 1200.0 1200.0 1200.0 1200.0 1200.0 1200.0
1247.21 1249.377 1251.545 1253.713 1255.703 1257.595 1259.487 1261.379 1263.304 1265.654 1268.005 1270.355 1272.705 1275.103 1277.548 1279.993 1282.438 1284.883 1286.799 1288.677 1290.555 1292.433 1294.878 1298.31 1301.742 1305.173 1308.605 1312.757 1317.094 1321.431 1325.768 1328.845 1327.615 1326.384 1325.153 1323.923 1319.76 1314.066 1308.372 1302.678 1296.671 1287.402 1278.134 1268.865 1259.596 1250.897 1242.727 1234.558 1226.388 1218.219 1214.105 1210.209 1206.313 1202.417 1200.0 1200.0 1200.0 1200.0 1200.0 1200.0 1200.0 1200.0 1200.0 1200.0 1200.0
1245.887 1247.951 1250.015 1252.079 1253.945 1255.702 1257.458 1259.215 1261.018 1263.412 1265.805 1268.199 1270.592 1273.119 1275.778 1278.437 1281.096 1283.755 1286.012 1288.241 1290.47 1292.699 1295.57 1299.558 1303.546 1307.534 1311.522 1315.888 1320.352 1324.816 1329.28 1332.376 1330.797 1329.218 1327.639 1326.061 1321.258 1314.772 1308.286 1301.8 1295.05 1285.542 1276.035 1266.527 1257.02 1248.427 1240.683 1232.939 1225.195 1217.451 1213.514 1209.781 1206.048 1202.316 1200.0 1200.0 1200.0 1200.0 1200.0 1200.0 1200.0 1200.0 1200.0 1200.0 1200.0
1244.503 1246.509 1248.514 1250.519 1252.272 1253.885 1255.498 1257.111 1258.787 1261.255 1263.723 1266.191 1268.659 1271.389 1274.378 1277.366 1280.355 1283.344 1285.996 1288.624 1291.252 1293.88 1297.176 1301.632 1306.088 1310.544 1315.001 1319.404 1323.793 1328.182 1332.571 1335.54 1333.653 1331.765 1329.878 1327.99 1322.578 1315.326 1308.074 1300.822 1293.354 1283.639 1273.924 1264.209 1254.494 1245.977 1238.574 1231.17 1223.767 1216.364 1212.666 1209.167 1205.669 1202.171 1200.0 1200.0 1200.0 1200.0 1200.0 1200.0 1200.0 1200.0 1200.0 1200.0 1200.0
1243.119 1245.066 1247.013 1248.96 1250.6 1252.069 1253.538 1255.007 1256.555 1259.098 1261.64 1264.183 1266.725 1269.658 1272.977 1276.296 1279.615 1282.933 1285.98 1289.007 1292.034 1295.062 1298.781 1303.706 1308.63 1313.555 1318.479 1322.919 1327.234 1331.548 1335.863 1338.704 1336.508 1334.312 1332.116 1329.92 1323.899 1315.88 1307.862 1299.843 1291.658 1281.735 1271.813 1261.89 1251.968 1243.527 1236.465 1229.402 1222.339 1215.276 1211.818 1208.554 1205.29 1202.025 1200.0 1200.0 1200.0 1200.0 1200.0 1200.0 1200.0 1200.0 1200.0 1200.0 1200.0
1241.735 1243.623 1245.512 1247.4 1248.927 1250.252 1251.578 1252.904 1254.323 1256.94 1259.557 1262.174 1264.792 1267.928 1271.577 1275.225 1278.874 1282.522 1285.963 1289.39 1292.816 1296.243 1300.387 1305.78 1311.172 1316.565 1321.958 1326.434 1330.674 1334.914 1339.155 1341.869 1339.364 1336.859 1334.354 1331.849 1325.219 1316.434 1307.649 1298.865 1289.962 1279.832 1269.702 1259.572 1249.442 1241.078 1234.356 1227.633 1220.911 1214.189 1210.97 1207.94 1204.91 1201.88 1200.0 1200.0 1200.0 1200.0 1200.0 1200.0 1200.0 1200.0 1200.0 1200.0 1200.0
