data/zism_data/00659_02_D.txt
ncols         224
nrows         224
[rows 116 to 144 of 224, columns 128 to 191 of 224]
1234.26 1235.183 1236.106 1237.029 1238.737 1240.752 1242.766 1244.78 1246.728 1248.414 1250.1 1251.786 1253.471 1254.006 1254.008 1254.009 1254.011 1254.021 1254.076 1254.13 1254.185 1254.24 1253.919 1253.395 1252.87 1252.345 1251.604 1249.409 1247.213 1245.018 1242.823 1239.76 1236.146 1232.531 1228.917 1225.39 1222.699 1220.009 1217.319 1214.629 1212.626 1211.129 1209.632 1208.135 1206.714 1206.533 1206.352 1206.171 1205.99 1205.894 1205.87 1205.847 1205.823 1205.79 1205.314 1204.839 1204.363 1203.887 1203.368 1202.807 1202.245 1201.684 1201.123 1201.085
1237.746 1238.818 1239.889 1240.961 1242.782 1244.896 1247.01 1249.124 1251.144 1252.79 1254.437 1256.083 1257.73 1258.253 1258.255 1258.258 1258.26 1258.236 1258.077 1257.917 1257.758 1257.599 1256.927 1255.977 1255.027 1254.076 1252.926 1250.433 1247.939 1245.445 1242.951 1239.544 1235.556 1231.569 1227.581 1223.71 1220.976 1218.242 1215.507 1212.773 1210.796 1209.376 1207.957 1206.538 1205.2 1205.205 1205.21 1205.215 1205.22 1205.265 1205.346 1205.427 1205.508 1205.577 1205.118 1204.659 1204.2 1203.741 1203.238 1202.693 1202.147 1201.601 1201.056 1201.072
1240.408 1241.658 1242.908 1244.158 1246.108 1248.33 1250.552 1252.774 1254.878 1256.52 1258.161 1259.802 1261.443 1262.127 1262.367 1262.607 1262.848 1262.994 1262.667 1262.34 1262.013 1261.686 1260.47 1258.768 1257.067 1255.365 1253.497 1250.506 1247.515 1244.524 1241.533 1237.714 1233.37 1229.026 1224.681 1220.507 1217.978 1215.449 1212.92 1210.391 1208.65 1207.49 1206.33 1205.17 1204.085 1204.225 1204.365 1204.505 1204.645 1204.77 1204.883 1204.997 1205.11 1205.212 1204.791 1204.369 1203.948 1203.527 1203.089 1202.635 1202.182 1201.728 1201.274 1201.404
1243.07 1244.499 1245.927 1247.356 1249.433 1251.763 1254.093 1256.423 1258.613 1260.249 1261.884 1263.52 1265.156 1266.0 1266.479 1266.957 1267.435 1267.752 1267.257 1266.763 1266.269 1265.774 1264.012 1261.559 1259.107 1256.654 1254.067 1250.579 1247.091 1243.603 1240.115 1235.885 1231.184 1226.483 1221.782 1217.303 1214.979 1212.656 1210.332 1208.008 1206.504 1205.603 1204.703 1203.803 1202.97 1203.245 1203.52 1203.795 1204.07 1204.275 1204.421 1204.566 1204.712 1204.846 1204.463 1204.079 1203.696 1203.313 1202.94 1202.578 1202.216 1201.854 1201.492 1201.735
1245.733 1247.339 1248.946 1250.553 1252.758 1255.196 1257.634 1260.072 1262.348 1263.978 1265.608 1267.239 1268.869 1269.874 1270.59 1271.306 1272.022 1272.51 1271.848 1271.186 1270.524 1269.862 1267.554 1264.35 1261.147 1257.943 1254.638 1250.652 1246.667 1242.682 1238.696 1234.055 1228.997 1223.94 1218.882 1214.099 1211.981 1209.863 1207.744 1205.626 1204.358 1203.717 1203.076 1202.435 1201.854 1202.265 1202.675 1203.085 1203.495 1203.78 1203.958 1204.136 1204.314 1204.481 1204.135 1203.79 1203.444 1203.099 1202.791 1202.521 1202.251 1201.981 1201.711 1202.067
1248.395 1250.18 1251.965 1253.75 1256.083 1258.629 1261.175 1263.721 1266.082 1267.707 1269.332 1270.957 1272.582 1273.748 1274.702 1275.655 1276.609 1277.268 1276.438 1275.609 1274.779 1273.949 1271.096 1267.141 1263.187 1259.232 1255.208 1250.726 1246.243 1241.761 1237.278 1232.226 1226.811 1221.397 1215.982 1210.895 1208.983 1207.07 1205.157 1203.244 1202.212 1201.831 1201.449 1201.067 1200.739 1201.284 1201.829 1202.375 1202.92 1203.285 1203.495 1203.706 1203.916 1204.115 1203.808 1203.5 1203.192 1202.885 1202.642 1202.464 1202.286 1202.108 1201.929 1202.398
1250.831 1252.729 1254.628 1256.526 1258.906 1261.474 1264.042 1266.61 1269.003 1270.701 1272.4 1274.099 1275.798 1276.997 1277.965 1278.933 1279.901 1280.5 1279.236 1277.973 1276.709 1275.445 1272.067 1267.538 1263.008 1258.479 1253.914 1249.114 1244.315 1239.515 1234.715 1229.599 1224.282 1218.965 1213.648 1208.675 1207.036 1205.396 1203.757 1202.118 1201.284 1201.043 1200.802 1200.561 1200.364 1200.9 1201.437 1201.973 1202.509 1202.875 1203.097 1203.318 1203.539 1203.75 1203.454 1203.159 1202.864 1202.569 1202.365 1202.249 1202.134 1202.019 1201.904 1202.511
1253.153 1255.132 1257.112 1259.092 1261.479 1264.025 1266.571 1269.117 1271.516 1273.328 1275.14 1276.953 1278.765 1279.934 1280.804 1281.675 1282.546 1282.97 1281.139 1279.308 1277.477 1275.646 1271.752 1266.736 1261.72 1256.704 1251.687 1246.661 1241.634 1236.607 1231.581 1226.575 1221.582 1216.589 1211.596 1206.946 1205.615 1204.283 1202.952 1201.621 1200.964 1200.804 1200.644 1200.484 1200.36 1200.815 1201.27 1201.725 1202.18 1202.509 1202.73 1202.952 1203.173 1203.383 1203.088 1202.793 1202.498 1202.203 1202.023 1201.956 1201.89 1201.823 1201.757 1202.513
1255.475 1257.536 1259.596 1261.657 1264.051 1266.576 1269.101 1271.625 1274.029 1275.955 1277.881 1279.806 1281.732 1282.87 1283.644 1284.417 1285.191 1285.44 1283.041 1280.643 1278.244 1275.846 1271.438 1265.935 1260.433 1254.93 1249.46 1244.207 1238.953 1233.7 1228.446 1223.55 1218.881 1214.213 1209.544 1205.216 1204.193 1203.17 1202.147 1201.124 1200.645 1200.566 1200.487 1200.408 1200.355 1200.729 1201.103 1201.477 1201.851 1202.143 1202.364 1202.585 1202.807 1203.017 1202.722 1202.427 1202.132 1201.837 1201.681 1201.663 1201.645 1201.627 1201.61 1202.516
1257.797 1259.939 1262.081 1264.222 1266.624 1269.127 1271.63 1274.133 1276.542 1278.582 1280.621 1282.66 1284.699 1285.807 1286.483 1287.16 1287.836 1287.909 1284.943 1281.977 1279.012 1276.046 1271.123 1265.134 1259.145 1253.156 1247.234 1241.753 1236.272 1230.792 1225.311 1220.525 1216.181 1211.837 1207.492 1203.487 1202.772 1202.057 1201.342 1200.627 1200.325 1200.327 1200.329 1200.331 1200.35 1200.643 1200.936 1201.229 1201.522 1201.777 1201.998 1202.219 1202.441 1202.651 1202.356 1202.061 1201.765 1201.47 1201.339 1201.37 1201.401 1201.432 1201.462 1202.519
1260.005 1262.219 1264.432 1266.646 1269.057 1271.546 1274.035 1276.524 1278.942 1281.077 1283.212 1285.347 1287.482 1288.535 1289.087 1289.638 1290.189 1290.067 1286.549 1283.031 1279.512 1275.994 1270.584 1264.144 1257.704 1251.264 1244.923 1239.242 1233.561 1227.881 1222.2 1217.551 1213.557 1209.563 1205.569 1201.909 1201.481 1201.052 1200.624 1200.196 1200.058 1200.134 1200.211 1200.287 1200.371 1200.585 1200.799 1201.013 1201.226 1201.441 1201.655 1201.87 1202.084 1202.287 1201.995 1201.703 1201.411 1201.12 1201.011 1201.083 1201.155 1201.226 1201.298 1202.484
1261.349 1263.562 1265.775 1267.989 1270.432 1272.964 1275.496 1278.028 1280.472 1282.57 1284.667 1286.764 1288.862 1289.673 1289.89 1290.106 1290.322 1289.848 1285.892 1281.936 1277.98 1274.024 1268.341 1261.717 1255.093 1248.47 1241.969 1236.294 1230.619 1224.943 1219.268 1214.958 1211.515 1208.073 1204.63 1201.481 1201.177 1200.873 1200.569 1200.265 1200.193 1200.291 1200.388 1200.486 1200.587 1200.736 1200.885 1201.034 1201.183 1201.335 1201.49 1201.645 1201.8 1201.946 1201.681 1201.416 1201.151 1200.886 1200.783 1200.839 1200.894 1200.95 1201.006 1202.164
1262.691 1264.905 1267.118 1269.332 1271.806 1274.381 1276.956 1279.531 1282.003 1284.062 1286.122 1288.181 1290.241 1290.812 1290.693 1290.574 1290.456 1289.63 1285.236 1280.842 1276.448 1272.054 1266.098 1259.29 1252.483 1245.675 1239.015 1233.345 1227.676 1222.006 1216.336 1212.365 1209.474 1206.582 1203.691 1201.053 1200.874 1200.694 1200.514 1200.335 1200.327 1200.447 1200.566 1200.686 1200.803 1200.887 1200.971 1201.056 1201.14 1201.23 1201.325 1201.421 1201.517 1201.605 1201.367 1201.129 1200.891 1200.653 1200.555 1200.594 1200.634 1200.673 1200.713 1201.845
1264.034 1266.248 1268.461 1270.675 1273.18 1275.798 1278.417 1281.035 1283.534 1285.555 1287.577 1289.599 1291.62 1291.95 1291.496 1291.042 1290.589 1289.411 1284.579 1279.747 1274.916 1270.084 1263.854 1256.863 1249.872 1242.881 1236.062 1230.397 1224.733 1219.068 1213.404 1209.772 1207.432 1205.092 1202.752 1200.625 1200.57 1200.515 1200.459 1200.404 1200.462 1200.603 1200.744 1200.885 1201.019 1201.038 1201.058 1201.077 1201.096 1201.125 1201.161 1201.197 1201.233 1201.264 1201.053 1200.842 1200.631 1200.42 1200.327 1200.35 1200.374 1200.397 1200.42 1201.525
1265.377 1267.591 1269.804 1272.018 1274.554 1277.215 1279.877 1282.539 1285.064 1287.048 1289.032 1291.016 1293.0 1293.088 1292.299 1291.511 1290.722 1289.192 1283.922 1278.653 1273.384 1268.115 1261.611 1254.437 1247.261 1240.087 1233.108 1227.449 1221.79 1216.131 1210.472 1207.18 1205.391 1203.602 1201.813 1200.198 1200.266 1200.335 1200.404 1200.473 1200.596 1200.759 1200.922 1201.084 1201.235 1201.19 1201.144 1201.098 1201.053 1201.019 1200.996 1200.973 1200.949 1200.922 1200.739 1200.555 1200.371 1200.187 1200.099 1200.106 1200.113 1200.12 1200.127 1201.205
1266.182 1268.395 1270.609 1272.822 1275.31 1277.905 1280.5 1283.095 1285.552 1287.458 1289.364 1291.271 1293.177 1293.202 1292.356 1291.51 1290.664 1289.082 1283.787 1278.493 1273.198 1267.904 1261.419 1254.286 1247.154 1240.021 1233.079 1227.42 1221.76 1216.1 1210.441 1207.193 1205.479 1203.765 1202.051 1200.51 1200.645 1200.78 1200.915 1201.05 1201.168 1201.273 1201.378 1201.483 1201.574 1201.446 1201.317 1201.188 1201.059 1200.962 1200.891 1200.821 1200.75 1200.678 1200.527 1200.376 1200.226 1200.075 1200.014 1200.041 1200.069 1200.096 1200.124 1201.121
1266.573 1268.786 1270.999 1273.213 1275.592 1278.036 1280.48 1282.923 1285.237 1287.035 1288.833 1290.632 1292.43 1292.528 1291.839 1291.15 1290.46 1289.057 1284.054 1279.052 1274.049 1269.046 1262.804 1255.888 1248.971 1242.055 1235.3 1229.635 1223.97 1218.305 1212.64 1209.212 1207.206 1205.2 1203.194 1201.391 1201.547 1201.704 1201.861 1202.018 1202.076 1202.062 1202.048 1202.034 1202.008 1201.782 1201.556 1201.33 1201.104 1200.942 1200.833 1200.725 1200.616 1200.508 1200.395 1200.282 1200.169 1200.056 1200.038 1200.115 1200.191 1200.267 1200.343 1201.219
1266.963 1269.177 1271.39 1273.604 1275.874 1278.166 1280.459 1282.751 1284.922 1286.612 1288.302 1289.993 1291.683 1291.854 1291.321 1290.789 1290.256 1289.032 1284.321 1279.61 1274.899 1270.188 1264.189 1257.489 1250.789 1244.088 1237.521 1231.851 1226.181 1220.51 1214.84 1211.231 1208.933 1206.636 1204.338 1202.271 1202.45 1202.628 1202.807 1202.985 1202.984 1202.852 1202.719 1202.586 1202.442 1202.119 1201.796 1201.472 1201.149 1200.921 1200.775 1200.629 1200.482 1200.338 1200.263 1200.188 1200.112 1200.037 1200.063 1200.188 1200.312 1200.437 1200.562 1201.316
1267.354 1269.567 1271.781 1273.994 1276.156 1278.297 1280.438 1282.579 1284.607 1286.189 1287.772 1289.354 1290.936 1291.18 1290.804 1290.428 1290.052 1289.007 1284.588 1280.169 1275.75 1271.331 1265.575 1259.09 1252.606 1246.122 1239.743 1234.067 1228.391 1222.715 1217.039 1213.25 1210.661 1208.071 1205.481 1203.152 1203.353 1203.552 1203.753 1203.953 1203.893 1203.641 1203.389 1203.137 1202.876 1202.455 1202.035 1201.614 1201.194 1200.901 1200.717 1200.533 1200.349 1200.168 1200.13 1200.093 1200.056 1200.019 1200.087 1200.261 1200.434 1200.608 1200.781 1201.413
1267.725 1269.939 1272.153 1274.366 1276.42 1278.413 1280.405 1282.397 1284.286 1285.761 1287.237 1288.712 1290.188 1290.503 1290.281 1290.058 1289.836 1288.968 1284.84 1280.713 1276.586 1272.459 1266.95 1260.689 1254.428 1248.167 1241.981 1236.305 1230.628 1224.952 1219.276 1215.309 1212.429 1209.548 1206.668 1204.077 1204.291 1204.505 1204.718 1204.932 1204.808 1204.434 1204.06 1203.687 1203.305 1202.787 1202.27 1201.753 1201.235 1200.878 1200.657 1200.437 1200.216 1200.0 1200.0 1200.0 1200.0 1200.0 1200.111 1200.333 1200.554 1200.776 1200.997 1201.508
1266.804 1269.023 1271.242 1273.461 1275.533 1277.547 1279.56 1281.574 1283.48 1284.955 1286.431 1287.906 1289.382 1289.653 1289.366 1289.078 1288.791 1287.92 1284.101 1280.282 1276.463 1272.644 1267.684 1262.104 1256.523 1250.943 1245.394 1240.052 1234.711 1229.37 1224.029 1220.067 1216.981 1213.895 1210.81 1207.983 1207.667 1207.351 1207.035 1206.719 1206.184 1205.486 1204.788 1204.09 1203.398 1202.811 1202.223 1201.635 1201.048 1200.684 1200.512 1200.34 1200.168 1200.0 1200.0 1200.0 1200.0 1200.0 1200.111 1200.333 1200.554 1200.776 1200.997 1201.455
1265.883 1268.108 1270.332 1272.556 1274.645 1276.68 1278.716 1280.751 1282.674 1284.15 1285.625 1287.101 1288.576 1288.803 1288.451 1288.099 1287.747 1286.872 1283.361 1279.85 1276.339 1272.828 1268.418 1263.519 1258.619 1253.72 1248.807 1243.8 1238.794 1233.788 1228.782 1224.824 1221.533 1218.242 1214.951 1211.889 1211.043 1210.198 1209.352 1208.507 1207.56 1206.538 1205.515 1204.493 1203.492 1202.834 1202.176 1201.518 1200.86 1200.491 1200.367 1200.244 1200.121 1200.0 1200.0 1200.0 1200.0 1200.0 1200.111 1200.333 1200.554 1200.776 1200.997 1201.402
1264.962 1267.192 1269.422 1271.651 1273.757 1275.814 1277.871 1279.928 1281.868 1283.344 1284.819 1286.295 1287.771 1287.953 1287.536 1287.119 1286.702 1285.824 1282.621 1279.418 1276.215 1273.012 1269.152 1264.933 1260.715 1256.496 1252.219 1247.548 1242.877 1238.206 1233.535 1229.582 1226.085 1222.589 1219.093 1215.795 1214.42 1213.045 1211.67 1210.294 1208.936 1207.589 1206.243 1204.896 1203.586 1202.857 1202.129 1201.401 1200.673 1200.297 1200.223 1200.148 1200.073 1200.0 1200.0 1200.0 1200.0 1200.0 1200.111 1200.333 1200.554 1200.776 1200.997 1201.348
1264.041 1266.276 1268.511 1270.746 1272.869 1274.948 1277.027 1279.105 1281.063 1282.538 1284.014 1285.489 1286.965 1287.103 1286.621 1286.139 1285.658 1284.777 1281.881 1278.987 1276.092 1273.197 1269.886 1266.348 1262.81 1259.273 1255.632 1251.296 1246.96 1242.624 1238.288 1234.339 1230.638 1226.936 1223.234 1219.701 1217.796 1215.891 1213.987 1212.082 1210.312 1208.641 1206.97 1205.3 1203.679 1202.881 1202.082 1201.284 1200.485 1200.104 1200.078 1200.052 1200.026 1200.0 1200.0 1200.0 1200.0 1200.0 1200.111 1200.333 1200.554 1200.776 1200.997 1201.295
1263.138 1265.394 1267.65 1269.905 1272.065 1274.188 1276.311 1278.434 1280.451 1282.047 1283.643 1285.239 1286.834 1287.053 1286.635 1286.216 1285.797 1284.992 1282.24 1279.488 1276.735 1273.983 1270.933 1267.72 1264.507 1261.295 1257.968 1253.875 1249.781 1245.687 1241.593 1237.718 1233.981 1230.245 1226.508 1222.899 1220.527 1218.156 1215.784 1213.412 1211.281 1209.326 1207.371 1205.416 1203.528 1202.737 1201.946 1201.155 1200.364 1200.0 1200.0 1200.0 1200.0 1200.0 1200.008 1200.015 1200.023 1200.03 1200.153 1200.389 1200.626 1200.862 1201.099 1201.359
1262.257 1264.551 1266.844 1269.138 1271.359 1273.552 1275.745 1277.939 1280.064 1281.919 1283.774 1285.63 1287.485 1287.93 1287.722 1287.514 1287.306 1286.669 1283.868 1281.067 1278.266 1275.465 1272.342 1269.043 1265.744 1262.445 1259.06 1255.102 1251.143 1247.184 1243.226 1239.502 1235.927 1232.353 1228.778 1225.279 1222.513 1219.747 1216.981 1214.215 1211.779 1209.586 1207.393 1205.201 1203.094 1202.401 1201.707 1201.013 1200.319 1200.0 1200.0 1200.0 1200.0 1200.0 1200.024 1200.048 1200.072 1200.095 1200.243 1200.511 1200.78 1201.049 1201.318 1201.557
1261.376 1263.708 1266.039 1268.37 1270.653 1272.916 1275.18 1277.443 1279.677 1281.791 1283.906 1286.02 1288.135 1288.806 1288.809 1288.812 1288.815 1288.346 1285.496 1282.646 1279.797 1276.947 1273.751 1270.365 1266.98 1263.594 1260.152 1256.328 1252.505 1248.682 1244.858 1241.286 1237.873 1234.461 1231.049 1227.66 1224.499 1221.338 1218.178 1215.017 1212.277 1209.846 1207.416 1204.985 1202.661 1202.064 1201.468 1200.871 1200.275 1200.0 1200.0 1200.0 1200.0 1200.001 1200.041 1200.081 1200.121 1200.161 1200.332 1200.633 1200.935 1201.236 1201.537 1201.755
1260.495 1262.865 1265.234 1267.603 1269.946 1272.28 1274.614 1276.947 1279.289 1281.663 1284.037 1286.411 1288.786 1289.683 1289.897 1290.11 1290.324 1290.022 1287.124 1284.226 1281.328 1278.429 1275.16 1271.688 1268.216 1264.744 1261.244 1257.555 1253.867 1250.179 1246.49 1243.07 1239.819 1236.569 1233.319 1230.04 1226.485 1222.93 1219.375 1215.819 1212.775 1210.107 1207.438 1204.77 1202.227 1201.727 1201.228 1200.729 1200.23 1200.0 1200.0 1200.0 1200.0 1200.001 1200.057 1200.114 1200.17 1200.226 1200.422 1200.755 1201.089 1201.423 1201.756 1201.954
1259.614 1262.021 1264.428 1266.835 1269.24 1271.644 1274.048 1276.452 1278.902 1281.535 1284.169 1286.802 1289.436 1290.559 1290.984 1291.408 1291.833 1291.699 1288.752 1285.805 1282.858 1279.911 1276.569 1273.01 1269.452 1265.893 1262.336 1258.782 1255.229 1251.676 1248.123 1244.854 1241.765 1238.677 1235.589 1232.42 1228.471 1224.521 1220.571 1216.622 1213.273 1210.367 1207.461 1204.555 1201.793 1201.391 1200.989 1200.587 1200.185 1200.0 1200.0 1200.0 1200.0 1200.002 1200.074 1200.146 1200.219 1200.291 1200.511 1200.877 1201.244 1201.609 1201.976 1202.152
