data/zism_data/00656_01_D.txt
ncols         224
nrows         224
[rows 0 to 27 of 224, columns 126 to 188 of 224]
4328.605 4324.618 4320.631 4316.644 4312.657 4305.456 4295.783 4286.109 4276.437 4266.66 4249.867 4233.073 4216.28 4199.487 4183.326 4167.895 4152.463 4137.032 4121.601 4110.774 4100.387 4089.999 4079.612 4072.131 4069.766 4067.402 4065.037 4062.673 4068.211 4075.585 4082.958 4090.331 4098.222 4107.576 4116.931 4126.286 4135.641 4144.931 4154.194 4163.458 4172.721 4181.814 4190.01 4198.206 4206.402 4214.598 4219.819 4223.129 4226.439 4229.749 4233.177 4238.53 4243.883 4249.236 4254.589 4264.604 4279.148 4293.692 4308.235 4322.779 4338.958 4355.211 4371.464
4332.029 4327.242 4322.456 4317.669 4312.882 4304.721 4293.964 4283.207 4272.45 4261.61 4245.09 4228.57 4212.051 4195.532 4179.907 4165.318 4150.729 4136.141 4121.552 4111.431 4101.735 4092.04 4082.344 4075.531 4073.788 4072.046 4070.304 4068.562 4074.54 4082.31 4090.081 4097.851 4106.085 4115.633 4125.181 4134.729 4144.277 4153.673 4163.006 4172.339 4181.672 4190.825 4199.032 4207.239 4215.445 4223.652 4228.796 4231.972 4235.147 4238.323 4241.594 4246.411 4251.227 4256.044 4260.86 4271.027 4286.392 4301.756 4317.121 4332.485 4349.121 4365.814 4382.507
4335.452 4329.866 4324.28 4318.694 4313.108 4303.986 4292.146 4280.305 4268.464 4256.56 4240.314 4224.068 4207.822 4191.576 4176.489 4162.743 4148.996 4135.25 4121.503 4112.087 4103.083 4094.08 4085.077 4078.93 4077.81 4076.69 4075.571 4074.451 4080.868 4089.036 4097.204 4105.371 4113.949 4123.69 4133.431 4143.172 4152.914 4162.415 4171.817 4181.22 4190.623 4199.836 4208.054 4216.271 4224.489 4232.706 4237.773 4240.814 4243.856 4246.897 4250.011 4254.291 4258.571 4262.851 4267.131 4277.45 4293.636 4309.821 4326.006 4342.192 4359.284 4376.417 4393.549
4338.875 4332.49 4326.104 4319.719 4313.333 4303.252 4290.327 4277.403 4264.479 4251.51 4235.537 4219.565 4203.592 4187.62 4173.071 4160.167 4147.263 4134.358 4121.454 4112.744 4104.432 4096.121 4087.81 4082.33 4081.832 4081.335 4080.837 4080.34 4087.197 4095.762 4104.326 4112.891 4121.813 4131.747 4141.681 4151.615 4161.55 4171.156 4180.629 4190.101 4199.574 4208.848 4217.076 4225.304 4233.532 4241.76 4246.75 4249.657 4252.564 4255.472 4258.428 4262.171 4265.915 4269.658 4273.402 4283.873 4300.879 4317.886 4334.892 4351.898 4369.447 4387.02 4404.592
4342.138 4334.81 4327.482 4320.154 4312.827 4302.001 4288.484 4274.968 4261.451 4247.908 4232.526 4217.145 4201.763 4186.382 4172.258 4159.588 4146.918 4134.249 4121.579 4113.308 4105.456 4097.604 4089.752 4084.802 4084.959 4085.115 4085.272 4085.429 4092.491 4101.157 4109.822 4118.487 4127.515 4137.568 4147.622 4157.675 4167.729 4177.716 4187.676 4197.636 4207.596 4217.292 4225.594 4233.896 4242.199 4250.501 4255.174 4257.514 4259.853 4262.193 4264.574 4267.627 4270.681 4273.735 4276.789 4286.899 4303.864 4320.83 4337.795 4354.76 4372.965 4391.227 4409.488
4345.397 4337.125 4328.854 4320.582 4312.31 4300.743 4286.641 4272.54 4258.438 4244.327 4229.541 4214.755 4199.969 4185.184 4171.483 4159.039 4146.595 4134.15 4121.706 4113.871 4106.475 4099.079 4091.683 4087.261 4088.072 4088.884 4089.695 4090.506 4097.771 4106.532 4115.294 4124.056 4133.186 4143.357 4153.529 4163.7 4173.872 4184.244 4194.697 4205.151 4215.604 4225.727 4234.104 4242.482 4250.859 4259.237 4263.59 4265.355 4267.121 4268.887 4270.687 4273.048 4275.41 4277.771 4280.133 4289.875 4306.787 4323.698 4340.61 4357.521 4376.386 4395.34 4414.293
4348.658 4339.441 4330.225 4321.008 4311.792 4299.484 4284.798 4270.112 4255.425 4240.747 4226.556 4212.366 4198.175 4183.985 4170.709 4158.49 4146.271 4134.052 4121.833 4114.434 4107.494 4100.554 4093.615 4089.72 4091.186 4092.652 4094.118 4095.584 4103.049 4111.908 4120.767 4129.625 4138.857 4149.146 4159.436 4169.725 4180.015 4190.771 4201.719 4212.666 4223.613 4234.163 4242.615 4251.068 4259.521 4267.973 4272.006 4273.197 4274.389 4275.581 4276.799 4278.469 4280.138 4281.808 4283.477 4292.851 4309.709 4326.567 4343.425 4360.283 4379.807 4399.453 4419.099
4351.917 4341.757 4331.596 4321.435 4311.275 4298.226 4282.955 4267.684 4252.413 4237.166 4223.571 4209.976 4196.381 4182.787 4169.935 4157.941 4145.947 4133.953 4121.959 4114.997 4108.513 4102.029 4095.545 4092.179 4094.3 4096.42 4098.541 4100.661 4108.328 4117.284 4126.239 4135.193 4144.527 4154.935 4165.343 4175.75 4186.158 4197.299 4208.74 4220.181 4231.622 4242.598 4251.126 4259.654 4268.181 4276.709 4280.422 4281.039 4281.657 4282.274 4282.912 4283.89 4284.867 4285.844 4286.821 4295.827 4312.631 4329.436 4346.24 4363.044 4383.229 4403.566 4423.904
4355.422 4344.506 4333.59 4322.674 4311.758 4298.109 4282.358 4266.607 4250.856 4235.142 4221.884 4208.625 4195.367 4182.109 4169.525 4157.719 4145.914 4134.108 4122.302 4115.776 4109.753 4103.73 4097.707 4094.957 4097.968 4100.979 4103.989 4107.0 4114.862 4123.851 4132.839 4141.828 4151.181 4161.567 4171.953 4182.338 4192.724 4204.14 4215.976 4227.813 4239.649 4250.961 4259.511 4268.06 4276.609 4285.158 4288.626 4288.829 4289.031 4289.232 4289.434 4289.621 4289.808 4289.995 4290.182 4298.758 4315.483 4332.208 4348.933 4365.658 4386.18 4406.874 4427.567
4359.245 4347.819 4336.394 4324.968 4313.542 4299.478 4283.383 4267.289 4251.195 4235.142 4221.884 4208.625 4195.367 4182.109 4169.59 4157.923 4146.257 4134.591 4122.925 4116.837 4111.281 4105.725 4100.168 4098.149 4102.356 4106.564 4110.771 4114.978 4123.027 4131.967 4140.907 4149.848 4159.112 4169.293 4179.476 4189.657 4199.839 4211.386 4223.491 4235.596 4247.701 4259.231 4267.732 4276.233 4284.733 4293.234 4296.557 4296.549 4296.542 4296.535 4296.485 4295.755 4295.024 4294.294 4293.564 4301.63 4318.243 4334.855 4351.468 4368.081 4388.52 4409.133 4429.747
4363.068 4351.133 4339.197 4327.262 4315.327 4300.846 4284.409 4267.971 4251.533 4235.142 4221.884 4208.625 4195.367 4182.109 4169.654 4158.127 4146.601 4135.074 4123.547 4117.898 4112.809 4107.719 4102.63 4101.342 4106.746 4112.149 4117.553 4122.957 4131.191 4140.083 4148.976 4157.868 4167.043 4177.021 4186.999 4196.977 4206.955 4218.633 4231.006 4243.379 4255.752 4267.5 4275.953 4284.406 4292.858 4301.311 4304.486 4304.27 4304.054 4303.837 4303.538 4301.89 4300.242 4298.594 4296.946 4304.503 4321.003 4337.503 4354.003 4370.502 4390.86 4411.393 4431.926
4366.891 4354.446 4342.001 4329.556 4317.111 4302.215 4285.434 4268.653 4251.872 4235.142 4221.884 4208.625 4195.367 4182.109 4169.719 4158.332 4146.944 4135.557 4124.17 4118.959 4114.336 4109.714 4105.091 4104.535 4111.135 4117.735 4124.335 4130.935 4139.356 4148.2 4157.043 4165.887 4174.974 4184.748 4194.522 4204.296 4214.07 4225.88 4238.521 4251.163 4263.804 4275.77 4284.174 4292.579 4300.982 4309.387 4312.417 4311.991 4311.565 4311.139 4310.589 4308.024 4305.458 4302.893 4300.328 4307.376 4323.763 4340.15 4356.538 4372.925 4393.201 4413.653 4434.105
4370.714 4357.759 4344.805 4331.85 4318.895 4303.583 4286.459 4269.334 4252.21 4235.142 4221.884 4208.625 4195.367 4182.109 4169.784 4158.536 4147.288 4136.041 4124.792 4120.02 4115.864 4111.708 4107.552 4107.727 4115.524 4123.32 4131.117 4138.914 4147.521 4156.316 4165.112 4173.907 4182.905 4192.475 4202.045 4211.615 4221.186 4233.127 4246.037 4258.946 4271.856 4284.04 4292.396 4300.751 4309.107 4317.463 4320.346 4319.711 4319.077 4318.441 4317.642 4314.159 4310.676 4307.193 4303.71 4310.249 4326.523 4342.798 4359.073 4375.347 4395.541 4415.913 4436.285
4369.453 4356.253 4343.055 4329.855 4316.657 4301.42 4284.617 4267.813 4251.009 4234.26 4221.196 4208.132 4195.069 4182.005 4170.066 4159.428 4148.789 4138.15 4127.511 4123.781 4120.708 4117.636 4114.563 4115.748 4124.423 4133.098 4141.773 4150.448 4158.955 4167.422 4175.89 4184.357 4192.985 4202.066 4211.148 4220.229 4229.311 4240.581 4252.744 4264.907 4277.069 4288.692 4297.464 4306.237 4315.009 4323.782 4327.24 4327.283 4327.326 4327.369 4327.2 4323.597 4319.993 4316.39 4312.786 4319.293 4335.621 4351.949 4368.277 4384.604 4403.934 4423.4 4442.866
4367.524 4354.116 4340.708 4327.299 4313.891 4298.794 4282.398 4266.002 4249.606 4233.262 4220.418 4207.575 4194.731 4181.887 4170.377 4160.409 4150.441 4140.473 4130.505 4127.896 4125.988 4124.08 4122.171 4124.401 4133.913 4143.425 4152.938 4162.45 4170.818 4178.92 4187.023 4195.125 4203.346 4211.902 4220.458 4229.014 4237.57 4248.062 4259.345 4270.628 4281.911 4292.87 4302.12 4311.37 4320.62 4329.87 4333.999 4334.835 4335.672 4336.509 4337.087 4333.468 4329.849 4326.229 4322.609 4329.146 4345.549 4361.952 4378.355 4394.758 4413.121 4431.573 4450.025
4365.595 4351.978 4338.36 4324.743 4311.125 4296.168 4280.18 4264.192 4248.204 4232.264 4219.64 4207.017 4194.393 4181.77 4170.688 4161.391 4152.094 4142.796 4133.499 4132.011 4131.267 4130.523 4129.779 4133.054 4143.404 4153.753 4164.102 4174.452 4182.681 4190.419 4198.157 4205.894 4213.708 4221.738 4229.768 4237.798 4245.828 4255.543 4265.947 4276.35 4286.752 4297.048 4306.775 4316.503 4326.23 4335.958 4340.757 4342.388 4344.019 4345.65 4346.976 4343.34 4339.704 4336.068 4332.433 4339.0 4355.478 4371.956 4388.434 4404.912 4422.308 4439.746 4457.185
4363.667 4349.84 4336.013 4322.187 4308.36 4293.542 4277.961 4262.381 4246.801 4231.266 4218.863 4206.459 4194.055 4181.651 4171.0 4162.373 4153.746 4145.119 4136.493 4136.126 4136.546 4136.967 4137.387 4141.708 4152.894 4164.08 4175.267 4186.453 4194.544 4201.917 4209.29 4216.663 4224.069 4231.574 4239.078 4246.583 4254.087 4263.024 4272.548 4282.071 4291.594 4301.226 4311.431 4321.636 4331.841 4342.046 4347.515 4349.94 4352.365 4354.79 4356.863 4353.211 4349.559 4345.908 4342.256 4348.853 4365.406 4381.959 4398.513 4415.065 4431.495 4447.919 4464.343
4360.749 4346.609 4332.47 4318.33 4304.19 4289.487 4274.351 4259.213 4244.077 4228.987 4217.085 4205.184 4193.283 4181.382 4171.373 4163.551 4155.729 4147.907 4140.085 4140.765 4142.255 4143.745 4145.234 4150.456 4162.247 4174.038 4185.829 4197.619 4205.687 4212.89 4220.092 4227.295 4234.455 4241.493 4248.53 4255.567 4262.605 4270.751 4279.35 4287.948 4296.546 4305.467 4316.089 4326.711 4337.333 4347.955 4354.022 4357.163 4360.303 4363.443 4366.213 4362.964 4359.714 4356.465 4353.216 4359.85 4376.084 4392.319 4408.554 4424.789 4440.173 4455.519 4470.864
4355.854 4341.194 4326.534 4311.874 4297.214 4282.576 4267.954 4253.332 4238.71 4224.143 4213.31 4202.476 4191.643 4180.81 4171.87 4165.122 4158.373 4151.624 4144.875 4146.452 4148.821 4151.191 4153.561 4159.394 4171.324 4183.254 4195.185 4207.115 4215.387 4222.81 4230.233 4237.656 4244.887 4251.576 4258.265 4264.954 4271.643 4278.967 4286.552 4294.136 4301.72 4309.836 4320.753 4331.67 4342.586 4353.503 4360.026 4363.725 4367.423 4371.122 4374.489 4372.479 4370.469 4368.459 4366.449 4373.133 4388.263 4403.392 4418.521 4433.651 4447.833 4461.971 4476.109
4350.959 4335.779 4320.599 4305.418 4290.238 4275.664 4261.557 4247.45 4233.344 4219.3 4209.534 4199.768 4190.002 4180.237 4172.368 4166.692 4161.017 4155.341 4149.666 4152.139 4155.388 4158.638 4161.887 4168.332 4180.402 4192.472 4204.542 4216.611 4225.088 4232.731 4240.374 4248.017 4255.32 4261.66 4268.0 4274.34 4280.68 4287.184 4293.754 4300.324 4306.895 4314.205 4325.417 4336.629 4347.841 4359.053 4366.031 4370.287 4374.543 4378.8 4382.765 4381.994 4381.224 4380.453 4379.682 4386.417 4400.441 4414.465 4428.489 4442.513 4455.492 4468.423 4481.355
4346.065 4330.364 4314.663 4298.962 4283.261 4268.752 4255.161 4241.569 4227.977 4214.456 4205.758 4197.06 4188.362 4179.664 4172.866 4168.263 4163.66 4159.058 4154.455 4157.825 4161.955 4166.084 4170.213 4177.27 4189.479 4201.688 4213.898 4226.107 4234.789 4242.652 4250.515 4258.377 4265.752 4271.744 4277.735 4283.726 4289.717 4295.399 4300.956 4306.512 4312.068 4318.573 4330.081 4341.587 4353.095 4364.602 4372.035 4376.849 4381.664 4386.478 4391.04 4391.509 4391.978 4392.447 4392.916 4399.7 4412.619 4425.538 4438.457 4451.375 4463.151 4474.875 4486.6
4341.17 4324.949 4308.727 4292.506 4276.285 4261.841 4248.764 4235.687 4222.61 4209.613 4201.982 4194.352 4186.722 4179.092 4173.363 4169.833 4166.304 4162.775 4159.246 4163.512 4168.521 4173.531 4178.54 4186.208 4198.557 4210.906 4223.255 4235.604 4244.49 4252.573 4260.656 4268.739 4276.185 4281.827 4287.47 4293.112 4298.755 4303.616 4308.158 4312.7 4317.243 4322.942 4334.744 4346.546 4358.349 4370.151 4378.039 4383.412 4388.784 4394.156 4399.316 4401.024 4402.732 4404.44 4406.149 4412.983 4424.797 4436.61 4448.424 4460.238 4470.811 4481.328 4491.845
4336.139 4320.199 4304.259 4288.319 4272.38 4258.285 4245.61 4232.935 4220.26 4207.668 4200.732 4193.796 4186.859 4179.923 4174.913 4172.129 4169.345 4166.561 4163.777 4168.483 4173.901 4179.32 4184.739 4192.808 4205.54 4218.271 4231.003 4243.735 4253.176 4261.852 4270.529 4279.205 4287.133 4292.939 4298.745 4304.551 4310.357 4314.847 4318.799 4322.751 4326.703 4331.747 4342.542 4353.338 4364.133 4374.929 4382.684 4388.484 4394.284 4400.084 4405.701 4408.342 4410.983 4413.625 4416.266 4423.09 4433.979 4444.868 4455.757 4466.646 4476.181 4485.655 4495.128
4331.07 4315.635 4300.199 4284.764 4269.328 4255.662 4243.357 4231.053 4218.748 4206.529 4200.183 4193.837 4187.491 4181.145 4176.754 4174.625 4172.496 4170.367 4168.237 4173.254 4178.952 4184.65 4190.348 4198.757 4211.94 4225.123 4238.305 4251.488 4261.579 4270.953 4280.327 4289.701 4298.224 4304.336 4310.448 4316.56 4322.672 4326.915 4330.395 4333.875 4337.355 4341.783 4351.21 4360.638 4370.065 4379.493 4386.951 4393.143 4399.334 4405.526 4411.561 4415.05 4418.539 4422.027 4425.517 4432.315 4442.33 4452.344 4462.359 4472.373 4480.916 4489.391 4497.867
4326.001 4311.07 4296.139 4281.208 4266.277 4253.039 4241.104 4229.17 4217.235 4205.391 4199.634 4193.878 4188.123 4182.367 4178.596 4177.122 4175.647 4174.172 4172.697 4178.026 4184.003 4189.98 4195.957 4204.708 4218.341 4231.974 4245.607 4259.241 4269.983 4280.055 4290.126 4300.198 4309.316 4315.734 4322.151 4328.569 4334.987 4338.983 4341.991 4344.999 4348.007 4351.82 4359.879 4367.938 4375.998 4384.057 4391.218 4397.801 4404.385 4410.968 4417.421 4421.758 4426.094 4430.431 4434.768 4441.541 4450.681 4459.82 4468.96 4478.1 4485.65 4493.127 4500.605
4320.932 4306.505 4292.079 4277.652 4263.225 4250.416 4238.852 4227.288 4215.723 4204.251 4199.085 4193.92 4188.754 4183.588 4180.438 4179.618 4178.798 4177.978 4177.157 4182.798 4189.054 4195.31 4201.565 4210.657 4224.741 4238.825 4252.909 4266.993 4278.387 4289.156 4299.925 4310.694 4320.407 4327.131 4333.854 4340.578 4347.301 4351.051 4353.587 4356.123 4358.658 4361.856 4368.548 4375.239 4381.93 4388.621 4395.485 4402.46 4409.435 4416.41 4423.281 4428.465 4433.65 4438.834 4444.019 4450.766 4459.031 4467.296 4475.562 4483.827 4490.384 4496.864 4503.344
4316.508 4302.575 4288.643 4274.71 4260.778 4248.359 4237.105 4225.852 4214.598 4203.439 4198.788 4194.137 4189.485 4184.834 4182.213 4181.939 4181.665 4181.391 4181.117 4187.118 4193.716 4200.314 4206.913 4216.429 4231.079 4245.729 4260.379 4275.03 4287.007 4298.365 4309.722 4321.079 4331.283 4338.221 4345.16 4352.099 4359.037 4362.553 4364.671 4366.789 4368.908 4371.567 4377.082 4382.596 4388.111 4393.625 4400.256 4407.604 4414.952 4422.3 4429.559 4435.374 4441.188 4447.002 4452.816 4459.474 4466.949 4474.424 4481.899 4489.375 4495.02 4500.581 4506.142
4314.217 4300.746 4287.275 4273.804 4260.333 4248.179 4237.038 4225.896 4214.755 4203.712 4199.324 4194.935 4190.546 4186.158 4183.765 4183.679 4183.593 4183.506 4183.42 4189.942 4197.093 4204.244 4211.395 4221.607 4237.207 4252.807 4268.407 4284.007 4296.346 4307.929 4319.511 4331.093 4341.442 4348.294 4355.147 4362.0 4368.853 4372.176 4374.058 4375.94 4377.822 4380.197 4385.17 4390.143 4395.115 4400.088 4406.696 4414.355 4422.014 4429.673 4437.22 4442.943 4448.667 4454.39 4460.113 4466.466 4473.432 4480.397 4487.363 4494.329 4499.325 4504.232 4509.139
