data/zism_data/00659_01_D.txt
ncols         224
nrows         224
[rows 174 to 202 of 224, columns 0 to 63 of 224]
1213.148 1216.521 1219.895 1222.932 1225.778 1228.625 1231.472 1234.019 1234.407 1234.795 1235.182 1235.571 1234.638 1232.841 1231.043 1229.246 1227.591 1227.439 1227.287 1227.136 1226.984 1228.453 1231.153 1233.853 1236.553 1239.186 1240.57 1241.954 1243.337 1244.721 1245.801 1246.615 1247.429 1248.243 1249.048 1249.259 1249.471 1249.682 1249.894 1250.0 1250.0 1250.0 1250.0 1250.0 1250.0 1250.0 1250.0 1250.0 1250.0 1250.0 1250.0 1250.0 1250.0 1250.0 1250.0 1250.0 1250.0 1250.0 1250.0 1250.0 1250.0 1250.0 1250.0 1250.0
1214.515 1218.013 1221.511 1224.675 1227.651 1230.628 1233.605 1236.236 1236.386 1236.536 1236.686 1236.837 1235.405 1232.938 1230.47 1228.003 1225.693 1225.049 1224.406 1223.763 1223.119 1224.493 1227.398 1230.303 1233.208 1236.054 1237.789 1239.524 1241.259 1242.994 1244.38 1245.458 1246.537 1247.615 1248.683 1248.975 1249.268 1249.56 1249.853 1250.0 1250.0 1250.0 1250.0 1250.0 1250.0 1250.0 1250.0 1250.0 1250.0 1250.0 1250.0 1250.0 1250.0 1250.0 1250.0 1250.0 1250.0 1250.0 1250.0 1250.0 1250.0 1250.0 1250.0 1250.0
1215.838 1219.475 1223.112 1226.407 1229.51 1232.612 1235.715 1238.428 1238.343 1238.258 1238.174 1238.089 1236.162 1233.03 1229.897 1226.765 1223.805 1222.678 1221.551 1220.423 1219.296 1220.568 1223.661 1226.755 1229.849 1232.892 1234.972 1237.051 1239.13 1241.209 1242.896 1244.238 1245.581 1246.923 1248.251 1248.635 1249.018 1249.402 1249.786 1249.981 1249.986 1249.99 1249.995 1250.0 1250.0 1250.0 1250.0 1250.0 1250.0 1250.0 1250.0 1250.0 1250.0 1250.0 1250.0 1250.0 1250.0 1250.0 1250.0 1250.0 1250.0 1250.0 1250.0 1250.0
1216.446 1220.467 1224.488 1227.963 1231.13 1234.297 1237.465 1240.212 1239.938 1239.664 1239.39 1239.116 1236.762 1233.046 1229.329 1225.613 1222.09 1220.606 1219.122 1217.638 1216.154 1217.225 1220.238 1223.251 1226.264 1229.242 1231.553 1233.865 1236.177 1238.488 1240.413 1241.999 1243.584 1245.169 1246.741 1247.379 1248.016 1248.654 1249.292 1249.655 1249.741 1249.827 1249.912 1249.998 1250.0 1250.0 1250.0 1250.0 1250.0 1250.0 1250.0 1250.0 1250.0 1250.0 1250.0 1250.0 1250.0 1250.0 1250.0 1250.0 1250.0 1250.0 1250.0 1250.0
1217.054 1221.459 1225.864 1229.518 1232.75 1235.982 1239.215 1241.995 1241.532 1241.069 1240.606 1240.143 1237.361 1233.062 1228.762 1224.462 1220.375 1218.534 1216.693 1214.852 1213.011 1213.883 1216.815 1219.747 1222.679 1225.591 1228.135 1230.679 1233.223 1235.767 1237.93 1239.759 1241.587 1243.416 1245.231 1246.123 1247.014 1247.906 1248.797 1249.329 1249.496 1249.663 1249.83 1249.996 1250.0 1250.0 1250.0 1250.0 1250.0 1250.0 1250.0 1250.0 1250.0 1250.0 1250.0 1250.0 1250.0 1250.0 1250.0 1250.0 1250.0 1250.0 1250.0 1250.0
1217.663 1222.451 1227.239 1231.073 1234.37 1237.667 1240.965 1243.779 1243.127 1242.474 1241.822 1241.17 1237.961 1233.077 1228.194 1223.311 1218.659 1216.462 1214.264 1212.067 1209.869 1210.541 1213.392 1216.242 1219.093 1221.94 1224.717 1227.493 1230.269 1233.046 1235.447 1237.519 1239.591 1241.662 1243.721 1244.866 1246.012 1247.158 1248.303 1249.003 1249.251 1249.499 1249.747 1249.995 1250.0 1250.0 1250.0 1250.0 1250.0 1250.0 1250.0 1250.0 1250.0 1250.0 1250.0 1250.0 1250.0 1250.0 1250.0 1250.0 1250.0 1250.0 1250.0 1250.0
1218.271 1223.443 1228.615 1232.628 1235.99 1239.352 1242.714 1245.562 1244.721 1243.88 1243.038 1242.197 1238.56 1233.093 1227.626 1222.159 1216.944 1214.39 1211.835 1209.281 1206.727 1207.199 1209.968 1212.738 1215.508 1218.29 1221.298 1224.307 1227.316 1230.325 1232.964 1235.279 1237.594 1239.909 1242.211 1243.61 1245.01 1246.409 1247.809 1248.677 1249.006 1249.335 1249.664 1249.993 1250.0 1250.0 1250.0 1250.0 1250.0 1250.0 1250.0 1250.0 1250.0 1250.0 1250.0 1250.0 1250.0 1250.0 1250.0 1250.0 1250.0 1250.0 1250.0 1250.0
1218.969 1224.188 1229.406 1233.39 1236.68 1239.97 1243.259 1245.995 1244.757 1243.518 1242.279 1241.04 1237.132 1231.476 1225.82 1220.164 1214.788 1212.379 1209.97 1207.561 1205.152 1205.63 1208.303 1210.975 1213.647 1216.339 1219.393 1222.448 1225.503 1228.557 1231.298 1233.763 1236.228 1238.693 1241.146 1242.733 1244.321 1245.909 1247.497 1248.483 1248.86 1249.238 1249.615 1249.992 1250.0 1250.0 1250.0 1250.0 1250.0 1250.0 1250.0 1250.0 1250.0 1250.0 1250.0 1250.0 1250.0 1250.0 1250.0 1250.0 1250.0 1250.0 1250.0 1250.0
1219.754 1224.692 1229.63 1233.38 1236.465 1239.549 1242.634 1245.116 1243.278 1241.439 1239.6 1237.761 1233.734 1228.272 1222.811 1217.349 1212.206 1210.429 1208.652 1206.875 1205.099 1205.786 1208.344 1210.903 1213.462 1216.039 1218.958 1221.878 1224.798 1227.717 1230.427 1232.951 1235.475 1238.0 1240.512 1242.225 1243.937 1245.649 1247.361 1248.418 1248.812 1249.205 1249.598 1249.991 1250.0 1250.0 1250.0 1250.0 1250.0 1250.0 1250.0 1250.0 1250.0 1250.0 1250.0 1250.0 1250.0 1250.0 1250.0 1250.0 1250.0 1250.0 1250.0 1250.0
1220.54 1225.196 1229.853 1233.371 1236.25 1239.129 1242.008 1244.237 1241.798 1239.36 1236.921 1234.483 1230.335 1225.068 1219.801 1214.535 1209.624 1208.479 1207.334 1206.19 1205.045 1205.941 1208.386 1210.831 1213.277 1215.739 1218.523 1221.308 1224.093 1226.877 1229.555 1232.139 1234.722 1237.306 1239.88 1241.716 1243.552 1245.389 1247.225 1248.353 1248.763 1249.172 1249.582 1249.991 1250.0 1250.0 1250.0 1250.0 1250.0 1250.0 1250.0 1250.0 1250.0 1250.0 1250.0 1250.0 1250.0 1250.0 1250.0 1250.0 1250.0 1250.0 1250.0 1250.0
1221.325 1225.7 1230.076 1233.362 1236.035 1238.709 1241.383 1243.358 1240.319 1237.281 1234.243 1231.204 1226.937 1221.864 1216.792 1211.72 1207.041 1206.529 1206.017 1205.504 1204.992 1206.096 1208.428 1210.76 1213.091 1215.439 1218.089 1220.738 1223.387 1226.037 1228.683 1231.326 1233.97 1236.613 1239.246 1241.207 1243.168 1245.128 1247.089 1248.288 1248.714 1249.139 1249.565 1249.991 1250.0 1250.0 1250.0 1250.0 1250.0 1250.0 1250.0 1250.0 1250.0 1250.0 1250.0 1250.0 1250.0 1250.0 1250.0 1250.0 1250.0 1250.0 1250.0 1250.0
1222.11 1226.205 1230.299 1233.352 1235.821 1238.289 1240.757 1242.479 1238.84 1235.202 1231.564 1227.926 1223.538 1218.661 1213.783 1208.905 1204.459 1204.579 1204.699 1204.819 1204.939 1206.251 1208.47 1210.688 1212.906 1215.139 1217.654 1220.168 1222.682 1225.197 1227.811 1230.514 1233.217 1235.919 1238.613 1240.698 1242.783 1244.868 1246.953 1248.223 1248.665 1249.107 1249.548 1249.99 1250.0 1250.0 1250.0 1250.0 1250.0 1250.0 1250.0 1250.0 1250.0 1250.0 1250.0 1250.0 1250.0 1250.0 1250.0 1250.0 1250.0 1250.0 1250.0 1250.0
1221.254 1224.665 1228.075 1230.486 1232.335 1234.185 1236.034 1237.218 1233.626 1230.034 1226.442 1222.85 1219.077 1215.184 1211.292 1207.399 1203.883 1204.34 1204.798 1205.256 1205.714 1207.134 1209.285 1211.436 1213.588 1215.756 1218.249 1220.742 1223.235 1225.728 1228.279 1230.881 1233.483 1236.085 1238.679 1240.749 1242.818 1244.888 1246.958 1248.22 1248.662 1249.105 1249.548 1249.99 1250.0 1250.0 1250.0 1250.0 1250.0 1250.0 1250.0 1250.0 1250.0 1250.0 1250.0 1250.0 1250.0 1250.0 1250.0 1250.0 1250.0 1250.0 1250.0 1250.0
1220.324 1223.032 1225.74 1227.49 1228.701 1229.913 1231.124 1231.758 1228.242 1224.725 1221.209 1217.693 1214.566 1211.695 1208.824 1205.953 1203.398 1204.18 1204.962 1205.744 1206.526 1208.049 1210.135 1212.222 1214.308 1216.415 1218.891 1221.368 1223.845 1226.321 1228.807 1231.301 1233.795 1236.289 1238.776 1240.824 1242.872 1244.921 1246.969 1248.22 1248.662 1249.105 1249.548 1249.99 1250.0 1250.0 1250.0 1250.0 1250.0 1250.0 1250.0 1250.0 1250.0 1250.0 1250.0 1250.0 1250.0 1250.0 1250.0 1250.0 1250.0 1250.0 1250.0 1250.0
1219.394 1221.399 1223.404 1224.493 1225.067 1225.641 1226.215 1226.298 1222.857 1219.417 1215.976 1212.535 1210.056 1208.207 1206.357 1204.507 1202.913 1204.019 1205.125 1206.232 1207.338 1208.964 1210.986 1213.008 1215.029 1217.073 1219.533 1221.994 1224.454 1226.915 1229.336 1231.721 1234.107 1236.493 1238.874 1240.9 1242.927 1244.953 1246.979 1248.22 1248.662 1249.105 1249.548 1249.99 1250.0 1250.0 1250.0 1250.0 1250.0 1250.0 1250.0 1250.0 1250.0 1250.0 1250.0 1250.0 1250.0 1250.0 1250.0 1250.0 1250.0 1250.0 1250.0 1250.0
1218.464 1219.766 1221.069 1221.497 1221.433 1221.369 1221.305 1220.838 1217.473 1214.108 1210.743 1207.378 1205.546 1204.718 1203.89 1203.061 1202.428 1203.859 1205.289 1206.72 1208.15 1209.88 1211.837 1213.793 1215.75 1217.731 1220.176 1222.62 1225.064 1227.509 1229.864 1232.142 1234.42 1236.697 1238.971 1240.976 1242.981 1244.986 1246.99 1248.22 1248.662 1249.105 1249.548 1249.99 1250.0 1250.0 1250.0 1250.0 1250.0 1250.0 1250.0 1250.0 1250.0 1250.0 1250.0 1250.0 1250.0 1250.0 1250.0 1250.0 1250.0 1250.0 1250.0 1250.0
1216.783 1217.504 1218.225 1218.2 1217.758 1217.315 1216.872 1216.111 1213.068 1210.024 1206.98 1203.937 1202.616 1202.423 1202.23 1202.037 1201.999 1203.596 1205.193 1206.79 1208.387 1210.198 1212.174 1214.149 1216.124 1218.124 1220.58 1223.037 1225.494 1227.95 1230.292 1232.534 1234.776 1237.018 1239.256 1241.211 1243.166 1245.12 1247.075 1248.266 1248.682 1249.099 1249.515 1249.932 1249.921 1249.901 1249.882 1249.862 1249.851 1249.851 1249.851 1249.851 1249.851 1249.876 1249.902 1249.929 1249.955 1249.973 1249.98 1249.986 1249.993 1249.999 1250.0 1250.0
1214.004 1214.319 1214.635 1214.465 1214.022 1213.579 1213.137 1212.459 1210.096 1207.734 1205.371 1203.008 1201.999 1201.877 1201.754 1201.631 1201.652 1203.184 1204.716 1206.248 1207.78 1209.644 1211.759 1213.875 1215.991 1218.126 1220.637 1223.148 1225.658 1228.169 1230.574 1232.886 1235.198 1237.511 1239.817 1241.679 1243.542 1245.405 1247.268 1248.38 1248.732 1249.083 1249.435 1249.786 1249.727 1249.659 1249.59 1249.522 1249.485 1249.485 1249.485 1249.485 1249.485 1249.571 1249.662 1249.753 1249.845 1249.907 1249.929 1249.952 1249.975 1249.998 1250.0 1250.0
1211.224 1211.135 1211.045 1210.729 1210.286 1209.844 1209.401 1208.807 1207.125 1205.443 1203.761 1202.079 1201.382 1201.33 1201.278 1201.225 1201.304 1202.771 1204.239 1205.706 1207.173 1209.089 1211.345 1213.601 1215.857 1218.129 1220.694 1223.259 1225.823 1228.388 1230.855 1233.238 1235.62 1238.003 1240.377 1242.148 1243.919 1245.69 1247.461 1248.495 1248.781 1249.068 1249.355 1249.641 1249.533 1249.416 1249.299 1249.182 1249.119 1249.119 1249.119 1249.119 1249.119 1249.266 1249.422 1249.578 1249.734 1249.84 1249.879 1249.918 1249.957 1249.996 1250.0 1250.0
1208.445 1207.95 1207.455 1206.994 1206.551 1206.108 1205.666 1205.155 1204.154 1203.153 1202.152 1201.151 1200.766 1200.784 1200.802 1200.819 1200.957 1202.359 1203.762 1205.164 1206.566 1208.534 1210.931 1213.327 1215.724 1218.132 1220.751 1223.369 1225.988 1228.607 1231.137 1233.59 1236.043 1238.495 1240.937 1242.616 1244.295 1245.974 1247.653 1248.609 1248.831 1249.053 1249.275 1249.496 1249.339 1249.173 1249.008 1248.842 1248.753 1248.753 1248.753 1248.753 1248.753 1248.961 1249.182 1249.403 1249.623 1249.774 1249.829 1249.884 1249.94 1249.995 1250.0 1250.0
1205.666 1204.766 1203.865 1203.258 1202.815 1202.373 1201.93 1201.502 1201.182 1200.862 1200.542 1200.222 1200.149 1200.237 1200.325 1200.413 1200.609 1201.947 1203.284 1204.622 1205.959 1207.979 1210.516 1213.053 1215.591 1218.135 1220.807 1223.48 1226.153 1228.826 1231.419 1233.942 1236.465 1238.988 1241.497 1243.084 1244.672 1246.259 1247.846 1248.723 1248.88 1249.037 1249.194 1249.351 1249.145 1248.931 1248.716 1248.502 1248.386 1248.386 1248.386 1248.386 1248.386 1248.656 1248.941 1249.227 1249.513 1249.708 1249.779 1249.85 1249.922 1249.993 1250.0 1250.0
1204.274 1203.495 1202.717 1202.206 1201.847 1201.487 1201.128 1200.79 1200.61 1200.431 1200.251 1200.071 1200.048 1200.128 1200.208 1200.288 1200.476 1201.804 1203.132 1204.46 1205.788 1207.841 1210.445 1213.049 1215.653 1218.258 1220.902 1223.546 1226.189 1228.833 1231.388 1233.866 1236.344 1238.821 1241.286 1242.855 1244.425 1245.994 1247.563 1248.424 1248.567 1248.71 1248.853 1248.996 1248.747 1248.488 1248.23 1247.972 1247.845 1247.873 1247.901 1247.928 1247.956 1248.271 1248.603 1248.935 1249.267 1249.509 1249.629 1249.749 1249.869 1249.989 1250.013 1250.026
1203.118 1202.55 1201.981 1201.609 1201.347 1201.085 1200.823 1200.576 1200.445 1200.314 1200.183 1200.052 1200.035 1200.094 1200.152 1200.21 1200.378 1201.706 1203.034 1204.362 1205.69 1207.774 1210.432 1213.09 1215.748 1218.403 1221.003 1223.604 1226.204 1228.804 1231.305 1233.718 1236.131 1238.543 1240.944 1242.508 1244.072 1245.636 1247.2 1248.056 1248.193 1248.331 1248.468 1248.606 1248.314 1248.012 1247.711 1247.409 1247.274 1247.334 1247.394 1247.454 1247.515 1247.872 1248.247 1248.622 1248.998 1249.288 1249.462 1249.636 1249.81 1249.984 1250.027 1250.057
1201.961 1201.604 1201.246 1201.012 1200.847 1200.682 1200.517 1200.363 1200.28 1200.198 1200.115 1200.033 1200.022 1200.059 1200.095 1200.132 1200.28 1201.608 1202.936 1204.265 1205.593 1207.707 1210.419 1213.131 1215.843 1218.547 1221.104 1223.661 1226.219 1228.776 1231.221 1233.57 1235.918 1238.266 1240.602 1242.161 1243.719 1245.278 1246.836 1247.687 1247.819 1247.951 1248.083 1248.215 1247.881 1247.536 1247.191 1246.846 1246.703 1246.796 1246.888 1246.981 1247.073 1247.473 1247.891 1248.31 1248.729 1249.066 1249.294 1249.522 1249.751 1249.979 1250.042 1250.088
1200.805 1200.658 1200.511 1200.415 1200.348 1200.28 1200.212 1200.149 1200.115 1200.081 1200.047 1200.013 1200.009 1200.024 1200.039 1200.054 1200.183 1201.511 1202.839 1204.167 1205.495 1207.64 1210.406 1213.172 1215.938 1218.691 1221.205 1223.719 1226.233 1228.747 1231.138 1233.421 1235.704 1237.988 1240.26 1241.813 1243.366 1244.92 1246.473 1247.318 1247.444 1247.571 1247.698 1247.825 1247.448 1247.06 1246.672 1246.284 1246.132 1246.257 1246.382 1246.507 1246.632 1247.074 1247.536 1247.998 1248.46 1248.845 1249.127 1249.409 1249.692 1249.974 1250.057 1250.119
1200.0 1200.0 1200.0 1200.0 1200.0 1200.0 1200.0 1200.0 1200.0 1200.0 1200.0 1200.0 1200.024 1200.063 1200.103 1200.142 1200.298 1201.685 1203.073 1204.46 1205.847 1208.045 1210.859 1213.672 1216.485 1219.281 1221.742 1224.203 1226.664 1229.124 1231.418 1233.566 1235.714 1237.861 1239.999 1241.479 1242.96 1244.44 1245.92 1246.723 1246.837 1246.952 1247.067 1247.182 1246.788 1246.383 1245.978 1245.573 1245.432 1245.599 1245.766 1245.933 1246.101 1246.613 1247.146 1247.679 1248.212 1248.66 1248.993 1249.325 1249.658 1249.991 1250.094 1250.172
1200.0 1200.0 1200.0 1200.0 1200.0 1200.0 1200.0 1200.0 1200.0 1200.0 1200.0 1200.0 1200.102 1200.271 1200.441 1200.61 1200.901 1202.483 1204.065 1205.646 1207.228 1209.528 1212.374 1215.22 1218.066 1220.889 1223.274 1225.659 1228.044 1230.429 1232.53 1234.38 1236.231 1238.081 1239.923 1241.176 1242.429 1243.682 1244.936 1245.61 1245.698 1245.786 1245.874 1245.961 1245.609 1245.248 1244.886 1244.524 1244.436 1244.668 1244.9 1245.132 1245.365 1246.008 1246.676 1247.344 1248.012 1248.556 1248.932 1249.308 1249.684 1250.06 1250.182 1250.276
1200.0 1200.0 1200.0 1200.0 1200.0 1200.0 1200.0 1200.0 1200.0 1200.0 1200.0 1200.0 1200.181 1200.479 1200.778 1201.077 1201.504 1203.28 1205.056 1206.833 1208.609 1211.012 1213.89 1216.769 1219.647 1222.496 1224.806 1227.115 1229.425 1231.734 1233.641 1235.194 1236.747 1238.301 1239.846 1240.872 1241.899 1242.925 1243.951 1244.498 1244.559 1244.62 1244.68 1244.741 1244.431 1244.112 1243.794 1243.475 1243.44 1243.737 1244.034 1244.331 1244.628 1245.402 1246.206 1247.009 1247.812 1248.452 1248.872 1249.291 1249.71 1250.13 1250.27 1250.381
1200.0 1200.0 1200.0 1200.0 1200.0 1200.0 1200.0 1200.0 1200.0 1200.0 1200.0 1200.0 1200.259 1200.688 1201.116 1201.545 1202.106 1204.077 1206.048 1208.019 1209.99 1212.495 1215.406 1218.317 1221.227 1224.104 1226.338 1228.572 1230.806 1233.039 1234.753 1236.009 1237.264 1238.52 1239.77 1240.569 1241.368 1242.168 1242.967 1243.386 1243.42 1243.453 1243.487 1243.521 1243.252 1242.977 1242.702 1242.427 1242.445 1242.807 1243.168 1243.53 1243.892 1244.797 1245.735 1246.674 1247.612 1248.348 1248.811 1249.274 1249.736 1250.199 1250.358 1250.485
