data/zism_data/00650_01_D.txt
ncols         224
nrows         224
[rows 140 to 167 of 224, columns 126 to 188 of 224]
1700.925 1701.747 1702.569 1703.391 1704.212 1705.111 1706.07 1707.028 1707.986 1708.94 1709.611 1710.281 1710.951 1711.621 1712.876 1714.805 1716.734 1718.664 1720.593 1723.693 1726.905 1730.117 1733.329 1736.613 1740.024 1743.434 1746.845 1750.255 1754.083 1758.008 1761.932 1765.857 1769.529 1772.488 1775.447 1778.405 1781.364 1783.131 1784.413 1785.694 1786.976 1788.056 1788.076 1788.096 1788.116 1788.136 1787.772 1787.161 1786.55 1785.939 1785.392 1785.879 1786.365 1786.851 1787.338 1788.249 1789.574 1790.898 1792.223 1793.547 1793.287 1792.954 1792.621
1700.545 1701.243 1701.942 1702.64 1703.338 1704.102 1704.915 1705.729 1706.542 1707.351 1707.887 1708.424 1708.96 1709.496 1710.703 1712.686 1714.669 1716.652 1718.635 1721.863 1725.209 1728.555 1731.901 1735.359 1739.017 1742.674 1746.332 1749.989 1753.938 1757.953 1761.969 1765.984 1769.782 1772.96 1776.139 1779.318 1782.496 1784.496 1786.013 1787.531 1789.048 1790.334 1790.397 1790.459 1790.522 1790.585 1790.205 1789.541 1788.876 1788.212 1787.601 1787.873 1788.145 1788.417 1788.689 1789.421 1790.601 1791.781 1792.96 1794.14 1793.791 1793.372 1792.953
1700.164 1700.739 1701.314 1701.889 1702.464 1703.092 1703.76 1704.429 1705.098 1705.762 1706.164 1706.566 1706.968 1707.37 1708.53 1710.567 1712.604 1714.64 1716.677 1720.032 1723.512 1726.992 1730.472 1734.106 1738.01 1741.914 1745.819 1749.723 1753.792 1757.899 1762.005 1766.112 1770.035 1773.433 1776.832 1780.23 1783.629 1785.86 1787.613 1789.367 1791.12 1792.611 1792.717 1792.823 1792.929 1793.034 1792.639 1791.921 1791.202 1790.484 1789.811 1789.868 1789.925 1789.983 1790.04 1790.593 1791.628 1792.662 1793.697 1794.732 1794.295 1793.79 1793.286
1699.784 1700.235 1700.687 1701.138 1701.59 1702.082 1702.606 1703.13 1703.653 1704.173 1704.441 1704.709 1704.977 1705.245 1706.358 1708.448 1710.538 1712.629 1714.719 1718.201 1721.815 1725.429 1729.044 1732.852 1737.004 1741.155 1745.306 1749.457 1753.646 1757.844 1762.042 1766.24 1770.287 1773.906 1777.525 1781.143 1784.762 1787.224 1789.213 1791.203 1793.193 1794.889 1795.038 1795.186 1795.335 1795.484 1795.072 1794.3 1793.528 1792.757 1792.02 1791.863 1791.706 1791.548 1791.391 1791.765 1792.655 1793.545 1794.434 1795.324 1794.798 1794.208 1793.618
1699.403 1699.731 1700.059 1700.388 1700.716 1701.073 1701.451 1701.83 1702.209 1702.584 1702.718 1702.852 1702.986 1703.119 1704.185 1706.329 1708.473 1710.617 1712.761 1716.37 1720.119 1723.867 1727.615 1731.599 1735.997 1740.395 1744.793 1749.191 1753.5 1757.79 1762.079 1766.368 1770.54 1774.379 1778.217 1782.056 1785.894 1788.588 1790.813 1793.039 1795.265 1797.166 1797.358 1797.55 1797.741 1797.933 1797.505 1796.68 1795.854 1795.029 1794.23 1793.858 1793.486 1793.114 1792.742 1792.936 1793.681 1794.427 1795.172 1795.917 1795.302 1794.626 1793.95
1699.297 1699.56 1699.824 1700.088 1700.351 1700.653 1700.985 1701.317 1701.649 1701.978 1702.13 1702.281 1702.433 1702.584 1703.689 1705.897 1708.104 1710.312 1712.519 1716.14 1719.895 1723.65 1727.405 1731.381 1735.747 1740.112 1744.478 1748.843 1752.986 1757.078 1761.169 1765.261 1769.25 1772.951 1776.652 1780.353 1784.054 1786.875 1789.337 1791.799 1794.261 1796.385 1796.727 1797.069 1797.412 1797.754 1797.445 1796.718 1795.991 1795.263 1794.548 1794.025 1793.502 1792.979 1792.456 1792.441 1792.919 1793.396 1793.874 1794.352 1793.498 1792.585 1791.671
1699.217 1699.421 1699.626 1699.83 1700.035 1700.29 1700.585 1700.879 1701.173 1701.466 1701.65 1701.833 1702.017 1702.201 1703.353 1705.625 1707.896 1710.168 1712.44 1716.061 1719.811 1723.561 1727.311 1731.262 1735.569 1739.875 1744.182 1748.488 1752.437 1756.303 1760.169 1764.036 1767.814 1771.343 1774.872 1778.402 1781.931 1784.87 1787.568 1790.266 1792.964 1795.312 1795.815 1796.318 1796.822 1797.325 1797.148 1796.533 1795.918 1795.304 1794.686 1794.018 1793.35 1792.683 1792.015 1791.787 1791.985 1792.184 1792.383 1792.582 1791.475 1790.309 1789.143
1699.137 1699.282 1699.428 1699.573 1699.719 1699.927 1700.184 1700.441 1700.698 1700.954 1701.17 1701.386 1701.601 1701.817 1703.016 1705.353 1707.689 1710.025 1712.361 1715.983 1719.728 1723.472 1727.217 1731.143 1735.391 1739.638 1743.885 1748.133 1751.888 1755.529 1759.17 1762.81 1766.377 1769.735 1773.093 1776.45 1779.808 1782.865 1785.799 1788.733 1791.667 1794.239 1794.903 1795.567 1796.231 1796.896 1796.85 1796.348 1795.846 1795.344 1794.824 1794.011 1793.199 1792.386 1791.573 1791.132 1791.052 1790.972 1790.892 1790.811 1789.451 1788.033 1786.615
1699.057 1699.143 1699.23 1699.316 1699.403 1699.564 1699.783 1700.003 1700.222 1700.442 1700.69 1700.938 1701.186 1701.434 1702.68 1705.081 1707.481 1709.882 1712.282 1715.905 1719.644 1723.383 1727.122 1731.024 1735.213 1739.401 1743.589 1747.778 1751.339 1754.754 1758.17 1761.585 1764.941 1768.127 1771.313 1774.499 1777.685 1780.859 1784.029 1787.199 1790.369 1793.166 1793.991 1794.816 1795.641 1796.466 1796.552 1796.163 1795.774 1795.385 1794.962 1794.005 1793.047 1792.09 1791.132 1790.478 1790.119 1789.76 1789.401 1789.041 1787.428 1785.757 1784.087
1699.007 1699.063 1699.12 1699.176 1699.233 1699.392 1699.63 1699.868 1700.106 1700.346 1700.698 1701.051 1701.403 1701.755 1703.067 1705.489 1707.911 1710.334 1712.756 1716.287 1719.923 1723.56 1727.196 1730.973 1734.998 1739.022 1743.047 1747.071 1750.391 1753.548 1756.706 1759.863 1762.991 1766.038 1769.086 1772.133 1775.18 1778.412 1781.719 1785.026 1788.333 1791.279 1792.319 1793.36 1794.4 1795.441 1795.695 1795.444 1795.192 1794.941 1794.645 1793.626 1792.608 1791.589 1790.57 1789.743 1789.103 1788.463 1787.823 1787.183 1785.353 1783.469 1781.586
1699.009 1699.087 1699.165 1699.243 1699.321 1699.557 1699.913 1700.269 1700.625 1700.984 1701.567 1702.15 1702.733 1703.316 1704.727 1707.095 1709.464 1711.832 1714.201 1717.477 1720.84 1724.203 1727.566 1731.042 1734.718 1738.394 1742.069 1745.745 1748.743 1751.583 1754.424 1757.264 1760.138 1763.105 1766.071 1769.038 1772.005 1775.187 1778.456 1781.726 1784.995 1787.959 1789.31 1790.662 1792.014 1793.366 1793.853 1793.784 1793.715 1793.646 1793.527 1792.594 1791.661 1790.728 1789.795 1788.867 1787.942 1787.017 1786.093 1785.168 1783.188 1781.159 1779.131
1699.012 1699.111 1699.211 1699.31 1699.41 1699.721 1700.195 1700.669 1701.143 1701.623 1702.436 1703.25 1704.063 1704.877 1706.387 1708.702 1711.016 1713.331 1715.646 1718.668 1721.757 1724.847 1727.936 1731.111 1734.438 1737.765 1741.092 1744.419 1747.094 1749.618 1752.142 1754.666 1757.285 1760.171 1763.057 1765.943 1768.83 1771.961 1775.193 1778.425 1781.657 1784.639 1786.302 1787.965 1789.628 1791.291 1792.01 1792.124 1792.237 1792.351 1792.409 1791.562 1790.715 1789.868 1789.02 1787.99 1786.781 1785.572 1784.363 1783.154 1781.023 1778.849 1776.676
1699.014 1699.135 1699.256 1699.377 1699.498 1699.885 1700.478 1701.07 1701.662 1702.261 1703.305 1704.349 1705.394 1706.438 1708.047 1710.308 1712.569 1714.83 1717.091 1719.859 1722.674 1725.49 1728.306 1731.18 1734.158 1737.136 1740.115 1743.093 1745.445 1747.653 1749.86 1752.068 1754.431 1757.237 1760.043 1762.849 1765.655 1768.736 1771.931 1775.125 1778.319 1781.319 1783.293 1785.267 1787.241 1789.216 1790.168 1790.464 1790.76 1791.056 1791.291 1790.529 1789.768 1789.007 1788.246 1787.113 1785.62 1784.126 1782.633 1781.14 1778.858 1776.539 1774.221
1699.016 1699.159 1699.301 1699.444 1699.586 1700.05 1700.76 1701.47 1702.18 1702.899 1704.174 1705.449 1706.724 1707.999 1709.706 1711.914 1714.121 1716.329 1718.537 1721.05 1723.592 1726.134 1728.675 1731.249 1733.879 1736.508 1739.137 1741.767 1743.797 1745.688 1747.579 1749.469 1751.578 1754.303 1757.029 1759.754 1762.479 1765.511 1768.668 1771.825 1774.981 1777.999 1780.285 1782.57 1784.855 1787.141 1788.326 1788.804 1789.283 1789.761 1790.172 1789.497 1788.822 1788.146 1787.471 1786.236 1784.459 1782.681 1780.903 1779.126 1776.693 1774.229 1771.766
1699.017 1699.163 1699.31 1699.456 1699.603 1700.061 1700.759 1701.456 1702.154 1702.86 1704.108 1705.357 1706.606 1707.855 1709.463 1711.486 1713.509 1715.533 1717.556 1719.938 1722.354 1724.771 1727.187 1729.581 1731.936 1734.291 1736.645 1739.0 1740.799 1742.469 1744.139 1745.809 1747.78 1750.604 1753.427 1756.251 1759.074 1762.284 1765.651 1769.019 1772.386 1775.634 1778.252 1780.871 1783.489 1786.107 1787.632 1788.454 1789.276 1790.098 1790.832 1790.151 1789.47 1788.789 1788.108 1786.802 1784.888 1782.974 1781.06 1779.146 1776.643 1774.114 1771.584
1699.017 1699.163 1699.31 1699.456 1699.603 1700.037 1700.691 1701.346 1702.001 1702.663 1703.826 1704.989 1706.152 1707.315 1708.777 1710.586 1712.395 1714.203 1716.012 1718.292 1720.617 1722.943 1725.268 1727.51 1729.607 1731.705 1733.802 1735.899 1737.488 1738.96 1740.432 1741.903 1743.764 1746.727 1749.689 1752.652 1755.615 1759.056 1762.692 1766.327 1769.963 1773.49 1776.447 1779.403 1782.359 1785.316 1787.205 1788.407 1789.61 1790.813 1791.905 1791.197 1790.49 1789.782 1789.074 1787.703 1785.687 1783.671 1781.655 1779.639 1777.085 1774.508 1771.93
1699.017 1699.163 1699.31 1699.456 1699.603 1700.012 1700.624 1701.236 1701.848 1702.466 1703.543 1704.621 1705.698 1706.775 1708.092 1709.686 1711.28 1712.874 1714.468 1716.646 1718.88 1721.114 1723.348 1725.439 1727.279 1729.118 1730.958 1732.798 1734.177 1735.451 1736.724 1737.997 1739.747 1742.849 1745.952 1749.054 1752.156 1755.828 1759.732 1763.636 1767.54 1771.347 1774.641 1777.935 1781.23 1784.524 1786.777 1788.361 1789.945 1791.529 1792.978 1792.243 1791.509 1790.774 1790.039 1788.603 1786.485 1784.367 1782.25 1780.132 1777.528 1774.901 1772.275
1699.017 1699.163 1699.31 1699.456 1699.603 1699.988 1700.557 1701.126 1701.695 1702.27 1703.261 1704.252 1705.244 1706.235 1707.406 1708.786 1710.165 1711.544 1712.924 1715.0 1717.143 1719.286 1721.429 1723.368 1724.95 1726.532 1728.114 1729.697 1730.867 1731.941 1733.016 1734.09 1735.73 1738.972 1742.214 1745.456 1748.698 1752.6 1756.773 1760.945 1765.117 1769.203 1772.836 1776.468 1780.1 1783.733 1786.35 1788.315 1790.279 1792.244 1794.051 1793.289 1792.528 1791.766 1791.005 1789.504 1787.284 1785.064 1782.844 1780.625 1777.97 1775.295 1772.621
1699.017 1699.163 1699.31 1699.456 1699.603 1699.955 1700.466 1700.976 1701.487 1702.003 1702.886 1703.769 1704.652 1705.535 1706.55 1707.718 1708.885 1710.053 1711.22 1713.171 1715.196 1717.221 1719.246 1721.019 1722.351 1723.682 1725.014 1726.346 1727.368 1728.318 1729.268 1730.218 1731.816 1735.251 1738.686 1742.12 1745.555 1749.727 1754.199 1758.672 1763.145 1767.532 1771.467 1775.403 1779.338 1783.273 1786.187 1788.443 1790.699 1792.955 1795.037 1794.289 1793.541 1792.794 1792.046 1790.522 1788.243 1785.965 1783.687 1781.408 1778.706 1775.985 1773.264
1699.017 1699.163 1699.31 1699.456 1699.603 1699.898 1700.306 1700.715 1701.123 1701.536 1702.248 1702.959 1703.671 1704.382 1705.21 1706.174 1707.138 1708.101 1709.065 1710.822 1712.653 1714.485 1716.317 1717.884 1718.985 1720.086 1721.186 1722.287 1723.336 1724.372 1725.408 1726.444 1728.195 1731.973 1735.751 1739.529 1743.307 1747.856 1752.721 1757.585 1762.449 1767.198 1771.337 1775.477 1779.616 1783.755 1786.771 1789.065 1791.358 1793.652 1795.777 1795.158 1794.539 1793.92 1793.301 1791.873 1789.659 1787.445 1785.231 1783.017 1780.277 1777.512 1774.748
1699.017 1699.163 1699.31 1699.456 1699.603 1699.84 1700.147 1700.453 1700.76 1701.07 1701.61 1702.149 1702.689 1703.229 1703.87 1704.63 1705.39 1706.15 1706.91 1708.472 1710.111 1711.749 1713.388 1714.748 1715.618 1716.489 1717.359 1718.229 1719.303 1720.425 1721.547 1722.669 1724.573 1728.695 1732.816 1736.937 1741.059 1745.986 1751.242 1756.498 1761.754 1766.864 1771.208 1775.551 1779.894 1784.237 1787.355 1789.687 1792.018 1794.349 1796.516 1796.026 1795.536 1795.046 1794.556 1793.224 1791.074 1788.925 1786.775 1784.626 1781.847 1779.04 1776.233
1699.017 1699.163 1699.31 1699.456 1699.603 1699.782 1699.987 1700.192 1700.397 1700.604 1700.972 1701.34 1701.708 1702.076 1702.531 1703.087 1703.643 1704.199 1704.755 1706.123 1707.568 1709.014 1710.459 1711.613 1712.252 1712.892 1713.531 1714.171 1715.271 1716.479 1717.687 1718.894 1720.952 1725.417 1729.881 1734.346 1738.811 1744.115 1749.763 1755.411 1761.058 1766.531 1771.078 1775.625 1780.172 1784.719 1787.94 1790.308 1792.677 1795.046 1797.256 1796.895 1796.534 1796.172 1795.811 1794.575 1792.49 1790.405 1788.319 1786.234 1783.417 1780.567 1777.717
1699.017 1699.163 1699.31 1699.456 1699.603 1699.725 1699.828 1699.93 1700.033 1700.137 1700.334 1700.53 1700.726 1700.922 1701.191 1701.543 1701.895 1702.247 1702.599 1703.773 1705.026 1706.278 1707.531 1708.477 1708.886 1709.295 1709.703 1710.112 1711.239 1712.533 1713.826 1715.12 1717.33 1722.138 1726.946 1731.755 1736.563 1742.245 1748.284 1754.324 1760.363 1766.197 1770.948 1775.699 1780.45 1785.2 1788.524 1790.931 1793.337 1795.743 1797.996 1797.764 1797.531 1797.298 1797.066 1795.926 1793.905 1791.885 1789.864 1787.843 1784.988 1782.095 1779.202
1699.017 1699.163 1699.31 1699.456 1699.603 1699.708 1699.781 1699.854 1699.928 1700.002 1700.125 1700.249 1700.373 1700.496 1700.677 1700.925 1701.172 1701.419 1701.667 1702.61 1703.62 1704.629 1705.639 1706.387 1706.676 1706.964 1707.253 1707.541 1708.629 1709.901 1711.174 1712.447 1714.68 1719.633 1724.587 1729.54 1734.493 1740.242 1746.314 1752.387 1758.46 1764.35 1769.279 1774.207 1779.135 1784.063 1787.574 1790.174 1792.774 1795.374 1797.82 1797.77 1797.719 1797.669 1797.618 1796.615 1794.685 1792.755 1790.825 1788.896 1786.127 1783.321 1780.514
1699.017 1699.163 1699.31 1699.456 1699.603 1699.708 1699.781 1699.854 1699.928 1700.001 1700.093 1700.184 1700.276 1700.367 1700.501 1700.684 1700.867 1701.05 1701.233 1701.93 1702.677 1703.424 1704.171 1704.724 1704.938 1705.151 1705.364 1705.578 1706.599 1707.807 1709.016 1710.224 1712.426 1717.444 1722.461 1727.479 1732.497 1738.184 1744.144 1750.104 1756.064 1761.887 1766.981 1772.075 1777.17 1782.264 1785.997 1788.855 1791.712 1794.57 1797.271 1797.424 1797.577 1797.731 1797.884 1797.032 1795.205 1793.377 1791.549 1789.721 1787.091 1784.424 1781.757
1699.017 1699.163 1699.31 1699.456 1699.603 1699.708 1699.781 1699.854 1699.928 1700.001 1700.06 1700.119 1700.179 1700.238 1700.325 1700.443 1700.562 1700.68 1700.799 1701.251 1701.735 1702.219 1702.702 1703.061 1703.199 1703.338 1703.476 1703.614 1704.569 1705.713 1706.857 1708.001 1710.172 1715.254 1720.336 1725.418 1730.5 1736.126 1741.974 1747.821 1753.669 1759.423 1764.683 1769.944 1775.205 1780.466 1784.42 1787.535 1790.651 1793.766 1796.721 1797.078 1797.435 1797.793 1798.15 1797.45 1795.725 1793.999 1792.273 1790.547 1788.054 1785.527 1783.0
1699.017 1699.163 1699.31 1699.456 1699.603 1699.708 1699.781 1699.854 1699.928 1700.0 1700.027 1700.055 1700.082 1700.109 1700.148 1700.202 1700.256 1700.311 1700.365 1700.571 1700.792 1701.013 1701.234 1701.398 1701.461 1701.524 1701.587 1701.651 1702.539 1703.618 1704.698 1705.777 1707.918 1713.065 1718.211 1723.358 1728.504 1734.068 1739.803 1745.538 1751.273 1756.959 1762.386 1767.813 1773.24 1778.667 1782.844 1786.216 1789.589 1792.962 1796.171 1796.732 1797.293 1797.854 1798.416 1797.868 1796.245 1794.621 1792.997 1791.373 1789.018 1786.63 1784.242
1699.017 1699.165 1699.314 1699.462 1699.61 1699.715 1699.786 1699.858 1699.929 1700.0 1700.0 1700.0 1700.0 1700.0 1700.0 1700.0 1700.0 1700.0 1700.0 1700.0 1700.0 1700.0 1700.0 1700.0 1700.0 1700.0 1700.0 1700.0 1700.856 1701.911 1702.965 1704.02 1706.146 1711.309 1716.472 1721.635 1726.798 1732.269 1737.867 1743.464 1749.061 1754.647 1760.171 1765.695 1771.219 1776.744 1781.088 1784.675 1788.261 1791.848 1795.272 1796.052 1796.833 1797.613 1798.394 1798.013 1796.506 1794.999 1793.491 1791.984 1789.795 1787.576 1785.357
