data/zism_data/00657_01_D.txt
ncols         224
nrows         224
[rows 56 to 83 of 224, columns 63 to 125 of 224]
1412.57 1414.944 1417.319 1419.693 1422.38 1425.889 1429.398 1432.907 1436.416 1437.051 1436.593 1436.135 1435.678 1434.281 1428.419 1422.557 1416.695 1410.834 1408.408 1408.059 1407.711 1407.362 1407.015 1406.688 1406.362 1406.035 1405.708 1405.12 1404.292 1403.464 1402.636 1401.808 1401.425 1401.055 1400.684 1400.314 1400.09 1400.068 1400.046 1400.025 1400.003 1400.007 1400.015 1400.023 1400.031 1400.044 1400.071 1400.097 1400.123 1400.15 1400.166 1400.179 1400.192 1400.205 1400.226 1400.273 1400.32 1400.368 1400.415 1400.547 1400.72 1400.894 1401.068
1419.774 1422.738 1425.703 1428.667 1431.791 1435.334 1438.877 1442.42 1445.963 1446.451 1445.777 1445.103 1444.429 1442.773 1436.448 1430.123 1423.798 1417.473 1415.074 1415.048 1415.022 1414.997 1414.928 1414.304 1413.68 1413.056 1412.432 1411.262 1409.59 1407.919 1406.248 1404.577 1403.708 1402.864 1402.019 1401.175 1400.622 1400.471 1400.321 1400.17 1400.02 1400.0 1400.0 1400.0 1400.0 1400.0 1400.0 1400.0 1400.0 1400.0 1400.0 1400.0 1400.0 1400.0 1400.0 1400.0 1400.0 1400.0 1400.0 1400.0 1400.0 1400.0 1400.0
1431.032 1434.598 1438.163 1441.728 1445.142 1448.159 1451.176 1454.193 1457.21 1457.321 1456.328 1455.336 1454.343 1452.464 1446.379 1440.293 1434.207 1428.121 1426.263 1426.96 1427.657 1428.354 1428.918 1427.784 1426.65 1425.516 1424.382 1422.199 1419.056 1415.913 1412.769 1409.626 1407.889 1406.194 1404.499 1402.804 1401.654 1401.253 1400.853 1400.453 1400.052 1400.0 1400.0 1400.0 1400.0 1400.0 1400.0 1400.0 1400.0 1400.0 1400.0 1400.0 1400.0 1400.0 1400.0 1400.0 1400.0 1400.0 1400.0 1400.0 1400.0 1400.0 1400.0
1442.291 1446.457 1450.623 1454.788 1458.493 1460.984 1463.474 1465.965 1468.456 1468.191 1466.88 1465.568 1464.256 1462.156 1456.31 1450.463 1444.616 1438.77 1437.452 1438.871 1440.291 1441.711 1442.909 1441.265 1439.62 1437.976 1436.332 1433.137 1428.521 1423.906 1419.291 1414.675 1412.07 1409.525 1406.979 1404.434 1402.686 1402.035 1401.385 1400.735 1400.085 1400.0 1400.0 1400.0 1400.0 1400.0 1400.0 1400.0 1400.0 1400.0 1400.0 1400.0 1400.0 1400.0 1400.0 1400.0 1400.0 1400.0 1400.0 1400.0 1400.0 1400.0 1400.0
1453.55 1458.316 1463.083 1467.849 1471.844 1473.808 1475.773 1477.738 1479.702 1479.062 1477.431 1475.801 1474.17 1471.848 1466.24 1460.633 1455.026 1449.418 1448.641 1450.783 1452.926 1455.069 1456.9 1454.745 1452.591 1450.436 1448.281 1444.075 1437.987 1431.899 1425.812 1419.724 1416.251 1412.855 1409.459 1406.064 1403.717 1402.817 1401.917 1401.017 1400.117 1400.0 1400.0 1400.0 1400.0 1400.0 1400.0 1400.0 1400.0 1400.0 1400.0 1400.0 1400.0 1400.0 1400.0 1400.0 1400.0 1400.0 1400.0 1400.0 1400.0 1400.0 1400.0
1464.809 1470.176 1475.542 1480.909 1485.194 1486.633 1488.071 1489.51 1490.948 1489.932 1487.983 1486.033 1484.084 1481.54 1476.171 1470.803 1465.435 1460.067 1459.829 1462.695 1465.56 1468.426 1470.891 1468.226 1465.561 1462.896 1460.231 1455.012 1447.453 1439.893 1432.333 1424.773 1420.431 1416.185 1411.94 1407.694 1404.749 1403.599 1402.45 1401.3 1400.15 1400.0 1400.0 1400.0 1400.0 1400.0 1400.0 1400.0 1400.0 1400.0 1400.0 1400.0 1400.0 1400.0 1400.0 1400.0 1400.0 1400.0 1400.0 1400.0 1400.0 1400.0 1400.0
1473.948 1478.657 1483.365 1488.074 1491.766 1492.785 1493.804 1494.823 1495.842 1494.676 1492.678 1490.681 1488.684 1486.203 1481.422 1476.642 1471.861 1467.08 1466.948 1469.626 1472.304 1474.982 1477.275 1474.627 1471.98 1469.333 1466.685 1461.414 1453.738 1446.061 1438.385 1430.708 1425.961 1421.3 1416.64 1411.979 1408.563 1406.863 1405.163 1403.464 1401.764 1401.273 1400.963 1400.653 1400.343 1400.123 1400.094 1400.065 1400.036 1400.007 1400.0 1400.0 1400.0 1400.0 1400.0 1400.0 1400.0 1400.0 1400.0 1400.0 1400.0 1400.0 1400.0
1482.88 1486.808 1490.735 1494.662 1497.676 1498.286 1498.896 1499.505 1500.115 1498.82 1496.802 1494.783 1492.765 1490.374 1486.215 1482.057 1477.898 1473.739 1473.669 1476.071 1478.472 1480.874 1482.915 1480.337 1477.758 1475.18 1472.602 1467.372 1459.712 1452.051 1444.391 1436.73 1431.622 1426.589 1421.557 1416.524 1412.649 1410.37 1408.091 1405.812 1403.532 1402.67 1402.02 1401.37 1400.72 1400.258 1400.197 1400.136 1400.075 1400.014 1400.0 1400.0 1400.0 1400.0 1400.0 1400.0 1400.0 1400.0 1400.0 1400.0 1400.0 1400.0 1400.0
1491.812 1494.958 1498.105 1501.251 1503.586 1503.786 1503.987 1504.187 1504.388 1502.965 1500.925 1498.885 1496.846 1494.546 1491.009 1487.472 1483.935 1480.398 1480.39 1482.515 1484.64 1486.766 1488.555 1486.046 1483.537 1481.028 1478.519 1473.33 1465.686 1458.041 1450.397 1442.752 1437.283 1431.878 1426.474 1421.069 1416.735 1413.876 1411.018 1408.159 1405.301 1404.067 1403.077 1402.087 1401.097 1400.393 1400.3 1400.207 1400.114 1400.021 1400.0 1400.0 1400.0 1400.0 1400.0 1400.0 1400.0 1400.0 1400.0 1400.0 1400.0 1400.0 1400.0
1500.745 1503.109 1505.474 1507.839 1509.495 1509.286 1509.078 1508.869 1508.66 1507.109 1505.048 1502.987 1500.927 1498.717 1495.802 1492.887 1489.972 1487.056 1487.11 1488.959 1490.808 1492.657 1494.196 1491.755 1489.315 1486.875 1484.435 1479.288 1471.66 1464.031 1456.402 1448.774 1442.944 1437.167 1431.391 1425.614 1420.82 1417.383 1413.945 1410.507 1407.069 1405.464 1404.134 1402.804 1401.474 1400.528 1400.403 1400.278 1400.154 1400.029 1400.0 1400.0 1400.0 1400.0 1400.0 1400.0 1400.0 1400.0 1400.0 1400.0 1400.0 1400.0 1400.0
1508.303 1509.978 1511.652 1513.327 1514.394 1513.862 1513.33 1512.798 1512.266 1510.609 1508.525 1506.441 1504.357 1502.202 1499.708 1497.215 1494.721 1492.227 1492.226 1493.731 1495.236 1496.741 1497.966 1495.597 1493.227 1490.858 1488.489 1483.426 1475.894 1468.362 1460.831 1453.299 1447.249 1441.244 1435.238 1429.233 1424.131 1420.276 1416.42 1412.565 1408.71 1406.792 1405.166 1403.539 1401.912 1400.748 1400.571 1400.395 1400.218 1400.041 1400.0 1400.0 1400.0 1400.0 1400.0 1400.0 1400.0 1400.0 1400.0 1400.0 1400.0 1400.0 1400.0
1512.901 1514.082 1515.262 1516.442 1517.113 1516.443 1515.772 1515.102 1514.432 1512.718 1510.608 1508.497 1506.387 1504.208 1501.703 1499.199 1496.694 1494.19 1493.88 1494.896 1495.913 1496.929 1497.705 1495.411 1493.116 1490.821 1488.526 1483.64 1476.379 1469.118 1461.858 1454.597 1448.633 1442.707 1436.781 1430.856 1425.771 1421.846 1417.922 1413.997 1410.073 1407.971 1406.142 1404.314 1402.485 1401.153 1400.881 1400.608 1400.336 1400.063 1400.0 1400.0 1400.0 1400.0 1400.0 1400.0 1400.0 1400.0 1400.0 1400.0 1400.0 1400.0 1400.0
1517.5 1518.186 1518.872 1519.558 1519.832 1519.024 1518.215 1517.407 1516.598 1514.827 1512.69 1510.553 1508.416 1506.213 1503.698 1501.183 1498.668 1496.153 1495.534 1496.062 1496.589 1497.117 1497.445 1495.224 1493.004 1490.783 1488.563 1483.854 1476.864 1469.875 1462.885 1455.895 1450.016 1444.17 1438.324 1432.478 1427.411 1423.417 1419.423 1415.43 1411.436 1409.15 1407.119 1405.089 1403.058 1401.558 1401.19 1400.822 1400.453 1400.085 1400.0 1400.0 1400.0 1400.0 1400.0 1400.0 1400.0 1400.0 1400.0 1400.0 1400.0 1400.0 1400.0
1522.098 1522.289 1522.481 1522.673 1522.551 1521.605 1520.658 1519.711 1518.765 1516.936 1514.773 1512.609 1510.445 1508.219 1505.693 1503.168 1500.642 1498.116 1497.189 1497.227 1497.266 1497.304 1497.184 1495.038 1492.892 1490.746 1488.6 1484.068 1477.349 1470.631 1463.912 1457.193 1451.4 1445.633 1439.867 1434.101 1429.051 1424.988 1420.925 1416.862 1412.8 1410.329 1408.096 1405.864 1403.631 1401.963 1401.499 1401.035 1400.571 1400.108 1400.0 1400.0 1400.0 1400.0 1400.0 1400.0 1400.0 1400.0 1400.0 1400.0 1400.0 1400.0 1400.0
1526.696 1526.393 1526.091 1525.788 1525.27 1524.186 1523.101 1522.016 1520.931 1519.045 1516.855 1514.665 1512.475 1510.224 1507.688 1505.152 1502.616 1500.079 1498.843 1498.392 1497.942 1497.492 1496.924 1494.852 1492.78 1490.708 1488.637 1484.282 1477.834 1471.387 1464.939 1458.492 1452.783 1447.096 1441.41 1435.723 1430.69 1426.558 1422.427 1418.295 1414.163 1411.507 1409.073 1406.639 1404.204 1402.368 1401.808 1401.249 1400.689 1400.13 1400.0 1400.0 1400.0 1400.0 1400.0 1400.0 1400.0 1400.0 1400.0 1400.0 1400.0 1400.0 1400.0
1530.507 1529.837 1529.167 1528.497 1527.656 1526.364 1525.072 1523.779 1522.487 1520.497 1518.242 1515.987 1513.732 1511.398 1508.694 1505.99 1503.285 1500.581 1498.845 1497.694 1496.543 1495.393 1494.155 1491.804 1489.453 1487.103 1484.752 1480.249 1473.773 1467.296 1460.82 1454.344 1448.917 1443.522 1438.126 1432.731 1427.992 1424.16 1420.328 1416.496 1412.664 1410.269 1408.09 1405.911 1403.731 1402.09 1401.596 1401.102 1400.608 1400.115 1400.0 1400.0 1400.0 1400.0 1400.0 1400.0 1400.0 1400.0 1400.0 1400.131 1400.327 1400.522 1400.718
1534.017 1533.028 1532.039 1531.05 1529.913 1528.387 1526.861 1525.335 1523.809 1521.697 1519.362 1517.027 1514.693 1512.254 1509.321 1506.388 1503.455 1500.522 1498.213 1496.281 1494.349 1492.417 1490.425 1487.659 1484.894 1482.129 1479.363 1474.587 1467.967 1461.348 1454.728 1448.108 1443.038 1438.015 1432.991 1427.968 1423.631 1420.24 1416.849 1413.458 1410.067 1408.104 1406.355 1404.607 1402.858 1401.55 1401.184 1400.817 1400.451 1400.085 1400.0 1400.0 1400.0 1400.0 1400.0 1400.0 1400.0 1400.0 1400.0 1400.311 1400.778 1401.245 1401.712
1537.526 1536.218 1534.911 1533.603 1532.171 1530.411 1528.651 1526.891 1525.131 1522.897 1520.482 1518.068 1515.653 1513.109 1509.947 1506.786 1503.624 1500.463 1497.581 1494.868 1492.154 1489.441 1486.694 1483.514 1480.334 1477.155 1473.975 1468.925 1462.162 1455.399 1448.636 1441.873 1437.16 1432.508 1427.857 1423.205 1419.269 1416.319 1413.37 1410.42 1407.47 1405.939 1404.621 1403.302 1401.984 1401.01 1400.771 1400.533 1400.294 1400.055 1400.0 1400.0 1400.0 1400.0 1400.0 1400.0 1400.0 1400.0 1400.0 1400.492 1401.23 1401.968 1402.706
1541.036 1539.409 1537.782 1536.156 1534.428 1532.434 1530.441 1528.447 1526.453 1524.097 1521.603 1519.108 1516.614 1513.964 1510.574 1507.184 1503.794 1500.404 1496.949 1493.454 1489.96 1486.465 1482.964 1479.369 1475.775 1472.18 1468.586 1463.263 1456.357 1449.45 1442.543 1435.637 1431.281 1427.002 1422.722 1418.443 1414.907 1412.399 1409.89 1407.382 1404.873 1403.774 1402.886 1401.998 1401.11 1400.47 1400.359 1400.248 1400.137 1400.026 1400.0 1400.0 1400.0 1400.0 1400.0 1400.0 1400.0 1400.0 1400.0 1400.673 1401.682 1402.691 1403.7
1544.376 1542.433 1540.491 1538.548 1536.527 1534.303 1532.078 1529.853 1527.628 1525.152 1522.581 1520.01 1517.438 1514.688 1511.087 1507.485 1503.884 1500.282 1496.262 1491.988 1487.715 1483.441 1479.184 1475.134 1471.083 1467.033 1462.983 1457.403 1450.421 1443.438 1436.456 1429.474 1425.518 1421.653 1417.788 1413.923 1410.813 1408.744 1406.675 1404.607 1402.538 1401.834 1401.336 1400.838 1400.339 1400.0 1400.0 1400.0 1400.0 1400.0 1400.006 1400.015 1400.023 1400.031 1400.059 1400.16 1400.26 1400.361 1400.462 1401.421 1402.809 1404.197 1405.585
1546.573 1544.333 1542.092 1539.852 1537.557 1535.12 1532.683 1530.245 1527.808 1525.231 1522.601 1519.972 1517.342 1514.526 1510.829 1507.132 1503.435 1499.738 1495.205 1490.166 1485.127 1480.088 1475.068 1470.284 1465.5 1460.717 1455.933 1450.202 1443.602 1437.003 1430.403 1423.803 1420.54 1417.377 1414.213 1411.05 1408.527 1406.889 1405.25 1403.612 1401.974 1401.424 1401.037 1400.65 1400.263 1400.0 1400.0 1400.0 1400.0 1400.0 1400.055 1400.127 1400.199 1400.271 1400.519 1401.401 1402.283 1403.165 1404.047 1406.007 1408.506 1411.005 1413.504
1548.77 1546.232 1543.694 1541.156 1538.587 1535.937 1533.287 1530.637 1527.987 1525.31 1522.621 1519.933 1517.245 1514.365 1510.572 1506.779 1502.986 1499.193 1494.147 1488.343 1482.539 1476.735 1470.951 1465.434 1459.917 1454.4 1448.883 1443.001 1436.784 1430.567 1424.35 1418.133 1415.562 1413.1 1410.638 1408.176 1406.241 1405.033 1403.825 1402.618 1401.41 1401.013 1400.738 1400.463 1400.187 1400.0 1400.0 1400.0 1400.0 1400.0 1400.104 1400.24 1400.376 1400.512 1400.979 1402.643 1404.306 1405.969 1407.632 1410.593 1414.202 1417.812 1421.422
1550.967 1548.131 1545.296 1542.46 1539.617 1536.755 1533.892 1531.029 1528.167 1525.388 1522.641 1519.895 1517.148 1514.203 1510.314 1506.426 1502.537 1498.649 1493.09 1486.52 1479.951 1473.381 1466.835 1460.585 1454.334 1448.084 1441.833 1435.8 1429.965 1424.131 1418.297 1412.462 1410.583 1408.823 1407.063 1405.302 1403.955 1403.178 1402.4 1401.623 1400.846 1400.602 1400.438 1400.275 1400.111 1400.0 1400.0 1400.0 1400.0 1400.0 1400.153 1400.353 1400.552 1400.752 1401.44 1403.884 1406.328 1408.773 1411.217 1415.179 1419.899 1424.62 1429.34
1553.164 1550.03 1546.897 1543.764 1540.647 1537.572 1534.497 1531.422 1528.346 1525.467 1522.662 1519.856 1517.051 1514.041 1510.057 1506.073 1502.089 1498.105 1492.032 1484.698 1477.363 1470.028 1462.719 1455.735 1448.751 1441.767 1434.783 1428.599 1423.147 1417.695 1412.243 1406.791 1405.605 1404.546 1403.487 1402.428 1401.669 1401.322 1400.975 1400.628 1400.282 1400.191 1400.139 1400.087 1400.035 1400.0 1400.0 1400.0 1400.0 1400.0 1400.202 1400.466 1400.729 1400.992 1401.9 1405.125 1408.351 1411.576 1414.802 1419.765 1425.596 1431.427 1437.259
1553.869 1550.338 1546.808 1543.278 1539.854 1536.712 1533.569 1530.426 1527.283 1524.413 1521.646 1518.879 1516.112 1513.114 1509.023 1504.932 1500.841 1496.75 1490.346 1482.545 1474.743 1466.941 1459.171 1451.797 1444.423 1437.05 1429.677 1423.557 1418.587 1413.618 1408.648 1403.678 1402.906 1402.259 1401.612 1400.964 1400.535 1400.405 1400.276 1400.146 1400.017 1400.0 1400.0 1400.0 1400.0 1400.005 1400.022 1400.04 1400.057 1400.074 1400.702 1401.515 1402.328 1403.141 1404.756 1409.258 1413.759 1418.26 1422.761 1428.25 1434.231 1440.213 1446.194
1553.276 1549.262 1545.248 1541.234 1537.476 1534.392 1531.307 1528.223 1525.139 1522.373 1519.728 1517.083 1514.439 1511.522 1507.314 1503.106 1498.898 1494.69 1488.113 1480.104 1472.095 1464.086 1456.117 1448.653 1441.189 1433.725 1426.261 1420.395 1415.994 1411.593 1407.192 1402.791 1402.19 1401.702 1401.215 1400.727 1400.403 1400.305 1400.208 1400.11 1400.013 1400.0 1400.0 1400.0 1400.0 1400.016 1400.065 1400.114 1400.162 1400.211 1401.594 1403.38 1405.166 1406.952 1409.698 1415.906 1422.113 1428.32 1434.528 1440.127 1445.423 1450.719 1456.015
1552.682 1548.185 1543.688 1539.19 1535.098 1532.072 1529.046 1526.02 1522.994 1520.333 1517.811 1515.288 1512.766 1509.929 1505.604 1501.28 1496.955 1492.63 1485.88 1477.663 1469.447 1461.231 1453.063 1445.508 1437.954 1430.4 1422.846 1417.234 1413.401 1409.569 1405.737 1401.904 1401.474 1401.146 1400.818 1400.489 1400.271 1400.206 1400.14 1400.074 1400.009 1400.0 1400.0 1400.0 1400.0 1400.026 1400.107 1400.187 1400.268 1400.349 1402.487 1405.245 1408.003 1410.762 1414.641 1422.554 1430.467 1438.38 1446.294 1452.005 1456.615 1461.226 1465.836
1552.089 1547.108 1542.127 1537.146 1532.719 1529.752 1526.785 1523.817 1520.85 1518.293 1515.893 1513.493 1511.092 1508.337 1503.895 1499.453 1495.011 1490.569 1483.646 1475.223 1466.799 1458.376 1450.009 1442.364 1434.72 1427.075 1419.431 1414.072 1410.808 1407.544 1404.281 1401.017 1400.758 1400.589 1400.421 1400.252 1400.14 1400.106 1400.072 1400.038 1400.004 1400.0 1400.0 1400.0 1400.0 1400.036 1400.149 1400.261 1400.374 1400.487 1403.379 1407.11 1410.841 1414.572 1419.583 1429.202 1438.822 1448.441 1458.06 1463.883 1467.808 1471.732 1475.657
