data/zism_data/00658_04_D.txt
ncols         224
nrows         224
[rows 0 to 30 of 224, columns 69 to 137 of 224]
1121.093 1120.852 1120.621 1120.433 1120.246 1120.058 1119.871 1119.794 1119.781 1119.767 1119.753 1119.722 1119.507 1119.293 1119.078 1118.863 1118.538 1118.117 1117.696 1117.275 1116.854 1116.463 1116.071 1115.68 1115.288 1115.005 1114.863 1114.721 1114.578 1114.436 1114.618 1114.842 1115.066 1115.289 1115.702 1116.492 1117.283 1118.073 1118.863 1119.744 1120.65 1121.556 1122.462 1123.378 1124.327 1125.276 1126.225 1127.174 1127.865 1128.435 1129.005 1129.575 1129.826 1127.951 1126.076 1124.2 1122.325 1120.395 1118.424 1116.454 1114.484 1112.556 1112.057 1111.557 1111.057 1110.558 1110.707 1111.564 1112.421
1121.774 1121.522 1121.285 1121.114 1120.943 1120.771 1120.6 1120.533 1120.524 1120.516 1120.508 1120.484 1120.296 1120.108 1119.92 1119.732 1119.431 1119.032 1118.633 1118.233 1117.834 1117.49 1117.147 1116.804 1116.461 1116.238 1116.171 1116.104 1116.037 1115.97 1116.227 1116.527 1116.826 1117.125 1117.516 1118.091 1118.666 1119.241 1119.816 1120.393 1120.971 1121.548 1122.126 1122.719 1123.361 1124.003 1124.645 1125.288 1125.518 1125.555 1125.592 1125.63 1125.38 1123.214 1121.047 1118.881 1116.715 1114.885 1113.296 1111.708 1110.12 1108.574 1108.435 1108.296 1108.157 1108.018 1108.526 1109.738 1110.95
1122.455 1122.192 1121.949 1121.794 1121.639 1121.484 1121.329 1121.271 1121.268 1121.265 1121.262 1121.246 1121.085 1120.924 1120.763 1120.602 1120.325 1119.947 1119.569 1119.191 1118.813 1118.518 1118.223 1117.929 1117.634 1117.471 1117.48 1117.488 1117.496 1117.505 1117.837 1118.212 1118.586 1118.961 1119.331 1119.69 1120.05 1120.41 1120.769 1121.042 1121.292 1121.541 1121.79 1122.06 1122.395 1122.73 1123.066 1123.401 1123.171 1122.675 1122.18 1121.684 1120.932 1118.476 1116.019 1113.563 1111.106 1109.374 1108.168 1106.962 1105.756 1104.592 1104.813 1105.035 1105.257 1105.479 1106.344 1107.911 1109.479
1123.124 1122.838 1122.581 1122.45 1122.318 1122.187 1122.055 1122.008 1122.008 1122.008 1122.008 1121.996 1121.865 1121.733 1121.601 1121.47 1121.225 1120.881 1120.537 1120.193 1119.849 1119.585 1119.321 1119.058 1118.794 1118.68 1118.762 1118.843 1118.924 1119.005 1119.404 1119.844 1120.284 1120.724 1121.088 1121.3 1121.511 1121.723 1121.935 1121.933 1121.871 1121.81 1121.748 1121.707 1121.733 1121.759 1121.785 1121.811 1121.184 1120.25 1119.317 1118.383 1117.248 1114.767 1112.287 1109.807 1107.327 1105.772 1104.888 1104.005 1103.121 1102.278 1102.823 1103.368 1103.913 1104.458 1105.612 1107.43 1109.247
1123.78 1123.457 1123.175 1123.076 1122.977 1122.878 1122.778 1122.742 1122.742 1122.742 1122.742 1122.734 1122.635 1122.535 1122.436 1122.337 1122.132 1121.837 1121.542 1121.246 1120.951 1120.698 1120.445 1120.192 1119.939 1119.862 1120.013 1120.165 1120.316 1120.467 1120.921 1121.415 1121.909 1122.403 1122.779 1122.921 1123.063 1123.204 1123.346 1123.101 1122.749 1122.397 1122.045 1121.708 1121.422 1121.136 1120.85 1120.564 1119.613 1118.351 1117.089 1115.827 1114.443 1112.249 1110.054 1107.859 1105.664 1104.375 1103.745 1103.114 1102.483 1101.895 1102.719 1103.544 1104.369 1105.194 1106.555 1108.502 1110.449
1124.436 1124.075 1123.769 1123.702 1123.635 1123.568 1123.501 1123.477 1123.477 1123.477 1123.477 1123.471 1123.404 1123.337 1123.271 1123.204 1123.04 1122.793 1122.546 1122.299 1122.053 1121.81 1121.568 1121.326 1121.084 1121.044 1121.265 1121.486 1121.707 1121.929 1122.438 1122.986 1123.534 1124.081 1124.47 1124.542 1124.614 1124.686 1124.758 1124.27 1123.627 1122.984 1122.342 1121.709 1121.111 1120.512 1119.914 1119.316 1118.042 1116.452 1114.862 1113.271 1111.639 1109.73 1107.82 1105.91 1104.001 1102.979 1102.601 1102.224 1101.846 1101.511 1102.615 1103.72 1104.825 1105.929 1107.499 1109.575 1111.651
1125.093 1124.693 1124.363 1124.328 1124.294 1124.259 1124.224 1124.212 1124.212 1124.212 1124.212 1124.209 1124.174 1124.14 1124.105 1124.07 1123.948 1123.75 1123.551 1123.353 1123.154 1122.923 1122.692 1122.461 1122.229 1122.225 1122.516 1122.808 1123.099 1123.39 1123.956 1124.557 1125.159 1125.76 1126.162 1126.164 1126.165 1126.167 1126.169 1125.439 1124.505 1123.572 1122.638 1121.71 1120.8 1119.889 1118.979 1118.068 1116.471 1114.553 1112.634 1110.715 1108.835 1107.211 1105.586 1103.962 1102.338 1101.583 1101.458 1101.333 1101.208 1101.127 1102.512 1103.896 1105.281 1106.665 1108.442 1110.648 1112.853
1125.749 1125.312 1124.957 1124.955 1124.952 1124.95 1124.948 1124.947 1124.947 1124.947 1124.947 1124.947 1124.944 1124.942 1124.94 1124.937 1124.856 1124.706 1124.556 1124.406 1124.256 1124.036 1123.816 1123.595 1123.375 1123.407 1123.768 1124.129 1124.49 1124.852 1125.473 1126.128 1126.784 1127.439 1127.853 1127.785 1127.717 1127.649 1127.58 1126.608 1125.383 1124.159 1122.935 1121.711 1120.489 1119.266 1118.043 1116.821 1114.9 1112.653 1110.407 1108.16 1106.031 1104.692 1103.353 1102.014 1100.675 1100.186 1100.314 1100.442 1100.571 1100.743 1102.408 1104.072 1105.737 1107.401 1109.386 1111.721 1114.055
1126.683 1126.318 1126.022 1126.022 1126.022 1126.022 1126.022 1126.022 1126.022 1126.022 1126.022 1126.022 1126.022 1126.022 1126.022 1126.022 1125.955 1125.828 1125.702 1125.575 1125.448 1125.245 1125.04 1124.835 1124.63 1124.691 1125.098 1125.504 1125.91 1126.316 1126.942 1127.596 1128.25 1128.904 1129.334 1129.316 1129.298 1129.279 1129.261 1128.408 1127.322 1126.237 1125.151 1124.037 1122.826 1121.616 1120.406 1119.196 1117.47 1115.504 1113.538 1111.572 1109.685 1108.327 1106.968 1105.61 1104.251 1103.771 1103.928 1104.084 1104.241 1104.445 1106.265 1108.084 1109.904 1111.723 1113.653 1115.702 1117.752
1127.639 1127.355 1127.125 1127.125 1127.125 1127.125 1127.125 1127.125 1127.125 1127.125 1127.125 1127.125 1127.125 1127.125 1127.125 1127.125 1127.068 1126.963 1126.858 1126.753 1126.648 1126.461 1126.272 1126.084 1125.895 1125.984 1126.433 1126.882 1127.332 1127.781 1128.406 1129.055 1129.704 1130.353 1130.799 1130.84 1130.881 1130.922 1130.963 1130.257 1129.344 1128.43 1127.517 1126.544 1125.371 1124.199 1123.026 1121.853 1120.364 1118.726 1117.088 1115.451 1113.844 1112.442 1111.041 1109.639 1108.238 1107.746 1107.913 1108.08 1108.247 1108.467 1110.431 1112.396 1114.361 1116.326 1118.179 1119.911 1121.643
1128.595 1128.392 1128.227 1128.227 1128.227 1128.227 1128.227 1128.227 1128.227 1128.227 1128.227 1128.227 1128.227 1128.227 1128.227 1128.227 1128.182 1128.099 1128.015 1127.932 1127.848 1127.677 1127.505 1127.332 1127.16 1127.276 1127.769 1128.261 1128.753 1129.245 1129.871 1130.515 1131.158 1131.802 1132.264 1132.364 1132.464 1132.564 1132.665 1132.106 1131.365 1130.624 1129.883 1129.051 1127.916 1126.781 1125.646 1124.511 1123.258 1121.948 1120.639 1119.329 1118.002 1116.557 1115.113 1113.668 1112.224 1111.72 1111.898 1112.076 1112.254 1112.488 1114.598 1116.708 1118.818 1120.929 1122.706 1124.12 1125.534
1129.551 1129.428 1129.329 1129.329 1129.329 1129.329 1129.329 1129.329 1129.329 1129.329 1129.329 1129.329 1129.329 1129.329 1129.329 1129.329 1129.296 1129.234 1129.172 1129.11 1129.048 1128.893 1128.737 1128.58 1128.424 1128.569 1129.104 1129.639 1130.175 1130.71 1131.336 1131.974 1132.612 1133.25 1133.729 1133.888 1134.048 1134.207 1134.366 1133.956 1133.387 1132.818 1132.25 1131.558 1130.461 1129.364 1128.266 1127.169 1126.151 1125.17 1124.189 1123.208 1122.16 1120.673 1119.185 1117.698 1116.21 1115.694 1115.883 1116.072 1116.26 1116.509 1118.765 1121.02 1123.276 1125.531 1127.232 1128.329 1129.426
1130.453 1130.377 1130.316 1130.316 1130.316 1130.316 1130.316 1130.32 1130.327 1130.333 1130.339 1130.346 1130.359 1130.371 1130.384 1130.397 1130.381 1130.34 1130.3 1130.26 1130.219 1130.095 1129.97 1129.844 1129.719 1129.887 1130.438 1130.99 1131.541 1132.092 1132.724 1133.367 1134.011 1134.654 1135.162 1135.399 1135.637 1135.874 1136.112 1135.845 1135.438 1135.031 1134.624 1134.078 1133.076 1132.073 1131.07 1130.068 1129.285 1128.604 1127.924 1127.244 1126.47 1125.068 1123.665 1122.263 1120.861 1120.346 1120.474 1120.602 1120.73 1120.919 1123.147 1125.375 1127.603 1129.831 1131.389 1132.217 1133.044
1131.271 1131.19 1131.125 1131.125 1131.125 1131.125 1131.125 1131.139 1131.161 1131.184 1131.206 1131.231 1131.276 1131.321 1131.365 1131.41 1131.421 1131.402 1131.383 1131.365 1131.346 1131.275 1131.203 1131.132 1131.06 1131.247 1131.771 1132.296 1132.82 1133.344 1133.992 1134.657 1135.322 1135.987 1136.545 1136.89 1137.235 1137.58 1137.925 1137.796 1137.534 1137.272 1137.01 1136.619 1135.8 1134.98 1134.16 1133.34 1132.792 1132.37 1131.948 1131.526 1131.014 1129.897 1128.78 1127.663 1126.546 1126.051 1126.007 1125.962 1125.918 1125.931 1127.863 1129.795 1131.727 1133.659 1134.971 1135.604 1136.238
1132.089 1132.003 1131.933 1131.933 1131.933 1131.933 1131.933 1131.958 1131.996 1132.035 1132.073 1132.115 1132.193 1132.27 1132.347 1132.424 1132.461 1132.464 1132.467 1132.469 1132.472 1132.455 1132.437 1132.419 1132.401 1132.607 1133.104 1133.602 1134.099 1134.596 1135.261 1135.947 1136.633 1137.319 1137.928 1138.381 1138.833 1139.286 1139.739 1139.746 1139.63 1139.514 1139.397 1139.16 1138.523 1137.887 1137.25 1136.613 1136.299 1136.135 1135.972 1135.808 1135.558 1134.726 1133.895 1133.063 1132.231 1131.756 1131.54 1131.323 1131.107 1130.944 1132.58 1134.216 1135.852 1137.488 1138.552 1138.992 1139.432
1132.907 1132.815 1132.741 1132.741 1132.741 1132.741 1132.741 1132.776 1132.831 1132.886 1132.94 1133.0 1133.109 1133.219 1133.328 1133.438 1133.502 1133.526 1133.55 1133.574 1133.599 1133.634 1133.67 1133.706 1133.742 1133.967 1134.438 1134.908 1135.378 1135.849 1136.529 1137.237 1137.944 1138.652 1139.311 1139.871 1140.432 1140.992 1141.553 1141.697 1141.726 1141.755 1141.784 1141.701 1141.247 1140.794 1140.34 1139.886 1139.806 1139.901 1139.996 1140.091 1140.102 1139.556 1139.009 1138.463 1137.917 1137.462 1137.073 1136.684 1136.295 1135.957 1137.297 1138.636 1139.976 1141.317 1142.133 1142.38 1142.626
1133.725 1133.628 1133.549 1133.549 1133.549 1133.549 1133.549 1133.595 1133.666 1133.737 1133.807 1133.885 1134.026 1134.168 1134.31 1134.452 1134.542 1134.588 1134.634 1134.679 1134.725 1134.814 1134.904 1134.994 1135.084 1135.327 1135.771 1136.214 1136.657 1137.101 1137.797 1138.526 1139.256 1139.985 1140.694 1141.362 1142.03 1142.698 1143.366 1143.648 1143.822 1143.996 1144.171 1144.242 1143.971 1143.7 1143.43 1143.159 1143.313 1143.667 1144.02 1144.373 1144.646 1144.385 1144.124 1143.863 1143.602 1143.167 1142.606 1142.045 1141.484 1140.969 1142.013 1143.057 1144.101 1145.145 1145.715 1145.767 1145.82
1134.439 1134.359 1134.295 1134.295 1134.295 1134.295 1134.295 1134.342 1134.415 1134.488 1134.561 1134.641 1134.788 1134.934 1135.081 1135.227 1135.331 1135.398 1135.466 1135.533 1135.6 1135.788 1135.978 1136.167 1136.357 1136.667 1137.134 1137.602 1138.069 1138.536 1139.213 1139.918 1140.623 1141.328 1142.006 1142.629 1143.253 1143.877 1144.501 1144.815 1145.042 1145.27 1145.497 1145.626 1145.428 1145.23 1145.032 1144.833 1144.986 1145.303 1145.62 1145.937 1146.19 1146.011 1145.833 1145.655 1145.476 1145.126 1144.65 1144.175 1143.699 1143.261 1144.059 1144.858 1145.656 1146.455 1146.868 1146.86 1146.852
1135.134 1135.077 1135.03 1135.03 1135.03 1135.03 1135.03 1135.077 1135.15 1135.223 1135.296 1135.376 1135.522 1135.669 1135.815 1135.962 1136.077 1136.166 1136.255 1136.344 1136.432 1136.727 1137.024 1137.322 1137.619 1138.004 1138.504 1139.003 1139.502 1140.002 1140.654 1141.327 1141.999 1142.672 1143.305 1143.859 1144.413 1144.966 1145.52 1145.848 1146.114 1146.379 1146.644 1146.814 1146.67 1146.526 1146.381 1146.237 1146.348 1146.579 1146.81 1147.041 1147.225 1147.095 1146.965 1146.835 1146.705 1146.45 1146.104 1145.757 1145.411 1145.091 1145.652 1146.214 1146.776 1147.338 1147.609 1147.563 1147.518
1135.83 1135.794 1135.765 1135.765 1135.765 1135.765 1135.765 1135.811 1135.885 1135.958 1136.031 1136.111 1136.257 1136.404 1136.55 1136.697 1136.824 1136.934 1137.044 1137.155 1137.265 1137.666 1138.071 1138.476 1138.881 1139.341 1139.873 1140.404 1140.936 1141.468 1142.095 1142.736 1143.376 1144.016 1144.604 1145.088 1145.572 1146.056 1146.54 1146.882 1147.185 1147.488 1147.791 1148.002 1147.912 1147.821 1147.731 1147.641 1147.71 1147.855 1148.0 1148.145 1148.26 1148.178 1148.097 1148.016 1147.934 1147.774 1147.557 1147.34 1147.122 1146.921 1147.246 1147.571 1147.896 1148.221 1148.35 1148.267 1148.184
1136.526 1136.511 1136.5 1136.5 1136.5 1136.5 1136.5 1136.546 1136.619 1136.693 1136.766 1136.846 1136.992 1137.139 1137.285 1137.432 1137.57 1137.702 1137.834 1137.966 1138.097 1138.605 1139.117 1139.63 1140.143 1140.678 1141.242 1141.806 1142.37 1142.933 1143.536 1144.144 1144.752 1145.36 1145.904 1146.318 1146.731 1147.145 1147.559 1147.916 1148.256 1148.597 1148.938 1149.191 1149.154 1149.117 1149.081 1149.044 1149.072 1149.131 1149.19 1149.248 1149.295 1149.262 1149.229 1149.196 1149.163 1149.098 1149.01 1148.922 1148.834 1148.751 1148.839 1148.927 1149.015 1149.104 1149.092 1148.971 1148.85
1137.305 1137.305 1137.303 1137.292 1137.282 1137.272 1137.261 1137.299 1137.364 1137.428 1137.493 1137.565 1137.715 1137.865 1138.015 1138.165 1138.321 1138.483 1138.645 1138.807 1138.969 1139.554 1140.145 1140.736 1141.327 1141.914 1142.495 1143.076 1143.656 1144.237 1144.8 1145.36 1145.92 1146.481 1146.97 1147.317 1147.665 1148.012 1148.359 1148.704 1149.048 1149.392 1149.736 1150.0 1150.0 1150.0 1150.0 1150.0 1150.0 1150.0 1150.0 1150.0 1150.0 1150.0 1150.0 1150.0 1150.0 1150.0 1150.0 1150.0 1150.0 1149.998 1149.918 1149.837 1149.757 1149.677 1149.561 1149.406 1149.251
1138.26 1138.26 1138.252 1138.209 1138.167 1138.124 1138.081 1138.09 1138.128 1138.166 1138.203 1138.252 1138.412 1138.573 1138.734 1138.895 1139.082 1139.292 1139.503 1139.713 1139.923 1140.525 1141.132 1141.74 1142.347 1142.936 1143.5 1144.065 1144.63 1145.194 1145.684 1146.163 1146.643 1147.122 1147.538 1147.826 1148.114 1148.402 1148.691 1148.968 1149.242 1149.516 1149.79 1150.0 1150.0 1150.0 1150.0 1150.0 1150.0 1150.0 1150.0 1150.0 1150.0 1150.0 1150.0 1150.0 1150.0 1150.0 1150.0 1150.0 1150.0 1149.997 1149.895 1149.794 1149.692 1149.59 1149.45 1149.268 1149.086
1139.215 1139.215 1139.201 1139.126 1139.051 1138.976 1138.901 1138.881 1138.892 1138.903 1138.914 1138.939 1139.11 1139.281 1139.453 1139.624 1139.843 1140.102 1140.36 1140.619 1140.878 1141.496 1142.12 1142.743 1143.366 1143.957 1144.506 1145.054 1145.603 1146.151 1146.568 1146.966 1147.365 1147.764 1148.106 1148.335 1148.564 1148.793 1149.022 1149.231 1149.435 1149.639 1149.843 1150.0 1150.0 1150.0 1150.0 1150.0 1150.0 1150.0 1150.0 1150.0 1150.0 1150.0 1150.0 1150.0 1150.0 1150.0 1150.0 1150.0 1150.0 1149.996 1149.873 1149.75 1149.627 1149.504 1149.339 1149.131 1148.922
1140.17 1140.17 1140.15 1140.043 1139.936 1139.829 1139.721 1139.672 1139.656 1139.64 1139.624 1139.625 1139.808 1139.99 1140.172 1140.354 1140.604 1140.911 1141.218 1141.525 1141.833 1142.467 1143.107 1143.747 1144.386 1144.979 1145.511 1146.044 1146.576 1147.109 1147.452 1147.77 1148.088 1148.406 1148.674 1148.844 1149.014 1149.183 1149.353 1149.495 1149.629 1149.763 1149.897 1150.0 1150.0 1150.0 1150.0 1150.0 1150.0 1150.0 1150.0 1150.0 1150.0 1150.0 1150.0 1150.0 1150.0 1150.0 1150.0 1150.0 1150.0 1149.996 1149.851 1149.706 1149.562 1149.417 1149.229 1148.993 1148.757
1141.126 1141.126 1141.099 1140.96 1140.82 1140.681 1140.542 1140.464 1140.421 1140.378 1140.335 1140.312 1140.505 1140.698 1140.891 1141.084 1141.364 1141.72 1142.076 1142.432 1142.787 1143.439 1144.094 1144.75 1145.406 1146.001 1146.517 1147.033 1147.55 1148.066 1148.335 1148.573 1148.81 1149.047 1149.242 1149.353 1149.464 1149.574 1149.685 1149.759 1149.823 1149.887 1149.951 1150.0 1150.0 1150.0 1150.0 1150.0 1150.0 1150.0 1150.0 1150.0 1150.0 1150.0 1150.0 1150.0 1150.0 1150.0 1150.0 1150.0 1150.0 1149.995 1149.829 1149.663 1149.496 1149.33 1149.118 1148.855 1148.592
1141.863 1141.888 1141.877 1141.709 1141.542 1141.374 1141.207 1141.107 1141.045 1140.984 1140.922 1140.885 1141.101 1141.318 1141.534 1141.751 1142.052 1142.427 1142.801 1143.176 1143.55 1144.185 1144.823 1145.461 1146.099 1146.667 1147.141 1147.616 1148.091 1148.566 1148.782 1148.964 1149.145 1149.327 1149.475 1149.556 1149.637 1149.718 1149.799 1149.848 1149.888 1149.929 1149.969 1150.0 1150.0 1150.0 1150.0 1150.0 1150.0 1150.0 1150.0 1150.0 1150.0 1150.0 1150.0 1150.0 1150.0 1150.0 1150.0 1150.0 1150.0 1149.995 1149.815 1149.636 1149.457 1149.277 1149.059 1148.799 1148.539
1142.539 1142.597 1142.607 1142.412 1142.218 1142.023 1141.829 1141.709 1141.631 1141.553 1141.476 1141.426 1141.67 1141.913 1142.156 1142.399 1142.719 1143.104 1143.49 1143.875 1144.261 1144.869 1145.48 1146.091 1146.702 1147.233 1147.66 1148.086 1148.512 1148.939 1149.106 1149.24 1149.373 1149.506 1149.615 1149.674 1149.734 1149.793 1149.852 1149.888 1149.918 1149.948 1149.977 1150.0 1150.0 1150.0 1150.0 1150.0 1150.0 1150.0 1150.0 1150.0 1150.0 1150.0 1150.0 1150.0 1150.0 1150.0 1150.0 1150.0 1150.0 1149.995 1149.804 1149.614 1149.424 1149.234 1149.016 1148.766 1148.517
1143.215 1143.305 1143.336 1143.115 1142.894 1142.672 1142.451 1142.311 1142.217 1142.123 1142.03 1141.967 1142.238 1142.508 1142.778 1143.048 1143.386 1143.782 1144.178 1144.575 1144.971 1145.552 1146.137 1146.721 1147.305 1147.8 1148.178 1148.556 1148.934 1149.312 1149.431 1149.516 1149.601 1149.686 1149.755 1149.793 1149.83 1149.868 1149.906 1149.929 1149.948 1149.967 1149.985 1150.0 1150.0 1150.0 1150.0 1150.0 1150.0 1150.0 1150.0 1150.0 1150.0 1150.0 1150.0 1150.0 1150.0 1150.0 1150.0 1150.0 1150.0 1149.994 1149.793 1149.592 1149.392 1149.191 1148.972 1148.733 1148.495
1143.892 1144.014 1144.066 1143.818 1143.569 1143.321 1143.073 1142.913 1142.803 1142.693 1142.583 1142.509 1142.806 1143.103 1143.4 1143.697 1144.053 1144.46 1144.867 1145.274 1145.681 1146.236 1146.794 1147.351 1147.909 1148.367 1148.696 1149.026 1149.355 1149.685 1149.755 1149.792 1149.828 1149.865 1149.895 1149.911 1149.927 1149.943 1149.96 1149.969 1149.978 1149.986 1149.994 1150.0 1150.0 1150.0 1150.0 1150.0 1150.0 1150.0 1150.0 1150.0 1150.0 1150.0 1150.0 1150.0 1150.0 1150.0 1150.0 1150.0 1150.0 1149.994 1149.782 1149.571 1149.359 1149.147 1148.928 1148.7 1148.472
1144.582 1144.729 1144.796 1144.522 1144.248 1143.974 1143.701 1143.52 1143.393 1143.265 1143.138 1143.05 1143.37 1143.69 1144.01 1144.33 1144.699 1145.112 1145.524 1145.937 1146.349 1146.863 1147.379 1147.895 1148.411 1148.827 1149.112 1149.397 1149.682 1149.967 1150.0 1150.0 1150.0 1150.0 1150.0 1150.0 1150.0 1150.0 1150.0 1150.0 1150.0 1150.0 1150.0 1150.0 1150.0 1150.0 1150.0 1150.0 1150.0 1150.0 1150.0 1150.0 1150.0 1150.0 1150.0 1150.0 1150.0 1149.995 1149.987 1149.979 1149.972 1149.958 1149.746 1149.534 1149.322 1149.11 1148.901 1148.693 1148.485
