data/zism_data/00657_03_D.txt
ncols         224
nrows         224
[rows 56 to 83 of 224, columns 64 to 127 of 224]
1501.403 1502.172 1502.94 1503.98 1505.732 1507.484 1509.237 1510.989 1510.107 1508.224 1506.341 1504.459 1502.792 1502.154 1501.516 1500.878 1500.24 1500.26 1500.677 1501.094 1501.511 1501.888 1501.76 1501.631 1501.503 1501.375 1501.163 1500.874 1500.586 1500.297 1500.008 1504.872 1509.89 1514.907 1519.925 1527.135 1537.368 1547.602 1557.835 1568.069 1577.452 1586.707 1595.962 1605.217 1613.324 1618.977 1624.631 1630.284 1635.938 1640.872 1645.589 1650.306 1655.023 1659.664 1664.029 1668.395 1672.76 1677.125 1676.512 1673.409 1670.306 1667.203 1663.662 1656.781
1501.864 1502.884 1503.905 1505.24 1507.402 1509.564 1511.726 1513.888 1512.818 1510.52 1508.222 1505.925 1503.873 1502.988 1502.103 1501.218 1500.333 1500.175 1500.455 1500.735 1501.016 1501.27 1501.183 1501.097 1501.011 1500.925 1500.782 1500.588 1500.394 1500.2 1500.006 1505.652 1511.474 1517.295 1523.116 1530.966 1541.615 1552.263 1562.911 1573.56 1582.718 1591.653 1600.588 1609.522 1617.448 1623.217 1628.986 1634.755 1640.524 1645.698 1650.694 1655.69 1660.685 1665.52 1669.775 1674.03 1678.285 1682.54 1681.623 1678.121 1674.62 1671.118 1667.112 1659.27
1502.324 1503.597 1504.869 1506.5 1509.071 1511.643 1514.215 1516.786 1515.529 1512.816 1510.104 1507.391 1504.953 1503.821 1502.69 1501.558 1500.426 1500.09 1500.233 1500.377 1500.521 1500.651 1500.607 1500.563 1500.519 1500.474 1500.401 1500.302 1500.202 1500.102 1500.003 1506.433 1513.057 1519.682 1526.307 1534.797 1545.861 1556.924 1567.987 1579.051 1587.985 1596.599 1605.213 1613.828 1621.572 1627.456 1633.341 1639.225 1645.11 1650.525 1655.799 1661.073 1666.347 1671.375 1675.52 1679.665 1683.81 1687.954 1686.735 1682.834 1678.933 1675.032 1670.562 1661.759
1502.784 1504.309 1505.834 1507.76 1510.741 1513.723 1516.704 1519.685 1518.24 1515.112 1511.984 1508.857 1506.033 1504.655 1503.276 1501.898 1500.519 1500.005 1500.012 1500.019 1500.026 1500.033 1500.031 1500.028 1500.026 1500.024 1500.02 1500.015 1500.01 1500.005 1500.0 1507.213 1514.641 1522.069 1529.498 1538.628 1550.107 1561.585 1573.063 1584.542 1593.251 1601.545 1609.839 1618.133 1625.695 1631.695 1637.696 1643.696 1649.696 1655.352 1660.904 1666.457 1672.009 1677.231 1681.266 1685.3 1689.334 1693.369 1691.847 1687.547 1683.246 1678.946 1674.012 1664.248
1505.027 1507.52 1510.013 1512.702 1515.904 1519.106 1522.308 1525.51 1523.59 1519.724 1515.859 1511.993 1508.463 1506.53 1504.596 1502.662 1500.729 1500.0 1500.0 1500.0 1500.0 1500.0 1500.0 1500.0 1500.0 1500.0 1500.0 1500.0 1500.0 1500.0 1500.0 1507.081 1514.373 1521.665 1528.957 1538.022 1549.532 1561.043 1572.553 1584.064 1592.507 1600.491 1608.474 1616.458 1623.681 1629.279 1634.878 1640.476 1646.075 1651.813 1657.594 1663.375 1669.156 1674.644 1679.075 1683.506 1687.938 1692.369 1690.743 1686.088 1681.434 1676.779 1671.456 1661.039
1507.371 1510.872 1514.374 1517.85 1521.263 1524.675 1528.087 1531.499 1529.089 1524.467 1519.845 1515.223 1510.969 1508.463 1505.957 1503.45 1500.944 1500.0 1500.0 1500.0 1500.0 1500.0 1500.0 1500.0 1500.0 1500.0 1500.0 1500.0 1500.0 1500.0 1500.0 1506.897 1514.0 1521.103 1528.206 1537.166 1548.687 1560.208 1571.729 1583.25 1591.425 1599.099 1606.772 1614.446 1621.321 1626.488 1631.656 1636.824 1641.992 1647.804 1653.811 1659.818 1665.825 1671.582 1676.438 1681.295 1686.152 1691.008 1689.29 1684.283 1679.276 1674.27 1668.563 1657.509
1509.714 1514.224 1518.734 1522.999 1526.621 1530.244 1533.866 1537.488 1534.588 1529.21 1523.831 1518.453 1513.474 1510.396 1507.317 1504.239 1501.16 1500.0 1500.0 1500.0 1500.0 1500.0 1500.0 1500.0 1500.0 1500.0 1500.0 1500.0 1500.0 1500.0 1500.0 1506.714 1513.627 1520.541 1527.455 1536.31 1547.841 1559.373 1570.904 1582.436 1590.343 1597.707 1605.071 1612.434 1618.96 1623.698 1628.435 1633.172 1637.909 1643.795 1650.028 1656.261 1662.493 1668.519 1673.802 1679.083 1684.366 1689.648 1687.836 1682.478 1677.119 1671.761 1665.669 1653.98
1512.058 1517.576 1523.094 1528.148 1531.98 1535.813 1539.645 1543.478 1540.087 1533.952 1527.818 1521.683 1515.98 1512.329 1508.678 1505.027 1501.376 1500.0 1500.0 1500.0 1500.0 1500.0 1500.0 1500.0 1500.0 1500.0 1500.0 1500.0 1500.0 1500.0 1500.0 1506.53 1513.255 1519.98 1526.704 1535.454 1546.996 1558.538 1570.08 1581.622 1589.261 1596.315 1603.369 1610.422 1616.6 1620.907 1625.213 1629.52 1633.826 1639.786 1646.245 1652.703 1659.162 1665.457 1671.165 1676.872 1682.579 1688.287 1686.383 1680.672 1674.962 1669.252 1662.775 1650.451
1515.026 1521.574 1528.122 1533.925 1537.766 1541.606 1545.447 1549.287 1545.376 1538.519 1531.663 1524.806 1518.41 1514.204 1509.998 1505.791 1501.585 1500.002 1500.005 1500.008 1500.011 1500.014 1500.016 1500.017 1500.019 1500.021 1500.019 1500.014 1500.01 1500.005 1500.0 1506.127 1512.438 1518.748 1525.058 1533.473 1544.789 1556.105 1567.421 1578.737 1586.119 1592.911 1599.704 1606.496 1612.378 1616.313 1620.249 1624.184 1628.119 1634.014 1640.499 1646.985 1653.47 1659.854 1665.873 1671.892 1677.91 1683.929 1681.969 1676.019 1670.07 1664.12 1657.394 1644.745
1519.464 1527.094 1534.724 1541.183 1544.556 1547.929 1551.302 1554.675 1550.171 1542.673 1535.175 1527.678 1520.663 1515.942 1511.221 1506.5 1501.779 1500.009 1500.022 1500.036 1500.049 1500.063 1500.069 1500.076 1500.083 1500.09 1500.082 1500.062 1500.042 1500.021 1500.001 1505.209 1510.574 1515.939 1521.304 1528.841 1539.375 1549.908 1560.441 1570.975 1578.127 1584.772 1591.418 1598.063 1603.771 1607.475 1611.179 1614.883 1618.588 1624.089 1630.134 1636.178 1642.223 1648.271 1654.331 1660.392 1666.452 1672.513 1670.585 1664.661 1658.738 1652.815 1646.159 1633.914
1523.902 1532.614 1541.326 1548.44 1551.345 1554.251 1557.157 1560.062 1554.965 1546.826 1538.688 1530.549 1522.916 1517.68 1512.444 1507.209 1501.973 1500.015 1500.039 1500.063 1500.088 1500.111 1500.123 1500.135 1500.147 1500.159 1500.146 1500.11 1500.073 1500.037 1500.001 1504.291 1508.711 1513.13 1517.55 1524.21 1533.961 1543.711 1553.462 1563.213 1570.135 1576.634 1583.132 1589.63 1595.164 1598.637 1602.11 1605.583 1609.056 1614.166 1619.769 1625.372 1630.975 1636.687 1642.79 1648.892 1654.995 1661.098 1659.201 1653.304 1647.407 1641.51 1634.924 1623.083
1528.34 1538.134 1547.928 1555.697 1558.135 1560.573 1563.012 1565.45 1559.759 1550.98 1542.201 1533.421 1525.169 1519.418 1513.668 1507.917 1502.167 1500.022 1500.056 1500.091 1500.126 1500.159 1500.176 1500.194 1500.211 1500.228 1500.209 1500.157 1500.105 1500.053 1500.001 1503.373 1506.847 1510.322 1513.796 1519.579 1528.547 1537.515 1546.483 1555.451 1562.143 1568.494 1574.846 1581.197 1586.557 1589.799 1593.041 1596.283 1599.525 1604.241 1609.403 1614.565 1619.727 1625.103 1631.248 1637.393 1643.537 1649.682 1647.817 1641.946 1636.075 1630.205 1623.689 1612.252
1532.778 1543.654 1554.531 1562.955 1564.925 1566.896 1568.867 1570.837 1564.553 1555.133 1545.713 1536.293 1527.422 1521.156 1514.891 1508.626 1502.361 1500.028 1500.073 1500.119 1500.164 1500.207 1500.23 1500.252 1500.275 1500.297 1500.273 1500.205 1500.137 1500.07 1500.002 1502.455 1504.984 1507.513 1510.041 1514.947 1523.133 1531.318 1539.503 1547.689 1554.151 1560.355 1566.559 1572.764 1577.949 1580.96 1583.971 1586.982 1589.993 1594.318 1599.038 1603.759 1608.48 1613.519 1619.706 1625.893 1632.079 1638.266 1636.432 1630.588 1624.744 1618.899 1612.453 1601.422
1538.46 1549.791 1561.121 1569.487 1570.048 1570.61 1571.172 1571.733 1564.845 1555.125 1545.405 1535.685 1526.599 1520.521 1514.444 1508.367 1502.29 1500.052 1500.135 1500.218 1500.301 1500.382 1500.444 1500.506 1500.568 1500.63 1500.584 1500.439 1500.294 1500.149 1500.004 1501.855 1503.766 1505.677 1507.588 1511.642 1518.652 1525.662 1532.673 1539.683 1545.378 1550.876 1556.373 1561.871 1566.706 1570.128 1573.549 1576.97 1580.391 1585.176 1590.374 1595.571 1600.768 1606.144 1612.165 1618.186 1624.206 1630.227 1628.451 1622.776 1617.101 1611.426 1605.2 1594.767
1544.814 1556.26 1567.706 1575.627 1574.272 1572.917 1571.561 1570.206 1562.705 1552.87 1543.035 1533.199 1524.116 1518.606 1513.096 1507.586 1502.076 1500.084 1500.22 1500.355 1500.491 1500.625 1500.745 1500.865 1500.984 1501.104 1501.028 1500.773 1500.518 1500.263 1500.007 1501.427 1502.897 1504.366 1505.836 1509.051 1514.675 1520.299 1525.922 1531.546 1536.183 1540.673 1545.162 1549.651 1554.041 1558.218 1562.396 1566.573 1570.751 1576.458 1582.627 1588.796 1594.965 1601.041 1606.783 1612.525 1618.268 1624.01 1622.306 1616.877 1611.449 1606.021 1600.095 1590.366
1551.167 1562.729 1574.291 1581.768 1578.495 1575.223 1571.951 1568.678 1560.566 1550.615 1540.664 1530.714 1521.633 1516.691 1511.748 1506.805 1501.862 1500.117 1500.305 1500.493 1500.681 1500.868 1501.046 1501.223 1501.401 1501.578 1501.473 1501.107 1500.742 1500.376 1500.011 1500.999 1502.027 1503.055 1504.084 1506.461 1510.698 1514.935 1519.172 1523.409 1526.989 1530.47 1533.95 1537.431 1541.375 1546.309 1551.243 1556.176 1561.11 1567.739 1574.88 1582.02 1589.161 1595.937 1601.401 1606.865 1612.329 1617.793 1616.16 1610.979 1605.798 1600.617 1594.99 1585.964
1557.521 1569.198 1580.875 1587.908 1582.719 1577.53 1572.34 1567.151 1558.427 1548.36 1538.294 1528.228 1519.151 1514.775 1510.4 1506.024 1501.649 1500.15 1500.39 1500.631 1500.871 1501.112 1501.347 1501.582 1501.817 1502.053 1501.917 1501.441 1500.965 1500.49 1500.014 1500.57 1501.157 1501.745 1502.332 1503.87 1506.721 1509.571 1512.422 1515.272 1517.794 1520.266 1522.739 1525.211 1528.71 1534.4 1540.09 1545.78 1551.47 1559.02 1567.133 1575.245 1583.357 1590.833 1596.019 1601.205 1606.39 1611.576 1610.015 1605.081 1600.146 1595.212 1589.885 1581.563
1563.873 1575.664 1587.455 1594.043 1586.938 1579.833 1572.728 1565.622 1556.287 1546.106 1535.924 1525.742 1516.669 1512.86 1509.052 1505.243 1501.435 1500.183 1500.476 1500.769 1501.062 1501.355 1501.648 1501.941 1502.234 1502.527 1502.362 1501.776 1501.19 1500.604 1500.018 1500.143 1500.289 1500.435 1500.582 1501.282 1502.747 1504.212 1505.676 1507.141 1508.606 1510.071 1511.536 1513.002 1516.055 1522.501 1528.947 1535.393 1541.839 1550.311 1559.394 1568.477 1577.56 1585.735 1590.642 1595.549 1600.457 1605.364 1603.875 1599.188 1594.5 1589.813 1584.786 1577.169
1567.737 1578.11 1588.483 1593.883 1586.195 1578.506 1570.818 1563.13 1553.726 1543.67 1533.614 1523.558 1514.669 1511.317 1507.966 1504.614 1501.263 1500.235 1500.612 1500.989 1501.366 1501.75 1502.216 1502.683 1503.149 1503.616 1503.514 1502.891 1502.268 1501.646 1501.023 1500.912 1500.817 1500.722 1500.626 1501.054 1502.204 1503.353 1504.503 1505.652 1507.259 1508.934 1510.609 1512.285 1515.682 1522.759 1529.835 1536.911 1543.988 1552.416 1561.252 1570.088 1578.924 1586.813 1591.289 1595.766 1600.242 1604.718 1603.594 1599.668 1595.743 1591.817 1587.551 1580.69
1571.6 1580.555 1589.511 1593.723 1585.451 1577.18 1568.908 1560.637 1551.164 1541.234 1531.305 1521.375 1512.669 1509.774 1506.88 1503.985 1501.091 1500.287 1500.748 1501.21 1501.671 1502.145 1502.785 1503.424 1504.064 1504.704 1504.666 1504.006 1503.347 1502.687 1502.028 1501.681 1501.344 1501.008 1500.671 1500.826 1501.661 1502.495 1503.329 1504.164 1505.912 1507.797 1509.683 1511.568 1515.309 1523.016 1530.723 1538.429 1546.136 1554.521 1563.11 1571.699 1580.289 1587.89 1591.936 1595.982 1600.027 1604.073 1603.313 1600.149 1596.985 1593.821 1590.316 1584.211
1575.464 1583.001 1590.538 1593.562 1584.708 1575.853 1566.999 1558.145 1548.602 1538.799 1528.995 1519.191 1510.669 1508.231 1505.794 1503.356 1500.918 1500.34 1500.885 1501.43 1501.975 1502.54 1503.353 1504.166 1504.979 1505.792 1505.818 1505.122 1504.425 1503.729 1503.033 1502.451 1501.872 1501.294 1500.715 1500.598 1501.117 1501.637 1502.156 1502.675 1504.565 1506.66 1508.756 1510.851 1514.937 1523.274 1531.61 1539.947 1548.284 1556.625 1564.968 1573.31 1581.653 1588.968 1592.583 1596.198 1599.813 1603.428 1603.031 1600.629 1598.227 1595.824 1593.08 1587.732
1579.328 1585.447 1591.566 1593.401 1583.964 1574.527 1565.089 1555.652 1546.041 1536.363 1526.685 1517.008 1508.669 1506.688 1504.708 1502.727 1500.746 1500.392 1501.021 1501.65 1502.28 1502.935 1503.921 1504.908 1505.894 1506.88 1506.97 1506.237 1505.504 1504.771 1504.037 1503.22 1502.4 1501.58 1500.76 1500.37 1500.574 1500.778 1500.982 1501.187 1503.218 1505.523 1507.829 1510.134 1514.564 1523.531 1532.498 1541.465 1550.433 1558.73 1566.826 1574.922 1583.017 1590.045 1593.229 1596.414 1599.598 1602.783 1602.75 1601.109 1599.469 1597.828 1595.845 1591.253
1582.491 1587.449 1592.407 1593.367 1583.806 1574.244 1564.683 1555.121 1545.532 1535.932 1526.333 1516.733 1508.466 1506.532 1504.598 1502.663 1500.729 1500.454 1501.182 1501.91 1502.638 1503.398 1504.575 1505.751 1506.927 1508.104 1508.266 1507.498 1506.73 1505.962 1505.194 1504.125 1503.046 1501.968 1500.89 1500.294 1500.364 1500.435 1500.505 1500.575 1502.88 1505.519 1508.159 1510.798 1515.555 1524.836 1534.117 1543.398 1552.68 1560.819 1568.614 1576.409 1584.204 1590.915 1593.723 1596.53 1599.338 1602.145 1602.328 1601.199 1600.07 1598.941 1597.488 1593.565
1584.366 1588.636 1592.906 1593.565 1584.723 1575.881 1567.04 1558.198 1548.799 1539.189 1529.579 1519.968 1511.57 1508.926 1506.283 1503.64 1500.996 1500.532 1501.386 1502.24 1503.094 1503.988 1505.385 1506.782 1508.179 1509.576 1509.827 1509.028 1508.228 1507.429 1506.629 1505.278 1503.911 1502.544 1501.177 1500.497 1500.767 1501.037 1501.307 1501.577 1504.396 1507.598 1510.799 1514.001 1519.055 1528.068 1537.082 1546.095 1555.108 1562.879 1570.275 1577.671 1585.067 1591.404 1593.933 1596.463 1598.992 1601.521 1601.646 1600.569 1599.493 1598.416 1597.069 1593.656
1586.24 1589.822 1593.404 1593.764 1585.641 1577.519 1569.396 1561.274 1552.066 1542.445 1532.824 1523.204 1514.673 1511.321 1507.968 1504.616 1501.263 1500.611 1501.591 1502.571 1503.551 1504.577 1506.195 1507.813 1509.431 1511.048 1511.388 1510.557 1509.726 1508.895 1508.064 1506.432 1504.776 1503.12 1501.464 1500.701 1501.17 1501.64 1502.109 1502.579 1505.913 1509.676 1513.44 1517.203 1522.555 1531.301 1540.046 1548.791 1557.537 1564.939 1571.936 1578.932 1585.929 1591.894 1594.144 1596.395 1598.646 1600.896 1600.964 1599.94 1598.916 1597.892 1596.65 1593.746
1588.115 1591.009 1593.903 1593.962 1586.559 1579.156 1571.753 1564.35 1555.333 1545.702 1536.07 1526.439 1517.777 1513.715 1509.654 1505.592 1501.53 1500.689 1501.796 1502.902 1504.008 1505.167 1507.005 1508.844 1510.682 1512.52 1512.949 1512.087 1511.224 1510.362 1509.499 1507.586 1505.641 1503.695 1501.75 1500.904 1501.573 1502.242 1502.912 1503.581 1507.429 1511.755 1516.08 1520.406 1526.055 1534.533 1543.01 1551.488 1559.965 1566.999 1573.596 1580.193 1586.791 1592.383 1594.355 1596.327 1598.3 1600.272 1600.282 1599.31 1598.339 1597.367 1596.231 1593.837
1589.99 1592.196 1594.402 1594.16 1587.477 1580.793 1574.11 1567.427 1558.6 1548.958 1539.316 1529.675 1520.88 1516.109 1511.339 1506.568 1501.798 1500.768 1502.0 1503.232 1504.465 1505.757 1507.816 1509.875 1511.933 1513.992 1514.511 1513.617 1512.723 1511.828 1510.934 1508.739 1506.505 1504.271 1502.037 1501.108 1501.976 1502.845 1503.714 1504.583 1508.946 1513.833 1518.721 1523.609 1529.555 1537.765 1545.975 1554.184 1562.394 1569.058 1575.257 1581.455 1587.653 1592.872 1594.566 1596.26 1597.954 1599.648 1599.6 1598.681 1597.762 1596.843 1595.812 1593.927
1591.554 1593.408 1595.262 1594.92 1588.797 1582.674 1576.552 1570.429 1561.647 1551.854 1542.062 1532.269 1523.256 1517.942 1512.629 1507.315 1502.002 1500.886 1502.307 1503.728 1505.149 1506.64 1509.031 1511.421 1513.812 1516.202 1516.893 1516.027 1515.16 1514.294 1513.427 1510.812 1508.146 1505.479 1502.812 1501.699 1502.73 1503.762 1504.793 1505.825 1510.489 1515.698 1520.908 1526.117 1532.113 1539.788 1547.464 1555.14 1562.816 1569.027 1574.796 1580.566 1586.335 1591.179 1592.691 1594.202 1595.714 1597.225 1596.967 1595.823 1594.68 1593.536 1592.366 1590.995
