data/zism_data/00650_03_D.txt
ncols         224
nrows         224
[rows 112 to 139 of 224, columns 63 to 125 of 224]
1788.679 1790.666 1792.654 1794.641 1795.926 1795.364 1794.801 1794.238 1793.675 1792.422 1790.906 1789.39 1787.874 1786.533 1786.024 1785.516 1785.006 1784.497 1785.12 1786.428 1787.735 1789.042 1790.352 1791.698 1793.045 1794.391 1795.737 1796.725 1797.385 1798.045 1798.705 1799.365 1799.594 1799.81 1800.026 1800.242 1800.45 1800.646 1800.843 1801.04 1801.236 1801.433 1801.629 1801.826 1802.022 1802.171 1802.218 1802.264 1802.31 1802.356 1802.308 1802.231 1802.154 1802.077 1802.0 1801.923 1801.846 1801.769 1801.692 1801.569 1801.422 1801.276 1801.13
1790.528 1792.242 1793.956 1795.67 1796.755 1796.187 1795.619 1795.051 1794.482 1793.297 1791.878 1790.459 1789.04 1787.781 1787.289 1786.796 1786.303 1785.81 1786.409 1787.668 1788.927 1790.186 1791.444 1792.699 1793.954 1795.209 1796.464 1797.356 1797.914 1798.472 1799.03 1799.588 1799.798 1799.998 1800.198 1800.398 1800.599 1800.801 1801.003 1801.204 1801.406 1801.608 1801.81 1802.012 1802.214 1802.363 1802.399 1802.434 1802.47 1802.505 1802.442 1802.349 1802.256 1802.163 1802.07 1801.977 1801.884 1801.791 1801.698 1801.569 1801.422 1801.276 1801.13
1792.377 1793.818 1795.258 1796.698 1797.584 1797.01 1796.437 1795.863 1795.29 1794.173 1792.85 1791.528 1790.205 1789.03 1788.553 1788.076 1787.599 1787.122 1787.697 1788.908 1790.119 1791.329 1792.536 1793.7 1794.864 1796.028 1797.192 1797.986 1798.442 1798.898 1799.354 1799.811 1800.002 1800.186 1800.37 1800.554 1800.747 1800.955 1801.162 1801.369 1801.577 1801.784 1801.991 1802.198 1802.406 1802.555 1802.58 1802.605 1802.63 1802.655 1802.576 1802.467 1802.358 1802.249 1802.14 1802.031 1801.921 1801.812 1801.703 1801.569 1801.422 1801.276 1801.13
1794.227 1795.393 1796.56 1797.726 1798.412 1797.833 1797.255 1796.676 1796.097 1795.049 1793.823 1792.597 1791.371 1790.278 1789.817 1789.356 1788.895 1788.435 1788.985 1790.148 1791.31 1792.473 1793.629 1794.701 1795.774 1796.846 1797.919 1798.616 1798.971 1799.325 1799.679 1800.033 1800.206 1800.374 1800.542 1800.71 1800.896 1801.109 1801.322 1801.534 1801.747 1801.959 1802.172 1802.385 1802.598 1802.747 1802.761 1802.775 1802.789 1802.803 1802.711 1802.585 1802.46 1802.335 1802.209 1802.084 1801.959 1801.834 1801.708 1801.569 1801.422 1801.276 1801.13
1796.076 1796.969 1797.862 1798.755 1799.241 1798.657 1798.073 1797.488 1796.904 1795.925 1794.795 1793.666 1792.536 1791.526 1791.081 1790.636 1790.192 1789.747 1790.274 1791.388 1792.502 1793.616 1794.721 1795.702 1796.683 1797.665 1798.646 1799.247 1799.499 1799.751 1800.004 1800.256 1800.411 1800.562 1800.714 1800.865 1801.045 1801.263 1801.481 1801.699 1801.917 1802.135 1802.353 1802.571 1802.789 1802.939 1802.942 1802.946 1802.949 1802.953 1802.845 1802.703 1802.562 1802.421 1802.279 1802.138 1801.996 1801.855 1801.714 1801.569 1801.422 1801.276 1801.13
1796.79 1797.544 1798.299 1799.053 1799.458 1798.941 1798.425 1797.908 1797.392 1796.488 1795.437 1794.385 1793.334 1792.402 1792.036 1791.669 1791.303 1790.936 1791.428 1792.439 1793.45 1794.461 1795.463 1796.338 1797.214 1798.089 1798.965 1799.492 1799.701 1799.91 1800.119 1800.327 1800.508 1800.687 1800.866 1801.046 1801.24 1801.457 1801.673 1801.889 1802.105 1802.318 1802.53 1802.743 1802.955 1803.093 1803.071 1803.049 1803.027 1803.005 1802.887 1802.741 1802.594 1802.448 1802.298 1802.137 1801.976 1801.815 1801.654 1801.498 1801.344 1801.19 1801.036
1796.972 1797.651 1798.331 1799.01 1799.388 1798.974 1798.559 1798.145 1797.73 1796.905 1795.923 1794.942 1793.96 1793.104 1792.845 1792.586 1792.327 1792.068 1792.52 1793.402 1794.285 1795.167 1796.04 1796.803 1797.566 1798.329 1799.092 1799.557 1799.75 1799.942 1800.135 1800.328 1800.554 1800.782 1801.01 1801.237 1801.458 1801.669 1801.879 1802.09 1802.301 1802.504 1802.705 1802.907 1803.109 1803.229 1803.175 1803.121 1803.067 1803.013 1802.887 1802.741 1802.594 1802.448 1802.294 1802.111 1801.928 1801.746 1801.563 1801.393 1801.228 1801.064 1800.899
1797.154 1797.758 1798.363 1798.967 1799.319 1799.006 1798.693 1798.381 1798.068 1797.321 1796.41 1795.498 1794.586 1793.807 1793.655 1793.503 1793.351 1793.199 1793.612 1794.365 1795.119 1795.872 1796.618 1797.268 1797.919 1798.569 1799.219 1799.622 1799.798 1799.975 1800.152 1800.328 1800.601 1800.877 1801.153 1801.429 1801.676 1801.881 1802.086 1802.292 1802.497 1802.69 1802.881 1803.072 1803.263 1803.365 1803.279 1803.193 1803.106 1803.02 1802.887 1802.741 1802.594 1802.448 1802.289 1802.085 1801.881 1801.677 1801.473 1801.288 1801.113 1800.937 1800.762
1797.336 1797.865 1798.394 1798.924 1799.249 1799.038 1798.828 1798.617 1798.406 1797.738 1796.896 1796.054 1795.212 1794.509 1794.464 1794.42 1794.375 1794.331 1794.704 1795.328 1795.953 1796.578 1797.196 1797.734 1798.271 1798.808 1799.346 1799.687 1799.847 1800.008 1800.168 1800.329 1800.648 1800.972 1801.297 1801.621 1801.893 1802.093 1802.293 1802.493 1802.693 1802.876 1803.056 1803.236 1803.417 1803.502 1803.383 1803.265 1803.146 1803.027 1802.887 1802.741 1802.594 1802.448 1802.284 1802.059 1801.833 1801.608 1801.382 1801.183 1800.997 1800.811 1800.625
1797.551 1798.005 1798.46 1798.915 1799.21 1799.085 1798.96 1798.836 1798.711 1798.12 1797.353 1796.586 1795.818 1795.194 1795.248 1795.301 1795.355 1795.409 1795.746 1796.254 1796.763 1797.271 1797.774 1798.201 1798.628 1799.055 1799.482 1799.759 1799.899 1800.039 1800.18 1800.32 1800.675 1801.037 1801.399 1801.761 1802.059 1802.267 1802.475 1802.682 1802.891 1803.067 1803.238 1803.41 1803.582 1803.652 1803.504 1803.357 1803.21 1803.063 1802.911 1802.759 1802.606 1802.453 1802.28 1802.032 1801.784 1801.536 1801.289 1801.076 1800.88 1800.683 1800.487
1797.981 1798.366 1798.751 1799.136 1799.375 1799.229 1799.083 1798.936 1798.79 1798.271 1797.611 1796.951 1796.291 1795.762 1795.853 1795.944 1796.036 1796.127 1796.458 1796.935 1797.411 1797.887 1798.353 1798.683 1799.014 1799.344 1799.674 1799.88 1799.972 1800.064 1800.156 1800.248 1800.571 1800.901 1801.231 1801.56 1801.88 1802.184 1802.489 1802.793 1803.098 1803.291 1803.468 1803.645 1803.822 1803.894 1803.742 1803.589 1803.436 1803.284 1803.094 1802.893 1802.692 1802.491 1802.274 1801.999 1801.725 1801.45 1801.176 1800.95 1800.749 1800.547 1800.346
1798.412 1798.727 1799.043 1799.358 1799.54 1799.372 1799.205 1799.037 1798.869 1798.422 1797.87 1797.317 1796.764 1796.33 1796.459 1796.588 1796.716 1796.845 1797.171 1797.615 1798.059 1798.503 1798.932 1799.166 1799.4 1799.633 1799.867 1800.002 1800.045 1800.089 1800.132 1800.176 1800.466 1800.764 1801.062 1801.359 1801.7 1802.102 1802.503 1802.904 1803.305 1803.516 1803.698 1803.88 1804.063 1804.137 1803.979 1803.821 1803.663 1803.505 1803.277 1803.027 1802.778 1802.529 1802.268 1801.967 1801.665 1801.364 1801.063 1800.824 1800.617 1800.411 1800.204
1798.843 1799.088 1799.334 1799.579 1799.705 1799.516 1799.327 1799.137 1798.948 1798.573 1798.128 1797.682 1797.237 1796.898 1797.064 1797.231 1797.397 1797.564 1797.883 1798.295 1798.707 1799.119 1799.511 1799.648 1799.785 1799.922 1800.06 1800.123 1800.118 1800.114 1800.109 1800.104 1800.362 1800.627 1800.893 1801.158 1801.521 1802.019 1802.517 1803.014 1803.512 1803.74 1803.928 1804.115 1804.303 1804.379 1804.216 1804.052 1803.889 1803.726 1803.459 1803.162 1802.864 1802.566 1802.262 1801.934 1801.606 1801.278 1800.949 1800.699 1800.486 1800.274 1800.062
1799.273 1799.449 1799.625 1799.801 1799.87 1799.659 1799.449 1799.238 1799.027 1798.724 1798.386 1798.048 1797.71 1797.466 1797.67 1797.874 1798.078 1798.282 1798.595 1798.975 1799.355 1799.735 1800.09 1800.131 1800.171 1800.212 1800.252 1800.244 1800.191 1800.138 1800.085 1800.032 1800.257 1800.491 1800.724 1800.957 1801.342 1801.936 1802.531 1803.125 1803.719 1803.964 1804.158 1804.351 1804.544 1804.621 1804.453 1804.284 1804.115 1803.947 1803.642 1803.296 1802.95 1802.604 1802.256 1801.901 1801.546 1801.191 1800.836 1800.573 1800.355 1800.138 1799.92
1799.644 1799.762 1799.881 1799.999 1800.027 1799.817 1799.606 1799.396 1799.185 1798.922 1798.638 1798.354 1798.071 1797.876 1798.105 1798.334 1798.564 1798.793 1799.125 1799.519 1799.913 1800.307 1800.673 1800.673 1800.673 1800.673 1800.673 1800.615 1800.505 1800.394 1800.284 1800.173 1800.401 1800.64 1800.878 1801.117 1801.515 1802.134 1802.754 1803.373 1803.992 1804.254 1804.461 1804.669 1804.877 1804.947 1804.723 1804.5 1804.276 1804.052 1803.704 1803.319 1802.935 1802.55 1802.167 1801.791 1801.416 1801.04 1800.664 1800.399 1800.189 1799.978 1799.768
1799.97 1800.04 1800.11 1800.181 1800.178 1799.984 1799.789 1799.595 1799.401 1799.153 1798.886 1798.618 1798.35 1798.172 1798.417 1798.662 1798.908 1799.153 1799.521 1799.964 1800.406 1800.849 1801.259 1801.259 1801.259 1801.259 1801.259 1801.168 1800.993 1800.818 1800.643 1800.468 1800.726 1800.996 1801.267 1801.537 1801.943 1802.536 1803.128 1803.721 1804.313 1804.59 1804.819 1805.048 1805.277 1805.333 1805.018 1804.703 1804.388 1804.073 1803.68 1803.263 1802.845 1802.428 1802.017 1801.625 1801.233 1800.842 1800.45 1800.19 1799.996 1799.801 1799.607
1800.296 1800.318 1800.34 1800.362 1800.329 1800.151 1799.972 1799.794 1799.616 1799.385 1799.133 1798.882 1798.63 1798.468 1798.729 1798.99 1799.252 1799.513 1799.917 1800.408 1800.899 1801.39 1801.845 1801.845 1801.845 1801.845 1801.845 1801.72 1801.481 1801.241 1801.002 1800.763 1801.05 1801.353 1801.655 1801.958 1802.371 1802.937 1803.503 1804.068 1804.634 1804.926 1805.176 1805.427 1805.678 1805.719 1805.313 1804.907 1804.5 1804.094 1803.655 1803.206 1802.756 1802.307 1801.867 1801.459 1801.051 1800.643 1800.236 1799.981 1799.803 1799.625 1799.446
1800.623 1800.596 1800.57 1800.543 1800.48 1800.318 1800.156 1799.993 1799.831 1799.616 1799.381 1799.145 1798.91 1798.764 1799.041 1799.318 1799.596 1799.873 1800.314 1800.853 1801.392 1801.931 1802.431 1802.431 1802.431 1802.431 1802.431 1802.273 1801.969 1801.665 1801.361 1801.058 1801.374 1801.709 1802.044 1802.379 1802.8 1803.339 1803.877 1804.416 1804.955 1805.262 1805.534 1805.806 1806.078 1806.105 1805.608 1805.11 1804.613 1804.115 1803.63 1803.149 1802.667 1802.186 1801.717 1801.293 1800.869 1800.445 1800.021 1799.772 1799.61 1799.448 1799.286
1800.945 1800.872 1800.799 1800.726 1800.633 1800.486 1800.339 1800.192 1800.045 1799.845 1799.626 1799.407 1799.188 1799.058 1799.352 1799.646 1799.939 1800.233 1800.71 1801.297 1801.884 1802.47 1803.015 1803.019 1803.022 1803.025 1803.029 1802.84 1802.476 1802.112 1801.748 1801.384 1801.728 1802.092 1802.456 1802.821 1803.247 1803.757 1804.268 1804.779 1805.29 1805.61 1805.901 1806.192 1806.483 1806.495 1805.909 1805.323 1804.737 1804.151 1803.62 1803.105 1802.591 1802.076 1801.578 1801.139 1800.7 1800.261 1799.822 1799.577 1799.43 1799.282 1799.135
1801.145 1801.077 1801.01 1800.942 1800.848 1800.685 1800.522 1800.359 1800.196 1800.007 1799.81 1799.612 1799.415 1799.307 1799.628 1799.948 1800.269 1800.589 1801.096 1801.715 1802.334 1802.953 1803.536 1803.658 1803.779 1803.901 1804.022 1803.93 1803.641 1803.352 1803.063 1802.774 1803.057 1803.357 1803.657 1803.957 1804.318 1804.765 1805.211 1805.658 1806.104 1806.36 1806.586 1806.813 1807.04 1807.007 1806.421 1805.835 1805.25 1804.663 1804.087 1803.514 1802.94 1802.367 1801.826 1801.403 1800.98 1800.557 1800.134 1799.87 1799.685 1799.5 1799.314
1801.345 1801.282 1801.22 1801.158 1801.063 1800.884 1800.705 1800.526 1800.347 1800.17 1799.993 1799.817 1799.641 1799.556 1799.903 1800.251 1800.598 1800.946 1801.482 1802.134 1802.785 1803.436 1804.058 1804.297 1804.537 1804.776 1805.016 1805.019 1804.805 1804.591 1804.377 1804.163 1804.386 1804.621 1804.857 1805.093 1805.39 1805.772 1806.154 1806.536 1806.918 1807.109 1807.272 1807.434 1807.596 1807.52 1806.934 1806.348 1805.762 1805.176 1804.554 1803.922 1803.29 1802.657 1802.074 1801.667 1801.26 1800.853 1800.446 1800.162 1799.939 1799.717 1799.494
1801.545 1801.488 1801.431 1801.374 1801.278 1801.083 1800.888 1800.693 1800.497 1800.332 1800.177 1800.022 1799.867 1799.805 1800.179 1800.553 1800.927 1801.302 1801.869 1802.552 1803.236 1803.919 1804.579 1804.937 1805.294 1805.651 1806.009 1806.108 1805.969 1805.83 1805.692 1805.553 1805.715 1805.886 1806.057 1806.229 1806.462 1806.779 1807.097 1807.415 1807.732 1807.859 1807.957 1808.055 1808.153 1808.033 1807.447 1806.861 1806.275 1805.689 1805.022 1804.33 1803.639 1802.947 1802.321 1801.931 1801.54 1801.149 1800.758 1800.455 1800.194 1799.934 1799.674
1801.744 1801.693 1801.641 1801.589 1801.494 1801.282 1801.071 1800.86 1800.648 1800.494 1800.36 1800.227 1800.094 1800.053 1800.455 1800.856 1801.257 1801.658 1802.255 1802.971 1803.686 1804.402 1805.1 1805.576 1806.051 1806.527 1807.002 1807.197 1807.133 1807.07 1807.006 1806.942 1807.044 1807.151 1807.258 1807.365 1807.533 1807.787 1808.04 1808.293 1808.547 1808.609 1808.642 1808.676 1808.71 1808.546 1807.96 1807.374 1806.788 1806.202 1805.489 1804.739 1803.988 1803.238 1802.569 1802.194 1801.82 1801.445 1801.07 1800.747 1800.449 1800.151 1799.854
1801.959 1801.931 1801.902 1801.874 1801.803 1801.619 1801.435 1801.251 1801.068 1800.954 1800.868 1800.782 1800.696 1800.696 1801.106 1801.516 1801.926 1802.336 1802.932 1803.642 1804.351 1805.061 1805.759 1806.311 1806.864 1807.416 1807.969 1808.232 1808.231 1808.23 1808.229 1808.227 1808.291 1808.356 1808.422 1808.487 1808.608 1808.805 1809.001 1809.198 1809.395 1809.4 1809.377 1809.354 1809.331 1809.124 1808.522 1807.921 1807.319 1806.718 1806.0 1805.247 1804.494 1803.741 1803.07 1802.693 1802.317 1801.94 1801.564 1801.209 1800.866 1800.523 1800.18
1802.19 1802.204 1802.219 1802.234 1802.214 1802.105 1801.997 1801.888 1801.779 1801.741 1801.73 1801.719 1801.708 1801.769 1802.168 1802.567 1802.966 1803.365 1803.928 1804.589 1805.25 1805.911 1806.567 1807.151 1807.736 1808.321 1808.906 1809.21 1809.257 1809.304 1809.351 1809.398 1809.447 1809.497 1809.546 1809.596 1809.687 1809.835 1809.983 1810.132 1810.28 1810.237 1810.166 1810.094 1810.023 1809.772 1809.139 1808.505 1807.872 1807.238 1806.558 1805.864 1805.17 1804.476 1803.846 1803.448 1803.05 1802.652 1802.254 1801.857 1801.461 1801.064 1800.667
1802.421 1802.478 1802.536 1802.593 1802.626 1802.592 1802.558 1802.525 1802.491 1802.528 1802.592 1802.656 1802.721 1802.841 1803.23 1803.618 1804.007 1804.395 1804.923 1805.536 1806.149 1806.762 1807.375 1807.992 1808.609 1809.226 1809.843 1810.187 1810.283 1810.378 1810.473 1810.568 1810.604 1810.637 1810.67 1810.704 1810.765 1810.865 1810.965 1811.065 1811.165 1811.074 1810.955 1810.835 1810.715 1810.422 1809.756 1809.09 1808.424 1807.758 1807.116 1806.481 1805.846 1805.211 1804.623 1804.203 1803.784 1803.365 1802.945 1802.505 1802.055 1801.604 1801.154
1802.651 1802.752 1802.852 1802.953 1803.037 1803.078 1803.12 1803.161 1803.203 1803.315 1803.454 1803.594 1803.733 1803.914 1804.291 1804.669 1805.047 1805.425 1805.919 1806.483 1807.048 1807.612 1808.183 1808.832 1809.481 1810.13 1810.779 1811.165 1811.308 1811.452 1811.595 1811.739 1811.76 1811.777 1811.794 1811.812 1811.843 1811.895 1811.947 1811.999 1812.051 1811.911 1811.743 1811.575 1811.407 1811.07 1810.373 1809.675 1808.977 1808.279 1807.674 1807.098 1806.522 1805.946 1805.4 1804.959 1804.518 1804.077 1803.636 1803.153 1802.649 1802.145 1801.641
1802.882 1803.026 1803.169 1803.312 1803.448 1803.565 1803.682 1803.798 1803.915 1804.102 1804.317 1804.531 1804.745 1804.986 1805.353 1805.72 1806.087 1806.454 1806.914 1807.43 1807.947 1808.463 1808.991 1809.672 1810.354 1811.035 1811.716 1812.142 1812.334 1812.526 1812.718 1812.91 1812.916 1812.917 1812.919 1812.92 1812.922 1812.925 1812.929 1812.932 1812.936 1812.748 1812.532 1812.316 1812.099 1811.719 1810.989 1810.259 1809.529 1808.799 1808.232 1807.715 1807.198 1806.681 1806.176 1805.714 1805.252 1804.789 1804.327 1803.801 1803.243 1802.686 1802.128
