data/zism_data/00659_03_D.txt
ncols         224
nrows         224
[rows 140 to 167 of 224, columns 0 to 62 of 224]
1160.739 1155.764 1150.79 1148.015 1146.475 1144.936 1143.396 1141.891 1140.628 1139.365 1138.102 1136.839 1135.707 1134.661 1133.614 1132.568 1131.563 1131.005 1130.446 1129.887 1129.328 1129.33 1129.758 1130.185 1130.613 1131.053 1131.732 1132.411 1133.09 1133.769 1134.668 1135.76 1136.852 1137.943 1139.035 1140.157 1141.279 1142.401 1143.522 1144.859 1146.415 1147.971 1149.527 1151.082 1153.019 1154.964 1156.908 1158.853 1160.922 1163.135 1165.348 1167.562 1169.775 1171.903 1174.026 1176.149 1178.273 1180.242 1182.005 1183.767 1185.529 1187.291 1189.528
1161.007 1155.919 1150.831 1148.022 1146.493 1144.964 1143.436 1141.948 1140.756 1139.563 1138.37 1137.178 1136.113 1135.131 1134.149 1133.168 1132.232 1131.787 1131.342 1130.896 1130.451 1130.493 1130.904 1131.316 1131.727 1132.153 1132.848 1133.543 1134.239 1134.934 1135.832 1136.907 1137.982 1139.058 1140.134 1141.272 1142.41 1143.548 1144.686 1146.074 1147.716 1149.359 1151.001 1152.643 1154.687 1156.74 1158.793 1160.846 1162.973 1165.186 1167.399 1169.613 1171.826 1173.863 1175.888 1177.914 1179.94 1181.884 1183.716 1185.549 1187.381 1189.214 1191.673
1161.275 1156.073 1150.871 1148.029 1146.511 1144.993 1143.475 1142.006 1140.883 1139.761 1138.639 1137.516 1136.518 1135.601 1134.684 1133.768 1132.901 1132.57 1132.238 1131.906 1131.574 1131.656 1132.051 1132.446 1132.841 1133.252 1133.964 1134.675 1135.387 1136.098 1136.995 1138.054 1139.113 1140.173 1141.233 1142.387 1143.542 1144.696 1145.85 1147.289 1149.018 1150.746 1152.475 1154.204 1156.355 1158.516 1160.677 1162.838 1165.024 1167.237 1169.45 1171.663 1173.877 1175.822 1177.75 1179.679 1181.607 1183.525 1185.428 1187.33 1189.233 1191.136 1193.817
1161.542 1156.227 1150.912 1148.035 1146.528 1145.021 1143.514 1142.063 1141.011 1139.959 1138.907 1137.855 1136.924 1136.072 1135.22 1134.368 1133.57 1133.352 1133.134 1132.916 1132.697 1132.818 1133.197 1133.576 1133.955 1134.352 1135.08 1135.807 1136.535 1137.263 1138.158 1139.201 1140.244 1141.287 1142.332 1143.503 1144.673 1145.843 1147.014 1148.504 1150.319 1152.134 1153.949 1155.765 1158.024 1160.293 1162.562 1164.831 1167.074 1169.288 1171.501 1173.714 1175.928 1177.781 1179.612 1181.444 1183.275 1185.166 1187.139 1189.112 1191.085 1193.058 1195.962
1161.817 1156.417 1151.016 1148.12 1146.63 1145.14 1143.65 1142.221 1141.235 1140.249 1139.263 1138.278 1137.414 1136.631 1135.848 1135.065 1134.338 1134.205 1134.072 1133.938 1133.805 1133.957 1134.326 1134.695 1135.064 1135.451 1136.193 1136.935 1137.677 1138.419 1139.314 1140.345 1141.376 1142.407 1143.44 1144.619 1145.797 1146.975 1148.154 1149.687 1151.581 1153.474 1155.368 1157.261 1159.582 1161.912 1164.243 1166.573 1168.838 1171.027 1173.216 1175.405 1177.594 1179.406 1181.195 1182.984 1184.773 1186.704 1188.829 1190.953 1193.078 1195.203 1198.384
1162.101 1156.663 1151.225 1148.333 1146.869 1145.406 1143.943 1142.546 1141.619 1140.693 1139.766 1138.84 1138.046 1137.339 1136.631 1135.924 1135.269 1135.174 1135.078 1134.983 1134.887 1135.056 1135.425 1135.794 1136.162 1136.551 1137.303 1138.056 1138.809 1139.561 1140.459 1141.485 1142.51 1143.536 1144.563 1145.736 1146.909 1148.082 1149.255 1150.818 1152.776 1154.735 1156.693 1158.651 1160.958 1163.272 1165.586 1167.9 1170.127 1172.251 1174.375 1176.499 1178.623 1180.477 1182.315 1184.152 1185.99 1188.071 1190.482 1192.893 1195.304 1197.715 1201.266
1162.386 1156.91 1151.434 1148.545 1147.109 1145.673 1144.237 1142.871 1142.004 1141.136 1140.27 1139.402 1138.678 1138.046 1137.414 1136.782 1136.2 1136.143 1136.085 1136.027 1135.97 1136.155 1136.523 1136.892 1137.261 1137.65 1138.413 1139.177 1139.94 1140.704 1141.604 1142.624 1143.644 1144.664 1145.686 1146.854 1148.022 1149.189 1150.357 1151.949 1153.972 1155.995 1158.019 1160.042 1162.334 1164.632 1166.93 1169.227 1171.415 1173.475 1175.534 1177.593 1179.652 1181.548 1183.435 1185.321 1187.207 1189.438 1192.135 1194.833 1197.53 1200.228 1204.149
1162.67 1157.157 1151.643 1148.758 1147.349 1145.94 1144.531 1143.195 1142.388 1141.58 1140.773 1139.965 1139.309 1138.753 1138.197 1137.641 1137.131 1137.112 1137.092 1137.072 1137.052 1137.253 1137.622 1137.991 1138.36 1138.749 1139.523 1140.298 1141.072 1141.846 1142.749 1143.763 1144.778 1145.793 1146.809 1147.972 1149.134 1150.296 1151.458 1153.08 1155.168 1157.256 1159.344 1161.432 1163.71 1165.991 1168.273 1170.555 1172.704 1174.698 1176.693 1178.687 1180.681 1182.62 1184.555 1186.49 1188.424 1190.805 1193.789 1196.773 1199.757 1202.74 1207.031
1162.955 1157.403 1151.852 1148.97 1147.588 1146.206 1144.824 1143.52 1142.772 1142.024 1141.276 1140.527 1139.941 1139.461 1138.98 1138.5 1138.063 1138.08 1138.099 1138.116 1138.135 1138.352 1138.721 1139.09 1139.459 1139.849 1140.634 1141.419 1142.204 1142.989 1143.893 1144.903 1145.912 1146.921 1147.932 1149.089 1150.246 1151.403 1152.56 1154.211 1156.364 1158.517 1160.67 1162.822 1165.085 1167.351 1169.616 1171.882 1173.993 1175.922 1177.852 1179.781 1181.711 1183.691 1185.675 1187.658 1189.642 1192.171 1195.442 1198.712 1201.983 1205.253 1209.913
1163.043 1157.503 1151.963 1149.119 1147.791 1146.463 1145.135 1143.884 1143.186 1142.489 1141.791 1141.094 1140.578 1140.182 1139.787 1139.391 1139.032 1139.065 1139.099 1139.133 1139.166 1139.375 1139.717 1140.059 1140.401 1140.77 1141.642 1142.514 1143.385 1144.257 1145.268 1146.402 1147.535 1148.668 1149.802 1150.976 1152.15 1153.323 1154.497 1156.16 1158.32 1160.479 1162.639 1164.799 1166.998 1169.198 1171.399 1173.599 1175.632 1177.47 1179.308 1181.146 1182.983 1185.03 1187.089 1189.148 1191.206 1193.841 1197.255 1200.669 1204.083 1207.497 1212.193
1163.09 1157.571 1152.053 1149.255 1147.986 1146.718 1145.449 1144.256 1143.607 1142.958 1142.309 1141.66 1141.216 1140.907 1140.598 1140.288 1140.01 1140.054 1140.098 1140.142 1140.187 1140.382 1140.692 1141.001 1141.311 1141.654 1142.629 1143.603 1144.578 1145.552 1146.692 1147.976 1149.261 1150.546 1151.829 1153.024 1154.22 1155.415 1156.61 1158.282 1160.436 1162.59 1164.745 1166.899 1169.024 1171.148 1173.273 1175.397 1177.345 1179.086 1180.826 1182.567 1184.307 1186.425 1188.564 1190.704 1192.844 1195.573 1199.101 1202.628 1206.156 1209.683 1214.347
1163.136 1157.639 1152.142 1149.391 1148.182 1146.972 1145.763 1144.628 1144.028 1143.428 1142.827 1142.227 1141.855 1141.632 1141.409 1141.186 1140.987 1141.042 1141.097 1141.152 1141.208 1141.389 1141.666 1141.943 1142.221 1142.538 1143.615 1144.693 1145.77 1146.847 1148.115 1149.551 1150.987 1152.423 1153.856 1155.073 1156.29 1157.507 1158.724 1160.403 1162.552 1164.701 1166.85 1168.999 1171.05 1173.099 1175.147 1177.196 1179.058 1180.702 1182.345 1183.988 1185.631 1187.819 1190.04 1192.261 1194.483 1197.306 1200.947 1204.588 1208.229 1211.87 1216.5
1163.183 1157.708 1152.232 1149.527 1148.377 1147.227 1146.077 1145.0 1144.449 1143.897 1143.345 1142.794 1142.493 1142.356 1142.22 1142.084 1141.965 1142.031 1142.097 1142.162 1142.228 1142.396 1142.641 1142.886 1143.13 1143.422 1144.602 1145.782 1146.962 1148.142 1149.538 1151.126 1152.713 1154.3 1155.883 1157.121 1158.36 1159.598 1160.837 1162.525 1164.668 1166.812 1168.955 1171.099 1173.075 1175.049 1177.022 1178.995 1180.771 1182.318 1183.864 1185.41 1186.956 1189.214 1191.516 1193.818 1196.121 1199.039 1202.794 1206.548 1210.302 1214.057 1218.653
1163.217 1157.757 1152.297 1149.634 1148.54 1147.447 1146.353 1145.332 1144.824 1144.317 1143.809 1143.302 1143.064 1143.004 1142.944 1142.883 1142.837 1142.936 1143.035 1143.134 1143.233 1143.41 1143.646 1143.882 1144.119 1144.408 1145.699 1146.991 1148.282 1149.574 1151.094 1152.817 1154.539 1156.261 1157.977 1159.24 1160.503 1161.766 1163.029 1164.723 1166.854 1168.984 1171.115 1173.246 1175.16 1177.069 1178.979 1180.888 1182.604 1184.093 1185.582 1187.071 1188.56 1190.883 1193.257 1195.632 1198.006 1200.964 1204.715 1208.465 1212.215 1215.966 1220.426
1163.217 1157.757 1152.297 1149.665 1148.62 1147.575 1146.531 1145.555 1145.08 1144.605 1144.13 1143.655 1143.46 1143.448 1143.436 1143.425 1143.43 1143.621 1143.812 1144.003 1144.194 1144.442 1144.732 1145.022 1145.313 1145.66 1147.086 1148.513 1149.939 1151.366 1152.999 1154.813 1156.627 1158.441 1160.248 1161.544 1162.839 1164.135 1165.43 1167.124 1169.223 1171.321 1173.419 1175.517 1177.399 1179.276 1181.153 1183.03 1184.75 1186.288 1187.826 1189.363 1190.901 1193.273 1195.696 1198.119 1200.542 1203.395 1206.832 1210.269 1213.706 1217.142 1221.196
1163.217 1157.757 1152.297 1149.696 1148.7 1147.704 1146.708 1145.779 1145.336 1144.894 1144.451 1144.008 1143.856 1143.892 1143.929 1143.966 1144.024 1144.307 1144.59 1144.873 1145.156 1145.474 1145.818 1146.162 1146.506 1146.912 1148.474 1150.035 1151.597 1153.158 1154.903 1156.809 1158.715 1160.621 1162.519 1163.847 1165.175 1166.503 1167.831 1169.525 1171.591 1173.657 1175.723 1177.788 1179.638 1181.482 1183.327 1185.172 1186.897 1188.483 1190.07 1191.656 1193.242 1195.663 1198.134 1200.606 1203.077 1205.825 1208.949 1212.072 1215.196 1218.319 1221.967
1163.217 1157.757 1152.297 1149.727 1148.78 1147.832 1146.885 1146.003 1145.593 1145.182 1144.772 1144.362 1144.251 1144.337 1144.422 1144.508 1144.618 1144.993 1145.368 1145.742 1146.117 1146.505 1146.904 1147.302 1147.7 1148.164 1149.861 1151.557 1153.254 1154.951 1156.808 1158.806 1160.804 1162.802 1164.79 1166.151 1167.511 1168.872 1170.232 1171.927 1173.96 1175.993 1178.027 1180.06 1181.877 1183.689 1185.501 1187.313 1189.044 1190.679 1192.313 1193.948 1195.583 1198.052 1200.573 1203.093 1205.613 1208.256 1211.066 1213.876 1216.686 1219.496 1222.737
1163.217 1157.757 1152.297 1149.758 1148.859 1147.96 1147.062 1146.227 1145.849 1145.471 1145.093 1144.715 1144.647 1144.781 1144.915 1145.049 1145.212 1145.679 1146.145 1146.612 1147.078 1147.537 1147.989 1148.442 1148.894 1149.416 1151.248 1153.08 1154.911 1156.743 1158.712 1160.802 1162.892 1164.982 1167.062 1168.454 1169.847 1171.24 1172.633 1174.328 1176.329 1178.329 1180.33 1182.331 1184.116 1185.896 1187.675 1189.455 1191.19 1192.874 1194.557 1196.241 1197.924 1200.442 1203.011 1205.58 1208.149 1210.687 1213.183 1215.68 1218.176 1220.673 1223.507
1163.026 1157.7 1152.373 1149.893 1149.011 1148.13 1147.249 1146.434 1146.105 1145.775 1145.445 1145.116 1145.1 1145.291 1145.482 1145.672 1145.893 1146.432 1146.971 1147.51 1148.048 1148.622 1149.223 1149.823 1150.423 1151.09 1153.014 1154.938 1156.862 1158.786 1160.812 1162.927 1165.042 1167.157 1169.262 1170.667 1172.073 1173.479 1174.885 1176.585 1178.585 1180.585 1182.585 1184.584 1186.391 1188.193 1189.995 1191.797 1193.598 1195.396 1197.195 1198.994 1200.792 1203.219 1205.684 1208.148 1210.613 1213.011 1215.32 1217.628 1219.937 1222.245 1224.848
1162.764 1157.621 1152.478 1150.067 1149.191 1148.315 1147.439 1146.636 1146.361 1146.085 1145.809 1145.534 1145.576 1145.826 1146.076 1146.326 1146.607 1147.21 1147.814 1148.418 1149.021 1149.728 1150.512 1151.296 1152.08 1152.926 1154.925 1156.925 1158.924 1160.924 1162.985 1165.1 1167.215 1169.33 1171.435 1172.846 1174.257 1175.668 1177.079 1178.788 1180.799 1182.809 1184.82 1186.83 1188.679 1190.525 1192.37 1194.215 1196.104 1198.043 1199.982 1201.922 1203.861 1206.142 1208.445 1210.748 1213.05 1215.296 1217.464 1219.632 1221.799 1223.967 1226.405
1162.501 1157.542 1152.583 1150.242 1149.371 1148.5 1147.63 1146.838 1146.617 1146.395 1146.173 1145.952 1146.051 1146.361 1146.67 1146.98 1147.32 1147.989 1148.657 1149.326 1149.995 1150.833 1151.801 1152.769 1153.737 1154.76 1156.836 1158.911 1160.986 1163.061 1165.158 1167.273 1169.388 1171.503 1173.608 1175.024 1176.441 1177.857 1179.274 1180.991 1183.012 1185.034 1187.055 1189.076 1190.968 1192.857 1194.745 1196.634 1198.61 1200.69 1202.77 1204.849 1206.929 1209.066 1211.207 1213.347 1215.488 1217.58 1219.607 1221.635 1223.662 1225.69 1227.962
1162.238 1157.463 1152.688 1150.416 1149.551 1148.686 1147.82 1147.04 1146.873 1146.705 1146.538 1146.37 1146.527 1146.896 1147.265 1147.634 1148.034 1148.767 1149.501 1150.234 1150.968 1151.939 1153.09 1154.242 1155.394 1156.596 1158.746 1160.897 1163.048 1165.199 1167.331 1169.446 1171.561 1173.676 1175.781 1177.203 1178.625 1180.047 1181.469 1183.193 1185.226 1187.258 1189.29 1191.323 1193.257 1195.188 1197.12 1199.052 1201.117 1203.337 1205.557 1207.777 1209.998 1211.99 1213.968 1215.947 1217.925 1219.864 1221.751 1223.638 1225.525 1227.412 1229.52
1161.755 1157.221 1152.687 1150.517 1149.675 1148.833 1147.991 1147.239 1147.129 1147.019 1146.909 1146.799 1147.023 1147.464 1147.906 1148.347 1148.821 1149.634 1150.448 1151.261 1152.074 1153.175 1154.493 1155.812 1157.13 1158.494 1160.707 1162.92 1165.134 1167.347 1169.498 1171.594 1173.691 1175.787 1177.874 1179.31 1180.747 1182.184 1183.62 1185.365 1187.421 1189.477 1191.533 1193.589 1195.568 1197.545 1199.522 1201.499 1203.643 1205.983 1208.323 1210.663 1213.003 1214.876 1216.721 1218.565 1220.41 1222.218 1223.978 1225.737 1227.497 1229.256 1231.234
1160.227 1156.206 1152.185 1150.269 1149.535 1148.801 1148.067 1147.419 1147.385 1147.35 1147.316 1147.282 1147.617 1148.194 1148.77 1149.347 1149.957 1150.922 1151.887 1152.851 1153.816 1155.031 1156.436 1157.841 1159.245 1160.691 1162.904 1165.118 1167.331 1169.544 1171.638 1173.626 1175.614 1177.603 1179.584 1181.08 1182.576 1184.072 1185.568 1187.385 1189.528 1191.671 1193.813 1195.956 1197.989 1200.02 1202.051 1204.082 1206.266 1208.627 1210.989 1213.351 1215.712 1217.587 1219.431 1221.275 1223.12 1224.901 1226.595 1228.29 1229.985 1231.679 1233.695
1158.698 1155.19 1151.683 1150.021 1149.395 1148.769 1148.143 1147.599 1147.64 1147.682 1147.723 1147.765 1148.212 1148.923 1149.635 1150.347 1151.093 1152.209 1153.325 1154.441 1155.557 1156.887 1158.378 1159.869 1161.361 1162.889 1165.102 1167.315 1169.528 1171.742 1173.778 1175.658 1177.538 1179.418 1181.294 1182.849 1184.405 1185.96 1187.516 1189.406 1191.635 1193.864 1196.093 1198.323 1200.411 1202.496 1204.581 1206.666 1208.888 1211.271 1213.655 1216.038 1218.421 1220.297 1222.141 1223.986 1225.83 1227.583 1229.213 1230.843 1232.473 1234.103 1236.157
1157.169 1154.175 1151.181 1149.772 1149.255 1148.737 1148.219 1147.779 1147.896 1148.013 1148.13 1148.248 1148.806 1149.653 1150.5 1151.346 1152.23 1153.497 1154.764 1156.031 1157.299 1158.743 1160.32 1161.898 1163.476 1165.086 1167.299 1169.513 1171.726 1173.939 1175.918 1177.69 1179.462 1181.234 1183.004 1184.619 1186.234 1187.849 1189.464 1191.427 1193.742 1196.058 1198.373 1200.689 1202.832 1204.971 1207.11 1209.249 1211.511 1213.916 1216.32 1218.725 1221.13 1223.007 1224.851 1226.696 1228.54 1230.266 1231.831 1233.396 1234.961 1236.526 1238.618
1155.64 1153.159 1150.679 1149.524 1149.114 1148.705 1148.295 1147.959 1148.152 1148.345 1148.538 1148.73 1149.4 1150.382 1151.364 1152.346 1153.366 1154.784 1156.203 1157.622 1159.04 1160.599 1162.263 1163.927 1165.591 1167.283 1169.497 1171.71 1173.923 1176.137 1178.058 1179.722 1181.385 1183.049 1184.714 1186.388 1188.063 1189.737 1191.411 1193.447 1195.849 1198.251 1200.653 1203.056 1205.253 1207.446 1209.639 1211.833 1214.133 1216.56 1218.986 1221.413 1223.839 1225.717 1227.562 1229.406 1231.25 1232.949 1234.449 1235.949 1237.449 1238.949 1241.079
1154.448 1152.383 1150.318 1149.393 1149.108 1148.824 1148.539 1148.329 1148.658 1148.988 1149.317 1149.646 1150.435 1151.525 1152.615 1153.705 1154.828 1156.301 1157.773 1159.245 1160.717 1162.31 1163.993 1165.677 1167.36 1169.068 1171.241 1173.414 1175.587 1177.76 1179.665 1181.335 1183.006 1184.676 1186.348 1188.14 1189.931 1191.722 1193.513 1195.619 1198.043 1200.468 1202.892 1205.317 1207.558 1209.795 1212.032 1214.269 1216.586 1218.997 1221.408 1223.82 1226.231 1228.155 1230.05 1231.945 1233.84 1235.581 1237.114 1238.647 1240.18 1241.713 1244.058
