data/zism_data/00654_03_D.txt
ncols         224
nrows         224
[rows 168 to 195 of 224, columns 63 to 125 of 224]
1237.578 1232.855 1228.132 1223.409 1218.685 1208.797 1197.349 1185.902 1174.454 1162.158 1147.048 1131.938 1116.828 1101.718 1091.48 1083.375 1075.269 1067.163 1059.776 1056.177 1052.578 1048.98 1045.382 1045.092 1046.802 1048.513 1050.224 1051.538 1048.687 1045.835 1042.983 1040.132 1037.136 1034.022 1030.908 1027.794 1024.622 1017.494 1010.366 1003.239 996.1109 988.5351 980.4704 972.4058 964.3411 956.2764 948.728 941.2112 933.6945 926.1778 917.2913 906.3992 895.5073 884.6152 873.7231 863.5116 853.4022 843.2927 833.1833 824.7209 819.5529 814.3848 809.2167
1246.697 1242.157 1237.618 1233.078 1228.539 1218.324 1206.395 1194.467 1182.539 1169.763 1154.178 1138.593 1123.008 1107.423 1097.183 1089.283 1081.382 1073.481 1066.354 1063.3 1060.247 1057.194 1054.141 1054.289 1056.372 1058.456 1060.539 1062.162 1058.954 1055.746 1052.538 1049.33 1045.942 1042.407 1038.872 1035.337 1031.753 1024.852 1017.951 1011.05 1004.149 996.609 988.3715 980.1341 971.8966 963.6592 955.4394 947.2207 939.0021 930.7834 921.1774 909.5402 897.9031 886.2659 874.6287 864.165 853.8774 843.5897 833.3021 824.7209 819.5529 814.3848 809.2167
1255.815 1251.459 1247.104 1242.748 1238.392 1227.85 1215.441 1203.033 1190.624 1177.369 1161.308 1145.248 1129.188 1113.128 1102.886 1095.191 1087.495 1079.8 1072.932 1070.424 1067.916 1065.408 1062.9 1063.486 1065.942 1068.398 1070.854 1072.786 1069.222 1065.657 1062.093 1058.529 1054.748 1050.792 1046.836 1042.88 1038.884 1032.21 1025.536 1018.862 1012.187 1004.683 996.2726 987.8624 979.4521 971.0419 962.1509 953.2302 944.3096 935.389 925.0636 912.6812 900.299 887.9166 875.5342 864.8184 854.3526 843.8867 833.4209 824.7209 819.5529 814.3848 809.2167
1267.118 1261.997 1256.875 1251.754 1246.633 1235.529 1222.62 1209.711 1196.801 1183.3 1167.838 1152.376 1136.914 1121.452 1111.669 1104.37 1097.072 1089.773 1083.283 1081.055 1078.827 1076.598 1074.37 1074.945 1077.215 1079.485 1081.755 1083.474 1079.405 1075.336 1071.267 1067.198 1062.915 1058.457 1053.999 1049.541 1045.049 1038.285 1031.522 1024.758 1017.994 1010.394 1001.882 993.3693 984.8569 976.3445 966.9987 957.6016 948.2045 938.8074 927.7176 914.1492 900.5812 887.0128 873.4445 862.4131 851.7624 841.1116 830.4608 821.8339 817.2546 812.6754 808.0962
1279.742 1273.281 1266.821 1260.36 1253.9 1242.091 1228.669 1215.247 1201.824 1188.218 1174.004 1159.789 1145.574 1131.359 1122.313 1115.527 1108.742 1101.957 1095.917 1093.807 1091.698 1089.588 1087.479 1087.772 1089.518 1091.265 1093.011 1094.2 1089.537 1084.874 1080.211 1075.548 1070.695 1065.686 1060.677 1055.668 1050.63 1043.585 1036.541 1029.496 1022.452 1014.677 1006.105 997.5331 988.9613 980.3895 970.7198 960.9825 951.2452 941.5079 929.6266 914.6058 899.5852 884.5644 869.5436 858.1584 847.3187 836.4789 825.6391 817.2012 813.5668 809.9326 806.2982
1292.365 1284.565 1276.766 1268.966 1261.166 1248.654 1234.718 1220.783 1206.848 1193.137 1180.17 1167.202 1154.235 1141.267 1132.957 1126.685 1120.412 1114.14 1108.55 1106.559 1104.569 1102.578 1100.587 1100.599 1101.821 1103.044 1104.266 1104.926 1099.669 1094.412 1089.155 1083.898 1078.474 1072.915 1067.355 1061.795 1056.21 1048.885 1041.56 1034.234 1026.909 1018.959 1010.328 1001.697 993.0656 984.4344 974.4408 964.3633 954.2859 944.2084 931.5355 915.0623 898.5893 882.116 865.6427 853.9037 842.875 831.8462 820.8174 812.5684 809.879 807.1896 804.5002
1304.988 1295.849 1286.711 1277.572 1268.433 1255.216 1240.768 1226.319 1211.871 1198.056 1186.335 1174.615 1162.895 1151.175 1143.601 1137.842 1132.083 1126.323 1121.183 1119.312 1117.44 1115.568 1113.696 1113.426 1114.125 1114.823 1115.522 1115.651 1109.8 1103.949 1098.099 1092.248 1086.254 1080.144 1074.033 1067.923 1061.791 1054.185 1046.579 1038.973 1031.366 1023.242 1014.551 1005.861 997.17 988.4794 978.1619 967.7442 957.3266 946.9089 933.4445 915.5188 897.5933 879.6676 861.7419 849.6491 838.4313 827.2136 815.9957 807.9357 806.1912 804.4468 802.7023
1317.083 1306.631 1296.18 1285.728 1275.276 1261.377 1246.438 1231.498 1216.558 1202.662 1192.219 1181.777 1171.335 1160.892 1154.124 1148.963 1143.802 1138.641 1134.03 1132.314 1130.598 1128.883 1127.167 1126.576 1126.665 1126.754 1126.843 1126.364 1119.921 1113.477 1107.033 1100.589 1094.021 1087.352 1080.682 1074.013 1067.326 1059.425 1051.524 1043.622 1035.721 1027.392 1018.598 1009.803 1001.008 992.2138 981.6057 970.8859 960.1661 949.4464 935.311 916.1746 897.0385 877.9021 858.7657 846.3401 834.9211 823.5021 812.0831 804.1448 803.1677 802.1907 801.2136
1323.626 1312.137 1300.649 1289.16 1277.672 1263.329 1248.125 1232.921 1217.717 1203.988 1195.144 1186.299 1177.455 1168.611 1163.37 1159.705 1156.04 1152.375 1149.108 1147.943 1146.778 1145.613 1144.448 1143.123 1141.7 1140.277 1138.854 1136.944 1129.917 1122.89 1115.863 1108.836 1101.652 1094.34 1087.029 1079.717 1072.39 1064.041 1055.691 1047.342 1038.992 1030.156 1020.789 1011.422 1002.055 992.6879 982.1381 971.5155 960.8929 950.2704 936.7319 918.9237 901.1159 883.3078 865.4996 852.9608 841.2125 829.4641 817.7157 809.1924 807.1193 805.0461 802.973
1330.169 1317.644 1305.118 1292.593 1280.068 1265.281 1249.813 1234.344 1218.875 1205.313 1198.068 1190.822 1183.576 1176.33 1172.616 1170.447 1168.277 1166.108 1164.186 1163.572 1162.958 1162.344 1161.73 1159.67 1156.735 1153.8 1150.865 1147.524 1139.914 1132.303 1124.693 1117.083 1109.283 1101.329 1093.375 1085.42 1077.454 1068.656 1059.859 1051.061 1042.263 1032.919 1022.98 1013.041 1003.101 993.1619 982.6705 972.1451 961.6198 951.0944 938.1526 921.6729 905.1932 888.7134 872.2336 859.5816 847.5038 835.4261 823.3483 814.2401 811.0709 807.9016 804.7324
1336.712 1323.15 1309.588 1296.026 1282.464 1267.234 1251.5 1235.767 1220.034 1206.639 1200.992 1195.344 1189.697 1184.049 1181.862 1181.188 1180.515 1179.841 1179.265 1179.201 1179.138 1179.074 1179.011 1176.216 1171.77 1167.323 1162.876 1158.104 1149.91 1141.717 1133.523 1125.33 1116.914 1108.317 1099.721 1091.124 1082.518 1073.272 1064.026 1054.78 1045.534 1035.683 1025.171 1014.659 1004.148 993.6359 983.2029 972.7748 962.3466 951.9184 939.5735 924.4219 909.2706 894.1191 878.9675 866.2024 853.7952 841.3881 828.981 819.2878 815.0225 810.7571 806.4918
1343.255 1328.656 1314.057 1299.458 1284.859 1269.186 1253.188 1237.19 1221.193 1207.965 1203.916 1199.867 1195.817 1191.768 1191.108 1191.93 1192.752 1193.574 1194.343 1194.83 1195.318 1195.805 1196.292 1192.763 1186.804 1180.846 1174.887 1168.684 1159.907 1151.13 1142.354 1133.577 1124.545 1115.306 1106.067 1096.827 1087.582 1077.888 1068.193 1058.5 1048.805 1038.447 1027.362 1016.278 1005.194 994.11 983.7354 973.4044 963.0734 952.7424 940.9943 927.171 913.348 899.5247 885.7014 872.8231 860.0866 847.3501 834.6136 824.3354 818.974 813.6125 808.2512
1347.181 1332.077 1316.974 1301.871 1286.768 1271.254 1255.616 1239.978 1224.34 1211.694 1208.957 1206.221 1203.484 1200.748 1201.074 1202.741 1204.408 1206.074 1207.526 1207.841 1208.156 1208.472 1208.787 1204.781 1198.161 1191.541 1184.921 1178.095 1169.107 1160.119 1151.131 1142.143 1132.721 1122.946 1113.172 1103.397 1093.616 1083.469 1073.32 1063.172 1053.024 1042.248 1030.788 1019.328 1007.867 996.4072 986.0071 975.6722 965.3374 955.0025 943.6837 930.924 918.1646 905.4049 892.6453 880.1288 867.6487 855.1686 842.6886 832.2755 825.9964 819.7172 813.4381
1348.972 1333.798 1318.625 1303.452 1288.278 1273.416 1258.647 1243.879 1229.11 1217.382 1215.725 1214.068 1212.412 1210.755 1211.628 1213.608 1215.588 1217.568 1219.161 1218.715 1218.269 1217.824 1217.378 1213.104 1206.517 1199.93 1193.342 1186.554 1177.657 1168.761 1159.865 1150.968 1141.341 1131.118 1120.895 1110.672 1100.444 1089.837 1079.229 1068.622 1058.015 1046.897 1035.221 1023.544 1011.868 1000.192 989.6978 979.2766 968.8553 958.434 947.4078 935.4959 923.5842 911.6722 899.7604 887.993 876.2473 864.5016 852.7559 842.575 835.5237 828.4725 821.4212
1350.763 1335.52 1320.276 1305.032 1289.788 1275.578 1261.678 1247.779 1233.88 1223.07 1222.493 1221.916 1221.34 1220.763 1222.183 1224.476 1226.769 1229.062 1230.797 1229.59 1228.383 1227.175 1225.968 1221.428 1214.873 1208.318 1201.763 1195.012 1186.208 1177.403 1168.598 1159.794 1149.961 1139.29 1128.619 1117.948 1107.271 1096.205 1085.139 1074.073 1063.007 1051.545 1039.653 1027.761 1015.869 1003.976 993.3885 982.8809 972.3732 961.8655 951.1321 940.0679 929.0038 917.9396 906.8755 895.8572 884.8459 873.8346 862.8233 852.8746 845.0512 837.2278 829.4044
1352.554 1337.241 1321.927 1306.613 1291.299 1277.739 1264.709 1251.68 1238.65 1228.758 1229.261 1229.764 1230.268 1230.771 1232.737 1235.343 1237.95 1240.556 1242.433 1240.464 1238.496 1236.527 1234.559 1229.752 1223.229 1216.707 1210.184 1203.471 1194.758 1186.045 1177.332 1168.619 1158.581 1147.462 1136.343 1125.223 1114.098 1102.573 1091.048 1079.523 1067.998 1056.194 1044.086 1031.978 1019.869 1007.761 997.0792 986.4852 975.8911 965.2971 954.8563 944.6398 934.4235 924.207 913.9906 903.7216 893.4446 883.1677 872.8907 863.1743 854.5787 845.9831 837.3876
1354.377 1339.009 1323.64 1308.271 1292.903 1280.006 1267.856 1255.707 1243.557 1234.586 1236.148 1237.709 1239.271 1240.833 1243.33 1246.236 1249.141 1252.047 1254.055 1251.326 1248.597 1245.869 1243.14 1238.065 1231.571 1225.076 1218.582 1211.903 1203.287 1194.671 1186.054 1177.438 1167.199 1155.638 1144.077 1132.515 1120.948 1108.963 1096.978 1084.992 1073.007 1060.864 1048.548 1036.231 1023.915 1011.599 1000.827 990.1506 979.4742 968.7977 958.6471 949.2667 939.8865 930.5061 921.1257 911.6011 902.055 892.5089 882.9626 873.4836 864.1386 854.7937 845.4487
1358.354 1343.979 1329.604 1315.229 1300.854 1289.415 1278.864 1268.312 1257.76 1249.926 1251.093 1252.261 1253.429 1254.596 1256.537 1258.817 1261.096 1263.376 1264.748 1261.339 1257.93 1254.521 1251.112 1245.632 1238.901 1232.169 1225.437 1218.577 1210.371 1202.165 1193.959 1185.753 1175.684 1164.096 1152.507 1140.919 1129.317 1116.797 1104.278 1091.758 1079.238 1066.976 1054.995 1043.013 1031.032 1019.05 1008.471 997.9779 987.485 976.9921 966.9681 957.6309 948.2939 938.9567 929.6195 920.5232 911.463 902.4029 893.3427 884.454 875.9082 867.3624 858.8165
1362.33 1348.949 1335.568 1322.186 1308.805 1298.824 1289.871 1280.917 1271.964 1265.266 1266.039 1266.813 1267.586 1268.36 1269.745 1271.398 1273.051 1274.704 1275.442 1271.352 1267.263 1263.173 1259.084 1253.2 1246.231 1239.261 1232.292 1225.25 1217.455 1209.659 1201.864 1194.068 1184.169 1172.553 1160.938 1149.322 1137.686 1124.632 1111.578 1098.524 1085.469 1073.088 1061.442 1049.795 1038.148 1026.501 1016.115 1005.805 995.4958 985.1865 975.2892 965.9952 956.7014 947.4073 938.1133 929.4453 920.8711 912.2969 903.7227 895.4244 887.6777 879.931 872.1843
1366.307 1353.919 1341.531 1329.143 1316.755 1308.233 1300.878 1293.523 1286.167 1280.606 1280.985 1281.364 1281.744 1282.123 1282.953 1283.979 1285.006 1286.032 1286.135 1281.365 1276.596 1271.826 1267.056 1260.768 1253.561 1246.354 1239.147 1231.924 1224.539 1217.154 1209.768 1202.383 1192.653 1181.011 1169.368 1157.726 1146.055 1132.467 1118.878 1105.289 1091.7 1079.201 1067.889 1056.577 1045.265 1033.953 1023.758 1013.633 1003.507 993.3809 983.6102 974.3594 965.1088 955.858 946.6071 938.3673 930.2791 922.191 914.1028 906.3948 899.4473 892.4997 885.5521
1370.284 1358.889 1347.495 1336.101 1324.706 1317.642 1311.885 1306.128 1300.371 1295.946 1295.931 1295.916 1295.901 1295.886 1296.16 1296.56 1296.961 1297.361 1296.828 1291.378 1285.928 1280.478 1275.028 1268.335 1260.891 1253.446 1246.001 1238.598 1231.623 1224.648 1217.673 1210.698 1201.138 1189.469 1177.799 1166.13 1154.425 1140.302 1126.178 1112.055 1097.931 1085.313 1074.336 1063.358 1052.381 1041.404 1031.402 1021.46 1011.518 1001.575 991.9313 982.7236 973.5162 964.3086 955.101 947.2894 939.6872 932.085 924.4828 917.3652 911.2168 905.0684 898.9199
1376.169 1366.115 1356.06 1346.005 1335.951 1329.96 1325.197 1320.434 1315.671 1311.939 1311.623 1311.307 1310.991 1310.675 1310.472 1310.318 1310.165 1310.011 1308.904 1302.771 1296.638 1290.505 1284.372 1277.088 1269.109 1261.13 1253.151 1245.271 1238.441 1231.611 1224.78 1217.95 1208.694 1197.46 1186.225 1174.991 1163.709 1149.123 1134.538 1119.952 1105.366 1092.431 1081.295 1070.16 1059.024 1047.888 1038.125 1028.447 1018.768 1009.09 999.6584 990.5895 981.5208 972.452 963.3831 955.7068 948.2394 940.772 933.3046 926.3495 920.4191 914.4888 908.5585
1384.138 1375.8 1367.463 1359.125 1350.788 1345.453 1341.025 1336.597 1332.168 1328.647 1328.131 1327.615 1327.1 1326.584 1325.989 1325.36 1324.731 1324.102 1322.486 1315.668 1308.849 1302.03 1295.212 1287.135 1278.297 1269.459 1260.622 1251.946 1244.97 1237.993 1231.017 1224.041 1215.237 1204.942 1194.648 1184.353 1173.991 1159.022 1144.053 1129.084 1114.115 1100.646 1088.814 1076.982 1065.15 1053.317 1043.845 1034.517 1025.189 1015.862 1006.738 997.912 989.0862 980.2603 971.4344 963.5739 955.858 948.1422 940.4264 933.1672 926.8211 920.475 914.1289
1392.107 1385.486 1378.866 1372.245 1365.625 1360.946 1356.852 1352.759 1348.665 1345.355 1344.639 1343.924 1343.208 1342.492 1341.506 1340.402 1339.298 1338.194 1336.069 1328.565 1321.06 1313.556 1306.051 1297.181 1287.485 1277.789 1268.093 1258.62 1251.498 1244.376 1237.254 1230.132 1221.78 1212.425 1203.07 1193.715 1184.273 1168.921 1153.568 1138.216 1122.864 1108.862 1096.333 1083.804 1071.275 1058.746 1049.564 1040.587 1031.611 1022.634 1013.817 1005.234 996.6516 988.0687 979.4858 971.4409 963.4767 955.5125 947.5483 939.9849 933.223 926.4611 919.6993
1400.075 1395.172 1390.269 1385.366 1380.462 1376.438 1372.679 1368.921 1365.162 1362.062 1361.147 1360.232 1359.316 1358.401 1357.024 1355.444 1353.865 1352.285 1349.652 1341.462 1333.272 1325.081 1316.891 1307.228 1296.673 1286.118 1275.563 1265.294 1258.027 1250.759 1243.491 1236.223 1228.323 1219.907 1211.492 1203.076 1194.555 1178.819 1163.083 1147.348 1131.612 1117.077 1103.852 1090.626 1077.401 1064.176 1055.283 1046.658 1038.032 1029.406 1020.897 1012.557 1004.217 995.8771 987.5372 979.3079 971.0953 962.8828 954.6702 946.8026 939.6249 932.4473 925.2697
1408.044 1404.858 1401.672 1398.486 1395.3 1391.931 1388.507 1385.083 1381.659 1378.77 1377.655 1376.54 1375.425 1374.309 1372.541 1370.486 1368.432 1366.377 1363.235 1354.359 1345.483 1336.607 1327.731 1317.274 1305.861 1294.448 1283.034 1271.969 1264.555 1257.141 1249.728 1242.314 1234.866 1227.39 1219.914 1212.438 1204.837 1188.718 1172.599 1156.48 1140.361 1125.293 1111.371 1097.449 1083.527 1069.605 1061.003 1052.728 1044.453 1036.179 1027.976 1019.879 1011.782 1003.685 995.5885 987.175 978.714 970.2531 961.7921 953.6202 946.0269 938.4335 930.8401
1410.403 1407.637 1404.871 1402.105 1399.339 1396.434 1393.487 1390.54 1387.594 1385.079 1383.998 1382.917 1381.837 1380.756 1378.773 1376.396 1374.019 1371.641 1368.179 1358.994 1349.808 1340.623 1331.438 1320.487 1308.47 1296.453 1284.435 1272.798 1265.152 1257.506 1249.86 1242.214 1235.003 1228.146 1221.289 1214.432 1207.45 1191.996 1176.541 1161.087 1145.632 1130.816 1116.696 1102.576 1088.456 1074.336 1065.401 1056.786 1048.17 1039.555 1031.021 1022.608 1014.194 1005.781 997.3675 988.9532 980.5389 972.1245 963.7101 955.4885 947.6523 939.8161 931.9799
1412.417 1409.991 1407.565 1405.14 1402.714 1400.261 1397.8 1395.339 1392.878 1390.749 1389.717 1388.684 1387.652 1386.62 1384.434 1381.743 1379.053 1376.363 1372.591 1363.12 1353.648 1344.177 1334.705 1323.28 1310.674 1298.068 1285.462 1273.267 1265.384 1257.5 1249.616 1241.733 1234.745 1228.487 1222.23 1215.972 1209.592 1194.866 1180.141 1165.415 1150.689 1136.173 1121.886 1107.599 1093.311 1079.024 1069.718 1060.72 1051.721 1042.722 1033.818 1025.054 1016.289 1007.525 998.7604 990.3568 982.0072 973.6577 965.308 957.0522 948.9838 940.9155 932.847
