data/zism_data/00651_03_D.txt
ncols         224
nrows         224
[rows 0 to 29 of 224, columns 68 to 135 of 224]
3600.069 3600.037 3600.004 3600.0 3600.0 3600.0 3600.0 3600.0 3600.0 3600.0 3600.0 3600.0 3600.0 3600.0 3600.0 3600.0 3600.0 3600.0 3600.0 3600.0 3600.0 3600.357 3600.805 3601.252 3601.7 3602.264 3603.126 3603.989 3604.852 3605.715 3606.475 3607.204 3607.933 3608.662 3609.282 3609.57 3609.856 3610.143 3610.43 3610.905 3611.449 3611.994 3612.539 3613.131 3613.901 3614.671 3615.442 3616.212 3616.07 3615.519 3614.968 3614.417 3613.679 3612.042 3610.406 3608.769 3607.133 3605.894 3604.865 3603.836 3602.807 3601.861 3601.436 3601.011 3600.587 3600.162 3600.0 3600.0
3600.104 3600.055 3600.006 3600.0 3600.0 3600.0 3600.0 3600.0 3600.0 3600.0 3600.0 3600.0 3600.0 3600.0 3600.0 3600.0 3600.0 3600.0 3600.0 3600.0 3600.0 3600.379 3600.854 3601.328 3601.802 3602.396 3603.297 3604.198 3605.098 3605.999 3606.793 3607.554 3608.315 3609.077 3609.751 3610.157 3610.563 3610.969 3611.375 3611.936 3612.557 3613.177 3613.798 3614.453 3615.239 3616.026 3616.812 3617.598 3617.424 3616.819 3616.215 3615.61 3614.804 3613.038 3611.272 3609.505 3607.739 3606.417 3605.328 3604.24 3603.152 3602.145 3601.656 3601.166 3600.676 3600.187 3600.0 3600.0
3600.138 3600.073 3600.008 3600.0 3600.0 3600.0 3600.0 3600.0 3600.0 3600.0 3600.0 3600.0 3600.0 3600.0 3600.0 3600.0 3600.0 3600.0 3600.0 3600.0 3600.0 3600.401 3600.902 3601.404 3601.905 3602.529 3603.468 3604.406 3605.344 3606.283 3607.111 3607.904 3608.698 3609.492 3610.22 3610.745 3611.269 3611.794 3612.319 3612.968 3613.664 3614.36 3615.056 3615.775 3616.577 3617.38 3618.183 3618.985 3618.779 3618.12 3617.461 3616.802 3615.93 3614.034 3612.137 3610.241 3608.345 3606.939 3605.792 3604.644 3603.496 3602.429 3601.875 3601.32 3600.766 3600.211 3600.0 3600.0
3600.223 3600.149 3600.075 3600.053 3600.039 3600.024 3600.01 3600.0 3600.0 3600.0 3600.0 3600.0 3600.0 3600.0 3600.0 3600.0 3600.0 3600.0 3600.0 3600.0 3600.0 3600.412 3600.929 3601.445 3601.962 3602.602 3603.562 3604.521 3605.48 3606.439 3607.28 3608.084 3608.889 3609.693 3610.448 3611.053 3611.658 3612.263 3612.868 3613.553 3614.269 3614.985 3615.701 3616.44 3617.266 3618.092 3618.918 3619.744 3619.486 3618.741 3617.997 3617.253 3616.288 3614.267 3612.246 3610.225 3608.204 3606.767 3605.637 3604.508 3603.378 3602.331 3601.799 3601.267 3600.735 3600.203 3600.0 3600.0
3600.369 3600.296 3600.222 3600.171 3600.124 3600.077 3600.031 3600.0 3600.0 3600.0 3600.0 3600.0 3600.0 3600.0 3600.0 3600.0 3600.0 3600.0 3600.0 3600.0 3600.0 3600.412 3600.929 3601.445 3601.962 3602.602 3603.562 3604.521 3605.48 3606.439 3607.268 3608.056 3608.844 3609.632 3610.383 3611.02 3611.657 3612.295 3612.932 3613.591 3614.258 3614.926 3615.593 3616.3 3617.159 3618.017 3618.876 3619.734 3619.4 3618.531 3617.663 3616.794 3615.706 3613.566 3611.426 3609.286 3607.146 3605.742 3604.726 3603.71 3602.694 3601.762 3601.36 3600.958 3600.556 3600.153 3600.0 3600.0
3600.516 3600.442 3600.368 3600.29 3600.21 3600.131 3600.052 3600.0 3600.0 3600.0 3600.0 3600.0 3600.0 3600.0 3600.0 3600.0 3600.0 3600.0 3600.0 3600.0 3600.0 3600.412 3600.929 3601.445 3601.962 3602.602 3603.562 3604.521 3605.48 3606.439 3607.255 3608.027 3608.799 3609.571 3610.318 3610.987 3611.657 3612.327 3612.996 3613.629 3614.248 3614.866 3615.485 3616.16 3617.052 3617.942 3618.833 3619.724 3619.314 3618.321 3617.328 3616.335 3615.124 3612.865 3610.606 3608.347 3606.089 3604.718 3603.815 3602.913 3602.01 3601.194 3600.922 3600.649 3600.376 3600.104 3600.0 3600.0
3600.662 3600.589 3600.515 3600.408 3600.296 3600.184 3600.073 3600.0 3600.0 3600.0 3600.0 3600.0 3600.0 3600.0 3600.0 3600.0 3600.0 3600.0 3600.0 3600.0 3600.0 3600.412 3600.929 3601.445 3601.962 3602.602 3603.562 3604.521 3605.48 3606.439 3607.243 3607.999 3608.754 3609.51 3610.252 3610.955 3611.656 3612.359 3613.061 3613.667 3614.237 3614.807 3615.377 3616.021 3616.944 3617.868 3618.791 3619.714 3619.228 3618.111 3616.994 3615.876 3614.542 3612.164 3609.786 3607.409 3605.031 3603.694 3602.905 3602.115 3601.327 3600.626 3600.483 3600.34 3600.197 3600.054 3600.0 3600.0
3600.809 3600.735 3600.661 3600.526 3600.382 3600.238 3600.094 3600.0 3600.0 3600.0 3600.0 3600.0 3600.0 3600.0 3600.0 3600.0 3600.0 3600.0 3600.0 3600.0 3600.0 3600.412 3600.929 3601.445 3601.962 3602.602 3603.562 3604.521 3605.48 3606.439 3607.231 3607.97 3608.709 3609.449 3610.187 3610.922 3611.656 3612.391 3613.125 3613.705 3614.226 3614.748 3615.269 3615.881 3616.837 3617.793 3618.749 3619.704 3619.143 3617.901 3616.659 3615.418 3613.959 3611.463 3608.967 3606.47 3603.974 3602.669 3601.994 3601.318 3600.643 3600.058 3600.044 3600.031 3600.018 3600.005 3600.0 3600.0
3601.106 3601.013 3600.92 3600.771 3600.614 3600.457 3600.299 3600.186 3600.151 3600.117 3600.083 3600.05 3600.036 3600.026 3600.016 3600.007 3600.0 3600.0 3600.0 3600.0 3600.0 3600.385 3600.868 3601.35 3601.833 3602.438 3603.358 3604.279 3605.199 3606.119 3606.9 3607.638 3608.376 3609.114 3609.833 3610.492 3611.153 3611.813 3612.473 3612.944 3613.344 3613.744 3614.144 3614.594 3615.238 3615.881 3616.525 3617.168 3616.531 3615.321 3614.11 3612.9 3611.537 3609.446 3607.355 3605.264 3603.174 3602.096 3601.554 3601.011 3600.469 3600.0 3600.0 3600.0 3600.0 3600.0 3600.0 3600.0
3601.421 3601.306 3601.191 3601.03 3600.862 3600.694 3600.526 3600.392 3600.32 3600.248 3600.177 3600.104 3600.076 3600.055 3600.034 3600.014 3600.0 3600.0 3600.0 3600.0 3600.0 3600.355 3600.8 3601.244 3601.689 3602.255 3603.132 3604.009 3604.886 3605.763 3606.534 3607.272 3608.01 3608.747 3609.445 3610.019 3610.592 3611.166 3611.74 3612.093 3612.363 3612.633 3612.903 3613.178 3613.47 3613.763 3614.055 3614.347 3613.635 3612.473 3611.311 3610.149 3608.907 3607.281 3605.655 3604.029 3602.403 3601.574 3601.167 3600.759 3600.352 3600.0 3600.0 3600.0 3600.0 3600.0 3600.0 3600.0
3601.736 3601.599 3601.463 3601.289 3601.111 3600.932 3600.753 3600.598 3600.489 3600.379 3600.269 3600.16 3600.115 3600.084 3600.053 3600.021 3600.0 3600.0 3600.0 3600.0 3600.0 3600.325 3600.732 3601.138 3601.545 3602.072 3602.906 3603.74 3604.573 3605.407 3606.168 3606.906 3607.643 3608.381 3609.058 3609.545 3610.032 3610.519 3611.006 3611.241 3611.382 3611.523 3611.663 3611.762 3611.703 3611.644 3611.585 3611.526 3610.739 3609.625 3608.512 3607.399 3606.277 3605.116 3603.955 3602.793 3601.632 3601.052 3600.78 3600.508 3600.235 3600.0 3600.0 3600.0 3600.0 3600.0 3600.0 3600.0
3602.05 3601.892 3601.734 3601.549 3601.359 3601.169 3600.979 3600.805 3600.657 3600.51 3600.362 3600.215 3600.155 3600.113 3600.071 3600.029 3600.0 3600.0 3600.0 3600.0 3600.0 3600.295 3600.664 3601.032 3601.401 3601.889 3602.679 3603.47 3604.26 3605.051 3605.802 3606.539 3607.277 3608.015 3608.67 3609.071 3609.472 3609.872 3610.273 3610.39 3610.401 3610.412 3610.423 3610.346 3609.936 3609.525 3609.115 3608.705 3607.843 3606.778 3605.713 3604.648 3603.647 3602.951 3602.254 3601.557 3600.861 3600.53 3600.393 3600.256 3600.118 3600.0 3600.0 3600.0 3600.0 3600.0 3600.0 3600.0
3602.315 3602.147 3601.979 3601.787 3601.592 3601.397 3601.203 3601.015 3600.841 3600.667 3600.493 3600.319 3600.237 3600.172 3600.108 3600.044 3600.0 3600.0 3600.0 3600.0 3600.0 3600.269 3600.606 3600.942 3601.279 3601.733 3602.488 3603.243 3603.998 3604.753 3605.485 3606.209 3606.934 3607.659 3608.285 3608.606 3608.928 3609.25 3609.572 3609.584 3609.48 3609.376 3609.273 3609.054 3608.399 3607.745 3607.091 3606.436 3605.563 3604.593 3603.622 3602.651 3601.785 3601.421 3601.058 3600.694 3600.331 3600.176 3600.13 3600.085 3600.039 3600.0 3600.0 3600.0 3600.0 3600.0 3600.0 3600.0
3602.488 3602.33 3602.173 3601.987 3601.798 3601.608 3601.419 3601.233 3601.053 3600.874 3600.695 3600.515 3600.396 3600.288 3600.181 3600.073 3600.0 3600.0 3600.0 3600.0 3600.0 3600.252 3600.567 3600.882 3601.197 3601.63 3602.363 3603.096 3603.829 3604.563 3605.26 3605.947 3606.634 3607.321 3607.903 3608.159 3608.416 3608.673 3608.93 3608.862 3608.672 3608.481 3608.291 3607.995 3607.297 3606.6 3605.902 3605.204 3604.441 3603.649 3602.856 3602.063 3601.36 3601.083 3600.806 3600.529 3600.252 3600.134 3600.099 3600.064 3600.03 3600.0 3600.0 3600.0 3600.0 3600.0 3600.0 3600.0
3602.66 3602.513 3602.366 3602.187 3602.003 3601.819 3601.635 3601.451 3601.266 3601.081 3600.896 3600.711 3600.555 3600.404 3600.254 3600.103 3600.0 3600.0 3600.0 3600.0 3600.0 3600.234 3600.528 3600.822 3601.115 3601.526 3602.238 3602.949 3603.661 3604.373 3605.036 3605.685 3606.334 3606.983 3607.521 3607.712 3607.905 3608.097 3608.289 3608.14 3607.863 3607.586 3607.31 3606.936 3606.195 3605.454 3604.713 3603.972 3603.319 3602.705 3602.091 3601.476 3600.935 3600.745 3600.554 3600.364 3600.173 3600.092 3600.068 3600.044 3600.021 3600.0 3600.0 3600.0 3600.0 3600.0 3600.0 3600.0
3602.833 3602.697 3602.561 3602.387 3602.209 3602.03 3601.851 3601.669 3601.478 3601.288 3601.098 3600.908 3600.714 3600.52 3600.326 3600.133 3600.0 3600.0 3600.0 3600.0 3600.0 3600.217 3600.489 3600.761 3601.033 3601.422 3602.112 3602.802 3603.492 3604.182 3604.812 3605.423 3606.034 3606.646 3607.138 3607.265 3607.393 3607.52 3607.647 3607.418 3607.055 3606.691 3606.328 3605.877 3605.093 3604.309 3603.525 3602.74 3602.197 3601.761 3601.325 3600.889 3600.511 3600.407 3600.303 3600.199 3600.095 3600.05 3600.037 3600.024 3600.011 3600.0 3600.0 3600.0 3600.0 3600.0 3600.0 3600.0
3603.005 3602.88 3602.754 3602.587 3602.414 3602.241 3602.068 3601.886 3601.691 3601.495 3601.3 3601.104 3600.874 3600.636 3600.399 3600.162 3600.0 3600.0 3600.0 3600.0 3600.0 3600.2 3600.45 3600.7 3600.951 3601.318 3601.987 3602.655 3603.324 3603.992 3604.588 3605.161 3605.734 3606.308 3606.756 3606.818 3606.881 3606.943 3607.006 3606.696 3606.246 3605.796 3605.346 3604.818 3603.991 3603.163 3602.336 3601.509 3601.075 3600.817 3600.56 3600.302 3600.086 3600.069 3600.051 3600.033 3600.016 3600.009 3600.006 3600.004 3600.002 3600.0 3600.0 3600.0 3600.0 3600.0 3600.0 3600.0
3603.26 3603.106 3602.953 3602.787 3602.62 3602.452 3602.284 3602.104 3601.903 3601.702 3601.501 3601.3 3601.054 3600.8 3600.545 3600.291 3600.109 3600.083 3600.057 3600.031 3600.005 3600.183 3600.411 3600.64 3600.869 3601.216 3601.867 3602.518 3603.169 3603.82 3604.38 3604.911 3605.442 3605.973 3606.385 3606.425 3606.466 3606.506 3606.547 3606.24 3605.803 3605.366 3604.929 3604.417 3603.625 3602.832 3602.038 3601.245 3600.847 3600.626 3600.405 3600.183 3600.0 3600.0 3600.0 3600.0 3600.0 3600.0 3600.0 3600.0 3600.0 3600.0 3600.0 3600.0 3600.0 3600.0 3600.0 3600.0
3603.535 3603.344 3603.154 3602.987 3602.825 3602.663 3602.5 3602.322 3602.116 3601.909 3601.703 3601.496 3601.241 3600.975 3600.71 3600.445 3600.245 3600.187 3600.128 3600.07 3600.012 3600.165 3600.372 3600.58 3600.787 3601.114 3601.749 3602.384 3603.018 3603.653 3604.176 3604.664 3605.152 3605.64 3606.016 3606.045 3606.075 3606.105 3606.135 3605.853 3605.453 3605.054 3604.655 3604.185 3603.446 3602.707 3601.968 3601.229 3600.847 3600.626 3600.405 3600.183 3600.0 3600.0 3600.0 3600.0 3600.0 3600.0 3600.0 3600.0 3600.0 3600.0 3600.0 3600.0 3600.0 3600.0 3600.0 3600.0
3603.811 3603.583 3603.354 3603.187 3603.03 3602.873 3602.716 3602.54 3602.328 3602.116 3601.904 3601.693 3601.427 3601.151 3600.875 3600.598 3600.381 3600.29 3600.2 3600.109 3600.018 3600.148 3600.333 3600.519 3600.704 3601.011 3601.63 3602.249 3602.867 3603.486 3603.972 3604.417 3604.862 3605.306 3605.647 3605.666 3605.685 3605.704 3605.723 3605.465 3605.104 3604.742 3604.381 3603.952 3603.267 3602.582 3601.897 3601.212 3600.847 3600.626 3600.405 3600.183 3600.0 3600.0 3600.0 3600.0 3600.0 3600.0 3600.0 3600.0 3600.0 3600.0 3600.0 3600.0 3600.0 3600.0 3600.0 3600.0
3604.087 3603.821 3603.554 3603.387 3603.236 3603.084 3602.933 3602.758 3602.541 3602.323 3602.106 3601.889 3601.613 3601.326 3601.039 3600.752 3600.517 3600.394 3600.271 3600.148 3600.025 3600.131 3600.295 3600.458 3600.622 3600.909 3601.512 3602.114 3602.717 3603.319 3603.768 3604.17 3604.571 3604.973 3605.278 3605.286 3605.294 3605.302 3605.311 3605.078 3604.754 3604.43 3604.107 3603.719 3603.088 3602.457 3601.826 3601.195 3600.847 3600.626 3600.405 3600.183 3600.0 3600.0 3600.0 3600.0 3600.0 3600.0 3600.0 3600.0 3600.0 3600.0 3600.0 3600.0 3600.0 3600.0 3600.0 3600.0
3604.344 3604.051 3603.759 3603.589 3603.437 3603.286 3603.134 3602.957 3602.731 3602.506 3602.281 3602.055 3601.775 3601.484 3601.193 3600.902 3600.653 3600.498 3600.342 3600.187 3600.031 3600.118 3600.265 3600.413 3600.56 3600.829 3601.407 3601.985 3602.564 3603.142 3603.554 3603.916 3604.276 3604.637 3604.91 3604.913 3604.916 3604.918 3604.921 3604.714 3604.428 3604.142 3603.857 3603.509 3602.927 3602.344 3601.762 3601.18 3600.847 3600.626 3600.405 3600.183 3600.0 3600.0 3600.0 3600.0 3600.0 3600.0 3600.0 3600.0 3600.0 3600.0 3600.0 3600.0 3600.0 3600.0 3600.0 3600.0
3604.54 3604.259 3603.977 3603.794 3603.627 3603.459 3603.291 3603.097 3602.856 3602.614 3602.373 3602.131 3601.862 3601.587 3601.312 3601.037 3600.79 3600.602 3600.414 3600.226 3600.038 3600.118 3600.265 3600.413 3600.56 3600.815 3601.345 3601.875 3602.404 3602.934 3603.31 3603.638 3603.967 3604.295 3604.547 3604.56 3604.574 3604.587 3604.601 3604.424 3604.176 3603.928 3603.68 3603.369 3602.819 3602.27 3601.72 3601.17 3600.847 3600.626 3600.405 3600.183 3600.0 3600.0 3600.0 3600.0 3600.0 3600.0 3600.0 3600.0 3600.0 3600.0 3600.0 3600.0 3600.0 3600.0 3600.0 3600.0
3604.737 3604.466 3604.195 3604.0 3603.816 3603.632 3603.448 3603.238 3602.98 3602.723 3602.465 3602.207 3601.949 3601.69 3601.431 3601.172 3600.926 3600.706 3600.485 3600.265 3600.044 3600.118 3600.265 3600.413 3600.56 3600.802 3601.282 3601.764 3602.245 3602.726 3603.066 3603.362 3603.658 3603.954 3604.183 3604.208 3604.232 3604.256 3604.281 3604.134 3603.924 3603.714 3603.504 3603.229 3602.712 3602.195 3601.677 3601.16 3600.847 3600.626 3600.405 3600.183 3600.0 3600.0 3600.0 3600.0 3600.0 3600.0 3600.0 3600.0 3600.0 3600.0 3600.0 3600.0 3600.0 3600.0 3600.0 3600.0
3604.934 3604.674 3604.414 3604.206 3604.005 3603.805 3603.605 3603.379 3603.105 3602.831 3602.557 3602.283 3602.035 3601.793 3601.551 3601.308 3601.062 3600.809 3600.557 3600.304 3600.051 3600.118 3600.265 3600.413 3600.56 3600.788 3601.22 3601.653 3602.085 3602.518 3602.821 3603.085 3603.348 3603.612 3603.82 3603.855 3603.89 3603.925 3603.96 3603.844 3603.672 3603.5 3603.327 3603.09 3602.605 3602.12 3601.635 3601.15 3600.847 3600.626 3600.405 3600.183 3600.0 3600.0 3600.0 3600.0 3600.0 3600.0 3600.0 3600.0 3600.0 3600.0 3600.0 3600.0 3600.0 3600.0 3600.0 3600.0
3605.13 3604.881 3604.632 3604.411 3604.195 3603.979 3603.762 3603.52 3603.229 3602.939 3602.649 3602.359 3602.122 3601.896 3601.67 3601.443 3601.198 3600.913 3600.628 3600.343 3600.057 3600.118 3600.265 3600.413 3600.56 3600.774 3601.158 3601.542 3601.926 3602.309 3602.577 3602.808 3603.039 3603.27 3603.456 3603.502 3603.548 3603.594 3603.64 3603.554 3603.42 3603.285 3603.151 3602.95 3602.498 3602.045 3601.593 3601.14 3600.847 3600.626 3600.405 3600.183 3600.0 3600.0 3600.0 3600.0 3600.0 3600.0 3600.0 3600.0 3600.0 3600.0 3600.0 3600.0 3600.0 3600.0 3600.0 3600.0
3605.336 3605.102 3604.867 3604.631 3604.394 3604.158 3603.922 3603.666 3603.375 3603.083 3602.792 3602.5 3602.264 3602.039 3601.814 3601.589 3601.345 3601.062 3600.778 3600.494 3600.21 3600.262 3600.398 3600.534 3600.67 3600.865 3601.207 3601.55 3601.893 3602.235 3602.471 3602.674 3602.876 3603.079 3603.238 3603.265 3603.291 3603.318 3603.344 3603.254 3603.12 3602.986 3602.852 3602.657 3602.238 3601.817 3601.397 3600.977 3600.718 3600.53 3600.343 3600.155 3600.0 3600.0 3600.0 3600.0 3600.0 3600.0 3600.0 3600.0 3600.0 3600.0 3600.0 3600.0 3600.0 3600.0 3600.0 3600.0
3605.546 3605.327 3605.109 3604.856 3604.598 3604.34 3604.082 3603.814 3603.528 3603.242 3602.957 3602.671 3602.431 3602.2 3601.97 3601.739 3601.497 3601.229 3600.962 3600.694 3600.427 3600.469 3600.589 3600.708 3600.829 3601.0 3601.305 3601.61 3601.915 3602.22 3602.426 3602.601 3602.777 3602.952 3603.083 3603.078 3603.072 3603.066 3603.06 3602.949 3602.799 3602.648 3602.498 3602.298 3601.91 3601.523 3601.135 3600.747 3600.531 3600.393 3600.254 3600.115 3600.0 3600.0 3600.0 3600.0 3600.0 3600.0 3600.0 3600.0 3600.0 3600.0 3600.0 3600.0 3600.0 3600.0 3600.0 3600.0
3605.756 3605.553 3605.351 3605.081 3604.802 3604.522 3604.243 3603.963 3603.682 3603.402 3603.121 3602.841 3602.597 3602.361 3602.125 3601.889 3601.649 3601.397 3601.146 3600.894 3600.643 3600.675 3600.779 3600.883 3600.987 3601.136 3601.403 3601.67 3601.937 3602.204 3602.381 3602.529 3602.678 3602.826 3602.929 3602.891 3602.853 3602.814 3602.776 3602.645 3602.478 3602.311 3602.145 3601.938 3601.583 3601.228 3600.873 3600.518 3600.345 3600.255 3600.165 3600.075 3600.0 3600.0 3600.0 3600.0 3600.0 3600.0 3600.0 3600.0 3600.0 3600.0 3600.0 3600.0 3600.0 3600.0 3600.0 3600.0
3605.965 3605.779 3605.593 3605.307 3605.006 3604.704 3604.403 3604.111 3603.836 3603.561 3603.286 3603.01 3602.764 3602.522 3602.281 3602.04 3601.8 3601.565 3601.33 3601.095 3600.859 3600.882 3600.97 3601.057 3601.145 3601.272 3601.501 3601.73 3601.96 3602.189 3602.336 3602.457 3602.579 3602.7 3602.775 3602.704 3602.633 3602.563 3602.492 3602.34 3602.157 3601.974 3601.791 3601.579 3601.256 3600.933 3600.611 3600.288 3600.159 3600.118 3600.076 3600.034 3600.0 3600.0 3600.0 3600.0 3600.0 3600.0 3600.0 3600.0 3600.0 3600.0 3600.0 3600.0 3600.0 3600.0 3600.0 3600.0
