data/zism_data/00668_04_D.txt
ncols         224
nrows         224
[rows 196 to 223 of 224, columns 63 to 125 of 224]
1508.702 1507.54 1506.449 1505.383 1504.316 1503.249 1502.282 1501.783 1501.285 1500.786 1500.287 1500.16 1500.274 1500.388 1500.503 1500.619 1500.78 1500.942 1501.104 1501.265 1501.351 1501.351 1501.351 1501.351 1501.351 1501.298 1501.238 1501.178 1501.118 1501.057 1500.993 1500.928 1500.864 1500.799 1500.673 1500.527 1500.381 1500.235 1500.057 1499.74 1499.422 1499.105 1498.787 1498.291 1497.686 1497.081 1496.475 1495.874 1495.353 1494.832 1494.311 1493.79 1493.553 1493.623 1493.693 1493.762 1493.832 1494.218 1494.634 1495.05 1495.466 1496.005 1496.78
1507.958 1506.823 1505.783 1504.775 1503.768 1502.76 1501.851 1501.406 1500.96 1500.515 1500.07 1499.957 1500.061 1500.164 1500.268 1500.374 1500.541 1500.708 1500.875 1501.042 1501.131 1501.131 1501.131 1501.131 1501.131 1501.111 1501.089 1501.066 1501.044 1501.006 1500.936 1500.867 1500.797 1500.727 1500.6 1500.454 1500.308 1500.162 1499.986 1499.685 1499.384 1499.082 1498.781 1498.271 1497.634 1496.996 1496.359 1495.724 1495.133 1494.542 1493.951 1493.361 1493.06 1493.07 1493.081 1493.092 1493.102 1493.454 1493.837 1494.221 1494.605 1495.103 1495.819
1507.044 1505.961 1505.005 1504.093 1503.181 1502.27 1501.448 1501.052 1500.656 1500.26 1499.864 1499.766 1499.861 1499.956 1500.051 1500.149 1500.317 1500.485 1500.653 1500.821 1500.911 1500.911 1500.911 1500.911 1500.911 1500.911 1500.911 1500.911 1500.911 1500.889 1500.822 1500.756 1500.689 1500.623 1500.496 1500.35 1500.204 1500.059 1499.883 1499.578 1499.273 1498.968 1498.663 1498.136 1497.473 1496.81 1496.147 1495.485 1494.844 1494.203 1493.562 1492.921 1492.566 1492.517 1492.469 1492.421 1492.373 1492.719 1493.104 1493.488 1493.872 1494.36 1495.045
1505.883 1504.885 1504.063 1503.302 1502.54 1501.778 1501.088 1500.735 1500.382 1500.029 1499.676 1499.591 1499.681 1499.771 1499.86 1499.953 1500.115 1500.278 1500.441 1500.603 1500.69 1500.69 1500.69 1500.69 1500.69 1500.69 1500.69 1500.69 1500.69 1500.674 1500.623 1500.573 1500.523 1500.472 1500.349 1500.203 1500.057 1499.912 1499.729 1499.392 1499.055 1498.718 1498.381 1497.832 1497.153 1496.474 1495.795 1495.116 1494.454 1493.792 1493.129 1492.467 1492.072 1491.965 1491.858 1491.75 1491.643 1492.028 1492.461 1492.894 1493.326 1493.849 1494.545
1504.722 1503.81 1503.122 1502.51 1501.899 1501.287 1500.728 1500.418 1500.108 1499.798 1499.488 1499.416 1499.501 1499.585 1499.67 1499.757 1499.914 1500.071 1500.229 1500.386 1500.47 1500.47 1500.47 1500.47 1500.47 1500.47 1500.47 1500.47 1500.47 1500.458 1500.424 1500.39 1500.356 1500.321 1500.202 1500.057 1499.911 1499.765 1499.576 1499.207 1498.838 1498.469 1498.1 1497.528 1496.833 1496.138 1495.443 1494.748 1494.064 1493.38 1492.696 1492.013 1491.578 1491.412 1491.246 1491.08 1490.913 1491.338 1491.818 1492.299 1492.78 1493.338 1494.045
1503.562 1502.735 1502.18 1501.719 1501.257 1500.796 1500.369 1500.101 1499.834 1499.567 1499.299 1499.242 1499.321 1499.4 1499.479 1499.56 1499.712 1499.864 1500.016 1500.168 1500.249 1500.249 1500.249 1500.249 1500.249 1500.249 1500.249 1500.249 1500.249 1500.243 1500.225 1500.207 1500.189 1500.171 1500.055 1499.91 1499.764 1499.618 1499.423 1499.022 1498.621 1498.219 1497.818 1497.224 1496.513 1495.802 1495.09 1494.379 1493.674 1492.969 1492.264 1491.558 1491.084 1490.859 1490.634 1490.409 1490.184 1490.647 1491.176 1491.705 1492.234 1492.828 1493.545
1502.401 1501.66 1501.239 1500.927 1500.616 1500.305 1500.009 1499.784 1499.56 1499.335 1499.111 1499.067 1499.141 1499.214 1499.288 1499.364 1499.511 1499.657 1499.804 1499.951 1500.029 1500.029 1500.029 1500.029 1500.029 1500.029 1500.029 1500.029 1500.029 1500.028 1500.026 1500.024 1500.022 1500.02 1499.908 1499.763 1499.617 1499.471 1499.27 1498.837 1498.403 1497.97 1497.536 1496.92 1496.193 1495.466 1494.738 1494.011 1493.284 1492.557 1491.831 1491.104 1490.591 1490.307 1490.022 1489.738 1489.454 1489.956 1490.533 1491.111 1491.688 1492.317 1493.045
1501.865 1501.238 1500.892 1500.642 1500.392 1500.142 1499.902 1499.706 1499.511 1499.315 1499.12 1499.073 1499.122 1499.172 1499.222 1499.274 1499.392 1499.51 1499.628 1499.745 1499.8 1499.781 1499.762 1499.744 1499.725 1499.715 1499.705 1499.696 1499.687 1499.681 1499.681 1499.681 1499.681 1499.681 1499.556 1499.391 1499.227 1499.062 1498.836 1498.347 1497.858 1497.369 1496.88 1496.242 1495.512 1494.783 1494.053 1493.325 1492.614 1491.903 1491.192 1490.481 1489.959 1489.639 1489.319 1489.0 1488.68 1489.129 1489.652 1490.175 1490.698 1491.292 1492.021
1501.423 1500.914 1500.634 1500.432 1500.23 1500.029 1499.833 1499.664 1499.496 1499.327 1499.158 1499.105 1499.128 1499.151 1499.174 1499.199 1499.285 1499.371 1499.456 1499.542 1499.569 1499.529 1499.489 1499.449 1499.409 1499.387 1499.367 1499.347 1499.327 1499.313 1499.313 1499.313 1499.313 1499.313 1499.172 1498.986 1498.8 1498.614 1498.359 1497.811 1497.263 1496.715 1496.167 1495.507 1494.777 1494.048 1493.318 1492.591 1491.902 1491.212 1490.523 1489.833 1489.307 1488.955 1488.603 1488.251 1487.899 1488.282 1488.735 1489.188 1489.641 1490.19 1490.919
1500.981 1500.59 1500.376 1500.222 1500.069 1499.916 1499.764 1499.622 1499.48 1499.339 1499.197 1499.138 1499.134 1499.13 1499.126 1499.124 1499.178 1499.232 1499.285 1499.339 1499.339 1499.277 1499.216 1499.154 1499.093 1499.059 1499.028 1498.997 1498.966 1498.946 1498.946 1498.946 1498.946 1498.946 1498.788 1498.581 1498.373 1498.166 1497.883 1497.276 1496.669 1496.062 1495.455 1494.772 1494.042 1493.313 1492.583 1491.857 1491.189 1490.521 1489.853 1489.185 1488.654 1488.27 1487.886 1487.502 1487.118 1487.434 1487.818 1488.201 1488.585 1489.087 1489.817
1500.539 1500.266 1500.118 1500.013 1499.907 1499.802 1499.696 1499.58 1499.465 1499.35 1499.235 1499.171 1499.14 1499.109 1499.079 1499.05 1499.071 1499.093 1499.114 1499.135 1499.108 1499.025 1498.942 1498.859 1498.776 1498.731 1498.689 1498.648 1498.606 1498.578 1498.578 1498.578 1498.578 1498.578 1498.405 1498.176 1497.947 1497.718 1497.406 1496.74 1496.074 1495.408 1494.743 1494.037 1493.308 1492.578 1491.849 1491.124 1490.477 1489.83 1489.184 1488.537 1488.002 1487.586 1487.169 1486.753 1486.337 1486.587 1486.901 1487.215 1487.529 1487.985 1488.715
1500.423 1500.203 1500.085 1500.001 1499.917 1499.834 1499.746 1499.642 1499.538 1499.433 1499.329 1499.252 1499.192 1499.133 1499.073 1499.016 1498.996 1498.976 1498.957 1498.937 1498.877 1498.771 1498.665 1498.558 1498.452 1498.38 1498.312 1498.243 1498.175 1498.128 1498.124 1498.121 1498.117 1498.114 1497.922 1497.669 1497.417 1497.165 1496.828 1496.124 1495.421 1494.717 1494.014 1493.285 1492.542 1491.798 1491.054 1490.316 1489.691 1489.066 1488.441 1487.816 1487.28 1486.841 1486.401 1485.962 1485.522 1485.713 1485.965 1486.216 1486.467 1486.877 1487.591
1500.958 1500.663 1500.502 1500.386 1500.27 1500.154 1500.037 1499.911 1499.785 1499.659 1499.533 1499.428 1499.337 1499.245 1499.153 1499.062 1498.984 1498.905 1498.827 1498.748 1498.644 1498.511 1498.378 1498.245 1498.112 1497.984 1497.857 1497.729 1497.602 1497.512 1497.498 1497.484 1497.469 1497.455 1497.24 1496.961 1496.682 1496.403 1496.045 1495.347 1494.649 1493.951 1493.252 1492.499 1491.713 1490.926 1490.139 1489.362 1488.759 1488.155 1487.551 1486.948 1486.421 1485.976 1485.531 1485.086 1484.641 1484.787 1484.991 1485.194 1485.397 1485.759 1486.424
1501.493 1501.123 1500.919 1500.771 1500.623 1500.475 1500.327 1500.179 1500.032 1499.885 1499.738 1499.604 1499.481 1499.357 1499.233 1499.109 1498.972 1498.834 1498.697 1498.559 1498.411 1498.251 1498.091 1497.932 1497.772 1497.588 1497.402 1497.216 1497.03 1496.896 1496.871 1496.846 1496.821 1496.796 1496.558 1496.252 1495.947 1495.641 1495.262 1494.569 1493.877 1493.184 1492.491 1491.714 1490.884 1490.054 1489.225 1488.408 1487.826 1487.244 1486.661 1486.079 1485.561 1485.11 1484.66 1484.21 1483.76 1483.862 1484.016 1484.171 1484.326 1484.64 1485.257
1502.028 1501.583 1501.336 1501.155 1500.975 1500.795 1500.617 1500.448 1500.279 1500.111 1499.942 1499.781 1499.625 1499.469 1499.313 1499.156 1498.96 1498.763 1498.566 1498.37 1498.178 1497.991 1497.805 1497.618 1497.432 1497.192 1496.947 1496.702 1496.457 1496.28 1496.245 1496.209 1496.173 1496.137 1495.876 1495.544 1495.211 1494.879 1494.479 1493.792 1493.104 1492.417 1491.73 1490.928 1490.055 1489.183 1488.31 1487.454 1486.893 1486.332 1485.772 1485.211 1484.701 1484.245 1483.79 1483.334 1482.878 1482.936 1483.042 1483.149 1483.256 1483.521 1484.09
1502.563 1502.043 1501.752 1501.54 1501.328 1501.115 1500.907 1500.717 1500.527 1500.336 1500.146 1499.957 1499.769 1499.581 1499.393 1499.203 1498.947 1498.692 1498.436 1498.181 1497.945 1497.732 1497.518 1497.305 1497.091 1496.797 1496.492 1496.188 1495.884 1495.665 1495.618 1495.572 1495.525 1495.479 1495.195 1494.835 1494.476 1494.117 1493.696 1493.014 1492.332 1491.65 1490.969 1490.142 1489.226 1488.311 1487.396 1486.5 1485.96 1485.421 1484.882 1484.343 1483.841 1483.38 1482.919 1482.458 1481.997 1482.01 1482.068 1482.127 1482.185 1482.402 1482.923
1502.832 1502.263 1501.935 1501.691 1501.446 1501.202 1500.967 1500.781 1500.595 1500.409 1500.224 1500.037 1499.851 1499.666 1499.479 1499.29 1499.005 1498.721 1498.436 1498.152 1497.868 1497.585 1497.302 1497.019 1496.736 1496.381 1496.018 1495.655 1495.292 1495.014 1494.91 1494.805 1494.701 1494.597 1494.295 1493.93 1493.566 1493.201 1492.777 1492.1 1491.424 1490.747 1490.07 1489.261 1488.372 1487.482 1486.592 1485.719 1485.149 1484.58 1484.011 1483.442 1482.927 1482.469 1482.011 1481.553 1481.096 1481.069 1481.083 1481.098 1481.112 1481.279 1481.738
1503.032 1502.42 1502.058 1501.781 1501.505 1501.228 1500.969 1500.794 1500.619 1500.443 1500.268 1500.093 1499.918 1499.742 1499.567 1499.387 1499.081 1498.775 1498.469 1498.163 1497.83 1497.467 1497.104 1496.74 1496.377 1495.961 1495.539 1495.117 1494.694 1494.354 1494.18 1494.006 1493.832 1493.659 1493.34 1492.975 1492.61 1492.245 1491.823 1491.151 1490.48 1489.809 1489.138 1488.357 1487.51 1486.663 1485.817 1484.982 1484.37 1483.757 1483.146 1482.533 1481.998 1481.546 1481.094 1480.641 1480.189 1480.123 1480.095 1480.066 1480.038 1480.155 1480.55
1503.233 1502.578 1502.181 1501.872 1501.563 1501.255 1500.971 1500.807 1500.642 1500.478 1500.313 1500.148 1499.984 1499.819 1499.655 1499.484 1499.157 1498.829 1498.502 1498.174 1497.793 1497.349 1496.905 1496.461 1496.018 1495.54 1495.059 1494.578 1494.097 1493.694 1493.451 1493.207 1492.964 1492.72 1492.385 1492.02 1491.655 1491.29 1490.868 1490.203 1489.537 1488.871 1488.205 1487.453 1486.649 1485.845 1485.041 1484.245 1483.59 1482.935 1482.28 1481.625 1481.07 1480.623 1480.176 1479.729 1479.282 1479.178 1479.106 1479.035 1478.964 1479.03 1479.361
1503.434 1502.736 1502.304 1501.963 1501.622 1501.281 1500.973 1500.819 1500.665 1500.512 1500.358 1500.204 1500.05 1499.896 1499.742 1499.581 1499.233 1498.884 1498.535 1498.186 1497.755 1497.231 1496.707 1496.183 1495.658 1495.12 1494.58 1494.04 1493.5 1493.034 1492.721 1492.408 1492.095 1491.781 1491.429 1491.064 1490.7 1490.335 1489.914 1489.254 1488.593 1487.932 1487.272 1486.549 1485.788 1485.027 1484.265 1483.507 1482.81 1482.112 1481.414 1480.716 1480.142 1479.7 1479.259 1478.817 1478.375 1478.232 1478.118 1478.004 1477.89 1477.906 1478.172
1503.448 1502.719 1502.273 1501.925 1501.577 1501.229 1500.918 1500.781 1500.643 1500.506 1500.368 1500.223 1500.073 1499.923 1499.773 1499.615 1499.25 1498.885 1498.521 1498.156 1497.685 1497.093 1496.501 1495.909 1495.317 1494.729 1494.141 1493.553 1492.966 1492.447 1492.069 1491.692 1491.315 1490.938 1490.563 1490.19 1489.817 1489.444 1489.019 1488.37 1487.722 1487.074 1486.426 1485.722 1484.984 1484.246 1483.508 1482.771 1482.042 1481.312 1480.583 1479.853 1479.258 1478.808 1478.358 1477.907 1477.457 1477.277 1477.122 1476.968 1476.814 1476.783 1476.99
1502.934 1502.204 1501.807 1501.523 1501.24 1500.956 1500.704 1500.598 1500.493 1500.388 1500.282 1500.14 1499.974 1499.808 1499.641 1499.468 1499.103 1498.739 1498.374 1498.009 1497.523 1496.899 1496.275 1495.651 1495.026 1494.421 1493.817 1493.213 1492.609 1492.064 1491.638 1491.212 1490.787 1490.361 1489.951 1489.546 1489.141 1488.735 1488.29 1487.674 1487.058 1486.442 1485.826 1485.114 1484.344 1483.574 1482.804 1482.036 1481.307 1480.577 1479.848 1479.118 1478.5 1478.001 1477.503 1477.004 1476.506 1476.292 1476.106 1475.919 1475.733 1475.664 1475.823
1502.42 1501.69 1501.34 1501.121 1500.902 1500.682 1500.489 1500.416 1500.342 1500.269 1500.196 1500.057 1499.875 1499.692 1499.51 1499.321 1498.956 1498.592 1498.227 1497.862 1497.361 1496.705 1496.048 1495.392 1494.736 1494.112 1493.492 1492.872 1492.252 1491.68 1491.207 1490.733 1490.259 1489.785 1489.339 1488.901 1488.464 1488.026 1487.561 1486.977 1486.393 1485.81 1485.226 1484.506 1483.704 1482.902 1482.1 1481.301 1480.572 1479.842 1479.113 1478.383 1477.742 1477.195 1476.648 1476.102 1475.555 1475.307 1475.089 1474.87 1474.652 1474.546 1474.655
1501.905 1501.176 1500.874 1500.719 1500.564 1500.409 1500.274 1500.233 1500.192 1500.151 1500.11 1499.974 1499.775 1499.577 1499.379 1499.174 1498.809 1498.445 1498.08 1497.715 1497.199 1496.511 1495.822 1495.134 1494.445 1493.804 1493.168 1492.532 1491.896 1491.297 1490.775 1490.253 1489.731 1489.209 1488.727 1488.257 1487.787 1487.318 1486.833 1486.281 1485.729 1485.177 1484.626 1483.899 1483.064 1482.23 1481.396 1480.567 1479.837 1479.108 1478.378 1477.649 1476.984 1476.389 1475.794 1475.199 1474.604 1474.323 1474.072 1473.821 1473.57 1473.427 1473.488
1501.391 1500.661 1500.407 1500.317 1500.226 1500.135 1500.059 1500.05 1500.041 1500.033 1500.024 1499.89 1499.676 1499.461 1499.247 1499.027 1498.662 1498.298 1497.933 1497.568 1497.037 1496.317 1495.596 1494.875 1494.155 1493.495 1492.843 1492.191 1491.539 1490.914 1490.344 1489.773 1489.203 1488.633 1488.114 1487.612 1487.111 1486.609 1486.104 1485.584 1485.065 1484.545 1484.026 1483.291 1482.424 1481.558 1480.691 1479.832 1479.102 1478.373 1477.643 1476.914 1476.226 1475.583 1474.939 1474.296 1473.653 1473.338 1473.055 1472.772 1472.489 1472.308 1472.321
1501.405 1500.594 1500.297 1500.178 1500.058 1499.939 1499.84 1499.84 1499.84 1499.84 1499.84 1499.715 1499.508 1499.3 1499.093 1498.879 1498.479 1498.079 1497.68 1497.28 1496.73 1496.008 1495.286 1494.565 1493.843 1493.18 1492.523 1491.867 1491.21 1490.575 1489.984 1489.392 1488.801 1488.209 1487.673 1487.155 1486.637 1486.118 1485.596 1485.058 1484.521 1483.983 1483.445 1482.712 1481.86 1481.008 1480.156 1479.308 1478.544 1477.779 1477.015 1476.25 1475.527 1474.847 1474.167 1473.487 1472.807 1472.449 1472.123 1471.796 1471.469 1471.24 1471.197
1501.62 1500.696 1500.323 1500.139 1499.955 1499.771 1499.62 1499.62 1499.62 1499.62 1499.62 1499.504 1499.313 1499.122 1498.931 1498.73 1498.282 1497.834 1497.386 1496.938 1496.368 1495.656 1494.946 1494.234 1493.524 1492.861 1492.205 1491.548 1490.892 1490.253 1489.651 1489.049 1488.447 1487.845 1487.298 1486.769 1486.24 1485.711 1485.173 1484.597 1484.022 1483.447 1482.871 1482.144 1481.324 1480.504 1479.684 1478.865 1478.052 1477.239 1476.427 1475.614 1474.85 1474.138 1473.426 1472.714 1472.002 1471.597 1471.222 1470.847 1470.472 1470.191 1470.089
1501.834 1500.798 1500.349 1500.1 1499.852 1499.604 1499.399 1499.399 1499.399 1499.399 1499.399 1499.293 1499.118 1498.943 1498.768 1498.581 1498.085 1497.589 1497.093 1496.597 1496.005 1495.305 1494.605 1493.904 1493.204 1492.543 1491.886 1491.23 1490.573 1489.931 1489.318 1488.706 1488.093 1487.48 1486.922 1486.383 1485.843 1485.303 1484.749 1484.136 1483.523 1482.91 1482.297 1481.576 1480.788 1480.001 1479.213 1478.421 1477.561 1476.7 1475.839 1474.978 1474.173 1473.429 1472.685 1471.94 1471.196 1470.745 1470.322 1469.898 1469.475 1469.142 1468.981
