data/zism_data/00662_03_D.txt
ncols         224
nrows         224
[rows 56 to 83 of 224, columns 0 to 62 of 224]
4501.726 4494.609 4487.492 4480.375 4474.339 4471.148 4467.957 4464.766 4461.574 4462.716 4465.387 4468.058 4470.729 4473.887 4478.957 4484.027 4489.097 4494.167 4500.979 4508.664 4516.348 4524.032 4531.984 4541.715 4551.446 4561.177 4570.909 4577.727 4582.556 4587.385 4592.214 4596.457 4591.188 4585.917 4580.647 4575.378 4562.991 4544.081 4525.17 4506.259 4487.349 4468.618 4449.891 4431.164 4412.436 4399.002 4392.058 4385.113 4378.169 4371.224 4365.953 4360.841 4355.729 4350.617 4345.636 4340.87 4336.104 4331.339 4326.573 4324.516 4322.972 4321.429 4319.885
4503.51 4496.76 4490.011 4483.262 4477.502 4474.347 4471.192 4468.037 4464.882 4465.682 4467.878 4470.075 4472.271 4474.988 4479.753 4484.519 4489.285 4494.05 4500.682 4508.247 4515.812 4523.377 4531.251 4541.188 4551.125 4561.063 4571.0 4577.997 4582.987 4587.976 4592.966 4597.373 4592.299 4587.226 4582.153 4577.08 4564.926 4546.281 4527.636 4508.992 4490.347 4471.425 4452.499 4433.573 4414.647 4401.078 4394.076 4387.075 4380.073 4373.071 4367.964 4363.038 4358.111 4353.185 4348.371 4343.743 4339.115 4334.486 4329.858 4327.51 4325.594 4323.678 4321.762
4503.375 4497.004 4490.633 4484.261 4478.822 4475.834 4472.847 4469.859 4466.871 4467.504 4469.414 4471.324 4473.234 4475.647 4480.041 4484.433 4488.826 4493.219 4499.637 4507.067 4514.497 4521.927 4529.761 4540.286 4550.812 4561.337 4571.863 4578.955 4583.702 4588.448 4593.195 4597.367 4592.208 4587.048 4581.889 4576.729 4564.883 4546.908 4528.933 4510.958 4492.982 4475.161 4457.342 4439.523 4421.704 4408.427 4400.718 4393.009 4385.3 4377.59 4372.324 4367.289 4362.255 4357.22 4352.354 4347.763 4343.172 4338.582 4333.992 4331.495 4329.396 4327.296 4325.197
4503.241 4497.248 4491.254 4485.261 4480.142 4477.321 4474.501 4471.681 4468.861 4469.325 4470.949 4472.573 4474.197 4476.307 4480.327 4484.347 4488.368 4492.388 4498.591 4505.887 4513.182 4520.477 4528.27 4539.384 4550.498 4561.612 4572.727 4579.913 4584.417 4588.92 4593.424 4597.362 4592.117 4586.871 4581.625 4576.379 4564.841 4547.535 4530.229 4512.924 4495.618 4478.897 4462.185 4445.473 4428.761 4415.776 4407.359 4398.943 4390.526 4382.11 4376.683 4371.541 4366.398 4361.256 4356.335 4351.783 4347.23 4342.678 4338.125 4335.48 4333.197 4330.914 4328.631
4503.107 4497.492 4491.876 4486.261 4481.461 4478.809 4476.156 4473.503 4470.85 4471.146 4472.484 4473.822 4475.16 4476.966 4480.614 4484.261 4487.909 4491.557 4497.546 4504.707 4511.867 4519.027 4526.779 4538.482 4550.185 4561.887 4573.59 4580.871 4585.131 4589.392 4593.653 4597.357 4592.025 4586.693 4581.36 4576.028 4564.798 4548.162 4531.526 4514.89 4498.254 4482.634 4467.028 4451.423 4435.818 4423.125 4414.001 4404.877 4395.753 4386.629 4381.042 4375.792 4370.542 4365.291 4360.318 4355.803 4351.289 4346.773 4342.259 4339.466 4336.999 4334.532 4332.065
4502.973 4497.735 4492.498 4487.261 4482.781 4480.295 4477.81 4475.325 4472.839 4472.968 4474.02 4475.071 4476.123 4477.625 4480.9 4484.175 4487.451 4490.726 4496.501 4503.526 4510.551 4517.577 4525.289 4537.58 4549.871 4562.162 4574.453 4581.828 4585.846 4589.864 4593.882 4597.353 4591.934 4586.515 4581.096 4575.678 4564.756 4548.789 4532.823 4516.856 4500.89 4486.37 4471.872 4457.374 4442.875 4430.474 4420.643 4410.812 4400.98 4391.149 4385.401 4380.043 4374.685 4369.327 4364.3 4359.823 4355.346 4350.869 4346.392 4343.451 4340.8 4338.15 4335.5
4502.11 4497.378 4492.646 4487.914 4483.851 4481.546 4479.241 4476.937 4474.632 4474.651 4475.491 4476.331 4477.171 4478.444 4481.421 4484.398 4487.375 4490.353 4495.893 4502.713 4509.534 4516.355 4523.899 4536.263 4548.626 4560.99 4573.354 4580.688 4584.588 4588.488 4592.388 4595.742 4590.226 4584.71 4579.194 4573.679 4563.112 4547.917 4532.721 4517.525 4502.329 4488.702 4475.098 4461.493 4447.889 4435.759 4425.436 4415.113 4404.79 4394.467 4388.598 4383.152 4377.708 4372.262 4367.222 4362.853 4358.482 4354.112 4349.742 4346.784 4344.094 4341.404 4338.714
4500.496 4496.401 4492.307 4488.212 4484.664 4482.553 4480.443 4478.333 4476.223 4476.193 4476.897 4477.603 4478.307 4479.428 4482.184 4484.939 4487.695 4490.451 4495.733 4502.279 4508.825 4515.37 4522.615 4534.519 4546.424 4558.329 4570.233 4577.388 4581.298 4585.209 4589.12 4592.478 4586.854 4581.23 4575.606 4569.983 4559.821 4545.5 4531.179 4516.858 4502.537 4489.587 4476.658 4463.729 4450.8 4438.92 4428.327 4417.734 4407.141 4396.547 4390.596 4385.086 4379.576 4374.066 4369.053 4364.861 4360.669 4356.478 4352.286 4349.447 4346.865 4344.282 4341.7
4498.882 4495.424 4491.967 4488.509 4485.477 4483.561 4481.645 4479.729 4477.813 4477.734 4478.304 4478.874 4479.444 4480.412 4482.946 4485.481 4488.015 4490.549 4495.574 4501.845 4508.115 4514.385 4521.33 4532.776 4544.222 4555.667 4567.113 4574.087 4578.009 4581.931 4585.852 4589.214 4583.482 4577.75 4572.019 4566.287 4556.53 4543.084 4529.637 4516.191 4502.745 4490.473 4478.218 4465.964 4453.71 4442.081 4431.218 4420.354 4409.492 4398.628 4392.594 4387.02 4381.445 4375.87 4370.884 4366.87 4362.856 4358.843 4354.829 4352.109 4349.635 4347.161 4344.687
4497.268 4494.448 4491.627 4488.807 4486.29 4484.568 4482.846 4481.125 4479.403 4479.275 4479.71 4480.145 4480.58 4481.396 4483.709 4486.022 4488.335 4490.648 4495.415 4501.41 4507.405 4513.399 4520.045 4531.032 4542.019 4553.006 4563.993 4570.788 4574.72 4578.652 4582.584 4585.95 4580.11 4574.271 4568.431 4562.591 4553.239 4540.667 4528.096 4515.524 4502.952 4491.358 4479.779 4468.2 4456.62 4445.242 4434.108 4422.976 4411.842 4400.709 4394.592 4388.953 4383.313 4377.674 4372.714 4368.879 4365.043 4361.208 4357.373 4354.772 4352.406 4350.04 4347.673
4495.654 4493.471 4491.288 4489.104 4487.102 4485.575 4484.048 4482.521 4480.994 4480.817 4481.117 4481.417 4481.716 4482.38 4484.471 4486.563 4488.654 4490.746 4495.256 4500.976 4506.695 4512.415 4518.761 4529.289 4539.816 4550.344 4560.872 4567.487 4571.43 4575.374 4579.316 4582.686 4576.738 4570.791 4564.843 4558.896 4549.948 4538.251 4526.554 4514.857 4503.16 4492.244 4481.339 4470.435 4459.531 4448.402 4436.999 4425.596 4414.193 4402.79 4396.59 4390.886 4385.182 4379.478 4374.545 4370.888 4367.23 4363.573 4359.916 4357.435 4355.176 4352.918 4350.66
4495.719 4493.817 4491.915 4490.012 4488.248 4486.848 4485.448 4484.048 4482.648 4482.443 4482.66 4482.876 4483.093 4483.652 4485.558 4487.465 4489.371 4491.277 4495.36 4500.53 4505.7 4510.871 4516.618 4526.211 4535.805 4545.398 4554.992 4561.241 4565.205 4569.169 4573.133 4576.551 4571.095 4565.639 4560.182 4554.726 4546.394 4535.427 4524.46 4513.493 4502.526 4491.849 4481.175 4470.501 4459.827 4448.907 4437.683 4426.459 4415.236 4404.012 4397.977 4392.435 4386.893 4381.351 4376.573 4373.058 4369.542 4366.027 4362.512 4360.014 4357.709 4355.404 4353.099
4495.86 4494.223 4492.585 4490.947 4489.409 4488.133 4486.857 4485.582 4484.306 4484.073 4484.209 4484.344 4484.48 4484.938 4486.66 4488.383 4490.106 4491.829 4495.475 4500.084 4504.692 4509.301 4514.436 4523.073 4531.711 4540.349 4548.987 4554.861 4558.847 4562.832 4566.818 4570.287 4565.348 4560.41 4555.472 4550.534 4542.828 4532.584 4522.341 4512.098 4501.854 4491.395 4480.932 4470.468 4460.005 4449.29 4438.267 4427.243 4416.219 4405.195 4399.334 4393.965 4388.597 4383.228 4378.61 4375.235 4371.86 4368.485 4365.11 4362.589 4360.23 4357.871 4355.512
4496.001 4494.628 4493.255 4491.882 4490.57 4489.418 4488.267 4487.115 4485.963 4485.704 4485.758 4485.813 4485.867 4486.223 4487.762 4489.301 4490.84 4492.379 4495.591 4499.638 4503.685 4507.732 4512.253 4519.935 4527.617 4535.3 4542.982 4548.48 4552.488 4556.495 4560.502 4564.021 4559.602 4555.182 4550.762 4546.343 4539.262 4529.742 4520.222 4510.703 4501.183 4490.941 4480.688 4470.436 4460.183 4449.674 4438.85 4428.026 4417.202 4406.378 4400.692 4395.496 4390.3 4385.104 4380.647 4377.413 4374.178 4370.943 4367.709 4365.165 4362.752 4360.338 4357.925
4496.143 4495.034 4493.926 4492.817 4491.731 4490.704 4489.676 4488.648 4487.621 4487.333 4487.307 4487.281 4487.254 4487.508 4488.864 4490.219 4491.575 4492.931 4495.706 4499.191 4502.677 4506.163 4510.071 4516.797 4523.523 4530.25 4536.977 4542.1 4546.129 4550.158 4554.187 4557.756 4553.855 4549.954 4546.052 4542.151 4535.696 4526.899 4518.104 4509.307 4500.511 4490.487 4480.445 4470.403 4460.361 4450.058 4439.433 4428.809 4418.185 4407.561 4402.05 4397.027 4392.003 4386.98 4382.684 4379.59 4376.496 4373.401 4370.308 4367.74 4365.273 4362.806 4360.339
4496.775 4495.852 4494.929 4494.005 4493.074 4492.124 4491.172 4490.222 4489.271 4488.932 4488.808 4488.685 4488.562 4488.699 4489.862 4491.025 4492.188 4493.351 4495.726 4498.706 4501.687 4504.667 4508.035 4513.983 4519.931 4525.878 4531.826 4536.621 4540.628 4544.636 4548.643 4552.218 4548.772 4545.326 4541.879 4538.433 4532.529 4524.372 4516.215 4508.059 4499.902 4490.113 4480.299 4470.486 4460.673 4450.608 4440.233 4429.859 4419.484 4409.11 4403.673 4398.707 4393.741 4388.774 4384.561 4381.591 4378.621 4375.651 4372.682 4370.106 4367.606 4365.105 4362.604
4498.086 4497.238 4496.391 4495.542 4494.669 4493.729 4492.789 4491.849 4490.909 4490.485 4490.243 4490.0 4489.758 4489.76 4490.718 4491.675 4492.633 4493.591 4495.613 4498.167 4500.721 4503.275 4506.202 4511.615 4517.028 4522.441 4527.854 4532.384 4536.311 4540.237 4544.164 4547.684 4544.604 4541.525 4538.446 4535.367 4529.912 4522.279 4514.646 4507.013 4499.38 4489.849 4480.289 4470.729 4461.17 4451.388 4441.332 4431.276 4421.22 4411.164 4405.662 4400.593 4395.524 4390.455 4386.216 4383.349 4380.482 4377.615 4374.748 4372.184 4369.678 4367.172 4364.666
4499.397 4498.625 4497.852 4497.08 4496.265 4495.335 4494.406 4493.477 4492.547 4492.039 4491.677 4491.316 4490.956 4490.82 4491.573 4492.326 4493.078 4493.831 4495.5 4497.627 4499.754 4501.882 4504.368 4509.247 4514.125 4519.004 4523.883 4528.147 4531.993 4535.838 4539.684 4543.149 4540.437 4537.725 4535.013 4532.301 4527.295 4520.186 4513.076 4505.967 4498.858 4489.584 4480.278 4470.973 4461.667 4452.168 4442.43 4432.693 4422.956 4413.218 4407.65 4402.479 4397.307 4392.136 4387.871 4385.106 4382.342 4379.578 4376.813 4374.262 4371.75 4369.238 4366.727
4500.708 4500.011 4499.314 4498.617 4497.859 4496.941 4496.023 4495.104 4494.186 4493.592 4493.112 4492.632 4492.152 4491.881 4492.428 4492.976 4493.523 4494.07 4495.387 4497.087 4498.789 4500.489 4502.535 4506.879 4511.223 4515.567 4519.911 4523.911 4527.675 4531.439 4535.204 4538.614 4536.27 4533.925 4531.58 4529.235 4524.678 4518.092 4511.507 4504.921 4498.336 4489.32 4480.268 4471.216 4462.165 4452.948 4443.529 4434.11 4424.691 4415.272 4409.638 4404.364 4399.09 4393.816 4389.526 4386.865 4384.203 4381.541 4378.879 4376.339 4373.822 4371.305 4368.788
4502.018 4501.397 4500.776 4500.155 4499.455 4498.547 4497.64 4496.732 4495.824 4495.145 4494.546 4493.948 4493.349 4492.941 4493.284 4493.626 4493.968 4494.311 4495.274 4496.548 4497.822 4499.097 4500.701 4504.511 4508.32 4512.13 4515.94 4519.674 4523.357 4527.041 4530.725 4534.08 4532.102 4530.125 4528.146 4526.169 4522.061 4515.999 4509.938 4503.875 4497.814 4489.056 4480.258 4471.459 4462.662 4453.728 4444.627 4435.527 4426.427 4417.327 4411.626 4406.25 4400.873 4395.497 4391.182 4388.623 4386.063 4383.504 4380.945 4378.417 4375.894 4373.372 4370.849
4506.62 4505.807 4504.994 4504.181 4503.233 4501.931 4500.628 4499.326 4498.023 4497.079 4496.261 4495.444 4494.626 4494.0 4494.122 4494.245 4494.367 4494.49 4495.243 4496.31 4497.377 4498.444 4499.823 4503.279 4506.736 4510.192 4513.648 4517.098 4520.543 4523.988 4527.433 4530.575 4528.792 4527.01 4525.228 4523.445 4519.644 4513.991 4508.339 4502.687 4497.034 4488.386 4479.693 4471.001 4462.309 4453.484 4444.498 4435.511 4426.523 4417.537 4411.866 4406.511 4401.156 4395.801 4391.532 4389.062 4386.59 4384.12 4381.648 4379.226 4376.813 4374.399 4371.986
4511.653 4510.613 4509.573 4508.534 4507.298 4505.548 4503.797 4502.046 4500.295 4499.063 4498.013 4496.963 4495.914 4495.057 4494.958 4494.859 4494.761 4494.662 4495.222 4496.111 4497.0 4497.889 4499.069 4502.197 4505.324 4508.451 4511.578 4514.74 4517.925 4521.111 4524.297 4527.205 4525.595 4523.985 4522.376 4520.767 4517.253 4511.995 4506.736 4501.478 4496.22 4487.663 4479.057 4470.451 4461.845 4453.107 4444.206 4435.306 4426.405 4417.505 4411.876 4406.559 4401.241 4395.924 4391.712 4389.327 4386.943 4384.558 4382.174 4379.87 4377.58 4375.291 4373.002
4516.686 4515.419 4514.153 4512.887 4511.364 4509.165 4506.966 4504.767 4502.568 4501.046 4499.765 4498.483 4497.201 4496.114 4495.794 4495.474 4495.154 4494.834 4495.201 4495.912 4496.623 4497.333 4498.316 4501.114 4503.912 4506.709 4509.507 4512.381 4515.308 4518.234 4521.161 4523.834 4522.398 4520.961 4519.524 4518.087 4514.862 4509.999 4505.134 4500.27 4495.406 4486.939 4478.42 4469.9 4461.381 4452.729 4443.915 4435.101 4426.287 4417.473 4411.886 4406.606 4401.327 4396.047 4391.891 4389.593 4387.295 4384.997 4382.699 4380.513 4378.348 4376.183 4374.018
4521.719 4520.226 4518.732 4517.24 4515.429 4512.781 4510.134 4507.487 4504.84 4503.03 4501.516 4500.002 4498.488 4497.171 4496.63 4496.088 4495.547 4495.006 4495.18 4495.713 4496.246 4496.778 4497.563 4500.031 4502.5 4504.968 4507.436 4510.022 4512.69 4515.357 4518.025 4520.464 4519.201 4517.937 4516.672 4515.409 4512.472 4508.002 4503.532 4499.062 4494.592 4486.216 4477.783 4469.35 4460.917 4452.352 4443.624 4434.896 4426.168 4417.441 4411.896 4406.654 4401.413 4396.171 4392.071 4389.859 4387.647 4385.436 4383.224 4381.156 4379.115 4377.075 4375.034
4526.781 4525.097 4523.413 4521.729 4519.674 4516.644 4513.614 4510.585 4507.555 4505.412 4503.581 4501.75 4499.919 4498.3 4497.509 4496.718 4495.927 4495.136 4495.091 4495.419 4495.747 4496.075 4496.646 4498.84 4501.033 4503.227 4505.42 4507.758 4510.194 4512.63 4515.067 4517.292 4516.077 4514.861 4513.646 4512.431 4509.612 4505.322 4501.032 4496.742 4492.452 4484.118 4475.724 4467.331 4458.937 4450.494 4441.992 4433.49 4424.987 4416.485 4411.152 4406.121 4401.09 4396.059 4392.125 4390.005 4387.885 4385.766 4383.646 4381.697 4379.78 4377.864 4375.947
4531.897 4530.089 4528.281 4526.472 4524.256 4520.967 4517.679 4514.39 4511.101 4508.539 4506.233 4503.927 4501.621 4499.561 4498.468 4497.374 4496.281 4495.188 4494.873 4494.947 4495.021 4495.096 4495.424 4497.444 4499.465 4501.485 4503.506 4505.668 4507.926 4510.184 4512.442 4514.489 4513.09 4511.691 4510.292 4508.894 4505.871 4501.36 4496.849 4492.337 4487.826 4479.44 4470.998 4462.556 4454.114 4445.863 4437.847 4429.83 4421.814 4413.797 4408.995 4404.499 4400.002 4395.505 4391.943 4389.926 4387.909 4385.892 4383.875 4382.046 4380.254 4378.461 4376.669
4537.014 4535.082 4533.149 4531.216 4528.839 4525.291 4521.743 4518.195 4514.647 4511.666 4508.885 4506.104 4503.322 4500.822 4499.427 4498.031 4496.635 4495.239 4494.654 4494.475 4494.295 4494.116 4494.201 4496.049 4497.896 4499.744 4501.592 4503.578 4505.658 4507.738 4509.818 4511.686 4510.104 4508.521 4506.938 4505.356 4502.13 4497.397 4492.665 4487.932 4483.2 4474.763 4466.272 4457.781 4449.291 4441.231 4433.701 4426.17 4418.64 4411.11 4406.837 4402.875 4398.914 4394.952 4391.761 4389.847 4387.932 4386.018 4384.103 4382.396 4380.728 4379.06 4377.391
4542.13 4540.074 4538.017 4535.96 4533.421 4529.614 4525.807 4522.0 4518.193 4514.792 4511.536 4508.28 4505.024 4502.083 4500.385 4498.688 4496.989 4495.291 4494.437 4494.003 4493.57 4493.137 4492.979 4494.653 4496.328 4498.003 4499.678 4501.488 4503.39 4505.292 4507.193 4508.883 4507.117 4505.351 4503.585 4501.819 4498.39 4493.436 4488.481 4483.527 4478.573 4470.086 4461.546 4453.007 4444.467 4436.6 4429.555 4422.511 4415.467 4408.422 4404.68 4401.253 4397.825 4394.398 4391.579 4389.767 4387.955 4386.143 4384.332 4382.745 4381.201 4379.657 4378.113
