data/zism_data/00668_01_D.txt
ncols         224
nrows         224
[rows 196 to 223 of 224, columns 0 to 62 of 224]
1699.56 1699.433 1699.305 1699.177 1699.049 1699.629 1700.653 1701.678 1702.703 1704.02 1711.69 1719.36 1727.031 1734.701 1744.152 1755.576 1767.0 1778.423 1789.847 1796.762 1803.205 1809.648 1816.091 1822.08 1827.172 1832.263 1837.354 1842.446 1846.537 1850.324 1854.111 1857.898 1860.588 1858.813 1857.037 1855.261 1853.485 1847.584 1839.238 1830.891 1822.544 1814.515 1811.603 1808.691 1805.779 1802.867 1803.309 1807.256 1811.202 1815.149 1819.095 1824.08 1829.156 1834.232 1839.308 1843.129 1844.625 1846.121 1847.617 1849.113 1849.441 1849.441 1849.441
1699.819 1699.632 1699.446 1699.259 1699.072 1699.885 1701.328 1702.771 1704.214 1705.975 1714.664 1723.353 1732.041 1740.73 1750.61 1761.808 1773.007 1784.205 1795.404 1802.599 1809.374 1816.149 1822.924 1829.136 1834.233 1839.33 1844.427 1849.523 1853.517 1857.176 1860.834 1864.492 1867.065 1865.22 1863.375 1861.529 1859.684 1853.172 1843.892 1834.612 1825.333 1816.405 1813.15 1809.895 1806.64 1803.385 1803.946 1808.493 1813.04 1817.586 1822.133 1828.069 1834.126 1840.182 1846.239 1850.822 1852.672 1854.521 1856.371 1858.221 1858.626 1858.626 1858.626
1700.078 1699.832 1699.586 1699.341 1699.095 1700.141 1702.002 1703.864 1705.725 1707.93 1717.637 1727.345 1737.052 1746.76 1757.068 1768.041 1779.014 1789.988 1800.961 1808.435 1815.543 1822.651 1829.758 1836.192 1841.295 1846.397 1851.499 1856.601 1860.498 1864.027 1867.557 1871.086 1873.543 1871.628 1869.713 1867.797 1865.882 1858.759 1848.546 1838.334 1828.122 1818.296 1814.698 1811.1 1807.502 1803.904 1804.583 1809.73 1814.877 1820.024 1825.171 1832.057 1839.095 1846.133 1853.171 1858.515 1860.718 1862.922 1865.125 1867.329 1867.811 1867.811 1867.811
1700.359 1700.06 1699.761 1699.462 1699.164 1700.358 1702.494 1704.63 1706.766 1709.266 1719.722 1730.177 1740.633 1751.089 1761.796 1772.783 1783.77 1794.757 1805.744 1813.72 1821.38 1829.041 1836.701 1843.486 1848.54 1853.594 1858.648 1863.702 1867.404 1870.694 1873.984 1877.274 1879.535 1877.603 1875.67 1873.738 1871.806 1864.3 1853.49 1842.679 1831.868 1821.461 1817.561 1813.661 1809.76 1805.86 1806.614 1812.231 1817.848 1823.465 1829.082 1836.669 1844.428 1852.187 1859.946 1865.838 1868.267 1870.696 1873.125 1875.554 1876.086 1876.086 1876.086
1700.72 1700.389 1700.058 1699.727 1699.396 1700.43 1702.325 1704.22 1706.115 1708.375 1718.605 1728.835 1739.066 1749.296 1760.3 1772.161 1784.022 1795.883 1807.744 1817.02 1826.026 1835.032 1844.037 1851.635 1856.448 1861.261 1866.073 1870.886 1874.043 1876.695 1879.347 1882.0 1883.782 1882.021 1880.26 1878.5 1876.739 1869.677 1859.472 1849.268 1839.063 1829.217 1825.161 1821.106 1817.05 1812.994 1813.669 1819.286 1824.903 1830.52 1836.137 1843.527 1851.071 1858.616 1866.16 1871.83 1874.023 1876.216 1878.41 1880.603 1881.083 1881.083 1881.083
1701.082 1700.719 1700.356 1699.992 1699.629 1700.503 1702.156 1703.81 1705.464 1707.483 1717.488 1727.493 1737.499 1747.504 1758.804 1771.539 1784.274 1797.008 1809.743 1820.32 1830.671 1841.022 1851.374 1859.784 1864.356 1868.927 1873.499 1878.07 1880.682 1882.696 1884.71 1886.725 1888.029 1886.439 1884.85 1883.261 1881.672 1875.054 1865.455 1855.856 1846.257 1836.973 1832.761 1828.55 1824.339 1820.128 1820.723 1826.34 1831.957 1837.574 1843.191 1850.384 1857.714 1865.044 1872.374 1877.822 1879.779 1881.736 1883.694 1885.651 1886.08 1886.08 1886.08
1701.443 1701.048 1700.653 1700.257 1699.862 1700.575 1701.988 1703.4 1704.812 1706.591 1716.371 1726.151 1735.931 1745.712 1757.308 1770.917 1784.525 1798.134 1811.742 1823.62 1835.317 1847.013 1858.71 1867.933 1872.264 1876.594 1880.924 1885.255 1887.321 1888.697 1890.074 1891.45 1892.276 1890.858 1889.44 1888.022 1886.605 1880.431 1871.438 1862.445 1853.452 1844.729 1840.362 1835.995 1831.628 1827.262 1827.778 1833.395 1839.012 1844.629 1850.246 1857.241 1864.357 1871.472 1878.588 1883.814 1885.535 1887.257 1888.978 1890.7 1891.077 1891.077 1891.077
1701.805 1701.377 1700.95 1700.522 1700.095 1700.648 1701.819 1702.99 1704.161 1705.699 1715.254 1724.809 1734.364 1743.919 1755.812 1770.294 1784.777 1799.259 1813.741 1826.92 1839.962 1853.004 1866.046 1876.082 1880.171 1884.261 1888.35 1892.439 1893.96 1894.698 1895.437 1896.175 1896.522 1895.276 1894.03 1892.784 1891.538 1885.808 1877.421 1869.033 1860.646 1852.484 1847.962 1843.44 1838.918 1834.395 1834.832 1840.449 1846.066 1851.683 1857.3 1864.098 1871.0 1877.901 1884.802 1889.806 1891.291 1892.777 1894.263 1895.748 1896.073 1896.073 1896.073
1702.307 1701.797 1701.286 1700.775 1700.264 1700.628 1701.543 1702.458 1703.374 1704.653 1713.873 1723.093 1732.314 1741.534 1753.373 1768.112 1782.851 1797.59 1812.329 1825.99 1839.537 1853.085 1866.633 1877.121 1881.557 1885.993 1890.428 1894.864 1896.319 1896.865 1897.411 1897.956 1898.195 1897.183 1896.17 1895.158 1894.145 1889.231 1882.005 1874.778 1867.551 1860.483 1855.977 1851.471 1846.965 1842.459 1842.602 1847.602 1852.602 1857.602 1862.602 1868.895 1875.301 1881.706 1888.112 1892.725 1894.015 1895.305 1896.595 1897.885 1898.176 1898.187 1898.198
1702.875 1702.258 1701.64 1701.022 1700.404 1700.565 1701.218 1701.87 1702.523 1703.534 1712.368 1721.202 1730.037 1738.871 1750.492 1765.198 1779.905 1794.612 1809.319 1823.079 1836.739 1850.399 1864.06 1874.832 1879.889 1884.947 1890.004 1895.062 1896.674 1897.236 1897.798 1898.36 1898.663 1897.913 1897.164 1896.414 1895.664 1891.74 1885.933 1880.127 1874.321 1868.596 1864.186 1859.777 1855.367 1850.958 1850.707 1854.801 1858.895 1862.99 1867.084 1872.727 1878.505 1884.284 1890.062 1894.206 1895.319 1896.432 1897.545 1898.658 1898.923 1898.95 1898.977
1703.444 1702.719 1701.994 1701.268 1700.543 1700.502 1700.892 1701.282 1701.672 1702.415 1710.863 1719.311 1727.76 1736.208 1747.611 1762.285 1776.96 1791.635 1806.309 1820.168 1833.941 1847.714 1861.487 1872.542 1878.221 1883.901 1889.58 1895.259 1897.029 1897.607 1898.185 1898.763 1899.132 1898.644 1898.157 1897.67 1897.182 1894.248 1889.862 1885.476 1881.09 1876.709 1872.396 1868.083 1863.77 1859.457 1858.812 1862.001 1865.189 1868.377 1871.565 1876.559 1881.71 1886.862 1892.013 1895.687 1896.624 1897.56 1898.496 1899.432 1899.671 1899.714 1899.757
1704.012 1703.18 1702.347 1701.515 1700.683 1700.439 1700.566 1700.693 1700.821 1701.296 1709.358 1717.42 1725.483 1733.545 1744.73 1759.372 1774.015 1788.657 1803.3 1817.257 1831.142 1845.028 1858.913 1870.252 1876.553 1882.855 1889.156 1895.457 1897.384 1897.978 1898.573 1899.167 1899.6 1899.375 1899.151 1898.926 1898.701 1896.756 1893.791 1890.825 1887.86 1884.822 1880.605 1876.389 1872.172 1867.956 1866.917 1869.2 1871.482 1873.764 1876.047 1880.391 1884.915 1889.439 1893.964 1897.169 1897.928 1898.687 1899.446 1900.205 1900.418 1900.477 1900.536
1704.708 1703.764 1702.821 1701.877 1700.934 1700.492 1700.368 1700.243 1700.119 1700.337 1708.027 1715.718 1723.408 1731.099 1742.014 1756.503 1770.991 1785.479 1799.968 1813.979 1827.941 1841.902 1855.864 1867.478 1874.449 1881.421 1888.392 1895.363 1897.496 1898.154 1898.813 1899.471 1900.0 1900.0 1900.0 1900.0 1900.0 1898.927 1897.219 1895.51 1893.801 1891.954 1887.875 1883.796 1879.717 1875.638 1874.275 1875.749 1877.222 1878.696 1880.169 1883.902 1887.833 1891.763 1895.694 1898.459 1899.064 1899.668 1900.273 1900.878 1901.069 1901.145 1901.22
1706.153 1705.075 1703.998 1702.92 1701.843 1701.234 1700.922 1700.61 1700.298 1700.324 1707.725 1715.126 1722.527 1729.928 1740.277 1753.892 1767.506 1781.121 1794.735 1808.538 1822.36 1836.182 1850.004 1861.847 1869.772 1877.697 1885.622 1893.548 1896.171 1897.178 1898.185 1899.192 1900.0 1900.0 1900.0 1900.0 1900.0 1899.109 1897.69 1896.27 1894.851 1893.299 1889.6 1885.902 1882.204 1878.506 1877.221 1878.459 1879.697 1880.934 1882.172 1885.521 1889.055 1892.589 1896.123 1898.623 1899.206 1899.79 1900.373 1900.956 1901.156 1901.247 1901.338
1707.598 1706.386 1705.175 1703.963 1702.752 1701.977 1701.477 1700.977 1700.478 1700.311 1707.423 1714.535 1721.646 1728.758 1738.54 1751.281 1764.021 1776.762 1789.503 1803.096 1816.779 1830.462 1844.145 1856.215 1865.094 1873.974 1882.853 1891.733 1894.846 1896.201 1897.556 1898.912 1900.0 1900.0 1900.0 1900.0 1900.0 1899.291 1898.161 1897.031 1895.901 1894.643 1891.326 1888.008 1884.691 1881.373 1880.168 1881.17 1882.172 1883.173 1884.175 1887.141 1890.278 1893.415 1896.552 1898.787 1899.349 1899.911 1900.473 1901.035 1901.242 1901.349 1901.456
1709.043 1707.698 1706.352 1705.006 1703.661 1702.719 1702.032 1701.344 1700.657 1700.299 1707.121 1713.943 1720.765 1727.587 1736.803 1748.67 1760.537 1772.404 1784.271 1797.655 1811.198 1824.742 1838.285 1850.583 1860.417 1870.25 1880.084 1889.918 1893.52 1895.224 1896.928 1898.632 1900.0 1900.0 1900.0 1900.0 1900.0 1899.472 1898.632 1897.792 1896.951 1895.988 1893.051 1890.114 1887.177 1884.24 1883.114 1883.88 1884.646 1885.412 1886.178 1888.76 1891.5 1894.241 1896.981 1898.951 1899.491 1900.032 1900.572 1901.113 1901.328 1901.451 1901.575
1710.488 1709.009 1707.529 1706.05 1704.57 1703.461 1702.586 1701.711 1700.837 1700.286 1706.819 1713.351 1719.884 1726.417 1735.065 1746.059 1757.052 1768.045 1779.038 1792.214 1805.618 1819.022 1832.426 1844.951 1855.739 1866.527 1877.315 1888.103 1892.195 1894.248 1896.3 1898.352 1900.0 1900.0 1900.0 1900.0 1900.0 1899.654 1899.103 1898.552 1898.001 1897.333 1894.777 1892.22 1889.664 1887.108 1886.061 1886.591 1887.121 1887.651 1888.181 1890.379 1892.723 1895.067 1897.41 1899.115 1899.634 1900.153 1900.672 1901.191 1901.414 1901.553 1901.693
1712.504 1710.913 1709.323 1707.732 1706.141 1704.784 1703.575 1702.366 1701.156 1700.266 1706.336 1712.406 1718.476 1724.547 1732.699 1743.158 1753.616 1764.075 1774.534 1787.32 1800.349 1813.379 1826.409 1838.966 1850.587 1862.208 1873.83 1885.451 1890.15 1892.74 1895.33 1897.92 1900.0 1900.0 1900.0 1900.0 1900.0 1899.758 1899.373 1898.987 1898.602 1898.109 1895.891 1893.673 1891.455 1889.236 1888.237 1888.512 1888.787 1889.061 1889.336 1891.275 1893.359 1895.443 1897.527 1899.061 1899.575 1900.089 1900.603 1901.116 1901.345 1901.495 1901.644
1714.887 1713.2 1711.513 1709.825 1708.138 1706.481 1704.843 1703.205 1701.566 1700.241 1705.737 1711.234 1716.731 1722.227 1729.928 1740.071 1750.213 1760.355 1770.498 1782.778 1795.283 1807.787 1820.292 1832.753 1845.13 1857.507 1869.884 1882.261 1887.643 1890.892 1894.142 1897.391 1900.0 1900.0 1900.0 1900.0 1900.0 1899.812 1899.512 1899.212 1898.913 1898.519 1896.612 1894.705 1892.797 1890.89 1889.919 1889.925 1889.932 1889.939 1889.945 1891.705 1893.617 1895.53 1897.442 1898.867 1899.386 1899.905 1900.425 1900.944 1901.178 1901.333 1901.487
1717.27 1715.486 1713.702 1711.919 1710.135 1708.177 1706.11 1704.043 1701.976 1700.216 1705.139 1710.062 1714.985 1719.908 1727.157 1736.983 1746.809 1756.635 1766.462 1778.237 1790.216 1802.195 1814.174 1826.54 1839.673 1852.806 1865.939 1879.072 1885.135 1889.044 1892.953 1896.862 1900.0 1900.0 1900.0 1900.0 1900.0 1899.866 1899.652 1899.438 1899.224 1898.929 1897.333 1895.737 1894.14 1892.544 1891.6 1891.339 1891.078 1890.816 1890.555 1892.135 1893.876 1895.617 1897.358 1898.672 1899.197 1899.722 1900.246 1900.771 1901.011 1901.171 1901.331
1719.653 1717.772 1715.892 1714.012 1712.132 1709.874 1707.378 1704.882 1702.387 1700.19 1704.54 1708.89 1713.239 1717.589 1724.386 1733.896 1743.406 1752.916 1762.426 1773.695 1785.149 1796.603 1808.057 1820.328 1834.216 1848.105 1861.994 1875.882 1882.628 1887.196 1891.764 1896.332 1900.0 1900.0 1900.0 1900.0 1900.0 1899.92 1899.791 1899.663 1899.535 1899.339 1898.054 1896.768 1895.483 1894.198 1893.282 1892.752 1892.223 1891.693 1891.164 1892.565 1894.134 1895.704 1897.273 1898.478 1899.008 1899.538 1900.068 1900.599 1900.844 1901.009 1901.174
1722.208 1720.249 1718.291 1716.332 1714.374 1711.8 1708.837 1705.875 1702.912 1700.245 1704.012 1707.779 1711.546 1715.313 1721.658 1730.858 1740.059 1749.259 1758.46 1769.249 1780.205 1791.161 1802.118 1814.291 1828.871 1843.452 1858.033 1872.614 1880.025 1885.251 1890.478 1895.704 1899.905 1899.927 1899.948 1899.97 1899.992 1899.97 1899.922 1899.874 1899.826 1899.724 1898.737 1897.75 1896.763 1895.776 1894.891 1894.111 1893.331 1892.552 1891.772 1892.973 1894.347 1895.722 1897.096 1898.182 1898.732 1899.283 1899.834 1900.385 1900.646 1900.824 1901.003
1726.963 1725.16 1723.357 1721.554 1719.751 1716.655 1712.744 1708.833 1704.922 1701.317 1704.387 1707.457 1710.527 1713.597 1719.472 1728.452 1737.433 1746.414 1755.395 1766.032 1776.844 1787.655 1798.466 1810.502 1824.959 1839.417 1853.874 1868.332 1876.207 1882.077 1887.947 1893.816 1898.593 1898.914 1899.236 1899.558 1899.88 1899.977 1899.94 1899.902 1899.865 1899.781 1898.933 1898.086 1897.238 1896.391 1895.566 1894.765 1893.964 1893.163 1892.361 1893.103 1893.978 1894.854 1895.73 1896.568 1897.339 1898.11 1898.881 1899.651 1900.052 1900.349 1900.645
1731.719 1730.071 1728.423 1726.776 1725.128 1721.511 1716.651 1711.791 1706.931 1702.388 1704.762 1707.135 1709.508 1711.882 1717.286 1726.046 1734.807 1743.568 1752.329 1762.815 1773.482 1784.148 1794.815 1806.713 1821.047 1835.381 1849.715 1864.049 1872.389 1878.902 1885.415 1891.928 1897.28 1897.902 1898.524 1899.146 1899.768 1899.983 1899.957 1899.931 1899.904 1899.838 1899.13 1898.422 1897.714 1897.005 1896.241 1895.419 1894.596 1893.774 1892.951 1893.232 1893.609 1893.986 1894.363 1894.955 1895.946 1896.936 1897.927 1898.917 1899.458 1899.873 1900.287
1736.474 1734.982 1733.49 1731.998 1730.506 1726.367 1720.558 1714.75 1708.941 1703.46 1705.136 1706.813 1708.49 1710.166 1715.099 1723.641 1732.182 1740.723 1749.264 1759.598 1770.12 1780.642 1791.164 1802.924 1817.135 1831.346 1845.557 1859.767 1868.572 1875.728 1882.884 1890.04 1895.968 1896.89 1897.812 1898.734 1899.657 1899.99 1899.974 1899.959 1899.943 1899.895 1899.326 1898.758 1898.189 1897.62 1896.917 1896.073 1895.229 1894.385 1893.541 1893.361 1893.24 1893.119 1892.997 1893.342 1894.553 1895.763 1896.973 1898.183 1898.864 1899.397 1899.929
1741.23 1739.893 1738.556 1737.22 1735.883 1731.223 1724.465 1717.708 1710.95 1704.532 1705.511 1706.491 1707.471 1708.45 1712.913 1721.234 1729.556 1737.877 1746.198 1756.381 1766.758 1777.135 1787.512 1799.135 1813.223 1827.31 1841.398 1855.485 1864.754 1872.553 1880.353 1888.152 1894.655 1895.878 1897.1 1898.323 1899.545 1899.997 1899.992 1899.987 1899.982 1899.952 1899.523 1899.093 1898.664 1898.235 1897.592 1896.726 1895.861 1894.996 1894.13 1893.491 1892.871 1892.251 1891.631 1891.729 1893.159 1894.589 1896.02 1897.45 1898.271 1898.921 1899.572
1747.245 1746.13 1745.015 1743.9 1742.785 1737.595 1729.834 1722.073 1714.312 1706.902 1707.144 1707.387 1707.63 1707.872 1711.774 1719.729 1727.684 1735.639 1743.594 1753.483 1763.574 1773.666 1783.757 1794.974 1808.415 1821.856 1835.297 1848.738 1858.177 1866.395 1874.614 1882.832 1889.82 1891.797 1893.774 1895.751 1897.727 1898.653 1898.955 1899.256 1899.558 1899.826 1899.538 1899.251 1898.964 1898.677 1898.077 1897.15 1896.223 1895.295 1894.368 1893.033 1891.661 1890.29 1888.919 1888.589 1890.19 1891.791 1893.392 1894.993 1896.098 1897.065 1898.032
1754.351 1753.514 1752.678 1751.841 1751.005 1745.279 1736.467 1727.656 1718.844 1710.395 1709.866 1709.337 1708.807 1708.278 1711.54 1719.002 1726.463 1733.925 1741.387 1750.86 1760.544 1770.228 1779.913 1790.489 1802.832 1815.174 1827.516 1839.858 1849.213 1857.656 1866.1 1874.544 1881.939 1885.063 1888.187 1891.311 1894.434 1896.14 1897.005 1897.87 1898.734 1899.54 1899.398 1899.255 1899.113 1898.97 1898.397 1897.374 1896.35 1895.326 1894.303 1892.067 1889.725 1887.384 1885.042 1884.127 1885.857 1887.586 1889.316 1891.045 1892.56 1894.015 1895.469
