data/zism_data/00667_03_D.txt
ncols         224
nrows         224
[rows 196 to 223 of 224, columns 0 to 62 of 224]
4794.466 4797.806 4801.146 4804.486 4807.428 4807.709 4807.991 4808.273 4808.555 4808.689 4808.718 4808.748 4808.777 4808.585 4803.521 4798.457 4793.393 4788.329 4785.262 4784.194 4783.125 4782.057 4780.988 4785.255 4789.765 4794.274 4798.784 4802.199 4804.06 4805.921 4807.782 4809.643 4807.032 4803.751 4800.471 4797.19 4792.771 4785.998 4779.226 4772.453 4765.681 4761.013 4756.93 4752.848 4748.765 4744.552 4739.925 4735.298 4730.672 4726.045 4722.491 4719.405 4716.319 4713.233 4709.91 4705.266 4700.621 4695.977 4691.332 4686.927 4682.676 4678.426 4674.175
4789.161 4792.141 4795.12 4798.099 4800.681 4800.613 4800.545 4800.477 4800.409 4800.124 4799.685 4799.246 4798.807 4798.194 4793.749 4789.304 4784.858 4780.414 4777.543 4776.249 4774.955 4773.66 4772.366 4776.309 4780.49 4784.671 4788.852 4791.639 4792.445 4793.25 4794.057 4794.862 4792.063 4788.723 4785.383 4782.043 4777.636 4771.025 4764.415 4757.804 4751.192 4746.893 4743.235 4739.578 4735.92 4732.038 4727.444 4722.85 4718.255 4713.661 4710.258 4707.377 4704.496 4701.615 4698.542 4694.403 4690.265 4686.126 4681.987 4677.761 4673.478 4669.195 4664.913
4783.856 4786.475 4789.093 4791.712 4793.935 4793.517 4793.099 4792.681 4792.263 4791.558 4790.651 4789.744 4788.837 4787.803 4783.977 4780.15 4776.325 4772.499 4769.825 4768.305 4766.784 4765.263 4763.743 4767.362 4771.214 4775.067 4778.92 4781.079 4780.83 4780.581 4780.332 4780.083 4777.094 4773.695 4770.295 4766.896 4762.502 4756.053 4749.604 4743.154 4736.705 4732.772 4729.54 4726.308 4723.075 4719.525 4714.963 4710.401 4705.839 4701.277 4698.026 4695.35 4692.673 4689.996 4687.174 4683.542 4679.909 4676.276 4672.643 4668.595 4664.28 4659.965 4655.649
4778.86 4781.131 4783.402 4785.673 4787.559 4786.876 4786.194 4785.511 4784.829 4783.721 4782.314 4780.907 4779.5 4777.999 4774.416 4770.833 4767.249 4763.666 4761.085 4759.506 4757.927 4756.347 4754.768 4758.043 4761.54 4765.035 4768.531 4770.169 4769.165 4768.161 4767.157 4766.153 4762.999 4759.521 4756.043 4752.566 4748.315 4742.466 4736.618 4730.769 4724.92 4721.291 4718.278 4715.266 4712.253 4708.905 4704.489 4700.073 4695.657 4691.241 4688.043 4685.378 4682.713 4680.048 4677.295 4674.048 4670.801 4667.555 4664.308 4660.414 4656.104 4651.795 4647.485
4774.083 4776.015 4777.947 4779.879 4781.443 4780.556 4779.669 4778.782 4777.895 4776.396 4774.467 4772.538 4770.609 4768.607 4765.002 4761.398 4757.793 4754.188 4751.626 4750.106 4748.586 4747.066 4745.546 4748.463 4751.583 4754.702 4757.821 4759.013 4757.465 4755.918 4754.371 4752.823 4749.518 4745.949 4742.38 4738.811 4734.795 4729.856 4724.917 4719.978 4715.039 4711.666 4708.729 4705.792 4702.854 4699.617 4695.427 4691.237 4687.047 4682.858 4679.643 4676.854 4674.065 4671.276 4668.464 4665.519 4662.573 4659.627 4656.682 4652.926 4648.649 4644.372 4640.094
4769.306 4770.899 4772.492 4774.084 4775.327 4774.236 4773.144 4772.053 4770.961 4769.071 4766.62 4764.169 4761.718 4759.215 4755.589 4751.963 4748.337 4744.711 4742.167 4740.707 4739.246 4737.785 4736.324 4738.884 4741.626 4744.369 4747.111 4747.857 4745.766 4743.675 4741.584 4739.493 4736.037 4732.376 4728.716 4725.056 4721.275 4717.246 4713.216 4709.187 4705.157 4702.041 4699.179 4696.317 4693.455 4690.33 4686.366 4682.402 4678.438 4674.475 4671.242 4668.33 4665.417 4662.504 4659.633 4656.989 4654.345 4651.701 4649.057 4645.438 4641.193 4636.948 4632.703
4764.529 4765.783 4767.037 4768.291 4769.211 4767.915 4766.619 4765.323 4764.027 4761.747 4758.773 4755.8 4752.827 4749.824 4746.176 4742.529 4738.881 4735.233 4732.709 4731.307 4729.905 4728.504 4727.102 4729.304 4731.67 4734.036 4736.401 4736.702 4734.067 4731.432 4728.797 4726.163 4722.556 4718.805 4715.053 4711.301 4707.755 4704.635 4701.515 4698.395 4695.275 4692.416 4689.629 4686.843 4684.056 4681.042 4677.304 4673.566 4669.829 4666.091 4662.841 4659.805 4656.769 4653.732 4650.802 4648.459 4646.116 4643.774 4641.431 4637.95 4633.738 4629.525 4625.312
4759.7 4760.604 4761.507 4762.411 4763.003 4761.516 4760.03 4758.543 4757.056 4754.404 4750.932 4747.459 4743.987 4740.506 4736.842 4733.178 4729.514 4725.85 4723.342 4721.99 4720.639 4719.287 4717.935 4719.762 4721.733 4723.705 4725.676 4725.538 4722.401 4719.265 4716.128 4712.992 4709.249 4705.416 4701.582 4697.749 4694.435 4692.197 4689.958 4687.721 4685.482 4682.875 4680.166 4677.456 4674.747 4671.843 4668.321 4664.799 4661.278 4657.756 4654.491 4651.336 4648.183 4645.028 4642.043 4639.997 4637.951 4635.906 4633.86 4630.533 4626.383 4622.232 4618.083
4753.725 4754.037 4754.348 4754.66 4754.752 4753.384 4752.016 4750.647 4749.279 4746.679 4743.212 4739.745 4736.278 4732.807 4729.24 4725.673 4722.105 4718.539 4716.001 4714.493 4712.985 4711.477 4709.969 4711.043 4712.234 4713.425 4714.616 4714.192 4711.476 4708.759 4706.042 4703.326 4699.755 4696.056 4692.357 4688.658 4685.523 4683.554 4681.585 4679.616 4677.647 4675.187 4672.59 4669.994 4667.397 4664.579 4661.058 4657.536 4654.015 4650.493 4647.238 4644.101 4640.963 4637.825 4634.883 4633.031 4631.179 4629.327 4627.475 4624.666 4621.242 4617.818 4614.395
4747.75 4747.47 4747.189 4746.909 4746.502 4745.252 4744.002 4742.752 4741.502 4738.955 4735.493 4732.031 4728.57 4725.108 4721.638 4718.167 4714.697 4711.227 4708.66 4706.996 4705.332 4703.667 4702.003 4702.324 4702.734 4703.145 4703.555 4702.848 4700.551 4698.254 4695.957 4693.66 4690.261 4686.697 4683.132 4679.568 4676.611 4674.912 4673.211 4671.512 4669.812 4667.499 4665.015 4662.531 4660.048 4657.316 4653.794 4650.273 4646.751 4643.23 4639.986 4636.865 4633.743 4630.622 4627.722 4626.064 4624.406 4622.748 4621.089 4618.798 4616.102 4613.405 4610.708
4741.775 4740.903 4740.03 4739.158 4738.251 4737.12 4735.989 4734.857 4733.726 4731.23 4727.773 4724.317 4720.861 4717.409 4714.035 4710.662 4707.289 4703.915 4701.318 4699.498 4697.678 4695.858 4694.038 4693.605 4693.235 4692.865 4692.495 4691.502 4689.625 4687.749 4685.872 4683.995 4680.767 4677.337 4673.907 4670.478 4667.699 4666.269 4664.838 4663.407 4661.976 4659.81 4657.439 4655.069 4652.699 4650.053 4646.531 4643.01 4639.488 4635.967 4632.734 4629.629 4626.523 4623.418 4620.562 4619.097 4617.633 4616.168 4614.704 4612.931 4610.961 4608.991 4607.021
4735.801 4734.336 4732.872 4731.407 4730.001 4728.988 4727.975 4726.962 4725.949 4723.505 4720.054 4716.604 4713.152 4709.709 4706.433 4703.156 4699.88 4696.604 4693.977 4692.001 4690.024 4688.048 4686.072 4684.886 4683.735 4682.585 4681.435 4680.157 4678.7 4677.243 4675.786 4674.329 4671.273 4667.978 4664.683 4661.387 4658.788 4657.626 4656.464 4655.303 4654.141 4652.122 4649.864 4647.607 4645.349 4642.79 4639.268 4635.747 4632.225 4628.704 4625.482 4622.393 4619.304 4616.214 4613.401 4612.131 4610.86 4609.589 4608.318 4607.064 4605.82 4604.577 4603.333
4729.29 4727.362 4725.434 4723.506 4721.703 4720.722 4719.741 4718.76 4717.78 4715.507 4712.325 4709.144 4705.962 4702.785 4699.702 4696.619 4693.537 4690.454 4687.792 4685.552 4683.313 4681.073 4678.833 4677.03 4675.247 4673.464 4671.681 4670.143 4668.952 4667.762 4666.571 4665.38 4662.507 4659.381 4656.255 4653.129 4650.652 4649.514 4648.377 4647.239 4646.102 4644.273 4642.253 4640.232 4638.211 4635.886 4632.59 4629.295 4626.0 4622.704 4619.747 4616.937 4614.128 4611.318 4608.776 4607.723 4606.67 4605.618 4604.565 4603.679 4602.901 4602.123 4601.345
4722.242 4719.98 4717.719 4715.458 4713.356 4712.322 4711.287 4710.252 4709.218 4707.236 4704.587 4701.938 4699.29 4696.634 4693.842 4691.05 4688.258 4685.466 4682.765 4680.153 4677.542 4674.931 4672.319 4670.037 4667.77 4665.502 4663.235 4661.459 4660.381 4659.304 4658.226 4657.148 4654.468 4651.546 4648.625 4645.704 4643.292 4641.934 4640.576 4639.218 4637.86 4636.265 4634.605 4632.945 4631.285 4629.342 4626.499 4623.656 4620.813 4617.969 4615.527 4613.261 4610.996 4608.73 4606.686 4605.875 4605.064 4604.253 4603.443 4602.777 4602.203 4601.629 4601.056
4715.193 4712.599 4710.003 4707.408 4705.01 4703.921 4702.833 4701.745 4700.656 4698.965 4696.849 4694.733 4692.617 4690.484 4687.983 4685.481 4682.98 4680.479 4677.737 4674.754 4671.771 4668.789 4665.806 4663.044 4660.292 4657.541 4654.789 4652.775 4651.811 4650.846 4649.881 4648.917 4646.429 4643.712 4640.995 4638.278 4635.933 4634.354 4632.775 4631.196 4629.617 4628.257 4626.958 4625.658 4624.359 4622.798 4620.407 4618.016 4615.625 4613.234 4611.308 4609.585 4607.863 4606.141 4604.595 4604.026 4603.458 4602.89 4602.321 4601.874 4601.505 4601.136 4600.767
4708.146 4705.217 4702.288 4699.359 4696.664 4695.521 4694.379 4693.237 4692.095 4690.694 4689.111 4687.528 4685.944 4684.334 4682.124 4679.913 4677.702 4675.491 4672.708 4669.354 4666.0 4662.646 4659.292 4656.051 4652.815 4649.579 4646.343 4644.091 4643.24 4642.388 4641.537 4640.685 4638.389 4635.877 4633.365 4630.853 4628.573 4626.773 4624.974 4623.174 4621.375 4620.249 4619.311 4618.372 4617.433 4616.255 4614.316 4612.376 4610.438 4608.499 4607.088 4605.91 4604.731 4603.553 4602.504 4602.178 4601.852 4601.525 4601.199 4600.972 4600.807 4600.643 4600.478
4701.098 4697.835 4694.573 4691.31 4688.317 4687.122 4685.925 4684.729 4683.533 4682.423 4681.373 4680.322 4679.272 4678.184 4676.264 4674.344 4672.424 4670.503 4667.681 4663.956 4660.23 4656.504 4652.779 4649.058 4645.337 4641.617 4637.896 4635.408 4634.669 4633.93 4633.192 4632.453 4630.35 4628.042 4625.735 4623.427 4621.213 4619.193 4617.173 4615.153 4613.133 4612.241 4611.663 4611.084 4610.506 4609.711 4608.224 4606.737 4605.25 4603.763 4602.869 4602.234 4601.599 4600.964 4600.413 4600.329 4600.245 4600.162 4600.078 4600.069 4600.109 4600.149 4600.189
4693.078 4689.915 4686.751 4683.587 4680.645 4679.179 4677.713 4676.247 4674.781 4673.681 4672.839 4671.998 4671.156 4670.28 4668.65 4667.021 4665.392 4663.762 4661.148 4657.551 4653.954 4650.356 4646.759 4642.974 4639.181 4635.388 4631.595 4629.065 4628.332 4627.598 4626.864 4626.13 4624.376 4622.469 4620.561 4618.654 4616.805 4615.08 4613.354 4611.627 4609.901 4609.195 4608.771 4608.348 4607.924 4607.343 4606.262 4605.181 4604.1 4603.019 4602.383 4601.941 4601.5 4601.059 4600.685 4600.689 4600.692 4600.696 4600.7 4600.941 4601.335 4601.729 4602.123
4685.015 4681.969 4678.924 4675.879 4673.003 4671.257 4669.511 4667.765 4666.02 4664.918 4664.27 4663.622 4662.974 4662.296 4660.957 4659.618 4658.279 4656.94 4654.548 4651.101 4647.654 4644.208 4640.761 4636.931 4633.084 4629.237 4625.39 4622.829 4622.096 4621.362 4620.628 4619.895 4618.496 4616.998 4615.499 4614.0 4612.532 4611.123 4609.715 4608.306 4606.898 4606.374 4606.096 4605.817 4605.54 4605.166 4604.488 4603.811 4603.133 4602.456 4602.066 4601.802 4601.539 4601.275 4601.064 4601.148 4601.233 4601.318 4601.402 4601.895 4602.649 4603.403 4604.158
4676.951 4674.024 4671.098 4668.17 4665.361 4663.335 4661.31 4659.284 4657.258 4656.155 4655.7 4655.246 4654.792 4654.312 4653.264 4652.215 4651.167 4650.119 4647.947 4644.651 4641.355 4638.059 4634.763 4630.888 4626.987 4623.086 4619.186 4616.593 4615.859 4615.126 4614.393 4613.659 4612.616 4611.526 4610.437 4609.348 4608.258 4607.167 4606.076 4604.985 4603.894 4603.553 4603.42 4603.288 4603.155 4602.988 4602.714 4602.44 4602.167 4601.893 4601.75 4601.663 4601.577 4601.491 4601.443 4601.608 4601.773 4601.939 4602.104 4602.848 4603.963 4605.078 4606.193
4668.888 4666.079 4663.271 4660.462 4657.719 4655.414 4653.108 4650.802 4648.497 4647.392 4647.131 4646.871 4646.61 4646.328 4645.57 4644.813 4644.055 4643.298 4641.346 4638.201 4635.056 4631.91 4628.765 4624.845 4620.891 4616.936 4612.981 4610.357 4609.624 4608.89 4608.156 4607.423 4606.736 4606.055 4605.375 4604.695 4603.984 4603.211 4602.438 4601.664 4600.891 4600.732 4600.745 4600.757 4600.77 4600.81 4600.94 4601.07 4601.2 4601.33 4601.433 4601.524 4601.616 4601.707 4601.822 4602.068 4602.314 4602.56 4602.806 4603.801 4605.276 4606.752 4608.228
4660.528 4657.938 4655.348 4652.758 4650.181 4647.688 4645.196 4642.704 4640.212 4639.073 4638.886 4638.699 4638.512 4638.311 4637.777 4637.243 4636.71 4636.176 4634.497 4631.671 4628.845 4626.02 4623.194 4619.515 4615.798 4612.081 4608.364 4605.912 4605.258 4604.605 4603.951 4603.298 4602.87 4602.477 4602.083 4601.69 4601.25 4600.717 4600.183 4599.649 4599.116 4599.174 4599.396 4599.619 4599.841 4600.158 4600.778 4601.399 4602.019 4602.639 4603.021 4603.299 4603.577 4603.855 4604.138 4604.444 4604.751 4605.058 4605.365 4606.581 4608.381 4610.182 4611.983
4651.747 4649.518 4647.288 4645.059 4642.788 4640.242 4637.696 4635.15 4632.604 4631.386 4631.102 4630.818 4630.535 4630.246 4629.841 4629.437 4629.033 4628.628 4627.293 4625.027 4622.761 4620.495 4618.229 4615.198 4612.132 4609.066 4606.0 4604.011 4603.551 4603.091 4602.632 4602.172 4601.868 4601.587 4601.307 4601.026 4600.706 4600.301 4599.897 4599.492 4599.088 4599.41 4599.934 4600.458 4600.981 4601.674 4602.908 4604.142 4605.376 4606.61 4607.317 4607.794 4608.271 4608.749 4609.205 4609.544 4609.883 4610.222 4610.561 4611.957 4614.032 4616.107 4618.183
4642.966 4641.097 4639.228 4637.359 4635.396 4632.795 4630.196 4627.596 4624.996 4623.699 4623.318 4622.938 4622.557 4622.181 4621.906 4621.631 4621.355 4621.081 4620.09 4618.383 4616.677 4614.971 4613.265 4610.881 4608.467 4606.052 4603.637 4602.11 4601.844 4601.578 4601.312 4601.046 4600.866 4600.698 4600.531 4600.363 4600.161 4599.886 4599.61 4599.335 4599.06 4599.646 4600.471 4601.296 4602.121 4603.191 4605.038 4606.886 4608.733 4610.581 4611.613 4612.29 4612.966 4613.642 4614.272 4614.643 4615.015 4615.386 4615.757 4617.333 4619.683 4622.032 4624.382
4634.185 4632.677 4631.168 4629.66 4628.003 4625.349 4622.695 4620.042 4617.388 4616.012 4615.534 4615.057 4614.58 4614.117 4613.971 4613.825 4613.679 4613.533 4612.886 4611.74 4610.593 4609.447 4608.301 4606.564 4604.801 4603.038 4601.274 4600.209 4600.137 4600.065 4599.992 4599.92 4599.863 4599.809 4599.754 4599.7 4599.616 4599.47 4599.324 4599.178 4599.032 4599.882 4601.008 4602.135 4603.261 4604.707 4607.168 4609.629 4612.09 4614.551 4615.909 4616.785 4617.66 4618.535 4619.339 4619.743 4620.146 4620.55 4620.954 4622.709 4625.333 4627.958 4630.582
4625.404 4624.256 4623.109 4621.961 4620.61 4617.903 4615.195 4612.488 4609.78 4608.325 4607.75 4607.176 4606.602 4606.052 4606.035 4606.018 4606.001 4605.984 4605.683 4605.096 4604.51 4603.923 4603.336 4602.247 4601.135 4600.023 4598.911 4598.309 4598.43 4598.551 4598.673 4598.794 4598.861 4598.92 4598.979 4599.037 4599.071 4599.054 4599.038 4599.021 4599.004 4600.118 4601.545 4602.974 4604.401 4606.223 4609.298 4612.373 4615.447 4618.522 4620.205 4621.28 4622.354 4623.429 4624.406 4624.842 4625.278 4625.714 4626.15 4628.085 4630.984 4633.883 4636.782
4618.965 4618.057 4617.148 4616.239 4615.153 4612.883 4610.613 4608.343 4606.074 4604.871 4604.42 4603.969 4603.518 4603.089 4603.149 4603.21 4603.271 4603.332 4603.164 4602.768 4602.371 4601.975 4601.578 4600.784 4599.973 4599.161 4598.349 4597.941 4598.106 4598.271 4598.437 4598.603 4598.712 4598.813 4598.915 4599.017 4599.17 4599.433 4599.695 4599.957 4600.219 4601.897 4603.968 4606.039 4608.11 4610.523 4614.024 4617.525 4621.026 4624.527 4626.596 4628.038 4629.48 4630.922 4632.213 4632.658 4633.103 4633.547 4633.992 4635.83 4638.563 4641.297 4644.03
4612.877 4612.19 4611.502 4610.814 4609.986 4608.228 4606.469 4604.711 4602.952 4602.053 4601.757 4601.462 4601.167 4600.891 4601.021 4601.152 4601.283 4601.414 4601.349 4601.086 4600.824 4600.563 4600.3 4599.75 4599.185 4598.621 4598.057 4597.803 4597.99 4598.177 4598.364 4598.551 4598.691 4598.825 4598.959 4599.093 4599.367 4599.93 4600.494 4601.057 4601.621 4603.908 4606.673 4609.438 4612.204 4615.24 4619.14 4623.039 4626.938 4630.838 4633.301 4635.136 4636.971 4638.807 4640.431 4640.881 4641.332 4641.782 4642.232 4643.931 4646.433 4648.935 4651.437
