data/zism_data/00664_03_D.txt
ncols         224
nrows         224
[rows 58 to 86 of 224, columns 0 to 63 of 224]
4835.334 4837.243 4839.152 4841.061 4843.436 4847.037 4850.638 4854.239 4857.84 4862.074 4866.532 4870.989 4875.447 4880.074 4885.364 4890.655 4895.946 4901.236 4908.621 4917.052 4925.483 4933.915 4942.213 4949.623 4957.033 4964.443 4971.854 4977.823 4982.809 4987.794 4992.78 4997.792 5003.252 5008.711 5014.17 5019.63 5025.298 5031.156 5037.015 5042.874 5048.733 5052.398 5056.032 5059.665 5063.298 5064.502 5062.728 5060.954 5059.18 5057.406 5047.881 5037.617 5027.354 5017.09 5006.524 4995.46 4984.395 4973.33 4962.266 4953.494 4945.157 4936.82 4928.483 4921.009
4831.015 4833.535 4836.055 4838.575 4841.489 4845.438 4849.388 4853.337 4857.287 4861.687 4866.247 4870.806 4875.366 4880.074 4885.364 4890.655 4895.946 4901.236 4908.6 4916.999 4925.397 4933.797 4942.056 4949.386 4956.716 4964.046 4971.376 4977.265 4982.17 4987.075 4991.98 4996.924 5002.501 5008.079 5013.656 5019.233 5025.282 5031.762 5038.243 5044.724 5051.204 5055.719 5060.204 5064.689 5069.175 5071.282 5070.473 5069.664 5068.855 5068.046 5058.791 5048.731 5038.671 5028.611 5017.968 5006.362 4994.756 4983.15 4971.543 4962.226 4953.342 4944.458 4935.575 4927.507
4826.956 4830.011 4833.066 4836.122 4839.504 4843.744 4847.985 4852.226 4856.466 4861.046 4865.747 4870.447 4875.147 4879.971 4885.286 4890.6 4895.914 4901.229 4908.523 4916.808 4925.092 4933.376 4941.519 4948.716 4955.914 4963.111 4970.309 4976.137 4981.03 4985.924 4990.818 4995.759 5001.483 5007.207 5012.931 5018.655 5025.064 5032.103 5039.142 5046.18 5053.219 5058.481 5063.718 5068.955 5074.192 5077.041 5076.963 5076.885 5076.807 5076.729 5067.952 5058.347 5048.741 5039.136 5028.674 5016.798 5004.921 4993.044 4981.167 4971.414 4962.063 4952.711 4943.36 4934.775
4823.462 4826.888 4830.313 4833.738 4837.434 4841.841 4846.248 4850.654 4855.061 4859.851 4864.776 4869.702 4874.627 4879.646 4885.036 4890.425 4895.814 4901.204 4908.327 4916.316 4924.306 4932.295 4940.149 4947.1 4954.051 4961.002 4967.953 4973.764 4978.797 4983.83 4988.863 4993.948 4999.881 5005.813 5011.747 5017.679 5024.407 5031.864 5039.32 5046.777 5054.234 5060.026 5065.793 5071.561 5077.329 5080.568 5080.71 5080.852 5080.994 5081.136 5073.293 5064.69 5056.087 5047.484 5037.769 5026.213 5014.658 5003.103 4991.548 4981.598 4971.952 4962.305 4952.659 4943.729
4819.969 4823.765 4827.56 4831.355 4835.364 4839.937 4844.51 4849.083 4853.656 4858.656 4863.806 4868.957 4874.107 4879.321 4884.785 4890.25 4895.714 4901.179 4908.13 4915.825 4923.52 4931.214 4938.78 4945.484 4952.188 4958.893 4965.597 4971.391 4976.563 4981.735 4986.908 4992.136 4998.278 5004.42 5010.562 5016.704 5023.75 5031.625 5039.5 5047.374 5055.249 5061.57 5067.868 5074.167 5080.465 5084.096 5084.458 5084.819 5085.181 5085.542 5078.634 5071.033 5063.433 5055.832 5046.863 5035.629 5024.396 5013.162 5001.929 4991.782 4981.841 4971.899 4961.958 4952.683
4816.476 4820.641 4824.806 4828.971 4833.294 4838.034 4842.773 4847.512 4852.251 4857.46 4862.836 4868.211 4873.587 4878.996 4884.535 4890.075 4895.614 4901.153 4907.933 4915.333 4922.733 4930.133 4937.411 4943.868 4950.326 4956.783 4963.241 4969.018 4974.329 4979.641 4984.953 4990.324 4996.675 5003.026 5009.377 5015.729 5023.093 5031.386 5039.678 5047.971 5056.264 5063.114 5069.943 5076.772 5083.601 5087.623 5088.205 5088.786 5089.367 5089.949 5083.975 5077.377 5070.778 5064.18 5055.957 5045.045 5034.133 5023.221 5012.309 5001.966 4991.729 4981.494 4971.258 4961.637
4812.983 4817.518 4822.053 4826.588 4831.225 4836.13 4841.036 4845.941 4850.846 4856.265 4861.866 4867.466 4873.067 4878.67 4884.285 4889.899 4895.514 4901.128 4907.737 4914.842 4921.947 4929.052 4936.041 4942.252 4948.463 4954.674 4960.885 4966.645 4972.095 4977.546 4982.998 4988.513 4995.073 5001.633 5008.193 5014.753 5022.436 5031.146 5039.857 5048.568 5057.279 5064.659 5072.018 5079.378 5086.737 5091.15 5091.952 5092.753 5093.554 5094.355 5089.316 5083.72 5078.124 5072.528 5065.051 5054.46 5043.87 5033.28 5022.689 5012.149 5001.619 4991.088 4980.558 4970.591
4810.701 4815.091 4819.481 4823.871 4828.478 4833.653 4838.828 4844.003 4849.179 4854.853 4860.702 4866.552 4872.401 4878.222 4883.927 4889.633 4895.338 4901.044 4907.563 4914.489 4921.416 4928.341 4935.152 4941.197 4947.241 4953.285 4959.329 4965.052 4970.554 4976.057 4981.56 4987.12 4993.626 5000.132 5006.638 5013.144 5020.813 5029.552 5038.29 5047.028 5055.766 5063.393 5071.004 5078.615 5086.226 5090.889 5091.938 5092.986 5094.035 5095.084 5090.278 5084.915 5079.551 5074.187 5067.102 5057.168 5047.235 5037.302 5027.368 5017.292 5007.189 4997.086 4986.983 4977.34
4808.835 4812.904 4816.972 4821.04 4825.498 4830.979 4836.459 4841.94 4847.421 4853.365 4859.472 4865.579 4871.686 4877.73 4883.533 4889.334 4895.137 4900.938 4907.397 4914.184 4920.971 4927.757 4934.429 4940.334 4946.239 4952.144 4958.048 4963.727 4969.251 4974.775 4980.299 4985.872 4992.233 4998.594 5004.955 5011.316 5018.861 5027.492 5036.123 5044.753 5053.384 5061.163 5068.93 5076.696 5084.462 5089.326 5090.632 5091.939 5093.245 5094.551 5089.738 5084.342 5078.947 5073.551 5066.736 5057.575 5048.413 5039.251 5030.09 5020.705 5011.277 5001.85 4992.422 4983.333
4806.969 4810.716 4814.463 4818.209 4822.518 4828.304 4834.091 4839.877 4845.664 4851.877 4858.241 4864.605 4870.97 4877.24 4883.138 4889.037 4894.935 4900.833 4907.231 4913.879 4920.526 4927.173 4933.706 4939.471 4945.237 4951.002 4956.768 4962.402 4967.948 4973.493 4979.039 4984.624 4990.839 4997.056 5003.272 5009.488 5016.908 5025.432 5033.956 5042.479 5051.002 5058.933 5066.855 5074.777 5082.699 5087.764 5089.328 5090.891 5092.455 5094.018 5089.198 5083.77 5078.342 5072.914 5066.37 5057.981 5049.591 5041.202 5032.812 5024.118 5015.366 5006.613 4997.861 4989.325
4805.104 4808.528 4811.954 4815.378 4819.538 4825.63 4831.722 4837.814 4843.906 4850.389 4857.011 4863.632 4870.254 4876.749 4882.743 4888.738 4894.733 4900.729 4907.065 4913.573 4920.082 4926.589 4932.982 4938.608 4944.234 4949.86 4955.487 4961.078 4966.645 4972.211 4977.779 4983.375 4989.446 4995.518 5001.589 5007.661 5014.956 5023.372 5031.788 5040.205 5048.621 5056.703 5064.781 5072.858 5080.936 5086.202 5088.023 5089.843 5091.664 5093.485 5088.658 5083.198 5077.738 5072.278 5066.004 5058.387 5050.77 5043.152 5035.534 5027.531 5019.454 5011.377 5003.3 4995.317
4803.392 4806.481 4809.571 4812.66 4816.641 4822.967 4829.293 4835.619 4841.946 4848.662 4855.515 4862.369 4869.222 4875.932 4882.078 4888.224 4894.37 4900.516 4906.826 4913.219 4919.612 4926.005 4932.279 4937.76 4943.24 4948.72 4954.2 4959.719 4965.264 4970.809 4976.354 4981.921 4987.84 4993.758 4999.676 5005.594 5012.731 5020.985 5029.239 5037.492 5045.746 5053.893 5062.037 5070.182 5078.326 5083.744 5085.82 5087.896 5089.973 5092.049 5087.201 5081.694 5076.187 5070.679 5064.645 5057.737 5050.829 5043.921 5037.014 5029.656 5022.214 5014.771 5007.329 4999.891
4802.409 4805.097 4807.784 4810.471 4814.132 4820.356 4826.581 4832.806 4839.03 4845.802 4852.769 4859.734 4866.701 4873.583 4880.136 4886.689 4893.243 4899.796 4906.243 4912.636 4919.029 4925.422 4931.673 4936.976 4942.279 4947.583 4952.886 4958.199 4963.519 4968.839 4974.159 4979.503 4985.228 4990.954 4996.679 5002.404 5009.228 5017.058 5024.888 5032.718 5040.549 5048.345 5056.142 5063.938 5071.734 5077.071 5079.394 5081.716 5084.039 5086.362 5081.428 5075.803 5070.177 5064.552 5058.601 5052.112 5045.622 5039.133 5032.643 5025.722 5018.719 5011.716 5004.712 4997.785
4801.427 4803.712 4805.997 4808.282 4811.624 4817.747 4823.869 4829.992 4836.114 4842.943 4850.022 4857.101 4864.179 4871.234 4878.195 4885.155 4892.116 4899.077 4905.659 4912.052 4918.445 4924.838 4931.066 4936.192 4941.319 4946.445 4951.571 4956.679 4961.774 4966.869 4971.964 4977.084 4982.617 4988.149 4993.681 4999.213 5005.724 5013.13 5020.538 5027.944 5035.351 5042.798 5050.246 5057.693 5065.141 5070.397 5072.966 5075.536 5078.105 5080.675 5075.654 5069.911 5064.168 5058.425 5052.558 5046.486 5040.415 5034.344 5028.272 5021.787 5015.224 5008.66 5002.097 4995.678
4800.444 4802.327 4804.21 4806.093 4809.116 4815.136 4821.157 4827.178 4833.198 4840.084 4847.275 4854.467 4861.658 4868.885 4876.253 4883.621 4890.989 4898.357 4905.076 4911.469 4917.862 4924.254 4930.459 4935.409 4940.358 4945.308 4950.257 4955.159 4960.029 4964.899 4969.769 4974.666 4980.005 4985.344 4990.684 4996.023 5002.22 5009.204 5016.187 5023.17 5030.153 5037.251 5044.35 5051.45 5058.549 5063.724 5066.54 5069.355 5072.171 5074.988 5069.881 5064.02 5058.159 5052.297 5046.515 5040.861 5035.208 5029.555 5023.902 5017.853 5011.729 5005.605 4999.481 4993.572
4799.461 4800.942 4802.423 4803.904 4806.607 4812.526 4818.445 4824.364 4830.283 4837.225 4844.529 4851.833 4859.137 4866.536 4874.312 4882.087 4889.863 4897.638 4904.492 4910.885 4917.278 4923.671 4929.853 4934.625 4939.398 4944.17 4948.943 4953.64 4958.284 4962.929 4967.574 4972.247 4977.394 4982.54 4987.687 4992.833 4998.716 5005.276 5011.836 5018.396 5024.956 5031.704 5038.455 5045.206 5051.956 5057.05 5060.113 5063.175 5066.238 5069.3 5064.107 5058.128 5052.149 5046.17 5040.472 5035.236 5030.001 5024.766 5019.531 5013.918 5008.234 5002.549 4996.865 4991.466
4798.802 4800.007 4801.213 4802.419 4804.835 4810.438 4816.041 4821.644 4827.246 4834.096 4841.385 4848.675 4855.965 4863.39 4871.349 4879.308 4887.267 4895.226 4902.21 4908.707 4915.204 4921.701 4927.972 4932.74 4937.508 4942.275 4947.043 4951.678 4956.221 4960.763 4965.306 4969.868 4974.744 4979.619 4984.495 4989.37 4994.888 5000.996 5007.103 5013.21 5019.317 5025.465 5031.614 5037.763 5043.913 5048.555 5051.351 5054.147 5056.943 5059.739 5054.617 5048.741 5042.865 5036.988 5031.53 5026.761 5021.993 5017.225 5012.457 5007.244 5001.947 4996.65 4991.354 4986.423
4798.354 4799.366 4800.379 4801.392 4803.543 4808.69 4813.837 4818.984 4824.131 4830.79 4837.983 4845.177 4852.37 4859.726 4867.723 4875.719 4883.715 4891.711 4898.823 4905.491 4912.16 4918.828 4925.263 4930.138 4935.013 4939.888 4944.763 4949.428 4953.949 4958.471 4962.992 4967.516 4972.069 4976.623 4981.177 4985.73 4990.849 4996.484 5002.12 5007.755 5013.391 5018.777 5024.159 5029.542 5034.924 5038.875 5041.07 5043.266 5045.462 5047.657 5042.708 5037.079 5031.449 5025.819 5020.702 5016.433 5012.163 5007.893 5003.623 4998.788 4993.845 4988.901 4983.958 4979.47
4797.905 4798.725 4799.544 4800.364 4802.25 4806.941 4811.633 4816.324 4821.016 4827.485 4834.582 4841.678 4848.775 4856.062 4864.096 4872.13 4880.164 4888.197 4895.436 4902.275 4909.115 4915.956 4922.553 4927.535 4932.518 4937.5 4942.482 4947.178 4951.678 4956.178 4960.678 4965.163 4969.395 4973.627 4977.859 4982.091 4986.809 4991.973 4997.137 5002.3 5007.464 5012.088 5016.704 5021.32 5025.936 5029.195 5030.79 5032.385 5033.98 5035.576 5030.799 5025.417 5020.034 5014.65 5009.875 5006.104 5002.332 4998.561 4994.79 4990.331 4985.742 4981.152 4976.563 4972.517
4797.457 4798.083 4798.71 4799.337 4800.958 4805.193 4809.429 4813.665 4817.9 4824.179 4831.18 4838.18 4845.18 4852.397 4860.469 4868.541 4876.612 4884.683 4892.048 4899.06 4906.071 4913.083 4919.844 4924.933 4930.022 4935.112 4940.202 4944.928 4949.407 4953.885 4958.364 4962.81 4966.72 4970.63 4974.541 4978.452 4982.77 4987.462 4992.154 4996.846 5001.538 5005.399 5009.249 5013.098 5016.947 5019.514 5020.509 5021.504 5022.499 5023.494 5018.891 5013.754 5008.618 5003.481 4999.047 4995.774 4992.501 4989.229 4985.956 4981.874 4977.639 4973.403 4969.168 4965.563
4797.011 4797.451 4797.891 4798.332 4799.691 4803.471 4807.251 4811.031 4814.811 4820.898 4827.801 4834.703 4841.605 4848.753 4856.866 4864.979 4873.092 4881.205 4888.695 4895.874 4903.052 4910.23 4917.149 4922.336 4927.524 4932.712 4937.9 4942.652 4947.106 4951.561 4956.015 4960.419 4964.013 4967.607 4971.202 4974.795 4978.714 4982.93 4987.146 4991.361 4995.577 4998.683 5001.773 5004.863 5007.953 5009.835 5010.239 5010.642 5011.045 5011.448 5007.021 5002.133 4997.246 4992.358 4988.264 4985.482 4982.701 4979.919 4977.137 4973.425 4969.537 4965.648 4961.76 4958.589
4796.633 4797.057 4797.481 4797.905 4799.127 4802.446 4805.765 4809.083 4812.402 4818.267 4825.029 4831.792 4838.555 4845.622 4853.885 4862.148 4870.412 4878.675 4886.243 4893.465 4900.686 4907.907 4914.845 4919.893 4924.941 4929.99 4935.038 4939.676 4944.034 4948.392 4952.75 4957.053 4960.465 4963.876 4967.289 4970.7 4974.221 4977.842 4981.462 4985.083 4988.704 4991.236 4993.752 4996.269 4998.785 5000.19 5000.235 5000.279 5000.323 5000.367 4996.187 4991.605 4987.023 4982.441 4978.648 4976.162 4973.675 4971.188 4968.701 4965.176 4961.453 4957.731 4954.009 4951.053
4796.255 4796.663 4797.071 4797.479 4798.562 4801.42 4804.278 4807.136 4809.994 4815.634 4822.258 4828.881 4835.505 4842.491 4850.905 4859.318 4867.731 4876.145 4883.792 4891.056 4898.32 4905.584 4912.541 4917.45 4922.359 4927.268 4932.177 4936.701 4940.962 4945.224 4949.485 4953.687 4956.917 4960.146 4963.375 4966.605 4969.728 4972.753 4975.779 4978.805 4981.831 4983.789 4985.732 4987.674 4989.617 4990.545 4990.23 4989.916 4989.601 4989.285 4985.353 4981.077 4976.8 4972.523 4969.033 4966.841 4964.648 4962.457 4960.265 4956.926 4953.37 4949.814 4946.258 4943.517
4795.877 4796.269 4796.661 4797.053 4797.998 4800.394 4802.791 4805.188 4807.585 4813.002 4819.487 4825.971 4832.455 4839.36 4847.924 4856.487 4865.051 4873.614 4881.34 4888.647 4895.954 4903.261 4910.237 4915.007 4919.776 4924.546 4929.315 4933.726 4937.891 4942.055 4946.22 4950.32 4953.368 4956.415 4959.462 4962.509 4965.235 4967.666 4970.096 4972.527 4974.958 4976.342 4977.711 4979.081 4980.45 4980.9 4980.227 4979.552 4978.878 4978.204 4974.52 4970.548 4966.578 4962.606 4959.417 4957.52 4955.623 4953.726 4951.829 4948.677 4945.287 4941.896 4938.507 4935.981
4795.5 4795.875 4796.251 4796.627 4797.433 4799.369 4801.304 4803.24 4805.176 4810.371 4816.715 4823.06 4829.404 4836.23 4844.943 4853.657 4862.37 4871.083 4878.888 4886.238 4893.588 4900.938 4907.933 4912.563 4917.193 4921.824 4926.454 4930.75 4934.819 4938.887 4942.956 4946.954 4949.819 4952.684 4955.549 4958.414 4960.742 4962.578 4964.414 4966.249 4968.084 4968.896 4969.691 4970.486 4971.282 4971.256 4970.222 4969.189 4968.156 4967.122 4963.686 4960.02 4956.355 4952.689 4949.801 4948.199 4946.597 4944.995 4943.392 4940.427 4937.203 4933.979 4930.755 4928.445
4795.128 4795.495 4795.862 4796.23 4796.933 4798.518 4800.103 4801.688 4803.272 4808.125 4814.129 4820.134 4826.139 4832.708 4841.488 4850.269 4859.05 4867.831 4875.752 4883.242 4890.733 4898.223 4905.329 4909.87 4914.411 4918.952 4923.493 4927.657 4931.563 4935.47 4939.377 4943.214 4945.925 4948.635 4951.345 4954.056 4956.016 4957.289 4958.563 4959.835 4961.109 4961.405 4961.688 4961.969 4962.251 4961.818 4960.508 4959.198 4957.889 4956.579 4953.36 4949.96 4946.561 4943.161 4940.542 4939.214 4937.887 4936.559 4935.231 4932.547 4929.604 4926.662 4923.719 4921.662
4794.763 4795.13 4795.498 4795.865 4796.506 4797.866 4799.226 4800.585 4801.945 4806.318 4811.755 4817.192 4822.628 4828.738 4837.493 4846.247 4855.001 4863.755 4871.834 4879.577 4887.319 4895.062 4902.383 4906.891 4911.4 4915.909 4920.417 4924.428 4928.099 4931.77 4935.441 4939.049 4941.636 4944.223 4946.81 4949.397 4951.024 4951.772 4952.521 4953.268 4954.016 4953.866 4953.704 4953.541 4953.377 4952.618 4951.125 4949.633 4948.141 4946.649 4943.616 4940.436 4937.255 4934.075 4931.688 4930.612 4929.537 4928.461 4927.386 4925.088 4922.559 4920.029 4917.499 4915.736
4794.398 4794.766 4795.133 4795.5 4796.079 4797.214 4798.349 4799.483 4800.618 4804.512 4809.381 4814.25 4819.118 4824.77 4833.497 4842.224 4850.951 4859.679 4867.917 4875.912 4883.906 4891.9 4899.436 4903.913 4908.389 4912.866 4917.342 4921.2 4924.635 4928.07 4931.505 4934.884 4937.348 4939.812 4942.275 4944.739 4946.033 4946.256 4946.478 4946.701 4946.923 4946.328 4945.72 4945.112 4944.504 4943.417 4941.743 4940.068 4938.394 4936.719 4933.871 4930.911 4927.95 4924.99 4922.834 4922.011 4921.188 4920.364 4919.54 4917.629 4915.513 4913.396 4911.279 4909.812
4794.034 4794.401 4794.769 4795.136 4795.652 4796.562 4797.472 4798.381 4799.291 4802.706 4807.007 4811.307 4815.607 4820.8 4829.501 4838.202 4846.902 4855.603 4864.0 4872.247 4880.493 4888.739 4896.49 4900.934 4905.378 4909.823 4914.267 4917.971 4921.171 4924.37 4927.569 4930.719 4933.059 4935.399 4937.74 4940.08 4941.042 4940.739 4940.436 4940.133 4939.831 4938.789 4937.736 4936.683 4935.63 4934.216 4932.36 4930.503 4928.646 4926.79 4924.126 4921.386 4918.645 4915.904 4913.981 4913.409 4912.838 4912.266 4911.694 4910.171 4908.467 4906.763 4905.059 4903.886
