data/zism_data/00663_01_D.txt
ncols         224
nrows         224
[rows 196 to 223 of 224, columns 0 to 63 of 224]
1173.191 1176.14 1179.089 1182.039 1184.787 1187.005 1189.224 1191.443 1193.662 1192.046 1189.075 1186.105 1183.135 1179.573 1173.685 1167.797 1161.909 1156.021 1151.833 1148.495 1145.156 1141.818 1138.584 1136.038 1133.492 1130.946 1128.4 1126.003 1123.707 1121.412 1119.117 1116.926 1116.42 1115.915 1115.409 1114.903 1115.596 1117.387 1119.178 1120.969 1122.76 1124.714 1126.67 1128.626 1130.582 1132.43 1134.144 1135.858 1137.572 1139.286 1139.134 1138.804 1138.474 1138.144 1136.84 1133.924 1131.009 1128.093 1125.177 1122.86 1120.656 1118.453 1116.249 1114.394
1172.373 1175.161 1177.948 1180.735 1183.345 1185.489 1187.632 1189.775 1191.918 1190.063 1186.795 1183.528 1180.261 1176.51 1170.854 1165.198 1159.542 1153.886 1149.959 1146.896 1143.833 1140.771 1137.794 1135.388 1132.982 1130.577 1128.171 1125.95 1123.854 1121.759 1119.664 1117.68 1117.515 1117.349 1117.184 1117.018 1117.933 1119.837 1121.741 1123.646 1125.55 1127.559 1129.569 1131.58 1133.59 1135.436 1137.079 1138.723 1140.367 1142.01 1141.655 1141.109 1140.564 1140.018 1138.463 1135.24 1132.016 1128.792 1125.569 1122.581 1119.638 1116.695 1113.751 1111.371
1171.556 1174.182 1176.807 1179.432 1181.904 1183.971 1186.039 1188.107 1190.174 1188.079 1184.515 1180.951 1177.387 1173.446 1168.022 1162.599 1157.175 1151.751 1148.085 1145.298 1142.51 1139.723 1137.004 1134.739 1132.473 1130.208 1127.943 1125.897 1124.001 1122.106 1120.21 1118.435 1118.61 1118.784 1118.959 1119.134 1120.27 1122.288 1124.305 1126.323 1128.341 1130.404 1132.469 1134.533 1136.597 1138.441 1140.015 1141.588 1143.162 1144.735 1144.177 1143.415 1142.653 1141.892 1140.086 1136.555 1133.023 1129.492 1125.961 1122.302 1118.619 1114.936 1111.253 1108.349
1169.834 1172.35 1174.866 1177.382 1179.755 1181.752 1183.749 1185.746 1187.742 1185.464 1181.677 1177.89 1174.103 1170.042 1164.907 1159.772 1154.637 1149.502 1146.115 1143.603 1141.091 1138.579 1136.122 1134.024 1131.926 1129.828 1127.73 1125.886 1124.216 1122.546 1120.876 1119.331 1119.8 1120.269 1120.738 1121.207 1122.533 1124.644 1126.755 1128.866 1130.977 1133.064 1135.151 1137.237 1139.324 1141.134 1142.604 1144.075 1145.545 1147.016 1146.293 1145.361 1144.429 1143.497 1141.497 1137.729 1133.962 1130.194 1126.426 1122.202 1117.891 1113.58 1109.269 1105.92
1164.854 1167.451 1170.048 1172.645 1175.062 1177.005 1178.948 1180.89 1182.833 1180.573 1176.829 1173.085 1169.341 1165.415 1160.771 1156.127 1151.483 1146.839 1143.8 1141.564 1139.327 1137.091 1134.907 1133.073 1131.24 1129.407 1127.573 1126.026 1124.675 1123.324 1121.973 1120.734 1121.333 1121.932 1122.53 1123.129 1124.528 1126.661 1128.793 1130.926 1133.059 1135.056 1137.051 1139.045 1141.04 1142.7 1143.949 1145.198 1146.447 1147.697 1146.949 1146.012 1145.075 1144.137 1142.142 1138.396 1134.65 1130.904 1127.158 1122.746 1118.208 1113.67 1109.132 1105.629
1159.874 1162.552 1165.23 1167.908 1170.369 1172.258 1174.146 1176.035 1177.924 1175.681 1171.981 1168.28 1164.579 1160.787 1156.635 1152.482 1148.33 1144.177 1141.486 1139.525 1137.563 1135.602 1133.692 1132.123 1130.555 1128.986 1127.417 1126.167 1125.134 1124.101 1123.069 1122.138 1122.866 1123.594 1124.323 1125.051 1126.523 1128.678 1130.832 1132.986 1135.141 1137.047 1138.95 1140.853 1142.756 1144.266 1145.294 1146.322 1147.349 1148.377 1147.606 1146.663 1145.72 1144.778 1142.787 1139.062 1135.338 1131.614 1127.889 1123.29 1118.526 1113.761 1108.996 1105.339
1154.894 1157.653 1160.412 1163.171 1165.676 1167.51 1169.345 1171.18 1173.015 1170.79 1167.132 1163.475 1159.817 1156.159 1152.498 1148.837 1145.176 1141.515 1139.171 1137.485 1135.799 1134.113 1132.477 1131.173 1129.869 1128.565 1127.261 1126.307 1125.593 1124.879 1124.165 1123.542 1124.4 1125.257 1126.115 1126.973 1128.519 1130.695 1132.87 1135.046 1137.222 1139.039 1140.85 1142.661 1144.473 1145.832 1146.639 1147.445 1148.251 1149.058 1148.262 1147.314 1146.366 1145.418 1143.432 1139.729 1136.026 1132.323 1128.621 1123.834 1118.843 1113.852 1108.86 1105.048
1149.914 1152.754 1155.594 1158.434 1160.982 1162.763 1164.544 1166.325 1168.105 1165.898 1162.284 1158.67 1155.056 1151.531 1148.362 1145.192 1142.023 1138.853 1136.856 1135.446 1134.035 1132.625 1131.263 1130.223 1129.183 1128.144 1127.104 1126.447 1126.052 1125.656 1125.261 1124.945 1125.933 1126.92 1127.908 1128.895 1130.514 1132.711 1134.909 1137.107 1139.304 1141.03 1142.75 1144.469 1146.189 1147.398 1147.983 1148.568 1149.153 1149.738 1148.919 1147.965 1147.011 1146.058 1144.077 1140.396 1136.714 1133.033 1129.352 1124.379 1119.16 1113.942 1108.724 1104.757
1146.326 1148.641 1150.955 1153.269 1155.313 1156.646 1157.979 1159.313 1160.646 1158.476 1155.071 1151.665 1148.26 1145.031 1142.5 1139.969 1137.438 1134.907 1133.422 1132.46 1131.497 1130.535 1129.608 1128.914 1128.22 1127.526 1126.832 1126.491 1126.392 1126.293 1126.194 1126.163 1127.244 1128.324 1129.404 1130.484 1132.115 1134.249 1136.384 1138.518 1140.653 1142.248 1143.835 1145.422 1147.01 1148.093 1148.56 1149.026 1149.493 1149.959 1149.007 1147.919 1146.832 1145.744 1143.675 1139.982 1136.289 1132.597 1128.904 1124.069 1119.018 1113.966 1108.915 1105.043
1143.391 1144.895 1146.4 1147.904 1149.187 1149.888 1150.59 1151.291 1151.993 1149.87 1146.75 1143.631 1140.512 1137.655 1135.831 1134.008 1132.184 1130.36 1129.464 1129.031 1128.598 1128.165 1127.748 1127.437 1127.126 1126.815 1126.505 1126.49 1126.677 1126.864 1127.051 1127.295 1128.45 1129.606 1130.762 1131.918 1133.531 1135.563 1137.595 1139.627 1141.659 1143.103 1144.539 1145.975 1147.411 1148.38 1148.776 1149.173 1149.569 1149.966 1148.829 1147.547 1146.266 1144.983 1142.783 1139.063 1135.344 1131.624 1127.904 1123.36 1118.659 1113.959 1109.258 1105.598
1140.456 1141.15 1141.844 1142.538 1143.061 1143.13 1143.2 1143.27 1143.339 1141.263 1138.43 1135.597 1132.764 1130.279 1129.162 1128.046 1126.93 1125.813 1125.505 1125.602 1125.698 1125.794 1125.887 1125.96 1126.032 1126.105 1126.177 1126.488 1126.962 1127.435 1127.908 1128.426 1129.657 1130.889 1132.12 1133.351 1134.947 1136.876 1138.806 1140.735 1142.664 1143.959 1145.243 1146.528 1147.813 1148.667 1148.993 1149.319 1149.646 1149.972 1148.652 1147.176 1145.699 1144.223 1141.891 1138.144 1134.398 1130.651 1126.904 1122.651 1118.301 1113.952 1109.602 1106.153
1137.521 1137.405 1137.289 1137.173 1136.935 1136.372 1135.81 1135.248 1134.686 1132.657 1130.11 1127.563 1125.016 1122.902 1122.494 1122.085 1121.676 1121.267 1121.547 1122.173 1122.798 1123.423 1124.026 1124.482 1124.938 1125.394 1125.85 1126.487 1127.246 1128.006 1128.766 1129.557 1130.864 1132.171 1133.478 1134.785 1136.363 1138.19 1140.017 1141.843 1143.67 1144.814 1145.947 1147.081 1148.215 1148.954 1149.21 1149.466 1149.722 1149.978 1148.474 1146.804 1145.133 1143.462 1140.999 1137.225 1133.452 1129.678 1125.904 1121.942 1117.943 1113.944 1109.946 1106.708
1134.666 1133.748 1132.83 1131.912 1130.941 1129.828 1128.716 1127.603 1126.491 1124.543 1122.3 1120.057 1117.814 1116.075 1116.317 1116.558 1116.799 1117.041 1117.873 1119.001 1120.129 1121.257 1122.344 1123.166 1123.987 1124.809 1125.63 1126.577 1127.609 1128.642 1129.674 1130.727 1132.11 1133.494 1134.877 1136.261 1137.816 1139.529 1141.243 1142.956 1144.669 1145.66 1146.64 1147.62 1148.6 1149.225 1149.415 1149.604 1149.794 1149.984 1148.344 1146.531 1144.717 1142.904 1140.361 1136.612 1132.863 1129.114 1125.365 1121.654 1117.95 1114.246 1110.542 1107.464
1132.289 1130.615 1128.942 1127.267 1125.729 1124.546 1123.364 1122.181 1120.998 1119.335 1117.503 1115.67 1113.838 1112.489 1113.044 1113.599 1114.153 1114.708 1115.875 1117.348 1118.822 1120.295 1121.717 1122.798 1123.878 1124.959 1126.039 1127.207 1128.434 1129.66 1130.887 1132.128 1133.592 1135.057 1136.521 1137.985 1139.487 1141.022 1142.557 1144.092 1145.627 1146.45 1147.263 1148.075 1148.888 1149.401 1149.548 1149.694 1149.841 1149.987 1148.492 1146.841 1145.189 1143.537 1141.22 1137.8 1134.38 1130.961 1127.541 1123.851 1120.109 1116.367 1112.625 1109.404
1129.912 1127.482 1125.052 1122.623 1120.517 1119.264 1118.011 1116.758 1115.505 1114.127 1112.705 1111.283 1109.861 1108.903 1109.771 1110.639 1111.506 1112.374 1113.876 1115.695 1117.514 1119.333 1121.089 1122.429 1123.769 1125.109 1126.448 1127.837 1129.258 1130.679 1132.1 1133.529 1135.074 1136.62 1138.165 1139.71 1141.157 1142.514 1143.871 1145.228 1146.585 1147.24 1147.886 1148.531 1149.176 1149.578 1149.681 1149.784 1149.888 1149.991 1148.64 1147.15 1145.661 1144.171 1142.079 1138.988 1135.898 1132.808 1129.718 1126.048 1122.268 1118.489 1114.709 1111.345
1127.535 1124.349 1121.164 1117.978 1115.305 1113.982 1112.659 1111.336 1110.013 1108.92 1107.908 1106.896 1105.884 1105.317 1106.498 1107.679 1108.86 1110.041 1111.878 1114.042 1116.207 1118.371 1120.462 1122.061 1123.66 1125.259 1126.858 1128.466 1130.082 1131.698 1133.313 1134.93 1136.556 1138.182 1139.809 1141.435 1142.828 1144.007 1145.185 1146.364 1147.543 1148.031 1148.509 1148.986 1149.464 1149.754 1149.814 1149.875 1149.935 1149.995 1148.788 1147.46 1146.133 1144.805 1142.938 1140.177 1137.416 1134.655 1131.894 1128.245 1124.428 1120.61 1116.793 1113.286
1125.158 1121.217 1117.275 1113.333 1110.093 1108.7 1107.306 1105.913 1104.52 1103.712 1103.111 1102.509 1101.908 1101.731 1103.225 1104.719 1106.214 1107.708 1109.879 1112.389 1114.899 1117.409 1119.834 1121.693 1123.551 1125.409 1127.267 1129.096 1130.906 1132.716 1134.526 1136.33 1138.038 1139.745 1141.453 1143.16 1144.498 1145.499 1146.499 1147.5 1148.5 1148.821 1149.131 1149.442 1149.752 1149.931 1149.948 1149.965 1149.982 1149.999 1148.936 1147.77 1146.605 1145.439 1143.796 1141.365 1138.933 1136.502 1134.07 1130.442 1126.587 1122.732 1118.877 1115.226
1121.638 1117.792 1113.945 1110.099 1106.973 1105.743 1104.513 1103.283 1102.052 1101.508 1101.205 1100.902 1100.599 1100.702 1102.397 1104.093 1105.789 1107.484 1109.819 1112.474 1115.13 1117.785 1120.354 1122.346 1124.338 1126.331 1128.323 1130.272 1132.191 1134.11 1136.029 1137.933 1139.596 1141.26 1142.923 1144.587 1145.808 1146.624 1147.439 1148.255 1149.071 1149.282 1149.484 1149.686 1149.889 1150.0 1150.0 1150.0 1150.0 1150.0 1149.102 1148.118 1147.134 1146.15 1144.76 1142.697 1140.634 1138.572 1136.509 1133.024 1129.269 1125.514 1121.759 1118.047
1117.383 1114.179 1110.975 1107.771 1105.197 1104.281 1103.364 1102.447 1101.53 1101.234 1101.158 1101.082 1101.006 1101.316 1103.141 1104.966 1106.791 1108.617 1111.006 1113.677 1116.349 1119.02 1121.61 1123.656 1125.702 1127.749 1129.795 1131.798 1133.771 1135.744 1137.717 1139.665 1141.204 1142.743 1144.282 1145.822 1146.885 1147.512 1148.138 1148.765 1149.392 1149.531 1149.663 1149.795 1149.927 1150.0 1150.0 1150.0 1150.0 1150.0 1149.279 1148.49 1147.7 1146.911 1145.79 1144.121 1142.453 1140.785 1139.116 1135.853 1132.287 1128.721 1125.155 1121.433
1113.128 1110.567 1108.006 1105.444 1103.422 1102.818 1102.215 1101.611 1101.007 1100.961 1101.112 1101.263 1101.413 1101.93 1103.885 1105.84 1107.794 1109.749 1112.192 1114.88 1117.568 1120.255 1122.866 1124.966 1127.067 1129.167 1131.267 1133.324 1135.351 1137.378 1139.405 1141.397 1142.812 1144.227 1145.642 1147.057 1147.962 1148.4 1148.838 1149.275 1149.713 1149.781 1149.842 1149.904 1149.966 1150.0 1150.0 1150.0 1150.0 1150.0 1149.457 1148.861 1148.266 1147.671 1146.82 1145.546 1144.272 1142.997 1141.723 1138.682 1135.304 1131.927 1128.55 1124.819
1108.874 1106.955 1105.036 1103.117 1101.647 1101.356 1101.066 1100.775 1100.485 1100.688 1101.065 1101.443 1101.82 1102.544 1104.629 1106.713 1108.797 1110.882 1113.379 1116.083 1118.786 1121.49 1124.122 1126.277 1128.431 1130.585 1132.74 1134.85 1136.931 1139.012 1141.093 1143.129 1144.419 1145.71 1147.001 1148.292 1149.039 1149.288 1149.537 1149.786 1150.034 1150.03 1150.021 1150.013 1150.005 1150.0 1150.0 1150.0 1150.0 1150.0 1149.634 1149.233 1148.833 1148.432 1147.85 1146.97 1146.09 1145.21 1144.33 1141.51 1138.322 1135.134 1131.946 1128.204
1104.853 1103.55 1102.247 1100.944 1100.003 1100.012 1100.021 1100.031 1100.04 1100.497 1101.111 1101.726 1102.34 1103.278 1105.49 1107.701 1109.912 1112.123 1114.668 1117.379 1120.091 1122.802 1125.447 1127.65 1129.853 1132.056 1134.259 1136.412 1138.533 1140.653 1142.774 1144.839 1146.001 1147.163 1148.325 1149.487 1150.078 1150.145 1150.212 1150.279 1150.347 1150.272 1150.195 1150.119 1150.042 1150.0 1150.0 1150.0 1150.0 1150.0 1149.802 1149.585 1149.368 1149.151 1148.824 1148.316 1147.808 1147.3 1146.792 1144.19 1141.191 1138.192 1135.193 1131.446
1103.827 1102.799 1101.772 1100.745 1100.038 1100.177 1100.316 1100.455 1100.594 1101.356 1102.338 1103.319 1104.301 1105.551 1107.854 1110.157 1112.46 1114.763 1117.27 1119.878 1122.487 1125.096 1127.649 1129.83 1132.011 1134.193 1136.374 1138.432 1140.407 1142.382 1144.356 1146.273 1147.246 1148.219 1149.192 1150.165 1150.62 1150.601 1150.582 1150.563 1150.544 1150.425 1150.306 1150.186 1150.066 1150.0 1150.0 1150.0 1150.0 1150.0 1149.846 1149.678 1149.51 1149.341 1149.078 1148.656 1148.234 1147.812 1147.391 1144.961 1142.151 1139.341 1136.531 1132.845
1102.801 1102.049 1101.297 1100.545 1100.074 1100.343 1100.611 1100.88 1101.148 1102.215 1103.564 1104.913 1106.262 1107.823 1110.218 1112.612 1115.007 1117.402 1119.871 1122.377 1124.883 1127.39 1129.85 1132.01 1134.17 1136.329 1138.489 1140.452 1142.281 1144.11 1145.939 1147.707 1148.491 1149.275 1150.059 1150.843 1151.163 1151.058 1150.952 1150.847 1150.741 1150.579 1150.416 1150.253 1150.09 1150.0 1150.0 1150.0 1150.0 1150.0 1149.891 1149.771 1149.651 1149.531 1149.33 1148.995 1148.66 1148.324 1147.989 1145.732 1143.111 1140.49 1137.869 1134.245
1101.775 1101.299 1100.822 1100.345 1100.11 1100.508 1100.906 1101.304 1101.702 1103.075 1104.791 1106.506 1108.222 1110.095 1112.581 1115.068 1117.555 1120.041 1122.472 1124.876 1127.28 1129.683 1132.052 1134.19 1136.328 1138.466 1140.604 1142.472 1144.155 1145.838 1147.521 1149.141 1149.737 1150.332 1150.927 1151.522 1151.706 1151.514 1151.322 1151.13 1150.938 1150.732 1150.526 1150.32 1150.114 1150.0 1150.0 1150.0 1150.0 1150.0 1149.935 1149.864 1149.793 1149.722 1149.583 1149.335 1149.086 1148.837 1148.588 1146.504 1144.072 1141.639 1139.207 1135.643
1100.749 1100.548 1100.347 1100.146 1100.145 1100.673 1101.201 1101.729 1102.256 1103.934 1106.017 1108.1 1110.183 1112.367 1114.945 1117.524 1120.102 1122.681 1125.074 1127.375 1129.676 1131.977 1134.254 1136.37 1138.487 1140.603 1142.72 1144.492 1146.029 1147.567 1149.104 1150.576 1150.982 1151.388 1151.794 1152.2 1152.249 1151.971 1151.692 1151.414 1151.135 1150.886 1150.636 1150.387 1150.137 1150.0 1150.0 1150.0 1150.0 1150.0 1149.979 1149.957 1149.934 1149.912 1149.837 1149.674 1149.511 1149.349 1149.186 1147.275 1145.032 1142.789 1140.546 1137.042
1100.302 1100.313 1100.323 1100.334 1100.554 1101.328 1102.101 1102.874 1103.647 1105.551 1107.853 1110.156 1112.459 1114.817 1117.391 1119.966 1122.541 1125.115 1127.468 1129.71 1131.952 1134.193 1136.41 1138.458 1140.507 1142.556 1144.604 1146.271 1147.677 1149.083 1150.489 1151.827 1152.068 1152.308 1152.548 1152.788 1152.707 1152.33 1151.954 1151.578 1151.201 1150.933 1150.667 1150.4 1150.134 1149.984 1149.979 1149.973 1149.967 1149.961 1149.969 1149.977 1149.986 1149.995 1149.947 1149.807 1149.668 1149.528 1149.388 1147.393 1145.047 1142.7 1140.354 1136.761
1100.356 1100.523 1100.69 1100.857 1101.286 1102.405 1103.524 1104.643 1105.761 1107.823 1110.218 1112.612 1115.006 1117.42 1119.908 1122.396 1124.885 1127.373 1129.682 1131.903 1134.123 1136.343 1138.527 1140.467 1142.408 1144.349 1146.289 1147.841 1149.129 1150.416 1151.703 1152.921 1153.016 1153.11 1153.204 1153.299 1153.091 1152.607 1152.123 1151.638 1151.154 1150.89 1150.629 1150.367 1150.106 1149.955 1149.938 1149.922 1149.905 1149.889 1149.91 1149.935 1149.96 1149.984 1149.935 1149.763 1149.591 1149.418 1149.246 1146.947 1144.244 1141.541 1138.838 1135.027
