data/zism_data/00665_03_D.txt
ncols         224
nrows         224
[rows 168 to 195 of 224, columns 63 to 125 of 224]
350.4869 339.7708 329.0548 318.3386 309.9335 307.61 305.2866 302.9632 300.6398 300.0 300.0 300.0 300.0 300.0 300.0 300.0 300.0 300.0 302.844 307.4076 311.9711 316.5347 321.7972 336.0061 350.2151 364.4241 378.6331 393.2592 408.2677 423.2763 438.2846 453.2931 460.9789 468.446 475.9131 483.3802 488.2216 489.4412 490.6607 491.8803 493.0999 489.2503 484.6403 480.0303 475.4203 469.8917 462.4005 454.9093 447.4182 439.9269 434.3828 429.4264 424.47 419.5136 415.0355 412.2791 409.5227 406.7664 404.0101 404.843 407.4706 410.0982 412.7258
347.8094 337.5761 327.343 317.1097 309.1077 306.9774 304.8471 302.7169 300.5866 300.0 300.0 300.0 300.0 300.0 300.0 300.0 300.0 300.0 303.4993 309.1145 314.7296 320.3448 326.6317 341.5167 356.4017 371.2867 386.1717 400.7657 415.0928 429.42 443.7469 458.074 465.2555 472.2237 479.1918 486.16 490.6106 491.5887 492.5668 493.545 494.5231 490.88 486.5436 482.2073 477.8709 472.6398 465.4974 458.3549 451.2125 444.0701 438.549 433.5175 428.486 423.4545 418.8231 415.6322 412.4412 409.2503 406.0594 406.3826 408.4629 410.5433 412.6236
345.1319 335.3815 325.6313 315.8809 308.2819 306.3448 304.4077 302.4705 300.5334 300.0 300.0 300.0 300.0 300.0 300.0 300.0 300.0 300.0 304.1547 310.8215 317.4881 324.1549 331.4662 347.0272 362.5883 378.1493 393.7104 408.2721 421.9179 435.5636 449.2092 462.8549 469.5322 476.0013 482.4705 488.9397 492.9995 493.7362 494.4729 495.2096 495.9463 492.5096 488.4469 484.3842 480.3215 475.388 468.5942 461.8005 455.0069 448.2132 442.7153 437.6087 432.5021 427.3954 422.6108 418.9853 415.3597 411.7342 408.1087 407.9222 409.4553 410.9884 412.5214
342.4462 333.188 323.93 314.6718 307.481 305.7312 303.9814 302.2316 300.4818 300.0 300.0 300.0 300.0 300.0 300.0 300.0 300.0 300.0 304.7681 312.4192 320.0702 327.7213 335.9896 352.1578 368.3261 384.4944 400.6626 415.1634 428.1355 441.1076 454.0796 467.0517 473.2732 479.2932 485.3132 491.3332 495.0409 495.5595 496.0781 496.5966 497.1152 493.8711 490.0626 486.2541 482.4456 477.7961 471.3504 464.9046 458.459 452.0132 446.5521 441.3882 436.2244 431.0605 426.1471 422.1352 418.1232 414.1114 410.0995 409.4269 410.424 411.4211 412.4182
339.6553 331.0087 322.3623 313.7158 306.9993 305.3622 303.7251 302.0879 300.4508 300.0 300.0 300.0 300.0 300.0 300.0 300.0 300.0 300.0 304.845 312.6195 320.3939 328.1684 336.5313 352.426 368.3206 384.2152 400.1099 414.1802 426.5782 438.9763 451.3741 463.7722 470.1594 476.3672 482.5749 488.7827 492.6331 493.2322 493.8312 494.4303 495.0294 491.8004 487.9973 484.1941 480.3909 475.853 469.7452 463.6375 457.5298 451.4221 446.1712 441.179 436.1869 431.1947 426.4658 422.6846 418.9034 415.1223 411.341 410.4842 411.0897 411.6951 412.3005
336.8644 328.8295 320.7947 312.7598 306.5176 304.9931 303.4687 301.9442 300.4198 300.0 300.0 300.0 300.0 300.0 300.0 300.0 300.0 300.0 304.9219 312.8199 320.7176 328.6155 337.0731 352.6941 368.3151 383.9361 399.5571 413.197 425.0209 436.8449 448.6687 460.4926 467.0455 473.4411 479.8366 486.2321 490.2253 490.9048 491.5844 492.2639 492.9435 489.7297 485.9319 482.1341 478.3363 473.9098 468.14 462.3703 456.6006 450.8309 445.7903 440.9699 436.1494 431.3289 426.7846 423.2341 419.6836 416.1331 412.5826 411.5416 411.7554 411.9691 412.1829
334.0734 326.6502 319.2271 311.8038 306.0359 304.6241 303.2123 301.8005 300.3887 300.0 300.0 300.0 300.0 300.0 300.0 300.0 300.0 300.0 304.9988 313.0202 321.0414 329.0627 337.6148 352.9622 368.3096 383.6569 399.0043 412.2138 423.4637 434.7135 445.9632 457.2131 463.9317 470.515 477.0983 483.6816 487.8175 488.5775 489.3375 490.0975 490.8575 487.6589 483.8665 480.0741 476.2816 471.9666 466.5348 461.1031 455.6715 450.2398 445.4095 440.7607 436.1119 431.4632 427.1033 423.7835 420.4637 417.144 413.8242 412.599 412.4211 412.2432 412.0652
331.2825 324.4709 317.6595 310.8478 305.5542 304.2551 302.9559 301.6568 300.3577 300.0 300.0 300.0 300.0 300.0 300.0 300.0 300.0 300.0 305.0757 313.2205 321.3651 329.5098 338.1566 353.2303 368.304 383.3778 398.4515 411.2306 421.9064 432.5822 443.2577 453.9335 460.8178 467.5889 474.36 481.1311 485.4096 486.2502 487.0906 487.9312 488.7716 485.5882 481.8011 478.0141 474.227 470.0233 464.9297 459.836 454.7423 449.6487 445.0286 440.5515 436.0745 431.5974 427.4221 424.333 421.2439 418.1549 415.0658 413.6564 413.0868 412.5172 411.9476
328.1719 322.0475 315.9233 309.7989 305.0365 303.8585 302.6805 301.5024 300.3244 300.0 300.0 300.0 300.0 300.0 300.0 300.0 300.0 300.0 305.1125 313.3163 321.5199 329.7236 338.4084 353.2505 368.0926 382.9346 397.7767 410.1484 420.2557 430.363 440.4701 450.5774 457.3884 464.1009 470.8135 477.526 481.7868 482.6658 483.5448 484.4237 485.3027 482.146 478.3839 474.6218 470.8597 466.7228 461.7852 456.8475 451.91 446.9724 442.5612 438.309 434.0569 429.8047 425.8871 423.1743 420.4615 417.7487 415.0359 413.6513 412.9308 412.2103 411.4897
324.7682 319.4004 314.0326 308.6647 304.486 303.4367 302.3875 301.3382 300.2889 300.0 300.0 300.0 300.0 300.0 300.0 300.0 300.0 300.0 305.1125 313.3163 321.5199 329.7236 338.3944 353.0433 367.6923 382.3412 396.9901 408.9755 418.5195 428.0634 437.6071 447.1511 453.6696 460.0978 466.526 472.9542 477.05 477.929 478.808 479.687 480.566 477.4466 473.7274 470.0083 466.2891 462.178 457.2296 452.2813 447.333 442.3846 438.1812 434.2026 430.2241 426.2455 422.6529 420.4498 418.2467 416.0436 413.8405 412.6723 412.0215 411.3708 410.72
321.3645 316.7532 312.1419 307.5305 303.9355 303.015 302.0945 301.174 300.2535 300.0 300.0 300.0 300.0 300.0 300.0 300.0 300.0 300.0 305.1125 313.3163 321.5199 329.7236 338.3804 352.8362 367.2919 381.7477 396.2035 407.8026 416.7832 425.7638 434.7442 443.7247 449.9508 456.0946 462.2385 468.3823 472.3133 473.1923 474.0713 474.9503 475.8293 472.7473 469.071 465.3947 461.7185 457.6332 452.6741 447.715 442.756 437.7969 433.8011 430.0962 426.3913 422.6864 419.4187 417.7253 416.0319 414.3386 412.6451 411.6933 411.1123 410.5313 409.9503
317.9608 314.106 310.2512 306.3964 303.3849 302.5932 301.8015 301.0097 300.218 300.0 300.0 300.0 300.0 300.0 300.0 300.0 300.0 300.0 305.1125 313.3163 321.5199 329.7236 338.3664 352.629 366.8916 381.1543 395.4169 406.6297 415.0469 423.4641 431.8812 440.2984 446.232 452.0915 457.951 463.8104 467.5766 468.4556 469.3346 470.2136 471.0926 468.0479 464.4145 460.7812 457.1479 453.0884 448.1186 443.1487 438.179 433.2092 429.4211 425.9898 422.5585 419.1273 416.1846 415.0009 413.8172 412.6335 411.4498 410.7144 410.2031 409.6918 409.1806
314.5572 311.4588 308.3605 305.2622 302.8344 302.1714 301.5085 300.8455 300.1826 300.0 300.0 300.0 300.0 300.0 300.0 300.0 300.0 300.0 305.1125 313.3163 321.5199 329.7236 338.3524 352.4219 366.4913 380.5608 394.6303 405.4568 413.3106 421.1645 429.0182 436.8721 442.5132 448.0883 453.6635 459.2386 462.8399 463.7189 464.5979 465.4769 466.3559 463.3484 459.7581 456.1677 452.5772 448.5436 443.563 438.5825 433.602 428.6214 425.0411 421.8834 418.7258 415.5681 412.9504 412.2764 411.6024 410.9284 410.2544 409.7354 409.2939 408.8524 408.4108
311.6257 309.138 306.6503 304.1626 302.2171 301.6985 301.1799 300.6614 300.1428 300.0 300.0 300.0 300.0 300.0 300.0 300.0 300.0 300.0 304.6028 311.9886 319.3743 326.7602 334.6023 348.2859 361.9694 375.653 389.3365 399.9917 407.8709 415.7501 423.6292 431.5084 436.7426 441.8979 447.0532 452.2085 455.5555 456.4085 457.2614 458.1143 458.9673 456.2701 453.0405 449.8108 446.5811 442.8761 438.1557 433.4353 428.715 423.9946 420.8528 418.1876 415.5224 412.8572 410.6836 410.2796 409.8757 409.4717 409.0678 408.7027 408.3569 408.0112 407.6655
308.7083 306.8268 304.9454 303.064 301.5977 301.224 300.8503 300.4766 300.1029 300.0 300.0 300.0 300.0 300.0 300.0 300.0 300.0 300.0 304.0779 310.6213 317.1647 323.7082 330.7407 344.0325 357.3244 370.6163 383.9081 394.3984 402.3205 410.2426 418.1646 426.0868 430.9107 435.6421 440.3736 445.105 448.195 449.0212 449.8473 450.6734 451.4995 449.1208 446.2613 443.4018 440.5423 437.175 432.7229 428.2708 423.8187 419.3666 416.6703 414.5041 412.3378 410.1716 408.4456 408.3046 408.1635 408.0225 407.8814 407.6683 407.4192 407.17 406.9209
305.7909 304.5157 303.2406 301.9654 300.9784 300.7495 300.5207 300.2919 300.063 300.0 300.0 300.0 300.0 300.0 300.0 300.0 300.0 300.0 303.5529 309.2541 314.9551 320.6562 326.879 339.7792 352.6794 365.5796 378.4798 388.8051 396.7702 404.7352 412.7001 420.6652 425.0788 429.3864 433.6939 438.0015 440.8346 441.6339 442.4332 443.2325 444.0317 441.9714 439.4821 436.9928 434.5036 431.474 427.2901 423.1062 418.9225 414.7386 412.4878 410.8205 409.1533 407.486 406.2077 406.3295 406.4514 406.5732 406.6951 406.634 406.4814 406.3289 406.1763
302.8735 302.2046 301.5357 300.8669 300.359 300.2751 300.1911 300.1071 300.0231 300.0 300.0 300.0 300.0 300.0 300.0 300.0 300.0 300.0 303.028 307.8867 312.7455 317.6043 323.0174 335.5259 348.0344 360.5429 373.0515 383.2118 391.2198 399.2278 407.2356 415.2436 419.2469 423.1306 427.0143 430.898 433.4741 434.2466 435.019 435.7915 436.5639 434.8221 432.703 430.5839 428.4648 425.7729 421.8573 417.9417 414.0262 410.1106 408.3052 407.1369 405.9687 404.8004 403.9697 404.3545 404.7392 405.124 405.5087 405.5996 405.5437 405.4877 405.4317
301.0731 300.785 300.4969 300.2088 300.0 300.0 300.0 300.0 300.0 300.0 300.0 300.0 300.0 300.0 300.0 300.0 300.0 300.0 302.5452 306.6293 310.7133 314.7974 319.4478 331.3482 343.2486 355.1489 367.0493 376.86 384.7553 392.6506 400.5457 408.441 412.0339 415.4982 418.9626 422.427 424.8302 425.7698 426.7094 427.6489 428.5885 427.3531 425.7914 424.2296 422.6679 420.5103 417.0794 413.6486 410.2178 406.7869 405.3924 404.6126 403.8328 403.053 402.5561 403.0774 403.5988 404.1201 404.6415 404.8048 404.789 404.7732 404.7574
300.8133 300.5949 300.3766 300.1582 300.0 300.0 300.0 300.0 300.0 300.0 300.0 300.0 300.0 300.0 300.0 300.0 300.0 300.0 302.1205 305.5232 308.9259 312.3286 316.2813 327.2749 338.2685 349.2621 360.2557 369.462 377.03 384.598 392.1659 399.7339 402.9161 405.9673 409.0186 412.0698 414.4162 415.7904 417.1646 418.5387 419.9129 419.4433 418.6971 417.9509 417.2048 415.8524 413.2048 410.5573 407.9099 405.2623 404.2308 403.6871 403.1434 402.5996 402.2793 402.7631 403.2469 403.7307 404.2145 404.3403 404.2869 404.2336 404.1802
300.5535 300.4049 300.2563 300.1077 300.0 300.0 300.0 300.0 300.0 300.0 300.0 300.0 300.0 300.0 300.0 300.0 300.0 300.0 301.6959 304.4172 307.1384 309.8597 313.1147 323.2016 333.2884 343.3752 353.4621 362.064 369.3047 376.5454 383.786 391.0267 393.7982 396.4363 399.0745 401.7126 404.0021 405.8109 407.6197 409.4284 411.2372 411.5334 411.6028 411.6722 411.7415 411.1944 409.3303 407.4661 405.6019 403.7378 403.0692 402.7616 402.4539 402.1463 402.0026 402.4488 402.8951 403.3413 403.7876 403.8757 403.7848 403.6939 403.603
300.2937 300.2148 300.136 300.0571 300.0 300.0 300.0 300.0 300.0 300.0 300.0 300.0 300.0 300.0 300.0 300.0 300.0 300.0 301.2712 303.3111 305.351 307.3909 309.9482 319.1282 328.3083 337.4884 346.6685 354.6659 361.5793 368.4928 375.4061 382.3195 384.6804 386.9054 389.1303 391.3553 393.588 395.8314 398.0748 400.3181 402.5615 403.6236 404.5085 405.3934 406.2784 406.5365 405.4557 404.3748 403.294 402.2132 401.9076 401.8361 401.7645 401.693 401.7258 402.1345 402.5432 402.9519 403.3606 403.4112 403.2827 403.1543 403.0258
300.0339 300.0248 300.0157 300.0066 300.0 300.0 300.0 300.0 300.0 300.0 300.0 300.0 300.0 300.0 300.0 300.0 300.0 300.0 300.8466 302.2051 303.5636 304.9221 306.7816 315.0549 323.3282 331.6015 339.8748 347.2679 353.854 360.4401 367.0262 373.6123 375.5625 377.3744 379.1862 380.998 383.1739 385.8519 388.5299 391.2079 393.8858 395.7138 397.4142 399.1147 400.8151 401.8785 401.5811 401.2836 400.9861 400.6886 400.746 400.9105 401.0751 401.2396 401.4491 401.8202 402.1913 402.5625 402.9336 402.9467 402.7806 402.6146 402.4486
300.0 300.0 300.0 300.0 300.0 300.0 300.0 300.0 300.0 300.0 300.0 300.0 300.0 300.0 300.0 300.0 300.0 300.0 300.6575 301.7125 302.7675 303.8225 305.2993 312.176 319.0527 325.9294 332.8061 338.9588 344.4478 349.9369 355.4259 360.9149 362.7538 364.4838 366.2138 367.9437 370.694 374.8517 379.0093 383.1669 387.3246 390.3549 393.2161 396.0773 398.9385 400.8594 400.7714 400.6833 400.5953 400.5073 400.6298 400.8158 401.0018 401.1878 401.4038 401.7281 402.0523 402.3766 402.7008 402.6421 402.3919 402.1417 401.8914
300.0 300.0 300.0 300.0 300.0 300.0 300.0 300.0 300.0 300.0 300.0 300.0 300.0 300.0 300.0 300.0 300.0 300.0 300.5037 301.3119 302.1201 302.9283 304.0697 309.4763 314.8828 320.2894 325.696 330.513 334.7895 339.066 343.3424 347.6189 349.3914 351.0892 352.787 354.4847 357.9041 363.6982 369.4923 375.2863 381.0804 385.3786 389.4523 393.5261 397.5999 400.386 400.4214 400.4568 400.4922 400.5275 400.6704 400.8456 401.0209 401.1962 401.3933 401.6693 401.9453 402.2212 402.4972 402.3615 402.0201 401.6787 401.3372
300.0 300.0 300.0 300.0 300.0 300.0 300.0 300.0 300.0 300.0 300.0 300.0 300.0 300.0 300.0 300.0 300.0 300.0 300.3499 300.9113 301.4727 302.0341 302.84 306.7765 310.713 314.6494 318.5859 322.0671 325.1311 328.1951 331.259 334.3229 336.029 337.6946 339.3602 341.0257 345.1143 352.5448 359.9753 367.4058 374.8363 380.4023 385.6886 390.9749 396.2612 399.9126 400.0714 400.2302 400.389 400.5478 400.711 400.8755 401.04 401.2046 401.3828 401.6105 401.8382 402.0659 402.2935 402.081 401.6483 401.2157 400.7831
300.0 300.0 300.0 300.0 300.0 300.0 300.0 300.0 300.0 300.0 300.0 300.0 300.0 300.0 300.0 300.0 300.0 300.0 300.196 300.5107 300.8253 301.1399 301.6104 304.0768 306.5431 309.0095 311.4758 313.6213 315.4727 317.3241 319.1755 321.0269 322.6666 324.3 325.9333 327.5667 332.3244 341.3914 350.4583 359.5252 368.5921 375.426 381.9248 388.4237 394.9225 399.4392 399.7214 400.0036 400.2858 400.568 400.7515 400.9054 401.0592 401.213 401.3723 401.5517 401.7311 401.9105 402.0899 401.8004 401.2766 400.7527 400.2289
302.1535 301.6506 301.1476 300.6447 300.2643 300.2061 300.1479 300.0898 300.0316 300.0131 300.0097 300.0063 300.0028 300.0 300.0 300.0 300.0 300.0 300.0849 300.2211 300.3574 300.4936 300.7187 302.081 303.4433 304.8057 306.168 307.3171 308.2707 309.2244 310.1779 311.1316 312.714 314.3152 315.9164 317.5175 322.7437 332.9698 343.196 353.4219 363.648 371.4688 378.9287 386.3886 393.8486 399.0516 399.4333 399.8149 400.1965 400.5782 400.7752 400.9166 401.058 401.1993 401.3407 401.4821 401.6234 401.7648 401.9062 401.4155 400.6089 399.8022 398.9955
308.9076 306.8273 304.747 302.6667 301.093 300.8524 300.6118 300.3712 300.1306 300.0541 300.04 300.0258 300.0117 300.0 300.0 300.0 300.0 300.0 300.0648 300.1689 300.2729 300.377 300.5488 301.5893 302.6297 303.6701 304.7105 305.5881 306.3163 307.0446 307.7729 308.5012 310.0458 311.6148 313.1838 314.7528 320.0189 330.3846 340.7502 351.1156 361.4813 369.6888 377.5726 385.4563 393.3401 398.8473 399.2772 399.7071 400.1371 400.567 400.7629 400.8882 401.0134 401.1387 401.264 401.3893 401.5145 401.6398 401.765 400.8076 399.3089 397.8101 396.3113
