data/zism_data/00664_01_D.txt
ncols         224
nrows         224
[rows 112 to 139 of 224, columns 126 to 188 of 224]
4883.757 4882.503 4881.161 4879.819 4878.477 4877.257 4876.382 4875.508 4874.634 4873.76 4872.563 4871.244 4869.924 4868.604 4866.456 4860.734 4855.013 4849.292 4843.57 4837.332 4830.817 4824.303 4817.788 4811.452 4806.474 4801.497 4796.519 4791.541 4787.946 4785.355 4782.763 4780.171 4777.576 4774.888 4772.2 4769.513 4766.825 4763.614 4759.895 4756.176 4752.457 4748.737 4744.033 4739.298 4734.564 4729.83 4724.824 4719.464 4714.105 4708.745 4703.386 4699.712 4696.229 4692.745 4689.261 4686.171 4683.773 4681.375 4678.978 4676.58 4674.299 4672.043 4669.788
4888.331 4887.117 4885.796 4884.475 4883.154 4881.958 4881.116 4880.274 4879.432 4878.59 4877.678 4876.739 4875.8 4874.861 4873.0 4867.166 4861.332 4855.498 4849.665 4843.013 4835.924 4828.836 4821.748 4814.811 4809.024 4803.237 4797.449 4791.662 4787.283 4783.925 4780.567 4777.208 4773.854 4770.565 4767.277 4763.989 4760.701 4757.097 4753.185 4749.272 4745.36 4741.448 4737.065 4732.669 4728.272 4723.876 4719.252 4714.332 4709.412 4704.492 4699.572 4696.299 4693.212 4690.125 4687.039 4684.206 4681.818 4679.431 4677.044 4674.657 4672.241 4669.819 4667.397
4892.905 4891.729 4890.43 4889.131 4887.832 4886.66 4885.85 4885.04 4884.23 4883.42 4882.792 4882.234 4881.676 4881.118 4879.544 4873.598 4867.651 4861.705 4855.758 4848.693 4841.032 4833.37 4825.708 4818.17 4811.573 4804.977 4798.38 4791.784 4786.62 4782.495 4778.371 4774.246 4770.131 4766.243 4762.354 4758.466 4754.578 4750.579 4746.474 4742.369 4738.264 4734.159 4730.099 4726.04 4721.981 4717.922 4713.68 4709.2 4704.719 4700.239 4695.758 4692.887 4690.196 4687.506 4684.816 4682.24 4679.863 4677.487 4675.11 4672.733 4670.183 4667.595 4665.007
4894.564 4893.577 4892.477 4891.377 4890.277 4889.287 4888.605 4887.924 4887.244 4886.563 4886.08 4885.673 4885.267 4884.86 4883.513 4878.116 4872.718 4867.32 4861.922 4854.993 4847.246 4839.499 4831.752 4824.043 4816.632 4809.221 4801.81 4794.399 4788.307 4783.172 4778.036 4772.901 4767.789 4763.188 4758.587 4753.986 4749.386 4744.957 4740.694 4736.432 4732.169 4727.907 4724.205 4720.519 4716.833 4713.148 4709.33 4705.34 4701.35 4697.36 4693.37 4690.663 4688.099 4685.536 4682.973 4680.479 4678.109 4675.738 4673.367 4670.996 4668.422 4665.806 4663.189
4896.065 4895.275 4894.385 4893.494 4892.603 4891.802 4891.255 4890.708 4890.161 4889.614 4889.27 4889.002 4888.735 4888.468 4887.344 4882.531 4877.717 4872.904 4868.09 4861.326 4853.52 4845.713 4837.908 4830.053 4821.827 4813.601 4805.375 4797.149 4790.121 4783.961 4777.802 4771.643 4765.52 4760.201 4754.882 4749.563 4744.244 4739.382 4734.964 4730.546 4726.128 4721.71 4718.368 4715.058 4711.747 4708.437 4705.046 4701.549 4698.052 4694.556 4691.059 4688.502 4686.051 4683.601 4681.15 4678.731 4676.365 4674.0 4671.634 4669.269 4666.678 4664.04 4661.402
4897.567 4896.974 4896.292 4895.611 4894.929 4894.317 4893.904 4893.491 4893.078 4892.665 4892.458 4892.331 4892.203 4892.075 4891.174 4886.945 4882.716 4878.487 4874.258 4867.658 4859.793 4851.928 4844.063 4836.062 4827.021 4817.98 4808.939 4799.899 4791.935 4784.751 4777.568 4770.385 4763.251 4757.214 4751.177 4745.14 4739.103 4733.808 4729.234 4724.661 4720.087 4715.514 4712.531 4709.596 4706.661 4703.727 4700.762 4697.758 4694.754 4691.751 4688.747 4686.342 4684.004 4681.666 4679.328 4676.982 4674.622 4672.262 4669.901 4667.542 4664.934 4662.274 4659.615
4899.068 4898.673 4898.2 4897.728 4897.255 4896.833 4896.554 4896.274 4895.996 4895.716 4895.648 4895.66 4895.671 4895.683 4895.005 4891.36 4887.716 4884.071 4880.426 4873.991 4866.067 4858.143 4850.219 4842.071 4832.215 4822.36 4812.504 4802.648 4793.749 4785.542 4777.334 4769.127 4760.983 4754.228 4747.472 4740.716 4733.96 4728.233 4723.504 4718.775 4714.046 4709.317 4706.695 4704.135 4701.575 4699.016 4696.478 4693.967 4691.457 4688.946 4686.436 4684.181 4681.956 4679.73 4677.505 4675.233 4672.878 4670.523 4668.169 4665.814 4663.19 4660.509 4657.828
4900.0 4899.75 4899.435 4899.121 4898.806 4898.527 4898.347 4898.167 4897.988 4897.808 4897.824 4897.914 4898.003 4898.093 4897.571 4894.416 4891.259 4888.104 4884.947 4878.66 4870.701 4862.742 4854.784 4846.523 4835.961 4825.398 4814.836 4804.273 4794.592 4785.55 4776.508 4767.467 4758.499 4751.157 4743.815 4736.474 4729.132 4723.134 4718.441 4713.748 4709.055 4704.361 4702.035 4699.779 4697.524 4695.268 4693.056 4690.9 4688.745 4686.589 4684.434 4682.274 4680.115 4677.955 4675.795 4673.578 4671.257 4668.936 4666.615 4664.294 4661.678 4659.0 4656.322
4900.0 4899.809 4899.57 4899.331 4899.091 4898.878 4898.742 4898.605 4898.468 4898.332 4898.343 4898.412 4898.48 4898.548 4898.072 4895.248 4892.424 4889.601 4886.777 4880.608 4872.655 4864.702 4856.749 4848.432 4837.338 4826.245 4815.152 4804.059 4793.85 4784.283 4774.716 4765.148 4755.662 4747.951 4740.239 4732.527 4724.816 4718.812 4714.468 4710.123 4705.778 4701.434 4699.299 4697.231 4695.164 4693.095 4691.045 4689.018 4686.991 4684.964 4682.937 4680.781 4678.611 4676.441 4674.271 4672.075 4669.834 4667.594 4665.354 4663.113 4660.546 4657.911 4655.276
4900.0 4899.869 4899.705 4899.541 4899.376 4899.23 4899.136 4899.042 4898.948 4898.854 4898.863 4898.91 4898.957 4899.003 4898.572 4896.081 4893.589 4891.098 4888.607 4882.557 4874.609 4866.661 4858.713 4850.339 4838.715 4827.092 4815.468 4803.844 4793.108 4783.015 4772.923 4762.83 4752.825 4744.744 4736.663 4728.581 4720.5 4714.49 4710.494 4706.498 4702.501 4698.505 4696.563 4694.683 4692.803 4690.922 4689.034 4687.136 4685.237 4683.339 4681.441 4679.289 4677.107 4674.926 4672.746 4670.572 4668.412 4666.252 4664.092 4661.932 4659.415 4656.822 4654.23
4900.0 4899.929 4899.839 4899.75 4899.661 4899.582 4899.531 4899.479 4899.429 4899.377 4899.382 4899.408 4899.433 4899.458 4899.072 4896.914 4894.754 4892.596 4890.437 4884.506 4876.563 4868.621 4860.678 4852.248 4840.093 4827.938 4815.784 4803.629 4792.366 4781.748 4771.13 4760.512 4749.988 4741.537 4733.086 4724.635 4716.183 4710.168 4706.521 4702.873 4699.225 4695.578 4693.828 4692.135 4690.442 4688.75 4687.023 4685.253 4683.484 4681.714 4679.944 4677.795 4675.604 4673.412 4671.22 4669.069 4666.989 4664.91 4662.83 4660.75 4658.283 4655.733 4653.184
4900.0 4899.989 4899.975 4899.96 4899.946 4899.933 4899.925 4899.917 4899.909 4899.901 4899.901 4899.905 4899.91 4899.914 4899.573 4897.746 4895.919 4894.093 4892.266 4886.455 4878.518 4870.58 4862.643 4854.155 4841.47 4828.785 4816.1 4803.415 4791.623 4780.48 4769.337 4758.194 4747.152 4738.331 4729.509 4720.688 4711.867 4705.847 4702.547 4699.248 4695.949 4692.649 4691.092 4689.587 4688.082 4686.577 4685.012 4683.371 4681.73 4680.089 4678.448 4676.303 4674.1 4671.897 4669.695 4667.566 4665.567 4663.568 4661.568 4659.569 4657.151 4654.644 4652.138
4899.416 4899.61 4899.714 4899.819 4899.923 4900.0 4900.0 4900.0 4900.0 4900.0 4900.0 4900.0 4900.0 4900.0 4899.515 4896.939 4894.363 4891.788 4889.212 4882.568 4873.754 4864.941 4856.128 4846.873 4834.252 4821.631 4809.01 4796.389 4784.67 4773.605 4762.541 4751.476 4740.543 4732.507 4724.472 4716.436 4708.4 4702.95 4700.012 4697.074 4694.136 4691.199 4689.631 4688.105 4686.58 4685.053 4683.473 4681.821 4680.17 4678.519 4676.867 4674.766 4672.613 4670.461 4668.309 4666.227 4664.269 4662.311 4660.353 4658.395 4656.044 4653.611 4651.178
4898.695 4899.129 4899.362 4899.595 4899.828 4900.0 4900.0 4900.0 4900.0 4900.0 4900.0 4900.0 4900.0 4900.0 4899.326 4895.748 4892.169 4888.591 4885.013 4877.314 4867.418 4857.522 4847.626 4837.438 4825.02 4812.603 4800.186 4787.769 4776.263 4765.417 4754.573 4743.728 4733.051 4726.071 4719.091 4712.112 4705.132 4700.387 4697.814 4695.241 4692.667 4690.094 4688.47 4686.874 4685.278 4683.682 4682.043 4680.35 4678.655 4676.961 4675.267 4673.219 4671.13 4669.042 4666.955 4664.925 4663.0 4661.074 4659.148 4657.222 4654.943 4652.59 4650.238
4897.975 4898.648 4899.01 4899.371 4899.733 4900.0 4900.0 4900.0 4900.0 4900.0 4900.0 4900.0 4900.0 4900.0 4899.137 4894.556 4889.976 4885.395 4880.814 4872.061 4861.082 4850.103 4839.124 4828.002 4815.789 4803.575 4791.361 4779.148 4767.855 4757.23 4746.604 4735.979 4725.559 4719.635 4713.711 4707.788 4701.864 4697.825 4695.616 4693.407 4691.198 4688.989 4687.308 4685.642 4683.977 4682.311 4680.615 4678.877 4677.14 4675.403 4673.666 4671.671 4669.648 4667.624 4665.601 4663.624 4661.73 4659.836 4657.943 4656.049 4653.843 4651.57 4649.298
4897.254 4898.167 4898.657 4899.147 4899.638 4900.0 4900.0 4900.0 4900.0 4900.0 4900.0 4900.0 4900.0 4900.0 4898.948 4893.365 4887.782 4882.199 4876.616 4866.808 4854.746 4842.684 4830.623 4818.567 4806.557 4794.547 4782.537 4770.527 4759.447 4749.042 4738.636 4728.231 4718.066 4713.199 4708.331 4703.463 4698.596 4695.262 4693.417 4691.573 4689.729 4687.884 4686.146 4684.411 4682.675 4680.94 4679.186 4677.405 4675.625 4673.846 4672.065 4670.125 4668.165 4666.206 4664.246 4662.322 4660.461 4658.599 4656.738 4654.876 4652.742 4650.55 4648.358
4894.663 4896.064 4896.963 4897.862 4898.761 4899.443 4899.507 4899.572 4899.637 4899.701 4899.66 4899.579 4899.497 4899.416 4898.115 4891.561 4885.006 4878.451 4871.897 4861.193 4848.275 4835.358 4822.441 4809.65 4797.83 4786.01 4774.189 4762.369 4751.574 4741.522 4731.471 4721.42 4711.634 4707.686 4703.737 4699.789 4695.84 4693.102 4691.54 4689.977 4688.415 4686.852 4685.07 4683.282 4681.494 4679.706 4677.907 4676.093 4674.279 4672.465 4670.651 4668.752 4666.843 4664.934 4663.024 4661.137 4659.288 4657.439 4655.591 4653.742 4651.658 4649.524 4647.391
4886.174 4888.851 4891.042 4893.232 4895.423 4897.129 4897.462 4897.795 4898.127 4898.46 4898.248 4897.829 4897.41 4896.991 4895.251 4887.823 4880.395 4872.966 4865.538 4854.439 4841.382 4828.326 4815.269 4802.372 4790.696 4779.021 4767.345 4755.669 4745.386 4736.112 4726.838 4717.564 4708.543 4705.082 4701.622 4698.161 4694.7 4692.213 4690.672 4689.131 4687.59 4686.049 4684.268 4682.48 4680.692 4678.904 4677.102 4675.283 4673.463 4671.645 4669.825 4667.93 4666.026 4664.122 4662.218 4660.317 4658.42 4656.523 4654.626 4652.729 4650.628 4648.483 4646.339
4877.686 4881.637 4885.12 4888.603 4892.085 4894.816 4895.417 4896.018 4896.618 4897.219 4896.836 4896.079 4895.322 4894.565 4892.387 4884.085 4875.783 4867.481 4859.179 4847.686 4834.489 4821.293 4808.097 4795.094 4783.563 4772.032 4760.501 4748.97 4739.198 4730.702 4722.205 4713.708 4705.451 4702.479 4699.506 4696.533 4693.56 4691.324 4689.805 4688.285 4686.766 4685.246 4683.466 4681.677 4679.889 4678.101 4676.297 4674.473 4672.648 4670.824 4668.999 4667.108 4665.209 4663.311 4661.413 4659.497 4657.552 4655.606 4653.662 4651.716 4649.598 4647.443 4645.288
4869.198 4874.423 4879.198 4883.973 4888.748 4892.503 4893.372 4894.241 4895.109 4895.978 4895.424 4894.33 4893.235 4892.141 4889.523 4880.348 4871.172 4861.996 4852.82 4840.932 4827.596 4814.261 4800.925 4787.815 4776.429 4765.043 4753.657 4742.271 4733.01 4725.291 4717.571 4709.852 4702.36 4699.875 4697.39 4694.905 4692.42 4690.436 4688.938 4687.439 4685.941 4684.443 4682.663 4680.875 4679.087 4677.299 4675.493 4673.663 4671.833 4670.002 4668.173 4666.286 4664.393 4662.5 4660.606 4658.677 4656.684 4654.69 4652.697 4650.704 4648.568 4646.402 4644.236
4860.71 4867.209 4873.276 4879.343 4885.41 4890.19 4891.327 4892.463 4893.6 4894.737 4894.012 4892.58 4891.147 4889.715 4886.66 4876.61 4866.561 4856.511 4846.461 4834.178 4820.703 4807.228 4793.753 4780.537 4769.296 4758.054 4746.813 4735.572 4726.822 4719.88 4712.938 4705.996 4699.269 4697.271 4695.274 4693.277 4691.28 4689.546 4688.07 4686.593 4685.117 4683.64 4681.861 4680.073 4678.285 4676.497 4674.688 4672.853 4671.017 4669.182 4667.347 4665.464 4663.576 4661.688 4659.801 4657.857 4655.815 4653.774 4651.732 4649.69 4647.538 4645.361 4643.185
4847.124 4853.941 4860.526 4867.111 4873.695 4879.026 4880.805 4882.584 4884.363 4886.143 4885.162 4883.133 4881.104 4879.075 4875.474 4865.101 4854.729 4844.356 4833.983 4822.009 4809.179 4796.35 4783.52 4770.958 4760.438 4749.917 4739.396 4728.875 4720.997 4715.033 4709.07 4703.106 4697.327 4695.598 4693.869 4692.14 4690.411 4688.841 4687.425 4686.01 4684.594 4683.179 4681.426 4679.663 4677.9 4676.137 4674.337 4672.489 4670.641 4668.793 4666.945 4665.021 4663.088 4661.156 4659.223 4657.229 4655.129 4653.028 4650.927 4648.827 4646.657 4644.474 4642.29
4831.044 4837.712 4844.436 4851.16 4857.884 4863.533 4866.138 4868.742 4871.347 4873.952 4872.674 4869.921 4867.168 4864.416 4860.217 4849.791 4839.365 4828.938 4818.512 4807.19 4795.39 4783.589 4771.789 4760.253 4750.735 4741.217 4731.699 4722.18 4715.348 4710.461 4705.576 4700.69 4695.948 4694.38 4692.812 4691.244 4689.675 4688.225 4686.89 4685.555 4684.22 4682.884 4681.17 4679.445 4677.72 4675.994 4674.208 4672.345 4670.48 4668.617 4666.753 4664.764 4662.762 4660.759 4658.757 4656.695 4654.53 4652.365 4650.2 4648.035 4645.851 4643.662 4641.473
4814.964 4821.482 4828.346 4835.209 4842.072 4848.04 4851.47 4854.9 4858.331 4861.76 4860.186 4856.709 4853.233 4849.756 4844.96 4834.481 4824.001 4813.521 4803.042 4792.372 4781.601 4770.83 4760.059 4749.549 4741.033 4732.517 4724.001 4715.485 4709.698 4705.89 4702.082 4698.273 4694.569 4693.162 4691.754 4690.347 4688.939 4687.609 4686.354 4685.1 4683.845 4682.59 4680.915 4679.227 4677.539 4675.851 4674.08 4672.2 4670.32 4668.44 4666.56 4664.507 4662.435 4660.363 4658.291 4656.162 4653.932 4651.703 4649.473 4647.244 4645.043 4642.85 4640.655
4798.885 4805.253 4812.255 4819.258 4826.261 4832.547 4836.803 4841.058 4845.314 4849.569 4847.698 4843.498 4839.297 4835.097 4829.704 4819.17 4808.637 4798.104 4787.57 4777.554 4767.812 4758.07 4748.328 4738.844 4731.331 4723.817 4716.304 4708.791 4704.049 4701.318 4698.587 4695.856 4693.19 4691.943 4690.697 4689.45 4688.204 4686.994 4685.819 4684.645 4683.471 4682.296 4680.66 4679.009 4677.359 4675.708 4673.951 4672.055 4670.159 4668.263 4666.367 4664.25 4662.108 4659.966 4657.824 4655.627 4653.334 4651.04 4648.747 4646.453 4644.237 4642.037 4639.837
4783.405 4789.505 4796.476 4803.447 4810.417 4816.846 4821.738 4826.631 4831.524 4836.417 4834.291 4829.499 4824.707 4819.914 4814.059 4803.627 4793.195 4782.763 4772.332 4763.043 4754.365 4745.687 4737.009 4728.584 4722.098 4715.611 4709.124 4702.637 4698.905 4697.169 4695.435 4693.699 4691.992 4690.901 4689.81 4688.718 4687.627 4686.529 4685.423 4684.318 4683.212 4682.106 4680.5 4678.879 4677.258 4675.637 4673.888 4671.972 4670.056 4668.14 4666.224 4664.046 4661.838 4659.63 4657.423 4655.162 4652.807 4650.452 4648.098 4645.743 4643.511 4641.305 4639.099
4773.194 4777.993 4783.425 4788.857 4794.29 4799.315 4803.189 4807.064 4810.938 4814.812 4812.814 4808.584 4804.355 4800.125 4795.003 4786.035 4777.066 4768.098 4759.129 4751.242 4743.93 4736.619 4729.308 4722.235 4716.987 4711.738 4706.49 4701.241 4698.191 4696.734 4695.278 4693.822 4692.386 4691.402 4690.418 4689.434 4688.45 4687.388 4686.25 4685.112 4683.975 4682.837 4681.188 4679.524 4677.86 4676.197 4674.4 4672.43 4670.46 4668.491 4666.521 4664.309 4662.069 4659.829 4657.589 4655.296 4652.909 4650.522 4648.135 4645.749 4643.498 4641.275 4639.053
4762.983 4766.481 4770.375 4774.269 4778.162 4781.785 4784.641 4787.497 4790.352 4793.208 4791.337 4787.67 4784.004 4780.337 4775.947 4768.442 4760.937 4753.432 4745.927 4739.44 4733.496 4727.551 4721.607 4715.887 4711.876 4707.866 4703.855 4699.845 4697.477 4696.299 4695.122 4693.944 4692.78 4691.903 4691.026 4690.149 4689.272 4688.247 4687.077 4685.907 4684.737 4683.567 4681.876 4680.169 4678.462 4676.756 4674.912 4672.888 4670.865 4668.842 4666.819 4664.572 4662.3 4660.028 4657.755 4655.43 4653.011 4650.592 4648.173 4645.754 4643.484 4641.246 4639.008
