data/zism_data/00662_01_D.txt
ncols         224
nrows         224
[rows 0 to 27 of 224, columns 126 to 188 of 224]
4620.446 4612.948 4605.116 4597.284 4589.453 4581.299 4572.234 4563.17 4554.106 4545.042 4534.073 4522.38 4510.688 4498.996 4486.846 4472.721 4458.596 4444.472 4430.347 4417.757 4405.986 4394.214 4382.443 4370.637 4358.573 4346.508 4334.443 4322.379 4311.53 4301.562 4291.594 4281.627 4271.836 4265.938 4260.041 4254.144 4248.246 4246.165 4247.791 4249.417 4251.043 4252.67 4257.549 4262.525 4267.501 4272.478 4278.116 4284.615 4291.114 4297.613 4304.112 4313.04 4322.243 4331.445 4340.648 4349.195 4356.591 4363.986 4371.381 4378.776 4385.518 4392.122 4398.726
4613.009 4605.122 4596.966 4588.81 4580.654 4572.252 4563.156 4554.059 4544.962 4535.865 4524.88 4513.177 4501.474 4489.771 4477.643 4463.68 4449.717 4435.754 4421.792 4409.423 4397.906 4386.388 4374.871 4363.372 4352.014 4340.657 4329.299 4317.942 4308.092 4299.333 4290.575 4281.817 4273.21 4267.922 4262.635 4257.347 4252.06 4250.332 4252.061 4253.789 4255.518 4257.247 4262.192 4267.233 4272.274 4277.315 4283.086 4289.807 4296.527 4303.247 4309.968 4318.938 4328.162 4337.386 4346.61 4355.422 4363.509 4371.595 4379.681 4387.768 4395.218 4402.535 4409.851
4605.572 4597.295 4588.815 4580.335 4571.855 4563.206 4554.077 4544.947 4535.818 4526.689 4515.687 4503.973 4492.259 4480.546 4468.439 4454.638 4440.837 4427.036 4413.235 4401.089 4389.826 4378.562 4367.298 4356.105 4345.455 4334.805 4324.155 4313.505 4304.653 4297.104 4289.556 4282.007 4274.583 4269.906 4265.229 4260.552 4255.874 4254.499 4256.33 4258.162 4259.993 4261.825 4266.835 4271.941 4277.047 4282.153 4288.057 4294.999 4301.94 4308.882 4315.824 4324.836 4334.082 4343.328 4352.573 4361.649 4370.427 4379.204 4387.982 4396.759 4404.918 4412.948 4420.978
4598.135 4589.469 4580.665 4571.86 4563.057 4554.16 4544.998 4535.836 4526.675 4517.513 4506.494 4494.77 4483.045 4471.321 4459.235 4445.597 4431.958 4418.319 4404.68 4392.756 4381.746 4370.735 4359.726 4348.839 4338.896 4328.954 4319.011 4309.068 4301.215 4294.876 4288.537 4282.198 4275.957 4271.89 4267.823 4263.756 4259.688 4258.666 4260.6 4262.534 4264.468 4266.402 4271.479 4276.649 4281.82 4286.99 4293.027 4300.19 4307.354 4314.517 4321.68 4330.733 4340.001 4349.269 4358.536 4367.876 4377.345 4386.813 4396.282 4405.75 4414.619 4423.361 4432.103
4590.254 4581.299 4572.248 4563.197 4554.147 4545.048 4535.813 4526.577 4517.341 4508.105 4497.045 4485.292 4473.539 4461.786 4449.731 4436.375 4423.018 4409.662 4396.305 4384.674 4373.962 4363.25 4352.539 4342.004 4332.824 4323.644 4314.463 4305.283 4298.368 4293.096 4287.824 4282.551 4277.357 4273.89 4270.422 4266.955 4263.488 4262.783 4264.761 4266.74 4268.719 4270.698 4275.817 4281.03 4286.243 4291.456 4297.615 4305.004 4312.393 4319.782 4327.171 4336.314 4345.655 4354.996 4364.337 4373.984 4384.169 4394.354 4404.539 4414.724 4424.187 4433.498 4442.808
4581.202 4572.226 4563.131 4554.038 4544.944 4535.765 4526.346 4516.927 4507.507 4498.088 4486.923 4475.094 4463.266 4451.437 4439.433 4426.676 4413.919 4401.162 4388.405 4377.253 4366.957 4356.661 4346.365 4336.304 4328.031 4319.758 4311.484 4303.211 4297.079 4292.498 4287.917 4283.335 4278.828 4275.933 4273.038 4270.143 4267.248 4266.77 4268.641 4270.511 4272.382 4274.252 4279.353 4284.55 4289.747 4294.944 4301.197 4308.824 4316.45 4324.077 4331.703 4341.06 4350.611 4360.163 4369.714 4379.779 4390.748 4401.715 4412.684 4423.652 4433.407 4442.906 4452.406
4572.15 4563.152 4554.015 4544.878 4535.741 4526.482 4516.88 4507.277 4497.674 4488.071 4476.801 4464.896 4452.992 4441.088 4429.136 4416.978 4404.82 4392.663 4380.505 4369.833 4359.953 4350.073 4340.192 4330.604 4323.238 4315.872 4308.506 4301.14 4295.789 4291.899 4288.01 4284.12 4280.298 4277.976 4275.653 4273.33 4271.007 4270.757 4272.52 4274.282 4276.045 4277.808 4282.889 4288.07 4293.25 4298.431 4304.779 4312.643 4320.507 4328.371 4336.235 4345.805 4355.567 4365.329 4375.091 4385.574 4397.326 4409.077 4420.828 4432.579 4442.626 4452.314 4462.003
4563.098 4554.079 4544.898 4535.718 4526.538 4517.2 4507.414 4497.627 4487.841 4478.054 4466.678 4454.698 4442.718 4430.738 4418.838 4407.279 4395.721 4384.163 4372.605 4362.413 4352.948 4343.484 4334.02 4324.903 4318.445 4311.986 4305.527 4299.068 4294.5 4291.301 4288.103 4284.904 4281.769 4280.018 4278.268 4276.517 4274.767 4274.744 4276.398 4278.053 4279.708 4281.363 4286.425 4291.59 4296.754 4301.919 4308.36 4316.462 4324.564 4332.666 4340.767 4350.55 4360.523 4370.496 4380.469 4391.37 4403.904 4416.438 4428.972 4441.506 4451.846 4461.723 4471.601
4554.046 4545.006 4535.782 4526.559 4517.335 4507.917 4497.947 4487.978 4478.007 4468.037 4456.556 4444.5 4432.445 4420.389 4408.541 4397.582 4386.623 4375.664 4364.705 4354.992 4345.943 4336.895 4327.847 4319.204 4313.652 4308.1 4302.548 4296.997 4293.21 4290.703 4288.195 4285.688 4283.239 4282.061 4280.883 4279.705 4278.526 4278.73 4280.277 4281.824 4283.371 4284.917 4289.961 4295.11 4300.258 4305.406 4311.942 4320.281 4328.621 4336.96 4345.299 4355.295 4365.479 4375.663 4385.846 4397.165 4410.482 4423.799 4437.116 4450.433 4461.065 4471.131 4481.198
4545.614 4536.362 4526.884 4517.405 4507.927 4498.2 4487.767 4477.334 4466.901 4456.468 4445.013 4433.169 4421.325 4409.481 4397.904 4387.472 4377.041 4366.61 4356.179 4347.155 4338.881 4330.607 4322.334 4314.484 4309.868 4305.251 4300.635 4296.018 4293.018 4291.19 4289.362 4287.534 4285.758 4285.124 4284.49 4283.857 4283.223 4283.617 4285.007 4286.398 4287.789 4289.18 4294.227 4299.383 4304.539 4309.695 4316.26 4324.658 4333.055 4341.452 4349.85 4360.252 4370.882 4381.511 4392.141 4403.9 4417.649 4431.398 4445.147 4458.896 4469.528 4479.504 4489.48
4537.401 4527.87 4518.062 4508.254 4498.447 4488.33 4477.335 4466.341 4455.346 4444.352 4432.969 4421.438 4409.907 4398.376 4387.148 4377.219 4367.29 4357.36 4347.431 4339.17 4331.798 4324.426 4317.055 4310.112 4306.44 4302.768 4299.097 4295.425 4293.213 4292.06 4290.907 4289.754 4288.646 4288.547 4288.449 4288.35 4288.25 4288.819 4290.038 4291.255 4292.474 4293.692 4298.75 4303.921 4309.094 4314.266 4320.838 4329.23 4337.622 4346.014 4354.406 4365.284 4376.442 4387.601 4398.759 4410.968 4425.024 4439.081 4453.138 4467.195 4477.724 4487.511 4497.298
4529.188 4519.377 4509.24 4499.103 4488.966 4478.459 4466.903 4455.347 4443.791 4432.235 4420.924 4409.707 4398.489 4387.271 4376.392 4366.964 4357.538 4348.111 4338.684 4331.186 4324.715 4318.245 4311.775 4305.739 4303.012 4300.285 4297.559 4294.832 4293.409 4292.931 4292.452 4291.974 4291.536 4291.971 4292.407 4292.842 4293.278 4294.022 4295.068 4296.113 4297.158 4298.204 4303.272 4308.46 4313.649 4318.837 4325.416 4333.803 4342.189 4350.576 4358.962 4370.315 4382.002 4393.69 4405.378 4418.036 4432.4 4446.765 4461.129 4475.494 4485.92 4495.519 4505.117
4520.974 4510.885 4500.418 4489.952 4479.486 4468.588 4456.471 4444.354 4432.236 4420.118 4408.88 4397.976 4387.071 4376.167 4365.636 4356.711 4347.786 4338.861 4329.937 4323.201 4317.632 4312.064 4306.496 4301.366 4299.584 4297.802 4296.021 4294.239 4293.604 4293.801 4293.998 4294.194 4294.425 4295.395 4296.365 4297.335 4298.305 4299.226 4300.098 4300.97 4301.843 4302.715 4307.794 4312.999 4318.204 4323.408 4329.994 4338.375 4346.756 4355.137 4363.518 4375.346 4387.563 4399.78 4411.997 4425.103 4439.775 4454.448 4469.12 4483.792 4494.117 4503.526 4512.935
4512.7 4502.243 4491.365 4480.486 4469.608 4458.313 4445.837 4433.361 4420.884 4408.408 4397.36 4386.855 4376.351 4365.847 4355.74 4347.351 4338.961 4330.571 4322.182 4316.198 4311.497 4306.797 4302.096 4297.833 4296.906 4295.979 4295.052 4294.125 4294.255 4295.151 4296.047 4296.943 4297.865 4299.363 4300.861 4302.359 4303.857 4304.946 4305.637 4306.328 4307.019 4307.709 4312.73 4317.879 4323.029 4328.179 4334.736 4343.123 4351.509 4359.896 4368.282 4380.5 4393.151 4405.802 4418.452 4431.883 4446.687 4461.491 4476.294 4491.098 4501.342 4510.627 4519.912
4504.188 4493.011 4481.399 4469.787 4458.174 4446.451 4434.412 4422.372 4410.333 4398.294 4387.903 4378.138 4368.373 4358.608 4349.228 4341.502 4333.777 4326.051 4318.326 4313.052 4309.085 4305.119 4301.153 4297.597 4297.172 4296.748 4296.323 4295.898 4296.699 4298.389 4300.079 4301.769 4303.472 4305.472 4307.472 4309.472 4311.472 4312.699 4313.174 4313.648 4314.124 4314.599 4319.288 4324.103 4328.917 4333.732 4340.121 4348.556 4356.991 4365.426 4373.862 4386.138 4398.848 4411.558 4424.269 4437.534 4451.776 4466.018 4480.26 4494.502 4504.756 4514.17 4523.585
4495.675 4483.78 4471.433 4459.086 4446.739 4434.587 4422.985 4411.383 4399.782 4388.18 4378.445 4369.42 4360.395 4351.37 4342.715 4335.654 4328.592 4321.531 4314.47 4309.906 4306.674 4303.442 4300.21 4297.361 4297.439 4297.516 4297.594 4297.671 4299.144 4301.627 4304.11 4306.594 4309.078 4311.581 4314.083 4316.585 4319.087 4320.452 4320.71 4320.97 4321.229 4321.488 4325.845 4330.325 4334.805 4339.285 4345.506 4353.99 4362.474 4370.958 4379.441 4391.776 4404.545 4417.315 4430.084 4443.184 4456.865 4470.545 4484.226 4497.906 4508.17 4517.714 4527.258
4487.163 4474.548 4461.467 4448.386 4435.305 4422.724 4411.56 4400.395 4389.231 4378.066 4368.988 4360.703 4352.417 4344.132 4336.202 4329.805 4323.408 4317.011 4310.614 4306.76 4304.262 4301.764 4299.267 4297.125 4297.705 4298.285 4298.864 4299.444 4301.587 4304.865 4308.142 4311.419 4314.685 4317.689 4320.693 4323.698 4326.702 4328.205 4328.248 4328.291 4328.333 4328.376 4332.403 4336.548 4340.693 4344.838 4350.891 4359.424 4367.956 4376.488 4385.021 4397.414 4410.243 4423.072 4435.9 4448.834 4461.954 4475.073 4488.191 4501.311 4511.583 4521.257 4530.93
4478.65 4465.317 4451.501 4437.686 4423.87 4410.86 4400.133 4389.406 4378.679 4367.952 4359.531 4351.985 4344.439 4336.894 4329.689 4323.957 4318.224 4312.491 4306.758 4303.614 4301.851 4300.087 4298.323 4296.89 4297.972 4299.053 4300.135 4301.217 4304.031 4308.103 4312.173 4316.245 4320.291 4323.797 4327.304 4330.811 4334.317 4335.958 4335.785 4335.611 4335.438 4335.266 4338.96 4342.771 4346.582 4350.392 4356.276 4364.857 4373.438 4382.02 4390.601 4403.052 4415.94 4428.829 4441.717 4454.485 4467.042 4479.6 4492.158 4504.715 4514.997 4524.8 4534.604
4469.208 4455.688 4441.869 4428.049 4414.23 4401.341 4391.088 4380.834 4370.581 4360.327 4352.428 4345.424 4338.42 4331.416 4324.784 4319.755 4314.726 4309.697 4304.668 4302.125 4300.909 4299.693 4298.477 4297.621 4299.51 4301.4 4303.29 4305.18 4308.661 4313.295 4317.93 4322.564 4327.152 4330.729 4334.306 4337.883 4341.459 4343.04 4342.679 4342.319 4341.959 4341.599 4345.016 4348.545 4352.075 4355.604 4361.254 4369.661 4378.067 4386.474 4394.88 4407.225 4420.014 4432.804 4445.593 4458.207 4470.512 4482.818 4495.123 4507.429 4518.051 4528.318 4538.585
4459.301 4445.86 4432.402 4418.945 4405.488 4392.995 4383.232 4373.47 4363.708 4353.945 4346.503 4339.941 4333.38 4326.819 4320.683 4316.377 4312.072 4307.767 4303.461 4301.466 4300.704 4299.941 4299.178 4298.834 4301.685 4304.536 4307.387 4310.238 4314.383 4319.465 4324.548 4329.631 4334.642 4338.073 4341.503 4344.935 4348.366 4349.786 4349.253 4348.72 4348.187 4347.654 4350.819 4354.095 4357.371 4360.647 4366.029 4374.149 4382.27 4390.39 4398.51 4410.666 4423.277 4435.888 4448.499 4460.964 4473.172 4485.381 4497.589 4509.797 4520.924 4531.823 4542.723
4449.394 4436.031 4422.936 4409.84 4396.745 4384.647 4375.376 4366.105 4356.834 4347.563 4340.577 4334.459 4328.34 4322.222 4316.582 4313.0 4309.418 4305.836 4302.254 4300.807 4300.498 4300.188 4299.879 4300.048 4303.86 4307.672 4311.484 4315.297 4320.105 4325.636 4331.167 4336.698 4342.131 4345.416 4348.701 4351.986 4355.271 4356.533 4355.827 4355.121 4354.416 4353.71 4356.624 4359.646 4362.667 4365.689 4370.804 4378.638 4386.472 4394.306 4402.14 4414.106 4426.54 4438.972 4451.405 4463.722 4475.833 4487.944 4500.055 4512.166 4523.798 4535.329 4546.86
4439.486 4426.204 4413.47 4400.736 4388.002 4376.3 4367.521 4358.741 4349.962 4341.182 4334.652 4328.976 4323.301 4317.625 4312.48 4309.622 4306.764 4303.905 4301.047 4300.147 4300.292 4300.436 4300.581 4301.262 4306.035 4310.809 4315.582 4320.355 4325.828 4331.807 4337.786 4343.765 4349.62 4352.759 4355.899 4359.038 4362.178 4363.279 4362.4 4361.522 4360.644 4359.765 4362.428 4365.196 4367.964 4370.732 4375.578 4383.126 4390.674 4398.222 4405.77 4417.547 4429.802 4442.057 4454.312 4466.479 4478.493 4490.506 4502.521 4514.534 4526.671 4538.834 4550.997
4430.61 4417.423 4405.019 4392.614 4380.21 4368.843 4360.414 4351.985 4343.556 4335.127 4329.012 4323.776 4318.541 4313.305 4308.648 4306.485 4304.322 4302.16 4299.997 4299.66 4300.298 4300.936 4301.573 4302.803 4308.551 4314.299 4320.047 4325.794 4331.909 4338.289 4344.669 4351.049 4357.28 4360.238 4363.196 4366.153 4369.111 4370.022 4368.945 4367.867 4366.79 4365.713 4368.111 4370.612 4373.114 4375.616 4380.2 4387.492 4394.784 4402.076 4409.368 4420.939 4432.993 4445.047 4457.101 4469.139 4481.147 4493.156 4505.166 4517.174 4529.764 4542.477 4555.188
4428.604 4415.627 4403.336 4391.046 4378.755 4367.318 4358.3 4349.283 4340.265 4331.248 4325.276 4320.461 4315.646 4310.832 4306.613 4304.958 4303.302 4301.647 4299.992 4300.325 4301.718 4303.112 4304.505 4306.527 4313.338 4320.15 4326.961 4333.773 4340.385 4346.851 4353.317 4359.784 4366.08 4368.616 4371.152 4373.689 4376.226 4376.74 4375.29 4373.84 4372.391 4370.94 4372.987 4375.138 4377.288 4379.439 4383.801 4391.04 4398.277 4405.516 4412.753 4424.003 4435.707 4447.41 4459.113 4471.147 4483.767 4496.386 4509.005 4521.624 4534.32 4547.032 4559.745
4426.599 4413.832 4401.654 4389.477 4377.299 4365.793 4356.187 4346.581 4336.974 4327.368 4321.54 4317.146 4312.752 4308.359 4304.577 4303.43 4302.282 4301.134 4299.987 4300.989 4303.139 4305.288 4307.438 4310.251 4318.126 4326.001 4333.876 4341.752 4348.86 4355.414 4361.966 4368.519 4374.879 4376.994 4379.11 4381.225 4383.34 4383.458 4381.636 4379.813 4377.991 4376.168 4377.863 4379.663 4381.462 4383.262 4387.403 4394.587 4401.771 4408.955 4416.139 4427.068 4438.42 4449.772 4461.125 4473.157 4486.386 4499.615 4512.845 4526.074 4538.876 4551.588 4564.3
4424.594 4412.036 4399.972 4387.908 4375.844 4364.268 4354.073 4343.878 4333.684 4323.489 4317.803 4313.831 4309.859 4305.887 4302.542 4301.902 4301.262 4300.622 4299.981 4301.654 4304.559 4307.464 4310.37 4313.975 4322.914 4331.853 4340.792 4349.73 4357.336 4363.976 4370.615 4377.254 4383.678 4385.373 4387.066 4388.761 4390.455 4390.176 4387.981 4385.787 4383.591 4381.396 4382.739 4384.188 4385.637 4387.085 4391.004 4398.135 4405.265 4412.395 4419.525 4430.133 4441.134 4452.135 4463.137 4475.166 4489.005 4502.845 4516.685 4530.524 4543.432 4556.144 4568.856
4422.588 4410.241 4398.29 4386.339 4374.389 4362.743 4351.959 4341.176 4330.393 4319.609 4314.067 4310.516 4306.965 4303.414 4300.507 4300.374 4300.242 4300.109 4299.977 4302.318 4305.979 4309.641 4313.302 4317.699 4327.701 4337.704 4347.707 4357.709 4365.812 4372.538 4379.264 4385.989 4392.478 4393.751 4395.024 4396.297 4397.57 4396.895 4394.327 4391.76 4389.192 4386.625 4387.616 4388.713 4389.812 4390.909 4394.606 4401.682 4408.758 4415.834 4422.911 4433.198 4443.848 4454.499 4465.148 4477.175 4491.625 4506.075 4520.524 4534.974 4547.988 4560.7 4573.412
4421.656 4409.425 4397.52 4385.615 4373.711 4362.019 4350.929 4339.84 4328.75 4317.661 4312.207 4308.894 4305.581 4302.268 4299.631 4299.907 4300.183 4300.458 4300.734 4303.932 4308.689 4313.447 4318.204 4323.646 4334.312 4344.977 4355.642 4366.307 4374.728 4381.521 4388.313 4395.106 4401.661 4402.981 4404.302 4405.622 4406.942 4406.103 4403.166 4400.229 4397.292 4394.355 4394.584 4394.907 4395.23 4395.554 4398.776 4405.766 4412.756 4419.746 4426.736 4436.933 4447.492 4458.051 4468.61 4480.673 4495.383 4510.093 4524.803 4539.513 4552.162 4564.377 4576.591
