data/zism_data/00665_01_D.txt
ncols         224
nrows         224
[rows 140 to 167 of 224, columns 0 to 62 of 224]
619.4991 615.9806 612.462 608.9435 605.0452 601.1414 597.2375 593.3337 585.4081 572.2542 559.1003 545.9465 532.7927 526.6413 521.4083 516.1753 510.9423 510.2036 518.4537 526.7038 534.9539 543.2039 554.6309 566.9405 579.2501 591.5596 603.8556 616.1068 628.3581 640.6093 652.8605 661.4155 668.2403 675.0651 681.8899 687.5239 685.2189 682.914 680.6091 678.3043 669.9165 657.1186 644.3207 631.5228 618.7078 605.3127 591.9177 578.5227 565.1277 551.335 537.1082 522.8815 508.6547 494.428 477.418 460.1906 442.9631 425.7357 408.9852 393.0233 377.0613 361.0993 345.1373
619.1135 615.0101 610.9067 606.8034 602.3837 597.9594 593.5352 589.1109 580.9658 567.9836 555.0014 542.0192 529.0372 524.3334 520.7153 517.0972 513.4792 514.1838 523.5338 532.8838 542.2338 551.5836 563.3799 575.8558 588.3317 600.8076 613.082 624.6895 636.2969 647.9043 659.5116 667.1268 672.8731 678.6195 684.3658 688.915 685.4835 682.0518 678.6202 675.1886 666.2309 653.2667 640.3025 627.3383 614.3531 600.663 586.9729 573.2828 559.5927 545.8052 531.911 518.0169 504.1228 490.2288 473.5564 456.667 439.7775 422.8881 406.0956 389.463 372.8303 356.1977 339.5651
618.7278 614.0396 609.3514 604.6632 599.7222 594.7774 589.8326 584.8879 576.5233 563.7128 550.9023 538.0919 525.2815 522.0254 520.0223 518.0193 516.0162 518.1641 528.614 539.064 549.5139 559.9637 572.1293 584.7715 597.4138 610.056 622.3088 633.2724 644.236 655.1995 666.163 672.8382 677.5061 682.174 686.8419 690.3063 685.748 681.1896 676.6312 672.0729 662.5452 649.4146 636.2841 623.1536 609.9984 596.0131 582.028 568.0427 554.0576 540.2751 526.7136 513.1522 499.5907 486.0294 469.6946 453.1432 436.5918 420.0404 403.2058 385.9025 368.5992 351.2959 333.9926
618.3421 613.0691 607.7961 602.5231 597.0607 591.5955 586.1302 580.6651 572.081 559.4422 546.8034 534.1646 521.5259 519.7174 519.3293 518.9412 518.5532 522.1443 533.6942 545.244 556.7938 568.3435 580.8784 593.6869 606.4954 619.304 631.5353 641.855 652.1747 662.4944 672.8141 678.5495 682.1389 685.7284 689.3178 691.6976 686.0125 680.3274 674.6423 668.9573 658.8596 645.5627 632.2658 618.9689 605.6437 591.3634 577.0831 562.8029 548.5225 534.7452 521.5164 508.2876 495.0588 481.8301 465.833 449.6196 433.4063 417.1928 400.3162 382.3422 364.3683 346.3943 328.4203
617.9565 612.0986 606.2408 600.383 594.3992 588.4136 582.4279 576.4423 567.6387 555.1716 542.7045 530.2374 517.7704 517.4095 518.6364 519.8632 521.09 526.1245 538.7742 551.424 564.0737 576.7233 589.6274 602.6022 615.5771 628.5519 640.7617 650.4376 660.1135 669.7894 679.4653 684.2607 686.7717 689.2828 691.7938 693.0887 686.277 679.4651 672.6534 665.8416 655.174 641.7108 628.2476 614.7844 601.2891 586.7137 572.1383 557.5629 542.9875 529.2154 516.3193 503.4231 490.5269 477.6309 461.9714 446.096 430.2206 414.3453 397.4265 378.7819 360.1373 341.4926 322.848
620.1573 613.7441 607.3308 600.9175 594.437 587.9554 581.4738 574.9922 566.4067 555.0862 543.7657 532.4451 521.1247 521.9607 524.391 526.8214 529.2516 534.944 547.1603 559.3766 571.5929 583.8091 595.9249 608.0129 620.1008 632.1887 643.6077 652.8112 662.0148 671.2183 680.4217 684.8525 687.0493 689.246 691.4428 692.3777 684.8996 677.4216 669.9435 662.4656 651.1602 637.08 622.9998 608.9196 594.8237 580.1981 565.5726 550.9471 536.3215 522.6542 510.0319 497.4096 484.7873 472.1651 456.4346 440.4612 424.4879 408.5146 391.8303 373.9699 356.1096 338.2492 320.3889
622.6045 615.6386 608.6727 601.7069 594.7319 587.7567 580.7814 573.8063 565.4807 555.3995 545.3184 535.2372 525.1561 527.165 530.7596 534.3542 537.9487 544.2241 555.8609 567.4977 579.1346 590.7714 601.9886 613.0894 624.1901 635.2909 645.8458 654.5933 663.3408 672.0883 680.8356 684.9566 686.9119 688.8673 690.8226 691.4664 683.366 675.2656 667.1651 659.0648 647.1153 632.3752 617.6351 602.8949 588.1575 573.5051 558.8527 544.2004 529.548 515.9949 503.6409 491.2869 478.9328 466.5789 450.7384 434.6256 418.5128 402.3999 385.9764 369.0389 352.1014 335.1638 318.2263
625.0518 617.5333 610.0147 602.4963 595.0267 587.5579 580.0891 572.6204 564.5546 555.7128 546.8711 538.0293 529.1876 532.3696 537.1284 541.8873 546.6461 553.5045 564.5618 575.6193 586.6766 597.7339 608.0526 618.1661 628.2797 638.3931 648.084 656.3755 664.6669 672.9583 681.2496 685.0607 686.7746 688.4885 690.2024 690.555 681.8322 673.1094 664.3867 655.6639 643.0703 627.6702 612.2701 596.8701 581.491 566.8118 552.1326 537.4534 522.7742 509.3355 497.2497 485.1639 473.0782 460.9925 445.0421 428.7897 412.5374 396.285 380.1224 364.1077 348.093 332.0784 316.0637
627.499 619.4278 611.3567 603.2856 595.3216 587.3592 579.3968 571.4344 563.6285 556.0261 548.4238 540.8214 533.219 537.5739 543.497 549.4201 555.3432 562.7845 573.2625 583.7404 594.2184 604.6962 614.1164 623.2427 632.369 641.4953 650.3222 658.1575 665.9929 673.8283 681.6636 685.1649 686.6373 688.1097 689.5822 689.6437 680.2985 670.9534 661.6082 652.2632 639.0254 622.9654 606.9054 590.8454 574.8248 560.1188 545.4128 530.7067 516.0007 502.6762 490.8587 479.0412 467.2237 455.4063 439.3459 422.9541 406.5623 390.1704 374.2685 359.1767 344.0848 328.993 313.9012
628.9468 620.6399 612.3329 604.0261 595.8922 587.7609 579.6295 571.4982 564.0976 557.6471 551.1967 544.7462 538.2957 543.3701 549.9559 556.5417 563.1276 570.8293 580.7628 590.6962 600.6297 610.563 619.3387 627.7927 636.2467 644.7007 652.9167 660.3446 667.7725 675.2004 682.6283 685.8749 687.1642 688.4536 689.7429 689.6367 680.2271 670.8175 661.4079 651.9984 638.5391 622.1439 605.7485 589.3533 573.0021 558.1234 543.2448 528.3661 513.4874 500.0069 488.0514 476.0958 464.1403 452.1848 436.0735 419.6374 403.2013 386.7652 371.1014 356.7147 342.328 327.9413 313.5546
628.6356 620.6506 612.6656 604.6807 596.948 589.219 581.4901 573.7611 567.0219 561.5693 556.1168 550.6642 545.2117 550.2073 556.5732 562.9391 569.3049 576.699 586.1496 595.6002 605.0508 614.5013 623.0795 631.4155 639.7515 648.0875 656.1381 663.2441 670.3502 677.4562 684.5621 687.6512 688.8601 690.0689 691.2778 691.2213 682.7291 674.237 665.7448 657.2527 644.316 628.1567 611.9975 595.8383 579.7039 564.396 549.0881 533.7803 518.4724 504.3599 491.5513 478.7427 465.9341 453.1256 437.0668 420.7542 404.4414 388.1287 372.6632 358.5984 344.5336 330.4688 316.404
628.3244 620.6614 612.9983 605.3353 598.0038 590.6772 583.3507 576.0242 569.9463 565.4917 561.0371 556.5825 552.128 557.0448 563.1907 569.3366 575.4825 582.569 591.5366 600.5043 609.472 618.4396 626.8206 635.0385 643.2564 651.4743 659.3597 666.1438 672.9279 679.712 686.496 689.4277 690.556 691.6844 692.8127 692.806 685.2313 677.6566 670.082 662.5073 650.093 634.1699 618.2467 602.3235 586.4059 570.6688 554.9317 539.1946 523.4575 508.7131 495.0514 481.3897 467.728 454.0664 438.0603 421.871 405.6817 389.4924 374.225 360.4821 346.7393 332.9964 319.2535
628.0132 620.6721 613.3309 605.9899 599.0596 592.1354 585.2112 578.2872 572.8706 569.4139 565.9573 562.5006 559.044 563.8821 569.808 575.7339 581.6598 588.4387 596.9235 605.4083 613.8931 622.3778 630.5614 638.6613 646.7612 654.8611 662.5812 669.0433 675.5056 681.9677 688.4299 691.204 692.252 693.2998 694.3477 694.3906 687.7333 681.0761 674.4189 667.7617 655.8698 640.1827 624.4957 608.8086 593.1077 576.9414 560.7751 544.6088 528.4424 513.0661 498.5513 484.0366 469.5218 455.0071 439.0536 422.9878 406.9218 390.8559 375.7868 362.3658 348.9449 335.5239 322.103
627.7021 620.6829 613.6636 606.6444 600.1154 593.5936 587.0718 580.5501 575.7949 573.3361 570.8774 568.4187 565.96 570.7193 576.4253 582.1312 587.8372 594.3084 602.3104 610.3123 618.3142 626.316 634.3022 642.2841 650.266 658.2479 665.8026 671.9429 678.0832 684.2234 690.3636 692.9804 693.9478 694.9152 695.8826 695.9752 690.2354 684.4956 678.7559 673.0161 661.6467 646.1957 630.7446 615.2936 599.8096 583.214 566.6185 550.0229 533.4274 517.4191 502.0513 486.6834 471.3156 455.9479 440.047 424.1045 408.162 392.2195 377.3486 364.2495 351.1505 338.0515 324.9524
624.3331 618.0059 611.6788 605.3516 599.5382 593.7324 587.9266 582.1208 577.975 575.9874 573.9997 572.0121 570.0244 574.4668 579.7525 585.0381 590.3238 596.4134 604.111 611.8085 619.5061 627.2036 635.0483 642.9339 650.8195 658.7051 666.1729 672.2568 678.3408 684.4247 690.5087 693.198 694.2983 695.3986 696.4989 696.8221 691.965 687.1079 682.2508 677.3937 667.0344 652.686 638.3376 623.9893 609.5894 593.4617 577.3339 561.2061 545.0784 529.1561 513.4577 497.7593 482.0609 466.3627 450.1686 433.9358 417.703 401.4703 386.1837 372.4616 358.7396 345.0175 331.2955
620.2544 614.7052 609.1559 603.6068 598.582 593.5648 588.5477 583.5306 579.9822 578.3434 576.7045 575.0656 573.4267 577.4968 582.3157 587.1346 591.9534 597.6442 605.0789 612.5135 619.9482 627.3828 635.099 642.8934 650.6877 658.4821 665.8811 671.9704 678.0598 684.1491 690.2384 693.0536 694.3364 695.6191 696.9019 697.4978 693.5152 689.5327 685.55 681.5675 672.3316 659.287 646.2424 633.1977 620.0834 604.6317 589.18 573.7283 558.2766 542.6069 526.6993 510.7916 494.884 478.9765 462.409 445.7899 429.1708 412.5517 396.707 382.1426 367.5782 353.0137 338.4493
616.1755 611.4043 606.6331 601.8619 597.6256 593.3973 589.1689 584.9405 581.9896 580.6995 579.4093 578.1191 576.829 580.5269 584.879 589.2311 593.5832 598.8752 606.0469 613.2186 620.3904 627.5621 635.1497 642.8528 650.556 658.2592 665.5893 671.684 677.7787 683.8734 689.9681 692.9094 694.3745 695.8397 697.3048 698.1735 695.0655 691.9575 688.8495 685.7415 677.629 665.8882 654.1473 642.4065 630.5778 615.8022 601.0265 586.2509 571.4752 556.0582 539.9413 523.8244 507.7075 491.5907 474.6497 457.6443 440.6389 423.6335 407.2307 391.8239 376.4171 361.0103 345.6035
612.0969 608.1036 604.1103 600.1171 596.6694 593.2297 589.79 586.3503 583.9969 583.0555 582.1141 581.1727 580.2313 583.5569 587.4423 591.3276 595.2129 600.106 607.0148 613.9237 620.8325 627.7413 635.2004 642.8124 650.4243 658.0363 665.2975 671.3976 677.4977 683.5978 689.6978 692.765 694.4126 696.0602 697.7078 698.8491 696.6157 694.3822 692.1487 689.9153 682.9261 672.4891 662.0521 651.615 641.0718 626.9722 612.8726 598.7729 584.6733 569.509 553.1829 536.8567 520.5306 504.2046 486.8901 469.4984 452.1067 434.715 417.754 401.5048 385.2556 369.0065 352.7573
608.997 605.5732 602.1494 598.7255 595.9558 593.1957 590.4355 587.6754 585.8589 585.269 584.6792 584.0894 583.4995 586.4409 589.8455 593.2499 596.6545 601.09 607.5875 614.0851 620.5826 627.0801 634.2098 641.515 648.8201 656.1253 663.174 669.3732 675.5724 681.7716 687.9708 691.3207 693.3369 695.353 697.3692 698.9224 697.3885 695.8546 694.3208 692.7869 686.7073 677.3318 667.9565 658.5811 649.0912 635.7671 622.4429 609.1187 595.7945 581.029 564.691 548.353 532.0149 515.677 498.0631 480.3495 462.6359 444.9222 427.4949 410.5405 393.5861 376.6317 359.6773
608.6711 605.2258 601.7805 598.3352 595.93 593.54 591.1501 588.7603 587.3093 587.0789 586.8484 586.6181 586.3877 588.9107 591.7948 594.6789 597.563 601.3743 607.0403 612.7062 618.3722 624.038 630.2689 636.6566 643.0443 649.4321 655.8607 662.4247 668.9887 675.5527 682.1168 686.1933 689.1055 692.0176 694.9298 697.2887 695.9587 694.6287 693.2988 691.9688 686.1925 677.1927 668.1928 659.1929 650.0985 637.8312 625.564 613.2968 601.0295 587.0773 571.2864 555.4957 539.7049 523.9142 506.2106 488.3575 470.5043 452.6512 435.0176 417.7467 400.4758 383.2048 365.9339
608.3451 604.8784 601.4116 597.9448 595.9042 593.8845 591.8647 589.8451 588.7596 588.8887 589.0178 589.1469 589.276 591.3806 593.7442 596.1079 598.4716 601.6588 606.493 611.3273 616.1616 620.9958 626.3278 631.7981 637.2684 642.7386 648.5471 655.4759 662.4048 669.3337 676.2625 681.0657 684.874 688.6821 692.4904 695.655 694.5289 693.4028 692.2767 691.1506 685.6777 677.0535 668.4292 659.8049 651.1057 639.8955 628.6852 617.475 606.2648 593.1257 577.8821 562.6386 547.3951 532.1517 514.3583 496.3657 478.3731 460.3805 442.5407 424.9532 407.3657 389.7782 372.1907
608.0192 604.5309 601.0427 597.5545 595.8784 594.2289 592.5793 590.9299 590.21 590.6985 591.1871 591.6756 592.1642 593.8503 595.6936 597.5369 599.3801 601.9431 605.9457 609.9484 613.9511 617.9537 622.387 626.9398 631.4926 636.0453 641.2337 648.5274 655.8211 663.1149 670.4085 675.9384 680.6426 685.3468 690.051 694.0213 693.0991 692.1769 691.2546 690.3324 685.163 676.9142 668.6655 660.4168 652.1129 641.9597 631.8064 621.6531 611.4998 599.1739 584.4776 569.7813 555.0851 540.3889 522.5058 504.3737 486.2416 468.1095 450.0635 432.1594 414.2554 396.3513 378.4473
607.6932 604.1835 600.6738 597.1642 595.8525 594.5732 593.2939 592.0146 591.6603 592.5083 593.3563 594.2043 595.0524 596.3201 597.6429 598.9658 600.2886 602.2275 605.3985 608.5696 611.7406 614.9116 618.446 622.0814 625.7167 629.3521 633.9203 641.5789 649.2374 656.896 664.5544 670.811 676.4112 682.0114 687.6116 692.3876 691.6693 690.9509 690.2326 689.5142 684.6482 676.775 668.9019 661.0287 653.1202 644.0239 634.9275 625.8312 616.7349 605.2221 591.0731 576.9241 562.775 548.6261 530.6533 512.3817 494.1101 475.8385 457.5863 439.3657 421.1451 402.9245 384.7039
610.4485 606.6545 602.8604 599.0664 597.6536 596.2759 594.8981 593.5204 593.1325 594.0314 594.9303 595.8292 596.728 597.7302 598.746 599.7617 600.7775 602.2852 604.777 607.2689 609.7606 612.2524 615.0374 617.9039 620.7704 623.6368 627.5419 634.887 642.2322 649.5774 656.9225 663.4014 669.4747 675.548 681.6213 686.8224 686.2089 685.5953 684.9818 684.3683 679.7021 672.0979 664.4936 656.8893 649.2578 640.7117 632.1656 623.6196 615.0735 604.0695 590.3839 576.6983 563.0127 549.3272 531.612 513.5819 495.5518 477.5218 459.4171 441.1885 422.96 404.7314 386.5029
614.4614 610.2757 606.09 601.9043 600.2003 598.5328 596.8654 595.1979 594.6136 595.4374 596.2612 597.085 597.9087 598.7077 599.5035 600.2993 601.095 602.2505 604.1252 606.0001 607.8749 609.7496 611.8463 614.0046 616.1628 618.3211 621.5452 628.3002 635.0553 641.8103 648.5652 655.0606 661.4343 667.8081 674.1819 679.6526 679.1035 678.5543 678.0052 677.456 672.9476 665.5687 658.1897 650.8108 643.408 635.2053 627.0026 618.7999 610.5972 599.9777 586.7213 573.4649 560.2085 546.9523 529.6364 512.0033 494.3703 476.7372 458.9244 440.8139 422.7034 404.5929 386.4824
618.4744 613.897 609.3196 604.7422 602.7471 600.7899 598.8327 596.8755 596.0948 596.8434 597.5921 598.3408 599.0894 599.6852 600.261 600.8369 601.4126 602.2158 603.4735 604.7313 605.989 607.2468 608.655 610.105 611.5551 613.0051 615.5484 621.7133 627.8781 634.0429 640.2077 646.7195 653.3937 660.068 666.7422 672.4826 671.9979 671.5131 671.0283 670.5435 666.1928 659.0392 651.8856 644.7321 637.558 629.6987 621.8394 613.9801 606.1208 595.8857 583.0585 570.2314 557.4042 544.5772 527.6607 510.4247 493.1886 475.9526 458.4317 440.4393 422.4468 404.4543 386.4619
622.4873 617.5182 612.5492 607.5802 605.2938 603.0469 600.8 598.553 597.5759 598.2495 598.923 599.5966 600.2701 600.6627 601.0186 601.3744 601.7302 602.181 602.8217 603.4625 604.1032 604.744 605.4639 606.2057 606.9475 607.6893 609.5518 615.1265 620.7011 626.2758 631.8504 638.3787 645.3534 652.3281 659.3028 665.3129 664.8925 664.472 664.0517 663.6313 659.4382 652.5099 645.5817 638.6535 631.7083 624.1923 616.6764 609.1605 601.6445 591.7938 579.3959 566.9979 554.6 542.2022 525.6851 508.846 492.007 475.1681 457.9391 440.0646 422.1902 404.3158 386.4413
626.3228 621.0442 615.7656 610.4871 607.9149 605.3825 602.8501 600.3177 599.1302 599.691 600.2518 600.8126 601.3734 601.5706 601.7202 601.8697 602.0192 602.1539 602.2589 602.3638 602.4688 602.5738 602.6912 602.8121 602.9329 603.0538 604.28 609.1678 614.0556 618.9434 623.8312 630.2006 637.2636 644.3267 651.3897 657.4841 657.1212 656.7584 656.3955 656.0326 651.9641 645.209 638.454 631.6989 624.9295 617.6782 610.427 603.1758 595.9245 586.4332 574.4978 562.5625 550.6271 538.692 522.6376 506.2616 489.8855 473.5094 456.6526 439.0006 421.3486 403.6966 386.0445
