data/zism_data/00667_02_D.txt
ncols         224
nrows         224
[rows 168 to 195 of 224, columns 126 to 188 of 224]
4993.189 4971.166 4949.142 4927.119 4905.096 4892.818 4883.981 4875.145 4866.307 4859.451 4860.74 4862.028 4863.316 4864.605 4865.674 4866.626 4867.579 4868.531 4869.01 4865.61 4862.21 4858.81 4855.41 4850.419 4844.206 4837.992 4831.778 4825.564 4819.371 4813.179 4806.986 4800.792 4796.3 4793.661 4791.022 4788.384 4785.746 4786.609 4787.717 4788.824 4789.932 4791.49 4793.749 4796.007 4798.266 4800.524 4800.765 4800.643 4800.521 4800.399 4799.36 4796.225 4793.089 4789.954 4786.819 4782.483 4777.77 4773.057 4768.343 4763.663 4759.099 4754.535 4749.971
4994.992 4974.675 4954.357 4934.04 4913.723 4901.815 4892.876 4883.937 4874.997 4868.175 4870.055 4871.936 4873.816 4875.697 4876.603 4876.99 4877.377 4877.765 4877.646 4873.379 4869.113 4864.846 4860.58 4855.063 4848.586 4842.108 4835.63 4829.156 4822.823 4816.49 4810.158 4803.825 4799.344 4796.883 4794.422 4791.961 4789.5 4791.034 4792.847 4794.66 4796.472 4798.533 4800.98 4803.427 4805.874 4808.321 4808.444 4808.15 4807.856 4807.562 4806.295 4802.804 4799.313 4795.823 4792.333 4787.756 4782.838 4777.92 4773.003 4768.156 4763.565 4758.975 4754.384
4996.794 4978.184 4959.572 4940.961 4922.351 4910.812 4901.771 4892.729 4883.688 4876.898 4879.371 4881.844 4884.316 4886.789 4887.532 4887.354 4887.176 4886.999 4886.282 4881.149 4876.016 4870.883 4865.75 4859.708 4852.966 4846.225 4839.483 4832.748 4826.275 4819.802 4813.33 4806.856 4802.387 4800.104 4797.821 4795.538 4793.254 4795.459 4797.977 4800.495 4803.013 4805.577 4808.212 4810.847 4813.482 4816.118 4816.124 4815.657 4815.191 4814.725 4813.229 4809.384 4805.538 4801.692 4797.846 4793.029 4787.907 4782.785 4777.663 4772.65 4768.032 4763.415 4758.797
4998.597 4981.692 4964.788 4947.883 4930.978 4919.81 4910.666 4901.522 4892.378 4885.623 4888.687 4891.752 4894.816 4897.881 4898.462 4897.719 4896.976 4896.232 4894.918 4888.918 4882.919 4876.919 4870.92 4864.352 4857.347 4850.341 4843.336 4836.34 4829.727 4823.114 4816.501 4809.889 4805.431 4803.326 4801.22 4799.114 4797.008 4799.884 4803.107 4806.33 4809.553 4812.62 4815.444 4818.267 4821.091 4823.915 4823.803 4823.165 4822.526 4821.887 4820.165 4815.963 4811.762 4807.562 4803.36 4798.303 4792.976 4787.649 4782.322 4777.144 4772.499 4767.854 4763.21
5000.382 4985.199 4970.016 4954.833 4939.651 4928.868 4919.638 4910.407 4901.177 4894.464 4898.101 4901.738 4905.375 4909.012 4909.425 4908.12 4906.814 4905.509 4903.599 4896.73 4889.862 4882.994 4876.125 4869.025 4861.749 4854.472 4847.195 4839.93 4833.182 4826.435 4819.687 4812.939 4808.506 4806.597 4804.688 4802.779 4800.87 4804.412 4808.334 4812.256 4816.178 4819.739 4822.737 4825.735 4828.733 4831.731 4831.492 4830.672 4829.852 4829.031 4827.073 4822.514 4817.954 4813.395 4808.835 4803.535 4798.003 4792.47 4786.938 4781.594 4776.925 4772.257 4767.589
5001.363 4988.613 4975.863 4963.114 4950.364 4940.681 4932.08 4923.48 4914.879 4908.611 4911.93 4915.25 4918.569 4921.888 4921.914 4920.183 4918.453 4916.722 4914.327 4906.479 4898.63 4890.782 4882.934 4875.053 4867.146 4859.24 4851.333 4843.454 4836.803 4830.152 4823.501 4816.851 4812.973 4812.119 4811.265 4810.41 4809.556 4813.569 4817.922 4822.275 4826.628 4830.273 4832.82 4835.366 4837.912 4840.458 4839.629 4838.195 4836.761 4835.328 4832.79 4827.73 4822.67 4817.61 4812.55 4806.938 4801.152 4795.367 4789.582 4784.066 4779.521 4774.977 4770.433
5002.344 4992.027 4981.71 4971.393 4961.076 4952.493 4944.522 4936.552 4928.581 4922.757 4925.759 4928.761 4931.762 4934.764 4934.402 4932.246 4930.09 4927.935 4925.054 4916.226 4907.398 4898.57 4889.743 4881.079 4872.543 4864.007 4855.47 4846.977 4840.423 4833.87 4827.316 4820.762 4817.439 4817.64 4817.841 4818.042 4818.242 4822.727 4827.51 4832.293 4837.077 4840.808 4842.902 4844.996 4847.09 4849.184 4847.766 4845.719 4843.671 4841.624 4838.507 4832.946 4827.385 4821.825 4816.264 4810.34 4804.302 4798.263 4792.225 4786.539 4782.118 4777.697 4773.276
5003.325 4995.441 4987.557 4979.673 4971.789 4964.306 4956.965 4949.624 4942.283 4936.903 4939.587 4942.271 4944.956 4947.64 4946.891 4944.31 4941.729 4939.147 4935.781 4925.974 4916.166 4906.358 4896.551 4887.106 4877.94 4868.774 4859.608 4850.501 4844.044 4837.587 4831.13 4824.673 4821.905 4823.161 4824.417 4825.672 4826.928 4831.884 4837.098 4842.312 4847.526 4851.342 4852.984 4854.626 4856.268 4857.91 4855.903 4853.242 4850.581 4847.919 4844.224 4838.163 4832.101 4826.04 4819.979 4813.743 4807.451 4801.16 4794.869 4789.011 4784.714 4780.417 4776.121
5004.306 4998.855 4993.404 4987.953 4982.502 4976.119 4969.408 4962.697 4955.985 4951.05 4953.417 4955.783 4958.15 4960.517 4959.379 4956.373 4953.367 4950.36 4946.508 4935.721 4924.934 4914.147 4903.36 4893.133 4883.337 4873.542 4863.746 4854.024 4847.665 4841.305 4834.945 4828.584 4826.372 4828.682 4830.993 4833.304 4835.615 4841.042 4846.687 4852.331 4857.976 4861.877 4863.067 4864.256 4865.446 4866.636 4864.041 4860.766 4857.491 4854.216 4849.941 4843.379 4836.817 4830.255 4823.694 4817.145 4810.601 4804.057 4797.512 4791.483 4787.311 4783.137 4778.964
5001.293 4998.045 4994.798 4991.551 4988.303 4983.309 4977.699 4972.088 4966.478 4962.358 4964.366 4966.374 4968.381 4970.389 4969.133 4966.137 4963.141 4960.144 4956.284 4945.344 4934.404 4923.463 4912.523 4901.859 4891.408 4880.957 4870.505 4860.15 4854.134 4848.118 4842.103 4836.086 4834.328 4837.215 4840.102 4842.989 4845.876 4851.23 4856.757 4862.284 4867.811 4871.36 4871.833 4872.305 4872.777 4873.25 4870.073 4866.241 4862.41 4858.578 4853.796 4846.842 4839.887 4832.933 4825.979 4819.267 4812.632 4805.997 4799.362 4793.319 4789.406 4785.493 4781.581
4993.921 4992.628 4991.334 4990.041 4988.747 4985.457 4981.46 4977.465 4973.469 4970.569 4972.173 4973.777 4975.382 4976.986 4975.906 4973.394 4970.881 4968.37 4965.022 4954.831 4944.639 4934.446 4924.254 4913.529 4902.394 4891.259 4880.124 4869.114 4863.711 4858.309 4852.907 4847.504 4846.092 4849.033 4851.974 4854.915 4857.855 4862.544 4867.355 4872.167 4876.978 4879.697 4879.163 4878.628 4878.094 4877.561 4873.811 4869.483 4865.157 4860.83 4855.62 4848.391 4841.162 4833.934 4826.705 4819.993 4813.444 4806.895 4800.346 4794.459 4790.956 4787.452 4783.948
4986.55 4987.21 4987.871 4988.531 4989.191 4987.604 4985.223 4982.842 4980.461 4978.781 4979.981 4981.182 4982.382 4983.583 4982.678 4980.65 4978.623 4976.595 4973.761 4964.317 4954.874 4945.429 4935.985 4925.199 4913.381 4901.563 4889.744 4878.078 4873.29 4868.501 4863.712 4858.923 4857.857 4860.852 4863.846 4866.841 4869.835 4873.858 4877.954 4882.049 4886.144 4888.034 4886.493 4884.952 4883.412 4881.871 4877.548 4872.726 4867.904 4863.082 4857.444 4849.94 4842.437 4834.934 4827.431 4820.719 4814.256 4807.793 4801.331 4795.6 4792.505 4789.411 4786.316
4979.179 4981.793 4984.407 4987.021 4989.635 4989.751 4988.984 4988.218 4987.452 4986.992 4987.789 4988.585 4989.382 4990.179 4989.45 4987.907 4986.364 4984.82 4982.5 4973.804 4965.108 4956.413 4947.717 4936.869 4924.367 4911.865 4899.363 4887.042 4882.867 4878.692 4874.517 4870.341 4869.621 4872.669 4875.718 4878.766 4881.815 4885.172 4888.552 4891.931 4895.31 4896.37 4893.823 4891.276 4888.729 4886.181 4881.286 4875.968 4870.651 4865.334 4859.268 4851.49 4843.712 4835.935 4828.157 4821.445 4815.068 4808.691 4802.314 4796.74 4794.055 4791.369 4788.684
4971.807 4976.375 4980.943 4985.511 4990.079 4991.898 4992.747 4993.595 4994.444 4995.203 4995.597 4995.99 4996.383 4996.776 4996.222 4995.164 4994.105 4993.046 4991.239 4983.291 4975.344 4967.396 4959.448 4948.54 4935.354 4922.169 4908.983 4896.006 4892.445 4888.883 4885.322 4881.76 4881.386 4884.488 4887.59 4890.692 4893.795 4896.487 4899.15 4901.813 4904.477 4904.707 4901.153 4897.6 4894.046 4890.492 4885.023 4879.211 4873.398 4867.586 4861.092 4853.04 4844.987 4836.935 4828.883 4822.17 4815.88 4809.589 4803.299 4797.881 4795.604 4793.328 4791.052
4959.088 4964.885 4970.683 4976.48 4982.277 4985.123 4986.927 4988.731 4990.535 4992.146 4992.96 4993.775 4994.59 4995.404 4995.362 4994.863 4994.365 4993.866 4992.707 4986.131 4979.556 4972.979 4966.404 4956.855 4945.019 4933.182 4921.345 4909.699 4906.61 4903.521 4900.433 4897.344 4897.02 4899.713 4902.406 4905.1 4907.793 4909.479 4911.094 4912.709 4914.325 4913.496 4908.865 4904.234 4899.604 4894.973 4889.023 4882.836 4876.649 4870.462 4863.862 4856.315 4848.768 4841.221 4833.674 4827.236 4821.147 4815.059 4808.97 4803.759 4801.705 4799.651 4797.598
4945.996 4952.972 4959.948 4966.924 4973.899 4977.726 4980.439 4983.153 4985.867 4988.302 4989.596 4990.89 4992.183 4993.477 4993.97 4994.037 4994.103 4994.169 4993.667 4988.507 4983.347 4978.187 4973.027 4964.936 4954.59 4944.245 4933.899 4923.721 4921.095 4918.469 4915.843 4913.217 4912.924 4915.176 4917.428 4919.68 4921.932 4922.587 4923.132 4923.676 4924.22 4922.316 4916.604 4910.891 4905.178 4899.466 4893.041 4886.488 4879.936 4873.382 4866.697 4859.71 4852.723 4845.736 4838.749 4832.605 4826.726 4820.847 4814.968 4809.967 4808.123 4806.279 4804.436
4932.903 4941.058 4949.212 4957.367 4965.522 4970.328 4973.951 4977.574 4981.198 4984.459 4986.231 4988.004 4989.777 4991.549 4992.578 4993.209 4993.841 4994.473 4994.628 4990.884 4987.139 4983.395 4979.65 4973.017 4964.163 4955.308 4946.453 4937.744 4935.581 4933.418 4931.255 4929.092 4928.829 4930.64 4932.45 4934.261 4936.071 4935.697 4935.17 4934.643 4934.116 4931.137 4924.342 4917.548 4910.753 4903.959 4897.059 4890.14 4883.222 4876.303 4869.533 4863.106 4856.678 4850.251 4843.824 4837.974 4832.305 4826.636 4820.967 4816.175 4814.541 4812.907 4811.273
4919.811 4929.144 4938.478 4947.811 4957.145 4962.93 4967.463 4971.996 4976.529 4980.615 4982.867 4985.119 4987.371 4989.622 4991.186 4992.382 4993.579 4994.776 4995.589 4993.26 4990.931 4988.602 4986.273 4981.098 4973.734 4966.371 4959.007 4951.766 4950.066 4948.366 4946.666 4944.966 4944.733 4946.103 4947.472 4948.841 4950.21 4948.806 4947.208 4945.61 4944.012 4939.958 4932.081 4924.205 4916.328 4908.452 4901.077 4893.792 4886.507 4879.223 4872.369 4866.501 4860.634 4854.766 4848.898 4843.342 4837.883 4832.424 4826.965 4822.383 4820.959 4819.535 4818.111
4906.538 4916.412 4926.286 4936.16 4946.034 4952.48 4957.717 4962.953 4968.189 4972.965 4975.852 4978.738 4981.625 4984.511 4986.685 4988.479 4990.272 4992.065 4993.564 4992.646 4991.729 4990.811 4989.893 4986.27 4980.565 4974.861 4969.157 4963.549 4962.291 4961.033 4959.774 4958.516 4958.313 4959.262 4960.211 4961.16 4962.108 4960.16 4958.009 4955.858 4953.707 4949.19 4940.992 4932.794 4924.596 4916.398 4908.643 4900.967 4893.291 4885.615 4878.616 4873.167 4867.718 4862.27 4856.821 4851.647 4846.56 4841.473 4836.386 4832.069 4830.525 4828.98 4827.436
4892.984 4902.406 4911.828 4921.25 4930.672 4937.282 4942.9 4948.519 4954.137 4959.393 4963.157 4966.92 4970.685 4974.448 4977.349 4979.788 4982.227 4984.667 4986.894 4987.381 4987.868 4988.355 4988.842 4986.916 4983.133 4979.351 4975.567 4971.849 4971.0 4970.15 4969.301 4968.452 4968.277 4968.838 4969.399 4969.961 4970.522 4968.785 4966.887 4964.989 4963.091 4959.065 4951.728 4944.392 4937.055 4929.718 4921.729 4913.622 4905.515 4897.408 4890.171 4884.921 4879.671 4874.422 4869.172 4864.521 4860.059 4855.596 4851.134 4847.167 4844.988 4842.808 4840.628
4879.43 4888.4 4897.37 4906.34 4915.31 4922.085 4928.085 4934.085 4940.086 4945.82 4950.462 4955.103 4959.745 4964.386 4968.012 4971.098 4974.183 4977.268 4980.224 4982.115 4984.007 4985.899 4987.792 4987.562 4985.701 4983.839 4981.978 4980.148 4979.708 4979.268 4978.827 4978.387 4978.241 4978.415 4978.588 4978.762 4978.936 4977.409 4975.765 4974.12 4972.475 4968.939 4962.464 4955.989 4949.513 4943.038 4934.814 4926.276 4917.739 4909.202 4901.726 4896.675 4891.625 4886.574 4881.523 4877.395 4873.557 4869.719 4865.88 4862.265 4859.45 4856.635 4853.82
4865.876 4874.394 4882.912 4891.429 4899.947 4906.887 4913.27 4919.652 4926.035 4932.248 4937.767 4943.285 4948.804 4954.323 4958.676 4962.407 4966.138 4969.869 4973.553 4976.85 4980.146 4983.443 4986.74 4988.208 4988.268 4988.329 4988.389 4988.447 4988.417 4988.385 4988.354 4988.323 4988.205 4987.991 4987.777 4987.563 4987.349 4986.034 4984.642 4983.25 4981.858 4978.814 4973.2 4967.586 4961.971 4956.357 4947.9 4938.932 4929.964 4920.996 4913.281 4908.429 4903.578 4898.726 4893.875 4890.269 4887.056 4883.841 4880.628 4877.363 4873.913 4870.462 4867.012
4852.323 4860.388 4868.454 4876.52 4884.585 4891.689 4898.454 4905.218 4911.983 4918.676 4925.072 4931.468 4937.864 4944.26 4949.339 4953.716 4958.093 4962.471 4966.883 4971.584 4976.286 4980.988 4985.689 4988.854 4990.835 4992.817 4994.8 4996.747 4997.125 4997.502 4997.88 4998.258 4998.168 4997.567 4996.965 4996.364 4995.763 4994.659 4993.52 4992.381 4991.242 4988.689 4983.936 4979.183 4974.43 4969.676 4960.985 4951.586 4942.188 4932.789 4924.835 4920.183 4915.53 4910.878 4906.226 4903.143 4900.554 4897.964 4895.375 4892.46 4888.375 4884.29 4880.205
4837.311 4844.386 4851.461 4858.536 4865.611 4872.786 4879.997 4887.208 4894.418 4901.517 4908.156 4914.795 4921.435 4928.074 4933.501 4938.282 4943.063 4947.844 4952.708 4958.243 4963.779 4969.315 4974.851 4978.957 4981.961 4984.965 4987.97 4990.934 4992.077 4993.22 4994.363 4995.506 4996.085 4996.05 4996.015 4995.98 4995.945 4995.106 4994.21 4993.315 4992.42 4990.455 4986.823 4983.191 4979.559 4975.927 4968.74 4960.914 4953.088 4945.262 4938.516 4934.236 4929.956 4925.676 4921.396 4918.607 4916.286 4913.965 4911.644 4908.937 4904.836 4900.737 4896.637
4822.036 4828.024 4834.012 4840.0 4845.987 4853.217 4860.885 4868.554 4876.222 4883.714 4890.482 4897.25 4904.019 4910.787 4916.495 4921.636 4926.778 4931.92 4937.184 4943.452 4949.72 4955.988 4962.256 4967.167 4971.032 4974.897 4978.763 4982.588 4984.56 4986.532 4988.503 4990.476 4991.84 4992.542 4993.245 4993.947 4994.649 4994.085 4993.432 4992.779 4992.126 4990.765 4988.301 4985.837 4983.374 4980.91 4975.538 4969.645 4963.751 4957.857 4952.578 4948.702 4944.826 4940.95 4937.074 4934.537 4932.42 4930.304 4928.187 4925.661 4921.658 4917.655 4913.652
4806.762 4811.663 4816.563 4821.464 4826.365 4833.649 4841.775 4849.9 4858.026 4865.912 4872.809 4879.707 4886.604 4893.501 4899.489 4904.991 4910.494 4915.996 4921.661 4928.661 4935.661 4942.661 4949.661 4955.376 4960.104 4964.83 4969.557 4974.242 4977.043 4979.844 4982.645 4985.445 4987.595 4989.035 4990.475 4991.915 4993.354 4993.064 4992.653 4992.243 4991.832 4991.075 4989.779 4988.483 4987.188 4985.892 4982.336 4978.375 4974.414 4970.453 4966.641 4963.168 4959.696 4956.224 4952.751 4950.466 4948.554 4946.642 4944.73 4942.385 4938.479 4934.573 4930.667
4791.488 4795.301 4799.115 4802.928 4806.741 4814.08 4822.664 4831.247 4839.83 4848.108 4855.135 4862.162 4869.188 4876.215 4882.483 4888.346 4894.209 4900.072 4906.138 4913.87 4921.602 4929.334 4937.066 4943.586 4949.174 4954.762 4960.351 4965.896 4969.526 4973.156 4976.786 4980.416 4983.35 4985.527 4987.705 4989.881 4992.059 4992.043 4991.875 4991.706 4991.538 4991.385 4991.257 4991.13 4991.002 4990.875 4989.135 4987.106 4985.077 4983.048 4980.703 4977.635 4974.566 4971.497 4968.429 4966.396 4964.688 4962.98 4961.273 4959.109 4955.3 4951.491 4947.682
4777.104 4780.209 4783.315 4786.422 4789.528 4796.84 4805.637 4814.433 4823.23 4831.667 4838.623 4845.578 4852.534 4859.49 4865.839 4871.865 4877.89 4883.916 4890.167 4898.278 4906.388 4914.498 4922.608 4929.547 4935.585 4941.624 4947.662 4953.666 4958.149 4962.632 4967.116 4971.599 4975.341 4978.275 4981.209 4984.144 4987.078 4987.306 4987.345 4987.385 4987.424 4987.785 4988.645 4989.504 4990.365 4991.225 4991.116 4990.832 4990.549 4990.266 4989.341 4986.95 4984.558 4982.167 4979.775 4978.148 4976.762 4975.375 4973.988 4972.141 4968.631 4965.123 4961.614
