data/zism_data/00663_02_D.txt
ncols         224
nrows         224
[rows 56 to 83 of 224, columns 63 to 125 of 224]
1151.156 1151.105 1151.054 1151.002 1150.789 1150.569 1150.348 1150.128 1149.746 1149.142 1148.538 1147.933 1147.329 1145.504 1143.519 1141.534 1139.548 1137.478 1135.249 1133.02 1130.791 1128.562 1127.625 1126.988 1126.351 1125.714 1125.357 1125.734 1126.112 1126.49 1126.868 1126.366 1125.554 1124.742 1123.93 1122.631 1119.417 1116.204 1112.991 1109.778 1107.637 1106.032 1104.428 1102.823 1101.431 1101.449 1101.468 1101.487 1101.506 1102.49 1104.134 1105.777 1107.421 1109.114 1111.616 1114.118 1116.62 1119.122 1121.468 1123.673 1125.877 1128.082 1130.286
1151.222 1151.149 1151.076 1151.003 1150.789 1150.569 1150.348 1150.128 1149.73 1149.088 1148.446 1147.804 1147.162 1145.223 1143.113 1141.004 1138.895 1136.665 1134.209 1131.753 1129.297 1126.841 1125.77 1125.019 1124.269 1123.518 1123.012 1123.147 1123.281 1123.416 1123.551 1122.71 1121.526 1120.341 1119.157 1117.644 1114.841 1112.038 1109.235 1106.432 1104.803 1103.76 1102.717 1101.674 1100.807 1101.112 1101.417 1101.722 1102.027 1103.207 1104.986 1106.764 1108.543 1110.365 1112.9 1115.434 1117.968 1120.502 1122.865 1125.069 1127.273 1129.478 1131.682
1151.288 1151.193 1151.099 1151.004 1150.789 1150.569 1150.348 1150.128 1149.714 1149.034 1148.355 1147.675 1146.995 1144.942 1142.708 1140.474 1138.241 1135.851 1133.168 1130.486 1127.803 1125.12 1123.914 1123.05 1122.186 1121.323 1120.667 1120.559 1120.45 1120.342 1120.234 1119.055 1117.498 1115.941 1114.384 1112.657 1110.264 1107.872 1105.479 1103.087 1101.968 1101.487 1101.005 1100.524 1100.182 1100.774 1101.365 1101.956 1102.547 1103.924 1105.838 1107.751 1109.665 1111.616 1114.183 1116.75 1119.316 1121.883 1124.261 1126.465 1128.67 1130.874 1133.078
1151.224 1151.049 1150.874 1150.699 1150.298 1149.887 1149.476 1149.065 1148.353 1147.227 1146.101 1144.975 1143.848 1141.561 1139.122 1136.682 1134.243 1131.796 1129.336 1126.876 1124.416 1121.956 1120.917 1120.207 1119.498 1118.789 1118.254 1118.18 1118.105 1118.031 1117.957 1116.857 1115.395 1113.932 1112.47 1110.913 1108.986 1107.058 1105.13 1103.203 1102.402 1102.164 1101.927 1101.689 1101.587 1102.387 1103.187 1103.987 1104.788 1106.268 1108.212 1110.156 1112.1 1114.075 1116.557 1119.038 1121.519 1124.0 1126.334 1128.534 1130.734 1132.934 1135.134
1151.136 1150.869 1150.602 1150.335 1149.714 1149.076 1148.438 1147.8 1146.737 1145.087 1143.437 1141.787 1140.137 1137.593 1134.932 1132.271 1129.61 1127.127 1124.974 1122.822 1120.67 1118.517 1117.703 1117.199 1116.694 1116.19 1115.828 1115.84 1115.853 1115.865 1115.877 1114.935 1113.656 1112.377 1111.099 1109.785 1108.333 1106.88 1105.428 1103.975 1103.455 1103.401 1103.347 1103.293 1103.376 1104.37 1105.365 1106.36 1107.354 1108.92 1110.875 1112.83 1114.785 1116.764 1119.137 1121.51 1123.883 1126.256 1128.536 1130.73 1132.925 1135.119 1137.314
1151.048 1150.689 1150.331 1149.972 1149.129 1148.265 1147.4 1146.535 1145.12 1142.947 1140.773 1138.599 1136.425 1133.625 1130.743 1127.861 1124.978 1122.457 1120.613 1118.768 1116.924 1115.079 1114.489 1114.19 1113.891 1113.592 1113.403 1113.501 1113.6 1113.698 1113.797 1113.013 1111.918 1110.823 1109.728 1108.657 1107.679 1106.702 1105.725 1104.748 1104.508 1104.638 1104.768 1104.897 1105.165 1106.354 1107.543 1108.732 1109.921 1111.571 1113.537 1115.503 1117.469 1119.452 1121.717 1123.982 1126.247 1128.512 1130.738 1132.927 1135.116 1137.305 1139.494
1150.96 1150.51 1150.059 1149.608 1148.545 1147.453 1146.362 1145.271 1143.504 1140.806 1138.109 1135.411 1132.714 1129.657 1126.553 1123.45 1120.346 1117.788 1116.251 1114.714 1113.177 1111.641 1111.275 1111.181 1111.088 1110.994 1110.977 1111.162 1111.347 1111.531 1111.716 1111.091 1110.179 1109.268 1108.357 1107.528 1107.026 1106.524 1106.022 1105.52 1105.562 1105.875 1106.188 1106.501 1106.954 1108.337 1109.721 1111.104 1112.488 1114.223 1116.2 1118.177 1120.153 1122.14 1124.297 1126.454 1128.611 1130.768 1132.939 1135.123 1137.307 1139.49 1141.674
1150.788 1150.215 1149.641 1149.068 1147.654 1146.203 1144.752 1143.3 1141.134 1137.982 1134.829 1131.677 1128.524 1125.398 1122.275 1119.153 1116.03 1113.564 1112.33 1111.096 1109.862 1108.628 1108.461 1108.541 1108.621 1108.702 1108.85 1109.177 1109.504 1109.831 1110.158 1109.784 1109.161 1108.538 1107.916 1107.406 1107.339 1107.273 1107.207 1107.141 1107.416 1107.862 1108.307 1108.753 1109.339 1110.859 1112.38 1113.9 1115.42 1117.207 1119.177 1121.146 1123.115 1125.087 1127.104 1129.12 1131.136 1133.152 1135.247 1137.414 1139.58 1141.747 1143.914
1150.424 1149.656 1148.889 1148.121 1146.064 1143.948 1141.833 1139.717 1137.041 1133.592 1130.143 1126.693 1123.244 1120.475 1117.795 1115.115 1112.434 1110.359 1109.416 1108.474 1107.532 1106.589 1106.56 1106.743 1106.926 1107.109 1107.406 1108.003 1108.6 1109.197 1109.794 1109.881 1109.787 1109.694 1109.6 1109.582 1109.861 1110.141 1110.42 1110.699 1111.101 1111.563 1112.025 1112.487 1113.087 1114.613 1116.139 1117.664 1119.19 1120.95 1122.871 1124.792 1126.713 1128.626 1130.427 1132.227 1134.027 1135.827 1137.796 1139.92 1142.043 1144.167 1146.29
1150.061 1149.099 1148.136 1147.174 1144.473 1141.694 1138.914 1136.134 1132.949 1129.202 1125.456 1121.71 1117.963 1115.551 1113.314 1111.076 1108.839 1107.154 1106.503 1105.852 1105.201 1104.551 1104.66 1104.945 1105.23 1105.516 1105.962 1106.829 1107.696 1108.563 1109.43 1109.978 1110.414 1110.849 1111.285 1111.759 1112.384 1113.009 1113.633 1114.258 1114.786 1115.264 1115.742 1116.22 1116.836 1118.367 1119.898 1121.429 1122.96 1124.694 1126.566 1128.438 1130.31 1132.165 1133.75 1135.334 1136.918 1138.502 1140.345 1142.426 1144.506 1146.587 1148.667
1149.697 1148.54 1147.384 1146.227 1142.883 1139.439 1135.995 1132.552 1128.856 1124.813 1120.769 1116.726 1112.683 1110.627 1108.833 1107.038 1105.244 1103.948 1103.589 1103.23 1102.871 1102.512 1102.759 1103.147 1103.535 1103.923 1104.517 1105.654 1106.791 1107.928 1109.065 1110.075 1111.04 1112.005 1112.969 1113.935 1114.906 1115.876 1116.847 1117.817 1118.47 1118.965 1119.459 1119.953 1120.584 1122.12 1123.657 1125.193 1126.73 1128.437 1130.26 1132.084 1133.907 1135.704 1137.073 1138.441 1139.809 1141.177 1142.895 1144.932 1146.969 1149.006 1151.043
1149.333 1147.982 1146.631 1145.28 1141.292 1137.184 1133.077 1128.969 1124.763 1120.423 1116.083 1111.742 1107.402 1105.704 1104.352 1103.0 1101.648 1100.743 1100.676 1100.608 1100.54 1100.473 1100.858 1101.349 1101.839 1102.33 1103.073 1104.48 1105.887 1107.294 1108.701 1110.172 1111.666 1113.16 1114.654 1116.112 1117.428 1118.744 1120.06 1121.376 1122.155 1122.666 1123.176 1123.687 1124.332 1125.874 1127.416 1128.958 1130.5 1132.18 1133.955 1135.73 1137.505 1139.243 1140.396 1141.548 1142.7 1143.853 1145.444 1147.438 1149.432 1151.426 1153.42
1148.389 1146.719 1145.049 1143.379 1139.048 1134.595 1130.142 1125.69 1121.407 1117.359 1113.311 1109.262 1105.214 1103.82 1102.774 1101.728 1100.682 1100.0 1100.0 1100.0 1100.0 1100.0 1100.485 1101.082 1101.68 1102.277 1103.16 1104.796 1106.431 1108.067 1109.702 1111.406 1113.135 1114.864 1116.592 1118.285 1119.839 1121.393 1122.947 1124.501 1125.464 1126.131 1126.799 1127.467 1128.245 1129.755 1131.265 1132.774 1134.284 1135.896 1137.577 1139.257 1140.938 1142.583 1143.652 1144.721 1145.79 1146.859 1148.371 1150.289 1152.206 1154.124 1156.042
1147.269 1145.243 1143.217 1141.19 1136.606 1131.905 1127.204 1122.503 1118.273 1114.695 1111.116 1107.538 1103.959 1102.854 1102.072 1101.291 1100.51 1100.0 1100.0 1100.0 1100.0 1100.0 1100.573 1101.278 1101.983 1102.689 1103.709 1105.561 1107.412 1109.264 1111.115 1112.984 1114.858 1116.733 1118.607 1120.458 1122.217 1123.976 1125.735 1127.494 1128.659 1129.526 1130.394 1131.261 1132.207 1133.674 1135.141 1136.607 1138.074 1139.604 1141.176 1142.749 1144.322 1145.863 1146.889 1147.914 1148.94 1149.966 1151.412 1153.243 1155.075 1156.906 1158.737
1146.149 1143.767 1141.384 1139.001 1134.164 1129.214 1124.265 1119.315 1115.14 1112.031 1108.922 1105.813 1102.705 1101.887 1101.371 1100.854 1100.337 1100.0 1100.0 1100.0 1100.0 1100.0 1100.66 1101.474 1102.287 1103.1 1104.259 1106.326 1108.394 1110.461 1112.529 1114.561 1116.581 1118.601 1120.621 1122.63 1124.594 1126.559 1128.523 1130.487 1131.854 1132.921 1133.988 1135.056 1136.169 1137.593 1139.016 1140.44 1141.864 1143.312 1144.776 1146.241 1147.706 1149.142 1150.125 1151.108 1152.09 1153.073 1154.453 1156.198 1157.943 1159.688 1161.433
1145.03 1142.291 1139.552 1136.813 1131.722 1126.524 1121.326 1116.128 1112.006 1109.367 1106.728 1104.089 1101.45 1100.921 1100.669 1100.417 1100.164 1100.0 1100.0 1100.0 1100.0 1100.0 1100.748 1101.669 1102.59 1103.512 1104.808 1107.092 1109.375 1111.659 1113.942 1116.139 1118.304 1120.47 1122.636 1124.803 1126.972 1129.142 1131.311 1133.481 1135.049 1136.316 1137.583 1138.85 1140.132 1141.512 1142.892 1144.273 1145.653 1147.019 1148.376 1149.733 1151.09 1152.422 1153.362 1154.301 1155.24 1156.18 1157.494 1159.153 1160.811 1162.47 1164.128
1143.792 1140.702 1137.612 1134.521 1129.283 1123.947 1118.611 1113.275 1109.258 1107.06 1104.862 1102.664 1100.466 1100.17 1100.123 1100.077 1100.03 1100.011 1100.042 1100.073 1100.105 1100.136 1100.988 1102.029 1103.071 1104.113 1105.542 1107.99 1110.438 1112.886 1115.335 1117.669 1119.963 1122.257 1124.551 1126.854 1129.193 1131.531 1133.87 1136.208 1137.946 1139.384 1140.822 1142.26 1143.686 1145.032 1146.378 1147.724 1149.07 1150.382 1151.671 1152.959 1154.248 1155.516 1156.442 1157.369 1158.295 1159.221 1160.488 1162.066 1163.644 1165.223 1166.801
1142.166 1138.74 1135.315 1131.89 1126.854 1121.745 1116.636 1111.526 1107.786 1105.934 1104.081 1102.229 1100.377 1100.13 1100.095 1100.059 1100.023 1100.058 1100.224 1100.39 1100.557 1100.723 1101.731 1102.935 1104.139 1105.343 1106.888 1109.331 1111.773 1114.216 1116.659 1119.044 1121.408 1123.772 1126.137 1128.506 1130.892 1133.279 1135.666 1138.053 1139.858 1141.372 1142.885 1144.399 1145.89 1147.231 1148.571 1149.912 1151.252 1152.601 1153.954 1155.308 1156.661 1157.995 1159.008 1160.021 1161.033 1162.046 1163.323 1164.842 1166.36 1167.88 1169.398
1140.539 1136.779 1133.019 1129.259 1124.426 1119.543 1114.661 1109.778 1106.315 1104.808 1103.301 1101.794 1100.288 1100.091 1100.066 1100.041 1100.016 1100.105 1100.406 1100.707 1101.009 1101.31 1102.475 1103.841 1105.207 1106.573 1108.234 1110.671 1113.108 1115.546 1117.983 1120.418 1122.853 1125.287 1127.722 1130.157 1132.592 1135.028 1137.463 1139.899 1141.77 1143.359 1144.949 1146.538 1148.094 1149.429 1150.764 1152.099 1153.435 1154.819 1156.238 1157.656 1159.074 1160.474 1161.573 1162.672 1163.771 1164.87 1166.158 1167.617 1169.077 1170.536 1171.996
1138.912 1134.818 1130.723 1126.628 1121.997 1117.341 1112.686 1108.03 1104.843 1103.682 1102.521 1101.36 1100.198 1100.052 1100.037 1100.023 1100.009 1100.152 1100.588 1101.024 1101.461 1101.897 1103.219 1104.747 1106.275 1107.803 1109.579 1112.011 1114.443 1116.875 1119.307 1121.793 1124.298 1126.802 1129.307 1131.808 1134.292 1136.776 1139.26 1141.744 1143.682 1145.347 1147.012 1148.677 1150.298 1151.628 1152.958 1154.287 1155.617 1157.038 1158.521 1160.004 1161.487 1162.953 1164.139 1165.324 1166.51 1167.695 1168.993 1170.393 1171.793 1173.193 1174.593
1137.286 1132.856 1128.427 1123.997 1119.569 1115.14 1110.711 1106.282 1103.372 1102.556 1101.741 1100.925 1100.109 1100.012 1100.009 1100.005 1100.002 1100.199 1100.77 1101.341 1101.913 1102.484 1103.963 1105.653 1107.343 1109.033 1110.925 1113.352 1115.778 1118.205 1120.631 1123.167 1125.742 1128.317 1130.892 1133.459 1135.991 1138.524 1141.057 1143.59 1145.594 1147.335 1149.075 1150.816 1152.502 1153.826 1155.151 1156.475 1157.799 1159.256 1160.804 1162.352 1163.9 1165.432 1166.704 1167.976 1169.248 1170.52 1171.828 1173.168 1174.509 1175.85 1177.19
1135.216 1130.749 1126.281 1121.814 1117.712 1113.626 1109.54 1105.455 1102.8 1102.12 1101.44 1100.759 1100.079 1100.09 1100.191 1100.292 1100.394 1100.727 1101.493 1102.259 1103.026 1103.792 1105.397 1107.196 1108.995 1110.795 1112.757 1115.148 1117.539 1119.93 1122.321 1124.819 1127.355 1129.892 1132.428 1134.956 1137.451 1139.946 1142.441 1144.936 1146.965 1148.763 1150.56 1152.357 1154.099 1155.466 1156.834 1158.202 1159.57 1161.101 1162.744 1164.386 1166.029 1167.653 1168.966 1170.279 1171.592 1172.906 1174.241 1175.598 1176.954 1178.311 1179.667
1132.953 1128.577 1124.202 1119.826 1116.105 1112.413 1108.722 1105.03 1102.622 1101.985 1101.348 1100.711 1100.074 1100.219 1100.466 1100.713 1100.96 1101.465 1102.453 1103.44 1104.428 1105.416 1107.132 1109.018 1110.904 1112.789 1114.801 1117.143 1119.486 1121.828 1124.171 1126.593 1129.042 1131.492 1133.942 1136.386 1138.805 1141.224 1143.644 1146.063 1148.1 1149.946 1151.792 1153.638 1155.43 1156.862 1158.295 1159.727 1161.16 1162.781 1164.532 1166.283 1168.034 1169.761 1171.095 1172.43 1173.765 1175.1 1176.471 1177.876 1179.281 1180.686 1182.091
1130.69 1126.406 1122.122 1117.838 1114.498 1111.2 1107.903 1104.606 1102.445 1101.851 1101.257 1100.663 1100.069 1100.347 1100.74 1101.133 1101.526 1102.203 1103.412 1104.621 1105.831 1107.04 1108.868 1110.84 1112.812 1114.784 1116.845 1119.139 1121.433 1123.727 1126.02 1128.366 1130.729 1133.093 1135.456 1137.815 1140.159 1142.503 1144.847 1147.19 1149.234 1151.129 1153.024 1154.918 1156.761 1158.258 1159.755 1161.253 1162.75 1164.462 1166.321 1168.18 1170.039 1171.868 1173.225 1174.581 1175.938 1177.294 1178.701 1180.155 1181.608 1183.062 1184.516
1128.426 1124.234 1120.042 1115.85 1112.891 1109.988 1107.084 1104.181 1102.267 1101.716 1101.165 1100.615 1100.064 1100.476 1101.015 1101.554 1102.093 1102.942 1104.372 1105.803 1107.233 1108.664 1110.604 1112.662 1114.721 1116.779 1118.889 1121.134 1123.38 1125.625 1127.87 1130.139 1132.416 1134.693 1136.97 1139.245 1141.513 1143.781 1146.05 1148.318 1150.369 1152.312 1154.255 1156.198 1158.092 1159.654 1161.216 1162.778 1164.34 1166.143 1168.11 1170.077 1172.043 1173.976 1175.354 1176.732 1178.11 1179.488 1180.931 1182.433 1183.935 1185.438 1186.94
1126.028 1122.026 1118.024 1114.022 1111.457 1108.957 1106.458 1103.958 1102.304 1101.815 1101.327 1100.838 1100.349 1100.893 1101.573 1102.252 1102.932 1103.937 1105.554 1107.17 1108.787 1110.403 1112.438 1114.569 1116.7 1118.831 1120.975 1123.154 1125.332 1127.511 1129.689 1131.875 1134.063 1136.251 1138.439 1140.63 1142.83 1145.03 1147.23 1149.431 1151.483 1153.462 1155.441 1157.42 1159.353 1160.985 1162.618 1164.25 1165.882 1167.768 1169.827 1171.886 1173.946 1175.968 1177.383 1178.798 1180.213 1181.628 1183.103 1184.634 1186.165 1187.697 1189.228
1122.92 1119.625 1116.331 1113.036 1110.935 1108.889 1106.844 1104.797 1103.474 1103.147 1102.821 1102.494 1102.168 1102.831 1103.624 1104.416 1105.209 1106.289 1107.905 1109.522 1111.138 1112.755 1114.789 1116.92 1119.051 1121.182 1123.282 1125.298 1127.315 1129.332 1131.348 1133.416 1135.501 1137.587 1139.672 1141.776 1143.949 1146.122 1148.295 1150.469 1152.491 1154.437 1156.383 1158.33 1160.248 1161.977 1163.706 1165.436 1167.165 1169.097 1171.167 1173.237 1175.307 1177.346 1178.88 1180.414 1181.948 1183.482 1184.974 1186.43 1187.885 1189.341 1190.796
1119.812 1117.225 1114.637 1112.05 1110.414 1108.822 1107.229 1105.637 1104.644 1104.48 1104.315 1104.151 1103.986 1104.768 1105.674 1106.58 1107.487 1108.64 1110.256 1111.873 1113.49 1115.106 1117.14 1119.271 1121.402 1123.534 1125.589 1127.443 1129.298 1131.152 1133.007 1134.956 1136.939 1138.922 1140.905 1142.921 1145.067 1147.214 1149.36 1151.506 1153.498 1155.412 1157.326 1159.24 1161.142 1162.969 1164.795 1166.622 1168.448 1170.426 1172.507 1174.588 1176.669 1178.725 1180.377 1182.03 1183.682 1185.335 1186.845 1188.225 1189.605 1190.985 1192.365
