data/zism_data/00675_02_D.txt
ncols         224
nrows         224
[rows 168 to 195 of 224, columns 63 to 125 of 224]
366.08 359.2665 352.4529 345.6394 335.8849 325.0927 314.3001 303.5079 294.0184 290.1415 286.2647 282.3877 278.5108 279.509 283.2772 287.0454 290.8135 295.0282 303.9287 312.8292 321.73 330.6305 341.9236 355.2853 368.6475 382.0092 395.3714 409.8104 424.2651 438.7205 453.1752 463.0277 466.8964 470.7653 474.6339 478.5027 479.3781 479.861 480.3438 480.8267 481.0048 480.5732 480.1416 479.7101 479.2785 471.5818 461.8672 452.1523 442.4377 434.0595 430.1095 426.1594 422.2095 418.2594 424.7588 436.1495 447.5399 458.9303 469.5634 475.1459 480.7285 486.311 491.8936
356.1083 349.2304 342.3524 335.4745 326.31 316.3387 306.367 296.3957 287.7241 284.652 281.58 278.5078 275.4358 277.8581 283.4021 288.9464 294.4904 300.5016 311.4141 322.3266 333.2394 344.1519 356.8328 371.0422 385.2521 399.4615 413.6715 426.2139 438.7318 451.2501 463.768 472.1361 475.1088 478.0816 481.0543 484.0271 484.329 484.2807 484.2324 484.1841 484.1296 484.0629 483.9962 483.9295 483.8628 476.3462 466.7603 457.1742 447.5883 439.0415 433.938 428.8344 423.7308 418.6272 425.1535 437.1237 449.0935 461.0634 472.2214 477.9648 483.7084 489.4518 495.1955
346.1369 339.1947 332.2523 325.3101 316.7354 307.585 298.4342 289.2838 281.43 279.1627 276.8954 274.6281 272.3608 276.2072 283.5271 290.8473 298.1672 305.9748 318.8992 331.8236 344.7484 357.6729 371.7414 386.7985 401.8561 416.9133 431.9709 442.6168 453.1979 463.7793 474.3604 481.2442 483.3209 485.3977 487.4744 489.5512 489.2797 488.7002 488.1208 487.5413 487.2544 487.5525 487.8506 488.1487 488.4469 481.1104 471.6533 462.1959 452.7388 444.0234 437.7664 431.5092 425.2522 418.9949 425.5482 438.0979 450.6471 463.1964 474.8793 480.7837 486.6882 492.5926 498.4972
336.1656 329.159 322.1521 315.1455 307.1608 298.8313 290.5014 282.1718 275.1359 273.6734 272.2109 270.7483 269.2858 274.5563 283.652 292.7481 301.8439 311.448 326.3843 341.3206 356.2574 371.1938 386.65 402.5548 418.4601 434.365 450.2704 459.0197 467.664 476.3086 484.9528 490.3523 491.533 492.7138 493.8946 495.0753 494.2304 493.1198 492.0092 490.8985 490.3791 491.0421 491.705 492.368 493.031 485.8745 476.5462 467.2176 457.8893 449.0053 441.5948 434.184 426.7735 419.3627 425.9428 439.072 452.2007 465.3294 477.5372 483.6025 489.6681 495.7334 501.7989
320.9062 314.5406 308.1749 301.8093 294.6155 287.1297 279.6436 272.1578 266.1331 266.4029 266.6727 266.9424 267.2122 274.474 285.7083 296.9429 308.1771 319.8306 335.8808 351.931 367.9818 384.032 399.8324 415.4158 430.9997 446.5831 462.1671 469.328 476.3652 483.4026 490.4399 494.726 495.4353 496.1446 496.8539 497.5632 496.6184 495.4567 494.295 493.1333 492.5327 493.0543 493.5759 494.0975 494.6191 487.2771 477.751 468.2245 458.6984 449.5541 441.6758 433.7973 425.919 418.0405 424.6571 438.0587 451.4599 464.8611 477.3899 484.0995 490.8093 497.519 504.2288
302.2481 296.9771 291.7059 286.4348 280.161 273.5336 266.906 260.2786 255.3894 257.9876 260.5859 263.1843 265.7826 275.4003 289.006 302.6121 316.2177 330.0831 346.6698 363.2565 379.8438 396.4306 411.9044 426.4148 440.9256 455.436 469.9468 475.7175 481.3597 487.0022 492.6445 496.0558 496.5666 497.0774 497.5882 498.099 497.3588 496.4547 495.5504 494.6463 494.0618 494.1166 494.1714 494.2262 494.2811 486.5185 476.5846 466.6504 456.7165 447.2527 439.3477 431.4423 423.5372 415.6319 422.2911 435.7679 449.2442 462.7205 475.4391 483.1037 490.7686 498.4332 506.0981
283.5894 279.4129 275.2363 271.0598 265.7061 259.9371 254.168 248.399 244.6452 249.5721 254.499 259.426 264.3528 276.3266 292.3037 308.2814 324.2586 340.3359 357.4592 374.5825 391.7063 408.8296 423.9769 437.4141 450.8519 464.2892 477.7269 482.1072 486.3545 490.6019 494.8491 497.3856 497.6979 498.0102 498.3224 498.6347 498.0993 497.4526 496.806 496.1593 495.5909 495.179 494.767 494.355 493.943 485.7599 475.4182 465.0762 454.7346 444.9514 437.0195 429.0873 421.1554 413.2232 419.925 433.4769 447.0283 460.5797 473.4883 482.1079 490.7279 499.3475 507.9675
264.9314 261.8494 258.7673 255.6853 251.2516 246.3411 241.4304 236.5199 233.9015 241.1569 248.4122 255.6678 262.9232 277.2529 295.6014 313.9506 332.2992 350.5884 368.2482 385.908 403.5684 421.2282 436.0489 448.4131 460.7778 473.142 485.5067 488.4967 491.349 494.2014 497.0537 498.7154 498.8292 498.9429 499.0567 499.1705 498.8397 498.4506 498.0615 497.6723 497.12 496.2413 495.3625 494.4838 493.605 485.0013 474.2519 463.5021 452.7527 442.6501 434.6913 426.7323 418.7736 410.8146 417.5591 431.186 444.8126 458.4391 471.5376 481.1122 490.6872 500.2618 509.8368
246.7998 244.7731 242.7463 240.7197 237.2209 233.2028 229.1845 225.1663 223.7051 233.2579 242.8107 252.3639 261.9167 278.4737 299.0096 319.5462 340.0821 360.4014 378.4394 396.4774 414.516 432.554 446.9836 458.2916 469.5999 480.9079 492.2162 493.9808 495.6051 497.2296 498.8539 499.7592 499.7295 499.6998 499.6701 499.6404 499.5157 499.3785 499.2414 499.1042 498.5751 497.2622 495.9493 494.6365 493.3235 484.3329 473.2096 462.086 450.9627 440.5601 432.5463 424.5321 416.5182 408.5041 415.2745 428.9655 442.6559 456.3463 469.6175 480.0896 490.5621 501.0342 511.5067
237.2314 235.6232 234.015 232.4068 230.084 227.509 224.934 222.3591 222.4069 233.7517 245.0965 256.4416 267.7864 284.4795 304.2106 323.9424 343.6735 363.0672 378.9108 394.7545 410.5986 426.4423 439.4341 449.9588 460.4838 471.0084 481.5334 484.7513 487.8618 490.9724 494.0829 496.1548 496.8763 497.5977 498.3191 499.0406 499.1453 499.169 499.1928 499.2166 498.827 497.6107 496.3944 495.1781 493.9618 485.1307 474.1845 463.2379 452.2917 441.9056 433.3767 424.8475 416.3186 407.7894 414.3152 427.8881 441.4604 455.0329 468.1964 478.631 489.0659 499.5005 509.9354
227.6627 226.4731 225.2833 224.0936 222.9468 221.8151 220.6834 219.5518 221.1086 234.2454 247.3822 260.5195 273.6563 290.4856 309.4118 328.3388 347.2651 365.733 379.3823 393.0315 406.6812 420.3304 431.8844 441.6257 451.3673 461.1086 470.8502 475.5215 480.1182 484.7151 489.3118 492.5503 494.0229 495.4955 496.9681 498.4407 498.7748 498.9595 499.1443 499.3291 499.079 497.9593 496.8395 495.7198 494.6001 485.9285 475.1594 464.3898 453.6207 443.2512 434.2072 425.1629 416.1189 407.0746 413.3558 426.8106 440.265 453.7194 466.7754 477.1724 487.5698 497.9668 508.3641
218.0944 217.3232 216.552 215.7808 215.8099 216.1214 216.433 216.7446 219.8104 234.7392 249.668 264.5973 279.5261 296.4914 314.6129 332.735 350.8565 368.3988 379.8537 391.3085 402.7638 414.2187 424.335 433.2929 442.2512 451.2092 460.1674 466.2919 472.3748 478.4579 484.5408 488.946 491.1697 493.3935 495.6172 497.8409 498.4044 498.7501 499.0958 499.4415 499.3309 498.3078 497.2846 496.2615 495.2383 486.7263 476.1342 465.5417 454.9496 444.5967 435.0377 425.4783 415.9192 406.3598 412.3964 425.7332 439.0695 452.4059 465.3544 475.7138 486.0736 496.4331 506.7929
208.526 208.1733 207.8206 207.4679 208.6729 210.4277 212.1826 213.9374 218.5122 235.2329 251.9537 268.675 285.3958 302.4972 319.8139 337.1312 354.4479 371.0646 380.3251 389.5856 398.8465 408.107 416.7855 424.9601 433.1351 441.3097 449.4846 457.0624 464.6315 472.2008 479.7699 485.3416 488.3164 491.2914 494.2662 497.2411 498.0339 498.5406 499.0473 499.5539 499.5829 498.6563 497.7297 496.8032 495.8766 487.5241 477.1091 466.6937 456.2786 445.9423 435.8681 425.7937 415.7195 405.6451 411.437 424.6558 437.8741 451.0924 463.9334 474.2553 484.5775 494.8994 505.2217
206.241 206.1924 206.1439 206.0954 208.4949 211.7583 215.0217 218.2851 224.3158 242.2653 260.2147 278.1648 296.1142 313.1996 329.7932 346.3873 362.9809 378.7852 386.2976 393.81 401.3227 408.8351 416.1486 423.2895 430.4307 437.5716 444.7128 452.7318 460.7638 468.7961 476.828 482.5763 485.3551 488.1341 490.913 493.692 494.448 494.9387 495.4295 495.9202 496.2057 496.0805 495.9554 495.8303 495.7052 488.1299 478.4851 468.8401 459.1954 449.4979 439.6272 429.7562 419.8855 410.0144 415.357 427.8209 440.2843 452.7478 464.8497 474.538 484.2267 493.915 503.6036
211.0314 211.176 211.3207 211.4653 215.0771 219.9124 224.748 229.5833 237.0182 255.6491 274.2799 292.9113 311.5422 328.4639 344.4136 360.3639 376.3137 391.4158 397.6138 403.8118 410.0099 416.2079 422.227 428.091 433.9552 439.8192 445.6834 453.1606 460.6614 468.1625 475.6633 480.6261 482.2891 483.9521 485.615 487.278 487.7386 488.0415 488.3445 488.6475 489.3031 490.6642 492.0252 493.3863 494.7473 488.549 480.2509 471.9525 463.6545 455.2004 446.2311 437.2614 428.2921 419.3224 424.0168 435.1071 446.1971 457.287 468.0364 476.5122 484.9883 493.4641 501.9402
215.822 216.1598 216.4976 216.8354 221.6595 228.0669 234.4745 240.8819 249.7211 269.0333 288.3456 307.6584 326.9707 343.7287 359.0346 374.341 389.6469 404.0468 408.9303 413.8138 418.6975 423.581 428.3057 432.8927 437.4799 442.067 446.6542 453.5894 460.559 467.5289 474.4986 478.6759 479.2228 479.7698 480.3168 480.8638 481.029 481.1441 481.2593 481.3745 482.4004 485.2476 488.0949 490.9421 493.7895 488.9681 482.0167 475.0651 468.1137 460.9032 452.8352 444.7669 436.6989 428.6306 432.6768 442.3936 452.11 461.8265 471.2233 478.4865 485.75 493.0133 500.2768
220.6124 221.1434 221.6743 222.2052 228.2417 236.2211 244.2007 252.1801 262.4235 282.4171 302.4107 322.405 342.3986 358.993 373.6551 388.3176 402.9797 416.6775 420.2465 423.8156 427.3847 430.9537 434.3841 437.6942 441.0045 444.3146 447.6249 454.0181 460.4566 466.8953 473.3338 476.7257 476.1567 475.5877 475.0188 474.4498 474.3196 474.247 474.1743 474.1017 475.4978 479.8312 484.1647 488.4981 492.8316 489.3872 483.7825 478.1776 472.5728 466.6057 459.439 452.2722 445.1055 437.9386 441.3366 449.6799 458.0228 466.3658 474.41 480.4608 486.5117 492.5625 498.6134
225.403 226.1271 226.8512 227.5753 234.8241 244.3755 253.9272 263.4787 275.1263 295.8014 316.4763 337.1521 357.8271 374.2578 388.276 402.2947 416.313 429.3085 431.5631 433.8176 436.0722 438.3268 440.4627 442.4959 444.5291 446.5623 448.5956 454.4469 460.3542 466.2617 472.1691 474.7755 473.0905 471.4055 469.7206 468.0355 467.61 467.3496 467.0891 466.8287 468.5951 474.4146 480.2344 486.054 491.8738 489.8064 485.5483 481.2901 477.032 472.3084 466.0431 459.7776 453.5124 447.2469 449.9967 456.9664 463.9358 470.9052 477.5969 482.4351 487.2734 492.1116 496.95
239.5307 240.5711 241.6115 242.6519 250.121 259.8588 269.5969 279.3347 290.882 310.2215 329.561 348.9012 368.2408 384.2875 398.4625 412.638 426.813 439.9856 442.6295 445.2733 447.9173 450.5612 452.691 454.3762 456.0614 457.7466 459.4318 463.7329 468.0724 472.4121 476.7516 477.585 473.8604 470.1356 466.4109 462.6861 460.5832 458.6929 456.8026 454.9123 456.0327 463.1742 470.3159 477.4574 484.5992 484.4956 482.3797 480.2636 478.1477 475.3927 470.5215 465.6501 460.7788 455.9074 457.453 462.0021 466.5511 471.1002 475.5992 479.7637 483.9284 488.0929 492.2575
254.0832 255.4455 256.8079 258.1702 265.8145 275.6757 285.5372 295.3984 306.7769 324.6893 342.6016 360.5146 378.4269 394.0797 408.4479 422.8165 437.1847 450.5742 453.6849 456.7956 459.9063 463.017 465.1993 466.5787 467.9581 469.3374 470.7168 473.4218 476.1464 478.871 481.5956 480.611 474.8045 468.9979 463.1915 457.3849 453.5417 449.956 446.3701 442.7844 443.2126 451.6686 460.1249 468.581 477.0373 478.9243 478.9867 479.049 479.1114 478.3582 474.9034 471.4485 467.9937 464.5388 464.8548 466.9358 469.0168 471.0977 473.3658 476.8811 480.3965 483.9119 487.4273
268.6352 270.3194 272.0037 273.688 281.5074 291.492 301.477 311.4615 322.6714 339.1566 355.6418 372.1275 388.6127 403.8716 418.4329 432.9947 447.556 461.1625 464.74 468.3174 471.8949 475.4723 477.7072 478.7807 479.8542 480.9278 482.0013 483.1104 484.22 485.3297 486.4393 483.6368 475.7487 467.8603 459.9722 452.0838 446.5005 441.2193 435.938 430.6569 430.3929 440.1635 449.9343 459.7048 469.4757 473.3531 475.5938 477.8345 480.0751 481.3235 479.2852 477.2467 475.2084 473.17 472.2564 471.8694 471.4823 471.0952 471.1325 473.9986 476.8649 479.731 482.5972
283.1877 285.1938 287.2001 289.2062 297.2009 307.3089 317.4173 327.5253 338.5663 353.6243 368.6823 383.7408 398.7989 413.6638 428.4183 443.1732 457.9277 471.7512 475.7954 479.8396 483.8839 487.9281 490.2155 490.9832 491.7509 492.5186 493.2863 492.7993 492.294 491.7886 491.2832 486.6627 476.6928 466.7227 456.7528 446.7826 439.459 432.4824 425.5056 418.529 417.5729 428.6579 439.7433 450.8284 461.9138 467.7818 472.2008 476.6199 481.0388 484.289 483.6671 483.0452 482.4233 481.8014 479.6583 476.803 473.9479 471.0927 468.8991 471.1161 473.333 475.55 477.767
293.5158 296.0028 298.4899 300.9769 309.2011 319.4499 329.6991 339.9479 350.8811 364.7602 378.6393 392.5188 406.3979 420.4285 434.5444 448.6608 462.7767 476.0617 480.6184 485.1751 489.7319 494.2886 496.8189 497.5965 498.3741 499.1517 499.9293 498.6212 497.2826 495.9438 494.6052 489.0459 478.0002 466.9542 455.9085 444.8625 436.2117 427.875 419.538 411.2013 409.482 420.9975 432.5135 444.0291 455.545 462.3168 467.771 473.2253 478.6795 482.8342 482.6838 482.5334 482.383 482.2326 479.2884 475.0363 470.7844 466.5324 463.1048 465.1733 467.2419 469.3104 471.3789
297.6591 300.8596 304.0603 307.2609 315.7943 326.2094 336.6249 347.04 357.9545 371.0181 384.0817 397.1457 410.2093 422.7606 435.0201 447.2801 459.5397 471.1801 476.3162 481.4524 486.5887 491.7248 494.777 496.0267 497.2765 498.5262 499.776 498.7814 497.7539 496.7264 495.6989 490.4882 479.8395 469.1905 458.5419 447.8929 438.5197 429.3139 420.1077 410.9018 408.3151 418.9668 429.619 440.2708 450.9229 457.0072 461.8229 466.6388 471.4545 474.9073 473.8448 472.7823 471.7198 470.6573 467.5392 463.4589 459.3786 455.2984 452.0963 454.7496 457.403 460.0563 462.7097
301.8025 305.7167 309.631 313.5452 322.3876 332.9691 343.5509 354.1324 365.0282 377.2762 389.5243 401.7727 414.0208 425.0927 435.4959 445.8994 456.3025 466.2983 472.0139 477.7295 483.4453 489.1609 492.735 494.4569 496.1788 497.9007 499.6226 498.9416 498.2253 497.509 496.7927 491.9305 481.6789 471.4269 461.1753 450.9233 440.8278 430.7527 420.6773 410.6023 407.1481 416.9361 426.7243 436.5123 446.3006 451.6975 455.8747 460.0521 464.2293 466.9801 465.0055 463.0309 461.0563 459.0816 455.7897 451.881 447.9724 444.0639 441.0874 444.3256 447.5638 450.8019 454.0401
305.9458 310.5736 315.2015 319.8292 328.9807 339.7285 350.4767 361.2245 372.1017 383.5342 394.9667 406.3996 417.8322 427.4249 435.9716 444.5187 453.0655 461.4167 467.7118 474.0068 480.302 486.597 490.6931 492.8871 495.0812 497.2752 499.4693 499.1018 498.6967 498.2915 497.8864 493.3727 483.5181 473.6632 463.8086 453.9537 443.1358 432.1916 421.247 410.3028 405.9812 414.9054 423.8298 432.754 441.6784 446.3879 449.9267 453.4656 457.0043 459.0532 456.1666 453.2798 450.3931 447.5063 444.0405 440.3036 436.5667 432.8298 430.0789 433.9019 437.7249 441.5478 445.3708
310.0893 315.4306 320.7721 326.1135 335.5741 346.4882 357.4027 368.3168 379.1753 389.7923 400.4093 411.0267 421.6437 429.757 436.4474 443.138 449.8284 456.535 463.4094 470.2839 477.1586 484.0331 488.6511 491.3173 493.9835 496.6497 499.3159 499.262 499.1681 499.0741 498.9802 494.815 485.3575 475.8996 466.4421 456.9842 445.4439 433.6305 421.8167 410.0033 404.8142 412.8746 420.9352 428.9955 437.0561 441.0781 443.9784 446.8788 449.7791 451.1261 447.3273 443.5284 439.7296 435.9306 432.291 428.7257 425.1605 421.5954 419.0701 423.4778 427.8857 432.2934 436.7013
313.4845 319.4935 325.5027 331.5117 341.8324 353.6744 365.5168 377.3587 388.9437 399.4196 409.8954 420.3717 430.8476 438.2438 443.8899 449.5361 455.1821 460.8523 466.774 472.6956 478.6175 484.5391 488.4026 490.4857 492.5689 494.652 496.7352 496.7625 496.7595 496.7566 496.7536 493.0139 484.4168 475.8193 467.2221 458.6247 448.2814 437.7091 427.1365 416.5643 412.0265 419.5579 427.0896 434.621 442.1527 445.0323 446.6198 448.2073 449.7948 449.9047 445.1205 440.336 435.5518 430.7673 427.046 423.8222 420.5984 417.3747 415.1071 419.2142 423.3215 427.4286 431.5359
