data/zism_data/00675_04_D.txt
ncols         224
nrows         224
[rows 56 to 83 of 224, columns 0 to 62 of 224]
302.214 302.3274 302.4408 304.8191 309.9742 315.129 320.284 325.4388 327.5572 329.3328 331.1083 332.8839 330.7499 321.2851 311.8206 302.3558 292.8914 285.1391 277.8223 270.5059 263.1891 257.5631 257.1079 256.6527 256.1975 255.7423 258.1129 261.7201 265.3271 268.9342 272.5931 276.5586 280.5239 284.4893 288.4546 291.6701 294.3737 297.0771 299.7807 302.5037 305.6568 308.8099 311.963 315.1161 320.9569 329.5642 338.1715 346.7791 355.3863 360.8411 366.1017 371.3625 376.6231 377.915 373.0336 368.1522 363.2706 358.3891 358.3409 359.2092 360.0776 360.946 361.8175
302.4781 302.4305 302.3829 304.8607 310.4342 316.0075 321.581 327.1543 330.6071 333.8207 337.0341 340.2476 339.4955 331.3077 323.1202 314.9323 306.7448 299.397 292.2627 285.1287 277.9944 272.3379 271.2013 270.0647 268.9281 267.7915 270.1638 274.0714 277.9788 281.8864 285.6545 288.6005 291.5464 294.4925 297.4384 299.7556 301.6436 303.5316 305.4196 307.3679 310.6444 313.9208 317.1974 320.4738 326.3615 334.9365 343.5116 352.087 360.6621 366.4233 372.0112 377.5993 383.1872 384.8672 380.4687 376.0701 371.6714 367.2729 367.9465 369.5821 371.2178 372.8534 374.2697
311.2194 311.6784 312.1373 314.9463 320.6361 326.3257 332.0156 337.7053 341.1813 344.4076 347.6337 350.86 350.4615 343.2665 336.0718 328.8768 321.6821 314.2642 306.7891 299.3143 291.8393 285.6948 283.6197 281.5447 279.4695 277.3945 278.8902 281.9482 285.006 288.064 290.9893 293.1323 295.2753 297.4184 299.5614 301.2933 302.7446 304.1959 305.6472 307.163 310.0984 313.0337 315.9691 318.9044 324.2587 332.1025 339.9464 347.7905 355.6343 361.5085 367.2614 373.0143 378.7672 381.0084 377.7872 374.5661 371.3448 368.1237 369.6148 371.9996 374.3845 376.7693 378.7595
321.5683 322.6603 323.7523 326.9365 332.6853 338.434 344.1829 349.9315 353.1822 356.1509 359.1195 362.0883 361.8484 355.5924 349.3365 343.0805 336.8247 329.2466 321.3315 313.4168 305.5018 298.7826 295.7203 292.6581 289.5957 286.5335 286.986 288.9762 290.9664 292.9567 294.8586 296.2398 297.6209 299.0021 300.3833 301.5893 302.6758 303.7622 304.8486 305.9968 308.503 311.0091 313.5153 316.0214 320.7322 327.7123 334.6923 341.6726 348.6527 354.6032 360.4901 366.3773 372.2642 375.0994 373.1873 371.2752 369.3631 367.451 369.7777 372.9083 376.039 379.1696 381.7392
331.9173 333.6424 335.3676 338.9269 344.7348 350.5425 356.3504 362.1581 365.1833 367.8945 370.6056 373.3167 373.2355 367.9184 362.6015 357.2844 351.9675 344.2292 335.8742 327.5196 319.1646 311.8706 307.821 303.7716 299.722 295.6726 295.0819 296.0044 296.9269 297.8495 298.7281 299.3474 299.9666 300.5859 301.2052 301.8853 302.6069 303.3285 304.0501 304.8306 306.9075 308.9844 311.0614 313.1382 317.2057 323.322 329.4382 335.5547 341.6709 347.6977 353.7188 359.7401 365.7611 369.1902 368.5873 367.9843 367.3813 366.7784 369.9407 373.8171 377.6935 381.5699 384.7189
342.2663 344.6245 346.9828 350.9173 356.7842 362.6509 368.5179 374.3846 377.1844 379.638 382.0916 384.5452 384.6226 380.2445 375.8665 371.4883 367.1104 359.2119 350.417 341.6223 332.8274 324.9586 319.9218 314.8852 309.8484 304.8117 303.1778 303.0326 302.8875 302.7423 302.5975 302.4549 302.3123 302.1697 302.0271 302.1812 302.538 302.8947 303.2515 303.6644 305.3121 306.9597 308.6075 310.2552 313.6792 318.9317 324.1841 329.4367 334.6891 340.7922 346.9474 353.1028 359.258 363.2811 363.9872 364.6934 365.3996 366.1057 370.1037 374.7258 379.3481 383.9702 387.6986
352.3057 355.0466 357.7877 361.791 367.3422 372.8931 378.4442 383.9952 386.4729 388.6036 390.7344 392.8651 392.9888 389.349 385.7093 382.0695 378.4298 370.4606 361.389 352.3177 343.2461 334.9655 329.1031 323.2411 317.3787 311.5166 309.0759 308.132 307.1882 306.2444 305.3344 304.6244 303.9143 303.2042 302.4941 302.2686 302.3741 302.4795 302.5849 302.7416 304.0254 305.3092 306.593 307.8768 310.6668 315.0072 319.3477 323.6882 328.0287 333.8506 339.7636 345.6768 351.5898 355.8633 357.5862 359.3091 361.0321 362.755 367.5511 372.9299 378.3089 383.6877 388.0811
361.5863 364.0966 366.6069 369.9288 374.2459 378.5628 382.8799 387.1968 389.1154 390.7633 392.4112 394.0591 393.9536 390.5606 387.1678 383.7747 380.3819 372.5611 363.6129 354.665 345.7168 337.4234 331.1319 324.8405 318.549 312.2577 309.5893 308.5059 307.4226 306.3393 305.2968 304.4955 303.6942 302.8929 302.0916 301.8451 301.9773 302.1096 302.2419 302.4153 303.4952 304.5751 305.6551 306.735 308.914 312.2243 315.5345 318.8449 322.1552 326.8207 331.5694 336.3183 341.067 344.7494 346.7728 348.7961 350.8196 352.843 358.3454 364.5075 370.6699 376.832 382.1006
370.867 373.1465 375.4261 378.0666 381.1496 384.2325 387.3156 390.3985 391.758 392.923 394.088 395.253 394.9185 391.7723 388.6262 385.48 382.334 374.6616 365.8368 357.0123 348.1875 339.8814 333.1606 326.44 319.7193 312.9987 310.1027 308.8798 307.657 306.4341 305.2592 304.3667 303.4742 302.5816 301.6891 301.4215 301.5806 301.7397 301.8988 302.0891 302.9651 303.8411 304.7172 305.5932 307.1611 309.4413 311.7214 314.0017 316.2818 319.7908 323.3752 326.9598 330.5443 333.6355 335.9594 338.2832 340.6071 342.9309 349.1397 356.0852 363.0309 369.9763 376.12
380.1476 382.1965 384.2454 386.2044 388.0533 389.9022 391.7512 393.6001 394.4006 395.0827 395.7648 396.4469 395.8833 392.9839 390.0847 387.1853 384.286 376.7621 368.0607 359.3596 350.6582 342.3393 335.1893 328.0396 320.8895 313.7397 310.616 309.2537 307.8914 306.529 305.2216 304.2378 303.2541 302.2704 301.2867 300.9979 301.1839 301.3698 301.5557 301.7628 302.4349 303.1071 303.7792 304.4514 305.4083 306.6583 307.9083 309.1584 310.4084 312.7608 315.181 317.6013 320.0215 322.5216 325.1459 327.7702 330.3945 333.0188 339.934 347.6628 355.3918 363.1206 370.1394
389.4283 391.2464 393.0646 394.3421 394.957 395.5719 396.1869 396.8018 397.0431 397.2423 397.4416 397.6408 396.8481 394.1956 391.5431 388.8905 386.2381 378.8626 370.2846 361.7069 353.1289 344.7973 337.218 329.639 322.0598 314.4808 311.1294 309.6275 308.1257 306.6239 305.1839 304.109 303.0341 301.9591 300.8842 300.5744 300.7871 300.9999 301.2126 301.4365 301.9048 302.373 302.8413 303.3096 303.6555 303.8753 304.0952 304.3151 304.535 305.7309 306.9868 308.2428 309.4987 311.4077 314.3325 317.2572 320.182 323.1068 330.7283 339.2404 347.7528 356.2649 364.1589
392.8441 394.2333 395.6225 396.5031 396.7604 397.0177 397.275 397.5323 397.6776 397.8104 397.9431 398.0759 397.3257 394.9199 392.5143 390.1085 387.7029 380.4189 371.893 363.3673 354.8413 346.3366 337.8959 329.4554 321.0146 312.5742 308.8608 307.2155 305.5702 303.9249 302.395 301.5461 300.6972 299.8483 298.9994 299.3228 300.4467 301.5707 302.6946 303.8179 304.927 306.0361 307.1452 308.2542 308.4332 307.6546 306.8761 306.0976 305.3191 305.4873 305.7138 305.9403 306.1668 307.289 309.8043 312.3196 314.8351 317.3504 324.3684 332.2402 340.1122 347.984 355.7546
394.1901 395.0803 395.9705 396.5546 396.7636 396.9727 397.1817 397.3907 397.6035 397.8167 398.0299 398.2431 397.6313 395.4723 393.3135 391.1545 388.9957 381.7832 373.2841 364.7852 356.2861 347.5518 338.097 328.6425 319.1877 309.7332 305.6104 303.8202 302.0301 300.2399 298.6351 298.1242 297.6134 297.1025 296.5916 297.779 300.1263 302.4734 304.8207 307.1549 309.2029 311.2509 313.2989 315.3468 315.5156 313.7499 311.9842 310.2184 308.4527 307.6387 306.8834 306.1281 305.3727 305.639 307.4944 309.3499 311.2054 313.0608 319.013 325.742 332.4712 339.2002 346.4952
395.5361 395.9273 396.3185 396.6062 396.7669 396.9276 397.0883 397.2491 397.5293 397.823 398.1167 398.4104 397.9369 396.0247 394.1127 392.2005 390.2885 383.1475 374.6752 366.2031 357.7308 348.7669 338.298 327.8295 317.3607 306.8921 302.3599 300.4249 298.4899 296.5548 294.8752 294.7023 294.5294 294.3566 294.1837 296.2351 299.8057 303.3762 306.9468 310.4919 313.4789 316.4657 319.4527 322.4396 322.5981 319.8452 317.0923 314.3393 311.5864 309.7902 308.0531 306.3158 304.5787 303.9891 305.1846 306.3801 307.5756 308.7711 313.6575 319.2437 324.83 330.4162 337.2356
396.8821 396.7744 396.6666 396.6577 396.7702 396.8826 396.9951 397.1075 397.4551 397.8293 398.2035 398.5776 398.2424 396.5771 394.9119 393.2466 391.5813 384.5118 376.0663 367.6211 359.1756 349.9821 338.4991 327.0166 315.5336 304.0511 299.1095 297.0295 294.9497 292.8698 291.1152 291.2804 291.4456 291.6107 291.7759 294.6913 299.4852 304.279 309.0729 313.8289 317.7548 321.6806 325.6065 329.5323 329.6807 325.9405 322.2004 318.4601 314.72 311.9417 309.2227 306.5036 303.7846 302.3391 302.8747 303.4103 303.9459 304.4815 308.302 312.7453 317.1888 321.6322 327.976
397.946 397.4282 396.9104 396.6527 396.7138 396.775 396.8361 396.8972 397.2719 397.6821 398.0923 398.5025 398.2643 396.8104 395.3566 393.9027 392.4489 385.5943 377.3647 369.1353 360.9057 351.5837 338.9189 326.2545 313.5897 300.9253 295.332 292.8322 290.3325 287.8328 285.7951 286.4832 287.1714 287.8596 288.5477 292.5771 298.8885 305.1996 311.511 317.7633 322.7191 327.6748 332.6306 337.5863 337.8139 333.1746 328.5352 323.8956 319.2563 315.3428 311.4741 307.6053 303.7367 301.3612 301.3087 301.2561 301.2036 301.151 303.9544 307.2995 310.6447 313.9897 319.7365
397.7947 397.2501 396.7054 396.4041 396.4008 396.3975 396.3943 396.391 396.6194 396.874 397.1286 397.3832 397.0641 395.6692 394.2744 392.8795 391.4847 385.4632 378.2637 371.0645 363.865 354.8501 340.2805 325.7115 311.142 296.5729 289.2839 285.1799 281.076 276.972 273.7539 275.7619 277.7699 279.778 281.786 288.0055 297.1016 306.1973 315.2934 324.271 330.6487 337.0261 343.4038 349.7813 350.4736 345.3138 340.154 334.994 329.8342 324.1266 318.3854 312.6441 306.903 303.2786 302.947 302.6155 302.2839 301.9524 303.9492 306.3875 308.8259 311.2642 315.8911
397.6434 397.0719 396.5005 396.1554 396.0877 396.0201 395.9524 395.8848 395.9669 396.0659 396.1649 396.2639 395.8638 394.5279 393.1921 391.8563 390.5205 385.3321 379.1628 372.9937 366.8244 358.1165 341.6422 325.1685 308.6943 292.2206 283.2359 277.5276 271.8195 266.1112 261.7126 265.0406 268.3685 271.6964 275.0243 283.434 295.3147 307.195 319.0758 330.7787 338.5782 346.3774 354.1769 361.9762 363.1333 357.4531 351.7728 346.0924 340.4121 332.9104 325.2968 317.6829 310.0693 305.1959 304.5854 303.9749 303.3643 302.7538 303.9438 305.4754 307.0071 308.5387 312.0458
397.4921 396.8938 396.2955 395.9067 395.7747 395.6426 395.5106 395.3786 395.3143 395.2577 395.2011 395.1445 394.6635 393.3867 392.1099 390.8331 389.5563 385.201 380.0618 374.9229 369.7837 361.3829 343.0039 324.6256 306.2466 287.8682 277.1879 269.8754 262.563 255.2505 249.6714 254.3193 258.967 263.6149 268.2626 278.8624 293.5278 308.1927 322.8582 337.2864 346.5078 355.7288 364.9501 374.1711 375.793 369.5923 363.3916 357.1907 350.9901 341.6942 332.2081 322.7217 313.2356 307.1133 306.2237 305.3342 304.4446 303.5551 303.9386 304.5634 305.1883 305.8131 308.2004
397.3407 396.7156 396.0905 395.658 395.4616 395.2652 395.0688 394.8724 394.6618 394.4496 394.2374 394.0252 393.4632 392.2454 391.0277 389.8099 388.5921 385.0699 380.9609 376.8521 372.7431 364.6494 344.3656 324.0826 303.7989 283.5159 271.1399 262.2231 253.3066 244.3897 237.6302 243.598 249.5655 255.5333 261.5009 274.2909 291.741 309.1904 326.6405 343.7941 354.4373 365.0801 375.7232 386.366 388.4526 381.7316 375.0105 368.2891 361.568 350.478 339.1194 327.7605 316.4019 309.0306 307.8621 306.6936 305.525 304.3565 303.9333 303.6514 303.3695 303.0876 304.3551
397.2112 396.5934 395.9757 395.4984 395.1931 394.8878 394.5826 394.2773 393.633 392.9504 392.2679 391.5853 390.4658 388.5269 386.5881 384.6492 382.7104 379.3612 375.6528 371.9445 368.2362 360.314 339.5009 318.6887 297.8756 277.0634 264.3005 255.059 245.8179 236.5764 229.6909 236.7048 243.7185 250.7325 257.7462 272.1701 291.6556 311.1404 330.6258 349.7911 361.928 374.0644 386.2013 398.3377 400.8395 393.4235 386.0075 378.5912 371.1752 359.2833 347.1163 334.9489 322.7819 314.9097 313.7188 312.5279 311.337 310.1461 308.658 307.1135 305.5691 304.0246 303.9612
397.0939 396.503 395.9121 395.3893 394.9499 394.5105 394.071 393.6317 392.3904 391.0587 389.7269 388.3951 386.4473 383.3441 380.2411 377.1379 374.0348 370.4836 366.8181 363.1528 359.4874 351.6596 331.0988 310.5387 289.9778 269.4177 257.0115 248.1724 239.3336 230.4946 224.0822 231.9868 239.8912 247.7958 255.7001 271.4418 292.5369 313.6312 334.7263 355.4979 369.1693 382.8401 396.5115 410.1823 413.0712 404.8612 396.6511 388.4407 380.2307 368.1006 355.7298 343.3585 330.9876 323.0397 321.9722 320.9047 319.8371 318.7696 316.0699 313.0608 310.0516 307.0425 305.5283
396.9766 396.4126 395.8485 395.2802 394.7066 394.1331 393.5595 392.986 391.1479 389.1669 387.1859 385.2049 382.4287 378.1613 373.8939 369.6265 365.3591 361.6059 357.9833 354.3609 350.7384 343.0052 322.6965 302.3885 282.0799 261.7719 249.7224 241.2857 232.8493 224.4127 218.4735 227.2687 236.0637 244.859 253.6539 270.7135 293.4182 316.1222 338.8269 361.2048 376.4107 391.616 406.8218 422.0272 425.3031 416.299 407.2949 398.2904 389.2863 376.9182 364.3434 351.7682 339.1935 331.1697 330.2256 329.2815 328.3374 327.3933 323.4821 319.0082 314.5342 310.0604 307.0954
396.8593 396.3221 395.7849 395.1711 394.4634 393.7557 393.0481 392.3404 389.9053 387.2751 384.6449 382.0147 378.4102 372.9784 367.5468 362.115 356.6834 352.7281 349.1485 345.5691 341.9894 334.3507 314.2942 294.2384 274.1819 254.1261 242.4333 234.399 226.365 218.3308 212.8647 222.5506 232.2363 241.9222 251.6078 269.9852 294.2996 318.6131 342.9274 366.9117 383.6521 400.3918 417.1322 433.872 437.535 427.7368 417.9387 408.1401 398.3419 385.7357 372.9571 360.178 347.3994 339.2998 338.4791 337.6584 336.8377 336.017 330.8942 324.9556 319.0168 313.0783 308.6626
396.742 396.2474 395.7529 395.1028 394.2619 393.421 392.5801 391.7393 388.6285 385.2614 381.8943 378.5271 374.0112 367.341 360.6709 354.0007 347.3307 343.0765 339.4372 335.798 332.1586 324.607 305.0868 285.5673 266.0471 246.5276 235.3496 227.8209 220.2924 212.7637 207.8645 218.4793 229.0938 239.7087 250.3232 269.9907 295.8419 321.6922 347.5435 373.0488 390.964 408.8785 426.7937 444.7082 448.6055 438.0735 427.5414 417.009 406.4769 393.8795 381.1555 368.431 355.707 347.725 347.1201 346.5152 345.9103 345.3054 338.9884 331.5884 324.1881 316.7881 310.9122
396.6233 396.338 396.0527 395.4624 394.4981 393.5338 392.5695 391.6053 386.9923 381.9673 376.9424 371.9173 365.6185 356.9308 348.2434 339.5558 330.8684 325.2983 320.5215 315.7448 310.968 303.4263 287.4259 271.426 255.4255 239.4256 230.4236 224.483 218.5426 212.6021 209.2537 221.1992 233.1442 245.0897 257.0348 277.7014 304.3252 330.9481 357.572 383.7032 399.0161 414.3286 429.6415 444.9539 447.481 436.847 426.213 415.5786 404.9446 394.9494 384.9938 375.0379 365.0823 359.2496 359.8304 360.4112 360.992 361.5728 354.2453 345.4181 336.5906 327.7634 320.3281
396.5046 396.4286 396.3525 395.822 394.7343 393.6466 392.559 391.4713 385.3562 378.6732 371.9904 365.3074 357.2257 346.5207 335.8159 325.1109 314.4062 307.5201 301.6058 295.6917 289.7775 282.2457 269.765 257.2846 244.8039 232.3236 225.4975 221.1451 216.7929 212.4405 210.6429 223.919 237.1947 250.4708 263.7465 285.412 312.8085 340.204 367.6005 394.3576 407.0683 419.7786 432.4893 445.1996 446.3565 435.6205 424.8846 414.1483 403.4123 396.0192 388.8321 381.6448 374.4577 370.7741 372.5406 374.3072 376.0737 377.8402 369.5021 359.2477 348.993 338.7387 329.744
396.386 396.5192 396.6524 396.1816 394.9706 393.7595 392.5484 391.3373 383.72 375.3791 367.0385 358.6976 348.833 336.1105 323.3885 310.666 297.9439 289.7419 282.6901 275.6386 268.5869 261.065 252.104 243.1433 234.1823 225.2216 220.5715 217.8073 215.0431 212.2789 212.0321 226.6389 241.2451 255.8519 270.4581 293.1227 321.2918 349.4599 377.629 405.012 415.1205 425.2286 435.3371 445.4452 445.232 434.3941 423.5562 412.7179 401.88 397.089 392.6704 388.2516 383.833 382.2987 385.2509 388.2031 391.1555 394.1077 384.7589 373.0774 361.3955 349.714 339.1599
