data/zism_data/00679_03_D.txt
ncols         224
nrows         224
[rows 112 to 139 of 224, columns 0 to 62 of 224]
1489.397 1488.86 1488.323 1487.786 1487.248 1486.698 1486.138 1485.579 1485.02 1484.487 1484.536 1484.584 1484.633 1484.682 1484.74 1484.808 1484.877 1484.945 1485.014 1485.026 1485.031 1485.037 1485.043 1485.064 1485.112 1485.161 1485.209 1485.258 1485.228 1485.173 1485.119 1485.064 1484.959 1484.649 1484.339 1484.029 1483.718 1483.436 1483.17 1482.904 1482.638 1482.371 1482.085 1481.799 1481.513 1481.227 1481.045 1480.972 1480.9 1480.827 1480.754 1480.675 1480.596 1480.518 1480.439 1480.287 1480.001 1479.715 1479.43 1479.144 1478.943 1478.767 1478.591
1489.969 1489.335 1488.701 1488.067 1487.433 1486.845 1486.286 1485.726 1485.167 1484.634 1484.683 1484.732 1484.78 1484.829 1484.879 1484.932 1484.984 1485.036 1485.089 1485.119 1485.146 1485.173 1485.201 1485.235 1485.284 1485.333 1485.381 1485.43 1485.383 1485.307 1485.231 1485.155 1485.037 1484.748 1484.459 1484.171 1483.882 1483.611 1483.35 1483.09 1482.829 1482.568 1482.304 1482.039 1481.775 1481.51 1481.34 1481.267 1481.194 1481.121 1481.048 1480.95 1480.85 1480.749 1480.649 1480.491 1480.227 1479.962 1479.698 1479.433 1479.221 1479.023 1478.826
1490.54 1489.809 1489.079 1488.348 1487.618 1486.992 1486.433 1485.873 1485.314 1484.781 1484.83 1484.879 1484.927 1484.976 1485.019 1485.055 1485.091 1485.128 1485.164 1485.212 1485.26 1485.309 1485.358 1485.407 1485.456 1485.504 1485.553 1485.602 1485.538 1485.441 1485.343 1485.246 1485.115 1484.848 1484.58 1484.313 1484.046 1483.786 1483.531 1483.276 1483.02 1482.766 1482.523 1482.28 1482.037 1481.794 1481.634 1481.561 1481.488 1481.415 1481.342 1481.224 1481.103 1480.981 1480.859 1480.695 1480.452 1480.209 1479.966 1479.723 1479.499 1479.28 1479.061
1491.111 1490.284 1489.457 1488.629 1487.802 1487.139 1486.58 1486.021 1485.461 1484.929 1484.977 1485.026 1485.075 1485.123 1485.158 1485.179 1485.199 1485.219 1485.239 1485.305 1485.375 1485.445 1485.516 1485.579 1485.627 1485.676 1485.725 1485.773 1485.693 1485.574 1485.456 1485.337 1485.193 1484.947 1484.701 1484.455 1484.209 1483.961 1483.711 1483.461 1483.211 1482.963 1482.742 1482.52 1482.299 1482.077 1481.929 1481.856 1481.783 1481.71 1481.637 1481.499 1481.356 1481.213 1481.069 1480.899 1480.677 1480.456 1480.234 1480.013 1479.776 1479.536 1479.295
1491.682 1490.758 1489.834 1488.911 1487.987 1487.286 1486.727 1486.168 1485.609 1485.076 1485.125 1485.173 1485.222 1485.27 1485.298 1485.302 1485.306 1485.31 1485.314 1485.398 1485.49 1485.581 1485.673 1485.751 1485.799 1485.848 1485.896 1485.945 1485.849 1485.708 1485.568 1485.427 1485.27 1485.046 1484.822 1484.598 1484.373 1484.136 1483.892 1483.647 1483.403 1483.161 1482.961 1482.761 1482.561 1482.361 1482.223 1482.15 1482.077 1482.004 1481.931 1481.774 1481.609 1481.444 1481.279 1481.102 1480.902 1480.702 1480.502 1480.302 1480.054 1479.792 1479.53
1492.264 1491.304 1490.344 1489.383 1488.423 1487.676 1487.065 1486.454 1485.842 1485.259 1485.3 1485.341 1485.381 1485.422 1485.443 1485.443 1485.443 1485.443 1485.443 1485.517 1485.598 1485.679 1485.76 1485.828 1485.869 1485.909 1485.95 1485.99 1485.907 1485.785 1485.663 1485.541 1485.402 1485.196 1484.989 1484.782 1484.575 1484.34 1484.089 1483.838 1483.587 1483.339 1483.14 1482.942 1482.743 1482.545 1482.413 1482.352 1482.292 1482.231 1482.17 1482.001 1481.823 1481.644 1481.466 1481.281 1481.082 1480.884 1480.685 1480.487 1480.25 1480.002 1479.755
1492.85 1491.874 1490.897 1489.921 1488.944 1488.149 1487.468 1486.786 1486.105 1485.455 1485.485 1485.515 1485.545 1485.575 1485.59 1485.59 1485.59 1485.59 1485.59 1485.644 1485.704 1485.764 1485.824 1485.874 1485.903 1485.933 1485.963 1485.993 1485.931 1485.842 1485.752 1485.662 1485.553 1485.362 1485.171 1484.981 1484.79 1484.554 1484.292 1484.031 1483.769 1483.51 1483.306 1483.102 1482.898 1482.695 1482.568 1482.524 1482.479 1482.434 1482.389 1482.212 1482.023 1481.834 1481.645 1481.451 1481.247 1481.043 1480.839 1480.635 1480.418 1480.198 1479.977
1493.436 1492.443 1491.451 1490.458 1489.466 1488.621 1487.87 1487.119 1486.368 1485.651 1485.67 1485.689 1485.708 1485.728 1485.738 1485.738 1485.738 1485.738 1485.738 1485.772 1485.811 1485.849 1485.887 1485.919 1485.938 1485.957 1485.976 1485.995 1485.956 1485.899 1485.841 1485.784 1485.703 1485.529 1485.354 1485.179 1485.005 1484.769 1484.496 1484.223 1483.951 1483.682 1483.472 1483.263 1483.054 1482.844 1482.724 1482.695 1482.666 1482.637 1482.609 1482.423 1482.223 1482.023 1481.824 1481.62 1481.411 1481.202 1480.993 1480.783 1480.586 1480.392 1480.199
1494.022 1493.013 1492.004 1490.996 1489.987 1489.094 1488.273 1487.452 1486.631 1485.847 1485.855 1485.864 1485.872 1485.88 1485.885 1485.885 1485.885 1485.885 1485.885 1485.9 1485.917 1485.934 1485.95 1485.964 1485.973 1485.981 1485.99 1485.998 1485.981 1485.955 1485.93 1485.905 1485.854 1485.695 1485.536 1485.378 1485.219 1484.983 1484.699 1484.416 1484.132 1483.853 1483.638 1483.424 1483.209 1482.995 1482.879 1482.866 1482.853 1482.841 1482.828 1482.634 1482.423 1482.213 1482.002 1481.79 1481.576 1481.361 1481.146 1480.932 1480.754 1480.588 1480.421
1494.436 1493.432 1492.428 1491.424 1490.42 1489.504 1488.642 1487.781 1486.92 1486.096 1486.09 1486.084 1486.078 1486.072 1486.067 1486.063 1486.058 1486.053 1486.048 1486.048 1486.048 1486.048 1486.048 1486.048 1486.048 1486.048 1486.048 1486.048 1486.04 1486.029 1486.019 1486.008 1485.971 1485.825 1485.679 1485.533 1485.388 1485.155 1484.87 1484.585 1484.3 1484.02 1483.812 1483.603 1483.395 1483.186 1483.075 1483.066 1483.057 1483.047 1483.038 1482.837 1482.62 1482.402 1482.184 1481.966 1481.749 1481.531 1481.313 1481.096 1480.933 1480.786 1480.639
1494.229 1493.306 1492.383 1491.46 1490.536 1489.691 1488.894 1488.097 1487.3 1486.536 1486.504 1486.471 1486.438 1486.405 1486.376 1486.35 1486.324 1486.297 1486.271 1486.269 1486.269 1486.269 1486.269 1486.269 1486.269 1486.269 1486.269 1486.269 1486.224 1486.165 1486.106 1486.047 1485.971 1485.825 1485.679 1485.533 1485.388 1485.175 1484.922 1484.67 1484.417 1484.17 1484.01 1483.85 1483.69 1483.53 1483.422 1483.37 1483.318 1483.266 1483.213 1483.014 1482.802 1482.589 1482.377 1482.165 1481.952 1481.74 1481.528 1481.315 1481.15 1480.997 1480.845
1494.023 1493.181 1492.338 1491.495 1490.652 1489.877 1489.145 1488.412 1487.68 1486.977 1486.917 1486.858 1486.798 1486.739 1486.685 1486.637 1486.589 1486.542 1486.494 1486.49 1486.49 1486.49 1486.49 1486.49 1486.49 1486.49 1486.49 1486.49 1486.407 1486.3 1486.193 1486.086 1485.971 1485.825 1485.679 1485.533 1485.388 1485.195 1484.975 1484.754 1484.534 1484.32 1484.208 1484.097 1483.985 1483.873 1483.769 1483.674 1483.579 1483.484 1483.388 1483.191 1482.984 1482.777 1482.57 1482.363 1482.156 1481.949 1481.742 1481.535 1481.366 1481.208 1481.051
1493.817 1493.055 1492.293 1491.531 1490.769 1490.064 1489.396 1488.728 1488.06 1487.417 1487.331 1487.244 1487.158 1487.072 1486.993 1486.924 1486.855 1486.786 1486.717 1486.71 1486.71 1486.71 1486.71 1486.71 1486.71 1486.71 1486.71 1486.71 1486.591 1486.436 1486.28 1486.125 1485.971 1485.825 1485.679 1485.533 1485.388 1485.215 1485.027 1484.839 1484.651 1484.47 1484.407 1484.343 1484.28 1484.216 1484.116 1483.978 1483.84 1483.702 1483.564 1483.367 1483.166 1482.964 1482.762 1482.561 1482.359 1482.158 1481.956 1481.755 1481.583 1481.42 1481.257
1493.611 1492.93 1492.248 1491.566 1490.885 1490.251 1489.647 1489.043 1488.44 1487.857 1487.744 1487.631 1487.518 1487.405 1487.302 1487.212 1487.121 1487.03 1486.94 1486.931 1486.931 1486.931 1486.931 1486.931 1486.931 1486.931 1486.931 1486.931 1486.775 1486.571 1486.367 1486.164 1485.971 1485.825 1485.679 1485.533 1485.388 1485.235 1485.079 1484.924 1484.768 1484.62 1484.605 1484.59 1484.575 1484.56 1484.464 1484.282 1484.101 1483.92 1483.739 1483.544 1483.348 1483.151 1482.955 1482.759 1482.563 1482.367 1482.17 1481.974 1481.8 1481.631 1481.462
1493.35 1492.727 1492.104 1491.48 1490.857 1490.292 1489.764 1489.236 1488.708 1488.197 1488.06 1487.924 1487.788 1487.651 1487.54 1487.458 1487.375 1487.293 1487.21 1487.193 1487.182 1487.17 1487.159 1487.145 1487.122 1487.1 1487.078 1487.056 1486.9 1486.703 1486.507 1486.31 1486.123 1485.977 1485.831 1485.686 1485.54 1485.396 1485.254 1485.112 1484.969 1484.835 1484.82 1484.805 1484.79 1484.776 1484.684 1484.511 1484.339 1484.167 1483.994 1483.795 1483.593 1483.391 1483.189 1482.988 1482.79 1482.592 1482.394 1482.195 1482.022 1481.855 1481.689
1493.065 1492.49 1491.915 1491.34 1490.765 1490.268 1489.82 1489.373 1488.925 1488.49 1488.332 1488.174 1488.017 1487.859 1487.747 1487.686 1487.625 1487.564 1487.503 1487.472 1487.445 1487.418 1487.391 1487.354 1487.3 1487.246 1487.191 1487.137 1486.998 1486.834 1486.669 1486.505 1486.344 1486.198 1486.052 1485.906 1485.76 1485.62 1485.483 1485.347 1485.21 1485.079 1485.043 1485.006 1484.97 1484.934 1484.847 1484.707 1484.566 1484.426 1484.286 1484.079 1483.867 1483.654 1483.441 1483.232 1483.028 1482.825 1482.621 1482.417 1482.247 1482.086 1481.925
1492.779 1492.252 1491.726 1491.199 1490.672 1490.244 1489.877 1489.51 1489.142 1488.784 1488.604 1488.425 1488.246 1488.066 1487.953 1487.914 1487.874 1487.835 1487.795 1487.752 1487.709 1487.666 1487.622 1487.565 1487.478 1487.391 1487.305 1487.218 1487.096 1486.964 1486.832 1486.7 1486.565 1486.419 1486.273 1486.127 1485.981 1485.844 1485.713 1485.581 1485.45 1485.323 1485.265 1485.207 1485.15 1485.092 1485.01 1484.902 1484.794 1484.686 1484.578 1484.364 1484.14 1483.917 1483.694 1483.475 1483.266 1483.057 1482.848 1482.639 1482.472 1482.316 1482.16
1492.494 1492.015 1491.537 1491.059 1490.58 1490.219 1489.933 1489.646 1489.36 1489.077 1488.876 1488.675 1488.475 1488.274 1488.16 1488.142 1488.124 1488.106 1488.088 1488.032 1487.973 1487.913 1487.854 1487.775 1487.656 1487.537 1487.418 1487.299 1487.195 1487.095 1486.995 1486.895 1486.786 1486.64 1486.494 1486.348 1486.202 1486.068 1485.943 1485.816 1485.69 1485.567 1485.488 1485.409 1485.329 1485.25 1485.172 1485.097 1485.021 1484.945 1484.87 1484.648 1484.414 1484.18 1483.946 1483.719 1483.504 1483.29 1483.076 1482.861 1482.697 1482.547 1482.396
1492.232 1491.804 1491.377 1490.95 1490.522 1490.224 1490.008 1489.792 1489.575 1489.359 1489.143 1488.926 1488.71 1488.494 1488.378 1488.373 1488.367 1488.362 1488.357 1488.293 1488.223 1488.152 1488.082 1487.985 1487.837 1487.688 1487.54 1487.391 1487.303 1487.232 1487.162 1487.092 1487.007 1486.867 1486.726 1486.585 1486.444 1486.313 1486.188 1486.063 1485.938 1485.815 1485.721 1485.628 1485.534 1485.44 1485.365 1485.311 1485.256 1485.201 1485.147 1484.92 1484.677 1484.435 1484.193 1483.958 1483.74 1483.521 1483.302 1483.083 1482.921 1482.775 1482.629
1492.096 1491.733 1491.37 1491.007 1490.644 1490.381 1490.181 1489.981 1489.781 1489.58 1489.38 1489.18 1488.98 1488.78 1488.657 1488.62 1488.582 1488.545 1488.507 1488.455 1488.401 1488.346 1488.292 1488.201 1488.036 1487.872 1487.707 1487.542 1487.462 1487.408 1487.354 1487.3 1487.235 1487.126 1487.017 1486.909 1486.8 1486.668 1486.521 1486.375 1486.229 1486.086 1486.014 1485.942 1485.869 1485.797 1485.715 1485.623 1485.53 1485.438 1485.346 1485.121 1484.884 1484.647 1484.41 1484.179 1483.96 1483.742 1483.523 1483.304 1483.142 1482.996 1482.85
1491.961 1491.662 1491.364 1491.065 1490.767 1490.538 1490.354 1490.17 1489.986 1489.802 1489.618 1489.434 1489.25 1489.066 1488.936 1488.866 1488.797 1488.727 1488.658 1488.617 1488.578 1488.54 1488.502 1488.416 1488.235 1488.055 1487.874 1487.693 1487.622 1487.584 1487.546 1487.507 1487.462 1487.385 1487.309 1487.233 1487.156 1487.023 1486.855 1486.687 1486.519 1486.358 1486.307 1486.256 1486.205 1486.154 1486.064 1485.935 1485.805 1485.675 1485.545 1485.322 1485.09 1484.859 1484.627 1484.4 1484.181 1483.962 1483.744 1483.525 1483.363 1483.217 1483.071
1491.826 1491.591 1491.357 1491.123 1490.889 1490.695 1490.527 1490.359 1490.192 1490.024 1489.856 1489.688 1489.52 1489.352 1489.215 1489.113 1489.012 1488.91 1488.808 1488.778 1488.756 1488.734 1488.712 1488.631 1488.435 1488.238 1488.041 1487.844 1487.781 1487.759 1487.737 1487.715 1487.689 1487.645 1487.601 1487.557 1487.512 1487.377 1487.188 1486.998 1486.809 1486.629 1486.599 1486.57 1486.54 1486.511 1486.414 1486.247 1486.079 1485.912 1485.745 1485.523 1485.297 1485.071 1484.845 1484.621 1484.402 1484.183 1483.964 1483.745 1483.584 1483.438 1483.292
1491.69 1491.52 1491.351 1491.181 1491.011 1490.852 1490.701 1490.549 1490.397 1490.245 1490.093 1489.941 1489.79 1489.638 1489.494 1489.36 1489.226 1489.092 1488.958 1488.94 1488.934 1488.928 1488.922 1488.847 1488.634 1488.421 1488.208 1487.995 1487.941 1487.935 1487.929 1487.923 1487.916 1487.904 1487.892 1487.88 1487.868 1487.732 1487.521 1487.31 1487.099 1486.9 1486.892 1486.884 1486.876 1486.868 1486.764 1486.559 1486.354 1486.149 1485.944 1485.724 1485.504 1485.283 1485.062 1484.842 1484.623 1484.404 1484.185 1483.966 1483.804 1483.659 1483.513
1491.69 1491.565 1491.439 1491.313 1491.188 1491.058 1490.926 1490.793 1490.661 1490.528 1490.375 1490.222 1490.07 1489.917 1489.774 1489.642 1489.509 1489.377 1489.245 1489.208 1489.18 1489.153 1489.126 1489.042 1488.843 1488.645 1488.446 1488.247 1488.191 1488.177 1488.164 1488.15 1488.137 1488.127 1488.117 1488.107 1488.097 1487.97 1487.775 1487.58 1487.385 1487.2 1487.187 1487.173 1487.16 1487.146 1487.032 1486.813 1486.594 1486.376 1486.157 1485.935 1485.713 1485.49 1485.268 1485.048 1484.833 1484.617 1484.402 1484.186 1484.033 1483.897 1483.762
1491.77 1491.676 1491.583 1491.49 1491.396 1491.292 1491.181 1491.07 1490.959 1490.846 1490.683 1490.519 1490.356 1490.193 1490.054 1489.943 1489.832 1489.721 1489.611 1489.537 1489.467 1489.397 1489.327 1489.224 1489.058 1488.891 1488.725 1488.559 1488.493 1488.458 1488.423 1488.388 1488.355 1488.329 1488.302 1488.276 1488.25 1488.141 1487.984 1487.826 1487.668 1487.518 1487.483 1487.448 1487.413 1487.378 1487.253 1487.034 1486.815 1486.596 1486.378 1486.151 1485.923 1485.695 1485.468 1485.246 1485.036 1484.826 1484.616 1484.406 1484.267 1484.147 1484.027
1491.849 1491.788 1491.727 1491.666 1491.604 1491.526 1491.437 1491.347 1491.258 1491.165 1490.99 1490.816 1490.642 1490.468 1490.334 1490.245 1490.155 1490.066 1489.977 1489.866 1489.753 1489.64 1489.527 1489.407 1489.273 1489.139 1489.004 1488.87 1488.796 1488.739 1488.683 1488.626 1488.573 1488.53 1488.488 1488.445 1488.403 1488.312 1488.192 1488.072 1487.952 1487.836 1487.779 1487.723 1487.666 1487.61 1487.474 1487.255 1487.036 1486.817 1486.598 1486.367 1486.134 1485.901 1485.668 1485.445 1485.24 1485.035 1484.83 1484.626 1484.5 1484.396 1484.293
1491.929 1491.9 1491.871 1491.842 1491.813 1491.76 1491.692 1491.624 1491.556 1491.483 1491.298 1491.113 1490.928 1490.744 1490.614 1490.546 1490.478 1490.41 1490.343 1490.195 1490.039 1489.883 1489.727 1489.589 1489.487 1489.385 1489.284 1489.182 1489.098 1489.02 1488.942 1488.864 1488.79 1488.732 1488.673 1488.615 1488.556 1488.483 1488.4 1488.318 1488.235 1488.153 1488.075 1487.997 1487.919 1487.841 1487.695 1487.476 1487.257 1487.038 1486.819 1486.582 1486.344 1486.106 1485.867 1485.643 1485.443 1485.244 1485.045 1484.845 1484.733 1484.646 1484.558
1492.013 1492.015 1492.017 1492.019 1492.022 1491.992 1491.942 1491.892 1491.843 1491.787 1491.594 1491.401 1491.208 1491.015 1490.89 1490.839 1490.788 1490.737 1490.687 1490.509 1490.317 1490.126 1489.935 1489.782 1489.707 1489.632 1489.557 1489.482 1489.391 1489.296 1489.201 1489.106 1489.015 1488.94 1488.865 1488.79 1488.715 1488.656 1488.607 1488.559 1488.51 1488.459 1488.362 1488.265 1488.169 1488.072 1487.916 1487.697 1487.479 1487.261 1487.042 1486.801 1486.558 1486.315 1486.072 1485.845 1485.65 1485.455 1485.26 1485.065 1484.964 1484.89 1484.815
