data/zism_data/00673_03_D.txt
ncols         224
nrows         224
[rows 84 to 111 of 224, columns 126 to 188 of 224]
1465.062 1463.907 1462.797 1461.687 1460.576 1459.471 1458.379 1457.286 1456.194 1455.102 1454.017 1452.934 1451.851 1450.768 1449.753 1449.027 1448.301 1447.576 1446.85 1446.263 1445.751 1445.239 1444.726 1444.213 1443.694 1443.174 1442.655 1442.135 1441.415 1440.548 1439.682 1438.815 1437.939 1436.855 1435.771 1434.687 1433.603 1432.521 1431.44 1430.359 1429.278 1428.198 1427.105 1426.012 1424.919 1423.826 1422.758 1421.724 1420.691 1419.657 1418.623 1417.862 1417.132 1416.403 1415.673 1414.941 1414.207 1413.472 1412.737 1412.002 1411.449 1410.935 1410.421
1466.165 1465.016 1463.914 1462.812 1461.709 1460.607 1459.505 1458.403 1457.3 1456.198 1455.096 1453.994 1452.891 1451.789 1450.745 1449.954 1449.162 1448.37 1447.578 1446.939 1446.381 1445.822 1445.264 1444.707 1444.162 1443.617 1443.072 1442.527 1441.795 1440.926 1440.057 1439.189 1438.311 1437.221 1436.132 1435.043 1433.954 1432.852 1431.736 1430.621 1429.505 1428.39 1427.262 1426.134 1425.005 1423.876 1422.782 1421.731 1420.68 1419.63 1418.579 1417.69 1416.819 1415.949 1415.078 1414.228 1413.414 1412.601 1411.787 1410.973 1410.367 1409.804 1409.242
1467.269 1466.118 1465.016 1463.914 1462.812 1461.709 1460.607 1459.505 1458.403 1457.3 1456.198 1455.096 1453.994 1452.891 1451.834 1450.972 1450.11 1449.249 1448.387 1447.688 1447.075 1446.463 1445.851 1445.242 1444.659 1444.076 1443.493 1442.911 1442.172 1441.319 1440.467 1439.614 1438.752 1437.679 1436.606 1435.533 1434.46 1433.358 1432.226 1431.095 1429.963 1428.832 1427.672 1426.511 1425.35 1424.189 1423.064 1421.986 1420.909 1419.831 1418.753 1417.711 1416.673 1415.635 1414.597 1413.605 1412.694 1411.783 1410.872 1409.961 1409.289 1408.667 1408.045
1468.374 1467.22 1466.118 1465.016 1463.914 1462.812 1461.709 1460.607 1459.505 1458.402 1457.3 1456.198 1455.096 1453.994 1452.923 1451.991 1451.059 1450.127 1449.195 1448.436 1447.77 1447.104 1446.437 1445.776 1445.156 1444.535 1443.915 1443.294 1442.548 1441.712 1440.876 1440.04 1439.194 1438.137 1437.08 1436.024 1434.967 1433.864 1432.716 1431.568 1430.421 1429.273 1428.081 1426.888 1425.694 1424.501 1423.346 1422.241 1421.137 1420.032 1418.927 1417.732 1416.527 1415.321 1414.116 1412.982 1411.974 1410.966 1409.958 1408.95 1408.211 1407.53 1406.849
1469.478 1468.323 1467.221 1466.118 1465.016 1463.914 1462.812 1461.709 1460.607 1459.505 1458.403 1457.3 1456.198 1455.096 1454.012 1453.01 1452.008 1451.005 1450.003 1449.185 1448.464 1447.744 1447.024 1446.311 1445.652 1444.994 1444.336 1443.677 1442.925 1442.105 1441.285 1440.465 1439.635 1438.595 1437.554 1436.514 1435.473 1434.37 1433.206 1432.042 1430.878 1429.714 1428.49 1427.265 1426.039 1424.813 1423.628 1422.497 1421.365 1420.233 1419.102 1417.753 1416.38 1415.008 1413.635 1412.359 1411.254 1410.148 1409.043 1407.938 1407.134 1406.393 1405.652
1470.46 1469.307 1468.209 1467.112 1466.014 1464.92 1463.837 1462.754 1461.671 1460.588 1459.493 1458.394 1457.295 1456.196 1455.104 1454.048 1452.992 1451.936 1450.88 1450.009 1449.238 1448.467 1447.696 1446.933 1446.24 1445.547 1444.854 1444.16 1443.401 1442.592 1441.784 1440.976 1440.158 1439.148 1438.137 1437.126 1436.115 1435.022 1433.851 1432.68 1431.509 1430.338 1429.078 1427.815 1426.552 1425.29 1424.064 1422.886 1421.708 1420.53 1419.352 1417.862 1416.336 1414.811 1413.286 1411.873 1410.657 1409.441 1408.225 1407.009 1406.149 1405.364 1404.578
1471.12 1469.981 1468.9 1467.818 1466.737 1465.673 1464.66 1463.648 1462.635 1461.622 1460.554 1459.466 1458.378 1457.289 1456.205 1455.138 1454.071 1453.004 1451.937 1451.034 1450.22 1449.406 1448.591 1447.788 1447.067 1446.347 1445.627 1444.907 1444.135 1443.327 1442.519 1441.71 1440.896 1439.95 1439.004 1438.058 1437.111 1436.059 1434.904 1433.749 1432.594 1431.439 1430.133 1428.821 1427.51 1426.199 1424.904 1423.628 1422.353 1421.078 1419.803 1418.201 1416.562 1414.923 1413.285 1411.746 1410.385 1409.023 1407.661 1406.3 1405.41 1404.619 1403.828
1471.781 1470.656 1469.59 1468.525 1467.46 1466.426 1465.484 1464.541 1463.599 1462.656 1461.615 1460.538 1459.46 1458.383 1457.305 1456.227 1455.149 1454.072 1452.994 1452.059 1451.202 1450.344 1449.487 1448.642 1447.894 1447.147 1446.4 1445.653 1444.87 1444.062 1443.254 1442.445 1441.634 1440.752 1439.871 1438.99 1438.108 1437.096 1435.958 1434.819 1433.68 1432.541 1431.188 1429.828 1428.468 1427.108 1425.743 1424.371 1422.998 1421.626 1420.253 1418.54 1416.788 1415.036 1413.283 1411.62 1410.113 1408.605 1407.098 1405.59 1404.67 1403.874 1403.078
1472.441 1471.33 1470.281 1469.232 1468.182 1467.179 1466.307 1465.435 1464.562 1463.69 1462.677 1461.61 1460.543 1459.476 1458.405 1457.317 1456.228 1455.139 1454.051 1453.085 1452.184 1451.283 1450.382 1449.496 1448.722 1447.947 1447.173 1446.399 1445.605 1444.797 1443.988 1443.18 1442.371 1441.555 1440.738 1439.922 1439.105 1438.133 1437.011 1435.888 1434.765 1433.643 1432.243 1430.834 1429.426 1428.018 1426.583 1425.113 1423.643 1422.174 1420.704 1418.879 1417.013 1415.148 1413.282 1411.494 1409.84 1408.187 1406.534 1404.881 1403.931 1403.13 1402.328
1473.101 1472.004 1470.971 1469.938 1468.905 1467.932 1467.13 1466.328 1465.526 1464.724 1463.738 1462.682 1461.626 1460.57 1459.505 1458.406 1457.307 1456.207 1455.108 1454.11 1453.166 1452.222 1451.277 1450.35 1449.549 1448.748 1447.946 1447.145 1446.34 1445.531 1444.723 1443.915 1443.109 1442.357 1441.605 1440.854 1440.102 1439.17 1438.064 1436.957 1435.851 1434.745 1433.298 1431.841 1430.384 1428.927 1427.422 1425.855 1424.289 1422.722 1421.155 1419.218 1417.239 1415.26 1413.281 1411.367 1409.568 1407.769 1405.97 1404.171 1403.192 1402.385 1401.578
1474.08 1472.966 1471.901 1470.837 1469.772 1468.776 1467.977 1467.177 1466.377 1465.577 1464.605 1463.568 1462.531 1461.494 1460.444 1459.342 1458.24 1457.137 1456.035 1455.044 1454.113 1453.182 1452.25 1451.335 1450.538 1449.742 1448.946 1448.149 1447.332 1446.5 1445.668 1444.836 1444.009 1443.298 1442.587 1441.876 1441.165 1440.255 1439.153 1438.051 1436.949 1435.847 1434.364 1432.871 1431.377 1429.884 1428.309 1426.629 1424.949 1423.269 1421.589 1419.618 1417.613 1415.609 1413.604 1411.66 1409.823 1407.986 1406.149 1404.312 1403.285 1402.429 1401.573
1475.171 1474.03 1472.916 1471.803 1470.69 1469.653 1468.831 1468.01 1467.188 1466.367 1465.405 1464.389 1463.374 1462.358 1461.326 1460.224 1459.121 1458.019 1456.917 1455.947 1455.048 1454.149 1453.25 1452.365 1451.585 1450.805 1450.025 1449.245 1448.416 1447.551 1446.686 1445.822 1444.965 1444.287 1443.608 1442.93 1442.251 1441.358 1440.255 1439.153 1438.051 1436.949 1435.435 1433.909 1432.383 1430.857 1429.213 1427.414 1425.615 1423.816 1422.018 1420.039 1418.04 1416.041 1414.042 1412.101 1410.264 1408.427 1406.59 1404.753 1403.673 1402.752 1401.831
1476.262 1475.093 1473.931 1472.769 1471.608 1470.529 1469.686 1468.843 1468.0 1467.157 1466.204 1465.21 1464.216 1463.222 1462.208 1461.105 1460.003 1458.901 1457.799 1456.85 1455.984 1455.117 1454.25 1453.396 1452.632 1451.868 1451.104 1450.34 1449.499 1448.602 1447.705 1446.808 1445.922 1445.276 1444.63 1443.984 1443.337 1442.46 1441.358 1440.255 1439.153 1438.051 1436.506 1434.948 1433.389 1431.831 1430.116 1428.199 1426.281 1424.364 1422.446 1420.46 1418.466 1416.473 1414.479 1412.542 1410.705 1408.868 1407.031 1405.194 1404.06 1403.074 1402.089
1477.354 1476.156 1474.946 1473.736 1472.525 1471.405 1470.54 1469.676 1468.811 1467.947 1467.004 1466.031 1465.059 1464.086 1463.089 1461.987 1460.885 1459.783 1458.681 1457.753 1456.919 1456.085 1455.251 1454.427 1453.679 1452.931 1452.183 1451.436 1450.583 1449.653 1448.724 1447.794 1446.879 1446.265 1445.651 1445.037 1444.424 1443.562 1442.46 1441.358 1440.255 1439.153 1437.577 1435.986 1434.395 1432.805 1431.02 1428.984 1426.947 1424.911 1422.874 1420.881 1418.893 1416.905 1414.917 1412.983 1411.146 1409.309 1407.472 1405.635 1404.448 1403.397 1402.346
1478.343 1477.124 1475.874 1474.625 1473.376 1472.22 1471.328 1470.437 1469.545 1468.653 1467.711 1466.749 1465.787 1464.825 1463.838 1462.743 1461.647 1460.551 1459.456 1458.55 1457.745 1456.939 1456.134 1455.338 1454.603 1453.868 1453.133 1452.398 1451.54 1450.593 1449.645 1448.697 1447.765 1447.16 1446.556 1445.952 1445.347 1444.487 1443.377 1442.267 1441.157 1440.047 1438.443 1436.824 1435.206 1433.587 1431.748 1429.622 1427.496 1425.371 1423.245 1421.265 1419.3 1417.336 1415.372 1413.456 1411.626 1409.795 1407.965 1406.134 1404.893 1403.775 1402.657
1478.931 1477.711 1476.462 1475.213 1473.964 1472.795 1471.855 1470.915 1469.974 1469.034 1468.055 1467.061 1466.066 1465.072 1464.065 1463.002 1461.938 1460.875 1459.812 1458.928 1458.139 1457.35 1456.561 1455.778 1455.044 1454.309 1453.574 1452.839 1452.003 1451.093 1450.183 1449.274 1448.374 1447.688 1447.003 1446.318 1445.632 1444.712 1443.565 1442.417 1441.269 1440.122 1438.506 1436.876 1435.247 1433.617 1431.784 1429.685 1427.587 1425.488 1423.39 1421.499 1419.632 1417.765 1415.898 1414.056 1412.258 1410.46 1408.661 1406.864 1405.565 1404.372 1403.179
1479.519 1478.299 1477.05 1475.801 1474.552 1473.37 1472.382 1471.393 1470.404 1469.415 1468.399 1467.372 1466.345 1465.319 1464.291 1463.26 1462.23 1461.199 1460.168 1459.306 1458.533 1457.76 1456.988 1456.219 1455.484 1454.75 1454.015 1453.28 1452.466 1451.594 1450.722 1449.85 1448.982 1448.216 1447.45 1446.683 1445.917 1444.938 1443.753 1442.567 1441.382 1440.196 1438.569 1436.929 1435.288 1433.648 1431.82 1429.749 1427.677 1425.605 1423.534 1421.733 1419.963 1418.193 1416.424 1414.655 1412.89 1411.124 1409.358 1407.593 1406.237 1404.969 1403.7
1480.107 1478.887 1477.638 1476.389 1475.14 1473.946 1472.908 1471.871 1470.833 1469.796 1468.743 1467.684 1466.625 1465.566 1464.518 1463.52 1462.521 1461.523 1460.524 1459.684 1458.927 1458.171 1457.414 1456.66 1455.925 1455.191 1454.456 1453.721 1452.929 1452.094 1451.26 1450.426 1449.591 1448.744 1447.897 1447.049 1446.202 1445.164 1443.941 1442.717 1441.494 1440.271 1438.632 1436.981 1435.33 1433.679 1431.856 1429.812 1427.767 1425.723 1423.678 1421.968 1420.295 1418.622 1416.95 1415.255 1413.522 1411.788 1410.055 1408.322 1406.91 1405.565 1404.221
1480.694 1479.475 1478.226 1476.977 1475.728 1474.521 1473.435 1472.349 1471.263 1470.177 1469.087 1467.995 1466.904 1465.812 1464.745 1463.778 1462.812 1461.846 1460.88 1460.062 1459.321 1458.581 1457.841 1457.101 1456.366 1455.631 1454.897 1454.162 1453.391 1452.595 1451.799 1451.002 1450.2 1449.272 1448.343 1447.415 1446.487 1445.39 1444.129 1442.867 1441.606 1440.345 1438.695 1437.033 1435.371 1433.709 1431.893 1429.875 1427.857 1425.84 1423.822 1422.202 1420.626 1419.051 1417.475 1415.854 1414.154 1412.453 1410.752 1409.051 1407.582 1406.162 1404.742
1480.756 1479.495 1478.21 1476.925 1475.64 1474.402 1473.3 1472.198 1471.095 1469.993 1468.901 1467.814 1466.726 1465.638 1464.575 1463.62 1462.665 1461.709 1460.754 1459.945 1459.214 1458.482 1457.751 1457.023 1456.317 1455.611 1454.905 1454.199 1453.45 1452.67 1451.889 1451.109 1450.32 1449.344 1448.367 1447.39 1446.413 1445.267 1443.957 1442.648 1441.338 1440.028 1438.401 1436.764 1435.128 1433.491 1431.713 1429.751 1427.789 1425.827 1423.865 1422.319 1420.819 1419.319 1417.819 1416.263 1414.609 1412.955 1411.301 1409.647 1408.183 1406.76 1405.336
1480.554 1479.232 1477.893 1476.553 1475.214 1473.937 1472.835 1471.732 1470.63 1469.528 1468.452 1467.385 1466.319 1465.253 1464.208 1463.252 1462.297 1461.342 1460.387 1459.581 1458.855 1458.129 1457.403 1456.685 1456.022 1455.359 1454.696 1454.034 1453.306 1452.531 1451.756 1450.982 1450.197 1449.187 1448.178 1447.169 1446.159 1444.97 1443.607 1442.243 1440.879 1439.516 1437.929 1436.335 1434.741 1433.148 1431.425 1429.533 1427.642 1425.75 1423.858 1422.377 1420.942 1419.507 1418.072 1416.577 1414.977 1413.377 1411.777 1410.177 1408.749 1407.358 1405.967
1480.352 1478.968 1477.575 1476.182 1474.789 1473.472 1472.369 1471.267 1470.165 1469.062 1468.002 1466.957 1465.913 1464.868 1463.84 1462.885 1461.93 1460.974 1460.019 1459.217 1458.497 1457.776 1457.056 1456.347 1455.727 1455.108 1454.488 1453.869 1453.162 1452.393 1451.623 1450.854 1450.073 1449.031 1447.989 1446.948 1445.906 1444.673 1443.256 1441.838 1440.42 1439.003 1437.456 1435.906 1434.355 1432.805 1431.137 1429.315 1427.494 1425.673 1423.851 1422.435 1421.065 1419.695 1418.324 1416.89 1415.344 1413.798 1412.252 1410.706 1409.315 1407.956 1406.597
1480.15 1478.705 1477.258 1475.811 1474.363 1473.006 1471.904 1470.802 1469.699 1468.597 1467.552 1466.529 1465.506 1464.483 1463.473 1462.518 1461.562 1460.607 1459.652 1458.853 1458.138 1457.423 1456.708 1456.009 1455.433 1454.856 1454.28 1453.703 1453.018 1452.254 1451.49 1450.726 1449.949 1448.875 1447.801 1446.726 1445.652 1444.377 1442.905 1441.433 1439.962 1438.49 1436.984 1435.477 1433.969 1432.462 1430.849 1429.098 1427.347 1425.595 1423.844 1422.493 1421.188 1419.882 1418.577 1417.204 1415.712 1414.22 1412.728 1411.235 1409.88 1408.554 1407.227
1479.871 1478.374 1476.885 1475.396 1473.907 1472.517 1471.408 1470.3 1469.191 1468.082 1467.047 1466.04 1465.033 1464.026 1463.029 1462.073 1461.118 1460.163 1459.208 1458.417 1457.715 1457.012 1456.309 1455.626 1455.085 1454.545 1454.005 1453.465 1452.799 1452.042 1451.286 1450.53 1449.758 1448.656 1447.553 1446.451 1445.349 1444.038 1442.525 1441.012 1439.499 1437.986 1436.522 1435.058 1433.595 1432.132 1430.573 1428.889 1427.205 1425.521 1423.837 1422.544 1421.295 1420.046 1418.797 1417.478 1416.039 1414.599 1413.16 1411.72 1410.399 1409.102 1407.805
1479.077 1477.596 1476.145 1474.693 1473.242 1471.867 1470.71 1469.553 1468.396 1467.238 1466.174 1465.146 1464.117 1463.088 1462.073 1461.118 1460.163 1459.208 1458.252 1457.501 1456.858 1456.214 1455.571 1454.938 1454.387 1453.836 1453.285 1452.734 1452.077 1451.342 1450.607 1449.872 1449.121 1448.019 1446.917 1445.814 1444.712 1443.423 1441.953 1440.484 1439.014 1437.544 1436.128 1434.713 1433.299 1431.884 1430.373 1428.738 1427.103 1425.468 1423.832 1422.544 1421.295 1420.046 1418.797 1417.494 1416.098 1414.702 1413.305 1411.909 1410.604 1409.318 1408.032
1478.283 1476.818 1475.404 1473.991 1472.577 1471.218 1470.012 1468.806 1467.6 1466.394 1465.301 1464.251 1463.201 1462.151 1461.118 1460.163 1459.208 1458.252 1457.297 1456.584 1456.0 1455.417 1454.833 1454.251 1453.69 1453.128 1452.566 1452.004 1451.354 1450.641 1449.928 1449.214 1448.484 1447.382 1446.28 1445.177 1444.075 1442.808 1441.382 1439.955 1438.529 1437.102 1435.734 1434.368 1433.002 1431.636 1430.174 1428.587 1427.001 1425.414 1423.828 1422.544 1421.295 1420.046 1418.797 1417.51 1416.157 1414.804 1413.45 1412.097 1410.809 1409.533 1408.258
1477.489 1476.04 1474.664 1473.288 1471.912 1470.568 1469.314 1468.059 1466.805 1465.551 1464.428 1463.357 1462.285 1461.213 1460.163 1459.208 1458.252 1457.297 1456.342 1455.668 1455.143 1454.619 1454.094 1453.564 1452.992 1452.419 1451.846 1451.274 1450.632 1449.94 1449.249 1448.557 1447.848 1446.745 1445.643 1444.541 1443.438 1442.193 1440.81 1439.427 1438.043 1436.66 1435.34 1434.023 1432.706 1431.388 1429.975 1428.437 1426.899 1425.361 1423.823 1422.544 1421.295 1420.046 1418.797 1417.525 1416.215 1414.906 1413.596 1412.286 1411.013 1409.749 1408.484
1476.695 1475.261 1473.923 1472.585 1471.248 1469.919 1468.616 1467.313 1466.01 1464.707 1463.555 1462.462 1461.369 1460.275 1459.208 1458.252 1457.297 1456.342 1455.387 1454.751 1454.286 1453.821 1453.356 1452.877 1452.294 1451.71 1451.127 1450.543 1449.91 1449.24 1448.57 1447.9 1447.211 1446.108 1445.006 1443.904 1442.802 1441.578 1440.238 1438.898 1437.558 1436.218 1434.947 1433.678 1432.409 1431.14 1429.775 1428.286 1426.797 1425.307 1423.818 1422.544 1421.295 1420.046 1418.797 1417.541 1416.274 1415.008 1413.741 1412.474 1411.218 1409.965 1408.711
