data/zism_data/00677_01_D.txt
ncols         224
nrows         224
[rows 168 to 195 of 224, columns 63 to 125 of 224]
1167.748 1167.816 1167.883 1167.951 1168.057 1168.262 1168.468 1168.673 1168.879 1169.158 1169.465 1169.772 1170.08 1170.359 1170.505 1170.652 1170.798 1170.945 1171.228 1171.594 1171.961 1172.327 1172.688 1172.981 1173.274 1173.567 1173.86 1174.115 1174.334 1174.554 1174.774 1174.994 1175.241 1175.489 1175.737 1175.985 1176.252 1176.545 1176.838 1177.131 1177.424 1177.756 1178.094 1178.432 1178.77 1179.06 1179.249 1179.438 1179.627 1179.816 1180.109 1180.432 1180.756 1181.08 1181.375 1181.563 1181.752 1181.941 1182.13 1182.409 1182.733 1183.057 1183.38
1167.823 1167.87 1167.918 1167.966 1168.062 1168.285 1168.509 1168.732 1168.955 1169.228 1169.518 1169.809 1170.099 1170.364 1170.51 1170.655 1170.8 1170.945 1171.228 1171.594 1171.961 1172.327 1172.688 1172.981 1173.274 1173.567 1173.86 1174.115 1174.334 1174.554 1174.774 1174.994 1175.212 1175.429 1175.647 1175.865 1176.115 1176.41 1176.705 1177.0 1177.295 1177.647 1178.008 1178.368 1178.729 1179.023 1179.175 1179.327 1179.479 1179.631 1179.948 1180.314 1180.68 1181.047 1181.365 1181.512 1181.658 1181.805 1181.951 1182.243 1182.608 1182.973 1183.338
1167.863 1167.9 1167.936 1167.973 1168.07 1168.326 1168.581 1168.837 1169.093 1169.358 1169.627 1169.896 1170.165 1170.411 1170.546 1170.68 1170.815 1170.949 1171.228 1171.594 1171.961 1172.327 1172.688 1172.981 1173.274 1173.567 1173.86 1174.115 1174.334 1174.554 1174.774 1174.994 1175.196 1175.398 1175.6 1175.802 1176.049 1176.36 1176.671 1176.982 1177.293 1177.605 1177.918 1178.23 1178.543 1178.819 1179.02 1179.22 1179.42 1179.62 1179.948 1180.314 1180.68 1181.047 1181.365 1181.512 1181.658 1181.805 1181.951 1182.236 1182.59 1182.945 1183.299
1167.902 1167.929 1167.955 1167.981 1168.079 1168.367 1168.654 1168.942 1169.23 1169.488 1169.736 1169.984 1170.232 1170.458 1170.582 1170.706 1170.829 1170.953 1171.228 1171.594 1171.961 1172.327 1172.688 1172.981 1173.274 1173.567 1173.86 1174.115 1174.334 1174.554 1174.774 1174.994 1175.18 1175.366 1175.552 1175.738 1175.983 1176.31 1176.637 1176.964 1177.291 1177.563 1177.828 1178.092 1178.357 1178.616 1178.864 1179.112 1179.361 1179.609 1179.948 1180.314 1180.68 1181.047 1181.365 1181.512 1181.658 1181.805 1181.951 1182.229 1182.573 1182.916 1183.26
1167.942 1167.958 1167.973 1167.989 1168.088 1168.408 1168.727 1169.047 1169.367 1169.619 1169.845 1170.072 1170.298 1170.505 1170.618 1170.731 1170.844 1170.957 1171.228 1171.594 1171.961 1172.327 1172.688 1172.981 1173.274 1173.567 1173.86 1174.115 1174.334 1174.554 1174.774 1174.994 1175.165 1175.335 1175.504 1175.674 1175.917 1176.26 1176.603 1176.946 1177.289 1177.521 1177.738 1177.954 1178.171 1178.412 1178.709 1179.005 1179.302 1179.598 1179.948 1180.314 1180.68 1181.047 1181.365 1181.512 1181.658 1181.805 1181.951 1182.222 1182.555 1182.888 1183.221
1167.982 1167.987 1167.992 1167.996 1168.097 1168.449 1168.8 1169.152 1169.504 1169.749 1169.954 1170.159 1170.364 1170.551 1170.654 1170.756 1170.859 1170.961 1171.228 1171.594 1171.961 1172.327 1172.688 1172.981 1173.274 1173.567 1173.86 1174.115 1174.334 1174.554 1174.774 1174.994 1175.149 1175.303 1175.457 1175.61 1175.851 1176.21 1176.568 1176.927 1177.286 1177.48 1177.648 1177.816 1177.984 1178.209 1178.553 1178.898 1179.242 1179.587 1179.948 1180.314 1180.68 1181.047 1181.365 1181.512 1181.658 1181.805 1181.951 1182.215 1182.537 1182.859 1183.182
1168.022 1168.048 1168.074 1168.101 1168.213 1168.553 1168.893 1169.233 1169.573 1169.817 1170.024 1170.231 1170.438 1170.628 1170.741 1170.853 1170.965 1171.078 1171.332 1171.672 1172.011 1172.351 1172.688 1172.981 1173.274 1173.567 1173.86 1174.115 1174.334 1174.554 1174.774 1174.994 1175.142 1175.289 1175.435 1175.582 1175.821 1176.187 1176.553 1176.919 1177.286 1177.461 1177.607 1177.754 1177.9 1178.117 1178.483 1178.849 1179.215 1179.582 1179.941 1180.299 1180.656 1181.014 1181.327 1181.482 1181.638 1181.793 1181.948 1182.204 1182.51 1182.815 1183.121
1168.062 1168.136 1168.21 1168.285 1168.419 1168.711 1169.003 1169.294 1169.586 1169.832 1170.061 1170.289 1170.517 1170.73 1170.869 1171.008 1171.147 1171.286 1171.521 1171.812 1172.104 1172.396 1172.688 1172.981 1173.274 1173.567 1173.86 1174.115 1174.334 1174.554 1174.774 1174.994 1175.142 1175.289 1175.435 1175.582 1175.821 1176.187 1176.553 1176.919 1177.286 1177.461 1177.607 1177.754 1177.9 1178.117 1178.483 1178.849 1179.215 1179.582 1179.929 1180.27 1180.612 1180.953 1181.258 1181.429 1181.6 1181.772 1181.943 1182.19 1182.474 1182.758 1183.043
1168.101 1168.224 1168.346 1168.469 1168.625 1168.868 1169.112 1169.356 1169.599 1169.848 1170.097 1170.347 1170.597 1170.832 1170.998 1171.164 1171.329 1171.495 1171.709 1171.953 1172.197 1172.441 1172.688 1172.981 1173.274 1173.567 1173.86 1174.115 1174.334 1174.554 1174.774 1174.994 1175.142 1175.289 1175.435 1175.582 1175.821 1176.187 1176.553 1176.919 1177.286 1177.461 1177.607 1177.754 1177.9 1178.117 1178.483 1178.849 1179.215 1179.582 1179.917 1180.242 1180.567 1180.893 1181.188 1181.376 1181.563 1181.75 1181.938 1182.175 1182.438 1182.701 1182.964
1168.141 1168.312 1168.482 1168.653 1168.83 1169.026 1169.221 1169.417 1169.613 1169.863 1170.134 1170.405 1170.677 1170.934 1171.126 1171.319 1171.511 1171.704 1171.898 1172.094 1172.29 1172.485 1172.688 1172.981 1173.274 1173.567 1173.86 1174.115 1174.334 1174.554 1174.774 1174.994 1175.142 1175.289 1175.435 1175.582 1175.821 1176.187 1176.553 1176.919 1177.286 1177.461 1177.607 1177.754 1177.9 1178.117 1178.483 1178.849 1179.215 1179.582 1179.904 1180.214 1180.523 1180.832 1181.119 1181.322 1181.526 1181.729 1181.932 1182.161 1182.403 1182.644 1182.886
1168.181 1168.399 1168.618 1168.837 1169.036 1169.183 1169.331 1169.479 1169.626 1169.879 1170.171 1170.464 1170.756 1171.036 1171.255 1171.474 1171.693 1171.913 1172.087 1172.235 1172.382 1172.53 1172.688 1172.981 1173.274 1173.567 1173.86 1174.115 1174.334 1174.554 1174.774 1174.994 1175.142 1175.289 1175.435 1175.582 1175.821 1176.187 1176.553 1176.919 1177.286 1177.461 1177.607 1177.754 1177.9 1178.117 1178.483 1178.849 1179.215 1179.582 1179.892 1180.185 1180.479 1180.772 1181.049 1181.269 1181.488 1181.708 1181.927 1182.147 1182.367 1182.587 1182.807
1168.564 1168.815 1169.066 1169.318 1169.528 1169.633 1169.738 1169.842 1169.947 1170.139 1170.364 1170.589 1170.814 1171.038 1171.258 1171.478 1171.698 1171.917 1172.091 1172.238 1172.384 1172.531 1172.688 1172.981 1173.274 1173.567 1173.86 1174.115 1174.334 1174.554 1174.774 1174.994 1175.142 1175.289 1175.435 1175.582 1175.821 1176.187 1176.553 1176.919 1177.286 1177.461 1177.607 1177.754 1177.9 1178.117 1178.483 1178.849 1179.215 1179.582 1179.868 1180.129 1180.391 1180.653 1180.912 1181.163 1181.414 1181.665 1181.916 1182.136 1182.34 1182.544 1182.748
1168.955 1169.239 1169.522 1169.805 1170.027 1170.089 1170.151 1170.213 1170.275 1170.405 1170.56 1170.716 1170.871 1171.038 1171.258 1171.478 1171.698 1171.917 1172.091 1172.238 1172.384 1172.531 1172.688 1172.981 1173.274 1173.567 1173.86 1174.115 1174.334 1174.554 1174.774 1174.994 1175.142 1175.289 1175.435 1175.582 1175.821 1176.187 1176.553 1176.919 1177.286 1177.461 1177.607 1177.754 1177.9 1178.117 1178.483 1178.849 1179.215 1179.582 1179.843 1180.073 1180.302 1180.532 1180.773 1181.056 1181.339 1181.622 1181.906 1182.125 1182.313 1182.501 1182.689
1169.347 1169.662 1169.977 1170.292 1170.526 1170.545 1170.564 1170.584 1170.603 1170.671 1170.757 1170.843 1170.929 1171.038 1171.258 1171.478 1171.698 1171.917 1172.091 1172.238 1172.384 1172.531 1172.688 1172.981 1173.274 1173.567 1173.86 1174.115 1174.334 1174.554 1174.774 1174.994 1175.142 1175.289 1175.435 1175.582 1175.821 1176.187 1176.553 1176.919 1177.286 1177.461 1177.607 1177.754 1177.9 1178.117 1178.483 1178.849 1179.215 1179.582 1179.818 1180.016 1180.213 1180.411 1180.634 1180.949 1181.265 1181.58 1181.895 1182.115 1182.287 1182.459 1182.631
1169.738 1170.085 1170.432 1170.78 1171.025 1171.001 1170.978 1170.954 1170.931 1170.936 1170.953 1170.97 1170.986 1171.038 1171.258 1171.478 1171.698 1171.917 1172.091 1172.238 1172.384 1172.531 1172.688 1172.981 1173.274 1173.567 1173.86 1174.115 1174.334 1174.554 1174.774 1174.994 1175.142 1175.289 1175.435 1175.582 1175.821 1176.187 1176.553 1176.919 1177.286 1177.461 1177.607 1177.754 1177.9 1178.117 1178.483 1178.849 1179.215 1179.582 1179.794 1179.959 1180.125 1180.29 1180.495 1180.842 1181.19 1181.537 1181.884 1182.104 1182.26 1182.416 1182.572
1170.208 1170.55 1170.892 1171.234 1171.467 1171.409 1171.351 1171.294 1171.236 1171.201 1171.175 1171.148 1171.121 1171.135 1171.339 1171.544 1171.748 1171.953 1172.121 1172.268 1172.414 1172.561 1172.717 1173.004 1173.29 1173.577 1173.863 1174.115 1174.334 1174.554 1174.774 1174.994 1175.142 1175.289 1175.435 1175.582 1175.821 1176.187 1176.553 1176.919 1177.286 1177.461 1177.607 1177.754 1177.9 1178.117 1178.483 1178.849 1179.215 1179.582 1179.777 1179.922 1180.066 1180.21 1180.399 1180.748 1181.097 1181.446 1181.794 1182.013 1182.166 1182.319 1182.472
1170.791 1171.075 1171.358 1171.642 1171.825 1171.746 1171.667 1171.589 1171.51 1171.465 1171.433 1171.401 1171.369 1171.372 1171.539 1171.706 1171.873 1172.04 1172.194 1172.341 1172.487 1172.634 1172.789 1173.059 1173.33 1173.6 1173.871 1174.115 1174.334 1174.554 1174.774 1174.994 1175.142 1175.289 1175.435 1175.582 1175.821 1176.187 1176.553 1176.919 1177.286 1177.461 1177.607 1177.754 1177.9 1178.117 1178.483 1178.849 1179.215 1179.582 1179.773 1179.912 1180.051 1180.19 1180.366 1180.672 1180.978 1181.284 1181.59 1181.804 1181.974 1182.143 1182.312
1171.375 1171.6 1171.824 1172.049 1172.184 1172.084 1171.984 1171.883 1171.783 1171.728 1171.691 1171.654 1171.617 1171.608 1171.738 1171.868 1171.997 1172.127 1172.267 1172.414 1172.56 1172.707 1172.861 1173.115 1173.37 1173.624 1173.878 1174.115 1174.334 1174.554 1174.774 1174.994 1175.142 1175.289 1175.435 1175.582 1175.821 1176.187 1176.553 1176.919 1177.286 1177.461 1177.607 1177.754 1177.9 1178.117 1178.483 1178.849 1179.215 1179.582 1179.769 1179.903 1180.036 1180.17 1180.332 1180.595 1180.859 1181.122 1181.385 1181.596 1181.781 1181.966 1182.152
1171.959 1172.125 1172.291 1172.456 1172.543 1172.422 1172.3 1172.178 1172.056 1171.992 1171.949 1171.907 1171.864 1171.845 1171.937 1172.029 1172.122 1172.214 1172.34 1172.486 1172.633 1172.779 1172.933 1173.171 1173.409 1173.648 1173.886 1174.115 1174.334 1174.554 1174.774 1174.994 1175.142 1175.289 1175.435 1175.582 1175.821 1176.187 1176.553 1176.919 1177.286 1177.461 1177.607 1177.754 1177.9 1178.117 1178.483 1178.849 1179.215 1179.582 1179.765 1179.893 1180.022 1180.15 1180.298 1180.519 1180.739 1180.96 1181.18 1181.388 1181.589 1181.79 1181.991
1172.542 1172.65 1172.757 1172.864 1172.902 1172.759 1172.616 1172.473 1172.33 1172.256 1172.208 1172.16 1172.112 1172.082 1172.136 1172.191 1172.246 1172.301 1172.413 1172.559 1172.706 1172.852 1173.004 1173.227 1173.449 1173.671 1173.894 1174.115 1174.334 1174.554 1174.774 1174.994 1175.142 1175.289 1175.435 1175.582 1175.821 1176.187 1176.553 1176.919 1177.286 1177.461 1177.607 1177.754 1177.9 1178.117 1178.483 1178.849 1179.215 1179.582 1179.761 1179.884 1180.007 1180.13 1180.265 1180.443 1180.62 1180.798 1180.976 1181.18 1181.397 1181.614 1181.831
1172.736 1172.856 1172.977 1173.097 1173.14 1172.98 1172.82 1172.66 1172.5 1172.437 1172.41 1172.384 1172.357 1172.347 1172.414 1172.481 1172.548 1172.614 1172.714 1172.834 1172.953 1173.073 1173.197 1173.376 1173.555 1173.735 1173.914 1174.115 1174.334 1174.554 1174.774 1174.994 1175.142 1175.289 1175.435 1175.582 1175.821 1176.187 1176.553 1176.919 1177.286 1177.461 1177.607 1177.754 1177.9 1178.108 1178.448 1178.787 1179.126 1179.465 1179.652 1179.792 1179.932 1180.072 1180.22 1180.4 1180.58 1180.76 1180.94 1181.146 1181.366 1181.586 1181.806
1172.856 1173.003 1173.149 1173.296 1173.354 1173.178 1173.002 1172.826 1172.65 1172.602 1172.602 1172.603 1172.603 1172.618 1172.707 1172.795 1172.883 1172.971 1173.059 1173.146 1173.234 1173.321 1173.412 1173.543 1173.675 1173.806 1173.937 1174.115 1174.334 1174.554 1174.774 1174.994 1175.142 1175.289 1175.435 1175.582 1175.821 1176.187 1176.553 1176.919 1177.286 1177.461 1177.607 1177.754 1177.9 1178.098 1178.405 1178.713 1179.02 1179.327 1179.522 1179.684 1179.845 1180.006 1180.174 1180.365 1180.555 1180.746 1180.937 1181.146 1181.366 1181.586 1181.806
1172.975 1173.149 1173.322 1173.496 1173.568 1173.376 1173.185 1172.993 1172.801 1172.767 1172.794 1172.821 1172.848 1172.89 1172.999 1173.109 1173.218 1173.328 1173.404 1173.459 1173.515 1173.57 1173.627 1173.711 1173.794 1173.877 1173.96 1174.115 1174.334 1174.554 1174.774 1174.994 1175.142 1175.289 1175.435 1175.582 1175.821 1176.187 1176.553 1176.919 1177.286 1177.461 1177.607 1177.754 1177.9 1178.088 1178.363 1178.638 1178.913 1179.189 1179.393 1179.576 1179.758 1179.941 1180.128 1180.329 1180.53 1180.732 1180.933 1181.146 1181.366 1181.586 1181.806
1173.094 1173.295 1173.495 1173.695 1173.783 1173.575 1173.367 1173.159 1172.951 1172.932 1172.986 1173.04 1173.094 1173.161 1173.292 1173.423 1173.554 1173.684 1173.748 1173.772 1173.795 1173.819 1173.843 1173.878 1173.913 1173.948 1173.983 1174.115 1174.334 1174.554 1174.774 1174.994 1175.142 1175.289 1175.435 1175.582 1175.821 1176.187 1176.553 1176.919 1177.286 1177.461 1177.607 1177.754 1177.9 1178.078 1178.321 1178.564 1178.807 1179.05 1179.263 1179.467 1179.672 1179.876 1180.082 1180.293 1180.505 1180.717 1180.929 1181.146 1181.366 1181.586 1181.806
1173.198 1173.413 1173.629 1173.844 1173.943 1173.736 1173.53 1173.323 1173.116 1173.109 1173.178 1173.247 1173.316 1173.397 1173.535 1173.672 1173.81 1173.948 1174.0 1174.0 1174.0 1174.0 1174.0 1174.0 1174.0 1174.0 1174.0 1174.115 1174.334 1174.554 1174.774 1174.994 1175.142 1175.289 1175.435 1175.582 1175.819 1176.181 1176.543 1176.905 1177.266 1177.445 1177.596 1177.746 1177.897 1178.069 1178.286 1178.503 1178.72 1178.937 1179.158 1179.38 1179.603 1179.826 1180.048 1180.268 1180.487 1180.707 1180.927 1181.145 1181.361 1181.578 1181.795
1173.257 1173.457 1173.656 1173.855 1173.956 1173.798 1173.639 1173.48 1173.322 1173.316 1173.369 1173.422 1173.475 1173.537 1173.643 1173.749 1173.854 1173.96 1174.0 1174.0 1174.0 1174.0 1174.0 1174.0 1174.0 1174.0 1174.0 1174.115 1174.334 1174.554 1174.774 1174.994 1175.142 1175.289 1175.435 1175.582 1175.812 1176.158 1176.504 1176.85 1177.196 1177.386 1177.553 1177.719 1177.886 1178.066 1178.272 1178.478 1178.684 1178.89 1179.117 1179.351 1179.584 1179.817 1180.048 1180.268 1180.487 1180.707 1180.927 1181.137 1181.344 1181.55 1181.756
1173.317 1173.5 1173.684 1173.867 1173.97 1173.859 1173.748 1173.638 1173.527 1173.524 1173.56 1173.597 1173.634 1173.677 1173.751 1173.825 1173.899 1173.972 1174.0 1174.0 1174.0 1174.0 1174.0 1174.0 1174.0 1174.0 1174.0 1174.115 1174.334 1174.554 1174.774 1174.994 1175.142 1175.289 1175.435 1175.582 1175.805 1176.135 1176.465 1176.795 1177.125 1177.327 1177.51 1177.693 1177.875 1178.062 1178.258 1178.453 1178.649 1178.844 1179.077 1179.321 1179.565 1179.809 1180.048 1180.268 1180.487 1180.707 1180.927 1181.13 1181.326 1181.521 1181.717
1173.377 1173.544 1173.711 1173.879 1173.983 1173.92 1173.858 1173.795 1173.733 1173.731 1173.752 1173.772 1173.793 1173.818 1173.859 1173.901 1173.943 1173.984 1174.0 1174.0 1174.0 1174.0 1174.0 1174.0 1174.0 1174.0 1174.0 1174.115 1174.334 1174.554 1174.774 1174.994 1175.142 1175.289 1175.435 1175.582 1175.799 1176.112 1176.426 1176.74 1177.054 1177.268 1177.467 1177.666 1177.865 1178.059 1178.244 1178.429 1178.613 1178.798 1179.037 1179.291 1179.546 1179.801 1180.048 1180.268 1180.487 1180.707 1180.927 1181.123 1181.308 1181.493 1181.678
