data/zism_data/00677_02_D.txt
ncols         224
nrows         224
[rows 84 to 111 of 224, columns 0 to 62 of 224]
1218.066 1218.432 1218.798 1219.165 1219.531 1219.897 1220.263 1220.63 1220.977 1221.323 1221.668 1222.014 1222.297 1222.465 1222.632 1222.799 1222.966 1223.292 1223.658 1224.024 1224.391 1224.746 1225.07 1225.395 1225.719 1226.042 1226.316 1226.566 1226.817 1227.068 1227.317 1227.557 1227.798 1228.038 1228.279 1228.513 1228.743 1228.973 1229.203 1229.426 1229.488 1229.55 1229.612 1229.674 1229.866 1230.191 1230.515 1230.84 1231.165 1231.361 1231.549 1231.737 1231.925 1232.096 1232.243 1232.389 1232.536 1232.682 1232.706 1232.706 1232.706 1232.706 1232.769
1218.066 1218.432 1218.798 1219.165 1219.531 1219.897 1220.263 1220.63 1220.968 1221.302 1221.637 1221.972 1222.252 1222.43 1222.608 1222.786 1222.964 1223.292 1223.658 1224.024 1224.391 1224.75 1225.09 1225.431 1225.771 1226.111 1226.4 1226.666 1226.933 1227.2 1227.464 1227.716 1227.967 1228.218 1228.469 1228.711 1228.946 1229.182 1229.417 1229.646 1229.74 1229.834 1229.928 1230.023 1230.22 1230.523 1230.827 1231.13 1231.434 1231.649 1231.858 1232.067 1232.276 1232.461 1232.607 1232.754 1232.9 1233.047 1233.07 1233.07 1233.07 1233.07 1233.134
1218.066 1218.432 1218.798 1219.165 1219.531 1219.897 1220.263 1220.63 1220.958 1221.282 1221.606 1221.931 1222.208 1222.396 1222.585 1222.773 1222.962 1223.292 1223.658 1224.024 1224.391 1224.754 1225.11 1225.467 1225.823 1226.179 1226.484 1226.767 1227.049 1227.332 1227.612 1227.874 1228.135 1228.397 1228.659 1228.908 1229.149 1229.39 1229.631 1229.866 1229.993 1230.119 1230.245 1230.371 1230.574 1230.856 1231.138 1231.421 1231.703 1231.936 1232.167 1232.397 1232.628 1232.826 1232.972 1233.119 1233.265 1233.412 1233.435 1233.435 1233.435 1233.435 1233.499
1218.049 1218.411 1218.774 1219.134 1219.493 1219.851 1220.21 1220.568 1220.89 1221.207 1221.525 1221.842 1222.122 1222.331 1222.54 1222.749 1222.958 1223.292 1223.658 1224.024 1224.391 1224.757 1225.123 1225.489 1225.856 1226.222 1226.541 1226.84 1227.139 1227.438 1227.733 1228.01 1228.286 1228.563 1228.839 1229.1 1229.35 1229.6 1229.85 1230.095 1230.246 1230.396 1230.547 1230.697 1230.904 1231.168 1231.433 1231.698 1231.962 1232.215 1232.467 1232.719 1232.971 1233.182 1233.331 1233.479 1233.628 1233.776 1233.8 1233.8 1233.8 1233.8 1233.862
1218.003 1218.355 1218.707 1219.052 1219.389 1219.726 1220.063 1220.4 1220.719 1221.037 1221.354 1221.672 1221.964 1222.211 1222.457 1222.704 1222.95 1223.292 1223.658 1224.024 1224.391 1224.757 1225.123 1225.489 1225.856 1226.222 1226.552 1226.867 1227.182 1227.497 1227.809 1228.107 1228.405 1228.703 1229.0 1229.279 1229.545 1229.811 1230.077 1230.339 1230.5 1230.661 1230.822 1230.983 1231.19 1231.444 1231.698 1231.952 1232.206 1232.478 1232.752 1233.025 1233.298 1233.525 1233.679 1233.832 1233.986 1234.14 1234.165 1234.165 1234.165 1234.165 1234.224
1217.958 1218.299 1218.64 1218.969 1219.285 1219.601 1219.916 1220.232 1220.549 1220.867 1221.184 1221.502 1221.807 1222.091 1222.375 1222.659 1222.942 1223.292 1223.658 1224.024 1224.391 1224.757 1225.123 1225.489 1225.856 1226.222 1226.564 1226.894 1227.225 1227.556 1227.885 1228.205 1228.524 1228.843 1229.162 1229.459 1229.741 1230.023 1230.305 1230.583 1230.754 1230.926 1231.098 1231.27 1231.477 1231.72 1231.963 1232.207 1232.45 1232.742 1233.036 1233.331 1233.626 1233.867 1234.026 1234.186 1234.345 1234.504 1234.529 1234.529 1234.529 1234.529 1234.586
1217.912 1218.242 1218.573 1218.887 1219.181 1219.475 1219.77 1220.064 1220.379 1220.697 1221.014 1221.331 1221.65 1221.971 1222.292 1222.614 1222.935 1223.292 1223.658 1224.024 1224.391 1224.757 1225.123 1225.489 1225.856 1226.222 1226.575 1226.922 1227.269 1227.615 1227.961 1228.302 1228.642 1228.983 1229.323 1229.639 1229.937 1230.235 1230.533 1230.826 1231.009 1231.191 1231.374 1231.556 1231.763 1231.996 1232.228 1232.461 1232.694 1233.005 1233.321 1233.637 1233.953 1234.21 1234.374 1234.539 1234.703 1234.868 1234.894 1234.894 1234.894 1234.894 1234.947
1217.866 1218.186 1218.505 1218.804 1219.077 1219.35 1219.623 1219.896 1220.209 1220.526 1220.844 1221.161 1221.493 1221.851 1222.21 1222.569 1222.927 1223.292 1223.658 1224.024 1224.391 1224.757 1225.123 1225.489 1225.856 1226.222 1226.586 1226.949 1227.312 1227.675 1228.037 1228.399 1228.761 1229.123 1229.485 1229.818 1230.133 1230.447 1230.761 1231.07 1231.263 1231.456 1231.649 1231.842 1232.05 1232.272 1232.494 1232.715 1232.937 1233.268 1233.606 1233.943 1234.281 1234.552 1234.722 1234.892 1235.062 1235.232 1235.259 1235.259 1235.259 1235.259 1235.309
1217.719 1218.045 1218.371 1218.679 1218.964 1219.25 1219.536 1219.821 1220.143 1220.469 1220.795 1221.121 1221.461 1221.827 1222.193 1222.559 1222.926 1223.292 1223.658 1224.024 1224.391 1224.757 1225.123 1225.489 1225.856 1226.222 1226.588 1226.954 1227.321 1227.687 1228.053 1228.419 1228.786 1229.152 1229.518 1229.86 1230.186 1230.512 1230.838 1231.16 1231.385 1231.61 1231.835 1232.06 1232.295 1232.54 1232.786 1233.031 1233.276 1233.58 1233.888 1234.196 1234.504 1234.771 1234.976 1235.181 1235.386 1235.591 1235.624 1235.624 1235.624 1235.624 1235.668
1217.546 1217.883 1218.219 1218.543 1218.849 1219.156 1219.464 1219.77 1220.104 1220.441 1220.777 1221.114 1221.461 1221.827 1222.193 1222.559 1222.926 1223.292 1223.658 1224.024 1224.391 1224.757 1225.123 1225.489 1225.856 1226.222 1226.588 1226.954 1227.321 1227.687 1228.053 1228.419 1228.786 1229.152 1229.518 1229.867 1230.203 1230.54 1230.876 1231.21 1231.472 1231.735 1231.997 1232.26 1232.53 1232.807 1233.084 1233.362 1233.639 1233.905 1234.17 1234.435 1234.7 1234.958 1235.206 1235.453 1235.701 1235.949 1235.988 1235.988 1235.988 1235.988 1236.027
1217.373 1217.72 1218.068 1218.406 1218.735 1219.063 1219.391 1219.72 1220.065 1220.412 1220.76 1221.107 1221.461 1221.827 1222.193 1222.559 1222.926 1223.292 1223.658 1224.024 1224.391 1224.757 1225.123 1225.489 1225.856 1226.222 1226.588 1226.954 1227.321 1227.687 1228.053 1228.419 1228.786 1229.152 1229.518 1229.873 1230.22 1230.568 1230.915 1231.26 1231.56 1231.86 1232.16 1232.46 1232.764 1233.074 1233.383 1233.692 1234.002 1234.229 1234.451 1234.674 1234.896 1235.145 1235.436 1235.726 1236.016 1236.307 1236.353 1236.353 1236.353 1236.353 1236.385
1217.2 1217.558 1217.916 1218.27 1218.62 1218.969 1219.319 1219.669 1220.026 1220.384 1220.742 1221.1 1221.461 1221.827 1222.193 1222.559 1222.926 1223.292 1223.658 1224.024 1224.391 1224.757 1225.123 1225.489 1225.856 1226.222 1226.588 1226.954 1227.321 1227.687 1228.053 1228.419 1228.786 1229.152 1229.518 1229.879 1230.237 1230.595 1230.953 1231.31 1231.648 1231.985 1232.322 1232.66 1232.999 1233.34 1233.682 1234.023 1234.365 1234.554 1234.733 1234.913 1235.092 1235.332 1235.665 1235.998 1236.332 1236.665 1236.718 1236.718 1236.718 1236.718 1236.744
1217.026 1217.388 1217.751 1218.116 1218.485 1218.853 1219.222 1219.591 1219.96 1220.33 1220.7 1221.07 1221.44 1221.812 1222.183 1222.554 1222.925 1223.292 1223.658 1224.024 1224.391 1224.757 1225.123 1225.489 1225.856 1226.222 1226.588 1226.954 1227.321 1227.687 1228.053 1228.419 1228.786 1229.152 1229.518 1229.884 1230.25 1230.617 1230.983 1231.349 1231.716 1232.082 1232.448 1232.814 1233.18 1233.547 1233.913 1234.279 1234.645 1234.815 1234.972 1235.13 1235.287 1235.525 1235.887 1236.25 1236.613 1236.975 1237.04 1237.049 1237.057 1237.066 1237.094
1216.848 1217.194 1217.541 1217.902 1218.281 1218.661 1219.04 1219.419 1219.805 1220.191 1220.577 1220.962 1221.351 1221.743 1222.135 1222.528 1222.92 1223.292 1223.658 1224.024 1224.391 1224.757 1225.123 1225.489 1225.856 1226.222 1226.588 1226.954 1227.321 1227.687 1228.053 1228.419 1228.786 1229.152 1229.518 1229.884 1230.25 1230.617 1230.983 1231.349 1231.716 1232.082 1232.448 1232.814 1233.18 1233.547 1233.913 1234.279 1234.645 1234.86 1235.066 1235.271 1235.477 1235.737 1236.084 1236.431 1236.777 1237.124 1237.217 1237.263 1237.309 1237.355 1237.413
1216.67 1217.0 1217.331 1217.688 1218.078 1218.468 1218.858 1219.248 1219.649 1220.051 1220.453 1220.855 1221.261 1221.675 1222.088 1222.502 1222.916 1223.292 1223.658 1224.024 1224.391 1224.757 1225.123 1225.489 1225.856 1226.222 1226.588 1226.954 1227.321 1227.687 1228.053 1228.419 1228.786 1229.152 1229.518 1229.884 1230.25 1230.617 1230.983 1231.349 1231.716 1232.082 1232.448 1232.814 1233.18 1233.547 1233.913 1234.279 1234.645 1234.906 1235.159 1235.413 1235.666 1235.95 1236.281 1236.611 1236.942 1237.272 1237.395 1237.478 1237.561 1237.645 1237.732
1216.492 1216.806 1217.121 1217.474 1217.875 1218.275 1218.676 1219.077 1219.493 1219.911 1220.329 1220.747 1221.171 1221.606 1222.041 1222.477 1222.912 1223.292 1223.658 1224.024 1224.391 1224.757 1225.123 1225.489 1225.856 1226.222 1226.588 1226.954 1227.321 1227.687 1228.053 1228.419 1228.786 1229.152 1229.518 1229.884 1230.25 1230.617 1230.983 1231.349 1231.716 1232.082 1232.448 1232.814 1233.18 1233.547 1233.913 1234.279 1234.645 1234.951 1235.252 1235.554 1235.856 1236.162 1236.477 1236.792 1237.106 1237.421 1237.572 1237.693 1237.813 1237.934 1238.051
1216.314 1216.612 1216.911 1217.26 1217.671 1218.083 1218.494 1218.906 1219.337 1219.771 1220.205 1220.639 1221.081 1221.538 1221.994 1222.451 1222.907 1223.292 1223.658 1224.024 1224.391 1224.757 1225.123 1225.489 1225.856 1226.222 1226.588 1226.954 1227.321 1227.687 1228.053 1228.419 1228.786 1229.152 1229.518 1229.884 1230.25 1230.617 1230.983 1231.349 1231.716 1232.082 1232.448 1232.814 1233.18 1233.547 1233.913 1234.279 1234.645 1234.996 1235.346 1235.696 1236.045 1236.375 1236.674 1236.972 1237.271 1237.569 1237.75 1237.908 1238.066 1238.224 1238.37
1216.199 1216.513 1216.827 1217.179 1217.576 1217.974 1218.371 1218.769 1219.204 1219.643 1220.083 1220.522 1220.973 1221.444 1221.915 1222.386 1222.857 1223.233 1223.585 1223.937 1224.289 1224.649 1225.029 1225.409 1225.789 1226.17 1226.54 1226.906 1227.273 1227.639 1228.005 1228.371 1228.738 1229.104 1229.47 1229.836 1230.203 1230.569 1230.935 1231.302 1231.679 1232.055 1232.432 1232.809 1233.18 1233.547 1233.913 1234.279 1234.645 1235.012 1235.378 1235.744 1236.11 1236.452 1236.756 1237.059 1237.363 1237.666 1237.87 1238.055 1238.24 1238.425 1238.6
1216.117 1216.463 1216.809 1217.167 1217.537 1217.908 1218.279 1218.65 1219.082 1219.522 1219.961 1220.401 1220.855 1221.337 1221.818 1222.3 1222.781 1223.143 1223.474 1223.804 1224.135 1224.484 1224.885 1225.287 1225.689 1226.09 1226.467 1226.833 1227.2 1227.566 1227.932 1228.298 1228.665 1229.031 1229.397 1229.763 1230.13 1230.496 1230.862 1231.23 1231.622 1232.015 1232.408 1232.801 1233.18 1233.547 1233.913 1234.279 1234.645 1235.012 1235.378 1235.744 1236.11 1236.458 1236.778 1237.098 1237.417 1237.737 1237.961 1238.167 1238.374 1238.58 1238.782
1216.035 1216.414 1216.792 1217.155 1217.499 1217.843 1218.187 1218.531 1218.961 1219.4 1219.84 1220.279 1220.737 1221.229 1221.722 1222.214 1222.706 1223.053 1223.362 1223.672 1223.981 1224.319 1224.742 1225.165 1225.588 1226.011 1226.394 1226.76 1227.127 1227.493 1227.859 1228.225 1228.592 1228.958 1229.324 1229.69 1230.057 1230.423 1230.789 1231.157 1231.566 1231.975 1232.384 1232.793 1233.18 1233.547 1233.913 1234.279 1234.645 1235.012 1235.378 1235.744 1236.11 1236.465 1236.8 1237.136 1237.471 1237.807 1238.052 1238.28 1238.507 1238.735 1238.965
1215.954 1216.364 1216.774 1217.143 1217.46 1217.777 1218.095 1218.412 1218.839 1219.279 1219.718 1220.158 1220.619 1221.122 1221.625 1222.128 1222.631 1222.963 1223.251 1223.539 1223.827 1224.154 1224.598 1225.042 1225.487 1225.931 1226.321 1226.688 1227.054 1227.42 1227.786 1228.153 1228.519 1228.885 1229.251 1229.618 1229.984 1230.35 1230.716 1231.085 1231.51 1231.935 1232.36 1232.785 1233.18 1233.547 1233.913 1234.279 1234.645 1235.012 1235.378 1235.744 1236.11 1236.471 1236.823 1237.174 1237.526 1237.877 1238.143 1238.392 1238.641 1238.89 1239.148
1215.863 1216.302 1216.74 1217.113 1217.407 1217.702 1217.996 1218.291 1218.714 1219.152 1219.59 1220.028 1220.492 1221.001 1221.511 1222.021 1222.531 1222.85 1223.121 1223.391 1223.662 1223.98 1224.443 1224.906 1225.37 1225.833 1226.231 1226.6 1226.969 1227.338 1227.707 1228.073 1228.439 1228.806 1229.172 1229.538 1229.904 1230.271 1230.637 1231.006 1231.444 1231.882 1232.321 1232.759 1233.163 1233.534 1233.904 1234.275 1234.645 1235.012 1235.378 1235.744 1236.11 1236.478 1236.849 1237.219 1237.59 1237.96 1238.247 1238.517 1238.787 1239.058 1239.342
1215.685 1216.108 1216.53 1216.901 1217.212 1217.522 1217.833 1218.143 1218.554 1218.976 1219.398 1219.82 1220.262 1220.739 1221.217 1221.695 1222.173 1222.503 1222.794 1223.086 1223.378 1223.711 1224.169 1224.627 1225.085 1225.543 1225.962 1226.363 1226.764 1227.165 1227.561 1227.927 1228.294 1228.66 1229.026 1229.392 1229.759 1230.125 1230.491 1230.86 1231.282 1231.704 1232.126 1232.548 1232.968 1233.387 1233.805 1234.224 1234.642 1235.012 1235.378 1235.744 1236.11 1236.497 1236.916 1237.334 1237.753 1238.171 1238.483 1238.775 1239.067 1239.359 1239.661
1215.507 1215.913 1216.32 1216.69 1217.016 1217.343 1217.669 1217.996 1218.394 1218.8 1219.206 1219.612 1220.032 1220.477 1220.923 1221.369 1221.815 1222.155 1222.468 1222.781 1223.094 1223.442 1223.895 1224.348 1224.8 1225.253 1225.692 1226.125 1226.558 1226.992 1227.415 1227.781 1228.148 1228.514 1228.88 1229.246 1229.613 1229.979 1230.345 1230.713 1231.119 1231.525 1231.931 1232.337 1232.773 1233.24 1233.706 1234.173 1234.64 1235.012 1235.378 1235.744 1236.11 1236.516 1236.983 1237.449 1237.916 1238.382 1238.72 1239.033 1239.347 1239.66 1239.981
1215.329 1215.719 1216.109 1216.478 1216.821 1217.163 1217.506 1217.848 1218.233 1218.623 1219.013 1219.403 1219.802 1220.215 1220.629 1221.043 1221.457 1221.807 1222.142 1222.476 1222.811 1223.173 1223.621 1224.068 1224.516 1224.963 1225.423 1225.888 1226.353 1226.818 1227.269 1227.635 1228.002 1228.368 1228.734 1229.1 1229.467 1229.833 1230.199 1230.567 1230.957 1231.346 1231.736 1232.126 1232.578 1233.093 1233.607 1234.122 1234.637 1235.012 1235.378 1235.744 1236.11 1236.535 1237.05 1237.564 1238.079 1238.594 1238.957 1239.292 1239.626 1239.961 1240.3
1215.152 1215.526 1215.9 1216.266 1216.625 1216.984 1217.342 1217.701 1218.073 1218.447 1218.821 1219.195 1219.572 1219.953 1220.335 1220.717 1221.098 1221.459 1221.815 1222.171 1222.527 1222.904 1223.346 1223.789 1224.231 1224.673 1225.153 1225.651 1226.148 1226.645 1227.123 1227.49 1227.856 1228.222 1228.588 1228.955 1229.321 1229.687 1230.053 1230.42 1230.794 1231.168 1231.542 1231.916 1232.383 1232.946 1233.508 1234.071 1234.634 1235.012 1235.378 1235.744 1236.11 1236.554 1237.116 1237.679 1238.242 1238.805 1239.194 1239.55 1239.906 1240.262 1240.619
1214.877 1215.243 1215.609 1215.975 1216.342 1216.708 1217.074 1217.44 1217.809 1218.178 1218.547 1218.916 1219.283 1219.647 1220.01 1220.374 1220.737 1221.103 1221.469 1221.835 1222.202 1222.584 1223.015 1223.446 1223.877 1224.309 1224.791 1225.295 1225.8 1226.304 1226.791 1227.174 1227.557 1227.939 1228.322 1228.707 1229.092 1229.478 1229.864 1230.249 1230.638 1231.026 1231.415 1231.803 1232.286 1232.866 1233.447 1234.027 1234.608 1234.997 1235.374 1235.752 1236.129 1236.586 1237.166 1237.747 1238.327 1238.907 1239.322 1239.705 1240.088 1240.47 1240.85
1214.512 1214.878 1215.245 1215.611 1215.977 1216.343 1216.709 1217.076 1217.449 1217.824 1218.198 1218.572 1218.941 1219.299 1219.657 1220.016 1220.374 1220.738 1221.104 1221.471 1221.837 1222.215 1222.63 1223.045 1223.461 1223.876 1224.342 1224.83 1225.319 1225.807 1226.285 1226.7 1227.115 1227.53 1227.944 1228.364 1228.787 1229.21 1229.633 1230.057 1230.488 1230.919 1231.35 1231.781 1232.281 1232.85 1233.42 1233.99 1234.56 1234.968 1235.367 1235.766 1236.165 1236.63 1237.2 1237.77 1238.339 1238.909 1239.349 1239.764 1240.179 1240.594 1240.999
