data/zism_data/00674_01_D.txt
ncols         224
nrows         224
[rows 112 to 139 of 224, columns 126 to 188 of 224]
1318.181 1317.306 1319.17 1321.034 1322.899 1324.763 1327.08 1329.69 1332.299 1334.908 1337.336 1337.669 1338.003 1338.337 1338.67 1339.066 1339.512 1339.959 1340.405 1340.778 1337.84 1334.902 1331.963 1329.025 1326.498 1324.393 1322.289 1320.184 1318.08 1317.261 1316.49 1315.719 1314.949 1313.584 1311.448 1309.312 1307.175 1305.039 1304.017 1303.111 1302.205 1301.299 1300.674 1300.511 1300.349 1300.187 1300.025 1301.728 1303.767 1305.805 1307.844 1310.381 1313.983 1317.585 1321.187 1324.789 1325.594 1325.654 1325.715 1325.775 1326.358 1328.422 1330.486
1322.029 1321.583 1323.603 1325.623 1327.643 1329.662 1332.191 1335.047 1337.904 1340.76 1343.453 1344.27 1345.087 1345.904 1346.721 1347.721 1348.871 1350.021 1351.171 1352.219 1348.728 1345.237 1341.746 1338.254 1335.25 1332.749 1330.247 1327.745 1325.243 1324.115 1323.038 1321.962 1320.885 1318.979 1315.994 1313.009 1310.024 1307.04 1305.612 1304.347 1303.081 1301.815 1300.941 1300.715 1300.488 1300.261 1300.035 1302.093 1304.561 1307.029 1309.497 1312.521 1316.736 1320.95 1325.164 1329.378 1330.723 1331.304 1331.885 1332.466 1333.396 1335.315 1337.234
1325.877 1325.86 1328.036 1330.211 1332.387 1334.562 1337.302 1340.406 1343.509 1346.612 1349.571 1350.871 1352.171 1353.471 1354.771 1356.376 1358.229 1360.083 1361.936 1363.661 1359.616 1355.572 1351.528 1347.483 1344.003 1341.104 1338.205 1335.306 1332.407 1330.969 1329.586 1328.204 1326.821 1324.373 1320.54 1316.707 1312.874 1309.041 1307.207 1305.582 1303.957 1302.331 1301.209 1300.918 1300.627 1300.335 1300.044 1302.457 1305.354 1308.252 1311.15 1314.662 1319.488 1324.315 1329.141 1333.967 1335.852 1336.954 1338.056 1339.158 1340.435 1342.209 1343.983
1330.111 1330.285 1332.519 1334.754 1336.988 1339.223 1342.046 1345.249 1348.451 1351.653 1354.754 1356.685 1358.616 1360.547 1362.479 1364.544 1366.718 1368.892 1371.067 1373.11 1369.236 1365.362 1361.488 1357.614 1354.281 1351.504 1348.727 1345.951 1343.174 1341.662 1340.197 1338.732 1337.268 1334.611 1330.403 1326.196 1321.988 1317.781 1314.843 1312.038 1309.233 1306.427 1304.29 1303.257 1302.224 1301.19 1300.157 1302.708 1305.903 1309.098 1312.293 1316.211 1321.674 1327.138 1332.602 1338.066 1340.797 1342.802 1344.807 1346.812 1348.73 1350.399 1352.069
1334.365 1334.718 1337.006 1339.294 1341.582 1343.87 1346.771 1350.064 1353.358 1356.652 1359.888 1362.458 1365.027 1367.597 1370.167 1372.685 1375.16 1377.635 1380.11 1382.452 1378.788 1375.123 1371.459 1367.794 1364.641 1362.015 1359.388 1356.762 1354.135 1352.561 1351.027 1349.493 1347.958 1345.11 1340.553 1335.997 1331.44 1326.884 1322.804 1318.775 1314.746 1310.716 1307.522 1305.711 1303.899 1302.087 1300.276 1302.954 1306.439 1309.924 1313.408 1317.728 1323.83 1329.933 1336.036 1342.138 1345.734 1348.662 1351.591 1354.519 1357.092 1358.66 1360.228
1338.62 1339.151 1341.493 1343.834 1346.176 1348.518 1351.495 1354.88 1358.265 1361.65 1365.021 1368.229 1371.438 1374.647 1377.856 1380.826 1383.602 1386.378 1389.154 1391.794 1388.339 1384.884 1381.429 1377.974 1375.001 1372.525 1370.049 1367.573 1365.097 1363.461 1361.856 1360.252 1358.648 1355.608 1350.703 1345.797 1340.892 1335.986 1330.766 1325.512 1320.258 1315.005 1310.755 1308.165 1305.575 1302.984 1300.394 1303.2 1306.975 1310.749 1314.524 1319.244 1325.986 1332.728 1339.469 1346.211 1350.67 1354.522 1358.374 1362.225 1365.455 1366.92 1368.386
1342.874 1343.584 1345.979 1348.375 1350.77 1353.166 1356.219 1359.695 1363.172 1366.648 1370.154 1374.001 1377.849 1381.697 1385.545 1388.968 1392.044 1395.12 1398.197 1401.136 1397.89 1394.644 1391.399 1388.153 1385.361 1383.035 1380.709 1378.383 1376.058 1374.36 1372.686 1371.012 1369.338 1366.107 1360.853 1355.598 1350.344 1345.089 1338.727 1332.249 1325.771 1319.294 1313.988 1310.619 1307.25 1303.881 1300.513 1303.446 1307.51 1311.575 1315.639 1320.761 1328.141 1335.522 1342.902 1350.283 1355.606 1360.381 1365.156 1369.932 1373.817 1375.181 1376.544
1346.991 1347.832 1350.279 1352.726 1355.173 1357.62 1360.796 1364.438 1368.081 1371.724 1375.426 1379.813 1384.2 1388.587 1392.974 1396.713 1399.925 1403.137 1406.349 1409.427 1406.429 1403.431 1400.434 1397.436 1394.805 1392.55 1390.295 1388.04 1385.785 1383.991 1382.215 1380.438 1378.662 1375.338 1370.004 1364.669 1359.335 1354.0 1346.706 1339.208 1331.71 1324.212 1317.935 1313.675 1309.416 1305.157 1300.897 1303.969 1308.356 1312.743 1317.13 1322.694 1330.772 1338.851 1346.929 1355.008 1361.091 1366.643 1372.195 1377.747 1382.221 1383.639 1385.057
1350.884 1351.778 1354.273 1356.769 1359.264 1361.76 1365.13 1369.063 1372.996 1376.929 1380.928 1385.69 1390.453 1395.215 1399.978 1403.813 1406.891 1409.969 1413.046 1415.999 1413.313 1410.626 1407.94 1405.254 1402.751 1400.437 1398.124 1395.81 1393.496 1391.55 1389.617 1387.685 1385.753 1382.498 1377.523 1372.549 1367.574 1362.599 1354.716 1346.531 1338.346 1330.161 1323.05 1317.717 1312.384 1307.051 1301.717 1304.944 1309.707 1314.469 1319.232 1325.306 1334.179 1343.052 1351.925 1360.798 1367.472 1373.561 1379.65 1385.739 1390.691 1392.421 1394.151
1354.777 1355.724 1358.268 1360.811 1363.355 1365.899 1369.465 1373.688 1377.91 1382.133 1386.429 1391.567 1396.706 1401.844 1406.983 1410.912 1413.856 1416.8 1419.743 1422.571 1420.196 1417.822 1415.447 1413.072 1410.698 1408.325 1405.952 1403.579 1401.206 1399.108 1397.02 1394.932 1392.844 1389.658 1385.043 1380.428 1375.813 1371.198 1362.726 1353.854 1344.981 1336.109 1328.166 1321.758 1315.351 1308.944 1302.537 1305.919 1311.058 1316.196 1321.335 1327.918 1337.586 1347.253 1356.921 1366.589 1373.854 1380.48 1387.106 1393.732 1399.162 1401.203 1403.244
1358.67 1359.67 1362.262 1364.854 1367.446 1370.038 1373.799 1378.312 1382.825 1387.338 1391.93 1397.444 1402.959 1408.473 1413.987 1418.012 1420.821 1423.631 1426.44 1429.144 1427.08 1425.017 1422.953 1420.89 1418.645 1416.213 1413.781 1411.349 1408.917 1406.666 1404.423 1402.179 1399.936 1396.818 1392.562 1388.307 1384.052 1379.796 1370.736 1361.177 1351.617 1342.057 1333.281 1325.8 1318.319 1310.838 1303.357 1306.894 1312.409 1317.923 1323.438 1330.53 1340.992 1351.455 1361.917 1372.379 1380.236 1387.398 1394.561 1401.724 1407.632 1409.985 1412.338
1362.563 1363.616 1366.256 1368.897 1371.537 1374.178 1378.134 1382.937 1387.739 1392.542 1397.431 1403.322 1409.212 1415.102 1420.992 1425.112 1427.787 1430.462 1433.137 1435.716 1433.964 1432.212 1430.46 1428.708 1426.592 1424.101 1421.61 1419.119 1416.627 1414.225 1411.826 1409.426 1407.027 1403.977 1400.082 1396.186 1392.291 1388.395 1378.746 1368.5 1358.252 1348.005 1338.396 1329.841 1321.287 1312.732 1304.177 1307.869 1313.76 1319.65 1325.541 1333.142 1344.399 1355.656 1366.913 1378.17 1386.617 1394.317 1402.017 1409.717 1416.103 1418.767 1421.431
1365.643 1366.733 1369.408 1372.084 1374.76 1377.435 1381.516 1386.5 1391.484 1396.468 1401.542 1407.665 1413.787 1419.909 1426.032 1430.35 1433.195 1436.04 1438.886 1441.635 1440.046 1438.458 1436.87 1435.281 1433.133 1430.409 1427.685 1424.96 1422.236 1419.558 1416.881 1414.204 1411.527 1408.369 1404.586 1400.802 1397.018 1393.234 1383.848 1373.88 1363.911 1353.943 1344.235 1334.959 1325.683 1316.407 1307.13 1310.736 1316.655 1322.573 1328.491 1336.279 1348.061 1359.843 1371.625 1383.406 1392.113 1400.002 1407.891 1415.779 1422.499 1425.905 1429.311
1368.534 1369.655 1372.363 1375.071 1377.779 1380.487 1384.675 1389.814 1394.954 1400.093 1405.327 1411.648 1417.969 1424.29 1430.611 1435.151 1438.238 1441.326 1444.413 1447.401 1445.941 1444.482 1443.022 1441.563 1439.345 1436.347 1433.349 1430.351 1427.353 1424.369 1421.386 1418.404 1415.421 1412.113 1408.383 1404.653 1400.923 1397.193 1388.269 1378.805 1369.342 1359.878 1350.244 1340.329 1330.414 1320.499 1310.583 1314.047 1319.911 1325.776 1331.64 1339.539 1351.782 1364.026 1376.27 1388.513 1397.402 1405.398 1413.394 1421.39 1428.409 1432.658 1436.907
1371.424 1372.577 1375.318 1378.058 1380.798 1383.538 1387.833 1393.129 1398.424 1403.719 1409.112 1415.632 1422.152 1428.671 1435.191 1439.953 1443.282 1446.611 1449.939 1453.167 1451.836 1450.505 1449.175 1447.844 1445.557 1442.285 1439.013 1435.741 1432.469 1429.181 1425.892 1422.603 1419.314 1415.857 1412.181 1408.504 1404.828 1401.151 1392.69 1383.731 1374.772 1365.813 1356.253 1345.699 1335.145 1324.59 1314.036 1317.357 1323.168 1328.979 1334.79 1342.799 1355.504 1368.209 1380.915 1393.62 1402.69 1410.794 1418.897 1427.001 1434.319 1439.411 1444.503
1374.314 1375.5 1378.272 1381.045 1383.817 1386.589 1390.992 1396.443 1401.894 1407.345 1412.897 1419.615 1426.334 1433.052 1439.771 1444.755 1448.325 1451.896 1455.466 1458.933 1457.731 1456.529 1455.327 1454.125 1451.768 1448.223 1444.677 1441.131 1437.586 1433.993 1430.398 1426.803 1423.208 1419.601 1415.978 1412.355 1408.733 1405.11 1397.111 1388.656 1380.202 1371.748 1362.261 1351.068 1339.875 1328.682 1317.489 1320.667 1326.424 1332.182 1337.939 1346.058 1359.225 1372.393 1385.56 1398.727 1407.979 1416.19 1424.401 1432.612 1440.229 1446.164 1452.099
1377.105 1378.309 1381.055 1383.802 1386.548 1389.294 1393.79 1399.409 1405.029 1410.649 1416.377 1423.357 1430.338 1437.318 1444.298 1449.53 1453.336 1457.141 1460.947 1464.644 1463.471 1462.299 1461.126 1459.953 1457.464 1453.62 1449.776 1445.932 1442.088 1438.208 1434.326 1430.445 1426.563 1422.807 1419.215 1415.623 1412.031 1408.438 1400.897 1392.945 1384.992 1377.04 1367.761 1356.289 1344.817 1333.344 1321.872 1324.985 1330.715 1336.446 1342.177 1350.333 1363.672 1377.011 1390.35 1403.69 1413.019 1421.281 1429.544 1437.807 1445.628 1452.199 1458.771
1379.58 1380.76 1383.297 1385.834 1388.371 1390.908 1395.449 1401.278 1407.107 1412.936 1418.894 1426.336 1433.778 1441.22 1448.662 1454.22 1458.24 1462.26 1466.281 1470.182 1468.724 1467.267 1465.81 1464.353 1461.535 1457.315 1453.095 1448.875 1444.655 1440.544 1436.437 1432.33 1428.223 1424.321 1420.685 1417.05 1413.415 1409.78 1402.682 1395.223 1387.765 1380.307 1371.657 1361.039 1350.42 1339.801 1329.183 1332.475 1338.265 1344.055 1349.845 1357.805 1370.403 1383.001 1395.6 1408.198 1417.274 1425.413 1433.552 1441.691 1449.417 1455.972 1462.527
1382.056 1383.212 1385.539 1387.867 1390.194 1392.522 1397.108 1403.147 1409.185 1415.224 1421.411 1429.315 1437.219 1445.122 1453.026 1458.91 1463.145 1467.38 1471.615 1475.719 1473.978 1472.236 1470.494 1468.753 1465.605 1461.009 1456.413 1451.818 1447.222 1442.88 1438.547 1434.214 1429.882 1425.834 1422.156 1418.477 1414.799 1411.121 1404.466 1397.502 1390.537 1383.573 1375.554 1365.788 1356.024 1346.258 1336.494 1339.966 1345.815 1351.664 1357.513 1365.277 1377.134 1388.992 1400.849 1412.706 1421.529 1429.545 1437.56 1445.576 1453.206 1459.745 1466.284
1384.531 1385.663 1387.781 1389.9 1392.018 1394.136 1398.768 1405.016 1411.263 1417.511 1423.928 1432.293 1440.659 1449.025 1457.39 1463.599 1468.049 1472.499 1476.948 1481.257 1479.231 1477.205 1475.178 1473.152 1469.675 1464.703 1459.732 1454.76 1449.789 1445.216 1440.657 1436.099 1431.541 1427.347 1423.626 1419.905 1416.184 1412.463 1406.251 1399.781 1393.31 1386.84 1379.45 1370.538 1361.627 1352.716 1343.804 1347.457 1353.365 1359.273 1365.181 1372.749 1383.865 1394.982 1406.098 1417.214 1425.784 1433.676 1441.568 1449.461 1456.995 1463.518 1470.041
1387.007 1388.115 1390.023 1391.932 1393.841 1395.75 1400.427 1406.884 1413.341 1419.799 1426.445 1435.272 1444.099 1452.927 1461.754 1468.289 1472.953 1477.618 1482.282 1486.795 1484.484 1482.174 1479.863 1477.552 1473.745 1468.397 1463.05 1457.703 1452.355 1447.551 1442.768 1437.984 1433.201 1428.86 1425.096 1421.332 1417.568 1413.804 1408.036 1402.059 1396.083 1390.106 1383.346 1375.288 1367.23 1359.173 1351.115 1354.948 1360.915 1366.882 1372.849 1380.221 1390.596 1400.972 1411.347 1421.723 1430.039 1437.808 1445.577 1453.345 1460.785 1467.291 1473.798
1389.769 1391.022 1393.187 1395.351 1397.516 1399.68 1404.653 1411.431 1418.21 1424.988 1431.924 1440.676 1449.427 1458.179 1466.931 1473.231 1477.529 1481.828 1486.127 1490.282 1487.993 1485.704 1483.416 1481.127 1477.133 1471.385 1465.636 1459.888 1454.139 1448.707 1443.287 1437.867 1432.447 1427.808 1424.185 1420.562 1416.939 1413.316 1408.041 1402.594 1397.148 1391.701 1385.603 1378.428 1371.253 1364.078 1356.903 1360.691 1366.446 1372.202 1377.957 1384.999 1394.789 1404.578 1414.368 1424.157 1432.336 1440.085 1447.835 1455.585 1462.943 1469.192 1475.441
1392.671 1394.152 1396.8 1399.448 1402.096 1404.743 1410.134 1417.288 1424.443 1431.597 1438.851 1447.265 1455.679 1464.092 1472.506 1478.295 1481.944 1485.594 1489.243 1492.766 1490.649 1488.532 1486.415 1484.298 1480.188 1474.026 1467.864 1461.702 1455.54 1449.286 1443.028 1436.771 1430.513 1425.501 1422.109 1418.717 1415.324 1411.932 1407.175 1402.276 1397.377 1392.479 1387.06 1380.781 1374.503 1368.224 1361.946 1365.579 1370.991 1376.403 1381.815 1388.46 1397.739 1407.019 1416.298 1425.578 1433.674 1441.456 1449.238 1457.02 1464.304 1470.177 1476.05
1395.573 1397.283 1400.414 1403.545 1406.676 1409.807 1415.615 1423.145 1430.675 1438.205 1445.779 1453.854 1461.93 1470.005 1478.08 1483.36 1486.36 1489.359 1492.359 1495.25 1493.305 1491.36 1489.415 1487.469 1483.243 1476.667 1470.092 1463.517 1456.942 1449.865 1442.77 1435.674 1428.579 1423.194 1420.033 1416.871 1413.71 1410.549 1406.309 1401.958 1397.607 1393.256 1388.516 1383.135 1377.753 1372.371 1366.989 1370.467 1375.536 1380.604 1385.672 1391.92 1400.69 1409.459 1418.229 1426.998 1435.013 1442.827 1450.641 1458.455 1465.665 1471.162 1476.66
1398.474 1400.413 1404.027 1407.642 1411.256 1414.87 1421.097 1429.002 1436.908 1444.814 1452.707 1460.444 1468.181 1475.918 1483.655 1488.425 1490.775 1493.125 1495.474 1497.735 1495.961 1494.188 1492.414 1490.641 1486.297 1479.309 1472.32 1465.331 1458.343 1450.444 1442.511 1434.578 1426.645 1420.887 1417.957 1415.026 1412.096 1409.165 1405.444 1401.64 1397.837 1394.033 1389.973 1385.488 1381.002 1376.517 1372.032 1375.355 1380.08 1384.805 1389.529 1395.381 1403.64 1411.9 1420.159 1428.418 1436.351 1444.198 1452.044 1459.891 1467.026 1472.148 1477.269
1401.461 1403.664 1407.753 1411.842 1415.93 1420.019 1426.619 1434.835 1443.05 1451.265 1459.412 1466.766 1474.121 1481.475 1488.83 1493.09 1494.827 1496.564 1498.301 1499.966 1498.38 1496.795 1495.21 1493.625 1489.204 1481.864 1474.525 1467.185 1459.846 1451.132 1442.366 1433.601 1424.835 1418.694 1415.964 1413.234 1410.504 1407.775 1404.556 1401.286 1398.016 1394.747 1391.336 1387.691 1384.046 1380.401 1376.756 1379.9 1384.262 1388.624 1392.987 1398.425 1406.164 1413.902 1421.64 1429.379 1437.186 1445.012 1452.838 1460.664 1467.694 1472.469 1477.243
1405.188 1407.974 1412.46 1416.946 1421.432 1425.918 1432.508 1440.449 1448.391 1456.332 1464.165 1470.746 1477.328 1483.909 1490.49 1494.244 1495.691 1497.138 1498.585 1499.973 1498.72 1497.468 1496.216 1494.964 1490.81 1483.669 1476.528 1469.387 1462.246 1452.779 1443.224 1433.669 1424.114 1417.499 1414.704 1411.91 1409.116 1406.322 1403.471 1400.615 1397.759 1394.903 1391.879 1388.577 1385.276 1381.975 1378.673 1381.423 1385.259 1389.096 1392.932 1397.815 1404.936 1412.057 1419.178 1426.299 1433.595 1440.937 1448.28 1455.623 1462.272 1466.955 1471.639
1408.916 1412.284 1417.168 1422.051 1426.934 1431.818 1438.396 1446.063 1453.731 1461.399 1468.918 1474.726 1480.535 1486.343 1492.151 1495.397 1496.554 1497.711 1498.868 1499.98 1499.061 1498.141 1497.222 1496.302 1492.415 1485.473 1478.531 1471.589 1464.646 1454.425 1444.081 1433.737 1423.393 1416.303 1413.445 1410.586 1407.727 1404.869 1402.387 1399.944 1397.501 1395.058 1392.421 1389.464 1386.506 1383.548 1380.591 1382.947 1386.257 1389.567 1392.877 1397.205 1403.708 1410.212 1416.715 1423.219 1430.003 1436.863 1443.722 1450.582 1456.85 1461.442 1466.034
