data/zism_data/00670_02_D.txt
ncols         224
nrows         224
[rows 28 to 55 of 224, columns 0 to 62 of 224]
1370.497 1369.163 1368.13 1367.097 1366.065 1365.032 1364.635 1364.495 1364.355 1364.214 1364.295 1365.336 1366.378 1367.419 1368.46 1368.828 1368.852 1368.877 1368.901 1368.677 1366.887 1365.096 1363.306 1361.515 1358.696 1355.222 1351.749 1348.276 1344.703 1340.077 1335.452 1330.826 1326.2 1321.37 1316.378 1311.387 1306.395 1301.29 1293.138 1284.986 1276.833 1268.681 1261.9 1256.432 1250.965 1245.497 1240.029 1236.792 1233.588 1230.384 1227.179 1224.103 1221.177 1218.251 1215.326 1212.4 1210.657 1208.996 1207.335 1205.674 1204.865 1205.279 1205.693
1368.808 1367.559 1366.513 1365.466 1364.42 1363.373 1362.869 1362.583 1362.298 1362.013 1361.914 1362.623 1363.333 1364.042 1364.752 1364.728 1364.33 1363.931 1363.533 1362.908 1360.856 1358.804 1356.752 1354.701 1351.624 1347.898 1344.171 1340.444 1336.668 1332.373 1328.078 1323.782 1319.487 1315.054 1310.513 1305.972 1301.431 1296.785 1289.321 1281.858 1274.395 1266.931 1260.746 1255.786 1250.825 1245.864 1240.904 1237.812 1234.748 1231.683 1228.619 1225.681 1222.892 1220.103 1217.314 1214.525 1212.835 1211.222 1209.608 1207.995 1207.21 1207.617 1208.024
1367.11 1365.948 1364.885 1363.823 1362.76 1361.697 1361.085 1360.654 1360.224 1359.793 1359.512 1359.883 1360.253 1360.624 1360.994 1360.578 1359.759 1358.941 1358.123 1357.102 1354.803 1352.503 1350.204 1347.904 1344.577 1340.598 1336.618 1332.638 1328.658 1324.675 1320.692 1316.709 1312.725 1308.677 1304.577 1300.478 1296.378 1292.182 1285.419 1278.655 1271.891 1265.128 1259.549 1255.105 1250.661 1246.217 1241.773 1238.821 1235.892 1232.962 1230.032 1227.231 1224.582 1221.933 1219.284 1216.635 1215.009 1213.455 1211.901 1210.347 1209.592 1209.989 1210.385
1365.413 1364.337 1363.258 1362.179 1361.1 1360.021 1359.301 1358.725 1358.149 1357.573 1357.111 1357.142 1357.174 1357.205 1357.236 1356.427 1355.189 1353.951 1352.713 1351.296 1348.749 1346.202 1343.655 1341.108 1337.53 1333.298 1329.065 1324.832 1320.648 1316.977 1313.306 1309.635 1305.964 1302.3 1298.642 1294.983 1291.325 1287.58 1281.516 1275.452 1269.388 1263.324 1258.351 1254.424 1250.497 1246.569 1242.642 1239.831 1237.036 1234.24 1231.445 1228.781 1226.272 1223.763 1221.254 1218.744 1217.184 1215.689 1214.193 1212.698 1211.975 1212.36 1212.746
1363.715 1362.726 1361.631 1360.536 1359.441 1358.345 1357.517 1356.796 1356.074 1355.353 1354.709 1354.402 1354.094 1353.786 1353.478 1352.277 1350.619 1348.961 1347.304 1345.49 1342.696 1339.901 1337.106 1334.312 1330.483 1325.997 1321.512 1317.026 1312.638 1309.279 1305.92 1302.561 1299.202 1295.923 1292.706 1289.489 1286.272 1282.978 1277.613 1272.249 1266.885 1261.52 1257.154 1253.743 1250.333 1246.922 1243.512 1240.84 1238.179 1235.519 1232.858 1230.332 1227.962 1225.593 1223.224 1220.854 1219.358 1217.922 1216.486 1215.05 1214.357 1214.732 1215.107
1362.053 1361.168 1360.047 1358.925 1357.804 1356.682 1355.751 1354.897 1354.043 1353.189 1352.387 1351.813 1351.24 1350.666 1350.092 1348.609 1346.663 1344.716 1342.77 1340.68 1337.686 1334.692 1331.697 1328.703 1324.739 1320.158 1315.578 1310.998 1306.54 1303.383 1300.226 1297.069 1293.912 1290.836 1287.823 1284.81 1281.797 1278.719 1273.921 1269.123 1264.325 1259.527 1255.671 1252.717 1249.763 1246.808 1243.854 1241.363 1238.878 1236.394 1233.909 1231.557 1229.359 1227.161 1224.962 1222.764 1221.36 1220.01 1218.66 1217.311 1216.668 1217.043 1217.417
1360.448 1359.697 1358.532 1357.368 1356.203 1355.038 1354.014 1353.047 1352.08 1351.113 1350.192 1349.467 1348.742 1348.018 1347.293 1345.706 1343.679 1341.652 1339.625 1337.449 1334.33 1331.212 1328.094 1324.976 1321.059 1316.635 1312.21 1307.786 1303.474 1300.344 1297.214 1294.083 1290.953 1287.792 1284.607 1281.422 1278.236 1275.006 1270.563 1266.12 1261.677 1257.235 1253.736 1251.143 1248.549 1245.955 1243.362 1241.114 1238.872 1236.63 1234.388 1232.267 1230.29 1228.312 1226.335 1224.357 1223.088 1221.867 1220.647 1219.427 1218.867 1219.257 1219.648
1358.843 1358.225 1357.018 1355.81 1354.602 1353.395 1352.278 1351.198 1350.118 1349.038 1347.996 1347.12 1346.245 1345.37 1344.495 1342.803 1340.695 1338.588 1336.48 1334.217 1330.975 1327.733 1324.491 1321.249 1317.38 1313.111 1308.843 1304.575 1300.407 1297.304 1294.201 1291.098 1287.994 1284.748 1281.391 1278.033 1274.676 1271.292 1267.205 1263.117 1259.03 1254.942 1251.802 1249.569 1247.336 1245.103 1242.869 1240.866 1238.866 1236.866 1234.866 1232.978 1231.221 1229.464 1227.707 1225.95 1224.816 1223.725 1222.634 1221.542 1221.065 1221.472 1221.879
1357.238 1356.754 1355.503 1354.252 1353.002 1351.751 1350.541 1349.348 1348.155 1346.962 1345.8 1344.774 1343.748 1342.722 1341.696 1339.9 1337.712 1335.523 1333.334 1330.985 1327.619 1324.254 1320.888 1317.522 1313.7 1309.588 1305.476 1301.364 1297.341 1294.265 1291.188 1288.112 1285.036 1281.705 1278.175 1274.645 1271.115 1267.578 1263.846 1260.114 1256.382 1252.649 1249.867 1247.995 1246.122 1244.25 1242.377 1240.618 1238.86 1237.102 1235.344 1233.688 1232.152 1230.616 1229.08 1227.544 1226.544 1225.582 1224.62 1223.658 1223.264 1223.687 1224.11
1355.633 1355.282 1353.989 1352.695 1351.401 1350.107 1348.804 1347.498 1346.192 1344.886 1343.604 1342.428 1341.251 1340.074 1338.897 1336.997 1334.728 1332.459 1330.189 1327.753 1324.264 1320.774 1317.285 1313.795 1310.02 1306.064 1302.108 1298.152 1294.274 1291.225 1288.176 1285.126 1282.077 1278.661 1274.959 1271.257 1267.555 1263.865 1260.488 1257.111 1253.734 1250.357 1247.932 1246.42 1244.909 1243.397 1241.885 1240.369 1238.854 1237.338 1235.822 1234.399 1233.083 1231.768 1230.452 1229.137 1228.273 1227.44 1226.607 1225.774 1225.463 1225.902 1226.341
1354.016 1353.709 1352.452 1351.195 1349.938 1348.681 1347.35 1345.989 1344.627 1343.266 1341.917 1340.625 1339.333 1338.042 1336.75 1334.816 1332.555 1330.293 1328.032 1325.618 1322.235 1318.853 1315.47 1312.088 1308.483 1304.736 1300.989 1297.242 1293.557 1290.516 1287.476 1284.436 1281.396 1278.027 1274.401 1270.776 1267.15 1263.539 1260.313 1257.087 1253.861 1250.635 1248.317 1246.868 1245.419 1243.97 1242.522 1241.163 1239.805 1238.447 1237.089 1235.801 1234.596 1233.39 1232.184 1230.978 1230.142 1229.332 1228.522 1227.711 1227.417 1227.863 1228.309
1352.396 1352.114 1350.911 1349.708 1348.505 1347.302 1345.955 1344.551 1343.146 1341.742 1340.338 1338.939 1337.539 1336.14 1334.74 1332.788 1330.553 1328.319 1326.085 1323.715 1320.488 1317.262 1314.036 1310.809 1307.4 1303.874 1300.348 1296.822 1293.338 1290.303 1287.268 1284.233 1281.198 1277.905 1274.408 1270.912 1267.415 1263.932 1260.814 1257.696 1254.577 1251.459 1249.193 1247.745 1246.296 1244.847 1243.399 1242.177 1240.96 1239.742 1238.524 1237.351 1236.231 1235.112 1233.992 1232.872 1232.042 1231.232 1230.422 1229.611 1229.318 1229.77 1230.222
1350.776 1350.52 1349.37 1348.221 1347.072 1345.922 1344.561 1343.113 1341.666 1340.218 1338.759 1337.252 1335.745 1334.238 1332.73 1330.76 1328.552 1326.345 1324.137 1321.812 1318.741 1315.671 1312.601 1309.531 1306.317 1303.011 1299.706 1296.401 1293.119 1290.09 1287.06 1284.031 1281.001 1277.782 1274.415 1271.048 1267.681 1264.326 1261.315 1258.305 1255.294 1252.283 1250.07 1248.622 1247.173 1245.724 1244.276 1243.192 1242.114 1241.036 1239.958 1238.901 1237.867 1236.834 1235.8 1234.767 1233.942 1233.132 1232.321 1231.511 1231.221 1231.678 1232.135
1349.157 1348.925 1347.829 1346.734 1345.638 1344.543 1343.166 1341.675 1340.185 1338.694 1337.18 1335.566 1333.951 1332.336 1330.721 1328.732 1326.551 1324.37 1322.19 1319.909 1316.995 1314.081 1311.166 1308.252 1305.234 1302.149 1299.064 1295.98 1292.901 1289.876 1286.852 1283.828 1280.804 1277.66 1274.422 1271.184 1267.946 1264.72 1261.817 1258.913 1256.01 1253.107 1250.947 1249.498 1248.05 1246.601 1245.152 1244.207 1243.269 1242.331 1241.393 1240.451 1239.503 1238.556 1237.608 1236.661 1235.842 1235.031 1234.221 1233.411 1233.123 1233.585 1234.048
1347.693 1347.461 1346.402 1345.343 1344.285 1343.226 1341.842 1340.327 1338.812 1337.296 1335.748 1334.053 1332.359 1330.665 1328.971 1326.966 1324.802 1322.639 1320.475 1318.231 1315.478 1312.726 1309.974 1307.221 1304.39 1301.509 1298.628 1295.747 1292.857 1289.862 1286.867 1283.873 1280.878 1277.826 1274.728 1271.63 1268.533 1265.445 1262.636 1259.826 1257.017 1254.207 1252.085 1250.623 1249.16 1247.697 1246.234 1245.396 1244.567 1243.738 1242.908 1242.066 1241.207 1240.349 1239.49 1238.632 1237.81 1236.992 1236.173 1235.354 1235.062 1235.527 1235.992
1346.667 1346.362 1345.293 1344.223 1343.154 1342.084 1340.717 1339.228 1337.74 1336.251 1334.725 1333.03 1331.336 1329.642 1327.948 1325.936 1323.761 1321.587 1319.413 1317.184 1314.609 1312.034 1309.459 1306.884 1304.218 1301.493 1298.768 1296.043 1293.303 1290.406 1287.508 1284.61 1281.712 1278.799 1275.874 1272.948 1270.023 1267.104 1264.348 1261.592 1258.836 1256.081 1253.958 1252.441 1250.924 1249.408 1247.891 1247.073 1246.266 1245.458 1244.65 1243.864 1243.102 1242.341 1241.579 1240.818 1239.972 1239.121 1238.27 1237.419 1237.105 1237.565 1238.025
1345.64 1345.263 1344.183 1343.103 1342.023 1340.943 1339.591 1338.13 1336.668 1335.207 1333.702 1332.007 1330.313 1328.619 1326.925 1324.906 1322.721 1320.535 1318.35 1316.136 1313.739 1311.342 1308.945 1306.547 1304.045 1301.476 1298.908 1296.339 1293.75 1290.949 1288.148 1285.347 1282.547 1279.772 1277.019 1274.266 1271.513 1268.762 1266.06 1263.358 1260.656 1257.954 1255.83 1254.259 1252.689 1251.119 1249.548 1248.751 1247.964 1247.178 1246.392 1245.662 1244.997 1244.333 1243.668 1243.003 1242.134 1241.251 1240.367 1239.484 1239.149 1239.603 1240.058
1344.614 1344.165 1343.074 1341.983 1340.892 1339.801 1338.465 1337.031 1335.596 1334.162 1332.679 1330.984 1329.29 1327.596 1325.902 1323.876 1321.68 1319.484 1317.288 1315.089 1312.869 1310.65 1308.43 1306.21 1303.873 1301.46 1299.047 1296.635 1294.197 1291.493 1288.789 1286.085 1283.381 1280.746 1278.165 1275.584 1273.003 1270.42 1267.772 1265.124 1262.475 1259.827 1257.702 1256.078 1254.453 1252.829 1251.205 1250.428 1249.663 1248.899 1248.134 1247.46 1246.892 1246.325 1245.757 1245.189 1244.296 1243.38 1242.464 1241.549 1241.193 1241.642 1242.091
1343.588 1343.066 1341.965 1340.863 1339.761 1338.66 1337.34 1335.932 1334.525 1333.117 1331.656 1329.962 1328.267 1326.573 1324.879 1322.846 1320.639 1318.432 1316.226 1314.042 1312.0 1309.958 1307.916 1305.874 1303.7 1301.444 1299.187 1296.931 1294.644 1292.036 1289.429 1286.822 1284.215 1281.719 1279.311 1276.902 1274.493 1272.078 1269.484 1266.889 1264.295 1261.701 1259.574 1257.896 1256.218 1254.54 1252.862 1252.105 1251.362 1250.619 1249.876 1249.258 1248.787 1248.317 1247.845 1247.375 1246.457 1245.51 1244.562 1243.614 1243.236 1243.68 1244.123
1343.21 1342.636 1341.535 1340.434 1339.333 1338.232 1336.939 1335.57 1334.2 1332.831 1331.401 1329.707 1328.012 1326.318 1324.624 1322.658 1320.554 1318.45 1316.346 1314.266 1312.341 1310.417 1308.492 1306.567 1304.523 1302.404 1300.284 1298.165 1296.011 1293.49 1290.968 1288.446 1285.925 1283.508 1281.173 1278.839 1276.505 1274.163 1271.63 1269.097 1266.564 1264.031 1261.938 1260.267 1258.595 1256.923 1255.252 1254.453 1253.668 1252.882 1252.096 1251.445 1250.95 1250.455 1249.96 1249.466 1248.552 1247.609 1246.667 1245.724 1245.313 1245.664 1246.016
1343.109 1342.491 1341.396 1340.3 1339.204 1338.108 1336.848 1335.522 1334.195 1332.869 1331.474 1329.78 1328.086 1326.391 1324.697 1322.831 1320.878 1318.924 1316.971 1315.033 1313.2 1311.367 1309.534 1307.7 1305.771 1303.781 1301.791 1299.801 1297.772 1295.331 1292.89 1290.449 1288.008 1285.645 1283.343 1281.041 1278.738 1276.43 1273.962 1271.493 1269.025 1266.557 1264.512 1262.873 1261.233 1259.594 1257.955 1257.088 1256.232 1255.377 1254.521 1253.797 1253.227 1252.657 1252.086 1251.516 1250.618 1249.697 1248.776 1247.855 1247.403 1247.625 1247.847
1343.008 1342.346 1341.256 1340.166 1339.075 1337.985 1336.757 1335.474 1334.19 1332.907 1331.547 1329.853 1328.159 1326.464 1324.77 1323.004 1321.201 1319.398 1317.595 1315.801 1314.059 1312.318 1310.576 1308.834 1307.019 1305.158 1303.297 1301.436 1299.532 1297.172 1294.812 1292.452 1290.092 1287.782 1285.512 1283.242 1280.972 1278.697 1276.294 1273.89 1271.486 1269.083 1267.086 1265.479 1263.872 1262.265 1260.658 1259.722 1258.797 1257.871 1256.946 1256.149 1255.503 1254.858 1254.213 1253.567 1252.684 1251.785 1250.885 1249.986 1249.493 1249.586 1249.679
1342.907 1342.202 1341.116 1340.031 1338.947 1337.861 1336.666 1335.426 1334.185 1332.945 1331.62 1329.926 1328.232 1326.537 1324.843 1323.177 1321.525 1319.873 1318.22 1316.568 1314.918 1313.268 1311.618 1309.968 1308.267 1306.536 1304.804 1303.072 1301.293 1299.013 1296.734 1294.454 1292.175 1289.919 1287.681 1285.444 1283.206 1280.965 1278.626 1276.286 1273.947 1271.608 1269.659 1268.085 1266.51 1264.935 1263.361 1262.357 1261.361 1260.366 1259.37 1258.501 1257.78 1257.059 1256.339 1255.618 1254.75 1253.872 1252.994 1252.116 1251.583 1251.547 1251.511
1342.944 1342.209 1341.13 1340.051 1338.972 1337.893 1336.726 1335.524 1334.322 1333.119 1331.826 1330.136 1328.446 1326.756 1325.067 1323.488 1321.965 1320.443 1318.921 1317.393 1315.83 1314.268 1312.705 1311.143 1309.549 1307.935 1306.321 1304.707 1303.044 1300.854 1298.664 1296.475 1294.285 1292.082 1289.87 1287.657 1285.444 1283.228 1280.946 1278.663 1276.38 1274.097 1272.19 1270.644 1269.097 1267.55 1266.003 1264.934 1263.872 1262.811 1261.749 1260.809 1260.011 1259.213 1258.416 1257.618 1256.758 1255.894 1255.031 1254.167 1253.59 1253.428 1253.266
1343.841 1343.161 1342.093 1341.025 1339.957 1338.889 1337.729 1336.532 1335.335 1334.138 1332.855 1331.197 1329.54 1327.882 1326.225 1324.657 1323.135 1321.612 1320.09 1318.571 1317.073 1315.575 1314.077 1312.579 1311.04 1309.475 1307.909 1306.344 1304.737 1302.693 1300.648 1298.604 1296.559 1294.408 1292.174 1289.94 1287.705 1285.469 1283.192 1280.915 1278.637 1276.36 1274.456 1272.909 1271.362 1269.815 1268.268 1267.157 1266.052 1264.947 1263.842 1262.839 1261.955 1261.072 1260.188 1259.304 1258.409 1257.513 1256.616 1255.72 1255.081 1254.811 1254.541
1344.738 1344.114 1343.056 1341.999 1340.942 1339.884 1338.731 1337.54 1336.348 1335.156 1333.884 1332.259 1330.633 1329.008 1327.383 1325.826 1324.304 1322.781 1321.259 1319.749 1318.316 1316.882 1315.449 1314.016 1312.531 1311.014 1309.497 1307.98 1306.43 1304.531 1302.632 1300.733 1298.834 1296.735 1294.479 1292.223 1289.967 1287.71 1285.438 1283.167 1280.894 1278.622 1276.721 1275.174 1273.627 1272.08 1270.533 1269.38 1268.232 1267.084 1265.936 1264.87 1263.9 1262.93 1261.96 1260.99 1260.059 1259.131 1258.202 1257.274 1256.571 1256.194 1255.816
1345.634 1345.066 1344.02 1342.973 1341.927 1340.88 1339.734 1338.548 1337.361 1336.175 1334.913 1333.32 1331.727 1330.134 1328.541 1326.995 1325.473 1323.95 1322.428 1320.927 1319.558 1318.189 1316.821 1315.452 1314.022 1312.554 1311.085 1309.616 1308.123 1306.37 1304.616 1302.862 1301.108 1299.061 1296.783 1294.506 1292.229 1289.952 1287.685 1285.418 1283.152 1280.885 1278.986 1277.439 1275.892 1274.345 1272.798 1271.602 1270.411 1269.22 1268.029 1266.901 1265.844 1264.788 1263.732 1262.676 1261.709 1260.749 1259.788 1258.827 1258.062 1257.576 1257.091
1346.531 1346.019 1344.983 1343.947 1342.911 1341.875 1340.736 1339.555 1338.375 1337.194 1335.942 1334.381 1332.821 1331.26 1329.699 1328.164 1326.642 1325.12 1323.597 1322.105 1320.801 1319.496 1318.192 1316.888 1315.513 1314.093 1312.673 1311.253 1309.817 1308.208 1306.6 1304.991 1303.383 1301.387 1299.088 1296.789 1294.49 1292.193 1289.931 1287.67 1285.409 1283.148 1281.251 1279.704 1278.157 1276.61 1275.064 1273.825 1272.591 1271.357 1270.123 1268.931 1267.789 1266.647 1265.505 1264.363 1263.36 1262.367 1261.374 1260.381 1259.552 1258.959 1258.366
