data/zism_data/00671_01_D.txt
ncols         224
nrows         224
[rows 84 to 111 of 224, columns 0 to 62 of 224]
1197.388 1196.165 1194.941 1193.718 1192.494 1191.33 1190.203 1189.076 1187.949 1186.839 1186.086 1185.333 1184.58 1183.827 1183.382 1183.28 1183.177 1183.074 1182.972 1183.165 1183.39 1183.615 1183.84 1184.159 1184.667 1185.174 1185.682 1186.189 1186.672 1187.146 1187.621 1188.096 1188.709 1189.888 1191.067 1192.246 1193.425 1194.469 1195.432 1196.395 1197.358 1198.28 1198.528 1198.777 1199.026 1199.274 1199.373 1199.315 1199.257 1199.199 1199.141 1198.907 1198.659 1198.41 1198.161 1197.93 1197.729 1197.528 1197.327 1197.126 1196.865 1196.586 1196.308
1196.743 1195.685 1194.627 1193.568 1192.51 1191.531 1190.601 1189.671 1188.741 1187.829 1187.311 1186.792 1186.273 1185.755 1185.448 1185.376 1185.304 1185.233 1185.161 1185.306 1185.473 1185.641 1185.808 1186.055 1186.457 1186.859 1187.261 1187.663 1187.993 1188.301 1188.609 1188.917 1189.373 1190.435 1191.497 1192.559 1193.621 1194.608 1195.552 1196.496 1197.439 1198.341 1198.56 1198.778 1198.997 1199.216 1199.293 1199.221 1199.149 1199.078 1199.006 1198.802 1198.587 1198.371 1198.156 1197.974 1197.855 1197.737 1197.618 1197.499 1197.304 1197.088 1196.872
1195.893 1194.995 1194.097 1193.199 1192.302 1191.541 1190.868 1190.195 1189.521 1188.865 1188.57 1188.276 1187.982 1187.688 1187.507 1187.451 1187.395 1187.339 1187.284 1187.396 1187.526 1187.656 1187.786 1187.956 1188.203 1188.45 1188.697 1188.944 1189.152 1189.348 1189.544 1189.74 1190.084 1191.033 1191.983 1192.933 1193.882 1194.788 1195.667 1196.547 1197.427 1198.267 1198.486 1198.705 1198.924 1199.143 1199.227 1199.172 1199.116 1199.06 1199.005 1198.846 1198.679 1198.512 1198.344 1198.207 1198.126 1198.044 1197.963 1197.881 1197.724 1197.545 1197.366
1195.044 1194.306 1193.568 1192.831 1192.093 1191.552 1191.135 1190.718 1190.302 1189.9 1189.83 1189.76 1189.69 1189.621 1189.565 1189.525 1189.486 1189.446 1189.406 1189.486 1189.579 1189.672 1189.764 1189.857 1189.949 1190.041 1190.134 1190.226 1190.311 1190.395 1190.479 1190.562 1190.794 1191.631 1192.469 1193.306 1194.144 1194.967 1195.783 1196.598 1197.414 1198.194 1198.413 1198.632 1198.851 1199.07 1199.162 1199.122 1199.083 1199.043 1199.003 1198.89 1198.771 1198.652 1198.533 1198.44 1198.396 1198.352 1198.308 1198.264 1198.144 1198.002 1197.861
1194.194 1193.617 1193.039 1192.462 1191.884 1191.563 1191.402 1191.242 1191.082 1190.935 1191.09 1191.244 1191.399 1191.553 1191.624 1191.6 1191.576 1191.552 1191.529 1191.577 1191.632 1191.687 1191.742 1191.758 1191.695 1191.633 1191.57 1191.507 1191.471 1191.442 1191.413 1191.385 1191.505 1192.23 1192.955 1193.68 1194.405 1195.147 1195.898 1196.65 1197.401 1198.121 1198.34 1198.559 1198.778 1198.996 1199.097 1199.073 1199.049 1199.026 1199.002 1198.935 1198.864 1198.792 1198.721 1198.673 1198.666 1198.659 1198.653 1198.646 1198.563 1198.46 1198.356
1193.344 1192.927 1192.51 1192.093 1191.676 1191.573 1191.67 1191.766 1191.862 1191.971 1192.35 1192.729 1193.108 1193.486 1193.682 1193.674 1193.667 1193.659 1193.651 1193.667 1193.685 1193.703 1193.72 1193.659 1193.442 1193.224 1193.006 1192.789 1192.63 1192.489 1192.348 1192.207 1192.215 1192.828 1193.441 1194.054 1194.667 1195.326 1196.014 1196.701 1197.388 1198.048 1198.267 1198.485 1198.704 1198.923 1199.031 1199.024 1199.016 1199.008 1199.001 1198.979 1198.956 1198.933 1198.91 1198.906 1198.936 1198.967 1198.998 1199.029 1198.983 1198.917 1198.85
1192.39 1192.189 1191.988 1191.787 1191.586 1191.704 1192.023 1192.342 1192.661 1192.989 1193.495 1194.0 1194.506 1195.012 1195.278 1195.278 1195.278 1195.278 1195.278 1195.278 1195.278 1195.278 1195.278 1195.174 1194.866 1194.557 1194.249 1193.94 1193.685 1193.446 1193.207 1192.968 1192.88 1193.408 1193.937 1194.466 1194.994 1195.593 1196.233 1196.872 1197.512 1198.127 1198.337 1198.548 1198.758 1198.969 1199.081 1199.089 1199.097 1199.106 1199.114 1199.115 1199.115 1199.115 1199.115 1199.13 1199.173 1199.216 1199.259 1199.302 1199.258 1199.19 1199.122
1191.34 1191.406 1191.472 1191.538 1191.605 1191.944 1192.455 1192.967 1193.479 1193.992 1194.535 1195.078 1195.621 1196.165 1196.45 1196.45 1196.45 1196.45 1196.45 1196.45 1196.45 1196.45 1196.45 1196.336 1195.995 1195.655 1195.314 1194.973 1194.645 1194.32 1193.996 1193.671 1193.503 1193.973 1194.443 1194.913 1195.382 1195.939 1196.547 1197.154 1197.762 1198.346 1198.54 1198.735 1198.929 1199.124 1199.235 1199.259 1199.284 1199.308 1199.332 1199.334 1199.334 1199.334 1199.334 1199.346 1199.378 1199.41 1199.443 1199.475 1199.4 1199.294 1199.189
1190.29 1190.623 1190.957 1191.29 1191.623 1192.184 1192.888 1193.592 1194.296 1194.994 1195.575 1196.156 1196.736 1197.317 1197.622 1197.622 1197.622 1197.622 1197.622 1197.622 1197.622 1197.622 1197.622 1197.497 1197.124 1196.752 1196.379 1196.006 1195.605 1195.195 1194.785 1194.375 1194.126 1194.537 1194.948 1195.359 1195.771 1196.285 1196.861 1197.436 1198.012 1198.565 1198.743 1198.921 1199.1 1199.278 1199.389 1199.43 1199.47 1199.51 1199.551 1199.554 1199.554 1199.554 1199.554 1199.562 1199.583 1199.605 1199.627 1199.648 1199.542 1199.399 1199.256
1189.24 1189.841 1190.441 1191.042 1191.642 1192.424 1193.32 1194.217 1195.113 1195.997 1196.615 1197.233 1197.851 1198.469 1198.794 1198.794 1198.794 1198.794 1198.794 1198.794 1198.794 1198.794 1198.794 1198.658 1198.253 1197.849 1197.444 1197.039 1196.565 1196.069 1195.574 1195.078 1194.75 1195.102 1195.454 1195.806 1196.159 1196.631 1197.175 1197.718 1198.262 1198.783 1198.946 1199.108 1199.271 1199.433 1199.543 1199.6 1199.656 1199.713 1199.769 1199.774 1199.774 1199.774 1199.774 1199.778 1199.789 1199.8 1199.811 1199.822 1199.683 1199.503 1199.323
1188.19 1189.058 1189.925 1190.793 1191.661 1192.664 1193.753 1194.841 1195.93 1197.0 1197.655 1198.311 1198.966 1199.622 1199.966 1199.966 1199.966 1199.966 1199.966 1199.966 1199.966 1199.966 1199.966 1199.819 1199.383 1198.946 1198.509 1198.072 1197.525 1196.944 1196.363 1195.781 1195.373 1195.666 1195.96 1196.253 1196.547 1196.977 1197.489 1198.0 1198.512 1199.002 1199.149 1199.295 1199.441 1199.588 1199.698 1199.77 1199.843 1199.915 1199.988 1199.994 1199.994 1199.994 1199.994 1199.994 1199.994 1199.994 1199.995 1199.995 1199.825 1199.607 1199.389
1187.06 1188.142 1189.225 1190.308 1191.391 1192.554 1193.768 1194.982 1196.195 1197.383 1198.009 1198.634 1199.259 1199.885 1200.218 1200.229 1200.239 1200.249 1200.26 1200.237 1200.211 1200.185 1200.159 1200.0 1199.578 1199.156 1198.734 1198.312 1197.826 1197.32 1196.814 1196.308 1195.946 1196.165 1196.384 1196.603 1196.822 1197.192 1197.651 1198.109 1198.568 1199.007 1199.121 1199.236 1199.351 1199.466 1199.552 1199.61 1199.667 1199.725 1199.782 1199.787 1199.787 1199.787 1199.787 1199.779 1199.759 1199.738 1199.717 1199.696 1199.529 1199.32 1199.112
1185.927 1187.223 1188.52 1189.817 1191.113 1192.434 1193.771 1195.107 1196.444 1197.748 1198.341 1198.935 1199.528 1200.121 1200.443 1200.464 1200.485 1200.506 1200.527 1200.482 1200.429 1200.376 1200.324 1200.152 1199.746 1199.34 1198.934 1198.528 1198.107 1197.681 1197.256 1196.83 1196.517 1196.661 1196.806 1196.95 1197.094 1197.402 1197.808 1198.213 1198.618 1199.005 1199.088 1199.17 1199.253 1199.336 1199.398 1199.439 1199.481 1199.522 1199.564 1199.567 1199.567 1199.567 1199.567 1199.552 1199.51 1199.468 1199.426 1199.384 1199.22 1199.022 1198.824
1184.794 1186.304 1187.814 1189.325 1190.835 1192.314 1193.774 1195.233 1196.693 1198.113 1198.674 1199.235 1199.797 1200.358 1200.668 1200.7 1200.731 1200.763 1200.795 1200.726 1200.647 1200.567 1200.488 1200.304 1199.914 1199.524 1199.134 1198.744 1198.388 1198.043 1197.697 1197.352 1197.088 1197.158 1197.227 1197.297 1197.366 1197.613 1197.965 1198.317 1198.669 1199.003 1199.054 1199.104 1199.155 1199.206 1199.244 1199.269 1199.294 1199.32 1199.345 1199.347 1199.347 1199.347 1199.347 1199.325 1199.261 1199.198 1199.134 1199.071 1198.911 1198.724 1198.537
1183.661 1185.385 1187.109 1188.833 1190.557 1192.194 1193.777 1195.359 1196.941 1198.478 1199.007 1199.536 1200.065 1200.594 1200.893 1200.935 1200.978 1201.02 1201.063 1200.971 1200.864 1200.758 1200.652 1200.456 1200.082 1199.708 1199.334 1198.96 1198.669 1198.404 1198.139 1197.873 1197.659 1197.654 1197.649 1197.644 1197.638 1197.824 1198.122 1198.421 1198.719 1199.001 1199.02 1199.038 1199.057 1199.075 1199.089 1199.099 1199.108 1199.117 1199.127 1199.127 1199.127 1199.127 1199.127 1199.098 1199.013 1198.928 1198.843 1198.758 1198.602 1198.425 1198.249
1183.102 1184.984 1186.866 1188.747 1190.629 1192.354 1193.981 1195.608 1197.234 1198.812 1199.316 1199.82 1200.324 1200.828 1201.113 1201.157 1201.202 1201.246 1201.29 1201.17 1201.032 1200.895 1200.758 1200.551 1200.206 1199.862 1199.517 1199.173 1198.918 1198.69 1198.462 1198.234 1198.04 1197.985 1197.93 1197.874 1197.819 1197.959 1198.215 1198.472 1198.728 1198.969 1198.969 1198.969 1198.969 1198.969 1198.962 1198.946 1198.93 1198.914 1198.899 1198.893 1198.889 1198.884 1198.88 1198.839 1198.73 1198.622 1198.513 1198.405 1198.238 1198.054 1197.87
1183.337 1185.299 1187.26 1189.222 1191.184 1192.901 1194.464 1196.026 1197.589 1199.104 1199.592 1200.08 1200.568 1201.056 1201.328 1201.361 1201.395 1201.428 1201.462 1201.307 1201.132 1200.957 1200.783 1200.567 1200.271 1199.974 1199.678 1199.381 1199.121 1198.872 1198.623 1198.374 1198.159 1198.088 1198.016 1197.945 1197.874 1197.991 1198.221 1198.45 1198.68 1198.896 1198.896 1198.896 1198.896 1198.896 1198.87 1198.817 1198.764 1198.711 1198.657 1198.639 1198.624 1198.609 1198.594 1198.536 1198.401 1198.266 1198.131 1197.996 1197.797 1197.582 1197.366
1183.571 1185.613 1187.655 1189.697 1191.739 1193.448 1194.946 1196.445 1197.943 1199.396 1199.868 1200.34 1200.812 1201.284 1201.543 1201.565 1201.588 1201.611 1201.634 1201.444 1201.232 1201.02 1200.807 1200.583 1200.335 1200.087 1199.838 1199.59 1199.324 1199.054 1198.783 1198.513 1198.278 1198.191 1198.103 1198.016 1197.929 1198.023 1198.226 1198.429 1198.632 1198.823 1198.823 1198.823 1198.823 1198.823 1198.778 1198.688 1198.597 1198.507 1198.416 1198.385 1198.359 1198.334 1198.308 1198.234 1198.072 1197.91 1197.748 1197.586 1197.357 1197.11 1196.862
1183.805 1185.928 1188.05 1190.172 1192.294 1193.995 1195.429 1196.863 1198.297 1199.689 1200.145 1200.6 1201.056 1201.512 1201.757 1201.769 1201.781 1201.794 1201.806 1201.581 1201.331 1201.082 1200.832 1200.599 1200.399 1200.199 1199.999 1199.798 1199.528 1199.236 1198.944 1198.652 1198.397 1198.294 1198.19 1198.087 1197.983 1198.055 1198.231 1198.408 1198.584 1198.75 1198.75 1198.75 1198.75 1198.75 1198.687 1198.559 1198.431 1198.303 1198.175 1198.131 1198.095 1198.058 1198.022 1197.932 1197.743 1197.555 1197.366 1197.177 1196.917 1196.637 1196.358
1184.04 1186.242 1188.444 1190.647 1192.849 1194.541 1195.911 1197.281 1198.652 1199.981 1200.421 1200.861 1201.3 1201.74 1201.972 1201.973 1201.975 1201.976 1201.978 1201.718 1201.431 1201.144 1200.857 1200.615 1200.463 1200.311 1200.159 1200.007 1199.731 1199.418 1199.104 1198.791 1198.516 1198.397 1198.277 1198.158 1198.038 1198.087 1198.237 1198.386 1198.536 1198.676 1198.676 1198.676 1198.676 1198.676 1198.595 1198.43 1198.265 1198.099 1197.934 1197.877 1197.83 1197.783 1197.736 1197.63 1197.414 1197.199 1196.983 1196.768 1196.477 1196.165 1195.853
1184.334 1186.598 1188.862 1191.126 1193.39 1195.078 1196.403 1197.727 1199.052 1200.336 1200.746 1201.156 1201.566 1201.976 1202.178 1202.15 1202.122 1202.094 1202.066 1201.825 1201.561 1201.297 1201.033 1200.795 1200.607 1200.419 1200.232 1200.044 1199.772 1199.474 1199.177 1198.879 1198.621 1198.523 1198.424 1198.326 1198.228 1198.239 1198.315 1198.391 1198.468 1198.539 1198.539 1198.539 1198.539 1198.539 1198.452 1198.272 1198.093 1197.913 1197.734 1197.644 1197.563 1197.482 1197.401 1197.276 1197.072 1196.867 1196.662 1196.457 1196.147 1195.807 1195.468
1184.638 1186.961 1189.284 1191.606 1193.929 1195.613 1196.895 1198.177 1199.459 1200.701 1201.079 1201.457 1201.835 1202.212 1202.382 1202.323 1202.263 1202.203 1202.143 1201.927 1201.695 1201.463 1201.231 1200.998 1200.762 1200.527 1200.291 1200.055 1199.788 1199.512 1199.236 1198.96 1198.724 1198.652 1198.581 1198.509 1198.438 1198.408 1198.404 1198.401 1198.396 1198.393 1198.393 1198.393 1198.393 1198.393 1198.3 1198.11 1197.919 1197.729 1197.539 1197.415 1197.296 1197.178 1197.059 1196.916 1196.727 1196.538 1196.349 1196.16 1195.833 1195.467 1195.101
1184.942 1187.323 1189.705 1192.086 1194.468 1196.149 1197.388 1198.627 1199.866 1201.066 1201.412 1201.758 1202.103 1202.449 1202.587 1202.495 1202.403 1202.311 1202.219 1202.029 1201.83 1201.63 1201.43 1201.202 1200.918 1200.634 1200.35 1200.066 1199.805 1199.55 1199.295 1199.04 1198.827 1198.782 1198.737 1198.692 1198.647 1198.578 1198.494 1198.41 1198.325 1198.246 1198.246 1198.246 1198.246 1198.246 1198.148 1197.947 1197.746 1197.545 1197.344 1197.185 1197.029 1196.873 1196.717 1196.555 1196.382 1196.209 1196.037 1195.864 1195.519 1195.126 1194.734
1185.246 1187.686 1190.126 1192.566 1195.007 1196.684 1197.88 1199.077 1200.273 1201.431 1201.745 1202.058 1202.372 1202.686 1202.792 1202.667 1202.543 1202.419 1202.295 1202.132 1201.964 1201.796 1201.628 1201.406 1201.073 1200.741 1200.41 1200.078 1199.821 1199.588 1199.354 1199.121 1198.93 1198.912 1198.893 1198.875 1198.857 1198.747 1198.583 1198.419 1198.255 1198.1 1198.1 1198.1 1198.1 1198.1 1197.996 1197.785 1197.573 1197.362 1197.15 1196.955 1196.762 1196.568 1196.375 1196.195 1196.038 1195.881 1195.724 1195.567 1195.205 1194.786 1194.366
1185.666 1188.163 1190.661 1193.158 1195.655 1197.324 1198.471 1199.618 1200.765 1201.873 1202.148 1202.423 1202.698 1202.972 1203.043 1202.887 1202.73 1202.574 1202.418 1202.257 1202.096 1201.935 1201.774 1201.548 1201.193 1200.839 1200.484 1200.13 1199.879 1199.66 1199.441 1199.222 1199.045 1199.034 1199.024 1199.014 1199.004 1198.872 1198.669 1198.465 1198.262 1198.069 1198.057 1198.046 1198.034 1198.022 1197.91 1197.695 1197.479 1197.264 1197.048 1196.833 1196.618 1196.402 1196.187 1195.998 1195.859 1195.72 1195.581 1195.442 1195.079 1194.653 1194.227
1186.335 1188.886 1191.436 1193.987 1196.538 1198.188 1199.271 1200.354 1201.437 1202.481 1202.703 1202.924 1203.145 1203.367 1203.394 1203.206 1203.017 1202.829 1202.641 1202.434 1202.224 1202.015 1201.806 1201.558 1201.236 1200.913 1200.591 1200.269 1200.026 1199.807 1199.588 1199.369 1199.185 1199.143 1199.1 1199.058 1199.016 1198.902 1198.747 1198.592 1198.436 1198.287 1198.238 1198.188 1198.139 1198.09 1197.964 1197.76 1197.555 1197.35 1197.145 1196.941 1196.736 1196.531 1196.326 1196.152 1196.034 1195.917 1195.799 1195.681 1195.352 1194.964 1194.575
1187.004 1189.608 1192.212 1194.816 1197.421 1199.052 1200.071 1201.09 1202.108 1203.089 1203.257 1203.425 1203.593 1203.761 1203.745 1203.525 1203.304 1203.084 1202.864 1202.61 1202.353 1202.095 1201.838 1201.569 1201.279 1200.988 1200.698 1200.408 1200.172 1199.953 1199.734 1199.516 1199.325 1199.251 1199.176 1199.102 1199.028 1198.933 1198.825 1198.718 1198.611 1198.505 1198.418 1198.331 1198.244 1198.158 1198.018 1197.824 1197.63 1197.436 1197.242 1197.048 1196.854 1196.66 1196.466 1196.306 1196.21 1196.113 1196.017 1195.921 1195.625 1195.274 1194.923
1187.673 1190.33 1192.988 1195.646 1198.303 1199.917 1200.871 1201.825 1202.78 1203.698 1203.812 1203.927 1204.041 1204.155 1204.096 1203.844 1203.591 1203.339 1203.087 1202.786 1202.481 1202.175 1201.87 1201.58 1201.322 1201.063 1200.805 1200.547 1200.318 1200.1 1199.881 1199.662 1199.465 1199.359 1199.252 1199.146 1199.04 1198.963 1198.904 1198.844 1198.785 1198.722 1198.598 1198.474 1198.35 1198.226 1198.072 1197.889 1197.706 1197.522 1197.339 1197.156 1196.972 1196.789 1196.605 1196.46 1196.385 1196.31 1196.235 1196.16 1195.899 1195.585 1195.272
