data/zism_data/00673_01_D.txt
ncols         224
nrows         224
[rows 174 to 202 of 224, columns 65 to 129 of 224]
1497.098 1497.031 1496.964 1497.205 1497.539 1497.873 1498.207 1498.506 1498.693 1498.879 1499.066 1499.252 1499.415 1499.567 1499.72 1499.872 1500.0 1500.0 1500.0 1500.0 1500.0 1500.0 1500.0 1500.0 1500.0 1499.997 1499.957 1499.918 1499.878 1499.839 1499.778 1499.699 1499.62 1499.541 1499.463 1499.463 1499.463 1499.463 1499.463 1499.52 1499.638 1499.756 1499.875 1499.993 1500.0 1500.0 1500.0 1500.0 1500.0 1500.0 1500.0 1500.0 1500.0 1500.0 1500.0 1500.0 1500.0 1500.0 1500.0 1500.0 1500.0 1500.0 1500.0 1500.0 1500.0
1497.364 1497.189 1497.014 1497.188 1497.468 1497.748 1498.028 1498.29 1498.492 1498.695 1498.898 1499.1 1499.29 1499.475 1499.66 1499.845 1500.0 1500.0 1500.0 1500.0 1500.0 1500.0 1500.0 1500.0 1500.0 1499.995 1499.94 1499.884 1499.828 1499.773 1499.686 1499.575 1499.464 1499.352 1499.243 1499.243 1499.243 1499.243 1499.243 1499.323 1499.49 1499.656 1499.823 1499.99 1500.0 1500.0 1500.0 1500.0 1500.0 1500.0 1500.0 1500.0 1500.0 1500.0 1500.0 1500.0 1500.0 1500.0 1500.0 1500.0 1500.0 1500.0 1500.0 1500.0 1500.0
1497.629 1497.346 1497.063 1497.171 1497.397 1497.623 1497.849 1498.073 1498.292 1498.511 1498.729 1498.948 1499.166 1499.383 1499.6 1499.818 1500.0 1500.0 1500.0 1500.0 1500.0 1500.0 1500.0 1500.0 1500.0 1499.994 1499.922 1499.85 1499.778 1499.706 1499.595 1499.451 1499.308 1499.164 1499.022 1499.022 1499.022 1499.022 1499.022 1499.125 1499.341 1499.557 1499.772 1499.988 1500.0 1500.0 1500.0 1500.0 1500.0 1500.0 1500.0 1500.0 1500.0 1500.0 1500.0 1500.0 1500.0 1500.0 1500.0 1500.0 1500.0 1500.0 1500.0 1500.0 1500.0
1497.555 1497.218 1496.88 1496.927 1497.089 1497.251 1497.413 1497.6 1497.869 1498.138 1498.407 1498.676 1498.898 1499.099 1499.3 1499.501 1499.675 1499.704 1499.733 1499.762 1499.791 1499.802 1499.802 1499.802 1499.802 1499.797 1499.738 1499.679 1499.62 1499.561 1499.47 1499.352 1499.234 1499.116 1499.0 1499.0 1499.0 1499.0 1499.0 1499.105 1499.326 1499.546 1499.767 1499.987 1500.0 1500.0 1500.0 1500.0 1500.0 1500.0 1500.0 1500.0 1500.0 1500.0 1500.0 1500.0 1500.0 1500.0 1500.0 1500.0 1500.0 1500.0 1500.0 1500.0 1500.0
1497.443 1497.057 1496.671 1496.656 1496.754 1496.851 1496.949 1497.098 1497.421 1497.744 1498.067 1498.39 1498.613 1498.793 1498.972 1499.152 1499.312 1499.374 1499.435 1499.497 1499.558 1499.581 1499.581 1499.581 1499.581 1499.578 1499.535 1499.492 1499.45 1499.407 1499.341 1499.255 1499.17 1499.084 1499.0 1499.0 1499.0 1499.0 1499.0 1499.105 1499.326 1499.546 1499.767 1499.987 1500.0 1500.0 1500.0 1500.0 1500.0 1500.0 1500.0 1500.0 1500.0 1500.0 1500.0 1500.0 1500.0 1500.0 1500.0 1500.0 1500.0 1500.0 1500.0 1500.0 1500.0
1497.331 1496.897 1496.462 1496.386 1496.419 1496.451 1496.484 1496.597 1496.973 1497.35 1497.727 1498.104 1498.329 1498.487 1498.645 1498.802 1498.95 1499.044 1499.138 1499.232 1499.326 1499.361 1499.361 1499.361 1499.361 1499.359 1499.332 1499.306 1499.279 1499.253 1499.211 1499.158 1499.105 1499.052 1499.0 1499.0 1499.0 1499.0 1499.0 1499.105 1499.326 1499.546 1499.767 1499.987 1500.0 1500.0 1500.0 1500.0 1500.0 1500.0 1500.0 1500.0 1500.0 1500.0 1500.0 1500.0 1500.0 1500.0 1500.0 1500.0 1500.0 1500.0 1500.0 1500.0 1500.0
1497.219 1496.736 1496.253 1496.116 1496.084 1496.052 1496.019 1496.095 1496.526 1496.957 1497.387 1497.818 1498.044 1498.181 1498.317 1498.453 1498.588 1498.714 1498.84 1498.967 1499.093 1499.141 1499.141 1499.141 1499.141 1499.14 1499.129 1499.119 1499.109 1499.098 1499.082 1499.062 1499.041 1499.02 1499.0 1499.0 1499.0 1499.0 1499.0 1499.105 1499.326 1499.546 1499.767 1499.987 1500.0 1500.0 1500.0 1500.0 1500.0 1500.0 1500.0 1500.0 1500.0 1500.0 1500.0 1500.0 1500.0 1500.0 1500.0 1500.0 1500.0 1500.0 1500.0 1500.0 1500.0
1497.01 1496.486 1495.962 1495.779 1495.7 1495.621 1495.541 1495.586 1496.044 1496.501 1496.959 1497.417 1497.646 1497.777 1497.907 1498.037 1498.171 1498.324 1498.477 1498.63 1498.783 1498.85 1498.866 1498.881 1498.897 1498.913 1498.932 1498.952 1498.972 1498.991 1499.0 1499.0 1499.0 1499.0 1499.0 1499.004 1499.008 1499.012 1499.016 1499.121 1499.338 1499.554 1499.771 1499.987 1500.0 1500.0 1500.0 1500.0 1500.0 1500.0 1500.0 1500.0 1500.0 1499.991 1499.982 1499.972 1499.962 1499.953 1499.945 1499.937 1499.93 1499.922 1499.929 1499.941 1499.953
1496.63 1496.078 1495.527 1495.326 1495.23 1495.135 1495.039 1495.067 1495.503 1495.939 1496.375 1496.811 1497.049 1497.201 1497.353 1497.505 1497.66 1497.829 1497.998 1498.167 1498.336 1498.436 1498.495 1498.554 1498.613 1498.673 1498.746 1498.82 1498.893 1498.967 1499.0 1499.0 1499.0 1499.0 1499.0 1499.015 1499.03 1499.044 1499.059 1499.165 1499.371 1499.577 1499.782 1499.988 1500.0 1500.0 1500.0 1500.0 1500.0 1500.0 1500.0 1500.0 1500.0 1499.968 1499.931 1499.894 1499.858 1499.823 1499.794 1499.765 1499.735 1499.706 1499.735 1499.779 1499.823
1496.249 1495.671 1495.093 1494.873 1494.761 1494.649 1494.537 1494.548 1494.962 1495.376 1495.791 1496.205 1496.452 1496.625 1496.799 1496.972 1497.148 1497.333 1497.518 1497.703 1497.889 1498.022 1498.124 1498.226 1498.328 1498.432 1498.56 1498.688 1498.815 1498.943 1499.0 1499.0 1499.0 1499.0 1499.0 1499.026 1499.051 1499.077 1499.102 1499.209 1499.404 1499.599 1499.794 1499.989 1500.0 1500.0 1500.0 1500.0 1500.0 1500.0 1500.0 1500.0 1500.0 1499.945 1499.881 1499.817 1499.753 1499.694 1499.643 1499.592 1499.541 1499.49 1499.54 1499.617 1499.693
1495.868 1495.263 1494.658 1494.419 1494.291 1494.163 1494.035 1494.028 1494.421 1494.814 1495.206 1495.599 1495.854 1496.05 1496.245 1496.44 1496.636 1496.837 1497.039 1497.24 1497.442 1497.608 1497.753 1497.899 1498.044 1498.192 1498.374 1498.555 1498.737 1498.918 1499.0 1499.0 1499.0 1499.0 1499.0 1499.037 1499.073 1499.109 1499.146 1499.253 1499.437 1499.621 1499.805 1499.989 1500.0 1500.0 1500.0 1500.0 1500.0 1500.0 1500.0 1500.0 1500.0 1499.921 1499.83 1499.74 1499.649 1499.564 1499.491 1499.419 1499.346 1499.274 1499.346 1499.455 1499.563
1495.488 1494.855 1494.223 1493.966 1493.822 1493.678 1493.533 1493.509 1493.88 1494.251 1494.622 1494.993 1495.257 1495.474 1495.691 1495.907 1496.124 1496.342 1496.559 1496.777 1496.995 1497.194 1497.383 1497.571 1497.759 1497.952 1498.188 1498.423 1498.659 1498.894 1499.0 1499.0 1499.0 1499.0 1499.001 1499.048 1499.095 1499.142 1499.189 1499.297 1499.47 1499.643 1499.817 1499.99 1500.0 1500.0 1500.0 1500.0 1500.0 1500.0 1500.0 1500.0 1500.0 1499.898 1499.78 1499.662 1499.544 1499.434 1499.34 1499.246 1499.152 1499.057 1499.151 1499.292 1499.434
1494.976 1494.321 1493.666 1493.381 1493.207 1493.033 1492.86 1492.818 1493.212 1493.606 1494.0 1494.394 1494.696 1494.956 1495.217 1495.477 1495.742 1496.03 1496.317 1496.604 1496.892 1497.142 1497.369 1497.596 1497.823 1498.049 1498.263 1498.477 1498.69 1498.904 1499.022 1499.062 1499.102 1499.143 1499.183 1499.223 1499.263 1499.303 1499.343 1499.431 1499.571 1499.711 1499.852 1499.992 1500.0 1500.0 1500.0 1500.0 1500.0 1500.0 1500.0 1500.0 1500.0 1499.878 1499.738 1499.597 1499.457 1499.323 1499.203 1499.083 1498.963 1498.842 1498.946 1499.106 1499.266
1494.436 1493.76 1493.083 1492.768 1492.562 1492.356 1492.15 1492.09 1492.517 1492.943 1493.37 1493.797 1494.141 1494.451 1494.76 1495.069 1495.388 1495.756 1496.125 1496.493 1496.861 1497.165 1497.43 1497.695 1497.96 1498.217 1498.393 1498.569 1498.745 1498.921 1499.049 1499.138 1499.226 1499.315 1499.403 1499.432 1499.462 1499.491 1499.52 1499.584 1499.687 1499.789 1499.892 1499.994 1500.0 1500.0 1500.0 1500.0 1500.0 1500.0 1500.0 1500.0 1500.0 1499.859 1499.697 1499.535 1499.373 1499.216 1499.069 1498.922 1498.775 1498.627 1498.738 1498.915 1499.091
1493.896 1493.198 1492.5 1492.155 1491.917 1491.678 1491.44 1491.363 1491.822 1492.281 1492.74 1493.199 1493.588 1493.945 1494.303 1494.661 1495.033 1495.483 1495.932 1496.381 1496.831 1497.189 1497.491 1497.794 1498.097 1498.385 1498.524 1498.662 1498.8 1498.938 1499.076 1499.213 1499.35 1499.488 1499.623 1499.642 1499.66 1499.679 1499.697 1499.738 1499.802 1499.867 1499.932 1499.996 1500.0 1500.0 1500.0 1500.0 1500.0 1500.0 1500.0 1500.0 1500.0 1499.84 1499.657 1499.473 1499.29 1499.109 1498.935 1498.761 1498.587 1498.412 1498.531 1498.723 1498.916
1493.357 1492.637 1491.918 1491.543 1491.272 1491.001 1490.73 1490.636 1491.127 1491.618 1492.11 1492.601 1493.033 1493.44 1493.846 1494.253 1494.679 1495.209 1495.74 1496.27 1496.8 1497.212 1497.553 1497.893 1498.234 1498.554 1498.654 1498.754 1498.855 1498.955 1499.102 1499.288 1499.474 1499.66 1499.844 1499.851 1499.859 1499.867 1499.874 1499.891 1499.918 1499.945 1499.972 1499.998 1500.0 1500.0 1500.0 1500.0 1500.0 1500.0 1500.0 1500.0 1500.0 1499.822 1499.617 1499.411 1499.206 1499.002 1498.801 1498.6 1498.399 1498.197 1498.323 1498.532 1498.741
1492.75 1492.029 1491.309 1490.923 1490.639 1490.354 1490.069 1489.972 1490.496 1491.02 1491.544 1492.067 1492.553 1493.022 1493.491 1493.96 1494.45 1495.047 1495.644 1496.242 1496.839 1497.291 1497.655 1498.019 1498.384 1498.723 1498.796 1498.87 1498.943 1499.017 1499.165 1499.375 1499.584 1499.794 1500.0 1500.0 1500.0 1500.0 1500.0 1500.0 1500.0 1500.0 1500.0 1500.0 1500.0 1500.0 1500.0 1500.0 1500.0 1500.0 1500.0 1500.0 1500.0 1499.802 1499.573 1499.345 1499.117 1498.883 1498.637 1498.392 1498.146 1497.901 1498.02 1498.233 1498.446
1491.98 1491.308 1490.636 1490.286 1490.034 1489.782 1489.53 1489.465 1490.022 1490.578 1491.134 1491.69 1492.253 1492.82 1493.386 1493.952 1494.529 1495.158 1495.788 1496.417 1497.047 1497.505 1497.858 1498.212 1498.565 1498.894 1498.968 1499.041 1499.115 1499.188 1499.316 1499.487 1499.659 1499.831 1500.0 1500.0 1500.0 1500.0 1500.0 1500.0 1500.0 1500.0 1500.0 1500.0 1500.0 1500.0 1500.0 1500.0 1500.0 1500.0 1500.0 1500.0 1500.0 1499.778 1499.523 1499.267 1499.012 1498.731 1498.4 1498.068 1497.736 1497.404 1497.484 1497.67 1497.856
1491.211 1490.587 1489.964 1489.65 1489.43 1489.211 1488.991 1488.959 1489.547 1490.136 1490.724 1491.313 1491.953 1492.617 1493.28 1493.944 1494.607 1495.269 1495.931 1496.593 1497.255 1497.718 1498.061 1498.404 1498.746 1499.066 1499.139 1499.213 1499.286 1499.36 1499.466 1499.6 1499.734 1499.868 1500.0 1500.0 1500.0 1500.0 1500.0 1500.0 1500.0 1500.0 1500.0 1500.0 1500.0 1500.0 1500.0 1500.0 1500.0 1500.0 1500.0 1500.0 1500.0 1499.755 1499.472 1499.19 1498.908 1498.58 1498.162 1497.744 1497.325 1496.907 1496.949 1497.107 1497.266
1490.441 1489.866 1489.291 1489.014 1488.826 1488.639 1488.452 1488.452 1489.073 1489.694 1490.315 1490.935 1491.654 1492.414 1493.175 1493.936 1494.686 1495.38 1496.075 1496.769 1497.464 1497.932 1498.264 1498.596 1498.928 1499.237 1499.311 1499.384 1499.458 1499.531 1499.617 1499.713 1499.809 1499.905 1500.0 1500.0 1500.0 1500.0 1500.0 1500.0 1500.0 1500.0 1500.0 1500.0 1500.0 1500.0 1500.0 1500.0 1500.0 1500.0 1500.0 1500.0 1500.0 1499.731 1499.422 1499.112 1498.803 1498.429 1497.924 1497.419 1496.915 1496.41 1496.413 1496.544 1496.676
1489.671 1489.145 1488.618 1488.377 1488.222 1488.067 1487.912 1487.945 1488.598 1489.251 1489.905 1490.558 1491.354 1492.212 1493.07 1493.927 1494.765 1495.491 1496.218 1496.945 1497.672 1498.146 1498.467 1498.788 1499.109 1499.409 1499.482 1499.556 1499.629 1499.703 1499.768 1499.826 1499.884 1499.943 1500.0 1500.0 1500.0 1500.0 1500.0 1500.0 1500.0 1500.0 1500.0 1500.0 1500.0 1500.0 1500.0 1500.0 1500.0 1500.0 1500.0 1500.0 1500.0 1499.708 1499.371 1499.035 1498.699 1498.277 1497.686 1497.095 1496.504 1495.913 1495.877 1495.981 1496.086
1488.688 1488.19 1487.692 1487.526 1487.46 1487.395 1487.329 1487.444 1488.154 1488.864 1489.574 1490.284 1491.122 1492.016 1492.91 1493.804 1494.681 1495.465 1496.248 1497.032 1497.815 1498.299 1498.601 1498.903 1499.205 1499.488 1499.561 1499.635 1499.708 1499.782 1499.837 1499.878 1499.919 1499.96 1500.0 1500.0 1500.0 1500.0 1500.0 1500.0 1500.0 1500.0 1500.0 1500.0 1500.0 1500.0 1500.0 1500.0 1499.99 1499.966 1499.941 1499.917 1499.892 1499.563 1499.187 1498.812 1498.436 1497.956 1497.266 1496.577 1495.887 1495.197 1495.071 1495.087 1495.104
1487.636 1487.159 1486.683 1486.605 1486.647 1486.69 1486.732 1486.944 1487.719 1488.494 1489.269 1490.044 1490.913 1491.823 1492.734 1493.644 1494.544 1495.393 1496.241 1497.09 1497.938 1498.433 1498.713 1498.994 1499.274 1499.537 1499.61 1499.684 1499.757 1499.831 1499.88 1499.91 1499.94 1499.97 1500.0 1500.0 1500.0 1500.0 1500.0 1500.0 1500.0 1500.0 1500.0 1500.0 1500.0 1500.0 1500.0 1500.0 1499.977 1499.92 1499.863 1499.807 1499.75 1499.378 1498.959 1498.541 1498.122 1497.579 1496.787 1495.994 1495.202 1494.41 1494.176 1494.085 1493.994
1486.583 1486.128 1485.673 1485.683 1485.834 1485.984 1486.135 1486.445 1487.285 1488.125 1488.964 1489.804 1490.704 1491.63 1492.557 1493.483 1494.408 1495.321 1496.234 1497.147 1498.061 1498.566 1498.825 1499.084 1499.343 1499.586 1499.659 1499.733 1499.806 1499.88 1499.923 1499.943 1499.962 1499.981 1500.0 1500.0 1500.0 1500.0 1500.0 1500.0 1500.0 1500.0 1500.0 1500.0 1500.0 1500.0 1500.0 1500.0 1499.964 1499.875 1499.785 1499.696 1499.607 1499.194 1498.732 1498.27 1497.808 1497.202 1496.307 1495.412 1494.517 1493.622 1493.282 1493.083 1492.883
1485.531 1485.098 1484.664 1484.762 1485.021 1485.279 1485.537 1485.946 1486.85 1487.755 1488.659 1489.564 1490.495 1491.438 1492.38 1493.323 1494.271 1495.249 1496.227 1497.205 1498.183 1498.7 1498.937 1499.174 1499.412 1499.635 1499.708 1499.782 1499.855 1499.929 1499.966 1499.975 1499.983 1499.992 1500.0 1500.0 1500.0 1500.0 1500.0 1500.0 1500.0 1500.0 1500.0 1500.0 1500.0 1500.0 1500.0 1500.0 1499.951 1499.829 1499.707 1499.586 1499.464 1499.009 1498.504 1497.999 1497.494 1496.825 1495.827 1494.83 1493.832 1492.835 1492.388 1492.08 1491.773
1484.473 1484.066 1483.659 1483.845 1484.211 1484.576 1484.941 1485.445 1486.407 1487.369 1488.332 1489.294 1490.254 1491.213 1492.171 1493.13 1494.1 1495.125 1496.15 1497.175 1498.201 1498.735 1498.973 1499.211 1499.449 1499.673 1499.746 1499.82 1499.893 1499.967 1500.0 1500.0 1500.0 1500.0 1500.0 1500.0 1500.0 1500.0 1500.0 1500.0 1500.0 1500.0 1500.0 1500.0 1500.0 1500.0 1500.0 1500.0 1499.94 1499.793 1499.646 1499.5 1499.353 1498.841 1498.275 1497.709 1497.144 1496.398 1495.295 1494.191 1493.088 1491.984 1491.427 1491.008 1490.589
1483.397 1483.033 1482.669 1482.944 1483.412 1483.88 1484.348 1484.938 1485.932 1486.927 1487.922 1488.917 1489.898 1490.873 1491.848 1492.823 1493.803 1494.812 1495.821 1496.83 1497.839 1498.418 1498.737 1499.056 1499.375 1499.673 1499.746 1499.82 1499.893 1499.967 1500.0 1500.0 1500.0 1500.0 1500.0 1500.0 1500.0 1500.0 1500.0 1500.0 1500.0 1500.0 1500.0 1500.0 1500.0 1500.0 1500.0 1500.0 1499.94 1499.793 1499.646 1499.5 1499.353 1498.733 1498.043 1497.353 1496.663 1495.796 1494.573 1493.351 1492.129 1490.906 1490.225 1489.682 1489.139
1482.321 1482.0 1481.68 1482.043 1482.614 1483.184 1483.755 1484.431 1485.458 1486.485 1487.512 1488.539 1489.541 1490.533 1491.524 1492.515 1493.507 1494.5 1495.492 1496.485 1497.478 1498.101 1498.501 1498.901 1499.301 1499.673 1499.746 1499.82 1499.893 1499.967 1500.0 1500.0 1500.0 1500.0 1500.0 1500.0 1500.0 1500.0 1500.0 1500.0 1500.0 1500.0 1500.0 1500.0 1500.0 1500.0 1500.0 1500.0 1499.94 1499.793 1499.646 1499.5 1499.353 1498.625 1497.811 1496.997 1496.182 1495.193 1493.851 1492.51 1491.169 1489.828 1489.024 1488.357 1487.689
1481.245 1480.967 1480.69 1481.142 1481.815 1482.488 1483.161 1483.924 1484.984 1486.043 1487.103 1488.162 1489.185 1490.193 1491.2 1492.208 1493.21 1494.187 1495.163 1496.14 1497.117 1497.784 1498.265 1498.746 1499.227 1499.673 1499.746 1499.82 1499.893 1499.967 1500.0 1500.0 1500.0 1500.0 1500.0 1500.0 1500.0 1500.0 1500.0 1500.0 1500.0 1500.0 1500.0 1500.0 1500.0 1500.0 1500.0 1500.0 1499.94 1499.793 1499.646 1499.5 1499.353 1498.517 1497.579 1496.64 1495.702 1494.589 1493.13 1491.67 1490.21 1488.75 1487.823 1487.031 1486.24
