data/zism_data/00675_01_D.txt
ncols         224
nrows         224
[rows 28 to 55 of 224, columns 65 to 129 of 224]
319.5277 309.8164 302.6122 302.0057 301.3992 300.7926 300.1861 300.1426 300.313 300.4835 300.654 301.1921 303.4772 305.7622 308.0472 310.3322 317.9971 328.9149 339.8325 350.7502 361.3835 368.3741 375.3647 382.3553 389.346 392.7652 392.9108 393.0563 393.2019 393.3474 390.2889 387.1347 383.9805 380.8263 375.3026 366.5108 357.719 348.9273 340.1355 332.935 325.9733 319.0116 312.0499 307.737 309.083 310.429 311.775 313.121 321.0762 331.0266 340.9771 350.9275 360.2319 367.2109 374.1899 381.1688 388.1478 391.8697 393.963 396.0562 398.1494 399.983 399.8365 399.69 399.5435
321.9943 311.5748 303.7555 302.7788 301.802 300.8253 299.8486 299.7109 299.8921 300.0732 300.2544 300.9396 304.0187 307.0977 310.1768 313.2559 321.6915 333.3657 345.0398 356.7141 367.9549 373.6471 379.3394 385.0316 390.7238 393.0938 392.4185 391.7431 391.0678 390.3925 386.3203 382.1467 377.9731 373.7995 367.8224 359.3578 350.8933 342.4289 333.9644 328.0897 322.6034 317.1171 311.6309 308.3897 309.945 311.5002 313.0555 314.6107 322.3836 332.0336 341.6836 351.3336 360.3621 367.1533 373.9445 380.7356 387.5268 391.2862 393.5297 395.7732 398.0166 399.983 399.8365 399.69 399.5435
324.461 313.3333 304.8988 303.5518 302.2049 300.858 299.511 299.2792 299.4711 299.663 299.8549 300.687 304.5602 308.4333 312.3065 316.1797 325.3859 337.8167 350.2473 362.6781 374.5266 378.9203 383.3141 387.7079 392.1017 393.4224 391.9262 390.4299 388.9337 387.4374 382.3516 377.1585 371.9655 366.7724 360.3419 352.2047 344.0674 335.9304 327.7931 323.2441 319.2333 315.2226 311.2118 309.0425 310.807 312.5715 314.336 316.1005 323.6911 333.0406 342.3901 351.7396 360.4922 367.0956 373.699 380.3023 386.9057 390.7027 393.0964 395.4901 397.8838 399.983 399.8365 399.69 399.5435
327.8541 316.1753 307.1972 305.3266 303.456 301.5853 299.7147 299.3676 299.5995 299.8314 300.0632 301.0086 305.3433 309.6779 314.0126 318.3472 327.3629 339.209 351.0548 362.9009 374.1349 377.5336 380.9323 384.3311 387.7298 388.1025 385.7013 383.3001 380.8989 378.4977 373.4604 368.3443 363.2283 358.1122 352.6473 346.7012 340.7551 334.8091 328.863 325.7779 323.122 320.4661 317.8102 316.5674 318.3438 320.1202 321.8966 323.673 330.724 339.3674 348.0108 356.6542 364.7005 370.5972 376.4938 382.3904 388.2871 391.6806 393.8226 395.9645 398.1064 399.9856 399.861 399.7364 399.6118
331.6808 319.5245 310.0365 307.5703 305.1041 302.6378 300.1717 299.6995 299.985 300.2705 300.5561 301.599 306.2394 310.8799 315.5204 320.1609 328.5362 339.1696 349.8029 360.4364 370.4838 373.0294 375.5751 378.1207 380.6664 380.1383 376.7928 373.4473 370.1019 366.7563 362.2647 357.7388 353.213 348.6871 344.852 341.9695 339.0871 336.2047 333.3222 331.7658 330.4084 329.0509 327.6934 327.3095 329.0054 330.7013 332.3972 334.0931 340.4372 348.1846 355.9319 363.6793 370.8179 375.7649 380.7119 385.6588 390.6058 393.3895 395.0914 396.7934 398.4954 399.9893 399.8969 399.8045 399.7122
335.5075 322.8737 312.8756 309.8139 306.7521 303.6904 300.6286 300.0313 300.3705 300.7097 301.0489 302.1893 307.1356 312.0819 317.0282 321.9745 329.7094 339.1303 348.5511 357.972 366.8329 368.5255 370.218 371.9106 373.6032 372.1745 367.8847 363.5949 359.3052 355.0154 351.0694 347.1337 343.198 339.2624 337.0569 337.238 337.4191 337.6002 337.7813 337.7535 337.6945 337.6354 337.5763 338.0511 339.6665 341.282 342.8974 344.5128 350.1501 357.0014 363.8528 370.7042 376.9351 380.9325 384.9298 388.9271 392.9245 395.0983 396.3603 397.6223 398.8843 399.993 399.9328 399.8727 399.8125
339.3341 326.2228 315.7147 312.0575 308.4002 304.7429 301.0856 300.3632 300.756 301.1489 301.5417 302.7796 308.0317 313.2839 318.536 323.7881 330.8826 339.0909 347.2992 355.5076 363.182 364.0215 364.861 365.7005 366.54 364.2106 358.9766 353.7425 348.5085 343.2744 339.8741 336.5286 333.1831 329.8376 329.2619 332.5065 335.7512 338.9958 342.2404 343.7413 344.9806 346.2199 347.4592 348.7928 350.3277 351.8627 353.3976 354.9326 359.8629 365.8183 371.7737 377.7291 383.0523 386.1 389.1477 392.1954 395.2431 396.807 397.6291 398.4512 399.2733 399.9968 399.9688 399.9408 399.9128
343.5702 330.1983 319.3028 314.9239 310.5451 306.1663 301.7875 300.8485 301.2166 301.5847 301.9528 303.2018 308.6352 314.0686 319.502 324.9353 331.3668 338.4018 345.4367 352.4716 358.9998 359.0401 359.0804 359.1207 359.1609 356.1049 350.2107 344.3164 338.4222 332.528 329.9222 327.4147 324.9071 322.3995 323.4516 329.4135 335.3754 341.3371 347.299 350.119 352.4678 354.8166 357.1654 359.223 360.6586 362.0942 363.5297 364.9653 369.1698 374.2103 379.2508 384.2913 388.7051 390.8633 393.0215 395.1797 397.3379 398.3377 398.7583 399.1789 399.5995 399.9713 399.9713 399.9713 399.9713
350.5347 338.3485 327.8823 321.9422 316.002 310.0619 304.1218 302.3564 302.1772 301.998 301.8189 302.5029 307.2871 312.0713 316.8555 321.6396 327.2581 333.381 339.5038 345.6267 351.2769 350.8773 350.4776 350.0779 349.6783 347.0557 342.3954 337.7352 333.075 328.4148 328.2621 328.244 328.226 328.2079 330.8745 337.2441 343.6138 349.9833 356.3529 359.0956 361.2941 363.4926 365.6912 367.5746 368.7849 369.9951 371.2053 372.4156 375.7683 379.7679 383.7675 387.7672 391.2603 392.9303 394.6003 396.2702 397.9402 398.6806 398.9564 399.2321 399.5078 399.7516 399.7516 399.7516 399.7516
357.4994 346.499 336.4621 328.9606 321.4592 313.9577 306.4562 303.8643 303.1378 302.4114 301.685 301.804 305.939 310.0739 314.2089 318.3439 323.1493 328.36 333.5707 338.7814 343.5538 342.7142 341.8745 341.0349 340.1953 338.0061 334.5799 331.1537 327.7276 324.3014 326.6019 329.0734 331.5449 334.0164 338.2976 345.075 351.8524 358.6297 365.4072 368.0723 370.1207 372.169 374.2173 375.9265 376.9114 377.8963 378.8812 379.8661 382.3671 385.3258 388.2845 391.2432 393.8156 394.9973 396.179 397.3607 398.5424 399.0236 399.1544 399.2853 399.4161 399.5319 399.5319 399.5319 399.5319
364.4639 354.6492 345.0416 335.9789 326.9161 317.8534 308.7906 305.3721 304.0984 302.8248 301.5511 301.1051 304.5909 308.0767 311.5624 315.0482 319.0406 323.3392 327.6378 331.9365 335.8309 334.5514 333.2718 331.9922 330.7126 328.9569 326.7647 324.5725 322.3804 320.1882 324.9418 329.9027 334.8637 339.8247 345.7205 352.9057 360.0909 367.2759 374.4611 377.0488 378.9469 380.845 382.7431 384.2782 385.0377 385.7973 386.5568 387.3163 388.9656 390.8835 392.8013 394.7191 396.3708 397.0643 397.7577 398.4512 399.1446 399.3665 399.3525 399.3385 399.3245 399.3121 399.3121 399.3121 399.3121
371.4286 362.7997 353.6214 342.9973 332.3732 321.7491 311.125 306.8801 305.0591 303.2382 301.4172 300.4062 303.2428 306.0793 308.9159 311.7524 314.9317 318.3182 321.7047 325.0912 328.1078 326.3882 324.6687 322.9492 321.2296 319.9073 318.9492 317.9911 317.033 316.0748 323.2816 330.7321 338.1827 345.6332 353.1436 360.7366 368.3295 375.9224 383.5153 386.0256 387.7735 389.5213 391.2692 392.6301 393.1643 393.6985 394.2327 394.7669 395.5643 396.4413 397.3182 398.1952 398.9261 399.1313 399.3365 399.5417 399.7469 399.7094 399.5505 399.3917 399.2328 399.0923 399.0923 399.0923 399.0923
376.8696 369.2429 360.5133 348.8816 337.2498 325.6181 313.9863 308.9907 306.5167 304.0428 301.5688 299.9147 302.1549 304.3951 306.6354 308.8756 311.4168 314.1401 316.8633 319.5866 322.0352 320.9674 319.8996 318.8318 317.7641 317.6878 318.5204 319.3531 320.1857 321.0184 329.0212 337.2381 345.455 353.6718 361.3286 368.2127 375.0968 381.9808 388.8649 391.0521 392.5346 394.0172 395.4997 396.6318 397.0154 397.3988 397.7823 398.1658 398.5493 398.9329 399.3164 399.6999 400.0 400.0 400.0 400.0 400.0 399.8535 399.6338 399.414 399.1943 399.0 399.0 399.0 399.0
381.2061 374.4486 366.182 353.9439 341.7059 329.4678 317.2298 311.5384 308.3347 305.1311 301.9275 299.5735 301.2557 302.9379 304.6201 306.3024 308.3324 310.5728 312.8131 315.0535 317.1588 317.5343 317.9098 318.2853 318.6609 320.4199 323.447 326.4741 329.5011 332.5283 340.1258 347.8598 355.5938 363.3278 370.0664 375.4321 380.7978 386.1634 391.5291 393.2149 394.3487 395.4825 396.6163 397.48 397.767 398.0539 398.3408 398.6277 398.9147 399.2016 399.4885 399.7755 400.0 400.0 400.0 400.0 400.0 399.8535 399.6338 399.414 399.1943 399.0 399.0 399.0 399.0
385.5424 379.6541 371.8504 359.0061 346.1618 333.3174 320.4731 314.0861 310.1527 306.2195 302.2861 299.2323 300.3565 301.4808 302.605 303.7292 305.2481 307.0056 308.7631 310.5206 312.2825 314.1013 315.9201 317.7389 319.5576 323.1518 328.3733 333.5948 338.8163 344.0378 351.23 358.4811 365.7323 372.9834 378.8039 382.6512 386.4986 390.3458 394.1931 395.3776 396.1627 396.9477 397.7328 398.3282 398.5186 398.7089 398.8993 399.0896 399.28 399.4703 399.6607 399.851 400.0 400.0 400.0 400.0 400.0 399.8535 399.6338 399.414 399.1943 399.0 399.0 399.0 399.0
389.8788 384.8596 377.5188 364.0682 350.6176 337.1671 323.7165 316.6337 311.9707 307.3077 302.6447 298.8911 299.4573 300.0236 300.5898 301.1561 302.1638 303.4384 304.713 305.9876 307.4063 310.6683 313.9303 317.1924 320.4544 325.8837 333.2996 340.7155 348.1313 355.5472 362.3343 369.1025 375.8707 382.639 387.5414 389.8704 392.1993 394.5282 396.8572 397.5404 397.9767 398.413 398.8493 399.1764 399.2702 399.364 399.4577 399.5515 399.6453 399.739 399.8328 399.9266 400.0 400.0 400.0 400.0 400.0 399.8535 399.6338 399.414 399.1943 399.0 399.0 399.0 399.0
394.1451 389.9866 383.1155 369.1057 355.096 341.0862 327.0765 319.2971 313.8853 308.4735 303.0616 298.5932 298.6064 298.6197 298.6329 298.6461 299.1527 299.9577 300.7626 301.5676 302.653 307.3283 312.0036 316.6789 321.3542 328.5737 338.1253 347.6769 357.2284 366.78 373.1642 379.4539 385.7436 392.0333 396.0378 396.8901 397.7425 398.5948 399.4472 399.6428 399.7398 399.8369 399.9339 400.0 400.0 400.0 400.0 400.0 400.0 400.0 400.0 400.0 400.0 400.0 400.0 400.0 400.0 399.8538 399.6345 399.4153 399.196 399.0021 399.0016 399.0011 399.0007
396.0605 392.4761 386.3017 373.3113 360.321 347.3306 334.3402 325.8346 319.0331 312.2318 305.4303 299.7468 299.3737 299.0007 298.6276 298.2545 298.5989 299.377 300.1551 300.9332 302.0233 307.1064 312.1895 317.2725 322.3556 329.8569 339.5748 349.2927 359.0105 368.7284 374.7945 380.7515 386.7086 392.6656 396.4456 397.2229 398.0002 398.7774 399.5547 399.7218 399.7974 399.873 399.9485 400.0 400.0 400.0 400.0 400.0 400.0 400.0 400.0 400.0 400.0 400.0 400.0 400.0 400.0 399.8645 399.6613 399.4582 399.255 399.0735 399.0569 399.0403 399.0238
397.976 394.9656 389.4879 377.517 365.5461 353.5751 341.6042 332.3723 324.1812 315.9902 307.7991 300.9005 300.1411 299.3817 298.6223 297.8629 298.045 298.7963 299.5476 300.2989 301.3936 306.8844 312.3753 317.8661 323.357 331.1401 341.0243 350.9086 360.7926 370.6769 376.4248 382.0492 387.6736 393.2979 396.8535 397.5557 398.2578 398.96 399.6621 399.8008 399.8549 399.909 399.9631 400.0 400.0 400.0 400.0 400.0 400.0 400.0 400.0 400.0 400.0 400.0 400.0 400.0 400.0 399.8753 399.6882 399.5011 399.314 399.1448 399.1122 399.0795 399.0468
399.8914 397.4551 392.6741 381.7225 370.771 359.8195 348.8679 338.9098 329.3291 319.7485 310.1678 302.0541 300.9084 299.7627 298.617 297.4713 297.4911 298.2156 298.9401 299.6645 300.7639 306.6625 312.5611 318.4597 324.3583 332.4232 342.4738 352.5244 362.5747 372.6253 378.055 383.3468 388.6385 393.9303 397.2614 397.8885 398.5155 399.1425 399.7696 399.8798 399.9124 399.9451 399.9778 400.0 400.0 400.0 400.0 400.0 400.0 400.0 400.0 400.0 400.0 400.0 400.0 400.0 400.0 399.886 399.715 399.544 399.373 399.2162 399.1674 399.1187 399.0699
401.8068 399.9446 395.8604 385.9283 375.9961 366.064 356.1319 345.4474 334.4771 323.507 312.5366 303.2077 301.6757 300.1437 298.6117 297.0797 296.9373 297.6349 298.3325 299.0302 300.1342 306.4406 312.747 319.0533 325.3597 333.7064 343.9233 354.1402 364.3569 374.5738 379.6853 384.6444 389.6035 394.5626 397.6694 398.2213 398.7732 399.3251 399.877 399.9588 399.97 399.9812 399.9924 400.0 400.0 400.0 400.0 400.0 400.0 400.0 400.0 400.0 400.0 400.0 400.0 400.0 400.0 399.8967 399.7418 399.5869 399.432 399.2876 399.2227 399.1579 399.093
402.6996 401.2935 397.8713 389.1433 380.4154 371.6874 362.9594 351.9789 340.1425 328.3062 316.4697 306.2961 304.0211 301.7462 299.4712 297.1962 296.6435 297.1321 297.6208 298.1094 298.9759 304.679 310.3821 316.0853 321.7884 329.5116 339.0865 348.6614 358.2362 367.8111 373.6001 379.276 384.952 390.6279 394.412 395.5868 396.7616 397.9363 399.1111 399.4049 399.5666 399.7282 399.8899 400.0 400.0 400.0 400.0 400.0 400.0 400.0 400.0 400.0 400.0 400.0 400.0 400.0 400.0 399.9126 399.7815 399.6504 399.5193 399.3931 399.3045 399.2158 399.1272
402.477 401.3982 398.6002 391.278 383.9558 376.6336 369.3114 358.5041 346.3725 334.2411 322.1096 311.4953 308.0882 304.6811 301.274 297.867 296.6335 296.7144 296.7953 296.8761 297.2408 301.2377 305.2346 309.2315 313.2284 319.3406 327.3917 335.4428 343.4938 351.545 359.0976 366.6353 374.1731 381.7109 387.1561 389.7152 392.2742 394.8332 397.3923 398.1606 398.6603 399.1599 399.6596 400.0 400.0 400.0 400.0 400.0 400.0 400.0 400.0 400.0 400.0 400.0 400.0 400.0 400.0 399.9341 399.8351 399.7362 399.6373 399.5359 399.415 399.2942 399.1734
402.2544 401.5028 399.3291 393.4126 387.4961 381.5796 375.6631 365.0291 352.6024 340.1759 327.7492 316.6943 312.1552 307.616 303.0768 298.5377 296.6236 296.2967 295.9698 295.6429 295.5057 297.7964 300.0872 302.378 304.6688 309.17 315.6973 322.2247 328.752 335.2794 344.5956 353.9951 363.3947 372.7942 379.9005 383.8437 387.787 391.7302 395.6735 396.9163 397.754 398.5917 399.4294 400.0 400.0 400.0 400.0 400.0 400.0 400.0 400.0 400.0 400.0 400.0 400.0 400.0 400.0 399.9555 399.8888 399.8221 399.7554 399.6786 399.5256 399.3726 399.2195
402.0317 401.6075 400.058 395.5472 391.0364 386.5256 382.0148 371.554 358.8322 346.1107 333.3889 321.8933 316.2221 310.5509 304.8796 299.2084 296.6136 295.879 295.1443 294.4097 293.7706 294.3552 294.9398 295.5245 296.1091 298.9993 304.003 309.0066 314.0102 319.0138 330.0937 341.3549 352.6161 363.8774 372.6448 377.9723 383.2998 388.6272 393.9548 395.672 396.8477 398.0234 399.1992 400.0 400.0 400.0 400.0 400.0 400.0 400.0 400.0 400.0 400.0 400.0 400.0 400.0 400.0 399.977 399.9424 399.9079 399.8734 399.8214 399.6362 399.451 399.2657
401.8091 401.7122 400.7869 397.6819 394.5768 391.4717 388.3667 378.0791 365.0623 352.0456 339.0287 327.0925 320.2892 313.4858 306.6825 299.8792 296.6037 295.4613 294.3188 293.1764 292.0355 290.9139 289.7923 288.6707 287.5491 288.8283 292.3082 295.788 299.2678 302.7477 315.5912 328.7142 341.8373 354.9604 365.3888 372.1006 378.8124 385.5241 392.2359 394.4277 395.9414 397.4552 398.9689 400.0 400.0 400.0 400.0 400.0 400.0 400.0 400.0 400.0 400.0 400.0 400.0 400.0 400.0 399.9984 399.9961 399.9938 399.9915 399.9642 399.7468 399.5294 399.312
401.4526 401.4191 400.7201 398.2693 395.8185 393.3676 390.9169 381.8109 370.176 358.5414 346.9065 335.7886 327.1266 318.4647 309.8027 301.1407 295.9649 292.8969 289.8289 286.7609 283.7304 281.1814 278.6323 276.0833 273.5342 274.0419 277.3517 280.6614 283.971 287.2808 300.864 314.754 328.644 342.534 354.1959 362.7846 371.3733 379.9619 388.5506 391.6446 393.9144 396.1841 398.4539 400.0 400.0 400.0 400.0 400.0 400.0 400.0 400.0 400.0 400.0 400.0 400.0 400.0 400.0 400.0 400.0 400.0 400.0 399.952 399.5382 399.1244 398.7105
401.0855 401.095 400.591 398.7358 396.8806 395.0253 393.1701 385.3246 375.2028 365.0811 354.9593 344.7582 334.1808 323.6034 313.0259 302.4485 295.2769 290.1647 285.0525 279.9402 274.9118 270.957 267.0022 263.0474 259.0926 258.8944 262.1398 265.3851 268.6304 271.8758 286.1188 300.6902 315.2616 329.833 342.6949 353.1991 363.7033 374.2073 384.7115 388.7412 391.7997 394.8582 397.9167 400.0 400.0 400.0 400.0 400.0 400.0 400.0 400.0 400.0 400.0 400.0 400.0 400.0 400.0 400.0 400.0 400.0 400.0 399.9278 399.3047 398.6816 398.0585
