data/zism_data/00672_01_D.txt
ncols         224
nrows         224
[rows 0 to 27 of 224, columns 63 to 125 of 224]
747.1282 737.8687 726.7445 713.3649 699.9853 686.6057 673.226 663.8702 655.0092 646.148 637.2869 627.5576 616.0535 604.5493 593.0452 581.541 568.3685 554.6874 541.0063 527.3253 515.7833 512.5681 509.353 506.1378 502.9227 504.1813 507.9311 511.6808 515.4306 519.9769 533.6458 547.3148 560.9838 574.6528 587.7175 600.2206 612.7234 625.2265 637.7296 643.2465 648.4435 653.6404 658.8373 661.8695 661.5742 661.2789 660.9837 660.6884 655.9671 650.3528 644.7385 639.1243 634.0522 630.4457 626.8392 623.2327 619.6262 613.8906 607.277 600.6635 594.0499 587.577 581.9276
743.2121 734.5975 723.6238 709.7964 695.9691 682.1418 668.3145 658.098 648.3256 638.553 628.7805 618.2501 606.1703 594.0905 582.0107 569.931 558.0823 546.3041 534.5258 522.7476 512.9646 510.9487 508.9328 506.9168 504.9009 507.6122 512.9557 518.2993 523.6428 529.7323 544.366 558.9996 573.6333 588.267 601.476 613.3608 625.2454 637.1302 649.015 653.6589 657.9709 662.2831 666.5952 668.9274 668.2164 667.5054 666.7944 666.0835 660.2369 653.3541 646.4713 639.5886 633.2278 628.2781 623.3283 618.3785 613.4288 606.6821 599.1943 591.7066 584.2189 576.9809 571.2035
739.296 731.3263 720.5031 706.228 691.953 677.678 663.403 652.3258 641.642 630.9581 620.2741 608.9426 596.2872 583.6318 570.9763 558.3209 547.7961 537.9207 528.0453 518.1699 510.1459 509.3292 508.5125 507.6959 506.8792 511.0432 517.9805 524.9177 531.855 539.4877 555.0861 570.6844 586.2828 601.8812 615.2346 626.5011 637.7674 649.0339 660.3005 664.0712 667.4985 670.9257 674.353 675.9853 674.8586 673.7319 672.6052 671.4785 664.5066 656.3553 648.2041 640.0528 632.4034 626.1104 619.8174 613.5244 607.2314 599.4736 591.1117 582.7498 574.3879 566.3848 560.4794
735.3798 728.0551 717.3824 702.6596 687.9369 673.2142 658.4915 646.5536 634.9585 623.3631 611.7677 599.6351 586.404 573.173 559.9419 546.7109 537.51 529.5374 521.5648 513.5922 507.3272 507.7098 508.0923 508.4749 508.8575 514.4741 523.0051 531.5362 540.0672 549.2432 565.8062 582.3693 598.9323 615.4954 628.993 639.6413 650.2894 660.9377 671.5859 674.4835 677.0259 679.5684 682.1108 683.0432 681.5008 679.9584 678.416 676.8736 668.7763 659.3566 649.9368 640.5171 631.579 623.9427 616.3065 608.6702 601.0339 592.265 583.029 573.793 564.557 555.7886 549.7554
731.4637 724.7839 714.2617 699.0912 683.9208 668.7504 653.5799 640.7815 628.2749 615.7681 603.2613 590.3275 576.5209 562.7142 548.9075 535.1008 527.2238 521.1541 515.0843 509.0145 504.5085 506.0903 507.6721 509.254 510.8358 517.905 528.0298 538.1546 548.2794 558.9986 576.5264 594.0541 611.5818 629.1096 642.7516 652.7816 662.8114 672.8414 682.8714 684.8958 686.5534 688.2111 689.8687 690.1011 688.143 686.1849 684.2267 682.2686 673.0461 662.3578 651.6696 640.9814 630.7546 621.7751 612.7956 603.816 594.8365 585.0565 574.9464 564.8362 554.7261 545.1925 539.0314
716.3629 709.8868 699.7009 685.0272 670.3535 655.6798 641.0061 628.2333 615.6943 603.1552 590.616 578.0007 565.2296 552.4585 539.6874 526.9163 520.6418 516.3474 512.053 507.7585 505.0157 508.3131 511.6105 514.9079 518.2053 526.5172 537.6213 548.7255 559.8296 571.4207 588.5896 605.7585 622.9274 640.0963 652.7793 661.2923 669.8052 678.3182 686.8312 688.2681 689.3808 690.4935 691.6061 691.4567 689.3671 687.2776 685.188 683.0985 673.3069 661.9613 650.6157 639.2701 628.2325 618.0274 607.8223 597.6171 587.412 577.1735 566.9213 556.6691 546.4169 536.9703 532.2368
694.2051 687.6545 677.9222 664.3411 650.7601 637.179 623.5979 611.4098 599.3931 587.3763 575.3594 563.7689 553.0499 542.3309 531.6119 520.8929 516.3969 513.7974 511.1979 508.5984 507.6213 512.96 518.2988 523.6376 528.9763 538.3984 550.0942 561.7901 573.4859 585.5253 601.5003 617.4753 633.4503 649.4254 660.4531 666.8821 673.311 679.7401 686.1691 687.1986 687.9808 688.763 689.5452 689.2144 687.1728 685.1312 683.0897 681.0481 671.0383 659.421 647.8036 636.1862 624.6392 613.2828 601.9263 590.5698 579.2133 568.8651 558.9326 549.0002 539.0677 530.246 527.9216
672.0474 665.4222 656.1436 643.6551 631.1666 618.6781 606.1896 594.5863 583.0919 571.5974 560.1028 549.537 540.8702 532.2034 523.5365 514.8697 512.152 511.2474 510.3428 509.4382 510.2268 517.607 524.9871 532.3672 539.7474 550.2797 562.5672 574.8547 587.1422 599.6299 614.411 629.1921 643.9733 658.7543 668.1269 672.4719 676.8168 681.1619 685.5068 686.1291 686.5807 687.0325 687.4841 686.972 684.9785 682.9849 680.9912 678.9976 668.7698 656.8806 644.9914 633.1022 621.046 608.5381 596.0303 583.5224 571.0145 560.5566 550.9439 541.3313 531.7186 523.5217 523.6064
649.8897 643.1899 634.3649 622.969 611.5731 600.1773 588.7814 577.7628 566.7907 555.8184 544.8461 535.3052 528.6905 522.0758 515.4611 508.8464 507.907 508.6974 509.4877 510.278 512.8324 522.2539 531.6754 541.0969 550.5184 562.1609 575.0401 587.9193 600.7984 613.7344 627.3217 640.9089 654.4962 668.0834 675.8007 678.0617 680.3227 682.5837 684.8447 685.0596 685.1808 685.3019 685.4232 684.7297 682.7841 680.8384 678.8928 676.9472 666.5012 654.3403 642.1793 630.0183 617.4527 603.7935 590.1343 576.475 562.8159 552.2481 542.9553 533.6624 524.3695 516.7974 519.2913
627.8019 620.9988 612.6243 602.3491 592.0739 581.7986 571.5234 561.1522 550.7694 540.3864 530.0034 521.5255 516.9427 512.3598 507.777 503.1941 504.0425 506.5462 509.0499 511.5536 515.8809 527.3074 538.7339 550.1604 561.5869 574.279 587.6758 601.0727 614.4695 627.781 640.1146 652.4482 664.7818 677.1154 683.1421 683.3062 683.4703 683.6345 683.7986 683.5644 683.3119 683.0594 682.8069 681.8941 679.9664 678.0386 676.1108 674.1831 663.5318 651.1205 638.7092 626.2979 613.2733 598.5911 583.9089 569.2267 554.5445 543.9843 535.124 526.2636 517.4033 510.5455 515.4023
607.2408 599.7075 591.7172 583.1743 574.6314 566.0886 557.5457 549.1916 540.8609 532.5301 524.1992 517.6212 514.627 511.6327 508.6384 505.6441 508.4854 513.1052 517.7251 522.3449 528.6031 541.2396 553.8761 566.5126 579.1491 591.5686 603.8674 616.1661 628.4648 640.5609 650.336 660.1111 669.8861 679.6612 683.2233 681.0101 678.7971 676.5839 674.3708 672.7734 671.2042 669.635 668.0658 666.1031 663.5358 660.9684 658.4009 655.8336 645.2567 633.064 620.8712 608.6784 596.2941 583.3923 570.4906 557.5888 544.6871 536.696 530.73 524.764 518.7979 514.6096 520.8203
586.6798 578.4161 570.8101 563.9995 557.189 550.3785 543.5679 537.231 530.9524 524.6737 518.395 513.7169 512.3112 510.9055 509.4998 508.0941 512.9283 519.6642 526.4002 533.1362 541.3254 555.1719 569.0184 582.8649 596.7113 608.8583 620.0589 631.2595 642.4601 653.3408 660.5574 667.7739 674.9905 682.207 683.3045 678.7141 674.1237 669.5333 664.9429 661.9824 659.0964 656.2106 653.3247 650.3122 647.1052 643.8981 640.691 637.484 626.9816 615.0074 603.0331 591.0589 579.315 568.1936 557.0723 545.9509 534.8296 529.4077 526.336 523.2643 520.1926 518.6738 526.2384
566.118 557.124 549.9022 544.824 539.7459 534.6678 529.5897 525.27 521.0436 516.8171 512.5906 509.8125 509.9954 510.1783 510.3612 510.5442 517.3713 526.2235 535.0757 543.9278 554.048 569.1046 584.1611 599.2177 614.2742 626.1486 636.251 646.3535 656.4559 666.1212 670.7791 675.437 680.095 684.7529 683.3857 676.4179 669.4503 662.4825 655.5146 651.1909 646.9883 642.7856 638.5831 634.5207 630.674 626.8273 622.9805 619.1338 608.7059 596.9502 585.1945 573.4388 562.3352 552.9944 543.6536 534.3127 524.9719 522.1191 521.9419 521.7646 521.5874 522.738 531.6567
545.5569 535.8326 528.9951 525.6493 522.3035 518.9577 515.6119 513.3094 511.1351 508.9608 506.7864 505.9082 507.6797 509.4512 511.2227 512.9941 521.8143 532.7825 543.7508 554.7191 566.7702 583.0368 599.3033 615.5699 631.8364 643.4382 652.4425 661.4468 670.4512 678.9011 681.0005 683.0999 685.1993 687.2987 683.4669 674.1219 664.7769 655.4319 646.0868 640.3999 634.8806 629.3613 623.8419 618.7297 614.2433 609.757 605.2706 600.7843 590.4308 578.8936 567.3564 555.8193 545.3561 537.7957 530.2352 522.6748 515.1144 514.8308 517.5479 520.265 522.9821 526.8022 537.0747
532.0334 522.4666 516.3549 514.4228 512.4907 510.5586 508.6264 508.0674 507.6771 507.2868 506.8965 507.591 510.5034 513.4157 516.3281 519.2404 529.2588 541.4429 553.6269 565.811 578.9092 595.5663 612.2235 628.8807 645.5378 656.4586 664.1853 671.912 679.6387 686.8011 687.5003 688.1995 688.8987 689.5979 684.7076 674.6215 664.5355 654.4495 644.3633 637.061 629.8862 622.7113 615.5365 609.0257 603.5356 598.0454 592.5553 587.0652 576.8428 565.6658 554.4888 543.3117 533.5621 527.6708 521.7795 515.8882 509.9969 511.8899 516.9929 522.0959 527.199 533.0949 543.6288
526.3049 517.8788 512.8716 512.0002 511.1287 510.2573 509.3858 510.2671 511.3639 512.4606 513.5574 515.4624 519.0197 522.577 526.1343 529.6917 540.0281 552.4307 564.8332 577.2357 590.4022 606.5423 622.6825 638.8226 654.9628 664.7502 671.0005 677.2507 683.501 689.2961 689.8781 690.46 691.042 691.624 687.2324 678.2177 669.2031 660.1884 651.1736 641.9764 632.7708 623.5651 614.3595 606.0638 599.1666 592.2693 585.3721 578.4749 568.4465 557.7865 547.1264 536.4663 527.5116 523.1661 518.8205 514.4749 510.1294 513.7643 520.6902 527.6161 534.5419 541.856 551.4412
520.5765 513.2911 509.3884 509.5776 509.7668 509.956 510.1452 512.4669 515.0507 517.6345 520.2183 523.3337 527.5361 531.7383 535.9406 540.1429 550.7974 563.4185 576.0395 588.6605 601.8951 617.5183 633.1414 648.7646 664.3877 673.0419 677.8157 682.5894 687.3632 691.791 692.2557 692.7205 693.1852 693.65 689.7573 681.8139 673.8707 665.9273 657.9839 646.8918 635.6554 624.4189 613.1825 603.1018 594.7975 586.4932 578.189 569.8847 560.0503 549.9072 539.764 529.6209 521.4611 518.6613 515.8615 513.0617 510.2619 515.6389 524.3875 533.1362 541.8848 550.6171 559.2536
514.848 508.7033 505.9051 507.155 508.4048 509.6547 510.9046 514.6666 518.7374 522.8083 526.8793 531.2051 536.0524 540.8996 545.7469 550.5941 561.5668 574.4063 587.2458 600.0853 613.3881 628.4943 643.6004 658.7065 673.8127 681.3336 684.6309 687.9282 691.2255 694.2859 694.6335 694.981 695.3286 695.6761 692.282 685.4101 678.5383 671.6663 664.7943 651.8072 638.54 625.2728 612.0056 600.1399 590.4285 580.7172 571.0058 561.2944 551.654 542.0278 532.4017 522.7755 515.4105 514.1565 512.9025 511.6485 510.3945 517.5133 528.0848 538.6563 549.2277 559.3782 567.066
509.1196 504.1156 502.4218 504.7324 507.0429 509.3534 511.664 516.8664 522.4243 527.9822 533.5402 539.0765 544.5687 550.0609 555.5531 561.0453 572.3361 585.3941 598.4521 611.5101 624.8811 639.4702 654.0593 668.6485 683.2376 689.6252 691.446 693.2668 695.0877 696.7808 697.0112 697.2415 697.4718 697.7021 694.8069 689.0063 683.2058 677.4052 671.6046 656.7226 641.4246 626.1266 610.8286 597.1779 586.0595 574.941 563.8226 552.7042 543.2577 534.1485 525.0393 515.9302 509.3599 509.6517 509.9435 510.2352 510.527 519.3878 531.782 544.1764 556.5707 568.1393 574.8784
515.6503 513.408 513.8 517.3787 520.9573 524.5359 528.1146 534.5438 541.3234 548.1031 554.8829 561.0363 565.9095 570.7827 575.6558 580.5289 590.275 601.506 612.7371 623.9681 635.4466 647.8882 660.3297 672.7712 685.2128 690.6245 692.1219 693.6193 695.1166 696.4982 696.5534 696.6086 696.6638 696.7189 693.5496 687.3827 681.2159 675.0491 668.8822 654.7363 640.2249 625.7136 611.2021 598.6296 589.0372 579.4447 569.8522 560.2598 551.9492 543.8973 535.8455 527.7936 522.0751 522.6631 523.2511 523.8391 524.4271 532.2466 543.0483 553.8499 564.6516 574.668 580.0917
523.4662 524.1555 526.7362 531.6047 536.4733 541.3417 546.2103 553.8439 561.8175 569.7911 577.7648 584.4732 588.5948 592.7164 596.838 600.9595 608.9655 618.1551 627.3448 636.5345 645.9149 656.0379 666.1609 676.2839 686.4069 690.8593 692.1541 693.4489 694.7437 695.9244 695.7984 695.6724 695.5463 695.4203 691.8956 685.2118 678.5281 671.8442 665.1603 652.0265 638.5971 625.1677 611.7383 600.544 592.785 585.026 577.267 569.5081 562.4323 555.4943 548.5564 541.6185 536.7578 537.5109 538.2642 539.0173 539.7706 546.2572 555.1081 563.9589 572.8098 580.9627 585.0326
531.2821 534.9031 539.6725 545.8308 551.9892 558.1476 564.306 573.1441 582.3115 591.4791 600.6468 607.9101 611.2801 614.6501 618.0201 621.3901 627.6559 634.8042 641.9525 649.1008 656.3832 664.1877 671.9921 679.7966 687.6011 691.094 692.1863 693.2785 694.3707 695.3506 695.0433 694.7361 694.4288 694.1216 690.2417 683.0409 675.8402 668.6393 661.4385 649.3166 636.9692 624.6219 612.2745 602.4584 596.5329 590.6074 584.6818 578.7563 572.9153 567.0913 561.2673 555.4434 551.4404 552.3588 553.2772 554.1956 555.1141 560.2677 567.1678 574.0679 580.9681 587.2574 589.9734
539.098 545.6507 552.6087 560.0569 567.5052 574.9534 582.4016 592.4442 602.8056 613.1672 623.5287 631.347 633.9654 636.5839 639.2023 641.8207 646.3464 651.4533 656.5602 661.6672 666.8516 672.3375 677.8234 683.3093 688.7952 691.3288 692.2184 693.1081 693.9978 694.7768 694.2883 693.7999 693.3114 692.8229 688.5878 680.87 673.1523 665.4345 657.7167 646.6068 635.3414 624.076 612.8107 604.3728 600.2808 596.1887 592.0967 588.0046 583.3984 578.6884 573.9783 569.2682 566.123 567.2066 568.2902 569.3739 570.4575 574.2783 579.2276 584.177 589.1263 593.552 594.9142
549.4797 558.4881 567.1393 575.3584 583.5775 591.7966 600.0157 610.4617 621.1813 631.901 642.6208 650.4727 652.4612 654.4498 656.4384 658.4269 661.4918 664.8848 668.2778 671.6708 675.0696 678.4911 681.9125 685.334 688.7554 690.3929 691.037 691.6812 692.3253 692.8362 691.8211 690.806 689.7909 688.7758 684.1638 676.2081 668.2526 660.297 652.3414 642.8204 633.2277 623.635 614.0424 607.404 605.3065 603.2091 601.1116 599.0142 595.6548 592.0409 588.4269 584.813 582.4974 583.6907 584.8841 586.0775 587.2709 589.4826 592.1143 594.746 597.3776 599.5898 599.3476
564.9381 575.4604 584.8246 592.7879 600.7512 608.7144 616.6776 625.9421 635.3664 644.7908 654.2153 661.0695 662.6689 664.2682 665.8677 667.467 669.624 671.9509 674.2778 676.6047 678.836 680.6956 682.5552 684.4148 686.2744 687.1409 687.4544 687.768 688.0815 688.1913 685.9662 683.7411 681.516 679.2909 674.2589 666.6177 658.9767 651.3355 643.6944 636.9041 630.1527 623.4014 616.65 612.6448 612.8608 613.0768 613.2927 613.5087 611.4203 608.8672 606.314 603.7609 602.2195 603.4128 604.6061 605.7994 606.9928 607.0494 606.6374 606.2253 605.8133 605.1194 602.777
580.396 592.4323 602.5095 610.2168 617.9242 625.6316 633.339 641.422 649.551 657.6802 665.8094 671.666 672.8762 674.0864 675.2966 676.5069 677.7559 679.0167 680.2775 681.5383 682.6023 682.9001 683.1978 683.4956 683.7933 683.889 683.8719 683.855 683.838 683.5466 680.1115 676.6765 673.2414 669.8063 664.3544 657.0277 649.7011 642.3744 635.0477 630.9879 627.0778 623.1677 619.2576 617.8856 620.4149 622.9441 625.4734 628.0026 627.1854 625.6929 624.2005 622.708 621.9409 623.1342 624.3275 625.5208 626.7141 624.6157 621.16 617.7043 614.2487 610.6489 606.2064
595.8539 609.4041 620.1942 627.6458 635.0973 642.5488 650.0003 656.9019 663.7357 670.5696 677.4035 682.2625 683.0835 683.9046 684.7256 685.5467 685.8878 686.0825 686.2772 686.472 686.3686 685.1045 683.8405 682.5764 681.3124 680.637 680.2895 679.942 679.5945 678.9019 674.2568 669.6118 664.9667 660.3217 654.4499 647.4376 640.4255 633.4133 626.401 625.0718 624.0029 622.934 621.8651 623.1262 627.9689 632.8115 637.6541 642.4966 642.9504 642.5187 642.0869 641.6552 641.6624 642.8556 644.0488 645.2421 646.4353 642.1819 635.6826 629.1833 622.684 616.1783 609.6357
611.3118 626.3759 637.879 645.0746 652.2703 659.4659 666.6616 672.3817 677.9203 683.4589 688.9976 692.8589 693.2908 693.7227 694.1547 694.5865 694.0197 693.1483 692.277 691.4056 690.1348 687.309 684.4831 681.6572 678.8314 677.3851 676.707 676.029 675.3509 674.2571 668.4022 662.5471 656.6921 650.8372 644.5453 637.8476 631.1499 624.4521 617.7543 619.1556 620.928 622.7003 624.4727 628.3669 635.5229 642.6788 649.8347 656.9906 658.7154 659.3444 659.9734 660.6024 661.3838 662.577 663.7701 664.9633 666.1565 659.7482 650.2053 640.6623 631.1194 621.7078 613.065
