data/zism_data/00670_03_D.txt
ncols         224
nrows         224
[rows 0 to 28 of 224, columns 65 to 129 of 224]
1268.582 1272.604 1275.804 1279.003 1282.203 1285.403 1288.514 1291.571 1294.628 1297.685 1300.92 1305.879 1310.838 1315.796 1320.755 1325.504 1330.094 1334.684 1339.275 1343.749 1345.66 1347.572 1349.483 1351.394 1352.762 1353.625 1354.489 1355.352 1356.215 1358.797 1361.39 1363.984 1366.578 1369.117 1371.596 1374.074 1376.553 1379.031 1381.28 1383.515 1385.75 1387.985 1389.721 1390.759 1391.797 1392.835 1393.874 1394.417 1394.901 1395.385 1395.869 1396.39 1396.977 1397.563 1398.15 1398.736 1398.963 1399.123 1399.283 1399.443 1399.515 1399.394 1399.274 1399.154 1399.034
1269.585 1273.582 1276.628 1279.674 1282.719 1285.765 1288.7 1291.567 1294.433 1297.3 1300.368 1305.381 1310.395 1315.409 1320.422 1325.24 1329.907 1334.575 1339.243 1343.801 1345.92 1348.039 1350.158 1352.277 1353.937 1355.17 1356.403 1357.635 1358.868 1361.478 1364.099 1366.719 1369.339 1371.843 1374.216 1376.588 1378.96 1381.333 1383.521 1385.698 1387.874 1390.051 1391.697 1392.6 1393.504 1394.408 1395.311 1395.654 1395.928 1396.203 1396.478 1396.846 1397.375 1397.905 1398.435 1398.964 1399.164 1399.302 1399.44 1399.578 1399.601 1399.378 1399.155 1398.931 1398.708
1270.404 1274.224 1277.162 1280.1 1283.038 1285.977 1288.784 1291.511 1294.237 1296.964 1299.907 1304.942 1309.977 1315.013 1320.048 1324.945 1329.736 1334.528 1339.319 1344.007 1346.384 1348.762 1351.139 1353.517 1355.429 1356.91 1358.39 1359.87 1361.351 1363.931 1366.519 1369.106 1371.694 1374.161 1376.491 1378.82 1381.149 1383.478 1385.522 1387.548 1389.574 1391.6 1393.102 1393.871 1394.64 1395.409 1396.178 1396.425 1396.608 1396.791 1396.974 1397.266 1397.748 1398.229 1398.71 1399.191 1399.347 1399.442 1399.537 1399.631 1399.622 1399.388 1399.154 1398.92 1398.686
1271.223 1274.867 1277.697 1280.527 1283.358 1286.188 1288.868 1291.455 1294.042 1296.628 1299.446 1304.503 1309.56 1314.616 1319.673 1324.65 1329.565 1334.48 1339.396 1344.213 1346.849 1349.484 1352.12 1354.756 1356.922 1358.65 1360.377 1362.105 1363.833 1366.383 1368.939 1371.494 1374.05 1376.479 1378.766 1381.052 1383.338 1385.624 1387.523 1389.399 1391.274 1393.15 1394.507 1395.142 1395.776 1396.411 1397.045 1397.195 1397.287 1397.379 1397.47 1397.687 1398.12 1398.552 1398.985 1399.418 1399.53 1399.582 1399.634 1399.685 1399.643 1399.398 1399.153 1398.909 1398.664
1272.042 1275.509 1278.231 1280.954 1283.677 1286.4 1288.952 1291.399 1293.846 1296.292 1298.985 1304.064 1309.142 1314.22 1319.299 1324.355 1329.394 1334.433 1339.472 1344.419 1347.313 1350.207 1353.101 1355.995 1358.414 1360.389 1362.365 1364.34 1366.316 1368.835 1371.359 1373.882 1376.405 1378.798 1381.041 1383.284 1385.527 1387.77 1389.525 1391.249 1392.974 1394.699 1395.913 1396.412 1396.912 1397.412 1397.912 1397.966 1397.966 1397.967 1397.967 1398.108 1398.492 1398.876 1399.26 1399.645 1399.713 1399.722 1399.73 1399.739 1399.664 1399.408 1399.153 1398.897 1398.642
1272.86 1276.151 1278.766 1281.381 1283.996 1286.611 1289.036 1291.343 1293.65 1295.957 1298.525 1303.625 1308.724 1313.824 1318.924 1324.06 1329.223 1334.386 1339.549 1344.625 1347.777 1350.93 1354.082 1357.235 1359.906 1362.129 1364.352 1366.575 1368.799 1371.288 1373.779 1376.27 1378.761 1381.116 1383.316 1385.516 1387.716 1389.916 1391.526 1393.1 1394.674 1396.248 1397.318 1397.683 1398.048 1398.414 1398.779 1398.737 1398.646 1398.554 1398.463 1398.528 1398.864 1399.2 1399.536 1399.872 1399.896 1399.862 1399.827 1399.793 1399.685 1399.419 1399.152 1398.886 1398.62
1275.242 1278.37 1280.832 1283.293 1285.755 1288.216 1290.437 1292.508 1294.58 1296.651 1298.996 1303.994 1308.992 1313.989 1318.987 1324.104 1329.313 1334.522 1339.731 1344.859 1348.174 1351.49 1354.805 1358.12 1360.962 1363.362 1365.762 1368.161 1370.562 1373.108 1375.655 1378.202 1380.749 1383.104 1385.24 1387.375 1389.511 1391.647 1393.068 1394.445 1395.823 1397.2 1398.108 1398.36 1398.612 1398.864 1399.116 1399.04 1398.924 1398.808 1398.693 1398.72 1398.993 1399.266 1399.54 1399.813 1399.821 1399.779 1399.736 1399.694 1399.562 1399.236 1398.909 1398.582 1398.256
1278.44 1281.414 1283.697 1285.981 1288.265 1290.549 1292.525 1294.311 1296.098 1297.884 1299.955 1304.786 1309.616 1314.447 1319.278 1324.327 1329.541 1334.755 1339.97 1345.107 1348.536 1351.964 1355.392 1358.821 1361.789 1364.329 1366.869 1369.409 1371.949 1374.597 1377.247 1379.896 1382.546 1384.92 1386.98 1389.04 1391.101 1393.161 1394.37 1395.527 1396.683 1397.84 1398.577 1398.726 1398.876 1399.026 1399.176 1399.098 1398.993 1398.888 1398.783 1398.792 1398.995 1399.198 1399.401 1399.605 1399.61 1399.579 1399.548 1399.517 1399.365 1398.952 1398.539 1398.126 1397.714
1281.638 1284.457 1286.563 1288.669 1290.776 1292.882 1294.614 1296.115 1297.616 1299.117 1300.914 1305.578 1310.241 1314.905 1319.569 1324.549 1329.769 1334.988 1340.208 1345.355 1348.897 1352.438 1355.98 1359.521 1362.617 1365.296 1367.976 1370.656 1373.336 1376.087 1378.839 1381.59 1384.342 1386.735 1388.72 1390.705 1392.691 1394.676 1395.672 1396.608 1397.544 1398.48 1399.045 1399.093 1399.14 1399.188 1399.235 1399.156 1399.062 1398.968 1398.874 1398.863 1398.997 1399.13 1399.263 1399.396 1399.4 1399.38 1399.359 1399.339 1399.167 1398.668 1398.169 1397.67 1397.171
1284.835 1287.5 1289.429 1291.357 1293.286 1295.214 1296.702 1297.918 1299.134 1300.349 1301.872 1306.369 1310.866 1315.363 1319.86 1324.771 1329.996 1335.221 1340.447 1345.604 1349.258 1352.913 1356.567 1360.222 1363.444 1366.264 1369.084 1371.903 1374.723 1377.577 1380.431 1383.285 1386.139 1388.551 1390.461 1392.37 1394.28 1396.19 1396.974 1397.689 1398.405 1399.12 1399.514 1399.459 1399.405 1399.35 1399.295 1399.215 1399.131 1399.048 1398.965 1398.935 1398.998 1399.062 1399.125 1399.188 1399.19 1399.18 1399.171 1399.161 1398.969 1398.384 1397.799 1397.214 1396.629
1288.0 1290.522 1292.272 1294.021 1295.771 1297.52 1298.782 1299.742 1300.703 1301.664 1302.939 1307.262 1311.585 1315.908 1320.231 1325.058 1330.269 1335.48 1340.69 1345.838 1349.593 1353.347 1357.102 1360.857 1364.191 1367.135 1370.078 1373.022 1375.965 1378.906 1381.848 1384.789 1387.73 1390.157 1391.999 1393.841 1395.682 1397.524 1398.119 1398.638 1399.157 1399.677 1399.92 1399.779 1399.638 1399.497 1399.356 1399.277 1399.207 1399.136 1399.066 1399.019 1399.015 1399.01 1399.005 1399.001 1399.0 1399.0 1399.0 1399.0 1398.794 1398.142 1397.49 1396.839 1396.187
1290.855 1293.344 1294.9 1296.455 1298.011 1299.567 1300.774 1301.767 1302.76 1303.753 1305.035 1309.116 1313.197 1317.278 1321.358 1325.965 1330.971 1335.977 1340.983 1345.934 1349.668 1353.401 1357.134 1360.867 1364.175 1367.086 1369.997 1372.908 1375.819 1378.707 1381.594 1384.482 1387.369 1389.768 1391.609 1393.451 1395.292 1397.134 1397.765 1398.322 1398.879 1399.436 1399.728 1399.651 1399.575 1399.498 1399.422 1399.379 1399.341 1399.303 1399.264 1399.221 1399.167 1399.115 1399.061 1399.008 1399.0 1399.0 1399.0 1399.0 1398.831 1398.298 1397.765 1397.231 1396.698
1293.709 1296.165 1297.527 1298.889 1300.251 1301.613 1302.767 1303.792 1304.818 1305.843 1307.131 1310.97 1314.808 1318.647 1322.486 1326.872 1331.673 1336.475 1341.276 1346.031 1349.743 1353.454 1357.166 1360.878 1364.158 1367.037 1369.916 1372.794 1375.673 1378.507 1381.341 1384.175 1387.008 1389.378 1391.22 1393.061 1394.903 1396.744 1397.411 1398.005 1398.6 1399.194 1399.536 1399.524 1399.512 1399.5 1399.488 1399.481 1399.475 1399.469 1399.463 1399.422 1399.32 1399.219 1399.118 1399.016 1399.0 1399.0 1399.0 1399.0 1398.869 1398.454 1398.039 1397.624 1397.209
1296.563 1298.987 1300.155 1301.323 1302.492 1303.66 1304.76 1305.817 1306.875 1307.932 1309.227 1312.824 1316.42 1320.017 1323.613 1327.778 1332.375 1336.973 1341.57 1346.127 1349.818 1353.508 1357.198 1360.888 1364.141 1366.988 1369.834 1372.681 1375.527 1378.308 1381.088 1383.867 1386.647 1388.989 1390.83 1392.672 1394.513 1396.355 1397.057 1397.689 1398.321 1398.953 1399.344 1399.396 1399.449 1399.501 1399.554 1399.583 1399.609 1399.635 1399.662 1399.623 1399.474 1399.324 1399.174 1399.024 1399.0 1399.0 1399.0 1399.0 1398.906 1398.61 1398.313 1398.017 1397.72
1299.417 1301.809 1302.783 1303.758 1304.732 1305.707 1306.752 1307.842 1308.932 1310.022 1311.324 1314.678 1318.032 1321.386 1324.741 1328.685 1333.078 1337.47 1341.863 1346.224 1349.893 1353.561 1357.23 1360.898 1364.125 1366.939 1369.753 1372.567 1375.381 1378.108 1380.834 1383.56 1386.286 1388.599 1390.44 1392.282 1394.124 1395.965 1396.702 1397.372 1398.042 1398.712 1399.151 1399.268 1399.386 1399.503 1399.62 1399.685 1399.743 1399.802 1399.86 1399.825 1399.626 1399.428 1399.23 1399.031 1399.0 1399.0 1399.0 1399.0 1398.944 1398.766 1398.587 1398.409 1398.231
1301.495 1303.833 1304.758 1305.682 1306.606 1307.53 1308.628 1309.833 1311.039 1312.244 1313.637 1316.849 1320.062 1323.274 1326.487 1330.224 1334.361 1338.497 1342.634 1346.746 1350.321 1353.896 1357.472 1361.047 1364.204 1366.972 1369.739 1372.507 1375.275 1377.919 1380.563 1383.206 1385.85 1388.122 1389.973 1391.823 1393.673 1395.523 1396.331 1397.076 1397.821 1398.566 1399.063 1399.213 1399.363 1399.513 1399.663 1399.743 1399.814 1399.884 1399.955 1399.928 1399.733 1399.538 1399.343 1399.148 1399.117 1399.117 1399.117 1399.117 1399.082 1398.97 1398.859 1398.748 1398.636
1302.894 1305.16 1306.159 1307.159 1308.158 1309.157 1310.401 1311.795 1313.188 1314.582 1316.141 1319.299 1322.458 1325.617 1328.775 1332.318 1336.153 1339.988 1343.823 1347.64 1351.059 1354.479 1357.898 1361.317 1364.368 1367.077 1369.785 1372.494 1375.202 1377.739 1380.275 1382.811 1385.347 1387.57 1389.436 1391.302 1393.169 1395.035 1395.946 1396.798 1397.651 1398.503 1399.065 1399.22 1399.376 1399.532 1399.687 1399.762 1399.828 1399.893 1399.959 1399.946 1399.799 1399.653 1399.506 1399.359 1399.336 1399.336 1399.336 1399.336 1399.308 1399.218 1399.128 1399.038 1398.948
1304.292 1306.486 1307.561 1308.635 1309.71 1310.785 1312.174 1313.756 1315.338 1316.92 1318.644 1321.749 1324.854 1327.959 1331.064 1334.412 1337.946 1341.479 1345.013 1348.535 1351.798 1355.061 1358.324 1361.587 1364.532 1367.182 1369.831 1372.48 1375.129 1377.559 1379.987 1382.416 1384.844 1387.017 1388.9 1390.782 1392.664 1394.547 1395.56 1396.52 1397.48 1398.441 1399.067 1399.228 1399.389 1399.55 1399.711 1399.782 1399.842 1399.902 1399.962 1399.964 1399.866 1399.767 1399.669 1399.571 1399.555 1399.555 1399.555 1399.555 1399.534 1399.465 1399.397 1399.329 1399.261
1305.69 1307.812 1308.962 1310.112 1311.262 1312.413 1313.947 1315.717 1317.487 1319.258 1321.148 1324.199 1327.25 1330.301 1333.352 1336.506 1339.738 1342.97 1346.202 1349.429 1352.536 1355.643 1358.75 1361.857 1364.697 1367.287 1369.877 1372.467 1375.057 1377.379 1379.7 1382.02 1384.341 1386.464 1388.363 1390.262 1392.16 1394.059 1395.174 1396.242 1397.31 1398.378 1399.069 1399.236 1399.402 1399.568 1399.735 1399.802 1399.856 1399.911 1399.965 1399.982 1399.932 1399.882 1399.832 1399.782 1399.774 1399.774 1399.774 1399.774 1399.76 1399.713 1399.666 1399.62 1399.573
1307.088 1309.138 1310.364 1311.589 1312.815 1314.04 1315.719 1317.678 1319.637 1321.596 1323.652 1326.649 1329.646 1332.643 1335.64 1338.6 1341.53 1344.461 1347.392 1350.323 1353.274 1356.225 1359.176 1362.127 1364.861 1367.392 1369.922 1372.453 1374.984 1377.199 1379.412 1381.625 1383.838 1385.912 1387.827 1389.741 1391.656 1393.571 1394.789 1395.964 1397.14 1398.315 1399.072 1399.243 1399.415 1399.587 1399.759 1399.821 1399.87 1399.92 1399.969 1400.0 1399.998 1399.997 1399.995 1399.994 1399.994 1399.994 1399.994 1399.994 1399.986 1399.96 1399.935 1399.91 1399.885
1308.256 1310.253 1311.564 1312.875 1314.187 1315.498 1317.275 1319.338 1321.402 1323.466 1325.604 1328.463 1331.323 1334.183 1337.043 1339.878 1342.696 1345.513 1348.33 1351.147 1353.936 1356.726 1359.516 1362.305 1364.949 1367.458 1369.966 1372.474 1374.982 1377.194 1379.404 1381.614 1383.823 1385.918 1387.88 1389.842 1391.804 1393.767 1394.946 1396.078 1397.209 1398.341 1399.076 1399.258 1399.441 1399.623 1399.805 1399.86 1399.898 1399.937 1399.976 1400.0 1400.0 1400.0 1400.0 1400.0 1400.0 1400.0 1400.0 1400.0 1399.969 1399.871 1399.774 1399.676 1399.578
1309.416 1311.361 1312.759 1314.156 1315.553 1316.951 1318.824 1320.99 1323.155 1325.321 1327.539 1330.259 1332.979 1335.698 1338.418 1341.132 1343.842 1346.552 1349.261 1351.968 1354.596 1357.224 1359.852 1362.481 1365.036 1367.522 1370.009 1372.495 1374.982 1377.194 1379.404 1381.614 1383.823 1385.94 1387.951 1389.962 1391.972 1393.983 1395.12 1396.203 1397.286 1398.369 1399.081 1399.274 1399.467 1399.66 1399.853 1399.899 1399.927 1399.954 1399.982 1400.0 1400.0 1400.0 1400.0 1400.0 1400.0 1400.0 1400.0 1400.0 1399.945 1399.772 1399.599 1399.426 1399.253
1310.577 1312.469 1313.953 1315.437 1316.92 1318.404 1320.373 1322.641 1324.909 1327.177 1329.474 1332.054 1334.634 1337.214 1339.794 1342.386 1344.988 1347.59 1350.193 1352.789 1355.256 1357.722 1360.189 1362.656 1365.122 1367.587 1370.052 1372.517 1374.982 1377.194 1379.404 1381.614 1383.823 1385.963 1388.022 1390.081 1392.14 1394.199 1395.293 1396.328 1397.362 1398.397 1399.085 1399.289 1399.493 1399.697 1399.901 1399.938 1399.955 1399.972 1399.989 1400.0 1400.0 1400.0 1400.0 1400.0 1400.0 1400.0 1400.0 1400.0 1399.921 1399.673 1399.425 1399.176 1398.928
1311.737 1313.578 1315.147 1316.717 1318.287 1319.856 1321.922 1324.292 1326.662 1329.033 1331.41 1333.849 1336.289 1338.729 1341.169 1343.64 1346.135 1348.629 1351.124 1353.61 1355.915 1358.221 1360.526 1362.831 1365.208 1367.652 1370.095 1372.539 1374.982 1377.194 1379.404 1381.614 1383.823 1385.986 1388.093 1390.201 1392.308 1394.416 1395.467 1396.453 1397.439 1398.425 1399.09 1399.304 1399.519 1399.733 1399.948 1399.977 1399.983 1399.99 1399.996 1400.0 1400.0 1400.0 1400.0 1400.0 1400.0 1400.0 1400.0 1400.0 1399.897 1399.574 1399.25 1398.926 1398.603
1312.959 1314.741 1316.364 1317.987 1319.609 1321.232 1323.317 1325.686 1328.055 1330.425 1332.789 1335.107 1337.424 1339.742 1342.059 1344.434 1346.851 1349.269 1351.687 1354.095 1356.305 1358.515 1360.725 1362.935 1365.259 1367.69 1370.121 1372.552 1374.983 1377.194 1379.404 1381.614 1383.823 1385.999 1388.135 1390.271 1392.407 1394.544 1395.588 1396.565 1397.543 1398.52 1399.174 1399.375 1399.576 1399.777 1399.978 1400.0 1400.0 1400.0 1400.0 1400.0 1400.0 1400.0 1400.0 1400.0 1399.981 1399.959 1399.938 1399.916 1399.753 1399.288 1398.823 1398.358 1397.893
1314.271 1315.984 1317.612 1319.24 1320.869 1322.497 1324.49 1326.709 1328.927 1331.146 1333.365 1335.585 1337.806 1340.027 1342.247 1344.562 1346.947 1349.332 1351.718 1354.095 1356.305 1358.515 1360.725 1362.935 1365.259 1367.69 1370.121 1372.552 1374.983 1377.194 1379.404 1381.614 1383.823 1385.999 1388.135 1390.271 1392.407 1394.544 1395.633 1396.659 1397.685 1398.711 1399.373 1399.525 1399.678 1399.831 1399.984 1400.0 1400.0 1400.0 1400.0 1400.0 1400.0 1400.0 1400.0 1400.0 1399.936 1399.86 1399.785 1399.709 1399.435 1398.733 1398.031 1397.329 1396.627
1315.582 1317.227 1318.86 1320.494 1322.128 1323.761 1325.663 1327.731 1329.799 1331.867 1333.94 1336.064 1338.188 1340.311 1342.435 1344.689 1347.042 1349.395 1351.749 1354.095 1356.305 1358.515 1360.725 1362.935 1365.259 1367.69 1370.121 1372.552 1374.983 1377.194 1379.404 1381.614 1383.823 1385.999 1388.135 1390.271 1392.407 1394.544 1395.679 1396.753 1397.828 1398.902 1399.572 1399.676 1399.78 1399.884 1399.989 1400.0 1400.0 1400.0 1400.0 1400.0 1400.0 1400.0 1400.0 1400.0 1399.891 1399.761 1399.632 1399.502 1399.116 1398.177 1397.239 1396.3 1395.361
1316.893 1318.47 1320.109 1321.748 1323.387 1325.026 1326.837 1328.754 1330.671 1332.588 1334.515 1336.542 1338.569 1340.596 1342.623 1344.817 1347.138 1349.459 1351.779 1354.095 1356.305 1358.515 1360.725 1362.935 1365.259 1367.69 1370.121 1372.552 1374.983 1377.194 1379.404 1381.614 1383.823 1385.999 1388.135 1390.271 1392.407 1394.544 1395.725 1396.848 1397.97 1399.093 1399.771 1399.826 1399.882 1399.938 1399.994 1400.0 1400.0 1400.0 1400.0 1400.0 1400.0 1400.0 1400.0 1400.0 1399.846 1399.662 1399.479 1399.295 1398.798 1397.622 1396.447 1395.271 1394.095
1318.204 1319.713 1321.357 1323.001 1324.646 1326.29 1328.01 1329.776 1331.543 1333.309 1335.091 1337.021 1338.951 1340.881 1342.811 1344.945 1347.233 1349.522 1351.81 1354.095 1356.305 1358.515 1360.725 1362.935 1365.259 1367.69 1370.121 1372.552 1374.983 1377.194 1379.404 1381.614 1383.823 1385.999 1388.135 1390.271 1392.407 1394.544 1395.77 1396.942 1398.113 1399.284 1399.969 1399.977 1399.984 1399.992 1399.999 1400.0 1400.0 1400.0 1400.0 1400.0 1400.0 1400.0 1400.0 1400.0 1399.8 1399.563 1399.326 1399.088 1398.479 1397.067 1395.654 1394.242 1392.83
