data/zism_data/00671_04_D.txt
ncols         224
nrows         224
[rows 56 to 83 of 224, columns 128 to 191 of 224]
1245.713 1245.171 1244.623 1244.075 1243.527 1242.976 1242.409 1241.843 1241.276 1240.71 1240.247 1239.844 1239.44 1239.037 1238.646 1238.426 1238.205 1237.985 1237.765 1237.45 1237.039 1236.628 1236.217 1235.806 1235.02 1234.203 1233.387 1232.571 1231.487 1229.923 1228.359 1226.794 1225.23 1224.439 1223.856 1223.273 1222.69 1222.551 1223.992 1225.433 1226.874 1228.315 1229.99 1231.792 1233.593 1235.395 1237.059 1237.144 1237.228 1237.313 1237.398 1236.817 1235.6 1234.383 1233.165 1231.948 1231.955 1232.039 1232.122 1232.205 1232.908 1234.655 1236.403 1238.15
1245.212 1244.683 1244.167 1243.651 1243.135 1242.619 1242.101 1241.583 1241.064 1240.546 1240.162 1239.854 1239.547 1239.24 1238.943 1238.787 1238.631 1238.475 1238.319 1238.118 1237.873 1237.628 1237.382 1237.137 1236.432 1235.69 1234.949 1234.208 1233.204 1231.731 1230.258 1228.784 1227.311 1226.737 1226.405 1226.073 1225.742 1225.856 1227.565 1229.273 1230.981 1232.689 1234.389 1236.084 1237.778 1239.473 1241.018 1240.841 1240.664 1240.486 1240.309 1239.494 1238.069 1236.643 1235.217 1233.791 1233.6 1233.486 1233.372 1233.257 1233.79 1235.415 1237.039 1238.664
1245.123 1244.615 1244.118 1243.621 1243.124 1242.64 1242.205 1241.771 1241.337 1240.902 1240.587 1240.34 1240.093 1239.846 1239.613 1239.566 1239.518 1239.471 1239.424 1239.341 1239.221 1239.101 1238.981 1238.861 1238.143 1237.377 1236.612 1235.846 1234.852 1233.447 1232.042 1230.637 1229.232 1228.814 1228.661 1228.509 1228.356 1228.625 1230.399 1232.172 1233.945 1235.719 1237.296 1238.767 1240.238 1241.709 1243.038 1242.738 1242.439 1242.139 1241.839 1240.956 1239.515 1238.074 1236.633 1235.192 1234.916 1234.712 1234.507 1234.303 1234.747 1236.285 1237.822 1239.36
1245.112 1244.628 1244.147 1243.666 1243.184 1242.731 1242.388 1242.044 1241.701 1241.357 1241.109 1240.916 1240.722 1240.529 1240.353 1240.423 1240.494 1240.564 1240.635 1240.669 1240.667 1240.664 1240.661 1240.659 1239.91 1239.102 1238.293 1237.485 1236.486 1235.146 1233.805 1232.464 1231.123 1230.849 1230.862 1230.875 1230.888 1231.293 1233.093 1234.893 1236.693 1238.493 1239.919 1241.145 1242.37 1243.595 1244.691 1244.295 1243.899 1243.503 1243.107 1242.188 1240.769 1239.349 1237.929 1236.51 1236.169 1235.895 1235.621 1235.348 1235.718 1237.176 1238.633 1240.091
1245.101 1244.64 1244.175 1243.71 1243.245 1242.823 1242.571 1242.318 1242.065 1241.813 1241.631 1241.491 1241.352 1241.212 1241.093 1241.281 1241.469 1241.657 1241.845 1241.997 1242.112 1242.227 1242.342 1242.457 1241.677 1240.826 1239.975 1239.124 1238.121 1236.844 1235.567 1234.29 1233.014 1232.884 1233.063 1233.242 1233.42 1233.96 1235.787 1237.613 1239.44 1241.267 1242.543 1243.523 1244.502 1245.482 1246.343 1245.851 1245.359 1244.867 1244.375 1243.42 1242.022 1240.623 1239.225 1237.827 1237.422 1237.079 1236.736 1236.392 1236.69 1238.067 1239.444 1240.821
1245.09 1244.653 1244.203 1243.754 1243.305 1242.915 1242.753 1242.591 1242.43 1242.268 1242.154 1242.067 1241.981 1241.894 1241.833 1242.139 1242.444 1242.75 1243.056 1243.325 1243.558 1243.79 1244.023 1244.256 1243.444 1242.55 1241.657 1240.763 1239.755 1238.543 1237.33 1236.117 1234.905 1234.919 1235.264 1235.608 1235.953 1236.627 1238.481 1240.334 1242.187 1244.041 1245.167 1245.901 1246.634 1247.368 1247.996 1247.408 1246.819 1246.231 1245.643 1244.652 1243.275 1241.898 1240.521 1239.144 1238.675 1238.262 1237.85 1237.437 1237.661 1238.958 1240.255 1241.552
1245.101 1244.704 1244.294 1243.885 1243.475 1243.132 1243.05 1242.968 1242.887 1242.805 1242.755 1242.723 1242.692 1242.66 1242.659 1243.091 1243.524 1243.956 1244.389 1244.78 1245.13 1245.481 1245.831 1246.181 1245.352 1244.429 1243.507 1242.584 1241.568 1240.384 1239.2 1238.015 1236.831 1236.931 1237.376 1237.821 1238.266 1239.011 1240.824 1242.638 1244.451 1246.265 1247.238 1247.759 1248.28 1248.8 1249.228 1248.59 1247.952 1247.314 1246.676 1245.685 1244.358 1243.03 1241.702 1240.375 1239.848 1239.37 1238.893 1238.415 1238.562 1239.762 1240.962 1242.162
1245.163 1244.852 1244.538 1244.224 1243.911 1243.656 1243.627 1243.599 1243.571 1243.542 1243.549 1243.576 1243.604 1243.631 1243.694 1244.276 1244.858 1245.44 1246.022 1246.548 1247.016 1247.483 1247.951 1248.419 1247.603 1246.686 1245.769 1244.851 1243.818 1242.575 1241.332 1240.089 1238.846 1238.887 1239.273 1239.66 1240.046 1240.7 1242.31 1243.921 1245.531 1247.142 1247.957 1248.344 1248.731 1249.118 1249.428 1248.854 1248.28 1247.707 1247.133 1246.234 1245.024 1243.814 1242.603 1241.393 1240.823 1240.292 1239.761 1239.23 1239.292 1240.353 1241.414 1242.475
1245.225 1244.999 1244.782 1244.565 1244.347 1244.179 1244.204 1244.229 1244.255 1244.28 1244.343 1244.429 1244.515 1244.601 1244.73 1245.461 1246.193 1246.924 1247.656 1248.315 1248.901 1249.486 1250.071 1250.656 1249.854 1248.942 1248.03 1247.119 1246.067 1244.766 1243.464 1242.162 1240.86 1240.843 1241.17 1241.498 1241.825 1242.389 1243.796 1245.204 1246.611 1248.019 1248.676 1248.93 1249.183 1249.437 1249.629 1249.119 1248.609 1248.099 1247.59 1246.782 1245.69 1244.597 1243.505 1242.412 1241.798 1241.214 1240.629 1240.045 1240.021 1240.943 1241.865 1242.787
1245.288 1245.147 1245.026 1244.905 1244.783 1244.703 1244.781 1244.86 1244.938 1245.017 1245.138 1245.282 1245.427 1245.572 1245.765 1246.646 1247.527 1248.409 1249.29 1250.083 1250.785 1251.488 1252.191 1252.894 1252.105 1251.199 1250.292 1249.386 1248.317 1246.956 1245.596 1244.235 1242.875 1242.799 1243.067 1243.336 1243.604 1244.078 1245.282 1246.487 1247.691 1248.895 1249.395 1249.515 1249.635 1249.755 1249.829 1249.383 1248.938 1248.492 1248.047 1247.33 1246.355 1245.38 1244.406 1243.431 1242.773 1242.135 1241.498 1240.86 1240.751 1241.534 1242.317 1243.1
1245.35 1245.295 1245.27 1245.245 1245.219 1245.226 1245.358 1245.49 1245.622 1245.754 1245.932 1246.135 1246.339 1246.542 1246.8 1247.831 1248.862 1249.893 1250.924 1251.85 1252.67 1253.491 1254.311 1255.132 1254.356 1253.455 1252.554 1251.653 1250.567 1249.147 1247.728 1246.309 1244.889 1244.754 1244.964 1245.174 1245.384 1245.767 1246.768 1247.77 1248.771 1249.772 1250.114 1250.1 1250.087 1250.073 1250.03 1249.648 1249.266 1248.885 1248.504 1247.879 1247.021 1246.164 1245.307 1244.449 1243.748 1243.057 1242.366 1241.675 1241.48 1242.125 1242.769 1243.413
1245.632 1245.631 1245.667 1245.703 1245.738 1245.796 1245.942 1246.088 1246.234 1246.38 1246.67 1247.043 1247.416 1247.789 1248.222 1249.521 1250.82 1252.119 1253.418 1254.508 1255.387 1256.266 1257.145 1258.023 1257.093 1256.019 1254.946 1253.872 1252.651 1251.165 1249.679 1248.193 1246.707 1246.474 1246.578 1246.682 1246.785 1247.045 1247.863 1248.681 1249.499 1250.317 1250.539 1250.439 1250.339 1250.239 1250.118 1249.753 1249.388 1249.024 1248.659 1248.078 1247.291 1246.504 1245.716 1244.929 1244.271 1243.621 1242.972 1242.322 1242.108 1242.629 1243.15 1243.671
1245.991 1246.035 1246.119 1246.202 1246.286 1246.382 1246.528 1246.674 1246.82 1246.966 1247.388 1247.969 1248.551 1249.132 1249.781 1251.39 1252.999 1254.607 1256.216 1257.481 1258.397 1259.314 1260.23 1261.146 1260.0 1258.691 1257.383 1256.074 1254.677 1253.122 1251.566 1250.011 1248.455 1248.111 1248.092 1248.072 1248.053 1248.179 1248.82 1249.462 1250.104 1250.745 1250.86 1250.691 1250.521 1250.352 1250.167 1249.802 1249.437 1249.073 1248.708 1248.154 1247.421 1246.687 1245.953 1245.219 1244.635 1244.06 1243.485 1242.91 1242.699 1243.102 1243.506 1243.909
1246.35 1246.438 1246.57 1246.702 1246.834 1246.968 1247.114 1247.26 1247.406 1247.552 1248.107 1248.896 1249.686 1250.476 1251.339 1253.258 1255.177 1257.096 1259.015 1260.454 1261.408 1262.361 1263.315 1264.269 1262.907 1261.363 1259.82 1258.276 1256.703 1255.078 1253.453 1251.828 1250.203 1249.748 1249.605 1249.463 1249.321 1249.312 1249.777 1250.243 1250.708 1251.173 1251.181 1250.942 1250.703 1250.465 1250.216 1249.851 1249.486 1249.121 1248.756 1248.23 1247.55 1246.87 1246.189 1245.509 1244.998 1244.498 1243.998 1243.497 1243.29 1243.576 1243.862 1244.148
1246.709 1246.842 1247.022 1247.202 1247.381 1247.554 1247.7 1247.846 1247.992 1248.138 1248.825 1249.823 1250.821 1251.819 1252.898 1255.127 1257.355 1259.584 1261.813 1263.427 1264.418 1265.409 1266.4 1267.391 1265.814 1264.036 1262.257 1260.478 1258.729 1257.035 1255.341 1253.646 1251.952 1251.384 1251.119 1250.854 1250.589 1250.445 1250.734 1251.023 1251.313 1251.601 1251.502 1251.194 1250.886 1250.577 1250.264 1249.9 1249.535 1249.17 1248.805 1248.307 1247.68 1247.053 1246.426 1245.799 1245.362 1244.936 1244.511 1244.085 1243.881 1244.049 1244.218 1244.386
1247.067 1247.245 1247.471 1247.698 1247.925 1248.144 1248.331 1248.518 1248.706 1248.893 1249.727 1250.932 1252.138 1253.343 1254.634 1257.149 1259.663 1262.178 1264.692 1266.474 1267.513 1268.551 1269.589 1270.628 1268.853 1266.856 1264.859 1262.862 1260.951 1259.194 1257.438 1255.681 1253.924 1253.217 1252.792 1252.367 1251.941 1251.627 1251.706 1251.786 1251.865 1251.945 1251.735 1251.371 1251.006 1250.641 1250.276 1249.912 1249.547 1249.182 1248.817 1248.347 1247.776 1247.204 1246.632 1246.061 1245.69 1245.331 1244.972 1244.614 1244.418 1244.498 1244.578 1244.658
1247.424 1247.644 1247.914 1248.183 1248.453 1248.75 1249.157 1249.563 1249.969 1250.376 1251.418 1252.827 1254.235 1255.644 1257.137 1259.833 1262.529 1265.225 1267.921 1269.84 1270.969 1272.098 1273.228 1274.357 1272.455 1270.314 1268.172 1266.031 1264.016 1262.227 1260.439 1258.65 1256.861 1255.894 1255.148 1254.403 1253.657 1253.015 1252.741 1252.468 1252.195 1251.922 1251.589 1251.224 1250.859 1250.495 1250.13 1249.765 1249.401 1249.036 1248.671 1248.233 1247.726 1247.219 1246.711 1246.204 1245.867 1245.54 1245.213 1244.887 1244.725 1244.843 1244.96 1245.078
1247.78 1248.043 1248.356 1248.668 1248.98 1249.357 1249.982 1250.608 1251.233 1251.858 1253.11 1254.721 1256.333 1257.944 1259.639 1262.517 1265.395 1268.273 1271.151 1273.205 1274.426 1275.646 1276.866 1278.086 1276.057 1273.771 1271.486 1269.201 1267.081 1265.26 1263.439 1261.619 1259.798 1258.571 1257.505 1256.439 1255.372 1254.402 1253.776 1253.15 1252.525 1251.899 1251.442 1251.078 1250.713 1250.348 1249.984 1249.619 1249.254 1248.889 1248.524 1248.12 1247.676 1247.233 1246.79 1246.347 1246.043 1245.749 1245.454 1245.16 1245.032 1245.187 1245.342 1245.497
1248.137 1248.443 1248.798 1249.153 1249.508 1249.963 1250.808 1251.652 1252.497 1253.341 1254.802 1256.616 1258.431 1260.245 1262.142 1265.201 1268.261 1271.32 1274.38 1276.571 1277.882 1279.193 1280.504 1281.815 1279.659 1277.229 1274.799 1272.37 1270.146 1268.293 1266.44 1264.587 1262.734 1261.249 1259.862 1258.475 1257.088 1255.79 1254.811 1253.833 1252.854 1251.876 1251.296 1250.931 1250.567 1250.202 1249.837 1249.472 1249.108 1248.743 1248.378 1248.006 1247.627 1247.248 1246.868 1246.489 1246.22 1245.957 1245.695 1245.432 1245.339 1245.531 1245.724 1245.916
1248.494 1248.842 1249.24 1249.638 1250.036 1250.569 1251.633 1252.697 1253.76 1254.824 1256.493 1258.511 1260.528 1262.546 1264.644 1267.885 1271.126 1274.368 1277.609 1279.937 1281.339 1282.741 1284.142 1285.544 1283.26 1280.687 1278.113 1275.539 1273.211 1271.326 1269.441 1267.556 1265.671 1263.926 1262.218 1260.511 1258.803 1257.178 1255.846 1254.515 1253.184 1251.853 1251.149 1250.785 1250.42 1250.055 1249.691 1249.326 1248.961 1248.596 1248.231 1247.892 1247.577 1247.262 1246.947 1246.632 1246.397 1246.166 1245.936 1245.705 1245.646 1245.876 1246.105 1246.335
1248.851 1249.31 1249.839 1250.368 1250.897 1251.579 1252.855 1254.131 1255.407 1256.683 1258.539 1260.729 1262.919 1265.109 1267.371 1270.661 1273.951 1277.241 1280.531 1282.871 1284.248 1285.625 1287.002 1288.379 1286.133 1283.602 1281.072 1278.541 1276.188 1274.155 1272.122 1270.089 1268.056 1265.99 1263.913 1261.837 1259.761 1257.803 1256.262 1254.721 1253.18 1251.64 1250.878 1250.537 1250.197 1249.856 1249.514 1249.167 1248.819 1248.471 1248.123 1247.815 1247.543 1247.272 1247.001 1246.729 1246.53 1246.335 1246.14 1245.945 1245.913 1246.156 1246.399 1246.642
1249.209 1249.817 1250.527 1251.238 1251.949 1252.818 1254.302 1255.787 1257.271 1258.755 1260.786 1263.131 1265.476 1267.821 1270.226 1273.489 1276.753 1280.016 1283.279 1285.561 1286.847 1288.133 1289.419 1290.705 1288.591 1286.21 1283.829 1281.448 1279.115 1276.868 1274.621 1272.375 1270.128 1267.704 1265.233 1262.761 1260.29 1257.994 1256.325 1254.656 1252.987 1251.318 1250.536 1250.233 1249.929 1249.626 1249.321 1249.0 1248.679 1248.358 1248.037 1247.758 1247.518 1247.279 1247.04 1246.801 1246.638 1246.481 1246.323 1246.166 1246.157 1246.4 1246.643 1246.887
1249.566 1250.323 1251.216 1252.108 1253.001 1254.057 1255.75 1257.442 1259.135 1260.828 1263.033 1265.533 1268.033 1270.533 1273.081 1276.318 1279.554 1282.791 1286.027 1288.25 1289.445 1290.641 1291.836 1293.031 1291.049 1288.818 1286.586 1284.355 1282.041 1279.581 1277.121 1274.66 1272.2 1269.419 1266.552 1263.685 1260.818 1258.186 1256.389 1254.591 1252.794 1250.997 1250.194 1249.928 1249.662 1249.396 1249.128 1248.834 1248.539 1248.245 1247.951 1247.701 1247.494 1247.286 1247.079 1246.872 1246.747 1246.627 1246.506 1246.386 1246.401 1246.644 1246.888 1247.131
1249.924 1250.83 1251.904 1252.979 1254.053 1255.296 1257.197 1259.098 1260.999 1262.9 1265.28 1267.935 1270.59 1273.245 1275.936 1279.146 1282.356 1285.565 1288.775 1290.94 1292.044 1293.148 1294.253 1295.357 1293.508 1291.426 1289.344 1287.262 1284.968 1282.294 1279.62 1276.946 1274.272 1271.134 1267.872 1264.609 1261.347 1258.377 1256.452 1254.526 1252.601 1250.676 1249.853 1249.624 1249.395 1249.167 1248.935 1248.667 1248.4 1248.132 1247.864 1247.644 1247.469 1247.294 1247.119 1246.943 1246.855 1246.772 1246.69 1246.607 1246.645 1246.889 1247.132 1247.375
1250.245 1251.282 1252.517 1253.751 1254.986 1256.401 1258.517 1260.634 1262.751 1264.868 1267.43 1270.249 1273.067 1275.885 1278.726 1281.888 1285.05 1288.212 1291.375 1293.467 1294.474 1295.482 1296.489 1297.497 1295.777 1293.842 1291.908 1289.973 1287.703 1284.83 1281.957 1279.084 1276.211 1272.745 1269.12 1265.494 1261.869 1258.59 1256.545 1254.499 1252.454 1250.409 1249.563 1249.364 1249.164 1248.965 1248.763 1248.52 1248.277 1248.034 1247.792 1247.598 1247.45 1247.303 1247.156 1247.009 1246.958 1246.913 1246.868 1246.823 1246.885 1247.126 1247.367 1247.609
1250.183 1251.159 1252.33 1253.5 1254.671 1256.094 1258.505 1260.916 1263.327 1265.738 1268.567 1271.636 1274.705 1277.774 1280.832 1283.727 1286.622 1289.517 1292.412 1294.291 1295.138 1295.985 1296.832 1297.679 1296.062 1294.25 1292.438 1290.626 1288.42 1285.504 1282.588 1279.673 1276.757 1273.265 1269.619 1265.972 1262.325 1259.022 1256.945 1254.868 1252.79 1250.713 1249.821 1249.568 1249.316 1249.063 1248.812 1248.574 1248.337 1248.1 1247.862 1247.663 1247.5 1247.336 1247.173 1247.01 1246.998 1246.996 1246.994 1246.991 1247.072 1247.292 1247.512 1247.732
1250.121 1251.036 1252.143 1253.249 1254.355 1255.788 1258.493 1261.198 1263.902 1266.607 1269.703 1273.023 1276.344 1279.664 1282.939 1285.567 1288.195 1290.823 1293.451 1295.115 1295.802 1296.488 1297.175 1297.862 1296.347 1294.658 1292.969 1291.28 1289.137 1286.179 1283.22 1280.262 1277.303 1273.785 1270.117 1266.45 1262.782 1259.455 1257.346 1255.236 1253.127 1251.017 1250.079 1249.773 1249.467 1249.161 1248.861 1248.629 1248.397 1248.165 1247.933 1247.728 1247.548 1247.369 1247.19 1247.01 1247.038 1247.079 1247.119 1247.16 1247.259 1247.458 1247.656 1247.855
1250.058 1250.914 1251.956 1252.998 1254.04 1255.482 1258.481 1261.479 1264.478 1267.476 1270.839 1274.411 1277.982 1281.554 1285.046 1287.406 1289.767 1292.128 1294.489 1295.939 1296.465 1296.992 1297.518 1298.045 1296.631 1295.066 1293.5 1291.934 1289.854 1286.853 1283.852 1280.851 1277.849 1274.306 1270.616 1266.927 1263.238 1259.887 1257.746 1255.604 1253.463 1251.321 1250.338 1249.978 1249.619 1249.259 1248.91 1248.684 1248.457 1248.23 1248.004 1247.793 1247.598 1247.402 1247.207 1247.011 1247.078 1247.162 1247.245 1247.328 1247.447 1247.624 1247.801 1247.978
