data/zism_data/00682_03_D.txt
ncols         224
nrows         224
[rows 28 to 55 of 224, columns 63 to 125 of 224]
1400.162 1400.118 1400.075 1400.031 1400.0 1400.0 1400.0 1400.0 1400.0 1400.063 1400.15 1400.236 1400.323 1400.408 1400.481 1400.554 1400.627 1400.701 1400.71 1400.68 1400.65 1400.62 1400.583 1400.453 1400.323 1400.192 1400.062 1399.673 1399.045 1398.418 1397.79 1397.163 1394.955 1392.699 1390.444 1388.189 1386.783 1386.55 1386.317 1386.083 1385.85 1387.054 1388.474 1389.894 1391.314 1392.084 1391.465 1390.847 1390.229 1389.61 1387.239 1384.339 1381.438 1378.538 1375.175 1370.149 1365.123 1360.097 1355.071 1349.597 1343.9 1338.202 1332.504
1400.222 1400.162 1400.103 1400.043 1400.0 1400.0 1400.0 1400.0 1400.0 1400.086 1400.205 1400.324 1400.443 1400.554 1400.627 1400.701 1400.774 1400.847 1400.866 1400.852 1400.839 1400.825 1400.799 1400.621 1400.442 1400.264 1400.085 1399.561 1398.719 1397.877 1397.035 1396.193 1393.28 1390.306 1387.331 1384.357 1382.521 1382.256 1381.99 1381.725 1381.459 1383.298 1385.453 1387.608 1389.763 1391.241 1391.272 1391.303 1391.333 1391.364 1389.465 1386.983 1384.501 1382.019 1378.929 1373.651 1368.373 1363.095 1357.816 1352.148 1346.284 1340.42 1334.556
1400.338 1400.253 1400.168 1400.083 1400.022 1400.027 1400.032 1400.036 1400.041 1400.151 1400.302 1400.452 1400.603 1400.739 1400.809 1400.879 1400.949 1401.02 1401.04 1401.03 1401.02 1401.009 1400.981 1400.722 1400.462 1400.203 1399.944 1399.229 1398.098 1396.967 1395.835 1394.704 1391.058 1387.337 1383.615 1379.894 1377.587 1377.231 1376.875 1376.519 1376.163 1378.58 1381.413 1384.247 1387.08 1389.209 1389.834 1390.459 1391.084 1391.708 1390.261 1388.188 1386.116 1384.043 1381.238 1375.8 1370.361 1364.922 1359.484 1353.717 1347.786 1341.855 1335.925
1400.784 1400.618 1400.453 1400.288 1400.178 1400.215 1400.252 1400.288 1400.325 1400.464 1400.641 1400.818 1400.995 1401.15 1401.199 1401.248 1401.296 1401.345 1401.314 1401.234 1401.154 1401.074 1400.961 1400.428 1399.895 1399.362 1398.829 1397.603 1395.742 1393.881 1392.02 1390.159 1385.606 1380.973 1376.339 1371.706 1368.688 1367.897 1367.107 1366.316 1365.525 1368.185 1371.361 1374.538 1377.715 1380.163 1381.056 1381.949 1382.842 1383.735 1382.622 1380.904 1379.185 1377.466 1375.022 1369.964 1364.906 1359.849 1354.791 1349.498 1344.088 1338.677 1333.267
1401.23 1400.984 1400.738 1400.492 1400.333 1400.402 1400.471 1400.54 1400.609 1400.776 1400.98 1401.184 1401.388 1401.562 1401.589 1401.616 1401.643 1401.671 1401.588 1401.438 1401.288 1401.139 1400.942 1400.135 1399.328 1398.522 1397.715 1395.977 1393.387 1390.796 1388.205 1385.614 1380.155 1374.609 1369.064 1363.518 1359.788 1358.563 1357.338 1356.113 1354.888 1357.789 1361.309 1364.829 1368.349 1371.117 1372.278 1373.44 1374.601 1375.762 1374.984 1373.619 1372.254 1370.89 1368.805 1364.128 1359.452 1354.775 1350.098 1345.279 1340.389 1335.499 1330.609
1401.676 1401.35 1401.024 1400.697 1400.489 1400.59 1400.691 1400.792 1400.894 1401.089 1401.32 1401.55 1401.781 1401.973 1401.979 1401.984 1401.99 1401.996 1401.862 1401.642 1401.423 1401.203 1400.922 1399.841 1398.761 1397.681 1396.601 1394.352 1391.031 1387.711 1384.39 1381.07 1374.703 1368.245 1361.788 1355.33 1350.889 1349.229 1347.57 1345.91 1344.25 1347.393 1351.256 1355.12 1358.983 1362.071 1363.5 1364.93 1366.36 1367.789 1367.344 1366.334 1365.324 1364.313 1362.588 1358.293 1353.997 1349.701 1345.405 1341.06 1336.691 1332.321 1327.952
1402.123 1401.716 1401.309 1400.902 1400.644 1400.777 1400.911 1401.044 1401.178 1401.401 1401.659 1401.917 1402.174 1402.384 1402.369 1402.353 1402.337 1402.322 1402.135 1401.846 1401.557 1401.268 1400.902 1399.548 1398.194 1396.84 1395.486 1392.726 1388.675 1384.625 1380.575 1376.525 1369.251 1361.882 1354.512 1347.142 1341.99 1339.895 1337.801 1335.707 1333.612 1336.997 1341.204 1345.411 1349.618 1353.025 1354.722 1356.42 1358.118 1359.816 1359.706 1359.049 1358.393 1357.736 1356.372 1352.457 1348.542 1344.627 1340.713 1336.841 1332.992 1329.143 1325.294
1403.089 1402.563 1402.037 1401.512 1401.17 1401.31 1401.45 1401.59 1401.73 1401.933 1402.16 1402.387 1402.615 1402.792 1402.736 1402.68 1402.624 1402.567 1402.34 1402.01 1401.68 1401.35 1400.935 1399.431 1397.928 1396.425 1394.922 1391.835 1387.298 1382.76 1378.223 1373.685 1365.908 1358.034 1350.161 1342.287 1336.622 1334.004 1331.386 1328.767 1326.149 1329.165 1333.027 1336.889 1340.75 1343.954 1345.751 1347.548 1349.345 1351.142 1351.28 1350.917 1350.555 1350.192 1349.156 1345.699 1342.241 1338.784 1335.327 1331.996 1328.728 1325.46 1322.192
1404.409 1403.739 1403.068 1402.398 1401.948 1402.077 1402.207 1402.336 1402.465 1402.615 1402.772 1402.93 1403.087 1403.198 1403.088 1402.978 1402.868 1402.758 1402.498 1402.146 1401.795 1401.443 1401.003 1399.436 1397.868 1396.301 1394.733 1391.448 1386.588 1381.729 1376.869 1372.01 1364.005 1355.906 1347.806 1339.707 1333.666 1330.463 1327.26 1324.057 1320.854 1323.085 1326.131 1329.177 1332.223 1334.866 1336.647 1338.428 1340.209 1341.99 1342.318 1342.208 1342.097 1341.986 1341.259 1338.311 1335.363 1332.416 1329.468 1326.722 1324.076 1321.43 1318.785
1405.73 1404.915 1404.1 1403.284 1402.726 1402.845 1402.964 1403.082 1403.201 1403.297 1403.385 1403.472 1403.56 1403.604 1403.44 1403.277 1403.113 1402.949 1402.655 1402.282 1401.909 1401.536 1401.072 1399.44 1397.808 1396.176 1394.544 1391.06 1385.879 1380.697 1375.516 1370.334 1362.101 1353.777 1345.452 1337.128 1330.71 1326.922 1323.135 1319.347 1315.559 1317.004 1319.235 1321.465 1323.696 1325.778 1327.543 1329.308 1331.073 1332.838 1333.356 1333.497 1333.639 1333.78 1333.361 1330.923 1328.485 1326.047 1323.609 1321.448 1319.425 1317.401 1315.378
1407.051 1406.091 1405.131 1404.171 1403.505 1403.613 1403.72 1403.828 1403.936 1403.979 1403.997 1404.015 1404.033 1404.01 1403.792 1403.575 1403.358 1403.141 1402.813 1402.418 1402.024 1401.629 1401.14 1399.444 1397.748 1396.051 1394.355 1390.672 1385.169 1379.666 1374.162 1368.659 1360.198 1351.648 1343.098 1334.548 1327.754 1323.382 1319.009 1314.636 1310.264 1310.924 1312.339 1313.754 1315.169 1316.69 1318.439 1320.188 1321.937 1323.686 1324.394 1324.787 1325.181 1325.575 1325.464 1323.535 1321.607 1319.679 1317.751 1316.174 1314.773 1313.372 1311.971
1408.409 1407.304 1406.199 1405.094 1404.318 1404.407 1404.496 1404.585 1404.674 1404.661 1404.609 1404.557 1404.505 1404.416 1404.146 1403.877 1403.607 1403.338 1402.976 1402.56 1402.143 1401.726 1401.213 1399.467 1397.721 1395.975 1394.229 1390.372 1384.579 1378.786 1372.993 1367.2 1358.525 1349.764 1341.003 1332.241 1325.085 1320.142 1315.199 1310.256 1305.313 1305.193 1305.795 1306.398 1307.001 1307.957 1309.668 1311.379 1313.089 1314.8 1315.678 1316.305 1316.931 1317.558 1317.738 1316.31 1314.881 1313.453 1312.025 1311.019 1310.225 1309.43 1308.636
1410.585 1409.335 1408.085 1406.835 1405.899 1405.79 1405.68 1405.571 1405.461 1405.343 1405.221 1405.1 1404.978 1404.827 1404.536 1404.245 1403.954 1403.663 1403.27 1402.816 1402.362 1401.907 1401.379 1399.907 1398.435 1396.962 1395.49 1391.984 1386.615 1381.246 1375.877 1370.508 1361.934 1353.264 1344.594 1335.924 1328.714 1323.519 1318.324 1313.129 1307.934 1307.141 1307.009 1306.877 1306.745 1307.033 1308.218 1309.402 1310.587 1311.772 1312.384 1312.823 1313.262 1313.701 1313.796 1312.652 1311.508 1310.364 1309.22 1308.481 1307.944 1307.407 1306.87
1412.76 1411.365 1409.97 1408.576 1407.48 1407.172 1406.864 1406.556 1406.248 1406.025 1405.833 1405.642 1405.451 1405.238 1404.926 1404.613 1404.301 1403.989 1403.564 1403.073 1402.581 1402.089 1401.546 1400.347 1399.148 1397.95 1396.751 1393.597 1388.652 1383.707 1378.762 1373.817 1365.343 1356.765 1348.186 1339.607 1332.344 1326.897 1321.45 1316.002 1310.555 1309.09 1308.223 1307.356 1306.489 1306.108 1306.767 1307.426 1308.085 1308.744 1309.09 1309.341 1309.592 1309.843 1309.853 1308.994 1308.134 1307.275 1306.415 1305.942 1305.663 1305.383 1305.104
1414.936 1413.396 1411.856 1410.317 1409.061 1408.555 1408.048 1407.542 1407.035 1406.707 1406.446 1406.185 1405.923 1405.65 1405.316 1404.982 1404.648 1404.314 1403.858 1403.329 1402.8 1402.27 1401.712 1400.787 1399.862 1398.937 1398.012 1395.21 1390.689 1386.168 1381.646 1377.125 1368.753 1360.265 1351.777 1343.29 1335.974 1330.275 1324.575 1318.876 1313.176 1311.039 1309.437 1307.835 1306.232 1305.183 1305.317 1305.45 1305.583 1305.717 1305.796 1305.859 1305.923 1305.986 1305.911 1305.335 1304.76 1304.185 1303.61 1303.404 1303.382 1303.36 1303.338
1417.111 1415.427 1413.742 1412.057 1410.643 1409.938 1409.233 1408.528 1407.823 1407.389 1407.058 1406.727 1406.396 1406.061 1405.706 1405.35 1404.995 1404.64 1404.152 1403.585 1403.018 1402.452 1401.878 1401.227 1400.575 1399.924 1399.272 1396.823 1392.726 1388.628 1384.531 1380.434 1372.162 1363.765 1355.369 1346.973 1339.604 1333.652 1327.7 1321.749 1315.797 1312.988 1310.651 1308.313 1305.976 1304.259 1303.866 1303.474 1303.081 1302.689 1302.502 1302.378 1302.253 1302.129 1301.968 1301.677 1301.386 1301.096 1300.805 1300.865 1301.101 1301.336 1301.572
1418.863 1416.944 1415.025 1413.105 1411.481 1410.633 1409.785 1408.937 1408.089 1407.586 1407.215 1406.843 1406.472 1406.1 1405.726 1405.351 1404.977 1404.603 1404.115 1403.558 1403.001 1402.444 1401.89 1401.372 1400.854 1400.336 1399.818 1397.566 1393.723 1389.88 1386.037 1382.195 1374.235 1366.151 1358.068 1349.985 1342.803 1336.864 1330.924 1324.985 1319.046 1315.857 1313.08 1310.304 1307.527 1305.38 1304.575 1303.77 1302.966 1302.161 1301.718 1301.385 1301.052 1300.718 1300.415 1300.221 1300.027 1299.833 1299.639 1299.762 1300.043 1300.325 1300.607
1420.18 1417.933 1415.687 1413.44 1411.555 1410.621 1409.687 1408.754 1407.82 1407.286 1406.903 1406.521 1406.139 1405.755 1405.365 1404.975 1404.584 1404.194 1403.737 1403.239 1402.741 1402.243 1401.743 1401.214 1400.686 1400.157 1399.628 1397.412 1393.65 1389.888 1386.126 1382.363 1374.932 1367.391 1359.849 1352.308 1345.56 1339.905 1334.25 1328.595 1322.94 1319.671 1316.76 1313.85 1310.939 1308.606 1307.506 1306.407 1305.307 1304.207 1303.519 1302.955 1302.391 1301.827 1301.322 1301.031 1300.74 1300.45 1300.159 1300.136 1300.246 1300.355 1300.465
1421.497 1418.923 1416.349 1413.775 1411.629 1410.609 1409.59 1408.57 1407.55 1406.985 1406.592 1406.199 1405.806 1405.411 1405.004 1404.598 1404.191 1403.785 1403.358 1402.92 1402.481 1402.042 1401.596 1401.056 1400.517 1399.977 1399.438 1397.259 1393.577 1389.895 1386.214 1382.532 1375.629 1368.63 1361.63 1354.631 1348.316 1342.945 1337.575 1332.204 1326.833 1323.485 1320.441 1317.396 1314.351 1311.833 1310.438 1309.043 1307.648 1306.253 1305.319 1304.525 1303.73 1302.935 1302.229 1301.841 1301.454 1301.067 1300.68 1300.509 1300.448 1300.386 1300.324
1422.813 1419.912 1417.011 1414.11 1411.703 1410.598 1409.492 1408.387 1407.281 1406.684 1406.28 1405.877 1405.473 1405.066 1404.644 1404.221 1403.799 1403.376 1402.98 1402.6 1402.22 1401.841 1401.448 1400.898 1400.348 1399.798 1399.248 1397.106 1393.504 1389.903 1386.302 1382.701 1376.326 1369.869 1363.411 1356.954 1351.073 1345.986 1340.9 1335.814 1330.727 1327.3 1324.121 1320.942 1317.763 1315.059 1313.369 1311.679 1309.99 1308.3 1307.12 1306.094 1305.069 1304.043 1303.136 1302.652 1302.168 1301.684 1301.2 1300.883 1300.65 1300.417 1300.183
1424.13 1420.902 1417.673 1414.445 1411.777 1410.586 1409.394 1408.203 1407.012 1406.383 1405.969 1405.554 1405.14 1404.721 1404.283 1403.844 1403.406 1402.967 1402.602 1402.281 1401.96 1401.639 1401.301 1400.74 1400.179 1399.618 1399.057 1396.952 1393.431 1389.911 1386.39 1382.869 1377.023 1371.108 1365.192 1359.276 1353.829 1349.027 1344.225 1339.423 1334.621 1331.114 1327.801 1324.488 1321.175 1318.286 1316.301 1314.316 1312.331 1310.346 1308.921 1307.664 1306.408 1305.152 1304.042 1303.462 1302.882 1302.301 1301.721 1301.257 1300.852 1300.447 1300.042
1423.979 1420.428 1416.878 1413.327 1410.44 1409.299 1408.158 1407.017 1405.877 1405.317 1404.978 1404.638 1404.299 1403.927 1403.402 1402.877 1402.351 1401.826 1401.323 1400.833 1400.344 1399.855 1399.342 1398.523 1397.703 1396.884 1396.065 1393.751 1390.068 1386.385 1382.703 1379.02 1373.553 1368.033 1362.512 1356.992 1351.915 1347.448 1342.98 1338.514 1334.047 1330.871 1327.889 1324.906 1321.924 1319.263 1317.286 1315.309 1313.332 1311.355 1309.891 1308.581 1307.271 1305.961 1304.797 1304.16 1303.524 1302.887 1302.251 1301.732 1301.271 1300.81 1300.35
1423.738 1419.865 1415.992 1412.12 1409.015 1407.934 1406.852 1405.77 1404.688 1404.203 1403.944 1403.686 1403.427 1403.106 1402.489 1401.873 1401.256 1400.639 1399.988 1399.317 1398.645 1397.973 1397.271 1396.178 1395.085 1393.992 1392.9 1390.363 1386.503 1382.643 1378.783 1374.923 1369.826 1364.692 1359.558 1354.424 1349.713 1345.584 1341.455 1337.326 1333.197 1330.378 1327.755 1325.132 1322.51 1320.101 1318.151 1316.202 1314.251 1312.302 1310.81 1309.457 1308.104 1306.751 1305.542 1304.852 1304.162 1303.472 1302.781 1302.212 1301.703 1301.194 1300.686
1423.496 1419.302 1415.107 1410.912 1407.591 1406.568 1405.546 1404.523 1403.5 1403.089 1402.911 1402.733 1402.555 1402.284 1401.576 1400.869 1400.161 1399.453 1398.654 1397.8 1396.946 1396.092 1395.2 1393.834 1392.467 1391.101 1389.734 1386.974 1382.938 1378.901 1374.864 1370.827 1366.099 1361.352 1356.604 1351.856 1347.511 1343.72 1339.929 1336.138 1332.347 1329.884 1327.621 1325.358 1323.095 1320.94 1319.017 1317.094 1315.171 1313.248 1311.729 1310.333 1308.938 1307.542 1306.287 1305.544 1304.8 1304.056 1303.312 1302.693 1302.135 1301.578 1301.021
1423.255 1418.738 1414.222 1409.705 1406.167 1405.203 1404.24 1403.276 1402.312 1401.976 1401.878 1401.78 1401.682 1401.463 1400.664 1399.865 1399.065 1398.266 1397.319 1396.283 1395.246 1394.21 1393.13 1391.49 1389.849 1388.209 1386.569 1383.586 1379.372 1375.158 1370.944 1366.73 1362.373 1358.011 1353.65 1349.289 1345.309 1341.856 1338.403 1334.95 1331.497 1329.391 1327.488 1325.584 1323.68 1321.779 1319.883 1317.986 1316.09 1314.193 1312.649 1311.21 1309.771 1308.332 1307.033 1306.235 1305.438 1304.64 1303.843 1303.173 1302.568 1301.962 1301.357
1423.498 1418.806 1414.115 1409.423 1405.738 1404.701 1403.664 1402.627 1401.59 1401.186 1401.021 1400.857 1400.693 1400.381 1399.367 1398.352 1397.338 1396.324 1395.108 1393.769 1392.431 1391.092 1389.705 1387.701 1385.697 1383.693 1381.689 1378.476 1374.154 1369.832 1365.51 1361.188 1357.242 1353.307 1349.372 1345.437 1341.85 1338.743 1335.636 1332.53 1329.423 1327.657 1326.092 1324.526 1322.961 1321.321 1319.521 1317.721 1315.921 1314.12 1312.626 1311.224 1309.822 1308.42 1307.15 1306.353 1305.556 1304.76 1303.963 1303.302 1302.71 1302.117 1301.524
1424.494 1419.856 1415.219 1410.581 1406.857 1405.542 1404.226 1402.91 1401.594 1400.899 1400.439 1399.98 1399.521 1398.894 1397.472 1396.05 1394.628 1393.206 1391.532 1389.705 1387.878 1386.051 1384.175 1381.667 1379.158 1376.65 1374.141 1370.687 1366.365 1362.043 1357.722 1353.4 1349.927 1346.48 1343.033 1339.587 1336.434 1333.687 1330.939 1328.192 1325.445 1323.992 1322.732 1321.473 1320.214 1318.847 1317.25 1315.654 1314.058 1312.462 1311.138 1309.897 1308.656 1307.415 1306.289 1305.579 1304.868 1304.157 1303.446 1302.886 1302.4 1301.915 1301.429
1425.491 1420.906 1416.322 1411.738 1407.977 1406.382 1404.787 1403.192 1401.597 1400.611 1399.857 1399.103 1398.348 1397.407 1395.577 1393.747 1391.917 1390.088 1387.956 1385.641 1383.325 1381.01 1378.645 1375.632 1372.619 1369.607 1366.594 1362.898 1358.576 1354.255 1349.933 1345.611 1342.613 1339.654 1336.695 1333.737 1331.018 1328.63 1326.242 1323.855 1321.467 1320.327 1319.373 1318.42 1317.466 1316.373 1314.98 1313.588 1312.195 1310.803 1309.65 1308.57 1307.49 1306.41 1305.429 1304.804 1304.179 1303.554 1302.929 1302.469 1302.091 1301.713 1301.334
